0 0 0.966767 0.017690 0.003249 0.000040 0.012255
0 0 0.959101 0.019619 0.004982 0.000140 0.016158
0 0 0.944731 0.028084 0.006970 0.000186 0.020028
0 0 0.958196 0.019288 0.005368 0.000191 0.016958
0 0 0.951601 0.023455 0.006186 0.000192 0.018567
0 0 0.944728 0.025886 0.007697 0.000325 0.021364
0 0 0.953883 0.020098 0.006498 0.000338 0.019183
0 0 0.909159 0.047260 0.013153 0.000475 0.029952
0 0 0.938505 0.028305 0.009044 0.000459 0.023687
0 0 0.932085 0.032040 0.010055 0.000489 0.025331
0 0 0.814985 0.106588 0.030946 0.001027 0.046454
0 0 0.819984 0.104334 0.027700 0.000904 0.047079
0 0 0.868696 0.071292 0.020248 0.000772 0.038993
0 0 0.870098 0.059291 0.039607 0.002068 0.028936
0 0 0.641748 0.251735 0.050831 0.000571 0.055114
0 0 0.866972 0.072742 0.020338 0.000751 0.039197
0 0 0.600214 0.282929 0.052142 0.000690 0.064025
0 0 0.508936 0.319421 0.100671 0.001129 0.069843
1 0 0.357700 0.503089 0.072311 0.000520 0.066381
0 0 0.727173 0.121314 0.104649 0.005988 0.040876
0 0 0.814794 0.092329 0.043472 0.002426 0.046979
0 0 0.690167 0.177506 0.067395 0.002966 0.061966
0 0 0.518744 0.330734 0.073071 0.001541 0.075909
0 0 0.642257 0.231993 0.055818 0.001446 0.068487
0 0 0.639058 0.198650 0.091480 0.004089 0.066724
1 1 0.069828 0.447957 0.377917 0.001526 0.102772
1 1 0.064295 0.433731 0.373628 0.002416 0.125930
2 1 0.039158 0.352349 0.495688 0.006243 0.106562
1 1 0.058573 0.412115 0.386097 0.003617 0.139598
2 1 0.030339 0.331245 0.505049 0.010585 0.122783
2 2 0.017801 0.178071 0.542822 0.074809 0.186497
2 2 0.018599 0.285715 0.510132 0.013596 0.171959
2 2 0.015076 0.263948 0.495001 0.032454 0.193521
2 2 0.015069 0.275526 0.431039 0.026899 0.251466
2 2 0.019445 0.285660 0.570749 0.011298 0.112848
2 2 0.057874 0.356416 0.458680 0.034190 0.092839
2 2 0.015087 0.176764 0.526691 0.161620 0.119838
2 2 0.016304 0.172931 0.597076 0.131068 0.082621
2 2 0.014264 0.199636 0.604403 0.102865 0.078833
2 2 0.019860 0.088586 0.517894 0.200618 0.173042
2 2 0.004900 0.048913 0.520340 0.416106 0.009741
2 2 0.001619 0.018729 0.535041 0.437476 0.007136
2 2 0.009671 0.075016 0.519861 0.386000 0.009452
3 2 0.002592 0.032300 0.431987 0.525724 0.007397
3 2 0.001369 0.009325 0.458033 0.526611 0.004662
3 2 0.000332 0.006190 0.475634 0.515119 0.002726
3 2 0.000165 0.003918 0.361536 0.633772 0.000608
3 2 0.000330 0.007957 0.388190 0.601348 0.002174
3 2 0.000294 0.004031 0.446512 0.547974 0.001189
3 2 0.000387 0.003924 0.347789 0.646978 0.000922
3 2 0.000029 0.000275 0.106625 0.893047 0.000024
3 2 0.000025 0.000236 0.107400 0.892320 0.000020
3 3 0.000022 0.000150 0.078556 0.921257 0.000015
3 3 0.000020 0.000223 0.099963 0.899776 0.000019
3 3 0.000028 0.000156 0.072309 0.927488 0.000019
3 3 0.000024 0.000138 0.054045 0.945770 0.000024
3 3 0.000030 0.000168 0.053425 0.946351 0.000027
3 3 0.000022 0.000076 0.035838 0.964050 0.000015
3 3 0.000016 0.000103 0.051127 0.948740 0.000014
3 3 0.000016 0.000108 0.049688 0.950173 0.000015
3 3 0.000020 0.000148 0.045924 0.953884 0.000024
3 3 0.000033 0.000332 0.077293 0.922288 0.000053
3 3 0.000020 0.000115 0.040934 0.958911 0.000020
3 3 0.000015 0.000174 0.054503 0.945281 0.000028
3 3 0.000014 0.000089 0.034713 0.965167 0.000016
3 3 0.000014 0.000126 0.032406 0.967430 0.000024
3 3 0.000019 0.000113 0.028217 0.971623 0.000029
3 3 0.000016 0.000116 0.030358 0.969476 0.000034
3 3 0.000014 0.000119 0.030035 0.969809 0.000024
3 3 0.000023 0.000276 0.051624 0.948015 0.000062
3 3 0.000025 0.000117 0.033685 0.966148 0.000026
3 3 0.000020 0.000077 0.034638 0.965247 0.000018
3 3 0.000021 0.000090 0.033943 0.965928 0.000018
3 3 0.000019 0.000059 0.024929 0.974978 0.000015
3 3 0.000011 0.000056 0.026435 0.973486 0.000012
3 3 0.000035 0.000101 0.024483 0.975347 0.000034
3 3 0.000043 0.000125 0.028012 0.971782 0.000039
3 3 0.000034 0.000120 0.033194 0.966618 0.000034
3 3 0.000041 0.000159 0.025859 0.973888 0.000053
3 3 0.000068 0.000333 0.063983 0.935516 0.000101
3 3 0.000056 0.000131 0.023057 0.976686 0.000070
3 3 0.000034 0.000073 0.014874 0.984984 0.000035
3 3 0.000122 0.000221 0.025183 0.974333 0.000141
3 3 0.000071 0.000131 0.018599 0.981128 0.000071
3 3 0.000085 0.000305 0.034645 0.964807 0.000158
3 3 0.000082 0.000135 0.029534 0.970177 0.000072
3 3 0.000137 0.000260 0.026034 0.973440 0.000128
3 3 0.000066 0.000095 0.015699 0.984081 0.000059
3 3 0.000050 0.000116 0.028049 0.971729 0.000056
3 3 0.000063 0.000173 0.025082 0.974586 0.000096
3 3 0.000025 0.000108 0.023191 0.976639 0.000038
3 3 0.000033 0.000132 0.023938 0.975853 0.000044
3 3 0.000030 0.000141 0.026273 0.973514 0.000042
3 3 0.000026 0.000115 0.031035 0.968787 0.000037
3 3 0.000031 0.000133 0.026352 0.973443 0.000040
3 3 0.000030 0.000203 0.038764 0.960941 0.000062
3 3 0.000045 0.000175 0.027531 0.972179 0.000070
3 3 0.000017 0.000097 0.022485 0.977372 0.000029
3 3 0.000024 0.000147 0.029665 0.970122 0.000042
3 3 0.000027 0.000153 0.026930 0.972840 0.000051
3 3 0.000065 0.000131 0.022352 0.977387 0.000065
3 3 0.000091 0.000132 0.020622 0.979088 0.000067
3 3 0.000043 0.000118 0.023018 0.976774 0.000047
3 3 0.000059 0.000099 0.019653 0.980136 0.000053
3 3 0.000070 0.000131 0.022091 0.977639 0.000069
3 3 0.000018 0.000195 0.047048 0.952687 0.000052
3 3 0.000016 0.000093 0.025673 0.974184 0.000034
3 3 0.000023 0.000175 0.027259 0.972472 0.000070
3 3 0.000018 0.000108 0.028104 0.971730 0.000041
3 3 0.000023 0.000173 0.035908 0.963836 0.000059
3 3 0.000311 0.000521 0.029673 0.969113 0.000381
3 3 0.000089 0.000214 0.035957 0.963619 0.000120
3 3 0.000147 0.000166 0.016135 0.983409 0.000142
3 3 0.000122 0.000179 0.017186 0.982387 0.000126
3 3 0.000160 0.000355 0.032408 0.966877 0.000200
3 3 0.000052 0.000132 0.019531 0.980217 0.000068
3 3 0.000052 0.000223 0.042874 0.956750 0.000102
3 3 0.000098 0.000184 0.020347 0.979255 0.000116
3 3 0.000077 0.000197 0.024997 0.974622 0.000107
3 3 0.000055 0.000088 0.015812 0.983992 0.000052
3 3 0.000031 0.000207 0.034241 0.965472 0.000050
3 3 0.000022 0.000103 0.042872 0.956977 0.000026
3 3 0.000010 0.000039 0.015704 0.984235 0.000012
3 3 0.000019 0.000055 0.020055 0.979854 0.000017
3 3 0.000026 0.000113 0.025817 0.974012 0.000032
3 3 0.000148 0.001031 0.185396 0.813301 0.000123
3 3 0.001123 0.001760 0.276808 0.720101 0.000209
2 2 0.003796 0.025043 0.676214 0.293429 0.001518
3 2 0.000977 0.015758 0.374738 0.607064 0.001462
3 2 0.000849 0.004465 0.350199 0.644087 0.000400
2 2 0.000104 0.004758 0.841287 0.153799 0.000053
2 2 0.000267 0.008815 0.823380 0.167395 0.000143
2 2 0.000022 0.001746 0.865007 0.133214 0.000010
2 2 0.000172 0.006624 0.832087 0.161027 0.000090
2 2 0.000028 0.002034 0.881612 0.116314 0.000012
2 2 0.000162 0.006462 0.824032 0.169254 0.000089
2 2 0.000260 0.009064 0.890637 0.099926 0.000112
2 2 0.000174 0.006751 0.848519 0.144468 0.000087
2 2 0.001350 0.006318 0.749101 0.243005 0.000227
2 2 0.000931 0.021614 0.917031 0.060088 0.000337
2 2 0.000014 0.001350 0.829798 0.168830 0.000008
2 2 0.000020 0.001633 0.866422 0.131916 0.000009
2 2 0.000034 0.002443 0.817038 0.180465 0.000021
2 2 0.000046 0.003162 0.762318 0.234437 0.000036
2 1 0.000015 0.000608 0.639492 0.359834 0.000051
2 1 0.001899 0.034597 0.907188 0.055637 0.000678
2 2 0.000127 0.005790 0.798754 0.195246 0.000083
2 2 0.000011 0.002068 0.754406 0.243319 0.000195
2 2 0.000032 0.002576 0.683632 0.313488 0.000272
2 2 0.000059 0.007525 0.803391 0.188624 0.000402
2 2 0.000060 0.007106 0.933658 0.058587 0.000589
2 2 0.000854 0.020572 0.925958 0.052324 0.000292
2 2 0.000528 0.028001 0.901527 0.067438 0.002506
2 2 0.000066 0.012353 0.928604 0.057464 0.001513
2 2 0.000194 0.009377 0.932301 0.057912 0.000216
2 2 0.004329 0.093618 0.869606 0.018259 0.014187
2 2 0.000380 0.043353 0.906453 0.035987 0.013827
2 2 0.000788 0.040970 0.945344 0.008258 0.004641
2 2 0.006437 0.156003 0.744232 0.037590 0.055737
2 2 0.001609 0.069855 0.882425 0.031033 0.015078
2 2 0.002516 0.087289 0.896698 0.001824 0.011674
2 2 0.014137 0.158927 0.798608 0.016289 0.012039
2 2 0.005073 0.105652 0.860380 0.013138 0.015756
2 2 0.001092 0.026209 0.955154 0.015753 0.001793
2 2 0.013049 0.162997 0.786964 0.017697 0.019293
2 2 0.009173 0.132678 0.839387 0.009288 0.009475
2 2 0.010414 0.152377 0.822527 0.004313 0.010369
2 2 0.030561 0.235696 0.680359 0.027142 0.026242
2 2 0.016649 0.178906 0.778928 0.011920 0.013597
2 2 0.005179 0.058194 0.904164 0.019918 0.012546
2 2 0.001873 0.045348 0.931874 0.019040 0.001865
2 2 0.000747 0.028635 0.943067 0.025679 0.001871
2 2 0.000041 0.007145 0.974019 0.018365 0.000429
2 2 0.000201 0.021922 0.949939 0.024960 0.002978
2 2 0.000668 0.021872 0.945409 0.031427 0.000625
2 2 0.002410 0.039807 0.883990 0.072828 0.000964
2 2 0.000073 0.008176 0.937922 0.053458 0.000370
2 2 0.000030 0.003895 0.929564 0.066416 0.000095
2 2 0.000042 0.004236 0.918013 0.077625 0.000084
2 2 0.000071 0.005038 0.930347 0.064459 0.000085
2 2 0.064883 0.068002 0.779402 0.079446 0.008267
2 1 0.072848 0.344824 0.560024 0.006857 0.015447
0 0 0.505116 0.190535 0.256313 0.011162 0.036874
0 0 0.364239 0.221132 0.364187 0.016358 0.034083
1 1 0.151659 0.474856 0.338767 0.003585 0.031133
2 2 0.013753 0.125090 0.819303 0.037290 0.004563
2 2 0.004423 0.061100 0.897347 0.035762 0.001368
2 2 0.008159 0.089399 0.854477 0.045134 0.002832
2 2 0.007673 0.090550 0.888216 0.011953 0.001608
2 2 0.005427 0.070652 0.896949 0.025485 0.001488
2 2 0.008334 0.089775 0.844429 0.054349 0.003112
2 2 0.001870 0.034514 0.896826 0.065999 0.000791
2 2 0.001716 0.033066 0.929236 0.035469 0.000514
2 2 0.006246 0.076132 0.878786 0.036855 0.001981
2 2 0.002728 0.047050 0.940921 0.008810 0.000491
2 2 0.002383 0.041405 0.928224 0.027336 0.000652
2 2 0.004490 0.063006 0.910223 0.021143 0.001139
2 2 0.008297 0.093750 0.877611 0.018297 0.002045
2 2 0.002393 0.040949 0.917945 0.037971 0.000742
2 2 0.001688 0.033740 0.948259 0.015940 0.000373
2 2 0.002501 0.041096 0.891888 0.063566 0.000949
2 2 0.005908 0.076754 0.904635 0.011498 0.001206
2 0 0.040086 0.246478 0.691317 0.012457 0.009662
2 1 0.056669 0.291235 0.611708 0.022489 0.017899
2 1 0.018174 0.151638 0.802961 0.022183 0.005044
2 2 0.018651 0.150508 0.785535 0.038887 0.006420
2 2 0.085698 0.376747 0.516364 0.004756 0.016434
0 0 0.650765 0.077903 0.231425 0.018306 0.021601
0 0 0.590890 0.091405 0.269033 0.024217 0.024455
0 0 0.614350 0.087518 0.241758 0.028810 0.027564
1 0 0.182081 0.515057 0.275808 0.001067 0.025987
1 1 0.116443 0.443282 0.422698 0.001545 0.016033
1 1 0.127924 0.446906 0.394960 0.004154 0.026056
2 1 0.072198 0.337198 0.559900 0.011935 0.018769
2 1 0.052517 0.281824 0.631829 0.018579 0.015251
2 2 0.000034 0.002313 0.858869 0.138768 0.000016
2 2 0.000008 0.000911 0.862561 0.136517 0.000004
2 2 0.000005 0.000716 0.905956 0.093320 0.000003
2 2 0.000002 0.000758 0.900427 0.098805 0.000008
2 2 0.000001 0.000614 0.805205 0.194173 0.000007
2 2 0.000035 0.002358 0.858436 0.139154 0.000017
2 2 0.000000 0.000291 0.828871 0.170835 0.000002
2 2 0.000007 0.001132 0.890902 0.107950 0.000008
2 2 0.000010 0.001069 0.870031 0.128886 0.000005
2 2 0.000014 0.001298 0.871143 0.127539 0.000006
2 2 0.000002 0.000476 0.685099 0.314420 0.000002
2 2 0.000004 0.000790 0.592861 0.406338 0.000007
2 2 0.000004 0.000686 0.716943 0.282363 0.000004
2 2 0.000001 0.000441 0.707003 0.292552 0.000003
2 2 0.000015 0.001581 0.750265 0.248126 0.000013
2 2 0.000001 0.000322 0.554074 0.445601 0.000002
3 2 0.000001 0.000283 0.490043 0.509671 0.000002
2 2 0.000002 0.000325 0.743115 0.256558 0.000001
3 2 0.000003 0.000160 0.366717 0.633118 0.000002
3 2 0.000002 0.000442 0.491662 0.507890 0.000003
3 2 0.000042 0.000887 0.360117 0.638925 0.000028
3 2 0.000089 0.000423 0.263244 0.736222 0.000022
3 2 0.000042 0.001377 0.461945 0.536602 0.000033
3 2 0.000038 0.001241 0.469969 0.528723 0.000028
3 2 0.000035 0.000683 0.320639 0.678620 0.000023
2 2 0.000004 0.000773 0.553595 0.445621 0.000007
3 2 0.000004 0.000615 0.479761 0.519614 0.000007
2 2 0.000004 0.000589 0.570365 0.429036 0.000007
3 2 0.000020 0.001542 0.454234 0.544174 0.000030
2 2 0.000004 0.000903 0.511072 0.488008 0.000014
2 2 0.000005 0.000722 0.584535 0.414725 0.000013
2 2 0.000013 0.001792 0.524338 0.473825 0.000032
2 2 0.000021 0.000595 0.559285 0.440088 0.000011
2 2 0.000074 0.003961 0.618392 0.377495 0.000079
2 2 0.000009 0.001256 0.685968 0.312738 0.000029
2 2 0.000004 0.000407 0.677662 0.321925 0.000003
2 2 0.000008 0.001707 0.770928 0.227327 0.000031
2 2 0.000003 0.001060 0.664118 0.334794 0.000025
2 2 0.000003 0.000759 0.766036 0.233195 0.000006
2 2 0.000001 0.000588 0.802068 0.197333 0.000010
2 2 0.000005 0.000514 0.587063 0.412404 0.000013
2 2 0.000004 0.000774 0.605530 0.393685 0.000007
2 2 0.000006 0.000919 0.602503 0.396551 0.000021
2 2 0.000004 0.000728 0.531212 0.468049 0.000007
2 2 0.000011 0.001683 0.607911 0.390369 0.000027
2 2 0.000005 0.000825 0.561152 0.438006 0.000012
2 2 0.000008 0.001095 0.700835 0.298040 0.000022
3 2 0.000007 0.000495 0.497277 0.502203 0.000017
3 2 0.000011 0.000597 0.446874 0.552504 0.000014
3 2 0.000019 0.000921 0.490752 0.508292 0.000016
3 2 0.000010 0.000394 0.353076 0.646507 0.000014
3 2 0.000009 0.000489 0.407803 0.591676 0.000022
3 2 0.000011 0.000575 0.369406 0.629986 0.000022
3 2 0.000015 0.000804 0.338667 0.660484 0.000030
3 2 0.000012 0.000274 0.297318 0.702388 0.000009
3 2 0.000019 0.000145 0.104884 0.894941 0.000011
3 2 0.000010 0.000121 0.096053 0.903807 0.000009
3 2 0.000008 0.000103 0.090529 0.909354 0.000007
3 3 0.000020 0.000119 0.058405 0.941441 0.000015
3 3 0.000023 0.000439 0.165057 0.834449 0.000031
3 3 0.000059 0.000590 0.231548 0.767730 0.000073
3 3 0.000071 0.000254 0.090119 0.909511 0.000045
3 3 0.000117 0.000841 0.165014 0.833922 0.000106
3 3 0.000142 0.000969 0.187336 0.811388 0.000165
3 3 0.000094 0.000686 0.139989 0.859137 0.000096
3 3 0.000051 0.000186 0.073773 0.925953 0.000037
3 3 0.000090 0.000490 0.101969 0.897346 0.000106
3 3 0.000057 0.000274 0.071377 0.928232 0.000061
3 3 0.000052 0.000355 0.074644 0.924887 0.000062
3 3 0.000050 0.000222 0.052446 0.947228 0.000054
3 3 0.000138 0.000250 0.040906 0.958606 0.000099
3 3 0.000119 0.000359 0.071129 0.928292 0.000101
3 3 0.000065 0.000164 0.031978 0.967735 0.000058
3 3 0.000076 0.000202 0.048356 0.951306 0.000059
3 3 0.000136 0.000296 0.047942 0.951530 0.000096
3 3 0.000317 0.000468 0.039888 0.959044 0.000283
3 3 0.000227 0.000832 0.085910 0.912692 0.000339
3 3 0.000131 0.000401 0.049935 0.949342 0.000192
3 3 0.000218 0.000465 0.048106 0.950921 0.000289
3 3 0.000153 0.000399 0.049813 0.949426 0.000209
3 3 0.000076 0.000273 0.059888 0.939675 0.000087
3 3 0.000055 0.000194 0.042381 0.957309 0.000061
3 3 0.000134 0.000664 0.072165 0.926827 0.000211
3 3 0.000095 0.000530 0.093560 0.905649 0.000166
3 3 0.000050 0.000159 0.044990 0.954755 0.000046
3 3 0.000225 0.000633 0.063419 0.935470 0.000252
3 3 0.000128 0.000235 0.037584 0.961917 0.000136
3 3 0.000103 0.000250 0.040044 0.959497 0.000107
3 3 0.000299 0.000695 0.065279 0.933385 0.000342
3 3 0.000099 0.000356 0.052889 0.946527 0.000129
3 3 0.002478 0.004905 0.234516 0.755138 0.002963
3 3 0.004532 0.006879 0.187416 0.796365 0.004808
3 3 0.003600 0.003950 0.123637 0.865690 0.003123
3 2 0.025804 0.045980 0.396745 0.499273 0.032198
3 2 0.113397 0.049448 0.394663 0.424383 0.018108
2 2 0.056549 0.315833 0.595771 0.010805 0.021042
2 2 0.040291 0.302509 0.619991 0.006627 0.030582
2 1 0.066161 0.319316 0.579246 0.016277 0.018999
2 1 0.051611 0.275203 0.629269 0.026755 0.017161
2 1 0.021266 0.201191 0.718232 0.031411 0.027900
2 2 0.003114 0.082329 0.830628 0.070367 0.013563
2 2 0.010784 0.164864 0.770397 0.016746 0.037210
2 2 0.018554 0.185275 0.709478 0.052073 0.034620
2 2 0.005783 0.131930 0.816671 0.011017 0.034598
2 2 0.004647 0.086942 0.877394 0.022862 0.008154
2 1 0.019995 0.157798 0.780913 0.034672 0.006621
2 1 0.027504 0.209257 0.692320 0.048029 0.022889
2 1 0.020920 0.159328 0.749915 0.060597 0.009240
2 2 0.009003 0.107178 0.821892 0.054245 0.007682
2 2 0.033370 0.216818 0.707346 0.030625 0.011841
2 2 0.015121 0.133588 0.814985 0.031570 0.004736
2 2 0.012157 0.117455 0.839903 0.026947 0.003538
2 2 0.027015 0.199771 0.760858 0.007248 0.005108
2 1 0.035866 0.232792 0.712915 0.010437 0.007990
2 2 0.005478 0.090226 0.892417 0.008405 0.003474
2 2 0.001269 0.037371 0.933628 0.025576 0.002156
2 2 0.001291 0.043913 0.946533 0.005918 0.002346
2 2 0.028458 0.216206 0.728931 0.014801 0.011603
2 2 0.019134 0.166630 0.767868 0.035334 0.011035
2 2 0.000244 0.018347 0.974391 0.005576 0.001441
2 2 0.000130 0.006242 0.907844 0.085703 0.000081
2 2 0.000289 0.011607 0.914770 0.073047 0.000287
2 2 0.000140 0.005796 0.835905 0.158087 0.000073
2 2 0.000075 0.005502 0.970766 0.023577 0.000080
2 2 0.000081 0.004300 0.926590 0.068999 0.000030
2 2 0.000440 0.019132 0.972660 0.007362 0.000406
2 2 0.007443 0.096618 0.884004 0.009602 0.002333
2 2 0.000255 0.019674 0.967156 0.011223 0.001692
2 2 0.003912 0.067034 0.918662 0.008880 0.001511
2 2 0.002875 0.051686 0.920651 0.023456 0.001331
2 2 0.000240 0.010335 0.919092 0.070094 0.000240
2 2 0.000083 0.004864 0.914504 0.080484 0.000066
2 2 0.000421 0.012250 0.863813 0.123316 0.000200
2 2 0.000028 0.003891 0.966279 0.029708 0.000093
2 2 0.000042 0.002953 0.906228 0.090750 0.000028
2 2 0.002533 0.043817 0.879156 0.072991 0.001504
2 2 0.000161 0.008650 0.963408 0.027639 0.000141
2 2 0.000439 0.012385 0.943023 0.044026 0.000128
2 2 0.003574 0.052766 0.898625 0.043850 0.001187
2 2 0.000561 0.023626 0.968416 0.006721 0.000676
2 2 0.000026 0.005192 0.957534 0.037001 0.000248
2 2 0.004980 0.065393 0.884887 0.043078 0.001662
2 2 0.000189 0.009287 0.943733 0.046602 0.000189
2 2 0.000013 0.003239 0.980444 0.016193 0.000111
2 1 0.017117 0.152784 0.821274 0.005929 0.002896
2 1 0.019384 0.158329 0.797169 0.019926 0.005192
2 2 0.012752 0.119150 0.825031 0.038791 0.004276
2 0 0.052580 0.206821 0.715443 0.015644 0.009512
2 1 0.068824 0.335297 0.574645 0.006824 0.014410
2 1 0.007005 0.089131 0.815185 0.081860 0.006818
2 2 0.000802 0.037511 0.864682 0.054742 0.042261
2 2 0.000616 0.063383 0.885809 0.020963 0.029228
2 2 0.005853 0.162510 0.748568 0.010966 0.072103
2 4 0.008657 0.187025 0.708925 0.016075 0.079317
2 4 0.015577 0.274698 0.458346 0.013904 0.237474
4 4 0.101236 0.038216 0.018498 0.000200 0.841850
4 4 0.099624 0.058622 0.024456 0.000312 0.816985
4 4 0.200544 0.071221 0.029360 0.000197 0.698677
4 4 0.111683 0.092073 0.025486 0.000094 0.770663
4 4 0.121265 0.102721 0.030971 0.000324 0.744718
4 4 0.062177 0.303204 0.096982 0.000749 0.536888
4 4 0.088945 0.187883 0.078197 0.000614 0.644361
4 4 0.101390 0.179863 0.089929 0.001632 0.627186
4 4 0.156674 0.089929 0.053145 0.000971 0.699280
4 4 0.128241 0.167312 0.063393 0.001114 0.639940
1 4 0.179792 0.468998 0.269449 0.014381 0.067380
1 4 0.318597 0.329419 0.277227 0.015880 0.058878
1 4 0.159643 0.508343 0.226225 0.002942 0.102848
0 4 0.503092 0.166338 0.229595 0.007910 0.093065
1 4 0.181330 0.495114 0.250777 0.005826 0.066953
1 4 0.062213 0.509061 0.145207 0.000014 0.283505
1 4 0.037102 0.453588 0.220598 0.000022 0.288689
1 4 0.054867 0.481782 0.147950 0.000017 0.315384
1 4 0.075476 0.538705 0.223186 0.000058 0.162576
1 4 0.051225 0.491679 0.231129 0.000042 0.225925
2 4 0.016047 0.228741 0.663397 0.008475 0.083339
2 4 0.020691 0.234305 0.662947 0.016549 0.065507
2 4 0.002844 0.096534 0.866872 0.008775 0.024974
2 2 0.001657 0.081717 0.877049 0.014917 0.024661
2 2 0.010179 0.157247 0.797959 0.010766 0.023848
2 2 0.002735 0.086510 0.866330 0.026648 0.017778
2 2 0.003756 0.093337 0.881482 0.008195 0.013230
2 2 0.000356 0.036205 0.942065 0.013020 0.008355
2 2 0.018445 0.188468 0.767496 0.011562 0.014029
2 2 0.004849 0.118917 0.844496 0.006311 0.025427
2 2 0.000101 0.011826 0.957524 0.029698 0.000852
2 2 0.012633 0.124287 0.809060 0.047378 0.006643
2 2 0.000078 0.012724 0.956970 0.028846 0.001381
2 2 0.000085 0.009713 0.976082 0.013574 0.000546
2 2 0.000094 0.007866 0.981902 0.009929 0.000208
2 2 0.000196 0.010634 0.955096 0.033760 0.000315
2 2 0.000080 0.006048 0.971277 0.022480 0.000114
2 2 0.000250 0.011232 0.932632 0.055591 0.000295
2 2 0.000308 0.014225 0.956764 0.028275 0.000428
2 2 0.000375 0.018565 0.960765 0.019344 0.000952
2 2 0.000020 0.002985 0.937357 0.059579 0.000059
2 2 0.000021 0.002535 0.957162 0.040249 0.000032
2 2 0.000023 0.002256 0.946815 0.050886 0.000021
2 2 0.000059 0.003853 0.913001 0.083042 0.000044
2 2 0.000560 0.015515 0.926160 0.057568 0.000197
2 2 0.000294 0.009618 0.860461 0.129486 0.000141
2 2 0.000006 0.001154 0.794602 0.204226 0.000012
2 2 0.000043 0.003098 0.881013 0.115815 0.000032
2 2 0.000008 0.001482 0.879686 0.118806 0.000018
2 2 0.000010 0.001030 0.875700 0.123256 0.000004
2 2 0.000006 0.001358 0.915962 0.082657 0.000018
2 2 0.000006 0.001364 0.888523 0.110090 0.000017
2 2 0.000019 0.001981 0.893403 0.104580 0.000017
2 2 0.000017 0.001536 0.883686 0.114751 0.000009
2 2 0.000011 0.001670 0.849207 0.149094 0.000019
2 2 0.000061 0.003383 0.851424 0.145101 0.000030
2 2 0.000063 0.003614 0.843019 0.153267 0.000037
2 2 0.000053 0.001982 0.897741 0.100210 0.000014
2 2 0.000054 0.004830 0.822166 0.172842 0.000108
2 2 0.000091 0.004632 0.926171 0.069073 0.000033
2 2 0.001059 0.021875 0.814139 0.162349 0.000579
2 2 0.000178 0.003342 0.815277 0.180960 0.000244
2 2 0.000237 0.008239 0.840731 0.150671 0.000121
2 2 0.000278 0.009249 0.857743 0.132595 0.000135
2 0 0.027643 0.099669 0.833623 0.034614 0.004452
2 1 0.015660 0.142358 0.828890 0.009908 0.003184
2 1 0.000460 0.012888 0.837229 0.149170 0.000252
2 2 0.000022 0.002470 0.961475 0.036005 0.000029
2 2 0.000010 0.001569 0.953865 0.044541 0.000015
2 2 0.000004 0.001555 0.936119 0.062286 0.000036
2 2 0.000001 0.000537 0.942428 0.057029 0.000006
2 2 0.000001 0.000634 0.907238 0.092116 0.000012
2 2 0.000002 0.000678 0.954563 0.044752 0.000004
2 2 0.000003 0.000771 0.814660 0.184560 0.000006
2 2 0.000003 0.000611 0.778844 0.220539 0.000003
2 2 0.000001 0.000383 0.585656 0.413957 0.000003
2 2 0.000001 0.000345 0.701429 0.298223 0.000002
2 2 0.000001 0.000326 0.752415 0.247258 0.000001
2 2 0.000000 0.000162 0.696576 0.303261 0.000001
2 2 0.000000 0.000261 0.696527 0.303210 0.000002
2 2 0.000007 0.001066 0.673913 0.325005 0.000008
2 2 0.000004 0.000677 0.696937 0.302378 0.000004
2 2 0.000002 0.000595 0.570117 0.429280 0.000006
2 2 0.000004 0.000733 0.619406 0.379851 0.000006
2 2 0.000017 0.001762 0.705422 0.292782 0.000017
2 2 0.000002 0.000564 0.718480 0.280946 0.000007
2 2 0.000007 0.000937 0.771487 0.227565 0.000005
2 2 0.000005 0.000755 0.721568 0.277668 0.000004
2 2 0.000004 0.001039 0.624513 0.374427 0.000017
2 2 0.000010 0.001216 0.721882 0.276883 0.000009
3 2 0.000006 0.000382 0.400225 0.599378 0.000009
3 2 0.000003 0.000535 0.486971 0.512486 0.000006
3 2 0.000008 0.000394 0.332012 0.667576 0.000010
2 2 0.000012 0.001554 0.513641 0.484770 0.000022
3 2 0.000003 0.000158 0.297155 0.702680 0.000004
3 2 0.000035 0.000278 0.201882 0.797787 0.000018
3 2 0.000018 0.000393 0.217986 0.781583 0.000020
3 2 0.000030 0.000352 0.239275 0.760328 0.000015
3 2 0.000045 0.000582 0.267695 0.731636 0.000043
3 3 0.000019 0.000323 0.165338 0.834302 0.000018
3 3 0.000014 0.000825 0.322022 0.677101 0.000038
3 3 0.000017 0.000374 0.229212 0.770367 0.000031
3 3 0.000011 0.000385 0.242904 0.756678 0.000021
3 3 0.000012 0.000348 0.179514 0.820105 0.000020
3 3 0.000033 0.000703 0.220092 0.779126 0.000047
3 3 0.000057 0.000407 0.179275 0.820184 0.000076
3 3 0.000070 0.000610 0.132383 0.866860 0.000077
3 3 0.000107 0.001000 0.232801 0.765958 0.000133
3 3 0.000066 0.000888 0.219415 0.779487 0.000143
3 3 0.000069 0.000490 0.136670 0.862679 0.000093
3 3 0.000023 0.000485 0.214701 0.784738 0.000054
3 3 0.000022 0.000325 0.117487 0.882127 0.000040
3 3 0.000044 0.000672 0.165322 0.833874 0.000089
3 3 0.000018 0.000503 0.223749 0.775686 0.000043
3 3 0.000026 0.000575 0.165646 0.833686 0.000067
3 3 0.000044 0.000427 0.101130 0.898305 0.000093
3 3 0.000069 0.001018 0.239208 0.759546 0.000160
3 3 0.000101 0.001045 0.216870 0.781742 0.000242
3 3 0.000072 0.000855 0.142033 0.856897 0.000144
3 3 0.000073 0.000741 0.133060 0.865976 0.000151
3 3 0.000110 0.000453 0.120395 0.878950 0.000093
3 3 0.000128 0.000724 0.119217 0.879742 0.000190
3 3 0.000123 0.000665 0.095480 0.903546 0.000186
3 3 0.000075 0.000395 0.109524 0.889914 0.000091
3 3 0.000143 0.000650 0.110127 0.888901 0.000179
3 3 0.000188 0.000553 0.104865 0.894252 0.000143
3 3 0.000069 0.000400 0.119113 0.880341 0.000077
3 3 0.000110 0.000397 0.079638 0.919744 0.000111
3 3 0.000161 0.000618 0.124855 0.874208 0.000158
3 3 0.000095 0.000566 0.180744 0.818493 0.000102
3 3 0.000085 0.000986 0.169498 0.829269 0.000163
3 3 0.000063 0.000703 0.163395 0.835735 0.000104
3 3 0.000044 0.000629 0.109386 0.889869 0.000072
3 3 0.000048 0.000482 0.131755 0.867642 0.000074
3 3 0.000054 0.000304 0.091501 0.908085 0.000056
3 3 0.000041 0.000189 0.062671 0.937070 0.000029
3 3 0.000072 0.000629 0.150747 0.848440 0.000112
3 3 0.000047 0.000399 0.147568 0.851912 0.000074
3 3 0.000092 0.000504 0.064726 0.934576 0.000103
3 3 0.000050 0.000371 0.102963 0.896550 0.000066
3 3 0.000097 0.000474 0.114063 0.885262 0.000105
3 3 0.000130 0.000546 0.118069 0.881124 0.000132
3 3 0.000149 0.000729 0.123913 0.875022 0.000187
3 3 0.000135 0.000378 0.088157 0.911263 0.000067
3 3 0.000087 0.000555 0.170466 0.828770 0.000122
3 3 0.000043 0.000743 0.150736 0.848377 0.000102
3 3 0.000057 0.000447 0.100465 0.898942 0.000089
3 3 0.000064 0.000910 0.118320 0.880557 0.000150
3 3 0.000045 0.000518 0.164301 0.835049 0.000086
3 3 0.000021 0.000413 0.148451 0.851061 0.000055
3 3 0.000384 0.002379 0.235506 0.760868 0.000863
3 3 0.000158 0.001087 0.152115 0.846288 0.000352
3 3 0.000446 0.003369 0.238939 0.756052 0.001194
3 3 0.000201 0.001393 0.143544 0.854495 0.000367
3 3 0.000182 0.001176 0.164044 0.834335 0.000263
2 2 0.007025 0.045976 0.634737 0.286783 0.025479
2 2 0.003046 0.117949 0.744850 0.080200 0.053954
2 2 0.033961 0.320665 0.484210 0.021604 0.139560
2 4 0.005241 0.191297 0.639802 0.018586 0.145073
2 4 0.017375 0.265224 0.518070 0.037899 0.161431
1 4 0.186486 0.366772 0.235955 0.003461 0.207326
0 4 0.301650 0.204733 0.270519 0.014648 0.208450
1 4 0.116937 0.476385 0.253407 0.004374 0.148897
1 4 0.170550 0.426521 0.270546 0.004339 0.128044
0 1 0.414784 0.262597 0.233726 0.022121 0.066773
2 1 0.024344 0.319684 0.574244 0.003348 0.078380
1 4 0.032170 0.398949 0.335621 0.001001 0.232260
1 4 0.049995 0.436569 0.176043 0.000252 0.337142
4 4 0.028106 0.290665 0.209339 0.001052 0.470838
1 4 0.055986 0.370544 0.251860 0.001283 0.320327
1 4 0.060433 0.433476 0.378031 0.002399 0.125660
1 4 0.056372 0.425219 0.312067 0.006891 0.199451
2 4 0.198846 0.295988 0.302067 0.005293 0.197806
1 4 0.095115 0.421545 0.420485 0.008284 0.054570
1 1 0.084064 0.448606 0.376309 0.003029 0.087992
2 2 0.024538 0.294088 0.606839 0.002660 0.071876
2 2 0.025172 0.308697 0.527328 0.002956 0.135849
2 2 0.022704 0.282816 0.618809 0.003005 0.072666
2 2 0.010384 0.223275 0.661730 0.001522 0.103089
2 2 0.009205 0.217658 0.681534 0.001241 0.090361
2 2 0.004846 0.065379 0.895629 0.032647 0.001499
2 2 0.025279 0.186387 0.763731 0.017949 0.006654
2 2 0.000201 0.013689 0.966204 0.019228 0.000678
2 2 0.000078 0.009596 0.952911 0.036844 0.000571
2 2 0.000094 0.015370 0.955589 0.026855 0.002092
2 2 0.001342 0.084927 0.877782 0.003773 0.032177
2 2 0.002266 0.123667 0.831725 0.000588 0.041754
1 2 0.032693 0.392777 0.372500 0.000340 0.201690
2 2 0.036883 0.342961 0.558124 0.002146 0.059886
2 2 0.061838 0.401368 0.476786 0.002731 0.057277
4 4 0.019393 0.320811 0.203184 0.000172 0.456439
4 4 0.035143 0.389987 0.161994 0.000473 0.412404
1 4 0.053161 0.452015 0.281872 0.000335 0.212617
2 4 0.018190 0.342739 0.398033 0.000681 0.240357
1 4 0.034784 0.389900 0.190611 0.000245 0.384459
1 4 0.044881 0.420995 0.141822 0.000637 0.391665
4 4 0.134411 0.274153 0.109223 0.000742 0.481472
1 4 0.049792 0.448185 0.119280 0.000220 0.382524
1 4 0.047011 0.423506 0.146642 0.000820 0.382021
4 4 0.167403 0.152988 0.103851 0.001303 0.574455
2 1 0.079036 0.412733 0.454736 0.004549 0.048946
1 4 0.033342 0.402869 0.375050 0.000261 0.188478
2 4 0.050045 0.357800 0.553935 0.002617 0.035603
2 4 0.034795 0.384027 0.465154 0.000631 0.115393
2 4 0.042326 0.405132 0.422796 0.000789 0.128957
2 1 0.002605 0.140289 0.746340 0.006700 0.104066
2 2 0.001004 0.074678 0.889702 0.002612 0.032004
2 2 0.000201 0.033043 0.947702 0.007832 0.011222
2 2 0.000809 0.075315 0.879281 0.003841 0.040754
2 2 0.000618 0.064728 0.898601 0.003551 0.032503
2 2 0.000382 0.038837 0.947905 0.002747 0.010129
2 2 0.013879 0.215623 0.720493 0.003717 0.046288
2 2 0.001298 0.082209 0.889105 0.001331 0.026057
2 2 0.000885 0.057189 0.924469 0.004356 0.013101
2 2 0.011089 0.199282 0.761861 0.001230 0.026538
2 2 0.000041 0.009108 0.984769 0.005139 0.000943
2 2 0.000063 0.008689 0.985153 0.005564 0.000531
2 2 0.000062 0.009904 0.972339 0.016895 0.000801
2 2 0.000120 0.013169 0.975831 0.009860 0.001021
2 2 0.000039 0.009688 0.984433 0.004638 0.001202
2 2 0.000017 0.002800 0.991856 0.005277 0.000051
2 2 0.002400 0.055774 0.934419 0.005795 0.001612
2 2 0.000017 0.004402 0.988642 0.006712 0.000226
2 2 0.000013 0.004545 0.988905 0.006193 0.000345
2 2 0.000029 0.005620 0.990043 0.004015 0.000293
2 2 0.000024 0.003962 0.923038 0.072858 0.000119
2 1 0.002345 0.030500 0.944405 0.022316 0.000435
2 2 0.000269 0.012098 0.937605 0.049682 0.000346
2 2 0.000013 0.004684 0.967332 0.027614 0.000357
2 2 0.000006 0.002895 0.945889 0.051044 0.000165
2 2 0.000000 0.000830 0.983420 0.015701 0.000048
2 2 0.000002 0.002116 0.971139 0.026574 0.000168
2 2 0.000005 0.003218 0.981922 0.014588 0.000266
2 2 0.000002 0.002221 0.979589 0.017996 0.000193
2 2 0.000003 0.002649 0.980917 0.016164 0.000267
2 2 0.000001 0.001452 0.976760 0.021702 0.000084
2 2 0.000007 0.003329 0.966557 0.029887 0.000220
2 2 0.000003 0.001961 0.962800 0.035128 0.000108
2 2 0.000002 0.001241 0.978447 0.020274 0.000036
2 2 0.000007 0.002914 0.977283 0.019636 0.000160
2 2 0.000006 0.003329 0.981274 0.015127 0.000264
2 2 0.000013 0.005408 0.970261 0.023755 0.000563
2 2 0.000040 0.007258 0.977991 0.014240 0.000471
2 2 0.000045 0.009839 0.966089 0.022950 0.001077
2 2 0.000015 0.005103 0.982050 0.012421 0.000412
2 2 0.000004 0.001503 0.970632 0.027828 0.000033
2 2 0.000005 0.002879 0.952995 0.043915 0.000206
2 2 0.000014 0.002464 0.986028 0.011448 0.000046
2 2 0.000005 0.002668 0.984302 0.012848 0.000177
2 2 0.000002 0.001213 0.974243 0.024505 0.000037
2 2 0.000001 0.001060 0.939102 0.059801 0.000036
2 2 0.000003 0.001089 0.904439 0.094454 0.000015
2 2 0.000004 0.002013 0.915065 0.082832 0.000086
2 2 0.000001 0.000897 0.964568 0.034514 0.000020
2 2 0.000001 0.000747 0.942585 0.056646 0.000021
2 2 0.000003 0.001037 0.933203 0.065743 0.000014
2 2 0.000001 0.000838 0.969350 0.029775 0.000037
2 2 0.000002 0.001061 0.927423 0.071494 0.000019
2 2 0.000002 0.001295 0.944527 0.054127 0.000049
2 2 0.000002 0.001185 0.936368 0.062414 0.000032
2 2 0.000001 0.000781 0.979654 0.019548 0.000015
2 2 0.000001 0.000880 0.961897 0.037201 0.000021
2 2 0.000001 0.000829 0.940455 0.058694 0.000022
2 2 0.000001 0.000649 0.947222 0.052113 0.000015
2 2 0.000002 0.001467 0.964077 0.034399 0.000055
2 2 0.000005 0.001640 0.825548 0.172765 0.000042
2 2 0.000001 0.000636 0.853173 0.146173 0.000018
2 2 0.000001 0.000784 0.844643 0.154557 0.000014
2 2 0.000002 0.000966 0.826628 0.172388 0.000016
2 2 0.000001 0.000788 0.907836 0.091354 0.000022
2 2 0.000005 0.002286 0.909524 0.088074 0.000111
2 2 0.000001 0.000923 0.885077 0.113975 0.000023
2 2 0.000006 0.002710 0.878717 0.118428 0.000138
2 2 0.000003 0.002048 0.899253 0.098587 0.000108
2 2 0.000002 0.001093 0.823315 0.175555 0.000035
2 2 0.000004 0.001966 0.910674 0.087270 0.000087
2 2 0.000004 0.001738 0.889717 0.108479 0.000062
2 2 0.000014 0.001527 0.831729 0.166718 0.000011
2 2 0.000054 0.005476 0.893430 0.100891 0.000148
2 2 0.000014 0.002051 0.849612 0.148294 0.000029
2 2 0.000003 0.001228 0.767927 0.230814 0.000027
2 2 0.000001 0.000521 0.796930 0.202542 0.000005
2 2 0.000006 0.001389 0.769555 0.229029 0.000020
2 2 0.000012 0.001370 0.723946 0.274661 0.000011
2 2 0.000003 0.000926 0.786316 0.212744 0.000012
2 2 0.000000 0.000388 0.726790 0.272815 0.000007
2 2 0.000003 0.000781 0.766312 0.232898 0.000006
2 2 0.000001 0.000589 0.859594 0.139811 0.000006
2 2 0.000002 0.000476 0.656753 0.342766 0.000003
2 2 0.000003 0.000872 0.812394 0.186721 0.000009
2 2 0.000002 0.000777 0.718896 0.280315 0.000009
2 2 0.000004 0.001176 0.699030 0.299769 0.000022
2 2 0.000011 0.002063 0.660253 0.337628 0.000044
2 2 0.000012 0.001882 0.689106 0.308970 0.000029
2 2 0.000004 0.000748 0.704545 0.294698 0.000005
2 2 0.000001 0.000650 0.666168 0.333170 0.000011
2 2 0.000000 0.000267 0.735295 0.264434 0.000005
2 2 0.000002 0.001223 0.741250 0.257470 0.000055
2 2 0.000001 0.000704 0.758165 0.241114 0.000016
2 2 0.000000 0.000403 0.750958 0.248627 0.000012
2 2 0.000010 0.001961 0.838827 0.159168 0.000035
2 2 0.000004 0.001417 0.904523 0.094026 0.000030
2 2 0.000001 0.001210 0.833593 0.165138 0.000057
2 2 0.000001 0.000621 0.781906 0.217464 0.000008
2 2 0.000001 0.000526 0.803071 0.196395 0.000007
2 2 0.000008 0.002345 0.691046 0.306509 0.000092
2 2 0.000001 0.000545 0.712471 0.286974 0.000009
2 2 0.000002 0.001086 0.645202 0.353680 0.000030
2 2 0.000002 0.001010 0.693606 0.305352 0.000030
3 2 0.000003 0.000887 0.499230 0.499865 0.000014
2 2 0.000003 0.000854 0.668792 0.330340 0.000011
2 2 0.000002 0.001022 0.674043 0.324901 0.000032
2 2 0.000002 0.001092 0.788450 0.210425 0.000031
2 2 0.000003 0.001878 0.862673 0.135332 0.000114
2 2 0.000006 0.001090 0.662789 0.336073 0.000041
2 2 0.000006 0.003415 0.960143 0.036151 0.000285
2 2 0.000012 0.002854 0.971796 0.025257 0.000080
2 2 0.000016 0.003810 0.957552 0.038468 0.000155
2 2 0.000004 0.002091 0.971232 0.026583 0.000091
2 2 0.000010 0.002722 0.930434 0.066750 0.000085
2 2 0.000214 0.012588 0.945472 0.041236 0.000490
2 2 0.000133 0.015155 0.953605 0.029701 0.001406
2 1 0.012536 0.121524 0.844645 0.018146 0.003149
2 2 0.003700 0.061599 0.888530 0.043396 0.002774
2 2 0.000207 0.014627 0.959294 0.025061 0.000812
2 1 0.033073 0.198030 0.744866 0.016390 0.007641
2 1 0.043010 0.255762 0.660802 0.024508 0.015918
2 1 0.016952 0.164282 0.790906 0.018439 0.009421
2 1 0.019483 0.160270 0.789446 0.024487 0.006313
2 1 0.010961 0.113361 0.859388 0.013753 0.002537
1 1 0.119882 0.440349 0.415531 0.003005 0.021233
2 1 0.055468 0.300636 0.626585 0.006389 0.010923
2 1 0.036500 0.236811 0.710840 0.008348 0.007501
2 1 0.078861 0.362358 0.539240 0.004725 0.014816
0 0 0.588432 0.136575 0.231732 0.012161 0.031100
1 1 0.091351 0.482766 0.283598 0.001312 0.140972
1 1 0.109050 0.415056 0.350124 0.002971 0.122798
1 1 0.074657 0.474006 0.278894 0.000713 0.171731
1 1 0.046394 0.419507 0.354963 0.000699 0.178437
2 1 0.014926 0.264342 0.589900 0.002600 0.128232
2 2 0.002957 0.131648 0.792246 0.002522 0.070627
2 2 0.003698 0.137892 0.804736 0.002921 0.050753
2 2 0.002042 0.116336 0.805849 0.008292 0.067481
2 2 0.006981 0.192953 0.723196 0.001794 0.075077
2 4 0.030833 0.336698 0.502918 0.002414 0.127138
1 4 0.045838 0.443865 0.380765 0.000272 0.129261
1 1 0.086091 0.512203 0.318977 0.000323 0.082405
1 1 0.081437 0.439702 0.435282 0.001631 0.041949
1 2 0.079471 0.458037 0.385393 0.001505 0.075594
1 2 0.065458 0.496769 0.296243 0.000194 0.141336
2 1 0.069349 0.338237 0.572920 0.005800 0.013694
2 1 0.084570 0.369964 0.519663 0.007080 0.018723
2 1 0.092609 0.405127 0.473221 0.004492 0.024551
2 1 0.075573 0.348248 0.549591 0.008849 0.017739
2 1 0.042782 0.316244 0.598428 0.006448 0.036098
2 1 0.097999 0.389474 0.474950 0.011052 0.026524
2 2 0.076921 0.365273 0.519626 0.010189 0.027991
2 2 0.070501 0.403953 0.464852 0.004444 0.056251
2 2 0.048333 0.370342 0.525183 0.002447 0.053695
2 2 0.028051 0.239519 0.699389 0.011415 0.021626
2 1 0.049905 0.297959 0.631545 0.006545 0.014046
2 1 0.051593 0.347293 0.564637 0.003973 0.032504
2 1 0.074556 0.351284 0.554218 0.005400 0.014543
2 2 0.037031 0.302795 0.628223 0.003796 0.028155
2 2 0.070450 0.379243 0.517527 0.004250 0.028531
2 2 0.055017 0.340088 0.569663 0.006064 0.029168
2 2 0.032701 0.288102 0.609901 0.011038 0.058258
2 2 0.058788 0.309192 0.613045 0.006932 0.012043
2 2 0.050896 0.304279 0.595350 0.018568 0.030907
2 2 0.015440 0.195546 0.746033 0.011386 0.031594
2 2 0.051239 0.411016 0.476512 0.000833 0.060400
2 2 0.023082 0.340859 0.519415 0.000433 0.116211
2 2 0.012995 0.239534 0.695576 0.000828 0.051068
2 2 0.003012 0.112116 0.863080 0.000865 0.020927
2 2 0.022854 0.318419 0.596736 0.000522 0.061469
2 2 0.025997 0.222232 0.726967 0.010147 0.014657
2 2 0.003743 0.117929 0.847563 0.002099 0.028667
2 2 0.003915 0.119360 0.841603 0.002824 0.032299
2 2 0.007382 0.154224 0.813969 0.002243 0.022183
2 2 0.000801 0.061895 0.920546 0.000825 0.015933
1 2 0.060639 0.445625 0.411211 0.000738 0.081786
2 2 0.041806 0.402170 0.460577 0.000683 0.094764
2 2 0.060106 0.425291 0.454690 0.001038 0.058875
2 2 0.106802 0.409965 0.451131 0.007060 0.025042
1 4 0.134558 0.475788 0.356495 0.002299 0.030861
4 4 0.036334 0.391304 0.152423 0.000739 0.419200
4 4 0.020869 0.324786 0.145833 0.000617 0.507895
4 4 0.044659 0.290250 0.125699 0.001142 0.538251
4 4 0.091758 0.209587 0.117462 0.001588 0.579605
4 4 0.147744 0.147052 0.098835 0.002521 0.603848
4 4 0.228476 0.278004 0.112512 0.001782 0.379226
4 4 0.160718 0.299601 0.109646 0.002128 0.427907
4 4 0.260400 0.116767 0.068337 0.001305 0.553191
4 4 0.141831 0.136794 0.108421 0.002572 0.610383
4 4 0.188247 0.113317 0.083230 0.001798 0.613408
0 4 0.612390 0.079865 0.047590 0.000931 0.259223
0 1 0.867920 0.055446 0.022089 0.001920 0.052625
0 4 0.474373 0.115451 0.062153 0.001008 0.347014
0 4 0.835353 0.050962 0.025300 0.000374 0.088011
0 4 0.781769 0.093936 0.035178 0.000493 0.088623
0 4 0.537608 0.079268 0.039522 0.000890 0.342712
0 4 0.813570 0.033677 0.016305 0.000267 0.136180
0 4 0.556758 0.101598 0.049834 0.000747 0.291063
0 4 0.786314 0.045589 0.021606 0.000451 0.146040
0 4 0.696124 0.081154 0.033119 0.002610 0.186994
1 4 0.103118 0.536056 0.280005 0.000269 0.080551
0 4 0.426249 0.259537 0.182213 0.003026 0.128975
1 1 0.098047 0.427858 0.426219 0.002662 0.045213
1 1 0.135807 0.554986 0.170520 0.000210 0.138476
1 4 0.064230 0.481476 0.218778 0.000411 0.235105
1 4 0.059177 0.493456 0.201608 0.000238 0.245521
1 4 0.088891 0.526844 0.205036 0.000263 0.178965
1 4 0.128654 0.529833 0.149022 0.000314 0.192178
1 4 0.125612 0.446485 0.134948 0.000231 0.292724
1 1 0.123831 0.575585 0.155648 0.000138 0.144798
4 4 0.032690 0.282607 0.071991 0.000069 0.612644
4 4 0.044829 0.292804 0.077945 0.000107 0.584315
4 4 0.025161 0.374841 0.090537 0.000045 0.509416
4 4 0.031123 0.402040 0.082922 0.000051 0.483864
4 4 0.053256 0.109083 0.054708 0.000334 0.782619
0 4 0.359262 0.291818 0.102034 0.002160 0.244725
0 4 0.685518 0.076818 0.051817 0.001365 0.184482
4 4 0.398947 0.118104 0.075908 0.001538 0.405503
0 4 0.578013 0.058916 0.041018 0.001548 0.320504
0 4 0.458859 0.212524 0.120111 0.009642 0.198863
0 4 0.798363 0.031762 0.017456 0.000681 0.151737
0 4 0.870338 0.020557 0.011285 0.000517 0.097303
0 4 0.763409 0.028214 0.017643 0.002610 0.188124
0 4 0.738352 0.111548 0.031778 0.001950 0.116373
0 4 0.670493 0.036341 0.022781 0.001080 0.269304
4 4 0.291214 0.029773 0.010683 0.000129 0.668202
4 4 0.271309 0.029948 0.011599 0.000321 0.686824
4 4 0.339734 0.017556 0.008344 0.000243 0.634123
4 4 0.460186 0.041507 0.010964 0.000060 0.487283
4 4 0.428461 0.031506 0.011010 0.000130 0.528893
0 4 0.498790 0.079454 0.102087 0.002793 0.316875
0 4 0.592342 0.155359 0.073709 0.004762 0.173829
0 4 0.343454 0.306639 0.149725 0.005740 0.194441
0 4 0.506888 0.170524 0.079068 0.001268 0.242252
0 4 0.554406 0.090929 0.079070 0.004015 0.271580
0 4 0.937527 0.014810 0.008171 0.000279 0.039213
0 4 0.849896 0.027730 0.012648 0.000372 0.109354
0 4 0.928833 0.023723 0.007526 0.000325 0.039593
0 4 0.758338 0.036315 0.020808 0.001030 0.183509
0 4 0.782482 0.024548 0.014785 0.001307 0.176878
0 1 0.550435 0.233451 0.137467 0.006424 0.072222
