0 0 0.995110 0.002059 0.000264 0.000003 0.002564
0 0 0.991553 0.004610 0.000482 0.000002 0.003353
0 0 0.994762 0.002334 0.000284 0.000002 0.002618
0 0 0.991141 0.003781 0.000461 0.000003 0.004613
0 0 0.991255 0.002459 0.000586 0.000048 0.005651
0 0 0.993182 0.002741 0.000372 0.000004 0.003702
0 0 0.995734 0.001694 0.000223 0.000003 0.002347
0 0 0.994095 0.003223 0.000301 0.000001 0.002380
0 0 0.995093 0.002673 0.000236 0.000001 0.001997
0 0 0.991505 0.003976 0.000528 0.000006 0.003984
0 0 0.991451 0.003491 0.000391 0.000002 0.004665
0 0 0.991132 0.002794 0.000526 0.000017 0.005531
0 0 0.984840 0.007345 0.001112 0.000020 0.006683
0 0 0.996299 0.001187 0.000189 0.000004 0.002322
0 0 0.995205 0.001926 0.000260 0.000003 0.002606
0 0 0.985707 0.006296 0.000930 0.000013 0.007054
0 0 0.957378 0.028279 0.003235 0.000022 0.011085
0 0 0.987239 0.005712 0.000916 0.000020 0.006113
0 0 0.979153 0.009295 0.001743 0.000064 0.009746
0 0 0.979451 0.010216 0.001633 0.000035 0.008666
0 0 0.963006 0.023382 0.002876 0.000025 0.010710
0 0 0.949832 0.036282 0.003432 0.000013 0.010442
0 0 0.985577 0.007752 0.000982 0.000010 0.005679
0 0 0.988821 0.004645 0.000787 0.000021 0.005727
0 0 0.983631 0.007359 0.001267 0.000035 0.007708
0 0 0.985323 0.008037 0.000992 0.000009 0.005640
0 0 0.992821 0.003305 0.000426 0.000004 0.003444
0 0 0.989485 0.005212 0.000681 0.000007 0.004615
0 0 0.987585 0.005021 0.000909 0.000030 0.006455
0 0 0.980591 0.007484 0.000954 0.000005 0.010966
0 0 0.993142 0.002618 0.000421 0.000009 0.003810
0 0 0.995352 0.001556 0.000255 0.000006 0.002831
0 0 0.993165 0.002522 0.000421 0.000010 0.003881
0 0 0.995479 0.001520 0.000246 0.000005 0.002750
0 0 0.990344 0.004509 0.000625 0.000008 0.004513
0 0 0.980296 0.008705 0.001624 0.000058 0.009317
0 0 0.987480 0.004517 0.000936 0.000048 0.007019
0 0 0.968554 0.016106 0.002793 0.000078 0.012469
0 0 0.969244 0.015541 0.002734 0.000081 0.012400
0 0 0.969750 0.014409 0.002755 0.000107 0.012978
0 0 0.942022 0.028519 0.006284 0.000393 0.022782
0 0 0.964067 0.014862 0.003607 0.000312 0.017152
0 0 0.954030 0.021389 0.004778 0.000313 0.019490
0 0 0.810001 0.129045 0.019810 0.000334 0.040811
0 0 0.872000 0.082039 0.013924 0.000362 0.031675
0 0 0.847896 0.101200 0.014031 0.000150 0.036723
0 0 0.826549 0.093473 0.019642 0.000524 0.059812
0 0 0.916186 0.044602 0.008323 0.000249 0.030640
0 0 0.821785 0.099829 0.018400 0.000435 0.059551
0 0 0.863981 0.080054 0.013560 0.000271 0.042134
0 0 0.967675 0.018966 0.002616 0.000034 0.010709
0 0 0.964907 0.016368 0.003369 0.000168 0.015188
0 0 0.984957 0.005079 0.001196 0.000094 0.008673
0 0 0.987008 0.003718 0.000950 0.000094 0.008230
0 0 0.938010 0.029509 0.005122 0.000101 0.027258
0 0 0.971425 0.013970 0.002528 0.000082 0.011994
0 0 0.976396 0.009690 0.002097 0.000124 0.011693
0 0 0.980395 0.006159 0.001645 0.000191 0.011610
0 0 0.968146 0.017233 0.002738 0.000057 0.011826
0 0 0.973420 0.013871 0.002220 0.000048 0.010440
0 0 0.961396 0.018673 0.003752 0.000172 0.016006
0 0 0.965909 0.013109 0.003416 0.000375 0.017191
0 0 0.910059 0.056477 0.008865 0.000172 0.024427
0 0 0.976019 0.009309 0.002164 0.000162 0.012346
0 0 0.973868 0.010069 0.002422 0.000204 0.013437
0 0 0.941528 0.034284 0.004630 0.000045 0.019514
0 0 0.861039 0.091194 0.011864 0.000094 0.035809
0 0 0.925734 0.037207 0.007040 0.000209 0.029810
0 0 0.960936 0.019338 0.003307 0.000076 0.016342
0 0 0.924445 0.051806 0.006413 0.000058 0.017278
0 0 0.963138 0.019465 0.003367 0.000094 0.013936
0 0 0.898658 0.063808 0.010285 0.000218 0.027031
0 0 0.816304 0.140653 0.015756 0.000102 0.027186
0 0 0.923975 0.051576 0.006578 0.000066 0.017805
0 0 0.965635 0.015042 0.002566 0.000051 0.016706
0 0 0.964041 0.025815 0.002270 0.000007 0.007868
0 0 0.979684 0.012789 0.001329 0.000007 0.006191
0 0 0.990351 0.004650 0.000616 0.000007 0.004376
0 0 0.991564 0.004100 0.000515 0.000005 0.003816
0 0 0.991679 0.003440 0.000535 0.000010 0.004335
0 0 0.993607 0.002326 0.000386 0.000009 0.003671
0 0 0.995331 0.001495 0.000257 0.000007 0.002910
0 0 0.992384 0.002445 0.000490 0.000023 0.004658
0 0 0.991093 0.003366 0.000595 0.000018 0.004928
0 0 0.948345 0.034501 0.004103 0.000032 0.013018
0 0 0.941706 0.038666 0.004843 0.000046 0.014739
0 0 0.957944 0.026831 0.003354 0.000031 0.011839
0 0 0.977159 0.009517 0.002002 0.000107 0.011214
0 0 0.908663 0.066225 0.007049 0.000036 0.018026
0 0 0.978453 0.008726 0.001868 0.000106 0.010847
1 0 0.254065 0.459845 0.066636 0.000047 0.219407
0 1 0.408069 0.406661 0.043573 0.000032 0.141665
1 1 0.336111 0.469190 0.057069 0.000011 0.137619
1 2 0.405477 0.429717 0.045313 0.000012 0.119482
1 2 0.146923 0.435541 0.085048 0.000149 0.332339
1 2 0.082867 0.474484 0.184105 0.000551 0.257993
4 2 0.023828 0.326028 0.296553 0.005804 0.347787
4 2 0.031333 0.350165 0.253486 0.005433 0.359583
2 2 0.012957 0.258694 0.430567 0.023360 0.274421
2 2 0.009088 0.105755 0.497258 0.061946 0.325953
2 2 0.001475 0.033810 0.925718 0.020593 0.018404
2 2 0.001218 0.030027 0.884555 0.038503 0.045698
2 2 0.001709 0.010515 0.924666 0.034105 0.029005
2 2 0.000938 0.009997 0.914373 0.055161 0.019531
2 2 0.001100 0.007982 0.933832 0.034375 0.022711
2 2 0.001313 0.010696 0.923568 0.057045 0.007379
2 2 0.001012 0.005879 0.863824 0.123988 0.005297
2 2 0.000870 0.012660 0.885970 0.091453 0.009047
2 2 0.002781 0.005623 0.835470 0.152132 0.003994
2 2 0.002303 0.011317 0.868803 0.103958 0.013619
2 2 0.001258 0.008180 0.886519 0.102484 0.001559
2 2 0.000467 0.001373 0.802132 0.195672 0.000356
2 2 0.000432 0.003565 0.855984 0.139161 0.000858
2 2 0.000592 0.003651 0.873086 0.121701 0.000970
2 2 0.000305 0.000922 0.786104 0.212516 0.000153
3 2 0.002438 0.006958 0.490252 0.499417 0.000935
3 2 0.017712 0.005256 0.407353 0.568226 0.001453
2 2 0.003618 0.008391 0.524309 0.461264 0.002418
3 2 0.006817 0.006359 0.449563 0.536185 0.001076
3 3 0.009841 0.002363 0.348676 0.638295 0.000826
3 3 0.002646 0.002234 0.355768 0.638958 0.000394
3 3 0.000570 0.000834 0.176940 0.821511 0.000145
3 3 0.000321 0.000413 0.073781 0.925360 0.000125
3 3 0.000582 0.000716 0.176859 0.821717 0.000127
3 3 0.000422 0.000646 0.227975 0.770865 0.000092
3 3 0.002410 0.002359 0.278063 0.716713 0.000456
3 3 0.002957 0.003308 0.249683 0.743377 0.000676
3 3 0.000682 0.000566 0.117931 0.880676 0.000145
3 3 0.001150 0.002375 0.299945 0.696206 0.000324
3 3 0.003074 0.002111 0.140182 0.853937 0.000696
3 3 0.004741 0.001282 0.044783 0.948264 0.000930
3 3 0.003145 0.000543 0.045768 0.950142 0.000401
3 3 0.003805 0.000867 0.057567 0.937204 0.000558
2 2 0.124992 0.219913 0.595563 0.034881 0.024651
2 2 0.010401 0.043740 0.640046 0.301597 0.004216
2 2 0.002026 0.012099 0.877306 0.107598 0.000971
2 2 0.003614 0.006090 0.807195 0.182459 0.000642
2 2 0.001481 0.022233 0.806113 0.164909 0.005264
2 2 0.000276 0.001090 0.820880 0.177549 0.000204
2 2 0.000622 0.004793 0.809523 0.184601 0.000462
3 2 0.002469 0.002047 0.307324 0.687781 0.000379
3 2 0.003374 0.002028 0.272805 0.721338 0.000455
3 2 0.004994 0.003435 0.304790 0.686003 0.000778
3 3 0.006103 0.003904 0.268226 0.720744 0.001023
3 3 0.001567 0.000952 0.167396 0.829842 0.000244
3 3 0.002324 0.001528 0.139334 0.856359 0.000455
3 3 0.002099 0.000573 0.087329 0.909737 0.000261
3 3 0.002354 0.000544 0.071906 0.924905 0.000291
3 3 0.000664 0.000109 0.016162 0.982961 0.000105
3 3 0.002756 0.000923 0.080557 0.915298 0.000465
3 3 0.006053 0.000689 0.024994 0.967409 0.000855
3 3 0.002422 0.000122 0.009784 0.987436 0.000236
3 3 0.002125 0.000269 0.018928 0.978370 0.000308
3 3 0.000928 0.000129 0.007846 0.990891 0.000206
3 3 0.001945 0.000235 0.011967 0.985503 0.000350
3 3 0.003310 0.000478 0.021990 0.973682 0.000540
3 3 0.001743 0.000271 0.013335 0.984298 0.000354
3 3 0.004606 0.000478 0.020043 0.974231 0.000643
3 3 0.000924 0.000078 0.005908 0.992932 0.000157
3 3 0.002368 0.000134 0.009080 0.988145 0.000273
3 3 0.000434 0.000064 0.005966 0.993438 0.000097
3 3 0.000517 0.000044 0.004378 0.994968 0.000092
3 3 0.000374 0.000025 0.003515 0.996030 0.000057
3 3 0.000719 0.000102 0.007137 0.991883 0.000159
3 3 0.000280 0.000042 0.005039 0.994578 0.000061
3 3 0.000286 0.000025 0.003462 0.996176 0.000051
3 3 0.000150 0.000014 0.002826 0.996982 0.000027
3 3 0.000267 0.000039 0.004866 0.994769 0.000059
3 3 0.000332 0.000025 0.003294 0.996294 0.000055
3 3 0.000162 0.000015 0.002831 0.996963 0.000029
3 3 0.000849 0.000082 0.005855 0.993053 0.000161
3 3 0.000571 0.000032 0.003411 0.995899 0.000086
3 3 0.000245 0.000014 0.002385 0.997320 0.000036
3 3 0.000461 0.000035 0.004235 0.995196 0.000072
3 3 0.000843 0.000048 0.004015 0.994966 0.000128
3 3 0.000612 0.000031 0.003246 0.996023 0.000088
3 3 0.001773 0.000077 0.004564 0.993340 0.000247
3 3 0.000707 0.000031 0.003137 0.996028 0.000096
3 3 0.001378 0.000079 0.004971 0.993359 0.000213
3 3 0.000809 0.000064 0.004977 0.994009 0.000141
3 3 0.000432 0.000020 0.002672 0.996816 0.000060
3 3 0.000656 0.000044 0.004083 0.995110 0.000106
3 3 0.001391 0.000121 0.006691 0.991541 0.000256
3 3 0.001424 0.000113 0.006894 0.991332 0.000237
3 3 0.001027 0.000049 0.003991 0.994789 0.000144
3 3 0.002256 0.000316 0.012218 0.984722 0.000487
3 3 0.002118 0.000193 0.008259 0.989027 0.000403
3 3 0.001639 0.000151 0.007451 0.990448 0.000310
3 2 0.022548 0.006736 0.073842 0.891533 0.005342
3 2 0.006299 0.006285 0.095933 0.889013 0.002469
3 2 0.000413 0.001111 0.347876 0.650499 0.000102
3 2 0.001166 0.005578 0.440080 0.552408 0.000769
3 2 0.002666 0.001601 0.252155 0.743206 0.000372
3 2 0.000556 0.001366 0.331312 0.666605 0.000161
3 2 0.002245 0.004936 0.234661 0.756783 0.001375
3 3 0.016159 0.002496 0.049161 0.929674 0.002511
3 3 0.007368 0.003458 0.118054 0.869332 0.001788
3 3 0.016428 0.002485 0.087479 0.891728 0.001880
3 3 0.004559 0.001786 0.053017 0.939492 0.001146
3 3 0.018566 0.004137 0.119358 0.855512 0.002427
2 3 0.006061 0.016648 0.720295 0.253294 0.003701
2 3 0.004417 0.014496 0.677860 0.295122 0.008105
2 2 0.001133 0.015203 0.810951 0.170382 0.002332
2 2 0.001245 0.026444 0.858950 0.110338 0.003024
2 2 0.002096 0.049382 0.739573 0.204169 0.004780
2 2 0.001109 0.047009 0.869206 0.029844 0.052833
2 2 0.001064 0.090062 0.830367 0.017500 0.061007
2 2 0.000515 0.063134 0.862280 0.017824 0.056248
2 2 0.000724 0.073701 0.873632 0.014447 0.037496
2 2 0.000185 0.030877 0.914652 0.025239 0.029047
2 2 0.003867 0.144031 0.539115 0.006449 0.306538
2 2 0.000555 0.093714 0.738852 0.003550 0.163330
2 2 0.001983 0.150205 0.585427 0.006267 0.256117
2 2 0.000782 0.108477 0.674724 0.003492 0.212525
4 2 0.004437 0.117774 0.365517 0.002884 0.509389
2 2 0.001301 0.080253 0.843694 0.039452 0.035300
2 2 0.000774 0.054478 0.883828 0.037382 0.023538
2 2 0.019061 0.277506 0.675433 0.004058 0.023942
2 2 0.001692 0.072272 0.865568 0.033665 0.026804
2 2 0.004563 0.072629 0.894289 0.013065 0.015453
2 2 0.307872 0.279835 0.376616 0.004186 0.031491
2 2 0.007432 0.155988 0.798829 0.014938 0.022813
2 2 0.001050 0.029007 0.930180 0.029695 0.010067
2 2 0.005591 0.062905 0.894230 0.028207 0.009068
2 2 0.005809 0.050824 0.901595 0.035198 0.006576
2 2 0.010873 0.144179 0.811068 0.022866 0.011014
2 2 0.000465 0.017592 0.926528 0.046293 0.009121
2 2 0.001684 0.008061 0.867577 0.110919 0.011760
2 2 0.002090 0.023170 0.807181 0.142163 0.025396
2 2 0.000355 0.005963 0.852072 0.130933 0.010676
2 2 0.000150 0.002583 0.837453 0.159456 0.000359
2 2 0.000109 0.002312 0.840267 0.157234 0.000077
2 2 0.000235 0.001365 0.805291 0.193001 0.000108
2 2 0.000794 0.004952 0.792336 0.200802 0.001115
2 2 0.002074 0.006248 0.835491 0.151609 0.004578
3 2 0.000224 0.000421 0.376528 0.622792 0.000035
3 2 0.000591 0.001415 0.424333 0.573533 0.000129
3 2 0.000474 0.001622 0.330764 0.666982 0.000158
2 3 0.000721 0.001368 0.584967 0.412843 0.000101
3 3 0.000865 0.000884 0.339100 0.659027 0.000124
3 3 0.002197 0.004791 0.353369 0.638997 0.000646
3 3 0.011192 0.002588 0.213982 0.771159 0.001079
3 3 0.005768 0.002567 0.236416 0.754477 0.000772
3 3 0.003096 0.001996 0.149821 0.844449 0.000639
3 3 0.006414 0.002863 0.236165 0.753708 0.000849
3 3 0.002587 0.001028 0.087369 0.908570 0.000447
3 3 0.001624 0.000199 0.017617 0.980333 0.000227
3 3 0.003688 0.000800 0.038111 0.956737 0.000665
3 3 0.004399 0.000901 0.093614 0.900602 0.000485
3 3 0.000835 0.000373 0.024415 0.974136 0.000240
3 3 0.001043 0.000456 0.062863 0.935438 0.000200
3 3 0.000324 0.000141 0.034332 0.965141 0.000063
3 3 0.001442 0.000773 0.062841 0.934583 0.000361
3 3 0.000659 0.000295 0.026755 0.972106 0.000185
3 3 0.001060 0.000242 0.016107 0.982347 0.000244
3 3 0.001571 0.000217 0.009726 0.988135 0.000352
3 3 0.004220 0.000279 0.012545 0.982421 0.000536
3 3 0.004437 0.000181 0.011650 0.983351 0.000381
3 3 0.002368 0.000152 0.008715 0.988448 0.000318
3 3 0.002968 0.000330 0.012428 0.983716 0.000557
3 2 0.038536 0.007786 0.103309 0.844528 0.005840
2 2 0.348971 0.169006 0.387065 0.050196 0.044761
2 2 0.134980 0.183383 0.619327 0.041320 0.020992
2 2 0.120452 0.184429 0.589673 0.079534 0.025912
2 2 0.015139 0.078748 0.616777 0.279982 0.009353
2 2 0.000174 0.002123 0.663683 0.333486 0.000534
2 2 0.000081 0.002693 0.822001 0.175085 0.000140
2 2 0.003752 0.006312 0.831580 0.157791 0.000565
2 2 0.000079 0.002243 0.759909 0.237689 0.000080
2 2 0.000299 0.001870 0.726081 0.271219 0.000531
2 2 0.001347 0.005098 0.525850 0.467286 0.000420
3 2 0.000071 0.000528 0.352115 0.647258 0.000028
3 2 0.000915 0.001056 0.335069 0.662815 0.000144
3 2 0.000203 0.000998 0.350868 0.647859 0.000072
3 2 0.000691 0.001218 0.460623 0.537356 0.000112
3 2 0.000021 0.000084 0.096370 0.903517 0.000008
3 2 0.000103 0.000197 0.080493 0.919171 0.000037
3 2 0.000181 0.000319 0.102607 0.896838 0.000056
3 2 0.000247 0.000333 0.150963 0.848403 0.000054
3 2 0.000342 0.000269 0.131366 0.867964 0.000060
3 2 0.001020 0.000665 0.151346 0.846812 0.000157
3 2 0.006407 0.004660 0.285559 0.702232 0.001142
3 2 0.003371 0.002661 0.190319 0.802930 0.000719
3 3 0.000323 0.000186 0.080976 0.918462 0.000053
3 3 0.001698 0.000680 0.099378 0.897971 0.000273
3 3 0.000068 0.000038 0.010131 0.989740 0.000022
3 3 0.000213 0.000121 0.042953 0.956668 0.000045
3 3 0.000160 0.000183 0.027816 0.971771 0.000070
3 3 0.000240 0.000177 0.046409 0.953111 0.000062
3 3 0.000326 0.000187 0.033463 0.965940 0.000084
3 3 0.008603 0.002215 0.098150 0.889780 0.001252
3 3 0.004208 0.000456 0.019335 0.975390 0.000611
3 3 0.004326 0.000787 0.024162 0.969848 0.000878
3 3 0.002837 0.000266 0.014183 0.982316 0.000398
3 3 0.002710 0.000453 0.015598 0.980629 0.000610
3 3 0.007528 0.004152 0.127563 0.858989 0.001768
3 2 0.041263 0.009358 0.154296 0.788990 0.006093
2 2 0.007769 0.041542 0.513368 0.432713 0.004608
3 2 0.034365 0.012683 0.438481 0.510919 0.003552
2 2 0.006249 0.020150 0.595674 0.375877 0.002050
2 2 0.002391 0.005830 0.655779 0.335522 0.000478
2 2 0.001150 0.010829 0.795254 0.192315 0.000453
2 2 0.000312 0.001202 0.591307 0.407115 0.000064
2 2 0.000215 0.002697 0.536818 0.460144 0.000127
2 2 0.000465 0.001573 0.661879 0.335997 0.000086
2 2 0.002016 0.008637 0.750773 0.238037 0.000537
2 2 0.001769 0.034708 0.755883 0.206115 0.001525
2 2 0.000823 0.004511 0.615594 0.378805 0.000266
2 2 0.000483 0.004173 0.580564 0.414462 0.000318
3 2 0.000270 0.001051 0.442810 0.555800 0.000068
2 2 0.000854 0.004828 0.623387 0.370060 0.000871
2 2 0.000240 0.004370 0.692192 0.303057 0.000142
2 2 0.000424 0.002180 0.758613 0.238693 0.000090
2 2 0.000595 0.002767 0.657631 0.338589 0.000419
2 2 0.000189 0.001835 0.704977 0.292872 0.000127
3 2 0.000153 0.000593 0.465990 0.533230 0.000033
3 2 0.000133 0.000708 0.349804 0.649306 0.000048
2 2 0.004299 0.005457 0.589913 0.399689 0.000642
2 2 0.004269 0.003365 0.556664 0.435272 0.000430
2 2 0.000517 0.001653 0.548156 0.449565 0.000108
3 2 0.000412 0.001277 0.407190 0.591011 0.000109
3 2 0.001289 0.001722 0.341605 0.655146 0.000237
3 2 0.000577 0.001150 0.351567 0.646585 0.000121
3 2 0.002543 0.002914 0.324165 0.669857 0.000522
3 2 0.007433 0.006743 0.452698 0.531953 0.001173
3 2 0.000519 0.000963 0.196997 0.801374 0.000146
3 2 0.000738 0.001678 0.248809 0.748543 0.000231
3 2 0.002360 0.002046 0.288195 0.706992 0.000407
3 2 0.000175 0.000527 0.175937 0.823297 0.000064
3 2 0.000851 0.001037 0.142370 0.855505 0.000236
3 2 0.004100 0.001541 0.164898 0.828920 0.000541
3 2 0.000247 0.000533 0.131292 0.867842 0.000085
3 2 0.001729 0.000493 0.101502 0.896071 0.000205
3 2 0.001680 0.001343 0.160062 0.836559 0.000355
3 2 0.000126 0.000151 0.034573 0.965102 0.000048
3 2 0.004309 0.004511 0.172363 0.817602 0.001215
3 2 0.007963 0.003899 0.182727 0.803556 0.001855
3 2 0.034267 0.014675 0.228029 0.717149 0.005879
2 2 0.257861 0.110081 0.500425 0.103624 0.028010
2 2 0.009367 0.064600 0.606522 0.313616 0.005896
2 2 0.000643 0.011834 0.689693 0.297246 0.000583
2 2 0.000762 0.003368 0.685301 0.310329 0.000241
2 2 0.001939 0.015074 0.667817 0.313789 0.001382
2 2 0.001187 0.010941 0.710841 0.275680 0.001350
2 2 0.004671 0.015914 0.720128 0.258034 0.001252
2 2 0.000039 0.000757 0.765824 0.233366 0.000015
2 2 0.000021 0.000549 0.729080 0.270341 0.000009
2 2 0.000070 0.000692 0.632983 0.366231 0.000024
2 2 0.000016 0.000414 0.532608 0.466952 0.000010
2 2 0.000025 0.001177 0.659885 0.338892 0.000021
2 2 0.001201 0.002749 0.595446 0.400378 0.000226
2 2 0.000476 0.001404 0.604166 0.393868 0.000086
3 2 0.000281 0.002670 0.435785 0.561040 0.000224
2 2 0.000213 0.002800 0.565556 0.431262 0.000169
2 2 0.000211 0.002592 0.606656 0.390439 0.000103
3 2 0.009580 0.009902 0.484353 0.494506 0.001660
3 2 0.006473 0.018844 0.380715 0.591043 0.002924
3 2 0.004944 0.003720 0.264635 0.725816 0.000886
3 2 0.001224 0.002090 0.229998 0.766352 0.000336
3 2 0.002965 0.002424 0.308135 0.686010 0.000466
3 2 0.000628 0.000666 0.114487 0.884056 0.000163
3 3 0.000123 0.000221 0.048371 0.951232 0.000053
3 3 0.000689 0.000509 0.081743 0.916893 0.000166
3 3 0.000321 0.000154 0.045191 0.954272 0.000062
3 3 0.000368 0.000537 0.100910 0.898067 0.000117
3 3 0.002206 0.000734 0.048172 0.948432 0.000456
3 3 0.001664 0.001115 0.101323 0.895536 0.000362
3 3 0.000670 0.000491 0.051801 0.946840 0.000197
3 3 0.000831 0.000173 0.015784 0.983045 0.000167
3 3 0.000941 0.000428 0.048276 0.950155 0.000201
3 3 0.003528 0.001429 0.060414 0.933823 0.000805
3 3 0.000861 0.000280 0.036490 0.962206 0.000162
3 3 0.001357 0.000388 0.024229 0.973715 0.000311
3 3 0.002269 0.001036 0.052051 0.944064 0.000579
3 3 0.000523 0.000373 0.031010 0.967910 0.000184
3 3 0.008291 0.003136 0.203930 0.783525 0.001119
3 3 0.006771 0.003955 0.188730 0.799276 0.001269
3 3 0.005832 0.002911 0.124547 0.865520 0.001190
3 3 0.006804 0.013420 0.348057 0.629386 0.002333
3 3 0.020499 0.008135 0.483775 0.485794 0.001798
4 4 0.010575 0.097153 0.274543 0.022919 0.594810
4 4 0.013659 0.095652 0.180234 0.010317 0.700138
4 4 0.013749 0.153946 0.268242 0.022641 0.541423
4 4 0.111099 0.342471 0.095391 0.000270 0.450770
4 4 0.015422 0.148274 0.296375 0.027479 0.512450
4 4 0.028156 0.259675 0.267356 0.001138 0.443675
2 4 0.005039 0.123035 0.450560 0.019877 0.401488
4 4 0.024175 0.340229 0.190898 0.000352 0.444346
4 4 0.006892 0.214666 0.252974 0.003867 0.521600
4 4 0.003879 0.182829 0.395553 0.006095 0.411643
4 4 0.003502 0.064823 0.066809 0.001328 0.863538
4 4 0.003781 0.098584 0.054728 0.000840 0.842067
4 4 0.003898 0.077581 0.066718 0.001402 0.850401
4 4 0.006144 0.036288 0.044826 0.002306 0.910436
4 4 0.012132 0.031252 0.032727 0.000263 0.923626
4 4 0.021520 0.061367 0.098131 0.002150 0.816831
4 4 0.004918 0.176013 0.205410 0.002794 0.610865
4 4 0.004017 0.138389 0.250283 0.005354 0.601957
4 4 0.005198 0.166620 0.165310 0.002457 0.660416
4 4 0.007276 0.116034 0.079527 0.000271 0.796892
4 4 0.010589 0.044107 0.080646 0.000354 0.864304
4 4 0.004923 0.109805 0.029146 0.000010 0.856116
4 4 0.002522 0.098072 0.067262 0.000261 0.831883
4 4 0.004360 0.109125 0.044948 0.000185 0.841382
4 4 0.004943 0.124909 0.056606 0.000134 0.813407
4 4 0.009784 0.125372 0.031716 0.000085 0.833044
4 4 0.028584 0.046233 0.035675 0.000144 0.889364
4 4 0.010823 0.020557 0.017260 0.000430 0.950930
4 4 0.006399 0.048198 0.033024 0.000589 0.911790
4 4 0.005518 0.084529 0.120125 0.005668 0.784159
4 4 0.010373 0.211235 0.156216 0.000097 0.622080
4 4 0.003873 0.189375 0.190483 0.000083 0.616187
4 4 0.004351 0.157850 0.248098 0.000563 0.589138
4 4 0.001979 0.154479 0.402945 0.001347 0.439250
4 4 0.000890 0.118179 0.414050 0.001470 0.465410
4 4 0.002311 0.110370 0.148171 0.001460 0.737689
4 4 0.001806 0.105217 0.137942 0.001098 0.753936
4 4 0.005376 0.032415 0.030440 0.000090 0.931678
4 4 0.004678 0.047865 0.069336 0.000413 0.877707
4 4 0.002230 0.098445 0.061952 0.000224 0.837149
4 4 0.002603 0.160807 0.300348 0.001516 0.534725
4 4 0.007615 0.193512 0.187544 0.000505 0.610823
4 4 0.002139 0.149514 0.363424 0.003150 0.481773
4 4 0.007315 0.117265 0.268733 0.001264 0.605422
4 4 0.010924 0.163838 0.101451 0.000051 0.723736
4 4 0.007873 0.154791 0.087445 0.000856 0.749035
4 4 0.012685 0.096062 0.038330 0.000084 0.852839
4 4 0.010708 0.124878 0.088004 0.000457 0.775953
4 4 0.010746 0.096574 0.046128 0.000295 0.846257
4 4 0.006785 0.138382 0.089059 0.000471 0.765303
2 4 0.000822 0.116641 0.536332 0.002162 0.344043
4 4 0.002362 0.173221 0.351764 0.001319 0.471333
4 4 0.002213 0.159666 0.362708 0.000564 0.474850
2 4 0.000891 0.127667 0.511157 0.001145 0.359140
4 4 0.003792 0.198132 0.239523 0.000171 0.558383
2 4 0.000576 0.102183 0.725722 0.002354 0.169165
2 4 0.000398 0.080284 0.780875 0.003385 0.135057
2 4 0.000498 0.108534 0.693655 0.000409 0.196905
2 4 0.000528 0.100291 0.710207 0.002082 0.186893
2 4 0.000444 0.085852 0.749957 0.003213 0.160534
2 4 0.000359 0.075029 0.781912 0.003823 0.138878
2 4 0.002935 0.156452 0.507569 0.001048 0.331996
2 4 0.001418 0.172471 0.573879 0.000451 0.251781
2 4 0.000430 0.079844 0.779037 0.004346 0.136342
2 4 0.000597 0.104382 0.696090 0.002299 0.196632
2 4 0.002420 0.102749 0.472566 0.007279 0.414986
2 4 0.001505 0.107357 0.501577 0.004967 0.384595
4 4 0.007315 0.250919 0.238552 0.000121 0.503093
2 4 0.002373 0.170235 0.427734 0.002281 0.397377
2 4 0.001149 0.131724 0.522619 0.002559 0.341949
2 4 0.000320 0.087802 0.808301 0.000348 0.103229
2 2 0.000084 0.047403 0.899468 0.000279 0.052766
2 2 0.000078 0.044701 0.894830 0.000733 0.059659
2 2 0.000161 0.052883 0.880135 0.002231 0.064590
2 2 0.000029 0.025127 0.919038 0.001186 0.054620
2 2 0.000399 0.042304 0.933983 0.009741 0.013573
2 2 0.001305 0.112155 0.858610 0.001570 0.026359
2 2 0.000033 0.015140 0.979890 0.001250 0.003686
2 2 0.000391 0.013156 0.954288 0.009892 0.022273
2 2 0.000367 0.005524 0.973471 0.005168 0.015470
2 2 0.001087 0.007601 0.909973 0.036278 0.045062
2 2 0.000047 0.012386 0.978314 0.002565 0.006687
2 2 0.000366 0.017296 0.938183 0.023018 0.021137
2 2 0.000182 0.010685 0.939625 0.034876 0.014632
2 2 0.000020 0.009359 0.980872 0.007628 0.002121
2 2 0.000117 0.004367 0.949613 0.044517 0.001386
2 2 0.000006 0.001713 0.946539 0.051537 0.000205
2 2 0.000482 0.006505 0.926673 0.065588 0.000752
2 2 0.000123 0.002513 0.917759 0.079301 0.000304
2 2 0.000093 0.011787 0.976292 0.011014 0.000813
2 2 0.000029 0.002391 0.968922 0.028117 0.000541
2 2 0.000833 0.011188 0.940879 0.044714 0.002385
2 2 0.000072 0.003424 0.934520 0.061096 0.000888
2 2 0.000131 0.001546 0.945735 0.052056 0.000532
2 2 0.000029 0.004367 0.971586 0.023607 0.000411
2 2 0.000031 0.001654 0.905977 0.092292 0.000046
2 2 0.000658 0.002807 0.840217 0.156149 0.000169
2 2 0.000024 0.000813 0.837230 0.161904 0.000029
2 2 0.000043 0.003527 0.850532 0.145822 0.000077
2 2 0.000058 0.001024 0.929535 0.069365 0.000018
2 2 0.000156 0.005063 0.963265 0.029604 0.001912
2 2 0.001011 0.010659 0.957566 0.028854 0.001910
2 2 0.000075 0.003020 0.921527 0.074381 0.000998
2 2 0.001739 0.009581 0.946000 0.041714 0.000967
2 2 0.006590 0.005217 0.933588 0.052420 0.002185
2 2 0.003617 0.007631 0.850001 0.137385 0.001366
2 2 0.000256 0.004785 0.895689 0.098882 0.000388
2 2 0.004360 0.008389 0.883066 0.103202 0.000982
2 2 0.000351 0.005127 0.867035 0.127056 0.000431
2 2 0.004735 0.013928 0.899774 0.080139 0.001424
2 2 0.001544 0.011715 0.738134 0.245125 0.003482
2 2 0.006567 0.008432 0.829108 0.153701 0.002192
2 2 0.133911 0.064423 0.700783 0.089661 0.011222
2 2 0.020706 0.066157 0.803046 0.104888 0.005203
2 2 0.006076 0.087101 0.863767 0.039884 0.003171
2 2 0.000036 0.007277 0.960684 0.031468 0.000535
2 2 0.000793 0.006763 0.932932 0.058663 0.000850
2 2 0.000088 0.007329 0.921476 0.070036 0.001071
2 2 0.000499 0.006877 0.920280 0.068864 0.003481
2 2 0.000135 0.005466 0.964519 0.029103 0.000777
2 2 0.000577 0.002530 0.903007 0.093692 0.000194
2 2 0.000052 0.005641 0.925944 0.067860 0.000504
2 2 0.001090 0.013134 0.935668 0.048389 0.001720
2 2 0.000235 0.005340 0.856719 0.137241 0.000465
2 2 0.000095 0.001672 0.891732 0.106454 0.000047
2 2 0.000620 0.003935 0.805870 0.189300 0.000276
2 2 0.000636 0.007409 0.841417 0.149183 0.001355
2 2 0.000536 0.005858 0.851153 0.142274 0.000178
2 2 0.000191 0.004593 0.886866 0.108209 0.000141
2 2 0.001917 0.003965 0.686314 0.307479 0.000325
2 2 0.001078 0.002483 0.669950 0.326244 0.000245
2 2 0.002122 0.004050 0.656148 0.337334 0.000346
2 2 0.000845 0.007934 0.768149 0.222744 0.000328
2 2 0.000805 0.004304 0.657517 0.337127 0.000247
2 2 0.002166 0.005686 0.730759 0.261014 0.000374
2 2 0.002399 0.004129 0.678054 0.315089 0.000329
2 2 0.001871 0.003972 0.520745 0.473029 0.000384
2 2 0.003478 0.004758 0.627173 0.364006 0.000586
2 2 0.014863 0.011720 0.679725 0.291926 0.001765
2 2 0.002711 0.004104 0.557018 0.435733 0.000434
3 2 0.000040 0.000515 0.353322 0.646099 0.000024
2 2 0.001821 0.006665 0.750408 0.240661 0.000445
2 2 0.000081 0.001285 0.586488 0.412106 0.000040
3 2 0.000016 0.000281 0.420543 0.579151 0.000008
2 2 0.000069 0.000813 0.732872 0.266226 0.000019
2 2 0.003749 0.005390 0.573710 0.416510 0.000641
2 2 0.001093 0.003209 0.608938 0.386536 0.000223
3 2 0.008478 0.002019 0.352317 0.636651 0.000536
2 2 0.005103 0.009179 0.519699 0.464863 0.001156
2 2 0.004564 0.008203 0.522834 0.463390 0.001009
2 2 0.003181 0.025822 0.709951 0.259370 0.001677
2 2 0.007348 0.007894 0.657835 0.326022 0.000902
3 2 0.003610 0.012233 0.423968 0.557633 0.002555
3 2 0.003547 0.002836 0.326245 0.666832 0.000540
2 2 0.014848 0.022999 0.677963 0.281131 0.003058
3 2 0.070834 0.018183 0.265541 0.636896 0.008547
3 2 0.106964 0.026992 0.311806 0.542156 0.012082
3 2 0.094795 0.028195 0.412868 0.454175 0.009969
3 3 0.022659 0.005374 0.098981 0.869466 0.003520
3 3 0.038012 0.012769 0.181224 0.755911 0.012084
3 3 0.003373 0.000488 0.047641 0.948138 0.000360
3 3 0.005678 0.003129 0.125153 0.864794 0.001245
3 3 0.003512 0.001086 0.082619 0.912243 0.000540
3 3 0.002971 0.000757 0.030649 0.964989 0.000633
3 3 0.008116 0.001484 0.090018 0.899462 0.000920
3 3 0.001284 0.000416 0.018018 0.979910 0.000374
3 3 0.002862 0.001069 0.054159 0.941290 0.000620
3 3 0.007313 0.001514 0.063950 0.926178 0.001045
3 3 0.009635 0.002964 0.074313 0.911165 0.001923
3 3 0.001763 0.000269 0.017611 0.980059 0.000299
3 3 0.038431 0.002343 0.034801 0.920092 0.004333
3 3 0.019939 0.002201 0.035049 0.939639 0.003173
3 3 0.055421 0.007440 0.075514 0.853592 0.008033
3 3 0.022221 0.001760 0.029865 0.943125 0.003029
3 3 0.018505 0.001089 0.021020 0.957031 0.002354
3 3 0.010267 0.001200 0.030697 0.956316 0.001520
3 3 0.011778 0.000758 0.025345 0.960925 0.001195
3 3 0.020765 0.001984 0.033932 0.940328 0.002991
3 3 0.002710 0.000342 0.011479 0.984875 0.000594
3 3 0.050221 0.002614 0.049559 0.893627 0.003978
3 3 0.015711 0.002071 0.045316 0.934575 0.002327
3 3 0.002350 0.000604 0.028183 0.968367 0.000495
3 3 0.003727 0.000570 0.040391 0.954838 0.000475
3 3 0.004011 0.000688 0.035159 0.959519 0.000623
3 3 0.002204 0.000425 0.016801 0.980071 0.000498
3 3 0.010736 0.002850 0.095344 0.889380 0.001690
3 3 0.001791 0.000793 0.030067 0.966821 0.000528
3 3 0.002242 0.000928 0.025920 0.970154 0.000757
3 3 0.013180 0.001968 0.090508 0.892961 0.001382
3 3 0.003343 0.000902 0.074580 0.920691 0.000484
3 3 0.029204 0.004194 0.101803 0.861606 0.003193
3 3 0.009248 0.001152 0.030997 0.957211 0.001393
3 3 0.006826 0.001637 0.038385 0.951684 0.001468
3 3 0.010121 0.002151 0.051466 0.934464 0.001798
3 3 0.004827 0.000967 0.032376 0.960922 0.000907
3 3 0.016398 0.001605 0.036771 0.943143 0.002083
3 3 0.006510 0.000689 0.019832 0.971911 0.001059
3 3 0.017573 0.002187 0.048017 0.929900 0.002323
3 3 0.004965 0.000424 0.015720 0.978174 0.000717
3 3 0.016867 0.002468 0.045148 0.932811 0.002707
3 3 0.037937 0.008136 0.072673 0.873368 0.007886
3 3 0.023617 0.001928 0.050381 0.921866 0.002208
3 3 0.024905 0.004949 0.058365 0.906785 0.004996
3 3 0.030479 0.002257 0.038037 0.925661 0.003566
3 3 0.024855 0.002998 0.064356 0.904965 0.002826
3 3 0.023189 0.014509 0.441194 0.517799 0.003309
3 3 0.096205 0.015934 0.309545 0.570607 0.007709
3 3 0.015440 0.007303 0.190519 0.782719 0.004019
3 3 0.012008 0.004038 0.101567 0.880127 0.002259
3 3 0.015237 0.003746 0.075805 0.902575 0.002638
3 3 0.044747 0.011227 0.148318 0.788887 0.006821
3 3 0.076287 0.030254 0.288906 0.592286 0.012266
3 3 0.025088 0.010289 0.094165 0.863621 0.006836
3 3 0.039888 0.017216 0.150699 0.781998 0.010198
3 3 0.067616 0.021058 0.226604 0.674546 0.010176
3 3 0.028195 0.009713 0.158093 0.799207 0.004792
3 3 0.020969 0.005504 0.134504 0.835929 0.003095
3 3 0.013192 0.001984 0.056991 0.926147 0.001686
3 3 0.073309 0.012365 0.253623 0.654405 0.006298
3 3 0.011531 0.001888 0.044432 0.940321 0.001828
3 3 0.002800 0.000368 0.014518 0.981781 0.000534
3 3 0.066485 0.016945 0.132858 0.771849 0.011863
3 3 0.036824 0.005054 0.079028 0.874324 0.004771
3 3 0.067840 0.008657 0.096829 0.818570 0.008104
3 3 0.060618 0.005082 0.076312 0.852310 0.005678
3 2 0.011844 0.011792 0.344647 0.629184 0.002534
3 2 0.025582 0.006100 0.283992 0.682102 0.002224
3 2 0.020555 0.018254 0.388891 0.568048 0.004252
3 2 0.035367 0.018436 0.384336 0.556597 0.005264
3 2 0.028173 0.008044 0.264886 0.694794 0.004104
3 2 0.014136 0.010032 0.418832 0.554865 0.002136
3 2 0.006816 0.008440 0.227568 0.755079 0.002097
3 2 0.004084 0.003083 0.289812 0.702371 0.000650
3 2 0.003851 0.004848 0.255756 0.734573 0.000973
3 2 0.048318 0.016606 0.438662 0.491510 0.004904
2 2 0.012566 0.026638 0.534814 0.413758 0.012224
2 2 0.066163 0.019524 0.682069 0.216589 0.015656
2 2 0.167807 0.196168 0.574967 0.035988 0.025070
2 2 0.023365 0.098110 0.767568 0.103509 0.007448
2 2 0.007000 0.056979 0.808617 0.124302 0.003102
2 2 0.000535 0.006610 0.931051 0.061346 0.000458
2 2 0.000043 0.002522 0.941685 0.055720 0.000030
2 2 0.000008 0.001101 0.889789 0.109086 0.000015
2 2 0.000003 0.000900 0.947691 0.051397 0.000009
2 2 0.000042 0.003872 0.955935 0.040097 0.000054
2 2 0.000359 0.005572 0.911411 0.082253 0.000405
2 2 0.000343 0.006324 0.908017 0.085168 0.000147
2 2 0.000231 0.002531 0.958885 0.038161 0.000192
2 2 0.000165 0.002979 0.910926 0.085807 0.000124
2 2 0.000056 0.004168 0.921575 0.074158 0.000043
2 2 0.000073 0.007341 0.939561 0.051539 0.001486
2 2 0.001416 0.012774 0.907237 0.077049 0.001524
2 2 0.001024 0.034597 0.941369 0.021570 0.001440
2 2 0.000251 0.021681 0.891792 0.082178 0.004098
2 2 0.001241 0.048052 0.916797 0.030568 0.003341
2 4 0.001923 0.127779 0.709135 0.015968 0.145195
2 4 0.003368 0.139626 0.652589 0.024158 0.180259
2 4 0.009720 0.252249 0.481913 0.005526 0.250593
1 4 0.107127 0.545640 0.226363 0.000157 0.120713
2 4 0.003012 0.149285 0.653695 0.021164 0.172845
4 4 0.014605 0.074745 0.038763 0.001874 0.870013
4 4 0.010472 0.108036 0.049302 0.001553 0.830637
4 4 0.029077 0.015544 0.013616 0.002550 0.939213
4 4 0.076938 0.030549 0.013409 0.000102 0.879002
4 4 0.023098 0.022339 0.010812 0.000229 0.943523
4 4 0.013389 0.035982 0.011172 0.000038 0.939419
4 4 0.005525 0.099935 0.032463 0.000181 0.861896
4 4 0.011257 0.017874 0.010340 0.000326 0.960204
4 4 0.023071 0.036404 0.007927 0.000007 0.932591
4 4 0.013454 0.025839 0.014234 0.000446 0.946027
4 4 0.003424 0.085564 0.100502 0.000822 0.809688
4 4 0.003309 0.151752 0.197976 0.001324 0.645638
4 4 0.003639 0.109887 0.199157 0.002774 0.684543
4 4 0.006995 0.177770 0.088290 0.000113 0.726832
4 4 0.006376 0.107070 0.162540 0.003530 0.720484
4 4 0.008833 0.121707 0.133987 0.004711 0.730763
4 4 0.013255 0.069375 0.041101 0.000163 0.876106
4 4 0.002893 0.145855 0.259789 0.003602 0.587860
4 4 0.007881 0.059321 0.161763 0.006815 0.764220
4 4 0.009328 0.085463 0.061428 0.000469 0.843312
4 4 0.003369 0.184152 0.272292 0.000648 0.539539
4 4 0.002202 0.153016 0.391986 0.003289 0.449507
4 4 0.002679 0.110883 0.388574 0.001953 0.495912
4 4 0.007599 0.218921 0.260097 0.000272 0.513111
4 4 0.012349 0.287179 0.272762 0.000316 0.427394
1 1 0.107778 0.563524 0.200752 0.000045 0.127902
2 1 0.001922 0.146408 0.739856 0.003528 0.108286
2 1 0.000291 0.054491 0.867832 0.009856 0.067529
2 2 0.000320 0.061064 0.864172 0.006668 0.067776
2 2 0.000440 0.053630 0.884373 0.008259 0.053298
2 2 0.000124 0.044307 0.913293 0.002208 0.040067
2 2 0.000065 0.033623 0.934345 0.001475 0.030492
2 2 0.000411 0.067767 0.866070 0.006708 0.059045
2 2 0.000123 0.041401 0.910924 0.003375 0.044178
2 2 0.000264 0.064109 0.886670 0.002348 0.046609
2 2 0.000074 0.021368 0.956836 0.011808 0.009914
2 2 0.000170 0.017171 0.960321 0.009614 0.012725
2 2 0.000057 0.020111 0.968790 0.003303 0.007738
2 2 0.000101 0.017394 0.963477 0.010468 0.008560
2 2 0.001044 0.077464 0.847674 0.030949 0.042869
2 2 0.000599 0.077274 0.746218 0.006730 0.169179
2 2 0.000265 0.047936 0.821938 0.006310 0.123551
2 2 0.002435 0.128497 0.589177 0.006776 0.273115
2 2 0.002029 0.077543 0.689986 0.017496 0.212946
2 2 0.019129 0.183435 0.403941 0.001831 0.391664
2 2 0.000351 0.061519 0.852304 0.008829 0.076997
2 2 0.000216 0.024311 0.899889 0.016330 0.059254
2 2 0.000303 0.067346 0.840079 0.003760 0.088512
2 2 0.000607 0.081871 0.817057 0.008317 0.092147
2 4 0.008640 0.094101 0.547658 0.007377 0.342224
2 4 0.001439 0.154886 0.491592 0.000385 0.351698
2 4 0.000796 0.110463 0.634066 0.003449 0.251226
2 4 0.000761 0.089184 0.670946 0.006079 0.233029
2 4 0.001929 0.139304 0.484880 0.000368 0.373519
4 4 0.002575 0.131232 0.396742 0.000556 0.468895
2 4 0.004607 0.218539 0.503764 0.000212 0.272879
2 4 0.000647 0.108713 0.739359 0.001633 0.149648
2 2 0.000320 0.066811 0.822485 0.004958 0.105426
2 2 0.000979 0.101888 0.716829 0.009444 0.170859
2 2 0.001104 0.109319 0.645112 0.003603 0.240863
2 2 0.000347 0.069490 0.833483 0.004646 0.092034
2 2 0.000529 0.042226 0.827605 0.018962 0.110679
2 2 0.000462 0.077549 0.820019 0.005518 0.096451
2 2 0.000528 0.088760 0.783028 0.003981 0.123702
2 2 0.001747 0.106016 0.715373 0.002084 0.174780
2 2 0.000057 0.046149 0.831716 0.000368 0.121711
2 2 0.000503 0.093671 0.673849 0.000368 0.231609
2 2 0.000044 0.040884 0.858833 0.000328 0.099911
2 2 0.000195 0.067449 0.767738 0.001362 0.163256
2 2 0.000034 0.036934 0.876052 0.000098 0.086882
2 2 0.000177 0.033381 0.959087 0.001553 0.005803
2 2 0.000010 0.006967 0.988260 0.002888 0.001875
2 2 0.000007 0.006349 0.990995 0.001048 0.001601
2 2 0.000271 0.006049 0.982193 0.001125 0.010361
2 2 0.000063 0.012433 0.979141 0.004682 0.003682
2 2 0.000052 0.005529 0.988120 0.002345 0.003953
2 2 0.000036 0.012266 0.982147 0.002762 0.002789
2 2 0.000003 0.005148 0.991986 0.000486 0.002377
2 2 0.000017 0.009470 0.985733 0.002183 0.002598
2 2 0.000040 0.012692 0.964160 0.006779 0.016330
2 2 0.000031 0.010564 0.980289 0.005745 0.003370
2 2 0.000025 0.009283 0.965293 0.022518 0.002881
2 2 0.000054 0.012680 0.962830 0.021862 0.002574
2 2 0.000030 0.009687 0.981575 0.002940 0.005768
2 2 0.000115 0.015675 0.973783 0.007467 0.002959
2 2 0.000007 0.004658 0.989714 0.004669 0.000953
2 2 0.000080 0.004633 0.981134 0.012262 0.001891
2 2 0.000017 0.007194 0.982457 0.009053 0.001280
2 2 0.000018 0.003870 0.985508 0.007196 0.003408
2 2 0.000022 0.005151 0.974662 0.018099 0.002066
2 2 0.000635 0.017143 0.967180 0.011700 0.003343
2 2 0.000008 0.005293 0.984306 0.009171 0.001222
2 2 0.000210 0.009928 0.973241 0.009736 0.006885
2 2 0.000036 0.004784 0.986349 0.007143 0.001688
2 2 0.000106 0.008682 0.983755 0.004180 0.003278
2 2 0.000014 0.002395 0.981923 0.015460 0.000208
2 2 0.000311 0.008884 0.983527 0.004684 0.002593
2 2 0.000047 0.003486 0.974349 0.021210 0.000908
2 2 0.000044 0.004186 0.986993 0.007777 0.000999
2 2 0.000056 0.007865 0.977911 0.013312 0.000856
2 2 0.000156 0.007991 0.978960 0.010078 0.002815
2 2 0.000300 0.003451 0.962340 0.032097 0.001811
2 2 0.000022 0.005297 0.976229 0.017041 0.001411
2 2 0.000052 0.004631 0.984660 0.009735 0.000922
2 2 0.000017 0.005161 0.965356 0.028699 0.000767
2 2 0.000010 0.003977 0.989176 0.006582 0.000254
2 2 0.000046 0.003380 0.961877 0.034050 0.000646
2 2 0.000090 0.003365 0.941040 0.054859 0.000645
2 2 0.000032 0.007465 0.978696 0.013250 0.000557
2 2 0.000075 0.006133 0.984963 0.006748 0.002081
2 2 0.000040 0.003039 0.984055 0.012841 0.000025
2 2 0.002843 0.005705 0.941981 0.049041 0.000430
2 2 0.000023 0.002415 0.926205 0.071287 0.000070
2 2 0.000009 0.001890 0.929852 0.068213 0.000037
2 2 0.000052 0.005081 0.964553 0.030134 0.000180
2 2 0.000154 0.001476 0.920509 0.077541 0.000320
2 2 0.000735 0.010301 0.946939 0.041631 0.000392
2 2 0.000089 0.002419 0.896576 0.100868 0.000047
2 2 0.000885 0.004588 0.925831 0.068331 0.000365
2 2 0.000762 0.014392 0.950706 0.032216 0.001924
0 1 0.747718 0.168628 0.043342 0.000545 0.039766
1 1 0.278065 0.489977 0.188968 0.001239 0.041751
1 2 0.350480 0.464977 0.140510 0.000893 0.043139
1 2 0.325381 0.474719 0.155731 0.001025 0.043143
0 0 0.797061 0.108820 0.059506 0.000956 0.033658
0 0 0.957597 0.024031 0.003831 0.000081 0.014460
0 0 0.852173 0.116053 0.011094 0.000042 0.020639
0 0 0.887042 0.090937 0.007241 0.000015 0.014766
0 0 0.746277 0.213475 0.016971 0.000035 0.023241
0 0 0.636883 0.287019 0.034512 0.000281 0.041305
0 0 0.711577 0.241751 0.019262 0.000018 0.027391
0 0 0.591688 0.316490 0.031231 0.000058 0.060533
0 0 0.644584 0.237291 0.040662 0.000106 0.077357
0 0 0.610916 0.320866 0.038364 0.000040 0.029814
0 0 0.814442 0.146789 0.011551 0.000017 0.027201
1 1 0.080382 0.522276 0.123395 0.000005 0.273942
1 1 0.077674 0.462467 0.095648 0.000008 0.364204
4 1 0.011628 0.315270 0.275481 0.000199 0.397422
4 2 0.018785 0.376885 0.185244 0.000036 0.419049
4 2 0.014454 0.322704 0.157586 0.000043 0.505212
1 2 0.145943 0.527527 0.146182 0.000115 0.180233
1 2 0.100110 0.479961 0.146358 0.000225 0.273346
1 2 0.128213 0.511189 0.149691 0.000179 0.210729
1 1 0.094448 0.519455 0.186293 0.000147 0.199656
1 1 0.134698 0.489180 0.120637 0.000134 0.255351
1 1 0.025593 0.409870 0.257311 0.000089 0.307136
2 1 0.006993 0.259125 0.523660 0.001210 0.209013
2 1 0.004320 0.124844 0.673594 0.015959 0.181283
2 2 0.000896 0.043042 0.789219 0.035920 0.130923
2 2 0.000341 0.068583 0.858404 0.003023 0.069649
2 2 0.000020 0.011279 0.980314 0.003649 0.004738
2 2 0.000007 0.005694 0.991154 0.001769 0.001376
2 2 0.000001 0.002144 0.995455 0.001058 0.001343
2 2 0.000007 0.006321 0.988759 0.002717 0.002196
2 2 0.000019 0.011228 0.981825 0.003862 0.003066
2 2 0.000077 0.006326 0.979839 0.006127 0.007631
2 2 0.000045 0.014313 0.978184 0.003956 0.003502
2 2 0.000018 0.011563 0.981928 0.002779 0.003713
2 2 0.000002 0.003134 0.993359 0.002276 0.001229
2 2 0.000012 0.007593 0.988343 0.002239 0.001812
2 2 0.000300 0.022637 0.896950 0.028295 0.051819
2 2 0.000486 0.065082 0.847996 0.014845 0.071590
2 2 0.000793 0.087781 0.826404 0.010320 0.074702
2 2 0.000971 0.090448 0.818480 0.014993 0.075109
2 2 0.000546 0.076730 0.850919 0.007506 0.064298
2 2 0.000532 0.049085 0.820281 0.012603 0.117499
2 2 0.001544 0.146913 0.621136 0.001263 0.229145
2 2 0.002068 0.156857 0.599850 0.003654 0.237570
2 2 0.004016 0.222235 0.498452 0.000968 0.274328
4 2 0.012086 0.173436 0.324410 0.000241 0.489827
