0 0 0.913885 0.062612 0.015866 0.000017 0.007620
0 0 0.814344 0.149364 0.019923 0.000004 0.016365
0 0 0.827977 0.130474 0.028436 0.000014 0.013099
0 0 0.873243 0.089246 0.025118 0.000055 0.012338
0 1 0.636140 0.298553 0.036244 0.000005 0.029057
4 1 0.174728 0.357907 0.027533 0.000000 0.439831
1 1 0.146545 0.441092 0.033837 0.000001 0.378525
1 1 0.130752 0.436877 0.030000 0.000001 0.402370
4 4 0.209715 0.105334 0.017903 0.000001 0.667046
4 4 0.171563 0.111111 0.019737 0.000001 0.697587
4 4 0.099843 0.187732 0.016927 0.000001 0.695498
4 4 0.149642 0.222336 0.024827 0.000001 0.603195
4 4 0.136781 0.268539 0.023054 0.000001 0.571625
4 4 0.111023 0.213740 0.021311 0.000000 0.653926
4 4 0.091026 0.410269 0.018610 0.000000 0.480095
4 4 0.116012 0.359058 0.021278 0.000000 0.503652
4 4 0.096363 0.427355 0.020267 0.000000 0.456016
4 4 0.099317 0.186028 0.017323 0.000000 0.697331
4 4 0.097734 0.110631 0.015079 0.000000 0.776556
4 4 0.091825 0.346402 0.024001 0.000000 0.537772
4 4 0.101923 0.220973 0.039422 0.000002 0.637680
4 4 0.092278 0.111669 0.027038 0.000001 0.769013
4 4 0.114404 0.229644 0.054281 0.000023 0.601647
4 4 0.098725 0.270371 0.046841 0.000009 0.584054
4 4 0.147199 0.208478 0.042049 0.000021 0.602252
4 4 0.130299 0.385085 0.046847 0.000000 0.437768
1 4 0.075069 0.622682 0.060452 0.000001 0.241796
1 4 0.045015 0.587709 0.103444 0.000001 0.263831
1 1 0.071085 0.565766 0.064969 0.000000 0.298181
1 1 0.098712 0.540698 0.075029 0.000000 0.285560
1 1 0.032009 0.603012 0.139203 0.000002 0.225774
1 1 0.028837 0.584242 0.170073 0.000008 0.216840
1 1 0.024544 0.603757 0.173738 0.000007 0.197954
1 1 0.026099 0.579778 0.165453 0.000012 0.228658
1 1 0.038768 0.522005 0.180597 0.000004 0.258625
2 1 0.001047 0.311216 0.614891 0.000054 0.072792
2 1 0.001108 0.327987 0.573487 0.000072 0.097346
2 2 0.000839 0.288326 0.645414 0.000107 0.065314
2 2 0.000345 0.159287 0.776890 0.000074 0.063404
2 2 0.000878 0.145395 0.816192 0.000069 0.037466
2 2 0.000192 0.028532 0.966785 0.000956 0.003535
2 2 0.000137 0.058055 0.936402 0.000241 0.005165
2 2 0.000248 0.008952 0.987213 0.000345 0.003241
2 2 0.000132 0.011741 0.983214 0.000069 0.004844
2 2 0.000296 0.006865 0.990891 0.000105 0.001844
2 3 0.000046 0.000768 0.967367 0.031793 0.000026
2 3 0.000211 0.002622 0.930730 0.066326 0.000111
2 3 0.000157 0.001662 0.946779 0.051335 0.000068
2 3 0.000077 0.002648 0.959258 0.037985 0.000032
2 3 0.000156 0.001566 0.955213 0.042934 0.000131
2 3 0.000132 0.003397 0.947429 0.048941 0.000102
2 3 0.000060 0.001392 0.955011 0.043494 0.000043
2 3 0.000322 0.004058 0.893342 0.102078 0.000200
2 3 0.000079 0.001114 0.945101 0.053657 0.000049
2 3 0.000535 0.006078 0.868343 0.124581 0.000462
3 3 0.000010 0.000350 0.137385 0.862250 0.000005
3 3 0.000048 0.000666 0.137395 0.861875 0.000017
3 3 0.000012 0.000280 0.146779 0.852926 0.000003
3 3 0.000021 0.000468 0.109901 0.889603 0.000007
3 3 0.000015 0.000368 0.108917 0.890692 0.000008
3 3 0.000077 0.001234 0.165563 0.833098 0.000027
3 3 0.000017 0.000363 0.090824 0.908788 0.000009
3 3 0.000018 0.000368 0.095670 0.903936 0.000007
3 3 0.000014 0.000335 0.087826 0.911819 0.000006
3 3 0.000012 0.000327 0.100521 0.899133 0.000007
3 3 0.000045 0.000589 0.060366 0.938980 0.000020
3 3 0.000058 0.000631 0.051419 0.947866 0.000027
3 3 0.000090 0.000940 0.065172 0.933758 0.000041
3 3 0.000166 0.001513 0.079124 0.919123 0.000074
3 3 0.000045 0.000557 0.053530 0.945846 0.000021
3 3 0.000022 0.000340 0.049378 0.950250 0.000010
3 3 0.000121 0.001030 0.055416 0.943376 0.000058
3 3 0.000037 0.000478 0.050867 0.948602 0.000017
3 3 0.000062 0.000695 0.057139 0.942076 0.000028
3 3 0.000097 0.000903 0.055871 0.943083 0.000046
3 3 0.000281 0.001755 0.057774 0.940051 0.000139
3 3 0.000148 0.001212 0.059898 0.938672 0.000070
3 3 0.000282 0.001581 0.047427 0.950563 0.000147
3 3 0.000235 0.001448 0.049404 0.948793 0.000120
3 3 0.000364 0.001993 0.054689 0.942769 0.000185
3 3 0.000077 0.000668 0.041228 0.957988 0.000039
3 3 0.000042 0.000436 0.036700 0.962801 0.000021
3 3 0.000152 0.001089 0.047829 0.950854 0.000076
3 3 0.000312 0.001275 0.028393 0.969836 0.000185
3 3 0.000168 0.001243 0.054414 0.944093 0.000082
3 3 0.000093 0.000700 0.036250 0.962908 0.000049
3 3 0.000204 0.001057 0.032349 0.966275 0.000115
3 3 0.000057 0.000474 0.030903 0.968536 0.000030
3 3 0.000196 0.001049 0.033325 0.965320 0.000109
3 3 0.000195 0.001044 0.033305 0.965348 0.000108
3 3 0.000066 0.000568 0.036205 0.963126 0.000034
3 3 0.000207 0.001181 0.039121 0.959380 0.000111
3 3 0.000104 0.000654 0.028194 0.970990 0.000059
3 3 0.000092 0.000688 0.035713 0.963458 0.000048
3 3 0.000032 0.000337 0.031361 0.968254 0.000016
3 3 0.000259 0.001122 0.027618 0.970849 0.000153
3 3 0.000179 0.000852 0.025047 0.973814 0.000107
3 3 0.000117 0.000706 0.028515 0.970595 0.000066
3 3 0.000143 0.000905 0.036290 0.962586 0.000076
3 3 0.000182 0.000812 0.022534 0.976361 0.000111
3 3 0.000191 0.000792 0.020375 0.978523 0.000120
3 3 0.000230 0.001040 0.027428 0.971167 0.000135
3 3 0.000040 0.000383 0.030632 0.968924 0.000021
3 3 0.000197 0.000814 0.020661 0.978205 0.000123
3 3 0.000132 0.000709 0.025215 0.973868 0.000077
3 3 0.000174 0.000736 0.019640 0.979339 0.000110
3 3 0.000162 0.000694 0.019063 0.979979 0.000103
3 3 0.000160 0.000684 0.018924 0.980132 0.000101
3 3 0.000096 0.000532 0.021129 0.978186 0.000057
3 3 0.000106 0.000529 0.018701 0.980598 0.000066
3 3 0.000262 0.001031 0.023251 0.975295 0.000162
3 3 0.000155 0.000688 0.019717 0.979342 0.000097
3 3 0.000285 0.001107 0.024087 0.974346 0.000175
3 3 0.000189 0.000787 0.020311 0.978594 0.000119
3 3 0.000125 0.000559 0.017103 0.982133 0.000080
3 3 0.000141 0.000711 0.023359 0.975704 0.000084
3 3 0.000172 0.000935 0.031265 0.967532 0.000096
3 3 0.000198 0.000819 0.020720 0.978138 0.000124
3 3 0.000176 0.000742 0.019716 0.979256 0.000111
3 3 0.000141 0.000714 0.023709 0.975352 0.000084
3 3 0.000155 0.000668 0.018711 0.980367 0.000098
3 3 0.000121 0.000583 0.019352 0.979869 0.000075
3 3 0.000152 0.000657 0.018551 0.980544 0.000096
3 3 0.000195 0.000835 0.021898 0.976952 0.000120
3 3 0.000275 0.001073 0.023714 0.974769 0.000169
3 3 0.000169 0.000719 0.019480 0.979525 0.000107
3 3 0.000411 0.001495 0.027993 0.969853 0.000248
3 3 0.000269 0.001055 0.023521 0.974988 0.000166
3 3 0.000248 0.000984 0.022712 0.975903 0.000153
3 3 0.000248 0.000984 0.022719 0.975896 0.000153
3 3 0.000323 0.001226 0.025357 0.972896 0.000197
3 3 0.000102 0.000592 0.023921 0.975324 0.000060
3 3 0.000103 0.000567 0.021854 0.977414 0.000062
3 3 0.000111 0.000532 0.017833 0.981454 0.000070
3 3 0.000194 0.000803 0.020511 0.978372 0.000121
3 3 0.014542 0.032580 0.291459 0.658120 0.003299
2 3 0.109606 0.169161 0.579298 0.128287 0.013648
2 2 0.003787 0.036920 0.549367 0.408494 0.001432
2 2 0.004781 0.026813 0.496052 0.471308 0.001046
3 2 0.001561 0.012239 0.474899 0.510875 0.000426
2 2 0.038661 0.169883 0.755517 0.020967 0.014971
2 2 0.191664 0.236661 0.542294 0.013632 0.015749
1 1 0.256861 0.423477 0.287529 0.001692 0.030441
0 1 0.513613 0.265238 0.195178 0.002025 0.023946
0 0 0.504066 0.269960 0.190368 0.003898 0.031708
1 1 0.065131 0.472930 0.370402 0.001153 0.090383
2 1 0.039140 0.388453 0.486794 0.003124 0.082489
0 0 0.397009 0.365670 0.161184 0.000973 0.075164
1 1 0.147066 0.371821 0.291977 0.000400 0.188735
1 1 0.030974 0.526627 0.373298 0.001806 0.067294
2 1 0.000029 0.013105 0.985196 0.000747 0.000924
2 2 0.000030 0.007795 0.987838 0.003878 0.000459
2 2 0.000051 0.006818 0.987675 0.004670 0.000786
2 2 0.000278 0.009286 0.985363 0.003068 0.002005
2 2 0.000010 0.007082 0.991585 0.000719 0.000604
2 2 0.001747 0.262774 0.696765 0.000580 0.038134
2 2 0.000477 0.190075 0.771431 0.000098 0.037919
2 2 0.000857 0.105068 0.840963 0.000072 0.053041
2 2 0.000624 0.338392 0.604285 0.000022 0.056677
2 2 0.001827 0.327921 0.629981 0.000224 0.040046
2 2 0.000296 0.133252 0.822299 0.000061 0.044094
2 2 0.000408 0.258180 0.691027 0.000022 0.050362
2 2 0.000335 0.187720 0.779709 0.000072 0.032164
2 2 0.000179 0.157140 0.803820 0.000035 0.038826
2 2 0.000075 0.090730 0.874547 0.000017 0.034630
2 2 0.000207 0.071177 0.921496 0.000133 0.006987
2 2 0.000053 0.033321 0.961055 0.000125 0.005447
2 2 0.000193 0.044457 0.950421 0.000319 0.004610
2 2 0.000110 0.023238 0.971126 0.000045 0.005481
2 2 0.000204 0.030904 0.957915 0.000075 0.010901
2 2 0.004730 0.128804 0.764797 0.000025 0.101644
2 2 0.001904 0.452945 0.481195 0.000034 0.063923
2 2 0.006298 0.246547 0.609552 0.000021 0.137583
1 2 0.002257 0.473583 0.460034 0.000112 0.064014
2 2 0.002604 0.360274 0.557025 0.000031 0.080067
2 2 0.042418 0.324833 0.601819 0.002794 0.028136
2 2 0.028953 0.461289 0.482020 0.002543 0.025195
1 2 0.206649 0.445122 0.321030 0.001038 0.026161
0 0 0.789358 0.120194 0.068140 0.001765 0.020543
1 1 0.049913 0.618195 0.292830 0.000772 0.038289
2 1 0.000245 0.035670 0.956211 0.007159 0.000715
2 2 0.000253 0.001794 0.991221 0.006619 0.000114
2 2 0.000350 0.021513 0.976328 0.001030 0.000780
2 2 0.001033 0.006966 0.986937 0.004897 0.000168
2 2 0.001206 0.041862 0.956000 0.000278 0.000654
2 2 0.002284 0.041692 0.949971 0.000139 0.005913
2 2 0.002512 0.024683 0.970493 0.000812 0.001500
2 2 0.002801 0.101876 0.892071 0.001730 0.001522
2 2 0.003943 0.041102 0.952585 0.000172 0.002198
2 2 0.001312 0.036465 0.959770 0.000653 0.001801
2 2 0.001071 0.012384 0.985318 0.000413 0.000814
2 2 0.000323 0.032075 0.965992 0.000407 0.001203
2 2 0.000561 0.022866 0.975436 0.000166 0.000971
2 2 0.001025 0.053052 0.942975 0.000715 0.002233
2 2 0.000535 0.009716 0.988557 0.000720 0.000471
2 2 0.001522 0.037126 0.959832 0.000240 0.001279
2 2 0.001309 0.061186 0.934041 0.001930 0.001534
2 2 0.010931 0.171142 0.813881 0.000505 0.003541
2 2 0.000951 0.086854 0.909480 0.000583 0.002132
2 2 0.001964 0.018196 0.977125 0.000652 0.002064
2 2 0.008819 0.133774 0.849426 0.000326 0.007655
2 2 0.004338 0.156807 0.829099 0.000524 0.009232
2 2 0.006407 0.057183 0.922368 0.000664 0.013378
2 2 0.038782 0.290021 0.658830 0.000322 0.012046
2 2 0.011908 0.344099 0.631514 0.000598 0.011880
0 0 0.434875 0.274316 0.275765 0.001181 0.013863
1 0 0.217658 0.428451 0.322874 0.002134 0.028884
2 0 0.021354 0.295458 0.665230 0.007598 0.010359
2 1 0.014604 0.087669 0.877889 0.002463 0.017376
2 1 0.017023 0.064423 0.901542 0.001594 0.015419
2 2 0.003823 0.198584 0.750190 0.000057 0.047346
2 2 0.014573 0.370328 0.572012 0.000050 0.043036
2 2 0.008998 0.141143 0.813221 0.000107 0.036530
2 2 0.008399 0.358194 0.590055 0.000100 0.043252
1 2 0.008500 0.497577 0.455893 0.000076 0.037954
2 2 0.010155 0.075120 0.883685 0.000529 0.030511
2 2 0.005058 0.069531 0.905039 0.000075 0.020296
2 2 0.018838 0.310175 0.659580 0.000032 0.011374
2 2 0.014809 0.459486 0.510499 0.000043 0.015163
2 2 0.010088 0.213339 0.766826 0.000981 0.008766
2 2 0.006833 0.235104 0.752870 0.000589 0.004603
2 2 0.003675 0.154843 0.835215 0.000177 0.006090
2 2 0.004398 0.015811 0.975164 0.001073 0.003554
2 2 0.097653 0.322428 0.574412 0.000421 0.005086
2 2 0.009047 0.411889 0.571981 0.000425 0.006658
2 2 0.004443 0.197841 0.792022 0.000603 0.005091
2 2 0.005354 0.211501 0.775569 0.000157 0.007419
2 2 0.003418 0.052428 0.935226 0.000276 0.008652
2 2 0.001882 0.054567 0.935907 0.000154 0.007489
2 2 0.006755 0.298350 0.685640 0.000330 0.008926
1 2 0.121216 0.565873 0.288763 0.000230 0.023918
1 2 0.067202 0.587346 0.321286 0.000306 0.023861
1 2 0.048461 0.574389 0.349701 0.000669 0.026779
2 2 0.073597 0.431190 0.475991 0.001335 0.017887
1 2 0.328305 0.403796 0.242754 0.000597 0.024548
0 0 0.567181 0.306543 0.092138 0.000192 0.033946
1 0 0.203793 0.589436 0.155876 0.000174 0.050721
1 0 0.108810 0.610678 0.234050 0.000503 0.045959
1 1 0.099071 0.659162 0.194377 0.000206 0.047184
1 1 0.140444 0.612451 0.198814 0.000312 0.047978
1 1 0.074267 0.553431 0.325322 0.000457 0.046523
1 1 0.195715 0.613648 0.147879 0.000072 0.042687
1 1 0.081460 0.681819 0.192910 0.000141 0.043670
1 1 0.093016 0.664658 0.202370 0.000140 0.039816
1 1 0.088263 0.657230 0.214503 0.000184 0.039820
0 1 0.334511 0.298150 0.332205 0.006820 0.028314
0 1 0.505519 0.319233 0.128839 0.001198 0.045210
1 1 0.370002 0.436774 0.133227 0.000645 0.059352
0 0 0.967038 0.017766 0.003394 0.000178 0.011623
0 0 0.972928 0.014599 0.002603 0.000116 0.009754
0 0 0.997127 0.001244 0.000090 0.000000 0.001539
0 0 0.994387 0.001881 0.000176 0.000000 0.003557
0 0 0.997589 0.000998 0.000083 0.000000 0.001330
0 0 0.997175 0.001460 0.000115 0.000001 0.001249
0 0 0.996647 0.001340 0.000108 0.000000 0.001905
0 0 0.992331 0.002515 0.000216 0.000001 0.004937
0 0 0.983201 0.006086 0.000375 0.000001 0.010337
0 0 0.995306 0.001689 0.000178 0.000001 0.002827
0 0 0.986852 0.004985 0.000578 0.000004 0.007581
0 0 0.974666 0.013426 0.001199 0.000016 0.010693
1 0 0.261198 0.470154 0.066067 0.000009 0.202572
1 0 0.240719 0.552454 0.058281 0.000002 0.148545
1 0 0.216118 0.540708 0.069979 0.000009 0.173185
1 0 0.217573 0.605574 0.044434 0.000002 0.132418
1 0 0.187965 0.672684 0.038429 0.000002 0.100920
1 0 0.070595 0.620092 0.021171 0.000000 0.288142
1 0 0.071069 0.675709 0.019262 0.000000 0.233960
1 1 0.053163 0.687790 0.020263 0.000000 0.238783
1 1 0.095905 0.638509 0.016005 0.000000 0.249581
1 1 0.044136 0.678099 0.022541 0.000000 0.255224
1 1 0.025059 0.645650 0.064124 0.000001 0.265167
1 1 0.018589 0.674843 0.062501 0.000002 0.244064
1 1 0.014376 0.640635 0.059577 0.000000 0.285412
1 1 0.015822 0.564627 0.054210 0.000000 0.365341
1 1 0.020480 0.662497 0.055196 0.000000 0.261827
1 1 0.094343 0.584672 0.266119 0.001265 0.053601
1 1 0.105312 0.664480 0.157402 0.000331 0.072475
0 0 0.860995 0.086935 0.038437 0.000347 0.013286
0 0 0.454390 0.293643 0.185384 0.001145 0.065438
0 0 0.801701 0.129652 0.038909 0.000187 0.029551
0 0 0.942148 0.031432 0.006606 0.000251 0.019562
0 0 0.984031 0.007859 0.001221 0.000027 0.006862
0 0 0.981675 0.007768 0.001350 0.000023 0.009184
0 0 0.931383 0.028428 0.003919 0.000055 0.036216
0 0 0.899174 0.060328 0.010492 0.000266 0.029740
0 0 0.770285 0.043525 0.017349 0.000232 0.168609
0 0 0.685161 0.176857 0.026512 0.000073 0.111398
1 0 0.363449 0.481130 0.059313 0.000023 0.096085
1 0 0.240318 0.577592 0.090372 0.000159 0.091559
1 0 0.223737 0.580884 0.097327 0.000221 0.097831
1 0 0.056809 0.541116 0.059740 0.000003 0.342333
1 0 0.056849 0.615823 0.051870 0.000003 0.275455
1 0 0.049061 0.659277 0.049520 0.000002 0.242141
1 0 0.077368 0.596731 0.036311 0.000001 0.289590
1 0 0.072343 0.522450 0.041168 0.000002 0.364037
4 0 0.134216 0.273065 0.022074 0.000001 0.570644
1 0 0.115369 0.492696 0.033730 0.000012 0.358193
1 0 0.090463 0.467662 0.026432 0.000000 0.415443
4 0 0.161180 0.388227 0.016983 0.000000 0.433610
4 0 0.111785 0.428652 0.026457 0.000002 0.433104
1 0 0.105161 0.611049 0.047581 0.000040 0.236169
1 0 0.148552 0.408394 0.048765 0.000008 0.394282
1 0 0.104819 0.513911 0.062712 0.000018 0.318540
4 0 0.148732 0.305136 0.028923 0.000003 0.517207
4 0 0.166323 0.245661 0.044455 0.000008 0.543553
4 0 0.114901 0.264289 0.027105 0.000001 0.593704
1 0 0.076986 0.564913 0.042147 0.000003 0.315951
1 0 0.101234 0.526613 0.036372 0.000001 0.335780
1 0 0.101337 0.471326 0.033484 0.000002 0.393851
1 0 0.089184 0.638170 0.040754 0.000005 0.231888
1 0 0.080994 0.526978 0.053149 0.000003 0.338876
1 0 0.064729 0.575780 0.061448 0.000033 0.298010
1 0 0.059984 0.542857 0.080128 0.000017 0.317013
4 0 0.055300 0.438419 0.065227 0.000009 0.441046
4 0 0.057601 0.401710 0.060202 0.000002 0.480484
4 0 0.054219 0.364778 0.152457 0.000020 0.428526
1 0 0.054105 0.541803 0.120586 0.000127 0.283380
1 0 0.049998 0.510733 0.126190 0.000074 0.313004
1 0 0.045997 0.466710 0.144694 0.000120 0.342480
1 1 0.055640 0.411837 0.121370 0.000022 0.411131
1 1 0.055030 0.505560 0.328129 0.000247 0.111033
1 1 0.053343 0.645207 0.218161 0.000455 0.082833
1 1 0.042355 0.556748 0.303625 0.000154 0.097118
4 0 0.237329 0.240698 0.255691 0.000275 0.266008
1 0 0.041495 0.599643 0.274409 0.000327 0.084127
1 1 0.034795 0.643467 0.214465 0.000005 0.107268
1 1 0.018384 0.700196 0.196213 0.000022 0.085184
1 1 0.073567 0.623467 0.174493 0.000012 0.128461
1 1 0.022263 0.663261 0.220801 0.000024 0.093651
1 1 0.020519 0.665954 0.231540 0.000048 0.081939
1 1 0.004995 0.497022 0.413442 0.000193 0.084349
2 1 0.007200 0.402814 0.520586 0.000170 0.069229
1 1 0.005976 0.456820 0.454667 0.000090 0.082447
2 2 0.007326 0.434200 0.481440 0.000048 0.076986
2 2 0.005187 0.440229 0.486432 0.000651 0.067501
2 2 0.000245 0.083198 0.909047 0.000265 0.007245
2 2 0.000116 0.032093 0.963060 0.000023 0.004707
2 2 0.000452 0.028688 0.959462 0.000006 0.011393
2 2 0.000066 0.014845 0.976932 0.000011 0.008147
2 2 0.000089 0.012020 0.984701 0.000010 0.003179
2 2 0.379810 0.183101 0.414829 0.002048 0.020212
1 1 0.224933 0.383535 0.355939 0.000498 0.035094
1 1 0.416942 0.418076 0.134034 0.000116 0.030831
2 1 0.071727 0.331821 0.563691 0.001560 0.031200
0 0 0.859320 0.049085 0.019549 0.001093 0.070953
2 1 0.015538 0.481029 0.482111 0.000142 0.021180
2 1 0.001234 0.371974 0.588411 0.000062 0.038320
2 2 0.001758 0.191016 0.777621 0.000152 0.029453
2 2 0.002993 0.116717 0.834044 0.000047 0.046200
2 2 0.001222 0.057764 0.910427 0.000059 0.030528
2 2 0.000672 0.005503 0.992257 0.000068 0.001500
2 2 0.000240 0.019063 0.979052 0.000079 0.001565
2 2 0.000470 0.005813 0.992625 0.000094 0.000998
2 2 0.000160 0.005597 0.993210 0.000070 0.000963
2 2 0.001961 0.055775 0.937433 0.000219 0.004611
1 0 0.260126 0.481246 0.242060 0.000078 0.016490
1 0 0.231885 0.511472 0.238613 0.000072 0.017957
1 0 0.193414 0.525391 0.253923 0.000273 0.027000
1 1 0.026579 0.607378 0.346263 0.000119 0.019661
2 1 0.020652 0.128020 0.820935 0.001429 0.028963
2 2 0.000043 0.006351 0.993114 0.000083 0.000409
2 2 0.000076 0.002071 0.997581 0.000111 0.000161
2 2 0.000389 0.007102 0.991299 0.000507 0.000703
2 2 0.000041 0.011368 0.986909 0.000007 0.001675
2 2 0.000043 0.003459 0.995829 0.000301 0.000368
2 2 0.033996 0.331473 0.614640 0.001130 0.018761
2 2 0.023110 0.100216 0.855075 0.000871 0.020728
1 2 0.196644 0.434216 0.352645 0.000488 0.016007
1 2 0.146345 0.452122 0.381842 0.000191 0.019500
1 2 0.020082 0.497978 0.467279 0.000444 0.014216
2 2 0.005085 0.077610 0.867637 0.000040 0.049628
2 2 0.005661 0.088916 0.865584 0.000108 0.039731
1 0 0.169213 0.445208 0.368665 0.000085 0.016829
1 0 0.104106 0.549643 0.329511 0.000044 0.016695
2 1 0.011670 0.317048 0.626076 0.000008 0.045199
2 2 0.002073 0.127199 0.830576 0.000045 0.040107
2 2 0.010674 0.205329 0.748859 0.000046 0.035092
2 2 0.003818 0.384120 0.586774 0.000023 0.025264
2 2 0.006010 0.445371 0.514745 0.000038 0.033836
2 2 0.001551 0.125279 0.845548 0.000139 0.027484
2 2 0.000197 0.019544 0.976682 0.000046 0.003532
2 2 0.000304 0.038127 0.956328 0.000223 0.005018
2 2 0.000989 0.028605 0.967939 0.000385 0.002081
2 2 0.000685 0.024200 0.970882 0.000187 0.004047
2 2 0.000651 0.020881 0.975520 0.000593 0.002355
2 2 0.000269 0.011926 0.986177 0.000847 0.000781
2 2 0.000048 0.014240 0.984570 0.000436 0.000707
2 2 0.000102 0.016216 0.979958 0.003168 0.000556
2 2 0.000108 0.004285 0.994816 0.000495 0.000295
2 2 0.000185 0.008007 0.989980 0.000536 0.001291
2 2 0.000046 0.003288 0.983046 0.013566 0.000054
2 2 0.000045 0.001429 0.960392 0.038118 0.000016
2 2 0.000179 0.003584 0.956062 0.040110 0.000067
2 2 0.000088 0.001892 0.965170 0.032812 0.000038
2 2 0.000019 0.001656 0.983148 0.015154 0.000023
2 2 0.000108 0.003611 0.818490 0.177732 0.000059
2 2 0.000045 0.001230 0.728850 0.269857 0.000018
2 2 0.000236 0.004907 0.684600 0.310132 0.000126
2 2 0.000041 0.002383 0.826470 0.171072 0.000035
2 2 0.000194 0.005003 0.658536 0.336124 0.000143
2 2 0.000021 0.000779 0.562150 0.437045 0.000005
3 3 0.000091 0.002170 0.403091 0.594623 0.000024
3 3 0.000037 0.001171 0.330897 0.667874 0.000020
3 3 0.000047 0.001606 0.392200 0.606124 0.000023
3 3 0.000150 0.003324 0.427579 0.568852 0.000094
3 3 0.000077 0.001529 0.220332 0.778040 0.000022
3 3 0.000048 0.001132 0.189379 0.809423 0.000019
3 3 0.000050 0.001176 0.202862 0.795896 0.000015
3 3 0.000088 0.001710 0.202234 0.795936 0.000032
3 3 0.000373 0.004203 0.215150 0.780118 0.000156
3 3 0.000220 0.002206 0.115748 0.881736 0.000090
3 3 0.000250 0.002976 0.172541 0.824141 0.000092
3 3 0.000212 0.002309 0.130702 0.866694 0.000084
3 3 0.000124 0.001541 0.113691 0.884595 0.000049
3 3 0.000185 0.002062 0.123345 0.874333 0.000074
3 3 0.000145 0.001847 0.132005 0.865946 0.000056
3 3 0.000283 0.002586 0.116807 0.880206 0.000117
3 3 0.000128 0.001471 0.100609 0.897739 0.000053
3 3 0.000131 0.001514 0.103672 0.894630 0.000054
3 3 0.000098 0.001209 0.094204 0.904449 0.000041
3 3 0.000084 0.000947 0.071241 0.927690 0.000037
3 3 0.000263 0.001991 0.078548 0.919077 0.000120
3 3 0.000181 0.001568 0.076941 0.921229 0.000081
3 3 0.000060 0.000702 0.059532 0.939678 0.000027
3 3 0.000299 0.002093 0.074558 0.922910 0.000140
3 3 0.000248 0.001732 0.064962 0.932939 0.000118
3 3 0.000256 0.001223 0.032829 0.965547 0.000145
3 3 0.000253 0.001228 0.033545 0.964831 0.000143
3 3 0.000119 0.000879 0.042187 0.956755 0.000061
3 3 0.000283 0.001347 0.035072 0.963139 0.000159
3 3 0.000171 0.000847 0.026164 0.972718 0.000100
3 3 0.000227 0.001197 0.036061 0.962390 0.000125
3 3 0.000405 0.001767 0.038858 0.958745 0.000225
3 3 0.000360 0.001540 0.034344 0.963551 0.000205
3 3 0.000433 0.001887 0.040648 0.956792 0.000239
3 3 0.000195 0.001208 0.043564 0.954931 0.000102
3 3 0.000092 0.000602 0.027798 0.971456 0.000052
3 3 0.000539 0.001872 0.031309 0.965959 0.000321
3 3 0.000217 0.001134 0.034468 0.964061 0.000120
3 3 0.000258 0.001019 0.023111 0.975453 0.000160
3 3 0.000089 0.000485 0.019292 0.980080 0.000054
3 3 0.000221 0.000894 0.021648 0.977100 0.000137
3 3 0.000159 0.000682 0.018905 0.980153 0.000101
3 3 0.000151 0.000653 0.018495 0.980605 0.000096
3 3 0.000338 0.001271 0.025818 0.972368 0.000206
3 3 0.000182 0.000790 0.021439 0.977477 0.000112
3 3 0.000268 0.001243 0.032183 0.966153 0.000153
3 3 0.000464 0.001656 0.029454 0.968148 0.000279
3 3 0.000104 0.000563 0.021406 0.977865 0.000062
3 3 0.000071 0.000510 0.027655 0.971725 0.000039
3 3 0.000256 0.001048 0.024628 0.973913 0.000155
3 3 0.000327 0.001240 0.025494 0.972739 0.000200
3 3 0.000325 0.001232 0.025416 0.972829 0.000198
3 3 0.000073 0.000390 0.015993 0.983498 0.000046
3 3 0.000173 0.000731 0.019584 0.979403 0.000109
3 3 0.000200 0.000825 0.020798 0.978051 0.000125
3 3 0.000337 0.001269 0.025798 0.972391 0.000205
3 3 0.000220 0.000893 0.021632 0.977118 0.000137
3 3 0.000226 0.001003 0.026150 0.972487 0.000134
3 3 0.000299 0.001150 0.024561 0.973806 0.000183
3 3 0.000341 0.001283 0.025933 0.972235 0.000208
3 3 0.000136 0.000598 0.017698 0.981482 0.000087
3 3 0.000265 0.001040 0.023351 0.975181 0.000163
3 3 0.000248 0.000985 0.022728 0.975885 0.000154
3 3 0.000281 0.001093 0.023944 0.974509 0.000173
3 3 0.013092 0.034617 0.370429 0.579216 0.002646
2 1 0.190651 0.240108 0.525283 0.028462 0.015497
2 1 0.005009 0.113653 0.778163 0.099168 0.004007
2 1 0.006165 0.114957 0.793928 0.080104 0.004846
2 1 0.006344 0.080874 0.752948 0.154281 0.005554
2 1 0.000316 0.026332 0.945174 0.027182 0.000995
2 2 0.000070 0.011974 0.984732 0.002946 0.000277
2 2 0.000194 0.008120 0.981277 0.010027 0.000382
2 2 0.000062 0.009580 0.972578 0.017529 0.000251
2 2 0.000208 0.005592 0.975087 0.018913 0.000201
2 2 0.007939 0.207015 0.703368 0.000028 0.081651
2 2 0.005553 0.375024 0.547578 0.000092 0.071753
2 2 0.008581 0.415254 0.516698 0.000358 0.059109
1 2 0.007362 0.518522 0.398873 0.000205 0.075038
2 2 0.004901 0.433759 0.492314 0.000177 0.068848
2 2 0.006450 0.376554 0.537393 0.001326 0.078278
2 2 0.009017 0.398652 0.448583 0.000106 0.143642
2 2 0.003304 0.408511 0.510464 0.000333 0.077387
2 2 0.003063 0.392121 0.528566 0.000294 0.075956
2 2 0.003033 0.376587 0.546841 0.000431 0.073108
1 2 0.036054 0.609255 0.249424 0.000181 0.105086
1 2 0.033865 0.592281 0.261694 0.000156 0.112004
1 2 0.030247 0.607460 0.272933 0.000489 0.088872
4 1 0.070612 0.353343 0.217084 0.000346 0.358614
1 1 0.182112 0.526265 0.210470 0.000167 0.080986
1 1 0.024394 0.608477 0.252241 0.000146 0.114742
1 1 0.033896 0.665298 0.170287 0.000186 0.130333
1 1 0.031554 0.601606 0.223501 0.000152 0.143187
1 1 0.046198 0.603023 0.198750 0.000146 0.151883
1 1 0.031461 0.649998 0.198617 0.000258 0.119666
1 1 0.026416 0.487836 0.334206 0.000086 0.151456
1 1 0.032840 0.588222 0.253895 0.000186 0.124856
1 1 0.031969 0.644913 0.215161 0.000045 0.107912
1 1 0.025891 0.628934 0.208699 0.000039 0.136437
1 1 0.030821 0.606277 0.222479 0.000053 0.140369
1 1 0.032267 0.678301 0.127672 0.000033 0.161728
1 1 0.041931 0.659177 0.096625 0.000003 0.202264
1 1 0.044174 0.648666 0.113141 0.000007 0.194012
1 1 0.020845 0.672684 0.134614 0.000013 0.171844
1 1 0.036949 0.734753 0.091958 0.000017 0.136322
1 1 0.082503 0.672003 0.171464 0.000468 0.073562
1 1 0.058141 0.616657 0.267426 0.001400 0.056375
1 1 0.080130 0.664635 0.187496 0.000425 0.067315
0 0 0.492838 0.344833 0.109928 0.000132 0.052269
1 1 0.133138 0.619264 0.169717 0.000123 0.077758
1 1 0.026257 0.618665 0.271108 0.000447 0.083524
1 1 0.052494 0.697091 0.173051 0.000042 0.077323
1 1 0.055819 0.619416 0.235540 0.000069 0.089156
1 1 0.039916 0.642084 0.230892 0.000319 0.086789
1 1 0.046432 0.655883 0.214930 0.000211 0.082544
1 1 0.043161 0.646359 0.235068 0.000025 0.075387
1 1 0.039311 0.655915 0.251755 0.000108 0.052911
1 1 0.059118 0.660513 0.212317 0.000065 0.067988
1 1 0.050951 0.630022 0.245519 0.000016 0.073492
1 1 0.032439 0.617238 0.281956 0.000063 0.068303
1 1 0.140989 0.582853 0.238816 0.000224 0.037118
1 1 0.281426 0.484260 0.198308 0.000361 0.035646
1 1 0.190840 0.552091 0.215432 0.000416 0.041220
1 1 0.038440 0.523341 0.403562 0.002508 0.032150
1 1 0.044296 0.538319 0.379415 0.002508 0.035461
2 1 0.022360 0.396496 0.554584 0.002157 0.024403
2 1 0.006831 0.408913 0.553612 0.001792 0.028851
1 1 0.020993 0.539396 0.415040 0.001438 0.023133
2 1 0.010887 0.410235 0.546891 0.004667 0.027320
2 1 0.007556 0.174846 0.785019 0.001216 0.031363
2 2 0.009353 0.120573 0.852526 0.000325 0.017222
2 2 0.017395 0.347712 0.617390 0.000230 0.017274
2 2 0.015594 0.448804 0.519044 0.001250 0.015309
2 2 0.009195 0.268109 0.703752 0.000288 0.018657
2 2 0.007097 0.178506 0.797542 0.000807 0.016048
2 2 0.000668 0.033285 0.964589 0.000732 0.000726
2 2 0.000193 0.006699 0.987547 0.005362 0.000198
2 2 0.000141 0.012023 0.986917 0.000257 0.000661
2 2 0.001703 0.030804 0.965388 0.001000 0.001104
2 2 0.001022 0.060525 0.936400 0.000189 0.001863
2 2 0.009539 0.106215 0.866601 0.000100 0.017545
2 2 0.020053 0.318512 0.639853 0.000178 0.021404
2 2 0.033394 0.298097 0.651309 0.000185 0.017015
1 0 0.121010 0.471325 0.394260 0.000297 0.013108
1 0 0.013613 0.498812 0.475209 0.000320 0.012046
2 1 0.048147 0.446151 0.465646 0.000533 0.039523
2 1 0.024769 0.435112 0.501686 0.001139 0.037293
1 1 0.078322 0.598417 0.293955 0.000329 0.028978
1 1 0.118222 0.630470 0.212688 0.000185 0.038436
1 1 0.042769 0.660738 0.260596 0.000245 0.035652
2 2 0.007191 0.281327 0.676816 0.001182 0.033484
1 2 0.021848 0.573603 0.380078 0.000240 0.024231
1 2 0.014435 0.560991 0.395672 0.000170 0.028733
1 2 0.057375 0.553868 0.364158 0.000135 0.024464
1 2 0.021648 0.571619 0.382466 0.000384 0.023883
1 1 0.332500 0.480757 0.113290 0.000424 0.073029
1 1 0.116035 0.603142 0.200210 0.001585 0.079028
1 1 0.314873 0.342748 0.226064 0.002060 0.114256
0 1 0.597112 0.291830 0.071169 0.000158 0.039731
0 0 0.502729 0.179545 0.056559 0.000164 0.261003
0 0 0.995317 0.002460 0.000237 0.000002 0.001983
0 0 0.980573 0.010164 0.000768 0.000007 0.008488
0 0 0.959911 0.020813 0.001311 0.000010 0.017955
0 0 0.960411 0.020701 0.001433 0.000013 0.017442
0 0 0.851657 0.099785 0.015043 0.000099 0.033416
1 0 0.011158 0.545313 0.290597 0.000066 0.152867
1 1 0.008450 0.577824 0.272807 0.000034 0.140885
1 1 0.008063 0.550573 0.295679 0.000190 0.145495
2 1 0.008299 0.375044 0.484629 0.000385 0.131644
1 1 0.012135 0.597415 0.257973 0.000050 0.132427
2 1 0.004322 0.428147 0.522194 0.000093 0.045243
2 1 0.001187 0.379822 0.565973 0.000050 0.052969
2 1 0.002560 0.357960 0.591199 0.000180 0.048101
2 2 0.002396 0.103152 0.845372 0.000176 0.048903
2 2 0.002890 0.270804 0.675666 0.000107 0.050533
1 2 0.098721 0.500458 0.190263 0.000005 0.210553
1 2 0.059622 0.743163 0.088863 0.000005 0.108347
1 2 0.072313 0.668458 0.135363 0.000034 0.123831
1 2 0.065839 0.689697 0.115884 0.000014 0.128565
1 2 0.089283 0.674709 0.119040 0.000042 0.116926
1 1 0.034254 0.734962 0.127140 0.000013 0.103631
1 1 0.051620 0.677904 0.138910 0.000028 0.131537
1 1 0.048487 0.698933 0.161571 0.000121 0.090888
1 1 0.054034 0.708327 0.135097 0.000044 0.102497
1 1 0.161356 0.341220 0.179999 0.000044 0.317380
1 1 0.093068 0.667375 0.048752 0.000001 0.190804
1 1 0.129668 0.628280 0.066249 0.000005 0.175797
1 1 0.054852 0.695985 0.068161 0.000001 0.181000
1 1 0.062952 0.687599 0.090584 0.000023 0.158843
1 1 0.045476 0.627175 0.120930 0.000051 0.206367
1 1 0.187518 0.604555 0.103480 0.000036 0.104412
1 0 0.419104 0.452638 0.063674 0.000051 0.064532
1 1 0.110178 0.734920 0.080810 0.000011 0.074080
1 1 0.102453 0.712678 0.111120 0.000072 0.073677
1 1 0.067976 0.689755 0.165383 0.000425 0.076460
1 1 0.018169 0.600857 0.328270 0.000211 0.052493
1 1 0.018828 0.558091 0.373557 0.000781 0.048742
1 1 0.015679 0.614060 0.317860 0.000075 0.052326
1 1 0.147897 0.594521 0.221129 0.000160 0.036293
1 1 0.043732 0.657831 0.248299 0.000081 0.050057
1 1 0.035101 0.688217 0.188754 0.000042 0.087886
1 1 0.018288 0.640364 0.251734 0.000025 0.089589
1 1 0.018919 0.673527 0.241876 0.000008 0.065669
1 1 0.026601 0.712321 0.190646 0.000007 0.070425
1 1 0.013088 0.607202 0.295811 0.000047 0.083852
1 1 0.074436 0.688448 0.141334 0.000041 0.095741
1 1 0.109998 0.715458 0.091811 0.000022 0.082711
1 1 0.237611 0.559385 0.103037 0.000018 0.099949
4 1 0.223106 0.343369 0.079756 0.000042 0.353726
1 1 0.093628 0.725359 0.083108 0.000021 0.097885
1 1 0.033895 0.745679 0.139040 0.000009 0.081377
1 1 0.040056 0.715403 0.153091 0.000011 0.091439
1 1 0.076589 0.707384 0.135505 0.000023 0.080500
1 1 0.031932 0.745682 0.150576 0.000020 0.071790
1 1 0.059055 0.687502 0.152215 0.000008 0.101220
0 1 0.959125 0.021603 0.001736 0.000021 0.017516
0 0 0.990511 0.004942 0.000379 0.000003 0.004165
0 0 0.994149 0.002813 0.000306 0.000003 0.002728
0 0 0.996568 0.001787 0.000154 0.000001 0.001489
0 0 0.997524 0.000988 0.000069 0.000000 0.001419
0 0 0.995552 0.001773 0.000098 0.000000 0.002577
0 0 0.998258 0.000641 0.000042 0.000000 0.001059
0 0 0.997720 0.000926 0.000049 0.000000 0.001304
0 0 0.988807 0.005912 0.000557 0.000007 0.004716
0 0 0.967662 0.015800 0.000538 0.000001 0.015998
0 0 0.574242 0.300896 0.083126 0.000265 0.041470
0 0 0.909804 0.056248 0.024731 0.000221 0.008995
0 0 0.923082 0.048068 0.019786 0.000217 0.008846
0 0 0.808485 0.130900 0.037473 0.000195 0.022947
0 0 0.620842 0.271413 0.068683 0.000188 0.038873
1 0 0.111571 0.596020 0.057446 0.000007 0.234956
1 0 0.107777 0.563822 0.080259 0.000014 0.248127
1 0 0.096053 0.571290 0.063828 0.000002 0.268828
1 0 0.108340 0.474478 0.064113 0.000005 0.353063
1 0 0.064668 0.637049 0.062817 0.000003 0.235464
1 1 0.115279 0.413251 0.059071 0.000104 0.412294
4 1 0.112814 0.289610 0.060788 0.000118 0.536670
4 4 0.133716 0.365030 0.043384 0.000033 0.457837
4 4 0.142940 0.250878 0.046991 0.000052 0.559139
4 4 0.093904 0.105447 0.028078 0.000026 0.772545
4 4 0.090335 0.082909 0.022922 0.000021 0.803812
4 4 0.142137 0.345214 0.039603 0.000031 0.473015
4 4 0.091635 0.133789 0.033636 0.000021 0.740919
4 4 0.128753 0.326713 0.041676 0.000011 0.502847
4 4 0.097924 0.347731 0.039713 0.000028 0.514605
4 4 0.189473 0.101394 0.025071 0.000039 0.684023
4 4 0.220323 0.045753 0.017479 0.000030 0.716415
4 4 0.194031 0.190003 0.027051 0.000037 0.588877
4 4 0.176119 0.036536 0.014482 0.000021 0.772842
4 4 0.212146 0.094125 0.013949 0.000011 0.679770
4 4 0.119641 0.024264 0.006660 0.000003 0.849432
4 4 0.132491 0.169750 0.021295 0.000030 0.676435
4 4 0.119584 0.033942 0.011485 0.000011 0.834978
4 4 0.100405 0.082665 0.011689 0.000010 0.805231
4 4 0.106957 0.145671 0.023082 0.000035 0.724255
4 4 0.088237 0.120199 0.042084 0.000066 0.749415
4 4 0.123609 0.096994 0.031702 0.000009 0.747684
4 4 0.120029 0.146965 0.047404 0.000065 0.685536
4 4 0.121231 0.286965 0.056937 0.000187 0.534680
4 4 0.145817 0.249865 0.037984 0.000046 0.566288
4 4 0.144471 0.068793 0.008272 0.000007 0.778457
4 4 0.093888 0.059614 0.015391 0.000024 0.831082
4 4 0.076476 0.038195 0.008861 0.000005 0.876463
4 4 0.145228 0.020921 0.008543 0.000005 0.825303
4 4 0.098765 0.030957 0.008170 0.000005 0.862104
4 4 0.138939 0.160311 0.031185 0.000023 0.669542
4 4 0.098686 0.284987 0.043790 0.000048 0.572489
4 4 0.100160 0.070880 0.025325 0.000009 0.803626
4 4 0.117160 0.211594 0.023837 0.000014 0.647395
4 4 0.143680 0.147384 0.032301 0.000028 0.676608
4 4 0.069324 0.295157 0.054044 0.000008 0.581467
4 4 0.043013 0.064713 0.017671 0.000004 0.874599
4 4 0.077613 0.388629 0.064520 0.000021 0.469216
1 4 0.052192 0.487539 0.061006 0.000072 0.399191
1 4 0.037801 0.544863 0.057136 0.000023 0.360177
1 4 0.086192 0.613477 0.068967 0.000022 0.231342
4 4 0.183145 0.340282 0.049924 0.000008 0.426640
4 4 0.153077 0.335823 0.059970 0.000004 0.451127
1 4 0.069516 0.692158 0.054735 0.000006 0.183585
1 4 0.041692 0.715005 0.074879 0.000020 0.168405
1 1 0.059643 0.530457 0.035355 0.000002 0.374543
1 4 0.102757 0.442521 0.037475 0.000015 0.417232
1 4 0.050346 0.571022 0.040497 0.000007 0.338129
1 4 0.069043 0.584941 0.052135 0.000005 0.293876
4 4 0.073909 0.192984 0.027771 0.000004 0.705332
1 4 0.031518 0.493570 0.115009 0.000024 0.359880
1 4 0.041848 0.530431 0.099487 0.000091 0.328143
1 4 0.018209 0.582738 0.148767 0.000209 0.250077
1 4 0.032529 0.491339 0.135471 0.000018 0.340643
4 4 0.059076 0.336834 0.115290 0.000024 0.488776
4 4 0.074264 0.402118 0.087924 0.000212 0.435483
4 4 0.089869 0.087873 0.035855 0.000012 0.786391
4 4 0.087787 0.232609 0.082286 0.000165 0.597153
1 4 0.105325 0.423219 0.076169 0.000103 0.395185
4 4 0.066566 0.248362 0.061598 0.000023 0.623451
1 4 0.055098 0.485719 0.060097 0.000002 0.399084
1 4 0.075750 0.629291 0.057527 0.000012 0.237419
1 1 0.028904 0.609531 0.063835 0.000010 0.297720
1 1 0.031853 0.636517 0.062525 0.000014 0.269091
1 1 0.088208 0.462280 0.056041 0.000010 0.393461
1 1 0.046188 0.558389 0.064375 0.000007 0.331041
1 1 0.038440 0.553515 0.060203 0.000004 0.347839
1 4 0.056911 0.508433 0.046610 0.000002 0.388044
4 4 0.076366 0.387833 0.047392 0.000002 0.488408
1 4 0.034744 0.595875 0.055781 0.000004 0.313596
1 1 0.019421 0.688658 0.143156 0.000004 0.148761
1 1 0.028971 0.649492 0.151282 0.000008 0.170247
1 1 0.033417 0.684996 0.133741 0.000011 0.147835
1 0 0.254850 0.524355 0.093077 0.000010 0.127708
1 1 0.040148 0.655431 0.155027 0.000013 0.149381
1 1 0.076741 0.588480 0.126229 0.000004 0.208545
1 1 0.061058 0.657513 0.130075 0.000034 0.151320
1 1 0.032098 0.667628 0.140694 0.000010 0.159569
1 1 0.033672 0.615741 0.197238 0.000051 0.153298
1 1 0.059643 0.595523 0.144401 0.000005 0.200429
1 1 0.157643 0.495243 0.177690 0.000023 0.169401
1 1 0.087673 0.663305 0.122132 0.000012 0.126878
1 1 0.072943 0.659699 0.122032 0.000007 0.145319
1 1 0.089034 0.692103 0.097506 0.000015 0.121342
1 1 0.046148 0.665170 0.140018 0.000010 0.148654
1 1 0.040890 0.625693 0.196204 0.000038 0.137175
1 1 0.038560 0.503449 0.315174 0.000260 0.142556
1 1 0.025751 0.629219 0.215650 0.000065 0.129315
1 1 0.039253 0.639842 0.193692 0.000052 0.127161
1 1 0.033247 0.621432 0.231806 0.000253 0.113263
1 1 0.004842 0.488601 0.426116 0.000124 0.080318
2 1 0.002886 0.409830 0.505161 0.000046 0.082076
2 2 0.004966 0.342804 0.559876 0.000096 0.092258
2 2 0.001432 0.330613 0.568912 0.000048 0.098995
2 2 0.004202 0.189400 0.737091 0.000110 0.069198
2 2 0.000583 0.056740 0.917010 0.000005 0.025661
2 2 0.000303 0.045014 0.929883 0.000002 0.024798
2 2 0.000109 0.037702 0.956412 0.000006 0.005771
2 2 0.000554 0.076951 0.887470 0.000002 0.035023
2 2 0.000368 0.049246 0.925954 0.000001 0.024431
2 2 0.001060 0.026993 0.956396 0.000009 0.015543
2 2 0.001349 0.031417 0.957936 0.000035 0.009263
2 2 0.001352 0.046668 0.932428 0.000033 0.019518
2 2 0.002432 0.021094 0.969238 0.000027 0.007208
2 2 0.249096 0.184723 0.560599 0.001717 0.003865
2 1 0.079749 0.410373 0.490825 0.000103 0.018951
1 1 0.032962 0.581335 0.371502 0.000141 0.014060
2 2 0.002220 0.234355 0.725143 0.000039 0.038243
2 2 0.001517 0.033580 0.941551 0.000143 0.023208
2 2 0.002451 0.102324 0.858214 0.000005 0.037006
2 2 0.001758 0.073252 0.910213 0.000007 0.014771
2 2 0.000517 0.028088 0.959307 0.000006 0.012082
2 2 0.001733 0.032872 0.936604 0.000002 0.028789
2 2 0.000987 0.050324 0.942938 0.000040 0.005712
2 2 0.001444 0.058687 0.928753 0.000030 0.011086
2 2 0.002314 0.084527 0.881573 0.000030 0.031557
1 2 0.057825 0.498995 0.419748 0.000049 0.023383
2 2 0.005012 0.273533 0.683932 0.000025 0.037497
1 0 0.227501 0.420449 0.339167 0.000141 0.012742
2 1 0.013222 0.245347 0.700607 0.000014 0.040810
1 2 0.082638 0.556551 0.337843 0.000060 0.022908
2 2 0.013575 0.307181 0.628389 0.000175 0.050680
2 2 0.007244 0.185750 0.745209 0.000180 0.061616
2 2 0.015987 0.281760 0.656177 0.000081 0.045994
1 2 0.143862 0.411451 0.388694 0.000107 0.055886
1 2 0.054519 0.592607 0.237997 0.000034 0.114844
1 2 0.024500 0.669363 0.209786 0.000041 0.096310
1 2 0.022089 0.516747 0.300571 0.000025 0.160569
2 2 0.011975 0.363269 0.493476 0.000080 0.131199
2 2 0.015183 0.381165 0.385872 0.000003 0.217777
2 2 0.000155 0.004298 0.994246 0.000052 0.001248
2 2 0.000027 0.016190 0.981116 0.000054 0.002612
2 2 0.000048 0.004912 0.994262 0.000017 0.000761
2 2 0.000075 0.009286 0.988738 0.000090 0.001811
2 2 0.000315 0.008888 0.988605 0.000311 0.001881
2 2 0.008349 0.117216 0.836033 0.000068 0.038334
2 2 0.002707 0.054753 0.922354 0.000376 0.019810
2 2 0.011620 0.098737 0.856439 0.000045 0.033160
2 2 0.013255 0.323021 0.644246 0.000116 0.019362
1 2 0.087021 0.502830 0.398258 0.000172 0.011719
2 2 0.033511 0.466733 0.481989 0.000251 0.017516
2 2 0.011532 0.112017 0.849904 0.000371 0.026176
2 2 0.011064 0.082851 0.873168 0.000277 0.032641
1 2 0.132004 0.464188 0.390219 0.000314 0.013274
1 1 0.111219 0.514728 0.361314 0.000127 0.012613
1 1 0.012018 0.455231 0.443700 0.000041 0.089010
1 1 0.004926 0.496412 0.429966 0.000136 0.068559
2 2 0.005403 0.375651 0.546376 0.000048 0.072521
2 2 0.002952 0.206189 0.721381 0.000218 0.069260
2 2 0.004182 0.148978 0.747172 0.000069 0.099599
2 2 0.000626 0.011468 0.985677 0.000417 0.001812
2 2 0.000095 0.008572 0.990346 0.000121 0.000865
2 2 0.000229 0.010897 0.987678 0.000197 0.000999
2 2 0.000086 0.006206 0.992908 0.000355 0.000446
2 2 0.000227 0.013943 0.982780 0.000959 0.002091
2 2 0.000179 0.014914 0.983082 0.001015 0.000810
2 2 0.000315 0.011698 0.985340 0.000707 0.001940
2 2 0.000341 0.005193 0.992753 0.001427 0.000287
2 2 0.000385 0.030726 0.965897 0.000767 0.002225
2 2 0.001021 0.009288 0.983579 0.004644 0.001469
2 2 0.000291 0.005686 0.985426 0.008328 0.000269
2 2 0.000082 0.005403 0.976937 0.017397 0.000182
2 2 0.000095 0.006006 0.981241 0.012306 0.000353
2 2 0.000105 0.005014 0.970176 0.024542 0.000163
2 3 0.000214 0.007836 0.963640 0.027830 0.000479
2 3 0.000173 0.004370 0.887997 0.107367 0.000093
2 3 0.000207 0.004457 0.869889 0.125376 0.000071
2 3 0.000130 0.003029 0.833468 0.163269 0.000103
2 3 0.000093 0.002346 0.744051 0.253442 0.000068
2 3 0.000097 0.002553 0.815622 0.181643 0.000085
2 3 0.014762 0.044410 0.872676 0.067224 0.000928
2 3 0.026421 0.060778 0.856536 0.054909 0.001357
2 3 0.000792 0.008188 0.978622 0.012250 0.000147
2 3 0.001075 0.023724 0.955521 0.019332 0.000349
2 3 0.002273 0.013588 0.967275 0.016452 0.000412
2 2 0.000463 0.006756 0.972128 0.020445 0.000208
2 2 0.000061 0.002124 0.983343 0.014421 0.000052
2 2 0.000158 0.009229 0.975754 0.014745 0.000114
2 2 0.000208 0.006706 0.983562 0.009393 0.000132
2 2 0.000084 0.004210 0.980817 0.014800 0.000089
2 2 0.000059 0.001257 0.911621 0.087051 0.000012
