0 0 0.991782 0.006084 0.001060 0.000251 0.000823
0 0 0.991252 0.006372 0.001197 0.000384 0.000796
0 0 0.978051 0.015999 0.002900 0.000424 0.002626
0 0 0.977891 0.016150 0.002843 0.000362 0.002754
0 0 0.970889 0.020894 0.004174 0.000784 0.003258
0 0 0.810249 0.100982 0.014667 0.000159 0.073943
0 1 0.705117 0.180742 0.022763 0.000102 0.091277
0 1 0.836233 0.102056 0.013942 0.000138 0.047631
0 1 0.600808 0.252994 0.041645 0.000443 0.104110
0 1 0.627049 0.240962 0.042682 0.000671 0.088636
0 4 0.614047 0.231479 0.043219 0.000781 0.110474
1 1 0.245105 0.470722 0.137818 0.007006 0.139348
1 1 0.155330 0.512289 0.178527 0.013784 0.140070
1 4 0.090670 0.500315 0.179356 0.001820 0.227839
1 4 0.160471 0.510839 0.141749 0.004030 0.182912
1 4 0.089438 0.497451 0.170328 0.001536 0.241248
1 4 0.069548 0.476881 0.186776 0.000915 0.265880
1 4 0.060585 0.462865 0.194488 0.000694 0.281367
1 4 0.068696 0.466639 0.167842 0.000724 0.296100
1 4 0.050515 0.397624 0.170382 0.000515 0.380965
4 4 0.094432 0.223610 0.063277 0.001172 0.617510
4 4 0.168137 0.222288 0.060783 0.001435 0.547357
4 4 0.120360 0.179717 0.050232 0.001062 0.648629
4 4 0.198980 0.192784 0.052343 0.001370 0.554523
4 4 0.217207 0.310528 0.068643 0.000805 0.402818
1 4 0.080977 0.419340 0.086455 0.000391 0.412837
4 4 0.086459 0.223049 0.057708 0.000699 0.632084
4 4 0.076438 0.221224 0.054954 0.000521 0.646863
4 4 0.112411 0.361182 0.087905 0.000968 0.437534
4 4 0.069280 0.314598 0.080040 0.000769 0.535313
1 4 0.206632 0.360480 0.156676 0.004240 0.271972
4 4 0.171793 0.177337 0.199487 0.019350 0.432033
1 4 0.090708 0.512888 0.221598 0.002944 0.171862
1 4 0.089295 0.466133 0.219935 0.004315 0.220322
1 4 0.104279 0.491595 0.275975 0.012122 0.116029
2 1 0.066264 0.390110 0.454622 0.030713 0.058291
2 1 0.062056 0.380762 0.471379 0.030116 0.055686
2 1 0.102578 0.377117 0.446328 0.018120 0.055858
2 1 0.060756 0.399624 0.454758 0.018925 0.065937
2 1 0.061917 0.408848 0.440427 0.018881 0.069926
2 2 0.009438 0.073586 0.862785 0.048843 0.005349
2 2 0.006227 0.130650 0.760219 0.085393 0.017511
2 2 0.005600 0.061109 0.884948 0.042050 0.006294
2 2 0.008916 0.067844 0.862031 0.054876 0.006332
2 2 0.012749 0.073680 0.788303 0.118527 0.006741
2 2 0.009071 0.024920 0.647184 0.316043 0.002783
2 3 0.018040 0.031862 0.618078 0.327487 0.004533
2 3 0.006181 0.019308 0.543036 0.428051 0.003424
2 3 0.008210 0.031867 0.578229 0.376320 0.005374
3 3 0.010858 0.027473 0.447293 0.507877 0.006499
3 3 0.019539 0.035747 0.290878 0.635477 0.018359
3 3 0.014791 0.044899 0.227558 0.685570 0.027183
3 3 0.010470 0.023532 0.230116 0.722705 0.013177
3 3 0.007900 0.013060 0.163669 0.807814 0.007556
3 3 0.016940 0.021320 0.117170 0.827260 0.017310
3 3 0.011803 0.009199 0.042915 0.928083 0.007999
3 3 0.008604 0.007296 0.073063 0.906545 0.004492
3 3 0.014944 0.012599 0.061782 0.900246 0.010430
3 3 0.003372 0.002938 0.035331 0.955861 0.002498
3 3 0.008944 0.004053 0.025702 0.957786 0.003516
3 3 0.007806 0.006373 0.061826 0.920176 0.003819
3 3 0.005255 0.004390 0.067376 0.920707 0.002271
3 3 0.011485 0.014325 0.115397 0.853553 0.005241
3 3 0.005828 0.013801 0.149460 0.825155 0.005755
3 3 0.004347 0.005666 0.108398 0.879566 0.002024
3 3 0.001749 0.001648 0.031983 0.963680 0.000940
3 3 0.009362 0.006054 0.044551 0.935417 0.004615
3 3 0.005283 0.003097 0.021967 0.967001 0.002652
3 3 0.004767 0.002197 0.019693 0.971651 0.001692
3 3 0.008734 0.005750 0.037072 0.944489 0.003954
3 3 0.008783 0.005300 0.028296 0.951442 0.006179
3 3 0.004455 0.002815 0.024671 0.965215 0.002844
3 3 0.004488 0.002685 0.017460 0.971857 0.003509
3 3 0.004692 0.002725 0.017888 0.971732 0.002963
3 3 0.004589 0.002017 0.014115 0.977064 0.002215
3 3 0.004833 0.002027 0.012804 0.977070 0.003267
3 3 0.003314 0.001364 0.010045 0.983007 0.002270
3 3 0.008536 0.004320 0.021551 0.958121 0.007472
3 3 0.003407 0.001176 0.009153 0.984501 0.001763
3 3 0.003021 0.001899 0.013234 0.978943 0.002904
3 3 0.003397 0.001231 0.009271 0.984080 0.002021
3 3 0.004113 0.001934 0.012385 0.978154 0.003413
3 3 0.003328 0.001598 0.011869 0.981075 0.002130
3 3 0.006763 0.003043 0.017774 0.968243 0.004178
3 3 0.001193 0.000703 0.007452 0.989697 0.000955
3 3 0.005713 0.001752 0.011255 0.978498 0.002782
3 3 0.005221 0.001652 0.011090 0.979578 0.002459
3 3 0.004467 0.001479 0.010099 0.981421 0.002535
3 3 0.005942 0.002031 0.012106 0.976259 0.003662
3 3 0.006163 0.002518 0.014634 0.972765 0.003921
3 3 0.003476 0.001300 0.009421 0.983475 0.002327
3 3 0.002950 0.001236 0.009250 0.984307 0.002256
3 3 0.003320 0.001753 0.012062 0.979954 0.002911
3 3 0.002187 0.001118 0.008763 0.985690 0.002242
3 3 0.003616 0.001422 0.009853 0.982391 0.002718
3 3 0.004988 0.002289 0.012653 0.974567 0.005502
3 3 0.003590 0.001633 0.010300 0.980498 0.003979
3 3 0.004640 0.002538 0.013500 0.972649 0.006673
3 3 0.002128 0.001279 0.008887 0.983999 0.003707
3 3 0.004291 0.002481 0.014637 0.974004 0.004587
3 3 0.003187 0.001201 0.008356 0.984346 0.002910
3 3 0.002169 0.000889 0.007021 0.987710 0.002211
3 3 0.003461 0.001548 0.009890 0.981229 0.003872
3 3 0.001516 0.000613 0.005652 0.990740 0.001480
3 3 0.006658 0.002099 0.011306 0.974769 0.005168
3 3 0.003416 0.001658 0.010982 0.980593 0.003351
3 3 0.002819 0.001286 0.009517 0.983956 0.002422
3 3 0.002544 0.000978 0.007550 0.986731 0.002197
3 3 0.002074 0.001263 0.009530 0.984447 0.002685
3 3 0.005164 0.001978 0.011741 0.977055 0.004062
3 3 0.002254 0.001164 0.008710 0.985217 0.002655
3 3 0.001212 0.000820 0.007180 0.988728 0.002060
3 3 0.003012 0.001278 0.008828 0.983789 0.003093
3 3 0.002978 0.001515 0.009635 0.981543 0.004328
3 3 0.001774 0.000960 0.007739 0.987241 0.002286
3 3 0.002190 0.000843 0.006866 0.988155 0.001946
3 3 0.003274 0.001711 0.011049 0.980155 0.003811
3 3 0.001488 0.000825 0.006962 0.988608 0.002117
3 3 0.003891 0.001734 0.011388 0.979784 0.003203
3 3 0.003885 0.001672 0.011081 0.980270 0.003093
3 3 0.004186 0.002397 0.014400 0.974687 0.004330
3 3 0.004284 0.002343 0.013786 0.974927 0.004659
3 3 0.006078 0.003056 0.016494 0.969089 0.005283
3 3 0.014139 0.004166 0.019208 0.956582 0.005905
3 3 0.015320 0.014297 0.050961 0.902656 0.016766
3 3 0.018426 0.017587 0.204858 0.756836 0.002293
3 3 0.040856 0.020327 0.244892 0.691417 0.002509
3 3 0.033691 0.048439 0.361630 0.550632 0.005608
3 3 0.016231 0.012471 0.184757 0.784747 0.001794
3 3 0.020019 0.015847 0.314714 0.648091 0.001329
2 3 0.063345 0.046886 0.485075 0.401989 0.002706
2 3 0.119889 0.042464 0.538339 0.297697 0.001612
2 3 0.058321 0.043907 0.476901 0.418158 0.002714
2 3 0.050997 0.033888 0.471716 0.441434 0.001966
2 3 0.055412 0.060750 0.473108 0.406802 0.003928
2 3 0.077088 0.072517 0.629196 0.217768 0.003430
2 3 0.035323 0.044610 0.548464 0.368603 0.003000
2 3 0.021006 0.039247 0.497621 0.438898 0.003228
2 3 0.015653 0.071204 0.648186 0.260221 0.004735
2 3 0.026092 0.079829 0.702048 0.187551 0.004480
2 2 0.017709 0.268838 0.626045 0.020966 0.066442
2 2 0.031468 0.327301 0.566957 0.027195 0.047079
2 2 0.015758 0.247918 0.586416 0.019540 0.130369
2 2 0.023929 0.281500 0.577289 0.034532 0.082749
2 2 0.025911 0.312980 0.548104 0.021323 0.091682
2 2 0.036118 0.366880 0.431325 0.007682 0.157995
2 2 0.025690 0.322083 0.438721 0.005938 0.207569
2 1 0.023345 0.304854 0.488836 0.008704 0.174262
2 1 0.036317 0.364827 0.399123 0.007017 0.192715
2 1 0.018322 0.280702 0.469289 0.005323 0.226364
2 1 0.012897 0.234563 0.705368 0.016941 0.030230
2 2 0.024830 0.293101 0.614184 0.029112 0.038773
2 2 0.011459 0.218695 0.721294 0.017476 0.031076
2 2 0.017922 0.185568 0.762771 0.014962 0.018777
2 2 0.012792 0.196849 0.743645 0.027098 0.019617
2 2 0.020869 0.190213 0.724208 0.048336 0.016375
2 2 0.009706 0.063036 0.882398 0.042190 0.002670
2 2 0.009547 0.098925 0.844302 0.041409 0.005817
2 2 0.018833 0.064286 0.877430 0.036925 0.002524
2 2 0.010602 0.070692 0.864370 0.051156 0.003180
2 2 0.032621 0.137079 0.751179 0.070652 0.008469
2 2 0.037192 0.121844 0.758557 0.075653 0.006753
2 2 0.104218 0.194256 0.628800 0.058757 0.013970
2 2 0.079695 0.317861 0.517702 0.047973 0.036770
2 2 0.077861 0.357788 0.468587 0.048746 0.047018
2 2 0.051813 0.274435 0.606584 0.038146 0.029022
2 2 0.021898 0.203878 0.712957 0.042721 0.018546
2 2 0.029618 0.281277 0.623222 0.033031 0.032852
2 2 0.017172 0.219219 0.702275 0.039328 0.022006
2 2 0.019022 0.220984 0.696401 0.041637 0.021956
2 2 0.024071 0.070830 0.872994 0.029191 0.002914
2 2 0.022657 0.178922 0.751649 0.032007 0.014765
2 2 0.021877 0.165612 0.757016 0.042752 0.012743
2 2 0.034439 0.300797 0.594934 0.033148 0.036682
2 2 0.022424 0.239762 0.672521 0.040298 0.024995
2 2 0.055744 0.365368 0.498140 0.029113 0.051636
2 2 0.024562 0.259389 0.649720 0.037628 0.028702
2 2 0.044954 0.334551 0.549189 0.027040 0.044265
2 2 0.016549 0.221663 0.709989 0.028469 0.023329
2 2 0.032670 0.292108 0.612110 0.027947 0.035165
2 1 0.068985 0.396985 0.443174 0.030341 0.060515
1 1 0.092709 0.435607 0.365075 0.033439 0.073170
1 1 0.083609 0.422217 0.393184 0.032674 0.068316
1 1 0.082465 0.420380 0.396901 0.032566 0.067688
1 1 0.089122 0.430579 0.375855 0.033156 0.071288
2 1 0.060636 0.377448 0.477223 0.029902 0.054790
2 1 0.021771 0.230529 0.694488 0.029543 0.023670
2 2 0.024694 0.155496 0.773678 0.034827 0.011305
2 2 0.016258 0.212367 0.716027 0.034294 0.021053
2 2 0.064478 0.353528 0.498103 0.036867 0.047024
1 2 0.080314 0.416828 0.404009 0.032356 0.066493
2 2 0.049163 0.347323 0.528392 0.027909 0.047212
2 1 0.061095 0.378528 0.475324 0.029972 0.055081
2 1 0.048172 0.344408 0.533180 0.027712 0.046527
2 1 0.063314 0.383629 0.466283 0.030300 0.056473
1 1 0.081093 0.433260 0.386230 0.023702 0.075716
1 1 0.112974 0.451810 0.328326 0.023486 0.083405
1 1 0.108039 0.453848 0.322912 0.034404 0.080796
2 1 0.062526 0.381840 0.469469 0.030186 0.055981
2 1 0.069985 0.397827 0.440455 0.031198 0.060535
2 1 0.063739 0.384584 0.464579 0.030361 0.056737
2 1 0.044152 0.331995 0.553297 0.026864 0.043691
2 1 0.062460 0.381688 0.469737 0.030176 0.055939
2 1 0.058229 0.371635 0.487361 0.029524 0.053251
2 1 0.042484 0.326551 0.561989 0.026489 0.042488
2 1 0.036361 0.330340 0.568942 0.016828 0.047529
2 1 0.048596 0.369196 0.507918 0.016756 0.057533
2 2 0.055086 0.363660 0.501051 0.029000 0.051203
2 2 0.030316 0.311123 0.600691 0.013560 0.044310
2 2 0.061886 0.408567 0.442479 0.016597 0.070471
1 2 0.087544 0.428266 0.380720 0.033024 0.070447
1 2 0.098538 0.443137 0.348327 0.033850 0.076148
2 2 0.070902 0.400385 0.436416 0.030855 0.061442
2 2 0.074601 0.406734 0.423673 0.031747 0.063245
1 2 0.077871 0.412633 0.412272 0.032105 0.065119
2 2 0.050474 0.351096 0.522155 0.028163 0.048111
2 2 0.070458 0.398772 0.438696 0.031256 0.060816
1 2 0.149297 0.431826 0.314130 0.032862 0.071886
1 2 0.092395 0.435180 0.366003 0.033415 0.073007
2 2 0.065469 0.405527 0.440919 0.021470 0.066616
1 1 0.091928 0.441505 0.360684 0.028915 0.076969
1 1 0.111330 0.457145 0.314608 0.034566 0.082351
1 1 0.091425 0.465432 0.331761 0.016495 0.094887
1 1 0.087508 0.454332 0.351784 0.018773 0.087604
1 1 0.086222 0.436001 0.375395 0.026942 0.075440
2 1 0.055618 0.365041 0.498697 0.029092 0.051553
2 1 0.043575 0.330133 0.556278 0.026736 0.043277
2 1 0.038819 0.313919 0.581870 0.025610 0.039782
2 1 0.011817 0.178849 0.767951 0.024971 0.016412
2 2 0.012743 0.106157 0.855074 0.019464 0.006562
2 2 0.008806 0.154803 0.795249 0.027982 0.013161
2 2 0.019918 0.117339 0.831185 0.024326 0.007232
2 2 0.008093 0.095088 0.864699 0.026424 0.005696
2 2 0.038452 0.312598 0.583927 0.025517 0.039506
2 2 0.053036 0.358207 0.510277 0.028639 0.049841
2 1 0.060704 0.377607 0.476943 0.029913 0.054833
2 1 0.069132 0.396101 0.443652 0.031090 0.060025
1 1 0.085817 0.425662 0.386129 0.032874 0.069518
2 1 0.060810 0.377858 0.476503 0.029929 0.054900
1 1 0.079989 0.416281 0.405094 0.032323 0.066312
2 1 0.059355 0.382577 0.475177 0.025097 0.057794
1 1 0.082681 0.420731 0.396194 0.032587 0.067807
2 1 0.075535 0.408453 0.420377 0.031852 0.063784
2 1 0.066987 0.391649 0.451822 0.030810 0.058731
1 1 0.080764 0.417582 0.402508 0.032401 0.066745
2 1 0.023457 0.249886 0.674334 0.024851 0.027471
2 1 0.022919 0.245209 0.684357 0.020642 0.026873
2 1 0.009617 0.136216 0.820448 0.023253 0.010467
2 1 0.005517 0.103088 0.868016 0.016243 0.007136
2 1 0.012375 0.159486 0.799149 0.015328 0.013662
2 1 0.009127 0.155971 0.797290 0.024242 0.013371
2 1 0.011013 0.172173 0.777615 0.023666 0.015534
2 2 0.042962 0.321581 0.573164 0.019573 0.042720
2 2 0.013537 0.191187 0.752889 0.024210 0.018177
2 2 0.023479 0.251351 0.669211 0.028378 0.027581
2 2 0.008502 0.097413 0.870547 0.017500 0.006038
2 2 0.019711 0.082043 0.877250 0.017017 0.003979
2 2 0.004978 0.116223 0.834911 0.035339 0.008549
2 2 0.005459 0.078057 0.883357 0.028850 0.004278
2 2 0.005549 0.105354 0.851833 0.030116 0.007148
2 2 0.008873 0.084879 0.848602 0.053183 0.004464
2 2 0.010131 0.065292 0.888170 0.033557 0.002850
2 2 0.025331 0.103977 0.833083 0.032026 0.005582
2 2 0.015166 0.073056 0.866716 0.041840 0.003222
2 2 0.072036 0.243765 0.625356 0.036451 0.022392
1 2 0.126704 0.470041 0.278862 0.035139 0.089255
1 2 0.100836 0.445898 0.341974 0.033997 0.077295
1 2 0.092452 0.435257 0.365836 0.033419 0.073036
2 2 0.065977 0.390419 0.454941 0.030107 0.058556
1 2 0.121361 0.458615 0.302237 0.034572 0.083215
1 2 0.096980 0.441199 0.352713 0.033746 0.075361
2 2 0.075343 0.408103 0.421049 0.031831 0.063674
2 2 0.063004 0.382927 0.467534 0.030255 0.056279
2 2 0.059560 0.374880 0.481718 0.029736 0.054106
2 2 0.060939 0.378162 0.475967 0.029949 0.054982
2 2 0.049448 0.393345 0.476274 0.010395 0.070539
2 1 0.042197 0.364752 0.519712 0.014289 0.059050
2 1 0.042417 0.372058 0.510678 0.011720 0.063127
2 1 0.037523 0.349342 0.544162 0.014006 0.054968
2 1 0.044774 0.352132 0.533003 0.018198 0.051894
1 1 0.051871 0.452266 0.374718 0.003239 0.117905
2 1 0.046238 0.404338 0.461697 0.006218 0.081509
2 1 0.047165 0.402891 0.463644 0.006952 0.079349
2 1 0.040810 0.410719 0.452175 0.004343 0.091953
2 1 0.041484 0.399763 0.470701 0.006099 0.081952
2 1 0.065140 0.398941 0.434347 0.040032 0.061541
1 1 0.090256 0.433595 0.363352 0.040724 0.072074
2 1 0.060288 0.386045 0.452391 0.044016 0.057260
1 0 0.263185 0.422297 0.212282 0.005904 0.096332
0 0 0.498298 0.288236 0.155855 0.005690 0.051920
0 0 0.895209 0.070419 0.018548 0.005038 0.010785
1 0 0.320900 0.412944 0.153567 0.029907 0.082681
1 1 0.169357 0.488651 0.200763 0.035515 0.105715
1 1 0.156222 0.474294 0.240562 0.035051 0.093871
1 1 0.201283 0.471578 0.194063 0.034319 0.098757
2 1 0.077404 0.411810 0.413877 0.032055 0.064853
2 1 0.071565 0.400956 0.434615 0.031392 0.061472
1 1 0.096098 0.440078 0.355226 0.033685 0.074913
2 1 0.073529 0.404728 0.427496 0.031624 0.062623
1 1 0.069362 0.419849 0.418692 0.019127 0.072971
1 1 0.098211 0.442734 0.349243 0.033828 0.075983
1 1 0.100450 0.445441 0.343034 0.033973 0.077103
1 1 0.098275 0.442813 0.349065 0.033833 0.076015
1 1 0.091631 0.434129 0.368276 0.033356 0.072608
1 1 0.100491 0.414903 0.387436 0.032151 0.065020
1 1 0.127485 0.488228 0.256326 0.022831 0.105129
1 1 0.127148 0.482466 0.264452 0.026409 0.099526
1 1 0.109745 0.475160 0.296435 0.022098 0.096562
1 1 0.172714 0.460985 0.253263 0.009179 0.103859
1 1 0.116959 0.474848 0.287429 0.026218 0.094547
1 4 0.170615 0.432813 0.150854 0.010821 0.234897
1 4 0.271561 0.423053 0.128074 0.007629 0.169683
1 1 0.239769 0.445284 0.126000 0.005086 0.183862
0 1 0.409453 0.362117 0.079094 0.001728 0.147608
1 1 0.159129 0.511044 0.175700 0.012997 0.141129
1 1 0.163547 0.501425 0.191171 0.023208 0.120649
1 1 0.169357 0.488651 0.200763 0.035515 0.105715
1 1 0.357368 0.409019 0.110851 0.005644 0.117118
0 4 0.397293 0.331365 0.083052 0.002962 0.185328
0 4 0.674772 0.209774 0.041890 0.000698 0.072866
1 4 0.359485 0.406721 0.100812 0.003464 0.129518
1 4 0.158648 0.485577 0.176637 0.015846 0.163291
1 4 0.156386 0.489348 0.184340 0.019394 0.150532
1 4 0.316240 0.431639 0.112660 0.004303 0.135159
0 4 0.551840 0.273149 0.057743 0.001535 0.115734
0 4 0.870954 0.089279 0.016724 0.000822 0.022222
1 4 0.350105 0.397162 0.145418 0.028748 0.078566
0 4 0.953161 0.030378 0.005506 0.000422 0.010533
0 0 0.947123 0.037071 0.005830 0.000243 0.009732
0 0 0.937222 0.044177 0.006722 0.000219 0.011659
0 0 0.713117 0.166774 0.040231 0.001278 0.078599
0 0 0.700223 0.161357 0.051623 0.002476 0.084322
0 0 0.504159 0.322638 0.081347 0.004429 0.087427
1 0 0.192559 0.487721 0.181975 0.022803 0.114943
1 1 0.164101 0.497413 0.196681 0.026683 0.115121
1 1 0.082247 0.428685 0.343635 0.015569 0.129865
1 1 0.087432 0.475326 0.319545 0.011006 0.106692
2 4 0.052377 0.411294 0.419702 0.012795 0.103832
1 4 0.109682 0.468207 0.305288 0.026073 0.090749
1 4 0.082819 0.450699 0.359485 0.021185 0.085812
2 4 0.058151 0.421580 0.428374 0.009866 0.082029
2 4 0.046805 0.387590 0.486563 0.009657 0.069384
2 4 0.048005 0.388725 0.481960 0.014092 0.067219
2 4 0.026161 0.365942 0.525316 0.003836 0.078745
2 4 0.047020 0.400968 0.466698 0.007191 0.078122
1 4 0.055560 0.376058 0.214101 0.001857 0.352424
1 4 0.061922 0.449428 0.293112 0.002803 0.192735
1 4 0.070887 0.484797 0.305049 0.003739 0.135527
1 4 0.039701 0.379347 0.238806 0.000792 0.341354
4 4 0.043900 0.344907 0.217691 0.001678 0.391823
4 4 0.077835 0.316783 0.093028 0.001743 0.510611
4 4 0.108496 0.220452 0.068659 0.002068 0.600325
4 4 0.095523 0.217590 0.078036 0.003881 0.604970
4 4 0.172359 0.161342 0.046998 0.001520 0.617782
4 4 0.079163 0.319401 0.094780 0.001875 0.504781
1 4 0.091946 0.501747 0.260255 0.005535 0.140518
1 4 0.128006 0.500886 0.211649 0.003493 0.155966
1 4 0.074893 0.484297 0.306665 0.004751 0.129394
1 1 0.095322 0.501616 0.259534 0.006350 0.137178
1 1 0.111703 0.498354 0.256180 0.011958 0.121806
1 1 0.081246 0.501923 0.259474 0.003346 0.154010
1 1 0.083741 0.504560 0.251530 0.003356 0.156813
1 1 0.073989 0.492999 0.283975 0.003293 0.145744
1 1 0.101434 0.509604 0.234578 0.005592 0.148792
1 1 0.069889 0.496447 0.270457 0.002198 0.161008
1 1 0.114298 0.489473 0.269879 0.016824 0.109526
1 0 0.204161 0.456165 0.226374 0.009981 0.103318
1 1 0.109838 0.475633 0.295684 0.021889 0.096956
1 1 0.123818 0.467915 0.285212 0.035053 0.088002
1 1 0.142533 0.482907 0.243139 0.032720 0.098701
1 1 0.078500 0.413730 0.410124 0.032171 0.065475
2 1 0.074548 0.406637 0.423858 0.031741 0.063215
1 1 0.082712 0.420780 0.396095 0.032590 0.067824
2 1 0.076459 0.410127 0.417145 0.031954 0.064314
1 1 0.101276 0.446414 0.340773 0.034024 0.077513
1 1 0.171229 0.478180 0.217263 0.035043 0.098285
0 0 0.390571 0.375061 0.141418 0.016085 0.076865
1 0 0.212049 0.465576 0.192038 0.033900 0.096437
1 1 0.313082 0.417120 0.155787 0.030214 0.083796
0 0 0.542056 0.292991 0.092541 0.005532 0.066881
1 0 0.294866 0.428904 0.159204 0.028311 0.088715
0 0 0.420892 0.372106 0.094584 0.004297 0.108122
1 0 0.297456 0.427864 0.158160 0.027814 0.088706
1 1 0.357746 0.392989 0.143321 0.028442 0.077501
1 0 0.206470 0.479615 0.179512 0.024180 0.110223
0 0 0.846322 0.104458 0.026016 0.004058 0.019146
0 0 0.885428 0.076073 0.022016 0.005039 0.011444
0 0 0.845503 0.098568 0.034694 0.007203 0.014032
1 0 0.333223 0.406318 0.150102 0.029420 0.080936
1 1 0.221369 0.464194 0.183349 0.033691 0.097397
0 1 0.396158 0.377889 0.127203 0.019374 0.079376
0 0 0.538544 0.289907 0.103507 0.012000 0.056043
0 0 0.774433 0.152133 0.037536 0.003362 0.032536
1 0 0.320780 0.413008 0.153601 0.029912 0.082699
1 1 0.227798 0.461034 0.181306 0.033456 0.096406
1 1 0.081209 0.418322 0.401032 0.032445 0.066992
1 1 0.078805 0.414257 0.409089 0.032203 0.065647
2 1 0.073204 0.404112 0.428665 0.031587 0.062433
2 1 0.051782 0.364539 0.503492 0.027499 0.052689
2 1 0.061472 0.379409 0.473772 0.030029 0.055319
2 1 0.074257 0.406094 0.424895 0.031708 0.063046
1 1 0.051012 0.427354 0.422949 0.007823 0.090861
2 1 0.048540 0.348369 0.519612 0.036445 0.047034
1 1 0.087987 0.428922 0.379346 0.033062 0.070684
2 1 0.065881 0.390089 0.452703 0.033189 0.058138
2 1 0.044400 0.355833 0.529585 0.016270 0.053911
2 2 0.020847 0.263343 0.669822 0.011758 0.034229
2 2 0.041759 0.356589 0.532234 0.013198 0.056221
2 2 0.038187 0.367718 0.520813 0.007175 0.066106
2 2 0.030750 0.301594 0.611219 0.016104 0.040333
2 2 0.006508 0.133692 0.814337 0.034960 0.010503
2 2 0.005412 0.120283 0.836763 0.028476 0.009066
2 2 0.001232 0.041850 0.937640 0.017284 0.001993
2 2 0.001156 0.050747 0.916444 0.029020 0.002633
2 2 0.001131 0.051534 0.918985 0.025664 0.002685
2 2 0.001197 0.047027 0.925921 0.023435 0.002419
2 2 0.002204 0.062921 0.899274 0.032152 0.003449
2 2 0.002275 0.065674 0.883523 0.044973 0.003554
2 2 0.002800 0.055941 0.896488 0.042148 0.002623
2 2 0.001971 0.072907 0.899423 0.021000 0.004699
2 2 0.009530 0.060197 0.883163 0.044580 0.002530
2 2 0.003450 0.043278 0.860303 0.091075 0.001894
2 2 0.003700 0.084259 0.838965 0.068098 0.004978
2 2 0.006510 0.105461 0.796911 0.084408 0.006709
2 2 0.019748 0.085994 0.804900 0.085061 0.004298
2 2 0.004260 0.039065 0.787991 0.165825 0.002860
2 2 0.007856 0.070852 0.769814 0.142819 0.008659
2 2 0.010480 0.080456 0.738036 0.164038 0.006990
2 2 0.007185 0.056382 0.730450 0.200218 0.005765
2 2 0.009356 0.049070 0.660183 0.276912 0.004479
2 2 0.004855 0.090400 0.639408 0.248382 0.016954
2 2 0.010641 0.077201 0.602266 0.294794 0.015098
2 2 0.007131 0.075489 0.525797 0.369710 0.021872
2 2 0.011535 0.087974 0.676921 0.206712 0.016858
2 2 0.010607 0.105404 0.559279 0.293521 0.031189
3 2 0.003808 0.017395 0.198488 0.773818 0.006490
3 3 0.005366 0.018302 0.292406 0.679161 0.004766
3 3 0.002768 0.006334 0.167063 0.822355 0.001481
3 3 0.003710 0.017331 0.267851 0.707372 0.003735
3 3 0.006712 0.018242 0.178084 0.790520 0.006442
3 3 0.007581 0.008556 0.042551 0.932243 0.009069
3 3 0.007866 0.011381 0.052808 0.916400 0.011546
3 3 0.006864 0.007847 0.047866 0.930458 0.006965
3 3 0.008518 0.009984 0.047632 0.923837 0.010028
3 3 0.006116 0.006244 0.032533 0.947309 0.007798
3 3 0.004676 0.003293 0.019776 0.968287 0.003968
3 3 0.004070 0.003642 0.021826 0.965584 0.004879
3 3 0.003879 0.003419 0.019865 0.967771 0.005066
3 3 0.004100 0.003450 0.021195 0.967231 0.004025
3 3 0.004192 0.003762 0.022752 0.964694 0.004600
3 3 0.001711 0.001988 0.014961 0.978377 0.002962
3 3 0.003712 0.005317 0.028128 0.955329 0.007514
3 3 0.006172 0.006818 0.032975 0.944807 0.009228
3 3 0.003383 0.003957 0.023073 0.963845 0.005743
3 3 0.002628 0.002541 0.016724 0.974189 0.003918
3 3 0.003403 0.002397 0.015326 0.975080 0.003795
3 3 0.002099 0.001453 0.011598 0.982752 0.002099
3 3 0.002181 0.001135 0.009041 0.985540 0.002103
3 3 0.003191 0.001716 0.011849 0.980303 0.002941
3 3 0.002652 0.001753 0.011947 0.980188 0.003460
3 3 0.003607 0.002359 0.014298 0.975168 0.004568
3 3 0.002785 0.001826 0.012260 0.979569 0.003560
3 3 0.003757 0.002331 0.013943 0.975262 0.004708
3 3 0.005444 0.003230 0.016520 0.967794 0.007011
3 3 0.004341 0.002695 0.015272 0.972349 0.005342
3 3 0.005170 0.001705 0.010684 0.979158 0.003282
3 3 0.002993 0.001417 0.010127 0.982785 0.002678
3 3 0.003768 0.001873 0.012164 0.978791 0.003404
3 3 0.002651 0.001302 0.009999 0.983895 0.002154
3 3 0.003692 0.002220 0.014013 0.976243 0.003832
3 3 0.003573 0.001788 0.011004 0.979243 0.004392
3 3 0.003753 0.002688 0.016289 0.972845 0.004425
3 3 0.003089 0.001663 0.010965 0.980653 0.003630
3 3 0.004592 0.002563 0.014655 0.973198 0.004992
3 3 0.002496 0.002080 0.013877 0.977676 0.003871
3 3 0.003780 0.002271 0.013508 0.975625 0.004816
3 3 0.002832 0.002427 0.015093 0.974906 0.004741
3 3 0.001929 0.001303 0.010005 0.984153 0.002610
3 3 0.000993 0.000892 0.007793 0.987998 0.002323
3 3 0.002130 0.001572 0.011439 0.981830 0.003030
3 3 0.003024 0.001777 0.011341 0.979679 0.004179
3 3 0.002001 0.001452 0.010081 0.982635 0.003831
3 3 0.002580 0.002633 0.015873 0.973251 0.005663
3 3 0.004330 0.002337 0.013235 0.974687 0.005412
3 3 0.001613 0.001314 0.010151 0.984094 0.002828
3 3 0.002513 0.002551 0.015057 0.973601 0.006279
3 3 0.003568 0.003068 0.017109 0.969901 0.006354
3 3 0.003446 0.001943 0.011722 0.978047 0.004843
3 3 0.002579 0.001780 0.011230 0.979594 0.004818
3 3 0.002536 0.001955 0.012384 0.978367 0.004759
3 3 0.002793 0.001774 0.010991 0.979486 0.004956
3 3 0.001418 0.001182 0.009303 0.985246 0.002850
3 3 0.001693 0.001589 0.010934 0.981417 0.004367
3 3 0.001638 0.001651 0.011178 0.980778 0.004755
3 3 0.001497 0.001349 0.009211 0.983050 0.004894
3 3 0.000235 0.000201 0.003228 0.995853 0.000483
3 3 0.000833 0.000643 0.006355 0.990586 0.001583
3 3 0.001261 0.001133 0.009952 0.985707 0.001947
3 3 0.001115 0.001136 0.009155 0.985604 0.002989
3 3 0.001015 0.000916 0.008097 0.987787 0.002185
3 3 0.001955 0.002021 0.013492 0.978054 0.004478
3 3 0.001463 0.001153 0.009206 0.985541 0.002637
3 3 0.001884 0.001304 0.009076 0.983779 0.003957
3 3 0.003285 0.001680 0.010850 0.980380 0.003806
3 3 0.001662 0.000800 0.006748 0.988805 0.001985
3 3 0.002289 0.001002 0.007865 0.986659 0.002184
3 3 0.002781 0.001787 0.012573 0.979911 0.002947
3 3 0.002147 0.002526 0.017864 0.974176 0.003286
3 3 0.002888 0.002904 0.019219 0.971407 0.003582
3 3 0.008088 0.013778 0.058371 0.903927 0.015836
2 3 0.010001 0.064300 0.551806 0.366130 0.007764
2 3 0.010619 0.138819 0.598755 0.230323 0.021484
2 3 0.009903 0.100321 0.649564 0.228081 0.012132
2 2 0.004645 0.092782 0.752000 0.139867 0.010707
2 2 0.005840 0.113053 0.666917 0.200741 0.013449
2 2 0.058128 0.318577 0.564972 0.014090 0.044233
2 2 0.058765 0.406253 0.448053 0.016449 0.070478
2 2 0.029773 0.303273 0.523913 0.042061 0.100980
2 1 0.024201 0.290541 0.534077 0.031290 0.119891
2 1 0.035218 0.340019 0.505116 0.023293 0.096354
1 1 0.031517 0.362045 0.274259 0.000672 0.331506
4 1 0.025963 0.323239 0.304534 0.000938 0.345327
4 1 0.029621 0.338175 0.263976 0.000753 0.367475
4 1 0.030323 0.335180 0.237159 0.000440 0.396898
4 1 0.027461 0.315028 0.261126 0.000763 0.395621
1 1 0.055563 0.356566 0.264005 0.007053 0.316813
1 1 0.092452 0.516162 0.204683 0.002450 0.184253
1 1 0.059910 0.419593 0.301250 0.005293 0.213954
1 1 0.052522 0.405192 0.286845 0.004478 0.250963
1 1 0.062600 0.440255 0.272596 0.002932 0.221617
1 1 0.047891 0.432437 0.328985 0.002351 0.188337
1 1 0.040585 0.453874 0.354416 0.000904 0.150221
1 1 0.044994 0.431712 0.317943 0.001336 0.204015
2 1 0.027007 0.334905 0.349223 0.002355 0.286510
1 1 0.039383 0.393910 0.340371 0.002282 0.224054
4 4 0.049745 0.033777 0.020214 0.006448 0.889817
4 4 0.090366 0.067657 0.035065 0.009326 0.797586
4 4 0.048113 0.160206 0.065659 0.003827 0.722195
4 4 0.032922 0.096808 0.048739 0.005743 0.815787
4 4 0.048125 0.071265 0.042036 0.012743 0.825831
4 4 0.068282 0.030252 0.019628 0.013216 0.868622
4 4 0.069942 0.044919 0.026165 0.010481 0.848493
4 4 0.074954 0.057465 0.028832 0.006183 0.832566
4 4 0.031900 0.089789 0.048186 0.007352 0.822774
4 4 0.065896 0.026453 0.017802 0.014062 0.875786
4 4 0.057111 0.062029 0.032000 0.006394 0.842466
4 4 0.073911 0.069715 0.035236 0.007405 0.813732
4 4 0.035574 0.118890 0.049686 0.002745 0.793105
4 4 0.038236 0.138408 0.051387 0.001775 0.770194
4 4 0.180316 0.120733 0.035658 0.001319 0.661975
4 4 0.104245 0.213402 0.076639 0.004064 0.601649
4 4 0.186197 0.066865 0.027751 0.004754 0.714433
4 4 0.223438 0.063930 0.025434 0.004193 0.683006
4 4 0.095137 0.061554 0.028322 0.004869 0.810118
4 4 0.127013 0.160631 0.059013 0.004045 0.649299
4 4 0.100672 0.332811 0.127394 0.008568 0.430556
4 4 0.098547 0.341551 0.122526 0.006200 0.431177
4 4 0.075027 0.161870 0.148229 0.011481 0.603393
4 4 0.150012 0.324402 0.102085 0.003966 0.419534
4 4 0.094645 0.332219 0.128346 0.006932 0.437859
4 4 0.319068 0.230203 0.101107 0.009120 0.340502
1 4 0.199452 0.360865 0.141410 0.007904 0.290369
1 4 0.138371 0.479154 0.192130 0.014684 0.175661
4 4 0.103552 0.339272 0.169665 0.018941 0.368570
1 4 0.125668 0.471728 0.197264 0.011597 0.193743
1 1 0.077730 0.468652 0.338209 0.009311 0.106099
1 1 0.064565 0.393140 0.302287 0.008080 0.231928
1 1 0.074299 0.462658 0.292432 0.004953 0.165659
1 1 0.085516 0.479788 0.262726 0.005278 0.166692
2 1 0.042712 0.370801 0.390410 0.009193 0.186883
2 1 0.036393 0.345736 0.546938 0.017883 0.053050
2 1 0.021797 0.296137 0.626342 0.010942 0.044782
2 1 0.032748 0.374932 0.511775 0.007530 0.073014
2 1 0.017476 0.279089 0.633556 0.010738 0.059141
2 1 0.018169 0.298739 0.613421 0.006910 0.062761
2 1 0.021588 0.257534 0.675347 0.013846 0.031684
2 1 0.034333 0.297062 0.607838 0.024419 0.036348
2 1 0.028669 0.273181 0.643657 0.022700 0.031793
2 1 0.030364 0.280669 0.632539 0.023243 0.033184
2 1 0.018053 0.241705 0.695309 0.016186 0.028747
2 1 0.025306 0.261061 0.653752 0.030673 0.029208
2 1 0.017821 0.231693 0.694348 0.031147 0.024991
2 1 0.024089 0.257120 0.660795 0.029238 0.028758
2 1 0.022146 0.246287 0.670889 0.034154 0.026524
2 1 0.030103 0.298842 0.612163 0.019778 0.039113
2 1 0.052222 0.356191 0.513257 0.029017 0.049314
2 1 0.029380 0.327338 0.577535 0.014300 0.051446
1 1 0.092155 0.467012 0.328641 0.016259 0.095932
1 1 0.135978 0.431858 0.338870 0.010460 0.082834
2 1 0.061464 0.406458 0.445047 0.017811 0.069219
2 1 0.023683 0.287345 0.602234 0.031819 0.054919
2 1 0.045309 0.364467 0.495923 0.030450 0.063851
2 1 0.034835 0.346947 0.534861 0.019961 0.063396
2 1 0.037965 0.365474 0.519824 0.015759 0.060979
2 1 0.025837 0.299654 0.602017 0.025683 0.046808
2 1 0.023996 0.315861 0.600640 0.006377 0.053126
2 1 0.013240 0.242407 0.701399 0.009174 0.033781
2 1 0.023813 0.301278 0.617623 0.012506 0.044781
2 1 0.020609 0.272388 0.652842 0.018257 0.035904
2 1 0.008111 0.203681 0.754753 0.004860 0.028594
2 1 0.002757 0.104971 0.871335 0.011712 0.009225
2 1 0.003475 0.119999 0.852793 0.012497 0.011235
2 2 0.002385 0.084550 0.900491 0.005137 0.007438
2 2 0.001523 0.075931 0.902520 0.014366 0.005661
2 2 0.003336 0.114307 0.853312 0.019113 0.009932
2 2 0.002799 0.087148 0.865498 0.038893 0.005661
2 2 0.001261 0.060141 0.925400 0.009251 0.003948
2 2 0.001611 0.064008 0.919804 0.010319 0.004258
2 2 0.002690 0.085832 0.864898 0.041039 0.005542
2 2 0.001117 0.061684 0.918724 0.014379 0.004096
2 2 0.003523 0.101387 0.838283 0.049731 0.007075
2 2 0.001004 0.044713 0.939166 0.012619 0.002497
2 2 0.006098 0.131439 0.798194 0.054175 0.010095
2 2 0.003439 0.102226 0.854547 0.032328 0.007461
2 2 0.003493 0.088904 0.858333 0.043550 0.005721
2 2 0.000947 0.051648 0.923779 0.020708 0.002918
2 2 0.001068 0.058961 0.918510 0.017686 0.003775
2 2 0.001073 0.053696 0.912954 0.029328 0.002949
2 2 0.002859 0.087496 0.860215 0.043806 0.005624
2 2 0.002777 0.085581 0.866871 0.039310 0.005461
2 2 0.003015 0.095579 0.849417 0.044284 0.007706
2 2 0.005984 0.130734 0.801902 0.051306 0.010073
2 2 0.002389 0.070229 0.894387 0.028790 0.004204
2 2 0.003506 0.100691 0.821321 0.064451 0.010031
2 2 0.003888 0.108961 0.831899 0.044791 0.010460
2 2 0.015494 0.099499 0.844294 0.035195 0.005518
2 2 0.007965 0.126099 0.815732 0.041078 0.009125
2 2 0.005109 0.114942 0.828848 0.042825 0.008276
2 2 0.006998 0.057379 0.906705 0.026465 0.002452
2 2 0.001618 0.059767 0.901675 0.033713 0.003226
2 2 0.013792 0.089699 0.857761 0.034050 0.004698
2 2 0.004943 0.116881 0.806806 0.062937 0.008433
2 2 0.030967 0.182867 0.728750 0.042902 0.014514
2 2 0.008534 0.150529 0.784497 0.044136 0.012304
2 2 0.011002 0.084576 0.855257 0.044836 0.004330
2 2 0.012053 0.092595 0.850010 0.040322 0.005020
2 2 0.068792 0.395406 0.444935 0.031046 0.059821
2 2 0.083018 0.393824 0.433826 0.030902 0.058430
2 2 0.053594 0.339457 0.534925 0.027371 0.044653
2 0 0.069176 0.396676 0.441396 0.032650 0.060102
1 1 0.077936 0.412746 0.412051 0.032112 0.065155
2 1 0.057352 0.389510 0.460095 0.032676 0.060366
1 1 0.076312 0.422740 0.410315 0.009193 0.081440
2 1 0.061959 0.384354 0.463389 0.033484 0.056814
2 1 0.037767 0.317099 0.552441 0.053134 0.039559
2 1 0.041095 0.369159 0.499279 0.030175 0.060291
1 1 0.093523 0.471083 0.321044 0.015358 0.098992
1 1 0.101833 0.482933 0.293677 0.014547 0.107010
1 1 0.114698 0.466275 0.300360 0.030489 0.088177
1 1 0.095106 0.479303 0.306177 0.013009 0.106405
2 1 0.034631 0.329546 0.563226 0.026086 0.046512
2 1 0.049371 0.368244 0.505764 0.020632 0.055990
2 1 0.065790 0.389092 0.456468 0.030648 0.058001
2 1 0.046346 0.351820 0.526962 0.024775 0.050096
2 1 0.054138 0.362952 0.503773 0.027789 0.051348
2 2 0.054495 0.362717 0.501384 0.030536 0.050868
2 2 0.062111 0.380887 0.471157 0.030124 0.055720
1 2 0.119428 0.464427 0.295184 0.034903 0.086058
1 1 0.106574 0.452314 0.326689 0.034328 0.080095
1 1 0.137438 0.451339 0.299902 0.030029 0.081292
1 1 0.108467 0.476436 0.297081 0.018333 0.099683
1 1 0.092448 0.458101 0.340699 0.020362 0.088390
1 1 0.097394 0.447039 0.346433 0.030247 0.078887
1 1 0.216382 0.454530 0.200219 0.003327 0.125542
1 1 0.342192 0.410877 0.129083 0.005026 0.112821
1 1 0.087668 0.512494 0.221354 0.002573 0.175910
1 1 0.087045 0.506815 0.244685 0.003532 0.157923
1 1 0.079068 0.487160 0.299532 0.005336 0.128905
1 1 0.084360 0.500988 0.263068 0.004084 0.147500
1 1 0.072288 0.493297 0.282334 0.002943 0.149139
1 1 0.101343 0.508531 0.237929 0.005869 0.146328
1 1 0.212038 0.415146 0.173662 0.003815 0.195339
1 1 0.098687 0.494471 0.274531 0.009272 0.123039
1 1 0.102233 0.502311 0.254402 0.007872 0.133182
1 1 0.109230 0.483911 0.284354 0.017368 0.105137
1 1 0.091397 0.422435 0.272642 0.016199 0.197327
4 1 0.249860 0.256145 0.207506 0.010588 0.275900
1 1 0.096625 0.433154 0.263213 0.015695 0.191313
1 1 0.109424 0.478906 0.258125 0.013577 0.139968
1 1 0.062036 0.395782 0.340613 0.017558 0.184010
1 1 0.072010 0.476643 0.303786 0.004256 0.143305
1 1 0.054315 0.440095 0.297786 0.001948 0.205856
1 1 0.051260 0.397486 0.354647 0.006014 0.190593
1 1 0.045528 0.376053 0.333200 0.005203 0.240016
2 1 0.042944 0.398515 0.403529 0.006217 0.148795
1 1 0.075773 0.491201 0.289428 0.003900 0.139698
1 1 0.041993 0.387987 0.363361 0.005565 0.201094
1 1 0.070406 0.500581 0.255589 0.001842 0.171581
4 4 0.048371 0.330828 0.243646 0.004406 0.372749
4 4 0.026773 0.292446 0.310436 0.002750 0.367595
4 4 0.061573 0.226691 0.078787 0.002596 0.630352
4 4 0.219884 0.077136 0.026822 0.002421 0.673739
4 4 0.264875 0.071879 0.023552 0.001931 0.637763
4 4 0.310139 0.065169 0.022409 0.002570 0.599712
4 4 0.201074 0.057819 0.021478 0.002539 0.717090
4 4 0.328091 0.080429 0.035899 0.012086 0.543495
0 4 0.628808 0.061288 0.021920 0.005858 0.282125
0 4 0.559236 0.056183 0.022151 0.007787 0.354644
4 4 0.426191 0.076579 0.032512 0.011204 0.453514
0 4 0.496120 0.108690 0.036998 0.005630 0.352562
4 4 0.392336 0.140586 0.042057 0.002899 0.422122
4 4 0.199438 0.224849 0.075451 0.004683 0.495579
4 4 0.177071 0.222685 0.077023 0.004981 0.518240
4 4 0.238281 0.175503 0.070148 0.010452 0.505617
4 4 0.294968 0.086971 0.034724 0.006693 0.576643
0 4 0.506798 0.053459 0.017778 0.002820 0.419146
0 4 0.838958 0.027264 0.004982 0.000163 0.128633
0 4 0.661877 0.034477 0.009531 0.001050 0.293064
0 4 0.852909 0.017634 0.003438 0.000167 0.125852
0 4 0.724443 0.042426 0.008096 0.000215 0.224821
4 4 0.129037 0.105237 0.044693 0.006028 0.715004
4 4 0.124562 0.105353 0.045633 0.006522 0.717931
4 4 0.120770 0.080517 0.040713 0.011361 0.746639
4 4 0.111867 0.059271 0.031938 0.011744 0.785181
4 4 0.168576 0.071110 0.033496 0.008914 0.717904
4 4 0.273985 0.278511 0.112952 0.006038 0.328514
1 4 0.246679 0.345856 0.132993 0.007825 0.266647
1 4 0.207442 0.392936 0.149004 0.009520 0.241098
1 4 0.210496 0.425274 0.150674 0.013873 0.199683
4 4 0.329366 0.193326 0.077265 0.014886 0.385156
4 4 0.287973 0.238669 0.092640 0.004630 0.376088
4 4 0.100061 0.354786 0.122894 0.005448 0.416812
4 4 0.204283 0.204738 0.103049 0.006830 0.481099
4 4 0.189683 0.339982 0.114131 0.006685 0.349519
1 4 0.144421 0.492491 0.167417 0.010291 0.185379
1 4 0.081451 0.447802 0.307243 0.007157 0.156347
1 4 0.092324 0.489357 0.270603 0.007120 0.140596
1 4 0.117097 0.353968 0.265672 0.016896 0.246366
1 4 0.075956 0.471412 0.332456 0.008965 0.111210
1 4 0.066008 0.465540 0.350213 0.007583 0.110656
2 4 0.035828 0.345549 0.551132 0.012814 0.054675
2 1 0.039490 0.369299 0.516975 0.010030 0.064207
2 1 0.032047 0.348411 0.550191 0.010322 0.059029
2 1 0.048469 0.416750 0.440897 0.005977 0.087907
1 1 0.048313 0.426221 0.424442 0.004650 0.096374
2 1 0.044576 0.418414 0.440015 0.007740 0.089255
1 1 0.058827 0.453701 0.372472 0.004566 0.110433
1 1 0.068648 0.442644 0.388067 0.010927 0.089714
1 1 0.066559 0.459369 0.361001 0.007568 0.105503
1 1 0.064531 0.439009 0.396728 0.010063 0.089668
2 1 0.015218 0.217103 0.712964 0.031979 0.022736
2 2 0.012545 0.203627 0.728236 0.034645 0.020947
2 2 0.016666 0.218398 0.688468 0.054801 0.021666
2 2 0.016854 0.221335 0.700745 0.038401 0.022665
2 2 0.009511 0.193826 0.752971 0.022383 0.021310
2 2 0.009556 0.165395 0.729036 0.078718 0.017295
2 2 0.007222 0.148209 0.781918 0.050282 0.012370
2 2 0.002633 0.106262 0.873229 0.007931 0.009945
2 2 0.003259 0.107529 0.850855 0.023274 0.015083
2 2 0.007806 0.157285 0.776805 0.044313 0.013791
2 2 0.001277 0.064732 0.919357 0.009984 0.004651
2 2 0.002358 0.056343 0.925185 0.012904 0.003211
2 2 0.001853 0.075957 0.892032 0.025098 0.005061
2 2 0.000527 0.039825 0.939380 0.018148 0.002120
2 2 0.000706 0.046283 0.930269 0.020157 0.002585
2 2 0.002334 0.064706 0.820196 0.104817 0.007946
2 2 0.002454 0.079351 0.801147 0.106017 0.011031
2 2 0.001316 0.034934 0.881095 0.078589 0.004065
2 2 0.001783 0.055562 0.832605 0.104567 0.005483
2 2 0.000987 0.039456 0.877975 0.075212 0.006371
2 2 0.005450 0.082886 0.820837 0.071081 0.019745
2 2 0.004740 0.113598 0.759876 0.095971 0.025815
2 2 0.004899 0.118779 0.765036 0.088470 0.022816
2 2 0.005488 0.104381 0.808984 0.058364 0.022782
2 2 0.008735 0.155269 0.708820 0.101157 0.026018
2 2 0.000330 0.024805 0.861283 0.108420 0.005162
2 2 0.001308 0.050892 0.763875 0.175063 0.008861
2 2 0.001434 0.056071 0.799444 0.132427 0.010624
2 2 0.001742 0.057482 0.720043 0.211950 0.008784
2 2 0.003228 0.083892 0.707652 0.189123 0.016104
2 2 0.001141 0.034187 0.763616 0.191063 0.009992
2 2 0.001438 0.050065 0.666760 0.266726 0.015011
2 2 0.003055 0.073070 0.645730 0.257452 0.020694
2 3 0.002083 0.061139 0.691529 0.225162 0.020088
2 3 0.003785 0.090166 0.662992 0.210217 0.032839
2 3 0.005870 0.032372 0.635406 0.321743 0.004610
2 3 0.004239 0.033275 0.508103 0.449319 0.005064
2 3 0.003047 0.016642 0.511561 0.466652 0.002098
2 3 0.006966 0.032534 0.500326 0.454752 0.005422
2 3 0.002938 0.026722 0.541346 0.425416 0.003578
2 3 0.046860 0.118208 0.741641 0.087091 0.006201
2 3 0.012197 0.062752 0.713873 0.207268 0.003910
2 3 0.003058 0.035702 0.841669 0.118259 0.001312
2 3 0.003448 0.060527 0.852979 0.080208 0.002837
2 2 0.008377 0.056180 0.845973 0.087286 0.002183
2 2 0.005248 0.044908 0.723861 0.221655 0.004329
2 2 0.004106 0.078727 0.737228 0.172301 0.007638
2 2 0.005524 0.072176 0.682208 0.232000 0.008093
2 2 0.004044 0.073528 0.665138 0.249595 0.007695
2 2 0.003196 0.044063 0.709685 0.238151 0.004905
2 2 0.002970 0.017557 0.545566 0.432243 0.001665
2 2 0.005902 0.022824 0.494858 0.474283 0.002133
2 3 0.006001 0.064365 0.531709 0.388301 0.009623
2 3 0.029076 0.100942 0.562095 0.295378 0.012510
2 3 0.003056 0.034489 0.667002 0.292269 0.003185
2 3 0.006105 0.030781 0.542711 0.415792 0.004611
2 3 0.004023 0.041577 0.560336 0.389134 0.004930
2 3 0.001381 0.022729 0.565287 0.408107 0.002496
2 3 0.005248 0.034954 0.522504 0.432407 0.004887
2 3 0.003318 0.022430 0.489488 0.481830 0.002934
2 3 0.001622 0.041899 0.535000 0.409341 0.012138
2 3 0.002551 0.056520 0.485001 0.437742 0.018186
2 3 0.002494 0.035004 0.509680 0.441394 0.011427
2 3 0.002525 0.045233 0.473422 0.459420 0.019399
3 3 0.003272 0.032448 0.367312 0.581358 0.015609
3 3 0.007205 0.017455 0.095320 0.869785 0.010235
3 3 0.001744 0.007849 0.118683 0.868552 0.003173
3 3 0.008332 0.019643 0.107925 0.851803 0.012297
3 3 0.004836 0.009482 0.069721 0.909588 0.006374
3 3 0.003070 0.007706 0.085949 0.899690 0.003585
3 3 0.002498 0.012585 0.101287 0.871209 0.012420
3 3 0.003139 0.015450 0.077048 0.887580 0.016783
3 3 0.002183 0.005669 0.034828 0.949733 0.007587
3 3 0.003635 0.009565 0.060666 0.914739 0.011395
3 3 0.002463 0.009230 0.054826 0.923438 0.010043
3 3 0.001792 0.001470 0.012069 0.982613 0.002056
