0 0 0.968883 0.013910 0.009365 0.000318 0.007524
0 0 0.969245 0.014569 0.008259 0.000169 0.007759
0 0 0.929127 0.039724 0.013973 0.000116 0.017060
0 0 0.844800 0.097879 0.025997 0.000138 0.031185
0 0 0.756841 0.161489 0.036647 0.000164 0.044858
0 0 0.935506 0.031054 0.010181 0.000113 0.023147
0 0 0.973834 0.011370 0.004344 0.000044 0.010408
0 0 0.976440 0.009727 0.005800 0.000170 0.007863
0 0 0.942001 0.027485 0.009705 0.000123 0.020685
0 0 0.845708 0.095339 0.016811 0.000038 0.042103
1 0 0.399786 0.438530 0.092525 0.000206 0.068953
1 0 0.379854 0.446788 0.105424 0.000929 0.067005
0 0 0.450363 0.403340 0.074936 0.000152 0.071209
1 0 0.378277 0.453898 0.100402 0.000186 0.067237
1 1 0.378496 0.451258 0.110895 0.000927 0.058424
1 1 0.163633 0.585741 0.148938 0.000000 0.101688
1 1 0.156245 0.576604 0.169726 0.000005 0.097419
1 1 0.083091 0.585733 0.232428 0.000007 0.098741
1 1 0.091410 0.576733 0.239383 0.000042 0.092433
1 1 0.061425 0.565363 0.268528 0.000044 0.104640
4 1 0.074618 0.157820 0.012478 0.000000 0.755084
4 4 0.013685 0.101113 0.011838 0.000000 0.873364
4 4 0.012713 0.100812 0.012774 0.000000 0.873701
4 4 0.013967 0.104584 0.012052 0.000000 0.869396
4 4 0.034016 0.164818 0.017884 0.000000 0.783281
4 4 0.027612 0.169571 0.020544 0.000000 0.782274
4 4 0.006624 0.091931 0.015792 0.000000 0.885654
4 4 0.029743 0.220437 0.038084 0.000000 0.711735
4 4 0.014816 0.182667 0.034759 0.000000 0.767758
4 4 0.007252 0.125980 0.026368 0.000000 0.840400
4 4 0.006895 0.137657 0.030755 0.000000 0.824692
4 4 0.010340 0.102570 0.016541 0.000000 0.870548
4 4 0.021258 0.192498 0.032236 0.000000 0.754008
4 4 0.020455 0.146678 0.020532 0.000000 0.812334
4 4 0.008755 0.145194 0.030031 0.000000 0.816020
1 4 0.062456 0.513594 0.222167 0.000713 0.201069
1 4 0.079886 0.531356 0.185208 0.000048 0.203502
1 4 0.075066 0.531886 0.191972 0.000053 0.201023
1 4 0.078990 0.471489 0.136433 0.000037 0.313051
1 0 0.228952 0.449011 0.078447 0.000009 0.243581
1 0 0.152219 0.546606 0.258149 0.002395 0.040632
1 1 0.104614 0.560265 0.285364 0.000672 0.049085
1 1 0.148793 0.539636 0.251496 0.006866 0.053210
1 2 0.138725 0.546550 0.259996 0.003738 0.050991
1 2 0.111846 0.557961 0.279796 0.000986 0.049411
2 2 0.063178 0.317654 0.590414 0.016565 0.012189
2 2 0.064469 0.321997 0.581272 0.019162 0.013100
2 2 0.052239 0.287917 0.627920 0.020811 0.011114
2 2 0.040056 0.239115 0.696196 0.017432 0.007201
2 2 0.041568 0.241068 0.694684 0.015796 0.006884
2 2 0.002566 0.045904 0.914819 0.035694 0.001017
2 2 0.009244 0.110227 0.828678 0.047769 0.004082
2 2 0.002191 0.040561 0.925124 0.031329 0.000795
2 2 0.003070 0.050424 0.914756 0.030699 0.001052
2 2 0.004639 0.071948 0.866636 0.054340 0.002436
2 2 0.026160 0.206473 0.719544 0.038626 0.009197
2 2 0.047138 0.291485 0.610415 0.035231 0.015732
2 2 0.021697 0.191598 0.725094 0.051775 0.009836
2 2 0.018368 0.159977 0.785605 0.030696 0.005354
2 2 0.009314 0.106870 0.842909 0.037549 0.003358
2 2 0.000744 0.021281 0.929929 0.047608 0.000438
2 2 0.000652 0.007752 0.866045 0.125317 0.000235
2 2 0.002471 0.048470 0.887193 0.060346 0.001522
2 2 0.001439 0.018364 0.766334 0.212790 0.001073
2 2 0.001657 0.026252 0.734833 0.235409 0.001848
2 2 0.000539 0.010774 0.653307 0.334576 0.000802
3 2 0.000484 0.003483 0.246580 0.748713 0.000739
3 2 0.000586 0.007540 0.476945 0.514053 0.000876
3 2 0.000480 0.002205 0.171930 0.824778 0.000607
3 2 0.000783 0.005010 0.274386 0.718771 0.001050
3 2 0.000151 0.000889 0.118833 0.879857 0.000270
3 2 0.000192 0.001463 0.145133 0.852796 0.000417
3 3 0.000343 0.001364 0.083191 0.914442 0.000660
3 3 0.000364 0.001560 0.128885 0.868672 0.000518
3 3 0.000339 0.001387 0.089142 0.908500 0.000632
3 3 0.000157 0.000496 0.045365 0.953665 0.000318
3 3 0.000248 0.000885 0.067505 0.930900 0.000462
3 3 0.000075 0.000338 0.053302 0.946118 0.000166
3 3 0.000277 0.000957 0.060722 0.937481 0.000563
3 3 0.000168 0.000599 0.052982 0.945901 0.000350
3 3 0.000078 0.000306 0.046154 0.953293 0.000168
3 3 0.000180 0.000587 0.048810 0.950055 0.000368
3 3 0.000108 0.000429 0.051979 0.947252 0.000232
3 3 0.000062 0.000165 0.027950 0.971702 0.000121
3 3 0.000174 0.000431 0.035634 0.963429 0.000332
3 3 0.000151 0.000399 0.036723 0.962434 0.000293
3 3 0.000203 0.000535 0.040073 0.958795 0.000393
3 3 0.000186 0.000615 0.050202 0.948617 0.000381
3 3 0.000175 0.000457 0.038017 0.961014 0.000337
3 3 0.000117 0.000323 0.035671 0.963660 0.000229
3 3 0.000151 0.000287 0.025530 0.973763 0.000269
3 3 0.000242 0.000495 0.031956 0.966866 0.000440
3 3 0.000110 0.000291 0.033311 0.966075 0.000213
3 3 0.000163 0.000342 0.029115 0.970082 0.000298
3 3 0.000141 0.000372 0.035822 0.963391 0.000273
3 3 0.000128 0.000319 0.032692 0.966616 0.000245
3 3 0.000147 0.000378 0.035399 0.963794 0.000282
3 3 0.000098 0.000185 0.021994 0.977549 0.000174
3 3 0.000127 0.000237 0.023632 0.975779 0.000225
3 3 0.000138 0.000284 0.027008 0.972318 0.000251
3 3 0.000057 0.000168 0.030580 0.969081 0.000114
3 3 0.000071 0.000138 0.020702 0.978962 0.000127
3 3 0.000107 0.000269 0.031178 0.968241 0.000205
3 3 0.000068 0.000157 0.024594 0.975052 0.000128
3 3 0.000068 0.000135 0.020632 0.979042 0.000123
3 3 0.000158 0.000314 0.027070 0.972173 0.000285
3 3 0.000092 0.000225 0.028782 0.970725 0.000175
3 3 0.000075 0.000157 0.022620 0.977010 0.000138
3 3 0.000038 0.000099 0.023387 0.976402 0.000074
3 3 0.000045 0.000108 0.022502 0.977258 0.000086
3 3 0.000042 0.000106 0.023337 0.976433 0.000081
3 3 0.000065 0.000173 0.028666 0.970970 0.000126
3 3 0.000105 0.000281 0.033195 0.966213 0.000205
3 3 0.000135 0.000252 0.024101 0.975273 0.000239
3 3 0.000074 0.000217 0.032780 0.966781 0.000148
3 3 0.000071 0.000112 0.016152 0.983543 0.000122
3 3 0.000043 0.000124 0.027322 0.972425 0.000085
3 3 0.000056 0.000173 0.032061 0.967597 0.000113
3 3 0.000050 0.000121 0.023547 0.976188 0.000095
3 3 0.000095 0.000231 0.028940 0.970552 0.000181
3 3 0.000178 0.000354 0.028164 0.970982 0.000321
3 3 0.000072 0.000124 0.017955 0.981724 0.000125
3 3 0.000118 0.000273 0.029258 0.970128 0.000222
3 3 0.000081 0.000180 0.024762 0.974826 0.000151
3 3 0.000069 0.000128 0.019431 0.980250 0.000122
3 3 0.000111 0.000208 0.022834 0.976650 0.000197
3 3 0.000177 0.000299 0.023467 0.975750 0.000306
3 3 0.000084 0.000168 0.022302 0.977294 0.000152
3 3 0.001125 0.000979 0.028581 0.968122 0.001193
3 3 0.000129 0.000497 0.053168 0.945931 0.000274
3 3 0.111329 0.059816 0.189660 0.605392 0.033803
3 0 0.141238 0.072369 0.312593 0.450300 0.023500
0 0 0.362950 0.120626 0.277182 0.207131 0.032112
3 1 0.157229 0.096689 0.271911 0.436735 0.037436
3 1 0.204958 0.072069 0.349315 0.351679 0.021979
3 1 0.098344 0.057364 0.164458 0.632589 0.047246
3 1 0.061757 0.009757 0.070453 0.845610 0.012423
3 0 0.229556 0.015971 0.101590 0.636063 0.016821
3 0 0.055312 0.010855 0.066132 0.854939 0.012762
3 0 0.097742 0.021732 0.106204 0.753221 0.021100
3 0 0.072004 0.043921 0.236053 0.628824 0.019197
3 0 0.044596 0.034153 0.198746 0.705342 0.017163
3 0 0.061363 0.049978 0.223112 0.641741 0.023806
3 0 0.017094 0.024854 0.171810 0.772853 0.013389
3 0 0.018034 0.023817 0.167957 0.777171 0.013020
3 0 0.052503 0.047923 0.244753 0.634228 0.020594
3 0 0.087212 0.057791 0.265845 0.566126 0.023025
2 2 0.025079 0.055283 0.543778 0.367190 0.008669
3 2 0.066771 0.060067 0.386447 0.471199 0.015516
3 2 0.065241 0.134781 0.366380 0.393853 0.039745
1 2 0.195573 0.326721 0.285444 0.117170 0.075092
0 0 0.383224 0.181517 0.319735 0.079095 0.036428
2 0 0.111472 0.133147 0.395820 0.326170 0.033392
2 0 0.152938 0.156448 0.438975 0.216359 0.035280
2 0 0.152061 0.157986 0.474821 0.179940 0.035191
2 0 0.289818 0.210691 0.359628 0.087100 0.052763
0 0 0.459861 0.107549 0.330206 0.076632 0.025751
0 0 0.824274 0.049047 0.082437 0.027814 0.016427
0 0 0.809320 0.064092 0.094098 0.014814 0.017675
0 0 0.763483 0.086863 0.098505 0.023285 0.027864
2 0 0.061203 0.312021 0.595535 0.018992 0.012249
2 1 0.040882 0.275102 0.625044 0.042930 0.016042
2 1 0.053457 0.310572 0.586464 0.032601 0.016906
2 2 0.039686 0.257703 0.660660 0.030455 0.011497
2 2 0.028024 0.204819 0.732646 0.027207 0.007304
2 2 0.072043 0.380320 0.474093 0.042599 0.030944
1 2 0.098019 0.435702 0.393402 0.034469 0.038409
2 2 0.161620 0.357627 0.421254 0.031919 0.027580
1 2 0.094715 0.427467 0.408061 0.033850 0.035908
2 2 0.092275 0.420372 0.420959 0.032815 0.033580
2 2 0.051484 0.288844 0.625278 0.022631 0.011763
2 2 0.033660 0.217140 0.724079 0.018720 0.006401
2 2 0.020573 0.161029 0.794364 0.019882 0.004152
2 2 0.044577 0.271764 0.644904 0.027024 0.011732
2 2 0.063375 0.327421 0.570738 0.023243 0.015222
0 2 0.457801 0.307968 0.125332 0.008622 0.100277
1 2 0.216674 0.515050 0.186663 0.009601 0.072012
1 2 0.166314 0.515013 0.209292 0.023172 0.086209
1 2 0.140035 0.511110 0.232758 0.037108 0.078989
1 2 0.147599 0.514727 0.233368 0.032001 0.072305
2 2 0.024484 0.189538 0.750877 0.028463 0.006638
2 2 0.010688 0.115863 0.834101 0.035694 0.003653
2 2 0.011629 0.113355 0.850789 0.021620 0.002606
2 2 0.017763 0.106377 0.837642 0.034925 0.003293
2 0 0.271495 0.185347 0.464329 0.058606 0.020224
0 0 0.425137 0.321093 0.224798 0.005599 0.023374
1 0 0.196250 0.507937 0.257865 0.008318 0.029630
1 0 0.156351 0.486624 0.313295 0.013031 0.030698
2 1 0.062796 0.344605 0.535024 0.035534 0.022041
1 1 0.189728 0.491218 0.289317 0.006843 0.022894
0 1 0.843204 0.089264 0.034820 0.000644 0.032068
1 0 0.383730 0.442176 0.101222 0.000888 0.071984
0 0 0.450441 0.382385 0.113056 0.001375 0.052743
0 0 0.548067 0.335769 0.067979 0.000212 0.047972
0 0 0.558972 0.318578 0.074652 0.000362 0.047436
1 1 0.182864 0.522562 0.232721 0.014801 0.047052
1 1 0.175802 0.522250 0.233389 0.017263 0.051296
1 2 0.198175 0.521562 0.230574 0.010643 0.039046
1 2 0.196564 0.521835 0.229910 0.011100 0.040591
1 0 0.372499 0.461240 0.131159 0.000870 0.034231
0 0 0.529854 0.340765 0.084430 0.000451 0.044500
0 1 0.554532 0.318723 0.084532 0.000509 0.041704
0 1 0.433101 0.398835 0.121605 0.001346 0.045113
0 1 0.491168 0.369527 0.101860 0.000604 0.036841
0 0 0.892226 0.044238 0.033705 0.004685 0.025147
0 0 0.956553 0.016205 0.011578 0.001025 0.014639
0 0 0.953557 0.019019 0.011629 0.000624 0.015171
0 0 0.901872 0.045502 0.024527 0.001268 0.026831
0 0 0.651622 0.217595 0.052005 0.000537 0.078242
0 1 0.426145 0.367824 0.091582 0.001838 0.112610
1 1 0.235276 0.514853 0.190191 0.006605 0.053075
1 1 0.198364 0.520037 0.206152 0.012517 0.062929
0 0 0.781653 0.113773 0.073855 0.004652 0.026068
1 0 0.306297 0.491998 0.161924 0.002132 0.037648
1 0 0.251241 0.511467 0.190154 0.004817 0.042320
0 0 0.623883 0.248074 0.062543 0.000582 0.064918
0 0 0.836567 0.087292 0.039563 0.001323 0.035255
0 1 0.937895 0.029160 0.014936 0.000464 0.017545
0 1 0.959028 0.018025 0.009877 0.000312 0.012758
0 1 0.945505 0.019305 0.015823 0.002380 0.016987
0 1 0.955586 0.016169 0.013579 0.001689 0.012976
0 1 0.936549 0.024749 0.013975 0.000930 0.023798
0 0 0.899148 0.051549 0.021589 0.000499 0.027214
0 0 0.939484 0.024671 0.016674 0.001328 0.017843
0 0 0.923198 0.023180 0.021875 0.007417 0.024329
0 0 0.950283 0.017626 0.016244 0.002639 0.013208
0 0 0.964717 0.016017 0.009287 0.000260 0.009720
0 0 0.951017 0.020725 0.013579 0.000773 0.013905
0 0 0.927212 0.031881 0.016494 0.000746 0.023667
0 0 0.887140 0.057624 0.020865 0.000393 0.033977
0 0 0.866484 0.058372 0.045624 0.005722 0.023798
0 0 0.947443 0.022595 0.019116 0.001395 0.009451
0 0 0.949573 0.017793 0.019710 0.003590 0.009334
0 0 0.934212 0.023580 0.021912 0.004147 0.016148
0 0 0.958003 0.020328 0.012934 0.000356 0.008378
0 0 0.917906 0.035402 0.018790 0.001033 0.026868
0 0 0.974081 0.008897 0.008531 0.001034 0.007458
0 0 0.920428 0.030084 0.023773 0.003671 0.022043
0 0 0.967551 0.012142 0.009286 0.000736 0.010284
0 0 0.960449 0.014570 0.012229 0.001350 0.011402
0 0 0.982917 0.006592 0.005900 0.000328 0.004264
0 0 0.980135 0.006076 0.006473 0.001038 0.006278
0 0 0.962186 0.013994 0.010322 0.000891 0.012607
0 0 0.936047 0.023684 0.018519 0.002572 0.019179
0 0 0.867951 0.051908 0.031723 0.004349 0.044070
0 0 0.916236 0.036909 0.020271 0.001133 0.025451
0 0 0.954061 0.019042 0.008407 0.000212 0.018277
0 0 0.917893 0.036634 0.019985 0.001042 0.024445
0 0 0.764593 0.128890 0.040024 0.000831 0.065662
0 0 0.791626 0.090622 0.038609 0.002914 0.076229
0 0 0.670065 0.197876 0.065770 0.001489 0.064800
0 0 0.917447 0.038262 0.023624 0.001308 0.019359
0 0 0.890902 0.058502 0.024999 0.000524 0.025073
0 0 0.920750 0.039912 0.022173 0.000709 0.016457
0 0 0.978836 0.010650 0.006289 0.000076 0.004148
0 0 0.936966 0.038829 0.019302 0.000093 0.004811
0 0 0.924593 0.043859 0.024916 0.000245 0.006387
0 0 0.948021 0.033326 0.014582 0.000041 0.004031
0 0 0.440426 0.424488 0.112179 0.000321 0.022585
0 0 0.700708 0.205594 0.077154 0.000412 0.016132
0 0 0.637657 0.264596 0.064056 0.000217 0.033474
0 0 0.945457 0.031000 0.016479 0.000169 0.006895
0 0 0.951069 0.024074 0.016929 0.000502 0.007426
0 0 0.935436 0.036339 0.017292 0.000208 0.010725
0 0 0.877550 0.065474 0.034040 0.001045 0.021891
0 0 0.910245 0.037090 0.017227 0.000856 0.034583
0 0 0.932471 0.027464 0.013439 0.000618 0.026007
0 0 0.965023 0.013896 0.007012 0.000216 0.013854
0 0 0.933019 0.028642 0.012770 0.000416 0.025153
0 0 0.898757 0.040260 0.014040 0.000414 0.046529
0 0 0.901893 0.046344 0.024637 0.001161 0.025965
0 0 0.869363 0.080035 0.024288 0.000167 0.026147
0 0 0.806773 0.126401 0.032690 0.000164 0.033973
0 0 0.740425 0.139401 0.067784 0.003708 0.048681
0 1 0.485634 0.377667 0.066715 0.000230 0.069754
0 1 0.414642 0.383679 0.064915 0.000514 0.136249
0 1 0.618201 0.260691 0.038413 0.000085 0.082611
0 0 0.809624 0.114619 0.026421 0.000156 0.049180
0 0 0.949627 0.016004 0.011921 0.001776 0.020672
0 0 0.783586 0.128327 0.033361 0.000313 0.054413
0 0 0.883592 0.026790 0.022434 0.002330 0.064855
0 0 0.905709 0.030607 0.015696 0.000866 0.047122
0 0 0.907909 0.029278 0.018910 0.002022 0.041881
0 0 0.719198 0.053233 0.036362 0.003140 0.188067
0 4 0.612553 0.094591 0.030460 0.001479 0.260917
4 4 0.006240 0.039281 0.006542 0.000000 0.947937
4 4 0.010145 0.013802 0.005087 0.000000 0.970966
4 4 0.018904 0.011993 0.006649 0.000006 0.962448
4 4 0.005071 0.024161 0.005211 0.000000 0.965557
4 4 0.006099 0.057721 0.007377 0.000000 0.928802
4 4 0.023629 0.139141 0.020135 0.000000 0.817095
4 4 0.006863 0.081151 0.013410 0.000000 0.898576
4 4 0.007902 0.078734 0.011830 0.000000 0.901534
4 4 0.008232 0.094298 0.016502 0.000000 0.880968
4 4 0.014704 0.122564 0.020629 0.000001 0.842103
4 4 0.013117 0.138707 0.027227 0.000001 0.820948
4 4 0.009290 0.143773 0.033365 0.000001 0.813571
4 4 0.004739 0.103271 0.025633 0.000001 0.866356
4 4 0.010332 0.164398 0.034875 0.000000 0.790396
4 4 0.012917 0.126079 0.021685 0.000000 0.839318
1 4 0.016489 0.418645 0.248215 0.000358 0.316294
4 4 0.008744 0.363917 0.260225 0.000123 0.366991
1 4 0.025119 0.485650 0.258289 0.000049 0.230892
1 4 0.032401 0.533651 0.280215 0.000014 0.153719
1 4 0.029282 0.484847 0.239600 0.000062 0.246209
1 4 0.034330 0.442759 0.420978 0.003877 0.098055
2 4 0.028781 0.433131 0.463512 0.000923 0.073653
1 4 0.033348 0.462522 0.424665 0.000715 0.078751
1 4 0.073398 0.547220 0.289038 0.001499 0.088845
1 4 0.046140 0.465142 0.417263 0.002401 0.069054
1 4 0.210813 0.518439 0.198182 0.010178 0.062389
0 0 0.667366 0.175301 0.098881 0.008514 0.049938
0 0 0.662431 0.222314 0.072146 0.000844 0.042266
1 1 0.389560 0.440151 0.123950 0.001121 0.045219
1 1 0.202684 0.520185 0.206352 0.011455 0.059324
1 1 0.273153 0.504078 0.172801 0.003621 0.046347
1 1 0.257693 0.503571 0.162046 0.005091 0.071599
1 1 0.335874 0.478003 0.140644 0.001513 0.043966
0 0 0.482658 0.333706 0.119026 0.003140 0.061471
1 0 0.248967 0.510128 0.177398 0.005514 0.057993
0 1 0.588528 0.237478 0.104003 0.005481 0.064510
1 1 0.236123 0.509991 0.173795 0.007088 0.073003
1 1 0.288904 0.496777 0.157615 0.003031 0.053672
1 1 0.338668 0.470209 0.124566 0.001600 0.064958
0 1 0.483406 0.347496 0.110979 0.001834 0.056285
1 1 0.317042 0.487646 0.147020 0.001547 0.046743
1 4 0.216633 0.496151 0.242966 0.005666 0.038584
1 4 0.121149 0.479983 0.311747 0.034085 0.053036
1 4 0.154443 0.516084 0.239903 0.026405 0.063164
1 4 0.081595 0.419724 0.390249 0.058349 0.050083
2 4 0.041356 0.276494 0.658563 0.012376 0.011210
2 4 0.027552 0.243602 0.707968 0.009756 0.011122
2 4 0.044637 0.269872 0.665368 0.011196 0.008927
2 2 0.045198 0.313345 0.623155 0.005094 0.013207
2 2 0.025902 0.213265 0.751649 0.003564 0.005620
2 2 0.050611 0.239257 0.699315 0.006703 0.004113
2 2 0.023075 0.155798 0.808554 0.009954 0.002617
2 2 0.016825 0.129307 0.840955 0.010819 0.002094
2 2 0.018329 0.142561 0.831472 0.005404 0.002233
2 2 0.028584 0.192410 0.763713 0.010910 0.004383
2 2 0.014973 0.125231 0.843027 0.014410 0.002360
2 2 0.009901 0.096800 0.876402 0.015210 0.001687
2 2 0.006366 0.070959 0.908658 0.013019 0.000999
2 2 0.015083 0.128287 0.837648 0.016347 0.002635
2 2 0.011645 0.108051 0.862541 0.015751 0.002012
2 2 0.009183 0.105350 0.845967 0.036279 0.003221
2 2 0.015308 0.150500 0.783636 0.044409 0.006148
2 2 0.012269 0.129132 0.813101 0.040848 0.004650
2 2 0.038506 0.257389 0.657357 0.034376 0.012372
2 2 0.023595 0.196233 0.728797 0.042386 0.008989
2 2 0.009901 0.116572 0.817069 0.051799 0.004658
2 2 0.010275 0.117692 0.820577 0.047016 0.004441
2 2 0.009174 0.111413 0.821854 0.053123 0.004436
2 2 0.012838 0.133498 0.761729 0.084063 0.007872
2 2 0.017434 0.178304 0.709156 0.083069 0.012037
3 2 0.021983 0.070761 0.419153 0.471093 0.017010
3 2 0.028359 0.044899 0.315225 0.597123 0.014394
3 2 0.050449 0.090844 0.372270 0.460316 0.026121
3 2 0.017329 0.067847 0.358246 0.536765 0.019814
3 2 0.016438 0.061620 0.398929 0.507543 0.015469
3 2 0.030366 0.033270 0.261331 0.662580 0.012453
3 2 0.036343 0.027581 0.227817 0.696730 0.011529
3 2 0.062645 0.058562 0.222429 0.627672 0.028691
3 2 0.019879 0.065609 0.335328 0.558474 0.020709
3 2 0.079750 0.063154 0.255262 0.575051 0.026783
2 2 0.226633 0.230960 0.413874 0.096748 0.031784
2 2 0.072533 0.382762 0.469182 0.043605 0.031918
2 2 0.058031 0.345524 0.516150 0.051850 0.028445
2 2 0.052118 0.323905 0.549238 0.050376 0.024364
2 2 0.040602 0.283571 0.600008 0.055694 0.020125
2 2 0.044047 0.287863 0.607322 0.043247 0.017521
2 2 0.051979 0.313569 0.575341 0.039612 0.019499
2 2 0.055435 0.300707 0.609280 0.022081 0.012496
2 2 0.044036 0.271988 0.643167 0.028633 0.012176
2 2 0.031157 0.228817 0.692115 0.037267 0.010644
1 2 0.126221 0.430509 0.378328 0.025845 0.039097
1 2 0.184123 0.500455 0.244667 0.016968 0.053786
0 0 0.375130 0.254823 0.271988 0.057317 0.040743
0 0 0.449312 0.271402 0.212750 0.021513 0.045023
0 0 0.386111 0.280069 0.227975 0.055940 0.049905
2 0 0.059324 0.318576 0.581808 0.025162 0.015130
2 1 0.026085 0.211831 0.704374 0.046868 0.010842
2 1 0.032753 0.245356 0.658095 0.049439 0.014357
2 2 0.021444 0.184008 0.745558 0.041033 0.007956
2 2 0.014016 0.143387 0.789922 0.046765 0.005910
2 2 0.000589 0.017802 0.940964 0.040332 0.000313
2 2 0.001252 0.027643 0.942507 0.028150 0.000447
2 2 0.002448 0.048419 0.885215 0.062366 0.001552
2 2 0.001380 0.031718 0.920695 0.045486 0.000722
2 2 0.003594 0.059208 0.890732 0.044814 0.001652
2 2 0.011397 0.116988 0.839410 0.028949 0.003256
2 2 0.016400 0.143523 0.812117 0.024041 0.003919
2 2 0.006772 0.080863 0.887404 0.023268 0.001693
2 2 0.011165 0.113568 0.846367 0.025979 0.002921
2 2 0.010218 0.112004 0.839849 0.034520 0.003409
2 2 0.004694 0.078127 0.822053 0.091286 0.003840
2 2 0.006635 0.101963 0.758518 0.125871 0.007014
2 2 0.004903 0.071300 0.767340 0.151537 0.004920
2 2 0.004086 0.073334 0.807699 0.110857 0.004024
2 2 0.006917 0.092819 0.767867 0.126201 0.006196
2 2 0.001572 0.026124 0.803138 0.167778 0.001389
2 3 0.024559 0.073731 0.537345 0.352167 0.012199
2 3 0.002265 0.047564 0.867113 0.081256 0.001802
3 3 0.002498 0.016446 0.470001 0.508612 0.002442
2 3 0.000749 0.020865 0.932391 0.045578 0.000416
2 2 0.000573 0.017283 0.944517 0.037340 0.000287
2 2 0.001121 0.023902 0.822370 0.151474 0.001133
2 2 0.001046 0.030492 0.845940 0.121215 0.001307
2 2 0.000767 0.021886 0.909823 0.066959 0.000567
2 2 0.001388 0.023512 0.827428 0.146581 0.001092
2 2 0.000699 0.016056 0.717702 0.264478 0.001065
2 2 0.001031 0.029403 0.868887 0.099593 0.001087
2 2 0.001678 0.022503 0.706628 0.267486 0.001704
2 2 0.001845 0.033379 0.758889 0.203658 0.002230
2 2 0.001201 0.022034 0.773043 0.202435 0.001287
2 2 0.004533 0.030479 0.530536 0.430083 0.004369
2 2 0.010564 0.058498 0.530713 0.390680 0.009545
2 2 0.068706 0.182015 0.451439 0.260120 0.037720
2 2 0.014581 0.119012 0.595789 0.254281 0.016337
2 2 0.008395 0.057145 0.630437 0.297284 0.006738
2 2 0.020058 0.175746 0.757009 0.039909 0.007278
2 2 0.026316 0.212517 0.704248 0.046130 0.010789
2 2 0.021148 0.192231 0.716348 0.059451 0.010822
2 2 0.027544 0.209489 0.720034 0.034207 0.008726
2 2 0.021320 0.173703 0.770815 0.028377 0.005785
2 2 0.004931 0.077680 0.844189 0.070009 0.003191
2 2 0.007574 0.096550 0.846123 0.046431 0.003321
2 2 0.009210 0.111228 0.823586 0.051632 0.004345
2 2 0.004670 0.071759 0.869376 0.051840 0.002356
2 2 0.006698 0.089212 0.854571 0.046543 0.002977
2 2 0.002803 0.059577 0.786744 0.147165 0.003712
2 2 0.002315 0.050890 0.829850 0.114450 0.002495
2 2 0.004526 0.081407 0.759269 0.149020 0.005778
2 2 0.003578 0.069252 0.784670 0.138143 0.004357
2 2 0.004398 0.060735 0.754145 0.176262 0.004460
2 2 0.005035 0.034934 0.602184 0.353701 0.004145
3 2 0.004013 0.023080 0.442230 0.526608 0.004069
3 2 0.020606 0.048939 0.376360 0.541286 0.012809
3 2 0.004806 0.012803 0.247400 0.731027 0.003964
2 2 0.006497 0.037654 0.483674 0.465642 0.006533
3 2 0.131038 0.147534 0.282740 0.382576 0.056112
2 0 0.075889 0.262506 0.401556 0.203076 0.056973
3 0 0.044976 0.115863 0.357254 0.446136 0.035771
3 0 0.033306 0.082420 0.378653 0.482513 0.023108
3 0 0.045567 0.080127 0.419942 0.434958 0.019405
0 4 0.531250 0.277610 0.109143 0.005197 0.076800
0 4 0.690471 0.158745 0.088742 0.008329 0.053714
0 4 0.822510 0.064567 0.058468 0.018900 0.035554
0 1 0.432867 0.336920 0.139101 0.008950 0.082162
1 1 0.241282 0.494758 0.154836 0.007404 0.101720
2 4 0.033769 0.233496 0.692662 0.030379 0.009694
2 4 0.022108 0.202612 0.736248 0.029096 0.009937
2 4 0.020522 0.188472 0.745448 0.036609 0.008950
2 4 0.026103 0.201240 0.732085 0.032629 0.007942
2 4 0.020064 0.177601 0.751743 0.042854 0.007737
2 4 0.096675 0.358428 0.427787 0.061056 0.056053
1 4 0.189282 0.520581 0.211597 0.014650 0.063891
0 4 0.477656 0.282610 0.167538 0.018839 0.053357
0 0 0.565060 0.230523 0.129505 0.014112 0.060801
1 0 0.232492 0.509823 0.173322 0.007574 0.076789
2 0 0.017547 0.255082 0.675367 0.020743 0.031261
2 4 0.016581 0.230123 0.699119 0.029445 0.024732
2 4 0.022604 0.232965 0.693079 0.033949 0.017404
2 4 0.009647 0.158744 0.777521 0.040104 0.013984
2 4 0.011554 0.180278 0.767124 0.025689 0.015355
2 4 0.013844 0.138992 0.802149 0.039909 0.005106
2 2 0.009190 0.105658 0.845017 0.036868 0.003267
2 2 0.014365 0.145232 0.808617 0.026711 0.005074
2 2 0.011325 0.115468 0.842843 0.027282 0.003082
2 2 0.006944 0.092086 0.848496 0.049249 0.003225
1 2 0.315283 0.455193 0.142753 0.004437 0.082334
1 2 0.263089 0.495908 0.149064 0.004838 0.087102
0 0 0.658848 0.183426 0.097239 0.007406 0.053080
1 0 0.227758 0.504385 0.163899 0.008413 0.095546
1 1 0.225106 0.505453 0.166004 0.008769 0.094667
1 1 0.111810 0.462037 0.299515 0.054805 0.071832
2 1 0.257931 0.245190 0.317471 0.111417 0.067991
2 0 0.100116 0.225518 0.443038 0.183911 0.047416
2 0 0.085982 0.218531 0.496660 0.151439 0.047388
2 2 0.039001 0.294301 0.507864 0.120458 0.038375
2 2 0.010787 0.107701 0.857892 0.021225 0.002396
2 2 0.033669 0.241939 0.672704 0.039546 0.012143
2 2 0.036844 0.245567 0.677372 0.029787 0.010431
2 2 0.028855 0.216889 0.709125 0.035656 0.009476
2 2 0.011438 0.110973 0.854989 0.020175 0.002425
2 2 0.110527 0.324533 0.418089 0.092849 0.054003
1 2 0.275286 0.389230 0.253605 0.018185 0.063695
0 2 0.644416 0.183617 0.110633 0.011627 0.049707
1 2 0.356710 0.386081 0.177237 0.013190 0.066782
0 0 0.808529 0.082681 0.069487 0.011698 0.027605
0 0 0.946061 0.022624 0.014460 0.000877 0.015978
0 0 0.952732 0.017735 0.011486 0.000887 0.017160
0 0 0.966136 0.012563 0.010192 0.000939 0.010171
0 0 0.972803 0.007738 0.008976 0.002324 0.008159
0 0 0.946705 0.018180 0.017843 0.003616 0.013655
0 0 0.833141 0.069874 0.053119 0.009292 0.034575
0 0 0.807575 0.098948 0.054119 0.003199 0.036158
1 0 0.318060 0.474638 0.125720 0.002177 0.079406
1 1 0.259349 0.494808 0.147479 0.005146 0.093218
1 1 0.304617 0.476773 0.126652 0.002650 0.089308
4 4 0.005236 0.062292 0.009376 0.000000 0.923096
4 4 0.006499 0.072717 0.011624 0.000000 0.909159
4 4 0.004923 0.071904 0.012399 0.000000 0.910773
4 4 0.019547 0.018894 0.006973 0.000002 0.954584
4 4 0.010917 0.040831 0.007601 0.000000 0.940651
4 4 0.041025 0.016288 0.010300 0.000059 0.932329
4 4 0.030982 0.016708 0.009351 0.000023 0.942936
4 4 0.033661 0.025268 0.009471 0.000008 0.931592
4 4 0.052452 0.023715 0.014744 0.000146 0.908942
4 4 0.049308 0.023559 0.010718 0.000031 0.916384
4 4 0.027101 0.040308 0.011056 0.000003 0.921531
4 4 0.030178 0.015431 0.008584 0.000019 0.945788
4 4 0.046302 0.011490 0.008460 0.000081 0.933666
4 4 0.024881 0.033319 0.008143 0.000001 0.933657
4 4 0.016071 0.036670 0.012411 0.000003 0.934845
4 4 0.056804 0.012308 0.005816 0.000016 0.925056
4 4 0.036816 0.006255 0.007317 0.000182 0.949430
4 4 0.060978 0.014657 0.006995 0.000025 0.917344
4 4 0.056428 0.018156 0.006454 0.000008 0.918953
4 4 0.041601 0.030390 0.005774 0.000001 0.922234
4 4 0.033696 0.049819 0.020553 0.000038 0.895893
4 4 0.038783 0.025648 0.010416 0.000015 0.925139
4 4 0.013062 0.086859 0.014009 0.000000 0.886070
4 4 0.044938 0.022579 0.013101 0.000077 0.919304
4 4 0.038552 0.053645 0.016722 0.000015 0.891067
4 4 0.045524 0.022647 0.011617 0.000045 0.920167
4 4 0.034918 0.034462 0.011901 0.000010 0.918709
4 4 0.048144 0.085684 0.022320 0.000021 0.843831
4 4 0.029881 0.054039 0.020821 0.000027 0.895232
4 4 0.045697 0.084052 0.020352 0.000013 0.849886
4 4 0.020207 0.012103 0.006464 0.000006 0.961221
4 4 0.041322 0.018777 0.007563 0.000009 0.932328
4 4 0.042542 0.017505 0.006141 0.000005 0.933807
4 4 0.015816 0.043002 0.010539 0.000001 0.930642
4 4 0.026947 0.017292 0.008224 0.000009 0.947528
4 4 0.003817 0.194375 0.103338 0.000069 0.698401
4 4 0.013012 0.306556 0.125024 0.000016 0.555393
4 4 0.004683 0.212481 0.107767 0.000043 0.675026
4 4 0.005879 0.273310 0.147317 0.000020 0.573476
4 4 0.003674 0.221541 0.124722 0.000019 0.650044
1 4 0.256037 0.356219 0.115951 0.001861 0.269933
1 4 0.108372 0.512125 0.205030 0.009146 0.165327
1 2 0.114085 0.484748 0.177494 0.015143 0.208530
1 2 0.090487 0.493403 0.192404 0.006426 0.217281
1 2 0.091720 0.495709 0.205279 0.013677 0.193615
4 2 0.123921 0.344993 0.174796 0.003844 0.352445
4 2 0.310543 0.213989 0.113879 0.003393 0.358196
1 2 0.098767 0.442536 0.137370 0.003420 0.317907
1 2 0.078986 0.469141 0.179705 0.006738 0.265430
1 2 0.068500 0.458533 0.189457 0.013278 0.270231
2 2 0.050452 0.345506 0.480682 0.081213 0.042147
2 2 0.048352 0.367828 0.495677 0.042359 0.045784
2 2 0.044475 0.329912 0.464753 0.112436 0.048424
2 2 0.046605 0.325078 0.533942 0.062834 0.031541
2 2 0.038790 0.313417 0.545105 0.067011 0.035677
2 2 0.047653 0.342954 0.395796 0.148070 0.065528
2 2 0.029986 0.263721 0.531470 0.139965 0.034859
2 2 0.036931 0.300003 0.455533 0.157102 0.050430
2 3 0.053200 0.358030 0.412552 0.117757 0.058460
2 3 0.046428 0.331897 0.460621 0.113870 0.047185
2 3 0.125311 0.423487 0.424866 0.009752 0.016584
2 2 0.069240 0.332162 0.567433 0.017815 0.013350
2 2 0.075450 0.350272 0.540732 0.018364 0.015182
2 2 0.086868 0.369574 0.513017 0.015249 0.015292
2 2 0.047242 0.278523 0.637363 0.025140 0.011732
1 2 0.091279 0.449010 0.354326 0.047449 0.057935
2 2 0.032388 0.355165 0.533573 0.022532 0.056342
2 2 0.031301 0.301562 0.556044 0.069461 0.041632
2 2 0.021796 0.267542 0.595479 0.072513 0.042670
2 2 0.029580 0.281458 0.566852 0.085619 0.036490
2 2 0.000104 0.011496 0.985371 0.002628 0.000401
2 2 0.000114 0.011601 0.983907 0.003976 0.000402
2 2 0.000629 0.031848 0.955296 0.010720 0.001508
2 2 0.000158 0.012675 0.980601 0.006184 0.000381
2 2 0.000504 0.026943 0.961733 0.009695 0.001126
2 2 0.000281 0.011984 0.976484 0.011090 0.000161
2 2 0.001371 0.037232 0.919946 0.040223 0.001227
2 2 0.002155 0.044173 0.893409 0.058940 0.001323
2 2 0.001890 0.042298 0.900093 0.054385 0.001334
2 2 0.001119 0.029499 0.925832 0.042810 0.000741
2 2 0.000224 0.005161 0.721226 0.273135 0.000254
2 2 0.000944 0.009275 0.591417 0.397543 0.000821
2 2 0.001348 0.023411 0.625840 0.347099 0.002302
2 2 0.000685 0.012622 0.720641 0.265264 0.000788
2 2 0.000628 0.005996 0.591977 0.400926 0.000473
3 2 0.000175 0.001926 0.335866 0.661791 0.000243
3 2 0.000236 0.002273 0.405204 0.592047 0.000240
3 2 0.000353 0.004080 0.340494 0.654452 0.000621
3 2 0.000724 0.005383 0.459970 0.533310 0.000613
3 2 0.000426 0.002358 0.208537 0.788139 0.000541
3 2 0.000140 0.000699 0.098738 0.900185 0.000238
3 2 0.000179 0.000968 0.119379 0.879173 0.000301
3 2 0.000556 0.002028 0.113098 0.883494 0.000824
3 3 0.000264 0.001210 0.124403 0.873736 0.000387
3 3 0.000247 0.000748 0.060877 0.937715 0.000412
3 3 0.000305 0.001072 0.063879 0.934124 0.000620
3 3 0.000139 0.000499 0.051011 0.948065 0.000287
3 3 0.000133 0.000365 0.036833 0.962411 0.000260
3 3 0.000263 0.000867 0.085080 0.913425 0.000365
3 3 0.000149 0.000378 0.035047 0.964142 0.000285
3 3 0.000152 0.000386 0.035177 0.963992 0.000292
3 3 0.000127 0.000387 0.040752 0.958479 0.000255
3 3 0.000095 0.000438 0.062798 0.936470 0.000199
3 3 0.000265 0.000921 0.066770 0.931552 0.000492
3 3 0.000155 0.000797 0.076694 0.921998 0.000355
3 3 0.000138 0.000531 0.068745 0.930349 0.000236
3 3 0.000231 0.000760 0.062021 0.936576 0.000412
3 3 0.000233 0.000757 0.052841 0.945695 0.000474
3 3 0.000142 0.000590 0.059215 0.939745 0.000308
3 3 0.000270 0.000613 0.040714 0.957940 0.000463
3 3 0.000094 0.000328 0.043094 0.956289 0.000196
3 3 0.000256 0.000860 0.060032 0.938354 0.000497
3 3 0.000098 0.000281 0.035096 0.964330 0.000195
3 3 0.000198 0.000488 0.037036 0.961902 0.000376
3 3 0.000089 0.000362 0.050233 0.949124 0.000192
3 3 0.000479 0.001006 0.040789 0.956853 0.000873
3 3 0.000412 0.000830 0.037122 0.960890 0.000744
3 3 0.000307 0.000645 0.035494 0.962993 0.000561
3 3 0.000213 0.000540 0.039083 0.959756 0.000408
3 3 0.000402 0.000678 0.030282 0.967944 0.000694
3 3 0.000071 0.000240 0.038280 0.961263 0.000146
3 3 0.000108 0.000194 0.021434 0.978073 0.000190
3 3 0.000125 0.000238 0.024068 0.975346 0.000223
3 3 0.000076 0.000177 0.025820 0.973785 0.000143
3 3 0.000128 0.000257 0.025725 0.973659 0.000231
3 3 0.000058 0.000208 0.038313 0.961300 0.000121
3 3 0.000048 0.000109 0.021468 0.978284 0.000090
3 3 0.000042 0.000117 0.025874 0.973885 0.000083
3 3 0.000069 0.000197 0.031386 0.968213 0.000136
3 3 0.000063 0.000128 0.020822 0.978873 0.000114
3 3 0.000078 0.000174 0.024687 0.974917 0.000145
3 3 0.000060 0.000165 0.028804 0.970854 0.000117
3 3 0.000230 0.000368 0.023991 0.975019 0.000392
3 3 0.000088 0.000163 0.020720 0.978873 0.000156
3 3 0.000117 0.000232 0.024609 0.974831 0.000211
3 3 0.000082 0.000234 0.032927 0.966594 0.000163
3 3 0.000084 0.000176 0.023511 0.976075 0.000154
3 3 0.000161 0.000281 0.023518 0.975759 0.000281
3 3 0.000176 0.000416 0.033996 0.965079 0.000332
3 3 0.000103 0.000183 0.020855 0.978679 0.000181
3 3 0.000074 0.000120 0.016898 0.982781 0.000127
3 3 0.000069 0.000148 0.022685 0.976970 0.000127
3 3 0.000076 0.000119 0.016465 0.983211 0.000129
3 3 0.000192 0.000308 0.022658 0.976513 0.000328
3 3 0.000113 0.000203 0.021742 0.977743 0.000199
3 3 0.000070 0.000219 0.034862 0.964708 0.000142
3 3 0.000043 0.000090 0.019271 0.980517 0.000078
3 3 0.000089 0.000204 0.026587 0.972954 0.000166
3 3 0.000040 0.000103 0.023505 0.976274 0.000077
3 3 0.000082 0.000147 0.019695 0.979933 0.000144
3 3 0.000060 0.000166 0.028933 0.970723 0.000118
3 3 0.000094 0.000132 0.015626 0.983992 0.000156
3 3 0.000059 0.000115 0.019512 0.980208 0.000106
3 3 0.000088 0.000157 0.019942 0.979658 0.000155
3 3 0.000087 0.000200 0.026489 0.973061 0.000163
3 3 0.000270 0.000926 0.060415 0.937847 0.000542
3 3 0.000250 0.000432 0.027597 0.971297 0.000424
3 3 0.000911 0.002164 0.067518 0.927944 0.001464
3 3 0.001860 0.003672 0.105284 0.887269 0.001916
3 3 0.001848 0.007751 0.211515 0.776444 0.002441
2 3 0.007655 0.040001 0.713240 0.235722 0.003381
2 3 0.003626 0.046733 0.822950 0.124277 0.002413
2 2 0.005200 0.081423 0.833289 0.076477 0.003611
2 2 0.002782 0.050148 0.900644 0.045100 0.001324
2 2 0.002125 0.044661 0.884194 0.067554 0.001466
2 2 0.003120 0.217299 0.579051 0.006879 0.193650
2 2 0.002482 0.198121 0.617737 0.006222 0.175438
2 2 0.001650 0.169128 0.671031 0.004750 0.153441
2 2 0.002305 0.201206 0.590997 0.004486 0.201006
2 2 0.000846 0.146163 0.667124 0.001529 0.184337
2 2 0.003097 0.228923 0.521622 0.004525 0.241833
2 2 0.004526 0.247533 0.524176 0.008786 0.214978
1 2 0.015322 0.411434 0.344831 0.001095 0.227317
1 2 0.018141 0.407153 0.304251 0.003551 0.266903
2 2 0.006592 0.279568 0.616117 0.001135 0.096588
4 2 0.004248 0.213889 0.123794 0.000134 0.657935
4 2 0.001832 0.184676 0.203288 0.000087 0.610118
4 4 0.004823 0.117645 0.117688 0.000212 0.759632
4 4 0.013556 0.235170 0.083084 0.000100 0.668092
4 4 0.003059 0.185548 0.136573 0.000050 0.674770
2 4 0.003656 0.200510 0.425289 0.003967 0.366578
4 4 0.003813 0.248483 0.265718 0.000765 0.481220
4 4 0.004428 0.248357 0.207768 0.000526 0.538921
4 4 0.014201 0.291023 0.134898 0.000627 0.559251
2 4 0.001918 0.216276 0.397180 0.000974 0.383652
2 4 0.000635 0.149305 0.570111 0.000507 0.279442
2 4 0.000178 0.095762 0.682129 0.000157 0.221775
2 4 0.000939 0.161362 0.599324 0.001116 0.237259
2 4 0.000668 0.148033 0.598556 0.000657 0.252085
2 4 0.000394 0.115893 0.699138 0.000590 0.183984
2 4 0.005440 0.206446 0.718746 0.009104 0.060264
2 4 0.007100 0.189117 0.771799 0.006314 0.025670
2 4 0.004044 0.158747 0.794316 0.009652 0.033241
2 4 0.012360 0.270801 0.668601 0.004281 0.043956
2 4 0.002822 0.111145 0.868903 0.004813 0.012316
2 2 0.038263 0.265367 0.672730 0.012948 0.010693
2 2 0.033144 0.252749 0.681867 0.020145 0.012095
2 2 0.026232 0.191503 0.758421 0.018294 0.005550
2 2 0.027903 0.178857 0.778561 0.011212 0.003467
2 2 0.014393 0.121616 0.847721 0.014043 0.002227
2 2 0.005535 0.067818 0.908099 0.017431 0.001117
2 2 0.008937 0.092673 0.879063 0.017597 0.001731
2 2 0.008322 0.092112 0.874772 0.022789 0.002005
2 2 0.012952 0.121764 0.840397 0.021970 0.002917
2 2 0.067416 0.281954 0.597131 0.037358 0.016140
2 2 0.085070 0.391552 0.473367 0.025922 0.024089
2 2 0.057328 0.341071 0.525552 0.049311 0.026739
2 2 0.055253 0.328482 0.550446 0.043182 0.022636
2 2 0.021632 0.183214 0.749231 0.038350 0.007573
2 2 0.031552 0.241385 0.660849 0.051819 0.014394
2 2 0.007524 0.084773 0.885723 0.020315 0.001666
2 2 0.005528 0.073208 0.890900 0.028687 0.001676
2 2 0.009287 0.105743 0.846347 0.035432 0.003191
2 2 0.005139 0.068925 0.898080 0.026390 0.001466
2 2 0.007342 0.090302 0.865862 0.034005 0.002490
2 2 0.004187 0.064020 0.891186 0.038925 0.001683
2 2 0.004235 0.066800 0.877782 0.049119 0.002063
2 2 0.009211 0.116949 0.794827 0.073153 0.005860
2 2 0.006997 0.086181 0.873946 0.030686 0.002190
2 2 0.017082 0.171629 0.732480 0.068827 0.009981
2 2 0.045790 0.311685 0.547283 0.067634 0.027608
2 2 0.063593 0.360692 0.497374 0.048472 0.029869
2 2 0.061246 0.362637 0.479976 0.060747 0.035393
2 2 0.050069 0.319235 0.551970 0.053950 0.024776
2 2 0.028516 0.238448 0.639674 0.075245 0.018117
2 2 0.003391 0.053989 0.910059 0.031392 0.001169
2 2 0.000689 0.016521 0.969675 0.012972 0.000143
2 2 0.002062 0.038265 0.931216 0.027773 0.000683
2 2 0.001738 0.031114 0.951602 0.015185 0.000361
2 2 0.001137 0.022425 0.965090 0.011152 0.000195
2 2 0.007335 0.088450 0.872186 0.029799 0.002230
2 2 0.005378 0.073038 0.888050 0.031756 0.001778
2 2 0.012073 0.130075 0.806758 0.046027 0.005067
2 2 0.008077 0.103700 0.827094 0.056943 0.004186
2 2 0.009498 0.102323 0.859731 0.025933 0.002515
2 2 0.005505 0.074473 0.885504 0.032659 0.001858
2 2 0.003690 0.054704 0.916680 0.023918 0.001009
2 2 0.001692 0.034552 0.929939 0.033152 0.000665
2 2 0.003847 0.060962 0.893014 0.040563 0.001615
2 2 0.003337 0.057021 0.889893 0.048107 0.001641
2 2 0.021645 0.192379 0.721951 0.053867 0.010158
2 2 0.033298 0.251747 0.643193 0.055554 0.016208
2 2 0.108725 0.300337 0.467397 0.087263 0.036277
2 0 0.119651 0.375134 0.407559 0.056084 0.041572
0 0 0.321116 0.319281 0.280197 0.039635 0.039770
2 0 0.012060 0.138758 0.769057 0.072630 0.007494
2 2 0.008908 0.111481 0.814018 0.060752 0.004840
2 2 0.003878 0.065623 0.863990 0.064121 0.002388
2 2 0.005279 0.082185 0.832654 0.076232 0.003651
2 2 0.001685 0.035246 0.923854 0.038468 0.000748
2 2 0.003911 0.065047 0.870629 0.058197 0.002216
2 2 0.002639 0.044752 0.924892 0.026890 0.000826
2 2 0.004122 0.068168 0.861737 0.063473 0.002499
2 2 0.005936 0.082961 0.860048 0.048302 0.002753
2 2 0.001662 0.035296 0.921107 0.041154 0.000781
2 2 0.079897 0.177956 0.562881 0.156696 0.022571
2 2 0.009167 0.124185 0.741113 0.116696 0.008840
2 2 0.005006 0.046125 0.825507 0.121003 0.002359
2 2 0.002169 0.030600 0.846198 0.119695 0.001338
2 2 0.003973 0.069596 0.809380 0.113243 0.003808
2 2 0.073304 0.243508 0.429719 0.204396 0.049073
0 2 0.637187 0.164583 0.127249 0.026399 0.044581
0 0 0.756203 0.101256 0.101059 0.015227 0.026255
1 0 0.353259 0.359502 0.198501 0.020353 0.068384
1 2 0.141156 0.511041 0.232452 0.037139 0.078212
2 2 0.061617 0.345499 0.529743 0.039437 0.023705
2 4 0.075429 0.365366 0.513787 0.025237 0.020181
2 4 0.066297 0.363255 0.534409 0.015805 0.020233
2 4 0.060951 0.336277 0.553078 0.030187 0.019508
2 4 0.072021 0.370442 0.497908 0.034354 0.025275
2 4 0.016753 0.143174 0.814777 0.021632 0.003663
2 2 0.015089 0.145190 0.797525 0.037001 0.005196
2 2 0.015227 0.137452 0.818892 0.024692 0.003737
2 2 0.009549 0.105644 0.850575 0.031282 0.002951
2 2 0.010196 0.098640 0.874230 0.015203 0.001731
1 2 0.127622 0.500863 0.229470 0.050191 0.091853
1 2 0.198024 0.514966 0.190683 0.013426 0.082901
0 2 0.402872 0.388199 0.135317 0.003645 0.069967
1 2 0.168901 0.520737 0.228738 0.020650 0.060973
1 4 0.142844 0.512045 0.232702 0.035768 0.076640
2 4 0.022274 0.216977 0.719840 0.028205 0.012703
2 4 0.026953 0.222636 0.698990 0.039512 0.011909
2 4 0.017946 0.187821 0.764071 0.021066 0.009096
2 4 0.026280 0.246831 0.678859 0.030821 0.017209
2 4 0.014710 0.160114 0.784306 0.033358 0.007512
2 2 0.004488 0.063125 0.904643 0.026442 0.001302
2 2 0.001455 0.027924 0.954264 0.016034 0.000323
2 2 0.002215 0.038822 0.935792 0.022557 0.000614
2 2 0.002153 0.038058 0.936813 0.022380 0.000595
2 2 0.001344 0.024400 0.964539 0.009520 0.000198
2 2 0.055412 0.322670 0.564969 0.037144 0.019804
1 2 0.106069 0.438956 0.396400 0.025935 0.032639
1 2 0.147356 0.473092 0.339536 0.012764 0.027252
2 2 0.091969 0.414230 0.434438 0.029338 0.030024
2 2 0.081207 0.379756 0.492375 0.024841 0.021821
2 2 0.009306 0.100924 0.861474 0.025836 0.002461
2 2 0.010760 0.106811 0.859802 0.020321 0.002306
2 2 0.006441 0.078919 0.888411 0.024539 0.001691
2 2 0.005522 0.074526 0.885720 0.032381 0.001850
2 2 0.012626 0.119115 0.844326 0.021170 0.002763
2 2 0.014157 0.132625 0.823007 0.026509 0.003702
2 2 0.015749 0.148536 0.794520 0.035918 0.005277
2 2 0.020090 0.180658 0.742707 0.048003 0.008541
2 2 0.020970 0.189365 0.724155 0.055419 0.010091
2 2 0.046505 0.294659 0.600783 0.040505 0.017548
2 2 0.073254 0.389001 0.454384 0.047937 0.035424
2 2 0.079302 0.394218 0.458267 0.037304 0.030909
1 2 0.093862 0.429294 0.401818 0.036677 0.038349
1 2 0.090882 0.429132 0.395054 0.042525 0.042407
2 2 0.057578 0.380328 0.466427 0.050521 0.045146
1 2 0.085396 0.433443 0.354727 0.065637 0.060797
2 2 0.044529 0.322377 0.484523 0.106715 0.041857
1 2 0.097994 0.441812 0.353694 0.044324 0.062176
1 0 0.297766 0.349144 0.230641 0.040788 0.081661
1 0 0.156185 0.485626 0.282788 0.020106 0.055295
1 0 0.057323 0.479356 0.311155 0.009969 0.142197
