0 0 0.903136 0.069725 0.017284 0.000044 0.009811
0 0 0.738061 0.210659 0.033226 0.000005 0.018049
0 0 0.929977 0.052021 0.010530 0.000009 0.007463
0 0 0.953982 0.029926 0.010402 0.000106 0.005585
0 0 0.950469 0.032440 0.009344 0.000047 0.007700
0 0 0.958813 0.027810 0.008080 0.000034 0.005262
0 0 0.932922 0.049814 0.010507 0.000010 0.006747
0 0 0.968430 0.021053 0.005833 0.000019 0.004665
0 0 0.872657 0.100796 0.014368 0.000003 0.012176
0 0 0.804730 0.142776 0.026208 0.000022 0.026264
0 0 0.813795 0.140333 0.017141 0.000003 0.028728
0 0 0.900763 0.061090 0.012652 0.000026 0.025469
0 0 0.963595 0.018857 0.005514 0.000044 0.011990
0 0 0.932523 0.037384 0.008291 0.000023 0.021778
0 0 0.923827 0.048041 0.006103 0.000001 0.022028
0 0 0.938996 0.029868 0.004426 0.000002 0.026708
0 0 0.940076 0.039108 0.003911 0.000000 0.016906
0 0 0.964639 0.016395 0.002579 0.000001 0.016385
0 0 0.801894 0.160503 0.007322 0.000000 0.030281
0 0 0.771336 0.184863 0.012500 0.000000 0.031300
0 0 0.498385 0.336020 0.028522 0.000000 0.137072
0 0 0.625013 0.255794 0.024983 0.000003 0.094207
0 1 0.615977 0.254234 0.022876 0.000002 0.106910
0 1 0.458145 0.386219 0.033828 0.000000 0.121808
0 0 0.503980 0.339188 0.034470 0.000001 0.122360
0 0 0.493203 0.346112 0.039811 0.000003 0.120871
0 0 0.430246 0.406987 0.045235 0.000001 0.117531
0 1 0.556093 0.307092 0.032906 0.000003 0.103906
1 1 0.234252 0.524490 0.084167 0.000002 0.157089
1 1 0.338539 0.432419 0.051847 0.000001 0.177194
1 1 0.025130 0.475949 0.451637 0.000297 0.046987
1 1 0.025513 0.462355 0.437183 0.000839 0.074110
2 0 0.044007 0.388142 0.523876 0.001242 0.042733
1 0 0.054932 0.525118 0.345467 0.000278 0.074206
1 0 0.065019 0.525659 0.338839 0.000339 0.070144
0 1 0.530885 0.354136 0.038468 0.000001 0.076509
0 0 0.457733 0.422397 0.044839 0.000000 0.075030
0 0 0.538800 0.355032 0.034817 0.000000 0.071350
0 0 0.632035 0.255320 0.031171 0.000007 0.081467
0 0 0.727360 0.137763 0.026107 0.000031 0.108739
0 0 0.974966 0.014999 0.004193 0.000018 0.005824
0 0 0.975311 0.014492 0.004430 0.000028 0.005739
0 0 0.974618 0.015689 0.004351 0.000016 0.005325
0 0 0.936227 0.048687 0.006038 0.000001 0.009047
0 0 0.894611 0.087312 0.009780 0.000000 0.008296
0 0 0.945349 0.037695 0.005719 0.000002 0.011235
0 0 0.951273 0.033741 0.005085 0.000001 0.009901
0 0 0.929720 0.050848 0.005786 0.000000 0.013645
0 0 0.953482 0.033728 0.005821 0.000002 0.006967
0 0 0.952391 0.032377 0.007080 0.000010 0.008142
0 0 0.951664 0.031785 0.006841 0.000010 0.009700
0 0 0.956313 0.028682 0.005555 0.000005 0.009445
0 0 0.956768 0.027214 0.005103 0.000004 0.010910
0 0 0.949092 0.039196 0.004657 0.000000 0.007054
0 0 0.956965 0.028116 0.005115 0.000003 0.009801
0 0 0.964597 0.026279 0.005723 0.000005 0.003397
0 0 0.951517 0.039982 0.004226 0.000000 0.004274
0 0 0.973748 0.018853 0.003400 0.000001 0.003997
0 0 0.978643 0.013329 0.002881 0.000003 0.005144
0 0 0.982478 0.010814 0.002726 0.000006 0.003976
0 0 0.988232 0.007455 0.001570 0.000001 0.002741
0 0 0.980955 0.010336 0.002568 0.000007 0.006134
0 0 0.988221 0.007155 0.001666 0.000002 0.002956
0 0 0.990587 0.005832 0.001310 0.000001 0.002270
0 0 0.988664 0.007303 0.001852 0.000003 0.002178
0 0 0.981188 0.011015 0.003048 0.000011 0.004738
0 0 0.974679 0.013147 0.004028 0.000033 0.008112
0 0 0.980068 0.013442 0.003098 0.000004 0.003388
0 0 0.975667 0.018859 0.002749 0.000000 0.002725
0 0 0.979697 0.014232 0.003306 0.000004 0.002761
0 0 0.939343 0.037894 0.008299 0.000017 0.014446
0 0 0.926264 0.051559 0.011978 0.000024 0.010176
0 0 0.912748 0.061794 0.013872 0.000025 0.011561
0 0 0.934096 0.040901 0.007682 0.000008 0.017313
0 1 0.957623 0.023536 0.005120 0.000010 0.013712
1 0 0.286614 0.477835 0.067376 0.000002 0.168174
0 1 0.543098 0.316393 0.029367 0.000001 0.111141
1 1 0.239215 0.537483 0.098427 0.000003 0.124873
1 1 0.208611 0.549376 0.098822 0.000002 0.143189
1 1 0.176494 0.577470 0.121211 0.000002 0.124823
2 1 0.014313 0.376348 0.581785 0.001850 0.025705
2 2 0.009970 0.355573 0.608890 0.001588 0.023979
2 2 0.007593 0.241327 0.729664 0.003694 0.017722
2 2 0.002608 0.189420 0.790191 0.002331 0.015450
2 2 0.003698 0.110040 0.872658 0.003304 0.010300
2 2 0.008770 0.147755 0.830000 0.006836 0.006640
2 2 0.004472 0.123788 0.859595 0.005756 0.006389
2 2 0.004923 0.104047 0.877362 0.008555 0.005113
2 2 0.006186 0.094372 0.887286 0.008764 0.003392
2 2 0.011672 0.106133 0.868514 0.010542 0.003138
2 2 0.010142 0.033473 0.891200 0.064171 0.001014
2 2 0.009137 0.101545 0.855096 0.027212 0.007010
2 3 0.069682 0.106687 0.748892 0.070600 0.004139
2 3 0.045508 0.080723 0.716473 0.151422 0.005875
2 3 0.037183 0.054344 0.683250 0.221154 0.004069
2 3 0.022330 0.024840 0.480928 0.468636 0.003265
2 3 0.034251 0.029585 0.534040 0.399336 0.002788
2 3 0.015780 0.020032 0.526791 0.435235 0.002161
3 2 0.015800 0.014736 0.375954 0.591156 0.002353
2 0 0.065247 0.093266 0.646065 0.186635 0.008787
2 1 0.333351 0.294387 0.352026 0.007793 0.012442
1 1 0.102424 0.509243 0.371369 0.000197 0.016767
1 0 0.132165 0.515143 0.339755 0.000105 0.012832
1 0 0.336546 0.443048 0.205402 0.000227 0.014776
1 2 0.165892 0.501334 0.325052 0.000068 0.007654
2 0 0.110868 0.324113 0.542327 0.002401 0.020291
0 0 0.445191 0.379183 0.163562 0.000326 0.011738
1 2 0.305211 0.473748 0.207144 0.000075 0.013822
1 1 0.089529 0.473027 0.411296 0.000430 0.025717
1 1 0.135239 0.487146 0.366574 0.000265 0.010776
2 2 0.048256 0.322725 0.615003 0.003903 0.010113
2 2 0.013041 0.104968 0.858958 0.018728 0.004305
2 2 0.026679 0.165922 0.793461 0.009266 0.004672
2 3 0.028732 0.111580 0.825303 0.030461 0.003924
2 3 0.030061 0.117550 0.808134 0.039002 0.005253
2 3 0.019413 0.028384 0.576911 0.372223 0.003069
2 3 0.025853 0.030662 0.511458 0.428121 0.003905
2 3 0.031125 0.077665 0.720079 0.163225 0.007906
3 3 0.010801 0.016540 0.387446 0.581765 0.003447
3 3 0.009368 0.012760 0.380564 0.594976 0.002333
2 3 0.029054 0.044024 0.532992 0.387062 0.006869
2 3 0.019039 0.047724 0.511626 0.409374 0.012237
2 3 0.020188 0.049197 0.513034 0.405030 0.012552
3 3 0.009815 0.015837 0.312839 0.656659 0.004850
2 3 0.014223 0.032855 0.513717 0.432462 0.006743
3 3 0.005198 0.013029 0.372940 0.605347 0.003485
2 3 0.014878 0.039383 0.551395 0.386038 0.008306
3 3 0.009291 0.019689 0.401218 0.564887 0.004915
2 3 0.002043 0.016639 0.706518 0.271833 0.002967
2 3 0.005999 0.016584 0.513799 0.460674 0.002944
2 3 0.002841 0.019101 0.528931 0.442818 0.006309
2 3 0.003336 0.018825 0.536850 0.435817 0.005172
2 3 0.003407 0.040968 0.761668 0.183971 0.009986
2 3 0.003731 0.019406 0.583278 0.389425 0.004158
3 3 0.001874 0.009676 0.440999 0.544718 0.002733
3 3 0.004045 0.009250 0.312103 0.671810 0.002792
3 3 0.002144 0.006857 0.438636 0.551130 0.001234
3 3 0.001609 0.005725 0.254117 0.736030 0.002519
2 3 0.005554 0.016973 0.520469 0.453763 0.003241
3 3 0.005621 0.013538 0.380660 0.596716 0.003466
3 3 0.005021 0.011839 0.330539 0.648835 0.003766
3 3 0.002308 0.006585 0.225695 0.762148 0.003264
3 3 0.001896 0.005637 0.245574 0.744536 0.002357
3 3 0.001109 0.003860 0.166280 0.826064 0.002687
3 3 0.001190 0.004000 0.179661 0.812669 0.002480
2 3 0.050519 0.054059 0.523485 0.364929 0.007008
2 3 0.064928 0.054108 0.516497 0.358331 0.006136
2 3 0.294717 0.215192 0.433476 0.047500 0.009114
2 3 0.026113 0.121234 0.807108 0.039184 0.006361
2 2 0.050761 0.104737 0.703453 0.131865 0.009184
2 2 0.048758 0.221848 0.692128 0.023876 0.013390
2 3 0.035707 0.234640 0.698675 0.016278 0.014701
2 2 0.069857 0.181399 0.694262 0.044311 0.010171
2 2 0.078853 0.301955 0.595504 0.010908 0.012780
2 2 0.116995 0.273206 0.593342 0.009689 0.006768
2 1 0.075298 0.276270 0.638059 0.004875 0.005498
2 2 0.086222 0.343572 0.554948 0.005116 0.010142
2 2 0.075445 0.196092 0.699531 0.022318 0.006614
2 2 0.024841 0.139542 0.815814 0.015231 0.004571
2 2 0.033201 0.113773 0.828855 0.021364 0.002807
2 3 0.016954 0.135675 0.806707 0.030795 0.009868
2 2 0.039416 0.097227 0.743711 0.112705 0.006942
2 2 0.015903 0.130867 0.801958 0.039698 0.011573
2 3 0.012251 0.136752 0.807542 0.030488 0.012967
2 3 0.010545 0.086502 0.858313 0.039089 0.005551
2 2 0.013383 0.090319 0.801216 0.084991 0.010092
2 2 0.013323 0.137670 0.802735 0.033106 0.013166
2 2 0.010711 0.124484 0.818591 0.033899 0.012316
2 2 0.008472 0.040981 0.851036 0.096979 0.002532
2 2 0.025735 0.209633 0.724684 0.022287 0.017661
2 2 0.005776 0.072682 0.893770 0.023791 0.003981
2 2 0.004697 0.076405 0.896659 0.017945 0.004293
2 2 0.002160 0.059171 0.918148 0.016484 0.004037
2 2 0.004418 0.045942 0.929736 0.018564 0.001341
2 2 0.005770 0.067307 0.892263 0.030651 0.004009
2 2 0.004666 0.041600 0.864661 0.085409 0.003663
2 2 0.002568 0.045396 0.912020 0.036619 0.003397
2 2 0.006626 0.067737 0.869805 0.050436 0.005396
2 3 0.001890 0.026575 0.923417 0.046662 0.001457
2 2 0.003463 0.021848 0.846612 0.126733 0.001344
2 3 0.007053 0.073342 0.827057 0.082799 0.009749
2 2 0.013205 0.036358 0.637095 0.308219 0.005123
2 3 0.004477 0.062386 0.885950 0.041961 0.005225
2 3 0.011096 0.031071 0.666540 0.287843 0.003450
2 2 0.012118 0.079375 0.796790 0.102018 0.009700
2 3 0.005238 0.075509 0.867956 0.043691 0.007607
2 3 0.005667 0.040035 0.858282 0.093050 0.002966
2 3 0.003807 0.044047 0.885211 0.063376 0.003560
2 2 0.007275 0.040392 0.834495 0.114681 0.003156
2 2 0.003097 0.028422 0.891947 0.074698 0.001836
2 3 0.012477 0.052590 0.836291 0.095097 0.003545
2 3 0.014698 0.083978 0.797722 0.094547 0.009054
2 0 0.035333 0.083592 0.709481 0.162748 0.008845
2 0 0.107713 0.252281 0.621693 0.011786 0.006527
1 0 0.284895 0.380862 0.323072 0.003622 0.007549
0 0 0.533509 0.378591 0.064038 0.000002 0.023860
0 0 0.594413 0.330333 0.060189 0.000003 0.015062
0 0 0.527695 0.379263 0.070227 0.000003 0.022812
0 0 0.591256 0.326430 0.062335 0.000007 0.019971
0 0 0.471335 0.420439 0.088179 0.000003 0.020044
1 1 0.190320 0.530769 0.245699 0.000116 0.033095
1 1 0.057503 0.515408 0.399437 0.000161 0.027491
1 1 0.073288 0.530172 0.365569 0.000147 0.030824
1 2 0.052274 0.518363 0.400309 0.000131 0.028923
2 2 0.052112 0.337867 0.588562 0.000685 0.020774
2 2 0.073314 0.408772 0.507038 0.001792 0.009084
2 2 0.065161 0.421241 0.503598 0.001323 0.008677
2 2 0.051377 0.356892 0.582739 0.001673 0.007319
2 2 0.034994 0.347906 0.608113 0.001411 0.007576
2 2 0.033514 0.235129 0.724823 0.002257 0.004277
2 2 0.038212 0.314430 0.633731 0.003469 0.010158
2 2 0.021886 0.195314 0.771220 0.005715 0.005865
2 2 0.040931 0.268622 0.678846 0.004382 0.007218
2 2 0.059967 0.346791 0.580962 0.003118 0.009162
2 2 0.051504 0.213763 0.713361 0.013789 0.007583
2 1 0.049418 0.313023 0.626849 0.003095 0.007616
2 2 0.028063 0.255895 0.705610 0.003443 0.006990
2 2 0.025457 0.255257 0.711955 0.002115 0.005217
2 3 0.026991 0.203956 0.758627 0.005203 0.005223
2 2 0.022726 0.152715 0.801962 0.016130 0.006467
2 2 0.012730 0.141165 0.826508 0.012657 0.006941
2 3 0.010800 0.063133 0.911424 0.013528 0.001115
2 2 0.012697 0.094339 0.861147 0.027324 0.004493
2 2 0.010325 0.124404 0.854296 0.007116 0.003859
2 2 0.024798 0.113793 0.845481 0.013450 0.002478
2 0 0.074101 0.309566 0.608024 0.002948 0.005361
1 1 0.193170 0.467384 0.331712 0.000258 0.007475
2 1 0.132348 0.334306 0.512890 0.009136 0.011320
2 2 0.145641 0.379083 0.458326 0.005598 0.011352
2 2 0.113819 0.288483 0.573434 0.012614 0.011649
2 2 0.025017 0.213477 0.750200 0.005115 0.006192
2 2 0.027801 0.187794 0.772567 0.006832 0.005006
2 2 0.017624 0.159404 0.808430 0.008898 0.005644
2 2 0.026195 0.215104 0.748807 0.004420 0.005474
2 2 0.019802 0.181642 0.786677 0.006277 0.005601
2 2 0.023093 0.161507 0.796941 0.012399 0.006059
2 2 0.025266 0.168775 0.783018 0.015449 0.007493
2 2 0.010968 0.103183 0.871631 0.011039 0.003180
2 2 0.026571 0.103940 0.845571 0.021273 0.002645
2 0 0.021383 0.140909 0.821142 0.012127 0.004438
0 0 0.920744 0.065370 0.008181 0.000000 0.005704
0 0 0.871129 0.111723 0.008502 0.000000 0.008645
0 0 0.850123 0.132883 0.009474 0.000000 0.007520
0 0 0.901364 0.083217 0.008539 0.000000 0.006880
0 1 0.847983 0.134556 0.010317 0.000000 0.007144
0 1 0.472030 0.425534 0.082037 0.000002 0.020399
1 1 0.259006 0.541345 0.174117 0.000009 0.025522
1 0 0.325379 0.499258 0.158770 0.000009 0.016584
0 0 0.510979 0.399697 0.075319 0.000001 0.014004
1 1 0.348948 0.507875 0.125838 0.000002 0.017337
1 1 0.215871 0.506708 0.266191 0.000059 0.011171
1 2 0.250317 0.464379 0.276070 0.000206 0.009027
1 2 0.133112 0.491762 0.366410 0.000144 0.008572
1 2 0.176816 0.479763 0.332189 0.000323 0.010910
1 2 0.110402 0.490500 0.383321 0.000399 0.015378
1 2 0.280610 0.485892 0.218797 0.000076 0.014625
0 0 0.481844 0.372659 0.138601 0.000048 0.006848
0 0 0.596559 0.316748 0.080828 0.000007 0.005858
0 0 0.620441 0.306330 0.067181 0.000003 0.006045
0 0 0.834887 0.123879 0.036971 0.000046 0.004217
0 0 0.829457 0.147986 0.018995 0.000001 0.003561
0 0 0.744091 0.223494 0.026341 0.000000 0.006074
0 0 0.730877 0.227248 0.036186 0.000001 0.005689
0 0 0.811982 0.162986 0.021212 0.000000 0.003820
0 0 0.769167 0.195131 0.031038 0.000001 0.004663
0 0 0.903531 0.083664 0.009045 0.000000 0.003759
0 0 0.875977 0.106754 0.012089 0.000000 0.005179
0 0 0.830493 0.148827 0.015964 0.000000 0.004716
0 0 0.894996 0.093371 0.008241 0.000000 0.003392
0 0 0.853881 0.126387 0.014559 0.000001 0.005172
0 0 0.895753 0.073755 0.012887 0.000009 0.017596
0 0 0.953027 0.029395 0.007412 0.000024 0.010142
0 0 0.906998 0.063543 0.014134 0.000029 0.015296
0 0 0.944234 0.037416 0.008140 0.000013 0.010198
0 0 0.952462 0.032563 0.006481 0.000006 0.008488
0 0 0.929263 0.058325 0.007657 0.000001 0.004754
0 0 0.958713 0.031416 0.006066 0.000003 0.003802
0 0 0.953545 0.036488 0.005588 0.000001 0.004378
0 0 0.976936 0.017067 0.002336 0.000000 0.003661
0 0 0.976842 0.014819 0.003501 0.000006 0.004833
0 0 0.942377 0.039627 0.011556 0.000053 0.006388
0 0 0.912078 0.065928 0.016590 0.000031 0.005373
0 0 0.950922 0.036687 0.009282 0.000014 0.003095
0 0 0.972945 0.019016 0.004717 0.000007 0.003314
0 0 0.972973 0.019317 0.005534 0.000013 0.002163
0 0 0.977343 0.015108 0.004186 0.000012 0.003351
0 0 0.956048 0.033974 0.005512 0.000001 0.004465
0 0 0.957071 0.030274 0.007007 0.000010 0.005638
0 0 0.956762 0.029589 0.007152 0.000014 0.006483
0 0 0.964545 0.022883 0.008066 0.000079 0.004427
0 0 0.945319 0.036546 0.009347 0.000028 0.008760
0 0 0.952824 0.029077 0.006777 0.000016 0.011306
0 0 0.945695 0.041154 0.007507 0.000003 0.005641
0 0 0.953056 0.033248 0.005751 0.000003 0.007943
0 0 0.937629 0.045954 0.006976 0.000002 0.009438
0 0 0.953491 0.031999 0.005136 0.000002 0.009372
0 0 0.958053 0.030098 0.004834 0.000001 0.007013
0 0 0.963066 0.025610 0.003744 0.000001 0.007579
0 0 0.969499 0.019499 0.004423 0.000007 0.006572
0 0 0.926908 0.052823 0.007582 0.000002 0.012685
0 0 0.946319 0.034981 0.004478 0.000001 0.014221
0 0 0.933616 0.048161 0.005599 0.000000 0.012623
0 0 0.949454 0.024394 0.003958 0.000003 0.022191
0 0 0.922686 0.058313 0.007497 0.000001 0.011503
0 0 0.935885 0.042963 0.004477 0.000000 0.016674
1 1 0.283884 0.515715 0.077755 0.000001 0.122645
1 1 0.092938 0.607711 0.199720 0.000006 0.099624
1 1 0.070464 0.610705 0.222628 0.000006 0.096198
1 1 0.086494 0.630758 0.187640 0.000002 0.095106
1 1 0.083763 0.627217 0.209230 0.000003 0.079787
1 1 0.093716 0.574419 0.317950 0.000008 0.013907
1 1 0.237713 0.529678 0.220241 0.000013 0.012355
1 1 0.317444 0.501183 0.172529 0.000004 0.008840
1 1 0.282303 0.510440 0.190262 0.000020 0.016974
1 1 0.345417 0.482544 0.162072 0.000007 0.009961
1 1 0.161004 0.438679 0.395159 0.000476 0.004683
1 2 0.131518 0.460878 0.399779 0.000422 0.007404
2 2 0.104264 0.436868 0.452712 0.000591 0.005565
1 2 0.193276 0.447954 0.352644 0.000393 0.005734
1 1 0.178578 0.427521 0.387163 0.001069 0.005669
1 1 0.220502 0.535070 0.235372 0.000009 0.009046
1 0 0.156185 0.510287 0.325722 0.000049 0.007756
1 0 0.320789 0.483157 0.188220 0.000011 0.007824
0 0 0.581848 0.338677 0.072884 0.000002 0.006589
0 0 0.591586 0.326291 0.076511 0.000003 0.005609
1 1 0.219895 0.525155 0.247179 0.000011 0.007760
1 1 0.289030 0.505436 0.197925 0.000007 0.007603
1 1 0.238668 0.537987 0.214804 0.000004 0.008537
1 1 0.177735 0.515639 0.296965 0.000048 0.009613
1 2 0.088769 0.524418 0.376257 0.000041 0.010515
2 2 0.042773 0.361228 0.588861 0.001086 0.006052
2 2 0.042019 0.407195 0.540387 0.001122 0.009278
2 2 0.028919 0.386769 0.576662 0.000662 0.006988
2 2 0.019314 0.272825 0.701222 0.001271 0.005369
2 2 0.035030 0.336888 0.619090 0.001571 0.007420
2 2 0.004277 0.077155 0.910762 0.005770 0.002036
2 2 0.007128 0.167261 0.813137 0.004509 0.007965
2 2 0.007591 0.079553 0.896151 0.014028 0.002677
2 2 0.003581 0.097077 0.892742 0.003642 0.002957
2 2 0.004762 0.111069 0.873328 0.006053 0.004788
2 2 0.002921 0.030942 0.956832 0.008886 0.000419
2 2 0.002150 0.029428 0.959066 0.008881 0.000476
2 2 0.004385 0.051852 0.930497 0.011966 0.001301
2 2 0.007346 0.085606 0.893042 0.011219 0.002787
2 2 0.004746 0.054759 0.928435 0.010771 0.001288
2 2 0.003702 0.082414 0.906571 0.004920 0.002393
2 2 0.004347 0.049313 0.925583 0.019110 0.001647
2 2 0.008556 0.098324 0.882249 0.008132 0.002739
2 2 0.009316 0.083713 0.893344 0.011418 0.002209
2 2 0.005506 0.083348 0.893679 0.013656 0.003811
2 2 0.026764 0.201723 0.749316 0.012407 0.009791
2 2 0.018715 0.115454 0.849829 0.012898 0.003104
2 2 0.024943 0.186390 0.771877 0.009800 0.006989
2 2 0.029429 0.199694 0.748989 0.012817 0.009071
2 2 0.035622 0.197719 0.745575 0.013258 0.007826
2 2 0.021292 0.158487 0.807487 0.008219 0.004516
2 2 0.015442 0.187085 0.780867 0.007870 0.008736
2 3 0.011811 0.070216 0.885345 0.030155 0.002473
2 3 0.011313 0.102432 0.863636 0.018185 0.004433
2 3 0.010140 0.102580 0.862495 0.019636 0.005149
2 3 0.010025 0.029908 0.718669 0.238551 0.002848
2 2 0.009102 0.017756 0.512628 0.458027 0.002486
2 3 0.003886 0.037969 0.877307 0.077552 0.003286
2 3 0.005618 0.016947 0.763635 0.212722 0.001078
2 3 0.005014 0.021148 0.789407 0.182833 0.001598
2 3 0.007860 0.040060 0.756905 0.190015 0.005161
2 3 0.006115 0.040140 0.800500 0.148418 0.004826
2 3 0.014937 0.044873 0.736425 0.199581 0.004183
2 3 0.006670 0.052655 0.830294 0.104334 0.006048
2 3 0.006127 0.038075 0.739318 0.210268 0.006212
2 3 0.005027 0.026475 0.720576 0.244207 0.003715
2 3 0.009202 0.023852 0.580617 0.382967 0.003362
2 3 0.005343 0.041517 0.710831 0.232624 0.009686
2 3 0.005721 0.015791 0.496360 0.479258 0.002870
3 3 0.005845 0.012630 0.413623 0.565342 0.002560
3 3 0.004016 0.017273 0.452562 0.520495 0.005654
3 3 0.003421 0.010635 0.424773 0.558668 0.002503
3 3 0.005593 0.017781 0.323144 0.645144 0.008338
2 3 0.006279 0.022931 0.539786 0.425987 0.005018
3 3 0.004209 0.012157 0.460792 0.520432 0.002411
3 3 0.002225 0.008406 0.393404 0.593687 0.002278
3 3 0.002126 0.013724 0.433632 0.544773 0.005747
3 3 0.001156 0.005287 0.254667 0.736317 0.002572
2 3 0.005067 0.041827 0.645735 0.293873 0.013498
3 3 0.002520 0.012072 0.439338 0.542406 0.003664
2 3 0.006773 0.021307 0.557973 0.410207 0.003741
2 3 0.005012 0.036535 0.613238 0.333343 0.011872
2 3 0.006149 0.037713 0.728198 0.221451 0.006489
2 3 0.002207 0.019983 0.671202 0.301976 0.004633
2 3 0.007352 0.028235 0.585393 0.373194 0.005826
3 3 0.002610 0.008920 0.268900 0.715126 0.004443
3 3 0.004948 0.015373 0.301508 0.670429 0.007741
3 3 0.002200 0.005896 0.219552 0.769537 0.002816
3 3 0.004144 0.017977 0.405647 0.564630 0.007602
3 3 0.002029 0.008237 0.263387 0.721651 0.004695
3 3 0.001001 0.003207 0.177896 0.816103 0.001793
3 3 0.001451 0.004129 0.214864 0.777738 0.001818
3 3 0.001804 0.005125 0.210832 0.779704 0.002535
3 3 0.001284 0.004779 0.193047 0.797635 0.003255
3 3 0.000284 0.001243 0.107811 0.889537 0.001125
3 3 0.001117 0.003302 0.180492 0.813337 0.001752
3 3 0.001360 0.004939 0.210637 0.780149 0.002914
3 3 0.001925 0.006041 0.185192 0.802755 0.004087
3 3 0.000608 0.002192 0.126319 0.869064 0.001816
3 3 0.000593 0.002427 0.151680 0.843564 0.001737
3 3 0.001191 0.003991 0.168670 0.823444 0.002704
3 3 0.001343 0.003724 0.201994 0.791239 0.001700
3 3 0.002069 0.005781 0.195054 0.793754 0.003342
3 3 0.004592 0.012392 0.325899 0.652459 0.004659
3 3 0.000975 0.002912 0.205019 0.789871 0.001223
3 3 0.000381 0.001683 0.168385 0.828623 0.000928
3 3 0.000228 0.000994 0.131347 0.866810 0.000621
3 3 0.000623 0.002268 0.217722 0.778512 0.000873
3 3 0.000198 0.001099 0.128765 0.869099 0.000839
3 3 0.000243 0.001199 0.127207 0.870445 0.000907
3 3 0.001283 0.003892 0.160668 0.831504 0.002652
3 3 0.001529 0.004705 0.155656 0.834457 0.003653
3 3 0.001518 0.004937 0.166846 0.823004 0.003695
3 3 0.002644 0.007621 0.241494 0.744507 0.003735
3 3 0.001332 0.003428 0.187471 0.806149 0.001621
3 3 0.000312 0.001439 0.141378 0.855894 0.000976
3 3 0.000718 0.002599 0.179249 0.816025 0.001409
3 3 0.000132 0.000672 0.093021 0.905553 0.000622
3 3 0.000434 0.001431 0.092810 0.903883 0.001443
3 3 0.000361 0.001568 0.117728 0.878966 0.001377
3 3 0.000157 0.000876 0.113008 0.885228 0.000731
3 3 0.000192 0.001094 0.126175 0.871658 0.000882
3 3 0.000128 0.000931 0.136950 0.861263 0.000728
3 3 0.000267 0.001427 0.155051 0.842338 0.000918
3 3 0.000211 0.001166 0.123011 0.874614 0.000999
3 3 0.000138 0.000735 0.100127 0.898344 0.000657
3 3 0.000560 0.002312 0.183880 0.812001 0.001248
3 3 0.000235 0.000999 0.096345 0.901474 0.000947
3 3 0.000350 0.001454 0.110678 0.886203 0.001316
3 3 0.000106 0.000560 0.098423 0.900457 0.000455
3 3 0.000028 0.000179 0.062898 0.936713 0.000181
3 3 0.000108 0.000616 0.097490 0.901238 0.000548
3 3 0.000070 0.000433 0.089751 0.909355 0.000391
3 3 0.000229 0.001004 0.098244 0.899568 0.000955
3 3 0.000049 0.000352 0.101593 0.897740 0.000266
3 3 0.000127 0.000685 0.098200 0.900373 0.000615
3 3 0.000038 0.000279 0.084654 0.914781 0.000248
3 3 0.000044 0.000304 0.089109 0.910291 0.000252
3 3 0.000090 0.000483 0.084476 0.914494 0.000458
3 3 0.000077 0.000414 0.079306 0.919803 0.000400
3 3 0.000495 0.002286 0.137738 0.857326 0.002155
3 3 0.001425 0.003756 0.114746 0.876130 0.003942
3 3 0.001057 0.004784 0.178298 0.811455 0.004406
3 3 0.000699 0.002682 0.130277 0.863777 0.002564
3 3 0.001023 0.004311 0.166087 0.824712 0.003867
3 3 0.000727 0.003121 0.167527 0.826355 0.002271
3 3 0.000280 0.001493 0.151079 0.846135 0.001013
3 3 0.000530 0.002871 0.193869 0.800780 0.001950
3 3 0.001114 0.003753 0.136392 0.855170 0.003570
3 3 0.000376 0.002242 0.165690 0.829887 0.001804
3 3 0.000189 0.001181 0.138960 0.858740 0.000930
3 3 0.000273 0.001893 0.171162 0.825176 0.001497
3 3 0.000197 0.001130 0.125847 0.871908 0.000918
3 3 0.000494 0.002653 0.162654 0.831917 0.002282
3 0 0.000579 0.002479 0.136436 0.858222 0.002283
2 0 0.306544 0.192901 0.406351 0.080426 0.013778
1 0 0.291737 0.419538 0.270581 0.002574 0.015571
1 1 0.273355 0.412079 0.305522 0.001539 0.007505
1 1 0.228254 0.429085 0.328127 0.002573 0.011962
1 2 0.179044 0.440152 0.364721 0.002295 0.013789
2 2 0.126629 0.326894 0.536081 0.004305 0.006091
2 2 0.069694 0.288056 0.628845 0.005875 0.007530
2 2 0.065735 0.303913 0.619179 0.004120 0.007053
2 2 0.067556 0.252113 0.668943 0.006048 0.005338
2 2 0.051952 0.289975 0.648072 0.003539 0.006462
1 2 0.095816 0.470564 0.417773 0.000796 0.015050
2 2 0.046492 0.263752 0.677610 0.003528 0.008619
2 2 0.079320 0.426259 0.484303 0.001474 0.008644
2 0 0.067603 0.386188 0.537867 0.000792 0.007550
1 1 0.116005 0.475787 0.397997 0.000354 0.009857
1 2 0.092907 0.534909 0.346888 0.000115 0.025180
1 2 0.091336 0.489199 0.397727 0.000405 0.021333
1 2 0.082069 0.525302 0.370331 0.000128 0.022170
1 2 0.115474 0.512301 0.347570 0.000169 0.024487
2 2 0.035892 0.454967 0.484222 0.000134 0.024785
1 1 0.063149 0.570431 0.300469 0.000043 0.065908
1 1 0.079910 0.556529 0.301382 0.000101 0.062078
1 1 0.048410 0.554620 0.335873 0.000057 0.061040
1 2 0.042276 0.550632 0.356901 0.000046 0.050145
2 2 0.028469 0.402014 0.491370 0.000244 0.077903
1 2 0.077553 0.578233 0.291066 0.000034 0.053115
1 2 0.077014 0.573151 0.272882 0.000047 0.076907
1 2 0.133707 0.574892 0.211983 0.000033 0.079386
1 2 0.084974 0.592612 0.277348 0.000016 0.045049
1 2 0.131087 0.562487 0.267027 0.000057 0.039342
2 2 0.061578 0.439861 0.480592 0.000503 0.017465
1 2 0.056824 0.509556 0.411005 0.000148 0.022468
2 2 0.050106 0.458663 0.481970 0.000189 0.009073
2 2 0.034640 0.368877 0.577715 0.000527 0.018242
1 2 0.043978 0.478993 0.461552 0.000118 0.015359
2 2 0.040849 0.412094 0.525375 0.000295 0.021388
1 2 0.042299 0.501741 0.434251 0.000109 0.021601
1 2 0.048658 0.505985 0.424621 0.000112 0.020624
2 2 0.014066 0.256808 0.687565 0.000210 0.041350
1 2 0.029064 0.503670 0.416864 0.000145 0.050256
1 2 0.039373 0.487650 0.433070 0.000099 0.039808
1 2 0.034343 0.494579 0.447445 0.000107 0.023526
1 2 0.034608 0.504120 0.428836 0.000120 0.032317
1 2 0.047900 0.505403 0.422439 0.000143 0.024115
1 2 0.034163 0.510445 0.427180 0.000074 0.028138
1 2 0.037448 0.484983 0.460510 0.000098 0.016962
2 2 0.087408 0.432650 0.463453 0.000190 0.016300
2 2 0.024181 0.411126 0.527529 0.000064 0.037100
2 2 0.020343 0.421005 0.518416 0.000089 0.040147
1 2 0.066408 0.501668 0.401797 0.000041 0.030087
2 2 0.028039 0.387448 0.563598 0.000179 0.020736
1 2 0.059676 0.484288 0.440944 0.000144 0.014947
2 2 0.037150 0.429863 0.519112 0.000352 0.013524
2 2 0.033667 0.361859 0.590214 0.000346 0.013914
1 2 0.073882 0.480152 0.433073 0.000283 0.012610
2 2 0.005921 0.114790 0.874407 0.002563 0.002318
2 2 0.008345 0.112927 0.875219 0.002066 0.001442
2 2 0.006611 0.101257 0.884305 0.005216 0.002611
2 2 0.005664 0.105750 0.884929 0.002017 0.001641
2 2 0.011011 0.156571 0.826853 0.002503 0.003062
2 2 0.012683 0.241699 0.737201 0.001290 0.007127
2 2 0.016478 0.323456 0.649509 0.001163 0.009395
2 2 0.006611 0.174454 0.810604 0.001889 0.006441
2 2 0.008234 0.133748 0.851580 0.003285 0.003153
2 2 0.002742 0.090626 0.900979 0.002001 0.003651
2 2 0.007641 0.131689 0.852085 0.002885 0.005701
2 2 0.009530 0.119132 0.864107 0.003927 0.003304
2 2 0.084953 0.354583 0.550528 0.002777 0.007160
2 2 0.041164 0.265188 0.682587 0.004268 0.006793
2 2 0.030554 0.313632 0.644704 0.002306 0.008803
2 2 0.007655 0.103605 0.881378 0.004985 0.002377
2 2 0.009465 0.115308 0.868292 0.004502 0.002434
2 2 0.008115 0.101292 0.879164 0.008304 0.003126
2 2 0.010126 0.117510 0.864290 0.005333 0.002741
2 0 0.058905 0.342973 0.581468 0.004618 0.012036
1 1 0.386277 0.455579 0.146969 0.000011 0.011163
1 1 0.216428 0.495385 0.262752 0.000210 0.025225
1 1 0.244881 0.483163 0.260935 0.000117 0.010904
1 2 0.174053 0.522558 0.277237 0.000167 0.025985
2 2 0.047660 0.241152 0.703247 0.000377 0.007564
2 2 0.019970 0.217921 0.754163 0.002864 0.005082
2 2 0.012716 0.098488 0.877978 0.008310 0.002508
2 2 0.007701 0.101392 0.884590 0.004306 0.002012
2 2 0.008841 0.140702 0.842915 0.003787 0.003755
2 0 0.025781 0.137923 0.826393 0.007392 0.002511
0 0 0.470407 0.386125 0.122959 0.000106 0.020402
0 0 0.619526 0.304411 0.058074 0.000009 0.017980
1 1 0.358400 0.513432 0.106535 0.000001 0.021633
1 2 0.289151 0.544032 0.142265 0.000002 0.024550
1 2 0.175629 0.562162 0.234806 0.000023 0.027379
2 2 0.030556 0.322389 0.640269 0.001134 0.005652
2 2 0.014769 0.231497 0.746700 0.001747 0.005286
2 2 0.019236 0.246809 0.726054 0.002076 0.005824
2 2 0.012436 0.140472 0.839090 0.004676 0.003326
2 2 0.029823 0.324168 0.640292 0.000876 0.004841
2 2 0.033749 0.236298 0.722981 0.002803 0.004170
2 2 0.017823 0.210165 0.761434 0.004060 0.006518
2 2 0.035167 0.266840 0.685553 0.004434 0.008006
2 2 0.019360 0.238741 0.732051 0.002969 0.006879
2 2 0.010144 0.196012 0.783766 0.003120 0.006957
2 2 0.009017 0.130006 0.854130 0.003813 0.003034
2 2 0.016960 0.168373 0.807871 0.003461 0.003335
2 2 0.012399 0.061280 0.902644 0.021749 0.001929
2 2 0.016720 0.195139 0.776484 0.005056 0.006601
2 2 0.013758 0.185841 0.794069 0.002415 0.003916
2 1 0.022803 0.159715 0.809307 0.005106 0.003069
2 1 0.063164 0.257685 0.671010 0.003869 0.004271
2 1 0.034952 0.403089 0.549269 0.001289 0.011400
2 2 0.038542 0.397252 0.551714 0.001453 0.011039
2 1 0.046358 0.324076 0.619259 0.002576 0.007731
2 2 0.055447 0.314712 0.622331 0.002122 0.005389
2 2 0.047694 0.251996 0.693947 0.002654 0.003709
2 2 0.029291 0.158105 0.802351 0.007108 0.003146
2 2 0.040600 0.299067 0.654218 0.001539 0.004576
2 2 0.039571 0.286153 0.669841 0.001142 0.003292
2 2 0.047229 0.237500 0.702770 0.006417 0.006084
2 2 0.033841 0.250190 0.703605 0.004935 0.007429
2 2 0.034708 0.242840 0.715195 0.002825 0.004432
2 2 0.022191 0.193688 0.773156 0.005472 0.005492
2 0 0.035235 0.280722 0.668436 0.005188 0.010418
2 2 0.105102 0.423149 0.467152 0.000576 0.004021
2 2 0.063222 0.412515 0.517999 0.000767 0.005497
2 2 0.064918 0.423678 0.502912 0.000923 0.007569
2 2 0.070694 0.304025 0.618586 0.002312 0.004382
2 2 0.070869 0.331946 0.591629 0.001404 0.004152
1 0 0.282778 0.493916 0.205922 0.000057 0.017328
0 0 0.648800 0.263985 0.074815 0.000130 0.012270
0 1 0.533267 0.366602 0.074760 0.000010 0.025361
1 1 0.313514 0.520724 0.144403 0.000004 0.021354
0 1 0.469504 0.422707 0.089240 0.000003 0.018546
1 2 0.185146 0.449570 0.357951 0.000528 0.006804
1 2 0.145903 0.437393 0.408757 0.001050 0.006897
2 2 0.094421 0.327777 0.571859 0.001202 0.004741
2 2 0.103098 0.370258 0.521242 0.001277 0.004126
2 2 0.095864 0.276059 0.622299 0.002726 0.003052
2 2 0.094638 0.419755 0.479973 0.000828 0.004806
2 2 0.124786 0.419890 0.450287 0.000837 0.004200
2 2 0.135352 0.423388 0.434911 0.001132 0.005218
2 2 0.053902 0.263379 0.673116 0.004199 0.005404
2 2 0.082393 0.422197 0.489048 0.000811 0.005552
0 0 0.551311 0.348976 0.077123 0.000018 0.022572
0 0 0.891909 0.088819 0.014521 0.000002 0.004749
0 0 0.920684 0.059626 0.013040 0.000014 0.006635
0 0 0.873168 0.103884 0.018524 0.000005 0.004419
0 0 0.922886 0.056369 0.014172 0.000030 0.006544
0 0 0.923793 0.041757 0.006515 0.000004 0.027930
0 0 0.932337 0.032766 0.007099 0.000021 0.027777
0 0 0.859982 0.077711 0.017406 0.000073 0.044828
0 0 0.946205 0.026047 0.005495 0.000013 0.022240
0 0 0.940321 0.029344 0.006811 0.000026 0.023498
0 0 0.958371 0.014878 0.003732 0.000023 0.022996
0 0 0.964129 0.013081 0.003295 0.000019 0.019475
0 0 0.927738 0.028622 0.006134 0.000022 0.037484
0 0 0.945082 0.021460 0.005832 0.000056 0.027571
0 0 0.953607 0.015983 0.004487 0.000051 0.025872
0 0 0.956079 0.029030 0.007267 0.000019 0.007605
0 0 0.945091 0.039887 0.009933 0.000018 0.005071
0 0 0.953380 0.032281 0.007229 0.000010 0.007099
0 0 0.950744 0.030269 0.008539 0.000048 0.010399
0 0 0.954635 0.032305 0.006171 0.000004 0.006885
0 0 0.967757 0.025119 0.004679 0.000001 0.002443
0 0 0.944505 0.044979 0.007507 0.000001 0.003008
0 0 0.971042 0.018258 0.004747 0.000014 0.005940
0 0 0.954175 0.035946 0.006098 0.000002 0.003780
0 0 0.928118 0.055935 0.006794 0.000001 0.009152
0 0 0.935253 0.046373 0.012812 0.000040 0.005522
0 0 0.949576 0.040529 0.007047 0.000002 0.002845
0 0 0.940250 0.045264 0.008964 0.000006 0.005516
0 0 0.953189 0.031307 0.009590 0.000054 0.005861
0 0 0.954758 0.035825 0.006832 0.000002 0.002583
0 0 0.950853 0.039872 0.003803 0.000000 0.005472
0 0 0.963973 0.028445 0.003088 0.000000 0.004493
0 0 0.967508 0.024780 0.003533 0.000000 0.004179
0 0 0.974907 0.018421 0.002666 0.000000 0.004006
0 0 0.934665 0.056743 0.004823 0.000000 0.003769
0 0 0.868130 0.110281 0.016869 0.000002 0.004717
0 0 0.945257 0.043204 0.007812 0.000003 0.003724
0 0 0.913597 0.069671 0.008935 0.000001 0.007797
0 0 0.924330 0.058352 0.012678 0.000010 0.004630
0 0 0.891769 0.085575 0.014983 0.000004 0.007669
0 0 0.949730 0.039571 0.006692 0.000002 0.004005
0 0 0.942006 0.042600 0.008234 0.000006 0.007154
0 0 0.876465 0.105198 0.012241 0.000000 0.006095
0 0 0.944406 0.043198 0.008768 0.000005 0.003623
0 0 0.912823 0.073349 0.008997 0.000000 0.004830
0 0 0.955373 0.033559 0.006387 0.000003 0.004678
0 0 0.957753 0.032789 0.005187 0.000001 0.004269
0 0 0.958562 0.032635 0.005132 0.000001 0.003670
0 0 0.954285 0.034511 0.006215 0.000002 0.004986
0 0 0.956375 0.035482 0.005275 0.000001 0.002867
0 0 0.974230 0.019687 0.001889 0.000000 0.004195
0 0 0.936774 0.053638 0.004460 0.000000 0.005128
0 0 0.959242 0.032179 0.003515 0.000000 0.005064
0 0 0.948928 0.043023 0.003182 0.000000 0.004867
0 0 0.943808 0.045667 0.004787 0.000000 0.005738
0 0 0.953021 0.038089 0.005206 0.000000 0.003684
0 0 0.677708 0.280185 0.027756 0.000000 0.014352
0 0 0.775028 0.199757 0.016356 0.000000 0.008859
0 0 0.961257 0.028836 0.003752 0.000000 0.006154
0 0 0.884980 0.104884 0.005770 0.000000 0.004366
0 0 0.885570 0.104306 0.005109 0.000000 0.005015
0 0 0.804003 0.181084 0.008818 0.000000 0.006095
0 0 0.878375 0.110318 0.006702 0.000000 0.004605
0 0 0.890510 0.100274 0.005063 0.000000 0.004153
0 0 0.854233 0.129041 0.007400 0.000000 0.009326
0 0 0.973647 0.021001 0.002311 0.000000 0.003040
0 0 0.941487 0.051094 0.003561 0.000000 0.003857
0 0 0.940193 0.052181 0.004346 0.000000 0.003279
0 0 0.880274 0.108761 0.006164 0.000000 0.004801
0 0 0.893826 0.097418 0.004374 0.000000 0.004383
0 0 0.822100 0.159342 0.009583 0.000000 0.008975
0 0 0.881484 0.104803 0.007912 0.000000 0.005802
0 0 0.875656 0.112539 0.006661 0.000000 0.005145
0 0 0.811702 0.171529 0.009370 0.000000 0.007399
0 0 0.836280 0.148734 0.007892 0.000000 0.007094
0 0 0.661629 0.287254 0.042044 0.000000 0.009072
0 0 0.908797 0.075854 0.010385 0.000001 0.004963
0 0 0.888840 0.093613 0.010047 0.000000 0.007499
0 0 0.925067 0.062299 0.008203 0.000001 0.004430
0 0 0.817957 0.158742 0.017313 0.000000 0.005988
0 0 0.832966 0.147217 0.012901 0.000000 0.006916
0 0 0.875963 0.111975 0.008427 0.000000 0.003635
0 0 0.840249 0.142017 0.012685 0.000000 0.005049
0 0 0.839558 0.141163 0.013530 0.000000 0.005749
0 0 0.836593 0.143827 0.013158 0.000000 0.006421
0 0 0.753689 0.217621 0.018396 0.000000 0.010294
0 0 0.739926 0.228616 0.019146 0.000000 0.012312
0 0 0.754388 0.215506 0.019823 0.000000 0.010282
0 0 0.898065 0.076027 0.014183 0.000006 0.011720
0 0 0.804264 0.171506 0.016957 0.000000 0.007274
0 0 0.958560 0.031987 0.004786 0.000001 0.004666
0 0 0.943323 0.044961 0.006208 0.000001 0.005508
0 0 0.968196 0.023370 0.003264 0.000000 0.005169
0 0 0.925797 0.063601 0.005653 0.000000 0.004949
0 0 0.902051 0.083328 0.007444 0.000000 0.007178
0 0 0.859257 0.117657 0.006673 0.000000 0.016413
0 0 0.891327 0.091896 0.005845 0.000000 0.010932
0 0 0.830714 0.145717 0.007988 0.000000 0.015581
0 0 0.863084 0.120414 0.004096 0.000000 0.012406
0 1 0.876407 0.110237 0.003336 0.000000 0.010020
1 1 0.339202 0.451019 0.040615 0.000000 0.169164
1 1 0.237617 0.548855 0.050787 0.000000 0.162740
1 1 0.332073 0.498593 0.041425 0.000000 0.127909
1 1 0.198836 0.587711 0.063685 0.000000 0.149768
1 0 0.178374 0.623740 0.069052 0.000000 0.128835
0 0 0.580294 0.330752 0.051063 0.000005 0.037886
0 0 0.758938 0.198966 0.019733 0.000001 0.022362
0 0 0.867703 0.096360 0.014830 0.000006 0.021102
0 0 0.825208 0.111559 0.022035 0.000014 0.041183
0 1 0.840816 0.116919 0.016177 0.000004 0.026083
0 1 0.594663 0.312008 0.021381 0.000000 0.071948
1 0 0.387122 0.477662 0.052375 0.000000 0.082841
0 0 0.680375 0.252297 0.026056 0.000001 0.041271
0 0 0.851056 0.087887 0.012371 0.000006 0.048681
0 0 0.752697 0.178782 0.017087 0.000001 0.051433
0 0 0.969394 0.021405 0.004530 0.000004 0.004667
0 0 0.948932 0.039647 0.005607 0.000001 0.005813
0 0 0.973520 0.018170 0.004172 0.000005 0.004133
0 0 0.968598 0.021568 0.004085 0.000002 0.005747
0 0 0.936344 0.048765 0.008365 0.000003 0.006523
0 0 0.918148 0.055127 0.008162 0.000003 0.018560
0 0 0.873080 0.098022 0.010647 0.000001 0.018251
0 0 0.834392 0.124490 0.014342 0.000002 0.026774
0 0 0.819781 0.143468 0.015056 0.000001 0.021695
0 0 0.839136 0.127508 0.013181 0.000001 0.020175
0 0 0.961297 0.028206 0.003128 0.000000 0.007370
0 0 0.962724 0.025454 0.004937 0.000004 0.006881
0 0 0.982960 0.008497 0.002433 0.000013 0.006097
0 0 0.975237 0.014001 0.002730 0.000003 0.008030
0 0 0.979712 0.011320 0.002048 0.000001 0.006918
0 0 0.892904 0.082918 0.009015 0.000001 0.015163
0 0 0.874570 0.096850 0.011794 0.000001 0.016786
0 0 0.962879 0.017463 0.004432 0.000021 0.015205
0 0 0.949170 0.027945 0.005173 0.000006 0.017707
0 0 0.935819 0.036902 0.006297 0.000005 0.020976
0 0 0.946181 0.038829 0.005522 0.000001 0.009467
0 0 0.945008 0.041935 0.004524 0.000000 0.008532
0 0 0.891360 0.082928 0.007871 0.000000 0.017841
0 0 0.880909 0.103669 0.007288 0.000000 0.008135
0 0 0.960721 0.027542 0.003910 0.000001 0.007827
0 0 0.752698 0.190487 0.009614 0.000000 0.047201
0 0 0.555837 0.326105 0.023326 0.000000 0.094731
0 0 0.710069 0.225648 0.016704 0.000000 0.047579
1 0 0.338055 0.469765 0.042659 0.000000 0.149521
0 1 0.687175 0.249140 0.014225 0.000000 0.049460
0 1 0.495839 0.387552 0.031397 0.000000 0.085211
1 1 0.350146 0.523090 0.048387 0.000000 0.078377
1 0 0.202743 0.647303 0.064065 0.000000 0.085889
1 0 0.301613 0.583548 0.048741 0.000000 0.066098
1 0 0.363499 0.517253 0.043490 0.000000 0.075759
1 1 0.250430 0.618594 0.105463 0.000000 0.025513
1 1 0.254497 0.619514 0.095887 0.000000 0.030102
1 0 0.391351 0.517595 0.066286 0.000000 0.024768
1 0 0.238178 0.612875 0.122012 0.000000 0.026935
1 0 0.348407 0.537491 0.094124 0.000000 0.019978
0 0 0.843045 0.126566 0.013669 0.000001 0.016719
0 0 0.818980 0.156484 0.013446 0.000000 0.011090
0 0 0.930592 0.048552 0.008234 0.000004 0.012619
0 0 0.903147 0.062052 0.012250 0.000009 0.022541
0 4 0.781561 0.186414 0.014942 0.000000 0.017083
1 4 0.129323 0.673288 0.138940 0.000000 0.058449
1 4 0.169611 0.617377 0.148677 0.000001 0.064334
1 4 0.101560 0.644625 0.195689 0.000001 0.058125
1 4 0.115547 0.653359 0.153303 0.000000 0.077791
1 4 0.111764 0.657351 0.180444 0.000001 0.050441
1 4 0.051583 0.592687 0.328805 0.000005 0.026919
1 4 0.040658 0.603414 0.332883 0.000002 0.023043
1 4 0.085700 0.597651 0.285539 0.000009 0.031101
1 4 0.041770 0.566463 0.366788 0.000010 0.024969
1 1 0.090675 0.637825 0.233870 0.000002 0.037628
1 0 0.382252 0.509150 0.074920 0.000000 0.033678
0 0 0.590285 0.343636 0.041992 0.000000 0.024087
0 4 0.812324 0.147947 0.017405 0.000001 0.022323
0 4 0.561650 0.365471 0.046742 0.000000 0.026137
0 4 0.597194 0.344455 0.033227 0.000000 0.025123
0 4 0.489854 0.434260 0.044616 0.000000 0.031270
1 4 0.250321 0.608188 0.092354 0.000000 0.049137
1 4 0.392379 0.509219 0.065513 0.000000 0.032889
0 4 0.604730 0.342718 0.027448 0.000000 0.025104
0 4 0.581962 0.362444 0.030653 0.000000 0.024941
0 4 0.738488 0.235539 0.015945 0.000000 0.010028
0 4 0.528472 0.391322 0.059145 0.000001 0.021062
0 4 0.693289 0.269167 0.023629 0.000000 0.013915
0 4 0.516482 0.414992 0.043867 0.000000 0.024659
0 4 0.496613 0.429314 0.053737 0.000000 0.020336
0 0 0.676504 0.278068 0.030499 0.000000 0.014928
0 1 0.727361 0.232130 0.027318 0.000001 0.013191
0 1 0.813465 0.166959 0.012202 0.000000 0.007374
0 0 0.790766 0.186346 0.013605 0.000000 0.009283
0 0 0.917196 0.057739 0.010364 0.000004 0.014697
0 0 0.804185 0.168274 0.009381 0.000000 0.018159
0 0 0.774655 0.184747 0.013904 0.000000 0.026694
0 0 0.788783 0.174556 0.011572 0.000000 0.025089
0 0 0.933085 0.050460 0.003970 0.000000 0.012485
0 0 0.873864 0.094620 0.008123 0.000000 0.023393
0 0 0.940929 0.042563 0.004283 0.000000 0.012225
0 0 0.839254 0.126382 0.010751 0.000000 0.023612
0 0 0.942731 0.034981 0.004210 0.000001 0.018077
0 0 0.963716 0.024822 0.002732 0.000000 0.008731
0 0 0.973322 0.017618 0.002402 0.000000 0.006657
0 0 0.830680 0.147680 0.011239 0.000000 0.010401
0 0 0.736318 0.222582 0.030026 0.000001 0.011073
0 0 0.926644 0.055201 0.008429 0.000002 0.009725
0 0 0.773629 0.195993 0.016196 0.000000 0.014183
0 0 0.867813 0.112676 0.011548 0.000000 0.007963
0 0 0.885003 0.090606 0.014702 0.000005 0.009685
0 0 0.937792 0.045092 0.008821 0.000007 0.008287
0 0 0.960069 0.027951 0.006440 0.000009 0.005531
0 0 0.895424 0.084477 0.009439 0.000001 0.010659
0 0 0.956673 0.027530 0.007729 0.000036 0.008032
0 0 0.652109 0.253192 0.024830 0.000002 0.069867
0 1 0.578243 0.305958 0.021022 0.000000 0.094777
1 1 0.360144 0.480493 0.069910 0.000001 0.089451
1 1 0.197732 0.575954 0.117320 0.000002 0.108992
1 1 0.257325 0.542685 0.102510 0.000002 0.097478
1 1 0.037506 0.557196 0.340196 0.000033 0.065069
