0 0 0.783233 0.166485 0.037943 0.000827 0.011511
0 0 0.884537 0.088509 0.019853 0.000552 0.006549
0 0 0.805638 0.147292 0.035443 0.001216 0.010411
0 0 0.911939 0.067348 0.014858 0.000793 0.005062
0 0 0.883257 0.091746 0.017995 0.000584 0.006417
0 0 0.746148 0.198709 0.044143 0.000808 0.010192
0 0 0.457227 0.440569 0.088233 0.000868 0.013104
0 0 0.822295 0.137334 0.030078 0.000738 0.009555
0 0 0.912887 0.064981 0.015642 0.001397 0.005092
0 0 0.953468 0.034072 0.007896 0.001062 0.003502
0 0 0.755593 0.167061 0.048277 0.001552 0.027518
0 0 0.628830 0.261389 0.072553 0.001760 0.035469
1 1 0.193886 0.604898 0.158880 0.000759 0.041577
1 1 0.305631 0.512921 0.147675 0.001581 0.032193
1 1 0.365946 0.442788 0.135944 0.004897 0.050425
2 1 0.028993 0.317538 0.466432 0.014079 0.172957
2 1 0.050553 0.149789 0.422713 0.007741 0.369204
4 1 0.050468 0.331440 0.274263 0.004249 0.339580
2 1 0.024067 0.259100 0.487542 0.007476 0.221815
2 1 0.024108 0.166486 0.515790 0.009841 0.283775
2 2 0.026775 0.103359 0.848203 0.018228 0.003436
2 0 0.327176 0.310939 0.329709 0.021905 0.010271
2 0 0.231762 0.369864 0.372602 0.011485 0.014287
2 0 0.165090 0.365161 0.445838 0.009216 0.014695
0 0 0.354619 0.306137 0.301241 0.025939 0.012064
0 0 0.413605 0.347719 0.201993 0.017534 0.019150
0 0 0.411774 0.322505 0.228838 0.021849 0.015035
0 0 0.523266 0.284665 0.167669 0.006605 0.017795
1 1 0.206276 0.520234 0.251905 0.001451 0.020134
2 1 0.101279 0.298531 0.558015 0.023603 0.018573
2 1 0.005860 0.107685 0.837502 0.030020 0.018933
2 1 0.002811 0.089333 0.865721 0.022699 0.019436
2 2 0.018154 0.164079 0.754749 0.037952 0.025065
2 2 0.018415 0.192628 0.731629 0.026229 0.031099
2 2 0.004999 0.044049 0.923529 0.016969 0.010455
2 2 0.000080 0.001892 0.952836 0.045176 0.000015
2 2 0.000180 0.003907 0.959926 0.035939 0.000048
2 2 0.001658 0.009262 0.936994 0.052009 0.000077
2 2 0.001317 0.008237 0.947687 0.042724 0.000036
2 2 0.003376 0.017039 0.907324 0.072084 0.000176
2 2 0.002593 0.009396 0.794582 0.193347 0.000082
2 3 0.005706 0.015019 0.841884 0.137300 0.000090
2 3 0.025474 0.025092 0.701199 0.248120 0.000116
2 3 0.003936 0.008983 0.668950 0.318060 0.000071
2 3 0.007088 0.016408 0.807668 0.168726 0.000110
3 3 0.001705 0.003050 0.359702 0.635516 0.000027
3 3 0.009788 0.009301 0.383169 0.597661 0.000081
3 3 0.002225 0.003376 0.346829 0.647543 0.000027
3 3 0.000907 0.001743 0.276124 0.721209 0.000017
3 3 0.001075 0.002174 0.317147 0.679582 0.000021
3 3 0.001546 0.002682 0.282753 0.712987 0.000033
3 3 0.000277 0.000922 0.243521 0.755266 0.000014
3 3 0.003757 0.004652 0.308356 0.683186 0.000049
3 3 0.000865 0.001562 0.196919 0.800630 0.000024
3 3 0.000133 0.000505 0.174558 0.824795 0.000010
3 3 0.000146 0.000348 0.096481 0.903018 0.000007
3 3 0.000249 0.000598 0.100391 0.898743 0.000019
3 3 0.000120 0.000375 0.124180 0.875318 0.000008
3 3 0.000127 0.000387 0.116809 0.882668 0.000009
3 3 0.000024 0.000100 0.061035 0.938838 0.000003
3 3 0.000006 0.000052 0.069350 0.930590 0.000002
3 3 0.000037 0.000180 0.108096 0.891684 0.000004
3 3 0.000015 0.000072 0.059362 0.940548 0.000002
3 3 0.000070 0.000220 0.081603 0.918101 0.000006
3 3 0.000960 0.001449 0.136338 0.861222 0.000031
3 3 0.000017 0.000091 0.055230 0.944657 0.000004
3 3 0.000011 0.000073 0.075674 0.924240 0.000002
3 3 0.000116 0.000367 0.097532 0.901974 0.000011
3 3 0.000047 0.000159 0.068906 0.930883 0.000004
3 3 0.000030 0.000132 0.077621 0.922213 0.000004
3 3 0.000049 0.000169 0.071907 0.927870 0.000005
3 3 0.000026 0.000119 0.070922 0.928930 0.000004
3 3 0.000049 0.000192 0.098614 0.901140 0.000004
3 3 0.000017 0.000073 0.044434 0.955473 0.000003
3 3 0.000064 0.000184 0.082511 0.917238 0.000003
3 3 0.000073 0.000198 0.064804 0.934920 0.000005
3 3 0.000043 0.000132 0.056152 0.943669 0.000004
3 3 0.000045 0.000150 0.056367 0.943433 0.000006
3 3 0.000018 0.000081 0.053487 0.946411 0.000003
3 3 0.000070 0.000177 0.059098 0.940650 0.000005
3 3 0.000028 0.000101 0.050140 0.949727 0.000003
3 3 0.000057 0.000149 0.049091 0.950699 0.000005
3 3 0.000042 0.000133 0.061097 0.938725 0.000003
3 3 0.000009 0.000050 0.039825 0.960114 0.000002
3 3 0.000008 0.000048 0.043603 0.956338 0.000002
3 3 0.000018 0.000072 0.036832 0.963074 0.000003
3 3 0.000649 0.000696 0.063325 0.935314 0.000017
3 3 0.000008 0.000055 0.048595 0.951339 0.000003
3 3 0.000008 0.000054 0.050074 0.949862 0.000003
3 3 0.000021 0.000081 0.040458 0.959437 0.000003
3 3 0.000052 0.000227 0.116206 0.883510 0.000005
3 3 0.000137 0.000375 0.095937 0.903541 0.000010
3 3 0.000973 0.001324 0.108076 0.889594 0.000034
3 3 0.000108 0.000431 0.114089 0.885354 0.000017
3 3 0.000028 0.000198 0.127924 0.871843 0.000007
3 3 0.003461 0.003745 0.151425 0.841268 0.000101
3 3 0.016952 0.011027 0.184032 0.787715 0.000274
3 3 0.001977 0.004172 0.212341 0.781322 0.000187
3 3 0.000876 0.003023 0.301167 0.694829 0.000106
3 3 0.001261 0.005405 0.432562 0.560555 0.000217
2 3 0.034409 0.055454 0.652748 0.255972 0.001416
2 3 0.087082 0.070550 0.590983 0.249763 0.001622
2 3 0.056472 0.075894 0.550738 0.313777 0.003119
2 3 0.050790 0.060226 0.550651 0.336633 0.001700
2 3 0.013201 0.040873 0.708729 0.235473 0.001724
2 3 0.011421 0.031991 0.841805 0.113975 0.000808
2 3 0.022312 0.082358 0.841075 0.051953 0.002301
2 3 0.026815 0.086764 0.835727 0.048684 0.002009
2 3 0.038285 0.107918 0.808970 0.042419 0.002408
2 3 0.017265 0.058402 0.885547 0.038050 0.000736
2 3 0.002875 0.011111 0.750209 0.235643 0.000162
2 3 0.007126 0.022313 0.836370 0.133931 0.000260
2 3 0.013554 0.025723 0.784346 0.176054 0.000323
2 3 0.019532 0.027949 0.620742 0.331385 0.000392
2 3 0.012338 0.021608 0.635284 0.330463 0.000307
2 3 0.018673 0.040501 0.762133 0.177991 0.000703
2 3 0.019092 0.029999 0.647412 0.303043 0.000455
2 3 0.010624 0.019886 0.563391 0.405639 0.000460
2 3 0.003307 0.014645 0.657145 0.324354 0.000550
2 3 0.002308 0.013776 0.801973 0.181582 0.000360
2 3 0.007274 0.026275 0.771151 0.194621 0.000679
2 3 0.003232 0.017297 0.767160 0.211731 0.000579
2 3 0.008811 0.035945 0.758806 0.194855 0.001583
2 3 0.005277 0.028706 0.719194 0.244786 0.002037
2 3 0.004676 0.023830 0.800470 0.170214 0.000810
2 3 0.033385 0.109875 0.811268 0.037626 0.007846
2 2 0.031958 0.233862 0.670947 0.028416 0.034817
2 2 0.024119 0.160219 0.748071 0.048152 0.019439
2 2 0.022434 0.202183 0.706959 0.032695 0.035729
2 2 0.017526 0.180908 0.734334 0.033982 0.033250
2 2 0.013708 0.208726 0.642363 0.040732 0.094472
2 2 0.004763 0.165818 0.717045 0.023458 0.088917
2 2 0.008025 0.132895 0.760248 0.054142 0.044689
2 2 0.007328 0.066280 0.863983 0.013622 0.048786
2 2 0.010613 0.205596 0.682559 0.025167 0.076066
1 2 0.067103 0.462891 0.401371 0.004877 0.063758
1 2 0.094266 0.552104 0.269488 0.002558 0.081584
1 2 0.090385 0.552926 0.251463 0.002795 0.102431
1 2 0.100876 0.615403 0.193832 0.001079 0.088811
1 2 0.253907 0.388341 0.183071 0.011863 0.162819
1 2 0.229554 0.495067 0.165593 0.005310 0.104476
1 2 0.114561 0.615413 0.189828 0.001075 0.079123
1 2 0.099840 0.611204 0.196217 0.001163 0.091575
1 2 0.086079 0.630642 0.189421 0.000789 0.093070
1 2 0.074314 0.524621 0.308035 0.003235 0.089795
1 2 0.071986 0.551498 0.310090 0.001691 0.064735
1 2 0.072970 0.504736 0.345493 0.003525 0.073275
1 2 0.075051 0.569573 0.289650 0.001377 0.064348
1 2 0.106130 0.524493 0.312485 0.002917 0.053975
1 2 0.091783 0.618554 0.194322 0.001000 0.094341
1 2 0.058220 0.551603 0.301241 0.001715 0.087221
1 1 0.063340 0.607995 0.224389 0.000926 0.103351
1 1 0.060853 0.554032 0.290458 0.001815 0.092843
1 1 0.042362 0.529608 0.326060 0.001754 0.100216
1 1 0.045433 0.502123 0.362874 0.002462 0.087109
1 1 0.048012 0.542437 0.327214 0.001470 0.080866
1 1 0.057249 0.570640 0.298323 0.001137 0.072651
1 1 0.059535 0.557877 0.289927 0.001662 0.091000
1 1 0.060235 0.589427 0.249111 0.001145 0.100083
1 1 0.058041 0.583477 0.271282 0.001099 0.086101
1 1 0.057158 0.605886 0.179513 0.000472 0.156972
1 1 0.094370 0.526519 0.149700 0.000421 0.228990
4 1 0.185511 0.349142 0.106125 0.000422 0.358800
1 1 0.086292 0.610403 0.158575 0.000218 0.144511
1 1 0.340878 0.344198 0.090904 0.000957 0.223062
1 1 0.075524 0.699345 0.155803 0.000196 0.069131
1 1 0.113799 0.614077 0.164348 0.000356 0.107421
1 1 0.112796 0.673229 0.146273 0.000175 0.067528
1 1 0.119040 0.625607 0.159412 0.000304 0.095637
1 1 0.152233 0.530259 0.165236 0.000552 0.151721
1 1 0.162517 0.588478 0.181035 0.001213 0.066756
1 1 0.302681 0.485151 0.145945 0.003993 0.062230
1 0 0.365876 0.439064 0.126541 0.005711 0.062808
0 0 0.483694 0.348104 0.100126 0.002245 0.065831
1 0 0.255423 0.517551 0.160972 0.005377 0.060677
1 1 0.233237 0.420483 0.130325 0.001314 0.214642
1 1 0.195562 0.464987 0.142588 0.001269 0.195593
1 1 0.205369 0.473128 0.134591 0.001682 0.185230
1 1 0.260975 0.430771 0.114591 0.000965 0.192698
1 1 0.313189 0.391161 0.108179 0.000911 0.186559
0 0 0.730864 0.181384 0.055166 0.005213 0.027371
0 0 0.670927 0.234096 0.061192 0.003526 0.030259
0 0 0.643964 0.259325 0.061829 0.000780 0.034103
0 0 0.699914 0.207443 0.053614 0.002061 0.036968
0 0 0.701678 0.220536 0.051464 0.000671 0.025652
1 0 0.342377 0.450890 0.121413 0.001105 0.084215
1 0 0.228231 0.561927 0.147987 0.002915 0.058940
1 0 0.343989 0.447509 0.125711 0.003521 0.079269
1 0 0.146909 0.676872 0.127563 0.000124 0.048532
1 0 0.303198 0.486722 0.140240 0.001226 0.068615
1 0 0.247004 0.522628 0.123163 0.001209 0.105997
1 0 0.298892 0.478003 0.113815 0.000866 0.108424
1 0 0.236512 0.594360 0.106839 0.000057 0.062231
1 0 0.386269 0.391993 0.110663 0.001046 0.110028
1 0 0.351409 0.433359 0.111024 0.002576 0.101633
0 0 0.534217 0.294475 0.091023 0.002228 0.078057
0 0 0.457042 0.331306 0.084131 0.001585 0.125936
1 1 0.296466 0.453202 0.119869 0.000907 0.129556
1 1 0.316007 0.444931 0.130589 0.002913 0.105561
1 1 0.287836 0.529099 0.118227 0.000755 0.064083
4 1 0.126909 0.214868 0.068349 0.000071 0.589803
1 1 0.075479 0.456738 0.106612 0.000056 0.361116
1 1 0.045295 0.472057 0.116976 0.000044 0.365628
4 1 0.056674 0.359134 0.112731 0.000098 0.471364
1 1 0.040554 0.456827 0.125668 0.000087 0.376864
1 1 0.073574 0.622891 0.194693 0.000840 0.108001
1 1 0.077798 0.619798 0.195815 0.000914 0.105675
1 1 0.070433 0.628540 0.192234 0.000742 0.108052
1 1 0.085688 0.601689 0.211435 0.001281 0.099907
1 1 0.079958 0.608860 0.200733 0.001119 0.109330
0 1 0.422261 0.219114 0.067662 0.000674 0.290289
0 1 0.442080 0.108249 0.043453 0.001114 0.405105
1 1 0.173763 0.518375 0.149292 0.002126 0.156444
1 1 0.110520 0.570510 0.167606 0.001180 0.150183
1 1 0.155224 0.506942 0.152403 0.002744 0.182687
1 1 0.182802 0.603042 0.157382 0.001286 0.055488
1 1 0.229230 0.595590 0.141474 0.000654 0.033052
1 1 0.328066 0.470831 0.146649 0.004716 0.049738
0 0 0.766302 0.150623 0.041909 0.002889 0.038277
0 0 0.750859 0.150653 0.049280 0.003701 0.045507
0 0 0.817459 0.123025 0.028628 0.000898 0.029991
0 0 0.629027 0.249137 0.078003 0.005379 0.038455
0 0 0.424907 0.419802 0.113302 0.007451 0.034538
0 0 0.774095 0.146469 0.046564 0.007424 0.025447
0 0 0.626618 0.269202 0.070455 0.004183 0.029542
0 0 0.672294 0.241082 0.061913 0.002895 0.021816
0 0 0.914775 0.060143 0.014836 0.001066 0.009180
0 0 0.897926 0.067017 0.018646 0.003664 0.012746
0 0 0.817738 0.127425 0.030467 0.001318 0.023053
0 1 0.477439 0.402960 0.089288 0.001236 0.029077
0 1 0.478648 0.351484 0.076033 0.000228 0.093607
0 1 0.826914 0.078597 0.018533 0.000769 0.075188
0 1 0.645728 0.217595 0.056224 0.001653 0.078800
0 1 0.517537 0.311088 0.063714 0.000187 0.107474
0 1 0.531244 0.312723 0.072303 0.000668 0.083063
1 1 0.344992 0.392972 0.132109 0.001090 0.128838
0 1 0.659539 0.206049 0.065721 0.001407 0.067285
1 1 0.208642 0.567107 0.160014 0.002653 0.061584
1 1 0.215083 0.565060 0.134836 0.000378 0.084644
1 1 0.189634 0.597308 0.146257 0.000534 0.066267
1 1 0.311575 0.562120 0.104467 0.000167 0.021670
0 1 0.539211 0.367532 0.072533 0.001022 0.019701
1 1 0.372904 0.514461 0.091383 0.000306 0.020947
0 4 0.476933 0.424949 0.077670 0.000236 0.020212
0 4 0.767213 0.174546 0.040326 0.001948 0.015967
1 4 0.403825 0.480940 0.098414 0.000797 0.016024
1 4 0.383316 0.503216 0.097920 0.000528 0.015020
1 4 0.362272 0.527516 0.093802 0.000265 0.016146
0 4 0.536291 0.369114 0.077120 0.000568 0.016907
0 4 0.506676 0.390992 0.083555 0.002060 0.016717
1 4 0.361556 0.439806 0.089318 0.000142 0.109177
0 4 0.460740 0.345945 0.084745 0.001122 0.107449
1 4 0.189884 0.585819 0.129711 0.000488 0.094098
1 4 0.292133 0.509080 0.102050 0.000129 0.096607
1 0 0.292541 0.476992 0.113541 0.000539 0.116388
0 0 0.648103 0.240558 0.065128 0.004588 0.041623
0 0 0.482196 0.366166 0.092676 0.001364 0.057598
1 0 0.379731 0.460624 0.113122 0.003388 0.043136
0 0 0.578863 0.307008 0.069431 0.000907 0.043791
1 0 0.332095 0.488428 0.120422 0.003876 0.055179
0 0 0.686227 0.231336 0.047945 0.000706 0.033785
0 0 0.875440 0.083543 0.017282 0.000254 0.023482
0 0 0.882377 0.074026 0.018441 0.001724 0.023432
0 0 0.952755 0.026708 0.007705 0.002606 0.010226
0 0 0.936275 0.038124 0.009663 0.000359 0.015579
0 0 0.888995 0.066404 0.019259 0.002822 0.022520
0 0 0.877013 0.071286 0.021752 0.001187 0.028762
0 0 0.784925 0.148113 0.037274 0.002457 0.027231
0 0 0.532067 0.345694 0.080439 0.003246 0.038554
0 0 0.942853 0.033260 0.009975 0.000886 0.013026
0 0 0.867783 0.035411 0.010552 0.000753 0.085501
0 0 0.799945 0.019868 0.006626 0.000578 0.172983
0 0 0.875943 0.023893 0.006044 0.000153 0.093967
0 0 0.764820 0.101424 0.022706 0.000218 0.110831
0 0 0.934716 0.014758 0.005134 0.000533 0.044860
4 0 0.187961 0.037895 0.019122 0.000307 0.754714
4 0 0.413482 0.074955 0.031601 0.002213 0.477750
4 0 0.112814 0.283048 0.102232 0.002009 0.499897
1 1 0.069270 0.404387 0.142384 0.000991 0.382967
4 1 0.044132 0.329270 0.123941 0.000516 0.502142
0 1 0.527294 0.348818 0.082266 0.001478 0.040145
0 0 0.804010 0.122595 0.033774 0.003691 0.035931
0 0 0.938500 0.032088 0.008896 0.000853 0.019663
0 0 0.890340 0.060580 0.017886 0.003176 0.028018
0 0 0.823485 0.109975 0.030818 0.004642 0.031079
0 0 0.822812 0.083488 0.025137 0.001159 0.067404
0 0 0.697562 0.109212 0.037684 0.001426 0.154117
0 0 0.511076 0.328148 0.070004 0.000351 0.090421
0 0 0.418237 0.411929 0.090567 0.000614 0.078654
0 0 0.662336 0.150953 0.051518 0.001756 0.133436
1 0 0.185429 0.623922 0.146055 0.000682 0.043912
1 1 0.176372 0.606622 0.165647 0.000961 0.050398
1 0 0.186355 0.643680 0.133138 0.000396 0.036431
0 0 0.420169 0.352311 0.137921 0.004459 0.085139
0 0 0.658304 0.214539 0.062895 0.001741 0.062521
0 0 0.622193 0.215770 0.054072 0.000470 0.107496
1 0 0.328287 0.497396 0.095080 0.000663 0.078574
0 0 0.505820 0.319589 0.071863 0.000346 0.102382
0 0 0.483350 0.257126 0.084434 0.003022 0.172068
0 0 0.644836 0.210515 0.048871 0.000329 0.095449
0 0 0.516125 0.194422 0.056567 0.001889 0.230997
0 0 0.731886 0.090604 0.024131 0.000349 0.153030
0 0 0.557439 0.149691 0.039393 0.000670 0.252807
0 0 0.605863 0.068605 0.025283 0.002127 0.298122
0 0 0.597174 0.087483 0.028537 0.000389 0.286416
4 0 0.163680 0.027648 0.009623 0.000048 0.799000
4 0 0.122051 0.087567 0.026985 0.000013 0.763384
4 0 0.199691 0.027212 0.009080 0.000077 0.763940
4 0 0.269787 0.036729 0.012022 0.000040 0.681422
4 0 0.384328 0.078043 0.019703 0.000134 0.517793
1 0 0.102954 0.654222 0.161443 0.000691 0.080689
1 0 0.267170 0.457878 0.159500 0.002278 0.113174
1 0 0.262242 0.487891 0.117059 0.000139 0.132669
1 1 0.290090 0.515008 0.131327 0.000374 0.063201
1 1 0.353197 0.408568 0.113109 0.000247 0.124879
1 1 0.408820 0.444440 0.104011 0.001660 0.041069
0 1 0.589994 0.306563 0.070721 0.000542 0.032180
0 0 0.850913 0.103396 0.025967 0.000518 0.019206
0 0 0.859646 0.104595 0.020928 0.000490 0.014340
0 0 0.890251 0.076433 0.016020 0.000218 0.017078
0 0 0.894166 0.070170 0.015969 0.000232 0.019463
0 0 0.578626 0.312576 0.069595 0.000274 0.038930
0 0 0.803731 0.116253 0.036099 0.000999 0.042918
0 0 0.666629 0.250508 0.051696 0.000494 0.030673
0 0 0.835999 0.110944 0.022783 0.000275 0.029999
0 0 0.816147 0.139293 0.028804 0.000562 0.015194
0 0 0.903339 0.070211 0.015831 0.001182 0.009438
0 0 0.771928 0.172649 0.036635 0.000649 0.018138
0 0 0.905995 0.068905 0.015226 0.001030 0.008844
0 0 0.756095 0.172778 0.044536 0.001329 0.025262
0 0 0.702070 0.200445 0.047968 0.000534 0.048982
0 0 0.426089 0.419452 0.099590 0.000637 0.054232
0 0 0.813271 0.111908 0.027174 0.000298 0.047349
0 0 0.748071 0.172762 0.037777 0.000287 0.041102
1 0 0.425631 0.444210 0.085175 0.000378 0.044606
1 0 0.366287 0.506150 0.099418 0.000587 0.027556
1 0 0.282240 0.586027 0.106019 0.000530 0.025184
1 0 0.232653 0.623352 0.119174 0.000208 0.024614
1 0 0.241344 0.629427 0.105730 0.000250 0.023249
1 0 0.394672 0.469799 0.101618 0.001329 0.032582
1 0 0.098044 0.693205 0.150872 0.000237 0.057643
1 0 0.097150 0.700749 0.148371 0.000189 0.053542
1 0 0.097206 0.716075 0.139261 0.000131 0.047327
1 1 0.092944 0.707325 0.146190 0.000165 0.053376
1 1 0.114847 0.629866 0.181907 0.000811 0.072570
1 1 0.161047 0.628899 0.161804 0.000615 0.047635
1 1 0.135750 0.649813 0.161668 0.000476 0.052294
1 1 0.242258 0.556808 0.149313 0.002297 0.049324
1 0 0.214565 0.575216 0.164845 0.001285 0.044089
0 0 0.693716 0.207934 0.058997 0.001355 0.037999
0 0 0.971191 0.017176 0.004436 0.001791 0.005407
0 0 0.893552 0.072589 0.016765 0.001495 0.015600
0 0 0.907016 0.068648 0.011672 0.000217 0.012447
0 0 0.923675 0.056251 0.009386 0.000078 0.010610
0 0 0.821790 0.151508 0.016517 0.000009 0.010176
0 0 0.958092 0.027006 0.004649 0.000069 0.010184
0 0 0.920672 0.059062 0.007206 0.000002 0.013059
0 0 0.966127 0.021754 0.003175 0.000012 0.008931
0 0 0.972048 0.015435 0.002945 0.000037 0.009535
0 0 0.972633 0.016308 0.003400 0.000067 0.007593
0 0 0.975504 0.017800 0.003050 0.000098 0.003547
0 0 0.916794 0.067113 0.008387 0.000010 0.007696
0 0 0.967598 0.022914 0.004285 0.000067 0.005136
0 0 0.897170 0.080843 0.012756 0.000114 0.009118
0 0 0.862183 0.108114 0.017344 0.000069 0.012290
0 0 0.749580 0.196264 0.036328 0.000530 0.017298
0 0 0.565264 0.342881 0.066978 0.000855 0.024022
0 0 0.637728 0.272772 0.062564 0.000886 0.026050
0 0 0.559832 0.345818 0.064711 0.000180 0.029458
0 0 0.636078 0.275465 0.057720 0.000235 0.030502
0 0 0.520845 0.355422 0.083896 0.000213 0.039625
0 0 0.440004 0.435324 0.088645 0.000321 0.035705
1 0 0.397967 0.469302 0.098838 0.000553 0.033340
0 0 0.455416 0.415860 0.094702 0.000943 0.033079
0 0 0.579768 0.321525 0.067415 0.000536 0.030756
0 0 0.466083 0.379198 0.099045 0.001444 0.054230
0 0 0.677409 0.212473 0.054520 0.002961 0.052637
0 0 0.586317 0.280908 0.070642 0.001706 0.060426
0 0 0.431669 0.408461 0.098178 0.001462 0.060229
1 1 0.166444 0.673820 0.117121 0.000073 0.042542
1 1 0.211179 0.588263 0.143257 0.001830 0.055471
1 1 0.140796 0.622532 0.161661 0.001278 0.073733
1 1 0.156607 0.608360 0.167213 0.001382 0.066438
1 1 0.368839 0.381041 0.131867 0.001639 0.116613
1 1 0.150553 0.527012 0.231151 0.005567 0.085717
0 1 0.781894 0.102688 0.025071 0.000546 0.089802
0 1 0.847246 0.066448 0.016802 0.000648 0.068856
0 0 0.569202 0.229126 0.072420 0.000858 0.128394
0 0 0.854269 0.068391 0.017611 0.000588 0.059140
0 0 0.879338 0.058408 0.011789 0.000180 0.050285
0 0 0.461652 0.385961 0.105886 0.001972 0.044530
0 0 0.440698 0.380198 0.123094 0.003089 0.052921
0 0 0.449215 0.385878 0.108874 0.003762 0.052271
0 0 0.801288 0.118427 0.044918 0.003383 0.031984
0 0 0.717899 0.190196 0.050697 0.001991 0.039218
1 0 0.227322 0.564075 0.134798 0.000559 0.073245
1 0 0.184056 0.614960 0.133525 0.000815 0.066644
1 0 0.296523 0.509182 0.131667 0.000840 0.061789
1 0 0.311043 0.458383 0.136650 0.003089 0.090835
0 0 0.666901 0.205815 0.055448 0.000652 0.071183
0 0 0.681876 0.202426 0.060052 0.005068 0.050578
0 0 0.816077 0.120268 0.030249 0.001994 0.031412
0 0 0.841449 0.111688 0.024316 0.001170 0.021377
0 0 0.544850 0.345452 0.073792 0.001684 0.034221
0 0 0.896691 0.055643 0.017698 0.003245 0.026722
1 0 0.256227 0.520507 0.188635 0.002438 0.032192
1 0 0.283762 0.553692 0.135478 0.000778 0.026291
1 0 0.189722 0.640541 0.137619 0.000313 0.031805
1 0 0.172787 0.622912 0.156675 0.000704 0.046922
1 0 0.330684 0.508886 0.128374 0.001911 0.030145
1 0 0.255687 0.357481 0.334472 0.020279 0.032081
1 0 0.162355 0.617032 0.163181 0.000978 0.056454
1 0 0.138234 0.638510 0.167294 0.000602 0.055360
1 1 0.201878 0.598605 0.147197 0.001314 0.051007
1 1 0.178286 0.622974 0.156127 0.000587 0.042027
1 1 0.219482 0.516976 0.150530 0.000695 0.112316
1 1 0.113459 0.659648 0.157912 0.000564 0.068417
1 1 0.089390 0.671285 0.167602 0.000364 0.071359
1 1 0.131799 0.637357 0.170284 0.000659 0.059901
1 1 0.092431 0.682038 0.160767 0.000291 0.064473
2 1 0.073050 0.417941 0.469756 0.004989 0.034265
1 1 0.112101 0.591784 0.241331 0.001180 0.053605
1 1 0.081602 0.520516 0.346294 0.002226 0.049362
1 1 0.068386 0.501156 0.377459 0.002428 0.050572
2 1 0.045652 0.388318 0.514603 0.005735 0.045692
2 1 0.028157 0.244750 0.690842 0.012477 0.023774
2 1 0.026208 0.257276 0.679663 0.010348 0.026505
2 2 0.027738 0.236663 0.693105 0.016034 0.026460
2 2 0.031613 0.240767 0.684384 0.017311 0.025925
2 2 0.027971 0.188610 0.755577 0.016024 0.011819
2 2 0.025461 0.149793 0.800925 0.017309 0.006512
2 2 0.042619 0.268531 0.665363 0.008361 0.015125
2 2 0.030535 0.238151 0.710785 0.007537 0.012992
2 2 0.013007 0.095089 0.880476 0.009418 0.002011
2 2 0.033739 0.237334 0.712920 0.006189 0.009818
2 2 0.042073 0.259471 0.675422 0.008854 0.014180
2 2 0.054753 0.297125 0.625700 0.007297 0.015124
2 2 0.024212 0.164645 0.795251 0.009911 0.005982
2 2 0.026306 0.180199 0.780875 0.007028 0.005591
2 3 0.013766 0.097467 0.876334 0.010255 0.002179
2 3 0.021358 0.099605 0.868989 0.008783 0.001265
2 3 0.010902 0.064499 0.917236 0.006785 0.000578
2 3 0.002802 0.027522 0.962109 0.007343 0.000224
2 3 0.038211 0.140696 0.811398 0.007871 0.001824
2 3 0.006584 0.047579 0.937267 0.008102 0.000468
2 3 0.008199 0.052075 0.927565 0.011556 0.000605
2 3 0.004220 0.028050 0.945266 0.022172 0.000291
2 3 0.012367 0.054755 0.901852 0.030221 0.000805
2 3 0.007557 0.031940 0.915481 0.044693 0.000329
2 3 0.004348 0.031393 0.948641 0.015302 0.000315
2 3 0.001928 0.011948 0.921353 0.064665 0.000107
2 3 0.000200 0.002362 0.789283 0.208120 0.000034
2 3 0.010838 0.024094 0.754332 0.210440 0.000296
2 3 0.005005 0.015166 0.773570 0.206081 0.000178
2 3 0.001946 0.009443 0.768214 0.220244 0.000152
2 3 0.002681 0.008752 0.638074 0.350357 0.000136
3 3 0.001401 0.004178 0.453437 0.540917 0.000066
2 3 0.006235 0.015006 0.712551 0.266039 0.000169
3 3 0.000793 0.003454 0.448459 0.547211 0.000083
3 3 0.003830 0.006245 0.410785 0.579068 0.000073
2 3 0.014587 0.018069 0.491367 0.475723 0.000254
2 3 0.001001 0.004129 0.551773 0.443031 0.000066
3 3 0.001907 0.004025 0.280272 0.713696 0.000101
2 3 0.003740 0.008543 0.535565 0.452031 0.000121
3 3 0.002454 0.005633 0.382588 0.609208 0.000118
3 3 0.000166 0.000895 0.271254 0.727662 0.000023
3 3 0.001308 0.002797 0.260972 0.734865 0.000057
3 3 0.000110 0.000586 0.196930 0.802356 0.000018
3 3 0.000207 0.000721 0.177130 0.821925 0.000017
3 3 0.000274 0.001169 0.261790 0.736738 0.000029
3 3 0.000203 0.000503 0.088329 0.910947 0.000017
3 3 0.001063 0.001536 0.159892 0.837485 0.000024
3 3 0.000029 0.000153 0.086080 0.913733 0.000006
3 3 0.000089 0.000442 0.133969 0.865481 0.000019
3 3 0.000064 0.000180 0.053048 0.946701 0.000007
3 3 0.000139 0.000321 0.068135 0.931395 0.000010
3 3 0.000058 0.000291 0.109466 0.890174 0.000012
3 3 0.000058 0.000238 0.096462 0.903235 0.000007
3 3 0.000040 0.000231 0.102698 0.897020 0.000010
3 3 0.000027 0.000147 0.065688 0.934129 0.000008
3 3 0.000011 0.000073 0.063137 0.936777 0.000003
3 3 0.000005 0.000050 0.050962 0.948979 0.000004
3 3 0.000009 0.000069 0.069746 0.930174 0.000003
3 3 0.000062 0.000243 0.076760 0.922924 0.000011
3 3 0.000018 0.000077 0.036887 0.963013 0.000005
3 3 0.000007 0.000059 0.058572 0.941358 0.000003
3 3 0.000011 0.000071 0.061734 0.938181 0.000003
3 3 0.000032 0.000117 0.049761 0.950085 0.000005
3 3 0.000007 0.000037 0.033155 0.966800 0.000002
3 3 0.000010 0.000074 0.062776 0.937137 0.000004
3 3 0.000047 0.000174 0.045114 0.954652 0.000013
3 3 0.000015 0.000085 0.036289 0.963603 0.000008
3 3 0.000011 0.000057 0.033490 0.966438 0.000004
3 3 0.000008 0.000055 0.040394 0.959539 0.000004
3 3 0.000007 0.000043 0.032948 0.966999 0.000003
3 3 0.000008 0.000043 0.029143 0.970803 0.000003
3 3 0.000028 0.000123 0.048194 0.951648 0.000007
3 3 0.000003 0.000030 0.036423 0.963541 0.000003
3 3 0.000004 0.000028 0.030253 0.969713 0.000002
3 3 0.000031 0.000114 0.033827 0.966018 0.000009
3 3 0.000005 0.000041 0.033445 0.966505 0.000004
3 3 0.000004 0.000042 0.037325 0.962624 0.000004
3 3 0.000002 0.000025 0.035538 0.964433 0.000003
3 3 0.000003 0.000040 0.040353 0.959599 0.000005
3 3 0.000001 0.000020 0.025664 0.974312 0.000003
3 3 0.000001 0.000018 0.030005 0.969974 0.000002
3 3 0.000003 0.000024 0.033308 0.966664 0.000001
3 3 0.000007 0.000048 0.041958 0.957984 0.000003
3 3 0.000005 0.000056 0.057129 0.942804 0.000005
3 3 0.000002 0.000020 0.028709 0.971267 0.000002
3 3 0.000002 0.000021 0.025952 0.974022 0.000002
3 3 0.000003 0.000031 0.036197 0.963766 0.000002
3 3 0.000004 0.000031 0.031072 0.968890 0.000003
3 3 0.000001 0.000013 0.025566 0.974418 0.000002
3 3 0.000005 0.000039 0.036423 0.963531 0.000003
3 3 0.000016 0.000123 0.068852 0.930999 0.000009
3 3 0.000001 0.000012 0.024517 0.975469 0.000001
3 3 0.000005 0.000031 0.031448 0.968514 0.000002
3 3 0.000002 0.000022 0.030055 0.969919 0.000002
3 3 0.000005 0.000040 0.044191 0.955762 0.000002
3 3 0.000007 0.000049 0.025858 0.974078 0.000008
3 3 0.000005 0.000046 0.029856 0.970085 0.000009
3 3 0.000002 0.000035 0.037119 0.962837 0.000007
3 3 0.000011 0.000085 0.044159 0.955735 0.000010
3 3 0.000003 0.000029 0.023439 0.976523 0.000005
3 3 0.000002 0.000021 0.026795 0.973179 0.000003
3 3 0.000005 0.000049 0.041181 0.958760 0.000005
3 3 0.000002 0.000024 0.026435 0.973536 0.000003
3 3 0.000002 0.000022 0.023711 0.976262 0.000003
3 3 0.000001 0.000010 0.030021 0.969967 0.000001
3 3 0.000002 0.000028 0.030049 0.969918 0.000004
3 3 0.000001 0.000014 0.024512 0.975472 0.000001
3 3 0.000001 0.000017 0.031520 0.968460 0.000002
3 3 0.000004 0.000038 0.039704 0.960251 0.000004
3 3 0.000001 0.000016 0.032488 0.967493 0.000002
3 3 0.000003 0.000032 0.024585 0.975375 0.000005
3 3 0.000002 0.000025 0.028235 0.971735 0.000003
3 3 0.000002 0.000026 0.031759 0.968209 0.000004
3 3 0.000002 0.000029 0.043826 0.956139 0.000004
3 3 0.000002 0.000028 0.029357 0.970609 0.000004
3 3 0.000019 0.000126 0.044626 0.955213 0.000017
3 3 0.000010 0.000084 0.043235 0.956661 0.000011
3 3 0.000018 0.000131 0.046094 0.953738 0.000020
3 3 0.000014 0.000114 0.044123 0.955729 0.000020
3 3 0.000051 0.000556 0.181138 0.818198 0.000057
2 3 0.015572 0.042642 0.729624 0.210800 0.001362
2 3 0.009128 0.040645 0.816315 0.132366 0.001545
2 3 0.013568 0.051929 0.815390 0.117278 0.001834
2 3 0.004344 0.025497 0.889001 0.080597 0.000561
2 3 0.005177 0.025942 0.874188 0.094170 0.000523
2 3 0.010905 0.065393 0.899790 0.022424 0.001489
2 3 0.016018 0.082725 0.879002 0.020413 0.001841
2 3 0.013026 0.066452 0.885502 0.033380 0.001640
2 3 0.077908 0.253452 0.636960 0.018943 0.012737
2 3 0.036922 0.189830 0.744930 0.018359 0.009959
2 3 0.022605 0.113003 0.820974 0.037680 0.005739
2 3 0.032282 0.170470 0.761848 0.025010 0.010390
2 3 0.031470 0.165148 0.761533 0.030486 0.011364
2 3 0.061907 0.261917 0.647038 0.014491 0.014647
2 3 0.027293 0.156269 0.777412 0.028550 0.010477
2 2 0.002721 0.028570 0.951655 0.016563 0.000491
2 2 0.026223 0.126682 0.828143 0.015572 0.003380
2 2 0.003602 0.035143 0.934420 0.025888 0.000946
2 2 0.003194 0.029921 0.938356 0.027856 0.000673
2 2 0.003903 0.035833 0.943561 0.016080 0.000624
2 2 0.001635 0.017554 0.974700 0.005961 0.000150
2 2 0.008164 0.073846 0.903615 0.012430 0.001945
2 2 0.002979 0.026444 0.963720 0.006617 0.000240
2 2 0.013365 0.086713 0.887056 0.011185 0.001681
2 2 0.011714 0.069178 0.908433 0.009796 0.000879
2 2 0.018599 0.114906 0.832693 0.027951 0.005851
2 2 0.016875 0.113306 0.854122 0.012458 0.003240
2 2 0.007872 0.068006 0.895667 0.025633 0.002821
2 2 0.019238 0.113509 0.837544 0.024798 0.004910
2 2 0.008417 0.040171 0.938497 0.010934 0.001982
2 2 0.013666 0.075511 0.888483 0.019169 0.003171
2 2 0.011330 0.059966 0.907828 0.018657 0.002219
2 2 0.015752 0.099744 0.850099 0.029661 0.004744
2 2 0.050396 0.281319 0.626177 0.016090 0.026018
2 2 0.145508 0.253630 0.533459 0.052937 0.014466
1 2 0.104443 0.509800 0.327068 0.003573 0.055116
1 2 0.057252 0.469466 0.401291 0.003973 0.068018
2 2 0.041727 0.363533 0.517794 0.010596 0.066350
2 2 0.038298 0.341581 0.551463 0.011141 0.057517
2 2 0.032526 0.284337 0.630633 0.013747 0.038757
2 2 0.002436 0.056176 0.882421 0.048650 0.010318
2 2 0.002081 0.035128 0.899984 0.059265 0.003541
2 2 0.000685 0.016936 0.931035 0.050097 0.001247
2 2 0.003572 0.032574 0.943332 0.018184 0.002338
2 2 0.013958 0.156918 0.781820 0.026176 0.021129
2 2 0.023071 0.297870 0.613011 0.010455 0.055592
2 2 0.007257 0.144527 0.823444 0.006240 0.018532
2 2 0.012321 0.071634 0.872759 0.019409 0.023877
2 2 0.006165 0.130209 0.820633 0.019744 0.023248
2 2 0.011482 0.100448 0.859649 0.003307 0.025113
2 2 0.002707 0.043885 0.932861 0.018599 0.001948
2 2 0.004657 0.049288 0.925949 0.018615 0.001490
2 2 0.004401 0.088274 0.899122 0.004928 0.003276
2 2 0.000362 0.012064 0.983007 0.004430 0.000136
2 2 0.001014 0.023347 0.967234 0.007941 0.000465
2 2 0.002059 0.029923 0.960287 0.007324 0.000406
2 2 0.003199 0.056600 0.933456 0.005435 0.001311
2 2 0.002096 0.037552 0.954124 0.005594 0.000634
2 2 0.002261 0.030956 0.960354 0.006080 0.000349
2 2 0.003000 0.047743 0.943921 0.004594 0.000742
2 2 0.051779 0.252069 0.679727 0.007481 0.008944
2 2 0.066685 0.282636 0.624861 0.011236 0.014582
2 0 0.230402 0.360437 0.375616 0.016321 0.017225
1 2 0.216639 0.445920 0.304739 0.007116 0.025586
2 2 0.082867 0.405900 0.471868 0.006438 0.032927
2 2 0.029339 0.318266 0.547881 0.016766 0.087747
2 2 0.021005 0.262147 0.588984 0.028848 0.099016
2 2 0.011251 0.174662 0.723103 0.036802 0.054183
2 2 0.011332 0.179041 0.729531 0.030628 0.049467
2 2 0.003611 0.105800 0.816177 0.036570 0.037842
2 2 0.008725 0.112762 0.837851 0.027732 0.012929
2 2 0.004310 0.074747 0.880870 0.031241 0.008831
2 2 0.002734 0.037449 0.951307 0.004077 0.004433
2 2 0.002454 0.020710 0.968839 0.005739 0.002258
2 2 0.001625 0.042467 0.947225 0.007025 0.001659
2 2 0.015782 0.089067 0.884667 0.007087 0.003396
2 2 0.019879 0.191846 0.774554 0.005728 0.007994
2 2 0.012262 0.116486 0.858481 0.008899 0.003872
2 2 0.063116 0.332570 0.574848 0.007871 0.021595
2 2 0.127323 0.396317 0.451556 0.005921 0.018883
1 2 0.102931 0.471426 0.390603 0.003284 0.031755
1 2 0.072243 0.456550 0.420902 0.004146 0.046159
1 2 0.075939 0.473877 0.400872 0.003482 0.045831
2 2 0.077472 0.433075 0.439834 0.005745 0.043873
2 2 0.047410 0.357988 0.560816 0.005310 0.028477
1 2 0.256754 0.541275 0.153321 0.002489 0.046161
1 2 0.234061 0.556277 0.151764 0.001369 0.056530
1 0 0.395883 0.436944 0.118852 0.001047 0.047274
1 0 0.401262 0.427550 0.115834 0.001378 0.053977
1 0 0.263958 0.551029 0.141166 0.001944 0.041903
1 0 0.365714 0.384164 0.214106 0.014251 0.021766
1 0 0.354325 0.471431 0.150094 0.002458 0.021692
1 0 0.236683 0.540623 0.196403 0.001341 0.024950
1 0 0.286717 0.371442 0.283099 0.029373 0.029369
1 1 0.296683 0.469927 0.204743 0.004152 0.024496
1 1 0.297315 0.508841 0.143475 0.004115 0.046254
1 1 0.268592 0.542398 0.146455 0.002004 0.040551
1 1 0.244724 0.558352 0.149080 0.001976 0.045868
1 0 0.340939 0.488266 0.128758 0.003958 0.038079
1 0 0.325668 0.504558 0.127529 0.003352 0.038893
1 0 0.361689 0.414781 0.136830 0.005995 0.080705
0 0 0.691431 0.188464 0.059626 0.003088 0.057392
1 4 0.376368 0.396446 0.120102 0.018929 0.088156
1 4 0.356255 0.481387 0.118665 0.003733 0.039961
1 4 0.316181 0.479061 0.134638 0.010098 0.060022
0 4 0.516072 0.188107 0.063180 0.002142 0.230499
0 4 0.459364 0.278547 0.076132 0.002765 0.183192
0 4 0.454937 0.225071 0.076017 0.004437 0.239538
1 4 0.306405 0.371844 0.103843 0.001384 0.216525
0 4 0.516372 0.152584 0.048877 0.002218 0.279949
2 4 0.030917 0.427355 0.472811 0.003037 0.065880
2 4 0.037988 0.434853 0.453075 0.003848 0.070236
2 4 0.036015 0.411099 0.465397 0.005663 0.081826
2 4 0.036135 0.397898 0.479495 0.006625 0.079848
1 4 0.052455 0.518643 0.325530 0.002616 0.100755
1 4 0.123821 0.626778 0.180278 0.000838 0.068285
1 4 0.126418 0.656208 0.162166 0.000441 0.054768
1 4 0.105438 0.659441 0.168870 0.000455 0.065796
1 4 0.087545 0.600943 0.240762 0.001080 0.069671
1 4 0.074017 0.552075 0.313073 0.001595 0.059240
1 4 0.052287 0.513685 0.358322 0.002175 0.073531
2 4 0.045627 0.437231 0.446804 0.004428 0.065911
1 4 0.049518 0.471853 0.397814 0.003639 0.077177
2 4 0.044874 0.387554 0.502783 0.007252 0.057537
1 4 0.098386 0.522590 0.301986 0.003677 0.073361
1 4 0.309328 0.342353 0.087563 0.000758 0.259998
1 4 0.192899 0.495308 0.125646 0.000330 0.185817
1 4 0.075090 0.654388 0.145211 0.000105 0.125205
1 4 0.063765 0.664519 0.160775 0.000193 0.110748
1 4 0.083075 0.584818 0.139424 0.000095 0.192588
1 4 0.082482 0.623063 0.216210 0.000797 0.077448
1 4 0.083824 0.624045 0.193039 0.000879 0.098212
1 4 0.064836 0.514356 0.334623 0.003044 0.083141
1 4 0.090636 0.595945 0.226479 0.001355 0.085584
1 4 0.098845 0.438454 0.401786 0.005370 0.055546
1 1 0.253864 0.507349 0.169138 0.006356 0.063294
1 1 0.317533 0.452404 0.142319 0.004681 0.083063
1 4 0.200815 0.537514 0.171738 0.006026 0.083907
1 4 0.097509 0.641463 0.179993 0.000680 0.080355
1 4 0.125923 0.603684 0.182557 0.001666 0.086170
2 4 0.067770 0.389588 0.504390 0.006171 0.032081
2 4 0.057726 0.344377 0.553071 0.010288 0.034538
2 4 0.062109 0.353502 0.538039 0.010364 0.035987
2 4 0.073470 0.405663 0.472884 0.007167 0.040816
2 4 0.168314 0.383940 0.410238 0.013603 0.023904
0 4 0.475240 0.331206 0.103067 0.005501 0.084987
1 0 0.322815 0.486521 0.127286 0.002744 0.060633
1 0 0.224709 0.571240 0.148731 0.002125 0.053195
1 1 0.146851 0.647234 0.157755 0.000458 0.047702
1 1 0.121732 0.580490 0.203522 0.002144 0.092113
1 1 0.148382 0.519458 0.283964 0.003506 0.044689
1 1 0.201429 0.554266 0.174790 0.003240 0.066275
1 1 0.317545 0.528059 0.125502 0.001263 0.027632
1 1 0.323372 0.502705 0.139363 0.002277 0.032284
0 1 0.443184 0.419059 0.101699 0.000974 0.035083
1 1 0.062861 0.563261 0.156197 0.000189 0.217491
1 1 0.051788 0.495626 0.133192 0.000089 0.319305
1 1 0.044979 0.556368 0.160260 0.000202 0.238191
1 1 0.055420 0.537038 0.161790 0.000253 0.245499
1 1 0.100250 0.503862 0.150878 0.000248 0.244762
1 1 0.094387 0.627090 0.175196 0.000476 0.102851
1 1 0.071891 0.709235 0.151868 0.000161 0.066845
1 1 0.094022 0.696245 0.142037 0.000123 0.067574
1 1 0.068366 0.697311 0.157029 0.000186 0.077108
1 1 0.064247 0.624605 0.194024 0.000744 0.116381
1 1 0.072916 0.509469 0.359358 0.002575 0.055682
1 1 0.063737 0.477108 0.403561 0.003160 0.052434
1 1 0.087308 0.516288 0.345006 0.002489 0.048909
1 0 0.119054 0.528410 0.309364 0.002296 0.040875
1 0 0.246730 0.435391 0.272375 0.011405 0.034098
1 0 0.264322 0.424497 0.153836 0.005751 0.151595
1 0 0.105606 0.602353 0.185229 0.001827 0.104986
1 0 0.098092 0.575241 0.197134 0.002862 0.126671
1 0 0.106938 0.606877 0.184187 0.001648 0.100349
1 0 0.233366 0.511445 0.175087 0.002636 0.077466
1 0 0.062714 0.473988 0.208545 0.001974 0.252779
1 1 0.032178 0.561258 0.204883 0.000908 0.200775
1 1 0.049604 0.511098 0.233796 0.003236 0.202266
1 1 0.039050 0.531818 0.212364 0.001391 0.215377
1 1 0.042656 0.575177 0.207997 0.001068 0.173102
1 1 0.058267 0.513762 0.293673 0.003612 0.130686
1 1 0.053421 0.472231 0.350630 0.005482 0.118235
1 1 0.049617 0.496678 0.332306 0.003624 0.117776
2 1 0.036475 0.336764 0.560867 0.010720 0.055174
2 1 0.033284 0.330402 0.559158 0.012330 0.064827
1 0 0.317188 0.498457 0.145160 0.003078 0.036118
1 0 0.332841 0.528279 0.112176 0.001129 0.025575
0 0 0.448637 0.373595 0.117307 0.019978 0.040484
1 0 0.424249 0.442315 0.105263 0.002452 0.025721
1 0 0.416256 0.434174 0.110937 0.006087 0.032546
1 0 0.171976 0.631151 0.154414 0.000516 0.041942
1 1 0.137533 0.617415 0.187824 0.000877 0.056351
1 0 0.082554 0.513784 0.350023 0.002543 0.051096
1 0 0.314151 0.507890 0.139451 0.002618 0.035891
1 0 0.151790 0.592766 0.218941 0.000888 0.035615
2 0 0.313189 0.319277 0.321160 0.032494 0.013881
0 0 0.713934 0.187290 0.080707 0.006524 0.011544
0 0 0.540755 0.208186 0.211035 0.029362 0.010662
1 0 0.419323 0.453167 0.106585 0.001642 0.019282
0 0 0.419637 0.316089 0.212957 0.033250 0.018067
1 0 0.086282 0.647050 0.168769 0.000767 0.097131
1 0 0.082501 0.606606 0.201532 0.001182 0.108178
1 0 0.272802 0.409388 0.136941 0.001010 0.179859
1 0 0.119723 0.646477 0.156606 0.000425 0.076769
1 0 0.077556 0.686170 0.162776 0.000265 0.073234
2 1 0.078586 0.418403 0.467204 0.004808 0.031000
1 1 0.098958 0.522520 0.339624 0.001929 0.036969
1 1 0.142536 0.550922 0.270200 0.001580 0.034762
1 0 0.212944 0.465771 0.288380 0.005929 0.026976
1 0 0.185622 0.508992 0.266762 0.003521 0.035102
0 0 0.411929 0.380003 0.122877 0.003051 0.082141
1 1 0.253105 0.511629 0.166273 0.006028 0.062964
1 1 0.177097 0.529179 0.220891 0.004864 0.067970
1 1 0.119997 0.614950 0.189368 0.001065 0.074620
1 1 0.112233 0.592259 0.202587 0.001655 0.091266
1 1 0.092109 0.501592 0.358868 0.002883 0.044549
1 1 0.144600 0.632407 0.167941 0.000658 0.054394
1 1 0.168684 0.622108 0.161991 0.000668 0.046548
1 1 0.083435 0.522781 0.341967 0.002220 0.049596
1 1 0.066133 0.465860 0.418917 0.003302 0.045788
1 1 0.231550 0.567891 0.164417 0.001122 0.035021
1 1 0.418457 0.441557 0.112246 0.003130 0.024610
1 1 0.331977 0.418728 0.207053 0.012280 0.029963
1 1 0.310065 0.530978 0.125915 0.001575 0.031466
1 4 0.416425 0.420273 0.136624 0.004833 0.021844
1 4 0.285497 0.472710 0.161058 0.002727 0.078009
1 4 0.206748 0.544880 0.153202 0.001867 0.093304
1 4 0.116837 0.629299 0.170923 0.001079 0.081862
1 4 0.195570 0.555365 0.165939 0.001406 0.081719
1 4 0.262104 0.510193 0.131878 0.000709 0.095117
1 4 0.071705 0.587084 0.232784 0.001432 0.106996
1 4 0.087129 0.606323 0.201080 0.001218 0.104250
1 4 0.071171 0.607947 0.199878 0.000993 0.120011
1 4 0.119632 0.576673 0.199099 0.000649 0.103946
1 4 0.079439 0.624562 0.193384 0.000851 0.101764
1 4 0.251122 0.451190 0.240374 0.013159 0.044155
1 4 0.184908 0.473197 0.297887 0.006460 0.037549
2 1 0.269807 0.268082 0.401426 0.044561 0.016126
0 1 0.467010 0.302505 0.184799 0.024073 0.021614
1 1 0.410996 0.414927 0.141926 0.006315 0.025836
2 1 0.035133 0.316085 0.566075 0.016611 0.066096
2 1 0.021015 0.229994 0.662619 0.029342 0.057030
2 1 0.013604 0.214149 0.670112 0.028686 0.073449
2 1 0.013067 0.167353 0.733166 0.042402 0.044012
2 1 0.008655 0.149258 0.786294 0.025344 0.030450
2 1 0.001259 0.038424 0.953042 0.005994 0.001281
2 1 0.000210 0.007944 0.981574 0.010130 0.000142
2 1 0.000192 0.011636 0.985334 0.002668 0.000170
2 1 0.000123 0.008565 0.988381 0.002811 0.000121
2 1 0.000776 0.016463 0.978788 0.003811 0.000162
2 1 0.021401 0.129937 0.842705 0.004299 0.001659
2 2 0.005113 0.044067 0.947268 0.003098 0.000454
2 2 0.003627 0.040541 0.951974 0.003557 0.000300
2 2 0.008849 0.083721 0.902296 0.004052 0.001082
2 2 0.009987 0.061104 0.921506 0.006858 0.000546
2 2 0.003476 0.027398 0.963452 0.005432 0.000242
2 2 0.006847 0.047122 0.940783 0.004951 0.000296
2 2 0.009117 0.059054 0.921548 0.009572 0.000709
2 2 0.006169 0.039653 0.941755 0.012064 0.000359
2 2 0.006637 0.044919 0.943571 0.004625 0.000248
2 2 0.005582 0.034840 0.940177 0.019033 0.000369
2 2 0.002846 0.021640 0.954067 0.021244 0.000203
2 2 0.010192 0.052080 0.929235 0.008158 0.000335
2 2 0.003284 0.022955 0.943446 0.030052 0.000263
2 2 0.007063 0.031971 0.932052 0.028367 0.000547
2 2 0.072493 0.154971 0.752406 0.018143 0.001988
2 2 0.017150 0.076041 0.894095 0.011907 0.000807
2 2 0.001109 0.013739 0.965634 0.019358 0.000159
2 2 0.005330 0.033952 0.948586 0.011879 0.000253
2 3 0.002211 0.019770 0.957735 0.020076 0.000208
2 3 0.016539 0.066877 0.900152 0.015777 0.000655
