0 0 0.992114 0.002387 0.000232 0.000009 0.005258
0 0 0.988833 0.002564 0.000219 0.000004 0.008380
0 0 0.991376 0.001871 0.000135 0.000002 0.006616
0 0 0.997306 0.000884 0.000058 0.000002 0.001750
0 0 0.997288 0.000935 0.000065 0.000003 0.001708
0 0 0.994661 0.001879 0.000180 0.000012 0.003269
0 0 0.996428 0.001242 0.000098 0.000005 0.002225
0 0 0.993198 0.002139 0.000202 0.000009 0.004452
0 0 0.995838 0.001454 0.000124 0.000007 0.002577
0 0 0.997546 0.000843 0.000056 0.000003 0.001552
0 0 0.995272 0.001658 0.000150 0.000009 0.002911
0 0 0.997370 0.000763 0.000044 0.000001 0.001822
0 0 0.994443 0.001887 0.000177 0.000010 0.003482
0 0 0.993789 0.001699 0.000133 0.000003 0.004375
0 0 0.988807 0.003255 0.000319 0.000008 0.007610
0 0 0.985434 0.005222 0.000806 0.000083 0.008456
0 0 0.986025 0.004048 0.000484 0.000020 0.009423
0 0 0.990934 0.003200 0.000391 0.000031 0.005443
0 0 0.982376 0.005734 0.000864 0.000062 0.010964
0 0 0.980374 0.006000 0.000581 0.000006 0.013039
0 0 0.977407 0.004770 0.000515 0.000008 0.017301
0 0 0.933352 0.024294 0.001225 0.000000 0.041128
0 0 0.970648 0.006677 0.000666 0.000005 0.022004
0 0 0.986598 0.003267 0.000322 0.000007 0.009807
0 0 0.988044 0.003055 0.000300 0.000007 0.008594
0 0 0.991162 0.002583 0.000254 0.000009 0.005992
0 0 0.990684 0.002846 0.000300 0.000013 0.006156
0 0 0.995163 0.001581 0.000134 0.000006 0.003115
0 0 0.988635 0.002925 0.000282 0.000007 0.008151
0 0 0.987033 0.003469 0.000369 0.000011 0.009118
0 0 0.969739 0.008863 0.001524 0.000086 0.019787
0 0 0.946163 0.022452 0.003506 0.000046 0.027832
0 0 0.803546 0.132522 0.014143 0.000004 0.049785
0 0 0.932754 0.034919 0.005099 0.000035 0.027192
0 0 0.927451 0.034155 0.005278 0.000040 0.033076
0 0 0.980843 0.009389 0.001167 0.000029 0.008571
0 0 0.982536 0.006145 0.001009 0.000103 0.010208
0 0 0.954340 0.022729 0.004314 0.000170 0.018446
0 0 0.941363 0.031237 0.004717 0.000047 0.022637
0 0 0.971276 0.012388 0.001921 0.000066 0.014348
0 0 0.959593 0.018942 0.004178 0.000385 0.016902
0 0 0.967376 0.020166 0.002150 0.000013 0.010296
0 0 0.961445 0.025239 0.004092 0.000125 0.009098
0 0 0.947605 0.029477 0.006395 0.000383 0.016139
0 0 0.972681 0.013441 0.002412 0.000168 0.011297
0 0 0.954977 0.029564 0.004324 0.000065 0.011070
0 0 0.904263 0.069644 0.007589 0.000011 0.018494
0 0 0.980544 0.007103 0.001250 0.000143 0.010959
0 0 0.953521 0.028689 0.005037 0.000152 0.012601
0 0 0.960011 0.025129 0.004347 0.000160 0.010353
0 0 0.931327 0.054027 0.007726 0.000085 0.006836
0 0 0.956940 0.034980 0.003868 0.000030 0.004181
0 0 0.956077 0.033287 0.004449 0.000062 0.006124
0 0 0.960906 0.022930 0.004220 0.000199 0.011744
0 0 0.937137 0.051126 0.006410 0.000051 0.005275
0 0 0.898979 0.076045 0.013910 0.000222 0.010844
0 0 0.896349 0.082825 0.012895 0.000121 0.007810
0 0 0.850562 0.118837 0.020915 0.000196 0.009490
0 0 0.796250 0.151488 0.041450 0.000398 0.010414
0 1 0.749139 0.207354 0.035964 0.000160 0.007383
2 1 0.108100 0.359686 0.524558 0.002922 0.004734
2 0 0.095610 0.286141 0.608487 0.004863 0.004898
0 1 0.502493 0.234690 0.250091 0.002537 0.010190
2 1 0.203917 0.393094 0.396081 0.001645 0.005263
1 1 0.364695 0.453738 0.172637 0.000729 0.008201
0 0 0.747256 0.170658 0.071488 0.000649 0.009949
0 0 0.948641 0.029521 0.006227 0.000345 0.015267
0 0 0.904197 0.068244 0.013827 0.000323 0.013409
0 0 0.859680 0.109058 0.020291 0.000241 0.010731
0 0 0.898556 0.081890 0.012240 0.000104 0.007210
0 0 0.926464 0.061672 0.007247 0.000041 0.004575
0 0 0.932369 0.054408 0.007240 0.000065 0.005918
0 0 0.925252 0.049480 0.010332 0.000352 0.014584
0 0 0.951897 0.035221 0.005235 0.000094 0.007554
0 0 0.941357 0.045445 0.006406 0.000079 0.006713
0 0 0.990448 0.004954 0.000483 0.000013 0.004102
0 0 0.980109 0.009156 0.001475 0.000106 0.009155
0 0 0.976615 0.014728 0.002018 0.000061 0.006578
0 0 0.989569 0.003723 0.000491 0.000043 0.006174
0 0 0.983706 0.009832 0.000889 0.000008 0.005566
0 0 0.982959 0.012650 0.001204 0.000015 0.003172
0 0 0.977285 0.009576 0.001712 0.000158 0.011269
0 0 0.978643 0.009087 0.001572 0.000139 0.010560
0 0 0.980729 0.006922 0.001220 0.000143 0.010987
0 0 0.983255 0.009819 0.001242 0.000043 0.005641
0 0 0.965161 0.024394 0.003448 0.000074 0.006922
0 0 0.954301 0.034584 0.004707 0.000067 0.006341
0 0 0.945534 0.040148 0.006173 0.000108 0.008037
0 0 0.948699 0.043459 0.004381 0.000022 0.003439
0 0 0.950439 0.039472 0.004868 0.000047 0.005174
0 0 0.966585 0.023171 0.003268 0.000073 0.006903
0 0 0.973908 0.018885 0.002245 0.000037 0.004925
0 0 0.973637 0.020370 0.002138 0.000023 0.003831
0 0 0.947859 0.041561 0.004445 0.000020 0.006115
0 0 0.956049 0.029291 0.004896 0.000143 0.009621
0 0 0.979800 0.008810 0.001468 0.000120 0.009802
0 0 0.968419 0.020404 0.003091 0.000094 0.007992
0 0 0.959587 0.032433 0.003637 0.000032 0.004312
0 0 0.964324 0.027837 0.003212 0.000035 0.004592
0 0 0.953019 0.037417 0.004527 0.000043 0.004994
0 0 0.898939 0.083066 0.011613 0.000081 0.006302
0 0 0.884579 0.091672 0.015037 0.000149 0.008563
0 0 0.896776 0.082235 0.012914 0.000125 0.007950
0 0 0.783327 0.176860 0.030972 0.000190 0.008650
0 0 0.811161 0.141400 0.038584 0.000301 0.008554
0 0 0.935086 0.054493 0.004834 0.000008 0.005578
0 0 0.965954 0.025360 0.003184 0.000047 0.005454
0 0 0.973655 0.010841 0.002099 0.000218 0.013187
0 0 0.981347 0.006699 0.001162 0.000134 0.010658
0 0 0.977725 0.008003 0.001510 0.000189 0.012573
0 0 0.986341 0.004893 0.000733 0.000073 0.007960
0 0 0.985120 0.009926 0.001044 0.000021 0.003890
0 0 0.990555 0.003365 0.000423 0.000036 0.005621
0 0 0.990836 0.003263 0.000405 0.000034 0.005463
0 0 0.987966 0.004197 0.000272 0.000001 0.007564
0 0 0.966924 0.024425 0.002935 0.000037 0.005680
0 0 0.950418 0.039699 0.004822 0.000044 0.005018
0 0 0.959137 0.032672 0.003477 0.000023 0.004691
0 0 0.948134 0.041332 0.004523 0.000023 0.005988
0 0 0.947377 0.041822 0.004618 0.000024 0.006160
0 0 0.928157 0.056268 0.008173 0.000088 0.007315
0 0 0.922593 0.057751 0.007894 0.000047 0.011714
0 0 0.892419 0.084161 0.011159 0.000039 0.012223
0 1 0.610164 0.314027 0.051773 0.000052 0.023983
1 1 0.395541 0.530672 0.050226 0.000002 0.023559
1 0 0.065926 0.525698 0.220739 0.000060 0.187578
1 1 0.108732 0.683297 0.116114 0.000002 0.091856
1 2 0.052814 0.583146 0.223033 0.000033 0.140975
1 2 0.052882 0.571003 0.181538 0.000010 0.194567
1 2 0.035796 0.528792 0.222640 0.000027 0.212746
1 2 0.155396 0.629399 0.175425 0.005212 0.034569
1 0 0.293685 0.507550 0.146453 0.001232 0.051080
0 0 0.925204 0.044594 0.010618 0.000571 0.019013
0 0 0.932214 0.048319 0.008609 0.000193 0.010666
0 0 0.879050 0.096771 0.014902 0.000102 0.009175
0 4 0.580192 0.331546 0.063246 0.000101 0.024915
1 4 0.098775 0.608346 0.230532 0.000141 0.062206
1 4 0.141064 0.557164 0.248489 0.000623 0.052660
1 4 0.088639 0.549477 0.293579 0.000406 0.067899
1 2 0.112683 0.460421 0.374585 0.001737 0.050575
2 2 0.006383 0.313695 0.673238 0.000410 0.006274
2 2 0.003126 0.092247 0.893805 0.002197 0.008626
2 2 0.001905 0.051337 0.939438 0.001003 0.006317
2 2 0.007639 0.160408 0.819584 0.000755 0.011613
2 2 0.004553 0.137358 0.848611 0.001968 0.007510
2 2 0.000504 0.044427 0.949059 0.000997 0.005014
2 2 0.000840 0.066400 0.926614 0.001498 0.004648
2 2 0.000166 0.019582 0.975614 0.002994 0.001645
2 2 0.000170 0.019553 0.978293 0.000325 0.001659
2 2 0.001398 0.035031 0.944053 0.010391 0.009128
2 2 0.000811 0.024802 0.966028 0.007075 0.001284
2 2 0.006116 0.130764 0.830030 0.023729 0.009360
2 2 0.003704 0.037795 0.924523 0.029343 0.004635
2 2 0.004224 0.089786 0.867059 0.027728 0.011202
2 2 0.001009 0.019108 0.931595 0.045530 0.002757
2 2 0.001685 0.018698 0.916493 0.062560 0.000565
2 2 0.005271 0.037468 0.792015 0.162796 0.002450
2 2 0.003793 0.024338 0.806199 0.163552 0.002118
1 2 0.262134 0.400492 0.325771 0.002374 0.009228
2 2 0.022486 0.198124 0.769661 0.007294 0.002435
2 2 0.020505 0.156193 0.817260 0.004128 0.001913
2 2 0.026365 0.070342 0.874136 0.025529 0.003628
2 2 0.015868 0.117985 0.859055 0.005361 0.001732
2 2 0.009272 0.046086 0.919162 0.024265 0.001215
2 2 0.015345 0.078278 0.887577 0.017067 0.001733
2 2 0.000383 0.004437 0.730280 0.264761 0.000139
2 2 0.000846 0.007380 0.788887 0.202639 0.000249
2 2 0.002202 0.018990 0.824142 0.154133 0.000534
2 2 0.001315 0.011485 0.651092 0.335479 0.000629
3 3 0.000127 0.001560 0.468193 0.530049 0.000071
3 0 0.042711 0.059463 0.415353 0.463326 0.019148
2 0 0.295085 0.197818 0.472201 0.016992 0.017904
0 0 0.762367 0.170082 0.053544 0.000673 0.013335
0 1 0.777636 0.170490 0.038931 0.000421 0.012522
1 1 0.179330 0.544473 0.258481 0.002908 0.014808
1 1 0.100637 0.576045 0.305807 0.002115 0.015395
1 1 0.066749 0.538541 0.381034 0.001015 0.012660
2 1 0.035802 0.453774 0.487211 0.007777 0.015436
2 2 0.033183 0.302430 0.640337 0.010567 0.013483
2 2 0.011557 0.136073 0.835044 0.010382 0.006944
2 2 0.000286 0.021284 0.976748 0.000766 0.000917
2 2 0.001657 0.161863 0.828754 0.000407 0.007320
2 2 0.001120 0.097256 0.898914 0.000403 0.002306
2 2 0.001348 0.083591 0.911681 0.000738 0.002642
2 2 0.001281 0.084136 0.910721 0.000644 0.003219
2 2 0.002121 0.022455 0.943697 0.031201 0.000527
2 2 0.001995 0.037403 0.936976 0.023027 0.000600
2 2 0.001322 0.027539 0.956150 0.014615 0.000375
2 2 0.002692 0.031756 0.830381 0.133553 0.001618
2 2 0.002867 0.031850 0.883496 0.080736 0.001051
2 2 0.000689 0.013356 0.902855 0.082914 0.000186
2 2 0.000637 0.011906 0.796413 0.190815 0.000229
2 2 0.000425 0.006575 0.707458 0.285364 0.000178
2 3 0.001398 0.013610 0.859307 0.125230 0.000456
2 3 0.000156 0.002440 0.560173 0.437154 0.000078
2 3 0.000247 0.003673 0.558950 0.437005 0.000125
3 3 0.000314 0.004306 0.476628 0.518574 0.000178
3 3 0.000050 0.000732 0.329751 0.669435 0.000032
3 3 0.000202 0.002890 0.433098 0.563691 0.000119
2 3 0.000150 0.002920 0.638743 0.358120 0.000067
3 3 0.000055 0.000483 0.123768 0.875640 0.000054
2 3 0.003306 0.043313 0.482838 0.468612 0.001931
3 3 0.000572 0.005364 0.491305 0.502430 0.000328
3 3 0.000104 0.001720 0.473677 0.524442 0.000057
2 3 0.001077 0.013031 0.703151 0.282274 0.000468
3 3 0.000042 0.000888 0.334329 0.664715 0.000027
3 3 0.000187 0.002316 0.220252 0.777094 0.000151
3 3 0.000016 0.000252 0.220280 0.779440 0.000012
3 3 0.000027 0.000466 0.302607 0.696882 0.000018
3 3 0.000150 0.001988 0.327452 0.670310 0.000101
3 3 0.000021 0.000254 0.062022 0.937678 0.000025
3 3 0.000009 0.000199 0.061285 0.938496 0.000011
3 3 0.000017 0.000214 0.090226 0.909525 0.000018
3 3 0.000001 0.000028 0.039891 0.960078 0.000001
3 3 0.000032 0.000641 0.164606 0.834693 0.000027
3 3 0.000026 0.000189 0.048388 0.951361 0.000036
3 3 0.000094 0.000926 0.120716 0.878170 0.000095
3 3 0.000006 0.000086 0.060175 0.939727 0.000006
3 2 0.001604 0.011543 0.240520 0.744978 0.001355
2 2 0.004080 0.071744 0.668112 0.254284 0.001780
2 3 0.003116 0.021161 0.712670 0.261659 0.001394
2 3 0.004197 0.034663 0.592553 0.366390 0.002197
2 3 0.005120 0.041771 0.729337 0.221596 0.002175
2 3 0.001933 0.019192 0.697033 0.280979 0.000862
2 3 0.002431 0.023827 0.666591 0.306015 0.001136
3 3 0.000065 0.001043 0.239957 0.758886 0.000049
3 3 0.001098 0.012023 0.353087 0.633034 0.000758
3 3 0.000088 0.001332 0.222298 0.776214 0.000069
3 3 0.000018 0.000250 0.162866 0.836850 0.000016
3 3 0.000064 0.000723 0.173505 0.825652 0.000056
3 3 0.000012 0.000208 0.120631 0.879137 0.000011
3 3 0.000021 0.000255 0.082506 0.917195 0.000023
3 3 0.000128 0.001473 0.152266 0.846014 0.000119
3 3 0.000033 0.000386 0.054430 0.945110 0.000042
3 3 0.000006 0.000076 0.050890 0.949020 0.000008
3 3 0.000002 0.000025 0.024617 0.975354 0.000002
3 3 0.000012 0.000139 0.040457 0.959377 0.000016
3 3 0.000008 0.000127 0.041159 0.958695 0.000011
3 3 0.000001 0.000020 0.022848 0.977129 0.000002
3 3 0.000003 0.000063 0.041435 0.958494 0.000004
3 3 0.000007 0.000070 0.017510 0.982400 0.000012
3 3 0.000059 0.000537 0.058973 0.940355 0.000076
3 3 0.000045 0.000598 0.077875 0.921431 0.000051
3 3 0.000144 0.001090 0.074821 0.923809 0.000136
3 3 0.000010 0.000111 0.021297 0.978565 0.000017
3 3 0.000006 0.000079 0.030511 0.969393 0.000010
3 3 0.000006 0.000060 0.013315 0.986608 0.000011
3 3 0.000001 0.000009 0.012404 0.987586 0.000001
3 3 0.000003 0.000030 0.015378 0.984584 0.000005
3 3 0.000015 0.000146 0.020076 0.979738 0.000026
3 3 0.000005 0.000048 0.011210 0.988727 0.000010
3 3 0.000001 0.000017 0.009601 0.990378 0.000002
3 3 0.000013 0.000151 0.029710 0.970107 0.000018
3 3 0.000006 0.000088 0.037522 0.962376 0.000009
3 3 0.000006 0.000055 0.011619 0.988307 0.000013
3 3 0.000011 0.000130 0.026583 0.973258 0.000018
3 3 0.000013 0.000132 0.018615 0.981219 0.000021
3 3 0.000001 0.000011 0.006476 0.993510 0.000002
3 3 0.000002 0.000019 0.009943 0.990033 0.000004
3 3 0.000037 0.000306 0.024342 0.975251 0.000064
3 3 0.000003 0.000035 0.018745 0.981213 0.000005
3 3 0.000006 0.000055 0.014402 0.985527 0.000011
3 3 0.000006 0.000067 0.013500 0.986415 0.000011
3 3 0.000002 0.000016 0.007321 0.992657 0.000004
3 3 0.000015 0.000132 0.020235 0.979593 0.000025
3 3 0.000006 0.000044 0.013411 0.986528 0.000012
3 3 0.000007 0.000046 0.008207 0.991726 0.000014
3 2 0.000150 0.000550 0.023068 0.976089 0.000143
3 2 0.004111 0.053241 0.434130 0.505960 0.002559
2 2 0.053031 0.392069 0.524394 0.023410 0.007096
2 3 0.025421 0.385809 0.568263 0.006152 0.014355
2 2 0.010295 0.127109 0.783709 0.048448 0.030439
2 2 0.016944 0.212227 0.751161 0.004488 0.015180
2 2 0.013746 0.223604 0.727616 0.008122 0.026913
2 2 0.008955 0.217977 0.752502 0.004431 0.016136
2 2 0.004188 0.106538 0.880248 0.002940 0.006086
2 2 0.004290 0.136776 0.835102 0.006211 0.017620
2 2 0.009723 0.171796 0.808023 0.002304 0.008154
2 2 0.004722 0.180727 0.770522 0.019256 0.024773
2 4 0.003954 0.141542 0.793501 0.030639 0.030365
1 4 0.035285 0.482927 0.148311 0.000003 0.333473
1 4 0.019420 0.562820 0.182797 0.000002 0.234960
1 4 0.011718 0.553449 0.160670 0.000004 0.274158
1 4 0.018278 0.485498 0.204440 0.000006 0.291778
1 2 0.021628 0.403462 0.176712 0.000008 0.398191
1 0 0.036420 0.489216 0.135158 0.000002 0.339205
1 0 0.079911 0.511434 0.144478 0.000008 0.264169
1 4 0.060985 0.487039 0.108695 0.000021 0.343260
1 4 0.048845 0.465617 0.132896 0.000003 0.352639
4 4 0.033900 0.421774 0.109280 0.000055 0.434991
4 4 0.059761 0.374523 0.077541 0.000001 0.488174
4 4 0.058229 0.411786 0.087037 0.000001 0.442947
4 4 0.054925 0.305561 0.065200 0.000006 0.574308
4 4 0.035982 0.338780 0.093428 0.000004 0.531806
4 0 0.042822 0.230851 0.068534 0.000002 0.657792
0 0 0.476674 0.362743 0.112015 0.000591 0.047977
1 1 0.225930 0.525770 0.203916 0.000696 0.043688
1 1 0.092170 0.586031 0.240184 0.000545 0.081070
2 1 0.060078 0.375529 0.503743 0.002217 0.058434
2 2 0.033565 0.349943 0.560070 0.000915 0.055508
2 2 0.032233 0.436873 0.459733 0.000259 0.070901
2 2 0.002364 0.229630 0.751585 0.000180 0.016240
2 2 0.005823 0.297409 0.665042 0.000313 0.031413
2 2 0.001799 0.192642 0.771362 0.000141 0.034056
2 2 0.002358 0.199487 0.776582 0.000232 0.021341
2 2 0.008214 0.327031 0.630513 0.000503 0.033740
2 2 0.016174 0.297165 0.662750 0.001060 0.022851
2 2 0.011175 0.430633 0.528428 0.000521 0.029243
2 2 0.004085 0.310684 0.661214 0.000218 0.023799
2 2 0.004951 0.353814 0.629878 0.000257 0.011099
2 -1 0.081274 0.296802 0.587711 0.009847 0.024365
2 1 0.051585 0.337625 0.592579 0.010132 0.008080
1 0 0.130803 0.539523 0.319255 0.001877 0.008541
0 0 0.425989 0.403398 0.147651 0.002142 0.020820
0 0 0.506226 0.300595 0.163082 0.004030 0.026067
0 0 0.749783 0.187254 0.045562 0.000630 0.016772
1 1 0.410069 0.452920 0.117597 0.000370 0.019043
1 1 0.061836 0.606568 0.313064 0.000799 0.017733
1 2 0.062638 0.536423 0.371382 0.002763 0.026794
1 0 0.124587 0.526794 0.319184 0.002931 0.026505
0 0 0.488506 0.383616 0.106538 0.000630 0.020710
0 0 0.739622 0.179690 0.054482 0.001471 0.024735
0 1 0.565417 0.348549 0.073805 0.000277 0.011953
1 1 0.274964 0.575268 0.139035 0.000216 0.010517
1 2 0.334967 0.415411 0.233045 0.001107 0.015470
2 1 0.033935 0.314963 0.644987 0.000820 0.005295
2 1 0.023373 0.255755 0.713187 0.001031 0.006654
2 2 0.021357 0.204952 0.767490 0.002155 0.004046
2 2 0.015902 0.228907 0.749291 0.001075 0.004826
2 0 0.013064 0.159061 0.823334 0.001053 0.003488
0 0 0.899269 0.057418 0.021112 0.001146 0.021054
0 0 0.903856 0.081220 0.009986 0.000050 0.004889
0 0 0.779213 0.176582 0.033704 0.000263 0.010238
0 0 0.925907 0.054958 0.009340 0.000163 0.009631
0 0 0.942778 0.037042 0.007170 0.000256 0.012754
0 0 0.839825 0.124843 0.021745 0.000145 0.013442
0 0 0.904787 0.075882 0.010896 0.000076 0.008358
1 0 0.370419 0.521014 0.084283 0.000024 0.024260
1 0 0.241153 0.623148 0.113899 0.000026 0.021774
0 0 0.459812 0.377823 0.127362 0.001120 0.033882
1 1 0.166645 0.605610 0.209061 0.000442 0.018243
2 1 0.022821 0.429558 0.536613 0.002310 0.008698
2 1 0.017203 0.330765 0.642455 0.001083 0.008493
2 2 0.015478 0.297291 0.677263 0.003183 0.006785
2 2 0.013723 0.227132 0.749268 0.002213 0.007665
2 2 0.000445 0.032134 0.966182 0.000917 0.000322
2 1 0.004392 0.144851 0.846108 0.001976 0.002672
2 2 0.010550 0.199256 0.780922 0.004232 0.005041
2 2 0.003142 0.076302 0.914898 0.004524 0.001134
2 1 0.002032 0.075893 0.918911 0.002164 0.000999
2 1 0.001827 0.051606 0.941838 0.003849 0.000880
2 1 0.001910 0.064450 0.930064 0.002744 0.000832
2 1 0.008309 0.245280 0.742577 0.002115 0.001719
2 1 0.004011 0.110518 0.880921 0.003304 0.001246
2 2 0.002509 0.076307 0.916750 0.002892 0.001543
2 2 0.001142 0.110941 0.885460 0.000326 0.002132
2 2 0.001175 0.107723 0.888830 0.000370 0.001903
2 2 0.008753 0.216800 0.762283 0.002852 0.009313
2 2 0.001366 0.063145 0.928176 0.001128 0.006186
2 2 0.001238 0.036932 0.955809 0.002976 0.003045
2 2 0.037877 0.232805 0.697332 0.017060 0.014926
2 0 0.028346 0.210305 0.736902 0.015407 0.009039
2 0 0.179648 0.183419 0.588181 0.029540 0.019212
0 0 0.614750 0.271535 0.091363 0.001541 0.020810
0 0 0.581524 0.321354 0.082522 0.000698 0.013901
0 1 0.634566 0.293506 0.061518 0.000342 0.010068
1 1 0.192382 0.620880 0.180360 0.000485 0.005893
1 1 0.188754 0.599353 0.204406 0.000467 0.007020
1 2 0.141298 0.429459 0.419095 0.002888 0.007260
1 0 0.109993 0.442304 0.439844 0.002332 0.005527
1 1 0.314209 0.474820 0.203558 0.000697 0.006716
1 0 0.095667 0.679760 0.220498 0.000415 0.003660
2 1 0.207914 0.234693 0.535113 0.010835 0.011445
1 1 0.239499 0.423678 0.329129 0.001428 0.006266
2 2 0.162342 0.257516 0.569837 0.004695 0.005610
2 2 0.146321 0.247468 0.597709 0.004034 0.004468
2 2 0.123183 0.235918 0.630497 0.005503 0.004899
2 2 0.107703 0.303964 0.580697 0.003396 0.004240
2 1 0.095437 0.283319 0.612396 0.004387 0.004461
2 2 0.117237 0.266646 0.607959 0.003929 0.004230
2 1 0.118333 0.175435 0.694809 0.007141 0.004282
2 2 0.087594 0.145488 0.755013 0.008408 0.003497
2 2 0.096931 0.187621 0.703236 0.007771 0.004441
2 0 0.314971 0.150962 0.515818 0.009499 0.008750
0 0 0.370611 0.320898 0.297638 0.002125 0.008728
0 0 0.669100 0.248831 0.062520 0.000602 0.018948
1 0 0.369488 0.514754 0.097992 0.000116 0.017651
0 0 0.858097 0.107630 0.019460 0.000168 0.014646
0 0 0.479907 0.435283 0.070302 0.000048 0.014459
1 1 0.261327 0.600578 0.119260 0.000049 0.018786
2 2 0.011038 0.283702 0.697678 0.002043 0.005540
2 2 0.004246 0.086227 0.901895 0.005421 0.002211
2 2 0.006107 0.142202 0.844954 0.003560 0.003176
2 2 0.002332 0.065889 0.924038 0.002778 0.004963
2 1 0.008228 0.210875 0.773983 0.002476 0.004437
2 1 0.004072 0.133625 0.857050 0.000945 0.004309
2 1 0.001801 0.113788 0.878743 0.000599 0.005070
2 2 0.002308 0.135224 0.853593 0.000558 0.008317
2 2 0.000619 0.028616 0.967563 0.001566 0.001635
2 1 0.002438 0.083273 0.908341 0.001979 0.003970
2 1 0.001417 0.050357 0.943726 0.002196 0.002304
2 1 0.008891 0.164128 0.812009 0.006125 0.008847
2 1 0.006351 0.111887 0.873600 0.002846 0.005316
2 1 0.006420 0.254798 0.732948 0.001037 0.004797
2 1 0.007879 0.159858 0.823916 0.004177 0.004170
2 1 0.003729 0.129932 0.862322 0.001925 0.002093
2 1 0.000679 0.038831 0.958534 0.001170 0.000786
2 2 0.001382 0.048485 0.945591 0.002263 0.002280
2 2 0.005955 0.108549 0.870862 0.009110 0.005524
2 2 0.002505 0.060803 0.930872 0.004755 0.001065
2 2 0.001340 0.051067 0.939194 0.004781 0.003618
2 2 0.003915 0.143177 0.845346 0.001435 0.006127
2 2 0.001418 0.048727 0.940381 0.004516 0.004958
2 2 0.002664 0.097296 0.893148 0.001624 0.005268
2 2 0.003983 0.093035 0.895130 0.003898 0.003953
2 2 0.003986 0.086867 0.900407 0.004830 0.003911
2 2 0.009550 0.177518 0.790481 0.014826 0.007625
2 2 0.004695 0.098230 0.865327 0.024144 0.007604
2 2 0.007649 0.140009 0.836199 0.010022 0.006121
2 2 0.003395 0.057767 0.928690 0.007908 0.002240
2 2 0.002050 0.054296 0.938289 0.003963 0.001403
2 2 0.005439 0.103407 0.882090 0.005376 0.003688
2 2 0.011944 0.258892 0.706787 0.006444 0.015932
2 2 0.013048 0.131705 0.830935 0.013599 0.010713
2 0 0.009422 0.153680 0.812189 0.015837 0.008872
2 0 0.163500 0.240997 0.560827 0.018899 0.015777
2 0 0.269779 0.335063 0.371093 0.007194 0.016871
1 4 0.291676 0.539006 0.161813 0.000510 0.006995
1 2 0.130601 0.530599 0.333126 0.001174 0.004500
2 0 0.085820 0.209835 0.690631 0.008606 0.005108
0 0 0.559585 0.184939 0.240900 0.003346 0.011230
0 0 0.719829 0.212209 0.055140 0.000513 0.012308
1 1 0.440063 0.450232 0.101301 0.000351 0.008053
1 1 0.196485 0.469644 0.327068 0.001206 0.005597
2 2 0.256150 0.363920 0.372725 0.001615 0.005591
2 2 0.066875 0.241255 0.683348 0.005031 0.003491
2 2 0.037546 0.257856 0.699256 0.003242 0.002099
2 2 0.089983 0.205267 0.697087 0.004557 0.003107
2 2 0.085430 0.231970 0.676904 0.003119 0.002578
2 2 0.052240 0.211210 0.728999 0.004890 0.002660
2 2 0.045746 0.106535 0.834029 0.011208 0.002482
2 2 0.041428 0.134588 0.813818 0.007912 0.002254
2 2 0.083969 0.224908 0.685123 0.003373 0.002627
2 2 0.064910 0.210497 0.719145 0.003302 0.002145
2 2 0.062498 0.203084 0.727785 0.004189 0.002443
2 2 0.043829 0.159539 0.786481 0.007540 0.002612
2 2 0.035672 0.168658 0.791152 0.003208 0.001310
2 2 0.023777 0.097185 0.872319 0.005674 0.001045
2 2 0.026816 0.120719 0.842750 0.007982 0.001733
2 2 0.033518 0.112334 0.845816 0.006777 0.001557
2 2 0.037428 0.146822 0.810876 0.003598 0.001276
2 2 0.017876 0.100721 0.871951 0.008166 0.001286
2 2 0.037979 0.172209 0.783541 0.004492 0.001778
2 2 0.036652 0.187932 0.769400 0.004200 0.001816
2 2 0.025864 0.105752 0.859732 0.007247 0.001406
2 2 0.050448 0.142064 0.791860 0.012057 0.003571
2 2 0.048374 0.187938 0.755108 0.005927 0.002653
2 2 0.039885 0.167841 0.783788 0.006104 0.002382
2 2 0.022178 0.089699 0.872722 0.013536 0.001865
2 2 0.023440 0.125223 0.841472 0.008136 0.001728
2 2 0.018115 0.101286 0.864626 0.013996 0.001977
2 2 0.015197 0.095230 0.880128 0.008280 0.001165
2 2 0.002595 0.020282 0.866577 0.109710 0.000835
2 2 0.006129 0.037160 0.931366 0.024463 0.000882
2 2 0.003224 0.041047 0.940463 0.014754 0.000512
2 2 0.003775 0.038020 0.940483 0.017090 0.000632
2 2 0.021949 0.175844 0.785723 0.012103 0.004381
2 2 0.013229 0.067710 0.891780 0.025277 0.002004
2 2 0.011958 0.063607 0.902682 0.019342 0.002411
2 2 0.015026 0.097933 0.874315 0.011219 0.001506
2 2 0.055216 0.155553 0.765270 0.018330 0.005631
2 2 0.073471 0.182969 0.725834 0.012273 0.005453
2 0 0.306777 0.206190 0.465841 0.009271 0.011921
0 0 0.536409 0.298978 0.143941 0.002178 0.018494
0 0 0.644869 0.176149 0.141866 0.006516 0.030601
0 0 0.976327 0.011200 0.001459 0.000032 0.010983
0 0 0.908173 0.067118 0.003582 0.000000 0.021127
0 0 0.950957 0.030394 0.001553 0.000000 0.017096
0 0 0.987251 0.006624 0.000809 0.000035 0.005281
0 0 0.991001 0.002980 0.000338 0.000020 0.005661
0 0 0.948286 0.008634 0.000688 0.000001 0.042391
0 0 0.957393 0.008888 0.000594 0.000000 0.033124
0 0 0.933408 0.016243 0.001290 0.000001 0.049059
0 0 0.919001 0.035291 0.002929 0.000001 0.042777
0 0 0.976488 0.005396 0.000643 0.000013 0.017459
0 0 0.981991 0.006466 0.001104 0.000125 0.010314
0 0 0.981071 0.011623 0.001489 0.000046 0.005771
0 0 0.948759 0.043811 0.004242 0.000019 0.003169
0 0 0.948533 0.039545 0.005432 0.000070 0.006420
0 0 0.954116 0.034757 0.004728 0.000067 0.006332
0 0 0.990529 0.004300 0.000493 0.000026 0.004652
0 0 0.990134 0.003518 0.000452 0.000039 0.005858
0 0 0.990032 0.004998 0.000532 0.000019 0.004419
0 0 0.984846 0.007519 0.000694 0.000007 0.006934
0 0 0.993060 0.002871 0.000219 0.000003 0.003846
0 0 0.905912 0.016423 0.001003 0.000000 0.076662
0 0 0.903196 0.021693 0.001361 0.000000 0.073749
0 0 0.917284 0.021200 0.001127 0.000000 0.060389
0 0 0.874846 0.025489 0.001450 0.000000 0.098215
0 0 0.934121 0.016230 0.001323 0.000001 0.048325
0 0 0.953947 0.014144 0.002156 0.000037 0.029716
0 0 0.786953 0.124071 0.014774 0.000006 0.074196
0 0 0.770778 0.141447 0.012251 0.000001 0.075523
0 0 0.818732 0.102432 0.011525 0.000005 0.067306
0 0 0.715220 0.144730 0.018521 0.000005 0.121524
0 0 0.763654 0.080397 0.009757 0.000004 0.146188
0 0 0.788939 0.101492 0.007369 0.000000 0.102199
0 0 0.668845 0.148082 0.013824 0.000001 0.169249
0 0 0.597586 0.216460 0.016454 0.000000 0.169499
0 0 0.476918 0.275988 0.026255 0.000001 0.220837
4 4 0.137737 0.040772 0.002769 0.000000 0.818722
4 4 0.157541 0.066620 0.005570 0.000000 0.770269
4 4 0.088020 0.018853 0.002247 0.000002 0.890878
4 4 0.122613 0.037226 0.005507 0.000000 0.834654
4 4 0.155650 0.037770 0.010962 0.000008 0.795610
4 4 0.201738 0.027787 0.004834 0.000001 0.765640
4 4 0.131928 0.052534 0.007292 0.000000 0.808245
4 4 0.367849 0.059709 0.009365 0.000002 0.563076
4 4 0.267634 0.032496 0.006953 0.000004 0.692914
4 0 0.145918 0.058312 0.005807 0.000000 0.789963
4 0 0.317042 0.104165 0.008069 0.000000 0.570725
4 4 0.330454 0.029728 0.002898 0.000000 0.636920
4 4 0.444832 0.035274 0.004407 0.000001 0.515487
0 4 0.594344 0.038380 0.003678 0.000000 0.363598
0 4 0.710315 0.026152 0.004534 0.000012 0.258987
4 4 0.219440 0.034445 0.008222 0.000005 0.737888
4 4 0.152704 0.023175 0.004462 0.000001 0.819659
4 4 0.129850 0.048700 0.004366 0.000000 0.817084
4 4 0.137877 0.028160 0.006640 0.000002 0.827320
4 0 0.064653 0.020465 0.004151 0.000000 0.910730
0 4 0.448551 0.223748 0.059939 0.000075 0.267686
4 0 0.224956 0.140991 0.029821 0.000859 0.603374
0 4 0.438015 0.150602 0.017887 0.000001 0.393496
4 0 0.117387 0.267082 0.032031 0.000038 0.583461
4 0 0.366033 0.165004 0.020759 0.000001 0.448204
0 0 0.929493 0.037953 0.011102 0.000789 0.020663
0 0 0.869340 0.107926 0.015879 0.000099 0.006756
0 0 0.841220 0.122112 0.024824 0.000302 0.011542
0 0 0.776758 0.164729 0.047045 0.000461 0.011007
0 0 0.834045 0.127188 0.025919 0.000340 0.012509
0 0 0.615409 0.276819 0.093340 0.000886 0.013546
0 0 0.660435 0.243693 0.083813 0.000685 0.011374
0 0 0.759259 0.185354 0.044602 0.000361 0.010424
0 1 0.696171 0.238802 0.054066 0.000371 0.010590
0 1 0.609523 0.298221 0.081990 0.000298 0.009969
1 1 0.160144 0.569682 0.174427 0.000072 0.095675
1 1 0.233339 0.561116 0.125336 0.000028 0.080180
1 1 0.163792 0.533440 0.164977 0.000061 0.137730
1 1 0.166855 0.503032 0.188123 0.000163 0.141827
1 2 0.183915 0.518836 0.181237 0.000153 0.115859
1 2 0.050101 0.456711 0.445293 0.000185 0.047710
1 2 0.069883 0.469627 0.410130 0.000327 0.050033
2 2 0.033423 0.443567 0.471634 0.000188 0.051188
1 2 0.053600 0.599860 0.311783 0.000069 0.034688
1 2 0.063124 0.515698 0.367426 0.000166 0.053586
2 2 0.025618 0.286543 0.676295 0.000472 0.011072
1 2 0.032923 0.493685 0.467446 0.000185 0.005761
2 2 0.027437 0.266986 0.695396 0.000908 0.009273
2 2 0.036938 0.292474 0.658129 0.000665 0.011794
2 2 0.052187 0.250337 0.680226 0.002922 0.014328
0 0 0.685575 0.230603 0.069261 0.000549 0.014012
0 0 0.932567 0.050504 0.008122 0.000131 0.008676
0 0 0.938705 0.043260 0.007551 0.000176 0.010307
0 0 0.956433 0.029848 0.004778 0.000122 0.008819
0 1 0.947894 0.039262 0.005667 0.000085 0.007092
1 1 0.156405 0.498665 0.042210 0.000000 0.302720
4 1 0.119565 0.403955 0.070870 0.000001 0.405609
1 1 0.226551 0.462325 0.075369 0.000002 0.235753
1 1 0.130091 0.446059 0.085217 0.000002 0.338632
4 1 0.055790 0.380591 0.085431 0.000001 0.478187
1 1 0.019536 0.600044 0.339802 0.000128 0.040490
1 4 0.006521 0.532195 0.423346 0.000060 0.037878
2 4 0.015162 0.352214 0.562555 0.000472 0.069597
1 2 0.019921 0.475549 0.437159 0.000145 0.067226
2 4 0.008585 0.209743 0.728348 0.000532 0.052792
1 0 0.069873 0.557392 0.328080 0.001020 0.043635
1 1 0.416086 0.421299 0.121991 0.000397 0.040227
1 1 0.072029 0.668541 0.230298 0.000091 0.029041
1 1 0.049396 0.525314 0.370504 0.001325 0.053461
1 2 0.077741 0.461411 0.389479 0.001074 0.070295
2 2 0.000498 0.098150 0.895369 0.000080 0.005902
2 2 0.001071 0.135038 0.849079 0.000140 0.014673
2 2 0.000720 0.060846 0.929518 0.000368 0.008547
2 2 0.000359 0.078559 0.910439 0.000063 0.010579
2 2 0.000675 0.067767 0.918318 0.000248 0.012992
2 2 0.001351 0.137769 0.834948 0.000181 0.025751
2 2 0.002255 0.198518 0.761313 0.000735 0.037178
2 2 0.000531 0.094397 0.874823 0.000399 0.029850
2 2 0.000578 0.116561 0.867218 0.000062 0.015582
2 2 0.000739 0.078917 0.904605 0.000265 0.015474
2 2 0.001608 0.111891 0.862993 0.000362 0.023145
2 2 0.000460 0.079902 0.902655 0.000087 0.016896
2 2 0.003661 0.126797 0.835189 0.000736 0.033617
2 2 0.000428 0.082442 0.898718 0.000071 0.018342
2 2 0.002384 0.171021 0.779019 0.002947 0.044629
2 2 0.000493 0.048907 0.943344 0.000585 0.006670
2 2 0.002491 0.126819 0.858637 0.000742 0.011310
2 2 0.000620 0.083225 0.908340 0.000270 0.007545
2 2 0.000509 0.043608 0.950846 0.000971 0.004066
2 2 0.000766 0.072958 0.918849 0.000298 0.007129
2 2 0.003832 0.093180 0.892653 0.005829 0.004506
2 2 0.000430 0.018301 0.978453 0.002305 0.000510
2 2 0.005737 0.104959 0.879528 0.005617 0.004160
2 2 0.004578 0.093924 0.886089 0.010987 0.004422
2 2 0.016812 0.104466 0.845534 0.023733 0.009455
2 2 0.005907 0.292087 0.690494 0.000564 0.010948
2 2 0.000887 0.083589 0.901826 0.000243 0.013455
2 2 0.000684 0.070479 0.916509 0.000432 0.011896
2 2 0.001135 0.050282 0.932236 0.001499 0.014848
2 2 0.001926 0.131878 0.831023 0.001044 0.034129
2 2 0.006599 0.091248 0.890123 0.002866 0.009164
2 2 0.007538 0.157097 0.767277 0.035196 0.032893
2 2 0.001423 0.045445 0.944541 0.002270 0.006320
2 2 0.001102 0.062142 0.932932 0.000904 0.002919
2 2 0.006626 0.124229 0.845671 0.008843 0.014632
2 2 0.003089 0.093092 0.882986 0.004045 0.016789
2 2 0.001715 0.072160 0.910969 0.002877 0.012279
2 2 0.003680 0.091879 0.868552 0.014191 0.021698
2 2 0.002400 0.059440 0.907542 0.009479 0.021140
2 2 0.002383 0.091976 0.893091 0.001500 0.011050
2 2 0.001682 0.043470 0.925800 0.025496 0.003551
2 2 0.002673 0.041388 0.943877 0.010906 0.001156
2 2 0.001939 0.021087 0.946150 0.029478 0.001346
2 2 0.002974 0.064164 0.905517 0.023159 0.004186
2 2 0.004160 0.084442 0.862506 0.043955 0.004936
2 2 0.002497 0.038634 0.901025 0.053555 0.004289
2 2 0.006392 0.064091 0.874048 0.052002 0.003467
2 2 0.001069 0.029635 0.958503 0.009631 0.001163
2 2 0.000562 0.015738 0.978132 0.005227 0.000341
2 2 0.006344 0.062661 0.821231 0.099681 0.010084
2 2 0.008867 0.127737 0.806304 0.043978 0.013114
2 2 0.004134 0.051591 0.870591 0.069004 0.004680
2 2 0.003992 0.056121 0.859137 0.073690 0.007060
2 2 0.010314 0.137733 0.736191 0.092921 0.022841
2 1 0.005456 0.041650 0.852000 0.095987 0.004906
2 1 0.195009 0.250995 0.524848 0.014296 0.014852
2 0 0.152292 0.344568 0.479468 0.011070 0.012602
0 0 0.757236 0.138767 0.076897 0.002783 0.024317
0 0 0.839305 0.109569 0.028954 0.000898 0.021273
0 0 0.641830 0.269738 0.071327 0.000825 0.016280
0 0 0.973868 0.008854 0.001677 0.000170 0.015430
0 0 0.924104 0.045109 0.003874 0.000002 0.026911
0 1 0.858698 0.091691 0.007071 0.000001 0.042539
0 0 0.579394 0.360703 0.026699 0.000003 0.033201
0 0 0.646368 0.289352 0.023070 0.000001 0.041209
0 0 0.960104 0.025516 0.004320 0.000147 0.009913
0 0 0.990995 0.005357 0.000504 0.000013 0.003130
0 0 0.986673 0.006227 0.000826 0.000048 0.006226
0 0 0.985870 0.009048 0.000974 0.000023 0.004085
0 0 0.928295 0.061712 0.005221 0.000007 0.004765
0 1 0.627247 0.295498 0.064295 0.000350 0.012609
1 2 0.267031 0.546254 0.172434 0.000331 0.013950
1 2 0.166642 0.496600 0.320963 0.000671 0.015124
1 2 0.142255 0.528462 0.307704 0.000644 0.020936
1 2 0.189375 0.441455 0.348822 0.000943 0.019405
2 2 0.067577 0.444624 0.477508 0.000655 0.009636
2 2 0.040089 0.294708 0.651211 0.001010 0.012981
2 2 0.040557 0.273331 0.673171 0.001326 0.011615
2 2 0.051140 0.292445 0.645049 0.000803 0.010564
2 2 0.027832 0.256682 0.704631 0.001002 0.009852
2 2 0.045485 0.362349 0.583438 0.000730 0.007998
2 2 0.053999 0.463485 0.475380 0.000446 0.006690
2 2 0.040369 0.287807 0.664908 0.001261 0.005656
2 2 0.037950 0.256280 0.696430 0.001285 0.008056
2 2 0.063341 0.334558 0.592296 0.001066 0.008739
1 1 0.309463 0.436434 0.230179 0.000487 0.023437
1 1 0.372215 0.470179 0.133656 0.000445 0.023504
1 1 0.146414 0.580682 0.250368 0.001019 0.021517
1 1 0.087589 0.597406 0.289384 0.000776 0.024845
2 1 0.052962 0.303309 0.615817 0.003438 0.024473
2 1 0.014481 0.328072 0.566670 0.000164 0.090613
1 1 0.016772 0.607237 0.318697 0.000054 0.057239
1 1 0.033551 0.476143 0.390193 0.000111 0.100003
1 1 0.032801 0.603107 0.289132 0.000079 0.074882
2 1 0.009606 0.353094 0.538841 0.000107 0.098353
2 1 0.000334 0.082709 0.896159 0.000044 0.020753
2 2 0.001037 0.176095 0.792155 0.000066 0.030647
2 2 0.000489 0.149081 0.809553 0.000023 0.040854
2 2 0.002391 0.235633 0.727206 0.000149 0.034621
2 2 0.002283 0.277151 0.675922 0.000044 0.044600
2 1 0.000956 0.081819 0.898009 0.000296 0.018920
2 1 0.004638 0.266927 0.704668 0.000138 0.023628
2 2 0.002494 0.238865 0.746373 0.000154 0.012113
2 2 0.003509 0.188373 0.789449 0.000536 0.018133
2 2 0.003039 0.206723 0.767847 0.000223 0.022168
2 2 0.001290 0.111476 0.879324 0.000322 0.007587
2 2 0.003061 0.139236 0.837907 0.000658 0.019139
2 2 0.001718 0.072535 0.912717 0.000818 0.012211
2 2 0.002665 0.172965 0.806296 0.000405 0.017669
2 2 0.001271 0.147837 0.842820 0.000175 0.007897
2 2 0.002221 0.124191 0.855886 0.000398 0.017304
2 2 0.001509 0.163811 0.817061 0.000166 0.017452
2 2 0.001192 0.085485 0.897727 0.000593 0.015003
2 2 0.002372 0.159813 0.822885 0.000401 0.014530
2 2 0.000673 0.071826 0.915657 0.000225 0.011619
2 2 0.003564 0.140487 0.831947 0.001033 0.022969
2 2 0.004056 0.131017 0.844630 0.002179 0.018118
2 2 0.001197 0.105974 0.873538 0.000264 0.019028
2 2 0.006572 0.194246 0.777045 0.000610 0.021527
2 2 0.003661 0.225945 0.744723 0.000712 0.024958
2 2 0.007499 0.269404 0.670005 0.000339 0.052754
2 1 0.004087 0.239508 0.721640 0.000328 0.034437
2 2 0.013600 0.327881 0.611479 0.000295 0.046746
2 2 0.001400 0.144302 0.824687 0.000171 0.029440
2 2 0.002966 0.160031 0.814975 0.000236 0.021791
2 2 0.001773 0.084432 0.899392 0.000637 0.013766
2 2 0.003414 0.181774 0.785277 0.000981 0.028554
2 2 0.014645 0.249719 0.691682 0.002183 0.041771
2 2 0.002724 0.121660 0.839313 0.002150 0.034151
2 2 0.007615 0.194429 0.760174 0.004093 0.033689
2 2 0.000759 0.077364 0.909853 0.000658 0.011366
2 2 0.000163 0.022398 0.970807 0.000495 0.006137
2 2 0.002945 0.132817 0.845070 0.000473 0.018695
2 2 0.000875 0.060011 0.926876 0.000617 0.011621
2 2 0.000811 0.078021 0.908712 0.000264 0.012192
2 2 0.001573 0.103883 0.877066 0.000456 0.017023
2 2 0.005687 0.207720 0.754568 0.000695 0.031330
2 2 0.001499 0.106203 0.876120 0.000406 0.015772
2 2 0.002868 0.124266 0.854984 0.000519 0.017364
2 2 0.001001 0.079836 0.895896 0.000325 0.022942
2 1 0.005617 0.105786 0.859123 0.007200 0.022274
2 2 0.033885 0.248435 0.690149 0.004415 0.023116
2 2 0.025944 0.247153 0.693979 0.002295 0.030629
2 1 0.002750 0.104239 0.879405 0.001291 0.012316
2 2 0.013152 0.245419 0.724573 0.001619 0.015238
2 2 0.001412 0.135621 0.843680 0.000081 0.019207
2 2 0.000153 0.075426 0.900810 0.000013 0.023598
2 2 0.002767 0.282667 0.674005 0.000104 0.040457
2 2 0.000824 0.143176 0.825484 0.000067 0.030448
2 0 0.000729 0.117009 0.867709 0.000095 0.014458
0 0 0.918264 0.063071 0.010087 0.000131 0.008447
0 0 0.958730 0.033931 0.003556 0.000025 0.003758
0 0 0.971651 0.017665 0.002662 0.000090 0.007932
0 0 0.970242 0.019035 0.002845 0.000088 0.007789
0 1 0.922297 0.067602 0.006079 0.000011 0.004011
1 4 0.148754 0.460929 0.073381 0.000001 0.316936
1 4 0.198528 0.386514 0.059297 0.000001 0.355660
4 4 0.163740 0.382526 0.068441 0.000070 0.385224
4 4 0.202001 0.217988 0.064350 0.000030 0.515630
0 4 0.428483 0.116627 0.037238 0.000116 0.417535
4 0 0.156610 0.183115 0.023461 0.000000 0.636814
4 4 0.161925 0.098146 0.010383 0.000000 0.729546
4 4 0.080766 0.084858 0.020929 0.000008 0.813438
4 4 0.096449 0.114176 0.016465 0.000000 0.772910
4 4 0.081900 0.037413 0.007144 0.000000 0.873543
4 4 0.057610 0.028902 0.002315 0.000000 0.911173
4 4 0.445598 0.022941 0.003283 0.000001 0.528177
4 4 0.349518 0.038469 0.008920 0.000011 0.603082
4 4 0.421886 0.049016 0.013650 0.000043 0.515406
4 4 0.375820 0.036301 0.007895 0.000009 0.579976
4 4 0.445371 0.039794 0.009169 0.000017 0.505649
4 4 0.206256 0.032038 0.002581 0.000000 0.759125
4 4 0.166506 0.060215 0.003517 0.000000 0.769762
4 4 0.347446 0.070845 0.007261 0.000000 0.574448
4 4 0.319017 0.073914 0.005251 0.000000 0.601818
4 4 0.215732 0.077757 0.013338 0.000001 0.693172
4 4 0.183722 0.122302 0.019658 0.000001 0.674317
4 4 0.143496 0.117373 0.030553 0.000005 0.708573
4 4 0.132298 0.081029 0.020088 0.000110 0.766475
4 4 0.098541 0.091608 0.014805 0.000017 0.795029
4 4 0.035287 0.024182 0.005508 0.000011 0.935012
4 4 0.147862 0.037973 0.011278 0.000009 0.802878
4 4 0.125715 0.027199 0.004470 0.000000 0.842615
4 4 0.072296 0.019797 0.004445 0.000001 0.903461
4 4 0.072884 0.097222 0.010450 0.000000 0.819444
4 4 0.149383 0.071964 0.015627 0.000003 0.763022
4 4 0.108467 0.036320 0.010045 0.000004 0.845164
4 4 0.198921 0.044852 0.013885 0.000018 0.742324
4 4 0.225518 0.136722 0.020176 0.000001 0.617584
4 4 0.153748 0.059254 0.018875 0.000014 0.768108
4 4 0.315675 0.136300 0.013585 0.000000 0.534440
4 4 0.392339 0.118430 0.012498 0.000000 0.476733
0 4 0.390475 0.222129 0.021420 0.000000 0.365976
4 4 0.210501 0.096598 0.011279 0.000000 0.681622
4 4 0.427897 0.119689 0.016729 0.000002 0.435683
4 4 0.328466 0.032112 0.006455 0.000004 0.632962
4 4 0.240400 0.057425 0.004618 0.000000 0.697557
4 4 0.249001 0.068208 0.014280 0.000004 0.668508
0 4 0.484217 0.082839 0.011266 0.000002 0.421676
4 4 0.129960 0.088399 0.004918 0.000000 0.776723
4 4 0.089535 0.043072 0.013067 0.000029 0.854297
4 4 0.163157 0.191629 0.027329 0.000000 0.617884
4 4 0.116041 0.074021 0.030332 0.000780 0.778826
4 0 0.222326 0.056736 0.018603 0.000083 0.702251
0 4 0.363486 0.255907 0.033288 0.000001 0.347318
4 4 0.038197 0.136435 0.015416 0.000000 0.809952
4 4 0.024039 0.124253 0.022650 0.000000 0.829058
4 4 0.057542 0.034693 0.013778 0.000008 0.893978
4 4 0.064187 0.054160 0.011769 0.000001 0.869884
4 4 0.043162 0.037678 0.011522 0.000001 0.907636
4 4 0.149862 0.030637 0.006607 0.000005 0.812888
4 4 0.088158 0.031986 0.005793 0.000001 0.874062
4 4 0.162636 0.043637 0.009359 0.000002 0.784367
4 4 0.125066 0.032366 0.008067 0.000003 0.834498
4 4 0.093397 0.091212 0.009866 0.000000 0.805525
4 4 0.028455 0.086377 0.014334 0.000000 0.870834
4 4 0.044013 0.069635 0.011369 0.000000 0.874982
4 4 0.054296 0.023900 0.007071 0.000002 0.914732
4 4 0.040412 0.019671 0.004668 0.000000 0.935248
4 4 0.040823 0.030548 0.007628 0.000000 0.921000
4 4 0.142181 0.027528 0.006295 0.000002 0.823994
4 4 0.159412 0.029798 0.006996 0.000003 0.803791
4 4 0.152101 0.039883 0.006705 0.000000 0.801311
4 4 0.174770 0.041523 0.005236 0.000000 0.778470
4 4 0.094011 0.064228 0.004173 0.000000 0.837588
4 4 0.103937 0.066242 0.003199 0.000000 0.826623
4 4 0.146816 0.049451 0.002623 0.000000 0.801110
4 4 0.060621 0.070512 0.003069 0.000000 0.865798
4 4 0.056391 0.074866 0.004364 0.000000 0.864378
4 4 0.081658 0.047030 0.002546 0.000000 0.868767
4 4 0.214048 0.080616 0.003673 0.000000 0.701663
4 4 0.195529 0.112785 0.006138 0.000000 0.685548
4 4 0.144011 0.133821 0.010684 0.000000 0.711484
4 4 0.159192 0.050193 0.002710 0.000000 0.787905
4 4 0.120296 0.089297 0.007858 0.000000 0.782550
4 4 0.067295 0.217107 0.037133 0.000000 0.678464
