0 0 0.537063 0.305787 0.070109 0.000405 0.086637
0 0 0.451041 0.226256 0.065338 0.001072 0.256293
0 0 0.777961 0.143161 0.034043 0.000459 0.044376
1 0 0.287179 0.462599 0.128147 0.000891 0.121185
1 0 0.132438 0.472360 0.199933 0.005317 0.189951
1 1 0.016053 0.625045 0.177802 0.000197 0.180904
1 1 0.047156 0.705717 0.150406 0.000087 0.096634
1 1 0.019434 0.663791 0.186471 0.000214 0.130090
1 1 0.015843 0.609171 0.194528 0.000358 0.180099
1 1 0.033055 0.472416 0.222169 0.000687 0.271673
1 1 0.076319 0.435717 0.237874 0.014205 0.235885
1 1 0.105979 0.509799 0.225640 0.006110 0.152473
1 1 0.085810 0.543298 0.217253 0.003207 0.150433
1 1 0.122328 0.612296 0.184080 0.000927 0.080369
1 2 0.237893 0.517912 0.140854 0.000757 0.102585
1 2 0.350707 0.436994 0.167903 0.003745 0.040651
1 2 0.269157 0.494477 0.195799 0.004537 0.036030
0 2 0.548682 0.313953 0.113068 0.001858 0.022440
0 2 0.564237 0.275056 0.121175 0.002377 0.037155
1 2 0.241205 0.467358 0.238061 0.005815 0.047560
1 2 0.067817 0.595873 0.237936 0.002895 0.095480
1 2 0.172259 0.579532 0.157274 0.000645 0.090290
1 4 0.275323 0.474887 0.111222 0.000333 0.138235
1 4 0.088985 0.640825 0.187220 0.000667 0.082303
1 4 0.116557 0.622063 0.160413 0.000397 0.100570
1 4 0.044374 0.599364 0.278837 0.002624 0.074801
1 4 0.054570 0.597789 0.267947 0.002488 0.077206
1 1 0.045981 0.601143 0.265194 0.003911 0.083771
1 1 0.088117 0.627522 0.226365 0.002045 0.055952
1 1 0.182517 0.502009 0.231942 0.005246 0.078285
1 1 0.145499 0.587518 0.200885 0.001610 0.064488
1 1 0.140269 0.598102 0.199125 0.001507 0.060998
1 1 0.172136 0.542720 0.186904 0.002236 0.096004
1 1 0.418659 0.435468 0.111123 0.000728 0.034022
1 1 0.159729 0.571877 0.194633 0.002064 0.071698
1 1 0.206860 0.456017 0.136610 0.001087 0.199426
1 1 0.287098 0.474017 0.106739 0.000297 0.131849
0 4 0.459564 0.296569 0.076785 0.000684 0.166399
1 4 0.071957 0.495302 0.206898 0.003466 0.222377
1 4 0.058388 0.449847 0.214063 0.005847 0.271854
1 4 0.043814 0.705546 0.207700 0.000476 0.042464
1 4 0.103485 0.612347 0.210763 0.000144 0.073262
1 4 0.019017 0.637113 0.285604 0.002568 0.055698
1 4 0.030536 0.660244 0.262723 0.001853 0.044643
1 4 0.017331 0.671167 0.246467 0.000852 0.064183
2 4 0.001374 0.468507 0.521888 0.000354 0.007877
2 4 0.001417 0.428038 0.553283 0.000180 0.017082
1 4 0.002617 0.580405 0.388706 0.000317 0.027954
1 2 0.006720 0.535961 0.433450 0.000321 0.023548
2 2 0.002095 0.489475 0.490376 0.000176 0.017878
2 2 0.001027 0.395781 0.595925 0.000360 0.006907
2 2 0.000178 0.221410 0.773924 0.000229 0.004259
2 2 0.000290 0.215798 0.771173 0.000375 0.012365
2 2 0.001180 0.428391 0.568036 0.000458 0.001934
2 2 0.000735 0.271076 0.719672 0.000679 0.007837
2 2 0.000008 0.012280 0.987405 0.000237 0.000070
2 2 0.000006 0.018229 0.981304 0.000385 0.000076
2 2 0.000003 0.011884 0.987351 0.000704 0.000057
2 2 0.000004 0.008800 0.990635 0.000515 0.000046
2 2 0.000001 0.001819 0.997707 0.000470 0.000004
2 2 0.000012 0.000614 0.984072 0.015302 0.000001
2 2 0.000012 0.001504 0.986691 0.011789 0.000005
2 2 0.000001 0.000397 0.972894 0.026706 0.000002
2 2 0.000112 0.010090 0.978352 0.011379 0.000067
2 2 0.000004 0.002500 0.927565 0.069856 0.000076
2 2 0.000054 0.001840 0.890727 0.107348 0.000031
2 2 0.000660 0.006488 0.927075 0.065751 0.000026
2 2 0.000019 0.000936 0.780124 0.218911 0.000011
2 2 0.000241 0.005369 0.881325 0.112975 0.000090
2 2 0.000764 0.027597 0.885472 0.085517 0.000650
2 2 0.000094 0.008050 0.701059 0.290307 0.000490
2 2 0.000113 0.001482 0.771346 0.227018 0.000041
2 3 0.000414 0.004696 0.878671 0.116147 0.000072
2 3 0.000104 0.002629 0.656851 0.340242 0.000175
2 3 0.000105 0.003926 0.739969 0.255879 0.000121
3 3 0.000011 0.000598 0.388234 0.611104 0.000053
3 3 0.000026 0.000592 0.196744 0.802391 0.000247
3 3 0.000035 0.000530 0.399116 0.600259 0.000061
3 3 0.000081 0.000620 0.388023 0.611217 0.000059
3 3 0.000049 0.000708 0.246306 0.752789 0.000149
3 3 0.000152 0.000793 0.205039 0.793850 0.000165
3 3 0.000027 0.000355 0.206391 0.793135 0.000092
3 3 0.000029 0.000484 0.191109 0.808249 0.000129
3 3 0.000007 0.000107 0.186129 0.813740 0.000017
3 3 0.000035 0.000648 0.166638 0.832401 0.000278
3 3 0.000166 0.000765 0.162325 0.836601 0.000144
3 3 0.000012 0.000201 0.145661 0.854081 0.000045
3 3 0.000032 0.000435 0.174979 0.824429 0.000126
3 3 0.000010 0.000185 0.127179 0.872583 0.000043
3 3 0.000032 0.000471 0.138682 0.860668 0.000147
3 3 0.000023 0.000266 0.097739 0.901918 0.000054
3 3 0.000009 0.000109 0.098376 0.901490 0.000016
3 3 0.000015 0.000237 0.103550 0.896141 0.000056
3 3 0.000029 0.000273 0.109675 0.889973 0.000049
3 3 0.000010 0.000162 0.123215 0.876581 0.000033
3 3 0.000036 0.000357 0.116622 0.882910 0.000075
3 3 0.000012 0.000201 0.132844 0.866898 0.000044
3 3 0.000014 0.000230 0.114766 0.884936 0.000054
3 3 0.000036 0.000454 0.105021 0.894362 0.000127
3 3 0.000102 0.000522 0.119589 0.879700 0.000087
2 3 0.001612 0.009430 0.586068 0.402424 0.000466
3 3 0.000038 0.001936 0.426815 0.570913 0.000297
2 3 0.011172 0.107036 0.802668 0.077645 0.001478
3 3 0.000073 0.004109 0.486130 0.509297 0.000390
2 3 0.000931 0.006374 0.656526 0.335942 0.000226
2 3 0.003045 0.024065 0.874416 0.097961 0.000513
2 3 0.000893 0.041735 0.825232 0.129853 0.002286
2 3 0.000171 0.007448 0.863492 0.128704 0.000185
2 3 0.000629 0.011827 0.914738 0.072716 0.000090
2 3 0.000679 0.013390 0.836444 0.149075 0.000412
2 3 0.000800 0.009302 0.795436 0.194195 0.000266
2 3 0.000187 0.003467 0.808171 0.188113 0.000062
2 3 0.000429 0.016737 0.778875 0.203330 0.000629
2 3 0.000485 0.014032 0.809644 0.175476 0.000363
2 3 0.000113 0.001885 0.846588 0.151398 0.000017
3 3 0.000426 0.005623 0.459669 0.533777 0.000506
2 3 0.001575 0.014992 0.686211 0.296826 0.000396
2 3 0.002650 0.018371 0.667030 0.311541 0.000407
2 3 0.000417 0.003650 0.687662 0.308187 0.000084
3 3 0.000130 0.002209 0.482855 0.514677 0.000130
2 3 0.000136 0.002123 0.501929 0.495682 0.000129
2 3 0.006414 0.017910 0.657261 0.317888 0.000527
2 3 0.000875 0.010337 0.509363 0.478785 0.000639
2 3 0.002835 0.023060 0.622388 0.351181 0.000536
2 3 0.005532 0.065673 0.715173 0.212612 0.001010
2 3 0.000993 0.010497 0.896399 0.091985 0.000126
2 3 0.000949 0.019170 0.788424 0.191031 0.000427
2 3 0.000272 0.008967 0.692568 0.297832 0.000361
2 3 0.000264 0.005618 0.799348 0.194632 0.000138
2 3 0.000500 0.016085 0.731993 0.250897 0.000526
2 3 0.001638 0.027259 0.831579 0.138830 0.000694
2 3 0.000713 0.007716 0.825729 0.165742 0.000100
2 3 0.013638 0.092991 0.708691 0.182774 0.001906
2 3 0.008626 0.102744 0.827366 0.059754 0.001510
2 3 0.008070 0.176390 0.770535 0.042258 0.002747
2 3 0.004311 0.265231 0.710239 0.011306 0.008913
2 3 0.001704 0.093173 0.841669 0.057748 0.005706
2 3 0.000603 0.026606 0.923018 0.047878 0.001894
2 3 0.001320 0.047713 0.897167 0.049950 0.003850
2 3 0.000433 0.026234 0.918792 0.052406 0.002135
2 3 0.000090 0.009556 0.960807 0.029345 0.000203
2 3 0.000021 0.006646 0.919928 0.073185 0.000219
2 3 0.000046 0.005339 0.936567 0.058014 0.000035
2 3 0.000077 0.014865 0.958819 0.026022 0.000216
2 3 0.000177 0.009650 0.941156 0.048884 0.000134
2 3 0.000107 0.004334 0.819515 0.175952 0.000092
2 3 0.000196 0.015978 0.787055 0.195918 0.000853
2 3 0.002466 0.040845 0.839999 0.115925 0.000765
2 3 0.000385 0.015443 0.868599 0.115358 0.000215
2 3 0.000823 0.010443 0.868792 0.119798 0.000145
2 3 0.007409 0.147129 0.796985 0.039423 0.009054
2 3 0.007128 0.047076 0.862447 0.080288 0.003062
2 3 0.023018 0.181399 0.755701 0.027045 0.012838
2 3 0.038971 0.470634 0.478431 0.005338 0.006627
1 3 0.035519 0.523469 0.427359 0.003963 0.009690
1 3 0.035938 0.537481 0.417515 0.001649 0.007417
2 2 0.007970 0.376369 0.593211 0.009214 0.013236
2 2 0.009252 0.402668 0.571624 0.006012 0.010445
2 2 0.002931 0.188986 0.780463 0.018434 0.009186
2 2 0.002670 0.079943 0.902389 0.012122 0.002877
2 2 0.000212 0.065352 0.926436 0.007167 0.000833
2 2 0.000012 0.007537 0.981941 0.010469 0.000041
2 2 0.000240 0.079433 0.917853 0.001897 0.000577
2 2 0.000049 0.013207 0.984910 0.001780 0.000054
2 2 0.000135 0.015133 0.976279 0.008321 0.000133
0 0 0.923838 0.054138 0.012615 0.000318 0.009092
0 0 0.490242 0.407670 0.093305 0.000452 0.008331
0 0 0.789833 0.157591 0.039132 0.000625 0.012818
0 0 0.946647 0.039931 0.008049 0.000133 0.005240
0 0 0.965687 0.023973 0.004976 0.000128 0.005237
0 0 0.977999 0.014437 0.002959 0.000098 0.004507
0 0 0.983385 0.009112 0.002022 0.000124 0.005358
0 0 0.974356 0.018571 0.003486 0.000068 0.003518
0 0 0.947257 0.039614 0.007710 0.000110 0.005309
0 0 0.673069 0.255901 0.057046 0.000389 0.013595
1 0 0.320785 0.427046 0.230724 0.002010 0.019435
1 0 0.189280 0.586255 0.205750 0.002255 0.016459
1 1 0.338467 0.472850 0.169089 0.001775 0.017818
1 1 0.212330 0.591986 0.181225 0.001476 0.012983
0 0 0.671600 0.258335 0.065308 0.000425 0.004333
1 0 0.166991 0.514623 0.288816 0.000414 0.029156
1 0 0.102994 0.726563 0.152420 0.000136 0.017886
1 0 0.020244 0.679921 0.283888 0.001940 0.014007
1 0 0.028475 0.684751 0.270326 0.000811 0.015637
1 0 0.018840 0.653335 0.301440 0.003074 0.023311
1 0 0.333685 0.439502 0.098543 0.000309 0.127961
1 0 0.278220 0.364219 0.101099 0.000786 0.255677
1 1 0.044806 0.497435 0.234959 0.005009 0.217791
1 1 0.041519 0.550343 0.269498 0.006116 0.132523
1 1 0.042443 0.535382 0.261271 0.005995 0.154909
1 1 0.007153 0.586569 0.390016 0.001552 0.014711
1 1 0.012040 0.634406 0.309851 0.001567 0.042135
1 2 0.009101 0.630329 0.340517 0.001977 0.018077
1 2 0.006335 0.514259 0.451988 0.002206 0.025211
2 2 0.005496 0.473401 0.478153 0.001727 0.041223
2 2 0.000331 0.124289 0.867508 0.001408 0.006465
2 2 0.001422 0.273940 0.712212 0.001294 0.011133
2 2 0.002441 0.355985 0.633767 0.002578 0.005228
2 2 0.001889 0.307736 0.677169 0.001840 0.011367
2 2 0.000250 0.093543 0.894612 0.003379 0.008216
2 2 0.000635 0.138998 0.852122 0.003009 0.005236
2 2 0.000157 0.066587 0.928226 0.002015 0.003015
2 2 0.000658 0.161945 0.830699 0.001671 0.005027
2 2 0.000735 0.115028 0.875028 0.003631 0.005578
2 2 0.000451 0.054674 0.939862 0.003350 0.001664
2 2 0.000082 0.061737 0.937480 0.000087 0.000614
2 2 0.000003 0.013130 0.986484 0.000209 0.000174
2 2 0.000049 0.052649 0.945673 0.000597 0.001031
2 2 0.000017 0.033741 0.965017 0.000558 0.000665
2 2 0.000025 0.034804 0.963733 0.000796 0.000642
2 2 0.000947 0.115996 0.865044 0.010615 0.007398
2 2 0.001960 0.089864 0.895578 0.009805 0.002792
2 2 0.002271 0.120833 0.871803 0.001911 0.003183
2 2 0.003315 0.178463 0.813251 0.002060 0.002911
2 2 0.002276 0.221115 0.764166 0.006802 0.005642
2 2 0.001601 0.243133 0.747325 0.004437 0.003503
2 2 0.001682 0.114666 0.870640 0.010384 0.002628
2 2 0.000143 0.025315 0.965242 0.008582 0.000718
2 2 0.002355 0.143085 0.844138 0.005574 0.004848
2 2 0.003646 0.076899 0.913173 0.005261 0.001021
2 2 0.000361 0.067073 0.924630 0.007056 0.000880
2 2 0.000119 0.050444 0.945537 0.002930 0.000971
2 2 0.000102 0.031835 0.961432 0.006311 0.000321
2 2 0.000282 0.078800 0.914520 0.004878 0.001520
2 2 0.000019 0.012938 0.980772 0.005606 0.000666
2 2 0.000661 0.018610 0.938824 0.041553 0.000352
2 2 0.000070 0.005924 0.955424 0.038535 0.000047
2 2 0.000050 0.015228 0.937144 0.047326 0.000253
2 2 0.001166 0.025007 0.939774 0.033757 0.000295
2 2 0.001589 0.044081 0.938256 0.015371 0.000702
2 2 0.016642 0.409576 0.569797 0.001172 0.002813
2 2 0.005317 0.153109 0.823982 0.012979 0.004613
2 2 0.001119 0.082549 0.865424 0.043095 0.007813
2 2 0.001773 0.081068 0.890545 0.022127 0.004487
2 2 0.002400 0.074650 0.896672 0.023889 0.002388
2 2 0.000451 0.037458 0.949316 0.012397 0.000378
2 2 0.000138 0.014091 0.947870 0.037629 0.000272
2 2 0.000319 0.043598 0.929235 0.026113 0.000735
2 2 0.000077 0.017364 0.944651 0.036798 0.001110
2 2 0.000435 0.057122 0.918934 0.021728 0.001782
2 2 0.000667 0.020196 0.906164 0.072215 0.000759
2 2 0.000301 0.011697 0.957001 0.030467 0.000534
2 2 0.000605 0.042139 0.874039 0.080041 0.003176
2 2 0.006080 0.096544 0.877201 0.018024 0.002151
2 2 0.002891 0.151909 0.813214 0.023980 0.008007
2 2 0.002384 0.170238 0.805156 0.016077 0.006145
2 2 0.001835 0.112031 0.855155 0.027740 0.003238
2 2 0.000124 0.010547 0.960166 0.028697 0.000465
2 2 0.000185 0.022825 0.936356 0.039022 0.001612
2 2 0.000681 0.043108 0.943575 0.010981 0.001655
2 2 0.000142 0.023449 0.963346 0.011883 0.001181
2 2 0.000753 0.086463 0.896306 0.013550 0.002928
2 2 0.001446 0.032886 0.951680 0.013651 0.000337
2 2 0.002860 0.086454 0.903361 0.005892 0.001432
2 2 0.000280 0.055220 0.930432 0.010959 0.003109
2 2 0.001119 0.067514 0.888836 0.036424 0.006107
2 2 0.025351 0.365942 0.599721 0.002738 0.006248
2 2 0.004379 0.225117 0.744318 0.016159 0.010027
2 2 0.000888 0.066015 0.896150 0.031711 0.005235
2 2 0.002153 0.086973 0.881560 0.021206 0.008107
2 2 0.000658 0.062711 0.917250 0.017476 0.001905
2 2 0.001456 0.101401 0.881555 0.012089 0.003500
2 2 0.000174 0.028872 0.938568 0.030819 0.001567
2 2 0.002716 0.051946 0.932205 0.011218 0.001914
2 2 0.000789 0.073162 0.893703 0.027805 0.004541
2 2 0.017367 0.175945 0.784448 0.013153 0.009087
2 2 0.009192 0.283857 0.692882 0.008471 0.005598
2 2 0.006441 0.222938 0.716937 0.037545 0.016140
2 2 0.026380 0.283380 0.649985 0.013873 0.026382
1 2 0.020697 0.550316 0.418846 0.002443 0.007699
2 2 0.012311 0.444595 0.526550 0.005526 0.011017
2 2 0.008543 0.332707 0.625093 0.020590 0.013067
2 2 0.008385 0.353907 0.607416 0.014653 0.015639
2 2 0.000995 0.079288 0.898975 0.010410 0.010332
2 2 0.010040 0.336484 0.623908 0.012026 0.017542
1 2 0.255002 0.459523 0.240436 0.001744 0.043295
1 2 0.109657 0.636182 0.215960 0.001718 0.036484
1 2 0.044057 0.554983 0.296738 0.010261 0.093960
1 2 0.267461 0.509507 0.189362 0.004412 0.029258
1 2 0.091979 0.636599 0.236303 0.002493 0.032626
1 2 0.105415 0.610467 0.240049 0.003604 0.040464
1 2 0.045356 0.575259 0.294388 0.008432 0.076566
1 2 0.198597 0.488777 0.251866 0.002530 0.058230
0 0 0.470907 0.385964 0.120993 0.001790 0.020345
1 0 0.294571 0.536595 0.139126 0.000700 0.029008
1 0 0.257580 0.581379 0.134300 0.000217 0.026524
1 0 0.112857 0.617915 0.226040 0.000487 0.042701
1 0 0.057293 0.617245 0.289223 0.001465 0.034774
1 1 0.031252 0.639024 0.289427 0.003720 0.036578
1 1 0.078734 0.657478 0.238135 0.000648 0.025005
1 0 0.141233 0.565318 0.277789 0.000743 0.014917
1 0 0.180662 0.554907 0.251649 0.000514 0.012268
1 0 0.106868 0.548841 0.318975 0.001234 0.024081
1 0 0.122437 0.604270 0.261591 0.001014 0.010688
1 0 0.073204 0.521920 0.381745 0.001045 0.022086
1 0 0.079946 0.528728 0.333590 0.000243 0.057493
1 0 0.065491 0.554624 0.337560 0.000413 0.041913
1 0 0.058560 0.653845 0.245406 0.000225 0.041964
1 0 0.056573 0.717096 0.201587 0.000389 0.024355
1 0 0.054520 0.679393 0.234630 0.000339 0.031120
1 0 0.075201 0.549760 0.361124 0.000373 0.013542
1 0 0.065655 0.587531 0.335492 0.000784 0.010538
1 1 0.010348 0.512451 0.454494 0.005209 0.017498
1 0 0.094403 0.449459 0.436404 0.000833 0.018901
1 0 0.083247 0.530315 0.370304 0.000322 0.015812
1 0 0.040732 0.541396 0.409215 0.001296 0.007361
1 0 0.046259 0.545188 0.397798 0.001455 0.009300
1 1 0.035293 0.499989 0.448771 0.001004 0.014943
1 1 0.013806 0.497333 0.470452 0.005276 0.013134
2 1 0.021239 0.450916 0.511778 0.002301 0.013766
1 1 0.012669 0.583014 0.381146 0.004591 0.018580
1 1 0.014766 0.528392 0.425722 0.006769 0.024351
1 1 0.013028 0.576500 0.383756 0.004359 0.022357
1 1 0.019591 0.545513 0.413854 0.005248 0.015794
1 1 0.012441 0.526063 0.432536 0.005242 0.023718
2 1 0.004890 0.422106 0.560615 0.004211 0.008178
2 1 0.002938 0.354957 0.631554 0.002700 0.007851
2 2 0.003341 0.341334 0.642234 0.003120 0.009972
2 2 0.004288 0.441428 0.538803 0.002144 0.013337
2 2 0.003158 0.406220 0.576790 0.002110 0.011722
2 2 0.000900 0.217405 0.777197 0.002135 0.002362
2 2 0.000130 0.084524 0.911509 0.002265 0.001571
2 2 0.000479 0.157115 0.839138 0.001648 0.001620
2 2 0.000216 0.121428 0.876655 0.000884 0.000816
2 2 0.000123 0.090754 0.907460 0.000817 0.000846
2 2 0.000576 0.088006 0.901675 0.007276 0.002467
2 2 0.000229 0.070068 0.926056 0.002973 0.000673
2 2 0.000073 0.012699 0.982861 0.004283 0.000083
2 2 0.000544 0.101565 0.886473 0.009715 0.001704
2 2 0.000143 0.042077 0.953581 0.003798 0.000400
2 2 0.009795 0.430753 0.551860 0.002123 0.005469
2 2 0.002389 0.216336 0.771986 0.005159 0.004130
2 2 0.003676 0.275138 0.710518 0.005700 0.004968
2 2 0.009123 0.409689 0.573488 0.002207 0.005493
2 2 0.004958 0.310891 0.670061 0.005758 0.008332
2 2 0.001415 0.253790 0.738718 0.002790 0.003288
2 2 0.000180 0.063145 0.930409 0.004712 0.001553
2 2 0.000939 0.160329 0.830779 0.004436 0.003517
2 2 0.000087 0.046708 0.947737 0.004537 0.000932
2 2 0.000269 0.096146 0.896651 0.003571 0.003364
2 2 0.000646 0.103694 0.886239 0.006998 0.002423
2 2 0.000326 0.037622 0.949585 0.011620 0.000847
2 2 0.000336 0.061596 0.925417 0.010836 0.001815
2 2 0.000007 0.004849 0.976648 0.018418 0.000078
2 2 0.000122 0.029634 0.960306 0.009542 0.000397
2 2 0.000181 0.017737 0.961082 0.020571 0.000429
2 2 0.000059 0.014019 0.937259 0.048288 0.000376
2 2 0.000019 0.005249 0.953099 0.041448 0.000184
2 2 0.000034 0.007911 0.965652 0.026276 0.000127
2 2 0.000052 0.006335 0.938886 0.054638 0.000089
2 2 0.000889 0.062989 0.873747 0.059447 0.002927
2 2 0.000306 0.024202 0.900722 0.073437 0.001334
2 2 0.000045 0.002960 0.879327 0.117608 0.000061
2 2 0.000334 0.018860 0.928390 0.051691 0.000725
2 2 0.000665 0.029198 0.868372 0.100615 0.001151
2 2 0.000738 0.019786 0.924394 0.054666 0.000416
2 2 0.000057 0.004903 0.857531 0.137230 0.000279
2 2 0.001181 0.029043 0.869917 0.098763 0.001096
2 2 0.000771 0.017969 0.901111 0.079615 0.000534
2 2 0.000830 0.021139 0.830551 0.146445 0.001034
2 2 0.000375 0.023699 0.853585 0.121653 0.000687
2 2 0.000372 0.017345 0.819355 0.162483 0.000445
2 2 0.000109 0.006558 0.767007 0.226023 0.000304
2 2 0.000017 0.001894 0.804261 0.193779 0.000049
2 2 0.000024 0.001381 0.841062 0.157513 0.000020
2 2 0.000017 0.001796 0.629254 0.368861 0.000072
2 2 0.000660 0.013118 0.634610 0.350827 0.000785
2 2 0.000078 0.002209 0.623715 0.373921 0.000077
2 3 0.000652 0.010613 0.645715 0.342585 0.000435
2 3 0.000113 0.002869 0.700567 0.296351 0.000100
3 3 0.000138 0.001372 0.262038 0.736258 0.000194
3 3 0.000866 0.004200 0.430050 0.564643 0.000241
3 3 0.000020 0.000277 0.174112 0.825529 0.000061
3 3 0.000030 0.000602 0.247688 0.751572 0.000107
3 3 0.000521 0.002421 0.332823 0.664054 0.000181
3 3 0.000135 0.002286 0.334649 0.662688 0.000241
3 3 0.000024 0.000360 0.217227 0.782333 0.000055
3 3 0.000215 0.003122 0.414617 0.581866 0.000180
3 3 0.000060 0.000859 0.238474 0.760449 0.000158
3 3 0.000044 0.000439 0.306937 0.692533 0.000047
3 3 0.000051 0.000512 0.131028 0.868279 0.000130
3 3 0.000142 0.001237 0.153611 0.844573 0.000438
3 3 0.000038 0.000574 0.150863 0.848323 0.000202
3 3 0.000028 0.000365 0.127095 0.872419 0.000093
3 3 0.000009 0.000177 0.160588 0.839185 0.000041
3 3 0.000575 0.002065 0.151875 0.845099 0.000387
3 3 0.000057 0.000488 0.121187 0.878158 0.000109
3 3 0.000036 0.000419 0.115968 0.883471 0.000107
3 3 0.000047 0.000419 0.107661 0.891784 0.000090
3 3 0.000121 0.000712 0.114816 0.884201 0.000150
3 3 0.000081 0.000693 0.046632 0.952407 0.000187
3 3 0.000044 0.000382 0.087646 0.911852 0.000077
3 3 0.000018 0.000267 0.090547 0.909104 0.000064
3 3 0.000021 0.000266 0.056613 0.943042 0.000058
3 3 0.000007 0.000164 0.086444 0.913344 0.000041
3 3 0.000003 0.000124 0.313085 0.686771 0.000017
3 3 0.000073 0.002557 0.366133 0.630792 0.000445
2 3 0.001945 0.032792 0.557139 0.406367 0.001756
2 3 0.018886 0.177881 0.757788 0.042922 0.002523
2 3 0.006959 0.163350 0.789299 0.036828 0.003564
1 2 0.014678 0.545219 0.420687 0.003834 0.015582
1 2 0.011358 0.480419 0.479150 0.006030 0.023043
2 2 0.012264 0.449533 0.501542 0.006807 0.029854
1 2 0.018012 0.541050 0.421812 0.002642 0.016484
1 2 0.023264 0.590291 0.364538 0.004005 0.017902
1 2 0.013732 0.720922 0.187224 0.000119 0.078002
1 2 0.010835 0.603611 0.181023 0.000202 0.204330
1 2 0.007359 0.576469 0.151868 0.000078 0.264226
1 4 0.015583 0.488790 0.127404 0.000108 0.368115
1 4 0.009207 0.598158 0.172918 0.000149 0.219568
1 4 0.013345 0.685184 0.186760 0.000147 0.114564
1 4 0.013467 0.651505 0.239648 0.000720 0.094660
1 4 0.015097 0.612663 0.216760 0.000605 0.154876
1 4 0.013296 0.620977 0.211533 0.000460 0.153735
1 4 0.019882 0.605205 0.237815 0.001251 0.135847
1 4 0.028233 0.452910 0.174913 0.001226 0.342718
1 4 0.030250 0.611317 0.175202 0.000299 0.182931
1 4 0.017167 0.547101 0.167592 0.000285 0.267855
1 4 0.029092 0.505487 0.203552 0.001644 0.260225
1 4 0.017290 0.441215 0.144307 0.000369 0.396820
4 4 0.042071 0.195732 0.046795 0.000084 0.715318
4 4 0.026598 0.287668 0.091442 0.000342 0.593949
4 4 0.024379 0.397088 0.112791 0.000204 0.465538
4 4 0.022726 0.346605 0.121422 0.000566 0.508682
4 4 0.020088 0.355500 0.119895 0.000433 0.504084
4 4 0.014493 0.338131 0.102875 0.000200 0.544301
4 4 0.034115 0.319481 0.091667 0.000241 0.554496
4 4 0.035216 0.186946 0.057080 0.000273 0.720485
4 4 0.023166 0.382588 0.135519 0.000634 0.458093
1 4 0.028528 0.453780 0.109847 0.000102 0.407743
4 4 0.059121 0.356663 0.133202 0.001451 0.449564
1 4 0.051954 0.451853 0.141834 0.000588 0.353772
4 4 0.043947 0.361893 0.144810 0.001759 0.447591
1 4 0.049683 0.458534 0.158251 0.000956 0.332576
1 0 0.232191 0.373164 0.072083 0.000102 0.322459
1 1 0.138153 0.643497 0.190432 0.000963 0.026956
1 1 0.063324 0.612314 0.293650 0.003670 0.027042
1 1 0.158379 0.620366 0.190886 0.001015 0.029354
1 1 0.130429 0.646629 0.191026 0.000919 0.030996
1 1 0.182664 0.620569 0.167115 0.000679 0.028972
1 0 0.353592 0.396565 0.164167 0.000569 0.085106
1 0 0.052704 0.604467 0.254490 0.003320 0.085019
1 1 0.089642 0.621470 0.225108 0.002099 0.061681
1 1 0.079382 0.587308 0.239536 0.003553 0.090221
1 1 0.057474 0.574865 0.263614 0.005391 0.098655
1 4 0.054644 0.563354 0.264273 0.005834 0.111896
1 4 0.050748 0.602982 0.253588 0.003218 0.089465
1 4 0.067508 0.619456 0.233972 0.002191 0.076873
1 4 0.044166 0.636409 0.251855 0.002201 0.065368
1 4 0.048883 0.622065 0.250879 0.002558 0.075615
1 4 0.031723 0.591388 0.321078 0.009512 0.046299
1 4 0.040164 0.594142 0.291493 0.004591 0.069610
1 4 0.043595 0.564202 0.303702 0.003982 0.084519
1 4 0.174635 0.660526 0.142208 0.000206 0.022425
1 0 0.069683 0.705985 0.199583 0.000517 0.024232
1 1 0.016182 0.673984 0.303602 0.000228 0.006003
1 1 0.050045 0.702660 0.239692 0.000149 0.007455
1 1 0.036211 0.685975 0.267912 0.000071 0.009831
1 1 0.024276 0.657222 0.307987 0.000202 0.010313
1 1 0.025058 0.712692 0.255494 0.000213 0.006543
1 1 0.024172 0.587378 0.372298 0.002494 0.013658
1 1 0.079591 0.467327 0.436328 0.000558 0.016196
1 0 0.107228 0.741603 0.144726 0.000098 0.006345
1 1 0.064149 0.653755 0.273696 0.000828 0.007573
1 1 0.028035 0.576547 0.383404 0.002751 0.009264
1 1 0.049106 0.721667 0.217750 0.000608 0.010869
1 1 0.013428 0.607199 0.362555 0.002306 0.014512
1 1 0.013317 0.551576 0.409107 0.005659 0.020341
1 1 0.020682 0.591733 0.372042 0.002210 0.013334
1 1 0.010095 0.527372 0.443534 0.005525 0.013474
1 1 0.014358 0.489140 0.451178 0.005603 0.039722
1 1 0.099939 0.606873 0.262546 0.000306 0.030336
1 1 0.044582 0.650260 0.284866 0.000815 0.019477
1 1 0.035757 0.665711 0.283450 0.001270 0.013811
1 1 0.028848 0.621378 0.328538 0.002390 0.018845
1 1 0.019847 0.527637 0.397242 0.005278 0.049996
1 1 0.025615 0.631685 0.304907 0.004514 0.033279
1 1 0.030681 0.683963 0.262271 0.001212 0.021873
1 1 0.029838 0.540251 0.347758 0.003471 0.078683
1 1 0.021932 0.625704 0.295063 0.003648 0.053653
1 1 0.055514 0.550309 0.337971 0.009171 0.047035
1 1 0.063046 0.577102 0.315965 0.011575 0.032313
0 0 0.358736 0.357725 0.241216 0.001373 0.040949
1 0 0.270486 0.592261 0.123185 0.000217 0.013851
1 0 0.183543 0.620412 0.180129 0.001034 0.014882
1 0 0.018485 0.545056 0.432885 0.000597 0.002977
1 0 0.022728 0.599059 0.375461 0.000381 0.002372
1 0 0.019532 0.526401 0.450226 0.000641 0.003201
2 1 0.003775 0.259229 0.730643 0.002275 0.004078
2 1 0.010206 0.480517 0.505228 0.000901 0.003147
2 1 0.001700 0.231778 0.765238 0.000392 0.000892
2 1 0.000504 0.132640 0.866277 0.000326 0.000253
2 1 0.002378 0.274768 0.721864 0.000228 0.000761
2 1 0.001189 0.196454 0.801650 0.000275 0.000432
2 1 0.001348 0.090344 0.907625 0.000370 0.000313
2 1 0.000317 0.082824 0.916600 0.000069 0.000190
2 1 0.000244 0.129351 0.870034 0.000127 0.000243
2 1 0.000220 0.115828 0.883710 0.000075 0.000168
2 1 0.000464 0.124176 0.875085 0.000127 0.000149
2 1 0.001057 0.131254 0.867423 0.000045 0.000221
1 0 0.080866 0.644327 0.272895 0.000120 0.001792
2 1 0.002253 0.208735 0.786514 0.000813 0.001684
2 1 0.011737 0.259474 0.726554 0.000671 0.001563
2 1 0.003956 0.235276 0.759276 0.000354 0.001138
2 1 0.006705 0.277049 0.715017 0.000473 0.000757
2 2 0.001595 0.148267 0.849715 0.000238 0.000185
2 2 0.001551 0.188173 0.809926 0.000073 0.000275
2 2 0.001836 0.213646 0.784046 0.000110 0.000362
2 2 0.001091 0.265877 0.732242 0.000326 0.000464
2 2 0.001895 0.147514 0.850150 0.000185 0.000258
2 2 0.002477 0.244172 0.751165 0.001239 0.000946
2 2 0.001474 0.192138 0.803197 0.002047 0.001145
2 2 0.019334 0.350987 0.628805 0.000070 0.000805
1 2 0.075426 0.599120 0.323909 0.000088 0.001457
2 2 0.002969 0.259441 0.736442 0.000352 0.000797
2 2 0.000141 0.072830 0.924638 0.002136 0.000255
2 2 0.000085 0.066287 0.932871 0.000419 0.000337
2 2 0.000054 0.077824 0.921582 0.000325 0.000216
2 2 0.000012 0.018470 0.978102 0.003322 0.000094
2 2 0.000084 0.040118 0.958921 0.000725 0.000152
2 2 0.000225 0.058237 0.937628 0.003689 0.000220
2 2 0.000113 0.059254 0.939754 0.000651 0.000228
2 2 0.000002 0.004244 0.989997 0.005742 0.000016
2 2 0.000046 0.034082 0.963231 0.002490 0.000151
2 2 0.000090 0.053517 0.944170 0.002089 0.000133
2 2 0.000151 0.040089 0.958174 0.001529 0.000057
2 2 0.000127 0.054200 0.942980 0.002448 0.000244
2 2 0.000242 0.052845 0.945183 0.001401 0.000329
2 2 0.000183 0.055453 0.942734 0.001409 0.000221
2 2 0.000207 0.043615 0.952878 0.003130 0.000170
2 2 0.000103 0.033852 0.956416 0.009334 0.000295
2 2 0.000452 0.065188 0.932347 0.001482 0.000532
2 2 0.000324 0.042099 0.950673 0.006704 0.000200
2 2 0.000428 0.027919 0.966621 0.004983 0.000048
2 2 0.000411 0.056724 0.937971 0.004462 0.000432
2 2 0.000095 0.010480 0.978937 0.010474 0.000014
2 2 0.000183 0.017953 0.950908 0.030890 0.000067
2 2 0.000263 0.046854 0.949812 0.002809 0.000263
2 2 0.000275 0.047186 0.938014 0.014219 0.000305
2 2 0.000211 0.047871 0.947266 0.004198 0.000455
2 2 0.000323 0.063809 0.934966 0.000491 0.000412
2 2 0.000105 0.039020 0.958165 0.002483 0.000228
2 2 0.000012 0.008200 0.956519 0.035245 0.000024
2 2 0.000129 0.066522 0.929984 0.002805 0.000560
2 2 0.000105 0.028994 0.967174 0.003596 0.000131
2 2 0.006984 0.077654 0.870353 0.043806 0.001204
2 2 0.005518 0.063339 0.841304 0.087953 0.001885
2 2 0.002234 0.058655 0.838587 0.098252 0.002273
2 2 0.219389 0.300405 0.471164 0.005560 0.003483
1 2 0.065786 0.611241 0.320306 0.000621 0.002045
2 0 0.033098 0.447536 0.505965 0.002861 0.010541
1 0 0.031872 0.605558 0.354840 0.001423 0.006307
1 0 0.024133 0.530028 0.434619 0.002338 0.008881
2 0 0.009753 0.318313 0.651139 0.008883 0.011912
1 0 0.033475 0.541929 0.417466 0.001214 0.005916
2 2 0.013746 0.466756 0.515149 0.000873 0.003476
2 2 0.001845 0.233083 0.754082 0.005135 0.005855
2 2 0.002151 0.272463 0.714812 0.002764 0.007810
2 2 0.001026 0.119890 0.873054 0.001425 0.004606
2 2 0.000703 0.118066 0.870621 0.003621 0.006990
2 2 0.000041 0.040303 0.958434 0.000747 0.000476
2 2 0.000098 0.052181 0.945718 0.000771 0.001232
2 2 0.000208 0.030159 0.969326 0.000188 0.000120
2 2 0.000120 0.066508 0.930199 0.001831 0.001342
2 2 0.000097 0.020999 0.978369 0.000260 0.000276
2 2 0.000160 0.043908 0.948150 0.005584 0.002197
2 2 0.004323 0.272072 0.721572 0.000460 0.001573
2 2 0.001260 0.195521 0.795813 0.003865 0.003541
2 2 0.000115 0.043517 0.949405 0.005793 0.001170
2 2 0.000024 0.015097 0.978314 0.005548 0.001018
2 2 0.000084 0.040554 0.958234 0.000670 0.000457
2 2 0.000063 0.032470 0.963530 0.003162 0.000774
2 2 0.000033 0.024325 0.974291 0.000982 0.000368
2 2 0.000101 0.031372 0.966530 0.001364 0.000632
2 2 0.000038 0.027515 0.968702 0.003314 0.000430
2 2 0.000209 0.025117 0.957164 0.016930 0.000580
2 2 0.000024 0.007995 0.954793 0.036785 0.000403
2 2 0.000625 0.030955 0.963748 0.004264 0.000408
2 2 0.000015 0.007179 0.947834 0.044638 0.000333
2 2 0.000212 0.033037 0.935840 0.029860 0.001051
2 2 0.000028 0.004723 0.972042 0.023182 0.000025
2 2 0.000085 0.021719 0.958135 0.019535 0.000527
2 2 0.000007 0.003806 0.910653 0.085476 0.000058
2 2 0.000014 0.005043 0.950459 0.044287 0.000197
2 2 0.000002 0.002477 0.934387 0.063104 0.000029
2 2 0.000019 0.005908 0.913982 0.079955 0.000135
2 2 0.000013 0.004176 0.902759 0.092941 0.000112
2 2 0.000002 0.002124 0.918387 0.079468 0.000019
2 2 0.000045 0.008764 0.910129 0.080611 0.000451
2 2 0.000016 0.002893 0.963280 0.033802 0.000010
2 2 0.000108 0.013887 0.957198 0.028545 0.000261
2 2 0.000008 0.003056 0.968219 0.028663 0.000053
2 2 0.000011 0.003974 0.939114 0.056818 0.000083
2 2 0.000322 0.035089 0.942717 0.016752 0.005119
2 2 0.000016 0.006497 0.943071 0.050257 0.000160
2 2 0.000037 0.004597 0.826002 0.169267 0.000097
2 2 0.000138 0.016760 0.861277 0.120860 0.000965
2 3 0.000559 0.021449 0.937902 0.039805 0.000285
2 3 0.000010 0.002500 0.839970 0.157450 0.000070
2 3 0.000125 0.006706 0.883265 0.109648 0.000256
2 3 0.000133 0.006424 0.951755 0.041626 0.000061
2 3 0.000007 0.002295 0.941276 0.056372 0.000051
2 3 0.000039 0.003754 0.922950 0.073190 0.000067
2 3 0.000005 0.002012 0.839016 0.158923 0.000044
2 3 0.000155 0.018558 0.901917 0.078387 0.000984
2 3 0.000199 0.020547 0.895204 0.078945 0.005105
2 3 0.005823 0.089493 0.874034 0.028306 0.002344
1 3 0.047769 0.480218 0.464849 0.001555 0.005610
2 3 0.027229 0.413899 0.543697 0.003813 0.011361
2 2 0.006127 0.256326 0.706051 0.018871 0.012624
2 2 0.002318 0.206286 0.771640 0.006674 0.013081
2 2 0.000945 0.114076 0.872630 0.003734 0.008614
2 2 0.003322 0.387714 0.603238 0.001713 0.004013
2 2 0.011702 0.409552 0.568073 0.001021 0.009653
2 2 0.006348 0.387065 0.597824 0.000623 0.008140
2 2 0.001514 0.323874 0.669511 0.000563 0.004538
2 2 0.005793 0.420662 0.568928 0.000914 0.003703
2 2 0.003337 0.365187 0.626783 0.000465 0.004228
2 2 0.006082 0.410716 0.579084 0.000533 0.003585
2 2 0.002012 0.346711 0.643758 0.000772 0.006746
2 2 0.000078 0.055985 0.942447 0.000769 0.000720
2 2 0.000011 0.031983 0.967498 0.000146 0.000362
2 2 0.000027 0.043076 0.955771 0.000986 0.000139
2 2 0.000066 0.042442 0.956913 0.000284 0.000296
2 2 0.000015 0.022692 0.977073 0.000034 0.000186
2 2 0.000828 0.094207 0.891315 0.008107 0.005544
2 2 0.000068 0.013344 0.962923 0.023185 0.000479
2 2 0.000191 0.037332 0.953839 0.006746 0.001892
2 2 0.000085 0.028238 0.959489 0.010777 0.001410
2 2 0.000402 0.070467 0.916002 0.010855 0.002273
2 2 0.000881 0.094761 0.887981 0.010551 0.005826
2 2 0.000733 0.051129 0.938943 0.006238 0.002957
2 2 0.003411 0.134647 0.847599 0.012170 0.002172
2 2 0.002012 0.170482 0.815496 0.006132 0.005877
2 2 0.002322 0.194706 0.787228 0.009717 0.006026
1 2 0.071613 0.545693 0.317799 0.016309 0.048585
1 2 0.112268 0.426025 0.374305 0.010705 0.076697
0 0 0.482462 0.393050 0.102815 0.000880 0.020793
1 0 0.321938 0.462566 0.161585 0.003366 0.050545
0 0 0.592926 0.311322 0.080851 0.000881 0.014021
1 0 0.101006 0.710649 0.111644 0.000027 0.076674
1 0 0.021011 0.612999 0.252754 0.001690 0.111546
1 0 0.023036 0.581380 0.232943 0.001488 0.161153
1 1 0.034673 0.588219 0.223252 0.001440 0.152416
1 4 0.048101 0.457341 0.214197 0.004801 0.275561
4 4 0.110710 0.302307 0.141118 0.006549 0.439315
1 4 0.095329 0.392501 0.169826 0.004466 0.337877
0 0 0.699826 0.167502 0.035866 0.000257 0.096549
0 0 0.428490 0.369541 0.080780 0.000293 0.120896
1 0 0.181992 0.501539 0.097974 0.000106 0.218389
1 1 0.088773 0.490117 0.159218 0.001021 0.260871
1 1 0.074904 0.404735 0.118713 0.000488 0.401160
4 2 0.041454 0.314222 0.133024 0.002157 0.509143
4 4 0.046260 0.334638 0.147214 0.002912 0.468977
1 4 0.107997 0.414930 0.128485 0.000826 0.347761
4 4 0.131804 0.337288 0.096995 0.000574 0.433338
1 4 0.050687 0.511043 0.134296 0.000237 0.303737
4 4 0.029819 0.236322 0.087015 0.000740 0.646104
4 4 0.093341 0.376670 0.113605 0.000628 0.415756
4 4 0.072917 0.361387 0.069766 0.000049 0.495881
4 4 0.173042 0.311241 0.084494 0.000483 0.430740
4 4 0.070245 0.362362 0.086460 0.000148 0.480784
4 4 0.045769 0.285632 0.094073 0.000575 0.573950
4 4 0.163129 0.246243 0.057860 0.000195 0.532574
4 4 0.102778 0.219508 0.060894 0.000338 0.616482
4 4 0.092501 0.250996 0.057856 0.000125 0.598523
4 4 0.073057 0.325375 0.075844 0.000128 0.525596
4 4 0.043976 0.194913 0.059545 0.000319 0.701247
4 4 0.061472 0.092999 0.025164 0.000151 0.820214
4 4 0.084363 0.084619 0.024674 0.000262 0.806082
4 4 0.166756 0.061179 0.014220 0.000104 0.757740
4 4 0.115237 0.101326 0.026253 0.000182 0.757002
4 4 0.043465 0.219487 0.075030 0.000608 0.661411
4 4 0.133923 0.145153 0.040014 0.000323 0.680587
4 4 0.133535 0.165370 0.046543 0.000381 0.654171
2 4 0.040982 0.315851 0.390389 0.005849 0.246929
1 4 0.213280 0.516113 0.213513 0.000060 0.057034
1 4 0.123013 0.727831 0.117061 0.000036 0.032059
1 0 0.138173 0.694085 0.114774 0.000044 0.052924
1 0 0.118063 0.690187 0.143137 0.000133 0.048479
1 0 0.025001 0.781562 0.154839 0.000018 0.038580
1 0 0.239152 0.623186 0.086660 0.000023 0.050979
1 0 0.032313 0.726474 0.178075 0.000021 0.063118
1 0 0.019849 0.689946 0.204706 0.000072 0.085427
1 0 0.011705 0.695226 0.241738 0.000138 0.051193
1 1 0.056710 0.481337 0.167032 0.000145 0.294775
1 1 0.039139 0.475294 0.142804 0.000400 0.342363
1 1 0.034939 0.522537 0.229325 0.002967 0.210231
1 2 0.084533 0.489825 0.150960 0.000747 0.273936
4 2 0.048630 0.359806 0.144481 0.000697 0.446386
1 2 0.079656 0.523996 0.118568 0.000142 0.277637
4 2 0.038554 0.323778 0.116653 0.000883 0.520133
1 4 0.116522 0.381453 0.125778 0.001167 0.375080
4 4 0.060680 0.330538 0.085853 0.000205 0.522725
1 4 0.044661 0.430789 0.136981 0.000562 0.387007
4 4 0.029227 0.325731 0.165417 0.001567 0.478057
4 4 0.047812 0.376900 0.136906 0.000356 0.438026
1 4 0.024622 0.571313 0.195126 0.000652 0.208287
1 4 0.028035 0.579916 0.153744 0.000183 0.238123
1 4 0.021827 0.522312 0.192122 0.000862 0.262877
1 0 0.176508 0.562351 0.161968 0.000022 0.099151
1 0 0.023008 0.696458 0.241630 0.000240 0.038663
1 1 0.016174 0.726423 0.215932 0.000157 0.041313
1 1 0.012864 0.666123 0.266737 0.001128 0.053147
1 1 0.010555 0.649184 0.307867 0.000466 0.031928
1 2 0.056804 0.649882 0.241631 0.001863 0.049821
1 2 0.163683 0.585026 0.214367 0.000964 0.035960
1 2 0.101480 0.732616 0.146063 0.000103 0.019738
1 0 0.108537 0.700522 0.165644 0.000260 0.025037
1 0 0.127551 0.646460 0.186508 0.000338 0.039144
1 0 0.016606 0.809130 0.149026 0.000016 0.025222
1 1 0.022091 0.708162 0.232817 0.000114 0.036815
1 1 0.022246 0.693521 0.248579 0.000163 0.035491
1 1 0.013687 0.709463 0.243342 0.000256 0.033251
1 1 0.016491 0.697988 0.236060 0.000158 0.049303
1 1 0.014200 0.737913 0.221315 0.000272 0.026300
1 1 0.026251 0.719741 0.205532 0.000174 0.048302
1 1 0.010934 0.708610 0.221094 0.000084 0.059279
1 1 0.015348 0.674835 0.239972 0.000141 0.069705
1 1 0.013239 0.659811 0.252411 0.000889 0.073649
1 1 0.001774 0.717197 0.229981 0.000025 0.051023
1 1 0.004527 0.659614 0.282073 0.000110 0.053675
1 1 0.005016 0.724554 0.234618 0.000207 0.035605
1 2 0.002514 0.731502 0.200439 0.000022 0.065523
1 2 0.002507 0.698575 0.225325 0.000029 0.073564
2 2 0.005336 0.341913 0.616766 0.010589 0.025396
1 2 0.008960 0.578393 0.364793 0.002309 0.045546
1 2 0.017809 0.546617 0.388081 0.001789 0.045705
1 2 0.010095 0.494538 0.453547 0.003028 0.038792
1 2 0.124012 0.549987 0.294537 0.000232 0.031232
1 2 0.076482 0.719300 0.194434 0.000444 0.009340
1 2 0.114466 0.698655 0.178426 0.000064 0.008389
1 0 0.125613 0.711445 0.155643 0.000109 0.007189
1 0 0.102783 0.756130 0.131128 0.000024 0.009935
1 0 0.087870 0.733760 0.172132 0.000114 0.006123
1 2 0.021445 0.732920 0.236157 0.000042 0.009437
1 2 0.009211 0.676894 0.296630 0.000193 0.017073
1 2 0.005216 0.620643 0.357187 0.000104 0.016850
1 2 0.004659 0.668195 0.315770 0.000194 0.011181
1 2 0.004887 0.524171 0.428660 0.000677 0.041604
2 2 0.000935 0.488509 0.497716 0.000186 0.012654
1 2 0.001066 0.560490 0.432709 0.000225 0.005511
2 2 0.000769 0.489909 0.500434 0.000213 0.008674
2 2 0.001413 0.453782 0.531354 0.000326 0.013124
2 2 0.000089 0.107604 0.885585 0.000285 0.006438
1 2 0.381377 0.429848 0.181991 0.000564 0.006220
1 0 0.124445 0.686734 0.186352 0.000144 0.002325
1 0 0.086761 0.690005 0.219792 0.000284 0.003158
1 0 0.043745 0.594535 0.357819 0.000459 0.003442
2 0 0.019147 0.429946 0.543413 0.002383 0.005111
2 2 0.000616 0.222169 0.776370 0.000288 0.000558
2 2 0.000409 0.112748 0.886007 0.000587 0.000248
2 2 0.001239 0.244849 0.752882 0.000414 0.000615
2 2 0.000799 0.224418 0.773902 0.000278 0.000603
2 2 0.000969 0.078272 0.919628 0.000840 0.000292
2 2 0.000157 0.041044 0.957365 0.001386 0.000047
2 2 0.000036 0.023495 0.974728 0.001704 0.000038
2 2 0.000023 0.021587 0.978161 0.000209 0.000020
2 2 0.000030 0.012316 0.985047 0.002596 0.000010
2 2 0.000163 0.038564 0.960391 0.000830 0.000053
2 2 0.000068 0.005464 0.966391 0.028060 0.000018
2 2 0.000430 0.032564 0.935973 0.030653 0.000380
2 2 0.004323 0.051912 0.930220 0.013415 0.000131
2 2 0.000020 0.001161 0.937148 0.061669 0.000002
2 2 0.000993 0.022118 0.949961 0.026837 0.000090
2 2 0.000449 0.005166 0.907519 0.086847 0.000019
2 3 0.000338 0.005160 0.782350 0.212085 0.000066
2 3 0.000754 0.005998 0.852842 0.140367 0.000038
2 3 0.000889 0.007637 0.813487 0.177884 0.000103
2 3 0.000129 0.002106 0.792328 0.205414 0.000023
2 3 0.000069 0.001969 0.815250 0.182699 0.000013
2 3 0.000479 0.003630 0.730967 0.264878 0.000046
2 3 0.000607 0.009622 0.511171 0.478045 0.000555
2 3 0.000156 0.002091 0.738391 0.259324 0.000038
2 3 0.000521 0.005926 0.607161 0.386243 0.000149
3 3 0.000164 0.001698 0.303299 0.694720 0.000120
3 3 0.000111 0.001022 0.369146 0.629643 0.000078
3 3 0.000206 0.001737 0.267261 0.730581 0.000216
3 3 0.000155 0.001584 0.233916 0.764133 0.000212
3 3 0.000679 0.002079 0.370188 0.626913 0.000142
3 3 0.000131 0.000670 0.185757 0.813332 0.000110
3 3 0.000094 0.000586 0.214972 0.784269 0.000079
3 3 0.000290 0.000925 0.145018 0.853635 0.000133
3 3 0.000107 0.000716 0.144433 0.854578 0.000165
3 3 0.000270 0.001117 0.245913 0.752601 0.000099
3 3 0.000580 0.002381 0.184580 0.812070 0.000389
3 3 0.000310 0.000912 0.149723 0.848916 0.000138
3 3 0.000359 0.001123 0.179535 0.818786 0.000197
3 3 0.000101 0.000521 0.149674 0.849617 0.000087
3 3 0.000062 0.000641 0.120187 0.878925 0.000185
3 3 0.000121 0.000887 0.143424 0.855329 0.000240
3 3 0.000134 0.000638 0.159217 0.839899 0.000112
3 3 0.000004 0.000109 0.152821 0.847044 0.000023
3 3 0.000468 0.001729 0.166991 0.830522 0.000291
3 3 0.000021 0.000198 0.133449 0.866301 0.000031
3 3 0.000635 0.001636 0.107280 0.890149 0.000300
3 3 0.000219 0.000892 0.135617 0.863107 0.000165
3 3 0.001310 0.002273 0.100538 0.895503 0.000376
3 3 0.000301 0.000968 0.117122 0.881449 0.000159
3 3 0.000101 0.000525 0.115212 0.884075 0.000088
3 3 0.000101 0.000630 0.117586 0.881553 0.000129
3 3 0.000050 0.000330 0.166329 0.833239 0.000052
3 3 0.000061 0.000431 0.099739 0.899688 0.000080
3 3 0.000352 0.001273 0.110495 0.887621 0.000258
3 3 0.000236 0.000916 0.099951 0.898730 0.000166
3 3 0.000241 0.000913 0.123686 0.874996 0.000163
3 3 0.000090 0.000545 0.169472 0.829790 0.000103
3 3 0.000042 0.000435 0.088548 0.910870 0.000104
3 3 0.000382 0.001120 0.119397 0.878915 0.000186
3 3 0.001294 0.002467 0.138688 0.857239 0.000313
3 3 0.000430 0.000942 0.143425 0.855084 0.000120
3 3 0.000039 0.000421 0.100426 0.899011 0.000103
3 3 0.000531 0.001240 0.100723 0.897319 0.000187
3 3 0.000695 0.001607 0.117557 0.879869 0.000272
3 3 0.001643 0.002578 0.127320 0.868103 0.000356
3 3 0.000416 0.001635 0.105214 0.892342 0.000393
