0 0 0.985934 0.008520 0.001959 0.000006 0.003581
0 0 0.992060 0.004848 0.001208 0.000003 0.001881
0 0 0.992105 0.004128 0.002186 0.000017 0.001564
0 0 0.995547 0.002344 0.000624 0.000001 0.001483
0 0 0.996642 0.001785 0.000610 0.000001 0.000962
0 0 0.992874 0.004691 0.000447 0.000000 0.001987
0 0 0.995670 0.002267 0.000773 0.000002 0.001288
0 0 0.994018 0.002973 0.001574 0.000011 0.001424
0 0 0.993323 0.003929 0.000900 0.000002 0.001846
0 0 0.949966 0.031465 0.008395 0.000073 0.010101
0 0 0.402352 0.399545 0.087236 0.002125 0.108742
1 1 0.258738 0.484898 0.138875 0.001080 0.116410
1 1 0.059984 0.625539 0.232918 0.002051 0.079508
1 1 0.096696 0.602597 0.199761 0.001325 0.099621
1 1 0.030334 0.577392 0.275290 0.002197 0.114787
1 1 0.014309 0.597229 0.308115 0.000559 0.079788
1 1 0.005777 0.492522 0.370337 0.000053 0.131311
1 1 0.040996 0.639609 0.215101 0.000058 0.104237
1 1 0.041398 0.589274 0.230156 0.000112 0.139059
1 1 0.016418 0.685083 0.227305 0.000226 0.070968
1 1 0.001671 0.563797 0.146620 0.000053 0.287860
4 1 0.001026 0.268985 0.139252 0.000007 0.590730
4 1 0.011635 0.389075 0.070625 0.000006 0.528659
4 1 0.001348 0.377147 0.130542 0.000006 0.490957
4 1 0.000686 0.289817 0.159023 0.000002 0.550472
1 1 0.000312 0.392812 0.357678 0.000011 0.249188
1 1 0.002120 0.469704 0.217648 0.000017 0.310512
1 1 0.016026 0.536220 0.178219 0.000015 0.269521
4 1 0.008538 0.379512 0.191067 0.000013 0.420870
1 1 0.000539 0.447841 0.328255 0.000021 0.223344
1 1 0.004859 0.427642 0.238658 0.000024 0.328818
1 1 0.021090 0.545709 0.157362 0.000136 0.275702
4 1 0.004969 0.312844 0.192514 0.000007 0.489666
1 1 0.007623 0.402923 0.193056 0.000023 0.396375
1 1 0.097137 0.507797 0.096463 0.000069 0.298534
2 1 0.003716 0.363219 0.531276 0.001483 0.100306
2 1 0.002233 0.375993 0.503678 0.000744 0.117352
2 1 0.006111 0.405265 0.498638 0.001567 0.088420
2 1 0.006354 0.420201 0.489120 0.001318 0.083006
2 1 0.007539 0.402547 0.484424 0.002435 0.103056
2 2 0.000499 0.095626 0.831467 0.010367 0.062040
2 2 0.001028 0.161530 0.703977 0.007547 0.125917
2 2 0.000447 0.104314 0.817405 0.007206 0.070628
2 2 0.001233 0.153293 0.728766 0.010086 0.106622
2 2 0.000753 0.150479 0.725392 0.006026 0.117351
2 2 0.002519 0.093827 0.743077 0.100667 0.059911
2 2 0.004627 0.107872 0.643021 0.165571 0.078909
2 3 0.008483 0.147626 0.579652 0.153161 0.111078
2 3 0.003655 0.096492 0.709717 0.132640 0.057497
2 3 0.001610 0.057377 0.772103 0.139336 0.029574
3 3 0.000910 0.004464 0.198258 0.795259 0.001109
3 3 0.002542 0.010110 0.207494 0.776560 0.003294
3 3 0.001132 0.004500 0.155770 0.837311 0.001287
3 3 0.000730 0.003265 0.162711 0.832496 0.000798
3 3 0.002666 0.008626 0.179270 0.806850 0.002588
3 3 0.001222 0.002542 0.059498 0.935764 0.000973
3 3 0.000542 0.001725 0.085051 0.912203 0.000479
3 3 0.001615 0.006158 0.123674 0.865772 0.002782
3 3 0.001139 0.003670 0.117553 0.876533 0.001105
3 3 0.000735 0.003151 0.147669 0.847622 0.000824
3 3 0.001102 0.001180 0.029368 0.967979 0.000371
3 3 0.000309 0.000756 0.053781 0.944979 0.000175
3 3 0.000547 0.000974 0.040787 0.957409 0.000282
3 3 0.000102 0.000115 0.014272 0.985489 0.000021
3 3 0.000576 0.000835 0.033847 0.964511 0.000231
3 3 0.000383 0.000481 0.020534 0.978451 0.000151
3 3 0.000740 0.000731 0.018669 0.979587 0.000273
3 3 0.000623 0.000729 0.023100 0.975303 0.000244
3 3 0.000352 0.000557 0.026907 0.972013 0.000170
3 3 0.000436 0.000479 0.016291 0.982616 0.000177
3 3 0.000446 0.000432 0.014235 0.984729 0.000158
3 3 0.000683 0.000546 0.014757 0.983827 0.000188
3 3 0.000134 0.000091 0.006291 0.993460 0.000024
3 3 0.000385 0.000253 0.009350 0.989933 0.000078
3 3 0.000135 0.000087 0.006476 0.993282 0.000021
3 3 0.000246 0.000188 0.009770 0.989743 0.000052
3 3 0.000253 0.000213 0.010156 0.989312 0.000066
3 3 0.000100 0.000091 0.009188 0.990601 0.000020
3 3 0.000110 0.000096 0.008022 0.991748 0.000025
3 3 0.000290 0.000217 0.009449 0.989977 0.000067
3 3 0.000132 0.000108 0.007010 0.992716 0.000034
3 3 0.000139 0.000101 0.006913 0.992820 0.000027
3 3 0.000050 0.000062 0.010801 0.989076 0.000011
3 3 0.000282 0.000162 0.007087 0.992423 0.000047
3 3 0.000402 0.000366 0.015452 0.983676 0.000103
3 3 0.000995 0.000608 0.014099 0.984110 0.000188
3 3 0.000628 0.000382 0.011939 0.986944 0.000107
3 3 0.000582 0.000307 0.009393 0.989629 0.000089
3 3 0.003738 0.003050 0.034488 0.957592 0.001132
3 3 0.003985 0.005788 0.082069 0.906322 0.001836
2 3 0.028860 0.130384 0.574334 0.236102 0.030320
2 3 0.033627 0.151003 0.581078 0.200959 0.033332
2 3 0.077469 0.140629 0.412115 0.347002 0.022785
2 3 0.046086 0.174833 0.550528 0.192662 0.035892
2 3 0.021915 0.116371 0.640288 0.199036 0.022390
2 3 0.013244 0.216103 0.621000 0.056872 0.092781
2 3 0.018364 0.207680 0.650204 0.062098 0.061653
2 3 0.014146 0.219949 0.638931 0.047912 0.079061
2 3 0.018666 0.249675 0.572668 0.052292 0.106698
2 3 0.016483 0.216865 0.686239 0.035189 0.045224
2 3 0.025218 0.183849 0.520807 0.180002 0.090124
2 3 0.027073 0.215345 0.527764 0.124894 0.104924
2 2 0.004131 0.076681 0.735523 0.154209 0.029456
2 2 0.011728 0.135956 0.614296 0.170208 0.067812
2 2 0.021338 0.211344 0.528322 0.119374 0.119622
2 2 0.011561 0.155524 0.705001 0.082084 0.045830
2 2 0.016600 0.187758 0.658225 0.078535 0.058881
2 2 0.025784 0.212878 0.554358 0.118149 0.088831
2 2 0.069137 0.246998 0.554721 0.096201 0.032943
2 2 0.028794 0.258621 0.521945 0.078122 0.112519
2 2 0.004048 0.109524 0.817259 0.041854 0.027315
2 2 0.001907 0.077185 0.853563 0.044442 0.022903
2 2 0.005298 0.099832 0.807322 0.065880 0.021668
2 2 0.012070 0.190811 0.631970 0.072596 0.092554
2 2 0.001585 0.065857 0.818416 0.084348 0.029794
2 2 0.004936 0.092413 0.716386 0.144836 0.041429
2 2 0.020101 0.210877 0.532524 0.115005 0.121492
2 2 0.001648 0.054746 0.784415 0.134387 0.024804
2 2 0.015220 0.176871 0.563761 0.140276 0.103872
2 2 0.008725 0.107186 0.652243 0.184744 0.047103
2 2 0.026754 0.182353 0.526235 0.178811 0.085846
2 2 0.006525 0.081080 0.655374 0.223677 0.033344
2 2 0.002263 0.028480 0.653872 0.308072 0.007313
2 2 0.004666 0.052568 0.630776 0.293597 0.018393
2 2 0.004676 0.051361 0.592388 0.331588 0.019987
2 3 0.014089 0.099083 0.537708 0.306294 0.042827
2 3 0.007197 0.051158 0.522107 0.401853 0.017685
3 3 0.004118 0.031941 0.475435 0.477637 0.010870
2 3 0.014030 0.064979 0.481599 0.420534 0.018859
2 3 0.004609 0.031950 0.488937 0.465094 0.009411
3 3 0.004285 0.017845 0.303328 0.669464 0.005077
3 3 0.004603 0.029629 0.388174 0.566126 0.011468
3 3 0.004561 0.028099 0.375983 0.580687 0.010671
3 3 0.007378 0.023863 0.288297 0.673457 0.007005
3 3 0.006408 0.016862 0.202096 0.769163 0.005471
3 3 0.000979 0.002927 0.137760 0.857749 0.000586
3 3 0.000780 0.003096 0.160811 0.834642 0.000671
3 3 0.001174 0.005421 0.202246 0.789751 0.001408
3 3 0.002943 0.009379 0.191198 0.793790 0.002689
3 3 0.001584 0.008268 0.252081 0.735763 0.002304
3 3 0.003181 0.010749 0.245713 0.737842 0.002515
3 3 0.004006 0.010622 0.191167 0.791395 0.002810
3 3 0.023964 0.028860 0.146650 0.792042 0.008484
3 3 0.008938 0.029113 0.311296 0.642118 0.008535
3 3 0.002812 0.009760 0.249887 0.735411 0.002130
2 3 0.013369 0.130854 0.657444 0.153978 0.044355
2 3 0.011400 0.080689 0.661876 0.227967 0.018067
2 3 0.006088 0.071616 0.746066 0.161077 0.015153
2 3 0.021504 0.139280 0.631504 0.170830 0.036882
2 3 0.010577 0.068090 0.605486 0.298552 0.017295
2 3 0.001270 0.034421 0.780999 0.172052 0.011258
2 3 0.002279 0.050009 0.819376 0.116756 0.011580
2 3 0.004120 0.058023 0.677561 0.238869 0.021427
2 3 0.009191 0.115869 0.647817 0.173824 0.053299
2 3 0.000471 0.013969 0.720709 0.260982 0.003869
2 3 0.020875 0.128729 0.521855 0.271665 0.056876
2 3 0.017712 0.143263 0.559048 0.211481 0.068495
2 3 0.013606 0.087491 0.518321 0.344480 0.036101
2 3 0.018566 0.124296 0.504238 0.290563 0.062336
2 3 0.060656 0.236067 0.479098 0.156808 0.067370
2 3 0.019152 0.119543 0.599219 0.225151 0.036935
2 3 0.005185 0.063322 0.624443 0.280678 0.026372
2 3 0.001763 0.034592 0.699550 0.251964 0.012131
2 3 0.020567 0.119891 0.519510 0.289749 0.050283
2 3 0.002672 0.045141 0.731078 0.207093 0.014017
2 2 0.004659 0.358182 0.418024 0.003575 0.215561
2 2 0.005416 0.365922 0.468866 0.003345 0.156451
2 4 0.008910 0.396617 0.417395 0.004664 0.172414
2 4 0.006876 0.371997 0.410601 0.002702 0.207824
2 4 0.004189 0.366036 0.466312 0.002432 0.161031
1 4 0.060881 0.440900 0.110043 0.000151 0.388025
4 4 0.050316 0.383333 0.094192 0.000076 0.472082
4 4 0.040609 0.368408 0.151424 0.000263 0.439296
4 4 0.031653 0.342585 0.121371 0.000079 0.504312
4 4 0.032838 0.396180 0.125272 0.000207 0.445503
4 4 0.067956 0.396632 0.064250 0.000098 0.471063
4 4 0.032075 0.386659 0.093739 0.000238 0.487289
4 4 0.071778 0.414043 0.071972 0.000155 0.442052
4 4 0.038697 0.340103 0.081910 0.000085 0.539205
4 4 0.044213 0.398785 0.099062 0.000130 0.457810
4 4 0.149715 0.171359 0.047356 0.000310 0.631260
4 4 0.108014 0.347901 0.089624 0.000798 0.453663
4 4 0.123776 0.359854 0.092895 0.000744 0.422730
1 4 0.070817 0.515559 0.104006 0.000569 0.309049
1 4 0.089473 0.442795 0.108924 0.001067 0.357740
1 4 0.034644 0.520916 0.198350 0.000326 0.245764
1 4 0.023005 0.444419 0.223418 0.000383 0.308775
1 4 0.054847 0.479997 0.175900 0.000244 0.289012
1 4 0.022653 0.419216 0.234099 0.000315 0.323718
1 4 0.017491 0.414980 0.243973 0.000238 0.323318
2 4 0.002891 0.358059 0.449381 0.000360 0.189310
2 4 0.003514 0.423801 0.454768 0.000684 0.117233
2 4 0.004999 0.397249 0.413307 0.000570 0.183875
2 4 0.001144 0.292802 0.528549 0.001206 0.176299
1 4 0.006004 0.432527 0.407357 0.000467 0.153645
2 4 0.000923 0.159846 0.804752 0.001877 0.032603
2 2 0.006414 0.294594 0.595287 0.006970 0.096735
2 2 0.004344 0.274294 0.648574 0.003967 0.068820
2 2 0.000414 0.093811 0.877678 0.000739 0.027358
2 2 0.007188 0.336597 0.582500 0.003459 0.070256
2 2 0.193578 0.180759 0.512533 0.105333 0.007797
1 2 0.231896 0.521985 0.185991 0.009031 0.051096
0 2 0.966027 0.021008 0.009014 0.000122 0.003829
0 0 0.959691 0.024365 0.011163 0.000185 0.004596
0 0 0.928923 0.033426 0.029458 0.001766 0.006427
0 0 0.988021 0.007276 0.000348 0.000000 0.004355
0 0 0.980474 0.010717 0.004724 0.000049 0.004036
0 0 0.992893 0.003528 0.001742 0.000012 0.001826
0 0 0.988690 0.006624 0.001647 0.000005 0.003034
0 0 0.993506 0.003538 0.000822 0.000002 0.002133
0 0 0.982418 0.008446 0.001988 0.000007 0.007140
0 0 0.970205 0.015741 0.003146 0.000012 0.010895
0 0 0.971909 0.015654 0.002541 0.000007 0.009889
0 0 0.988195 0.005424 0.002535 0.000021 0.003825
0 0 0.992851 0.002659 0.002256 0.000033 0.002200
0 0 0.960109 0.024581 0.005326 0.000029 0.009955
0 0 0.982117 0.008312 0.005437 0.000096 0.004039
0 0 0.946503 0.032758 0.009058 0.000086 0.011595
0 0 0.839586 0.118555 0.016238 0.000106 0.025516
0 0 0.971132 0.016672 0.004464 0.000028 0.007704
1 0 0.052632 0.475989 0.410165 0.006692 0.054522
2 0 0.015832 0.369993 0.513189 0.008329 0.092658
2 1 0.033278 0.414127 0.494566 0.007114 0.050916
2 1 0.013051 0.353836 0.536976 0.007576 0.088562
2 1 0.012402 0.363253 0.548720 0.005109 0.070516
2 1 0.001165 0.180317 0.738321 0.003705 0.076493
2 2 0.001196 0.153955 0.802187 0.003504 0.039158
2 2 0.002786 0.223321 0.716540 0.003702 0.053652
2 2 0.002295 0.211471 0.736502 0.003121 0.046611
2 2 0.004632 0.224638 0.710530 0.006999 0.053201
2 2 0.001189 0.092254 0.853843 0.019585 0.033128
2 2 0.002296 0.123129 0.772785 0.034604 0.067185
2 2 0.001759 0.098186 0.835979 0.028658 0.035418
2 2 0.006964 0.162267 0.661714 0.074147 0.094909
2 2 0.005151 0.221681 0.581332 0.024293 0.167543
2 2 0.008915 0.194332 0.636978 0.054121 0.105654
2 2 0.001115 0.074556 0.869022 0.029619 0.025687
2 2 0.007533 0.177178 0.643189 0.065490 0.106610
2 2 0.001715 0.099225 0.822865 0.033015 0.043180
2 2 0.003966 0.113790 0.754128 0.073865 0.054250
2 2 0.000689 0.035540 0.861288 0.089725 0.012759
2 2 0.002310 0.066485 0.805961 0.100453 0.024791
2 2 0.009811 0.148952 0.652458 0.114682 0.074097
2 2 0.000900 0.038043 0.871050 0.079994 0.010013
2 2 0.011360 0.138242 0.642532 0.144913 0.062953
2 2 0.004154 0.056745 0.690487 0.229375 0.019238
2 2 0.001125 0.021375 0.654522 0.316374 0.006605
2 2 0.013900 0.120833 0.555047 0.249237 0.060983
2 3 0.000921 0.023171 0.738639 0.230316 0.006952
2 3 0.008385 0.077615 0.597366 0.285761 0.030872
2 3 0.001574 0.018833 0.555599 0.418860 0.005134
2 3 0.004011 0.028744 0.487395 0.471609 0.008241
3 3 0.001498 0.012192 0.441096 0.542458 0.002757
3 3 0.008323 0.042190 0.389467 0.543809 0.016210
3 3 0.002363 0.015429 0.391598 0.586575 0.004035
3 3 0.001161 0.006174 0.228111 0.762883 0.001670
3 3 0.002929 0.011055 0.211809 0.770665 0.003541
3 3 0.003762 0.017225 0.245860 0.726167 0.006986
3 3 0.002405 0.009814 0.185515 0.798542 0.003723
3 3 0.007602 0.023105 0.203807 0.755333 0.010154
3 3 0.005834 0.013555 0.147836 0.827572 0.005204
3 3 0.001841 0.005681 0.125616 0.864868 0.001995
3 3 0.002807 0.004719 0.080553 0.909913 0.002008
3 3 0.007292 0.012466 0.111927 0.863339 0.004976
3 3 0.003436 0.006362 0.081736 0.905814 0.002652
3 3 0.000999 0.001428 0.048804 0.948419 0.000351
3 3 0.001069 0.001394 0.044664 0.952527 0.000347
3 3 0.001064 0.001670 0.058585 0.938289 0.000392
3 3 0.000955 0.001121 0.037607 0.960043 0.000274
3 3 0.001523 0.002238 0.054338 0.941246 0.000656
3 3 0.000462 0.000466 0.023405 0.975565 0.000102
3 3 0.000446 0.000318 0.013604 0.985554 0.000078
3 3 0.000615 0.000693 0.030544 0.967993 0.000155
3 3 0.003159 0.003468 0.050395 0.941835 0.001143
3 3 0.002459 0.002809 0.049254 0.944616 0.000862
3 3 0.002324 0.002371 0.040834 0.953725 0.000746
3 3 0.003220 0.002560 0.031179 0.962095 0.000946
3 3 0.003450 0.003615 0.048363 0.943336 0.001235
3 3 0.004740 0.005338 0.059638 0.928367 0.001917
3 3 0.003487 0.002826 0.032960 0.959670 0.001056
3 3 0.003281 0.005068 0.084445 0.905700 0.001505
3 3 0.003767 0.005785 0.087454 0.901215 0.001779
3 3 0.001805 0.002637 0.064239 0.930625 0.000694
3 3 0.004360 0.007154 0.100710 0.885547 0.002230
3 3 0.004561 0.006236 0.078401 0.908720 0.002083
3 3 0.004388 0.003761 0.038672 0.951724 0.001455
3 3 0.002248 0.001639 0.024258 0.971282 0.000574
3 3 0.002577 0.001941 0.026689 0.968099 0.000694
3 3 0.000701 0.000410 0.011695 0.987075 0.000119
3 3 0.001518 0.000965 0.018105 0.979087 0.000325
3 3 0.001135 0.000703 0.015024 0.982916 0.000223
3 3 0.000870 0.000519 0.012954 0.985501 0.000157
3 3 0.001077 0.000659 0.014488 0.983568 0.000208
3 3 0.000662 0.000352 0.010184 0.988698 0.000104
3 3 0.002088 0.001495 0.023039 0.972860 0.000518
3 3 0.000988 0.000592 0.013628 0.984609 0.000184
3 3 0.000768 0.000434 0.011422 0.987246 0.000130
3 3 0.001382 0.000897 0.017256 0.980172 0.000293
3 3 0.000386 0.000185 0.007033 0.992346 0.000050
3 3 0.001247 0.000790 0.016058 0.981650 0.000254
3 3 0.000534 0.000286 0.009128 0.989969 0.000083
3 3 0.000461 0.000231 0.007974 0.991270 0.000064
3 3 0.000528 0.000273 0.008796 0.990325 0.000078
3 3 0.000516 0.000265 0.008628 0.990516 0.000075
3 3 0.000465 0.000233 0.008025 0.991211 0.000065
3 3 0.000127 0.000088 0.008457 0.991312 0.000016
3 3 0.000814 0.000466 0.011902 0.986677 0.000141
3 3 0.000200 0.000111 0.007017 0.992648 0.000025
3 3 0.000704 0.000389 0.010744 0.988047 0.000115
3 3 0.000165 0.000132 0.011534 0.988145 0.000025
3 3 0.000765 0.000432 0.011393 0.987281 0.000129
3 3 0.000655 0.000356 0.010216 0.988668 0.000104
3 3 0.000577 0.000292 0.009184 0.989861 0.000085
3 3 0.002266 0.001319 0.022227 0.973683 0.000504
3 3 0.001043 0.000633 0.014163 0.983962 0.000198
2 3 0.114016 0.199552 0.426860 0.232622 0.026951
2 3 0.028280 0.169417 0.550068 0.187986 0.064248
2 3 0.015500 0.066138 0.537674 0.367153 0.013535
2 2 0.010944 0.080744 0.742443 0.155330 0.010540
2 2 0.031545 0.135845 0.563454 0.237535 0.031621
2 2 0.010110 0.067818 0.622600 0.282563 0.016909
2 2 0.000313 0.010574 0.834753 0.152911 0.001449
2 2 0.000402 0.008599 0.642386 0.346837 0.001776
2 2 0.000329 0.008011 0.719202 0.271209 0.001248
2 2 0.013740 0.096980 0.615994 0.242450 0.030836
2 2 0.003122 0.117343 0.803633 0.035225 0.040677
2 2 0.000708 0.070259 0.892985 0.015757 0.020292
2 2 0.010547 0.234804 0.583621 0.039498 0.131530
2 2 0.007081 0.235270 0.615052 0.022497 0.120099
2 2 0.019196 0.279572 0.564685 0.034806 0.101741
1 4 0.009684 0.525263 0.229714 0.001139 0.234200
4 4 0.006188 0.303337 0.236606 0.000336 0.453533
4 4 0.010798 0.318448 0.218262 0.000363 0.452129
1 4 0.018194 0.476358 0.177953 0.000533 0.326963
1 4 0.010885 0.456844 0.249516 0.001139 0.281616
4 4 0.018887 0.238116 0.065542 0.000267 0.677188
4 4 0.079740 0.373876 0.088014 0.000536 0.457835
4 4 0.014464 0.229496 0.087072 0.000549 0.668418
4 4 0.065724 0.205022 0.049946 0.000174 0.679135
4 4 0.043553 0.095094 0.028840 0.000112 0.832401
4 4 0.029606 0.393598 0.124297 0.000074 0.452424
1 4 0.015762 0.431568 0.135420 0.000033 0.417217
1 4 0.026459 0.438604 0.120594 0.000036 0.414307
1 4 0.056171 0.496638 0.084675 0.000205 0.362311
1 4 0.043029 0.506258 0.116612 0.000284 0.333816
4 4 0.150059 0.348455 0.113713 0.000672 0.387100
1 4 0.061379 0.513304 0.155005 0.001196 0.269117
1 4 0.102853 0.507629 0.133863 0.000511 0.255144
1 4 0.040660 0.495833 0.160371 0.000484 0.302653
1 4 0.033908 0.497912 0.152147 0.000415 0.315618
1 4 0.053425 0.621445 0.188744 0.000078 0.136308
1 4 0.021911 0.596077 0.247567 0.001138 0.133307
1 4 0.039167 0.527757 0.230370 0.000342 0.202363
1 4 0.034984 0.567459 0.244563 0.000550 0.152445
1 4 0.025284 0.475263 0.269392 0.000436 0.229624
2 4 0.001105 0.340303 0.548062 0.000426 0.110104
2 4 0.002960 0.340287 0.515012 0.000862 0.140878
2 4 0.001866 0.329731 0.535840 0.001134 0.131429
2 4 0.001167 0.314048 0.543447 0.000315 0.141023
2 4 0.002179 0.384257 0.496707 0.000407 0.116450
2 4 0.002928 0.249989 0.591910 0.006890 0.148283
2 4 0.001261 0.205038 0.648840 0.004591 0.140270
2 4 0.001451 0.175967 0.729201 0.006723 0.086657
2 4 0.001887 0.254008 0.619044 0.003088 0.121973
2 4 0.004148 0.320774 0.579003 0.002707 0.093368
2 2 0.000349 0.112915 0.868026 0.000859 0.017851
2 2 0.001884 0.186847 0.779355 0.002394 0.029520
2 2 0.002894 0.236687 0.701322 0.003267 0.055829
2 2 0.005546 0.283699 0.658282 0.003357 0.049117
2 2 0.001001 0.182404 0.785596 0.001119 0.029880
2 2 0.000450 0.156920 0.821370 0.000409 0.020851
2 2 0.000586 0.188791 0.786879 0.000336 0.023408
2 2 0.003268 0.282402 0.667983 0.001539 0.044808
2 2 0.000797 0.188298 0.767157 0.001065 0.042684
2 2 0.000382 0.163119 0.813879 0.000226 0.022395
2 2 0.018648 0.297659 0.624610 0.012514 0.046569
2 2 0.008619 0.259813 0.693767 0.005302 0.032500
2 2 0.001188 0.111729 0.867760 0.004477 0.014846
2 2 0.001610 0.122135 0.855998 0.004354 0.015903
2 2 0.030314 0.367097 0.553749 0.008425 0.040415
1 2 0.085800 0.431017 0.427065 0.012434 0.043683
2 2 0.038735 0.350110 0.531290 0.020351 0.059514
2 2 0.024751 0.336986 0.563578 0.014580 0.060105
2 2 0.029630 0.337081 0.542072 0.020487 0.070730
2 2 0.011951 0.257732 0.680053 0.011395 0.038869
2 2 0.001083 0.124002 0.836575 0.006294 0.032046
2 2 0.000662 0.122996 0.835358 0.003605 0.037378
2 2 0.002895 0.236370 0.690523 0.003941 0.066272
2 2 0.000285 0.053103 0.923260 0.001879 0.021473
2 2 0.003205 0.198147 0.719824 0.010085 0.068739
2 2 0.007325 0.281171 0.667643 0.003982 0.039879
2 2 0.047264 0.362422 0.547371 0.011497 0.031446
2 2 0.036966 0.376378 0.534325 0.010084 0.042246
2 2 0.003304 0.202552 0.766428 0.003121 0.024595
2 2 0.009402 0.270016 0.663426 0.008631 0.048526
2 2 0.002365 0.117321 0.826856 0.020813 0.032646
2 2 0.003548 0.150261 0.745165 0.032807 0.068219
2 2 0.002234 0.110393 0.802773 0.036211 0.048390
2 2 0.004486 0.190155 0.715018 0.017259 0.073083
2 2 0.005148 0.210073 0.660969 0.019959 0.103850
2 2 0.005663 0.154286 0.670908 0.072239 0.096904
2 2 0.003611 0.145389 0.697329 0.053919 0.099752
2 2 0.015620 0.258915 0.485777 0.054539 0.185149
2 2 0.007808 0.164627 0.635480 0.088672 0.103413
2 2 0.006283 0.202213 0.621638 0.037571 0.132294
2 2 0.037342 0.308335 0.555753 0.034410 0.064160
2 0 0.050162 0.342461 0.529042 0.026137 0.052198
2 2 0.046117 0.325607 0.541757 0.030879 0.055641
2 2 0.016861 0.268636 0.639378 0.019822 0.055302
2 2 0.025758 0.288572 0.598939 0.027010 0.059721
2 2 0.005129 0.107852 0.846404 0.027143 0.013471
2 2 0.001835 0.070243 0.885702 0.029483 0.012737
2 2 0.005195 0.128900 0.792684 0.039373 0.033847
2 2 0.001671 0.062504 0.891338 0.033806 0.010682
2 2 0.002466 0.062232 0.874446 0.050658 0.010198
2 2 0.016308 0.224003 0.690043 0.029373 0.040273
2 2 0.007434 0.163167 0.783055 0.021161 0.025183
2 2 0.010295 0.166526 0.771291 0.027800 0.024087
2 2 0.010315 0.142843 0.815610 0.020499 0.010733
2 2 0.046109 0.329743 0.544530 0.027568 0.052051
2 2 0.045724 0.346925 0.553249 0.016178 0.037924
2 2 0.044328 0.327679 0.553845 0.025366 0.048781
2 2 0.032962 0.308830 0.614735 0.013549 0.029924
2 2 0.006787 0.157294 0.797874 0.017867 0.020179
2 2 0.048821 0.347490 0.538198 0.020602 0.044890
2 2 0.030752 0.282488 0.620208 0.024925 0.041627
2 2 0.004034 0.122435 0.838300 0.018054 0.017177
2 2 0.003018 0.106947 0.859619 0.016531 0.013885
2 2 0.037751 0.295374 0.574618 0.036059 0.056199
2 2 0.038997 0.300581 0.569897 0.034777 0.055747
1 2 0.325068 0.508488 0.113093 0.006125 0.047226
0 2 0.955665 0.025680 0.012793 0.000257 0.005606
0 0 0.982475 0.008228 0.005472 0.000097 0.003728
0 0 0.977754 0.012033 0.004698 0.000044 0.005471
0 0 0.985018 0.007195 0.003962 0.000049 0.003776
0 0 0.969767 0.015798 0.003188 0.000013 0.011234
0 0 0.978126 0.009871 0.005563 0.000089 0.006351
0 0 0.982137 0.008228 0.004056 0.000047 0.005533
0 0 0.665119 0.257926 0.038160 0.000491 0.038303
0 0 0.971873 0.010939 0.011427 0.000513 0.005248
1 0 0.190495 0.414287 0.269043 0.012430 0.113745
2 0 0.203534 0.333664 0.335094 0.010779 0.116929
2 0 0.083409 0.409660 0.421478 0.024186 0.061268
2 1 0.065048 0.376528 0.421261 0.039867 0.097295
2 2 0.035649 0.396621 0.404699 0.022146 0.140884
2 2 0.003366 0.234682 0.667676 0.006874 0.087403
2 2 0.006710 0.295943 0.626146 0.005002 0.066199
2 2 0.004372 0.231495 0.709400 0.005563 0.049169
2 2 0.011217 0.293715 0.617322 0.010201 0.067545
2 2 0.007360 0.274482 0.649222 0.007053 0.061882
2 2 0.000646 0.096427 0.865899 0.006260 0.030768
2 2 0.000083 0.040921 0.950357 0.001476 0.007163
2 2 0.000241 0.056888 0.935910 0.001452 0.005508
2 2 0.000881 0.100748 0.867991 0.006680 0.023700
2 2 0.000905 0.101000 0.873791 0.004952 0.019351
2 2 0.001250 0.040452 0.925185 0.029674 0.003439
2 2 0.029586 0.266527 0.616658 0.036200 0.051028
2 2 0.050741 0.345161 0.549778 0.018257 0.036063
2 2 0.021324 0.209800 0.695361 0.039940 0.033575
2 2 0.001990 0.083885 0.879566 0.021367 0.013191
2 2 0.000726 0.088137 0.896834 0.003350 0.010954
2 2 0.001021 0.077978 0.907159 0.005898 0.007943
2 2 0.001121 0.077939 0.903819 0.007579 0.009541
2 2 0.003809 0.196279 0.779914 0.002584 0.017413
2 2 0.013591 0.280148 0.661182 0.008233 0.036846
2 2 0.012965 0.195505 0.763912 0.012359 0.015259
2 2 0.016562 0.234036 0.721841 0.009782 0.017779
2 2 0.031029 0.309090 0.625321 0.010056 0.024505
2 2 0.013341 0.212959 0.742857 0.011829 0.019012
2 2 0.003916 0.157928 0.805507 0.008887 0.023762
2 2 0.133879 0.155872 0.509783 0.189473 0.010993
0 2 0.575989 0.278159 0.113600 0.008166 0.024087
0 0 0.840323 0.090059 0.053326 0.003081 0.013212
0 0 0.940037 0.024919 0.024160 0.001548 0.009337
0 0 0.951488 0.026871 0.012272 0.000235 0.009133
0 0 0.873255 0.067977 0.023696 0.000564 0.034507
0 0 0.918675 0.035006 0.014564 0.000327 0.031427
0 0 0.856984 0.083088 0.020076 0.000296 0.039556
1 0 0.346709 0.485480 0.109977 0.005860 0.051974
1 0 0.269179 0.484907 0.150653 0.016589 0.078672
1 4 0.005817 0.444334 0.440336 0.001137 0.108376
2 4 0.001906 0.376431 0.489590 0.000656 0.131417
1 4 0.007325 0.490626 0.362066 0.000238 0.139745
1 4 0.007875 0.485303 0.388011 0.001151 0.117660
1 4 0.007648 0.458498 0.426046 0.001280 0.106528
1 4 0.019692 0.414650 0.167952 0.001851 0.395854
1 4 0.011615 0.417019 0.163399 0.001527 0.406440
4 4 0.075393 0.158537 0.060188 0.000173 0.705710
4 4 0.039911 0.338542 0.101686 0.000707 0.519154
4 4 0.056934 0.153072 0.085581 0.000136 0.704278
1 4 0.063958 0.438221 0.129280 0.001266 0.367274
1 4 0.112410 0.445363 0.118502 0.001794 0.321932
4 4 0.138807 0.319597 0.103215 0.001072 0.437310
1 4 0.079796 0.413171 0.107552 0.000905 0.398575
4 4 0.138178 0.325243 0.107467 0.000661 0.428451
4 4 0.235252 0.215222 0.056980 0.000513 0.492033
4 4 0.243695 0.231039 0.057412 0.000449 0.467404
4 4 0.241844 0.294180 0.064136 0.000403 0.399438
4 4 0.283154 0.092122 0.029897 0.000174 0.594652
4 4 0.175284 0.351678 0.082220 0.000675 0.390143
0 4 0.398008 0.200161 0.045013 0.000328 0.356490
1 4 0.097377 0.471809 0.103330 0.000760 0.326724
1 4 0.148152 0.544055 0.102465 0.000777 0.204552
1 4 0.149349 0.551525 0.104651 0.000860 0.193616
4 4 0.227522 0.269225 0.062039 0.000257 0.440958
4 4 0.094597 0.085518 0.018536 0.000026 0.801323
4 4 0.097372 0.171429 0.031343 0.000039 0.699817
4 4 0.100001 0.214528 0.036476 0.000042 0.648953
4 4 0.098415 0.052017 0.012608 0.000020 0.836940
4 4 0.101920 0.182345 0.031459 0.000034 0.684242
4 4 0.166313 0.065614 0.015991 0.000037 0.752045
4 4 0.263042 0.110489 0.022305 0.000047 0.604117
4 4 0.073887 0.315979 0.055271 0.000089 0.554774
4 4 0.085004 0.241813 0.057275 0.000229 0.615680
4 4 0.085187 0.248279 0.045416 0.000072 0.621046
4 4 0.097038 0.218581 0.031941 0.000021 0.652418
4 4 0.097539 0.180906 0.024336 0.000010 0.697209
4 4 0.091145 0.274583 0.039060 0.000028 0.595183
4 4 0.069678 0.299417 0.041386 0.000026 0.589492
4 4 0.077887 0.234822 0.033562 0.000020 0.653709
1 4 0.074159 0.455020 0.126289 0.000384 0.344147
1 4 0.088552 0.506094 0.104627 0.000652 0.300075
4 4 0.128030 0.382376 0.084713 0.000290 0.404591
4 4 0.183238 0.184152 0.072884 0.000149 0.559577
1 4 0.130097 0.501252 0.113731 0.001306 0.253615
1 4 0.104231 0.611068 0.130240 0.001867 0.152594
4 4 0.037052 0.334719 0.134503 0.000188 0.493537
1 4 0.082904 0.496541 0.107425 0.000250 0.312881
1 4 0.087598 0.454452 0.111628 0.000259 0.346062
4 4 0.185998 0.312271 0.110826 0.000628 0.390278
1 4 0.087808 0.557437 0.218777 0.000477 0.135501
1 4 0.108682 0.575578 0.189346 0.001447 0.124947
1 4 0.123747 0.622260 0.173092 0.003262 0.077639
1 4 0.046616 0.642211 0.237782 0.001235 0.072157
1 4 0.076222 0.601184 0.220053 0.000932 0.101609
1 4 0.019438 0.569268 0.335527 0.000809 0.074958
1 4 0.032081 0.502011 0.313457 0.000268 0.152183
1 4 0.013186 0.547349 0.369657 0.000427 0.069381
1 4 0.013308 0.521417 0.362874 0.000364 0.102037
1 4 0.008012 0.468188 0.423057 0.001244 0.099499
1 4 0.167836 0.586128 0.176764 0.001450 0.067823
1 4 0.108554 0.551081 0.188328 0.000540 0.151497
1 4 0.046240 0.589612 0.304762 0.001699 0.057687
1 4 0.053569 0.574841 0.294067 0.003139 0.074383
1 4 0.035430 0.577111 0.323654 0.001679 0.062126
1 4 0.047711 0.470883 0.431333 0.005210 0.044862
2 4 0.019766 0.460217 0.464332 0.002403 0.053282
1 4 0.029542 0.456324 0.447533 0.004766 0.061835
1 4 0.093559 0.500622 0.340085 0.003305 0.062430
1 4 0.082341 0.546031 0.315409 0.004727 0.051492
2 4 0.004608 0.360053 0.588073 0.000941 0.046325
2 4 0.001608 0.279851 0.655814 0.000880 0.061847
2 4 0.005394 0.364382 0.573783 0.001326 0.055116
2 4 0.006035 0.371592 0.572488 0.001238 0.048647
2 4 0.002146 0.294335 0.655104 0.000800 0.047615
2 2 0.006564 0.287169 0.659102 0.003511 0.043654
2 2 0.004488 0.251644 0.699517 0.003305 0.041046
2 2 0.000318 0.110300 0.871697 0.000776 0.016910
2 2 0.000867 0.183798 0.783322 0.000899 0.031114
2 2 0.000856 0.115484 0.865874 0.002356 0.015431
2 2 0.001982 0.253657 0.688579 0.001478 0.054304
2 2 0.003681 0.285643 0.671163 0.001438 0.038076
2 2 0.002459 0.239482 0.725154 0.001358 0.031547
2 2 0.000751 0.156463 0.823639 0.000773 0.018374
2 2 0.020562 0.420039 0.511037 0.003253 0.045108
2 2 0.074826 0.420879 0.450362 0.013078 0.040854
1 2 0.082954 0.435867 0.410266 0.016343 0.054571
2 2 0.077668 0.418180 0.441635 0.015936 0.046582
1 2 0.085280 0.429399 0.420365 0.016167 0.048789
0 2 0.370781 0.279023 0.274183 0.038969 0.037044
0 2 0.334997 0.322546 0.094171 0.001453 0.246833
1 2 0.090566 0.509640 0.298821 0.011924 0.089049
1 2 0.092009 0.495572 0.289426 0.015828 0.107165
1 2 0.054954 0.478741 0.328878 0.013138 0.124289
1 2 0.110480 0.533640 0.253755 0.010580 0.091545
2 2 0.001158 0.169253 0.786406 0.002673 0.040509
2 2 0.000163 0.066470 0.922900 0.001027 0.009441
2 2 0.000830 0.090941 0.893027 0.003960 0.011242
2 2 0.000588 0.107304 0.872793 0.002130 0.017186
2 2 0.003715 0.207174 0.733049 0.006773 0.049289
2 2 0.000482 0.074873 0.887756 0.009452 0.027437
2 2 0.001449 0.093705 0.847578 0.024040 0.033227
2 2 0.000134 0.034309 0.947329 0.008228 0.010000
2 2 0.002236 0.128351 0.796847 0.021053 0.051513
2 2 0.000841 0.107600 0.854193 0.006351 0.031015
2 2 0.001327 0.044485 0.845404 0.095788 0.012996
2 2 0.004496 0.075845 0.748658 0.145654 0.025347
2 2 0.002650 0.064299 0.833911 0.083255 0.015885
2 2 0.000150 0.012680 0.939463 0.045746 0.001961
2 2 0.005408 0.075632 0.717659 0.175479 0.025823
2 2 0.003344 0.083766 0.779983 0.100610 0.032297
2 2 0.010202 0.157032 0.651034 0.104094 0.077637
2 2 0.001617 0.058850 0.876429 0.050063 0.013041
2 2 0.008645 0.144678 0.703429 0.087736 0.055513
2 2 0.008284 0.121445 0.729698 0.101421 0.039152
2 3 0.006391 0.113160 0.664310 0.153906 0.062233
2 3 0.011966 0.128533 0.579195 0.210355 0.069951
2 3 0.007864 0.095753 0.616329 0.232746 0.047308
2 3 0.002694 0.054583 0.705149 0.213825 0.023749
2 3 0.004274 0.090094 0.665826 0.184797 0.055009
2 3 0.013337 0.091208 0.691627 0.186555 0.017273
2 3 0.009565 0.063633 0.693235 0.223435 0.010131
2 3 0.009380 0.069617 0.800630 0.114998 0.005375
2 3 0.004145 0.034122 0.763894 0.194583 0.003257
2 3 0.003956 0.028930 0.729288 0.235187 0.002640
2 3 0.000351 0.012221 0.746227 0.237948 0.003254
2 3 0.003291 0.030692 0.559846 0.397312 0.008859
2 3 0.001523 0.016610 0.531406 0.446243 0.004219
2 3 0.008204 0.052445 0.516909 0.405343 0.017100
2 3 0.011284 0.073584 0.517165 0.369266 0.028700
2 3 0.002064 0.020070 0.515781 0.456618 0.005467
3 3 0.003141 0.022888 0.438683 0.528329 0.006959
3 3 0.002214 0.015982 0.382153 0.594818 0.004833
3 3 0.007027 0.030777 0.386803 0.566583 0.008810
3 3 0.004956 0.033152 0.456163 0.494828 0.010900
3 3 0.000822 0.004342 0.227321 0.766575 0.000940
3 3 0.006299 0.014549 0.170648 0.803684 0.004820
3 3 0.002738 0.010288 0.240473 0.743858 0.002644
3 3 0.002201 0.007389 0.185489 0.802933 0.001987
3 3 0.001145 0.004568 0.210863 0.782535 0.000889
3 3 0.000893 0.002919 0.158701 0.836963 0.000525
3 3 0.002162 0.006256 0.164925 0.825102 0.001556
3 3 0.000951 0.003048 0.159879 0.835575 0.000548
3 3 0.000498 0.001334 0.103117 0.894837 0.000213
3 3 0.001245 0.003039 0.120390 0.874705 0.000621
3 3 0.001782 0.003278 0.089777 0.904366 0.000797
3 3 0.000866 0.001618 0.068739 0.928421 0.000356
3 3 0.001472 0.002595 0.074684 0.920590 0.000660
3 3 0.001253 0.002476 0.081670 0.913997 0.000603
3 3 0.000526 0.001087 0.063155 0.935007 0.000225
3 3 0.000630 0.002060 0.131300 0.865631 0.000379
3 3 0.003865 0.008830 0.138982 0.845549 0.002774
3 3 0.000887 0.001579 0.060635 0.936517 0.000382
3 3 0.002718 0.007955 0.179335 0.807911 0.002082
3 3 0.000703 0.003536 0.205635 0.789386 0.000739
3 3 0.004415 0.009953 0.157946 0.824863 0.002824
3 3 0.003654 0.009778 0.188547 0.795499 0.002522
3 3 0.002978 0.006671 0.134548 0.854001 0.001803
3 3 0.002516 0.005622 0.126658 0.863733 0.001471
3 3 0.004839 0.007632 0.098248 0.886813 0.002469
3 3 0.000554 0.001284 0.077906 0.920005 0.000251
3 3 0.000626 0.001915 0.120214 0.876890 0.000356
3 3 0.002199 0.002567 0.049067 0.945405 0.000762
3 3 0.000890 0.001307 0.051391 0.946121 0.000291
3 3 0.000994 0.001798 0.072630 0.924194 0.000384
3 3 0.001468 0.001125 0.022703 0.974352 0.000352
3 3 0.002482 0.001853 0.026000 0.969006 0.000659
3 3 0.005271 0.004725 0.043910 0.944216 0.001878
3 3 0.004093 0.003449 0.036845 0.954293 0.001320
3 3 0.005048 0.004478 0.042618 0.946088 0.001768
3 3 0.002382 0.001761 0.025262 0.969973 0.000622
3 3 0.004242 0.003606 0.037773 0.952992 0.001387
3 3 0.000975 0.000651 0.016051 0.982129 0.000194
3 3 0.002441 0.001815 0.025700 0.969400 0.000644
3 3 0.002465 0.001838 0.025877 0.969168 0.000653
2 3 0.059624 0.176658 0.488105 0.237932 0.037681
2 3 0.083509 0.312606 0.442705 0.088300 0.072880
2 3 0.049075 0.216293 0.579034 0.116845 0.038752
2 2 0.028589 0.141627 0.650383 0.156624 0.022778
2 2 0.036547 0.171668 0.600824 0.156860 0.034100
2 2 0.010246 0.171799 0.631617 0.094999 0.091339
2 2 0.021649 0.233844 0.549336 0.080322 0.114849
2 2 0.000265 0.030156 0.931274 0.028355 0.009949
2 2 0.003553 0.105978 0.770454 0.073561 0.046455
2 2 0.011537 0.180136 0.603854 0.099543 0.104930
2 2 0.000090 0.029622 0.956928 0.005901 0.007460
2 2 0.006770 0.162974 0.691715 0.058020 0.080522
2 2 0.000563 0.063929 0.884573 0.021968 0.028967
2 2 0.000221 0.039087 0.939968 0.010812 0.009913
2 2 0.003037 0.147722 0.744597 0.028295 0.076350
2 2 0.002954 0.334216 0.473183 0.002511 0.187136
2 2 0.001679 0.344659 0.473950 0.001013 0.178699
2 2 0.002578 0.403528 0.448937 0.000763 0.144194
2 2 0.004602 0.415975 0.427290 0.001459 0.150674
2 4 0.006842 0.342293 0.358632 0.000305 0.291928
4 4 0.072865 0.216937 0.055603 0.000254 0.654341
4 4 0.071902 0.169019 0.046665 0.000227 0.712186
4 4 0.091838 0.097804 0.033427 0.000164 0.776767
4 4 0.041986 0.277962 0.079046 0.000543 0.600463
4 4 0.064214 0.258197 0.075014 0.000605 0.601970
4 4 0.035527 0.252852 0.061167 0.000200 0.650254
4 4 0.086807 0.108307 0.028093 0.000086 0.776707
4 4 0.040885 0.286801 0.066637 0.000222 0.605454
4 4 0.036482 0.243031 0.055843 0.000122 0.664522
4 4 0.043284 0.383614 0.073011 0.000164 0.499927
4 4 0.134052 0.186035 0.062733 0.000337 0.616843
4 4 0.152846 0.225783 0.060196 0.000453 0.560723
4 4 0.172422 0.302894 0.073027 0.000549 0.451108
1 4 0.122936 0.433638 0.094887 0.000678 0.347861
4 4 0.099806 0.255214 0.064035 0.000355 0.580590
1 4 0.039028 0.618569 0.249747 0.000340 0.092316
1 4 0.060457 0.602282 0.218559 0.000551 0.118151
1 4 0.033302 0.586011 0.283758 0.000723 0.096206
1 4 0.329868 0.394530 0.105602 0.001278 0.168723
1 4 0.039911 0.532442 0.292367 0.000213 0.135065
1 4 0.046901 0.392376 0.256513 0.000081 0.304128
1 4 0.029081 0.482549 0.268316 0.000184 0.219870
1 4 0.044025 0.508520 0.252096 0.000149 0.195209
1 4 0.036085 0.612196 0.243398 0.000797 0.107524
1 4 0.069644 0.637247 0.193541 0.000654 0.098914
1 4 0.286479 0.534262 0.136401 0.004653 0.038204
0 4 0.522578 0.297611 0.098898 0.001551 0.079363
0 4 0.416839 0.394696 0.118264 0.003209 0.066993
1 4 0.225839 0.531580 0.189795 0.007348 0.045438
1 4 0.239622 0.522306 0.177389 0.008833 0.051850
2 4 0.005511 0.355160 0.529639 0.002899 0.106791
2 4 0.004576 0.342748 0.543035 0.002648 0.106993
2 4 0.003098 0.313756 0.557224 0.002590 0.123332
2 4 0.001266 0.284425 0.612862 0.000979 0.100469
2 4 0.004975 0.317911 0.562712 0.004148 0.110254
2 4 0.028381 0.410973 0.452820 0.012104 0.095722
1 4 0.075159 0.485733 0.341470 0.012761 0.084877
1 4 0.162343 0.480391 0.238617 0.005166 0.113482
1 4 0.119884 0.512327 0.311509 0.008561 0.047719
1 4 0.074460 0.507460 0.362198 0.006283 0.049599
1 4 0.035463 0.490929 0.377457 0.005756 0.090395
1 4 0.025517 0.433645 0.407803 0.009203 0.123832
1 4 0.025531 0.454744 0.420141 0.005916 0.093668
1 4 0.043977 0.508556 0.363756 0.005413 0.078298
1 4 0.116888 0.500711 0.287860 0.006062 0.088480
1 4 0.161214 0.533245 0.262210 0.006198 0.037133
1 4 0.137414 0.505730 0.306883 0.008748 0.041225
1 4 0.125254 0.501017 0.328266 0.007942 0.037521
1 4 0.141962 0.509397 0.298949 0.008531 0.041160
1 0 0.101317 0.473336 0.379371 0.008972 0.037003
1 0 0.043495 0.464631 0.442618 0.004941 0.044314
1 4 0.037680 0.449225 0.438212 0.007448 0.067435
2 4 0.026112 0.441611 0.467892 0.004636 0.059749
2 4 0.024838 0.424548 0.476415 0.005959 0.068240
2 4 0.021630 0.431767 0.480553 0.004222 0.061828
2 4 0.015264 0.409152 0.555774 0.000946 0.018863
2 4 0.001122 0.212714 0.758478 0.000613 0.027073
2 2 0.000736 0.222543 0.740448 0.000375 0.035898
2 2 0.000898 0.182361 0.782345 0.000125 0.034271
2 2 0.000773 0.112197 0.861073 0.000343 0.025614
2 2 0.000601 0.103042 0.877393 0.001330 0.017633
2 2 0.002687 0.190607 0.777120 0.003011 0.026576
2 2 0.000199 0.083857 0.901270 0.000841 0.013832
2 2 0.000343 0.088724 0.903504 0.000635 0.006794
2 2 0.000388 0.080022 0.907068 0.001939 0.010583
2 2 0.001479 0.101500 0.870507 0.009334 0.017180
2 2 0.036874 0.302420 0.586923 0.026910 0.046873
2 2 0.005516 0.152337 0.806478 0.014900 0.020770
2 2 0.001583 0.088360 0.886167 0.011229 0.012661
2 2 0.003097 0.131900 0.843209 0.007411 0.014383
2 2 0.000632 0.089558 0.890728 0.003800 0.015282
2 2 0.000288 0.053487 0.932920 0.004396 0.008910
2 2 0.003673 0.182984 0.762701 0.009144 0.041499
2 2 0.001150 0.106641 0.858154 0.008307 0.025749
2 2 0.005528 0.245402 0.687821 0.006530 0.054719
2 2 0.062255 0.403145 0.490229 0.010689 0.033682
1 2 0.094629 0.451621 0.396743 0.012750 0.044257
2 2 0.058322 0.377853 0.503597 0.017056 0.043173
1 2 0.077665 0.444978 0.439346 0.007681 0.030331
1 2 0.081911 0.444471 0.428934 0.009521 0.035162
2 2 0.023224 0.358763 0.568098 0.007106 0.042808
2 2 0.049828 0.373916 0.536408 0.010092 0.029756
2 2 0.008307 0.232046 0.729317 0.005953 0.024377
2 2 0.020278 0.336148 0.587836 0.009135 0.046602
2 2 0.008537 0.314308 0.611367 0.004937 0.060852
2 2 0.017681 0.279235 0.644128 0.014307 0.044649
2 2 0.000832 0.085499 0.900112 0.003908 0.009648
2 2 0.002006 0.118520 0.841654 0.012809 0.025012
2 2 0.009486 0.200173 0.739595 0.017218 0.033528
2 2 0.000463 0.043573 0.943217 0.007259 0.005489
2 2 0.000693 0.106955 0.876291 0.002142 0.013920
2 2 0.000215 0.067145 0.920683 0.001081 0.010877
2 2 0.000155 0.061446 0.925953 0.001499 0.010947
2 2 0.000109 0.044338 0.947055 0.001027 0.007470
2 2 0.001293 0.186625 0.749567 0.002999 0.059516
2 2 0.000960 0.126911 0.835198 0.004509 0.032421
2 2 0.000230 0.066266 0.910065 0.003829 0.019609
2 2 0.002543 0.169304 0.769083 0.009547 0.049523
2 2 0.000683 0.106693 0.841341 0.007804 0.043479
2 2 0.000845 0.096912 0.853016 0.012401 0.036826
2 2 0.019035 0.193135 0.724977 0.037696 0.025156
2 2 0.019897 0.220270 0.675479 0.042680 0.041674
2 2 0.012176 0.131006 0.797953 0.040091 0.018775
2 2 0.044696 0.256634 0.619973 0.047434 0.031263
2 2 0.198928 0.265090 0.429714 0.078636 0.027632
0 0 0.799272 0.083954 0.045398 0.002406 0.068970
0 0 0.910622 0.039499 0.018310 0.000521 0.031047
1 0 0.299311 0.500289 0.130181 0.009839 0.060380
1 1 0.219197 0.480552 0.171586 0.023035 0.105629
1 1 0.210673 0.479982 0.174729 0.023922 0.110694
2 1 0.012850 0.260287 0.528777 0.040053 0.158032
2 1 0.015626 0.235321 0.539004 0.066324 0.143725
2 1 0.011996 0.234653 0.595024 0.041872 0.116455
2 2 0.004144 0.144137 0.778083 0.029230 0.044406
2 2 0.001790 0.095156 0.842889 0.028914 0.031252
2 2 0.018964 0.354236 0.494723 0.015215 0.116861
2 2 0.001733 0.140716 0.824448 0.006262 0.026841
2 2 0.026938 0.337179 0.580512 0.011344 0.044026
2 2 0.031005 0.368880 0.545108 0.009596 0.045411
2 2 0.036333 0.436297 0.462499 0.007065 0.057806
1 2 0.172030 0.487656 0.253035 0.018094 0.069184
1 2 0.178131 0.497246 0.245707 0.015312 0.063604
0 2 0.740899 0.141051 0.056674 0.002827 0.058549
1 0 0.222192 0.527232 0.194002 0.008250 0.048323
1 0 0.191470 0.483089 0.226220 0.020810 0.078412
2 0 0.018836 0.353565 0.540390 0.010523 0.076686
2 4 0.015419 0.365035 0.546464 0.006261 0.066821
2 4 0.005137 0.295400 0.558592 0.006866 0.134005
2 4 0.013820 0.345753 0.546008 0.008703 0.085716
2 4 0.000996 0.158393 0.794919 0.002206 0.043487
2 4 0.026124 0.345154 0.530733 0.017992 0.079997
2 2 0.008518 0.270991 0.667262 0.007069 0.046160
2 2 0.017617 0.287816 0.645962 0.010653 0.037953
2 2 0.072484 0.411941 0.457289 0.014841 0.043444
2 2 0.038964 0.356981 0.545443 0.014129 0.044483
2 2 0.030456 0.292288 0.603782 0.025233 0.048241
2 2 0.005216 0.163044 0.794335 0.014087 0.023318
2 2 0.026332 0.278703 0.652300 0.014377 0.028287
2 2 0.009420 0.194701 0.755270 0.015430 0.025178
2 2 0.094850 0.414186 0.425672 0.020468 0.044824
0 0 0.837688 0.125948 0.013364 0.000058 0.022941
