0 0 0.548065 0.397870 0.045724 0.006719 0.001623
0 0 0.468454 0.422345 0.083079 0.017406 0.008716
0 0 0.612377 0.296239 0.062272 0.024544 0.004568
0 0 0.496917 0.410571 0.072057 0.014724 0.005730
0 0 0.483298 0.404974 0.083144 0.020006 0.008578
1 0 0.374880 0.446168 0.134181 0.026133 0.018638
0 0 0.496290 0.358828 0.101266 0.023997 0.019620
0 0 0.478920 0.454859 0.056573 0.006563 0.003084
1 0 0.419748 0.468868 0.087376 0.013249 0.010758
1 0 0.419224 0.449146 0.098097 0.018788 0.014746
1 0 0.282278 0.591954 0.098704 0.006113 0.020951
1 0 0.304947 0.600652 0.079406 0.004063 0.010932
1 0 0.264492 0.563116 0.148951 0.008174 0.015267
1 0 0.271348 0.638516 0.078834 0.002615 0.008687
1 0 0.300160 0.625604 0.065243 0.002372 0.006621
1 0 0.322121 0.609047 0.061189 0.002399 0.005243
1 0 0.279263 0.647140 0.064463 0.001867 0.007266
1 0 0.392150 0.480434 0.097044 0.012583 0.017789
1 0 0.396707 0.531355 0.060181 0.002083 0.009673
0 0 0.463661 0.462089 0.060902 0.003224 0.010124
1 0 0.420107 0.517418 0.053267 0.001662 0.007546
0 0 0.889967 0.079232 0.017181 0.001920 0.011700
0 0 0.917933 0.038860 0.021152 0.004764 0.017291
0 0 0.804479 0.142497 0.030459 0.002808 0.019757
0 0 0.910106 0.059040 0.016623 0.004244 0.009987
0 0 0.983648 0.008274 0.002821 0.000963 0.004293
0 0 0.983328 0.007077 0.002294 0.000416 0.006885
0 0 0.974874 0.019194 0.002242 0.000042 0.003647
0 0 0.975274 0.013953 0.004512 0.001595 0.004665
0 0 0.988087 0.008155 0.001511 0.000126 0.002121
0 0 0.976058 0.015571 0.004190 0.001275 0.002905
0 0 0.898140 0.084337 0.011972 0.000724 0.004827
0 0 0.966278 0.019234 0.006562 0.005411 0.002514
0 0 0.986258 0.008281 0.002474 0.001061 0.001927
0 0 0.894004 0.082317 0.015373 0.001733 0.006573
0 0 0.704078 0.230935 0.024066 0.000149 0.040771
0 0 0.798623 0.085773 0.025558 0.001547 0.088498
0 0 0.923129 0.036836 0.006013 0.000075 0.033947
0 0 0.780804 0.202241 0.010337 0.000027 0.006591
0 0 0.851317 0.081706 0.012496 0.000129 0.054353
0 0 0.853255 0.116761 0.020403 0.001948 0.007634
0 0 0.947812 0.026863 0.007195 0.000659 0.017471
0 0 0.920617 0.045678 0.015474 0.005009 0.013223
0 0 0.835014 0.082479 0.030534 0.006374 0.045599
0 0 0.942139 0.044896 0.007936 0.004529 0.000499
0 0 0.747455 0.118750 0.022146 0.000284 0.111366
1 0 0.306554 0.431492 0.132739 0.012750 0.116464
1 0 0.242863 0.600494 0.100485 0.002831 0.053327
1 0 0.197080 0.666405 0.101287 0.003150 0.032078
1 0 0.200434 0.528929 0.143514 0.008942 0.118180
1 0 0.439429 0.468624 0.067382 0.002480 0.022085
0 0 0.761580 0.109831 0.026811 0.000859 0.100919
0 0 0.900291 0.035899 0.008548 0.000240 0.055021
0 0 0.849448 0.047671 0.013270 0.000477 0.089133
0 0 0.956807 0.028558 0.003844 0.000058 0.010733
0 0 0.994039 0.002983 0.000423 0.000007 0.002548
0 0 0.991984 0.004499 0.001140 0.000187 0.002192
0 0 0.995344 0.002767 0.000493 0.000029 0.001367
0 0 0.997638 0.001207 0.000222 0.000013 0.000920
0 0 0.994316 0.003832 0.000451 0.000008 0.001393
0 0 0.997930 0.001273 0.000145 0.000002 0.000650
0 0 0.993987 0.003397 0.000885 0.000182 0.001549
0 0 0.994048 0.004150 0.000901 0.000225 0.000675
0 0 0.996363 0.002198 0.000545 0.000136 0.000758
0 0 0.985738 0.009348 0.000795 0.000003 0.004115
0 0 0.984716 0.012707 0.000881 0.000005 0.001692
0 0 0.992172 0.005876 0.000785 0.000032 0.001136
0 0 0.993885 0.003957 0.000777 0.000080 0.001300
0 0 0.996242 0.002195 0.000323 0.000010 0.001231
0 0 0.995403 0.002348 0.000410 0.000017 0.001821
0 0 0.983349 0.010138 0.002167 0.000186 0.004160
0 0 0.975922 0.016933 0.003684 0.000595 0.002866
0 0 0.972193 0.022921 0.003515 0.000730 0.000640
0 0 0.974097 0.021842 0.003025 0.000567 0.000469
0 0 0.973874 0.019148 0.003339 0.000244 0.003395
0 0 0.968770 0.021922 0.004775 0.000698 0.003836
0 0 0.946141 0.038546 0.008938 0.005019 0.001356
0 0 0.917476 0.063606 0.012440 0.001935 0.004544
0 0 0.987366 0.005700 0.001785 0.000346 0.004803
0 0 0.918436 0.067158 0.009991 0.000793 0.003622
0 0 0.769483 0.177307 0.030142 0.001358 0.021710
0 1 0.876028 0.078335 0.013470 0.000310 0.031858
1 1 0.329886 0.583432 0.074083 0.004126 0.008472
1 1 0.211259 0.590034 0.130804 0.007930 0.059972
1 2 0.268893 0.575193 0.114589 0.008502 0.032823
1 2 0.006221 0.502401 0.347808 0.000109 0.143460
1 2 0.009259 0.482232 0.222112 0.000241 0.286156
2 2 0.002125 0.304548 0.616977 0.000279 0.076072
2 2 0.002569 0.452239 0.483335 0.000030 0.061827
2 2 0.003209 0.415154 0.527179 0.000054 0.054404
2 2 0.010120 0.237297 0.703138 0.007088 0.042358
2 2 0.007845 0.207384 0.718899 0.007867 0.058004
2 2 0.007062 0.228883 0.698128 0.005861 0.060066
2 2 0.005512 0.202575 0.681380 0.009270 0.101263
2 2 0.007751 0.225519 0.648300 0.010013 0.108418
2 2 0.008690 0.104439 0.758080 0.113238 0.015553
2 3 0.006782 0.085419 0.807446 0.093395 0.006957
2 3 0.012092 0.086282 0.660181 0.228824 0.012621
2 3 0.015554 0.108095 0.690663 0.171151 0.014537
2 3 0.009829 0.093341 0.637674 0.235667 0.023490
2 3 0.028615 0.112938 0.488785 0.360508 0.009155
3 3 0.030192 0.072417 0.230400 0.651506 0.015484
3 3 0.034994 0.059013 0.161217 0.734607 0.010169
3 3 0.023268 0.086878 0.270333 0.589097 0.030424
3 3 0.026168 0.048387 0.152266 0.763264 0.009915
3 3 0.014378 0.030234 0.126307 0.820867 0.008215
3 3 0.023677 0.049703 0.163399 0.751535 0.011686
3 3 0.012099 0.048666 0.275723 0.653811 0.009701
3 3 0.022027 0.058033 0.194001 0.710783 0.015156
3 3 0.016700 0.042149 0.162247 0.767384 0.011520
3 3 0.020308 0.040110 0.141786 0.789260 0.008536
3 3 0.011519 0.023070 0.106159 0.853490 0.005762
3 3 0.015658 0.029927 0.119253 0.828919 0.006242
3 3 0.017723 0.035719 0.134562 0.804081 0.007915
3 3 0.012702 0.030580 0.133057 0.816419 0.007241
3 3 0.005569 0.006230 0.037629 0.949845 0.000726
3 3 0.006745 0.006436 0.035631 0.950544 0.000644
3 3 0.009584 0.011327 0.054371 0.923524 0.001193
3 3 0.005265 0.004753 0.029096 0.960412 0.000475
3 3 0.007613 0.007030 0.037002 0.947666 0.000689
3 3 0.007603 0.008135 0.043113 0.940255 0.000894
3 3 0.012789 0.011957 0.050653 0.923488 0.001113
3 3 0.005610 0.006143 0.037341 0.950066 0.000840
3 3 0.007660 0.006482 0.033892 0.951373 0.000593
3 3 0.005272 0.010584 0.066802 0.915414 0.001927
3 3 0.007222 0.007949 0.043637 0.940078 0.001114
3 3 0.013193 0.023104 0.098828 0.860780 0.004094
3 3 0.004204 0.004953 0.033866 0.956297 0.000681
3 3 0.007987 0.011109 0.058620 0.920615 0.001669
3 3 0.003014 0.005073 0.040687 0.950170 0.001055
3 3 0.010577 0.017816 0.082943 0.886119 0.002545
3 3 0.005871 0.005625 0.033191 0.954677 0.000636
3 3 0.002957 0.004458 0.035672 0.956132 0.000780
3 3 0.011693 0.012159 0.054187 0.920510 0.001451
3 3 0.008540 0.007396 0.036997 0.946390 0.000678
3 3 0.010983 0.018436 0.085083 0.882503 0.002995
3 3 0.005950 0.006666 0.039647 0.946792 0.000945
3 3 0.012613 0.016188 0.070094 0.898948 0.002156
3 3 0.008751 0.010990 0.055286 0.923606 0.001368
3 3 0.006253 0.010514 0.062294 0.918840 0.002099
3 0 0.023050 0.033281 0.112707 0.824424 0.006538
3 3 0.165182 0.123111 0.149279 0.556685 0.005743
3 3 0.042664 0.118842 0.300832 0.521852 0.015809
3 3 0.063323 0.100704 0.201465 0.619937 0.014571
3 3 0.025071 0.071077 0.215932 0.675918 0.012003
3 3 0.028065 0.051223 0.171629 0.744533 0.004550
3 3 0.022638 0.066648 0.342644 0.564972 0.003098
3 3 0.048936 0.093020 0.363351 0.492050 0.002643
3 3 0.016686 0.030590 0.157059 0.792864 0.002802
3 3 0.038365 0.059140 0.228315 0.672111 0.002069
3 3 0.018086 0.017839 0.072353 0.890695 0.001027
3 3 0.018749 0.019635 0.069891 0.890204 0.001521
3 3 0.008668 0.012497 0.063199 0.913994 0.001642
3 3 0.014366 0.018091 0.072964 0.892754 0.001824
3 3 0.011813 0.017439 0.075622 0.893576 0.001549
3 3 0.012190 0.012210 0.052330 0.922273 0.000998
3 3 0.028346 0.040012 0.134236 0.795078 0.002327
3 3 0.010415 0.011968 0.055441 0.920941 0.001235
3 3 0.017352 0.019703 0.073781 0.887027 0.002137
3 3 0.006760 0.008421 0.046622 0.937329 0.000867
3 3 0.013999 0.014885 0.059884 0.910108 0.001125
3 3 0.010256 0.012097 0.056198 0.920269 0.001180
3 3 0.008581 0.007986 0.039981 0.942682 0.000769
3 3 0.005768 0.005567 0.032668 0.955490 0.000508
3 3 0.007386 0.006558 0.034988 0.950413 0.000656
3 3 0.006742 0.005633 0.030730 0.956456 0.000439
3 3 0.004934 0.003564 0.021902 0.969351 0.000249
3 3 0.006341 0.004770 0.026651 0.961871 0.000368
3 3 0.004477 0.004439 0.028889 0.961784 0.000411
3 3 0.004366 0.006492 0.043904 0.944272 0.000965
3 -1 0.067844 0.098101 0.191903 0.627598 0.014554
3 0 0.043809 0.060227 0.150329 0.735014 0.010621
0 0 0.295053 0.264313 0.190350 0.240501 0.009783
0 0 0.768095 0.145534 0.055598 0.028964 0.001809
0 0 0.525728 0.377707 0.077417 0.016058 0.003091
0 0 0.579165 0.227670 0.130200 0.038482 0.024483
1 1 0.174219 0.530719 0.267693 0.012158 0.015211
2 1 0.052999 0.427923 0.483154 0.016050 0.019875
1 1 0.057111 0.469676 0.449301 0.010315 0.013597
2 1 0.033499 0.341354 0.560455 0.011313 0.053379
1 1 0.041566 0.472484 0.454533 0.007542 0.023874
2 0 0.034556 0.397252 0.535176 0.010892 0.022124
1 1 0.181876 0.548555 0.246312 0.007759 0.015498
2 2 0.054093 0.406354 0.501142 0.017044 0.021366
2 2 0.018820 0.269273 0.664562 0.010736 0.036609
2 2 0.006518 0.432545 0.534103 0.000127 0.026708
2 2 0.005937 0.347127 0.600165 0.000246 0.046524
2 2 0.003226 0.167015 0.805951 0.001321 0.022487
2 2 0.002168 0.182620 0.795016 0.000444 0.019752
2 2 0.003518 0.275587 0.678175 0.000370 0.042350
2 2 0.007372 0.174577 0.805038 0.005656 0.007357
2 2 0.004198 0.112105 0.873182 0.006042 0.004473
2 2 0.010628 0.207780 0.758306 0.006475 0.016811
2 2 0.019112 0.235995 0.721276 0.010500 0.013117
2 2 0.027159 0.254777 0.684595 0.021313 0.012157
2 2 0.015406 0.156378 0.798912 0.023195 0.006109
2 3 0.018729 0.149706 0.799342 0.028002 0.004221
2 3 0.019111 0.191381 0.683856 0.060219 0.045434
0 3 0.504933 0.236619 0.242558 0.012436 0.003453
2 2 0.018886 0.167417 0.731126 0.061534 0.021038
2 2 0.005232 0.115849 0.861804 0.007979 0.009135
2 2 0.005538 0.159021 0.812443 0.003955 0.019043
2 3 0.005436 0.150919 0.820114 0.004783 0.018748
2 2 0.002743 0.162770 0.797961 0.002318 0.034208
2 2 0.006578 0.178001 0.790744 0.006100 0.018578
2 4 0.010819 0.384376 0.523224 0.000608 0.080974
2 4 0.007380 0.349181 0.496511 0.001317 0.145611
1 4 0.009701 0.471704 0.372835 0.000291 0.145470
1 4 0.010135 0.471638 0.367982 0.000313 0.149932
1 4 0.014170 0.525581 0.371318 0.000185 0.088746
1 4 0.016271 0.480101 0.228875 0.000014 0.274740
1 4 0.012851 0.454344 0.296602 0.000047 0.236156
1 4 0.013483 0.540198 0.266212 0.000041 0.180065
1 4 0.007737 0.444273 0.362426 0.000390 0.185174
1 4 0.018606 0.701819 0.216835 0.000010 0.062730
1 4 0.005026 0.553722 0.324352 0.000045 0.116855
1 4 0.022574 0.611124 0.192785 0.000002 0.173515
1 4 0.023431 0.555921 0.268423 0.000077 0.152149
1 4 0.013169 0.465878 0.270305 0.000107 0.250540
1 4 0.010765 0.432281 0.289878 0.000189 0.266888
1 4 0.006812 0.433456 0.165184 0.000001 0.394547
1 4 0.003345 0.521701 0.218763 0.000001 0.256191
1 4 0.005857 0.466357 0.197987 0.000001 0.329797
1 4 0.006845 0.430701 0.181810 0.000001 0.380642
1 4 0.005380 0.467977 0.193723 0.000000 0.332920
1 4 0.009108 0.364310 0.338421 0.000072 0.288089
1 4 0.011230 0.466892 0.292049 0.000048 0.229781
1 4 0.016556 0.512193 0.207486 0.000005 0.263761
1 4 0.017593 0.671089 0.214430 0.000003 0.096885
1 4 0.010594 0.456074 0.244891 0.000011 0.288430
1 4 0.099858 0.687352 0.191636 0.001449 0.019705
1 4 0.063063 0.655763 0.247172 0.001189 0.032813
1 1 0.132103 0.586946 0.234982 0.005579 0.040390
1 4 0.081634 0.706803 0.186431 0.001024 0.024109
1 4 0.029884 0.430634 0.386583 0.005297 0.147603
1 4 0.008166 0.513972 0.236265 0.000139 0.241458
1 4 0.007336 0.500200 0.247601 0.000025 0.244838
1 4 0.007618 0.540291 0.232057 0.000011 0.220025
1 4 0.014551 0.435172 0.158765 0.000001 0.391511
1 4 0.006261 0.387672 0.353722 0.000339 0.252006
2 4 0.006893 0.389629 0.496527 0.000077 0.106875
2 4 0.007600 0.429331 0.431191 0.000044 0.131833
1 4 0.005429 0.483760 0.376417 0.000024 0.134369
2 4 0.005128 0.412864 0.484550 0.000210 0.097247
1 4 0.003195 0.501617 0.368140 0.000045 0.127003
1 4 0.005161 0.487097 0.386146 0.000045 0.121552
1 4 0.008875 0.463045 0.339852 0.000019 0.188209
1 4 0.004716 0.443837 0.411165 0.000081 0.140200
1 4 0.007537 0.466488 0.375890 0.000033 0.150052
1 1 0.005909 0.585012 0.341649 0.000032 0.067398
1 1 0.068706 0.827598 0.098606 0.000140 0.004950
1 1 0.012582 0.487257 0.451495 0.000320 0.048345
2 2 0.004100 0.267364 0.663204 0.000947 0.064385
2 2 0.004013 0.212852 0.738765 0.001521 0.042850
2 2 0.006456 0.309543 0.591969 0.001245 0.090788
2 2 0.017813 0.346573 0.576577 0.004528 0.054510
1 1 0.059258 0.565235 0.343561 0.002244 0.029703
1 1 0.132513 0.631669 0.215662 0.003013 0.017143
1 1 0.042069 0.599968 0.332495 0.000869 0.024598
1 1 0.031297 0.519754 0.422297 0.000939 0.025713
2 1 0.003079 0.204396 0.782686 0.000555 0.009284
2 1 0.010036 0.275134 0.702273 0.000794 0.011763
2 2 0.010908 0.327773 0.649645 0.001179 0.010494
2 2 0.004254 0.173860 0.812676 0.000628 0.008582
2 2 0.012073 0.342530 0.638099 0.000836 0.006462
2 2 0.023810 0.275838 0.678165 0.004522 0.017665
2 2 0.040742 0.362038 0.560358 0.008478 0.028385
2 1 0.021633 0.318129 0.623543 0.005756 0.030939
2 1 0.013954 0.248875 0.699809 0.009258 0.028103
2 1 0.005316 0.200858 0.755825 0.003698 0.034304
2 2 0.004447 0.163110 0.799954 0.004534 0.027956
2 2 0.004456 0.155546 0.808587 0.005039 0.026373
2 2 0.002975 0.110775 0.862834 0.004579 0.018837
2 1 0.009292 0.268834 0.663413 0.002857 0.055604
2 1 0.007896 0.178273 0.790301 0.006196 0.017334
2 2 0.002389 0.113676 0.858232 0.004694 0.021008
2 2 0.003807 0.125471 0.834857 0.007920 0.027945
2 2 0.006524 0.157795 0.806411 0.004599 0.024671
2 2 0.003439 0.148850 0.824873 0.002769 0.020069
2 2 0.002283 0.085326 0.891205 0.002083 0.019103
2 2 0.008428 0.125997 0.842083 0.012561 0.010932
2 2 0.006781 0.138373 0.822622 0.014768 0.017457
2 3 0.009959 0.169704 0.744801 0.033823 0.041714
2 2 0.018678 0.242943 0.688371 0.012192 0.037815
2 2 0.005350 0.143333 0.805624 0.015385 0.030308
2 3 0.004822 0.098204 0.869346 0.010331 0.017297
2 2 0.022941 0.268507 0.638773 0.015877 0.053902
2 2 0.010210 0.186347 0.767586 0.011803 0.024054
2 2 0.003704 0.110833 0.852615 0.014339 0.018508
2 2 0.019826 0.260172 0.667909 0.013806 0.038287
2 2 0.009923 0.140152 0.807320 0.028214 0.014391
2 3 0.014031 0.185275 0.753283 0.022152 0.025258
2 2 0.007154 0.093767 0.855156 0.030797 0.013126
2 2 0.007837 0.148346 0.776670 0.033420 0.033727
2 2 0.010056 0.129890 0.824608 0.025420 0.010025
2 2 0.013152 0.126671 0.765586 0.084069 0.010521
2 2 0.010207 0.094682 0.792626 0.095628 0.006857
2 2 0.017483 0.149870 0.743936 0.078904 0.009807
2 2 0.009317 0.077688 0.806881 0.102112 0.004001
2 3 0.022599 0.144846 0.702674 0.114250 0.015631
2 2 0.028201 0.177726 0.656514 0.107655 0.029905
2 2 0.024251 0.197761 0.698429 0.064158 0.015401
2 2 0.016726 0.151644 0.770585 0.048942 0.012103
2 2 0.012252 0.129844 0.775497 0.070393 0.012013
2 2 0.016849 0.137057 0.769557 0.066610 0.009926
2 2 0.012572 0.109266 0.802904 0.071785 0.003471
2 2 0.020555 0.113358 0.745391 0.115551 0.005145
2 2 0.010666 0.085982 0.829104 0.072240 0.002007
2 2 0.017483 0.119301 0.757516 0.100589 0.005111
2 3 0.033163 0.169442 0.705186 0.083385 0.008824
2 3 0.028840 0.136799 0.701058 0.130587 0.002716
2 2 0.029864 0.106538 0.510966 0.347374 0.005258
2 3 0.024578 0.138159 0.621241 0.207814 0.008208
2 3 0.024181 0.126744 0.599014 0.241899 0.008163
2 3 0.031621 0.143317 0.617445 0.201517 0.006101
2 3 0.029673 0.106592 0.699233 0.162205 0.002298
2 3 0.017365 0.098091 0.698979 0.182663 0.002902
2 3 0.017305 0.057193 0.484215 0.438756 0.002530
2 3 0.019349 0.102864 0.694393 0.180527 0.002867
2 3 0.023791 0.087012 0.609801 0.276683 0.002714
2 3 0.027080 0.081281 0.491451 0.397844 0.002344
2 3 0.027590 0.112956 0.550873 0.305383 0.003197
3 3 0.037311 0.073284 0.229521 0.651974 0.007910
2 3 0.033847 0.108384 0.573405 0.282018 0.002345
3 3 0.017586 0.048282 0.329407 0.601267 0.003458
3 3 0.017591 0.060439 0.452558 0.467508 0.001905
3 3 0.039057 0.072288 0.290875 0.594725 0.003055
3 3 0.037124 0.092684 0.348235 0.516726 0.005231
3 3 0.016578 0.043733 0.237163 0.698406 0.004120
3 3 0.034419 0.077580 0.258060 0.622573 0.007367
3 3 0.045349 0.079761 0.258705 0.611005 0.005181
3 3 0.038713 0.068015 0.243447 0.645840 0.003984
3 3 0.035868 0.075874 0.291179 0.592266 0.004813
3 3 0.018329 0.041519 0.213594 0.723875 0.002683
3 3 0.041441 0.071118 0.216096 0.664444 0.006902
3 3 0.014578 0.015196 0.061662 0.906785 0.001779
3 3 0.019517 0.037049 0.146660 0.793058 0.003716
3 3 0.020007 0.030897 0.126464 0.819728 0.002905
3 3 0.022064 0.027535 0.092754 0.854577 0.003070
3 3 0.021437 0.031129 0.134760 0.810444 0.002229
3 3 0.027746 0.049778 0.147946 0.768968 0.005563
3 3 0.017689 0.026683 0.100354 0.851015 0.004259
3 3 0.019952 0.033306 0.117569 0.824298 0.004875
3 3 0.017784 0.026013 0.096612 0.856206 0.003385
3 3 0.021336 0.025045 0.086195 0.864398 0.003025
3 3 0.030607 0.039977 0.117091 0.807007 0.005318
3 3 0.037473 0.081061 0.208955 0.656333 0.016178
3 3 0.016343 0.024091 0.094928 0.859962 0.004676
3 3 0.038114 0.070594 0.179914 0.702654 0.008724
3 3 0.023997 0.040480 0.131639 0.797623 0.006262
3 3 0.014061 0.020536 0.084660 0.877976 0.002768
3 3 0.008565 0.012848 0.065838 0.910781 0.001967
3 3 0.013375 0.018290 0.076587 0.889593 0.002155
3 3 0.012302 0.020930 0.091786 0.871681 0.003300
3 3 0.006814 0.012156 0.069052 0.909761 0.002217
3 3 0.016208 0.017026 0.065891 0.898961 0.001914
3 3 0.008612 0.015407 0.077800 0.896159 0.002022
3 3 0.008590 0.014826 0.075233 0.899300 0.002051
3 3 0.009604 0.013648 0.066877 0.907691 0.002180
3 3 0.010843 0.015526 0.071846 0.899545 0.002240
3 3 0.019527 0.021310 0.074716 0.882698 0.001749
3 3 0.013819 0.012160 0.049386 0.923688 0.000948
3 3 0.016134 0.012199 0.046045 0.924819 0.000803
3 3 0.012968 0.009051 0.037602 0.939731 0.000648
3 3 0.021088 0.016901 0.057736 0.902871 0.001403
3 3 0.021868 0.025042 0.083813 0.867071 0.002205
3 3 0.022092 0.015999 0.052879 0.907998 0.001032
3 3 0.017388 0.027752 0.103356 0.848118 0.003386
3 3 0.017021 0.011166 0.041056 0.930080 0.000677
3 3 0.009224 0.012232 0.060186 0.916823 0.001535
3 3 0.019826 0.023044 0.082253 0.871885 0.002992
3 3 0.043083 0.031233 0.077324 0.846297 0.002062
3 3 0.028672 0.038258 0.114294 0.814459 0.004317
3 3 0.028353 0.026261 0.079291 0.863606 0.002489
3 3 0.017704 0.025150 0.092782 0.861614 0.002751
3 3 0.011183 0.012662 0.057291 0.917416 0.001448
3 3 0.015047 0.018133 0.072060 0.892800 0.001960
3 3 0.019175 0.025304 0.090080 0.862831 0.002610
3 3 0.011861 0.012582 0.055287 0.918961 0.001310
3 3 0.023794 0.024733 0.080032 0.869258 0.002184
3 3 0.022992 0.023710 0.078241 0.872796 0.002261
3 3 0.007717 0.019805 0.153241 0.817557 0.001679
3 3 0.016034 0.017060 0.065613 0.899696 0.001598
3 3 0.016124 0.021009 0.081552 0.878694 0.002621
3 3 0.013812 0.018197 0.075492 0.890220 0.002279
3 3 0.026293 0.027862 0.085863 0.857703 0.002279
3 3 0.010879 0.010422 0.047274 0.930432 0.000993
3 3 0.015417 0.015454 0.060441 0.907263 0.001425
3 3 0.016925 0.014312 0.053419 0.914228 0.001115
3 3 0.010380 0.008611 0.039690 0.940554 0.000765
3 3 0.020826 0.026522 0.093255 0.855310 0.004087
3 3 0.035873 0.034793 0.093313 0.833354 0.002668
3 3 0.017247 0.028795 0.108161 0.841818 0.003979
3 3 0.033636 0.065623 0.189502 0.703396 0.007843
3 3 0.024839 0.036585 0.117376 0.816131 0.005069
2 2 0.046724 0.312554 0.586046 0.046980 0.007696
2 3 0.047632 0.333739 0.590246 0.024370 0.004013
2 3 0.028336 0.217900 0.707028 0.038066 0.008670
2 3 0.039423 0.283761 0.652392 0.021718 0.002707
2 2 0.039046 0.251583 0.665673 0.034920 0.008777
2 2 0.037258 0.424770 0.516155 0.006894 0.014924
1 2 0.081545 0.458459 0.420518 0.010416 0.029062
2 3 0.035438 0.320876 0.601583 0.019031 0.023071
2 2 0.014192 0.233715 0.693623 0.013215 0.045255
2 3 0.025686 0.261606 0.678980 0.018911 0.014816
2 2 0.021492 0.283834 0.637218 0.011284 0.046173
2 2 0.029385 0.296002 0.645227 0.016837 0.012549
2 2 0.016146 0.270353 0.687758 0.008976 0.016768
2 2 0.052570 0.426831 0.498896 0.008658 0.013045
2 2 0.011195 0.200887 0.767170 0.009731 0.011017
2 2 0.005381 0.212718 0.736249 0.002219 0.043433
2 2 0.010727 0.290154 0.656715 0.001957 0.040447
2 2 0.004757 0.178204 0.792185 0.003395 0.021459
2 2 0.004942 0.184346 0.756140 0.004728 0.049844
2 2 0.002894 0.151706 0.820077 0.001893 0.023430
2 2 0.002657 0.127975 0.849230 0.002345 0.017793
2 2 0.002954 0.155806 0.816407 0.001692 0.023141
2 2 0.006111 0.146859 0.820679 0.004754 0.021598
2 4 0.003705 0.211083 0.752490 0.000916 0.031806
2 4 0.002906 0.240404 0.713343 0.000577 0.042770
1 4 0.040971 0.633232 0.237290 0.000149 0.088358
1 4 0.042130 0.727704 0.201455 0.000340 0.028371
1 4 0.017895 0.424030 0.284933 0.000739 0.272404
1 4 0.037028 0.610501 0.247917 0.000438 0.104116
1 4 0.034859 0.538912 0.285254 0.000464 0.140510
1 4 0.019977 0.538745 0.357631 0.000370 0.083277
1 4 0.024144 0.607863 0.268540 0.000477 0.098976
1 4 0.038295 0.566576 0.253732 0.000063 0.141335
1 4 0.045861 0.589514 0.272584 0.000174 0.091867
1 4 0.036121 0.548129 0.327148 0.000174 0.088428
1 4 0.023453 0.507968 0.182751 0.000664 0.285164
1 1 0.065338 0.528935 0.093519 0.000043 0.312165
1 4 0.069143 0.771704 0.082281 0.000014 0.076858
4 4 0.050345 0.401278 0.116988 0.000099 0.431290
4 4 0.061566 0.360778 0.109008 0.000177 0.468471
1 4 0.019753 0.635657 0.240445 0.000069 0.104077
1 4 0.023448 0.416553 0.247130 0.000154 0.312715
1 4 0.022827 0.464255 0.234395 0.000082 0.278441
1 4 0.019719 0.406798 0.211644 0.000008 0.361831
1 4 0.022988 0.727260 0.203228 0.000160 0.046364
1 4 0.063259 0.604174 0.110816 0.000049 0.221702
1 4 0.038289 0.612454 0.141085 0.000126 0.208046
4 4 0.031239 0.386461 0.103036 0.000057 0.479207
4 4 0.019431 0.356949 0.105743 0.000081 0.517796
1 4 0.028822 0.429289 0.114243 0.000149 0.427498
4 4 0.046934 0.410274 0.124344 0.000127 0.418322
4 4 0.064252 0.376138 0.101744 0.000011 0.457856
1 4 0.028394 0.419145 0.133486 0.000057 0.418917
1 4 0.079308 0.635347 0.080990 0.000006 0.204350
1 4 0.050994 0.736985 0.136912 0.000111 0.074998
1 4 0.034533 0.654604 0.204803 0.000046 0.106014
1 4 0.024092 0.610185 0.249623 0.000467 0.115632
1 4 0.028236 0.612571 0.265539 0.000106 0.093548
1 4 0.016822 0.576206 0.247643 0.000326 0.159003
1 4 0.042991 0.735876 0.169770 0.000084 0.051279
1 4 0.082811 0.644794 0.079351 0.000013 0.193031
1 4 0.036963 0.468460 0.077027 0.000037 0.417514
1 4 0.043360 0.478460 0.080435 0.000054 0.397691
4 4 0.038121 0.419038 0.079869 0.000017 0.462955
4 4 0.105447 0.244680 0.053828 0.000001 0.596044
4 4 0.046669 0.223669 0.016767 0.000002 0.712894
4 4 0.058671 0.091018 0.005894 0.000000 0.844418
4 4 0.020485 0.064576 0.004710 0.000000 0.910229
4 4 0.041961 0.013929 0.000811 0.000000 0.943299
4 4 0.030146 0.005944 0.000350 0.000000 0.963560
4 4 0.123804 0.328396 0.043800 0.000011 0.503989
4 4 0.060213 0.359066 0.086021 0.000301 0.494399
1 4 0.083793 0.546693 0.096014 0.000267 0.273233
1 4 0.112486 0.618325 0.060014 0.000019 0.209156
4 4 0.093927 0.328232 0.072465 0.000017 0.505358
4 4 0.040511 0.045609 0.003626 0.000000 0.910254
4 4 0.033164 0.033519 0.002913 0.000000 0.930403
4 4 0.047110 0.014847 0.000777 0.000000 0.937266
4 4 0.021229 0.079395 0.006289 0.000000 0.893087
4 4 0.106220 0.062055 0.003156 0.000000 0.828569
1 4 0.017426 0.397447 0.200941 0.000009 0.384177
1 4 0.012061 0.448832 0.213635 0.000020 0.325451
1 4 0.016557 0.446354 0.168891 0.000006 0.368192
1 4 0.008754 0.496880 0.218181 0.000050 0.276134
1 4 0.016889 0.601484 0.163540 0.000005 0.218081
4 4 0.014458 0.372565 0.178627 0.000000 0.434350
4 4 0.011586 0.377873 0.175839 0.000000 0.434702
4 4 0.019417 0.340936 0.199670 0.000000 0.439977
1 4 0.008243 0.420989 0.204142 0.000000 0.366625
1 4 0.004367 0.531972 0.261348 0.000012 0.202302
1 4 0.013275 0.671614 0.280832 0.000091 0.034189
1 4 0.014343 0.438002 0.302098 0.000029 0.245528
1 4 0.017711 0.600394 0.314577 0.000063 0.067255
1 4 0.017553 0.519451 0.309711 0.000034 0.153253
1 4 0.017027 0.464246 0.289358 0.000054 0.229315
4 4 0.019479 0.348891 0.197200 0.000001 0.434429
1 4 0.010715 0.460629 0.197216 0.000001 0.331438
1 4 0.022701 0.641872 0.194670 0.000004 0.140753
1 4 0.011616 0.523378 0.194449 0.000001 0.270556
1 4 0.011460 0.405201 0.215614 0.000001 0.367724
1 4 0.008806 0.605563 0.292335 0.000019 0.093276
1 4 0.013011 0.565798 0.317146 0.000235 0.103809
1 4 0.011398 0.667497 0.283473 0.000039 0.037594
1 4 0.013219 0.449064 0.298284 0.000038 0.239395
2 4 0.005881 0.362244 0.473567 0.000878 0.157429
1 4 0.006780 0.572386 0.353440 0.000008 0.067386
2 2 0.003040 0.432856 0.498035 0.000016 0.066053
1 2 0.004251 0.508785 0.381991 0.000004 0.104969
2 2 0.009104 0.404318 0.475541 0.000041 0.110997
2 2 0.007983 0.285514 0.628309 0.000063 0.078131
2 2 0.002118 0.194573 0.783732 0.000305 0.019272
2 2 0.002779 0.224700 0.750076 0.000247 0.022197
2 2 0.002288 0.268614 0.699753 0.000142 0.029203
2 2 0.003686 0.167774 0.807644 0.000092 0.020805
2 2 0.001528 0.170176 0.811050 0.000208 0.017038
2 2 0.004426 0.227841 0.721079 0.000206 0.046448
1 2 0.011744 0.524796 0.435465 0.000183 0.027811
2 2 0.002623 0.237097 0.725843 0.000386 0.034051
2 2 0.004526 0.278426 0.667684 0.000345 0.049020
2 2 0.007219 0.422850 0.519778 0.000198 0.049955
2 2 0.004753 0.377409 0.551005 0.000013 0.066820
2 2 0.003797 0.341998 0.591581 0.000071 0.062554
2 2 0.004232 0.439325 0.484155 0.000080 0.072207
2 2 0.003776 0.295184 0.638815 0.000324 0.061900
2 2 0.005610 0.200628 0.719066 0.000011 0.074685
2 2 0.002351 0.132892 0.842412 0.002098 0.020247
2 2 0.005419 0.166039 0.801989 0.002773 0.023781
2 2 0.001870 0.154387 0.817103 0.001170 0.025470
2 2 0.001728 0.119400 0.859926 0.000623 0.018323
2 2 0.001409 0.092560 0.892895 0.001499 0.011637
2 2 0.005222 0.276319 0.659913 0.000185 0.058362
2 2 0.004488 0.220548 0.717766 0.000061 0.057137
2 2 0.004316 0.386661 0.556870 0.000109 0.052044
2 2 0.005078 0.293484 0.638702 0.000081 0.062655
2 2 0.005788 0.363846 0.559566 0.000026 0.070773
2 2 0.005508 0.291649 0.647779 0.000177 0.054887
2 2 0.004971 0.228042 0.709640 0.000115 0.057233
2 2 0.002674 0.275250 0.691728 0.000151 0.030196
2 2 0.004405 0.297049 0.662565 0.000393 0.035587
2 2 0.002753 0.283177 0.680530 0.000154 0.033386
2 2 0.007025 0.218843 0.743224 0.003112 0.027797
2 2 0.009693 0.326575 0.649226 0.000986 0.013520
2 2 0.007649 0.225537 0.755754 0.002429 0.008631
2 2 0.004391 0.154575 0.830583 0.000236 0.010214
2 2 0.002971 0.126019 0.858229 0.002945 0.009836
2 2 0.008075 0.292290 0.668391 0.001474 0.029770
2 2 0.005422 0.263565 0.707934 0.000921 0.022159
2 2 0.008551 0.328216 0.602237 0.000919 0.060076
2 2 0.006046 0.290446 0.645060 0.001060 0.057389
2 4 0.003615 0.192957 0.756427 0.002248 0.044752
2 2 0.032653 0.361785 0.580945 0.009046 0.015571
1 2 0.082487 0.464597 0.432292 0.009772 0.010852
2 2 0.010067 0.172676 0.798654 0.011596 0.007007
2 2 0.029833 0.304477 0.643909 0.009220 0.012561
2 2 0.014357 0.216932 0.754032 0.007361 0.007320
2 2 0.030442 0.402797 0.529287 0.004019 0.033455
2 2 0.013273 0.308577 0.662736 0.002774 0.012640
2 2 0.008096 0.264408 0.704616 0.001955 0.020926
2 2 0.014236 0.330242 0.637838 0.002356 0.015328
2 2 0.016067 0.437874 0.518774 0.000929 0.026357
2 2 0.006305 0.216778 0.763660 0.002451 0.010806
2 2 0.003239 0.135793 0.847148 0.002510 0.011310
2 2 0.004072 0.182382 0.800617 0.001654 0.011275
2 2 0.006824 0.236635 0.740693 0.001736 0.014112
2 2 0.006977 0.244043 0.730145 0.001509 0.017325
2 2 0.005637 0.127955 0.851274 0.007460 0.007674
2 2 0.014323 0.248492 0.726731 0.004115 0.006339
2 2 0.006683 0.147303 0.833711 0.006067 0.006235
2 2 0.015321 0.275358 0.697218 0.004741 0.007362
2 2 0.020964 0.322699 0.616109 0.009453 0.030774
2 2 0.031939 0.428913 0.521413 0.002472 0.015264
2 3 0.018647 0.418045 0.549219 0.001481 0.012608
2 2 0.046097 0.435096 0.451775 0.005241 0.061791
2 3 0.011476 0.264598 0.693502 0.004481 0.025943
2 3 0.006162 0.206163 0.757382 0.004421 0.025872
2 3 0.010573 0.218110 0.752628 0.004294 0.014395
2 3 0.004008 0.180153 0.799402 0.001497 0.014939
2 3 0.007349 0.255741 0.724860 0.001396 0.010655
2 2 0.003557 0.164744 0.818699 0.001450 0.011550
2 2 0.010997 0.269163 0.707998 0.002421 0.009420
2 2 0.010711 0.210854 0.757079 0.004554 0.016801
2 2 0.005230 0.156158 0.824121 0.003647 0.010845
2 2 0.003911 0.149192 0.838685 0.001997 0.006215
2 2 0.010825 0.261229 0.713310 0.002410 0.012226
2 2 0.004346 0.154526 0.829057 0.002515 0.009556
2 2 0.019454 0.270368 0.673269 0.011886 0.025022
2 2 0.018460 0.275465 0.646189 0.012876 0.047009
2 2 0.005312 0.195038 0.764341 0.003368 0.031942
2 2 0.011294 0.222649 0.725448 0.006596 0.034013
2 2 0.011565 0.187251 0.761404 0.013155 0.026625
2 2 0.005469 0.176684 0.763219 0.006197 0.048431
2 2 0.006538 0.137947 0.807664 0.006046 0.041805
2 1 0.015175 0.264407 0.670389 0.008135 0.041893
1 2 0.078198 0.625121 0.277111 0.001655 0.017915
2 2 0.023384 0.417625 0.511215 0.002694 0.045083
2 2 0.045399 0.443046 0.470819 0.003413 0.037324
2 2 0.009186 0.226805 0.731025 0.005548 0.027436
2 2 0.003768 0.153222 0.811794 0.003274 0.027942
2 2 0.006041 0.222890 0.701702 0.004229 0.065139
2 2 0.004357 0.140503 0.818103 0.008609 0.028427
2 2 0.003111 0.138911 0.824729 0.004233 0.029016
2 2 0.006264 0.188678 0.751287 0.005409 0.048362
2 2 0.005817 0.140209 0.821965 0.010066 0.021943
2 2 0.003581 0.123163 0.850750 0.004846 0.017659
2 2 0.007785 0.221303 0.732875 0.003932 0.034105
2 2 0.007532 0.121803 0.834356 0.017602 0.018707
2 2 0.011681 0.164367 0.795761 0.012764 0.015426
2 2 0.004782 0.107229 0.862219 0.012695 0.013075
2 2 0.008609 0.139922 0.823053 0.015879 0.012537
2 2 0.008343 0.127252 0.843714 0.014373 0.006319
2 2 0.014204 0.164454 0.779015 0.023857 0.018471
2 2 0.018276 0.214213 0.725651 0.022069 0.019792
2 2 0.020457 0.257430 0.693486 0.012474 0.016153
2 2 0.008990 0.149702 0.802912 0.021402 0.016995
2 2 0.010123 0.133962 0.821902 0.014931 0.019082
2 2 0.013235 0.211473 0.740497 0.013419 0.021376
2 2 0.006655 0.154134 0.805755 0.007563 0.025893
2 2 0.012246 0.188486 0.745865 0.015768 0.037636
2 2 0.010711 0.193209 0.749542 0.019203 0.027335
2 2 0.013126 0.196783 0.757410 0.013607 0.019074
2 2 0.015628 0.190556 0.742058 0.024769 0.026990
2 2 0.012888 0.154761 0.768599 0.039227 0.024525
2 2 0.018751 0.233163 0.698744 0.019469 0.029873
2 3 0.014907 0.224223 0.698778 0.022013 0.040078
2 3 0.020689 0.227648 0.692505 0.028498 0.030659
2 3 0.020383 0.124222 0.719600 0.124741 0.011054
2 3 0.022555 0.160238 0.747376 0.060563 0.009268
2 3 0.020849 0.139324 0.736853 0.094173 0.008801
2 3 0.028110 0.181820 0.642631 0.122691 0.024749
2 2 0.018819 0.165709 0.754561 0.053137 0.007775
2 2 0.009948 0.191422 0.784115 0.006505 0.008010
2 2 0.008212 0.166218 0.810674 0.007750 0.007146
2 2 0.007467 0.178818 0.804102 0.005110 0.004503
2 2 0.008336 0.173214 0.803759 0.005753 0.008938
2 2 0.003843 0.141978 0.843250 0.003029 0.007900
2 2 0.016342 0.175240 0.787917 0.016626 0.003875
2 2 0.018136 0.212800 0.749271 0.014760 0.005032
2 2 0.012839 0.177613 0.788341 0.010921 0.010287
2 2 0.012770 0.194331 0.778423 0.009658 0.004818
2 2 0.020821 0.229050 0.726992 0.014796 0.008341
2 2 0.012932 0.156345 0.804772 0.014322 0.011629
2 2 0.004529 0.085097 0.895715 0.012221 0.002439
2 2 0.007856 0.141327 0.841792 0.007250 0.001775
2 2 0.011003 0.138674 0.827945 0.018405 0.003974
2 2 0.011677 0.162966 0.809971 0.010821 0.004564
2 2 0.018846 0.207177 0.752472 0.016947 0.004558
2 2 0.007907 0.145191 0.826391 0.015412 0.005099
2 2 0.019296 0.226947 0.734849 0.012306 0.006601
2 2 0.014290 0.213103 0.755280 0.009372 0.007955
2 2 0.012491 0.160839 0.816873 0.007360 0.002437
2 2 0.011492 0.204011 0.772587 0.007044 0.004866
2 2 0.006269 0.145155 0.834097 0.006109 0.008370
2 2 0.009766 0.191765 0.784751 0.007525 0.006193
2 2 0.012620 0.226036 0.738585 0.009760 0.012998
2 2 0.009279 0.193622 0.780634 0.005313 0.011151
2 2 0.014403 0.186247 0.769879 0.022122 0.007350
2 2 0.014812 0.172545 0.783976 0.019551 0.009116
2 3 0.016613 0.185719 0.770549 0.021295 0.005824
2 2 0.027710 0.245538 0.694952 0.019760 0.012040
2 2 0.017580 0.220868 0.743710 0.010915 0.006927
2 3 0.028675 0.264973 0.672871 0.018298 0.015182
2 3 0.024684 0.247312 0.675241 0.025433 0.027330
2 2 0.033216 0.324520 0.629926 0.009322 0.003016
2 2 0.018147 0.197613 0.762246 0.017011 0.004983
2 2 0.018434 0.214396 0.746467 0.012738 0.007966
2 3 0.026023 0.253140 0.694875 0.019272 0.006690
2 2 0.039577 0.326286 0.592037 0.017124 0.024977
2 2 0.056690 0.379055 0.534806 0.016650 0.012799
2 2 0.099114 0.386531 0.487352 0.018745 0.008259
2 2 0.023883 0.209307 0.727064 0.027437 0.012309
2 2 0.005713 0.235157 0.710521 0.001670 0.046940
2 2 0.009335 0.260458 0.688840 0.004228 0.037139
2 2 0.014296 0.321713 0.642952 0.003126 0.017913
2 2 0.007380 0.231079 0.746292 0.001754 0.013496
2 2 0.004082 0.137432 0.827286 0.005203 0.025996
2 2 0.007650 0.202163 0.761706 0.003822 0.024658
2 2 0.004776 0.181590 0.784761 0.003236 0.025639
2 2 0.007375 0.244187 0.713448 0.002058 0.032931
2 2 0.007888 0.207275 0.749367 0.003821 0.031648
2 3 0.003707 0.159079 0.807168 0.002850 0.027196
2 2 0.007304 0.176860 0.774860 0.006884 0.034091
2 2 0.004604 0.177816 0.773222 0.003774 0.040584
2 2 0.007574 0.214287 0.747267 0.003550 0.027323
2 2 0.004596 0.162439 0.800601 0.004868 0.027495
2 2 0.002371 0.147362 0.821433 0.002074 0.026760
2 4 0.004841 0.442644 0.473603 0.000100 0.078813
2 4 0.006853 0.356560 0.537799 0.000084 0.098704
1 4 0.010456 0.445824 0.343770 0.000013 0.199936
1 4 0.013608 0.590470 0.329601 0.000026 0.066295
1 4 0.010342 0.489054 0.403358 0.000037 0.097208
1 4 0.145701 0.652737 0.116547 0.000765 0.084250
1 1 0.109506 0.596678 0.172700 0.004479 0.116637
1 4 0.173598 0.672241 0.093265 0.000753 0.060143
1 4 0.042250 0.525471 0.230848 0.002262 0.199169
1 4 0.070098 0.573882 0.210752 0.002221 0.143047
1 4 0.075563 0.551771 0.162509 0.000064 0.210093
1 4 0.038927 0.563829 0.218016 0.000899 0.178328
1 4 0.043154 0.465822 0.180139 0.000141 0.310745
1 4 0.077021 0.597170 0.096251 0.000035 0.229523
1 4 0.059417 0.438394 0.164089 0.000108 0.337993
4 4 0.117651 0.298095 0.057167 0.000216 0.526871
1 4 0.095290 0.536064 0.070254 0.000158 0.298235
4 4 0.160826 0.231178 0.033185 0.000044 0.574767
1 4 0.155821 0.497702 0.065062 0.000169 0.281246
4 4 0.132163 0.347919 0.067473 0.000336 0.452110
1 4 0.052839 0.622401 0.111722 0.000042 0.212996
4 4 0.053563 0.334351 0.099203 0.000018 0.512865
1 4 0.066237 0.729385 0.106977 0.000160 0.097242
1 4 0.047912 0.445992 0.107377 0.000016 0.398704
1 4 0.046215 0.569683 0.109410 0.000066 0.274627
4 4 0.272415 0.332286 0.026333 0.000010 0.368956
1 4 0.165594 0.405787 0.045329 0.000050 0.383239
4 4 0.139866 0.154878 0.020666 0.000014 0.684576
0 4 0.487459 0.308038 0.025036 0.000022 0.179445
4 4 0.255068 0.225676 0.024154 0.000016 0.495086
4 4 0.126020 0.388933 0.073441 0.000379 0.411227
1 4 0.105119 0.486702 0.092302 0.000642 0.315235
4 4 0.215477 0.130322 0.024262 0.000055 0.629885
4 4 0.405277 0.065772 0.005961 0.000001 0.522988
1 4 0.417488 0.527921 0.024303 0.000018 0.030270
1 4 0.016659 0.417552 0.163590 0.000000 0.402199
1 4 0.009478 0.407478 0.213975 0.000000 0.369069
1 4 0.008101 0.418027 0.192657 0.000000 0.381215
1 4 0.009768 0.424006 0.228637 0.000001 0.337588
4 4 0.011413 0.371502 0.180726 0.000000 0.436359
4 4 0.022349 0.200429 0.037444 0.000015 0.739763
4 4 0.038321 0.137812 0.016188 0.000002 0.807677
4 4 0.044409 0.268972 0.044478 0.000015 0.642126
4 4 0.079711 0.211813 0.029708 0.000007 0.678762
4 4 0.044412 0.280104 0.042171 0.000046 0.633268
1 4 0.190529 0.493321 0.105055 0.000086 0.211008
1 4 0.068041 0.725401 0.106945 0.000366 0.099247
1 4 0.078546 0.420872 0.105900 0.000059 0.394624
1 4 0.104033 0.702891 0.080282 0.000096 0.112698
1 4 0.096920 0.589897 0.092124 0.000093 0.220967
1 4 0.071102 0.613373 0.224584 0.002351 0.088589
1 4 0.104125 0.710415 0.160152 0.001308 0.024000
1 1 0.068032 0.578159 0.236461 0.002925 0.114423
1 1 0.099324 0.745714 0.132433 0.000851 0.021678
1 1 0.069959 0.696105 0.194886 0.000349 0.038701
1 1 0.025176 0.510306 0.439014 0.000690 0.024814
1 1 0.029299 0.471540 0.471001 0.001527 0.026633
1 1 0.035856 0.724669 0.229669 0.000198 0.009609
1 1 0.018751 0.520645 0.438995 0.000373 0.021236
1 1 0.022949 0.551258 0.406173 0.000411 0.019209
1 1 0.047595 0.729493 0.215483 0.000261 0.007168
1 1 0.027909 0.541916 0.388173 0.000791 0.041211
1 1 0.028666 0.515413 0.391283 0.001124 0.063515
1 1 0.038427 0.580905 0.338734 0.001016 0.040918
1 1 0.088011 0.491254 0.369847 0.002614 0.048274
1 1 0.035188 0.682344 0.268870 0.000055 0.013544
1 1 0.019314 0.554663 0.407122 0.000298 0.018602
1 1 0.023471 0.567236 0.382676 0.000431 0.026186
1 2 0.019560 0.515604 0.432691 0.000480 0.031665
1 1 0.018392 0.482186 0.474176 0.000494 0.024751
2 2 0.006191 0.442446 0.544265 0.000062 0.007037
2 2 0.004701 0.356734 0.623356 0.000099 0.015109
2 2 0.002885 0.188332 0.779762 0.000943 0.028078
2 2 0.006058 0.359183 0.584993 0.000322 0.049444
2 2 0.003611 0.180987 0.789385 0.001226 0.024790
2 2 0.008401 0.382169 0.597133 0.000337 0.011960
2 2 0.003101 0.200061 0.786280 0.000591 0.009967
2 2 0.011428 0.445452 0.537956 0.000149 0.005015
1 2 0.014914 0.510733 0.467555 0.000170 0.006629
1 2 0.015083 0.506795 0.468232 0.000219 0.009670
1 2 0.006112 0.507867 0.479513 0.000038 0.006470
1 2 0.008375 0.496861 0.488668 0.000067 0.006028
1 2 0.011107 0.509640 0.473323 0.000036 0.005895
2 2 0.005789 0.380662 0.605281 0.000092 0.008177
2 1 0.006730 0.475491 0.507547 0.000067 0.010165
1 1 0.038272 0.642276 0.313399 0.000319 0.005735
1 2 0.066269 0.507841 0.410826 0.004520 0.010543
2 2 0.029321 0.446500 0.509842 0.002157 0.012179
2 1 0.008295 0.197499 0.774665 0.005669 0.013872
1 2 0.060266 0.621832 0.306605 0.000940 0.010357
1 1 0.122872 0.615503 0.221726 0.003974 0.035925
1 0 0.190615 0.525752 0.244532 0.011716 0.027385
1 1 0.376693 0.487122 0.091985 0.005005 0.039194
1 1 0.170732 0.651855 0.138315 0.003735 0.035364
1 1 0.149449 0.607935 0.190241 0.005461 0.046914
2 2 0.002589 0.231019 0.740998 0.000270 0.025124
2 2 0.002163 0.200814 0.776457 0.000298 0.020269
2 2 0.001668 0.170916 0.808553 0.000391 0.018472
2 2 0.001395 0.125463 0.859766 0.000683 0.012693
2 2 0.001925 0.173640 0.807125 0.000378 0.016932
2 2 0.004491 0.256369 0.686269 0.000119 0.052752
2 2 0.004934 0.306951 0.615803 0.000023 0.072290
2 2 0.002211 0.187432 0.775913 0.000148 0.034297
2 2 0.002815 0.234856 0.717686 0.000222 0.044420
2 2 0.005298 0.272866 0.673717 0.000233 0.047885
2 2 0.002625 0.109612 0.864747 0.004712 0.018304
2 2 0.005767 0.234158 0.718563 0.002150 0.039362
2 2 0.001924 0.088341 0.886775 0.006708 0.016252
2 2 0.002115 0.147371 0.825594 0.001582 0.023337
2 2 0.005004 0.208880 0.753861 0.001594 0.030661
2 2 0.002419 0.143044 0.826580 0.002275 0.025681
2 2 0.002804 0.120075 0.848064 0.000294 0.028763
2 2 0.003528 0.155939 0.812904 0.000592 0.027037
2 2 0.005851 0.178298 0.777425 0.000307 0.038119
2 2 0.003387 0.158261 0.805044 0.002845 0.030462
2 2 0.004913 0.122705 0.854489 0.006037 0.011856
2 2 0.003859 0.094192 0.882987 0.001876 0.017087
2 2 0.005268 0.132835 0.849933 0.001948 0.010016
2 2 0.003053 0.111707 0.870486 0.003372 0.011382
2 2 0.002629 0.096822 0.883331 0.005473 0.011745
2 2 0.002767 0.166894 0.801934 0.001454 0.026951
2 2 0.001466 0.094994 0.886304 0.000787 0.016449
2 2 0.001555 0.087650 0.891125 0.001693 0.017978
2 2 0.006176 0.202229 0.737611 0.004060 0.049925
2 2 0.007323 0.237894 0.703698 0.002257 0.048828
2 2 0.004285 0.107310 0.855826 0.017205 0.015375
2 2 0.007950 0.136252 0.828103 0.012938 0.014757
2 2 0.009387 0.145361 0.784545 0.024973 0.035734
2 2 0.005169 0.102130 0.874113 0.007946 0.010643
2 2 0.013646 0.199067 0.741915 0.019736 0.025636
2 2 0.015655 0.182456 0.764432 0.024711 0.012745
2 2 0.024704 0.249653 0.659681 0.028023 0.037938
2 2 0.011891 0.167109 0.760864 0.030589 0.029547
2 2 0.020279 0.246214 0.652239 0.036558 0.044709
2 2 0.011218 0.139478 0.777552 0.049600 0.022152
2 2 0.018150 0.117766 0.682373 0.174574 0.007138
