0 0 0.984216 0.009079 0.001660 0.000061 0.004985
0 0 0.990950 0.005550 0.000986 0.000044 0.002471
0 0 0.992424 0.004913 0.000907 0.000049 0.001707
0 0 0.996213 0.002517 0.000338 0.000009 0.000923
0 0 0.995450 0.003021 0.000446 0.000015 0.001068
0 0 0.998503 0.001132 0.000134 0.000004 0.000227
0 0 0.997061 0.002117 0.000311 0.000013 0.000497
0 0 0.996513 0.002352 0.000313 0.000008 0.000814
0 0 0.997725 0.001671 0.000226 0.000008 0.000369
0 0 0.996800 0.002212 0.000300 0.000009 0.000680
0 0 0.998088 0.001420 0.000181 0.000006 0.000305
0 0 0.997240 0.002093 0.000252 0.000005 0.000410
0 0 0.999014 0.000765 0.000078 0.000002 0.000141
0 0 0.996953 0.002180 0.000319 0.000013 0.000535
0 0 0.997147 0.002060 0.000300 0.000012 0.000481
0 0 0.995707 0.003000 0.000498 0.000025 0.000771
0 0 0.987076 0.008131 0.001913 0.000178 0.002702
0 0 0.994500 0.003853 0.000659 0.000032 0.000957
0 0 0.996646 0.002392 0.000367 0.000016 0.000580
0 0 0.996279 0.002631 0.000417 0.000019 0.000653
0 0 0.987617 0.007826 0.001816 0.000165 0.002575
0 0 0.994843 0.003554 0.000623 0.000034 0.000946
0 0 0.995867 0.002897 0.000475 0.000023 0.000737
0 0 0.994824 0.003559 0.000627 0.000035 0.000955
0 0 0.995589 0.003075 0.000515 0.000026 0.000795
0 0 0.994989 0.003455 0.000602 0.000033 0.000920
0 0 0.994869 0.003531 0.000620 0.000034 0.000946
0 0 0.993869 0.004152 0.000772 0.000047 0.001160
0 0 0.994018 0.004060 0.000749 0.000045 0.001127
0 0 0.992043 0.005259 0.001062 0.000075 0.001561
0 0 0.987381 0.008715 0.001720 0.000084 0.002100
0 0 0.992447 0.005017 0.000996 0.000069 0.001471
0 0 0.987999 0.008153 0.001653 0.000092 0.002103
0 0 0.992339 0.005082 0.001014 0.000070 0.001495
0 0 0.987634 0.008316 0.001727 0.000104 0.002219
0 0 0.992146 0.005197 0.001045 0.000074 0.001538
0 0 0.993188 0.004593 0.000874 0.000055 0.001290
0 0 0.993455 0.004406 0.000836 0.000053 0.001250
0 0 0.993137 0.004600 0.000886 0.000058 0.001319
0 0 0.991911 0.005338 0.001083 0.000078 0.001590
0 0 0.991990 0.005290 0.001070 0.000076 0.001573
0 0 0.989955 0.006488 0.001410 0.000114 0.002033
0 0 0.994357 0.003850 0.000697 0.000041 0.001055
0 0 0.991980 0.005297 0.001072 0.000076 0.001575
0 0 0.983928 0.009873 0.002487 0.000262 0.003450
0 0 0.989359 0.007174 0.001452 0.000087 0.001927
0 0 0.990507 0.006167 0.001316 0.000103 0.001907
0 0 0.993551 0.004347 0.000821 0.000052 0.001229
0 0 0.993880 0.004146 0.000770 0.000047 0.001157
0 0 0.993621 0.004304 0.000810 0.000051 0.001213
0 0 0.992753 0.004832 0.000947 0.000064 0.001403
0 0 0.993584 0.004327 0.000816 0.000051 0.001222
0 0 0.991990 0.005291 0.001070 0.000076 0.001573
0 0 0.991398 0.005683 0.001161 0.000082 0.001677
0 0 0.993352 0.004469 0.000852 0.000055 0.001272
0 0 0.990657 0.006079 0.001291 0.000100 0.001873
0 0 0.991334 0.005680 0.001178 0.000088 0.001720
0 0 0.992416 0.005036 0.001001 0.000069 0.001478
0 0 0.992906 0.004740 0.000923 0.000061 0.001370
0 0 0.991759 0.005428 0.001108 0.000080 0.001625
0 0 0.985063 0.009048 0.002078 0.000168 0.003642
0 0 0.991831 0.005062 0.000871 0.000036 0.002200
0 0 0.990393 0.005878 0.001074 0.000051 0.002604
0 0 0.991148 0.005459 0.000970 0.000043 0.002380
0 0 0.990629 0.005723 0.001027 0.000046 0.002575
0 0 0.990892 0.005835 0.001161 0.000074 0.002039
0 0 0.992777 0.004818 0.000943 0.000063 0.001398
0 0 0.993416 0.004430 0.000842 0.000054 0.001258
0 0 0.968449 0.021108 0.004845 0.000237 0.005362
0 0 0.991193 0.005764 0.001201 0.000090 0.001752
0 0 0.980720 0.013047 0.002840 0.000154 0.003239
0 0 0.992574 0.004940 0.000976 0.000067 0.001443
0 0 0.990048 0.006434 0.001394 0.000112 0.002012
0 0 0.992738 0.004842 0.000950 0.000064 0.001407
0 0 0.991167 0.005779 0.001206 0.000091 0.001758
0 0 0.991760 0.005428 0.001108 0.000080 0.001624
0 0 0.992565 0.004946 0.000977 0.000067 0.001445
0 0 0.989879 0.006532 0.001423 0.000116 0.002051
0 0 0.977728 0.015114 0.003334 0.000174 0.003650
0 0 0.984798 0.009470 0.002315 0.000226 0.003191
0 0 0.991892 0.005312 0.001054 0.000070 0.001672
0 0 0.995252 0.003290 0.000564 0.000030 0.000865
0 0 0.994864 0.003534 0.000621 0.000034 0.000947
0 0 0.996121 0.002733 0.000439 0.000021 0.000686
0 0 0.996212 0.002675 0.000426 0.000020 0.000667
0 0 0.993002 0.004682 0.000908 0.000060 0.001349
0 0 0.992281 0.005116 0.001023 0.000071 0.001508
0 0 0.991140 0.005795 0.001210 0.000091 0.001764
0 0 0.987185 0.008526 0.001793 0.000111 0.002386
0 0 0.993098 0.004624 0.000892 0.000058 0.001328
0 0 0.988563 0.007289 0.001650 0.000144 0.002354
0 0 0.983729 0.010586 0.002427 0.000178 0.003080
0 0 0.986071 0.008748 0.002031 0.000173 0.002976
0 0 0.988994 0.007042 0.001575 0.000134 0.002254
0 0 0.987256 0.008413 0.001817 0.000124 0.002390
0 0 0.991475 0.005594 0.001153 0.000085 0.001693
0 0 0.994996 0.003340 0.000527 0.000021 0.001117
0 0 0.993222 0.004436 0.000787 0.000040 0.001515
0 0 0.993444 0.004398 0.000825 0.000051 0.001282
0 0 0.993853 0.004030 0.000679 0.000030 0.001408
0 0 0.993676 0.004271 0.000802 0.000050 0.001201
0 0 0.993229 0.004544 0.000872 0.000057 0.001299
0 0 0.989438 0.006787 0.001498 0.000125 0.002152
0 0 0.985274 0.010177 0.002047 0.000098 0.002403
0 0 0.993871 0.004151 0.000771 0.000047 0.001159
0 0 0.990085 0.006412 0.001388 0.000111 0.002003
0 0 0.990330 0.006270 0.001346 0.000107 0.001948
0 0 0.989479 0.006763 0.001491 0.000124 0.002142
0 0 0.991247 0.005732 0.001193 0.000089 0.001740
0 0 0.982264 0.011613 0.002663 0.000185 0.003275
0 0 0.992860 0.004768 0.000930 0.000062 0.001380
0 0 0.992258 0.005147 0.001024 0.000070 0.001501
0 0 0.993077 0.004636 0.000896 0.000059 0.001332
0 0 0.992609 0.004919 0.000970 0.000066 0.001435
0 0 0.991690 0.005469 0.001119 0.000081 0.001640
0 0 0.992103 0.005223 0.001052 0.000074 0.001548
0 0 0.990525 0.006156 0.001313 0.000103 0.001903
0 0 0.977511 0.015569 0.003298 0.000147 0.003475
0 0 0.976555 0.016463 0.003398 0.000134 0.003450
0 0 0.968109 0.024836 0.004014 0.000054 0.002988
0 0 0.986912 0.008281 0.001933 0.000174 0.002700
0 0 0.984958 0.010487 0.002076 0.000092 0.002387
0 0 0.993545 0.004351 0.000822 0.000052 0.001230
0 0 0.990767 0.006538 0.001172 0.000049 0.001474
0 0 0.993928 0.004116 0.000763 0.000046 0.001147
0 0 0.990046 0.006408 0.001369 0.000105 0.002072
0 0 0.984401 0.009614 0.002399 0.000248 0.003337
0 0 0.983945 0.009669 0.002254 0.000184 0.003949
0 0 0.981378 0.011747 0.002430 0.000117 0.004328
0 0 0.962923 0.024370 0.005626 0.000258 0.006823
0 0 0.988988 0.006868 0.001420 0.000094 0.002631
0 0 0.976184 0.013580 0.003546 0.000350 0.006340
0 0 0.988823 0.006860 0.001373 0.000081 0.002863
0 0 0.983925 0.009137 0.001887 0.000105 0.004947
0 0 0.992301 0.005002 0.000937 0.000053 0.001707
0 0 0.983776 0.010733 0.002077 0.000084 0.003331
0 0 0.991752 0.005575 0.001038 0.000054 0.001581
0 0 0.988217 0.007647 0.001682 0.000129 0.002325
0 0 0.985192 0.010748 0.001913 0.000058 0.002089
0 0 0.984763 0.010186 0.002201 0.000134 0.002716
0 0 0.981687 0.013681 0.002346 0.000055 0.002231
0 0 0.964738 0.025253 0.005237 0.000163 0.004608
0 0 0.990622 0.006204 0.001229 0.000074 0.001871
0 0 0.981204 0.014109 0.002396 0.000053 0.002238
0 0 0.981021 0.012589 0.002644 0.000129 0.003617
0 0 0.963690 0.026548 0.005244 0.000134 0.004384
0 0 0.901183 0.072467 0.015958 0.000321 0.010072
0 0 0.959757 0.028080 0.006292 0.000240 0.005631
0 0 0.961747 0.028227 0.005475 0.000127 0.004425
0 0 0.979291 0.014294 0.003015 0.000139 0.003261
0 0 0.969915 0.020657 0.004623 0.000210 0.004595
0 0 0.949748 0.038573 0.006877 0.000099 0.004703
0 0 0.979381 0.013501 0.003159 0.000215 0.003744
0 0 0.925346 0.057713 0.010501 0.000127 0.006314
0 0 0.942819 0.041700 0.008752 0.000210 0.006520
0 0 0.956819 0.032530 0.006036 0.000110 0.004504
0 0 0.937631 0.048861 0.008334 0.000089 0.005085
0 0 0.981050 0.011423 0.003030 0.000350 0.004147
0 0 0.971354 0.020476 0.004158 0.000136 0.003875
0 0 0.985206 0.009172 0.002251 0.000226 0.003145
0 0 0.977266 0.014997 0.003506 0.000224 0.004007
0 0 0.983344 0.010191 0.002596 0.000279 0.003591
0 0 0.981046 0.013967 0.002496 0.000066 0.002424
0 0 0.963724 0.026106 0.005369 0.000159 0.004643
0 0 0.946384 0.041095 0.007117 0.000089 0.005314
0 0 0.749918 0.153752 0.026314 0.000129 0.069887
0 0 0.651892 0.261385 0.028878 0.000021 0.057823
1 1 0.376986 0.448550 0.043114 0.000011 0.131339
1 1 0.215664 0.593054 0.072307 0.000025 0.118950
1 2 0.170648 0.617685 0.085137 0.000038 0.126492
1 2 0.017805 0.692372 0.054632 0.000000 0.235191
1 1 0.017901 0.614962 0.036305 0.000000 0.330832
1 2 0.060666 0.556804 0.023241 0.000000 0.359289
1 2 0.019176 0.648753 0.040965 0.000000 0.291105
1 2 0.011310 0.668222 0.075268 0.000001 0.245200
1 2 0.182516 0.440385 0.024582 0.000001 0.352516
1 2 0.062292 0.595918 0.032495 0.000000 0.309295
4 1 0.189730 0.290692 0.023445 0.000003 0.496130
4 1 0.112483 0.428364 0.029893 0.000001 0.429259
4 1 0.070731 0.412471 0.025254 0.000001 0.491544
4 1 0.073809 0.437946 0.025644 0.000000 0.462600
1 1 0.093358 0.566709 0.039650 0.000001 0.300281
1 1 0.201779 0.453748 0.031797 0.000002 0.312674
1 1 0.175250 0.495715 0.030841 0.000001 0.298193
1 1 0.306171 0.473144 0.031685 0.000002 0.188998
1 1 0.194843 0.574975 0.094234 0.000086 0.135863
0 0 0.463234 0.382552 0.049393 0.000041 0.104780
0 0 0.640808 0.186308 0.047292 0.000735 0.124858
0 1 0.767569 0.164001 0.036302 0.000422 0.031705
0 1 0.422721 0.422026 0.060287 0.000064 0.094902
1 1 0.025582 0.589519 0.350381 0.000188 0.034331
2 2 0.007363 0.479854 0.480301 0.000419 0.032063
2 2 0.015699 0.323748 0.636247 0.000276 0.024031
2 2 0.008418 0.244858 0.726562 0.001089 0.019073
2 2 0.007677 0.239315 0.710101 0.000657 0.042250
2 2 0.015594 0.105118 0.871047 0.006808 0.001432
2 2 0.011134 0.067656 0.907882 0.011500 0.001828
2 2 0.021723 0.106438 0.853721 0.011413 0.006706
2 2 0.019671 0.099318 0.845329 0.032769 0.002913
2 2 0.068265 0.114073 0.777041 0.038885 0.001735
2 2 0.012332 0.014533 0.684604 0.288292 0.000239
2 2 0.014744 0.029744 0.728703 0.225810 0.000999
2 2 0.005253 0.012618 0.683685 0.298211 0.000234
2 2 0.004671 0.017860 0.741459 0.235475 0.000535
2 1 0.011909 0.011407 0.520477 0.456067 0.000140
2 2 0.044100 0.090592 0.596798 0.263601 0.004910
2 2 0.019452 0.106461 0.782356 0.085711 0.006020
2 1 0.025867 0.123087 0.745323 0.099443 0.006281
2 2 0.037999 0.114857 0.707186 0.133849 0.006110
2 2 0.013157 0.070007 0.835790 0.077923 0.003122
2 2 0.034719 0.099972 0.801617 0.057845 0.005847
2 2 0.031940 0.107874 0.787307 0.066038 0.006841
2 2 0.025117 0.059789 0.809708 0.102306 0.003080
2 2 0.031821 0.104796 0.793077 0.064736 0.005570
2 2 0.017533 0.051767 0.744002 0.183782 0.002917
3 2 0.008474 0.018034 0.465897 0.506133 0.001463
3 2 0.005193 0.012362 0.439399 0.542081 0.000965
3 2 0.009284 0.012374 0.428728 0.548990 0.000625
3 2 0.005695 0.016172 0.404719 0.571869 0.001545
3 3 0.002653 0.006636 0.300928 0.689279 0.000505
3 3 0.000581 0.002010 0.141075 0.856164 0.000169
3 3 0.001876 0.004881 0.152847 0.839927 0.000469
3 3 0.000821 0.002542 0.178641 0.817804 0.000191
3 3 0.000697 0.003252 0.180203 0.815515 0.000333
3 3 0.002297 0.006546 0.220292 0.770282 0.000583
3 3 0.001293 0.003694 0.226929 0.767783 0.000300
3 3 0.000872 0.002672 0.161584 0.834625 0.000247
3 3 0.000542 0.002526 0.113186 0.883435 0.000311
3 3 0.002888 0.008174 0.208431 0.779625 0.000882
3 3 0.000933 0.004123 0.112983 0.881401 0.000560
3 3 0.000066 0.000643 0.055792 0.943420 0.000079
3 3 0.000288 0.001168 0.049909 0.948488 0.000147
3 3 0.000533 0.002265 0.053645 0.943203 0.000353
3 3 0.000153 0.000852 0.050638 0.948241 0.000116
3 3 0.000571 0.002164 0.069937 0.927029 0.000300
3 3 0.000307 0.001251 0.048402 0.949877 0.000163
3 3 0.000198 0.001062 0.020462 0.978080 0.000198
3 3 0.000602 0.001794 0.027896 0.969425 0.000284
3 3 0.000372 0.001572 0.031967 0.965804 0.000286
3 3 0.000167 0.000956 0.024986 0.973724 0.000167
3 3 0.000651 0.003165 0.074453 0.921182 0.000549
3 3 0.000129 0.001079 0.050516 0.948117 0.000159
3 3 0.000245 0.001765 0.049353 0.948317 0.000320
3 3 0.000554 0.004244 0.068718 0.925722 0.000762
3 3 0.000194 0.001505 0.065051 0.933022 0.000229
3 3 0.000169 0.000801 0.026770 0.972152 0.000108
3 3 0.000234 0.001371 0.016156 0.981904 0.000335
3 3 0.000191 0.001115 0.016455 0.982001 0.000238
3 3 0.000169 0.001096 0.016025 0.982459 0.000251
3 3 0.000143 0.000801 0.017734 0.981189 0.000133
3 3 0.000239 0.001708 0.062981 0.934813 0.000260
3 3 0.000326 0.002566 0.061477 0.935192 0.000438
3 3 0.000546 0.003660 0.029309 0.965679 0.000806
3 3 0.000661 0.005557 0.079969 0.912401 0.001412
3 2 0.001278 0.009967 0.093469 0.892493 0.002794
3 2 0.020599 0.041419 0.425595 0.508173 0.004213
2 2 0.024476 0.038537 0.468693 0.464631 0.003664
2 1 0.013440 0.049132 0.565463 0.367228 0.004736
2 2 0.015437 0.060947 0.495140 0.421274 0.007201
2 2 0.013646 0.042120 0.518020 0.422001 0.004213
3 2 0.011259 0.030487 0.327471 0.627062 0.003720
3 2 0.005191 0.013764 0.343594 0.636173 0.001279
3 2 0.006933 0.014654 0.236218 0.740531 0.001664
3 2 0.005610 0.011876 0.192607 0.788397 0.001509
3 2 0.016699 0.028939 0.341063 0.610181 0.003118
2 2 0.037601 0.047923 0.516190 0.396020 0.002265
2 2 0.077710 0.091096 0.497697 0.328293 0.005203
2 2 0.032088 0.114243 0.673872 0.174363 0.005433
2 2 0.028227 0.104917 0.716536 0.144942 0.005378
2 2 0.022080 0.090380 0.812205 0.071380 0.003955
2 3 0.014963 0.045778 0.734354 0.201628 0.003277
2 3 0.014378 0.044526 0.663167 0.274235 0.003694
2 2 0.011325 0.032874 0.629514 0.323686 0.002602
2 2 0.013207 0.026994 0.522458 0.435136 0.002205
2 2 0.018906 0.058829 0.579732 0.335797 0.006736
3 2 0.006654 0.027767 0.447699 0.515180 0.002700
3 3 0.007401 0.017656 0.351378 0.621763 0.001802
3 2 0.004744 0.019830 0.228692 0.744091 0.002645
3 2 0.010481 0.017875 0.322160 0.647942 0.001541
3 2 0.006996 0.021536 0.441530 0.527972 0.001966
2 2 0.002874 0.014690 0.492761 0.488306 0.001369
3 2 0.003094 0.016056 0.285989 0.692509 0.002352
3 2 0.003900 0.016715 0.484860 0.493016 0.001510
2 2 0.004212 0.026149 0.485164 0.480713 0.003762
3 3 0.002231 0.014928 0.384406 0.596772 0.001663
3 3 0.001161 0.003971 0.108896 0.885493 0.000481
3 3 0.000855 0.004160 0.088496 0.905773 0.000715
3 3 0.000665 0.003093 0.081678 0.914153 0.000411
3 3 0.000760 0.004126 0.111635 0.882901 0.000577
3 2 0.000856 0.003628 0.099621 0.895378 0.000517
2 2 0.056185 0.077989 0.528976 0.331087 0.005763
2 2 0.014182 0.047482 0.657166 0.277590 0.003580
2 2 0.006926 0.036579 0.763268 0.191483 0.001744
2 2 0.015558 0.025643 0.571231 0.386104 0.001463
2 2 0.009824 0.039902 0.730132 0.217354 0.002789
2 2 0.009991 0.051629 0.650028 0.283640 0.004711
2 2 0.009745 0.025420 0.626602 0.336521 0.001713
2 2 0.005517 0.018188 0.709992 0.265211 0.001092
2 2 0.009799 0.028260 0.614581 0.344416 0.002945
2 1 0.027935 0.050023 0.464464 0.451804 0.005774
2 1 0.149332 0.184258 0.562560 0.095340 0.008509
2 2 0.055635 0.143215 0.610278 0.183331 0.007542
2 1 0.071634 0.108964 0.597081 0.217233 0.005088
2 2 0.115438 0.113825 0.573354 0.190907 0.006475
2 1 0.082690 0.210030 0.637182 0.059359 0.010740
2 1 0.076684 0.155159 0.672764 0.089662 0.005730
2 2 0.026952 0.221017 0.717980 0.024907 0.009144
2 2 0.030479 0.101557 0.832174 0.034548 0.001242
2 2 0.020440 0.097926 0.839429 0.040549 0.001656
2 2 0.018736 0.125245 0.839980 0.014543 0.001496
2 2 0.012209 0.102149 0.868731 0.015270 0.001640
2 2 0.013591 0.128809 0.844346 0.009797 0.003456
2 2 0.027706 0.148980 0.806744 0.013972 0.002597
2 2 0.015389 0.185082 0.791674 0.003999 0.003857
2 2 0.026457 0.179329 0.781329 0.009848 0.003037
2 2 0.021845 0.298216 0.659135 0.009029 0.011776
2 2 0.040626 0.136121 0.783117 0.036616 0.003519
2 1 0.029577 0.221905 0.730758 0.009451 0.008309
2 1 0.063102 0.284725 0.626317 0.014833 0.011024
2 1 0.034896 0.231490 0.716040 0.009028 0.008546
2 2 0.021227 0.187187 0.779482 0.005513 0.006591
2 2 0.021664 0.174745 0.788739 0.009895 0.004958
2 2 0.020334 0.156304 0.798802 0.020794 0.003766
2 2 0.017244 0.239280 0.731005 0.005331 0.007139
2 2 0.025361 0.164200 0.797579 0.008430 0.004430
2 2 0.016800 0.112596 0.851376 0.015515 0.003714
2 2 0.011836 0.168589 0.804933 0.007255 0.007387
2 2 0.023529 0.106924 0.823934 0.042503 0.003109
2 2 0.024721 0.118973 0.811755 0.037594 0.006956
2 2 0.019598 0.200000 0.758833 0.011713 0.009856
2 2 0.027556 0.103858 0.804205 0.060620 0.003760
2 0 0.041233 0.086371 0.774217 0.092646 0.005533
0 1 0.479028 0.239278 0.215932 0.029550 0.036212
2 2 0.069629 0.302281 0.588653 0.022251 0.017186
2 2 0.039039 0.159069 0.767488 0.027870 0.006534
2 2 0.024323 0.173490 0.779485 0.015013 0.007689
2 2 0.016225 0.132576 0.821212 0.026494 0.003492
2 2 0.031602 0.176353 0.762964 0.022678 0.006403
2 2 0.032806 0.177719 0.761325 0.020088 0.008062
2 1 0.020797 0.154111 0.793804 0.026885 0.004402
2 1 0.037739 0.182580 0.737491 0.036293 0.005897
2 2 0.049773 0.175841 0.751084 0.018437 0.004865
2 2 0.022713 0.132883 0.826196 0.015107 0.003101
2 2 0.016100 0.111915 0.849319 0.020690 0.001977
2 2 0.018770 0.140156 0.815157 0.022035 0.003882
2 2 0.024179 0.116591 0.828840 0.026512 0.003878
2 2 0.025263 0.082402 0.816102 0.073560 0.002673
2 2 0.033978 0.169393 0.758242 0.029757 0.008630
2 2 0.028248 0.181705 0.762108 0.019673 0.008265
2 2 0.027141 0.122125 0.821711 0.024469 0.004554
2 2 0.015173 0.060309 0.788168 0.133134 0.003216
2 2 0.015710 0.063759 0.820593 0.097501 0.002437
2 2 0.010895 0.035166 0.795852 0.156349 0.001738
2 2 0.009279 0.034205 0.779187 0.175753 0.001576
2 1 0.054390 0.052528 0.532137 0.358148 0.002797
2 1 0.155158 0.180452 0.512673 0.139109 0.012608
2 1 0.295963 0.280159 0.302960 0.096455 0.024462
2 1 0.219416 0.286780 0.438260 0.034179 0.021364
2 2 0.048811 0.319456 0.598582 0.016856 0.016294
2 2 0.047311 0.203032 0.706977 0.033973 0.008707
2 2 0.070436 0.170381 0.737106 0.017614 0.004464
2 2 0.025884 0.145964 0.786650 0.036609 0.004893
2 2 0.051445 0.148078 0.774598 0.021811 0.004067
2 2 0.029984 0.164931 0.752405 0.046717 0.005962
2 2 0.041565 0.158365 0.765298 0.027658 0.007114
2 2 0.035250 0.154303 0.780068 0.024555 0.005824
2 2 0.038393 0.174231 0.757130 0.023277 0.006969
2 2 0.029542 0.137970 0.801925 0.026857 0.003705
2 2 0.038484 0.289736 0.635549 0.023155 0.013076
2 2 0.034484 0.160296 0.786418 0.014936 0.003866
2 2 0.027111 0.124025 0.748646 0.087306 0.012911
2 2 0.052892 0.104014 0.752094 0.084196 0.006803
2 2 0.033958 0.090165 0.720738 0.147175 0.007965
2 2 0.033908 0.097021 0.713325 0.146556 0.009190
2 2 0.035128 0.104045 0.717308 0.133912 0.009607
2 2 0.014136 0.035630 0.573506 0.373715 0.003013
2 2 0.010062 0.029023 0.499722 0.458324 0.002869
2 2 0.013313 0.031614 0.486920 0.465104 0.003048
2 2 0.010509 0.038767 0.547424 0.399830 0.003470
2 2 0.011913 0.041417 0.532065 0.410490 0.004116
2 2 0.017966 0.059310 0.638617 0.279389 0.004717
2 2 0.019854 0.049275 0.628665 0.298174 0.004032
2 2 0.015017 0.078729 0.702831 0.197609 0.005814
2 2 0.016982 0.025979 0.484169 0.470788 0.002082
3 1 0.028250 0.028032 0.399900 0.542200 0.001618
2 1 0.189989 0.197237 0.482255 0.120697 0.009822
2 1 0.134503 0.304909 0.491136 0.055870 0.013582
2 2 0.081007 0.374861 0.515782 0.012171 0.016178
2 2 0.043454 0.154239 0.758064 0.040685 0.003557
2 2 0.090699 0.313480 0.564783 0.017929 0.013109
2 2 0.032058 0.185016 0.735137 0.040972 0.006818
2 2 0.045290 0.227187 0.701970 0.014088 0.011465
2 2 0.049331 0.221526 0.692913 0.025759 0.010471
2 2 0.046543 0.195075 0.723611 0.025875 0.008896
2 2 0.043591 0.132586 0.775154 0.044362 0.004306
2 2 0.033800 0.206919 0.742467 0.009640 0.007175
2 2 0.052251 0.160986 0.769368 0.012363 0.005031
2 2 0.023344 0.169629 0.783149 0.019081 0.004798
2 2 0.029072 0.122984 0.809492 0.033587 0.004866
2 2 0.017275 0.170282 0.794534 0.012049 0.005859
2 1 0.027354 0.111351 0.738956 0.116477 0.005862
2 1 0.080933 0.189779 0.626493 0.091673 0.011123
2 1 0.062622 0.189210 0.692156 0.043600 0.012412
2 2 0.130384 0.235222 0.573417 0.040380 0.020597
2 2 0.032531 0.183374 0.739887 0.035978 0.008229
2 2 0.026595 0.123829 0.820653 0.027151 0.001773
2 2 0.012956 0.108548 0.855529 0.020723 0.002244
2 2 0.010934 0.128828 0.850174 0.007674 0.002390
2 2 0.012271 0.100921 0.877892 0.006809 0.002107
2 2 0.013903 0.116329 0.860098 0.007432 0.002238
2 2 0.013885 0.089020 0.879488 0.015618 0.001990
2 2 0.018462 0.081122 0.876196 0.022250 0.001971
2 2 0.011076 0.058913 0.915109 0.013684 0.001219
2 2 0.019653 0.179700 0.784627 0.009556 0.006464
2 0 0.067543 0.139868 0.733860 0.049358 0.009372
0 0 0.998798 0.000900 0.000091 0.000002 0.000209
0 0 0.998973 0.000796 0.000083 0.000002 0.000145
0 0 0.998771 0.000942 0.000105 0.000003 0.000180
0 0 0.998914 0.000839 0.000089 0.000002 0.000155
0 0 0.996524 0.002472 0.000383 0.000017 0.000604
0 0 0.961275 0.026669 0.006123 0.000261 0.005673
0 0 0.927484 0.059553 0.008578 0.000046 0.004339
0 0 0.924871 0.059534 0.009939 0.000088 0.005569
0 0 0.840941 0.139131 0.015256 0.000018 0.004653
0 0 0.948778 0.038852 0.007203 0.000118 0.005049
0 0 0.903121 0.075418 0.013780 0.000143 0.007539
0 0 0.788907 0.178781 0.024434 0.000053 0.007826
0 0 0.774322 0.188849 0.027675 0.000073 0.009081
0 0 0.748377 0.209511 0.031808 0.000087 0.010218
0 0 0.637433 0.303656 0.046314 0.000095 0.012502
0 0 0.878382 0.098439 0.015873 0.000090 0.007216
0 0 0.822055 0.152379 0.019276 0.000036 0.006255
0 0 0.818083 0.153199 0.021304 0.000054 0.007360
0 0 0.890478 0.087203 0.014862 0.000111 0.007346
0 0 0.976054 0.015354 0.003806 0.000293 0.004494
0 0 0.979528 0.012777 0.003691 0.000482 0.003522
0 0 0.895197 0.090059 0.010668 0.000022 0.004053
0 0 0.889723 0.091119 0.013294 0.000057 0.005807
0 0 0.945239 0.041599 0.007735 0.000123 0.005304
0 0 0.940360 0.046979 0.007822 0.000079 0.004760
0 1 0.883656 0.092601 0.015902 0.000117 0.007724
0 1 0.756582 0.198998 0.030715 0.000092 0.013613
0 0 0.734366 0.222530 0.028570 0.000042 0.014491
0 1 0.795307 0.166763 0.027197 0.000112 0.010621
0 1 0.775808 0.190510 0.024625 0.000042 0.009015
0 1 0.774191 0.193256 0.025032 0.000042 0.007478
0 1 0.822206 0.149301 0.021030 0.000057 0.007406
0 0 0.825301 0.150423 0.018388 0.000031 0.005858
0 1 0.902419 0.076611 0.013595 0.000126 0.007248
0 1 0.786940 0.183602 0.022707 0.000034 0.006717
0 1 0.758118 0.207934 0.017122 0.000006 0.016821
0 1 0.766057 0.206027 0.014590 0.000003 0.013323
0 1 0.665106 0.280152 0.031627 0.000025 0.023091
0 1 0.630757 0.279690 0.040060 0.000069 0.049424
0 1 0.661042 0.288207 0.022518 0.000005 0.028229
0 1 0.788282 0.181522 0.017233 0.000010 0.012953
0 1 0.876730 0.093822 0.013871 0.000060 0.015517
0 0 0.781581 0.189157 0.018177 0.000011 0.011074
0 0 0.959419 0.030151 0.005779 0.000124 0.004528
0 1 0.917569 0.067041 0.010197 0.000061 0.005132
0 1 0.499513 0.448203 0.030656 0.000003 0.021625
1 1 0.405193 0.488475 0.055467 0.000024 0.050841
1 1 0.368056 0.543518 0.051055 0.000010 0.037360
1 1 0.429749 0.461522 0.056979 0.000035 0.051715
0 1 0.548260 0.397115 0.028791 0.000004 0.025831
0 1 0.461174 0.347701 0.029099 0.000006 0.162021
1 1 0.329281 0.545917 0.029142 0.000001 0.095659
0 1 0.543798 0.312257 0.027338 0.000007 0.116600
0 1 0.648154 0.263450 0.016565 0.000002 0.071829
0 1 0.635031 0.222195 0.025060 0.000022 0.117692
0 1 0.450265 0.272092 0.017396 0.000002 0.260245
0 1 0.395083 0.372960 0.016697 0.000000 0.215260
1 1 0.311731 0.415181 0.017548 0.000000 0.255540
1 1 0.379414 0.394744 0.018553 0.000000 0.207289
0 0 0.616944 0.272854 0.010492 0.000000 0.099709
4 1 0.221611 0.324447 0.018534 0.000001 0.435407
4 1 0.265815 0.350855 0.013239 0.000000 0.370091
4 1 0.171083 0.357021 0.009851 0.000000 0.462045
4 1 0.137519 0.286829 0.013278 0.000000 0.562374
1 1 0.196346 0.402494 0.015979 0.000000 0.385181
1 1 0.200171 0.492657 0.017675 0.000000 0.289497
1 1 0.174791 0.499324 0.014101 0.000000 0.311784
1 1 0.285282 0.392972 0.015985 0.000000 0.305760
1 1 0.118812 0.509368 0.018301 0.000000 0.353520
1 1 0.088942 0.480369 0.025501 0.000000 0.405187
1 0 0.316046 0.542961 0.094084 0.000143 0.046766
0 0 0.677803 0.263165 0.035139 0.000051 0.023842
0 1 0.940822 0.040831 0.009840 0.000384 0.008124
0 1 0.781922 0.188822 0.022711 0.000030 0.006514
0 1 0.764578 0.206253 0.021424 0.000016 0.007728
1 1 0.416880 0.489966 0.049067 0.000014 0.044073
1 1 0.342075 0.537424 0.051655 0.000011 0.068835
1 1 0.269459 0.614640 0.059971 0.000011 0.055920
1 1 0.181454 0.636383 0.100212 0.000072 0.081879
1 1 0.153806 0.653728 0.117270 0.000119 0.075077
1 1 0.095625 0.673404 0.172966 0.000020 0.057985
1 1 0.072527 0.636584 0.231379 0.000094 0.059416
1 2 0.013024 0.489973 0.426937 0.000008 0.070058
1 2 0.034919 0.633231 0.275612 0.000032 0.056206
1 1 0.105708 0.591935 0.218802 0.000038 0.083517
1 1 0.221554 0.624645 0.129561 0.000275 0.023965
1 2 0.045246 0.508408 0.426551 0.000272 0.019523
1 2 0.081608 0.592950 0.313015 0.000147 0.012280
1 2 0.071907 0.462787 0.429704 0.000173 0.035429
2 2 0.012450 0.171364 0.790135 0.000206 0.025846
2 2 0.013948 0.371650 0.600010 0.000007 0.014385
2 2 0.013159 0.278629 0.684547 0.000002 0.023663
2 2 0.011734 0.276734 0.677818 0.000002 0.033712
2 2 0.011210 0.323212 0.652373 0.000010 0.013195
2 2 0.008857 0.307426 0.657903 0.000012 0.025801
2 2 0.005504 0.266663 0.701399 0.000019 0.026415
2 2 0.015224 0.210637 0.763117 0.000157 0.010865
2 2 0.022092 0.219935 0.751732 0.000098 0.006144
2 2 0.008103 0.216733 0.759978 0.000032 0.015154
2 2 0.012674 0.199582 0.775567 0.000455 0.011722
2 2 0.026706 0.249946 0.701367 0.000819 0.021161
2 2 0.012248 0.227294 0.735256 0.000950 0.024252
2 2 0.021075 0.202682 0.763869 0.000278 0.012096
2 2 0.014288 0.177023 0.787736 0.002379 0.018575
2 2 0.012468 0.274417 0.695476 0.000170 0.017469
2 2 0.013788 0.186622 0.783826 0.002151 0.013613
2 2 0.054907 0.231562 0.699444 0.006342 0.007745
2 2 0.008870 0.171112 0.791337 0.010109 0.018572
2 2 0.016615 0.205847 0.765935 0.004013 0.007590
2 2 0.010709 0.163431 0.810127 0.004025 0.011708
2 2 0.025230 0.242011 0.705450 0.005824 0.021485
2 2 0.035732 0.135683 0.804454 0.007857 0.016274
2 2 0.010897 0.142386 0.824247 0.005002 0.017468
2 2 0.027376 0.122303 0.805143 0.035879 0.009299
2 2 0.008949 0.102391 0.875590 0.003699 0.009371
2 2 0.053015 0.133619 0.777341 0.026410 0.009615
2 1 0.066287 0.174647 0.728842 0.016377 0.013847
2 0 0.208907 0.252600 0.456060 0.057304 0.025128
0 1 0.732518 0.157660 0.074640 0.009445 0.025737
1 1 0.403907 0.420328 0.142426 0.002507 0.030833
1 2 0.217047 0.484722 0.274551 0.003061 0.020618
2 2 0.111283 0.327863 0.525741 0.021891 0.013222
2 2 0.132065 0.299242 0.534213 0.023326 0.011154
1 2 0.222299 0.398829 0.354229 0.007777 0.016865
2 2 0.161991 0.313133 0.492409 0.019037 0.013430
2 2 0.052284 0.280317 0.648917 0.008093 0.010389
2 2 0.061393 0.242818 0.665871 0.018265 0.011653
2 2 0.068410 0.204652 0.669947 0.048431 0.008560
2 2 0.056718 0.138896 0.748398 0.049414 0.006575
2 2 0.055980 0.248980 0.671387 0.012383 0.011271
2 2 0.056464 0.259581 0.662554 0.011576 0.009826
2 2 0.054468 0.207059 0.716289 0.014518 0.007666
2 2 0.045729 0.172315 0.751368 0.025698 0.004890
2 2 0.044779 0.226151 0.702390 0.018105 0.008576
2 2 0.032529 0.181418 0.761219 0.018733 0.006100
2 2 0.036379 0.148495 0.764205 0.043388 0.007534
2 2 0.045703 0.167007 0.727513 0.050689 0.009088
2 2 0.041298 0.160896 0.724710 0.065097 0.007999
2 2 0.035360 0.145295 0.762207 0.050476 0.006662
2 2 0.020764 0.118835 0.812290 0.044204 0.003907
2 3 0.015271 0.054415 0.824597 0.102916 0.002801
2 2 0.010344 0.037743 0.739521 0.210466 0.001926
2 2 0.014313 0.075988 0.790538 0.114692 0.004468
2 2 0.016259 0.067595 0.838127 0.073823 0.004197
2 2 0.013321 0.049704 0.798274 0.135345 0.003357
2 2 0.022000 0.103167 0.815802 0.053323 0.005708
2 2 0.019644 0.105123 0.805152 0.063988 0.006094
2 2 0.018101 0.062837 0.829603 0.086230 0.003228
2 2 0.019039 0.082622 0.818864 0.075972 0.003503
2 1 0.026860 0.096846 0.765852 0.104632 0.005810
2 1 0.135666 0.219564 0.521868 0.112878 0.010024
2 2 0.156603 0.305845 0.497752 0.024744 0.015057
2 1 0.072101 0.185798 0.675769 0.058877 0.007455
2 1 0.171450 0.319181 0.467466 0.028220 0.013683
2 2 0.101634 0.254523 0.592257 0.044012 0.007574
2 2 0.076705 0.383622 0.519695 0.007087 0.012891
2 2 0.065369 0.206234 0.714830 0.009368 0.004198
2 2 0.063119 0.342187 0.580363 0.006317 0.008015
2 2 0.068918 0.262859 0.658310 0.004971 0.004942
2 2 0.037612 0.211079 0.737458 0.009736 0.004114
2 2 0.084139 0.272260 0.609302 0.024205 0.010094
2 2 0.092687 0.377438 0.505893 0.009360 0.014623
2 2 0.049118 0.205525 0.701144 0.038336 0.005877
2 1 0.081983 0.310101 0.579862 0.017065 0.010990
1 2 0.263981 0.432160 0.273937 0.011051 0.018871
1 2 0.101323 0.441777 0.434877 0.006070 0.015952
1 1 0.361269 0.476079 0.141447 0.001012 0.020193
1 2 0.318692 0.508884 0.152025 0.001247 0.019153
2 2 0.141170 0.356976 0.476211 0.013661 0.011983
2 2 0.148062 0.258600 0.563890 0.020469 0.008978
2 2 0.065504 0.346714 0.571753 0.003885 0.012144
2 2 0.037645 0.185958 0.753010 0.018805 0.004582
2 2 0.058534 0.339263 0.585075 0.005489 0.011639
1 2 0.108837 0.439887 0.437357 0.001715 0.012204
2 2 0.146413 0.339401 0.492897 0.008703 0.012586
0 0 0.869603 0.106613 0.016576 0.000079 0.007129
0 0 0.922447 0.057776 0.011839 0.000214 0.007723
0 1 0.904796 0.062632 0.017693 0.000911 0.013968
0 1 0.779562 0.192993 0.021586 0.000022 0.005836
0 1 0.593221 0.348332 0.047378 0.000058 0.011011
1 1 0.096405 0.555397 0.197364 0.001606 0.149229
1 2 0.059683 0.617034 0.220554 0.000419 0.102310
1 2 0.043806 0.496391 0.356328 0.000691 0.102785
2 1 0.009504 0.210620 0.713186 0.004435 0.062255
1 1 0.057381 0.533396 0.304461 0.000442 0.104319
1 1 0.013228 0.645978 0.306855 0.000013 0.033927
1 2 0.039676 0.635510 0.287870 0.000007 0.036938
1 2 0.013183 0.469727 0.446178 0.000002 0.070910
2 2 0.016300 0.465661 0.486515 0.000002 0.031522
2 2 0.017611 0.446166 0.486105 0.000001 0.050117
1 2 0.089890 0.620594 0.228937 0.000049 0.060530
1 2 0.028074 0.591582 0.324903 0.000101 0.055340
2 2 0.016305 0.356674 0.542550 0.000013 0.084458
1 2 0.047995 0.576898 0.319520 0.000061 0.055525
1 2 0.069099 0.577281 0.296963 0.000082 0.056576
1 2 0.051614 0.518218 0.342645 0.000038 0.087486
1 2 0.046821 0.552149 0.279585 0.000017 0.121427
2 2 0.033935 0.380717 0.523882 0.000535 0.060932
1 1 0.186701 0.567827 0.118100 0.000054 0.127318
1 1 0.127026 0.673852 0.129098 0.000074 0.069950
1 1 0.241139 0.601750 0.076194 0.000032 0.080886
1 1 0.193271 0.610812 0.085588 0.000044 0.110285
1 1 0.208399 0.570257 0.067455 0.000021 0.153868
1 1 0.253055 0.537398 0.073461 0.000043 0.136042
1 1 0.379786 0.476635 0.044875 0.000010 0.098694
0 0 0.438817 0.319799 0.027353 0.000006 0.214026
0 4 0.468751 0.325515 0.021657 0.000002 0.184075
0 4 0.732135 0.073021 0.010704 0.000046 0.184095
0 0 0.643935 0.155315 0.014977 0.000009 0.185764
0 0 0.744044 0.108063 0.011469 0.000013 0.136411
1 4 0.282179 0.367016 0.019475 0.000001 0.331330
4 4 0.204698 0.292509 0.018332 0.000001 0.484460
0 4 0.456029 0.156211 0.011686 0.000002 0.376072
1 4 0.318810 0.408737 0.015480 0.000000 0.256972
1 4 0.308351 0.388632 0.013278 0.000000 0.289739
0 4 0.438946 0.363348 0.023505 0.000002 0.174199
0 4 0.485064 0.316697 0.017035 0.000001 0.181203
0 4 0.460716 0.381213 0.012568 0.000000 0.145502
0 4 0.536347 0.362123 0.012397 0.000000 0.089134
0 4 0.431845 0.326461 0.026227 0.000004 0.215463
4 4 0.163708 0.364620 0.023317 0.000001 0.448355
4 4 0.205472 0.348666 0.018657 0.000000 0.427204
4 4 0.237085 0.356199 0.021170 0.000001 0.385545
1 4 0.176471 0.468562 0.026454 0.000001 0.328513
1 4 0.229810 0.512888 0.014409 0.000000 0.242894
1 4 0.300888 0.351981 0.014968 0.000000 0.332163
0 4 0.375453 0.345848 0.019248 0.000001 0.259451
4 4 0.165692 0.318690 0.029043 0.000004 0.486571
0 4 0.405615 0.347376 0.016929 0.000000 0.230080
0 4 0.527414 0.356031 0.008851 0.000000 0.107704
1 4 0.187396 0.478489 0.037120 0.000003 0.296991
1 0 0.335971 0.402351 0.020218 0.000001 0.241460
1 4 0.253441 0.480879 0.036878 0.000003 0.228798
1 4 0.217815 0.585712 0.020669 0.000000 0.175805
1 4 0.207569 0.535099 0.038168 0.000002 0.219162
4 4 0.296666 0.303709 0.018512 0.000001 0.381112
4 1 0.149400 0.157078 0.016384 0.000006 0.677132
0 4 0.384060 0.372152 0.008103 0.000000 0.235685
4 4 0.203138 0.313285 0.014838 0.000000 0.468739
4 4 0.149073 0.338143 0.015865 0.000000 0.496919
1 4 0.190604 0.469513 0.030354 0.000001 0.309529
1 4 0.332364 0.342930 0.023169 0.000002 0.301535
4 4 0.210277 0.366750 0.025327 0.000002 0.397644
0 4 0.464570 0.324811 0.011655 0.000000 0.198964
1 4 0.386303 0.389579 0.014097 0.000000 0.210021
0 4 0.507014 0.348399 0.019704 0.000001 0.124882
1 4 0.349664 0.406214 0.030891 0.000003 0.213227
0 4 0.519951 0.221517 0.018847 0.000005 0.239679
0 4 0.696098 0.188552 0.014699 0.000004 0.100647
0 4 0.566972 0.268982 0.022706 0.000006 0.141334
1 4 0.216521 0.588026 0.124609 0.000290 0.070554
1 4 0.151394 0.653357 0.138530 0.000247 0.056472
1 0 0.292453 0.532993 0.104500 0.000234 0.069820
0 1 0.762908 0.164252 0.048393 0.001437 0.023011
0 1 0.680967 0.237348 0.055293 0.000580 0.025811
0 1 0.488300 0.413127 0.075072 0.000202 0.023299
0 1 0.681401 0.269021 0.033707 0.000039 0.015832
0 1 0.867040 0.105818 0.016824 0.000087 0.010231
0 1 0.784443 0.179768 0.025283 0.000060 0.010447
0 1 0.760598 0.207099 0.024553 0.000029 0.007721
0 1 0.898286 0.082884 0.012765 0.000069 0.005996
0 1 0.834348 0.142778 0.017269 0.000029 0.005577
0 1 0.734080 0.227282 0.030094 0.000049 0.008496
0 1 0.861081 0.115122 0.016930 0.000063 0.006804
0 0 0.669423 0.289071 0.032028 0.000023 0.009456
0 0 0.784145 0.151250 0.039934 0.000905 0.023766
0 1 0.736532 0.200400 0.040255 0.000292 0.022521
0 1 0.535881 0.403641 0.049066 0.000035 0.011377
1 1 0.457275 0.475380 0.052825 0.000023 0.014497
1 1 0.254662 0.631015 0.098066 0.000083 0.016174
1 1 0.038214 0.745883 0.196286 0.000032 0.019585
1 1 0.037625 0.683470 0.249135 0.000097 0.029674
1 1 0.044926 0.714877 0.214963 0.000054 0.025180
1 1 0.034281 0.738594 0.205870 0.000054 0.021200
1 2 0.027793 0.604103 0.341679 0.000051 0.026374
2 2 0.003208 0.316538 0.656623 0.000001 0.023630
2 2 0.006558 0.332096 0.641243 0.000002 0.020101
2 2 0.005543 0.265823 0.708286 0.000003 0.020346
2 2 0.008625 0.287780 0.682612 0.000002 0.020981
2 2 0.009904 0.293385 0.676049 0.000009 0.020652
2 2 0.018549 0.362110 0.575643 0.000002 0.043696
2 2 0.020580 0.349257 0.609278 0.000030 0.020856
2 2 0.021611 0.356567 0.599366 0.000013 0.022443
2 2 0.017134 0.466930 0.495247 0.000011 0.020678
2 1 0.028167 0.453193 0.500542 0.000036 0.018063
1 1 0.146388 0.611309 0.224574 0.000248 0.017482
1 1 0.034352 0.556927 0.384778 0.000041 0.023901
1 1 0.027548 0.488425 0.453011 0.000018 0.030998
2 1 0.039301 0.308729 0.636672 0.000287 0.015011
1 2 0.070045 0.508497 0.394787 0.000298 0.026374
2 2 0.015676 0.366356 0.600262 0.000040 0.017665
2 2 0.022532 0.345994 0.619766 0.000103 0.011604
2 2 0.025707 0.303468 0.657182 0.000905 0.012738
2 2 0.022975 0.382445 0.584646 0.000615 0.009318
2 2 0.007806 0.159309 0.819553 0.001430 0.011901
2 2 0.020927 0.266828 0.692980 0.002042 0.017223
2 2 0.035326 0.295948 0.653357 0.003192 0.012178
2 2 0.028228 0.259195 0.697512 0.002079 0.012986
2 2 0.020016 0.239017 0.712495 0.001478 0.026993
2 2 0.048968 0.323898 0.601899 0.007279 0.017956
2 2 0.026970 0.161055 0.795296 0.011671 0.005007
2 2 0.030757 0.138618 0.807123 0.019344 0.004158
2 2 0.055784 0.181946 0.737878 0.016086 0.008305
2 1 0.152625 0.324588 0.491494 0.013010 0.018283
2 2 0.122417 0.339237 0.503073 0.015817 0.019457
2 2 0.063302 0.453567 0.472595 0.000407 0.010129
2 2 0.028607 0.392514 0.566398 0.000123 0.012359
2 2 0.024565 0.306905 0.656024 0.002095 0.010411
2 2 0.028037 0.387377 0.575964 0.000225 0.008398
2 2 0.033721 0.342477 0.612777 0.000955 0.010070
2 2 0.027136 0.156098 0.797445 0.014462 0.004859
2 2 0.019475 0.204621 0.757312 0.008781 0.009811
2 2 0.032501 0.161292 0.786831 0.014477 0.004898
2 2 0.017951 0.133733 0.829019 0.014748 0.004549
2 1 0.034029 0.134168 0.774176 0.051025 0.006602
2 1 0.157687 0.270587 0.512600 0.037537 0.021589
1 1 0.128349 0.560747 0.275470 0.001430 0.034004
2 1 0.078419 0.330185 0.546960 0.006977 0.037458
0 1 0.498633 0.306306 0.130232 0.007497 0.057332
0 1 0.620234 0.262703 0.079351 0.001818 0.035894
1 1 0.321437 0.542416 0.111514 0.000308 0.024324
1 1 0.341356 0.513598 0.117022 0.000487 0.027537
1 1 0.258910 0.607583 0.112797 0.000182 0.020528
1 2 0.077536 0.654180 0.246858 0.000381 0.021046
1 2 0.108715 0.448494 0.425744 0.000681 0.016366
2 2 0.016990 0.306781 0.669789 0.000321 0.006119
2 2 0.035921 0.346484 0.614120 0.000121 0.003354
2 2 0.013862 0.390309 0.588015 0.000293 0.007520
2 2 0.013457 0.237229 0.745661 0.000322 0.003332
2 2 0.010179 0.283358 0.701114 0.000563 0.004787
2 2 0.024787 0.306832 0.648686 0.004341 0.015354
2 2 0.014822 0.140831 0.835281 0.005476 0.003589
2 2 0.026418 0.232522 0.724025 0.008556 0.008480
2 2 0.024703 0.165928 0.792869 0.011412 0.005088
2 2 0.020087 0.222279 0.734432 0.013543 0.009659
2 2 0.013503 0.042116 0.856322 0.087280 0.000778
2 2 0.009832 0.060676 0.834400 0.092326 0.002767
2 2 0.009336 0.051175 0.857823 0.079843 0.001824
2 2 0.006029 0.026096 0.810052 0.156804 0.001018
2 2 0.014961 0.061483 0.845911 0.074716 0.002929
2 2 0.003211 0.013018 0.567166 0.415595 0.001010
2 2 0.006936 0.035593 0.642217 0.312464 0.002790
2 2 0.007824 0.018306 0.549644 0.422965 0.001261
2 3 0.005260 0.019146 0.644501 0.330197 0.000895
3 2 0.002898 0.009822 0.485751 0.500952 0.000577
2 2 0.007201 0.021516 0.492623 0.476712 0.001948
2 2 0.002725 0.012049 0.531507 0.452777 0.000942
3 2 0.003783 0.014983 0.440307 0.539458 0.001470
3 2 0.002331 0.012553 0.432948 0.550986 0.001182
3 2 0.006737 0.016957 0.392083 0.582920 0.001303
3 2 0.003073 0.014503 0.382963 0.597976 0.001486
3 3 0.001165 0.006443 0.417198 0.574715 0.000479
3 3 0.001120 0.008646 0.240717 0.748345 0.001172
3 3 0.001730 0.007525 0.409580 0.580545 0.000620
3 2 0.001384 0.006753 0.227374 0.763555 0.000933
3 2 0.003141 0.016785 0.279415 0.697653 0.003007
3 2 0.001668 0.008979 0.223092 0.765134 0.001127
3 3 0.002502 0.008826 0.176053 0.811430 0.001189
3 3 0.000877 0.006605 0.113284 0.878163 0.001071
3 3 0.000937 0.008045 0.101211 0.888284 0.001524
3 3 0.000875 0.004588 0.069287 0.924464 0.000786
3 3 0.001628 0.006357 0.160171 0.831146 0.000698
3 3 0.000951 0.006005 0.134551 0.857732 0.000760
3 3 0.000993 0.005494 0.075542 0.916987 0.000983
3 3 0.000560 0.003348 0.037062 0.958230 0.000800
3 3 0.000241 0.001408 0.035178 0.962914 0.000259
3 3 0.000388 0.002328 0.047641 0.949196 0.000446
3 3 0.000421 0.002537 0.025562 0.970874 0.000606
3 3 0.000697 0.002899 0.045946 0.949935 0.000523
3 3 0.000419 0.002409 0.026164 0.970412 0.000596
3 3 0.000634 0.004297 0.039932 0.954191 0.000946
3 3 0.000552 0.003575 0.040942 0.954113 0.000818
3 3 0.000332 0.002234 0.036431 0.960500 0.000503
3 3 0.000431 0.002724 0.033009 0.963202 0.000634
3 3 0.000496 0.002548 0.022589 0.973691 0.000676
3 3 0.000425 0.003634 0.049275 0.945973 0.000692
3 3 0.000222 0.002089 0.051200 0.946109 0.000380
3 3 0.000496 0.003739 0.048848 0.946142 0.000775
3 3 0.000915 0.005823 0.047471 0.944456 0.001335
3 3 0.000398 0.003452 0.064831 0.930662 0.000658
3 3 0.000243 0.001932 0.028353 0.969088 0.000386
3 3 0.000332 0.002480 0.030064 0.966609 0.000514
3 3 0.000607 0.002451 0.055739 0.940890 0.000313
3 3 0.000319 0.001671 0.014619 0.982955 0.000436
3 3 0.000637 0.003980 0.030444 0.964020 0.000919
3 3 0.000201 0.001659 0.053175 0.944671 0.000293
3 3 0.000210 0.001469 0.025479 0.972520 0.000322
3 3 0.000253 0.001836 0.055502 0.942110 0.000300
3 2 0.000348 0.002982 0.047148 0.948966 0.000556
3 3 0.001452 0.009463 0.089860 0.897430 0.001795
3 2 0.001509 0.008234 0.056110 0.932298 0.001848
3 2 0.002669 0.020185 0.249914 0.724562 0.002670
3 2 0.003726 0.027811 0.456246 0.509312 0.002904
3 2 0.002399 0.014299 0.272841 0.708482 0.001978
3 2 0.003119 0.021152 0.217623 0.754799 0.003307
2 2 0.009936 0.052786 0.728558 0.203775 0.004945
2 3 0.006051 0.047453 0.559914 0.379961 0.006622
2 2 0.008174 0.037271 0.603651 0.347374 0.003530
3 2 0.006998 0.046534 0.388862 0.550346 0.007260
2 2 0.006773 0.073019 0.647535 0.266012 0.006661
2 3 0.007452 0.036387 0.567074 0.385549 0.003538
