0 0 0.990164 0.005702 0.000295 0.000002 0.003838
0 0 0.989667 0.005885 0.000298 0.000001 0.004149
0 0 0.983960 0.010125 0.000628 0.000002 0.005285
0 0 0.986905 0.008530 0.000572 0.000004 0.003990
0 0 0.986958 0.009489 0.000742 0.000003 0.002808
0 0 0.980810 0.011690 0.001060 0.000082 0.006358
0 0 0.991266 0.005355 0.000374 0.000020 0.002984
0 0 0.986387 0.009086 0.000772 0.000024 0.003732
0 0 0.987245 0.007883 0.000616 0.000031 0.004225
0 0 0.990054 0.005303 0.000361 0.000053 0.004229
0 0 0.932846 0.030582 0.002765 0.000179 0.033628
0 0 0.933042 0.034106 0.002692 0.000018 0.030142
0 0 0.954260 0.025083 0.001815 0.000007 0.018834
0 0 0.889591 0.070539 0.008100 0.000025 0.031745
0 0 0.812305 0.110904 0.015078 0.000119 0.061594
0 0 0.955716 0.032988 0.003513 0.000005 0.007778
0 0 0.952327 0.035640 0.004887 0.000033 0.007112
0 0 0.973858 0.019103 0.002079 0.000020 0.004939
0 0 0.954538 0.034290 0.004358 0.000016 0.006797
0 0 0.922314 0.057598 0.009621 0.000080 0.010386
0 0 0.935754 0.043860 0.004184 0.000005 0.016198
0 0 0.918255 0.058407 0.008031 0.000037 0.015269
0 0 0.967774 0.020609 0.001709 0.000009 0.009899
0 0 0.949457 0.036153 0.003597 0.000005 0.010788
0 0 0.864584 0.091399 0.014640 0.000154 0.029224
0 0 0.990006 0.006516 0.000491 0.000016 0.002971
0 0 0.939583 0.040270 0.005715 0.000259 0.014173
0 0 0.962219 0.024256 0.002854 0.000173 0.010498
0 0 0.978066 0.014962 0.001513 0.000043 0.005416
0 0 0.976848 0.014953 0.001492 0.000075 0.006633
0 0 0.980713 0.012220 0.000743 0.000001 0.006322
0 0 0.986930 0.006985 0.000372 0.000003 0.005710
0 0 0.928249 0.046697 0.004913 0.000019 0.020122
0 0 0.966926 0.022192 0.001798 0.000004 0.009080
0 0 0.970412 0.017706 0.001274 0.000005 0.010602
0 0 0.438282 0.425056 0.109714 0.000002 0.026947
1 0 0.363905 0.464501 0.137624 0.000006 0.033965
1 0 0.395145 0.450606 0.110540 0.000003 0.043707
0 0 0.753025 0.190445 0.034067 0.000004 0.022459
0 0 0.761098 0.183689 0.025154 0.000001 0.030057
0 0 0.909358 0.065969 0.008487 0.000012 0.016174
0 0 0.941387 0.043951 0.005612 0.000013 0.009038
0 0 0.902135 0.074207 0.009790 0.000005 0.013863
0 0 0.916062 0.064114 0.008660 0.000007 0.011157
0 0 0.860649 0.105954 0.012448 0.000001 0.020948
0 0 0.939545 0.045247 0.006971 0.000053 0.008184
0 0 0.961095 0.027513 0.003963 0.000088 0.007341
0 0 0.852472 0.109884 0.023965 0.000106 0.013573
0 0 0.942477 0.042650 0.006402 0.000060 0.008411
0 0 0.950306 0.037974 0.005545 0.000028 0.006148
0 0 0.985267 0.008938 0.000734 0.000050 0.005011
0 0 0.989291 0.004378 0.000263 0.000120 0.005947
0 0 0.986456 0.006616 0.000479 0.000130 0.006320
0 0 0.973656 0.012427 0.000871 0.000048 0.012998
0 0 0.986016 0.007375 0.000529 0.000059 0.006021
0 0 0.938273 0.039107 0.004426 0.000067 0.018127
0 0 0.941019 0.036919 0.003550 0.000018 0.018494
0 0 0.853219 0.100459 0.014503 0.000043 0.031776
0 0 0.918870 0.054038 0.006682 0.000048 0.020361
0 0 0.723175 0.189266 0.035391 0.000097 0.052071
0 0 0.890778 0.070436 0.007682 0.000014 0.031090
0 0 0.907797 0.063041 0.006090 0.000003 0.023069
0 0 0.971129 0.019202 0.001565 0.000005 0.008099
0 0 0.965549 0.023423 0.002378 0.000024 0.008626
0 0 0.977349 0.015809 0.001316 0.000005 0.005522
0 0 0.971384 0.021832 0.002440 0.000009 0.004335
0 0 0.974918 0.018860 0.002072 0.000013 0.004137
0 0 0.963326 0.028608 0.003608 0.000009 0.004449
0 0 0.986381 0.009914 0.000888 0.000010 0.002808
0 0 0.978373 0.016135 0.001721 0.000015 0.003756
0 0 0.983542 0.010403 0.000773 0.000010 0.005273
0 0 0.991346 0.005837 0.000416 0.000008 0.002393
0 0 0.951994 0.032673 0.003331 0.000014 0.011987
0 0 0.966520 0.023088 0.002113 0.000008 0.008272
0 0 0.986547 0.009297 0.000719 0.000006 0.003431
0 0 0.968120 0.022326 0.001994 0.000005 0.007554
0 0 0.972157 0.020245 0.001807 0.000003 0.005788
0 0 0.850949 0.112772 0.021863 0.000034 0.014383
0 0 0.913275 0.065910 0.010018 0.000017 0.010780
0 0 0.965128 0.024895 0.002563 0.000012 0.007401
0 0 0.976721 0.017402 0.001723 0.000007 0.004148
0 0 0.981392 0.013045 0.001136 0.000009 0.004418
0 0 0.938269 0.046581 0.005008 0.000002 0.010140
0 0 0.969944 0.022948 0.001960 0.000001 0.005147
0 0 0.980879 0.012957 0.000953 0.000003 0.005208
0 0 0.968634 0.021974 0.001684 0.000001 0.007707
0 0 0.944355 0.037772 0.003475 0.000004 0.014393
0 0 0.883736 0.065973 0.006615 0.000025 0.043650
0 0 0.632034 0.260206 0.054180 0.000048 0.053532
0 0 0.613880 0.263320 0.060432 0.000191 0.062178
0 0 0.556090 0.295413 0.054454 0.000036 0.094006
1 0 0.392849 0.444669 0.099724 0.000004 0.062755
0 0 0.588960 0.298330 0.044824 0.000002 0.067884
1 0 0.359815 0.431295 0.079981 0.000006 0.128903
1 0 0.253867 0.482551 0.131113 0.000079 0.132390
0 0 0.698897 0.231616 0.047523 0.000005 0.021959
0 0 0.783472 0.167371 0.033902 0.000008 0.015247
0 0 0.701499 0.227101 0.039084 0.000003 0.032312
0 0 0.829908 0.128658 0.018700 0.000004 0.022730
0 0 0.483917 0.372435 0.122566 0.000020 0.021063
0 0 0.649903 0.192381 0.015517 0.000000 0.142199
0 0 0.599878 0.230637 0.022252 0.000001 0.147232
0 0 0.569025 0.268690 0.025873 0.000000 0.136412
1 0 0.186204 0.388455 0.073919 0.000074 0.351347
4 1 0.237374 0.332824 0.055858 0.000099 0.373845
4 1 0.021874 0.165910 0.021567 0.000007 0.790642
4 1 0.027174 0.126720 0.012205 0.000002 0.833899
4 1 0.037402 0.173267 0.022163 0.000017 0.767152
4 1 0.019723 0.159954 0.017811 0.000001 0.802510
4 1 0.021828 0.160354 0.016364 0.000001 0.801454
4 1 0.008680 0.036253 0.002312 0.000001 0.952752
4 4 0.020651 0.011683 0.001069 0.000007 0.966589
4 4 0.039848 0.018503 0.000588 0.000001 0.941059
4 4 0.046735 0.021106 0.000744 0.000002 0.931412
4 4 0.026530 0.021538 0.000806 0.000001 0.951126
4 4 0.062738 0.130491 0.010062 0.000002 0.796707
4 4 0.082408 0.138392 0.011298 0.000004 0.767899
4 4 0.052866 0.213333 0.017504 0.000000 0.716297
4 4 0.023267 0.123079 0.014717 0.000018 0.838919
4 4 0.024385 0.216951 0.025542 0.000001 0.733122
4 4 0.017461 0.116737 0.013650 0.000010 0.852142
4 4 0.026406 0.112077 0.011018 0.000006 0.850493
4 4 0.042174 0.079074 0.006482 0.000017 0.872253
4 4 0.039326 0.142817 0.012636 0.000001 0.805220
4 4 0.042601 0.109162 0.010449 0.000015 0.837772
4 4 0.009500 0.047841 0.003663 0.000003 0.938993
4 4 0.004761 0.056542 0.005438 0.000002 0.933256
4 4 0.024815 0.055574 0.003466 0.000002 0.916142
4 4 0.027559 0.054614 0.003549 0.000004 0.914273
4 4 0.014959 0.058946 0.004883 0.000007 0.921205
4 4 0.056480 0.112821 0.010180 0.000013 0.820506
4 4 0.051334 0.113301 0.008898 0.000003 0.826463
4 4 0.052353 0.215442 0.024143 0.000003 0.708059
4 4 0.033137 0.168086 0.016588 0.000001 0.782188
4 4 0.034311 0.101317 0.011093 0.000054 0.853226
4 4 0.005620 0.315655 0.082033 0.000005 0.596688
4 4 0.010196 0.332235 0.066599 0.000001 0.590969
4 4 0.003417 0.315340 0.075063 0.000001 0.606180
4 4 0.004938 0.306287 0.077854 0.000003 0.610918
4 4 0.003935 0.249768 0.118869 0.000111 0.627317
2 4 0.012605 0.361847 0.521460 0.001046 0.103043
2 4 0.003538 0.264275 0.644277 0.000227 0.087683
2 4 0.003919 0.247404 0.656225 0.000964 0.091488
2 2 0.004612 0.251344 0.675732 0.001437 0.066875
2 2 0.018225 0.417749 0.487564 0.000254 0.076208
2 2 0.000218 0.020588 0.873899 0.072405 0.032889
2 2 0.000175 0.018079 0.923269 0.042649 0.015828
2 2 0.000035 0.006201 0.959796 0.027884 0.006083
2 2 0.000015 0.003497 0.899340 0.089113 0.008035
2 2 0.000006 0.002539 0.929322 0.058885 0.009248
2 2 0.000005 0.001863 0.989094 0.007747 0.001291
2 2 0.000001 0.000857 0.980512 0.017645 0.000985
2 2 0.000001 0.000414 0.988360 0.010747 0.000478
2 2 0.000001 0.000647 0.991593 0.007273 0.000487
2 2 0.000007 0.002365 0.978439 0.016189 0.002999
2 2 0.038131 0.159246 0.795384 0.002347 0.004892
2 2 0.004350 0.127230 0.844266 0.001701 0.022454
2 2 0.000043 0.008240 0.981845 0.002938 0.006935
2 2 0.000209 0.016714 0.976014 0.002723 0.004340
2 2 0.000039 0.006678 0.988635 0.001983 0.002666
2 2 0.000067 0.003888 0.966594 0.028925 0.000525
2 2 0.000018 0.001668 0.954816 0.043187 0.000312
2 2 0.000030 0.002039 0.956313 0.041387 0.000231
2 2 0.000030 0.002025 0.941916 0.055762 0.000267
2 2 0.000158 0.004494 0.939262 0.055642 0.000444
2 2 0.000055 0.000940 0.743574 0.255349 0.000081
2 2 0.000077 0.001140 0.776086 0.222592 0.000105
2 2 0.000023 0.000726 0.794315 0.204877 0.000059
2 2 0.000338 0.001878 0.614411 0.383064 0.000309
2 2 0.000280 0.001805 0.621329 0.376324 0.000262
2 2 0.000020 0.000695 0.585846 0.413349 0.000089
2 2 0.000170 0.001209 0.590110 0.408323 0.000188
2 2 0.000156 0.001073 0.557102 0.441501 0.000168
2 2 0.000087 0.001407 0.511186 0.487086 0.000234
2 3 0.000059 0.001008 0.598941 0.399885 0.000107
3 3 0.000421 0.001362 0.419980 0.577913 0.000323
3 3 0.000258 0.001205 0.414534 0.583738 0.000264
3 3 0.000414 0.000884 0.334866 0.663689 0.000147
3 3 0.000149 0.000673 0.306866 0.692169 0.000143
3 3 0.000081 0.000596 0.336669 0.662516 0.000139
3 3 0.000115 0.000163 0.084604 0.915048 0.000069
3 3 0.000183 0.000271 0.098502 0.900924 0.000120
3 3 0.000316 0.000732 0.196283 0.802416 0.000253
3 3 0.000820 0.001281 0.246449 0.751114 0.000336
3 3 0.000360 0.000682 0.155644 0.843050 0.000264
3 3 0.000083 0.000324 0.146809 0.852663 0.000122
3 3 0.000285 0.000597 0.168320 0.830585 0.000213
3 3 0.000188 0.000390 0.122694 0.876559 0.000169
3 3 0.000246 0.000180 0.050148 0.949308 0.000118
3 3 0.000085 0.000219 0.100335 0.899257 0.000103
3 3 0.001118 0.000732 0.081984 0.915680 0.000486
3 3 0.000394 0.000651 0.108356 0.890225 0.000373
3 3 0.000534 0.000506 0.081023 0.917594 0.000343
3 3 0.000527 0.000520 0.089644 0.909007 0.000302
3 3 0.001868 0.001128 0.077824 0.918255 0.000925
3 3 0.000208 0.000189 0.047573 0.951880 0.000150
3 3 0.000216 0.000125 0.031004 0.968522 0.000133
3 3 0.000115 0.000146 0.043154 0.956465 0.000119
3 3 0.000098 0.000147 0.044788 0.954855 0.000111
3 3 0.000151 0.000128 0.034839 0.964765 0.000117
3 3 0.000124 0.000211 0.056013 0.943496 0.000156
3 3 0.000668 0.000378 0.050700 0.947971 0.000283
3 3 0.000126 0.000093 0.028749 0.970938 0.000095
3 3 0.000188 0.000162 0.034985 0.964503 0.000163
3 3 0.000096 0.000123 0.037106 0.962569 0.000105
3 3 0.000062 0.000057 0.029993 0.969847 0.000041
3 3 0.000083 0.000077 0.028104 0.971672 0.000064
3 3 0.000030 0.000027 0.018454 0.981466 0.000022
3 3 0.000067 0.000060 0.026879 0.972942 0.000051
3 3 0.000068 0.000042 0.020393 0.979460 0.000038
3 3 0.000317 0.000262 0.043934 0.955242 0.000245
3 3 0.000211 0.000108 0.024026 0.975544 0.000111
3 3 0.000263 0.000116 0.021644 0.977833 0.000145
3 3 0.000171 0.000128 0.023070 0.976467 0.000163
3 3 0.000254 0.000190 0.042417 0.956973 0.000166
3 3 0.000370 0.000298 0.038800 0.960221 0.000312
3 3 0.000182 0.000157 0.039618 0.959903 0.000139
3 3 0.000309 0.000204 0.039128 0.960183 0.000177
3 3 0.000140 0.000106 0.027584 0.972063 0.000108
3 3 0.000488 0.000358 0.053563 0.945282 0.000309
3 3 0.000199 0.000082 0.013788 0.985790 0.000141
3 3 0.000097 0.000069 0.021238 0.978514 0.000082
3 3 0.000075 0.000055 0.013283 0.986494 0.000092
3 3 0.000200 0.000105 0.014794 0.984708 0.000192
3 3 0.000248 0.000118 0.020168 0.979303 0.000164
3 3 0.000582 0.000279 0.031116 0.967697 0.000326
3 3 0.000259 0.000099 0.012969 0.986472 0.000202
3 3 0.000486 0.000196 0.018303 0.980665 0.000351
3 3 0.000448 0.000197 0.021396 0.977650 0.000309
3 3 0.000126 0.000078 0.018869 0.980827 0.000100
3 3 0.000611 0.000264 0.041545 0.957342 0.000239
3 3 0.000584 0.000187 0.022585 0.976378 0.000266
3 3 0.000672 0.000157 0.014650 0.984211 0.000310
3 3 0.001128 0.001748 0.117231 0.878576 0.001317
3 3 0.002472 0.001209 0.076635 0.918576 0.001108
3 3 0.001908 0.006277 0.335826 0.653515 0.002473
3 3 0.000711 0.003553 0.356174 0.638425 0.001137
3 3 0.001645 0.004677 0.372574 0.619574 0.001531
3 3 0.000830 0.004605 0.432887 0.560308 0.001369
3 3 0.000519 0.004215 0.495420 0.498784 0.001062
3 2 0.000289 0.005408 0.395740 0.596458 0.002105
3 2 0.000273 0.002851 0.365993 0.629899 0.000985
3 2 0.000618 0.006255 0.491416 0.499800 0.001910
2 2 0.001235 0.008774 0.505490 0.480991 0.003510
3 2 0.000690 0.004071 0.369066 0.624562 0.001611
2 2 0.001350 0.006747 0.576106 0.414198 0.001600
2 2 0.110442 0.059461 0.595653 0.225110 0.009334
3 2 0.010579 0.019699 0.407142 0.554344 0.008235
2 2 0.002967 0.008320 0.515712 0.471205 0.001797
3 2 0.002329 0.005028 0.458598 0.532617 0.001429
2 2 0.019308 0.038043 0.675935 0.260304 0.006409
3 2 0.000886 0.003857 0.492628 0.501793 0.000836
2 2 0.000368 0.004167 0.576381 0.418266 0.000819
2 2 0.000152 0.001921 0.521170 0.476382 0.000375
3 2 0.000693 0.002808 0.399043 0.596598 0.000857
3 2 0.000156 0.001010 0.294891 0.703616 0.000326
3 2 0.000506 0.001133 0.318352 0.679756 0.000252
3 2 0.000076 0.000810 0.366873 0.632063 0.000178
3 2 0.000741 0.001416 0.271162 0.726190 0.000491
3 2 0.000452 0.001930 0.416942 0.580355 0.000322
3 2 0.000390 0.001801 0.415768 0.581615 0.000425
3 2 0.000455 0.001512 0.352874 0.644858 0.000301
3 2 0.000211 0.001528 0.403230 0.594674 0.000356
2 2 0.000315 0.002332 0.586891 0.410041 0.000421
2 2 0.000055 0.001693 0.723773 0.274304 0.000174
2 2 0.000870 0.010693 0.754262 0.231539 0.002636
2 2 0.000251 0.006586 0.776499 0.215382 0.001282
2 2 0.000325 0.009399 0.778071 0.208927 0.003277
2 2 0.000304 0.007950 0.823103 0.167104 0.001540
2 2 0.000234 0.008110 0.876605 0.112859 0.002192
2 2 0.000469 0.006841 0.709290 0.282098 0.001303
2 2 0.000698 0.007121 0.777530 0.213529 0.001122
2 2 0.001422 0.008725 0.595885 0.391861 0.002106
2 2 0.001668 0.008561 0.513645 0.473771 0.002355
2 2 0.001071 0.007624 0.626478 0.362948 0.001878
2 2 0.063072 0.027956 0.491239 0.410701 0.007032
2 2 0.017538 0.041543 0.699045 0.233386 0.008488
2 2 0.004946 0.015019 0.625462 0.351337 0.003235
2 2 0.003238 0.008988 0.522276 0.463306 0.002193
2 2 0.001199 0.011303 0.800108 0.185870 0.001520
2 2 0.000365 0.009329 0.895601 0.092615 0.002089
2 2 0.000107 0.005524 0.942756 0.050307 0.001306
2 2 0.000062 0.002755 0.915387 0.081472 0.000323
2 2 0.000108 0.004218 0.846413 0.148413 0.000848
2 2 0.000100 0.004770 0.937802 0.056337 0.000991
2 2 0.000073 0.002373 0.705050 0.292156 0.000349
2 2 0.000143 0.004437 0.786135 0.208490 0.000795
2 2 0.000197 0.004943 0.690499 0.303496 0.000864
2 2 0.000489 0.008723 0.792604 0.195975 0.002210
2 2 0.000148 0.003285 0.762686 0.233290 0.000592
2 2 0.000395 0.005064 0.686895 0.306789 0.000858
2 2 0.000606 0.004588 0.613618 0.380279 0.000909
2 2 0.000654 0.005459 0.600342 0.392397 0.001148
2 2 0.000186 0.003158 0.549536 0.446473 0.000646
2 2 0.001578 0.007895 0.634347 0.354669 0.001511
3 2 0.001756 0.007309 0.483966 0.504903 0.002066
2 2 0.021009 0.017141 0.525533 0.432130 0.004187
3 2 0.013652 0.013461 0.424686 0.544502 0.003698
2 2 0.001165 0.006213 0.515654 0.475452 0.001517
2 2 0.012655 0.013980 0.486893 0.483028 0.003445
2 2 0.034255 0.101138 0.841498 0.018093 0.005016
2 0 0.270569 0.194059 0.517257 0.008452 0.009663
0 0 0.484756 0.188005 0.311169 0.006359 0.009710
0 0 0.590378 0.174729 0.225057 0.001930 0.007905
2 0 0.303156 0.169382 0.508846 0.009814 0.008802
0 0 0.351264 0.327029 0.286441 0.004782 0.030484
0 0 0.539312 0.320876 0.096648 0.000243 0.042921
1 0 0.243314 0.441115 0.275703 0.001937 0.037932
0 0 0.399358 0.313916 0.251503 0.003549 0.031675
0 0 0.900586 0.074889 0.012228 0.000029 0.012269
0 0 0.707064 0.180244 0.017265 0.000001 0.095425
1 0 0.390557 0.402599 0.066634 0.000004 0.140205
1 0 0.228339 0.470636 0.121688 0.000115 0.179222
1 1 0.173246 0.475074 0.136920 0.000308 0.214452
1 1 0.100361 0.401275 0.128027 0.003146 0.367191
1 1 0.103287 0.526551 0.185293 0.000150 0.184720
1 1 0.077435 0.515911 0.253307 0.000391 0.152956
1 0 0.258436 0.502509 0.112295 0.000008 0.126753
1 0 0.220104 0.528059 0.155728 0.000028 0.096082
1 0 0.064077 0.511468 0.312916 0.000337 0.111201
1 0 0.301187 0.451903 0.154433 0.000200 0.092278
1 1 0.318034 0.473440 0.142005 0.000041 0.066480
1 1 0.154515 0.513220 0.245373 0.000298 0.086594
1 1 0.117202 0.511182 0.250621 0.000753 0.120241
1 1 0.133600 0.538947 0.223901 0.000310 0.103242
2 1 0.013485 0.306466 0.569894 0.002354 0.107801
2 1 0.001627 0.077283 0.859649 0.007678 0.053763
2 1 0.004398 0.148214 0.764029 0.012314 0.071045
2 1 0.002127 0.093149 0.819721 0.014252 0.070752
2 1 0.001823 0.090412 0.849005 0.006612 0.052147
2 1 0.006339 0.147879 0.758734 0.001612 0.085437
1 1 0.341012 0.447988 0.112302 0.000038 0.098659
1 1 0.213487 0.528193 0.183667 0.000059 0.074593
1 2 0.136937 0.442313 0.332240 0.000194 0.088315
1 2 0.050110 0.475085 0.392615 0.000657 0.081534
2 2 0.013768 0.262156 0.608586 0.006037 0.109453
2 2 0.014714 0.263859 0.580640 0.012224 0.128562
2 2 0.005033 0.163836 0.753383 0.007031 0.070717
2 2 0.000358 0.028903 0.914134 0.011214 0.045392
2 2 0.000532 0.041615 0.917666 0.003584 0.036603
2 2 0.000318 0.022394 0.962032 0.004826 0.010430
2 2 0.002443 0.068020 0.916982 0.002588 0.009967
2 2 0.000243 0.015111 0.973797 0.007063 0.003785
2 2 0.173602 0.285601 0.526330 0.002641 0.011825
2 2 0.014486 0.210347 0.759114 0.001071 0.014982
2 2 0.050273 0.370467 0.544087 0.001876 0.033298
2 2 0.044759 0.352690 0.578959 0.001914 0.021677
2 2 0.088472 0.384397 0.491844 0.002095 0.033192
2 2 0.002882 0.061876 0.909845 0.005627 0.019770
2 2 0.025988 0.133483 0.800461 0.013978 0.026090
1 2 0.082172 0.496092 0.297691 0.000393 0.123652
2 2 0.006163 0.112577 0.760041 0.008396 0.112823
2 2 0.026058 0.376654 0.493343 0.003088 0.100856
2 2 0.021676 0.368475 0.500534 0.001792 0.107523
2 2 0.021176 0.359573 0.548794 0.000878 0.069579
2 2 0.005243 0.104088 0.843680 0.009828 0.037161
2 2 0.034071 0.312572 0.550161 0.006558 0.096639
2 2 0.018962 0.270692 0.591248 0.012812 0.106286
2 2 0.000836 0.038775 0.902605 0.025155 0.032629
2 2 0.002561 0.059200 0.858979 0.026595 0.052666
2 2 0.001412 0.071039 0.808890 0.045640 0.073019
2 2 0.000401 0.032145 0.893846 0.029128 0.044480
2 2 0.000628 0.041856 0.878465 0.025005 0.054046
2 2 0.000765 0.051324 0.839472 0.036804 0.071634
2 2 0.000307 0.027940 0.911981 0.019180 0.040591
1 1 0.273960 0.444506 0.174034 0.000564 0.106937
1 1 0.325876 0.459183 0.112977 0.000028 0.101936
1 1 0.244115 0.496385 0.133967 0.000049 0.125485
1 1 0.175664 0.522481 0.202675 0.000306 0.098874
1 1 0.167800 0.508007 0.171400 0.000325 0.152468
4 1 0.095580 0.290344 0.037168 0.000005 0.576903
4 1 0.047900 0.123338 0.014124 0.000064 0.814574
4 4 0.050055 0.128483 0.015284 0.000083 0.806094
4 4 0.052742 0.133509 0.017082 0.000160 0.796507
4 4 0.078317 0.090927 0.011155 0.000160 0.819441
4 4 0.053444 0.101805 0.011627 0.000107 0.833017
4 4 0.020269 0.025745 0.019107 0.002121 0.932758
4 4 0.057909 0.117185 0.013381 0.000127 0.811398
4 4 0.095996 0.099854 0.009021 0.000083 0.795046
4 4 0.030856 0.058681 0.014830 0.000318 0.895315
4 4 0.035886 0.009692 0.001964 0.000108 0.952349
4 4 0.046584 0.020562 0.001638 0.000018 0.931199
4 4 0.034502 0.021128 0.003905 0.000109 0.940356
4 4 0.042091 0.047884 0.002944 0.000012 0.907069
4 4 0.051031 0.010931 0.002467 0.000236 0.935335
4 4 0.049307 0.023195 0.002886 0.000065 0.924547
4 4 0.015686 0.012879 0.002477 0.000036 0.968921
4 4 0.019741 0.009036 0.002875 0.000155 0.968193
4 4 0.031657 0.020216 0.002071 0.000021 0.946035
4 4 0.049692 0.058636 0.004078 0.000021 0.887572
4 4 0.039148 0.006652 0.002693 0.000621 0.950887
4 4 0.080438 0.012321 0.001683 0.000124 0.905435
4 4 0.045847 0.009585 0.002142 0.000190 0.942236
4 4 0.049592 0.010018 0.001995 0.000159 0.938236
4 4 0.082121 0.074548 0.005812 0.000062 0.837458
4 4 0.027911 0.119255 0.015233 0.000066 0.837536
4 4 0.050924 0.062652 0.004557 0.000025 0.881841
4 4 0.051129 0.055336 0.006105 0.000045 0.887385
4 4 0.036313 0.105242 0.011767 0.000062 0.846616
4 4 0.040781 0.063321 0.004781 0.000021 0.891096
4 4 0.022684 0.207606 0.025593 0.000001 0.744115
4 4 0.007896 0.177395 0.037339 0.000052 0.777318
4 4 0.012523 0.172407 0.028527 0.000017 0.786527
4 2 0.010904 0.233464 0.056909 0.000096 0.698628
4 2 0.016338 0.223898 0.040748 0.000018 0.718998
4 2 0.029324 0.391780 0.185141 0.001618 0.392137
4 2 0.020887 0.333743 0.114712 0.000846 0.529812
4 2 0.064781 0.407661 0.117488 0.000350 0.409719
4 2 0.017527 0.318318 0.184553 0.002238 0.477364
4 2 0.011682 0.296658 0.334488 0.004738 0.352433
2 2 0.000857 0.054402 0.864062 0.025189 0.055491
2 2 0.002509 0.106919 0.745322 0.025405 0.119845
2 2 0.014870 0.302039 0.576210 0.002640 0.104241
2 2 0.004644 0.147029 0.704157 0.022150 0.122021
2 2 0.000062 0.012545 0.925750 0.025671 0.035973
2 2 0.006509 0.150715 0.809396 0.001329 0.032050
2 2 0.019496 0.320585 0.590422 0.002576 0.066921
2 2 0.012979 0.267045 0.651424 0.002775 0.065777
2 2 0.002248 0.102392 0.843006 0.005198 0.047155
2 0 0.005702 0.109243 0.850602 0.006489 0.027963
0 0 0.441139 0.292666 0.243153 0.002602 0.020439
1 0 0.192313 0.487194 0.262427 0.000482 0.057584
0 0 0.388359 0.386950 0.177433 0.000164 0.047094
1 1 0.102450 0.519439 0.321287 0.000537 0.056287
1 1 0.080547 0.466152 0.413734 0.000827 0.038740
1 1 0.045440 0.441235 0.150502 0.000516 0.362307
2 1 0.015363 0.327200 0.328628 0.001466 0.327342
2 1 0.012269 0.239772 0.491255 0.002664 0.254039
1 1 0.029925 0.450838 0.194308 0.000454 0.324475
2 2 0.010557 0.284273 0.476557 0.009121 0.219491
2 2 0.008766 0.198697 0.698861 0.012376 0.081300
2 2 0.001224 0.063083 0.896933 0.010300 0.028460
2 2 0.008399 0.111851 0.806157 0.005215 0.068378
2 2 0.001617 0.074084 0.859458 0.018654 0.046188
2 2 0.000330 0.024990 0.940450 0.007722 0.026508
2 2 0.000721 0.055667 0.913903 0.002501 0.027208
2 2 0.000287 0.027169 0.948847 0.005428 0.018268
2 2 0.000063 0.010847 0.974701 0.004342 0.010046
2 2 0.000189 0.018775 0.959536 0.009380 0.012121
2 2 0.011377 0.194544 0.777609 0.001449 0.015022
2 2 0.001712 0.053300 0.922093 0.011707 0.011188
2 2 0.000275 0.019083 0.957456 0.010764 0.012423
2 2 0.000693 0.027761 0.932248 0.026123 0.013176
2 2 0.000056 0.006584 0.973810 0.014423 0.005127
2 2 0.000308 0.018851 0.960429 0.012523 0.007888
2 2 0.000433 0.028276 0.957600 0.003651 0.010040
2 2 0.001521 0.043672 0.939240 0.004015 0.011553
2 2 0.000606 0.036622 0.946717 0.002414 0.013640
2 2 0.001410 0.050405 0.930321 0.004733 0.013131
2 2 0.001770 0.062208 0.921009 0.002209 0.012804
2 2 0.000175 0.011653 0.965283 0.017897 0.004992
2 2 0.000144 0.010269 0.971732 0.012996 0.004860
2 2 0.000183 0.011546 0.959165 0.025037 0.004069
2 2 0.000346 0.016407 0.961520 0.017600 0.004127
2 2 0.000275 0.013184 0.964737 0.018078 0.003727
2 2 0.000410 0.013240 0.944046 0.039969 0.002335
2 2 0.001086 0.024288 0.943146 0.028308 0.003173
2 2 0.000357 0.012740 0.943575 0.040614 0.002715
2 2 0.022777 0.084131 0.843626 0.042259 0.007207
2 2 0.002954 0.024830 0.881919 0.085336 0.004961
2 2 0.002224 0.050460 0.926820 0.002723 0.017773
2 2 0.000038 0.007028 0.982047 0.004767 0.006120
2 2 0.000135 0.013741 0.977722 0.003211 0.005191
2 2 0.000028 0.005261 0.982481 0.008304 0.003926
2 2 0.000105 0.011413 0.972628 0.008396 0.007458
2 2 0.000067 0.005652 0.946952 0.044315 0.003015
2 2 0.000096 0.005969 0.913002 0.077875 0.003058
2 2 0.000041 0.004482 0.956217 0.036633 0.002626
2 2 0.000126 0.009007 0.940194 0.045606 0.005067
2 2 0.000009 0.001935 0.961648 0.034316 0.002092
2 2 0.000050 0.002167 0.854822 0.142725 0.000237
2 2 0.000087 0.003979 0.907213 0.087991 0.000730
2 2 0.000087 0.003453 0.881719 0.114295 0.000446
2 2 0.000054 0.002476 0.923589 0.073576 0.000304
2 2 0.002409 0.012945 0.823434 0.159753 0.001459
2 2 0.000092 0.002430 0.753406 0.243705 0.000367
2 2 0.000082 0.003247 0.821003 0.174983 0.000686
2 2 0.000146 0.002737 0.665611 0.330955 0.000550
2 2 0.000164 0.004160 0.692575 0.302264 0.000837
3 2 0.000475 0.004530 0.469778 0.523875 0.001341
2 2 0.004800 0.018640 0.732915 0.239470 0.004174
2 2 0.035806 0.048515 0.665881 0.238886 0.010912
2 2 0.045076 0.076088 0.720015 0.144936 0.013885
2 2 0.011448 0.113865 0.798074 0.054835 0.021778
2 2 0.007975 0.087167 0.827215 0.063525 0.014118
2 2 0.004730 0.083097 0.891959 0.009127 0.011087
2 2 0.001450 0.038121 0.944343 0.011163 0.004922
2 2 0.000688 0.020762 0.953347 0.020043 0.005160
2 2 0.008191 0.096631 0.879339 0.005404 0.010434
2 2 0.058968 0.278070 0.652678 0.002257 0.008027
2 2 0.000336 0.022134 0.947549 0.018874 0.011106
2 2 0.000389 0.018086 0.951671 0.025548 0.004307
2 2 0.000025 0.003848 0.969034 0.023743 0.003350
2 2 0.000034 0.004155 0.971575 0.022083 0.002153
2 2 0.000015 0.002507 0.962349 0.033681 0.001448
2 2 0.000017 0.002669 0.978072 0.018153 0.001089
2 2 0.000013 0.003138 0.968255 0.024707 0.003886
2 2 0.000005 0.002284 0.989919 0.004701 0.003090
2 2 0.000012 0.002692 0.979775 0.015725 0.001796
2 2 0.000010 0.002724 0.977594 0.016870 0.002801
2 2 0.000025 0.003809 0.981795 0.012212 0.002159
2 2 0.000211 0.010650 0.965015 0.021968 0.002156
2 2 0.000079 0.007216 0.975899 0.014226 0.002580
2 2 0.000057 0.004721 0.957865 0.035823 0.001534
2 2 0.000016 0.002411 0.962838 0.033287 0.001447
2 2 0.000358 0.004336 0.765436 0.229231 0.000639
2 2 0.000769 0.012013 0.888399 0.097211 0.001608
2 2 0.000381 0.009494 0.836228 0.152398 0.001499
2 2 0.000274 0.003926 0.798613 0.196652 0.000535
2 2 0.079168 0.096016 0.689172 0.126418 0.009227
2 2 0.015926 0.086808 0.811663 0.078232 0.007371
2 2 0.013078 0.037288 0.815641 0.128125 0.005868
2 2 0.005199 0.027759 0.801831 0.161633 0.003577
2 2 0.010445 0.075084 0.869582 0.039275 0.005614
2 2 0.064241 0.133276 0.762751 0.030991 0.008741
2 2 0.001361 0.037216 0.878350 0.066329 0.016745
2 2 0.000426 0.019390 0.923813 0.044383 0.011988
2 2 0.000319 0.014383 0.897215 0.078287 0.009796
2 2 0.000200 0.009924 0.926937 0.059056 0.003883
2 2 0.000177 0.010179 0.917980 0.065439 0.006225
2 2 0.000667 0.025024 0.952750 0.015347 0.006212
2 2 0.006905 0.086114 0.884137 0.011461 0.011383
2 2 0.009591 0.086176 0.856561 0.019596 0.028076
2 2 0.016752 0.155300 0.814312 0.002877 0.010758
2 2 0.008031 0.126063 0.839383 0.007620 0.018902
1 2 0.180684 0.484313 0.273125 0.000666 0.061213
2 2 0.039494 0.415672 0.492390 0.001072 0.051371
2 2 0.037980 0.359519 0.555203 0.004145 0.043153
2 2 0.001372 0.051402 0.918827 0.011226 0.017174
2 2 0.001990 0.061396 0.862156 0.045220 0.029238
2 2 0.000259 0.010587 0.969491 0.017967 0.001697
2 2 0.000132 0.005801 0.945277 0.047665 0.001125
2 2 0.000166 0.006636 0.921841 0.070121 0.001237
2 2 0.000144 0.006867 0.963787 0.027985 0.001218
2 2 0.000311 0.010486 0.941974 0.045476 0.001753
2 2 0.000333 0.006244 0.914416 0.078470 0.000537
2 2 0.000867 0.021508 0.923635 0.050288 0.003702
2 2 0.000061 0.003220 0.878312 0.117705 0.000702
2 2 0.000106 0.005782 0.950311 0.042549 0.001252
2 2 0.000070 0.003684 0.937824 0.057899 0.000523
2 2 0.000215 0.011785 0.966555 0.018594 0.002851
2 2 0.000046 0.005502 0.984030 0.008113 0.002310
2 2 0.000092 0.007501 0.982597 0.007912 0.001899
2 2 0.000086 0.008042 0.968864 0.019226 0.003782
2 2 0.000098 0.007452 0.972050 0.018035 0.002365
2 2 0.000278 0.012965 0.910705 0.069516 0.006536
2 2 0.000086 0.006903 0.938169 0.050698 0.004143
2 2 0.000075 0.005591 0.943229 0.048451 0.002654
2 2 0.000101 0.007899 0.932638 0.054473 0.004889
2 2 0.000067 0.005703 0.960548 0.031055 0.002627
2 2 0.000065 0.002288 0.690838 0.306489 0.000319
2 2 0.000060 0.002552 0.842662 0.154332 0.000394
2 2 0.000418 0.004769 0.811601 0.182670 0.000542
2 2 0.000228 0.007638 0.787050 0.202662 0.002421
2 2 0.000113 0.003272 0.747965 0.248290 0.000360
2 2 0.000067 0.003792 0.908093 0.087061 0.000986
2 2 0.000137 0.005308 0.826440 0.166721 0.001394
2 2 0.000142 0.005658 0.910754 0.082474 0.000973
2 2 0.000076 0.005269 0.961262 0.031592 0.001801
2 2 0.000135 0.006296 0.920398 0.071424 0.001747
2 2 0.001084 0.011769 0.761200 0.223847 0.002100
2 2 0.002171 0.011276 0.681158 0.303032 0.002364
2 2 0.000920 0.011950 0.710701 0.273647 0.002781
2 2 0.000611 0.005675 0.700796 0.291962 0.000956
2 2 0.070210 0.066002 0.643589 0.210193 0.010006
2 2 0.000054 0.003275 0.904015 0.091858 0.000798
2 2 0.000205 0.007128 0.823443 0.167049 0.002174
2 2 0.000132 0.004181 0.842822 0.152245 0.000619
2 2 0.000164 0.005991 0.851677 0.140713 0.001456
2 2 0.000132 0.005293 0.882260 0.111415 0.000900
2 2 0.000950 0.007622 0.605617 0.384182 0.001629
2 2 0.004879 0.011348 0.619893 0.361605 0.002275
2 2 0.001334 0.008868 0.643042 0.344820 0.001936
3 2 0.008594 0.009803 0.474386 0.505230 0.001987
2 2 0.054851 0.034135 0.622074 0.284179 0.004761
2 2 0.022734 0.034435 0.527474 0.405643 0.009715
2 2 0.000946 0.006471 0.608264 0.382996 0.001324
2 2 0.000124 0.003311 0.678142 0.317901 0.000522
2 2 0.001035 0.006179 0.618085 0.373371 0.001330
2 2 0.001026 0.005101 0.572323 0.420325 0.001225
2 2 0.000079 0.001220 0.510836 0.487707 0.000159
2 2 0.000158 0.001744 0.532822 0.464998 0.000278
2 2 0.000170 0.001311 0.506599 0.491726 0.000194
2 2 0.000168 0.001668 0.596015 0.401911 0.000238
2 2 0.000085 0.001310 0.514864 0.483528 0.000212
2 2 0.002155 0.033498 0.795125 0.143030 0.026192
2 2 0.004677 0.079873 0.713639 0.138348 0.063463
2 2 0.001201 0.038410 0.825194 0.104707 0.030487
2 2 0.002776 0.047874 0.685389 0.231487 0.032475
2 2 0.004210 0.066521 0.738445 0.113604 0.077220
4 2 0.031015 0.028607 0.015186 0.001614 0.923579
4 4 0.031348 0.003858 0.003440 0.002887 0.958467
4 4 0.072129 0.014272 0.003283 0.000432 0.909885
4 4 0.031793 0.005633 0.004926 0.003225 0.954424
4 4 0.051151 0.004699 0.003283 0.003138 0.937729
4 4 0.104086 0.033472 0.002812 0.000074 0.859556
4 4 0.081733 0.045766 0.005964 0.000187 0.866350
4 4 0.047885 0.034181 0.006862 0.000249 0.910822
4 4 0.050854 0.021727 0.005880 0.000486 0.921053
4 4 0.038686 0.009654 0.003981 0.000737 0.946941
4 4 0.050095 0.010262 0.006701 0.003447 0.929494
4 4 0.292440 0.041661 0.002011 0.000085 0.663803
4 4 0.070571 0.010088 0.003049 0.000741 0.915551
4 4 0.106169 0.009577 0.002891 0.001250 0.880113
4 4 0.090980 0.009199 0.003901 0.002397 0.893523
4 4 0.074796 0.013929 0.002718 0.000294 0.908262
4 4 0.054800 0.004797 0.002741 0.002065 0.935597
4 4 0.046679 0.007188 0.002930 0.000818 0.942384
4 4 0.076397 0.011495 0.003108 0.000650 0.908350
4 4 0.092742 0.016335 0.002472 0.000217 0.888234
4 4 0.035438 0.069701 0.024524 0.000961 0.869376
4 4 0.069439 0.263392 0.047140 0.000153 0.619876
4 4 0.033202 0.075065 0.022518 0.000604 0.868611
4 4 0.047812 0.144664 0.037969 0.000939 0.768616
4 4 0.026480 0.061607 0.037054 0.002502 0.872357
4 4 0.027639 0.106973 0.019198 0.000148 0.846042
4 4 0.039544 0.113209 0.013229 0.000080 0.833938
4 4 0.063862 0.231344 0.025672 0.000002 0.679119
4 4 0.036384 0.115227 0.013072 0.000044 0.835273
4 4 0.022585 0.189721 0.036452 0.000182 0.751059
4 4 0.056183 0.055071 0.020461 0.001824 0.866461
4 4 0.114390 0.107648 0.011566 0.000168 0.766228
4 4 0.088840 0.136899 0.016833 0.000292 0.757135
4 4 0.110244 0.065465 0.007926 0.000268 0.816097
4 4 0.112771 0.047693 0.004853 0.000123 0.834560
4 4 0.085125 0.014777 0.003235 0.000480 0.896383
4 4 0.151399 0.058775 0.005414 0.000122 0.784290
4 4 0.085075 0.067751 0.004507 0.000021 0.842646
4 4 0.073685 0.017754 0.003807 0.000403 0.904351
4 4 0.150314 0.037892 0.002889 0.000100 0.808806
4 4 0.136970 0.011449 0.002118 0.000538 0.848925
4 4 0.136236 0.014004 0.002612 0.000588 0.846559
4 4 0.131539 0.009036 0.002141 0.000878 0.856406
4 4 0.066771 0.007764 0.004345 0.003041 0.918080
4 4 0.121441 0.007134 0.003027 0.003221 0.865176
4 4 0.041645 0.005407 0.001268 0.000153 0.951528
4 4 0.139756 0.033408 0.001640 0.000028 0.825168
4 4 0.133978 0.020633 0.001699 0.000082 0.843608
4 4 0.063867 0.005896 0.001343 0.000257 0.928637
4 4 0.114174 0.007750 0.000951 0.000126 0.876999
4 4 0.043453 0.005835 0.002077 0.000486 0.948149
4 4 0.052208 0.006339 0.001420 0.000194 0.939840
4 4 0.083087 0.020640 0.001310 0.000022 0.894941
4 4 0.024626 0.007375 0.002020 0.000130 0.965848
4 4 0.024848 0.011158 0.002751 0.000117 0.961126
4 4 0.034264 0.035090 0.011305 0.000550 0.918791
4 4 0.088784 0.073082 0.005882 0.000019 0.832233
4 4 0.031865 0.019879 0.005688 0.000295 0.942273
4 4 0.055751 0.073351 0.008807 0.000111 0.861979
4 4 0.130698 0.053232 0.003109 0.000048 0.812914
4 4 0.021914 0.103643 0.012315 0.000037 0.862090
4 4 0.012704 0.067964 0.019889 0.000158 0.899285
4 4 0.016886 0.107721 0.017797 0.000064 0.857532
4 4 0.022850 0.104475 0.016585 0.000084 0.856007
4 4 0.035318 0.076120 0.008253 0.000048 0.880261
4 4 0.080008 0.175544 0.016793 0.000004 0.727650
4 4 0.030550 0.188113 0.034341 0.000235 0.746760
4 4 0.044380 0.158587 0.023834 0.000211 0.772989
4 4 0.043598 0.120114 0.014501 0.000102 0.821686
4 4 0.060415 0.123749 0.014108 0.000102 0.801627
4 4 0.013326 0.191833 0.036690 0.000045 0.758106
4 4 0.024802 0.208214 0.032115 0.000014 0.734855
4 4 0.007841 0.169378 0.032198 0.000024 0.790559
4 4 0.009733 0.155531 0.028767 0.000050 0.805918
4 4 0.010901 0.169789 0.030010 0.000025 0.789275
4 4 0.016365 0.306890 0.096502 0.000505 0.579738
4 4 0.013335 0.295363 0.171185 0.001357 0.518759
4 4 0.022632 0.266758 0.068853 0.000419 0.641338
4 4 0.055233 0.389613 0.090240 0.000068 0.464846
4 4 0.025580 0.266953 0.061268 0.000174 0.646025
4 4 0.089274 0.364089 0.061672 0.000015 0.484950
4 4 0.024669 0.269384 0.062061 0.000156 0.643730
4 4 0.023071 0.336281 0.093544 0.000178 0.546926
4 1 0.012829 0.354143 0.262596 0.001892 0.368541
1 1 0.011487 0.351328 0.319159 0.002349 0.315677
2 1 0.000943 0.077321 0.811155 0.016308 0.094274
2 2 0.000295 0.041079 0.880857 0.015098 0.062670
2 2 0.000540 0.073804 0.691742 0.005035 0.228880
2 2 0.001205 0.117802 0.642880 0.004498 0.233614
2 2 0.000450 0.055179 0.815482 0.011993 0.116896
2 2 0.001977 0.105303 0.808200 0.007982 0.076537
2 2 0.000006 0.003721 0.979453 0.003477 0.013342
2 2 0.000131 0.020837 0.935079 0.012820 0.031133
2 2 0.000019 0.006631 0.964432 0.011915 0.017003
2 2 0.000011 0.004631 0.971141 0.010838 0.013378
2 2 0.000087 0.014265 0.965435 0.003013 0.017200
2 2 0.002654 0.085310 0.862338 0.011843 0.037855
2 2 0.000275 0.028093 0.932480 0.009002 0.030150
2 2 0.009676 0.185683 0.764100 0.005633 0.034908
2 2 0.000388 0.031158 0.944218 0.005405 0.018831
2 2 0.007230 0.151320 0.768617 0.012072 0.060761
2 2 0.003547 0.103056 0.847882 0.011937 0.033578
2 2 0.027758 0.291327 0.605595 0.006384 0.068937
2 2 0.051504 0.412987 0.428989 0.003403 0.103116
1 2 0.288117 0.386504 0.200050 0.001407 0.123923
1 2 0.026630 0.502876 0.201962 0.000069 0.268463
1 2 0.022827 0.437292 0.210527 0.000379 0.328975
2 2 0.014622 0.359787 0.382719 0.003896 0.238977
1 2 0.017446 0.378383 0.353631 0.003735 0.246805
2 2 0.001203 0.104831 0.721503 0.005670 0.166794
2 2 0.000043 0.009482 0.981415 0.001567 0.007494
2 2 0.000045 0.010248 0.976732 0.003024 0.009951
2 2 0.000067 0.010412 0.979886 0.003610 0.006026
2 2 0.000010 0.003488 0.991742 0.001926 0.002835
2 2 0.000098 0.016913 0.972813 0.000660 0.009517
1 2 0.050358 0.529906 0.325829 0.000127 0.093779
2 2 0.012310 0.244710 0.637295 0.007442 0.098243
2 2 0.003612 0.128054 0.750350 0.017524 0.100459
2 2 0.001345 0.070808 0.839029 0.010589 0.078229
2 2 0.001658 0.086362 0.837966 0.008116 0.065898
2 2 0.000902 0.054966 0.889519 0.010452 0.044162
2 2 0.000164 0.018306 0.948358 0.011358 0.021814
2 2 0.000141 0.017027 0.952692 0.010040 0.020099
2 2 0.002191 0.080297 0.864424 0.012565 0.040522
2 2 0.000238 0.020084 0.928502 0.032147 0.019029
2 2 0.002173 0.115240 0.757360 0.005913 0.119314
2 2 0.000236 0.031529 0.888677 0.009833 0.069725
2 2 0.014425 0.253963 0.556457 0.001771 0.173384
2 2 0.011977 0.261698 0.463419 0.010803 0.252102
2 2 0.016408 0.327882 0.421860 0.003116 0.230734
1 1 0.025174 0.410540 0.234087 0.001702 0.328496
2 1 0.004415 0.186171 0.581222 0.006889 0.221303
1 1 0.039845 0.423690 0.139820 0.000298 0.396347
1 1 0.089828 0.535771 0.128446 0.000008 0.245948
1 1 0.021891 0.436991 0.270966 0.000644 0.269508
2 2 0.002075 0.085734 0.738873 0.046163 0.127155
2 2 0.000735 0.038142 0.872635 0.042892 0.045597
2 2 0.001163 0.056282 0.834148 0.041159 0.067247
2 2 0.000145 0.018970 0.913504 0.022216 0.045164
2 2 0.001288 0.058142 0.775741 0.069258 0.095570
2 2 0.000023 0.004448 0.979733 0.011410 0.004387
2 2 0.000069 0.005713 0.972499 0.019451 0.002267
2 2 0.000033 0.005113 0.978685 0.012001 0.004168
2 2 0.000067 0.007460 0.979237 0.008985 0.004251
2 2 0.000035 0.004746 0.975095 0.016791 0.003333
2 2 0.000135 0.009826 0.951137 0.033541 0.005360
2 2 0.000165 0.012429 0.962726 0.015643 0.009038
2 2 0.000095 0.009502 0.966304 0.016124 0.007974
2 2 0.000459 0.021453 0.933732 0.032855 0.011500
2 2 0.000984 0.036696 0.912912 0.032067 0.017341
2 2 0.000101 0.011743 0.965205 0.009194 0.013757
2 2 0.000305 0.022116 0.952783 0.011250 0.013547
2 2 0.000254 0.019163 0.956280 0.011599 0.012703
2 2 0.000154 0.014306 0.960188 0.016028 0.009324
2 2 0.000181 0.015901 0.968231 0.006940 0.008746
2 2 0.000007 0.002337 0.987282 0.007619 0.002756
2 2 0.000053 0.007382 0.973446 0.013784 0.005335
2 2 0.000129 0.013124 0.977888 0.003965 0.004894
2 2 0.000039 0.005748 0.978657 0.011791 0.003765
2 2 0.000022 0.003078 0.982439 0.013461 0.001001
2 2 0.000023 0.003268 0.960272 0.034500 0.001936
2 2 0.000076 0.005923 0.953163 0.038823 0.002016
2 2 0.000039 0.004102 0.960289 0.033590 0.001980
2 2 0.000052 0.005376 0.942842 0.048257 0.003474
2 2 0.000018 0.002518 0.945772 0.050410 0.001283
2 2 0.000014 0.000907 0.815611 0.183383 0.000085
2 2 0.000018 0.001194 0.915205 0.083481 0.000102
2 2 0.000028 0.001675 0.891884 0.106191 0.000222
2 2 0.000014 0.000940 0.904054 0.094916 0.000076
2 2 0.000021 0.001340 0.894272 0.104200 0.000167
2 2 0.000031 0.001798 0.829548 0.168282 0.000341
2 2 0.000396 0.004038 0.688318 0.306572 0.000676
2 2 0.000066 0.002622 0.716432 0.280388 0.000492
2 2 0.000069 0.002857 0.837681 0.158994 0.000399
2 2 0.000132 0.003723 0.673611 0.321771 0.000763
3 2 0.001250 0.004334 0.462167 0.531065 0.001185
3 2 0.000133 0.002296 0.474754 0.522227 0.000591
2 2 0.000211 0.001967 0.515077 0.482394 0.000352
3 2 0.000259 0.001570 0.386777 0.611008 0.000385
3 2 0.000351 0.002057 0.408149 0.588912 0.000532
3 2 0.000491 0.002004 0.335222 0.661600 0.000684
3 2 0.000290 0.001592 0.403382 0.594359 0.000377
3 2 0.000113 0.001114 0.302028 0.696417 0.000328
3 2 0.000796 0.003712 0.481540 0.513140 0.000813
3 2 0.000244 0.001249 0.314070 0.684092 0.000345
2 2 0.055234 0.039374 0.664074 0.234329 0.006988
0 0 0.481923 0.137348 0.346783 0.023494 0.010453
0 0 0.617643 0.155704 0.214137 0.003894 0.008623
0 0 0.572399 0.188106 0.221771 0.005010 0.012715
0 0 0.777882 0.076002 0.128315 0.009608 0.008193
0 0 0.936758 0.049576 0.007181 0.000008 0.006477
0 0 0.858455 0.111603 0.018994 0.000004 0.010944
0 0 0.786534 0.158141 0.031916 0.000042 0.023367
0 0 0.784481 0.142275 0.063772 0.000176 0.009296
0 0 0.491063 0.246592 0.234459 0.002782 0.025104
1 0 0.349820 0.391037 0.070422 0.000024 0.188697
0 0 0.417255 0.332701 0.058883 0.000072 0.191089
0 0 0.418743 0.341143 0.058007 0.000036 0.182070
1 0 0.381892 0.399067 0.069780 0.000009 0.149253
0 0 0.423036 0.354202 0.063467 0.000034 0.159260
0 0 0.712668 0.138558 0.016461 0.000096 0.132217
0 0 0.866595 0.055500 0.004257 0.000021 0.073627
0 0 0.933010 0.024394 0.001271 0.000004 0.041321
0 0 0.919465 0.029416 0.001713 0.000008 0.049397
0 0 0.813785 0.066005 0.004558 0.000012 0.115640
0 0 0.364660 0.345067 0.059023 0.000058 0.231192
1 0 0.290846 0.329607 0.057482 0.000154 0.321912
0 0 0.534661 0.142563 0.012844 0.000038 0.309893
0 0 0.403893 0.286530 0.042593 0.000071 0.266913
4 0 0.290167 0.317715 0.052260 0.000121 0.339738
1 0 0.173508 0.450536 0.123736 0.000421 0.251799
1 1 0.349780 0.405750 0.081736 0.000038 0.162695
0 1 0.420993 0.367153 0.055632 0.000005 0.156217
0 1 0.409216 0.319114 0.051814 0.000056 0.219800
1 1 0.271753 0.416987 0.080674 0.000038 0.230548
1 1 0.360801 0.404953 0.101390 0.000195 0.132661
0 1 0.522393 0.312639 0.051813 0.000015 0.113140
0 1 0.670105 0.229437 0.033676 0.000006 0.066776
0 1 0.493574 0.336398 0.058266 0.000014 0.111749
0 1 0.466943 0.361019 0.078087 0.000045 0.093906
0 1 0.449654 0.388884 0.078426 0.000009 0.083027
1 1 0.393035 0.412734 0.097267 0.000041 0.096923
0 1 0.706888 0.192337 0.030554 0.000044 0.070177
0 1 0.808899 0.135102 0.015792 0.000002 0.040205
0 1 0.517358 0.355249 0.070783 0.000005 0.056605
1 1 0.332774 0.482828 0.100923 0.000002 0.083472
