1 1 0.050624 0.416492 0.165358 0.010709 0.356816
1 1 0.082729 0.421954 0.118166 0.004782 0.372369
4 1 0.109823 0.168218 0.038792 0.001038 0.682129
4 0 0.275008 0.301967 0.047728 0.000241 0.375056
4 0 0.141067 0.377190 0.078459 0.001055 0.402230
4 1 0.045804 0.289536 0.124956 0.013423 0.526280
4 1 0.026860 0.292082 0.179907 0.031217 0.469935
4 1 0.022661 0.195711 0.150301 0.019071 0.612256
4 1 0.017539 0.163821 0.164178 0.014818 0.639645
4 1 0.024410 0.281540 0.192562 0.029307 0.472181
4 1 0.022237 0.047816 0.025645 0.004507 0.899795
4 1 0.037244 0.321585 0.137402 0.037588 0.466180
4 1 0.018796 0.189537 0.177289 0.017655 0.596722
4 1 0.040107 0.248904 0.101463 0.028524 0.581002
4 1 0.038122 0.286138 0.122161 0.032969 0.520610
4 1 0.016841 0.249691 0.250337 0.023694 0.459437
4 1 0.013517 0.242348 0.296737 0.022045 0.425353
4 1 0.009244 0.158825 0.297422 0.012607 0.521902
4 1 0.022605 0.256043 0.193022 0.025811 0.502519
4 1 0.010805 0.226284 0.339956 0.019633 0.403322
2 1 0.006499 0.195151 0.446793 0.015424 0.336133
4 1 0.012502 0.259001 0.328553 0.023656 0.376288
2 1 0.008823 0.217873 0.386189 0.018268 0.368848
4 1 0.020002 0.328253 0.310644 0.010757 0.330343
2 1 0.007819 0.225198 0.425529 0.018810 0.322645
2 1 0.006300 0.208235 0.468767 0.016711 0.299988
2 1 0.004688 0.185679 0.526063 0.014138 0.269433
2 1 0.004637 0.184853 0.528157 0.014048 0.268306
2 1 0.007045 0.216978 0.446502 0.017773 0.311702
2 1 0.012067 0.289898 0.452124 0.004319 0.241591
2 1 0.010658 0.262933 0.567283 0.020708 0.138417
2 1 0.009132 0.249152 0.651058 0.006371 0.084286
2 1 0.009554 0.247947 0.648126 0.012787 0.081586
2 1 0.006331 0.204386 0.725540 0.006746 0.056998
2 1 0.006789 0.213711 0.699080 0.008502 0.071919
0 1 0.498447 0.365344 0.063130 0.000256 0.072823
1 2 0.282447 0.534053 0.105238 0.000572 0.077690
0 2 0.838292 0.111027 0.018375 0.000094 0.032212
0 2 0.525061 0.376765 0.055781 0.000095 0.042298
1 2 0.246679 0.556031 0.105602 0.000497 0.091190
2 2 0.006294 0.175838 0.752818 0.039558 0.025493
2 2 0.002508 0.066503 0.751518 0.172054 0.007417
2 2 0.005338 0.121036 0.802398 0.059216 0.012012
2 2 0.000915 0.025139 0.936911 0.035999 0.001037
2 2 0.013136 0.210746 0.756213 0.005785 0.014121
0 2 0.950108 0.027277 0.004601 0.000045 0.017969
0 2 0.765415 0.185221 0.026922 0.000052 0.022390
0 2 0.868999 0.092367 0.015457 0.000082 0.023095
0 2 0.778269 0.175686 0.024200 0.000038 0.021808
0 2 0.791215 0.138103 0.024689 0.000177 0.045815
1 2 0.119464 0.524645 0.265933 0.005714 0.084244
0 2 0.471754 0.334168 0.151706 0.002545 0.039828
1 2 0.415579 0.426162 0.117606 0.001194 0.039460
1 2 0.140798 0.538717 0.240202 0.003618 0.076666
2 2 0.066300 0.417481 0.419163 0.022918 0.074137
1 2 0.283949 0.457337 0.232590 0.002235 0.023889
1 2 0.113316 0.516694 0.309613 0.004574 0.055803
1 2 0.195892 0.461912 0.303799 0.005988 0.032409
1 2 0.204805 0.382049 0.374050 0.015931 0.023165
1 2 0.269334 0.515674 0.171466 0.001223 0.042303
1 2 0.392676 0.461951 0.098745 0.000677 0.045951
1 2 0.168007 0.449937 0.294836 0.022213 0.065008
0 2 0.453027 0.423162 0.088578 0.000569 0.034664
0 2 0.611912 0.275840 0.078712 0.001581 0.031956
0 2 0.839179 0.123679 0.022068 0.000112 0.014962
1 2 0.103456 0.597137 0.216088 0.000700 0.082618
1 2 0.221731 0.490956 0.245488 0.003703 0.038122
1 2 0.048667 0.473935 0.391823 0.006964 0.078610
2 2 0.047170 0.371868 0.483171 0.039443 0.058347
2 2 0.012333 0.219730 0.686265 0.024289 0.057382
2 2 0.102216 0.330437 0.520701 0.021263 0.025384
0 2 0.913579 0.060292 0.011608 0.000120 0.014401
0 2 0.616348 0.305336 0.063872 0.000368 0.014076
0 2 0.837800 0.125073 0.024886 0.000185 0.012055
0 2 0.839439 0.111921 0.024328 0.000361 0.023951
0 2 0.979649 0.011718 0.001734 0.000011 0.006889
0 0 0.984665 0.007166 0.001283 0.000023 0.006864
0 0 0.980354 0.010277 0.001774 0.000023 0.007571
0 0 0.982999 0.006664 0.001436 0.000066 0.008835
0 0 0.980930 0.007629 0.001409 0.000032 0.010000
0 0 0.876701 0.026896 0.004535 0.000079 0.091788
0 0 0.942767 0.012340 0.002370 0.000084 0.042439
0 0 0.932285 0.016517 0.002660 0.000040 0.048499
0 0 0.556474 0.113625 0.019470 0.000246 0.310185
1 1 0.132675 0.510658 0.104458 0.000927 0.251282
2 1 0.016703 0.330098 0.404783 0.003625 0.244791
2 1 0.008894 0.235402 0.399427 0.020151 0.336125
2 1 0.003954 0.173194 0.557715 0.012807 0.252330
4 1 0.011306 0.254293 0.350831 0.022823 0.360747
2 1 0.006456 0.204451 0.458501 0.016353 0.314239
4 1 0.012856 0.206115 0.275646 0.018032 0.487350
4 1 0.013195 0.266226 0.319881 0.024660 0.376038
4 1 0.027135 0.315265 0.187728 0.034285 0.435588
4 1 0.017818 0.288337 0.261674 0.028478 0.403693
2 1 0.010185 0.244411 0.370672 0.021445 0.353287
4 1 0.037988 0.095054 0.034047 0.010317 0.822595
4 4 0.017597 0.048186 0.034555 0.004256 0.895406
4 4 0.028912 0.120551 0.064810 0.012165 0.773563
4 4 0.015553 0.040102 0.031071 0.003437 0.909837
4 4 0.013119 0.015977 0.010241 0.001343 0.959320
4 4 0.011647 0.023346 0.020531 0.001874 0.942602
4 4 0.010497 0.042224 0.053741 0.003249 0.890290
4 4 0.020989 0.079303 0.055129 0.007314 0.837264
4 4 0.017303 0.049847 0.036976 0.004380 0.891493
4 4 0.017980 0.096874 0.085990 0.008593 0.790563
4 4 0.020665 0.161369 0.135301 0.015142 0.667523
4 4 0.036485 0.153742 0.066349 0.016627 0.726796
4 4 0.033793 0.124116 0.055735 0.013070 0.773286
4 4 0.037559 0.134002 0.054028 0.014547 0.759864
4 4 0.025241 0.140801 0.092161 0.013777 0.728020
4 4 0.009778 0.217796 0.358342 0.018489 0.395595
2 4 0.006013 0.161702 0.423031 0.012122 0.397131
4 4 0.009394 0.168624 0.308358 0.013545 0.500079
4 4 0.015651 0.248295 0.266136 0.023241 0.446677
2 4 0.010026 0.244864 0.375138 0.021456 0.348516
4 4 0.010114 0.197385 0.327117 0.016490 0.448894
4 4 0.013088 0.252593 0.312562 0.023078 0.398679
2 4 0.009834 0.243343 0.379048 0.021243 0.346532
4 4 0.007157 0.176441 0.395310 0.013754 0.407338
4 4 0.011250 0.253906 0.351833 0.022765 0.360247
4 4 0.018601 0.188226 0.177988 0.017480 0.597705
4 4 0.015421 0.200412 0.227649 0.018046 0.538472
4 4 0.017194 0.144474 0.146258 0.012885 0.679190
4 4 0.013608 0.162887 0.211839 0.013944 0.597722
4 4 0.016951 0.077599 0.069115 0.006760 0.829575
4 4 0.054909 0.342301 0.120583 0.014856 0.467351
4 4 0.050158 0.391247 0.143360 0.018081 0.397154
4 4 0.302230 0.210321 0.035093 0.000296 0.452060
0 4 0.736877 0.101801 0.016140 0.000123 0.145060
4 4 0.211441 0.362274 0.058408 0.000278 0.367600
4 4 0.013523 0.268097 0.315005 0.024961 0.378414
4 4 0.011842 0.257899 0.341504 0.023364 0.365391
2 2 0.007581 0.222757 0.431761 0.018498 0.319403
4 2 0.012336 0.261061 0.333308 0.023849 0.369447
4 2 0.010001 0.135818 0.239262 0.010722 0.604197
4 2 0.007553 0.184518 0.391201 0.014619 0.402110
4 2 0.006576 0.164351 0.401271 0.012492 0.415309
2 2 0.009040 0.236688 0.396131 0.020325 0.337816
2 2 0.008870 0.235181 0.399993 0.020122 0.335835
2 2 0.008366 0.230549 0.411852 0.019505 0.329729
2 2 0.003202 0.158370 0.595269 0.011304 0.231856
2 2 0.005726 0.200837 0.487580 0.015841 0.290017
2 2 0.005498 0.197719 0.495501 0.015482 0.285800
2 2 0.004533 0.183172 0.532420 0.013865 0.266010
2 2 0.003721 0.168845 0.568736 0.012357 0.246341
2 2 0.003523 0.164978 0.578532 0.011964 0.241004
2 2 0.013335 0.320152 0.521690 0.000618 0.144205
2 2 0.005852 0.202417 0.489098 0.017129 0.285503
2 2 0.004946 0.189688 0.515890 0.014578 0.274897
2 2 0.001708 0.112057 0.750884 0.022271 0.113079
2 2 0.000452 0.037491 0.832834 0.120794 0.008428
2 2 0.000552 0.021951 0.699504 0.269806 0.008187
2 2 0.000190 0.011244 0.846634 0.138811 0.003122
2 2 0.000110 0.006375 0.846699 0.144401 0.002415
2 2 0.000081 0.005740 0.853722 0.138314 0.002143
2 2 0.000027 0.002073 0.563406 0.434423 0.000070
3 2 0.000025 0.001850 0.481703 0.516366 0.000056
2 2 0.000058 0.001609 0.599473 0.398813 0.000048
2 2 0.000038 0.001391 0.556821 0.441699 0.000051
3 2 0.000030 0.001032 0.490063 0.508823 0.000051
3 2 0.000142 0.000530 0.127009 0.872225 0.000094
3 2 0.000084 0.000542 0.193245 0.806026 0.000102
3 2 0.000065 0.000402 0.102783 0.896690 0.000061
3 2 0.000383 0.001669 0.154061 0.843651 0.000236
3 2 0.000395 0.001670 0.086196 0.911395 0.000344
3 2 0.000071 0.000178 0.055874 0.943842 0.000034
3 2 0.000196 0.000287 0.064328 0.935133 0.000056
3 2 0.000027 0.000102 0.039300 0.960559 0.000013
3 2 0.000152 0.000433 0.049075 0.950263 0.000076
3 3 0.000224 0.000666 0.043011 0.956008 0.000091
3 3 0.000385 0.000424 0.029433 0.969675 0.000082
3 3 0.000540 0.000509 0.033250 0.965431 0.000270
3 3 0.000064 0.000088 0.024261 0.975564 0.000024
3 3 0.000354 0.000461 0.029331 0.969713 0.000141
3 3 0.000147 0.000159 0.023312 0.976343 0.000038
3 3 0.000412 0.000234 0.017379 0.981873 0.000102
3 3 0.001659 0.000361 0.013713 0.983853 0.000414
3 3 0.000501 0.000139 0.009560 0.989714 0.000086
3 3 0.001488 0.000597 0.019534 0.978046 0.000335
3 3 0.001098 0.000292 0.008618 0.989836 0.000156
3 3 0.000077 0.000093 0.014994 0.984822 0.000014
3 3 0.000053 0.000091 0.018051 0.981794 0.000011
3 3 0.000109 0.000121 0.023109 0.976638 0.000023
3 3 0.000055 0.000083 0.014523 0.985331 0.000008
3 3 0.000038 0.000054 0.016588 0.983312 0.000007
3 3 0.000566 0.000130 0.005920 0.993322 0.000061
3 3 0.000487 0.000217 0.009167 0.990067 0.000062
3 3 0.000332 0.000098 0.006883 0.992648 0.000038
3 3 0.000147 0.000100 0.011141 0.988595 0.000018
3 3 0.000091 0.000089 0.014596 0.985210 0.000013
3 3 0.000237 0.000061 0.004819 0.994857 0.000024
3 3 0.000273 0.000131 0.013002 0.986555 0.000038
3 3 0.000225 0.000088 0.010107 0.989536 0.000044
3 3 0.000721 0.000145 0.006551 0.992489 0.000094
3 3 0.001263 0.000164 0.006918 0.991502 0.000153
3 3 0.000190 0.000071 0.007428 0.992284 0.000027
3 3 0.000878 0.000253 0.010261 0.988463 0.000145
3 3 0.000806 0.000188 0.009763 0.989146 0.000096
3 3 0.001110 0.000271 0.008184 0.990279 0.000157
3 3 0.000790 0.000182 0.008690 0.990236 0.000101
3 3 0.000075 0.000103 0.016165 0.983643 0.000015
3 3 0.000417 0.000237 0.011465 0.987812 0.000070
3 3 0.000247 0.000203 0.015240 0.984263 0.000047
3 3 0.000252 0.000069 0.005720 0.993930 0.000029
3 3 0.000152 0.000113 0.012036 0.987677 0.000022
3 3 0.000378 0.000068 0.003893 0.995625 0.000037
3 3 0.000365 0.000080 0.004682 0.994835 0.000038
3 3 0.000152 0.000100 0.015002 0.984722 0.000024
3 3 0.001279 0.000380 0.009490 0.988709 0.000143
3 3 0.001460 0.000259 0.007199 0.990928 0.000155
3 3 0.000568 0.000141 0.007572 0.991659 0.000060
3 3 0.001577 0.000198 0.006059 0.991986 0.000180
3 3 0.000603 0.000119 0.005498 0.993718 0.000062
3 3 0.000641 0.000092 0.004083 0.995137 0.000046
3 3 0.000198 0.000061 0.006369 0.993348 0.000024
3 3 0.000450 0.000112 0.006540 0.992835 0.000063
3 3 0.000297 0.000085 0.008768 0.990810 0.000041
3 3 0.001350 0.000320 0.009505 0.988646 0.000178
3 3 0.001156 0.000156 0.005531 0.993023 0.000134
3 3 0.001473 0.000406 0.011311 0.986567 0.000243
3 3 0.000394 0.000173 0.013948 0.985400 0.000086
3 3 0.001108 0.000145 0.004944 0.993720 0.000083
3 3 0.000750 0.000165 0.006182 0.992819 0.000084
3 3 0.000348 0.000071 0.004025 0.995525 0.000032
3 3 0.000499 0.000143 0.007875 0.991431 0.000051
3 3 0.001632 0.000274 0.007547 0.990339 0.000207
3 3 0.000324 0.000175 0.011473 0.987986 0.000042
3 3 0.001023 0.000140 0.005170 0.993563 0.000104
3 3 0.000417 0.000164 0.009878 0.989472 0.000068
3 3 0.001083 0.000185 0.007384 0.991228 0.000119
3 3 0.000193 0.000103 0.009468 0.990211 0.000025
3 3 0.000379 0.000104 0.005587 0.993897 0.000033
3 3 0.000171 0.000056 0.006120 0.993637 0.000016
3 3 0.000822 0.000205 0.006566 0.992342 0.000065
3 3 0.000305 0.000085 0.005060 0.994527 0.000023
3 3 0.000542 0.000176 0.006915 0.992303 0.000065
3 3 0.000242 0.000059 0.003760 0.995919 0.000020
3 3 0.000211 0.000086 0.006213 0.993470 0.000021
3 3 0.000147 0.000072 0.007056 0.992710 0.000015
3 3 0.001005 0.000266 0.007875 0.990773 0.000081
3 3 0.000479 0.000248 0.019817 0.979365 0.000091
3 3 0.001937 0.002018 0.029356 0.966147 0.000542
3 3 0.000377 0.001809 0.070432 0.927243 0.000140
3 3 0.009796 0.017689 0.124460 0.845982 0.002072
3 3 0.002159 0.003051 0.048399 0.945859 0.000532
3 3 0.001808 0.008628 0.336774 0.652069 0.000721
3 3 0.004930 0.032335 0.436639 0.524789 0.001307
3 3 0.000696 0.003474 0.228358 0.766977 0.000494
3 3 0.001412 0.019191 0.481799 0.496640 0.000958
3 3 0.000441 0.005207 0.294388 0.699739 0.000225
3 3 0.001300 0.004534 0.150341 0.843422 0.000403
3 3 0.003413 0.017689 0.177611 0.800110 0.001177
3 3 0.000930 0.004974 0.235202 0.758693 0.000202
3 3 0.000429 0.002509 0.119932 0.876969 0.000161
3 3 0.001547 0.007099 0.165806 0.825090 0.000458
3 3 0.003585 0.006072 0.185870 0.803153 0.001321
3 3 0.007419 0.009955 0.081597 0.898476 0.002552
3 3 0.006848 0.005333 0.122897 0.863044 0.001878
3 3 0.276353 0.050643 0.183620 0.481859 0.007525
3 3 0.012127 0.010648 0.080494 0.892758 0.003973
2 3 0.263653 0.222407 0.423522 0.082681 0.007737
3 3 0.034066 0.108977 0.405155 0.442052 0.009749
3 3 0.048200 0.100715 0.358080 0.474971 0.018034
3 3 0.012169 0.035211 0.321648 0.622860 0.008112
3 3 0.010902 0.043220 0.443133 0.499962 0.002783
2 3 0.003513 0.033614 0.873516 0.084989 0.004367
2 2 0.050365 0.253319 0.654438 0.029638 0.012239
2 2 0.106136 0.403473 0.450199 0.015504 0.024688
2 2 0.011104 0.164814 0.677337 0.121781 0.024964
2 2 0.005955 0.117027 0.600602 0.249972 0.026445
2 2 0.003381 0.162108 0.585801 0.011675 0.237035
2 2 0.001652 0.117347 0.699094 0.007539 0.174367
2 2 0.001826 0.116403 0.676714 0.007599 0.197458
2 2 0.002411 0.139736 0.642453 0.009525 0.205875
2 2 0.002918 0.152093 0.611164 0.010691 0.223134
2 2 0.001740 0.086627 0.623964 0.005449 0.282220
2 2 0.001843 0.123537 0.683478 0.008072 0.183070
2 2 0.001617 0.116176 0.702127 0.007439 0.172641
2 2 0.001548 0.113788 0.708178 0.007238 0.169249
2 2 0.002291 0.136530 0.650572 0.009231 0.201377
2 2 0.002918 0.147921 0.605917 0.010306 0.232937
2 2 0.003034 0.154499 0.604310 0.010925 0.227232
2 2 0.002746 0.148092 0.621295 0.010308 0.217559
2 2 0.002111 0.131542 0.663202 0.008780 0.194365
2 2 0.002211 0.134346 0.656101 0.009032 0.198310
2 2 0.002382 0.111501 0.595728 0.007095 0.283294
2 2 0.004949 0.178627 0.503470 0.013492 0.299462
2 2 0.004515 0.182872 0.533181 0.013833 0.265599
2 2 0.005286 0.146629 0.434444 0.010610 0.403031
2 2 0.004873 0.188575 0.518714 0.014455 0.273382
4 2 0.008569 0.078278 0.152049 0.005753 0.755351
4 2 0.009841 0.173666 0.303481 0.014123 0.498888
4 2 0.011855 0.257984 0.341284 0.023377 0.365500
2 2 0.005582 0.147371 0.419570 0.010741 0.416735
4 1 0.009464 0.217927 0.367270 0.018426 0.386913
2 1 0.007751 0.224511 0.427284 0.018721 0.321733
2 1 0.006114 0.205905 0.474694 0.016434 0.296853
2 1 0.007459 0.221484 0.435011 0.018337 0.317709
2 1 0.007606 0.223017 0.431099 0.018531 0.319748
4 1 0.027122 0.300314 0.311727 0.002775 0.358062
2 1 0.020556 0.338612 0.600356 0.002435 0.038041
2 1 0.020197 0.327467 0.527620 0.036813 0.087903
2 1 0.005636 0.093567 0.451985 0.410777 0.038035
2 1 0.007387 0.165294 0.653246 0.130707 0.043366
2 1 0.008387 0.200822 0.666258 0.069582 0.054951
2 1 0.019256 0.224693 0.603648 0.121663 0.030739
2 2 0.013013 0.235427 0.634570 0.074985 0.042004
2 2 0.001720 0.041890 0.771978 0.180623 0.003790
2 2 0.007613 0.144412 0.742173 0.088455 0.017347
2 2 0.016488 0.178052 0.694661 0.095068 0.015732
2 2 0.019933 0.190934 0.767407 0.012026 0.009699
2 2 0.033807 0.287681 0.563896 0.081602 0.033015
2 2 0.004223 0.084116 0.742995 0.158762 0.009904
2 2 0.012519 0.174510 0.766132 0.033052 0.013788
2 2 0.020387 0.238805 0.670324 0.046243 0.024241
2 2 0.020889 0.204255 0.695215 0.062687 0.016954
2 2 0.062593 0.443434 0.467997 0.001564 0.024412
2 2 0.011640 0.209997 0.577516 0.157926 0.042922
2 2 0.001447 0.023930 0.819801 0.153178 0.001643
2 2 0.002385 0.038191 0.889959 0.068023 0.001443
2 2 0.001056 0.023709 0.893476 0.080922 0.000837
2 2 0.001878 0.030317 0.837923 0.128757 0.001124
2 2 0.009797 0.080529 0.845014 0.061870 0.002790
2 2 0.013739 0.219878 0.670433 0.067864 0.028086
2 2 0.006056 0.132421 0.778515 0.066739 0.016270
2 2 0.006556 0.180089 0.746392 0.038876 0.028087
2 2 0.004465 0.134673 0.813176 0.031073 0.016614
2 2 0.002003 0.059615 0.841925 0.090531 0.005926
2 2 0.001733 0.066779 0.882292 0.042271 0.006925
2 2 0.000345 0.013168 0.954943 0.031095 0.000449
2 2 0.003531 0.028913 0.896995 0.069503 0.001057
2 2 0.002821 0.040560 0.909706 0.045611 0.001301
2 2 0.044054 0.242811 0.654527 0.044942 0.013665
2 2 0.009411 0.134938 0.761543 0.082057 0.012052
2 2 0.004400 0.089989 0.830071 0.067660 0.007881
2 2 0.010756 0.187546 0.767909 0.020678 0.013112
2 2 0.002244 0.058973 0.873000 0.061820 0.003963
2 2 0.003154 0.022021 0.871463 0.102431 0.000931
2 2 0.000930 0.026116 0.941276 0.030717 0.000961
2 2 0.016926 0.158018 0.760899 0.056303 0.007853
2 2 0.000611 0.013833 0.800257 0.184911 0.000388
2 2 0.002219 0.034792 0.918963 0.043167 0.000859
2 2 0.001583 0.016649 0.903048 0.078492 0.000229
2 2 0.007423 0.113060 0.794446 0.078026 0.007045
2 2 0.000608 0.007623 0.834001 0.157490 0.000279
2 2 0.089830 0.403844 0.471125 0.011765 0.023437
1 2 0.134443 0.448491 0.371827 0.010950 0.034290
2 2 0.056678 0.383434 0.501673 0.023103 0.035112
2 2 0.017588 0.214630 0.674191 0.064694 0.028896
2 2 0.014499 0.155873 0.660380 0.152706 0.016542
2 2 0.041259 0.274974 0.596458 0.064406 0.022902
2 2 0.048487 0.331561 0.544834 0.044861 0.030257
2 2 0.035481 0.330614 0.560537 0.035425 0.037942
2 2 0.031863 0.318460 0.561560 0.050473 0.037645
2 2 0.040977 0.370741 0.527394 0.019649 0.041238
0 2 0.521661 0.306703 0.131219 0.003744 0.036674
1 2 0.142648 0.559105 0.197215 0.002321 0.098712
1 2 0.184385 0.540773 0.209879 0.002243 0.062719
1 2 0.332877 0.481121 0.132484 0.001510 0.052008
1 2 0.145021 0.528618 0.244344 0.004614 0.077402
1 2 0.183557 0.533948 0.185080 0.003309 0.094106
1 2 0.345388 0.508632 0.091873 0.000319 0.053789
1 2 0.222576 0.546047 0.118694 0.001068 0.111616
0 2 0.634275 0.228703 0.087421 0.005514 0.044087
0 2 0.895814 0.069933 0.014650 0.000223 0.019380
1 1 0.168608 0.614651 0.107125 0.000221 0.109394
1 1 0.054605 0.499084 0.346015 0.004308 0.095988
1 4 0.067427 0.532377 0.259476 0.002226 0.138494
2 4 0.035097 0.275859 0.480426 0.044344 0.164274
1 4 0.033385 0.418635 0.336906 0.006847 0.204226
2 4 0.006322 0.208507 0.468074 0.016743 0.300354
2 4 0.004175 0.177124 0.547756 0.013219 0.257727
2 4 0.010473 0.248299 0.366297 0.021946 0.352985
2 4 0.010067 0.248251 0.386351 0.018484 0.336848
2 4 0.004183 0.177261 0.547407 0.013233 0.257916
4 4 0.009632 0.187909 0.328462 0.015441 0.458557
2 4 0.006055 0.205161 0.476587 0.016346 0.295851
4 4 0.014953 0.275644 0.295252 0.026212 0.387938
4 4 0.014006 0.246870 0.291561 0.022669 0.424894
2 4 0.007171 0.199479 0.424159 0.016004 0.353186
4 4 0.023360 0.076536 0.046190 0.007266 0.846648
4 4 0.061515 0.048667 0.012216 0.000682 0.876920
4 4 0.054081 0.216933 0.074574 0.011820 0.642592
4 4 0.021114 0.108944 0.082713 0.010098 0.777130
4 4 0.014433 0.054371 0.051910 0.004543 0.874743
4 4 0.029130 0.053206 0.021320 0.005398 0.890946
4 4 0.016267 0.094568 0.093662 0.008172 0.787331
4 4 0.008815 0.025096 0.032017 0.001861 0.932210
4 4 0.055028 0.110635 0.033448 0.004739 0.796149
4 4 0.015805 0.046598 0.037592 0.003999 0.896005
4 4 0.009445 0.051048 0.078803 0.003815 0.856889
4 4 0.036252 0.223107 0.102032 0.024650 0.613958
4 4 0.027967 0.211205 0.129182 0.021780 0.609866
4 4 0.012757 0.059721 0.068285 0.004826 0.854411
4 4 0.030087 0.137283 0.072714 0.014048 0.745869
4 4 0.019502 0.220328 0.196751 0.021068 0.542350
4 4 0.014010 0.142029 0.178532 0.012077 0.653352
4 4 0.012582 0.175610 0.245446 0.014938 0.551424
4 4 0.013452 0.122159 0.157736 0.010184 0.696469
4 4 0.012811 0.173081 0.238091 0.014745 0.561271
4 4 0.020547 0.254902 0.211165 0.025192 0.488194
4 4 0.017151 0.150599 0.153554 0.013463 0.665233
4 4 0.011718 0.137959 0.207933 0.011263 0.631127
4 4 0.017340 0.210340 0.212077 0.019513 0.540731
4 4 0.013910 0.187723 0.237018 0.016422 0.544927
4 4 0.016485 0.282788 0.276419 0.027460 0.396849
4 4 0.012829 0.186743 0.254532 0.016079 0.529817
4 4 0.008083 0.081037 0.168752 0.005885 0.736243
4 4 0.009689 0.145779 0.263996 0.011532 0.569004
4 4 0.021227 0.234275 0.190769 0.022996 0.530732
2 4 0.006944 0.215849 0.449379 0.017634 0.310194
2 4 0.006103 0.190840 0.459458 0.014912 0.328686
2 4 0.006630 0.208049 0.454740 0.016758 0.313823
2 4 0.007510 0.218172 0.430262 0.017998 0.326058
2 4 0.005516 0.166925 0.456557 0.012495 0.358507
2 4 0.003187 0.158043 0.596096 0.011272 0.231403
2 4 0.002214 0.134429 0.655890 0.009040 0.198427
2 4 0.002872 0.151033 0.613846 0.010589 0.221659
2 2 0.002243 0.135239 0.653839 0.009113 0.199565
2 2 0.002677 0.146431 0.625499 0.010151 0.215241
2 2 0.008185 0.228823 0.416266 0.019279 0.327447
2 2 0.008315 0.230068 0.413081 0.019442 0.329094
1 2 0.056459 0.384271 0.237646 0.000535 0.321089
1 2 0.029663 0.382282 0.269961 0.006861 0.311233
1 2 0.034313 0.412345 0.269945 0.004135 0.279262
1 2 0.035111 0.406738 0.299955 0.018215 0.239981
2 2 0.022189 0.363063 0.450913 0.009603 0.154232
0 2 0.659354 0.227083 0.050230 0.000671 0.062662
1 2 0.197776 0.590878 0.100194 0.000291 0.110861
1 2 0.117869 0.581640 0.139573 0.000963 0.159955
2 2 0.017444 0.307207 0.599065 0.019681 0.056603
2 2 0.016598 0.296342 0.612878 0.023341 0.050841
2 2 0.008874 0.187164 0.715309 0.056906 0.031746
2 2 0.001627 0.065127 0.906841 0.019828 0.006577
2 2 0.003158 0.094635 0.886343 0.008075 0.007789
2 2 0.002433 0.093164 0.876111 0.019468 0.008823
2 2 0.001608 0.045578 0.917899 0.032507 0.002407
2 2 0.001439 0.060856 0.915996 0.016240 0.005468
2 2 0.000694 0.017001 0.931767 0.050082 0.000456
2 2 0.002523 0.081279 0.890858 0.018633 0.006707
2 2 0.038048 0.073753 0.818834 0.056479 0.012885
1 2 0.155917 0.429003 0.387527 0.007531 0.020022
2 2 0.041633 0.330074 0.528039 0.053509 0.046745
2 2 0.204709 0.323960 0.440452 0.019652 0.011226
1 2 0.226762 0.444946 0.308563 0.003246 0.016482
2 2 0.013549 0.298928 0.616187 0.002497 0.068839
2 2 0.001070 0.077004 0.821894 0.060918 0.039114
2 2 0.001475 0.096480 0.865911 0.005631 0.030503
2 2 0.010181 0.257859 0.676797 0.002722 0.052440
2 2 0.002216 0.115928 0.863499 0.001058 0.017300
2 2 0.000155 0.005971 0.980447 0.012893 0.000534
2 2 0.000016 0.005967 0.977732 0.015547 0.000738
2 2 0.000008 0.003869 0.995083 0.000829 0.000212
2 2 0.000005 0.002909 0.995175 0.001716 0.000196
2 2 0.000013 0.005375 0.992293 0.001882 0.000437
2 2 0.002613 0.025697 0.927970 0.039827 0.003894
2 2 0.070649 0.129654 0.731064 0.043280 0.025354
1 2 0.158633 0.432957 0.384307 0.005341 0.018762
2 2 0.033335 0.281972 0.610655 0.045245 0.028793
2 2 0.029906 0.288299 0.619412 0.035246 0.027137
2 2 0.004278 0.060947 0.778385 0.152264 0.004125
2 2 0.005190 0.068904 0.850007 0.072540 0.003358
2 2 0.023690 0.155673 0.766601 0.047487 0.006549
2 2 0.024175 0.250983 0.693608 0.015055 0.016180
2 2 0.011021 0.143537 0.751524 0.081405 0.012513
0 2 0.635222 0.250972 0.069267 0.000766 0.043773
0 2 0.550673 0.329945 0.082078 0.000969 0.036336
1 2 0.110861 0.530860 0.261931 0.005201 0.091147
1 2 0.114289 0.576762 0.230997 0.001481 0.076472
1 2 0.096882 0.507031 0.307861 0.007904 0.080322
2 2 0.011781 0.169055 0.801128 0.009846 0.008190
2 2 0.002461 0.062855 0.853641 0.076857 0.004186
2 2 0.001417 0.016569 0.948839 0.032391 0.000784
2 2 0.001478 0.022585 0.943824 0.031689 0.000424
2 2 0.001317 0.032870 0.941246 0.023468 0.001099
2 2 0.000330 0.010747 0.909370 0.079315 0.000237
2 2 0.000159 0.009029 0.934576 0.055959 0.000277
2 2 0.000291 0.010256 0.859267 0.129890 0.000296
2 2 0.000146 0.005000 0.824437 0.170292 0.000126
2 2 0.000199 0.008330 0.765320 0.225846 0.000305
2 2 0.002136 0.014214 0.592946 0.390105 0.000599
2 2 0.002020 0.025555 0.688046 0.283413 0.000967
2 2 0.001994 0.026117 0.565287 0.405298 0.001304
3 2 0.000717 0.007309 0.399332 0.592234 0.000408
2 2 0.186609 0.091693 0.425648 0.291071 0.004980
0 2 0.764559 0.180720 0.035798 0.000248 0.018675
1 2 0.420230 0.443922 0.094031 0.000651 0.041166
0 2 0.451511 0.415596 0.095055 0.000923 0.036915
0 2 0.604058 0.300226 0.071420 0.000867 0.023429
1 2 0.276974 0.423387 0.236452 0.016642 0.046545
0 0 0.970344 0.012361 0.002863 0.000153 0.014280
0 0 0.960615 0.020367 0.004825 0.000216 0.013977
0 0 0.982859 0.006918 0.001589 0.000092 0.008543
0 0 0.986983 0.005391 0.001278 0.000087 0.006262
0 0 0.972118 0.016288 0.002903 0.000036 0.008654
1 0 0.393082 0.477069 0.086847 0.000303 0.042700
0 1 0.465042 0.423308 0.080664 0.000332 0.030654
1 1 0.217704 0.577040 0.126908 0.000471 0.077878
1 1 0.208777 0.479700 0.245936 0.008480 0.057107
0 1 0.806197 0.142897 0.029185 0.000277 0.021444
0 1 0.946443 0.035246 0.004620 0.000012 0.013679
0 1 0.465051 0.421310 0.082137 0.000376 0.031125
0 0 0.910091 0.034789 0.007760 0.000311 0.047050
0 0 0.955931 0.021902 0.004069 0.000067 0.018031
0 0 0.945074 0.026082 0.005366 0.000138 0.023340
0 0 0.875964 0.044212 0.007039 0.000068 0.072716
0 0 0.571804 0.167545 0.032875 0.000542 0.227234
0 0 0.444747 0.250713 0.033455 0.000087 0.270999
1 0 0.185023 0.460324 0.078505 0.000368 0.275779
1 1 0.217429 0.509545 0.088818 0.000384 0.183824
1 1 0.026716 0.372100 0.290005 0.006581 0.304599
1 1 0.042341 0.437494 0.237277 0.003832 0.279055
2 1 0.005567 0.160719 0.444051 0.011934 0.377729
2 1 0.006916 0.205169 0.440301 0.016524 0.331091
2 1 0.007145 0.218090 0.443667 0.017911 0.313187
4 4 0.028744 0.060886 0.026170 0.006138 0.878062
4 4 0.017563 0.017799 0.008334 0.001618 0.954686
4 4 0.013092 0.017990 0.012197 0.001505 0.955216
4 4 0.015055 0.026693 0.018131 0.002292 0.937829
4 4 0.032611 0.095192 0.041182 0.009902 0.821114
4 4 0.010750 0.021211 0.019741 0.001670 0.946627
4 4 0.026348 0.157945 0.100467 0.015709 0.699530
4 4 0.035276 0.130468 0.056370 0.013915 0.763972
4 4 0.019129 0.097049 0.080170 0.008748 0.794905
4 4 0.011222 0.019879 0.017054 0.001587 0.950258
4 4 0.008965 0.025928 0.032853 0.001930 0.930323
4 4 0.035570 0.103171 0.041182 0.010996 0.809081
4 4 0.018730 0.075438 0.059120 0.006748 0.839964
4 4 0.008040 0.022439 0.030542 0.001628 0.937350
4 4 0.034554 0.117309 0.050461 0.012417 0.785258
4 4 0.017804 0.049302 0.035169 0.004367 0.893357
4 4 0.029998 0.068052 0.028954 0.006931 0.866065
4 4 0.020873 0.071596 0.048382 0.006595 0.852554
4 4 0.019236 0.071276 0.053070 0.006422 0.849997
4 4 0.023578 0.053826 0.028159 0.005145 0.889291
4 4 0.012028 0.069134 0.088788 0.005505 0.824545
4 4 0.029393 0.133799 0.072418 0.013597 0.750793
4 4 0.014829 0.053519 0.049176 0.004505 0.877971
4 4 0.038065 0.191722 0.081764 0.021200 0.667249
4 4 0.021367 0.170647 0.138673 0.016207 0.653106
4 4 0.012587 0.098410 0.131566 0.007991 0.749446
4 4 0.012874 0.228084 0.296733 0.020336 0.441973
4 4 0.025531 0.156716 0.103222 0.015457 0.699074
4 4 0.011732 0.161915 0.243331 0.013450 0.569572
4 4 0.015072 0.083990 0.087943 0.007103 0.805892
2 4 0.004559 0.149648 0.484124 0.010723 0.350946
2 4 0.005217 0.193722 0.505651 0.015029 0.280381
2 4 0.003521 0.164953 0.578594 0.011961 0.240970
2 4 0.007487 0.221779 0.434256 0.018374 0.318103
2 4 0.005172 0.193057 0.507339 0.014954 0.279478
2 4 0.001696 0.118820 0.695427 0.007665 0.176392
2 4 0.003928 0.172718 0.558922 0.012757 0.251674
2 4 0.002919 0.151662 0.618385 0.011729 0.215304
2 4 0.004413 0.187165 0.588874 0.006206 0.213341
2 4 0.001961 0.121272 0.800095 0.005303 0.071368
2 1 0.002335 0.126840 0.756314 0.026308 0.088203
2 1 0.002479 0.131396 0.794436 0.009493 0.062196
2 1 0.001438 0.098543 0.815741 0.020452 0.063826
2 1 0.001799 0.104392 0.814121 0.032852 0.046835
2 1 0.001271 0.088391 0.830877 0.031941 0.047520
2 1 0.000391 0.041707 0.941569 0.008608 0.007724
2 1 0.000048 0.009684 0.951505 0.035196 0.003567
2 1 0.000053 0.012903 0.925312 0.057646 0.004086
2 2 0.000143 0.015283 0.968364 0.013891 0.002319
2 2 0.000026 0.005375 0.985625 0.007169 0.001805
2 2 0.006806 0.065733 0.756272 0.127641 0.043547
1 2 0.251957 0.473865 0.224232 0.005435 0.044511
1 2 0.333382 0.501745 0.102532 0.000637 0.061704
0 2 0.702395 0.220351 0.053219 0.000788 0.023248
1 2 0.264500 0.560140 0.096664 0.000287 0.078409
2 2 0.053067 0.378714 0.519941 0.018585 0.029693
2 2 0.040986 0.317857 0.567191 0.045628 0.028339
2 2 0.031162 0.283043 0.570926 0.077384 0.037484
2 2 0.088352 0.374378 0.491287 0.021298 0.024684
2 2 0.007734 0.129608 0.728671 0.117334 0.016653
2 2 0.030390 0.221205 0.709923 0.026500 0.011982
2 2 0.008735 0.214599 0.720507 0.023466 0.032694
2 2 0.003815 0.076128 0.885035 0.030812 0.004210
2 2 0.006619 0.140118 0.780938 0.056551 0.015774
2 2 0.001262 0.059208 0.916042 0.017322 0.006166
2 2 0.000055 0.002137 0.819742 0.178039 0.000027
2 2 0.000051 0.001692 0.851976 0.146261 0.000020
2 2 0.000039 0.003680 0.932597 0.063587 0.000097
2 2 0.000189 0.005337 0.786739 0.207647 0.000089
2 2 0.000171 0.005061 0.950108 0.044597 0.000063
2 2 0.000130 0.006135 0.890733 0.102847 0.000155
2 2 0.000213 0.006801 0.864191 0.128667 0.000128
2 2 0.000161 0.003236 0.786225 0.210214 0.000164
2 2 0.000459 0.010572 0.765965 0.222781 0.000222
2 2 0.000068 0.003863 0.657894 0.338040 0.000135
2 2 0.000215 0.004798 0.678726 0.316178 0.000083
2 2 0.000017 0.000526 0.513612 0.485836 0.000008
3 2 0.000007 0.000359 0.388177 0.611453 0.000004
3 3 0.000005 0.000297 0.257507 0.742187 0.000003
3 3 0.000001 0.000159 0.357755 0.642083 0.000002
3 3 0.000032 0.001197 0.371351 0.627396 0.000024
3 3 0.000024 0.000718 0.315830 0.683419 0.000008
3 3 0.000026 0.001102 0.316521 0.682329 0.000022
3 3 0.000016 0.000983 0.239291 0.759680 0.000030
3 3 0.000014 0.000493 0.275325 0.724162 0.000006
3 3 0.000085 0.001913 0.217333 0.780608 0.000061
3 3 0.000148 0.002149 0.173988 0.823660 0.000055
3 3 0.000150 0.001171 0.178626 0.819998 0.000055
3 3 0.000085 0.001283 0.100625 0.897938 0.000070
3 3 0.000055 0.000489 0.081724 0.917700 0.000032
3 3 0.000049 0.000727 0.076346 0.922854 0.000023
3 3 0.000032 0.000208 0.043410 0.956337 0.000013
3 3 0.000064 0.000292 0.056465 0.943158 0.000021
3 3 0.000110 0.000602 0.038811 0.960447 0.000029
3 3 0.000077 0.000297 0.035363 0.964237 0.000026
3 3 0.000231 0.001146 0.045820 0.952717 0.000086
3 3 0.000083 0.000428 0.051450 0.948013 0.000026
3 3 0.000099 0.000527 0.038642 0.960698 0.000033
3 3 0.000028 0.000140 0.041666 0.958158 0.000008
3 3 0.000062 0.000294 0.043634 0.955992 0.000019
3 3 0.000065 0.000119 0.014012 0.985790 0.000014
3 3 0.000393 0.000676 0.029970 0.968869 0.000093
3 3 0.000113 0.000193 0.025909 0.973765 0.000020
3 3 0.000400 0.000388 0.017278 0.981853 0.000081
3 3 0.000171 0.000140 0.008383 0.991280 0.000025
3 3 0.000167 0.000148 0.014684 0.984970 0.000032
3 3 0.000510 0.000222 0.008067 0.991142 0.000060
3 3 0.000108 0.000190 0.017560 0.982123 0.000019
3 3 0.000315 0.000234 0.014102 0.985292 0.000057
3 3 0.000254 0.000317 0.016650 0.982734 0.000045
3 3 0.000303 0.000153 0.007893 0.991614 0.000038
3 3 0.002009 0.000597 0.011836 0.985308 0.000251
3 3 0.000917 0.000212 0.007035 0.991727 0.000109
3 3 0.000963 0.000401 0.010394 0.988132 0.000111
3 3 0.001225 0.000592 0.013817 0.984136 0.000230
3 3 0.001377 0.000373 0.009087 0.989025 0.000138
3 3 0.001157 0.000363 0.010024 0.988268 0.000189
3 3 0.002507 0.000513 0.010332 0.986335 0.000313
3 3 0.001336 0.000356 0.009824 0.988332 0.000151
3 3 0.000598 0.000086 0.004341 0.994917 0.000059
3 3 0.002163 0.000229 0.006319 0.991031 0.000258
3 3 0.007370 0.001030 0.013503 0.977002 0.001095
3 3 0.002676 0.000448 0.009763 0.986686 0.000427
3 3 0.007347 0.000847 0.011564 0.979340 0.000901
3 3 0.046353 0.003731 0.021828 0.922795 0.005293
3 3 0.049204 0.026435 0.135743 0.775168 0.013449
2 3 0.104471 0.184163 0.460463 0.240077 0.010826
3 3 0.048435 0.077554 0.308951 0.558740 0.006320
3 3 0.066502 0.100339 0.376286 0.448584 0.008289
2 3 0.115286 0.228951 0.523579 0.123852 0.008333
2 3 0.011804 0.053584 0.482033 0.450507 0.002073
2 3 0.017738 0.051598 0.574290 0.354533 0.001841
2 3 0.043148 0.130932 0.598579 0.223218 0.004124
2 3 0.018185 0.077432 0.564881 0.336593 0.002910
2 3 0.020514 0.111387 0.609939 0.252862 0.005299
2 3 0.008230 0.081201 0.746283 0.159927 0.004360
2 3 0.006262 0.047879 0.689376 0.254644 0.001838
2 3 0.099720 0.272696 0.536402 0.078792 0.012390
2 3 0.004369 0.035365 0.772900 0.186115 0.001251
2 3 0.004098 0.051997 0.768378 0.172936 0.002590
2 3 0.000155 0.003905 0.773160 0.222737 0.000043
2 2 0.000070 0.002338 0.759923 0.237642 0.000027
2 2 0.000102 0.005225 0.770064 0.224468 0.000141
2 2 0.000026 0.000940 0.693565 0.305462 0.000007
2 2 0.000072 0.004142 0.743913 0.251780 0.000093
2 2 0.000270 0.007832 0.820777 0.170825 0.000295
2 2 0.001494 0.032881 0.852362 0.111632 0.001631
2 2 0.004700 0.031148 0.886367 0.076870 0.000915
2 2 0.022831 0.186654 0.625099 0.152010 0.013406
3 2 0.000860 0.016917 0.388159 0.592164 0.001899
2 2 0.000838 0.053765 0.859850 0.072919 0.012629
2 2 0.000214 0.027350 0.876444 0.083997 0.011995
2 2 0.000453 0.013502 0.945979 0.025047 0.015019
2 2 0.000980 0.074675 0.815590 0.063683 0.045072
2 2 0.001115 0.082371 0.821243 0.043722 0.051550
4 2 0.009256 0.077251 0.137514 0.005779 0.770200
4 4 0.010547 0.051617 0.070268 0.003970 0.863598
4 4 0.015290 0.240338 0.265478 0.022266 0.456628
4 4 0.010090 0.114643 0.198715 0.008929 0.667623
4 4 0.039055 0.281716 0.117324 0.032576 0.529329
4 4 0.014033 0.240743 0.286279 0.021998 0.436947
4 4 0.011521 0.160147 0.245019 0.013240 0.570073
4 4 0.022372 0.231482 0.178968 0.022936 0.544241
4 4 0.009636 0.096923 0.172625 0.007391 0.713425
4 4 0.009405 0.120916 0.225731 0.009322 0.634625
4 4 0.019186 0.154235 0.139603 0.014176 0.672799
4 4 0.012412 0.104282 0.143212 0.008460 0.731634
4 4 0.007067 0.058770 0.131826 0.004090 0.798247
4 4 0.016311 0.181531 0.196476 0.016327 0.589355
4 4 0.011081 0.124030 0.196625 0.009916 0.658348
4 4 0.014251 0.272053 0.304667 0.025609 0.383420
4 4 0.013312 0.185720 0.244721 0.016088 0.540158
4 4 0.012021 0.259061 0.338494 0.023541 0.366883
2 4 0.010625 0.249432 0.363378 0.022110 0.354456
4 4 0.004970 0.101510 0.342272 0.006835 0.544413
4 4 0.010318 0.063914 0.095678 0.004891 0.825198
4 4 0.011542 0.048413 0.057886 0.003815 0.878344
4 4 0.011759 0.147856 0.222344 0.012162 0.605880
4 4 0.023355 0.157310 0.114723 0.015179 0.689434
4 4 0.007888 0.029806 0.046681 0.002137 0.913489
2 4 0.005996 0.172264 0.440254 0.013098 0.368388
4 4 0.008752 0.168088 0.326512 0.013345 0.483303
4 4 0.005776 0.148540 0.411639 0.010888 0.423157
4 4 0.010593 0.221295 0.340479 0.019053 0.408579
2 4 0.007805 0.225065 0.425868 0.018793 0.322469
2 4 0.012082 0.250626 0.522788 0.013891 0.200612
2 4 0.018216 0.328948 0.384022 0.010791 0.258024
1 4 0.291253 0.419192 0.066323 0.000236 0.222995
1 1 0.117522 0.587389 0.134233 0.000418 0.160439
1 1 0.066893 0.493451 0.179004 0.003009 0.257643
2 1 0.010452 0.227386 0.623477 0.085919 0.052766
2 1 0.010023 0.217189 0.599879 0.117900 0.055008
2 1 0.007043 0.190211 0.708003 0.055834 0.038909
2 1 0.009703 0.227549 0.691474 0.030493 0.040781
2 1 0.002671 0.102503 0.747627 0.122681 0.024518
2 1 0.000605 0.024200 0.879937 0.093668 0.001589
2 1 0.005660 0.170216 0.761845 0.034268 0.028011
2 1 0.004029 0.118745 0.778115 0.081403 0.017708
2 2 0.000414 0.019471 0.879462 0.099341 0.001312
2 2 0.000494 0.022248 0.895376 0.080197 0.001684
2 2 0.020764 0.322607 0.632885 0.000400 0.023343
2 2 0.001927 0.098458 0.850115 0.029663 0.019837
2 2 0.000100 0.015145 0.942889 0.039736 0.002129
2 2 0.000226 0.015676 0.977904 0.004862 0.001332
2 2 0.000145 0.019231 0.958790 0.019417 0.002418
2 2 0.000212 0.011903 0.945120 0.042171 0.000595
2 2 0.000596 0.037329 0.906221 0.051911 0.003943
2 2 0.000360 0.011280 0.906589 0.081131 0.000640
2 2 0.000210 0.006692 0.946853 0.045789 0.000455
2 2 0.000222 0.015589 0.901363 0.081672 0.001153
2 2 0.000001 0.000857 0.998654 0.000447 0.000041
2 2 0.000002 0.001533 0.995552 0.002834 0.000079
2 2 0.000001 0.001215 0.998327 0.000404 0.000054
2 2 0.000001 0.000994 0.997512 0.001434 0.000060
2 2 0.000001 0.000762 0.993945 0.005235 0.000057
2 2 0.001240 0.025179 0.852803 0.119755 0.001023
2 2 0.001093 0.016283 0.907784 0.074210 0.000630
2 2 0.038709 0.248449 0.678281 0.023706 0.010854
2 2 0.007815 0.105209 0.665973 0.210153 0.010850
2 2 0.007513 0.087359 0.813938 0.086965 0.004225
2 2 0.003579 0.023262 0.864778 0.107897 0.000484
2 2 0.006804 0.096022 0.728586 0.162400 0.006189
2 2 0.011421 0.116788 0.745395 0.120150 0.006246
2 2 0.001956 0.032286 0.867263 0.097479 0.001016
2 2 0.005250 0.046206 0.893019 0.054660 0.000865
0 0 0.801801 0.109378 0.047162 0.002795 0.038864
0 0 0.805184 0.147284 0.028073 0.000188 0.019271
1 0 0.301157 0.528925 0.100344 0.000451 0.069123
0 1 0.544485 0.352293 0.075515 0.000558 0.027149
1 1 0.289911 0.510829 0.116547 0.001245 0.081468
1 1 0.243664 0.533450 0.122071 0.001264 0.099551
1 1 0.307954 0.462039 0.138676 0.003571 0.087761
0 1 0.817996 0.114372 0.025840 0.000544 0.041247
1 1 0.203918 0.574455 0.107569 0.000492 0.113566
1 1 0.223920 0.531642 0.126531 0.001732 0.116175
2 1 0.007445 0.151918 0.665049 0.154277 0.021311
2 1 0.001345 0.030855 0.668258 0.297468 0.002074
2 1 0.001472 0.041711 0.712403 0.240612 0.003801
2 1 0.000722 0.026108 0.842377 0.129081 0.001713
2 1 0.000532 0.009258 0.806213 0.183831 0.000165
2 2 0.003847 0.020480 0.739583 0.234668 0.001422
2 2 0.075513 0.208316 0.582296 0.126682 0.007193
2 2 0.018932 0.141450 0.581643 0.247111 0.010864
2 2 0.004448 0.047729 0.695387 0.250061 0.002376
2 2 0.051313 0.203560 0.601442 0.134784 0.008901
2 2 0.001046 0.023418 0.728926 0.245610 0.001001
3 2 0.000114 0.002322 0.489117 0.508403 0.000044
2 2 0.013835 0.097445 0.721926 0.163361 0.003433
2 2 0.000916 0.016222 0.563153 0.419066 0.000642
2 2 0.002097 0.010896 0.641158 0.345652 0.000196
2 2 0.001151 0.038790 0.916334 0.040975 0.002749
2 2 0.000959 0.020108 0.852457 0.122851 0.003625
2 2 0.003509 0.026235 0.898884 0.068751 0.002621
2 2 0.011503 0.053696 0.849979 0.079932 0.004890
2 2 0.038406 0.183206 0.587488 0.155771 0.035130
2 2 0.001198 0.033761 0.759942 0.202928 0.002171
2 2 0.000311 0.008957 0.665945 0.322614 0.002172
2 2 0.000208 0.014157 0.894042 0.090480 0.001113
2 2 0.001354 0.013439 0.901895 0.082350 0.000962
2 2 0.000126 0.006186 0.827544 0.165778 0.000365
2 2 0.000712 0.016507 0.865591 0.116070 0.001120
2 2 0.001649 0.024397 0.892043 0.080410 0.001500
2 2 0.000937 0.011283 0.849243 0.137070 0.001467
2 2 0.002035 0.030089 0.808055 0.157637 0.002184
2 2 0.047558 0.216749 0.628684 0.096094 0.010914
2 3 0.000152 0.018112 0.928243 0.051600 0.001893
2 3 0.000111 0.009365 0.910840 0.078711 0.000974
2 3 0.000062 0.005366 0.856025 0.138276 0.000270
2 3 0.000048 0.006471 0.921025 0.072010 0.000446
2 3 0.000052 0.004230 0.937975 0.057554 0.000189
2 3 0.000887 0.008528 0.811633 0.178765 0.000187
2 3 0.001065 0.006119 0.657660 0.334873 0.000282
2 3 0.322702 0.322581 0.334363 0.012661 0.007694
2 3 0.007341 0.073540 0.502896 0.410868 0.005354
2 3 0.014802 0.108716 0.506437 0.361830 0.008214
2 3 0.011180 0.082714 0.647366 0.255611 0.003129
3 3 0.000424 0.005278 0.398293 0.595884 0.000122
2 3 0.000111 0.002647 0.721540 0.275671 0.000031
3 3 0.000294 0.005216 0.492773 0.501590 0.000128
3 3 0.000293 0.003055 0.422107 0.574401 0.000144
2 2 0.000043 0.003398 0.793435 0.203024 0.000100
2 2 0.000025 0.002234 0.897961 0.099738 0.000042
2 2 0.000075 0.006100 0.920016 0.073595 0.000215
2 2 0.000020 0.001446 0.854158 0.144357 0.000018
2 2 0.000224 0.009899 0.833682 0.155847 0.000348
2 2 0.000077 0.005586 0.807257 0.186864 0.000216
2 2 0.000025 0.001739 0.709472 0.288727 0.000037
2 2 0.000090 0.005536 0.633410 0.360719 0.000245
2 2 0.000102 0.004412 0.706959 0.288423 0.000104
2 2 0.000081 0.005108 0.671013 0.323617 0.000181
2 2 0.000091 0.002826 0.528909 0.468119 0.000055
2 2 0.000139 0.004240 0.629268 0.366272 0.000080
2 2 0.000095 0.002598 0.507794 0.489468 0.000045
2 2 0.000162 0.006122 0.507551 0.485920 0.000245
3 2 0.000056 0.002237 0.346629 0.651008 0.000070
3 2 0.000015 0.000744 0.257270 0.741955 0.000016
3 2 0.000061 0.001740 0.428329 0.569846 0.000024
3 2 0.000107 0.002219 0.350211 0.647420 0.000042
3 2 0.000086 0.001666 0.349313 0.648910 0.000026
3 2 0.000006 0.000339 0.300082 0.699569 0.000004
3 2 0.009711 0.020134 0.430980 0.537291 0.001883
