4 0 0.182746 0.139785 0.004131 0.000000 0.673338
4 0 0.113387 0.206708 0.004677 0.000000 0.675228
4 0 0.274106 0.079905 0.004677 0.000000 0.641312
4 0 0.263632 0.096200 0.001144 0.000000 0.639023
4 0 0.141206 0.208195 0.005588 0.000000 0.645010
4 1 0.143892 0.262548 0.008689 0.000000 0.584872
1 0 0.069226 0.494727 0.002537 0.000000 0.433510
4 0 0.116585 0.213569 0.001345 0.000000 0.668501
4 0 0.087992 0.314117 0.003321 0.000000 0.594570
4 0 0.117220 0.325450 0.002372 0.000000 0.554959
4 1 0.008643 0.227193 0.006343 0.000000 0.757821
4 1 0.001401 0.168090 0.008328 0.000000 0.822180
4 1 0.001042 0.143916 0.007570 0.000000 0.847471
4 1 0.001004 0.164748 0.007725 0.000000 0.826523
4 1 0.002207 0.150891 0.004743 0.000000 0.842159
4 1 0.000963 0.118911 0.003557 0.000000 0.876568
4 1 0.002807 0.162466 0.005529 0.000000 0.829198
4 1 0.002037 0.162633 0.007126 0.000000 0.828204
4 1 0.002555 0.105142 0.007641 0.000000 0.884662
4 1 0.001196 0.122674 0.005109 0.000000 0.871021
4 1 0.000705 0.157482 0.012573 0.000000 0.829240
4 1 0.000407 0.122548 0.010752 0.000000 0.866293
4 1 0.000328 0.126975 0.011950 0.000000 0.860747
4 1 0.000660 0.145883 0.012226 0.000000 0.841231
4 1 0.001492 0.163931 0.010750 0.000000 0.823827
4 1 0.007358 0.325748 0.191588 0.000709 0.474597
1 1 0.006869 0.390306 0.229109 0.000904 0.372812
4 2 0.010516 0.242415 0.324499 0.008003 0.414567
1 2 0.012319 0.420913 0.167261 0.000482 0.399025
4 2 0.003065 0.275970 0.198538 0.000364 0.522063
2 2 0.001292 0.218855 0.587928 0.000192 0.191733
2 2 0.000556 0.065557 0.567877 0.000020 0.365989
2 2 0.000443 0.091156 0.571035 0.000275 0.337092
2 2 0.000549 0.111211 0.658033 0.000302 0.229904
2 2 0.000397 0.113969 0.729591 0.000776 0.155267
2 2 0.000890 0.047379 0.834429 0.040184 0.077117
2 2 0.001992 0.127460 0.704632 0.029023 0.136894
2 2 0.000916 0.061431 0.802718 0.045309 0.089626
2 2 0.000858 0.083907 0.773448 0.025075 0.116713
2 2 0.000499 0.018820 0.813849 0.135222 0.031611
2 2 0.001554 0.020993 0.526762 0.429810 0.020881
2 3 0.013505 0.054992 0.619895 0.289107 0.022500
2 3 0.004808 0.063339 0.605384 0.274114 0.052355
3 3 0.007363 0.037096 0.380950 0.537430 0.037161
3 3 0.004603 0.030491 0.409476 0.527014 0.028416
3 3 0.000676 0.000898 0.035125 0.963038 0.000264
3 3 0.000853 0.001382 0.050572 0.946639 0.000554
3 3 0.000813 0.001371 0.052195 0.945050 0.000571
3 3 0.000568 0.000895 0.040743 0.957483 0.000311
3 3 0.000857 0.001436 0.053011 0.944094 0.000602
3 3 0.000026 0.000046 0.011893 0.988026 0.000008
3 3 0.000123 0.000190 0.019971 0.979674 0.000043
3 3 0.000156 0.000236 0.021647 0.977904 0.000056
3 3 0.000106 0.000166 0.019036 0.980655 0.000037
3 3 0.000059 0.000098 0.015686 0.984137 0.000020
3 3 0.000042 0.000071 0.013949 0.985925 0.000014
3 3 0.000077 0.000124 0.017080 0.982694 0.000026
3 3 0.000036 0.000061 0.013219 0.986672 0.000012
3 3 0.000018 0.000033 0.010538 0.989405 0.000006
3 3 0.000042 0.000071 0.013924 0.985949 0.000014
3 3 0.000047 0.000079 0.014517 0.985341 0.000016
3 3 0.000054 0.000090 0.015196 0.984642 0.000018
3 3 0.000070 0.000114 0.016575 0.983217 0.000024
3 3 0.000044 0.000074 0.014153 0.985715 0.000014
3 3 0.000022 0.000040 0.011293 0.988638 0.000007
3 3 0.000027 0.000047 0.011987 0.987931 0.000009
3 3 0.000016 0.000030 0.010113 0.989837 0.000005
3 3 0.000073 0.000118 0.016793 0.982992 0.000025
3 3 0.000043 0.000073 0.014089 0.985781 0.000014
3 3 0.000045 0.000075 0.014249 0.985616 0.000015
3 3 0.000032 0.000055 0.012688 0.987215 0.000010
3 3 0.000040 0.000068 0.013712 0.986167 0.000013
3 3 0.000025 0.000045 0.011804 0.988118 0.000008
3 3 0.000061 0.000100 0.015798 0.984021 0.000020
3 3 0.000053 0.000088 0.015096 0.984745 0.000018
3 3 0.000041 0.000070 0.013832 0.986045 0.000013
3 3 0.000036 0.000062 0.013227 0.986664 0.000012
3 3 0.000017 0.000032 0.010400 0.989545 0.000005
3 3 0.000025 0.000044 0.011722 0.988201 0.000008
3 3 0.000009 0.000018 0.008430 0.991540 0.000003
3 3 0.000012 0.000023 0.009265 0.990695 0.000004
3 3 0.000025 0.000044 0.011737 0.988186 0.000008
3 3 0.000010 0.000020 0.008716 0.991251 0.000003
3 3 0.000010 0.000020 0.008713 0.991254 0.000003
3 3 0.000053 0.000088 0.015055 0.984788 0.000018
3 3 0.000017 0.000031 0.010282 0.989665 0.000005
3 3 0.000008 0.000016 0.008132 0.991841 0.000002
3 3 0.000018 0.000033 0.010506 0.989437 0.000006
3 3 0.000019 0.000035 0.010768 0.989171 0.000006
3 3 0.000017 0.000031 0.010310 0.989636 0.000005
3 3 0.000016 0.000030 0.010203 0.989745 0.000005
3 3 0.000008 0.000016 0.008151 0.991822 0.000003
3 3 0.000025 0.000044 0.011740 0.988183 0.000008
3 3 0.000013 0.000024 0.009428 0.990531 0.000004
3 3 0.000011 0.000020 0.008795 0.991171 0.000003
3 3 0.000012 0.000022 0.009129 0.990833 0.000004
3 3 0.000018 0.000033 0.010482 0.989462 0.000006
3 3 0.000016 0.000029 0.010090 0.989860 0.000005
3 3 0.000011 0.000020 0.008788 0.991179 0.000003
3 3 0.000012 0.000022 0.009136 0.990826 0.000004
3 3 0.000040 0.000069 0.013774 0.986103 0.000013
3 3 0.000027 0.000048 0.012118 0.987797 0.000009
3 3 0.000014 0.000027 0.009762 0.990192 0.000004
3 3 0.000032 0.000055 0.012729 0.987173 0.000010
3 3 0.000037 0.000064 0.013430 0.986456 0.000012
3 3 0.000043 0.000073 0.014054 0.985817 0.000014
3 3 0.000013 0.000025 0.009492 0.990466 0.000004
3 3 0.000012 0.000023 0.009269 0.990691 0.000004
3 3 0.000008 0.000017 0.008168 0.991805 0.000003
3 3 0.000010 0.000019 0.008591 0.991377 0.000003
3 3 0.000010 0.000020 0.008727 0.991239 0.000003
3 3 0.000021 0.000038 0.011028 0.988907 0.000007
3 3 0.000014 0.000027 0.009706 0.990249 0.000004
3 3 0.000015 0.000029 0.009988 0.989963 0.000005
3 3 0.000013 0.000025 0.009479 0.990479 0.000004
3 3 0.000013 0.000024 0.009377 0.990582 0.000004
3 3 0.000012 0.000023 0.009140 0.990822 0.000004
3 3 0.000015 0.000028 0.009952 0.989999 0.000005
3 3 0.000009 0.000017 0.008279 0.991692 0.000003
3 3 0.000009 0.000018 0.008476 0.991494 0.000003
3 3 0.000007 0.000015 0.007830 0.992146 0.000002
3 3 0.000011 0.000021 0.008841 0.991125 0.000003
3 3 0.000015 0.000027 0.009790 0.990164 0.000004
3 3 0.000014 0.000026 0.009611 0.990345 0.000004
3 3 0.000008 0.000016 0.008006 0.991968 0.000002
3 3 0.000022 0.000039 0.011203 0.988729 0.000007
3 3 0.000011 0.000020 0.008793 0.991173 0.000003
3 3 0.000018 0.000033 0.010501 0.989443 0.000006
3 3 0.000011 0.000022 0.009002 0.990962 0.000003
3 3 0.000008 0.000016 0.008076 0.991897 0.000002
3 3 0.000005 0.000011 0.006926 0.993057 0.000002
3 3 0.000008 0.000015 0.007843 0.992132 0.000002
3 3 0.000009 0.000018 0.008331 0.991640 0.000003
3 3 0.000008 0.000015 0.007913 0.992062 0.000002
3 3 0.000007 0.000013 0.007485 0.992493 0.000002
3 3 0.000005 0.000010 0.006782 0.993202 0.000001
3 3 0.000005 0.000011 0.007011 0.992971 0.000002
3 3 0.000012 0.000024 0.009287 0.990673 0.000004
3 3 0.000009 0.000018 0.008405 0.991565 0.000003
3 3 0.000008 0.000016 0.007982 0.991992 0.000002
3 3 0.000010 0.000019 0.008612 0.991356 0.000003
3 3 0.000012 0.000023 0.009187 0.990774 0.000004
3 3 0.000003 0.000007 0.005979 0.994009 0.000001
3 3 0.000013 0.000025 0.009443 0.990515 0.000004
3 3 0.000007 0.000014 0.007678 0.992298 0.000002
3 3 0.000009 0.000018 0.008420 0.991550 0.000003
3 3 0.000026 0.000045 0.011826 0.988095 0.000008
3 3 0.000008 0.000016 0.007995 0.991979 0.000002
3 3 0.000009 0.000017 0.008232 0.991740 0.000003
3 3 0.000009 0.000017 0.008212 0.991760 0.000003
3 3 0.000007 0.000013 0.007517 0.992462 0.000002
3 3 0.000017 0.000032 0.010371 0.989575 0.000005
3 3 0.000006 0.000011 0.007131 0.992850 0.000002
3 3 0.000007 0.000013 0.007508 0.992470 0.000002
3 3 0.000009 0.000018 0.008410 0.991560 0.000003
3 3 0.000008 0.000016 0.008150 0.991823 0.000003
3 3 0.000006 0.000012 0.007344 0.992636 0.000002
3 3 0.000007 0.000014 0.007631 0.992346 0.000002
3 3 0.000005 0.000010 0.006781 0.993203 0.000001
3 3 0.000018 0.000033 0.010481 0.989463 0.000006
3 3 0.000008 0.000015 0.007922 0.992052 0.000002
3 3 0.000008 0.000016 0.008120 0.991853 0.000002
3 3 0.000007 0.000013 0.007477 0.992502 0.000002
3 3 0.000018 0.000034 0.010598 0.989344 0.000006
3 3 0.000029 0.000052 0.012393 0.987517 0.000009
3 3 0.039585 0.048978 0.231960 0.663958 0.015519
3 2 0.018471 0.054992 0.267928 0.643017 0.015591
3 2 0.018302 0.048478 0.256038 0.663507 0.013675
3 2 0.022264 0.062769 0.270129 0.626129 0.018709
3 2 0.034540 0.083050 0.340798 0.520562 0.021050
1 2 0.048211 0.350856 0.284635 0.004122 0.312176
1 1 0.013795 0.364113 0.309993 0.010658 0.301441
1 1 0.013217 0.354549 0.309971 0.010537 0.311727
4 1 0.010049 0.290080 0.300596 0.009535 0.389740
2 1 0.009281 0.243509 0.372877 0.017021 0.357312
4 1 0.009296 0.318757 0.210036 0.001499 0.460412
4 1 0.002064 0.249246 0.203082 0.000299 0.545309
4 1 0.002944 0.204747 0.338979 0.003317 0.450012
4 1 0.004382 0.268819 0.198321 0.000635 0.527843
4 1 0.015658 0.366690 0.161358 0.000146 0.456147
1 1 0.039480 0.461785 0.121856 0.000607 0.376272
1 1 0.039191 0.419424 0.131417 0.000973 0.408995
4 1 0.043490 0.317761 0.105173 0.000895 0.532682
1 1 0.045926 0.512741 0.109644 0.000421 0.331269
4 1 0.044086 0.296286 0.117784 0.000498 0.541346
0 1 0.525153 0.292065 0.065522 0.000640 0.116620
0 1 0.603525 0.286150 0.038909 0.000049 0.071367
0 1 0.731756 0.153178 0.039073 0.000107 0.075886
0 0 0.653749 0.175801 0.045713 0.000029 0.124709
0 0 0.411600 0.345180 0.060695 0.001397 0.181128
0 0 0.749522 0.141475 0.012004 0.000031 0.096968
0 0 0.958241 0.024241 0.001245 0.000000 0.016273
0 0 0.839823 0.090198 0.005197 0.000005 0.064777
0 0 0.968859 0.012930 0.000540 0.000000 0.017671
0 0 0.932590 0.022932 0.000224 0.000000 0.044254
0 0 0.969345 0.014601 0.000591 0.000000 0.015464
0 0 0.986225 0.004733 0.000235 0.000000 0.008808
0 0 0.986037 0.006378 0.000359 0.000000 0.007226
0 0 0.876453 0.053545 0.002696 0.000000 0.067306
0 0 0.980715 0.007443 0.000510 0.000000 0.011331
4 0 0.159387 0.095860 0.011485 0.000002 0.733267
4 0 0.095975 0.117792 0.024553 0.000092 0.761588
4 0 0.183397 0.188013 0.016766 0.000008 0.611817
4 0 0.063288 0.225792 0.048516 0.000207 0.662197
4 0 0.127856 0.233716 0.025030 0.000005 0.613393
0 0 0.457213 0.321345 0.045576 0.000034 0.175832
0 0 0.565724 0.250267 0.031940 0.000065 0.152004
0 0 0.745534 0.101400 0.022280 0.000013 0.130772
0 0 0.515688 0.314005 0.030803 0.000073 0.139431
1 0 0.314488 0.429584 0.051341 0.000336 0.204250
1 0 0.222794 0.473505 0.089401 0.002393 0.211907
0 0 0.500646 0.290478 0.071466 0.000586 0.136824
0 0 0.610927 0.184704 0.052848 0.000269 0.151252
0 0 0.470325 0.326470 0.064745 0.000587 0.137873
0 0 0.642642 0.196214 0.071978 0.000715 0.088451
0 0 0.739136 0.113364 0.028817 0.000050 0.118633
0 0 0.565964 0.217328 0.022246 0.000008 0.194454
0 0 0.515102 0.185957 0.034723 0.000010 0.264208
1 0 0.266676 0.421633 0.051059 0.000678 0.259953
1 0 0.273075 0.415905 0.066260 0.002003 0.242757
1 0 0.134089 0.570424 0.080785 0.000674 0.214028
1 0 0.148854 0.543416 0.070393 0.000496 0.236841
1 0 0.158143 0.533720 0.069908 0.000147 0.238082
1 0 0.085195 0.577695 0.064798 0.000124 0.272188
4 0 0.276950 0.290571 0.073465 0.000075 0.358939
1 0 0.196279 0.463893 0.102749 0.000055 0.237024
1 0 0.170295 0.518874 0.105118 0.000230 0.205483
1 0 0.066988 0.615437 0.113390 0.000740 0.203444
1 0 0.082957 0.622318 0.108425 0.000439 0.185861
1 0 0.069437 0.662493 0.115873 0.000538 0.151659
1 1 0.032773 0.675921 0.208662 0.001569 0.081074
1 1 0.055628 0.653172 0.209360 0.001471 0.080369
1 1 0.029458 0.658416 0.206499 0.003341 0.102287
1 1 0.068425 0.619054 0.242974 0.001147 0.068400
1 0 0.204116 0.549416 0.157954 0.000445 0.088069
0 0 0.485906 0.329714 0.030303 0.000038 0.154039
1 0 0.391229 0.395560 0.032911 0.000078 0.180222
0 0 0.635731 0.240234 0.027360 0.000041 0.096634
0 0 0.618388 0.249450 0.021459 0.000013 0.110690
0 0 0.496790 0.343631 0.019293 0.000006 0.140280
1 0 0.190902 0.556341 0.100077 0.000720 0.151961
1 1 0.120161 0.574092 0.112763 0.002124 0.190860
1 1 0.136273 0.552852 0.109289 0.002423 0.199162
0 0 0.474904 0.324593 0.105234 0.001103 0.094164
0 0 0.543128 0.241957 0.053607 0.000033 0.161276
1 0 0.186832 0.467250 0.023677 0.000008 0.322233
1 0 0.137591 0.482108 0.044470 0.000047 0.335784
1 1 0.097325 0.525057 0.056896 0.000106 0.320617
1 1 0.206051 0.399961 0.041320 0.000006 0.352662
4 0 0.381069 0.179604 0.020327 0.000000 0.419000
0 0 0.826985 0.113802 0.012174 0.000005 0.047034
0 0 0.677413 0.232318 0.019881 0.000011 0.070377
0 0 0.595783 0.276278 0.017365 0.000002 0.110572
0 0 0.727862 0.175988 0.039449 0.000093 0.056607
1 0 0.345503 0.424189 0.048984 0.000251 0.181073
0 0 0.707634 0.185204 0.022775 0.000066 0.084321
0 0 0.850981 0.065408 0.012015 0.000006 0.071589
0 0 0.797487 0.114034 0.011153 0.000005 0.077321
0 0 0.753826 0.117453 0.028705 0.000104 0.099913
0 0 0.460102 0.310030 0.040082 0.000547 0.189240
4 0 0.138180 0.285870 0.051995 0.000083 0.523871
4 0 0.059021 0.354242 0.077942 0.000347 0.508448
1 0 0.068836 0.472422 0.091713 0.000446 0.366583
1 0 0.113342 0.473155 0.065249 0.000045 0.348210
4 0 0.168679 0.283225 0.045278 0.000003 0.502815
1 0 0.096759 0.503611 0.160983 0.000481 0.238166
1 0 0.119055 0.656290 0.116313 0.000170 0.108172
1 0 0.109846 0.666374 0.118923 0.000183 0.104674
1 0 0.092260 0.632645 0.143375 0.000306 0.131413
1 0 0.135000 0.608570 0.132142 0.000346 0.123942
1 0 0.119407 0.617071 0.191797 0.000737 0.070988
1 0 0.106555 0.620545 0.184845 0.000880 0.087174
1 1 0.047774 0.664773 0.227703 0.000852 0.058898
1 1 0.092029 0.663226 0.184065 0.000322 0.060357
1 1 0.100163 0.625479 0.201539 0.000920 0.071898
1 1 0.012391 0.615326 0.339537 0.001692 0.031054
1 1 0.014686 0.598459 0.356475 0.000899 0.029480
2 1 0.009076 0.433347 0.530701 0.001852 0.025024
1 1 0.009301 0.518302 0.433293 0.004272 0.034831
1 1 0.014247 0.536570 0.406983 0.002476 0.039724
1 1 0.176839 0.577054 0.148266 0.000785 0.097056
1 2 0.152052 0.576636 0.163772 0.001200 0.106340
1 2 0.230965 0.536253 0.129181 0.000144 0.103457
1 2 0.136891 0.619569 0.155140 0.000557 0.087842
1 2 0.115089 0.638285 0.154371 0.000570 0.091684
1 2 0.365822 0.387010 0.064319 0.000183 0.182666
0 0 0.521166 0.285151 0.081043 0.000256 0.112384
0 0 0.402727 0.259532 0.045898 0.000020 0.291823
0 0 0.517008 0.319567 0.043179 0.000179 0.120067
0 0 0.400723 0.389161 0.065120 0.000262 0.144733
1 0 0.171292 0.575573 0.129771 0.000922 0.122442
1 0 0.141306 0.567458 0.135319 0.001744 0.154174
1 0 0.100950 0.615077 0.151903 0.001741 0.130329
1 0 0.273765 0.444155 0.168096 0.000642 0.113342
1 0 0.256821 0.508352 0.111182 0.000160 0.123486
0 0 0.463665 0.204960 0.058101 0.000168 0.273106
0 0 0.337817 0.320423 0.024247 0.000003 0.317510
0 0 0.736983 0.100712 0.008132 0.000000 0.154173
0 0 0.453241 0.183925 0.015964 0.000001 0.346868
1 0 0.221994 0.399269 0.045587 0.000324 0.332825
1 1 0.212224 0.459389 0.098464 0.004733 0.225190
0 0 0.591857 0.217417 0.065246 0.000300 0.125180
0 0 0.490344 0.329951 0.081526 0.000528 0.097651
0 0 0.589230 0.227402 0.062438 0.000378 0.120552
0 0 0.702155 0.148528 0.042940 0.000022 0.106355
0 0 0.835577 0.078107 0.012806 0.000005 0.073506
0 0 0.554654 0.270992 0.032332 0.000212 0.141810
0 0 0.733550 0.092198 0.013654 0.000001 0.160597
0 0 0.775811 0.123518 0.030619 0.000090 0.069963
0 0 0.531040 0.305323 0.040873 0.000191 0.122572
0 0 0.707727 0.167570 0.051437 0.000252 0.073014
1 0 0.321631 0.443475 0.087053 0.000965 0.146876
1 0 0.335044 0.404391 0.129253 0.004263 0.127050
1 0 0.148787 0.533394 0.112718 0.003229 0.201871
1 0 0.336176 0.433061 0.112998 0.001474 0.116292
1 0 0.126915 0.573397 0.129222 0.002440 0.168025
1 1 0.090646 0.605521 0.130839 0.002346 0.170649
1 1 0.071554 0.608523 0.163623 0.004194 0.152105
1 2 0.083106 0.617323 0.132313 0.002112 0.165146
1 2 0.087374 0.600181 0.142512 0.003191 0.166742
0 0 0.636015 0.250200 0.025010 0.000033 0.088741
0 0 0.723909 0.193677 0.019119 0.000017 0.063278
0 0 0.750550 0.156122 0.021837 0.000106 0.071385
0 0 0.869618 0.071177 0.009328 0.000003 0.049874
0 0 0.875982 0.075391 0.010508 0.000011 0.038109
4 0 0.143918 0.255288 0.047048 0.000072 0.553674
4 1 0.112158 0.373594 0.043918 0.000031 0.470300
1 1 0.093880 0.494625 0.053553 0.000073 0.357870
1 1 0.090652 0.493169 0.092805 0.000676 0.322698
4 1 0.096558 0.403661 0.055648 0.000155 0.443978
0 0 0.494026 0.230413 0.014746 0.000004 0.260812
0 0 0.457647 0.166088 0.009639 0.000000 0.366625
0 0 0.644412 0.110767 0.009049 0.000009 0.235764
0 0 0.448966 0.275148 0.012105 0.000000 0.263781
0 0 0.581372 0.217488 0.020069 0.000003 0.181067
0 0 0.749219 0.143575 0.022060 0.000003 0.085143
0 0 0.751844 0.134044 0.043519 0.000130 0.070463
0 0 0.425804 0.399943 0.052938 0.000139 0.121177
1 0 0.172843 0.525687 0.081724 0.001248 0.218497
1 0 0.189346 0.506506 0.078581 0.001339 0.224228
1 1 0.208279 0.507838 0.118934 0.002431 0.162518
1 1 0.363370 0.435159 0.093983 0.000569 0.106919
1 0 0.271511 0.495074 0.096612 0.000720 0.136082
0 0 0.703943 0.196414 0.053556 0.000228 0.045860
0 0 0.602295 0.275937 0.044684 0.000119 0.076965
1 0 0.123480 0.599083 0.080094 0.000038 0.197305
1 0 0.178124 0.571355 0.069360 0.000020 0.181141
1 0 0.084378 0.608639 0.090127 0.000068 0.216788
1 1 0.055178 0.632715 0.105556 0.000398 0.206153
1 1 0.052895 0.643834 0.119590 0.000628 0.183054
4 1 0.061184 0.326200 0.032819 0.000018 0.579778
4 1 0.048488 0.392656 0.042822 0.000022 0.516012
4 1 0.060698 0.424808 0.047861 0.000039 0.466595
4 1 0.133373 0.179789 0.015744 0.000000 0.671093
4 0 0.239675 0.242507 0.017624 0.000000 0.500193
0 0 0.935504 0.043474 0.006350 0.000008 0.014663
0 0 0.964099 0.025226 0.004129 0.000003 0.006542
0 0 0.945002 0.041497 0.002738 0.000000 0.010763
0 0 0.889028 0.072928 0.013579 0.000042 0.024423
0 0 0.753180 0.174573 0.018347 0.000015 0.053884
0 0 0.695433 0.216372 0.041693 0.000074 0.046428
0 0 0.777265 0.153061 0.029927 0.000076 0.039671
0 0 0.843465 0.096917 0.026460 0.000252 0.032907
0 0 0.660115 0.227666 0.048219 0.000234 0.063766
0 0 0.921525 0.049938 0.006069 0.000006 0.022462
0 0 0.730369 0.201390 0.015575 0.000004 0.052662
0 0 0.886575 0.070398 0.009628 0.000002 0.033397
0 0 0.781699 0.140384 0.010402 0.000001 0.067514
0 0 0.771634 0.133328 0.009960 0.000001 0.085078
0 0 0.783319 0.153552 0.012119 0.000002 0.051008
0 0 0.683869 0.158567 0.010069 0.000000 0.147494
0 0 0.613468 0.214570 0.020361 0.000002 0.151599
0 0 0.568847 0.239753 0.021210 0.000011 0.170179
0 0 0.626674 0.211756 0.021718 0.000009 0.139843
0 0 0.472207 0.274052 0.044303 0.000122 0.209316
0 0 0.661220 0.194214 0.020614 0.000001 0.123951
1 0 0.370927 0.408600 0.038306 0.000037 0.182130
0 0 0.411111 0.279465 0.031897 0.000006 0.277522
0 0 0.689530 0.222170 0.022893 0.000008 0.065399
0 0 0.546082 0.313766 0.022210 0.000012 0.117929
0 0 0.620409 0.201223 0.009426 0.000000 0.168941
0 0 0.618682 0.190444 0.009915 0.000000 0.180959
0 0 0.593184 0.177017 0.012004 0.000001 0.217795
0 0 0.495030 0.251427 0.009568 0.000000 0.243975
0 0 0.477430 0.255483 0.010252 0.000001 0.256834
0 0 0.627900 0.248041 0.017678 0.000003 0.106379
0 0 0.500438 0.284388 0.014354 0.000006 0.200815
0 0 0.565822 0.154635 0.011782 0.000000 0.267761
0 0 0.650733 0.161022 0.016371 0.000000 0.171875
0 0 0.559619 0.223684 0.010339 0.000001 0.206357
0 0 0.463870 0.276540 0.012986 0.000001 0.246603
0 0 0.581694 0.158620 0.033323 0.000005 0.226358
0 0 0.584603 0.121186 0.008864 0.000000 0.285346
0 0 0.392990 0.322323 0.012384 0.000001 0.272303
4 0 0.308318 0.308686 0.014534 0.000002 0.368460
1 0 0.074530 0.496859 0.080261 0.000035 0.348315
1 1 0.070443 0.636541 0.066085 0.000026 0.226904
1 1 0.163532 0.512114 0.046714 0.000006 0.277633
1 0 0.174354 0.536383 0.040465 0.000001 0.248797
1 0 0.130422 0.632441 0.063744 0.000002 0.173391
0 0 0.538871 0.288808 0.015215 0.000006 0.157100
0 0 0.771222 0.142974 0.010680 0.000003 0.075121
0 0 0.907283 0.044055 0.003329 0.000000 0.045333
0 0 0.803185 0.110133 0.010055 0.000001 0.076626
0 0 0.787687 0.114230 0.012075 0.000005 0.086003
0 0 0.693919 0.208332 0.018785 0.000013 0.078951
0 0 0.862257 0.079548 0.016232 0.000014 0.041949
0 0 0.658380 0.229923 0.028991 0.000070 0.082635
0 0 0.718894 0.184994 0.021865 0.000053 0.074195
0 0 0.737639 0.177488 0.017639 0.000015 0.067220
4 0 0.330131 0.197612 0.012842 0.000000 0.459415
4 0 0.300791 0.253811 0.017110 0.000000 0.428288
1 0 0.138661 0.475265 0.019977 0.000002 0.366096
1 1 0.147237 0.491068 0.027670 0.000015 0.334009
1 1 0.140213 0.502023 0.035475 0.000036 0.322253
0 0 0.836283 0.093655 0.009365 0.000009 0.060688
0 0 0.886391 0.063800 0.004749 0.000003 0.045057
0 0 0.889505 0.055143 0.004844 0.000002 0.050506
0 0 0.820827 0.119933 0.011276 0.000012 0.047952
0 0 0.956864 0.020047 0.002495 0.000001 0.020593
0 0 0.943910 0.033765 0.004982 0.000002 0.017340
0 0 0.928489 0.052149 0.005696 0.000002 0.013663
0 0 0.896702 0.076018 0.005875 0.000001 0.021404
0 0 0.866751 0.095683 0.011055 0.000007 0.026504
0 0 0.917129 0.053518 0.009833 0.000032 0.019488
0 0 0.831891 0.064296 0.007783 0.000006 0.096024
0 0 0.575589 0.193776 0.017368 0.000004 0.213262
0 0 0.749743 0.104762 0.010615 0.000001 0.134880
0 0 0.787065 0.062765 0.010464 0.000006 0.139699
0 0 0.900311 0.028904 0.005024 0.000009 0.065753
0 0 0.865091 0.067678 0.019725 0.000921 0.046585
0 0 0.791339 0.124601 0.021188 0.000198 0.062673
0 0 0.865821 0.064101 0.011884 0.000025 0.058169
0 0 0.882473 0.058789 0.009160 0.000004 0.049574
0 0 0.915095 0.033682 0.005009 0.000005 0.046209
4 0 0.097095 0.087446 0.004663 0.000000 0.810795
4 0 0.077603 0.120830 0.004397 0.000000 0.797170
4 0 0.054069 0.157427 0.004137 0.000000 0.784367
4 1 0.021336 0.136375 0.006965 0.000000 0.835324
4 0 0.152285 0.038134 0.002977 0.000000 0.806604
0 0 0.884908 0.030113 0.002746 0.000001 0.082232
0 0 0.702042 0.038597 0.002236 0.000000 0.257126
0 0 0.879351 0.022724 0.003595 0.000000 0.094330
0 0 0.655534 0.149505 0.010218 0.000002 0.184741
0 0 0.451279 0.278624 0.011626 0.000004 0.258467
4 0 0.245598 0.072737 0.006341 0.000000 0.675323
4 0 0.153210 0.107782 0.011586 0.000000 0.727422
4 0 0.053482 0.263758 0.011757 0.000001 0.671003
4 0 0.039846 0.200228 0.010314 0.000001 0.749612
4 0 0.026321 0.169897 0.009322 0.000000 0.794460
4 0 0.002293 0.437247 0.051478 0.000000 0.508983
4 0 0.002610 0.325129 0.048343 0.000000 0.623917
4 1 0.001390 0.233781 0.049847 0.000000 0.714982
4 1 0.001607 0.232040 0.046902 0.000000 0.719451
4 1 0.006294 0.198646 0.025806 0.000000 0.769254
4 1 0.002618 0.156449 0.012241 0.000000 0.828691
4 1 0.008237 0.177333 0.011459 0.000000 0.802972
4 1 0.003660 0.177834 0.014652 0.000000 0.803854
4 1 0.007021 0.204119 0.012077 0.000000 0.776783
4 1 0.027082 0.238580 0.007609 0.000000 0.726729
4 4 0.122139 0.101361 0.003534 0.000000 0.772965
4 4 0.110054 0.151435 0.005528 0.000000 0.732983
4 4 0.236828 0.065775 0.004966 0.000000 0.692431
4 4 0.223264 0.057704 0.004395 0.000000 0.714637
4 4 0.087105 0.136339 0.004262 0.000000 0.772293
4 4 0.008200 0.090764 0.004621 0.000000 0.896415
4 4 0.054899 0.037410 0.003250 0.000000 0.904441
4 4 0.013176 0.134437 0.007847 0.000000 0.844540
4 2 0.015108 0.061647 0.003213 0.000000 0.920033
4 2 0.026486 0.076795 0.002716 0.000000 0.894003
4 2 0.010430 0.127490 0.005528 0.000000 0.856553
4 0 0.007980 0.143693 0.004895 0.000000 0.843431
4 0 0.014494 0.201119 0.006692 0.000000 0.777695
4 0 0.001607 0.136324 0.007641 0.000000 0.854428
4 1 0.001091 0.141633 0.012182 0.000000 0.845094
4 1 0.001992 0.286587 0.055965 0.000000 0.655456
4 1 0.002883 0.247813 0.042344 0.000000 0.706960
4 1 0.008003 0.276309 0.027285 0.000000 0.688402
4 1 0.001870 0.267116 0.039623 0.000000 0.691391
4 1 0.002585 0.267754 0.036873 0.000000 0.692788
4 1 0.143286 0.242110 0.018418 0.000013 0.596174
4 0 0.101616 0.099295 0.005778 0.000000 0.793310
4 0 0.257307 0.271092 0.012438 0.000001 0.459162
4 0 0.404210 0.071520 0.007787 0.000000 0.516484
4 0 0.415917 0.092014 0.003466 0.000000 0.488603
4 0 0.089658 0.206829 0.018688 0.000000 0.684826
4 1 0.011427 0.293130 0.046854 0.000003 0.648585
4 1 0.011639 0.288719 0.045119 0.000008 0.654515
4 1 0.005948 0.285951 0.050474 0.000005 0.657623
4 1 0.011076 0.314462 0.042573 0.000005 0.631885
1 1 0.003011 0.451249 0.278394 0.000074 0.267272
1 1 0.002658 0.378513 0.292860 0.000039 0.325930
4 1 0.001437 0.330905 0.281053 0.000009 0.386597
1 2 0.021369 0.411631 0.230009 0.000005 0.336986
4 2 0.004060 0.334280 0.274405 0.000004 0.387250
2 2 0.001065 0.225525 0.545517 0.000012 0.227881
2 2 0.001020 0.188292 0.611262 0.000018 0.199409
2 2 0.001445 0.295714 0.479896 0.000003 0.222941
2 2 0.000452 0.167003 0.703229 0.000089 0.129227
2 2 0.001258 0.231993 0.534057 0.000006 0.232687
2 2 0.000878 0.106920 0.817701 0.000085 0.074416
2 2 0.001272 0.164017 0.760350 0.000070 0.074292
2 2 0.000617 0.197807 0.754412 0.000251 0.046912
2 2 0.001037 0.198848 0.729750 0.000079 0.070286
2 2 0.000615 0.149012 0.808633 0.000425 0.041316
2 2 0.001883 0.099525 0.875862 0.008636 0.014095
2 2 0.003058 0.148029 0.809507 0.013181 0.026225
2 2 0.051721 0.389385 0.501348 0.020186 0.037359
2 2 0.003571 0.146705 0.830342 0.004074 0.015308
2 2 0.002341 0.104609 0.846175 0.023860 0.023015
2 2 0.001526 0.099714 0.881771 0.001458 0.015532
2 2 0.001679 0.141774 0.836613 0.000338 0.019595
2 2 0.001381 0.116244 0.858073 0.000786 0.023516
2 2 0.002844 0.107991 0.860978 0.003089 0.025098
2 2 0.001694 0.093434 0.892891 0.002522 0.009460
2 2 0.000887 0.060353 0.925616 0.004353 0.008791
2 2 0.000522 0.047923 0.937431 0.003311 0.010814
2 2 0.001167 0.101946 0.877119 0.003960 0.015809
2 2 0.002177 0.094333 0.873421 0.013003 0.017067
2 2 0.001012 0.086059 0.893027 0.004233 0.015669
2 2 0.000435 0.012399 0.939690 0.047045 0.000430
2 2 0.000474 0.006898 0.885402 0.106989 0.000238
2 2 0.002339 0.032851 0.873426 0.089930 0.001454
2 2 0.002721 0.026014 0.866447 0.104100 0.000719
2 2 0.002343 0.049449 0.878567 0.065746 0.003895
2 2 0.002937 0.015236 0.729027 0.252264 0.000537
2 2 0.002778 0.013542 0.625261 0.357808 0.000612
2 2 0.002709 0.009845 0.566110 0.420887 0.000449
3 2 0.001967 0.007231 0.492082 0.498372 0.000348
3 3 0.002974 0.013799 0.472944 0.509280 0.001003
2 3 0.006150 0.034389 0.684169 0.273250 0.002042
2 3 0.001671 0.013810 0.669894 0.313866 0.000759
2 3 0.001644 0.011190 0.664419 0.322217 0.000530
2 3 0.002478 0.016574 0.614634 0.365466 0.000849
3 3 0.002218 0.014977 0.405591 0.575226 0.001989
2 3 0.004585 0.024161 0.567868 0.401678 0.001708
3 3 0.002849 0.010087 0.489856 0.496629 0.000579
3 3 0.006638 0.021739 0.452408 0.517160 0.002055
2 3 0.002951 0.011664 0.584221 0.400615 0.000550
2 2 0.003524 0.009888 0.510335 0.475721 0.000532
3 3 0.008207 0.019475 0.368144 0.601882 0.002292
2 3 0.001090 0.007607 0.545117 0.445867 0.000319
2 3 0.001459 0.009003 0.601180 0.388005 0.000353
2 3 0.000957 0.005586 0.584882 0.408396 0.000179
2 3 0.001323 0.008007 0.557208 0.433128 0.000334
2 2 0.003677 0.021172 0.634365 0.339627 0.001159
3 2 0.002183 0.011169 0.457004 0.528753 0.000890
2 2 0.002082 0.010293 0.686270 0.301015 0.000340
2 2 0.004490 0.023998 0.751872 0.218666 0.000974
2 2 0.004572 0.029798 0.741905 0.222349 0.001377
2 0 0.036630 0.190265 0.607953 0.121331 0.043822
2 0 0.045246 0.229466 0.597279 0.072523 0.055486
2 1 0.015368 0.176397 0.554547 0.151929 0.101760
2 2 0.013853 0.084871 0.735296 0.116142 0.049838
2 2 0.010196 0.063763 0.854486 0.061778 0.009777
2 2 0.003327 0.099488 0.826305 0.047348 0.023531
2 2 0.006428 0.110653 0.830160 0.033393 0.019365
2 2 0.004472 0.128362 0.814972 0.023311 0.028883
2 2 0.003930 0.107382 0.843534 0.028814 0.016339
2 2 0.004170 0.118542 0.800804 0.047433 0.029051
2 2 0.003286 0.083724 0.836139 0.057408 0.019443
2 2 0.002062 0.035479 0.919666 0.036732 0.006061
2 2 0.004575 0.119814 0.810018 0.046750 0.018843
2 2 0.003305 0.100394 0.847362 0.036207 0.012733
2 2 0.004430 0.092460 0.831319 0.058535 0.013257
2 2 0.006589 0.036742 0.608499 0.345303 0.002867
2 2 0.004979 0.023785 0.553109 0.416384 0.001742
3 2 0.008747 0.025373 0.456501 0.506819 0.002560
3 2 0.051068 0.048850 0.412203 0.480242 0.007638
2 2 0.017893 0.057873 0.538225 0.379321 0.006689
2 2 0.014231 0.189774 0.616802 0.087174 0.092019
2 2 0.009052 0.189249 0.616391 0.085163 0.100144
2 2 0.003228 0.086692 0.835174 0.048119 0.026788
2 2 0.003163 0.099836 0.727199 0.096725 0.073077
2 2 0.002116 0.075587 0.848635 0.040765 0.032896
2 2 0.005321 0.117607 0.719560 0.091122 0.066389
2 2 0.010920 0.244046 0.582944 0.064234 0.097856
2 2 0.008554 0.198588 0.676292 0.045134 0.071432
2 2 0.049756 0.202411 0.396366 0.044573 0.306894
2 2 0.009699 0.204123 0.610268 0.082141 0.093770
2 2 0.002406 0.102103 0.766113 0.060741 0.068636
2 2 0.001315 0.080473 0.870912 0.019308 0.027991
2 2 0.001458 0.092074 0.843721 0.024251 0.038497
2 2 0.000662 0.044774 0.915397 0.011892 0.027276
2 2 0.001753 0.101700 0.856128 0.014240 0.026179
2 2 0.002386 0.058177 0.848661 0.078315 0.012461
2 2 0.001236 0.030479 0.895755 0.065263 0.007267
2 2 0.002655 0.067608 0.842293 0.071748 0.015695
2 2 0.002670 0.085366 0.789669 0.096485 0.025809
2 2 0.003092 0.060089 0.726435 0.186481 0.023903
2 2 0.007370 0.071920 0.542535 0.358896 0.019278
2 2 0.007309 0.075939 0.668799 0.233611 0.014342
2 2 0.004657 0.056045 0.595098 0.330152 0.014048
2 2 0.015452 0.110367 0.721920 0.126158 0.026103
2 2 0.017303 0.112288 0.679635 0.178599 0.012176
2 2 0.004299 0.065921 0.770747 0.146529 0.012503
2 2 0.002209 0.063818 0.860033 0.066131 0.007809
2 2 0.003047 0.059684 0.844739 0.086440 0.006090
2 2 0.006499 0.071793 0.794797 0.122728 0.004183
2 2 0.003100 0.038926 0.879767 0.076314 0.001894
2 2 0.007598 0.102454 0.802828 0.081888 0.005233
2 2 0.007501 0.093567 0.777869 0.115557 0.005506
2 2 0.006279 0.068784 0.784796 0.135871 0.004269
2 2 0.013038 0.121729 0.758227 0.099105 0.007901
2 2 0.011066 0.119953 0.757192 0.103906 0.007883
2 2 0.006142 0.052530 0.646842 0.289800 0.004686
2 2 0.004788 0.040775 0.721127 0.230722 0.002588
2 2 0.007763 0.049552 0.634643 0.304027 0.004014
2 2 0.005642 0.025986 0.591652 0.374712 0.002008
2 2 0.006973 0.040927 0.631632 0.317389 0.003078
3 2 0.005887 0.021929 0.424526 0.545392 0.002265
3 2 0.005033 0.016525 0.367296 0.609358 0.001788
3 2 0.005840 0.022973 0.384741 0.583689 0.002758
2 2 0.007179 0.031620 0.518413 0.439848 0.002941
2 3 0.003876 0.014426 0.506775 0.473978 0.000945
2 3 0.004697 0.026771 0.483551 0.482445 0.002536
3 3 0.007599 0.016329 0.375754 0.598600 0.001717
2 3 0.004476 0.025907 0.554684 0.412969 0.001965
3 3 0.004845 0.017391 0.480115 0.496296 0.001353
2 3 0.005332 0.024295 0.485642 0.482543 0.002188
2 3 0.006938 0.032703 0.641995 0.316206 0.002158
2 3 0.005785 0.036409 0.757800 0.198267 0.001738
2 3 0.005631 0.033527 0.641406 0.317199 0.002237
2 3 0.007936 0.043782 0.572709 0.371535 0.004038
2 3 0.004450 0.041037 0.634915 0.316553 0.003046
3 3 0.003872 0.011478 0.327383 0.656076 0.001191
3 3 0.002221 0.008542 0.318487 0.669966 0.000784
3 3 0.004390 0.013741 0.292807 0.687280 0.001782
3 3 0.002760 0.010287 0.313279 0.672614 0.001060
3 3 0.003673 0.009292 0.307672 0.678429 0.000934
3 3 0.022315 0.045489 0.294895 0.626717 0.010584
3 3 0.091647 0.077306 0.326622 0.484476 0.019949
2 0 0.187958 0.207571 0.470051 0.098408 0.036013
2 0 0.173642 0.243630 0.501749 0.052820 0.028158
2 0 0.246575 0.262418 0.430376 0.027696 0.032935
2 0 0.008257 0.273172 0.578548 0.037291 0.102732
2 0 0.016847 0.273560 0.548915 0.045045 0.115634
2 1 0.010591 0.237854 0.602549 0.074781 0.074225
2 1 0.002008 0.108167 0.824534 0.032049 0.033242
2 1 0.002477 0.085174 0.804133 0.072306 0.035909
2 2 0.001940 0.064121 0.908744 0.015134 0.010061
2 2 0.002423 0.065244 0.900214 0.024009 0.008110
2 2 0.002314 0.060533 0.909858 0.019683 0.007612
2 2 0.000874 0.032113 0.947659 0.015052 0.004302
2 2 0.000790 0.050094 0.922492 0.017225 0.009399
2 2 0.002205 0.023851 0.751217 0.221320 0.001407
2 2 0.003983 0.031636 0.764973 0.197728 0.001681
2 2 0.003020 0.023176 0.768962 0.203973 0.000869
2 2 0.002755 0.029120 0.787579 0.179419 0.001127
2 2 0.001728 0.015856 0.763234 0.218363 0.000819
2 2 0.003658 0.063308 0.834065 0.090937 0.008032
2 2 0.005850 0.122014 0.785027 0.071663 0.015446
2 2 0.003971 0.095203 0.818868 0.071440 0.010518
2 2 0.008307 0.116846 0.787694 0.077510 0.009642
2 2 0.005731 0.144101 0.757959 0.074812 0.017398
2 2 0.003109 0.026835 0.738239 0.230072 0.001746
2 2 0.004924 0.041764 0.704450 0.246211 0.002651
2 2 0.002550 0.023491 0.726693 0.245881 0.001385
2 2 0.001696 0.024988 0.710378 0.260392 0.002546
2 2 0.001420 0.021958 0.689547 0.285083 0.001992
2 2 0.003450 0.020067 0.568453 0.406738 0.001291
2 2 0.003625 0.017885 0.519184 0.458053 0.001254
2 2 0.003434 0.017129 0.539092 0.439236 0.001110
2 2 0.003538 0.015819 0.551560 0.428132 0.000952
3 2 0.005421 0.019187 0.452346 0.521342 0.001703
3 2 0.001461 0.002790 0.185832 0.809650 0.000267
3 3 0.001694 0.004758 0.178517 0.814408 0.000623
3 3 0.002949 0.005526 0.130809 0.859622 0.001094
3 3 0.002420 0.005805 0.199042 0.791984 0.000750
3 3 0.001425 0.003116 0.130301 0.864699 0.000459
3 3 0.001245 0.003000 0.248554 0.746985 0.000215
3 3 0.002874 0.008156 0.253018 0.734992 0.000960
3 3 0.001413 0.004073 0.251762 0.742415 0.000336
3 3 0.004134 0.013824 0.307246 0.673098 0.001698
3 3 0.001424 0.005500 0.259800 0.732766 0.000510
3 3 0.002023 0.004835 0.209227 0.783377 0.000538
3 3 0.002350 0.005606 0.205914 0.785444 0.000686
3 3 0.000817 0.001883 0.124286 0.872790 0.000224
3 3 0.002046 0.004512 0.121886 0.870693 0.000863
3 3 0.000674 0.002163 0.177744 0.819231 0.000188
3 3 0.000715 0.001013 0.078719 0.919411 0.000141
3 3 0.001077 0.001912 0.117240 0.879526 0.000245
3 3 0.001487 0.001726 0.096640 0.899890 0.000258
3 3 0.000701 0.001296 0.079783 0.918020 0.000201
3 3 0.000236 0.000363 0.038748 0.960593 0.000060
3 3 0.000185 0.000261 0.030243 0.969265 0.000047
3 3 0.000127 0.000186 0.026171 0.973485 0.000032
3 3 0.000157 0.000225 0.028325 0.971253 0.000040
3 3 0.000143 0.000216 0.021863 0.977730 0.000048
3 3 0.000213 0.000314 0.023995 0.975400 0.000078
3 3 0.000100 0.000157 0.018626 0.981083 0.000035
3 3 0.000156 0.000236 0.021618 0.977935 0.000056
3 3 0.000131 0.000201 0.020394 0.979229 0.000046
3 3 0.000129 0.000198 0.020283 0.979345 0.000045
3 3 0.000074 0.000119 0.016838 0.982945 0.000025
3 3 0.000142 0.000217 0.020963 0.978628 0.000050
3 3 0.000105 0.000164 0.018953 0.980742 0.000037
3 3 0.000089 0.000141 0.017942 0.981797 0.000031
3 3 0.000072 0.000117 0.016741 0.983045 0.000025
3 3 0.000093 0.000147 0.018217 0.981510 0.000032
3 3 0.000057 0.000094 0.015455 0.984375 0.000019
3 3 0.000078 0.000126 0.017197 0.982572 0.000027
3 3 0.000084 0.000134 0.017596 0.982157 0.000029
3 3 0.000096 0.000151 0.018381 0.981339 0.000033
3 3 0.000127 0.000195 0.020193 0.979440 0.000045
3 3 0.000075 0.000120 0.016914 0.982865 0.000025
3 3 0.000070 0.000114 0.016571 0.983221 0.000024
3 3 0.000071 0.000115 0.016628 0.983163 0.000024
3 3 0.000038 0.000065 0.013512 0.986372 0.000012
3 3 0.000069 0.000112 0.016468 0.983328 0.000023
3 3 0.000036 0.000062 0.013234 0.986657 0.000012
3 3 0.000101 0.000159 0.018718 0.980987 0.000035
3 3 0.000094 0.000149 0.018306 0.981417 0.000033
3 3 0.000102 0.000160 0.018789 0.980912 0.000036
3 3 0.000064 0.000105 0.016062 0.983748 0.000022
3 3 0.000066 0.000107 0.016224 0.983581 0.000022
3 3 0.000109 0.000170 0.019187 0.980496 0.000038
3 3 0.000014 0.000027 0.009731 0.990223 0.000004
3 3 0.000050 0.000084 0.014815 0.985034 0.000017
3 3 0.000060 0.000099 0.015734 0.984087 0.000020
3 3 0.000047 0.000080 0.014538 0.985320 0.000016
3 3 0.000086 0.000136 0.017709 0.982040 0.000029
3 3 0.000105 0.000164 0.018953 0.980741 0.000037
3 3 0.000036 0.000061 0.013220 0.986671 0.000012
3 3 0.000032 0.000055 0.012698 0.987206 0.000010
3 3 0.000019 0.000034 0.010630 0.989312 0.000006
3 3 0.000040 0.000069 0.013782 0.986096 0.000013
3 3 0.000026 0.000047 0.011946 0.987973 0.000008
3 3 0.000027 0.000048 0.012072 0.987844 0.000009
3 3 0.000029 0.000050 0.012266 0.987646 0.000009
3 3 0.000046 0.000077 0.014363 0.985499 0.000015
3 3 0.000009 0.000018 0.008455 0.991515 0.000003
3 3 0.000028 0.000049 0.012139 0.987776 0.000009
3 3 0.000030 0.000052 0.012435 0.987474 0.000010
3 3 0.000014 0.000026 0.009599 0.990357 0.000004
3 3 0.000035 0.000061 0.013183 0.986709 0.000012
3 3 0.000028 0.000050 0.012240 0.987673 0.000009
3 3 0.000068 0.000111 0.016421 0.983377 0.000023
3 3 0.000071 0.000115 0.016646 0.983143 0.000024
3 3 0.000077 0.000123 0.017072 0.982701 0.000026
3 3 0.000022 0.000040 0.011256 0.988675 0.000007
3 3 0.000019 0.000035 0.010733 0.989207 0.000006
3 3 0.000012 0.000023 0.009168 0.990794 0.000004
3 3 0.000025 0.000045 0.011810 0.988111 0.000008
3 3 0.000017 0.000031 0.010315 0.989631 0.000005
3 3 0.000039 0.000066 0.013579 0.986303 0.000013
3 3 0.000035 0.000061 0.013196 0.986696 0.000012
3 3 0.000046 0.000078 0.014441 0.985419 0.000015
3 3 0.000027 0.000048 0.012060 0.987857 0.000009
3 3 0.000034 0.000059 0.013011 0.986886 0.000011
3 3 0.000024 0.000043 0.011628 0.988296 0.000008
3 3 0.000031 0.000054 0.012616 0.987288 0.000010
3 3 0.000018 0.000034 0.010587 0.989355 0.000006
3 3 0.000035 0.000061 0.013147 0.986746 0.000011
3 3 0.000018 0.000033 0.010538 0.989405 0.000006
3 3 0.000375 0.000525 0.028936 0.970022 0.000141
3 3 0.001456 0.001805 0.045133 0.951011 0.000595
3 3 0.002334 0.002773 0.052567 0.941344 0.000982
3 2 0.052128 0.037860 0.215442 0.682366 0.012204
3 2 0.009306 0.013954 0.132078 0.840081 0.004582
4 2 0.013052 0.246033 0.212824 0.004829 0.523263
4 2 0.006125 0.249701 0.285410 0.005433 0.453331
4 2 0.003734 0.274004 0.274299 0.001831 0.446132
4 2 0.007792 0.338717 0.225272 0.001359 0.426860
4 2 0.008764 0.357365 0.192030 0.000739 0.441102
4 2 0.014699 0.130419 0.021838 0.000007 0.833037
4 2 0.020903 0.129750 0.022823 0.000013 0.826512
4 4 0.042602 0.033712 0.008033 0.000039 0.915613
4 4 0.051949 0.017366 0.005589 0.000005 0.925092
4 4 0.071139 0.100275 0.012670 0.000000 0.815916
4 4 0.172041 0.199708 0.041506 0.000058 0.586686
4 4 0.153054 0.320138 0.037985 0.000004 0.488819
4 4 0.065356 0.195647 0.050430 0.000369 0.688198
4 4 0.065999 0.111371 0.031526 0.000172 0.790932
4 4 0.087668 0.064921 0.012922 0.000032 0.834457
4 4 0.028152 0.167355 0.028418 0.000012 0.776063
4 4 0.067074 0.090437 0.021800 0.000004 0.820687
4 4 0.084821 0.069196 0.034085 0.000133 0.811764
4 4 0.026328 0.123150 0.030932 0.000062 0.819528
4 4 0.025493 0.098517 0.019135 0.000016 0.856839
4 4 0.056269 0.015284 0.002638 0.000001 0.925808
4 4 0.075175 0.089753 0.008816 0.000001 0.826256
4 4 0.104137 0.041468 0.005607 0.000005 0.848784
4 4 0.071571 0.051677 0.005824 0.000000 0.870928
4 4 0.060552 0.064748 0.007011 0.000004 0.867685
4 4 0.073953 0.091099 0.007246 0.000003 0.827697
4 4 0.069800 0.072441 0.010270 0.000021 0.847468
4 4 0.120841 0.086541 0.011780 0.000000 0.780838
4 4 0.056154 0.030408 0.010318 0.000161 0.902960
4 4 0.159534 0.039499 0.006952 0.000001 0.794014
4 4 0.071261 0.029007 0.001492 0.000000 0.898239
4 4 0.047125 0.032478 0.005476 0.000013 0.914908
4 4 0.235131 0.043608 0.006166 0.000004 0.715092
4 4 0.459703 0.015541 0.001645 0.000000 0.523111
4 4 0.156784 0.007552 0.000617 0.000000 0.835046
4 4 0.264534 0.062566 0.018635 0.000196 0.654069
4 4 0.463092 0.052507 0.013582 0.000022 0.470797
4 4 0.105756 0.134414 0.213100 0.036960 0.509771
4 4 0.090939 0.123055 0.140154 0.044111 0.601742
4 4 0.134733 0.131736 0.038525 0.001229 0.693777
0 4 0.563615 0.127719 0.023018 0.000407 0.285241
0 4 0.500550 0.136402 0.022840 0.000003 0.340205
0 4 0.607806 0.116258 0.030516 0.000140 0.245280
4 4 0.199470 0.068765 0.022099 0.000374 0.709291
4 4 0.286216 0.297523 0.026198 0.000027 0.390036
4 4 0.032532 0.047778 0.005053 0.000002 0.914636
4 4 0.110031 0.021024 0.001938 0.000001 0.867007
4 4 0.098998 0.016464 0.003599 0.000001 0.880937
4 4 0.246156 0.016705 0.002498 0.000000 0.734640
4 4 0.142314 0.033140 0.004265 0.000000 0.820281
4 4 0.009499 0.001572 0.000123 0.000000 0.988806
4 4 0.098387 0.004577 0.000285 0.000000 0.896751
4 4 0.070429 0.002544 0.000177 0.000000 0.926850
4 4 0.033516 0.007311 0.000265 0.000000 0.958909
4 4 0.043079 0.003228 0.000136 0.000000 0.953557
4 4 0.013893 0.006761 0.000462 0.000000 0.978883
