0 0 0.994592 0.003378 0.000749 0.000199 0.001082
0 0 0.995385 0.002996 0.000695 0.000322 0.000602
0 0 0.995007 0.003200 0.000727 0.000257 0.000809
0 0 0.996648 0.002211 0.000470 0.000140 0.000531
0 0 0.995939 0.002657 0.000593 0.000222 0.000589
0 0 0.975970 0.012483 0.003308 0.000904 0.007336
0 0 0.990434 0.005558 0.001307 0.000323 0.002377
0 0 0.988060 0.007161 0.001666 0.000335 0.002779
0 0 0.846074 0.118091 0.026360 0.001071 0.008404
0 0 0.980234 0.010611 0.002731 0.000715 0.005709
0 0 0.683610 0.234264 0.049493 0.000594 0.032040
0 0 0.668754 0.252011 0.054160 0.000781 0.024294
0 0 0.711362 0.201329 0.047254 0.001121 0.038934
0 0 0.549934 0.330174 0.079164 0.001574 0.039153
1 1 0.196670 0.501960 0.179230 0.014427 0.107714
2 2 0.000191 0.052697 0.942076 0.001915 0.003121
2 2 0.000050 0.033642 0.965062 0.000167 0.001078
2 2 0.000027 0.020783 0.978278 0.000239 0.000672
2 2 0.000004 0.005016 0.994668 0.000132 0.000180
2 2 0.000022 0.015982 0.983020 0.000389 0.000587
2 2 0.000004 0.002766 0.995351 0.001699 0.000180
2 2 0.000003 0.001597 0.996796 0.001458 0.000146
2 2 0.000006 0.003734 0.987619 0.008460 0.000182
2 2 0.000041 0.015547 0.980115 0.003262 0.001035
2 2 0.000007 0.002931 0.994333 0.002414 0.000315
2 2 0.000055 0.014593 0.980832 0.002951 0.001569
2 2 0.000054 0.012894 0.983022 0.002350 0.001680
2 2 0.000049 0.011142 0.985906 0.000993 0.001910
2 2 0.000159 0.038337 0.956221 0.002217 0.003066
2 2 0.000806 0.068922 0.923628 0.001935 0.004708
1 1 0.317564 0.506370 0.143297 0.005983 0.026787
1 0 0.359036 0.479944 0.133617 0.006039 0.021363
0 0 0.457090 0.384065 0.115398 0.007634 0.035813
0 0 0.654272 0.253886 0.063334 0.002312 0.026197
1 0 0.384985 0.455495 0.130305 0.007426 0.021789
1 1 0.007506 0.651640 0.313116 0.000033 0.027705
2 2 0.002797 0.384447 0.585190 0.000113 0.027453
2 2 0.000521 0.117939 0.872590 0.000169 0.008780
2 4 0.001476 0.140357 0.828784 0.000355 0.029028
1 4 0.005945 0.572944 0.371273 0.000036 0.049801
1 4 0.043248 0.454892 0.062765 0.000002 0.439093
1 4 0.044620 0.445675 0.074728 0.000009 0.434968
1 4 0.041503 0.469069 0.052830 0.000000 0.436597
4 4 0.046991 0.365023 0.049423 0.000002 0.538562
4 4 0.046614 0.388681 0.056795 0.000003 0.507907
4 4 0.049739 0.211223 0.029650 0.000001 0.709386
4 4 0.047040 0.367093 0.050581 0.000002 0.535283
4 4 0.045896 0.394694 0.053482 0.000002 0.505927
4 4 0.046011 0.381258 0.048645 0.000001 0.524084
4 4 0.050377 0.249784 0.037740 0.000003 0.662096
1 4 0.183990 0.479289 0.046558 0.000000 0.290162
1 4 0.040085 0.491687 0.052380 0.000000 0.415847
1 4 0.061245 0.524705 0.058500 0.000001 0.355550
1 4 0.039417 0.481406 0.041353 0.000000 0.437823
1 4 0.043252 0.455884 0.063628 0.000002 0.437234
1 4 0.039949 0.478190 0.043932 0.000000 0.437929
4 4 0.043339 0.427303 0.047655 0.000000 0.481702
4 4 0.041314 0.433524 0.036675 0.000000 0.488486
1 4 0.040450 0.475078 0.046498 0.000000 0.437973
4 4 0.043270 0.427097 0.047043 0.000000 0.482589
4 4 0.048152 0.357386 0.055116 0.000004 0.539341
1 4 0.040103 0.463362 0.039106 0.000000 0.457428
4 4 0.047112 0.337285 0.041390 0.000001 0.574213
4 4 0.040467 0.458449 0.039693 0.000000 0.461391
1 4 0.041419 0.464065 0.049260 0.000000 0.445255
4 4 0.049296 0.350141 0.061654 0.000011 0.538898
4 4 0.051835 0.171637 0.031972 0.000009 0.744546
4 4 0.084476 0.409255 0.055179 0.000003 0.451087
4 4 0.096764 0.339595 0.060567 0.000020 0.503055
4 4 0.045897 0.420314 0.069657 0.000008 0.464124
1 4 0.046289 0.432312 0.093517 0.000065 0.427817
4 4 0.045468 0.436029 0.079005 0.000017 0.439481
4 4 0.200747 0.196557 0.034587 0.000019 0.568090
4 4 0.068142 0.262824 0.044715 0.000008 0.624310
4 4 0.047279 0.325043 0.039163 0.000001 0.588515
1 4 0.029873 0.648832 0.057925 0.000000 0.263370
1 4 0.038997 0.527692 0.071431 0.000002 0.361878
1 4 0.071150 0.667215 0.061610 0.000000 0.200024
1 4 0.031190 0.635457 0.076438 0.000001 0.256913
4 4 0.046513 0.414420 0.073353 0.000014 0.465701
1 4 0.036599 0.729136 0.055450 0.000000 0.178815
1 4 0.024392 0.719876 0.065463 0.000000 0.190269
1 4 0.026172 0.690852 0.096421 0.000003 0.186552
1 4 0.020240 0.697295 0.103983 0.000000 0.178481
1 4 0.023195 0.728636 0.083982 0.000001 0.164186
1 4 0.003375 0.669146 0.300633 0.000001 0.026846
1 4 0.004354 0.663991 0.295352 0.000002 0.036301
1 2 0.002690 0.499041 0.464475 0.000001 0.033793
2 2 0.000818 0.240205 0.748163 0.000027 0.010787
2 2 0.000776 0.184206 0.793434 0.000000 0.021584
2 2 0.000184 0.074928 0.920808 0.000029 0.004051
2 2 0.000155 0.044614 0.949412 0.000007 0.005811
2 2 0.000194 0.038561 0.952502 0.000007 0.008736
2 2 0.000086 0.016071 0.978959 0.000025 0.004859
2 2 0.000074 0.026998 0.970376 0.000035 0.002517
2 2 0.003272 0.012910 0.942927 0.040542 0.000348
2 2 0.003477 0.012711 0.907134 0.076206 0.000473
2 2 0.000270 0.009884 0.931742 0.057114 0.000991
2 2 0.001371 0.014215 0.873139 0.110305 0.000969
2 2 0.002677 0.010578 0.878633 0.107736 0.000376
2 2 0.000371 0.004784 0.525837 0.468752 0.000255
3 2 0.001109 0.003787 0.413385 0.581600 0.000119
2 2 0.000728 0.005260 0.604068 0.389691 0.000254
2 2 0.000248 0.002337 0.551484 0.445842 0.000089
2 2 0.000555 0.003887 0.554437 0.440949 0.000171
3 3 0.000220 0.001655 0.347586 0.650433 0.000105
2 3 0.000093 0.001711 0.507398 0.490713 0.000085
2 3 0.000116 0.002466 0.511001 0.486297 0.000121
3 3 0.000239 0.001273 0.368013 0.630443 0.000033
3 3 0.000142 0.001198 0.330125 0.668486 0.000049
2 3 0.000085 0.001771 0.553845 0.444224 0.000075
3 3 0.000039 0.000500 0.221620 0.777818 0.000023
3 3 0.000094 0.000863 0.225001 0.773983 0.000059
3 3 0.000094 0.001091 0.245873 0.752882 0.000060
3 3 0.000051 0.000938 0.190278 0.808634 0.000099
3 3 0.000103 0.000674 0.178975 0.820219 0.000029
3 3 0.000113 0.000697 0.208638 0.790521 0.000032
3 3 0.000144 0.000668 0.259008 0.740166 0.000014
3 3 0.000397 0.002357 0.166081 0.831046 0.000119
3 3 0.000821 0.006054 0.461852 0.531165 0.000107
3 3 0.000034 0.000473 0.277633 0.721854 0.000007
3 3 0.000321 0.001937 0.222887 0.774797 0.000058
3 3 0.000105 0.000628 0.144885 0.854368 0.000015
3 3 0.000044 0.000442 0.168091 0.831412 0.000012
3 3 0.000041 0.000444 0.181451 0.818053 0.000011
3 3 0.000139 0.000364 0.049172 0.950312 0.000014
3 3 0.000047 0.000164 0.048311 0.951474 0.000005
3 3 0.000088 0.000314 0.056813 0.942775 0.000011
3 3 0.000034 0.000139 0.066465 0.933360 0.000002
3 3 0.000155 0.000579 0.085745 0.913504 0.000017
3 3 0.000015 0.000153 0.119419 0.880410 0.000003
3 3 0.000044 0.000422 0.151352 0.848172 0.000010
3 3 0.000028 0.000148 0.068126 0.931694 0.000003
3 3 0.000024 0.000165 0.083537 0.916269 0.000004
3 3 0.000025 0.000213 0.125572 0.874186 0.000004
3 3 0.000036 0.000196 0.049556 0.950204 0.000009
3 3 0.000035 0.000165 0.057764 0.942031 0.000005
3 3 0.000022 0.000158 0.063877 0.935936 0.000006
3 3 0.000032 0.000218 0.073293 0.926448 0.000008
3 3 0.000054 0.000302 0.073761 0.925871 0.000012
3 3 0.000174 0.000709 0.057569 0.941493 0.000055
3 3 0.000181 0.000493 0.066279 0.933032 0.000014
3 3 0.000124 0.000486 0.055625 0.943739 0.000025
3 3 0.000075 0.000307 0.058612 0.940992 0.000014
3 3 0.000039 0.000188 0.056759 0.943007 0.000007
3 3 0.000016 0.000203 0.120970 0.878806 0.000006
3 3 0.000013 0.000153 0.087572 0.912257 0.000006
3 3 0.000025 0.000178 0.061802 0.937986 0.000008
3 3 0.000018 0.000149 0.075229 0.924599 0.000005
3 3 0.000020 0.000146 0.055961 0.943867 0.000006
3 3 0.000072 0.000180 0.038443 0.961300 0.000005
3 3 0.000150 0.000486 0.042866 0.956470 0.000027
3 3 0.000089 0.000242 0.041179 0.958482 0.000008
3 3 0.000097 0.000350 0.046195 0.953342 0.000017
3 3 0.000020 0.000132 0.054414 0.945429 0.000005
3 3 0.000015 0.000062 0.037745 0.962177 0.000001
3 3 0.000016 0.000090 0.047137 0.952754 0.000003
3 3 0.000042 0.000174 0.042036 0.957741 0.000006
3 3 0.000055 0.000253 0.057829 0.941853 0.000010
3 3 0.000079 0.000262 0.042701 0.956948 0.000010
3 3 0.000025 0.000108 0.041218 0.958646 0.000003
3 3 0.000037 0.000279 0.056091 0.943574 0.000019
3 3 0.000033 0.000180 0.042140 0.957639 0.000008
3 3 0.000030 0.000161 0.047227 0.952575 0.000006
3 3 0.000031 0.000163 0.044094 0.955705 0.000007
3 3 0.000011 0.000061 0.044473 0.955454 0.000001
3 3 0.000005 0.000051 0.046794 0.953148 0.000002
3 3 0.000050 0.000247 0.049311 0.950380 0.000012
3 3 0.000014 0.000100 0.048852 0.951030 0.000003
3 3 0.000017 0.000101 0.042772 0.957107 0.000003
3 3 0.000029 0.000165 0.040935 0.958864 0.000007
3 3 0.000013 0.000089 0.047633 0.952263 0.000003
3 3 0.000020 0.000091 0.039409 0.960478 0.000002
3 3 0.000049 0.000240 0.046947 0.952753 0.000011
3 3 0.000034 0.000133 0.042311 0.957518 0.000004
3 3 0.000017 0.000109 0.049706 0.950164 0.000004
3 3 0.000036 0.000175 0.050929 0.948854 0.000007
3 3 0.000016 0.000092 0.048467 0.951422 0.000003
3 3 0.000040 0.000187 0.044087 0.955678 0.000007
3 3 0.000025 0.000128 0.043756 0.956086 0.000004
3 3 0.000166 0.000945 0.067301 0.931480 0.000108
3 3 0.000318 0.000980 0.054471 0.944155 0.000077
3 3 0.000143 0.001053 0.108845 0.889874 0.000086
3 3 0.000096 0.000682 0.074801 0.924348 0.000072
3 3 0.000107 0.000452 0.056040 0.943374 0.000026
3 3 0.000107 0.000452 0.048910 0.950504 0.000028
3 3 0.000077 0.000232 0.040154 0.959528 0.000008
3 3 0.000073 0.000310 0.039229 0.960371 0.000016
3 3 0.000056 0.000316 0.049216 0.950392 0.000020
3 3 0.000038 0.000155 0.039663 0.960138 0.000005
2 3 0.016452 0.112492 0.543963 0.291025 0.036068
2 2 0.128498 0.304868 0.468672 0.068428 0.029533
2 1 0.067864 0.318817 0.511549 0.071245 0.030525
2 2 0.018131 0.249910 0.626880 0.070061 0.035018
2 2 0.009792 0.163354 0.757486 0.053282 0.016086
1 2 0.111273 0.348953 0.333903 0.027434 0.178436
0 0 0.606888 0.250131 0.066624 0.002376 0.073981
0 0 0.773646 0.129092 0.033525 0.001539 0.062198
0 0 0.717220 0.082529 0.038883 0.002231 0.159137
0 0 0.472700 0.370110 0.108825 0.007037 0.041329
2 1 0.010440 0.305325 0.572995 0.024963 0.086277
2 2 0.007093 0.170840 0.697720 0.021073 0.103273
2 2 0.002623 0.061030 0.847236 0.014811 0.074300
2 2 0.061734 0.122044 0.614087 0.018835 0.183301
2 2 0.059174 0.121992 0.473751 0.024772 0.320312
1 2 0.008057 0.464126 0.424970 0.000027 0.102821
2 2 0.003745 0.404876 0.546337 0.000027 0.045015
1 2 0.008562 0.643380 0.262926 0.000002 0.085130
1 2 0.009129 0.745728 0.171451 0.000001 0.073691
2 2 0.003379 0.419126 0.530250 0.000004 0.047241
1 2 0.014335 0.705972 0.159083 0.000002 0.120608
1 2 0.051779 0.696308 0.059710 0.000000 0.192202
1 2 0.019374 0.774955 0.071876 0.000000 0.133795
1 2 0.022221 0.746213 0.061070 0.000000 0.170496
1 2 0.021583 0.749239 0.076434 0.000000 0.152744
1 2 0.023666 0.697991 0.094011 0.000001 0.184331
1 2 0.021917 0.710615 0.107231 0.000002 0.160235
1 2 0.022325 0.684134 0.109570 0.000001 0.183970
1 2 0.023295 0.721378 0.093076 0.000002 0.162250
1 4 0.025992 0.610047 0.119689 0.000003 0.244269
4 4 0.118494 0.264287 0.110373 0.000543 0.506303
1 4 0.167520 0.577984 0.133678 0.000519 0.120299
1 4 0.062796 0.539926 0.165235 0.001637 0.230407
1 0 0.282141 0.451092 0.119685 0.000231 0.146851
0 0 0.547706 0.322275 0.065040 0.000346 0.064634
0 0 0.661040 0.179639 0.127046 0.029416 0.002859
0 0 0.418510 0.258561 0.296072 0.025225 0.001631
0 0 0.759589 0.151680 0.078326 0.008623 0.001783
0 0 0.775063 0.129853 0.083086 0.010801 0.001197
1 0 0.366666 0.371059 0.240561 0.015423 0.006290
0 0 0.829985 0.105908 0.020326 0.000164 0.043617
0 0 0.863417 0.090103 0.017426 0.000187 0.028866
0 0 0.832500 0.128390 0.020913 0.000077 0.018119
0 0 0.789332 0.142082 0.029095 0.000334 0.039157
0 0 0.476231 0.377468 0.080617 0.000539 0.065145
2 1 0.001487 0.439916 0.546361 0.000022 0.012214
2 1 0.001027 0.187118 0.799084 0.000551 0.012219
2 2 0.000397 0.070940 0.917849 0.000046 0.010767
2 2 0.000792 0.195580 0.793493 0.000123 0.010011
2 2 0.000176 0.074827 0.921349 0.000044 0.003603
2 2 0.001299 0.272945 0.710326 0.000071 0.015360
2 2 0.000878 0.204703 0.779009 0.000013 0.015396
2 2 0.000551 0.141953 0.845187 0.000007 0.012302
2 2 0.001245 0.313937 0.665004 0.000002 0.019811
2 2 0.001636 0.416120 0.560805 0.000001 0.021438
1 2 0.193118 0.504041 0.196786 0.000127 0.105927
1 2 0.302887 0.484773 0.122810 0.001532 0.087998
1 2 0.097524 0.651557 0.177924 0.001687 0.071308
1 2 0.025973 0.561527 0.235098 0.000203 0.177199
2 2 0.016111 0.291807 0.610536 0.000392 0.081153
2 2 0.000088 0.031614 0.964148 0.000002 0.004149
2 2 0.000243 0.094064 0.899892 0.000008 0.005793
2 2 0.000584 0.221787 0.769957 0.000018 0.007654
2 2 0.000117 0.045349 0.950519 0.000009 0.004005
2 2 0.000070 0.034472 0.963301 0.000017 0.002139
2 2 0.002223 0.186094 0.800682 0.000205 0.010796
2 2 0.001913 0.031633 0.957757 0.003189 0.005508
2 2 0.005511 0.152233 0.826501 0.000171 0.015583
1 2 0.124324 0.575504 0.278422 0.002288 0.019462
1 0 0.324616 0.476052 0.179920 0.004722 0.014690
1 0 0.056851 0.646550 0.277849 0.000466 0.018285
1 1 0.005587 0.600426 0.355801 0.000080 0.038106
2 2 0.001433 0.226647 0.751774 0.000102 0.020044
2 2 0.000951 0.160566 0.820239 0.000023 0.018222
2 2 0.000481 0.077629 0.910060 0.000105 0.011725
2 2 0.000142 0.042567 0.953595 0.000935 0.002761
2 2 0.000164 0.053370 0.943011 0.000463 0.002993
2 2 0.000168 0.058357 0.937749 0.000150 0.003576
2 2 0.000040 0.018389 0.980144 0.000230 0.001197
2 2 0.000059 0.025837 0.972259 0.000144 0.001702
2 2 0.000020 0.011234 0.987761 0.000032 0.000953
2 2 0.000009 0.007780 0.991402 0.000536 0.000273
2 2 0.000015 0.010052 0.989233 0.000119 0.000581
2 2 0.000041 0.021201 0.977395 0.000072 0.001291
2 2 0.000043 0.019756 0.977410 0.001872 0.000919
2 2 0.001320 0.054726 0.936056 0.002534 0.005364
2 2 0.000372 0.039549 0.948117 0.000529 0.011432
2 2 0.000413 0.051374 0.936315 0.000283 0.011614
2 2 0.000737 0.066026 0.912072 0.013985 0.007181
2 2 0.099961 0.390153 0.497751 0.006984 0.005152
1 2 0.006500 0.631619 0.317911 0.000053 0.043917
1 2 0.032152 0.607231 0.293556 0.000090 0.066971
1 2 0.057188 0.659848 0.251700 0.000093 0.031171
1 2 0.034177 0.676517 0.234862 0.000040 0.054404
2 2 0.007147 0.225660 0.741656 0.000327 0.025209
2 2 0.000117 0.063030 0.934532 0.000052 0.002268
2 2 0.000073 0.028050 0.969301 0.000030 0.002545
2 2 0.000045 0.023577 0.974477 0.000005 0.001896
2 2 0.000095 0.032900 0.963818 0.000033 0.003153
2 2 0.000080 0.044320 0.953831 0.000232 0.001536
2 2 0.000019 0.004899 0.994032 0.000534 0.000516
2 2 0.000034 0.011794 0.985252 0.001897 0.001023
2 2 0.000028 0.009616 0.988144 0.001221 0.000990
2 2 0.000026 0.010460 0.986751 0.001982 0.000781
2 2 0.000032 0.009882 0.985975 0.003068 0.001043
2 2 0.000175 0.035644 0.954695 0.006132 0.003355
2 2 0.000032 0.008197 0.988690 0.001817 0.001264
2 2 0.000105 0.025791 0.966272 0.005599 0.002232
2 2 0.000066 0.017650 0.978300 0.002093 0.001890
2 2 0.000178 0.025719 0.962610 0.007206 0.004286
2 2 0.000109 0.030923 0.965618 0.000256 0.003093
2 2 0.000036 0.012111 0.984569 0.002172 0.001111
2 2 0.000054 0.018519 0.977467 0.002683 0.001276
2 3 0.000102 0.024356 0.969683 0.003548 0.002310
2 2 0.000043 0.016497 0.981751 0.000268 0.001441
2 2 0.006268 0.059234 0.927892 0.000926 0.005680
2 2 0.124240 0.417164 0.438065 0.002318 0.018213
1 2 0.099249 0.623775 0.258429 0.001272 0.017276
1 1 0.027790 0.635816 0.304185 0.000741 0.031469
2 2 0.002710 0.186286 0.791559 0.000382 0.019063
2 2 0.010276 0.209781 0.753654 0.004897 0.021392
2 2 0.011713 0.084447 0.882005 0.007568 0.014267
2 2 0.156217 0.277807 0.519577 0.011780 0.034619
0 0 0.591469 0.251179 0.127589 0.004928 0.024834
0 0 0.736785 0.197880 0.050931 0.000904 0.013500
1 0 0.388325 0.438421 0.109852 0.001782 0.061620
0 0 0.558167 0.271494 0.095399 0.000645 0.074295
1 0 0.155264 0.596127 0.181982 0.001795 0.064832
2 2 0.013816 0.258305 0.659102 0.007270 0.061507
2 2 0.020759 0.176063 0.732026 0.016241 0.054912
2 2 0.004589 0.277015 0.662867 0.001547 0.053981
2 2 0.003540 0.172105 0.730243 0.000042 0.094070
1 1 0.028075 0.521528 0.149665 0.000013 0.300719
1 1 0.040622 0.555032 0.126191 0.000121 0.278034
4 1 0.031975 0.283116 0.155455 0.000060 0.529394
4 1 0.093237 0.098258 0.020910 0.000025 0.787569
4 1 0.156891 0.087343 0.018916 0.000038 0.736812
4 1 0.092144 0.080589 0.019377 0.000054 0.807836
4 0 0.399699 0.115864 0.025660 0.000126 0.458650
4 0 0.259559 0.248850 0.044084 0.000031 0.447476
4 0 0.048027 0.183771 0.022262 0.000000 0.745940
4 1 0.045447 0.190985 0.017218 0.000000 0.746350
4 4 0.048927 0.092578 0.019350 0.000013 0.839132
4 4 0.049358 0.163136 0.023968 0.000001 0.763536
4 4 0.047083 0.180614 0.019895 0.000000 0.752408
4 4 0.042901 0.436752 0.048414 0.000000 0.471933
4 4 0.045266 0.330990 0.031468 0.000000 0.592277
4 4 0.044161 0.430610 0.056492 0.000001 0.468736
4 4 0.043385 0.373527 0.031966 0.000000 0.551121
1 4 0.121260 0.449319 0.059983 0.000004 0.369434
4 4 0.065882 0.220321 0.031442 0.000002 0.682353
4 4 0.049148 0.091150 0.019751 0.000017 0.839933
4 4 0.050368 0.123357 0.023825 0.000009 0.802441
4 4 0.049661 0.116583 0.021814 0.000007 0.811935
4 4 0.045688 0.076996 0.013545 0.000003 0.863768
4 4 0.045551 0.348460 0.036253 0.000000 0.569736
1 4 0.037347 0.501039 0.035037 0.000000 0.426578
4 4 0.044523 0.410985 0.049735 0.000001 0.494757
4 4 0.039964 0.461049 0.037457 0.000000 0.461529
4 4 0.046649 0.353350 0.043310 0.000001 0.556691
4 4 0.042490 0.422928 0.040216 0.000000 0.494366
4 4 0.042084 0.449209 0.047580 0.000000 0.461128
4 4 0.046496 0.340965 0.039102 0.000000 0.573436
4 4 0.050468 0.293820 0.048469 0.000006 0.607236
1 4 0.073206 0.462206 0.037632 0.000000 0.426956
4 4 0.045655 0.361362 0.039993 0.000000 0.552990
1 4 0.072978 0.595336 0.056956 0.000000 0.274730
1 4 0.129840 0.423614 0.048858 0.000001 0.397687
1 4 0.037036 0.548806 0.060665 0.000000 0.353492
1 4 0.039320 0.512804 0.059242 0.000001 0.388634
1 2 0.011532 0.742614 0.156052 0.000001 0.089801
1 2 0.007450 0.689742 0.223646 0.000000 0.079162
1 2 0.006485 0.641751 0.278033 0.000000 0.073730
1 2 0.007163 0.685059 0.244477 0.000002 0.063299
1 2 0.008814 0.666265 0.252386 0.000007 0.072527
2 2 0.002325 0.475274 0.490776 0.000001 0.031624
2 2 0.001607 0.284740 0.672425 0.000000 0.041226
2 2 0.001105 0.249354 0.723840 0.000001 0.025700
2 2 0.000898 0.271905 0.712234 0.000003 0.014960
2 2 0.004820 0.436113 0.492989 0.000013 0.066065
1 2 0.006634 0.737819 0.205357 0.000001 0.050189
1 2 0.005307 0.611462 0.320746 0.000001 0.062485
2 2 0.000980 0.180639 0.791908 0.000001 0.026472
1 2 0.005702 0.590274 0.332031 0.000001 0.071992
1 2 0.004713 0.650327 0.289759 0.000000 0.055201
2 2 0.000093 0.055105 0.942265 0.000007 0.002531
2 2 0.000038 0.024055 0.973936 0.000001 0.001970
2 2 0.000106 0.046873 0.949232 0.000003 0.003786
2 2 0.000158 0.053486 0.939704 0.000001 0.006652
2 2 0.000079 0.044371 0.953083 0.000005 0.002461
2 2 0.000138 0.030580 0.964754 0.000172 0.004355
2 2 0.000124 0.030676 0.965096 0.000110 0.003994
2 2 0.000123 0.029464 0.966465 0.000189 0.003759
2 2 0.000134 0.029343 0.966061 0.000235 0.004227
2 2 0.000392 0.082069 0.908951 0.000134 0.008453
1 2 0.279518 0.412474 0.280478 0.005581 0.021949
1 2 0.046571 0.461733 0.460419 0.005550 0.025727
2 2 0.005009 0.242382 0.729569 0.000282 0.022757
2 2 0.007862 0.235662 0.739043 0.000518 0.016916
2 2 0.004595 0.139451 0.832880 0.000063 0.023010
2 2 0.000008 0.008937 0.990699 0.000008 0.000348
2 2 0.000024 0.017919 0.981233 0.000041 0.000783
2 2 0.000078 0.029944 0.966567 0.000006 0.003405
2 2 0.000020 0.011470 0.987433 0.000006 0.001071
2 2 0.000037 0.025486 0.973353 0.000040 0.001084
2 2 0.000178 0.033236 0.960354 0.000125 0.006107
2 2 0.000312 0.035799 0.953497 0.000586 0.009806
2 2 0.000221 0.041473 0.952289 0.000460 0.005557
2 2 0.000137 0.027587 0.967403 0.001067 0.003805
2 2 0.000269 0.034162 0.956448 0.000466 0.008654
2 2 0.000174 0.014881 0.979823 0.003185 0.001937
2 2 0.000276 0.018864 0.975582 0.002571 0.002707
2 2 0.000240 0.037497 0.949341 0.008268 0.004654
2 2 0.000354 0.029777 0.964396 0.002365 0.003108
2 2 0.000175 0.019885 0.973628 0.004919 0.001394
2 2 0.000241 0.017924 0.975997 0.004047 0.001791
2 2 0.000202 0.016846 0.974474 0.007244 0.001233
2 2 0.000134 0.023274 0.966508 0.007236 0.002847
2 2 0.000155 0.010763 0.982638 0.005742 0.000701
2 2 0.000102 0.016225 0.971014 0.011491 0.001169
2 2 0.000092 0.010766 0.977427 0.011057 0.000659
2 2 0.000043 0.007035 0.983794 0.008366 0.000762
2 2 0.000670 0.010814 0.964796 0.023213 0.000507
2 2 0.000098 0.009125 0.978688 0.011488 0.000602
2 2 0.000016 0.004592 0.985918 0.008941 0.000533
2 2 0.001434 0.014187 0.802192 0.181361 0.000827
2 2 0.002268 0.014505 0.905844 0.077063 0.000320
2 2 0.000531 0.009585 0.900273 0.089185 0.000427
2 2 0.000510 0.011283 0.784838 0.202317 0.001052
2 2 0.001371 0.007538 0.801446 0.189476 0.000169
2 2 0.000139 0.005301 0.730428 0.263787 0.000345
2 2 0.000192 0.006403 0.816655 0.176439 0.000312
2 2 0.000249 0.004562 0.798078 0.197013 0.000099
2 2 0.000107 0.002082 0.543135 0.454577 0.000099
2 2 0.000089 0.002385 0.704202 0.293239 0.000086
3 3 0.000687 0.005656 0.487400 0.505854 0.000403
3 3 0.000627 0.004625 0.444612 0.549634 0.000501
3 3 0.000570 0.004218 0.264830 0.729965 0.000418
3 3 0.000639 0.005678 0.419618 0.573324 0.000741
2 3 0.000936 0.009875 0.501613 0.486651 0.000925
3 3 0.000314 0.003508 0.476788 0.519035 0.000355
3 3 0.000280 0.005538 0.475041 0.517992 0.001149
3 3 0.000909 0.012758 0.477887 0.506882 0.001564
3 3 0.000128 0.003813 0.427662 0.567742 0.000656
3 3 0.000198 0.005018 0.470340 0.523540 0.000904
3 3 0.000097 0.001061 0.190503 0.808284 0.000055
3 3 0.000041 0.000716 0.218884 0.780324 0.000036
3 3 0.000164 0.001354 0.233949 0.764480 0.000052
3 3 0.000146 0.001476 0.380123 0.618221 0.000033
3 3 0.000175 0.002571 0.405949 0.591236 0.000069
2 3 0.000475 0.008035 0.579418 0.411492 0.000581
2 3 0.000506 0.003355 0.501393 0.494618 0.000128
3 3 0.000535 0.006472 0.483817 0.508853 0.000323
3 3 0.000222 0.003415 0.397366 0.598802 0.000195
3 3 0.000643 0.005645 0.314678 0.678400 0.000634
3 3 0.000182 0.001075 0.136254 0.862445 0.000044
3 3 0.000123 0.000463 0.107631 0.891775 0.000009
3 3 0.000102 0.000602 0.094373 0.904893 0.000030
3 3 0.000180 0.001126 0.156246 0.842403 0.000045
3 3 0.000177 0.001072 0.121355 0.877342 0.000054
3 3 0.000394 0.002433 0.163834 0.833092 0.000248
3 3 0.001268 0.006311 0.226063 0.765958 0.000401
3 3 0.000437 0.004001 0.211953 0.783223 0.000386
3 3 0.001371 0.006708 0.358578 0.633043 0.000299
3 3 0.000393 0.003069 0.179121 0.817141 0.000277
3 3 0.000657 0.001655 0.107289 0.890353 0.000046
3 3 0.000741 0.002495 0.106072 0.890566 0.000125
3 3 0.000540 0.001799 0.098002 0.899541 0.000118
3 3 0.000532 0.001565 0.129538 0.868310 0.000055
3 3 0.000835 0.001287 0.073417 0.924423 0.000039
3 3 0.000655 0.004165 0.233462 0.761493 0.000225
3 3 0.000264 0.001745 0.202979 0.794936 0.000076
3 3 0.000537 0.003018 0.184461 0.811821 0.000163
3 3 0.000468 0.002595 0.141245 0.855465 0.000226
3 3 0.000427 0.002610 0.175966 0.820825 0.000172
3 3 0.002870 0.006028 0.206223 0.784698 0.000182
3 3 0.000674 0.001464 0.084936 0.912854 0.000073
3 3 0.001974 0.002867 0.093517 0.901510 0.000132
3 3 0.002626 0.003096 0.073639 0.920467 0.000172
3 3 0.001456 0.003150 0.129256 0.865939 0.000199
3 3 0.000775 0.001749 0.095027 0.902369 0.000080
3 3 0.002027 0.003846 0.090926 0.902943 0.000259
3 3 0.001152 0.003247 0.092395 0.903006 0.000200
3 3 0.000275 0.000844 0.057941 0.940881 0.000059
3 3 0.001499 0.002459 0.087495 0.908421 0.000125
3 3 0.000984 0.003433 0.136802 0.858560 0.000221
3 3 0.000539 0.001707 0.066162 0.931424 0.000168
3 3 0.000448 0.001807 0.085338 0.912239 0.000169
3 3 0.000462 0.001513 0.104533 0.893396 0.000097
3 3 0.000942 0.001583 0.080994 0.916396 0.000085
3 3 0.003784 0.007735 0.157589 0.830228 0.000664
3 3 0.006309 0.013630 0.216125 0.761817 0.002118
3 3 0.002547 0.006573 0.105975 0.883900 0.001005
3 3 0.003286 0.009640 0.195516 0.790228 0.001329
2 0 0.216695 0.143469 0.424120 0.213157 0.002558
1 0 0.303774 0.460685 0.148877 0.009777 0.076886
1 0 0.152005 0.586525 0.180946 0.005181 0.075344
1 0 0.094008 0.457060 0.349758 0.018552 0.080622
1 1 0.102623 0.596136 0.201354 0.004691 0.095195
1 2 0.068545 0.451943 0.395632 0.007704 0.076176
1 2 0.055760 0.564851 0.262205 0.006036 0.111147
1 2 0.278532 0.366099 0.246946 0.004015 0.104409
1 2 0.221826 0.523759 0.172335 0.010200 0.071880
1 1 0.399912 0.404514 0.107633 0.002374 0.085567
1 1 0.069974 0.588634 0.192383 0.003550 0.145458
2 1 0.010010 0.360769 0.498017 0.000327 0.130877
2 2 0.000834 0.060306 0.915411 0.003594 0.019855
2 2 0.008827 0.282925 0.582077 0.001440 0.124731
1 4 0.063781 0.402300 0.243105 0.005860 0.284954
1 4 0.013556 0.549509 0.327096 0.000304 0.109535
4 4 0.050648 0.245022 0.038039 0.000003 0.666289
4 4 0.049411 0.307922 0.046233 0.000003 0.596431
4 4 0.047635 0.306743 0.036776 0.000001 0.608846
4 4 0.049903 0.152251 0.024546 0.000003 0.773297
4 4 0.046903 0.292214 0.031118 0.000000 0.629765
1 4 0.036536 0.550641 0.054711 0.000000 0.358111
1 4 0.034673 0.586020 0.065267 0.000001 0.314040
1 4 0.036051 0.558262 0.054955 0.000000 0.350732
4 4 0.044871 0.416302 0.055290 0.000001 0.483535
4 4 0.046495 0.434058 0.046532 0.000000 0.472915
4 4 0.049737 0.097610 0.021189 0.000019 0.831445
4 4 0.052769 0.166971 0.034693 0.000021 0.745545
4 4 0.051814 0.141549 0.028987 0.000017 0.777633
4 4 0.051220 0.101245 0.024784 0.000049 0.822703
4 4 0.050742 0.197307 0.031285 0.000003 0.720663
4 4 0.050291 0.105916 0.022758 0.000019 0.821017
4 4 0.054465 0.095635 0.017724 0.000006 0.832169
4 4 0.044910 0.056681 0.012398 0.000012 0.885999
4 4 0.074898 0.057411 0.010245 0.000004 0.857442
4 4 0.050790 0.120392 0.024699 0.000015 0.804104
4 4 0.050809 0.315503 0.058569 0.000016 0.575104
1 4 0.096740 0.493518 0.052292 0.000001 0.357449
1 4 0.103582 0.552714 0.061796 0.000001 0.281906
1 4 0.141966 0.564726 0.063434 0.000002 0.229872
1 4 0.054563 0.524950 0.069634 0.000002 0.350850
1 4 0.036286 0.559811 0.060567 0.000000 0.343335
1 4 0.043022 0.456761 0.061371 0.000002 0.438844
1 4 0.033117 0.607379 0.064700 0.000000 0.294803
1 4 0.034262 0.590935 0.063639 0.000000 0.311164
1 4 0.032237 0.621264 0.093205 0.000005 0.253288
1 4 0.018800 0.743939 0.089944 0.000000 0.147316
1 4 0.023369 0.728438 0.079392 0.000000 0.168801
1 4 0.031655 0.629235 0.073398 0.000001 0.265711
1 4 0.022762 0.734991 0.079874 0.000000 0.162373
1 4 0.024492 0.716485 0.076955 0.000000 0.182068
1 4 0.022142 0.636889 0.123481 0.000001 0.217487
1 4 0.030176 0.648275 0.074823 0.000001 0.246725
1 4 0.030289 0.551795 0.088033 0.000001 0.329882
1 4 0.030001 0.650002 0.083140 0.000002 0.236855
1 4 0.030836 0.639976 0.077947 0.000001 0.251240
1 4 0.018113 0.699045 0.139944 0.000003 0.142895
1 4 0.013459 0.689913 0.181656 0.000003 0.114970
1 4 0.013114 0.691326 0.171587 0.000001 0.123973
1 2 0.005774 0.530448 0.392378 0.000003 0.071397
1 2 0.011353 0.664534 0.210200 0.000001 0.113911
2 2 0.000483 0.163965 0.825617 0.000003 0.009932
2 2 0.001236 0.263289 0.708772 0.000001 0.026702
2 2 0.000811 0.296479 0.690486 0.000002 0.012222
2 2 0.000340 0.120593 0.869363 0.000001 0.009702
2 2 0.001117 0.287742 0.692147 0.000002 0.018993
2 2 0.048375 0.249323 0.676904 0.002660 0.022738
2 2 0.148773 0.250337 0.561621 0.006909 0.032360
0 0 0.530755 0.354079 0.088604 0.002708 0.023855
0 0 0.692034 0.211303 0.075203 0.002952 0.018508
0 0 0.629197 0.284681 0.065982 0.001608 0.018533
0 0 0.938776 0.044173 0.009962 0.000682 0.006407
0 0 0.862050 0.105871 0.022776 0.000754 0.008549
0 0 0.939733 0.036891 0.009352 0.001101 0.012923
0 0 0.964281 0.024376 0.005460 0.000459 0.005425
0 0 0.918342 0.061931 0.011757 0.000217 0.007753
0 0 0.656247 0.272515 0.052345 0.000389 0.018503
1 0 0.319568 0.515200 0.132840 0.002905 0.029488
0 0 0.702625 0.190720 0.047012 0.001321 0.058323
0 0 0.834206 0.127509 0.021422 0.000100 0.016764
0 0 0.878907 0.080559 0.017475 0.000457 0.022602
0 0 0.594003 0.286409 0.052545 0.000161 0.066882
0 0 0.396837 0.351277 0.078646 0.000441 0.172799
1 0 0.173164 0.489060 0.115835 0.000444 0.221498
1 1 0.080115 0.576821 0.137593 0.000323 0.205147
1 2 0.023038 0.410758 0.382009 0.000352 0.183843
2 2 0.006372 0.425807 0.488359 0.000034 0.079428
2 2 0.004921 0.402001 0.532707 0.000058 0.060312
1 2 0.026516 0.555928 0.305646 0.000010 0.111900
1 2 0.138383 0.575285 0.211998 0.000322 0.074012
1 2 0.009391 0.562050 0.344629 0.000043 0.083887
2 2 0.000375 0.144038 0.848030 0.000005 0.007551
2 2 0.000082 0.046875 0.950933 0.000024 0.002086
2 2 0.000586 0.149343 0.835014 0.000002 0.015055
2 2 0.000470 0.114626 0.870490 0.000001 0.014412
2 2 0.000121 0.043740 0.952448 0.000024 0.003666
2 2 0.000634 0.154709 0.830659 0.000006 0.013992
2 2 0.000717 0.118126 0.855793 0.000001 0.025362
2 2 0.000327 0.108830 0.883438 0.000010 0.007395
2 2 0.000294 0.058300 0.930279 0.000008 0.011118
2 2 0.000631 0.121464 0.859740 0.000004 0.018162
2 2 0.000908 0.174557 0.808833 0.000043 0.015659
2 2 0.000904 0.111281 0.857338 0.000004 0.030472
2 2 0.000738 0.130207 0.851041 0.000013 0.018001
2 2 0.000600 0.123317 0.860890 0.000009 0.015185
2 2 0.001037 0.194063 0.783812 0.000008 0.021080
2 2 0.000045 0.012618 0.985173 0.000343 0.001821
2 2 0.000105 0.020904 0.974542 0.001456 0.002993
2 2 0.006128 0.165694 0.817651 0.001926 0.008601
2 2 0.000150 0.043139 0.952610 0.001148 0.002953
2 2 0.000046 0.017035 0.981158 0.000192 0.001570
2 2 0.000166 0.089277 0.907631 0.000047 0.002879
2 2 0.000234 0.039972 0.948309 0.000006 0.011479
2 2 0.000088 0.047135 0.950592 0.000037 0.002148
2 2 0.000116 0.036525 0.959030 0.000011 0.004319
2 2 0.000084 0.039657 0.957880 0.000039 0.002340
2 2 0.000115 0.028593 0.967347 0.000165 0.003780
2 2 0.000055 0.018479 0.979242 0.000574 0.001650
2 2 0.000098 0.049791 0.948050 0.000266 0.001795
2 2 0.000106 0.035563 0.961340 0.000103 0.002887
2 2 0.000105 0.034490 0.962273 0.000902 0.002230
1 2 0.257064 0.471157 0.147049 0.005758 0.118973
1 2 0.189390 0.590580 0.169065 0.004136 0.046828
0 0 0.554849 0.312558 0.080388 0.002352 0.049854
0 0 0.479031 0.390434 0.101686 0.003583 0.025266
1 0 0.265646 0.556455 0.148674 0.003753 0.025472
1 1 0.004636 0.613274 0.343171 0.000008 0.038911
2 2 0.002366 0.397890 0.573608 0.000018 0.026119
2 2 0.002724 0.471483 0.496980 0.000008 0.028804
2 2 0.000944 0.193541 0.789796 0.000023 0.015696
2 2 0.001005 0.154701 0.820679 0.000010 0.023604
0 2 0.945220 0.039765 0.007423 0.000144 0.007448
0 0 0.978971 0.014147 0.003022 0.000258 0.003602
0 0 0.976614 0.016325 0.003322 0.000199 0.003540
0 0 0.961874 0.027452 0.005708 0.000302 0.004664
0 0 0.930015 0.048548 0.010788 0.000543 0.010107
0 0 0.990205 0.005829 0.001422 0.000465 0.002079
0 0 0.992839 0.004452 0.001070 0.000422 0.001217
0 0 0.989471 0.006231 0.001540 0.000520 0.002239
0 0 0.989491 0.006320 0.001617 0.000741 0.001830
0 0 0.992540 0.004641 0.001143 0.000534 0.001142
0 0 0.966439 0.020087 0.005023 0.000804 0.007647
0 0 0.974667 0.019245 0.003504 0.000111 0.002473
0 0 0.983702 0.011270 0.002362 0.000222 0.002444
0 0 0.981531 0.012914 0.002457 0.000109 0.002989
0 0 0.972477 0.019923 0.003778 0.000132 0.003689
0 0 0.979964 0.011988 0.002802 0.000402 0.004844
0 0 0.983876 0.010547 0.002211 0.000191 0.003176
0 0 0.988218 0.006705 0.001625 0.000421 0.003031
0 0 0.988112 0.006921 0.001729 0.000569 0.002669
0 0 0.980016 0.012710 0.002910 0.000387 0.003978
0 0 0.989752 0.006093 0.001505 0.000521 0.002128
0 0 0.994085 0.003828 0.000853 0.000230 0.001004
0 0 0.991984 0.004937 0.001209 0.000498 0.001372
0 0 0.989438 0.006141 0.001483 0.000413 0.002525
0 0 0.992509 0.004938 0.001141 0.000357 0.001055
0 0 0.983629 0.008696 0.002141 0.000466 0.005068
0 0 0.993659 0.003925 0.000898 0.000262 0.001257
0 0 0.989775 0.005972 0.001437 0.000402 0.002413
0 0 0.991730 0.004779 0.001078 0.000219 0.002194
0 0 0.987462 0.006972 0.001677 0.000386 0.003502
0 0 0.990919 0.005350 0.001262 0.000334 0.002135
0 0 0.993762 0.003908 0.000910 0.000314 0.001106
0 0 0.989680 0.006032 0.001457 0.000416 0.002414
0 0 0.993781 0.003877 0.000893 0.000282 0.001168
0 0 0.994294 0.003499 0.000768 0.000177 0.001262
0 0 0.995589 0.002844 0.000628 0.000197 0.000742
0 0 0.996999 0.002011 0.000429 0.000150 0.000411
0 0 0.993919 0.003811 0.000880 0.000292 0.001097
0 0 0.995726 0.002786 0.000628 0.000243 0.000617
0 0 0.994865 0.003293 0.000759 0.000294 0.000790
0 0 0.996140 0.002538 0.000564 0.000214 0.000544
0 0 0.995225 0.003032 0.000667 0.000185 0.000890
0 0 0.994085 0.003701 0.000845 0.000260 0.001109
0 0 0.991657 0.004957 0.001155 0.000301 0.001929
0 0 0.992416 0.004646 0.001102 0.000365 0.001472
0 0 0.986802 0.007721 0.002011 0.000846 0.002620
0 0 0.994856 0.003304 0.000767 0.000316 0.000757
0 0 0.990547 0.005679 0.001393 0.000493 0.001888
0 0 0.991195 0.005395 0.001359 0.000655 0.001395
0 0 0.991119 0.005392 0.001323 0.000501 0.001665
0 0 0.992305 0.004581 0.001048 0.000254 0.001813
0 0 0.994737 0.003283 0.000722 0.000182 0.001076
0 0 0.994352 0.003551 0.000806 0.000249 0.001042
0 0 0.989453 0.005969 0.001400 0.000309 0.002868
0 0 0.992745 0.004340 0.000984 0.000233 0.001698
0 0 0.993942 0.003827 0.000901 0.000353 0.000977
0 0 0.995964 0.002638 0.000585 0.000209 0.000605
0 0 0.994360 0.003588 0.000838 0.000331 0.000883
0 0 0.991791 0.004893 0.001140 0.000301 0.001875
0 0 0.996187 0.002513 0.000572 0.000274 0.000453
0 0 0.993864 0.003811 0.000868 0.000254 0.001203
0 0 0.988825 0.006427 0.001555 0.000417 0.002776
0 0 0.992798 0.004368 0.001005 0.000272 0.001558
0 0 0.994178 0.003632 0.000821 0.000236 0.001133
0 0 0.992962 0.004340 0.001018 0.000331 0.001349
0 0 0.989110 0.006215 0.001481 0.000361 0.002833
0 0 0.985232 0.008174 0.002038 0.000537 0.004019
0 0 0.991742 0.004908 0.001141 0.000295 0.001914
0 0 0.978659 0.012701 0.003431 0.001367 0.003842
0 0 0.966493 0.017284 0.004959 0.001876 0.009387
0 0 0.967430 0.018042 0.004344 0.000510 0.009675
0 0 0.983129 0.008530 0.002036 0.000341 0.005964
0 0 0.985012 0.007815 0.001725 0.000187 0.005260
0 0 0.942391 0.032709 0.007679 0.000513 0.016709
0 0 0.986780 0.007049 0.001656 0.000303 0.004211
0 0 0.986273 0.007821 0.001976 0.000620 0.003310
0 0 0.991201 0.005838 0.001261 0.000211 0.001489
0 0 0.984012 0.009739 0.002596 0.001225 0.002428
0 0 0.985941 0.007815 0.001933 0.000500 0.003811
0 0 0.990966 0.005326 0.001255 0.000333 0.002120
0 0 0.979711 0.010622 0.002719 0.000661 0.006286
0 0 0.982796 0.011247 0.002710 0.000615 0.002632
0 0 0.988849 0.006727 0.001631 0.000470 0.002323
0 0 0.964926 0.027482 0.005263 0.000222 0.002107
0 0 0.986107 0.008657 0.002131 0.000614 0.002491
1 0 0.288473 0.409372 0.049139 0.000003 0.253013
1 0 0.102423 0.484493 0.055435 0.000001 0.357648
1 1 0.038885 0.508198 0.050464 0.000000 0.402452
1 1 0.038118 0.534527 0.062838 0.000001 0.364518
1 1 0.036124 0.570530 0.077028 0.000002 0.316315
1 1 0.040969 0.506274 0.086247 0.000012 0.366498
4 1 0.047068 0.397675 0.067034 0.000009 0.488214
1 1 0.381319 0.397758 0.059093 0.000022 0.161808
1 1 0.126519 0.469357 0.060889 0.000003 0.343232
1 1 0.038838 0.521124 0.060099 0.000001 0.379939
1 1 0.031853 0.625934 0.093201 0.000005 0.249006
1 1 0.033210 0.544788 0.088533 0.000002 0.333468
1 1 0.036492 0.548822 0.052501 0.000000 0.362185
1 1 0.037519 0.544816 0.048057 0.000000 0.369608
1 1 0.229445 0.484743 0.068649 0.000011 0.217152
0 0 0.553898 0.342312 0.067835 0.000401 0.035555
0 0 0.447520 0.423348 0.064170 0.000042 0.064919
1 0 0.160286 0.654096 0.126020 0.000183 0.059415
1 0 0.312489 0.403035 0.090371 0.000395 0.193710
1 1 0.221915 0.578265 0.106590 0.000125 0.093105
1 2 0.010083 0.756369 0.148015 0.000000 0.085533
1 2 0.013330 0.776919 0.107321 0.000000 0.102429
1 2 0.012746 0.777715 0.107921 0.000000 0.101618
1 2 0.010956 0.680643 0.197046 0.000001 0.111354
2 2 0.004029 0.427059 0.522660 0.000032 0.046220
2 2 0.002810 0.267716 0.673168 0.000014 0.056291
1 2 0.007515 0.482668 0.424829 0.000041 0.084948
1 2 0.014882 0.558142 0.247340 0.000006 0.179629
2 2 0.004734 0.322671 0.578593 0.000007 0.093996
1 2 0.013814 0.591206 0.249832 0.000010 0.145138
1 2 0.010558 0.717021 0.175827 0.000000 0.096592
1 2 0.016518 0.719106 0.131728 0.000001 0.132647
1 2 0.040928 0.767594 0.072642 0.000000 0.118835
1 2 0.012600 0.760439 0.133623 0.000001 0.093336
1 2 0.009578 0.694796 0.215685 0.000003 0.079939
1 2 0.007703 0.709114 0.219710 0.000001 0.063472
1 2 0.017105 0.795674 0.099523 0.000000 0.087699
1 2 0.038165 0.843393 0.067532 0.000000 0.050910
1 2 0.007289 0.745790 0.188714 0.000000 0.058207
1 2 0.009274 0.799997 0.127970 0.000000 0.062759
1 2 0.002320 0.509196 0.453109 0.000000 0.035375
2 2 0.002776 0.427551 0.535228 0.000008 0.034438
1 2 0.005655 0.720725 0.224619 0.000000 0.049001
1 2 0.005459 0.621067 0.299793 0.000000 0.073681
1 2 0.005576 0.701787 0.242682 0.000001 0.049954
2 2 0.000995 0.436342 0.553474 0.000004 0.009185
2 2 0.000300 0.171465 0.823108 0.000002 0.005124
2 2 0.000250 0.068559 0.920589 0.000001 0.010601
2 2 0.000468 0.171677 0.818411 0.000002 0.009440
2 2 0.000127 0.036628 0.956808 0.000001 0.006436
2 2 0.000157 0.070422 0.924536 0.000002 0.004883
2 2 0.000227 0.092839 0.900585 0.000001 0.006348
2 2 0.000245 0.137418 0.856945 0.000001 0.005391
2 2 0.000060 0.036176 0.961457 0.000002 0.002305
2 2 0.000169 0.038854 0.951773 0.000001 0.009203
2 2 0.170917 0.151333 0.600209 0.036985 0.040555
0 0 0.561131 0.286510 0.108038 0.006481 0.037841
0 0 0.655190 0.259152 0.065715 0.003163 0.016779
0 0 0.641902 0.256250 0.076593 0.004970 0.020286
1 0 0.385663 0.453435 0.130700 0.007755 0.022448
1 1 0.017232 0.748914 0.098333 0.000000 0.135521
1 1 0.021481 0.753002 0.068830 0.000000 0.156687
1 1 0.010491 0.638447 0.207267 0.000000 0.143795
1 1 0.013355 0.758853 0.117876 0.000000 0.109916
2 2 0.004768 0.437014 0.484684 0.000002 0.073531
1 2 0.003796 0.605754 0.349082 0.000001 0.041367
2 2 0.001040 0.285695 0.697679 0.000005 0.015581
2 2 0.000601 0.126235 0.851313 0.000000 0.021851
2 2 0.000514 0.132648 0.855188 0.000009 0.011642
2 2 0.000253 0.068270 0.922998 0.000004 0.008475
1 2 0.207308 0.623056 0.117630 0.000190 0.051815
1 0 0.425962 0.433640 0.094138 0.000718 0.045542
1 0 0.187398 0.621659 0.159346 0.002223 0.029374
1 1 0.135212 0.670167 0.162114 0.001187 0.031320
1 1 0.069965 0.693303 0.177834 0.000954 0.057943
1 1 0.018392 0.704905 0.167697 0.000010 0.108996
1 1 0.290144 0.551568 0.106135 0.000252 0.051901
1 1 0.053943 0.768576 0.126025 0.000031 0.051424
1 1 0.015210 0.731432 0.157061 0.000013 0.096285
2 2 0.008244 0.415324 0.445276 0.000010 0.131145
2 2 0.000065 0.045577 0.952738 0.000017 0.001604
2 2 0.000050 0.025462 0.972272 0.000004 0.002211
2 2 0.000428 0.221434 0.772385 0.000008 0.005745
2 2 0.000224 0.091838 0.900495 0.000001 0.007442
2 2 0.000139 0.088799 0.907298 0.000001 0.003764
2 2 0.000168 0.051007 0.942255 0.000003 0.006567
2 2 0.000058 0.031878 0.966107 0.000015 0.001941
2 2 0.000037 0.012323 0.985845 0.000084 0.001710
2 2 0.000013 0.010860 0.988522 0.000008 0.000597
2 2 0.000063 0.029080 0.968437 0.000009 0.002410
2 2 0.000774 0.091919 0.886177 0.000037 0.021093
2 2 0.000118 0.036903 0.959318 0.000062 0.003599
2 2 0.000103 0.029094 0.967373 0.000093 0.003337
2 2 0.000254 0.084396 0.909970 0.000039 0.005342
2 2 0.002982 0.220515 0.740855 0.000133 0.035515
1 1 0.261969 0.600711 0.082898 0.000020 0.054402
1 1 0.108818 0.740681 0.070937 0.000001 0.079564
1 1 0.022597 0.755356 0.065469 0.000000 0.156577
1 1 0.023536 0.724685 0.084520 0.000001 0.167259
1 2 0.023219 0.658956 0.126397 0.000004 0.191425
1 2 0.012788 0.677955 0.198956 0.000004 0.110297
1 2 0.032021 0.702531 0.172367 0.000003 0.093078
1 2 0.011075 0.718176 0.195381 0.000010 0.075359
1 2 0.010911 0.660409 0.230689 0.000005 0.097986
1 2 0.141666 0.573571 0.235299 0.001214 0.048251
1 2 0.051883 0.734418 0.178670 0.000007 0.035022
1 2 0.044958 0.622144 0.270679 0.000022 0.062198
1 2 0.005489 0.515024 0.427250 0.000029 0.052207
2 2 0.004224 0.423583 0.518835 0.000015 0.053343
2 2 0.001046 0.138805 0.832948 0.000012 0.027190
2 2 0.000063 0.053918 0.944313 0.000004 0.001702
2 2 0.000020 0.028838 0.970592 0.000009 0.000540
2 2 0.000016 0.019944 0.979485 0.000006 0.000549
2 2 0.000009 0.008771 0.990588 0.000000 0.000632
2 2 0.000036 0.033460 0.965226 0.000001 0.001277
1 2 0.101495 0.399864 0.381550 0.000952 0.116138
