0 0 0.982375 0.011165 0.000866 0.000000 0.005594
0 0 0.980477 0.012137 0.001033 0.000000 0.006353
0 0 0.982055 0.011331 0.000893 0.000000 0.005721
0 0 0.980748 0.012000 0.001008 0.000000 0.006244
0 0 0.962240 0.029247 0.002276 0.000005 0.006231
0 0 0.979673 0.013471 0.001057 0.000000 0.005799
0 0 0.978393 0.013177 0.001229 0.000001 0.007201
0 0 0.988635 0.007752 0.000401 0.000000 0.003211
0 0 0.986418 0.009002 0.000550 0.000000 0.004030
0 0 0.984013 0.010305 0.000731 0.000000 0.004951
0 0 0.982758 0.010966 0.000833 0.000000 0.005442
0 0 0.987530 0.008381 0.000473 0.000000 0.003616
0 0 0.971041 0.016645 0.002018 0.000002 0.010294
0 0 0.982044 0.011336 0.000894 0.000000 0.005725
0 0 0.980799 0.011974 0.001004 0.000000 0.006223
0 0 0.985283 0.009623 0.000633 0.000000 0.004461
0 0 0.983627 0.010510 0.000762 0.000000 0.005102
0 0 0.986722 0.008834 0.000528 0.000000 0.003916
0 0 0.985193 0.009672 0.000640 0.000000 0.004496
0 0 0.985658 0.009419 0.000605 0.000000 0.004318
0 0 0.982105 0.011305 0.000889 0.000000 0.005701
0 0 0.986356 0.009036 0.000554 0.000000 0.004054
0 0 0.989540 0.007227 0.000346 0.000000 0.002887
0 0 0.985431 0.009543 0.000622 0.000000 0.004404
0 0 0.984595 0.009994 0.000685 0.000000 0.004725
0 0 0.989869 0.007033 0.000327 0.000000 0.002770
0 0 0.988663 0.007736 0.000400 0.000000 0.003201
0 0 0.991456 0.006082 0.000241 0.000000 0.002222
0 0 0.986779 0.008801 0.000524 0.000000 0.003895
0 0 0.990082 0.006908 0.000315 0.000000 0.002695
0 0 0.989673 0.007149 0.000339 0.000000 0.002839
0 0 0.992667 0.005331 0.000183 0.000000 0.001819
0 0 0.989455 0.007276 0.000351 0.000000 0.002917
0 0 0.989129 0.007467 0.000371 0.000000 0.003033
0 0 0.991331 0.006158 0.000247 0.000000 0.002264
0 0 0.989844 0.007049 0.000329 0.000000 0.002779
0 0 0.985007 0.009772 0.000654 0.000000 0.004567
0 0 0.987339 0.008489 0.000486 0.000000 0.003686
0 0 0.982784 0.010952 0.000831 0.000000 0.005432
0 0 0.991942 0.005783 0.000217 0.000000 0.002058
0 0 0.989155 0.007451 0.000369 0.000000 0.003024
0 0 0.985440 0.009538 0.000621 0.000000 0.004401
0 0 0.988007 0.008111 0.000442 0.000000 0.003440
0 0 0.986188 0.009128 0.000566 0.000000 0.004117
0 0 0.988503 0.007828 0.000410 0.000000 0.003259
0 0 0.983067 0.010804 0.000808 0.000000 0.005321
0 0 0.981627 0.011551 0.000930 0.000000 0.005891
0 0 0.986576 0.008915 0.000539 0.000000 0.003971
0 0 0.979963 0.012396 0.001080 0.000000 0.006561
0 0 0.974460 0.015068 0.001633 0.000001 0.008839
0 0 0.989563 0.007213 0.000345 0.000000 0.002878
0 0 0.988881 0.007610 0.000386 0.000000 0.003122
0 0 0.988365 0.007907 0.000418 0.000000 0.003309
0 0 0.989454 0.007277 0.000351 0.000000 0.002917
0 0 0.989168 0.007444 0.000369 0.000000 0.003019
0 0 0.985860 0.009309 0.000590 0.000000 0.004241
0 0 0.989620 0.007180 0.000342 0.000000 0.002858
0 0 0.986667 0.008864 0.000532 0.000000 0.003937
0 0 0.983285 0.010690 0.000790 0.000000 0.005235
0 0 0.986374 0.009026 0.000553 0.000000 0.004047
0 0 0.988747 0.007688 0.000394 0.000000 0.003171
0 0 0.991910 0.005803 0.000219 0.000000 0.002069
0 0 0.991077 0.006312 0.000261 0.000000 0.002350
0 0 0.990484 0.006669 0.000293 0.000000 0.002555
0 0 0.986658 0.008869 0.000533 0.000000 0.003940
0 0 0.983404 0.010627 0.000780 0.000000 0.005188
0 0 0.984155 0.010230 0.000720 0.000000 0.004896
0 0 0.983700 0.010471 0.000756 0.000000 0.005073
0 0 0.981304 0.011717 0.000959 0.000000 0.006020
0 0 0.970937 0.016692 0.002030 0.000002 0.010338
0 0 0.966551 0.018636 0.002568 0.000003 0.012241
0 0 0.959541 0.023907 0.003413 0.000008 0.013131
0 0 0.959232 0.021714 0.003562 0.000008 0.015484
0 0 0.949200 0.026892 0.005070 0.000019 0.018819
0 0 0.964758 0.019408 0.002801 0.000004 0.013028
0 0 0.922917 0.044283 0.009533 0.000113 0.023153
0 0 0.717872 0.228315 0.032482 0.000255 0.021076
0 0 0.772202 0.159944 0.034011 0.000276 0.033567
0 0 0.617056 0.250929 0.092281 0.000294 0.039439
0 0 0.930104 0.040834 0.011733 0.000083 0.017246
0 0 0.970180 0.017034 0.002120 0.000002 0.010664
0 0 0.975086 0.014772 0.001566 0.000001 0.008575
0 1 0.956222 0.027140 0.002788 0.000006 0.013845
1 1 0.399998 0.406285 0.080742 0.000080 0.112894
0 0 0.815024 0.109397 0.020328 0.000021 0.055230
0 1 0.591524 0.106033 0.026596 0.000065 0.275781
4 4 0.328413 0.221235 0.105461 0.000124 0.344766
4 4 0.325826 0.195786 0.064830 0.000079 0.413479
4 4 0.276603 0.280990 0.074651 0.000022 0.367733
4 4 0.213294 0.142470 0.063739 0.000269 0.580228
4 4 0.065070 0.037467 0.005105 0.000004 0.892353
4 4 0.101268 0.027883 0.003786 0.000015 0.867048
4 4 0.044873 0.031401 0.003027 0.000001 0.920698
4 4 0.023099 0.025855 0.004561 0.000006 0.946479
4 4 0.034223 0.027911 0.003702 0.000003 0.934161
4 4 0.027137 0.089990 0.018826 0.000005 0.864041
4 4 0.043369 0.068969 0.017006 0.000010 0.870646
4 4 0.023344 0.069987 0.015625 0.000002 0.891042
4 4 0.019962 0.057357 0.010661 0.000001 0.912018
4 4 0.025931 0.064915 0.020890 0.000016 0.888247
4 4 0.232347 0.039058 0.010685 0.000493 0.717416
4 4 0.063575 0.041438 0.014588 0.000233 0.880167
4 4 0.080353 0.063964 0.017364 0.000043 0.838277
4 4 0.061789 0.048999 0.014840 0.000082 0.874290
4 4 0.031901 0.063469 0.015751 0.000007 0.888872
4 4 0.026381 0.051241 0.014980 0.000018 0.907381
4 4 0.038568 0.142226 0.033331 0.000001 0.785873
4 4 0.035639 0.075830 0.023962 0.000017 0.864551
4 4 0.031896 0.099668 0.038818 0.000021 0.829597
4 4 0.049441 0.138482 0.030713 0.000002 0.781362
4 4 0.091574 0.198148 0.034446 0.000001 0.675831
4 4 0.088437 0.112352 0.027853 0.000010 0.771348
4 4 0.075282 0.304086 0.059203 0.000001 0.561427
4 4 0.089221 0.204419 0.042824 0.000003 0.663533
4 4 0.081271 0.309333 0.091892 0.000002 0.517502
4 4 0.224355 0.052795 0.011713 0.000101 0.711036
4 4 0.188707 0.056652 0.012287 0.000065 0.742289
4 4 0.167527 0.091964 0.016273 0.000008 0.724228
4 4 0.325701 0.042825 0.007789 0.000094 0.623590
4 4 0.198004 0.056276 0.012452 0.000076 0.733192
4 4 0.037630 0.039561 0.011448 0.000049 0.911312
4 4 0.087511 0.037143 0.008255 0.000061 0.867031
4 4 0.029844 0.051399 0.013501 0.000013 0.905243
4 4 0.022606 0.049057 0.012379 0.000008 0.915950
4 4 0.121986 0.041053 0.009119 0.000079 0.827764
4 4 0.066575 0.082856 0.024302 0.000027 0.826240
4 4 0.065327 0.058454 0.011536 0.000009 0.864673
4 4 0.061993 0.080673 0.023856 0.000026 0.833452
4 4 0.017787 0.065583 0.015490 0.000002 0.901137
4 4 0.016564 0.067903 0.017560 0.000003 0.897970
4 4 0.037358 0.219624 0.039124 0.000001 0.703893
4 4 0.042623 0.121426 0.027790 0.000002 0.808159
4 4 0.024386 0.119520 0.030935 0.000002 0.825158
4 4 0.052843 0.155235 0.035427 0.000002 0.756493
4 4 0.026422 0.150727 0.031665 0.000001 0.791185
4 0 0.034782 0.307232 0.127500 0.000002 0.530483
4 1 0.053130 0.417819 0.090900 0.000009 0.438142
4 2 0.036589 0.368473 0.132939 0.000002 0.461998
4 2 0.012520 0.314301 0.168724 0.000036 0.504420
4 2 0.011176 0.381410 0.177818 0.000091 0.429505
1 2 0.008450 0.421270 0.311053 0.000007 0.259221
1 1 0.011919 0.384853 0.347794 0.000003 0.255431
1 1 0.015831 0.418208 0.363853 0.000017 0.202090
1 1 0.011280 0.340328 0.310285 0.000007 0.338100
1 1 0.009959 0.563243 0.322609 0.000047 0.104142
2 1 0.006027 0.277537 0.559744 0.000028 0.156664
2 1 0.001862 0.260221 0.464470 0.000137 0.273310
2 1 0.005146 0.337849 0.466593 0.000076 0.190336
1 2 0.006383 0.421198 0.406689 0.000056 0.165674
2 2 0.001715 0.181395 0.712130 0.000096 0.104664
2 2 0.001295 0.250376 0.469322 0.000704 0.278303
2 2 0.002451 0.216145 0.660066 0.001168 0.120170
2 2 0.001637 0.239718 0.582995 0.000287 0.175363
2 2 0.001574 0.217964 0.565370 0.000203 0.214890
2 2 0.000396 0.103657 0.833157 0.000475 0.062315
2 2 0.001575 0.068352 0.888524 0.001333 0.040215
2 2 0.001472 0.094621 0.817382 0.002681 0.083844
2 2 0.001746 0.081196 0.817707 0.001187 0.098164
2 2 0.001923 0.110210 0.814377 0.001731 0.071759
2 2 0.000972 0.097253 0.803239 0.002970 0.095566
2 2 0.002452 0.064595 0.882039 0.032595 0.018319
2 2 0.000548 0.007734 0.919368 0.071593 0.000757
2 2 0.002735 0.041243 0.890374 0.045451 0.020197
2 2 0.002571 0.056734 0.879983 0.031701 0.029011
2 2 0.001859 0.038746 0.893072 0.057745 0.008577
2 2 0.001476 0.010806 0.760918 0.226048 0.000753
2 2 0.000899 0.009517 0.700447 0.287411 0.001725
2 3 0.002332 0.019660 0.807595 0.168698 0.001716
2 3 0.000820 0.009010 0.650866 0.338394 0.000910
2 3 0.001041 0.006869 0.545767 0.445689 0.000632
2 3 0.000804 0.008250 0.562920 0.427617 0.000409
3 3 0.000365 0.001243 0.112973 0.885372 0.000047
3 3 0.000795 0.003995 0.164859 0.829789 0.000562
3 3 0.000200 0.000644 0.083745 0.915400 0.000012
3 3 0.000492 0.001938 0.152894 0.844624 0.000052
3 3 0.000164 0.000567 0.073136 0.926124 0.000010
3 3 0.000152 0.000524 0.083267 0.916048 0.000008
3 3 0.000387 0.001035 0.094234 0.904318 0.000026
3 3 0.000040 0.000214 0.045656 0.954088 0.000002
3 3 0.000169 0.000565 0.085936 0.913321 0.000009
3 3 0.000054 0.000251 0.064318 0.935375 0.000002
3 3 0.000086 0.000365 0.055752 0.943793 0.000005
3 3 0.000026 0.000165 0.033785 0.966023 0.000002
3 3 0.000018 0.000118 0.042668 0.957196 0.000001
3 3 0.000027 0.000159 0.046980 0.952832 0.000001
3 3 0.000243 0.000818 0.076333 0.922578 0.000028
3 3 0.000215 0.000720 0.059668 0.939382 0.000015
3 3 0.000193 0.000681 0.056378 0.942733 0.000015
3 3 0.000043 0.000221 0.048717 0.951018 0.000002
3 3 0.000054 0.000300 0.038931 0.960708 0.000006
3 3 0.000051 0.000253 0.048835 0.950858 0.000003
3 3 0.000031 0.000175 0.048893 0.950900 0.000001
3 3 0.000016 0.000113 0.037064 0.962806 0.000001
3 3 0.000013 0.000094 0.033690 0.966203 0.000001
3 3 0.000023 0.000139 0.043359 0.956478 0.000001
3 3 0.000002 0.000027 0.023424 0.976547 0.000000
3 3 0.000005 0.000047 0.020890 0.979059 0.000000
3 3 0.000014 0.000113 0.029791 0.970080 0.000001
3 3 0.000006 0.000057 0.022812 0.977126 0.000000
3 3 0.000020 0.000128 0.038031 0.961820 0.000001
3 3 0.000051 0.000265 0.035225 0.964457 0.000003
3 3 0.000016 0.000115 0.029216 0.970652 0.000001
3 3 0.000087 0.000382 0.046332 0.953194 0.000006
3 3 0.000013 0.000095 0.039378 0.960513 0.000001
3 3 0.000012 0.000095 0.021079 0.978814 0.000001
3 3 0.000025 0.000181 0.023958 0.975832 0.000003
3 3 0.000039 0.000225 0.044642 0.955091 0.000003
3 3 0.000066 0.000356 0.035682 0.963887 0.000009
3 3 0.000012 0.000099 0.017774 0.982114 0.000001
3 3 0.000107 0.000546 0.027674 0.971651 0.000023
3 3 0.000015 0.000116 0.023234 0.976634 0.000001
3 3 0.000044 0.000269 0.026843 0.972838 0.000005
3 3 0.000015 0.000136 0.020104 0.979741 0.000003
3 3 0.000033 0.000198 0.030465 0.969302 0.000002
3 3 0.000018 0.000138 0.025382 0.974461 0.000002
3 3 0.000041 0.000220 0.042339 0.957398 0.000002
3 3 0.000600 0.001420 0.100427 0.897509 0.000044
3 2 0.000807 0.001991 0.112572 0.884587 0.000044
3 3 0.004194 0.011005 0.476876 0.507486 0.000439
2 3 0.002418 0.009496 0.610611 0.377156 0.000318
2 2 0.013917 0.054357 0.809447 0.112520 0.009759
2 2 0.018960 0.122208 0.792570 0.037664 0.028597
2 2 0.016177 0.102735 0.760440 0.078981 0.041668
2 2 0.029930 0.087767 0.767984 0.095740 0.018580
2 2 0.083385 0.097296 0.747056 0.060477 0.011786
2 2 0.019049 0.037195 0.840104 0.101543 0.002109
2 2 0.024965 0.100514 0.847944 0.019087 0.007490
2 2 0.008559 0.049325 0.880205 0.058621 0.003289
2 2 0.003785 0.017715 0.823871 0.153738 0.000891
2 2 0.032997 0.073250 0.848456 0.040034 0.005263
2 2 0.005111 0.031143 0.876215 0.086028 0.001504
2 2 0.003118 0.017143 0.804938 0.173761 0.001040
2 2 0.001036 0.004956 0.746625 0.247205 0.000178
2 3 0.001607 0.009734 0.582930 0.405288 0.000441
2 2 0.002112 0.011772 0.747738 0.237720 0.000659
2 2 0.007863 0.040221 0.869334 0.079912 0.002670
2 2 0.007116 0.030983 0.853184 0.106628 0.002089
2 3 0.007598 0.032937 0.779002 0.177572 0.002891
2 2 0.007423 0.020420 0.703466 0.267229 0.001463
2 3 0.009064 0.036620 0.738228 0.212836 0.003252
2 3 0.003511 0.012838 0.642968 0.340100 0.000582
2 2 0.012160 0.042814 0.794436 0.147689 0.002900
2 2 0.016074 0.024929 0.531308 0.426083 0.001607
2 2 0.054322 0.086186 0.784266 0.068318 0.006907
2 2 0.009032 0.035831 0.852352 0.101219 0.001567
2 2 0.004626 0.019123 0.816831 0.158239 0.001181
2 3 0.008112 0.037525 0.895496 0.056745 0.002122
2 2 0.001882 0.009888 0.830649 0.157147 0.000434
2 2 0.013587 0.037095 0.835819 0.111432 0.002067
2 2 0.004546 0.030979 0.881441 0.081319 0.001715
2 2 0.009426 0.069109 0.877214 0.037062 0.007189
2 2 0.003372 0.026271 0.916992 0.051745 0.001620
2 2 0.009166 0.072268 0.843738 0.053445 0.021383
2 2 0.010193 0.074537 0.832793 0.071737 0.010740
2 2 0.011358 0.061304 0.843748 0.073154 0.010435
2 2 0.002775 0.019020 0.784664 0.190385 0.003156
2 2 0.002666 0.015086 0.778891 0.201963 0.001394
2 2 0.006105 0.042949 0.850918 0.095479 0.004549
2 3 0.009502 0.042694 0.729374 0.212486 0.005945
2 3 0.006788 0.054799 0.842746 0.086285 0.009382
3 3 0.001907 0.007441 0.450009 0.540293 0.000350
2 3 0.010077 0.034271 0.687523 0.266251 0.001879
2 3 0.006136 0.027236 0.808108 0.157329 0.001191
3 0 0.002718 0.005598 0.333505 0.657964 0.000214
2 2 0.139198 0.090809 0.517446 0.250030 0.002517
2 2 0.009570 0.023382 0.706071 0.259203 0.001773
2 2 0.003503 0.020235 0.871771 0.103329 0.001161
2 2 0.005032 0.024515 0.810345 0.158389 0.001719
2 2 0.001656 0.012019 0.827570 0.158099 0.000656
2 2 0.010816 0.046508 0.864695 0.074480 0.003502
2 2 0.000816 0.006104 0.797127 0.195740 0.000212
2 2 0.001440 0.009915 0.869666 0.118593 0.000386
2 3 0.003293 0.019461 0.821096 0.155178 0.000972
2 2 0.025124 0.046703 0.743687 0.180440 0.004047
2 2 0.006634 0.035545 0.875875 0.080251 0.001696
2 2 0.001488 0.015243 0.696263 0.285075 0.001931
2 3 0.001865 0.016182 0.825023 0.155878 0.001052
2 2 0.001209 0.011914 0.739887 0.245827 0.001163
2 3 0.001641 0.016378 0.738873 0.240785 0.002323
2 2 0.001465 0.014610 0.742575 0.238967 0.002383
2 3 0.002509 0.011264 0.634176 0.351530 0.000521
2 3 0.003878 0.016574 0.652366 0.326218 0.000964
2 2 0.003858 0.019633 0.570056 0.405206 0.001247
2 3 0.005036 0.017460 0.626692 0.349790 0.001023
2 2 0.002613 0.012819 0.655770 0.328212 0.000586
2 0 0.037715 0.061709 0.677939 0.215917 0.006720
2 2 0.061752 0.116830 0.785341 0.029625 0.006452
2 2 0.022538 0.111460 0.822258 0.034228 0.009517
2 2 0.011540 0.064011 0.863621 0.055190 0.005638
2 2 0.018108 0.096163 0.842627 0.034682 0.008420
2 2 0.004394 0.023385 0.786621 0.184335 0.001264
2 2 0.002548 0.018642 0.897052 0.081032 0.000726
2 2 0.001298 0.008959 0.788889 0.200455 0.000398
2 2 0.001344 0.006796 0.687781 0.303801 0.000278
2 2 0.001609 0.008759 0.646768 0.342468 0.000396
2 2 0.007786 0.036575 0.842026 0.111285 0.002329
2 2 0.007705 0.037620 0.813585 0.138098 0.002992
2 2 0.006890 0.022475 0.774520 0.194563 0.001552
2 2 0.008156 0.043187 0.775906 0.166721 0.006031
2 2 0.002749 0.017405 0.764616 0.214356 0.000874
2 2 0.011346 0.058318 0.717779 0.201800 0.010756
2 3 0.006365 0.039255 0.773137 0.176497 0.004747
2 2 0.014135 0.043712 0.707907 0.228961 0.005284
2 3 0.005529 0.050400 0.752596 0.177615 0.013860
2 3 0.013978 0.059544 0.698189 0.211426 0.016863
3 3 0.001331 0.005269 0.379446 0.613776 0.000178
3 3 0.000606 0.001692 0.236807 0.760850 0.000044
3 3 0.000762 0.003329 0.284301 0.711507 0.000101
3 0 0.001113 0.005026 0.310626 0.683061 0.000174
3 3 0.002889 0.004396 0.214421 0.778119 0.000176
2 2 0.002940 0.016632 0.756481 0.223211 0.000736
2 2 0.004008 0.030930 0.891164 0.072430 0.001468
2 2 0.001225 0.007584 0.734248 0.256633 0.000310
2 2 0.001244 0.008486 0.803684 0.186279 0.000307
2 3 0.003947 0.029043 0.833165 0.132210 0.001634
2 3 0.002990 0.013693 0.715223 0.267290 0.000803
2 3 0.010840 0.036249 0.767685 0.182283 0.002942
2 2 0.004325 0.020129 0.798281 0.176053 0.001212
2 2 0.006099 0.032054 0.855678 0.103692 0.002477
2 2 0.002990 0.013460 0.850508 0.132309 0.000733
2 3 0.012457 0.045167 0.879813 0.059411 0.003152
2 3 0.004577 0.011317 0.702488 0.281022 0.000595
2 0 0.007569 0.027058 0.849998 0.114008 0.001367
2 2 0.117067 0.077604 0.732589 0.069354 0.003387
2 2 0.023831 0.118668 0.842826 0.009305 0.005370
2 2 0.000469 0.004394 0.792778 0.202254 0.000104
2 2 0.000716 0.007474 0.838197 0.153378 0.000234
2 2 0.000646 0.007569 0.882308 0.109268 0.000210
2 2 0.001163 0.011813 0.796124 0.190406 0.000495
2 2 0.006292 0.036852 0.902296 0.052858 0.001701
2 2 0.008723 0.049965 0.915994 0.021916 0.003402
2 2 0.010651 0.069569 0.877538 0.036253 0.005989
2 2 0.005465 0.039132 0.925927 0.027478 0.001998
2 2 0.005929 0.054740 0.927704 0.009005 0.002622
2 2 0.004664 0.056064 0.910909 0.024194 0.004168
2 2 0.017799 0.152002 0.815046 0.002823 0.012330
2 2 0.021039 0.233360 0.731960 0.000557 0.013085
2 2 0.034041 0.333301 0.615223 0.000263 0.017171
2 2 0.029645 0.310376 0.642368 0.000136 0.017475
2 1 0.014889 0.214658 0.754677 0.000500 0.015276
1 1 0.114261 0.540796 0.311811 0.000413 0.032719
2 1 0.052271 0.406833 0.502160 0.000140 0.038595
1 0 0.103277 0.478289 0.378882 0.000148 0.039403
2 1 0.152805 0.352420 0.471493 0.000303 0.022979
2 0 0.103395 0.407346 0.440057 0.000366 0.048835
4 4 0.036678 0.151343 0.039231 0.000166 0.772582
4 4 0.033556 0.107418 0.033862 0.000048 0.825116
4 4 0.033618 0.099409 0.038499 0.000255 0.828218
4 4 0.027085 0.092289 0.043807 0.000097 0.836721
4 4 0.022753 0.079180 0.048359 0.000144 0.849564
1 4 0.117044 0.495471 0.197564 0.000262 0.189659
1 4 0.160397 0.456330 0.188224 0.000052 0.194998
1 0 0.162637 0.489593 0.171921 0.000573 0.175277
0 0 0.426266 0.313456 0.139045 0.000140 0.121093
1 0 0.174130 0.367396 0.219107 0.000327 0.239041
1 0 0.069703 0.460427 0.276123 0.000004 0.193742
1 1 0.046683 0.597450 0.255392 0.000002 0.100473
1 1 0.020378 0.521722 0.323287 0.000005 0.134609
1 1 0.023229 0.490363 0.337767 0.000009 0.148633
2 1 0.016727 0.342245 0.518859 0.000010 0.122160
2 2 0.007304 0.166325 0.771137 0.007183 0.048051
2 2 0.005275 0.146760 0.803438 0.006201 0.038326
2 2 0.001883 0.064531 0.898168 0.011815 0.023604
2 2 0.000615 0.039986 0.929099 0.011549 0.018751
2 2 0.001752 0.086107 0.853373 0.009698 0.049070
2 2 0.002847 0.047691 0.913751 0.027525 0.008186
2 2 0.003960 0.091707 0.876664 0.013497 0.014172
2 2 0.001979 0.039384 0.928924 0.023292 0.006421
2 2 0.002589 0.058398 0.911772 0.013741 0.013501
2 2 0.006033 0.076512 0.899221 0.010054 0.008180
2 2 0.002616 0.097304 0.835334 0.007332 0.057414
2 2 0.003556 0.162596 0.699777 0.010684 0.123386
2 2 0.002558 0.075152 0.862834 0.013605 0.045851
2 2 0.005293 0.137621 0.772103 0.011527 0.073456
2 2 0.004413 0.156178 0.721819 0.007664 0.109926
2 2 0.000837 0.016445 0.949912 0.031149 0.001656
2 2 0.002487 0.041533 0.916718 0.030545 0.008717
2 2 0.002687 0.033007 0.910427 0.047812 0.006068
2 2 0.001798 0.019743 0.953183 0.024063 0.001212
2 2 0.004251 0.041563 0.908498 0.039341 0.006347
2 2 0.012789 0.025433 0.820010 0.138819 0.002948
2 2 0.014137 0.089469 0.875965 0.015163 0.005267
2 2 0.000930 0.010972 0.893228 0.094317 0.000553
2 2 0.001495 0.018446 0.885678 0.092588 0.001793
2 2 0.001507 0.020170 0.898484 0.078108 0.001732
2 2 0.001303 0.012160 0.868864 0.117035 0.000639
2 2 0.001827 0.014945 0.882114 0.100276 0.000838
2 2 0.000811 0.008950 0.837289 0.152605 0.000345
2 2 0.000918 0.004968 0.848580 0.145346 0.000188
2 2 0.003931 0.038941 0.925089 0.030177 0.001862
2 0 0.010788 0.099704 0.863420 0.017336 0.008751
2 1 0.031168 0.112258 0.851057 0.001469 0.004049
2 2 0.013593 0.172823 0.792550 0.006762 0.014272
2 2 0.004266 0.045415 0.929846 0.017918 0.002556
2 2 0.005292 0.062821 0.905175 0.020901 0.005812
2 2 0.001916 0.021504 0.909405 0.065783 0.001392
2 2 0.000776 0.014071 0.922974 0.061501 0.000678
2 2 0.000959 0.008934 0.918070 0.071626 0.000411
2 2 0.003303 0.033279 0.935656 0.025958 0.001804
2 2 0.001803 0.028071 0.892423 0.075957 0.001745
2 2 0.003069 0.075840 0.873526 0.018357 0.029209
2 2 0.000430 0.021818 0.938987 0.033579 0.005185
2 2 0.001155 0.035352 0.904854 0.045627 0.013011
2 2 0.001712 0.037222 0.919216 0.034559 0.007291
2 2 0.004548 0.070764 0.866890 0.034437 0.023362
2 2 0.003218 0.025293 0.888846 0.080946 0.001697
2 2 0.001803 0.020423 0.907712 0.069195 0.000867
2 2 0.001464 0.011228 0.869055 0.117640 0.000613
2 3 0.000867 0.006054 0.827675 0.165180 0.000223
2 2 0.005096 0.028105 0.866401 0.098497 0.001900
2 2 0.003323 0.029549 0.868286 0.096765 0.002077
2 2 0.000963 0.008313 0.787138 0.203174 0.000412
2 2 0.001611 0.016467 0.857628 0.122669 0.001625
2 2 0.002326 0.017221 0.817617 0.161328 0.001507
2 2 0.003610 0.021563 0.792101 0.181295 0.001431
2 2 0.002418 0.018351 0.779837 0.198528 0.000866
2 2 0.001057 0.006300 0.666373 0.326042 0.000227
2 2 0.003353 0.016613 0.780437 0.198786 0.000812
2 3 0.001721 0.009185 0.744113 0.244644 0.000337
2 3 0.000581 0.003384 0.533454 0.462497 0.000084
2 2 0.002930 0.013128 0.630934 0.352192 0.000817
2 2 0.006688 0.039160 0.867632 0.084347 0.002174
2 3 0.004441 0.026216 0.766990 0.200322 0.002031
2 3 0.005894 0.029937 0.808976 0.153213 0.001979
2 3 0.002635 0.014918 0.622198 0.359347 0.000901
3 3 0.001024 0.004230 0.375972 0.618641 0.000133
2 3 0.006564 0.027608 0.697975 0.266382 0.001471
2 3 0.005099 0.016916 0.563518 0.413696 0.000771
3 3 0.000986 0.003214 0.330653 0.665041 0.000105
3 3 0.002038 0.005295 0.292976 0.699431 0.000261
2 3 0.001292 0.008655 0.533290 0.456445 0.000319
3 3 0.000174 0.000684 0.198022 0.801110 0.000009
3 3 0.000367 0.002081 0.334814 0.662697 0.000041
3 3 0.000495 0.004317 0.407584 0.587500 0.000105
3 3 0.000198 0.000663 0.118634 0.880493 0.000011
3 3 0.000295 0.001381 0.253718 0.744581 0.000025
3 3 0.000151 0.000690 0.235408 0.763743 0.000009
3 3 0.000189 0.000605 0.092646 0.906550 0.000010
3 3 0.000261 0.001752 0.229786 0.768170 0.000032
3 3 0.000095 0.000389 0.105427 0.894084 0.000004
3 3 0.000096 0.000526 0.098418 0.900953 0.000006
3 3 0.000409 0.003468 0.376607 0.619440 0.000076
3 3 0.000143 0.000523 0.065376 0.933949 0.000009
3 3 0.000319 0.000881 0.102149 0.896631 0.000019
3 3 0.000075 0.000315 0.071070 0.928536 0.000004
3 3 0.000093 0.000374 0.070331 0.929197 0.000005
3 3 0.000078 0.000337 0.057767 0.941814 0.000004
3 3 0.000316 0.002638 0.383600 0.613397 0.000050
3 3 0.000738 0.004358 0.331979 0.662795 0.000131
3 3 0.000113 0.000411 0.094141 0.905329 0.000005
3 3 0.003770 0.010955 0.273644 0.710907 0.000724
3 3 0.002798 0.012374 0.446120 0.538085 0.000623
2 3 0.000770 0.005198 0.503743 0.490133 0.000155
2 3 0.002554 0.013005 0.690864 0.293000 0.000578
2 3 0.001322 0.009844 0.712127 0.276324 0.000383
2 3 0.001090 0.005859 0.600743 0.392099 0.000208
3 3 0.001139 0.005476 0.390019 0.603165 0.000200
3 3 0.000624 0.002211 0.159843 0.837255 0.000066
3 3 0.001317 0.006441 0.425978 0.566010 0.000254
3 3 0.001171 0.006425 0.355963 0.636194 0.000247
3 3 0.000480 0.002967 0.318251 0.678232 0.000070
3 3 0.000198 0.001020 0.141954 0.856812 0.000017
3 3 0.001080 0.004824 0.176935 0.816962 0.000200
3 3 0.000347 0.001961 0.134781 0.862808 0.000104
3 3 0.000289 0.001456 0.066310 0.931844 0.000101
3 3 0.000094 0.000379 0.068794 0.930729 0.000005
3 3 0.000213 0.000687 0.075487 0.923599 0.000013
3 3 0.000235 0.000753 0.068459 0.930537 0.000016
3 3 0.000090 0.000363 0.072878 0.926664 0.000004
3 3 0.000076 0.000323 0.066381 0.933217 0.000004
3 3 0.000085 0.000334 0.088581 0.910996 0.000004
3 3 0.000156 0.000548 0.071207 0.928080 0.000009
3 3 0.000085 0.000339 0.081567 0.918006 0.000004
3 3 0.000044 0.000220 0.055994 0.943740 0.000002
3 3 0.000042 0.000216 0.050879 0.948861 0.000002
3 3 0.000113 0.000464 0.045230 0.954185 0.000008
3 3 0.000037 0.000194 0.052463 0.947305 0.000002
3 3 0.000043 0.000216 0.059318 0.940420 0.000002
3 3 0.000043 0.000221 0.050187 0.949546 0.000002
3 3 0.000039 0.000213 0.039779 0.959967 0.000002
3 3 0.000043 0.000220 0.049383 0.950352 0.000002
3 3 0.000120 0.000491 0.042163 0.957218 0.000008
3 3 0.000079 0.000346 0.051520 0.948051 0.000004
3 3 0.000064 0.000299 0.048912 0.950722 0.000003
3 3 0.000068 0.000324 0.039566 0.960038 0.000004
3 3 0.000107 0.000418 0.067168 0.932301 0.000006
3 3 0.000030 0.000184 0.029710 0.970075 0.000002
3 3 0.000111 0.000443 0.054923 0.944517 0.000007
3 0 0.000139 0.000525 0.054111 0.945216 0.000009
3 0 0.000214 0.000718 0.058698 0.940356 0.000015
2 2 0.158179 0.073473 0.595277 0.169384 0.003687
2 2 0.015592 0.061254 0.841956 0.077016 0.004182
2 3 0.004336 0.014868 0.816951 0.163167 0.000679
2 3 0.003690 0.014464 0.813244 0.167976 0.000627
2 3 0.004772 0.022858 0.855841 0.115546 0.000983
2 2 0.036899 0.128791 0.790612 0.026484 0.017214
2 2 0.023217 0.121441 0.793132 0.038243 0.023967
2 4 0.027243 0.115456 0.831971 0.014599 0.010731
2 4 0.049819 0.177659 0.718278 0.009321 0.044923
2 4 0.023825 0.066803 0.892899 0.007309 0.009164
4 4 0.207394 0.277615 0.100015 0.000256 0.414721
4 4 0.093921 0.313851 0.148040 0.000218 0.443970
4 4 0.100053 0.248504 0.111798 0.000764 0.538881
4 4 0.211913 0.284820 0.103162 0.000444 0.399662
4 4 0.158351 0.309936 0.111607 0.000152 0.419953
4 4 0.044012 0.033007 0.012456 0.000291 0.910234
4 4 0.087051 0.024645 0.008828 0.001132 0.878345
4 4 0.041791 0.039917 0.014737 0.000166 0.903388
4 4 0.011084 0.028350 0.010671 0.000047 0.949848
4 4 0.043071 0.033901 0.011481 0.000165 0.911382
4 4 0.123038 0.071021 0.031379 0.000528 0.774035
4 4 0.067430 0.075755 0.030066 0.000123 0.826626
4 4 0.110676 0.168157 0.040224 0.000015 0.680928
4 4 0.097796 0.135345 0.045212 0.000028 0.721620
4 4 0.179995 0.113252 0.039082 0.000105 0.667566
4 4 0.037030 0.108835 0.038875 0.000152 0.815108
4 4 0.055614 0.099417 0.030975 0.000045 0.813950
4 4 0.046060 0.150381 0.048831 0.000043 0.754684
4 4 0.043958 0.060770 0.023597 0.000094 0.871581
4 4 0.025948 0.059646 0.038305 0.000402 0.875700
4 4 0.147485 0.162832 0.042802 0.000011 0.646870
4 0 0.230095 0.153467 0.027944 0.000005 0.588489
4 4 0.424619 0.125960 0.018173 0.000010 0.431238
4 4 0.124392 0.206356 0.045573 0.000050 0.623629
4 4 0.153115 0.195194 0.034543 0.000002 0.617146
4 4 0.035617 0.231645 0.097649 0.000170 0.634920
4 4 0.028583 0.217926 0.098493 0.000055 0.654942
4 4 0.041597 0.180933 0.073503 0.000012 0.703956
4 4 0.037235 0.160865 0.061484 0.000043 0.740374
4 4 0.065539 0.352989 0.070588 0.000184 0.510701
4 4 0.021491 0.120354 0.038027 0.000045 0.820082
4 4 0.025536 0.088600 0.040863 0.000040 0.844962
4 4 0.056234 0.113661 0.037560 0.000018 0.792528
4 4 0.058358 0.095569 0.024966 0.000010 0.821097
4 4 0.028865 0.075886 0.029298 0.000031 0.865921
4 4 0.052515 0.130412 0.067602 0.000083 0.749388
4 4 0.085911 0.168114 0.057011 0.000063 0.688900
4 4 0.108983 0.165897 0.056529 0.000186 0.668404
4 4 0.061110 0.121733 0.042725 0.000049 0.774383
4 4 0.060211 0.111282 0.059134 0.000161 0.769211
4 4 0.029134 0.099299 0.010459 0.000000 0.861108
4 4 0.022998 0.074343 0.011864 0.000000 0.890794
4 4 0.036347 0.124914 0.011170 0.000000 0.827569
4 4 0.037039 0.096782 0.010845 0.000000 0.855333
4 4 0.026581 0.095635 0.012820 0.000000 0.864963
4 4 0.103953 0.231305 0.031995 0.000005 0.632742
4 4 0.112635 0.205223 0.041347 0.000002 0.640793
4 4 0.090927 0.170423 0.031654 0.000005 0.706991
4 4 0.152635 0.167709 0.020428 0.000001 0.659227
4 4 0.111472 0.183551 0.034528 0.000001 0.670447
4 4 0.083836 0.352450 0.094593 0.000023 0.469099
4 4 0.128948 0.222568 0.039478 0.000001 0.609006
4 4 0.079678 0.338647 0.063491 0.000003 0.518181
4 4 0.065969 0.262768 0.063913 0.000001 0.607349
4 4 0.078819 0.307877 0.067292 0.000008 0.546004
1 0 0.315886 0.427725 0.140775 0.000078 0.115535
0 0 0.763886 0.150155 0.048717 0.000044 0.037198
0 0 0.846860 0.087065 0.033121 0.000016 0.032937
0 0 0.577353 0.259035 0.115623 0.000025 0.047964
1 0 0.298666 0.481079 0.138612 0.000155 0.081488
1 0 0.130482 0.518781 0.111166 0.000003 0.239567
1 1 0.107886 0.551986 0.107910 0.000003 0.232214
1 1 0.027357 0.508129 0.165049 0.000020 0.299445
1 1 0.058082 0.409982 0.150815 0.000003 0.381117
1 1 0.089539 0.646303 0.102482 0.000003 0.161673
1 0 0.264408 0.381335 0.054639 0.000001 0.299618
0 1 0.365561 0.315074 0.058953 0.000003 0.260409
1 1 0.200006 0.423640 0.061521 0.000001 0.314831
1 0 0.221074 0.496947 0.063829 0.000001 0.218150
0 0 0.428598 0.259498 0.053098 0.000002 0.258803
0 0 0.939135 0.042129 0.009952 0.000008 0.008776
0 0 0.840797 0.102019 0.038603 0.000011 0.018570
0 0 0.888315 0.075485 0.017651 0.000004 0.018544
0 0 0.855624 0.102642 0.026005 0.000010 0.015719
0 0 0.777165 0.154510 0.047479 0.000017 0.020829
0 0 0.959683 0.021530 0.003498 0.000007 0.015282
0 0 0.971167 0.016588 0.002003 0.000002 0.010240
0 0 0.968558 0.017757 0.002316 0.000003 0.011366
0 0 0.959944 0.021423 0.003461 0.000007 0.015166
0 0 0.957178 0.022545 0.003862 0.000009 0.016407
0 0 0.976759 0.013973 0.001391 0.000001 0.007876
0 0 0.979262 0.012747 0.001145 0.000000 0.006846
0 0 0.983446 0.010605 0.000777 0.000000 0.005172
0 0 0.983436 0.010611 0.000777 0.000000 0.005176
0 0 0.984250 0.010179 0.000712 0.000000 0.004859
0 0 0.976714 0.013994 0.001396 0.000001 0.007895
0 0 0.974294 0.015146 0.001651 0.000001 0.008909
0 0 0.968795 0.017652 0.002287 0.000003 0.011263
0 0 0.975890 0.014390 0.001481 0.000001 0.008238
0 0 0.962968 0.020167 0.003040 0.000005 0.013819
0 0 0.969852 0.017181 0.002159 0.000002 0.010805
0 0 0.961355 0.020841 0.003262 0.000006 0.014536
0 0 0.966211 0.018784 0.002611 0.000004 0.012390
0 0 0.970521 0.016880 0.002079 0.000002 0.010517
0 0 0.974609 0.014997 0.001617 0.000001 0.008776
0 0 0.984768 0.009901 0.000672 0.000000 0.004659
0 0 0.987645 0.008316 0.000465 0.000000 0.003573
0 0 0.986521 0.008945 0.000542 0.000000 0.003992
0 0 0.986018 0.009222 0.000578 0.000000 0.004181
0 0 0.979187 0.012784 0.001153 0.000001 0.006876
0 0 0.916069 0.031776 0.005701 0.000023 0.046431
0 0 0.915431 0.032193 0.005955 0.000025 0.046396
0 1 0.773338 0.065238 0.008168 0.000010 0.153246
1 1 0.221462 0.370246 0.072905 0.000055 0.335332
1 0 0.292341 0.329978 0.063894 0.000029 0.313758
1 1 0.106084 0.524727 0.121452 0.000015 0.247722
1 1 0.050657 0.468669 0.147662 0.000001 0.333012
1 1 0.050073 0.618756 0.167804 0.000011 0.163357
1 1 0.038958 0.523480 0.202347 0.000015 0.235199
1 1 0.017853 0.578988 0.194659 0.000029 0.208470
1 2 0.007731 0.424986 0.345572 0.000011 0.221700
1 1 0.006993 0.423350 0.416623 0.000043 0.152991
1 1 0.027988 0.464215 0.294735 0.000004 0.213058
1 1 0.031622 0.471397 0.290179 0.000016 0.206786
1 1 0.019944 0.511744 0.295632 0.000011 0.172670
1 1 0.013422 0.509255 0.345703 0.000010 0.131610
1 1 0.012987 0.501560 0.303691 0.000004 0.181757
1 1 0.030098 0.464061 0.292960 0.000002 0.212879
1 1 0.031013 0.543206 0.278148 0.000004 0.147630
1 2 0.021693 0.524478 0.338274 0.000004 0.115550
2 2 0.020887 0.338544 0.602795 0.000153 0.037622
2 2 0.016800 0.331191 0.578868 0.000550 0.072590
2 2 0.015030 0.330503 0.619330 0.000311 0.034827
2 2 0.026947 0.415815 0.504157 0.000045 0.053036
2 1 0.108347 0.338126 0.511440 0.000028 0.042060
1 1 0.036295 0.435812 0.307855 0.000006 0.220031
2 1 0.014942 0.350272 0.466751 0.000059 0.167976
2 1 0.019800 0.382069 0.414538 0.000011 0.183583
2 1 0.021002 0.375365 0.494113 0.000017 0.109502
1 2 0.015778 0.469497 0.425372 0.000296 0.089057
2 2 0.001959 0.219709 0.698905 0.000967 0.078460
2 2 0.001532 0.160799 0.750238 0.000915 0.086516
2 2 0.002710 0.125988 0.821882 0.000515 0.048906
2 2 0.001705 0.143200 0.797378 0.000362 0.057355
2 2 0.003066 0.149894 0.805410 0.000190 0.041440
2 2 0.006572 0.226822 0.706320 0.000806 0.059480
2 1 0.022876 0.322237 0.610963 0.000051 0.043873
2 1 0.013752 0.338376 0.550617 0.000035 0.097220
2 1 0.027014 0.262705 0.641798 0.000049 0.068434
2 1 0.018228 0.436448 0.467962 0.000035 0.077327
2 2 0.026337 0.404991 0.531290 0.000109 0.037274
1 2 0.057291 0.522147 0.371824 0.000019 0.048719
1 2 0.045306 0.455847 0.437768 0.000040 0.061039
2 0 0.224859 0.362271 0.380422 0.000123 0.032324
2 1 0.153303 0.379571 0.416807 0.000027 0.050293
2 2 0.004976 0.324337 0.464467 0.000101 0.206118
2 2 0.006889 0.302970 0.591534 0.000095 0.098512
2 2 0.012766 0.374960 0.513921 0.000146 0.098207
2 2 0.011296 0.392825 0.487222 0.000118 0.108539
2 2 0.007732 0.309039 0.626777 0.000135 0.056317
2 2 0.000571 0.013987 0.955894 0.027803 0.001744
2 2 0.006646 0.113741 0.845840 0.013254 0.020520
2 2 0.000952 0.040177 0.939933 0.014472 0.004466
2 2 0.006455 0.072396 0.896751 0.017064 0.007333
2 2 0.005497 0.124449 0.855627 0.003314 0.011113
2 2 0.009037 0.248708 0.672028 0.001475 0.068752
2 2 0.001139 0.108437 0.811053 0.003673 0.075699
2 2 0.005126 0.254366 0.651815 0.001455 0.087238
2 2 0.003993 0.147410 0.791382 0.005091 0.052124
2 2 0.003092 0.110963 0.832276 0.010170 0.043499
2 2 0.002150 0.056888 0.928656 0.001927 0.010380
2 2 0.001088 0.051102 0.920150 0.007376 0.020284
2 2 0.003675 0.140124 0.801517 0.003178 0.051506
2 1 0.001940 0.066155 0.904461 0.005278 0.022166
2 1 0.005188 0.158978 0.800729 0.000645 0.034460
2 1 0.038914 0.150774 0.791199 0.000701 0.018413
2 2 0.038182 0.397112 0.528435 0.000899 0.035371
2 0 0.038568 0.450900 0.482039 0.000452 0.028041
2 0 0.156690 0.329653 0.493257 0.000971 0.019429
1 1 0.167929 0.460089 0.353935 0.000163 0.017883
2 2 0.025584 0.346795 0.570827 0.001960 0.054834
2 2 0.014370 0.216117 0.709253 0.008604 0.051656
2 2 0.007078 0.083062 0.862033 0.015888 0.031939
2 2 0.006636 0.049285 0.916279 0.017798 0.010002
2 2 0.013048 0.170237 0.767596 0.006708 0.042410
2 2 0.000831 0.026437 0.940013 0.027655 0.005064
2 2 0.000645 0.032486 0.926779 0.032074 0.008016
2 2 0.002934 0.103214 0.835382 0.013940 0.044530
2 2 0.002407 0.115088 0.830035 0.011725 0.040746
2 2 0.002345 0.064584 0.904507 0.011318 0.017246
2 2 0.001416 0.021468 0.966682 0.008852 0.001582
2 2 0.005793 0.088679 0.886549 0.011427 0.007552
2 2 0.002908 0.043812 0.939967 0.010339 0.002973
2 2 0.002400 0.034117 0.938346 0.021267 0.003870
2 2 0.001575 0.023703 0.957216 0.015674 0.001832
2 2 0.001486 0.032680 0.932030 0.029752 0.004052
2 2 0.000664 0.022223 0.948799 0.026165 0.002150
2 2 0.001836 0.070639 0.893911 0.022328 0.011286
2 2 0.001620 0.020707 0.963379 0.013105 0.001189
2 2 0.000794 0.019026 0.955444 0.022654 0.002082
2 2 0.005093 0.043861 0.886728 0.056251 0.008067
2 2 0.001135 0.019576 0.910059 0.065791 0.003439
2 2 0.003386 0.078240 0.878705 0.021415 0.018255
2 2 0.003142 0.020697 0.933190 0.041409 0.001562
2 2 0.005025 0.080753 0.864733 0.035018 0.014472
2 2 0.002444 0.020625 0.885736 0.089079 0.002116
2 2 0.000992 0.009690 0.863783 0.124938 0.000598
2 2 0.000639 0.005722 0.883833 0.109605 0.000201
2 2 0.000998 0.011978 0.833773 0.152592 0.000659
2 2 0.000610 0.008556 0.876547 0.113877 0.000410
2 2 0.003105 0.019066 0.793720 0.182953 0.001156
2 3 0.002545 0.019477 0.808082 0.168568 0.001328
2 2 0.002122 0.009740 0.729356 0.258291 0.000491
2 3 0.001982 0.013002 0.750666 0.233650 0.000700
2 3 0.001001 0.008094 0.782813 0.207775 0.000317
2 3 0.002466 0.018558 0.681866 0.295700 0.001409
2 3 0.000335 0.003200 0.554339 0.442063 0.000062
3 3 0.000596 0.003071 0.314725 0.681526 0.000081
3 3 0.000373 0.002181 0.346113 0.651289 0.000044
2 3 0.000859 0.009451 0.588686 0.400303 0.000701
3 3 0.000533 0.003342 0.272081 0.723956 0.000088
3 3 0.000558 0.002381 0.173223 0.823756 0.000081
3 3 0.000225 0.000707 0.081785 0.917269 0.000014
3 3 0.000296 0.001384 0.222131 0.776163 0.000026
3 3 0.000192 0.001317 0.203339 0.795131 0.000021
3 3 0.000075 0.000333 0.052562 0.947026 0.000004
3 3 0.000229 0.001027 0.134643 0.864082 0.000019
3 3 0.000530 0.001858 0.168298 0.829264 0.000050
3 3 0.000071 0.000305 0.069332 0.930289 0.000003
3 3 0.000031 0.000171 0.056280 0.943516 0.000001
3 3 0.000537 0.004090 0.372536 0.622722 0.000115
3 3 0.000252 0.001078 0.127533 0.871115 0.000022
3 3 0.000427 0.003403 0.297568 0.698522 0.000079
3 3 0.000113 0.000466 0.086193 0.913220 0.000007
3 3 0.000315 0.001842 0.271089 0.726718 0.000035
3 3 0.000076 0.000336 0.052174 0.947410 0.000004
3 3 0.000067 0.000294 0.064615 0.935021 0.000003
3 3 0.000176 0.000787 0.122845 0.876180 0.000013
3 3 0.000068 0.000295 0.069068 0.930566 0.000003
3 3 0.000103 0.000398 0.076616 0.922877 0.000005
3 3 0.000073 0.000324 0.054542 0.945057 0.000004
3 3 0.000016 0.000109 0.036520 0.963355 0.000001
3 3 0.000142 0.000520 0.065680 0.933649 0.000009
3 3 0.000105 0.000417 0.062928 0.936544 0.000006
3 3 0.000136 0.000522 0.058061 0.941272 0.000009
3 3 0.000071 0.000316 0.056298 0.943311 0.000004
3 3 0.000017 0.000120 0.027097 0.972766 0.000001
3 3 0.000279 0.001246 0.095180 0.903267 0.000028
3 3 0.000036 0.000198 0.043710 0.956054 0.000002
3 3 0.000173 0.000607 0.061708 0.937500 0.000011
3 3 0.004676 0.010148 0.340001 0.644405 0.000770
3 3 0.004254 0.005679 0.152974 0.836638 0.000455
2 0 0.024636 0.062168 0.736718 0.170328 0.006150
2 1 0.114040 0.143598 0.702446 0.033142 0.006774
2 2 0.037347 0.082362 0.849321 0.023643 0.007327
2 2 0.020647 0.059634 0.900826 0.012381 0.006513
2 2 0.036231 0.156837 0.775895 0.014429 0.016608
2 1 0.029991 0.178981 0.763416 0.009372 0.018239
2 1 0.038171 0.191240 0.749146 0.003723 0.017720
2 1 0.079942 0.274794 0.604505 0.004946 0.035813
1 1 0.117459 0.519226 0.303805 0.000232 0.059278
1 4 0.104773 0.405840 0.342996 0.000146 0.146246
1 4 0.087250 0.445134 0.389999 0.000164 0.077453
2 4 0.081474 0.286668 0.543361 0.000132 0.088365
2 4 0.099706 0.389473 0.404885 0.000051 0.105884
4 4 0.190727 0.196236 0.134528 0.000321 0.478189
4 0 0.121113 0.280886 0.154856 0.000631 0.442514
1 0 0.213735 0.341369 0.169467 0.001210 0.274219
4 4 0.299721 0.243077 0.088741 0.000030 0.368431
4 4 0.209147 0.315512 0.129686 0.000100 0.345554
4 4 0.110179 0.131024 0.039128 0.000021 0.719647
4 4 0.219366 0.088283 0.028958 0.000185 0.663208
4 4 0.278951 0.146382 0.035121 0.000019 0.539527
4 4 0.209431 0.112787 0.023206 0.000021 0.654556
4 4 0.180180 0.146385 0.033608 0.000027 0.639801
4 4 0.043377 0.073859 0.019168 0.000010 0.863586
4 4 0.075947 0.062780 0.020288 0.000088 0.840896
4 4 0.024759 0.059391 0.019139 0.000018 0.896693
4 4 0.068982 0.055033 0.019519 0.000152 0.856315
4 4 0.119307 0.057583 0.012690 0.000037 0.810384
4 4 0.287789 0.276201 0.083062 0.000048 0.352900
1 4 0.288822 0.380291 0.114698 0.000061 0.216128
0 0 0.361618 0.246836 0.082514 0.000030 0.309002
0 0 0.638124 0.240175 0.038998 0.000187 0.082515
0 4 0.443495 0.300196 0.069717 0.000036 0.186557
4 4 0.048755 0.202117 0.056257 0.000006 0.692865
4 4 0.048355 0.212520 0.057114 0.000012 0.681999
4 4 0.054613 0.269796 0.071286 0.000006 0.604300
4 4 0.036171 0.208073 0.066947 0.000008 0.688801
4 4 0.044935 0.204466 0.059213 0.000003 0.691382
4 4 0.025834 0.075997 0.021444 0.000006 0.876718
4 4 0.029931 0.073692 0.019156 0.000006 0.877215
4 4 0.027899 0.047510 0.014231 0.000025 0.910335
4 4 0.049284 0.057386 0.019489 0.000070 0.873772
4 4 0.047868 0.072258 0.018506 0.000012 0.861355
4 4 0.077826 0.023630 0.003389 0.000018 0.895136
4 4 0.094993 0.017812 0.002711 0.000055 0.884429
4 4 0.049598 0.025244 0.003606 0.000008 0.921544
4 4 0.144257 0.024920 0.004554 0.000113 0.826156
4 4 0.092765 0.020141 0.004178 0.000165 0.882752
4 4 0.063692 0.078258 0.027319 0.000060 0.830671
4 4 0.078230 0.094413 0.027273 0.000024 0.800060
4 4 0.034491 0.135414 0.034761 0.000010 0.795325
4 4 0.049175 0.119762 0.028507 0.000003 0.802553
4 4 0.129263 0.118722 0.019799 0.000005 0.732212
4 4 0.087813 0.170816 0.030075 0.000005 0.711290
4 4 0.038508 0.156641 0.035162 0.000001 0.769687
4 4 0.030777 0.139899 0.045870 0.000004 0.783449
4 4 0.046048 0.153579 0.041541 0.000007 0.758825
4 4 0.036715 0.169656 0.041095 0.000020 0.752514
4 4 0.024815 0.198949 0.057722 0.000023 0.718491
4 4 0.030604 0.140908 0.045174 0.000004 0.783311
4 4 0.040741 0.164086 0.055703 0.000023 0.739447
4 4 0.016183 0.116914 0.049031 0.000007 0.817864
4 4 0.031405 0.112491 0.037273 0.000008 0.818823
4 0 0.292821 0.196479 0.045164 0.000008 0.465528
0 0 0.465229 0.218709 0.029135 0.000073 0.286855
4 1 0.233121 0.256081 0.041719 0.000004 0.469076
4 1 0.126276 0.305379 0.071062 0.000009 0.497274
4 1 0.111349 0.255203 0.062066 0.000008 0.571374
1 1 0.017493 0.352714 0.297484 0.000019 0.332289
2 2 0.009626 0.259857 0.527844 0.000033 0.202641
2 2 0.018678 0.310462 0.456726 0.000026 0.214108
2 2 0.012200 0.293234 0.359688 0.000016 0.334861
1 2 0.011643 0.369014 0.358346 0.000009 0.260989
1 1 0.020996 0.400080 0.233709 0.000004 0.345211
