3 3 0.000038 0.000573 0.019941 0.979371 0.000077
3 3 0.000016 0.000340 0.016586 0.983023 0.000035
3 3 0.000053 0.000728 0.022590 0.976525 0.000104
3 3 0.000030 0.000631 0.028508 0.970776 0.000055
3 3 0.000006 0.000167 0.011326 0.988486 0.000014
3 3 0.000007 0.000266 0.022176 0.977537 0.000014
3 3 0.000012 0.000250 0.012936 0.986775 0.000027
3 3 0.000018 0.000392 0.019315 0.980237 0.000037
3 3 0.000005 0.000139 0.009497 0.990347 0.000013
3 3 0.000035 0.000541 0.019353 0.980000 0.000071
3 3 0.000006 0.000163 0.010322 0.989494 0.000016
3 3 0.000011 0.000237 0.012567 0.987161 0.000025
3 3 0.000010 0.000216 0.011980 0.987772 0.000022
3 3 0.000041 0.000791 0.032463 0.966633 0.000073
3 3 0.000020 0.000366 0.015791 0.983778 0.000044
3 3 0.000016 0.000352 0.017638 0.981959 0.000034
3 3 0.000011 0.000233 0.012463 0.987269 0.000025
3 3 0.000016 0.000315 0.014587 0.985046 0.000036
3 3 0.000011 0.000233 0.012454 0.987278 0.000024
3 3 0.000018 0.000365 0.017368 0.982211 0.000038
3 3 0.000013 0.000261 0.013225 0.986473 0.000028
3 3 0.000010 0.000280 0.018115 0.981575 0.000021
3 3 0.000006 0.000161 0.010271 0.989547 0.000015
3 3 0.000010 0.000215 0.011952 0.987801 0.000022
3 3 0.000009 0.000206 0.011675 0.988089 0.000021
3 3 0.000035 0.000541 0.019345 0.980008 0.000071
3 3 0.000024 0.000413 0.016818 0.982694 0.000051
3 3 0.000014 0.000279 0.013689 0.985988 0.000031
3 3 0.000016 0.000312 0.014530 0.985106 0.000036
3 3 0.000059 0.000787 0.023524 0.975515 0.000115
3 3 0.000073 0.000945 0.026970 0.971876 0.000136
3 3 0.000041 0.000607 0.020542 0.978728 0.000082
3 3 0.000013 0.000263 0.013290 0.986405 0.000029
3 3 0.000024 0.000420 0.016961 0.982542 0.000052
3 3 0.000057 0.000771 0.023264 0.975797 0.000112
3 3 0.000012 0.000247 0.012839 0.986876 0.000026
3 3 0.000018 0.000340 0.015191 0.984411 0.000040
3 3 0.000021 0.000377 0.016019 0.983538 0.000045
3 3 0.000035 0.000537 0.019278 0.980079 0.000071
3 3 0.000030 0.000483 0.018245 0.981181 0.000062
3 3 0.000011 0.000241 0.012697 0.987025 0.000026
3 3 0.000050 0.000702 0.022166 0.976983 0.000099
3 3 0.000012 0.000260 0.013186 0.986514 0.000028
3 3 0.000010 0.000218 0.012024 0.987726 0.000022
3 3 0.000006 0.000152 0.009956 0.989873 0.000014
3 3 0.000030 0.000481 0.018199 0.981229 0.000061
3 3 0.000010 0.000227 0.012302 0.987437 0.000024
3 3 0.000006 0.000159 0.010217 0.989603 0.000015
3 3 0.000005 0.000135 0.009383 0.990464 0.000012
3 3 0.000002 0.000075 0.006895 0.993021 0.000006
3 3 0.000035 0.000540 0.019329 0.980026 0.000071
3 3 0.000039 0.000587 0.020193 0.979102 0.000079
3 3 0.000018 0.000335 0.015080 0.984527 0.000039
3 3 0.000023 0.000398 0.016498 0.983033 0.000048
3 3 0.000016 0.000316 0.014624 0.985007 0.000036
3 3 0.000019 0.000357 0.015575 0.984006 0.000042
3 3 0.000030 0.000485 0.018273 0.981150 0.000062
3 3 0.000103 0.001165 0.028834 0.969710 0.000188
3 3 0.000063 0.001073 0.037739 0.961016 0.000108
3 3 0.000469 0.007053 0.171173 0.820789 0.000515
2 3 0.091664 0.393752 0.462037 0.018439 0.034108
1 3 0.110254 0.451343 0.386602 0.011980 0.039821
2 0 0.118885 0.360833 0.473146 0.013852 0.033283
2 0 0.308193 0.303446 0.331208 0.007539 0.049614
1 0 0.177057 0.459690 0.327803 0.002318 0.033132
1 2 0.085436 0.610375 0.232923 0.000639 0.070626
1 1 0.126751 0.666568 0.155139 0.000324 0.051218
1 2 0.118755 0.655831 0.175967 0.000382 0.049064
1 1 0.116259 0.613977 0.185822 0.000777 0.083165
1 1 0.092906 0.603203 0.233725 0.000771 0.069396
1 1 0.068595 0.670722 0.228752 0.000161 0.031769
1 1 0.090281 0.680611 0.189795 0.000201 0.039112
1 2 0.060985 0.666398 0.222841 0.000178 0.049598
1 2 0.057873 0.673294 0.228224 0.000140 0.040469
1 2 0.070977 0.671266 0.226896 0.000164 0.030697
1 1 0.078259 0.607874 0.287841 0.000396 0.025630
1 2 0.038828 0.552517 0.377780 0.000420 0.030455
1 2 0.041546 0.606109 0.332081 0.000143 0.020121
1 2 0.062243 0.605820 0.310167 0.000271 0.021500
1 2 0.040982 0.538496 0.392666 0.000405 0.027452
2 2 0.025303 0.415629 0.543869 0.000648 0.014551
2 2 0.037768 0.453284 0.495255 0.000650 0.013043
2 1 0.015323 0.413933 0.561704 0.000158 0.008882
2 2 0.024464 0.340757 0.624333 0.001532 0.008914
2 2 0.017507 0.404390 0.564310 0.000326 0.013467
1 2 0.047439 0.533719 0.367936 0.000885 0.050021
1 2 0.066400 0.607089 0.281169 0.000432 0.044911
1 2 0.044143 0.613078 0.305731 0.000204 0.036844
1 1 0.047208 0.628020 0.298091 0.000117 0.026564
1 1 0.074680 0.633951 0.245682 0.000349 0.045338
1 2 0.030128 0.738400 0.195051 0.000021 0.036399
1 2 0.030864 0.702308 0.212465 0.000009 0.054354
1 1 0.042680 0.791381 0.130266 0.000013 0.035660
1 2 0.016614 0.726949 0.206479 0.000011 0.049947
1 2 0.021142 0.681094 0.242343 0.000032 0.055389
1 1 0.007216 0.732596 0.188858 0.000002 0.071328
1 2 0.010630 0.804904 0.145789 0.000001 0.038675
1 2 0.005774 0.698717 0.240984 0.000002 0.054523
1 2 0.014339 0.608504 0.290539 0.000003 0.086615
1 2 0.021228 0.674355 0.220645 0.000037 0.083735
1 1 0.048788 0.817669 0.099065 0.000006 0.034471
1 1 0.066702 0.818693 0.084681 0.000009 0.029916
1 1 0.090459 0.815198 0.059213 0.000001 0.035128
1 1 0.054803 0.810080 0.097174 0.000007 0.037936
1 2 0.036910 0.787320 0.133331 0.000012 0.042427
1 2 0.034554 0.702867 0.229537 0.000041 0.033001
1 2 0.038590 0.695432 0.223691 0.000060 0.042228
1 2 0.022031 0.528372 0.416985 0.000007 0.032605
1 2 0.011380 0.589453 0.365922 0.000027 0.033218
1 1 0.049285 0.684062 0.230350 0.000020 0.036284
1 1 0.095269 0.743801 0.113059 0.000065 0.047806
1 1 0.119766 0.739887 0.108422 0.000067 0.031858
1 1 0.093425 0.741208 0.127005 0.000068 0.038294
1 1 0.193928 0.647421 0.112548 0.000007 0.046096
0 0 0.780505 0.180117 0.007183 0.000003 0.032191
0 0 0.817065 0.150725 0.007013 0.000002 0.025195
0 0 0.580135 0.370926 0.014905 0.000003 0.034031
0 0 0.912654 0.053671 0.002942 0.000005 0.030728
0 0 0.695049 0.245837 0.009055 0.000003 0.050056
0 0 0.742541 0.212944 0.008572 0.000004 0.035939
0 0 0.711208 0.220680 0.010514 0.000003 0.057595
0 0 0.870874 0.108111 0.002283 0.000000 0.018732
0 0 0.891039 0.078442 0.004591 0.000003 0.025925
0 0 0.836103 0.123262 0.003696 0.000003 0.036936
0 0 0.784354 0.176474 0.008340 0.000004 0.030827
0 0 0.908204 0.040102 0.001985 0.000007 0.049702
0 0 0.951743 0.018939 0.001346 0.000006 0.027967
0 0 0.911035 0.045446 0.001915 0.000007 0.041597
0 0 0.816240 0.076696 0.004520 0.000020 0.102524
0 0 0.931504 0.031800 0.001386 0.000004 0.035306
0 0 0.714164 0.130331 0.006064 0.000007 0.149434
0 0 0.806531 0.097439 0.003065 0.000005 0.092960
0 0 0.849022 0.079147 0.002837 0.000002 0.068992
0 0 0.622006 0.119950 0.005435 0.000011 0.252599
0 0 0.696713 0.166010 0.004086 0.000003 0.133187
0 0 0.658772 0.144548 0.003875 0.000006 0.192799
0 0 0.433255 0.289151 0.007972 0.000005 0.269616
0 0 0.574643 0.200816 0.004044 0.000005 0.220491
0 0 0.590995 0.173509 0.006129 0.000013 0.229354
0 0 0.584969 0.117727 0.005184 0.000008 0.292111
0 0 0.721502 0.108089 0.004086 0.000009 0.166313
0 0 0.725331 0.116891 0.003008 0.000004 0.154765
0 0 0.600588 0.185582 0.007110 0.000024 0.206695
0 0 0.674481 0.127968 0.004846 0.000011 0.192695
0 0 0.689564 0.150970 0.004005 0.000008 0.155454
0 0 0.501331 0.278580 0.007045 0.000002 0.213042
1 0 0.319467 0.380399 0.013576 0.000010 0.286549
0 0 0.409330 0.241177 0.008312 0.000008 0.341173
0 0 0.602902 0.143029 0.002368 0.000001 0.251700
0 0 0.610567 0.139581 0.003220 0.000002 0.246629
0 0 0.556045 0.153412 0.019477 0.000094 0.270972
0 0 0.459229 0.349182 0.013543 0.000008 0.178037
1 0 0.333308 0.382966 0.018680 0.000007 0.265040
1 0 0.350098 0.465299 0.016928 0.000002 0.167674
0 0 0.668021 0.219428 0.009501 0.000004 0.103046
0 0 0.844191 0.119615 0.002860 0.000001 0.033334
0 0 0.781180 0.164544 0.005411 0.000001 0.048865
0 0 0.526205 0.401075 0.015426 0.000001 0.057293
0 0 0.839163 0.132845 0.003450 0.000000 0.024541
0 0 0.723352 0.236896 0.006211 0.000000 0.033541
0 0 0.664888 0.295967 0.011780 0.000001 0.027363
0 0 0.581931 0.365042 0.010285 0.000001 0.042740
0 0 0.706165 0.270164 0.005927 0.000000 0.017744
0 0 0.712776 0.262469 0.006717 0.000000 0.018037
0 0 0.732967 0.239147 0.006693 0.000000 0.021193
0 0 0.922579 0.061632 0.002023 0.000000 0.013765
0 0 0.864922 0.117708 0.003124 0.000000 0.014245
0 0 0.722916 0.244163 0.007170 0.000001 0.025750
0 0 0.945048 0.038467 0.001538 0.000001 0.014946
0 0 0.976706 0.007903 0.000781 0.000004 0.014607
0 0 0.820641 0.061122 0.003726 0.000012 0.114499
0 0 0.784584 0.066958 0.005022 0.000019 0.143417
0 0 0.663040 0.120115 0.005262 0.000012 0.211571
0 0 0.677839 0.091272 0.005316 0.000012 0.225561
0 0 0.546594 0.167173 0.007971 0.000024 0.278238
4 0 0.265069 0.177616 0.007325 0.000010 0.549980
0 0 0.779819 0.084196 0.001759 0.000001 0.134224
0 0 0.595391 0.112489 0.003968 0.000004 0.288147
0 0 0.520326 0.143306 0.003744 0.000003 0.332622
0 0 0.621858 0.109132 0.002180 0.000001 0.266829
0 0 0.617061 0.193240 0.005228 0.000002 0.184469
0 0 0.505625 0.277122 0.006264 0.000003 0.210985
0 0 0.570848 0.258213 0.005311 0.000002 0.165626
0 0 0.618750 0.200018 0.004266 0.000001 0.176965
0 0 0.535591 0.210810 0.003680 0.000001 0.249918
1 0 0.294783 0.596482 0.038454 0.000006 0.070274
0 0 0.483332 0.433622 0.026117 0.000015 0.056913
0 0 0.847455 0.125315 0.006867 0.000002 0.020361
0 0 0.893472 0.071148 0.004904 0.000000 0.030475
0 0 0.761225 0.201309 0.006244 0.000000 0.031221
0 0 0.670465 0.271427 0.009498 0.000002 0.048608
0 0 0.840062 0.115831 0.004477 0.000002 0.039628
0 0 0.602266 0.306471 0.009567 0.000003 0.081693
0 0 0.570462 0.325725 0.014855 0.000003 0.088955
0 0 0.815950 0.108466 0.004275 0.000002 0.071306
0 0 0.651680 0.162571 0.006119 0.000009 0.179621
0 0 0.671942 0.193473 0.006425 0.000003 0.128158
0 0 0.786235 0.089483 0.004444 0.000006 0.119832
0 0 0.825998 0.082975 0.002501 0.000004 0.088522
0 0 0.837184 0.077661 0.002447 0.000003 0.082705
1 0 0.367871 0.525047 0.025251 0.000001 0.081830
1 0 0.263595 0.614823 0.041757 0.000007 0.079819
0 0 0.770895 0.193760 0.003915 0.000000 0.031430
0 0 0.656566 0.288524 0.007983 0.000001 0.046926
0 0 0.785727 0.188068 0.002877 0.000000 0.023328
0 0 0.851484 0.118857 0.005574 0.000002 0.024082
0 0 0.755031 0.198259 0.012529 0.000008 0.034172
0 0 0.833564 0.118960 0.009919 0.000012 0.037544
0 0 0.807786 0.165295 0.005935 0.000001 0.020984
0 0 0.818126 0.146092 0.008572 0.000004 0.027206
0 0 0.697843 0.237090 0.004719 0.000000 0.060348
0 0 0.576966 0.368442 0.007098 0.000000 0.047495
1 0 0.391937 0.525423 0.011260 0.000000 0.071380
0 0 0.581553 0.353713 0.008594 0.000000 0.056140
0 0 0.514246 0.414951 0.007984 0.000000 0.062819
0 0 0.710875 0.193373 0.008588 0.000008 0.087156
0 0 0.922246 0.032309 0.001499 0.000003 0.043943
0 0 0.861359 0.075012 0.002391 0.000007 0.061230
0 0 0.794131 0.085053 0.005780 0.000032 0.115003
0 0 0.699566 0.141328 0.010103 0.000088 0.148915
0 0 0.731786 0.121407 0.006234 0.000029 0.140544
0 0 0.619043 0.200229 0.013879 0.000045 0.166804
0 0 0.621450 0.178781 0.010283 0.000018 0.189469
4 0 0.327177 0.233492 0.058096 0.002408 0.378827
4 0 0.288886 0.331323 0.046726 0.000590 0.332475
4 0 0.282323 0.250157 0.018896 0.000088 0.448535
0 0 0.541769 0.107740 0.010514 0.000042 0.339935
0 0 0.466457 0.173584 0.012346 0.000056 0.347556
0 0 0.438028 0.228773 0.017410 0.000141 0.315647
0 0 0.469716 0.261328 0.008911 0.000032 0.260014
0 0 0.571431 0.218849 0.008653 0.000040 0.201027
0 0 0.677436 0.129816 0.011466 0.000099 0.181184
0 0 0.789354 0.120394 0.004677 0.000007 0.085567
0 0 0.873270 0.042514 0.003417 0.000015 0.080784
4 0 0.298087 0.296523 0.031666 0.000509 0.373216
4 0 0.166643 0.124883 0.018613 0.000090 0.689770
4 0 0.162601 0.217364 0.011485 0.000028 0.608521
4 0 0.243428 0.118070 0.007134 0.000009 0.631359
0 0 0.456681 0.104315 0.004654 0.000004 0.434346
0 0 0.499841 0.078286 0.005322 0.000007 0.416544
0 0 0.909147 0.036359 0.004662 0.000058 0.049775
0 0 0.499096 0.140685 0.022307 0.000265 0.337648
0 0 0.698578 0.080160 0.016939 0.000255 0.204069
0 0 0.839018 0.048290 0.005654 0.000037 0.107001
0 0 0.681532 0.126402 0.009004 0.000054 0.183007
0 0 0.450459 0.126965 0.012317 0.000050 0.410209
4 0 0.278009 0.089633 0.022325 0.000164 0.609869
4 0 0.278093 0.198716 0.019638 0.000124 0.503429
4 0 0.340679 0.164913 0.018915 0.000122 0.475371
4 0 0.267541 0.192268 0.022884 0.000178 0.517129
4 0 0.151125 0.369102 0.038865 0.000056 0.440852
4 0 0.185861 0.361819 0.025548 0.000043 0.426729
1 0 0.171516 0.421156 0.033171 0.000057 0.374100
4 0 0.175267 0.388370 0.036034 0.000063 0.400266
4 0 0.227176 0.359138 0.046202 0.000079 0.367405
0 0 0.493410 0.180841 0.015382 0.000099 0.310267
1 0 0.260443 0.390012 0.035993 0.000163 0.313390
4 0 0.336255 0.255099 0.024323 0.000061 0.384262
0 0 0.520013 0.160854 0.016842 0.000144 0.302146
4 0 0.368659 0.201872 0.019296 0.000143 0.410030
0 0 0.743084 0.140504 0.014000 0.000302 0.102110
0 0 0.927247 0.031647 0.003069 0.000028 0.038009
0 0 0.923746 0.035604 0.002401 0.000015 0.038234
0 0 0.956441 0.017322 0.001548 0.000010 0.024680
0 0 0.965966 0.012455 0.001297 0.000008 0.020274
0 0 0.941107 0.030615 0.001900 0.000005 0.026372
0 0 0.864340 0.089662 0.006998 0.000014 0.038986
0 0 0.858938 0.102319 0.003814 0.000003 0.034925
0 0 0.696530 0.233985 0.011314 0.000012 0.058158
0 0 0.702553 0.250365 0.010969 0.000005 0.036109
0 0 0.651407 0.294758 0.015242 0.000008 0.038585
0 0 0.812871 0.148259 0.006323 0.000004 0.032543
0 0 0.912146 0.052384 0.006252 0.000019 0.029199
0 0 0.888502 0.059293 0.002650 0.000013 0.049542
0 0 0.798759 0.156046 0.005998 0.000005 0.039192
0 0 0.869979 0.070169 0.003412 0.000020 0.056420
0 0 0.959542 0.015674 0.001480 0.000009 0.023295
0 0 0.887984 0.056912 0.003522 0.000025 0.051557
0 0 0.611606 0.244945 0.018751 0.000150 0.124548
0 0 0.912232 0.033868 0.007067 0.000178 0.046656
0 0 0.595150 0.174876 0.010788 0.000065 0.219121
0 0 0.754917 0.083435 0.012704 0.000174 0.148769
0 0 0.585397 0.180809 0.012504 0.000093 0.221198
0 0 0.848488 0.063558 0.006066 0.000056 0.081832
0 0 0.614334 0.145733 0.016086 0.000180 0.223667
0 0 0.814901 0.120683 0.007403 0.000029 0.056984
0 0 0.983496 0.005323 0.000450 0.000001 0.010729
0 0 0.986839 0.004134 0.000303 0.000001 0.008724
0 0 0.983737 0.004918 0.000555 0.000002 0.010787
0 0 0.975926 0.010653 0.000790 0.000001 0.012629
0 0 0.980456 0.005927 0.000812 0.000005 0.012801
0 0 0.983545 0.004490 0.000804 0.000006 0.011155
0 0 0.975669 0.007534 0.001191 0.000010 0.015597
0 0 0.970407 0.011425 0.000765 0.000003 0.017401
0 0 0.979504 0.007546 0.000686 0.000002 0.012262
0 0 0.909504 0.033406 0.001994 0.000006 0.055090
0 0 0.793216 0.089854 0.002593 0.000004 0.114332
0 0 0.712429 0.103463 0.004440 0.000010 0.179658
0 0 0.403006 0.334510 0.017640 0.000023 0.244822
0 0 0.662818 0.152471 0.005185 0.000007 0.179519
0 0 0.442695 0.197311 0.007955 0.000015 0.352023
0 0 0.616418 0.105642 0.006784 0.000011 0.271146
0 0 0.462199 0.138938 0.008783 0.000022 0.390058
1 0 0.301327 0.354409 0.019928 0.000051 0.324284
4 0 0.372581 0.187469 0.010305 0.000024 0.429621
1 0 0.385011 0.449936 0.024204 0.000034 0.140815
1 0 0.295043 0.500392 0.035588 0.000022 0.168954
1 0 0.192430 0.507717 0.056584 0.000087 0.243181
1 0 0.279269 0.489656 0.037575 0.000026 0.193475
1 0 0.261841 0.547427 0.040026 0.000025 0.150681
0 0 0.698936 0.174838 0.014075 0.000069 0.112082
0 0 0.742929 0.166877 0.005301 0.000001 0.084892
0 0 0.564373 0.248573 0.011291 0.000012 0.175751
0 0 0.476811 0.289516 0.024315 0.000064 0.209293
1 0 0.326657 0.448825 0.035944 0.000063 0.188511
4 0 0.288664 0.173093 0.014093 0.000053 0.524097
4 0 0.292337 0.156805 0.017612 0.000092 0.533153
4 0 0.338794 0.177306 0.009687 0.000023 0.474191
0 0 0.456253 0.100936 0.013049 0.000058 0.429705
0 0 0.696893 0.076538 0.008575 0.000044 0.217951
0 0 0.654667 0.199439 0.029956 0.000878 0.115059
0 0 0.877842 0.041095 0.015385 0.000823 0.064856
0 0 0.927175 0.024145 0.007826 0.000289 0.040564
0 0 0.867894 0.060317 0.008359 0.000169 0.063262
0 0 0.797511 0.132203 0.015931 0.000075 0.054281
0 0 0.638866 0.172790 0.010524 0.000077 0.177742
0 0 0.539715 0.139254 0.012291 0.000066 0.308676
0 0 0.421635 0.260199 0.025872 0.000274 0.292020
0 0 0.560068 0.152702 0.014479 0.000111 0.272640
0 0 0.743315 0.111683 0.007107 0.000042 0.137853
0 0 0.864153 0.062294 0.003736 0.000020 0.069797
0 0 0.624126 0.172506 0.007645 0.000031 0.195691
0 0 0.629530 0.121069 0.007335 0.000024 0.242042
0 0 0.684424 0.136572 0.005722 0.000018 0.173264
0 0 0.703668 0.104704 0.006345 0.000023 0.185260
0 0 0.701012 0.196014 0.020483 0.000117 0.082373
0 0 0.769697 0.104219 0.029380 0.000661 0.096042
0 0 0.928688 0.031558 0.002719 0.000022 0.037014
0 0 0.759303 0.076060 0.016525 0.000345 0.147768
0 0 0.844962 0.079992 0.006306 0.000072 0.068669
0 0 0.453595 0.144220 0.013660 0.000067 0.388458
4 0 0.343321 0.223387 0.009172 0.000021 0.424098
0 0 0.587229 0.115123 0.004025 0.000004 0.293618
0 0 0.568883 0.157733 0.004957 0.000008 0.268419
0 0 0.665732 0.098990 0.005767 0.000015 0.229497
0 0 0.872652 0.057925 0.002493 0.000008 0.066922
0 0 0.736733 0.102899 0.012258 0.000153 0.147956
0 0 0.547121 0.271732 0.023688 0.000187 0.157272
0 0 0.742073 0.155442 0.005099 0.000014 0.097372
0 0 0.657055 0.190798 0.010301 0.000053 0.141793
0 0 0.512664 0.242247 0.011927 0.000023 0.233138
0 0 0.452027 0.283727 0.012021 0.000012 0.252213
0 0 0.461633 0.339281 0.018491 0.000019 0.180577
0 0 0.541750 0.232777 0.013468 0.000022 0.211982
0 0 0.542660 0.245736 0.013799 0.000023 0.197783
0 0 0.519754 0.386162 0.040145 0.000078 0.053861
0 0 0.903114 0.056122 0.007009 0.000029 0.033726
0 0 0.979558 0.006813 0.000631 0.000003 0.012995
0 0 0.984871 0.004677 0.000438 0.000002 0.010013
0 0 0.985762 0.004416 0.000379 0.000001 0.009442
0 0 0.990320 0.002397 0.000359 0.000002 0.006922
0 0 0.988105 0.003860 0.000212 0.000000 0.007822
0 0 0.985234 0.004714 0.000367 0.000001 0.009684
0 0 0.963405 0.010537 0.003279 0.000076 0.022704
0 0 0.887658 0.076237 0.004350 0.000006 0.031749
1 0 0.274739 0.574246 0.022796 0.000021 0.128199
0 0 0.888513 0.057843 0.003085 0.000018 0.050540
0 0 0.386745 0.294768 0.023809 0.000068 0.294610
0 0 0.466995 0.196859 0.021116 0.000100 0.314931
0 0 0.824494 0.064846 0.003290 0.000008 0.107363
0 0 0.919122 0.037866 0.002699 0.000018 0.040295
0 0 0.911693 0.031216 0.002927 0.000017 0.054147
0 0 0.956034 0.015141 0.001930 0.000015 0.026879
0 0 0.962437 0.015945 0.000827 0.000002 0.020789
0 0 0.896784 0.042532 0.001731 0.000004 0.058949
0 0 0.822016 0.067045 0.018895 0.000846 0.091198
0 0 0.757936 0.130456 0.015892 0.000360 0.095357
0 0 0.904903 0.040040 0.006048 0.000110 0.048900
0 0 0.604643 0.211735 0.036892 0.000671 0.146059
0 0 0.785564 0.090124 0.016490 0.000471 0.107351
0 0 0.903245 0.038504 0.003103 0.000018 0.055130
0 0 0.846844 0.049544 0.007565 0.000087 0.095961
0 0 0.836451 0.053670 0.009260 0.000134 0.100485
0 0 0.753626 0.100509 0.010274 0.000109 0.135483
0 0 0.725632 0.117384 0.011393 0.000127 0.145465
0 0 0.559712 0.297714 0.029971 0.000126 0.112476
0 0 0.847464 0.077817 0.006698 0.000085 0.067937
0 0 0.441754 0.417192 0.041219 0.000093 0.099741
0 0 0.730436 0.159079 0.011770 0.000017 0.098699
0 0 0.577609 0.283305 0.028377 0.000137 0.110572
0 0 0.923429 0.039016 0.001481 0.000005 0.036070
0 0 0.926608 0.033594 0.002454 0.000016 0.037327
0 0 0.727592 0.090723 0.011274 0.000109 0.170301
0 0 0.731634 0.111137 0.015719 0.000097 0.141413
0 0 0.758933 0.105123 0.012271 0.000039 0.123634
0 0 0.815352 0.075955 0.007025 0.000062 0.101607
0 0 0.662748 0.170272 0.014996 0.000198 0.151786
0 0 0.797988 0.128646 0.006421 0.000010 0.066935
0 0 0.674935 0.247283 0.010355 0.000013 0.067415
0 0 0.608528 0.309268 0.011401 0.000006 0.070797
0 0 0.914867 0.044691 0.001560 0.000005 0.038877
0 0 0.926024 0.036399 0.001691 0.000007 0.035879
0 0 0.890108 0.062059 0.001697 0.000004 0.046132
0 0 0.903398 0.050898 0.002032 0.000008 0.043664
0 0 0.860637 0.093395 0.003016 0.000005 0.042948
0 0 0.805232 0.141660 0.003257 0.000004 0.049848
0 0 0.770208 0.187578 0.006006 0.000003 0.036206
0 0 0.765872 0.190613 0.006659 0.000003 0.036851
0 0 0.857192 0.105397 0.002636 0.000002 0.034773
0 0 0.849553 0.123536 0.003088 0.000001 0.023821
0 0 0.709956 0.232188 0.011421 0.000012 0.046424
0 0 0.842688 0.115946 0.004802 0.000005 0.036559
0 0 0.872258 0.090868 0.005179 0.000006 0.031689
0 0 0.972095 0.010402 0.000785 0.000003 0.016715
0 0 0.822748 0.129028 0.011516 0.000006 0.036702
1 1 0.004473 0.701246 0.048780 0.000000 0.245501
1 1 0.002893 0.657458 0.069429 0.000000 0.270220
1 1 0.004392 0.800334 0.048986 0.000000 0.146288
1 1 0.008930 0.694139 0.160227 0.000005 0.136698
1 1 0.003158 0.755337 0.114541 0.000000 0.126964
1 1 0.018479 0.603273 0.035183 0.000000 0.343066
1 1 0.019263 0.607892 0.022220 0.000000 0.350625
1 1 0.020659 0.671704 0.021313 0.000000 0.286324
1 1 0.017619 0.686428 0.024584 0.000000 0.271369
1 1 0.018709 0.534589 0.024417 0.000000 0.422284
1 1 0.060504 0.457500 0.039241 0.000001 0.442753
1 4 0.091309 0.562165 0.025563 0.000001 0.320963
4 4 0.063682 0.371466 0.020161 0.000000 0.544692
1 4 0.201514 0.468125 0.016262 0.000005 0.314095
1 4 0.061740 0.464880 0.019229 0.000000 0.454151
1 4 0.133593 0.502379 0.062136 0.000330 0.301561
4 4 0.249671 0.206362 0.034258 0.000493 0.509216
4 4 0.247308 0.223958 0.020184 0.000129 0.508420
1 4 0.260359 0.447923 0.028368 0.000110 0.263240
4 4 0.373665 0.206203 0.021444 0.000191 0.398497
4 4 0.033828 0.082945 0.003170 0.000001 0.880056
4 4 0.018536 0.051046 0.003735 0.000002 0.926681
4 4 0.052120 0.043291 0.002198 0.000000 0.902390
4 4 0.028560 0.018152 0.001111 0.000000 0.952177
4 4 0.071910 0.027166 0.001396 0.000000 0.899528
4 4 0.106503 0.167488 0.010930 0.000023 0.715056
4 4 0.071355 0.042504 0.006074 0.000006 0.880061
4 4 0.165646 0.106209 0.007625 0.000010 0.720511
4 4 0.189424 0.178801 0.009286 0.000016 0.622473
4 4 0.084541 0.148734 0.010516 0.000021 0.756188
