0 0 0.701832 0.136235 0.008311 0.000003 0.153619
0 0 0.686908 0.064100 0.001406 0.000000 0.247587
0 0 0.529040 0.077756 0.003623 0.000008 0.389573
0 0 0.649587 0.134752 0.005049 0.000000 0.210613
0 1 0.456330 0.266746 0.013870 0.000000 0.263053
0 1 0.456552 0.374763 0.056320 0.000014 0.112352
0 1 0.442864 0.389389 0.069902 0.000039 0.097807
0 0 0.811508 0.120668 0.029631 0.000212 0.037981
0 0 0.834829 0.108337 0.011113 0.000033 0.045688
0 0 0.903483 0.060948 0.009147 0.000060 0.026362
0 0 0.824336 0.054041 0.002015 0.000002 0.119605
0 0 0.776604 0.062095 0.002494 0.000003 0.158805
0 0 0.538005 0.238046 0.021780 0.000007 0.202162
0 0 0.440402 0.229348 0.013137 0.000000 0.317112
0 0 0.552227 0.206196 0.014071 0.000001 0.227505
4 1 0.068621 0.334819 0.023126 0.000000 0.573433
4 1 0.052273 0.327468 0.022927 0.000000 0.597333
4 1 0.152121 0.351611 0.032287 0.000000 0.463980
4 1 0.030848 0.309617 0.035444 0.000000 0.624091
4 1 0.025000 0.273219 0.031869 0.000000 0.669913
4 1 0.054571 0.325054 0.050705 0.000001 0.569669
4 1 0.041994 0.356163 0.065822 0.000001 0.536020
4 1 0.077222 0.295027 0.038243 0.000001 0.589506
4 1 0.077537 0.341675 0.048059 0.000001 0.532728
1 1 0.121045 0.407613 0.077181 0.000012 0.394149
1 1 0.107222 0.487598 0.106056 0.000007 0.299118
1 4 0.150097 0.435008 0.092249 0.000034 0.322612
4 4 0.315564 0.219284 0.010224 0.000000 0.454928
1 4 0.108042 0.432162 0.074743 0.000003 0.385051
1 4 0.134207 0.485289 0.086395 0.000002 0.294107
4 4 0.251357 0.339292 0.060291 0.000138 0.348922
1 4 0.205872 0.427404 0.111894 0.000434 0.254395
1 4 0.193452 0.398697 0.083119 0.000102 0.324629
1 4 0.180907 0.425541 0.155837 0.004912 0.232803
1 4 0.119972 0.454397 0.169221 0.001314 0.255095
2 4 0.051871 0.248756 0.665114 0.019155 0.015105
2 4 0.048010 0.371022 0.543523 0.004079 0.033367
2 4 0.042812 0.400415 0.522739 0.004161 0.029872
2 2 0.064244 0.219214 0.687454 0.015262 0.013826
2 2 0.038438 0.209967 0.722039 0.013838 0.015718
1 2 0.357110 0.441209 0.129114 0.000470 0.072097
1 2 0.219854 0.473388 0.221995 0.005768 0.078996
0 2 0.402244 0.381530 0.122830 0.004812 0.088583
0 4 0.567267 0.279048 0.059624 0.001642 0.092420
1 4 0.207656 0.444461 0.239159 0.024696 0.084028
2 4 0.076684 0.326768 0.559076 0.014361 0.023111
1 2 0.072632 0.443782 0.357643 0.026262 0.099681
2 2 0.051160 0.194260 0.722015 0.021999 0.010566
2 2 0.179927 0.287989 0.495847 0.014940 0.021297
2 2 0.066790 0.280185 0.608217 0.023987 0.020820
2 2 0.029705 0.109636 0.830636 0.025722 0.004301
2 2 0.016877 0.066501 0.849439 0.063009 0.004174
2 2 0.011335 0.067000 0.888988 0.029479 0.003198
2 2 0.025099 0.078083 0.829090 0.063495 0.004234
2 2 0.030958 0.151680 0.770395 0.038053 0.008914
2 2 0.019449 0.071602 0.856921 0.048990 0.003037
2 2 0.013661 0.048533 0.786555 0.147470 0.003781
2 2 0.020777 0.051257 0.841648 0.083923 0.002396
2 2 0.013019 0.045946 0.757316 0.179309 0.004412
2 2 0.006302 0.025966 0.888036 0.078301 0.001393
2 2 0.005260 0.019063 0.779469 0.194474 0.001735
2 2 0.024679 0.060793 0.827384 0.084485 0.002659
2 2 0.019743 0.063176 0.866980 0.047926 0.002174
2 2 0.015750 0.036934 0.715284 0.229018 0.003014
2 2 0.009971 0.034709 0.869857 0.083729 0.001734
2 2 0.011026 0.015757 0.770184 0.202334 0.000699
2 2 0.016514 0.026577 0.639398 0.315323 0.002188
2 2 0.014184 0.032118 0.585851 0.364336 0.003511
2 2 0.011363 0.020941 0.747908 0.218606 0.001182
2 2 0.016558 0.026489 0.749818 0.205774 0.001360
3 2 0.001229 0.001741 0.281985 0.714858 0.000187
3 2 0.004537 0.003704 0.400123 0.591432 0.000204
2 2 0.006167 0.006781 0.510627 0.476076 0.000349
3 2 0.001804 0.001590 0.174940 0.821495 0.000172
3 2 0.003368 0.003304 0.248033 0.744954 0.000341
2 2 0.004956 0.009478 0.554877 0.429822 0.000867
3 2 0.005623 0.008625 0.490021 0.494978 0.000753
3 2 0.007008 0.008777 0.420223 0.563064 0.000927
3 2 0.003020 0.006877 0.494046 0.495274 0.000783
3 2 0.003556 0.006233 0.367914 0.621505 0.000792
3 2 0.002618 0.004771 0.314850 0.676810 0.000950
3 2 0.005353 0.008672 0.267797 0.716016 0.002162
3 2 0.002661 0.004450 0.185019 0.806613 0.001257
3 2 0.006391 0.009018 0.253106 0.729328 0.002157
2 2 0.120577 0.072969 0.501712 0.301323 0.003418
2 2 0.096355 0.215838 0.601798 0.069786 0.016223
2 2 0.062971 0.144390 0.685802 0.097190 0.009648
2 2 0.063818 0.178860 0.660901 0.083103 0.013319
2 2 0.060272 0.190482 0.684173 0.052831 0.012242
2 2 0.082346 0.208456 0.605941 0.085338 0.017920
2 2 0.068300 0.111034 0.739616 0.077140 0.003910
2 2 0.032946 0.075124 0.813782 0.075166 0.002982
2 2 0.022927 0.065011 0.768977 0.138756 0.004330
2 2 0.015474 0.046344 0.684183 0.249207 0.004791
2 2 0.015098 0.063563 0.769413 0.145993 0.005933
2 2 0.004489 0.015934 0.736926 0.240937 0.001713
2 2 0.012863 0.033497 0.605361 0.343924 0.004354
2 2 0.018502 0.037633 0.680674 0.259989 0.003202
2 2 0.022304 0.060786 0.763564 0.149147 0.004199
2 2 0.027727 0.052414 0.633425 0.281196 0.005239
2 2 0.012629 0.033420 0.804816 0.147193 0.001942
2 2 0.011886 0.032489 0.710373 0.242151 0.003102
2 2 0.007095 0.026569 0.714869 0.248553 0.002914
2 2 0.011534 0.018830 0.528249 0.438889 0.002499
2 2 0.025609 0.063634 0.709815 0.196027 0.004915
2 2 0.092189 0.332111 0.494723 0.040599 0.040379
2 2 0.076121 0.237942 0.604002 0.060666 0.021270
2 2 0.082872 0.299982 0.549493 0.037944 0.029709
2 2 0.104492 0.282478 0.548065 0.041071 0.023893
2 2 0.034133 0.125733 0.795880 0.036865 0.007389
2 2 0.065626 0.215264 0.677456 0.029909 0.011745
2 2 0.079413 0.188994 0.670423 0.050801 0.010369
2 2 0.083700 0.208962 0.620587 0.070824 0.015927
2 2 0.057216 0.191947 0.711161 0.030244 0.009432
2 2 0.086377 0.230140 0.655925 0.018053 0.009505
2 2 0.056705 0.160139 0.725905 0.049350 0.007901
2 2 0.057858 0.150227 0.748732 0.037411 0.005772
2 2 0.059445 0.185772 0.723234 0.023981 0.007569
2 2 0.061930 0.130090 0.695608 0.104304 0.008069
2 2 0.079668 0.212313 0.674247 0.024421 0.009351
2 2 0.095622 0.340663 0.537585 0.008210 0.017921
2 2 0.113715 0.309581 0.531993 0.022930 0.021782
2 2 0.091752 0.241356 0.610952 0.039915 0.016025
2 2 0.070879 0.249647 0.647754 0.018692 0.013029
2 2 0.103991 0.366757 0.505433 0.005728 0.018091
1 2 0.089011 0.496803 0.374745 0.002693 0.036748
2 2 0.089481 0.303970 0.586093 0.007655 0.012800
2 2 0.125176 0.416318 0.430963 0.004582 0.022961
1 2 0.102691 0.511314 0.358999 0.001198 0.025798
1 2 0.111526 0.506822 0.345962 0.002191 0.033499
0 2 0.855396 0.105337 0.011883 0.000057 0.027327
0 2 0.970649 0.019708 0.002088 0.000003 0.007553
0 0 0.960818 0.026318 0.005321 0.000020 0.007523
0 0 0.962964 0.025703 0.004005 0.000012 0.007317
0 0 0.940587 0.040610 0.001955 0.000002 0.016846
0 0 0.858208 0.113993 0.012105 0.000016 0.015678
0 0 0.742981 0.210050 0.023674 0.000003 0.023292
0 0 0.768399 0.191167 0.020885 0.000002 0.019547
0 0 0.786155 0.170454 0.018694 0.000007 0.024689
0 0 0.691931 0.248133 0.038737 0.000015 0.021185
0 0 0.771462 0.175109 0.023914 0.000059 0.029456
0 0 0.793284 0.167309 0.014613 0.000001 0.024793
0 0 0.905050 0.073851 0.004648 0.000001 0.016450
0 0 0.880611 0.089552 0.006402 0.000003 0.023432
0 0 0.765658 0.187720 0.020201 0.000004 0.026418
0 0 0.914122 0.063063 0.007848 0.000027 0.014939
0 0 0.951577 0.035501 0.003330 0.000009 0.009584
0 0 0.947226 0.037046 0.008928 0.000068 0.006731
0 0 0.876963 0.092051 0.008107 0.000018 0.022861
0 0 0.962744 0.026309 0.004097 0.000013 0.006838
0 0 0.927687 0.046467 0.002760 0.000005 0.023080
0 0 0.888140 0.070983 0.004951 0.000018 0.035907
0 0 0.885164 0.080812 0.005905 0.000009 0.028110
0 0 0.933476 0.045378 0.002495 0.000005 0.018647
0 0 0.914608 0.060406 0.003593 0.000003 0.021390
0 0 0.897418 0.072747 0.005933 0.000029 0.023873
0 0 0.903460 0.066940 0.004967 0.000020 0.024614
0 0 0.879954 0.086325 0.006154 0.000005 0.027562
0 0 0.901038 0.069374 0.004459 0.000005 0.025124
0 0 0.882120 0.088803 0.006281 0.000003 0.022793
0 0 0.728165 0.213771 0.025934 0.000008 0.032122
0 1 0.915640 0.060025 0.003331 0.000002 0.021003
0 0 0.851071 0.111961 0.008468 0.000003 0.028498
0 0 0.724284 0.204712 0.023404 0.000013 0.047587
0 0 0.733243 0.205195 0.020367 0.000003 0.041193
0 0 0.731455 0.201286 0.020108 0.000004 0.047146
0 0 0.691892 0.232835 0.028270 0.000011 0.046992
0 0 0.822098 0.125519 0.013187 0.000054 0.039141
0 0 0.908357 0.055275 0.003067 0.000006 0.033294
0 0 0.954137 0.031101 0.003843 0.000010 0.010909
0 0 0.937409 0.043977 0.002094 0.000001 0.016519
0 0 0.908721 0.063028 0.003590 0.000002 0.024659
0 1 0.874436 0.091094 0.007327 0.000012 0.027132
0 1 0.921999 0.051726 0.003015 0.000007 0.023253
0 0 0.893574 0.071171 0.006554 0.000024 0.028676
0 0 0.897111 0.076332 0.006983 0.000044 0.019529
0 0 0.925074 0.057627 0.003676 0.000003 0.013620
0 0 0.869559 0.098957 0.007925 0.000006 0.023553
0 0 0.902051 0.073110 0.006082 0.000015 0.018741
0 0 0.783489 0.170048 0.021160 0.000022 0.025282
1 0 0.369335 0.395656 0.018874 0.000000 0.216135
1 0 0.229273 0.496132 0.039799 0.000000 0.234796
1 4 0.137869 0.461583 0.055330 0.000000 0.345219
1 4 0.151018 0.469463 0.040165 0.000000 0.339354
1 4 0.139332 0.442054 0.036104 0.000000 0.382510
4 4 0.099620 0.322945 0.018964 0.000000 0.558471
4 4 0.015087 0.273827 0.028463 0.000000 0.682623
4 4 0.024974 0.334401 0.037187 0.000000 0.603438
4 4 0.034370 0.340248 0.031114 0.000000 0.594268
4 4 0.016590 0.312221 0.035421 0.000000 0.635769
4 4 0.055420 0.290785 0.026067 0.000000 0.627728
4 4 0.029150 0.237461 0.024380 0.000000 0.709009
4 4 0.029750 0.260702 0.031420 0.000000 0.678128
4 4 0.035027 0.190379 0.017018 0.000000 0.757576
4 4 0.059953 0.237840 0.020423 0.000000 0.681783
4 4 0.034529 0.010817 0.000566 0.000000 0.954088
4 4 0.030431 0.051655 0.003022 0.000000 0.914893
4 4 0.053232 0.013865 0.001279 0.000005 0.931620
4 4 0.072959 0.010789 0.000444 0.000000 0.915808
4 4 0.138853 0.016919 0.000651 0.000000 0.843576
4 4 0.098039 0.016527 0.000953 0.000001 0.884481
4 4 0.116510 0.018808 0.001283 0.000002 0.863397
4 4 0.030551 0.051158 0.002060 0.000000 0.916231
4 4 0.021859 0.045656 0.003421 0.000000 0.929064
4 4 0.052809 0.072187 0.003810 0.000000 0.871194
4 4 0.087501 0.017268 0.000928 0.000002 0.894302
4 4 0.181546 0.017913 0.000854 0.000001 0.799686
4 4 0.233532 0.028593 0.000579 0.000000 0.737297
4 4 0.107527 0.023524 0.000818 0.000000 0.868131
4 4 0.033197 0.034759 0.001054 0.000000 0.930990
1 4 0.335965 0.353470 0.017127 0.000000 0.293438
0 4 0.363681 0.359579 0.021878 0.000000 0.254862
0 4 0.586682 0.205664 0.009802 0.000000 0.197852
0 4 0.612944 0.250914 0.011089 0.000000 0.125054
0 4 0.445507 0.359424 0.021829 0.000000 0.173240
0 4 0.586499 0.328930 0.038989 0.000001 0.045581
0 4 0.743255 0.208527 0.021184 0.000001 0.027033
0 0 0.864619 0.105406 0.009809 0.000012 0.020155
0 0 0.828666 0.139398 0.010441 0.000000 0.021494
0 0 0.840840 0.125621 0.010015 0.000002 0.023523
0 0 0.946037 0.035180 0.001478 0.000001 0.017304
0 0 0.875888 0.083372 0.005645 0.000006 0.035089
0 0 0.982236 0.011261 0.003270 0.000007 0.003226
0 0 0.975478 0.015321 0.004370 0.000012 0.004819
0 0 0.921981 0.041546 0.001710 0.000002 0.034761
0 0 0.817707 0.130266 0.009347 0.000002 0.042678
0 0 0.843660 0.098898 0.007191 0.000010 0.050240
0 0 0.902668 0.067238 0.003534 0.000001 0.026560
0 0 0.839473 0.113697 0.007593 0.000002 0.039235
0 0 0.715083 0.213620 0.023566 0.000008 0.047723
0 0 0.784399 0.170311 0.019458 0.000011 0.025821
0 0 0.775942 0.169077 0.022299 0.000064 0.032619
0 0 0.819745 0.140449 0.017165 0.000041 0.022601
0 0 0.728612 0.212916 0.026928 0.000012 0.031532
0 0 0.875968 0.097941 0.008229 0.000005 0.017857
0 0 0.933080 0.053622 0.003513 0.000003 0.009782
0 0 0.869374 0.107634 0.010483 0.000006 0.012503
0 0 0.855884 0.112957 0.012037 0.000025 0.019097
0 0 0.867074 0.106642 0.012912 0.000051 0.013321
0 0 0.926339 0.058576 0.005128 0.000026 0.009931
0 0 0.540991 0.350790 0.077758 0.000070 0.030391
1 0 0.367598 0.478356 0.119331 0.000019 0.034696
1 0 0.379059 0.464895 0.117551 0.000033 0.038462
1 1 0.421277 0.440885 0.105226 0.000025 0.032588
0 4 0.554438 0.342998 0.079103 0.000070 0.023391
1 4 0.250188 0.492065 0.225410 0.000893 0.031443
1 4 0.238015 0.470179 0.245594 0.005229 0.040983
1 4 0.177160 0.508859 0.281706 0.001299 0.030975
1 4 0.193833 0.501095 0.266216 0.001873 0.036984
1 2 0.176440 0.489768 0.285544 0.004869 0.043379
1 2 0.311701 0.444162 0.208585 0.003745 0.031808
0 2 0.664640 0.267666 0.049851 0.000029 0.017814
0 2 0.591238 0.308839 0.078546 0.000269 0.021109
0 2 0.547580 0.348402 0.087738 0.000065 0.016215
0 2 0.592333 0.329520 0.063669 0.000008 0.014471
1 2 0.264367 0.474415 0.123042 0.000163 0.138014
1 2 0.286788 0.509522 0.111482 0.000015 0.092195
1 2 0.310703 0.492747 0.110345 0.000024 0.086181
1 2 0.220813 0.446111 0.208562 0.010248 0.114267
0 2 0.510159 0.368493 0.032130 0.000000 0.089219
0 2 0.723537 0.209056 0.035387 0.000177 0.031842
0 2 0.797676 0.164486 0.019265 0.000008 0.018564
0 2 0.741162 0.205255 0.028635 0.000022 0.024926
0 2 0.785522 0.173955 0.021122 0.000009 0.019392
0 2 0.811082 0.151649 0.017646 0.000013 0.019610
0 0 0.653060 0.226981 0.023817 0.000012 0.096131
0 0 0.568795 0.290847 0.030385 0.000003 0.109970
1 0 0.271914 0.491385 0.143792 0.000199 0.092710
1 1 0.221466 0.475694 0.173986 0.001661 0.127193
1 1 0.104421 0.475810 0.285400 0.010914 0.123455
1 2 0.188638 0.465440 0.261903 0.014676 0.069343
0 2 0.490961 0.377460 0.085640 0.000107 0.045832
0 2 0.634154 0.271460 0.041321 0.000040 0.053024
0 2 0.664165 0.267498 0.043474 0.000019 0.024845
1 2 0.358824 0.442219 0.157171 0.000840 0.040946
1 2 0.093492 0.493587 0.347406 0.005956 0.059559
1 2 0.236966 0.494464 0.230125 0.001197 0.037249
1 2 0.145231 0.512307 0.284157 0.002266 0.056038
1 2 0.110466 0.466548 0.376466 0.003655 0.042864
2 2 0.072879 0.335874 0.556687 0.011628 0.022932
2 2 0.031420 0.286768 0.669450 0.002367 0.009995
1 2 0.059275 0.499142 0.415256 0.000949 0.025378
2 2 0.045987 0.285593 0.651944 0.004861 0.011615
2 2 0.024127 0.213974 0.740279 0.010477 0.011143
2 2 0.014119 0.176146 0.782042 0.016271 0.011421
2 2 0.016014 0.097546 0.875170 0.008616 0.002654
1 2 0.111044 0.511468 0.350204 0.001262 0.026023
2 2 0.026759 0.186301 0.770655 0.009247 0.007038
2 2 0.023399 0.118657 0.843238 0.011797 0.002909
2 2 0.051415 0.196300 0.731340 0.013896 0.007049
2 2 0.026595 0.140493 0.823748 0.006208 0.002956
2 2 0.031037 0.149596 0.804525 0.010713 0.004129
2 2 0.047717 0.227448 0.695123 0.017733 0.011979
2 2 0.014834 0.114410 0.849442 0.016324 0.004990
2 2 0.040829 0.179206 0.755088 0.017745 0.007132
2 2 0.039672 0.242108 0.705566 0.004364 0.008290
2 2 0.070467 0.336328 0.567203 0.007430 0.018572
1 2 0.067015 0.477524 0.425317 0.001789 0.028355
2 2 0.061416 0.318756 0.593477 0.008372 0.017978
1 2 0.100485 0.512083 0.362132 0.001040 0.024260
2 2 0.038140 0.272441 0.672212 0.005390 0.011817
2 2 0.037530 0.207385 0.727192 0.017336 0.010556
2 2 0.036916 0.227692 0.722225 0.005525 0.007642
2 2 0.033468 0.184509 0.767061 0.008938 0.006024
2 2 0.023064 0.217709 0.728629 0.015897 0.014699
2 2 0.011133 0.076799 0.898315 0.011298 0.002455
2 2 0.050626 0.183553 0.712374 0.042682 0.010766
2 2 0.020138 0.103310 0.831603 0.039361 0.005588
2 2 0.040089 0.161838 0.760516 0.030181 0.007375
2 2 0.012377 0.081003 0.895238 0.009154 0.002227
2 2 0.019190 0.063312 0.675050 0.234146 0.008303
2 2 0.011336 0.036055 0.783228 0.166084 0.003296
2 2 0.089309 0.077078 0.721119 0.110169 0.002325
2 2 0.176621 0.262468 0.535645 0.015433 0.009832
2 2 0.037816 0.131751 0.732760 0.088105 0.009569
2 2 0.049524 0.183745 0.702933 0.051667 0.012131
2 2 0.095678 0.236971 0.622463 0.031671 0.013217
2 4 0.152018 0.383201 0.411163 0.018491 0.035127
2 4 0.074399 0.214446 0.652531 0.044904 0.013721
2 4 0.052752 0.160256 0.760206 0.021412 0.005373
2 4 0.044197 0.133742 0.737598 0.076457 0.008006
2 4 0.062151 0.166310 0.723008 0.041031 0.007500
2 4 0.029159 0.095170 0.669702 0.193942 0.012028
2 2 0.037285 0.079973 0.782189 0.096395 0.004158
2 2 0.186622 0.296521 0.485346 0.017034 0.014477
2 2 0.088421 0.178218 0.701201 0.026172 0.005988
2 2 0.030838 0.106003 0.810964 0.047337 0.004858
2 2 0.028558 0.123437 0.802180 0.039326 0.006500
2 2 0.024365 0.122036 0.826269 0.022750 0.004579
2 2 0.053399 0.146735 0.714548 0.076835 0.008482
0 2 0.672993 0.235556 0.065861 0.000617 0.024973
0 2 0.532479 0.356504 0.092843 0.000090 0.018084
0 2 0.583572 0.311139 0.082358 0.000408 0.022523
0 2 0.587252 0.316536 0.082804 0.000116 0.013292
0 2 0.602612 0.300128 0.075603 0.000305 0.021351
0 0 0.695569 0.231936 0.043397 0.000198 0.028899
0 0 0.789775 0.178990 0.017911 0.000001 0.013324
0 0 0.746404 0.208281 0.027951 0.000007 0.017357
0 1 0.478572 0.397915 0.097594 0.000048 0.025871
1 1 0.193822 0.490876 0.265420 0.003796 0.046086
2 2 0.041181 0.256296 0.682658 0.008057 0.011808
2 2 0.011720 0.093733 0.884718 0.007828 0.002002
2 2 0.002501 0.054785 0.936615 0.004468 0.001631
2 2 0.008184 0.098014 0.887369 0.004122 0.002312
2 2 0.014218 0.117872 0.858360 0.006712 0.002837
2 2 0.018729 0.080924 0.847793 0.047550 0.005004
2 2 0.018665 0.112850 0.842390 0.020687 0.005408
2 2 0.035306 0.126806 0.779271 0.051134 0.007483
2 2 0.020609 0.084951 0.832960 0.055650 0.005830
1 2 0.172208 0.472752 0.333453 0.001552 0.020035
1 2 0.098572 0.439858 0.439765 0.002055 0.019750
2 2 0.067182 0.188928 0.705272 0.030209 0.008410
2 2 0.041538 0.158425 0.764742 0.028603 0.006692
2 2 0.045773 0.175586 0.739790 0.030399 0.008453
2 2 0.019465 0.113542 0.842175 0.019907 0.004910
2 2 0.020266 0.076160 0.876831 0.023810 0.002933
2 2 0.031761 0.093784 0.810234 0.058961 0.005260
2 2 0.180999 0.220139 0.559271 0.030810 0.008781
0 2 0.422777 0.333413 0.220547 0.006107 0.017156
1 2 0.280112 0.458163 0.224962 0.003700 0.033063
2 2 0.054364 0.184209 0.715576 0.036245 0.009606
2 2 0.067039 0.188929 0.699967 0.034966 0.009098
2 2 0.092370 0.410413 0.456049 0.008315 0.032852
2 2 0.053535 0.206048 0.712341 0.018951 0.009124
2 2 0.071619 0.199096 0.720810 0.004771 0.003705
1 2 0.197737 0.430759 0.350543 0.002601 0.018361
2 2 0.096413 0.320251 0.537775 0.021140 0.024420
2 2 0.084781 0.306329 0.554031 0.028356 0.026503
2 2 0.096966 0.369180 0.497826 0.010357 0.025670
2 2 0.120105 0.398977 0.442520 0.009292 0.029106
2 2 0.013944 0.079075 0.878241 0.026479 0.002260
2 2 0.008794 0.031543 0.916474 0.042338 0.000851
2 2 0.010131 0.045249 0.897924 0.045024 0.001671
2 2 0.011139 0.051397 0.787077 0.146128 0.004259
2 2 0.012875 0.043004 0.868865 0.073594 0.001661
2 2 0.012584 0.040237 0.665480 0.276832 0.004867
2 2 0.041774 0.065752 0.618157 0.269072 0.005245
2 2 0.011767 0.047977 0.706333 0.228109 0.005814
2 2 0.018967 0.052088 0.755388 0.169544 0.004013
2 2 0.011888 0.029951 0.574011 0.379907 0.004244
2 2 0.003786 0.020772 0.866810 0.107222 0.001410
2 2 0.002643 0.026684 0.885974 0.082470 0.002228
2 2 0.003184 0.021901 0.903136 0.070361 0.001418
2 2 0.006530 0.031819 0.733449 0.224780 0.003422
2 2 0.020034 0.044253 0.658917 0.272568 0.004228
2 2 0.069810 0.201051 0.681802 0.036632 0.010705
2 2 0.127406 0.258087 0.509969 0.078634 0.025904
0 2 0.397124 0.239188 0.332761 0.020062 0.010865
1 2 0.394075 0.407270 0.172249 0.002568 0.023838
2 2 0.126443 0.393939 0.420951 0.018454 0.040213
2 2 0.032728 0.104129 0.808295 0.050884 0.003964
2 2 0.019063 0.095626 0.866734 0.016267 0.002310
2 2 0.013519 0.043436 0.845457 0.095147 0.002441
2 2 0.020363 0.069003 0.862410 0.045698 0.002526
2 2 0.017764 0.097664 0.836411 0.043490 0.004670
2 2 0.015904 0.050292 0.825671 0.105109 0.003024
2 2 0.007259 0.058760 0.873502 0.056260 0.004219
2 2 0.010412 0.060327 0.885812 0.040543 0.002907
2 2 0.014118 0.057275 0.843614 0.081799 0.003194
2 2 0.024068 0.066982 0.833097 0.072924 0.002928
2 2 0.007814 0.029387 0.683234 0.276410 0.003155
2 2 0.006822 0.027773 0.826838 0.136507 0.002061
2 2 0.019067 0.045317 0.777473 0.155425 0.002719
2 2 0.014533 0.038185 0.628831 0.314468 0.003983
2 2 0.012953 0.016397 0.538028 0.431069 0.001553
2 2 0.089337 0.246146 0.541588 0.093929 0.029000
2 2 0.070347 0.186957 0.637555 0.090135 0.015006
2 2 0.092516 0.164372 0.649362 0.084468 0.009281
2 2 0.089161 0.172722 0.698232 0.033588 0.006297
2 2 0.297452 0.327916 0.359319 0.004772 0.010541
1 2 0.105575 0.476105 0.357249 0.007826 0.053245
2 2 0.066789 0.235042 0.664341 0.021532 0.012296
2 2 0.066799 0.371725 0.522058 0.009798 0.029620
2 2 0.026039 0.221808 0.728948 0.011125 0.012079
2 2 0.006302 0.065756 0.911138 0.013445 0.003360
2 2 0.053151 0.180176 0.722027 0.035548 0.009098
2 2 0.061770 0.224971 0.684587 0.018225 0.010447
2 2 0.026950 0.067329 0.876115 0.027526 0.002081
2 2 0.054937 0.397775 0.525920 0.002298 0.019070
2 2 0.057632 0.273638 0.650249 0.007195 0.011286
2 2 0.000962 0.008584 0.947019 0.043043 0.000392
2 2 0.004002 0.029008 0.916049 0.049404 0.001537
2 2 0.009048 0.046112 0.900648 0.042560 0.001632
2 2 0.011307 0.072909 0.891035 0.022465 0.002285
2 2 0.000982 0.011655 0.931602 0.054973 0.000787
2 2 0.000524 0.004224 0.904513 0.090535 0.000204
2 2 0.000449 0.006354 0.980444 0.012567 0.000186
2 2 0.000426 0.004920 0.923225 0.071164 0.000264
2 2 0.000750 0.008866 0.954025 0.035966 0.000394
2 2 0.002321 0.006603 0.862645 0.128219 0.000213
2 2 0.001924 0.006660 0.749325 0.241636 0.000455
2 2 0.001540 0.004886 0.577436 0.415648 0.000490
2 2 0.002338 0.007498 0.687997 0.301633 0.000535
2 2 0.001194 0.004374 0.674442 0.319639 0.000350
2 2 0.001978 0.006738 0.582708 0.407924 0.000652
2 2 0.001354 0.002609 0.564574 0.431284 0.000179
3 2 0.000985 0.001151 0.225643 0.772124 0.000096
3 2 0.001089 0.002677 0.402084 0.593871 0.000278
2 2 0.001549 0.001976 0.605986 0.390403 0.000086
3 2 0.001892 0.002578 0.399693 0.595646 0.000191
3 2 0.000366 0.001012 0.209110 0.789349 0.000164
3 3 0.003190 0.002015 0.306762 0.687907 0.000125
3 3 0.000639 0.001633 0.280617 0.716852 0.000259
3 3 0.000436 0.001059 0.157226 0.841035 0.000244
3 3 0.000594 0.000928 0.161457 0.836886 0.000135
3 3 0.001430 0.001177 0.096176 0.901026 0.000191
3 3 0.001259 0.001035 0.131819 0.865763 0.000124
3 3 0.000521 0.000434 0.074846 0.924122 0.000077
3 3 0.000346 0.000459 0.067709 0.931366 0.000119
3 3 0.000318 0.000397 0.088530 0.910684 0.000071
3 3 0.000418 0.000575 0.098500 0.900399 0.000109
3 3 0.001158 0.000761 0.133561 0.864453 0.000066
3 3 0.001036 0.000363 0.075176 0.923401 0.000023
3 3 0.001373 0.001218 0.205628 0.791691 0.000090
3 3 0.000841 0.000537 0.123833 0.874740 0.000049
3 3 0.005890 0.002410 0.203111 0.788451 0.000139
3 3 0.001651 0.001244 0.151840 0.845141 0.000123
3 3 0.002039 0.002307 0.176848 0.818490 0.000315
3 3 0.001185 0.001521 0.194149 0.802935 0.000210
3 3 0.000521 0.000839 0.137818 0.860664 0.000157
3 3 0.000557 0.001355 0.130173 0.867478 0.000437
3 3 0.002008 0.001286 0.122505 0.874029 0.000172
3 3 0.001353 0.001108 0.081421 0.915850 0.000268
3 3 0.002407 0.001766 0.110097 0.885414 0.000315
3 3 0.000675 0.001119 0.086665 0.911136 0.000405
3 3 0.000398 0.001050 0.113979 0.884163 0.000409
3 3 0.001097 0.002573 0.191904 0.803744 0.000681
3 3 0.002344 0.002845 0.195186 0.799132 0.000492
3 3 0.000609 0.001147 0.123823 0.874116 0.000305
3 3 0.001834 0.003346 0.223726 0.770477 0.000617
2 3 0.029083 0.066443 0.514639 0.378497 0.011338
2 3 0.041656 0.076103 0.505249 0.366137 0.010856
2 3 0.176146 0.104960 0.378801 0.331647 0.008445
2 3 0.202250 0.135166 0.485224 0.169830 0.007530
2 0 0.315271 0.179922 0.454522 0.044089 0.006196
1 2 0.114491 0.422801 0.390606 0.018442 0.053661
1 2 0.107660 0.500719 0.344808 0.003748 0.043066
2 2 0.065724 0.281112 0.590760 0.035955 0.026449
2 2 0.101934 0.382189 0.461849 0.017057 0.036970
2 2 0.109954 0.377994 0.468603 0.013232 0.030216
1 2 0.153760 0.509004 0.313085 0.001127 0.023023
1 2 0.151364 0.500521 0.308483 0.003067 0.036564
1 2 0.082385 0.450050 0.438913 0.002667 0.025985
1 2 0.148101 0.498987 0.309534 0.003642 0.039736
1 1 0.165234 0.516819 0.303830 0.000308 0.013809
1 4 0.107515 0.513146 0.316230 0.002506 0.060602
1 4 0.087440 0.498617 0.295784 0.003791 0.114368
1 4 0.097002 0.517368 0.193288 0.000208 0.192134
1 4 0.085080 0.546919 0.183489 0.000037 0.184475
1 4 0.208100 0.463127 0.145849 0.000832 0.182092
4 4 0.031839 0.026933 0.002716 0.000001 0.938512
4 4 0.055111 0.022588 0.002452 0.000006 0.919843
4 4 0.064483 0.040003 0.003684 0.000005 0.891826
4 4 0.039963 0.013111 0.001794 0.000012 0.945119
4 4 0.024346 0.010749 0.002553 0.000039 0.962313
4 4 0.011539 0.066926 0.009192 0.000000 0.912342
4 4 0.023327 0.197399 0.025454 0.000000 0.753820
4 4 0.011267 0.210238 0.041189 0.000000 0.737306
4 4 0.018154 0.171567 0.024948 0.000000 0.785331
4 4 0.022453 0.215296 0.024176 0.000000 0.738074
4 4 0.009214 0.036963 0.008510 0.000002 0.945311
4 4 0.029353 0.042236 0.004345 0.000001 0.924065
4 4 0.072078 0.017477 0.002169 0.000011 0.908265
4 4 0.032089 0.061194 0.008670 0.000004 0.898043
4 4 0.027484 0.069011 0.006027 0.000000 0.897478
4 4 0.228411 0.345977 0.036056 0.000001 0.389555
4 4 0.096803 0.369717 0.050059 0.000001 0.483420
4 4 0.156881 0.347274 0.044148 0.000002 0.451696
1 4 0.236667 0.394063 0.030176 0.000000 0.339094
0 4 0.472774 0.189310 0.008517 0.000000 0.329399
4 4 0.059980 0.423226 0.057583 0.000000 0.459211
4 4 0.031419 0.340614 0.071470 0.000002 0.556495
4 4 0.031136 0.368664 0.060719 0.000000 0.539481
4 4 0.043772 0.306055 0.042361 0.000000 0.607811
4 4 0.033831 0.303335 0.039130 0.000000 0.623704
4 4 0.092750 0.210755 0.022393 0.000002 0.674100
4 4 0.036203 0.285570 0.043622 0.000000 0.634605
4 4 0.099546 0.242083 0.022604 0.000000 0.635766
4 4 0.124499 0.222775 0.016286 0.000000 0.636439
4 4 0.119668 0.287986 0.030381 0.000001 0.561965
4 4 0.043160 0.311991 0.042067 0.000000 0.602782
4 4 0.148228 0.220443 0.013855 0.000000 0.617475
4 4 0.215466 0.276924 0.014291 0.000000 0.493319
4 4 0.263418 0.281932 0.013570 0.000000 0.441080
4 4 0.074149 0.389982 0.064948 0.000001 0.470921
4 4 0.031831 0.157363 0.012526 0.000000 0.798280
4 4 0.028338 0.176710 0.014169 0.000000 0.780782
4 4 0.029793 0.151052 0.019789 0.000000 0.799365
4 4 0.044374 0.224830 0.023368 0.000000 0.707428
4 4 0.035269 0.170772 0.016751 0.000000 0.777208
4 4 0.049985 0.338932 0.036283 0.000000 0.574799
4 4 0.037432 0.269381 0.022175 0.000000 0.671012
4 4 0.052181 0.335852 0.034209 0.000000 0.577758
4 4 0.027625 0.351868 0.058847 0.000000 0.561660
4 4 0.023832 0.335293 0.054572 0.000000 0.586303
1 4 0.238876 0.547730 0.111578 0.000004 0.101813
0 0 0.509058 0.366006 0.051480 0.000005 0.073452
0 0 0.626994 0.305192 0.019866 0.000000 0.047948
0 0 0.621478 0.305596 0.021061 0.000000 0.051865
0 0 0.582012 0.340722 0.031215 0.000000 0.046051
0 0 0.561887 0.352912 0.019851 0.000000 0.065350
0 0 0.467666 0.427824 0.033929 0.000000 0.070582
0 0 0.602245 0.324646 0.019621 0.000000 0.053489
0 0 0.591620 0.332950 0.020260 0.000000 0.055169
0 0 0.637819 0.289485 0.021476 0.000000 0.051220
0 0 0.765126 0.189357 0.017252 0.000001 0.028264
0 0 0.718947 0.237953 0.025149 0.000000 0.017951
0 0 0.746955 0.218270 0.018105 0.000000 0.016670
0 0 0.740219 0.219128 0.024170 0.000001 0.016482
0 0 0.677852 0.257661 0.038823 0.000013 0.025652
0 0 0.779001 0.188465 0.014806 0.000000 0.017729
0 0 0.755830 0.206442 0.019445 0.000000 0.018283
0 0 0.736123 0.221632 0.024182 0.000001 0.018063
0 0 0.642541 0.297949 0.036433 0.000001 0.023076
0 0 0.623356 0.319161 0.032957 0.000000 0.024525
0 0 0.765992 0.193830 0.019121 0.000001 0.021057
0 0 0.873561 0.096219 0.007969 0.000008 0.022244
0 0 0.862859 0.104503 0.007958 0.000003 0.024677
0 0 0.777285 0.170910 0.021639 0.000036 0.030131
0 0 0.839610 0.133501 0.009076 0.000000 0.017813
0 0 0.778241 0.162950 0.009643 0.000000 0.049165
0 0 0.535534 0.344396 0.025442 0.000000 0.094629
0 0 0.621855 0.288173 0.022185 0.000000 0.067787
0 0 0.753084 0.189484 0.014493 0.000000 0.042939
0 0 0.747699 0.185133 0.018406 0.000007 0.048754
0 0 0.574669 0.332902 0.028271 0.000000 0.064159
0 0 0.724714 0.202349 0.011224 0.000000 0.061714
0 0 0.656005 0.259430 0.011407 0.000000 0.073158
0 0 0.698536 0.237417 0.011838 0.000000 0.052209
0 0 0.839923 0.119526 0.009382 0.000003 0.031166
0 0 0.703090 0.206244 0.018533 0.000003 0.072129
0 0 0.702823 0.217147 0.017544 0.000001 0.062485
0 0 0.699140 0.227878 0.015239 0.000000 0.057742
0 0 0.598353 0.311016 0.029488 0.000000 0.061143
1 0 0.383329 0.450269 0.068537 0.000003 0.097862
0 0 0.531030 0.367144 0.043407 0.000001 0.058418
0 1 0.540881 0.352623 0.043470 0.000002 0.063024
0 1 0.543984 0.361314 0.041121 0.000001 0.053580
0 1 0.587573 0.329785 0.038929 0.000001 0.043712
1 1 0.403112 0.450041 0.088396 0.000012 0.058440
1 1 0.226217 0.581983 0.141189 0.000003 0.050609
1 1 0.223673 0.559305 0.177436 0.000021 0.039565
1 1 0.196915 0.587502 0.163835 0.000006 0.051743
1 1 0.147716 0.581009 0.220095 0.000037 0.051144
1 4 0.158910 0.588887 0.203430 0.000017 0.048756
1 4 0.042493 0.584963 0.197209 0.000003 0.175333
1 4 0.033061 0.577281 0.250792 0.000007 0.138859
1 4 0.024111 0.561477 0.237287 0.000004 0.177122
1 4 0.013141 0.548602 0.307601 0.000004 0.130653
1 4 0.018820 0.499057 0.374525 0.000164 0.107433
1 2 0.022574 0.533409 0.353429 0.000051 0.090536
2 2 0.016946 0.431557 0.469913 0.000367 0.081217
1 2 0.023232 0.568963 0.334999 0.000009 0.072797
1 2 0.009322 0.471544 0.447494 0.000072 0.071568
1 2 0.019359 0.526270 0.383586 0.000046 0.070738
2 2 0.012104 0.318377 0.645637 0.000590 0.023293
1 2 0.016374 0.494897 0.445194 0.000083 0.043452
2 2 0.006791 0.191235 0.785719 0.000223 0.016032
2 2 0.010497 0.346055 0.604403 0.001824 0.037221
2 2 0.009922 0.253619 0.723126 0.000373 0.012961
2 2 0.013760 0.428702 0.510672 0.000053 0.046813
1 2 0.017728 0.475898 0.425047 0.000440 0.080888
1 2 0.018468 0.520932 0.380370 0.000054 0.080175
1 2 0.011822 0.472044 0.430715 0.000160 0.085258
1 2 0.025673 0.521140 0.379795 0.000110 0.073282
2 2 0.006995 0.378109 0.576574 0.000583 0.037739
2 2 0.013553 0.330217 0.620955 0.000347 0.034928
2 2 0.004282 0.181351 0.793863 0.002024 0.018481
2 2 0.006343 0.289965 0.678300 0.000693 0.024699
2 2 0.003344 0.373393 0.576868 0.000213 0.046182
2 2 0.016157 0.288443 0.673948 0.000395 0.021057
2 2 0.020289 0.293260 0.663849 0.000594 0.022008
1 2 0.025811 0.558551 0.341969 0.000021 0.073648
1 2 0.105563 0.594574 0.218290 0.000022 0.081552
1 2 0.026411 0.494962 0.386897 0.000541 0.091190
2 2 0.007221 0.397450 0.542755 0.000879 0.051693
2 2 0.001168 0.332527 0.629460 0.000041 0.036803
2 2 0.001613 0.174752 0.806751 0.002384 0.014500
2 2 0.002669 0.219100 0.762389 0.000703 0.015139
2 2 0.001980 0.165401 0.821307 0.000392 0.010919
2 2 0.030411 0.259102 0.672710 0.002064 0.035713
1 2 0.062465 0.536365 0.286165 0.000346 0.114659
1 2 0.091026 0.560306 0.255909 0.000159 0.092600
1 2 0.068267 0.561903 0.264556 0.000103 0.105172
1 0 0.325505 0.460536 0.125709 0.000231 0.088019
0 0 0.805447 0.156742 0.015382 0.000003 0.022426
0 0 0.828028 0.137080 0.008564 0.000000 0.026327
0 0 0.781587 0.184507 0.014985 0.000000 0.018920
0 0 0.725553 0.230038 0.023174 0.000000 0.021234
0 0 0.800140 0.167428 0.014181 0.000000 0.018251
0 0 0.826701 0.139586 0.014929 0.000009 0.018775
0 0 0.815164 0.152879 0.015866 0.000003 0.016088
0 0 0.861481 0.113622 0.009650 0.000002 0.015246
0 0 0.851807 0.121174 0.010640 0.000002 0.016377
0 0 0.786880 0.177543 0.018859 0.000002 0.016716
1 0 0.260342 0.510160 0.041997 0.000000 0.187500
1 0 0.278793 0.485426 0.046431 0.000000 0.189349
1 1 0.288061 0.483878 0.067629 0.000001 0.160430
0 1 0.497534 0.364287 0.016268 0.000000 0.121911
1 1 0.177660 0.555080 0.082851 0.000000 0.184410
1 1 0.087290 0.603279 0.200560 0.000008 0.108862
1 1 0.074040 0.585194 0.222109 0.000021 0.118636
1 1 0.048590 0.604130 0.225467 0.000004 0.121809
1 2 0.084825 0.629183 0.160726 0.000001 0.125265
1 2 0.068563 0.567310 0.274558 0.000092 0.089478
1 2 0.023014 0.584764 0.306560 0.000004 0.085659
2 2 0.008174 0.437038 0.468632 0.000285 0.085872
1 2 0.016571 0.556257 0.329628 0.000006 0.097537
1 2 0.018720 0.462131 0.400110 0.000996 0.118042
1 4 0.013914 0.510731 0.402146 0.000038 0.073172
1 4 0.087178 0.585379 0.218795 0.000026 0.108621
1 4 0.096609 0.595727 0.183998 0.000008 0.123659
1 2 0.035821 0.497283 0.377200 0.001053 0.088643
1 2 0.085964 0.614593 0.191604 0.000004 0.107835
1 2 0.183703 0.605722 0.114718 0.000000 0.095858
1 2 0.131519 0.589671 0.234191 0.000027 0.044592
1 4 0.113214 0.523093 0.322585 0.001158 0.039950
2 4 0.057052 0.323147 0.597549 0.003958 0.018294
1 4 0.116880 0.573593 0.279019 0.000058 0.030451
2 2 0.029816 0.188649 0.769345 0.002574 0.009616
1 2 0.032894 0.509582 0.422874 0.000224 0.034426
2 2 0.024211 0.344551 0.612768 0.000272 0.018198
2 2 0.027040 0.283446 0.675199 0.001713 0.012602
2 2 0.016575 0.224618 0.748515 0.001045 0.009248
2 2 0.027916 0.295748 0.657737 0.003776 0.014823
2 2 0.020554 0.213395 0.756859 0.002832 0.006359
2 2 0.039844 0.291170 0.652248 0.004331 0.012406
2 2 0.009197 0.110787 0.872033 0.002220 0.005763
2 2 0.019523 0.407464 0.553770 0.000656 0.018587
2 2 0.012882 0.137911 0.839811 0.004931 0.004465
2 2 0.031625 0.385140 0.556041 0.001400 0.025795
2 2 0.016397 0.161383 0.812599 0.002435 0.007186
2 2 0.030664 0.353569 0.600362 0.000402 0.015003
2 2 0.055124 0.372771 0.531725 0.005891 0.034490
1 2 0.047188 0.481245 0.427032 0.002639 0.041897
1 2 0.123332 0.494784 0.320117 0.006054 0.055713
2 2 0.071734 0.297770 0.605493 0.003372 0.021631
2 2 0.069641 0.277714 0.614808 0.016384 0.021453
0 4 0.618429 0.276892 0.046732 0.000102 0.057845
0 0 0.652654 0.269713 0.046369 0.000045 0.031218
0 0 0.506963 0.244056 0.015069 0.000000 0.233912
0 0 0.534765 0.269371 0.017255 0.000000 0.178609
1 0 0.266585 0.434185 0.041138 0.000000 0.258093
1 1 0.170924 0.433873 0.043768 0.000000 0.351435
1 1 0.184859 0.443986 0.052887 0.000000 0.318267
1 1 0.062529 0.581233 0.201174 0.000009 0.155055
1 2 0.060030 0.589038 0.265761 0.000024 0.085148
1 2 0.052113 0.594277 0.221416 0.000006 0.132187
1 2 0.015206 0.462808 0.388153 0.000479 0.133354
1 2 0.069733 0.481093 0.381382 0.000420 0.067373
2 2 0.007839 0.337238 0.629172 0.000867 0.024883
2 2 0.013629 0.407218 0.519015 0.003865 0.056273
2 2 0.014567 0.287309 0.679697 0.002018 0.016410
2 2 0.009554 0.232722 0.737081 0.004944 0.015698
2 2 0.009714 0.291812 0.681463 0.001380 0.015631
2 2 0.000996 0.028975 0.959619 0.008724 0.001687
2 2 0.001379 0.057030 0.939576 0.000769 0.001247
2 2 0.003831 0.124738 0.866293 0.001594 0.003544
2 2 0.000291 0.032355 0.958851 0.005336 0.003167
2 2 0.000910 0.019900 0.955050 0.022501 0.001639
2 2 0.000953 0.109450 0.884163 0.000377 0.005057
2 2 0.000323 0.072679 0.916210 0.002669 0.008119
2 2 0.000591 0.045829 0.943619 0.005049 0.004911
2 2 0.000629 0.044077 0.944054 0.004104 0.007136
2 2 0.002132 0.091265 0.881230 0.015708 0.009665
1 2 0.044584 0.516121 0.403753 0.000359 0.035183
2 2 0.020684 0.282529 0.674140 0.004270 0.018376
2 2 0.006134 0.103127 0.876848 0.005177 0.008714
2 2 0.003353 0.096447 0.889301 0.001221 0.009678
2 2 0.007872 0.220951 0.754646 0.001051 0.015480
2 2 0.001171 0.054953 0.938718 0.002580 0.002578
2 2 0.006536 0.144981 0.837197 0.005102 0.006185
2 2 0.001733 0.056500 0.930201 0.006879 0.004686
2 2 0.003424 0.091235 0.880102 0.016033 0.009206
2 2 0.002122 0.132673 0.849336 0.005175 0.010694
2 2 0.000709 0.022589 0.972477 0.003295 0.000930
2 2 0.004483 0.094819 0.889863 0.006729 0.004106
2 2 0.003746 0.085893 0.884634 0.019291 0.006436
2 2 0.006970 0.047932 0.921907 0.021063 0.002128
2 2 0.014840 0.132585 0.848453 0.002057 0.002066
2 2 0.036447 0.236444 0.698287 0.014666 0.014157
2 2 0.024520 0.289438 0.670610 0.001020 0.014412
1 2 0.028480 0.488374 0.450461 0.000379 0.032305
2 2 0.010249 0.163965 0.811068 0.005859 0.008859
2 2 0.018495 0.165659 0.782309 0.020698 0.012838
2 2 0.000932 0.041577 0.951748 0.004303 0.001439
2 2 0.000219 0.032728 0.960797 0.003591 0.002665
2 2 0.002555 0.030208 0.957699 0.008677 0.000861
2 2 0.000849 0.030365 0.955808 0.010910 0.002068
2 2 0.001420 0.071702 0.904040 0.016041 0.006797
2 2 0.001952 0.050507 0.939466 0.005811 0.002263
2 2 0.003962 0.049953 0.925478 0.017864 0.002743
2 2 0.019942 0.103121 0.845785 0.026701 0.004450
2 2 0.016523 0.172394 0.793051 0.010158 0.007875
2 2 0.001317 0.031658 0.947889 0.016570 0.002566
2 2 0.004154 0.053189 0.927929 0.011972 0.002756
2 2 0.002747 0.038465 0.937525 0.019118 0.002145
2 2 0.001542 0.033173 0.957094 0.006417 0.001774
2 2 0.002235 0.044817 0.929427 0.019980 0.003542
2 2 0.010454 0.092910 0.875538 0.017039 0.004060
2 2 0.012644 0.254114 0.720937 0.001083 0.011221
2 2 0.002553 0.049130 0.936514 0.007549 0.004255
2 2 0.013606 0.247461 0.714841 0.006607 0.017486
2 2 0.006545 0.107444 0.877736 0.003391 0.004884
2 2 0.019351 0.444516 0.511458 0.000627 0.024048
2 2 0.030216 0.236526 0.720619 0.004347 0.008293
2 2 0.056275 0.455683 0.470738 0.000613 0.016691
1 2 0.071144 0.528391 0.381923 0.000195 0.018347
1 2 0.040791 0.474194 0.462557 0.000716 0.021742
2 2 0.029973 0.243159 0.708746 0.006908 0.011214
1 2 0.050412 0.495594 0.401248 0.001894 0.050853
1 2 0.056596 0.575316 0.300278 0.000050 0.067760
2 2 0.039246 0.346704 0.592374 0.000814 0.020862
1 2 0.063606 0.558344 0.327118 0.000124 0.050807
1 2 0.143377 0.602806 0.198030 0.000009 0.055778
1 2 0.064645 0.583757 0.298730 0.000037 0.052830
1 2 0.039732 0.523640 0.384840 0.000288 0.051499
2 2 0.027269 0.430342 0.492978 0.003202 0.046208
2 2 0.023896 0.229569 0.715860 0.014764 0.015911
1 2 0.021712 0.492871 0.435497 0.000244 0.049675
2 2 0.035490 0.241020 0.708114 0.004386 0.010991
2 2 0.047209 0.393275 0.524366 0.004623 0.030528
1 2 0.193968 0.542327 0.186521 0.000121 0.077063
1 2 0.132451 0.582784 0.235931 0.000042 0.048792
1 2 0.145162 0.569671 0.236442 0.000078 0.048647
1 2 0.154384 0.545695 0.260224 0.000260 0.039437
1 2 0.158513 0.568180 0.228560 0.000067 0.044680
1 2 0.211447 0.540339 0.197030 0.000118 0.051065
0 2 0.456560 0.427816 0.082627 0.000006 0.032991
1 0 0.389252 0.418406 0.136704 0.001192 0.054447
1 0 0.359040 0.423515 0.027042 0.000000 0.190403
1 0 0.190935 0.537139 0.054043 0.000000 0.217882
1 1 0.178824 0.542886 0.066432 0.000000 0.211858
1 1 0.151173 0.560788 0.115966 0.000002 0.172071
1 1 0.240553 0.514895 0.052079 0.000000 0.192473
1 1 0.063865 0.592777 0.095891 0.000000 0.247467
1 2 0.057118 0.560427 0.160821 0.000003 0.221631
1 2 0.049291 0.595761 0.125989 0.000000 0.228959
1 2 0.051138 0.595761 0.123187 0.000000 0.229914
1 2 0.061244 0.576095 0.089469 0.000000 0.273193
1 2 0.206001 0.495611 0.089218 0.000005 0.209164
1 2 0.149785 0.537756 0.166159 0.000077 0.146223
1 2 0.356003 0.368196 0.032912 0.000000 0.242889
0 2 0.558332 0.257594 0.019313 0.000001 0.164761
0 0 0.426526 0.402332 0.030140 0.000000 0.141002
1 0 0.352490 0.420104 0.048817 0.000001 0.178588
0 0 0.628026 0.236568 0.018636 0.000001 0.116769
0 0 0.586058 0.229089 0.012618 0.000000 0.172236
0 0 0.514560 0.318431 0.021034 0.000000 0.145975
1 0 0.401051 0.410414 0.036303 0.000000 0.152232
4 0 0.040795 0.221872 0.020093 0.000000 0.717239
4 0 0.009999 0.125372 0.014827 0.000000 0.849802
4 1 0.011110 0.141497 0.017421 0.000000 0.829972
4 1 0.014838 0.112252 0.033267 0.000012 0.839631
4 1 0.005887 0.065553 0.017097 0.000001 0.911463
4 4 0.017926 0.081263 0.014292 0.000002 0.886517
4 4 0.084334 0.073064 0.010145 0.000045 0.832413
4 4 0.034495 0.030073 0.003179 0.000002 0.932251
4 4 0.087599 0.024083 0.003722 0.000029 0.884566
4 4 0.046039 0.025746 0.006510 0.000174 0.921531
4 4 0.076316 0.123315 0.021162 0.000013 0.779194
4 4 0.163070 0.165460 0.011753 0.000001 0.659716
4 4 0.115711 0.248483 0.025469 0.000001 0.610337
4 4 0.054552 0.177611 0.012332 0.000000 0.755506
4 4 0.088626 0.229110 0.029254 0.000005 0.653006
4 4 0.115379 0.285556 0.037999 0.000004 0.561063
4 4 0.059441 0.296783 0.031303 0.000000 0.612473
4 4 0.033828 0.290645 0.048702 0.000001 0.626824
4 4 0.057093 0.248675 0.029085 0.000000 0.665147
4 4 0.043907 0.286986 0.030335 0.000000 0.638772
4 4 0.040674 0.194344 0.025076 0.000001 0.739905
4 4 0.077739 0.240690 0.021836 0.000000 0.659734
4 4 0.020339 0.205347 0.031839 0.000000 0.742474
4 4 0.020654 0.187201 0.042428 0.000006 0.749711
4 4 0.019330 0.133834 0.020271 0.000001 0.826564
4 4 0.027675 0.107435 0.014888 0.000001 0.850001
