0 0 0.819325 0.047719 0.015156 0.001353 0.116447
0 0 0.680319 0.071587 0.025435 0.002462 0.220198
0 0 0.746330 0.046847 0.022610 0.007763 0.176450
0 0 0.942704 0.004352 0.001519 0.000676 0.050750
0 0 0.969193 0.005180 0.002081 0.001332 0.022214
0 0 0.972048 0.010964 0.003638 0.000830 0.012520
0 0 0.966999 0.016867 0.004830 0.000539 0.010765
0 0 0.966477 0.013914 0.004570 0.000890 0.014148
0 0 0.872674 0.074336 0.021317 0.001077 0.030597
0 0 0.967529 0.017917 0.004755 0.000399 0.009401
0 0 0.985164 0.005304 0.001607 0.000395 0.007531
0 0 0.977565 0.010285 0.002947 0.000427 0.008777
0 0 0.972821 0.013560 0.003801 0.000443 0.009375
0 0 0.943621 0.035045 0.009122 0.000503 0.011708
0 1 0.483757 0.360923 0.098057 0.001379 0.055883
4 1 0.003247 0.088529 0.019500 0.000026 0.888698
4 1 0.004643 0.069558 0.017035 0.000043 0.908720
4 1 0.001081 0.165315 0.026573 0.000005 0.807027
4 1 0.007126 0.126874 0.032067 0.000081 0.833852
4 1 0.004922 0.054145 0.013528 0.000043 0.927363
4 1 0.029946 0.051414 0.013854 0.000142 0.904645
4 1 0.004102 0.050696 0.012021 0.000030 0.933150
4 1 0.001355 0.164523 0.028255 0.000008 0.805860
4 1 0.001263 0.140886 0.023617 0.000006 0.834228
4 1 0.005035 0.117390 0.022067 0.000019 0.855490
4 1 0.071966 0.165562 0.032711 0.000101 0.729661
4 1 0.006534 0.073011 0.019757 0.000080 0.900617
4 1 0.003218 0.142229 0.031372 0.000032 0.823148
4 4 0.009469 0.072982 0.022027 0.000154 0.895368
4 4 0.005529 0.062335 0.016084 0.000056 0.915997
4 4 0.022303 0.020163 0.008020 0.000415 0.949098
4 4 0.028034 0.005814 0.002565 0.000400 0.963186
4 4 0.032135 0.002819 0.001325 0.000397 0.963323
4 4 0.032804 0.003534 0.001660 0.000445 0.961556
4 4 0.029671 0.008816 0.003907 0.000511 0.957095
4 4 0.036475 0.064704 0.016964 0.000155 0.881702
4 4 0.031212 0.218636 0.041681 0.000065 0.708405
4 4 0.005131 0.156717 0.039764 0.000078 0.798310
4 4 0.007568 0.127927 0.034394 0.000110 0.830002
4 4 0.004343 0.217893 0.040802 0.000023 0.736939
4 4 0.000699 0.149695 0.025110 0.000003 0.824493
4 4 0.001316 0.089513 0.015144 0.000005 0.894021
4 4 0.001187 0.168734 0.028276 0.000006 0.801797
4 4 0.008665 0.264463 0.054793 0.000054 0.672025
4 4 0.056094 0.312737 0.060470 0.000110 0.570589
4 4 0.005083 0.153840 0.038904 0.000076 0.802097
4 4 0.041144 0.267208 0.041065 0.000033 0.650550
4 4 0.015944 0.263857 0.051083 0.000055 0.669061
4 4 0.119447 0.147744 0.025677 0.000071 0.707061
4 4 0.017326 0.120948 0.027115 0.000074 0.834537
4 4 0.002767 0.236653 0.041365 0.000009 0.719206
4 4 0.010095 0.379594 0.051221 0.000011 0.559078
4 4 0.003016 0.269852 0.034035 0.000004 0.693093
4 4 0.000863 0.157263 0.023636 0.000003 0.818235
4 4 0.000629 0.145225 0.035198 0.000003 0.818945
4 4 0.000917 0.089482 0.013624 0.000003 0.895974
4 4 0.003499 0.144689 0.032723 0.000038 0.819052
4 4 0.002065 0.093137 0.017970 0.000012 0.886816
4 4 0.003389 0.138260 0.030053 0.000031 0.828268
4 4 0.002320 0.193340 0.039123 0.000022 0.765195
4 4 0.002880 0.031343 0.006767 0.000014 0.958997
4 4 0.000677 0.148910 0.020825 0.000002 0.829585
4 4 0.000744 0.152108 0.021874 0.000003 0.825272
4 4 0.001576 0.132806 0.023731 0.000009 0.841878
4 4 0.002311 0.195536 0.029818 0.000007 0.772329
1 4 0.378417 0.442176 0.074420 0.000176 0.104811
1 4 0.016803 0.498554 0.104763 0.000004 0.379876
4 4 0.006851 0.412474 0.128576 0.000002 0.452098
1 4 0.036845 0.532101 0.201623 0.000008 0.229423
1 4 0.012376 0.497406 0.143717 0.000001 0.346500
1 4 0.111261 0.545599 0.103087 0.000178 0.239875
1 4 0.118423 0.630239 0.072277 0.000023 0.179038
1 4 0.182365 0.468592 0.085156 0.000179 0.263709
1 4 0.178212 0.464752 0.093146 0.000269 0.263622
1 4 0.161293 0.529056 0.109858 0.000248 0.199545
2 4 0.012444 0.317331 0.596950 0.000101 0.073175
2 4 0.004278 0.169256 0.784890 0.000167 0.041410
2 4 0.010807 0.297563 0.639245 0.000004 0.052380
2 4 0.000467 0.087814 0.883563 0.000010 0.028146
2 4 0.005292 0.229493 0.721815 0.000036 0.043364
1 4 0.116817 0.488872 0.301614 0.000539 0.092158
1 2 0.191613 0.454101 0.231549 0.000724 0.122014
1 2 0.198879 0.335065 0.256885 0.003650 0.205521
1 2 0.094029 0.488398 0.262308 0.002296 0.152968
1 2 0.142022 0.449906 0.266701 0.000690 0.140681
2 2 0.010841 0.241788 0.708416 0.000176 0.038780
2 2 0.016680 0.386478 0.514805 0.000007 0.082030
2 2 0.015782 0.259290 0.689334 0.000706 0.034887
2 2 0.004375 0.209512 0.722983 0.000355 0.062774
2 2 0.003704 0.125999 0.847150 0.000629 0.022518
2 2 0.000370 0.036163 0.955454 0.001164 0.006850
2 2 0.004244 0.203435 0.748489 0.000852 0.042981
2 2 0.003995 0.125649 0.856201 0.000293 0.013863
2 2 0.008801 0.196748 0.767024 0.003981 0.023446
2 2 0.000572 0.050111 0.935807 0.000970 0.012541
2 2 0.000277 0.019603 0.972854 0.005773 0.001492
2 2 0.000084 0.013456 0.980447 0.004690 0.001322
2 2 0.000128 0.018354 0.975789 0.004192 0.001537
2 2 0.000100 0.010762 0.980960 0.005869 0.002310
2 2 0.000054 0.012797 0.983711 0.002136 0.001303
2 2 0.000172 0.020121 0.963976 0.007573 0.008159
2 2 0.000304 0.052605 0.919363 0.011652 0.016077
2 2 0.000136 0.021768 0.972395 0.002935 0.002766
2 2 0.000067 0.013610 0.982046 0.003140 0.001137
2 2 0.000214 0.016272 0.972820 0.007840 0.002854
2 2 0.000135 0.005414 0.945813 0.048440 0.000199
2 2 0.000115 0.004829 0.909441 0.085294 0.000320
2 2 0.000030 0.001740 0.922533 0.075631 0.000066
2 2 0.000088 0.003483 0.950494 0.045752 0.000184
2 2 0.000252 0.004670 0.935203 0.059677 0.000198
2 2 0.006388 0.023324 0.646701 0.318172 0.005415
2 2 0.003057 0.021982 0.720444 0.246497 0.008021
2 2 0.008555 0.040372 0.638184 0.299187 0.013702
2 2 0.002579 0.022130 0.775764 0.195666 0.003861
2 2 0.003233 0.019646 0.690922 0.281790 0.004409
2 2 0.001511 0.069284 0.907536 0.008181 0.013488
2 2 0.008329 0.167126 0.800354 0.003425 0.020766
2 2 0.008482 0.243129 0.717729 0.001176 0.029484
2 2 0.002658 0.116941 0.863555 0.001808 0.015037
2 2 0.000344 0.029806 0.966674 0.000802 0.002374
2 2 0.001259 0.066162 0.920463 0.003453 0.008663
2 2 0.001239 0.078822 0.902849 0.002843 0.014248
2 2 0.000258 0.025140 0.964188 0.006798 0.003615
2 2 0.000609 0.053179 0.918879 0.014894 0.012438
2 2 0.000751 0.041685 0.947855 0.004100 0.005610
2 2 0.000075 0.012600 0.957678 0.028596 0.001051
2 2 0.000158 0.008559 0.958570 0.032085 0.000628
2 2 0.000202 0.007718 0.929448 0.061692 0.000941
2 2 0.000330 0.009703 0.892805 0.095164 0.001998
2 2 0.000993 0.020490 0.810357 0.165201 0.002959
2 2 0.000454 0.008147 0.880146 0.110569 0.000684
2 2 0.000391 0.004914 0.898341 0.095851 0.000504
2 2 0.001205 0.024297 0.827168 0.144878 0.002452
2 2 0.000455 0.007208 0.888326 0.103537 0.000474
2 2 0.000940 0.012253 0.866134 0.118933 0.001739
2 2 0.001425 0.010733 0.697054 0.288543 0.002245
2 2 0.002415 0.015657 0.662370 0.316283 0.003276
2 2 0.001934 0.023121 0.622994 0.347587 0.004363
2 2 0.008205 0.036593 0.635492 0.309382 0.010328
2 2 0.005174 0.024962 0.797166 0.166269 0.006429
3 2 0.000792 0.004736 0.446754 0.546622 0.001096
3 2 0.000936 0.006864 0.482564 0.508047 0.001589
3 2 0.008094 0.025510 0.365316 0.590208 0.010871
2 2 0.004412 0.029167 0.582418 0.375406 0.008597
3 2 0.001052 0.005220 0.424904 0.567817 0.001007
3 2 0.000309 0.001562 0.395369 0.602255 0.000505
3 2 0.002670 0.007183 0.253730 0.733269 0.003148
3 2 0.001335 0.003023 0.282890 0.710983 0.001769
3 2 0.002024 0.007507 0.278959 0.708736 0.002774
3 3 0.003351 0.006326 0.245039 0.741705 0.003579
2 3 0.007684 0.100168 0.676518 0.177801 0.037829
2 2 0.010931 0.041349 0.890438 0.038846 0.018437
2 2 0.027344 0.262332 0.661511 0.012590 0.036223
2 1 0.065101 0.285786 0.565131 0.008186 0.075796
2 1 0.032029 0.348428 0.562336 0.015597 0.041609
2 1 0.009019 0.328349 0.595259 0.000031 0.067342
2 1 0.030142 0.438378 0.476532 0.000029 0.054919
2 1 0.007146 0.283637 0.635899 0.000017 0.073301
2 1 0.006414 0.204478 0.752542 0.000031 0.036536
2 1 0.023694 0.426162 0.495964 0.000018 0.054162
2 1 0.002051 0.170805 0.788349 0.000005 0.038789
2 1 0.000515 0.059226 0.930969 0.000015 0.009276
2 1 0.001175 0.106907 0.876786 0.000004 0.015128
2 1 0.000251 0.037633 0.957166 0.000030 0.004920
2 1 0.002291 0.167170 0.800605 0.000009 0.029925
1 1 0.038976 0.466540 0.413113 0.000007 0.081364
1 1 0.028705 0.526350 0.338952 0.000001 0.105992
2 1 0.011011 0.291986 0.634811 0.000021 0.062171
2 1 0.011885 0.254851 0.695652 0.000062 0.037551
2 1 0.002790 0.176712 0.778777 0.000010 0.041710
2 1 0.001968 0.127084 0.839481 0.000331 0.031137
2 1 0.002900 0.132699 0.837901 0.000006 0.026493
1 1 0.033282 0.579127 0.232808 0.000001 0.154782
1 1 0.046300 0.544668 0.312131 0.000023 0.096878
2 1 0.017461 0.353958 0.555979 0.000007 0.072595
1 1 0.063326 0.552529 0.224515 0.000010 0.159619
1 1 0.094364 0.561198 0.209071 0.000018 0.135350
1 1 0.034726 0.600805 0.199868 0.000001 0.164601
2 1 0.030163 0.418871 0.476377 0.000011 0.074578
2 1 0.020654 0.366211 0.545512 0.000067 0.067555
1 1 0.133594 0.555997 0.101422 0.000168 0.208818
1 1 0.109458 0.631679 0.071273 0.000021 0.187568
1 0 0.233911 0.513378 0.110828 0.000436 0.141448
0 0 0.566614 0.315789 0.058515 0.000272 0.058810
1 0 0.202143 0.580781 0.084687 0.000080 0.132309
0 0 0.783724 0.141889 0.035298 0.000761 0.038327
0 0 0.733682 0.192882 0.033353 0.000180 0.039903
0 0 0.943013 0.034768 0.009289 0.000561 0.012369
0 0 0.861371 0.093867 0.019064 0.000272 0.025426
0 0 0.935608 0.041230 0.009089 0.000267 0.013806
0 0 0.931521 0.049049 0.010514 0.000254 0.008663
0 0 0.899834 0.071300 0.015568 0.000326 0.012972
0 0 0.904604 0.069401 0.015236 0.000329 0.010430
0 0 0.962189 0.022118 0.004878 0.000200 0.010614
0 0 0.964574 0.020732 0.005288 0.000360 0.009046
0 0 0.987849 0.004273 0.001248 0.000303 0.006327
0 0 0.988245 0.003171 0.001033 0.000421 0.007130
0 0 0.986252 0.002715 0.001024 0.000736 0.009272
0 0 0.987327 0.003733 0.001194 0.000420 0.007326
0 0 0.987585 0.004082 0.001237 0.000348 0.006748
0 0 0.978930 0.009457 0.002712 0.000411 0.008490
0 0 0.967021 0.016739 0.004821 0.000550 0.010869
0 0 0.960435 0.022253 0.006056 0.000493 0.010763
0 0 0.766369 0.177762 0.029107 0.000139 0.026624
0 0 0.958559 0.021538 0.005685 0.000428 0.013789
0 0 0.972001 0.014645 0.003971 0.000398 0.008985
0 0 0.986502 0.003310 0.001154 0.000577 0.008457
0 0 0.960007 0.019933 0.006070 0.000761 0.013229
0 0 0.939033 0.038411 0.009099 0.000352 0.013106
0 0 0.962143 0.017183 0.005552 0.000916 0.014205
0 0 0.984068 0.004415 0.001525 0.000637 0.009354
0 0 0.987203 0.003142 0.001082 0.000533 0.008040
0 0 0.990216 0.001947 0.000677 0.000441 0.006718
0 0 0.994197 0.000825 0.000281 0.000264 0.004433
0 0 0.991834 0.001828 0.000586 0.000301 0.005450
0 0 0.983603 0.003685 0.001386 0.000843 0.010483
0 0 0.988658 0.003805 0.001119 0.000295 0.006123
0 0 0.985819 0.005943 0.001632 0.000272 0.006334
0 0 0.985792 0.004529 0.001436 0.000445 0.007798
0 0 0.992544 0.002250 0.000630 0.000185 0.004391
0 0 0.987555 0.003051 0.001035 0.000492 0.007868
0 0 0.965044 0.018030 0.005186 0.000567 0.011174
0 0 0.899721 0.067085 0.014120 0.000273 0.018801
0 0 0.752023 0.107719 0.033645 0.001777 0.104836
0 0 0.417503 0.282266 0.098942 0.003506 0.197783
4 0 0.015154 0.083402 0.023141 0.000144 0.878159
4 1 0.005456 0.062266 0.016004 0.000055 0.916220
4 1 0.003041 0.087813 0.018976 0.000023 0.890147
4 1 0.001035 0.163755 0.025986 0.000005 0.809219
4 1 0.001291 0.171876 0.029140 0.000007 0.797686
4 1 0.034866 0.169152 0.035923 0.000097 0.759961
4 1 0.002842 0.116385 0.024679 0.000023 0.856070
4 1 0.005646 0.146679 0.026453 0.000018 0.821204
4 1 0.005812 0.097668 0.025522 0.000075 0.870923
4 1 0.005499 0.090012 0.023138 0.000065 0.881286
4 1 0.081825 0.320410 0.064087 0.000154 0.533524
4 1 0.231690 0.264271 0.053798 0.000253 0.449988
4 1 0.151858 0.227106 0.049692 0.000262 0.571083
4 1 0.013936 0.190487 0.051812 0.000188 0.743578
4 1 0.036413 0.368117 0.077606 0.000138 0.517726
4 1 0.027643 0.207635 0.038612 0.000054 0.726056
4 1 0.012873 0.174559 0.041913 0.000102 0.770552
4 1 0.255236 0.256335 0.048534 0.000192 0.439702
4 1 0.019102 0.238595 0.044446 0.000048 0.697810
4 1 0.009890 0.296800 0.054358 0.000036 0.638916
4 1 0.001282 0.190513 0.032582 0.000004 0.775620
4 1 0.001781 0.225068 0.028267 0.000003 0.744882
4 1 0.001236 0.224194 0.023303 0.000001 0.751266
4 1 0.001796 0.246410 0.025888 0.000001 0.725906
4 1 0.001820 0.241774 0.042322 0.000002 0.714082
4 1 0.004343 0.286572 0.053099 0.000009 0.655977
4 1 0.005694 0.342154 0.040428 0.000004 0.611720
4 1 0.004206 0.293109 0.039265 0.000006 0.663414
4 1 0.029799 0.426180 0.051500 0.000012 0.492509
4 1 0.003617 0.295311 0.043607 0.000004 0.657460
1 1 0.017004 0.590703 0.042155 0.000001 0.350137
4 1 0.000918 0.182425 0.069775 0.000002 0.746879
4 1 0.000179 0.140215 0.054161 0.000000 0.805445
4 1 0.001697 0.293857 0.091041 0.000000 0.613405
4 1 0.000497 0.213469 0.067668 0.000000 0.718366
1 1 0.018055 0.550077 0.053092 0.000002 0.378774
1 1 0.277836 0.512034 0.071603 0.000074 0.138454
4 1 0.005611 0.380529 0.079202 0.000002 0.534656
4 1 0.005765 0.321135 0.068410 0.000010 0.604680
4 1 0.013769 0.375584 0.071743 0.000038 0.538866
1 1 0.017325 0.530963 0.051648 0.000002 0.400062
1 1 0.012853 0.499813 0.066831 0.000002 0.420502
1 1 0.013543 0.494606 0.073806 0.000002 0.418042
1 1 0.021052 0.536811 0.049725 0.000004 0.392409
1 1 0.057057 0.535240 0.145569 0.000042 0.262092
1 1 0.304213 0.453227 0.136628 0.000886 0.105045
1 1 0.362126 0.494720 0.075411 0.000118 0.067625
1 1 0.316572 0.481799 0.102064 0.000449 0.099115
0 0 0.716984 0.183636 0.041559 0.000555 0.057266
0 0 0.589291 0.301018 0.052559 0.000210 0.056922
0 1 0.603387 0.258494 0.046847 0.000235 0.091037
0 1 0.559130 0.307378 0.061743 0.000379 0.071370
0 1 0.439209 0.367557 0.085097 0.000680 0.107457
0 0 0.952167 0.024014 0.006366 0.000461 0.016992
0 0 0.860018 0.067901 0.017976 0.000738 0.053367
0 0 0.987278 0.003157 0.001081 0.000522 0.007961
0 0 0.979735 0.007910 0.002452 0.000528 0.009376
0 0 0.979959 0.007312 0.002345 0.000590 0.009794
0 0 0.986159 0.004867 0.001464 0.000367 0.007144
0 0 0.987376 0.003375 0.001122 0.000473 0.007654
0 0 0.976015 0.011758 0.003253 0.000391 0.008582
0 0 0.985548 0.005353 0.001583 0.000357 0.007159
0 0 0.985485 0.006506 0.001720 0.000242 0.006047
0 0 0.964545 0.018754 0.005291 0.000532 0.010879
0 0 0.982025 0.006803 0.002088 0.000471 0.008613
0 0 0.990763 0.002328 0.000736 0.000319 0.005854
0 0 0.985721 0.004451 0.001427 0.000463 0.007938
0 0 0.986747 0.004201 0.001314 0.000405 0.007333
0 0 0.985902 0.003436 0.001213 0.000619 0.008829
0 0 0.989441 0.002342 0.000800 0.000446 0.006972
0 0 0.975808 0.012309 0.003312 0.000354 0.008217
0 0 0.955921 0.030058 0.006511 0.000212 0.007299
0 0 0.903989 0.070860 0.013134 0.000161 0.011855
0 0 0.938086 0.037739 0.010199 0.000613 0.013363
0 0 0.962629 0.022540 0.005615 0.000338 0.008878
0 0 0.970071 0.013321 0.004147 0.000691 0.011769
0 0 0.946458 0.035535 0.008340 0.000324 0.009342
0 0 0.930274 0.048138 0.010347 0.000256 0.010985
0 0 0.938071 0.037736 0.010018 0.000568 0.013608
0 0 0.937991 0.036940 0.008743 0.000345 0.015981
0 0 0.945513 0.036683 0.008034 0.000245 0.009525
0 0 0.926365 0.046562 0.011561 0.000470 0.015042
0 0 0.774954 0.174170 0.026961 0.000108 0.023806
0 0 0.790925 0.139623 0.027584 0.000283 0.041585
0 0 0.833211 0.118900 0.021070 0.000167 0.026652
0 0 0.748901 0.123575 0.029522 0.000600 0.097402
0 0 0.574826 0.275205 0.053762 0.000326 0.095881
0 0 0.626131 0.263441 0.047505 0.000234 0.062690
0 0 0.857673 0.084412 0.022708 0.000865 0.034342
0 0 0.822605 0.107535 0.028126 0.000848 0.040886
0 0 0.961751 0.024079 0.005712 0.000283 0.008176
0 0 0.925412 0.049549 0.011422 0.000351 0.013265
0 0 0.931860 0.045891 0.011005 0.000400 0.010844
0 0 0.824108 0.128222 0.024087 0.000221 0.023363
0 0 0.910948 0.062419 0.012614 0.000222 0.013797
0 0 0.844353 0.107984 0.020958 0.000237 0.026467
0 0 0.945427 0.034566 0.008718 0.000436 0.010852
0 0 0.972608 0.014913 0.003881 0.000336 0.008261
0 0 0.979078 0.009992 0.002738 0.000347 0.007846
0 0 0.951639 0.029554 0.007628 0.000448 0.010731
0 0 0.655008 0.222480 0.041926 0.000268 0.080317
0 0 0.682180 0.223344 0.033192 0.000098 0.061185
0 1 0.527243 0.273386 0.057409 0.000429 0.141533
1 1 0.281621 0.373132 0.071898 0.000257 0.273092
1 1 0.121174 0.523166 0.103857 0.000225 0.251578
1 1 0.101770 0.546277 0.226644 0.000021 0.125288
1 1 0.077551 0.596750 0.207180 0.000004 0.118515
1 1 0.057442 0.654537 0.156654 0.000001 0.131366
1 1 0.043975 0.604136 0.162245 0.000003 0.189641
1 1 0.392493 0.467176 0.077485 0.000171 0.062676
1 1 0.010974 0.559308 0.299352 0.000000 0.130366
1 1 0.004654 0.436092 0.392063 0.000000 0.167190
2 1 0.005468 0.323477 0.598819 0.000001 0.072235
2 1 0.002627 0.191890 0.761770 0.000004 0.043709
2 1 0.014292 0.383001 0.522983 0.000007 0.079717
2 1 0.000660 0.067529 0.925496 0.000011 0.006304
2 1 0.000167 0.054746 0.933892 0.000003 0.011192
2 1 0.000266 0.074133 0.913554 0.000001 0.012046
2 1 0.000074 0.027916 0.966594 0.000017 0.005400
2 1 0.000049 0.020410 0.975925 0.000033 0.003582
2 1 0.010133 0.201604 0.760553 0.000665 0.027045
2 1 0.014400 0.177596 0.787413 0.000107 0.020484
1 1 0.093152 0.490512 0.365170 0.000114 0.051052
0 1 0.467707 0.382411 0.118630 0.000115 0.031136
1 1 0.099692 0.622512 0.209231 0.000001 0.068564
2 1 0.001191 0.133294 0.847214 0.000006 0.018295
2 1 0.000119 0.031617 0.964142 0.000007 0.004115
2 1 0.000040 0.016596 0.980743 0.000080 0.002541
2 1 0.000874 0.088771 0.902527 0.000007 0.007821
2 1 0.000039 0.020572 0.976278 0.000024 0.003087
2 1 0.000046 0.019969 0.977740 0.000027 0.002218
2 1 0.000092 0.036161 0.959023 0.000015 0.004709
2 1 0.000015 0.008954 0.988988 0.000446 0.001596
2 1 0.000035 0.012166 0.985336 0.000514 0.001949
2 1 0.000010 0.013816 0.981659 0.000025 0.004491
2 1 0.005536 0.216949 0.762889 0.000076 0.014550
2 1 0.000361 0.043116 0.950294 0.000994 0.005235
2 1 0.000132 0.024870 0.970245 0.000717 0.004036
2 1 0.000079 0.025655 0.965761 0.000863 0.007642
2 1 0.000092 0.018099 0.972674 0.005533 0.003601
2 1 0.001444 0.080313 0.903669 0.000485 0.014088
2 1 0.003110 0.123499 0.851289 0.000491 0.021611
2 1 0.024417 0.351355 0.588301 0.000002 0.035924
1 1 0.432584 0.447022 0.084636 0.000043 0.035716
1 1 0.071859 0.512884 0.373762 0.000031 0.041463
1 1 0.068330 0.495859 0.406830 0.000001 0.028980
2 1 0.036222 0.352289 0.587326 0.000008 0.024154
2 1 0.010191 0.195491 0.777209 0.000084 0.017025
1 1 0.047594 0.481538 0.431983 0.000000 0.038885
2 1 0.017292 0.322878 0.636324 0.000000 0.023505
1 1 0.163252 0.570211 0.144995 0.000048 0.121494
1 1 0.127207 0.602884 0.162639 0.000010 0.107259
1 1 0.140850 0.551167 0.178336 0.000055 0.129592
1 1 0.077635 0.540464 0.216680 0.000157 0.165064
1 1 0.106473 0.565208 0.229729 0.000008 0.098582
1 1 0.098848 0.539473 0.224173 0.000029 0.137476
1 1 0.096017 0.575147 0.217070 0.000008 0.111757
1 1 0.116990 0.662001 0.087176 0.000006 0.133827
1 1 0.126566 0.572414 0.175104 0.000027 0.125889
1 1 0.183492 0.596300 0.099448 0.000040 0.120721
1 1 0.254652 0.496948 0.114259 0.000585 0.133556
0 1 0.476159 0.315045 0.076512 0.000811 0.131472
1 1 0.203824 0.512874 0.117182 0.000521 0.165599
0 1 0.708563 0.145578 0.040537 0.001219 0.104102
0 0 0.852524 0.090707 0.018406 0.000268 0.038095
0 0 0.986624 0.005138 0.001464 0.000298 0.006476
0 0 0.991289 0.002803 0.000791 0.000213 0.004903
0 0 0.991638 0.001659 0.000557 0.000350 0.005795
0 0 0.990932 0.002209 0.000705 0.000322 0.005832
0 0 0.989039 0.003431 0.001034 0.000312 0.006184
0 0 0.989268 0.002823 0.000910 0.000379 0.006621
0 0 0.989663 0.002173 0.000752 0.000455 0.006957
0 0 0.986708 0.003441 0.001172 0.000530 0.008149
0 0 0.985836 0.003263 0.001177 0.000663 0.009061
0 0 0.984525 0.004111 0.001435 0.000643 0.009285
0 0 0.958861 0.021725 0.006332 0.000656 0.012426
0 0 0.958219 0.023045 0.006117 0.000452 0.012167
0 0 0.971319 0.016961 0.003849 0.000198 0.007673
0 0 0.852629 0.109401 0.017259 0.000098 0.020613
0 0 0.685063 0.221792 0.044778 0.000363 0.048005
4 1 0.033752 0.238355 0.037046 0.000030 0.690818
4 1 0.016425 0.268552 0.048241 0.000041 0.666742
4 1 0.008538 0.137036 0.037339 0.000127 0.816960
4 1 0.030939 0.180501 0.032957 0.000049 0.755554
4 1 0.002967 0.129933 0.023669 0.000013 0.843418
4 1 0.002027 0.106261 0.016674 0.000005 0.875032
4 1 0.003590 0.207931 0.026712 0.000004 0.761763
4 1 0.000674 0.148736 0.020769 0.000002 0.829819
4 1 0.000314 0.124677 0.013902 0.000001 0.861106
4 4 0.001174 0.149882 0.024622 0.000006 0.824316
4 4 0.014911 0.095264 0.032886 0.000389 0.856550
4 4 0.034642 0.017747 0.007519 0.000636 0.939455
4 4 0.020648 0.106925 0.029716 0.000191 0.842520
4 4 0.044011 0.044117 0.017219 0.000779 0.893874
4 4 0.005551 0.076057 0.019615 0.000061 0.898716
4 4 0.007508 0.028344 0.008114 0.000070 0.955965
4 4 0.007103 0.035047 0.009825 0.000069 0.947957
4 4 0.005964 0.078453 0.020660 0.000071 0.894853
4 4 0.001783 0.118865 0.021990 0.000010 0.857353
4 4 0.003000 0.102753 0.022118 0.000024 0.872105
4 4 0.003325 0.093511 0.020740 0.000028 0.882396
4 4 0.003995 0.087483 0.020476 0.000037 0.888009
4 4 0.002909 0.134982 0.028874 0.000026 0.833210
4 4 0.004213 0.114745 0.027305 0.000046 0.853691
4 4 0.014385 0.007309 0.002629 0.000134 0.975543
4 4 0.026877 0.020909 0.007288 0.000263 0.944663
4 4 0.009302 0.022855 0.007003 0.000094 0.960746
4 4 0.008304 0.058405 0.016994 0.000111 0.916186
4 4 0.005457 0.019631 0.005166 0.000035 0.969712
4 4 0.012121 0.005335 0.001842 0.000089 0.980613
4 4 0.041521 0.070447 0.029032 0.001193 0.857807
4 4 0.095791 0.033081 0.014301 0.001544 0.855283
4 4 0.043523 0.058641 0.025195 0.001338 0.871304
4 4 0.037239 0.107202 0.031826 0.000339 0.823394
4 4 0.069133 0.161684 0.039259 0.000236 0.729688
1 4 0.025970 0.502760 0.062881 0.000014 0.408374
1 4 0.049790 0.567717 0.071169 0.000021 0.311304
1 4 0.026334 0.478371 0.068879 0.000026 0.426390
1 4 0.048783 0.451472 0.064458 0.000033 0.435254
4 4 0.029696 0.441670 0.083530 0.000085 0.445019
1 4 0.009020 0.489334 0.033350 0.000001 0.468296
4 4 0.002353 0.306778 0.037684 0.000001 0.653184
4 4 0.004114 0.180536 0.031445 0.000015 0.783890
4 4 0.004615 0.367305 0.036936 0.000001 0.591142
4 4 0.001234 0.226694 0.053544 0.000001 0.718527
4 4 0.014845 0.390049 0.065029 0.000033 0.530044
4 4 0.007603 0.346145 0.048615 0.000011 0.597626
4 4 0.003619 0.238218 0.038428 0.000011 0.719724
4 4 0.003050 0.200910 0.033631 0.000011 0.762398
4 4 0.007956 0.332869 0.052574 0.000018 0.606582
4 4 0.011294 0.071130 0.022618 0.000207 0.894752
4 4 0.012392 0.024340 0.008101 0.000158 0.955010
4 4 0.012260 0.007137 0.002451 0.000100 0.978052
4 4 0.014489 0.023093 0.008058 0.000204 0.954155
4 4 0.022147 0.003965 0.001651 0.000231 0.972007
0 4 0.442582 0.256763 0.047070 0.000216 0.253368
1 4 0.049988 0.642906 0.053027 0.000004 0.254076
1 4 0.044302 0.633717 0.052037 0.000003 0.269941
1 4 0.052748 0.625223 0.058837 0.000006 0.263185
1 4 0.034813 0.604211 0.072296 0.000003 0.288676
1 4 0.036564 0.669538 0.142247 0.000000 0.151651
1 4 0.028762 0.646804 0.153081 0.000000 0.171352
1 4 0.024127 0.666115 0.165533 0.000000 0.144224
1 4 0.008582 0.469541 0.308343 0.000000 0.213534
1 4 0.008142 0.433534 0.419865 0.000000 0.138459
1 4 0.036019 0.491756 0.372345 0.000001 0.099879
1 4 0.026850 0.533836 0.306495 0.000001 0.132818
1 4 0.028777 0.478421 0.353817 0.000002 0.138983
1 4 0.018892 0.561029 0.284771 0.000000 0.135308
1 4 0.180852 0.653327 0.082341 0.000005 0.083475
1 4 0.080275 0.684787 0.083460 0.000002 0.151476
1 4 0.158241 0.635577 0.097807 0.000011 0.108364
1 4 0.078311 0.627000 0.067573 0.000014 0.227102
1 4 0.173866 0.613216 0.102255 0.000021 0.110643
1 4 0.046461 0.596575 0.194058 0.000002 0.162903
0 4 0.878715 0.064000 0.017751 0.000877 0.038657
0 4 0.969494 0.011088 0.003912 0.001087 0.014419
0 4 0.977560 0.008292 0.002709 0.000679 0.010760
0 4 0.951216 0.020415 0.006649 0.001034 0.020687
0 4 0.969860 0.009708 0.002508 0.000270 0.017655
0 4 0.815022 0.030639 0.008576 0.000639 0.145124
0 4 0.738826 0.057228 0.014626 0.000560 0.188760
0 4 0.549342 0.136751 0.036643 0.000907 0.276357
0 4 0.448046 0.159659 0.036765 0.000464 0.355066
1 4 0.165578 0.371707 0.116819 0.001607 0.344289
1 4 0.016651 0.536033 0.063603 0.000002 0.383712
4 4 0.002288 0.322982 0.149154 0.000000 0.525574
4 4 0.003556 0.395628 0.178501 0.000000 0.422315
4 4 0.003696 0.437234 0.086004 0.000000 0.473066
1 4 0.005115 0.457355 0.100140 0.000000 0.437390
1 4 0.063534 0.605576 0.169191 0.000005 0.161694
1 1 0.025878 0.567538 0.202693 0.000001 0.203889
1 1 0.131229 0.617795 0.089222 0.000029 0.161724
1 1 0.069350 0.629614 0.130505 0.000005 0.170526
2 2 0.029621 0.381093 0.469942 0.000880 0.118464
1 2 0.014012 0.535086 0.209537 0.000000 0.241364
1 2 0.016521 0.584775 0.156599 0.000000 0.242104
1 2 0.036134 0.542739 0.202241 0.000006 0.218880
1 1 0.045980 0.621823 0.176652 0.000001 0.155544
1 1 0.025066 0.597018 0.164496 0.000001 0.213419
2 1 0.001299 0.168398 0.796728 0.000000 0.033575
2 1 0.002986 0.351893 0.555666 0.000000 0.089455
2 1 0.000687 0.137781 0.834183 0.000000 0.027349
2 1 0.000213 0.095420 0.880337 0.000000 0.024031
2 2 0.000253 0.085413 0.888818 0.000001 0.025516
2 2 0.000354 0.086266 0.881659 0.000005 0.031715
2 2 0.000311 0.088318 0.883891 0.000001 0.027479
2 2 0.000553 0.114683 0.844284 0.000004 0.040475
2 2 0.000395 0.059756 0.931056 0.000005 0.008789
1 2 0.006708 0.439228 0.382414 0.000000 0.171650
1 2 0.277920 0.537195 0.085463 0.000130 0.099293
1 2 0.145432 0.681958 0.066409 0.000004 0.106197
1 2 0.107031 0.664530 0.129666 0.000002 0.098770
1 2 0.168604 0.550665 0.188138 0.000030 0.092563
1 1 0.158530 0.612135 0.083535 0.000037 0.145763
1 1 0.080790 0.656979 0.059572 0.000007 0.202652
1 1 0.101250 0.635216 0.069323 0.000017 0.194194
0 0 0.624953 0.284181 0.038983 0.000075 0.051808
1 1 0.054864 0.669621 0.049117 0.000002 0.226395
1 1 0.060326 0.673129 0.053524 0.000003 0.213017
1 1 0.069073 0.651914 0.141943 0.000002 0.137068
1 1 0.030341 0.584648 0.179655 0.000001 0.205355
1 1 0.055492 0.527372 0.302391 0.000003 0.114741
1 1 0.016350 0.486523 0.360205 0.000000 0.136922
1 1 0.027851 0.555585 0.247414 0.000001 0.169149
1 1 0.135694 0.649818 0.112638 0.000005 0.101844
1 1 0.189858 0.624037 0.072569 0.000021 0.113516
1 1 0.087230 0.690883 0.099407 0.000001 0.122478
1 1 0.222237 0.631961 0.074457 0.000006 0.071338
1 1 0.194400 0.696358 0.039022 0.000001 0.070219
1 1 0.069582 0.599450 0.072759 0.000022 0.258187
1 1 0.143142 0.642089 0.099714 0.000009 0.115046
1 0 0.235348 0.570286 0.081776 0.000079 0.112510
1 1 0.091371 0.640229 0.066388 0.000013 0.201999
1 1 0.115557 0.631847 0.071597 0.000022 0.180978
1 1 0.105579 0.642049 0.067526 0.000015 0.184831
1 1 0.099020 0.616686 0.075102 0.000027 0.209166
1 1 0.104342 0.613035 0.088411 0.000028 0.194184
0 0 0.458783 0.344563 0.057537 0.000167 0.138950
1 1 0.086916 0.588433 0.081908 0.000044 0.242699
1 1 0.167741 0.583304 0.088837 0.000089 0.160030
0 1 0.418609 0.358761 0.066427 0.000255 0.155949
0 0 0.821750 0.122425 0.023520 0.000239 0.032066
0 0 0.759791 0.169130 0.026941 0.000121 0.044016
0 0 0.745632 0.174493 0.033596 0.000275 0.046004
0 0 0.981186 0.006244 0.002070 0.000630 0.009870
0 0 0.987648 0.004818 0.001337 0.000258 0.005939
0 0 0.989742 0.004059 0.001071 0.000191 0.004937
0 0 0.992600 0.001891 0.000565 0.000226 0.004719
0 0 0.990762 0.002652 0.000797 0.000272 0.005516
0 0 0.991177 0.002754 0.000790 0.000227 0.005052
0 0 0.989129 0.002926 0.000937 0.000376 0.006632
0 0 0.991558 0.002078 0.000649 0.000286 0.005429
0 0 0.989827 0.002577 0.000832 0.000366 0.006398
0 0 0.989276 0.003222 0.000983 0.000320 0.006199
0 0 0.990343 0.002338 0.000758 0.000356 0.006204
0 0 0.988301 0.002317 0.000841 0.000578 0.007962
0 0 0.987957 0.002532 0.000908 0.000571 0.008032
0 0 0.988545 0.001946 0.000737 0.000639 0.008133
0 0 0.984896 0.003957 0.001381 0.000631 0.009134
0 0 0.993595 0.001316 0.000410 0.000227 0.004451
0 0 0.987323 0.003156 0.001079 0.000517 0.007925
0 0 0.993173 0.001409 0.000446 0.000249 0.004723
0 0 0.993232 0.000894 0.000322 0.000350 0.005203
0 0 0.992326 0.000755 0.000301 0.000505 0.006113
0 0 0.996491 0.000411 0.000131 0.000140 0.002827
0 0 0.994306 0.001425 0.000404 0.000156 0.003709
0 0 0.980440 0.008468 0.002447 0.000403 0.008243
0 0 0.988643 0.001824 0.000701 0.000659 0.008173
0 0 0.988999 0.003017 0.000962 0.000374 0.006648
0 0 0.990015 0.002556 0.000819 0.000352 0.006258
0 0 0.994179 0.001620 0.000443 0.000142 0.003616
0 0 0.963534 0.019982 0.005487 0.000487 0.010510
0 0 0.992840 0.001567 0.000491 0.000253 0.004849
0 0 0.986775 0.003221 0.001121 0.000564 0.008319
0 0 0.977614 0.009730 0.002888 0.000484 0.009284
0 0 0.979434 0.009004 0.002611 0.000422 0.008529
0 0 0.970473 0.016867 0.004253 0.000311 0.008096
0 0 0.964692 0.019906 0.005279 0.000418 0.009706
0 0 0.975290 0.012849 0.003410 0.000341 0.008111
0 0 0.605058 0.336065 0.040343 0.000044 0.018490
0 0 0.656992 0.279595 0.040791 0.000097 0.022525
0 0 0.611421 0.320261 0.047468 0.000105 0.020745
0 0 0.655334 0.281512 0.045721 0.000153 0.017281
0 0 0.958240 0.027522 0.006227 0.000245 0.007766
0 0 0.980090 0.004105 0.001661 0.001220 0.012924
0 0 0.982461 0.005309 0.001806 0.000652 0.009772
0 0 0.984073 0.005148 0.001664 0.000515 0.008600
0 0 0.982451 0.004023 0.001526 0.000913 0.011088
0 0 0.990930 0.001808 0.000618 0.000394 0.006251
0 0 0.889898 0.031378 0.007931 0.000428 0.070365
0 0 0.891335 0.043853 0.010724 0.000434 0.053655
4 1 0.310988 0.196599 0.050307 0.000676 0.441430
4 1 0.104851 0.291584 0.080739 0.000671 0.522156
4 1 0.096978 0.187293 0.065522 0.001429 0.648778
4 1 0.024210 0.192009 0.041504 0.000093 0.742184
4 1 0.048855 0.215646 0.049473 0.000179 0.685847
4 1 0.097414 0.209299 0.040866 0.000124 0.652296
4 1 0.012617 0.302633 0.052791 0.000033 0.631926
4 4 0.015201 0.114713 0.034902 0.000250 0.834935
4 4 0.035812 0.006665 0.003151 0.000648 0.953724
4 4 0.032786 0.001506 0.000727 0.000333 0.964649
4 4 0.031877 0.008710 0.003945 0.000578 0.954890
4 4 0.045261 0.006270 0.003187 0.000964 0.944318
4 4 0.032431 0.004910 0.002275 0.000489 0.959896
4 4 0.023690 0.008734 0.003621 0.000342 0.963613
4 4 0.028012 0.005199 0.002302 0.000384 0.964103
4 4 0.032100 0.002824 0.001327 0.000397 0.963352
4 4 0.039877 0.003431 0.001503 0.000359 0.954831
4 4 0.023301 0.013882 0.005650 0.000392 0.956774
4 4 0.015917 0.004827 0.001812 0.000138 0.977306
4 4 0.011167 0.078210 0.021521 0.000116 0.888985
4 4 0.004070 0.057262 0.013523 0.000032 0.925113
4 4 0.002789 0.060195 0.012720 0.000017 0.924279
4 4 0.008028 0.033862 0.009847 0.000084 0.948179
4 4 0.031247 0.023412 0.010261 0.000798 0.934282
4 4 0.031905 0.019632 0.008696 0.000776 0.938991
4 4 0.238446 0.102249 0.027983 0.000583 0.630738
4 4 0.019622 0.125540 0.047224 0.000733 0.806881
4 4 0.039948 0.078952 0.026333 0.000500 0.854268
4 4 0.002015 0.175191 0.033871 0.000016 0.788907
4 4 0.003654 0.261286 0.040349 0.000010 0.694702
4 4 0.003951 0.242259 0.038269 0.000011 0.715511
4 4 0.009865 0.021837 0.006815 0.000102 0.961380
4 4 0.002847 0.077321 0.016398 0.000019 0.903415
4 4 0.009926 0.088943 0.027207 0.000183 0.873741
4 4 0.003833 0.083986 0.019422 0.000034 0.892726
4 4 0.011233 0.002483 0.000859 0.000060 0.985365
4 4 0.006003 0.029894 0.008005 0.000048 0.956051
4 4 0.006793 0.029387 0.008163 0.000059 0.955599
4 4 0.009049 0.125087 0.037341 0.000185 0.828338
4 4 0.006635 0.128264 0.034946 0.000109 0.830046
4 4 0.010132 0.188395 0.058977 0.000292 0.742204
4 4 0.008232 0.007509 0.002291 0.000051 0.981917
4 4 0.013104 0.042477 0.014202 0.000217 0.930001
4 4 0.047460 0.334003 0.053936 0.000048 0.564552
4 4 0.003176 0.233618 0.042933 0.000016 0.720258
4 4 0.007477 0.302230 0.056397 0.000034 0.633862
4 4 0.010146 0.237883 0.063030 0.000159 0.688781
4 4 0.008489 0.197747 0.045981 0.000077 0.747707
4 4 0.002698 0.086940 0.018141 0.000018 0.892202
4 4 0.009943 0.064065 0.019636 0.000158 0.906198
4 4 0.004910 0.138731 0.034636 0.000067 0.821655
4 4 0.008558 0.010131 0.003098 0.000060 0.978153
4 4 0.011545 0.016367 0.005390 0.000121 0.966576
4 4 0.013491 0.165810 0.037507 0.000079 0.783113
4 4 0.001153 0.167699 0.027487 0.000006 0.803654
4 4 0.009895 0.336494 0.060071 0.000034 0.593505
4 4 0.003562 0.083823 0.032923 0.000043 0.879650
4 4 0.017127 0.337789 0.049552 0.000019 0.595512
4 4 0.007685 0.450233 0.080825 0.000001 0.461255
4 1 0.000998 0.270862 0.084963 0.000000 0.643177
4 1 0.003534 0.329782 0.063528 0.000002 0.603155
4 1 0.000690 0.189207 0.100799 0.000001 0.709303
4 1 0.004132 0.385017 0.075895 0.000001 0.534955
4 1 0.000324 0.124612 0.094915 0.000002 0.780147
4 1 0.002212 0.242694 0.063083 0.000004 0.692007
4 1 0.000921 0.097093 0.014800 0.000003 0.887182
4 1 0.004871 0.353915 0.034761 0.000002 0.606451
4 1 0.000511 0.160866 0.051771 0.000001 0.786851
4 1 0.002084 0.388142 0.111900 0.000000 0.497874
4 1 0.004275 0.430573 0.095119 0.000000 0.470033
4 1 0.001629 0.361001 0.151258 0.000000 0.486112
1 1 0.007984 0.485731 0.101097 0.000001 0.405188
4 1 0.002301 0.319899 0.089115 0.000001 0.588684
2 1 0.000531 0.114982 0.843398 0.000000 0.041090
1 1 0.002089 0.453325 0.358141 0.000000 0.186445
1 1 0.003079 0.449295 0.350884 0.000000 0.196742
2 1 0.000232 0.107816 0.820246 0.000000 0.071706
1 1 0.002208 0.426623 0.366117 0.000000 0.205052
2 2 0.026206 0.393384 0.478694 0.000013 0.101702
1 2 0.304085 0.483110 0.110186 0.000352 0.102267
1 2 0.034338 0.599372 0.176826 0.000001 0.189463
1 2 0.036698 0.614479 0.174070 0.000001 0.174753
1 2 0.051827 0.547505 0.241403 0.000008 0.159258
1 2 0.038173 0.615988 0.117308 0.000002 0.228529
1 2 0.066698 0.713562 0.042420 0.000001 0.177319
1 2 0.035489 0.546433 0.124909 0.000011 0.293158
1 1 0.029579 0.612477 0.124518 0.000001 0.233425
1 1 0.026451 0.636372 0.101086 0.000001 0.236090
1 1 0.063708 0.728103 0.082723 0.000000 0.125466
1 1 0.114309 0.668148 0.103946 0.000003 0.113594
1 1 0.050585 0.657156 0.119883 0.000001 0.172375
1 0 0.327332 0.538224 0.066191 0.000046 0.068207
0 0 0.507124 0.415469 0.046089 0.000032 0.031286
1 1 0.016677 0.545183 0.092303 0.000001 0.345834
1 1 0.002459 0.448981 0.136395 0.000000 0.412165
1 1 0.003657 0.360370 0.353143 0.000000 0.282830
2 1 0.004816 0.334342 0.380366 0.000001 0.280475
1 2 0.003166 0.415241 0.198084 0.000000 0.383509
2 2 0.000476 0.118514 0.846960 0.000000 0.034051
2 2 0.000072 0.029987 0.965886 0.000001 0.004054
2 2 0.000342 0.059081 0.931625 0.000008 0.008944
2 2 0.000536 0.202004 0.677869 0.000000 0.119591
2 2 0.002237 0.213755 0.752808 0.000000 0.031200
2 2 0.000099 0.074619 0.889295 0.000001 0.035987
2 2 0.000015 0.025439 0.964332 0.000001 0.010212
2 2 0.000056 0.044645 0.940329 0.000000 0.014970
2 2 0.000002 0.008252 0.987819 0.000003 0.003923
2 2 0.000002 0.008903 0.987649 0.000001 0.003444
2 2 0.000000 0.002348 0.996933 0.000254 0.000465
2 2 0.000002 0.003305 0.994682 0.001524 0.000487
2 2 0.000000 0.001177 0.997189 0.001416 0.000219
2 2 0.000006 0.006114 0.991356 0.001363 0.001160
2 2 0.000009 0.006465 0.990853 0.001713 0.000960
2 2 0.000037 0.005023 0.986726 0.007700 0.000515
2 2 0.000025 0.005123 0.982136 0.011976 0.000740
2 2 0.000015 0.004459 0.984276 0.010479 0.000771
2 2 0.000248 0.018045 0.958938 0.019732 0.003037
2 2 0.000164 0.009886 0.968311 0.020202 0.001436
2 2 0.000291 0.005917 0.849909 0.143390 0.000493
2 2 0.000131 0.002544 0.869215 0.127900 0.000210
2 2 0.000239 0.003944 0.879688 0.115756 0.000373
2 2 0.000361 0.005368 0.706203 0.287518 0.000550
2 2 0.001142 0.019006 0.880430 0.096792 0.002630
2 2 0.003980 0.022750 0.829035 0.141480 0.002756
2 2 0.001830 0.026467 0.889914 0.078422 0.003366
2 2 0.002837 0.024411 0.890957 0.078815 0.002980
2 2 0.010363 0.036911 0.888178 0.062391 0.002157
2 0 0.101685 0.185823 0.672749 0.031498 0.008245
1 1 0.166217 0.683124 0.060826 0.000003 0.089831
1 1 0.093479 0.678209 0.120384 0.000002 0.107927
1 1 0.147268 0.685258 0.089798 0.000001 0.077674
1 1 0.065933 0.713059 0.098997 0.000000 0.122011
1 1 0.053134 0.664329 0.142650 0.000001 0.139887
1 1 0.008414 0.580612 0.245951 0.000000 0.165023
1 1 0.075951 0.699616 0.080549 0.000001 0.143883
1 1 0.004667 0.539065 0.228035 0.000000 0.228233
1 1 0.006917 0.539805 0.252013 0.000000 0.201264
1 1 0.006470 0.497091 0.243137 0.000000 0.253302
2 1 0.001888 0.301797 0.524738 0.000000 0.171577
1 1 0.001656 0.413514 0.297201 0.000000 0.287630
1 1 0.002411 0.469066 0.238306 0.000000 0.290217
1 1 0.002436 0.518533 0.192587 0.000000 0.286444
1 1 0.002440 0.461737 0.238072 0.000000 0.297751
1 1 0.015356 0.521904 0.211970 0.000001 0.250769
1 1 0.011915 0.544718 0.196513 0.000000 0.246855
1 1 0.108581 0.580939 0.141321 0.000038 0.169122
1 1 0.032410 0.665896 0.084738 0.000001 0.216955
1 1 0.019835 0.643823 0.109726 0.000000 0.226616
1 1 0.134269 0.530461 0.088233 0.000112 0.246926
1 1 0.112139 0.631425 0.071549 0.000021 0.184865
1 1 0.068802 0.653073 0.057719 0.000006 0.220400
1 1 0.105092 0.581605 0.072279 0.000030 0.240995
1 1 0.047824 0.568340 0.069637 0.000019 0.314180
1 1 0.017179 0.628272 0.113418 0.000000 0.241131
1 1 0.016326 0.638148 0.058597 0.000000 0.286928
1 1 0.007792 0.558018 0.126335 0.000000 0.307855
1 1 0.007362 0.489613 0.118651 0.000000 0.384374
1 1 0.014041 0.612381 0.121298 0.000000 0.252280
1 1 0.020596 0.545046 0.081814 0.000003 0.352542
1 1 0.079445 0.670952 0.055464 0.000005 0.194134
1 1 0.066470 0.651534 0.057418 0.000006 0.224573
1 1 0.017526 0.543747 0.087756 0.000002 0.350969
1 1 0.026017 0.587500 0.077907 0.000002 0.308574
2 1 0.001974 0.383949 0.427573 0.000000 0.186504
1 1 0.004334 0.437193 0.349825 0.000000 0.208648
1 1 0.003052 0.423098 0.421025 0.000000 0.152825
1 1 0.003211 0.440415 0.326733 0.000000 0.229640
1 1 0.004016 0.501191 0.297730 0.000000 0.197062
2 1 0.012001 0.257997 0.691389 0.000007 0.038606
2 2 0.012908 0.359307 0.567485 0.000001 0.060299
1 2 0.030405 0.564229 0.308129 0.000000 0.097237
1 2 0.024722 0.560916 0.333134 0.000000 0.081228
1 2 0.034575 0.560953 0.313433 0.000001 0.091038
2 2 0.016463 0.405462 0.518565 0.000000 0.059509
1 2 0.031417 0.588866 0.281357 0.000000 0.098361
2 2 0.007918 0.336693 0.565407 0.000001 0.089981
2 2 0.005846 0.331751 0.573498 0.000000 0.088905
2 2 0.005836 0.284196 0.647744 0.000000 0.062223
2 2 0.000180 0.048235 0.935474 0.000024 0.016087
2 2 0.007177 0.375835 0.527393 0.000000 0.089595
2 2 0.003043 0.273692 0.650272 0.000000 0.072993
2 2 0.003101 0.230327 0.699664 0.000002 0.066906
2 2 0.000398 0.079493 0.905013 0.000001 0.015095
1 2 0.032285 0.597633 0.213785 0.000001 0.156296
1 2 0.210434 0.650819 0.052285 0.000007 0.086455
1 2 0.056868 0.707753 0.041439 0.000001 0.193939
1 2 0.030942 0.559703 0.248569 0.000001 0.160786
1 2 0.027241 0.684130 0.127957 0.000000 0.160671
1 2 0.008633 0.528776 0.132849 0.000000 0.329741
1 2 0.025326 0.607256 0.070454 0.000001 0.296963
1 2 0.014838 0.553007 0.099025 0.000001 0.333130
1 2 0.065715 0.653725 0.056623 0.000005 0.223931
1 1 0.011038 0.512192 0.081127 0.000001 0.395643
1 1 0.204597 0.585424 0.092763 0.000054 0.117162
1 0 0.312302 0.532942 0.075121 0.000081 0.079553
1 0 0.214715 0.566096 0.088879 0.000112 0.130199
0 0 0.815205 0.126432 0.024894 0.000269 0.033201
0 0 0.823127 0.130597 0.025909 0.000280 0.020087
0 0 0.870141 0.074858 0.016673 0.000368 0.037960
4 0 0.288118 0.291553 0.052199 0.000170 0.367961
4 0 0.242168 0.268059 0.060307 0.000399 0.429067
0 0 0.408066 0.223103 0.052107 0.000551 0.316173
4 0 0.259251 0.290352 0.059403 0.000285 0.390710
1 0 0.084285 0.489523 0.062671 0.000028 0.363493
1 0 0.132901 0.544357 0.057202 0.000016 0.265524
4 0 0.008847 0.388602 0.047368 0.000006 0.555177
1 1 0.012558 0.486719 0.042020 0.000002 0.458700
4 1 0.010654 0.391100 0.058800 0.000011 0.539435
4 1 0.000710 0.150285 0.024296 0.000003 0.824707
4 1 0.000687 0.149401 0.020984 0.000002 0.828926
4 1 0.004792 0.199979 0.033219 0.000014 0.761996
1 1 0.127149 0.419905 0.056686 0.000040 0.396220
4 1 0.002355 0.268214 0.028727 0.000002 0.700702
4 4 0.016624 0.108386 0.038694 0.000504 0.835793
4 4 0.015562 0.088553 0.028855 0.000300 0.866730
4 4 0.012872 0.136697 0.045405 0.000364 0.804663
4 4 0.032462 0.030988 0.013652 0.000951 0.921947
4 4 0.147007 0.065867 0.029493 0.003075 0.754558
4 4 0.002013 0.083701 0.016033 0.000011 0.898243
