0 0 0.955286 0.016550 0.007176 0.002445 0.018543
0 0 0.926729 0.036094 0.011203 0.001329 0.024645
0 0 0.935533 0.030066 0.010014 0.001477 0.022910
0 0 0.978617 0.006793 0.003177 0.001193 0.010220
0 0 0.965707 0.010545 0.005389 0.003047 0.015312
0 0 0.978760 0.007344 0.003115 0.000834 0.009948
0 0 0.970016 0.011221 0.004545 0.001118 0.013100
0 0 0.973531 0.008881 0.004025 0.001422 0.012141
0 0 0.980191 0.005142 0.002894 0.002015 0.009758
0 0 0.978753 0.005130 0.003083 0.002721 0.010313
0 0 0.943251 0.026026 0.008725 0.001279 0.020719
0 0 0.825084 0.101340 0.026597 0.002143 0.044836
0 0 0.901732 0.052750 0.014680 0.001268 0.029570
0 0 0.620327 0.255923 0.053209 0.002328 0.068213
0 0 0.699287 0.198771 0.041652 0.001745 0.058546
0 0 0.810699 0.114868 0.027521 0.001638 0.045275
0 0 0.932413 0.027314 0.011215 0.003470 0.025588
0 0 0.965288 0.011992 0.005448 0.002062 0.015210
0 0 0.953627 0.014232 0.007495 0.005021 0.019625
0 0 0.981571 0.003511 0.002465 0.003553 0.008900
0 0 0.976815 0.008652 0.003380 0.000693 0.010460
0 0 0.865012 0.080065 0.019039 0.001016 0.034869
0 0 0.912629 0.042291 0.013903 0.002100 0.029077
0 0 0.919471 0.031711 0.013707 0.005275 0.029836
0 1 0.964285 0.015454 0.005257 0.000732 0.014273
0 1 0.534144 0.289989 0.059167 0.001437 0.115262
0 1 0.523101 0.299200 0.063442 0.001963 0.112293
1 1 0.275679 0.394446 0.105870 0.005653 0.218353
1 0 0.352333 0.392941 0.106786 0.004699 0.143242
1 0 0.210348 0.365782 0.090698 0.001832 0.331340
0 0 0.971357 0.007603 0.004346 0.003458 0.013235
0 0 0.960612 0.013151 0.006289 0.002921 0.017028
0 0 0.971202 0.010319 0.004384 0.001262 0.012832
0 0 0.965053 0.014073 0.005295 0.001043 0.014536
0 0 0.961789 0.016128 0.005757 0.000963 0.015363
0 1 0.730737 0.157399 0.032050 0.000642 0.079172
0 1 0.441715 0.373808 0.110878 0.006499 0.067100
0 1 0.488720 0.342034 0.091200 0.005531 0.072515
0 1 0.434325 0.373832 0.109200 0.007947 0.074696
1 2 0.266357 0.442912 0.156092 0.022656 0.111983
1 2 0.142358 0.488923 0.267158 0.040835 0.060726
2 2 0.042563 0.366275 0.440688 0.064108 0.086367
1 2 0.126644 0.483405 0.304234 0.021343 0.064373
1 2 0.222710 0.483669 0.242434 0.012424 0.038763
1 2 0.124455 0.419819 0.383436 0.017329 0.054960
2 2 0.056808 0.309587 0.544098 0.066669 0.022839
2 2 0.066164 0.311441 0.549161 0.050978 0.022256
2 2 0.094654 0.364534 0.463521 0.046595 0.030697
2 2 0.121596 0.359580 0.481923 0.016335 0.020566
1 2 0.115334 0.413279 0.402797 0.035677 0.032913
2 2 0.016087 0.124362 0.825367 0.029961 0.004223
2 2 0.015001 0.110429 0.852541 0.018996 0.003033
2 2 0.009937 0.075474 0.872103 0.039748 0.002737
2 2 0.016313 0.151819 0.781841 0.044581 0.005447
2 0 0.028213 0.172650 0.744162 0.046332 0.008642
1 1 0.378136 0.418598 0.152229 0.005313 0.045724
1 2 0.180153 0.488163 0.252373 0.028346 0.050965
1 2 0.112860 0.390120 0.381239 0.039092 0.076688
1 2 0.210706 0.485930 0.244695 0.016043 0.042626
2 2 0.074760 0.310098 0.553341 0.026118 0.035682
2 2 0.059738 0.256895 0.609460 0.050191 0.023717
2 1 0.120095 0.344544 0.481405 0.026829 0.027126
2 2 0.085746 0.365508 0.471362 0.048690 0.028694
2 1 0.039413 0.228545 0.679778 0.032804 0.019460
0 2 0.565651 0.263682 0.126996 0.005875 0.037796
1 2 0.073436 0.430107 0.367953 0.047223 0.081281
2 2 0.036329 0.280008 0.562366 0.033409 0.087886
2 2 0.061480 0.313726 0.568226 0.011702 0.044865
2 2 0.107309 0.387697 0.413255 0.030747 0.060992
2 2 0.037616 0.331185 0.513533 0.055766 0.061899
2 2 0.018546 0.169867 0.690190 0.099492 0.021904
2 2 0.029358 0.209094 0.622020 0.121924 0.017604
2 2 0.024043 0.170576 0.718140 0.073978 0.013264
2 2 0.050982 0.241952 0.671777 0.024457 0.010831
2 2 0.048647 0.252478 0.609790 0.069415 0.019671
2 2 0.058831 0.338754 0.561187 0.027352 0.013876
2 1 0.037052 0.222986 0.705512 0.026074 0.008376
2 2 0.020570 0.159554 0.758712 0.053674 0.007490
2 2 0.022408 0.179332 0.724373 0.064771 0.009116
2 2 0.016322 0.157293 0.735277 0.083124 0.007984
2 2 0.043070 0.215872 0.697487 0.032642 0.010929
2 2 0.028262 0.141624 0.740115 0.079291 0.010709
2 2 0.018654 0.158354 0.747785 0.067322 0.007886
2 2 0.016471 0.105741 0.807833 0.063628 0.006326
2 2 0.093289 0.384409 0.490362 0.015972 0.015969
2 2 0.006077 0.039854 0.740668 0.210564 0.002837
2 2 0.007954 0.066070 0.650872 0.269984 0.005121
2 2 0.002959 0.032577 0.839208 0.123972 0.001284
2 2 0.002223 0.015474 0.597684 0.383019 0.001600
3 2 0.007107 0.029119 0.476436 0.482467 0.004870
2 2 0.018376 0.199378 0.668221 0.103680 0.010345
2 2 0.013398 0.093962 0.816941 0.070504 0.005195
2 2 0.017308 0.113130 0.834838 0.030475 0.004248
2 1 0.025342 0.079615 0.769018 0.118218 0.007806
2 2 0.011963 0.104430 0.750605 0.125960 0.007042
2 2 0.014337 0.093643 0.689025 0.194308 0.008687
2 2 0.012311 0.056685 0.647939 0.275664 0.007400
2 2 0.027281 0.167731 0.692768 0.101218 0.011003
2 2 0.011704 0.077456 0.674178 0.229481 0.007182
2 2 0.019754 0.129583 0.746949 0.095470 0.008244
2 1 0.020180 0.088048 0.734556 0.149575 0.007640
2 2 0.039043 0.132530 0.713126 0.105425 0.009875
2 2 0.017877 0.122246 0.724214 0.127320 0.008343
2 2 0.025159 0.137020 0.723375 0.104357 0.010090
2 2 0.018338 0.144138 0.800961 0.031648 0.004914
2 2 0.008965 0.034943 0.635134 0.316399 0.004559
2 2 0.002782 0.031936 0.685721 0.277447 0.002114
2 2 0.013021 0.087905 0.779190 0.115455 0.004429
2 2 0.005703 0.031234 0.760353 0.200467 0.002244
2 2 0.004866 0.046259 0.712130 0.233397 0.003348
2 2 0.006197 0.038599 0.577099 0.373596 0.004509
2 2 0.007624 0.044690 0.731264 0.212803 0.003619
2 2 0.016018 0.068093 0.644191 0.263545 0.008153
2 2 0.010165 0.041500 0.596361 0.347083 0.004892
2 2 0.008813 0.045563 0.511025 0.428179 0.006420
2 2 0.012668 0.065075 0.704898 0.210790 0.006569
2 2 0.015649 0.124829 0.713541 0.137244 0.008737
2 2 0.029156 0.183020 0.700966 0.074964 0.011895
2 2 0.010183 0.087585 0.809934 0.087785 0.004513
2 2 0.041648 0.255022 0.662174 0.030753 0.010403
2 2 0.054447 0.242434 0.666655 0.026210 0.010254
2 2 0.048620 0.318013 0.584629 0.035309 0.013429
2 2 0.023134 0.106274 0.772435 0.090444 0.007714
2 2 0.022920 0.157860 0.704534 0.104503 0.010184
2 2 0.032207 0.126835 0.782705 0.051107 0.007145
2 2 0.020915 0.104562 0.752667 0.114070 0.007786
2 2 0.013802 0.126841 0.703901 0.146967 0.008489
2 2 0.020837 0.217951 0.685465 0.066902 0.008845
2 2 0.039553 0.134160 0.756210 0.061665 0.008411
2 2 0.010300 0.104714 0.757069 0.122352 0.005565
2 2 0.087643 0.362090 0.518405 0.016668 0.015194
2 2 0.054426 0.173349 0.670625 0.084532 0.017068
2 2 0.058513 0.263099 0.615479 0.046264 0.016645
2 2 0.018614 0.142551 0.749360 0.080708 0.008767
2 2 0.055152 0.187696 0.694330 0.049353 0.013470
2 1 0.063092 0.293992 0.565219 0.055483 0.022214
2 2 0.077138 0.378141 0.484330 0.037982 0.022409
2 2 0.043154 0.169145 0.757550 0.021697 0.008454
2 2 0.070388 0.389334 0.498853 0.025269 0.016156
2 2 0.031863 0.173495 0.721649 0.058434 0.014559
2 2 0.054289 0.314522 0.546432 0.063465 0.021292
2 2 0.071494 0.375500 0.503452 0.031130 0.018424
2 2 0.041632 0.270745 0.618079 0.054688 0.014855
2 2 0.054609 0.280510 0.600509 0.046966 0.017406
2 2 0.034113 0.206480 0.717555 0.032963 0.008888
0 0 0.391097 0.359788 0.199447 0.007363 0.042305
0 1 0.848949 0.073655 0.028326 0.006207 0.042863
0 1 0.433685 0.365875 0.114420 0.010039 0.075981
1 1 0.291083 0.454149 0.181845 0.013977 0.058947
1 2 0.276628 0.451245 0.174752 0.022327 0.075049
1 0 0.298661 0.419948 0.140440 0.032291 0.108660
0 0 0.723262 0.178289 0.039436 0.001955 0.057058
0 0 0.942129 0.025090 0.009182 0.001838 0.021761
0 0 0.933142 0.018944 0.010925 0.010795 0.026194
0 1 0.600061 0.267932 0.057350 0.002832 0.071825
0 1 0.403728 0.403553 0.137626 0.005204 0.049890
1 0 0.277311 0.457810 0.185340 0.016933 0.062605
0 0 0.480538 0.363299 0.114222 0.002333 0.039609
0 1 0.429017 0.393092 0.135212 0.003126 0.039553
1 1 0.243253 0.468080 0.200283 0.023332 0.065052
1 1 0.138378 0.436678 0.351053 0.034200 0.039691
2 1 0.112141 0.409565 0.411361 0.035278 0.031655
1 1 0.282042 0.457405 0.217642 0.007595 0.035317
1 1 0.306191 0.408221 0.228714 0.016043 0.040830
2 1 0.152338 0.375417 0.437277 0.012600 0.022369
1 1 0.250193 0.475447 0.238086 0.006498 0.029777
1 1 0.254695 0.474274 0.229196 0.007777 0.034057
1 1 0.177027 0.493138 0.281458 0.015038 0.033340
1 2 0.227265 0.463982 0.272462 0.007688 0.028603
1 2 0.230807 0.480092 0.258306 0.005755 0.025040
1 1 0.250409 0.475689 0.230454 0.008415 0.035034
2 1 0.121417 0.290076 0.534035 0.031075 0.023397
1 0 0.302569 0.454869 0.215075 0.003181 0.024306
0 1 0.668766 0.197233 0.095853 0.005243 0.032905
0 0 0.402600 0.298591 0.234353 0.021203 0.043253
0 1 0.572232 0.269661 0.089620 0.006987 0.061500
1 1 0.284805 0.460396 0.194213 0.011152 0.049434
1 1 0.222061 0.477715 0.219656 0.023079 0.057488
1 1 0.363849 0.425921 0.158941 0.005767 0.045522
1 1 0.317588 0.448171 0.182621 0.007439 0.044182
0 1 0.616360 0.249544 0.057430 0.003619 0.073047
0 0 0.663868 0.227108 0.046777 0.001754 0.060494
0 0 0.951848 0.015340 0.007836 0.004771 0.020205
0 0 0.961432 0.008839 0.005737 0.007469 0.016523
0 0 0.977037 0.007656 0.003427 0.001125 0.010755
0 0 0.963177 0.012903 0.005813 0.002165 0.015942
0 0 0.928083 0.025432 0.012194 0.006538 0.027753
0 0 0.930975 0.032880 0.010697 0.001476 0.023973
0 0 0.974426 0.010928 0.003576 0.000404 0.010666
0 0 0.944870 0.022332 0.008905 0.002378 0.021515
0 0 0.882390 0.064476 0.017080 0.001196 0.034859
0 4 0.909917 0.047334 0.011289 0.000399 0.031061
0 4 0.921773 0.041656 0.011322 0.000854 0.024395
0 4 0.670149 0.214412 0.047940 0.002599 0.064901
0 4 0.654716 0.227596 0.049441 0.002454 0.065794
0 4 0.607894 0.184190 0.041433 0.000640 0.165843
0 4 0.672766 0.162559 0.044588 0.002298 0.117789
0 4 0.418564 0.290825 0.078747 0.003476 0.208388
0 4 0.539900 0.286536 0.057872 0.001337 0.114354
0 4 0.455798 0.333343 0.076695 0.003208 0.130955
4 4 0.073252 0.292744 0.079664 0.000956 0.553385
4 4 0.204124 0.336960 0.076281 0.000778 0.381857
4 4 0.156511 0.311631 0.069756 0.000482 0.461621
4 4 0.235009 0.086953 0.030026 0.000275 0.647736
4 4 0.240214 0.244443 0.062165 0.000641 0.452537
0 4 0.493705 0.310305 0.077520 0.005277 0.113192
0 4 0.889589 0.051671 0.014841 0.000932 0.042968
0 4 0.763314 0.114757 0.037382 0.004731 0.079816
0 4 0.575306 0.196679 0.065307 0.007138 0.155570
0 1 0.814325 0.086412 0.027383 0.002673 0.069206
0 4 0.647349 0.227623 0.040057 0.000554 0.084416
0 4 0.702628 0.110256 0.037117 0.002516 0.147482
0 4 0.527477 0.147452 0.058421 0.005730 0.260920
0 4 0.538728 0.233258 0.071059 0.006455 0.150499
0 4 0.636381 0.155653 0.043321 0.001543 0.163103
1 4 0.200450 0.435128 0.133172 0.002496 0.228754
1 4 0.176102 0.472719 0.171337 0.004513 0.175330
1 4 0.201249 0.470441 0.167758 0.005015 0.155536
1 4 0.248062 0.406335 0.109659 0.001685 0.234259
1 4 0.099060 0.447770 0.174015 0.007184 0.271972
1 4 0.154225 0.500719 0.229709 0.013476 0.101870
1 4 0.128499 0.504806 0.250005 0.016794 0.099897
1 4 0.085182 0.498105 0.264952 0.020784 0.130977
1 4 0.097349 0.504118 0.263973 0.017456 0.117103
1 2 0.119656 0.509546 0.259290 0.013151 0.098358
2 2 0.044256 0.300154 0.570432 0.054121 0.031038
2 1 0.054667 0.311608 0.580225 0.030964 0.022534
2 2 0.058410 0.343910 0.528746 0.040350 0.028583
2 2 0.090621 0.415108 0.430296 0.037313 0.026662
2 2 0.016530 0.196059 0.724351 0.026568 0.036492
2 2 0.078448 0.394455 0.444619 0.053776 0.028703
2 2 0.040826 0.245737 0.660576 0.040801 0.012060
2 2 0.070427 0.359687 0.514645 0.035703 0.019537
2 2 0.032984 0.208957 0.694803 0.051906 0.011350
2 2 0.065192 0.282631 0.605444 0.030848 0.015884
2 2 0.070466 0.305879 0.604659 0.010087 0.008909
2 2 0.024714 0.146534 0.805349 0.018709 0.004693
2 2 0.034756 0.190918 0.734804 0.030877 0.008645
2 2 0.046331 0.272541 0.639571 0.030146 0.011411
2 2 0.028595 0.217487 0.698906 0.045729 0.009283
2 1 0.027461 0.179634 0.745441 0.039388 0.008076
2 1 0.066112 0.281932 0.608311 0.028355 0.015290
2 2 0.022007 0.172427 0.661916 0.129748 0.013902
2 2 0.043535 0.195623 0.720335 0.030077 0.010430
2 2 0.026475 0.215266 0.657007 0.088252 0.013000
2 2 0.050452 0.317010 0.558805 0.055425 0.018308
2 2 0.034969 0.222404 0.709907 0.024969 0.007751
2 2 0.020741 0.137477 0.754234 0.078745 0.008803
2 1 0.055175 0.227144 0.672814 0.031437 0.013430
2 2 0.046245 0.280878 0.574791 0.077616 0.020470
2 2 0.018216 0.163647 0.730158 0.079413 0.008566
2 2 0.037929 0.264046 0.662835 0.026418 0.008772
2 2 0.029953 0.173919 0.759302 0.029497 0.007330
2 2 0.077602 0.214099 0.651038 0.042008 0.015252
2 2 0.083779 0.319144 0.551607 0.027101 0.018368
2 2 0.024050 0.207029 0.682072 0.076022 0.010827
2 1 0.036434 0.251767 0.608833 0.085681 0.017284
2 2 0.031872 0.209767 0.658185 0.085202 0.014973
2 2 0.072656 0.376474 0.511024 0.023897 0.015949
2 2 0.038054 0.240294 0.624602 0.079946 0.017104
2 2 0.065900 0.321179 0.543971 0.050003 0.018947
2 2 0.023888 0.217931 0.662839 0.083845 0.011496
2 2 0.086758 0.338528 0.521160 0.034585 0.018969
2 2 0.050644 0.276235 0.643660 0.019808 0.009652
2 2 0.040953 0.164770 0.703738 0.079492 0.011047
2 2 0.014051 0.102228 0.790375 0.087723 0.005623
2 2 0.006704 0.087810 0.794991 0.106334 0.004161
2 2 0.014823 0.090200 0.714520 0.173464 0.006992
2 2 0.008209 0.105336 0.783637 0.098033 0.004785
2 2 0.019300 0.113095 0.712260 0.146193 0.009151
2 2 0.072836 0.270954 0.591706 0.048420 0.016083
2 2 0.023819 0.100303 0.802328 0.067815 0.005735
2 2 0.022103 0.086034 0.745294 0.138931 0.007638
2 2 0.010153 0.069672 0.693829 0.219866 0.006480
2 0 0.048802 0.106499 0.715997 0.117752 0.010950
2 1 0.205346 0.166000 0.471587 0.121916 0.035151
1 1 0.130185 0.414473 0.383237 0.036361 0.035744
2 2 0.185046 0.312328 0.395244 0.065018 0.042363
2 0 0.116154 0.221637 0.541461 0.091869 0.028880
0 1 0.718624 0.136485 0.104027 0.009881 0.030984
1 2 0.215660 0.484012 0.237856 0.016991 0.045481
1 2 0.201500 0.484576 0.237824 0.023912 0.052188
1 1 0.179178 0.440492 0.298086 0.031585 0.050659
0 2 0.416496 0.378539 0.151189 0.007010 0.046767
1 1 0.198287 0.488332 0.251535 0.018480 0.043366
2 2 0.122040 0.359505 0.428870 0.053917 0.035669
1 1 0.136894 0.435225 0.353069 0.035097 0.039715
0 2 0.463753 0.314811 0.167668 0.012049 0.041718
1 1 0.209001 0.377377 0.329122 0.039963 0.044536
0 1 0.402119 0.306326 0.233665 0.018676 0.039214
1 2 0.174696 0.493400 0.284961 0.014645 0.032298
2 1 0.132275 0.412385 0.413855 0.017300 0.024185
1 1 0.207392 0.439167 0.318917 0.008393 0.026130
1 1 0.218883 0.451515 0.290421 0.009805 0.029376
0 1 0.324862 0.304374 0.318299 0.018294 0.034172
1 2 0.148886 0.494144 0.294094 0.025069 0.037807
2 1 0.097519 0.385132 0.446474 0.041161 0.029714
1 1 0.133992 0.466733 0.339100 0.026482 0.033693
1 2 0.130438 0.429254 0.366776 0.035598 0.037934
2 0 0.125221 0.378635 0.456667 0.017265 0.022212
1 1 0.386661 0.416000 0.154274 0.003951 0.039114
1 1 0.294498 0.458204 0.195375 0.008497 0.043426
1 1 0.294842 0.456967 0.190938 0.009752 0.047501
1 1 0.245358 0.476641 0.225324 0.011373 0.041304
0 1 0.408107 0.393528 0.141301 0.006251 0.050814
1 1 0.162103 0.447616 0.329167 0.023492 0.037622
1 1 0.224100 0.483517 0.244566 0.011211 0.036607
1 1 0.230690 0.480651 0.235604 0.012552 0.040503
1 1 0.265973 0.459520 0.223164 0.011090 0.040253
1 1 0.359964 0.399108 0.197223 0.007756 0.035949
1 2 0.260929 0.472139 0.225636 0.007366 0.033931
1 1 0.208543 0.485636 0.242179 0.018129 0.045513
1 1 0.261152 0.471660 0.218436 0.009331 0.039421
1 1 0.290047 0.461251 0.208110 0.006095 0.034497
1 1 0.213022 0.485972 0.247249 0.014051 0.039706
1 1 0.242646 0.437531 0.273447 0.010372 0.036004
1 1 0.252613 0.473725 0.217953 0.011814 0.043896
1 1 0.233709 0.478982 0.226033 0.014969 0.046307
1 1 0.162248 0.422430 0.351394 0.025444 0.038484
1 1 0.226660 0.482437 0.238423 0.012574 0.039906
1 1 0.192374 0.490713 0.266236 0.014615 0.036062
1 1 0.368838 0.369784 0.203324 0.015306 0.042747
2 2 0.147647 0.357028 0.434240 0.030514 0.030571
1 1 0.189013 0.491374 0.271114 0.014045 0.034455
1 0 0.260677 0.472180 0.228005 0.006826 0.032313
0 0 0.476904 0.357407 0.125563 0.002815 0.037312
0 1 0.488166 0.318681 0.137717 0.008423 0.047012
1 1 0.243404 0.475755 0.219173 0.014315 0.047353
1 1 0.206902 0.398917 0.326365 0.023698 0.044118
0 1 0.453497 0.338591 0.139115 0.011535 0.057262
1 0 0.288643 0.461226 0.202122 0.007838 0.040172
0 1 0.697312 0.170545 0.069171 0.009404 0.053568
1 1 0.290769 0.458167 0.191568 0.010527 0.048969
1 1 0.222601 0.478200 0.220833 0.022180 0.056184
1 1 0.295569 0.457715 0.194581 0.008497 0.043638
1 1 0.309675 0.409274 0.223257 0.015741 0.042053
1 1 0.224108 0.483280 0.241398 0.012334 0.038880
1 1 0.272564 0.467546 0.225951 0.005176 0.028763
1 1 0.213051 0.486418 0.253961 0.011524 0.035046
1 0 0.224704 0.482862 0.256263 0.007531 0.028641
0 0 0.880837 0.059207 0.019533 0.003211 0.037212
0 0 0.894291 0.051473 0.017244 0.002908 0.034084
0 0 0.826156 0.089456 0.029405 0.005231 0.049752
0 0 0.923994 0.030396 0.012819 0.004471 0.028320
0 0 0.910430 0.035422 0.015411 0.006215 0.032522
0 0 0.868646 0.065895 0.021704 0.003630 0.040125
0 0 0.953674 0.018877 0.007290 0.001675 0.018484
0 0 0.946728 0.020035 0.008712 0.003117 0.021407
0 1 0.721148 0.172229 0.042447 0.003096 0.061079
0 1 0.796101 0.121202 0.030869 0.002325 0.049504
1 1 0.345861 0.434618 0.167027 0.006558 0.045936
1 1 0.271695 0.466564 0.205303 0.010833 0.045605
1 1 0.273986 0.463921 0.198028 0.012783 0.051282
1 1 0.277391 0.462821 0.196766 0.012266 0.050755
1 2 0.159981 0.415835 0.366192 0.022836 0.035156
2 2 0.068711 0.300665 0.566750 0.043200 0.020674
1 2 0.119347 0.487052 0.345072 0.021640 0.026889
2 2 0.039140 0.193519 0.717254 0.039163 0.010923
2 2 0.116356 0.352270 0.510229 0.008160 0.012985
2 2 0.038367 0.143961 0.749206 0.058115 0.010352
2 2 0.045145 0.288311 0.633450 0.023429 0.009666
2 2 0.029723 0.195150 0.747344 0.021793 0.005990
2 2 0.040115 0.139493 0.776543 0.036817 0.007031
2 2 0.017686 0.181153 0.704408 0.087815 0.008938
2 2 0.030574 0.203689 0.719682 0.037374 0.008681
2 2 0.011779 0.140794 0.757108 0.084301 0.006018
2 2 0.017874 0.094575 0.822450 0.060676 0.004426
2 2 0.022109 0.124159 0.762890 0.084111 0.006730
2 2 0.025310 0.105792 0.682426 0.176042 0.010429
2 2 0.011060 0.067992 0.677932 0.236348 0.006669
2 2 0.016689 0.107933 0.714294 0.152836 0.008247
2 2 0.020958 0.092561 0.702089 0.175249 0.009143
2 2 0.008134 0.067234 0.560639 0.356771 0.007222
2 2 0.017183 0.067482 0.607384 0.299015 0.008935
2 3 0.014954 0.070124 0.562411 0.342903 0.009608
3 3 0.006247 0.030129 0.422800 0.535745 0.005079
2 3 0.007544 0.047974 0.512725 0.426113 0.005644
2 3 0.012443 0.056024 0.567206 0.357493 0.006834
3 3 0.004809 0.029228 0.438662 0.522888 0.004413
3 3 0.002245 0.019084 0.377050 0.598818 0.002803
3 3 0.002106 0.015249 0.399998 0.580492 0.002155
3 3 0.001312 0.008847 0.325134 0.663215 0.001492
3 3 0.001224 0.010717 0.311284 0.674934 0.001841
3 3 0.000956 0.009775 0.339595 0.648285 0.001389
3 3 0.000870 0.006517 0.263026 0.728370 0.001217
3 3 0.000520 0.003724 0.195712 0.799229 0.000815
3 3 0.000115 0.001372 0.185040 0.813230 0.000243
3 3 0.000450 0.003780 0.219375 0.775679 0.000715
3 3 0.000324 0.003145 0.219038 0.776907 0.000587
3 3 0.000440 0.002500 0.135118 0.861120 0.000823
3 3 0.000328 0.003583 0.241308 0.754146 0.000635
3 3 0.000524 0.002835 0.139729 0.856003 0.000909
3 3 0.000312 0.002822 0.212715 0.783660 0.000491
3 3 0.000548 0.004008 0.192125 0.802325 0.000994
3 3 0.000258 0.001831 0.136913 0.860446 0.000551
3 3 0.000611 0.002513 0.109022 0.886802 0.001051
3 3 0.000306 0.001562 0.108843 0.888747 0.000541
3 3 0.000179 0.000911 0.081518 0.916988 0.000404
3 3 0.000281 0.000933 0.059560 0.938621 0.000605
3 3 0.000193 0.001216 0.110882 0.887313 0.000396
3 3 0.000017 0.000101 0.037809 0.962021 0.000052
3 3 0.000055 0.000481 0.096235 0.903090 0.000139
3 3 0.000151 0.001017 0.109232 0.889286 0.000314
3 3 0.000041 0.000433 0.105098 0.894318 0.000109
3 3 0.000038 0.000171 0.039708 0.959989 0.000094
3 3 0.000099 0.000640 0.087245 0.911790 0.000226
3 3 0.000036 0.000349 0.092203 0.907317 0.000095
3 3 0.000077 0.000722 0.119898 0.879122 0.000181
3 3 0.000036 0.000342 0.090012 0.909515 0.000095
3 3 0.000045 0.000310 0.067921 0.931609 0.000116
3 3 0.000049 0.000140 0.023894 0.975776 0.000140
3 3 0.000042 0.000224 0.046772 0.952840 0.000121
3 3 0.000141 0.000659 0.068467 0.930419 0.000315
3 3 0.000153 0.000505 0.046926 0.952072 0.000345
3 3 0.000062 0.000431 0.075204 0.924137 0.000166
3 3 0.000046 0.000279 0.058561 0.940994 0.000121
3 3 0.000152 0.000661 0.063822 0.935017 0.000349
3 3 0.000193 0.000666 0.054077 0.944639 0.000426
3 3 0.000085 0.000563 0.082334 0.916809 0.000209
3 3 0.000088 0.000355 0.046904 0.952436 0.000217
3 3 0.000478 0.001292 0.057189 0.940041 0.001000
3 3 0.001277 0.001943 0.048982 0.946002 0.001796
3 3 0.000504 0.000966 0.041929 0.955711 0.000890
3 3 0.001459 0.002738 0.063137 0.930438 0.002228
3 3 0.000533 0.001284 0.053520 0.943622 0.001042
3 3 0.000210 0.000987 0.080503 0.917850 0.000451
3 3 0.000192 0.000520 0.039479 0.959356 0.000452
3 3 0.000302 0.001345 0.087277 0.910458 0.000618
3 3 0.000153 0.000984 0.105800 0.892755 0.000308
3 3 0.000422 0.000912 0.043844 0.954014 0.000807
3 3 0.000495 0.001413 0.063962 0.933181 0.000950
3 3 0.000212 0.000556 0.039921 0.958828 0.000484
3 3 0.000131 0.000451 0.044209 0.954874 0.000335
3 3 0.000097 0.000956 0.134716 0.863994 0.000237
3 3 0.000209 0.001074 0.086597 0.911643 0.000477
3 3 0.000107 0.000451 0.051393 0.947768 0.000281
3 3 0.000713 0.002736 0.103953 0.891306 0.001291
3 3 0.000228 0.000972 0.074904 0.923421 0.000475
3 3 0.000068 0.000363 0.059314 0.940086 0.000169
3 3 0.000222 0.000827 0.063359 0.935125 0.000466
3 3 0.000164 0.000405 0.033889 0.965165 0.000377
3 3 0.000135 0.000409 0.040194 0.958951 0.000311
3 3 0.000188 0.000403 0.031278 0.967735 0.000396
3 3 0.000174 0.000416 0.033633 0.965385 0.000391
3 3 0.000102 0.000268 0.029749 0.969628 0.000253
3 3 0.000492 0.001103 0.048330 0.949136 0.000939
3 3 0.000196 0.000491 0.036998 0.961872 0.000443
3 3 0.000591 0.001952 0.080485 0.915842 0.001131
3 3 0.000311 0.000950 0.056070 0.942001 0.000668
3 3 0.000529 0.001433 0.061611 0.935413 0.001014
3 3 0.000194 0.001149 0.097865 0.900336 0.000456
3 3 0.000130 0.000518 0.054462 0.944588 0.000302
3 3 0.000330 0.000984 0.056689 0.941318 0.000679
3 3 0.000388 0.001504 0.083356 0.914003 0.000749
3 3 0.000256 0.000880 0.061323 0.937016 0.000525
3 3 0.000111 0.000262 0.027560 0.971805 0.000262
3 3 0.000354 0.001310 0.074485 0.923121 0.000729
3 3 0.000531 0.001474 0.063785 0.933203 0.001007
3 3 0.000171 0.000527 0.044247 0.954655 0.000400
3 3 0.000163 0.000449 0.037630 0.961363 0.000395
3 3 0.000153 0.000680 0.068221 0.930624 0.000321
3 3 0.000162 0.000777 0.074611 0.924094 0.000356
3 3 0.000103 0.000307 0.034024 0.965300 0.000266
3 3 0.000092 0.000284 0.034763 0.964634 0.000227
3 3 0.000061 0.000424 0.074545 0.924805 0.000164
3 3 0.000231 0.001063 0.082825 0.915409 0.000472
3 3 0.000354 0.000830 0.044146 0.953949 0.000720
3 3 0.000097 0.000422 0.052021 0.947210 0.000250
3 3 0.000207 0.000309 0.022791 0.976329 0.000363
3 0 0.000019 0.000017 0.005228 0.994700 0.000035
0 0 0.779702 0.070782 0.044017 0.042549 0.062950
0 2 0.890448 0.042393 0.019262 0.009453 0.038444
0 2 0.568292 0.192706 0.083993 0.051815 0.103194
0 1 0.716984 0.147154 0.050809 0.012222 0.072832
0 1 0.537233 0.286704 0.077165 0.009048 0.089850
1 0 0.362599 0.415626 0.140119 0.011292 0.070364
1 0 0.383623 0.397451 0.123589 0.012556 0.082782
0 1 0.674289 0.166181 0.060067 0.017672 0.081792
1 1 0.259489 0.462163 0.190636 0.021217 0.066496
1 1 0.354982 0.423389 0.148899 0.009984 0.062746
1 1 0.251122 0.473855 0.217114 0.012573 0.045335
1 1 0.269686 0.465803 0.201170 0.012876 0.050464
1 1 0.213895 0.484727 0.240294 0.016644 0.044439
1 1 0.210215 0.486112 0.245415 0.015935 0.042323
1 1 0.238613 0.478028 0.225353 0.013506 0.044499
1 1 0.262350 0.471524 0.220928 0.008319 0.036879
1 1 0.276653 0.465688 0.207407 0.008939 0.041312
1 1 0.325013 0.445972 0.184295 0.005798 0.038922
1 1 0.367279 0.424134 0.157175 0.005684 0.045727
1 1 0.259344 0.471495 0.214424 0.011104 0.043633
1 2 0.272844 0.466355 0.205598 0.010434 0.044770
1 2 0.252156 0.471091 0.208302 0.015757 0.052693
1 2 0.240482 0.477733 0.225629 0.012779 0.043377
1 2 0.317649 0.447889 0.181627 0.007691 0.045145
1 2 0.363003 0.428426 0.167841 0.004119 0.036611
0 1 0.452713 0.346772 0.140993 0.008623 0.050900
1 1 0.303131 0.451550 0.181170 0.010962 0.053187
1 1 0.388925 0.392656 0.149582 0.010325 0.058511
0 1 0.472309 0.345788 0.133615 0.005109 0.043179
0 1 0.406354 0.404060 0.140794 0.004293 0.044499
0 1 0.430571 0.387114 0.140227 0.003440 0.038648
1 1 0.331211 0.428645 0.177969 0.010735 0.051440
1 1 0.314410 0.440661 0.185241 0.010401 0.049288
0 1 0.663722 0.230184 0.075510 0.001309 0.029274
1 1 0.398998 0.410337 0.152479 0.003092 0.035094
1 1 0.209919 0.487130 0.254923 0.012250 0.035779
1 1 0.198198 0.457132 0.296916 0.013632 0.034123
1 1 0.183040 0.492319 0.277730 0.013912 0.032999
1 1 0.153808 0.440232 0.332270 0.031371 0.042319
1 1 0.161042 0.488915 0.280260 0.026840 0.042943
2 1 0.086607 0.287222 0.508244 0.085440 0.032487
2 1 0.070938 0.341828 0.517187 0.047012 0.023035
1 1 0.168962 0.493152 0.299574 0.011525 0.026788
1 2 0.140245 0.465492 0.336878 0.024094 0.033292
2 1 0.058361 0.308831 0.569389 0.045087 0.018332
1 1 0.148237 0.416280 0.347324 0.041057 0.047103
1 1 0.196253 0.452421 0.275255 0.025752 0.050319
1 1 0.277745 0.423698 0.250518 0.009095 0.038944
1 1 0.274294 0.466870 0.210759 0.008501 0.039575
1 1 0.299535 0.456208 0.193102 0.008092 0.043062
1 1 0.266855 0.469996 0.219779 0.007643 0.035728
1 1 0.293393 0.459780 0.203659 0.006545 0.036624
1 1 0.252896 0.474797 0.227009 0.008804 0.036493
1 1 0.288212 0.461918 0.207569 0.006539 0.035762
1 1 0.303550 0.445874 0.195377 0.009915 0.045285
1 1 0.256194 0.471233 0.210678 0.013416 0.048480
1 1 0.300189 0.456363 0.194952 0.007466 0.041030
1 1 0.256741 0.472889 0.218747 0.010373 0.041251
1 1 0.260151 0.472307 0.222429 0.008400 0.036712
1 1 0.301505 0.456162 0.196518 0.006825 0.038989
1 1 0.321866 0.447753 0.189042 0.005253 0.036086
1 1 0.253799 0.472958 0.215563 0.012321 0.045359
0 1 0.433831 0.367667 0.156318 0.004992 0.037192
1 1 0.253410 0.474487 0.224674 0.009373 0.038056
1 1 0.261995 0.471434 0.218586 0.009080 0.038905
0 1 0.454104 0.356523 0.142649 0.005239 0.041484
0 1 0.433652 0.388023 0.139145 0.002902 0.036277
1 1 0.319286 0.423584 0.191443 0.014080 0.051607
0 1 0.421981 0.397214 0.138952 0.003149 0.038704
0 0 0.482264 0.360397 0.123358 0.001875 0.032105
0 1 0.588695 0.273450 0.096764 0.002898 0.038193
1 1 0.277938 0.463087 0.197914 0.011700 0.049362
1 2 0.253724 0.466759 0.198571 0.019631 0.061315
1 2 0.241778 0.469640 0.203166 0.022469 0.062948
1 2 0.259008 0.469020 0.205231 0.014666 0.052075
1 2 0.149830 0.483853 0.258875 0.013643 0.093799
1 4 0.060677 0.422455 0.324835 0.026197 0.165836
1 4 0.206166 0.484455 0.220925 0.020974 0.067479
1 4 0.308419 0.430285 0.136930 0.007746 0.116619
1 4 0.226915 0.473057 0.181029 0.011083 0.107916
0 4 0.543630 0.228524 0.054876 0.001378 0.171592
0 4 0.316515 0.310778 0.101058 0.008291 0.263358
0 4 0.466118 0.321370 0.069825 0.001979 0.140708
0 4 0.673128 0.102828 0.036877 0.002374 0.184793
0 4 0.416355 0.319133 0.074103 0.001989 0.188421
4 4 0.307941 0.111629 0.041686 0.000924 0.537819
4 4 0.289880 0.169516 0.055083 0.001128 0.484394
4 4 0.324875 0.131252 0.043559 0.000728 0.499587
4 4 0.346770 0.243283 0.052585 0.000347 0.357015
4 4 0.284448 0.180204 0.050072 0.000526 0.484750
0 4 0.709159 0.095846 0.029143 0.000926 0.164926
0 4 0.625404 0.164137 0.050386 0.003135 0.156938
0 4 0.629594 0.106976 0.039750 0.002530 0.221151
4 4 0.254447 0.234038 0.102380 0.014958 0.394178
0 4 0.545801 0.197023 0.052125 0.001432 0.203619
0 4 0.735228 0.063590 0.027524 0.002805 0.170853
0 4 0.787811 0.042162 0.017696 0.001166 0.151165
0 4 0.415629 0.307501 0.063523 0.000823 0.212523
0 4 0.416265 0.259228 0.069826 0.002115 0.252566
0 4 0.625496 0.113019 0.031983 0.000582 0.228919
0 4 0.467947 0.104859 0.039656 0.001346 0.386193
0 4 0.453584 0.147502 0.040568 0.000492 0.357854
0 4 0.446921 0.225967 0.056013 0.000923 0.270175
0 4 0.365873 0.349721 0.078900 0.001840 0.203666
0 4 0.487938 0.185915 0.047466 0.000709 0.277971
4 4 0.311064 0.221657 0.050627 0.000322 0.416330
4 4 0.157100 0.358317 0.093261 0.001852 0.389470
4 4 0.203496 0.252652 0.073833 0.001423 0.468596
4 4 0.264282 0.152862 0.052061 0.001057 0.529738
0 4 0.484077 0.079151 0.024047 0.000201 0.412523
0 4 0.566978 0.085831 0.026948 0.000394 0.319849
0 4 0.557675 0.061962 0.028062 0.001425 0.350875
0 4 0.543371 0.156588 0.033483 0.000193 0.266364
1 4 0.289625 0.387535 0.100918 0.004642 0.217280
4 4 0.181466 0.304595 0.092007 0.002856 0.419075
1 4 0.257570 0.416540 0.125611 0.014744 0.185535
1 2 0.260629 0.420445 0.123629 0.006105 0.189192
1 2 0.272194 0.444598 0.154553 0.016417 0.112237
1 2 0.269590 0.439631 0.147658 0.015836 0.127284
1 2 0.341630 0.409020 0.121576 0.008063 0.119713
1 2 0.153582 0.502560 0.250864 0.017901 0.075093
1 2 0.176826 0.500866 0.243703 0.012850 0.065754
1 2 0.138664 0.506286 0.269549 0.017943 0.067558
1 2 0.116488 0.507897 0.270286 0.018221 0.087107
1 2 0.108947 0.506190 0.276863 0.021710 0.086290
1 2 0.096489 0.471092 0.351631 0.037750 0.043038
1 2 0.074953 0.443082 0.389697 0.051919 0.040349
2 2 0.019604 0.255950 0.584255 0.080278 0.059914
1 2 0.206244 0.492636 0.239651 0.008111 0.053358
2 2 0.062005 0.371039 0.514503 0.021725 0.030728
2 2 0.004994 0.129499 0.784536 0.066014 0.014957
2 2 0.023987 0.173816 0.795242 0.003440 0.003516
2 2 0.009077 0.134467 0.828740 0.021579 0.006137
2 2 0.008198 0.098037 0.876695 0.012556 0.004514
2 2 0.020749 0.205330 0.745091 0.024085 0.004745
2 2 0.010253 0.156018 0.825258 0.003938 0.004532
2 2 0.009289 0.117890 0.865732 0.001724 0.005365
2 2 0.018564 0.220797 0.747727 0.003177 0.009735
2 2 0.014877 0.204780 0.763572 0.007226 0.009545
2 2 0.007194 0.130936 0.850119 0.002942 0.008809
2 2 0.007405 0.134265 0.837322 0.009188 0.011821
2 2 0.033937 0.271012 0.679586 0.007102 0.008362
2 2 0.015116 0.194781 0.775541 0.003242 0.011320
2 2 0.019989 0.181001 0.789326 0.002546 0.007138
2 2 0.011978 0.145731 0.820693 0.014561 0.007038
2 2 0.025390 0.189842 0.764191 0.011623 0.008954
2 2 0.054332 0.260074 0.666609 0.011550 0.007435
2 2 0.076397 0.424715 0.458181 0.023534 0.017174
2 2 0.070935 0.344507 0.545230 0.024014 0.015315
2 2 0.054574 0.332835 0.580025 0.021416 0.011150
1 2 0.184205 0.402782 0.373465 0.012124 0.027424
1 2 0.210153 0.486077 0.245163 0.016070 0.042537
1 2 0.201404 0.489045 0.262451 0.012537 0.034563
1 2 0.194660 0.480810 0.283950 0.010772 0.029808
1 0 0.266615 0.470102 0.220502 0.007504 0.035277
0 2 0.870338 0.068991 0.029590 0.003317 0.027763
0 0 0.420387 0.388101 0.121310 0.006781 0.063421
0 1 0.573700 0.261727 0.070758 0.008181 0.085634
0 1 0.480522 0.349957 0.096511 0.005255 0.067754
1 1 0.316863 0.444583 0.172174 0.010700 0.055679
1 1 0.192068 0.460387 0.277763 0.023329 0.046452
1 1 0.320701 0.445892 0.177965 0.008111 0.047332
1 1 0.220123 0.483537 0.238225 0.015017 0.043098
1 1 0.400495 0.408708 0.147911 0.003652 0.039234
1 1 0.261490 0.471615 0.218909 0.009106 0.038880
1 1 0.283741 0.461538 0.197165 0.010432 0.047124
1 2 0.323381 0.441856 0.169494 0.010096 0.055172
1 0 0.275702 0.465433 0.204708 0.009997 0.044160
1 1 0.301444 0.453437 0.185121 0.010061 0.049936
1 1 0.262817 0.469878 0.210616 0.011444 0.045245
1 1 0.210221 0.479563 0.234900 0.022606 0.052710
1 1 0.247788 0.476170 0.226269 0.010359 0.039414
1 1 0.224329 0.483065 0.239821 0.012845 0.039940
1 1 0.225945 0.482176 0.235663 0.013885 0.042332
2 1 0.150047 0.323779 0.485849 0.015949 0.024376
1 2 0.265133 0.467892 0.205012 0.012799 0.049164
1 1 0.244895 0.471263 0.206877 0.019218 0.057748
1 1 0.370431 0.422699 0.156181 0.005476 0.045212
1 0 0.306142 0.452833 0.187232 0.008395 0.045399
0 0 0.627873 0.240049 0.087795 0.003652 0.040630
0 1 0.567181 0.298685 0.085909 0.002406 0.045819
1 2 0.240499 0.473448 0.211277 0.018922 0.055853
1 2 0.251659 0.466669 0.198154 0.020699 0.062820
1 2 0.241198 0.467381 0.199030 0.025010 0.067381
1 2 0.221997 0.479759 0.224859 0.020385 0.053000
2 2 0.084990 0.351665 0.501764 0.037612 0.023969
1 2 0.171080 0.449966 0.354951 0.006213 0.017789
2 2 0.068247 0.315123 0.568015 0.031519 0.017096
1 2 0.157986 0.493382 0.312080 0.011602 0.024950
1 2 0.187711 0.464689 0.321803 0.006056 0.019741
2 2 0.097450 0.403883 0.461663 0.018529 0.018474
2 2 0.064612 0.343382 0.523613 0.047213 0.021180
2 2 0.078935 0.349667 0.533760 0.021669 0.015968
2 2 0.116673 0.404434 0.449336 0.012303 0.017255
1 2 0.144672 0.444536 0.372836 0.013944 0.024013
2 2 0.117520 0.375492 0.475146 0.013715 0.018127
1 1 0.159251 0.451450 0.365219 0.006751 0.017329
1 1 0.167019 0.448417 0.351679 0.009952 0.022933
1 1 0.273310 0.463768 0.240214 0.002829 0.019878
1 2 0.205720 0.485639 0.278967 0.006380 0.023294
1 2 0.345024 0.428617 0.191836 0.004125 0.030398
1 2 0.140265 0.456687 0.359623 0.016932 0.026493
1 2 0.260858 0.471593 0.233841 0.005486 0.028224
1 2 0.207217 0.487440 0.266215 0.009356 0.029772
1 2 0.182645 0.433149 0.336465 0.015335 0.032407
2 2 0.045320 0.282378 0.614628 0.043624 0.014050
1 2 0.167721 0.434138 0.374139 0.006464 0.017537
2 1 0.090413 0.385818 0.476150 0.026554 0.021065
1 1 0.209946 0.482478 0.282981 0.004734 0.019861
1 2 0.175163 0.487849 0.312116 0.006068 0.018804
2 2 0.153496 0.407370 0.411975 0.008647 0.018511
1 2 0.191294 0.462811 0.303283 0.012058 0.030554
1 2 0.276307 0.460975 0.229867 0.004883 0.027968
1 2 0.244941 0.463272 0.259676 0.005757 0.026354
1 2 0.212132 0.486459 0.260976 0.009511 0.030922
2 2 0.100957 0.331670 0.528699 0.019791 0.018883
2 2 0.118529 0.404387 0.443693 0.014254 0.019137
1 2 0.190293 0.490545 0.280900 0.010061 0.028201
2 1 0.149584 0.396039 0.434819 0.005662 0.013897
1 2 0.168357 0.490693 0.311457 0.008071 0.021422
1 2 0.269329 0.468218 0.210318 0.009809 0.042326
1 2 0.306752 0.440489 0.219010 0.004375 0.029373
0 0 0.415811 0.400925 0.142883 0.003081 0.037300
0 0 0.677016 0.183357 0.096873 0.007713 0.035041
0 1 0.648491 0.196157 0.068816 0.012579 0.073957
0 0 0.482859 0.333496 0.083909 0.007983 0.091753
0 1 0.919728 0.038901 0.012597 0.001770 0.027004
0 0 0.434676 0.357391 0.095766 0.012013 0.100154
0 1 0.870157 0.056581 0.022811 0.007707 0.042744
0 1 0.615873 0.247691 0.058335 0.003992 0.074110
1 1 0.361847 0.419811 0.145709 0.009618 0.063015
1 1 0.283945 0.459499 0.191174 0.012468 0.052913
0 1 0.466249 0.370449 0.116976 0.002915 0.043411
1 1 0.271618 0.463713 0.196353 0.014156 0.054161
1 1 0.228624 0.472436 0.208515 0.025962 0.064463
1 1 0.165843 0.474748 0.269954 0.036236 0.053219
1 1 0.252398 0.473633 0.217291 0.012116 0.044562
1 1 0.271459 0.467840 0.211703 0.008874 0.040125
1 1 0.246384 0.476257 0.224352 0.011407 0.041600
1 1 0.209623 0.485488 0.241910 0.017767 0.045212
0 1 0.428333 0.362385 0.104329 0.012399 0.092553
0 1 0.560447 0.271178 0.084353 0.009044 0.074978
1 1 0.344260 0.431693 0.158970 0.009014 0.056062
0 1 0.410044 0.397082 0.129817 0.006130 0.056927
1 1 0.372965 0.414698 0.141812 0.008711 0.061814
1 1 0.241358 0.477393 0.224749 0.012825 0.043675
0 4 0.389127 0.371020 0.161039 0.017005 0.061808
1 1 0.273092 0.464681 0.199766 0.012397 0.050064
1 1 0.317392 0.448229 0.182610 0.007478 0.044291
1 1 0.322401 0.446141 0.180659 0.007083 0.043716
0 1 0.492131 0.346027 0.117788 0.003122 0.040932
1 1 0.262317 0.467391 0.202136 0.014831 0.053326
1 1 0.260900 0.469025 0.206162 0.013673 0.050240
0 1 0.461531 0.340870 0.130886 0.009438 0.057275
0 1 0.482775 0.345038 0.116640 0.004916 0.050631
0 1 0.515984 0.304889 0.110462 0.008612 0.060053
0 1 0.444894 0.381403 0.122508 0.003776 0.047419
0 1 0.465800 0.346312 0.141961 0.005315 0.040612
0 1 0.452435 0.351898 0.121473 0.009251 0.064944
1 1 0.373504 0.416757 0.153639 0.006611 0.049490
1 1 0.260970 0.469757 0.208632 0.012704 0.047937
0 1 0.459637 0.348658 0.135891 0.006943 0.048872
1 1 0.218365 0.483061 0.234976 0.017147 0.046451
1 1 0.289694 0.457335 0.188533 0.011848 0.052590
1 0 0.241345 0.477641 0.226085 0.012332 0.042596
0 0 0.869703 0.068423 0.020790 0.002614 0.038469
0 1 0.712705 0.176188 0.049957 0.003944 0.057206
0 1 0.575457 0.297541 0.073694 0.002018 0.051290
1 1 0.400300 0.403092 0.134884 0.006250 0.055475
0 1 0.504361 0.335563 0.088922 0.004472 0.066682
0 1 0.477299 0.333263 0.139134 0.006550 0.043754
0 1 0.418257 0.399341 0.140858 0.003175 0.038370
1 1 0.298250 0.455312 0.188372 0.009770 0.048297
1 1 0.306820 0.452266 0.185886 0.008641 0.046387
0 1 0.510726 0.310707 0.113070 0.007949 0.057549
1 1 0.294767 0.458905 0.199858 0.007229 0.039240
1 1 0.319679 0.446815 0.180004 0.007747 0.045755
1 1 0.210997 0.486191 0.246569 0.015122 0.041122
1 1 0.333316 0.440411 0.172653 0.007228 0.046393
1 1 0.307896 0.450853 0.182339 0.009472 0.049440
1 1 0.294148 0.426642 0.232586 0.009096 0.037528
1 1 0.191920 0.490235 0.279863 0.009859 0.028123
1 2 0.159724 0.474685 0.314480 0.018359 0.032751
1 2 0.120299 0.417152 0.406574 0.027007 0.028968
1 2 0.171644 0.476954 0.307814 0.013779 0.029809
2 2 0.027347 0.176739 0.758933 0.030130 0.006852
1 2 0.111647 0.446017 0.412633 0.012459 0.017245
2 2 0.063659 0.343221 0.558839 0.021372 0.012909
2 2 0.088886 0.430246 0.439213 0.022331 0.019324
2 2 0.070707 0.298597 0.606880 0.013331 0.010486
1 2 0.312191 0.450632 0.210919 0.002809 0.023448
1 2 0.222005 0.483930 0.254830 0.008592 0.030643
1 2 0.200479 0.487615 0.279172 0.007584 0.025149
1 2 0.268878 0.468239 0.232297 0.004536 0.026051
1 2 0.225093 0.482728 0.256212 0.007452 0.028514
0 2 0.567971 0.266721 0.116728 0.006596 0.041985
0 1 0.531795 0.281171 0.112934 0.012298 0.061801
0 2 0.787449 0.094298 0.041306 0.015689 0.061257
0 2 0.764991 0.119993 0.054605 0.011492 0.048919
0 2 0.815436 0.093603 0.033529 0.006806 0.050626
0 1 0.898541 0.033999 0.019276 0.012589 0.035595
0 2 0.939924 0.023089 0.009931 0.003515 0.023542
0 2 0.911519 0.039288 0.014747 0.003552 0.030895
0 2 0.863272 0.070843 0.022214 0.003156 0.040515
0 1 0.836959 0.085658 0.026916 0.004022 0.046445
0 2 0.714300 0.173743 0.060978 0.004537 0.046442
0 2 0.817644 0.084958 0.032611 0.010097 0.054689
0 2 0.799635 0.109715 0.057396 0.005139 0.028116
0 2 0.827971 0.058532 0.074459 0.013630 0.025408
0 2 0.838712 0.069091 0.033348 0.011358 0.047490
0 2 0.748829 0.048990 0.091699 0.071487 0.038994
0 2 0.829224 0.053423 0.071201 0.020037 0.026116
0 2 0.817569 0.055904 0.081957 0.019735 0.024836
0 2 0.696327 0.095944 0.149864 0.027487 0.030379
0 2 0.820222 0.072393 0.077153 0.008712 0.021520
0 2 0.787691 0.083142 0.071221 0.018982 0.038964
0 2 0.556704 0.115833 0.138924 0.108993 0.079546
0 2 0.729616 0.140613 0.093363 0.005888 0.030520
0 2 0.519661 0.092190 0.168446 0.149969 0.069734
0 2 0.664011 0.188838 0.086977 0.011001 0.049172
0 2 0.471780 0.290165 0.177541 0.015977 0.044537
0 2 0.529759 0.273994 0.144328 0.010865 0.041055
1 2 0.190908 0.403694 0.357217 0.016713 0.031467
2 2 0.144241 0.179330 0.570223 0.081627 0.024579
0 2 0.451160 0.269015 0.214551 0.022252 0.043021
0 2 0.531277 0.235346 0.189934 0.010635 0.032808
0 2 0.443919 0.372428 0.132578 0.004803 0.046271
0 2 0.790146 0.111800 0.050265 0.007404 0.040385
0 2 0.776953 0.124706 0.056156 0.005758 0.036427
0 0 0.782726 0.120032 0.042602 0.005719 0.048920
0 0 0.927493 0.027558 0.012260 0.005089 0.027600
0 0 0.955048 0.016430 0.007233 0.002601 0.018688
0 0 0.937031 0.024629 0.010433 0.003541 0.024365
0 0 0.948849 0.019299 0.008320 0.002863 0.020669
0 1 0.934016 0.026834 0.010898 0.003230 0.025021
0 1 0.814034 0.095978 0.031694 0.005827 0.052466
0 1 0.746035 0.134074 0.044527 0.009066 0.066298
0 1 0.820177 0.092950 0.033441 0.005983 0.047449
0 1 0.771553 0.149947 0.051790 0.001202 0.025508
0 1 0.453755 0.354736 0.106706 0.008841 0.075961
0 1 0.703399 0.164132 0.056125 0.009563 0.066780
0 2 0.412158 0.388035 0.141769 0.006695 0.051344
0 1 0.581405 0.254971 0.090862 0.009193 0.063569
0 0 0.765474 0.130077 0.039131 0.005507 0.059811
0 1 0.818375 0.093828 0.030831 0.005538 0.051427
0 1 0.592592 0.237798 0.086920 0.012419 0.070272
