1 1 0.039824 0.477821 0.085758 0.000108 0.396489
1 1 0.248572 0.481689 0.041216 0.000001 0.228522
1 1 0.221649 0.607765 0.080276 0.000007 0.090303
1 1 0.018798 0.507381 0.124028 0.000014 0.349780
4 1 0.023176 0.124922 0.029099 0.000011 0.822792
4 1 0.011202 0.255692 0.084671 0.000373 0.648062
4 1 0.013630 0.337650 0.136401 0.001320 0.511000
4 1 0.006265 0.312047 0.256769 0.000357 0.424562
1 1 0.010123 0.397796 0.195875 0.002294 0.393912
4 1 0.045692 0.174760 0.301395 0.038639 0.439514
1 1 0.181709 0.361175 0.170752 0.000626 0.285738
4 1 0.108722 0.395416 0.077526 0.000123 0.418212
0 1 0.749367 0.174795 0.025591 0.000006 0.050241
0 1 0.871626 0.088159 0.009534 0.000001 0.030681
0 1 0.376612 0.346644 0.042543 0.000005 0.234196
0 1 0.714154 0.194782 0.050254 0.000038 0.040773
1 1 0.071220 0.732010 0.065809 0.000000 0.130961
4 1 0.012163 0.385820 0.107667 0.001265 0.493086
4 1 0.058760 0.125998 0.353524 0.077605 0.384113
0 0 0.665769 0.214575 0.067829 0.000029 0.051798
1 0 0.013681 0.563728 0.362661 0.000028 0.059902
2 1 0.007533 0.317807 0.465852 0.019195 0.189614
2 1 0.012027 0.258773 0.645285 0.011599 0.072316
2 1 0.010605 0.192950 0.754286 0.007621 0.034538
2 1 0.013605 0.111124 0.824955 0.022549 0.027767
2 1 0.007377 0.125645 0.827047 0.021552 0.018379
2 1 0.002551 0.076700 0.896513 0.013504 0.010731
2 1 0.003741 0.089268 0.874046 0.019641 0.013304
2 2 0.005310 0.069690 0.863297 0.050825 0.010878
2 2 0.030887 0.185532 0.706234 0.052392 0.024955
2 2 0.006475 0.083933 0.872627 0.027843 0.009122
2 2 0.000999 0.025374 0.953626 0.017725 0.002277
2 2 0.007894 0.104196 0.824677 0.047715 0.015517
2 2 0.003839 0.047408 0.919113 0.026376 0.003264
2 2 0.004264 0.057966 0.906644 0.025159 0.005967
2 2 0.001689 0.012573 0.752932 0.231523 0.001283
2 2 0.001265 0.011317 0.706106 0.279847 0.001465
2 2 0.000707 0.006688 0.557735 0.433727 0.001143
2 2 0.000802 0.007157 0.523211 0.467510 0.001320
3 2 0.000660 0.003921 0.158026 0.836056 0.001338
3 2 0.000290 0.003092 0.338736 0.657122 0.000759
3 2 0.002123 0.011268 0.377905 0.606482 0.002221
3 2 0.000387 0.003294 0.235976 0.759343 0.000999
3 2 0.000251 0.002106 0.158969 0.837934 0.000739
3 3 0.000330 0.002529 0.176142 0.820220 0.000779
3 3 0.000085 0.000584 0.036502 0.962477 0.000353
3 3 0.000069 0.000643 0.074561 0.924453 0.000274
3 3 0.000271 0.001578 0.061825 0.935482 0.000844
3 3 0.000048 0.000386 0.032539 0.966778 0.000249
3 3 0.000238 0.000938 0.019589 0.978471 0.000763
3 3 0.000009 0.000149 0.055328 0.944440 0.000074
3 3 0.000296 0.001069 0.020804 0.977057 0.000775
3 3 0.000110 0.000512 0.016494 0.982476 0.000408
3 3 0.000035 0.000351 0.041616 0.957783 0.000215
3 3 0.000374 0.001926 0.068703 0.928126 0.000871
3 3 0.000012 0.000146 0.030573 0.969178 0.000091
3 3 0.000284 0.001077 0.021647 0.976181 0.000811
3 3 0.000048 0.000301 0.018998 0.980445 0.000207
3 3 0.000175 0.000845 0.026936 0.971463 0.000581
3 3 0.000061 0.000277 0.009304 0.990095 0.000262
3 3 0.000062 0.000368 0.017990 0.981283 0.000298
3 3 0.000009 0.000088 0.013301 0.986528 0.000075
3 3 0.000107 0.000436 0.011102 0.987947 0.000408
3 3 0.000069 0.000295 0.008873 0.990480 0.000283
3 3 0.000033 0.000345 0.051735 0.947720 0.000167
3 3 0.000764 0.002478 0.034484 0.960676 0.001597
3 3 0.000138 0.000608 0.017658 0.981128 0.000467
3 3 0.000118 0.000477 0.011687 0.987274 0.000443
3 3 0.000056 0.000367 0.022820 0.976503 0.000254
3 3 0.000073 0.000313 0.009471 0.989845 0.000298
3 3 0.000095 0.000423 0.013436 0.985699 0.000346
3 3 0.000017 0.000210 0.040064 0.959588 0.000120
3 3 0.000007 0.000080 0.015890 0.983958 0.000066
3 3 0.000041 0.000271 0.016033 0.983423 0.000233
3 3 0.000058 0.000398 0.028733 0.970572 0.000240
3 3 0.000066 0.000346 0.013717 0.985564 0.000308
3 3 0.000048 0.000210 0.007313 0.992222 0.000207
3 3 0.000035 0.000211 0.011497 0.988066 0.000191
3 3 0.000093 0.000384 0.010324 0.988836 0.000362
3 3 0.000029 0.000269 0.033433 0.966118 0.000151
3 3 0.000013 0.000116 0.013891 0.985881 0.000100
3 3 0.000031 0.000162 0.007744 0.991907 0.000156
3 3 0.000020 0.000117 0.006941 0.992808 0.000114
3 3 0.000059 0.000254 0.008152 0.991288 0.000247
3 3 0.000010 0.000104 0.016286 0.983514 0.000086
3 3 0.000011 0.000086 0.009084 0.990741 0.000079
3 3 0.000046 0.000206 0.007219 0.992326 0.000203
3 3 0.000030 0.000185 0.010855 0.988762 0.000168
3 3 0.000036 0.000162 0.006296 0.993343 0.000162
3 3 0.000009 0.000133 0.029372 0.970385 0.000100
3 3 0.000012 0.000066 0.004438 0.995416 0.000068
3 3 0.000100 0.000412 0.010747 0.988354 0.000387
3 3 0.000057 0.000289 0.011209 0.988179 0.000266
3 3 0.000058 0.000250 0.008066 0.991384 0.000243
3 3 0.000004 0.000055 0.013796 0.986099 0.000046
3 3 0.000029 0.000136 0.005705 0.993991 0.000138
3 3 0.000073 0.000310 0.009123 0.990198 0.000296
3 3 0.000016 0.000124 0.011623 0.988128 0.000110
3 3 0.000099 0.000406 0.010653 0.988461 0.000381
3 3 0.000009 0.000097 0.018690 0.981136 0.000069
3 3 0.000047 0.000227 0.008731 0.990777 0.000217
3 3 0.000128 0.000511 0.012155 0.986734 0.000472
3 3 0.000014 0.000077 0.004875 0.994955 0.000079
3 3 0.000028 0.000132 0.005595 0.994111 0.000134
3 3 0.000048 0.000214 0.007382 0.992145 0.000210
3 3 0.000057 0.000249 0.008060 0.991391 0.000243
3 3 0.000004 0.000040 0.008510 0.991410 0.000036
3 3 0.000041 0.000184 0.006765 0.992827 0.000183
3 3 0.000116 0.000469 0.011569 0.987410 0.000436
3 3 0.000049 0.000225 0.008039 0.991470 0.000218
3 3 0.000052 0.000227 0.007643 0.991855 0.000222
3 3 0.000011 0.000085 0.008266 0.991558 0.000080
3 3 0.000057 0.000254 0.008457 0.990988 0.000245
3 3 0.000067 0.000288 0.008747 0.990622 0.000277
3 3 0.000007 0.000037 0.002683 0.997233 0.000041
3 3 0.000074 0.000314 0.009196 0.990116 0.000300
3 3 0.000049 0.000215 0.007404 0.992121 0.000211
3 3 0.000081 0.000339 0.009605 0.989653 0.000322
3 3 0.000010 0.000064 0.005249 0.994612 0.000065
3 3 0.000111 0.000451 0.011316 0.987701 0.000421
3 3 0.000014 0.000071 0.004046 0.995795 0.000075
3 3 0.000026 0.000123 0.005386 0.994338 0.000126
3 3 0.000028 0.000177 0.010793 0.988841 0.000161
3 3 0.000016 0.000106 0.008006 0.991773 0.000100
3 3 0.000020 0.000096 0.004652 0.995134 0.000099
3 3 0.000015 0.000083 0.004930 0.994887 0.000085
3 3 0.000073 0.000309 0.009110 0.990212 0.000296
3 3 0.000045 0.000201 0.007127 0.992428 0.000199
3 3 0.000009 0.000079 0.009245 0.990595 0.000072
3 3 0.000048 0.000213 0.007360 0.992169 0.000209
3 3 0.000269 0.001002 0.017844 0.980002 0.000883
3 3 0.000405 0.001446 0.022119 0.974803 0.001227
3 3 0.011536 0.025125 0.192079 0.765249 0.006012
3 3 0.006432 0.016043 0.115735 0.855225 0.006566
3 3 0.017016 0.042016 0.354525 0.578757 0.007685
2 3 0.053359 0.120565 0.426515 0.371760 0.027803
2 3 0.060374 0.118401 0.453696 0.330075 0.037454
3 3 0.041432 0.072355 0.315345 0.547273 0.023596
2 3 0.074340 0.171576 0.519089 0.201012 0.033983
2 3 0.088561 0.269805 0.510797 0.068867 0.061970
1 3 0.118075 0.437996 0.276909 0.011063 0.155956
1 3 0.137109 0.427484 0.347663 0.000843 0.086901
1 2 0.165113 0.480016 0.262831 0.001574 0.090466
1 2 0.101966 0.688846 0.148086 0.000002 0.061100
1 0 0.077879 0.635895 0.251324 0.000013 0.034889
1 0 0.116777 0.607284 0.244206 0.000059 0.031675
2 2 0.061441 0.331542 0.575990 0.000594 0.030433
1 2 0.101219 0.600986 0.208285 0.000065 0.089446
1 2 0.039987 0.559890 0.326823 0.000178 0.073122
1 2 0.027343 0.603898 0.284408 0.000540 0.083811
1 2 0.218346 0.503131 0.113772 0.000194 0.164557
4 2 0.037891 0.193680 0.068344 0.001816 0.698269
1 2 0.258393 0.404100 0.139494 0.002037 0.195975
4 2 0.094163 0.379542 0.126218 0.002817 0.397260
1 2 0.066979 0.395263 0.200401 0.006448 0.330909
1 2 0.287745 0.406232 0.050490 0.000011 0.255522
0 2 0.380870 0.209740 0.033697 0.000051 0.375641
4 2 0.400019 0.160025 0.027151 0.000070 0.412735
0 2 0.843910 0.082730 0.010903 0.000004 0.062453
4 2 0.260072 0.196860 0.025169 0.000019 0.517880
0 2 0.511478 0.222234 0.032091 0.000020 0.234177
0 2 0.700934 0.158846 0.020984 0.000007 0.119229
0 2 0.840110 0.121231 0.016530 0.000002 0.022127
0 2 0.565722 0.327377 0.023159 0.000000 0.083742
0 2 0.592121 0.246227 0.062194 0.000209 0.099249
0 2 0.669365 0.178248 0.010575 0.000000 0.141812
0 2 0.880789 0.071268 0.006746 0.000000 0.041196
0 2 0.914648 0.043110 0.005490 0.000002 0.036750
4 2 0.139600 0.300895 0.036462 0.000016 0.523028
4 2 0.113174 0.122158 0.022750 0.000169 0.741749
4 2 0.019511 0.214811 0.044702 0.000321 0.720655
4 4 0.028673 0.125980 0.025962 0.000207 0.819178
4 4 0.032067 0.123142 0.022281 0.000153 0.822357
4 4 0.033469 0.092377 0.014999 0.000084 0.859070
4 4 0.025264 0.256046 0.063228 0.000771 0.654690
4 4 0.025124 0.201492 0.043246 0.000380 0.729759
4 4 0.039384 0.164726 0.035942 0.000415 0.759534
4 4 0.087691 0.280668 0.053783 0.000136 0.577721
4 4 0.037642 0.184070 0.041947 0.000521 0.735821
4 4 0.024109 0.183504 0.037125 0.000279 0.754983
4 4 0.034236 0.256722 0.069039 0.001199 0.638805
4 4 0.063401 0.136535 0.031099 0.000512 0.768453
4 4 0.064729 0.136325 0.039327 0.000975 0.758643
4 4 0.047713 0.129704 0.036312 0.000684 0.785587
4 4 0.038080 0.092000 0.059303 0.003616 0.807000
4 4 0.065447 0.045132 0.006677 0.000046 0.882698
4 4 0.052664 0.073129 0.023140 0.000514 0.850552
4 4 0.053160 0.067672 0.010989 0.000081 0.868098
4 4 0.045165 0.037557 0.010371 0.000152 0.906756
4 4 0.087919 0.068673 0.012915 0.000173 0.830320
4 4 0.041797 0.036011 0.021710 0.001088 0.899394
4 4 0.072439 0.062662 0.013662 0.000200 0.851036
4 4 0.058730 0.211562 0.059002 0.001469 0.669236
4 4 0.034948 0.153478 0.031358 0.000294 0.779922
4 4 0.019668 0.108981 0.045895 0.000908 0.824547
4 4 0.024563 0.272176 0.163004 0.009722 0.530534
1 4 0.260349 0.391493 0.092861 0.000290 0.255008
1 4 0.065245 0.470292 0.232346 0.000550 0.231567
4 4 0.021237 0.321463 0.139987 0.000695 0.516619
4 4 0.006529 0.216805 0.140162 0.001613 0.634891
4 4 0.039046 0.354293 0.129200 0.005115 0.472346
2 2 0.099096 0.229060 0.376924 0.034342 0.260578
1 2 0.327980 0.339150 0.135743 0.002299 0.194829
1 2 0.145668 0.492406 0.185065 0.000771 0.176090
1 2 0.055036 0.671472 0.151033 0.000055 0.122405
4 2 0.349303 0.119102 0.016759 0.000029 0.514807
0 2 0.918634 0.044798 0.006983 0.000004 0.029581
0 2 0.959590 0.021632 0.002732 0.000001 0.016045
4 2 0.329983 0.144045 0.019226 0.000022 0.506724
0 2 0.781630 0.102632 0.012839 0.000004 0.102895
0 2 0.674185 0.129513 0.019334 0.000018 0.176951
0 2 0.638916 0.154150 0.036485 0.000206 0.170242
0 2 0.676419 0.127456 0.017140 0.000010 0.178975
0 2 0.676565 0.166616 0.011773 0.000000 0.145045
0 0 0.483894 0.228060 0.009949 0.000000 0.278097
1 0 0.280096 0.396362 0.036135 0.000002 0.287405
0 2 0.493345 0.214666 0.029956 0.000018 0.262015
4 2 0.050787 0.254110 0.076126 0.002085 0.616893
1 2 0.325610 0.382957 0.070843 0.000080 0.220510
1 2 0.283465 0.399653 0.070822 0.000070 0.245990
1 2 0.119063 0.434891 0.095045 0.000034 0.350966
0 2 0.731823 0.167910 0.021247 0.000004 0.079016
0 2 0.558863 0.266237 0.038573 0.000014 0.136314
1 2 0.135457 0.566499 0.068320 0.000000 0.229724
4 2 0.029956 0.333832 0.096377 0.001606 0.538229
1 2 0.005078 0.468255 0.128137 0.000983 0.397547
1 2 0.013707 0.452068 0.169465 0.004418 0.360343
1 2 0.014363 0.445307 0.156553 0.003640 0.380137
1 2 0.008944 0.472651 0.202253 0.003837 0.312314
1 2 0.018539 0.467792 0.201157 0.009047 0.303465
2 2 0.001763 0.179767 0.706903 0.013333 0.098235
2 2 0.002520 0.207076 0.634628 0.026069 0.129706
2 2 0.000503 0.096681 0.835758 0.013824 0.053233
2 2 0.000364 0.077213 0.856787 0.017791 0.047845
2 2 0.000261 0.032726 0.928490 0.015350 0.023173
2 2 0.003947 0.186986 0.664473 0.006876 0.137717
2 2 0.018528 0.402943 0.419751 0.002418 0.156360
2 2 0.031016 0.372115 0.527454 0.000254 0.069161
1 0 0.210905 0.513928 0.199715 0.000059 0.075393
1 2 0.007006 0.425289 0.369341 0.000996 0.197369
2 2 0.003443 0.156633 0.674645 0.069489 0.095790
2 2 0.000896 0.080089 0.854698 0.027316 0.037000
2 2 0.000763 0.044318 0.928710 0.010227 0.015983
2 2 0.000326 0.021306 0.964032 0.005080 0.009256
2 2 0.004322 0.090048 0.873590 0.011806 0.020234
2 2 0.003489 0.169601 0.784657 0.007118 0.035135
2 2 0.000661 0.070115 0.896417 0.011573 0.021233
2 2 0.002326 0.086856 0.890265 0.005486 0.015067
2 2 0.001395 0.074294 0.882035 0.003364 0.038911
2 2 0.003977 0.085820 0.875566 0.005550 0.029086
2 2 0.000971 0.029925 0.961926 0.003086 0.004092
2 2 0.005934 0.093678 0.821576 0.059522 0.019291
2 2 0.001250 0.064243 0.925935 0.001254 0.007317
2 2 0.001179 0.054666 0.935479 0.001725 0.006950
2 2 0.005294 0.049015 0.863813 0.072080 0.009798
2 2 0.008833 0.095465 0.841784 0.040904 0.013015
2 2 0.008416 0.058951 0.894436 0.033944 0.004253
2 2 0.004394 0.066664 0.908897 0.014398 0.005647
2 2 0.003550 0.046174 0.907643 0.038209 0.004425
2 2 0.008004 0.070585 0.853256 0.059002 0.009153
2 2 0.009006 0.058528 0.880587 0.047605 0.004275
2 2 0.001573 0.029278 0.925831 0.040131 0.003187
2 2 0.002292 0.029467 0.900732 0.064307 0.003202
2 2 0.011250 0.047505 0.819199 0.117083 0.004964
2 2 0.009602 0.057397 0.737253 0.186680 0.009067
3 2 0.002449 0.014519 0.487162 0.493070 0.002800
2 2 0.001094 0.010855 0.783796 0.203023 0.001233
2 2 0.002221 0.014432 0.614699 0.366548 0.002100
2 2 0.002060 0.017573 0.810701 0.167900 0.001765
2 2 0.000668 0.006661 0.593674 0.397898 0.001099
3 2 0.002632 0.015328 0.481934 0.497050 0.003057
2 2 0.004103 0.020237 0.557316 0.415351 0.002993
2 2 0.001488 0.011707 0.654429 0.330656 0.001720
2 2 0.001148 0.010051 0.708245 0.279259 0.001298
2 2 0.001538 0.012714 0.652182 0.331699 0.001867
3 2 0.000099 0.001363 0.300384 0.697848 0.000306
3 2 0.000441 0.004133 0.408862 0.585777 0.000787
3 2 0.000520 0.004724 0.432954 0.560929 0.000873
3 2 0.000367 0.002894 0.217056 0.778899 0.000786
3 2 0.000336 0.003464 0.405052 0.590473 0.000675
3 2 0.000052 0.000948 0.350714 0.648092 0.000194
3 3 0.000070 0.001080 0.351921 0.646738 0.000191
3 3 0.000241 0.001916 0.169676 0.827643 0.000525
3 3 0.000662 0.004846 0.312013 0.681414 0.001064
3 3 0.000561 0.004206 0.286226 0.708038 0.000969
3 3 0.000570 0.003848 0.195657 0.798737 0.001188
3 3 0.000417 0.003166 0.205772 0.789708 0.000937
3 3 0.000376 0.003029 0.219392 0.776333 0.000870
3 3 0.004450 0.017616 0.354875 0.619622 0.003437
3 3 0.017854 0.041491 0.365479 0.568675 0.006501
2 3 0.046646 0.088773 0.495568 0.358452 0.010561
2 3 0.126582 0.158959 0.560102 0.145279 0.009079
2 3 0.023588 0.079660 0.733166 0.154702 0.008883
2 3 0.013998 0.056203 0.747422 0.175829 0.006548
2 3 0.009203 0.088435 0.853810 0.038309 0.010243
2 3 0.009055 0.038540 0.771116 0.177771 0.003517
2 3 0.002371 0.015872 0.873153 0.107621 0.000984
2 3 0.003244 0.020735 0.580379 0.391984 0.003658
2 3 0.003768 0.019833 0.612121 0.361602 0.002676
2 3 0.002924 0.017935 0.600415 0.375758 0.002968
2 3 0.009062 0.033197 0.518942 0.433677 0.005123
3 3 0.002642 0.013658 0.412650 0.568413 0.002636
2 3 0.001647 0.011338 0.547635 0.437528 0.001852
2 3 0.000447 0.004386 0.521808 0.472728 0.000631
3 3 0.000752 0.005109 0.261006 0.731786 0.001348
3 3 0.000972 0.006606 0.383849 0.607354 0.001219
3 3 0.000501 0.003647 0.208585 0.786154 0.001114
3 3 0.000047 0.000712 0.220817 0.778255 0.000170
3 3 0.000122 0.001537 0.310379 0.687647 0.000315
3 3 0.000507 0.003760 0.275665 0.719250 0.000818
3 3 0.000130 0.001460 0.234243 0.763812 0.000354
3 3 0.000285 0.002497 0.277536 0.719180 0.000502
3 3 0.000227 0.002481 0.348368 0.648417 0.000506
3 3 0.000070 0.000909 0.216010 0.782800 0.000211
3 3 0.000396 0.002989 0.227090 0.768798 0.000728
3 3 0.000435 0.002348 0.084210 0.911973 0.001033
3 3 0.000709 0.004287 0.200213 0.793619 0.001173
3 3 0.003102 0.012284 0.238457 0.742974 0.003184
3 3 0.001952 0.011424 0.468479 0.516251 0.001894
3 3 0.003990 0.015144 0.254767 0.722135 0.003964
3 3 0.001073 0.004514 0.102134 0.890503 0.001775
3 3 0.000323 0.001997 0.100478 0.896443 0.000759
3 3 0.000223 0.001859 0.157879 0.839450 0.000589
3 3 0.001212 0.004444 0.076804 0.915530 0.002010
3 3 0.029477 0.053578 0.347558 0.561973 0.007413
2 3 0.033109 0.083767 0.620628 0.244024 0.018472
2 3 0.072479 0.131536 0.432923 0.336653 0.026408
2 3 0.088810 0.123678 0.533204 0.220171 0.034139
2 3 0.193275 0.217791 0.558048 0.021035 0.009850
0 0 0.561002 0.192087 0.211292 0.006747 0.028873
0 0 0.635171 0.262591 0.030317 0.000003 0.071918
0 0 0.889825 0.083707 0.009653 0.000001 0.016815
0 0 0.619794 0.285019 0.022181 0.000000 0.073006
0 0 0.791492 0.150816 0.023458 0.000006 0.034228
0 0 0.781144 0.154671 0.021592 0.000004 0.042588
0 0 0.952489 0.037696 0.004241 0.000000 0.005573
0 0 0.936304 0.037474 0.005261 0.000002 0.020959
0 0 0.977248 0.011880 0.001612 0.000001 0.009259
0 0 0.960576 0.022727 0.002649 0.000000 0.014047
0 0 0.829114 0.083956 0.009394 0.000002 0.077534
0 0 0.956202 0.024746 0.002169 0.000000 0.016883
0 0 0.779105 0.104280 0.016128 0.000013 0.100473
0 0 0.921277 0.043641 0.004359 0.000000 0.030723
0 0 0.551728 0.248673 0.026912 0.000004 0.172684
0 0 0.967728 0.021108 0.002300 0.000000 0.008864
0 0 0.667699 0.243340 0.043048 0.000017 0.045896
1 0 0.267078 0.474259 0.071550 0.000025 0.187089
1 1 0.322626 0.358050 0.097881 0.000634 0.220809
1 1 0.385397 0.425927 0.090427 0.000091 0.098158
0 0 0.653512 0.247513 0.046574 0.000026 0.052375
0 0 0.854085 0.096555 0.009260 0.000000 0.040099
0 0 0.444016 0.436616 0.033518 0.000000 0.085850
0 0 0.563920 0.262661 0.017327 0.000000 0.156092
0 0 0.947228 0.033690 0.005583 0.000003 0.013496
0 0 0.936538 0.040959 0.005046 0.000001 0.017456
0 0 0.947641 0.031398 0.003345 0.000000 0.017616
0 0 0.911375 0.067552 0.008716 0.000001 0.012357
0 0 0.977249 0.015300 0.001143 0.000000 0.006308
0 0 0.984077 0.012019 0.001808 0.000000 0.002095
0 0 0.964807 0.020900 0.002643 0.000001 0.011650
0 0 0.816283 0.128693 0.011133 0.000000 0.043891
1 0 0.307195 0.511360 0.043267 0.000000 0.138177
1 0 0.136112 0.375481 0.135267 0.000039 0.353101
4 0 0.013062 0.310710 0.126861 0.000960 0.548407
1 1 0.205315 0.387684 0.052415 0.000002 0.354583
0 1 0.483257 0.252834 0.028694 0.000006 0.235208
0 1 0.737689 0.089417 0.009321 0.000002 0.163569
0 1 0.953003 0.034223 0.001690 0.000000 0.011084
0 0 0.959271 0.027321 0.002264 0.000000 0.011145
0 0 0.905542 0.033664 0.002321 0.000000 0.058474
0 0 0.937257 0.040461 0.003930 0.000000 0.018352
0 0 0.911669 0.048550 0.008792 0.000010 0.030979
0 0 0.696526 0.069565 0.015225 0.000142 0.218542
0 0 0.632326 0.065889 0.009044 0.000015 0.292726
0 0 0.583987 0.317843 0.013000 0.000000 0.085171
0 0 0.563085 0.307046 0.031144 0.000002 0.098724
1 0 0.160251 0.388830 0.082188 0.000241 0.368490
4 0 0.048517 0.348930 0.075897 0.000356 0.526300
4 1 0.013703 0.180238 0.026416 0.000051 0.779592
4 1 0.043006 0.151288 0.025257 0.000100 0.780348
4 1 0.048960 0.098912 0.018244 0.000166 0.833719
4 4 0.073947 0.019906 0.002176 0.000008 0.903962
4 4 0.056305 0.040463 0.005217 0.000022 0.897993
4 4 0.162869 0.024130 0.003629 0.000042 0.809329
4 4 0.105950 0.052189 0.005624 0.000009 0.836228
4 4 0.046704 0.069094 0.010926 0.000071 0.873205
4 4 0.047145 0.078124 0.012984 0.000093 0.861655
4 4 0.044900 0.118993 0.023177 0.000225 0.812705
4 4 0.186603 0.037320 0.008228 0.000129 0.767721
4 4 0.063611 0.029287 0.003689 0.000018 0.903394
4 4 0.066395 0.040688 0.014567 0.000431 0.877920
4 4 0.105769 0.046023 0.008511 0.000120 0.839577
4 4 0.043782 0.036631 0.011891 0.000222 0.907474
4 4 0.062286 0.069864 0.011990 0.000108 0.855752
4 4 0.072391 0.041340 0.006094 0.000045 0.880130
4 4 0.131956 0.353222 0.044387 0.000015 0.470421
4 4 0.055620 0.049022 0.007149 0.000044 0.888164
4 4 0.080661 0.040216 0.009549 0.000164 0.869409
4 4 0.058142 0.127540 0.027486 0.000383 0.786450
4 4 0.047575 0.076858 0.010102 0.000027 0.865438
4 4 0.028069 0.123267 0.047320 0.001043 0.800301
4 4 0.054675 0.159339 0.037440 0.000608 0.747938
4 4 0.049225 0.220217 0.070735 0.002011 0.657811
4 4 0.030950 0.131265 0.060128 0.001937 0.775719
4 4 0.030837 0.099393 0.081533 0.006624 0.781612
4 4 0.056543 0.196875 0.100072 0.006670 0.639841
4 4 0.020915 0.124502 0.093745 0.005369 0.755469
4 4 0.052130 0.116821 0.023505 0.000266 0.807279
4 4 0.026339 0.071673 0.010130 0.000037 0.891821
4 4 0.053971 0.168010 0.053306 0.001443 0.723270
4 4 0.042747 0.166232 0.037250 0.000477 0.753293
4 4 0.021939 0.073277 0.032553 0.000704 0.871528
4 4 0.030603 0.170580 0.079263 0.002800 0.716754
4 4 0.031137 0.177793 0.037842 0.000365 0.752863
4 4 0.027968 0.150936 0.094608 0.005076 0.721411
4 4 0.007698 0.311772 0.170601 0.002459 0.507470
4 4 0.020413 0.279142 0.175592 0.003177 0.521676
4 4 0.014081 0.255297 0.087688 0.001277 0.641657
4 4 0.032032 0.204466 0.167015 0.015179 0.581308
4 4 0.007716 0.188495 0.203531 0.013665 0.586593
1 4 0.025992 0.381384 0.345466 0.029666 0.217492
1 2 0.011349 0.400422 0.353707 0.010008 0.224515
2 2 0.006029 0.290918 0.475068 0.024798 0.203187
2 2 0.012105 0.285358 0.536953 0.007850 0.157734
1 2 0.015958 0.382605 0.246795 0.011074 0.343569
1 2 0.005904 0.378080 0.302550 0.008704 0.304763
4 2 0.006418 0.344098 0.183518 0.001430 0.464536
2 2 0.005456 0.328345 0.333005 0.003838 0.329357
1 2 0.007425 0.381165 0.336635 0.006919 0.267856
1 2 0.020141 0.354094 0.266469 0.016713 0.342583
2 2 0.007609 0.368076 0.371096 0.010861 0.242358
1 2 0.087419 0.537780 0.189770 0.000677 0.184354
1 2 0.071977 0.597190 0.261486 0.000016 0.069331
4 2 0.023047 0.295722 0.230367 0.006327 0.444537
1 2 0.047649 0.549121 0.262352 0.001038 0.139840
1 2 0.016625 0.435107 0.303846 0.007164 0.237257
1 2 0.006774 0.420572 0.315312 0.004710 0.252632
2 2 0.008560 0.364611 0.434109 0.008347 0.184373
1 2 0.006884 0.405375 0.344457 0.005411 0.237873
1 2 0.015680 0.435375 0.273604 0.010631 0.264710
2 2 0.000241 0.059075 0.918913 0.004296 0.017475
2 2 0.000241 0.062713 0.922168 0.001937 0.012941
2 2 0.001732 0.139186 0.746333 0.032527 0.080222
2 2 0.000729 0.062172 0.913796 0.009052 0.014250
2 2 0.002121 0.098820 0.840494 0.026686 0.031880
2 2 0.000143 0.016074 0.965296 0.015841 0.002646
2 2 0.000254 0.020801 0.960686 0.015264 0.002995
2 2 0.000694 0.039387 0.922970 0.027915 0.009034
2 2 0.000246 0.020337 0.963956 0.012538 0.002923
2 2 0.000458 0.029266 0.951179 0.014866 0.004231
2 2 0.000075 0.006021 0.955767 0.037240 0.000897
2 2 0.001473 0.025551 0.895013 0.074807 0.003157
2 2 0.000078 0.004804 0.967282 0.027409 0.000427
2 2 0.000079 0.006491 0.960166 0.032406 0.000857
2 2 0.001438 0.014675 0.807485 0.174862 0.001540
2 2 0.000609 0.007558 0.790098 0.200919 0.000817
2 2 0.000081 0.002724 0.897074 0.099876 0.000245
2 2 0.000003 0.000478 0.979674 0.019815 0.000030
2 2 0.000056 0.001728 0.884673 0.113406 0.000136
2 2 0.000586 0.006267 0.674615 0.317684 0.000848
2 2 0.000005 0.000193 0.536658 0.463124 0.000020
2 2 0.000011 0.000375 0.517483 0.482078 0.000052
2 2 0.000002 0.000177 0.766761 0.233045 0.000015
2 2 0.000009 0.000331 0.710057 0.289578 0.000025
2 2 0.000038 0.000787 0.541824 0.457266 0.000085
3 2 0.000175 0.001872 0.275135 0.722404 0.000414
3 2 0.000019 0.000431 0.334956 0.664523 0.000072
3 2 0.000003 0.000155 0.422146 0.577673 0.000023
3 2 0.000016 0.000310 0.156213 0.843375 0.000085
3 2 0.000008 0.000239 0.288302 0.711403 0.000049
3 2 0.000052 0.000787 0.199758 0.799168 0.000234
3 2 0.000022 0.000345 0.115058 0.884463 0.000111
3 2 0.000099 0.001007 0.138484 0.860094 0.000317
3 2 0.000018 0.000276 0.083418 0.916177 0.000111
3 2 0.000012 0.000226 0.104896 0.894792 0.000074
3 3 0.000009 0.000160 0.062230 0.937521 0.000080
3 3 0.000083 0.000589 0.035076 0.963857 0.000396
3 3 0.000101 0.000446 0.014605 0.984507 0.000342
3 3 0.000056 0.000703 0.141949 0.857068 0.000225
3 3 0.000026 0.000264 0.031904 0.967623 0.000182
3 3 0.000138 0.000604 0.017242 0.981544 0.000471
3 3 0.000070 0.000584 0.044544 0.954431 0.000371
3 3 0.000007 0.000097 0.025434 0.974398 0.000063
3 3 0.000018 0.000158 0.017228 0.982474 0.000122
3 3 0.000003 0.000062 0.042596 0.957310 0.000029
3 3 0.000025 0.000183 0.014247 0.985391 0.000155
3 3 0.000061 0.000384 0.021876 0.977406 0.000274
3 3 0.000044 0.000284 0.016117 0.983311 0.000244
3 3 0.000025 0.000184 0.013802 0.985829 0.000160
3 3 0.000086 0.000428 0.014733 0.984374 0.000379
3 3 0.000018 0.000121 0.009266 0.990484 0.000111
3 3 0.000009 0.000072 0.007704 0.992148 0.000067
3 3 0.000032 0.000187 0.009991 0.989616 0.000173
3 3 0.000030 0.000141 0.005809 0.993877 0.000143
3 3 0.000041 0.000291 0.019874 0.979568 0.000227
3 3 0.000163 0.000638 0.013799 0.984819 0.000580
3 3 0.000023 0.000189 0.020085 0.979572 0.000131
3 3 0.000024 0.000151 0.009886 0.989801 0.000139
3 3 0.000007 0.000062 0.007625 0.992248 0.000058
3 3 0.000006 0.000077 0.015302 0.984552 0.000064
3 3 0.000015 0.000104 0.008210 0.991573 0.000098
3 3 0.000029 0.000199 0.013804 0.985794 0.000174
3 3 0.000084 0.000352 0.009825 0.989404 0.000334
3 3 0.000035 0.000222 0.012908 0.986639 0.000197
3 3 0.000079 0.000333 0.009516 0.989754 0.000317
3 3 0.000042 0.000188 0.006863 0.992720 0.000187
3 3 0.000019 0.000119 0.007765 0.991984 0.000113
3 3 0.000152 0.000597 0.013283 0.985422 0.000546
3 3 0.000025 0.000133 0.006787 0.992925 0.000130
3 3 0.000069 0.000295 0.008870 0.990483 0.000283
3 3 0.000021 0.000101 0.004797 0.994976 0.000105
3 3 0.000018 0.000096 0.005283 0.994505 0.000098
3 3 0.000087 0.000363 0.009996 0.989210 0.000344
3 3 0.000018 0.000090 0.004824 0.994974 0.000093
3 3 0.000026 0.000120 0.005313 0.994418 0.000123
3 3 0.000032 0.000172 0.008519 0.991114 0.000163
3 3 0.000026 0.000123 0.005373 0.994353 0.000126
3 3 0.000019 0.000125 0.008791 0.990948 0.000117
3 3 0.000054 0.000235 0.007786 0.991696 0.000229
3 3 0.000008 0.000063 0.007721 0.992149 0.000059
3 3 0.000017 0.000108 0.007490 0.992282 0.000103
3 3 0.000058 0.000250 0.008067 0.991382 0.000243
3 3 0.000010 0.000077 0.007486 0.992353 0.000073
3 3 0.000027 0.000126 0.005461 0.994256 0.000129
3 3 0.000059 0.000254 0.008139 0.991303 0.000246
3 3 0.000015 0.000080 0.004916 0.994908 0.000082
3 3 0.000045 0.000202 0.007142 0.992411 0.000199
3 3 0.000020 0.000097 0.004696 0.995085 0.000101
3 3 0.000010 0.000080 0.008977 0.990860 0.000073
3 3 0.000016 0.000108 0.008681 0.991095 0.000100
3 3 0.000006 0.000062 0.010559 0.989319 0.000054
3 3 0.000018 0.000100 0.006077 0.993706 0.000099
3 3 0.000016 0.000079 0.004167 0.995654 0.000083
3 3 0.000034 0.000157 0.006182 0.993468 0.000158
3 3 0.000008 0.000056 0.005123 0.994756 0.000057
3 3 0.000069 0.000294 0.008859 0.990495 0.000283
3 3 0.000035 0.000160 0.006263 0.993380 0.000161
3 3 0.000027 0.000127 0.005470 0.994246 0.000129
3 3 0.000104 0.000426 0.010958 0.988112 0.000399
3 3 0.000023 0.000151 0.009993 0.989695 0.000138
3 3 0.000027 0.000128 0.005504 0.994209 0.000131
3 3 0.000015 0.000089 0.005920 0.993888 0.000088
3 3 0.000020 0.000095 0.004631 0.995156 0.000099
3 3 0.000016 0.000081 0.004471 0.995348 0.000084
3 3 0.000016 0.000095 0.006050 0.993745 0.000094
3 3 0.000010 0.000067 0.005477 0.994379 0.000066
3 3 0.000022 0.000104 0.004894 0.994871 0.000108
3 3 0.000039 0.000175 0.006586 0.993026 0.000175
3 3 0.000067 0.000285 0.008704 0.990670 0.000275
3 3 0.000045 0.000200 0.007096 0.992462 0.000197
3 3 0.000004 0.000040 0.008661 0.991260 0.000036
3 3 0.000054 0.000237 0.007839 0.991638 0.000232
3 3 0.000040 0.000181 0.006718 0.992880 0.000180
3 3 0.000721 0.002296 0.036618 0.959118 0.001248
3 3 0.004475 0.011485 0.100822 0.878728 0.004489
0 0 0.535492 0.196498 0.234698 0.010859 0.022454
2 0 0.101062 0.194549 0.508775 0.027028 0.168586
1 2 0.032181 0.396476 0.256979 0.033735 0.280629
1 2 0.013325 0.332419 0.330411 0.049620 0.274225
0 2 0.367706 0.179596 0.298979 0.031040 0.122679
0 2 0.831883 0.116604 0.009756 0.000000 0.041756
0 2 0.572743 0.277816 0.029902 0.000003 0.119536
0 2 0.440826 0.246585 0.016424 0.000000 0.296165
0 2 0.812350 0.115742 0.028737 0.000086 0.043086
0 2 0.572952 0.220955 0.039583 0.000049 0.166461
0 2 0.392994 0.363392 0.110065 0.000694 0.132856
1 2 0.075332 0.508216 0.161829 0.001654 0.252969
1 2 0.016946 0.455684 0.177310 0.005825 0.344236
4 2 0.063973 0.313583 0.196704 0.027657 0.398082
0 2 0.379102 0.245485 0.129110 0.003716 0.242588
0 2 0.359516 0.304722 0.068594 0.000079 0.267090
4 2 0.013364 0.393204 0.114988 0.001590 0.476854
1 2 0.016933 0.447024 0.167670 0.004980 0.363394
4 2 0.012831 0.394950 0.132255 0.001784 0.458180
1 2 0.008063 0.427046 0.162577 0.001679 0.400636
4 2 0.020649 0.354082 0.105758 0.001875 0.517636
4 2 0.034031 0.391984 0.154325 0.007036 0.412625
0 2 0.442509 0.208927 0.058364 0.000258 0.289941
4 2 0.024861 0.284678 0.081938 0.001352 0.607171
4 2 0.017478 0.175326 0.043183 0.000197 0.763816
4 2 0.030316 0.117798 0.020612 0.000128 0.831146
4 2 0.013345 0.044670 0.011788 0.000073 0.930124
4 4 0.021463 0.075673 0.041912 0.001297 0.859655
4 4 0.021358 0.061697 0.027819 0.000590 0.888536
4 4 0.041776 0.068715 0.014677 0.000144 0.874689
4 4 0.035212 0.093603 0.044784 0.001571 0.824830
4 4 0.041487 0.099133 0.020085 0.000190 0.839104
4 4 0.019065 0.090323 0.014927 0.000059 0.875627
4 4 0.019223 0.060704 0.041188 0.001605 0.877281
4 4 0.047320 0.125850 0.106327 0.013063 0.707441
4 4 0.050741 0.236886 0.139168 0.012214 0.560991
4 4 0.018440 0.170463 0.151181 0.011924 0.647992
4 4 0.017352 0.138529 0.067329 0.001422 0.775368
4 4 0.071861 0.349482 0.171493 0.010348 0.396817
4 4 0.036214 0.238921 0.107685 0.002506 0.614674
4 4 0.020865 0.248801 0.135043 0.005683 0.589608
4 4 0.020698 0.202790 0.048251 0.000444 0.727817
4 4 0.046609 0.145493 0.063561 0.002567 0.741770
4 4 0.044948 0.222782 0.115428 0.007152 0.609690
4 4 0.019209 0.136879 0.146678 0.015357 0.681877
4 4 0.024109 0.072093 0.021474 0.000254 0.882070
4 4 0.097323 0.119748 0.032233 0.000927 0.749769
4 4 0.304884 0.290110 0.044824 0.000043 0.360139
0 0 0.805684 0.105774 0.021898 0.000045 0.066599
4 2 0.152503 0.146001 0.035758 0.000693 0.665044
4 2 0.092375 0.102925 0.021874 0.000342 0.782484
0 2 0.610514 0.179915 0.024905 0.000013 0.184653
4 2 0.028452 0.284591 0.077963 0.001294 0.607699
0 2 0.751029 0.065974 0.044525 0.003012 0.135459
0 2 0.830836 0.104459 0.022959 0.000043 0.041703
4 2 0.100499 0.073803 0.027639 0.001287 0.796772
4 2 0.126130 0.145805 0.042505 0.001785 0.683775
4 2 0.158545 0.114716 0.032372 0.001454 0.692914
0 2 0.485684 0.086620 0.013408 0.000038 0.414250
0 2 0.817284 0.060635 0.011428 0.000037 0.110616
0 2 0.986747 0.002267 0.000191 0.000000 0.010795
0 2 0.990503 0.001905 0.000145 0.000000 0.007447
0 2 0.967225 0.012990 0.000550 0.000000 0.019235
0 2 0.988113 0.005549 0.000291 0.000000 0.006048
0 2 0.959920 0.008473 0.000669 0.000000 0.030938
4 2 0.083129 0.278418 0.074003 0.001055 0.563394
1 2 0.010919 0.478802 0.174492 0.003997 0.331789
4 2 0.015066 0.335808 0.212971 0.012143 0.424011
4 2 0.021033 0.364800 0.114106 0.002275 0.497786
4 2 0.017304 0.390441 0.137105 0.003138 0.452011
1 2 0.012103 0.459167 0.229544 0.006324 0.292862
1 2 0.023789 0.402126 0.207651 0.010620 0.355814
1 2 0.005180 0.381506 0.335793 0.007316 0.270205
1 2 0.024293 0.436261 0.191112 0.009698 0.338635
2 2 0.002907 0.286169 0.494708 0.004881 0.211335
1 2 0.023270 0.391166 0.271725 0.032307 0.281532
1 2 0.008791 0.438614 0.222821 0.001945 0.327830
1 2 0.014133 0.431306 0.282284 0.010039 0.262238
1 2 0.010325 0.389547 0.310226 0.019526 0.270377
1 2 0.008942 0.392313 0.302428 0.005798 0.290520
2 2 0.005671 0.288956 0.467929 0.009122 0.228322
1 2 0.009626 0.403174 0.317103 0.006294 0.263803
1 2 0.011617 0.373457 0.333901 0.026084 0.254941
0 2 0.491991 0.360884 0.123676 0.000222 0.023227
1 0 0.037748 0.648960 0.241522 0.000029 0.071741
1 2 0.008191 0.443351 0.441466 0.001581 0.105411
2 2 0.012425 0.349483 0.441834 0.018718 0.177540
2 2 0.006945 0.295313 0.514647 0.017546 0.165549
2 2 0.006049 0.245016 0.571417 0.033569 0.143949
2 2 0.007673 0.231989 0.642398 0.021289 0.096651
2 2 0.001188 0.082487 0.845109 0.033667 0.037549
2 2 0.005534 0.140627 0.779258 0.035196 0.039385
2 2 0.003995 0.181071 0.746086 0.016353 0.052496
2 2 0.001236 0.085033 0.869573 0.018735 0.025423
2 2 0.001943 0.104721 0.870845 0.006026 0.016465
2 2 0.003299 0.066921 0.892501 0.028066 0.009211
2 2 0.002487 0.071062 0.885437 0.026767 0.014248
2 2 0.001849 0.053467 0.935761 0.005496 0.003427
2 2 0.002433 0.054970 0.908789 0.026197 0.007611
2 2 0.008293 0.131899 0.820233 0.021165 0.018411
2 2 0.000841 0.065104 0.919766 0.005140 0.009150
2 2 0.006314 0.125570 0.837177 0.012389 0.018550
2 2 0.009475 0.118044 0.861286 0.004698 0.006497
2 2 0.012018 0.256778 0.657158 0.016226 0.057821
2 2 0.019380 0.342672 0.610504 0.002181 0.025262
2 2 0.001375 0.071788 0.891998 0.018853 0.015986
2 2 0.000414 0.046914 0.915143 0.021730 0.015799
2 2 0.000231 0.023308 0.966494 0.005194 0.004774
2 2 0.001051 0.026353 0.941167 0.026680 0.004749
2 2 0.000472 0.026683 0.955311 0.013821 0.003713
2 2 0.003605 0.044653 0.841314 0.102755 0.007674
2 2 0.001005 0.028534 0.940903 0.026245 0.003314
2 2 0.002959 0.047773 0.863313 0.077468 0.008487
2 2 0.001035 0.035439 0.954954 0.006324 0.002248
2 2 0.000829 0.022744 0.929969 0.043731 0.002727
2 2 0.002899 0.037136 0.903580 0.052326 0.004059
2 2 0.003649 0.032355 0.826429 0.133248 0.004319
2 2 0.004550 0.045721 0.891184 0.054198 0.004346
2 2 0.003287 0.042574 0.913205 0.036580 0.004354
2 2 0.005340 0.043162 0.849526 0.097183 0.004789
2 2 0.003458 0.039155 0.878353 0.074427 0.004607
2 2 0.003957 0.040868 0.847886 0.101394 0.005894
2 2 0.005229 0.039646 0.884082 0.067598 0.003445
2 2 0.010044 0.056710 0.741490 0.183272 0.008485
2 2 0.009549 0.069341 0.843791 0.069115 0.008205
2 2 0.004229 0.028190 0.826265 0.138494 0.002822
2 2 0.003735 0.023904 0.787576 0.182278 0.002507
2 2 0.000692 0.008821 0.726653 0.262449 0.001384
2 2 0.002775 0.027253 0.786946 0.179015 0.004011
2 2 0.001048 0.011130 0.837937 0.148763 0.001121
2 2 0.008085 0.036040 0.556759 0.392066 0.007050
2 2 0.004485 0.036201 0.864270 0.091128 0.003916
2 2 0.006228 0.045360 0.798135 0.143871 0.006406
2 2 0.000902 0.012184 0.866763 0.118916 0.001234
2 2 0.003238 0.023032 0.693135 0.276841 0.003754
2 2 0.005549 0.026736 0.535711 0.426891 0.005113
3 2 0.005921 0.024114 0.459669 0.506077 0.004219
2 2 0.004553 0.024341 0.580951 0.385762 0.004393
2 2 0.010862 0.035584 0.487885 0.460277 0.005393
2 2 0.012873 0.043513 0.648968 0.289977 0.004669
2 2 0.004903 0.033722 0.796120 0.160736 0.004518
2 2 0.006720 0.032085 0.725390 0.232298 0.003507
2 2 0.000923 0.008044 0.734450 0.255796 0.000787
2 2 0.000836 0.007763 0.716363 0.274170 0.000868
3 2 0.008216 0.026167 0.309997 0.649558 0.006062
2 2 0.000281 0.003288 0.619385 0.376686 0.000361
2 2 0.000034 0.000822 0.605678 0.393369 0.000097
2 2 0.000367 0.004106 0.601444 0.393551 0.000532
3 2 0.000880 0.005705 0.327199 0.665116 0.001101
3 2 0.000477 0.004212 0.353241 0.641142 0.000928
2 2 0.000087 0.001559 0.639426 0.358757 0.000171
2 2 0.001583 0.010855 0.547055 0.438805 0.001702
3 2 0.001061 0.007587 0.465320 0.524778 0.001254
2 2 0.000025 0.000697 0.661266 0.337938 0.000075
2 2 0.000286 0.003329 0.554803 0.441131 0.000451
3 2 0.000441 0.003854 0.419124 0.575987 0.000594
2 2 0.000078 0.001327 0.521896 0.476527 0.000172
3 2 0.000087 0.001136 0.337118 0.661490 0.000170
3 2 0.000320 0.003007 0.419950 0.576300 0.000422
3 2 0.000189 0.001557 0.148441 0.849358 0.000455
3 2 0.000063 0.000797 0.188236 0.810713 0.000191
3 2 0.000057 0.000908 0.348038 0.650849 0.000149
3 2 0.000040 0.000670 0.246988 0.752153 0.000149
3 2 0.000212 0.001992 0.254741 0.742637 0.000418
3 2 0.000530 0.004116 0.325184 0.669352 0.000818
3 2 0.000050 0.000803 0.267705 0.731269 0.000174
3 2 0.000183 0.002024 0.307891 0.689474 0.000428
3 2 0.000271 0.002275 0.220381 0.776527 0.000546
3 2 0.000140 0.001695 0.351834 0.646037 0.000294
3 2 0.000119 0.001363 0.232737 0.765455 0.000325
3 2 0.000525 0.003708 0.233860 0.760976 0.000931
3 2 0.000039 0.000633 0.221762 0.777414 0.000153
3 2 0.000084 0.000972 0.177527 0.821155 0.000262
3 2 0.000275 0.002385 0.201740 0.794890 0.000710
3 2 0.000174 0.001673 0.214776 0.782975 0.000402
3 2 0.000106 0.000979 0.110595 0.887974 0.000347
3 2 0.000007 0.000203 0.191390 0.808342 0.000057
3 2 0.000112 0.001230 0.178620 0.819673 0.000365
3 2 0.001032 0.005149 0.179331 0.813088 0.001401
3 2 0.000318 0.002701 0.218563 0.777646 0.000772
3 2 0.000097 0.000654 0.045824 0.953110 0.000314
3 2 0.000024 0.000351 0.111579 0.887936 0.000110
3 2 0.000249 0.001811 0.120742 0.876551 0.000647
3 2 0.000272 0.002200 0.165529 0.831282 0.000717
3 2 0.000131 0.001144 0.118705 0.879639 0.000381
3 2 0.000712 0.004644 0.254638 0.738909 0.001098
3 2 0.000113 0.000852 0.065679 0.932971 0.000385
3 2 0.000092 0.001160 0.231870 0.766593 0.000285
3 2 0.000033 0.000388 0.071730 0.927683 0.000166
3 2 0.000014 0.000263 0.135003 0.864641 0.000079
3 2 0.000130 0.001108 0.103931 0.894419 0.000412
3 2 0.000273 0.001857 0.117202 0.880036 0.000633
3 2 0.000126 0.001164 0.136993 0.861360 0.000358
3 2 0.000023 0.000302 0.063773 0.935759 0.000143
3 2 0.000023 0.000386 0.143719 0.855757 0.000115
3 2 0.000133 0.001246 0.154195 0.844074 0.000352
3 2 0.000217 0.001755 0.145595 0.851869 0.000564
3 2 0.000185 0.001626 0.182577 0.815198 0.000414
3 2 0.000070 0.000509 0.036364 0.962759 0.000299
3 2 0.000037 0.000418 0.071007 0.928361 0.000177
3 2 0.000060 0.000624 0.094727 0.904363 0.000226
3 2 0.000049 0.000559 0.104795 0.894410 0.000187
3 2 0.000102 0.000878 0.091568 0.907126 0.000326
3 2 0.000262 0.001813 0.126427 0.870937 0.000561
3 2 0.000684 0.002695 0.059539 0.935823 0.001259
3 3 0.000037 0.000481 0.114466 0.884862 0.000154
3 3 0.000113 0.001092 0.131181 0.867251 0.000363
3 3 0.000144 0.001313 0.161605 0.836589 0.000349
3 3 0.000024 0.000325 0.077116 0.922395 0.000140
3 3 0.000076 0.000652 0.059684 0.939262 0.000326
3 3 0.000078 0.000673 0.074487 0.924502 0.000260
3 3 0.000029 0.000274 0.036468 0.963083 0.000145
3 3 0.000151 0.001119 0.090030 0.908296 0.000404
3 3 0.000009 0.000157 0.071234 0.928537 0.000063
3 3 0.000110 0.000857 0.069782 0.928874 0.000377
3 3 0.000194 0.001354 0.077397 0.920416 0.000640
3 3 0.000165 0.000793 0.027568 0.970977 0.000498
3 3 0.000040 0.000514 0.115836 0.883441 0.000167
3 3 0.000064 0.000482 0.039190 0.960005 0.000258
3 3 0.000171 0.000908 0.040363 0.958099 0.000459
3 3 0.000061 0.000705 0.116642 0.882337 0.000255
3 3 0.000003 0.000056 0.033427 0.966482 0.000031
3 3 0.000035 0.000340 0.044168 0.955278 0.000179
3 3 0.000054 0.000429 0.041548 0.957754 0.000214
3 3 0.000053 0.000474 0.050095 0.949133 0.000246
3 3 0.000013 0.000117 0.014259 0.985514 0.000097
3 3 0.000014 0.000226 0.072982 0.926681 0.000097
3 3 0.000024 0.000208 0.026043 0.973606 0.000120
3 3 0.000024 0.000181 0.014568 0.985078 0.000149
3 3 0.000023 0.000215 0.025780 0.973843 0.000139
3 3 0.000017 0.000209 0.040600 0.959051 0.000123
3 3 0.000376 0.001317 0.023572 0.973812 0.000923
3 3 0.000047 0.000249 0.013339 0.986187 0.000178
3 3 0.000002 0.000051 0.035270 0.964650 0.000028
3 3 0.001160 0.003591 0.043441 0.949640 0.002168
3 3 0.044918 0.083557 0.315037 0.537161 0.019326
3 3 0.029361 0.072294 0.226417 0.621587 0.050342
3 3 0.030499 0.068080 0.265939 0.614726 0.020756
2 3 0.098422 0.275107 0.595218 0.012749 0.018504
2 3 0.005820 0.105252 0.502558 0.313346 0.073024
4 3 0.018235 0.317016 0.151206 0.004443 0.509100
4 3 0.044200 0.174838 0.148263 0.019919 0.612780
0 0 0.941596 0.041699 0.006129 0.000001 0.010574
0 0 0.932029 0.045767 0.011349 0.000024 0.010831
1 2 0.325828 0.380658 0.058991 0.000033 0.234490
2 2 0.005084 0.343797 0.392255 0.016815 0.242049
2 2 0.013130 0.145040 0.456439 0.148868 0.236523
2 2 0.014570 0.261674 0.378688 0.130603 0.214465
1 2 0.035949 0.397728 0.270490 0.044698 0.251135
2 2 0.007305 0.274201 0.406229 0.091725 0.220539
4 2 0.015958 0.131740 0.200079 0.035238 0.616984
4 2 0.012189 0.076726 0.065275 0.002875 0.842935
4 2 0.028889 0.053201 0.020251 0.000388 0.897270
0 2 0.842708 0.102368 0.019379 0.000017 0.035529
4 2 0.055635 0.054933 0.006805 0.000019 0.882609
4 4 0.015371 0.146905 0.273692 0.078739 0.485294
4 4 0.022224 0.183583 0.304741 0.112144 0.377307
4 4 0.013260 0.193350 0.295811 0.061789 0.435790
4 4 0.019191 0.177912 0.253566 0.054292 0.495039
4 4 0.004659 0.170266 0.207815 0.011951 0.605309
4 4 0.024086 0.020828 0.011982 0.000362 0.942742
