0 0 0.477718 0.154449 0.137928 0.099189 0.130716
0 0 0.554387 0.167557 0.070251 0.035668 0.172137
0 0 0.605911 0.151176 0.062234 0.027400 0.153279
0 0 0.716232 0.112689 0.040767 0.012677 0.117635
0 0 0.704730 0.116404 0.041005 0.013196 0.124665
0 0 0.714737 0.112117 0.037169 0.011473 0.124503
0 0 0.725719 0.109659 0.040956 0.012384 0.111281
0 0 0.605687 0.151400 0.064079 0.028297 0.150537
0 0 0.536236 0.171071 0.059715 0.031214 0.201764
0 0 0.443409 0.179729 0.095850 0.073844 0.207168
0 0 0.452246 0.171795 0.110204 0.084943 0.180812
0 0 0.463939 0.175615 0.114557 0.081458 0.164431
0 0 0.583824 0.156966 0.089110 0.042245 0.127855
0 0 0.769770 0.094355 0.050544 0.013378 0.071953
0 0 0.871128 0.055342 0.031296 0.005117 0.037116
0 0 0.823386 0.073286 0.045677 0.009632 0.048019
0 0 0.827957 0.070081 0.050485 0.010346 0.041131
0 0 0.806354 0.076713 0.060443 0.013573 0.042917
0 0 0.812434 0.076740 0.051218 0.011330 0.048278
0 0 0.781454 0.090350 0.041497 0.010425 0.076275
0 0 0.802325 0.081240 0.028593 0.006413 0.081429
0 0 0.823517 0.071876 0.021825 0.004349 0.078433
0 0 0.807021 0.078576 0.025170 0.005454 0.083779
0 0 0.712189 0.111672 0.034044 0.010454 0.131641
0 0 0.740871 0.097444 0.023724 0.006315 0.131646
0 0 0.624706 0.133648 0.031280 0.011894 0.198472
0 0 0.565176 0.153616 0.038246 0.017415 0.225547
0 0 0.455766 0.219038 0.107494 0.045255 0.172447
0 0 0.466933 0.210358 0.113568 0.050138 0.159002
0 0 0.525631 0.190002 0.085762 0.034699 0.163906
0 0 0.541901 0.170243 0.056471 0.027696 0.203688
0 0 0.475481 0.182467 0.049887 0.029459 0.262706
0 0 0.487693 0.187080 0.060853 0.033628 0.230746
0 0 0.533374 0.169900 0.053616 0.027830 0.215281
0 0 0.491503 0.179888 0.052247 0.029899 0.246462
0 0 0.446685 0.184116 0.045291 0.027257 0.296651
4 0 0.275510 0.160586 0.045339 0.017345 0.501220
4 0 0.253819 0.138757 0.036817 0.010713 0.559894
4 0 0.301626 0.147333 0.028319 0.010733 0.511989
4 0 0.302669 0.156661 0.037443 0.014413 0.488814
0 0 0.455036 0.167655 0.046503 0.020377 0.310429
0 0 0.519649 0.168283 0.046800 0.023617 0.241651
0 0 0.653974 0.127585 0.033244 0.011884 0.173312
0 0 0.560298 0.147403 0.029921 0.013142 0.249236
0 0 0.522457 0.148239 0.024452 0.011218 0.293635
4 0 0.309768 0.141105 0.028380 0.009415 0.511332
4 0 0.340339 0.147776 0.027079 0.010346 0.474460
0 0 0.924402 0.033741 0.018150 0.001966 0.021741
0 0 0.988593 0.003566 0.007028 0.000149 0.000664
0 0 0.987256 0.002801 0.009426 0.000173 0.000344
0 0 0.992051 0.003321 0.003625 0.000070 0.000932
0 0 0.986282 0.006706 0.002640 0.000081 0.004290
0 0 0.975905 0.010981 0.002843 0.000124 0.010147
4 0 0.240442 0.133951 0.023836 0.008352 0.593420
4 0 0.278797 0.146788 0.025693 0.010478 0.538244
4 1 0.304759 0.145950 0.018817 0.008866 0.521609
4 1 0.338650 0.158064 0.023648 0.011944 0.467695
0 1 0.402560 0.171305 0.032323 0.017435 0.376377
0 0 0.460852 0.178508 0.039842 0.023410 0.297387
0 0 0.488632 0.175386 0.043515 0.024321 0.268146
0 1 0.401742 0.231379 0.079754 0.040230 0.246895
0 2 0.294562 0.252700 0.183462 0.042495 0.226782
2 2 0.144448 0.237365 0.370788 0.041623 0.205775
2 2 0.107248 0.220393 0.499697 0.043713 0.128949
2 2 0.068274 0.194509 0.613276 0.040557 0.083384
2 2 0.065169 0.190582 0.619579 0.037823 0.086847
2 2 0.045229 0.160322 0.698168 0.030088 0.066193
2 2 0.037679 0.144250 0.737551 0.026189 0.054332
2 2 0.027490 0.106746 0.799688 0.025977 0.040099
2 2 0.022455 0.084297 0.831414 0.029122 0.032713
2 2 0.022464 0.075526 0.824371 0.048182 0.029457
2 2 0.023279 0.073418 0.809604 0.065271 0.028427
2 2 0.025451 0.071205 0.766004 0.109743 0.027598
2 2 0.026282 0.063648 0.705989 0.177869 0.026213
2 2 0.030238 0.055158 0.520182 0.367667 0.026754
3 3 0.026705 0.039969 0.381373 0.529847 0.022107
3 3 0.023232 0.029659 0.319323 0.607511 0.020274
3 3 0.021890 0.022925 0.247285 0.687277 0.020623
3 3 0.027652 0.024070 0.189349 0.730290 0.028640
3 3 0.066752 0.032859 0.174737 0.681047 0.044605
3 3 0.225350 0.072693 0.246982 0.393569 0.061406
0 0 0.566189 0.127081 0.138668 0.077986 0.090076
0 0 0.718489 0.110237 0.074083 0.023450 0.073741
0 0 0.767859 0.094541 0.035617 0.009265 0.092718
0 0 0.701427 0.109726 0.025919 0.007827 0.155102
0 0 0.452171 0.157924 0.022684 0.012033 0.355188
4 0 0.333046 0.147326 0.019712 0.009074 0.490842
4 1 0.212684 0.131645 0.029543 0.009206 0.616921
4 1 0.152032 0.111348 0.032635 0.007389 0.696596
4 1 0.126733 0.105406 0.047600 0.008388 0.711874
4 2 0.129477 0.108496 0.050364 0.009153 0.702511
4 1 0.124558 0.105965 0.057478 0.009326 0.702674
4 2 0.123097 0.112621 0.099767 0.014355 0.650160
4 2 0.117484 0.136150 0.200057 0.020148 0.526161
2 2 0.084655 0.158249 0.460429 0.023160 0.273508
2 2 0.038834 0.120634 0.739647 0.023225 0.077660
2 2 0.031299 0.094395 0.779526 0.048406 0.046374
2 2 0.027289 0.073509 0.748714 0.121102 0.029386
2 2 0.031248 0.062853 0.547470 0.332176 0.026253
3 2 0.032833 0.046807 0.357328 0.534878 0.028154
3 2 0.029186 0.031375 0.254513 0.657133 0.027793
3 2 0.024703 0.021129 0.184846 0.743763 0.025560
3 2 0.018553 0.012076 0.120635 0.827605 0.021132
3 2 0.015281 0.008571 0.093969 0.863865 0.018314
3 2 0.012795 0.006871 0.086842 0.878058 0.015434
3 2 0.012902 0.006942 0.087164 0.877436 0.015557
3 2 0.010926 0.005646 0.080883 0.889291 0.013254
3 3 0.011047 0.005724 0.081289 0.888543 0.013396
3 3 0.008225 0.003970 0.071057 0.906668 0.010080
3 3 0.007982 0.003826 0.070083 0.908317 0.009792
3 3 0.008529 0.004153 0.072249 0.904631 0.010438
3 3 0.009189 0.004555 0.074760 0.900280 0.011217
3 3 0.007066 0.003290 0.066245 0.914695 0.008705
3 3 0.005119 0.002209 0.057009 0.929284 0.006379
3 3 0.004831 0.002057 0.055481 0.931600 0.006032
3 3 0.005507 0.002417 0.058990 0.926241 0.006844
3 3 0.007082 0.003299 0.066314 0.914582 0.008724
3 3 0.007097 0.003308 0.066381 0.914472 0.008742
3 3 0.023414 0.014618 0.112934 0.821417 0.027617
3 3 0.016404 0.011568 0.136903 0.817235 0.017890
3 3 0.022937 0.011411 0.113287 0.830738 0.021627
3 3 0.021404 0.013061 0.108738 0.831463 0.025333
3 3 0.004513 0.001891 0.053730 0.934219 0.005647
3 3 0.005792 0.002573 0.060398 0.924051 0.007186
3 3 0.005922 0.002644 0.061023 0.923070 0.007341
3 3 0.006367 0.002892 0.063119 0.919750 0.007873
3 3 0.006883 0.003185 0.065445 0.915999 0.008488
3 3 0.006164 0.002779 0.062177 0.921249 0.007631
3 3 0.005693 0.002519 0.059913 0.924808 0.007067
3 3 0.005707 0.002526 0.059983 0.924699 0.007084
3 3 0.005133 0.002217 0.057082 0.929172 0.006396
3 3 0.004672 0.001974 0.054616 0.932898 0.005840
3 3 0.006081 0.002732 0.061783 0.921873 0.007531
3 3 0.010310 0.005254 0.078785 0.893119 0.012533
3 2 0.025913 0.016607 0.117801 0.809232 0.030447
3 2 0.047378 0.034312 0.149164 0.717015 0.052132
3 2 0.071378 0.058888 0.217906 0.590216 0.061612
3 2 0.049103 0.059008 0.282103 0.563234 0.046552
3 2 0.041515 0.053636 0.313342 0.553795 0.037713
3 2 0.038141 0.049213 0.356123 0.518709 0.037814
2 2 0.033789 0.051127 0.497843 0.380526 0.036715
3 2 0.035990 0.052949 0.435587 0.439780 0.035694
3 3 0.036307 0.050130 0.342230 0.539554 0.031779
3 3 0.033787 0.030205 0.195581 0.705297 0.035131
3 3 0.028938 0.019088 0.123235 0.794884 0.033856
3 3 0.035407 0.024647 0.133472 0.765380 0.041095
3 3 0.048830 0.037185 0.150197 0.707862 0.055926
3 3 0.045775 0.040997 0.192182 0.672344 0.048701
3 3 0.042943 0.033789 0.159576 0.715680 0.048011
3 3 0.017906 0.010831 0.106937 0.843326 0.021001
3 3 0.010339 0.005272 0.078884 0.892939 0.012567
3 3 0.008399 0.004074 0.071742 0.905500 0.010285
3 3 0.007519 0.003553 0.068177 0.911509 0.009243
3 3 0.005617 0.002477 0.059538 0.925391 0.006976
3 3 0.006610 0.003029 0.064227 0.917972 0.008162
3 3 0.008763 0.004295 0.073154 0.903073 0.010715
3 3 0.010786 0.005556 0.080414 0.890153 0.013091
3 3 0.007967 0.003817 0.070020 0.908422 0.009774
3 3 0.004152 0.001706 0.051661 0.937270 0.005211
3 3 0.003664 0.001462 0.048702 0.941553 0.004619
3 3 0.003540 0.001402 0.047914 0.942676 0.004468
3 3 0.003641 0.001451 0.048552 0.941766 0.004590
3 3 0.003102 0.001191 0.045003 0.946771 0.003932
3 3 0.003256 0.001264 0.046051 0.945307 0.004121
3 3 0.003487 0.001376 0.047574 0.943159 0.004403
3 3 0.003387 0.001327 0.046920 0.944085 0.004281
3 3 0.003364 0.001316 0.046771 0.944295 0.004253
3 3 0.003788 0.001524 0.049473 0.940446 0.004769
3 3 0.003523 0.001393 0.047805 0.942832 0.004447
3 3 0.002842 0.001069 0.043170 0.949305 0.003614
3 3 0.002496 0.000911 0.040577 0.952829 0.003188
3 3 0.002776 0.001039 0.042689 0.949963 0.003533
3 3 0.003565 0.001414 0.048070 0.942454 0.004497
3 3 0.004141 0.001700 0.051595 0.937367 0.005197
3 3 0.004444 0.001855 0.053342 0.934795 0.005564
3 3 0.004729 0.002003 0.054927 0.932432 0.005909
3 3 0.004639 0.001956 0.054433 0.933172 0.005800
3 3 0.004943 0.002115 0.056078 0.930698 0.006166
3 3 0.003646 0.001453 0.048583 0.941722 0.004596
3 3 0.002999 0.001142 0.044284 0.947769 0.003806
3 3 0.002905 0.001098 0.043620 0.948686 0.003691
3 3 0.003235 0.001254 0.045912 0.945502 0.004096
3 3 0.003191 0.001233 0.045608 0.945927 0.004041
3 3 0.003924 0.001591 0.050306 0.939244 0.004935
3 3 0.003613 0.001437 0.048378 0.942015 0.004556
3 3 0.003720 0.001490 0.049047 0.941058 0.004686
3 3 0.003433 0.001350 0.047221 0.943660 0.004337
3 3 0.003653 0.001457 0.048632 0.941653 0.004605
3 3 0.003169 0.001223 0.045463 0.946131 0.004015
3 3 0.003211 0.001243 0.045747 0.945733 0.004066
3 3 0.003446 0.001356 0.047305 0.943541 0.004353
3 3 0.003197 0.001236 0.045652 0.945866 0.004049
3 3 0.002883 0.001088 0.043462 0.948903 0.003664
3 3 0.003325 0.001297 0.046509 0.944664 0.004205
3 3 0.003469 0.001367 0.047453 0.943331 0.004380
3 3 0.004137 0.001698 0.051572 0.937402 0.005192
3 3 0.004275 0.001768 0.052378 0.936219 0.005360
3 3 0.004580 0.001925 0.054103 0.933664 0.005728
3 3 0.003933 0.001596 0.050360 0.939165 0.004946
3 3 0.003789 0.001524 0.049478 0.940439 0.004770
3 3 0.002904 0.001098 0.043614 0.948694 0.003690
3 3 0.003198 0.001237 0.045659 0.945856 0.004050
3 3 0.003364 0.001316 0.046769 0.944297 0.004253
3 3 0.004012 0.001635 0.050833 0.938478 0.005041
3 3 0.003424 0.001345 0.047161 0.943745 0.004326
3 3 0.003662 0.001461 0.048686 0.941575 0.004616
3 3 0.004622 0.001947 0.054339 0.933311 0.005780
3 3 0.005425 0.002373 0.058576 0.926881 0.006745
3 3 0.005105 0.002202 0.056935 0.929397 0.006361
3 3 0.004572 0.001922 0.054063 0.933724 0.005719
3 3 0.003862 0.001561 0.049929 0.939788 0.004860
3 3 0.003101 0.001191 0.044996 0.946781 0.003931
3 3 0.002998 0.001142 0.044283 0.947771 0.003806
3 3 0.003104 0.001192 0.045016 0.946753 0.003935
3 3 0.004114 0.001687 0.051442 0.937592 0.005165
3 3 0.004485 0.001876 0.053577 0.934447 0.005614
3 3 0.004937 0.002113 0.056050 0.930741 0.006160
3 3 0.004450 0.001858 0.053375 0.934746 0.005571
3 3 0.003572 0.001417 0.048118 0.942386 0.004507
3 3 0.003244 0.001259 0.045972 0.945419 0.004107
3 3 0.003298 0.001285 0.046334 0.944910 0.004173
3 3 0.003556 0.001409 0.048014 0.942535 0.004487
3 3 0.003843 0.001551 0.049808 0.939963 0.004836
3 3 0.004935 0.002111 0.056036 0.930761 0.006157
3 3 0.004665 0.001970 0.054578 0.932955 0.005832
3 3 0.004801 0.002041 0.055318 0.931844 0.005995
3 3 0.005068 0.002182 0.056741 0.929691 0.006317
3 3 0.004131 0.001695 0.051538 0.937450 0.005185
3 3 0.004132 0.001696 0.051545 0.937441 0.005187
3 3 0.003742 0.001501 0.049187 0.940858 0.004713
3 3 0.004540 0.001905 0.053885 0.933988 0.005681
3 3 0.005417 0.002369 0.058540 0.926937 0.006737
3 3 0.006284 0.002846 0.062737 0.920359 0.007774
3 3 0.005912 0.002639 0.060978 0.923141 0.007329
3 3 0.006049 0.002714 0.061630 0.922114 0.007493
3 3 0.005003 0.002147 0.056397 0.930214 0.006238
3 3 0.003794 0.001527 0.049511 0.940392 0.004777
3 3 0.003988 0.001623 0.050690 0.938686 0.005012
3 3 0.017081 0.009848 0.098671 0.854011 0.020387
3 3 0.012951 0.006975 0.087313 0.877145 0.015615
3 3 0.014624 0.008114 0.092163 0.867545 0.017555
3 3 0.015940 0.009034 0.095730 0.860223 0.019074
3 3 0.004001 0.001630 0.050769 0.938572 0.005028
3 3 0.003801 0.001530 0.049553 0.940331 0.004785
3 3 0.003860 0.001559 0.049913 0.939812 0.004856
3 3 0.004530 0.001899 0.053824 0.934079 0.005668
3 3 0.004597 0.001934 0.054201 0.933517 0.005749
3 3 0.004838 0.002060 0.055514 0.931549 0.006039
3 3 0.005064 0.002179 0.056717 0.929728 0.006311
3 3 0.008390 0.004069 0.071707 0.905559 0.010274
3 3 0.028823 0.015805 0.124395 0.802961 0.028017
3 1 0.146891 0.067881 0.216414 0.496577 0.072237
3 2 0.137432 0.075590 0.212831 0.495899 0.078248
3 2 0.078570 0.045565 0.182039 0.635423 0.058403
3 2 0.017233 0.009958 0.099054 0.853193 0.020562
3 2 0.009533 0.004767 0.076025 0.898054 0.011621
3 2 0.012114 0.006627 0.089448 0.877373 0.014437
3 2 0.027129 0.028386 0.245993 0.672512 0.025980
2 2 0.034446 0.063728 0.459381 0.415632 0.026813
2 2 0.045385 0.107602 0.605525 0.199654 0.041833
2 2 0.060514 0.150556 0.616435 0.096973 0.075521
2 2 0.059627 0.162919 0.633275 0.035499 0.108680
2 2 0.063458 0.145785 0.585723 0.020202 0.184832
4 2 0.094910 0.144488 0.343330 0.017946 0.399326
4 2 0.105043 0.151718 0.293535 0.019051 0.430653
4 2 0.098636 0.146260 0.324719 0.018643 0.411742
4 2 0.105261 0.138323 0.278467 0.020556 0.457394
4 2 0.112301 0.145160 0.269092 0.024814 0.448634
4 2 0.121074 0.130605 0.176794 0.021100 0.550427
4 2 0.106674 0.128672 0.237323 0.018419 0.508912
4 2 0.101412 0.118689 0.233335 0.016186 0.530378
2 2 0.079235 0.131940 0.454889 0.020249 0.313687
2 2 0.070935 0.144568 0.548360 0.025058 0.211078
2 2 0.089365 0.162251 0.442152 0.025651 0.280582
4 2 0.110097 0.141318 0.243772 0.018915 0.485899
4 2 0.110724 0.100636 0.108219 0.011829 0.668593
4 2 0.106372 0.096513 0.111924 0.011051 0.674140
4 2 0.118894 0.109699 0.110249 0.014398 0.646760
4 2 0.155120 0.145207 0.085020 0.023296 0.591358
4 2 0.153566 0.139867 0.071422 0.019330 0.615815
4 4 0.132080 0.116292 0.069140 0.012538 0.669950
4 4 0.132096 0.116799 0.071338 0.012871 0.666896
4 2 0.143826 0.137579 0.109244 0.023876 0.585475
2 2 0.103967 0.156751 0.360954 0.030846 0.347482
2 2 0.049592 0.115362 0.667776 0.020696 0.146574
2 2 0.061861 0.116603 0.556106 0.016597 0.248833
2 2 0.078910 0.118418 0.408562 0.016361 0.377751
2 2 0.077624 0.119358 0.411997 0.015113 0.375909
2 2 0.078032 0.120092 0.414569 0.015689 0.371618
2 2 0.096195 0.134370 0.370843 0.028632 0.369959
4 2 0.126078 0.133560 0.279498 0.074014 0.386851
4 2 0.141014 0.144803 0.167610 0.036801 0.509771
4 2 0.111330 0.171586 0.325941 0.028292 0.362850
4 2 0.135955 0.165332 0.178294 0.024807 0.495612
2 2 0.058289 0.123532 0.594716 0.016733 0.206730
2 2 0.048500 0.119982 0.670080 0.017600 0.143838
2 2 0.039468 0.114867 0.733290 0.019679 0.092696
2 2 0.056262 0.153867 0.648833 0.031426 0.109612
2 2 0.091625 0.181540 0.535705 0.047376 0.143755
2 2 0.240955 0.195014 0.251373 0.075122 0.237536
0 1 0.399960 0.199972 0.107410 0.064854 0.227804
2 2 0.215770 0.279194 0.279998 0.049171 0.175867
1 2 0.261661 0.268718 0.170337 0.041316 0.257968
2 2 0.071694 0.162791 0.549012 0.023328 0.193176
2 2 0.060750 0.157957 0.613779 0.022985 0.144530
2 2 0.050251 0.148853 0.674458 0.023868 0.102570
2 2 0.037616 0.129393 0.743470 0.022812 0.066710
2 2 0.035252 0.127149 0.755557 0.022331 0.059711
2 2 0.031001 0.119862 0.778049 0.020180 0.050908
2 2 0.025682 0.105157 0.809333 0.020106 0.039723
2 2 0.032897 0.115763 0.769741 0.034955 0.046644
2 2 0.037551 0.129533 0.738502 0.048322 0.046092
2 2 0.031033 0.110378 0.775716 0.043911 0.038962
2 2 0.023763 0.084157 0.825074 0.030726 0.036281
2 2 0.022286 0.082650 0.832029 0.031065 0.031970
2 2 0.019261 0.071869 0.846805 0.036669 0.025395
2 2 0.025168 0.082278 0.802834 0.058913 0.030807
2 2 0.039572 0.100240 0.678558 0.139984 0.041647
2 2 0.043209 0.100125 0.597589 0.220255 0.038823
2 2 0.036259 0.090426 0.653648 0.186400 0.033266
2 2 0.028081 0.075259 0.721886 0.147513 0.027261
2 2 0.027828 0.073435 0.747574 0.120303 0.030859
2 2 0.033608 0.084116 0.704686 0.141444 0.036147
2 2 0.029527 0.070786 0.686726 0.183845 0.029115
2 2 0.032018 0.064911 0.607373 0.264553 0.031145
3 2 0.042650 0.072354 0.417165 0.432756 0.035075
3 2 0.047104 0.054280 0.269195 0.584155 0.045267
3 2 0.083827 0.077885 0.208630 0.547744 0.081913
0 1 0.237646 0.187191 0.168514 0.231312 0.175337
2 2 0.105902 0.262206 0.423921 0.112183 0.095788
2 2 0.080637 0.214818 0.537517 0.071306 0.095721
2 2 0.035034 0.097751 0.747581 0.073401 0.046233
2 2 0.039016 0.096185 0.689999 0.130537 0.044264
2 2 0.049262 0.105115 0.557654 0.242234 0.045735
3 2 0.077086 0.124138 0.349530 0.381420 0.067826
3 2 0.174016 0.104038 0.216712 0.408855 0.096380
0 1 0.337668 0.120981 0.193226 0.231551 0.116574
0 1 0.490519 0.186638 0.083050 0.050148 0.189646
0 1 0.382985 0.213804 0.078580 0.062256 0.262374
4 2 0.239654 0.240823 0.095403 0.069671 0.354449
2 2 0.077023 0.143600 0.499795 0.023362 0.256221
2 2 0.041972 0.113776 0.711685 0.016713 0.115854
2 2 0.034639 0.096941 0.751461 0.013483 0.103476
2 2 0.024995 0.081184 0.816350 0.012806 0.064664
2 2 0.025402 0.075289 0.818931 0.018710 0.061668
2 2 0.025664 0.073940 0.819070 0.028795 0.052531
2 2 0.028155 0.083225 0.803168 0.034826 0.050625
2 2 0.029550 0.084337 0.786176 0.056095 0.043841
2 2 0.045262 0.102253 0.646524 0.154259 0.051703
2 2 0.050268 0.092878 0.510892 0.297055 0.048907
3 2 0.041651 0.070114 0.413408 0.440699 0.034128
2 2 0.032375 0.059088 0.486908 0.394708 0.026921
3 2 0.032473 0.053121 0.427998 0.459157 0.027251
3 2 0.029924 0.039401 0.328224 0.576158 0.026293
3 2 0.031592 0.030168 0.215577 0.690873 0.031790
3 2 0.025120 0.018119 0.142325 0.786450 0.027986
3 2 0.022055 0.013650 0.111323 0.826973 0.025999
3 2 0.027971 0.018472 0.123543 0.797388 0.032626
2 2 0.066858 0.114248 0.383286 0.378851 0.056758
2 2 0.034365 0.069232 0.492413 0.378082 0.025907
0 2 0.620831 0.100097 0.152980 0.070724 0.055368
0 0 0.797692 0.083332 0.049512 0.011717 0.057747
0 1 0.618444 0.147164 0.074081 0.031869 0.128441
0 2 0.586651 0.163820 0.070138 0.027705 0.151685
2 2 0.086965 0.148535 0.575716 0.086439 0.102345
2 2 0.112729 0.129899 0.534632 0.128931 0.093809
2 0 0.180918 0.171883 0.418955 0.133010 0.095235
2 1 0.232478 0.254995 0.324515 0.074923 0.113089
2 2 0.149345 0.250502 0.433679 0.060918 0.105556
2 2 0.056658 0.180677 0.645776 0.039149 0.077740
2 2 0.048675 0.141785 0.682781 0.063443 0.063317
2 2 0.037210 0.118312 0.738542 0.060450 0.045487
2 2 0.035360 0.127010 0.747369 0.049290 0.040971
2 2 0.030835 0.126550 0.772632 0.033096 0.036886
2 2 0.022516 0.097658 0.825534 0.025025 0.029266
2 2 0.021838 0.080478 0.831166 0.037819 0.028700
2 2 0.036569 0.089012 0.696821 0.136190 0.041408
3 2 0.057935 0.077587 0.312020 0.499118 0.053340
3 2 0.063540 0.052354 0.163495 0.648683 0.071927
3 0 0.147660 0.129359 0.182896 0.397594 0.142490
0 0 0.282721 0.227805 0.136159 0.145506 0.207809
0 1 0.321363 0.261196 0.159829 0.082277 0.175336
4 1 0.295409 0.218065 0.124824 0.046884 0.314818
2 2 0.125982 0.223303 0.332354 0.047190 0.271171
2 2 0.058401 0.161354 0.640564 0.052959 0.086722
2 2 0.046175 0.119095 0.694702 0.074874 0.065153
2 2 0.050506 0.124221 0.657684 0.104435 0.063154
2 2 0.046190 0.119331 0.686689 0.087880 0.059911
2 2 0.036565 0.114538 0.752055 0.042446 0.054396
2 2 0.032285 0.103353 0.777066 0.036618 0.050678
2 2 0.034970 0.096983 0.762719 0.047499 0.057829
2 2 0.045846 0.106778 0.675760 0.111552 0.060063
2 2 0.042393 0.089000 0.613597 0.210361 0.044649
2 2 0.045016 0.089283 0.582862 0.235567 0.047272
2 2 0.052347 0.117971 0.566785 0.214376 0.048521
2 2 0.059398 0.149121 0.573823 0.162267 0.055391
2 2 0.058059 0.175040 0.607196 0.105706 0.053998
2 2 0.052239 0.175552 0.658758 0.051927 0.061524
2 2 0.044652 0.163958 0.698630 0.033778 0.058983
2 2 0.037995 0.142922 0.736873 0.026181 0.056029
2 2 0.033362 0.114170 0.769804 0.029194 0.053470
2 2 0.047137 0.106123 0.672411 0.109301 0.065029
2 2 0.050053 0.089835 0.518004 0.290745 0.051363
2 2 0.047372 0.090967 0.526327 0.290470 0.044863
2 2 0.041832 0.122170 0.709427 0.076348 0.050224
2 2 0.032704 0.120222 0.770442 0.026687 0.049945
2 2 0.039203 0.140713 0.732674 0.026570 0.060839
2 2 0.034081 0.126514 0.761136 0.021602 0.056667
2 2 0.029248 0.113131 0.789362 0.022092 0.046167
2 2 0.029227 0.096123 0.793600 0.036208 0.044842
2 2 0.033664 0.089712 0.751435 0.079936 0.045253
2 2 0.037759 0.088632 0.690997 0.138276 0.044335
2 2 0.031562 0.081242 0.731927 0.119170 0.036100
2 2 0.030514 0.078439 0.706968 0.153646 0.030433
2 2 0.038570 0.091606 0.620252 0.215168 0.034404
2 2 0.037371 0.089828 0.667072 0.167523 0.038206
2 2 0.028540 0.078288 0.764465 0.094515 0.034193
2 2 0.024604 0.068163 0.800694 0.073078 0.033461
2 2 0.042909 0.085006 0.581565 0.246476 0.044044
3 2 0.045062 0.054453 0.286874 0.571284 0.042327
3 2 0.039239 0.037839 0.216020 0.666914 0.039988
3 2 0.035532 0.033821 0.213410 0.681109 0.036128
3 2 0.029337 0.024729 0.180276 0.734720 0.030937
3 2 0.027409 0.024711 0.199393 0.720534 0.027952
3 2 0.024222 0.025529 0.249094 0.678224 0.022931
3 2 0.027782 0.035330 0.315968 0.596306 0.024613
3 2 0.085617 0.043379 0.189657 0.627341 0.054006
3 2 0.189490 0.083488 0.231536 0.419862 0.075625
0 0 0.554583 0.150625 0.101741 0.057932 0.135119
0 0 0.578602 0.160171 0.075428 0.036139 0.149660
0 0 0.712601 0.114763 0.045313 0.014409 0.112914
0 1 0.614324 0.145251 0.046801 0.019521 0.174102
0 1 0.461964 0.188474 0.055443 0.034401 0.259717
0 1 0.295100 0.260998 0.130409 0.078177 0.235318
2 2 0.160817 0.249565 0.374699 0.068553 0.146366
2 2 0.082214 0.196306 0.547548 0.047935 0.125997
2 2 0.070920 0.166732 0.568259 0.105368 0.088722
2 2 0.080838 0.154186 0.498708 0.165651 0.100617
2 2 0.059510 0.122544 0.585195 0.160268 0.072483
2 2 0.052208 0.131628 0.619028 0.144383 0.052754
2 2 0.045841 0.129786 0.662407 0.116500 0.045466
2 2 0.047086 0.157813 0.680988 0.062709 0.051404
2 2 0.044376 0.170233 0.696072 0.034665 0.054654
2 2 0.036481 0.136098 0.746523 0.024291 0.056607
2 2 0.042131 0.136979 0.719870 0.025127 0.075893
2 2 0.063651 0.194385 0.608522 0.042785 0.090657
2 2 0.130980 0.222767 0.497424 0.074808 0.074021
0 0 0.352470 0.222509 0.210773 0.104097 0.110151
0 0 0.510444 0.176252 0.111914 0.064232 0.137158
0 0 0.380706 0.252806 0.158326 0.058441 0.149721
0 0 0.324839 0.277059 0.187325 0.065253 0.145523
2 1 0.168270 0.250554 0.274704 0.089445 0.217027
2 1 0.088010 0.154451 0.442381 0.212310 0.102848
2 1 0.068116 0.124892 0.519996 0.205707 0.081289
2 2 0.055337 0.119279 0.613419 0.143688 0.068276
2 2 0.040607 0.102988 0.727799 0.064835 0.063771
2 2 0.033718 0.093959 0.768497 0.049241 0.054585
2 2 0.039969 0.106460 0.736771 0.049018 0.067783
2 2 0.041980 0.109146 0.720004 0.065574 0.063295
2 2 0.034756 0.098406 0.755696 0.062163 0.048979
2 2 0.031143 0.103326 0.782750 0.034841 0.047941
2 2 0.026887 0.108711 0.802139 0.019896 0.042367
2 2 0.024898 0.107784 0.810886 0.014585 0.041847
2 2 0.020238 0.092918 0.839353 0.010934 0.036556
2 2 0.025899 0.099024 0.811121 0.019102 0.044854
2 2 0.037317 0.105868 0.741923 0.063121 0.051769
2 2 0.049291 0.093384 0.515483 0.295086 0.046756
2 2 0.042779 0.081517 0.482090 0.358164 0.035451
2 2 0.036224 0.081484 0.677525 0.163794 0.040973
2 2 0.033774 0.095648 0.766652 0.051610 0.052316
2 2 0.040384 0.115753 0.735517 0.036569 0.071777
2 2 0.042825 0.125340 0.721559 0.037906 0.072370
2 2 0.033489 0.116902 0.768313 0.025664 0.055632
2 2 0.035602 0.119897 0.757376 0.028952 0.058173
2 2 0.036800 0.125247 0.749855 0.029552 0.058547
2 2 0.040926 0.124360 0.730337 0.039389 0.064988
2 2 0.056339 0.128840 0.631146 0.109105 0.074570
2 2 0.106281 0.155070 0.455911 0.184841 0.097897
0 1 0.298407 0.242150 0.202960 0.120696 0.135787
2 1 0.135291 0.176650 0.463445 0.174771 0.049843
2 2 0.060909 0.105763 0.530590 0.248025 0.054713
2 2 0.077339 0.166224 0.513018 0.157991 0.085428
2 2 0.062369 0.130266 0.514615 0.233912 0.058837
2 2 0.063987 0.171248 0.564726 0.141583 0.058457
2 2 0.055358 0.189163 0.635077 0.063119 0.057282
2 2 0.042093 0.170092 0.704918 0.033070 0.049827
2 2 0.037597 0.144678 0.737585 0.024786 0.055355
2 2 0.027363 0.114885 0.796435 0.016602 0.044715
2 2 0.025752 0.109858 0.806038 0.015228 0.043124
2 2 0.024677 0.107918 0.812353 0.018661 0.036391
2 2 0.023183 0.102676 0.821319 0.020794 0.032028
2 2 0.021950 0.095909 0.829161 0.024263 0.028717
2 2 0.021409 0.092531 0.833062 0.024931 0.028068
2 2 0.024380 0.079906 0.798789 0.069550 0.027375
2 2 0.039986 0.094380 0.597330 0.234332 0.033972
2 2 0.045226 0.082752 0.439703 0.396165 0.036154
3 2 0.042271 0.071236 0.413053 0.438777 0.034663
2 2 0.048303 0.083993 0.416650 0.411472 0.039582
2 2 0.047815 0.087957 0.437683 0.388217 0.038328
2 2 0.042112 0.074250 0.430398 0.419306 0.033934
3 2 0.033716 0.054432 0.406067 0.478188 0.027598
3 2 0.029537 0.052039 0.445901 0.449387 0.023136
3 2 0.034700 0.042424 0.297598 0.593504 0.031774
3 2 0.096489 0.047853 0.219010 0.585025 0.051622
3 2 0.296357 0.072743 0.257461 0.319651 0.053788
0 1 0.509750 0.123425 0.186866 0.110578 0.069382
0 1 0.596387 0.155349 0.126754 0.039394 0.082116
0 1 0.423484 0.233709 0.195539 0.048852 0.098416
2 2 0.128223 0.243388 0.430916 0.104373 0.093100
2 2 0.081109 0.194727 0.467155 0.188302 0.068706
2 2 0.051653 0.141260 0.620168 0.138959 0.047959
2 2 0.041733 0.133363 0.712860 0.062912 0.049134
2 2 0.061653 0.162131 0.615931 0.083004 0.077281
2 2 0.066625 0.152599 0.584384 0.111922 0.084470
2 2 0.058227 0.125404 0.583502 0.167402 0.065465
2 2 0.039344 0.115517 0.712633 0.088894 0.043611
2 2 0.025807 0.090839 0.805790 0.044630 0.032934
2 2 0.028725 0.102740 0.791413 0.038946 0.038177
2 2 0.028864 0.108662 0.791392 0.030930 0.040153
2 2 0.028445 0.107780 0.794535 0.028073 0.041167
2 2 0.043963 0.148062 0.709027 0.031369 0.067579
2 2 0.050522 0.169377 0.672114 0.038791 0.069197
2 2 0.044932 0.158734 0.699987 0.034938 0.061408
2 2 0.035596 0.137907 0.749482 0.026247 0.050769
2 2 0.027381 0.106852 0.800615 0.018902 0.046250
2 2 0.025811 0.098035 0.811754 0.023960 0.040440
2 2 0.031081 0.103064 0.780131 0.042050 0.043675
2 2 0.031568 0.099332 0.765387 0.065760 0.037952
2 2 0.031092 0.085920 0.756103 0.088974 0.037910
2 2 0.031902 0.080601 0.745785 0.100880 0.040832
2 2 0.032741 0.078109 0.728649 0.119306 0.041196
2 2 0.030924 0.074811 0.745897 0.107909 0.040459
2 2 0.034348 0.078057 0.705990 0.139483 0.042122
2 2 0.046148 0.089107 0.509663 0.313904 0.041178
3 2 0.033892 0.041440 0.298079 0.595612 0.030977
3 2 0.019812 0.014056 0.138629 0.805656 0.021846
3 3 0.011752 0.006181 0.083589 0.884260 0.014219
3 3 0.012349 0.006574 0.085472 0.880690 0.014915
3 3 0.023502 0.017877 0.154712 0.778442 0.025468
3 3 0.031980 0.041578 0.322156 0.575899 0.028387
3 3 0.031685 0.054926 0.436889 0.451388 0.025112
2 2 0.034295 0.070572 0.500543 0.368943 0.025648
2 2 0.030228 0.079006 0.650069 0.216595 0.024101
2 2 0.026058 0.074289 0.761034 0.111274 0.027346
2 2 0.033759 0.077179 0.688482 0.162891 0.037689
3 2 0.042357 0.059114 0.399246 0.456615 0.042668
3 2 0.024398 0.017885 0.146023 0.784760 0.026934
3 2 0.016528 0.009452 0.097262 0.857007 0.019751
3 2 0.012853 0.006909 0.087017 0.877720 0.015501
3 2 0.029888 0.019883 0.124849 0.790456 0.034923
3 2 0.074877 0.095801 0.280532 0.476975 0.071816
2 2 0.066510 0.139405 0.602515 0.077158 0.114412
4 2 0.104351 0.142529 0.305282 0.023013 0.424825
4 4 0.102972 0.081817 0.042014 0.004689 0.768508
4 4 0.100458 0.078784 0.038804 0.004186 0.777768
4 4 0.104474 0.076671 0.020889 0.002990 0.794976
4 4 0.106728 0.082217 0.030974 0.004107 0.775973
4 4 0.112543 0.085822 0.026563 0.004176 0.770896
4 4 0.114132 0.086318 0.024295 0.004059 0.771196
4 4 0.101535 0.079891 0.039383 0.004335 0.774856
4 4 0.100427 0.077048 0.032218 0.003671 0.786636
4 4 0.100458 0.078553 0.037855 0.004113 0.779021
4 4 0.110658 0.085625 0.030752 0.004443 0.768521
4 4 0.110332 0.083506 0.025531 0.003881 0.776750
4 4 0.111284 0.084633 0.026328 0.004043 0.773712
4 4 0.141333 0.081374 0.013367 0.002394 0.761532
4 4 0.129342 0.083969 0.018607 0.003122 0.764959
4 4 0.114420 0.084632 0.019949 0.003573 0.777426
4 4 0.239074 0.128010 0.022365 0.007198 0.603354
4 4 0.192915 0.133064 0.020159 0.008645 0.645217
4 4 0.283610 0.146878 0.017185 0.008927 0.543399
4 4 0.208719 0.130751 0.021630 0.008087 0.630812
4 4 0.271435 0.137783 0.019843 0.007993 0.562946
4 4 0.243437 0.118837 0.021491 0.005718 0.610517
4 4 0.206953 0.115943 0.022014 0.005867 0.649222
4 4 0.241869 0.110044 0.011832 0.003724 0.632531
4 4 0.135478 0.095010 0.015646 0.003946 0.749920
4 4 0.129686 0.092926 0.012757 0.003561 0.761069
4 4 0.114696 0.088146 0.027718 0.004495 0.764945
4 4 0.122428 0.098303 0.036865 0.006418 0.735986
4 4 0.126894 0.106414 0.050079 0.008784 0.707830
4 4 0.118722 0.103126 0.071733 0.009876 0.696542
4 4 0.110768 0.096981 0.082826 0.009381 0.700043
4 4 0.109134 0.090200 0.054039 0.006461 0.740165
4 4 0.091384 0.074667 0.060640 0.004676 0.768633
4 4 0.088029 0.070151 0.051620 0.003814 0.786386
4 4 0.110830 0.093841 0.064187 0.007648 0.723493
4 4 0.129429 0.105592 0.039025 0.007661 0.718294
4 4 0.120128 0.099357 0.048173 0.007458 0.724884
4 4 0.107901 0.090422 0.061156 0.006912 0.733610
4 4 0.114957 0.094080 0.046782 0.006564 0.737616
4 4 0.106036 0.085671 0.046550 0.005406 0.756336
4 4 0.095831 0.079983 0.068027 0.005690 0.750468
4 4 0.091477 0.078032 0.084681 0.006086 0.739724
4 4 0.118932 0.102822 0.069057 0.009619 0.699569
4 4 0.143401 0.129658 0.074951 0.016679 0.635311
4 1 0.286443 0.196075 0.079832 0.042946 0.394704
1 1 0.170506 0.280736 0.249691 0.060636 0.238431
4 2 0.144482 0.253567 0.272845 0.052247 0.276858
2 2 0.088500 0.178192 0.456440 0.024636 0.252232
2 2 0.079229 0.177666 0.601602 0.029174 0.112329
2 1 0.107078 0.219248 0.442190 0.040246 0.191238
2 1 0.081830 0.200136 0.519806 0.033707 0.164521
2 2 0.081990 0.175901 0.504821 0.028465 0.208824
2 2 0.075949 0.146085 0.519979 0.026629 0.231358
2 2 0.078162 0.145797 0.510395 0.028684 0.236963
2 2 0.069193 0.135094 0.546778 0.023063 0.225873
2 2 0.068305 0.123081 0.516231 0.017633 0.274749
2 2 0.068899 0.113923 0.476964 0.014828 0.325386
2 2 0.067429 0.107829 0.469641 0.013814 0.341288
2 2 0.066565 0.112841 0.498657 0.015139 0.306797
2 2 0.063485 0.118242 0.542238 0.016211 0.259824
2 2 0.065144 0.121203 0.535312 0.016749 0.261592
2 2 0.058137 0.119646 0.591655 0.016661 0.213900
2 2 0.056533 0.116070 0.596754 0.015767 0.214875
2 2 0.050064 0.111559 0.643934 0.015231 0.179212
2 2 0.050602 0.111338 0.645739 0.016821 0.175501
2 2 0.047511 0.112246 0.675361 0.018361 0.146521
2 2 0.048954 0.112246 0.661915 0.017517 0.159368
2 2 0.059650 0.121015 0.583649 0.017293 0.218393
2 2 0.066219 0.121812 0.530511 0.017374 0.264085
2 2 0.068916 0.122495 0.503115 0.016426 0.289048
2 2 0.064785 0.121108 0.541750 0.017405 0.254952
2 2 0.063957 0.120831 0.553222 0.018404 0.243586
2 2 0.066365 0.122760 0.549688 0.021587 0.239601
2 2 0.047659 0.111756 0.682173 0.021926 0.136485
2 2 0.039506 0.106051 0.738161 0.025570 0.090712
2 2 0.032716 0.112480 0.771714 0.019006 0.064084
2 2 0.034007 0.114933 0.764800 0.019990 0.066271
2 2 0.036630 0.113951 0.748413 0.018047 0.082959
2 2 0.033053 0.098838 0.763606 0.013566 0.090938
2 2 0.039604 0.113868 0.725624 0.015717 0.105188
2 2 0.039807 0.119960 0.729849 0.018673 0.091712
2 2 0.040325 0.128526 0.731126 0.024912 0.075110
2 2 0.039459 0.138311 0.732508 0.026354 0.063368
2 2 0.030344 0.114283 0.782854 0.018040 0.054480
2 2 0.024831 0.095807 0.815406 0.013263 0.050694
2 2 0.021219 0.084531 0.836985 0.010557 0.046709
2 2 0.022129 0.090942 0.830642 0.011570 0.044716
2 2 0.024128 0.089081 0.823630 0.023116 0.040044
2 2 0.028783 0.086666 0.794589 0.045842 0.044120
2 2 0.025527 0.076687 0.812994 0.044912 0.039879
2 2 0.023579 0.073736 0.826888 0.037376 0.038420
2 2 0.022320 0.072894 0.830566 0.041479 0.032741
2 2 0.030388 0.090339 0.770327 0.071044 0.037902
2 2 0.038200 0.090219 0.665015 0.166540 0.040025
2 2 0.050620 0.092003 0.474254 0.337349 0.045774
3 2 0.037603 0.054663 0.361023 0.514370 0.032342
3 2 0.025017 0.027181 0.259339 0.665018 0.023445
3 2 0.023888 0.019798 0.176372 0.754954 0.024988
3 2 0.032231 0.031156 0.219126 0.685169 0.032319
3 2 0.024938 0.030737 0.305230 0.616904 0.022192
3 3 0.025464 0.033549 0.330761 0.588131 0.022095
3 3 0.030911 0.036065 0.282532 0.621901 0.028591
3 3 0.028126 0.026517 0.212526 0.704626 0.028205
3 3 0.020162 0.014336 0.139139 0.804124 0.022239
3 3 0.016717 0.009668 0.099128 0.854592 0.019895
3 3 0.014433 0.008844 0.108672 0.851475 0.016576
3 3 0.009981 0.005475 0.089152 0.883670 0.011721
3 3 0.009091 0.004495 0.074394 0.900920 0.011101
3 3 0.009652 0.004841 0.076456 0.897290 0.011761
3 3 0.010254 0.005218 0.078591 0.893468 0.012468
3 3 0.011121 0.005772 0.081535 0.888089 0.013483
3 3 0.012364 0.006584 0.085518 0.880602 0.014932
3 3 0.011258 0.005860 0.081987 0.887252 0.013643
3 3 0.011517 0.006028 0.082831 0.885681 0.013944
3 3 0.013763 0.007523 0.089714 0.872442 0.016557
3 3 0.019602 0.011698 0.104728 0.840696 0.023276
3 3 0.020932 0.014230 0.129566 0.811669 0.023603
3 3 0.018857 0.013651 0.143032 0.803919 0.020541
3 3 0.013481 0.007782 0.098230 0.864693 0.015813
3 3 0.010769 0.005545 0.080355 0.890260 0.013070
3 3 0.008758 0.004292 0.073134 0.903107 0.010709
3 3 0.006731 0.003098 0.064771 0.917094 0.008307
3 3 0.006844 0.003163 0.065275 0.916276 0.008442
3 3 0.007922 0.003790 0.069837 0.908731 0.009720
3 3 0.011065 0.005735 0.081347 0.888436 0.013417
3 3 0.012763 0.006849 0.086744 0.878247 0.015397
3 3 0.012836 0.006898 0.086966 0.877819 0.015481
3 3 0.010499 0.005373 0.079437 0.891937 0.012754
3 3 0.008666 0.004236 0.072780 0.903718 0.010600
3 3 0.007025 0.003266 0.066068 0.914984 0.008657
3 3 0.006166 0.002780 0.062183 0.921239 0.007633
3 3 0.007791 0.003712 0.069304 0.909627 0.009566
3 3 0.008849 0.004347 0.073482 0.902506 0.010816
3 3 0.012492 0.006669 0.085915 0.879842 0.015081
3 3 0.023825 0.014941 0.113761 0.819389 0.028084
3 3 0.029060 0.033522 0.279215 0.631326 0.026876
2 3 0.033599 0.059050 0.444250 0.436250 0.026850
2 3 0.031657 0.058050 0.552138 0.327921 0.030233
3 3 0.036483 0.052618 0.374758 0.503616 0.032526
3 3 0.030183 0.031830 0.247716 0.661225 0.029045
3 3 0.025935 0.023104 0.196154 0.728334 0.026473
3 3 0.018769 0.015659 0.178114 0.768221 0.019236
3 3 0.020559 0.016224 0.163736 0.777763 0.021718
3 3 0.022297 0.016723 0.151367 0.785397 0.024215
3 3 0.024017 0.019766 0.174510 0.756499 0.025207
3 3 0.021045 0.019986 0.215632 0.722744 0.020593
3 3 0.023961 0.026792 0.269671 0.657456 0.022121
3 3 0.025430 0.026578 0.246008 0.677736 0.024247
3 3 0.028955 0.028128 0.221542 0.692637 0.028738
3 3 0.025646 0.020794 0.170500 0.755840 0.027220
3 3 0.020691 0.016008 0.158811 0.782437 0.022053
3 3 0.021742 0.018549 0.184302 0.753098 0.022309
3 3 0.025237 0.031379 0.308442 0.612543 0.022399
3 3 0.029749 0.040511 0.341426 0.562535 0.025779
3 3 0.032898 0.032950 0.230017 0.671580 0.032555
3 3 0.030185 0.020133 0.125345 0.789080 0.035257
3 2 0.055910 0.034875 0.160683 0.698329 0.050203
2 2 0.212625 0.186647 0.281459 0.222478 0.096791
2 2 0.105484 0.239997 0.539228 0.062763 0.052528
2 2 0.133391 0.247295 0.435506 0.040931 0.142877
2 2 0.079286 0.152896 0.496916 0.024565 0.246338
2 2 0.070119 0.139103 0.541079 0.022269 0.227429
2 2 0.054951 0.122568 0.634035 0.020927 0.167519
2 2 0.059385 0.136143 0.625757 0.028328 0.150386
2 2 0.108270 0.162301 0.454040 0.107708 0.167680
0 1 0.281200 0.153190 0.189409 0.239619 0.136582
1 1 0.175326 0.238321 0.236022 0.206805 0.143526
2 2 0.097076 0.139292 0.373247 0.323534 0.066852
2 2 0.046241 0.116694 0.704499 0.052558 0.080009
2 2 0.050317 0.126623 0.669551 0.021709 0.131801
2 2 0.042200 0.124099 0.719861 0.022311 0.091529
2 2 0.047757 0.134176 0.692567 0.027454 0.098045
2 2 0.069331 0.164164 0.590237 0.046688 0.129579
2 2 0.095203 0.178656 0.486856 0.112051 0.127234
2 1 0.110169 0.194197 0.475488 0.135461 0.084684
2 2 0.067928 0.170915 0.564972 0.131865 0.064320
2 2 0.075606 0.186163 0.518999 0.145936 0.073296
2 2 0.073272 0.170209 0.502208 0.187555 0.066756
2 2 0.072263 0.186445 0.548007 0.118714 0.074570
2 2 0.060992 0.183232 0.623171 0.049403 0.083202
2 2 0.062100 0.168897 0.619647 0.034209 0.115148
2 2 0.064859 0.153133 0.593533 0.025829 0.162645
2 2 0.061076 0.137199 0.595421 0.019593 0.186711
2 2 0.050109 0.130114 0.663932 0.018047 0.137800
2 2 0.046457 0.127052 0.692076 0.020467 0.113948
2 2 0.042406 0.133867 0.720338 0.027381 0.076007
2 2 0.037917 0.118827 0.746137 0.037186 0.059933
2 2 0.037543 0.107290 0.748573 0.046723 0.059870
2 2 0.043689 0.104805 0.706991 0.077709 0.066805
2 2 0.040196 0.105669 0.722779 0.075489 0.055867
2 2 0.039630 0.112419 0.732913 0.057948 0.057090
2 2 0.041337 0.130840 0.726947 0.030167 0.070709
2 2 0.046540 0.139743 0.698623 0.028209 0.086884
2 2 0.039864 0.116025 0.730536 0.019413 0.094162
2 2 0.042373 0.108183 0.725801 0.035546 0.088098
2 2 0.051233 0.125917 0.680131 0.049513 0.093206
2 2 0.048377 0.135101 0.692395 0.034580 0.089547
2 2 0.052401 0.138457 0.658799 0.021636 0.128707
2 2 0.042315 0.116336 0.704263 0.014521 0.122565
2 2 0.044174 0.120086 0.702309 0.018625 0.114806
2 2 0.039505 0.104420 0.740619 0.031512 0.083944
2 2 0.047773 0.115429 0.695715 0.058408 0.082675
2 2 0.052066 0.134255 0.669877 0.067511 0.076291
2 2 0.040950 0.117121 0.730107 0.047874 0.063948
2 2 0.036620 0.102126 0.756424 0.038278 0.066552
2 2 0.041432 0.097006 0.725379 0.063468 0.072714
2 2 0.045479 0.091292 0.677669 0.114348 0.071212
2 2 0.036604 0.088169 0.742427 0.075396 0.057404
2 2 0.030407 0.081575 0.788113 0.046245 0.053660
2 2 0.033742 0.084402 0.770613 0.047203 0.064040
2 2 0.042782 0.092442 0.711271 0.079397 0.074108
2 2 0.035590 0.076985 0.749945 0.071668 0.065812
2 2 0.026413 0.074810 0.814841 0.028196 0.055740
2 2 0.027279 0.087282 0.804871 0.015840 0.064728
2 2 0.030388 0.102138 0.785106 0.016548 0.065819
2 2 0.032152 0.106632 0.776278 0.019216 0.065721
2 2 0.029581 0.093534 0.794648 0.029730 0.052507
2 2 0.043100 0.100221 0.687788 0.112119 0.056772
3 2 0.049026 0.076103 0.377020 0.455558 0.042293
3 2 0.039649 0.050243 0.307593 0.566351 0.036164
3 2 0.039273 0.032323 0.171785 0.713841 0.042778
3 2 0.080070 0.048138 0.182470 0.628064 0.061258
3 2 0.180725 0.081101 0.229640 0.433491 0.075044
0 1 0.439775 0.165814 0.188682 0.119576 0.086153
0 2 0.310875 0.214379 0.157592 0.151971 0.165182
0 2 0.359337 0.232646 0.092529 0.064968 0.250520
4 2 0.119604 0.110963 0.113564 0.015034 0.640836
4 4 0.106959 0.094412 0.091596 0.009383 0.697651
4 4 0.107780 0.089722 0.058101 0.006628 0.737769
4 4 0.110588 0.088824 0.042111 0.005545 0.752931
4 4 0.122203 0.093517 0.024597 0.004809 0.754874
4 4 0.113148 0.084391 0.021768 0.003692 0.777000
4 4 0.118288 0.089854 0.024089 0.004389 0.763380
4 4 0.118551 0.096602 0.043416 0.006689 0.734742
4 4 0.125397 0.102436 0.041166 0.007370 0.723631
4 4 0.125267 0.104516 0.048916 0.008358 0.712943
4 4 0.123566 0.102616 0.047972 0.007964 0.717881
4 4 0.139613 0.119589 0.051904 0.011500 0.677395
4 4 0.138552 0.115181 0.041368 0.009485 0.695413
4 4 0.129187 0.100715 0.026749 0.005825 0.737524
4 4 0.107879 0.082903 0.029940 0.004111 0.775167
4 4 0.125440 0.098750 0.036472 0.006359 0.732979
4 4 0.216995 0.146473 0.052779 0.015712 0.568041
0 4 0.401872 0.199077 0.050640 0.035950 0.312462
0 4 0.438341 0.172709 0.030540 0.017925 0.340485
0 4 0.411654 0.158115 0.019646 0.011085 0.399500
4 4 0.183798 0.113870 0.017646 0.005510 0.679176
4 4 0.126846 0.091583 0.014065 0.003604 0.763902
4 4 0.105854 0.076653 0.018270 0.002817 0.796407
4 4 0.103238 0.078702 0.029506 0.003679 0.784875
4 4 0.112562 0.087363 0.030886 0.004638 0.764552
4 4 0.132108 0.097471 0.030312 0.005507 0.734602
4 4 0.174249 0.103256 0.015696 0.004181 0.702618
4 4 0.136473 0.087310 0.012701 0.002904 0.760612
4 4 0.127686 0.092869 0.018172 0.004088 0.757185
4 4 0.181687 0.129496 0.031349 0.009848 0.647620
4 4 0.242844 0.148715 0.032367 0.012628 0.563445
4 4 0.312019 0.166166 0.023798 0.014108 0.483909
4 4 0.307462 0.160906 0.029551 0.014058 0.488023
4 4 0.286684 0.174578 0.037288 0.020186 0.481264
4 4 0.252044 0.145516 0.036316 0.012239 0.553885
4 4 0.241219 0.130883 0.020045 0.007314 0.600540
4 4 0.262765 0.119124 0.007736 0.003823 0.606552
4 4 0.120146 0.084280 0.011703 0.002811 0.781060
