0 0 0.431221 0.138290 0.262305 0.047379 0.120806
0 0 0.406076 0.132125 0.243696 0.032745 0.185359
0 0 0.790375 0.081969 0.032287 0.001538 0.093831
0 0 0.526903 0.220839 0.054791 0.004816 0.192651
0 0 0.718960 0.124933 0.027786 0.001264 0.127056
0 0 0.558020 0.120271 0.179174 0.025442 0.117093
0 0 0.591381 0.114091 0.147651 0.023794 0.123084
0 0 0.516945 0.122564 0.180157 0.027136 0.153199
0 0 0.669318 0.097297 0.110064 0.013449 0.109872
0 0 0.628731 0.105661 0.128565 0.017434 0.119608
0 0 0.645760 0.102653 0.121135 0.016165 0.114288
0 0 0.509659 0.128638 0.188869 0.039747 0.133088
0 0 0.578439 0.115459 0.152162 0.027332 0.126608
0 0 0.483539 0.132552 0.202361 0.046196 0.135352
0 0 0.492779 0.131211 0.197578 0.043829 0.134603
0 0 0.551048 0.121687 0.167728 0.030943 0.128594
0 0 0.411575 0.140928 0.262393 0.058132 0.126972
0 0 0.439018 0.138307 0.225493 0.059037 0.138145
0 0 0.455251 0.135134 0.216339 0.048918 0.144357
0 0 0.463873 0.134607 0.212196 0.048928 0.140396
0 0 0.562557 0.119207 0.161552 0.027973 0.128711
0 0 0.485775 0.132232 0.201203 0.045614 0.135176
0 0 0.523722 0.126376 0.181647 0.036571 0.131684
0 0 0.412665 0.135777 0.321180 0.034361 0.096017
0 0 0.474527 0.140392 0.251457 0.026294 0.107330
0 0 0.547397 0.147306 0.155636 0.018226 0.131435
0 0 0.558192 0.154167 0.118214 0.016976 0.152451
0 0 0.618751 0.111883 0.129251 0.018518 0.121597
0 0 0.386927 0.142565 0.288818 0.059874 0.121815
0 0 0.359016 0.141295 0.266500 0.060604 0.172585
0 0 0.364891 0.147828 0.260082 0.076268 0.150932
2 0 0.255117 0.144160 0.410305 0.090280 0.100139
2 0 0.348984 0.143448 0.368621 0.043919 0.095028
0 0 0.385416 0.167986 0.311380 0.028872 0.106345
0 0 0.403078 0.171345 0.290981 0.025463 0.109133
0 0 0.432033 0.183962 0.212767 0.023074 0.148164
0 0 0.415291 0.190369 0.161765 0.015678 0.216898
0 0 0.483020 0.131960 0.153500 0.011267 0.220253
0 0 0.549840 0.100943 0.141209 0.008771 0.199237
0 0 0.634302 0.086975 0.104823 0.005391 0.168509
0 0 0.642494 0.090596 0.108004 0.007073 0.151834
0 0 0.664872 0.093578 0.107126 0.009961 0.124463
0 0 0.716954 0.085761 0.088475 0.008922 0.099888
0 0 0.713779 0.086558 0.089878 0.009187 0.100598
0 0 0.670327 0.097062 0.109595 0.013340 0.109676
0 0 0.626561 0.108592 0.127797 0.018028 0.119022
0 0 0.564236 0.138438 0.134900 0.021079 0.141347
0 0 0.460629 0.152773 0.211746 0.037886 0.136965
0 0 0.465162 0.132170 0.232886 0.035041 0.134741
0 0 0.480167 0.129553 0.202231 0.027390 0.160659
0 0 0.549044 0.130254 0.157321 0.025891 0.137491
0 0 0.648480 0.102046 0.119844 0.015834 0.113795
0 0 0.632607 0.105539 0.127417 0.017833 0.116604
0 0 0.717230 0.085691 0.088354 0.008899 0.099826
0 0 0.776528 0.070056 0.063253 0.004831 0.085332
0 0 0.758689 0.074904 0.070575 0.005891 0.089941
0 0 0.703505 0.109816 0.062849 0.005065 0.118764
0 0 0.581580 0.152239 0.079059 0.006120 0.181001
0 0 0.678381 0.112861 0.074246 0.006270 0.128242
0 0 0.654240 0.118031 0.079923 0.006520 0.141286
0 0 0.690752 0.089353 0.097292 0.009114 0.113488
0 0 0.705939 0.088510 0.093365 0.009862 0.102324
0 0 0.794754 0.064976 0.055999 0.003881 0.080390
0 0 0.811701 0.060138 0.049472 0.003112 0.075576
0 0 0.877516 0.040319 0.026465 0.001040 0.054661
0 0 0.855782 0.047044 0.033610 0.001576 0.061988
0 0 0.803025 0.062628 0.052786 0.003493 0.078068
0 0 0.720714 0.084811 0.086821 0.008615 0.099039
0 0 0.670938 0.113624 0.084362 0.008566 0.122510
0 0 0.516418 0.180075 0.128906 0.016221 0.158379
0 0 0.509440 0.156530 0.176362 0.022602 0.135067
0 0 0.358275 0.145047 0.344975 0.048720 0.102983
0 0 0.388405 0.140961 0.310895 0.049964 0.109774
0 0 0.448753 0.135916 0.258678 0.041034 0.115618
0 0 0.529345 0.125286 0.193097 0.030902 0.121370
0 0 0.561329 0.119826 0.170162 0.026868 0.121816
0 0 0.579658 0.116208 0.153189 0.025445 0.125501
0 0 0.622338 0.100994 0.124952 0.012190 0.139525
0 0 0.627832 0.094221 0.115424 0.008199 0.154323
0 0 0.637760 0.093904 0.113038 0.008499 0.146800
0 0 0.776749 0.066491 0.055460 0.002834 0.098465
0 0 0.651811 0.110436 0.063867 0.002957 0.170929
0 0 0.641975 0.117324 0.064506 0.003202 0.172993
0 0 0.577830 0.133543 0.077562 0.004026 0.207040
0 0 0.595887 0.107766 0.072721 0.002430 0.221195
0 0 0.643806 0.072701 0.074986 0.001693 0.206813
0 0 0.685015 0.070584 0.057746 0.001207 0.185447
0 0 0.771942 0.049072 0.042795 0.000725 0.135466
0 0 0.693446 0.091970 0.030170 0.000546 0.183869
0 0 0.760463 0.090065 0.018988 0.000404 0.130081
0 0 0.657986 0.125722 0.042922 0.001717 0.171653
0 0 0.704306 0.100272 0.056990 0.003062 0.135370
0 0 0.676043 0.095725 0.106949 0.012735 0.108549
0 0 0.633384 0.103000 0.124594 0.015010 0.124012
0 0 0.753127 0.076391 0.072899 0.006249 0.091334
0 0 0.675083 0.095950 0.107392 0.012835 0.108740
0 0 0.630133 0.109493 0.123651 0.016990 0.119733
0 0 0.498679 0.129709 0.220257 0.033646 0.117709
0 0 0.416588 0.140268 0.249454 0.058686 0.135003
0 0 0.530079 0.125320 0.178395 0.035199 0.131007
0 0 0.604336 0.111485 0.141144 0.021810 0.121224
0 0 0.576044 0.117070 0.155155 0.026375 0.125356
0 0 0.670910 0.121351 0.072948 0.006703 0.128089
0 0 0.484395 0.187670 0.196480 0.011850 0.119606
0 0 0.455433 0.198225 0.223265 0.010917 0.112161
2 0 0.324646 0.171885 0.416562 0.014621 0.072286
2 0 0.277424 0.187257 0.445760 0.016446 0.073113
2 0 0.302539 0.199399 0.398581 0.016241 0.083240
0 0 0.338967 0.248766 0.280030 0.014579 0.117658
0 0 0.436193 0.226223 0.184490 0.012840 0.140254
0 1 0.432119 0.233965 0.167605 0.013629 0.152681
0 1 0.583203 0.161167 0.105589 0.009244 0.140798
0 1 0.591991 0.117671 0.175862 0.014408 0.100068
0 0 0.688546 0.097216 0.091928 0.009248 0.113063
0 1 0.656748 0.099982 0.115740 0.014640 0.112890
0 1 0.597067 0.132715 0.087142 0.006284 0.176792
0 0 0.624021 0.125231 0.062293 0.002945 0.185510
0 1 0.471110 0.173164 0.075687 0.003581 0.276458
0 1 0.385646 0.167446 0.081943 0.002717 0.362248
4 2 0.293503 0.190723 0.169607 0.014683 0.331484
2 2 0.198076 0.171489 0.492279 0.055442 0.082714
2 2 0.163611 0.180416 0.534075 0.048058 0.073840
2 2 0.161979 0.166952 0.559147 0.045319 0.066603
2 2 0.117133 0.158710 0.616687 0.051300 0.056170
2 2 0.040355 0.078797 0.809651 0.051978 0.019219
2 2 0.043617 0.078488 0.802464 0.055249 0.020183
2 2 0.025696 0.057138 0.856481 0.048649 0.012036
2 2 0.019926 0.064052 0.859412 0.044960 0.011650
2 2 0.020130 0.053615 0.863817 0.051839 0.010599
2 2 0.021729 0.054703 0.855092 0.056880 0.011596
2 2 0.020800 0.053398 0.859039 0.055798 0.010965
2 2 0.020533 0.053011 0.860358 0.055285 0.010812
2 2 0.020662 0.053199 0.859717 0.055535 0.010887
2 2 0.020666 0.053204 0.859701 0.055541 0.010888
2 2 0.021716 0.054706 0.854543 0.057543 0.011492
2 2 0.017177 0.047919 0.877355 0.048643 0.008905
2 2 0.016938 0.047538 0.878598 0.048155 0.008770
2 2 0.017756 0.048831 0.874365 0.049816 0.009232
2 2 0.021458 0.054018 0.858208 0.055153 0.011162
2 2 0.020049 0.052304 0.862762 0.054350 0.010535
2 2 0.018839 0.050498 0.868837 0.051980 0.009846
2 2 0.022775 0.056182 0.849408 0.059531 0.012104
2 2 0.024465 0.058467 0.841342 0.062641 0.013086
2 2 0.025734 0.060126 0.835387 0.064927 0.013827
2 3 0.027502 0.062368 0.827211 0.068053 0.014866
2 3 0.028407 0.063485 0.823082 0.069626 0.015400
2 3 0.029259 0.064520 0.819222 0.071093 0.015906
2 3 0.027481 0.062342 0.827306 0.068017 0.014854
2 3 0.033392 0.069309 0.800925 0.077998 0.018375
2 3 0.050315 0.081863 0.696565 0.140242 0.031015
2 3 0.046941 0.076809 0.687333 0.158938 0.029980
2 3 0.047590 0.077510 0.686329 0.158236 0.030335
2 3 0.041580 0.074763 0.738531 0.120146 0.024979
2 3 0.034154 0.066949 0.767143 0.111339 0.020414
2 3 0.036491 0.071285 0.775485 0.095793 0.020946
2 3 0.039943 0.075835 0.776838 0.085395 0.021989
2 2 0.048241 0.089254 0.778590 0.059837 0.024078
2 0 0.055712 0.129663 0.743981 0.034908 0.035736
2 0 0.164114 0.185473 0.510768 0.058034 0.081611
2 0 0.290117 0.144300 0.320251 0.027781 0.217552
0 0 0.541127 0.103901 0.147654 0.010061 0.197257
0 0 0.564042 0.110123 0.150651 0.015694 0.159490
0 0 0.621334 0.103956 0.128618 0.014698 0.131394
0 0 0.719274 0.085765 0.086534 0.008577 0.099851
0 0 0.595359 0.139945 0.126781 0.011893 0.126022
0 0 0.538632 0.171837 0.147489 0.011290 0.130752
0 0 0.499471 0.210420 0.131088 0.009559 0.149462
0 1 0.539462 0.166275 0.159495 0.011403 0.123365
0 0 0.536889 0.172131 0.150003 0.011275 0.129701
0 0 0.589340 0.147137 0.130608 0.010149 0.122767
0 0 0.523737 0.176561 0.165841 0.010696 0.123165
0 1 0.547767 0.166895 0.156180 0.009652 0.119506
0 0 0.435902 0.165236 0.281399 0.017805 0.099658
0 0 0.484961 0.169118 0.203133 0.018521 0.124266
0 0 0.538179 0.139469 0.168482 0.022737 0.131132
0 1 0.443660 0.148257 0.235414 0.027345 0.145323
0 1 0.521348 0.138362 0.182694 0.021262 0.136333
0 0 0.537091 0.165988 0.139205 0.015131 0.142585
0 1 0.540107 0.178642 0.119500 0.011656 0.150095
0 1 0.394402 0.197543 0.242156 0.024025 0.141875
0 1 0.408250 0.193938 0.202607 0.017120 0.178085
2 2 0.282585 0.217737 0.303195 0.024502 0.171981
0 2 0.315737 0.204774 0.295318 0.020745 0.163426
2 2 0.235341 0.210679 0.366309 0.026122 0.161549
2 1 0.181180 0.168791 0.473240 0.033409 0.143380
2 2 0.143850 0.204151 0.377105 0.025278 0.249616
2 2 0.144458 0.167216 0.508277 0.036990 0.143058
2 2 0.171008 0.172491 0.454163 0.024795 0.177543
2 2 0.134359 0.144846 0.591965 0.033399 0.095432
2 2 0.081765 0.115925 0.711903 0.032833 0.057575
2 2 0.060814 0.097947 0.768097 0.037304 0.035838
2 2 0.037067 0.067538 0.833350 0.042227 0.019818
2 2 0.022168 0.054081 0.862710 0.049660 0.011381
2 2 0.015792 0.045676 0.884619 0.045785 0.008128
2 2 0.015099 0.044516 0.888318 0.044326 0.007741
2 2 0.015813 0.045710 0.884508 0.045829 0.008139
2 2 0.014833 0.044066 0.889747 0.043761 0.007593
2 2 0.015002 0.044353 0.888838 0.044120 0.007687
2 2 0.012909 0.040679 0.900306 0.039576 0.006530
2 2 0.011411 0.037875 0.908815 0.036186 0.005712
2 2 0.015296 0.044849 0.887261 0.044743 0.007851
2 2 0.018848 0.050512 0.868791 0.051998 0.009851
2 2 0.026502 0.061110 0.831817 0.066294 0.014277
2 2 0.028516 0.063619 0.822583 0.069816 0.015465
2 2 0.026816 0.061509 0.830363 0.066850 0.014462
2 2 0.028462 0.063553 0.822829 0.069722 0.015433
2 2 0.048092 0.076990 0.674010 0.169727 0.031182
2 3 0.045209 0.071495 0.648756 0.203698 0.030842
2 3 0.048985 0.071583 0.595984 0.248369 0.035078
2 3 0.040124 0.069739 0.704256 0.159955 0.025926
2 3 0.054282 0.083115 0.662064 0.165804 0.034736
2 3 0.062466 0.084930 0.589848 0.220047 0.042708
2 3 0.054537 0.085644 0.683586 0.142637 0.033596
2 3 0.043509 0.078640 0.749589 0.103141 0.025121
2 3 0.058120 0.089076 0.675997 0.141225 0.035583
2 3 0.056066 0.084868 0.659109 0.164233 0.035724
2 3 0.062705 0.085302 0.591213 0.218023 0.042757
3 3 0.065714 0.070066 0.392246 0.417503 0.054471
3 3 0.066648 0.066571 0.346457 0.462913 0.057410
3 3 0.063578 0.063932 0.341382 0.475678 0.055430
3 3 0.074627 0.076819 0.393220 0.394916 0.060417
3 3 0.085026 0.080027 0.353927 0.411349 0.069670
3 3 0.094770 0.068224 0.213632 0.536031 0.087344
3 3 0.074507 0.054276 0.187339 0.610435 0.073443
3 3 0.065681 0.048925 0.180873 0.638112 0.066409
3 3 0.064178 0.064075 0.338284 0.477440 0.056023
2 3 0.066055 0.075616 0.451383 0.355136 0.051810
2 3 0.067897 0.085853 0.544865 0.253323 0.048062
2 3 0.068478 0.094417 0.621410 0.172017 0.043677
2 3 0.074744 0.093896 0.560718 0.219979 0.050663
3 3 0.089962 0.083488 0.355093 0.398639 0.072818
3 3 0.084760 0.066456 0.240110 0.531195 0.077479
3 3 0.088396 0.073866 0.282831 0.477980 0.076928
3 3 0.093378 0.082103 0.326581 0.419561 0.078378
2 3 0.076149 0.100031 0.601867 0.173522 0.048431
2 2 0.048113 0.083361 0.745976 0.095757 0.026794
2 2 0.033960 0.068605 0.809598 0.070155 0.017683
2 2 0.030517 0.066016 0.813585 0.073228 0.016654
2 2 0.034507 0.112891 0.758319 0.065305 0.028979
2 2 0.055458 0.138454 0.660413 0.100567 0.045107
2 2 0.160847 0.183352 0.521868 0.055512 0.078420
2 2 0.098464 0.199921 0.596904 0.033341 0.071369
2 2 0.060996 0.165956 0.682416 0.042246 0.048386
2 2 0.037212 0.101517 0.793384 0.039067 0.028820
2 2 0.032549 0.075348 0.816730 0.057462 0.017911
2 2 0.021027 0.053725 0.857917 0.056234 0.011096
2 2 0.026929 0.061651 0.829844 0.067048 0.014529
2 2 0.025909 0.060352 0.834569 0.065240 0.013929
2 2 0.031542 0.066887 0.819495 0.062485 0.019591
2 2 0.041890 0.084617 0.788523 0.057048 0.027922
2 2 0.028122 0.064040 0.841156 0.046193 0.020488
2 2 0.037118 0.069758 0.825587 0.046015 0.021523
2 2 0.031663 0.063674 0.839932 0.048227 0.016504
2 2 0.035333 0.068190 0.820740 0.057687 0.018050
2 2 0.033527 0.065414 0.837260 0.044906 0.018892
2 2 0.035198 0.067262 0.827718 0.051754 0.018069
2 2 0.033573 0.066705 0.830133 0.049458 0.020131
2 2 0.025717 0.059413 0.843220 0.057606 0.014043
2 2 0.022403 0.055505 0.855803 0.053608 0.012681
2 2 0.024469 0.060410 0.839546 0.062167 0.013407
2 2 0.029530 0.063985 0.826851 0.064313 0.015321
2 2 0.027489 0.078183 0.818032 0.057518 0.018778
2 2 0.037510 0.078690 0.805217 0.053363 0.025219
2 2 0.083254 0.097291 0.727308 0.050748 0.041400
2 0 0.175315 0.193413 0.510543 0.042169 0.078560
2 0 0.179645 0.194832 0.455590 0.037252 0.132682
2 0 0.189938 0.206464 0.397977 0.077734 0.127887
2 0 0.250796 0.143879 0.379430 0.079080 0.146813
2 0 0.298061 0.142077 0.300175 0.067258 0.192428
2 0 0.205797 0.227689 0.337193 0.047257 0.182064
2 0 0.230290 0.169525 0.479391 0.024743 0.096051
0 0 0.360064 0.233166 0.268373 0.016736 0.121661
2 0 0.275948 0.226117 0.336253 0.037770 0.123912
0 0 0.288495 0.249561 0.257850 0.043717 0.160377
2 0 0.210086 0.245201 0.384378 0.043685 0.116649
2 0 0.264493 0.238496 0.357457 0.027492 0.112062
0 0 0.403543 0.247904 0.195058 0.012407 0.141087
0 0 0.397250 0.240235 0.204728 0.015286 0.142501
0 0 0.384873 0.246494 0.216851 0.014394 0.137388
0 0 0.323144 0.292807 0.219453 0.015383 0.149213
0 0 0.347551 0.254842 0.241130 0.018094 0.138383
0 1 0.380642 0.250979 0.186279 0.019371 0.162729
0 1 0.335524 0.235318 0.219927 0.021021 0.188211
0 1 0.318728 0.225754 0.185747 0.015093 0.254678
1 1 0.221994 0.291305 0.215611 0.014975 0.256115
1 1 0.192173 0.312717 0.205126 0.011760 0.278224
1 2 0.229426 0.291459 0.226585 0.015596 0.236933
2 2 0.183518 0.277009 0.339892 0.026919 0.172663
2 2 0.158265 0.214158 0.475256 0.040241 0.112079
2 2 0.061525 0.098991 0.747560 0.050797 0.041127
2 2 0.034790 0.070020 0.809699 0.064192 0.021299
2 2 0.018548 0.050054 0.870315 0.051402 0.009680
2 2 0.028806 0.069113 0.828044 0.058390 0.015647
2 2 0.025007 0.069623 0.834155 0.055188 0.016026
2 2 0.028301 0.062886 0.842625 0.052183 0.014005
2 2 0.025664 0.057626 0.853195 0.051196 0.012320
2 2 0.030970 0.062389 0.841810 0.050707 0.014123
2 2 0.022903 0.055017 0.858572 0.052101 0.011407
2 2 0.035913 0.081123 0.803795 0.059511 0.019657
2 2 0.026437 0.064139 0.836225 0.058861 0.014338
2 2 0.030765 0.073100 0.824390 0.055229 0.016516
2 2 0.023642 0.057106 0.852417 0.052899 0.013936
2 2 0.025902 0.060098 0.841858 0.056817 0.015325
2 2 0.030850 0.065848 0.827603 0.055047 0.020652
2 2 0.027209 0.061112 0.848208 0.043561 0.019911
2 2 0.046364 0.093648 0.771032 0.050598 0.038358
2 2 0.032950 0.067375 0.830708 0.040756 0.028211
2 2 0.041352 0.078789 0.794906 0.048298 0.036655
2 2 0.037314 0.076852 0.796988 0.062451 0.026395
2 2 0.032854 0.080976 0.806230 0.054215 0.025725
2 2 0.027671 0.071991 0.819611 0.063512 0.017215
2 2 0.024347 0.065814 0.847227 0.044830 0.017783
2 2 0.026654 0.061001 0.839925 0.056279 0.016141
2 2 0.027221 0.061784 0.835700 0.059178 0.016117
2 2 0.031904 0.066670 0.815342 0.069313 0.016771
2 2 0.047244 0.077169 0.792508 0.061730 0.021349
2 1 0.071457 0.129027 0.707627 0.054106 0.037782
2 1 0.047772 0.103358 0.774312 0.049141 0.025417
2 2 0.030001 0.068931 0.837173 0.048934 0.014961
2 2 0.023649 0.059672 0.842981 0.060706 0.012991
2 2 0.025145 0.061022 0.839462 0.060781 0.013589
2 2 0.025239 0.062995 0.847507 0.049976 0.014282
2 2 0.032925 0.089131 0.802730 0.055191 0.020023
2 2 0.033874 0.104969 0.783777 0.050864 0.026516
2 2 0.026757 0.075175 0.818124 0.062929 0.017014
2 2 0.020694 0.053245 0.859560 0.055596 0.010905
2 2 0.016902 0.047480 0.878788 0.048080 0.008750
2 2 0.020446 0.052778 0.861584 0.054488 0.010704
2 2 0.039920 0.074102 0.810115 0.057101 0.018763
2 2 0.064655 0.100263 0.750871 0.055000 0.029212
2 2 0.149975 0.151007 0.579126 0.056878 0.063014
2 0 0.275375 0.152534 0.437968 0.047174 0.086949
0 0 0.536824 0.127974 0.190831 0.025981 0.118391
0 0 0.491109 0.157471 0.209928 0.020888 0.120604
0 0 0.425569 0.216666 0.194324 0.018071 0.145370
2 0 0.251624 0.218164 0.409545 0.024815 0.095853
2 0 0.233301 0.242064 0.405334 0.022833 0.096469
2 0 0.268201 0.272918 0.322315 0.019037 0.117530
1 0 0.256153 0.302965 0.301211 0.016296 0.123375
1 0 0.268757 0.318593 0.259720 0.015394 0.137537
1 0 0.304659 0.316487 0.210894 0.014107 0.153855
0 0 0.308607 0.277788 0.268579 0.015793 0.129233
2 0 0.295724 0.262901 0.306343 0.017269 0.117763
2 0 0.224693 0.243171 0.414207 0.023102 0.094828
2 0 0.124035 0.179339 0.603786 0.035675 0.057166
2 1 0.135505 0.117036 0.646816 0.038405 0.062238
2 0 0.313230 0.180262 0.356172 0.031577 0.118760
0 0 0.296478 0.292638 0.219838 0.015904 0.175141
1 0 0.285932 0.329787 0.121176 0.009734 0.253371
0 0 0.317794 0.271006 0.144460 0.008848 0.257893
0 0 0.407440 0.213022 0.055732 0.002235 0.321571
0 0 0.411625 0.247414 0.075873 0.006281 0.258806
0 0 0.435168 0.247572 0.075197 0.005800 0.236264
2 0 0.257876 0.297826 0.304107 0.017039 0.123152
2 0 0.207167 0.249930 0.423990 0.024418 0.094495
2 0 0.218470 0.237642 0.419634 0.027608 0.096646
2 0 0.316292 0.196622 0.357981 0.026804 0.102300
0 0 0.436763 0.193168 0.182011 0.018520 0.169537
0 0 0.368167 0.136491 0.173841 0.010256 0.311244
0 0 0.373218 0.205805 0.101197 0.006571 0.313210
2 0 0.083717 0.176336 0.628261 0.056802 0.054884
2 0 0.089144 0.239633 0.548193 0.049272 0.073757
2 0 0.132970 0.294881 0.431685 0.037736 0.102728
2 0 0.164224 0.302024 0.396274 0.028768 0.108710
2 0 0.209707 0.303791 0.354258 0.019684 0.112561
2 0 0.217862 0.212687 0.467719 0.022521 0.079211
2 0 0.198296 0.120689 0.590915 0.032005 0.058095
0 0 0.438563 0.139545 0.277840 0.021302 0.122750
2 0 0.329239 0.187889 0.337766 0.018066 0.127040
0 0 0.350024 0.236587 0.272215 0.017854 0.123320
0 0 0.416705 0.242211 0.193763 0.011137 0.136184
0 0 0.357979 0.266246 0.228536 0.012966 0.134273
0 0 0.341484 0.224534 0.316364 0.014604 0.103014
2 0 0.262726 0.198035 0.436577 0.021166 0.081496
2 0 0.248957 0.195980 0.454328 0.022032 0.078703
2 0 0.262813 0.219882 0.409192 0.019377 0.088735
2 0 0.255631 0.255487 0.364515 0.019709 0.104658
0 0 0.319276 0.294940 0.229055 0.014090 0.142639
0 0 0.307016 0.305940 0.223877 0.014812 0.148356
0 0 0.364203 0.299318 0.145739 0.012133 0.178607
0 1 0.354832 0.290885 0.160454 0.015551 0.178278
0 1 0.399034 0.261230 0.157891 0.014120 0.167725
2 1 0.315607 0.192920 0.363016 0.027556 0.100901
2 0 0.274117 0.155916 0.369976 0.034510 0.165481
4 0 0.245181 0.113223 0.259789 0.014463 0.367343
0 0 0.482123 0.090381 0.138428 0.004284 0.284783
0 0 0.431756 0.153689 0.149910 0.012255 0.252390
0 0 0.497188 0.143230 0.119105 0.008154 0.232323
0 0 0.608409 0.114885 0.107685 0.008876 0.160146
0 0 0.463613 0.206699 0.092096 0.008682 0.228911
0 0 0.459636 0.200200 0.123900 0.011090 0.205174
0 0 0.407830 0.218483 0.192752 0.013891 0.167044
0 0 0.437285 0.201055 0.142971 0.007956 0.210732
0 1 0.443188 0.230863 0.094522 0.007419 0.224007
0 1 0.442924 0.230185 0.075620 0.006290 0.244980
0 1 0.375119 0.242608 0.071846 0.004606 0.305822
0 1 0.350774 0.271951 0.093074 0.007362 0.276839
1 2 0.213762 0.316988 0.236655 0.018530 0.214065
2 2 0.229081 0.245399 0.368562 0.030618 0.126339
2 2 0.187374 0.182476 0.500502 0.044351 0.085296
2 2 0.188541 0.140924 0.569131 0.041638 0.059766
2 2 0.205603 0.142274 0.540333 0.046084 0.065707
2 2 0.123097 0.130169 0.651647 0.048180 0.046908
2 0 0.235652 0.192776 0.446336 0.036175 0.089062
2 0 0.293658 0.226872 0.339436 0.026480 0.113556
0 0 0.438622 0.229214 0.169887 0.013279 0.148998
0 0 0.571166 0.181334 0.075444 0.007073 0.164982
0 0 0.554930 0.190055 0.072334 0.007439 0.175242
0 0 0.603852 0.162929 0.064848 0.005533 0.162838
0 0 0.518591 0.187449 0.084481 0.007802 0.201678
0 1 0.487907 0.187433 0.118345 0.010522 0.195793
0 1 0.412211 0.224356 0.191274 0.016399 0.155760
0 1 0.421154 0.211566 0.214269 0.017787 0.135224
0 0 0.446547 0.214275 0.169015 0.014282 0.155881
0 1 0.461888 0.226933 0.130110 0.011946 0.169123
0 1 0.390243 0.227979 0.217361 0.020353 0.144064
0 2 0.336715 0.219773 0.274696 0.032283 0.136532
2 2 0.268592 0.190757 0.404545 0.037733 0.098373
2 0 0.201243 0.151663 0.535629 0.043748 0.067717
2 0 0.171562 0.188301 0.532707 0.036052 0.071378
2 1 0.095750 0.184843 0.630617 0.036450 0.052340
2 2 0.083625 0.176710 0.647773 0.042306 0.049586
2 2 0.042956 0.093278 0.797040 0.045063 0.021663
2 2 0.034022 0.076625 0.828049 0.044641 0.016663
2 2 0.035939 0.065863 0.839945 0.043366 0.014888
2 2 0.050225 0.075805 0.809961 0.044655 0.019353
2 2 0.065169 0.110521 0.736935 0.055415 0.031961
2 2 0.043680 0.086943 0.795487 0.052290 0.021600
2 2 0.037047 0.091765 0.798665 0.051494 0.021029
2 2 0.038732 0.077425 0.808753 0.055993 0.019097
2 2 0.023845 0.056953 0.849474 0.057415 0.012313
2 2 0.026104 0.059246 0.843967 0.057495 0.013187
2 2 0.018623 0.052590 0.867599 0.051113 0.010074
2 2 0.019363 0.051286 0.866197 0.053011 0.010143
2 2 0.016771 0.050385 0.876477 0.047265 0.009102
2 2 0.020289 0.052432 0.867394 0.048221 0.011664
2 2 0.024218 0.057634 0.854996 0.047568 0.015583
2 2 0.021393 0.053747 0.867779 0.043448 0.013633
2 2 0.025042 0.058970 0.846007 0.055151 0.014830
2 2 0.025383 0.059537 0.841234 0.059464 0.014381
2 2 0.021464 0.054334 0.856222 0.056564 0.011417
2 2 0.017830 0.048945 0.873988 0.049964 0.009273
2 2 0.018710 0.050257 0.870717 0.050362 0.009954
2 2 0.024262 0.057597 0.846886 0.058652 0.012602
2 2 0.021344 0.054105 0.858497 0.054433 0.011621
2 2 0.022712 0.055796 0.857639 0.050313 0.013541
2 2 0.022804 0.055478 0.865289 0.040628 0.015800
2 2 0.021129 0.053635 0.863631 0.049368 0.012237
2 2 0.032519 0.067788 0.820379 0.057551 0.021763
2 2 0.040047 0.075951 0.787349 0.070354 0.026299
2 2 0.038060 0.073360 0.805639 0.053655 0.029286
2 2 0.031825 0.067202 0.818580 0.062537 0.019857
2 2 0.026383 0.060734 0.839180 0.058182 0.015520
2 2 0.027184 0.061423 0.842842 0.050634 0.017916
2 2 0.019785 0.051915 0.864077 0.053838 0.010385
2 3 0.021719 0.054709 0.854530 0.057548 0.011494
2 3 0.030515 0.065283 0.807269 0.079936 0.016997
2 3 0.041394 0.074694 0.740391 0.118719 0.024803
2 3 0.061439 0.085229 0.603823 0.208092 0.041417
2 2 0.049054 0.082685 0.720539 0.118258 0.029465
2 2 0.047693 0.082115 0.755816 0.088736 0.025640
2 2 0.033937 0.067941 0.814627 0.066296 0.017199
2 2 0.051544 0.080646 0.779855 0.064527 0.023428
2 2 0.028950 0.062787 0.835961 0.055965 0.016337
2 2 0.024604 0.058604 0.842208 0.061160 0.013425
2 2 0.022657 0.055543 0.853568 0.056474 0.011758
2 2 0.031504 0.063552 0.836533 0.053531 0.014879
2 2 0.040982 0.072040 0.812403 0.054662 0.019913
2 2 0.034230 0.065184 0.837251 0.046688 0.016647
2 2 0.044484 0.074418 0.811817 0.042234 0.027047
2 2 0.158598 0.123797 0.591748 0.057828 0.068029
2 2 0.064554 0.095301 0.716662 0.075286 0.048198
2 2 0.050857 0.085910 0.743318 0.087751 0.032163
2 2 0.027242 0.062044 0.828402 0.067599 0.014713
2 2 0.026655 0.061305 0.831108 0.066565 0.014367
2 2 0.018583 0.050108 0.870136 0.051472 0.009700
2 2 0.030302 0.063940 0.828856 0.061651 0.015251
2 2 0.020947 0.053610 0.858314 0.056080 0.011050
2 2 0.030167 0.064420 0.837464 0.046150 0.021799
2 2 0.045742 0.081625 0.759001 0.085258 0.028374
2 2 0.036544 0.072735 0.787381 0.083060 0.020281
2 2 0.021682 0.054576 0.857087 0.054797 0.011859
2 2 0.018227 0.049562 0.871950 0.050762 0.009498
2 3 0.021693 0.054673 0.854654 0.057500 0.011479
2 3 0.030726 0.066262 0.812652 0.073581 0.016779
2 3 0.035936 0.072089 0.789966 0.082097 0.019912
2 3 0.044021 0.079290 0.748959 0.102377 0.025352
2 3 0.042497 0.078512 0.760733 0.094207 0.024051
2 3 0.027596 0.062474 0.827181 0.067758 0.014992
2 0 0.021827 0.066783 0.845698 0.052538 0.013154
2 0 0.026915 0.098854 0.818299 0.038102 0.017830
2 1 0.060637 0.185684 0.668360 0.040827 0.044491
2 1 0.077270 0.209712 0.596697 0.045179 0.071141
2 1 0.080973 0.209436 0.576123 0.039433 0.094035
2 2 0.090733 0.199358 0.568113 0.036466 0.105329
2 2 0.064779 0.179900 0.628659 0.039906 0.086756
2 2 0.074727 0.152499 0.627252 0.045510 0.100012
2 2 0.142124 0.143027 0.539497 0.034855 0.140497
2 1 0.282044 0.173593 0.311254 0.040209 0.192899
2 0 0.210960 0.239254 0.336342 0.030612 0.182831
2 1 0.144202 0.245585 0.431815 0.031251 0.147147
2 2 0.048327 0.142276 0.718317 0.040229 0.050852
2 2 0.034311 0.080892 0.805149 0.053447 0.026201
2 2 0.030730 0.065608 0.820250 0.066480 0.016931
2 2 0.026962 0.064271 0.827832 0.065975 0.014959
2 2 0.022121 0.060935 0.847053 0.057268 0.012622
2 2 0.018721 0.050318 0.869436 0.051746 0.009779
2 2 0.016777 0.047144 0.882804 0.044094 0.009182
2 2 0.016384 0.046210 0.890749 0.036597 0.010060
2 2 0.019480 0.051114 0.873925 0.043791 0.011690
2 2 0.014803 0.043602 0.898409 0.034214 0.008973
2 2 0.016216 0.045954 0.891292 0.036652 0.009886
2 2 0.016307 0.046510 0.882169 0.046561 0.008453
2 2 0.025836 0.060258 0.834909 0.065110 0.013887
2 2 0.022240 0.055140 0.859874 0.049497 0.013248
2 2 0.019394 0.051151 0.870763 0.047761 0.010931
2 2 0.019873 0.051618 0.873335 0.042982 0.012192
2 2 0.020764 0.052540 0.875420 0.036648 0.014628
2 2 0.022828 0.054870 0.872328 0.030819 0.019155
2 2 0.027423 0.061098 0.850679 0.039065 0.021735
2 2 0.027584 0.062065 0.838233 0.054748 0.017370
2 2 0.026026 0.060073 0.845530 0.051940 0.016431
2 2 0.033026 0.068806 0.806233 0.073031 0.018904
2 2 0.033220 0.068522 0.818666 0.056907 0.022685
2 2 0.043742 0.077344 0.794891 0.035980 0.048043
2 2 0.058175 0.127008 0.666233 0.025003 0.123581
4 4 0.091013 0.184342 0.333390 0.011696 0.379559
4 4 0.088390 0.164959 0.241020 0.008326 0.497305
4 4 0.086693 0.153021 0.133061 0.004002 0.623223
4 4 0.057352 0.131458 0.083808 0.001356 0.726025
4 4 0.033184 0.094733 0.043862 0.000668 0.827552
4 4 0.045588 0.080102 0.039813 0.000570 0.833926
4 4 0.071287 0.090020 0.035591 0.000775 0.802326
4 4 0.083331 0.113655 0.047093 0.000640 0.755281
4 4 0.093128 0.125158 0.033588 0.000200 0.747927
4 4 0.074540 0.099567 0.027673 0.000108 0.798111
4 4 0.065429 0.085892 0.030029 0.000115 0.818535
4 4 0.048483 0.077985 0.032809 0.000207 0.840516
4 4 0.043417 0.060674 0.037879 0.000218 0.857811
4 4 0.035044 0.067363 0.036181 0.000236 0.861176
4 4 0.068587 0.075180 0.052727 0.000451 0.803055
4 4 0.066344 0.116435 0.058340 0.000630 0.758250
4 4 0.067356 0.122674 0.082831 0.001123 0.726016
4 4 0.090109 0.106344 0.094766 0.001113 0.707668
4 4 0.066892 0.088935 0.081399 0.000671 0.762103
4 4 0.047879 0.079864 0.041258 0.000414 0.830585
4 4 0.090313 0.055635 0.030299 0.000396 0.823357
4 4 0.101334 0.040738 0.041147 0.000690 0.816091
4 4 0.193213 0.040611 0.055710 0.000660 0.709806
4 4 0.220122 0.035841 0.056347 0.000505 0.687187
4 4 0.212804 0.055597 0.046681 0.000274 0.684644
4 4 0.109240 0.082183 0.034377 0.000158 0.774042
4 4 0.064722 0.058007 0.026795 0.000093 0.850383
4 4 0.037427 0.046726 0.022104 0.000101 0.893642
4 4 0.094596 0.038503 0.029177 0.000218 0.837506
4 4 0.121711 0.047486 0.028639 0.000268 0.801896
4 4 0.210607 0.071096 0.043040 0.000302 0.674956
4 4 0.196793 0.117010 0.063692 0.000582 0.621924
4 4 0.148696 0.140257 0.091908 0.001560 0.617579
4 4 0.130287 0.168600 0.103230 0.002693 0.595190
4 4 0.097404 0.141328 0.091604 0.001606 0.668057
4 4 0.114580 0.150883 0.078977 0.001312 0.654249
4 4 0.086714 0.140106 0.085620 0.001409 0.686150
4 4 0.077170 0.179246 0.135637 0.003783 0.604163
4 4 0.068595 0.197029 0.329284 0.011025 0.394067
4 4 0.096073 0.151614 0.200580 0.009860 0.541873
4 4 0.078944 0.097496 0.138036 0.002879 0.682645
4 4 0.121651 0.046046 0.091422 0.000905 0.739975
4 4 0.173734 0.048227 0.065538 0.001408 0.711094
4 4 0.311438 0.046153 0.067095 0.000658 0.574655
4 4 0.268287 0.059419 0.050032 0.000805 0.621458
4 4 0.196432 0.084969 0.040085 0.000766 0.677748
4 4 0.056045 0.055953 0.014144 0.000130 0.873729
4 4 0.032457 0.041878 0.011299 0.000067 0.914299
4 4 0.035798 0.026790 0.015038 0.000104 0.922269
4 4 0.042290 0.034270 0.019277 0.000231 0.903932
4 4 0.069280 0.058136 0.038462 0.000341 0.833781
4 4 0.104515 0.071890 0.053848 0.000409 0.769338
4 4 0.047149 0.074870 0.042428 0.000511 0.835042
4 4 0.035140 0.078892 0.047188 0.000481 0.838299
4 4 0.037669 0.085538 0.051312 0.000547 0.824933
4 4 0.038761 0.081692 0.074462 0.001370 0.803716
4 4 0.035831 0.084355 0.069440 0.001433 0.808940
4 4 0.041822 0.100303 0.054706 0.000933 0.802237
4 4 0.056682 0.111830 0.072914 0.000882 0.757691
4 4 0.078767 0.119495 0.075924 0.000989 0.724826
4 4 0.113451 0.163201 0.119924 0.003491 0.599932
4 4 0.124010 0.221475 0.214948 0.009112 0.430455
4 4 0.104684 0.236758 0.297470 0.013788 0.347300
2 2 0.076045 0.174346 0.524189 0.024759 0.200661
2 2 0.062397 0.120728 0.665145 0.026549 0.125182
2 2 0.050697 0.102105 0.733720 0.025960 0.087519
2 2 0.042705 0.088306 0.776273 0.023287 0.069428
2 2 0.033559 0.069313 0.829664 0.022721 0.044743
2 2 0.031606 0.064642 0.841700 0.026615 0.035436
2 2 0.033543 0.069729 0.829835 0.031073 0.035819
2 2 0.030979 0.065046 0.839177 0.037876 0.026922
2 2 0.032154 0.066562 0.833086 0.041303 0.026894
2 2 0.038623 0.071584 0.814605 0.026732 0.048456
2 2 0.049381 0.083467 0.770267 0.051478 0.045408
2 2 0.080365 0.141845 0.611592 0.060705 0.105493
2 2 0.055052 0.128415 0.687161 0.031568 0.097804
2 2 0.042371 0.082986 0.787828 0.046977 0.039839
2 2 0.027300 0.061056 0.849953 0.040721 0.020970
2 2 0.029514 0.063293 0.845288 0.036152 0.025753
2 2 0.026259 0.059699 0.857435 0.034361 0.022246
2 2 0.021615 0.056907 0.871308 0.032582 0.017587
2 2 0.023457 0.057436 0.864794 0.036117 0.018197
2 2 0.024943 0.058378 0.855456 0.043987 0.017236
2 2 0.026114 0.059483 0.855768 0.038206 0.020428
2 2 0.026043 0.059933 0.848568 0.048110 0.017345
2 2 0.022096 0.059289 0.861667 0.041299 0.015649
2 2 0.019104 0.050261 0.880742 0.037208 0.012686
2 2 0.020254 0.052036 0.874260 0.040277 0.013174
2 2 0.014855 0.043896 0.894310 0.038644 0.008294
2 2 0.019761 0.051440 0.874328 0.042205 0.012267
2 2 0.023397 0.056515 0.858940 0.046059 0.015088
2 2 0.025602 0.059812 0.840521 0.059492 0.014573
2 2 0.026597 0.061223 0.831687 0.066105 0.014387
2 2 0.025474 0.059686 0.835713 0.065406 0.013721
2 2 0.031537 0.067162 0.810736 0.072984 0.017583
2 2 0.036584 0.072777 0.787210 0.083123 0.020305
2 2 0.033025 0.068898 0.802525 0.077398 0.018155
2 2 0.029202 0.063937 0.823672 0.067678 0.015511
2 2 0.020594 0.052273 0.866032 0.050702 0.010400
2 2 0.022269 0.055481 0.851853 0.058585 0.011811
2 2 0.031080 0.066675 0.811080 0.074175 0.016990
2 2 0.024557 0.058588 0.840907 0.062808 0.013139
2 2 0.028388 0.063213 0.830986 0.060442 0.016971
2 2 0.026342 0.060381 0.846063 0.050022 0.017191
2 2 0.019965 0.051738 0.873422 0.042459 0.012416
2 2 0.018615 0.050037 0.873134 0.048005 0.010208
2 3 0.021133 0.053877 0.857397 0.056436 0.011157
2 3 0.026383 0.060959 0.832368 0.066083 0.014207
2 3 0.036065 0.072055 0.796397 0.073947 0.021535
2 3 0.058129 0.089611 0.680537 0.136436 0.035286
2 3 0.069498 0.092263 0.592584 0.199606 0.046048
2 3 0.071954 0.087929 0.528294 0.260610 0.051213
2 3 0.063096 0.083305 0.566031 0.243253 0.044315
2 3 0.080963 0.092872 0.500329 0.268014 0.057822
2 3 0.111628 0.109443 0.438177 0.262180 0.078572
2 3 0.100778 0.104665 0.463933 0.259760 0.070865
3 3 0.090299 0.086153 0.375946 0.376027 0.071574
2 3 0.072241 0.075592 0.398808 0.394824 0.058534
3 3 0.063899 0.060826 0.305146 0.512648 0.057482
2 3 0.065464 0.077745 0.480785 0.326013 0.049994
2 3 0.075040 0.081995 0.442305 0.342740 0.057919
2 3 0.082314 0.087329 0.460939 0.296113 0.073305
3 3 0.085387 0.065422 0.231020 0.537749 0.080422
3 3 0.072187 0.053056 0.191481 0.607147 0.076129
3 3 0.062196 0.035175 0.092483 0.737662 0.072483
3 3 0.054693 0.038448 0.139392 0.707923 0.059545
3 3 0.066683 0.045602 0.150360 0.667623 0.069733
3 3 0.064114 0.058712 0.281438 0.536844 0.058892
3 3 0.064596 0.053407 0.226069 0.593477 0.062451
3 3 0.066374 0.061643 0.296555 0.515609 0.059820
3 3 0.071690 0.051565 0.177350 0.627530 0.071866
3 3 0.066861 0.046089 0.153419 0.664002 0.069629
3 3 0.072566 0.050669 0.167156 0.636133 0.073475
3 3 0.075101 0.049123 0.147387 0.650877 0.077512
3 3 0.065940 0.044013 0.141088 0.679076 0.069882
3 3 0.057841 0.035369 0.104886 0.736209 0.065696
3 3 0.058167 0.038386 0.125791 0.713669 0.063988
3 3 0.060025 0.037265 0.111593 0.723975 0.067142
3 3 0.078935 0.045148 0.111856 0.679062 0.084999
3 3 0.079614 0.044069 0.104256 0.685396 0.086665
3 3 0.094165 0.056131 0.146019 0.594874 0.108812
3 3 0.080245 0.044508 0.105328 0.682821 0.087099
3 3 0.094346 0.054655 0.130234 0.624552 0.096212
3 3 0.075533 0.045394 0.121690 0.676725 0.080658
3 3 0.073784 0.043978 0.120816 0.675637 0.085785
3 3 0.071475 0.051613 0.181076 0.621507 0.074329
3 3 0.075858 0.043917 0.116879 0.671075 0.092270
3 3 0.088079 0.060492 0.194040 0.558081 0.099308
3 3 0.091502 0.068741 0.243157 0.498352 0.098249
3 3 0.095372 0.069430 0.241417 0.479918 0.113863
3 3 0.068964 0.056145 0.237530 0.563751 0.073610
3 3 0.087440 0.058922 0.182420 0.575388 0.095830
3 3 0.109167 0.063798 0.159050 0.534059 0.133926
3 3 0.108556 0.062655 0.154179 0.540149 0.134461
3 3 0.092832 0.052871 0.126725 0.625647 0.101925
3 3 0.087967 0.049984 0.118739 0.651082 0.092228
3 3 0.104501 0.068445 0.184220 0.545033 0.097800
3 3 0.089285 0.065482 0.214277 0.547877 0.083079
3 3 0.066001 0.043139 0.134504 0.685805 0.070550
3 3 0.049888 0.026671 0.068642 0.793014 0.061785
3 3 0.063402 0.038028 0.107062 0.720598 0.070910
3 3 0.094959 0.075083 0.262497 0.484255 0.083206
2 3 0.078719 0.104889 0.618848 0.149428 0.048116
2 3 0.060568 0.092088 0.714661 0.100024 0.032659
2 2 0.042617 0.076811 0.780455 0.078013 0.022104
2 2 0.037369 0.071857 0.798777 0.072665 0.019333
2 2 0.026633 0.060027 0.840805 0.058984 0.013551
2 2 0.020048 0.052303 0.862765 0.054349 0.010535
2 2 0.021021 0.052680 0.865409 0.050363 0.010527
2 2 0.020053 0.051606 0.867820 0.050358 0.010162
2 2 0.017210 0.047971 0.877186 0.048709 0.008923
2 2 0.017462 0.048370 0.875879 0.049222 0.009066
2 2 0.023804 0.056077 0.855521 0.052783 0.011814
2 2 0.022309 0.055536 0.851661 0.058659 0.011834
2 2 0.024660 0.058724 0.840424 0.062994 0.013199
2 2 0.023566 0.057130 0.849549 0.056509 0.013246
2 2 0.024506 0.058520 0.841171 0.062690 0.013113
2 2 0.024078 0.057951 0.843176 0.061935 0.012860
2 2 0.032210 0.067976 0.806093 0.076056 0.017666
2 2 0.041096 0.077380 0.768369 0.090092 0.023064
2 2 0.040326 0.076619 0.771538 0.088925 0.022591
2 2 0.038615 0.074890 0.778654 0.086298 0.021543
2 2 0.033508 0.069258 0.798917 0.079785 0.018532
2 2 0.030358 0.065345 0.828147 0.056336 0.019814
2 2 0.028384 0.063224 0.830569 0.060954 0.016869
2 2 0.031431 0.066467 0.826291 0.054352 0.021458
2 2 0.027258 0.060748 0.852780 0.036765 0.022449
2 2 0.028834 0.062243 0.849636 0.032668 0.026619
2 2 0.032790 0.066460 0.835725 0.031817 0.033208
2 2 0.043108 0.076489 0.796929 0.029723 0.053752
2 2 0.052460 0.109853 0.719341 0.028259 0.090087
2 2 0.064365 0.149663 0.601335 0.024317 0.160320
2 2 0.083963 0.181416 0.405355 0.017500 0.311765
4 2 0.073983 0.229994 0.330293 0.019479 0.346251
4 2 0.113056 0.222433 0.251927 0.018816 0.393767
4 2 0.071593 0.149732 0.278470 0.007101 0.493104
4 4 0.086790 0.165150 0.159720 0.006805 0.581535
4 4 0.085183 0.179732 0.140863 0.006003 0.588219
4 4 0.084481 0.182864 0.133342 0.005503 0.593810
4 4 0.095254 0.223803 0.166482 0.007100 0.507361
4 4 0.075826 0.248419 0.288119 0.011639 0.375997
4 4 0.067292 0.237658 0.299056 0.012713 0.383281
2 4 0.065105 0.202600 0.453865 0.017187 0.261243
2 4 0.060742 0.151686 0.613513 0.024397 0.149662
2 4 0.050778 0.156072 0.635476 0.020597 0.137077
2 4 0.049943 0.163854 0.605793 0.016414 0.163996
2 4 0.044725 0.131248 0.687606 0.017042 0.119379
2 4 0.047180 0.127712 0.678852 0.016260 0.129997
2 4 0.049513 0.140408 0.646320 0.016219 0.147540
2 4 0.063898 0.169787 0.490912 0.014100 0.261304
4 4 0.071061 0.204127 0.226449 0.006067 0.492296
4 4 0.063935 0.197011 0.161275 0.004351 0.573429
4 4 0.070391 0.213021 0.156276 0.005246 0.555066
2 4 0.062416 0.220018 0.365375 0.012399 0.339792
4 4 0.084017 0.191465 0.128504 0.005528 0.590485
4 4 0.084246 0.147892 0.141392 0.004322 0.622148
4 4 0.096543 0.103655 0.073042 0.001351 0.725408
4 4 0.111578 0.145887 0.084854 0.002143 0.655537
4 4 0.069123 0.169065 0.093286 0.002370 0.666156
4 4 0.075439 0.213842 0.236625 0.010103 0.463991
2 4 0.057920 0.150736 0.606225 0.019460 0.165659
2 4 0.054112 0.158773 0.615828 0.020565 0.150722
2 4 0.045837 0.157302 0.653105 0.019906 0.123851
2 4 0.041156 0.159965 0.669030 0.019627 0.110222
2 4 0.033422 0.112092 0.772560 0.024160 0.057767
2 2 0.027227 0.069216 0.844598 0.032206 0.026753
2 2 0.044235 0.078363 0.791419 0.042106 0.043876
2 2 0.073850 0.101513 0.687727 0.061485 0.075425
2 0 0.206730 0.134564 0.349839 0.062418 0.246450
0 0 0.325277 0.193257 0.195849 0.028079 0.257537
4 0 0.180683 0.292074 0.093543 0.006976 0.426724
4 1 0.200743 0.285335 0.209614 0.016492 0.287815
1 1 0.200947 0.295729 0.235891 0.018566 0.248868
2 1 0.161848 0.262187 0.361858 0.023767 0.190340
2 0 0.128983 0.315908 0.376089 0.029776 0.149244
2 1 0.107838 0.276091 0.445162 0.023710 0.147199
2 1 0.082618 0.232328 0.539067 0.018333 0.127654
2 2 0.085619 0.208745 0.570111 0.024056 0.111468
2 2 0.049158 0.134209 0.714329 0.036589 0.065715
2 2 0.086278 0.104147 0.687501 0.041226 0.080848
2 0 0.208317 0.138553 0.440770 0.067957 0.144403
1 0 0.262651 0.303130 0.160137 0.046102 0.227980
1 0 0.205258 0.289692 0.208161 0.046915 0.249974
1 0 0.189113 0.342801 0.254101 0.036194 0.177791
1 1 0.215497 0.280343 0.222009 0.019577 0.262574
4 1 0.237576 0.251225 0.164772 0.014067 0.332361
4 1 0.215929 0.269667 0.214715 0.014550 0.285139
2 1 0.145431 0.269244 0.370273 0.020528 0.194523
2 1 0.103171 0.247833 0.487412 0.028571 0.133013
2 1 0.050794 0.133451 0.722822 0.039457 0.053476
2 2 0.041604 0.089236 0.793332 0.044704 0.031124
2 2 0.028073 0.061775 0.836789 0.058413 0.014949
2 2 0.037846 0.076968 0.807602 0.058222 0.019362
2 2 0.033582 0.066309 0.825569 0.058200 0.016339
2 2 0.042584 0.098572 0.774134 0.058405 0.026304
2 2 0.066791 0.137253 0.708710 0.047784 0.039462
2 2 0.057540 0.124761 0.733867 0.049024 0.034809
2 2 0.061891 0.122791 0.732767 0.049563 0.032988
2 2 0.053164 0.096639 0.766562 0.057220 0.026416
2 2 0.058012 0.095849 0.762572 0.053714 0.029854
2 2 0.061717 0.109400 0.740084 0.046829 0.041971
2 2 0.098251 0.128334 0.647424 0.039755 0.086236
2 2 0.176294 0.176152 0.440909 0.035231 0.171414
2 2 0.178433 0.172822 0.465424 0.035957 0.147364
2 2 0.117951 0.169994 0.583526 0.050170 0.078359
2 2 0.039307 0.099291 0.777447 0.057152 0.026804
2 2 0.031347 0.071927 0.821458 0.058526 0.016741
2 2 0.020001 0.051734 0.866632 0.051393 0.010241
2 2 0.019284 0.051168 0.866592 0.052857 0.010099
2 2 0.023807 0.063257 0.838920 0.060377 0.013639
2 2 0.018029 0.049255 0.872965 0.050365 0.009386
2 2 0.018795 0.050405 0.869759 0.051119 0.009923
2 2 0.016128 0.046162 0.884511 0.044647 0.008551
2 2 0.020851 0.053472 0.858785 0.055897 0.010995
2 2 0.018311 0.049691 0.871524 0.050929 0.009546
2 2 0.015193 0.044663 0.888122 0.044188 0.007834
2 2 0.015955 0.045785 0.887564 0.041915 0.008781
2 2 0.018057 0.048686 0.885388 0.035999 0.011870
2 2 0.019030 0.050104 0.881760 0.036276 0.012830
2 2 0.019055 0.050482 0.875881 0.043183 0.011398
2 2 0.020800 0.053285 0.862199 0.052238 0.011478
2 2 0.020130 0.052423 0.862359 0.054507 0.010581
2 2 0.022327 0.055308 0.858400 0.050889 0.013076
2 2 0.021394 0.054249 0.856117 0.056933 0.011307
2 2 0.021171 0.053930 0.857213 0.056508 0.011178
2 2 0.020269 0.052008 0.874979 0.039337 0.013407
2 2 0.019486 0.050928 0.877442 0.039608 0.012536
2 2 0.015645 0.044951 0.895209 0.034446 0.009749
2 2 0.017752 0.048241 0.886401 0.036067 0.011539
2 2 0.022207 0.055010 0.861797 0.047361 0.013626
