0 0 0.740830 0.101840 0.077736 0.008464 0.071130
0 0 0.631966 0.147227 0.052367 0.002637 0.165804
0 0 0.879540 0.055870 0.039361 0.005409 0.019819
0 0 0.698924 0.112034 0.096273 0.014862 0.077908
0 0 0.714978 0.095760 0.108397 0.016070 0.064795
0 0 0.731335 0.109138 0.080451 0.014284 0.064791
0 0 0.788285 0.083291 0.074448 0.013885 0.040091
0 0 0.758666 0.113540 0.057558 0.010386 0.059851
0 0 0.650527 0.154068 0.099598 0.013824 0.081982
0 0 0.518225 0.182845 0.199964 0.015835 0.083131
0 0 0.387692 0.154383 0.356571 0.028423 0.072931
0 0 0.460480 0.145961 0.287055 0.031334 0.075171
0 0 0.465626 0.159634 0.264662 0.027651 0.082427
0 0 0.505656 0.174015 0.194327 0.025407 0.100595
0 0 0.595372 0.161870 0.091877 0.017032 0.133849
0 0 0.376655 0.206912 0.089667 0.010635 0.316131
4 0 0.340989 0.205013 0.068515 0.005004 0.380479
0 0 0.389711 0.201589 0.074970 0.006265 0.327464
0 0 0.421342 0.214539 0.062644 0.006321 0.295154
0 0 0.419084 0.202057 0.108750 0.019662 0.250446
0 0 0.390523 0.206262 0.115436 0.023018 0.264761
0 0 0.348530 0.208869 0.119688 0.023094 0.299819
0 0 0.393812 0.206628 0.118080 0.025711 0.255769
4 0 0.302896 0.210576 0.128189 0.026626 0.331714
0 0 0.355460 0.184584 0.162384 0.033765 0.263807
0 0 0.456486 0.152227 0.186262 0.061834 0.143190
0 0 0.600080 0.112942 0.161909 0.045661 0.079409
0 0 0.696152 0.107531 0.107407 0.024610 0.064301
0 0 0.592456 0.134618 0.136354 0.034649 0.101924
0 0 0.552360 0.163943 0.111985 0.021609 0.150103
4 0 0.316858 0.200070 0.120503 0.017110 0.345458
0 0 0.403769 0.197229 0.103145 0.013351 0.282506
0 0 0.517089 0.188604 0.074760 0.008705 0.210843
0 0 0.416135 0.204287 0.090537 0.011928 0.277112
0 0 0.410457 0.201301 0.093585 0.011725 0.282932
4 0 0.312450 0.214212 0.079636 0.008386 0.385315
0 0 0.419982 0.207684 0.070504 0.007009 0.294821
0 0 0.434586 0.197763 0.079530 0.007787 0.280334
0 0 0.555184 0.166054 0.089136 0.009977 0.179649
0 0 0.559796 0.177629 0.079838 0.011341 0.171397
0 0 0.526714 0.179229 0.097265 0.015988 0.180804
0 0 0.485865 0.181311 0.106956 0.015757 0.210111
0 0 0.436595 0.186880 0.114901 0.016408 0.245215
0 0 0.482976 0.174046 0.120808 0.018395 0.203774
0 0 0.410196 0.189639 0.129421 0.022799 0.247945
0 0 0.336814 0.209060 0.112341 0.018471 0.323314
0 0 0.379040 0.206564 0.104468 0.016096 0.293833
4 0 0.314760 0.209841 0.104774 0.014883 0.355742
0 0 0.393542 0.205179 0.102996 0.015824 0.282459
0 0 0.413786 0.194375 0.108985 0.015219 0.267635
0 0 0.477612 0.198904 0.086304 0.013116 0.224064
0 0 0.414816 0.197081 0.114058 0.019200 0.254846
0 0 0.535593 0.162072 0.126309 0.027617 0.148409
0 0 0.500911 0.142383 0.174095 0.035803 0.146808
0 0 0.455036 0.143670 0.199460 0.052155 0.149678
0 0 0.467365 0.162213 0.159280 0.034395 0.176748
0 0 0.607131 0.146568 0.107499 0.020896 0.117906
0 0 0.658286 0.125426 0.105079 0.018367 0.092842
0 0 0.765600 0.103809 0.062616 0.009177 0.058798
0 0 0.596545 0.155388 0.092095 0.012741 0.143231
0 0 0.636567 0.151707 0.080861 0.013424 0.117441
4 0 0.329121 0.227445 0.084478 0.013323 0.345632
0 0 0.591196 0.173459 0.069991 0.009551 0.155803
0 0 0.586349 0.171035 0.079274 0.012287 0.151055
0 0 0.602014 0.166508 0.073600 0.009964 0.147914
0 0 0.548889 0.174770 0.096205 0.017169 0.162967
0 0 0.489224 0.186196 0.106809 0.019368 0.198403
0 0 0.406057 0.205312 0.099307 0.015158 0.274166
0 0 0.413441 0.199315 0.106796 0.016506 0.263942
0 0 0.463767 0.186167 0.110605 0.017265 0.222196
0 0 0.530797 0.179059 0.095844 0.015811 0.178489
0 0 0.524261 0.166325 0.124242 0.025590 0.159582
0 0 0.592379 0.164498 0.089540 0.016353 0.137230
0 0 0.556209 0.168505 0.104744 0.021050 0.149492
0 0 0.492011 0.189280 0.102318 0.019052 0.197340
0 0 0.451569 0.202821 0.099961 0.019249 0.226400
0 0 0.651971 0.140582 0.091432 0.019591 0.096423
0 0 0.801308 0.093190 0.051973 0.007784 0.045745
0 0 0.950673 0.024401 0.017851 0.001660 0.005416
0 0 0.945390 0.029164 0.016839 0.001402 0.007205
0 0 0.954520 0.025203 0.013504 0.000970 0.005803
0 0 0.921565 0.041121 0.023108 0.002518 0.011687
0 0 0.914472 0.050919 0.017742 0.001821 0.015046
0 0 0.670041 0.163503 0.048033 0.007378 0.111046
0 0 0.632157 0.172247 0.050069 0.006102 0.139425
0 0 0.715380 0.113635 0.076900 0.008126 0.085959
0 0 0.832493 0.061142 0.069222 0.011876 0.025267
0 0 0.875838 0.057065 0.040828 0.005704 0.020566
0 0 0.889401 0.040254 0.050100 0.007165 0.013080
0 0 0.840421 0.060467 0.064015 0.010537 0.024560
0 0 0.811303 0.092951 0.044604 0.006011 0.045131
0 0 0.597160 0.164099 0.071138 0.007567 0.160036
0 0 0.634988 0.158259 0.051822 0.004052 0.150878
0 0 0.474320 0.189525 0.077474 0.007208 0.251473
0 0 0.778527 0.105020 0.046753 0.004418 0.065283
0 0 0.568341 0.167189 0.084019 0.010025 0.170426
0 0 0.688083 0.139514 0.061470 0.007549 0.103383
0 0 0.480729 0.196897 0.078687 0.009695 0.233993
0 0 0.495447 0.190863 0.088214 0.012604 0.212874
0 0 0.547820 0.170077 0.096315 0.013962 0.171826
0 0 0.741698 0.097168 0.089510 0.017013 0.054611
0 0 0.783671 0.080021 0.081902 0.015735 0.038670
0 0 0.845495 0.067727 0.051316 0.008010 0.027452
0 0 0.703832 0.127411 0.076571 0.015910 0.076276
0 0 0.594622 0.154455 0.077112 0.006465 0.167346
4 0 0.273117 0.194038 0.062011 0.003158 0.467677
4 0 0.158633 0.181208 0.047609 0.002137 0.610414
0 0 0.414379 0.191644 0.057583 0.002930 0.333465
0 0 0.400461 0.209615 0.068120 0.006300 0.315504
0 0 0.520893 0.179255 0.077907 0.007511 0.214434
0 0 0.481976 0.208977 0.056141 0.005812 0.247093
0 0 0.376069 0.237452 0.045929 0.004644 0.335906
0 0 0.363295 0.222193 0.049483 0.003795 0.361234
4 0 0.161419 0.184505 0.040050 0.001627 0.612399
4 0 0.190800 0.202586 0.052328 0.003378 0.550908
4 0 0.253767 0.206460 0.045916 0.002333 0.491525
4 0 0.328767 0.215356 0.040308 0.002083 0.413486
0 0 0.365175 0.218882 0.053524 0.004176 0.358244
4 0 0.297631 0.223318 0.048567 0.003532 0.426952
4 0 0.305703 0.239196 0.080787 0.015046 0.359267
4 0 0.178014 0.210195 0.067163 0.006927 0.537701
4 0 0.047716 0.129261 0.020975 0.000683 0.801365
4 1 0.059283 0.147235 0.017875 0.000600 0.775007
4 1 0.076212 0.156521 0.024400 0.000909 0.741958
4 1 0.192453 0.184714 0.036038 0.001130 0.585665
4 1 0.149107 0.190621 0.030229 0.001202 0.628841
4 2 0.144444 0.203424 0.040804 0.002824 0.608505
4 2 0.086754 0.173917 0.054243 0.004949 0.680137
4 2 0.106613 0.179469 0.079567 0.009103 0.625248
4 2 0.116580 0.187411 0.120957 0.024860 0.550192
4 2 0.145973 0.183796 0.159670 0.036409 0.474151
2 2 0.142268 0.190644 0.281129 0.111101 0.274859
2 2 0.083177 0.153674 0.502750 0.102547 0.157852
2 2 0.081018 0.158232 0.521087 0.071035 0.168628
2 2 0.083439 0.148378 0.532891 0.067589 0.167703
2 2 0.072517 0.149758 0.559716 0.071061 0.146947
2 2 0.054977 0.113790 0.655128 0.097112 0.078993
2 2 0.036403 0.092570 0.769546 0.045702 0.055780
2 2 0.028123 0.081308 0.815609 0.028453 0.046506
2 2 0.024827 0.078587 0.825655 0.032177 0.038755
2 2 0.018714 0.067919 0.861830 0.020314 0.031224
2 2 0.025188 0.079056 0.823969 0.032442 0.039345
2 2 0.025761 0.081070 0.815166 0.039717 0.038287
2 2 0.023981 0.080477 0.812144 0.050450 0.032949
2 2 0.016328 0.068964 0.848995 0.044187 0.021526
2 2 0.015520 0.069110 0.837474 0.059177 0.018719
2 2 0.018067 0.074475 0.809727 0.076792 0.020939
2 2 0.021319 0.079807 0.787077 0.087117 0.024679
2 2 0.035202 0.097148 0.666223 0.163585 0.037842
2 2 0.035866 0.097579 0.643809 0.185384 0.037362
2 3 0.039597 0.098160 0.547542 0.277238 0.037464
2 3 0.032529 0.092295 0.576158 0.269138 0.029879
2 3 0.029297 0.085105 0.500260 0.361188 0.024151
2 3 0.032675 0.086112 0.455729 0.398799 0.026684
2 3 0.033145 0.090047 0.513272 0.334897 0.028640
2 3 0.031510 0.090587 0.561440 0.288273 0.028190
2 3 0.035341 0.091455 0.497944 0.344608 0.030653
3 3 0.033523 0.081642 0.383506 0.475331 0.025997
3 3 0.026439 0.063647 0.264072 0.628111 0.017731
3 3 0.022491 0.060720 0.276198 0.625949 0.014642
3 3 0.031518 0.066785 0.249944 0.629924 0.021828
3 3 0.028024 0.065243 0.264679 0.622990 0.019064
3 3 0.022052 0.061597 0.291205 0.610708 0.014437
3 3 0.020268 0.055735 0.249980 0.661365 0.012652
3 3 0.024154 0.056111 0.215173 0.689239 0.015323
3 3 0.030573 0.068203 0.270249 0.609652 0.021324
3 3 0.035093 0.068505 0.239568 0.632072 0.024762
3 3 0.040273 0.071468 0.232246 0.626766 0.029247
3 3 0.036702 0.063775 0.195079 0.679111 0.025332
3 3 0.025636 0.051782 0.169992 0.736641 0.015950
3 3 0.024992 0.052226 0.177353 0.729884 0.015545
3 3 0.023612 0.053533 0.197576 0.710565 0.014714
3 3 0.029030 0.064716 0.251138 0.635388 0.019728
3 3 0.028519 0.058433 0.202078 0.692340 0.018630
3 3 0.021187 0.045054 0.148664 0.772681 0.012414
3 3 0.020515 0.038331 0.107482 0.822151 0.011521
3 3 0.023698 0.048040 0.154652 0.759299 0.014310
3 3 0.027674 0.058754 0.210410 0.685101 0.018060
3 3 0.027024 0.059771 0.223713 0.671785 0.017707
3 3 0.019454 0.045039 0.160622 0.763597 0.011288
3 3 0.020234 0.040285 0.121284 0.806728 0.011470
3 3 0.018626 0.034931 0.095863 0.840455 0.010124
3 3 0.014175 0.028501 0.078999 0.871194 0.007131
3 3 0.012547 0.027377 0.080836 0.873078 0.006161
3 3 0.013436 0.030677 0.097145 0.851933 0.006809
3 3 0.016640 0.040716 0.148315 0.785092 0.009236
3 3 0.018192 0.040444 0.134728 0.796448 0.010187
3 3 0.023270 0.046234 0.144484 0.772133 0.013880
3 3 0.024705 0.041784 0.109674 0.809345 0.014492
3 3 0.016519 0.031000 0.082521 0.861335 0.008625
3 3 0.017047 0.031737 0.084393 0.857843 0.008980
3 3 0.016541 0.033962 0.100379 0.840319 0.008798
3 3 0.020236 0.041830 0.131665 0.794695 0.011574
3 3 0.018035 0.037200 0.113131 0.821739 0.009894
3 3 0.019925 0.039195 0.115841 0.813837 0.011202
3 3 0.019722 0.035377 0.093601 0.840468 0.010832
3 3 0.026710 0.046460 0.119099 0.790477 0.017254
3 3 0.022234 0.039290 0.105485 0.820303 0.012688
3 3 0.023086 0.046529 0.147588 0.769017 0.013780
3 3 0.026135 0.045996 0.128569 0.783506 0.015794
3 3 0.031395 0.049764 0.129477 0.769558 0.019806
3 3 0.015525 0.029592 0.078940 0.867977 0.007966
3 3 0.010006 0.021248 0.057516 0.906681 0.004549
3 3 0.012370 0.024945 0.067054 0.889672 0.005959
3 3 0.018674 0.035616 0.099755 0.835761 0.010195
3 3 0.024835 0.042767 0.114827 0.802916 0.014656
3 3 0.025957 0.045961 0.129150 0.783262 0.015670
3 3 0.054016 0.067387 0.169904 0.678059 0.030633
3 3 0.043286 0.065478 0.185090 0.678706 0.027440
3 3 0.068664 0.093158 0.313236 0.487860 0.037083
3 3 0.049710 0.086142 0.296145 0.527968 0.040036
3 2 0.066011 0.092558 0.237086 0.543014 0.061332
3 2 0.144189 0.109267 0.258003 0.418521 0.070020
3 2 0.072159 0.094858 0.264767 0.506376 0.061840
3 2 0.095573 0.105153 0.292536 0.440368 0.066370
3 2 0.080151 0.099447 0.289379 0.472591 0.058432
2 2 0.137684 0.125319 0.420040 0.249091 0.067866
2 2 0.167811 0.131684 0.312952 0.278152 0.109401
0 2 0.364787 0.143894 0.238478 0.152708 0.100134
0 0 0.367845 0.181717 0.181037 0.057908 0.211493
0 0 0.434171 0.187749 0.116007 0.017136 0.244937
0 2 0.442413 0.193267 0.087130 0.009086 0.268104
4 2 0.304048 0.215612 0.064653 0.005431 0.410257
4 2 0.214448 0.211420 0.075225 0.007757 0.491150
4 2 0.137975 0.185123 0.077555 0.007128 0.592219
4 2 0.149811 0.190633 0.077473 0.007322 0.574762
4 2 0.279239 0.198407 0.124295 0.017275 0.380785
0 2 0.410439 0.192110 0.127728 0.023648 0.246074
0 0 0.611179 0.169888 0.072282 0.012656 0.133994
0 0 0.573606 0.201473 0.044881 0.005938 0.174102
0 0 0.502915 0.212149 0.043525 0.004045 0.237365
0 0 0.395687 0.216106 0.041730 0.002519 0.343958
0 0 0.423872 0.207361 0.048949 0.003121 0.316697
0 2 0.441487 0.209484 0.035928 0.001852 0.311248
0 2 0.405107 0.220327 0.049427 0.004041 0.321098
0 2 0.433770 0.219701 0.058135 0.006370 0.282024
0 2 0.387372 0.212062 0.102731 0.018489 0.279347
0 2 0.390873 0.170215 0.177032 0.037185 0.224696
4 2 0.294708 0.180229 0.184281 0.038603 0.302178
2 2 0.205536 0.180149 0.269904 0.205285 0.139127
2 2 0.095894 0.121096 0.425108 0.275613 0.082290
2 2 0.088854 0.127271 0.612738 0.052186 0.118950
2 2 0.051297 0.109137 0.661789 0.111879 0.065898
2 2 0.041607 0.100433 0.723500 0.077773 0.056687
2 2 0.030684 0.088448 0.782959 0.054564 0.043345
2 2 0.062965 0.123012 0.637049 0.097837 0.079137
2 2 0.093479 0.126515 0.595105 0.072405 0.112495
2 2 0.141916 0.157864 0.386090 0.075049 0.239080
2 2 0.153782 0.157007 0.344401 0.069652 0.275158
2 2 0.121149 0.156893 0.376331 0.069435 0.276191
2 2 0.129624 0.146039 0.353697 0.123711 0.246929
2 2 0.216633 0.146185 0.302550 0.176461 0.158170
0 2 0.419239 0.143948 0.216542 0.078582 0.141689
0 0 0.694111 0.102743 0.115073 0.026871 0.061202
0 0 0.801812 0.088697 0.057968 0.009947 0.041576
0 0 0.863216 0.067270 0.038438 0.005398 0.025679
0 0 0.830948 0.089746 0.035791 0.005158 0.038358
0 0 0.758793 0.119596 0.047167 0.006538 0.067906
0 1 0.569247 0.183704 0.063216 0.007769 0.176064
0 2 0.356450 0.201998 0.082284 0.007250 0.352018
4 2 0.249464 0.209570 0.092530 0.010914 0.437521
4 2 0.202786 0.212389 0.071405 0.007376 0.506043
4 2 0.151869 0.189199 0.082563 0.007989 0.568380
4 2 0.206540 0.204104 0.094006 0.011121 0.484230
4 2 0.216220 0.190734 0.153827 0.027937 0.411282
4 2 0.192559 0.180794 0.257148 0.048934 0.320564
2 2 0.166296 0.193603 0.357102 0.043890 0.239110
2 2 0.084370 0.147887 0.525940 0.061595 0.180207
2 2 0.103308 0.151834 0.553752 0.054778 0.136328
2 2 0.067206 0.109590 0.691361 0.053608 0.078235
2 2 0.271730 0.185253 0.398627 0.035500 0.108890
0 1 0.389249 0.208942 0.169603 0.033472 0.198734
0 1 0.518483 0.183024 0.100669 0.019163 0.178661
4 2 0.263210 0.201053 0.141879 0.027237 0.366622
2 2 0.162580 0.134650 0.528670 0.067795 0.106305
2 2 0.072074 0.114005 0.663711 0.069201 0.081009
2 2 0.051544 0.109402 0.657951 0.115387 0.065716
2 2 0.048638 0.106768 0.683411 0.096844 0.064340
2 2 0.047689 0.105885 0.690358 0.092415 0.063654
2 2 0.046208 0.106046 0.663202 0.128546 0.055997
2 2 0.040596 0.101140 0.701356 0.106364 0.050544
2 2 0.044171 0.104259 0.681167 0.115788 0.054616
2 2 0.042126 0.101723 0.709517 0.091606 0.055028
2 2 0.041931 0.101875 0.704609 0.097833 0.053751
2 2 0.055884 0.112072 0.644152 0.115569 0.072323
2 2 0.076089 0.120539 0.595118 0.117483 0.090771
2 2 0.111351 0.152484 0.522802 0.094360 0.119003
2 2 0.216435 0.172623 0.384628 0.073311 0.153003
2 1 0.222888 0.180713 0.371837 0.066499 0.158063
2 1 0.172417 0.170813 0.361118 0.093020 0.202633
2 2 0.138762 0.149263 0.417713 0.077655 0.216607
2 2 0.081792 0.134106 0.529002 0.114028 0.141073
2 2 0.060007 0.115133 0.653742 0.078793 0.092326
2 2 0.034444 0.092476 0.766163 0.057941 0.048977
2 2 0.050639 0.121724 0.677663 0.072504 0.077469
2 2 0.038238 0.096897 0.743404 0.068398 0.053063
2 2 0.042392 0.099802 0.732807 0.063853 0.061147
2 2 0.031998 0.090097 0.775470 0.057496 0.044939
2 2 0.035389 0.096106 0.729614 0.094599 0.044292
2 2 0.044766 0.105135 0.656255 0.141321 0.052523
2 2 0.057583 0.111385 0.666614 0.082143 0.082274
2 2 0.102283 0.123266 0.601164 0.088370 0.084917
2 2 0.336388 0.145909 0.358478 0.058463 0.100762
0 2 0.317175 0.158930 0.304939 0.076755 0.142200
0 2 0.466280 0.128523 0.222065 0.083142 0.099990
0 1 0.508880 0.132025 0.188787 0.062682 0.107626
2 2 0.274154 0.131669 0.431367 0.075534 0.087277
2 2 0.309556 0.135016 0.351240 0.101801 0.102388
2 2 0.186888 0.141007 0.396183 0.148258 0.127665
2 2 0.347585 0.129831 0.352708 0.080031 0.089845
0 2 0.439614 0.150012 0.263685 0.046506 0.100183
0 0 0.821909 0.087787 0.044588 0.006928 0.038788
0 0 0.710747 0.133731 0.056597 0.007126 0.091799
0 0 0.684253 0.160814 0.039606 0.004921 0.110406
4 0 0.328145 0.229607 0.077781 0.011418 0.353049
4 0 0.256435 0.214919 0.089635 0.011305 0.427707
4 0 0.166603 0.195744 0.099151 0.012527 0.525976
4 0 0.175772 0.192458 0.080631 0.007043 0.544096
4 1 0.117960 0.175868 0.058875 0.004032 0.643265
4 2 0.079618 0.154538 0.063538 0.004788 0.697517
4 2 0.119275 0.167130 0.107513 0.011223 0.594859
4 2 0.144394 0.174846 0.165565 0.032062 0.483132
4 2 0.116411 0.170794 0.325949 0.052901 0.333945
2 2 0.075506 0.135612 0.544963 0.057708 0.186211
2 2 0.066505 0.129607 0.575656 0.115876 0.112356
2 2 0.066813 0.127548 0.569465 0.132630 0.103545
2 2 0.070758 0.121747 0.539694 0.179504 0.088297
2 2 0.069477 0.125301 0.564668 0.140949 0.099605
2 2 0.049715 0.108680 0.632825 0.150267 0.058512
2 2 0.054959 0.115835 0.608121 0.149851 0.071235
2 2 0.066435 0.120830 0.552084 0.176849 0.083801
2 2 0.089680 0.122550 0.427730 0.258844 0.101195
2 2 0.068938 0.116959 0.500947 0.237361 0.075796
2 2 0.066619 0.118074 0.570929 0.163433 0.080944
2 2 0.053515 0.109627 0.672223 0.091385 0.073249
2 2 0.049013 0.108166 0.643249 0.141018 0.058554
2 2 0.050159 0.108815 0.649316 0.130174 0.061537
2 2 0.055410 0.111952 0.640285 0.121783 0.070569
2 2 0.050809 0.107234 0.687942 0.086716 0.067300
2 2 0.040074 0.098275 0.744991 0.055700 0.060960
2 2 0.024885 0.080602 0.815401 0.043203 0.035910
2 2 0.024199 0.078549 0.825003 0.035696 0.036553
2 2 0.036684 0.095675 0.747624 0.069796 0.050221
2 2 0.072031 0.099946 0.745790 0.031748 0.050486
2 2 0.039903 0.093371 0.768658 0.040774 0.057293
2 2 0.041405 0.094263 0.764384 0.039237 0.060710
2 2 0.029270 0.086420 0.792385 0.049981 0.041944
2 2 0.049763 0.107881 0.674158 0.103105 0.065093
2 2 0.045789 0.104022 0.704071 0.083850 0.062268
2 2 0.039343 0.095644 0.755419 0.049778 0.059816
2 2 0.028452 0.084942 0.799496 0.045538 0.041572
2 2 0.029985 0.086786 0.792161 0.047233 0.043836
2 2 0.040979 0.100280 0.721272 0.082729 0.054740
2 2 0.034960 0.094385 0.750761 0.073068 0.046826
2 2 0.042939 0.103785 0.650774 0.153678 0.048825
2 2 0.031089 0.091047 0.758813 0.079247 0.039804
2 2 0.041225 0.101391 0.705293 0.099689 0.052401
2 2 0.034522 0.093481 0.757646 0.067162 0.047190
2 2 0.034459 0.088980 0.785171 0.035486 0.055904
2 2 0.034718 0.104218 0.725574 0.089845 0.045644
2 2 0.052329 0.119131 0.658874 0.074913 0.094753
2 2 0.060772 0.153045 0.497900 0.026965 0.261318
4 2 0.078911 0.156378 0.344026 0.031710 0.388975
4 4 0.081405 0.176755 0.111417 0.017157 0.613267
4 4 0.078170 0.172448 0.076449 0.010943 0.661990
4 4 0.146945 0.200900 0.122100 0.018043 0.512012
4 4 0.091434 0.181843 0.144801 0.020115 0.561807
4 4 0.076791 0.169783 0.140699 0.017122 0.595606
4 4 0.073624 0.156635 0.123598 0.015518 0.630625
4 4 0.074809 0.150846 0.113462 0.015817 0.645066
4 4 0.068637 0.169359 0.098723 0.011776 0.651506
4 4 0.076884 0.167148 0.117700 0.016056 0.622212
4 4 0.073045 0.164796 0.102724 0.013791 0.645644
4 4 0.052100 0.136844 0.069233 0.006665 0.735158
4 4 0.035359 0.111398 0.050549 0.003112 0.799582
4 4 0.028867 0.101897 0.040198 0.002036 0.827001
4 4 0.042151 0.137376 0.034641 0.002542 0.783289
4 4 0.068173 0.147558 0.072056 0.006423 0.705790
4 4 0.080835 0.161156 0.076915 0.008062 0.673032
4 4 0.078847 0.172071 0.095168 0.014862 0.639053
4 4 0.092578 0.196652 0.158556 0.017673 0.534542
4 4 0.075988 0.170264 0.191735 0.019333 0.542681
4 4 0.051883 0.132540 0.074755 0.006917 0.733906
4 4 0.040971 0.125219 0.051431 0.003917 0.778462
4 4 0.060721 0.140865 0.035490 0.001676 0.761248
4 4 0.080455 0.167086 0.032916 0.001852 0.717692
4 4 0.106310 0.191639 0.036557 0.002627 0.662867
4 4 0.138045 0.207081 0.065582 0.008066 0.581227
4 4 0.159998 0.196002 0.118384 0.019950 0.505665
4 4 0.195809 0.205868 0.135593 0.026838 0.435892
4 4 0.100848 0.198915 0.155053 0.028484 0.516700
4 4 0.086049 0.162176 0.123198 0.021014 0.607562
4 4 0.071537 0.141217 0.122648 0.015449 0.649150
4 4 0.065925 0.150969 0.086835 0.010766 0.685506
4 4 0.100665 0.174677 0.103286 0.015379 0.605993
4 4 0.141734 0.189351 0.126719 0.022696 0.519500
4 4 0.087424 0.183032 0.179863 0.023747 0.525934
4 2 0.084272 0.174673 0.201968 0.024369 0.514717
4 2 0.107173 0.165055 0.139383 0.022502 0.565888
4 2 0.241684 0.196968 0.139775 0.023653 0.397920
4 2 0.238900 0.206493 0.121681 0.020440 0.412486
4 2 0.238768 0.207101 0.104048 0.013892 0.436191
4 4 0.104652 0.178623 0.090026 0.011866 0.614833
4 4 0.097480 0.171957 0.073194 0.007275 0.650094
4 4 0.056228 0.140927 0.075501 0.007881 0.719464
4 4 0.081259 0.153375 0.102736 0.012049 0.650581
4 4 0.064735 0.144112 0.077339 0.007292 0.706523
4 4 0.058329 0.142617 0.062184 0.005327 0.731542
4 4 0.067785 0.145936 0.080067 0.007667 0.698545
4 4 0.074199 0.161833 0.088389 0.012361 0.663218
4 2 0.112008 0.183017 0.115769 0.021184 0.568023
4 2 0.068523 0.197422 0.179198 0.014004 0.540853
4 2 0.076389 0.166944 0.241476 0.022388 0.492803
2 2 0.081302 0.146722 0.397714 0.043693 0.330569
2 2 0.076046 0.145686 0.485501 0.131218 0.161549
2 2 0.074824 0.134003 0.527435 0.139702 0.124036
2 2 0.087356 0.142310 0.486261 0.122255 0.161818
2 2 0.091189 0.177138 0.422334 0.052093 0.257246
2 2 0.077609 0.163635 0.489464 0.045282 0.224010
2 2 0.071166 0.144876 0.542441 0.046292 0.195225
2 2 0.063905 0.125433 0.605974 0.096405 0.108283
2 2 0.051974 0.114095 0.567834 0.203887 0.062209
2 2 0.065842 0.116852 0.377255 0.362410 0.077641
2 2 0.058899 0.106453 0.398390 0.378035 0.058224
2 2 0.062661 0.111392 0.421516 0.339204 0.065228
2 2 0.044229 0.103947 0.522992 0.283909 0.044921
3 2 0.056320 0.091087 0.261865 0.539278 0.051451
3 2 0.036861 0.061529 0.179215 0.697236 0.025159
3 2 0.056326 0.092010 0.249241 0.548150 0.054273
2 2 0.050399 0.103684 0.482703 0.315143 0.048072
2 2 0.053632 0.110901 0.591270 0.183657 0.060541
2 2 0.057620 0.113000 0.640717 0.113239 0.075425
2 2 0.076333 0.122024 0.631478 0.091725 0.078441
2 2 0.040957 0.102875 0.763238 0.031564 0.061365
2 2 0.030707 0.089430 0.797916 0.029328 0.052620
2 2 0.026714 0.080596 0.818495 0.031720 0.042475
2 2 0.032859 0.093342 0.774919 0.043731 0.055150
2 2 0.049609 0.109189 0.688842 0.078140 0.074221
2 2 0.045893 0.107109 0.598291 0.197813 0.050895
2 2 0.048129 0.099254 0.444506 0.364579 0.043532
3 2 0.055905 0.080942 0.228603 0.590460 0.044090
3 2 0.057674 0.076246 0.193563 0.627925 0.044591
3 2 0.043719 0.063018 0.161867 0.700715 0.030680
3 2 0.092067 0.092167 0.225678 0.535404 0.054684
3 2 0.067166 0.078874 0.197220 0.614175 0.042565
3 2 0.051861 0.070940 0.180927 0.657679 0.038593
3 3 0.028107 0.045923 0.119974 0.788856 0.017140
3 3 0.023084 0.039749 0.104586 0.819308 0.013273
3 3 0.027891 0.045664 0.119333 0.790144 0.016968
3 3 0.022280 0.038722 0.102013 0.824306 0.012678
3 3 0.024074 0.040997 0.107708 0.813207 0.014014
3 3 0.017762 0.032726 0.086899 0.853146 0.009467
3 3 0.013324 0.026381 0.070739 0.883004 0.006551
3 3 0.016534 0.030215 0.080169 0.865147 0.007935
3 3 0.015854 0.030060 0.080131 0.865773 0.008182
3 3 0.012918 0.025773 0.069180 0.885832 0.006297
3 3 0.012813 0.025337 0.067935 0.887895 0.006019
3 3 0.030776 0.038731 0.097944 0.823706 0.008842
3 3 0.070988 0.051223 0.120598 0.748286 0.008906
3 3 0.065542 0.048983 0.115858 0.761256 0.008361
3 3 0.030777 0.034705 0.086577 0.841744 0.006197
3 3 0.034197 0.036252 0.089718 0.833483 0.006350
3 3 0.014089 0.027513 0.073636 0.877725 0.007036
3 3 0.011999 0.024378 0.065596 0.892295 0.005732
3 3 0.019702 0.032011 0.083663 0.856775 0.007849
3 3 0.018984 0.030841 0.080612 0.862305 0.007259
3 3 0.025333 0.037309 0.096257 0.831378 0.009723
3 3 0.073238 0.068586 0.166738 0.668130 0.023308
3 3 0.105099 0.087480 0.209296 0.559542 0.038583
3 3 0.093818 0.093518 0.228846 0.527009 0.056808
3 3 0.053787 0.076802 0.209757 0.618296 0.041358
3 3 0.031222 0.060584 0.201658 0.685705 0.020831
3 3 0.021743 0.047651 0.164347 0.753286 0.012973
3 3 0.017620 0.038287 0.123023 0.811370 0.009701
3 3 0.018358 0.037520 0.113423 0.820587 0.010113
3 3 0.023025 0.039674 0.104398 0.819673 0.013229
3 3 0.022653 0.039699 0.106085 0.818576 0.012988
3 3 0.027782 0.045534 0.119010 0.790791 0.016882
2 3 0.067039 0.111557 0.396027 0.356078 0.069298
3 3 0.034606 0.077443 0.325055 0.537001 0.025895
3 3 0.031906 0.051137 0.132085 0.764162 0.020710
3 3 0.065196 0.110899 0.280751 0.462873 0.080280
3 3 0.012010 0.024395 0.065640 0.892216 0.005739
3 3 0.012956 0.025830 0.069326 0.885567 0.006321
3 3 0.018646 0.033932 0.089951 0.847395 0.010077
3 3 0.025311 0.042534 0.111545 0.805655 0.014955
3 3 0.017477 0.032333 0.085904 0.855014 0.009272
3 3 0.012996 0.025890 0.069479 0.885290 0.006346
3 3 0.015210 0.029141 0.077791 0.870099 0.007759
3 3 0.015090 0.028968 0.077350 0.870911 0.007681
3 3 0.015889 0.030111 0.080261 0.865533 0.008206
3 3 0.018465 0.033686 0.089330 0.848567 0.009951
3 3 0.018138 0.033241 0.088203 0.850693 0.009725
3 3 0.011786 0.024051 0.064753 0.893807 0.005603
3 3 0.013411 0.026511 0.071072 0.882400 0.006606
3 3 0.011694 0.023908 0.064386 0.894465 0.005547
3 3 0.014439 0.028024 0.074942 0.875336 0.007259
3 3 0.018193 0.033316 0.088394 0.850333 0.009763
3 3 0.020488 0.036392 0.096157 0.835587 0.011377
3 3 0.012480 0.025112 0.067481 0.888901 0.006026
3 3 0.017576 0.032470 0.086251 0.854363 0.009340
3 3 0.021235 0.037370 0.098618 0.830863 0.011915
3 3 0.026131 0.043540 0.114052 0.800688 0.015588
3 3 0.019688 0.035332 0.093486 0.840687 0.010807
3 3 0.016524 0.031006 0.082537 0.861305 0.008628
3 3 0.012759 0.025534 0.068567 0.886941 0.006199
3 3 0.022374 0.038843 0.102316 0.823720 0.012747
3 3 0.019170 0.034638 0.091736 0.844013 0.010443
3 3 0.017368 0.032183 0.085524 0.855727 0.009198
3 3 0.020780 0.036776 0.097125 0.833732 0.011587
3 3 0.016487 0.030955 0.082407 0.861547 0.008604
3 3 0.034699 0.051213 0.132034 0.762562 0.019493
3 3 0.074444 0.070406 0.171360 0.658666 0.025123
0 2 0.406679 0.106731 0.219996 0.231063 0.035532
0 2 0.332362 0.114549 0.244439 0.258957 0.049693
0 2 0.353384 0.121434 0.243909 0.222553 0.058720
2 2 0.157074 0.123273 0.337085 0.301301 0.081267
2 2 0.077122 0.118380 0.453406 0.267532 0.083561
2 2 0.134623 0.127282 0.495736 0.177912 0.064448
2 2 0.095460 0.123597 0.503733 0.201197 0.076012
2 2 0.056015 0.112386 0.635240 0.125454 0.070905
2 2 0.045354 0.100147 0.733867 0.049735 0.070897
2 2 0.026299 0.080091 0.820357 0.031484 0.041769
2 2 0.028303 0.083794 0.805591 0.039346 0.042965
2 2 0.029256 0.085558 0.797798 0.044007 0.043380
2 2 0.032295 0.091975 0.758445 0.074998 0.042287
2 2 0.020496 0.077329 0.811289 0.065446 0.025440
2 2 0.018771 0.076834 0.776303 0.108121 0.019971
2 2 0.024877 0.085905 0.721346 0.141894 0.025979
2 2 0.033552 0.095150 0.636327 0.201266 0.033706
2 2 0.042695 0.097934 0.491204 0.329226 0.038941
2 2 0.055509 0.106646 0.470904 0.312907 0.054033
2 2 0.126292 0.127007 0.430291 0.233150 0.083260
2 2 0.105467 0.124109 0.589343 0.103141 0.077939
2 2 0.050673 0.101856 0.730502 0.053034 0.063936
2 2 0.030829 0.090093 0.768482 0.069814 0.040783
2 2 0.023023 0.083575 0.711863 0.158584 0.022955
2 2 0.028822 0.089580 0.620831 0.233843 0.026925
2 2 0.029370 0.091220 0.699657 0.148449 0.031303
2 2 0.035078 0.095012 0.743838 0.080236 0.045836
2 2 0.024944 0.078483 0.826161 0.031070 0.039341
2 2 0.023546 0.077184 0.831267 0.030834 0.037169
2 2 0.024345 0.080528 0.813691 0.047299 0.034138
2 2 0.026453 0.087662 0.729784 0.127284 0.028817
2 2 0.043801 0.103466 0.588642 0.218838 0.045253
2 2 0.039227 0.100229 0.616926 0.203095 0.040523
2 2 0.036752 0.098448 0.689534 0.133071 0.042195
2 2 0.023432 0.081928 0.791353 0.074438 0.028849
2 2 0.018884 0.073192 0.836006 0.046656 0.025262
2 2 0.020808 0.075100 0.833915 0.040742 0.029434
2 2 0.015213 0.064935 0.868210 0.029631 0.022010
2 2 0.015485 0.066285 0.861870 0.034830 0.021530
2 2 0.022947 0.082016 0.780931 0.087151 0.026955
2 2 0.028358 0.089681 0.732540 0.117396 0.032025
2 2 0.026728 0.087667 0.743190 0.112211 0.030204
2 2 0.027153 0.087380 0.762223 0.090610 0.032634
2 2 0.017419 0.071864 0.833747 0.055041 0.021929
2 2 0.015434 0.067298 0.854336 0.042616 0.020315
2 2 0.019782 0.074857 0.829281 0.049841 0.026239
2 2 0.025544 0.081001 0.815018 0.040811 0.037626
2 2 0.027326 0.082080 0.812611 0.035698 0.042284
2 2 0.023944 0.079876 0.816413 0.046064 0.033703
2 2 0.023868 0.082952 0.782327 0.082136 0.028717
2 2 0.024664 0.083277 0.789558 0.071486 0.031016
2 2 0.032656 0.094491 0.706424 0.129522 0.036907
2 2 0.034880 0.096418 0.710422 0.117234 0.041046
2 2 0.028320 0.089749 0.727737 0.122600 0.031594
2 2 0.031972 0.093563 0.720056 0.117442 0.036968
2 2 0.028237 0.089379 0.739052 0.110976 0.032357
2 2 0.024479 0.085357 0.727474 0.136958 0.025732
2 2 0.025519 0.086719 0.687946 0.174532 0.025284
2 2 0.036991 0.097877 0.606629 0.221653 0.036850
2 2 0.035132 0.096334 0.617352 0.216292 0.034891
2 2 0.040138 0.100487 0.595412 0.223432 0.040531
2 2 0.039355 0.102452 0.655712 0.157274 0.045207
2 2 0.031287 0.092843 0.641137 0.203842 0.030891
2 2 0.032573 0.091975 0.566896 0.278939 0.029616
2 2 0.037518 0.090740 0.453115 0.386857 0.031769
2 2 0.054717 0.100449 0.399808 0.395616 0.049410
3 2 0.061210 0.101306 0.334958 0.444703 0.057823
2 2 0.065633 0.106869 0.392816 0.372211 0.062471
3 2 0.051031 0.086134 0.288702 0.532976 0.041157
3 2 0.092743 0.099823 0.246573 0.484962 0.075899
3 2 0.069228 0.092693 0.263447 0.518261 0.056370
3 2 0.059049 0.086084 0.251170 0.555561 0.048136
3 2 0.105981 0.094011 0.226666 0.522585 0.050758
3 2 0.092083 0.104526 0.301307 0.440264 0.061820
2 2 0.133338 0.128891 0.492745 0.169567 0.075459
2 2 0.049292 0.108334 0.618770 0.167408 0.056198
2 2 0.036733 0.097990 0.709140 0.111907 0.044229
2 2 0.026559 0.087067 0.755724 0.099687 0.030963
2 2 0.023280 0.080982 0.808122 0.056118 0.031498
2 2 0.029771 0.096454 0.772500 0.046085 0.055189
2 2 0.032015 0.099291 0.757845 0.054215 0.056634
2 2 0.033403 0.106476 0.742231 0.044677 0.073213
2 2 0.050245 0.130222 0.623384 0.038002 0.158148
2 2 0.070721 0.142049 0.479708 0.037078 0.270445
4 4 0.079334 0.153799 0.166363 0.020837 0.579667
4 4 0.069155 0.139354 0.118760 0.014332 0.658399
4 4 0.096617 0.192700 0.173605 0.028721 0.508357
2 1 0.126379 0.136243 0.586324 0.056802 0.094252
2 1 0.114488 0.153922 0.557377 0.040706 0.133506
2 2 0.068167 0.177805 0.493925 0.032975 0.227128
2 4 0.071540 0.174013 0.430931 0.030550 0.292965
2 4 0.069486 0.148677 0.443775 0.031581 0.306481
2 4 0.049290 0.133182 0.633375 0.028375 0.155779
2 4 0.046844 0.118327 0.671883 0.031180 0.131767
2 2 0.028434 0.091169 0.792387 0.026105 0.061905
2 2 0.025588 0.087981 0.803994 0.033885 0.048552
2 2 0.019193 0.073605 0.835044 0.046354 0.025804
2 2 0.019578 0.075447 0.821558 0.058609 0.024808
2 2 0.018268 0.073520 0.826564 0.058844 0.022804
2 2 0.028616 0.087828 0.775521 0.070886 0.037149
2 2 0.038911 0.099210 0.718184 0.093995 0.049699
2 2 0.060715 0.120315 0.643180 0.052700 0.123089
2 2 0.055499 0.109095 0.706606 0.043193 0.085607
2 2 0.041899 0.097709 0.745832 0.050233 0.064327
2 2 0.032987 0.092126 0.780325 0.035894 0.058668
2 2 0.028264 0.082023 0.813118 0.030788 0.045808
2 2 0.033354 0.088439 0.787625 0.037666 0.052916
2 2 0.072788 0.123124 0.677100 0.044790 0.082197
2 1 0.288879 0.150958 0.398934 0.057476 0.103753
2 2 0.230642 0.133542 0.486342 0.061069 0.088405
2 2 0.207365 0.165462 0.450107 0.055187 0.121879
2 2 0.065893 0.137226 0.623428 0.039192 0.134261
2 2 0.034515 0.094891 0.771248 0.029929 0.069417
2 2 0.023714 0.079823 0.827807 0.020219 0.048438
2 2 0.023694 0.081056 0.824879 0.019374 0.050997
2 2 0.018954 0.069194 0.859439 0.017520 0.034892
2 2 0.015938 0.062261 0.878686 0.015382 0.027733
2 2 0.017700 0.067456 0.865323 0.015968 0.033554
2 2 0.020102 0.075322 0.844151 0.016087 0.044338
2 2 0.023195 0.077824 0.833278 0.020545 0.045158
2 2 0.017850 0.067525 0.864899 0.016240 0.033487
2 2 0.016928 0.064156 0.873153 0.016381 0.029382
2 2 0.016132 0.063983 0.873924 0.019577 0.026384
2 2 0.013251 0.057562 0.892277 0.014226 0.022684
2 2 0.013854 0.059166 0.887881 0.015853 0.023247
2 2 0.019812 0.069296 0.857298 0.020031 0.033562
2 2 0.018897 0.068502 0.860034 0.021419 0.031148
2 2 0.014370 0.060604 0.883797 0.017607 0.023622
2 2 0.011996 0.056514 0.894837 0.017655 0.018998
2 2 0.012982 0.060937 0.878865 0.028906 0.018311
2 2 0.013847 0.062581 0.874449 0.029429 0.019693
2 2 0.018146 0.072760 0.833075 0.052718 0.023301
2 2 0.019201 0.073865 0.832970 0.048455 0.025510
2 2 0.020091 0.075932 0.822136 0.055924 0.025916
2 2 0.022756 0.080026 0.806762 0.061069 0.029387
2 2 0.023135 0.082294 0.779622 0.087783 0.027166
2 2 0.025232 0.085484 0.759973 0.100238 0.029074
2 2 0.022132 0.081345 0.774526 0.096924 0.025074
2 2 0.021465 0.078818 0.805711 0.067321 0.026686
2 2 0.018517 0.073487 0.829925 0.054398 0.023673
2 2 0.028431 0.089909 0.725613 0.124433 0.031614
2 2 0.031089 0.092215 0.736789 0.102830 0.037076
2 2 0.030130 0.088916 0.775867 0.064559 0.040528
2 2 0.026498 0.085018 0.788232 0.065663 0.034588
2 2 0.030912 0.092014 0.737803 0.102408 0.036864
2 2 0.026725 0.087284 0.754602 0.100243 0.031147
2 2 0.026445 0.087099 0.751605 0.104437 0.030414
2 2 0.027483 0.087234 0.770345 0.080777 0.034161
2 2 0.028029 0.088713 0.751899 0.098196 0.033164
2 2 0.030793 0.092698 0.702830 0.140010 0.033669
2 2 0.027426 0.089006 0.683733 0.172165 0.027670
2 2 0.031032 0.092205 0.624867 0.222042 0.029854
2 2 0.031893 0.092347 0.596993 0.248917 0.029851
3 2 0.054040 0.098910 0.388176 0.410770 0.048104
3 2 0.052883 0.098846 0.396397 0.404767 0.047108
3 3 0.060397 0.099481 0.351796 0.434448 0.053879
3 3 0.047951 0.094303 0.386484 0.430133 0.041129
3 3 0.042739 0.092186 0.410395 0.418489 0.036191
2 3 0.038927 0.097067 0.537657 0.290128 0.036221
2 3 0.044417 0.099492 0.492492 0.322525 0.041074
2 3 0.056501 0.110729 0.529251 0.244143 0.059376
2 3 0.052902 0.108960 0.545869 0.236880 0.055389
2 3 0.031657 0.093668 0.679741 0.161485 0.033449
2 3 0.031347 0.093334 0.676453 0.166066 0.032801
2 3 0.033922 0.094667 0.601957 0.236854 0.032600
3 3 0.037368 0.086620 0.397525 0.448183 0.030304
3 3 0.039606 0.086885 0.379447 0.462054 0.032008
3 3 0.051304 0.083041 0.263077 0.561961 0.040617
3 3 0.048860 0.084420 0.286679 0.541162 0.038880
3 3 0.051103 0.070324 0.179781 0.660943 0.037849
3 3 0.152126 0.108134 0.253278 0.423252 0.063210
0 2 0.577034 0.097202 0.189030 0.095598 0.041136
0 2 0.639703 0.094501 0.162134 0.056200 0.047462
0 2 0.509315 0.116691 0.214925 0.071038 0.088031
2 2 0.181847 0.130374 0.512985 0.103251 0.071543
2 2 0.038902 0.099473 0.712799 0.099970 0.048855
2 2 0.030508 0.090951 0.752770 0.087945 0.037827
2 2 0.030826 0.088930 0.779738 0.057540 0.042966
2 2 0.022807 0.075598 0.836309 0.029435 0.035852
2 2 0.020870 0.073448 0.843025 0.030822 0.031835
2 2 0.022280 0.074147 0.841491 0.026072 0.036010
2 2 0.025590 0.079075 0.824861 0.028362 0.042111
2 2 0.023556 0.077701 0.832258 0.025231 0.041255
2 2 0.034210 0.090999 0.777115 0.045182 0.052493
2 2 0.028408 0.085172 0.797908 0.047481 0.041032
2 2 0.033508 0.094762 0.725702 0.105787 0.040241
2 2 0.043875 0.104481 0.638840 0.163572 0.049232
2 2 0.148420 0.129874 0.413018 0.233933 0.074756
2 1 0.290085 0.139886 0.408121 0.094890 0.067018
2 2 0.140219 0.134902 0.592258 0.056882 0.075739
2 2 0.086963 0.117984 0.641341 0.079107 0.074605
2 2 0.040553 0.099157 0.731909 0.072306 0.056074
2 2 0.029048 0.087883 0.778642 0.065842 0.038585
2 2 0.022207 0.075101 0.837765 0.030546 0.034381
2 2 0.016521 0.064779 0.871522 0.020283 0.026895
2 2 0.016055 0.062481 0.878042 0.015504 0.027918
2 2 0.013681 0.057793 0.891361 0.013043 0.024122
2 2 0.025034 0.078164 0.828602 0.025421 0.042778
2 2 0.051008 0.096827 0.757945 0.036805 0.057415
2 2 0.111757 0.121858 0.615202 0.062898 0.088286
2 0 0.330075 0.127682 0.409501 0.070767 0.061974
0 1 0.387035 0.130591 0.272615 0.129215 0.080543
0 2 0.610610 0.125932 0.140945 0.043345 0.079168
0 2 0.478806 0.138198 0.196044 0.059510 0.127441
0 2 0.380554 0.154699 0.218998 0.075311 0.170438
0 2 0.268360 0.158869 0.266235 0.088909 0.217628
2 2 0.114711 0.151097 0.359932 0.225284 0.148975
2 2 0.078560 0.113338 0.451288 0.300928 0.055886
2 2 0.141803 0.122504 0.603979 0.054192 0.077522
2 2 0.059165 0.104189 0.723116 0.057075 0.056454
2 2 0.024608 0.078592 0.825413 0.033433 0.037954
2 2 0.019301 0.071880 0.846811 0.033709 0.028298
2 2 0.017668 0.065558 0.868927 0.017544 0.030304
2 2 0.019742 0.068994 0.858165 0.019389 0.033711
2 2 0.021399 0.072274 0.847747 0.023171 0.035409
2 2 0.020189 0.069760 0.855731 0.019955 0.034365
2 2 0.021738 0.073851 0.842374 0.027607 0.034431
2 2 0.030287 0.087427 0.788864 0.049649 0.043774
2 2 0.051765 0.111887 0.680397 0.073986 0.081965
2 2 0.160853 0.161796 0.432117 0.080641 0.164593
2 2 0.226736 0.172171 0.298262 0.070497 0.232333
0 2 0.423466 0.174032 0.162120 0.038716 0.201666
0 2 0.470896 0.156047 0.165876 0.033305 0.173875
0 2 0.363802 0.179793 0.167868 0.034395 0.254141
0 2 0.350536 0.185331 0.170511 0.042781 0.250840
4 2 0.248283 0.203310 0.163926 0.043192 0.341289
2 1 0.116469 0.180401 0.351572 0.080242 0.271317
2 2 0.117334 0.163160 0.425348 0.060907 0.233252
2 2 0.096216 0.144038 0.498633 0.063732 0.197381
2 2 0.068682 0.129621 0.583878 0.093810 0.124009
2 2 0.066716 0.121880 0.581879 0.138009 0.091516
2 2 0.045524 0.104628 0.692470 0.098134 0.059243
2 2 0.055865 0.113291 0.630144 0.129293 0.071408
2 2 0.050416 0.111899 0.645703 0.125549 0.066433
2 2 0.043458 0.106698 0.719432 0.052373 0.078040
2 2 0.038013 0.106341 0.733527 0.027629 0.094489
2 2 0.053876 0.137476 0.556291 0.025669 0.226687
2 4 0.063344 0.159442 0.429149 0.024072 0.323992
4 4 0.064102 0.155589 0.338057 0.020072 0.422180
4 4 0.068314 0.160563 0.311853 0.021289 0.437980
4 4 0.071753 0.167032 0.211484 0.018226 0.531505
4 4 0.067035 0.142230 0.124097 0.013528 0.653109
4 4 0.055576 0.135611 0.081565 0.008090 0.719158
4 4 0.036058 0.114596 0.048925 0.003147 0.797273
4 4 0.032466 0.110510 0.042335 0.002490 0.812199
4 4 0.028212 0.103096 0.036837 0.001878 0.829977
4 4 0.054040 0.139200 0.032984 0.001671 0.772106
4 4 0.088228 0.160542 0.044682 0.002454 0.704093
4 4 0.114338 0.181352 0.054951 0.004146 0.645213
4 4 0.061193 0.149485 0.041922 0.002811 0.744589
4 4 0.064435 0.132776 0.039151 0.001475 0.762163
4 4 0.033823 0.111808 0.021721 0.000732 0.831915
4 4 0.092007 0.171346 0.032544 0.001659 0.702443
4 4 0.259258 0.229883 0.048712 0.004172 0.457975
0 1 0.559341 0.192613 0.070853 0.011713 0.165479
0 1 0.312167 0.254681 0.183986 0.016550 0.232616
4 4 0.182102 0.213916 0.134960 0.018609 0.450413
4 4 0.062375 0.141805 0.092442 0.010433 0.692945
4 4 0.052873 0.132865 0.077371 0.007264 0.729628
4 4 0.060858 0.146687 0.080329 0.009245 0.702881
4 4 0.076017 0.166899 0.138664 0.016813 0.601607
4 1 0.130940 0.200631 0.167279 0.020205 0.480945
4 1 0.100522 0.215205 0.305260 0.024537 0.354476
4 4 0.081098 0.177603 0.142408 0.018831 0.580059
4 4 0.054876 0.133362 0.082971 0.008012 0.720780
4 4 0.035402 0.112315 0.049558 0.003084 0.799641
4 4 0.025640 0.096421 0.035341 0.001598 0.841000
4 4 0.047661 0.134536 0.056041 0.004761 0.757000
4 4 0.085572 0.168937 0.049074 0.003719 0.692698
4 4 0.131374 0.187246 0.068554 0.006149 0.606678
4 4 0.210116 0.218295 0.066878 0.007072 0.497638
4 4 0.115705 0.182443 0.082325 0.009407 0.610120
4 4 0.136883 0.189817 0.069002 0.006279 0.598019
4 4 0.109406 0.186379 0.072812 0.008558 0.622844
4 4 0.161325 0.204868 0.086036 0.010684 0.537088
4 4 0.092525 0.203515 0.235642 0.019451 0.448866
4 4 0.072877 0.192686 0.305805 0.022143 0.406488
2 2 0.067031 0.168993 0.450252 0.028192 0.285532
2 2 0.066073 0.168670 0.483949 0.030170 0.251138
2 2 0.072076 0.129131 0.611479 0.043031 0.144283
2 2 0.185637 0.232648 0.369575 0.024549 0.187592
2 2 0.065348 0.201173 0.460503 0.023021 0.249955
2 2 0.070735 0.193751 0.379661 0.024942 0.330912
4 2 0.071553 0.146994 0.140991 0.016016 0.624446
4 2 0.051695 0.128860 0.079932 0.007149 0.732364
4 4 0.041058 0.119985 0.058115 0.004203 0.776638
4 4 0.036256 0.127982 0.036373 0.002705 0.796683
4 4 0.054152 0.154633 0.041839 0.003823 0.745553
4 4 0.056749 0.144481 0.052220 0.004174 0.742376
4 4 0.038709 0.127078 0.043280 0.003275 0.787658
4 4 0.045512 0.126486 0.063502 0.005161 0.759340
4 4 0.049657 0.124988 0.079435 0.006696 0.739224
4 4 0.041974 0.117442 0.064742 0.004616 0.771226
4 4 0.040148 0.118419 0.057240 0.004030 0.780163
4 4 0.035929 0.107478 0.057845 0.003435 0.795314
4 4 0.045618 0.127832 0.062022 0.005111 0.759417
4 4 0.038685 0.122873 0.044681 0.003073 0.790688
4 4 0.047998 0.134165 0.060916 0.005469 0.751452
4 4 0.067002 0.163591 0.152875 0.013668 0.602865
4 4 0.067769 0.176239 0.335746 0.021194 0.399053
2 4 0.058053 0.153718 0.516087 0.025678 0.246464
2 4 0.054883 0.140172 0.581821 0.029103 0.194021
2 1 0.070288 0.176736 0.563655 0.024405 0.164917
