0 0 0.421466 0.164176 0.135717 0.142226 0.136416
0 0 0.542081 0.120469 0.095153 0.108180 0.134117
0 0 0.760159 0.058783 0.037329 0.065844 0.077885
0 0 0.809714 0.047753 0.026776 0.061281 0.054475
0 0 0.888536 0.027783 0.012007 0.047294 0.024380
0 0 0.927750 0.017011 0.006572 0.032448 0.016219
0 0 0.948062 0.011681 0.004155 0.024223 0.011879
0 0 0.907522 0.021471 0.009811 0.033980 0.027217
0 0 0.874399 0.028879 0.015161 0.039307 0.042254
0 0 0.794515 0.048105 0.029998 0.054626 0.072757
0 0 0.754581 0.061685 0.038499 0.070611 0.074625
0 0 0.667323 0.088148 0.059128 0.094166 0.091235
0 0 0.562423 0.118061 0.088593 0.112308 0.118615
0 0 0.495289 0.144056 0.108460 0.137847 0.114347
0 0 0.501626 0.140346 0.106987 0.132226 0.118814
0 0 0.517575 0.134771 0.101966 0.127811 0.117877
0 0 0.459816 0.153225 0.121568 0.132237 0.133154
0 0 0.431807 0.173241 0.127575 0.102900 0.164478
0 0 0.415386 0.193197 0.130116 0.098721 0.162580
0 0 0.376454 0.200687 0.148466 0.140575 0.133817
0 0 0.319982 0.205776 0.175142 0.128295 0.170805
0 0 0.367340 0.178749 0.157354 0.129554 0.167004
0 0 0.468914 0.147959 0.112688 0.082685 0.187754
0 0 0.490606 0.155622 0.099371 0.065576 0.188825
0 0 0.517729 0.140511 0.096000 0.075899 0.169861
0 0 0.473089 0.134056 0.107791 0.070236 0.214828
0 0 0.504406 0.123801 0.102975 0.082285 0.186534
0 0 0.538197 0.135307 0.093886 0.098082 0.134529
0 0 0.590114 0.112936 0.079716 0.115002 0.102233
0 0 0.577611 0.111175 0.080530 0.073990 0.156694
0 0 0.623813 0.096215 0.069437 0.075979 0.134555
0 0 0.600148 0.110203 0.076078 0.084939 0.128633
0 0 0.683467 0.083315 0.055065 0.090325 0.087828
0 0 0.639810 0.093997 0.066608 0.093055 0.106530
0 0 0.644873 0.087819 0.065225 0.083451 0.118633
0 0 0.664186 0.079358 0.059716 0.073988 0.122752
0 0 0.674312 0.074912 0.056678 0.068480 0.125617
0 0 0.683051 0.074327 0.054921 0.070577 0.117125
0 0 0.627425 0.084018 0.067328 0.067493 0.153735
0 0 0.628209 0.081212 0.064212 0.056883 0.169484
0 0 0.626251 0.085196 0.062799 0.051496 0.174258
0 0 0.595922 0.097583 0.070029 0.053362 0.183104
0 0 0.633788 0.087572 0.064102 0.060634 0.153905
0 0 0.636042 0.086932 0.062720 0.057482 0.156825
0 0 0.680066 0.074771 0.052776 0.055014 0.137373
0 0 0.654928 0.089940 0.061653 0.075622 0.117856
0 0 0.685124 0.080020 0.054929 0.082921 0.097006
0 0 0.667458 0.086236 0.059343 0.089377 0.097585
0 0 0.622586 0.096432 0.071411 0.092304 0.117267
0 0 0.586055 0.101428 0.081059 0.086577 0.144881
0 0 0.553328 0.133248 0.086240 0.076701 0.150483
0 0 0.422585 0.192377 0.121737 0.076566 0.186735
0 0 0.338156 0.238437 0.154427 0.097070 0.171910
0 0 0.262002 0.259790 0.194031 0.133009 0.151169
0 0 0.260957 0.256980 0.195467 0.145741 0.140855
0 0 0.254482 0.246654 0.201903 0.160183 0.136778
1 0 0.231647 0.235976 0.230311 0.176516 0.125551
0 0 0.252953 0.224095 0.216800 0.198091 0.108061
0 0 0.302522 0.218043 0.175611 0.204158 0.099665
0 0 0.445898 0.166396 0.121274 0.166568 0.099864
0 0 0.547682 0.126079 0.092301 0.123756 0.110181
0 0 0.638958 0.096433 0.066577 0.100033 0.097999
0 0 0.680137 0.085961 0.055508 0.095839 0.082555
0 0 0.699040 0.080104 0.050936 0.090648 0.079272
0 0 0.609866 0.092151 0.074008 0.080238 0.143737
0 0 0.614101 0.086352 0.071597 0.072309 0.155641
0 0 0.629991 0.088036 0.068699 0.079067 0.134207
0 0 0.627744 0.097341 0.069921 0.096524 0.108471
0 0 0.619044 0.103497 0.071749 0.107178 0.098532
0 0 0.610582 0.106736 0.073908 0.110828 0.097946
0 0 0.612454 0.104255 0.073844 0.105368 0.104079
0 0 0.598047 0.111121 0.077256 0.115053 0.098523
0 0 0.587369 0.107922 0.081415 0.101627 0.121667
0 0 0.613739 0.099178 0.073879 0.094406 0.118798
0 0 0.609778 0.099773 0.074987 0.094033 0.121429
0 0 0.544092 0.127268 0.093383 0.124655 0.110602
0 0 0.463445 0.167096 0.117212 0.113264 0.138983
0 0 0.504321 0.144650 0.103669 0.146484 0.100876
0 0 0.509020 0.132357 0.105675 0.117935 0.135012
0 0 0.484651 0.119621 0.111170 0.089261 0.195296
0 0 0.510159 0.109745 0.101611 0.081909 0.196576
0 0 0.495297 0.125075 0.100884 0.068409 0.210333
0 0 0.353027 0.219095 0.144387 0.076153 0.207338
1 0 0.238114 0.290550 0.195740 0.101963 0.173634
1 0 0.173483 0.302114 0.222955 0.075270 0.226178
1 0 0.178215 0.292328 0.228243 0.086230 0.214984
1 0 0.149850 0.280811 0.268673 0.089343 0.211322
2 0 0.120241 0.265336 0.326608 0.090873 0.196942
2 0 0.105207 0.242848 0.377495 0.103878 0.170572
2 0 0.120593 0.241773 0.357715 0.118648 0.161271
2 0 0.125212 0.241607 0.354226 0.122698 0.156256
2 0 0.205565 0.249860 0.250289 0.150650 0.143636
2 0 0.151223 0.222494 0.332925 0.168841 0.124517
2 0 0.192441 0.229910 0.270148 0.177095 0.130407
2 0 0.144657 0.221120 0.343286 0.166387 0.124550
2 0 0.188310 0.234133 0.282585 0.169763 0.125209
2 0 0.131536 0.210081 0.383508 0.171478 0.103397
2 0 0.148439 0.210697 0.358342 0.168609 0.113913
0 0 0.293500 0.194678 0.203538 0.149609 0.158675
0 0 0.437245 0.155385 0.130626 0.131657 0.145087
0 0 0.570635 0.120555 0.084825 0.123577 0.100408
0 0 0.685863 0.084879 0.053887 0.096449 0.078922
0 0 0.623696 0.106390 0.068687 0.119710 0.081516
0 0 0.541899 0.134900 0.090007 0.147780 0.085413
0 0 0.484506 0.150737 0.110382 0.149254 0.105121
0 0 0.496795 0.140736 0.108918 0.130343 0.123208
0 0 0.500937 0.140258 0.107309 0.131591 0.119904
0 0 0.497485 0.146249 0.106276 0.145856 0.104133
0 0 0.488630 0.147483 0.110087 0.142701 0.111098
0 0 0.361962 0.186637 0.160052 0.161838 0.129511
0 0 0.253880 0.204670 0.238678 0.165185 0.137587
2 0 0.184801 0.200716 0.310733 0.142648 0.161103
0 0 0.461255 0.139826 0.122124 0.112808 0.163987
0 0 0.390568 0.169642 0.148297 0.128779 0.162713
0 0 0.495016 0.140881 0.109545 0.115572 0.138985
0 0 0.436562 0.154534 0.128627 0.104844 0.175433
0 0 0.473717 0.145866 0.115173 0.100309 0.164934
0 0 0.428562 0.164967 0.130408 0.105065 0.170998
4 0 0.246168 0.219271 0.187395 0.068325 0.278839
4 0 0.208419 0.253465 0.206418 0.071356 0.260343
2 0 0.198582 0.184187 0.269787 0.233493 0.113950
0 0 0.280741 0.175742 0.195769 0.109325 0.238423
0 0 0.431419 0.157951 0.132672 0.134079 0.143878
0 0 0.463296 0.142455 0.119319 0.160936 0.113993
0 0 0.551330 0.116066 0.089720 0.147813 0.095071
0 0 0.552188 0.120926 0.091503 0.104652 0.130731
0 0 0.618045 0.106496 0.071679 0.092194 0.111585
0 0 0.584760 0.112113 0.081833 0.109824 0.111470
0 0 0.574065 0.118708 0.084112 0.120623 0.102493
0 0 0.570596 0.118631 0.085500 0.118212 0.107060
0 0 0.655862 0.094479 0.061241 0.105285 0.083132
0 0 0.740367 0.070608 0.040161 0.090416 0.058448
0 0 0.757701 0.061313 0.037760 0.071256 0.071969
0 0 0.678743 0.078706 0.056439 0.077522 0.108590
0 0 0.694744 0.075034 0.052500 0.075877 0.101845
0 0 0.647660 0.094350 0.064163 0.099492 0.094335
0 0 0.666564 0.090359 0.058822 0.100012 0.084243
0 0 0.651060 0.093373 0.063261 0.098844 0.093462
0 0 0.655076 0.090337 0.062506 0.093217 0.098863
0 0 0.660476 0.088616 0.061114 0.091717 0.098077
0 0 0.619486 0.100154 0.072164 0.099081 0.109114
0 0 0.525776 0.124618 0.100345 0.109648 0.139612
0 0 0.423713 0.158997 0.135741 0.135632 0.145916
0 0 0.399875 0.170516 0.144178 0.144296 0.141134
2 0 0.188984 0.243189 0.287704 0.141725 0.138398
2 0 0.172733 0.253303 0.293229 0.136289 0.144446
2 0 0.143107 0.227380 0.343408 0.155801 0.130303
2 0 0.106257 0.204621 0.424502 0.153973 0.110647
2 0 0.171443 0.199824 0.329357 0.141540 0.157836
0 0 0.281167 0.217772 0.193068 0.179999 0.127994
0 0 0.336007 0.208117 0.158235 0.201407 0.096234
0 0 0.319258 0.210914 0.169358 0.191984 0.108486
0 0 0.238424 0.229432 0.221367 0.187029 0.123748
2 0 0.170572 0.226102 0.303283 0.174421 0.125622
2 0 0.105334 0.206025 0.421922 0.151247 0.115473
2 1 0.051362 0.165742 0.574294 0.112546 0.096056
2 1 0.072350 0.187282 0.500978 0.128917 0.110473
2 1 0.162216 0.242808 0.300158 0.144623 0.150195
0 1 0.273464 0.249407 0.189523 0.123036 0.164570
0 1 0.322096 0.213261 0.169104 0.106283 0.189256
0 2 0.305955 0.212953 0.176378 0.103711 0.201003
0 2 0.245680 0.233339 0.208185 0.115395 0.197400
2 2 0.108175 0.222380 0.403088 0.131930 0.134428
2 2 0.048876 0.165047 0.577594 0.108133 0.100350
2 2 0.032064 0.123950 0.653188 0.121834 0.068964
2 2 0.029903 0.128896 0.669534 0.098970 0.072696
2 2 0.025961 0.123097 0.696966 0.086275 0.067700
2 2 0.033634 0.138493 0.651824 0.096906 0.079142
2 2 0.033022 0.127202 0.649267 0.119232 0.071275
2 2 0.034148 0.132637 0.645726 0.112362 0.075127
2 1 0.029061 0.131102 0.678389 0.087955 0.073492
2 1 0.032540 0.136580 0.662699 0.093218 0.074962
2 0 0.039522 0.148283 0.628079 0.101586 0.082529
2 0 0.086858 0.191315 0.476977 0.145630 0.099220
2 0 0.166712 0.216540 0.328526 0.187045 0.101177
2 0 0.219645 0.222463 0.256306 0.197647 0.103939
0 0 0.257220 0.220501 0.218484 0.204824 0.098970
2 1 0.214998 0.222429 0.261582 0.196699 0.104291
2 1 0.227805 0.225160 0.242156 0.194316 0.110563
0 1 0.265360 0.224199 0.203340 0.197424 0.109677
0 1 0.317114 0.211810 0.170133 0.192790 0.108152
0 1 0.251262 0.222757 0.221050 0.200612 0.104318
2 2 0.195140 0.222237 0.284470 0.191248 0.106904
2 2 0.133866 0.210021 0.380848 0.173491 0.101774
2 2 0.102125 0.196316 0.446856 0.159461 0.095242
2 2 0.058936 0.150461 0.538832 0.171469 0.080302
2 2 0.050513 0.128356 0.544347 0.207770 0.069014
2 2 0.036421 0.109051 0.598298 0.198396 0.057835
2 2 0.025319 0.093807 0.662887 0.169160 0.048826
2 2 0.017611 0.075524 0.709451 0.160414 0.037000
2 2 0.008212 0.049688 0.797545 0.122801 0.021754
2 2 0.007790 0.045054 0.785403 0.142409 0.019344
2 2 0.005579 0.038328 0.822592 0.117735 0.015767
2 2 0.007312 0.045436 0.802828 0.124943 0.019480
2 2 0.006041 0.043065 0.831519 0.101219 0.018155
2 2 0.007069 0.047161 0.818462 0.106975 0.020333
2 2 0.005227 0.037390 0.830764 0.111343 0.015276
2 2 0.006349 0.034624 0.758723 0.186199 0.014105
2 3 0.006226 0.029980 0.708213 0.243605 0.011977
2 3 0.006989 0.026765 0.611019 0.344508 0.010720
2 3 0.008858 0.024873 0.487490 0.469092 0.009687
3 3 0.010922 0.025893 0.434931 0.518411 0.009844
3 3 0.018315 0.040050 0.457587 0.468283 0.015766
2 3 0.030626 0.058383 0.449646 0.437954 0.023390
3 3 0.065942 0.091158 0.381060 0.425602 0.036239
2 2 0.165393 0.174976 0.301914 0.283257 0.074460
0 2 0.246712 0.202467 0.221451 0.242143 0.087227
0 0 0.335515 0.201706 0.161559 0.215555 0.085664
0 0 0.357069 0.194129 0.156782 0.174506 0.117513
0 0 0.361326 0.186991 0.158379 0.158844 0.134460
0 0 0.427111 0.171528 0.128958 0.166005 0.106397
0 0 0.349707 0.195469 0.163885 0.184285 0.106654
0 0 0.305616 0.202020 0.196822 0.186835 0.108707
2 0 0.103688 0.188701 0.429211 0.182286 0.096113
2 0 0.177546 0.222670 0.303611 0.183368 0.112805
1 0 0.208288 0.264677 0.232234 0.128955 0.165846
1 0 0.221317 0.257736 0.232597 0.142799 0.145551
2 0 0.145901 0.240438 0.333820 0.139288 0.140553
2 0 0.161087 0.211394 0.340084 0.168456 0.118978
2 0 0.227435 0.203780 0.265541 0.161682 0.141561
0 0 0.281322 0.186549 0.176004 0.270966 0.085159
0 0 0.332695 0.183258 0.160898 0.228482 0.094667
0 0 0.246232 0.212770 0.241864 0.189947 0.109187
2 1 0.168692 0.222582 0.313753 0.179098 0.115875
2 1 0.202917 0.235055 0.262338 0.172732 0.126958
2 1 0.141607 0.246209 0.331850 0.128720 0.151615
2 1 0.147430 0.264399 0.299548 0.108642 0.179981
2 1 0.107581 0.245817 0.366674 0.102446 0.177481
2 1 0.111797 0.253173 0.351593 0.097721 0.185715
2 1 0.107842 0.238863 0.382595 0.111098 0.159602
2 1 0.074643 0.200027 0.477367 0.117121 0.130843
2 1 0.042020 0.154845 0.609222 0.102027 0.091886
2 1 0.051591 0.165314 0.575272 0.113381 0.094442
2 1 0.134340 0.210616 0.372904 0.157471 0.124669
1 1 0.226047 0.261177 0.202972 0.084278 0.225527
4 1 0.197306 0.276296 0.177115 0.041115 0.308167
4 1 0.130798 0.255003 0.174370 0.022089 0.417739
4 1 0.155416 0.287790 0.188911 0.034729 0.333154
4 1 0.091070 0.315603 0.221739 0.028566 0.343021
4 1 0.088183 0.313247 0.227227 0.028560 0.342784
2 1 0.112706 0.255277 0.351556 0.096444 0.184017
4 1 0.099109 0.265000 0.275265 0.042625 0.318001
1 1 0.188553 0.274469 0.225212 0.086629 0.225137
1 1 0.180139 0.266048 0.234499 0.089903 0.229411
2 1 0.135481 0.238909 0.323756 0.095877 0.205976
2 1 0.042848 0.135101 0.591402 0.152642 0.078007
2 2 0.052086 0.134581 0.566717 0.154048 0.092568
2 2 0.087447 0.133351 0.428895 0.267634 0.082673
0 0 0.331137 0.130500 0.160785 0.275984 0.101594
0 0 0.449116 0.149050 0.120245 0.184182 0.097407
0 0 0.551179 0.130708 0.088280 0.140975 0.088857
0 0 0.459697 0.166251 0.110429 0.185129 0.078494
0 0 0.479828 0.154193 0.110542 0.156626 0.098810
0 0 0.348217 0.207290 0.156993 0.177553 0.109947
0 0 0.337941 0.221574 0.160874 0.159963 0.119648
1 0 0.252776 0.259028 0.199614 0.128875 0.159706
2 0 0.153718 0.271794 0.274813 0.101246 0.198430
2 1 0.076066 0.226187 0.439786 0.089623 0.168337
2 1 0.048064 0.166121 0.579435 0.104635 0.101744
2 1 0.039353 0.144602 0.620392 0.111500 0.084153
2 2 0.020935 0.101674 0.723738 0.100502 0.053151
2 2 0.014402 0.082429 0.771994 0.090507 0.040668
2 2 0.010453 0.068930 0.807195 0.080973 0.032449
2 2 0.008665 0.062982 0.826981 0.072411 0.028960
2 2 0.007711 0.056436 0.832371 0.078195 0.025287
2 2 0.007081 0.052084 0.835372 0.082558 0.022905
2 2 0.008085 0.055018 0.820646 0.091700 0.024550
2 2 0.010477 0.058316 0.778321 0.126327 0.026560
2 2 0.013950 0.069732 0.750497 0.132572 0.033249
2 2 0.014407 0.074319 0.756080 0.119283 0.035911
2 2 0.010471 0.062931 0.793714 0.103808 0.029077
2 2 0.007899 0.056351 0.828249 0.082247 0.025254
2 2 0.008710 0.050011 0.785326 0.133975 0.021978
2 2 0.009294 0.044478 0.731668 0.195294 0.019266
2 2 0.013576 0.054008 0.680809 0.226875 0.024731
2 2 0.021710 0.063855 0.586525 0.297640 0.030270
2 2 0.022423 0.060420 0.566225 0.324906 0.026025
2 2 0.011026 0.046090 0.689456 0.233094 0.020333
2 2 0.006820 0.036051 0.751541 0.190747 0.014841
2 2 0.004934 0.029656 0.778590 0.175194 0.011626
2 2 0.006827 0.033028 0.717267 0.229431 0.013447
2 2 0.008142 0.033117 0.655155 0.289871 0.013715
2 3 0.010584 0.040016 0.643690 0.288380 0.017330
2 3 0.015523 0.045405 0.555062 0.363217 0.020793
2 3 0.015974 0.044591 0.535044 0.383906 0.020485
2 3 0.013519 0.035243 0.485294 0.450269 0.015675
3 3 0.021065 0.038598 0.371091 0.551877 0.017370
3 3 0.036759 0.041564 0.253993 0.651107 0.016577
3 3 0.042594 0.039110 0.198925 0.703425 0.015946
3 3 0.043213 0.027641 0.123125 0.795774 0.010247
3 3 0.045052 0.023936 0.096248 0.826250 0.008513
3 3 0.053807 0.024090 0.079800 0.833802 0.008501
3 3 0.059211 0.025232 0.077391 0.829379 0.008787
3 3 0.050964 0.024556 0.084809 0.830453 0.009219
3 3 0.045470 0.019885 0.071456 0.856141 0.007048
3 3 0.032093 0.014075 0.061003 0.887744 0.005085
3 3 0.034640 0.012941 0.051741 0.896501 0.004176
3 3 0.039479 0.013294 0.048264 0.894984 0.003978
3 3 0.069634 0.022721 0.059822 0.841273 0.006549
3 3 0.074012 0.026273 0.068098 0.823604 0.008014
3 3 0.058210 0.018669 0.054143 0.863633 0.005344
3 3 0.087461 0.030477 0.071357 0.801572 0.009133
3 3 0.067632 0.019295 0.050008 0.857994 0.005072
3 3 0.079134 0.021544 0.050509 0.843354 0.005459
3 3 0.052882 0.013413 0.038653 0.891780 0.003272
3 3 0.049063 0.013154 0.040053 0.894389 0.003342
3 3 0.054230 0.015363 0.044927 0.881435 0.004044
3 3 0.063622 0.019669 0.053799 0.857434 0.005476
3 3 0.082622 0.021015 0.047281 0.844007 0.005074
3 3 0.089574 0.025192 0.055421 0.823307 0.006506
3 3 0.082554 0.020990 0.047241 0.844149 0.005067
3 3 0.063291 0.016558 0.043579 0.872466 0.004107
3 3 0.046101 0.009499 0.027890 0.914497 0.002014
3 3 0.071846 0.011696 0.029704 0.883961 0.002793
3 3 0.096288 0.014464 0.036002 0.848838 0.004409
3 3 0.102431 0.023209 0.052099 0.815437 0.006825
3 3 0.065905 0.017242 0.046523 0.865661 0.004669
3 3 0.104959 0.024177 0.057627 0.805023 0.008215
3 3 0.089323 0.021052 0.051101 0.832269 0.006255
3 3 0.056922 0.012837 0.034467 0.892892 0.002881
3 3 0.040312 0.010320 0.034505 0.912309 0.002553
3 3 0.059317 0.016198 0.044670 0.875669 0.004146
3 3 0.061529 0.017282 0.047036 0.869646 0.004506
3 3 0.058692 0.015920 0.044087 0.877243 0.004057
3 3 0.042279 0.012049 0.040391 0.902075 0.003206
3 3 0.049981 0.019251 0.063483 0.861002 0.006282
3 3 0.067140 0.025521 0.071039 0.828117 0.008184
3 3 0.064495 0.020465 0.055899 0.853341 0.005799
3 3 0.081442 0.024882 0.058974 0.827879 0.006823
3 3 0.078205 0.026637 0.066257 0.821018 0.007883
3 3 0.071347 0.020890 0.053601 0.848432 0.005730
3 3 0.039715 0.010122 0.034071 0.913595 0.002497
3 3 0.045337 0.010186 0.030889 0.911293 0.002294
3 3 0.046518 0.010052 0.029753 0.911474 0.002202
3 3 0.042838 0.009629 0.030100 0.915261 0.002173
3 3 0.055376 0.013044 0.035957 0.892604 0.003019
3 3 0.055193 0.013250 0.036776 0.891672 0.003108
3 3 0.045564 0.011061 0.034151 0.906596 0.002628
3 3 0.066101 0.017241 0.046124 0.865929 0.004605
3 3 0.070988 0.020846 0.052946 0.849636 0.005583
3 3 0.091582 0.021738 0.045323 0.836368 0.004988
3 3 0.093397 0.023726 0.049724 0.827450 0.005703
3 3 0.100497 0.023005 0.045046 0.826317 0.005135
3 3 0.098719 0.020479 0.039540 0.836990 0.004272
3 3 0.061434 0.011775 0.029043 0.895392 0.002356
3 3 0.075038 0.014170 0.031187 0.876814 0.002791
3 3 0.094777 0.019672 0.038889 0.842553 0.004110
3 3 0.112114 0.025660 0.047106 0.809412 0.005708
3 3 0.085972 0.016603 0.034063 0.860052 0.003309
3 3 0.071546 0.014678 0.035114 0.875389 0.003273
3 3 0.072647 0.017434 0.041576 0.864285 0.004058
3 3 0.069789 0.018627 0.046659 0.860253 0.004672
3 3 0.064080 0.019767 0.053822 0.856837 0.005494
3 3 0.074109 0.026782 0.069641 0.821197 0.008270
3 3 0.051484 0.016283 0.050366 0.877235 0.004632
3 3 0.067969 0.019582 0.056944 0.849060 0.006445
3 3 0.065781 0.018025 0.050596 0.860296 0.005302
3 3 0.060512 0.018733 0.052824 0.862683 0.005248
3 3 0.091479 0.050863 0.126070 0.710585 0.021002
3 3 0.051691 0.024473 0.087189 0.828325 0.008322
3 3 0.081218 0.031966 0.084120 0.791252 0.011444
3 3 0.131669 0.088576 0.177052 0.559482 0.043221
3 3 0.056410 0.018694 0.055609 0.863809 0.005479
3 3 0.055121 0.017329 0.051546 0.871105 0.004900
3 3 0.038230 0.011491 0.041226 0.905871 0.003181
3 3 0.026004 0.007313 0.031596 0.933134 0.001953
3 3 0.026567 0.008720 0.038827 0.923295 0.002591
3 3 0.027880 0.008407 0.035680 0.925681 0.002352
3 3 0.031799 0.011675 0.048654 0.904141 0.003731
3 3 0.028697 0.008086 0.033194 0.927867 0.002157
3 3 0.039298 0.010965 0.038017 0.908838 0.002881
3 3 0.046640 0.014564 0.047397 0.887282 0.004118
3 3 0.050536 0.016065 0.050264 0.878546 0.004589
3 3 0.067628 0.022159 0.059375 0.844427 0.006411
3 3 0.054467 0.016307 0.048238 0.876529 0.004459
3 3 0.066060 0.018120 0.047125 0.864056 0.004639
3 3 0.165550 0.047140 0.081514 0.690043 0.015752
3 3 0.285041 0.093541 0.121526 0.455892 0.044000
0 0 0.496391 0.146562 0.106659 0.145942 0.104446
0 0 0.426350 0.171208 0.129688 0.164260 0.108495
0 1 0.300036 0.209598 0.198102 0.179684 0.112580
2 1 0.040353 0.114190 0.572870 0.208845 0.063742
2 1 0.016470 0.066622 0.692410 0.192630 0.031867
2 2 0.012462 0.060225 0.742792 0.156689 0.027832
2 2 0.011741 0.060571 0.759824 0.139939 0.027926
2 2 0.015455 0.074060 0.738812 0.135788 0.035885
2 2 0.016538 0.091664 0.745603 0.097435 0.048759
2 2 0.016562 0.118621 0.739149 0.053976 0.071692
2 2 0.015475 0.127696 0.734514 0.040790 0.081524
2 2 0.011633 0.108908 0.779553 0.035218 0.064688
2 2 0.011394 0.107028 0.783162 0.035348 0.063067
2 2 0.011043 0.102337 0.789761 0.037601 0.059258
2 2 0.012706 0.110253 0.773224 0.039073 0.064744
2 2 0.014597 0.122118 0.748379 0.039577 0.075330
2 2 0.015687 0.126890 0.736403 0.041284 0.079736
2 2 0.016505 0.143280 0.709917 0.033614 0.096685
2 2 0.015198 0.151049 0.698694 0.026575 0.108483
2 2 0.014534 0.150513 0.700927 0.025070 0.108956
2 2 0.013986 0.147828 0.707116 0.024639 0.106431
2 2 0.013428 0.138334 0.726137 0.026770 0.095331
2 2 0.014508 0.141314 0.718277 0.028669 0.097233
2 2 0.014406 0.150814 0.700554 0.024637 0.109589
2 2 0.012910 0.151511 0.701329 0.020707 0.113544
2 2 0.014791 0.157886 0.685758 0.023121 0.118443
2 2 0.018426 0.178366 0.638119 0.024089 0.140999
2 2 0.017804 0.155484 0.685134 0.031453 0.110126
2 2 0.019456 0.150901 0.689288 0.038171 0.102184
2 2 0.012323 0.101093 0.785580 0.044621 0.056383
2 2 0.011020 0.091790 0.800125 0.047316 0.049748
2 2 0.009484 0.091104 0.812753 0.036777 0.049882
2 2 0.009429 0.096809 0.805800 0.032524 0.055439
2 2 0.012628 0.113773 0.768696 0.036429 0.068475
2 2 0.014574 0.116965 0.753784 0.044089 0.070588
2 2 0.013446 0.114414 0.762207 0.040854 0.069077
2 2 0.012050 0.101488 0.784414 0.044295 0.057753
2 2 0.011321 0.083991 0.798396 0.062423 0.043869
2 2 0.010132 0.072512 0.809083 0.072496 0.035776
2 2 0.010594 0.080841 0.807581 0.059604 0.041380
2 2 0.010932 0.075640 0.798330 0.076895 0.038203
2 2 0.011283 0.066788 0.788164 0.102377 0.031388
2 2 0.011370 0.067254 0.788498 0.101302 0.031576
2 2 0.010518 0.063584 0.794585 0.101869 0.029443
2 2 0.007424 0.051291 0.824659 0.094112 0.022513
2 2 0.006615 0.044419 0.819595 0.110478 0.018893
2 2 0.005645 0.038608 0.821747 0.118089 0.015910
2 2 0.006194 0.037757 0.793754 0.146731 0.015563
2 2 0.007507 0.035386 0.713406 0.229062 0.014640
2 2 0.010808 0.043218 0.669932 0.257146 0.018896
2 2 0.013626 0.050852 0.655590 0.256797 0.023136
2 2 0.011896 0.048871 0.686790 0.230587 0.021856
2 2 0.007751 0.039859 0.748453 0.187149 0.016788
2 2 0.007333 0.038720 0.754964 0.182803 0.016180
2 2 0.006441 0.039125 0.794037 0.144143 0.016254
2 2 0.006867 0.040936 0.790630 0.144380 0.017189
2 2 0.009391 0.049315 0.762201 0.157387 0.021706
2 2 0.012629 0.051592 0.687607 0.224826 0.023345
2 2 0.016422 0.054535 0.617368 0.286196 0.025479
2 2 0.018160 0.059407 0.616720 0.277423 0.028290
2 2 0.034112 0.087224 0.541345 0.290959 0.046359
2 2 0.085323 0.163797 0.420326 0.225116 0.105437
2 2 0.192992 0.236959 0.247078 0.162374 0.160597
0 0 0.405373 0.170450 0.141526 0.147247 0.135404
0 0 0.359881 0.182664 0.167008 0.119616 0.170831
0 2 0.345499 0.201697 0.159098 0.200069 0.093638
2 2 0.131650 0.219362 0.360936 0.158890 0.129163
2 2 0.034529 0.142022 0.647462 0.094249 0.081738
2 2 0.016008 0.096826 0.767373 0.070140 0.049653
2 2 0.013020 0.081523 0.788254 0.077189 0.040014
2 2 0.014953 0.087581 0.771585 0.082051 0.043829
2 2 0.023257 0.109409 0.719376 0.093931 0.054026
2 2 0.035688 0.136963 0.658006 0.101464 0.067878
2 2 0.059633 0.169384 0.557826 0.124989 0.088169
2 2 0.047437 0.152427 0.592700 0.123898 0.083539
2 2 0.028468 0.114366 0.670852 0.124139 0.062175
2 2 0.011667 0.063692 0.772858 0.122163 0.029621
2 2 0.008981 0.050985 0.782759 0.134761 0.022514
2 2 0.008202 0.041565 0.746033 0.186521 0.017679
2 2 0.011606 0.050569 0.707794 0.207367 0.022665
2 2 0.014390 0.063096 0.715872 0.176997 0.029646
2 2 0.018163 0.081763 0.720279 0.139115 0.040681
2 2 0.012871 0.069100 0.767282 0.117977 0.032770
2 2 0.013904 0.072655 0.759740 0.118800 0.034901
2 2 0.014704 0.064620 0.716775 0.173383 0.030517
2 2 0.039418 0.118166 0.594914 0.183867 0.063635
2 0 0.126291 0.175710 0.410054 0.153954 0.133992
2 0 0.096003 0.187761 0.468442 0.144533 0.103260
2 2 0.084724 0.176180 0.495147 0.165629 0.078320
2 2 0.050081 0.146292 0.574740 0.149482 0.079405
2 2 0.028602 0.104300 0.653279 0.158063 0.055756
2 2 0.021181 0.081352 0.676947 0.179667 0.040853
2 2 0.183914 0.190728 0.321204 0.190029 0.114125
0 2 0.437519 0.145265 0.130665 0.113576 0.172975
0 0 0.648344 0.088114 0.064389 0.085318 0.113835
0 0 0.628418 0.102818 0.068599 0.109925 0.090239
0 0 0.493970 0.154664 0.099107 0.178771 0.073488
0 0 0.327784 0.212345 0.159470 0.208736 0.091664
0 0 0.255237 0.222889 0.216545 0.200392 0.104936
2 0 0.177197 0.219531 0.310427 0.188043 0.104802
2 0 0.084156 0.213873 0.454499 0.113556 0.133917
2 0 0.066218 0.215433 0.489301 0.085951 0.143096
2 0 0.099488 0.202252 0.437313 0.149138 0.111809
0 0 0.239312 0.221525 0.232364 0.182247 0.124552
0 0 0.450956 0.165433 0.118799 0.168384 0.096427
0 0 0.528123 0.126384 0.099488 0.114189 0.131816
0 0 0.561404 0.116836 0.089076 0.109090 0.123594
0 0 0.397353 0.196485 0.139521 0.119693 0.146947
0 0 0.342911 0.205627 0.155474 0.200091 0.095897
2 0 0.206014 0.222538 0.271525 0.194212 0.105711
2 0 0.229429 0.221979 0.246264 0.200186 0.102142
2 0 0.166259 0.216578 0.328993 0.186738 0.101432
2 0 0.146573 0.214199 0.357125 0.177629 0.104474
2 0 0.149783 0.214431 0.352845 0.179547 0.103395
2 0 0.188795 0.220246 0.295570 0.192014 0.103376
0 0 0.277668 0.219273 0.198950 0.206013 0.098097
0 1 0.313814 0.216102 0.167460 0.205230 0.097394
0 1 0.306551 0.217968 0.171705 0.203296 0.100479
0 1 0.300422 0.219495 0.175337 0.201604 0.103142
0 1 0.272872 0.223762 0.196211 0.197602 0.109553
0 1 0.257612 0.221608 0.216229 0.202781 0.101769
2 1 0.183238 0.219439 0.303551 0.190936 0.102836
2 1 0.154388 0.216586 0.343015 0.179594 0.106416
2 1 0.114492 0.204353 0.415915 0.162949 0.102292
2 1 0.117195 0.204392 0.412613 0.165591 0.100209
2 1 0.214667 0.210183 0.279160 0.177514 0.118476
0 0 0.355809 0.191217 0.159489 0.165535 0.127950
0 0 0.304409 0.201877 0.196642 0.179869 0.117203
0 0 0.250499 0.205776 0.248857 0.187798 0.107069
0 1 0.292478 0.191561 0.217143 0.157434 0.141384
0 1 0.360587 0.191804 0.156152 0.170711 0.120747
0 1 0.355770 0.201439 0.149755 0.199546 0.093490
0 0 0.250897 0.223040 0.220940 0.200076 0.105046
2 0 0.223138 0.217334 0.238861 0.210009 0.110657
2 0 0.163272 0.218705 0.328290 0.181958 0.107774
0 0 0.247358 0.220363 0.229316 0.204810 0.098153
0 0 0.282432 0.210706 0.202883 0.177129 0.126850
0 0 0.276892 0.225311 0.194799 0.137019 0.165980
2 0 0.201295 0.235828 0.259727 0.170572 0.132578
2 0 0.158217 0.220252 0.330723 0.176676 0.114132
2 0 0.137009 0.210567 0.375950 0.175316 0.101158
2 0 0.119951 0.204436 0.409168 0.168205 0.098239
2 0 0.162545 0.217442 0.331708 0.183377 0.104929
2 0 0.181179 0.218546 0.307629 0.191371 0.101275
0 0 0.273619 0.223333 0.196228 0.198404 0.108416
0 0 0.243102 0.231097 0.220302 0.185338 0.120161
0 0 0.280479 0.224996 0.187478 0.194298 0.112749
0 1 0.290299 0.221915 0.181435 0.198689 0.107662
0 1 0.311915 0.216596 0.168565 0.204731 0.098194
0 1 0.278753 0.219793 0.193751 0.184594 0.123109
2 1 0.224214 0.210322 0.257942 0.159667 0.147854
0 1 0.254130 0.210035 0.217499 0.151931 0.166405
0 0 0.286941 0.200949 0.195654 0.147361 0.169095
0 0 0.322836 0.217661 0.170359 0.120815 0.168329
0 0 0.337508 0.225626 0.161663 0.135913 0.139290
0 0 0.300740 0.234292 0.178802 0.147630 0.138536
0 0 0.309821 0.212272 0.175493 0.187007 0.115407
2 0 0.208549 0.225385 0.257730 0.174806 0.133531
2 0 0.169220 0.225420 0.300931 0.164567 0.139862
2 0 0.187449 0.237017 0.287115 0.132040 0.156379
1 0 0.204685 0.257669 0.250317 0.111941 0.175388
1 0 0.171742 0.280728 0.251514 0.098590 0.197427
2 0 0.106366 0.201244 0.432241 0.158129 0.102020
2 0 0.055554 0.160576 0.582210 0.125378 0.076282
2 0 0.055042 0.164028 0.572005 0.115311 0.093614
2 0 0.100488 0.198913 0.431013 0.158373 0.111213
2 0 0.184154 0.201544 0.278721 0.233377 0.102204
0 0 0.302189 0.217331 0.176455 0.195800 0.108226
1 0 0.225932 0.266631 0.212712 0.116577 0.178148
2 0 0.154911 0.274374 0.281633 0.100705 0.188378
2 0 0.102664 0.244799 0.384170 0.099551 0.168816
2 0 0.121323 0.214610 0.383826 0.156437 0.123804
2 0 0.101038 0.200047 0.441010 0.153528 0.104378
2 0 0.122768 0.209673 0.394559 0.164283 0.108717
2 0 0.164593 0.224706 0.313178 0.173514 0.124008
2 0 0.233246 0.226329 0.233833 0.192812 0.113780
0 0 0.377418 0.190765 0.146075 0.191173 0.094570
0 0 0.529610 0.142159 0.089200 0.167588 0.071443
0 0 0.558117 0.127698 0.086803 0.136562 0.090820
0 0 0.489157 0.142150 0.111722 0.129421 0.127549
0 0 0.475958 0.129740 0.116143 0.101402 0.176758
0 0 0.415428 0.143736 0.137722 0.104583 0.198531
0 0 0.394658 0.170312 0.146686 0.141130 0.147215
0 0 0.326558 0.238805 0.166053 0.121113 0.147470
0 0 0.355687 0.213525 0.155591 0.135554 0.139643
1 0 0.234734 0.253158 0.212557 0.130063 0.169488
2 0 0.178090 0.245177 0.275038 0.147696 0.154000
2 0 0.121090 0.229108 0.368898 0.135625 0.145278
2 0 0.109674 0.229124 0.392829 0.124802 0.143571
2 0 0.099978 0.227427 0.408624 0.116819 0.147152
2 0 0.134452 0.228163 0.354337 0.148167 0.134881
2 0 0.107560 0.209897 0.409452 0.148820 0.124270
2 0 0.180781 0.224190 0.296656 0.182408 0.115965
0 0 0.254008 0.210601 0.231980 0.173554 0.129856
0 0 0.431584 0.163471 0.131104 0.146544 0.127297
0 0 0.344935 0.222980 0.157422 0.113445 0.161218
0 1 0.283883 0.254578 0.180520 0.109524 0.171496
4 1 0.169005 0.253064 0.215522 0.055307 0.307102
2 1 0.082273 0.249574 0.373021 0.059954 0.235178
2 1 0.046129 0.211122 0.525569 0.058109 0.159070
2 1 0.019533 0.113197 0.737553 0.068022 0.061696
2 2 0.012356 0.078960 0.793863 0.076385 0.038436
2 2 0.007119 0.054955 0.841459 0.072020 0.024446
2 2 0.007577 0.058965 0.839895 0.066899 0.026664
2 2 0.006781 0.053411 0.845383 0.070831 0.023594
2 2 0.006565 0.052386 0.847877 0.070138 0.023033
2 2 0.005683 0.048766 0.860171 0.064314 0.021066
2 2 0.006187 0.053966 0.858668 0.057315 0.023865
2 2 0.006408 0.057709 0.859177 0.050785 0.025921
2 2 0.008928 0.068556 0.829950 0.060425 0.032141
2 2 0.010509 0.070098 0.808174 0.078096 0.033122
2 2 0.012169 0.069034 0.779147 0.106991 0.032659
2 2 0.011641 0.069376 0.788797 0.097384 0.032802
2 2 0.010431 0.068291 0.806441 0.082755 0.032082
2 2 0.010803 0.073584 0.808547 0.071903 0.035163
2 2 0.010549 0.071349 0.809382 0.074873 0.033847
2 2 0.011434 0.070412 0.794263 0.090515 0.033375
2 2 0.014874 0.077139 0.755814 0.114579 0.037593
2 2 0.020374 0.099405 0.726699 0.101861 0.051661
2 2 0.024023 0.120003 0.709895 0.080649 0.065429
2 2 0.019126 0.116145 0.736993 0.062985 0.064752
2 2 0.031637 0.148727 0.638983 0.085950 0.094703
2 2 0.010689 0.051607 0.739818 0.174827 0.023058
2 2 0.006680 0.058145 0.854918 0.054085 0.026171
2 2 0.005643 0.041865 0.839055 0.095918 0.017518
2 2 0.006526 0.044946 0.824831 0.104546 0.019151
2 2 0.005499 0.040112 0.835632 0.102123 0.016634
2 2 0.005598 0.040609 0.834635 0.102271 0.016888
2 2 0.004817 0.035147 0.833782 0.112098 0.014156
2 2 0.006169 0.040393 0.812893 0.123706 0.016840
2 2 0.007754 0.040311 0.752248 0.182682 0.017006
2 2 0.009856 0.044998 0.717392 0.208145 0.019609
2 2 0.010711 0.047686 0.712092 0.208436 0.021075
2 2 0.009659 0.041302 0.690487 0.240770 0.017782
2 2 0.008530 0.037145 0.689451 0.249245 0.015628
2 2 0.007673 0.039013 0.743899 0.193045 0.016371
2 2 0.008470 0.040948 0.730743 0.202419 0.017420
2 3 0.007516 0.039336 0.753082 0.183564 0.016502
2 3 0.006084 0.031240 0.733161 0.216998 0.012516
2 3 0.005780 0.026686 0.682884 0.274188 0.010462
2 3 0.005431 0.021671 0.604460 0.360131 0.008306
2 3 0.007770 0.025923 0.551867 0.403926 0.010515
3 3 0.015066 0.034647 0.442251 0.493074 0.014961
3 3 0.034099 0.054873 0.366912 0.519313 0.024803
3 3 0.051039 0.063526 0.307549 0.550320 0.027566
3 3 0.050113 0.060789 0.293112 0.568915 0.027071
3 3 0.038364 0.048503 0.285253 0.606416 0.021464
3 3 0.028943 0.043904 0.326276 0.581179 0.019698
3 3 0.032445 0.049044 0.339343 0.557583 0.021584
3 3 0.067868 0.058336 0.208907 0.640031 0.024859
3 3 0.054707 0.048168 0.211273 0.667442 0.018410
3 3 0.058969 0.045284 0.184840 0.694751 0.016156
3 3 0.044649 0.051324 0.278697 0.605142 0.020188
3 3 0.050461 0.052224 0.250091 0.626199 0.021025
3 3 0.047043 0.045731 0.222188 0.666209 0.018830
3 3 0.040216 0.038643 0.198629 0.705162 0.017350
3 3 0.046510 0.039394 0.180497 0.717014 0.016585
3 3 0.052277 0.037566 0.152652 0.742565 0.014940
3 3 0.074556 0.034602 0.094425 0.783720 0.012697
3 3 0.067064 0.029089 0.085618 0.808547 0.009681
3 3 0.035609 0.018816 0.089746 0.849642 0.006186
3 3 0.036023 0.018230 0.083916 0.855780 0.006051
3 3 0.050633 0.030776 0.121669 0.785539 0.011383
3 3 0.042436 0.022262 0.093784 0.833899 0.007619
3 3 0.044228 0.024074 0.099952 0.823324 0.008421
3 3 0.043769 0.020114 0.074371 0.854303 0.007443
3 3 0.055739 0.029860 0.099397 0.802805 0.012199
3 3 0.050363 0.022966 0.078365 0.839885 0.008420
3 3 0.046425 0.019112 0.066689 0.861230 0.006544
3 3 0.046200 0.018117 0.062666 0.867018 0.005998
3 3 0.081838 0.031845 0.079382 0.796616 0.010319
3 3 0.092477 0.034338 0.083234 0.778018 0.011933
3 3 0.106472 0.051173 0.113924 0.709832 0.018598
3 3 0.103350 0.066739 0.170183 0.634701 0.025027
3 2 0.084264 0.113489 0.360406 0.388465 0.053376
2 2 0.068756 0.140110 0.479437 0.238707 0.072990
2 2 0.033562 0.122960 0.645435 0.131620 0.066423
2 2 0.012880 0.069582 0.768465 0.116030 0.033043
2 2 0.006174 0.039182 0.804897 0.133499 0.016249
2 2 0.007907 0.041202 0.753915 0.179517 0.017459
2 2 0.009260 0.047691 0.755991 0.166194 0.020864
2 2 0.010600 0.052291 0.746315 0.167396 0.023398
2 2 0.013381 0.064286 0.741382 0.150796 0.030155
2 2 0.017289 0.078858 0.724778 0.140199 0.038876
2 2 0.021321 0.082275 0.678164 0.176832 0.041409
2 2 0.018917 0.074069 0.683281 0.187370 0.036362
2 2 0.019364 0.077798 0.690659 0.173635 0.038544
2 2 0.024969 0.115912 0.700786 0.095543 0.062790
2 2 0.026895 0.126599 0.691576 0.084754 0.070176
2 2 0.022398 0.116036 0.720770 0.078168 0.062628
2 2 0.016853 0.094541 0.752286 0.087011 0.049310
2 2 0.011374 0.074495 0.801680 0.076718 0.035734
2 2 0.013993 0.095601 0.773653 0.065009 0.051743
2 2 0.017700 0.127790 0.724123 0.050442 0.079945
2 2 0.028023 0.198434 0.582780 0.034160 0.156603
2 4 0.020525 0.192289 0.605077 0.023446 0.158663
2 4 0.025781 0.218825 0.506988 0.017928 0.230478
2 4 0.023341 0.210920 0.526992 0.016906 0.221840
2 4 0.028269 0.224409 0.454278 0.014796 0.278248
2 4 0.035901 0.225035 0.389714 0.014054 0.335295
2 4 0.038313 0.222200 0.396409 0.015771 0.327306
2 4 0.045416 0.195361 0.503995 0.035937 0.219291
2 4 0.049276 0.160019 0.584054 0.093461 0.113190
2 4 0.095436 0.181363 0.445674 0.109656 0.167872
2 4 0.077116 0.218467 0.451238 0.095316 0.157864
2 4 0.083978 0.288795 0.328256 0.045506 0.253464
4 4 0.079231 0.250536 0.184000 0.014764 0.471469
4 4 0.070408 0.218912 0.165142 0.009629 0.535909
4 4 0.080386 0.181014 0.137178 0.008148 0.593275
4 4 0.082907 0.200980 0.152688 0.010335 0.553089
4 4 0.074368 0.218992 0.157731 0.009894 0.539014
4 4 0.070518 0.248300 0.173397 0.011519 0.496265
4 4 0.058976 0.256708 0.215313 0.012107 0.456896
4 4 0.059346 0.209306 0.204941 0.009348 0.517059
4 4 0.100620 0.140290 0.120410 0.008214 0.630467
4 4 0.127063 0.102060 0.099439 0.007793 0.663645
4 4 0.278934 0.081558 0.074251 0.011376 0.553880
4 4 0.364747 0.075126 0.062891 0.012387 0.484849
4 4 0.312386 0.064939 0.053875 0.007677 0.561123
4 4 0.270464 0.071462 0.059284 0.007358 0.591431
4 4 0.334176 0.085142 0.068485 0.012245 0.499951
4 4 0.320761 0.082410 0.073853 0.013620 0.509356
4 4 0.324584 0.110080 0.097292 0.022441 0.445603
4 4 0.170870 0.125761 0.109670 0.011997 0.581701
4 4 0.101639 0.161714 0.115419 0.007276 0.613952
4 4 0.067163 0.188593 0.132093 0.006331 0.605820
4 4 0.070789 0.191665 0.136939 0.007135 0.593472
4 4 0.063253 0.185325 0.126914 0.005543 0.618965
4 4 0.064047 0.175547 0.121615 0.005200 0.633591
4 4 0.059091 0.211393 0.138808 0.006131 0.584576
4 4 0.058414 0.221314 0.144004 0.006516 0.569752
4 4 0.062122 0.244788 0.171052 0.009359 0.512679
4 4 0.058565 0.247055 0.228702 0.012458 0.453221
4 4 0.041006 0.240664 0.329640 0.013073 0.375617
2 4 0.029031 0.233961 0.417873 0.012998 0.306137
2 4 0.029192 0.226908 0.446356 0.014965 0.282579
2 4 0.037173 0.239512 0.389466 0.016041 0.317808
4 4 0.045057 0.257907 0.323829 0.015801 0.357405
2 4 0.032042 0.253768 0.426380 0.017924 0.269888
4 4 0.053155 0.265666 0.284924 0.016544 0.379711
2 4 0.046468 0.239740 0.370645 0.019846 0.323301
4 4 0.060140 0.231161 0.252181 0.013810 0.442708
4 4 0.190695 0.167007 0.161238 0.029731 0.451330
4 4 0.088351 0.106652 0.090291 0.004483 0.710222
4 4 0.091064 0.140152 0.115427 0.006857 0.646500
4 4 0.077653 0.153259 0.116832 0.005908 0.646349
4 4 0.066964 0.203441 0.141180 0.007155 0.581260
4 4 0.055178 0.264245 0.215233 0.011389 0.453954
4 4 0.054906 0.266818 0.241454 0.013417 0.423405
4 4 0.067126 0.247598 0.169319 0.010426 0.505532
4 4 0.072107 0.225175 0.159734 0.009853 0.533131
4 4 0.075594 0.160495 0.120292 0.006040 0.637579
4 4 0.070796 0.147704 0.108987 0.004773 0.667739
4 4 0.070091 0.141790 0.104795 0.004428 0.678895
4 4 0.072433 0.181107 0.131448 0.006770 0.608243
4 4 0.071685 0.206395 0.147134 0.008294 0.566491
4 4 0.064951 0.231216 0.156641 0.008551 0.538640
4 4 0.053795 0.230919 0.210105 0.009242 0.495939
4 4 0.056238 0.209164 0.208353 0.008854 0.517390
4 4 0.074472 0.176036 0.136257 0.007128 0.606107
4 4 0.072507 0.213784 0.232810 0.014900 0.465998
4 4 0.056060 0.221758 0.260055 0.012516 0.449611
4 4 0.036406 0.235311 0.337844 0.011295 0.379145
4 4 0.036419 0.242874 0.311888 0.010165 0.398653
2 4 0.028546 0.241954 0.422503 0.013718 0.293279
2 4 0.027229 0.246667 0.440125 0.014818 0.271160
2 4 0.024542 0.229161 0.510788 0.018660 0.216849
2 4 0.021558 0.208008 0.566806 0.020446 0.183182
2 4 0.018749 0.191270 0.608620 0.020754 0.160607
2 4 0.017192 0.176648 0.643104 0.022240 0.140816
2 2 0.015953 0.162691 0.674293 0.024162 0.122901
2 2 0.017683 0.171520 0.652095 0.024371 0.134331
2 2 0.018938 0.175247 0.644177 0.026179 0.135459
2 2 0.023641 0.200592 0.567565 0.022105 0.186097
2 2 0.020766 0.204013 0.576997 0.020388 0.177836
2 2 0.023440 0.214185 0.541567 0.019700 0.201107
2 2 0.018478 0.184101 0.625357 0.022377 0.149687
2 2 0.019131 0.186371 0.619693 0.022856 0.151949
2 2 0.015678 0.161729 0.676649 0.023868 0.122075
2 2 0.017851 0.177799 0.639949 0.023157 0.141245
2 2 0.016196 0.167700 0.663507 0.023032 0.129565
2 2 0.019560 0.191516 0.607566 0.022045 0.159313
2 2 0.019673 0.188486 0.614450 0.023160 0.154232
2 2 0.025773 0.208980 0.550872 0.023656 0.190719
2 2 0.029777 0.224353 0.504578 0.022954 0.218339
2 2 0.027546 0.230018 0.503365 0.021115 0.217956
2 2 0.021548 0.195342 0.597236 0.024202 0.161673
2 2 0.014053 0.139006 0.723490 0.028332 0.095119
2 2 0.010277 0.107674 0.786698 0.030053 0.065298
2 2 0.009492 0.101266 0.799287 0.030131 0.059824
2 2 0.010476 0.110769 0.781225 0.029238 0.068291
2 2 0.012292 0.122941 0.755818 0.030015 0.078933
2 2 0.012805 0.127368 0.746959 0.029654 0.083213
2 2 0.012021 0.120603 0.760462 0.030200 0.076713
2 2 0.012322 0.120227 0.760095 0.031508 0.075848
2 2 0.012554 0.117053 0.764185 0.034153 0.072055
2 2 0.012324 0.110384 0.774656 0.037301 0.065335
2 2 0.009664 0.096500 0.805100 0.033920 0.054815
2 2 0.008971 0.086545 0.820479 0.037593 0.046413
2 2 0.011317 0.093626 0.798033 0.046317 0.050708
2 2 0.011754 0.092489 0.795924 0.050424 0.049410
2 2 0.010314 0.080225 0.814332 0.054943 0.040186
2 2 0.008377 0.063262 0.831493 0.067645 0.029223
2 2 0.009032 0.066065 0.821309 0.072252 0.031342
2 2 0.009028 0.061615 0.815266 0.085555 0.028536
2 2 0.008743 0.055462 0.807082 0.103864 0.024849
2 2 0.008025 0.054825 0.821439 0.091270 0.024442
2 2 0.027280 0.109894 0.675195 0.128501 0.059130
2 2 0.088731 0.205759 0.435061 0.131551 0.138898
2 2 0.204196 0.225940 0.237594 0.108789 0.223481
2 2 0.056876 0.233744 0.473372 0.057967 0.178042
2 2 0.040470 0.184085 0.585427 0.067480 0.122538
2 2 0.012180 0.079154 0.796333 0.073795 0.038539
2 2 0.011857 0.072020 0.790678 0.091110 0.034335
2 2 0.011706 0.065814 0.778675 0.113003 0.030802
2 2 0.010175 0.060883 0.793582 0.107438 0.027921
2 2 0.012518 0.068900 0.772821 0.113142 0.032619
2 2 0.012622 0.072345 0.779414 0.101028 0.034591
2 2 0.013398 0.073239 0.769227 0.108954 0.035182
2 2 0.011685 0.067619 0.783907 0.104976 0.031812
2 2 0.009626 0.059613 0.801009 0.102580 0.027174
2 2 0.009702 0.054096 0.778817 0.133160 0.024225
2 2 0.007650 0.045003 0.789610 0.138436 0.019301
2 2 0.009844 0.049069 0.747568 0.171876 0.021643
2 2 0.010400 0.044805 0.698075 0.227120 0.019600
2 2 0.011646 0.043793 0.648550 0.276692 0.019318
2 2 0.021911 0.059925 0.549959 0.338985 0.029220
2 2 0.016233 0.049706 0.580275 0.330764 0.023022
2 3 0.014724 0.044606 0.567350 0.353058 0.020263
2 3 0.009868 0.034767 0.604211 0.336378 0.014776
2 3 0.011493 0.038343 0.591888 0.341563 0.016713
2 3 0.015117 0.049669 0.607199 0.305210 0.022805
2 3 0.016493 0.052885 0.602326 0.303641 0.024656
2 3 0.021918 0.059698 0.548141 0.341140 0.029104
3 3 0.022326 0.047779 0.438860 0.468061 0.022975
3 3 0.024139 0.046047 0.403842 0.505088 0.020884
3 3 0.037765 0.048042 0.291489 0.602351 0.020352
3 3 0.056240 0.045683 0.188607 0.691608 0.017861
