4 0 0.120765 0.125779 0.206439 0.086491 0.460526
4 0 0.065856 0.122307 0.079890 0.012113 0.719834
4 0 0.223228 0.170913 0.127981 0.038783 0.439094
4 0 0.245945 0.183216 0.112055 0.025667 0.433117
4 0 0.215722 0.182597 0.122613 0.026282 0.452785
4 0 0.120577 0.163685 0.131311 0.025074 0.559353
4 0 0.106143 0.133419 0.201441 0.081176 0.477820
4 0 0.070368 0.094542 0.231946 0.159517 0.443626
4 0 0.063089 0.077924 0.223762 0.214416 0.420808
4 0 0.064953 0.096446 0.208423 0.119191 0.510988
4 0 0.076367 0.119826 0.166223 0.057783 0.579801
4 0 0.107397 0.157022 0.124108 0.023181 0.588292
4 0 0.129572 0.162057 0.117563 0.019755 0.571053
4 0 0.157159 0.169845 0.120112 0.018860 0.534024
4 0 0.130213 0.172993 0.159122 0.030328 0.507345
4 0 0.119942 0.166814 0.145802 0.026803 0.540639
4 0 0.141627 0.174300 0.150199 0.027568 0.506306
4 0 0.141047 0.166370 0.123663 0.017731 0.551189
4 0 0.176119 0.182317 0.151593 0.026359 0.463612
4 0 0.158111 0.181547 0.164430 0.033491 0.462421
4 0 0.170125 0.185164 0.167949 0.041051 0.435712
4 0 0.171187 0.181103 0.147034 0.030960 0.469716
4 0 0.230268 0.183601 0.122614 0.021715 0.441803
4 0 0.284362 0.187233 0.119438 0.021399 0.387569
4 0 0.235004 0.187612 0.135684 0.024880 0.416820
4 0 0.184678 0.180969 0.136534 0.026396 0.471423
4 0 0.112399 0.165311 0.149979 0.028990 0.543321
4 0 0.103910 0.159699 0.140025 0.025786 0.570580
4 0 0.076823 0.141086 0.118234 0.018027 0.645830
4 0 0.073449 0.131657 0.095595 0.012799 0.686501
4 0 0.081721 0.140020 0.106963 0.015897 0.655400
4 0 0.135448 0.171163 0.142248 0.028538 0.522603
4 0 0.226447 0.194322 0.197578 0.058567 0.323086
4 0 0.224959 0.169314 0.221211 0.088660 0.295856
4 0 0.182928 0.152148 0.233997 0.118065 0.312862
4 0 0.153019 0.140463 0.232483 0.119328 0.354708
4 0 0.142349 0.146868 0.195571 0.070203 0.445009
4 0 0.131368 0.151202 0.177855 0.051677 0.487898
4 0 0.111899 0.116918 0.201541 0.099980 0.469662
4 0 0.130676 0.111438 0.210099 0.122799 0.424989
4 0 0.158867 0.110698 0.210938 0.131827 0.387670
4 0 0.173470 0.120394 0.207044 0.128714 0.370378
4 0 0.207541 0.132658 0.170478 0.087928 0.401395
4 0 0.293619 0.166034 0.132228 0.042287 0.365832
0 0 0.403237 0.166627 0.114748 0.046552 0.268836
0 0 0.418431 0.169840 0.107260 0.039302 0.265166
0 0 0.381325 0.157315 0.134896 0.063659 0.262805
0 0 0.346712 0.183585 0.106910 0.030603 0.332190
4 0 0.293590 0.151766 0.142474 0.062099 0.350072
0 0 0.351499 0.158188 0.140394 0.062670 0.287249
4 0 0.253655 0.135066 0.190051 0.110335 0.310893
4 0 0.225393 0.125555 0.208767 0.139436 0.300848
4 0 0.221025 0.125983 0.215517 0.132807 0.304668
4 0 0.274967 0.136608 0.194100 0.102666 0.291658
0 0 0.376433 0.174435 0.147569 0.040517 0.261045
0 0 0.395470 0.186550 0.113508 0.029429 0.275042
4 0 0.311212 0.188557 0.116797 0.027910 0.355524
4 0 0.206161 0.158045 0.162251 0.065358 0.408186
4 0 0.159149 0.124541 0.201122 0.144698 0.370490
4 0 0.184898 0.108443 0.208111 0.228689 0.269858
3 0 0.211771 0.095950 0.209873 0.289460 0.192946
4 0 0.157207 0.098134 0.235033 0.249378 0.260248
4 0 0.220790 0.148547 0.196221 0.092850 0.341592
4 0 0.283075 0.183728 0.160116 0.050130 0.322951
0 0 0.476596 0.176774 0.098296 0.030902 0.217433
0 0 0.579097 0.158944 0.084970 0.028180 0.148810
0 0 0.730871 0.116926 0.038978 0.010521 0.102705
0 0 0.743226 0.112410 0.035932 0.006934 0.101499
0 0 0.720115 0.119480 0.040776 0.007293 0.112336
0 0 0.485766 0.176383 0.103494 0.021651 0.212707
0 0 0.371750 0.190518 0.129973 0.030211 0.277549
4 0 0.268787 0.189415 0.129447 0.026892 0.385459
4 0 0.217457 0.184439 0.129296 0.026510 0.442298
4 0 0.225718 0.182418 0.119042 0.022984 0.449838
0 0 0.385033 0.174285 0.077994 0.013451 0.349237
0 0 0.581703 0.148278 0.051740 0.010020 0.208259
0 0 0.792902 0.095345 0.024251 0.007457 0.080045
0 0 0.845433 0.075064 0.014221 0.005459 0.059823
0 0 0.846536 0.074585 0.013938 0.005783 0.059158
0 0 0.871843 0.064120 0.010133 0.004384 0.049520
0 0 0.824606 0.079098 0.012848 0.005427 0.078020
0 0 0.788548 0.092415 0.018389 0.006309 0.094338
0 0 0.720730 0.114789 0.030088 0.008293 0.126101
0 0 0.679865 0.129954 0.043633 0.014296 0.132252
0 0 0.744107 0.109420 0.028803 0.008968 0.108703
0 0 0.775913 0.101443 0.027679 0.009096 0.085869
0 0 0.732290 0.110371 0.026536 0.008361 0.122441
0 0 0.584349 0.152413 0.059343 0.018141 0.185754
0 0 0.540058 0.162219 0.071028 0.018037 0.208659
0 0 0.380724 0.183746 0.116963 0.040492 0.278076
4 0 0.276609 0.189681 0.124708 0.036938 0.372065
4 0 0.261784 0.160624 0.157101 0.064180 0.356311
4 0 0.217920 0.175141 0.130075 0.031026 0.445839
4 0 0.167450 0.173053 0.120114 0.022786 0.516597
4 0 0.178216 0.173142 0.114001 0.020640 0.514002
4 0 0.209161 0.179941 0.119145 0.021469 0.470284
4 0 0.196034 0.176205 0.114418 0.019581 0.493761
4 0 0.281353 0.184672 0.112291 0.018629 0.403055
4 0 0.198448 0.178632 0.121663 0.020051 0.481206
4 0 0.285145 0.192990 0.142604 0.029963 0.349297
0 0 0.361364 0.193040 0.145890 0.035997 0.263710
0 0 0.527934 0.169744 0.104518 0.035625 0.162179
0 0 0.607123 0.151767 0.073622 0.028152 0.139336
0 0 0.613174 0.149395 0.069599 0.032447 0.135385
0 0 0.528089 0.163233 0.100455 0.048784 0.159440
0 0 0.351897 0.146207 0.185638 0.134158 0.182100
0 0 0.404634 0.175488 0.156623 0.075788 0.187467
0 0 0.485547 0.177158 0.121817 0.043689 0.171789
0 0 0.603674 0.153418 0.077333 0.022563 0.143012
0 0 0.493417 0.176283 0.119863 0.039240 0.171198
0 0 0.452067 0.181979 0.113947 0.030365 0.221643
0 0 0.485287 0.176482 0.119747 0.048405 0.170079
0 0 0.594636 0.154411 0.076962 0.032077 0.141914
0 0 0.665498 0.136437 0.055433 0.020528 0.122104
0 0 0.584101 0.152902 0.062831 0.012716 0.187450
0 0 0.366772 0.178112 0.089156 0.012517 0.353443
4 0 0.216495 0.181602 0.123260 0.019705 0.458938
4 0 0.295334 0.187040 0.115943 0.022100 0.379583
4 0 0.327819 0.184509 0.104509 0.019412 0.363752
4 0 0.246379 0.194988 0.168066 0.040568 0.349999
2 0 0.111330 0.107773 0.445839 0.201213 0.133846
4 0 0.146116 0.169647 0.219139 0.076931 0.388166
4 0 0.229251 0.187629 0.204098 0.062226 0.316797
0 0 0.330848 0.194598 0.150462 0.042706 0.281387
4 0 0.315738 0.188246 0.116775 0.024484 0.354757
4 0 0.313018 0.184344 0.105867 0.018588 0.378184
4 0 0.223664 0.174118 0.098439 0.015220 0.488559
4 0 0.191125 0.169352 0.100059 0.014099 0.525364
4 0 0.332930 0.184378 0.104997 0.017896 0.359800
0 0 0.300307 0.218130 0.243574 0.024763 0.213225
2 0 0.263116 0.219172 0.328631 0.026809 0.162273
0 0 0.342649 0.206623 0.205958 0.037734 0.207035
0 0 0.383018 0.205639 0.218951 0.038379 0.154013
0 0 0.487348 0.181565 0.119006 0.024610 0.187472
0 0 0.361557 0.184170 0.104642 0.017324 0.332306
0 0 0.391866 0.182763 0.101972 0.017257 0.306143
0 0 0.301104 0.219214 0.279087 0.025604 0.174991
2 0 0.287439 0.211915 0.367075 0.029001 0.104570
2 0 0.144029 0.183887 0.559903 0.041202 0.070978
2 0 0.162871 0.191347 0.496205 0.059213 0.090365
2 0 0.245795 0.204484 0.343046 0.079653 0.127022
0 0 0.358653 0.206302 0.224634 0.045361 0.165050
0 0 0.356096 0.194842 0.142517 0.031300 0.275245
4 0 0.342036 0.183671 0.102462 0.017476 0.354356
0 0 0.403528 0.192152 0.144263 0.030054 0.230002
0 0 0.417255 0.192919 0.172211 0.040215 0.177400
0 0 0.374510 0.200625 0.213813 0.044848 0.166204
0 0 0.493119 0.176459 0.120454 0.038327 0.171641
0 0 0.473524 0.153936 0.129772 0.061289 0.181478
0 0 0.524047 0.130599 0.109684 0.061070 0.174599
0 0 0.535197 0.138959 0.092951 0.047937 0.184956
0 0 0.545809 0.101666 0.085681 0.108994 0.157848
0 0 0.670301 0.108398 0.049887 0.051992 0.119422
0 0 0.676255 0.098566 0.046110 0.063370 0.115700
0 0 0.740732 0.111459 0.032360 0.022710 0.092740
0 0 0.796530 0.093146 0.021804 0.013073 0.075447
0 0 0.862557 0.067878 0.011199 0.005995 0.052371
0 0 0.872642 0.063739 0.009920 0.004765 0.048934
0 0 0.851645 0.072410 0.012912 0.006337 0.056696
0 0 0.810989 0.088158 0.019571 0.010060 0.071223
0 0 0.778201 0.099775 0.025519 0.014439 0.082067
0 0 0.829080 0.081235 0.016356 0.008743 0.064585
0 0 0.810404 0.088276 0.019535 0.010648 0.071138
0 0 0.738918 0.113921 0.035640 0.013599 0.097922
0 0 0.630075 0.145771 0.063995 0.022075 0.138083
4 0 0.266762 0.188246 0.122832 0.030686 0.391475
0 0 0.328105 0.195060 0.155527 0.045886 0.275422
4 0 0.239053 0.181693 0.191454 0.062060 0.325739
4 0 0.212194 0.169301 0.194540 0.070166 0.353799
4 0 0.180407 0.181426 0.139835 0.030496 0.467836
4 0 0.162948 0.172662 0.122738 0.022391 0.519260
4 0 0.130853 0.164194 0.123661 0.020568 0.560724
4 0 0.117551 0.159514 0.122372 0.019972 0.580591
4 0 0.158385 0.178908 0.150235 0.030738 0.481733
4 0 0.216825 0.193562 0.177807 0.044322 0.367483
0 0 0.400998 0.193275 0.177280 0.054376 0.174071
0 0 0.391904 0.203192 0.217313 0.042339 0.145251
0 0 0.538968 0.170283 0.104465 0.036586 0.149698
0 0 0.647797 0.140922 0.059757 0.025162 0.126362
0 0 0.700039 0.126388 0.045948 0.016197 0.111428
0 0 0.696017 0.127762 0.047514 0.015332 0.113374
0 0 0.643413 0.142103 0.061098 0.025694 0.127692
0 0 0.691698 0.128638 0.047545 0.018903 0.113216
0 0 0.698298 0.127275 0.047809 0.012751 0.113867
0 0 0.576557 0.158132 0.076432 0.016562 0.172317
0 0 0.300187 0.220526 0.242286 0.022819 0.214182
2 0 0.215281 0.222319 0.313804 0.024139 0.224457
4 0 0.240648 0.216431 0.237808 0.022876 0.282237
4 0 0.224108 0.205380 0.193811 0.024894 0.351807
4 0 0.265273 0.186801 0.123070 0.020913 0.403943
4 0 0.271778 0.180171 0.102921 0.014583 0.430547
4 0 0.247828 0.175536 0.097825 0.012284 0.466527
4 0 0.194460 0.170321 0.101819 0.013652 0.519748
4 0 0.211249 0.193377 0.168848 0.034123 0.392404
0 0 0.279355 0.198219 0.200664 0.053718 0.268044
0 0 0.308271 0.172566 0.214345 0.100833 0.203985
0 0 0.263870 0.153910 0.233248 0.144351 0.204622
0 0 0.328328 0.158840 0.193813 0.119590 0.199429
0 0 0.396044 0.189113 0.166482 0.057827 0.190535
0 0 0.460875 0.179666 0.128985 0.056321 0.174152
0 0 0.407281 0.185048 0.151069 0.074510 0.182092
0 0 0.473569 0.176485 0.122552 0.056407 0.170987
0 0 0.418271 0.180237 0.152691 0.062664 0.186137
0 0 0.558356 0.163880 0.093857 0.028375 0.155532
0 0 0.618560 0.149772 0.072629 0.019940 0.139098
0 0 0.606055 0.152857 0.076615 0.022035 0.142438
0 0 0.582864 0.158299 0.084370 0.025934 0.148532
0 0 0.552626 0.164965 0.095544 0.030304 0.156562
0 0 0.545883 0.166515 0.098673 0.030143 0.158786
0 0 0.563867 0.162397 0.090748 0.029893 0.153095
0 0 0.566044 0.162013 0.090251 0.028875 0.152817
0 0 0.545516 0.166333 0.094853 0.028255 0.165043
0 0 0.506633 0.173242 0.100194 0.027545 0.192386
0 0 0.543867 0.166858 0.099192 0.031025 0.159058
0 0 0.624785 0.147861 0.069325 0.022114 0.135914
0 0 0.693376 0.128691 0.048741 0.014298 0.114894
0 0 0.660982 0.138389 0.059400 0.014529 0.126700
0 0 0.650515 0.141353 0.062856 0.015087 0.130190
0 0 0.451228 0.196849 0.183270 0.028381 0.140272
0 0 0.436802 0.198215 0.187333 0.036515 0.141136
0 0 0.351852 0.212187 0.294891 0.028709 0.112361
0 0 0.462972 0.200385 0.200435 0.020143 0.116065
0 0 0.413469 0.207189 0.238040 0.024840 0.116462
0 0 0.533926 0.181344 0.131617 0.024032 0.129081
0 0 0.404135 0.208483 0.244970 0.028209 0.114203
0 0 0.342754 0.213503 0.319331 0.025554 0.098857
0 0 0.326355 0.212029 0.305433 0.038977 0.117205
0 0 0.358306 0.212399 0.288793 0.032104 0.108398
0 0 0.351083 0.213150 0.302948 0.029510 0.103310
2 0 0.282459 0.212134 0.383511 0.029423 0.092474
2 0 0.231260 0.206180 0.448498 0.030319 0.083743
2 0 0.281965 0.212039 0.371219 0.034691 0.100086
2 0 0.254199 0.209578 0.413898 0.032017 0.090308
2 0 0.235956 0.207230 0.431855 0.034222 0.090738
2 0 0.206967 0.202032 0.472466 0.035434 0.083102
2 0 0.234426 0.207019 0.434305 0.034531 0.089719
2 0 0.284052 0.212210 0.378520 0.030128 0.095090
2 0 0.281721 0.212077 0.384922 0.029241 0.092039
2 0 0.269852 0.211102 0.392075 0.031466 0.095504
2 0 0.118819 0.172529 0.607172 0.039328 0.062154
2 1 0.122944 0.184526 0.517626 0.064767 0.110137
2 1 0.163946 0.205458 0.422080 0.051935 0.156582
2 1 0.158070 0.189886 0.506616 0.055624 0.089803
2 1 0.150985 0.187484 0.517905 0.056593 0.087033
2 1 0.118258 0.173941 0.576477 0.056287 0.075038
2 1 0.105147 0.167048 0.603360 0.055840 0.068604
2 2 0.070715 0.142436 0.694973 0.047460 0.044416
2 2 0.048076 0.104652 0.777120 0.041461 0.028691
2 2 0.043023 0.095700 0.798264 0.038040 0.024974
2 2 0.042471 0.092837 0.799889 0.039774 0.025028
2 2 0.048986 0.112472 0.763708 0.041507 0.033327
2 2 0.038595 0.096461 0.794096 0.039094 0.031754
2 2 0.034366 0.093830 0.798996 0.037921 0.034887
2 2 0.030411 0.080380 0.818702 0.039547 0.030960
2 2 0.029987 0.068829 0.818764 0.051972 0.030448
2 2 0.031148 0.061684 0.817892 0.062040 0.027235
2 2 0.034225 0.063303 0.804423 0.069553 0.028495
2 2 0.031907 0.055659 0.822127 0.067623 0.022684
2 2 0.031560 0.054774 0.822812 0.068328 0.022526
2 2 0.030322 0.056431 0.836952 0.056053 0.020241
2 2 0.031371 0.055899 0.827292 0.063593 0.021845
2 3 0.029023 0.048585 0.827718 0.073376 0.021298
2 3 0.031275 0.043841 0.778824 0.118865 0.027196
2 3 0.035008 0.039972 0.685366 0.202436 0.037218
2 3 0.032124 0.031420 0.615716 0.281363 0.039378
2 3 0.027805 0.023515 0.541915 0.367886 0.038879
2 3 0.027314 0.024314 0.581099 0.331007 0.036266
2 3 0.029344 0.028268 0.621208 0.284918 0.036262
2 3 0.029948 0.027643 0.590490 0.313281 0.038638
2 3 0.032015 0.027348 0.525220 0.370615 0.044802
3 3 0.027043 0.018931 0.399356 0.509016 0.045654
3 3 0.021953 0.012194 0.250502 0.668896 0.046455
3 3 0.014212 0.006194 0.146396 0.795458 0.037741
3 3 0.012216 0.004784 0.108342 0.838581 0.036077
3 3 0.010249 0.003780 0.095869 0.858230 0.031872
3 3 0.010242 0.003862 0.104421 0.850419 0.031057
3 3 0.010064 0.003825 0.108684 0.847224 0.030203
3 3 0.011379 0.004599 0.127120 0.824684 0.032218
3 3 0.012358 0.005048 0.125943 0.821817 0.034833
3 3 0.013966 0.005654 0.113133 0.827023 0.040224
3 3 0.010606 0.003677 0.073587 0.876632 0.035498
3 3 0.009734 0.003249 0.066637 0.886622 0.033758
3 3 0.007331 0.002250 0.056641 0.906531 0.027247
3 3 0.006399 0.001868 0.050108 0.916746 0.024878
3 3 0.007989 0.002521 0.060109 0.900383 0.028998
3 3 0.009463 0.003130 0.065379 0.888952 0.033075
3 3 0.008663 0.002873 0.069919 0.888614 0.029931
3 3 0.008642 0.002776 0.061480 0.896137 0.030966
3 3 0.008503 0.002717 0.060808 0.897368 0.030604
3 3 0.007697 0.002382 0.056831 0.904624 0.028466
3 3 0.006932 0.002076 0.052921 0.911698 0.026374
3 3 0.006328 0.001841 0.049726 0.917430 0.024675
3 3 0.005838 0.001656 0.047060 0.922183 0.023263
3 3 0.004686 0.001241 0.040471 0.933801 0.019801
3 3 0.004115 0.001047 0.037011 0.939829 0.017998
3 3 0.004229 0.001085 0.037710 0.938616 0.018361
3 3 0.004873 0.001306 0.041573 0.931871 0.020377
3 3 0.005671 0.001594 0.046136 0.923823 0.022776
3 3 0.007884 0.002459 0.057767 0.902923 0.028968
3 3 0.008486 0.002710 0.060728 0.897515 0.030561
3 3 0.008967 0.002915 0.063038 0.893273 0.031807
3 3 0.008958 0.002911 0.062997 0.893349 0.031785
3 3 0.006984 0.002096 0.053194 0.911206 0.026520
3 3 0.005724 0.001614 0.046429 0.923303 0.022930
3 3 0.006081 0.001747 0.048391 0.919815 0.023967
3 3 0.006353 0.001851 0.049865 0.917182 0.024749
3 3 0.006968 0.002090 0.053110 0.911356 0.026476
3 3 0.007282 0.002215 0.054728 0.908436 0.027340
3 3 0.004648 0.001228 0.040248 0.934191 0.019684
3 3 0.004134 0.001053 0.037129 0.939625 0.018059
3 3 0.003852 0.000960 0.035364 0.942679 0.017144
3 3 0.004234 0.001087 0.037742 0.938560 0.018378
3 3 0.003872 0.000967 0.035489 0.942463 0.017209
3 3 0.003711 0.000914 0.034464 0.944231 0.016679
3 3 0.004033 0.001019 0.036497 0.940719 0.017731
3 3 0.006175 0.001783 0.048905 0.918896 0.024240
3 3 0.005949 0.001698 0.047673 0.921092 0.023588
3 3 0.004964 0.001338 0.042108 0.930932 0.020657
3 3 0.004367 0.001131 0.038555 0.937146 0.018801
3 3 0.005059 0.001372 0.042658 0.929965 0.020946
3 3 0.007375 0.002252 0.055206 0.907570 0.027595
3 3 0.006415 0.001874 0.050194 0.916592 0.024924
3 3 0.004096 0.001041 0.036893 0.940033 0.017937
3 3 0.003184 0.000748 0.030999 0.950173 0.014896
3 3 0.003223 0.000760 0.031265 0.949719 0.015032
3 3 0.003985 0.001004 0.036202 0.941231 0.017578
3 3 0.005673 0.001595 0.046148 0.923802 0.022782
3 3 0.006226 0.001802 0.049178 0.918410 0.024384
3 3 0.005487 0.001526 0.045101 0.925656 0.022230
3 3 0.007539 0.002318 0.056038 0.906065 0.028040
3 3 0.009409 0.003106 0.065126 0.889420 0.032938
3 3 0.008200 0.002590 0.059331 0.900070 0.029808
3 3 0.005590 0.001564 0.045681 0.924629 0.022536
3 3 0.005840 0.001657 0.047071 0.922163 0.023269
3 3 0.006012 0.001721 0.048018 0.920479 0.023770
3 3 0.005824 0.001651 0.046981 0.922323 0.023222
3 3 0.005350 0.001477 0.044331 0.927017 0.021824
3 3 0.004669 0.001235 0.040373 0.933974 0.019749
3 3 0.004337 0.001121 0.038371 0.937466 0.018705
3 3 0.004892 0.001313 0.041686 0.931673 0.020436
3 3 0.005309 0.001462 0.044097 0.927430 0.021701
3 3 0.005530 0.001542 0.045344 0.925226 0.022358
3 3 0.006814 0.002029 0.052306 0.912805 0.026047
3 3 0.006520 0.001915 0.050755 0.915589 0.025222
3 3 0.006013 0.001722 0.048023 0.920469 0.023773
3 3 0.006330 0.001842 0.049738 0.917410 0.024681
3 3 0.006974 0.002092 0.053142 0.911300 0.026492
3 3 0.006985 0.002097 0.053197 0.911200 0.026522
3 3 0.006576 0.001936 0.051050 0.915059 0.025379
3 3 0.007217 0.002189 0.054398 0.909033 0.027163
3 3 0.006413 0.001874 0.050185 0.916609 0.024919
3 3 0.006789 0.002019 0.052173 0.913042 0.025976
3 3 0.006683 0.001978 0.051616 0.914043 0.025680
3 3 0.008031 0.002520 0.058500 0.901587 0.029361
3 3 0.007916 0.002472 0.057925 0.902634 0.029053
3 3 0.005159 0.001408 0.043234 0.928952 0.021248
3 3 0.003833 0.000954 0.035243 0.942888 0.017082
3 3 0.006793 0.002021 0.052197 0.913001 0.025989
3 3 0.061900 0.040809 0.213866 0.563390 0.120036
3 2 0.068379 0.047232 0.225441 0.531522 0.127425
2 2 0.052048 0.051857 0.535535 0.295530 0.065029
2 2 0.048504 0.076605 0.726135 0.105672 0.043084
2 2 0.037660 0.038416 0.613396 0.265682 0.044847
2 2 0.044033 0.045288 0.589001 0.269039 0.052639
2 2 0.040801 0.037000 0.523219 0.344136 0.054844
2 2 0.037099 0.031367 0.491159 0.387315 0.053059
2 2 0.039202 0.032767 0.472357 0.398709 0.056965
2 2 0.035306 0.028436 0.463846 0.419608 0.052804
2 2 0.042837 0.042813 0.577208 0.284600 0.052542
2 2 0.039196 0.051298 0.699952 0.166670 0.042885
2 2 0.037494 0.061518 0.730014 0.123077 0.047896
2 2 0.043493 0.076972 0.726104 0.102668 0.050763
2 2 0.041249 0.074410 0.702511 0.119122 0.062708
2 2 0.046947 0.067105 0.712716 0.129944 0.043289
2 2 0.050549 0.077287 0.722795 0.107439 0.041930
2 2 0.052243 0.098961 0.751546 0.061617 0.035633
2 2 0.046421 0.101748 0.785772 0.038914 0.027145
2 2 0.038259 0.083006 0.816693 0.039505 0.022537
2 2 0.036173 0.067142 0.812832 0.059359 0.024494
2 2 0.033065 0.049529 0.788425 0.101848 0.027133
2 2 0.035990 0.046371 0.731044 0.152397 0.034197
2 2 0.041182 0.051291 0.695710 0.171026 0.040791
2 2 0.042234 0.054813 0.707012 0.155630 0.040312
2 2 0.045263 0.093827 0.695930 0.094546 0.070433
2 2 0.038084 0.118959 0.652479 0.069686 0.120793
2 2 0.036442 0.138039 0.515441 0.063741 0.246338
2 2 0.036131 0.146032 0.524544 0.049579 0.243714
2 2 0.035709 0.134121 0.554027 0.062288 0.213856
2 2 0.038962 0.118947 0.640507 0.074399 0.127185
2 2 0.048656 0.143664 0.585902 0.071687 0.150091
2 2 0.050040 0.151926 0.535840 0.067166 0.195028
2 2 0.045121 0.152651 0.511794 0.058752 0.231682
2 2 0.036947 0.154901 0.428318 0.046272 0.333563
2 2 0.033000 0.141403 0.507038 0.054639 0.263921
2 2 0.031720 0.127431 0.560538 0.067577 0.212734
2 2 0.029931 0.118140 0.597743 0.067876 0.186310
2 2 0.031844 0.127115 0.603441 0.061597 0.176003
2 2 0.032474 0.134380 0.569093 0.055873 0.208180
2 2 0.032945 0.124252 0.635739 0.057846 0.149218
2 2 0.031388 0.121332 0.651729 0.054285 0.141266
2 2 0.031089 0.108068 0.684938 0.061666 0.114239
2 2 0.029563 0.100420 0.696715 0.064357 0.108945
2 2 0.031009 0.089479 0.720027 0.072878 0.086606
2 2 0.032017 0.070584 0.745356 0.091763 0.060280
2 2 0.053118 0.073500 0.685154 0.139679 0.048549
2 2 0.112219 0.135505 0.492611 0.149906 0.109759
2 2 0.180070 0.173294 0.271395 0.189438 0.185803
2 2 0.102644 0.165751 0.547817 0.098922 0.084866
2 2 0.067031 0.107759 0.671347 0.099644 0.054220
2 2 0.030330 0.062989 0.846696 0.041679 0.018307
2 2 0.034759 0.072127 0.812538 0.053279 0.027297
2 2 0.037162 0.082634 0.795211 0.052004 0.032988
2 2 0.041432 0.094210 0.778715 0.049789 0.035854
2 2 0.038774 0.089776 0.806330 0.038909 0.026211
2 2 0.039826 0.095693 0.802135 0.035853 0.026493
2 2 0.033714 0.080673 0.830332 0.033759 0.021521
2 2 0.034997 0.080697 0.820670 0.039295 0.024341
2 2 0.034602 0.070734 0.825352 0.046919 0.022393
2 2 0.037948 0.064463 0.793481 0.076133 0.027976
2 2 0.036124 0.054978 0.779379 0.100133 0.029385
2 2 0.033917 0.049693 0.779359 0.108570 0.028460
2 2 0.033794 0.051492 0.789344 0.098037 0.027334
2 2 0.035217 0.053752 0.783800 0.098711 0.028520
2 2 0.034406 0.052609 0.787582 0.097631 0.027773
2 2 0.031150 0.049809 0.810577 0.084503 0.023961
2 2 0.031623 0.049561 0.804576 0.089435 0.024806
2 2 0.032511 0.053620 0.810632 0.078864 0.024373
2 2 0.033822 0.057202 0.809505 0.074631 0.024839
2 2 0.030578 0.054304 0.830104 0.063690 0.021323
2 2 0.032282 0.053160 0.811306 0.079027 0.024224
2 2 0.033858 0.053978 0.798704 0.087195 0.026264
2 2 0.036992 0.053204 0.761541 0.116493 0.031769
2 2 0.033174 0.045059 0.761109 0.130827 0.029830
2 2 0.035901 0.043579 0.708329 0.176111 0.036080
2 2 0.034004 0.040966 0.713819 0.176926 0.034285
2 2 0.038072 0.045679 0.693726 0.183674 0.038848
2 2 0.041910 0.053070 0.699139 0.164962 0.040919
2 2 0.044837 0.056986 0.688337 0.166001 0.043840
2 2 0.039161 0.045652 0.676112 0.197924 0.041151
2 2 0.036337 0.035152 0.587549 0.295528 0.045434
2 2 0.032999 0.028980 0.539779 0.353208 0.045035
2 2 0.033075 0.027001 0.485824 0.405552 0.048548
2 2 0.033613 0.028778 0.518263 0.372237 0.047110
2 2 0.030355 0.023952 0.474828 0.425072 0.045793
2 2 0.027751 0.021152 0.463088 0.444964 0.043045
3 2 0.033051 0.025543 0.443825 0.446316 0.051264
3 2 0.028646 0.019094 0.350794 0.550347 0.051119
3 2 0.028820 0.019092 0.344927 0.555370 0.051790
3 2 0.033296 0.023501 0.371108 0.515389 0.056706
2 2 0.036684 0.029306 0.450611 0.427907 0.055491
3 2 0.036188 0.027185 0.405486 0.472935 0.058206
2 2 0.039006 0.034216 0.508481 0.364305 0.053992
3 3 0.030730 0.023077 0.433984 0.463421 0.048787
3 3 0.032537 0.022788 0.368961 0.519967 0.055747
3 3 0.027048 0.015079 0.226073 0.673723 0.058078
3 3 0.019703 0.009025 0.143551 0.776709 0.051011
3 3 0.015332 0.006606 0.134366 0.802164 0.041532
3 3 0.021968 0.011202 0.193226 0.722587 0.051017
3 3 0.026601 0.014925 0.232612 0.669226 0.056636
3 3 0.027194 0.014746 0.207120 0.690732 0.060208
3 3 0.020550 0.009494 0.144165 0.772887 0.052904
3 3 0.016221 0.006409 0.093736 0.834927 0.048707
3 3 0.012752 0.004649 0.079890 0.861697 0.041013
3 3 0.016827 0.006732 0.096032 0.830415 0.049994
3 3 0.018711 0.007762 0.102960 0.816673 0.053894
3 3 0.039276 0.021366 0.164601 0.685006 0.089750
3 2 0.081482 0.061458 0.245916 0.470292 0.140851
3 2 0.134575 0.118974 0.273119 0.300581 0.172752
2 2 0.122610 0.134435 0.399842 0.212862 0.130252
2 2 0.078027 0.121140 0.626346 0.109332 0.065155
2 2 0.046428 0.079908 0.761960 0.077407 0.034297
2 2 0.039910 0.068318 0.786855 0.075602 0.029315
2 2 0.041960 0.067802 0.768506 0.089109 0.032624
2 2 0.047329 0.084219 0.763311 0.071190 0.033950
2 2 0.050789 0.101935 0.770292 0.045628 0.031356
2 2 0.123647 0.171935 0.626670 0.027873 0.049874
2 2 0.108320 0.165578 0.640199 0.036030 0.049873
2 2 0.064804 0.128954 0.722691 0.045000 0.038551
2 2 0.062263 0.128280 0.728590 0.043100 0.037767
2 2 0.056886 0.087873 0.700841 0.107248 0.047152
2 2 0.050736 0.069702 0.688372 0.143458 0.047733
2 2 0.040224 0.098747 0.768241 0.050037 0.042752
2 2 0.033132 0.069912 0.836178 0.040952 0.019826
2 2 0.051414 0.115200 0.775906 0.029859 0.027620
2 2 0.111036 0.166009 0.645283 0.028054 0.049618
2 2 0.105949 0.164036 0.646985 0.034052 0.048978
2 2 0.050927 0.103454 0.762377 0.050728 0.032514
2 2 0.037462 0.066641 0.802321 0.067134 0.026442
2 2 0.032327 0.053635 0.812441 0.077506 0.024092
2 2 0.040786 0.071306 0.786581 0.071902 0.029426
2 2 0.045253 0.076827 0.764368 0.079759 0.033793
2 2 0.041436 0.069789 0.778119 0.079679 0.030978
2 2 0.037031 0.058188 0.782703 0.092786 0.029293
2 2 0.031601 0.053576 0.819036 0.072736 0.023051
2 2 0.034066 0.050353 0.780953 0.106268 0.028360
2 2 0.036768 0.055446 0.774564 0.103019 0.030202
2 2 0.035754 0.048138 0.747123 0.136402 0.032583
2 2 0.031053 0.046421 0.796512 0.100594 0.025420
2 2 0.028481 0.043858 0.814254 0.090856 0.022551
2 2 0.027936 0.043625 0.819529 0.087102 0.021807
2 2 0.030740 0.051009 0.819052 0.076370 0.022829
2 2 0.028969 0.049148 0.830105 0.070782 0.020995
2 2 0.027265 0.048178 0.843220 0.062382 0.018956
2 2 0.030371 0.057326 0.838301 0.053989 0.020014
2 2 0.031552 0.056067 0.826180 0.064166 0.022035
2 2 0.047066 0.077479 0.751895 0.087295 0.036265
2 2 0.072570 0.108587 0.637383 0.119092 0.062369
2 2 0.086960 0.114427 0.577804 0.144548 0.076262
2 2 0.047572 0.066230 0.708919 0.134401 0.042878
2 2 0.042661 0.059061 0.726992 0.132935 0.038352
2 2 0.039407 0.062395 0.774653 0.092460 0.031085
2 2 0.034784 0.057720 0.802357 0.079089 0.026049
2 2 0.031599 0.053753 0.819582 0.072089 0.022977
2 2 0.032064 0.053531 0.814586 0.076073 0.023747
2 2 0.038673 0.065849 0.790954 0.076039 0.028484
2 2 0.035075 0.058335 0.801569 0.078795 0.026226
2 2 0.032787 0.056534 0.816787 0.070287 0.023604
2 2 0.029695 0.054858 0.838696 0.056821 0.019930
2 2 0.028767 0.049220 0.832267 0.069068 0.020677
2 2 0.029300 0.048749 0.825529 0.074783 0.021638
2 2 0.029635 0.045724 0.809710 0.091446 0.023485
2 2 0.031386 0.042788 0.770133 0.127675 0.028018
2 2 0.039755 0.047211 0.681840 0.190105 0.041089
2 2 0.044307 0.042711 0.547925 0.308610 0.056446
2 2 0.045263 0.042745 0.530254 0.322799 0.058939
2 2 0.051169 0.065916 0.567787 0.231305 0.083822
2 2 0.052107 0.076682 0.609499 0.180141 0.081572
2 2 0.053928 0.097016 0.649985 0.120292 0.078780
2 2 0.072624 0.135630 0.665772 0.062148 0.063826
2 2 0.055378 0.122288 0.717037 0.050623 0.054674
2 2 0.054444 0.129946 0.688145 0.051245 0.076220
2 2 0.042779 0.158676 0.535325 0.040977 0.222242
2 2 0.041975 0.163925 0.420273 0.039722 0.334105
4 2 0.038994 0.162305 0.345182 0.031940 0.421579
4 2 0.038930 0.158664 0.359806 0.038593 0.404006
4 2 0.040358 0.154478 0.373253 0.047744 0.384167
4 4 0.046521 0.167798 0.363292 0.048020 0.374369
4 4 0.042351 0.165155 0.359005 0.041551 0.391938
4 4 0.043436 0.161746 0.317894 0.039197 0.437727
4 4 0.035464 0.143542 0.240441 0.028663 0.551890
4 4 0.038424 0.142439 0.222968 0.028597 0.567571
4 4 0.041336 0.140379 0.199046 0.028218 0.591021
4 4 0.034146 0.116833 0.135180 0.021268 0.692572
4 4 0.022640 0.092363 0.096688 0.013162 0.775146
4 4 0.028979 0.113154 0.142400 0.022158 0.693309
4 4 0.056888 0.162833 0.275934 0.053538 0.450807
2 4 0.088845 0.177505 0.425386 0.112643 0.195620
2 4 0.102085 0.184040 0.445364 0.095868 0.172642
2 4 0.085438 0.182996 0.379599 0.072626 0.279341
4 4 0.029258 0.100765 0.098188 0.014205 0.757585
4 4 0.013064 0.072232 0.075956 0.009504 0.829244
4 4 0.011845 0.067062 0.065851 0.007856 0.847386
4 4 0.016129 0.080613 0.086766 0.012288 0.804204
4 4 0.017197 0.081420 0.083731 0.011573 0.806080
4 4 0.022824 0.097503 0.113659 0.020385 0.745629
4 4 0.021234 0.092695 0.104152 0.016003 0.765915
4 4 0.027570 0.102031 0.109306 0.017396 0.743696
4 4 0.033482 0.114313 0.133294 0.024675 0.694236
4 4 0.063010 0.141109 0.250404 0.070793 0.474684
2 4 0.073073 0.156191 0.424040 0.098372 0.248324
2 4 0.073085 0.142785 0.482156 0.117749 0.184225
4 4 0.068810 0.150203 0.262635 0.077517 0.440836
4 4 0.033044 0.107512 0.108032 0.016685 0.734727
4 4 0.013505 0.057834 0.036572 0.002863 0.889226
4 4 0.022155 0.074412 0.048587 0.004461 0.850385
4 4 0.028774 0.102439 0.105115 0.017031 0.746640
4 4 0.050716 0.150451 0.246416 0.071186 0.481230
2 4 0.068671 0.174144 0.442121 0.098683 0.216382
2 4 0.080144 0.176977 0.416237 0.105613 0.221029
2 4 0.077877 0.184309 0.384547 0.066886 0.286380
4 4 0.061255 0.147214 0.170600 0.033209 0.587721
4 4 0.037445 0.140104 0.215104 0.026272 0.581075
4 4 0.039761 0.156903 0.296419 0.030395 0.476522
4 4 0.036505 0.157929 0.325407 0.030672 0.449487
4 4 0.034724 0.150213 0.279534 0.026477 0.509051
4 4 0.027733 0.117550 0.159997 0.019971 0.674748
4 4 0.024616 0.098060 0.108105 0.016568 0.752651
4 4 0.024375 0.096174 0.102017 0.015065 0.762370
4 4 0.030729 0.114730 0.140727 0.021335 0.692480
4 4 0.035556 0.139541 0.220077 0.026724 0.578102
4 2 0.041281 0.157625 0.294215 0.032041 0.474837
4 2 0.041171 0.156507 0.287248 0.031632 0.483441
4 2 0.042418 0.158831 0.296329 0.032317 0.470106
4 2 0.039977 0.153846 0.274858 0.028814 0.502504
4 2 0.041930 0.163638 0.334644 0.031713 0.428075
4 2 0.041978 0.167049 0.373131 0.035195 0.382646
2 2 0.040962 0.158258 0.449871 0.046635 0.304274
2 2 0.038475 0.150799 0.491118 0.051601 0.268007
2 2 0.038509 0.147868 0.539660 0.051848 0.222114
2 2 0.040027 0.150001 0.566031 0.047643 0.196298
2 2 0.041215 0.143517 0.583257 0.056124 0.175887
2 2 0.036919 0.129764 0.627877 0.059079 0.146361
2 2 0.031944 0.112046 0.685535 0.058667 0.111807
2 2 0.033179 0.112021 0.712921 0.052547 0.089332
2 2 0.034112 0.106573 0.732632 0.052484 0.074200
2 2 0.035075 0.107432 0.736939 0.051064 0.069489
2 2 0.033014 0.109618 0.712725 0.054746 0.089898
2 2 0.034116 0.111258 0.691163 0.061085 0.102378
2 2 0.044095 0.164023 0.539216 0.043072 0.209594
2 2 0.042728 0.123333 0.602631 0.085544 0.145763
2 2 0.045325 0.141175 0.545078 0.071919 0.196504
4 2 0.038988 0.164784 0.374592 0.034328 0.387308
2 2 0.040982 0.163313 0.498678 0.043248 0.253779
2 2 0.041003 0.159725 0.517893 0.044230 0.237149
2 2 0.038843 0.153684 0.524647 0.044863 0.237963
2 2 0.037469 0.144491 0.551162 0.049846 0.217033
2 2 0.033962 0.136234 0.582005 0.049755 0.198044
2 2 0.030523 0.115932 0.654656 0.059926 0.138963
2 2 0.028703 0.101929 0.709848 0.057342 0.102177
2 2 0.027529 0.096520 0.745587 0.050361 0.080004
2 2 0.030118 0.104523 0.740618 0.047422 0.077319
2 2 0.028673 0.099066 0.751215 0.047480 0.073565
2 2 0.025394 0.076801 0.810799 0.043873 0.043134
2 2 0.024947 0.073381 0.819917 0.043006 0.038748
2 2 0.025205 0.064553 0.816854 0.055323 0.038065
2 2 0.026976 0.062407 0.778367 0.081276 0.050974
2 2 0.028813 0.070846 0.769535 0.074828 0.055977
2 2 0.029157 0.072897 0.781425 0.066267 0.050254
2 2 0.029549 0.065607 0.807370 0.062465 0.035009
2 2 0.030301 0.059656 0.799338 0.076406 0.034299
2 2 0.033056 0.057963 0.782119 0.091954 0.034907
2 2 0.034808 0.060137 0.745876 0.113167 0.046012
2 2 0.035937 0.062551 0.705149 0.135070 0.061292
2 2 0.038202 0.067137 0.693102 0.135430 0.066129
2 2 0.041091 0.072517 0.681237 0.134802 0.070353
2 2 0.042399 0.056206 0.639877 0.200043 0.061476
2 2 0.044918 0.050167 0.567962 0.270260 0.066693
2 2 0.045903 0.048109 0.566731 0.278707 0.060550
2 2 0.051439 0.056821 0.577375 0.250562 0.063804
2 2 0.045213 0.045561 0.571616 0.282362 0.055247
2 2 0.046498 0.044805 0.537981 0.311228 0.059487
2 2 0.051826 0.049656 0.511621 0.319636 0.067261
2 2 0.044727 0.039763 0.491349 0.362393 0.061769
3 2 0.034681 0.026462 0.425264 0.458882 0.054712
3 2 0.030864 0.021128 0.359725 0.534373 0.053910
3 3 0.022631 0.011911 0.209932 0.704624 0.050903
3 3 0.013958 0.005542 0.105202 0.834213 0.041085
3 3 0.010163 0.003473 0.071293 0.880621 0.034450
3 3 0.009351 0.003182 0.073941 0.881932 0.031594
3 3 0.012422 0.004769 0.099455 0.845778 0.037576
3 3 0.016206 0.007270 0.150066 0.784282 0.042176
3 3 0.014178 0.005999 0.131906 0.809007 0.038910
3 3 0.016627 0.006994 0.117107 0.812656 0.046617
3 3 0.015918 0.006433 0.103529 0.827616 0.046503
3 3 0.012975 0.004757 0.080821 0.859920 0.041527
3 3 0.013498 0.005169 0.093488 0.846579 0.041266
3 3 0.011965 0.004318 0.079964 0.865062 0.038692
3 3 0.016033 0.006605 0.110819 0.820678 0.045865
3 3 0.014904 0.005784 0.092418 0.841592 0.045301
3 3 0.016817 0.006986 0.110928 0.817395 0.047874
3 3 0.024318 0.012917 0.207296 0.700958 0.054511
3 3 0.029405 0.019883 0.357909 0.540990 0.051813
2 3 0.036709 0.031101 0.494634 0.385207 0.052349
2 3 0.047181 0.045097 0.529757 0.317051 0.060913
2 3 0.041187 0.039231 0.554403 0.312392 0.052787
2 3 0.035206 0.027526 0.441551 0.441472 0.054245
3 3 0.036789 0.028504 0.426540 0.450753 0.057415
3 3 0.031396 0.021061 0.340924 0.550524 0.056094
2 3 0.040613 0.032713 0.437873 0.427368 0.061433
2 3 0.036356 0.031666 0.516495 0.365082 0.050400
2 3 0.036113 0.029163 0.461742 0.419018 0.053965
3 3 0.027961 0.017246 0.294187 0.606577 0.054029
3 3 0.023952 0.011626 0.155576 0.749634 0.059213
3 3 0.018526 0.007659 0.102292 0.818006 0.053517
3 3 0.027085 0.012804 0.130700 0.759635 0.069775
3 3 0.053180 0.033928 0.218355 0.589332 0.105205
2 2 0.076623 0.079833 0.469335 0.279509 0.094700
2 2 0.053852 0.064399 0.626233 0.198953 0.056563
2 2 0.044490 0.055850 0.684919 0.170753 0.043988
2 2 0.040101 0.046328 0.667765 0.203230 0.042575
2 2 0.052458 0.056409 0.578549 0.251693 0.060891
2 2 0.056292 0.063707 0.590174 0.227280 0.062547
2 2 0.062494 0.091046 0.664769 0.126584 0.055107
2 2 0.046164 0.084702 0.771781 0.065218 0.032134
2 2 0.041756 0.082164 0.796307 0.052710 0.027064
2 2 0.042610 0.086593 0.795392 0.048555 0.026850
2 2 0.040480 0.080684 0.802464 0.050500 0.025872
2 2 0.040163 0.072606 0.793646 0.065517 0.028067
2 2 0.039346 0.072103 0.798597 0.062840 0.027114
2 2 0.036147 0.066473 0.811849 0.060845 0.024686
2 2 0.034752 0.058117 0.803831 0.077464 0.025837
2 2 0.029824 0.046313 0.810273 0.090087 0.023503
2 2 0.029565 0.042112 0.790760 0.112331 0.025233
2 2 0.029261 0.035090 0.734248 0.172077 0.029324
2 2 0.029198 0.027258 0.602098 0.304261 0.037186
2 2 0.030817 0.025782 0.516555 0.382949 0.043898
2 2 0.030415 0.023486 0.457689 0.441507 0.046902
2 2 0.034182 0.026751 0.447599 0.438979 0.052490
2 2 0.042349 0.036393 0.477887 0.383143 0.060228
2 2 0.036711 0.030574 0.481933 0.397526 0.053256
2 2 0.037626 0.031037 0.470178 0.405935 0.055223
2 2 0.038181 0.036856 0.577200 0.299743 0.048021
2 2 0.029724 0.027601 0.595651 0.308918 0.038106
2 2 0.031936 0.033290 0.653776 0.244201 0.036797
2 2 0.035397 0.036946 0.637371 0.249247 0.041040
2 2 0.035287 0.034137 0.592765 0.293788 0.044024
3 2 0.029485 0.022127 0.440528 0.461173 0.046687
3 2 0.026239 0.018862 0.425672 0.486225 0.043003
2 2 0.026689 0.020280 0.467178 0.444453 0.041400
2 2 0.031655 0.028739 0.570038 0.327888 0.041680
2 2 0.035187 0.034755 0.606144 0.280902 0.043013
2 2 0.035319 0.032317 0.556146 0.329683 0.046534
2 2 0.036529 0.030643 0.488214 0.392024 0.052590
2 2 0.040719 0.034940 0.484392 0.382135 0.057814
2 2 0.039563 0.037784 0.563738 0.308496 0.050419
2 2 0.037758 0.038517 0.612948 0.265806 0.044971
2 2 0.038022 0.039109 0.616506 0.261414 0.044948
2 2 0.038387 0.037689 0.586889 0.289527 0.047507
2 2 0.034021 0.029665 0.529301 0.360145 0.046868
2 2 0.032261 0.027133 0.512461 0.382266 0.045878
2 2 0.032919 0.029406 0.552156 0.341350 0.044169
2 2 0.048312 0.055784 0.632381 0.211487 0.052035
2 2 0.078590 0.112990 0.606527 0.131153 0.070739
2 2 0.241173 0.206103 0.369400 0.067068 0.116257
2 2 0.244318 0.208039 0.390435 0.053900 0.103309
2 2 0.168215 0.192847 0.491015 0.060620 0.087303
2 2 0.071970 0.109351 0.640647 0.116324 0.061709
2 2 0.047695 0.060125 0.673406 0.171562 0.047211
2 2 0.046988 0.061112 0.688216 0.158573 0.045111
2 2 0.033731 0.026914 0.464892 0.423722 0.050741
2 2 0.044819 0.058576 0.698844 0.155077 0.042683
2 2 0.038581 0.080283 0.784112 0.061466 0.035558
2 2 0.037813 0.052304 0.746831 0.129320 0.033732
2 2 0.041278 0.048990 0.674918 0.192008 0.042806
2 2 0.046239 0.058184 0.678641 0.171193 0.045744
2 2 0.042322 0.061521 0.742523 0.117304 0.036330
2 2 0.039279 0.059726 0.766235 0.102596 0.032164
2 2 0.036977 0.055471 0.772452 0.104567 0.030533
2 2 0.034892 0.051690 0.778038 0.106346 0.029034
2 2 0.032476 0.046055 0.776842 0.116619 0.028008
2 2 0.035223 0.051446 0.773053 0.110560 0.029718
2 2 0.030616 0.044433 0.791082 0.108131 0.025738
2 2 0.033449 0.052324 0.796529 0.091311 0.026386
2 2 0.032159 0.052429 0.810018 0.081044 0.024349
2 2 0.033171 0.053630 0.804265 0.083570 0.025364
2 2 0.030771 0.054780 0.829639 0.063392 0.021418
2 2 0.033201 0.056644 0.813448 0.072549 0.024158
2 2 0.033408 0.054219 0.803998 0.082907 0.025468
2 2 0.038018 0.059592 0.778161 0.094033 0.030197
2 2 0.033335 0.054311 0.805023 0.082013 0.025317
2 2 0.026371 0.043470 0.836381 0.074271 0.019506
2 2 0.033249 0.057078 0.814216 0.071400 0.024057
2 2 0.054911 0.090173 0.721125 0.090904 0.042886
2 2 0.095426 0.143414 0.554184 0.122272 0.084703
2 2 0.102393 0.133765 0.488138 0.171245 0.104460
2 2 0.067610 0.076956 0.549767 0.229832 0.075835
2 2 0.056736 0.071428 0.636938 0.177919 0.056978
2 2 0.039861 0.060056 0.761671 0.105456 0.032956
2 2 0.041859 0.065054 0.760797 0.098551 0.033739
2 2 0.038459 0.058397 0.769250 0.102406 0.031487
2 2 0.043878 0.069314 0.756285 0.095574 0.034950
2 2 0.039622 0.060626 0.766294 0.101181 0.032277
2 2 0.040281 0.062896 0.768165 0.096419 0.032239
2 2 0.041439 0.070801 0.780459 0.076728 0.030573
2 2 0.045495 0.083761 0.774810 0.064398 0.031537
2 2 0.072742 0.133257 0.669960 0.071556 0.052485
2 2 0.141622 0.183083 0.484818 0.091584 0.098893
2 2 0.247203 0.198292 0.299556 0.115889 0.139060
2 2 0.194599 0.197764 0.420940 0.089570 0.097128
2 2 0.094505 0.143928 0.622493 0.078768 0.060305
2 2 0.048789 0.081512 0.747834 0.084687 0.037178
2 2 0.038512 0.062344 0.782683 0.086746 0.029715
2 2 0.043057 0.065967 0.752769 0.102968 0.035238
2 2 0.044510 0.069319 0.750703 0.099507 0.035962
2 2 0.046857 0.071458 0.736615 0.106324 0.038747
2 2 0.042872 0.074527 0.775757 0.075040 0.031804
2 2 0.045164 0.085869 0.779617 0.058972 0.030378
2 2 0.047960 0.098420 0.774740 0.048674 0.030205
2 2 0.052911 0.110149 0.755957 0.047859 0.033124
2 2 0.045107 0.090991 0.784922 0.050248 0.028732
2 2 0.035700 0.077540 0.827198 0.038652 0.020910
2 2 0.028336 0.055355 0.850093 0.048206 0.018009
2 2 0.036953 0.063015 0.798116 0.074821 0.027095
2 2 0.082948 0.126328 0.607544 0.112472 0.070708
2 2 0.227129 0.200747 0.347122 0.085163 0.139839
2 2 0.227552 0.203544 0.373830 0.072962 0.122112
2 2 0.090925 0.136346 0.607147 0.097024 0.068557
2 2 0.055193 0.104353 0.739929 0.062662 0.037863
2 2 0.035864 0.085210 0.810845 0.040439 0.027642
2 2 0.035689 0.101190 0.754244 0.051126 0.057751
2 2 0.036983 0.133266 0.639805 0.053538 0.136408
2 2 0.039106 0.150342 0.595824 0.044191 0.170538
2 2 0.038093 0.148231 0.582138 0.047550 0.183988
2 2 0.041398 0.162506 0.556719 0.041920 0.197458
2 2 0.041415 0.169860 0.488345 0.037179 0.263201
4 4 0.040533 0.166196 0.374361 0.033630 0.385279
4 4 0.031323 0.126640 0.181364 0.023041 0.637630
4 4 0.028599 0.105080 0.118662 0.017488 0.730171
4 4 0.036282 0.113772 0.121669 0.017843 0.710434
4 4 0.055751 0.132963 0.133036 0.023754 0.654496
4 4 0.064737 0.158524 0.198952 0.026602 0.551185
4 4 0.067693 0.168473 0.235059 0.029118 0.499657
4 4 0.041613 0.151753 0.256322 0.029691 0.520621
4 4 0.040168 0.149300 0.249720 0.029849 0.530963
4 4 0.025265 0.101200 0.116899 0.019326 0.737310
4 4 0.023150 0.093745 0.098885 0.014159 0.770060
4 4 0.022397 0.088369 0.084141 0.010478 0.794615
4 4 0.023404 0.091550 0.089994 0.012179 0.782872
4 4 0.022752 0.093413 0.099233 0.014613 0.769989
4 4 0.023818 0.097660 0.110014 0.017764 0.750744
4 4 0.023017 0.096432 0.109491 0.017355 0.753705
4 4 0.029950 0.130207 0.200698 0.022757 0.616389
4 4 0.037979 0.149821 0.260378 0.026919 0.524902
4 4 0.052135 0.165541 0.301429 0.040336 0.440559
4 4 0.053075 0.174233 0.367138 0.036988 0.368567
2 4 0.058759 0.180596 0.405950 0.035210 0.319486
4 4 0.049163 0.159903 0.269138 0.028338 0.493458
4 4 0.032894 0.118399 0.147325 0.020080 0.681301
4 4 0.024670 0.096632 0.104137 0.013615 0.760946
4 4 0.014692 0.072214 0.067849 0.007214 0.838032
4 4 0.017495 0.078735 0.074753 0.008486 0.820531
4 4 0.020619 0.083774 0.076964 0.009000 0.809644
4 4 0.022651 0.090374 0.088958 0.012227 0.785790
4 4 0.022880 0.089619 0.085504 0.011485 0.790513
4 4 0.048814 0.159056 0.269547 0.035170 0.487413
2 4 0.084343 0.191311 0.398909 0.043710 0.281727
