2 0 0.083610 0.171933 0.577459 0.086088 0.080909
2 0 0.029014 0.133037 0.730791 0.043189 0.063968
2 1 0.032677 0.140534 0.720204 0.043158 0.063428
2 1 0.070605 0.199742 0.545785 0.063608 0.120260
2 2 0.073521 0.191954 0.543906 0.067498 0.123120
2 2 0.099030 0.213727 0.458888 0.075622 0.152734
2 2 0.133355 0.227811 0.380818 0.081839 0.176177
2 2 0.159576 0.242212 0.305998 0.084672 0.207542
4 2 0.165996 0.223295 0.230581 0.098627 0.281501
2 2 0.176232 0.236725 0.252359 0.091074 0.243610
2 2 0.224935 0.229782 0.248299 0.089497 0.207486
2 2 0.145368 0.191774 0.422942 0.089410 0.150507
2 2 0.055988 0.159202 0.640672 0.057652 0.086486
2 2 0.012144 0.082042 0.846401 0.027451 0.031961
2 2 0.002960 0.035492 0.936368 0.013710 0.011470
2 2 0.002861 0.034455 0.936297 0.014342 0.012045
2 2 0.002925 0.034813 0.934900 0.014811 0.012551
2 2 0.002833 0.034185 0.936421 0.014438 0.012124
2 2 0.002874 0.033300 0.936296 0.015944 0.011585
2 2 0.003245 0.035770 0.932307 0.016673 0.012005
2 2 0.003669 0.039298 0.926438 0.016923 0.013672
2 2 0.003793 0.039178 0.926021 0.017998 0.013011
2 2 0.003110 0.030499 0.930501 0.024718 0.011172
2 2 0.003350 0.025939 0.909335 0.049403 0.011973
2 2 0.004206 0.026530 0.877641 0.077561 0.014062
2 2 0.004166 0.024670 0.857553 0.097836 0.015774
2 2 0.003676 0.021345 0.846904 0.113264 0.014811
2 2 0.003736 0.019742 0.818680 0.143147 0.014695
2 3 0.003740 0.016476 0.742984 0.222176 0.014623
2 3 0.004019 0.015291 0.681638 0.285043 0.014008
2 3 0.004938 0.018060 0.686037 0.275590 0.015375
2 3 0.004884 0.017601 0.674637 0.287187 0.015690
2 3 0.003893 0.015300 0.694760 0.272101 0.013945
2 3 0.003191 0.012448 0.673590 0.299278 0.011494
2 3 0.003317 0.012481 0.658792 0.313812 0.011598
2 3 0.003443 0.013114 0.672314 0.299540 0.011589
2 3 0.003559 0.012948 0.650033 0.321656 0.011804
2 3 0.003235 0.011060 0.610008 0.364696 0.011000
2 3 0.003548 0.011553 0.587647 0.384631 0.012621
2 3 0.003922 0.012128 0.573591 0.396964 0.013394
2 3 0.003246 0.011154 0.595619 0.377711 0.012270
2 3 0.002744 0.009638 0.581291 0.394645 0.011682
2 3 0.002691 0.008597 0.520288 0.456932 0.011492
3 3 0.002814 0.008317 0.479252 0.497908 0.011710
3 3 0.002971 0.007320 0.417209 0.562449 0.010050
3 3 0.003583 0.008896 0.420875 0.555040 0.011605
3 3 0.003966 0.009277 0.397724 0.576395 0.012638
3 3 0.004963 0.010783 0.369451 0.597380 0.017423
3 3 0.004677 0.009773 0.343363 0.625766 0.016422
3 3 0.004317 0.007381 0.260075 0.713456 0.014770
3 3 0.004632 0.006450 0.226512 0.747958 0.014447
3 3 0.003942 0.005684 0.220331 0.757041 0.013001
3 3 0.003415 0.005364 0.230525 0.749579 0.011115
3 3 0.003615 0.005876 0.252160 0.727507 0.010842
3 3 0.003643 0.007629 0.356105 0.621224 0.011399
3 3 0.004470 0.009752 0.422587 0.550029 0.013162
3 3 0.005111 0.011979 0.484133 0.485552 0.013226
2 3 0.007233 0.016332 0.520929 0.437672 0.017834
2 3 0.020331 0.036230 0.546369 0.359408 0.037662
2 3 0.115724 0.115160 0.449408 0.233431 0.086277
0 2 0.455549 0.117879 0.164014 0.176237 0.086320
0 2 0.692781 0.049115 0.051491 0.132438 0.074176
0 2 0.724493 0.044170 0.054504 0.122987 0.053846
0 2 0.552654 0.093815 0.173939 0.129136 0.050455
2 2 0.073589 0.115672 0.726237 0.060990 0.023512
2 2 0.029050 0.093761 0.816783 0.040692 0.019714
2 2 0.014753 0.075898 0.867970 0.025884 0.015495
2 2 0.016238 0.082533 0.857449 0.027248 0.016532
2 2 0.017591 0.085477 0.853500 0.026502 0.016930
2 2 0.015118 0.089145 0.854310 0.024401 0.017027
2 2 0.012936 0.085499 0.862007 0.021906 0.017652
2 2 0.007777 0.066802 0.895086 0.015477 0.014858
2 2 0.004776 0.050085 0.922686 0.011995 0.010458
2 2 0.003403 0.040661 0.937234 0.010336 0.008365
2 2 0.003104 0.037586 0.941560 0.010378 0.007370
2 2 0.002561 0.032620 0.948884 0.009930 0.006006
2 2 0.002371 0.031571 0.951232 0.009123 0.005703
2 2 0.002329 0.030218 0.952430 0.009779 0.005243
2 2 0.002746 0.030967 0.949485 0.012230 0.004572
2 2 0.003593 0.031172 0.937754 0.022431 0.005050
2 2 0.003820 0.030364 0.932389 0.028212 0.005215
2 2 0.003785 0.031680 0.934554 0.024565 0.005415
2 2 0.003369 0.031046 0.940869 0.019719 0.004997
2 2 0.003803 0.032990 0.934305 0.022835 0.006067
2 2 0.003405 0.027370 0.933041 0.030806 0.005378
2 2 0.004360 0.028480 0.915939 0.044943 0.006277
2 2 0.003549 0.024090 0.915467 0.051287 0.005607
2 2 0.002822 0.020720 0.923548 0.048023 0.004888
2 2 0.002566 0.018221 0.917986 0.056689 0.004538
2 2 0.002848 0.018499 0.907526 0.066629 0.004498
2 2 0.003966 0.023530 0.897541 0.069286 0.005677
2 2 0.003447 0.020092 0.887949 0.082915 0.005598
2 2 0.003213 0.019588 0.888743 0.082049 0.006406
2 2 0.003065 0.015904 0.840442 0.134148 0.006442
2 2 0.003328 0.016024 0.816700 0.156887 0.007061
2 2 0.003107 0.013022 0.756771 0.220951 0.006150
2 2 0.002943 0.012946 0.774013 0.204131 0.005968
2 2 0.004529 0.014887 0.710974 0.261797 0.007812
2 2 0.006382 0.014761 0.584919 0.383644 0.010293
2 2 0.007305 0.013680 0.509712 0.457937 0.011366
2 2 0.013464 0.024707 0.662003 0.288510 0.011316
2 2 0.185432 0.103973 0.417115 0.243247 0.050233
0 2 0.494443 0.113844 0.160770 0.144325 0.086618
0 2 0.495266 0.102848 0.080311 0.114731 0.206843
0 2 0.281171 0.203606 0.216072 0.096579 0.202572
2 2 0.123033 0.255008 0.405833 0.066863 0.149264
2 2 0.011532 0.079167 0.847641 0.028439 0.033221
2 2 0.010873 0.076679 0.853891 0.027260 0.031298
2 2 0.010881 0.076004 0.857288 0.027179 0.028649
2 2 0.008293 0.063048 0.877377 0.026600 0.024682
2 2 0.005578 0.051564 0.903295 0.019974 0.019589
2 2 0.003572 0.038931 0.924438 0.017419 0.015641
2 2 0.002832 0.033507 0.932930 0.016512 0.014219
2 2 0.003226 0.036083 0.926222 0.018209 0.016260
2 2 0.003642 0.037079 0.916793 0.023236 0.019250
2 2 0.003416 0.031031 0.914511 0.034021 0.017022
2 2 0.003422 0.028231 0.906775 0.045168 0.016404
2 2 0.004311 0.029380 0.883048 0.065714 0.017547
2 2 0.008491 0.050723 0.845888 0.061904 0.032994
2 2 0.011353 0.043678 0.745047 0.163966 0.035957
2 2 0.016323 0.079124 0.786341 0.067161 0.051051
2 2 0.005581 0.049430 0.891735 0.026187 0.027067
2 2 0.004084 0.036325 0.911572 0.030467 0.017553
2 3 0.003961 0.030861 0.904514 0.045248 0.015416
2 3 0.003752 0.026836 0.888850 0.063853 0.016709
2 3 0.003807 0.022514 0.848222 0.108823 0.016634
2 3 0.003700 0.019998 0.816269 0.143013 0.017020
2 3 0.003524 0.016680 0.749741 0.211454 0.018601
2 3 0.003187 0.015952 0.766833 0.196621 0.017407
2 3 0.004186 0.019999 0.775366 0.181609 0.018840
2 3 0.002890 0.016031 0.812946 0.154204 0.013928
2 3 0.003129 0.014375 0.749341 0.220633 0.012522
2 3 0.003382 0.013044 0.668142 0.302760 0.012673
2 3 0.003898 0.010516 0.500931 0.470897 0.013757
3 3 0.004002 0.010835 0.474444 0.496343 0.014376
2 3 0.003856 0.011277 0.514413 0.456017 0.014437
2 3 0.003622 0.011780 0.570791 0.399821 0.013986
2 3 0.002943 0.010243 0.586686 0.388107 0.012020
2 3 0.002481 0.007971 0.514760 0.464130 0.010658
3 3 0.002188 0.005149 0.321324 0.661697 0.009643
3 3 0.002556 0.005872 0.316017 0.663175 0.012380
3 3 0.003996 0.006123 0.245072 0.729584 0.015225
3 3 0.004000 0.007363 0.307240 0.663173 0.018223
3 3 0.003588 0.005511 0.253540 0.723421 0.013940
3 3 0.003417 0.006248 0.289610 0.686968 0.013757
3 3 0.003505 0.005378 0.239458 0.739854 0.011804
3 3 0.004272 0.009151 0.423882 0.550996 0.011699
2 3 0.005862 0.011256 0.499640 0.473379 0.009862
2 3 0.011751 0.017596 0.565202 0.396061 0.009390
3 2 0.033348 0.025888 0.408083 0.513920 0.018761
2 2 0.087850 0.071968 0.471547 0.332232 0.036402
2 2 0.189863 0.173516 0.385457 0.152954 0.098210
2 1 0.096446 0.192068 0.545027 0.078363 0.088096
2 1 0.052903 0.181680 0.642382 0.046789 0.076245
2 1 0.012521 0.085531 0.848954 0.024648 0.028346
2 1 0.009054 0.069158 0.870834 0.024348 0.026605
2 2 0.011958 0.080877 0.844261 0.028879 0.034026
2 2 0.023708 0.120615 0.767345 0.037056 0.051276
2 2 0.174988 0.230528 0.330766 0.084578 0.179141
0 2 0.292557 0.200060 0.219457 0.096030 0.191896
0 2 0.452731 0.127128 0.114676 0.110753 0.194712
0 1 0.448805 0.128608 0.116210 0.110706 0.195670
2 1 0.261350 0.206497 0.276287 0.090772 0.165094
2 1 0.050400 0.166107 0.665518 0.047099 0.070877
2 1 0.004262 0.046547 0.927529 0.011684 0.009978
2 2 0.004478 0.047752 0.924718 0.012337 0.010716
2 2 0.005498 0.052980 0.911260 0.015644 0.014618
2 2 0.004758 0.047589 0.915485 0.016694 0.015473
2 2 0.005938 0.053297 0.898391 0.021181 0.021194
2 2 0.010192 0.072764 0.854882 0.028907 0.033254
2 2 0.052348 0.168233 0.573445 0.071476 0.134498
4 2 0.170783 0.249054 0.230382 0.087510 0.262270
4 4 0.179791 0.230475 0.182754 0.094955 0.312024
4 4 0.158957 0.221558 0.206015 0.099725 0.313745
2 4 0.092185 0.199626 0.379576 0.096113 0.232500
2 4 0.030686 0.114999 0.602648 0.089752 0.161915
2 4 0.033133 0.116661 0.567054 0.098119 0.185034
2 4 0.034721 0.119606 0.558470 0.098758 0.188445
2 4 0.029839 0.112458 0.601807 0.091267 0.164629
2 4 0.029844 0.113470 0.608925 0.088844 0.158917
2 4 0.030088 0.113120 0.601447 0.091026 0.164319
2 4 0.028904 0.110186 0.604873 0.091608 0.164430
2 4 0.028261 0.109826 0.616055 0.088765 0.157094
2 4 0.029749 0.112344 0.602855 0.091046 0.164007
2 4 0.038794 0.125093 0.526756 0.103568 0.205789
2 4 0.062456 0.149255 0.387154 0.118782 0.282353
2 4 0.073765 0.161627 0.355424 0.117353 0.291831
4 4 0.098937 0.184455 0.298318 0.112912 0.305378
2 4 0.071861 0.159649 0.360451 0.117627 0.290413
4 4 0.103329 0.187899 0.289805 0.112028 0.306940
4 4 0.136313 0.209811 0.235625 0.104879 0.313372
4 4 0.179791 0.230475 0.182754 0.094955 0.312024
4 4 0.186914 0.226328 0.178868 0.096361 0.311528
4 4 0.248680 0.193389 0.148925 0.106271 0.302736
4 4 0.234509 0.200521 0.155278 0.104327 0.305365
4 4 0.179791 0.230475 0.182754 0.094955 0.312024
2 4 0.121671 0.218693 0.302122 0.096867 0.260647
2 4 0.092368 0.214218 0.423426 0.082405 0.187583
2 4 0.061497 0.179109 0.526161 0.077704 0.155530
4 4 0.133765 0.208337 0.239292 0.105452 0.313154
4 4 0.145717 0.214974 0.222708 0.102749 0.313852
4 4 0.179791 0.230475 0.182754 0.094955 0.312024
4 4 0.224032 0.205945 0.160155 0.102770 0.307097
0 4 0.360366 0.143800 0.106495 0.116073 0.273265
1 4 0.168367 0.252561 0.241642 0.085702 0.251727
4 4 0.190372 0.241210 0.231982 0.089429 0.247007
2 4 0.038199 0.145042 0.646946 0.062832 0.106981
2 4 0.052419 0.166967 0.567496 0.073547 0.139572
2 4 0.059003 0.163743 0.485641 0.093755 0.197858
2 4 0.085254 0.172756 0.327401 0.115488 0.299102
4 4 0.115428 0.196697 0.268094 0.109490 0.310292
4 4 0.170582 0.226738 0.192622 0.097062 0.312996
4 4 0.193998 0.222285 0.175106 0.097700 0.310912
4 4 0.211092 0.212834 0.166410 0.100701 0.308963
4 4 0.201933 0.217846 0.171004 0.099132 0.310084
4 4 0.179791 0.230475 0.182754 0.094955 0.312024
4 4 0.182301 0.229005 0.181373 0.095458 0.311864
4 4 0.218119 0.209066 0.162980 0.101846 0.307989
4 4 0.207330 0.201002 0.167880 0.109741 0.314048
4 4 0.174106 0.211684 0.185840 0.108205 0.320165
4 4 0.180936 0.227914 0.182149 0.096352 0.312649
4 4 0.179791 0.230475 0.182754 0.094955 0.312024
4 4 0.179791 0.230475 0.182754 0.094955 0.312024
4 4 0.223269 0.206345 0.160517 0.102653 0.307216
4 4 0.244410 0.195515 0.150811 0.105704 0.303561
4 4 0.179791 0.230475 0.182754 0.094955 0.312024
4 4 0.173961 0.228145 0.188929 0.096288 0.312676
4 4 0.161909 0.222924 0.202509 0.099049 0.313609
4 4 0.134705 0.208885 0.237931 0.105241 0.313239
2 4 0.130383 0.206023 0.279718 0.121851 0.262025
2 4 0.129739 0.236642 0.316398 0.087478 0.229742
2 1 0.062365 0.182053 0.529498 0.075580 0.150505
2 1 0.026846 0.119131 0.704914 0.058153 0.090956
2 1 0.016116 0.083650 0.735853 0.066254 0.098128
2 2 0.009499 0.063546 0.819371 0.047545 0.060039
2 2 0.007122 0.054715 0.856636 0.037867 0.043661
2 2 0.007150 0.054816 0.856052 0.038046 0.043936
2 2 0.006448 0.051582 0.864854 0.036265 0.040852
2 2 0.008416 0.059671 0.835785 0.043381 0.052746
2 2 0.014930 0.084691 0.782162 0.049914 0.068302
0 2 0.328097 0.161474 0.132925 0.133768 0.243736
4 2 0.231065 0.209785 0.220747 0.100422 0.237981
0 2 0.339498 0.174219 0.193399 0.112262 0.180622
2 2 0.137757 0.224365 0.447743 0.068696 0.121439
2 2 0.038565 0.161514 0.701564 0.038934 0.059423
2 2 0.009193 0.071078 0.874503 0.021825 0.023400
2 2 0.003670 0.040149 0.925927 0.016031 0.014224
2 2 0.003693 0.040689 0.927302 0.015079 0.013237
2 2 0.004131 0.043118 0.920212 0.017018 0.015522
2 2 0.003828 0.041466 0.925178 0.015638 0.013891
2 2 0.004841 0.047157 0.910588 0.019152 0.018263
2 2 0.003777 0.040873 0.924653 0.016218 0.014479
2 2 0.003880 0.041528 0.923310 0.016475 0.014807
2 2 0.003032 0.035593 0.933492 0.015039 0.012844
2 2 0.003641 0.039589 0.924557 0.016990 0.015224
2 2 0.003842 0.040689 0.920928 0.018054 0.016486
2 2 0.004372 0.043794 0.913289 0.019805 0.018740
2 2 0.003680 0.039876 0.924204 0.016992 0.015249
2 2 0.003570 0.039478 0.927175 0.015825 0.013953
2 2 0.003467 0.038734 0.928243 0.015743 0.013813
2 2 0.003150 0.036504 0.932250 0.015111 0.012985
2 2 0.003037 0.035783 0.934124 0.014626 0.012429
2 2 0.002767 0.033793 0.937776 0.014006 0.011658
2 2 0.002700 0.033375 0.939098 0.013603 0.011224
2 2 0.003114 0.036121 0.932110 0.015398 0.013257
2 2 0.003209 0.036528 0.929577 0.016370 0.014316
2 2 0.005089 0.046867 0.908122 0.021761 0.018161
2 2 0.004893 0.038910 0.902481 0.035995 0.017721
2 2 0.005050 0.035917 0.883795 0.053411 0.021826
2 2 0.004702 0.036474 0.892174 0.044363 0.022286
2 2 0.004383 0.038228 0.901702 0.033191 0.022496
2 2 0.004356 0.034291 0.894367 0.045344 0.021642
2 2 0.004745 0.032691 0.880373 0.061428 0.020763
2 2 0.004546 0.029824 0.874169 0.072135 0.019326
2 2 0.003700 0.024128 0.867975 0.086516 0.017680
2 2 0.003633 0.021329 0.844222 0.114595 0.016221
2 2 0.003934 0.020501 0.807090 0.150776 0.017698
2 3 0.004524 0.020137 0.753106 0.203081 0.019152
2 3 0.005032 0.019268 0.687101 0.267665 0.020935
2 3 0.006082 0.021746 0.671136 0.277859 0.023178
2 3 0.005799 0.020519 0.655094 0.294653 0.023935
2 3 0.005122 0.019469 0.688814 0.266327 0.020269
2 3 0.004213 0.017639 0.727081 0.234814 0.016254
2 3 0.005465 0.021873 0.732014 0.222175 0.018473
2 3 0.005435 0.019616 0.677373 0.278849 0.018726
2 3 0.005168 0.015763 0.572685 0.387965 0.018419
2 3 0.005042 0.014609 0.534304 0.427136 0.018908
2 3 0.005013 0.014008 0.513017 0.449471 0.018491
2 3 0.004642 0.013222 0.514238 0.450198 0.017701
3 3 0.003684 0.009973 0.461891 0.510589 0.013864
3 3 0.003344 0.008804 0.418535 0.553954 0.015363
3 3 0.002773 0.006969 0.366227 0.609925 0.014106
3 3 0.002543 0.006057 0.323635 0.653295 0.014471
3 3 0.002497 0.004526 0.246920 0.732825 0.013231
3 3 0.002350 0.003918 0.219780 0.762215 0.011737
3 3 0.002698 0.003824 0.191874 0.790101 0.011504
3 3 0.002629 0.004738 0.233334 0.745919 0.013379
3 3 0.002947 0.005345 0.238720 0.738968 0.014020
3 3 0.003124 0.005991 0.262824 0.712965 0.015095
3 3 0.003205 0.005478 0.235954 0.741326 0.014038
3 3 0.002525 0.003717 0.189182 0.794979 0.009596
3 3 0.001973 0.003165 0.181384 0.805406 0.008071
3 3 0.002453 0.004189 0.203155 0.780372 0.009831
3 3 0.002819 0.004867 0.223364 0.756330 0.012621
3 3 0.003149 0.005354 0.227479 0.751150 0.012869
3 3 0.003730 0.006429 0.237559 0.737396 0.014886
3 3 0.004361 0.006458 0.217332 0.756808 0.015041
3 3 0.004423 0.007619 0.262254 0.707121 0.018583
3 3 0.003433 0.006217 0.254235 0.720813 0.015303
3 3 0.002290 0.004697 0.250646 0.730326 0.012041
3 3 0.002114 0.003943 0.229408 0.753439 0.011095
3 3 0.001935 0.003758 0.236364 0.746461 0.011483
3 3 0.002298 0.004429 0.245947 0.734023 0.013303
3 3 0.001658 0.003617 0.240667 0.743500 0.010558
3 3 0.001689 0.002905 0.186636 0.801235 0.007536
3 3 0.001963 0.002900 0.164907 0.823245 0.006985
3 3 0.001761 0.002545 0.158531 0.830865 0.006299
3 3 0.001995 0.002659 0.150893 0.837979 0.006473
3 3 0.002962 0.003955 0.174558 0.808747 0.009778
3 3 0.003457 0.004926 0.196096 0.783537 0.011984
3 3 0.003752 0.006161 0.233111 0.742899 0.014076
3 3 0.004176 0.008165 0.285939 0.683656 0.018065
3 3 0.004263 0.008210 0.280558 0.688473 0.018496
3 3 0.003587 0.006914 0.268899 0.705354 0.015247
3 3 0.002565 0.005191 0.258761 0.721394 0.012088
3 3 0.001909 0.003428 0.218398 0.768043 0.008221
3 3 0.001733 0.003209 0.212027 0.775160 0.007871
3 3 0.001933 0.003496 0.208070 0.778510 0.007990
3 3 0.002627 0.004906 0.230524 0.750206 0.011737
3 3 0.003343 0.004525 0.189406 0.791370 0.011356
3 3 0.006899 0.009875 0.243108 0.717143 0.022975
3 3 0.056482 0.040458 0.232851 0.603963 0.066246
3 3 0.293708 0.078516 0.129936 0.354811 0.143028
0 0 0.459850 0.062744 0.074454 0.245686 0.157266
0 0 0.532202 0.071353 0.065695 0.180343 0.150407
0 0 0.538481 0.082534 0.058664 0.118890 0.201431
0 0 0.360836 0.143613 0.106340 0.116096 0.273116
4 0 0.246479 0.210743 0.193818 0.099250 0.249712
4 0 0.222565 0.227611 0.228372 0.092489 0.228963
4 1 0.230228 0.202722 0.157251 0.103703 0.306096
4 1 0.271777 0.182224 0.139114 0.109069 0.297816
0 0 0.466959 0.104785 0.075030 0.117852 0.235375
0 0 0.672502 0.046460 0.031050 0.103029 0.146959
0 0 0.707450 0.038537 0.025399 0.098001 0.130612
0 1 0.371552 0.155189 0.137121 0.110321 0.225816
2 1 0.085016 0.229568 0.542790 0.050432 0.092194
2 2 0.003717 0.041800 0.930513 0.012930 0.011040
2 2 0.004450 0.046084 0.920392 0.015278 0.013797
2 2 0.004518 0.046130 0.918211 0.016257 0.014884
2 2 0.003417 0.039122 0.931955 0.013759 0.011748
2 2 0.003188 0.037517 0.934871 0.013273 0.011150
2 2 0.002669 0.034127 0.943396 0.011050 0.008758
2 2 0.003228 0.038579 0.937050 0.011611 0.009532
2 2 0.003663 0.041530 0.931462 0.012630 0.010715
2 2 0.003426 0.039614 0.933416 0.012778 0.010765
2 2 0.004149 0.044081 0.923461 0.014971 0.013338
2 2 0.004048 0.043713 0.925657 0.014150 0.012432
2 2 0.004664 0.048057 0.920197 0.014272 0.012810
2 2 0.006581 0.058742 0.899799 0.017612 0.017265
2 2 0.013684 0.088827 0.836084 0.027971 0.033433
2 2 0.025831 0.116881 0.712494 0.056888 0.087906
2 2 0.008373 0.061903 0.854779 0.034705 0.040239
2 2 0.022380 0.119709 0.784913 0.031406 0.041591
2 2 0.092019 0.172275 0.598962 0.068976 0.067768
2 2 0.068485 0.156941 0.667857 0.057614 0.049104
2 2 0.019191 0.104444 0.828883 0.025420 0.022062
2 2 0.004699 0.050038 0.924471 0.011186 0.009606
2 2 0.003820 0.042844 0.930378 0.012406 0.010552
2 2 0.003140 0.037527 0.936807 0.012330 0.010196
2 2 0.003083 0.036369 0.934637 0.014043 0.011868
2 2 0.002933 0.034658 0.933775 0.015441 0.013193
2 2 0.003635 0.038555 0.919195 0.020064 0.018552
2 2 0.003892 0.039987 0.914468 0.021414 0.020239
2 2 0.004708 0.044563 0.902004 0.024419 0.024307
2 2 0.005932 0.050564 0.882907 0.029327 0.031270
2 2 0.006776 0.054530 0.871626 0.031862 0.035206
2 2 0.005731 0.049701 0.886500 0.028279 0.029789
2 2 0.004344 0.042264 0.905462 0.024178 0.023753
2 2 0.003840 0.039417 0.913592 0.022136 0.021016
2 2 0.004456 0.043163 0.905575 0.023621 0.023184
2 2 0.004453 0.042861 0.903711 0.024619 0.024356
2 2 0.005301 0.047454 0.891925 0.027200 0.028120
2 2 0.005280 0.047635 0.894173 0.026128 0.026784
2 2 0.005519 0.048586 0.889062 0.027801 0.029031
2 2 0.004565 0.043726 0.903740 0.024120 0.023849
2 2 0.003948 0.040452 0.914484 0.021143 0.019973
2 2 0.003458 0.037532 0.922390 0.019170 0.017451
2 2 0.002670 0.032276 0.935037 0.016214 0.013804
2 2 0.003014 0.034867 0.930655 0.016812 0.014651
2 2 0.003023 0.034972 0.930790 0.016688 0.014527
2 2 0.004672 0.045052 0.906737 0.022047 0.021493
2 2 0.005201 0.047777 0.898725 0.024069 0.024228
2 2 0.005684 0.050302 0.892537 0.025361 0.026116
2 2 0.007157 0.057054 0.872167 0.030264 0.033358
2 2 0.004701 0.044827 0.904044 0.023369 0.023059
2 2 0.004108 0.041170 0.910678 0.022460 0.021584
2 2 0.003792 0.039437 0.916303 0.020889 0.019578
2 2 0.005044 0.046231 0.896343 0.025967 0.026415
2 2 0.004628 0.043967 0.902120 0.024701 0.024585
2 2 0.004252 0.041880 0.907753 0.023372 0.022743
2 2 0.004382 0.042599 0.905673 0.023895 0.023451
2 2 0.003920 0.040315 0.915048 0.020964 0.019752
2 2 0.003282 0.036427 0.925222 0.018481 0.016588
2 2 0.002974 0.034194 0.928957 0.018007 0.015868
2 2 0.002824 0.032803 0.929038 0.018775 0.016560
2 2 0.003045 0.034071 0.923858 0.020476 0.018550
2 2 0.003473 0.031123 0.905523 0.038308 0.021573
2 2 0.004294 0.032362 0.883900 0.055071 0.024373
2 2 0.004535 0.041139 0.899179 0.029674 0.025473
2 2 0.004208 0.041947 0.910471 0.022115 0.021259
2 2 0.003727 0.039176 0.918124 0.020203 0.018769
2 2 0.004734 0.044472 0.902367 0.024619 0.023808
2 2 0.004852 0.040035 0.890473 0.037896 0.026744
2 2 0.005644 0.040709 0.875255 0.050169 0.028223
2 2 0.006122 0.045040 0.875074 0.044187 0.029577
2 2 0.006406 0.049078 0.878255 0.036933 0.029329
2 2 0.005556 0.042912 0.895116 0.036273 0.020143
2 2 0.005928 0.045259 0.900564 0.032093 0.016157
2 2 0.005320 0.049522 0.910449 0.018864 0.015845
2 2 0.003968 0.042558 0.924205 0.015479 0.013791
2 2 0.004265 0.044293 0.920024 0.016446 0.014971
2 2 0.033744 0.144498 0.706093 0.045533 0.070132
2 2 0.175967 0.253340 0.329667 0.081000 0.160026
0 0 0.352952 0.159292 0.135439 0.111025 0.241293
0 1 0.305717 0.194726 0.214900 0.096801 0.187857
2 1 0.175762 0.245463 0.400248 0.064841 0.113685
2 2 0.008451 0.070658 0.889619 0.015679 0.015593
2 2 0.009219 0.073859 0.882145 0.017176 0.017601
2 2 0.008098 0.067337 0.888562 0.017884 0.018119
2 2 0.009569 0.075124 0.878394 0.018089 0.018823
2 2 0.010444 0.078871 0.870927 0.019238 0.020520
2 2 0.012417 0.085537 0.851090 0.023803 0.027154
2 2 0.024174 0.123708 0.770556 0.034452 0.047109
2 2 0.053377 0.190088 0.635857 0.044993 0.075685
2 1 0.152869 0.230823 0.421760 0.069446 0.125101
2 1 0.072743 0.198748 0.596846 0.050233 0.081430
2 1 0.048357 0.164760 0.692219 0.039360 0.055305
2 1 0.008785 0.070417 0.881963 0.019058 0.019777
2 1 0.008156 0.066709 0.885231 0.019635 0.020269
2 2 0.007358 0.061423 0.887545 0.021466 0.022207
2 2 0.005371 0.050489 0.905908 0.019406 0.018826
2 2 0.004749 0.046924 0.913046 0.018171 0.017110
2 2 0.004502 0.044687 0.912303 0.019752 0.018756
2 2 0.005838 0.052128 0.896376 0.022697 0.022960
2 2 0.008379 0.063539 0.864661 0.029850 0.033572
2 2 0.017161 0.094118 0.778981 0.046200 0.063541
2 4 0.027515 0.120227 0.698077 0.059732 0.094449
2 4 0.042924 0.149751 0.604295 0.072270 0.130758
2 4 0.046358 0.157675 0.599940 0.069684 0.126343
2 4 0.059457 0.174696 0.539459 0.076779 0.149609
2 4 0.048756 0.162975 0.591408 0.069379 0.127482
2 4 0.041795 0.153182 0.634346 0.062498 0.108179
2 4 0.050223 0.162269 0.571773 0.074692 0.141044
2 4 0.052966 0.165363 0.554856 0.077387 0.149428
2 4 0.051935 0.162466 0.553507 0.079077 0.153015
2 4 0.047813 0.157678 0.579481 0.074924 0.140105
2 4 0.054396 0.168477 0.552842 0.076412 0.147873
2 4 0.083987 0.196178 0.416586 0.091774 0.211475
2 4 0.092432 0.204448 0.393388 0.091803 0.217930
2 4 0.133218 0.211281 0.293536 0.101184 0.260782
4 4 0.175563 0.205698 0.218649 0.106938 0.293152
4 4 0.263692 0.186070 0.142476 0.108140 0.299622
4 4 0.273120 0.181591 0.138563 0.109218 0.297508
4 4 0.281997 0.177452 0.134969 0.110168 0.295414
4 4 0.284748 0.176185 0.133873 0.110450 0.294745
4 4 0.260272 0.187717 0.143921 0.107731 0.300359
4 4 0.247247 0.201884 0.167917 0.103327 0.279625
4 4 0.229746 0.210914 0.176966 0.100791 0.281584
4 4 0.176280 0.242104 0.212611 0.090566 0.278438
4 4 0.196927 0.220636 0.173578 0.098237 0.310622
4 4 0.183864 0.228094 0.180519 0.095767 0.311756
4 4 0.181977 0.225217 0.181592 0.097876 0.313338
4 4 0.189775 0.224686 0.177337 0.096909 0.311293
4 4 0.167673 0.213995 0.201739 0.103050 0.313544
4 4 0.144708 0.209036 0.226957 0.105536 0.313763
4 4 0.117930 0.202861 0.275353 0.106190 0.297666
4 4 0.141198 0.212546 0.228797 0.103775 0.313684
4 4 0.175016 0.241664 0.209425 0.090835 0.283059
1 4 0.168301 0.252651 0.241944 0.085653 0.251450
4 4 0.211324 0.200700 0.185139 0.111718 0.291119
4 4 0.179791 0.230475 0.182754 0.094955 0.312024
4 4 0.179791 0.230475 0.182754 0.094955 0.312024
4 4 0.179791 0.230475 0.182754 0.094955 0.312024
4 0 0.280730 0.178039 0.135477 0.110036 0.295719
4 4 0.178925 0.232818 0.187939 0.094167 0.306151
2 4 0.103234 0.236585 0.426708 0.071892 0.161581
2 4 0.009222 0.067468 0.857778 0.030538 0.034994
2 4 0.016618 0.093260 0.787883 0.043500 0.058739
2 4 0.029333 0.121497 0.670745 0.067359 0.111066
2 4 0.029845 0.120965 0.657916 0.071380 0.119894
2 4 0.058358 0.155607 0.454432 0.103925 0.227678
2 4 0.069855 0.166654 0.404214 0.107638 0.251639
2 4 0.076421 0.182092 0.416939 0.098224 0.226325
2 4 0.061753 0.168112 0.486187 0.091697 0.192252
2 4 0.043559 0.152862 0.610360 0.069179 0.124040
2 4 0.021010 0.108868 0.768088 0.042575 0.059459
2 4 0.012626 0.083064 0.837199 0.030490 0.036621
2 4 0.011698 0.077793 0.836796 0.033368 0.040345
2 4 0.020694 0.104821 0.754643 0.049155 0.070687
2 4 0.058280 0.160052 0.475967 0.097510 0.208192
2 4 0.064731 0.164058 0.434670 0.103587 0.232955
2 4 0.068890 0.169869 0.425067 0.102549 0.233624
2 4 0.051556 0.156289 0.529435 0.087680 0.175039
2 4 0.039480 0.139964 0.603590 0.077158 0.139808
2 4 0.026139 0.117543 0.710050 0.057329 0.088938
2 4 0.017851 0.095422 0.769045 0.048987 0.068695
2 4 0.013779 0.082925 0.805313 0.042519 0.055464
2 4 0.010967 0.073513 0.835358 0.036155 0.044008
2 1 0.007051 0.057461 0.878814 0.027282 0.029392
2 2 0.009284 0.066518 0.850150 0.034078 0.039969
2 2 0.014184 0.083051 0.793983 0.046557 0.062225
2 2 0.019063 0.096102 0.741775 0.057848 0.085212
2 2 0.019405 0.097058 0.739157 0.058226 0.086155
2 2 0.019852 0.098167 0.734895 0.059062 0.088024
2 2 0.023159 0.106646 0.709398 0.062958 0.097838
2 2 0.027268 0.116150 0.679587 0.067371 0.109624
2 2 0.028101 0.118773 0.678597 0.066367 0.108162
2 2 0.027964 0.118411 0.679169 0.066375 0.108081
2 2 0.028800 0.120164 0.673179 0.067296 0.110562
2 2 0.028082 0.117649 0.672278 0.068808 0.113182
2 2 0.028304 0.117129 0.664670 0.071313 0.118585
2 2 0.023966 0.109156 0.706888 0.062487 0.097503
2 2 0.017637 0.093905 0.765367 0.051022 0.072068
2 2 0.011639 0.075548 0.826033 0.038647 0.048133
2 2 0.009016 0.065492 0.853472 0.033307 0.038714
2 2 0.006981 0.056131 0.873531 0.030201 0.033156
2 2 0.006057 0.051868 0.885881 0.027349 0.028844
2 2 0.006919 0.056171 0.876366 0.029002 0.031542
2 2 0.009539 0.066648 0.841685 0.037332 0.044797
2 2 0.016443 0.089930 0.772670 0.050535 0.070422
2 2 0.022562 0.104874 0.711963 0.063042 0.097559
2 2 0.013876 0.081376 0.792350 0.048013 0.064386
2 2 0.008728 0.064970 0.860555 0.030748 0.034998
2 2 0.006602 0.057573 0.894882 0.020386 0.020558
2 2 0.009652 0.071967 0.866199 0.024768 0.027413
2 2 0.006919 0.058308 0.887869 0.023002 0.023902
2 2 0.008532 0.064887 0.866729 0.028290 0.031562
2 2 0.009644 0.067862 0.845676 0.035127 0.041691
2 2 0.007823 0.060394 0.866603 0.030744 0.034436
2 2 0.007621 0.059947 0.871600 0.028935 0.031897
2 2 0.010523 0.071794 0.839606 0.035417 0.042660
2 2 0.011318 0.074660 0.830912 0.037257 0.045852
2 2 0.010096 0.069683 0.841206 0.035909 0.043107
2 2 0.007300 0.057996 0.872301 0.029699 0.032705
2 2 0.006466 0.054329 0.883662 0.026944 0.028599
2 2 0.004733 0.045439 0.906162 0.022087 0.021579
2 2 0.004153 0.042209 0.914695 0.020056 0.018887
2 2 0.004260 0.042472 0.911089 0.021541 0.020639
2 2 0.004774 0.045522 0.904801 0.022645 0.022258
2 2 0.004751 0.045216 0.904020 0.023162 0.022850
2 2 0.006160 0.052842 0.887453 0.026146 0.027398
2 2 0.007977 0.061559 0.867766 0.029643 0.033055
2 2 0.009643 0.068268 0.848200 0.033920 0.039970
2 2 0.009345 0.066638 0.848727 0.034577 0.040714
2 2 0.009462 0.064818 0.843145 0.039549 0.043025
2 2 0.009742 0.058731 0.822526 0.059624 0.049377
2 2 0.009261 0.053142 0.811444 0.074009 0.052144
2 2 0.009063 0.055907 0.830514 0.058524 0.045991
2 2 0.009845 0.069166 0.846634 0.034060 0.040294
2 2 0.005287 0.048446 0.898848 0.023645 0.023774
2 2 0.006430 0.055779 0.892714 0.022293 0.022784
2 2 0.007674 0.063492 0.886563 0.020779 0.021492
2 2 0.032132 0.131769 0.728310 0.052367 0.055422
2 2 0.210193 0.229555 0.286698 0.118594 0.154959
4 0 0.262870 0.186465 0.142822 0.108042 0.299800
2 1 0.174211 0.250466 0.281857 0.083417 0.210048
2 1 0.035159 0.129565 0.737294 0.058945 0.039037
2 2 0.002618 0.030630 0.947246 0.013178 0.006327
2 2 0.003418 0.035215 0.936748 0.016583 0.008036
2 2 0.004090 0.041469 0.928305 0.015890 0.010245
2 2 0.003327 0.037945 0.931347 0.014792 0.012590
2 2 0.003121 0.036619 0.934043 0.014185 0.012031
2 2 0.002922 0.034934 0.935640 0.014384 0.012121
2 2 0.002580 0.032709 0.941877 0.012625 0.010210
2 2 0.002613 0.032882 0.941068 0.012923 0.010514
2 2 0.002374 0.031016 0.944493 0.012315 0.009802
2 2 0.002169 0.029578 0.948472 0.011162 0.008619
2 2 0.002200 0.030030 0.948774 0.010743 0.008253
2 2 0.001997 0.028328 0.951870 0.010170 0.007634
2 2 0.002389 0.030541 0.949152 0.011168 0.006751
2 2 0.002443 0.031862 0.946780 0.010955 0.007959
2 2 0.002513 0.033072 0.946068 0.010328 0.008019
2 2 0.002710 0.034230 0.942085 0.011640 0.009334
2 2 0.002373 0.031736 0.948169 0.010165 0.007557
2 2 0.002330 0.029621 0.951183 0.011000 0.005865
2 2 0.002712 0.032045 0.946339 0.012402 0.006503
2 2 0.002566 0.029752 0.946697 0.014239 0.006745
2 2 0.003011 0.031785 0.939751 0.017474 0.007979
2 2 0.002686 0.029106 0.942734 0.017833 0.007642
2 2 0.002589 0.027788 0.942971 0.019072 0.007581
2 2 0.003151 0.031600 0.936023 0.020458 0.008768
2 2 0.003604 0.035832 0.931420 0.019204 0.009939
2 2 0.004328 0.043558 0.921853 0.017037 0.013224
2 2 0.003749 0.041067 0.926655 0.015170 0.013360
2 2 0.004465 0.044994 0.915333 0.018206 0.017002
2 2 0.004497 0.043620 0.906461 0.022971 0.022451
2 2 0.004358 0.042345 0.905263 0.024220 0.023813
2 2 0.003583 0.037722 0.916638 0.021713 0.020343
2 2 0.005657 0.049465 0.888440 0.027582 0.028857
2 2 0.009668 0.062939 0.844630 0.043729 0.039034
2 2 0.016544 0.090930 0.776205 0.048794 0.067527
2 2 0.004216 0.041179 0.904816 0.025078 0.024711
2 2 0.002983 0.034132 0.928075 0.018460 0.016351
2 2 0.002845 0.033383 0.931473 0.017280 0.015019
2 2 0.003268 0.036107 0.924052 0.019212 0.017362
2 2 0.003923 0.040431 0.915632 0.020633 0.019383
2 2 0.003693 0.038563 0.916048 0.021503 0.020192
2 2 0.003467 0.037126 0.919348 0.020809 0.019250
2 2 0.002598 0.031351 0.933749 0.017372 0.014929
2 2 0.002561 0.031589 0.937421 0.015459 0.012970
2 2 0.002617 0.032283 0.938011 0.014768 0.012321
2 2 0.002462 0.030564 0.937334 0.016101 0.013539
2 2 0.003224 0.035968 0.925642 0.018547 0.016618
2 2 0.003569 0.037694 0.917268 0.021441 0.020028
2 2 0.004250 0.041796 0.907299 0.023622 0.023032
2 2 0.004179 0.041662 0.910153 0.022418 0.021587
2 2 0.004205 0.042210 0.912215 0.021180 0.020190
2 2 0.004143 0.042166 0.914918 0.019979 0.018795
2 2 0.004070 0.041010 0.911626 0.022123 0.021171
2 2 0.004813 0.039145 0.891410 0.039234 0.025398
2 2 0.005881 0.049746 0.886013 0.029440 0.028919
2 2 0.068627 0.187037 0.568848 0.078665 0.096823
2 1 0.209813 0.206829 0.358834 0.117450 0.107074
0 2 0.453788 0.082259 0.101309 0.244333 0.118311
0 0 0.590437 0.066403 0.055955 0.162251 0.124954
0 0 0.478537 0.108711 0.086523 0.118814 0.207415
0 0 0.349160 0.176460 0.221424 0.108896 0.144061
2 0 0.137863 0.222569 0.483891 0.060006 0.095671
2 0 0.022232 0.121545 0.800221 0.024998 0.031005
2 1 0.003682 0.043607 0.936129 0.009207 0.007374
2 1 0.003997 0.045271 0.931573 0.010472 0.008687
2 1 0.004068 0.045340 0.929849 0.011257 0.009486
2 1 0.003653 0.042644 0.934830 0.010381 0.008491
2 2 0.003812 0.043734 0.933019 0.010641 0.008794
2 2 0.003958 0.044917 0.931802 0.010561 0.008762
2 2 0.003274 0.039537 0.938293 0.010458 0.008437
2 2 0.003054 0.037869 0.940857 0.010152 0.008068
2 2 0.002339 0.031972 0.949415 0.009279 0.006995
2 2 0.002227 0.031236 0.951517 0.008637 0.006384
2 2 0.002600 0.034392 0.946693 0.009247 0.007068
2 2 0.002954 0.037397 0.942807 0.009456 0.007385
2 2 0.003292 0.039964 0.938807 0.009964 0.007973
2 2 0.003394 0.040800 0.937829 0.009967 0.008010
2 2 0.003009 0.038118 0.942820 0.009037 0.007016
2 2 0.003327 0.040757 0.939598 0.009124 0.007194
2 2 0.003671 0.043181 0.935552 0.009728 0.007868
2 2 0.016113 0.098795 0.822742 0.028003 0.034348
2 2 0.081441 0.230001 0.550407 0.048750 0.089401
2 0 0.245126 0.223393 0.276124 0.085631 0.169726
0 0 0.299030 0.183470 0.160392 0.106528 0.250580
2 1 0.233468 0.228287 0.273098 0.085840 0.179307
2 1 0.093968 0.228330 0.553397 0.046616 0.077690
2 2 0.006535 0.060777 0.906480 0.013562 0.012646
2 2 0.004808 0.050056 0.921807 0.012420 0.010909
2 2 0.004316 0.046513 0.925946 0.012449 0.010776
2 2 0.003849 0.043087 0.930195 0.012356 0.010512
2 2 0.004104 0.044583 0.926680 0.013182 0.011451
2 2 0.003113 0.037836 0.938774 0.011194 0.009082
2 2 0.003931 0.043243 0.928033 0.013295 0.011499
2 2 0.005060 0.050302 0.915451 0.015212 0.013976
2 2 0.005867 0.054327 0.904971 0.017723 0.017112
2 2 0.007336 0.062835 0.893241 0.018269 0.018318
2 2 0.007412 0.062842 0.891310 0.019097 0.019339
2 2 0.086718 0.206461 0.433066 0.084198 0.189558
4 2 0.254357 0.196268 0.159301 0.105061 0.285013
0 2 0.507550 0.091622 0.064774 0.116814 0.219239
0 1 0.574829 0.071637 0.049558 0.113075 0.190901
0 1 0.345202 0.149942 0.111597 0.115258 0.278001
2 2 0.162792 0.227275 0.322474 0.088735 0.198724
2 2 0.005291 0.048045 0.896269 0.024991 0.025404
2 2 0.018892 0.096605 0.749574 0.054997 0.079932
2 2 0.109777 0.234819 0.391312 0.078526 0.185566
2 2 0.159832 0.250693 0.258051 0.085846 0.245579
2 4 0.123365 0.235822 0.337469 0.085496 0.217849
2 4 0.095844 0.214196 0.404191 0.085662 0.200106
2 4 0.080500 0.168309 0.338548 0.116300 0.296343
4 4 0.177785 0.235662 0.194493 0.093161 0.298899
4 4 0.279744 0.178496 0.135873 0.109933 0.295954
0 4 0.444285 0.087359 0.080492 0.168685 0.219180
0 4 0.407170 0.118957 0.101167 0.152852 0.219855
2 4 0.144704 0.246917 0.422799 0.063690 0.121890
2 4 0.054030 0.187336 0.662762 0.038002 0.057869
2 4 0.016569 0.104678 0.831295 0.021835 0.025624
2 4 0.015029 0.098042 0.839157 0.022131 0.025640
2 4 0.012873 0.088877 0.852123 0.021690 0.024436
2 4 0.015304 0.097358 0.832819 0.024909 0.029610
2 4 0.017757 0.098735 0.816255 0.030501 0.036752
2 4 0.059771 0.170725 0.585765 0.067385 0.116354
4 4 0.136738 0.210053 0.235020 0.104783 0.313405
4 4 0.175945 0.239775 0.204550 0.091599 0.288132
4 4 0.223781 0.206077 0.160274 0.102732 0.307136
4 1 0.193847 0.238398 0.225607 0.090671 0.251478
2 1 0.098864 0.239457 0.455756 0.065305 0.140618
2 1 0.073396 0.181308 0.545126 0.072324 0.127847
4 4 0.163557 0.204558 0.210418 0.107779 0.313688
4 4 0.222372 0.206817 0.160943 0.102514 0.307354
4 4 0.240176 0.197642 0.152705 0.105126 0.304352
4 4 0.255186 0.190188 0.146096 0.107104 0.301426
0 4 0.298602 0.169904 0.128468 0.111783 0.291244
4 4 0.259488 0.188096 0.144254 0.107636 0.300526
4 4 0.258043 0.188797 0.144871 0.107459 0.300831
4 4 0.226783 0.204508 0.158859 0.103189 0.306661
4 4 0.244398 0.195520 0.150816 0.105702 0.303563
4 4 0.266417 0.184767 0.141334 0.108459 0.299023
4 4 0.281583 0.177644 0.135135 0.110125 0.295514
4 4 0.216871 0.209731 0.163584 0.101646 0.308169
4 4 0.250706 0.192387 0.148038 0.106534 0.302334
0 4 0.321847 0.159732 0.119815 0.113704 0.284902
0 4 0.301483 0.168618 0.127368 0.112042 0.290488
0 4 0.293731 0.183143 0.155362 0.107268 0.260496
0 4 0.234655 0.223294 0.230443 0.092823 0.218785
2 4 0.209578 0.230222 0.281717 0.087415 0.191067
2 4 0.155288 0.216143 0.344356 0.091361 0.192852
4 4 0.210895 0.205197 0.205400 0.105282 0.273226
4 4 0.229950 0.201795 0.176631 0.105220 0.286403
4 4 0.221797 0.207120 0.161217 0.102425 0.307441
4 4 0.189191 0.225020 0.177648 0.096798 0.311343
4 4 0.205209 0.216040 0.169345 0.099704 0.309703
4 4 0.210988 0.212891 0.166462 0.100684 0.308976
4 4 0.214600 0.210945 0.164688 0.101279 0.308488
