2 0 0.213847 0.064087 0.327983 0.315116 0.078966
0 0 0.321965 0.095606 0.267761 0.187336 0.127332
3 0 0.343032 0.048405 0.194029 0.343493 0.071041
2 0 0.176788 0.040473 0.457948 0.288263 0.036527
2 0 0.211389 0.030473 0.370182 0.358146 0.029810
3 0 0.335969 0.031076 0.244219 0.351901 0.036836
3 0 0.338795 0.024865 0.180273 0.424052 0.032015
3 0 0.336689 0.012077 0.095949 0.535758 0.019527
3 0 0.311115 0.011144 0.093855 0.565243 0.018642
0 0 0.524776 0.006215 0.042035 0.414915 0.012059
0 0 0.606660 0.008403 0.042984 0.326420 0.015533
0 0 0.733837 0.004436 0.024070 0.228948 0.008709
0 0 0.727902 0.006493 0.039334 0.214039 0.012231
0 0 0.762070 0.006396 0.038377 0.180103 0.013053
0 0 0.680367 0.011069 0.135845 0.156367 0.016352
0 0 0.655478 0.013024 0.144613 0.168997 0.017887
0 0 0.658064 0.014629 0.133965 0.171872 0.021470
0 0 0.684154 0.014810 0.088381 0.187295 0.025360
0 0 0.580568 0.031254 0.140125 0.200507 0.047546
0 0 0.511899 0.033171 0.199336 0.213305 0.042289
2 0 0.238884 0.042609 0.586654 0.100045 0.031808
2 0 0.362534 0.031360 0.434480 0.143125 0.028500
0 0 0.404459 0.040872 0.372674 0.136416 0.045578
0 0 0.512720 0.037936 0.145697 0.246291 0.057357
0 0 0.425214 0.046445 0.136771 0.316809 0.074761
3 0 0.268016 0.049500 0.163761 0.440231 0.078493
3 0 0.188500 0.060271 0.258399 0.403175 0.089655
3 0 0.255352 0.052349 0.278832 0.343808 0.069659
2 0 0.214871 0.093538 0.432926 0.174575 0.084090
2 0 0.228994 0.081926 0.309060 0.285064 0.094956
3 0 0.292737 0.093880 0.169310 0.293297 0.150776
0 0 0.434174 0.072752 0.151964 0.223430 0.117680
0 0 0.369116 0.097279 0.223041 0.169231 0.141333
0 0 0.579120 0.038309 0.120101 0.192875 0.069596
0 0 0.620920 0.028638 0.079875 0.216112 0.054454
0 0 0.474200 0.015709 0.056344 0.421803 0.031943
0 0 0.514899 0.043069 0.082933 0.278524 0.080575
0 0 0.331728 0.110392 0.134318 0.251337 0.172225
0 0 0.265870 0.143405 0.220574 0.184880 0.185271
2 0 0.121948 0.166907 0.483037 0.088453 0.139656
2 0 0.067540 0.131291 0.663984 0.054004 0.083181
2 0 0.148456 0.110760 0.518753 0.127888 0.094143
2 0 0.250422 0.077696 0.299413 0.270872 0.101597
3 0 0.380455 0.029439 0.145455 0.397515 0.047136
0 0 0.545363 0.028663 0.091339 0.286727 0.047908
0 0 0.754647 0.005168 0.017601 0.210829 0.011755
0 0 0.816636 0.003973 0.011885 0.156611 0.010894
0 0 0.798468 0.001874 0.003321 0.190522 0.005815
0 0 0.785435 0.003436 0.009115 0.192984 0.009030
0 0 0.689165 0.003561 0.006395 0.291222 0.009657
0 0 0.604847 0.012632 0.020871 0.331195 0.030455
0 0 0.520225 0.020794 0.034694 0.375710 0.048578
3 0 0.374493 0.027610 0.103965 0.444651 0.049281
0 0 0.400263 0.058794 0.209104 0.250829 0.081010
2 0 0.214902 0.094707 0.500310 0.100427 0.089654
2 0 0.151996 0.083333 0.626283 0.072591 0.065797
0 0 0.378048 0.050243 0.351100 0.162218 0.058392
0 0 0.598333 0.019792 0.089476 0.260730 0.031669
0 0 0.556318 0.010266 0.048137 0.367048 0.018232
0 0 0.581120 0.003126 0.011259 0.397636 0.006859
0 0 0.771042 0.004730 0.013839 0.198792 0.011598
0 0 0.810316 0.001705 0.003477 0.179222 0.005280
0 0 0.845143 0.000376 0.000716 0.152319 0.001445
0 0 0.852940 0.000251 0.000419 0.145339 0.001051
0 0 0.810823 0.000146 0.000305 0.188114 0.000612
0 0 0.820095 0.000186 0.000488 0.178484 0.000747
0 0 0.857856 0.000111 0.000309 0.141246 0.000478
0 0 0.852672 0.000143 0.000519 0.146130 0.000536
0 0 0.852496 0.000130 0.000408 0.146482 0.000485
0 0 0.837778 0.000192 0.000524 0.160810 0.000695
0 0 0.750850 0.000340 0.000829 0.246736 0.001246
0 0 0.777129 0.001371 0.003226 0.214419 0.003855
0 0 0.819841 0.002809 0.008108 0.161307 0.007935
0 0 0.751396 0.008014 0.020213 0.201111 0.019267
0 0 0.640583 0.017094 0.058539 0.252858 0.030926
0 0 0.415507 0.038848 0.193473 0.298436 0.053735
3 0 0.336679 0.057766 0.174302 0.345472 0.085782
3 0 0.278693 0.052780 0.187459 0.401202 0.079865
3 0 0.272794 0.066472 0.209076 0.346805 0.104853
0 0 0.465733 0.061438 0.083395 0.270684 0.118750
0 0 0.456904 0.037235 0.059542 0.369246 0.077073
3 0 0.436489 0.018340 0.034801 0.468687 0.041684
3 0 0.339659 0.023268 0.050630 0.535930 0.050514
3 0 0.273005 0.062201 0.109833 0.441403 0.113558
3 0 0.208001 0.060701 0.183259 0.447503 0.100536
2 0 0.146583 0.091697 0.412177 0.246627 0.102917
2 0 0.229190 0.100823 0.278352 0.255092 0.136542
2 0 0.159847 0.088014 0.375583 0.280871 0.095685
2 0 0.088089 0.080684 0.447732 0.305446 0.078049
2 0 0.095305 0.091613 0.446793 0.280987 0.085301
2 0 0.056304 0.116350 0.597065 0.148094 0.082187
2 0 0.038381 0.156509 0.678553 0.043276 0.083281
2 0 0.031428 0.117542 0.761268 0.034047 0.055715
2 0 0.042613 0.124220 0.692174 0.067336 0.073657
2 0 0.120188 0.165042 0.457434 0.122297 0.135039
2 1 0.085332 0.186258 0.512672 0.074887 0.140850
2 1 0.087118 0.232380 0.407521 0.062831 0.210150
2 1 0.123363 0.139286 0.534549 0.079271 0.123530
0 1 0.330382 0.104149 0.248615 0.158921 0.157933
0 0 0.410335 0.083351 0.120115 0.247612 0.138587
0 0 0.422180 0.044910 0.098531 0.356144 0.078234
3 0 0.335400 0.059524 0.092220 0.401191 0.111664
0 1 0.269203 0.153833 0.185330 0.148467 0.243166
4 1 0.246971 0.166381 0.192947 0.140452 0.253249
2 0 0.163796 0.148565 0.452701 0.091632 0.143306
2 0 0.235970 0.106434 0.435151 0.112585 0.109860
2 0 0.124004 0.100756 0.636232 0.064080 0.074929
2 0 0.074317 0.058452 0.796823 0.036633 0.033776
2 0 0.182257 0.042318 0.667827 0.074778 0.032820
0 0 0.627005 0.018171 0.158986 0.166653 0.029186
0 0 0.764848 0.006760 0.038543 0.175799 0.014050
0 0 0.778244 0.002508 0.009237 0.203935 0.006076
0 0 0.756615 0.002115 0.003924 0.231461 0.005885
0 0 0.676848 0.004896 0.007584 0.297225 0.013447
0 0 0.506015 0.006978 0.014636 0.454037 0.018334
3 0 0.461808 0.008283 0.018257 0.490819 0.020834
0 0 0.550196 0.007817 0.014602 0.406234 0.021151
0 0 0.615839 0.006566 0.011076 0.347707 0.018814
0 0 0.643051 0.010185 0.014396 0.305333 0.027034
3 0 0.400085 0.014283 0.031202 0.522340 0.032090
3 0 0.364295 0.004671 0.025399 0.593459 0.012175
0 0 0.821847 0.001100 0.001530 0.171057 0.004467
0 0 0.787747 0.000058 0.000160 0.211706 0.000329
0 0 0.884982 0.000021 0.000047 0.114811 0.000138
0 0 0.865965 0.000050 0.000103 0.133595 0.000287
0 0 0.869321 0.000354 0.000499 0.128242 0.001584
0 0 0.715999 0.005578 0.007550 0.255778 0.015095
0 0 0.367183 0.074521 0.091772 0.298254 0.168270
4 0 0.146108 0.228960 0.201308 0.101643 0.321981
4 0 0.148281 0.227352 0.198182 0.102882 0.323304
2 0 0.040076 0.280948 0.464506 0.033369 0.181101
2 0 0.038410 0.285157 0.463068 0.032284 0.181082
2 0 0.040436 0.285426 0.454373 0.033778 0.185987
2 0 0.038181 0.285117 0.464074 0.032113 0.180515
2 0 0.033540 0.283850 0.485388 0.028643 0.168579
2 0 0.032349 0.283366 0.491190 0.027741 0.165354
2 0 0.031781 0.276974 0.505027 0.027152 0.159065
2 0 0.039708 0.285346 0.457462 0.033242 0.184242
2 0 0.039878 0.285366 0.456738 0.033367 0.184651
2 0 0.039263 0.285288 0.459370 0.032914 0.183166
2 0 0.034531 0.284200 0.480669 0.029389 0.171210
2 0 0.034802 0.282248 0.483178 0.029535 0.170238
2 0 0.035325 0.273361 0.497448 0.029668 0.164199
2 1 0.035066 0.253829 0.533654 0.028917 0.148535
2 1 0.036272 0.240868 0.552319 0.029387 0.141154
2 1 0.034326 0.223425 0.589190 0.027500 0.125560
2 1 0.034812 0.223719 0.587082 0.027846 0.126541
2 1 0.042017 0.260447 0.496300 0.034077 0.167159
2 1 0.045385 0.285532 0.434369 0.037386 0.197329
2 1 0.053643 0.284329 0.404265 0.043277 0.214486
2 1 0.049105 0.285177 0.420349 0.040058 0.205311
2 1 0.052490 0.284583 0.408251 0.042464 0.212212
2 1 0.053080 0.284456 0.406205 0.042880 0.213379
2 1 0.065391 0.280513 0.366910 0.051415 0.235771
2 1 0.072181 0.277508 0.347628 0.056003 0.246679
2 1 0.075944 0.275650 0.337552 0.058512 0.252341
2 1 0.061407 0.282029 0.378959 0.048685 0.228919
2 1 0.053217 0.284426 0.405729 0.042977 0.213651
2 1 0.042217 0.285549 0.446981 0.035084 0.190170
2 1 0.041068 0.285481 0.451724 0.034242 0.187485
2 1 0.050359 0.284985 0.415798 0.040952 0.207906
2 1 0.044313 0.267789 0.473829 0.035966 0.178103
2 1 0.040313 0.227856 0.561876 0.031769 0.138185
2 1 0.075008 0.262962 0.373655 0.056994 0.231382
2 1 0.046040 0.244461 0.512508 0.036304 0.160688
2 1 0.053327 0.284401 0.405350 0.043054 0.213867
2 1 0.050108 0.285026 0.416703 0.040773 0.207390
2 1 0.048099 0.285305 0.424063 0.039338 0.203195
2 1 0.051677 0.277414 0.426767 0.041572 0.202571
2 1 0.057071 0.272873 0.416242 0.045170 0.208645
2 1 0.054726 0.276441 0.417279 0.043687 0.207867
2 1 0.048134 0.261578 0.472154 0.038424 0.179710
2 2 0.034801 0.236665 0.564759 0.028226 0.135548
2 2 0.031520 0.178901 0.671961 0.024241 0.093378
2 2 0.030817 0.129470 0.752833 0.022106 0.064774
2 2 0.038165 0.119972 0.749764 0.027651 0.064449
2 1 0.040654 0.142964 0.706765 0.028695 0.080922
2 1 0.031430 0.147523 0.721888 0.025086 0.074073
2 1 0.039763 0.204343 0.604953 0.030572 0.120370
2 1 0.018769 0.147001 0.758292 0.015942 0.059995
2 1 0.013618 0.115426 0.817822 0.013594 0.039541
2 1 0.013272 0.103245 0.835012 0.014275 0.034196
2 1 0.014729 0.099879 0.835113 0.015765 0.034514
2 1 0.012316 0.089629 0.856410 0.012924 0.028721
2 1 0.013304 0.096855 0.844038 0.013491 0.032313
2 1 0.013433 0.096257 0.844465 0.013649 0.032196
2 1 0.014805 0.101971 0.832583 0.015243 0.035399
2 1 0.016596 0.111843 0.814467 0.015520 0.041574
2 1 0.020536 0.131124 0.776433 0.017126 0.054782
2 1 0.023729 0.141016 0.751878 0.021888 0.061489
2 1 0.021621 0.136479 0.763470 0.022527 0.055904
2 1 0.024708 0.126055 0.767447 0.027518 0.054272
2 2 0.014175 0.077944 0.865903 0.016479 0.025499
2 2 0.014849 0.066072 0.863027 0.030845 0.025207
2 2 0.014276 0.059155 0.878019 0.027332 0.021218
2 2 0.011223 0.058064 0.892731 0.019201 0.018781
2 2 0.014080 0.076873 0.868738 0.014721 0.025589
2 2 0.019247 0.083931 0.844504 0.019902 0.032417
2 2 0.035247 0.118749 0.754968 0.031767 0.059268
2 2 0.084636 0.175610 0.516230 0.084611 0.138912
2 2 0.018723 0.092849 0.817051 0.032126 0.039250
2 2 0.008559 0.047476 0.903075 0.024096 0.016793
2 2 0.003165 0.025222 0.952101 0.013021 0.006492
2 3 0.002593 0.019098 0.956984 0.016322 0.005003
2 3 0.002745 0.018834 0.952771 0.020392 0.005258
2 3 0.003204 0.021354 0.945835 0.023320 0.006288
2 3 0.003561 0.021180 0.940433 0.028230 0.006596
2 3 0.002678 0.015528 0.944929 0.032117 0.004749
2 3 0.004033 0.015699 0.909847 0.064262 0.006159
2 3 0.003481 0.013506 0.890772 0.086629 0.005612
2 3 0.005806 0.018288 0.850345 0.116797 0.008764
2 3 0.010595 0.028209 0.813157 0.132604 0.015435
2 3 0.009936 0.030833 0.808463 0.133557 0.017212
2 3 0.005808 0.021865 0.840062 0.121085 0.011180
2 3 0.004104 0.015448 0.826253 0.146069 0.008126
2 3 0.004221 0.012516 0.703965 0.271007 0.008291
2 3 0.004177 0.011813 0.621070 0.354283 0.008658
2 3 0.002792 0.008461 0.682955 0.300327 0.005464
2 3 0.002076 0.006923 0.639019 0.347573 0.004409
2 3 0.002191 0.006297 0.601850 0.385572 0.004091
2 3 0.002422 0.006172 0.502500 0.484237 0.004670
3 3 0.002158 0.005288 0.427879 0.560235 0.004440
3 3 0.001984 0.004726 0.331263 0.657474 0.004553
3 3 0.002530 0.005212 0.363859 0.623443 0.004956
3 3 0.004060 0.008494 0.402733 0.576827 0.007886
3 3 0.004053 0.008006 0.382336 0.597831 0.007774
3 3 0.003116 0.006182 0.423576 0.561590 0.005537
3 3 0.003290 0.005682 0.334899 0.650083 0.006046
3 3 0.003149 0.004207 0.240234 0.747467 0.004943
3 3 0.003152 0.005365 0.281492 0.704289 0.005702
3 3 0.004656 0.007811 0.284100 0.695003 0.008429
3 3 0.005333 0.009948 0.372228 0.603051 0.009439
3 3 0.005101 0.009829 0.365179 0.610403 0.009488
3 3 0.005261 0.010395 0.375119 0.599242 0.009983
3 3 0.006434 0.010111 0.313626 0.658573 0.011256
3 3 0.008130 0.008544 0.268373 0.704809 0.010144
3 3 0.007911 0.007165 0.218266 0.757555 0.009104
3 3 0.005691 0.005541 0.221370 0.760624 0.006773
2 3 0.007330 0.015083 0.516094 0.448411 0.013081
3 3 0.005926 0.010894 0.386900 0.585890 0.010390
3 3 0.006473 0.013760 0.438560 0.528293 0.012914
3 3 0.008680 0.017875 0.421873 0.534012 0.017560
3 3 0.006921 0.006231 0.206431 0.773032 0.007385
3 3 0.009315 0.005658 0.178160 0.799799 0.007068
3 3 0.020992 0.009487 0.194225 0.762373 0.012922
3 3 0.019116 0.006661 0.114803 0.849145 0.010276
3 3 0.033999 0.006222 0.058683 0.888533 0.012563
3 3 0.081951 0.007154 0.044648 0.851791 0.014457
3 3 0.128588 0.008472 0.041586 0.802490 0.018863
3 3 0.255154 0.006413 0.023156 0.699627 0.015651
3 3 0.250669 0.003486 0.014481 0.721971 0.009394
3 3 0.261229 0.004082 0.016012 0.707851 0.010826
3 3 0.132586 0.003131 0.018547 0.838395 0.007341
3 3 0.086869 0.002151 0.016699 0.889395 0.004886
3 3 0.058767 0.001557 0.015475 0.920321 0.003880
3 3 0.050001 0.002137 0.021486 0.921144 0.005231
3 3 0.065621 0.005144 0.038371 0.879273 0.011591
3 3 0.055888 0.003707 0.031536 0.900908 0.007961
3 3 0.129677 0.012610 0.061611 0.773026 0.023075
3 3 0.099402 0.009727 0.051967 0.819293 0.019612
3 2 0.165430 0.034566 0.104266 0.628632 0.067106
2 2 0.072583 0.082208 0.383123 0.372070 0.090016
2 2 0.014105 0.070656 0.832942 0.050970 0.031327
2 2 0.007076 0.048286 0.895784 0.031853 0.017001
2 2 0.003221 0.024762 0.947246 0.018048 0.006723
2 2 0.006604 0.023722 0.911952 0.048501 0.009220
2 2 0.014387 0.031851 0.845730 0.091986 0.016047
2 2 0.081251 0.078690 0.608395 0.169862 0.061802
2 2 0.052044 0.118935 0.674802 0.075513 0.078707
2 2 0.036506 0.134960 0.696111 0.053198 0.079224
2 2 0.019912 0.111427 0.778606 0.037019 0.053036
2 2 0.011286 0.067979 0.855363 0.036406 0.028966
2 2 0.009773 0.054854 0.862547 0.048040 0.024786
2 2 0.009275 0.045069 0.852315 0.071032 0.022309
2 2 0.014520 0.042047 0.732313 0.181329 0.029791
3 2 0.035589 0.037666 0.365842 0.514959 0.045945
3 2 0.062777 0.041916 0.180410 0.653170 0.061728
3 2 0.113638 0.058336 0.176574 0.561180 0.090272
2 2 0.048437 0.116601 0.522251 0.214462 0.098249
2 2 0.032233 0.130196 0.664121 0.090438 0.083012
2 2 0.009871 0.052368 0.875536 0.040924 0.021300
2 2 0.009841 0.045700 0.873677 0.050804 0.019978
2 2 0.027933 0.069062 0.687305 0.165875 0.049825
2 2 0.023312 0.084427 0.764762 0.081693 0.045806
2 2 0.030039 0.106240 0.735904 0.068789 0.059028
2 2 0.044359 0.144371 0.654326 0.063185 0.093760
2 2 0.038437 0.149850 0.679379 0.045410 0.086925
2 2 0.046586 0.170146 0.613708 0.055979 0.113581
2 2 0.025496 0.122616 0.757404 0.034347 0.060137
2 2 0.020539 0.102265 0.801701 0.029588 0.045907
2 2 0.026409 0.099449 0.773250 0.047563 0.053329
2 2 0.027255 0.093761 0.753412 0.069448 0.056124
2 2 0.018236 0.078169 0.819102 0.045818 0.038675
2 2 0.011831 0.057081 0.865260 0.040959 0.024869
2 2 0.010156 0.041430 0.888744 0.042422 0.017248
2 2 0.015140 0.057501 0.849959 0.052175 0.025225
2 2 0.015936 0.058650 0.837343 0.061235 0.026837
2 2 0.024941 0.063861 0.733668 0.137200 0.040329
2 2 0.026785 0.081438 0.701882 0.133304 0.056591
2 2 0.024948 0.108747 0.747187 0.058956 0.060163
2 2 0.025774 0.132907 0.743188 0.031540 0.066591
2 2 0.009392 0.060166 0.890266 0.018926 0.021250
2 2 0.008741 0.041028 0.899488 0.034673 0.016070
2 2 0.009387 0.034851 0.862466 0.077202 0.016095
2 2 0.012081 0.036317 0.831738 0.101468 0.018396
2 2 0.018442 0.052284 0.802177 0.098967 0.028130
2 2 0.062823 0.078397 0.586171 0.206762 0.065846
2 2 0.134217 0.082696 0.383121 0.306209 0.093757
3 2 0.224552 0.139472 0.167639 0.244263 0.224074
4 2 0.118925 0.248661 0.244969 0.085685 0.301760
2 2 0.067931 0.279446 0.359520 0.053141 0.239961
2 2 0.013872 0.105554 0.831054 0.012897 0.036622
2 2 0.008558 0.058765 0.901290 0.013820 0.017566
2 2 0.007369 0.048709 0.912197 0.016918 0.014807
2 2 0.006387 0.045921 0.908906 0.023908 0.014879
2 2 0.004773 0.029620 0.920871 0.034759 0.009978
2 2 0.011303 0.052432 0.884554 0.032028 0.019682
2 2 0.025262 0.072525 0.787332 0.075766 0.039115
2 2 0.010965 0.050869 0.885957 0.033197 0.019012
2 2 0.012133 0.055512 0.858959 0.048837 0.024559
2 2 0.025564 0.125665 0.750626 0.035133 0.063012
2 2 0.023650 0.145960 0.735717 0.027499 0.067173
2 2 0.015880 0.108006 0.810185 0.021703 0.044226
2 2 0.008604 0.061762 0.893747 0.015158 0.020729
2 2 0.004466 0.026272 0.933795 0.026504 0.008962
2 2 0.005636 0.020296 0.886372 0.078496 0.009200
2 2 0.009765 0.021588 0.744932 0.209893 0.013822
2 2 0.010409 0.036568 0.806474 0.125558 0.020991
2 2 0.013027 0.067562 0.837164 0.050001 0.032247
2 2 0.012901 0.099200 0.830458 0.019460 0.037981
2 2 0.009280 0.077168 0.870552 0.016540 0.026460
2 2 0.006505 0.035457 0.916460 0.029078 0.012500
2 2 0.012393 0.041202 0.824599 0.099761 0.022045
2 2 0.019160 0.044034 0.705638 0.200506 0.030662
2 2 0.015143 0.045912 0.734441 0.174382 0.030121
2 2 0.010777 0.037734 0.801028 0.128354 0.022107
2 2 0.021641 0.071656 0.755889 0.105410 0.045403
2 2 0.018101 0.065353 0.825040 0.058547 0.032959
2 2 0.035687 0.146283 0.695236 0.042235 0.080559
2 2 0.025420 0.119881 0.767806 0.031137 0.055755
2 2 0.021454 0.118354 0.787215 0.023304 0.049673
2 2 0.016540 0.103366 0.825992 0.016453 0.037650
2 2 0.011609 0.086145 0.860041 0.013380 0.028824
2 2 0.011035 0.074857 0.872195 0.015739 0.026175
2 2 0.010098 0.056338 0.888632 0.023653 0.021279
2 2 0.010978 0.045049 0.887409 0.038173 0.018390
2 2 0.032149 0.101963 0.715689 0.086225 0.063974
2 2 0.018654 0.096835 0.808661 0.032759 0.043091
2 2 0.019108 0.128424 0.774033 0.023046 0.055389
2 2 0.006528 0.059726 0.907716 0.009627 0.016403
2 2 0.006403 0.054613 0.909482 0.013670 0.015832
2 2 0.005592 0.042901 0.922072 0.016608 0.012827
2 2 0.005526 0.038698 0.917474 0.025337 0.012965
2 3 0.006181 0.034838 0.901073 0.043949 0.013960
2 3 0.007306 0.030829 0.862660 0.084145 0.015061
2 3 0.010113 0.036279 0.835745 0.098638 0.019225
2 3 0.011443 0.043717 0.803709 0.116625 0.024506
2 3 0.009294 0.041009 0.832942 0.094623 0.022132
2 3 0.013151 0.074395 0.836897 0.040919 0.034639
2 3 0.012843 0.069165 0.794785 0.085193 0.038014
2 3 0.007091 0.044497 0.889050 0.041742 0.017619
2 3 0.006084 0.038405 0.912823 0.028925 0.013763
2 3 0.003670 0.016524 0.881406 0.091236 0.007164
2 3 0.002974 0.011169 0.824558 0.155774 0.005525
2 3 0.003521 0.010645 0.645307 0.333462 0.007065
2 3 0.004824 0.011287 0.539219 0.435606 0.009063
2 3 0.006846 0.016070 0.485920 0.476643 0.014520
2 3 0.005570 0.015442 0.633541 0.334302 0.011145
2 3 0.006836 0.017068 0.491381 0.468877 0.015838
3 3 0.006780 0.013607 0.414812 0.551261 0.013540
3 3 0.004120 0.010260 0.458154 0.518793 0.008673
3 3 0.003749 0.006223 0.303763 0.680212 0.006054
3 3 0.003727 0.006455 0.331538 0.651769 0.006510
3 3 0.003700 0.006299 0.280454 0.702451 0.007096
3 3 0.003816 0.006134 0.265487 0.717473 0.007091
3 3 0.004303 0.006198 0.251009 0.730906 0.007584
3 3 0.007379 0.008846 0.215286 0.757195 0.011294
3 3 0.009497 0.009160 0.219207 0.750237 0.011899
3 3 0.011169 0.007828 0.192602 0.778326 0.010075
3 3 0.011204 0.010655 0.169008 0.794434 0.014700
3 3 0.024327 0.011310 0.132331 0.815298 0.016733
3 3 0.029820 0.006074 0.062184 0.891010 0.010912
3 3 0.049158 0.004127 0.036413 0.901332 0.008971
3 3 0.036544 0.001802 0.021213 0.936457 0.003984
3 3 0.023532 0.001277 0.019358 0.952966 0.002867
3 3 0.021120 0.001006 0.016495 0.959346 0.002032
3 3 0.029050 0.002492 0.029913 0.933931 0.004613
3 3 0.040985 0.002444 0.025625 0.926022 0.004923
3 3 0.019556 0.002449 0.035173 0.937833 0.004990
3 3 0.011747 0.001495 0.029085 0.954701 0.002971
3 3 0.008325 0.001223 0.028249 0.959956 0.002246
3 3 0.008869 0.001689 0.035516 0.951022 0.002904
3 3 0.006996 0.001479 0.035215 0.953731 0.002578
3 3 0.005283 0.001495 0.040210 0.950158 0.002854
3 3 0.002978 0.001421 0.048095 0.945106 0.002400
3 3 0.002785 0.002277 0.071937 0.919168 0.003832
3 3 0.002957 0.002675 0.104672 0.885681 0.004015
3 3 0.006218 0.005866 0.183764 0.796791 0.007361
3 3 0.007372 0.005978 0.150468 0.827789 0.008393
3 3 0.005984 0.003789 0.119011 0.865370 0.005846
3 3 0.005755 0.002694 0.074180 0.912846 0.004525
3 3 0.003055 0.001766 0.060129 0.932137 0.002913
3 3 0.004112 0.002743 0.071197 0.917420 0.004528
3 3 0.003543 0.002709 0.076787 0.912728 0.004232
3 3 0.003089 0.002752 0.079635 0.910180 0.004344
3 3 0.004179 0.003074 0.086247 0.901626 0.004875
3 3 0.006098 0.003903 0.098036 0.886084 0.005879
3 3 0.007524 0.004114 0.083282 0.898557 0.006523
3 3 0.010756 0.003806 0.085842 0.893572 0.006023
3 3 0.008287 0.003264 0.062884 0.919962 0.005604
3 3 0.014829 0.003781 0.055152 0.919466 0.006772
3 3 0.019110 0.003532 0.046666 0.924883 0.005809
3 3 0.033450 0.003726 0.038784 0.917472 0.006568
3 3 0.025378 0.002751 0.034437 0.932145 0.005289
3 3 0.019049 0.002795 0.039283 0.933564 0.005310
3 3 0.013799 0.002450 0.040506 0.938449 0.004796
3 3 0.019312 0.003742 0.048842 0.921705 0.006399
3 3 0.023760 0.004727 0.054128 0.909078 0.008307
3 3 0.025000 0.002165 0.028531 0.940172 0.004132
3 3 0.044363 0.002683 0.026803 0.920537 0.005614
3 3 0.037123 0.004116 0.040704 0.909786 0.008270
3 3 0.040016 0.002940 0.030680 0.919119 0.007245
3 3 0.041366 0.004065 0.039253 0.905274 0.010041
3 3 0.050887 0.003927 0.034763 0.901111 0.009312
3 3 0.044908 0.004107 0.037730 0.904317 0.008938
3 3 0.024694 0.003546 0.042749 0.922151 0.006859
3 3 0.005862 0.001894 0.046455 0.942304 0.003486
3 3 0.004676 0.001773 0.048130 0.942262 0.003160
3 3 0.005583 0.001814 0.045499 0.943955 0.003150
3 3 0.008985 0.003945 0.069432 0.911041 0.006596
3 3 0.008816 0.007971 0.124992 0.846448 0.011773
3 3 0.007788 0.007056 0.142157 0.833043 0.009956
3 3 0.012054 0.008236 0.128858 0.839107 0.011746
3 3 0.015339 0.005851 0.076205 0.892860 0.009745
3 3 0.031133 0.005656 0.055721 0.897586 0.009904
3 3 0.047188 0.007540 0.059143 0.871533 0.014596
3 3 0.028620 0.009232 0.084883 0.860427 0.016839
3 3 0.013300 0.009050 0.112557 0.850357 0.014736
3 3 0.006755 0.002898 0.061473 0.923654 0.005220
3 3 0.007410 0.001860 0.041804 0.945340 0.003586
3 3 0.010627 0.001429 0.029392 0.955540 0.003011
3 3 0.022892 0.001664 0.024311 0.947395 0.003738
3 3 0.031512 0.002769 0.031911 0.927912 0.005897
3 3 0.027814 0.004360 0.050639 0.908755 0.008432
3 3 0.016638 0.004383 0.059186 0.911907 0.007886
3 3 0.013246 0.004588 0.066959 0.907415 0.007792
3 3 0.021099 0.006827 0.075667 0.884775 0.011632
3 3 0.012350 0.007125 0.096385 0.872833 0.011307
3 3 0.011412 0.006923 0.118240 0.853093 0.010332
3 3 0.009188 0.005638 0.094477 0.882023 0.008674
3 3 0.010884 0.006783 0.117585 0.854989 0.009759
3 3 0.015524 0.006284 0.134954 0.834659 0.008579
3 3 0.024537 0.008748 0.174331 0.781009 0.011375
3 2 0.060703 0.013473 0.193121 0.714794 0.017909
3 2 0.112459 0.037974 0.324102 0.479530 0.045934
2 2 0.080715 0.092179 0.615335 0.143239 0.068533
2 2 0.039129 0.121211 0.731479 0.046140 0.062042
2 2 0.020104 0.098208 0.813798 0.025632 0.042258
2 2 0.010067 0.060130 0.886220 0.021516 0.022068
2 2 0.008295 0.052427 0.892617 0.027092 0.019569
2 2 0.004881 0.035364 0.927862 0.020646 0.011247
2 2 0.006310 0.044391 0.907512 0.026318 0.015470
2 2 0.012231 0.063220 0.860960 0.036312 0.027278
2 2 0.045668 0.151266 0.627103 0.068165 0.107798
2 2 0.052259 0.161112 0.556533 0.095668 0.134428
2 2 0.095928 0.148799 0.373864 0.194552 0.186858
3 2 0.118333 0.118754 0.254974 0.319906 0.188033
3 4 0.160350 0.092531 0.179709 0.401144 0.166266
4 4 0.131098 0.175575 0.244100 0.193731 0.255497
4 4 0.124683 0.244577 0.234954 0.089139 0.306648
2 4 0.066388 0.280103 0.363984 0.052094 0.237431
2 4 0.041258 0.263569 0.493171 0.033645 0.168357
2 4 0.022017 0.173146 0.709551 0.017660 0.077627
2 4 0.020558 0.150785 0.737328 0.022459 0.068870
2 4 0.022851 0.121726 0.728570 0.056394 0.070458
2 4 0.052665 0.175690 0.488579 0.119384 0.163681
2 4 0.080464 0.169788 0.327058 0.192181 0.230510
4 4 0.133065 0.186040 0.216932 0.159288 0.304675
4 4 0.142070 0.231940 0.207249 0.099327 0.319414
4 4 0.107241 0.207231 0.270851 0.131981 0.282695
2 4 0.036481 0.212278 0.601336 0.028634 0.121271
2 4 0.030357 0.220599 0.607184 0.024649 0.117211
2 4 0.025558 0.177306 0.691877 0.021826 0.083432
2 4 0.029236 0.181699 0.668721 0.027249 0.093094
2 4 0.035799 0.219342 0.591381 0.028393 0.125086
2 4 0.041877 0.263692 0.490669 0.034089 0.169673
2 4 0.038245 0.270537 0.491374 0.031708 0.168136
2 4 0.037979 0.257465 0.516484 0.031110 0.156962
2 4 0.037302 0.253180 0.526713 0.030494 0.152311
2 4 0.042087 0.266123 0.485272 0.034322 0.172197
2 4 0.033544 0.236841 0.568804 0.027345 0.133467
2 4 0.036918 0.215404 0.594585 0.029032 0.124061
2 4 0.026767 0.143714 0.739613 0.023560 0.066346
2 4 0.044424 0.186520 0.621264 0.036432 0.111359
2 4 0.026584 0.166068 0.706718 0.020644 0.079985
2 4 0.060993 0.249207 0.453246 0.046694 0.189861
2 4 0.096208 0.214627 0.337484 0.105779 0.245902
4 1 0.150424 0.186680 0.194101 0.164493 0.304303
2 1 0.080008 0.273513 0.327114 0.061196 0.258170
2 1 0.047106 0.269380 0.460379 0.038005 0.185130
2 1 0.018966 0.173047 0.719415 0.015531 0.073040
2 1 0.023936 0.180700 0.691954 0.019163 0.084247
2 2 0.028770 0.215024 0.621703 0.023388 0.111115
2 2 0.030060 0.208275 0.628512 0.024108 0.109044
2 2 0.033131 0.205751 0.622899 0.026148 0.112071
2 2 0.017851 0.110276 0.810211 0.018598 0.043064
2 2 0.021059 0.087462 0.822176 0.030485 0.038817
2 2 0.013823 0.059773 0.876838 0.026133 0.023433
2 2 0.013273 0.057361 0.878621 0.027678 0.023068
2 2 0.009132 0.045132 0.910093 0.020176 0.015467
2 2 0.020434 0.065644 0.818122 0.062389 0.033410
2 2 0.014057 0.041497 0.821991 0.099753 0.022702
2 2 0.012971 0.052802 0.846181 0.063600 0.024447
2 2 0.007933 0.045198 0.902312 0.029151 0.015406
2 2 0.012632 0.072727 0.859686 0.027063 0.027892
2 2 0.017823 0.070239 0.832043 0.046645 0.033250
2 2 0.017296 0.063475 0.847617 0.043261 0.028351
2 2 0.023915 0.069490 0.819115 0.054154 0.033325
2 2 0.044382 0.110525 0.731548 0.053410 0.060135
2 2 0.019222 0.090108 0.833846 0.022520 0.034304
2 2 0.025620 0.105043 0.791835 0.030750 0.046751
2 2 0.052591 0.174233 0.619152 0.044531 0.109493
2 1 0.116653 0.220899 0.345608 0.080599 0.236240
2 1 0.058875 0.207605 0.543419 0.043175 0.146926
2 2 0.050362 0.199289 0.583132 0.037307 0.129910
2 2 0.026908 0.134156 0.754603 0.021814 0.062518
2 2 0.015246 0.108539 0.823665 0.012527 0.040023
2 2 0.013310 0.114778 0.820588 0.010467 0.040857
2 2 0.011307 0.103986 0.841200 0.008910 0.034598
2 2 0.013331 0.117660 0.816508 0.010538 0.041962
2 2 0.013938 0.126693 0.802081 0.011125 0.046163
2 2 0.015459 0.143114 0.774188 0.012489 0.054749
2 2 0.015819 0.146170 0.768696 0.012797 0.056518
2 2 0.014441 0.141262 0.779990 0.011745 0.052562
2 2 0.013113 0.133624 0.794881 0.010682 0.047700
2 2 0.015176 0.115255 0.813848 0.014053 0.041669
2 2 0.014293 0.085472 0.847494 0.021131 0.031610
2 2 0.017828 0.079186 0.833294 0.036221 0.033471
2 2 0.024090 0.087794 0.788723 0.054270 0.045122
2 2 0.048041 0.138559 0.645856 0.073600 0.093944
4 2 0.128081 0.235451 0.257606 0.090011 0.288851
2 2 0.061583 0.236681 0.477448 0.046442 0.177846
2 2 0.044877 0.220858 0.560024 0.034605 0.139637
2 2 0.012080 0.096990 0.848626 0.009290 0.033015
2 2 0.011352 0.056302 0.903730 0.011453 0.017164
2 1 0.028524 0.054168 0.861345 0.032674 0.023289
2 2 0.027899 0.041834 0.864569 0.047966 0.017732
2 1 0.053188 0.052588 0.785108 0.080949 0.028168
2 1 0.044706 0.071550 0.770735 0.073910 0.039098
2 1 0.024940 0.091785 0.815439 0.029623 0.038213
2 2 0.027836 0.130402 0.754395 0.028864 0.058503
2 2 0.019987 0.107803 0.810112 0.019847 0.042251
2 2 0.018739 0.102645 0.821378 0.017764 0.039474
2 2 0.019209 0.116861 0.800901 0.015892 0.047137
2 2 0.019321 0.111973 0.807623 0.016038 0.045045
2 2 0.019480 0.112689 0.805781 0.016996 0.045054
2 2 0.021476 0.112755 0.800966 0.017377 0.047426
2 2 0.016110 0.112399 0.816163 0.012275 0.043054
2 2 0.015535 0.123379 0.802117 0.012141 0.046829
2 2 0.026748 0.172616 0.695994 0.020869 0.083773
2 2 0.030920 0.148284 0.722788 0.022847 0.075160
2 2 0.065635 0.176329 0.585275 0.045994 0.126767
2 2 0.028235 0.130928 0.754639 0.025549 0.060650
2 2 0.020469 0.123429 0.787482 0.017961 0.050659
2 2 0.009095 0.075853 0.884661 0.008110 0.022282
2 2 0.007567 0.068863 0.897875 0.006965 0.018730
2 2 0.007937 0.067963 0.898135 0.007045 0.018920
2 2 0.010323 0.086062 0.867821 0.009028 0.026766
2 2 0.014390 0.106608 0.828697 0.011942 0.038362
2 2 0.016467 0.127754 0.793152 0.013068 0.049558
2 2 0.014888 0.125997 0.800263 0.011759 0.047092
2 2 0.015045 0.130463 0.793470 0.011956 0.049066
2 2 0.012193 0.115227 0.823207 0.009718 0.039655
2 2 0.011817 0.116191 0.822996 0.009477 0.039520
2 2 0.010719 0.107440 0.838182 0.008674 0.034985
2 2 0.014038 0.085170 0.849643 0.019738 0.031411
2 2 0.044133 0.101728 0.714958 0.076131 0.063050
2 0 0.107377 0.156714 0.384715 0.190149 0.161045
2 1 0.050275 0.135430 0.667361 0.065554 0.081381
2 1 0.027735 0.083996 0.819178 0.033666 0.035425
2 2 0.012301 0.045352 0.914179 0.014517 0.013652
2 0 0.034337 0.067033 0.800984 0.064565 0.033081
2 0 0.032344 0.053339 0.790025 0.095386 0.028906
2 1 0.018452 0.068629 0.840992 0.042128 0.029799
2 1 0.025142 0.105292 0.795681 0.027739 0.046146
2 2 0.008584 0.060799 0.905858 0.007340 0.017420
2 2 0.009205 0.071169 0.890627 0.007958 0.021041
2 2 0.008342 0.070271 0.894099 0.007266 0.020022
2 2 0.006896 0.063193 0.906775 0.006808 0.016329
2 2 0.011443 0.069320 0.882039 0.015065 0.022134
2 2 0.018758 0.090279 0.836280 0.020948 0.033734
2 2 0.040068 0.128271 0.725908 0.038710 0.067042
2 2 0.021853 0.085435 0.827158 0.029276 0.036277
2 2 0.033059 0.081517 0.794035 0.049041 0.042348
2 0 0.096095 0.138636 0.550022 0.102665 0.112583
2 0 0.060210 0.178123 0.587280 0.057716 0.116672
2 1 0.052305 0.261707 0.457073 0.041337 0.187578
2 1 0.031029 0.249549 0.555949 0.025892 0.137581
2 1 0.030502 0.268751 0.524700 0.025995 0.150052
2 2 0.032672 0.224791 0.592371 0.026388 0.123779
2 2 0.026408 0.191899 0.666626 0.021148 0.093921
2 2 0.013685 0.158147 0.758544 0.011499 0.058126
2 2 0.010543 0.119891 0.821832 0.008653 0.039081
2 2 0.010452 0.103632 0.844118 0.008452 0.033346
2 2 0.009973 0.098905 0.851736 0.008600 0.030785
2 2 0.010516 0.080409 0.869468 0.013274 0.026333
2 2 0.007700 0.049790 0.916617 0.011568 0.014325
2 2 0.016873 0.054882 0.866678 0.037858 0.023708
2 2 0.024035 0.088259 0.813945 0.033708 0.040053
2 2 0.029287 0.133769 0.746681 0.027873 0.062390
2 2 0.034934 0.175279 0.667416 0.028556 0.093815
2 2 0.033302 0.177577 0.668981 0.025376 0.094764
2 2 0.014951 0.108509 0.824337 0.012782 0.039420
2 2 0.013654 0.105200 0.832512 0.011869 0.036765
2 2 0.013588 0.110557 0.825492 0.011247 0.039115
2 2 0.013479 0.112912 0.822495 0.011323 0.039792
2 2 0.014842 0.126529 0.799644 0.011739 0.047246
2 2 0.012488 0.086066 0.860766 0.012721 0.027959
2 2 0.021499 0.080804 0.830701 0.032366 0.034631
2 2 0.021948 0.073636 0.810930 0.057658 0.035828
2 2 0.011227 0.053386 0.882571 0.031843 0.020972
2 2 0.008043 0.048361 0.907512 0.019882 0.016201
2 2 0.011928 0.083833 0.864158 0.012782 0.027298
2 2 0.012696 0.094281 0.849987 0.011450 0.031586
2 2 0.011179 0.079537 0.873817 0.010520 0.024947
2 2 0.009644 0.065560 0.895782 0.009901 0.019113
2 2 0.037473 0.107417 0.761433 0.037747 0.055930
2 1 0.077244 0.120933 0.668651 0.057238 0.075933
2 2 0.199352 0.105721 0.341037 0.219523 0.134367
2 2 0.181589 0.141405 0.291021 0.197930 0.188055
4 2 0.151984 0.190097 0.196942 0.167156 0.293822
4 2 0.121439 0.245475 0.243599 0.091755 0.297732
2 2 0.045012 0.149995 0.643631 0.066400 0.094963
2 2 0.011317 0.042238 0.901520 0.029426 0.015500
2 2 0.021176 0.071638 0.831567 0.042727 0.032892
2 2 0.038411 0.129512 0.701679 0.056164 0.074234
2 2 0.076816 0.217344 0.431367 0.086901 0.187573
2 2 0.070017 0.209811 0.438822 0.098562 0.182788
2 2 0.098200 0.226922 0.293067 0.108058 0.273753
2 2 0.064314 0.240374 0.390291 0.082199 0.222822
2 2 0.044551 0.210958 0.544363 0.060052 0.140076
2 2 0.036425 0.152427 0.670465 0.056693 0.083990
2 2 0.022688 0.130951 0.762366 0.027297 0.056697
2 2 0.023268 0.166164 0.715864 0.020489 0.074215
2 2 0.013621 0.131533 0.796242 0.010998 0.047607
2 2 0.013235 0.130988 0.798186 0.010720 0.046870
2 2 0.011406 0.116861 0.823308 0.009206 0.039219
2 2 0.008533 0.090029 0.867752 0.007354 0.026332
2 2 0.007190 0.073094 0.893376 0.006910 0.019430
2 2 0.007688 0.075194 0.888400 0.008289 0.020429
2 2 0.010132 0.089707 0.861774 0.010680 0.027706
2 2 0.010025 0.084056 0.865863 0.012905 0.027152
2 2 0.012488 0.088929 0.847799 0.018830 0.031954
2 2 0.009544 0.061512 0.888033 0.019925 0.020985
2 2 0.006149 0.040470 0.923875 0.017336 0.012171
2 2 0.006993 0.038815 0.913273 0.027794 0.013125
2 3 0.016283 0.065472 0.832725 0.054985 0.030534
2 2 0.011079 0.063556 0.876940 0.025659 0.022766
2 2 0.010267 0.067534 0.884969 0.015863 0.021367
2 2 0.006099 0.051870 0.922984 0.006547 0.012501
2 2 0.006829 0.056360 0.915578 0.006855 0.014379
2 2 0.006824 0.057552 0.914260 0.006527 0.014837
2 2 0.007370 0.066832 0.901038 0.006776 0.017984
2 2 0.006621 0.063833 0.906911 0.006191 0.016445
2 2 0.006800 0.066178 0.903503 0.006176 0.017344
2 2 0.004987 0.048618 0.930121 0.005406 0.010869
2 2 0.005250 0.044584 0.932932 0.006883 0.010352
2 2 0.007611 0.048636 0.912740 0.016121 0.014893
2 2 0.011829 0.064192 0.867898 0.030805 0.025276
2 2 0.013439 0.068223 0.845786 0.042815 0.029738
2 2 0.007491 0.042542 0.905125 0.029956 0.014887
2 3 0.004952 0.029683 0.934806 0.021633 0.008927
2 3 0.004767 0.024308 0.941394 0.022212 0.007320
2 3 0.005964 0.028083 0.925133 0.031245 0.009574
2 3 0.006145 0.024695 0.903093 0.056089 0.009978
2 3 0.005758 0.022213 0.887319 0.075259 0.009450
2 3 0.007877 0.025071 0.855048 0.099831 0.012173
2 3 0.004718 0.018448 0.886506 0.082360 0.007967
2 3 0.005970 0.019095 0.855107 0.110481 0.009346
2 3 0.006341 0.016487 0.799617 0.168267 0.009289
2 3 0.005967 0.017538 0.817351 0.149932 0.009212
2 3 0.006716 0.021011 0.814755 0.146270 0.011248
2 3 0.006968 0.024821 0.813097 0.142023 0.013091
2 3 0.006043 0.023004 0.830727 0.128400 0.011826
2 3 0.005290 0.019221 0.848431 0.117986 0.009071
2 3 0.004113 0.015747 0.851577 0.121562 0.007001
2 3 0.005033 0.016034 0.833772 0.137537 0.007623
2 3 0.004966 0.012669 0.821341 0.154735 0.006288
2 3 0.004960 0.011585 0.846533 0.131244 0.005677
2 3 0.007892 0.012190 0.686984 0.284355 0.008579
2 3 0.007850 0.011552 0.609156 0.362956 0.008486
3 3 0.008320 0.010648 0.484262 0.487573 0.009196
2 3 0.006806 0.012913 0.576747 0.393646 0.009888
2 3 0.006381 0.010871 0.532745 0.441358 0.008645
3 3 0.006792 0.008711 0.387690 0.588412 0.008396
3 3 0.019915 0.010999 0.297061 0.659770 0.012255
3 3 0.075450 0.016181 0.196137 0.690986 0.021246
3 0 0.090046 0.008511 0.132741 0.757505 0.011197
3 0 0.083764 0.008844 0.122598 0.772014 0.012779
3 1 0.033940 0.008653 0.172402 0.773715 0.011289
3 2 0.025796 0.022294 0.434787 0.496197 0.020927
2 2 0.010597 0.027653 0.713548 0.230195 0.018007
2 2 0.010563 0.045219 0.829215 0.092886 0.022116
2 2 0.006270 0.032743 0.897195 0.050940 0.012852
2 2 0.003660 0.021125 0.934562 0.033696 0.006957
2 2 0.004790 0.023304 0.906453 0.056203 0.009249
2 2 0.008408 0.037549 0.861427 0.074648 0.017969
2 2 0.011070 0.052113 0.833736 0.075661 0.027420
2 4 0.010571 0.049573 0.816283 0.096366 0.027207
2 4 0.017368 0.053371 0.720213 0.172975 0.036073
2 4 0.009986 0.034210 0.675133 0.257027 0.023644
2 4 0.009013 0.028816 0.539082 0.399473 0.023617
3 4 0.009957 0.024831 0.427620 0.513162 0.024429
3 4 0.009998 0.017965 0.293538 0.656910 0.021589
3 4 0.022454 0.028155 0.376968 0.541124 0.031299
3 4 0.056771 0.077995 0.347616 0.419888 0.097730
2 4 0.085216 0.193398 0.457018 0.089166 0.175202
2 4 0.054964 0.229183 0.512930 0.042445 0.160477
2 4 0.036207 0.230828 0.570151 0.029033 0.133780
2 4 0.019815 0.116117 0.766252 0.040426 0.057390
2 4 0.008196 0.022670 0.687132 0.266741 0.015262
2 4 0.014591 0.037197 0.665510 0.255100 0.027602
2 4 0.017454 0.056075 0.650940 0.233045 0.042487
2 4 0.020527 0.103997 0.734676 0.079428 0.061373
2 4 0.036812 0.185560 0.616062 0.046269 0.115296
2 4 0.018664 0.112924 0.776250 0.037632 0.054530
2 4 0.029936 0.101589 0.717257 0.085760 0.065457
2 4 0.027751 0.078876 0.666156 0.166505 0.060712
2 4 0.030047 0.107270 0.661049 0.122939 0.078696
2 4 0.026842 0.110023 0.673035 0.110626 0.079473
2 4 0.021751 0.101946 0.730102 0.084638 0.061564
2 4 0.024919 0.082474 0.656910 0.175352 0.060345
2 4 0.022390 0.066150 0.607835 0.249690 0.053934
2 4 0.022465 0.066318 0.637652 0.220876 0.052689
2 4 0.031302 0.074719 0.512770 0.305468 0.075741
2 4 0.019084 0.054224 0.549172 0.327600 0.049920
2 4 0.017759 0.045361 0.493202 0.398055 0.045624
2 4 0.016540 0.042833 0.554277 0.347990 0.038359
2 4 0.022010 0.048029 0.527069 0.356532 0.046360
2 4 0.033368 0.066633 0.583353 0.256725 0.059922
2 4 0.054513 0.083466 0.422450 0.340779 0.098792
3 4 0.056461 0.066830 0.320180 0.462926 0.093604
3 4 0.098063 0.075833 0.208385 0.487849 0.129870
3 4 0.094950 0.102981 0.240652 0.402808 0.158610
3 4 0.131711 0.120821 0.243327 0.317699 0.186442
3 4 0.121662 0.077450 0.194808 0.478254 0.127826
3 4 0.110009 0.011135 0.055245 0.800101 0.023510
3 4 0.145339 0.005389 0.027381 0.809545 0.012346
3 4 0.080255 0.001817 0.015394 0.897527 0.005008
3 4 0.124712 0.006800 0.035633 0.817017 0.015838
3 4 0.243561 0.015635 0.047498 0.656057 0.037249
3 4 0.218812 0.037594 0.096184 0.575886 0.071524
3 4 0.105972 0.019571 0.086011 0.747442 0.041004
3 4 0.089903 0.013958 0.071974 0.795581 0.028584
3 4 0.086731 0.014487 0.075170 0.794341 0.029270
3 4 0.133427 0.030616 0.105468 0.671799 0.058691
3 4 0.125326 0.145887 0.236567 0.272914 0.219306
4 4 0.109688 0.231317 0.269394 0.108165 0.281436
2 4 0.066003 0.251866 0.430773 0.050215 0.201142
2 4 0.052822 0.268492 0.441219 0.041993 0.195473
2 4 0.045075 0.172939 0.643229 0.035825 0.102932
2 4 0.074853 0.140275 0.567584 0.105803 0.111484
2 4 0.094651 0.105676 0.435648 0.250279 0.113747
3 4 0.083992 0.088582 0.286654 0.422358 0.118414
3 4 0.092737 0.109173 0.307734 0.344644 0.145712
3 4 0.078758 0.118003 0.277661 0.359026 0.166552
3 4 0.086465 0.127260 0.265814 0.333902 0.186560
2 4 0.066092 0.102319 0.445805 0.270757 0.115027
2 4 0.071351 0.083355 0.372185 0.362505 0.110603
3 4 0.052588 0.065896 0.360059 0.434886 0.086571
3 4 0.040956 0.065885 0.272920 0.517932 0.102307
3 4 0.054595 0.082401 0.272231 0.456015 0.134758
3 4 0.054040 0.099955 0.317392 0.392899 0.135713
3 4 0.047845 0.085395 0.304894 0.442278 0.119589
2 4 0.037203 0.082901 0.513118 0.285515 0.081263
2 4 0.059651 0.080607 0.461269 0.311573 0.086901
2 4 0.055833 0.073573 0.453837 0.334715 0.082043
3 4 0.053186 0.058528 0.365553 0.449987 0.072745
3 4 0.053281 0.059737 0.336038 0.472968 0.077976
2 4 0.041796 0.076577 0.451047 0.344440 0.086139
2 4 0.057975 0.100901 0.503290 0.235443 0.102391
2 4 0.085581 0.061850 0.455700 0.331809 0.065060
3 4 0.337973 0.039305 0.121396 0.433322 0.068004
3 1 0.253164 0.008123 0.028699 0.691399 0.018615
3 1 0.084366 0.000937 0.008772 0.903243 0.002682
3 1 0.054206 0.000935 0.010699 0.931518 0.002642
3 1 0.118141 0.005690 0.031942 0.830115 0.014112
3 1 0.187485 0.023049 0.072701 0.670018 0.046747
3 1 0.202089 0.066481 0.136953 0.473844 0.120632
4 1 0.118025 0.231376 0.267725 0.115051 0.267824
4 1 0.102224 0.260057 0.276803 0.075429 0.285487
2 2 0.053393 0.284386 0.405123 0.043101 0.213997
2 2 0.036869 0.272524 0.492974 0.030770 0.166863
2 2 0.026177 0.229775 0.606658 0.021900 0.115489
2 2 0.040309 0.252181 0.517817 0.032591 0.157102
2 2 0.056422 0.223987 0.503174 0.052655 0.163762
2 2 0.091041 0.212702 0.404631 0.092912 0.198714
4 2 0.120433 0.200996 0.252862 0.172195 0.253514
4 2 0.133246 0.238062 0.221561 0.095510 0.311620
2 2 0.066245 0.280162 0.364400 0.051997 0.237195
2 2 0.051733 0.284736 0.410905 0.041928 0.210697
2 2 0.026285 0.209278 0.639346 0.021494 0.103598
2 2 0.020349 0.163739 0.728926 0.016296 0.070690
2 2 0.025707 0.170415 0.701795 0.022864 0.079219
2 2 0.030735 0.186397 0.660502 0.029286 0.093080
2 2 0.023398 0.147753 0.738515 0.025709 0.064625
2 2 0.032786 0.167913 0.681168 0.032060 0.086073
2 2 0.037452 0.193397 0.630592 0.028650 0.109908
2 2 0.045393 0.244141 0.515284 0.035846 0.159335
2 2 0.022748 0.191130 0.679641 0.018579 0.087902
2 2 0.015109 0.099878 0.835174 0.014475 0.035363
2 2 0.016530 0.094905 0.836279 0.018877 0.033409
2 2 0.045164 0.134479 0.647777 0.097271 0.075309
2 2 0.021233 0.089424 0.764537 0.080428 0.044377
2 2 0.010139 0.049407 0.865803 0.053563 0.021088
2 2 0.012657 0.102584 0.833263 0.015420 0.036075
