0 0 0.730827 0.079367 0.057441 0.027402 0.104963
0 0 0.840858 0.043130 0.026608 0.012350 0.077054
0 0 0.856416 0.051027 0.022549 0.016799 0.053210
0 0 0.796531 0.073224 0.040719 0.024468 0.065058
0 0 0.784854 0.078243 0.037431 0.030330 0.069141
0 0 0.761731 0.086951 0.041379 0.035920 0.074020
0 0 0.803307 0.069377 0.031558 0.026839 0.068920
0 0 0.793253 0.073111 0.033479 0.028953 0.071204
0 0 0.790784 0.073954 0.033977 0.029424 0.071860
0 0 0.729063 0.096466 0.067225 0.031942 0.075304
0 0 0.684916 0.110101 0.086386 0.036601 0.081997
0 0 0.675441 0.114590 0.099870 0.034893 0.075206
0 0 0.729389 0.099677 0.063035 0.035185 0.072714
0 0 0.733811 0.092896 0.060410 0.032633 0.080250
0 0 0.742210 0.084316 0.062056 0.026889 0.084529
0 0 0.742490 0.079642 0.058907 0.025826 0.093135
0 0 0.746698 0.081127 0.054508 0.027854 0.089813
0 0 0.756341 0.080803 0.048198 0.029448 0.085209
0 0 0.757288 0.078889 0.050674 0.027201 0.085948
0 0 0.776949 0.070098 0.044127 0.023552 0.085274
0 0 0.782300 0.067285 0.038403 0.024185 0.087827
0 0 0.769091 0.066974 0.042316 0.023424 0.098195
0 0 0.763539 0.063371 0.044487 0.021036 0.107568
0 0 0.756324 0.066524 0.046075 0.022688 0.108390
0 0 0.715793 0.086430 0.054506 0.034284 0.108987
0 0 0.681609 0.102664 0.073451 0.038888 0.103388
0 0 0.557346 0.139373 0.151610 0.046659 0.105012
0 0 0.575834 0.141553 0.135261 0.049971 0.097381
0 0 0.561679 0.140673 0.145273 0.048572 0.103802
0 0 0.676420 0.099446 0.072076 0.038414 0.113643
0 0 0.661197 0.090738 0.084616 0.030644 0.132806
0 0 0.707438 0.078562 0.062855 0.027100 0.124045
0 0 0.669227 0.076847 0.070630 0.026603 0.156693
0 0 0.671055 0.079699 0.069758 0.028394 0.151095
0 0 0.637051 0.078515 0.071156 0.020623 0.192655
0 0 0.571910 0.078831 0.081399 0.016966 0.250894
0 0 0.584909 0.075521 0.069860 0.013107 0.256603
0 0 0.559533 0.074780 0.079830 0.014158 0.271698
0 0 0.569173 0.075164 0.084108 0.016585 0.254971
0 0 0.529504 0.084091 0.103575 0.022969 0.259861
0 0 0.635177 0.080877 0.080921 0.028382 0.174643
0 0 0.596490 0.092098 0.092534 0.034812 0.184066
0 0 0.636884 0.088281 0.076148 0.029654 0.169033
0 0 0.639330 0.091429 0.075225 0.031838 0.162178
0 0 0.650336 0.085647 0.062770 0.020784 0.180462
0 0 0.659195 0.079696 0.065828 0.021903 0.173378
0 0 0.620703 0.072007 0.078380 0.019218 0.209692
0 0 0.600873 0.077799 0.082091 0.020516 0.218720
0 1 0.489709 0.099913 0.112871 0.028037 0.269470
0 1 0.348565 0.137561 0.143618 0.035685 0.334571
4 1 0.239906 0.170639 0.190462 0.045875 0.353118
2 1 0.197202 0.190523 0.296626 0.057444 0.258204
2 1 0.128005 0.170392 0.505981 0.065941 0.129682
2 2 0.062970 0.152071 0.662625 0.053680 0.068654
2 2 0.038209 0.114432 0.772622 0.031325 0.043411
2 2 0.028567 0.095197 0.820177 0.023360 0.032700
2 2 0.020155 0.070965 0.865784 0.020055 0.023041
2 2 0.025030 0.076474 0.839956 0.030354 0.028186
2 2 0.032927 0.101936 0.798911 0.028793 0.037433
2 2 0.029064 0.085322 0.819001 0.033942 0.032670
2 2 0.022582 0.065486 0.851354 0.035411 0.025167
2 2 0.021509 0.060071 0.855112 0.039499 0.023810
2 2 0.022278 0.052597 0.837244 0.063791 0.024091
2 2 0.024650 0.047831 0.792146 0.109379 0.025995
2 2 0.025077 0.045159 0.770412 0.133168 0.026184
2 2 0.023968 0.044342 0.782500 0.124099 0.025090
2 2 0.020287 0.037384 0.796054 0.125142 0.021133
2 3 0.023576 0.039400 0.751533 0.161166 0.024327
2 3 0.028005 0.043296 0.704840 0.195133 0.028726
2 3 0.027879 0.037558 0.638628 0.267848 0.028086
2 3 0.028227 0.035879 0.612706 0.296644 0.026545
2 3 0.030283 0.030566 0.461393 0.450777 0.026981
3 3 0.032559 0.030843 0.407900 0.498951 0.029748
3 3 0.031348 0.028174 0.373278 0.538508 0.028692
3 3 0.031834 0.028907 0.384458 0.526669 0.028132
3 3 0.043104 0.037478 0.357226 0.529833 0.032359
3 3 0.060522 0.049898 0.330009 0.524020 0.035551
3 3 0.053420 0.039398 0.280867 0.597571 0.028744
3 3 0.046931 0.033763 0.264226 0.627798 0.027281
3 3 0.034581 0.021040 0.193652 0.732129 0.018598
3 3 0.027577 0.019284 0.254622 0.679960 0.018557
3 3 0.025425 0.017667 0.252310 0.687246 0.017352
3 3 0.027136 0.018069 0.226017 0.710354 0.018424
3 3 0.032713 0.020944 0.208972 0.717352 0.020019
3 3 0.038282 0.024153 0.198956 0.715922 0.022687
3 3 0.047450 0.025272 0.141952 0.764479 0.020846
3 3 0.062394 0.031954 0.134188 0.749262 0.022202
3 3 0.063897 0.029627 0.111141 0.776322 0.019013
3 3 0.047879 0.023748 0.129080 0.782033 0.017260
3 3 0.040420 0.019214 0.109866 0.813825 0.016675
3 3 0.042020 0.021116 0.120960 0.796690 0.019214
3 3 0.038111 0.017159 0.099708 0.830689 0.014334
3 3 0.047032 0.018687 0.080948 0.841040 0.012294
3 3 0.052825 0.019827 0.073540 0.842222 0.011586
3 3 0.053030 0.021301 0.082988 0.829207 0.013474
3 3 0.038272 0.014498 0.073414 0.863975 0.009841
3 3 0.035877 0.014021 0.077313 0.862632 0.010157
3 3 0.044958 0.019687 0.095841 0.824695 0.014820
3 3 0.046998 0.021257 0.101585 0.813856 0.016304
3 3 0.060709 0.029344 0.114581 0.773668 0.021697
3 3 0.069105 0.033985 0.118014 0.754729 0.024167
3 3 0.069916 0.029968 0.093601 0.788421 0.018095
3 3 0.056162 0.022879 0.085256 0.821355 0.014349
3 3 0.046170 0.018588 0.082782 0.839938 0.012522
3 3 0.042938 0.018160 0.089972 0.835545 0.013385
3 3 0.054634 0.024475 0.100476 0.803042 0.017373
3 3 0.123674 0.066319 0.130866 0.639964 0.039176
3 3 0.162162 0.134783 0.250329 0.379773 0.072953
2 3 0.095232 0.123717 0.496677 0.218724 0.065650
2 3 0.039945 0.067817 0.704879 0.148318 0.039042
2 3 0.035449 0.062247 0.724029 0.141045 0.037229
2 3 0.041631 0.059330 0.643158 0.219368 0.036512
2 3 0.050417 0.059655 0.548921 0.304818 0.036188
3 3 0.046722 0.044225 0.423552 0.454035 0.031465
3 3 0.047648 0.040640 0.352366 0.527327 0.032020
3 3 0.045497 0.031823 0.242347 0.652179 0.028155
3 3 0.043467 0.027224 0.208067 0.699722 0.021520
3 3 0.040417 0.021742 0.159103 0.762807 0.015931
3 3 0.074729 0.069191 0.379997 0.431499 0.044584
3 3 0.051291 0.034509 0.226724 0.658982 0.028494
3 3 0.043167 0.028299 0.202454 0.697405 0.028674
3 3 0.100874 0.078451 0.261837 0.505230 0.053608
3 3 0.045521 0.020036 0.096758 0.822593 0.015092
3 3 0.046987 0.019822 0.089980 0.829203 0.014008
3 3 0.051214 0.021539 0.089845 0.822794 0.014608
3 3 0.060175 0.027132 0.101854 0.792250 0.018589
3 3 0.063849 0.030269 0.110989 0.773495 0.021398
3 3 0.055507 0.023283 0.089702 0.816314 0.015194
3 3 0.048819 0.021018 0.093402 0.821799 0.014963
3 3 0.058971 0.024952 0.091244 0.808816 0.016017
3 3 0.058004 0.024674 0.092385 0.808986 0.015951
3 3 0.054722 0.024745 0.102114 0.800673 0.017746
3 3 0.066974 0.028619 0.093061 0.793790 0.017556
3 3 0.081451 0.037155 0.103976 0.754938 0.022481
3 3 0.082334 0.035888 0.096286 0.764988 0.020504
3 3 0.057586 0.024366 0.091181 0.811059 0.015806
3 3 0.045251 0.019208 0.090799 0.830841 0.013900
3 3 0.061217 0.026670 0.096062 0.798628 0.017422
3 3 0.075479 0.032109 0.092426 0.781425 0.018561
3 3 0.078519 0.035037 0.100242 0.765181 0.021022
3 3 0.084016 0.036924 0.097603 0.760360 0.021098
3 3 0.072027 0.029601 0.087065 0.794519 0.016788
3 3 0.066298 0.025369 0.076717 0.817891 0.013725
3 3 0.068056 0.026987 0.081737 0.808166 0.015054
3 3 0.077974 0.031860 0.086218 0.786637 0.017310
3 3 0.057595 0.023407 0.084973 0.819548 0.014477
3 3 0.046591 0.018608 0.081654 0.840779 0.012368
3 3 0.043900 0.017908 0.084510 0.841158 0.012524
3 3 0.066063 0.027010 0.086181 0.804917 0.015830
3 3 0.087490 0.036788 0.090470 0.765652 0.019599
3 3 0.123516 0.065732 0.133288 0.640966 0.036498
2 2 0.203191 0.162465 0.309808 0.253400 0.071136
2 2 0.177741 0.197653 0.454278 0.092663 0.077665
2 2 0.114226 0.168434 0.605848 0.049077 0.062414
2 2 0.063744 0.137093 0.713697 0.036980 0.048487
2 2 0.052239 0.131350 0.742286 0.034475 0.039651
2 2 0.046186 0.127135 0.756824 0.033230 0.036626
2 2 0.035004 0.108101 0.797963 0.026205 0.032727
2 2 0.028502 0.095831 0.820247 0.022752 0.032667
2 2 0.030476 0.099844 0.810345 0.024474 0.034861
2 2 0.025043 0.088465 0.837918 0.019764 0.028810
2 2 0.022198 0.073129 0.855096 0.024383 0.025194
2 2 0.030139 0.091377 0.813598 0.030813 0.034074
2 2 0.032088 0.096760 0.803656 0.031184 0.036312
2 2 0.027149 0.083001 0.828989 0.030219 0.030643
2 2 0.019682 0.070034 0.868319 0.019443 0.022522
2 2 0.019468 0.071485 0.868958 0.017715 0.022374
2 2 0.026230 0.088983 0.832504 0.022250 0.030034
2 2 0.052030 0.132764 0.734521 0.036752 0.043933
2 2 0.055365 0.137777 0.728803 0.037409 0.040646
2 2 0.041894 0.120246 0.770160 0.031074 0.036626
2 2 0.021714 0.080922 0.855355 0.016927 0.025082
2 2 0.025950 0.089083 0.836568 0.019660 0.028738
2 2 0.044834 0.097024 0.796366 0.020230 0.041545
2 0 0.284274 0.155488 0.404135 0.042134 0.113968
2 0 0.352093 0.142429 0.364308 0.033570 0.107600
0 1 0.468586 0.128907 0.239315 0.034100 0.129092
2 2 0.222800 0.153611 0.468632 0.042060 0.112897
2 2 0.194902 0.183859 0.464978 0.060659 0.095604
2 2 0.142564 0.174022 0.549064 0.054094 0.080255
2 1 0.212400 0.171624 0.472229 0.049918 0.093830
2 1 0.197251 0.170342 0.487107 0.050279 0.095022
2 1 0.122307 0.171970 0.571741 0.055373 0.078608
2 2 0.087469 0.164077 0.615236 0.054822 0.078396
2 2 0.037278 0.110839 0.780738 0.029285 0.041860
2 2 0.030347 0.099320 0.815803 0.023305 0.031225
2 2 0.015130 0.064340 0.891436 0.011441 0.017652
2 2 0.017093 0.067804 0.881215 0.014087 0.019802
2 2 0.018915 0.061693 0.872918 0.025126 0.021347
2 2 0.030761 0.081718 0.808108 0.045283 0.034130
2 2 0.059476 0.115048 0.714871 0.042891 0.067715
2 2 0.086506 0.134577 0.624395 0.056395 0.098127
2 2 0.087999 0.142079 0.622262 0.046810 0.100850
2 2 0.081887 0.143077 0.633235 0.043584 0.098217
2 2 0.068307 0.125180 0.689433 0.030990 0.086091
2 2 0.110800 0.165549 0.462134 0.023798 0.237719
4 2 0.121289 0.177778 0.257880 0.015798 0.427254
4 2 0.127309 0.139307 0.112289 0.009940 0.611154
4 2 0.133397 0.157782 0.149660 0.013603 0.545559
4 2 0.137771 0.161534 0.165304 0.015296 0.520094
4 2 0.118036 0.194980 0.322018 0.022714 0.342253
2 2 0.096518 0.191113 0.472417 0.029225 0.210727
2 2 0.063944 0.169120 0.627311 0.033794 0.105830
2 2 0.048639 0.160869 0.681377 0.034786 0.074329
2 2 0.046977 0.161978 0.683167 0.032055 0.075822
2 2 0.040468 0.133589 0.740287 0.027600 0.058056
2 2 0.039518 0.132592 0.744199 0.028701 0.054990
2 2 0.037545 0.121866 0.763991 0.029089 0.047509
2 2 0.032252 0.109634 0.793080 0.024915 0.040120
2 2 0.026572 0.098899 0.820604 0.019947 0.033979
2 2 0.032215 0.123493 0.773807 0.022752 0.047733
2 2 0.059244 0.163518 0.641898 0.026504 0.108837
2 2 0.071344 0.163660 0.611723 0.029815 0.123458
2 2 0.088091 0.184879 0.526600 0.033389 0.167042
2 2 0.062696 0.178047 0.618068 0.038379 0.102809
2 2 0.053114 0.120488 0.703085 0.059315 0.063998
2 2 0.039619 0.089027 0.756292 0.071852 0.043211
2 2 0.037603 0.084850 0.765263 0.071308 0.040976
2 2 0.036193 0.074795 0.758829 0.091277 0.038906
2 2 0.057691 0.085465 0.703698 0.089911 0.063236
2 2 0.091601 0.106742 0.621896 0.076900 0.102861
2 2 0.110127 0.123428 0.592089 0.046465 0.127890
2 2 0.125066 0.149821 0.566075 0.047503 0.111535
2 0 0.164994 0.180150 0.493042 0.062025 0.099789
2 1 0.071127 0.151204 0.686145 0.043219 0.048306
2 2 0.070201 0.159288 0.672419 0.049032 0.049059
2 2 0.035658 0.109805 0.784893 0.029047 0.040598
2 2 0.034077 0.106848 0.792581 0.027644 0.038851
2 2 0.023383 0.076661 0.848691 0.024708 0.026557
2 2 0.021328 0.070825 0.859811 0.023827 0.024209
2 2 0.023770 0.069874 0.845754 0.034021 0.026580
2 2 0.021277 0.060673 0.857241 0.037191 0.023618
2 2 0.033711 0.079484 0.786517 0.063433 0.036855
2 2 0.036747 0.082078 0.767717 0.073499 0.039959
2 2 0.031041 0.068003 0.789188 0.078262 0.033505
2 2 0.025214 0.055938 0.815838 0.075897 0.027113
2 2 0.019750 0.049421 0.855298 0.054061 0.021470
2 2 0.024212 0.057075 0.828405 0.064072 0.026235
2 2 0.034417 0.088102 0.789303 0.050078 0.038099
2 2 0.065640 0.093424 0.552406 0.220293 0.068237
2 2 0.046282 0.056648 0.531300 0.319049 0.046720
2 2 0.049413 0.106541 0.711373 0.078751 0.053920
2 2 0.051331 0.103193 0.697780 0.093899 0.053797
2 2 0.082507 0.175405 0.613602 0.063393 0.065093
2 2 0.050320 0.133500 0.727944 0.040073 0.048162
2 2 0.044013 0.105296 0.751866 0.056092 0.042734
2 2 0.048241 0.109656 0.730148 0.064672 0.047283
2 1 0.078177 0.170613 0.632335 0.058935 0.059940
2 2 0.059452 0.147089 0.701223 0.044302 0.047933
2 2 0.039390 0.116159 0.776021 0.030295 0.038136
2 2 0.021546 0.080528 0.856248 0.016785 0.024893
2 2 0.017545 0.065377 0.879968 0.016958 0.020152
2 2 0.014215 0.053339 0.899637 0.016553 0.016256
2 2 0.014138 0.050961 0.900200 0.018631 0.016071
2 2 0.015027 0.052952 0.895021 0.019948 0.017051
2 2 0.013079 0.044050 0.905508 0.022672 0.014691
2 2 0.016506 0.047939 0.882160 0.035143 0.018251
2 2 0.026681 0.066389 0.822807 0.054912 0.029211
2 2 0.030778 0.066678 0.788635 0.080749 0.033160
2 2 0.029309 0.057286 0.775259 0.107065 0.031081
2 2 0.026377 0.050905 0.783939 0.110936 0.027844
2 2 0.022350 0.047256 0.819943 0.086658 0.023794
2 2 0.022729 0.047301 0.815302 0.090513 0.024154
2 2 0.027658 0.053782 0.780630 0.108667 0.029264
2 2 0.028204 0.049650 0.751600 0.141099 0.029448
2 2 0.029726 0.041948 0.656852 0.241298 0.030177
2 2 0.045820 0.059178 0.562296 0.286160 0.046547
2 2 0.058225 0.067908 0.474130 0.340907 0.058829
3 3 0.050397 0.051991 0.422089 0.427025 0.048499
3 3 0.045515 0.045368 0.435300 0.437232 0.036585
2 3 0.033858 0.040316 0.561281 0.333756 0.030790
2 3 0.039018 0.044097 0.528128 0.356450 0.032308
2 3 0.053643 0.055717 0.460461 0.391119 0.039059
3 3 0.060772 0.051322 0.336358 0.513503 0.038047
3 3 0.066565 0.052733 0.316033 0.530793 0.033876
3 3 0.066067 0.050811 0.298534 0.550971 0.033617
3 3 0.047878 0.032416 0.240480 0.654263 0.024964
3 3 0.045339 0.026992 0.180393 0.724571 0.022705
3 3 0.057295 0.028818 0.122320 0.768681 0.022886
3 3 0.062907 0.029873 0.111284 0.774636 0.021301
3 3 0.056305 0.025222 0.103610 0.798130 0.016733
3 3 0.053852 0.027459 0.141117 0.759458 0.018114
3 3 0.066425 0.031970 0.113865 0.765153 0.022587
3 3 0.094156 0.044036 0.107890 0.728313 0.025605
3 3 0.104087 0.046839 0.100722 0.723508 0.024844
3 3 0.112292 0.051189 0.102357 0.707610 0.026551
3 3 0.105810 0.045831 0.094435 0.730834 0.023090
3 3 0.072647 0.028968 0.082611 0.799979 0.015794
3 3 0.059770 0.026366 0.098090 0.798110 0.017663
3 3 0.077875 0.043189 0.156369 0.694589 0.027977
3 3 0.076411 0.060649 0.306417 0.517949 0.038574
3 3 0.077181 0.071864 0.386463 0.420661 0.043831
2 3 0.070204 0.084842 0.516536 0.278437 0.049981
2 3 0.063183 0.072254 0.513491 0.309651 0.041420
2 3 0.065775 0.079336 0.533130 0.277368 0.044390
2 3 0.102837 0.115532 0.476139 0.242814 0.062677
2 3 0.079005 0.103045 0.535921 0.226455 0.055575
2 3 0.059716 0.079820 0.587214 0.229739 0.043511
2 3 0.078573 0.078164 0.402534 0.388795 0.051934
3 3 0.097450 0.074935 0.249223 0.522002 0.056390
3 3 0.146836 0.088763 0.155196 0.557833 0.051372
3 3 0.121437 0.066850 0.144075 0.630586 0.037052
3 3 0.084122 0.042766 0.130357 0.716443 0.026312
3 3 0.066108 0.035417 0.137485 0.733382 0.027609
3 3 0.052398 0.027395 0.130155 0.766393 0.023660
3 3 0.050531 0.025955 0.126298 0.774888 0.022329
3 3 0.066053 0.036275 0.142022 0.726187 0.029462
3 3 0.066579 0.039291 0.157906 0.701428 0.034796
3 3 0.063308 0.033274 0.131580 0.745292 0.026546
3 3 0.059723 0.027710 0.106921 0.785955 0.019691
3 3 0.063336 0.024780 0.079701 0.818134 0.014048
3 3 0.068370 0.026961 0.080950 0.808809 0.014910
3 3 0.074490 0.028050 0.074722 0.808607 0.014131
3 3 0.086001 0.034941 0.085312 0.775718 0.018028
3 3 0.087078 0.035493 0.085773 0.773380 0.018276
3 3 0.077643 0.034564 0.099853 0.767150 0.020790
3 3 0.099081 0.046553 0.108429 0.719385 0.026552
3 3 0.118612 0.054021 0.101740 0.698384 0.027244
3 3 0.070276 0.029005 0.087687 0.796315 0.016717
3 3 0.054760 0.025008 0.103857 0.798238 0.018136
3 3 0.066549 0.031635 0.111529 0.768271 0.022016
3 3 0.085909 0.040372 0.109110 0.739961 0.024648
3 3 0.104593 0.047505 0.102244 0.720254 0.025404
3 3 0.092981 0.039227 0.090842 0.756560 0.020390
3 3 0.082640 0.035434 0.093625 0.768472 0.019829
3 3 0.101251 0.053783 0.139945 0.673972 0.031049
3 3 0.144814 0.129456 0.310926 0.353743 0.061061
2 2 0.141793 0.214197 0.455776 0.114469 0.073766
2 2 0.095931 0.182063 0.586157 0.076330 0.059520
2 2 0.080996 0.173785 0.629852 0.058903 0.056464
2 2 0.052921 0.138060 0.713598 0.042585 0.052836
2 2 0.047176 0.122730 0.746946 0.034130 0.049017
2 2 0.044075 0.115762 0.764725 0.030286 0.045152
2 2 0.039889 0.116966 0.775222 0.030363 0.037559
2 2 0.030580 0.095278 0.813659 0.027636 0.032847
2 2 0.036262 0.110761 0.785608 0.028768 0.038601
2 2 0.025267 0.088615 0.841824 0.018873 0.025420
2 2 0.019323 0.075184 0.868187 0.014914 0.022393
2 2 0.035548 0.109270 0.790023 0.027891 0.037267
2 2 0.032783 0.104228 0.801960 0.025830 0.035199
2 2 0.027244 0.093203 0.826624 0.021661 0.031267
2 2 0.019849 0.076472 0.865339 0.015355 0.022985
2 2 0.015359 0.064964 0.890135 0.011629 0.017913
2 2 0.012984 0.058317 0.903793 0.009695 0.015212
2 2 0.016976 0.069251 0.881069 0.012961 0.019744
2 2 0.020528 0.078112 0.861685 0.015926 0.023749
2 2 0.025026 0.088428 0.838003 0.019750 0.028792
2 2 0.019386 0.074745 0.868107 0.015324 0.022438
2 2 0.017382 0.063467 0.881242 0.018008 0.019901
2 2 0.016448 0.053570 0.886308 0.025182 0.018492
2 2 0.019917 0.064863 0.867476 0.025242 0.022503
2 2 0.030170 0.094002 0.813158 0.028424 0.034246
2 2 0.036231 0.110859 0.782122 0.029557 0.041230
2 2 0.038348 0.114421 0.772020 0.031661 0.043549
2 2 0.031815 0.091298 0.805052 0.036101 0.035733
2 2 0.020428 0.068427 0.864719 0.023235 0.023191
2 2 0.016045 0.061532 0.888396 0.015561 0.018465
2 2 0.016002 0.066690 0.886509 0.012157 0.018642
2 2 0.044838 0.108410 0.768026 0.027507 0.051218
2 1 0.067181 0.140891 0.697967 0.039902 0.054058
2 2 0.044170 0.102004 0.739528 0.065782 0.048516
2 2 0.028244 0.095297 0.821550 0.022528 0.032380
2 2 0.028470 0.095765 0.820409 0.022724 0.032632
2 2 0.027934 0.094651 0.823121 0.022259 0.032035
2 2 0.025233 0.088536 0.837064 0.020160 0.029006
2 2 0.023829 0.084286 0.844780 0.019723 0.027382
2 2 0.027810 0.089947 0.825009 0.025564 0.031671
2 2 0.035815 0.107878 0.784656 0.031003 0.040648
2 2 0.033988 0.101289 0.794119 0.032148 0.038457
2 2 0.046324 0.127801 0.745514 0.036066 0.044296
2 2 0.066671 0.148392 0.692092 0.043263 0.049582
2 1 0.120687 0.163930 0.605931 0.045588 0.063865
2 1 0.095914 0.150879 0.663218 0.038416 0.051573
2 2 0.074528 0.149552 0.690714 0.040150 0.045056
2 2 0.053821 0.127191 0.730138 0.035584 0.053266
2 2 0.078380 0.135647 0.653535 0.042224 0.090213
2 4 0.111815 0.166804 0.482745 0.029843 0.208793
4 4 0.130511 0.151908 0.119867 0.012400 0.585315
4 4 0.103108 0.120043 0.087029 0.005227 0.684593
4 4 0.088181 0.082278 0.064083 0.002138 0.763320
4 4 0.094066 0.086236 0.069111 0.002548 0.748038
4 4 0.082407 0.070401 0.056476 0.001500 0.789216
4 4 0.089476 0.079257 0.063789 0.002054 0.765423
4 4 0.089131 0.076234 0.062484 0.001916 0.770235
4 4 0.084036 0.062066 0.054289 0.001262 0.798347
4 4 0.105582 0.064618 0.066923 0.001892 0.760985
4 4 0.135721 0.059505 0.079888 0.002467 0.722419
4 4 0.136015 0.086349 0.094778 0.004630 0.678228
4 4 0.110745 0.104830 0.086833 0.004608 0.692984
4 4 0.091705 0.104243 0.073763 0.003384 0.726905
4 4 0.085151 0.129582 0.076667 0.004434 0.704166
4 4 0.081608 0.113093 0.069419 0.003264 0.732616
4 4 0.079742 0.100916 0.064615 0.002592 0.752135
4 4 0.075204 0.082485 0.056169 0.001700 0.784442
4 4 0.079239 0.094437 0.062362 0.002296 0.761667
4 4 0.068725 0.124376 0.062826 0.002988 0.741085
4 4 0.069279 0.150002 0.069068 0.004235 0.707415
4 4 0.106124 0.191910 0.112466 0.013857 0.575643
4 4 0.134676 0.180928 0.135084 0.019319 0.529993
4 1 0.253748 0.214787 0.125638 0.037077 0.368750
4 1 0.171673 0.271861 0.197848 0.049384 0.309234
2 1 0.103283 0.272409 0.379741 0.047986 0.196580
2 2 0.063294 0.202605 0.568569 0.031549 0.133983
2 2 0.043745 0.161621 0.691336 0.029679 0.073619
2 2 0.034005 0.119803 0.775009 0.025298 0.045887
2 2 0.030541 0.100720 0.809032 0.024396 0.035310
2 2 0.034187 0.116552 0.779123 0.026038 0.044100
2 2 0.032577 0.118455 0.780134 0.023881 0.044952
2 2 0.038826 0.148724 0.719427 0.022214 0.070810
2 2 0.040538 0.174808 0.675393 0.022963 0.086299
2 2 0.042456 0.189993 0.648260 0.024979 0.094313
2 2 0.034961 0.154012 0.722364 0.021826 0.066836
2 2 0.032813 0.131651 0.760686 0.022305 0.052544
2 2 0.027627 0.113885 0.797589 0.019073 0.041825
2 2 0.026275 0.112562 0.802413 0.017805 0.040946
2 2 0.029238 0.123318 0.780612 0.019612 0.047221
2 2 0.027633 0.121090 0.787302 0.018223 0.045751
2 2 0.028352 0.120776 0.786197 0.018998 0.045677
2 2 0.026877 0.106053 0.810170 0.019276 0.037623
2 2 0.027609 0.112317 0.799836 0.019252 0.040986
2 2 0.031472 0.122064 0.777499 0.022141 0.046824
2 2 0.029146 0.115314 0.792226 0.020524 0.042790
2 2 0.031372 0.128187 0.768899 0.021236 0.050306
2 2 0.027843 0.108836 0.804173 0.019968 0.039181
2 2 0.039662 0.142115 0.729808 0.027260 0.061154
2 2 0.032371 0.103579 0.800950 0.026137 0.036962
2 2 0.048269 0.141145 0.711604 0.038284 0.060698
2 2 0.046100 0.131009 0.731096 0.037754 0.054041
2 2 0.063231 0.191435 0.599093 0.045602 0.100638
2 2 0.053460 0.171534 0.653815 0.038517 0.082673
2 2 0.054173 0.169597 0.655199 0.039654 0.081378
2 2 0.035812 0.110089 0.784147 0.029184 0.040768
2 2 0.028403 0.086093 0.822517 0.030930 0.032057
2 2 0.019288 0.062396 0.870825 0.025738 0.021752
2 2 0.017500 0.052581 0.878555 0.031890 0.019474
2 2 0.017900 0.058357 0.878431 0.025142 0.020170
2 2 0.018444 0.059886 0.875430 0.025453 0.020787
2 2 0.017909 0.055658 0.877471 0.028921 0.020041
2 2 0.016152 0.053341 0.888152 0.024169 0.018187
2 2 0.013984 0.050124 0.901081 0.018933 0.015878
2 2 0.016230 0.057637 0.888134 0.019527 0.018473
2 2 0.016575 0.057347 0.886180 0.021094 0.018804
2 2 0.021628 0.064479 0.857036 0.032683 0.024174
2 2 0.019546 0.058737 0.867972 0.031930 0.021815
2 2 0.019053 0.055894 0.869649 0.034229 0.021175
2 2 0.011641 0.038339 0.912952 0.024073 0.012994
2 2 0.012955 0.042350 0.905491 0.024721 0.014484
2 2 0.013313 0.041552 0.902019 0.028321 0.014795
2 2 0.019990 0.052725 0.858846 0.046536 0.021903
2 2 0.020378 0.050143 0.850641 0.056721 0.022117
2 2 0.027489 0.061082 0.806317 0.075479 0.029633
2 2 0.024748 0.059447 0.828147 0.060754 0.026904
2 2 0.019728 0.044993 0.843937 0.070178 0.021162
2 2 0.017998 0.041477 0.853206 0.068029 0.019290
2 2 0.015590 0.040102 0.877707 0.049688 0.016913
2 2 0.018154 0.048978 0.869413 0.043548 0.019907
2 2 0.020353 0.055914 0.859881 0.041409 0.022443
2 2 0.024343 0.059971 0.832575 0.056563 0.026548
2 2 0.030340 0.072541 0.802704 0.061274 0.033141
2 2 0.028986 0.061640 0.793130 0.085147 0.031097
2 2 0.026323 0.050667 0.783506 0.111729 0.027775
2 2 0.027763 0.049582 0.757638 0.135983 0.029033
2 2 0.022455 0.043386 0.799966 0.110584 0.023608
2 2 0.021320 0.040558 0.800615 0.115169 0.022337
2 2 0.022298 0.043647 0.803782 0.106791 0.023481
2 2 0.029353 0.054282 0.761444 0.124031 0.030890
2 2 0.041718 0.078290 0.718294 0.117279 0.044419
2 2 0.034314 0.067383 0.756573 0.105162 0.036568
2 2 0.027715 0.054238 0.781871 0.106824 0.029352
2 2 0.024280 0.053391 0.818478 0.077801 0.026050
2 2 0.023778 0.047436 0.802117 0.101522 0.025148
2 2 0.021794 0.046434 0.823712 0.084847 0.023213
2 2 0.026205 0.056160 0.806079 0.083488 0.028068
2 2 0.019410 0.042942 0.840592 0.076334 0.020722
2 2 0.020943 0.041499 0.812235 0.103266 0.022057
2 2 0.029088 0.047385 0.721853 0.171597 0.030077
2 2 0.029728 0.042642 0.664896 0.232491 0.030243
2 2 0.028362 0.037716 0.629942 0.275440 0.028539
2 2 0.035919 0.067927 0.741963 0.116065 0.038126
2 2 0.042765 0.056919 0.586812 0.269981 0.043523
2 2 0.054887 0.063887 0.480884 0.344995 0.055346
2 2 0.070428 0.119272 0.593336 0.141859 0.075106
2 2 0.050781 0.063576 0.556328 0.285992 0.043322
2 2 0.041608 0.055889 0.594934 0.265207 0.042362
2 2 0.030916 0.048394 0.699848 0.188993 0.031849
2 2 0.043566 0.079125 0.703672 0.127404 0.046233
2 2 0.068748 0.146201 0.649593 0.071587 0.063872
2 2 0.040883 0.111815 0.760721 0.040659 0.045922
2 2 0.038050 0.114004 0.777089 0.030343 0.040513
2 2 0.030769 0.100430 0.808883 0.024731 0.035187
2 2 0.025454 0.079957 0.837829 0.027966 0.028794
2 2 0.028189 0.090883 0.823041 0.025788 0.032099
2 2 0.026902 0.089909 0.829197 0.023234 0.030757
2 2 0.018463 0.073049 0.872867 0.014196 0.021424
2 2 0.018535 0.073228 0.872477 0.014256 0.021505
2 2 0.021983 0.081007 0.854152 0.017500 0.025359
2 2 0.024850 0.087711 0.839039 0.019820 0.028579
2 2 0.035915 0.110279 0.783648 0.029276 0.040882
2 2 0.030708 0.100307 0.809189 0.024677 0.035118
2 2 0.022853 0.083557 0.849338 0.017893 0.026359
2 2 0.018420 0.072939 0.873106 0.014160 0.021375
2 2 0.022580 0.082932 0.850773 0.017662 0.026054
2 0 0.027934 0.094290 0.828984 0.020982 0.027810
2 1 0.021740 0.080982 0.855218 0.016949 0.025111
2 1 0.027489 0.093719 0.825379 0.021873 0.031539
2 2 0.027594 0.093940 0.824845 0.021964 0.031657
2 2 0.027382 0.093495 0.825922 0.021781 0.031421
2 2 0.022720 0.083253 0.850035 0.017781 0.026211
2 2 0.021723 0.080944 0.855306 0.016935 0.025093
2 2 0.022631 0.083048 0.850506 0.017705 0.026110
2 2 0.027907 0.094595 0.823257 0.022236 0.032005
2 2 0.022522 0.082798 0.851078 0.017613 0.025989
2 2 0.021256 0.079846 0.857789 0.016540 0.024568
2 1 0.030755 0.100401 0.808955 0.024718 0.035171
2 1 0.026960 0.092171 0.834711 0.019972 0.026186
2 2 0.022108 0.081394 0.859069 0.016036 0.021392
2 2 0.021589 0.080523 0.857477 0.016522 0.023889
2 2 0.024493 0.073519 0.842506 0.031988 0.027494
2 2 0.025896 0.078030 0.835360 0.031585 0.029129
2 2 0.033282 0.103177 0.797033 0.028652 0.037856
2 2 0.026096 0.090754 0.832495 0.020670 0.029986
2 2 0.023043 0.083992 0.848335 0.018056 0.026573
2 2 0.023649 0.085366 0.845161 0.018572 0.027252
2 2 0.021672 0.080824 0.855576 0.016892 0.025035
2 2 0.025552 0.089578 0.835289 0.020202 0.029379
2 2 0.024102 0.086380 0.842802 0.018958 0.027758
2 2 0.041441 0.114007 0.774202 0.029217 0.041133
2 0 0.206407 0.160703 0.503586 0.041731 0.087572
0 0 0.743824 0.072647 0.059702 0.022068 0.101760
0 0 0.800122 0.046449 0.052978 0.009459 0.090992
0 0 0.850716 0.032475 0.024663 0.007754 0.084392
0 0 0.849941 0.039183 0.024768 0.010677 0.075431
0 0 0.809187 0.061210 0.032027 0.021505 0.076071
0 0 0.798532 0.071631 0.032314 0.028201 0.069322
0 0 0.749490 0.080990 0.044861 0.032141 0.092518
0 0 0.696254 0.083781 0.056389 0.025749 0.137828
0 0 0.629146 0.098009 0.061781 0.021342 0.189723
0 0 0.617992 0.108634 0.063888 0.025283 0.184202
0 0 0.612057 0.119482 0.068449 0.034554 0.165458
0 0 0.634166 0.106151 0.073054 0.039917 0.146711
0 0 0.669627 0.089163 0.068065 0.033830 0.139316
0 0 0.653006 0.092306 0.073447 0.036288 0.144953
0 0 0.683390 0.091578 0.065069 0.036102 0.123861
0 1 0.587824 0.124018 0.121232 0.044708 0.122218
0 0 0.683999 0.091419 0.063305 0.036741 0.124535
0 0 0.720704 0.086434 0.052569 0.034689 0.105604
0 0 0.765788 0.075263 0.041375 0.028846 0.088728
0 0 0.752069 0.077480 0.045037 0.029720 0.095694
0 0 0.758151 0.081936 0.041073 0.031307 0.087532
0 0 0.701746 0.096006 0.046370 0.024060 0.131818
0 0 0.669552 0.103446 0.054212 0.027255 0.145534
0 0 0.575328 0.114219 0.073586 0.026117 0.210749
0 1 0.435812 0.140632 0.104355 0.030701 0.288500
4 1 0.297495 0.171640 0.115064 0.025987 0.389814
4 1 0.234119 0.185023 0.113505 0.021920 0.445432
4 1 0.180648 0.190613 0.135798 0.025318 0.467622
4 1 0.160326 0.201341 0.174443 0.032704 0.431186
4 1 0.126621 0.231483 0.268175 0.039112 0.334609
2 2 0.104783 0.238778 0.370233 0.043622 0.242584
2 2 0.067049 0.228413 0.525398 0.043124 0.136016
2 2 0.047630 0.172104 0.666173 0.032202 0.081891
2 2 0.055098 0.198224 0.606445 0.035971 0.104262
2 2 0.081068 0.223277 0.483137 0.039234 0.173283
2 2 0.232155 0.221555 0.261504 0.044613 0.240174
0 2 0.368520 0.168462 0.213524 0.050913 0.198580
0 0 0.540565 0.122431 0.120691 0.050597 0.165716
0 1 0.501692 0.148637 0.154473 0.059892 0.135306
0 1 0.397927 0.174979 0.240465 0.065226 0.121403
0 2 0.316974 0.184485 0.312792 0.067077 0.118672
2 2 0.195002 0.192088 0.444721 0.068919 0.099269
2 2 0.104720 0.195828 0.565139 0.065785 0.068527
2 2 0.038680 0.121801 0.767889 0.029000 0.042629
2 2 0.021003 0.079246 0.859140 0.016326 0.024284
2 2 0.014103 0.061503 0.897307 0.010602 0.016485
2 2 0.012909 0.058099 0.904231 0.009635 0.015126
2 2 0.010189 0.049848 0.920488 0.007460 0.012015
2 2 0.012906 0.058091 0.904247 0.009633 0.015123
2 2 0.012520 0.056964 0.906513 0.009321 0.014682
2 2 0.014038 0.061322 0.897678 0.010550 0.016412
2 2 0.012554 0.057063 0.906314 0.009348 0.014721
2 2 0.011930 0.055214 0.910001 0.008847 0.014008
2 2 0.013879 0.060874 0.898596 0.010421 0.016231
2 2 0.017384 0.070307 0.878805 0.013299 0.020206
2 2 0.015630 0.065693 0.888608 0.011851 0.018219
2 2 0.017318 0.071736 0.877134 0.013028 0.020784
2 2 0.016535 0.068099 0.883524 0.012597 0.019245
2 2 0.019002 0.074393 0.869926 0.014646 0.022032
2 2 0.018273 0.072570 0.873909 0.014038 0.021210
2 2 0.015565 0.065519 0.888971 0.011798 0.018146
2 2 0.014781 0.063385 0.893422 0.011156 0.017256
2 2 0.019099 0.074631 0.869404 0.014726 0.022140
2 2 0.016372 0.067669 0.884437 0.012462 0.019060
2 2 0.019434 0.075457 0.867583 0.015007 0.022518
2 2 0.017523 0.070664 0.878037 0.013414 0.020363
2 2 0.018393 0.072351 0.873492 0.014442 0.021322
2 2 0.014768 0.062490 0.893926 0.011608 0.017207
2 2 0.012501 0.049927 0.909475 0.013716 0.014381
2 2 0.011167 0.041813 0.917823 0.016508 0.012689
2 2 0.018263 0.072545 0.873964 0.014029 0.021198
2 2 0.024704 0.056560 0.822538 0.069528 0.026670
2 2 0.040386 0.077020 0.726900 0.112636 0.043058
2 2 0.043614 0.122092 0.749606 0.035247 0.049440
2 4 0.082118 0.139448 0.599081 0.088998 0.090355
4 4 0.168154 0.182447 0.245848 0.037997 0.365553
4 4 0.136578 0.135767 0.118008 0.010765 0.598881
4 4 0.084705 0.109995 0.070715 0.003290 0.731294
4 4 0.077178 0.088575 0.059262 0.001985 0.772999
4 4 0.095683 0.071361 0.064385 0.001913 0.766658
4 4 0.114270 0.058007 0.068200 0.001797 0.757726
4 4 0.090053 0.053474 0.053858 0.001103 0.801513
4 4 0.086040 0.075571 0.060428 0.001793 0.776169
4 4 0.087867 0.054289 0.053117 0.001089 0.803637
4 4 0.102773 0.068271 0.067042 0.001985 0.759929
4 4 0.140498 0.067801 0.087285 0.003242 0.701174
4 4 0.196743 0.080021 0.118867 0.007295 0.597074
4 4 0.274581 0.089180 0.134612 0.013006 0.488621
4 4 0.317758 0.083372 0.098428 0.008368 0.492074
4 4 0.190271 0.070378 0.100162 0.004807 0.634382
4 4 0.142305 0.059424 0.083166 0.002663 0.712442
4 4 0.130520 0.060299 0.077712 0.002364 0.729105
4 4 0.131099 0.057036 0.076094 0.002175 0.733596
4 4 0.123328 0.062454 0.075206 0.002284 0.736728
4 4 0.089526 0.070197 0.060447 0.001687 0.778143
4 4 0.080061 0.069480 0.054812 0.001409 0.794239
4 4 0.082689 0.066544 0.055239 0.001377 0.794151
4 4 0.100297 0.069232 0.066088 0.001956 0.762427
4 4 0.105149 0.065485 0.067089 0.001921 0.760356
4 4 0.082717 0.093068 0.064181 0.002385 0.757648
4 4 0.087526 0.107765 0.065720 0.002936 0.736054
4 4 0.097001 0.109796 0.079235 0.004043 0.709926
4 4 0.084224 0.083015 0.061913 0.002027 0.768821
4 4 0.069969 0.071395 0.049608 0.001214 0.807814
4 4 0.082021 0.049520 0.048181 0.000855 0.819423
4 4 0.094197 0.052858 0.055637 0.001157 0.796152
4 4 0.108351 0.050608 0.061388 0.001332 0.778321
4 4 0.113841 0.050495 0.063940 0.001432 0.770292
4 4 0.141928 0.043614 0.072322 0.001612 0.740524
4 4 0.163247 0.039176 0.077834 0.001719 0.718024
4 4 0.189616 0.039191 0.084451 0.002085 0.684657
4 4 0.158096 0.042170 0.078200 0.001829 0.719705
4 4 0.145552 0.058257 0.084053 0.002678 0.709459
4 4 0.157477 0.052591 0.085968 0.002592 0.701372
4 4 0.122600 0.048954 0.067162 0.001530 0.759753
4 4 0.115207 0.043952 0.060769 0.001173 0.778899
4 4 0.130264 0.034179 0.060418 0.000961 0.774179
4 4 0.182541 0.041470 0.088005 0.002290 0.685694
4 4 0.237497 0.039599 0.090633 0.002677 0.629594
4 4 0.245659 0.045692 0.072696 0.002289 0.633664
4 4 0.147880 0.039669 0.061575 0.001197 0.749679
4 4 0.161841 0.043256 0.080707 0.001982 0.712214
4 4 0.179755 0.042966 0.088200 0.002358 0.686721
4 4 0.182958 0.053158 0.082180 0.002648 0.679055
4 4 0.220144 0.047632 0.057848 0.001609 0.672767
4 4 0.148133 0.035238 0.068324 0.001237 0.747068
4 4 0.139474 0.028510 0.059181 0.000810 0.772026
4 4 0.183486 0.035664 0.082695 0.001816 0.696339
4 4 0.298160 0.050029 0.107734 0.005244 0.538833
4 4 0.318953 0.043712 0.110910 0.005107 0.521318
4 4 0.282617 0.043760 0.105882 0.004255 0.563486
4 4 0.226193 0.032724 0.095906 0.002345 0.642832
4 4 0.296452 0.027991 0.090333 0.002260 0.582963
4 4 0.238792 0.027019 0.092536 0.001923 0.639730
4 4 0.423104 0.040266 0.086967 0.004520 0.445143
4 4 0.367204 0.047349 0.095153 0.005086 0.485208
0 4 0.472190 0.050177 0.075390 0.005436 0.396808
4 4 0.283070 0.049678 0.064411 0.002326 0.600514
4 4 0.153800 0.053589 0.048493 0.001175 0.742943
4 4 0.144561 0.050017 0.078063 0.002067 0.725293
4 4 0.219650 0.038897 0.100877 0.002928 0.637647
4 4 0.248865 0.042838 0.118176 0.004461 0.585660
4 4 0.182316 0.046082 0.092140 0.002710 0.676751
4 4 0.112250 0.058109 0.067230 0.001752 0.760659
4 4 0.063440 0.056701 0.041342 0.000736 0.837781
4 4 0.069640 0.070058 0.049002 0.001170 0.810130
4 4 0.070716 0.063402 0.047488 0.001020 0.817374
4 4 0.082850 0.077244 0.059125 0.001758 0.779024
4 4 0.068115 0.108616 0.058589 0.002334 0.762347
4 4 0.073966 0.161545 0.075618 0.005372 0.683499
4 4 0.085506 0.205836 0.096573 0.011043 0.601041
4 4 0.084829 0.159223 0.084337 0.006470 0.665141
4 4 0.113078 0.100382 0.086637 0.004418 0.695486
4 4 0.145370 0.044501 0.074485 0.001731 0.733913
4 4 0.169797 0.034773 0.076424 0.001524 0.717482
4 4 0.174203 0.048718 0.090746 0.002733 0.683600
4 4 0.166624 0.060553 0.082434 0.002886 0.687504
4 4 0.087884 0.107184 0.072079 0.003327 0.729526
4 4 0.083029 0.174825 0.086698 0.007506 0.647941
4 4 0.102632 0.210965 0.114944 0.016112 0.555348
2 4 0.087930 0.235157 0.347710 0.021974 0.307229
2 4 0.082395 0.254915 0.324523 0.022386 0.315782
2 4 0.083140 0.254628 0.345276 0.025066 0.291890
4 1 0.099328 0.250347 0.278670 0.027862 0.343793
4 1 0.082094 0.275645 0.307309 0.027334 0.307617
4 1 0.080101 0.273481 0.309049 0.025177 0.312192
2 1 0.070675 0.228845 0.463616 0.023267 0.213597
2 1 0.065972 0.222402 0.494474 0.022391 0.194761
2 1 0.059888 0.211644 0.534850 0.020632 0.172985
2 1 0.049672 0.203205 0.584616 0.018476 0.144031
2 1 0.051168 0.204503 0.575251 0.018283 0.150795
2 1 0.051241 0.194027 0.604573 0.021461 0.128697
2 1 0.064423 0.204980 0.534350 0.021752 0.174494
2 1 0.077073 0.236409 0.403528 0.021654 0.261335
2 1 0.074176 0.248460 0.390633 0.021991 0.264740
2 1 0.059946 0.228382 0.506167 0.021807 0.183698
2 1 0.033443 0.148932 0.731046 0.018434 0.068145
2 1 0.030405 0.135835 0.759735 0.019368 0.054658
2 1 0.032632 0.143040 0.744146 0.020767 0.059416
2 1 0.036295 0.153872 0.719706 0.023137 0.066990
2 1 0.034989 0.148685 0.730491 0.022450 0.063385
2 2 0.030235 0.125090 0.775876 0.020434 0.048365
2 2 0.027509 0.112694 0.799526 0.019096 0.041175
2 2 0.022128 0.090173 0.842285 0.016095 0.029319
2 2 0.025506 0.106207 0.812989 0.017759 0.037539
2 2 0.028111 0.113247 0.797421 0.019674 0.041546
2 2 0.041148 0.143771 0.724255 0.029556 0.061270
2 2 0.047689 0.145289 0.706734 0.033592 0.066696
2 2 0.054681 0.139280 0.698730 0.032132 0.075177
2 2 0.042686 0.145597 0.717912 0.030250 0.063554
2 2 0.063445 0.203675 0.550438 0.024508 0.157933
2 2 0.060409 0.255924 0.486945 0.033384 0.163338
