2 0 0.179337 0.220009 0.234940 0.190751 0.174963
4 0 0.187520 0.230522 0.164654 0.070569 0.346735
4 0 0.198380 0.236274 0.169673 0.086377 0.309297
1 0 0.217080 0.241998 0.175749 0.128195 0.236978
4 0 0.153225 0.176114 0.181248 0.033376 0.456037
4 0 0.129551 0.174418 0.139792 0.023372 0.532868
4 0 0.108191 0.126819 0.160776 0.012890 0.591325
4 0 0.127126 0.154835 0.161750 0.020756 0.535533
4 0 0.144890 0.186632 0.153060 0.031171 0.484247
4 0 0.178006 0.224737 0.161148 0.061360 0.374748
4 1 0.189877 0.232053 0.169892 0.081022 0.327156
1 1 0.213695 0.238246 0.180270 0.149629 0.218159
3 2 0.177800 0.191447 0.198734 0.339615 0.092404
3 2 0.131439 0.152761 0.214285 0.446675 0.054840
1 2 0.207135 0.227265 0.189662 0.209210 0.166728
1 2 0.223786 0.230626 0.175626 0.218702 0.151261
1 2 0.207497 0.227007 0.200155 0.213279 0.152062
2 2 0.140297 0.216468 0.312378 0.238982 0.091876
2 2 0.058719 0.085816 0.735223 0.056091 0.064152
2 2 0.035970 0.052705 0.832317 0.035569 0.043439
2 2 0.038590 0.055116 0.817212 0.045253 0.043829
2 2 0.106414 0.111166 0.550363 0.145379 0.086678
3 2 0.193464 0.195518 0.231015 0.263328 0.116675
3 2 0.204446 0.195419 0.159408 0.356712 0.084015
3 1 0.181694 0.166762 0.142665 0.452770 0.056108
3 1 0.183836 0.170542 0.145928 0.439755 0.059938
3 1 0.138156 0.118889 0.109694 0.606153 0.027108
3 1 0.149353 0.130610 0.118255 0.568964 0.032819
3 0 0.213319 0.208048 0.165748 0.311876 0.101010
3 0 0.195156 0.183241 0.152634 0.398236 0.070734
3 1 0.190623 0.177563 0.149294 0.417200 0.065320
1 1 0.228330 0.238749 0.175288 0.181120 0.176512
4 0 0.181601 0.226897 0.161618 0.063420 0.366464
4 0 0.215756 0.241865 0.175487 0.124188 0.242704
4 0 0.212595 0.241326 0.174723 0.115504 0.255852
4 0 0.073448 0.105696 0.103344 0.005861 0.711650
4 1 0.076761 0.126976 0.086231 0.007358 0.702674
4 1 0.076092 0.126147 0.085636 0.007219 0.704906
4 1 0.082755 0.134278 0.091489 0.008669 0.682809
4 2 0.125959 0.171658 0.139727 0.022955 0.539701
4 2 0.139731 0.164062 0.176545 0.027078 0.492584
4 2 0.102125 0.107493 0.182469 0.010301 0.597611
4 2 0.112720 0.117207 0.231821 0.016015 0.522237
4 2 0.126745 0.128183 0.213651 0.018346 0.513074
2 2 0.123506 0.138174 0.419564 0.039963 0.278794
2 2 0.092742 0.120741 0.610175 0.056444 0.119897
2 2 0.013308 0.028717 0.924960 0.016926 0.016089
2 2 0.011610 0.027145 0.927560 0.021129 0.012556
2 2 0.013412 0.030679 0.910431 0.032930 0.012548
2 2 0.020173 0.040029 0.832739 0.094735 0.012323
2 2 0.019299 0.041543 0.820417 0.108088 0.010653
2 2 0.025804 0.047457 0.743985 0.170452 0.012301
2 2 0.035763 0.059953 0.681541 0.204871 0.017872
2 2 0.039127 0.063704 0.560862 0.321386 0.014921
2 3 0.032432 0.061115 0.535700 0.360325 0.010428
2 3 0.036068 0.065406 0.523156 0.363555 0.011814
2 3 0.033760 0.061647 0.546257 0.347209 0.011128
2 3 0.025329 0.045561 0.542072 0.379695 0.007344
2 3 0.032465 0.057816 0.493039 0.406914 0.009767
2 3 0.026910 0.053611 0.521114 0.390670 0.007695
2 3 0.020427 0.043422 0.478376 0.452965 0.004811
3 3 0.017438 0.035960 0.372080 0.571234 0.003287
3 3 0.019136 0.035262 0.353666 0.588308 0.003629
3 3 0.017540 0.030591 0.219825 0.729403 0.002641
3 3 0.025006 0.044056 0.287751 0.638278 0.004909
3 3 0.022066 0.044699 0.307251 0.621726 0.004258
3 3 0.021842 0.045193 0.432335 0.495493 0.005137
3 3 0.027397 0.053435 0.430703 0.481448 0.007017
3 3 0.038611 0.062954 0.400220 0.487387 0.010828
3 3 0.032227 0.052440 0.370320 0.537225 0.007787
3 3 0.021141 0.035624 0.221899 0.717862 0.003475
3 3 0.021967 0.032433 0.159094 0.783302 0.003204
3 3 0.017506 0.028868 0.167840 0.783452 0.002334
3 3 0.022482 0.036987 0.188482 0.748627 0.003423
3 3 0.023117 0.031806 0.144022 0.797761 0.003294
3 3 0.026468 0.034332 0.142795 0.792325 0.004081
3 3 0.032578 0.041770 0.155549 0.764473 0.005630
3 3 0.037595 0.053273 0.194187 0.707555 0.007389
3 3 0.035016 0.055667 0.226562 0.675590 0.007164
3 3 0.032195 0.051869 0.230006 0.679688 0.006242
3 3 0.030926 0.040021 0.153862 0.769984 0.005208
3 3 0.030523 0.038369 0.141941 0.784359 0.004809
3 3 0.036763 0.045375 0.149807 0.761753 0.006302
3 3 0.032545 0.039988 0.138154 0.784239 0.005074
3 3 0.021108 0.026252 0.111228 0.838871 0.002541
3 3 0.026175 0.032674 0.127453 0.810040 0.003659
3 3 0.024574 0.030957 0.126066 0.815037 0.003366
3 3 0.037588 0.046390 0.151638 0.757841 0.006543
3 3 0.034083 0.042242 0.145256 0.772820 0.005599
3 3 0.022008 0.027195 0.111931 0.836184 0.002682
3 3 0.023328 0.029002 0.117845 0.826831 0.002995
3 3 0.023747 0.030375 0.129001 0.813582 0.003295
3 3 0.019756 0.026174 0.127906 0.823527 0.002638
3 3 0.022369 0.029852 0.133657 0.811078 0.003045
3 3 0.018595 0.024045 0.115249 0.839855 0.002256
3 3 0.017361 0.022489 0.111221 0.846905 0.002024
3 3 0.016593 0.021507 0.108458 0.851560 0.001882
3 3 0.017813 0.023295 0.116006 0.840728 0.002158
3 3 0.049865 0.059543 0.179790 0.700419 0.010383
3 3 0.113192 0.125826 0.199428 0.524874 0.036680
1 3 0.221028 0.230904 0.177468 0.212861 0.157738
3 2 0.225285 0.228961 0.173803 0.229382 0.142569
1 1 0.228284 0.238391 0.175292 0.183166 0.174867
1 2 0.228330 0.238749 0.175288 0.181120 0.176512
1 2 0.227575 0.236628 0.175426 0.192128 0.168243
3 1 0.220723 0.227397 0.177678 0.231136 0.143065
1 1 0.220899 0.231500 0.177775 0.209391 0.160435
1 1 0.212126 0.239801 0.178132 0.130318 0.239623
1 1 0.220346 0.238512 0.178593 0.165750 0.196800
1 2 0.214403 0.240339 0.177846 0.133964 0.233448
4 2 0.195878 0.235066 0.168589 0.082367 0.318100
4 2 0.157696 0.209555 0.147710 0.041456 0.443583
4 2 0.140791 0.178804 0.154988 0.028162 0.497255
4 2 0.131959 0.158075 0.165785 0.022312 0.521870
4 2 0.163828 0.184120 0.190764 0.041015 0.420274
2 2 0.124930 0.132295 0.484207 0.075239 0.183329
2 2 0.117071 0.124963 0.530644 0.072638 0.154684
2 2 0.095900 0.102207 0.603844 0.069864 0.128185
4 2 0.156926 0.129516 0.314897 0.031950 0.366710
2 2 0.102300 0.165798 0.507691 0.102328 0.121883
4 2 0.157734 0.140695 0.311752 0.043022 0.346797
4 2 0.134362 0.127534 0.228262 0.020032 0.489810
4 2 0.155768 0.192554 0.163875 0.037300 0.450503
4 2 0.133248 0.160176 0.165390 0.022992 0.518195
4 2 0.145692 0.199487 0.139899 0.033366 0.481556
4 2 0.134378 0.153073 0.207260 0.026472 0.478816
4 2 0.135181 0.142116 0.275907 0.032782 0.414014
2 2 0.137771 0.139362 0.378443 0.059573 0.284851
2 2 0.050667 0.073636 0.765960 0.049286 0.060452
2 2 0.036319 0.046741 0.838782 0.029731 0.048427
2 2 0.054475 0.058747 0.771604 0.036507 0.078667
2 2 0.082525 0.087139 0.640975 0.049031 0.140330
2 2 0.091997 0.096242 0.590756 0.060666 0.160339
2 2 0.128839 0.130768 0.426301 0.073299 0.240793
2 2 0.155142 0.173468 0.300072 0.076709 0.294610
4 2 0.139058 0.155338 0.245886 0.034868 0.424850
4 2 0.121244 0.129986 0.252339 0.022556 0.473874
4 2 0.140016 0.140902 0.289904 0.035101 0.394077
2 2 0.132136 0.128175 0.383402 0.046609 0.309679
2 2 0.070935 0.087928 0.697556 0.055683 0.087898
2 2 0.052414 0.073476 0.770584 0.038892 0.064634
2 2 0.033426 0.057671 0.839307 0.029058 0.040538
2 2 0.048555 0.071091 0.778082 0.041519 0.060753
2 2 0.035690 0.053158 0.828113 0.042578 0.040461
2 2 0.038592 0.064012 0.767171 0.101753 0.028472
2 2 0.027352 0.058489 0.770714 0.128118 0.015328
2 2 0.014737 0.042395 0.841843 0.093321 0.007705
2 2 0.013149 0.035890 0.877091 0.066018 0.007853
2 2 0.023403 0.048881 0.818585 0.094664 0.014467
2 2 0.031821 0.057301 0.789445 0.099354 0.022079
2 2 0.040209 0.063845 0.757333 0.111531 0.027082
2 2 0.078348 0.086640 0.628572 0.145121 0.061319
2 2 0.177165 0.181320 0.311933 0.152171 0.177411
2 2 0.140648 0.154653 0.409875 0.077918 0.216906
2 2 0.085219 0.121064 0.617947 0.091922 0.083848
2 2 0.023441 0.044977 0.875319 0.030083 0.026179
2 2 0.009204 0.023464 0.941419 0.015537 0.010376
2 2 0.013646 0.033243 0.912762 0.026531 0.013818
2 2 0.026203 0.050884 0.822147 0.082578 0.018189
2 2 0.034126 0.058121 0.746628 0.141682 0.019443
2 2 0.029783 0.053509 0.722008 0.180552 0.014147
2 2 0.044164 0.069903 0.633047 0.231662 0.021224
2 2 0.049301 0.070674 0.504441 0.356824 0.018760
2 2 0.046926 0.067172 0.452744 0.417081 0.016077
3 2 0.047108 0.078941 0.389915 0.468918 0.015118
2 2 0.025343 0.054317 0.596061 0.316107 0.008171
3 2 0.021545 0.042331 0.412199 0.519263 0.004661
3 2 0.024248 0.041475 0.310836 0.618700 0.004740
3 3 0.025204 0.036380 0.163967 0.770533 0.003915
3 3 0.024323 0.033175 0.147322 0.791564 0.003616
3 3 0.024845 0.037424 0.173495 0.760355 0.003881
3 3 0.024062 0.042356 0.223796 0.705589 0.004197
3 3 0.022986 0.042443 0.235772 0.694785 0.004014
3 3 0.030186 0.049585 0.277261 0.636759 0.006209
3 3 0.029447 0.046178 0.212329 0.706591 0.005455
3 3 0.031937 0.044092 0.218014 0.699861 0.006095
3 3 0.033071 0.048539 0.195243 0.716898 0.006249
3 3 0.020571 0.027360 0.132418 0.816805 0.002846
3 3 0.023739 0.030759 0.133733 0.808374 0.003395
3 3 0.020984 0.026864 0.120311 0.829150 0.002691
3 3 0.019368 0.024839 0.115338 0.838088 0.002367
3 3 0.022955 0.031257 0.145514 0.796864 0.003410
3 3 0.034601 0.050506 0.199103 0.709010 0.006780
3 3 0.033584 0.048447 0.193954 0.717523 0.006491
3 3 0.027116 0.035257 0.145757 0.787597 0.004274
3 3 0.037032 0.045752 0.150830 0.759991 0.006395
3 3 0.034399 0.043362 0.153009 0.763305 0.005924
3 3 0.023609 0.039954 0.201727 0.730956 0.003753
3 3 0.019438 0.032609 0.184428 0.760683 0.002842
3 3 0.019963 0.028557 0.142041 0.806779 0.002660
3 3 0.019092 0.025015 0.121498 0.831965 0.002429
3 3 0.022619 0.028708 0.122675 0.823013 0.002985
3 3 0.025943 0.033313 0.137261 0.799630 0.003853
3 3 0.022576 0.030120 0.131984 0.812315 0.003005
3 3 0.030254 0.037364 0.134432 0.793406 0.004544
3 3 0.027756 0.034573 0.131052 0.802604 0.004014
3 3 0.018125 0.023452 0.113728 0.842529 0.002167
3 3 0.019489 0.025307 0.119897 0.832845 0.002461
3 3 0.016777 0.022252 0.116540 0.842410 0.002021
3 3 0.016707 0.023643 0.130361 0.827199 0.002090
3 3 0.013395 0.021184 0.141158 0.822670 0.001594
3 3 0.012824 0.017384 0.105619 0.862803 0.001369
3 3 0.013503 0.018179 0.106822 0.860031 0.001466
3 3 0.028313 0.035665 0.136775 0.794986 0.004261
3 3 0.031626 0.039933 0.146621 0.776661 0.005160
3 3 0.028514 0.035969 0.137871 0.793319 0.004326
3 3 0.022724 0.028495 0.118902 0.826954 0.002925
3 3 0.015948 0.020514 0.103636 0.858169 0.001734
3 3 0.015541 0.020039 0.102765 0.859985 0.001671
3 3 0.019173 0.024519 0.113731 0.840263 0.002313
3 3 0.019798 0.025002 0.111849 0.840982 0.002369
3 3 0.024781 0.030730 0.121188 0.820010 0.003290
3 3 0.021944 0.027392 0.114992 0.832940 0.002732
3 3 0.016874 0.021828 0.108923 0.850450 0.001926
3 3 0.017399 0.023493 0.119363 0.837676 0.002070
3 3 0.015857 0.021023 0.112565 0.848714 0.001840
3 3 0.025242 0.031927 0.129512 0.809767 0.003553
3 3 0.021771 0.028096 0.125739 0.821479 0.002913
3 3 0.023449 0.030534 0.128802 0.814084 0.003132
3 3 0.027456 0.034342 0.131450 0.802786 0.003966
3 3 0.035830 0.043394 0.140116 0.774896 0.005765
3 3 0.023836 0.029369 0.116347 0.827408 0.003039
3 3 0.016415 0.020724 0.099960 0.861160 0.001742
3 3 0.015962 0.020435 0.102291 0.859595 0.001717
3 3 0.015386 0.019761 0.100998 0.862227 0.001629
3 3 0.025790 0.032440 0.129096 0.809041 0.003634
3 3 0.019886 0.026583 0.126512 0.824466 0.002552
3 3 0.012583 0.016206 0.090192 0.879837 0.001182
3 3 0.014646 0.018625 0.095319 0.869939 0.001470
3 3 0.027977 0.034288 0.125790 0.808029 0.003916
3 3 0.024976 0.031502 0.127710 0.812344 0.003468
3 3 0.016970 0.021962 0.109425 0.849697 0.001946
3 3 0.031039 0.038777 0.140857 0.784453 0.004874
3 3 0.050418 0.060060 0.161483 0.718106 0.009933
3 3 0.126946 0.140569 0.203407 0.483677 0.045401
3 2 0.203771 0.214082 0.191430 0.272351 0.118367
1 2 0.228472 0.234761 0.181764 0.173963 0.181041
1 2 0.228330 0.238749 0.175288 0.181120 0.176512
4 2 0.215036 0.222064 0.200453 0.110120 0.252328
1 2 0.188856 0.258638 0.220254 0.115071 0.217182
2 2 0.077819 0.133158 0.610221 0.113827 0.064976
2 2 0.108332 0.146098 0.559802 0.047815 0.137953
2 2 0.103204 0.171653 0.549225 0.074952 0.100966
2 2 0.150253 0.216350 0.392223 0.104141 0.137033
2 2 0.177812 0.203388 0.341266 0.103662 0.173873
2 2 0.181496 0.221859 0.311563 0.122242 0.162840
2 2 0.101960 0.180661 0.530674 0.097240 0.089465
2 2 0.056443 0.130962 0.686399 0.079062 0.047135
2 2 0.019868 0.053369 0.875347 0.032288 0.019129
2 4 0.028397 0.062757 0.846191 0.026787 0.035868
2 4 0.054515 0.095919 0.701698 0.019532 0.128336
2 4 0.096810 0.131164 0.422938 0.017047 0.332041
2 4 0.094168 0.145660 0.431048 0.018349 0.310776
4 4 0.108286 0.147644 0.345864 0.019400 0.378806
4 4 0.117650 0.126140 0.203289 0.015299 0.537622
4 4 0.096341 0.098944 0.184564 0.008750 0.611400
4 4 0.114116 0.115647 0.199540 0.013383 0.557314
4 4 0.122696 0.117037 0.232951 0.015867 0.511450
4 4 0.135279 0.143347 0.235972 0.022999 0.462403
4 4 0.126034 0.133340 0.215547 0.018387 0.506693
4 4 0.131156 0.138948 0.228270 0.020862 0.480764
4 4 0.142263 0.160594 0.183296 0.026404 0.487443
4 4 0.145907 0.192960 0.147212 0.032443 0.481477
4 4 0.124372 0.148379 0.164045 0.018892 0.544313
4 4 0.111656 0.109395 0.207216 0.012377 0.559357
4 4 0.160606 0.144072 0.311688 0.046534 0.337100
4 4 0.208433 0.240230 0.173480 0.105573 0.272284
4 4 0.198048 0.236118 0.169532 0.085830 0.310473
4 4 0.198387 0.236277 0.169676 0.086389 0.309271
4 4 0.197952 0.236073 0.169491 0.085674 0.310810
4 4 0.061344 0.097270 0.082965 0.004187 0.754234
4 4 0.069076 0.117303 0.079307 0.005866 0.728448
4 4 0.057543 0.090106 0.081985 0.003577 0.766788
4 4 0.053153 0.088695 0.072069 0.003158 0.782925
4 4 0.066533 0.108508 0.082684 0.005181 0.737094
4 4 0.081713 0.124138 0.100086 0.007925 0.686140
4 4 0.104963 0.122249 0.160489 0.011868 0.600432
4 4 0.102642 0.137671 0.130655 0.012534 0.616498
4 4 0.097215 0.108605 0.165215 0.009483 0.619482
4 4 0.072937 0.087206 0.133679 0.004967 0.701210
4 4 0.078532 0.089401 0.147705 0.005707 0.678655
4 4 0.073451 0.093221 0.123392 0.005289 0.704647
4 4 0.078114 0.094531 0.135422 0.005899 0.686034
4 4 0.089047 0.115061 0.130469 0.008523 0.656899
4 4 0.103424 0.138050 0.131913 0.012728 0.613885
4 4 0.109473 0.164449 0.113524 0.016358 0.596195
4 4 0.102020 0.139237 0.127188 0.012524 0.619031
4 4 0.083726 0.114683 0.117192 0.007693 0.676706
4 4 0.080762 0.098878 0.135150 0.006446 0.678763
4 4 0.074622 0.080850 0.154632 0.004877 0.685019
4 4 0.090464 0.089403 0.189657 0.007299 0.623177
4 4 0.090963 0.080513 0.219825 0.006928 0.601772
4 4 0.090426 0.089393 0.339894 0.008687 0.471600
4 4 0.097340 0.105969 0.332634 0.011298 0.452759
4 4 0.107163 0.128269 0.354628 0.016712 0.393229
2 2 0.090799 0.127281 0.473918 0.016665 0.291337
2 2 0.070116 0.129673 0.629745 0.023938 0.146529
2 2 0.064601 0.128897 0.657984 0.024991 0.123527
2 2 0.057127 0.113375 0.707282 0.021935 0.100281
2 2 0.073701 0.126242 0.634260 0.023203 0.142595
2 2 0.078221 0.132996 0.605928 0.023749 0.159106
2 2 0.094754 0.151139 0.539867 0.030229 0.184011
2 2 0.098028 0.146671 0.523177 0.028362 0.203762
2 2 0.069676 0.114929 0.663774 0.021825 0.129796
2 2 0.055537 0.091246 0.733553 0.016533 0.103130
2 2 0.042725 0.072420 0.796131 0.015037 0.073686
2 2 0.036353 0.066069 0.817885 0.012723 0.066969
2 2 0.026806 0.055125 0.859430 0.009638 0.049001
2 2 0.031545 0.068324 0.829212 0.011637 0.059281
2 2 0.034290 0.072765 0.817778 0.014524 0.060643
2 2 0.034137 0.069346 0.822434 0.017470 0.056613
2 2 0.021901 0.046244 0.885473 0.017390 0.028991
2 2 0.016585 0.038125 0.909335 0.014804 0.021151
2 2 0.014663 0.036213 0.917411 0.013087 0.018626
2 2 0.015396 0.038287 0.913686 0.012933 0.019698
2 2 0.019124 0.043217 0.898227 0.014480 0.024953
2 2 0.018124 0.043087 0.900837 0.015149 0.022803
2 2 0.014334 0.035505 0.918259 0.014230 0.017671
2 2 0.016352 0.036537 0.910954 0.015616 0.020542
2 2 0.020249 0.045870 0.890237 0.019411 0.024233
2 2 0.023604 0.053665 0.874174 0.020240 0.028316
2 2 0.020044 0.044060 0.894356 0.015391 0.026149
2 2 0.025760 0.050635 0.870017 0.016443 0.037145
2 2 0.023647 0.052054 0.872880 0.022433 0.028986
2 2 0.038292 0.070932 0.811707 0.036141 0.042928
2 2 0.055871 0.079192 0.754071 0.043999 0.066867
2 2 0.150668 0.149030 0.419365 0.078327 0.202611
2 1 0.208082 0.191384 0.259272 0.108743 0.232518
2 1 0.210152 0.197650 0.253744 0.129776 0.208679
2 2 0.195127 0.190400 0.307848 0.107966 0.198659
2 2 0.106181 0.154816 0.555090 0.075177 0.108735
2 2 0.047516 0.102821 0.760059 0.039397 0.050207
2 2 0.016032 0.055505 0.893423 0.018465 0.016576
2 2 0.026630 0.078112 0.840620 0.027629 0.027009
2 2 0.029899 0.078170 0.833294 0.026278 0.032359
2 2 0.034574 0.085845 0.809158 0.035257 0.035165
2 2 0.015683 0.057183 0.888597 0.023867 0.014670
2 2 0.019805 0.074588 0.852446 0.036765 0.016396
2 2 0.021682 0.064626 0.861900 0.031186 0.020606
2 2 0.033362 0.082718 0.808986 0.043228 0.031706
2 2 0.026200 0.074490 0.839262 0.035240 0.024809
2 2 0.023483 0.071759 0.848285 0.034937 0.021535
2 2 0.034228 0.081646 0.808873 0.041896 0.033357
2 2 0.050418 0.101713 0.737013 0.063950 0.046907
2 2 0.125013 0.154790 0.478337 0.138655 0.103205
1 1 0.220766 0.227917 0.194881 0.186916 0.169520
1 1 0.226578 0.240182 0.175930 0.168747 0.188563
1 2 0.228276 0.238805 0.175315 0.180690 0.176914
2 2 0.189822 0.199775 0.297488 0.138780 0.174134
2 2 0.151926 0.199590 0.388606 0.115305 0.144573
2 2 0.076896 0.141340 0.645368 0.058168 0.078228
2 2 0.051908 0.121168 0.730523 0.044667 0.051733
2 2 0.038380 0.099869 0.787314 0.035827 0.038610
2 2 0.034163 0.092537 0.800668 0.039634 0.032998
2 2 0.042098 0.089269 0.786480 0.036897 0.045256
2 2 0.040830 0.081064 0.795133 0.039044 0.043930
2 2 0.097036 0.131981 0.599172 0.065645 0.106166
2 2 0.118077 0.152467 0.519983 0.090894 0.118579
2 2 0.204090 0.183346 0.297440 0.097028 0.218096
2 2 0.192527 0.235984 0.250539 0.170209 0.150742
2 2 0.210091 0.174162 0.291853 0.114569 0.209324
1 2 0.223292 0.225477 0.198455 0.136040 0.216736
1 0 0.228330 0.238749 0.175288 0.181120 0.176512
1 1 0.228330 0.238749 0.175288 0.181120 0.176512
1 2 0.228330 0.238749 0.175288 0.181120 0.176512
1 2 0.219173 0.242073 0.176081 0.135092 0.227580
4 2 0.168576 0.185251 0.194913 0.043603 0.407656
2 2 0.102538 0.143598 0.519200 0.029703 0.204961
2 2 0.052408 0.095921 0.756755 0.030743 0.064172
2 2 0.036484 0.078391 0.815857 0.026439 0.042829
2 2 0.024774 0.064431 0.861405 0.021191 0.028198
2 2 0.018108 0.049131 0.895134 0.016275 0.021353
2 2 0.019501 0.051842 0.888339 0.017512 0.022807
2 2 0.015112 0.041968 0.909872 0.015424 0.017624
2 2 0.016018 0.046211 0.902466 0.017425 0.017880
2 2 0.023526 0.061387 0.865737 0.023650 0.025699
2 2 0.029273 0.075855 0.830006 0.036225 0.028641
2 2 0.025434 0.066553 0.847290 0.036286 0.024437
2 2 0.012302 0.040999 0.911457 0.023698 0.011545
2 2 0.011006 0.039553 0.920385 0.018248 0.010808
2 2 0.009936 0.037079 0.925400 0.018024 0.009562
2 2 0.014136 0.044097 0.905562 0.022135 0.014070
2 2 0.010725 0.033342 0.924214 0.021237 0.010482
2 2 0.013340 0.040543 0.904861 0.029056 0.012201
2 2 0.020792 0.058601 0.858434 0.044258 0.017915
2 2 0.016902 0.047740 0.881745 0.038777 0.014836
2 2 0.024223 0.057511 0.849055 0.047253 0.021959
2 2 0.020187 0.049068 0.876413 0.034677 0.019654
2 2 0.016205 0.046039 0.880103 0.044364 0.013288
2 2 0.011321 0.036871 0.904873 0.038097 0.008838
2 2 0.011105 0.033978 0.913092 0.032267 0.009558
2 2 0.013188 0.039579 0.874467 0.064540 0.008226
2 2 0.021181 0.051953 0.831513 0.081719 0.013635
2 2 0.019941 0.055518 0.830348 0.081798 0.012394
2 2 0.030556 0.077691 0.796179 0.071456 0.024117
2 2 0.027817 0.078004 0.807954 0.064334 0.021891
2 2 0.026340 0.079512 0.795266 0.080873 0.018008
2 2 0.024552 0.066371 0.804282 0.089034 0.015761
2 2 0.022525 0.050852 0.786632 0.128367 0.011624
2 2 0.039647 0.073533 0.714538 0.149169 0.023113
2 2 0.041860 0.092775 0.713234 0.125411 0.026719
2 2 0.025666 0.067596 0.772962 0.119437 0.014340
2 3 0.029584 0.067788 0.741673 0.145732 0.015223
2 3 0.033275 0.067057 0.619967 0.266575 0.013126
3 3 0.025659 0.053456 0.386725 0.528144 0.006016
3 3 0.023100 0.045231 0.283611 0.643783 0.004275
3 3 0.029299 0.055574 0.295658 0.613374 0.006094
3 3 0.041513 0.064965 0.260386 0.623580 0.009556
3 3 0.054583 0.086540 0.334807 0.508022 0.016048
3 3 0.064916 0.099710 0.385885 0.427381 0.022108
3 3 0.042040 0.079906 0.371543 0.495195 0.011315
3 3 0.035837 0.060783 0.244226 0.651867 0.007287
3 3 0.048584 0.072697 0.309652 0.556491 0.012576
3 3 0.029001 0.054484 0.301187 0.609506 0.005823
3 3 0.022231 0.048023 0.289573 0.636158 0.004015
3 3 0.025821 0.046392 0.230757 0.692555 0.004475
3 3 0.028420 0.054794 0.313536 0.597484 0.005766
3 3 0.023002 0.042660 0.255737 0.674543 0.004058
3 3 0.018642 0.031691 0.183116 0.763905 0.002646
3 3 0.018890 0.029467 0.162757 0.786240 0.002645
3 3 0.025653 0.033615 0.144291 0.792473 0.003968
3 3 0.026400 0.037536 0.163332 0.768572 0.004161
3 3 0.038281 0.052911 0.187645 0.713710 0.007453
3 3 0.045286 0.062723 0.199138 0.683413 0.009440
3 3 0.039541 0.054109 0.209666 0.688576 0.008108
3 3 0.045025 0.059057 0.186090 0.700447 0.009382
3 3 0.028163 0.039724 0.166837 0.760671 0.004604
3 3 0.026423 0.033131 0.129762 0.806928 0.003756
3 3 0.024563 0.032691 0.138748 0.800515 0.003483
3 3 0.025910 0.031843 0.121272 0.817506 0.003469
3 3 0.029966 0.036772 0.131321 0.797536 0.004404
3 3 0.032639 0.040142 0.138743 0.783365 0.005110
3 3 0.037645 0.045750 0.145436 0.764849 0.006320
3 3 0.040074 0.056901 0.198085 0.696922 0.008018
3 3 0.036620 0.054927 0.209372 0.691774 0.007307
3 3 0.031190 0.048145 0.255482 0.658923 0.006260
3 3 0.029677 0.046891 0.232334 0.685388 0.005710
3 3 0.035016 0.044637 0.159375 0.754698 0.006274
3 3 0.037411 0.051880 0.191542 0.711634 0.007533
3 3 0.037449 0.049742 0.175540 0.730151 0.007119
3 3 0.024877 0.034895 0.156770 0.779627 0.003831
3 3 0.024439 0.031673 0.136083 0.804240 0.003565
3 3 0.026527 0.034682 0.143702 0.791031 0.004058
3 3 0.035786 0.045066 0.155989 0.756838 0.006320
3 3 0.033609 0.042521 0.152564 0.765561 0.005746
3 3 0.026730 0.040191 0.183073 0.745498 0.004508
3 3 0.027020 0.045541 0.218251 0.704372 0.004817
3 3 0.023460 0.038731 0.218958 0.714841 0.004010
3 3 0.023885 0.038699 0.264366 0.668743 0.004307
3 3 0.049002 0.071257 0.407609 0.457143 0.014989
2 3 0.054470 0.083140 0.444028 0.399110 0.019252
3 3 0.067274 0.077892 0.287065 0.547805 0.019963
3 3 0.071819 0.081265 0.247430 0.578912 0.020574
3 3 0.130827 0.145435 0.223498 0.448473 0.051766
2 2 0.162570 0.173808 0.333697 0.220362 0.109564
1 1 0.194213 0.256771 0.229860 0.173708 0.145449
2 1 0.166504 0.267417 0.280825 0.160587 0.124667
2 2 0.145440 0.274233 0.323771 0.138750 0.117807
2 2 0.164000 0.253315 0.309090 0.133477 0.140117
2 2 0.101761 0.126557 0.575243 0.049067 0.147371
2 2 0.103268 0.148076 0.563701 0.054533 0.130422
2 2 0.127670 0.190897 0.469007 0.081633 0.130794
2 2 0.112748 0.174156 0.522798 0.068242 0.122055
2 2 0.131573 0.192212 0.451862 0.069631 0.154722
2 2 0.135430 0.206498 0.428536 0.077708 0.151828
2 2 0.117865 0.219664 0.464755 0.096056 0.101660
2 2 0.060301 0.159270 0.675184 0.048640 0.056604
2 2 0.025129 0.075641 0.852588 0.017766 0.028876
2 2 0.016486 0.049642 0.900505 0.013746 0.019621
2 2 0.029179 0.068475 0.846310 0.021040 0.034996
2 2 0.045940 0.082854 0.766899 0.016359 0.087949
2 4 0.064394 0.103898 0.668148 0.016309 0.147250
2 4 0.103358 0.131023 0.438756 0.019707 0.307156
4 4 0.124274 0.124261 0.245314 0.017431 0.488720
4 4 0.116391 0.119754 0.196788 0.014236 0.552831
4 4 0.106863 0.123682 0.162917 0.012369 0.594169
4 4 0.106759 0.125983 0.158552 0.012518 0.596188
4 4 0.090794 0.100878 0.162108 0.007972 0.638247
4 4 0.100844 0.108788 0.175675 0.010146 0.604547
4 4 0.125112 0.145287 0.192236 0.019208 0.518157
4 4 0.113470 0.145445 0.144196 0.015653 0.581236
4 4 0.052522 0.073955 0.091302 0.002658 0.779563
4 4 0.128063 0.131881 0.202288 0.018424 0.519344
4 4 0.160462 0.164554 0.213307 0.035436 0.426241
4 4 0.212471 0.241300 0.174689 0.115185 0.256356
4 4 0.199064 0.213677 0.224801 0.086606 0.275852
4 4 0.182819 0.200544 0.250475 0.066739 0.299423
4 4 0.155735 0.125517 0.321727 0.034204 0.362818
4 4 0.151787 0.131543 0.263366 0.027236 0.426068
4 4 0.184552 0.214664 0.179265 0.062797 0.358721
4 4 0.192876 0.181931 0.238330 0.063169 0.323693
1 4 0.225758 0.230730 0.174425 0.221074 0.148014
1 0 0.228279 0.238358 0.175292 0.183353 0.174718
1 0 0.226919 0.233072 0.174744 0.210573 0.154692
1 1 0.227487 0.239526 0.175651 0.174770 0.182566
4 1 0.173770 0.208713 0.171892 0.052055 0.393570
4 1 0.152666 0.177869 0.177736 0.033363 0.458367
4 2 0.163810 0.206264 0.250028 0.053481 0.326418
2 2 0.136935 0.216595 0.374379 0.060693 0.211398
2 2 0.082406 0.165368 0.602252 0.043571 0.106404
2 2 0.082267 0.162198 0.612674 0.047522 0.095339
2 2 0.058270 0.136214 0.703977 0.041768 0.059771
2 2 0.035297 0.089214 0.809639 0.026885 0.038965
2 2 0.046776 0.099239 0.769158 0.026523 0.058304
2 2 0.035370 0.071371 0.826383 0.022297 0.044579
2 2 0.052658 0.082549 0.757621 0.023026 0.084146
2 2 0.031607 0.054660 0.848836 0.018766 0.046131
2 2 0.033965 0.058196 0.839244 0.022263 0.046331
2 2 0.024097 0.052888 0.873817 0.019102 0.030096
2 2 0.033045 0.071287 0.831609 0.021504 0.042556
2 2 0.033091 0.072845 0.829067 0.017826 0.047172
2 2 0.038853 0.078998 0.799978 0.014309 0.067862
2 2 0.047280 0.083697 0.745845 0.011714 0.111465
2 2 0.039857 0.068053 0.784498 0.010084 0.097508
2 2 0.058881 0.084817 0.664033 0.010866 0.181403
2 2 0.052619 0.100628 0.697604 0.013564 0.135585
2 2 0.059753 0.119593 0.658157 0.016027 0.146469
2 2 0.034047 0.092339 0.797791 0.015889 0.059935
2 2 0.063510 0.120815 0.647641 0.017172 0.150862
2 2 0.064354 0.104762 0.649976 0.015726 0.165182
2 2 0.082669 0.114943 0.488732 0.013134 0.300522
2 2 0.074936 0.139105 0.569407 0.018883 0.197670
2 2 0.084643 0.160460 0.508412 0.022364 0.224121
2 2 0.064490 0.121985 0.662072 0.020099 0.131354
2 2 0.086001 0.137354 0.576565 0.025685 0.174395
2 2 0.075287 0.115868 0.633821 0.022394 0.152631
2 2 0.066990 0.118524 0.647978 0.018662 0.147846
2 2 0.042290 0.099997 0.772131 0.024595 0.060988
2 2 0.045720 0.123624 0.743818 0.030377 0.056461
2 2 0.016806 0.056636 0.892923 0.014708 0.018927
2 2 0.045356 0.076058 0.787111 0.021422 0.070053
2 2 0.071884 0.074431 0.712753 0.031721 0.109211
2 1 0.206337 0.169335 0.301151 0.103672 0.219505
0 1 0.224929 0.209149 0.222743 0.156539 0.186641
1 2 0.228330 0.238749 0.175288 0.181120 0.176512
2 2 0.209892 0.228951 0.231145 0.137410 0.192602
2 2 0.138750 0.208058 0.424164 0.085439 0.143590
2 2 0.103642 0.165570 0.540199 0.053383 0.137205
2 2 0.094451 0.160846 0.568962 0.059770 0.115971
2 2 0.189981 0.227679 0.257434 0.100951 0.223955
2 2 0.194229 0.215042 0.284532 0.114626 0.191571
2 2 0.219549 0.210389 0.236030 0.131718 0.202315
2 2 0.192744 0.210452 0.298423 0.116606 0.181776
2 2 0.167810 0.224555 0.340528 0.118360 0.148747
2 2 0.139313 0.232173 0.397839 0.113269 0.117405
2 2 0.115567 0.182454 0.513914 0.070763 0.117302
2 2 0.109359 0.169008 0.542968 0.061725 0.116940
2 2 0.122820 0.169614 0.501152 0.059583 0.146831
2 2 0.139536 0.187460 0.438853 0.070498 0.163653
2 2 0.117934 0.174585 0.509177 0.060898 0.137406
2 2 0.128254 0.197674 0.465032 0.081153 0.127887
2 2 0.112252 0.212983 0.485334 0.084523 0.104910
2 2 0.084624 0.195656 0.571205 0.075277 0.073238
2 2 0.094289 0.247469 0.480338 0.109289 0.068616
2 2 0.051395 0.176063 0.666860 0.066192 0.039489
2 2 0.034314 0.131048 0.755948 0.052016 0.026674
2 2 0.041171 0.112419 0.759422 0.050162 0.036826
2 2 0.099220 0.162315 0.553363 0.094760 0.090342
2 2 0.173914 0.202770 0.350114 0.104047 0.169155
2 2 0.125285 0.198765 0.472464 0.083474 0.120012
2 2 0.100792 0.219842 0.504473 0.091225 0.083668
2 2 0.042540 0.138784 0.736578 0.044872 0.037226
2 2 0.020373 0.079475 0.856347 0.024871 0.018933
2 2 0.070605 0.140976 0.660976 0.057763 0.069680
2 2 0.172510 0.177612 0.363977 0.086490 0.199412
4 2 0.182708 0.173689 0.249510 0.056696 0.337397
2 2 0.190282 0.211598 0.240276 0.136345 0.221499
1 2 0.207300 0.231206 0.198634 0.188448 0.174412
1 2 0.225599 0.240402 0.179348 0.180696 0.173955
2 2 0.145692 0.220855 0.397185 0.106725 0.129542
2 2 0.056406 0.116919 0.725455 0.040495 0.060725
2 2 0.016157 0.052569 0.896790 0.016967 0.017517
2 2 0.016400 0.065898 0.879967 0.022516 0.015219
2 2 0.021609 0.080279 0.852521 0.025128 0.020464
2 2 0.021289 0.086420 0.846353 0.026773 0.019165
2 2 0.019618 0.072061 0.868437 0.020065 0.019818
2 2 0.016470 0.062874 0.887504 0.015755 0.017397
2 2 0.013658 0.051726 0.906416 0.013240 0.014960
2 2 0.008267 0.035699 0.937128 0.009950 0.008956
2 2 0.085204 0.104734 0.647030 0.035615 0.127417
4 2 0.170224 0.127219 0.322098 0.037819 0.342640
4 2 0.160227 0.150560 0.239418 0.033457 0.416338
4 2 0.162132 0.165185 0.215445 0.036451 0.420787
4 2 0.184376 0.186021 0.232655 0.057665 0.339282
4 2 0.190365 0.235728 0.212747 0.088468 0.272691
2 2 0.156700 0.181814 0.345845 0.054144 0.261498
4 2 0.177307 0.191482 0.199857 0.051035 0.380319
4 2 0.195208 0.205836 0.204164 0.071665 0.323127
4 2 0.195024 0.207561 0.201543 0.071948 0.323923
4 2 0.209999 0.215631 0.205733 0.096767 0.271870
4 2 0.193000 0.203886 0.204178 0.068586 0.330350
4 2 0.184441 0.198627 0.213203 0.060443 0.343285
4 2 0.146339 0.154676 0.201739 0.027358 0.469889
4 2 0.159506 0.175515 0.279827 0.043426 0.341725
4 2 0.174437 0.202192 0.254838 0.060968 0.307564
4 2 0.195307 0.178048 0.254717 0.066268 0.305659
2 2 0.206115 0.160888 0.301658 0.080993 0.250347
1 0 0.227141 0.239394 0.175809 0.174896 0.182760
1 0 0.228330 0.238749 0.175288 0.181120 0.176512
1 0 0.223500 0.241519 0.176332 0.152344 0.206305
4 0 0.199022 0.191978 0.251216 0.093800 0.263984
1 0 0.225690 0.236298 0.182479 0.157376 0.198158
1 0 0.228330 0.238749 0.175288 0.181120 0.176512
1 0 0.228330 0.238749 0.175288 0.181120 0.176512
1 0 0.228330 0.238749 0.175288 0.181120 0.176512
1 0 0.228330 0.238749 0.175288 0.181120 0.176512
1 0 0.228330 0.238749 0.175288 0.181120 0.176512
4 0 0.199019 0.236570 0.169942 0.087443 0.307025
4 0 0.178133 0.224635 0.159755 0.059609 0.377867
4 0 0.119309 0.160410 0.136876 0.018622 0.564782
4 0 0.130555 0.176306 0.139454 0.023948 0.529738
4 0 0.133772 0.188704 0.131668 0.026707 0.519149
4 0 0.126232 0.181500 0.126231 0.023080 0.542957
4 0 0.135141 0.189981 0.132637 0.027411 0.514829
4 0 0.130753 0.185855 0.129512 0.025205 0.528675
4 0 0.128745 0.183933 0.128063 0.024243 0.535016
4 0 0.128445 0.183644 0.127845 0.024102 0.535964
4 0 0.142290 0.173819 0.164154 0.028109 0.491628
4 0 0.140448 0.186861 0.144888 0.029135 0.498667
4 0 0.134562 0.189442 0.132228 0.027112 0.516657
4 0 0.122994 0.172973 0.129439 0.021048 0.553546
4 0 0.185144 0.208081 0.188314 0.061613 0.356849
4 0 0.158792 0.139555 0.260553 0.031454 0.409647
4 0 0.206858 0.201868 0.222911 0.086386 0.281978
4 0 0.175468 0.179803 0.214826 0.047388 0.382514
4 0 0.185380 0.197547 0.203023 0.059232 0.354819
4 0 0.146370 0.176050 0.168729 0.030162 0.478689
4 0 0.158844 0.198105 0.162151 0.039983 0.440917
4 1 0.161998 0.210653 0.248151 0.053567 0.325631
2 1 0.126905 0.189593 0.377488 0.039861 0.266153
2 1 0.085322 0.159890 0.582325 0.035328 0.137136
2 2 0.075810 0.154302 0.636425 0.042450 0.091013
2 2 0.056704 0.124113 0.722132 0.033204 0.063848
2 2 0.029589 0.074312 0.841605 0.017956 0.036539
2 2 0.019374 0.050065 0.892950 0.011638 0.025973
2 2 0.028842 0.065749 0.851488 0.015653 0.038268
2 2 0.056307 0.098067 0.713976 0.015923 0.115727
2 2 0.087863 0.119970 0.542572 0.018673 0.230922
4 4 0.104139 0.093479 0.263591 0.010239 0.528552
4 4 0.103615 0.094365 0.222293 0.009776 0.569950
4 4 0.104062 0.101627 0.203095 0.010298 0.580918
4 4 0.102859 0.114157 0.170235 0.010882 0.601867
4 4 0.091443 0.111395 0.143175 0.008686 0.645299
4 4 0.087650 0.113627 0.129048 0.008221 0.661455
4 4 0.080493 0.109314 0.116691 0.006946 0.686556
4 4 0.082197 0.118694 0.107892 0.007692 0.683524
4 4 0.076321 0.110034 0.104799 0.006430 0.702416
4 4 0.085724 0.128223 0.104371 0.008783 0.672899
4 4 0.099185 0.153275 0.105302 0.013008 0.629229
4 4 0.106244 0.150707 0.122095 0.014369 0.606585
4 4 0.121166 0.147878 0.157697 0.017919 0.555340
4 4 0.116405 0.105710 0.232018 0.013222 0.532645
2 4 0.118362 0.114587 0.445136 0.033186 0.288729
4 4 0.194558 0.176596 0.250217 0.063916 0.314712
1 0 0.219496 0.242068 0.176122 0.136225 0.226089
4 1 0.205953 0.231434 0.181975 0.096405 0.284233
4 1 0.184783 0.228884 0.163274 0.067154 0.355905
4 4 0.119502 0.132921 0.178553 0.016102 0.552922
4 4 0.111365 0.110041 0.204711 0.012358 0.561526
4 4 0.114405 0.091105 0.272647 0.011861 0.509983
4 4 0.134970 0.104883 0.294104 0.018522 0.447521
4 0 0.201505 0.237669 0.170958 0.091766 0.298102
1 0 0.222727 0.236445 0.177855 0.184213 0.178760
4 0 0.205234 0.238936 0.173939 0.103354 0.278539
4 0 0.168537 0.217905 0.154313 0.050271 0.408974
4 1 0.176805 0.223744 0.159027 0.058215 0.382210
4 1 0.153114 0.205809 0.144787 0.038183 0.458107
4 2 0.165191 0.203229 0.211980 0.048678 0.370922
4 2 0.162145 0.218394 0.240138 0.055539 0.323785
4 2 0.131442 0.151298 0.297955 0.025731 0.393574
4 4 0.125246 0.125699 0.240136 0.017739 0.491180
4 4 0.110827 0.113176 0.262482 0.013436 0.500080
4 4 0.117485 0.128592 0.236233 0.016143 0.501547
4 4 0.116762 0.134233 0.233568 0.016583 0.498854
4 4 0.117512 0.128304 0.212616 0.015666 0.525901
4 4 0.114259 0.130338 0.170024 0.014562 0.570817
4 4 0.126296 0.156457 0.156298 0.020297 0.540651
4 4 0.116030 0.143092 0.153343 0.016094 0.571441
4 4 0.096757 0.118806 0.144736 0.010056 0.629645
4 4 0.061261 0.081908 0.105656 0.003615 0.747560
4 4 0.056652 0.078211 0.097348 0.003104 0.764685
4 4 0.053441 0.079477 0.085194 0.002894 0.778994
4 4 0.048578 0.073085 0.080012 0.002359 0.795965
4 4 0.041962 0.050839 0.100987 0.001428 0.804783
4 4 0.062056 0.088318 0.097312 0.003921 0.748394
4 4 0.079078 0.127871 0.090234 0.007741 0.695076
4 4 0.110313 0.165338 0.114181 0.016656 0.593511
4 2 0.153806 0.196870 0.155596 0.036989 0.456739
4 2 0.182849 0.192311 0.207021 0.055772 0.362047
2 2 0.152640 0.194942 0.322119 0.052069 0.278229
2 2 0.107873 0.157775 0.472160 0.030766 0.231426
2 2 0.073373 0.118141 0.604407 0.017153 0.186926
2 2 0.076107 0.121523 0.578361 0.016817 0.207193
2 2 0.075127 0.119470 0.588065 0.016790 0.200548
2 2 0.092865 0.139923 0.508657 0.022152 0.236403
4 2 0.112631 0.117515 0.305548 0.015264 0.449042
4 4 0.093357 0.088022 0.204377 0.007665 0.606579
4 4 0.069573 0.084632 0.127811 0.004505 0.713479
4 4 0.072072 0.103120 0.103335 0.005578 0.715895
4 4 0.086242 0.132477 0.100695 0.009126 0.671459
4 4 0.098078 0.142174 0.115020 0.011937 0.632792
4 4 0.131518 0.167427 0.152029 0.023228 0.525799
4 4 0.126427 0.157446 0.155189 0.020442 0.540496
4 4 0.131435 0.154071 0.170697 0.021697 0.522101
4 4 0.114658 0.140637 0.153918 0.015529 0.575258
4 4 0.094864 0.121143 0.135976 0.009873 0.638145
4 4 0.090637 0.120426 0.126333 0.009106 0.653498
4 4 0.086523 0.119560 0.117308 0.008394 0.668214
4 4 0.084578 0.115138 0.118714 0.007844 0.673726
4 4 0.103921 0.147637 0.120894 0.013591 0.613957
4 4 0.090835 0.116530 0.132839 0.008899 0.650896
4 4 0.079442 0.090488 0.148311 0.005869 0.675890
4 4 0.071926 0.082630 0.140407 0.004665 0.700373
4 4 0.078685 0.083469 0.162816 0.005452 0.669579
4 4 0.086704 0.084039 0.191376 0.006495 0.631386
2 4 0.111386 0.079084 0.438414 0.018987 0.352129
2 4 0.128805 0.093659 0.420751 0.026925 0.329860
2 4 0.159202 0.156501 0.393999 0.054661 0.235637
4 4 0.162295 0.188857 0.254626 0.046713 0.347510
2 4 0.110625 0.240333 0.419882 0.094268 0.134892
4 4 0.125184 0.163888 0.144176 0.020742 0.546009
4 4 0.079080 0.111862 0.109320 0.006887 0.692850
4 4 0.133754 0.173302 0.148880 0.024727 0.519338
2 4 0.107321 0.193557 0.407332 0.032120 0.259669
2 4 0.079031 0.165566 0.567943 0.028181 0.159279
2 2 0.064465 0.130251 0.652381 0.020949 0.131953
2 2 0.050346 0.106532 0.728237 0.016715 0.098170
2 2 0.050889 0.107580 0.727038 0.017247 0.097247
2 2 0.047505 0.097040 0.739660 0.014693 0.101102
2 2 0.036199 0.078655 0.797011 0.012479 0.075655
2 2 0.028772 0.059935 0.843603 0.011065 0.056625
2 2 0.022988 0.053412 0.873997 0.011843 0.037760
2 2 0.014049 0.034607 0.921540 0.009626 0.020178
2 2 0.012550 0.035784 0.924145 0.012250 0.015271
2 2 0.014118 0.040353 0.915200 0.013386 0.016943
2 2 0.013909 0.043726 0.912686 0.013330 0.016349
2 2 0.014208 0.037966 0.918672 0.010180 0.018974
2 2 0.016433 0.040280 0.910109 0.010385 0.022793
2 2 0.016261 0.037713 0.912694 0.010449 0.022883
2 2 0.013125 0.032754 0.926701 0.008935 0.018486
2 2 0.011459 0.030249 0.933786 0.008864 0.015642
2 2 0.012754 0.034762 0.924903 0.011489 0.016092
2 2 0.009760 0.030690 0.937707 0.009892 0.011950
2 2 0.008095 0.027241 0.945945 0.008924 0.009795
2 2 0.006483 0.021855 0.956519 0.006856 0.008288
2 2 0.006840 0.021468 0.956151 0.006297 0.009244
2 2 0.004563 0.015527 0.968990 0.004620 0.006300
2 2 0.006146 0.019370 0.960349 0.005680 0.008456
2 2 0.007291 0.022724 0.953387 0.006943 0.009654
2 2 0.009856 0.029050 0.939047 0.009601 0.012447
2 2 0.011657 0.032764 0.930424 0.010191 0.014963
2 2 0.009337 0.027509 0.942104 0.009159 0.011891
2 2 0.006228 0.019638 0.959789 0.005837 0.008508
2 2 0.007829 0.022046 0.952659 0.006381 0.011085
2 2 0.009005 0.022986 0.947972 0.007102 0.012936
2 2 0.013597 0.029850 0.927678 0.008627 0.020248
2 2 0.011107 0.028719 0.935450 0.010150 0.014573
2 2 0.009693 0.027357 0.940482 0.010384 0.012084
2 2 0.009421 0.027168 0.940961 0.011049 0.011401
2 2 0.008355 0.023669 0.945777 0.012577 0.009622
2 2 0.008179 0.024408 0.943916 0.014697 0.008800
2 2 0.007640 0.024681 0.943389 0.016643 0.007647
2 2 0.009688 0.032168 0.926838 0.022285 0.009022
2 2 0.009399 0.030512 0.930030 0.021127 0.008933
2 2 0.011199 0.036280 0.920657 0.020962 0.010903
2 2 0.007541 0.023976 0.947899 0.012243 0.008341
2 2 0.009118 0.028592 0.934185 0.019091 0.009014
2 2 0.014554 0.036824 0.908301 0.025455 0.014866
2 2 0.011276 0.031227 0.911741 0.037013 0.008743
2 2 0.010435 0.031335 0.904039 0.047162 0.007029
2 2 0.011521 0.031163 0.912211 0.035666 0.009440
2 2 0.012652 0.030796 0.915557 0.028691 0.012304
2 2 0.011708 0.030034 0.913305 0.034894 0.010058
2 2 0.009770 0.026282 0.930894 0.023480 0.009575
2 2 0.009377 0.027852 0.928321 0.025933 0.008517
2 2 0.012745 0.036186 0.909804 0.029469 0.011796
2 2 0.014794 0.042504 0.895455 0.033983 0.013265
2 3 0.018091 0.052892 0.870470 0.043267 0.015280
2 3 0.011282 0.033971 0.896260 0.050894 0.007593
2 3 0.011541 0.031592 0.885751 0.064260 0.006856
2 3 0.009593 0.028139 0.861690 0.096257 0.004320
2 3 0.009144 0.031730 0.853168 0.102034 0.003923
2 3 0.009437 0.030969 0.884864 0.069649 0.005082
2 3 0.009341 0.030160 0.899993 0.054914 0.005592
2 3 0.015339 0.041006 0.851463 0.083611 0.008581
2 3 0.021984 0.053395 0.808968 0.102781 0.012873
2 3 0.025144 0.065142 0.784819 0.110495 0.014400
2 3 0.025822 0.067207 0.783206 0.108537 0.015228
2 3 0.021147 0.061466 0.821570 0.082779 0.013039
2 3 0.012756 0.037385 0.910098 0.027861 0.011899
2 3 0.009749 0.034155 0.916483 0.031986 0.007627
2 3 0.012323 0.036691 0.894488 0.048007 0.008491
2 3 0.012894 0.037433 0.884486 0.056918 0.008270
2 3 0.016576 0.042075 0.875009 0.053957 0.012384
2 3 0.016763 0.041888 0.870200 0.059576 0.011573
2 3 0.016800 0.039292 0.885605 0.044567 0.013737
2 3 0.029193 0.048499 0.792895 0.111432 0.017981
2 3 0.054886 0.074408 0.523447 0.324787 0.022471
2 3 0.101092 0.108934 0.416246 0.322493 0.051236
2 2 0.087172 0.128641 0.527726 0.200470 0.055991
2 2 0.086988 0.156666 0.539213 0.152565 0.064567
2 2 0.100635 0.147811 0.553698 0.106246 0.091610
2 2 0.117221 0.172227 0.506664 0.091792 0.112096
2 2 0.077442 0.129101 0.652332 0.060788 0.080336
2 2 0.093857 0.149993 0.593215 0.066069 0.096866
2 2 0.084501 0.148800 0.622101 0.044302 0.100297
2 2 0.085693 0.167571 0.600032 0.052028 0.094676
2 2 0.052818 0.141745 0.711765 0.042673 0.051000
2 2 0.064739 0.148819 0.676056 0.044543 0.065843
2 2 0.053913 0.119058 0.734131 0.031692 0.061205
2 2 0.052658 0.116068 0.739837 0.031763 0.059674
2 2 0.050144 0.116120 0.745076 0.034309 0.054351
2 2 0.052365 0.124127 0.730995 0.037664 0.054849
2 2 0.103176 0.201885 0.521800 0.079981 0.093158
2 2 0.193460 0.164158 0.320520 0.072535 0.249326
4 2 0.193956 0.158905 0.284644 0.060405 0.302091
