0 0 0.283208 0.222948 0.161115 0.099880 0.232849
4 0 0.233520 0.211997 0.081934 0.031729 0.440820
4 0 0.263480 0.224352 0.114875 0.054963 0.342330
0 0 0.282165 0.224050 0.155899 0.093935 0.243950
0 0 0.284399 0.220019 0.171638 0.112701 0.211242
0 0 0.280933 0.224865 0.151061 0.088645 0.254495
0 0 0.279085 0.225588 0.145159 0.082469 0.267699
4 0 0.275768 0.226093 0.136696 0.074106 0.287338
0 0 0.284391 0.220068 0.171487 0.112509 0.211546
0 0 0.284494 0.217405 0.178997 0.122398 0.196706
0 0 0.283687 0.222182 0.164220 0.103543 0.226368
0 0 0.279997 0.225287 0.147920 0.085322 0.261474
4 0 0.272545 0.226034 0.129932 0.067816 0.303673
4 0 0.264351 0.224581 0.116149 0.055992 0.338927
4 0 0.269515 0.225670 0.124388 0.062904 0.317522
0 0 0.283040 0.223165 0.160167 0.098779 0.234848
0 0 0.283429 0.212529 0.190147 0.138405 0.175490
0 0 0.278757 0.202828 0.207105 0.166496 0.144814
0 0 0.278757 0.202828 0.207105 0.166496 0.144814
0 0 0.278757 0.202828 0.207105 0.166496 0.144814
0 0 0.278757 0.202828 0.207105 0.166496 0.144814
0 0 0.278757 0.202828 0.207105 0.166496 0.144814
0 0 0.278757 0.202828 0.207105 0.166496 0.144814
0 0 0.284458 0.219615 0.172867 0.114277 0.208783
4 0 0.269164 0.225613 0.123784 0.062382 0.319057
4 0 0.260664 0.223538 0.110940 0.051848 0.353009
4 1 0.141505 0.176117 0.088069 0.028553 0.565756
4 1 0.117192 0.161297 0.083869 0.025118 0.612524
4 1 0.139734 0.174134 0.083626 0.026509 0.575997
4 2 0.121989 0.165918 0.091610 0.028652 0.591831
4 2 0.161193 0.190673 0.115624 0.043634 0.488876
4 2 0.155704 0.188650 0.120333 0.045538 0.489775
4 2 0.215920 0.212866 0.133005 0.061096 0.377113
4 1 0.177646 0.198729 0.123688 0.050016 0.449922
4 2 0.189470 0.203538 0.125578 0.052622 0.428793
4 2 0.146891 0.183159 0.111405 0.039963 0.518581
4 2 0.095083 0.146250 0.082044 0.022901 0.653722
4 2 0.105516 0.153627 0.127278 0.027791 0.585787
4 2 0.126439 0.167333 0.179394 0.040160 0.486674
4 2 0.124575 0.168266 0.146176 0.037828 0.523155
4 2 0.173742 0.194133 0.158953 0.052661 0.420512
4 2 0.160643 0.187400 0.159964 0.047552 0.444442
4 2 0.130938 0.168901 0.198308 0.041560 0.460293
4 2 0.068443 0.149521 0.366150 0.024007 0.391879
2 2 0.034996 0.101631 0.752431 0.017573 0.093369
2 2 0.015554 0.056566 0.884407 0.008752 0.034720
2 2 0.012499 0.049597 0.901782 0.007035 0.029087
2 2 0.012015 0.048510 0.912546 0.008025 0.018905
2 2 0.017030 0.055642 0.892823 0.015020 0.019484
2 2 0.022064 0.063018 0.873476 0.018422 0.023020
2 2 0.019775 0.060938 0.875897 0.015624 0.027767
2 2 0.021331 0.065882 0.864689 0.015591 0.032507
2 2 0.028323 0.085496 0.811722 0.016581 0.057878
2 2 0.022945 0.073011 0.846064 0.017531 0.040449
2 2 0.021330 0.067042 0.855367 0.017270 0.038991
2 2 0.018639 0.057159 0.869191 0.020702 0.034310
2 2 0.019917 0.055551 0.868042 0.032013 0.024478
2 2 0.023338 0.054777 0.842280 0.061650 0.017956
2 2 0.037943 0.072604 0.763522 0.103716 0.022215
2 2 0.055278 0.094101 0.689204 0.132560 0.028856
2 2 0.066310 0.098527 0.629443 0.166896 0.038824
2 2 0.064861 0.089398 0.593912 0.221132 0.030697
2 2 0.074597 0.088881 0.529818 0.280778 0.025926
2 3 0.114308 0.111873 0.442340 0.278968 0.052511
2 3 0.087106 0.101796 0.515478 0.243489 0.052131
2 3 0.069780 0.088663 0.565506 0.222819 0.053233
2 3 0.065385 0.080003 0.539657 0.253798 0.061157
2 3 0.055123 0.069702 0.488408 0.348434 0.038333
3 3 0.049351 0.061222 0.431880 0.434278 0.023269
3 3 0.057560 0.058992 0.351275 0.512761 0.019412
3 3 0.078638 0.055108 0.205621 0.635112 0.025522
3 3 0.084818 0.056385 0.198048 0.631682 0.029068
3 3 0.076993 0.050939 0.191000 0.655257 0.025812
3 3 0.086960 0.057882 0.199847 0.625338 0.029974
3 3 0.074392 0.049293 0.189185 0.662433 0.024698
3 3 0.078343 0.053379 0.198791 0.643613 0.025875
3 3 0.095091 0.063585 0.206200 0.601647 0.033476
3 3 0.103485 0.069508 0.212022 0.577796 0.037190
3 3 0.076652 0.050703 0.190675 0.656298 0.025672
3 3 0.056600 0.036912 0.168528 0.720202 0.017758
3 3 0.050278 0.032616 0.160086 0.741625 0.015395
3 3 0.050139 0.032522 0.159891 0.742104 0.015343
3 3 0.074447 0.049175 0.188535 0.663071 0.024772
3 3 0.079965 0.053004 0.193768 0.646224 0.027038
3 3 0.074927 0.049508 0.189007 0.661591 0.024967
3 3 0.135143 0.092169 0.228133 0.492448 0.052107
3 3 0.187654 0.137795 0.240872 0.339120 0.094560
2 2 0.204252 0.188139 0.241024 0.136389 0.230197
4 2 0.166709 0.192575 0.173425 0.063399 0.403892
4 2 0.145031 0.181145 0.150867 0.045973 0.476983
4 2 0.106291 0.153833 0.167045 0.032333 0.540499
4 2 0.092781 0.155476 0.254255 0.033221 0.464267
2 2 0.150691 0.201940 0.334172 0.053384 0.259813
2 2 0.228270 0.215977 0.303967 0.086722 0.165064
0 0 0.284216 0.220842 0.169002 0.109379 0.216561
0 0 0.271065 0.228257 0.207011 0.128916 0.164752
0 0 0.281561 0.208000 0.198702 0.151939 0.159798
0 0 0.282445 0.209950 0.195182 0.146226 0.166198
0 1 0.284242 0.215563 0.183518 0.128685 0.187991
0 1 0.284530 0.218180 0.176949 0.119634 0.200707
0 2 0.280879 0.224894 0.150868 0.088439 0.254919
4 2 0.152760 0.206926 0.257406 0.055236 0.327672
4 2 0.116669 0.161345 0.171765 0.036555 0.513666
4 2 0.139803 0.181209 0.209539 0.048936 0.420513
4 2 0.143537 0.188500 0.186534 0.047495 0.433934
4 2 0.113129 0.179882 0.276984 0.039914 0.390091
4 2 0.095851 0.158040 0.262019 0.032912 0.451178
4 2 0.101270 0.178151 0.327739 0.035550 0.357289
4 2 0.228573 0.210075 0.213982 0.064365 0.283004
0 1 0.282487 0.221888 0.165431 0.101356 0.228837
0 1 0.284426 0.219851 0.172153 0.113359 0.210211
0 1 0.278680 0.228950 0.175045 0.104770 0.212554
0 2 0.273253 0.233356 0.146708 0.076418 0.270266
4 1 0.207501 0.209464 0.119583 0.051169 0.412283
4 2 0.101890 0.150656 0.098144 0.024047 0.625264
4 2 0.086147 0.137082 0.105031 0.020261 0.651479
4 2 0.099411 0.157997 0.247713 0.034575 0.460304
2 2 0.083905 0.155629 0.505109 0.049746 0.205611
2 2 0.088341 0.178476 0.460108 0.043860 0.229215
2 2 0.082813 0.166347 0.503362 0.150628 0.096849
2 2 0.076938 0.144398 0.608385 0.066422 0.103858
2 2 0.046158 0.129018 0.593958 0.018068 0.212799
2 2 0.047503 0.125559 0.662381 0.022173 0.142383
2 2 0.056441 0.126911 0.668821 0.029157 0.118670
2 2 0.069800 0.143580 0.581116 0.033259 0.172244
2 2 0.092490 0.163324 0.494595 0.040648 0.208943
2 2 0.112753 0.185272 0.483065 0.040407 0.178503
2 1 0.152596 0.205242 0.395603 0.054519 0.192040
2 1 0.199619 0.230787 0.310730 0.062965 0.195899
2 2 0.237090 0.240481 0.258895 0.082100 0.181434
0 2 0.282616 0.223639 0.157974 0.096269 0.239501
0 2 0.280533 0.225062 0.149673 0.087166 0.257566
4 2 0.260471 0.218726 0.165547 0.075005 0.280252
4 2 0.176654 0.207785 0.166101 0.056313 0.393146
4 2 0.123694 0.187360 0.181076 0.038420 0.469450
4 2 0.163293 0.207214 0.187074 0.047201 0.395218
4 2 0.166114 0.202242 0.138184 0.042820 0.450640
4 2 0.165044 0.190820 0.104344 0.038115 0.501677
4 2 0.109538 0.155573 0.113900 0.025778 0.595211
4 2 0.088506 0.151289 0.243191 0.024378 0.492636
2 2 0.046045 0.118672 0.667200 0.019536 0.148547
2 2 0.023582 0.077311 0.823245 0.015050 0.060812
2 2 0.013267 0.049324 0.898855 0.012405 0.026149
2 2 0.013445 0.051720 0.897799 0.010608 0.026428
2 2 0.010614 0.045043 0.914818 0.006282 0.023243
2 2 0.016290 0.055370 0.890192 0.009299 0.028850
2 2 0.017167 0.056151 0.886209 0.009381 0.031092
2 2 0.020804 0.062904 0.867485 0.011053 0.037755
2 2 0.021825 0.061312 0.867816 0.011292 0.037756
2 2 0.026697 0.066419 0.851449 0.019315 0.036120
2 2 0.020346 0.057169 0.879076 0.012005 0.031405
2 2 0.020284 0.062154 0.873966 0.014044 0.029553
2 2 0.013797 0.050475 0.905269 0.011394 0.019065
2 2 0.013931 0.049079 0.903426 0.015353 0.018211
2 2 0.015539 0.051407 0.896822 0.013309 0.022924
2 2 0.018375 0.055422 0.877879 0.023031 0.025293
2 2 0.018672 0.056967 0.868598 0.029590 0.026172
2 2 0.018218 0.055437 0.868572 0.035494 0.022280
2 2 0.022748 0.062413 0.856059 0.036139 0.022641
2 2 0.030308 0.069584 0.812789 0.053115 0.034205
2 2 0.041479 0.079786 0.763893 0.073245 0.041597
2 2 0.043763 0.078643 0.721081 0.118297 0.038216
2 3 0.043836 0.075792 0.698737 0.148770 0.032866
2 3 0.049049 0.076054 0.656769 0.179470 0.038658
2 3 0.075192 0.092495 0.564097 0.227736 0.040481
2 3 0.094266 0.092904 0.493712 0.278275 0.040843
2 3 0.110833 0.104629 0.421674 0.310252 0.052612
2 3 0.102552 0.094794 0.426920 0.335469 0.040264
3 3 0.109631 0.082940 0.311163 0.454215 0.042051
3 3 0.107053 0.072834 0.244582 0.534802 0.040729
3 3 0.100961 0.067723 0.210346 0.584906 0.036063
3 3 0.127139 0.086392 0.224865 0.513406 0.048198
3 3 0.112938 0.076222 0.217755 0.551592 0.041493
3 3 0.097372 0.068732 0.217312 0.577208 0.039376
3 3 0.098077 0.065688 0.208354 0.593095 0.034786
3 3 0.077522 0.051307 0.191501 0.653640 0.026029
3 3 0.077727 0.051449 0.191694 0.653018 0.026113
3 3 0.083034 0.055141 0.196508 0.636999 0.028318
3 3 0.074661 0.049323 0.188746 0.662412 0.024859
3 3 0.078970 0.052313 0.192854 0.649237 0.026626
3 3 0.056097 0.036569 0.167885 0.721882 0.017567
3 3 0.068324 0.044947 0.182237 0.682181 0.022310
3 3 0.074954 0.049526 0.189034 0.661508 0.024978
3 3 0.068671 0.045185 0.182608 0.681087 0.022448
3 3 0.069754 0.045932 0.183756 0.677679 0.022880
3 3 0.089336 0.059545 0.201780 0.618351 0.030988
3 3 0.133072 0.090671 0.227337 0.497834 0.051086
3 3 0.202153 0.141891 0.237020 0.329956 0.088979
0 3 0.242508 0.173259 0.227129 0.241286 0.115817
0 2 0.281048 0.206961 0.200490 0.154924 0.156577
0 2 0.284387 0.216425 0.181458 0.125787 0.191943
0 2 0.283535 0.222453 0.163158 0.102279 0.228575
4 2 0.192968 0.202046 0.182323 0.069547 0.353115
2 2 0.132299 0.187506 0.372317 0.068605 0.239273
2 2 0.085493 0.150749 0.581929 0.062350 0.119479
2 2 0.050761 0.112859 0.702445 0.043181 0.090755
2 2 0.036846 0.093194 0.754712 0.028038 0.087210
2 2 0.037851 0.093994 0.765785 0.028193 0.074178
2 2 0.028921 0.080622 0.815829 0.021728 0.052900
2 2 0.020358 0.070279 0.857961 0.010521 0.040882
2 2 0.029295 0.086083 0.818971 0.014629 0.051021
2 2 0.058454 0.116448 0.697115 0.026548 0.101434
2 2 0.081725 0.142482 0.593962 0.037948 0.143882
2 2 0.045508 0.107787 0.737346 0.026163 0.083196
2 2 0.037196 0.091299 0.786992 0.036850 0.047662
2 2 0.019967 0.059834 0.868331 0.026069 0.025799
2 2 0.024254 0.065409 0.841848 0.037720 0.030769
2 2 0.021526 0.060269 0.863718 0.026538 0.027949
2 2 0.022887 0.060147 0.852070 0.036128 0.028768
2 3 0.023182 0.060143 0.846117 0.036770 0.033788
2 3 0.028454 0.062737 0.807446 0.071285 0.030078
2 3 0.038846 0.073273 0.746088 0.105192 0.036602
2 3 0.044966 0.080543 0.698895 0.130115 0.045481
2 3 0.041801 0.076938 0.749577 0.100089 0.031596
2 3 0.061856 0.088689 0.667407 0.146253 0.035795
2 3 0.097358 0.108551 0.531382 0.197529 0.065180
2 3 0.114648 0.124031 0.466492 0.200961 0.093868
2 3 0.114590 0.112721 0.427283 0.251468 0.093938
2 3 0.076040 0.093325 0.544580 0.219600 0.066454
2 3 0.070408 0.081135 0.471075 0.334312 0.043071
3 3 0.080546 0.070949 0.342188 0.468110 0.038207
3 3 0.090099 0.068994 0.274462 0.519560 0.046886
3 3 0.098644 0.075763 0.278990 0.507907 0.038697
3 3 0.073083 0.054556 0.258895 0.589257 0.024210
3 3 0.063871 0.051095 0.276298 0.585756 0.022980
3 3 0.083281 0.060925 0.278217 0.541957 0.035620
3 3 0.103071 0.070024 0.213770 0.574950 0.038185
3 3 0.130481 0.088800 0.226292 0.504608 0.049819
3 3 0.210411 0.148207 0.235948 0.311308 0.094125
0 3 0.241132 0.174132 0.223864 0.237840 0.123032
3 2 0.237608 0.171965 0.223989 0.243268 0.123169
0 2 0.239196 0.177248 0.225424 0.222654 0.135478
2 2 0.143290 0.156139 0.409691 0.168838 0.122041
2 2 0.127966 0.136581 0.479519 0.176307 0.079626
2 2 0.087277 0.115665 0.584479 0.146347 0.066231
2 2 0.073180 0.104923 0.641779 0.127011 0.053107
2 2 0.058935 0.089961 0.687914 0.122230 0.040960
2 2 0.077555 0.096988 0.599467 0.176226 0.049763
2 2 0.100349 0.134690 0.575823 0.098328 0.090810
2 2 0.063920 0.093903 0.491691 0.311460 0.039026
2 2 0.056460 0.073467 0.515351 0.321808 0.032915
2 2 0.074277 0.106274 0.648011 0.088718 0.082721
2 2 0.094152 0.091811 0.496665 0.274182 0.043190
2 2 0.082474 0.082353 0.512121 0.288593 0.034459
2 2 0.074654 0.082215 0.583787 0.214117 0.045227
2 2 0.061584 0.081226 0.648021 0.168648 0.040520
2 2 0.050535 0.071865 0.660412 0.189259 0.027928
2 2 0.046784 0.066333 0.643843 0.220181 0.022859
2 2 0.059973 0.079394 0.580273 0.256251 0.024110
2 2 0.080774 0.101469 0.556036 0.228218 0.033502
2 2 0.084593 0.123705 0.595200 0.131402 0.065100
2 2 0.050768 0.110591 0.709082 0.046137 0.083422
2 2 0.027807 0.079779 0.763831 0.016533 0.112050
2 2 0.017795 0.068489 0.794474 0.008885 0.110358
2 2 0.022860 0.084305 0.663741 0.008489 0.220606
2 2 0.031284 0.104721 0.599602 0.011239 0.253154
2 2 0.041229 0.117861 0.502834 0.014652 0.323424
4 2 0.037299 0.111731 0.412013 0.011664 0.427294
4 2 0.042873 0.102617 0.214300 0.012767 0.627442
4 4 0.042743 0.093181 0.123487 0.012365 0.728224
4 4 0.059841 0.115036 0.083903 0.017353 0.723867
4 4 0.056533 0.110872 0.087798 0.016044 0.728753
4 4 0.055427 0.109544 0.072945 0.015188 0.746896
4 4 0.042022 0.091829 0.091970 0.010886 0.763293
4 4 0.051290 0.105714 0.191633 0.015472 0.635890
2 2 0.037905 0.104284 0.482548 0.014422 0.360841
2 2 0.029569 0.090951 0.618748 0.011577 0.249154
2 2 0.022926 0.080014 0.624828 0.008593 0.263638
4 2 0.028708 0.087312 0.389151 0.009207 0.485623
4 2 0.037882 0.085878 0.158921 0.011227 0.706091
4 4 0.059878 0.115676 0.100265 0.018854 0.705327
4 4 0.057589 0.112926 0.071732 0.016797 0.740955
4 4 0.049666 0.101107 0.055902 0.011725 0.781601
4 4 0.063998 0.117095 0.084217 0.015616 0.719074
4 4 0.136287 0.192193 0.233131 0.040586 0.397804
2 2 0.112700 0.192152 0.453255 0.046419 0.195473
2 2 0.042546 0.112378 0.747044 0.021904 0.076127
2 2 0.025003 0.080519 0.813381 0.015090 0.066007
2 2 0.023710 0.077626 0.788183 0.012877 0.097605
2 2 0.015552 0.060100 0.853596 0.008296 0.062455
2 2 0.015237 0.061779 0.862580 0.007911 0.052493
2 2 0.020085 0.074347 0.817863 0.010324 0.077381
2 2 0.017559 0.065712 0.821931 0.008918 0.085881
2 2 0.012851 0.051665 0.878493 0.006698 0.050292
2 2 0.018012 0.059635 0.864330 0.010774 0.047249
2 2 0.036668 0.085879 0.763146 0.020942 0.093365
2 2 0.034019 0.087685 0.763007 0.018020 0.097269
2 2 0.021921 0.074248 0.841291 0.011799 0.050742
2 2 0.019144 0.067432 0.858397 0.012529 0.042498
2 2 0.015228 0.058362 0.861805 0.008049 0.056556
2 2 0.010487 0.045280 0.907700 0.006686 0.029846
2 2 0.014102 0.052804 0.889470 0.010229 0.033396
2 2 0.017385 0.057809 0.876173 0.017907 0.030727
2 2 0.031834 0.073899 0.814858 0.039250 0.040158
2 2 0.033946 0.072352 0.807074 0.040824 0.045804
2 2 0.041924 0.081452 0.774561 0.045193 0.056870
2 2 0.031524 0.076278 0.802997 0.030060 0.059142
2 2 0.043174 0.090286 0.757215 0.046387 0.062938
2 2 0.039456 0.079446 0.783547 0.046099 0.051452
2 2 0.094331 0.129168 0.559358 0.086391 0.130751
2 2 0.053755 0.102721 0.714541 0.055161 0.073822
2 2 0.044879 0.101657 0.754251 0.054476 0.044736
2 2 0.030140 0.072667 0.824304 0.035570 0.037319
2 2 0.033325 0.077955 0.816858 0.028941 0.042922
2 2 0.036399 0.087271 0.786167 0.031268 0.058894
2 2 0.035451 0.090326 0.768336 0.037820 0.068067
2 2 0.037849 0.089757 0.759825 0.035981 0.076587
2 2 0.059816 0.099334 0.662724 0.089502 0.088624
2 2 0.041947 0.077247 0.707365 0.118461 0.054979
2 2 0.047533 0.077053 0.630999 0.206016 0.038400
2 2 0.044895 0.073724 0.653947 0.181601 0.045833
2 2 0.052129 0.073550 0.627494 0.215044 0.031783
2 3 0.053206 0.059519 0.509290 0.355722 0.022263
3 3 0.080710 0.065354 0.303199 0.521851 0.028885
3 3 0.086693 0.057695 0.199626 0.626124 0.029861
3 3 0.097076 0.064982 0.207642 0.595954 0.034345
3 3 0.092484 0.061752 0.204242 0.609179 0.032343
3 3 0.094905 0.063454 0.206063 0.602183 0.033395
3 3 0.087347 0.058153 0.200166 0.624195 0.030139
3 3 0.115598 0.078119 0.219220 0.544337 0.042726
3 3 0.142226 0.097308 0.230605 0.474213 0.055647
3 3 0.122769 0.087132 0.230523 0.507409 0.052167
3 3 0.080301 0.056013 0.202891 0.629630 0.031165
3 3 0.066278 0.047517 0.194867 0.664137 0.027201
3 3 0.057124 0.037270 0.169192 0.718457 0.017957
3 3 0.076421 0.050543 0.190454 0.657005 0.025577
3 3 0.090901 0.060642 0.203018 0.613780 0.031660
3 3 0.080456 0.053345 0.194214 0.644744 0.027242
3 3 0.068495 0.045064 0.182420 0.681642 0.022378
3 3 0.069130 0.045502 0.183098 0.679639 0.022631
3 3 0.121662 0.082457 0.222327 0.527977 0.045577
3 3 0.165486 0.114371 0.236096 0.416219 0.067828
0 3 0.258383 0.186005 0.219818 0.208010 0.127784
0 2 0.257042 0.186505 0.217304 0.205688 0.133462
0 2 0.283949 0.214274 0.186443 0.132897 0.182436
2 2 0.106090 0.181889 0.460538 0.046714 0.204770
2 2 0.038160 0.100521 0.766829 0.037535 0.056956
2 2 0.022841 0.063447 0.843305 0.029351 0.041056
2 2 0.019503 0.056394 0.856398 0.030003 0.037702
2 2 0.020366 0.054321 0.850729 0.043503 0.031080
2 2 0.032352 0.065504 0.768271 0.099081 0.034792
2 2 0.041556 0.066976 0.679139 0.175914 0.036416
2 3 0.046080 0.070188 0.662499 0.187141 0.034092
2 3 0.054462 0.079366 0.629439 0.198813 0.037919
2 3 0.078335 0.094787 0.502077 0.275352 0.049449
2 3 0.111096 0.116760 0.418827 0.271615 0.081702
3 3 0.155710 0.114443 0.241613 0.411766 0.076469
3 3 0.190866 0.142586 0.237933 0.323570 0.105045
3 3 0.197916 0.140577 0.234020 0.333526 0.093961
3 3 0.160902 0.140857 0.278543 0.330597 0.089101
2 3 0.080385 0.108436 0.546111 0.206097 0.058971
2 3 0.052483 0.072445 0.631613 0.195487 0.047971
2 3 0.060878 0.074609 0.574565 0.234112 0.055836
2 3 0.080990 0.082469 0.506567 0.262523 0.067450
2 3 0.076801 0.096093 0.562350 0.181651 0.083105
2 3 0.052331 0.078320 0.675473 0.136401 0.057476
2 3 0.046986 0.075100 0.685077 0.135563 0.057275
2 3 0.060037 0.079385 0.539837 0.269006 0.051734
2 3 0.064772 0.103357 0.615194 0.144044 0.072633
3 3 0.046706 0.066401 0.370808 0.485310 0.030775
3 3 0.050694 0.033557 0.164611 0.735798 0.015339
3 3 0.098375 0.067488 0.276791 0.518557 0.038788
3 3 0.078622 0.052071 0.192531 0.650294 0.026482
3 3 0.083652 0.055572 0.197046 0.635154 0.028577
3 3 0.099228 0.066499 0.209159 0.589820 0.035294
3 3 0.125720 0.085371 0.224231 0.517164 0.047514
3 3 0.095060 0.063563 0.206177 0.601737 0.033463
3 3 0.076573 0.050648 0.190599 0.656540 0.025640
3 3 0.098557 0.066026 0.208691 0.591727 0.034998
3 3 0.127008 0.086298 0.224807 0.513752 0.048135
3 3 0.140579 0.096111 0.230065 0.478427 0.054817
3 3 0.185116 0.129003 0.237744 0.369310 0.078828
3 3 0.184606 0.128620 0.237735 0.370506 0.078533
2 3 0.181931 0.146388 0.317352 0.275050 0.079280
2 3 0.135438 0.125009 0.422351 0.261953 0.055249
2 3 0.104948 0.104246 0.436137 0.307151 0.047518
2 3 0.080828 0.087986 0.468289 0.320687 0.042210
2 3 0.050716 0.080804 0.661273 0.177940 0.029266
2 3 0.033038 0.076298 0.801802 0.060011 0.028852
2 3 0.017796 0.060933 0.881943 0.016155 0.023173
2 3 0.015383 0.054317 0.892546 0.014856 0.022897
2 2 0.021039 0.062031 0.871699 0.023749 0.021482
2 2 0.034546 0.083516 0.809736 0.046179 0.026023
2 2 0.034103 0.086001 0.808418 0.034611 0.036866
2 2 0.023784 0.071191 0.844383 0.024771 0.035871
2 2 0.019807 0.059619 0.868745 0.023579 0.028250
2 2 0.024177 0.065230 0.848508 0.040850 0.021235
2 2 0.029647 0.071763 0.825346 0.049927 0.023317
2 2 0.044429 0.089069 0.750436 0.081601 0.034465
2 3 0.055791 0.090435 0.694173 0.121054 0.038546
2 3 0.089075 0.102893 0.556461 0.213553 0.038018
2 3 0.078307 0.094319 0.594909 0.196302 0.036163
2 3 0.084948 0.090762 0.498487 0.295557 0.030245
2 3 0.091233 0.090541 0.455024 0.329789 0.033414
2 3 0.083633 0.086367 0.441933 0.350307 0.037762
2 3 0.085152 0.089496 0.440486 0.341884 0.042982
2 3 0.111284 0.098219 0.375167 0.358244 0.057087
3 3 0.138124 0.097063 0.270941 0.437326 0.056547
3 3 0.143891 0.098520 0.231131 0.469968 0.056490
3 3 0.174818 0.121299 0.237213 0.393701 0.072970
0 2 0.268581 0.194352 0.213961 0.187069 0.136037
2 2 0.227007 0.185675 0.290447 0.115915 0.180956
2 2 0.137499 0.190193 0.452346 0.078561 0.141400
2 2 0.048729 0.092591 0.730143 0.062876 0.065661
2 2 0.042247 0.074999 0.743477 0.091969 0.047308
2 2 0.071462 0.078417 0.535105 0.264474 0.050542
2 3 0.075106 0.082646 0.512538 0.267735 0.061976
2 3 0.059284 0.092323 0.646488 0.146751 0.055153
2 3 0.030562 0.072027 0.803665 0.064410 0.029336
2 3 0.024481 0.059720 0.823690 0.070697 0.021412
2 3 0.019221 0.051015 0.834883 0.077269 0.017612
2 3 0.021406 0.051290 0.796081 0.111543 0.019680
2 3 0.027456 0.056583 0.775067 0.112779 0.028115
2 3 0.047183 0.067227 0.652998 0.184233 0.048360
2 3 0.074729 0.083726 0.561747 0.235657 0.044140
2 3 0.100683 0.090652 0.469023 0.297326 0.042316
2 3 0.059996 0.079881 0.603863 0.221795 0.034464
2 3 0.045383 0.070585 0.635971 0.219028 0.029032
2 3 0.040266 0.062427 0.650883 0.212448 0.033976
2 3 0.051890 0.066484 0.515830 0.334329 0.031466
2 3 0.075773 0.088392 0.438524 0.348139 0.049172
2 3 0.063326 0.085789 0.554500 0.257153 0.039232
2 3 0.076090 0.092898 0.517902 0.270255 0.042855
2 3 0.075745 0.086596 0.545499 0.232184 0.059976
2 3 0.069766 0.080873 0.504899 0.303627 0.040836
2 3 0.067404 0.072207 0.448835 0.376659 0.034895
3 3 0.064203 0.064205 0.414171 0.418538 0.038882
3 3 0.094739 0.080848 0.338498 0.435935 0.049980
3 3 0.143364 0.100240 0.287813 0.406832 0.061751
0 2 0.251477 0.180426 0.223257 0.222381 0.122458
0 2 0.284500 0.217484 0.178792 0.122118 0.197106
0 1 0.283875 0.221795 0.165675 0.105293 0.223363
2 2 0.213884 0.195505 0.291933 0.075748 0.222930
2 2 0.128913 0.147653 0.542515 0.099964 0.080956
2 2 0.097950 0.104811 0.582756 0.156630 0.057854
2 2 0.105540 0.122656 0.529446 0.174457 0.067901
2 2 0.062272 0.117679 0.676898 0.076768 0.066382
2 2 0.036808 0.102653 0.770768 0.029893 0.059878
2 2 0.024448 0.083229 0.789759 0.015308 0.087255
2 2 0.029182 0.092736 0.640301 0.013557 0.224225
2 2 0.034438 0.102832 0.578653 0.014848 0.269230
2 2 0.038919 0.104670 0.480910 0.013868 0.361633
4 2 0.039106 0.097664 0.348819 0.012814 0.501596
4 2 0.040968 0.091429 0.233567 0.013022 0.621012
4 4 0.064581 0.129433 0.292878 0.024189 0.488919
4 4 0.078819 0.133034 0.190129 0.023716 0.574302
4 4 0.066387 0.124742 0.227326 0.019320 0.562225
4 4 0.050116 0.099694 0.173310 0.013562 0.663318
4 4 0.043073 0.091552 0.208882 0.012595 0.643898
4 4 0.031736 0.075953 0.159353 0.008315 0.724643
4 4 0.034664 0.081087 0.121906 0.009022 0.753321
4 4 0.032561 0.078283 0.103447 0.008302 0.777407
4 4 0.048609 0.102441 0.073757 0.014511 0.760683
4 4 0.045447 0.097859 0.076257 0.013020 0.767418
4 4 0.047821 0.099740 0.083765 0.012708 0.755966
4 4 0.042836 0.091690 0.138423 0.011233 0.715819
4 4 0.034908 0.094264 0.315364 0.010720 0.544744
4 2 0.036313 0.100412 0.353727 0.011566 0.497983
4 2 0.037090 0.100065 0.366733 0.011685 0.484428
4 2 0.040553 0.100632 0.317674 0.011945 0.529196
4 2 0.040790 0.090942 0.226635 0.010804 0.630829
4 2 0.041476 0.092445 0.225023 0.010416 0.630640
4 2 0.038551 0.087350 0.188214 0.009827 0.676058
4 2 0.044482 0.106759 0.259777 0.013358 0.575625
4 2 0.037242 0.100258 0.345428 0.011932 0.505139
2 2 0.032843 0.100572 0.544177 0.012993 0.309415
2 2 0.043159 0.107948 0.469470 0.017277 0.362146
4 2 0.047841 0.110654 0.293923 0.016466 0.531116
4 2 0.061180 0.115413 0.192203 0.019764 0.611440
4 2 0.067023 0.121074 0.147567 0.020754 0.643581
4 2 0.045745 0.095022 0.173894 0.012986 0.672352
4 2 0.038845 0.087046 0.110356 0.009991 0.753762
4 2 0.033211 0.080778 0.215495 0.009304 0.661212
4 2 0.038817 0.093656 0.260123 0.011331 0.596074
2 2 0.032825 0.096486 0.446271 0.011298 0.413120
2 2 0.029261 0.092186 0.532983 0.010299 0.335271
2 2 0.026929 0.091691 0.598653 0.009955 0.272773
2 2 0.025811 0.085688 0.648443 0.010015 0.230043
2 2 0.030870 0.091522 0.554647 0.011207 0.311754
2 2 0.044256 0.125568 0.454545 0.017924 0.357708
2 2 0.062358 0.132191 0.536524 0.044777 0.224150
4 2 0.051628 0.121382 0.379861 0.020398 0.426732
2 2 0.055194 0.133954 0.470498 0.023589 0.316765
2 2 0.048889 0.124695 0.507582 0.020748 0.298086
2 2 0.037492 0.115637 0.557484 0.014861 0.274527
2 2 0.039412 0.124423 0.586533 0.015332 0.234300
2 2 0.043300 0.125102 0.643383 0.018690 0.169525
2 2 0.047269 0.138013 0.635486 0.023108 0.156124
2 2 0.031437 0.110417 0.737161 0.016995 0.103989
2 2 0.028088 0.101692 0.772892 0.017521 0.079807
2 2 0.026019 0.088685 0.799361 0.016475 0.069459
2 2 0.017136 0.070190 0.843974 0.008954 0.059746
2 2 0.017408 0.068870 0.846866 0.008987 0.057870
2 2 0.019890 0.068692 0.838987 0.010497 0.061935
2 2 0.030982 0.102622 0.749036 0.015636 0.101724
2 2 0.022278 0.089287 0.813772 0.012068 0.062595
2 2 0.026027 0.094688 0.791544 0.014344 0.073396
2 2 0.035294 0.104852 0.736645 0.019922 0.103287
2 2 0.050104 0.121976 0.706227 0.030395 0.091299
2 2 0.044734 0.109429 0.749604 0.028988 0.067245
2 2 0.034617 0.094334 0.784866 0.020998 0.065184
2 2 0.030631 0.088233 0.801522 0.023379 0.056235
2 2 0.021677 0.071190 0.840012 0.013583 0.053538
2 2 0.019500 0.067315 0.849490 0.010552 0.053144
2 2 0.023403 0.078009 0.830947 0.013927 0.053714
2 2 0.020358 0.065367 0.854065 0.015051 0.045159
2 2 0.025785 0.066656 0.837452 0.032317 0.037790
2 2 0.026365 0.063980 0.824389 0.046656 0.038610
2 2 0.035757 0.080858 0.783910 0.048371 0.051104
2 2 0.059558 0.100182 0.709032 0.071855 0.059374
2 2 0.149815 0.153312 0.449374 0.126887 0.120611
2 2 0.125170 0.151470 0.500799 0.103207 0.119354
2 2 0.103119 0.162483 0.560910 0.058265 0.115222
2 2 0.056287 0.127532 0.668693 0.031365 0.116123
2 2 0.037958 0.112508 0.708156 0.021835 0.119544
2 2 0.034629 0.100614 0.730775 0.019426 0.114556
2 2 0.019697 0.064437 0.858823 0.015334 0.041710
2 2 0.018221 0.060219 0.875270 0.017419 0.028870
2 2 0.021088 0.069491 0.862987 0.022504 0.023930
2 2 0.020842 0.066388 0.866999 0.024045 0.021727
2 2 0.023336 0.068176 0.845457 0.035416 0.027614
2 2 0.020984 0.066219 0.848512 0.026294 0.037991
2 2 0.017882 0.061216 0.864460 0.027932 0.028511
2 2 0.021431 0.063844 0.842134 0.040661 0.031930
2 2 0.026318 0.070265 0.814681 0.055569 0.033167
2 2 0.026784 0.070276 0.817933 0.038784 0.046223
2 2 0.025546 0.065229 0.841354 0.032187 0.035683
2 2 0.037131 0.076390 0.801543 0.049495 0.035440
2 2 0.061126 0.089399 0.673703 0.127770 0.048003
2 2 0.089499 0.101088 0.521337 0.241545 0.046531
2 3 0.116065 0.117398 0.443224 0.252791 0.070522
2 3 0.074674 0.107946 0.625634 0.121952 0.069793
2 3 0.043240 0.080747 0.759305 0.089647 0.027061
2 3 0.050011 0.082347 0.700118 0.126354 0.041170
2 3 0.076164 0.093058 0.545277 0.250148 0.035353
2 3 0.100109 0.107346 0.498174 0.236302 0.058070
2 3 0.074889 0.089640 0.477381 0.302979 0.055111
3 3 0.075239 0.077285 0.364209 0.439481 0.043787
3 3 0.063557 0.056177 0.281316 0.563122 0.035828
3 3 0.065798 0.045046 0.202479 0.665336 0.021341
3 3 0.085921 0.057948 0.236918 0.587832 0.031381
3 3 0.086867 0.057817 0.199770 0.625612 0.029935
3 3 0.084351 0.056060 0.197649 0.633070 0.028871
3 3 0.069372 0.045668 0.183353 0.678879 0.022727
3 3 0.072015 0.047493 0.186098 0.670606 0.023787
3 3 0.066278 0.043538 0.180008 0.688675 0.021500
3 3 0.063567 0.041676 0.176953 0.697367 0.020437
3 3 0.060757 0.039751 0.173657 0.706489 0.019347
3 3 0.061397 0.040189 0.174419 0.704401 0.019594
3 3 0.065807 0.043214 0.179485 0.690179 0.021315
3 3 0.077104 0.051016 0.191105 0.654918 0.025857
3 3 0.108018 0.072721 0.214875 0.565148 0.039237
3 3 0.088233 0.058773 0.200891 0.621587 0.030516
3 3 0.087571 0.058309 0.200350 0.623537 0.030234
3 3 0.103209 0.069313 0.211842 0.578569 0.037067
3 3 0.156768 0.107942 0.234498 0.437634 0.063159
3 3 0.211101 0.148738 0.235837 0.309762 0.094563
0 3 0.253936 0.190714 0.210192 0.190598 0.154560
0 2 0.254041 0.187485 0.214067 0.201024 0.143383
2 2 0.173886 0.170163 0.284130 0.148033 0.223788
2 2 0.094295 0.135002 0.513808 0.160026 0.096868
2 2 0.056145 0.092225 0.676609 0.112501 0.062520
2 2 0.046519 0.092387 0.722035 0.050330 0.088730
2 2 0.045064 0.110063 0.675185 0.026046 0.143641
2 2 0.028587 0.091717 0.785521 0.017666 0.076509
2 2 0.026790 0.080360 0.813538 0.020011 0.059300
2 2 0.017861 0.060064 0.864641 0.012787 0.044647
2 2 0.016674 0.058310 0.869545 0.014944 0.040527
2 2 0.017099 0.059434 0.867803 0.015560 0.040105
2 2 0.015314 0.057704 0.869120 0.013636 0.044226
2 2 0.016377 0.060775 0.857701 0.015923 0.049224
2 2 0.014551 0.052870 0.875505 0.017497 0.039577
2 2 0.023074 0.063687 0.832526 0.046519 0.034194
2 2 0.027915 0.066532 0.793371 0.067800 0.044382
2 2 0.029960 0.069443 0.785851 0.074010 0.040736
2 2 0.023249 0.060909 0.832277 0.046630 0.036936
2 2 0.027665 0.070708 0.814549 0.047451 0.039627
2 2 0.031766 0.074957 0.796371 0.056281 0.040626
2 2 0.056484 0.086374 0.662664 0.158360 0.036118
2 2 0.075201 0.084680 0.530129 0.274953 0.035036
2 2 0.090075 0.095259 0.431783 0.330310 0.052573
2 2 0.089557 0.101598 0.493215 0.248759 0.066871
2 2 0.093094 0.105447 0.479273 0.255908 0.066278
2 1 0.150730 0.155988 0.431197 0.149771 0.112313
0 1 0.266080 0.209860 0.212003 0.104729 0.207327
2 1 0.233607 0.201995 0.255324 0.080478 0.228595
4 2 0.197656 0.192415 0.244739 0.068954 0.296236
2 2 0.087230 0.151465 0.479819 0.036373 0.245112
2 2 0.070869 0.143489 0.496125 0.030450 0.259067
2 2 0.041402 0.109618 0.620000 0.017355 0.211626
2 2 0.036669 0.107491 0.697435 0.017327 0.141077
2 2 0.026235 0.084367 0.816292 0.017651 0.055456
2 2 0.022414 0.066806 0.859804 0.024862 0.026113
2 2 0.029798 0.078894 0.817358 0.039880 0.034070
2 2 0.025786 0.072064 0.832916 0.029941 0.039294
2 2 0.018487 0.061160 0.863280 0.020159 0.036914
2 2 0.015508 0.057310 0.879707 0.010406 0.037069
2 2 0.012529 0.050774 0.898316 0.008782 0.029599
2 2 0.018521 0.060443 0.848689 0.010491 0.061856
2 2 0.028233 0.084989 0.777506 0.034698 0.074574
2 2 0.029576 0.069877 0.776376 0.081427 0.042744
2 2 0.019908 0.070648 0.812895 0.012738 0.083811
2 2 0.016019 0.056657 0.875619 0.014678 0.037027
2 2 0.025990 0.071923 0.833424 0.025140 0.043524
2 2 0.035425 0.086829 0.780517 0.046732 0.050498
2 2 0.041320 0.088173 0.761666 0.073783 0.035057
2 2 0.066188 0.116668 0.669799 0.082466 0.064878
2 2 0.076052 0.139980 0.643018 0.045487 0.095463
2 2 0.128132 0.176826 0.519348 0.056320 0.119373
2 0 0.196486 0.183635 0.313796 0.070854 0.235229
2 1 0.139759 0.182653 0.426840 0.045584 0.205164
2 2 0.121491 0.179642 0.505334 0.051008 0.142524
2 2 0.036088 0.083640 0.811418 0.029963 0.038891
2 2 0.037345 0.083273 0.810170 0.039266 0.029945
2 2 0.026354 0.072388 0.849603 0.021493 0.030162
2 2 0.018244 0.061694 0.884051 0.012244 0.023768
2 2 0.025991 0.079841 0.849543 0.016520 0.028106
2 2 0.040430 0.112688 0.772717 0.023839 0.050326
2 2 0.050066 0.126098 0.753854 0.026331 0.043651
2 2 0.042610 0.110163 0.776592 0.020400 0.050235
2 2 0.035183 0.094914 0.789807 0.015260 0.064836
2 2 0.032630 0.086138 0.829161 0.015845 0.036226
2 2 0.040041 0.084585 0.838509 0.018271 0.018594
2 2 0.149110 0.155937 0.537578 0.065572 0.091804
2 0 0.253439 0.196954 0.261989 0.103652 0.183967
0 0 0.271407 0.217238 0.182549 0.087812 0.240995
0 0 0.279535 0.225328 0.147189 0.084170 0.263779
4 1 0.268322 0.225465 0.122366 0.061166 0.322681
4 1 0.277492 0.225924 0.140844 0.078135 0.277605
0 1 0.284007 0.221475 0.166826 0.106695 0.220997
0 0 0.280370 0.205665 0.202647 0.158602 0.152716
0 0 0.281902 0.208725 0.197419 0.149832 0.162122
0 1 0.283865 0.216633 0.183064 0.126837 0.189601
0 1 0.250540 0.249778 0.237509 0.119281 0.142891
0 0 0.283947 0.214268 0.186456 0.132917 0.182411
0 0 0.284247 0.215593 0.183450 0.128588 0.188123
0 0 0.284269 0.215709 0.183178 0.128202 0.188643
0 1 0.283137 0.223042 0.160708 0.099406 0.233706
0 1 0.280771 0.224949 0.150489 0.088034 0.255758
0 1 0.273749 0.234004 0.171921 0.092036 0.228290
2 2 0.117706 0.182510 0.500608 0.040090 0.159084
2 2 0.038483 0.108791 0.677894 0.015974 0.158858
2 2 0.018903 0.074445 0.732428 0.008146 0.166078
4 2 0.024695 0.082970 0.430754 0.008439 0.453142
4 2 0.028632 0.075161 0.164109 0.007948 0.724150
4 2 0.027736 0.071029 0.071679 0.006719 0.822837
4 2 0.023305 0.064016 0.038825 0.005638 0.868216
4 4 0.028242 0.072872 0.048864 0.007445 0.842577
4 4 0.053564 0.107048 0.063574 0.014101 0.761713
4 4 0.076481 0.128504 0.067515 0.016679 0.710821
4 4 0.063768 0.115017 0.057857 0.013020 0.750337
4 4 0.069667 0.119604 0.056307 0.012852 0.741570
4 4 0.057274 0.109519 0.059354 0.013109 0.760745
4 4 0.075003 0.127152 0.066949 0.016412 0.714485
4 4 0.107464 0.154870 0.082756 0.024021 0.630889
4 4 0.128786 0.167794 0.082377 0.025276 0.595767
4 4 0.091754 0.140527 0.068971 0.018022 0.680725
4 4 0.049773 0.099341 0.049579 0.010049 0.791258
4 4 0.030394 0.075244 0.131035 0.008427 0.754899
4 4 0.032115 0.077530 0.134061 0.008722 0.747572
4 4 0.041312 0.091301 0.082538 0.010875 0.773973
4 4 0.082769 0.138613 0.089553 0.024744 0.664320
4 4 0.104692 0.153214 0.083509 0.024122 0.634463
4 4 0.083980 0.135381 0.071213 0.018342 0.691083
4 4 0.074678 0.123524 0.055772 0.012922 0.733105
4 4 0.054077 0.101066 0.042587 0.008429 0.793840
4 4 0.060595 0.104781 0.037519 0.007363 0.789742
4 4 0.055276 0.102439 0.043273 0.008649 0.790363
4 4 0.046805 0.092316 0.038064 0.007061 0.815753
4 4 0.035675 0.081569 0.041406 0.007399 0.833950
4 4 0.034454 0.081057 0.048129 0.008054 0.828306
4 4 0.032866 0.079259 0.097654 0.008719 0.781502
4 4 0.031257 0.076063 0.118323 0.008003 0.766354
4 4 0.036243 0.082881 0.134160 0.009352 0.737365
4 4 0.043675 0.093940 0.187232 0.011917 0.663236
4 4 0.047878 0.097848 0.129954 0.012151 0.712168
4 4 0.040932 0.088728 0.128553 0.009997 0.731789
4 4 0.041166 0.089977 0.098629 0.010160 0.760069
4 4 0.044730 0.093762 0.120784 0.010885 0.729839
4 4 0.044190 0.094047 0.103068 0.011168 0.747527
4 4 0.035848 0.083152 0.094956 0.009104 0.776940
4 4 0.032842 0.078591 0.104374 0.008306 0.775887
4 4 0.037054 0.086014 0.087236 0.010319 0.779376
4 4 0.034491 0.082009 0.100758 0.009558 0.773184
4 4 0.039396 0.089643 0.083796 0.011272 0.775893
4 4 0.062970 0.119682 0.079454 0.019642 0.718252
4 4 0.074881 0.129633 0.077279 0.019806 0.698402
4 4 0.081723 0.134034 0.072737 0.018721 0.692786
4 4 0.100668 0.148840 0.076676 0.021284 0.652533
4 4 0.094178 0.144558 0.077651 0.021230 0.662384
4 4 0.091784 0.143997 0.082605 0.022877 0.658737
4 4 0.069083 0.121191 0.063235 0.014913 0.731578
4 4 0.056856 0.109135 0.059394 0.013097 0.761519
4 4 0.045231 0.096580 0.066461 0.011738 0.779989
4 4 0.057264 0.111637 0.080691 0.015916 0.734492
4 4 0.064654 0.119333 0.071011 0.017062 0.727940
4 4 0.067075 0.122492 0.076168 0.018630 0.715635
4 4 0.060416 0.114487 0.067032 0.015558 0.742507
4 4 0.051469 0.104338 0.077830 0.013674 0.752689
4 4 0.047043 0.098472 0.088801 0.012332 0.753353
4 4 0.028513 0.070787 0.132396 0.006692 0.761612
4 4 0.029070 0.089247 0.352587 0.009312 0.519783
2 2 0.018597 0.071224 0.720039 0.008906 0.181234
2 2 0.015480 0.060369 0.823998 0.009202 0.090951
2 2 0.015503 0.061183 0.830810 0.009205 0.083300
2 2 0.014365 0.060077 0.830249 0.007796 0.087513
2 2 0.013252 0.057908 0.823254 0.006658 0.098927
2 2 0.011585 0.051978 0.840491 0.005748 0.090198
2 2 0.011240 0.049657 0.851714 0.005526 0.081864
2 2 0.012623 0.053532 0.826579 0.005963 0.101303
2 2 0.013103 0.055796 0.820602 0.006335 0.104164
2 2 0.013120 0.055598 0.821249 0.006490 0.103544
2 2 0.014332 0.060887 0.809949 0.007268 0.107563
2 2 0.013818 0.056797 0.825854 0.006969 0.096561
2 2 0.014089 0.056449 0.846305 0.007203 0.075954
2 2 0.022898 0.075184 0.789112 0.012647 0.100159
2 2 0.024020 0.081056 0.776321 0.014908 0.103695
2 2 0.024712 0.078444 0.786305 0.015053 0.095486
2 2 0.027394 0.082868 0.778663 0.017164 0.093910
2 2 0.038733 0.108461 0.713671 0.032304 0.106831
2 2 0.033279 0.102433 0.681966 0.016949 0.165373
2 2 0.021774 0.073439 0.715740 0.009246 0.179801
2 2 0.012015 0.050208 0.858014 0.005464 0.074300
2 2 0.010645 0.048817 0.873297 0.005169 0.062073
2 2 0.010703 0.048494 0.876731 0.005179 0.058893
2 2 0.012690 0.053945 0.866203 0.006430 0.060732
2 2 0.010683 0.048483 0.886099 0.005516 0.049219
2 2 0.011032 0.048924 0.888388 0.006180 0.045476
2 2 0.012146 0.052649 0.863817 0.006766 0.064622
2 2 0.011369 0.052613 0.879027 0.006761 0.050230
2 2 0.017300 0.063883 0.859716 0.011439 0.047661
2 2 0.015729 0.058192 0.873716 0.010167 0.042196
2 2 0.016075 0.059281 0.877708 0.010366 0.036569
2 2 0.018345 0.066290 0.860610 0.012442 0.042312
2 2 0.018324 0.065974 0.855863 0.012452 0.047386
2 2 0.015623 0.059413 0.870774 0.010485 0.043705
2 2 0.012580 0.051790 0.883737 0.007980 0.043912
2 2 0.010042 0.042916 0.903230 0.006260 0.037551
2 2 0.011344 0.045473 0.899546 0.006871 0.036766
2 2 0.014294 0.053910 0.883886 0.008984 0.038926
2 2 0.027315 0.079294 0.808936 0.017431 0.067024
2 2 0.034137 0.091440 0.802947 0.021842 0.049634
2 2 0.046926 0.118590 0.755486 0.032617 0.046381
2 2 0.026934 0.087281 0.833603 0.018984 0.033198
2 2 0.015251 0.061990 0.881896 0.010842 0.030022
2 2 0.011568 0.050737 0.891600 0.007452 0.038642
2 2 0.010059 0.044512 0.909004 0.006443 0.029982
2 2 0.016763 0.060288 0.880971 0.012039 0.029939
2 2 0.019693 0.052053 0.878357 0.027113 0.022783
2 2 0.024312 0.057756 0.834324 0.061466 0.022143
2 2 0.018514 0.050245 0.865880 0.047236 0.018125
2 2 0.017042 0.053188 0.873129 0.031251 0.025389
2 2 0.018790 0.056731 0.865637 0.020521 0.038321
2 2 0.020124 0.060618 0.853687 0.018955 0.046617
2 2 0.021269 0.062110 0.836762 0.026278 0.053580
2 2 0.029255 0.075802 0.798367 0.044287 0.052290
2 2 0.032373 0.079963 0.786237 0.052496 0.048932
2 2 0.032406 0.075153 0.770317 0.069286 0.052839
2 2 0.054440 0.082156 0.599689 0.203175 0.060540
2 3 0.087538 0.084911 0.476729 0.278133 0.072688
2 3 0.097277 0.091890 0.401959 0.349186 0.059689
2 3 0.057737 0.083061 0.603067 0.197101 0.059033
2 3 0.058274 0.090921 0.672423 0.110541 0.067841
2 3 0.046971 0.082648 0.722529 0.094974 0.052878
2 3 0.062032 0.084955 0.624144 0.172832 0.056037
2 3 0.056599 0.077645 0.626560 0.199700 0.039496
2 3 0.055808 0.081980 0.598186 0.222135 0.041891
2 3 0.065274 0.081222 0.509084 0.298253 0.046166
2 3 0.074743 0.092579 0.459084 0.313213 0.060381
3 3 0.099569 0.096185 0.321399 0.417328 0.065519
3 3 0.112640 0.086480 0.265703 0.475948 0.059230
3 3 0.107330 0.093960 0.336032 0.404550 0.058128
2 3 0.085244 0.087286 0.413804 0.377287 0.036379
2 3 0.079410 0.077535 0.438530 0.350804 0.053722
3 3 0.097752 0.079192 0.354993 0.408969 0.059094
3 3 0.113319 0.077245 0.219650 0.546999 0.042787
3 3 0.095493 0.063868 0.206495 0.600493 0.033652
3 3 0.089720 0.059814 0.202086 0.617227 0.031153
3 3 0.082323 0.054645 0.195883 0.639129 0.028020
3 3 0.086364 0.057466 0.199352 0.627096 0.029722
3 3 0.073469 0.050687 0.195119 0.653276 0.027449
3 3 0.049965 0.032404 0.159646 0.742705 0.015279
3 3 0.045880 0.029644 0.153703 0.756982 0.013791
3 3 0.040597 0.026093 0.145396 0.776004 0.011910
3 3 0.038625 0.024773 0.142096 0.783284 0.011222
3 3 0.046766 0.030242 0.155025 0.753856 0.014111
3 3 0.047361 0.030643 0.155903 0.751766 0.014327
3 3 0.061889 0.040526 0.175001 0.702798 0.019785
3 3 0.078152 0.051744 0.192093 0.651722 0.026289
3 3 0.106322 0.071518 0.213831 0.569861 0.038468
3 3 0.087807 0.058475 0.200543 0.622840 0.030335
3 3 0.071253 0.046967 0.185317 0.672982 0.023481
3 3 0.051108 0.033179 0.161242 0.738771 0.015701
3 3 0.056318 0.036720 0.168168 0.721143 0.017651
3 3 0.064970 0.042639 0.178548 0.692857 0.020986
3 3 0.068041 0.044752 0.181933 0.683077 0.022198
3 3 0.083286 0.055316 0.196728 0.636247 0.028423
3 3 0.078979 0.052319 0.192863 0.649209 0.026630
3 3 0.076950 0.050910 0.190959 0.655387 0.025794
3 3 0.096317 0.064448 0.207095 0.598128 0.034012
3 3 0.122460 0.083030 0.222713 0.525842 0.045956
3 2 0.196940 0.137928 0.237454 0.341869 0.085809
3 2 0.237423 0.170072 0.237532 0.240295 0.114678
2 2 0.163233 0.180552 0.403256 0.133928 0.119031
2 2 0.079950 0.147076 0.591579 0.043086 0.138309
2 2 0.028923 0.091460 0.796340 0.017462 0.065816
2 2 0.015759 0.063464 0.863860 0.009845 0.047072
2 2 0.015978 0.062484 0.865306 0.011229 0.045002
2 2 0.013962 0.054266 0.894275 0.010714 0.026783
2 2 0.013566 0.051832 0.898877 0.011142 0.024582
2 2 0.018772 0.060816 0.868742 0.017148 0.034522
2 2 0.027188 0.075972 0.819792 0.025881 0.051168
2 2 0.027332 0.079687 0.823211 0.023136 0.046634
2 2 0.016225 0.058747 0.873860 0.010370 0.040797
2 2 0.013532 0.055276 0.891850 0.009780 0.029563
2 2 0.011680 0.046623 0.901171 0.012688 0.027838
