3 0 0.088610 0.021491 0.101447 0.773914 0.014537
3 0 0.330053 0.063413 0.096100 0.437324 0.073111
3 0 0.124891 0.016028 0.047274 0.796274 0.015533
3 0 0.163254 0.024656 0.062949 0.726385 0.022756
3 0 0.082505 0.016041 0.062754 0.825983 0.012717
3 0 0.063797 0.023827 0.115765 0.777830 0.018781
3 0 0.050448 0.024662 0.139224 0.768483 0.017183
3 0 0.028165 0.018953 0.152373 0.786466 0.014043
3 0 0.025552 0.017516 0.148956 0.794850 0.013127
3 0 0.042371 0.029379 0.213456 0.696801 0.017993
3 0 0.061144 0.041349 0.271158 0.605935 0.020415
3 0 0.143383 0.073100 0.297036 0.453064 0.033416
3 0 0.174713 0.085631 0.307345 0.394220 0.038090
3 0 0.211029 0.101704 0.301971 0.337501 0.047796
3 0 0.242056 0.092481 0.248321 0.367759 0.049383
3 0 0.295871 0.094095 0.194307 0.351661 0.064066
0 0 0.379137 0.093428 0.139200 0.306520 0.081715
0 0 0.532394 0.084581 0.075878 0.208810 0.098338
0 0 0.522025 0.086096 0.082822 0.213923 0.095133
0 0 0.594556 0.068083 0.058351 0.202818 0.076193
3 0 0.393580 0.060353 0.092872 0.394062 0.059133
3 0 0.312070 0.049605 0.094757 0.498306 0.045262
3 0 0.188937 0.026563 0.070357 0.693285 0.020858
3 0 0.399987 0.039334 0.051957 0.471760 0.036962
0 0 0.540120 0.037794 0.033416 0.347537 0.041133
0 0 0.748074 0.034895 0.016977 0.161863 0.038191
0 0 0.619071 0.028046 0.020041 0.297194 0.035647
0 0 0.573598 0.023251 0.018360 0.356835 0.027955
0 0 0.502361 0.032866 0.031731 0.388443 0.044599
3 0 0.273978 0.027193 0.047042 0.620352 0.031434
3 0 0.316887 0.031300 0.048357 0.569431 0.034026
3 0 0.330986 0.020245 0.028726 0.595441 0.024602
3 0 0.411951 0.028252 0.033626 0.493315 0.032857
0 0 0.770587 0.040785 0.017138 0.113103 0.058387
0 0 0.754442 0.048423 0.019759 0.094495 0.082882
0 0 0.739185 0.053573 0.019917 0.070583 0.116741
0 0 0.618799 0.083661 0.044728 0.101017 0.151795
0 0 0.521627 0.108342 0.073258 0.118946 0.177827
0 0 0.438459 0.128267 0.108612 0.142286 0.182377
0 0 0.526411 0.105988 0.074823 0.134484 0.158294
0 0 0.400427 0.087270 0.106429 0.304487 0.101387
0 0 0.418741 0.052640 0.063377 0.408674 0.056567
3 0 0.019855 0.004022 0.033091 0.940256 0.002776
3 0 0.001915 0.000140 0.002985 0.994870 0.000089
3 0 0.002548 0.000188 0.003500 0.993644 0.000120
3 0 0.058506 0.003842 0.015234 0.919279 0.003140
3 0 0.389074 0.054540 0.070857 0.424326 0.061203
0 0 0.699436 0.062977 0.025061 0.070396 0.142130
0 0 0.424580 0.132775 0.111009 0.129641 0.201994
0 0 0.405895 0.133942 0.124765 0.154262 0.181137
3 0 0.301774 0.093403 0.144891 0.345625 0.114307
0 0 0.485874 0.057004 0.057331 0.328485 0.071306
0 0 0.497623 0.029819 0.028936 0.405684 0.037937
0 0 0.656482 0.021993 0.014032 0.275100 0.032392
0 0 0.635594 0.039468 0.027067 0.246919 0.050952
0 0 0.626770 0.032844 0.023045 0.268285 0.049055
0 0 0.625034 0.045930 0.031732 0.225600 0.071705
0 0 0.723174 0.045194 0.022115 0.130988 0.078529
0 0 0.770954 0.044104 0.017006 0.089318 0.078619
0 0 0.615202 0.062327 0.041341 0.178629 0.102501
0 0 0.527748 0.045380 0.041267 0.322414 0.063192
3 0 0.207497 0.030852 0.067652 0.658674 0.035324
3 0 0.245277 0.024439 0.045522 0.661096 0.023666
3 0 0.193444 0.025037 0.056690 0.697551 0.027277
3 0 0.390849 0.043927 0.056744 0.450569 0.057910
0 0 0.603243 0.059704 0.042010 0.201040 0.094003
0 0 0.559511 0.063979 0.051780 0.227060 0.097670
0 0 0.684630 0.039364 0.024654 0.195295 0.056058
0 0 0.840523 0.018489 0.006723 0.104113 0.030152
0 0 0.877277 0.009375 0.002836 0.096665 0.013847
0 0 0.814652 0.010024 0.003654 0.156283 0.015388
3 0 0.124219 0.003027 0.006714 0.863743 0.002298
3 0 0.039215 0.000769 0.002961 0.956556 0.000500
3 0 0.022875 0.000648 0.003460 0.972648 0.000368
3 0 0.074440 0.004186 0.014059 0.904620 0.002695
3 0 0.117194 0.008051 0.022170 0.846107 0.006478
3 0 0.011071 0.000842 0.007738 0.979809 0.000542
3 0 0.000986 0.000054 0.001517 0.997405 0.000038
3 0 0.000315 0.000017 0.000780 0.998878 0.000010
3 0 0.002682 0.000188 0.003389 0.993608 0.000134
3 0 0.027726 0.002681 0.016505 0.951129 0.001959
3 1 0.133452 0.018295 0.052471 0.777117 0.018665
0 1 0.439477 0.112764 0.108354 0.198660 0.140745
0 1 0.365525 0.146660 0.142263 0.139373 0.206179
2 2 0.093176 0.177129 0.399601 0.116083 0.214010
2 2 0.017896 0.074363 0.718961 0.145521 0.043260
2 2 0.020041 0.089811 0.722702 0.112674 0.054772
2 2 0.017580 0.107423 0.720169 0.072051 0.082777
2 2 0.018234 0.117416 0.694756 0.066099 0.103495
2 2 0.017333 0.114803 0.699725 0.065938 0.102202
2 2 0.012841 0.083696 0.766246 0.082674 0.054543
2 2 0.010063 0.062530 0.791397 0.103666 0.032344
2 2 0.008541 0.049053 0.797767 0.124495 0.020144
2 2 0.008190 0.043761 0.787190 0.143993 0.016865
2 2 0.007670 0.038247 0.779953 0.161121 0.013009
2 2 0.007178 0.029568 0.728286 0.226036 0.008932
2 3 0.009025 0.023608 0.590803 0.369632 0.006932
3 3 0.009715 0.014964 0.388028 0.583019 0.004275
3 3 0.010115 0.011464 0.289246 0.686006 0.003169
3 3 0.006244 0.007130 0.243356 0.741371 0.001899
3 3 0.004565 0.005382 0.230557 0.758227 0.001269
3 3 0.002918 0.003687 0.220733 0.771931 0.000731
3 3 0.002972 0.003499 0.201773 0.791029 0.000727
3 3 0.002619 0.002555 0.147851 0.846393 0.000582
3 3 0.001958 0.001338 0.080599 0.915778 0.000326
3 3 0.001479 0.000769 0.047765 0.949785 0.000203
3 3 0.001470 0.000761 0.047186 0.950387 0.000197
3 3 0.001728 0.001114 0.071526 0.925379 0.000253
3 3 0.001971 0.001612 0.103057 0.892996 0.000363
3 3 0.002018 0.001801 0.113974 0.881786 0.000422
3 3 0.002193 0.001710 0.098648 0.897021 0.000428
3 3 0.001398 0.000896 0.063629 0.933867 0.000210
3 3 0.001604 0.000870 0.053759 0.943555 0.000211
3 3 0.001566 0.000923 0.058923 0.938361 0.000227
3 3 0.002159 0.001156 0.057991 0.938377 0.000318
3 3 0.002486 0.001354 0.061510 0.934247 0.000403
3 3 0.004110 0.002360 0.078029 0.914654 0.000846
3 3 0.003074 0.001722 0.066884 0.927730 0.000590
3 3 0.012328 0.009270 0.174020 0.800473 0.003910
3 3 0.005304 0.004404 0.156755 0.832343 0.001194
3 3 0.005166 0.003269 0.119179 0.871632 0.000753
3 3 0.003404 0.001927 0.069947 0.924034 0.000688
3 3 0.000809 0.000410 0.026826 0.971796 0.000159
3 3 0.000848 0.000427 0.028316 0.970259 0.000150
3 3 0.001199 0.000620 0.035891 0.962077 0.000213
3 3 0.001214 0.000626 0.036560 0.961396 0.000204
3 3 0.000855 0.000431 0.029849 0.968722 0.000144
3 3 0.000683 0.000337 0.025371 0.973500 0.000109
3 3 0.000530 0.000258 0.022271 0.976856 0.000085
3 3 0.000431 0.000203 0.020679 0.978632 0.000056
3 3 0.000646 0.000313 0.027314 0.971644 0.000083
3 3 0.000603 0.000291 0.025950 0.973077 0.000079
3 3 0.000722 0.000356 0.028136 0.970681 0.000104
3 3 0.000589 0.000289 0.024158 0.974869 0.000094
3 3 0.000863 0.000436 0.031225 0.967337 0.000139
3 3 0.000920 0.000467 0.032500 0.965963 0.000150
3 3 0.000773 0.000383 0.029326 0.969405 0.000112
3 3 0.000886 0.000442 0.031549 0.966996 0.000128
3 3 0.001158 0.000599 0.036042 0.961999 0.000202
3 3 0.001782 0.000966 0.043046 0.953804 0.000401
3 0 0.003183 0.001846 0.053087 0.940800 0.001083
3 3 0.015981 0.010573 0.119097 0.846624 0.007725
3 3 0.010453 0.006707 0.103242 0.875164 0.004434
3 3 0.012483 0.008047 0.125167 0.849865 0.004438
3 3 0.008518 0.005535 0.122221 0.861524 0.002202
3 3 0.008415 0.005103 0.111995 0.872535 0.001952
3 3 0.005257 0.003513 0.108340 0.881728 0.001161
3 3 0.006148 0.003594 0.099334 0.889761 0.001163
3 3 0.003870 0.002185 0.077565 0.915690 0.000690
3 3 0.003814 0.002158 0.073958 0.919340 0.000730
3 3 0.002473 0.001363 0.058677 0.937019 0.000468
3 3 0.002240 0.001217 0.054811 0.941331 0.000401
3 3 0.001911 0.001034 0.049162 0.947526 0.000367
3 3 0.001889 0.001000 0.050387 0.946433 0.000292
3 3 0.001978 0.001064 0.050816 0.945794 0.000349
3 3 0.001994 0.001064 0.052232 0.944391 0.000318
3 3 0.002052 0.001098 0.052938 0.943578 0.000333
3 3 0.001944 0.001030 0.050468 0.946255 0.000303
3 3 0.002156 0.001166 0.051365 0.944915 0.000398
3 3 0.001924 0.001023 0.049687 0.947051 0.000315
3 3 0.001276 0.000658 0.040247 0.957626 0.000193
3 3 0.000736 0.000364 0.030035 0.968762 0.000102
3 3 0.000519 0.000248 0.023409 0.975755 0.000068
3 3 0.000575 0.000277 0.023753 0.975313 0.000081
3 3 0.000424 0.000201 0.018653 0.980656 0.000065
3 3 0.000422 0.000200 0.018497 0.980818 0.000063
3 3 0.000314 0.000144 0.016268 0.983233 0.000041
3 3 0.000563 0.000272 0.023725 0.975359 0.000080
3 3 0.000768 0.000378 0.030571 0.968184 0.000100
3 3 0.001279 0.000662 0.042099 0.955769 0.000192
3 -1 0.001407 0.000767 0.034587 0.962826 0.000413
3 0 0.004096 0.002480 0.053800 0.937586 0.002038
3 0 0.002464 0.001348 0.036207 0.959216 0.000765
3 0 0.000160 0.000063 0.005849 0.993901 0.000028
3 0 0.000058 0.000017 0.002452 0.997466 0.000006
3 0 0.000392 0.000119 0.006925 0.992512 0.000052
3 1 0.036242 0.024626 0.170292 0.753935 0.014905
3 1 0.138734 0.117976 0.307713 0.327728 0.107849
2 1 0.038054 0.117087 0.669592 0.111846 0.063421
2 1 0.020965 0.088180 0.745254 0.104164 0.041438
2 1 0.072192 0.101456 0.486180 0.272829 0.067344
2 0 0.167664 0.154701 0.301351 0.203430 0.172855
2 1 0.205875 0.176267 0.268679 0.154269 0.194910
2 2 0.188580 0.178164 0.287903 0.154155 0.191198
2 2 0.064244 0.170552 0.456363 0.100598 0.208242
2 2 0.022379 0.140005 0.595069 0.062207 0.180340
2 2 0.013890 0.108789 0.723661 0.057917 0.095743
2 2 0.013381 0.100965 0.744489 0.061642 0.079522
2 2 0.013251 0.098460 0.749653 0.063459 0.075177
2 2 0.014537 0.107776 0.727612 0.060491 0.089584
2 2 0.015184 0.112522 0.711013 0.059994 0.101287
2 2 0.014569 0.098602 0.750264 0.067129 0.069435
2 2 0.014533 0.067358 0.768960 0.119234 0.029915
2 2 0.025896 0.051612 0.614912 0.290389 0.017192
2 2 0.030142 0.063548 0.624060 0.257244 0.025005
2 2 0.036488 0.070892 0.577168 0.279109 0.036343
2 3 0.149183 0.133407 0.308799 0.263679 0.144931
3 3 0.134482 0.112896 0.305908 0.347368 0.099346
2 3 0.185003 0.159457 0.303694 0.230299 0.121547
2 2 0.167664 0.142838 0.307300 0.269324 0.112875
2 2 0.159297 0.141706 0.307667 0.249180 0.142150
2 2 0.051300 0.104907 0.596675 0.189582 0.057536
2 3 0.017161 0.063792 0.731487 0.159824 0.027737
2 2 0.016194 0.072871 0.744117 0.127778 0.039040
2 2 0.015042 0.081801 0.751422 0.100493 0.051241
2 4 0.017509 0.108376 0.705016 0.074909 0.094190
2 4 0.021439 0.139841 0.592299 0.060051 0.186370
2 4 0.019001 0.137181 0.598191 0.055833 0.189794
2 4 0.021617 0.141007 0.585157 0.059591 0.192629
2 4 0.024181 0.144321 0.573482 0.063036 0.194980
2 4 0.022372 0.142024 0.581615 0.060628 0.193361
2 4 0.021674 0.141086 0.584884 0.059671 0.192686
2 4 0.020127 0.138890 0.592423 0.057484 0.191075
2 4 0.022967 0.142800 0.578888 0.061432 0.193913
2 4 0.029634 0.150267 0.551455 0.069721 0.198923
2 4 0.029059 0.147367 0.568952 0.071133 0.183490
2 4 0.035807 0.155666 0.529912 0.076470 0.202145
2 4 0.042782 0.160551 0.508682 0.083291 0.204693
2 4 0.055454 0.166868 0.468856 0.091193 0.217629
2 4 0.055621 0.167241 0.475545 0.094193 0.207400
2 4 0.140126 0.178686 0.321089 0.125479 0.234620
2 4 0.070479 0.172007 0.434260 0.100429 0.222826
2 4 0.103119 0.176432 0.362916 0.108874 0.248659
2 4 0.039698 0.158449 0.515027 0.079469 0.207356
2 4 0.060825 0.168903 0.454689 0.094271 0.221311
2 4 0.051588 0.165077 0.477359 0.087915 0.218061
2 4 0.057424 0.167576 0.462076 0.091771 0.221153
2 4 0.060885 0.169070 0.457295 0.095451 0.217298
2 4 0.082165 0.174021 0.402314 0.102307 0.239193
2 4 0.094603 0.175162 0.373071 0.104026 0.253138
2 4 0.089958 0.174364 0.379140 0.101405 0.255133
2 4 0.097162 0.176097 0.374710 0.107866 0.244166
2 1 0.101456 0.177782 0.380877 0.116667 0.223218
2 4 0.157933 0.178789 0.305501 0.133716 0.224061
2 4 0.081635 0.174645 0.412384 0.106397 0.224939
2 4 0.134421 0.177437 0.318437 0.117721 0.251984
2 4 0.046995 0.162583 0.485939 0.083093 0.221390
2 4 0.056128 0.166804 0.460786 0.089193 0.227089
2 4 0.042454 0.160163 0.504020 0.081065 0.212298
2 4 0.049629 0.164408 0.489691 0.089132 0.207140
2 4 0.040657 0.159047 0.510581 0.079855 0.209860
2 4 0.017029 0.133932 0.608942 0.052807 0.187290
2 4 0.018313 0.136087 0.601843 0.054798 0.188960
2 4 0.018875 0.136983 0.598854 0.055644 0.189643
2 4 0.020292 0.139132 0.591601 0.057721 0.191255
2 4 0.019407 0.137808 0.596085 0.056434 0.190267
2 4 0.019257 0.137579 0.596857 0.056213 0.190094
2 4 0.020430 0.139333 0.590914 0.057919 0.191404
2 4 0.028279 0.148910 0.556624 0.068132 0.198056
2 1 0.043362 0.160911 0.507037 0.083825 0.204865
2 1 0.089813 0.176519 0.403755 0.113581 0.216333
2 1 0.050066 0.164648 0.489101 0.089702 0.206482
2 2 0.033355 0.153663 0.538109 0.073880 0.200993
2 2 0.022738 0.142504 0.579930 0.061124 0.193704
2 2 0.021832 0.141301 0.584136 0.059889 0.192841
2 2 0.022030 0.141568 0.583206 0.060162 0.193034
2 1 0.028314 0.137356 0.619665 0.077416 0.137249
2 1 0.036259 0.138266 0.614764 0.092340 0.118370
2 1 0.030332 0.142782 0.596043 0.077476 0.153366
2 1 0.022211 0.132840 0.634105 0.066849 0.143995
2 1 0.020509 0.125749 0.663681 0.067175 0.122887
2 1 0.018986 0.110545 0.717224 0.072135 0.081109
2 2 0.016281 0.106694 0.730785 0.066451 0.079788
2 2 0.020245 0.111688 0.712699 0.074918 0.080449
2 2 0.044004 0.133757 0.620221 0.109467 0.092551
2 2 0.110035 0.107734 0.438904 0.289401 0.053927
2 2 0.116467 0.115806 0.417574 0.282857 0.067295
2 1 0.036855 0.124441 0.642486 0.108122 0.088096
2 1 0.019236 0.118425 0.691362 0.068239 0.102738
2 1 0.015520 0.125396 0.653646 0.053908 0.151531
2 2 0.015599 0.129838 0.627492 0.051453 0.175619
2 2 0.014307 0.118922 0.682226 0.053934 0.130611
2 2 0.014283 0.102562 0.737891 0.064183 0.081081
2 1 0.019072 0.099145 0.717014 0.093877 0.070893
2 1 0.021770 0.106881 0.700662 0.092093 0.078594
2 2 0.014275 0.092248 0.747566 0.078493 0.067417
2 2 0.016003 0.092875 0.736526 0.088211 0.066385
2 2 0.015793 0.083845 0.742436 0.104124 0.053803
2 2 0.025792 0.107701 0.685920 0.106847 0.073741
2 2 0.019671 0.096975 0.716235 0.100283 0.066836
2 2 0.021371 0.116760 0.679502 0.079717 0.102651
2 2 0.012253 0.085902 0.765531 0.076898 0.059416
2 3 0.010293 0.073180 0.788230 0.083553 0.044744
2 2 0.010768 0.069550 0.791140 0.090851 0.037690
2 2 0.010697 0.063723 0.787723 0.105600 0.032256
2 3 0.011305 0.067598 0.786218 0.100203 0.034676
2 2 0.016030 0.094388 0.747351 0.080436 0.061795
2 2 0.014801 0.086171 0.751896 0.091016 0.056115
2 2 0.014997 0.080167 0.744532 0.108730 0.051574
2 2 0.012916 0.063905 0.748219 0.139781 0.035180
2 2 0.009174 0.042887 0.733628 0.193486 0.020826
2 3 0.007993 0.029989 0.664174 0.285658 0.012186
2 2 0.008376 0.031218 0.675796 0.272446 0.012163
2 2 0.006354 0.025412 0.683453 0.276067 0.008714
2 2 0.006026 0.030000 0.758564 0.195423 0.009987
2 2 0.006024 0.030097 0.760755 0.193207 0.009917
2 2 0.005847 0.027257 0.746113 0.212306 0.008477
2 2 0.006455 0.019563 0.612848 0.355757 0.005377
3 2 0.005756 0.010931 0.401599 0.578749 0.002965
3 3 0.005395 0.006935 0.258586 0.727201 0.001883
3 2 0.008006 0.012862 0.366119 0.609131 0.003881
2 2 0.007364 0.020270 0.569133 0.396926 0.006307
2 2 0.007758 0.027578 0.684517 0.271676 0.008470
2 2 0.005686 0.024552 0.726160 0.236548 0.007054
2 2 0.006216 0.020701 0.650523 0.317079 0.005481
2 2 0.006025 0.018090 0.597298 0.373739 0.004848
2 2 0.007834 0.020230 0.553100 0.412445 0.006392
2 2 0.006720 0.016853 0.520299 0.450918 0.005210
3 2 0.007278 0.015650 0.470570 0.501621 0.004881
3 3 0.006218 0.010787 0.371229 0.608706 0.003060
3 3 0.005991 0.009226 0.337731 0.644700 0.002352
3 2 0.005190 0.008189 0.336208 0.648461 0.001952
3 3 0.004884 0.008876 0.377324 0.606815 0.002102
3 3 0.005332 0.008632 0.333837 0.649965 0.002235
3 3 0.006504 0.009465 0.313318 0.668004 0.002708
3 3 0.005980 0.007119 0.241218 0.743601 0.002082
3 3 0.007560 0.009001 0.266770 0.713931 0.002738
3 3 0.007846 0.007787 0.212208 0.769574 0.002586
3 3 0.007546 0.006907 0.188769 0.794373 0.002405
3 3 0.008569 0.006947 0.171634 0.810431 0.002418
3 3 0.005856 0.005479 0.175976 0.810908 0.001780
3 3 0.004114 0.004122 0.176040 0.814633 0.001091
3 3 0.004323 0.003883 0.163565 0.827273 0.000956
3 3 0.004840 0.004455 0.169554 0.819949 0.001202
3 3 0.006686 0.005276 0.160271 0.826255 0.001511
3 3 0.005248 0.004752 0.166825 0.821769 0.001406
3 3 0.006613 0.004376 0.127897 0.859836 0.001277
3 3 0.005292 0.004374 0.148721 0.840261 0.001352
3 3 0.004211 0.003825 0.153547 0.837329 0.001089
3 3 0.003672 0.003800 0.171686 0.819807 0.001034
3 3 0.003968 0.004566 0.198474 0.791716 0.001276
3 3 0.007492 0.007928 0.231201 0.750966 0.002413
3 3 0.009923 0.009819 0.228265 0.748519 0.003473
3 3 0.009324 0.005955 0.131366 0.851218 0.002137
3 3 0.003529 0.002003 0.070628 0.923113 0.000726
3 3 0.001982 0.001061 0.051237 0.945386 0.000334
3 3 0.001695 0.000973 0.056147 0.940920 0.000265
3 3 0.002087 0.001223 0.065546 0.930834 0.000310
3 3 0.002308 0.001475 0.074361 0.921450 0.000406
3 3 0.001536 0.000794 0.048662 0.948811 0.000197
3 3 0.002061 0.001131 0.060258 0.936248 0.000303
3 3 0.001913 0.001061 0.058572 0.938171 0.000283
3 3 0.001683 0.000881 0.052776 0.944439 0.000221
3 3 0.001301 0.000665 0.044093 0.953776 0.000166
3 3 0.001717 0.000901 0.050960 0.946183 0.000240
3 3 0.001717 0.001031 0.061932 0.935057 0.000264
3 3 0.001534 0.001058 0.070148 0.926998 0.000262
3 3 0.001751 0.001101 0.064238 0.932621 0.000288
3 3 0.001511 0.001049 0.069885 0.927288 0.000267
3 3 0.001645 0.000966 0.058271 0.938863 0.000255
3 3 0.001154 0.000646 0.048281 0.949762 0.000158
3 3 0.001377 0.000719 0.042794 0.954889 0.000221
3 3 0.001373 0.000718 0.042255 0.955429 0.000224
3 3 0.002215 0.001211 0.055415 0.940745 0.000414
3 3 0.002145 0.001157 0.055778 0.940568 0.000352
3 3 0.003114 0.001721 0.069562 0.925093 0.000511
3 3 0.003254 0.001789 0.074243 0.920236 0.000477
3 3 0.002537 0.001423 0.067593 0.928073 0.000373
3 3 0.007858 0.009238 0.260398 0.719496 0.003009
3 3 0.005211 0.006057 0.235637 0.751555 0.001540
3 3 0.007265 0.005288 0.157395 0.828648 0.001404
3 3 0.006367 0.004643 0.123388 0.863625 0.001976
3 3 0.000831 0.000423 0.029935 0.968660 0.000150
3 3 0.000809 0.000409 0.029627 0.969016 0.000138
3 3 0.000863 0.000443 0.029215 0.969307 0.000172
3 3 0.001069 0.000555 0.032568 0.965596 0.000213
3 3 0.000877 0.000451 0.028894 0.969598 0.000180
3 3 0.001108 0.000579 0.032343 0.965732 0.000238
3 3 0.001099 0.000572 0.031778 0.966319 0.000232
3 3 0.001466 0.000780 0.037535 0.959897 0.000322
3 3 0.000709 0.000351 0.026120 0.972706 0.000113
3 3 0.000730 0.000362 0.027039 0.971752 0.000117
3 3 0.001018 0.000519 0.033150 0.965144 0.000169
3 3 0.001830 0.000974 0.049313 0.947580 0.000303
3 3 0.002260 0.001214 0.060437 0.935762 0.000328
3 3 0.002168 0.001250 0.067680 0.928584 0.000318
3 3 0.001934 0.001056 0.060762 0.935991 0.000257
3 3 0.001325 0.000741 0.051461 0.946287 0.000186
3 3 0.000855 0.000423 0.034282 0.964336 0.000104
3 3 0.000875 0.000441 0.031914 0.966637 0.000134
3 3 0.001296 0.000674 0.035921 0.961869 0.000240
3 3 0.001395 0.000743 0.034944 0.962585 0.000332
3 3 0.002451 0.001381 0.047263 0.948187 0.000719
3 3 0.001596 0.000853 0.040454 0.956759 0.000339
3 3 0.001913 0.001050 0.044427 0.952146 0.000464
3 3 0.001521 0.000807 0.042442 0.954948 0.000283
3 3 0.001968 0.001061 0.049005 0.947596 0.000369
3 3 0.002401 0.001323 0.054908 0.940880 0.000488
3 3 0.002272 0.001233 0.054640 0.941447 0.000407
3 3 0.001099 0.000560 0.036097 0.962078 0.000166
3 3 0.000835 0.000416 0.030441 0.968185 0.000123
3 3 0.001081 0.000550 0.035857 0.962349 0.000163
3 3 0.002035 0.001094 0.051804 0.944716 0.000351
3 3 0.006492 0.003820 0.096526 0.891808 0.001354
3 3 0.016708 0.010799 0.142598 0.824565 0.005330
3 2 0.065272 0.048361 0.274401 0.583933 0.028034
2 3 0.042930 0.065346 0.484307 0.370599 0.036817
2 3 0.030866 0.069862 0.615945 0.250664 0.032663
2 3 0.011467 0.044546 0.744101 0.184245 0.015641
2 2 0.011324 0.037879 0.718589 0.221039 0.011169
2 2 0.011785 0.047116 0.761598 0.163852 0.015649
2 2 0.017718 0.066582 0.739680 0.149711 0.026309
2 3 0.015008 0.084308 0.760549 0.091241 0.048895
2 2 0.012592 0.083115 0.769580 0.081577 0.053137
2 3 0.012280 0.083912 0.774150 0.076207 0.053451
2 2 0.015280 0.090505 0.747315 0.085999 0.060902
2 2 0.026586 0.116828 0.657833 0.100754 0.098000
2 2 0.026147 0.103836 0.646021 0.132476 0.091519
2 2 0.038184 0.132607 0.579968 0.117819 0.131423
2 2 0.027006 0.111239 0.646867 0.117146 0.097742
2 2 0.028177 0.109121 0.669291 0.116024 0.077388
2 2 0.027582 0.100851 0.666585 0.135044 0.069938
2 2 0.026653 0.104043 0.687894 0.116404 0.065005
2 2 0.018288 0.091492 0.722455 0.106232 0.061533
2 2 0.015075 0.088010 0.747980 0.090853 0.058082
2 2 0.010775 0.064013 0.781930 0.109093 0.034190
2 2 0.010810 0.058040 0.780142 0.124102 0.026906
2 2 0.012246 0.076754 0.780235 0.087852 0.042912
2 4 0.018225 0.124878 0.664277 0.061739 0.130881
2 4 0.021835 0.141304 0.584124 0.059893 0.192844
2 4 0.031221 0.151773 0.545617 0.071531 0.199858
2 4 0.067101 0.170877 0.438946 0.097395 0.225681
2 4 0.084638 0.174766 0.401157 0.105041 0.234398
2 4 0.097769 0.176229 0.374335 0.108410 0.243257
2 4 0.053201 0.165499 0.467140 0.086847 0.227313
2 4 0.039108 0.157789 0.509612 0.076623 0.216868
2 4 0.027308 0.147891 0.560445 0.066965 0.197392
2 4 0.027208 0.147757 0.559238 0.066417 0.199380
2 4 0.036946 0.156163 0.514524 0.074039 0.218328
2 4 0.039098 0.157693 0.507443 0.075943 0.219824
2 4 0.060769 0.168345 0.446161 0.090804 0.233920
2 1 0.057876 0.167778 0.461415 0.092244 0.220686
2 4 0.119811 0.177505 0.339403 0.114768 0.248513
2 4 0.073411 0.172203 0.420197 0.098453 0.235737
2 4 0.098246 0.175743 0.368662 0.106131 0.251218
2 4 0.055213 0.166247 0.460096 0.087496 0.230948
2 4 0.042773 0.160056 0.495781 0.078959 0.222432
2 4 0.038064 0.157033 0.512336 0.075496 0.217071
2 4 0.058620 0.167516 0.450569 0.089235 0.234060
2 4 0.175885 0.175197 0.270450 0.124966 0.253502
2 4 0.186156 0.174608 0.262112 0.127785 0.249339
0 4 0.282844 0.160595 0.183739 0.132746 0.240076
2 4 0.170978 0.174893 0.271698 0.121557 0.260874
2 4 0.169152 0.174217 0.269365 0.118431 0.268834
2 4 0.111285 0.175890 0.342005 0.107118 0.263701
2 4 0.071916 0.171022 0.413790 0.093772 0.249500
2 4 0.086668 0.173566 0.382067 0.098841 0.258857
2 4 0.104101 0.175838 0.355816 0.106384 0.257861
2 4 0.180718 0.174881 0.266176 0.126082 0.252143
0 4 0.329618 0.153203 0.159560 0.137635 0.219985
0 4 0.303573 0.157169 0.171648 0.133964 0.233647
0 4 0.279700 0.160330 0.182931 0.129710 0.247328
4 4 0.184558 0.173120 0.255386 0.121439 0.265496
2 4 0.157587 0.175881 0.286345 0.119598 0.260589
2 4 0.147831 0.176546 0.298513 0.118448 0.258663
2 4 0.152145 0.176185 0.292525 0.118647 0.260499
2 4 0.110317 0.176251 0.346456 0.108375 0.258601
4 4 0.205673 0.171093 0.237452 0.124756 0.261026
0 4 0.269850 0.162942 0.192915 0.132989 0.241304
0 4 0.419341 0.134041 0.113541 0.130566 0.202510
0 4 0.470111 0.121562 0.090743 0.121170 0.196414
0 4 0.446466 0.127429 0.100890 0.125662 0.199553
0 4 0.411954 0.135817 0.117187 0.131852 0.203191
0 4 0.377758 0.142933 0.138273 0.147200 0.193836
0 4 0.487469 0.116687 0.086734 0.129082 0.180027
0 4 0.617373 0.083940 0.042709 0.089721 0.166257
0 4 0.530981 0.106154 0.067971 0.108811 0.186083
0 4 0.418602 0.133266 0.111523 0.126840 0.209769
4 4 0.234514 0.167798 0.216059 0.128940 0.252688
0 4 0.372216 0.143850 0.134553 0.132671 0.216711
0 4 0.403847 0.137751 0.121291 0.133236 0.203876
0 4 0.395640 0.139692 0.125559 0.134608 0.204501
0 4 0.545312 0.102484 0.063246 0.105757 0.183202
0 4 0.464520 0.122957 0.093072 0.122249 0.197202
0 4 0.521409 0.108599 0.071255 0.110823 0.187914
4 4 0.193450 0.173371 0.252625 0.126710 0.253844
4 4 0.188587 0.173291 0.254311 0.123943 0.259868
2 4 0.177189 0.174495 0.266014 0.122901 0.259400
2 4 0.164553 0.175581 0.279575 0.121324 0.258967
2 4 0.164390 0.177053 0.288402 0.127409 0.242745
2 4 0.094472 0.175291 0.374572 0.104589 0.251076
2 4 0.032570 0.152810 0.533929 0.071028 0.209663
2 4 0.034825 0.154622 0.524015 0.072717 0.213822
2 4 0.036409 0.155887 0.519658 0.074529 0.213516
2 4 0.043937 0.160798 0.493309 0.080218 0.221737
2 4 0.052277 0.165268 0.472934 0.087441 0.222079
2 4 0.043194 0.160524 0.499370 0.080878 0.216036
2 4 0.035967 0.155691 0.525559 0.075441 0.207343
2 4 0.031830 0.152195 0.537896 0.070620 0.207458
2 4 0.028260 0.148836 0.553806 0.067328 0.201769
2 4 0.032557 0.152834 0.535205 0.071362 0.208042
2 4 0.047896 0.162903 0.480349 0.082731 0.226121
2 4 0.079038 0.173187 0.405767 0.099753 0.242255
2 4 0.113650 0.176270 0.340528 0.108820 0.260733
2 4 0.084893 0.173735 0.389384 0.099926 0.252062
2 4 0.113767 0.176359 0.340977 0.109176 0.259721
2 4 0.061690 0.168537 0.442212 0.090662 0.236899
2 4 0.064153 0.169109 0.433498 0.090889 0.242351
2 4 0.034455 0.154351 0.526073 0.072581 0.212539
2 4 0.032991 0.153112 0.530475 0.070913 0.212510
2 4 0.039338 0.157904 0.507805 0.076496 0.218458
2 2 0.033539 0.153643 0.530736 0.072089 0.209994
2 2 0.029405 0.149997 0.549969 0.068805 0.201824
2 2 0.021551 0.140916 0.585472 0.059499 0.192563
2 2 0.018802 0.136868 0.599239 0.055535 0.189556
2 2 0.016549 0.133085 0.611700 0.052042 0.186624
2 2 0.016319 0.132670 0.613045 0.051671 0.186296
2 2 0.016312 0.132658 0.613085 0.051660 0.186286
2 2 0.016268 0.132578 0.613344 0.051588 0.186222
2 2 0.018913 0.137044 0.598653 0.055702 0.189689
2 2 0.021301 0.140571 0.586663 0.059152 0.192312
2 2 0.027961 0.148580 0.557866 0.067752 0.197842
2 2 0.025090 0.145407 0.569570 0.064206 0.195727
2 2 0.025605 0.146004 0.567400 0.064858 0.196133
2 2 0.026281 0.146769 0.564598 0.065704 0.196648
2 2 0.026984 0.147300 0.563417 0.066783 0.195515
2 2 0.023874 0.143780 0.575975 0.062769 0.193602
2 2 0.024490 0.144694 0.572142 0.063435 0.195238
2 2 0.018595 0.136541 0.600331 0.055225 0.189307
2 2 0.017633 0.134964 0.605556 0.053753 0.188095
2 2 0.015782 0.131682 0.616235 0.050794 0.185508
2 2 0.015329 0.129584 0.627421 0.050830 0.176836
2 2 0.014755 0.128566 0.630298 0.049777 0.176604
2 2 0.014162 0.128093 0.629142 0.048291 0.180311
2 2 0.015156 0.130486 0.620062 0.049751 0.184545
2 2 0.018961 0.137119 0.598399 0.055774 0.189747
2 2 0.024005 0.144105 0.574256 0.062805 0.194830
2 2 0.030305 0.150915 0.548958 0.070493 0.199328
2 2 0.024083 0.144201 0.573912 0.062907 0.194896
2 2 0.021555 0.140922 0.585449 0.059506 0.192568
2 2 0.017402 0.134574 0.606840 0.053393 0.187791
2 2 0.017816 0.135271 0.604546 0.054036 0.188332
2 2 0.017444 0.134645 0.606606 0.053459 0.187847
2 2 0.016590 0.133159 0.611460 0.052108 0.186682
2 2 0.017097 0.125490 0.658717 0.058306 0.140390
2 2 0.018911 0.121502 0.679561 0.065566 0.114460
2 2 0.021716 0.131081 0.641654 0.066808 0.138741
2 2 0.020030 0.136551 0.607485 0.058940 0.176995
2 2 0.019379 0.137765 0.596229 0.056393 0.190234
2 2 0.017505 0.134749 0.606265 0.053554 0.187927
2 2 0.018719 0.136738 0.599673 0.055412 0.189457
2 2 0.019131 0.131332 0.634566 0.060147 0.154824
2 2 0.024875 0.135935 0.623203 0.070938 0.145050
2 2 0.023818 0.124507 0.669446 0.076085 0.106144
2 4 0.031536 0.119336 0.652443 0.106016 0.090668
2 2 0.050750 0.095037 0.527559 0.257004 0.069649
2 2 0.052407 0.086844 0.487509 0.310063 0.063177
2 2 0.025062 0.082739 0.645189 0.187195 0.059815
2 2 0.020854 0.104221 0.702387 0.094809 0.077729
2 2 0.016784 0.114682 0.704129 0.063552 0.100854
2 2 0.019120 0.125618 0.662501 0.063670 0.129091
2 2 0.023641 0.142727 0.582194 0.063080 0.188358
2 2 0.022613 0.142340 0.580506 0.060954 0.193587
2 2 0.022601 0.142325 0.580559 0.060939 0.193576
2 2 0.019351 0.136274 0.606165 0.057397 0.180812
2 2 0.016770 0.125132 0.659544 0.057608 0.140946
2 2 0.015901 0.117999 0.690199 0.059169 0.116732
2 2 0.015964 0.116105 0.698023 0.060389 0.109519
2 2 0.017055 0.113766 0.707508 0.064841 0.096830
2 2 0.023891 0.124882 0.668099 0.076018 0.107110
2 2 0.020659 0.112605 0.708966 0.076264 0.081506
2 2 0.023529 0.113000 0.692274 0.089114 0.082083
2 2 0.027936 0.111541 0.676390 0.104846 0.079287
2 2 0.050046 0.108328 0.580535 0.187206 0.073886
2 2 0.094011 0.158433 0.482518 0.145512 0.119525
2 2 0.035910 0.094388 0.630088 0.179869 0.059745
2 3 0.019455 0.081859 0.732970 0.121462 0.044253
2 2 0.021594 0.108366 0.715203 0.083139 0.071698
2 3 0.018810 0.111328 0.715004 0.071189 0.083670
2 3 0.020091 0.118331 0.691710 0.070563 0.099305
2 3 0.025116 0.136983 0.618473 0.070740 0.148689
2 3 0.021251 0.133219 0.630314 0.064264 0.150951
2 3 0.019138 0.135181 0.612177 0.057607 0.175897
2 2 0.015471 0.122603 0.668071 0.055364 0.138491
2 2 0.014378 0.110844 0.716530 0.058397 0.099851
2 2 0.015615 0.111922 0.713525 0.061613 0.097325
2 2 0.015550 0.115023 0.701796 0.059756 0.107875
2 2 0.015809 0.117510 0.692093 0.059169 0.115419
2 2 0.015190 0.117350 0.691650 0.057433 0.118377
2 2 0.014727 0.113959 0.704906 0.057845 0.108563
2 2 0.012831 0.106143 0.731064 0.056054 0.093908
2 2 0.012158 0.099334 0.745331 0.059301 0.083876
2 2 0.011125 0.083151 0.781409 0.069785 0.054530
2 2 0.011943 0.078713 0.786639 0.079373 0.043332
2 2 0.015876 0.099390 0.750740 0.070355 0.063639
2 2 0.016380 0.095648 0.748909 0.077285 0.061779
2 2 0.056131 0.147875 0.563247 0.115580 0.117168
2 1 0.175098 0.162176 0.361321 0.185405 0.116000
2 2 0.136408 0.151635 0.421763 0.197916 0.092277
2 2 0.043891 0.113443 0.639270 0.141201 0.062196
2 2 0.021866 0.107314 0.722217 0.081938 0.066666
2 2 0.013154 0.096373 0.763162 0.061815 0.065496
2 2 0.012254 0.103026 0.742808 0.055377 0.086535
2 2 0.014803 0.121261 0.672478 0.054151 0.137307
2 2 0.013640 0.116548 0.691280 0.053138 0.125394
2 2 0.014130 0.114528 0.701497 0.055714 0.114130
2 2 0.014097 0.099650 0.738267 0.068827 0.079159
2 2 0.013144 0.085506 0.756556 0.084653 0.060141
2 2 0.018518 0.122094 0.676782 0.064168 0.118438
2 2 0.022955 0.090686 0.686087 0.139309 0.060963
2 2 0.014597 0.046879 0.657549 0.259469 0.021507
2 2 0.008764 0.067013 0.795969 0.086028 0.042226
2 2 0.007496 0.053148 0.803174 0.107767 0.028415
2 2 0.008303 0.058873 0.800917 0.099018 0.032890
2 2 0.008773 0.057351 0.797947 0.106524 0.029405
2 2 0.009057 0.056398 0.796228 0.110997 0.027319
2 2 0.008582 0.053709 0.795041 0.116576 0.026092
2 2 0.007716 0.042001 0.779064 0.153817 0.017401
2 2 0.009031 0.038450 0.723875 0.212708 0.015937
2 2 0.011166 0.047370 0.728819 0.191144 0.021501
2 2 0.008499 0.046195 0.774565 0.149479 0.021262
2 2 0.008534 0.057243 0.802946 0.102008 0.029268
2 2 0.009398 0.067470 0.801913 0.083377 0.037842
2 2 0.010252 0.075287 0.789390 0.078049 0.047022
2 2 0.010891 0.074932 0.785282 0.083092 0.045803
2 2 0.011147 0.067987 0.778467 0.103156 0.039244
2 2 0.011843 0.062890 0.765512 0.125918 0.033837
2 2 0.009649 0.054706 0.782131 0.126545 0.026970
2 3 0.009474 0.042644 0.745810 0.183876 0.018196
2 3 0.009227 0.030485 0.655424 0.293653 0.011211
2 3 0.007504 0.019836 0.558835 0.407679 0.006145
2 3 0.005576 0.013505 0.488933 0.488097 0.003888
2 3 0.008992 0.018698 0.492923 0.473568 0.005818
2 3 0.016838 0.040392 0.623863 0.304630 0.014278
2 2 0.015999 0.065533 0.747342 0.141730 0.029397
2 2 0.017406 0.103215 0.739542 0.071785 0.068053
2 2 0.015983 0.109022 0.723551 0.064284 0.087159
2 2 0.018714 0.117416 0.694890 0.067414 0.101565
2 2 0.016198 0.106947 0.728329 0.067020 0.081505
2 2 0.015836 0.108860 0.724099 0.063927 0.087277
2 2 0.013693 0.093976 0.754732 0.071125 0.066473
2 2 0.014332 0.085898 0.756546 0.087857 0.055367
2 2 0.015004 0.067972 0.735569 0.144842 0.036613
2 2 0.012182 0.053179 0.741482 0.168640 0.024517
2 2 0.013320 0.049872 0.720565 0.195495 0.020748
2 2 0.017626 0.057064 0.697788 0.202870 0.024652
2 2 0.018572 0.056221 0.683201 0.217562 0.024444
2 2 0.018559 0.053484 0.673988 0.231968 0.022001
2 2 0.017885 0.055831 0.690719 0.212607 0.022959
2 2 0.009791 0.038945 0.729797 0.207527 0.013941
2 2 0.010417 0.045689 0.753022 0.173034 0.017839
2 2 0.012698 0.054251 0.747042 0.162718 0.023292
2 2 0.015310 0.062236 0.734982 0.157828 0.029643
2 2 0.017515 0.075149 0.735835 0.131061 0.040440
2 2 0.009911 0.051057 0.774024 0.140801 0.024207
2 2 0.010981 0.057076 0.767100 0.135009 0.029835
2 2 0.010501 0.058553 0.782954 0.119104 0.028887
2 2 0.011237 0.066223 0.785311 0.102928 0.034301
2 2 0.012930 0.072934 0.775714 0.099987 0.038436
2 2 0.011664 0.061615 0.778356 0.119332 0.029033
2 2 0.010607 0.051861 0.773744 0.142081 0.021707
2 2 0.011277 0.046611 0.751840 0.172944 0.017329
2 3 0.010071 0.043551 0.761314 0.169622 0.015441
2 2 0.010965 0.043932 0.744144 0.185160 0.015798
2 2 0.012016 0.039545 0.695329 0.239009 0.014102
2 3 0.012047 0.035957 0.670460 0.269744 0.011793
2 3 0.013887 0.043893 0.697731 0.229542 0.014948
2 2 0.012543 0.052613 0.759694 0.155332 0.019817
2 2 0.013431 0.061268 0.763909 0.135084 0.026308
2 2 0.015645 0.063983 0.743038 0.148763 0.028571
2 3 0.018961 0.061152 0.706864 0.187588 0.025434
2 2 0.033680 0.055872 0.540658 0.344463 0.025326
3 2 0.077153 0.072947 0.385138 0.420192 0.044570
2 2 0.149153 0.148014 0.355170 0.226085 0.121578
2 2 0.061149 0.154508 0.465952 0.124898 0.193493
2 2 0.030084 0.138424 0.615726 0.080294 0.135471
2 2 0.017315 0.117404 0.694284 0.063547 0.107450
2 2 0.018926 0.117244 0.695535 0.068090 0.100205
2 2 0.015185 0.107727 0.723738 0.063537 0.089813
2 2 0.015632 0.113044 0.709437 0.061063 0.100825
2 2 0.013443 0.109779 0.719443 0.055980 0.101356
2 2 0.012751 0.105405 0.731544 0.056604 0.093696
2 2 0.013127 0.105456 0.729189 0.058390 0.093837
2 2 0.013436 0.106309 0.732179 0.057710 0.090366
2 3 0.013223 0.105104 0.736236 0.057617 0.087820
2 2 0.013713 0.109112 0.722300 0.057188 0.097687
2 2 0.014966 0.116284 0.695752 0.057336 0.115662
2 2 0.014532 0.113399 0.706849 0.057543 0.107676
2 2 0.018168 0.126572 0.656214 0.060574 0.138472
2 2 0.020110 0.130310 0.642401 0.063312 0.143868
2 4 0.026801 0.147343 0.562478 0.066346 0.197031
2 4 0.032633 0.153039 0.540609 0.073095 0.200624
2 4 0.037623 0.157033 0.523602 0.078155 0.203588
2 4 0.059356 0.168312 0.457240 0.092960 0.222132
2 4 0.049746 0.164116 0.480757 0.086008 0.219374
2 4 0.074267 0.172712 0.422409 0.100639 0.229973
2 1 0.053201 0.165768 0.472126 0.088683 0.220223
2 4 0.082429 0.174372 0.405347 0.104080 0.233773
2 4 0.039501 0.158206 0.512305 0.078208 0.211780
2 4 0.037727 0.156887 0.515982 0.075962 0.213441
2 4 0.038471 0.157396 0.512979 0.076459 0.214695
2 4 0.024070 0.144185 0.573970 0.062890 0.194885
2 4 0.033896 0.154119 0.536263 0.074461 0.201261
2 4 0.050347 0.163813 0.494934 0.091165 0.199740
2 4 0.049701 0.164463 0.490031 0.089396 0.206410
2 4 0.059057 0.168655 0.467654 0.096822 0.207812
2 4 0.175325 0.177134 0.282435 0.133681 0.231425
2 4 0.160981 0.176992 0.290404 0.125541 0.246082
4 4 0.227711 0.169034 0.222563 0.129495 0.251198
4 4 0.193978 0.172573 0.248558 0.124032 0.260859
0 4 0.295925 0.157053 0.171311 0.128426 0.247285
0 4 0.363592 0.144733 0.136307 0.129619 0.225748
0 4 0.359842 0.145644 0.138590 0.130330 0.225595
0 4 0.302417 0.155715 0.166888 0.127889 0.247091
4 4 0.251828 0.164361 0.199943 0.126947 0.256922
4 4 0.213840 0.170593 0.232718 0.127329 0.255521
2 4 0.105459 0.177760 0.370041 0.115568 0.231171
2 4 0.091561 0.177099 0.406014 0.117476 0.207850
2 4 0.142493 0.180396 0.336279 0.140031 0.200801
2 4 0.075501 0.171445 0.449120 0.111863 0.192071
2 4 0.058470 0.168390 0.468144 0.096019 0.208977
4 4 0.225809 0.169719 0.225944 0.130988 0.247541
0 4 0.433247 0.130669 0.106915 0.128087 0.201082
0 4 0.457224 0.124770 0.096176 0.123642 0.198188
0 4 0.459733 0.124147 0.095100 0.123165 0.197854
4 4 0.239745 0.167701 0.214791 0.131774 0.245989
2 4 0.068707 0.170685 0.426383 0.094487 0.239737
2 4 0.027000 0.147554 0.561325 0.066496 0.197626
2 4 0.023894 0.143968 0.574744 0.062660 0.194734
2 4 0.044454 0.161410 0.499124 0.083101 0.211911
4 4 0.229910 0.168092 0.218167 0.127341 0.256490
0 4 0.371855 0.143013 0.132196 0.129143 0.223792
0 4 0.439876 0.129048 0.103861 0.126879 0.200336
0 4 0.530371 0.106310 0.068177 0.108940 0.186202
0 4 0.477957 0.119598 0.087546 0.119638 0.195261
0 4 0.547994 0.101796 0.062387 0.105180 0.182644
0 4 0.474542 0.120454 0.088927 0.120307 0.195770
0 4 0.384937 0.140355 0.126169 0.128690 0.219849
0 4 0.311901 0.154626 0.163387 0.130146 0.239940
2 4 0.130707 0.176695 0.318029 0.113766 0.260803
2 4 0.125258 0.176729 0.325523 0.112601 0.259889
2 4 0.134554 0.177905 0.321608 0.119825 0.246109
2 1 0.105243 0.177701 0.369941 0.115240 0.231876
2 1 0.146770 0.178272 0.311004 0.125672 0.238282
2 1 0.063127 0.169613 0.447789 0.095044 0.224427
2 1 0.037801 0.157057 0.519280 0.077128 0.208733
2 1 0.023838 0.143899 0.574992 0.062586 0.194686
2 1 0.027736 0.148345 0.558749 0.067482 0.197689
2 1 0.035321 0.155197 0.528145 0.074929 0.206408
2 1 0.046829 0.162340 0.483323 0.081927 0.225581
2 1 0.050162 0.163848 0.470885 0.083260 0.231846
2 1 0.031922 0.152213 0.535325 0.070093 0.210447
2 1 0.023355 0.143295 0.577137 0.061949 0.194263
2 1 0.036161 0.140647 0.606045 0.090304 0.126843
2 1 0.154847 0.173749 0.353714 0.158202 0.159488
2 1 0.188928 0.177663 0.290319 0.155613 0.187476
2 1 0.064065 0.170491 0.456741 0.100472 0.208231
2 1 0.035861 0.155708 0.529737 0.076526 0.202168
2 2 0.026586 0.147107 0.563354 0.066081 0.196873
2 1 0.029604 0.150238 0.551567 0.069687 0.198904
2 2 0.034885 0.154834 0.529072 0.074325 0.206884
2 2 0.030310 0.150920 0.548939 0.070499 0.199332
2 2 0.024413 0.144602 0.572474 0.063337 0.195174
2 2 0.021715 0.141142 0.584689 0.059728 0.192726
2 2 0.022594 0.142316 0.580592 0.060929 0.193569
2 2 0.025812 0.146242 0.566533 0.065119 0.196294
2 2 0.028067 0.144915 0.581443 0.071118 0.174458
2 2 0.027749 0.143967 0.586236 0.071214 0.170834
2 2 0.026863 0.141878 0.596120 0.070961 0.164177
2 2 0.026479 0.143824 0.584220 0.068600 0.176878
2 2 0.025105 0.142254 0.589997 0.066802 0.175843
2 2 0.022121 0.134979 0.623178 0.065188 0.154535
2 2 0.022167 0.131428 0.640708 0.067674 0.138024
2 2 0.021172 0.125791 0.664061 0.068821 0.120154
2 1 0.023791 0.126707 0.661440 0.074607 0.113455
2 1 0.027783 0.132988 0.637545 0.079392 0.122292
2 2 0.028664 0.131073 0.644526 0.082608 0.113128
2 2 0.022507 0.118552 0.689974 0.076629 0.092338
2 1 0.016873 0.103062 0.740645 0.070264 0.069156
2 2 0.029603 0.124874 0.664082 0.088898 0.092543
2 1 0.101708 0.126793 0.424818 0.242509 0.104172
3 0 0.145967 0.123346 0.307964 0.317631 0.105092
2 1 0.210788 0.172060 0.269402 0.171838 0.175912
2 1 0.189072 0.178123 0.287437 0.154282 0.191085
2 1 0.095335 0.177314 0.394235 0.116052 0.217064
2 2 0.019554 0.138032 0.595329 0.056650 0.190435
2 2 0.016298 0.132633 0.613165 0.051638 0.186266
2 2 0.014183 0.126611 0.639150 0.049248 0.170807
2 2 0.013934 0.126965 0.635062 0.048282 0.175757
2 2 0.014109 0.128379 0.626734 0.047955 0.182823
2 2 0.014863 0.129911 0.621892 0.049255 0.184078
2 2 0.015157 0.130488 0.620055 0.049753 0.184547
2 2 0.015286 0.130739 0.619255 0.049970 0.184749
2 2 0.015420 0.125105 0.654810 0.053788 0.150877
2 2 0.014808 0.120752 0.675016 0.054445 0.134979
2 2 0.014563 0.110508 0.705748 0.061535 0.107646
2 2 0.012387 0.100919 0.732192 0.061078 0.093424
2 2 0.012874 0.103919 0.726803 0.060009 0.096394
2 2 0.013637 0.113408 0.705169 0.054753 0.113033
2 2 0.014665 0.120264 0.676926 0.054287 0.133858
2 2 0.015013 0.126175 0.646804 0.051976 0.160032
2 2 0.013784 0.120449 0.672603 0.051513 0.141650
2 2 0.013332 0.117826 0.684065 0.051507 0.133269
2 2 0.012409 0.112232 0.707047 0.051393 0.116919
2 2 0.012391 0.111194 0.711531 0.051845 0.113039
2 2 0.012619 0.113078 0.703920 0.051658 0.118725
2 2 0.014360 0.121355 0.670327 0.052774 0.141184
2 2 0.012955 0.115985 0.691590 0.051270 0.128199
2 2 0.014070 0.118316 0.684344 0.053535 0.129734
2 2 0.013360 0.112596 0.707970 0.054289 0.111784
2 2 0.013964 0.116369 0.693055 0.054238 0.122374
2 2 0.012807 0.110584 0.715114 0.053516 0.107978
2 2 0.013028 0.104856 0.728778 0.058905 0.094432
2 2 0.012050 0.089756 0.758470 0.070764 0.068960
2 2 0.012469 0.092444 0.755868 0.068971 0.070248
2 2 0.010514 0.079836 0.781221 0.074216 0.054212
2 2 0.009620 0.071312 0.793053 0.082314 0.043700
2 2 0.009344 0.065634 0.791121 0.094167 0.039735
2 2 0.010314 0.072999 0.779788 0.088232 0.048666
2 2 0.009560 0.068077 0.788620 0.091211 0.042533
2 2 0.009835 0.063419 0.789663 0.102114 0.034969
2 2 0.008970 0.053754 0.794752 0.117933 0.024592
2 2 0.008340 0.042086 0.765011 0.167102 0.017462
2 2 0.007124 0.030253 0.723594 0.228650 0.010379
2 2 0.008400 0.021403 0.560111 0.403309 0.006776
2 2 0.007452 0.015859 0.489456 0.482921 0.004312
