0 0 0.604618 0.085135 0.073326 0.044793 0.192128
4 0 0.386313 0.075091 0.131960 0.010406 0.396230
0 0 0.761431 0.043538 0.045237 0.016989 0.132805
0 0 0.833084 0.024784 0.023803 0.008438 0.109891
0 0 0.818485 0.028230 0.027817 0.009799 0.115670
0 0 0.693561 0.045506 0.074562 0.009576 0.176795
0 0 0.477045 0.088344 0.133941 0.013806 0.286864
4 0 0.043211 0.074475 0.104837 0.001710 0.775766
4 1 0.018992 0.128276 0.149899 0.002409 0.700424
4 1 0.025569 0.150293 0.350800 0.006722 0.466615
2 1 0.029178 0.144776 0.421036 0.010030 0.394980
4 1 0.033324 0.155751 0.387383 0.011091 0.412450
4 1 0.031674 0.165055 0.211117 0.005217 0.586936
4 1 0.028803 0.139542 0.176092 0.003916 0.651648
4 1 0.026863 0.129474 0.158901 0.003114 0.681648
4 1 0.021524 0.144889 0.204546 0.003757 0.625283
4 1 0.021705 0.158292 0.177428 0.002749 0.639825
4 1 0.015202 0.112799 0.106781 0.000995 0.764223
4 1 0.018165 0.085558 0.094677 0.000917 0.800683
4 4 0.021723 0.045664 0.064266 0.000554 0.867793
4 4 0.027676 0.041009 0.063344 0.000620 0.867351
4 4 0.022806 0.041622 0.063621 0.000585 0.871365
4 4 0.025570 0.074485 0.097392 0.001199 0.801354
4 4 0.020714 0.120401 0.126917 0.001648 0.730320
4 4 0.030545 0.193996 0.204886 0.004473 0.566100
2 4 0.042588 0.174678 0.495294 0.017740 0.269699
2 4 0.039801 0.158024 0.560732 0.019362 0.222081
2 1 0.035983 0.121119 0.671048 0.025796 0.146053
2 1 0.039750 0.111684 0.683252 0.034948 0.130366
2 1 0.044569 0.109535 0.689235 0.044917 0.111745
2 1 0.048353 0.113803 0.683819 0.049718 0.104308
2 1 0.035872 0.074117 0.766438 0.054862 0.068712
2 1 0.034427 0.061044 0.787411 0.068037 0.049081
2 2 0.040143 0.059566 0.769305 0.093947 0.037039
2 2 0.044548 0.050725 0.739469 0.141853 0.023405
2 2 0.043996 0.045147 0.729112 0.161776 0.019969
2 2 0.039979 0.040703 0.742956 0.157007 0.019356
2 2 0.031435 0.029029 0.762982 0.160492 0.016063
2 2 0.033131 0.032769 0.765622 0.149553 0.018926
2 2 0.029274 0.026380 0.768562 0.162791 0.012992
2 2 0.029164 0.026939 0.772943 0.158456 0.012498
2 2 0.035333 0.034182 0.754155 0.161132 0.015198
2 2 0.034627 0.034375 0.760935 0.156149 0.013915
2 2 0.030099 0.025642 0.754655 0.179160 0.010445
2 2 0.032586 0.023755 0.709039 0.224556 0.010065
2 2 0.031745 0.022151 0.666429 0.270853 0.008823
2 2 0.045543 0.034628 0.603276 0.302954 0.013599
2 2 0.074290 0.064513 0.493047 0.343171 0.024979
2 2 0.084220 0.077933 0.516053 0.289044 0.032749
2 2 0.065176 0.062703 0.645583 0.197875 0.028663
2 2 0.049337 0.053818 0.717754 0.156313 0.022777
2 2 0.045287 0.052420 0.739511 0.141183 0.021599
2 2 0.048477 0.043905 0.652161 0.238116 0.017340
2 2 0.048364 0.038476 0.553305 0.346033 0.013822
2 2 0.048469 0.035993 0.483506 0.419759 0.012273
3 3 0.055020 0.041737 0.381445 0.508816 0.012982
3 3 0.050936 0.037630 0.371420 0.528632 0.011382
3 3 0.049702 0.036316 0.336095 0.567394 0.010492
3 3 0.078520 0.067396 0.381954 0.449220 0.022910
2 3 0.092318 0.092499 0.397390 0.378410 0.039383
2 3 0.082893 0.080320 0.419209 0.383415 0.034163
3 3 0.055958 0.043164 0.442134 0.444269 0.014476
3 3 0.047820 0.034887 0.424615 0.481607 0.011070
3 3 0.059524 0.046027 0.293328 0.588006 0.013115
3 3 0.074105 0.061698 0.303548 0.541930 0.018720
3 3 0.064603 0.051394 0.324956 0.543550 0.015497
3 3 0.057487 0.044422 0.406122 0.477606 0.014364
2 3 0.067291 0.060665 0.540092 0.308567 0.023385
2 3 0.065913 0.057430 0.532783 0.321771 0.022103
3 3 0.058471 0.045569 0.420536 0.460377 0.015048
3 3 0.053010 0.039589 0.350957 0.544653 0.011791
3 3 0.054000 0.040530 0.338351 0.555178 0.011941
3 3 0.054037 0.040579 0.243220 0.651521 0.010644
3 3 0.058895 0.045629 0.211664 0.672145 0.011667
3 3 0.051474 0.038534 0.173065 0.727860 0.009067
3 3 0.049794 0.037242 0.144751 0.759903 0.008310
3 3 0.050350 0.037586 0.159703 0.743740 0.008621
3 3 0.052686 0.039522 0.194946 0.703191 0.009655
3 3 0.055260 0.041816 0.237479 0.654510 0.010934
3 3 0.053630 0.040358 0.207817 0.688118 0.010077
3 3 0.054242 0.041186 0.181625 0.713029 0.009918
3 3 0.060345 0.047368 0.184002 0.696597 0.011689
3 3 0.060435 0.047709 0.164216 0.716225 0.011415
3 3 0.059533 0.047062 0.146021 0.736499 0.010885
3 3 0.051094 0.039125 0.112360 0.789182 0.008239
3 3 0.049684 0.037809 0.108416 0.796237 0.007854
3 3 0.064903 0.052539 0.157060 0.712897 0.012601
3 3 0.075643 0.063756 0.197808 0.645936 0.016857
3 3 0.077876 0.066167 0.209587 0.628449 0.017921
3 3 0.058911 0.046527 0.139903 0.744037 0.010622
3 3 0.043954 0.032938 0.079595 0.837275 0.006237
3 3 0.032779 0.023102 0.056689 0.883560 0.003869
3 3 0.030031 0.020521 0.060375 0.885637 0.003436
3 3 0.042777 0.031131 0.106766 0.813049 0.006276
3 3 0.072144 0.060798 0.140672 0.711901 0.014485
3 3 0.067139 0.055772 0.120797 0.743696 0.012597
3 3 0.062225 0.051224 0.095972 0.779794 0.010785
3 3 0.080929 0.072014 0.107345 0.723261 0.016451
3 3 0.082493 0.074104 0.102481 0.724108 0.016814
3 3 0.054542 0.044940 0.055056 0.837306 0.008156
3 3 0.033224 0.024974 0.027703 0.910486 0.003613
3 3 0.025812 0.018405 0.021694 0.931653 0.002437
3 3 0.031066 0.022605 0.032058 0.910937 0.003333
3 3 0.042751 0.032669 0.055657 0.863230 0.005693
3 3 0.049051 0.038562 0.065866 0.839384 0.007137
3 3 0.047205 0.036726 0.064799 0.844543 0.006728
3 3 0.044844 0.034226 0.067815 0.846840 0.006276
3 3 0.054887 0.043522 0.093353 0.799348 0.008890
3 3 0.054260 0.043548 0.075448 0.818286 0.008458
3 3 0.050248 0.039530 0.071840 0.830893 0.007490
3 3 0.054558 0.043148 0.094352 0.799116 0.008825
3 3 0.055074 0.043730 0.092951 0.799316 0.008929
3 3 0.051377 0.041261 0.060213 0.839598 0.007552
3 3 0.051172 0.041973 0.045768 0.853846 0.007241
3 3 0.043654 0.034486 0.040207 0.876021 0.005632
3 3 0.039685 0.030063 0.047083 0.878174 0.004994
3 3 0.039938 0.029793 0.058183 0.866903 0.005182
3 3 0.049315 0.038279 0.079460 0.825554 0.007392
3 3 0.104806 0.098907 0.227886 0.538600 0.029802
3 3 0.057186 0.045021 0.126145 0.761690 0.009957
3 3 0.029345 0.019373 0.086400 0.861384 0.003498
3 3 0.064696 0.052082 0.172395 0.698025 0.012802
3 3 0.030039 0.021404 0.036468 0.908866 0.003224
3 3 0.034303 0.025492 0.035292 0.901019 0.003894
3 3 0.037874 0.028300 0.046916 0.882248 0.004661
3 3 0.030502 0.021438 0.045240 0.899436 0.003385
3 3 0.029708 0.020646 0.047187 0.899184 0.003275
3 3 0.035668 0.025894 0.053619 0.880474 0.004344
3 3 0.052362 0.041676 0.072812 0.825170 0.007979
3 3 0.061528 0.050892 0.085398 0.791774 0.010408
3 3 0.062381 0.051303 0.098440 0.777005 0.010871
3 3 0.062495 0.050818 0.117777 0.757667 0.011244
3 3 0.061235 0.050202 0.094673 0.783387 0.010503
3 3 0.050013 0.040032 0.056616 0.846143 0.007196
3 3 0.049398 0.039559 0.053688 0.850339 0.007015
3 3 0.034522 0.025381 0.040941 0.895154 0.004002
3 3 0.034421 0.025165 0.043314 0.893087 0.004013
3 3 0.039001 0.029020 0.054969 0.872042 0.004967
3 3 0.040260 0.030376 0.052104 0.872092 0.005168
3 3 0.074787 0.067334 0.063639 0.780825 0.013415
3 3 0.079320 0.072602 0.066001 0.767311 0.014767
3 3 0.076536 0.066571 0.114658 0.726972 0.015262
3 3 0.082784 0.073159 0.136475 0.689746 0.017835
3 3 0.094285 0.085812 0.196085 0.599916 0.023902
3 3 0.086463 0.076295 0.197547 0.618873 0.020822
3 3 0.088320 0.078531 0.196384 0.615255 0.021511
3 3 0.093570 0.080170 0.266177 0.535138 0.024945
3 3 0.087459 0.077216 0.297456 0.513585 0.024284
2 3 0.087401 0.082462 0.401921 0.399488 0.028727
2 3 0.067202 0.057497 0.486644 0.367671 0.020986
2 3 0.064876 0.053077 0.468849 0.394098 0.019099
3 2 0.072238 0.060365 0.399893 0.446999 0.020506
3 2 0.069508 0.057473 0.415051 0.438278 0.019690
2 2 0.073049 0.067237 0.491504 0.339270 0.028941
2 2 0.060907 0.070676 0.645516 0.175022 0.047878
2 4 0.047828 0.084568 0.701318 0.072692 0.093595
2 4 0.034063 0.084064 0.727281 0.039561 0.115031
2 4 0.026650 0.066998 0.777962 0.035664 0.092726
2 4 0.030657 0.056177 0.798484 0.061223 0.053459
2 4 0.038458 0.059897 0.772830 0.085288 0.043527
2 4 0.040660 0.055243 0.763896 0.106190 0.034011
2 2 0.036531 0.046521 0.773754 0.109536 0.033658
2 2 0.033859 0.048649 0.788637 0.089906 0.038950
2 2 0.030740 0.047225 0.802631 0.078755 0.040648
2 2 0.032440 0.053852 0.791530 0.071604 0.050574
2 2 0.035671 0.072115 0.752672 0.054664 0.084878
2 2 0.035171 0.070585 0.748207 0.054198 0.091840
2 2 0.034924 0.085494 0.689565 0.038445 0.151572
2 2 0.035357 0.083594 0.727106 0.042761 0.111182
2 2 0.039568 0.107872 0.694005 0.036741 0.121814
2 2 0.049352 0.104538 0.696486 0.058744 0.090880
2 2 0.057377 0.136287 0.613243 0.049532 0.143561
2 2 0.059806 0.123262 0.648520 0.064299 0.104112
2 2 0.046114 0.090625 0.734188 0.066101 0.062973
2 2 0.035991 0.050999 0.788850 0.097987 0.026173
2 2 0.032652 0.037451 0.787446 0.127117 0.015334
2 2 0.029593 0.031560 0.791539 0.134860 0.012449
2 2 0.029175 0.030172 0.789282 0.139605 0.011768
2 2 0.029508 0.031006 0.789984 0.137423 0.012079
2 2 0.028992 0.029062 0.785754 0.144802 0.011391
2 2 0.030471 0.029457 0.774147 0.154199 0.011726
2 2 0.035348 0.039359 0.773333 0.136320 0.015640
2 2 0.035774 0.038303 0.766780 0.143776 0.015366
2 2 0.033040 0.032408 0.765617 0.154785 0.014150
2 2 0.038348 0.031093 0.710620 0.206592 0.013347
2 2 0.058691 0.056506 0.667452 0.192039 0.025312
2 2 0.077927 0.098405 0.632212 0.147197 0.044259
2 2 0.095476 0.138910 0.574570 0.126417 0.064628
2 2 0.082212 0.115723 0.612688 0.125857 0.063519
2 2 0.061967 0.108577 0.662580 0.083055 0.083821
2 2 0.078551 0.165782 0.560335 0.065764 0.129568
2 2 0.070024 0.197369 0.509159 0.039397 0.184050
2 2 0.058470 0.152157 0.591355 0.043434 0.154584
2 2 0.057449 0.126665 0.640921 0.056737 0.118228
2 2 0.058628 0.098059 0.688065 0.089014 0.066233
2 2 0.065691 0.120758 0.662921 0.082159 0.068472
2 2 0.077406 0.170079 0.580011 0.064133 0.108371
2 2 0.083235 0.187088 0.515427 0.058995 0.155255
2 2 0.106546 0.226680 0.366807 0.037738 0.262229
4 2 0.096779 0.210651 0.276694 0.018754 0.397122
4 2 0.123098 0.199167 0.248065 0.016485 0.413185
4 2 0.119280 0.161341 0.254736 0.019067 0.445575
4 2 0.105724 0.138785 0.207308 0.010376 0.537807
4 1 0.090075 0.111042 0.166593 0.005927 0.626363
4 1 0.061007 0.093721 0.127370 0.003383 0.714520
4 1 0.069844 0.111709 0.141136 0.003406 0.673904
4 1 0.082684 0.210227 0.213541 0.008392 0.485156
2 1 0.088875 0.224355 0.469121 0.041791 0.175857
2 2 0.071538 0.138196 0.640849 0.079227 0.070189
2 2 0.057203 0.089874 0.712306 0.101377 0.039239
2 2 0.061143 0.112215 0.684578 0.081368 0.060695
2 2 0.083671 0.175426 0.555923 0.064322 0.120657
2 1 0.094685 0.225202 0.402665 0.028686 0.248763
2 1 0.082612 0.225837 0.498715 0.045225 0.147611
2 1 0.084035 0.213288 0.525387 0.052339 0.124952
2 1 0.057313 0.123338 0.682373 0.062950 0.074025
2 2 0.047773 0.097049 0.723133 0.063639 0.068406
2 2 0.046581 0.068484 0.748199 0.102278 0.034458
2 2 0.040442 0.046545 0.756977 0.136480 0.019556
2 2 0.034161 0.035465 0.769162 0.147014 0.014199
2 2 0.037299 0.038215 0.754822 0.154090 0.015574
2 2 0.036636 0.042896 0.773846 0.129397 0.017224
2 2 0.038997 0.055586 0.778309 0.100903 0.026205
2 2 0.044371 0.066312 0.758580 0.098945 0.031793
2 2 0.053243 0.094250 0.707564 0.079862 0.065081
2 2 0.062428 0.142624 0.586599 0.052861 0.155488
4 2 0.104364 0.155763 0.202749 0.009118 0.528006
4 2 0.058014 0.092668 0.128657 0.002798 0.717863
4 2 0.054672 0.072233 0.103867 0.001842 0.767386
4 1 0.038120 0.044013 0.068459 0.000792 0.848615
4 1 0.038527 0.037197 0.059395 0.000625 0.864256
4 1 0.050439 0.044105 0.070089 0.001008 0.834359
4 0 0.042449 0.059539 0.092506 0.001433 0.804072
4 0 0.050049 0.136652 0.159720 0.003749 0.649830
4 1 0.042484 0.209022 0.191775 0.004764 0.551955
4 1 0.067929 0.287392 0.297485 0.014977 0.332218
2 1 0.071592 0.287536 0.385341 0.021458 0.234073
2 1 0.083372 0.305432 0.360551 0.022473 0.228173
2 1 0.072591 0.293482 0.365625 0.020744 0.247557
2 1 0.091331 0.231497 0.434298 0.033450 0.209425
2 1 0.235616 0.167772 0.375245 0.087886 0.133481
1 1 0.129545 0.291537 0.267855 0.021278 0.289786
4 1 0.272147 0.182229 0.226819 0.024359 0.294447
0 1 0.297025 0.146875 0.228865 0.033096 0.294139
4 1 0.282729 0.152411 0.216707 0.025615 0.322538
0 1 0.334363 0.162398 0.223112 0.031885 0.248242
2 1 0.238281 0.257647 0.261852 0.032373 0.209847
2 1 0.146281 0.248747 0.414603 0.051694 0.138675
2 1 0.164064 0.220512 0.424031 0.055197 0.136197
2 1 0.259418 0.194825 0.321270 0.056676 0.167811
4 1 0.299455 0.116138 0.193079 0.018893 0.372436
0 0 0.435563 0.096882 0.122299 0.025560 0.319696
0 0 0.517727 0.065396 0.082997 0.013580 0.320300
0 0 0.480968 0.087332 0.134515 0.020223 0.276962
0 0 0.605590 0.060698 0.098508 0.012843 0.222361
0 0 0.562863 0.085925 0.132229 0.020424 0.198559
0 0 0.421366 0.152259 0.169900 0.018996 0.237479
4 0 0.267321 0.144825 0.221923 0.023678 0.342253
4 0 0.071669 0.061430 0.104508 0.002300 0.760093
4 1 0.022834 0.046816 0.060647 0.000476 0.869226
4 1 0.029591 0.070520 0.076241 0.000692 0.822956
4 1 0.024775 0.124367 0.131137 0.001860 0.717862
4 1 0.021754 0.128611 0.131617 0.001770 0.716248
4 1 0.027868 0.156617 0.159309 0.002737 0.653468
4 1 0.026710 0.148394 0.152055 0.002553 0.670289
4 1 0.025355 0.111283 0.119445 0.001566 0.742350
4 1 0.018113 0.077954 0.092655 0.000922 0.810356
4 1 0.024868 0.082921 0.100537 0.001201 0.790474
4 1 0.054464 0.117399 0.115371 0.001769 0.710998
4 1 0.129902 0.171686 0.152085 0.004302 0.542026
4 0 0.149294 0.117367 0.133226 0.003933 0.596180
4 0 0.133962 0.105118 0.132795 0.003944 0.624182
4 0 0.061120 0.079387 0.109422 0.002059 0.748013
4 0 0.073741 0.082674 0.113950 0.002385 0.727250
4 0 0.078704 0.090230 0.100396 0.001656 0.729014
4 0 0.171766 0.111421 0.121004 0.003372 0.592436
0 0 0.493148 0.111414 0.137206 0.014491 0.243741
0 0 0.452164 0.135792 0.166061 0.022089 0.223895
0 0 0.312362 0.215117 0.214784 0.024383 0.233354
1 0 0.167238 0.328402 0.240991 0.018903 0.244466
1 1 0.065632 0.346069 0.245957 0.011041 0.331301
4 1 0.034178 0.197786 0.303741 0.007460 0.456834
2 1 0.029653 0.124291 0.456370 0.013144 0.376542
4 1 0.026747 0.122664 0.389296 0.010013 0.451279
4 1 0.029902 0.137184 0.358381 0.010155 0.464379
4 1 0.023768 0.137197 0.241446 0.005296 0.592293
4 1 0.017711 0.120800 0.130021 0.001674 0.729794
4 1 0.021747 0.080741 0.091436 0.000919 0.805158
4 4 0.060560 0.086089 0.100625 0.001562 0.751164
4 4 0.082500 0.115855 0.133169 0.003038 0.665438
4 4 0.162721 0.153076 0.186784 0.009180 0.488238
4 4 0.130769 0.125494 0.197002 0.010498 0.536237
4 0 0.115704 0.101798 0.165600 0.006853 0.610046
4 0 0.039190 0.075887 0.115670 0.002115 0.767138
4 0 0.031408 0.082011 0.105434 0.001470 0.779677
4 0 0.016246 0.065747 0.075407 0.000591 0.842008
4 0 0.018467 0.104168 0.106510 0.001100 0.769754
4 0 0.023551 0.113546 0.144277 0.002496 0.716130
4 0 0.027874 0.086694 0.121799 0.001993 0.761640
4 1 0.021873 0.053167 0.083539 0.000973 0.840449
4 1 0.022989 0.044736 0.063110 0.000546 0.868620
4 4 0.023546 0.055531 0.070046 0.000614 0.850263
4 4 0.030117 0.095966 0.114184 0.001612 0.758121
4 4 0.027104 0.100828 0.113159 0.001476 0.757434
4 4 0.024975 0.110219 0.127936 0.001880 0.734990
4 4 0.031029 0.146287 0.148557 0.002533 0.671594
4 4 0.039144 0.222368 0.186154 0.004157 0.548177
4 4 0.048462 0.252827 0.285210 0.010079 0.403423
2 4 0.051851 0.169816 0.528826 0.027713 0.221794
2 4 0.058194 0.159452 0.479903 0.030290 0.272160
4 4 0.130664 0.196350 0.272165 0.023244 0.377578
4 4 0.109427 0.178606 0.229976 0.012727 0.469264
4 4 0.137657 0.177777 0.209175 0.010858 0.464533
4 4 0.109336 0.171439 0.188307 0.007204 0.523715
4 1 0.076448 0.170902 0.211981 0.008650 0.532018
4 1 0.066578 0.183904 0.218028 0.008587 0.522903
4 1 0.040817 0.191323 0.180690 0.004129 0.583041
4 1 0.097470 0.235890 0.231309 0.011147 0.424184
4 1 0.110841 0.149709 0.170722 0.005872 0.562856
4 1 0.169290 0.136465 0.145476 0.004923 0.543847
4 1 0.128429 0.147023 0.171566 0.006454 0.546527
4 1 0.113453 0.116177 0.155572 0.005283 0.609514
4 1 0.048097 0.092232 0.139361 0.003256 0.717054
4 1 0.034391 0.116054 0.140990 0.002605 0.705960
4 1 0.030475 0.099699 0.114090 0.001575 0.754162
4 1 0.033196 0.093720 0.126798 0.002223 0.744063
4 1 0.051913 0.099561 0.136406 0.003572 0.708548
4 1 0.096938 0.096787 0.150912 0.007832 0.647531
4 1 0.128268 0.076632 0.128022 0.006773 0.660306
4 1 0.124481 0.080168 0.124351 0.005006 0.665995
4 1 0.098805 0.075447 0.114802 0.002894 0.708051
4 1 0.291042 0.100180 0.150771 0.009519 0.448488
0 1 0.383772 0.118249 0.168598 0.016905 0.312476
0 1 0.290883 0.223610 0.235126 0.030799 0.219582
2 1 0.161437 0.289490 0.333728 0.051638 0.163706
2 1 0.225147 0.226028 0.310771 0.076478 0.161575
4 1 0.194221 0.180376 0.245669 0.060465 0.319269
4 0 0.135207 0.181446 0.219912 0.026112 0.437323
4 0 0.116760 0.139513 0.158144 0.006813 0.578769
4 0 0.111190 0.127222 0.156253 0.005027 0.600307
4 0 0.192937 0.145357 0.205742 0.013989 0.441974
0 0 0.448839 0.103808 0.174722 0.026882 0.245748
0 0 0.743281 0.044861 0.052626 0.014950 0.144282
0 0 0.858894 0.023721 0.016764 0.012327 0.088294
0 0 0.883332 0.020009 0.011272 0.013449 0.071938
0 0 0.892010 0.016994 0.010056 0.009938 0.071002
0 0 0.876410 0.021433 0.012613 0.013916 0.075628
0 0 0.835795 0.026148 0.017916 0.012806 0.107335
0 0 0.836987 0.021800 0.016359 0.008205 0.116649
0 0 0.654863 0.058466 0.075890 0.015148 0.195633
0 0 0.370641 0.143044 0.151499 0.010723 0.324094
4 0 0.076981 0.190360 0.208896 0.007928 0.515834
4 0 0.028780 0.092974 0.116963 0.001728 0.759555
4 1 0.013143 0.044334 0.055153 0.000332 0.887039
4 4 0.011062 0.026698 0.036397 0.000161 0.925682
4 4 0.010801 0.015047 0.023295 0.000080 0.950777
4 4 0.013660 0.016462 0.022041 0.000119 0.947718
4 4 0.018993 0.013501 0.016786 0.000106 0.950614
4 4 0.008852 0.012545 0.020380 0.000070 0.958153
4 4 0.032023 0.032475 0.041527 0.000922 0.893054
3 4 0.165459 0.093652 0.039964 0.676051 0.024873
4 4 0.187943 0.234230 0.231460 0.111111 0.235255
3 4 0.165471 0.195860 0.200036 0.278479 0.160155
4 4 0.128258 0.130941 0.114028 0.032197 0.594576
4 4 0.041615 0.057401 0.070565 0.004158 0.826262
4 4 0.108702 0.080235 0.058884 0.014058 0.738122
4 4 0.082505 0.065267 0.053257 0.008361 0.790611
4 4 0.080175 0.059913 0.055108 0.006437 0.798367
4 4 0.043685 0.035640 0.050270 0.001296 0.869109
4 4 0.027784 0.030414 0.045816 0.000525 0.895461
4 4 0.030231 0.025772 0.036007 0.000568 0.907421
4 4 0.022203 0.028049 0.040453 0.000475 0.908820
4 4 0.030480 0.031018 0.037081 0.000695 0.900727
4 4 0.029778 0.034402 0.048196 0.000804 0.886820
4 4 0.030561 0.036777 0.044572 0.000869 0.887221
4 4 0.018522 0.029629 0.036175 0.000328 0.915346
4 4 0.012406 0.018358 0.023554 0.000161 0.945521
4 4 0.019877 0.025557 0.039069 0.000360 0.915137
4 4 0.017918 0.025658 0.035176 0.000201 0.921047
4 4 0.025957 0.028704 0.036630 0.000242 0.908467
4 4 0.034979 0.030508 0.050118 0.000456 0.883938
4 4 0.030915 0.043168 0.074588 0.000937 0.850393
4 4 0.036027 0.058033 0.096211 0.001533 0.808196
4 4 0.031670 0.087945 0.116290 0.001818 0.762277
4 4 0.067590 0.117297 0.165240 0.005010 0.644863
4 4 0.105978 0.096489 0.163520 0.006578 0.627435
4 4 0.186740 0.111860 0.166071 0.017614 0.517716
4 4 0.108535 0.101041 0.113507 0.008579 0.668338
4 4 0.066557 0.159758 0.177068 0.009802 0.586816
4 4 0.024131 0.089449 0.114721 0.001718 0.769981
4 4 0.024634 0.107839 0.284936 0.005975 0.576616
2 4 0.022437 0.094916 0.472212 0.011290 0.399145
4 4 0.031381 0.139115 0.390487 0.011488 0.427529
2 4 0.029286 0.119076 0.442554 0.013288 0.395796
4 4 0.031187 0.156999 0.356341 0.009241 0.446231
4 4 0.019307 0.133126 0.188909 0.002839 0.655819
4 4 0.017406 0.104385 0.117488 0.001396 0.759324
4 4 0.014956 0.088849 0.107249 0.001168 0.787778
4 4 0.013911 0.089684 0.164770 0.001748 0.729887
4 4 0.016577 0.111508 0.342678 0.004362 0.524875
2 4 0.023288 0.091105 0.674790 0.016410 0.194407
2 4 0.024939 0.066540 0.778032 0.031712 0.098777
2 1 0.027397 0.054350 0.807236 0.051882 0.059135
2 1 0.028858 0.057186 0.794587 0.052439 0.066931
2 1 0.029163 0.058899 0.791108 0.051190 0.069641
2 1 0.030392 0.065827 0.759252 0.045458 0.099071
2 1 0.028759 0.059218 0.770279 0.047595 0.094148
2 1 0.026764 0.060334 0.764848 0.040147 0.107907
2 1 0.025189 0.059831 0.780290 0.037049 0.097641
2 1 0.025740 0.057200 0.809581 0.043157 0.064322
2 1 0.036234 0.089708 0.713230 0.040172 0.120657
2 1 0.074431 0.265692 0.377147 0.024957 0.257773
2 1 0.067823 0.240133 0.397818 0.024558 0.269667
2 1 0.068480 0.190256 0.413811 0.026456 0.300997
4 0 0.041285 0.080503 0.116760 0.002119 0.759331
4 1 0.037904 0.111642 0.141101 0.002758 0.706596
4 1 0.065196 0.129406 0.168846 0.005816 0.630735
4 1 0.086334 0.099751 0.125079 0.004260 0.684575
4 1 0.058109 0.058431 0.084016 0.001256 0.798187
4 1 0.057863 0.072367 0.080079 0.000957 0.788733
4 1 0.031620 0.119766 0.115601 0.001470 0.731542
4 1 0.032316 0.172809 0.227348 0.004840 0.562687
2 1 0.032006 0.109924 0.613104 0.021643 0.223323
2 1 0.026526 0.065654 0.773987 0.036016 0.097818
2 1 0.023500 0.036503 0.833679 0.068852 0.037466
2 1 0.025107 0.027652 0.811800 0.114608 0.020834
2 1 0.027389 0.029984 0.801205 0.120039 0.021383
2 2 0.026713 0.035059 0.817342 0.092846 0.028040
2 2 0.025167 0.037794 0.827285 0.074771 0.034983
2 2 0.023306 0.036668 0.834224 0.067295 0.038506
2 2 0.022184 0.035578 0.838911 0.063991 0.039336
2 2 0.022822 0.040132 0.834726 0.056967 0.045353
2 2 0.027058 0.045672 0.815947 0.064977 0.046346
2 2 0.029594 0.043803 0.806611 0.081447 0.038546
2 2 0.029258 0.039631 0.805593 0.091505 0.034014
2 2 0.027200 0.040128 0.816802 0.078884 0.036986
2 2 0.031549 0.051040 0.790733 0.072367 0.054312
2 2 0.031145 0.051813 0.781068 0.067524 0.068449
2 2 0.036061 0.069085 0.733454 0.057030 0.104370
2 2 0.032795 0.068025 0.742085 0.049093 0.108001
2 2 0.028984 0.060013 0.764712 0.047063 0.099228
2 2 0.030117 0.051784 0.787345 0.063980 0.066774
2 2 0.030001 0.036828 0.797235 0.105570 0.030366
2 2 0.028159 0.032109 0.802272 0.115606 0.021854
2 2 0.027038 0.032260 0.811540 0.107447 0.021715
2 2 0.026420 0.032206 0.814691 0.102491 0.024192
2 2 0.025020 0.029328 0.816361 0.104373 0.024918
2 2 0.022033 0.023184 0.820628 0.114014 0.020140
2 2 0.022285 0.026366 0.828912 0.097598 0.024840
2 2 0.024834 0.028229 0.815344 0.108887 0.022705
2 2 0.025965 0.025508 0.795831 0.136537 0.016159
2 2 0.030121 0.027310 0.760472 0.166158 0.015939
2 2 0.041030 0.040680 0.685586 0.205841 0.026862
2 2 0.055565 0.061263 0.632815 0.206894 0.043463
2 2 0.063728 0.071880 0.602358 0.212377 0.049657
2 2 0.063501 0.076938 0.620950 0.182178 0.056433
2 2 0.043384 0.052625 0.742480 0.124132 0.037379
2 2 0.038326 0.052744 0.770018 0.100490 0.038421
2 2 0.031131 0.039300 0.798681 0.105849 0.025038
2 2 0.028589 0.034945 0.806362 0.106190 0.023914
2 2 0.029824 0.031386 0.788095 0.133831 0.016865
2 2 0.032741 0.037002 0.783638 0.126175 0.020444
2 2 0.034060 0.032824 0.758451 0.157375 0.017290
2 2 0.029625 0.029716 0.782497 0.140832 0.017331
2 2 0.032675 0.033725 0.755693 0.158077 0.019831
2 2 0.033725 0.032445 0.741489 0.174814 0.017527
2 2 0.041893 0.036212 0.652782 0.253265 0.015848
2 2 0.040490 0.030409 0.589657 0.328354 0.011090
2 2 0.041727 0.029684 0.506643 0.411872 0.010073
2 2 0.047773 0.035339 0.486992 0.417835 0.012061
2 2 0.050141 0.037431 0.459797 0.440129 0.012502
2 2 0.051773 0.041040 0.460615 0.431521 0.015051
2 2 0.056029 0.050365 0.564232 0.305701 0.023672
2 2 0.043688 0.049120 0.708602 0.171283 0.027307
2 2 0.035390 0.042430 0.767738 0.128047 0.026396
2 2 0.029092 0.037049 0.806997 0.101191 0.025672
2 2 0.026940 0.028841 0.801936 0.124274 0.018010
2 2 0.027487 0.025356 0.779971 0.150673 0.016514
2 2 0.036044 0.057802 0.771278 0.077307 0.057569
2 2 0.043434 0.047687 0.701380 0.176109 0.031390
2 2 0.034744 0.028063 0.692198 0.230852 0.014144
2 2 0.027147 0.032145 0.805852 0.105517 0.029339
2 2 0.030506 0.026251 0.755477 0.172529 0.015237
2 2 0.034769 0.031332 0.745075 0.174083 0.014741
2 2 0.034161 0.029566 0.740379 0.183090 0.012803
2 2 0.036031 0.032707 0.741037 0.176655 0.013569
2 2 0.037701 0.042181 0.762208 0.134465 0.023445
2 2 0.052922 0.077288 0.717024 0.105152 0.047614
2 2 0.076459 0.140694 0.610826 0.083483 0.088538
2 2 0.089313 0.201343 0.506152 0.060970 0.142222
2 2 0.069758 0.164550 0.564547 0.053087 0.148058
2 2 0.060051 0.159938 0.563420 0.041246 0.175346
2 2 0.064894 0.182688 0.517909 0.037969 0.196540
2 2 0.062558 0.190614 0.479728 0.031798 0.235301
2 2 0.065106 0.189226 0.489897 0.035099 0.220671
2 2 0.067371 0.194170 0.507110 0.037239 0.194110
2 2 0.072117 0.194873 0.526270 0.043449 0.163291
2 2 0.072835 0.188596 0.553599 0.048122 0.136848
2 1 0.080990 0.200278 0.552133 0.054978 0.111621
2 1 0.065168 0.171274 0.608383 0.047719 0.107457
2 1 0.051606 0.140321 0.652535 0.041519 0.114020
2 1 0.035998 0.115118 0.679351 0.027790 0.141743
2 2 0.036997 0.131451 0.592680 0.022106 0.216766
2 2 0.052613 0.193046 0.448150 0.021654 0.284537
2 2 0.106328 0.262603 0.326282 0.026702 0.278085
1 2 0.147922 0.303180 0.282374 0.029656 0.236869
2 2 0.158560 0.301575 0.323581 0.047822 0.168462
2 2 0.177796 0.283684 0.316694 0.048119 0.173707
2 2 0.215992 0.262709 0.272976 0.037827 0.210495
4 2 0.200886 0.237581 0.258285 0.026826 0.276423
4 2 0.178930 0.237950 0.252319 0.022013 0.308787
4 0 0.137379 0.258684 0.270393 0.022655 0.310889
4 0 0.096950 0.283095 0.259806 0.015784 0.344365
4 0 0.044348 0.237615 0.244131 0.007428 0.466478
2 1 0.032055 0.166156 0.407771 0.009846 0.384171
2 1 0.030272 0.146492 0.468311 0.011323 0.343603
2 1 0.037400 0.138323 0.546626 0.019934 0.257717
2 1 0.056795 0.190238 0.454838 0.022763 0.275365
4 1 0.133475 0.208033 0.281426 0.019802 0.357265
4 1 0.179389 0.232788 0.240580 0.018754 0.328488
4 1 0.192110 0.274722 0.232866 0.017981 0.282320
1 1 0.197864 0.296278 0.268957 0.033584 0.203317
2 1 0.236143 0.219134 0.270895 0.039361 0.234467
4 0 0.178238 0.178170 0.237633 0.019022 0.386937
4 0 0.108172 0.185349 0.203107 0.008618 0.494755
4 0 0.054787 0.183270 0.160020 0.003337 0.598587
4 1 0.055199 0.137951 0.140148 0.002710 0.663991
4 1 0.034060 0.076849 0.105288 0.001569 0.782234
4 0 0.036609 0.064785 0.078794 0.000853 0.818959
4 0 0.032012 0.100695 0.094008 0.000960 0.772325
4 1 0.036540 0.117465 0.112943 0.001465 0.731587
4 1 0.038615 0.157672 0.163684 0.003394 0.636634
4 1 0.070296 0.221212 0.224496 0.008920 0.475076
4 0 0.096556 0.294263 0.270983 0.018240 0.319958
4 0 0.108267 0.286997 0.268387 0.018869 0.317481
4 0 0.103432 0.263378 0.282813 0.021922 0.328454
4 0 0.102420 0.240262 0.288799 0.022214 0.346305
4 0 0.145751 0.156413 0.191537 0.009164 0.497135
4 1 0.098592 0.125853 0.175125 0.006572 0.593858
4 1 0.091656 0.068959 0.099455 0.002684 0.737246
4 0 0.074178 0.078958 0.111750 0.002578 0.732535
4 0 0.079857 0.114595 0.162086 0.005138 0.638324
2 0 0.051904 0.181048 0.434435 0.022370 0.310244
2 0 0.041372 0.126599 0.632373 0.030058 0.169597
2 1 0.031438 0.076664 0.747381 0.039301 0.105215
2 1 0.025442 0.075259 0.709768 0.025620 0.163911
2 1 0.024325 0.083964 0.655694 0.019219 0.216798
2 1 0.027981 0.113697 0.546656 0.014895 0.296771
2 1 0.031858 0.148968 0.425168 0.011441 0.382565
4 1 0.027662 0.165392 0.288938 0.006141 0.511868
4 1 0.020167 0.143014 0.157842 0.002398 0.676578
4 1 0.029237 0.125528 0.147239 0.002651 0.695344
4 1 0.045922 0.169578 0.173083 0.004041 0.607375
4 1 0.058799 0.262904 0.289360 0.011209 0.377728
2 1 0.056914 0.251318 0.371414 0.016068 0.304285
2 1 0.038863 0.176050 0.426476 0.013431 0.345180
4 4 0.030891 0.165670 0.259928 0.007049 0.536463
4 4 0.023671 0.129297 0.168374 0.003422 0.675237
4 4 0.027063 0.090170 0.115182 0.001662 0.765923
4 4 0.027872 0.083702 0.115255 0.001764 0.771407
4 4 0.020332 0.049934 0.072401 0.000690 0.856642
4 4 0.022231 0.042258 0.062213 0.000543 0.872755
4 4 0.018087 0.055133 0.067673 0.000523 0.858583
4 4 0.025285 0.093205 0.101974 0.001159 0.778377
4 4 0.023410 0.139559 0.137033 0.001920 0.698078
4 4 0.015322 0.072410 0.079789 0.000629 0.831850
4 4 0.009528 0.034565 0.048301 0.000260 0.907347
4 4 0.005650 0.014768 0.022729 0.000064 0.956789
4 4 0.005914 0.015006 0.018757 0.000040 0.960284
4 4 0.008660 0.025554 0.023529 0.000095 0.942161
4 4 0.014826 0.036871 0.041931 0.000289 0.906083
4 4 0.010579 0.028905 0.045725 0.000266 0.914526
4 4 0.022082 0.030994 0.054173 0.000478 0.892273
4 4 0.063411 0.034868 0.066144 0.001029 0.834548
4 4 0.299385 0.078966 0.113167 0.008228 0.500255
4 4 0.332363 0.124760 0.145832 0.008833 0.388211
0 4 0.366625 0.160222 0.166370 0.013612 0.293171
4 4 0.160401 0.147465 0.183252 0.008770 0.500112
4 4 0.080923 0.065236 0.114086 0.002905 0.736850
4 4 0.068663 0.106587 0.140064 0.003413 0.681273
4 4 0.052086 0.160765 0.155864 0.003255 0.628030
4 4 0.050152 0.206486 0.249125 0.008022 0.486215
4 4 0.042726 0.172596 0.263531 0.008289 0.512858
4 4 0.046365 0.132216 0.155848 0.003482 0.662089
4 4 0.040111 0.093712 0.119202 0.002006 0.744968
4 4 0.037031 0.066973 0.104976 0.001756 0.789264
4 4 0.034621 0.063435 0.108870 0.001962 0.791112
4 4 0.022827 0.073302 0.106288 0.001470 0.796113
4 4 0.024890 0.115807 0.126966 0.001785 0.730552
4 4 0.038161 0.191143 0.324133 0.009897 0.436666
4 4 0.048793 0.136545 0.154933 0.003423 0.656306
4 4 0.072666 0.106237 0.159243 0.004942 0.656912
4 4 0.066422 0.053562 0.082899 0.001351 0.795766
4 4 0.037881 0.039875 0.055327 0.000494 0.866423
4 4 0.030258 0.032696 0.043339 0.000329 0.893378
4 4 0.020658 0.028838 0.051004 0.000425 0.899076
4 4 0.019922 0.050201 0.073555 0.000712 0.855611
4 4 0.020742 0.113692 0.122376 0.001551 0.741639
4 4 0.023545 0.190332 0.195407 0.003070 0.587646
2 4 0.032114 0.134751 0.543761 0.015491 0.273882
2 4 0.074272 0.122357 0.538986 0.051038 0.213347
4 4 0.032686 0.149173 0.382077 0.011198 0.424868
4 1 0.031398 0.152856 0.167822 0.003455 0.644469
4 1 0.043360 0.148287 0.235108 0.007373 0.565871
4 1 0.035315 0.119010 0.167108 0.004093 0.674474
4 1 0.049653 0.172750 0.189792 0.005321 0.582484
4 1 0.088245 0.244639 0.228621 0.010155 0.428340
4 1 0.149559 0.237112 0.272875 0.024993 0.315462
4 1 0.256693 0.205274 0.221958 0.020676 0.295399
4 1 0.244531 0.236618 0.242475 0.026813 0.249563
2 1 0.183022 0.286123 0.306270 0.044040 0.180545
2 1 0.138296 0.315714 0.339088 0.040120 0.166782
2 1 0.156931 0.308481 0.318821 0.042826 0.172942
2 1 0.166525 0.245571 0.376261 0.056231 0.155412
4 1 0.172403 0.227999 0.277467 0.027282 0.294850
4 1 0.136299 0.267803 0.281598 0.026203 0.288097
2 1 0.098138 0.301883 0.393328 0.037238 0.169412
2 1 0.085629 0.172635 0.589284 0.078887 0.073564
2 1 0.078033 0.162715 0.617505 0.074191 0.067556
2 1 0.069835 0.176701 0.597076 0.051612 0.104776
2 1 0.051101 0.111990 0.698420 0.058049 0.080441
2 1 0.042926 0.077933 0.750991 0.071820 0.056331
2 1 0.051255 0.090681 0.698347 0.076027 0.083690
2 2 0.084028 0.178753 0.515565 0.063500 0.158154
2 2 0.093211 0.292936 0.331638 0.031060 0.251154
2 2 0.123540 0.299208 0.361600 0.054978 0.160673
2 2 0.223366 0.228332 0.280953 0.042887 0.224462
4 0 0.160529 0.164282 0.189198 0.009150 0.476841
4 1 0.114603 0.220296 0.195152 0.007415 0.462534
4 1 0.096052 0.261308 0.214134 0.008566 0.419940
4 1 0.077245 0.212435 0.216583 0.008462 0.485275
4 1 0.094833 0.179230 0.198470 0.007684 0.519783
4 1 0.311778 0.126684 0.151141 0.009075 0.401321
4 1 0.317273 0.106796 0.138085 0.007776 0.430070
4 1 0.326820 0.106516 0.124420 0.008096 0.434148
4 1 0.189135 0.134837 0.144129 0.005701 0.526197
0 1 0.302552 0.185037 0.200187 0.018224 0.294001
2 1 0.258382 0.213669 0.291967 0.047120 0.188862
2 1 0.257741 0.200936 0.297712 0.046547 0.197064
2 1 0.197135 0.194610 0.383155 0.061928 0.163171
2 1 0.127862 0.238225 0.337020 0.027860 0.269032
2 1 0.100223 0.243378 0.359720 0.025654 0.271025
2 1 0.078682 0.253829 0.392535 0.026086 0.248868
2 1 0.082272 0.203000 0.542584 0.054854 0.117290
2 1 0.070189 0.119360 0.663749 0.096748 0.049954
2 1 0.059919 0.089329 0.702803 0.110917 0.037032
2 1 0.047916 0.070895 0.748116 0.104849 0.028224
2 1 0.053193 0.079100 0.728085 0.107548 0.032074
2 2 0.074644 0.117231 0.642120 0.107226 0.058779
2 2 0.125714 0.191599 0.476089 0.104501 0.102097
2 2 0.217521 0.237603 0.314790 0.060979 0.169106
2 2 0.252160 0.220488 0.289600 0.060197 0.177554
2 1 0.234134 0.250779 0.266257 0.037535 0.211296
1 1 0.138571 0.353998 0.256781 0.021089 0.229560
2 1 0.113376 0.344231 0.349553 0.038798 0.154042
2 1 0.064019 0.178772 0.578172 0.041674 0.137362
2 1 0.054600 0.182499 0.473004 0.025775 0.264121
2 1 0.069060 0.236565 0.393005 0.025648 0.275722
2 1 0.102310 0.256057 0.361035 0.028155 0.252443
2 1 0.126491 0.227816 0.430394 0.041742 0.173557
2 1 0.262960 0.191755 0.267568 0.033927 0.243790
0 1 0.477226 0.112488 0.183371 0.037234 0.189681
0 1 0.396644 0.168496 0.167883 0.015902 0.251076
1 1 0.185113 0.325172 0.245462 0.022524 0.221729
2 1 0.106307 0.242193 0.465863 0.056781 0.128856
2 1 0.030784 0.067001 0.759604 0.045591 0.097020
2 1 0.027810 0.044055 0.815343 0.072319 0.040473
2 1 0.029696 0.048623 0.806010 0.070821 0.044849
2 1 0.041785 0.074909 0.750493 0.071332 0.061482
2 1 0.049596 0.077059 0.731314 0.094869 0.047162
2 1 0.045191 0.048222 0.725184 0.160109 0.021294
2 1 0.056147 0.067293 0.703477 0.144429 0.028654
2 1 0.051466 0.066671 0.726937 0.127389 0.027537
2 1 0.035507 0.041701 0.778719 0.127654 0.016418
2 2 0.035994 0.044222 0.780022 0.119225 0.020537
2 2 0.033991 0.041669 0.788208 0.117474 0.018659
2 2 0.030366 0.031317 0.783858 0.141331 0.013129
2 2 0.037358 0.034831 0.740226 0.173021 0.014565
2 2 0.038865 0.032772 0.715709 0.198054 0.014600
2 2 0.048896 0.047785 0.704081 0.178252 0.020986
2 2 0.051170 0.060343 0.719421 0.142912 0.026154
2 2 0.045304 0.056972 0.747513 0.127094 0.023117
2 2 0.034550 0.038609 0.776951 0.134618 0.015272
2 2 0.030355 0.032294 0.787820 0.135053 0.014479
2 2 0.026112 0.026288 0.798981 0.135385 0.013234
2 2 0.028067 0.030510 0.799792 0.126119 0.015512
2 2 0.031922 0.036362 0.788990 0.125512 0.017215
2 2 0.035294 0.041961 0.780270 0.124303 0.018172
2 2 0.030910 0.029906 0.772415 0.154837 0.011932
2 2 0.031526 0.025898 0.741599 0.190265 0.010713
2 2 0.032827 0.027241 0.737975 0.190633 0.011324
2 2 0.036385 0.029600 0.698495 0.223576 0.011944
2 2 0.040712 0.032242 0.687802 0.225475 0.013769
2 2 0.040742 0.032476 0.688302 0.224654 0.013826
2 2 0.042180 0.034874 0.649761 0.259665 0.013520
2 2 0.039755 0.033263 0.662993 0.251259 0.012730
2 2 0.040258 0.030161 0.613890 0.304227 0.011464
2 2 0.039173 0.028797 0.639409 0.281135 0.011486
2 2 0.043226 0.031634 0.556806 0.356820 0.011513
2 2 0.044584 0.032270 0.490922 0.421324 0.010900
2 2 0.040896 0.028587 0.462769 0.458570 0.009178
3 2 0.042285 0.029633 0.420683 0.498269 0.009130
3 3 0.052549 0.039446 0.411340 0.484089 0.012577
3 3 0.052885 0.039447 0.345435 0.550567 0.011668
3 3 0.056884 0.043340 0.289953 0.597641 0.012182
3 3 0.058922 0.045513 0.340507 0.541362 0.013696
3 3 0.049239 0.035850 0.326239 0.578451 0.010221
3 3 0.043931 0.030995 0.382809 0.533047 0.009219
3 3 0.037909 0.025444 0.332882 0.596806 0.006959
3 3 0.043215 0.030204 0.331140 0.586996 0.008445
3 3 0.049585 0.036837 0.380669 0.521825 0.011084
3 3 0.048151 0.035068 0.400841 0.505096 0.010844
3 3 0.049518 0.036108 0.319245 0.584908 0.010221
3 3 0.052118 0.038626 0.270247 0.628596 0.010412
3 3 0.049818 0.036503 0.232863 0.671516 0.009299
3 3 0.047205 0.033957 0.249023 0.661070 0.008745
3 3 0.047587 0.034372 0.233077 0.676280 0.008684
3 3 0.064777 0.051544 0.251613 0.617878 0.014189
2 3 0.075470 0.084516 0.540628 0.247114 0.052272
3 3 0.051753 0.038557 0.201310 0.698906 0.009474
3 3 0.042127 0.029192 0.292229 0.628689 0.007764
2 3 0.059288 0.053037 0.615703 0.248515 0.023457
3 3 0.063995 0.050765 0.329139 0.540750 0.015351
3 3 0.053324 0.039842 0.253848 0.642419 0.010567
3 3 0.046449 0.033623 0.179898 0.732184 0.007847
3 3 0.043702 0.031377 0.146857 0.771198 0.006866
3 3 0.041885 0.029901 0.130048 0.791867 0.006299
3 3 0.047299 0.034894 0.139502 0.770663 0.007642
3 3 0.048876 0.036629 0.127042 0.779571 0.007883
3 3 0.048134 0.036302 0.107186 0.800899 0.007478
3 3 0.036703 0.025991 0.082120 0.850377 0.004808
3 3 0.039624 0.028526 0.089663 0.836735 0.005452
3 3 0.038486 0.027147 0.105769 0.823234 0.005364
3 3 0.040076 0.028517 0.111194 0.814472 0.005741
3 3 0.049942 0.037943 0.113846 0.790287 0.007982
3 3 0.054835 0.043172 0.103006 0.789965 0.009022
3 3 0.045763 0.034668 0.081070 0.831861 0.006637
3 3 0.041751 0.031408 0.061920 0.859343 0.005578
3 3 0.051900 0.040665 0.086621 0.812734 0.008081
3 3 0.049315 0.037680 0.098835 0.806521 0.007649
3 3 0.052312 0.039684 0.147689 0.751334 0.008981
3 3 0.040858 0.029227 0.112179 0.811821 0.005915
3 3 0.036007 0.025699 0.068730 0.865008 0.004556
3 3 0.032225 0.022672 0.054412 0.886936 0.003754
3 3 0.038788 0.028433 0.064939 0.862800 0.005040
3 3 0.052904 0.041361 0.097043 0.800225 0.008467
3 3 0.052431 0.040729 0.102235 0.796179 0.008426
3 3 0.044107 0.032852 0.087668 0.829012 0.006361
3 3 0.038412 0.027872 0.071278 0.857404 0.005034
3 3 0.040813 0.030186 0.070445 0.853061 0.005493
3 3 0.043822 0.032659 0.084641 0.832611 0.006267
3 3 0.041082 0.030343 0.073588 0.849406 0.005581
3 3 0.048785 0.037518 0.086157 0.820176 0.007365
3 3 0.048240 0.036564 0.100628 0.807145 0.007424
3 3 0.047433 0.035861 0.096912 0.812597 0.007196
3 3 0.058737 0.046500 0.132215 0.752088 0.010459
3 3 0.071198 0.059490 0.152196 0.702689 0.014427
3 3 0.067837 0.056392 0.126092 0.736779 0.012900
3 3 0.049835 0.038802 0.079608 0.824245 0.007511
3 3 0.054627 0.043814 0.078221 0.814749 0.008589
3 3 0.054140 0.043273 0.078960 0.815140 0.008487
3 3 0.048753 0.037612 0.082302 0.824026 0.007306
3 3 0.046981 0.035798 0.083531 0.826757 0.006932
3 3 0.053447 0.041466 0.113875 0.782381 0.008832
3 3 0.064034 0.051890 0.142003 0.729983 0.012089
3 3 0.070590 0.059118 0.138500 0.717828 0.013964
3 3 0.068667 0.057231 0.128854 0.732051 0.013196
3 3 0.058941 0.047514 0.101467 0.782048 0.010029
3 3 0.054035 0.042393 0.101395 0.793375 0.008802
3 3 0.056505 0.045064 0.097850 0.791225 0.009356
3 3 0.054260 0.043196 0.084112 0.809834 0.008597
3 3 0.043253 0.032725 0.065941 0.852153 0.005928
3 3 0.044076 0.033589 0.064673 0.851584 0.006078
3 3 0.044160 0.033490 0.069307 0.846889 0.006154
3 3 0.045622 0.034127 0.095207 0.818271 0.006774
3 3 0.051517 0.039364 0.120859 0.779811 0.008449
3 3 0.056653 0.044957 0.106542 0.782320 0.009528
3 3 0.071396 0.060439 0.122824 0.731458 0.013883
3 3 0.080039 0.070112 0.130489 0.702593 0.016767
3 3 0.067510 0.056274 0.117604 0.745971 0.012641
3 3 0.047609 0.036402 0.084195 0.824716 0.007078
3 3 0.039340 0.028727 0.072055 0.854657 0.005221
3 3 0.032570 0.023144 0.050085 0.890428 0.003772
3 3 0.035658 0.026420 0.041872 0.891842 0.004208
3 3 0.058192 0.048687 0.058504 0.825557 0.009061
3 3 0.077489 0.068558 0.094328 0.744584 0.015042
3 3 0.072584 0.061978 0.116577 0.734756 0.014105
3 3 0.064483 0.053870 0.091429 0.778924 0.011294
3 3 0.092508 0.084902 0.137571 0.663710 0.021308
2 3 0.160386 0.236468 0.283534 0.223074 0.096539
2 3 0.113199 0.222960 0.476057 0.081860 0.105924
2 2 0.116359 0.167888 0.504543 0.130285 0.080924
2 2 0.127529 0.216743 0.448720 0.102201 0.104807
2 2 0.126956 0.227087 0.442429 0.094498 0.109029
2 2 0.175081 0.287599 0.314573 0.050307 0.172440
4 2 0.098451 0.208845 0.285876 0.017511 0.389317
4 4 0.100232 0.171841 0.224858 0.011578 0.491491
4 4 0.034732 0.071724 0.105805 0.001676 0.786063
4 4 0.099371 0.101107 0.156316 0.005492 0.637714
4 4 0.141402 0.158374 0.211183 0.011925 0.477116
4 4 0.211756 0.193103 0.235993 0.036496 0.322652
2 4 0.230455 0.241901 0.245402 0.039596 0.242646
4 4 0.164422 0.258682 0.239149 0.017037 0.320710
4 4 0.227153 0.224956 0.237826 0.022715 0.287350
4 4 0.116894 0.126029 0.184171 0.008174 0.564733
4 4 0.047375 0.051349 0.095732 0.001800 0.803744
4 4 0.066039 0.068523 0.097290 0.001720 0.766429
4 4 0.036066 0.052865 0.063590 0.000566 0.846912
4 4 0.071981 0.082713 0.107595 0.002032 0.735679
4 4 0.033101 0.032817 0.049784 0.000418 0.883880
4 4 0.084282 0.058191 0.078821 0.001221 0.777485
4 4 0.107255 0.059799 0.088732 0.001788 0.742427
4 4 0.227326 0.102608 0.135744 0.005750 0.528572
4 4 0.145646 0.053695 0.088791 0.002208 0.709661
4 4 0.130242 0.044385 0.070898 0.002614 0.751860
4 4 0.032780 0.014133 0.021039 0.000310 0.931738
