4 0 0.183777 0.101144 0.049235 0.027917 0.637927
4 0 0.203741 0.038507 0.006642 0.004141 0.746970
4 0 0.281248 0.043644 0.008527 0.008256 0.658324
4 0 0.322481 0.029262 0.003879 0.004705 0.639673
4 0 0.203059 0.044170 0.008736 0.005382 0.738652
4 0 0.173224 0.036604 0.006078 0.003085 0.781009
4 0 0.077344 0.059347 0.017941 0.003392 0.841976
4 0 0.060794 0.060950 0.019826 0.002853 0.855578
4 0 0.044081 0.067872 0.026356 0.002651 0.859041
4 0 0.045459 0.057350 0.018618 0.001943 0.876631
4 0 0.038010 0.062487 0.023011 0.001969 0.874524
4 0 0.042930 0.047464 0.012903 0.001275 0.895428
4 0 0.033978 0.052878 0.016853 0.001282 0.895008
4 0 0.037716 0.041918 0.010365 0.000896 0.909105
4 0 0.035991 0.042632 0.010829 0.000888 0.909659
4 0 0.038205 0.030940 0.005674 0.000510 0.924671
4 0 0.030841 0.034737 0.007474 0.000526 0.926422
4 1 0.026891 0.042750 0.011625 0.000695 0.918039
4 1 0.027276 0.056505 0.020232 0.001210 0.894776
4 1 0.026756 0.068191 0.029736 0.001736 0.873581
4 1 0.027263 0.064110 0.026115 0.001556 0.880955
4 1 0.032181 0.057130 0.019925 0.001425 0.889339
4 1 0.032741 0.053190 0.017194 0.001256 0.895619
4 1 0.034271 0.052791 0.016765 0.001288 0.894886
4 1 0.032798 0.069724 0.029710 0.002163 0.865605
4 1 0.044632 0.091714 0.049017 0.005065 0.809571
4 1 0.057498 0.149899 0.137686 0.023284 0.631633
4 1 0.059151 0.180263 0.338543 0.070538 0.351504
2 1 0.045902 0.149235 0.540305 0.099733 0.164826
2 1 0.026559 0.085757 0.722943 0.119156 0.045585
2 1 0.033459 0.080071 0.645140 0.205072 0.036257
2 1 0.040312 0.077787 0.585732 0.262035 0.034133
2 2 0.036473 0.081390 0.644679 0.199071 0.038386
2 2 0.033515 0.084478 0.689395 0.149010 0.043602
2 2 0.034575 0.085680 0.711184 0.120471 0.048089
2 2 0.040836 0.078078 0.616701 0.229034 0.035351
2 2 0.029738 0.059895 0.535074 0.356248 0.019045
3 2 0.022112 0.049806 0.384160 0.530619 0.013304
3 2 0.017020 0.042220 0.373182 0.558110 0.009469
3 2 0.016356 0.041110 0.366915 0.566619 0.009000
3 2 0.017792 0.043648 0.393750 0.534810 0.010000
3 2 0.017942 0.043678 0.373525 0.554693 0.010162
3 2 0.014679 0.037998 0.334548 0.604903 0.007872
3 2 0.013917 0.034982 0.230634 0.712773 0.007694
3 2 0.012010 0.031652 0.222537 0.727440 0.006362
3 3 0.008899 0.024789 0.160880 0.800938 0.004495
3 3 0.007462 0.021380 0.137581 0.829972 0.003604
3 3 0.006961 0.019384 0.102210 0.867998 0.003447
3 3 0.004368 0.014351 0.098227 0.881150 0.001904
3 3 0.004358 0.013510 0.073464 0.906693 0.001975
3 3 0.004674 0.014149 0.075031 0.903998 0.002146
3 3 0.003025 0.010453 0.063760 0.921497 0.001265
3 3 0.003268 0.011214 0.071059 0.913084 0.001375
3 3 0.002799 0.009875 0.061569 0.924607 0.001149
3 3 0.002464 0.008992 0.058118 0.929443 0.000982
3 3 0.002025 0.007782 0.053153 0.936271 0.000770
3 3 0.001882 0.007376 0.051418 0.938621 0.000703
3 3 0.002315 0.008590 0.056499 0.931686 0.000909
3 3 0.002427 0.008892 0.057716 0.930002 0.000963
3 3 0.002678 0.009558 0.060344 0.926333 0.001088
3 3 0.002418 0.008869 0.057624 0.930130 0.000959
3 3 0.002075 0.007923 0.053747 0.935462 0.000793
3 3 0.002182 0.008223 0.054994 0.933758 0.000844
3 3 0.001935 0.007528 0.052069 0.937741 0.000728
3 3 0.001780 0.007078 0.050121 0.940364 0.000656
3 3 0.001681 0.006787 0.048832 0.942087 0.000612
3 3 0.002327 0.008621 0.056626 0.931511 0.000914
3 3 0.002273 0.008474 0.056025 0.932340 0.000888
3 3 0.001814 0.007179 0.050563 0.939772 0.000672
3 3 0.001286 0.005569 0.043179 0.949527 0.000439
3 3 0.001107 0.004987 0.040306 0.953235 0.000365
3 3 0.001009 0.004657 0.038618 0.955391 0.000326
3 3 0.001662 0.006729 0.048570 0.942436 0.000603
3 3 0.002272 0.008471 0.056015 0.932354 0.000888
3 3 0.003174 0.010828 0.065157 0.919497 0.001343
3 3 0.003299 0.011139 0.066297 0.917856 0.001409
3 3 0.002856 0.010021 0.062128 0.923817 0.001178
3 3 0.002145 0.008121 0.054573 0.934334 0.000827
3 3 0.001461 0.006119 0.045786 0.946120 0.000514
3 3 0.001737 0.006952 0.049562 0.941113 0.000637
3 3 0.002833 0.009962 0.061902 0.924137 0.001167
3 3 0.004312 0.013551 0.074733 0.905440 0.001964
3 3 0.004636 0.014287 0.077177 0.901751 0.002149
3 3 0.007187 0.019636 0.093351 0.876122 0.003704
3 3 0.009334 0.022982 0.098757 0.863936 0.004990
3 3 0.009615 0.024016 0.107860 0.853313 0.005195
3 3 0.012770 0.029236 0.138054 0.813039 0.006902
3 3 0.019940 0.039856 0.195833 0.733235 0.011136
3 3 0.025944 0.045571 0.183128 0.730038 0.015319
3 3 0.025492 0.043689 0.141965 0.773000 0.015854
3 3 0.014957 0.030752 0.108400 0.837180 0.008710
3 3 0.016890 0.035453 0.136585 0.800800 0.010272
3 3 0.012633 0.031214 0.165311 0.783727 0.007114
3 3 0.009841 0.026312 0.155762 0.802924 0.005161
3 3 0.009258 0.025504 0.163688 0.796825 0.004724
3 3 0.009381 0.025789 0.166321 0.793713 0.004795
3 3 0.009701 0.026917 0.189725 0.768746 0.004911
3 3 0.010624 0.029911 0.259893 0.694279 0.005293
3 3 0.012277 0.031257 0.187016 0.762729 0.006721
3 3 0.010933 0.027883 0.146746 0.808449 0.005989
3 3 0.008240 0.021991 0.106841 0.858586 0.004342
3 3 0.006675 0.018767 0.094332 0.876867 0.003358
3 3 0.006053 0.017352 0.086808 0.886793 0.002994
3 3 0.004943 0.014971 0.079399 0.898360 0.002327
3 3 0.005715 0.016642 0.084649 0.890207 0.002787
3 3 0.005484 0.016148 0.083123 0.892598 0.002647
3 3 0.006979 0.019686 0.104947 0.864891 0.003497
3 3 0.006603 0.021427 0.216542 0.752532 0.002896
3 3 0.007351 0.022680 0.208966 0.757689 0.003314
3 3 0.011920 0.031402 0.270177 0.680686 0.005814
3 3 0.013467 0.032470 0.198949 0.747984 0.007131
3 3 0.032224 0.054940 0.210964 0.680838 0.021034
3 3 0.034592 0.054286 0.143778 0.742677 0.024667
3 3 0.025188 0.044393 0.132898 0.780766 0.016756
3 3 0.008488 0.022017 0.099077 0.865880 0.004538
3 3 0.009990 0.024471 0.103669 0.856360 0.005511
3 3 0.011439 0.026936 0.109442 0.845664 0.006520
3 3 0.014248 0.032596 0.151184 0.793790 0.008183
3 3 0.053539 0.080078 0.319322 0.506909 0.040151
3 3 0.030101 0.058568 0.312434 0.578793 0.020104
3 3 0.025402 0.052523 0.271603 0.633733 0.016739
3 3 0.049225 0.076504 0.256833 0.578612 0.038826
3 3 0.014383 0.031275 0.116823 0.828930 0.008588
3 3 0.015282 0.034365 0.159599 0.781869 0.008884
3 3 0.022140 0.044752 0.212830 0.706809 0.013469
3 3 0.017383 0.042307 0.362191 0.568497 0.009623
3 3 0.014803 0.038647 0.392237 0.546537 0.007775
3 3 0.013298 0.033836 0.247473 0.698395 0.006998
3 3 0.013509 0.029522 0.112960 0.836217 0.007793
3 3 0.011139 0.025885 0.103767 0.853002 0.006208
3 3 0.013103 0.029430 0.113753 0.836039 0.007676
3 3 0.013614 0.031148 0.122661 0.824337 0.008241
3 3 0.012928 0.029919 0.122504 0.827041 0.007608
3 3 0.010131 0.024492 0.102350 0.857458 0.005569
3 3 0.006229 0.017363 0.084381 0.888971 0.003056
3 3 0.005664 0.016470 0.083667 0.891450 0.002748
3 3 0.005805 0.016832 0.085229 0.889293 0.002842
3 3 0.012512 0.029815 0.135336 0.815164 0.007174
3 3 0.052550 0.072146 0.179103 0.655312 0.040890
4 3 0.216382 0.136070 0.132822 0.231855 0.282871
4 1 0.230550 0.127554 0.084134 0.095243 0.462518
4 1 0.189749 0.118561 0.068871 0.047198 0.575620
4 1 0.157990 0.149882 0.121016 0.089556 0.481556
4 1 0.152414 0.155681 0.175137 0.224025 0.292742
3 2 0.100741 0.128837 0.314853 0.332969 0.122600
2 2 0.093526 0.129358 0.402143 0.256290 0.118684
2 2 0.079725 0.138393 0.490792 0.145315 0.145776
2 2 0.061011 0.148953 0.505086 0.051363 0.233588
2 2 0.038282 0.159239 0.394289 0.021294 0.386896
4 2 0.031307 0.115585 0.087495 0.006389 0.759224
4 4 0.027392 0.101212 0.067471 0.004152 0.799773
4 4 0.025218 0.087215 0.050129 0.002773 0.834665
4 4 0.021694 0.087915 0.052819 0.002488 0.835085
4 4 0.024069 0.077620 0.039756 0.002077 0.856478
4 4 0.022759 0.078441 0.041166 0.002026 0.855608
4 4 0.021510 0.070692 0.033674 0.001555 0.872568
4 4 0.023341 0.071831 0.034136 0.001721 0.868970
4 4 0.029747 0.079611 0.039896 0.002622 0.848124
4 4 0.031494 0.097584 0.060406 0.004297 0.806218
4 4 0.029369 0.103425 0.069561 0.004630 0.793015
4 4 0.028886 0.104646 0.071630 0.004693 0.790145
4 4 0.026741 0.115085 0.092163 0.005398 0.760613
4 4 0.028310 0.110227 0.081641 0.005154 0.774669
4 4 0.028232 0.120026 0.100469 0.006257 0.745017
4 4 0.030454 0.114238 0.085789 0.006062 0.763458
4 4 0.030830 0.116948 0.090140 0.006494 0.755587
4 4 0.029973 0.118741 0.093892 0.006591 0.750804
4 4 0.030198 0.126411 0.108115 0.007808 0.727467
4 4 0.029582 0.144455 0.163978 0.010532 0.651454
4 4 0.028018 0.157955 0.256587 0.013185 0.544255
4 4 0.025376 0.160090 0.393113 0.015925 0.405497
2 4 0.024521 0.152392 0.500636 0.019078 0.303373
2 4 0.030231 0.146985 0.552632 0.027920 0.242232
2 4 0.034738 0.135871 0.610117 0.039386 0.179888
2 4 0.041675 0.133618 0.611051 0.053675 0.159980
2 2 0.036048 0.124946 0.651117 0.049316 0.138573
2 2 0.032893 0.117982 0.678936 0.044147 0.126042
2 2 0.034845 0.111717 0.694042 0.039128 0.120269
2 2 0.043340 0.120804 0.646103 0.036474 0.153280
2 2 0.042576 0.139098 0.562597 0.030376 0.225353
4 2 0.047337 0.151254 0.230871 0.015398 0.555141
4 2 0.045898 0.141236 0.159096 0.012809 0.640961
4 2 0.054541 0.084970 0.040045 0.005134 0.815309
4 2 0.061064 0.097498 0.052332 0.007717 0.781388
4 2 0.108300 0.068045 0.022382 0.006252 0.795022
4 2 0.125801 0.066821 0.021116 0.007056 0.779206
4 2 0.143577 0.050577 0.011815 0.004660 0.789371
4 2 0.093182 0.050355 0.012477 0.002940 0.841046
4 2 0.057356 0.062743 0.021270 0.002867 0.855764
4 2 0.050149 0.099733 0.057159 0.006786 0.786174
4 2 0.053991 0.164286 0.296042 0.027470 0.458211
2 2 0.049707 0.147034 0.532561 0.044360 0.226338
2 2 0.039672 0.118711 0.664330 0.047397 0.129889
2 2 0.034678 0.125241 0.649644 0.039587 0.150850
4 2 0.050340 0.164270 0.343936 0.028256 0.413198
4 2 0.056798 0.153284 0.180548 0.021329 0.588040
4 2 0.058013 0.111776 0.071089 0.010136 0.748986
4 2 0.065732 0.126275 0.097777 0.014480 0.695736
4 2 0.079989 0.148391 0.174134 0.024481 0.573005
2 2 0.074266 0.149491 0.487183 0.087583 0.201477
2 2 0.035070 0.096205 0.710017 0.093573 0.065134
2 2 0.019699 0.063315 0.786818 0.104487 0.025680
2 2 0.017803 0.055992 0.796792 0.109551 0.019862
2 2 0.020541 0.063631 0.769965 0.120936 0.024927
2 2 0.019660 0.061453 0.799531 0.094168 0.025188
2 2 0.021407 0.064268 0.789168 0.097713 0.027445
2 2 0.025243 0.079286 0.743364 0.112353 0.039755
2 2 0.030975 0.082382 0.670575 0.177099 0.038969
2 2 0.048554 0.079073 0.503928 0.332610 0.035836
2 2 0.054055 0.082640 0.499676 0.323535 0.040094
2 2 0.038936 0.075100 0.541501 0.313482 0.030982
2 3 0.028453 0.070562 0.674281 0.198757 0.027948
2 3 0.027126 0.063043 0.689566 0.197691 0.022575
2 3 0.029772 0.061422 0.604247 0.284156 0.020403
2 3 0.022948 0.051833 0.477295 0.434058 0.013866
3 3 0.021371 0.047113 0.273413 0.644816 0.013287
3 3 0.020132 0.042967 0.188220 0.735748 0.012934
3 3 0.030114 0.052407 0.154575 0.741138 0.021766
3 3 0.022112 0.044852 0.179719 0.738810 0.014507
3 3 0.022170 0.044338 0.173212 0.745826 0.014453
3 3 0.017134 0.040363 0.247076 0.685386 0.010040
3 3 0.016754 0.040339 0.273250 0.660042 0.009616
3 3 0.013629 0.033708 0.197149 0.747856 0.007657
3 3 0.008361 0.022251 0.108311 0.856662 0.004416
3 3 0.004512 0.014006 0.076250 0.903155 0.002077
3 3 0.003683 0.012075 0.069656 0.912970 0.001615
3 3 0.004208 0.013310 0.073921 0.906656 0.001905
3 3 0.004894 0.014862 0.079048 0.898898 0.002298
3 3 0.006628 0.018536 0.090322 0.881162 0.003352
3 3 0.005068 0.015246 0.080280 0.897006 0.002400
3 3 0.004589 0.014182 0.076830 0.902277 0.002122
3 3 0.003921 0.012641 0.071632 0.910060 0.001745
3 3 0.003375 0.011326 0.066978 0.916872 0.001449
3 3 0.002253 0.008418 0.055798 0.932652 0.000878
3 3 0.001741 0.006965 0.049621 0.941034 0.000639
3 3 0.001597 0.006533 0.047689 0.943607 0.000574
3 3 0.001730 0.006931 0.049469 0.941238 0.000634
3 3 0.002408 0.008840 0.057511 0.930287 0.000954
3 3 0.011889 0.029489 0.152599 0.799426 0.006597
3 3 0.013522 0.032567 0.163983 0.782134 0.007794
3 3 0.015424 0.033734 0.126677 0.814595 0.009570
3 3 0.020183 0.039446 0.131612 0.795698 0.013061
3 3 0.002149 0.008131 0.054615 0.934276 0.000829
3 3 0.002250 0.008410 0.055766 0.932697 0.000877
3 3 0.001814 0.007179 0.050561 0.939774 0.000672
3 3 0.001649 0.006693 0.048407 0.942653 0.000597
3 3 0.001496 0.006210 0.046012 0.945753 0.000529
3 3 0.001432 0.005968 0.044435 0.947667 0.000498
3 3 0.001261 0.005478 0.042597 0.950236 0.000428
3 3 0.001533 0.006340 0.046807 0.944774 0.000546
3 3 0.001846 0.007271 0.050961 0.939236 0.000687
3 3 0.002297 0.008539 0.056291 0.931973 0.000900
3 3 0.002289 0.008517 0.056202 0.932097 0.000896
3 3 0.001955 0.007584 0.052310 0.937415 0.000737
3 3 0.001928 0.007439 0.051014 0.938899 0.000720
3 3 0.001928 0.007508 0.051985 0.937855 0.000725
3 3 0.002086 0.007890 0.052979 0.936251 0.000794
3 3 0.001708 0.006866 0.049184 0.941618 0.000624
3 3 0.001726 0.006919 0.049420 0.941303 0.000632
3 3 0.001301 0.005617 0.043408 0.949229 0.000445
3 3 0.001109 0.004992 0.040333 0.953200 0.000366
3 3 0.001321 0.005683 0.043725 0.948817 0.000454
3 3 0.001714 0.006851 0.048775 0.942035 0.000624
3 3 0.001748 0.006977 0.049612 0.941022 0.000641
3 3 0.002019 0.007618 0.051046 0.938561 0.000757
3 3 0.002119 0.007642 0.048863 0.940591 0.000785
3 3 0.002795 0.009342 0.055105 0.931654 0.001104
3 3 0.003189 0.010347 0.059120 0.926039 0.001305
3 3 0.003691 0.011632 0.064422 0.918680 0.001575
3 3 0.002841 0.009592 0.057159 0.929270 0.001138
3 3 0.002743 0.009398 0.056876 0.929890 0.001094
3 3 0.003114 0.010090 0.057583 0.927954 0.001260
3 3 0.002072 0.007770 0.051717 0.937658 0.000782
3 3 0.001680 0.006785 0.048820 0.942104 0.000611
3 3 0.001705 0.006859 0.049150 0.941663 0.000623
3 3 0.001634 0.006647 0.048203 0.942925 0.000591
3 3 0.002426 0.008804 0.056588 0.931226 0.000956
3 3 0.002048 0.007849 0.053437 0.935885 0.000781
3 3 0.001636 0.006653 0.048230 0.942890 0.000592
3 3 0.001527 0.006323 0.046730 0.944876 0.000543
3 3 0.001315 0.005662 0.043625 0.948947 0.000451
3 3 0.001392 0.005907 0.044791 0.947425 0.000485
3 3 0.001480 0.006179 0.046064 0.945754 0.000523
3 3 0.002321 0.008606 0.056566 0.931594 0.000912
3 3 0.002422 0.008875 0.057616 0.930126 0.000961
3 3 0.003015 0.010203 0.060911 0.924629 0.001241
3 3 0.003251 0.010903 0.064454 0.920020 0.001373
3 3 0.003375 0.011326 0.066977 0.916873 0.001449
3 3 0.004189 0.013188 0.072895 0.907842 0.001886
3 3 0.004479 0.013188 0.067999 0.912356 0.001979
3 3 0.004268 0.012277 0.061822 0.919816 0.001816
3 3 0.003179 0.009772 0.052824 0.932975 0.001250
3 3 0.002677 0.008840 0.051521 0.935932 0.001029
3 3 0.001575 0.006464 0.047326 0.944071 0.000564
3 3 0.001988 0.007626 0.051984 0.937653 0.000749
3 3 0.001519 0.006297 0.046610 0.945034 0.000540
3 3 0.001892 0.007337 0.050611 0.939457 0.000703
3 3 0.038822 0.056451 0.139356 0.741788 0.023583
0 3 0.312760 0.186873 0.194587 0.202830 0.102951
0 3 0.581383 0.194233 0.119553 0.036147 0.068685
0 3 0.602772 0.190718 0.111532 0.023830 0.071149
0 3 0.606127 0.198562 0.122964 0.016464 0.055884
0 3 0.421127 0.221767 0.214036 0.071596 0.071474
3 3 0.061871 0.096396 0.331835 0.489675 0.020223
3 3 0.057205 0.092203 0.332757 0.501787 0.016048
3 3 0.098760 0.127168 0.339195 0.414120 0.020757
0 3 0.308412 0.217311 0.290102 0.144608 0.039567
0 3 0.424954 0.227896 0.262633 0.050157 0.034360
0 2 0.675743 0.186999 0.102972 0.006792 0.027494
0 2 0.723592 0.171490 0.083196 0.003682 0.018040
0 2 0.793209 0.141483 0.053403 0.001459 0.010447
0 2 0.817923 0.129051 0.043610 0.001018 0.008398
0 2 0.868900 0.100106 0.025402 0.000312 0.005281
0 2 0.867646 0.101297 0.026400 0.000279 0.004378
0 1 0.883052 0.091521 0.021254 0.000201 0.003972
0 1 0.851072 0.109841 0.030356 0.000563 0.008169
0 1 0.890791 0.085919 0.018213 0.000258 0.004820
0 1 0.907667 0.075217 0.014122 0.000145 0.002848
0 1 0.955310 0.039334 0.003764 0.000014 0.001578
0 1 0.943441 0.048806 0.005839 0.000026 0.001887
0 1 0.939650 0.052037 0.006774 0.000028 0.001510
0 1 0.847458 0.113728 0.034185 0.000444 0.004185
0 1 0.711459 0.177524 0.091624 0.003539 0.015854
0 1 0.372987 0.244964 0.243130 0.034216 0.104703
4 1 0.061924 0.148890 0.151027 0.022055 0.616105
4 1 0.031528 0.116211 0.088413 0.006514 0.757334
4 1 0.027791 0.062073 0.024353 0.001482 0.884301
4 1 0.027756 0.053584 0.018114 0.001106 0.899441
4 4 0.030935 0.038563 0.009181 0.000643 0.920676
4 4 0.033171 0.037368 0.008494 0.000644 0.920324
4 4 0.031955 0.034007 0.007110 0.000522 0.926407
4 4 0.032753 0.037661 0.008650 0.000646 0.920290
4 4 0.026006 0.043072 0.011891 0.000685 0.918347
4 4 0.030271 0.053203 0.017508 0.001175 0.897843
4 4 0.023782 0.051048 0.017030 0.000882 0.907257
4 4 0.024800 0.050138 0.016270 0.000882 0.907910
4 4 0.023943 0.043304 0.012248 0.000645 0.919859
4 4 0.027921 0.046647 0.013711 0.000848 0.910872
4 4 0.032242 0.057947 0.020494 0.001468 0.887849
4 4 0.036706 0.075789 0.034379 0.002834 0.850291
4 4 0.037971 0.099490 0.060364 0.005276 0.796899
4 4 0.032624 0.097532 0.059855 0.004423 0.805565
4 4 0.029494 0.081975 0.042477 0.002770 0.843284
4 4 0.024472 0.073819 0.035709 0.001896 0.864105
4 4 0.024538 0.070066 0.032065 0.001706 0.871626
4 4 0.024383 0.057324 0.021370 0.001132 0.895791
4 4 0.027457 0.056235 0.020008 0.001205 0.895094
4 4 0.031365 0.054155 0.017998 0.001254 0.895228
4 4 0.026847 0.074942 0.036053 0.002116 0.860043
4 4 0.033130 0.082645 0.042078 0.003114 0.839033
4 4 0.029496 0.093028 0.055388 0.003650 0.818439
4 4 0.028511 0.078738 0.039376 0.002470 0.850905
4 4 0.025571 0.055776 0.020004 0.001116 0.897533
4 4 0.020849 0.044901 0.013592 0.000615 0.920043
4 4 0.019979 0.040265 0.011056 0.000482 0.928218
4 4 0.021132 0.040145 0.010848 0.000502 0.927373
4 4 0.023357 0.050536 0.016760 0.000852 0.908495
4 4 0.026005 0.062214 0.024841 0.001407 0.885532
4 4 0.029968 0.086449 0.047287 0.003148 0.833148
4 4 0.032348 0.135010 0.124155 0.009921 0.698566
4 4 0.048187 0.141435 0.127076 0.016041 0.667261
4 4 0.028886 0.098256 0.062531 0.004056 0.806271
4 4 0.027675 0.095766 0.059784 0.003690 0.813086
4 1 0.030520 0.117649 0.091572 0.006537 0.753723
4 1 0.037478 0.134903 0.119772 0.011212 0.696635
4 1 0.035436 0.161020 0.241624 0.017368 0.544552
4 2 0.033835 0.162234 0.269765 0.017305 0.516862
4 2 0.030926 0.160904 0.277524 0.015528 0.515119
4 2 0.027437 0.161780 0.301538 0.014916 0.494329
4 2 0.026787 0.162642 0.311261 0.015256 0.484054
4 2 0.025314 0.162521 0.357659 0.015778 0.438728
4 2 0.024031 0.160878 0.397011 0.015974 0.402105
2 2 0.024886 0.161025 0.402588 0.016780 0.394721
4 2 0.026225 0.162143 0.392725 0.017578 0.401329
2 2 0.025146 0.160427 0.413569 0.017204 0.383655
4 2 0.024973 0.161407 0.377467 0.015777 0.420376
2 2 0.023079 0.158636 0.439671 0.016804 0.361810
2 2 0.024621 0.157142 0.469144 0.019287 0.329806
2 2 0.022408 0.148116 0.528980 0.017946 0.282551
2 2 0.020576 0.145725 0.536181 0.015887 0.281632
2 2 0.024105 0.154838 0.439071 0.014919 0.367067
4 2 0.026931 0.158395 0.375111 0.014811 0.424751
4 2 0.054772 0.092659 0.047996 0.006229 0.798345
4 2 0.105412 0.075247 0.027635 0.007493 0.784213
4 2 0.196547 0.040925 0.007514 0.004453 0.750561
4 1 0.183303 0.046179 0.009613 0.005173 0.755732
4 1 0.115784 0.049078 0.011449 0.003486 0.820202
4 1 0.123433 0.069793 0.023143 0.007564 0.776067
4 1 0.106052 0.077857 0.029628 0.008104 0.778359
4 1 0.101099 0.073524 0.026515 0.006838 0.792023
4 1 0.056405 0.060256 0.019667 0.002603 0.861068
4 1 0.036660 0.083038 0.041546 0.003433 0.835322
4 1 0.028257 0.098762 0.063850 0.004006 0.805125
4 1 0.032684 0.136594 0.153022 0.008884 0.668815
4 1 0.035227 0.157742 0.276868 0.015232 0.514931
2 1 0.036039 0.159360 0.448340 0.026114 0.330147
2 1 0.035970 0.147304 0.549041 0.033777 0.233908
2 1 0.031899 0.134645 0.614981 0.033521 0.184954
2 2 0.030008 0.130469 0.637449 0.034908 0.167166
2 2 0.027262 0.123992 0.666649 0.034341 0.147755
2 2 0.025908 0.117162 0.692132 0.033626 0.131172
2 2 0.024387 0.111493 0.712184 0.031270 0.120666
2 2 0.023330 0.115749 0.696602 0.026579 0.137739
2 2 0.018913 0.116935 0.697559 0.022270 0.144324
2 2 0.020486 0.118385 0.691124 0.024027 0.145978
2 2 0.023489 0.113151 0.707128 0.028818 0.127414
2 2 0.022813 0.114955 0.702635 0.028658 0.130939
2 2 0.019575 0.113184 0.714772 0.027159 0.125309
2 2 0.023824 0.119574 0.689483 0.034480 0.132639
2 2 0.031496 0.112177 0.698966 0.049901 0.107460
2 2 0.031529 0.102935 0.714588 0.071497 0.079451
2 2 0.024138 0.099326 0.742082 0.059742 0.074711
2 2 0.026732 0.121870 0.679221 0.044364 0.127813
2 2 0.023690 0.129117 0.657646 0.034512 0.155035
2 2 0.023490 0.133843 0.638182 0.031937 0.172548
2 2 0.020340 0.114661 0.711560 0.031626 0.121813
2 2 0.020067 0.095004 0.768911 0.035592 0.080426
2 2 0.062573 0.157937 0.473702 0.077151 0.228637
2 2 0.106670 0.154320 0.281767 0.259295 0.197948
3 2 0.166223 0.133015 0.161733 0.338180 0.200850
3 2 0.135729 0.124313 0.174419 0.412825 0.152715
3 2 0.097467 0.130913 0.259408 0.380810 0.131403
2 2 0.055050 0.118575 0.572920 0.161530 0.091925
2 2 0.027310 0.076249 0.795904 0.050695 0.049842
2 2 0.024813 0.073994 0.813398 0.034033 0.053762
2 2 0.021380 0.062767 0.839980 0.039382 0.036491
2 2 0.025118 0.059613 0.786244 0.104802 0.024222
2 2 0.030943 0.059929 0.634207 0.254865 0.020055
2 2 0.023546 0.051564 0.567089 0.343967 0.013834
2 2 0.028034 0.056849 0.546841 0.351159 0.017116
2 2 0.038634 0.067815 0.565523 0.302301 0.025726
2 2 0.051904 0.078920 0.615220 0.215268 0.038687
2 2 0.032710 0.064461 0.760164 0.113949 0.028716
2 2 0.022327 0.061318 0.814942 0.073315 0.028099
2 2 0.022438 0.061394 0.800003 0.089907 0.026258
2 2 0.029356 0.065493 0.743813 0.133900 0.027438
2 2 0.042931 0.080844 0.651202 0.184953 0.040070
2 2 0.028846 0.067295 0.705391 0.171763 0.026704
2 2 0.022850 0.055923 0.731234 0.171786 0.018206
2 2 0.019851 0.044791 0.751118 0.172345 0.011895
2 2 0.019391 0.043081 0.786793 0.138972 0.011763
2 2 0.019112 0.052231 0.819326 0.090348 0.018983
2 2 0.017171 0.056980 0.827867 0.074821 0.023160
2 2 0.025528 0.059938 0.745649 0.146811 0.022075
2 2 0.028751 0.056823 0.698420 0.197030 0.018976
2 2 0.019765 0.045137 0.732618 0.190755 0.011724
2 2 0.019727 0.044697 0.748339 0.175459 0.011778
2 2 0.021528 0.047579 0.713409 0.204607 0.012877
2 2 0.020784 0.047272 0.688818 0.230844 0.012283
2 2 0.019971 0.046819 0.651774 0.269831 0.011604
2 2 0.021244 0.048050 0.689578 0.228395 0.012733
2 2 0.026140 0.054984 0.662100 0.240029 0.016747
2 2 0.027183 0.056599 0.644256 0.254375 0.017586
2 2 0.025077 0.054653 0.570991 0.333673 0.015606
2 2 0.021814 0.050206 0.475304 0.439717 0.012959
3 3 0.015344 0.039686 0.389444 0.547304 0.008221
3 3 0.011664 0.031838 0.264283 0.686239 0.005976
3 3 0.012303 0.029818 0.154747 0.796402 0.006731
3 3 0.007913 0.021155 0.101883 0.864928 0.004120
3 3 0.009970 0.024293 0.102366 0.857898 0.005472
3 3 0.014249 0.030824 0.114538 0.831954 0.008436
3 3 0.033084 0.052093 0.138506 0.753215 0.023101
3 3 0.058899 0.075048 0.159544 0.659077 0.047432
3 3 0.072622 0.085608 0.167597 0.611992 0.062181
3 3 0.032860 0.060441 0.282213 0.602066 0.022420
2 3 0.034245 0.065844 0.463302 0.413177 0.023432
2 3 0.041865 0.071714 0.637424 0.218291 0.030706
2 3 0.034848 0.064241 0.699668 0.175817 0.025426
2 3 0.033421 0.061796 0.714419 0.166523 0.023840
2 3 0.021421 0.047223 0.728817 0.189601 0.012939
2 3 0.019751 0.046423 0.658000 0.264380 0.011446
2 3 0.021075 0.049102 0.563778 0.353701 0.012344
2 3 0.021586 0.049929 0.496688 0.419039 0.012758
2 3 0.020521 0.048387 0.511837 0.407341 0.011914
3 3 0.021342 0.049231 0.422235 0.494518 0.012673
3 3 0.020345 0.047576 0.399542 0.520596 0.011941
3 3 0.011977 0.031481 0.217123 0.733058 0.006361
3 3 0.008069 0.023331 0.163459 0.801201 0.003940
3 3 0.021171 0.046279 0.288629 0.631311 0.012610
3 3 0.013648 0.035302 0.268989 0.674720 0.007341
2 3 0.039832 0.071662 0.454949 0.405153 0.028405
2 3 0.057871 0.091853 0.596675 0.199911 0.053690
2 3 0.022102 0.050653 0.543542 0.370549 0.013155
3 3 0.019865 0.047132 0.433610 0.487898 0.011495
3 3 0.016336 0.040055 0.293141 0.641252 0.009216
3 3 0.013064 0.032516 0.186420 0.760700 0.007300
3 3 0.012494 0.032806 0.238810 0.709254 0.006637
3 3 0.019641 0.043206 0.256769 0.668910 0.011474
3 3 0.030176 0.057329 0.332911 0.560585 0.018999
3 3 0.023186 0.051120 0.419796 0.492086 0.013812
2 3 0.023966 0.053283 0.536806 0.371280 0.014664
2 3 0.027173 0.056929 0.620700 0.277700 0.017497
2 3 0.024011 0.053125 0.584544 0.323586 0.014734
3 3 0.024212 0.053042 0.394463 0.513205 0.015079
3 3 0.020646 0.046541 0.318774 0.601781 0.012257
3 3 0.016838 0.039345 0.251547 0.682768 0.009502
3 3 0.016099 0.036646 0.201786 0.736388 0.009080
3 3 0.019461 0.041218 0.192241 0.735244 0.011837
3 3 0.022201 0.046224 0.233102 0.684718 0.013755
3 3 0.039331 0.067900 0.312624 0.552326 0.027819
3 3 0.071136 0.096188 0.361431 0.412098 0.059147
2 3 0.057809 0.143337 0.513546 0.141688 0.143621
2 3 0.051192 0.141857 0.526303 0.146300 0.134347
2 3 0.053718 0.103312 0.393767 0.387047 0.062156
3 3 0.030885 0.059515 0.276272 0.611658 0.021670
3 3 0.021713 0.047343 0.262818 0.654486 0.013640
3 3 0.030350 0.060315 0.340696 0.547957 0.020681
2 3 0.039320 0.090095 0.517090 0.309746 0.043749
2 3 0.054469 0.106517 0.510251 0.261839 0.066924
3 3 0.063561 0.089801 0.362927 0.433413 0.050297
3 3 0.052048 0.079514 0.352565 0.477525 0.038348
3 3 0.112555 0.112887 0.258179 0.415016 0.101364
4 3 0.187441 0.147899 0.192706 0.187887 0.284067
4 3 0.141856 0.110107 0.060234 0.024780 0.663024
4 3 0.080670 0.138670 0.116759 0.023433 0.640468
4 3 0.091240 0.154901 0.162449 0.037562 0.553848
2 3 0.051229 0.092114 0.495828 0.312095 0.048733
2 3 0.029482 0.060009 0.450144 0.441172 0.019193
2 3 0.036459 0.067638 0.452770 0.418102 0.025030
2 3 0.044588 0.095416 0.562693 0.245397 0.051907
2 2 0.059466 0.150713 0.506279 0.104731 0.178810
2 2 0.054179 0.161219 0.448420 0.046594 0.289589
4 2 0.047415 0.167393 0.355933 0.031303 0.397956
2 2 0.066382 0.173712 0.367147 0.071127 0.321632
2 2 0.112895 0.154217 0.296441 0.233881 0.202566
3 2 0.070267 0.096935 0.336034 0.436028 0.060737
3 2 0.035694 0.067762 0.414002 0.457251 0.025291
2 2 0.033463 0.064687 0.608060 0.270609 0.023181
2 2 0.035410 0.064662 0.675789 0.199130 0.025009
2 2 0.056335 0.083303 0.586866 0.230447 0.043049
2 2 0.055035 0.080745 0.639444 0.182184 0.042591
2 2 0.053020 0.086772 0.658561 0.150829 0.050818
2 2 0.055858 0.104949 0.626570 0.136466 0.076157
2 2 0.062483 0.115448 0.579055 0.151208 0.091805
2 2 0.059549 0.126580 0.577563 0.118916 0.117393
2 2 0.046738 0.102360 0.671069 0.104254 0.075579
2 2 0.056373 0.103204 0.655307 0.104855 0.080261
2 2 0.065681 0.114567 0.627797 0.078386 0.113569
2 2 0.063644 0.135876 0.560844 0.056264 0.183372
2 2 0.067449 0.164022 0.385899 0.046879 0.335751
2 2 0.050001 0.154349 0.482480 0.038390 0.274780
2 2 0.061959 0.138575 0.552529 0.055013 0.191924
2 2 0.053817 0.084984 0.698633 0.108291 0.054276
2 2 0.028810 0.058227 0.664070 0.229760 0.019133
2 2 0.025791 0.054378 0.670904 0.232445 0.016482
2 2 0.027151 0.077511 0.733169 0.124694 0.037475
2 2 0.049721 0.130686 0.606506 0.057335 0.155752
2 2 0.054421 0.155860 0.480239 0.047228 0.262252
2 2 0.041161 0.138288 0.585537 0.039549 0.195465
2 2 0.059652 0.125183 0.608270 0.061310 0.145586
2 2 0.047526 0.074208 0.670807 0.171734 0.035725
2 2 0.030929 0.059391 0.682745 0.206292 0.020643
2 2 0.019314 0.043449 0.772625 0.153019 0.011593
2 2 0.029972 0.055170 0.770327 0.123788 0.020743
2 2 0.044421 0.076539 0.766092 0.060593 0.052354
2 2 0.130989 0.142483 0.408446 0.068936 0.249145
4 2 0.188695 0.144877 0.113559 0.041773 0.511096
4 2 0.100517 0.120547 0.076707 0.021126 0.681103
4 2 0.049223 0.129316 0.104548 0.012380 0.704533
4 2 0.041238 0.160665 0.263698 0.018944 0.515455
2 2 0.050038 0.160106 0.474609 0.050706 0.264540
2 2 0.044218 0.112936 0.636010 0.120820 0.086016
2 2 0.040873 0.118684 0.658176 0.069397 0.112871
2 2 0.035319 0.149788 0.526660 0.029507 0.258726
2 2 0.028022 0.155930 0.447169 0.018112 0.350767
4 2 0.032111 0.156397 0.260441 0.013659 0.537392
4 2 0.027190 0.154909 0.257553 0.011638 0.548709
4 2 0.027531 0.136895 0.149685 0.008220 0.677669
4 2 0.027238 0.120503 0.099644 0.006296 0.746319
4 4 0.027787 0.087002 0.048761 0.002994 0.833456
4 4 0.027778 0.072298 0.033227 0.002021 0.864675
4 4 0.026763 0.062889 0.025223 0.001474 0.883651
4 4 0.026280 0.061061 0.023860 0.001368 0.887432
4 4 0.024237 0.068580 0.030779 0.001615 0.874789
4 4 0.028110 0.070847 0.031789 0.001958 0.867296
4 4 0.034531 0.076652 0.035672 0.002752 0.850393
4 4 0.036418 0.060146 0.021502 0.001757 0.880177
4 4 0.029350 0.054298 0.018367 0.001191 0.896795
4 4 0.027773 0.060004 0.022743 0.001384 0.888096
4 4 0.027865 0.064344 0.026178 0.001597 0.880015
4 4 0.026388 0.077718 0.039018 0.002250 0.854626
4 4 0.023388 0.057408 0.021641 0.001095 0.896469
4 4 0.020868 0.047462 0.015177 0.000685 0.915807
4 4 0.020102 0.040288 0.011053 0.000485 0.928072
4 4 0.020499 0.035103 0.008378 0.000379 0.935641
4 4 0.022631 0.033507 0.007470 0.000378 0.936014
4 4 0.026429 0.037127 0.008827 0.000523 0.927094
4 4 0.028185 0.036133 0.008244 0.000525 0.926913
4 4 0.025757 0.032803 0.006954 0.000405 0.934081
4 4 0.023916 0.025898 0.004445 0.000244 0.945496
4 4 0.020298 0.024612 0.004178 0.000194 0.950718
4 4 0.022502 0.024824 0.004149 0.000215 0.948312
4 4 0.022866 0.028110 0.005275 0.000274 0.943475
4 4 0.026617 0.029009 0.005419 0.000331 0.938624
4 4 0.025545 0.033509 0.007266 0.000419 0.933262
4 4 0.029071 0.035310 0.007823 0.000516 0.927280
4 4 0.030362 0.044358 0.012171 0.000827 0.912282
4 4 0.034931 0.060901 0.022256 0.001737 0.880175
4 4 0.043934 0.095348 0.057076 0.005039 0.798602
4 4 0.057544 0.158159 0.259308 0.022691 0.502298
4 4 0.049615 0.100373 0.058078 0.006820 0.785115
4 4 0.023589 0.043696 0.012513 0.000648 0.919555
4 4 0.023120 0.042255 0.011761 0.000597 0.922266
4 4 0.024737 0.054195 0.019026 0.001025 0.901018
4 4 0.025452 0.078000 0.039640 0.002199 0.854708
4 4 0.033427 0.101291 0.064555 0.004925 0.795801
4 4 0.033636 0.135269 0.145151 0.008979 0.676966
4 4 0.038741 0.139284 0.160208 0.010572 0.651194
4 4 0.048680 0.115452 0.083129 0.008870 0.743868
4 4 0.046894 0.101064 0.059643 0.006586 0.785812
4 4 0.036890 0.092754 0.052327 0.004393 0.813636
4 4 0.033938 0.092645 0.053180 0.004077 0.816161
4 4 0.032320 0.101412 0.065218 0.004798 0.796252
4 4 0.031680 0.121735 0.101646 0.007100 0.737839
4 4 0.028117 0.140483 0.165874 0.008784 0.656742
4 4 0.030060 0.144446 0.174233 0.010200 0.641061
4 4 0.029990 0.143923 0.178213 0.009852 0.638023
4 4 0.034131 0.109377 0.075918 0.006007 0.774566
4 4 0.042977 0.072069 0.029955 0.002931 0.852067
4 4 0.094800 0.053445 0.014018 0.003362 0.834375
4 4 0.248230 0.045001 0.009030 0.007302 0.690437
4 4 0.269616 0.038548 0.006632 0.006069 0.679135
4 4 0.185340 0.045843 0.009465 0.005168 0.754183
4 4 0.077643 0.061031 0.018971 0.003601 0.838754
4 4 0.038265 0.101335 0.062688 0.005540 0.792171
4 4 0.029250 0.151259 0.230702 0.011037 0.577752
4 4 0.029035 0.152339 0.255774 0.011118 0.551734
4 4 0.032567 0.154023 0.240312 0.012884 0.560214
4 4 0.032442 0.140576 0.160017 0.009888 0.657077
4 4 0.029193 0.122888 0.102129 0.007044 0.738747
4 4 0.027861 0.114090 0.087343 0.005608 0.765099
4 4 0.030088 0.125144 0.105723 0.007578 0.731467
4 4 0.033484 0.162539 0.280115 0.017384 0.506478
2 4 0.033242 0.152274 0.522924 0.030326 0.261234
2 4 0.021546 0.118579 0.693586 0.028596 0.137693
2 4 0.021264 0.130226 0.641397 0.022690 0.184422
4 4 0.029291 0.157886 0.385862 0.015918 0.411042
4 4 0.040598 0.135069 0.135757 0.010637 0.677939
4 4 0.053513 0.104629 0.062537 0.008041 0.771279
4 4 0.075406 0.084282 0.036983 0.006831 0.796497
4 4 0.062425 0.085534 0.039524 0.005898 0.806619
4 4 0.065438 0.071005 0.026656 0.004164 0.832737
4 4 0.069932 0.103772 0.058319 0.010124 0.757853
4 4 0.133282 0.102361 0.052431 0.018791 0.693134
4 4 0.147668 0.131712 0.120922 0.032569 0.567129
4 1 0.107041 0.137588 0.136226 0.025680 0.593465
2 1 0.057965 0.154919 0.413219 0.029007 0.344891
2 1 0.040047 0.138333 0.578542 0.033187 0.209891
2 1 0.025648 0.097707 0.751478 0.035709 0.089458
2 1 0.023674 0.089024 0.777874 0.036036 0.073391
2 1 0.032864 0.104783 0.718371 0.045575 0.098407
2 1 0.035689 0.122694 0.658528 0.045282 0.137807
2 2 0.033033 0.135233 0.616655 0.039429 0.175651
2 2 0.026311 0.129035 0.652111 0.035390 0.157153
2 2 0.026968 0.126578 0.659474 0.035756 0.151225
2 2 0.024462 0.110498 0.716514 0.034313 0.114213
2 2 0.019888 0.091136 0.779613 0.031029 0.078335
2 2 0.019846 0.082032 0.802628 0.031910 0.063584
2 2 0.021657 0.078401 0.807315 0.035456 0.057170
2 2 0.020363 0.080374 0.804958 0.034800 0.059505
2 2 0.018879 0.080562 0.807702 0.032354 0.060503
2 2 0.015558 0.079175 0.817935 0.026526 0.060805
2 2 0.015572 0.080036 0.815575 0.028519 0.060297
2 2 0.018081 0.085434 0.794872 0.040070 0.061544
2 2 0.023534 0.081739 0.783314 0.059844 0.051568
2 2 0.032110 0.071596 0.766141 0.093186 0.036967
2 2 0.035881 0.062155 0.757977 0.116782 0.027205
2 2 0.039766 0.066858 0.729772 0.133114 0.030490
2 2 0.031125 0.058475 0.741184 0.147208 0.022008
2 2 0.030052 0.059797 0.659490 0.230415 0.020245
2 2 0.024561 0.052658 0.678843 0.228481 0.015457
2 2 0.024917 0.053377 0.664673 0.241333 0.015700
2 2 0.018402 0.044031 0.688786 0.238298 0.010483
2 2 0.017347 0.043111 0.609293 0.320769 0.009481
2 2 0.013843 0.037437 0.572399 0.369365 0.006957
2 2 0.013607 0.037126 0.497446 0.444986 0.006835
3 3 0.013338 0.036369 0.399370 0.544113 0.006810
3 3 0.013820 0.036371 0.319714 0.622791 0.007305
3 3 0.012518 0.032505 0.231655 0.716708 0.006613
3 3 0.014138 0.033302 0.193087 0.751852 0.007622
3 3 0.016920 0.036579 0.194169 0.743036 0.009296
3 3 0.020734 0.042859 0.233951 0.690597 0.011860
3 3 0.018423 0.041111 0.254487 0.675566 0.010412
3 3 0.016793 0.038459 0.238926 0.696511 0.009310
3 3 0.014200 0.034982 0.231205 0.711894 0.007719
3 3 0.013012 0.033433 0.246393 0.700326 0.006834
3 3 0.013929 0.032355 0.164327 0.781641 0.007748
3 3 0.011046 0.026523 0.126075 0.830456 0.005900
3 3 0.009121 0.021655 0.088904 0.875606 0.004714
3 3 0.010226 0.023510 0.093292 0.867539 0.005434
3 3 0.006176 0.016837 0.079968 0.894049 0.002970
3 3 0.007008 0.018640 0.086226 0.884625 0.003501
3 3 0.004659 0.014023 0.073927 0.905263 0.002128
3 3 0.005367 0.015222 0.075392 0.901522 0.002497
3 3 0.004735 0.014028 0.072744 0.906341 0.002153
3 3 0.003627 0.011841 0.068026 0.914930 0.001575
3 3 0.002886 0.010099 0.062424 0.923397 0.001194
3 3 0.003288 0.011112 0.066197 0.918000 0.001403
3 3 0.002918 0.010180 0.062732 0.922960 0.001210
3 3 0.003278 0.011088 0.066110 0.918126 0.001398
3 3 0.002731 0.009696 0.060881 0.925577 0.001115
3 3 0.002990 0.010365 0.063430 0.921967 0.001247
3 3 0.003543 0.011738 0.068458 0.914722 0.001539
3 3 0.003790 0.012331 0.070555 0.911650 0.001674
3 3 0.004778 0.014370 0.075684 0.902964 0.002205
3 3 0.004191 0.013200 0.072992 0.907729 0.001888
3 3 0.003712 0.012128 0.069706 0.912825 0.001629
3 3 0.003746 0.012225 0.070182 0.912198 0.001649
3 3 0.003513 0.011631 0.067808 0.915528 0.001520
3 3 0.002898 0.010044 0.061468 0.924397 0.001193
3 3 0.003254 0.010813 0.063309 0.921258 0.001366
3 3 0.009114 0.022083 0.092592 0.871430 0.004781
3 3 0.042064 0.064915 0.198686 0.663568 0.030768
3 3 0.104902 0.114883 0.288814 0.392082 0.099319
2 3 0.095133 0.134230 0.372327 0.268665 0.129645
2 3 0.077090 0.115611 0.390685 0.330101 0.086512
2 3 0.050821 0.089636 0.515673 0.297523 0.046346
2 3 0.035328 0.087130 0.621376 0.213620 0.042545
2 3 0.043247 0.132347 0.611553 0.071149 0.141703
2 3 0.033727 0.110356 0.623450 0.161817 0.070650
2 3 0.042843 0.115692 0.592820 0.167364 0.081281
2 3 0.021130 0.117258 0.697883 0.027478 0.136250
2 2 0.021228 0.079209 0.794295 0.056674 0.048593
2 2 0.021493 0.079538 0.799523 0.046654 0.052793
2 2 0.022057 0.091400 0.773450 0.040480 0.072613
2 2 0.032499 0.121643 0.665324 0.037360 0.143174
2 2 0.035979 0.136932 0.601124 0.037716 0.188248
2 2 0.045512 0.157921 0.477264 0.039145 0.280158
2 2 0.036784 0.152838 0.534319 0.041091 0.234969
2 2 0.033733 0.143438 0.584761 0.041685 0.196383
2 2 0.031175 0.125274 0.659853 0.053917 0.129780
2 2 0.035107 0.126719 0.644750 0.069175 0.124249
2 2 0.032231 0.125966 0.654333 0.062522 0.124948
2 2 0.030599 0.135440 0.621278 0.038910 0.173773
2 2 0.025704 0.130888 0.643043 0.031776 0.168590
2 2 0.019600 0.108690 0.728150 0.026247 0.117313
2 2 0.023265 0.095515 0.761694 0.035357 0.084169
2 2 0.028036 0.082756 0.772776 0.062474 0.053957
2 2 0.029965 0.082785 0.758868 0.077755 0.050627
2 2 0.024457 0.076783 0.781412 0.074534 0.042814
2 2 0.024327 0.069402 0.778560 0.095009 0.032702
2 2 0.026922 0.053333 0.755622 0.145987 0.018137
2 2 0.031225 0.057858 0.728631 0.161230 0.021056
2 2 0.039957 0.067067 0.707718 0.155954 0.029303
2 2 0.032697 0.081880 0.766074 0.065595 0.053754
2 2 0.024960 0.091470 0.765538 0.048184 0.069848
2 2 0.028764 0.098333 0.741562 0.049568 0.081773
2 2 0.026617 0.083041 0.772710 0.064596 0.053036
2 2 0.025844 0.082203 0.773315 0.067815 0.050823
2 2 0.036155 0.095594 0.670865 0.140537 0.056849
2 2 0.043858 0.096665 0.556951 0.249682 0.052844
2 2 0.034418 0.074378 0.556609 0.304944 0.029652
2 2 0.028335 0.067891 0.579032 0.300712 0.024030
2 2 0.045012 0.111928 0.546671 0.224319 0.072070
3 2 0.078435 0.131968 0.335119 0.337285 0.117193
3 2 0.107326 0.126892 0.249887 0.387479 0.128416
3 2 0.086591 0.108366 0.279768 0.441265 0.084010
3 2 0.080680 0.097890 0.259769 0.492420 0.069241
3 2 0.059376 0.081927 0.237007 0.574280 0.047410
3 2 0.057930 0.077535 0.188213 0.629630 0.046692
3 2 0.058890 0.079754 0.213777 0.600713 0.046865
3 2 0.077393 0.096456 0.276710 0.484228 0.065213
2 2 0.064469 0.124605 0.439390 0.275406 0.096130
2 2 0.062487 0.116990 0.421308 0.316311 0.082905
3 2 0.078079 0.109677 0.330033 0.402237 0.079974
3 2 0.052147 0.081215 0.296709 0.528101 0.041828
3 2 0.035036 0.065703 0.336453 0.537823 0.024986
3 2 0.028833 0.058180 0.338356 0.555420 0.019212
3 2 0.027632 0.057558 0.402122 0.494804 0.017885
3 2 0.037763 0.069479 0.405667 0.460176 0.026915
2 2 0.041740 0.113722 0.592216 0.175133 0.077189
2 2 0.042183 0.162856 0.460874 0.039964 0.294123
4 2 0.034268 0.163438 0.264289 0.018213 0.519791
4 2 0.030791 0.122595 0.100309 0.007319 0.738987
4 4 0.026141 0.088232 0.050936 0.002931 0.831760
4 4 0.022677 0.068528 0.031211 0.001525 0.876060
4 4 0.022295 0.056993 0.021566 0.001037 0.898109
4 4 0.028986 0.049785 0.015480 0.000994 0.904755
4 4 0.046432 0.060019 0.020315 0.002167 0.871067
4 4 0.073494 0.057886 0.017223 0.003074 0.848323
4 4 0.045247 0.065440 0.024335 0.002520 0.862458
4 4 0.042425 0.060389 0.020968 0.002025 0.874193
4 4 0.031421 0.066854 0.027534 0.001913 0.872279
4 4 0.037140 0.066633 0.026349 0.002196 0.867682
4 4 0.035450 0.056864 0.019318 0.001535 0.886833
4 4 0.049891 0.043452 0.010484 0.001230 0.894943
4 4 0.054256 0.035043 0.006730 0.000881 0.903089
4 4 0.090592 0.031030 0.004800 0.001134 0.872445
4 4 0.070219 0.031447 0.005164 0.000911 0.892259
4 4 0.049476 0.028255 0.004490 0.000541 0.917238
4 4 0.029791 0.036526 0.008317 0.000562 0.924805
4 4 0.022288 0.052438 0.018244 0.000880 0.906150
4 4 0.023595 0.050808 0.016901 0.000868 0.907828
4 4 0.022110 0.045646 0.013854 0.000667 0.917723
4 4 0.025622 0.043815 0.012343 0.000699 0.917521
4 4 0.024596 0.042950 0.011976 0.000650 0.919829
4 4 0.027094 0.046153 0.013515 0.000810 0.912428
4 4 0.029609 0.044959 0.012572 0.000831 0.912030
4 4 0.026420 0.065099 0.027134 0.001563 0.879785
4 4 0.024990 0.065356 0.027705 0.001503 0.880446
4 4 0.029700 0.078026 0.038284 0.002509 0.851481
4 4 0.027552 0.078101 0.039025 0.002359 0.852964
4 4 0.031359 0.090945 0.052062 0.003657 0.821977
4 4 0.037397 0.109004 0.073818 0.006446 0.773335
4 4 0.048743 0.144927 0.186416 0.013781 0.606133
4 4 0.037759 0.153355 0.260869 0.013734 0.534282
4 4 0.033910 0.146063 0.197585 0.010824 0.611618
4 4 0.031800 0.140782 0.167059 0.009538 0.650822
4 4 0.029770 0.130982 0.134023 0.007575 0.697651
4 4 0.029608 0.123119 0.107196 0.006835 0.733242
4 4 0.029266 0.119739 0.096824 0.006558 0.747614
4 4 0.030004 0.115574 0.088347 0.006162 0.759913
4 4 0.030573 0.117327 0.090975 0.006501 0.754624
4 4 0.030659 0.116306 0.089152 0.006375 0.757508
4 4 0.027450 0.134367 0.146854 0.007589 0.683740
4 4 0.036612 0.125705 0.106766 0.008662 0.722255
