4 0 0.215689 0.224375 0.177242 0.103312 0.279383
4 0 0.215153 0.220185 0.171455 0.076170 0.317037
1 0 0.206533 0.222305 0.180933 0.185734 0.204495
1 0 0.206533 0.222305 0.180933 0.185734 0.204495
1 0 0.206533 0.222305 0.180933 0.185734 0.204495
1 0 0.206533 0.222305 0.180933 0.185734 0.204495
1 0 0.206533 0.222305 0.180933 0.185734 0.204495
4 0 0.211248 0.224814 0.181165 0.154045 0.228727
4 0 0.207022 0.205267 0.155469 0.040861 0.391381
4 0 0.199580 0.194508 0.145114 0.028658 0.432140
4 0 0.203944 0.200679 0.150983 0.034966 0.409428
4 0 0.197900 0.192210 0.142969 0.026671 0.440251
4 0 0.210193 0.210321 0.160577 0.049106 0.369803
4 0 0.206359 0.204257 0.154471 0.039454 0.395460
4 0 0.201876 0.197715 0.148143 0.031740 0.420526
4 0 0.202978 0.199284 0.149641 0.033398 0.414700
4 0 0.190030 0.181849 0.133516 0.019474 0.475131
4 0 0.194079 0.187105 0.138270 0.022806 0.457741
4 0 0.181003 0.170564 0.123552 0.013957 0.510924
4 0 0.184208 0.182755 0.150435 0.016298 0.466304
4 0 0.173518 0.183791 0.185654 0.012073 0.444965
4 0 0.154085 0.191320 0.302599 0.009659 0.342336
2 0 0.126162 0.187429 0.471180 0.010705 0.204523
2 0 0.131481 0.192541 0.458051 0.012998 0.204929
2 1 0.154329 0.203532 0.360679 0.016192 0.265268
4 1 0.167534 0.202145 0.283379 0.015835 0.331107
4 1 0.175333 0.195813 0.223680 0.015278 0.389896
4 1 0.173385 0.197406 0.237653 0.015198 0.376358
2 1 0.160814 0.207423 0.341495 0.019055 0.271212
2 1 0.150898 0.203544 0.381905 0.017041 0.246611
2 0 0.134143 0.190582 0.445140 0.017107 0.213029
2 0 0.143071 0.186620 0.376195 0.016488 0.277626
2 1 0.114909 0.166298 0.508498 0.025001 0.185294
2 1 0.146289 0.201035 0.412671 0.025343 0.214661
2 0 0.180079 0.228896 0.320784 0.069959 0.200282
2 0 0.147459 0.196187 0.404758 0.058824 0.192773
2 1 0.127743 0.184782 0.480276 0.065731 0.141469
2 0 0.109024 0.166332 0.547958 0.050125 0.126562
2 0 0.096805 0.147644 0.569507 0.071812 0.114232
2 0 0.102129 0.154385 0.563818 0.038772 0.140896
2 0 0.096009 0.146102 0.569193 0.015632 0.173064
2 1 0.071110 0.115953 0.672341 0.021062 0.119534
2 1 0.035571 0.066934 0.720251 0.122347 0.054898
2 1 0.044068 0.076045 0.529998 0.292891 0.056998
2 1 0.095534 0.131482 0.362248 0.297502 0.113234
3 0 0.150730 0.179898 0.237369 0.268176 0.163827
3 0 0.144980 0.211781 0.194630 0.320372 0.128237
3 0 0.186737 0.225107 0.187113 0.226756 0.174286
1 0 0.201808 0.235042 0.171977 0.204280 0.186892
4 0 0.211799 0.225023 0.181067 0.149745 0.232366
4 0 0.215420 0.224877 0.178181 0.110032 0.271491
4 0 0.215686 0.224384 0.177257 0.103411 0.279263
4 0 0.215599 0.224592 0.177628 0.105940 0.276241
4 0 0.208165 0.221888 0.187320 0.147697 0.234929
2 0 0.171470 0.199751 0.229788 0.206330 0.192662
3 0 0.151077 0.187621 0.238390 0.257494 0.165419
2 0 0.178420 0.198272 0.230687 0.178074 0.214547
2 0 0.177899 0.197788 0.232195 0.172491 0.219626
4 0 0.198717 0.208231 0.201045 0.085179 0.306829
2 0 0.155035 0.194370 0.353647 0.101954 0.194994
2 1 0.136910 0.182371 0.417297 0.097471 0.165951
4 1 0.179943 0.199680 0.249997 0.118830 0.251550
4 0 0.209983 0.220903 0.185076 0.100826 0.283213
4 0 0.214714 0.225360 0.179414 0.121233 0.259278
4 0 0.214790 0.225333 0.179318 0.120221 0.260338
4 0 0.215408 0.224892 0.178212 0.110277 0.271211
4 0 0.215804 0.222857 0.174916 0.090284 0.296139
4 0 0.214749 0.219104 0.170160 0.071877 0.324109
4 0 0.215660 0.224454 0.177379 0.104225 0.278283
4 0 0.212792 0.225320 0.180774 0.141404 0.239710
1 0 0.207801 0.223072 0.181132 0.177862 0.210133
1 0 0.206533 0.222305 0.180933 0.185734 0.204495
1 0 0.206533 0.222305 0.180933 0.185734 0.204495
1 0 0.206533 0.222305 0.180933 0.185734 0.204495
1 0 0.206533 0.222305 0.180933 0.185734 0.204495
1 0 0.206533 0.222305 0.180933 0.185734 0.204495
1 0 0.206533 0.222305 0.180933 0.185734 0.204495
1 0 0.206533 0.222305 0.180933 0.185734 0.204495
1 0 0.206533 0.222305 0.180933 0.185734 0.204495
1 0 0.206533 0.222305 0.180933 0.185734 0.204495
1 0 0.206533 0.222305 0.180933 0.185734 0.204495
1 0 0.203529 0.228493 0.213830 0.145120 0.209027
1 0 0.203207 0.230454 0.227383 0.113306 0.225649
4 0 0.215380 0.224864 0.178479 0.108536 0.272741
1 0 0.203825 0.228954 0.215547 0.139112 0.212562
1 0 0.206533 0.222305 0.180933 0.185734 0.204495
4 0 0.211757 0.225008 0.181076 0.150077 0.232082
4 0 0.214796 0.225331 0.179311 0.120141 0.260422
4 0 0.215572 0.224644 0.177724 0.106616 0.275444
4 0 0.215687 0.222091 0.173872 0.085526 0.302824
4 0 0.215713 0.224301 0.177115 0.102484 0.280387
4 1 0.215242 0.225064 0.178587 0.113353 0.267754
4 1 0.213595 0.225456 0.180382 0.133871 0.246696
1 1 0.205475 0.221364 0.183133 0.184212 0.205817
2 2 0.137947 0.180376 0.357206 0.188795 0.135676
2 2 0.090985 0.136495 0.476745 0.198774 0.097001
2 2 0.056187 0.098003 0.617243 0.168457 0.060109
2 2 0.070184 0.117261 0.588009 0.154914 0.069632
2 2 0.093321 0.147337 0.549161 0.126183 0.083997
2 2 0.098276 0.148273 0.501401 0.158019 0.094031
2 2 0.084974 0.131400 0.506149 0.189809 0.087667
2 2 0.067276 0.108010 0.512031 0.236044 0.076639
2 2 0.049958 0.087609 0.593025 0.212211 0.057197
2 2 0.051480 0.090236 0.598303 0.202161 0.057821
2 3 0.124665 0.177601 0.443334 0.141557 0.112844
1 3 0.189823 0.208658 0.202951 0.205654 0.192914
3 3 0.131159 0.173144 0.252854 0.307695 0.135148
2 3 0.040544 0.083434 0.501188 0.329842 0.044993
2 3 0.019690 0.044555 0.693373 0.217833 0.024550
2 3 0.009576 0.024519 0.814128 0.139303 0.012474
2 2 0.009159 0.023563 0.816722 0.138569 0.011987
2 2 0.007278 0.019664 0.834978 0.128405 0.009674
2 2 0.011697 0.029488 0.845732 0.099714 0.013370
2 2 0.016981 0.039977 0.820017 0.104473 0.018552
2 3 0.032631 0.067955 0.770649 0.097228 0.031537
2 3 0.052165 0.094861 0.653377 0.146511 0.053085
2 3 0.071627 0.113770 0.503840 0.230367 0.080397
2 3 0.145852 0.193536 0.292307 0.226844 0.141460
1 3 0.206533 0.222305 0.180933 0.185734 0.204495
3 3 0.129785 0.168698 0.248033 0.314421 0.139063
1 3 0.208759 0.223614 0.181227 0.171649 0.214749
4 0 0.214868 0.225301 0.179213 0.119144 0.261474
1 0 0.206533 0.222305 0.180933 0.185734 0.204495
2 0 0.192299 0.226492 0.242236 0.159497 0.179476
2 1 0.181497 0.214684 0.254026 0.175611 0.174182
1 0 0.206533 0.222305 0.180933 0.185734 0.204495
1 0 0.203809 0.220127 0.184455 0.188949 0.202659
1 0 0.188422 0.207483 0.204842 0.207345 0.191908
1 0 0.199545 0.216682 0.190021 0.194007 0.199745
4 0 0.214348 0.225445 0.179810 0.125772 0.254625
4 0 0.215826 0.223147 0.175329 0.092322 0.293377
4 0 0.208616 0.207754 0.157957 0.044641 0.381032
4 0 0.193695 0.186600 0.137810 0.022460 0.459436
4 1 0.201525 0.197219 0.147671 0.031238 0.422347
4 1 0.181509 0.213340 0.265501 0.027196 0.312454
4 1 0.188241 0.208381 0.221373 0.026365 0.355640
4 0 0.194705 0.209901 0.204257 0.031528 0.359608
4 0 0.196998 0.190990 0.141838 0.025682 0.444492
4 0 0.187754 0.178952 0.130928 0.017868 0.484498
4 0 0.184649 0.175060 0.127485 0.015928 0.496879
4 0 0.196434 0.190233 0.141138 0.025090 0.447106
4 0 0.194704 0.187930 0.139023 0.023384 0.454958
4 1 0.196874 0.190824 0.141684 0.025551 0.445067
4 0 0.203131 0.207053 0.170479 0.037295 0.382042
4 0 0.204445 0.224624 0.215720 0.063016 0.292194
4 0 0.215137 0.225147 0.178788 0.115112 0.265816
4 0 0.215643 0.221881 0.173595 0.084348 0.304532
4 0 0.210101 0.210168 0.160419 0.048821 0.370491
4 1 0.210371 0.210620 0.160886 0.049670 0.368453
4 0 0.213799 0.216943 0.167674 0.064669 0.336914
4 0 0.203106 0.228026 0.228455 0.074127 0.266287
2 0 0.192381 0.231250 0.265199 0.118263 0.192908
4 0 0.211467 0.224900 0.181131 0.152358 0.230143
4 0 0.211457 0.224897 0.181133 0.152436 0.230077
4 0 0.215685 0.224386 0.177260 0.103430 0.279240
4 0 0.214105 0.217601 0.168419 0.066704 0.333171
4 0 0.212925 0.215185 0.165728 0.059774 0.346388
4 0 0.212014 0.214236 0.165790 0.056581 0.351380
4 0 0.202532 0.220262 0.210188 0.050406 0.316610
4 0 0.215563 0.224660 0.177755 0.106841 0.275181
2 1 0.192317 0.231603 0.271133 0.101522 0.203426
2 0 0.173872 0.227525 0.324783 0.123861 0.149959
2 1 0.174525 0.228346 0.339902 0.082020 0.175206
2 1 0.190263 0.231353 0.281155 0.090328 0.206900
2 0 0.202686 0.230620 0.231557 0.104039 0.231098
1 0 0.204669 0.225793 0.198696 0.166457 0.204385
1 0 0.201514 0.225691 0.205905 0.172920 0.193970
1 0 0.208225 0.224731 0.186619 0.165346 0.215079
4 0 0.211294 0.225963 0.185959 0.143007 0.233777
4 0 0.212119 0.225131 0.180991 0.147143 0.234616
4 0 0.215269 0.225039 0.178532 0.112881 0.268279
4 0 0.215572 0.221579 0.173202 0.082724 0.306923
4 0 0.215334 0.220734 0.172131 0.078592 0.313209
4 0 0.214618 0.218781 0.169781 0.070695 0.326126
4 0 0.215489 0.221259 0.172792 0.081097 0.309363
4 0 0.213707 0.216750 0.167458 0.064096 0.337988
4 0 0.214687 0.225369 0.179448 0.121597 0.258899
4 0 0.215294 0.220609 0.171976 0.078025 0.314096
4 0 0.215189 0.225108 0.178691 0.114253 0.266759
4 0 0.215566 0.224655 0.177746 0.106776 0.275257
4 0 0.214147 0.217693 0.168524 0.066998 0.332638
4 0 0.202696 0.198880 0.149254 0.032961 0.416209
4 0 0.197265 0.191351 0.142172 0.025970 0.443242
4 0 0.184601 0.175000 0.127432 0.015899 0.497068
4 0 0.172013 0.159780 0.114293 0.010172 0.543742
4 0 0.183545 0.173690 0.126281 0.015298 0.501186
4 0 0.206045 0.203783 0.154005 0.038817 0.397351
4 0 0.213116 0.215557 0.166135 0.060750 0.344442
4 0 0.215799 0.223904 0.176465 0.098494 0.285339
4 0 0.215549 0.224686 0.177804 0.107192 0.274769
4 0 0.211399 0.224874 0.181142 0.152884 0.229700
4 0 0.211758 0.225008 0.181076 0.150070 0.232088
4 0 0.211654 0.224971 0.181097 0.150895 0.231383
4 0 0.215550 0.224683 0.177799 0.107156 0.274811
4 0 0.213922 0.225472 0.180165 0.130515 0.249926
4 0 0.215242 0.225064 0.178588 0.113359 0.267747
4 0 0.215238 0.225067 0.178596 0.113430 0.267669
4 0 0.210758 0.211276 0.161566 0.050941 0.365459
4 0 0.211437 0.212451 0.162797 0.053356 0.359959
4 0 0.204809 0.201944 0.152208 0.036472 0.404566
4 0 0.197919 0.192236 0.142993 0.026693 0.440159
4 0 0.195682 0.189228 0.140214 0.024329 0.450547
4 1 0.196008 0.189663 0.140614 0.024655 0.449059
4 1 0.201873 0.202144 0.160162 0.033410 0.402413
4 1 0.214506 0.218514 0.169469 0.069749 0.327761
4 0 0.215539 0.221447 0.173032 0.082042 0.307941
4 0 0.215644 0.224492 0.177447 0.104687 0.277730
4 1 0.209062 0.228247 0.201416 0.124739 0.236537
4 0 0.213599 0.225456 0.180379 0.133832 0.246733
4 0 0.213122 0.225390 0.180633 0.138408 0.242446
1 0 0.206533 0.222305 0.180933 0.185734 0.204495
4 0 0.213618 0.225458 0.180368 0.133650 0.246906
1 0 0.207608 0.222958 0.181107 0.179083 0.209243
1 0 0.206533 0.222305 0.180933 0.185734 0.204495
1 0 0.210402 0.224447 0.181247 0.160329 0.223575
1 0 0.208135 0.223265 0.181171 0.175724 0.211705
4 0 0.210709 0.225523 0.185270 0.149345 0.229152
2 0 0.197706 0.227778 0.233351 0.140693 0.200471
2 0 0.187825 0.230297 0.275627 0.129842 0.176409
2 0 0.192535 0.228650 0.246887 0.154167 0.177761
2 0 0.163770 0.214941 0.339368 0.136029 0.145892
2 0 0.133108 0.192703 0.442688 0.117629 0.113872
2 1 0.116792 0.176473 0.518482 0.070135 0.118118
2 1 0.163956 0.217378 0.366543 0.078039 0.174084
4 0 0.212266 0.225744 0.191760 0.090509 0.279721
4 0 0.215032 0.225216 0.178968 0.116759 0.264025
4 1 0.215480 0.224796 0.178018 0.108779 0.272928
4 1 0.213249 0.224088 0.185551 0.084489 0.292623
4 1 0.187864 0.217317 0.253780 0.034165 0.306874
4 1 0.182855 0.203893 0.225220 0.021243 0.366788
4 1 0.161381 0.193034 0.272860 0.011109 0.361616
4 0 0.151756 0.192574 0.321985 0.009933 0.323751
4 1 0.158703 0.192561 0.284063 0.010569 0.354104
4 1 0.172010 0.172845 0.153061 0.010484 0.491600
4 1 0.171640 0.159341 0.113920 0.010041 0.545057
4 4 0.160784 0.146801 0.103436 0.006918 0.582061
4 4 0.159342 0.145167 0.102090 0.006586 0.586814
4 4 0.161355 0.147450 0.103972 0.007054 0.580169
4 4 0.167668 0.154699 0.110007 0.008756 0.558872
4 4 0.155554 0.175425 0.224868 0.007376 0.436777
4 4 0.173483 0.201590 0.265003 0.022955 0.336968
4 4 0.179904 0.196368 0.208750 0.017096 0.397881
4 4 0.204424 0.210699 0.177112 0.041367 0.366398
4 4 0.201647 0.219166 0.209936 0.047560 0.321691
4 1 0.213286 0.224420 0.186044 0.086547 0.289702
4 1 0.197684 0.219514 0.224417 0.121458 0.236926
2 1 0.163335 0.199983 0.315938 0.135259 0.185485
2 1 0.143762 0.187353 0.381653 0.127193 0.160038
2 1 0.100595 0.154137 0.570347 0.052185 0.122735
2 1 0.085395 0.142108 0.639408 0.032371 0.100718
2 1 0.084938 0.145534 0.647673 0.021494 0.100361
2 2 0.067754 0.124799 0.713087 0.025358 0.069001
2 2 0.056624 0.111372 0.755429 0.026908 0.049667
2 2 0.057181 0.111891 0.749977 0.033108 0.047843
2 2 0.063231 0.120900 0.730695 0.029285 0.055890
2 2 0.066758 0.121814 0.711017 0.035608 0.064803
2 2 0.073996 0.132505 0.687096 0.034239 0.072164
2 2 0.062808 0.119439 0.728999 0.034231 0.054523
2 2 0.054999 0.109166 0.761763 0.026258 0.047814
2 2 0.038600 0.084480 0.823643 0.023699 0.029578
2 2 0.036360 0.080351 0.830908 0.024918 0.027464
2 2 0.033649 0.075686 0.843433 0.021142 0.026090
2 2 0.034857 0.077976 0.835239 0.026730 0.025198
2 3 0.044281 0.093964 0.794831 0.035931 0.030992
2 3 0.079510 0.147240 0.668243 0.047655 0.057351
2 3 0.179951 0.228974 0.302523 0.128403 0.160150
1 0 0.206533 0.222305 0.180933 0.185734 0.204495
1 0 0.206533 0.222305 0.180933 0.185734 0.204495
1 0 0.206533 0.222305 0.180933 0.185734 0.204495
2 1 0.194420 0.228279 0.238563 0.157780 0.180958
2 1 0.163946 0.224576 0.376486 0.082961 0.152031
2 1 0.161632 0.221244 0.388034 0.051437 0.177654
2 1 0.153425 0.218171 0.418824 0.056401 0.153179
2 1 0.133230 0.205592 0.490466 0.052928 0.117784
2 1 0.161725 0.223673 0.381106 0.090514 0.142982
2 1 0.176327 0.228063 0.314749 0.127652 0.153209
1 1 0.202551 0.225119 0.200907 0.175389 0.196033
1 1 0.206533 0.222305 0.180933 0.185734 0.204495
4 0 0.214190 0.225462 0.179952 0.127590 0.252805
2 1 0.183677 0.230732 0.301966 0.101615 0.182011
2 1 0.119740 0.183851 0.524497 0.042990 0.128923
2 1 0.135130 0.199434 0.471529 0.028039 0.165868
2 1 0.078534 0.138372 0.671694 0.032061 0.079340
2 2 0.055725 0.109283 0.752984 0.036108 0.045899
2 2 0.034816 0.076815 0.829372 0.034181 0.024816
2 2 0.040592 0.086810 0.812409 0.028973 0.031216
2 2 0.051935 0.105737 0.768961 0.034243 0.039124
2 2 0.071973 0.135916 0.698555 0.037531 0.056024
2 2 0.127553 0.201797 0.508144 0.058494 0.104012
2 2 0.188940 0.230463 0.272225 0.129102 0.179270
2 2 0.199398 0.229751 0.231549 0.138706 0.200595
2 2 0.162506 0.216608 0.363457 0.100711 0.156718
2 2 0.102065 0.170653 0.591348 0.044846 0.091088
2 2 0.034391 0.076935 0.840399 0.021531 0.026744
2 3 0.014862 0.038909 0.913511 0.022046 0.010672
2 3 0.011805 0.031936 0.921781 0.025338 0.009140
2 3 0.013866 0.036157 0.909103 0.029917 0.010958
2 3 0.016851 0.041891 0.887685 0.039602 0.013971
2 3 0.014280 0.036624 0.896859 0.040038 0.012199
2 3 0.010578 0.028508 0.906620 0.044520 0.009774
2 3 0.008642 0.023788 0.902687 0.056084 0.008800
2 3 0.008997 0.024164 0.878319 0.078501 0.010019
2 3 0.010790 0.027436 0.843651 0.105433 0.012690
2 3 0.009276 0.024195 0.842393 0.112728 0.011408
2 3 0.005111 0.015090 0.868612 0.104387 0.006800
2 3 0.004614 0.013841 0.868791 0.106477 0.006277
2 3 0.004695 0.013776 0.841636 0.133103 0.006790
2 3 0.004722 0.013872 0.751506 0.222378 0.007523
2 3 0.004208 0.013055 0.645227 0.330468 0.007042
2 3 0.004538 0.014015 0.584842 0.388997 0.007608
2 3 0.005680 0.016603 0.585135 0.383252 0.009330
2 3 0.006767 0.019076 0.601379 0.362012 0.010765
2 3 0.006209 0.017961 0.623757 0.342290 0.009783
2 3 0.004749 0.014881 0.645165 0.327670 0.007536
2 3 0.003580 0.011833 0.616597 0.361919 0.006071
2 3 0.003022 0.010508 0.583783 0.397455 0.005232
2 3 0.003303 0.011798 0.530917 0.448501 0.005481
3 3 0.003834 0.013588 0.457714 0.518698 0.006166
3 3 0.004563 0.016029 0.405438 0.566962 0.007007
3 3 0.005629 0.018495 0.458848 0.508489 0.008540
2 3 0.006635 0.020739 0.529061 0.433725 0.009840
2 3 0.006580 0.019765 0.548442 0.415137 0.010076
2 3 0.006841 0.019542 0.602404 0.360557 0.010656
2 3 0.004767 0.015145 0.497639 0.474650 0.007798
3 3 0.004339 0.014275 0.433810 0.540444 0.007131
3 3 0.003506 0.012482 0.378186 0.600061 0.005766
2 3 0.011616 0.030172 0.496604 0.444696 0.016912
2 3 0.071936 0.108943 0.452497 0.280785 0.085839
2 3 0.165227 0.187352 0.237152 0.235753 0.174515
2 3 0.171644 0.193046 0.228023 0.227821 0.179466
1 3 0.200465 0.217429 0.188815 0.192914 0.200378
1 3 0.206533 0.222305 0.180933 0.185734 0.204495
1 3 0.206533 0.222305 0.180933 0.185734 0.204495
1 3 0.189317 0.208234 0.203633 0.206265 0.192551
2 3 0.083821 0.125117 0.467440 0.231580 0.092042
2 3 0.011040 0.028188 0.856069 0.092258 0.012445
2 3 0.009614 0.025829 0.895047 0.059720 0.009789
2 3 0.008618 0.023857 0.908048 0.050933 0.008544
2 2 0.012006 0.031185 0.892226 0.053172 0.011411
2 3 0.010895 0.028015 0.862579 0.086431 0.012081
2 3 0.010033 0.025693 0.829825 0.121980 0.012470
2 3 0.009306 0.024533 0.856412 0.098733 0.011015
2 3 0.014877 0.036995 0.873946 0.060034 0.014148
2 3 0.030159 0.066271 0.853920 0.022212 0.027437
2 3 0.067388 0.125983 0.716114 0.026548 0.063967
2 3 0.105262 0.177832 0.588643 0.027068 0.101195
2 2 0.128467 0.196112 0.500589 0.047256 0.127577
2 2 0.109745 0.175779 0.559576 0.050316 0.104584
2 2 0.094346 0.161804 0.608517 0.061208 0.074126
2 2 0.122498 0.192994 0.518926 0.060753 0.104828
2 2 0.097052 0.162561 0.609003 0.028639 0.102745
2 2 0.095732 0.161817 0.614406 0.023453 0.104592
2 2 0.091866 0.157550 0.628216 0.021140 0.101228
2 2 0.080077 0.148511 0.676722 0.027046 0.067644
2 2 0.091160 0.166167 0.641409 0.029058 0.072207
2 2 0.086891 0.161310 0.656775 0.026910 0.068114
2 2 0.124533 0.198332 0.522297 0.044009 0.110829
2 2 0.105299 0.181187 0.590516 0.037182 0.085816
2 2 0.187416 0.231113 0.291920 0.089042 0.200509
2 2 0.156441 0.195937 0.340101 0.129797 0.177723
1 2 0.206533 0.222305 0.180933 0.185734 0.204495
1 2 0.206533 0.222305 0.180933 0.185734 0.204495
1 0 0.206533 0.222305 0.180933 0.185734 0.204495
1 0 0.206533 0.222305 0.180933 0.185734 0.204495
3 0 0.163306 0.189482 0.227435 0.246305 0.173472
2 0 0.129677 0.163587 0.293119 0.268172 0.145446
2 1 0.089552 0.128711 0.342973 0.332637 0.106128
3 1 0.096958 0.133941 0.291559 0.361364 0.116178
3 1 0.133715 0.171942 0.241378 0.308688 0.144276
3 1 0.153384 0.202349 0.207982 0.288061 0.148223
3 1 0.158201 0.201630 0.215055 0.271764 0.153350
3 1 0.130020 0.170296 0.243945 0.317031 0.138708
2 1 0.110346 0.158582 0.446577 0.176394 0.108102
2 1 0.135805 0.185891 0.400605 0.152632 0.125068
2 1 0.181434 0.211901 0.246013 0.183878 0.176774
4 1 0.212309 0.225190 0.180938 0.145563 0.236000
4 1 0.209405 0.222656 0.194575 0.067194 0.306169
4 1 0.207357 0.205783 0.155982 0.041607 0.389271
4 0 0.192121 0.184546 0.135945 0.021110 0.466279
4 1 0.196514 0.190340 0.141237 0.025173 0.446736
4 1 0.210546 0.213276 0.167255 0.052688 0.356234
4 1 0.194809 0.220699 0.238388 0.043359 0.302745
4 1 0.215474 0.224805 0.178034 0.108906 0.272781
4 1 0.213589 0.225455 0.180386 0.133937 0.246633
1 1 0.207793 0.223067 0.181131 0.177910 0.210098
2 1 0.197853 0.229582 0.251095 0.074534 0.246937
4 1 0.203277 0.225226 0.221268 0.062923 0.287307
2 1 0.172579 0.214463 0.310316 0.026557 0.276084
2 1 0.177668 0.216258 0.293339 0.029434 0.283302
2 1 0.174020 0.209967 0.305055 0.048255 0.262703
2 0 0.148145 0.185634 0.349886 0.093276 0.223059
4 1 0.196454 0.205628 0.185426 0.030244 0.382248
4 1 0.182671 0.172611 0.125337 0.014821 0.504560
4 1 0.173218 0.161203 0.115501 0.010606 0.539472
4 1 0.179678 0.168949 0.122150 0.013312 0.515910
4 1 0.188010 0.186999 0.153014 0.018886 0.453091
2 0 0.182947 0.223484 0.295217 0.043333 0.255019
2 0 0.180207 0.229904 0.318717 0.086068 0.185104
1 0 0.206533 0.222305 0.180933 0.185734 0.204495
1 0 0.206533 0.222305 0.180933 0.185734 0.204495
1 0 0.206533 0.222305 0.180933 0.185734 0.204495
1 0 0.206533 0.222305 0.180933 0.185734 0.204495
1 0 0.206533 0.222305 0.180933 0.185734 0.204495
1 0 0.206609 0.222352 0.180947 0.185273 0.204819
1 0 0.206533 0.222305 0.180933 0.185734 0.204495
1 0 0.206533 0.222305 0.180933 0.185734 0.204495
1 0 0.206533 0.222305 0.180933 0.185734 0.204495
1 0 0.198444 0.227613 0.222955 0.161456 0.189531
2 0 0.190291 0.210011 0.216001 0.174099 0.209599
2 0 0.153806 0.182970 0.278406 0.225268 0.159550
2 0 0.163472 0.193957 0.269944 0.207492 0.165135
4 0 0.201329 0.216873 0.196217 0.160846 0.224735
2 0 0.146776 0.197278 0.400748 0.095862 0.159337
2 1 0.153895 0.208876 0.395277 0.079754 0.162199
4 1 0.194526 0.223988 0.249525 0.049632 0.282329
4 1 0.198251 0.206322 0.182187 0.032118 0.381122
4 1 0.186136 0.186856 0.157600 0.017836 0.451572
4 1 0.162853 0.188105 0.244122 0.010075 0.394845
4 1 0.160819 0.190989 0.266335 0.010418 0.371439
2 1 0.151305 0.194163 0.332636 0.010558 0.311337
2 1 0.146266 0.192736 0.356172 0.009934 0.294891
2 1 0.128779 0.186177 0.443621 0.008849 0.232575
2 1 0.122657 0.182498 0.471244 0.008332 0.215269
2 1 0.118390 0.179464 0.493212 0.008816 0.200118
2 2 0.096784 0.158980 0.587755 0.009604 0.146877
2 2 0.087210 0.148225 0.627527 0.009848 0.127191
2 2 0.072852 0.132680 0.695930 0.018115 0.080423
2 2 0.069139 0.134824 0.713784 0.030575 0.051678
2 2 0.096650 0.173600 0.615778 0.047482 0.066491
2 2 0.182435 0.228967 0.289801 0.136852 0.161945
1 0 0.202922 0.224900 0.199099 0.176294 0.196785
2 0 0.189809 0.228995 0.258724 0.149182 0.173291
1 0 0.206533 0.222305 0.180933 0.185734 0.204495
1 0 0.205331 0.221347 0.182484 0.187151 0.203687
2 0 0.182197 0.211896 0.242751 0.185178 0.177978
1 0 0.194542 0.216636 0.207534 0.188939 0.192348
1 0 0.206533 0.222305 0.180933 0.185734 0.204495
4 0 0.211610 0.227240 0.192576 0.120098 0.248476
4 0 0.204931 0.220144 0.202100 0.053462 0.319364
4 0 0.195251 0.201220 0.175584 0.027271 0.400674
2 1 0.176007 0.221409 0.319740 0.038426 0.244418
2 1 0.162899 0.222073 0.383752 0.053726 0.177551
2 1 0.194313 0.230455 0.255582 0.122661 0.196988
1 0 0.205548 0.221519 0.182204 0.186896 0.203833
3 0 0.176628 0.202021 0.215628 0.226676 0.179047
2 1 0.136591 0.185222 0.405137 0.137284 0.135766
2 1 0.176292 0.215166 0.309377 0.066922 0.232243
4 1 0.188112 0.212145 0.234883 0.029033 0.335828
4 1 0.195582 0.216717 0.225141 0.042222 0.320338
2 1 0.187900 0.219465 0.264334 0.106011 0.222290
1 1 0.205316 0.221335 0.182503 0.187169 0.203677
1 1 0.206533 0.222305 0.180933 0.185734 0.204495
2 1 0.188642 0.217191 0.231595 0.179715 0.182857
1 0 0.206533 0.222305 0.180933 0.185734 0.204495
1 0 0.191633 0.210169 0.200519 0.203475 0.194204
2 1 0.189828 0.228993 0.258643 0.149215 0.173321
1 1 0.206533 0.222305 0.180933 0.185734 0.204495
1 0 0.206533 0.222305 0.180933 0.185734 0.204495
1 0 0.193972 0.226612 0.183118 0.213148 0.183150
1 0 0.206415 0.222658 0.180693 0.186231 0.204003
1 0 0.206533 0.222305 0.180933 0.185734 0.204495
1 1 0.208002 0.223188 0.181157 0.176579 0.211074
1 1 0.206995 0.224538 0.188416 0.170126 0.209924
2 1 0.200247 0.230761 0.236076 0.120686 0.212230
2 1 0.183926 0.230603 0.297651 0.110677 0.177142
2 1 0.184061 0.230739 0.299068 0.105921 0.180211
2 2 0.192906 0.231232 0.263026 0.119071 0.193766
1 2 0.199758 0.226533 0.214224 0.168904 0.190580
1 2 0.199917 0.226728 0.214686 0.167178 0.191491
1 2 0.198487 0.228305 0.226288 0.155195 0.191724
2 2 0.180126 0.229885 0.311613 0.108361 0.170016
2 2 0.180673 0.230006 0.309679 0.108525 0.171116
2 2 0.177714 0.229401 0.322176 0.102677 0.168032
2 2 0.168817 0.226207 0.346680 0.113617 0.144679
2 2 0.174157 0.228085 0.329348 0.113294 0.155116
2 2 0.161070 0.223342 0.380778 0.096099 0.138711
2 2 0.171873 0.227704 0.344754 0.095879 0.159790
2 2 0.150390 0.217830 0.421108 0.084985 0.125687
2 2 0.173238 0.228111 0.342775 0.088164 0.167712
2 2 0.115807 0.184697 0.545013 0.043321 0.111163
2 3 0.078953 0.140857 0.654210 0.065624 0.060355
2 3 0.103303 0.171616 0.571362 0.074264 0.079456
2 3 0.142826 0.196084 0.394242 0.139107 0.127741
2 3 0.164861 0.200804 0.287318 0.186249 0.160768
2 3 0.174012 0.220464 0.304764 0.144024 0.156736
2 3 0.192037 0.228729 0.249064 0.153237 0.176933
1 3 0.206533 0.222305 0.180933 0.185734 0.204495
2 0 0.187872 0.229115 0.267009 0.145792 0.170213
2 0 0.142249 0.203020 0.420285 0.114182 0.120264
2 1 0.111588 0.168303 0.535451 0.058446 0.126212
2 1 0.080427 0.134699 0.648163 0.052141 0.084571
2 1 0.110197 0.169152 0.548374 0.042742 0.129535
2 2 0.074924 0.128959 0.662578 0.057826 0.075713
2 2 0.089417 0.150073 0.625779 0.047178 0.087552
2 2 0.058617 0.111590 0.733329 0.048385 0.048079
2 2 0.042758 0.087368 0.785691 0.051192 0.032991
2 2 0.022504 0.052238 0.852061 0.053759 0.019438
2 2 0.023695 0.052172 0.805093 0.095193 0.023847
2 3 0.040967 0.075275 0.634490 0.201843 0.047425
2 3 0.049349 0.083039 0.527030 0.278867 0.061714
2 3 0.091331 0.134371 0.442948 0.231595 0.099755
3 3 0.163570 0.187172 0.231412 0.242347 0.175498
1 3 0.197629 0.219954 0.187927 0.200457 0.194034
1 3 0.200232 0.238784 0.169228 0.210001 0.181754
1 3 0.197163 0.245531 0.164126 0.220665 0.172516
1 3 0.189810 0.259472 0.152929 0.244331 0.153459
3 2 0.166747 0.258958 0.152799 0.295964 0.125532
3 2 0.115357 0.186818 0.198267 0.394574 0.104984
2 1 0.179540 0.208509 0.243834 0.191042 0.177074
1 1 0.206533 0.222305 0.180933 0.185734 0.204495
2 1 0.191974 0.228738 0.249338 0.153121 0.176828
2 1 0.192188 0.228706 0.248404 0.153519 0.177183
4 1 0.213248 0.225278 0.187560 0.092425 0.281488
4 1 0.215411 0.224888 0.178204 0.110216 0.271280
4 1 0.213672 0.225462 0.180334 0.133102 0.247430
4 1 0.214466 0.225425 0.179694 0.124376 0.256039
1 1 0.205764 0.227234 0.202529 0.151811 0.212662
2 1 0.182525 0.228974 0.289427 0.136994 0.162079
2 1 0.177872 0.228358 0.308494 0.129905 0.155370
2 1 0.185260 0.229128 0.278037 0.141398 0.166177
2 1 0.196152 0.230449 0.245727 0.132709 0.194962
4 1 0.214838 0.225313 0.179254 0.119562 0.261032
4 1 0.215668 0.224431 0.177340 0.103962 0.278598
4 1 0.215384 0.224921 0.178272 0.110752 0.270672
4 1 0.214000 0.225472 0.180106 0.129682 0.250739
4 1 0.210645 0.226406 0.189062 0.141568 0.232318
1 1 0.203127 0.228544 0.215075 0.145524 0.207730
2 1 0.197988 0.230046 0.237437 0.136726 0.197804
1 1 0.202633 0.230024 0.224791 0.127437 0.215114
4 1 0.210693 0.227438 0.194396 0.126624 0.240849
4 1 0.215452 0.224835 0.178095 0.109366 0.272252
4 1 0.215367 0.224939 0.178312 0.111070 0.270311
2 1 0.174730 0.228461 0.330460 0.106902 0.159447
2 1 0.124786 0.199226 0.519795 0.051666 0.104527
2 1 0.195580 0.231459 0.256186 0.111726 0.205050
4 1 0.214974 0.225249 0.179058 0.117620 0.263099
2 1 0.166722 0.215927 0.353429 0.070009 0.193913
2 1 0.104268 0.172590 0.584268 0.042217 0.096658
2 1 0.082525 0.146171 0.660350 0.015734 0.095219
2 1 0.072710 0.132919 0.697266 0.019320 0.077785
2 1 0.101730 0.168071 0.589812 0.019014 0.121373
2 1 0.124150 0.191188 0.508296 0.019528 0.156838
2 1 0.095414 0.163677 0.616809 0.017598 0.106501
2 1 0.087324 0.154791 0.648614 0.021713 0.087559
2 1 0.068053 0.125110 0.707780 0.036446 0.062611
2 1 0.035492 0.075995 0.829108 0.029824 0.029580
2 1 0.023586 0.055677 0.879598 0.022649 0.018490
2 2 0.022129 0.052793 0.886690 0.020663 0.017725
2 2 0.023112 0.055094 0.882905 0.020883 0.018006
2 2 0.025092 0.059563 0.878068 0.017379 0.019899
2 2 0.027403 0.063929 0.868970 0.017739 0.021959
2 2 0.035765 0.078032 0.834206 0.022100 0.029898
2 2 0.031250 0.070109 0.849664 0.024218 0.024759
2 2 0.026347 0.061409 0.869820 0.021987 0.020437
2 2 0.016716 0.043150 0.908539 0.020103 0.011492
2 2 0.012809 0.034108 0.922815 0.021005 0.009263
2 2 0.006282 0.018772 0.937910 0.031322 0.005715
2 2 0.005746 0.017229 0.930451 0.040858 0.005716
2 2 0.005220 0.015644 0.912627 0.060608 0.005901
2 2 0.007233 0.020365 0.888909 0.075233 0.008259
2 2 0.008245 0.022498 0.882198 0.077772 0.009288
2 3 0.007092 0.019832 0.883379 0.081400 0.008296
2 3 0.005048 0.015003 0.879785 0.093646 0.006517
2 3 0.003948 0.012166 0.868010 0.110306 0.005570
2 3 0.004281 0.012698 0.828638 0.147894 0.006489
2 3 0.003263 0.010140 0.828508 0.152876 0.005212
2 3 0.002948 0.009539 0.809282 0.173429 0.004802
2 3 0.002030 0.007127 0.772461 0.214777 0.003604
2 3 0.002225 0.007947 0.693027 0.292818 0.003983
2 3 0.003030 0.010140 0.605399 0.376051 0.005379
2 3 0.003661 0.012382 0.563469 0.414360 0.006127
2 3 0.005257 0.016440 0.593716 0.376350 0.008236
2 3 0.006138 0.018472 0.558926 0.406891 0.009572
2 3 0.005068 0.015663 0.496516 0.474426 0.008328
3 3 0.003598 0.012276 0.449883 0.528120 0.006123
3 3 0.003737 0.012383 0.452325 0.525165 0.006390
3 3 0.004876 0.014471 0.485193 0.487006 0.008454
3 3 0.005592 0.016560 0.472672 0.495919 0.009257
3 3 0.005298 0.016234 0.424087 0.545619 0.008761
3 3 0.003438 0.012458 0.310815 0.667692 0.005597
3 3 0.002758 0.010376 0.274726 0.707498 0.004642
3 3 0.003338 0.011478 0.398463 0.580926 0.005794
2 3 0.004075 0.012501 0.554926 0.421290 0.007208
2 3 0.003973 0.012519 0.541346 0.435241 0.006920
3 3 0.003345 0.011379 0.461553 0.517885 0.005838
3 3 0.002822 0.010284 0.399567 0.582406 0.004922
3 3 0.002865 0.010417 0.400809 0.580934 0.004975
3 3 0.002216 0.008711 0.377995 0.607169 0.003910
3 3 0.002247 0.009048 0.408910 0.575949 0.003847
3 3 0.003278 0.011701 0.431187 0.548321 0.005513
2 3 0.003734 0.012808 0.489669 0.487587 0.006202
3 3 0.004909 0.015648 0.481164 0.490318 0.007961
2 3 0.006007 0.017557 0.588227 0.378598 0.009611
2 3 0.005839 0.016978 0.609177 0.358605 0.009401
2 3 0.004893 0.015573 0.554782 0.416952 0.007800
2 3 0.004606 0.014970 0.495751 0.477246 0.007427
3 3 0.003142 0.011479 0.310719 0.669478 0.005183
3 3 0.002550 0.009903 0.294598 0.688669 0.004281
2 3 0.007688 0.021033 0.611313 0.348078 0.011889
3 3 0.002724 0.010046 0.396684 0.585810 0.004736
2 3 0.006526 0.019570 0.590812 0.373183 0.009909
2 3 0.011494 0.028000 0.797100 0.148634 0.014772
3 3 0.006042 0.017972 0.478886 0.487310 0.009790
3 3 0.004952 0.016213 0.476723 0.494324 0.007788
3 3 0.004600 0.015801 0.453212 0.519301 0.007086
3 3 0.005963 0.018408 0.456294 0.509945 0.009390
3 3 0.008003 0.022712 0.422262 0.534478 0.012545
3 3 0.009356 0.025868 0.385454 0.565108 0.014214
3 3 0.006570 0.020007 0.405267 0.557927 0.010230
3 3 0.005182 0.017663 0.463738 0.505644 0.007773
2 3 0.015307 0.037743 0.570800 0.355412 0.020738
2 3 0.108111 0.159427 0.490036 0.143249 0.099176
1 3 0.197464 0.224951 0.218572 0.170308 0.188705
1 3 0.206533 0.222305 0.180933 0.185734 0.204495
1 3 0.206533 0.222305 0.180933 0.185734 0.204495
1 3 0.206533 0.222305 0.180933 0.185734 0.204495
1 3 0.201923 0.225472 0.203942 0.173884 0.194778
2 3 0.181179 0.228840 0.294982 0.134894 0.160105
2 3 0.184804 0.230855 0.301025 0.091104 0.192212
2 3 0.159398 0.218351 0.392106 0.041048 0.189098
2 2 0.140031 0.202397 0.445708 0.020760 0.191104
2 2 0.134207 0.199726 0.472614 0.021637 0.171816
2 2 0.088884 0.160319 0.646306 0.029737 0.074754
2 2 0.096418 0.167444 0.604844 0.060577 0.070717
2 2 0.137359 0.202154 0.446063 0.101767 0.112657
1 2 0.196577 0.216596 0.200100 0.191298 0.195430
1 2 0.196591 0.214268 0.193915 0.197531 0.197696
2 2 0.179213 0.226433 0.297373 0.137672 0.159308
2 2 0.159423 0.222585 0.390257 0.087031 0.140704
2 2 0.184204 0.226837 0.299685 0.054193 0.235081
2 2 0.187654 0.226352 0.283844 0.052634 0.249517
4 2 0.204746 0.209630 0.173230 0.040913 0.371480
4 2 0.188962 0.198764 0.186732 0.022225 0.403318
4 2 0.174411 0.179853 0.169116 0.011879 0.464740
4 2 0.156162 0.188642 0.293272 0.012801 0.349123
2 2 0.158112 0.199842 0.324750 0.014736 0.302559
4 2 0.165503 0.199291 0.280742 0.014118 0.340346
4 2 0.196140 0.221115 0.234814 0.045155 0.302777
2 2 0.193591 0.228533 0.265486 0.064215 0.248174
4 2 0.211853 0.225042 0.181056 0.149311 0.232739
1 2 0.206533 0.222305 0.180933 0.185734 0.204495
1 2 0.206533 0.222305 0.180933 0.185734 0.204495
1 2 0.206745 0.222437 0.180972 0.184442 0.205405
2 1 0.169502 0.226820 0.350906 0.100278 0.152494
2 1 0.168097 0.225908 0.362843 0.079412 0.163740
2 1 0.098194 0.156622 0.582642 0.064545 0.097997
2 1 0.122181 0.183107 0.508345 0.055150 0.131216
2 1 0.121579 0.180455 0.506112 0.028666 0.163189
2 1 0.152201 0.204636 0.386763 0.023000 0.233400
4 1 0.184156 0.209105 0.239180 0.024821 0.342737
4 1 0.202212 0.208378 0.176785 0.037167 0.375457
4 1 0.210084 0.210141 0.160391 0.048770 0.370614
4 1 0.208751 0.207970 0.158175 0.044993 0.380111
4 1 0.195836 0.189433 0.140402 0.024482 0.449846
4 1 0.177695 0.166550 0.120078 0.012408 0.523269
4 1 0.170227 0.169899 0.148607 0.009751 0.501518
4 1 0.173328 0.183718 0.186032 0.012000 0.444922
4 2 0.173615 0.189688 0.206912 0.013148 0.416637
4 2 0.163067 0.199295 0.292807 0.013752 0.331079
2 2 0.162096 0.202787 0.313645 0.015521 0.305952
2 2 0.154953 0.202915 0.354087 0.015623 0.272423
2 2 0.149629 0.201278 0.378435 0.014998 0.255660
2 2 0.144985 0.200896 0.406234 0.015849 0.232036
2 2 0.156385 0.198138 0.322983 0.012593 0.309901
4 2 0.170473 0.190232 0.220953 0.012339 0.406002
4 2 0.171373 0.197472 0.246328 0.014664 0.370163
2 2 0.139256 0.200685 0.443198 0.018537 0.198325
2 2 0.149536 0.210051 0.421811 0.034862 0.183739
2 2 0.136752 0.193136 0.452697 0.059190 0.158225
4 2 0.195762 0.223781 0.244255 0.050162 0.286039
4 2 0.199212 0.202945 0.169530 0.031249 0.397064
4 2 0.184809 0.209808 0.239188 0.025605 0.340590
4 2 0.208629 0.226195 0.205201 0.078559 0.281416
4 1 0.214023 0.225471 0.180089 0.129434 0.250983
1 1 0.202301 0.228424 0.216534 0.148525 0.204216
2 1 0.160832 0.223008 0.375905 0.107253 0.133001
1 1 0.205472 0.227293 0.203455 0.152061 0.211718
1 1 0.206533 0.222305 0.180933 0.185734 0.204495
1 1 0.208274 0.223344 0.181186 0.174828 0.212369
1 0 0.206533 0.222305 0.180933 0.185734 0.204495
1 0 0.203814 0.229946 0.175634 0.196694 0.193912
1 0 0.206533 0.222305 0.180933 0.185734 0.204495
1 0 0.206533 0.222305 0.180933 0.185734 0.204495
2 0 0.189188 0.229261 0.262771 0.145608 0.173171
2 1 0.139810 0.200497 0.453089 0.042415 0.164189
2 1 0.091522 0.149643 0.609351 0.014179 0.135305
2 1 0.141073 0.201830 0.436363 0.018997 0.201736
2 1 0.129532 0.202262 0.504529 0.045721 0.117957
2 1 0.175459 0.228797 0.330606 0.100816 0.164323
1 1 0.206533 0.222305 0.180933 0.185734 0.204495
1 1 0.206533 0.222305 0.180933 0.185734 0.204495
1 0 0.206533 0.222305 0.180933 0.185734 0.204495
4 0 0.214385 0.225439 0.179775 0.125347 0.255054
4 0 0.192621 0.185196 0.136534 0.021527 0.464122
4 0 0.165081 0.151710 0.107508 0.008012 0.567688
4 0 0.168748 0.155955 0.111062 0.009087 0.555149
4 0 0.195009 0.188334 0.139393 0.023674 0.453590
4 1 0.184426 0.214212 0.256614 0.029151 0.315597
2 1 0.130738 0.198316 0.489698 0.023258 0.157991
2 1 0.135354 0.202452 0.475613 0.026859 0.159722
2 1 0.163226 0.220031 0.377716 0.042364 0.196662
4 0 0.200786 0.230022 0.240417 0.083555 0.245220
4 0 0.215559 0.224668 0.177769 0.106941 0.275064
4 0 0.215809 0.222911 0.174992 0.090653 0.295635
4 0 0.212845 0.215031 0.165560 0.059377 0.347186
4 0 0.208944 0.208278 0.158488 0.045503 0.378787
4 0 0.207372 0.205806 0.156005 0.041641 0.389176
4 1 0.205446 0.219784 0.199479 0.053590 0.321702
2 1 0.184274 0.225167 0.294687 0.048188 0.247683
1 1 0.209917 0.224216 0.181263 0.163778 0.220826
2 1 0.175845 0.221415 0.311967 0.115298 0.175476
2 1 0.170323 0.222169 0.336637 0.110511 0.160359
2 0 0.137848 0.200306 0.462533 0.045116 0.154196
2 1 0.136185 0.198864 0.468174 0.041843 0.154934
2 1 0.147055 0.209176 0.433242 0.038086 0.172441
2 1 0.124464 0.196279 0.518665 0.049102 0.111490
2 1 0.163601 0.224416 0.370096 0.101024 0.140862
4 1 0.211256 0.224817 0.181164 0.153984 0.228778
2 1 0.200039 0.231062 0.242654 0.099297 0.226948
2 1 0.188792 0.230855 0.287661 0.081571 0.211121
4 1 0.169394 0.191061 0.228585 0.012245 0.398714
4 1 0.172196 0.187116 0.202437 0.012199 0.426052
4 1 0.185095 0.187988 0.163969 0.017480 0.445468
4 1 0.191132 0.202551 0.192157 0.024992 0.389167
4 1 0.192674 0.206199 0.198988 0.027780 0.374359
4 1 0.182221 0.215080 0.268924 0.029218 0.304558
4 1 0.176365 0.213836 0.290021 0.026317 0.293461
2 1 0.166271 0.214138 0.340768 0.026418 0.252405
2 1 0.160251 0.212248 0.365456 0.025056 0.236989
2 1 0.156320 0.210603 0.380805 0.023982 0.228290
2 1 0.153799 0.208902 0.388254 0.022454 0.226591
2 2 0.138344 0.200932 0.450375 0.019656 0.190693
2 2 0.120578 0.189255 0.522713 0.017974 0.149480
2 2 0.099409 0.168773 0.602498 0.016872 0.112447
2 2 0.086075 0.151923 0.649912 0.016948 0.095143
2 2 0.143912 0.203613 0.425941 0.019825 0.206710
2 2 0.149923 0.207739 0.406465 0.022654 0.213219
4 2 0.196046 0.220886 0.234449 0.044682 0.303937
2 2 0.142910 0.210714 0.450388 0.067469 0.128520
2 2 0.130619 0.204669 0.490293 0.075396 0.099022
2 2 0.130439 0.202035 0.485191 0.081382 0.100953
2 2 0.091382 0.156825 0.615620 0.063209 0.072964
2 2 0.060604 0.117355 0.733793 0.040665 0.047583
2 2 0.034608 0.075781 0.842006 0.015058 0.032547
2 2 0.033661 0.074654 0.846455 0.014080 0.031151
2 2 0.040870 0.087095 0.818930 0.013544 0.039561
2 2 0.046271 0.096364 0.798717 0.012977 0.045671
2 2 0.048473 0.099214 0.789620 0.013737 0.048955
2 2 0.049827 0.100558 0.783447 0.016284 0.049884
2 2 0.047715 0.096593 0.790876 0.014773 0.050043
2 2 0.059169 0.114761 0.748238 0.014657 0.063174
2 2 0.060484 0.117256 0.743946 0.019953 0.058361
2 2 0.064095 0.124555 0.729662 0.029382 0.052305
2 2 0.099445 0.171402 0.595208 0.061068 0.072878
2 2 0.130276 0.200679 0.488115 0.074497 0.106433
2 2 0.071175 0.133788 0.700649 0.037236 0.057153
2 2 0.070578 0.134781 0.707126 0.031222 0.056292
2 2 0.070005 0.133684 0.712029 0.022343 0.061939
2 2 0.074901 0.137949 0.688848 0.033558 0.064744
2 2 0.055145 0.109585 0.759393 0.030183 0.045694
2 2 0.037465 0.081802 0.826795 0.024677 0.029262
2 2 0.024173 0.058626 0.881838 0.017476 0.017887
2 2 0.016583 0.043560 0.911175 0.017644 0.011039
2 2 0.017203 0.044711 0.907971 0.018571 0.011543
2 2 0.016536 0.043176 0.910589 0.018546 0.011153
2 3 0.017564 0.044943 0.906568 0.018464 0.012461
2 3 0.020920 0.051559 0.892050 0.020286 0.015185
2 3 0.025384 0.058593 0.868070 0.028471 0.019482
2 3 0.025644 0.058729 0.860038 0.036224 0.019365
2 3 0.030851 0.068717 0.842047 0.035776 0.022609
2 3 0.033324 0.073522 0.833303 0.035692 0.024158
2 3 0.032397 0.069944 0.825069 0.047168 0.025422
2 3 0.043364 0.086994 0.778571 0.056780 0.034290
2 3 0.075013 0.127747 0.638180 0.095370 0.063690
2 3 0.129176 0.184230 0.443838 0.124428 0.118327
2 3 0.093334 0.151425 0.594510 0.073264 0.087467
2 3 0.094540 0.157142 0.612698 0.038209 0.097411
2 3 0.053937 0.104143 0.762523 0.025481 0.053917
2 3 0.061579 0.114401 0.733959 0.022244 0.067817
2 3 0.065271 0.118172 0.718011 0.020871 0.077675
2 3 0.076415 0.135803 0.680592 0.019695 0.087495
2 3 0.087023 0.149881 0.642297 0.019240 0.101559
2 3 0.076502 0.136846 0.681875 0.020651 0.084125
2 3 0.063019 0.117497 0.729999 0.022869 0.066616
2 3 0.032271 0.070005 0.844947 0.023713 0.029064
2 3 0.018748 0.045978 0.887066 0.033620 0.014587
2 3 0.014195 0.036812 0.908978 0.028950 0.011065
2 3 0.011404 0.030862 0.922966 0.025851 0.008916
2 3 0.011324 0.030685 0.921484 0.027483 0.009024
2 3 0.019155 0.046979 0.893272 0.026696 0.013897
2 3 0.025335 0.058952 0.866551 0.030795 0.018368
2 3 0.033474 0.071860 0.834088 0.032622 0.027957
2 3 0.025722 0.057986 0.857766 0.038354 0.020172
2 3 0.019718 0.046917 0.878578 0.038982 0.015805
2 3 0.012085 0.031471 0.905746 0.040130 0.010568
2 3 0.007145 0.020558 0.923939 0.041476 0.006883
2 3 0.006959 0.020102 0.918156 0.047764 0.007019
2 3 0.006897 0.020056 0.926575 0.039859 0.006613
2 3 0.010629 0.028503 0.918376 0.032684 0.009808
2 3 0.018695 0.045049 0.890168 0.029561 0.016525
2 3 0.031196 0.068375 0.845623 0.028848 0.025958
2 3 0.033210 0.072171 0.834063 0.034549 0.026007
2 3 0.024940 0.057359 0.862039 0.036682 0.018980
2 3 0.013173 0.034471 0.903651 0.037506 0.011199
2 3 0.008203 0.023393 0.922758 0.038079 0.007567
2 3 0.007423 0.021320 0.918449 0.045495 0.007313
2 3 0.012363 0.032416 0.902411 0.041870 0.010940
2 3 0.022258 0.051356 0.854409 0.052860 0.019117
2 3 0.018185 0.044076 0.878306 0.044105 0.015329
2 3 0.010979 0.029456 0.908946 0.040788 0.009832
2 3 0.007395 0.021518 0.933860 0.030711 0.006516
2 3 0.006464 0.019282 0.938141 0.030312 0.005802
2 3 0.006966 0.020465 0.934939 0.031393 0.006237
2 3 0.007089 0.020779 0.935347 0.030508 0.006277
2 3 0.008603 0.023947 0.919451 0.040043 0.007957
2 3 0.009129 0.024754 0.900009 0.056870 0.009238
