4 0 0.237627 0.133598 0.083895 0.139378 0.405502
4 0 0.070341 0.075211 0.021245 0.015630 0.817573
4 1 0.068680 0.073962 0.020969 0.017056 0.819332
4 1 0.058030 0.062354 0.016252 0.016272 0.847091
4 1 0.072452 0.080251 0.024804 0.024330 0.798164
4 4 0.089280 0.101102 0.036491 0.032254 0.740873
4 4 0.143743 0.163676 0.079364 0.032617 0.580600
4 4 0.190979 0.209407 0.115102 0.018357 0.466155
4 4 0.236864 0.259132 0.181782 0.013856 0.308365
4 4 0.227805 0.252337 0.174094 0.016878 0.328886
4 4 0.186957 0.212230 0.125796 0.027630 0.447388
4 4 0.103115 0.118036 0.047236 0.036646 0.694966
4 4 0.098310 0.109530 0.040111 0.026413 0.725636
4 4 0.080518 0.086439 0.026312 0.016612 0.790119
4 4 0.093677 0.103446 0.036190 0.023694 0.742994
4 4 0.094438 0.106402 0.039112 0.030314 0.729734
4 4 0.095797 0.110774 0.043589 0.041531 0.708310
4 4 0.097259 0.112755 0.045014 0.042814 0.702158
4 4 0.105641 0.139441 0.074609 0.057027 0.623282
4 4 0.093256 0.181157 0.190422 0.064465 0.470700
2 2 0.065317 0.183763 0.363856 0.084945 0.302121
2 2 0.045163 0.159077 0.469536 0.107708 0.218516
2 2 0.028222 0.113759 0.616198 0.114882 0.126939
2 2 0.029867 0.099765 0.619754 0.144830 0.105784
2 2 0.022478 0.073447 0.680280 0.160510 0.063285
2 2 0.018787 0.060946 0.704568 0.164379 0.051320
2 2 0.016093 0.048116 0.715488 0.180370 0.039933
2 2 0.017921 0.042331 0.677999 0.225752 0.035998
2 3 0.025725 0.031045 0.531852 0.382955 0.028422
3 3 0.040008 0.026239 0.362334 0.544894 0.026525
3 3 0.051070 0.020256 0.239980 0.666472 0.022221
3 3 0.042516 0.012849 0.197594 0.732875 0.014167
3 3 0.039818 0.009324 0.159647 0.780756 0.010454
3 3 0.041895 0.008703 0.142134 0.797336 0.009931
3 3 0.051321 0.009300 0.121429 0.806940 0.011010
3 3 0.053656 0.010127 0.125306 0.798909 0.012002
3 3 0.061355 0.009164 0.097990 0.820192 0.011299
3 3 0.050011 0.006049 0.082128 0.854362 0.007451
3 3 0.039278 0.003945 0.070302 0.881649 0.004825
3 3 0.033671 0.002841 0.059849 0.900157 0.003482
3 3 0.032641 0.002622 0.057073 0.904443 0.003221
3 3 0.032280 0.002377 0.052142 0.910257 0.002944
3 3 0.033732 0.002383 0.049655 0.911250 0.002981
3 3 0.040089 0.002617 0.044681 0.909247 0.003367
3 3 0.041067 0.002528 0.041849 0.911272 0.003283
3 3 0.033552 0.001855 0.038272 0.923936 0.002385
3 3 0.026927 0.001321 0.034514 0.935559 0.001680
3 3 0.030075 0.001789 0.041919 0.923964 0.002253
3 3 0.030729 0.001650 0.037463 0.928052 0.002107
3 3 0.030688 0.001389 0.031170 0.934944 0.001809
3 3 0.034133 0.001417 0.028031 0.934532 0.001887
3 3 0.039095 0.001728 0.029496 0.927361 0.002319
3 3 0.035067 0.001446 0.027725 0.933831 0.001932
3 3 0.026772 0.000862 0.021851 0.949364 0.001151
3 3 0.029534 0.000957 0.021741 0.946479 0.001290
3 3 0.031262 0.001034 0.022096 0.944209 0.001399
3 3 0.033317 0.001326 0.026851 0.936737 0.001769
3 3 0.033143 0.001357 0.027707 0.935990 0.001804
3 3 0.032269 0.001250 0.026166 0.938647 0.001667
3 3 0.034953 0.001341 0.025653 0.936245 0.001807
3 3 0.038509 0.001431 0.024468 0.933637 0.001956
3 3 0.049307 0.002261 0.029744 0.915588 0.003100
3 3 0.066138 0.003710 0.035319 0.889692 0.005140
3 3 0.057643 0.002166 0.023421 0.913675 0.003094
3 3 0.052213 0.001860 0.022422 0.920861 0.002643
3 3 0.047113 0.001615 0.021821 0.927170 0.002280
3 3 0.042706 0.001612 0.024562 0.928894 0.002225
3 3 0.028383 0.000862 0.020341 0.949249 0.001166
3 3 0.030378 0.000849 0.018437 0.949168 0.001169
3 3 0.032421 0.001022 0.020881 0.944278 0.001397
3 3 0.041119 0.001285 0.020072 0.935719 0.001805
3 3 0.049513 0.001627 0.020684 0.925856 0.002320
3 3 0.057006 0.001807 0.019485 0.919071 0.002630
3 3 0.047112 0.001490 0.019979 0.929296 0.002123
3 3 0.041984 0.001367 0.020942 0.933791 0.001916
3 3 0.037522 0.001301 0.022760 0.936630 0.001787
3 3 0.033069 0.001247 0.025332 0.938679 0.001673
3 3 0.039620 0.001604 0.026774 0.929824 0.002178
3 3 0.048904 0.002314 0.030809 0.914814 0.003159
3 3 0.052585 0.002399 0.029314 0.912386 0.003316
3 3 0.047176 0.001815 0.024741 0.923741 0.002528
3 3 0.048427 0.001905 0.025248 0.921767 0.002653
3 3 0.045288 0.002086 0.030242 0.919552 0.002831
3 3 0.045914 0.002328 0.033481 0.915147 0.003130
3 3 0.050011 0.002390 0.031048 0.913283 0.003268
3 3 0.045236 0.001760 0.025187 0.925380 0.002436
3 3 0.044833 0.001845 0.026803 0.923984 0.002534
3 3 0.047418 0.001695 0.022818 0.925686 0.002382
3 3 0.041770 0.001485 0.023077 0.931609 0.002059
3 3 0.048341 0.001448 0.018757 0.929371 0.002082
3 3 0.045585 0.001373 0.019025 0.932056 0.001960
3 3 0.047743 0.001518 0.020047 0.928529 0.002164
3 3 0.077217 0.002806 0.021519 0.894295 0.004162
3 3 0.222031 0.011589 0.036224 0.714690 0.015466
3 3 0.416121 0.022646 0.046396 0.489971 0.024866
0 3 0.495157 0.049020 0.087764 0.324023 0.044035
3 3 0.384038 0.051568 0.124754 0.392624 0.047015
3 3 0.099255 0.016362 0.097706 0.765530 0.021147
3 3 0.061690 0.010155 0.107546 0.808206 0.012403
3 3 0.039585 0.006556 0.115659 0.830593 0.007607
3 3 0.036834 0.005292 0.101650 0.850040 0.006183
3 3 0.038001 0.005076 0.094200 0.856726 0.005997
3 3 0.041131 0.006008 0.101832 0.843936 0.007094
3 3 0.047619 0.005868 0.084285 0.855053 0.007174
3 3 0.045331 0.004927 0.074757 0.868914 0.006071
3 3 0.042453 0.004662 0.076230 0.870959 0.005696
3 3 0.045764 0.004069 0.060735 0.884300 0.005132
3 3 0.075514 0.006980 0.058343 0.849876 0.009286
3 3 0.330364 0.041381 0.133324 0.457551 0.037379
0 3 0.599701 0.086637 0.114568 0.140227 0.058867
0 3 0.565661 0.105258 0.134962 0.122926 0.071193
0 3 0.422980 0.073901 0.186389 0.262929 0.053801
3 3 0.100896 0.021813 0.133162 0.717526 0.026603
3 3 0.054774 0.011207 0.134627 0.786187 0.013205
3 3 0.045448 0.009611 0.142815 0.791078 0.011048
3 3 0.043422 0.008045 0.127091 0.812117 0.009324
3 3 0.036636 0.004704 0.090978 0.862124 0.005558
3 3 0.029702 0.003955 0.096781 0.865014 0.004548
3 3 0.069410 0.025088 0.209705 0.666971 0.028825
3 3 0.041267 0.013581 0.214838 0.715564 0.014749
3 3 0.142431 0.034366 0.180101 0.606417 0.036685
0 3 0.354327 0.177121 0.263653 0.094162 0.110736
0 3 0.581064 0.121206 0.163776 0.071543 0.062411
0 3 0.569246 0.126362 0.165360 0.070318 0.068714
0 3 0.339499 0.091215 0.226141 0.271465 0.071680
3 3 0.070180 0.012143 0.110199 0.792498 0.014979
3 3 0.035238 0.004924 0.099453 0.854644 0.005741
3 3 0.054805 0.007692 0.093910 0.834171 0.009423
3 3 0.130670 0.023403 0.120682 0.697304 0.027941
0 3 0.473364 0.093022 0.191360 0.181011 0.061243
0 3 0.476580 0.107631 0.200980 0.147169 0.067640
3 3 0.275066 0.081243 0.267439 0.312423 0.063829
3 3 0.105184 0.035237 0.193053 0.625525 0.041002
3 3 0.053418 0.017744 0.206376 0.702560 0.019902
3 3 0.047514 0.016407 0.217917 0.700100 0.018061
3 3 0.049709 0.012600 0.165869 0.757444 0.014377
3 3 0.040885 0.006354 0.108271 0.837041 0.007448
3 3 0.035739 0.003200 0.063203 0.893935 0.003923
3 3 0.059334 0.005026 0.055557 0.873517 0.006565
3 3 0.225241 0.024896 0.108073 0.616113 0.025677
0 3 0.577715 0.076195 0.107051 0.182248 0.056790
0 3 0.676892 0.079658 0.101044 0.089220 0.053186
0 3 0.569786 0.135259 0.186145 0.049037 0.059774
0 3 0.615977 0.120514 0.171409 0.043036 0.049063
0 3 0.521138 0.115644 0.211012 0.092635 0.059571
0 3 0.424407 0.090556 0.237029 0.191361 0.056647
3 3 0.256289 0.059780 0.240241 0.394761 0.048929
3 3 0.076725 0.018296 0.145239 0.737646 0.022095
3 3 0.048605 0.009551 0.132117 0.798582 0.011145
3 3 0.040251 0.007088 0.122384 0.822088 0.008188
3 3 0.035420 0.006473 0.128892 0.821873 0.007343
3 3 0.038294 0.007082 0.129045 0.817485 0.008094
3 3 0.039234 0.009255 0.161031 0.780128 0.010353
3 3 0.038927 0.007561 0.134851 0.810047 0.008614
3 3 0.037185 0.005524 0.104901 0.845953 0.006437
3 3 0.040768 0.007357 0.125043 0.818343 0.008489
3 3 0.041689 0.008002 0.132137 0.808974 0.009199
3 3 0.048782 0.015028 0.196662 0.722726 0.016802
3 3 0.046128 0.029753 0.349175 0.544275 0.030668
2 3 0.042331 0.069688 0.529581 0.291196 0.067204
2 2 0.035342 0.095599 0.591649 0.180928 0.096482
2 2 0.050843 0.143798 0.475686 0.142657 0.187016
2 2 0.048631 0.153268 0.462522 0.121360 0.214218
2 2 0.045589 0.149661 0.475104 0.117693 0.211953
2 2 0.037987 0.136090 0.525043 0.114774 0.186106
2 2 0.038530 0.135219 0.517135 0.115497 0.193618
2 2 0.033893 0.130238 0.555481 0.110725 0.169663
2 3 0.033821 0.122813 0.570691 0.121794 0.150881
2 3 0.034109 0.118500 0.578481 0.130536 0.138375
2 3 0.039405 0.117230 0.551524 0.151113 0.140729
2 3 0.029582 0.086770 0.630951 0.173484 0.079213
2 3 0.032922 0.097214 0.606673 0.166428 0.096763
2 3 0.046599 0.142104 0.493483 0.134148 0.183666
2 3 0.056730 0.179089 0.557067 0.051440 0.155674
2 3 0.112938 0.235749 0.514677 0.019493 0.117142
0 3 0.362681 0.245459 0.301631 0.008877 0.081352
0 3 0.459683 0.198009 0.275320 0.011307 0.055681
0 3 0.441908 0.202230 0.279526 0.014838 0.061498
0 3 0.366474 0.235979 0.289122 0.016233 0.092192
0 3 0.364695 0.240801 0.308449 0.010105 0.075950
0 3 0.486842 0.194994 0.270026 0.004424 0.043713
0 3 0.805845 0.073169 0.094025 0.004405 0.022556
0 0 0.809368 0.070835 0.075333 0.007455 0.037009
0 2 0.710832 0.100405 0.135074 0.016564 0.037125
0 1 0.453496 0.198806 0.224241 0.021926 0.101531
4 1 0.254233 0.248937 0.182926 0.019483 0.294421
4 1 0.225308 0.252011 0.176866 0.018979 0.326835
4 1 0.220997 0.246337 0.166358 0.018907 0.347401
4 1 0.218794 0.245265 0.166491 0.020352 0.349098
4 1 0.207718 0.231002 0.143673 0.019976 0.397631
4 1 0.201270 0.224487 0.136125 0.021308 0.416810
4 1 0.209689 0.234046 0.148744 0.020564 0.386959
4 1 0.234880 0.264655 0.204351 0.018661 0.277454
1 1 0.240816 0.270265 0.215769 0.016824 0.256325
1 1 0.241558 0.271718 0.220635 0.016974 0.249115
1 1 0.246025 0.274312 0.223240 0.014883 0.241540
1 1 0.257113 0.265848 0.214164 0.016531 0.246344
0 1 0.483154 0.195827 0.227568 0.012229 0.081221
0 1 0.655797 0.130235 0.134844 0.009886 0.069238
0 0 0.875323 0.045154 0.047213 0.006563 0.025747
0 0 0.873911 0.045265 0.044523 0.006790 0.029511
0 0 0.772754 0.084648 0.100853 0.007647 0.034097
0 0 0.508185 0.180584 0.251468 0.010019 0.049743
2 1 0.298696 0.267127 0.350632 0.008213 0.075333
2 1 0.278079 0.273889 0.365819 0.008078 0.074133
2 1 0.319680 0.254980 0.346344 0.009364 0.069632
0 1 0.372681 0.232211 0.326291 0.009253 0.059563
0 1 0.450055 0.201216 0.290402 0.008972 0.049354
0 1 0.531063 0.172906 0.237424 0.009690 0.048917
0 1 0.488986 0.191096 0.254600 0.009275 0.056043
0 1 0.421583 0.211841 0.309500 0.008066 0.049010
0 1 0.358119 0.240308 0.335186 0.007427 0.058960
2 1 0.344899 0.241976 0.352263 0.006445 0.054416
2 1 0.344742 0.244903 0.349059 0.006280 0.055015
0 1 0.590657 0.144280 0.209660 0.014210 0.041193
0 1 0.619527 0.136108 0.151708 0.019434 0.073222
0 1 0.609144 0.134988 0.176760 0.024015 0.055092
0 1 0.431051 0.212837 0.266137 0.013276 0.076700
2 1 0.329204 0.250396 0.339440 0.010374 0.070586
2 1 0.233566 0.236211 0.478811 0.004831 0.046581
0 1 0.385026 0.231459 0.324362 0.005892 0.053260
0 0 0.616396 0.143894 0.192721 0.006742 0.040248
0 0 0.624559 0.142998 0.166214 0.008857 0.057371
0 0 0.622077 0.129958 0.202260 0.013394 0.032311
0 0 0.440067 0.203142 0.279326 0.014949 0.062517
0 0 0.439160 0.202337 0.284533 0.014705 0.059265
0 0 0.457136 0.195404 0.278978 0.013711 0.054770
0 0 0.416360 0.212763 0.299807 0.012228 0.058841
0 0 0.425272 0.209204 0.296926 0.011881 0.056717
0 0 0.468978 0.192622 0.267168 0.013777 0.057455
0 0 0.456411 0.197131 0.277921 0.012844 0.055693
0 0 0.447892 0.205425 0.269036 0.011877 0.065770
0 0 0.399300 0.227697 0.286652 0.010588 0.075764
0 0 0.355772 0.244974 0.306109 0.010743 0.082402
2 0 0.324016 0.256040 0.328817 0.010495 0.080631
2 0 0.297398 0.268964 0.335022 0.009985 0.088631
2 0 0.306905 0.262906 0.334678 0.010797 0.084713
2 0 0.309217 0.262187 0.330703 0.011128 0.086765
2 0 0.265011 0.280742 0.348024 0.010910 0.095312
2 0 0.248652 0.286655 0.346763 0.012373 0.105557
2 0 0.237431 0.268985 0.327223 0.017108 0.149254
1 0 0.260321 0.288229 0.273415 0.010514 0.167520
0 1 0.315887 0.266296 0.294134 0.010367 0.113316
2 1 0.302269 0.268330 0.323807 0.010364 0.095231
2 1 0.306723 0.265130 0.327670 0.010487 0.089990
2 1 0.290000 0.271938 0.339011 0.009887 0.089164
2 1 0.273770 0.278231 0.351114 0.009329 0.087557
2 1 0.258325 0.282132 0.367632 0.009156 0.082755
2 1 0.252452 0.285528 0.374927 0.007853 0.079239
2 1 0.256472 0.284057 0.377011 0.007143 0.075316
2 1 0.299457 0.264656 0.354404 0.008698 0.072784
0 1 0.374306 0.231099 0.321945 0.010430 0.062220
0 1 0.445309 0.200692 0.283822 0.013382 0.056795
0 0 0.591625 0.141871 0.185151 0.023712 0.057641
0 0 0.657470 0.114698 0.130954 0.029606 0.067272
0 1 0.652200 0.117747 0.139548 0.027834 0.062672
0 1 0.592629 0.145300 0.173912 0.020479 0.067679
0 1 0.398588 0.219472 0.303313 0.013779 0.064848
2 1 0.292541 0.268925 0.312521 0.014218 0.111795
0 1 0.336463 0.244454 0.297869 0.019861 0.101354
0 0 0.514963 0.170177 0.228960 0.023152 0.062748
0 0 0.547751 0.161477 0.224078 0.015673 0.051022
0 0 0.686586 0.114980 0.118632 0.012736 0.067066
0 0 0.691434 0.115535 0.137066 0.009302 0.046663
0 1 0.613601 0.141909 0.193733 0.009287 0.041470
0 1 0.474627 0.189780 0.283854 0.008589 0.043150
0 1 0.525338 0.172416 0.250658 0.008984 0.042604
0 0 0.751644 0.092729 0.116253 0.007006 0.032367
0 0 0.899551 0.033458 0.031935 0.008809 0.026247
0 0 0.926115 0.020172 0.016413 0.011422 0.025878
0 0 0.873601 0.042037 0.035696 0.008661 0.040005
0 1 0.649497 0.130440 0.161201 0.010248 0.048614
0 1 0.407121 0.223431 0.286592 0.010789 0.072067
0 1 0.348568 0.249731 0.309264 0.009558 0.082878
0 1 0.351241 0.248739 0.303050 0.010189 0.086780
0 1 0.348817 0.250052 0.298345 0.010683 0.092103
0 1 0.340267 0.251272 0.308356 0.011366 0.088740
2 1 0.308791 0.264660 0.333677 0.009273 0.083599
2 1 0.310275 0.259451 0.347449 0.009581 0.073243
2 1 0.308721 0.260129 0.353437 0.008519 0.069194
2 1 0.317003 0.258300 0.347407 0.008073 0.069217
0 1 0.363696 0.236521 0.323615 0.010372 0.065796
0 1 0.365202 0.242385 0.309901 0.008698 0.073814
0 0 0.486788 0.197899 0.216366 0.010210 0.088736
0 1 0.456990 0.210293 0.248863 0.008345 0.075509
0 1 0.409613 0.215717 0.303585 0.011849 0.059236
2 1 0.298801 0.264199 0.354488 0.009163 0.073349
2 1 0.290440 0.267362 0.353819 0.010131 0.078248
2 1 0.272103 0.275726 0.361588 0.009623 0.080959
2 1 0.272113 0.275495 0.360181 0.010003 0.082209
2 1 0.256276 0.283773 0.373557 0.007899 0.078494
2 1 0.257950 0.282905 0.372110 0.008110 0.078925
2 1 0.278870 0.274522 0.357183 0.008969 0.080456
2 1 0.281199 0.273121 0.353611 0.009654 0.082414
2 1 0.276814 0.276033 0.351883 0.009570 0.085700
2 1 0.264053 0.279344 0.364390 0.009542 0.082671
2 1 0.254493 0.283896 0.366689 0.009462 0.085461
2 1 0.251499 0.285852 0.370147 0.008711 0.083790
2 1 0.250161 0.285638 0.369137 0.009381 0.085682
2 1 0.249969 0.285636 0.368665 0.009515 0.086215
2 1 0.255246 0.282850 0.364644 0.010170 0.087090
2 1 0.262697 0.279917 0.364614 0.009591 0.083181
2 1 0.271921 0.276340 0.365350 0.008675 0.077715
2 1 0.279265 0.273030 0.362647 0.008755 0.076303
2 1 0.284505 0.270849 0.361241 0.008614 0.074792
2 1 0.282417 0.271583 0.361236 0.008849 0.075915
2 1 0.267272 0.278703 0.369114 0.008129 0.076782
2 1 0.259001 0.282758 0.374679 0.007468 0.076094
2 1 0.254510 0.284465 0.373229 0.008094 0.079701
2 1 0.251885 0.285580 0.373468 0.008220 0.080848
2 1 0.250822 0.285633 0.370779 0.008927 0.083839
2 1 0.267975 0.279155 0.362056 0.008844 0.081970
2 1 0.274084 0.278438 0.351361 0.009085 0.087031
2 1 0.278535 0.280226 0.338190 0.008585 0.094464
2 1 0.277024 0.279684 0.338598 0.009233 0.095461
2 1 0.269977 0.282814 0.334200 0.009884 0.103125
2 1 0.257421 0.287538 0.341489 0.009875 0.103677
2 1 0.259598 0.287304 0.326038 0.010787 0.116274
2 1 0.255972 0.289372 0.325364 0.010581 0.118710
2 1 0.275517 0.281370 0.306385 0.011268 0.125459
2 1 0.284080 0.278524 0.298812 0.011066 0.127517
2 1 0.281641 0.278234 0.308105 0.011484 0.120535
2 1 0.278318 0.279371 0.314903 0.011276 0.116131
2 1 0.256301 0.289417 0.330863 0.010080 0.113339
2 1 0.263073 0.288601 0.305514 0.010181 0.132630
1 1 0.258554 0.288534 0.283427 0.011135 0.158350
1 1 0.252482 0.280628 0.241164 0.013089 0.212637
1 1 0.248337 0.276032 0.226539 0.014049 0.235043
1 1 0.244184 0.269915 0.208006 0.014192 0.263704
0 1 0.273920 0.264027 0.214476 0.014666 0.232911
0 1 0.310558 0.269235 0.275459 0.010465 0.134284
0 1 0.310463 0.281164 0.274572 0.005221 0.128581
0 1 0.531363 0.189027 0.181898 0.005021 0.092691
0 1 0.549860 0.178057 0.182510 0.006614 0.082960
0 1 0.515179 0.178083 0.249128 0.009528 0.048082
0 1 0.348545 0.242759 0.338065 0.008625 0.062005
0 1 0.358149 0.240108 0.328544 0.008958 0.064241
0 1 0.358537 0.240736 0.322123 0.009751 0.068852
0 1 0.322515 0.260952 0.315691 0.009801 0.091041
0 1 0.326022 0.257819 0.318383 0.010308 0.087468
0 1 0.320926 0.261484 0.306014 0.011016 0.100561
0 1 0.340607 0.253509 0.303078 0.010453 0.092352
0 1 0.348452 0.245797 0.314773 0.011314 0.079664
2 1 0.298980 0.263808 0.352154 0.009788 0.075270
2 1 0.274621 0.273777 0.355932 0.010990 0.084680
2 1 0.285852 0.268621 0.351054 0.011395 0.083078
2 1 0.300442 0.262007 0.344781 0.011874 0.080897
2 1 0.316226 0.255992 0.332328 0.012679 0.082774
2 1 0.288135 0.274352 0.302656 0.012446 0.122411
2 1 0.306855 0.265383 0.314397 0.011916 0.101449
2 1 0.298029 0.271017 0.322815 0.010097 0.098042
0 1 0.334016 0.254422 0.316378 0.010203 0.084982
2 1 0.313325 0.265174 0.318444 0.009648 0.093409
0 1 0.349393 0.247921 0.298525 0.011917 0.092244
0 1 0.346478 0.251164 0.293440 0.011204 0.097713
0 1 0.323357 0.258720 0.314570 0.011084 0.092269
2 1 0.281400 0.276126 0.335734 0.010381 0.096358
2 1 0.236092 0.283294 0.371522 0.012651 0.096440
2 1 0.162433 0.259726 0.465594 0.016280 0.095967
2 1 0.086664 0.211068 0.579001 0.026732 0.096536
2 1 0.056386 0.171196 0.693353 0.015653 0.063412
2 2 0.048671 0.162313 0.722796 0.012125 0.054095
2 2 0.061701 0.179031 0.693298 0.010530 0.055440
2 2 0.076271 0.196103 0.655144 0.011066 0.061416
2 2 0.083298 0.203817 0.635073 0.011983 0.065830
2 2 0.068110 0.186545 0.678205 0.010269 0.056872
2 2 0.071240 0.189982 0.671286 0.010099 0.057392
2 2 0.053533 0.167870 0.717726 0.009875 0.050996
2 2 0.039677 0.146856 0.757634 0.010031 0.045802
2 2 0.031983 0.133056 0.782261 0.010210 0.042490
2 2 0.037850 0.144461 0.758953 0.011265 0.047472
2 2 0.046740 0.159491 0.727946 0.012267 0.053555
2 2 0.040441 0.139734 0.761634 0.012342 0.045848
2 2 0.064045 0.177314 0.683923 0.014046 0.060672
2 2 0.149520 0.213845 0.575732 0.008182 0.052721
0 2 0.580350 0.156063 0.220448 0.005855 0.037284
0 0 0.879857 0.044294 0.051907 0.005114 0.018828
0 0 0.900732 0.034672 0.032917 0.006437 0.025242
0 0 0.749014 0.090451 0.079932 0.009757 0.070847
0 1 0.413405 0.208413 0.196502 0.024332 0.157347
4 1 0.157402 0.239995 0.248273 0.042319 0.312012
2 1 0.085137 0.211594 0.428870 0.052420 0.221979
2 2 0.050829 0.175339 0.602916 0.041214 0.129703
2 2 0.027044 0.129716 0.744430 0.028220 0.070590
2 2 0.029018 0.133472 0.741154 0.026875 0.069481
2 2 0.027016 0.129595 0.745505 0.027812 0.070072
2 2 0.026784 0.129260 0.738565 0.032330 0.073060
2 2 0.017843 0.102649 0.783588 0.037047 0.058873
2 2 0.019156 0.094040 0.782139 0.048621 0.056045
2 2 0.021310 0.090977 0.753566 0.072842 0.061305
2 2 0.027712 0.104153 0.717562 0.078938 0.071635
2 2 0.020456 0.085957 0.751613 0.081890 0.060084
2 3 0.014403 0.060559 0.749895 0.126352 0.048791
2 3 0.013573 0.048760 0.748311 0.150064 0.039291
2 3 0.014203 0.041658 0.725458 0.184577 0.034104
2 3 0.023734 0.032891 0.567123 0.346683 0.029569
3 3 0.040102 0.028685 0.383041 0.519428 0.028743
3 3 0.065611 0.021209 0.195345 0.693464 0.024371
3 3 0.050096 0.012421 0.163381 0.759921 0.014181
3 3 0.045115 0.015079 0.218986 0.704453 0.016367
0 3 0.431255 0.087545 0.230173 0.196032 0.054996
0 3 0.698188 0.094860 0.126406 0.036438 0.044108
0 0 0.896700 0.031354 0.030741 0.014498 0.026709
0 0 0.904825 0.032000 0.028846 0.007228 0.027101
0 1 0.866739 0.044108 0.053759 0.013364 0.022031
0 1 0.442423 0.198586 0.221249 0.027487 0.110255
2 1 0.148593 0.241869 0.330958 0.059848 0.218731
2 1 0.025786 0.091713 0.700753 0.109213 0.072535
2 2 0.014729 0.074696 0.795930 0.065451 0.049194
2 2 0.018777 0.095441 0.765357 0.054339 0.066085
2 2 0.027344 0.123704 0.697607 0.054256 0.097089
2 2 0.033164 0.136847 0.643824 0.062357 0.123809
2 2 0.024187 0.100621 0.674957 0.105861 0.094373
2 2 0.015675 0.072121 0.738952 0.113013 0.060239
2 2 0.014387 0.059699 0.749592 0.128204 0.048119
2 2 0.015648 0.051430 0.726759 0.163829 0.042334
2 2 0.016139 0.041543 0.699550 0.208078 0.034690
2 2 0.020642 0.030663 0.592106 0.329597 0.026992
3 2 0.027555 0.024835 0.461113 0.463127 0.023369
3 2 0.032672 0.013409 0.270329 0.669839 0.013751
3 2 0.044341 0.009881 0.150355 0.784155 0.011268
3 2 0.046573 0.007340 0.107781 0.829587 0.008719
3 3 0.049632 0.007608 0.103935 0.829696 0.009129
3 3 0.053948 0.007725 0.096010 0.832891 0.009426
3 3 0.058025 0.010164 0.115304 0.804260 0.012247
3 3 0.049686 0.006100 0.083450 0.853267 0.007496
3 3 0.036994 0.003274 0.062171 0.893527 0.004034
3 3 0.034479 0.002923 0.059962 0.899046 0.003590
3 3 0.042752 0.003789 0.061102 0.887612 0.004745
3 3 0.045407 0.003992 0.060090 0.885474 0.005037
3 3 0.045944 0.003307 0.048651 0.897825 0.004273
3 3 0.040944 0.002236 0.036837 0.917040 0.002943
3 3 0.038696 0.002061 0.036116 0.920424 0.002703
3 3 0.034556 0.001408 0.027422 0.934732 0.001881
3 3 0.040414 0.002212 0.036989 0.917478 0.002907
3 3 0.039739 0.001984 0.033569 0.922079 0.002629
3 3 0.045970 0.002747 0.039934 0.907724 0.003626
3 3 0.047297 0.002696 0.037809 0.908610 0.003588
3 3 0.047907 0.002603 0.035855 0.910146 0.003489
3 3 0.046275 0.002422 0.034615 0.913440 0.003248
3 3 0.040636 0.002050 0.033845 0.920750 0.002720
3 3 0.055001 0.003239 0.038305 0.899086 0.004369
3 3 0.060205 0.003896 0.041769 0.888874 0.005255
3 3 0.060465 0.003563 0.037782 0.893330 0.004859
3 3 0.061597 0.003278 0.033770 0.896824 0.004532
3 3 0.068100 0.004380 0.040658 0.880867 0.005995
3 3 0.063181 0.004009 0.040589 0.886772 0.005449
3 3 0.064320 0.004681 0.046778 0.877944 0.006277
3 3 0.052431 0.002888 0.035917 0.904859 0.003905
3 3 0.041956 0.001787 0.028078 0.925751 0.002427
3 3 0.049598 0.002002 0.025888 0.919724 0.002788
3 3 0.066043 0.002702 0.025144 0.902229 0.003882
3 3 0.085598 0.003378 0.023093 0.882907 0.005024
3 3 0.080262 0.003166 0.023361 0.888538 0.004673
3 3 0.078704 0.003470 0.026451 0.886329 0.005045
3 3 0.059015 0.002452 0.026031 0.909030 0.003471
3 3 0.052384 0.002331 0.028552 0.913502 0.003230
3 3 0.047921 0.002318 0.031646 0.914966 0.003149
3 3 0.050155 0.003028 0.039881 0.902904 0.004031
3 3 0.053023 0.003230 0.039936 0.899488 0.004323
3 3 0.054908 0.003144 0.037191 0.900502 0.004255
3 3 0.049156 0.002306 0.030497 0.914890 0.003152
3 3 0.055166 0.002775 0.032340 0.905905 0.003814
3 3 0.058253 0.003380 0.037372 0.896398 0.004597
3 3 0.048659 0.002241 0.029943 0.916090 0.003067
3 3 0.041497 0.001396 0.021736 0.933425 0.001946
3 3 0.045953 0.001644 0.022943 0.927157 0.002303
3 3 0.048691 0.001506 0.019406 0.928238 0.002159
3 3 0.062100 0.002524 0.025216 0.906556 0.003604
3 3 0.062187 0.002474 0.024626 0.907173 0.003541
3 3 0.065889 0.003117 0.029429 0.897163 0.004402
3 3 0.062251 0.002915 0.029380 0.901359 0.004095
3 3 0.059176 0.003466 0.037667 0.894973 0.004719
3 3 0.067641 0.004144 0.038656 0.883861 0.005699
3 3 0.061329 0.005476 0.058370 0.867687 0.007138
3 3 0.057052 0.006925 0.080772 0.846595 0.008656
3 3 0.071145 0.011233 0.100702 0.802911 0.014010
3 3 0.247844 0.052705 0.232753 0.423440 0.043258
0 3 0.456811 0.185725 0.247362 0.033959 0.076142
0 3 0.465823 0.179901 0.238564 0.038510 0.077202
2 2 0.061696 0.109664 0.618211 0.132947 0.077481
2 2 0.046372 0.136284 0.591171 0.107580 0.118593
2 2 0.035002 0.065209 0.572010 0.266890 0.060890
2 2 0.042640 0.089550 0.548882 0.231086 0.087842
2 2 0.045413 0.123330 0.523102 0.162615 0.145539
4 2 0.074807 0.186841 0.316138 0.098643 0.323571
4 2 0.068732 0.169557 0.239383 0.086092 0.436237
4 2 0.079308 0.147313 0.123708 0.063673 0.585998
4 2 0.081386 0.135567 0.093456 0.055219 0.634371
4 2 0.083837 0.113702 0.054569 0.041896 0.705996
4 2 0.085956 0.129083 0.076015 0.051454 0.657492
4 2 0.087908 0.132113 0.079198 0.053695 0.647086
4 2 0.072683 0.148599 0.141412 0.063974 0.573331
4 2 0.071124 0.140625 0.122494 0.057565 0.608191
4 2 0.069833 0.140826 0.125801 0.057565 0.605975
4 2 0.082336 0.132928 0.087029 0.053540 0.644167
4 2 0.087400 0.140205 0.094915 0.059279 0.618202
4 2 0.096242 0.149345 0.102413 0.067471 0.584529
4 2 0.103651 0.169774 0.135063 0.059522 0.531989
4 2 0.096026 0.164503 0.135168 0.060996 0.543308
4 2 0.083392 0.140699 0.101374 0.059126 0.615410
4 2 0.071054 0.138630 0.117450 0.056101 0.616765
4 2 0.070938 0.115957 0.069972 0.041695 0.701438
4 2 0.073345 0.126319 0.085963 0.048138 0.666236
4 2 0.085735 0.097373 0.034638 0.033406 0.748848
4 1 0.090911 0.104218 0.039063 0.037437 0.728370
4 1 0.078255 0.087653 0.028848 0.028084 0.777160
4 1 0.091036 0.104384 0.039174 0.037538 0.727867
4 1 0.087244 0.099358 0.035891 0.034551 0.742957
4 1 0.100926 0.117763 0.048744 0.046161 0.686405
4 1 0.131240 0.147751 0.065606 0.029141 0.626263
4 1 0.130460 0.145079 0.062327 0.025168 0.636966
4 1 0.112859 0.127876 0.052604 0.032172 0.674489
4 1 0.084491 0.095742 0.033627 0.032481 0.753659
4 1 0.081848 0.099771 0.039034 0.034245 0.745102
4 1 0.085290 0.108150 0.046535 0.038979 0.721046
4 1 0.081523 0.117217 0.061391 0.043646 0.696223
4 1 0.076845 0.133480 0.095552 0.053223 0.640901
4 1 0.066183 0.148374 0.158226 0.063172 0.564045
4 2 0.075930 0.153161 0.147399 0.068206 0.555303
4 2 0.110718 0.146899 0.082866 0.067493 0.592023
4 2 0.149539 0.174599 0.092934 0.043057 0.539871
4 2 0.174224 0.198804 0.112222 0.030750 0.484001
4 2 0.209491 0.235942 0.153984 0.022676 0.377908
4 2 0.189821 0.217213 0.133709 0.029815 0.429442
4 2 0.180459 0.206647 0.121502 0.031265 0.460127
4 2 0.131403 0.151322 0.071083 0.038130 0.608062
4 2 0.077928 0.087233 0.028610 0.027864 0.778365
4 2 0.069708 0.076790 0.023017 0.022661 0.807823
4 2 0.056684 0.060719 0.015555 0.015606 0.851436
4 2 0.096783 0.109337 0.040977 0.031311 0.721593
4 2 0.208415 0.170837 0.084518 0.022319 0.513911
0 2 0.521948 0.172547 0.163891 0.018626 0.122988
0 1 0.498666 0.190570 0.178768 0.011248 0.120748
0 0 0.676858 0.123640 0.109324 0.006758 0.083421
0 0 0.571231 0.157899 0.132898 0.010705 0.127266
0 1 0.518513 0.168977 0.179236 0.027256 0.106019
4 1 0.236469 0.254372 0.194226 0.023540 0.291393
4 1 0.241972 0.233066 0.159212 0.023764 0.341986
4 1 0.238078 0.239731 0.171084 0.025483 0.325623
4 1 0.217749 0.242410 0.165741 0.022931 0.351169
4 1 0.200433 0.224402 0.136976 0.022307 0.415882
4 1 0.183010 0.206604 0.118235 0.026376 0.465774
4 1 0.177797 0.200477 0.111481 0.026515 0.483731
4 1 0.181888 0.201499 0.109008 0.021345 0.486260
4 1 0.189649 0.212313 0.122677 0.023378 0.451984
4 1 0.195588 0.221308 0.135843 0.025652 0.421609
4 1 0.202027 0.230171 0.149306 0.026749 0.391748
4 1 0.183864 0.209039 0.122521 0.028464 0.456112
4 1 0.168352 0.184830 0.091758 0.020014 0.535045
4 1 0.136548 0.149759 0.064099 0.021104 0.628491
4 1 0.144006 0.158151 0.070298 0.021192 0.606354
4 1 0.153713 0.169375 0.079356 0.021646 0.575910
4 1 0.173696 0.172823 0.082269 0.019937 0.551275
4 1 0.228028 0.203308 0.117627 0.022779 0.428258
0 1 0.397147 0.223924 0.202471 0.015040 0.161418
0 1 0.390810 0.240927 0.215560 0.007183 0.145519
0 0 0.696091 0.118286 0.101350 0.004948 0.079326
0 0 0.472046 0.174682 0.112186 0.008875 0.232210
0 1 0.377930 0.187605 0.139257 0.034919 0.260289
4 1 0.087551 0.099762 0.036149 0.034786 0.741751
4 1 0.064048 0.069735 0.019575 0.019425 0.827217
4 1 0.070947 0.078349 0.023814 0.023406 0.803484
4 1 0.079921 0.089346 0.029591 0.027450 0.773692
4 1 0.100037 0.113757 0.044074 0.033877 0.708253
4 1 0.096225 0.108729 0.040641 0.031394 0.723010
4 4 0.092275 0.104631 0.038546 0.032775 0.731773
4 4 0.072302 0.080061 0.024704 0.024237 0.798695
4 4 0.073472 0.081544 0.025488 0.024968 0.794528
4 4 0.075364 0.083951 0.026787 0.026175 0.787723
4 4 0.088589 0.101134 0.037033 0.035592 0.737652
4 4 0.099833 0.116264 0.047609 0.045144 0.691150
4 4 0.099187 0.115381 0.046947 0.044551 0.693934
4 4 0.143238 0.168251 0.087997 0.045225 0.555288
4 4 0.173673 0.200232 0.115992 0.034614 0.475489
4 4 0.218415 0.245835 0.168728 0.021275 0.345747
4 4 0.192251 0.216447 0.128730 0.024638 0.437934
4 4 0.178183 0.200038 0.110145 0.025190 0.486443
4 4 0.103884 0.119554 0.048657 0.039066 0.688839
4 4 0.113054 0.128586 0.053429 0.033679 0.671253
4 4 0.127868 0.146104 0.066148 0.034952 0.624928
4 4 0.173023 0.196191 0.108231 0.028734 0.493821
4 4 0.179971 0.202836 0.113847 0.026176 0.477171
4 4 0.168731 0.189411 0.099686 0.025937 0.516235
4 4 0.125951 0.139786 0.058486 0.024712 0.651065
4 4 0.078335 0.086007 0.027105 0.021934 0.786619
4 4 0.070505 0.077793 0.023528 0.023139 0.805035
4 4 0.073078 0.081043 0.025222 0.024720 0.795937
4 4 0.072074 0.079772 0.024553 0.024096 0.799505
4 4 0.068401 0.075151 0.022194 0.021890 0.812364
4 4 0.076845 0.085844 0.027831 0.027143 0.782338
4 4 0.072580 0.080412 0.024889 0.024409 0.797710
4 4 0.080808 0.090948 0.030748 0.029837 0.767660
4 4 0.092281 0.106047 0.040296 0.038556 0.722820
4 1 0.088317 0.143369 0.100200 0.061745 0.606368
4 1 0.080676 0.167054 0.182051 0.082470 0.487749
4 2 0.065456 0.177222 0.300475 0.078663 0.378184
2 2 0.057084 0.178297 0.388769 0.068130 0.307720
4 2 0.065645 0.182329 0.326720 0.065000 0.360306
2 2 0.060370 0.178699 0.359392 0.076859 0.324681
2 2 0.067183 0.184708 0.340787 0.073790 0.333531
4 2 0.055952 0.170209 0.332033 0.080221 0.361585
4 2 0.066200 0.182185 0.331196 0.077170 0.343249
2 2 0.054933 0.180777 0.460722 0.058042 0.245526
2 2 0.056466 0.180972 0.426572 0.060174 0.275816
2 2 0.048494 0.171881 0.459384 0.061633 0.258608
2 2 0.050256 0.171561 0.427691 0.072683 0.277809
2 2 0.052278 0.169978 0.393985 0.092646 0.291113
2 2 0.052419 0.169456 0.396521 0.100692 0.280912
2 2 0.050249 0.171363 0.445963 0.080810 0.251615
2 2 0.056900 0.175533 0.372302 0.078923 0.316342
4 2 0.060918 0.177885 0.339460 0.070929 0.350808
2 2 0.049831 0.167169 0.373028 0.073118 0.336855
2 2 0.047648 0.167705 0.420004 0.071791 0.292852
4 2 0.061445 0.175713 0.321851 0.077764 0.363227
2 2 0.055086 0.179522 0.431320 0.060042 0.274031
2 2 0.076060 0.202986 0.406630 0.047861 0.266463
2 2 0.076404 0.207328 0.530337 0.031932 0.153999
2 2 0.071809 0.198753 0.584557 0.032629 0.112252
2 2 0.095793 0.220520 0.555986 0.023603 0.104098
2 2 0.056302 0.169371 0.695402 0.016414 0.062511
2 2 0.185145 0.268198 0.448359 0.011788 0.086509
2 2 0.304048 0.259130 0.337367 0.014036 0.085420
2 2 0.300169 0.272614 0.304332 0.010165 0.112721
2 2 0.278022 0.271984 0.339278 0.013756 0.096961
1 2 0.238063 0.272827 0.233870 0.020550 0.234691
4 2 0.183269 0.209648 0.124662 0.030562 0.451860
4 2 0.157977 0.180808 0.095102 0.033470 0.532642
4 2 0.140962 0.162509 0.080225 0.037934 0.578370
4 2 0.141152 0.164244 0.083125 0.042235 0.569244
4 1 0.108721 0.181965 0.158147 0.061981 0.489187
2 1 0.062921 0.180378 0.355553 0.084777 0.316371
2 1 0.040226 0.142098 0.552259 0.097510 0.167907
2 2 0.033431 0.136613 0.627075 0.069136 0.133745
2 2 0.035264 0.151164 0.645816 0.043592 0.124164
2 2 0.040319 0.160693 0.626266 0.040072 0.132650
2 2 0.051286 0.177804 0.575373 0.041390 0.154147
2 2 0.044427 0.167027 0.620365 0.037764 0.130417
2 2 0.033819 0.147204 0.676102 0.037665 0.105210
2 2 0.032883 0.144709 0.681194 0.040071 0.101143
2 2 0.034776 0.148760 0.640141 0.054781 0.121543
2 2 0.032033 0.143383 0.659764 0.051669 0.113151
2 2 0.033013 0.145888 0.659680 0.046630 0.114789
2 2 0.027451 0.132049 0.698765 0.045884 0.095851
2 2 0.021864 0.104047 0.760924 0.048879 0.064285
2 2 0.014991 0.080364 0.799276 0.054829 0.050540
2 2 0.014235 0.079394 0.804196 0.052576 0.049599
2 2 0.017307 0.096912 0.772728 0.051135 0.061918
2 2 0.022904 0.121630 0.729365 0.043855 0.082247
2 2 0.029776 0.139657 0.674639 0.044995 0.110933
2 2 0.033665 0.148413 0.633461 0.050650 0.133811
2 2 0.022321 0.122204 0.706728 0.049707 0.099039
2 2 0.017872 0.101401 0.746132 0.057245 0.077349
2 2 0.018306 0.090087 0.734728 0.087259 0.069620
2 2 0.020373 0.080265 0.767359 0.078655 0.053348
2 2 0.087096 0.168267 0.582507 0.064237 0.097894
0 2 0.350129 0.226596 0.283108 0.035581 0.104586
0 2 0.582231 0.143032 0.181781 0.028651 0.064306
0 2 0.822382 0.061528 0.100356 0.004014 0.011721
0 2 0.892881 0.041815 0.050862 0.001741 0.012701
0 0 0.973034 0.009874 0.008975 0.001345 0.006773
0 0 0.905656 0.031495 0.020704 0.002572 0.039574
0 0 0.765504 0.085487 0.094182 0.010788 0.044039
0 0 0.371104 0.231295 0.222226 0.019261 0.156115
4 0 0.205163 0.236379 0.161774 0.029547 0.367136
4 0 0.189813 0.220519 0.142057 0.035140 0.412472
4 0 0.195668 0.224511 0.143728 0.029851 0.406242
4 0 0.197519 0.224093 0.140060 0.026171 0.412156
4 0 0.199307 0.225166 0.140301 0.024770 0.410456
4 1 0.199514 0.225614 0.141133 0.025002 0.408737
4 1 0.191762 0.218146 0.133331 0.027699 0.429062
4 1 0.200009 0.228824 0.148684 0.028278 0.394204
4 1 0.204150 0.234261 0.157298 0.028505 0.375786
4 1 0.216701 0.249565 0.183378 0.027105 0.323251
4 1 0.204616 0.236870 0.164134 0.031133 0.363247
4 1 0.173173 0.243317 0.224384 0.033734 0.325391
4 1 0.171140 0.240949 0.219528 0.034219 0.334165
4 1 0.181111 0.252301 0.244866 0.032078 0.289643
4 1 0.190957 0.253227 0.231000 0.031578 0.293238
4 1 0.207816 0.254129 0.209040 0.029949 0.299067
4 1 0.220001 0.257563 0.205062 0.028596 0.288779
2 1 0.203887 0.270314 0.287975 0.026059 0.211765
2 1 0.212686 0.277932 0.331929 0.021132 0.156320
2 1 0.232566 0.283057 0.344599 0.017220 0.122557
2 1 0.247023 0.286364 0.331320 0.014651 0.120643
2 1 0.250426 0.287517 0.322443 0.013430 0.126184
2 1 0.250489 0.287344 0.313709 0.013932 0.134525
2 1 0.248972 0.286852 0.316001 0.014631 0.133544
2 1 0.248147 0.286766 0.331036 0.014035 0.120015
2 1 0.247366 0.286261 0.346119 0.013120 0.107135
2 1 0.253899 0.288395 0.308565 0.012463 0.136677
1 1 0.236755 0.271387 0.229771 0.020994 0.241092
4 1 0.186882 0.212468 0.126435 0.028111 0.446105
4 1 0.101944 0.117165 0.047032 0.038488 0.695371
4 1 0.084465 0.095709 0.033607 0.032462 0.753757
4 1 0.075646 0.084310 0.026984 0.026357 0.786703
4 1 0.076396 0.085269 0.027512 0.026847 0.783976
4 4 0.067577 0.074121 0.021684 0.021411 0.815206
4 4 0.058042 0.062368 0.016258 0.016278 0.847055
4 4 0.044334 0.046029 0.009895 0.010140 0.889602
4 4 0.042213 0.043562 0.009052 0.009314 0.895859
4 4 0.044774 0.046543 0.010074 0.010315 0.888294
4 4 0.049349 0.051928 0.012036 0.012222 0.874464
4 4 0.063687 0.069289 0.019366 0.019227 0.828431
4 4 0.072406 0.080193 0.024773 0.024302 0.798327
4 4 0.081214 0.091475 0.031058 0.030122 0.766131
4 4 0.065430 0.071447 0.020386 0.020190 0.822547
4 4 0.067882 0.074503 0.021872 0.021588 0.814155
4 4 0.072661 0.080515 0.024943 0.024460 0.797421
4 4 0.077834 0.087113 0.028542 0.027801 0.778711
4 4 0.086742 0.098696 0.035470 0.034167 0.744925
4 4 0.117845 0.137051 0.061612 0.043693 0.639799
4 4 0.098861 0.114935 0.046616 0.044254 0.695334
4 4 0.102801 0.120346 0.050742 0.047946 0.678166
4 4 0.078173 0.087549 0.028789 0.028029 0.777461
4 4 0.076090 0.084878 0.027295 0.026647 0.785091
4 4 0.057084 0.061205 0.015760 0.015803 0.850147
4 4 0.052034 0.055123 0.013269 0.013414 0.866160
4 4 0.051730 0.054760 0.013126 0.013276 0.867107
4 4 0.096813 0.112150 0.044576 0.042420 0.704040
4 4 0.115802 0.138728 0.066571 0.061931 0.616969
4 4 0.053878 0.057334 0.014153 0.014264 0.860372
4 4 0.061771 0.066928 0.018278 0.018198 0.834825
4 4 0.057106 0.061231 0.015771 0.015814 0.850078
4 4 0.065717 0.071804 0.020557 0.020351 0.821571
4 4 0.056639 0.060665 0.015532 0.015584 0.851580
4 4 0.062721 0.068097 0.018813 0.018705 0.831664
4 4 0.060608 0.065501 0.017634 0.017587 0.838670
4 4 0.068462 0.075227 0.022232 0.021925 0.812154
4 4 0.067491 0.074014 0.021631 0.021362 0.815501
4 4 0.076607 0.085539 0.027662 0.026986 0.783206
4 4 0.066697 0.073024 0.021146 0.020906 0.818227
4 4 0.057884 0.062175 0.016175 0.016199 0.847567
4 4 0.052985 0.056262 0.013721 0.013849 0.863182
4 4 0.057407 0.061596 0.015927 0.015962 0.849107
4 4 0.064020 0.069700 0.019558 0.019409 0.827313
4 4 0.076375 0.085242 0.027497 0.026833 0.784053
4 4 0.086248 0.098046 0.035060 0.033792 0.746853
4 4 0.093169 0.107236 0.041111 0.039293 0.719190
4 4 0.090043 0.103062 0.038295 0.036740 0.731860
4 4 0.086560 0.098456 0.035319 0.034028 0.745636
4 4 0.073908 0.082097 0.025784 0.025243 0.792969
4 4 0.072449 0.080247 0.024802 0.024328 0.798173
4 4 0.050456 0.053242 0.012537 0.012707 0.871058
4 4 0.048700 0.051159 0.011747 0.011942 0.876452
4 4 0.044119 0.045778 0.009808 0.010054 0.890241
4 4 0.049712 0.052358 0.012199 0.012380 0.873352
4 4 0.057385 0.061569 0.015916 0.015951 0.849178
4 4 0.056700 0.060739 0.015563 0.015614 0.851385
4 4 0.056985 0.061084 0.015709 0.015754 0.850467
4 4 0.054109 0.057611 0.014266 0.014372 0.859643
4 4 0.057418 0.061609 0.015933 0.015968 0.849073
4 4 0.060080 0.064853 0.017346 0.017313 0.840408
4 4 0.068501 0.075276 0.022256 0.021948 0.812018
4 4 0.082397 0.093010 0.031970 0.030960 0.761663
4 4 0.093565 0.106034 0.039303 0.032548 0.728550
4 4 0.090084 0.103117 0.038331 0.036773 0.731695
4 4 0.088882 0.101523 0.037285 0.035821 0.736488
4 4 0.085765 0.097412 0.034663 0.033429 0.748731
4 4 0.078079 0.087368 0.028658 0.027734 0.778162
4 4 0.076878 0.085887 0.027855 0.027165 0.782215
4 4 0.079288 0.087881 0.028445 0.024676 0.779710
4 4 0.084963 0.096051 0.033654 0.031567 0.753765
4 4 0.081771 0.092197 0.031485 0.030515 0.764031
4 4 0.142698 0.162143 0.077814 0.031881 0.585464
4 4 0.198867 0.224031 0.138107 0.024061 0.414934
0 4 0.429613 0.187653 0.146410 0.023969 0.212356
0 0 0.599950 0.137554 0.121495 0.020278 0.120723
0 0 0.581658 0.156349 0.170642 0.013325 0.078026
0 0 0.428007 0.211201 0.285081 0.012084 0.063626
2 0 0.251521 0.287377 0.350103 0.010653 0.100345
2 0 0.250367 0.287470 0.336883 0.012374 0.112906
2 0 0.249380 0.287178 0.325129 0.013804 0.124509
2 0 0.249148 0.286793 0.312181 0.014751 0.137127
1 1 0.244853 0.283056 0.282763 0.018285 0.171043
2 1 0.201824 0.275751 0.343276 0.020366 0.158783
2 1 0.179602 0.266977 0.338430 0.025158 0.189832
2 1 0.117190 0.239538 0.449943 0.028279 0.165050
2 1 0.074407 0.204647 0.558030 0.028456 0.134459
2 1 0.050795 0.174509 0.630583 0.032648 0.111464
2 1 0.048471 0.169864 0.652878 0.030201 0.098585
2 1 0.050265 0.173014 0.643815 0.029939 0.102967
2 2 0.044904 0.158969 0.715020 0.018045 0.063063
2 2 0.074318 0.197453 0.630015 0.019404 0.078810
2 2 0.269104 0.261812 0.316804 0.018826 0.133455
2 2 0.216996 0.255508 0.386997 0.021706 0.118794
2 2 0.218071 0.260482 0.384055 0.024095 0.113297
2 2 0.134235 0.247432 0.445482 0.031027 0.141823
2 2 0.090119 0.215784 0.512601 0.044009 0.137487
2 2 0.028553 0.125980 0.721120 0.047888 0.076457
2 2 0.014339 0.084367 0.809196 0.042547 0.049550
2 2 0.010577 0.066638 0.847391 0.038333 0.037061
2 2 0.010245 0.066189 0.859232 0.030528 0.033806
2 2 0.013290 0.081683 0.838870 0.026349 0.039807
2 2 0.022821 0.118383 0.774960 0.025334 0.058501
2 2 0.026076 0.125649 0.761873 0.025921 0.060481
2 2 0.030285 0.135513 0.737015 0.028369 0.068818
2 2 0.023287 0.119633 0.766931 0.029096 0.061053
2 2 0.020272 0.111183 0.785500 0.027335 0.055711
2 2 0.017695 0.101148 0.809248 0.023991 0.047916
2 2 0.015845 0.090590 0.827960 0.023667 0.041937
2 2 0.014508 0.085159 0.840890 0.021521 0.037921
2 2 0.013959 0.081165 0.843629 0.023917 0.037329
2 2 0.017140 0.093191 0.825053 0.022698 0.041919
2 2 0.017675 0.089807 0.820944 0.028497 0.043077
2 2 0.019859 0.094363 0.807911 0.031416 0.046451
2 2 0.017455 0.080998 0.803261 0.051064 0.047222
2 2 0.019541 0.082416 0.769540 0.073807 0.054697
2 2 0.012962 0.059884 0.792417 0.091796 0.042941
2 2 0.010164 0.046998 0.800674 0.107165 0.034998
2 2 0.012200 0.047971 0.765037 0.136785 0.038007
2 2 0.014661 0.051188 0.738268 0.154199 0.041684
2 2 0.021950 0.056544 0.666288 0.206106 0.049111
2 3 0.018246 0.048465 0.690141 0.202056 0.041092
2 3 0.020796 0.043089 0.646853 0.251801 0.037461
2 3 0.026708 0.032739 0.531329 0.379100 0.030123
