0 0 0.344811 0.172287 0.176817 0.167629 0.138456
0 0 0.344811 0.172287 0.176817 0.167629 0.138456
0 0 0.344811 0.172287 0.176817 0.167629 0.138456
0 0 0.344811 0.172287 0.176817 0.167629 0.138456
0 0 0.344811 0.172287 0.176817 0.167629 0.138456
0 0 0.344811 0.172287 0.176817 0.167629 0.138456
0 0 0.344811 0.172287 0.176817 0.167629 0.138456
0 0 0.344811 0.172287 0.176817 0.167629 0.138456
0 0 0.344811 0.172287 0.176817 0.167629 0.138456
0 0 0.344811 0.172287 0.176817 0.167629 0.138456
0 0 0.344811 0.172287 0.176817 0.167629 0.138456
0 0 0.344811 0.172287 0.176817 0.167629 0.138456
0 0 0.344811 0.172287 0.176817 0.167629 0.138456
0 0 0.344811 0.172287 0.176817 0.167629 0.138456
0 0 0.343306 0.172729 0.177571 0.165955 0.140439
0 0 0.344811 0.172287 0.176817 0.167629 0.138456
0 0 0.344811 0.172287 0.176817 0.167629 0.138456
0 0 0.344811 0.172287 0.176817 0.167629 0.138456
0 0 0.344811 0.172287 0.176817 0.167629 0.138456
0 0 0.344811 0.172287 0.176817 0.167629 0.138456
0 0 0.344811 0.172287 0.176817 0.167629 0.138456
0 0 0.344811 0.172287 0.176817 0.167629 0.138456
0 0 0.344811 0.172287 0.176817 0.167629 0.138456
0 0 0.344811 0.172287 0.176817 0.167629 0.138456
0 0 0.344811 0.172287 0.176817 0.167629 0.138456
0 0 0.344811 0.172287 0.176817 0.167629 0.138456
0 0 0.344811 0.172287 0.176817 0.167629 0.138456
0 0 0.344811 0.172287 0.176817 0.167629 0.138456
0 0 0.344811 0.172287 0.176817 0.167629 0.138456
0 0 0.344811 0.172287 0.176817 0.167629 0.138456
0 0 0.344811 0.172287 0.176817 0.167629 0.138456
0 0 0.344811 0.172287 0.176817 0.167629 0.138456
0 0 0.344811 0.172287 0.176817 0.167629 0.138456
0 0 0.344811 0.172287 0.176817 0.167629 0.138456
0 0 0.344811 0.172287 0.176817 0.167629 0.138456
0 0 0.344811 0.172287 0.176817 0.167629 0.138456
0 0 0.344811 0.172287 0.176817 0.167629 0.138456
0 0 0.344811 0.172287 0.176817 0.167629 0.138456
0 0 0.344811 0.172287 0.176817 0.167629 0.138456
0 0 0.344811 0.172287 0.176817 0.167629 0.138456
0 0 0.344811 0.172287 0.176817 0.167629 0.138456
0 0 0.344811 0.172287 0.176817 0.167629 0.138456
0 0 0.344811 0.172287 0.176817 0.167629 0.138456
0 0 0.344811 0.172287 0.176817 0.167629 0.138456
0 0 0.344811 0.172287 0.176817 0.167629 0.138456
0 0 0.344811 0.172287 0.176817 0.167629 0.138456
0 0 0.344811 0.172287 0.176817 0.167629 0.138456
0 0 0.344811 0.172287 0.176817 0.167629 0.138456
0 0 0.344811 0.172287 0.176817 0.167629 0.138456
0 0 0.344811 0.172287 0.176817 0.167629 0.138456
0 0 0.344811 0.172287 0.176817 0.167629 0.138456
0 0 0.344811 0.172287 0.176817 0.167629 0.138456
0 0 0.344811 0.172287 0.176817 0.167629 0.138456
0 0 0.344811 0.172287 0.176817 0.167629 0.138456
0 0 0.344811 0.172287 0.176817 0.167629 0.138456
0 0 0.344811 0.172287 0.176817 0.167629 0.138456
0 0 0.344811 0.172287 0.176817 0.167629 0.138456
0 0 0.344811 0.172287 0.176817 0.167629 0.138456
0 0 0.344811 0.172287 0.176817 0.167629 0.138456
0 0 0.344811 0.172287 0.176817 0.167629 0.138456
0 0 0.344811 0.172287 0.176817 0.167629 0.138456
0 0 0.344811 0.172287 0.176817 0.167629 0.138456
0 0 0.344811 0.172287 0.176817 0.167629 0.138456
0 0 0.344811 0.172287 0.176817 0.167629 0.138456
0 0 0.344811 0.172287 0.176817 0.167629 0.138456
0 0 0.344811 0.172287 0.176817 0.167629 0.138456
0 0 0.344811 0.172287 0.176817 0.167629 0.138456
0 0 0.344811 0.172287 0.176817 0.167629 0.138456
0 0 0.344811 0.172287 0.176817 0.167629 0.138456
0 0 0.344811 0.172287 0.176817 0.167629 0.138456
0 0 0.344811 0.172287 0.176817 0.167629 0.138456
0 0 0.344811 0.172287 0.176817 0.167629 0.138456
0 0 0.344811 0.172287 0.176817 0.167629 0.138456
0 0 0.344811 0.172287 0.176817 0.167629 0.138456
0 0 0.344811 0.172287 0.176817 0.167629 0.138456
0 0 0.344811 0.172287 0.176817 0.167629 0.138456
0 0 0.344811 0.172287 0.176817 0.167629 0.138456
0 0 0.344811 0.172287 0.176817 0.167629 0.138456
0 0 0.344811 0.172287 0.176817 0.167629 0.138456
0 0 0.344811 0.172287 0.176817 0.167629 0.138456
0 0 0.344811 0.172287 0.176817 0.167629 0.138456
0 0 0.344811 0.172287 0.176817 0.167629 0.138456
0 1 0.344811 0.172287 0.176817 0.167629 0.138456
0 1 0.344811 0.172287 0.176817 0.167629 0.138456
4 0 0.233339 0.180264 0.205720 0.079496 0.301181
4 1 0.227094 0.179474 0.205955 0.075947 0.311531
4 4 0.247413 0.181601 0.204678 0.087885 0.278424
0 4 0.264492 0.182388 0.202463 0.098861 0.251795
0 4 0.263960 0.182378 0.202548 0.098505 0.252609
4 4 0.246721 0.181550 0.204746 0.087459 0.279525
4 4 0.206951 0.176095 0.205747 0.065162 0.346046
4 4 0.175621 0.168261 0.202358 0.050195 0.403564
4 4 0.140914 0.155621 0.193748 0.035867 0.473851
4 4 0.146514 0.157966 0.195519 0.038030 0.461970
4 4 0.157303 0.162142 0.198502 0.042356 0.439696
4 4 0.139055 0.154816 0.193125 0.035161 0.477843
4 4 0.115817 0.202502 0.269484 0.030269 0.381928
4 4 0.122353 0.183182 0.238730 0.031247 0.424489
4 4 0.132213 0.205690 0.267177 0.036612 0.358308
4 4 0.163235 0.164254 0.199913 0.044825 0.427773
4 4 0.195988 0.173718 0.204998 0.059688 0.365608
4 4 0.165706 0.165096 0.200453 0.045873 0.422872
4 4 0.116324 0.142402 0.181599 0.029888 0.529787
4 4 0.114812 0.142958 0.183260 0.026498 0.532471
4 4 0.134117 0.152607 0.191382 0.033315 0.488580
4 4 0.137697 0.154218 0.192658 0.034649 0.480778
4 4 0.131563 0.150704 0.189205 0.034022 0.494505
4 4 0.117157 0.140490 0.177941 0.035818 0.528595
4 4 0.129999 0.148155 0.185530 0.037861 0.498456
4 4 0.118295 0.141112 0.178507 0.036223 0.525863
4 4 0.143153 0.156574 0.194475 0.036725 0.469074
4 4 0.143835 0.156860 0.194691 0.036988 0.467625
4 4 0.110771 0.221016 0.299069 0.029816 0.339329
4 4 0.125076 0.166036 0.213131 0.031084 0.464673
4 4 0.131205 0.151256 0.190293 0.032246 0.494999
4 4 0.138262 0.152505 0.189551 0.039715 0.479966
4 4 0.163791 0.164445 0.200037 0.045060 0.426667
4 4 0.195908 0.173699 0.204991 0.059649 0.365754
4 4 0.144931 0.156962 0.194443 0.038282 0.465382
4 4 0.162613 0.162296 0.196921 0.049453 0.428717
4 4 0.135663 0.146838 0.181109 0.051847 0.484543
4 4 0.057409 0.094329 0.128264 0.022407 0.697592
4 4 0.103614 0.132419 0.170249 0.031528 0.562190
4 4 0.112362 0.137209 0.174453 0.035640 0.540337
4 4 0.112731 0.137312 0.174464 0.036054 0.539439
4 4 0.147465 0.158352 0.195805 0.038403 0.459975
4 4 0.179471 0.169399 0.202986 0.051925 0.396219
4 4 0.179498 0.169406 0.202990 0.051937 0.396168
4 4 0.147580 0.158398 0.195839 0.038448 0.459735
4 4 0.139432 0.160153 0.200470 0.035663 0.464282
4 4 0.122831 0.175076 0.226871 0.030884 0.444338
4 4 0.126027 0.147784 0.186561 0.032559 0.507069
4 4 0.136611 0.153581 0.192017 0.034600 0.483191
4 4 0.149507 0.169514 0.210668 0.040050 0.430261
4 4 0.123565 0.226560 0.300752 0.035186 0.313936
2 0 0.098217 0.279997 0.393208 0.030720 0.197858
2 1 0.070595 0.305110 0.455864 0.022293 0.146138
2 2 0.065593 0.300845 0.455905 0.019787 0.157870
2 2 0.068985 0.293690 0.441143 0.020365 0.175816
2 2 0.072076 0.281664 0.419560 0.020423 0.206278
2 2 0.067975 0.296806 0.446978 0.020289 0.167952
2 1 0.067509 0.291086 0.451887 0.020478 0.169040
2 1 0.058735 0.291321 0.505619 0.020184 0.124141
2 1 0.053492 0.250856 0.558616 0.021581 0.115454
2 1 0.042883 0.224257 0.620391 0.019849 0.092620
2 1 0.036451 0.195313 0.665044 0.018878 0.084314
2 1 0.028824 0.160828 0.718499 0.017138 0.074710
2 1 0.022634 0.149799 0.753497 0.014334 0.059736
2 2 0.024147 0.154589 0.749997 0.015680 0.055587
2 2 0.024823 0.153703 0.757046 0.017449 0.046979
2 2 0.025051 0.148043 0.757392 0.017536 0.051979
2 2 0.017368 0.122853 0.801590 0.013090 0.045098
2 2 0.013442 0.109311 0.822231 0.010130 0.044887
2 2 0.012342 0.099100 0.842999 0.010695 0.034864
2 2 0.009584 0.083345 0.876673 0.010599 0.019799
2 2 0.008899 0.078165 0.885219 0.010584 0.017132
2 2 0.012098 0.102870 0.851852 0.012136 0.021044
2 2 0.016805 0.132776 0.803699 0.013112 0.033608
2 2 0.020960 0.142884 0.784792 0.016465 0.034898
2 2 0.013480 0.096287 0.857255 0.016005 0.016973
2 2 0.005378 0.045180 0.927793 0.015541 0.006108
2 2 0.004033 0.033722 0.940089 0.017139 0.005017
2 2 0.004081 0.033658 0.936902 0.020384 0.004975
2 2 0.003239 0.031679 0.942384 0.018725 0.003972
2 2 0.003053 0.029663 0.941623 0.021907 0.003754
2 2 0.001877 0.022340 0.950090 0.023056 0.002638
2 2 0.001853 0.021516 0.928592 0.044736 0.003303
2 3 0.001821 0.019195 0.916496 0.058833 0.003655
2 3 0.002548 0.021076 0.874438 0.096350 0.005589
2 3 0.003850 0.024130 0.811127 0.152498 0.008396
2 3 0.005008 0.029795 0.814241 0.141900 0.009057
2 3 0.007381 0.033071 0.669046 0.275803 0.014700
2 3 0.006758 0.029465 0.696772 0.253602 0.013404
2 3 0.013450 0.041188 0.623960 0.300875 0.020528
2 3 0.016482 0.056683 0.694403 0.212653 0.019778
2 3 0.018171 0.058132 0.589909 0.308978 0.024810
2 3 0.014418 0.051078 0.502273 0.408741 0.023489
3 3 0.015013 0.038966 0.291249 0.626561 0.028211
3 3 0.014659 0.031753 0.220154 0.707792 0.025642
3 3 0.018981 0.037591 0.207266 0.706267 0.029895
3 3 0.018142 0.036119 0.225702 0.689552 0.030485
3 3 0.023923 0.043502 0.271733 0.627414 0.033428
3 3 0.027142 0.046400 0.249441 0.637308 0.039710
3 3 0.030097 0.049856 0.333081 0.549906 0.037061
2 3 0.033032 0.071453 0.499070 0.365235 0.031210
2 3 0.029927 0.066653 0.466125 0.407296 0.029999
3 3 0.041013 0.068081 0.333308 0.520077 0.037521
3 3 0.026819 0.047328 0.326021 0.568196 0.031637
3 3 0.022590 0.042601 0.243048 0.661155 0.030606
3 3 0.013121 0.029499 0.221637 0.711603 0.024140
3 3 0.008319 0.021566 0.219411 0.730968 0.019736
3 3 0.012728 0.028711 0.293264 0.641955 0.023343
3 3 0.018914 0.041160 0.302912 0.607874 0.029140
3 3 0.022233 0.043203 0.215643 0.688200 0.030721
3 3 0.040670 0.063178 0.189626 0.666432 0.040095
3 3 0.024793 0.045361 0.168933 0.728464 0.032451
3 3 0.031710 0.053996 0.194224 0.685487 0.034583
3 3 0.047628 0.068605 0.193095 0.643191 0.047481
3 3 0.066835 0.083475 0.225814 0.564557 0.059320
3 3 0.030620 0.050631 0.188958 0.688139 0.041652
3 3 0.023087 0.042918 0.208974 0.692458 0.032563
3 3 0.024513 0.044449 0.206596 0.690096 0.034345
3 3 0.022231 0.041807 0.200869 0.702887 0.032206
3 3 0.028281 0.050219 0.261008 0.629398 0.031094
3 3 0.053174 0.074638 0.255192 0.572249 0.044747
3 3 0.044347 0.065614 0.237943 0.607605 0.044490
3 3 0.014949 0.031702 0.147589 0.778184 0.027576
3 3 0.016681 0.033480 0.142467 0.775482 0.031890
3 3 0.018877 0.036339 0.116408 0.795321 0.033055
3 3 0.026124 0.045570 0.152044 0.737919 0.038343
3 3 0.028090 0.048480 0.192122 0.693896 0.037411
3 3 0.039556 0.061866 0.206238 0.646254 0.046086
3 3 0.017242 0.034966 0.194441 0.723619 0.029732
3 3 0.019052 0.037548 0.178492 0.734372 0.030535
3 3 0.022786 0.042392 0.171210 0.730625 0.032987
3 3 0.067253 0.085873 0.233926 0.560299 0.052649
3 3 0.160431 0.135556 0.310524 0.317017 0.076473
2 2 0.145487 0.172321 0.402567 0.207632 0.071993
2 3 0.037618 0.130211 0.742083 0.063784 0.026305
2 3 0.016472 0.078874 0.846167 0.044148 0.014339
2 2 0.012207 0.062310 0.873730 0.038089 0.013665
2 2 0.011126 0.056147 0.881364 0.040289 0.011073
2 2 0.017234 0.074108 0.844029 0.047087 0.017541
2 2 0.073232 0.130229 0.632295 0.109914 0.054330
2 2 0.072905 0.145284 0.633718 0.100865 0.047228
2 2 0.022267 0.085221 0.810861 0.063282 0.018368
2 2 0.006223 0.043705 0.908609 0.034876 0.006586
2 2 0.003026 0.027327 0.943059 0.022735 0.003853
2 2 0.005338 0.037921 0.922054 0.028588 0.006099
2 2 0.006954 0.047045 0.906525 0.032185 0.007291
2 2 0.004146 0.032629 0.931475 0.026791 0.004959
2 2 0.003987 0.030426 0.931054 0.029693 0.004840
2 2 0.007458 0.035592 0.891910 0.056650 0.008389
2 3 0.011072 0.044440 0.852773 0.080556 0.011158
2 2 0.007736 0.041363 0.877511 0.064810 0.008580
2 2 0.004319 0.032195 0.925602 0.032795 0.005089
2 2 0.003888 0.029899 0.930312 0.030956 0.004945
2 3 0.006738 0.039223 0.905016 0.041477 0.007547
2 2 0.019352 0.078086 0.845383 0.033717 0.023462
2 3 0.013255 0.066824 0.836618 0.070069 0.013233
2 3 0.009420 0.042252 0.737390 0.193913 0.017025
2 2 0.016906 0.068194 0.848451 0.050834 0.015616
2 2 0.039544 0.097575 0.737042 0.095388 0.030450
2 2 0.054221 0.147577 0.693807 0.068014 0.036380
2 2 0.025130 0.099029 0.810880 0.044442 0.020519
2 2 0.007819 0.047704 0.905317 0.030823 0.008337
2 3 0.002960 0.024598 0.940218 0.028332 0.003892
2 2 0.004080 0.028407 0.925802 0.036716 0.004996
2 2 0.007801 0.041333 0.893643 0.048851 0.008373
2 2 0.006606 0.042717 0.889575 0.053632 0.007470
2 2 0.010211 0.057499 0.873906 0.048748 0.009636
2 2 0.007682 0.047709 0.893862 0.042957 0.007790
2 2 0.005103 0.037828 0.913395 0.037792 0.005882
2 2 0.002572 0.023668 0.933688 0.036171 0.003901
2 2 0.002650 0.021916 0.902662 0.067621 0.005151
2 2 0.003528 0.023457 0.895277 0.072054 0.005684
2 2 0.007050 0.032691 0.822008 0.128182 0.010068
2 2 0.008517 0.040963 0.826166 0.113175 0.011179
2 3 0.005429 0.033031 0.872998 0.080391 0.008152
2 3 0.003397 0.026605 0.899845 0.064243 0.005910
2 3 0.005572 0.034189 0.890004 0.062794 0.007441
2 3 0.007244 0.043369 0.891237 0.050688 0.007461
2 3 0.022245 0.080759 0.816181 0.061867 0.018947
2 0 0.178685 0.187640 0.413382 0.125863 0.094431
0 2 0.284394 0.219490 0.240183 0.140398 0.115534
2 2 0.161392 0.292084 0.368650 0.070634 0.107240
2 2 0.086557 0.228853 0.562084 0.054382 0.068124
2 2 0.012823 0.059642 0.868527 0.046208 0.012799
2 2 0.008648 0.044692 0.899386 0.037872 0.009402
2 2 0.005611 0.036348 0.914341 0.037343 0.006357
2 2 0.003604 0.027591 0.930102 0.033966 0.004737
2 2 0.006029 0.036062 0.908548 0.042556 0.006805
2 3 0.011512 0.051378 0.861413 0.064468 0.011229
2 2 0.017582 0.069069 0.828413 0.069484 0.015451
2 2 0.009005 0.052341 0.890812 0.038789 0.009052
2 2 0.004647 0.034126 0.926237 0.029532 0.005457
2 3 0.004187 0.030985 0.930140 0.029611 0.005077
2 2 0.003359 0.026634 0.928200 0.036812 0.004995
2 3 0.002735 0.024698 0.930063 0.037963 0.004542
2 2 0.004153 0.032222 0.893616 0.063352 0.006657
2 3 0.007236 0.044231 0.858367 0.079866 0.010299
2 3 0.007811 0.041246 0.830525 0.109046 0.011371
2 2 0.003948 0.026353 0.857758 0.104461 0.007481
2 3 0.003152 0.022510 0.892557 0.076227 0.005554
2 2 0.010621 0.046103 0.865437 0.067083 0.010756
2 0 0.097957 0.151531 0.577818 0.110933 0.061760
2 2 0.128329 0.238589 0.484057 0.084487 0.064538
2 2 0.053433 0.171485 0.677936 0.064019 0.033126
2 2 0.012909 0.071235 0.857890 0.046566 0.011400
2 2 0.009487 0.051027 0.878558 0.051590 0.009338
2 2 0.005573 0.037186 0.908220 0.042630 0.006391
2 2 0.006021 0.034423 0.891383 0.060420 0.007752
2 2 0.008762 0.040975 0.872466 0.067906 0.009891
2 2 0.009046 0.039404 0.805394 0.132499 0.013657
2 2 0.006753 0.033078 0.805050 0.143895 0.011225
2 2 0.007942 0.035927 0.792028 0.151442 0.012660
2 2 0.004339 0.027792 0.851578 0.108379 0.007912
2 2 0.006246 0.031847 0.811035 0.140238 0.010633
2 2 0.006137 0.032876 0.831805 0.119630 0.009552
2 2 0.005682 0.034665 0.843090 0.107864 0.008699
2 2 0.004652 0.032175 0.885227 0.071266 0.006681
2 3 0.006579 0.034634 0.877279 0.073187 0.008321
2 2 0.018068 0.059417 0.770177 0.133761 0.018577
2 3 0.011477 0.049842 0.742447 0.180601 0.015634
2 3 0.006828 0.038089 0.793105 0.150668 0.011310
2 3 0.010510 0.047423 0.795867 0.133389 0.012811
2 3 0.018522 0.055076 0.587312 0.315720 0.023370
2 3 0.018852 0.054652 0.528332 0.372307 0.025856
2 0 0.018917 0.057806 0.696550 0.206264 0.020462
2 3 0.027153 0.095259 0.769764 0.087284 0.020540
2 2 0.019213 0.082849 0.816130 0.066155 0.015652
2 2 0.011795 0.059957 0.859795 0.057604 0.010849
2 2 0.018515 0.064943 0.821817 0.078122 0.016604
2 2 0.027461 0.084050 0.765946 0.100858 0.021685
2 3 0.010615 0.052822 0.816465 0.108084 0.012014
2 3 0.008867 0.040863 0.786790 0.150874 0.012606
2 3 0.016569 0.051454 0.715299 0.196098 0.020579
2 2 0.013178 0.047126 0.758538 0.164713 0.016445
2 2 0.009436 0.046954 0.841397 0.091052 0.011160
2 2 0.009801 0.050137 0.860346 0.068942 0.010774
2 3 0.011161 0.061038 0.843360 0.073110 0.011332
2 3 0.021799 0.076627 0.765713 0.116428 0.019432
2 0 0.097128 0.136943 0.554471 0.150750 0.060707
2 2 0.246368 0.221922 0.291394 0.132726 0.107590
2 2 0.084415 0.193436 0.600524 0.066561 0.055064
2 2 0.019441 0.081920 0.830544 0.051500 0.016595
2 2 0.011571 0.054323 0.869414 0.053391 0.011301
2 2 0.008209 0.046573 0.855941 0.078798 0.010479
2 2 0.004063 0.026985 0.819934 0.141136 0.007882
2 2 0.003511 0.024195 0.859559 0.106062 0.006673
2 2 0.002476 0.019677 0.855724 0.116248 0.005874
2 2 0.002710 0.023412 0.924250 0.045582 0.004046
2 2 0.005549 0.037974 0.919576 0.030587 0.006314
2 2 0.010748 0.060574 0.887210 0.030840 0.010628
2 2 0.009634 0.059697 0.891697 0.029470 0.009503
2 2 0.019013 0.079067 0.842814 0.041895 0.017211
2 2 0.030520 0.127272 0.780010 0.031463 0.030734
2 2 0.033847 0.168895 0.721125 0.023420 0.052713
2 2 0.054079 0.239425 0.600057 0.027023 0.079416
2 1 0.061139 0.272456 0.556294 0.027442 0.082669
2 1 0.039086 0.218478 0.654370 0.020518 0.067547
2 1 0.038200 0.224555 0.669223 0.022693 0.045329
2 0 0.051200 0.232765 0.631570 0.030112 0.054353
2 1 0.087703 0.267412 0.512592 0.042379 0.089915
2 0 0.112535 0.283302 0.387342 0.037759 0.179062
2 4 0.112808 0.255113 0.347540 0.033844 0.250696
4 4 0.110797 0.209156 0.281597 0.028950 0.369499
4 4 0.117956 0.188266 0.247813 0.030052 0.415913
4 4 0.144715 0.187101 0.236521 0.039759 0.391904
4 4 0.160203 0.197754 0.246339 0.047119 0.348585
2 4 0.129227 0.237759 0.313976 0.038719 0.280320
2 4 0.101901 0.264731 0.368510 0.030418 0.234441
2 0 0.095876 0.283235 0.399679 0.030139 0.191070
2 0 0.064435 0.300744 0.492896 0.022371 0.119553
2 0 0.066670 0.300932 0.454664 0.020217 0.157517
2 0 0.084479 0.272764 0.394031 0.024311 0.224415
2 1 0.110686 0.243624 0.332202 0.031754 0.281735
2 1 0.101903 0.264824 0.368643 0.030429 0.234201
2 1 0.081159 0.254918 0.369884 0.021641 0.272397
2 1 0.049730 0.237718 0.570239 0.020134 0.122180
2 2 0.015704 0.066905 0.842331 0.053048 0.022012
2 2 0.025422 0.125976 0.773865 0.020016 0.054721
2 2 0.011715 0.081505 0.871209 0.017133 0.018438
2 2 0.009362 0.073651 0.887874 0.014997 0.014116
2 2 0.008919 0.067966 0.894908 0.015637 0.012571
2 2 0.008344 0.063009 0.903617 0.013056 0.011975
2 2 0.008831 0.064786 0.898517 0.012813 0.015052
2 2 0.011131 0.074534 0.880326 0.014184 0.019825
2 2 0.011343 0.072954 0.880110 0.017209 0.018384
2 2 0.010275 0.073462 0.885177 0.015244 0.015842
2 2 0.014781 0.104890 0.845624 0.016598 0.018107
2 2 0.012765 0.099061 0.855036 0.013895 0.019243
2 2 0.015371 0.101877 0.844781 0.017405 0.020566
2 2 0.010569 0.076975 0.879901 0.016838 0.015717
2 2 0.008798 0.066839 0.893092 0.018378 0.012892
2 2 0.007279 0.057533 0.907296 0.018161 0.009730
2 2 0.007900 0.056946 0.902738 0.023699 0.008718
2 2 0.006203 0.045238 0.916464 0.025355 0.006740
2 2 0.007758 0.049258 0.894092 0.041091 0.007802
2 2 0.009727 0.055636 0.880609 0.044636 0.009391
2 2 0.012959 0.073613 0.866755 0.034988 0.011686
2 2 0.016169 0.092600 0.847787 0.029811 0.013634
2 2 0.009488 0.066891 0.891076 0.023465 0.009079
2 2 0.007877 0.056325 0.907037 0.020605 0.008156
2 2 0.007270 0.046493 0.913555 0.024672 0.008010
2 2 0.008777 0.049673 0.899392 0.032917 0.009242
2 2 0.009844 0.053803 0.886944 0.039305 0.010103
2 2 0.011009 0.054068 0.876434 0.047603 0.010885
2 2 0.009400 0.053151 0.884247 0.043936 0.009267
2 2 0.007615 0.051589 0.904514 0.028426 0.007856
2 0 0.011862 0.078324 0.877056 0.020500 0.012258
2 1 0.015724 0.106165 0.842202 0.017941 0.017968
2 2 0.017542 0.104451 0.835366 0.019190 0.023451
2 2 0.026463 0.114185 0.800008 0.033902 0.025441
2 2 0.022431 0.096393 0.820438 0.042304 0.018435
2 2 0.007742 0.052087 0.901887 0.030389 0.007894
2 2 0.003506 0.032621 0.939707 0.019913 0.004253
2 2 0.005006 0.040596 0.923258 0.025587 0.005553
2 2 0.003651 0.033437 0.938024 0.020501 0.004386
2 2 0.006247 0.048688 0.916065 0.022076 0.006924
2 2 0.005858 0.051208 0.920301 0.015408 0.007225
2 2 0.007246 0.058888 0.909788 0.013347 0.010731
2 2 0.005984 0.046231 0.924089 0.013918 0.009778
2 2 0.006529 0.044421 0.918349 0.022029 0.008672
2 2 0.008276 0.046423 0.904763 0.031541 0.008996
2 2 0.006290 0.038841 0.917169 0.030483 0.007217
2 2 0.004634 0.034251 0.927110 0.028550 0.005455
2 2 0.004294 0.030147 0.922815 0.037618 0.005126
2 3 0.004877 0.031615 0.902765 0.054810 0.005933
2 2 0.013873 0.051398 0.816963 0.104960 0.012806
2 2 0.016394 0.074304 0.814284 0.081654 0.013365
2 2 0.012610 0.062608 0.850428 0.063062 0.011292
2 2 0.005575 0.040115 0.905208 0.042911 0.006191
2 2 0.003687 0.029388 0.919690 0.042444 0.004792
2 2 0.003381 0.024892 0.918502 0.048138 0.005087
2 2 0.002979 0.024371 0.917796 0.049990 0.004864
2 2 0.004876 0.033592 0.912755 0.043269 0.005508
2 2 0.005788 0.033771 0.864903 0.087166 0.008372
2 3 0.007830 0.038730 0.817093 0.124938 0.011409
2 3 0.015672 0.055319 0.778008 0.135058 0.015943
2 2 0.014722 0.060409 0.805398 0.106433 0.013038
2 2 0.008188 0.042591 0.836050 0.102644 0.010527
2 3 0.004969 0.035756 0.868955 0.082699 0.007621
2 3 0.004732 0.033194 0.875649 0.079175 0.007250
2 3 0.006603 0.039053 0.864116 0.081713 0.008514
2 3 0.006972 0.038045 0.848146 0.097382 0.009455
2 3 0.004831 0.032007 0.845740 0.109546 0.007875
2 3 0.005466 0.033104 0.783939 0.167786 0.009705
2 3 0.008060 0.043134 0.815922 0.122212 0.010672
2 3 0.008753 0.046087 0.811848 0.122163 0.011149
2 3 0.006829 0.038639 0.847018 0.098496 0.009018
2 3 0.005413 0.034027 0.879948 0.073682 0.006930
2 3 0.008243 0.040996 0.831979 0.108149 0.010633
2 3 0.008504 0.041283 0.765210 0.172251 0.012751
2 3 0.012470 0.048196 0.661947 0.258059 0.019328
2 3 0.012892 0.050925 0.671774 0.243432 0.020976
2 3 0.010519 0.043905 0.728922 0.200024 0.016631
2 3 0.011222 0.040840 0.695527 0.236187 0.016224
2 3 0.010834 0.044103 0.666655 0.262558 0.015850
2 3 0.019400 0.053418 0.601227 0.302694 0.023261
2 3 0.039588 0.073845 0.475032 0.371488 0.040048
2 3 0.024828 0.053718 0.473381 0.418153 0.029919
3 3 0.020644 0.045432 0.380136 0.524022 0.029766
3 3 0.018750 0.044516 0.353570 0.555265 0.027900
3 3 0.013154 0.031536 0.246131 0.685707 0.023472
3 3 0.015663 0.041207 0.348300 0.569861 0.024969
3 3 0.037044 0.063193 0.420124 0.443326 0.036313
2 3 0.016839 0.047919 0.502351 0.408919 0.023972
2 3 0.014756 0.047637 0.567451 0.344522 0.025635
2 3 0.015017 0.042666 0.551242 0.366752 0.024323
2 3 0.026386 0.058704 0.556381 0.329489 0.029040
2 3 0.038067 0.084493 0.660522 0.187137 0.029780
2 3 0.021267 0.089528 0.805517 0.066858 0.016830
2 3 0.010823 0.059756 0.870214 0.049121 0.010087
2 3 0.008760 0.048382 0.888375 0.045564 0.008919
2 3 0.009661 0.050076 0.855026 0.074536 0.010701
2 3 0.014171 0.054369 0.778780 0.137157 0.015522
2 3 0.006036 0.030829 0.718158 0.232738 0.012239
2 3 0.005119 0.025957 0.679141 0.278334 0.011448
2 3 0.004665 0.023856 0.623627 0.336371 0.011480
2 3 0.012016 0.038637 0.593215 0.336005 0.020126
2 3 0.023969 0.058980 0.561313 0.327470 0.028267
2 3 0.023713 0.057982 0.581168 0.311469 0.025669
2 3 0.018063 0.050867 0.597394 0.310958 0.022718
2 3 0.028178 0.059372 0.510034 0.370229 0.032186
3 3 0.050619 0.071659 0.378048 0.451439 0.048235
3 3 0.039852 0.059905 0.330829 0.527398 0.042016
3 3 0.043274 0.063252 0.315113 0.533973 0.044388
3 3 0.055211 0.074147 0.318124 0.504293 0.048225
3 3 0.072057 0.089035 0.236079 0.546966 0.055863
3 3 0.037965 0.059184 0.225325 0.635263 0.042263
3 3 0.011335 0.026750 0.196606 0.742860 0.022449
3 3 0.011849 0.027867 0.193448 0.745113 0.021723
3 3 0.026102 0.046420 0.243682 0.649354 0.034443
3 3 0.022872 0.042267 0.172753 0.728149 0.033959
3 3 0.012295 0.027763 0.139060 0.795954 0.024928
3 3 0.011862 0.027047 0.137356 0.799056 0.024679
3 3 0.021617 0.040487 0.172796 0.731165 0.033934
2 3 0.075464 0.130076 0.550749 0.198980 0.044731
2 3 0.044387 0.108762 0.442396 0.361264 0.043190
2 3 0.019467 0.045998 0.463520 0.441521 0.029494
2 3 0.056067 0.110748 0.624021 0.170768 0.038396
3 3 0.033864 0.057000 0.267879 0.603476 0.037782
3 3 0.038657 0.059791 0.213035 0.645281 0.043236
3 3 0.020794 0.040100 0.156511 0.752071 0.030523
3 3 0.032451 0.053738 0.222977 0.652668 0.038165
3 3 0.027845 0.048788 0.181502 0.706753 0.035113
3 3 0.047070 0.068961 0.253408 0.585775 0.044787
2 0 0.193969 0.169770 0.284395 0.268130 0.083736
0 0 0.344811 0.172287 0.176817 0.167629 0.138456
0 2 0.344811 0.172287 0.176817 0.167629 0.138456
2 2 0.126162 0.327414 0.428469 0.065010 0.052945
2 3 0.081458 0.262730 0.555312 0.060164 0.040335
2 3 0.009026 0.042176 0.820817 0.116582 0.011399
2 3 0.006334 0.036622 0.797118 0.149169 0.010757
2 2 0.008505 0.042570 0.784826 0.150256 0.013843
2 2 0.006089 0.038311 0.873309 0.073687 0.008604
2 4 0.009122 0.057405 0.892351 0.032123 0.008998
2 4 0.030670 0.144469 0.757917 0.025644 0.041301
2 4 0.055537 0.224407 0.593601 0.026986 0.099468
2 4 0.054213 0.221582 0.584408 0.024786 0.115011
2 4 0.069032 0.218384 0.522870 0.029068 0.160647
2 4 0.105159 0.236448 0.467510 0.047809 0.143075
2 4 0.071118 0.241756 0.547925 0.033591 0.105610
2 4 0.128264 0.270087 0.359417 0.043034 0.199198
4 4 0.197398 0.174045 0.205120 0.060377 0.363061
4 4 0.194770 0.173430 0.204886 0.059096 0.367818
4 4 0.167308 0.165631 0.200790 0.046559 0.419712
4 4 0.156275 0.167848 0.206558 0.042469 0.426850
4 4 0.139777 0.176917 0.223840 0.037039 0.422427
4 4 0.139302 0.168332 0.211947 0.036209 0.444210
4 4 0.121757 0.191982 0.251675 0.031641 0.402945
4 4 0.129712 0.191492 0.247906 0.034481 0.396409
4 4 0.117564 0.201984 0.267953 0.030857 0.381641
4 4 0.125442 0.183490 0.238026 0.032353 0.420689
4 4 0.119662 0.203933 0.269867 0.031760 0.374778
4 4 0.143196 0.184295 0.233090 0.038928 0.400492
4 4 0.148719 0.172957 0.215650 0.040045 0.422629
4 4 0.141167 0.155730 0.193831 0.035963 0.473309
4 4 0.125566 0.148538 0.188051 0.030217 0.507627
4 4 0.161704 0.163721 0.199564 0.044182 0.430828
4 0 0.139371 0.202900 0.260497 0.039146 0.358085
2 4 0.158730 0.252992 0.321422 0.055250 0.211607
2 4 0.094029 0.296863 0.443359 0.034582 0.131167
2 4 0.076784 0.304317 0.447617 0.024796 0.146486
2 4 0.075807 0.280677 0.414139 0.021733 0.207645
2 4 0.070068 0.284323 0.425815 0.019907 0.199886
2 4 0.064863 0.293266 0.445559 0.018763 0.177549
2 4 0.068687 0.235852 0.477667 0.024131 0.193663
2 4 0.062365 0.211666 0.560701 0.028553 0.136716
2 4 0.036590 0.186077 0.659990 0.018505 0.098838
2 4 0.050712 0.219757 0.599645 0.023749 0.106138
2 4 0.092695 0.280276 0.398038 0.028409 0.200582
2 4 0.109496 0.246209 0.336665 0.031537 0.276093
4 4 0.122447 0.179952 0.234036 0.031066 0.432499
4 4 0.130246 0.150804 0.189924 0.031897 0.497129
4 4 0.148038 0.158582 0.195974 0.038628 0.458778
4 4 0.154791 0.161209 0.197857 0.041330 0.444813
4 4 0.158239 0.162484 0.198736 0.042741 0.437801
4 4 0.141407 0.155833 0.193910 0.036055 0.472795
4 4 0.119750 0.184816 0.242090 0.030449 0.422894
4 4 0.125646 0.178946 0.231431 0.032113 0.431864
4 4 0.106808 0.216900 0.295073 0.028075 0.353144
4 4 0.104780 0.230052 0.315698 0.028317 0.321152
2 4 0.091635 0.237013 0.334456 0.024096 0.312799
2 4 0.090375 0.239634 0.339323 0.023832 0.306835
2 4 0.097569 0.232512 0.323732 0.025887 0.320301
4 4 0.106075 0.209830 0.284960 0.027334 0.371801
4 4 0.112621 0.218534 0.294477 0.030303 0.344065
2 4 0.104898 0.233674 0.320993 0.028648 0.311786
2 4 0.094436 0.250268 0.352468 0.026107 0.276721
2 4 0.083781 0.252167 0.363472 0.022375 0.278205
2 4 0.084337 0.242549 0.348273 0.021920 0.302922
2 4 0.085190 0.247680 0.355475 0.022559 0.289095
2 4 0.090182 0.268240 0.382478 0.026090 0.233010
2 0 0.084330 0.290340 0.419977 0.026144 0.179209
2 0 0.078244 0.312090 0.456709 0.026667 0.126290
2 0 0.075458 0.311583 0.459173 0.025320 0.128465
2 0 0.082167 0.291545 0.423803 0.025392 0.177093
2 0 0.091069 0.267264 0.380320 0.026342 0.235004
2 0 0.105997 0.232731 0.318957 0.028980 0.313335
4 1 0.103763 0.222753 0.305434 0.027404 0.340646
4 1 0.107307 0.200996 0.271228 0.027193 0.393277
4 1 0.104252 0.207281 0.282104 0.026538 0.379824
4 1 0.105230 0.212187 0.288905 0.027194 0.366484
4 0 0.106270 0.211744 0.287703 0.027529 0.366754
4 1 0.120444 0.187365 0.245513 0.030860 0.415818
4 1 0.142439 0.175539 0.221088 0.037912 0.423022
4 0 0.159311 0.186705 0.231513 0.045509 0.376963
4 0 0.169081 0.219841 0.273355 0.054189 0.283535
2 0 0.179463 0.224717 0.276381 0.060240 0.259198
2 0 0.158034 0.250625 0.318595 0.054366 0.218381
2 0 0.144334 0.255708 0.331555 0.048346 0.220057
4 0 0.195694 0.202633 0.242741 0.064278 0.294654
4 0 0.229925 0.179847 0.205866 0.077543 0.306819
4 0 0.218200 0.178138 0.206047 0.071064 0.326552
4 0 0.245655 0.181468 0.204847 0.086807 0.281223
0 0 0.260716 0.182294 0.203043 0.096354 0.257593
4 0 0.229435 0.179784 0.205883 0.077265 0.307633
0 0 0.260775 0.182296 0.203034 0.096392 0.257503
0 0 0.344811 0.172287 0.176817 0.167629 0.138456
0 0 0.344811 0.172287 0.176817 0.167629 0.138456
0 0 0.344811 0.172287 0.176817 0.167629 0.138456
0 0 0.344811 0.172287 0.176817 0.167629 0.138456
0 0 0.344811 0.172287 0.176817 0.167629 0.138456
0 0 0.344811 0.172287 0.176817 0.167629 0.138456
0 0 0.344811 0.172287 0.176817 0.167629 0.138456
0 0 0.294737 0.181447 0.195929 0.120850 0.207038
0 0 0.336458 0.174593 0.180841 0.158597 0.149511
0 0 0.298272 0.181131 0.194938 0.123670 0.201989
0 0 0.344811 0.172287 0.176817 0.167629 0.138456
0 0 0.343303 0.172730 0.177572 0.165951 0.140443
0 0 0.344811 0.172287 0.176817 0.167629 0.138456
0 0 0.327864 0.176606 0.184598 0.149910 0.161023
0 0 0.344811 0.172287 0.176817 0.167629 0.138456
0 0 0.344811 0.172287 0.176817 0.167629 0.138456
0 0 0.344811 0.172287 0.176817 0.167629 0.138456
0 0 0.344811 0.172287 0.176817 0.167629 0.138456
0 0 0.344811 0.172287 0.176817 0.167629 0.138456
0 0 0.296937 0.192058 0.207535 0.129280 0.174190
4 0 0.217816 0.178075 0.206044 0.070857 0.327208
4 0 0.173018 0.167463 0.201899 0.049042 0.408577
4 1 0.209027 0.176502 0.205837 0.066229 0.342405
4 1 0.176355 0.168482 0.202482 0.050523 0.402158
4 0 0.143894 0.156884 0.194710 0.037011 0.467501
4 1 0.165833 0.165139 0.200481 0.045927 0.422619
4 1 0.164426 0.164663 0.200177 0.045329 0.425406
4 1 0.179260 0.189732 0.230089 0.054395 0.346524
4 1 0.147495 0.213624 0.272471 0.043606 0.322804
2 1 0.096645 0.281566 0.396684 0.030249 0.194857
2 2 0.084690 0.290673 0.420115 0.026336 0.178185
2 1 0.085405 0.284752 0.410878 0.025922 0.193044
2 1 0.111561 0.245251 0.334055 0.032264 0.276869
4 1 0.127539 0.224984 0.296644 0.036616 0.314217
4 1 0.152033 0.190857 0.239412 0.042995 0.374703
4 1 0.140393 0.206374 0.264998 0.039894 0.348342
4 1 0.128437 0.218985 0.287687 0.036378 0.328513
4 1 0.115357 0.228405 0.307494 0.032154 0.316589
2 1 0.114038 0.260687 0.354750 0.035045 0.235479
2 2 0.108619 0.272835 0.375469 0.034298 0.208779
2 2 0.093348 0.298212 0.422803 0.031262 0.154375
2 2 0.060977 0.249498 0.548420 0.025706 0.115399
2 2 0.054970 0.226323 0.575797 0.024395 0.118514
2 2 0.080790 0.287510 0.438148 0.026103 0.167449
2 1 0.091943 0.282520 0.401902 0.028368 0.195268
2 1 0.101178 0.262974 0.366465 0.029930 0.239453
2 1 0.108933 0.252600 0.346286 0.031968 0.260214
2 1 0.105362 0.267138 0.369584 0.032142 0.225773
2 1 0.087259 0.294247 0.422802 0.027909 0.167784
2 2 0.040377 0.201794 0.661201 0.022119 0.074508
2 2 0.025249 0.142650 0.768877 0.019522 0.043703
2 2 0.030408 0.162292 0.735891 0.021412 0.049997
2 2 0.043024 0.212247 0.646252 0.022849 0.075628
2 2 0.041725 0.217959 0.641976 0.021244 0.077096
2 2 0.035121 0.207108 0.673387 0.018909 0.065475
2 2 0.031243 0.189919 0.700960 0.018098 0.059780
2 1 0.054183 0.275826 0.545191 0.020958 0.103842
2 1 0.075146 0.289228 0.427592 0.022303 0.185732
2 1 0.089776 0.277344 0.396218 0.026869 0.209793
2 1 0.089753 0.266238 0.379853 0.025733 0.238423
2 2 0.075961 0.291626 0.430258 0.022879 0.179277
2 2 0.034399 0.218684 0.672340 0.018634 0.055943
2 2 0.032740 0.177281 0.722811 0.022987 0.044181
2 0 0.091222 0.319611 0.462236 0.036788 0.090143
2 1 0.070514 0.336223 0.495956 0.028462 0.068845
2 2 0.067298 0.323192 0.484740 0.023663 0.101107
2 2 0.070114 0.286539 0.477000 0.024012 0.142335
2 2 0.037278 0.190032 0.657020 0.018783 0.096886
2 2 0.024132 0.142800 0.762920 0.017033 0.053115
2 2 0.018495 0.117929 0.809893 0.015724 0.037958
2 2 0.022224 0.124677 0.797846 0.019804 0.035448
2 2 0.017076 0.108248 0.828968 0.016646 0.029062
2 2 0.020157 0.128115 0.800906 0.017323 0.033500
2 2 0.023850 0.142677 0.775250 0.018774 0.039449
2 2 0.030531 0.161489 0.736565 0.021657 0.049758
2 2 0.038629 0.199619 0.665118 0.020920 0.075714
2 2 0.050544 0.235278 0.586628 0.022253 0.105297
2 2 0.036315 0.198172 0.672005 0.019582 0.073926
2 2 0.017382 0.120036 0.817320 0.015593 0.029669
2 2 0.012144 0.089488 0.864227 0.013757 0.020384
2 2 0.011036 0.082229 0.876985 0.014158 0.015592
2 2 0.014554 0.103638 0.842243 0.014634 0.024932
2 2 0.021248 0.138585 0.786223 0.016808 0.037137
2 1 0.033818 0.187491 0.694968 0.019827 0.063896
2 1 0.052687 0.225937 0.608938 0.026708 0.085729
2 1 0.082341 0.267283 0.483078 0.032457 0.134841
2 2 0.057252 0.213386 0.614613 0.031797 0.082952
2 0 0.063356 0.201072 0.602711 0.035733 0.097128
2 0 0.129157 0.266099 0.409562 0.053897 0.141286
2 1 0.086145 0.295792 0.499379 0.039494 0.079189
2 2 0.053736 0.227659 0.634618 0.033737 0.050250
2 2 0.022809 0.120926 0.807621 0.023978 0.024666
2 2 0.012617 0.070079 0.876494 0.027003 0.013807
2 2 0.008747 0.054943 0.904156 0.022969 0.009185
2 2 0.007595 0.054969 0.910829 0.017168 0.009439
2 2 0.007172 0.055843 0.912376 0.013613 0.010997
2 2 0.009777 0.077400 0.887650 0.014202 0.010972
2 2 0.009540 0.082206 0.885018 0.014115 0.009122
2 2 0.010615 0.084695 0.878349 0.016491 0.009849
2 2 0.010391 0.079476 0.882112 0.018182 0.009839
2 2 0.011433 0.070596 0.882194 0.022566 0.013212
2 2 0.013032 0.081377 0.867659 0.020900 0.017033
2 2 0.013602 0.076168 0.868243 0.023316 0.018671
2 2 0.012960 0.071315 0.878440 0.022422 0.014863
2 2 0.017675 0.085409 0.850731 0.026076 0.020110
2 2 0.016296 0.095542 0.844026 0.025016 0.019121
2 2 0.018303 0.107009 0.828793 0.025585 0.020310
2 2 0.009774 0.075700 0.886690 0.017308 0.010527
2 2 0.005832 0.053131 0.919013 0.015868 0.006155
2 2 0.004461 0.037883 0.933512 0.018898 0.005246
2 2 0.004890 0.038388 0.932073 0.018852 0.005796
2 2 0.006171 0.045605 0.917632 0.023865 0.006726
2 2 0.005723 0.044214 0.922304 0.021402 0.006358
2 2 0.007587 0.055438 0.909492 0.019551 0.007932
2 2 0.004123 0.037637 0.939543 0.013683 0.005015
2 2 0.002856 0.028371 0.949891 0.015149 0.003733
2 2 0.002820 0.027816 0.947101 0.018649 0.003614
2 2 0.003736 0.031419 0.937326 0.022940 0.004578
2 2 0.006493 0.044115 0.913981 0.028323 0.007088
2 2 0.005327 0.041409 0.925946 0.021262 0.006057
2 2 0.003640 0.032190 0.940265 0.019419 0.004487
2 3 0.003908 0.027873 0.934758 0.028489 0.004972
2 2 0.006656 0.041507 0.899778 0.045017 0.007043
2 3 0.006586 0.044617 0.872910 0.067714 0.008173
2 3 0.006954 0.043309 0.850738 0.089806 0.009193
2 3 0.005431 0.031324 0.838922 0.115460 0.008863
2 3 0.005634 0.030989 0.807225 0.146194 0.009958
2 3 0.008533 0.035206 0.773567 0.169717 0.012976
2 3 0.008084 0.044585 0.841101 0.096374 0.009856
2 3 0.005400 0.037104 0.845384 0.103721 0.008392
2 3 0.004709 0.029600 0.807260 0.149715 0.008716
2 3 0.005225 0.028241 0.722098 0.234059 0.010377
2 3 0.014706 0.040558 0.583774 0.339208 0.021754
2 3 0.018016 0.046946 0.510524 0.399803 0.024712
3 3 0.024015 0.054233 0.437110 0.454447 0.030195
2 3 0.019880 0.047122 0.527345 0.380661 0.024992
3 3 0.022681 0.044842 0.424991 0.478636 0.028850
3 3 0.024251 0.044631 0.324001 0.574187 0.032930
2 3 0.061658 0.115716 0.615474 0.162969 0.044183
2 3 0.019953 0.064928 0.539226 0.350657 0.025236
2 3 0.014772 0.046590 0.700291 0.216749 0.021599
2 3 0.024370 0.077364 0.771824 0.105484 0.020959
2 3 0.012326 0.050843 0.592896 0.322267 0.021667
3 3 0.021118 0.053410 0.424562 0.470305 0.030605
2 3 0.036578 0.077049 0.473378 0.375208 0.037786
2 3 0.033247 0.071143 0.443452 0.414580 0.037578
2 3 0.031365 0.084681 0.525409 0.326207 0.032339
2 3 0.026970 0.071174 0.501787 0.370362 0.029707
3 3 0.026281 0.049966 0.368347 0.524572 0.030834
3 3 0.012081 0.027840 0.240162 0.696683 0.023234
3 3 0.012573 0.027900 0.263207 0.669922 0.026398
3 3 0.022084 0.040239 0.255962 0.644878 0.036837
3 3 0.023306 0.041812 0.297448 0.601631 0.035803
3 3 0.016598 0.036367 0.315792 0.600088 0.031155
3 3 0.013180 0.033708 0.341787 0.584852 0.026474
3 3 0.028274 0.047008 0.323323 0.561577 0.039818
3 3 0.034511 0.054721 0.248080 0.619702 0.042985
3 3 0.027908 0.048063 0.242556 0.644206 0.037268
3 3 0.021328 0.045030 0.285060 0.617589 0.030993
3 3 0.024883 0.051394 0.380394 0.511974 0.031355
3 3 0.018986 0.042434 0.398855 0.512075 0.027649
2 3 0.031000 0.068274 0.585732 0.283063 0.031932
2 0 0.098603 0.160389 0.556613 0.113133 0.071261
2 1 0.132287 0.284238 0.447701 0.075758 0.060016
2 2 0.051833 0.248577 0.633798 0.036082 0.029709
2 2 0.021212 0.134671 0.804333 0.022716 0.017069
2 2 0.009309 0.068550 0.897060 0.014984 0.010096
2 1 0.011971 0.090475 0.868029 0.015126 0.014398
2 1 0.025001 0.163963 0.760188 0.019375 0.031473
2 1 0.072204 0.284382 0.523608 0.031545 0.088261
2 1 0.097019 0.314315 0.440694 0.036547 0.111425
2 4 0.097802 0.310832 0.435590 0.036066 0.119711
2 4 0.094320 0.311132 0.439153 0.034310 0.121085
2 4 0.084244 0.311619 0.449649 0.029394 0.125095
2 4 0.092190 0.296509 0.421481 0.030447 0.159374
2 4 0.097261 0.311318 0.436696 0.035899 0.118827
2 0 0.095020 0.314038 0.442201 0.035391 0.113349
2 0 0.092766 0.314473 0.444883 0.034303 0.113576
2 4 0.088389 0.302738 0.433559 0.029730 0.145584
4 4 0.136913 0.220069 0.285608 0.039915 0.317496
4 4 0.139187 0.154873 0.193169 0.035211 0.477560
4 4 0.139507 0.155013 0.193278 0.035332 0.476871
4 4 0.182620 0.170292 0.203454 0.053362 0.390274
4 4 0.139248 0.221716 0.286957 0.041071 0.311008
4 4 0.132418 0.227435 0.297919 0.038868 0.303360
4 4 0.119139 0.213311 0.283713 0.032302 0.351535
4 4 0.170299 0.166605 0.201388 0.047852 0.413856
4 4 0.156320 0.161780 0.198253 0.041953 0.441693
4 4 0.155557 0.161496 0.198057 0.041642 0.443249
4 4 0.143108 0.156554 0.194460 0.036708 0.469170
4 4 0.184789 0.170887 0.203752 0.054363 0.386208
4 4 0.231665 0.180064 0.205797 0.078535 0.303939
4 0 0.181974 0.170111 0.203361 0.053065 0.391489
2 0 0.225981 0.247763 0.289604 0.099633 0.137019
2 4 0.070790 0.329175 0.487585 0.026626 0.085823
2 4 0.086119 0.304869 0.438669 0.029045 0.141298
4 4 0.105987 0.194832 0.262703 0.026373 0.410106
4 4 0.107929 0.212185 0.287504 0.028144 0.364239
2 4 0.090838 0.255195 0.362499 0.025173 0.266294
2 4 0.082451 0.272345 0.395218 0.023498 0.226488
4 4 0.109922 0.224769 0.305035 0.029798 0.330476
4 4 0.134043 0.191352 0.246126 0.036074 0.392404
4 4 0.151617 0.159996 0.196999 0.040050 0.451338
4 4 0.147480 0.158358 0.195809 0.038409 0.459945
4 4 0.135810 0.153083 0.191500 0.034620 0.484987
4 4 0.126139 0.147024 0.185217 0.034516 0.507104
4 4 0.127165 0.147639 0.185832 0.034636 0.504728
4 4 0.146232 0.157776 0.195309 0.038103 0.462579
4 4 0.130235 0.150799 0.189920 0.031893 0.497153
4 4 0.156765 0.161944 0.198367 0.042135 0.440789
4 4 0.180026 0.169558 0.203071 0.052177 0.395167
4 4 0.158499 0.162578 0.198800 0.042849 0.437274
4 4 0.135571 0.175483 0.223153 0.035396 0.430397
4 4 0.120369 0.213048 0.282766 0.032740 0.351078
2 4 0.113957 0.236807 0.320448 0.032384 0.296405
2 4 0.098405 0.260799 0.365246 0.028592 0.246958
2 4 0.105578 0.243046 0.334406 0.029706 0.287264
2 4 0.099760 0.246565 0.343299 0.027796 0.282581
2 4 0.105440 0.234561 0.321985 0.028922 0.309091
2 4 0.095612 0.244986 0.343739 0.026116 0.289548
4 4 0.100101 0.224728 0.310501 0.026240 0.338430
4 4 0.095177 0.219497 0.305574 0.024191 0.355561
4 4 0.093064 0.222095 0.310831 0.023631 0.350380
4 4 0.103719 0.176700 0.236746 0.024652 0.458183
4 4 0.116250 0.200246 0.265996 0.030264 0.387244
4 0 0.126302 0.186338 0.241797 0.032860 0.412702
4 0 0.126763 0.224687 0.296576 0.036275 0.315698
2 1 0.103950 0.245941 0.339675 0.029341 0.281093
2 1 0.102916 0.249216 0.345153 0.029242 0.273474
2 1 0.095251 0.246140 0.345716 0.026075 0.286817
2 1 0.088942 0.251889 0.358964 0.024211 0.275995
2 2 0.080096 0.270906 0.395211 0.022487 0.231301
2 2 0.076544 0.263595 0.387387 0.020625 0.251849
2 2 0.070090 0.259488 0.387359 0.018121 0.264942
2 2 0.073197 0.244482 0.360693 0.018291 0.303337
2 1 0.080916 0.241584 0.349500 0.020691 0.307310
