0 0 0.791257 0.065193 0.017367 0.007162 0.119021
0 0 0.908593 0.027577 0.002141 0.000364 0.061325
0 0 0.961437 0.012439 0.000633 0.000113 0.025379
0 0 0.966656 0.010697 0.000477 0.000080 0.022090
0 0 0.965546 0.011067 0.000508 0.000086 0.022793
0 0 0.972261 0.008834 0.000333 0.000052 0.018521
0 0 0.973346 0.008474 0.000308 0.000047 0.017825
0 0 0.953190 0.015197 0.000922 0.000178 0.030512
0 0 0.946455 0.017452 0.001198 0.000245 0.034650
0 0 0.937074 0.020592 0.001640 0.000359 0.040335
0 0 0.955168 0.014535 0.000848 0.000161 0.029288
0 0 0.934311 0.021516 0.001782 0.000397 0.041993
0 0 0.941362 0.019157 0.001429 0.000304 0.037747
0 0 0.918728 0.029222 0.003019 0.000589 0.048443
0 0 0.881169 0.050418 0.007662 0.001087 0.059664
0 0 0.848275 0.070011 0.013501 0.001549 0.066665
0 0 0.666395 0.116372 0.026404 0.003348 0.187481
0 0 0.517999 0.157462 0.043593 0.004824 0.276121
4 1 0.222529 0.200025 0.072360 0.006090 0.498996
4 1 0.118552 0.239388 0.127169 0.007463 0.507429
4 1 0.060725 0.249009 0.212715 0.012022 0.465529
2 4 0.056649 0.248516 0.350284 0.016776 0.327775
2 4 0.044821 0.221603 0.497696 0.015427 0.220454
2 4 0.045263 0.232914 0.441639 0.014583 0.265602
2 4 0.048189 0.247732 0.378402 0.013767 0.311910
4 4 0.055843 0.255425 0.242682 0.013222 0.432829
4 4 0.056790 0.233582 0.200816 0.013276 0.495536
4 4 0.058486 0.197495 0.141238 0.012296 0.590485
4 4 0.052868 0.183919 0.117302 0.009482 0.636429
4 4 0.050800 0.166646 0.088834 0.006734 0.686985
4 4 0.050449 0.187417 0.111778 0.007349 0.643007
4 4 0.052043 0.171095 0.094895 0.007333 0.674633
4 4 0.047768 0.162466 0.094355 0.008309 0.687102
4 4 0.045805 0.151599 0.066599 0.004198 0.731800
4 4 0.037928 0.140534 0.052509 0.002498 0.766531
4 4 0.035271 0.129476 0.037989 0.001340 0.795925
4 4 0.036437 0.124195 0.030999 0.000937 0.807432
4 4 0.053027 0.129329 0.029099 0.000968 0.787576
4 4 0.075640 0.135427 0.028957 0.001114 0.758861
4 4 0.073172 0.146918 0.042498 0.002217 0.735195
4 4 0.062195 0.165022 0.084789 0.007570 0.680424
4 4 0.056467 0.218132 0.182765 0.014405 0.528232
2 4 0.047893 0.223857 0.418146 0.017718 0.292386
2 4 0.046532 0.219036 0.446286 0.017774 0.270373
2 4 0.044977 0.210008 0.485370 0.018300 0.241346
2 4 0.039465 0.185109 0.554890 0.019472 0.201065
2 4 0.040444 0.174802 0.596379 0.021113 0.167262
2 4 0.037289 0.155132 0.665170 0.020868 0.121541
2 4 0.035968 0.131062 0.726671 0.022974 0.083325
2 4 0.032167 0.090725 0.800322 0.030031 0.046756
2 4 0.031747 0.059981 0.824287 0.055758 0.028228
2 4 0.025852 0.043951 0.842668 0.067814 0.019714
2 4 0.026814 0.045620 0.839787 0.067603 0.020177
2 4 0.031520 0.053656 0.826871 0.065244 0.022709
2 4 0.029704 0.043041 0.789763 0.112719 0.024773
2 2 0.029672 0.037336 0.729268 0.176407 0.027317
2 2 0.021169 0.022144 0.624550 0.308302 0.023835
2 2 0.021117 0.019263 0.516388 0.417688 0.025544
2 2 0.021530 0.019220 0.494640 0.438665 0.025946
3 2 0.020549 0.016422 0.406469 0.530158 0.026402
3 2 0.015394 0.012008 0.368359 0.583822 0.020417
3 2 0.012279 0.008766 0.285196 0.676844 0.016915
3 2 0.009168 0.005602 0.175536 0.796400 0.013293
3 3 0.014070 0.008301 0.175547 0.782288 0.019794
3 3 0.055027 0.025305 0.154499 0.701040 0.064129
3 3 0.246020 0.072230 0.149988 0.363388 0.168374
3 3 0.158526 0.068428 0.200575 0.428981 0.143490
3 3 0.070155 0.036728 0.249295 0.568657 0.075166
3 3 0.015832 0.008704 0.147176 0.805996 0.022293
3 3 0.015014 0.007657 0.116404 0.839460 0.021465
3 3 0.016810 0.007780 0.089141 0.862144 0.024124
3 3 0.011441 0.005624 0.097382 0.868747 0.016806
3 3 0.009447 0.004717 0.097249 0.874523 0.014064
3 3 0.008766 0.004471 0.101788 0.871884 0.013092
3 3 0.008414 0.004139 0.090168 0.884611 0.012668
3 3 0.006445 0.003063 0.075535 0.905002 0.009955
3 3 0.006633 0.002954 0.062119 0.917988 0.010306
3 3 0.005828 0.002423 0.048238 0.934287 0.009224
3 3 0.006718 0.002707 0.045434 0.934586 0.010555
3 3 0.005452 0.002140 0.039418 0.944256 0.008734
3 3 0.006498 0.002739 0.051954 0.928628 0.010181
3 3 0.008290 0.003367 0.049358 0.926186 0.012799
3 3 0.008576 0.003325 0.042960 0.931860 0.013279
3 3 0.005348 0.001963 0.031640 0.952402 0.008647
3 3 0.005500 0.002025 0.032221 0.951384 0.008870
3 3 0.005768 0.002374 0.046601 0.936110 0.009148
3 3 0.005500 0.002183 0.040981 0.942541 0.008794
3 3 0.006097 0.002333 0.037517 0.944341 0.009711
3 3 0.004170 0.001488 0.026905 0.960540 0.006897
3 3 0.003152 0.001089 0.022407 0.968005 0.005346
3 3 0.003398 0.001184 0.023534 0.966160 0.005724
3 3 0.003132 0.001082 0.022312 0.968159 0.005315
3 3 0.002752 0.000937 0.020500 0.971086 0.004725
3 3 0.003464 0.001210 0.023835 0.965665 0.005826
3 3 0.004162 0.001485 0.026871 0.960598 0.006884
3 3 0.003814 0.001347 0.025380 0.963102 0.006358
3 3 0.002674 0.000907 0.020117 0.971700 0.004603
3 3 0.003101 0.001070 0.022166 0.968397 0.005267
3 3 0.003230 0.001119 0.022768 0.967416 0.005466
3 3 0.003000 0.001031 0.021693 0.969164 0.005111
3 3 0.004363 0.001557 0.027593 0.959322 0.007165
3 3 0.015426 0.004852 0.049387 0.911064 0.019271
3 3 0.078479 0.017675 0.085469 0.757118 0.061259
3 3 0.182737 0.043485 0.123744 0.527448 0.122585
3 3 0.146735 0.043172 0.144757 0.551847 0.113488
3 3 0.040883 0.022209 0.223024 0.665438 0.048447
3 3 0.019046 0.011471 0.198706 0.744743 0.026033
3 3 0.015537 0.009519 0.199500 0.753896 0.021547
3 3 0.019494 0.011646 0.195225 0.747010 0.026626
3 2 0.043411 0.020272 0.180228 0.707047 0.049042
0 2 0.359971 0.087578 0.129004 0.229099 0.194348
0 0 0.696796 0.082888 0.037552 0.023838 0.158927
0 0 0.830616 0.055170 0.011198 0.003777 0.099239
0 1 0.796405 0.065323 0.015341 0.005392 0.117538
0 1 0.479407 0.148009 0.065406 0.019189 0.287990
4 1 0.174004 0.159003 0.190002 0.099988 0.377003
2 1 0.125186 0.124542 0.276203 0.226528 0.247541
4 2 0.157397 0.160607 0.230184 0.123811 0.328001
4 2 0.144251 0.221124 0.171072 0.025238 0.438315
4 2 0.131537 0.216626 0.225574 0.043306 0.382957
2 2 0.210507 0.164741 0.329974 0.117458 0.177320
2 2 0.083714 0.190387 0.430659 0.050809 0.244430
2 2 0.076253 0.099575 0.655430 0.107160 0.061582
2 2 0.051571 0.080206 0.759421 0.072621 0.036181
2 2 0.025466 0.047636 0.857900 0.051401 0.017597
2 2 0.022539 0.043873 0.871792 0.046328 0.015468
2 2 0.018595 0.032209 0.860524 0.074107 0.014565
2 2 0.025362 0.043272 0.843792 0.068339 0.019235
2 2 0.023005 0.037911 0.841700 0.079055 0.018329
2 2 0.027834 0.041939 0.805274 0.102239 0.022715
2 2 0.035149 0.051162 0.776951 0.109036 0.027701
2 2 0.031107 0.043379 0.769402 0.130134 0.025978
2 2 0.021672 0.026645 0.716976 0.213649 0.021059
2 2 0.022640 0.023894 0.621830 0.307191 0.024445
2 2 0.021190 0.020020 0.540679 0.393195 0.024916
3 2 0.018446 0.015210 0.425287 0.517426 0.023632
3 2 0.023322 0.019618 0.451925 0.476373 0.028763
3 2 0.028735 0.022531 0.407825 0.504975 0.035934
3 2 0.026285 0.019865 0.372488 0.547931 0.033430
3 2 0.019174 0.013453 0.297429 0.644458 0.025487
3 2 0.011031 0.006990 0.202996 0.763324 0.015658
3 2 0.009068 0.005546 0.175567 0.796661 0.013157
3 2 0.011151 0.007423 0.232771 0.732972 0.015684
3 2 0.015159 0.010780 0.294386 0.659158 0.020518
3 2 0.015574 0.010576 0.263104 0.689531 0.021214
3 3 0.013284 0.007826 0.172522 0.787585 0.018783
3 3 0.009127 0.004971 0.125340 0.847100 0.013464
3 3 0.007595 0.004058 0.112934 0.864010 0.011403
3 3 0.007107 0.004058 0.135411 0.842796 0.010627
3 3 0.007806 0.004015 0.101372 0.875052 0.011754
3 3 0.010331 0.005446 0.117262 0.851804 0.015157
3 3 0.009627 0.004533 0.081631 0.889788 0.014421
3 3 0.007176 0.003321 0.071573 0.906902 0.011028
3 3 0.006321 0.002818 0.061486 0.919517 0.009858
3 3 0.006170 0.002696 0.057344 0.924126 0.009664
3 3 0.005306 0.002229 0.048599 0.935418 0.008449
3 3 0.003860 0.001528 0.036758 0.951508 0.006346
3 3 0.004855 0.001953 0.041321 0.944045 0.007825
3 3 0.008194 0.002811 0.037741 0.939343 0.011911
3 3 0.008083 0.002706 0.036687 0.940913 0.011611
3 3 0.010588 0.003504 0.042093 0.929343 0.014472
3 3 0.009288 0.002991 0.038283 0.936678 0.012760
3 3 0.009166 0.002826 0.036624 0.939076 0.012308
3 3 0.006794 0.002261 0.033175 0.947774 0.009996
3 3 0.005221 0.001528 0.025685 0.960131 0.007434
3 3 0.002908 0.000949 0.020377 0.970938 0.004830
3 3 0.002439 0.000819 0.018936 0.973574 0.004232
3 3 0.003399 0.001185 0.023541 0.966148 0.005726
3 3 0.004074 0.001450 0.026500 0.961223 0.006752
3 3 0.004713 0.001705 0.029143 0.956729 0.007709
3 3 0.003624 0.001226 0.023776 0.965432 0.005941
3 3 0.002516 0.000773 0.017837 0.974747 0.004127
3 3 0.002749 0.000770 0.017294 0.974972 0.004215
3 3 0.002188 0.000605 0.015050 0.978707 0.003449
3 3 0.004563 0.001098 0.020124 0.968291 0.005925
3 3 0.004957 0.001371 0.023764 0.963022 0.006886
3 3 0.004157 0.001185 0.022121 0.966498 0.006040
3 3 0.002559 0.000763 0.017543 0.975022 0.004114
3 3 0.004575 0.001143 0.020824 0.967388 0.006070
3 3 0.005318 0.001371 0.023254 0.963040 0.007016
3 3 0.004162 0.001014 0.019326 0.969977 0.005521
3 3 0.004505 0.001010 0.018792 0.970066 0.005626
3 3 0.005666 0.001137 0.019397 0.967397 0.006403
3 3 0.008293 0.001496 0.021854 0.960054 0.008303
3 3 0.011636 0.002072 0.026043 0.949287 0.010962
3 3 0.015040 0.003012 0.033147 0.934247 0.014555
3 3 0.019089 0.003912 0.038464 0.920519 0.018016
3 3 0.014785 0.003380 0.036783 0.929567 0.015484
3 3 0.006790 0.001589 0.024495 0.958973 0.008154
3 3 0.002878 0.000824 0.018101 0.973755 0.004441
3 3 0.003014 0.000885 0.018982 0.972434 0.004685
3 3 0.003760 0.001135 0.021984 0.967384 0.005737
3 3 0.005822 0.001540 0.024998 0.959954 0.007686
3 3 0.004870 0.001250 0.022058 0.965326 0.006496
3 3 0.005046 0.001377 0.023723 0.962917 0.006937
3 3 0.004882 0.001334 0.023328 0.963703 0.006753
3 3 0.004304 0.001223 0.022494 0.965770 0.006209
3 3 0.004452 0.001279 0.023132 0.964709 0.006428
3 3 0.005886 0.001714 0.027329 0.956870 0.008201
3 3 0.002808 0.000912 0.019917 0.971684 0.004679
3 3 0.002763 0.000926 0.020265 0.971349 0.004697
3 3 0.003376 0.000996 0.020292 0.970169 0.005168
3 3 0.005393 0.001581 0.026191 0.959187 0.007648
3 3 0.007915 0.002025 0.028783 0.951510 0.009768
3 3 0.007254 0.001929 0.028359 0.953179 0.009280
3 3 0.005000 0.001467 0.025124 0.961233 0.007177
3 3 0.003555 0.001246 0.024243 0.964991 0.005965
3 3 0.002025 0.000666 0.016761 0.976974 0.003574
3 3 0.003793 0.001175 0.022594 0.966571 0.005867
3 3 0.003384 0.000976 0.019927 0.970602 0.005111
3 3 0.006521 0.001545 0.024209 0.959787 0.007937
3 3 0.004335 0.001016 0.019116 0.969945 0.005588
3 3 0.004082 0.001092 0.020728 0.968364 0.005734
3 3 0.003856 0.000946 0.018623 0.971380 0.005196
3 3 0.002492 0.000774 0.017921 0.974692 0.004121
3 3 0.003491 0.001059 0.021179 0.968869 0.005403
3 3 0.003499 0.001067 0.021301 0.968704 0.005430
3 3 0.002665 0.000852 0.019076 0.972972 0.004435
3 3 0.003136 0.001083 0.022329 0.968131 0.005321
3 3 0.002759 0.000888 0.019556 0.972214 0.004583
3 3 0.002887 0.000913 0.019761 0.971723 0.004716
3 3 0.001915 0.000581 0.015141 0.979111 0.003252
3 3 0.002414 0.000731 0.017212 0.975691 0.003952
3 3 0.001302 0.000407 0.012529 0.983373 0.002389
3 3 0.001458 0.000462 0.013504 0.981927 0.002650
3 3 0.001985 0.000544 0.014150 0.980160 0.003161
3 3 0.002409 0.000665 0.015869 0.977319 0.003739
3 3 0.004306 0.001116 0.020775 0.967914 0.005889
3 3 0.005166 0.001290 0.022265 0.964557 0.006722
3 3 0.005013 0.001385 0.023900 0.962752 0.006949
3 3 0.005412 0.001578 0.026111 0.959254 0.007645
3 3 0.008003 0.002160 0.030323 0.949345 0.010168
3 3 0.009391 0.002727 0.035257 0.940488 0.012136
3 3 0.007183 0.002195 0.031790 0.948859 0.009973
3 3 0.005159 0.001592 0.026711 0.958949 0.007589
3 3 0.003446 0.001114 0.022223 0.967672 0.005545
3 3 0.004815 0.001504 0.025978 0.960494 0.007210
3 3 0.005489 0.001732 0.028183 0.956496 0.008100
3 3 0.018712 0.007725 0.068813 0.878301 0.026449
3 3 0.015342 0.006595 0.089021 0.868307 0.020735
3 3 0.028855 0.012565 0.089900 0.829628 0.039051
3 3 0.034653 0.015948 0.103004 0.799557 0.046838
3 3 0.007295 0.002727 0.038123 0.940505 0.011350
3 3 0.007739 0.002944 0.039962 0.937308 0.012047
3 3 0.004996 0.001586 0.026884 0.959027 0.007507
3 3 0.002863 0.000979 0.021037 0.970224 0.004898
3 3 0.004173 0.001300 0.023942 0.964204 0.006380
3 3 0.003692 0.001299 0.024848 0.963988 0.006173
3 3 0.005190 0.001844 0.030265 0.954426 0.008275
3 3 0.003795 0.001276 0.024255 0.964520 0.006154
3 3 0.003143 0.000958 0.020060 0.970881 0.004958
3 3 0.003211 0.000888 0.018661 0.972468 0.004772
3 3 0.014027 0.003295 0.036588 0.931042 0.015048
3 3 0.080119 0.016680 0.080976 0.762607 0.059617
0 3 0.441269 0.064713 0.092929 0.229109 0.171979
0 3 0.562327 0.080134 0.072930 0.101177 0.183432
0 3 0.700659 0.085577 0.035767 0.020055 0.157942
0 3 0.662797 0.089774 0.045731 0.030837 0.170861
0 3 0.739641 0.077184 0.027203 0.013660 0.142312
0 0 0.747824 0.071550 0.026586 0.015218 0.138823
0 0 0.848561 0.044792 0.010262 0.004777 0.091608
0 0 0.803751 0.055551 0.017101 0.009657 0.113940
0 0 0.723774 0.075736 0.031880 0.020147 0.148464
0 1 0.417555 0.093212 0.115237 0.173117 0.200879
2 1 0.061475 0.064923 0.595151 0.223264 0.055188
2 1 0.047897 0.076406 0.745901 0.086251 0.043545
2 4 0.068844 0.212859 0.538371 0.025547 0.154379
2 4 0.063647 0.248640 0.351988 0.019400 0.316325
2 4 0.054728 0.234571 0.394151 0.018690 0.297860
2 4 0.053627 0.240488 0.401996 0.016988 0.286901
2 4 0.050481 0.232683 0.437146 0.016840 0.262850
2 4 0.048648 0.222918 0.399088 0.018401 0.310945
2 4 0.047672 0.221579 0.407143 0.018176 0.305430
4 4 0.051565 0.233738 0.275904 0.016399 0.422394
4 4 0.048005 0.242233 0.231409 0.012560 0.465793
4 4 0.043886 0.227092 0.203350 0.012161 0.513511
4 4 0.048532 0.219061 0.199589 0.015073 0.517745
4 4 0.050649 0.216860 0.289841 0.019700 0.422950
2 4 0.050587 0.204800 0.381912 0.024075 0.338627
2 4 0.049016 0.175917 0.528657 0.030246 0.216163
2 4 0.045035 0.137006 0.672212 0.034031 0.111715
2 4 0.048186 0.091088 0.735463 0.066749 0.058514
2 0 0.067118 0.091597 0.695667 0.095332 0.050285
2 1 0.063082 0.074708 0.654093 0.155125 0.052991
2 1 0.047769 0.057535 0.687723 0.164857 0.042117
2 1 0.057226 0.074121 0.650676 0.152547 0.065430
2 1 0.042723 0.101894 0.749021 0.042955 0.063407
2 1 0.044273 0.160707 0.641918 0.025050 0.128053
2 1 0.041277 0.170998 0.651303 0.018724 0.117698
2 1 0.042993 0.173722 0.640692 0.019586 0.123007
2 1 0.043404 0.173966 0.648165 0.019029 0.115437
2 1 0.034441 0.135640 0.733498 0.019034 0.077387
2 1 0.031526 0.103380 0.781573 0.025488 0.058033
2 1 0.032172 0.098704 0.785561 0.028131 0.055432
2 1 0.044633 0.151096 0.660254 0.027587 0.116431
2 1 0.053770 0.213870 0.516997 0.020427 0.194937
2 1 0.057684 0.246744 0.404066 0.017321 0.274186
2 1 0.044957 0.187147 0.619616 0.018040 0.130240
2 1 0.038060 0.136300 0.733856 0.020441 0.071343
2 2 0.026489 0.080212 0.836656 0.023460 0.033183
2 2 0.061937 0.140303 0.626485 0.051116 0.120159
4 2 0.218661 0.180886 0.233655 0.104193 0.262605
0 2 0.514017 0.135624 0.078104 0.038604 0.233652
0 0 0.689377 0.092389 0.037169 0.018557 0.162509
0 0 0.617604 0.107806 0.055533 0.031705 0.187352
0 1 0.382410 0.114981 0.143598 0.147403 0.211608
3 1 0.078484 0.056359 0.359456 0.415247 0.090454
2 2 0.039881 0.049880 0.718211 0.156417 0.035610
2 2 0.022051 0.042937 0.873967 0.045720 0.015325
2 2 0.020918 0.040443 0.876367 0.047462 0.014811
2 2 0.022529 0.032304 0.793530 0.132048 0.019590
2 2 0.024755 0.029598 0.696806 0.225077 0.023764
2 2 0.029505 0.042614 0.754960 0.144628 0.028293
2 2 0.025336 0.060713 0.853980 0.035826 0.024145
2 2 0.028911 0.070017 0.847684 0.028692 0.024696
2 2 0.037134 0.071774 0.819580 0.042808 0.028704
2 2 0.034647 0.069215 0.828451 0.040500 0.027187
2 2 0.023586 0.051299 0.869291 0.036704 0.019120
2 2 0.026297 0.055042 0.862885 0.037110 0.018666
2 2 0.027789 0.054345 0.857549 0.042033 0.018285
2 2 0.046679 0.075265 0.778538 0.067026 0.032492
2 2 0.207609 0.165524 0.360253 0.116916 0.149698
0 2 0.486781 0.133131 0.093475 0.058167 0.228447
0 0 0.736055 0.076604 0.028340 0.015191 0.143810
0 0 0.907886 0.030023 0.003493 0.000937 0.057660
0 0 0.975459 0.007774 0.000262 0.000039 0.016465
0 0 0.988697 0.003451 0.000058 0.000006 0.007788
0 0 0.986917 0.003871 0.000083 0.000011 0.009117
0 0 0.981656 0.005423 0.000166 0.000028 0.012727
0 0 0.964687 0.010616 0.000605 0.000140 0.023951
0 0 0.958258 0.013138 0.000778 0.000162 0.027665
0 0 0.951043 0.015916 0.001006 0.000198 0.031836
0 0 0.935803 0.021018 0.001705 0.000376 0.041099
0 0 0.801877 0.080419 0.019886 0.003729 0.094089
0 1 0.416148 0.254586 0.200954 0.014631 0.113681
2 1 0.182226 0.272493 0.393257 0.030278 0.121746
2 1 0.135869 0.216099 0.516224 0.041840 0.089969
2 1 0.123527 0.190848 0.555746 0.047884 0.081995
2 1 0.069223 0.118106 0.725493 0.044968 0.042210
2 1 0.035552 0.071093 0.837112 0.034071 0.022172
2 1 0.020961 0.051697 0.895047 0.020415 0.011879
2 1 0.022088 0.056829 0.891566 0.017744 0.011773
2 1 0.019203 0.050904 0.902960 0.016672 0.010261
2 1 0.021172 0.052646 0.894456 0.019869 0.011857
2 1 0.015324 0.035806 0.912339 0.026728 0.009802
2 2 0.015316 0.031948 0.902131 0.039768 0.010837
2 2 0.013035 0.027554 0.910181 0.039824 0.009405
2 2 0.014355 0.032870 0.913687 0.029673 0.009415
2 2 0.018055 0.036561 0.890202 0.042570 0.012613
2 2 0.021360 0.035787 0.847756 0.078238 0.016859
2 2 0.022221 0.031430 0.791207 0.135340 0.019801
2 2 0.016603 0.017673 0.630858 0.315709 0.019157
2 2 0.012427 0.011511 0.508189 0.451743 0.016130
2 2 0.012750 0.011649 0.497089 0.461942 0.016570
3 2 0.031573 0.025660 0.442871 0.461112 0.038784
3 2 0.127623 0.089268 0.311610 0.336842 0.134656
0 2 0.343685 0.117113 0.149170 0.172286 0.217746
3 2 0.254651 0.086918 0.162803 0.310728 0.184900
0 2 0.348972 0.111172 0.144973 0.181159 0.213724
3 2 0.217529 0.066995 0.152551 0.404322 0.158603
2 2 0.156961 0.139862 0.407165 0.172509 0.123503
2 2 0.128148 0.169860 0.502106 0.084861 0.115024
2 2 0.070305 0.067894 0.530428 0.266788 0.064585
2 2 0.052774 0.051441 0.558247 0.285719 0.051818
2 2 0.025115 0.029635 0.701652 0.218378 0.025219
2 2 0.017566 0.026326 0.822305 0.117970 0.015833
2 2 0.017661 0.029002 0.851857 0.086626 0.014855
2 2 0.022095 0.035890 0.838995 0.085185 0.017835
2 2 0.019070 0.027329 0.797904 0.138566 0.017132
2 2 0.021625 0.026663 0.724311 0.206052 0.021350
2 2 0.020342 0.027243 0.766977 0.166394 0.019045
2 2 0.026982 0.034670 0.745061 0.168159 0.025128
2 2 0.034056 0.043441 0.734531 0.157219 0.030753
2 2 0.025167 0.029497 0.701557 0.218099 0.025680
2 2 0.016004 0.014432 0.499807 0.449327 0.020429
3 2 0.011032 0.009021 0.386813 0.578214 0.014920
3 2 0.008272 0.006310 0.310751 0.663027 0.011640
3 2 0.008820 0.006928 0.338036 0.633945 0.012271
3 2 0.011181 0.009571 0.428183 0.536117 0.014947
2 2 0.016190 0.015433 0.542483 0.405995 0.019898
2 2 0.018516 0.017110 0.523140 0.418506 0.022728
3 2 0.017353 0.014835 0.456114 0.489414 0.022285
3 2 0.018444 0.015695 0.455681 0.486602 0.023578
3 2 0.020815 0.017191 0.436036 0.499453 0.026504
2 2 0.026714 0.025770 0.557236 0.360673 0.029608
2 2 0.024598 0.020839 0.462599 0.461719 0.030245
3 2 0.020411 0.016594 0.421017 0.515841 0.026136
3 2 0.017491 0.012837 0.326511 0.619930 0.023232
3 2 0.018228 0.013866 0.357713 0.586252 0.023941
3 2 0.018987 0.015615 0.426878 0.514110 0.024410
2 2 0.024135 0.022846 0.545845 0.379358 0.027815
2 2 0.027513 0.030961 0.676115 0.236989 0.028423
2 2 0.026910 0.024528 0.534892 0.381270 0.032400
3 2 0.021697 0.018084 0.446512 0.486250 0.027457
3 2 0.018343 0.015025 0.421290 0.521662 0.023680
3 2 0.015009 0.012030 0.389835 0.563291 0.019834
3 2 0.012553 0.009571 0.336775 0.624064 0.017037
3 2 0.019130 0.013038 0.276369 0.665887 0.025576
3 2 0.036390 0.023005 0.254260 0.639776 0.046570
3 2 0.108725 0.052973 0.225921 0.502841 0.109540
3 2 0.090665 0.062818 0.369354 0.385637 0.091526
2 2 0.058817 0.058529 0.568927 0.257353 0.056375
2 2 0.031694 0.037868 0.707671 0.192107 0.030660
2 2 0.024612 0.036785 0.809078 0.108785 0.020740
2 2 0.024289 0.039122 0.832952 0.084162 0.019475
2 2 0.020961 0.036086 0.857112 0.069337 0.016505
2 2 0.020429 0.032567 0.840021 0.089701 0.017283
2 2 0.023152 0.032781 0.799437 0.123340 0.021290
2 2 0.028717 0.031396 0.665744 0.243405 0.030738
2 2 0.025431 0.023774 0.555189 0.365012 0.030594
2 2 0.025573 0.022135 0.484011 0.437104 0.031177
2 2 0.027567 0.026296 0.555528 0.359526 0.031083
2 2 0.021848 0.018899 0.472148 0.460262 0.026843
3 2 0.016297 0.013638 0.432976 0.515927 0.021162
3 2 0.013764 0.010428 0.337449 0.619807 0.018553
3 2 0.012858 0.009298 0.297346 0.662900 0.017598
3 2 0.014476 0.009141 0.213485 0.742803 0.020096
3 2 0.015517 0.008564 0.148162 0.805883 0.021874
3 2 0.016080 0.009186 0.165044 0.787207 0.022483
3 2 0.012626 0.007356 0.165187 0.796872 0.017959
3 2 0.011906 0.008179 0.256612 0.706741 0.016562
3 2 0.013808 0.009821 0.289245 0.668283 0.018842
3 2 0.026005 0.020500 0.403949 0.517055 0.032491
2 2 0.021002 0.024448 0.686366 0.246722 0.021463
2 2 0.029713 0.037948 0.734901 0.170542 0.026896
2 2 0.033968 0.038434 0.665880 0.228983 0.032736
3 2 0.023092 0.018699 0.420246 0.509014 0.028948
3 2 0.015807 0.013035 0.417912 0.532590 0.020656
3 2 0.012492 0.011080 0.468263 0.491775 0.016389
2 2 0.016712 0.018201 0.645334 0.300873 0.018880
2 2 0.049313 0.056541 0.657277 0.192821 0.044048
2 2 0.105320 0.110474 0.557859 0.147785 0.078562
2 2 0.069893 0.065273 0.507182 0.292624 0.065028
3 2 0.028112 0.020977 0.361245 0.554438 0.035229
3 2 0.015930 0.011113 0.283169 0.668240 0.021548
3 2 0.009312 0.006914 0.297688 0.673048 0.013038
3 2 0.010260 0.008547 0.398014 0.569270 0.013909
3 2 0.008596 0.007899 0.474402 0.497535 0.011568
2 2 0.009697 0.010865 0.657028 0.310472 0.011939
2 2 0.014467 0.016941 0.704108 0.248019 0.016465
2 2 0.017611 0.027607 0.836754 0.102772 0.015256
2 2 0.020582 0.032990 0.835372 0.093397 0.017660
2 2 0.027457 0.038067 0.780943 0.129107 0.024426
2 2 0.023957 0.026137 0.652450 0.271895 0.025561
2 2 0.023511 0.022547 0.551574 0.375609 0.026759
2 2 0.023203 0.021345 0.520799 0.407438 0.027215
3 2 0.034813 0.026901 0.398788 0.497195 0.042302
3 2 0.050675 0.032663 0.277988 0.576062 0.062612
3 2 0.065752 0.037673 0.257296 0.564226 0.075054
3 2 0.088741 0.049958 0.295061 0.474466 0.091775
2 2 0.063442 0.052904 0.455834 0.359929 0.067891
3 2 0.037036 0.028682 0.402044 0.487650 0.044588
3 2 0.023115 0.018611 0.419522 0.509429 0.029323
3 2 0.015807 0.011376 0.305675 0.645873 0.021268
3 2 0.011030 0.007919 0.283160 0.682573 0.015318
3 2 0.012647 0.010091 0.374841 0.585433 0.016988
2 2 0.023346 0.021934 0.548549 0.378391 0.027780
2 2 0.024409 0.041754 0.804936 0.100298 0.028603
2 2 0.032329 0.087505 0.781760 0.040900 0.057505
2 1 0.045084 0.157926 0.645412 0.026377 0.125201
4 1 0.065621 0.227890 0.312310 0.024838 0.369342
4 4 0.058318 0.202349 0.171328 0.017738 0.550266
4 4 0.057986 0.166864 0.095434 0.009233 0.670484
4 4 0.054742 0.155951 0.068029 0.004705 0.716573
4 4 0.044667 0.147930 0.059972 0.003413 0.744017
4 4 0.053759 0.144680 0.047665 0.002403 0.751493
4 4 0.044696 0.145877 0.056001 0.003005 0.750421
4 4 0.052309 0.149240 0.056255 0.003231 0.738965
4 4 0.066837 0.160487 0.069241 0.005304 0.698130
4 4 0.080405 0.157205 0.055720 0.003827 0.702842
4 4 0.086548 0.159708 0.057908 0.004257 0.691579
4 4 0.095057 0.162750 0.060691 0.004864 0.676637
4 4 0.094390 0.167178 0.070307 0.006411 0.661714
4 4 0.079523 0.169989 0.085541 0.008614 0.656333
4 4 0.055340 0.162517 0.084452 0.007139 0.690551
4 4 0.051992 0.159487 0.079519 0.006193 0.702808
4 4 0.043995 0.151908 0.069267 0.004447 0.730384
4 4 0.046442 0.144341 0.051876 0.002647 0.754693
4 4 0.048700 0.146798 0.054469 0.002955 0.747079
4 4 0.053895 0.164647 0.093011 0.008507 0.679939
4 4 0.079285 0.270126 0.255278 0.015275 0.380036
4 4 0.034716 0.161378 0.119936 0.011670 0.672299
4 4 0.036509 0.151516 0.078571 0.005238 0.728166
4 4 0.047004 0.153074 0.068713 0.004500 0.726710
4 4 0.056359 0.150036 0.054983 0.003194 0.735427
4 4 0.052992 0.145542 0.049468 0.002558 0.749440
4 4 0.068663 0.154749 0.056528 0.003662 0.716398
4 4 0.084457 0.167099 0.074644 0.006814 0.666986
4 4 0.138804 0.182736 0.104814 0.017308 0.556338
4 4 0.224829 0.218730 0.155326 0.027013 0.374102
0 4 0.394400 0.225952 0.155969 0.021477 0.202203
0 4 0.378673 0.236434 0.203997 0.025211 0.155685
2 4 0.169081 0.264837 0.360440 0.025780 0.179862
2 4 0.073284 0.197431 0.565636 0.030655 0.132994
2 4 0.039621 0.137308 0.682812 0.028503 0.111757
2 2 0.035635 0.102053 0.762674 0.035032 0.064606
2 2 0.028729 0.067057 0.810102 0.052311 0.041801
2 2 0.028565 0.051687 0.833238 0.062229 0.024281
2 2 0.020324 0.037659 0.873267 0.053491 0.015258
2 2 0.023121 0.039024 0.849158 0.070360 0.018338
2 2 0.022769 0.037344 0.837393 0.081800 0.020693
2 2 0.028937 0.047559 0.819112 0.078763 0.025629
2 2 0.027277 0.064762 0.848773 0.033268 0.025920
2 2 0.030259 0.095492 0.819025 0.020030 0.035194
2 2 0.031042 0.107385 0.807544 0.016668 0.037360
2 2 0.027102 0.099965 0.826997 0.014307 0.031628
2 2 0.030383 0.114106 0.799625 0.015052 0.040834
2 2 0.038647 0.139877 0.739977 0.018124 0.063376
2 2 0.076474 0.209370 0.536222 0.029777 0.148156
2 2 0.216920 0.232227 0.284769 0.051703 0.214380
0 2 0.501197 0.135854 0.091700 0.053472 0.217777
0 0 0.604030 0.111154 0.059198 0.033995 0.191622
0 0 0.628674 0.108714 0.051639 0.026698 0.184276
0 0 0.451496 0.149027 0.109143 0.058582 0.231751
2 1 0.222893 0.231386 0.313291 0.046670 0.185759
2 1 0.037118 0.129780 0.751411 0.019974 0.061717
2 1 0.031603 0.115953 0.788585 0.016964 0.046896
2 2 0.033298 0.129448 0.771137 0.015092 0.051026
2 2 0.024387 0.099986 0.824661 0.013873 0.037094
2 2 0.022118 0.089781 0.844354 0.013288 0.030458
2 2 0.020321 0.083884 0.854699 0.012935 0.028161
2 2 0.020799 0.088314 0.842489 0.013877 0.034521
2 2 0.026851 0.106561 0.803364 0.016342 0.046883
2 2 0.028487 0.107434 0.801347 0.017094 0.045638
2 2 0.026009 0.091858 0.832177 0.016878 0.033079
2 2 0.040888 0.081853 0.820071 0.032677 0.024511
2 2 0.079288 0.104301 0.663427 0.092306 0.060678
0 2 0.261200 0.124714 0.187142 0.210438 0.216506
0 2 0.364034 0.119399 0.142156 0.154492 0.219919
0 2 0.337339 0.197350 0.224423 0.067571 0.173316
2 2 0.136428 0.173702 0.567529 0.048788 0.073553
2 2 0.027166 0.091716 0.834815 0.016612 0.029690
2 2 0.025409 0.084389 0.844706 0.017449 0.028047
2 2 0.031041 0.084368 0.822371 0.027212 0.035008
2 2 0.031013 0.071143 0.830729 0.036106 0.031008
2 2 0.024897 0.048075 0.846960 0.055966 0.024102
2 2 0.023183 0.039390 0.851512 0.067485 0.018430
2 2 0.021850 0.038027 0.856304 0.067032 0.016786
2 2 0.022289 0.039305 0.855721 0.066101 0.016585
2 2 0.025991 0.046367 0.838217 0.067910 0.021515
2 2 0.028129 0.055304 0.834665 0.056223 0.025679
2 2 0.029330 0.066769 0.819468 0.048481 0.035953
2 2 0.028180 0.047739 0.818975 0.078867 0.026239
2 2 0.029419 0.042229 0.792210 0.110705 0.025437
2 2 0.023098 0.032375 0.792613 0.130784 0.021130
2 2 0.026127 0.041039 0.794609 0.111666 0.026559
2 2 0.025346 0.041651 0.811562 0.096778 0.024663
2 2 0.030938 0.041292 0.758900 0.141344 0.027526
2 2 0.023299 0.031995 0.781067 0.142289 0.021350
2 2 0.027067 0.032453 0.711304 0.202509 0.026667
2 2 0.033014 0.036888 0.666089 0.231066 0.032943
2 2 0.037572 0.036674 0.579388 0.305962 0.040404
2 2 0.049760 0.045709 0.537678 0.313104 0.053749
2 2 0.054347 0.044289 0.458646 0.379610 0.063108
2 2 0.040944 0.035260 0.499619 0.376089 0.048088
2 2 0.025159 0.021286 0.467713 0.454570 0.031272
3 2 0.022080 0.018024 0.429057 0.502801 0.028038
3 2 0.021428 0.016502 0.377205 0.557208 0.027658
3 2 0.020672 0.014972 0.325543 0.611690 0.027122
3 2 0.028661 0.020892 0.347435 0.566567 0.036446
3 2 0.026987 0.018478 0.296732 0.622846 0.034957
3 2 0.018519 0.012521 0.269117 0.674976 0.024867
3 2 0.013044 0.007644 0.169199 0.791625 0.018488
3 2 0.013318 0.007810 0.170410 0.789621 0.018840
3 2 0.011728 0.006573 0.145042 0.819776 0.016882
3 2 0.011058 0.006246 0.146305 0.820416 0.015975
3 2 0.011637 0.006211 0.125322 0.839952 0.016879
3 2 0.009772 0.004632 0.083627 0.887361 0.014608
3 2 0.007533 0.003223 0.056671 0.920929 0.011645
3 2 0.005733 0.002319 0.044008 0.938826 0.009115
3 2 0.009919 0.004415 0.069091 0.901647 0.014928
3 3 0.010833 0.005880 0.129471 0.838049 0.015767
3 3 0.015774 0.010437 0.246480 0.705747 0.021563
3 3 0.015127 0.011123 0.319529 0.633877 0.020344
3 3 0.013257 0.009082 0.260567 0.698814 0.018281
3 3 0.022134 0.013713 0.221291 0.713141 0.029721
3 3 0.019656 0.010257 0.132706 0.809989 0.027391
3 2 0.022139 0.010602 0.105495 0.830849 0.030915
3 2 0.057193 0.022837 0.116685 0.738139 0.065146
3 0 0.196551 0.066282 0.159117 0.423530 0.154521
3 0 0.221646 0.100384 0.201252 0.293342 0.183376
2 1 0.096779 0.105034 0.562393 0.156092 0.079703
2 2 0.050954 0.076709 0.755753 0.079304 0.037280
2 2 0.025508 0.046518 0.857286 0.051277 0.019411
2 2 0.024264 0.057466 0.862746 0.032652 0.022873
2 2 0.026076 0.068869 0.848856 0.028252 0.027946
2 2 0.032275 0.083435 0.814001 0.031630 0.038658
2 2 0.044284 0.096812 0.773808 0.039517 0.045578
2 2 0.085085 0.105592 0.633908 0.109017 0.066398
2 2 0.151846 0.150178 0.437386 0.139784 0.120805
2 2 0.186951 0.135382 0.355029 0.175041 0.147596
2 2 0.093608 0.166474 0.588914 0.053242 0.097761
2 2 0.061080 0.126368 0.698870 0.045418 0.068264
2 2 0.035915 0.082443 0.816201 0.033058 0.032384
2 2 0.030502 0.074621 0.832560 0.031595 0.030723
2 2 0.024560 0.068533 0.851508 0.026756 0.028643
2 2 0.024232 0.065476 0.859356 0.026096 0.024839
2 2 0.026157 0.068487 0.855066 0.025932 0.024357
2 2 0.026138 0.088702 0.834141 0.018249 0.032771
2 2 0.044876 0.104241 0.773762 0.033266 0.043855
2 2 0.040358 0.097068 0.788250 0.032558 0.041765
2 2 0.025359 0.076491 0.833648 0.026878 0.037623
2 2 0.037634 0.082315 0.806417 0.037941 0.035693
2 2 0.045745 0.089140 0.748224 0.061470 0.055420
2 2 0.049083 0.083621 0.689307 0.105814 0.072175
2 2 0.044842 0.079418 0.691057 0.110348 0.074334
2 2 0.036556 0.052002 0.736689 0.136857 0.037896
2 2 0.033405 0.054730 0.784937 0.094334 0.032594
2 2 0.031373 0.050995 0.819428 0.074398 0.023806
2 2 0.065316 0.069654 0.615739 0.187287 0.062003
2 2 0.184045 0.141140 0.357359 0.161371 0.156085
0 2 0.446699 0.139064 0.111597 0.075210 0.227430
0 2 0.440414 0.188480 0.152714 0.041267 0.177125
2 2 0.153119 0.168877 0.538370 0.057608 0.082026
2 2 0.067300 0.133362 0.698245 0.041062 0.060032
2 2 0.062919 0.131644 0.711668 0.037176 0.056593
2 2 0.085728 0.198075 0.595336 0.029728 0.091134
2 2 0.084703 0.134248 0.654201 0.060406 0.066442
2 2 0.084310 0.109079 0.645108 0.098508 0.062995
2 2 0.073566 0.073399 0.566277 0.216351 0.070407
2 2 0.098994 0.082601 0.437576 0.280394 0.100436
2 2 0.113939 0.082030 0.364994 0.315211 0.123826
2 2 0.086621 0.066837 0.391425 0.353312 0.101805
3 2 0.043301 0.032197 0.379996 0.491821 0.052685
3 2 0.030445 0.021445 0.323516 0.585817 0.038777
3 2 0.028329 0.021361 0.374332 0.540184 0.035795
2 2 0.056930 0.064390 0.588165 0.220148 0.070367
2 2 0.055548 0.149034 0.596576 0.045261 0.153581
2 4 0.054729 0.191397 0.490092 0.029409 0.234373
2 4 0.048160 0.199823 0.367099 0.023977 0.360941
4 4 0.045193 0.205963 0.351140 0.020340 0.377363
4 4 0.046314 0.224419 0.344625 0.016844 0.367798
2 4 0.044238 0.227221 0.387633 0.015505 0.325403
4 4 0.046999 0.234856 0.280071 0.014405 0.423669
4 4 0.047198 0.226007 0.205669 0.013680 0.507445
4 4 0.041888 0.194195 0.150477 0.011228 0.602212
4 4 0.036553 0.158487 0.101483 0.008575 0.694903
4 4 0.033559 0.152564 0.087248 0.006188 0.720442
4 4 0.033148 0.145067 0.067519 0.003787 0.750479
4 4 0.035393 0.147583 0.070129 0.004173 0.742722
4 4 0.036910 0.143453 0.059053 0.003074 0.757510
4 4 0.047018 0.148971 0.059916 0.003479 0.740616
4 4 0.052668 0.149440 0.056367 0.003253 0.738273
4 4 0.061503 0.155758 0.062567 0.004223 0.715949
4 4 0.053994 0.164746 0.083599 0.006390 0.691272
4 4 0.042947 0.158603 0.089127 0.007119 0.702204
4 4 0.042164 0.159708 0.094215 0.007866 0.696046
4 4 0.032036 0.151745 0.087952 0.006170 0.722098
4 4 0.033458 0.143316 0.063125 0.003351 0.756751
4 4 0.029104 0.129457 0.043325 0.001584 0.796530
4 4 0.027968 0.126573 0.040284 0.001366 0.803809
4 4 0.029783 0.124879 0.036348 0.001159 0.807831
4 4 0.029205 0.124308 0.036108 0.001137 0.809242
4 4 0.029263 0.131280 0.045973 0.001769 0.791714
4 4 0.031506 0.139520 0.057905 0.002787 0.768283
4 4 0.031675 0.145114 0.069996 0.003982 0.749233
4 4 0.043844 0.172435 0.089075 0.005041 0.689605
4 4 0.054074 0.226135 0.158678 0.008336 0.552777
4 4 0.058068 0.244533 0.198597 0.010716 0.488086
4 4 0.054292 0.237789 0.274520 0.016061 0.417339
4 4 0.051471 0.224112 0.347821 0.019424 0.357172
2 4 0.045817 0.219275 0.427627 0.017603 0.289678
2 4 0.049530 0.234953 0.359999 0.016412 0.339105
4 4 0.053398 0.251422 0.321214 0.014891 0.359075
4 4 0.055339 0.254248 0.239870 0.013068 0.437475
4 4 0.053955 0.243877 0.227301 0.013764 0.461104
4 4 0.052568 0.203098 0.154269 0.012236 0.577829
4 4 0.052574 0.214888 0.168291 0.011797 0.552450
4 4 0.062742 0.218551 0.157831 0.011048 0.549829
4 4 0.097982 0.288151 0.199856 0.007915 0.406096
4 4 0.107615 0.310110 0.261127 0.010179 0.310969
1 4 0.109254 0.342533 0.321420 0.008227 0.218567
4 4 0.085082 0.296890 0.278830 0.012065 0.327132
4 4 0.063783 0.256714 0.216121 0.011311 0.452071
4 4 0.054836 0.167923 0.102372 0.010239 0.664630
4 4 0.067962 0.164199 0.077554 0.006633 0.683651
4 4 0.052765 0.156700 0.071551 0.005097 0.713887
4 4 0.042105 0.141289 0.050114 0.002387 0.764105
4 4 0.032873 0.132284 0.043870 0.001697 0.789276
4 4 0.045631 0.125059 0.027639 0.000831 0.800841
4 4 0.056036 0.125826 0.025025 0.000754 0.792359
4 4 0.057970 0.133243 0.031390 0.001152 0.776244
4 4 0.034998 0.131787 0.041318 0.001557 0.790339
4 4 0.034213 0.139436 0.054411 0.002563 0.769377
4 4 0.037210 0.140284 0.052769 0.002502 0.767235
4 4 0.034480 0.132460 0.042708 0.001645 0.788707
4 4 0.038829 0.129090 0.035168 0.001208 0.795705
4 4 0.030230 0.115788 0.026026 0.000637 0.827319
4 4 0.041388 0.125350 0.029697 0.000911 0.802655
4 4 0.048370 0.133648 0.035556 0.001344 0.781082
4 4 0.048299 0.143417 0.049036 0.002423 0.756824
4 4 0.036117 0.143801 0.060697 0.003208 0.756178
4 4 0.042653 0.142727 0.052098 0.002579 0.759943
4 4 0.048463 0.144799 0.051187 0.002627 0.752923
4 4 0.056181 0.151673 0.058100 0.003536 0.730510
4 4 0.050683 0.153058 0.065149 0.004199 0.726912
4 4 0.044056 0.183217 0.115982 0.007818 0.648928
4 4 0.047447 0.211866 0.155470 0.009357 0.575860
4 4 0.050223 0.204653 0.147793 0.010167 0.587164
4 4 0.043065 0.158474 0.088517 0.007034 0.702910
4 4 0.043081 0.157859 0.086549 0.006737 0.705774
4 4 0.062622 0.162858 0.078288 0.006513 0.689719
4 4 0.085227 0.231278 0.163853 0.012380 0.507262
4 4 0.074322 0.263336 0.235259 0.013809 0.413273
2 4 0.055273 0.241200 0.392818 0.017567 0.293141
2 4 0.050632 0.235867 0.378463 0.016736 0.318303
4 4 0.051912 0.234736 0.315217 0.017095 0.381040
2 4 0.050558 0.227457 0.360668 0.018344 0.342972
2 4 0.053340 0.218696 0.390273 0.021771 0.315920
2 4 0.048870 0.186767 0.567043 0.023699 0.173621
2 2 0.039911 0.148554 0.697631 0.021322 0.092582
2 2 0.037549 0.138927 0.726300 0.020231 0.076994
2 1 0.033809 0.132958 0.743549 0.018364 0.071320
2 1 0.031217 0.119401 0.770782 0.018611 0.059989
2 1 0.028046 0.108591 0.791819 0.018257 0.053286
2 2 0.025692 0.101512 0.804015 0.018122 0.050659
2 2 0.025859 0.111983 0.789085 0.015970 0.057103
2 2 0.028575 0.131441 0.755348 0.014708 0.069927
2 2 0.028588 0.142833 0.729749 0.013885 0.084946
2 2 0.034089 0.151171 0.719801 0.014942 0.079997
2 2 0.032378 0.134109 0.762339 0.014438 0.056736
2 2 0.026233 0.124274 0.767152 0.014520 0.067821
2 2 0.031698 0.149081 0.741680 0.012134 0.065407
2 2 0.034148 0.156990 0.723513 0.012825 0.072524
2 2 0.035174 0.157218 0.713922 0.014184 0.079502
2 2 0.029964 0.136827 0.750660 0.014118 0.068431
2 2 0.026573 0.116456 0.790804 0.014190 0.051977
2 2 0.024619 0.109039 0.814479 0.012155 0.039707
2 2 0.018218 0.087561 0.860020 0.009193 0.025008
2 2 0.014788 0.071019 0.887889 0.008432 0.017873
2 2 0.014756 0.067497 0.890333 0.009451 0.017963
2 2 0.017369 0.074430 0.871330 0.012218 0.024653
2 2 0.016808 0.075138 0.869336 0.012099 0.026619
2 2 0.016558 0.079958 0.861563 0.011423 0.030499
2 2 0.014534 0.067148 0.885841 0.010802 0.021676
2 2 0.016885 0.066762 0.881890 0.013305 0.021158
2 2 0.018451 0.060743 0.884739 0.017105 0.018962
2 2 0.025813 0.060286 0.855145 0.034006 0.024751
2 2 0.033395 0.061022 0.793066 0.073584 0.038933
2 2 0.038367 0.074361 0.770669 0.067139 0.049464
2 2 0.034239 0.081356 0.805230 0.038395 0.040780
2 2 0.023458 0.067571 0.857913 0.024481 0.026578
2 2 0.023917 0.075682 0.854026 0.019670 0.026705
2 2 0.021534 0.065237 0.874548 0.018830 0.019850
2 2 0.024915 0.060295 0.862304 0.030464 0.022021
2 2 0.020145 0.036631 0.870766 0.057042 0.015416
2 2 0.033413 0.037787 0.681802 0.213075 0.033924
3 2 0.130347 0.083321 0.315606 0.336537 0.134188
0 2 0.540828 0.119103 0.079160 0.053401 0.207508
0 0 0.800015 0.062320 0.016096 0.006636 0.114933
0 0 0.907629 0.029789 0.003575 0.001004 0.058002
0 0 0.956983 0.013928 0.000783 0.000146 0.028161
0 0 0.970028 0.009575 0.000387 0.000062 0.019948
0 0 0.960622 0.012711 0.000659 0.000118 0.025890
0 0 0.948515 0.016763 0.001110 0.000223 0.033389
0 0 0.792733 0.055646 0.005644 0.000763 0.145214
0 1 0.791223 0.063028 0.010673 0.002530 0.132546
0 0 0.859166 0.046165 0.007832 0.002431 0.084407
0 0 0.853760 0.047888 0.008425 0.002660 0.087269
0 0 0.877042 0.040411 0.006020 0.001760 0.074768
0 0 0.783744 0.079062 0.019817 0.004768 0.112609
0 0 0.425521 0.260792 0.124942 0.006079 0.182666
1 0 0.139189 0.338115 0.306040 0.009243 0.207412
2 0 0.061950 0.200133 0.650809 0.016102 0.071006
2 1 0.050553 0.161710 0.719743 0.016242 0.051752
2 1 0.044022 0.136561 0.759748 0.017218 0.042450
2 1 0.036565 0.123997 0.786519 0.015219 0.037699
2 2 0.022106 0.086941 0.858922 0.010845 0.021186
2 2 0.023767 0.093712 0.848288 0.010922 0.023311
2 2 0.021579 0.080216 0.868599 0.011249 0.018358
2 2 0.028816 0.096077 0.836993 0.013937 0.024177
2 2 0.023869 0.080973 0.862770 0.013165 0.019223
2 2 0.029206 0.094178 0.836443 0.015215 0.024958
2 2 0.033687 0.111434 0.811324 0.014324 0.029230
2 2 0.032394 0.106133 0.820748 0.014112 0.026612
2 2 0.028816 0.081748 0.856475 0.015574 0.017387
2 2 0.023483 0.057524 0.885631 0.020343 0.013019
2 2 0.019264 0.047157 0.901079 0.021247 0.011253
2 2 0.015730 0.042685 0.911718 0.019124 0.010744
2 2 0.012974 0.038051 0.924584 0.015768 0.008623
2 2 0.014967 0.041331 0.915886 0.017931 0.009885
2 2 0.014833 0.038336 0.915784 0.021042 0.010005
2 2 0.021532 0.049237 0.878585 0.032494 0.018152
2 2 0.024148 0.059037 0.862271 0.031178 0.023366
2 2 0.022344 0.065422 0.866590 0.022286 0.023358
2 2 0.021296 0.063597 0.873487 0.020527 0.021093
2 2 0.018901 0.052294 0.889252 0.022583 0.016970
2 2 0.024791 0.050650 0.863654 0.042095 0.018810
2 2 0.031424 0.062003 0.835085 0.047056 0.024432
2 2 0.028937 0.062581 0.847090 0.038349 0.023042
2 2 0.021133 0.055137 0.886981 0.021598 0.015150
2 2 0.019470 0.056902 0.885940 0.020109 0.017578
2 2 0.017367 0.064436 0.881920 0.015027 0.021249
2 2 0.016185 0.067405 0.880924 0.012891 0.022596
2 2 0.018251 0.083570 0.855415 0.011973 0.030791
2 2 0.017692 0.083651 0.858155 0.011053 0.029448
2 2 0.019830 0.089855 0.836954 0.013803 0.039559
2 2 0.022470 0.086263 0.828369 0.019355 0.043543
2 2 0.032143 0.103448 0.775926 0.027169 0.061314
2 2 0.028781 0.098076 0.801546 0.022447 0.049151
2 2 0.020149 0.071876 0.858021 0.019230 0.030723
2 2 0.018011 0.065051 0.875357 0.017197 0.024385
2 2 0.018630 0.059903 0.879563 0.019966 0.021938
2 2 0.021726 0.063191 0.869924 0.022556 0.022603
2 2 0.021003 0.044749 0.878955 0.039111 0.016182
2 2 0.028061 0.051142 0.836588 0.061253 0.022957
2 2 0.023507 0.043323 0.864285 0.051602 0.017283
2 2 0.021281 0.040332 0.864780 0.054550 0.019058
2 2 0.025161 0.038615 0.827673 0.086459 0.022091
2 2 0.029113 0.036533 0.750044 0.155138 0.029173
2 2 0.024565 0.030143 0.732810 0.187690 0.024792
2 2 0.024075 0.028407 0.703393 0.219676 0.024449
2 2 0.029697 0.031215 0.626856 0.280960 0.031272
2 2 0.030851 0.029624 0.564746 0.340474 0.034306
2 2 0.024470 0.022068 0.517733 0.406159 0.029570
3 2 0.038008 0.030182 0.430107 0.455594 0.046108
