0 0 0.969198 0.016084 0.006177 0.001368 0.007172
0 0 0.699604 0.054949 0.003761 0.000215 0.241470
0 0 0.563074 0.108974 0.016929 0.001868 0.309156
0 0 0.679525 0.097158 0.018317 0.002350 0.202651
0 0 0.824918 0.065576 0.014494 0.002099 0.092913
0 0 0.444203 0.144811 0.040016 0.005271 0.365698
0 0 0.518235 0.158737 0.052390 0.010534 0.260104
0 0 0.394895 0.176366 0.071202 0.012901 0.344637
4 0 0.157601 0.179519 0.170913 0.025104 0.466862
4 1 0.123246 0.163429 0.172524 0.020591 0.520210
4 1 0.098192 0.160356 0.214443 0.026540 0.500469
4 1 0.093711 0.171616 0.269711 0.044412 0.420549
2 1 0.069887 0.126998 0.491247 0.088038 0.223831
2 1 0.061439 0.087529 0.621220 0.110706 0.119106
2 1 0.039837 0.050089 0.676601 0.181123 0.052350
2 1 0.029041 0.031975 0.605799 0.309848 0.023337
2 1 0.018631 0.019502 0.504304 0.446304 0.011258
3 1 0.016831 0.018143 0.429327 0.526011 0.009689
2 2 0.032053 0.040181 0.465541 0.434776 0.027450
2 2 0.052698 0.080544 0.511007 0.273968 0.081782
2 2 0.113762 0.162311 0.378433 0.089233 0.256261
4 4 0.268428 0.182413 0.139043 0.021993 0.388123
4 4 0.218371 0.150919 0.093489 0.008859 0.528362
4 4 0.236984 0.149539 0.077449 0.007421 0.528608
4 4 0.218105 0.144695 0.072184 0.006465 0.558552
4 4 0.200567 0.142965 0.072792 0.006345 0.577330
4 4 0.145989 0.139935 0.098380 0.008043 0.607652
4 4 0.124512 0.157762 0.156530 0.016982 0.544215
4 4 0.087775 0.159874 0.243120 0.031888 0.477343
2 4 0.060488 0.132138 0.401099 0.051173 0.355102
2 4 0.064724 0.120641 0.466789 0.058539 0.289307
4 4 0.101121 0.171481 0.245346 0.037697 0.444354
4 4 0.179376 0.198168 0.192959 0.038588 0.390909
4 4 0.282087 0.210189 0.164806 0.043683 0.299235
4 4 0.241447 0.214748 0.172327 0.045708 0.325771
4 4 0.209610 0.219145 0.199864 0.058862 0.312518
4 4 0.173566 0.210315 0.220067 0.057103 0.338949
4 4 0.183498 0.211841 0.210055 0.054588 0.340019
4 0 0.180388 0.199178 0.195865 0.040037 0.384532
4 0 0.242300 0.197388 0.162291 0.032146 0.365875
4 0 0.150617 0.173142 0.157884 0.021007 0.497350
4 0 0.136736 0.172559 0.174899 0.023604 0.492203
4 0 0.094805 0.154524 0.203890 0.022943 0.523839
4 0 0.091517 0.161068 0.235682 0.030845 0.480888
4 0 0.075945 0.151026 0.250431 0.029833 0.492765
4 0 0.075905 0.149272 0.243337 0.027874 0.503612
4 0 0.075107 0.143619 0.223862 0.022862 0.534550
4 0 0.118725 0.163254 0.179643 0.021631 0.516748
4 0 0.118255 0.174887 0.214099 0.031986 0.460774
4 0 0.156652 0.200529 0.218586 0.047760 0.376473
4 0 0.130225 0.197389 0.262376 0.062389 0.347621
4 0 0.124824 0.194382 0.271238 0.063351 0.346205
4 0 0.113879 0.190371 0.280643 0.063606 0.351501
4 0 0.109513 0.182397 0.261850 0.049086 0.397154
4 0 0.103394 0.174929 0.251497 0.041160 0.429020
4 1 0.081200 0.158401 0.260804 0.035080 0.464514
4 4 0.071491 0.143991 0.287978 0.032888 0.463652
4 4 0.074148 0.144010 0.343399 0.044122 0.394322
4 4 0.134223 0.182819 0.295132 0.061496 0.326330
4 4 0.164236 0.198005 0.274347 0.071552 0.291859
4 4 0.201812 0.211683 0.190603 0.047575 0.348327
4 4 0.123039 0.180625 0.221773 0.036417 0.438147
4 4 0.116615 0.170228 0.203378 0.027957 0.481822
4 4 0.068708 0.128050 0.187928 0.014686 0.600627
4 4 0.057882 0.120298 0.197425 0.014202 0.610192
4 4 0.055878 0.117424 0.194088 0.013361 0.619250
4 4 0.061701 0.129204 0.223800 0.018883 0.566412
4 4 0.057768 0.134993 0.300455 0.031803 0.474981
4 4 0.066911 0.147437 0.333431 0.045779 0.406442
2 2 0.044465 0.083934 0.619128 0.070969 0.181504
2 2 0.039867 0.068027 0.682837 0.075480 0.133789
2 2 0.037566 0.060611 0.711347 0.077742 0.112734
2 2 0.035936 0.051406 0.726141 0.111735 0.074782
2 2 0.028559 0.034308 0.710857 0.192029 0.034246
2 2 0.018750 0.020886 0.636710 0.307772 0.015882
2 2 0.017123 0.016954 0.481914 0.475122 0.008887
3 2 0.017710 0.017954 0.470108 0.484723 0.009504
3 2 0.021532 0.021151 0.463649 0.482932 0.010736
2 2 0.025435 0.028336 0.550223 0.376999 0.019007
2 2 0.032384 0.034556 0.536325 0.374885 0.021850
2 2 0.038432 0.042757 0.502786 0.388785 0.027240
2 2 0.043244 0.046798 0.445767 0.437613 0.026578
3 2 0.033886 0.042978 0.407038 0.488861 0.027238
3 2 0.023749 0.029647 0.431208 0.496523 0.018874
2 2 0.018514 0.022988 0.486801 0.455997 0.015700
2 2 0.016479 0.020262 0.506566 0.442637 0.014055
3 2 0.018448 0.021540 0.428326 0.519103 0.012583
3 2 0.015113 0.016290 0.355574 0.605244 0.007779
3 2 0.013594 0.013049 0.368760 0.599008 0.005588
3 2 0.014912 0.014782 0.430900 0.532209 0.007197
3 2 0.018304 0.020045 0.458320 0.491949 0.011382
3 2 0.018336 0.022588 0.412417 0.532969 0.013690
3 2 0.023810 0.029917 0.383275 0.545169 0.017829
3 2 0.021809 0.026635 0.382148 0.554096 0.015312
3 2 0.023131 0.027905 0.324714 0.609798 0.014452
3 3 0.021818 0.027692 0.282820 0.653196 0.014474
3 3 0.021524 0.030657 0.244476 0.686362 0.016981
3 3 0.019523 0.027869 0.253378 0.683876 0.015354
3 3 0.019956 0.026734 0.275884 0.663129 0.014296
3 3 0.025168 0.031399 0.318484 0.608205 0.016744
3 3 0.021411 0.025150 0.328768 0.611963 0.012708
3 3 0.018667 0.020881 0.347017 0.603166 0.010269
3 3 0.021088 0.025097 0.368737 0.571364 0.013714
3 3 0.013508 0.017065 0.301211 0.659307 0.008909
3 3 0.013603 0.018996 0.256131 0.701031 0.010240
3 3 0.013328 0.019551 0.215398 0.741379 0.010344
3 3 0.012895 0.020214 0.189233 0.766663 0.010995
3 3 0.009869 0.016936 0.162681 0.801134 0.009380
3 3 0.009027 0.015537 0.157486 0.809431 0.008518
3 3 0.011528 0.018846 0.168558 0.790763 0.010305
3 3 0.023190 0.030486 0.206028 0.724438 0.015857
3 3 0.073229 0.064705 0.290005 0.541127 0.030934
2 3 0.146462 0.104503 0.358021 0.340555 0.050459
0 3 0.309643 0.145732 0.307712 0.165299 0.071613
0 3 0.352843 0.198786 0.208039 0.103895 0.136438
2 3 0.169084 0.163160 0.348337 0.210858 0.108561
2 3 0.067556 0.080090 0.497778 0.295430 0.059146
2 3 0.048926 0.059475 0.561609 0.281828 0.048161
2 2 0.072876 0.107105 0.561904 0.114784 0.143332
2 2 0.078200 0.092484 0.511323 0.244971 0.073022
0 2 0.473422 0.170300 0.102079 0.022169 0.232030
4 4 0.196247 0.143670 0.075414 0.006613 0.578056
4 4 0.276166 0.190831 0.107576 0.019179 0.406246
4 4 0.206009 0.184296 0.129243 0.019853 0.460599
4 4 0.154596 0.174156 0.155471 0.020918 0.494859
4 4 0.158759 0.170319 0.153464 0.019417 0.498041
4 4 0.302848 0.167970 0.099572 0.013044 0.416566
4 4 0.334680 0.173106 0.096958 0.014484 0.380771
0 4 0.480185 0.168589 0.079392 0.016412 0.255422
0 4 0.452405 0.178648 0.090551 0.020421 0.257974
0 4 0.368941 0.196812 0.110021 0.026126 0.298101
4 4 0.278158 0.204419 0.126566 0.027913 0.362942
4 4 0.237179 0.218283 0.174677 0.048962 0.320899
4 4 0.222142 0.220270 0.186967 0.054763 0.315857
4 4 0.200357 0.222598 0.217863 0.072842 0.286340
4 4 0.189730 0.213003 0.204960 0.053772 0.338534
4 1 0.124603 0.187767 0.241647 0.046175 0.399808
4 1 0.099216 0.169360 0.243115 0.036105 0.452204
4 1 0.085368 0.163339 0.265628 0.038632 0.447033
4 1 0.082624 0.169297 0.304431 0.054327 0.389321
2 1 0.073514 0.143661 0.420654 0.073041 0.289130
2 2 0.069041 0.101491 0.577889 0.103796 0.147782
2 2 0.063025 0.071490 0.654045 0.140227 0.071214
2 2 0.107799 0.105163 0.517855 0.195769 0.073414
2 2 0.138983 0.143752 0.417990 0.202363 0.096911
2 2 0.189323 0.219618 0.266038 0.139120 0.185900
2 2 0.175208 0.221850 0.257669 0.106829 0.238444
4 4 0.150576 0.206785 0.249783 0.067074 0.325782
4 4 0.122899 0.186387 0.240958 0.045037 0.404718
4 4 0.091392 0.167241 0.259910 0.039210 0.442247
4 4 0.071921 0.153758 0.280071 0.037324 0.456925
4 4 0.059692 0.138702 0.270037 0.028794 0.502774
4 4 0.051209 0.128682 0.269135 0.025133 0.525841
4 4 0.063332 0.137584 0.246444 0.024494 0.528146
4 4 0.061343 0.140635 0.270566 0.029622 0.497834
4 4 0.067635 0.145581 0.262411 0.030011 0.494361
4 4 0.069666 0.142236 0.238940 0.024777 0.524382
4 4 0.060085 0.128317 0.220940 0.018464 0.572194
4 4 0.059248 0.112008 0.162051 0.009805 0.656888
4 4 0.050059 0.110706 0.191553 0.011997 0.635685
4 4 0.066296 0.111944 0.142243 0.008329 0.671189
4 4 0.057965 0.115958 0.180484 0.011887 0.633707
4 4 0.062313 0.120647 0.182465 0.012829 0.621746
4 4 0.058474 0.102921 0.134769 0.006879 0.696956
4 4 0.054589 0.101936 0.142625 0.007468 0.693383
4 4 0.064746 0.113395 0.151099 0.010535 0.660224
4 4 0.074463 0.124783 0.160979 0.011516 0.628259
4 4 0.057130 0.121060 0.203535 0.014961 0.603314
4 4 0.053009 0.126685 0.248370 0.021545 0.550390
4 4 0.056153 0.129282 0.243806 0.021654 0.549106
4 4 0.063219 0.130535 0.216991 0.018508 0.570747
4 4 0.077797 0.130862 0.171459 0.013498 0.606384
4 4 0.062583 0.125082 0.197995 0.015173 0.599168
4 4 0.054378 0.129356 0.253694 0.023058 0.539514
4 4 0.056798 0.132996 0.258005 0.024826 0.527375
4 4 0.060564 0.138346 0.263636 0.027548 0.509906
4 4 0.058550 0.133848 0.252776 0.024296 0.530530
4 4 0.077328 0.137132 0.193250 0.017119 0.575171
4 4 0.068731 0.131578 0.200591 0.016789 0.582310
4 4 0.077811 0.143104 0.212842 0.021111 0.545131
4 4 0.062951 0.138297 0.364708 0.046549 0.387495
2 4 0.047326 0.081050 0.638396 0.081268 0.151961
2 4 0.035181 0.050258 0.743772 0.092243 0.078546
2 4 0.038172 0.058890 0.704548 0.104233 0.094157
2 4 0.056845 0.110227 0.527217 0.072879 0.232831
4 4 0.066176 0.143488 0.259732 0.028726 0.501879
4 4 0.073425 0.130799 0.183110 0.014695 0.597970
4 4 0.064350 0.114906 0.156551 0.009760 0.654433
4 4 0.059059 0.099712 0.123722 0.005930 0.711577
4 4 0.062419 0.101382 0.120762 0.005904 0.709533
4 4 0.060046 0.106644 0.142124 0.007734 0.683452
4 4 0.065254 0.130489 0.208894 0.017522 0.577841
4 4 0.063443 0.146245 0.286994 0.035297 0.468021
2 4 0.054139 0.096404 0.585429 0.082315 0.181712
2 4 0.053959 0.085767 0.626803 0.093270 0.140201
2 4 0.056207 0.085485 0.628515 0.099496 0.130297
2 4 0.067916 0.096607 0.592874 0.115629 0.126974
2 4 0.072598 0.089709 0.604487 0.137312 0.095894
2 4 0.066440 0.077856 0.636764 0.139202 0.079738
2 4 0.062193 0.070383 0.657566 0.139684 0.070175
2 4 0.081668 0.106830 0.558043 0.132981 0.120478
2 4 0.131340 0.176118 0.319790 0.065436 0.307316
4 4 0.187456 0.191034 0.187931 0.033512 0.400066
4 4 0.257645 0.171415 0.122568 0.016022 0.432349
4 4 0.321233 0.169526 0.108830 0.014998 0.385413
4 4 0.302849 0.167868 0.086905 0.011485 0.430893
4 4 0.273853 0.180633 0.115421 0.017656 0.412437
4 4 0.266555 0.203705 0.161881 0.036879 0.330980
4 4 0.164373 0.203804 0.215559 0.049316 0.366948
2 4 0.087898 0.138515 0.463284 0.095258 0.215044
2 4 0.095378 0.145792 0.426976 0.079581 0.252274
4 4 0.125761 0.171054 0.304496 0.052985 0.345705
4 4 0.222344 0.185507 0.147769 0.023507 0.420873
4 4 0.283161 0.185647 0.135908 0.023030 0.372254
4 4 0.325734 0.188389 0.129851 0.024798 0.331228
0 4 0.329931 0.193142 0.135649 0.028568 0.312711
0 4 0.354152 0.193956 0.126225 0.028268 0.297398
0 4 0.420950 0.182785 0.098764 0.021591 0.275910
4 4 0.307487 0.174223 0.109191 0.015849 0.393250
4 4 0.203266 0.161285 0.110466 0.012098 0.512884
4 4 0.133371 0.149924 0.128150 0.012178 0.576377
4 4 0.096680 0.165936 0.238032 0.033371 0.465980
2 4 0.058211 0.108309 0.543094 0.080324 0.210061
2 4 0.033699 0.045316 0.752418 0.104752 0.063814
2 4 0.031495 0.041797 0.766763 0.100688 0.059257
2 2 0.027697 0.036043 0.786071 0.099396 0.050793
2 2 0.024587 0.033516 0.811621 0.074869 0.055407
2 2 0.020646 0.029004 0.829434 0.069558 0.051358
2 2 0.019526 0.026819 0.818616 0.093189 0.041849
2 2 0.021308 0.027669 0.793013 0.121331 0.036680
2 2 0.023309 0.030280 0.737688 0.174100 0.034623
2 2 0.020578 0.027155 0.738938 0.182120 0.031208
2 2 0.019799 0.026135 0.696648 0.230195 0.027223
2 2 0.019700 0.022295 0.664173 0.275680 0.018151
2 2 0.024719 0.026296 0.601554 0.329314 0.018117
2 2 0.024007 0.026120 0.613888 0.317160 0.018826
2 3 0.020461 0.023044 0.620505 0.318650 0.017341
2 3 0.024711 0.031736 0.641812 0.272419 0.029323
2 3 0.048425 0.068178 0.677505 0.111163 0.094728
2 3 0.044543 0.055429 0.581450 0.271269 0.047309
2 3 0.275698 0.180328 0.278598 0.082081 0.183295
4 3 0.210278 0.198992 0.207700 0.044928 0.338102
0 3 0.321948 0.209137 0.189981 0.067147 0.211788
2 2 0.233173 0.190524 0.290672 0.102049 0.183581
2 2 0.152544 0.202086 0.285152 0.111406 0.248812
2 2 0.084302 0.136710 0.449659 0.140858 0.188471
2 2 0.075845 0.122067 0.510411 0.119858 0.171820
2 2 0.078657 0.104511 0.565486 0.131697 0.119649
2 2 0.085180 0.104391 0.555910 0.150807 0.103713
2 2 0.057614 0.064137 0.621558 0.202235 0.054457
2 2 0.035651 0.039301 0.662667 0.229729 0.032652
2 2 0.032975 0.038270 0.680451 0.213445 0.034859
2 2 0.036809 0.050476 0.627879 0.232805 0.052031
2 2 0.033000 0.043611 0.574978 0.310337 0.038075
2 2 0.026365 0.031738 0.574086 0.343552 0.024260
2 2 0.021229 0.025378 0.582256 0.351866 0.019271
2 2 0.027010 0.032274 0.534012 0.383733 0.022971
2 3 0.038134 0.050495 0.454051 0.420723 0.036596
3 3 0.042317 0.061802 0.323234 0.531843 0.040804
3 3 0.038083 0.057878 0.273784 0.593909 0.036346
3 3 0.032361 0.052063 0.246250 0.636470 0.032856
3 3 0.034337 0.054539 0.253530 0.623099 0.034495
3 3 0.029249 0.043556 0.237707 0.663820 0.025668
3 3 0.039364 0.061264 0.259623 0.600735 0.039013
3 3 0.026870 0.050488 0.191907 0.697061 0.033674
3 3 0.018222 0.032302 0.171112 0.758766 0.019598
3 3 0.015718 0.021316 0.163523 0.788822 0.010620
3 3 0.021108 0.029833 0.164939 0.768341 0.015778
3 3 0.014486 0.023700 0.131270 0.817540 0.013004
3 3 0.010427 0.015637 0.113768 0.852426 0.007742
3 3 0.018349 0.024237 0.123614 0.822014 0.011786
3 3 0.024620 0.032575 0.120015 0.806457 0.016333
3 3 0.019197 0.030646 0.108025 0.825338 0.016794
3 3 0.014994 0.021821 0.107423 0.844811 0.010951
3 3 0.010317 0.014906 0.094002 0.873683 0.007093
3 3 0.007404 0.011345 0.078674 0.897219 0.005357
3 3 0.006298 0.010115 0.067163 0.911631 0.004794
3 3 0.008015 0.012066 0.073953 0.900313 0.005653
3 3 0.010028 0.014065 0.063840 0.905696 0.006371
3 3 0.009181 0.015480 0.059209 0.908329 0.007801
3 3 0.011130 0.017875 0.065972 0.896060 0.008963
3 3 0.009459 0.016253 0.061184 0.904767 0.008337
3 3 0.012763 0.019014 0.069505 0.889481 0.009237
3 3 0.013662 0.019308 0.070670 0.887225 0.009135
3 3 0.015404 0.022977 0.079471 0.870650 0.011498
3 3 0.015769 0.022480 0.078637 0.872176 0.010938
3 3 0.011965 0.018452 0.067782 0.892707 0.009093
3 3 0.009675 0.014525 0.057294 0.911701 0.006805
3 3 0.007455 0.010945 0.046851 0.929892 0.004858
3 3 0.006204 0.009535 0.042193 0.937814 0.004254
3 3 0.006755 0.009974 0.043784 0.935105 0.004382
3 3 0.010895 0.014905 0.058960 0.908578 0.006663
3 3 0.012977 0.017334 0.065851 0.896014 0.007824
3 3 0.012465 0.018298 0.067741 0.892729 0.008767
3 3 0.014223 0.021735 0.076212 0.876903 0.010928
3 3 0.018390 0.026910 0.088993 0.852048 0.013659
3 3 0.015556 0.022479 0.078520 0.872427 0.011019
3 3 0.011010 0.018098 0.066388 0.895296 0.009208
3 3 0.009748 0.016082 0.065427 0.900651 0.008092
3 3 0.010050 0.019868 0.069527 0.889214 0.011341
3 3 0.036130 0.040994 0.122166 0.781301 0.019409
3 3 0.053263 0.043742 0.131693 0.753714 0.017589
3 3 0.168148 0.095263 0.192910 0.499904 0.043774
3 3 0.264670 0.129817 0.204995 0.332913 0.067605
3 3 0.118109 0.122600 0.223227 0.459275 0.076790
3 3 0.059918 0.080871 0.186571 0.624952 0.047688
3 3 0.019376 0.034305 0.148594 0.777044 0.020680
3 3 0.013714 0.025773 0.159236 0.785618 0.015658
3 3 0.008292 0.016230 0.128286 0.837754 0.009438
3 3 0.007918 0.015621 0.124959 0.842434 0.009069
3 3 0.010203 0.018530 0.122366 0.838461 0.010440
3 3 0.020476 0.029967 0.146674 0.786882 0.016001
3 3 0.025427 0.036465 0.153809 0.764540 0.019759
3 3 0.020111 0.031221 0.159371 0.771871 0.017426
3 3 0.022527 0.031108 0.160007 0.770083 0.016275
3 3 0.018767 0.029238 0.138672 0.797281 0.016042
3 3 0.015544 0.024423 0.106679 0.840419 0.012935
3 3 0.020827 0.027968 0.100767 0.836718 0.013720
3 3 0.063106 0.058311 0.157290 0.694978 0.026315
3 3 0.182138 0.106502 0.214785 0.449074 0.047500
0 3 0.388919 0.155913 0.205072 0.170302 0.079795
0 3 0.378752 0.174247 0.215720 0.136249 0.095032
0 3 0.317573 0.202139 0.225021 0.119145 0.136122
2 3 0.183197 0.182168 0.284740 0.226004 0.123891
3 3 0.071491 0.076594 0.400189 0.407693 0.044032
2 3 0.038225 0.042410 0.509565 0.382585 0.027214
2 3 0.025190 0.029366 0.664963 0.255242 0.025240
2 3 0.030246 0.038768 0.726955 0.159502 0.044529
2 3 0.033218 0.042570 0.729103 0.144629 0.050480
2 2 0.043345 0.062875 0.687112 0.117405 0.089264
2 2 0.055346 0.104730 0.551667 0.077238 0.211019
4 2 0.051011 0.129973 0.340428 0.036949 0.441640
4 4 0.052878 0.120838 0.221879 0.016861 0.587544
4 4 0.050775 0.110934 0.189342 0.011847 0.637102
4 4 0.053982 0.106777 0.161078 0.009058 0.669105
4 4 0.055076 0.100509 0.136512 0.006750 0.701153
4 4 0.056346 0.106592 0.152701 0.008446 0.675915
4 4 0.064044 0.110242 0.142737 0.008171 0.674806
4 4 0.072953 0.124094 0.162660 0.011564 0.628729
4 4 0.081545 0.126701 0.150395 0.010851 0.630509
4 4 0.079724 0.126153 0.152757 0.010982 0.630385
4 4 0.070465 0.125727 0.174668 0.012941 0.616199
4 4 0.066200 0.123282 0.179136 0.012959 0.618424
4 4 0.079054 0.134720 0.180466 0.015154 0.590606
4 4 0.077819 0.126003 0.156611 0.011304 0.628263
4 4 0.089865 0.124025 0.127991 0.008641 0.649478
4 4 0.082829 0.125933 0.145614 0.010328 0.635296
4 4 0.088117 0.123195 0.128827 0.008611 0.651250
4 4 0.069923 0.111190 0.131732 0.007515 0.679641
4 4 0.071467 0.108727 0.121921 0.006628 0.691256
4 4 0.071439 0.111939 0.130592 0.007514 0.678516
4 4 0.066179 0.115619 0.153826 0.009640 0.654736
4 4 0.076296 0.122522 0.149899 0.010231 0.641052
4 4 0.060516 0.119188 0.183348 0.012667 0.624281
4 4 0.071985 0.130626 0.186770 0.015054 0.595566
4 4 0.067016 0.130186 0.201343 0.016579 0.584876
4 4 0.062202 0.140228 0.264118 0.028310 0.505142
4 4 0.062588 0.146412 0.312489 0.040786 0.437724
2 4 0.049741 0.115544 0.458537 0.052172 0.324006
2 2 0.061585 0.100042 0.576659 0.106617 0.155097
2 2 0.053164 0.083989 0.603721 0.142285 0.116842
2 2 0.052292 0.112641 0.471264 0.051644 0.312159
2 2 0.045337 0.088323 0.600012 0.068982 0.197345
2 2 0.044247 0.083968 0.618318 0.070392 0.183075
2 2 0.037126 0.059218 0.716599 0.078197 0.108860
2 2 0.030321 0.041598 0.763234 0.104490 0.060357
2 2 0.029327 0.039754 0.769838 0.103825 0.057257
2 2 0.031364 0.042563 0.767012 0.096268 0.062793
2 2 0.031258 0.043756 0.769326 0.086298 0.069362
2 2 0.034281 0.045878 0.762226 0.089603 0.068011
2 2 0.034240 0.048621 0.749181 0.092234 0.075723
2 2 0.031569 0.042452 0.769057 0.094472 0.062449
2 2 0.032378 0.044160 0.769190 0.086291 0.067982
2 2 0.026613 0.036187 0.792455 0.089007 0.055737
2 2 0.024058 0.030962 0.796401 0.106097 0.042482
2 2 0.029872 0.037594 0.755860 0.130805 0.045869
2 2 0.067394 0.085155 0.621286 0.130126 0.096039
2 2 0.159488 0.217298 0.273025 0.110284 0.239905
0 2 0.290458 0.228461 0.153230 0.054416 0.273435
0 2 0.343322 0.214315 0.112349 0.032767 0.297247
0 2 0.481564 0.184184 0.097914 0.028763 0.207576
4 2 0.290930 0.187353 0.092395 0.016034 0.413287
4 2 0.256668 0.211908 0.144976 0.035419 0.351029
4 2 0.172958 0.214451 0.233667 0.068772 0.310152
2 2 0.056530 0.090172 0.612654 0.094776 0.145869
2 2 0.052062 0.081016 0.642684 0.093917 0.130321
2 2 0.049240 0.080705 0.640946 0.089337 0.139773
2 2 0.043982 0.055623 0.721707 0.107525 0.071163
2 2 0.033817 0.038433 0.755448 0.130447 0.041855
2 2 0.041517 0.050191 0.708926 0.144285 0.055081
2 2 0.075986 0.131038 0.470258 0.079308 0.243410
4 2 0.134820 0.169994 0.171341 0.022239 0.501605
4 2 0.231222 0.157850 0.079480 0.008644 0.522804
4 4 0.284207 0.171309 0.081525 0.011208 0.451751
4 4 0.311715 0.184294 0.082553 0.014219 0.407219
4 4 0.274773 0.205517 0.123291 0.027373 0.369046
4 4 0.255401 0.203897 0.130851 0.027781 0.382070
4 4 0.168100 0.161978 0.118799 0.013226 0.537897
4 4 0.169276 0.143760 0.088901 0.007689 0.590373
4 4 0.177101 0.136533 0.074953 0.005897 0.605517
4 4 0.182771 0.136711 0.072616 0.005747 0.602155
4 4 0.164962 0.136012 0.080350 0.006239 0.612437
4 4 0.177646 0.145349 0.086479 0.007668 0.582858
4 4 0.151194 0.146257 0.104975 0.009380 0.588194
4 4 0.285545 0.184427 0.108958 0.017897 0.403172
0 4 0.386734 0.182183 0.116770 0.023280 0.291032
0 4 0.355534 0.179845 0.101675 0.017628 0.345318
4 4 0.213999 0.176748 0.114902 0.015870 0.478480
4 4 0.203664 0.176433 0.117777 0.016144 0.485983
4 4 0.173433 0.181729 0.151452 0.022553 0.470833
4 4 0.176875 0.157828 0.105529 0.011090 0.548678
4 4 0.133858 0.140737 0.109882 0.009119 0.606404
4 4 0.153696 0.143910 0.099215 0.008576 0.594603
4 4 0.139546 0.151034 0.123930 0.011915 0.573575
4 4 0.161861 0.174129 0.147530 0.019699 0.496781
4 4 0.162585 0.173422 0.145344 0.019187 0.499462
4 4 0.126955 0.169279 0.181727 0.023738 0.498301
4 4 0.151997 0.180030 0.171962 0.025560 0.470452
4 4 0.171266 0.183047 0.156375 0.023821 0.465490
4 4 0.160362 0.176121 0.153283 0.021140 0.489094
4 4 0.157606 0.172347 0.148292 0.019336 0.502418
4 4 0.132045 0.158238 0.147464 0.015924 0.546329
4 4 0.177166 0.166065 0.131841 0.015465 0.509462
4 4 0.266301 0.170088 0.116175 0.015002 0.432433
4 4 0.322306 0.178538 0.104682 0.016647 0.377827
4 4 0.342820 0.177195 0.095443 0.015439 0.369102
4 4 0.319137 0.199684 0.123842 0.027545 0.329792
4 4 0.220590 0.194640 0.139981 0.025274 0.419514
4 4 0.146163 0.181472 0.183478 0.028288 0.460599
4 4 0.153180 0.186420 0.185916 0.030825 0.443659
4 4 0.235415 0.198786 0.153726 0.030384 0.381689
4 4 0.310992 0.181565 0.096090 0.015721 0.395631
4 4 0.336307 0.180604 0.095650 0.016111 0.371329
4 4 0.330976 0.161028 0.072458 0.009125 0.426413
4 4 0.253153 0.169674 0.107130 0.013626 0.456417
4 4 0.308529 0.160428 0.076018 0.009151 0.445874
4 4 0.296169 0.161923 0.089084 0.010614 0.442211
0 4 0.509285 0.156692 0.059256 0.010988 0.263779
0 4 0.562242 0.160086 0.086616 0.024046 0.167010
0 4 0.633515 0.141170 0.079519 0.024350 0.121447
0 0 0.611377 0.148031 0.084587 0.026214 0.129791
0 0 0.511010 0.176438 0.093198 0.027217 0.192137
0 0 0.350415 0.203213 0.120496 0.030640 0.295237
4 0 0.209163 0.166798 0.099981 0.012034 0.512024
4 0 0.143207 0.149010 0.116581 0.010860 0.580343
4 0 0.167007 0.140118 0.084970 0.006986 0.600919
4 0 0.144139 0.138766 0.097845 0.007870 0.611381
4 0 0.176298 0.133741 0.071786 0.005434 0.612740
4 0 0.170820 0.147242 0.093101 0.008449 0.580388
4 0 0.210714 0.150910 0.078281 0.007641 0.552453
4 0 0.171993 0.135382 0.075900 0.005862 0.610863
4 0 0.182821 0.152907 0.094389 0.009292 0.560591
4 1 0.277115 0.184199 0.122179 0.019847 0.396661
0 1 0.448353 0.191087 0.110402 0.032756 0.217402
0 1 0.394533 0.206768 0.125459 0.041024 0.232216
0 1 0.332750 0.208649 0.118570 0.031093 0.308938
4 1 0.186904 0.189085 0.153476 0.025461 0.445073
4 1 0.155715 0.195680 0.206417 0.040671 0.401517
4 4 0.180793 0.215984 0.227184 0.075173 0.300866
4 4 0.198613 0.221422 0.219700 0.090175 0.270090
4 4 0.222117 0.222495 0.192339 0.059753 0.303296
4 4 0.243728 0.197059 0.134128 0.025497 0.399588
4 4 0.265472 0.192823 0.118543 0.021518 0.401643
0 4 0.381676 0.197722 0.105219 0.026161 0.289220
0 4 0.442265 0.194902 0.110890 0.034412 0.217530
0 4 0.484264 0.184470 0.108031 0.034261 0.188974
0 4 0.529225 0.171940 0.094534 0.028483 0.175818
0 4 0.397337 0.181690 0.085382 0.016830 0.318762
4 4 0.292659 0.196762 0.105466 0.020978 0.384135
0 4 0.408518 0.203051 0.117158 0.036798 0.234474
0 4 0.463176 0.183317 0.154140 0.065112 0.134255
0 4 0.428811 0.193800 0.150543 0.063288 0.163557
0 4 0.338402 0.216983 0.170800 0.068740 0.205075
0 4 0.254453 0.232852 0.188162 0.077535 0.246997
4 4 0.197607 0.220980 0.216748 0.069402 0.295263
2 4 0.108687 0.160151 0.416644 0.126339 0.188178
2 2 0.123355 0.157136 0.419182 0.142979 0.157348
2 2 0.168754 0.152206 0.390834 0.186515 0.101691
0 2 0.231027 0.229269 0.215809 0.092984 0.230910
2 2 0.199261 0.226111 0.237955 0.130998 0.205675
0 2 0.540032 0.161374 0.126160 0.056144 0.116290
0 2 0.433540 0.196729 0.109668 0.033495 0.226568
0 2 0.516848 0.172470 0.128759 0.049436 0.132488
0 2 0.319174 0.221077 0.174437 0.070380 0.214931
2 2 0.141161 0.208108 0.284028 0.094241 0.272462
2 2 0.088922 0.126284 0.506133 0.128029 0.150633
2 2 0.053056 0.058312 0.654238 0.182895 0.051499
2 2 0.058764 0.058675 0.670729 0.163032 0.048800
2 2 0.057666 0.054989 0.685316 0.157711 0.044318
2 2 0.050734 0.052218 0.710111 0.138398 0.048540
2 2 0.050681 0.051041 0.711156 0.141068 0.046054
2 2 0.066186 0.076229 0.639936 0.141288 0.076361
2 2 0.106919 0.112449 0.508959 0.186853 0.084820
2 2 0.208815 0.167336 0.345147 0.165515 0.113188
0 2 0.383723 0.195866 0.191938 0.091710 0.136763
0 2 0.521896 0.169620 0.132328 0.052596 0.123559
0 0 0.549595 0.156824 0.136873 0.059395 0.097313
0 0 0.504748 0.168150 0.148059 0.067906 0.111137
0 0 0.392511 0.184029 0.186352 0.111401 0.125706
0 0 0.294502 0.199843 0.211170 0.140495 0.153990
0 1 0.234349 0.204292 0.224287 0.166671 0.170402
3 1 0.170436 0.186042 0.241832 0.251252 0.150439
3 1 0.216328 0.167806 0.242133 0.267090 0.106643
0 1 0.361467 0.177790 0.197811 0.146472 0.116461
0 1 0.420993 0.173606 0.183544 0.113704 0.108153
0 1 0.443608 0.188401 0.159236 0.067578 0.141177
0 1 0.381061 0.207237 0.162339 0.065000 0.184363
0 1 0.310895 0.215904 0.201803 0.093108 0.178290
0 1 0.327765 0.212322 0.197826 0.090994 0.171093
0 1 0.310160 0.209604 0.216692 0.108259 0.155285
0 1 0.387845 0.173552 0.197556 0.136028 0.105019
0 1 0.382093 0.165106 0.188277 0.161357 0.103167
0 1 0.442243 0.151103 0.161877 0.150657 0.094120
0 0 0.542449 0.127973 0.136259 0.124259 0.069059
0 0 0.660492 0.117683 0.102013 0.055567 0.064245
0 0 0.694756 0.117781 0.084232 0.031091 0.072140
0 0 0.730999 0.107640 0.068519 0.023039 0.069803
0 0 0.802585 0.081827 0.052304 0.017593 0.045690
0 0 0.753414 0.100506 0.060437 0.019410 0.066234
0 0 0.644537 0.137152 0.067057 0.018350 0.132903
0 0 0.360617 0.211357 0.111829 0.032839 0.283360
0 0 0.348890 0.217110 0.142698 0.049778 0.241524
4 1 0.189852 0.212172 0.236430 0.069700 0.291846
4 1 0.196711 0.222798 0.223511 0.076798 0.280182
2 1 0.216727 0.226266 0.235298 0.108728 0.212981
0 1 0.252143 0.219901 0.232817 0.117898 0.177241
0 1 0.284803 0.220509 0.198239 0.079712 0.216736
2 1 0.156423 0.159145 0.386211 0.184828 0.113393
2 1 0.112572 0.119013 0.463886 0.222164 0.082364
2 1 0.054316 0.065483 0.656372 0.156297 0.067532
2 1 0.062824 0.080680 0.637243 0.124185 0.095068
2 1 0.053925 0.107434 0.534575 0.071763 0.232303
4 1 0.068884 0.148264 0.268849 0.032355 0.481648
4 1 0.063688 0.124839 0.193094 0.014617 0.603763
4 1 0.098699 0.134296 0.138834 0.010879 0.617291
4 1 0.092209 0.139546 0.164431 0.014297 0.589517
4 4 0.154953 0.165753 0.137559 0.016264 0.525471
4 4 0.178780 0.179577 0.142357 0.021664 0.477621
4 4 0.169983 0.169964 0.131673 0.016439 0.511940
4 4 0.128814 0.137981 0.109579 0.009048 0.614579
4 4 0.052665 0.083359 0.093295 0.004082 0.766598
4 4 0.050272 0.081137 0.092355 0.003824 0.772411
4 4 0.043193 0.089679 0.138785 0.007688 0.720654
4 4 0.067705 0.112039 0.139843 0.010460 0.669952
4 4 0.051702 0.113195 0.195954 0.017662 0.621487
4 4 0.064161 0.115866 0.160644 0.011628 0.647702
4 4 0.061470 0.096190 0.108709 0.004839 0.728792
4 4 0.064193 0.091162 0.091373 0.003679 0.749593
4 4 0.078482 0.093192 0.076652 0.003134 0.748540
4 4 0.072203 0.104026 0.108688 0.005429 0.709653
4 4 0.083525 0.128663 0.151754 0.011255 0.624804
4 4 0.122682 0.149454 0.139812 0.013353 0.574700
4 4 0.104169 0.144882 0.156411 0.014383 0.580155
4 4 0.105207 0.141472 0.146093 0.012680 0.594547
4 4 0.072237 0.106122 0.113804 0.005898 0.701939
4 4 0.062956 0.088959 0.088263 0.003418 0.756403
4 4 0.064128 0.081852 0.071333 0.002406 0.780280
4 4 0.074271 0.078704 0.055273 0.001736 0.790016
4 4 0.074666 0.091399 0.077517 0.003082 0.753336
4 4 0.108097 0.127323 0.110441 0.007646 0.646493
4 4 0.100047 0.156306 0.196947 0.022369 0.524331
4 4 0.069837 0.156551 0.304587 0.045340 0.423685
2 4 0.047630 0.090697 0.595527 0.072299 0.193847
2 4 0.039408 0.058488 0.719533 0.086518 0.096053
2 4 0.037876 0.045914 0.755322 0.102899 0.057988
2 2 0.042395 0.045074 0.712261 0.158605 0.041666
2 2 0.065138 0.074951 0.616305 0.174653 0.068952
2 2 0.074084 0.088826 0.594940 0.154360 0.087791
2 2 0.054356 0.070061 0.653393 0.142024 0.080165
2 2 0.036819 0.044486 0.744041 0.122038 0.052617
2 2 0.037392 0.049106 0.737050 0.110978 0.065474
2 2 0.041556 0.053929 0.691905 0.150001 0.062609
2 2 0.055299 0.070448 0.614997 0.188433 0.070823
2 2 0.050303 0.067463 0.637778 0.168914 0.075542
2 2 0.047450 0.060430 0.668417 0.157018 0.066686
2 2 0.037631 0.044545 0.720710 0.149555 0.047561
2 2 0.040256 0.045651 0.696778 0.173673 0.043642
2 2 0.035393 0.040553 0.683870 0.203135 0.037050
2 2 0.041936 0.045988 0.637599 0.237535 0.036942
2 2 0.038002 0.042320 0.596987 0.291079 0.031612
2 2 0.041084 0.042424 0.580916 0.307250 0.028326
2 2 0.033291 0.033531 0.606689 0.304206 0.022282
2 2 0.039958 0.042460 0.642490 0.242243 0.032850
2 2 0.039348 0.044286 0.633394 0.246878 0.036094
2 2 0.046330 0.050757 0.588936 0.276409 0.037568
2 2 0.058973 0.061252 0.506676 0.335276 0.037823
2 2 0.105892 0.118601 0.411481 0.287017 0.077009
2 2 0.083627 0.100768 0.388462 0.362620 0.064522
2 2 0.075183 0.083878 0.422319 0.367934 0.050685
2 2 0.044896 0.052035 0.507108 0.360390 0.035572
2 2 0.045116 0.047943 0.475219 0.403695 0.028027
3 3 0.036074 0.043206 0.360323 0.536557 0.023840
3 3 0.041017 0.051436 0.314305 0.564085 0.029157
3 3 0.047834 0.062807 0.257639 0.595200 0.036519
3 3 0.043655 0.064424 0.241737 0.610415 0.039769
3 3 0.031985 0.053484 0.233569 0.646574 0.034388
3 3 0.026641 0.041939 0.242189 0.663808 0.025423
3 3 0.017751 0.025597 0.243798 0.698866 0.013989
2 3 0.053123 0.066974 0.470115 0.361086 0.048703
3 3 0.028766 0.033809 0.358579 0.560797 0.018050
3 3 0.035804 0.036915 0.345338 0.563662 0.018281
2 3 0.105521 0.110884 0.406305 0.309065 0.068224
3 3 0.028635 0.040243 0.217282 0.691302 0.022538
3 3 0.013762 0.023300 0.177004 0.772591 0.013343
3 3 0.015759 0.023568 0.194015 0.753933 0.012725
3 3 0.015248 0.023199 0.171612 0.777460 0.012481
3 3 0.013650 0.022952 0.133827 0.816810 0.012762
3 3 0.015736 0.024835 0.125004 0.821053 0.013372
3 3 0.012528 0.019822 0.122491 0.834739 0.010420
3 3 0.011538 0.017072 0.113010 0.849918 0.008462
3 3 0.015833 0.022617 0.135831 0.814232 0.011487
3 3 0.022384 0.030714 0.136097 0.795033 0.015770
3 3 0.022950 0.031582 0.142476 0.786638 0.016354
3 3 0.025525 0.035451 0.135801 0.784608 0.018615
3 3 0.014015 0.024042 0.117467 0.831033 0.013443
3 3 0.011644 0.018319 0.101892 0.858757 0.009388
3 3 0.013762 0.022479 0.117644 0.833967 0.012148
3 3 0.014679 0.027273 0.116618 0.825283 0.016147
3 3 0.021521 0.037363 0.131246 0.787607 0.022262
3 3 0.022223 0.043541 0.123331 0.782823 0.028082
3 3 0.025837 0.048257 0.131535 0.763533 0.030838
3 3 0.022456 0.035674 0.126705 0.795089 0.020075
3 3 0.026837 0.038682 0.144928 0.768502 0.021051
3 3 0.024047 0.031840 0.134188 0.793850 0.016075
3 3 0.020802 0.027334 0.117608 0.820884 0.013373
3 3 0.012781 0.019837 0.093021 0.864255 0.010106
3 3 0.015168 0.021099 0.098388 0.855121 0.010224
3 3 0.012195 0.018439 0.086802 0.873420 0.009144
3 3 0.013530 0.025104 0.091590 0.855321 0.014455
3 3 0.016000 0.031148 0.095580 0.838363 0.018909
3 3 0.012192 0.029605 0.090056 0.848033 0.020115
3 3 0.010227 0.022088 0.085249 0.868855 0.013581
3 3 0.010946 0.022363 0.093241 0.860013 0.013436
3 3 0.015231 0.024920 0.104739 0.841603 0.013507
3 3 0.028632 0.045172 0.126426 0.773760 0.026009
3 3 0.016992 0.034027 0.101316 0.826388 0.021278
3 3 0.014832 0.030645 0.100074 0.835190 0.019259
3 3 0.014136 0.026197 0.104774 0.839599 0.015294
3 3 0.014942 0.027984 0.114358 0.826054 0.016661
3 3 0.012745 0.022774 0.101249 0.850426 0.012806
3 3 0.011278 0.023261 0.091500 0.859874 0.014087
3 3 0.010917 0.020363 0.076196 0.881168 0.011355
3 3 0.008759 0.017528 0.068660 0.895117 0.009936
3 3 0.013268 0.023172 0.086469 0.864350 0.012741
3 3 0.022537 0.036325 0.108478 0.812265 0.020396
3 3 0.030076 0.048939 0.132667 0.759270 0.029049
3 3 0.024298 0.039958 0.115554 0.797145 0.023044
3 3 0.017562 0.026990 0.089261 0.852102 0.014085
3 3 0.011036 0.020738 0.079277 0.877282 0.011666
3 3 0.024090 0.034403 0.105835 0.817747 0.017925
3 3 0.082925 0.070286 0.178217 0.637158 0.031414
3 3 0.240488 0.138374 0.227377 0.322567 0.071193
0 3 0.368690 0.195285 0.184794 0.102463 0.148768
0 3 0.274207 0.230645 0.175200 0.068698 0.251251
1 3 0.208510 0.224805 0.221981 0.127249 0.217455
3 3 0.095568 0.140448 0.301985 0.359668 0.102331
3 3 0.028432 0.039112 0.449461 0.454128 0.028868
2 2 0.031587 0.041917 0.519196 0.373963 0.033337
2 2 0.023923 0.030838 0.626908 0.290548 0.027783
2 2 0.039886 0.046231 0.671906 0.199292 0.042685
2 2 0.114838 0.135919 0.416879 0.221926 0.110438
0 2 0.273371 0.201483 0.228875 0.149251 0.147021
2 2 0.230788 0.205338 0.254972 0.163643 0.145260
2 2 0.136362 0.188636 0.275340 0.256440 0.143221
2 2 0.137496 0.173607 0.331513 0.229649 0.127735
2 2 0.098836 0.140673 0.452919 0.156777 0.150795
2 2 0.111007 0.165376 0.381470 0.115350 0.226796
2 2 0.071452 0.111906 0.496974 0.189692 0.129976
2 2 0.053282 0.070698 0.595186 0.209928 0.070905
2 2 0.031141 0.036765 0.702371 0.194053 0.035670
2 2 0.032652 0.038437 0.747544 0.138895 0.042472
2 2 0.037645 0.044645 0.743467 0.122624 0.051618
2 2 0.048572 0.052843 0.714594 0.130596 0.053395
2 2 0.044576 0.047846 0.667928 0.199217 0.040434
2 2 0.033408 0.036146 0.665538 0.235658 0.029250
2 2 0.037767 0.040283 0.682939 0.205163 0.033848
2 2 0.051366 0.056585 0.660563 0.181011 0.050476
2 2 0.071828 0.073260 0.592941 0.207075 0.054897
2 2 0.155393 0.099482 0.475620 0.219368 0.050138
2 2 0.169491 0.095363 0.471252 0.218986 0.044909
2 2 0.202625 0.108668 0.434755 0.200263 0.053690
2 2 0.120329 0.089484 0.525386 0.214827 0.049974
2 2 0.069222 0.076288 0.609757 0.178630 0.066103
2 2 0.042138 0.066253 0.661851 0.132262 0.097496
2 2 0.051486 0.105025 0.534783 0.076543 0.232162
4 2 0.047525 0.121242 0.293002 0.025153 0.513078
4 4 0.050426 0.110391 0.188642 0.011702 0.638839
4 4 0.048310 0.101891 0.163875 0.008647 0.677277
4 4 0.050559 0.095162 0.132452 0.006018 0.715809
4 4 0.054158 0.094727 0.121148 0.005373 0.724593
4 4 0.059578 0.096091 0.112368 0.005021 0.726941
4 4 0.071189 0.089982 0.078893 0.003071 0.756865
4 4 0.091095 0.088646 0.057795 0.002163 0.760302
4 4 0.121820 0.087523 0.040607 0.001495 0.748555
4 4 0.123212 0.093490 0.046649 0.001899 0.734751
4 4 0.128111 0.105250 0.058678 0.002885 0.705075
4 4 0.094508 0.112807 0.096835 0.005413 0.690437
4 4 0.077952 0.113623 0.122460 0.007131 0.678834
4 4 0.055579 0.096272 0.122150 0.005553 0.720446
4 4 0.059669 0.081077 0.075691 0.002533 0.781029
4 4 0.056005 0.079491 0.077681 0.002536 0.784287
4 4 0.073941 0.080223 0.058040 0.001877 0.785918
4 4 0.086662 0.099746 0.080231 0.003644 0.729717
4 4 0.116148 0.135080 0.117038 0.009047 0.622687
4 4 0.178741 0.152059 0.095515 0.009280 0.564405
4 4 0.128772 0.144493 0.122146 0.010749 0.593840
4 4 0.130604 0.126504 0.087976 0.005942 0.648973
4 4 0.073630 0.106159 0.111456 0.005762 0.702995
4 4 0.055271 0.087765 0.099126 0.003823 0.754015
4 4 0.056723 0.082135 0.082574 0.002839 0.775730
4 4 0.055376 0.085735 0.093692 0.003471 0.761727
4 4 0.090552 0.089690 0.059770 0.002279 0.757710
4 4 0.068541 0.080325 0.063382 0.002064 0.785689
4 4 0.075145 0.075619 0.049774 0.001471 0.797991
4 4 0.051506 0.069926 0.063573 0.001713 0.813282
4 4 0.058992 0.075260 0.064600 0.001925 0.799223
4 4 0.058851 0.080600 0.075841 0.002518 0.782191
4 4 0.087754 0.097174 0.074472 0.003235 0.737364
4 4 0.070594 0.103581 0.110392 0.005491 0.709942
4 4 0.138591 0.168777 0.163122 0.020605 0.508905
4 4 0.102353 0.170643 0.310253 0.055544 0.361207
4 4 0.067682 0.136626 0.223874 0.020928 0.550891
4 4 0.049620 0.128098 0.276413 0.026067 0.519803
4 4 0.046201 0.119430 0.253004 0.020158 0.561206
4 4 0.045977 0.121978 0.268137 0.022868 0.541040
4 4 0.057554 0.133697 0.257302 0.024943 0.526505
4 4 0.063346 0.146846 0.290600 0.036387 0.462822
4 4 0.059819 0.139238 0.358851 0.046602 0.395490
2 4 0.057040 0.131948 0.392363 0.049247 0.369402
2 2 0.056710 0.136175 0.389674 0.053211 0.364230
2 2 0.056168 0.128045 0.438525 0.060409 0.316853
4 2 0.070753 0.152875 0.327136 0.048130 0.401106
4 2 0.067604 0.151346 0.290079 0.038508 0.452463
4 2 0.087684 0.165405 0.265630 0.039716 0.441564
4 2 0.134001 0.183724 0.284077 0.057726 0.340472
2 2 0.156503 0.191284 0.324977 0.107826 0.219411
2 2 0.164892 0.181000 0.345945 0.168953 0.139210
2 2 0.214089 0.182491 0.321080 0.132968 0.149372
2 2 0.176089 0.187358 0.326455 0.109096 0.201002
4 2 0.177769 0.217547 0.235738 0.074941 0.294005
4 2 0.146633 0.208013 0.275343 0.086468 0.283543
2 2 0.149630 0.185009 0.344912 0.117434 0.203014
2 2 0.152120 0.125623 0.458184 0.176380 0.087693
2 2 0.137127 0.134387 0.449896 0.178287 0.100303
2 2 0.111403 0.145367 0.449595 0.150849 0.142786
2 2 0.113177 0.148233 0.442424 0.150835 0.145331
2 2 0.104694 0.108447 0.517833 0.188258 0.080769
2 2 0.115112 0.111322 0.492885 0.207712 0.072968
2 2 0.102566 0.097389 0.532192 0.202920 0.064933
2 2 0.072237 0.073200 0.629020 0.165608 0.059934
2 2 0.056738 0.062509 0.681746 0.137247 0.061760
2 2 0.048981 0.056679 0.709651 0.122179 0.062509
2 2 0.048751 0.052842 0.715577 0.129477 0.053353
2 2 0.057350 0.060326 0.682607 0.143953 0.055764
2 2 0.060031 0.064484 0.670692 0.144274 0.060519
2 2 0.051286 0.053940 0.706846 0.136430 0.051499
2 2 0.042118 0.040751 0.747264 0.133238 0.036629
2 2 0.041048 0.037490 0.751803 0.138345 0.031314
2 2 0.045393 0.043350 0.733764 0.140013 0.037480
2 2 0.051756 0.052201 0.706793 0.142334 0.046917
2 2 0.049591 0.048598 0.716310 0.143017 0.042485
2 2 0.046590 0.045719 0.728466 0.138471 0.040754
2 2 0.050583 0.049682 0.712279 0.144132 0.043324
2 2 0.047314 0.042898 0.726032 0.149652 0.034104
2 2 0.046329 0.040444 0.729494 0.153059 0.030674
2 2 0.043450 0.036301 0.734850 0.159422 0.025978
2 2 0.044261 0.035656 0.712902 0.184078 0.023104
2 2 0.040528 0.033400 0.712350 0.191807 0.021916
2 2 0.054834 0.051534 0.696393 0.155937 0.041302
2 2 0.061441 0.059162 0.666408 0.166154 0.046835
2 2 0.058781 0.053432 0.681657 0.166066 0.040064
2 2 0.051505 0.045872 0.709330 0.158563 0.034730
2 2 0.058036 0.048898 0.683594 0.176374 0.033098
2 2 0.071680 0.066644 0.622519 0.192092 0.047065
2 2 0.065021 0.057700 0.624412 0.215507 0.037359
2 2 0.052697 0.049559 0.668988 0.192193 0.036564
2 2 0.057434 0.061128 0.654973 0.173480 0.052986
2 2 0.057407 0.064339 0.637402 0.183476 0.057375
2 2 0.063371 0.065533 0.637290 0.180079 0.053727
2 2 0.056369 0.055848 0.626704 0.220410 0.040669
2 2 0.081797 0.088029 0.587373 0.168212 0.074589
2 2 0.100956 0.119859 0.491189 0.185672 0.102325
2 2 0.125143 0.146950 0.401088 0.217931 0.108888
2 2 0.106745 0.121775 0.402908 0.288652 0.079920
2 2 0.119276 0.138661 0.361530 0.287948 0.092585
2 2 0.240608 0.170698 0.282205 0.200661 0.105828
0 2 0.393945 0.183735 0.195419 0.110032 0.116869
0 2 0.284464 0.191452 0.239586 0.162746 0.121752
2 2 0.133982 0.159143 0.311681 0.287076 0.108118
2 2 0.049277 0.059283 0.560471 0.283651 0.047319
2 2 0.020843 0.026880 0.708223 0.216041 0.028013
2 2 0.024673 0.033604 0.713211 0.189696 0.038816
2 2 0.023778 0.032550 0.742301 0.160812 0.040560
2 2 0.023631 0.033573 0.750370 0.147378 0.045049
2 2 0.027983 0.041131 0.731595 0.141979 0.057311
2 2 0.025282 0.038629 0.715131 0.168221 0.052737
2 2 0.023997 0.033875 0.726486 0.173401 0.042241
2 2 0.028470 0.036841 0.717733 0.175701 0.041255
2 2 0.041729 0.052475 0.653846 0.199534 0.052416
2 2 0.046783 0.055735 0.591445 0.259793 0.046244
2 2 0.038202 0.044480 0.588222 0.294526 0.034569
2 2 0.038072 0.045262 0.647181 0.228974 0.040512
2 2 0.028881 0.036651 0.630768 0.270501 0.033199
2 2 0.030393 0.035325 0.588153 0.319348 0.026781
2 2 0.024130 0.025932 0.572991 0.359698 0.017248
2 2 0.021576 0.021548 0.532583 0.411955 0.012339
2 3 0.017400 0.018143 0.531964 0.421646 0.010847
2 3 0.021567 0.023464 0.518543 0.421921 0.014505
2 3 0.024054 0.027633 0.475293 0.455922 0.017097
3 3 0.024826 0.032619 0.414495 0.506561 0.021499
3 3 0.022405 0.031805 0.384091 0.539912 0.021787
3 3 0.026136 0.034215 0.376200 0.542257 0.021192
3 3 0.027610 0.034105 0.329133 0.590806 0.018346
3 3 0.023865 0.027049 0.351496 0.583948 0.013641
3 3 0.024809 0.028496 0.349314 0.582831 0.014550
3 3 0.024085 0.028205 0.339357 0.593875 0.014477
