3 3 0.038159 0.013752 0.144597 0.795123 0.008369
3 3 0.052945 0.025221 0.207705 0.696966 0.017163
3 3 0.018665 0.003328 0.043557 0.933134 0.001315
3 3 0.016456 0.002684 0.037398 0.942445 0.001017
3 3 0.017886 0.002846 0.034150 0.944117 0.001001
3 3 0.016093 0.002388 0.030331 0.950372 0.000816
3 3 0.013809 0.001867 0.026018 0.957688 0.000617
3 3 0.012234 0.001755 0.031390 0.953955 0.000666
3 3 0.013517 0.002153 0.038377 0.945073 0.000880
3 3 0.011624 0.001753 0.035977 0.949919 0.000727
3 3 0.011878 0.001805 0.036263 0.949309 0.000746
3 3 0.013660 0.002349 0.045496 0.937447 0.001048
3 3 0.014249 0.002403 0.042805 0.939519 0.001024
3 3 0.013030 0.002071 0.038746 0.945291 0.000861
3 3 0.011690 0.001714 0.033610 0.952302 0.000684
3 3 0.011358 0.001559 0.029156 0.957345 0.000582
3 3 0.010934 0.001508 0.029942 0.957038 0.000578
3 3 0.010038 0.001456 0.034844 0.953041 0.000621
3 3 0.010240 0.001692 0.046596 0.940635 0.000837
3 3 0.010435 0.001850 0.054229 0.932500 0.000987
3 3 0.010645 0.001867 0.052549 0.933964 0.000974
3 3 0.009384 0.001265 0.030206 0.958634 0.000511
3 3 0.009781 0.001248 0.026137 0.962372 0.000461
3 3 0.010846 0.001382 0.024977 0.962313 0.000482
3 3 0.012275 0.001693 0.028583 0.956839 0.000610
3 3 0.012240 0.001668 0.027813 0.957686 0.000593
3 3 0.009870 0.001221 0.024219 0.964257 0.000432
3 3 0.011716 0.001504 0.024620 0.961652 0.000508
3 3 0.012479 0.001738 0.029059 0.956095 0.000629
3 3 0.015430 0.002612 0.041814 0.939072 0.001072
3 3 0.014884 0.002729 0.050831 0.930300 0.001257
3 3 0.014598 0.002734 0.053745 0.927617 0.001306
3 3 0.015386 0.002760 0.047754 0.932882 0.001217
3 3 0.014914 0.002423 0.038599 0.943100 0.000964
3 3 0.012322 0.001785 0.032000 0.953211 0.000682
3 3 0.012312 0.001634 0.026085 0.959409 0.000561
3 3 0.013536 0.001913 0.029079 0.954797 0.000675
3 3 0.011541 0.001548 0.027457 0.958897 0.000557
3 3 0.012138 0.001910 0.038982 0.946155 0.000815
3 3 0.011636 0.001959 0.046234 0.939244 0.000927
3 3 0.012874 0.002222 0.047007 0.936869 0.001028
3 3 0.011225 0.001769 0.040362 0.945855 0.000788
3 3 0.009921 0.001311 0.028223 0.960042 0.000502
3 3 0.010811 0.001423 0.026975 0.960272 0.000518
3 3 0.010784 0.001359 0.024407 0.962980 0.000470
3 3 0.009873 0.001255 0.025826 0.962586 0.000460
3 3 0.009875 0.001432 0.035080 0.952995 0.000617
3 3 0.008742 0.001181 0.031257 0.958323 0.000497
3 3 0.010256 0.001370 0.028517 0.959335 0.000522
3 3 0.014717 0.002269 0.034397 0.947764 0.000852
3 3 0.013565 0.002066 0.034543 0.949028 0.000798
3 3 0.012867 0.002156 0.043944 0.940071 0.000962
3 3 0.013652 0.002604 0.057504 0.924923 0.001317
3 3 0.014423 0.002751 0.056274 0.925200 0.001352
3 3 0.013730 0.002236 0.040139 0.942963 0.000932
3 3 0.014260 0.002309 0.038986 0.943509 0.000936
3 3 0.017298 0.003146 0.047005 0.931224 0.001326
3 3 0.031539 0.008789 0.093480 0.861740 0.004451
3 3 0.054727 0.021738 0.149308 0.762133 0.012093
3 3 0.078200 0.043362 0.221725 0.631990 0.024724
2 3 0.094672 0.093407 0.389163 0.382245 0.040513
2 3 0.105962 0.166783 0.511792 0.164829 0.050634
2 0 0.192908 0.276695 0.370535 0.083143 0.076720
0 0 0.316168 0.279544 0.252192 0.049888 0.102208
0 0 0.357800 0.273530 0.220620 0.039167 0.108883
0 2 0.418688 0.250187 0.168217 0.028967 0.133942
0 1 0.438133 0.232880 0.143364 0.025668 0.159955
0 2 0.441050 0.225915 0.134133 0.023433 0.175470
0 1 0.374989 0.269019 0.195916 0.024861 0.135215
1 1 0.283904 0.305670 0.278334 0.022613 0.109479
2 1 0.218212 0.312918 0.344036 0.027457 0.097377
2 1 0.222843 0.305632 0.335027 0.033926 0.102572
2 2 0.152312 0.309248 0.425600 0.032101 0.080738
2 2 0.169869 0.306108 0.394905 0.035478 0.093639
2 2 0.140980 0.306177 0.442641 0.034177 0.076025
2 1 0.153496 0.311199 0.429873 0.031662 0.073771
2 2 0.150173 0.303901 0.432856 0.040792 0.072278
2 2 0.163886 0.304146 0.406290 0.039506 0.086173
2 2 0.170839 0.300915 0.401560 0.047579 0.079107
2 2 0.139065 0.299100 0.444954 0.044243 0.072638
2 2 0.110838 0.296188 0.494156 0.037723 0.061096
2 2 0.084616 0.285148 0.549704 0.035428 0.045104
2 1 0.101596 0.289138 0.508522 0.042413 0.058332
2 2 0.082368 0.261592 0.559066 0.047302 0.049673
2 2 0.084236 0.253960 0.557054 0.051781 0.052969
2 2 0.079280 0.267112 0.561864 0.045121 0.046623
2 2 0.118160 0.301487 0.483287 0.034146 0.062921
2 2 0.134220 0.312278 0.460645 0.026968 0.065889
2 1 0.206235 0.316606 0.353686 0.023225 0.100248
2 1 0.217215 0.312967 0.337458 0.024177 0.108183
1 2 0.254016 0.299094 0.288127 0.026671 0.132092
2 2 0.227197 0.305151 0.319450 0.027745 0.120457
1 1 0.255405 0.292492 0.279572 0.029636 0.142895
1 2 0.251188 0.287777 0.281332 0.035888 0.143814
0 2 0.286981 0.276010 0.241759 0.033898 0.161351
0 1 0.308768 0.265262 0.217689 0.034203 0.174078
1 2 0.273031 0.282561 0.255076 0.030886 0.158445
2 2 0.230761 0.289748 0.300921 0.038508 0.140062
2 2 0.194339 0.292872 0.346060 0.045154 0.121576
2 2 0.149761 0.297198 0.417411 0.045150 0.090480
2 1 0.139538 0.302826 0.441933 0.037659 0.078044
2 1 0.156934 0.310018 0.418587 0.031567 0.082895
2 1 0.231626 0.299340 0.309395 0.030913 0.128726
0 1 0.303865 0.270792 0.221292 0.028049 0.176002
0 2 0.336627 0.255945 0.188121 0.024951 0.194356
0 2 0.330508 0.258008 0.193357 0.025918 0.192210
0 2 0.295152 0.270848 0.227396 0.030781 0.175823
2 2 0.215270 0.296727 0.324847 0.036796 0.126359
2 2 0.170038 0.302412 0.390324 0.038919 0.098307
2 1 0.207213 0.297968 0.335548 0.037546 0.121726
2 1 0.228476 0.297465 0.310971 0.033049 0.130038
0 1 0.410216 0.238761 0.154279 0.026489 0.170256
0 1 0.467004 0.236935 0.137108 0.017517 0.141436
0 1 0.547050 0.176751 0.077221 0.014099 0.184878
0 0 0.627694 0.140354 0.051378 0.015252 0.165322
0 0 0.569262 0.164871 0.073375 0.025630 0.166862
0 0 0.524646 0.221054 0.128138 0.032816 0.093346
0 0 0.415439 0.252729 0.168020 0.024751 0.139061
0 0 0.351230 0.261371 0.189197 0.022930 0.175273
2 0 0.217658 0.296836 0.322242 0.036142 0.127122
2 0 0.175969 0.208255 0.385298 0.147978 0.082499
2 0 0.135035 0.302806 0.450396 0.036971 0.074792
2 0 0.218196 0.303015 0.347182 0.042802 0.088805
0 0 0.295606 0.293617 0.256145 0.025086 0.129547
0 0 0.476743 0.206588 0.111691 0.022965 0.182014
0 0 0.506590 0.196402 0.096608 0.017014 0.183386
0 0 0.544028 0.139200 0.052215 0.012713 0.251843
0 0 0.529776 0.124376 0.044617 0.013561 0.287670
0 0 0.561661 0.115446 0.038316 0.012302 0.272276
0 0 0.550867 0.126968 0.046953 0.018155 0.257057
0 0 0.589841 0.119780 0.042107 0.019584 0.228689
0 0 0.600503 0.122809 0.043668 0.020196 0.212824
0 0 0.525328 0.170704 0.079193 0.023981 0.200794
0 0 0.471247 0.187905 0.099164 0.029440 0.212244
0 0 0.435057 0.193197 0.109918 0.035417 0.226411
0 0 0.385358 0.202782 0.127970 0.040934 0.242956
0 0 0.455354 0.166856 0.086916 0.041628 0.249245
0 0 0.484183 0.146515 0.063634 0.022202 0.283466
0 0 0.469636 0.147491 0.064504 0.020384 0.297985
0 0 0.454856 0.153532 0.070654 0.022776 0.298183
0 0 0.442260 0.155556 0.072831 0.022206 0.307147
0 0 0.462140 0.150086 0.067090 0.021179 0.299505
0 0 0.444805 0.154488 0.071681 0.021767 0.307260
0 0 0.478116 0.136672 0.054527 0.014541 0.316144
0 0 0.489757 0.130838 0.049624 0.012784 0.316998
0 0 0.503550 0.132957 0.051371 0.015352 0.296769
0 0 0.508048 0.139470 0.057161 0.020634 0.274687
0 0 0.477067 0.163039 0.074893 0.020101 0.264900
0 0 0.517329 0.153040 0.065993 0.021482 0.242157
0 0 0.520961 0.158299 0.068377 0.018980 0.233383
0 0 0.523427 0.133374 0.051904 0.018444 0.272850
0 0 0.497142 0.142461 0.059830 0.021139 0.279429
0 0 0.478934 0.174272 0.085792 0.025863 0.235139
0 0 0.309721 0.291485 0.244011 0.022917 0.131866
0 0 0.363949 0.278847 0.199381 0.016116 0.141707
0 0 0.454733 0.246644 0.152257 0.020999 0.125367
0 0 0.493690 0.235635 0.138342 0.022742 0.109589
0 0 0.539894 0.218224 0.113843 0.017692 0.110348
0 0 0.631089 0.147830 0.056399 0.016645 0.148037
0 0 0.515886 0.212127 0.111818 0.020387 0.139781
0 0 0.473678 0.221616 0.128078 0.025927 0.150701
0 0 0.450704 0.233214 0.144584 0.028950 0.142548
0 0 0.489435 0.216559 0.125899 0.033088 0.135020
0 0 0.452126 0.235354 0.147889 0.030559 0.134072
0 0 0.462328 0.219365 0.130478 0.031673 0.156156
0 0 0.531577 0.185374 0.092477 0.028980 0.161592
0 0 0.629324 0.154843 0.063966 0.024356 0.127512
0 0 0.664906 0.133901 0.047546 0.016938 0.136708
0 0 0.617399 0.133980 0.047127 0.013251 0.188243
0 0 0.624641 0.110307 0.035949 0.018316 0.210788
0 0 0.593051 0.126747 0.048362 0.029577 0.202262
0 0 0.561446 0.133168 0.051692 0.022970 0.230723
0 0 0.478526 0.148782 0.065862 0.023141 0.283689
0 0 0.468977 0.145175 0.062255 0.018572 0.305020
0 0 0.473219 0.139105 0.056670 0.015329 0.315677
0 0 0.539137 0.125007 0.045193 0.015035 0.275629
0 0 0.555305 0.121037 0.042332 0.014696 0.266631
0 0 0.572260 0.119104 0.041146 0.015820 0.251671
0 0 0.542210 0.126156 0.046144 0.016191 0.269298
0 0 0.511021 0.137058 0.054993 0.019200 0.277728
0 0 0.489885 0.140682 0.057307 0.016533 0.295593
0 0 0.473293 0.156868 0.069718 0.017912 0.282209
0 0 0.509155 0.149848 0.062675 0.017535 0.260787
0 0 0.470825 0.204575 0.109910 0.022135 0.192555
0 0 0.420857 0.241321 0.153425 0.023941 0.160456
0 0 0.442827 0.232886 0.141921 0.024536 0.157829
0 0 0.436942 0.259155 0.166593 0.019086 0.118225
0 0 0.572160 0.198324 0.092149 0.013998 0.123369
0 0 0.727727 0.127001 0.039233 0.008042 0.097996
0 0 0.643393 0.171039 0.068054 0.011255 0.106259
0 0 0.678006 0.157586 0.060410 0.013643 0.090355
0 0 0.580197 0.176028 0.076151 0.015523 0.152101
0 0 0.593911 0.155524 0.062233 0.016460 0.171872
0 0 0.603419 0.138720 0.051451 0.016228 0.190183
0 0 0.645951 0.112497 0.035883 0.015377 0.190293
0 0 0.593719 0.142775 0.054733 0.017651 0.191121
0 0 0.609329 0.147553 0.056537 0.016051 0.170530
0 0 0.599795 0.152976 0.059616 0.014807 0.172807
0 0 0.562458 0.163757 0.068205 0.015196 0.190385
0 0 0.604308 0.132646 0.048168 0.016990 0.197887
0 0 0.461060 0.220245 0.125688 0.022610 0.170397
0 0 0.423495 0.248660 0.160699 0.023291 0.143854
1 0 0.284078 0.313513 0.284287 0.018455 0.099667
0 0 0.328982 0.294879 0.240573 0.021315 0.114251
0 0 0.385371 0.279498 0.207777 0.024238 0.103115
0 0 0.409274 0.256932 0.174948 0.025663 0.133183
0 0 0.451395 0.241317 0.147426 0.021654 0.138208
0 0 0.469485 0.221222 0.123929 0.020206 0.165159
0 0 0.520899 0.216609 0.117211 0.022566 0.122716
0 0 0.483076 0.237275 0.139913 0.021601 0.118134
0 0 0.571154 0.186421 0.086484 0.019187 0.136754
0 0 0.598700 0.161978 0.068184 0.020466 0.150671
0 0 0.650997 0.136996 0.050567 0.019783 0.141658
0 0 0.586354 0.168718 0.072359 0.018428 0.154142
0 0 0.606255 0.139142 0.051303 0.015438 0.187863
0 0 0.536563 0.163126 0.069468 0.016087 0.214757
0 0 0.518275 0.124554 0.044610 0.012277 0.300284
0 0 0.488168 0.141958 0.056722 0.013326 0.299826
0 0 0.513575 0.147147 0.059941 0.015854 0.263483
0 0 0.571440 0.136500 0.051195 0.016355 0.224510
0 0 0.549507 0.134827 0.051951 0.019061 0.244653
0 0 0.503259 0.166615 0.075978 0.020523 0.233625
0 0 0.498295 0.154331 0.067607 0.020653 0.259115
0 0 0.450587 0.150147 0.067180 0.019374 0.312711
0 0 0.451973 0.147023 0.064272 0.017994 0.318739
0 0 0.448545 0.149389 0.066566 0.018955 0.316545
0 0 0.465226 0.143046 0.060268 0.016681 0.314780
0 0 0.465026 0.143143 0.060359 0.016716 0.314755
0 0 0.539173 0.127110 0.046871 0.016395 0.270450
0 0 0.590380 0.122601 0.043501 0.019015 0.224504
0 0 0.597776 0.125221 0.043973 0.016438 0.216592
0 0 0.598801 0.116557 0.038788 0.014850 0.231004
0 0 0.578480 0.129496 0.046295 0.014701 0.231028
0 0 0.544940 0.142613 0.054861 0.014039 0.243547
0 0 0.486409 0.150863 0.064539 0.017384 0.280805
0 0 0.470133 0.141373 0.058715 0.016277 0.313502
0 0 0.474527 0.139820 0.057300 0.015889 0.312464
0 0 0.513855 0.118594 0.040320 0.009639 0.317592
0 0 0.490108 0.120777 0.042315 0.009821 0.336980
4 0 0.246031 0.154330 0.091819 0.019575 0.488244
0 0 0.433386 0.182864 0.099888 0.033148 0.250713
0 0 0.461081 0.150770 0.065790 0.016853 0.305507
0 0 0.526120 0.150217 0.062081 0.017572 0.244010
0 0 0.500941 0.125177 0.045164 0.011244 0.317474
0 0 0.501685 0.124799 0.044876 0.011147 0.317493
0 0 0.504752 0.124702 0.044797 0.011353 0.314396
0 0 0.463486 0.143898 0.061067 0.016987 0.314562
0 0 0.445363 0.152641 0.069748 0.020406 0.311842
0 0 0.454665 0.148185 0.065213 0.018595 0.313342
0 0 0.511877 0.136875 0.054840 0.019202 0.277207
0 0 0.517930 0.132063 0.050716 0.016674 0.282617
0 0 0.495985 0.133511 0.051817 0.014782 0.303905
0 0 0.488728 0.138240 0.055885 0.016702 0.300445
0 0 0.490538 0.142405 0.059706 0.019911 0.287439
0 0 0.509644 0.141728 0.059335 0.023027 0.266266
0 0 0.516566 0.140521 0.058322 0.023392 0.261200
0 0 0.546807 0.132724 0.051834 0.022515 0.246120
0 0 0.536475 0.131480 0.050482 0.019213 0.262350
0 0 0.555368 0.128886 0.048678 0.020674 0.246394
0 0 0.605169 0.112631 0.037075 0.016440 0.228685
0 0 0.606114 0.112089 0.036704 0.016183 0.228909
0 0 0.603733 0.108569 0.034182 0.013390 0.240126
0 0 0.587968 0.106998 0.032900 0.010783 0.261351
0 0 0.600728 0.103450 0.030800 0.010331 0.254691
0 0 0.645125 0.097676 0.027984 0.012192 0.217023
0 0 0.678170 0.083786 0.020774 0.008509 0.208761
0 0 0.666516 0.090195 0.024021 0.010511 0.208757
0 0 0.683420 0.090457 0.024574 0.013070 0.188479
0 0 0.642492 0.106442 0.033678 0.018343 0.199045
0 0 0.652822 0.105562 0.032552 0.016129 0.192934
0 0 0.641496 0.124435 0.042522 0.016448 0.175099
0 0 0.645733 0.127399 0.043837 0.015795 0.167236
0 0 0.682478 0.102880 0.030692 0.015455 0.168495
0 0 0.692975 0.091729 0.025584 0.015715 0.173996
0 0 0.721447 0.081407 0.020507 0.012879 0.163760
0 0 0.676157 0.092232 0.025434 0.013160 0.193017
0 0 0.568374 0.120764 0.041283 0.013291 0.256287
0 0 0.501495 0.132623 0.051084 0.014915 0.299883
0 0 0.463214 0.145082 0.062182 0.017704 0.311819
0 0 0.480051 0.135707 0.053694 0.014237 0.316311
0 0 0.494460 0.128463 0.047719 0.012119 0.317240
0 0 0.535551 0.107482 0.032917 0.007327 0.316723
0 0 0.538407 0.112305 0.036026 0.009030 0.304232
0 0 0.581225 0.106985 0.032817 0.010170 0.268803
0 0 0.737106 0.072527 0.016348 0.009113 0.164906
0 0 0.788020 0.054340 0.009678 0.005339 0.142622
0 0 0.827321 0.036109 0.004564 0.001982 0.130024
0 0 0.878164 0.031370 0.003903 0.003266 0.083298
0 0 0.867351 0.037689 0.005496 0.005452 0.084012
0 0 0.866950 0.035327 0.004796 0.004033 0.088894
0 0 0.809871 0.048810 0.008078 0.004855 0.128385
0 0 0.798933 0.054942 0.010100 0.006731 0.129294
0 0 0.801658 0.053153 0.009477 0.006087 0.129626
0 0 0.799713 0.054717 0.010029 0.006700 0.128840
0 0 0.794090 0.055953 0.010369 0.006582 0.133006
0 0 0.698822 0.112739 0.034558 0.013091 0.140789
0 0 0.580369 0.180906 0.080785 0.017293 0.140647
0 0 0.527210 0.204624 0.104101 0.019878 0.144186
0 0 0.478884 0.219296 0.124457 0.024654 0.152710
0 0 0.603901 0.139256 0.053851 0.022295 0.180696
0 0 0.615536 0.129333 0.047770 0.023042 0.184320
0 0 0.612197 0.114120 0.038211 0.018417 0.217056
0 0 0.594359 0.120115 0.041741 0.018013 0.225772
0 0 0.596399 0.118709 0.041462 0.020031 0.223399
0 0 0.526850 0.183263 0.089378 0.025222 0.175286
0 0 0.442461 0.221304 0.130092 0.024429 0.181713
0 0 0.343467 0.263241 0.200960 0.030188 0.162145
1 0 0.263502 0.295852 0.278593 0.027695 0.134357
2 0 0.238234 0.306522 0.308811 0.024660 0.121773
1 0 0.270855 0.301591 0.273625 0.020894 0.133035
0 0 0.333788 0.294625 0.234720 0.019022 0.117845
0 0 0.497599 0.226541 0.125175 0.018619 0.132067
0 0 0.476688 0.230002 0.131161 0.019520 0.142627
0 0 0.543209 0.162638 0.071265 0.021317 0.201570
0 0 0.442974 0.167406 0.083714 0.026999 0.278908
0 0 0.459196 0.150226 0.067230 0.020789 0.302558
0 0 0.455373 0.152376 0.069441 0.021877 0.300933
0 0 0.443426 0.154131 0.071311 0.021245 0.309888
0 0 0.495687 0.154823 0.068260 0.021047 0.260182
0 0 0.509651 0.188836 0.097379 0.030392 0.173742
0 0 0.528511 0.177340 0.092738 0.049686 0.151724
0 0 0.480259 0.202921 0.124718 0.063416 0.128687
0 0 0.506206 0.164514 0.089907 0.083816 0.155558
0 0 0.469113 0.185224 0.107872 0.063922 0.173868
0 0 0.516458 0.167031 0.082539 0.041075 0.192898
0 0 0.556403 0.135880 0.055250 0.029477 0.222990
0 0 0.596579 0.106353 0.032594 0.011321 0.253155
0 0 0.585568 0.110714 0.035336 0.012408 0.255974
0 0 0.585410 0.104001 0.030976 0.009271 0.270342
0 0 0.562407 0.119899 0.041575 0.014930 0.261189
0 0 0.617913 0.107063 0.033457 0.014428 0.227139
0 0 0.637779 0.101342 0.030128 0.013519 0.217231
0 0 0.630933 0.104921 0.032324 0.014983 0.216839
0 0 0.609345 0.107948 0.033872 0.013762 0.235074
0 0 0.596889 0.107887 0.033606 0.012156 0.249461
0 0 0.550825 0.146217 0.056218 0.012855 0.233884
0 0 0.603555 0.107043 0.033155 0.012465 0.243782
0 0 0.714503 0.078361 0.018711 0.009649 0.178776
0 0 0.649006 0.109516 0.036431 0.024693 0.180354
0 0 0.596523 0.124811 0.046729 0.027781 0.204156
0 0 0.517149 0.133677 0.052086 0.017669 0.279418
0 0 0.464453 0.143425 0.060622 0.016816 0.314684
0 0 0.420761 0.131000 0.052182 0.011693 0.384365
0 0 0.449872 0.135345 0.054423 0.013465 0.346895
0 0 0.482396 0.134535 0.052694 0.013876 0.316500
0 0 0.496855 0.127476 0.046940 0.011888 0.316842
0 0 0.470648 0.141334 0.058677 0.016316 0.313026
0 0 0.490695 0.150015 0.064467 0.019120 0.275702
0 0 0.502871 0.140467 0.058018 0.020515 0.278129
0 0 0.484940 0.157050 0.069206 0.018134 0.270671
0 0 0.511345 0.151206 0.065102 0.021594 0.250752
0 0 0.545070 0.148875 0.062821 0.024308 0.218926
0 0 0.559521 0.139377 0.056378 0.025587 0.219137
0 0 0.532997 0.144688 0.061384 0.027025 0.233906
0 0 0.610365 0.113017 0.037506 0.017750 0.221362
0 0 0.651890 0.105192 0.031628 0.013273 0.198017
0 0 0.723150 0.074755 0.016326 0.005826 0.179943
0 0 0.809637 0.049546 0.008326 0.005155 0.127336
0 0 0.830097 0.050662 0.009173 0.008749 0.101320
0 0 0.714681 0.096391 0.031452 0.044002 0.113475
