0 0 0.264884 0.159488 0.235628 0.170405 0.169596
0 0 0.464634 0.094090 0.094571 0.210787 0.135918
0 0 0.793982 0.013856 0.009646 0.149169 0.033348
0 0 0.844230 0.008354 0.005190 0.118521 0.023704
0 0 0.901873 0.002464 0.001292 0.085571 0.008800
0 0 0.882405 0.003824 0.002152 0.099238 0.012381
0 0 0.802811 0.012587 0.008620 0.144991 0.030992
0 0 0.728166 0.024984 0.019285 0.175494 0.052070
0 0 0.606448 0.066551 0.051498 0.131821 0.143682
0 0 0.556363 0.083337 0.062325 0.105845 0.192131
0 0 0.726765 0.029688 0.022165 0.155704 0.065678
0 0 0.774251 0.016890 0.012166 0.157928 0.038765
0 0 0.834407 0.008514 0.005461 0.128646 0.022972
0 0 0.899832 0.002591 0.001370 0.087054 0.009153
0 0 0.914397 0.001757 0.000873 0.076209 0.006763
0 0 0.931431 0.001004 0.000457 0.062738 0.004371
0 0 0.916755 0.001638 0.000805 0.074396 0.006405
0 0 0.883729 0.003721 0.002085 0.098341 0.012123
0 0 0.854606 0.006313 0.003854 0.116979 0.018246
0 0 0.799380 0.013073 0.009011 0.146634 0.031902
0 0 0.786694 0.014945 0.010540 0.152496 0.035325
0 0 0.683421 0.034084 0.027855 0.189041 0.065599
0 0 0.636254 0.044879 0.038671 0.199967 0.080229
0 0 0.494623 0.084144 0.087681 0.210885 0.122666
0 0 0.334277 0.135838 0.183441 0.187987 0.158457
0 0 0.364995 0.125410 0.164909 0.193027 0.151659
0 0 0.481835 0.087766 0.087414 0.214784 0.128202
0 0 0.612045 0.050866 0.044940 0.204338 0.087811
0 0 0.628910 0.046664 0.040521 0.201378 0.082526
0 0 0.600663 0.053780 0.048059 0.206117 0.091381
0 0 0.479654 0.088967 0.102806 0.204608 0.123965
0 0 0.332489 0.132404 0.214038 0.174159 0.146910
0 0 0.286652 0.139288 0.268020 0.162752 0.143288
0 0 0.525692 0.075532 0.085778 0.202585 0.110413
0 0 0.676561 0.035580 0.029314 0.190836 0.067709
0 0 0.731741 0.024309 0.018671 0.174268 0.051012
0 0 0.648267 0.042019 0.035741 0.197493 0.076480
0 0 0.599234 0.054151 0.048458 0.206328 0.091830
0 0 0.387353 0.118893 0.136007 0.205030 0.152716
2 0 0.158779 0.181129 0.387495 0.117572 0.155025
2 0 0.090075 0.182515 0.520224 0.076906 0.130281
2 0 0.072580 0.168624 0.577354 0.068159 0.113282
2 0 0.156092 0.170664 0.424657 0.107900 0.140688
0 0 0.363998 0.123181 0.188749 0.181367 0.142705
0 0 0.610178 0.051339 0.045444 0.204641 0.088396
0 0 0.652210 0.041096 0.034806 0.196636 0.075252
0 0 0.548021 0.069538 0.082008 0.197801 0.102631
0 0 0.454723 0.096402 0.123538 0.197964 0.127373
2 0 0.240471 0.164580 0.272366 0.156969 0.165615
0 0 0.313117 0.143620 0.193551 0.185441 0.164271
0 0 0.335182 0.136251 0.176181 0.191390 0.160995
0 0 0.398638 0.115060 0.129373 0.206841 0.150089
0 0 0.347538 0.138960 0.154547 0.174810 0.184145
2 0 0.240155 0.178324 0.240415 0.130651 0.210456
2 0 0.192241 0.180585 0.322372 0.133119 0.171683
2 0 0.139917 0.188802 0.402714 0.111320 0.157247
2 0 0.124161 0.190966 0.429161 0.102508 0.153205
2 0 0.208547 0.171250 0.317216 0.141346 0.161641
0 0 0.312902 0.141227 0.211433 0.177453 0.156986
0 0 0.377364 0.122383 0.140398 0.204230 0.155624
0 0 0.347544 0.132105 0.166961 0.194452 0.158937
0 0 0.299422 0.160278 0.195958 0.126023 0.218320
4 0 0.202369 0.202171 0.192987 0.067406 0.335067
4 0 0.136482 0.220135 0.197489 0.035968 0.409926
4 0 0.134208 0.224142 0.251291 0.044836 0.345523
2 0 0.108115 0.216685 0.386347 0.052145 0.236707
2 0 0.169258 0.188394 0.352848 0.109407 0.180093
2 0 0.225364 0.168636 0.289994 0.150722 0.165283
0 0 0.266909 0.158776 0.234055 0.170967 0.169293
0 0 0.248073 0.167700 0.238270 0.168427 0.177530
0 0 0.330587 0.145366 0.157768 0.175856 0.190422
0 0 0.373852 0.123886 0.135196 0.207751 0.159315
0 0 0.414730 0.109648 0.115602 0.212069 0.147951
0 0 0.522456 0.075442 0.072521 0.213795 0.115786
0 0 0.606868 0.052184 0.046345 0.205168 0.089435
0 0 0.546265 0.069195 0.070395 0.207404 0.106741
0 0 0.543382 0.069374 0.065446 0.212498 0.109301
0 0 0.451237 0.092556 0.118900 0.212512 0.124795
0 0 0.442142 0.095529 0.130791 0.206422 0.125116
0 0 0.353508 0.128086 0.182691 0.185856 0.149859
0 0 0.325831 0.136220 0.207536 0.177832 0.152581
2 0 0.191528 0.177041 0.338433 0.126600 0.166398
0 0 0.292317 0.149019 0.220649 0.175179 0.162837
2 0 0.158904 0.180622 0.388848 0.117230 0.154395
2 0 0.158371 0.179107 0.394708 0.115645 0.152169
0 0 0.343740 0.132122 0.181886 0.187571 0.154680
0 0 0.361103 0.127624 0.156271 0.198102 0.156899
0 0 0.344449 0.141410 0.155291 0.168304 0.190547
2 0 0.227433 0.181468 0.257327 0.125331 0.208441
2 0 0.209764 0.189993 0.265895 0.113060 0.221289
2 0 0.103666 0.198007 0.458605 0.073181 0.166541
2 0 0.121388 0.191328 0.435990 0.096407 0.154887
2 0 0.216881 0.170760 0.300558 0.147000 0.164801
0 0 0.307338 0.144186 0.208013 0.179458 0.161004
0 0 0.329907 0.142928 0.159705 0.187137 0.180323
0 0 0.332589 0.141378 0.157168 0.190921 0.177945
2 0 0.162904 0.206209 0.308565 0.076898 0.245424
2 0 0.126668 0.209179 0.377725 0.066794 0.219633
2 0 0.124304 0.217044 0.345815 0.054649 0.258189
2 0 0.137002 0.207883 0.356817 0.063241 0.235057
0 0 0.274155 0.153656 0.243022 0.167117 0.162052
0 0 0.340596 0.135210 0.163422 0.197120 0.163651
0 0 0.439326 0.101411 0.104724 0.213691 0.140848
0 0 0.391844 0.117251 0.136448 0.203976 0.150481
0 0 0.353240 0.128272 0.182014 0.186222 0.150251
2 0 0.238280 0.158309 0.304541 0.145776 0.153095
2 0 0.178075 0.180173 0.350282 0.129596 0.161875
2 0 0.167168 0.180915 0.370823 0.122881 0.158213
2 0 0.237378 0.162003 0.291039 0.150412 0.159168
0 0 0.406234 0.111712 0.144201 0.196851 0.141003
0 0 0.496649 0.083244 0.082522 0.214110 0.123475
0 0 0.426364 0.105677 0.122932 0.205036 0.139991
2 0 0.252532 0.158320 0.273374 0.155861 0.159913
2 0 0.133646 0.184457 0.428466 0.104212 0.149219
2 0 0.085245 0.180175 0.535428 0.073022 0.126130
2 0 0.082916 0.178955 0.542911 0.071143 0.124074
2 0 0.246696 0.154734 0.301360 0.146677 0.150534
0 0 0.548153 0.068018 0.063888 0.212126 0.107816
0 0 0.599547 0.054069 0.048371 0.206282 0.091731
0 0 0.543045 0.069803 0.068489 0.210086 0.108577
0 0 0.751670 0.020686 0.015438 0.167021 0.045185
0 0 0.747596 0.021406 0.016072 0.168561 0.046365
0 0 0.734574 0.023778 0.018191 0.173281 0.050175
0 0 0.623946 0.052184 0.044206 0.183220 0.096443
0 0 0.448958 0.111152 0.101627 0.149875 0.188388
0 0 0.352517 0.130902 0.157406 0.198710 0.160464
2 0 0.235654 0.168966 0.263538 0.160135 0.171706
2 0 0.202119 0.196288 0.258879 0.103223 0.239491
4 0 0.172562 0.215957 0.224992 0.073374 0.313114
4 0 0.166004 0.217825 0.220692 0.064557 0.330922
4 0 0.196548 0.204035 0.193752 0.064203 0.341462
4 0 0.257821 0.181641 0.183075 0.099600 0.277863
4 0 0.231763 0.191219 0.180653 0.076187 0.320178
4 0 0.299039 0.161900 0.130518 0.063211 0.345332
4 0 0.305652 0.161190 0.133141 0.069730 0.330288
0 0 0.343017 0.150376 0.128581 0.088470 0.289557
0 0 0.409636 0.128101 0.108890 0.107174 0.246198
0 0 0.363205 0.142872 0.138656 0.113526 0.241741
0 0 0.350790 0.143867 0.153394 0.138742 0.213207
0 0 0.319332 0.140188 0.199201 0.182273 0.159005
0 0 0.298675 0.146345 0.219256 0.175306 0.160418
0 0 0.277783 0.152491 0.239942 0.168154 0.161630
0 0 0.256807 0.171459 0.242076 0.117116 0.212542
0 0 0.304475 0.157751 0.195582 0.129384 0.212809
0 0 0.383133 0.110422 0.138904 0.197471 0.170070
0 0 0.371905 0.104794 0.151094 0.238097 0.134110
2 0 0.243115 0.139692 0.278221 0.194063 0.144909
2 0 0.267753 0.149719 0.277552 0.154298 0.150678
0 0 0.279197 0.146875 0.265150 0.158260 0.150517
0 0 0.307097 0.141199 0.227517 0.171099 0.153088
2 0 0.243865 0.161050 0.280443 0.154057 0.160586
2 0 0.191412 0.172999 0.347349 0.131353 0.156887
2 0 0.194724 0.175993 0.329382 0.136930 0.162970
2 0 0.117955 0.182901 0.464126 0.093679 0.141339
2 0 0.144408 0.178170 0.425361 0.106388 0.145674
0 0 0.265567 0.154831 0.258408 0.161549 0.159645
0 0 0.434780 0.102993 0.113515 0.209015 0.139696
0 0 0.639232 0.044163 0.037933 0.199373 0.079299
0 0 0.563966 0.064865 0.059563 0.205231 0.106374
0 0 0.649728 0.041676 0.035393 0.197178 0.076025
0 0 0.528006 0.080199 0.073344 0.184809 0.133643
0 0 0.578218 0.059709 0.054532 0.209121 0.098420
0 0 0.326179 0.150457 0.158467 0.157682 0.207215
0 0 0.299998 0.160432 0.172528 0.152327 0.214716
0 0 0.260459 0.178367 0.195952 0.118805 0.246416
4 0 0.249195 0.184721 0.173121 0.080768 0.312195
4 0 0.235418 0.184153 0.155161 0.054943 0.370325
4 1 0.134003 0.221305 0.226320 0.037331 0.381041
2 1 0.100524 0.224989 0.337617 0.034449 0.302422
2 2 0.044122 0.177902 0.611064 0.021505 0.145408
2 2 0.018286 0.104023 0.795141 0.018917 0.063633
2 1 0.022668 0.122153 0.751151 0.018623 0.085405
2 2 0.025265 0.128862 0.735436 0.019757 0.090680
2 2 0.036131 0.159755 0.652109 0.020927 0.131078
2 2 0.038429 0.162611 0.640664 0.022464 0.135832
2 2 0.062381 0.208810 0.478205 0.022751 0.227852
2 2 0.073704 0.219342 0.408696 0.023814 0.274444
2 1 0.079431 0.224845 0.347819 0.021568 0.326336
2 1 0.063191 0.218517 0.411236 0.017388 0.289667
2 1 0.055426 0.211962 0.457241 0.016096 0.259275
2 1 0.071178 0.221889 0.383233 0.019836 0.303865
4 1 0.089467 0.226400 0.318818 0.024592 0.340724
4 1 0.100055 0.226568 0.271464 0.025567 0.376345
2 1 0.089733 0.225513 0.339475 0.027014 0.318264
2 1 0.067572 0.218065 0.418323 0.020621 0.275419
2 1 0.080190 0.217930 0.416219 0.029664 0.255998
2 0 0.098963 0.206006 0.445113 0.058030 0.191888
0 0 0.269378 0.170619 0.199463 0.145857 0.214683
0 1 0.289282 0.160892 0.184462 0.165413 0.199951
4 1 0.135921 0.218983 0.291557 0.048800 0.304739
2 1 0.111048 0.225054 0.319701 0.039854 0.304343
2 2 0.096810 0.222189 0.369562 0.036634 0.274805
2 2 0.050087 0.151208 0.636683 0.049391 0.112631
2 2 0.024786 0.090092 0.778349 0.056310 0.050462
2 2 0.015848 0.065761 0.826208 0.056569 0.035613
2 2 0.011250 0.050066 0.845544 0.064462 0.028678
2 2 0.006609 0.029989 0.836055 0.106038 0.021309
2 2 0.004439 0.020710 0.814595 0.143050 0.017206
2 2 0.005173 0.020962 0.763289 0.191124 0.019452
2 2 0.005267 0.017470 0.645329 0.311566 0.020368
2 2 0.006357 0.015037 0.489889 0.466978 0.021739
3 2 0.006987 0.011894 0.375710 0.585486 0.019923
3 2 0.005926 0.011556 0.395858 0.567723 0.018936
3 2 0.010612 0.018556 0.447964 0.495929 0.026939
3 1 0.021370 0.025274 0.411836 0.505425 0.036095
2 2 0.042034 0.040724 0.451185 0.415586 0.050471
3 2 0.044208 0.038075 0.408864 0.458122 0.050731
2 1 0.064086 0.062315 0.441538 0.359805 0.072255
2 2 0.065709 0.118987 0.542352 0.168556 0.104396
2 2 0.036818 0.094636 0.690074 0.113642 0.064830
2 2 0.016149 0.059433 0.802941 0.084800 0.036677
2 2 0.007988 0.030258 0.772467 0.163171 0.026116
2 2 0.004455 0.015901 0.664896 0.296354 0.018395
2 2 0.004595 0.014312 0.578534 0.383614 0.018946
3 2 0.005046 0.009707 0.373315 0.594990 0.016943
3 2 0.003038 0.003409 0.170979 0.813596 0.008977
3 2 0.002378 0.002126 0.125634 0.863343 0.006519
3 2 0.002142 0.001847 0.116022 0.874077 0.005912
3 2 0.002911 0.002078 0.110400 0.878006 0.006606
3 3 0.003432 0.001544 0.074165 0.915133 0.005725
3 3 0.004266 0.001429 0.059206 0.929355 0.005745
3 3 0.004150 0.001545 0.063545 0.924640 0.006121
3 3 0.004151 0.001791 0.074409 0.913014 0.006636
3 3 0.002850 0.001317 0.068595 0.922067 0.005171
3 3 0.002514 0.000944 0.049819 0.942378 0.004344
3 3 0.001922 0.000637 0.039393 0.954787 0.003261
3 3 0.002146 0.000529 0.032244 0.962254 0.002827
3 3 0.002773 0.000659 0.034798 0.958419 0.003351
3 3 0.002848 0.000719 0.037691 0.955206 0.003536
3 3 0.002923 0.001072 0.052874 0.938402 0.004729
3 3 0.004092 0.001795 0.066527 0.920242 0.007345
3 3 0.004098 0.001534 0.058102 0.929716 0.006550
3 3 0.002990 0.000937 0.044776 0.946867 0.004429
3 3 0.002314 0.000672 0.037304 0.956244 0.003466
3 3 0.002626 0.000693 0.035395 0.957661 0.003625
3 3 0.003771 0.000695 0.029548 0.962252 0.003734
3 3 0.005250 0.000939 0.034219 0.955008 0.004584
3 3 0.003617 0.000715 0.031517 0.960412 0.003740
3 3 0.012404 0.006930 0.144383 0.818236 0.018046
3 3 0.006091 0.003435 0.116182 0.864115 0.010177
3 3 0.013452 0.004356 0.087319 0.880863 0.014009
3 3 0.015492 0.007444 0.131540 0.825394 0.020130
3 3 0.002986 0.000700 0.033812 0.958849 0.003653
3 3 0.002361 0.000552 0.030828 0.963235 0.003024
3 3 0.002135 0.000600 0.034272 0.959755 0.003237
3 3 0.001744 0.000271 0.017421 0.978676 0.001889
3 3 0.003396 0.000422 0.019316 0.974224 0.002642
3 3 0.003381 0.000369 0.015877 0.977821 0.002552
3 3 0.002847 0.000349 0.017416 0.977077 0.002311
3 3 0.002665 0.000298 0.016039 0.978988 0.002010
3 3 0.002747 0.000384 0.020845 0.973698 0.002327
3 3 0.003256 0.000653 0.032003 0.960731 0.003357
3 3 0.005387 0.001272 0.047105 0.940808 0.005427
3 3 0.008515 0.001649 0.046871 0.936176 0.006789
3 2 0.009586 0.001836 0.047435 0.933597 0.007545
3 2 0.014272 0.003192 0.065782 0.905605 0.011150
3 2 0.011329 0.003572 0.086179 0.887625 0.011295
3 1 0.013544 0.007170 0.152489 0.809294 0.017503
3 2 0.019198 0.013234 0.225261 0.716010 0.026297
3 2 0.013703 0.011753 0.237795 0.713303 0.023447
3 2 0.008964 0.006511 0.174802 0.794248 0.015475
3 2 0.006184 0.003741 0.129956 0.849750 0.010370
3 2 0.004701 0.002687 0.107216 0.877037 0.008360
3 2 0.007726 0.002905 0.085119 0.894601 0.009650
3 2 0.016520 0.003637 0.064519 0.902321 0.013002
3 2 0.030621 0.003572 0.043567 0.908111 0.014129
3 2 0.080089 0.016901 0.107759 0.753131 0.042120
3 2 0.085225 0.029320 0.179621 0.650345 0.055490
2 2 0.032813 0.039171 0.463115 0.416013 0.048888
2 2 0.010164 0.024126 0.595060 0.342264 0.028387
2 3 0.004752 0.014849 0.613180 0.348432 0.018787
3 3 0.008057 0.010787 0.313860 0.646625 0.020671
3 2 0.005322 0.005088 0.171057 0.805315 0.013217
3 2 0.002661 0.001959 0.106996 0.881960 0.006423
3 2 0.002067 0.001309 0.083625 0.908176 0.004823
3 2 0.001819 0.000882 0.061758 0.931870 0.003671
3 3 0.002743 0.001105 0.057797 0.933667 0.004687
3 2 0.004031 0.001626 0.067670 0.920357 0.006315
3 2 0.008331 0.003105 0.088113 0.890398 0.010054
3 2 0.006682 0.003008 0.095157 0.885465 0.009688
3 2 0.006417 0.003849 0.120738 0.857609 0.011387
3 2 0.003689 0.002988 0.126876 0.857331 0.009116
3 2 0.002672 0.002631 0.131646 0.854869 0.008182
3 2 0.001767 0.001307 0.083701 0.908154 0.005070
3 3 0.001818 0.000858 0.057335 0.936237 0.003752
3 3 0.002267 0.000729 0.044097 0.949482 0.003424
3 3 0.001859 0.000665 0.047413 0.947045 0.003017
3 3 0.003053 0.001174 0.060896 0.930153 0.004723
3 3 0.008310 0.002012 0.056753 0.925130 0.007794
3 2 0.020292 0.003454 0.052519 0.910400 0.013335
3 2 0.039520 0.008290 0.081565 0.845088 0.025537
3 2 0.024691 0.008214 0.114451 0.830361 0.022283
3 2 0.017614 0.006750 0.122915 0.834930 0.017792
3 2 0.007598 0.004890 0.143972 0.830572 0.012969
3 2 0.004087 0.003519 0.156110 0.827030 0.009254
3 2 0.003505 0.004150 0.191523 0.790612 0.010210
3 2 0.007019 0.006828 0.208615 0.762323 0.015215
3 2 0.011385 0.005828 0.140624 0.827306 0.014857
3 2 0.022963 0.008315 0.129915 0.817999 0.020808
3 1 0.054062 0.009385 0.085857 0.824676 0.026020
3 1 0.072008 0.011109 0.082086 0.804029 0.030769
3 2 0.094193 0.018354 0.114331 0.731054 0.042069
3 1 0.061919 0.021640 0.169727 0.702934 0.043780
3 2 0.097416 0.057228 0.323537 0.442587 0.079233
2 1 0.121152 0.121596 0.481450 0.172643 0.103159
2 1 0.071638 0.120131 0.600439 0.120134 0.087659
2 2 0.052978 0.103689 0.633281 0.135505 0.074547
2 2 0.020651 0.048410 0.621577 0.261456 0.047906
2 2 0.008494 0.021731 0.551915 0.390254 0.027606
2 2 0.005758 0.016327 0.557611 0.398934 0.021370
2 2 0.004973 0.014733 0.559558 0.400974 0.019762
2 2 0.005939 0.019876 0.667962 0.284050 0.022173
2 2 0.006548 0.026521 0.788875 0.155868 0.022188
2 2 0.006998 0.033288 0.853788 0.084417 0.021509
2 2 0.008447 0.034007 0.808390 0.123899 0.025258
2 2 0.008539 0.033698 0.802402 0.130034 0.025326
2 2 0.014535 0.043689 0.721703 0.183007 0.037066
2 1 0.021624 0.057931 0.694612 0.177579 0.048254
2 1 0.039300 0.103311 0.692188 0.097778 0.067424
2 1 0.039550 0.109684 0.698859 0.082436 0.069471
2 2 0.028764 0.090166 0.748771 0.077929 0.054369
2 2 0.019023 0.064397 0.776220 0.097420 0.042940
2 2 0.013319 0.051563 0.811293 0.090091 0.033735
2 2 0.012096 0.046739 0.809322 0.100056 0.031787
2 2 0.013843 0.049954 0.793208 0.108534 0.034461
2 2 0.009395 0.034549 0.777483 0.150699 0.027874
2 2 0.006340 0.026717 0.807474 0.138659 0.020810
2 2 0.005565 0.021909 0.762792 0.190182 0.019552
2 2 0.007208 0.025228 0.729440 0.214615 0.023508
2 2 0.008068 0.022492 0.601447 0.341471 0.026523
2 2 0.019410 0.052197 0.688327 0.194568 0.045499
2 0 0.073058 0.105376 0.591047 0.150331 0.080189
2 1 0.135338 0.125309 0.463566 0.168120 0.107667
2 2 0.119686 0.133573 0.482372 0.153371 0.110998
2 2 0.075096 0.123559 0.562446 0.144181 0.094718
2 2 0.029703 0.077425 0.695053 0.139731 0.058087
2 2 0.018488 0.047138 0.655045 0.234374 0.044954
2 2 0.020068 0.052608 0.678912 0.202013 0.046400
2 2 0.026004 0.063894 0.666380 0.189549 0.054173
2 1 0.041399 0.092876 0.644172 0.151189 0.070365
2 1 0.031527 0.082325 0.700034 0.127879 0.058235
2 2 0.018688 0.063795 0.782678 0.094037 0.040801
2 2 0.015377 0.055990 0.799097 0.093447 0.036090
2 2 0.008046 0.036433 0.845002 0.086902 0.023617
2 2 0.007230 0.031292 0.824669 0.114013 0.022797
2 2 0.006420 0.026511 0.794333 0.150651 0.022084
2 2 0.006253 0.023741 0.746967 0.200283 0.022755
2 2 0.005882 0.024106 0.780193 0.168408 0.021411
2 2 0.007004 0.029218 0.806022 0.134620 0.023135
2 2 0.007799 0.036767 0.855235 0.077427 0.022772
2 2 0.009085 0.037798 0.824911 0.102433 0.025774
2 2 0.009869 0.037693 0.802326 0.123189 0.026924
2 2 0.016416 0.046458 0.706674 0.191371 0.039081
2 2 0.044559 0.054644 0.499390 0.341396 0.060011
3 1 0.256496 0.038585 0.114255 0.518996 0.071668
0 1 0.529064 0.038603 0.046409 0.306758 0.079167
0 1 0.612000 0.043228 0.039704 0.223759 0.081309
0 1 0.539197 0.070572 0.066829 0.212801 0.110601
0 2 0.269680 0.158551 0.227518 0.173504 0.170747
2 2 0.138580 0.193389 0.365091 0.114712 0.188227
2 2 0.023423 0.065321 0.707430 0.150720 0.053106
2 2 0.026001 0.089309 0.768735 0.064470 0.051485
2 2 0.019988 0.058815 0.721721 0.151060 0.048416
2 2 0.014684 0.046655 0.740500 0.159216 0.038945
2 2 0.013124 0.045684 0.772248 0.133388 0.035556
2 2 0.010617 0.039098 0.785912 0.134285 0.030087
2 2 0.010454 0.042130 0.818879 0.099962 0.028574
2 2 0.007886 0.034166 0.830557 0.103651 0.023740
2 2 0.008631 0.034291 0.803989 0.127255 0.025834
2 2 0.008008 0.029870 0.773624 0.163863 0.024634
2 2 0.007983 0.028245 0.747237 0.191638 0.024898
2 2 0.005810 0.020830 0.715514 0.237326 0.020520
2 2 0.005989 0.018915 0.637568 0.315876 0.021652
2 2 0.005775 0.016893 0.582403 0.373923 0.021007
2 2 0.005059 0.015479 0.592874 0.367580 0.019008
3 2 0.004486 0.010682 0.426911 0.541089 0.016832
3 2 0.003310 0.005369 0.251946 0.727863 0.011512
3 2 0.003855 0.005007 0.213106 0.766343 0.011689
3 2 0.004055 0.005701 0.232526 0.744899 0.012819
3 2 0.004632 0.005885 0.219231 0.756777 0.013476
3 2 0.004389 0.006885 0.254787 0.718815 0.015123
3 2 0.004032 0.004575 0.186346 0.793546 0.011500
3 2 0.007845 0.006462 0.185925 0.784100 0.015669
3 2 0.034696 0.013995 0.173303 0.747761 0.030245
3 1 0.133840 0.029253 0.157686 0.623225 0.055996
3 1 0.190233 0.051645 0.201987 0.475363 0.080772
3 1 0.160973 0.076658 0.309373 0.358738 0.094258
2 2 0.069608 0.096852 0.559746 0.193157 0.080637
2 2 0.023166 0.066349 0.731731 0.131665 0.047088
2 2 0.012562 0.046657 0.799026 0.109251 0.032503
2 2 0.007366 0.032502 0.832216 0.104979 0.022938
2 2 0.007520 0.036630 0.860645 0.072648 0.022557
2 2 0.010973 0.047855 0.840937 0.071635 0.028600
2 2 0.012094 0.054876 0.848546 0.054978 0.029506
2 2 0.013200 0.057362 0.840646 0.057835 0.030957
2 2 0.006298 0.035042 0.887950 0.051972 0.018739
2 2 0.006993 0.033474 0.857903 0.080800 0.020830
2 2 0.005982 0.023858 0.779454 0.170698 0.020008
2 2 0.003868 0.014082 0.664668 0.301534 0.015847
2 2 0.005615 0.016088 0.584826 0.373167 0.020304
2 1 0.010987 0.028579 0.597303 0.329629 0.033502
2 1 0.044928 0.075036 0.555219 0.251451 0.073365
2 1 0.096844 0.111424 0.480844 0.209854 0.101034
2 2 0.126424 0.129470 0.447819 0.183074 0.113214
2 2 0.071587 0.088379 0.514227 0.240316 0.085491
2 2 0.026080 0.046679 0.582523 0.294786 0.049932
2 2 0.011442 0.028583 0.609462 0.317580 0.032933
2 2 0.008403 0.027232 0.698046 0.238961 0.027358
2 2 0.007918 0.029632 0.770023 0.167177 0.025249
2 2 0.006913 0.033083 0.852103 0.085833 0.022067
2 2 0.005163 0.027565 0.868940 0.079846 0.018486
2 2 0.006022 0.032846 0.879782 0.061764 0.019587
2 2 0.023588 0.088797 0.785940 0.052760 0.048914
2 2 0.128947 0.194822 0.409175 0.105585 0.161470
0 0 0.364109 0.127379 0.140165 0.206419 0.161928
0 0 0.682183 0.034353 0.028115 0.189370 0.065979
0 0 0.829242 0.009128 0.005923 0.131472 0.024234
0 0 0.870979 0.004770 0.002782 0.106775 0.014693
0 0 0.843187 0.007518 0.004724 0.123696 0.020875
0 0 0.845533 0.007262 0.004537 0.122342 0.020326
0 0 0.749733 0.021027 0.015738 0.167757 0.045745
0 0 0.558560 0.071918 0.063716 0.180357 0.125448
0 0 0.522762 0.087524 0.075926 0.154424 0.159364
0 0 0.360266 0.141631 0.138323 0.140597 0.219183
0 0 0.397130 0.127796 0.122918 0.150809 0.201347
0 0 0.355208 0.140254 0.143539 0.159719 0.201280
0 0 0.317717 0.142679 0.184804 0.189084 0.165717
2 0 0.216782 0.175195 0.281848 0.153273 0.172903
2 0 0.133368 0.197323 0.394577 0.105247 0.169485
2 0 0.119606 0.205476 0.405892 0.078265 0.190761
2 0 0.085236 0.190255 0.514768 0.061014 0.148727
2 0 0.088854 0.187871 0.512605 0.068412 0.142259
2 0 0.119163 0.192041 0.436501 0.099943 0.152353
0 0 0.272580 0.159564 0.212244 0.179728 0.175884
0 0 0.389677 0.120364 0.127843 0.200791 0.161325
0 0 0.429366 0.104716 0.109050 0.213122 0.143746
0 0 0.399751 0.114786 0.122555 0.210723 0.152185
0 0 0.294106 0.153617 0.179706 0.193262 0.179309
2 0 0.172938 0.190771 0.323462 0.136884 0.175945
2 0 0.134021 0.191565 0.406766 0.109419 0.158229
2 1 0.104529 0.187776 0.478028 0.088229 0.141438
2 1 0.097351 0.195405 0.477958 0.069463 0.159823
2 0 0.095539 0.207681 0.445407 0.052805 0.198568
2 1 0.096386 0.221009 0.378995 0.037926 0.265684
2 1 0.106828 0.224987 0.328228 0.037914 0.302043
2 1 0.106709 0.224312 0.336214 0.039253 0.293511
4 1 0.137891 0.221092 0.264385 0.046583 0.330049
4 0 0.167347 0.211325 0.247296 0.057554 0.316478
4 1 0.251454 0.183950 0.172738 0.082093 0.309764
4 1 0.242447 0.187156 0.195751 0.098970 0.275676
4 1 0.237261 0.188633 0.203278 0.100674 0.270153
2 1 0.140315 0.215676 0.325364 0.074626 0.244018
2 1 0.109911 0.215704 0.387864 0.054884 0.231637
2 1 0.090324 0.215972 0.417348 0.039292 0.237065
2 1 0.082901 0.218784 0.408480 0.030838 0.258997
2 1 0.088946 0.224064 0.359541 0.028913 0.298536
2 1 0.125110 0.220277 0.310258 0.044695 0.299659
2 0 0.151583 0.211339 0.311710 0.069602 0.255766
0 0 0.274796 0.170031 0.192358 0.141517 0.221297
0 1 0.263952 0.174900 0.198054 0.134978 0.228116
4 1 0.167853 0.215533 0.248115 0.075089 0.293409
4 1 0.132878 0.223883 0.277207 0.049724 0.316307
2 1 0.087424 0.223291 0.368739 0.028987 0.291559
2 1 0.061502 0.200500 0.517371 0.026825 0.193802
2 1 0.053227 0.196253 0.539689 0.021807 0.189025
2 1 0.056785 0.198667 0.527983 0.023686 0.192879
2 1 0.063545 0.196152 0.532163 0.031415 0.176726
2 1 0.058866 0.173600 0.603719 0.041778 0.122036
2 1 0.065137 0.170400 0.598182 0.053695 0.112586
2 1 0.060669 0.179553 0.586171 0.039638 0.133970
2 1 0.065822 0.201032 0.511547 0.030417 0.191182
2 1 0.065990 0.215700 0.435955 0.021174 0.261181
4 1 0.078521 0.225372 0.291843 0.016819 0.387446
4 1 0.090832 0.218832 0.203899 0.015805 0.470633
4 0 0.093363 0.207739 0.154177 0.013415 0.531307
4 1 0.079635 0.212515 0.183371 0.011194 0.513285
4 1 0.090366 0.212874 0.175316 0.013839 0.507605
4 1 0.077553 0.225420 0.299658 0.016914 0.380455
4 1 0.072530 0.224756 0.326780 0.016427 0.359508
2 1 0.044469 0.208896 0.462836 0.010534 0.273266
2 1 0.076105 0.224303 0.353756 0.020207 0.325629
4 1 0.074766 0.216192 0.207694 0.010951 0.490396
4 1 0.076474 0.220110 0.230471 0.012535 0.460410
4 1 0.069424 0.223955 0.342210 0.015970 0.348441
2 1 0.073343 0.224002 0.354640 0.018780 0.329236
2 0 0.084832 0.221313 0.388328 0.029602 0.275925
2 0 0.136335 0.220998 0.302038 0.060315 0.280314
2 1 0.167820 0.207734 0.291771 0.104797 0.227877
2 1 0.190644 0.200791 0.267286 0.095847 0.245433
2 1 0.142687 0.213403 0.329963 0.080754 0.233192
2 1 0.110009 0.209163 0.413775 0.064161 0.202892
2 1 0.086977 0.204135 0.472090 0.048337 0.188461
2 1 0.059968 0.184125 0.574899 0.035529 0.145480
2 1 0.047195 0.169511 0.632156 0.029113 0.122026
2 1 0.045529 0.162694 0.651438 0.030865 0.109474
2 1 0.025869 0.126572 0.747260 0.021324 0.078975
2 1 0.018548 0.102303 0.799325 0.020265 0.059558
2 2 0.023705 0.115306 0.762775 0.024324 0.073889
2 2 0.025043 0.120218 0.747014 0.024470 0.083255
2 1 0.042043 0.172348 0.615905 0.021991 0.147714
2 1 0.052639 0.194026 0.548934 0.022350 0.182050
2 2 0.049624 0.184778 0.584455 0.023925 0.157218
2 2 0.044318 0.167816 0.632551 0.026745 0.128569
2 2 0.027227 0.123074 0.748860 0.026029 0.074810
2 2 0.022839 0.103506 0.789576 0.029763 0.054316
2 2 0.017137 0.085599 0.827848 0.028130 0.041287
2 2 0.014022 0.075201 0.849041 0.026743 0.034993
2 2 0.012971 0.071578 0.856407 0.026123 0.032921
2 2 0.009162 0.057632 0.885076 0.023023 0.025107
2 2 0.010248 0.058274 0.875486 0.029291 0.026702
2 2 0.011156 0.060444 0.868148 0.031926 0.028326
2 2 0.010961 0.060851 0.870134 0.029897 0.028157
2 2 0.012097 0.065288 0.862034 0.030055 0.030526
2 2 0.010495 0.062304 0.873652 0.025057 0.028492
2 2 0.008655 0.054420 0.888880 0.024257 0.023788
2 2 0.006288 0.043511 0.908715 0.023148 0.018338
2 2 0.007147 0.044922 0.899424 0.028662 0.019845
2 2 0.006405 0.040741 0.903081 0.031121 0.018651
2 2 0.005317 0.037106 0.915653 0.026080 0.015844
2 2 0.005523 0.035420 0.905756 0.035996 0.017305
2 2 0.006199 0.037328 0.897246 0.040376 0.018851
2 2 0.007296 0.039532 0.880591 0.050935 0.021646
2 2 0.005757 0.033764 0.894530 0.047967 0.017981
2 2 0.006345 0.032849 0.871139 0.069599 0.020068
2 2 0.008337 0.035402 0.824695 0.106428 0.025138
2 2 0.008123 0.034994 0.828164 0.104042 0.024676
2 2 0.006449 0.028586 0.826836 0.117071 0.021057
2 2 0.006423 0.028937 0.829756 0.113413 0.021471
2 2 0.006616 0.032254 0.856542 0.083418 0.021169
2 2 0.007799 0.037196 0.856591 0.075296 0.023118
2 2 0.022735 0.071702 0.752786 0.103266 0.049511
2 1 0.072737 0.133455 0.583959 0.112715 0.097134
0 0 0.416825 0.109947 0.114969 0.207932 0.150326
0 1 0.506185 0.084190 0.080006 0.197356 0.132264
0 1 0.376672 0.136700 0.137437 0.129922 0.219270
2 2 0.159143 0.196457 0.351428 0.097157 0.195816
2 2 0.039035 0.129705 0.710690 0.046252 0.074318
2 2 0.019577 0.089803 0.813034 0.032826 0.044760
2 2 0.015960 0.077715 0.835636 0.032789 0.037900
2 2 0.014116 0.071987 0.847924 0.031526 0.034447
2 2 0.012643 0.062318 0.855369 0.039088 0.030582
2 2 0.010160 0.048295 0.857277 0.057282 0.026986
2 2 0.008238 0.036748 0.839473 0.090927 0.024614
2 2 0.008643 0.036021 0.818423 0.110666 0.026247
2 2 0.010828 0.044651 0.820982 0.092813 0.030726
2 2 0.012381 0.054052 0.836067 0.065094 0.032405
2 2 0.010294 0.047516 0.851895 0.062904 0.027391
2 2 0.008705 0.041050 0.857815 0.068380 0.024051
2 2 0.007251 0.035095 0.862650 0.074074 0.020929
2 2 0.007376 0.033662 0.843373 0.092988 0.022602
2 2 0.007492 0.033000 0.831410 0.104663 0.023435
2 2 0.007860 0.028930 0.759515 0.178119 0.025577
2 2 0.005810 0.020775 0.708204 0.243893 0.021317
2 2 0.004259 0.015435 0.670298 0.292442 0.017566
2 2 0.004254 0.014574 0.631908 0.331501 0.017763
2 3 0.006017 0.017208 0.568287 0.386178 0.022310
2 2 0.007813 0.020742 0.562089 0.383056 0.026300
2 2 0.005808 0.017242 0.587523 0.367629 0.021798
2 2 0.005741 0.018211 0.629112 0.325274 0.021662
2 2 0.007888 0.024876 0.672595 0.268105 0.026536
2 2 0.005961 0.018969 0.641671 0.311817 0.021582
2 2 0.005363 0.017940 0.659846 0.297015 0.019836
2 2 0.005350 0.015341 0.556150 0.403181 0.019977
2 2 0.010010 0.025587 0.597961 0.337109 0.029333
2 1 0.030687 0.043757 0.505666 0.368851 0.051038
2 1 0.100172 0.104228 0.477210 0.222834 0.095555
2 2 0.108720 0.136980 0.487690 0.153800 0.112809
2 1 0.136333 0.147800 0.428526 0.159004 0.128336
2 1 0.100220 0.164196 0.483145 0.122606 0.129832
2 2 0.059260 0.138790 0.620168 0.087654 0.094127
2 2 0.055820 0.144054 0.637995 0.069208 0.092923
2 2 0.055665 0.149276 0.639686 0.061115 0.094259
2 2 0.039605 0.125901 0.707777 0.052829 0.073888
2 2 0.032417 0.113436 0.742142 0.048132 0.063873
2 2 0.040825 0.116458 0.697419 0.072823 0.072475
2 2 0.054552 0.118297 0.617335 0.123397 0.086419
2 2 0.058773 0.104308 0.557407 0.189628 0.089884
2 2 0.055769 0.111949 0.594841 0.150621 0.086820
2 1 0.048725 0.117207 0.653146 0.101622 0.079299
2 2 0.053681 0.135933 0.644189 0.077352 0.088845
2 2 0.058431 0.148486 0.628192 0.068576 0.096314
2 1 0.070713 0.165294 0.583717 0.069403 0.110873
2 2 0.063523 0.159937 0.609792 0.063065 0.103683
2 2 0.037522 0.122278 0.717414 0.051776 0.071010
2 2 0.023098 0.091225 0.790705 0.045991 0.048980
2 2 0.015741 0.072209 0.835039 0.040570 0.036442
2 2 0.015578 0.069301 0.834191 0.045329 0.035601
2 2 0.018701 0.080208 0.816400 0.043066 0.041625
2 2 0.026841 0.099462 0.770118 0.048722 0.054856
2 2 0.047756 0.132133 0.670330 0.066961 0.082820
2 0 0.139591 0.194163 0.386878 0.115184 0.164184
0 0 0.344733 0.134442 0.150411 0.203415 0.166998
0 1 0.385028 0.119926 0.129642 0.209135 0.156270
2 1 0.216364 0.175817 0.280108 0.153851 0.173860
2 1 0.141837 0.212202 0.336373 0.081044 0.228544
4 1 0.117259 0.224075 0.227943 0.029721 0.401002
2 2 0.070069 0.210925 0.463605 0.027440 0.227961
2 2 0.042539 0.160912 0.627259 0.029159 0.140132
2 1 0.027211 0.110535 0.755665 0.037468 0.069121
2 1 0.013336 0.060534 0.832169 0.055258 0.038703
2 1 0.036090 0.135173 0.702006 0.035910 0.090821
2 2 0.030959 0.153135 0.681698 0.017172 0.117037
2 2 0.021287 0.107290 0.781638 0.024001 0.065784
2 2 0.017080 0.092600 0.811771 0.023565 0.054983
2 2 0.014989 0.082912 0.832711 0.024292 0.045095
2 2 0.014419 0.070802 0.845117 0.035096 0.034565
2 2 0.015700 0.072853 0.835760 0.039149 0.036538
2 2 0.011508 0.061996 0.865757 0.031644 0.029096
2 2 0.008898 0.053513 0.886146 0.027497 0.023946
2 2 0.010755 0.059326 0.871275 0.031065 0.027579
2 2 0.009779 0.054518 0.877756 0.032622 0.025325
2 2 0.008000 0.048716 0.892587 0.028924 0.021773
2 2 0.008206 0.053633 0.891014 0.022865 0.024281
2 1 0.016806 0.088812 0.822719 0.024823 0.046840
2 1 0.032844 0.129315 0.732228 0.032355 0.073257
2 1 0.038735 0.142956 0.704911 0.032782 0.080616
2 1 0.043300 0.161543 0.657495 0.028505 0.109158
2 1 0.059824 0.192438 0.549098 0.030031 0.168609
2 1 0.071052 0.213629 0.448199 0.026296 0.240823
2 1 0.096115 0.225631 0.333626 0.030610 0.314018
4 0 0.107364 0.225904 0.253314 0.027494 0.385924
4 4 0.103994 0.224971 0.241251 0.024399 0.405385
4 4 0.181577 0.194076 0.153492 0.033939 0.436917
4 0 0.229292 0.171771 0.124372 0.033909 0.440657
0 0 0.360468 0.139027 0.102767 0.060476 0.337263
4 4 0.213172 0.189486 0.167152 0.046353 0.383837
4 4 0.231253 0.183689 0.151266 0.050270 0.383522
4 4 0.121905 0.215886 0.214744 0.025238 0.422228
4 4 0.090687 0.207925 0.169655 0.012465 0.519268
4 4 0.078736 0.201981 0.145955 0.009289 0.564041
4 4 0.072818 0.216912 0.214940 0.010712 0.484619
4 4 0.080362 0.218420 0.213051 0.012883 0.475284
4 4 0.075700 0.217287 0.212710 0.011447 0.482856
4 4 0.078623 0.214357 0.193029 0.011370 0.502620
4 4 0.069908 0.224011 0.299055 0.013699 0.393326
2 4 0.065702 0.223087 0.349140 0.014678 0.347393
2 4 0.057677 0.213468 0.448264 0.016821 0.263770
2 4 0.066627 0.219803 0.401967 0.018677 0.292926
4 4 0.083224 0.225767 0.331427 0.022237 0.337344
4 4 0.092014 0.226716 0.305518 0.024692 0.351060
4 4 0.082169 0.225652 0.333007 0.021789 0.337383
2 4 0.071394 0.221174 0.391391 0.020655 0.295387
2 4 0.072232 0.222944 0.370564 0.019413 0.314847
4 4 0.078626 0.225666 0.317994 0.018709 0.359004
4 4 0.080090 0.223456 0.254285 0.015091 0.427078
4 4 0.072780 0.224753 0.306403 0.015276 0.380788
4 0 0.088046 0.222791 0.234673 0.016865 0.437625
4 4 0.086902 0.226173 0.284166 0.020067 0.382692
4 4 0.086714 0.220267 0.217046 0.015219 0.460754
4 4 0.089740 0.222074 0.226675 0.016959 0.444552
4 4 0.089817 0.213227 0.177219 0.013788 0.505949
4 1 0.088481 0.216226 0.192077 0.014272 0.488945
4 4 0.092021 0.207037 0.152655 0.012948 0.535338
4 4 0.090103 0.212585 0.174318 0.013699 0.509295
4 4 0.097988 0.220207 0.206233 0.018591 0.456981
4 4 0.085122 0.226275 0.296110 0.020180 0.372313
4 4 0.089920 0.222106 0.226721 0.017031 0.444223
4 4 0.089592 0.219753 0.210629 0.015817 0.464209
4 4 0.088460 0.224689 0.253808 0.018403 0.414640
2 4 0.066762 0.223192 0.351884 0.015324 0.342839
2 4 0.086527 0.223641 0.365561 0.027943 0.296328
2 4 0.078253 0.217159 0.422554 0.028922 0.253112
2 4 0.065672 0.208013 0.480952 0.025831 0.219532
2 4 0.070330 0.211870 0.458436 0.026987 0.232377
2 4 0.064017 0.213931 0.447816 0.020918 0.253318
2 4 0.071457 0.218645 0.414350 0.022836 0.272712
2 4 0.078503 0.212522 0.448569 0.033033 0.227374
2 0 0.113821 0.195967 0.441280 0.087440 0.161492
2 1 0.109728 0.186779 0.470161 0.090894 0.142439
2 1 0.113938 0.198340 0.436592 0.081065 0.170065
2 1 0.117371 0.217035 0.367530 0.058254 0.239810
4 1 0.173236 0.208267 0.213968 0.049335 0.355195
4 1 0.223596 0.186867 0.157633 0.049957 0.381946
4 1 0.306492 0.145530 0.098289 0.038323 0.411367
4 1 0.258780 0.151325 0.097492 0.027485 0.464918
4 1 0.277204 0.150960 0.100539 0.032786 0.438512
0 1 0.340240 0.150779 0.126219 0.082195 0.300567
0 1 0.255020 0.172663 0.232670 0.131412 0.208235
2 1 0.111915 0.190324 0.456213 0.094258 0.147291
2 0 0.099076 0.186384 0.492715 0.083906 0.137918
2 0 0.110633 0.198574 0.442519 0.079969 0.168305
2 1 0.109862 0.201512 0.436927 0.074855 0.176844
2 1 0.097940 0.211265 0.427733 0.050837 0.212225
2 1 0.089287 0.217114 0.412362 0.037284 0.243952
2 1 0.074391 0.202716 0.495476 0.037289 0.190128
2 1 0.060606 0.190163 0.555782 0.032257 0.161191
2 1 0.055092 0.175172 0.606183 0.035631 0.127922
2 1 0.054306 0.165562 0.629872 0.041480 0.108780
2 1 0.048763 0.156790 0.658490 0.039617 0.096340
2 2 0.035337 0.132941 0.719595 0.034787 0.077340
2 2 0.019151 0.095626 0.810604 0.025801 0.048818
2 2 0.009235 0.060951 0.884575 0.019405 0.025834
2 2 0.008044 0.055123 0.894464 0.019321 0.023049
2 2 0.013008 0.072439 0.856157 0.025255 0.033141
2 2 0.014377 0.076375 0.846599 0.026970 0.035679
2 2 0.017048 0.086343 0.828704 0.026876 0.041030
2 2 0.016277 0.083094 0.833826 0.027386 0.039416
2 2 0.016591 0.084089 0.831769 0.027545 0.040006
2 2 0.024250 0.102435 0.785666 0.034842 0.052808
2 1 0.033241 0.123874 0.733338 0.038439 0.071108
2 1 0.041022 0.147586 0.683803 0.034304 0.093285
2 1 0.028179 0.123817 0.747525 0.027248 0.073231
2 1 0.023727 0.109255 0.779917 0.027518 0.059584
2 1 0.017917 0.086917 0.821951 0.029955 0.043260
2 2 0.013079 0.070920 0.855559 0.027515 0.032927
2 2 0.009424 0.058089 0.882878 0.024052 0.025557
2 2 0.009113 0.056719 0.885321 0.023983 0.024864
2 2 0.008347 0.051801 0.890833 0.026165 0.022854
2 2 0.008083 0.046643 0.887612 0.035356 0.022306
2 2 0.006431 0.039643 0.900199 0.034918 0.018809
2 2 0.006833 0.042855 0.900800 0.030281 0.019231
2 2 0.006955 0.044769 0.901652 0.027081 0.019543
2 2 0.007818 0.049003 0.894813 0.026790 0.021577
2 2 0.006223 0.041521 0.908005 0.026381 0.017870
2 2 0.007594 0.043625 0.890320 0.037615 0.020846
2 2 0.011186 0.051872 0.853496 0.055392 0.028054
2 2 0.014827 0.066287 0.838173 0.046660 0.034053
2 2 0.025522 0.096457 0.777168 0.048081 0.052772
2 1 0.052228 0.156018 0.652686 0.045961 0.093108
2 2 0.037877 0.122225 0.715631 0.052935 0.071331
2 2 0.025487 0.095680 0.777049 0.049235 0.052548
2 2 0.015501 0.083506 0.838573 0.023884 0.038537
2 2 0.009622 0.059767 0.881459 0.023000 0.026152
2 2 0.009186 0.056578 0.884622 0.024674 0.024939
2 2 0.010971 0.062471 0.870641 0.027421 0.028496
2 2 0.009396 0.055233 0.882113 0.028298 0.024960
2 2 0.008721 0.048634 0.882144 0.036981 0.023520
2 2 0.007401 0.038854 0.875871 0.056048 0.021826
2 2 0.008400 0.037210 0.840827 0.089360 0.024203
2 1 0.014826 0.055009 0.805965 0.089752 0.034448
2 1 0.020823 0.077372 0.796510 0.062057 0.043238
2 1 0.094951 0.187623 0.477993 0.076647 0.162786
2 1 0.146186 0.216810 0.305613 0.074457 0.256934
4 1 0.239664 0.189020 0.188595 0.093392 0.289329
0 1 0.298562 0.163408 0.170269 0.137434 0.230327
0 1 0.259080 0.175297 0.215735 0.122568 0.227319
2 1 0.133603 0.186438 0.422798 0.105539 0.151622
2 1 0.091967 0.183366 0.514377 0.078423 0.131866
2 2 0.073114 0.173118 0.575576 0.063187 0.115005
2 2 0.047992 0.151561 0.669873 0.042416 0.088158
2 2 0.027980 0.116110 0.764325 0.031651 0.059934
2 2 0.019731 0.096523 0.811275 0.026097 0.046374
2 2 0.010320 0.065050 0.875988 0.020522 0.028120
2 2 0.009949 0.062344 0.878959 0.021653 0.027095
2 2 0.007821 0.053276 0.896298 0.020218 0.022387
2 2 0.010125 0.058897 0.876876 0.027437 0.026665
2 2 0.009035 0.052083 0.883771 0.031264 0.023847
2 2 0.012167 0.058884 0.856737 0.042956 0.029256
2 2 0.010481 0.051931 0.866436 0.045397 0.025754
2 2 0.011137 0.052621 0.856824 0.051708 0.027709
2 2 0.006205 0.033399 0.881482 0.060041 0.018874
2 2 0.005328 0.025086 0.835014 0.115841 0.018732
2 2 0.004614 0.018419 0.743605 0.215496 0.017864
2 2 0.005421 0.017307 0.629383 0.327647 0.020242
2 2 0.004419 0.013036 0.539690 0.424909 0.017946
3 2 0.003160 0.007653 0.367233 0.608198 0.013755
3 2 0.002695 0.006722 0.382480 0.596025 0.012077
3 2 0.004531 0.004484 0.182937 0.797115 0.010934
3 3 0.005814 0.004422 0.152611 0.825500 0.011653
3 2 0.005646 0.003410 0.123061 0.858062 0.009822
3 2 0.003963 0.002890 0.128835 0.855946 0.008366
3 2 0.003647 0.003069 0.140223 0.844363 0.008698
3 2 0.005601 0.004962 0.169844 0.806974 0.012619
3 2 0.006612 0.006186 0.192884 0.779790 0.014528
3 2 0.003181 0.002892 0.148099 0.837869 0.007959
3 2 0.002949 0.002058 0.112249 0.876352 0.006392
3 3 0.002275 0.001621 0.102227 0.888520 0.005357
3 3 0.003817 0.001972 0.085352 0.901875 0.006984
3 3 0.003429 0.001692 0.073219 0.915054 0.006606
3 2 0.003367 0.001612 0.068831 0.919661 0.006529
3 2 0.003541 0.001381 0.060742 0.928640 0.005697
3 2 0.004419 0.001772 0.070394 0.916711 0.006704
3 3 0.004194 0.001689 0.069047 0.918600 0.006469
3 3 0.004174 0.001722 0.070987 0.916605 0.006512
3 3 0.002875 0.001281 0.063131 0.927405 0.005308
3 3 0.002052 0.001122 0.065572 0.926504 0.004750
3 3 0.001819 0.000930 0.061768 0.931519 0.003965
3 3 0.001269 0.000923 0.081514 0.912796 0.003499
3 3 0.002077 0.001399 0.094717 0.897036 0.004770
3 3 0.002936 0.001345 0.073010 0.917701 0.005009
3 3 0.002902 0.001059 0.055582 0.935992 0.004464
3 3 0.002978 0.000867 0.044562 0.947617 0.003977
3 3 0.002924 0.000973 0.050056 0.941746 0.004301
3 3 0.001570 0.000686 0.050852 0.943743 0.003149
3 3 0.001408 0.000735 0.060164 0.934553 0.003140
3 3 0.001520 0.000800 0.063686 0.930697 0.003297
3 3 0.001853 0.000918 0.064169 0.929318 0.003743
3 3 0.003017 0.001197 0.059644 0.931180 0.004963
3 3 0.002864 0.001319 0.068567 0.922075 0.005175
3 3 0.003063 0.001595 0.079321 0.910136 0.005886
3 3 0.006560 0.003775 0.116805 0.861544 0.011316
3 3 0.005864 0.003610 0.113020 0.866167 0.011339
3 3 0.004068 0.002114 0.084450 0.901744 0.007623
3 3 0.002543 0.001011 0.053349 0.938581 0.004516
3 3 0.002328 0.000802 0.045905 0.947199 0.003767
3 3 0.003069 0.000943 0.048426 0.943409 0.004154
3 3 0.002625 0.000941 0.054261 0.938200 0.003974
3 3 0.002652 0.001251 0.069321 0.921901 0.004874
3 3 0.002222 0.000660 0.040202 0.953699 0.003218
3 3 0.003293 0.001119 0.054057 0.936786 0.004745
3 3 0.004014 0.001413 0.061012 0.927934 0.005628
3 3 0.005107 0.001225 0.044307 0.943858 0.005502
3 3 0.004950 0.000947 0.034278 0.955104 0.004720
3 2 0.005455 0.001138 0.039359 0.948716 0.005331
3 3 0.015163 0.003227 0.063136 0.906996 0.011478
3 2 0.020206 0.007974 0.129315 0.821930 0.020574
3 2 0.015802 0.011678 0.218407 0.729973 0.024140
3 2 0.007674 0.006000 0.169862 0.801563 0.014900
3 2 0.005208 0.008567 0.307912 0.661541 0.016771
3 2 0.007028 0.012688 0.393228 0.566207 0.020849
2 2 0.006543 0.014152 0.488990 0.469883 0.020432
2 3 0.008256 0.019109 0.569852 0.379200 0.023583
2 2 0.009772 0.018138 0.479993 0.467372 0.024725
2 2 0.010221 0.020078 0.500483 0.442794 0.026424
3 2 0.008748 0.017255 0.450117 0.499117 0.024764
3 3 0.006423 0.008977 0.302580 0.665322 0.016698
