0 0 0.826392 0.002056 0.006891 0.157846 0.006815
0 0 0.975911 0.000750 0.001012 0.013043 0.009285
0 0 0.970269 0.000281 0.000126 0.025216 0.004107
0 0 0.956240 0.001367 0.000118 0.005485 0.036790
0 0 0.881799 0.002892 0.000071 0.002539 0.112699
0 0 0.955382 0.001121 0.000042 0.004975 0.038480
0 0 0.970537 0.000670 0.000181 0.018008 0.010603
0 0 0.857369 0.005399 0.004091 0.108901 0.024240
0 0 0.828612 0.011832 0.008803 0.104073 0.046681
0 0 0.758004 0.006385 0.007619 0.209081 0.018912
0 0 0.779412 0.005107 0.007441 0.192320 0.015719
0 0 0.792713 0.017547 0.018283 0.114404 0.057054
0 0 0.662681 0.053235 0.035564 0.039261 0.209259
4 0 0.285475 0.143776 0.047279 0.014605 0.508866
4 0 0.304405 0.134431 0.038468 0.014988 0.507709
4 0 0.297900 0.139946 0.042713 0.015713 0.503728
4 1 0.284583 0.145992 0.048918 0.015210 0.505296
4 1 0.262303 0.185982 0.086693 0.030216 0.434805
4 1 0.221667 0.225669 0.152138 0.060247 0.340278
4 1 0.213416 0.229095 0.164732 0.064565 0.328191
4 1 0.206599 0.229481 0.174612 0.065189 0.324120
4 1 0.238917 0.212158 0.124417 0.046950 0.377558
4 1 0.181476 0.219942 0.210524 0.054736 0.333323
2 2 0.101214 0.195241 0.405691 0.055373 0.242481
2 2 0.072074 0.167463 0.512659 0.054851 0.192953
2 2 0.084199 0.180121 0.460896 0.047417 0.227366
4 2 0.176365 0.206186 0.208971 0.041266 0.367212
4 2 0.237729 0.198290 0.116149 0.035982 0.411850
4 2 0.190593 0.207465 0.184813 0.041636 0.375492
2 2 0.119510 0.200749 0.347268 0.049167 0.283306
2 2 0.029843 0.104900 0.718709 0.047178 0.099370
2 2 0.019915 0.076670 0.786342 0.043416 0.073657
2 2 0.015842 0.064292 0.817181 0.040214 0.062471
2 2 0.025689 0.093736 0.745967 0.045067 0.089542
2 2 0.035958 0.124762 0.677894 0.040047 0.121339
2 2 0.054732 0.149705 0.581685 0.040937 0.172942
2 2 0.070398 0.162734 0.510245 0.038140 0.218484
2 2 0.082950 0.171234 0.458626 0.037054 0.250135
2 2 0.090516 0.175151 0.429273 0.036128 0.268931
2 2 0.086504 0.173547 0.445109 0.037045 0.257796
2 2 0.077301 0.169260 0.482873 0.039502 0.231064
2 2 0.075677 0.168085 0.489446 0.039579 0.227213
2 2 0.072904 0.162963 0.497918 0.035929 0.230286
2 2 0.084305 0.171243 0.452407 0.036064 0.255981
2 2 0.092692 0.175526 0.420311 0.035221 0.276250
4 2 0.127518 0.189083 0.310643 0.035216 0.337539
4 2 0.146861 0.190269 0.256750 0.032061 0.374060
4 2 0.167311 0.191919 0.212445 0.031717 0.396607
4 2 0.152238 0.192691 0.246437 0.033141 0.375493
4 2 0.144656 0.189777 0.261668 0.031905 0.371994
4 2 0.199593 0.186732 0.152816 0.029030 0.431828
4 4 0.238534 0.193144 0.111497 0.032717 0.424108
4 4 0.264956 0.182242 0.082358 0.028399 0.442045
4 4 0.257803 0.191905 0.094006 0.033333 0.422953
4 4 0.255890 0.194277 0.097103 0.034672 0.418059
4 4 0.282726 0.169256 0.066164 0.026254 0.455600
4 4 0.281531 0.157568 0.057660 0.019257 0.483985
4 4 0.281205 0.153747 0.054976 0.017482 0.492590
4 4 0.281624 0.152836 0.054237 0.017202 0.494102
4 4 0.264646 0.182689 0.082865 0.028611 0.441189
4 4 0.256684 0.194624 0.097104 0.035492 0.416097
4 4 0.226286 0.192812 0.125147 0.033300 0.422455
4 4 0.182726 0.193390 0.184193 0.031463 0.408228
4 4 0.172827 0.197233 0.206643 0.034429 0.388868
4 4 0.175173 0.193210 0.197632 0.031568 0.402417
4 4 0.195165 0.183631 0.155907 0.027299 0.437998
4 4 0.241572 0.168245 0.088820 0.020649 0.480714
4 4 0.279930 0.156451 0.057211 0.018334 0.488074
4 4 0.277152 0.161997 0.062009 0.020189 0.478653
4 4 0.271991 0.171266 0.070729 0.023641 0.462373
4 4 0.263706 0.184029 0.084403 0.029254 0.438608
4 4 0.274959 0.171263 0.069874 0.024680 0.459224
4 4 0.243503 0.183482 0.100798 0.028744 0.443473
4 4 0.277070 0.162155 0.062150 0.020244 0.478382
4 4 0.277067 0.162161 0.062155 0.020246 0.478372
4 4 0.277460 0.161403 0.061481 0.019983 0.479672
4 4 0.259947 0.191063 0.092337 0.033658 0.422994
4 4 0.182309 0.204231 0.196304 0.039469 0.377687
2 4 0.104586 0.184353 0.382911 0.037953 0.290196
2 4 0.085038 0.175055 0.453227 0.039898 0.246782
2 4 0.061556 0.152732 0.547180 0.035354 0.203178
2 4 0.040951 0.126053 0.648354 0.030427 0.154215
2 4 0.031517 0.111327 0.703205 0.028887 0.125065
2 2 0.025645 0.098254 0.743780 0.033563 0.098757
2 2 0.027119 0.103210 0.732817 0.032640 0.104214
2 2 0.035969 0.124785 0.677834 0.040059 0.121354
2 2 0.052931 0.153596 0.590607 0.051712 0.151154
2 2 0.070286 0.171331 0.515695 0.051211 0.191477
2 2 0.076608 0.173808 0.489405 0.046527 0.213652
2 2 0.091061 0.181922 0.434001 0.043625 0.249392
2 2 0.076317 0.170144 0.488213 0.041632 0.223694
2 2 0.058688 0.156071 0.564191 0.044388 0.176662
2 2 0.050761 0.148487 0.601194 0.046764 0.152794
2 2 0.079244 0.182932 0.481502 0.058420 0.197903
2 2 0.122498 0.210104 0.343961 0.060726 0.262710
4 2 0.177495 0.222644 0.219624 0.058608 0.321628
4 2 0.154276 0.222252 0.267678 0.063717 0.292076
2 2 0.129207 0.216816 0.327603 0.067459 0.258915
2 2 0.101808 0.201340 0.404865 0.063499 0.228488
2 2 0.095439 0.200676 0.425074 0.070158 0.208653
2 2 0.114826 0.215280 0.366334 0.077200 0.226361
2 2 0.086292 0.196134 0.443568 0.120686 0.153320
2 2 0.123237 0.233846 0.332155 0.120497 0.190265
2 2 0.095573 0.214308 0.412447 0.109328 0.168343
2 2 0.068840 0.181838 0.516603 0.077961 0.154757
2 2 0.039934 0.133003 0.655686 0.044586 0.126790
2 2 0.020358 0.082206 0.782239 0.031839 0.083358
2 2 0.017416 0.070073 0.805363 0.038457 0.068690
2 2 0.020156 0.076192 0.783934 0.047718 0.072000
2 2 0.030730 0.104373 0.713048 0.055860 0.095988
2 2 0.077411 0.180368 0.488292 0.056421 0.197509
4 2 0.191139 0.237076 0.201230 0.078818 0.291737
4 2 0.230909 0.218942 0.137276 0.053015 0.359858
4 2 0.240747 0.210472 0.121478 0.045589 0.381713
4 2 0.258651 0.190827 0.092630 0.032742 0.425150
4 2 0.263026 0.184982 0.085513 0.029720 0.436759
4 2 0.272204 0.170906 0.070373 0.023498 0.463019
4 4 0.275417 0.165249 0.064964 0.021347 0.473022
4 4 0.255164 0.195156 0.098276 0.035182 0.416223
4 4 0.227541 0.221523 0.142688 0.055621 0.352626
0 4 0.389361 0.131173 0.074086 0.032564 0.372816
4 4 0.295832 0.105857 0.024563 0.006726 0.567023
4 4 0.283332 0.148975 0.051188 0.016055 0.500449
4 4 0.283584 0.160126 0.059059 0.021096 0.476136
4 4 0.231667 0.218340 0.136059 0.052433 0.361501
4 2 0.199431 0.237636 0.188106 0.078745 0.296082
4 2 0.183803 0.242866 0.213625 0.092750 0.266956
2 2 0.153182 0.232808 0.272364 0.083455 0.258191
2 2 0.119356 0.216623 0.353996 0.075282 0.234743
2 2 0.047918 0.144734 0.615852 0.053848 0.137649
2 2 0.065023 0.168804 0.538067 0.069615 0.158490
2 2 0.084453 0.190491 0.457081 0.107180 0.160795
2 2 0.163465 0.245713 0.247303 0.112600 0.230919
2 2 0.154674 0.246182 0.261812 0.121388 0.215944
2 2 0.099305 0.215034 0.404412 0.102234 0.179015
2 2 0.027111 0.091957 0.733586 0.064980 0.082365
2 2 0.014727 0.053409 0.824296 0.058813 0.048755
2 2 0.020441 0.057304 0.787970 0.084373 0.049913
2 2 0.040518 0.097928 0.666704 0.114308 0.080542
2 2 0.063574 0.134014 0.544469 0.155148 0.102794
2 2 0.161381 0.195674 0.297417 0.177366 0.168163
2 2 0.212416 0.182728 0.268871 0.165343 0.170641
2 2 0.220501 0.193364 0.250923 0.143429 0.191783
4 2 0.190735 0.240853 0.202280 0.086430 0.279702
4 2 0.192659 0.240208 0.199137 0.084707 0.283289
4 2 0.181277 0.242575 0.217947 0.092862 0.265339
2 2 0.138200 0.227883 0.305939 0.082868 0.245110
2 2 0.129318 0.227632 0.326404 0.090670 0.225977
4 2 0.190634 0.240886 0.202444 0.086521 0.279515
4 2 0.188233 0.240052 0.206370 0.085262 0.280083
4 2 0.179105 0.236143 0.221792 0.079619 0.283340
2 2 0.186795 0.206305 0.250763 0.112541 0.243596
4 2 0.247701 0.206399 0.179904 0.084372 0.281624
0 2 0.365570 0.138841 0.175439 0.114746 0.205405
0 2 0.405605 0.117373 0.173108 0.128768 0.175145
0 0 0.341470 0.137480 0.202393 0.141844 0.176813
4 0 0.224676 0.207821 0.221407 0.113143 0.232952
2 2 0.083382 0.200761 0.457601 0.094967 0.163289
2 2 0.032003 0.108249 0.705299 0.054488 0.099961
2 2 0.017481 0.070088 0.804812 0.039116 0.068503
2 2 0.011341 0.051057 0.855525 0.030135 0.051941
2 2 0.010073 0.046625 0.866955 0.028566 0.047781
2 2 0.012089 0.053762 0.849022 0.030493 0.054635
2 2 0.014607 0.061255 0.827559 0.035932 0.060647
2 2 0.013387 0.057074 0.838283 0.034327 0.056929
2 2 0.013411 0.042104 0.851968 0.052677 0.039840
2 2 0.016353 0.042815 0.823952 0.078800 0.038080
2 2 0.024344 0.045954 0.727029 0.166119 0.036553
2 2 0.026388 0.040020 0.652382 0.250988 0.030222
2 2 0.032116 0.036156 0.475154 0.431597 0.024977
2 2 0.034576 0.042523 0.561241 0.330978 0.030682
2 2 0.031241 0.038351 0.571653 0.331032 0.027723
2 2 0.028680 0.036558 0.601702 0.306309 0.026750
3 3 0.031483 0.024924 0.436420 0.490133 0.017040
2 3 0.033169 0.029850 0.462692 0.453638 0.020652
2 3 0.032248 0.033846 0.549102 0.360141 0.024663
2 3 0.039208 0.048409 0.556436 0.320675 0.035273
2 3 0.044425 0.054271 0.485613 0.377793 0.037898
3 3 0.056539 0.052423 0.328795 0.528293 0.033949
3 3 0.051878 0.045471 0.329675 0.543168 0.029808
3 3 0.050536 0.027061 0.174895 0.731177 0.016332
3 3 0.033213 0.013936 0.091523 0.853606 0.007722
3 3 0.028764 0.010434 0.076144 0.878958 0.005700
3 3 0.023271 0.008353 0.060757 0.903151 0.004468
3 3 0.031890 0.010274 0.062403 0.889775 0.005657
3 3 0.039731 0.013388 0.073130 0.866221 0.007530
3 3 0.029594 0.009139 0.052839 0.903435 0.004993
3 3 0.028360 0.006359 0.037929 0.923892 0.003459
3 3 0.031373 0.005735 0.032884 0.926859 0.003150
3 3 0.082780 0.016129 0.072262 0.819085 0.009745
3 3 0.160006 0.045001 0.167496 0.597931 0.029566
3 3 0.215189 0.082938 0.286739 0.356683 0.058451
2 3 0.178073 0.122067 0.376436 0.231802 0.091622
2 2 0.056941 0.130067 0.619477 0.078786 0.114728
2 2 0.024334 0.088259 0.758534 0.044014 0.084859
2 2 0.012670 0.052364 0.841265 0.043692 0.050010
2 2 0.013917 0.058601 0.832961 0.036773 0.057749
2 2 0.016874 0.067860 0.809337 0.039837 0.066092
2 2 0.016297 0.061551 0.813950 0.050581 0.057621
2 2 0.015090 0.046457 0.828754 0.067788 0.041910
2 2 0.013346 0.040100 0.851116 0.058057 0.037381
2 2 0.012522 0.042429 0.858245 0.045867 0.040937
2 2 0.016654 0.046022 0.835980 0.058064 0.043280
2 2 0.035251 0.066017 0.722827 0.120436 0.055468
2 2 0.033309 0.060652 0.720488 0.135694 0.049856
2 2 0.032717 0.057065 0.736707 0.125524 0.047986
2 2 0.030097 0.060576 0.749356 0.108211 0.051760
2 2 0.027937 0.071550 0.751304 0.086818 0.062390
2 2 0.029573 0.083884 0.740440 0.070824 0.075280
2 2 0.027982 0.089832 0.732372 0.070098 0.079716
2 2 0.047087 0.107806 0.635901 0.121567 0.087640
2 2 0.032783 0.085255 0.718721 0.089733 0.073509
2 2 0.021862 0.064411 0.788230 0.067067 0.058430
2 2 0.019136 0.063419 0.796412 0.063546 0.057487
2 2 0.014630 0.048585 0.831999 0.060256 0.044531
2 2 0.017214 0.057159 0.811722 0.061785 0.052120
2 2 0.023039 0.049195 0.766933 0.119767 0.041068
2 2 0.028390 0.033392 0.543429 0.370984 0.023806
2 2 0.021957 0.023373 0.489776 0.448748 0.016146
3 2 0.025518 0.021727 0.334669 0.604153 0.013932
3 2 0.027962 0.018029 0.231661 0.711471 0.010877
3 2 0.027078 0.013090 0.134527 0.817906 0.007399
3 3 0.029534 0.013432 0.137724 0.811581 0.007729
3 3 0.033183 0.017397 0.135109 0.804365 0.009945
3 3 0.047651 0.023792 0.138688 0.776057 0.013813
3 3 0.037727 0.015597 0.104517 0.833398 0.008760
3 3 0.030779 0.011541 0.073889 0.877452 0.006340
3 3 0.030475 0.009513 0.057434 0.897364 0.005214
3 3 0.023649 0.006389 0.037698 0.928848 0.003415
3 3 0.023149 0.005628 0.027332 0.940892 0.002999
3 3 0.019146 0.004324 0.024026 0.950239 0.002266
3 3 0.016815 0.003797 0.025666 0.951754 0.001968
3 3 0.021889 0.004325 0.026317 0.945174 0.002296
3 3 0.028870 0.006903 0.037722 0.922746 0.003759
3 3 0.037488 0.010657 0.043373 0.902543 0.005939
3 3 0.040071 0.009929 0.047209 0.897213 0.005577
3 3 0.029263 0.005918 0.029263 0.932330 0.003225
3 3 0.021147 0.004153 0.022068 0.950436 0.002196
3 3 0.052088 0.022752 0.073755 0.838302 0.013103
3 3 0.053876 0.025181 0.109053 0.797269 0.014621
3 3 0.049706 0.018370 0.108538 0.812788 0.010597
3 3 0.059446 0.028484 0.101305 0.794089 0.016676
3 3 0.024866 0.005337 0.025764 0.941170 0.002863
3 3 0.016068 0.003191 0.016422 0.962674 0.001645
3 3 0.012997 0.002013 0.010326 0.973646 0.001019
3 3 0.010840 0.001416 0.007198 0.979841 0.000705
3 3 0.031150 0.005702 0.017715 0.942315 0.003118
3 3 0.071424 0.026796 0.065663 0.820223 0.015894
3 3 0.072098 0.038719 0.132567 0.733410 0.023205
3 3 0.055042 0.039152 0.257390 0.623784 0.024632
3 3 0.040318 0.027250 0.296437 0.618546 0.017448
3 3 0.034127 0.019955 0.197119 0.736763 0.012035
3 3 0.027340 0.010000 0.075956 0.881207 0.005497
3 3 0.021980 0.007435 0.051514 0.915119 0.003953
3 3 0.019242 0.005192 0.036574 0.936267 0.002725
3 3 0.019188 0.004217 0.031173 0.943208 0.002214
3 3 0.029956 0.007186 0.034916 0.924018 0.003924
3 3 0.032915 0.007892 0.035917 0.918930 0.004346
3 3 0.021421 0.004346 0.022563 0.949368 0.002301
3 3 0.017922 0.003718 0.020966 0.955457 0.001937
3 3 0.012042 0.002158 0.015146 0.969568 0.001086
3 3 0.015729 0.002577 0.016209 0.964156 0.001328
3 3 0.020612 0.003786 0.020101 0.953503 0.001998
3 3 0.025271 0.004715 0.024492 0.942986 0.002535
3 3 0.019965 0.003594 0.018159 0.956392 0.001890
3 3 0.016400 0.002494 0.012837 0.966980 0.001289
3 3 0.011702 0.001325 0.008015 0.978292 0.000666
3 3 0.009490 0.001393 0.008255 0.980176 0.000686
3 3 0.008844 0.001236 0.007372 0.981942 0.000605
3 3 0.011656 0.002040 0.010106 0.975176 0.001022
3 3 0.016950 0.002821 0.013265 0.965502 0.001462
3 3 0.019604 0.002618 0.012837 0.963566 0.001376
3 3 0.018154 0.002030 0.010230 0.968526 0.001060
3 3 0.023990 0.002848 0.013671 0.957965 0.001525
3 3 0.036205 0.006090 0.025330 0.928990 0.003384
3 3 0.042063 0.009329 0.038729 0.904621 0.005258
3 3 0.043662 0.009958 0.053275 0.887459 0.005646
3 3 0.044884 0.016839 0.085658 0.843030 0.009589
3 3 0.059934 0.021290 0.105901 0.800377 0.012498
3 3 0.064723 0.021944 0.100733 0.799631 0.012969
3 3 0.079335 0.024389 0.114961 0.766576 0.014739
3 3 0.120084 0.064413 0.218697 0.555416 0.041390
2 3 0.110219 0.099400 0.399749 0.320294 0.070338
2 3 0.078482 0.111946 0.578627 0.139101 0.091844
2 3 0.071563 0.116846 0.587151 0.128118 0.096321
2 3 0.118883 0.139013 0.453808 0.181384 0.106912
2 2 0.134641 0.167120 0.404593 0.165637 0.128008
2 2 0.059715 0.145426 0.595974 0.068621 0.130264
2 2 0.029949 0.110263 0.714676 0.035346 0.109766
2 2 0.031532 0.115015 0.703814 0.035010 0.114629
2 2 0.049041 0.142867 0.609143 0.040469 0.158480
2 2 0.080568 0.171236 0.469597 0.038993 0.239606
2 2 0.104880 0.181810 0.378666 0.035328 0.299317
2 2 0.115814 0.181435 0.337686 0.031173 0.333892
4 2 0.126524 0.183257 0.306355 0.031152 0.352712
4 2 0.133039 0.184899 0.288284 0.030807 0.362972
4 2 0.137665 0.186743 0.276852 0.030949 0.367790
4 2 0.135924 0.188340 0.283345 0.031989 0.360402
4 2 0.136296 0.190231 0.284793 0.033360 0.355319
4 2 0.135356 0.193377 0.291463 0.036103 0.343700
2 0 0.130874 0.202359 0.314126 0.046159 0.306482
4 0 0.142533 0.211872 0.289946 0.053405 0.302244
2 0 0.111861 0.198845 0.370621 0.051069 0.267605
2 0 0.113730 0.194331 0.360614 0.044325 0.286999
4 2 0.122986 0.189200 0.324004 0.035607 0.328205
4 4 0.130494 0.184208 0.293577 0.029943 0.361778
4 4 0.160858 0.191307 0.224472 0.031107 0.392257
4 4 0.213030 0.201770 0.146906 0.037240 0.401054
4 4 0.217810 0.206991 0.145021 0.041373 0.388805
4 4 0.223479 0.211379 0.141246 0.045305 0.378592
4 4 0.142865 0.198777 0.277038 0.039237 0.342083
4 4 0.150616 0.196564 0.254689 0.036023 0.362108
4 4 0.137215 0.189357 0.281033 0.032527 0.359868
4 4 0.139204 0.193244 0.280466 0.035214 0.351871
4 4 0.125534 0.193073 0.320597 0.038370 0.322426
2 4 0.114068 0.190910 0.355954 0.040402 0.298667
2 4 0.076259 0.165935 0.484512 0.036408 0.236886
2 4 0.077114 0.167283 0.481808 0.037248 0.236547
2 4 0.075473 0.166500 0.488914 0.037791 0.231321
2 4 0.062488 0.154481 0.543728 0.036487 0.202816
2 4 0.045972 0.135672 0.623301 0.035040 0.160014
2 4 0.033623 0.116378 0.691104 0.031607 0.127287
2 4 0.025275 0.098252 0.745262 0.031225 0.099986
2 4 0.026863 0.100236 0.736662 0.037323 0.098916
2 4 0.026444 0.097275 0.740532 0.041486 0.094263
2 2 0.030349 0.108117 0.714705 0.042595 0.104233
2 2 0.046377 0.142351 0.622596 0.045538 0.143137
2 2 0.083031 0.190830 0.467121 0.068440 0.190577
2 2 0.112314 0.212818 0.373595 0.074670 0.226603
2 0 0.102276 0.204516 0.403573 0.069124 0.220512
2 0 0.114195 0.205722 0.366963 0.059661 0.253460
2 0 0.083178 0.184695 0.466885 0.055996 0.209246
2 0 0.057924 0.161044 0.567678 0.055255 0.158099
2 2 0.049091 0.150377 0.607813 0.055058 0.137661
2 2 0.065667 0.176065 0.531470 0.071023 0.155775
2 2 0.074868 0.186567 0.495026 0.075026 0.168513
2 2 0.064341 0.173704 0.537588 0.068503 0.155865
2 4 0.038639 0.130368 0.662819 0.043106 0.125069
2 4 0.037919 0.128114 0.667502 0.043901 0.122564
2 4 0.027967 0.101858 0.730168 0.041200 0.098807
2 4 0.033199 0.113226 0.697771 0.049528 0.106277
2 2 0.033065 0.112813 0.698614 0.049667 0.105841
2 2 0.036203 0.118840 0.680030 0.055747 0.109180
2 2 0.036514 0.119515 0.678211 0.056089 0.109671
2 2 0.045056 0.142425 0.628769 0.051701 0.132049
2 2 0.044304 0.141560 0.632308 0.049592 0.132236
2 2 0.036075 0.125012 0.677226 0.040180 0.121507
2 2 0.028069 0.106673 0.725407 0.031518 0.108333
2 2 0.025955 0.097696 0.742846 0.036888 0.096614
2 2 0.025702 0.096378 0.744982 0.038197 0.094741
2 2 0.041082 0.135299 0.649445 0.045900 0.128273
2 2 0.092534 0.199357 0.434364 0.071624 0.202122
4 2 0.192832 0.240148 0.198855 0.084552 0.283612
4 2 0.268828 0.196845 0.160887 0.074665 0.298774
4 2 0.209157 0.233090 0.172330 0.070457 0.314967
4 2 0.176300 0.235999 0.226861 0.080128 0.280711
2 2 0.085982 0.185408 0.456384 0.053679 0.218548
2 2 0.034657 0.121962 0.685377 0.038564 0.119441
2 2 0.043982 0.137347 0.634833 0.042052 0.141786
2 2 0.033526 0.111347 0.695921 0.057330 0.101876
2 2 0.022711 0.083640 0.765952 0.048968 0.078729
2 2 0.022984 0.089191 0.763623 0.035344 0.088858
2 2 0.014109 0.061237 0.831911 0.030315 0.062428
2 2 0.013536 0.059351 0.836707 0.029725 0.060681
2 2 0.011190 0.050503 0.856849 0.030073 0.051384
2 2 0.008989 0.038775 0.880607 0.032652 0.038977
2 2 0.007571 0.032135 0.890052 0.039027 0.031215
2 2 0.008399 0.036242 0.877742 0.043112 0.034505
2 2 0.009674 0.037482 0.868927 0.048675 0.035241
2 2 0.009345 0.042067 0.871284 0.035961 0.041343
2 2 0.011386 0.050922 0.854982 0.031223 0.051486
2 2 0.014213 0.061604 0.831042 0.030344 0.062797
2 2 0.023251 0.088413 0.764378 0.035994 0.087964
2 2 0.094642 0.170779 0.483479 0.111430 0.139670
2 2 0.210370 0.154727 0.296409 0.214049 0.124445
2 2 0.237668 0.170514 0.259998 0.167482 0.164337
2 2 0.133496 0.235046 0.306882 0.155489 0.169088
2 2 0.064754 0.175920 0.534325 0.073207 0.151793
2 2 0.016563 0.068402 0.812113 0.034683 0.068239
2 2 0.013526 0.057752 0.836455 0.034833 0.057433
2 2 0.011486 0.052592 0.854424 0.026922 0.054576
2 2 0.011123 0.051939 0.857556 0.024694 0.054687
2 2 0.010072 0.045612 0.871526 0.024579 0.048211
2 2 0.018973 0.062135 0.819252 0.036924 0.062716
2 2 0.058658 0.124828 0.633746 0.068593 0.114175
2 2 0.108216 0.148389 0.491002 0.131390 0.121002
2 2 0.216958 0.164011 0.288657 0.186154 0.144221
4 0 0.209516 0.221536 0.216480 0.103282 0.249186
4 0 0.211250 0.223955 0.206562 0.095589 0.262644
4 0 0.194946 0.236067 0.207370 0.091377 0.270239
2 0 0.123610 0.225697 0.340452 0.092301 0.217939
2 0 0.122674 0.225392 0.342774 0.092673 0.216487
2 2 0.074421 0.184379 0.497941 0.070510 0.172749
2 2 0.102582 0.201357 0.402373 0.062699 0.230989
2 0 0.110334 0.201160 0.377064 0.055461 0.255981
2 0 0.133336 0.214491 0.315713 0.061098 0.275363
4 4 0.222158 0.224034 0.150679 0.058270 0.344859
4 4 0.240770 0.210451 0.121442 0.045572 0.381765
4 4 0.262491 0.185724 0.086387 0.030087 0.435311
4 4 0.239654 0.211486 0.123234 0.046401 0.379225
4 4 0.237550 0.213384 0.126612 0.047972 0.374483
2 4 0.115721 0.194453 0.354008 0.043505 0.292313
2 4 0.127052 0.196526 0.319760 0.041257 0.315405
2 4 0.117111 0.194582 0.349493 0.043018 0.295796
2 4 0.130791 0.204772 0.316467 0.049004 0.298967
2 4 0.125148 0.203560 0.332108 0.049950 0.289235
2 4 0.107256 0.192996 0.381876 0.046300 0.271572
2 4 0.081768 0.175161 0.467722 0.042908 0.232441
2 4 0.045386 0.136444 0.627060 0.037368 0.153741
2 2 0.030106 0.111377 0.712884 0.034062 0.111571
2 2 0.020494 0.080883 0.782141 0.036303 0.080179
2 2 0.022082 0.081231 0.769922 0.050807 0.075958
2 2 0.023599 0.083989 0.758196 0.057310 0.076905
2 2 0.022103 0.083365 0.770707 0.043821 0.080004
2 2 0.022789 0.088652 0.765000 0.035160 0.088399
2 2 0.017489 0.075234 0.802550 0.025573 0.079155
2 2 0.015672 0.067229 0.818815 0.029231 0.069053
2 2 0.019515 0.076171 0.789490 0.040882 0.073942
2 2 0.020246 0.082463 0.782609 0.030393 0.084290
2 2 0.019656 0.081480 0.786308 0.028204 0.084352
2 2 0.019350 0.077287 0.790688 0.035958 0.076717
2 2 0.016105 0.063036 0.812818 0.048843 0.059198
2 2 0.014652 0.060831 0.826868 0.038009 0.059640
2 2 0.031151 0.108953 0.710201 0.046097 0.103597
2 2 0.119916 0.164062 0.441571 0.145113 0.129338
0 2 0.249657 0.174593 0.243444 0.150374 0.181933
4 2 0.247972 0.202798 0.192653 0.094801 0.261776
4 2 0.209088 0.233126 0.172442 0.070515 0.314830
4 2 0.166085 0.234166 0.246065 0.080022 0.273662
2 2 0.046933 0.144614 0.619517 0.048612 0.140325
2 2 0.038588 0.130264 0.663098 0.043048 0.125001
2 2 0.033015 0.111598 0.699102 0.052631 0.103654
2 2 0.030366 0.106350 0.715358 0.047202 0.100725
2 2 0.023989 0.093168 0.755689 0.033444 0.093710
2 2 0.023503 0.092658 0.758303 0.031243 0.094292
2 2 0.026972 0.080289 0.771350 0.041747 0.079642
2 2 0.016918 0.059185 0.828911 0.035007 0.059978
2 2 0.012087 0.048514 0.860413 0.028533 0.050453
2 2 0.010865 0.049288 0.859714 0.029983 0.050150
2 2 0.015911 0.064899 0.816870 0.038882 0.063438
2 2 0.018697 0.073689 0.795565 0.040385 0.071663
2 2 0.019116 0.075177 0.792483 0.039968 0.073255
2 2 0.017565 0.070719 0.804258 0.037975 0.069482
2 2 0.016558 0.065841 0.811067 0.043372 0.063163
2 2 0.014272 0.059964 0.830181 0.036352 0.059231
2 2 0.011689 0.051753 0.852207 0.032317 0.052034
2 2 0.009270 0.042519 0.873197 0.032475 0.042539
2 2 0.008994 0.034907 0.881461 0.040669 0.033968
2 2 0.009133 0.030945 0.884041 0.046117 0.029763
2 2 0.012148 0.027207 0.860265 0.075672 0.024709
2 2 0.011454 0.022629 0.844707 0.101650 0.019559
2 2 0.011044 0.024725 0.843872 0.099128 0.021232
2 2 0.016402 0.051052 0.797914 0.091318 0.043315
2 2 0.024484 0.061556 0.753030 0.109609 0.051321
2 2 0.026618 0.061706 0.735292 0.126042 0.050341
2 2 0.029130 0.067399 0.722266 0.126282 0.054923
2 2 0.028858 0.065676 0.714788 0.138080 0.052597
2 2 0.015260 0.048428 0.815128 0.078941 0.042244
2 2 0.016046 0.045404 0.797145 0.103509 0.037896
2 2 0.015462 0.028684 0.767131 0.165953 0.022771
2 2 0.028896 0.043830 0.650413 0.243520 0.033342
2 2 0.037942 0.041820 0.582192 0.307072 0.030974
2 2 0.037038 0.041180 0.536962 0.355213 0.029608
2 2 0.029701 0.038635 0.630131 0.272551 0.028983
2 2 0.042871 0.045057 0.509881 0.370634 0.031557
3 2 0.036737 0.033385 0.398421 0.509585 0.021873
2 2 0.025824 0.033594 0.527529 0.389650 0.023403
2 2 0.024355 0.038765 0.634696 0.273569 0.028615
2 2 0.027312 0.040664 0.664276 0.236742 0.031006
2 2 0.036636 0.039853 0.482378 0.413218 0.027915
3 2 0.043241 0.038390 0.381239 0.511035 0.026094
3 2 0.028487 0.015651 0.165748 0.780651 0.009463
3 2 0.025252 0.016715 0.188891 0.759053 0.010089
3 3 0.021617 0.020221 0.317839 0.627382 0.012941
2 3 0.016804 0.025242 0.635884 0.303375 0.018695
2 3 0.016758 0.023052 0.631588 0.311517 0.017085
2 3 0.022113 0.027524 0.585745 0.344584 0.020034
3 3 0.026550 0.026530 0.421181 0.507896 0.017843
2 3 0.030297 0.044573 0.569797 0.323640 0.031692
3 3 0.033307 0.038930 0.416041 0.486307 0.025415
3 3 0.034911 0.033612 0.412856 0.496471 0.022151
3 3 0.034216 0.039507 0.397276 0.503661 0.025340
3 3 0.020847 0.010903 0.125658 0.836520 0.006072
3 3 0.029595 0.018226 0.167547 0.774043 0.010588
3 3 0.030577 0.023641 0.271984 0.658947 0.014851
3 3 0.027288 0.023302 0.342164 0.592053 0.015193
3 3 0.020743 0.013828 0.232321 0.724650 0.008459
3 3 0.019647 0.011283 0.191086 0.771343 0.006641
3 3 0.024698 0.013080 0.135625 0.819229 0.007368
3 3 0.029146 0.014818 0.142004 0.805487 0.008545
3 3 0.027514 0.012231 0.113570 0.839736 0.006950
3 3 0.038049 0.015859 0.104030 0.833030 0.009032
3 3 0.036550 0.014243 0.095599 0.845637 0.007970
3 3 0.029235 0.010734 0.079202 0.874953 0.005875
3 3 0.028286 0.011352 0.072308 0.881869 0.006185
3 3 0.029068 0.012495 0.077267 0.874344 0.006826
3 3 0.030059 0.012673 0.071660 0.878670 0.006939
3 3 0.030622 0.011673 0.067618 0.883685 0.006402
3 3 0.038142 0.013048 0.076346 0.865150 0.007314
3 3 0.031471 0.008579 0.055973 0.899258 0.004719
3 3 0.027336 0.006166 0.038509 0.924644 0.003344
3 3 0.017615 0.003702 0.024223 0.952533 0.001927
3 3 0.019019 0.004612 0.024527 0.949428 0.002414
3 3 0.011018 0.002642 0.015984 0.969040 0.001316
3 3 0.011181 0.002554 0.013747 0.971244 0.001274
3 3 0.008835 0.001537 0.009615 0.979262 0.000751
3 3 0.009092 0.001471 0.010656 0.978058 0.000722
3 3 0.009880 0.001619 0.011147 0.976554 0.000800
3 3 0.013610 0.003027 0.017352 0.964474 0.001537
3 3 0.015378 0.004179 0.029848 0.948448 0.002148
3 3 0.016695 0.004518 0.038165 0.938280 0.002343
3 3 0.026392 0.007691 0.057191 0.904563 0.004163
3 3 0.057220 0.018307 0.104114 0.809656 0.010702
3 3 0.136258 0.040759 0.154970 0.641206 0.026807
3 3 0.265628 0.057561 0.129691 0.498862 0.048258
0 0 0.348532 0.096281 0.172037 0.282989 0.100161
2 0 0.163578 0.185479 0.317470 0.200222 0.133251
2 2 0.099289 0.218052 0.399387 0.113723 0.169548
2 2 0.060376 0.169257 0.553937 0.068125 0.148305
2 2 0.064166 0.165264 0.540985 0.050685 0.178900
2 2 0.056862 0.149525 0.570214 0.037271 0.186128
2 2 0.067329 0.157414 0.520760 0.034748 0.219749
2 2 0.078008 0.167311 0.477540 0.036512 0.240630
2 2 0.088244 0.177321 0.441517 0.040119 0.252799
2 4 0.090709 0.178919 0.432645 0.040199 0.257528
2 4 0.100796 0.183982 0.397095 0.039537 0.278590
2 4 0.108962 0.184957 0.367232 0.036585 0.302264
2 4 0.106553 0.180035 0.369822 0.033015 0.310575
2 4 0.100590 0.180412 0.393703 0.035934 0.289360
2 4 0.095537 0.181009 0.414821 0.039363 0.269270
2 4 0.091142 0.178345 0.430216 0.039228 0.261069
4 4 0.139544 0.192883 0.279078 0.034859 0.353636
4 4 0.201039 0.197680 0.159618 0.034168 0.407494
4 4 0.268663 0.176667 0.076259 0.025882 0.452530
4 4 0.265054 0.182100 0.082196 0.028332 0.442318
4 4 0.270265 0.174116 0.073603 0.024801 0.457214
4 4 0.266242 0.180356 0.080247 0.027523 0.445631
4 4 0.264710 0.182597 0.082760 0.028567 0.441365
4 4 0.251599 0.193794 0.100299 0.034024 0.420285
4 4 0.210271 0.199942 0.150444 0.037433 0.401910
4 4 0.163129 0.190992 0.219160 0.030740 0.395979
2 4 0.108708 0.183805 0.366722 0.035594 0.305172
4 4 0.134066 0.203769 0.306249 0.046624 0.309291
4 4 0.153317 0.206991 0.259107 0.044983 0.335602
4 4 0.203589 0.206650 0.163956 0.040809 0.384996
4 4 0.249521 0.192479 0.101131 0.033049 0.423820
4 4 0.238557 0.203782 0.119266 0.039974 0.398421
4 4 0.274133 0.167564 0.067135 0.022206 0.468962
4 4 0.276604 0.163041 0.062946 0.020555 0.476855
4 4 0.288093 0.136738 0.042325 0.012804 0.520041
4 4 0.282094 0.151795 0.053402 0.016887 0.495821
4 4 0.274837 0.166305 0.065947 0.021735 0.471177
4 4 0.277571 0.161188 0.061290 0.019909 0.480042
4 4 0.261398 0.187214 0.088167 0.030840 0.432381
4 4 0.269890 0.174721 0.074225 0.025054 0.456110
4 4 0.269307 0.175652 0.075192 0.025447 0.454402
4 4 0.280779 0.154664 0.055726 0.017767 0.491064
4 4 0.277221 0.161864 0.061890 0.020143 0.478882
4 4 0.290984 0.127715 0.036499 0.010741 0.534061
4 4 0.290509 0.129315 0.037491 0.011088 0.531597
4 4 0.286087 0.142205 0.046140 0.014187 0.511380
4 4 0.272795 0.169898 0.069383 0.023101 0.464823
4 4 0.276172 0.163851 0.063681 0.020843 0.475452
4 4 0.326752 0.134952 0.051299 0.017700 0.469297
4 4 0.316768 0.137601 0.049933 0.017235 0.478463
4 4 0.285146 0.144604 0.047887 0.014829 0.507535
4 4 0.284983 0.145009 0.048186 0.014939 0.506883
4 4 0.279130 0.158096 0.058603 0.018869 0.485303
4 4 0.263025 0.184983 0.085514 0.029720 0.436757
4 4 0.267638 0.178252 0.077950 0.026576 0.449585
4 4 0.261063 0.187665 0.088713 0.031071 0.431489
4 4 0.240966 0.207002 0.119025 0.042677 0.390330
4 4 0.206668 0.200773 0.155527 0.037410 0.399623
4 4 0.164023 0.194822 0.223419 0.034477 0.383259
4 4 0.150199 0.191772 0.251970 0.033943 0.372115
4 4 0.131654 0.190004 0.300037 0.035637 0.342667
4 4 0.138136 0.191844 0.285718 0.037533 0.346769
4 4 0.129868 0.191817 0.307258 0.037335 0.333722
2 4 0.120017 0.194233 0.339563 0.041434 0.304753
2 0 0.110744 0.200702 0.375474 0.054474 0.258606
2 1 0.102824 0.192773 0.397518 0.048978 0.257908
2 1 0.116778 0.199291 0.354841 0.048760 0.280330
4 1 0.123941 0.190903 0.323050 0.036847 0.325259
4 1 0.132643 0.190162 0.295311 0.034027 0.347857
4 1 0.142772 0.189099 0.267384 0.032787 0.367959
2 1 0.117318 0.186311 0.339446 0.034983 0.321943
2 1 0.068739 0.165559 0.520364 0.044063 0.201275
2 0 0.050408 0.152730 0.601246 0.056608 0.139008
2 0 0.060595 0.169599 0.552939 0.068379 0.148488
2 0 0.061803 0.166517 0.550585 0.057949 0.163146
2 0 0.093258 0.187321 0.429352 0.049103 0.240966
2 0 0.097745 0.182774 0.407814 0.039981 0.271685
2 0 0.105878 0.185076 0.378871 0.038074 0.292101
2 0 0.090619 0.179342 0.433445 0.040766 0.255827
2 0 0.072816 0.171349 0.504773 0.047548 0.203514
2 0 0.084288 0.192320 0.462545 0.069557 0.191290
2 0 0.071835 0.179819 0.508876 0.065361 0.174109
2 0 0.079245 0.186318 0.481127 0.065298 0.188012
2 0 0.109515 0.194539 0.375268 0.046874 0.273803
2 0 0.097158 0.197622 0.419534 0.061878 0.223808
2 0 0.123922 0.207520 0.338486 0.055923 0.274149
4 0 0.178609 0.197384 0.197851 0.035940 0.390216
4 1 0.149508 0.202822 0.264302 0.041647 0.341720
4 1 0.147439 0.196825 0.262937 0.036715 0.356084
4 1 0.127322 0.190441 0.311807 0.035501 0.334929
4 1 0.135997 0.197500 0.294452 0.039624 0.332427
2 0 0.091486 0.181137 0.431560 0.042305 0.253512
2 0 0.088135 0.183573 0.447046 0.048484 0.232761
2 0 0.067856 0.174007 0.525252 0.060862 0.172022
2 0 0.077896 0.190759 0.482788 0.078964 0.169594
2 0 0.106813 0.210421 0.389419 0.076065 0.217282
4 0 0.149832 0.219005 0.276362 0.060494 0.294306
4 1 0.172963 0.212733 0.221389 0.047767 0.345147
4 1 0.135708 0.200505 0.298473 0.042625 0.322688
4 1 0.128832 0.197660 0.315557 0.041824 0.316127
2 1 0.101592 0.182624 0.392438 0.037667 0.285680
2 1 0.112274 0.191504 0.362816 0.041847 0.291559
2 1 0.099830 0.188990 0.405603 0.046111 0.259466
2 1 0.099928 0.189575 0.405708 0.046806 0.257982
2 1 0.075649 0.169583 0.490853 0.041577 0.222338
2 1 0.062934 0.156403 0.542952 0.038506 0.199205
2 2 0.043856 0.133120 0.634517 0.035219 0.153288
2 2 0.036029 0.122555 0.677641 0.035782 0.127993
2 2 0.037153 0.127288 0.671118 0.041410 0.123031
2 2 0.031443 0.114811 0.704352 0.034908 0.114486
2 2 0.029599 0.107830 0.718371 0.038320 0.105880
2 2 0.033932 0.116195 0.692853 0.046982 0.110039
2 2 0.036284 0.118800 0.679564 0.056449 0.108902
2 2 0.048294 0.143325 0.613510 0.068502 0.126370
2 2 0.071713 0.185834 0.504460 0.081309 0.156683
2 2 0.115240 0.215372 0.365202 0.076936 0.227250
2 2 0.105372 0.201715 0.393436 0.060543 0.238933
2 2 0.086151 0.182753 0.454503 0.049288 0.227306
2 2 0.039300 0.130928 0.659386 0.042282 0.128104
2 2 0.024475 0.094701 0.752145 0.033413 0.095266
2 2 0.016902 0.070636 0.809218 0.031623 0.071622
2 2 0.020010 0.080542 0.785231 0.033095 0.081121
2 2 0.018183 0.075690 0.798651 0.029967 0.077509
2 2 0.019404 0.078962 0.789633 0.032036 0.079965
2 2 0.015064 0.065170 0.823801 0.028935 0.067029
2 2 0.017792 0.071278 0.802497 0.038592 0.069842
2 2 0.028886 0.099973 0.724769 0.053799 0.092573
2 2 0.030791 0.109055 0.712003 0.043337 0.104814
2 2 0.026006 0.101670 0.738525 0.029084 0.104714
2 2 0.020800 0.084663 0.777997 0.029598 0.086942
2 2 0.018266 0.074194 0.798845 0.034576 0.074119
2 2 0.018518 0.074124 0.797033 0.037205 0.073120
2 2 0.019099 0.075064 0.792605 0.040144 0.073088
2 2 0.032362 0.111530 0.702809 0.048035 0.105264
2 2 0.085559 0.203327 0.449269 0.097524 0.164322
2 2 0.175009 0.218570 0.272858 0.143555 0.190008
2 2 0.135382 0.243839 0.294186 0.142482 0.184111
2 2 0.083789 0.201246 0.456034 0.095445 0.163487
2 2 0.047807 0.148074 0.614273 0.053614 0.136232
2 2 0.022068 0.086657 0.770112 0.034455 0.086707
2 2 0.020710 0.082251 0.780252 0.034544 0.082244
2 2 0.016688 0.069149 0.811108 0.033733 0.069323
2 2 0.017014 0.069687 0.808583 0.035438 0.069279
2 2 0.016131 0.067834 0.815440 0.031979 0.068617
2 2 0.016248 0.069518 0.813932 0.028605 0.071698
2 2 0.015765 0.068122 0.817727 0.027802 0.070584
2 2 0.014650 0.064682 0.826737 0.026327 0.067604
2 2 0.015519 0.067333 0.819717 0.027576 0.069854
2 2 0.012770 0.057714 0.843012 0.026260 0.060245
2 2 0.011711 0.051599 0.851854 0.033201 0.051636
2 2 0.012588 0.053555 0.843398 0.038084 0.052376
2 2 0.012844 0.053954 0.840688 0.040243 0.052272
2 2 0.014200 0.059889 0.830857 0.035718 0.059336
2 2 0.013194 0.055443 0.838204 0.039166 0.053993
2 2 0.010856 0.046308 0.855665 0.042943 0.044228
2 2 0.008706 0.038152 0.872482 0.044625 0.036035
2 2 0.012864 0.044991 0.842373 0.058517 0.041256
2 2 0.039060 0.092482 0.691899 0.097662 0.078897
2 2 0.175304 0.186712 0.300889 0.187216 0.149879
2 2 0.224445 0.174299 0.268815 0.171758 0.160682
2 2 0.109836 0.203118 0.402747 0.123676 0.160623
2 2 0.064748 0.175911 0.534353 0.073200 0.151789
2 2 0.026491 0.098420 0.739707 0.038976 0.096406
2 2 0.040368 0.127552 0.655000 0.037538 0.139542
2 2 0.061238 0.160127 0.553235 0.046795 0.178606
2 2 0.084017 0.182701 0.462984 0.051579 0.218718
2 2 0.100768 0.193647 0.405462 0.051816 0.248306
2 2 0.101634 0.189632 0.399403 0.045680 0.263652
2 2 0.082667 0.179477 0.466851 0.048101 0.222904
2 4 0.055001 0.152965 0.581253 0.045915 0.164866
2 4 0.063735 0.170481 0.541724 0.062249 0.161811
2 4 0.092867 0.210557 0.423690 0.102743 0.170142
2 4 0.071676 0.184036 0.506483 0.076281 0.161524
2 4 0.044337 0.141622 0.632137 0.049629 0.132274
2 4 0.020050 0.078509 0.785600 0.038981 0.076860
2 2 0.014576 0.061775 0.828013 0.033826 0.061810
2 2 0.014676 0.062702 0.827251 0.032027 0.063344
2 2 0.016228 0.068041 0.814686 0.032352 0.068692
2 2 0.016419 0.068363 0.813217 0.033333 0.068667
2 2 0.015602 0.065152 0.819727 0.034506 0.065014
2 2 0.012156 0.052882 0.847830 0.034551 0.052582
2 2 0.010239 0.046584 0.865002 0.031136 0.047038
2 2 0.014181 0.060345 0.831216 0.033933 0.060324
2 2 0.024014 0.089902 0.757302 0.041757 0.087024
2 2 0.026083 0.096561 0.742850 0.040571 0.093936
2 2 0.020674 0.082923 0.780053 0.032603 0.083747
2 2 0.014536 0.063931 0.827916 0.027166 0.066451
2 2 0.012812 0.056614 0.842862 0.029949 0.057763
2 2 0.017795 0.069088 0.808312 0.035936 0.068868
2 2 0.019000 0.073083 0.793036 0.045160 0.069722
2 2 0.020769 0.077451 0.779136 0.050054 0.072590
2 2 0.022572 0.081662 0.765706 0.054673 0.075387
2 2 0.052832 0.154648 0.590263 0.065002 0.137255
2 2 0.129220 0.231735 0.323803 0.102630 0.212612
2 2 0.112083 0.221228 0.369959 0.096502 0.200227
2 2 0.066074 0.174197 0.529813 0.079861 0.150054
2 2 0.027592 0.096466 0.733039 0.053470 0.089432
2 2 0.021016 0.082589 0.778258 0.036228 0.081909
2 2 0.052469 0.156312 0.591136 0.058984 0.141099
4 2 0.178599 0.244063 0.222174 0.097614 0.257550
2 2 0.150683 0.239718 0.275056 0.102995 0.231548
2 2 0.068411 0.181230 0.518439 0.077461 0.154459
2 2 0.048076 0.148563 0.612912 0.053923 0.136527
2 2 0.043220 0.136828 0.638731 0.043000 0.138221
2 2 0.039487 0.127842 0.660747 0.053950 0.117974
2 2 0.022702 0.086167 0.766488 0.040968 0.083676
2 2 0.022769 0.091156 0.762896 0.029499 0.093680
2 2 0.016536 0.069747 0.812001 0.030608 0.071108
2 2 0.016217 0.067052 0.814828 0.035197 0.066706
2 2 0.021329 0.082393 0.776264 0.039518 0.080496
2 2 0.029288 0.104693 0.721866 0.043612 0.100542
2 2 0.036783 0.124232 0.675081 0.045901 0.118002
2 2 0.042481 0.137633 0.642261 0.048408 0.129218
2 2 0.045623 0.143049 0.626091 0.053365 0.131871
2 2 0.041660 0.130036 0.648961 0.062463 0.116880
2 2 0.041381 0.129896 0.650506 0.060949 0.117268
2 2 0.086853 0.204821 0.444373 0.099046 0.164908
2 2 0.140728 0.244857 0.285179 0.136446 0.192791
2 2 0.133359 0.243379 0.297600 0.144807 0.180854
2 2 0.065866 0.177558 0.529450 0.074499 0.152627
2 2 0.021169 0.083814 0.776771 0.034351 0.083895
2 2 0.017100 0.071206 0.807680 0.031927 0.072088
2 2 0.014793 0.063597 0.826237 0.030610 0.064762
2 2 0.013957 0.057957 0.831973 0.039780 0.056333
2 2 0.013896 0.057383 0.832032 0.041280 0.055409
2 2 0.014435 0.060385 0.828787 0.036889 0.059503
2 2 0.018373 0.073379 0.798124 0.038014 0.072110
2 2 0.020795 0.080772 0.780147 0.039310 0.078976
2 2 0.018053 0.072962 0.800563 0.036075 0.072347
2 2 0.018367 0.072878 0.798095 0.039532 0.071129
2 2 0.020284 0.077247 0.783439 0.045386 0.073645
2 2 0.039034 0.123365 0.663561 0.063299 0.110742
2 2 0.058224 0.165451 0.563969 0.066622 0.145734
2 2 0.044425 0.138374 0.633500 0.057801 0.125900
2 2 0.022806 0.083988 0.765336 0.048750 0.079121
2 2 0.019368 0.071058 0.785911 0.059016 0.064646
2 2 0.028548 0.096657 0.725512 0.061982 0.087301
2 2 0.053733 0.142812 0.587601 0.097522 0.118332
2 2 0.047693 0.133919 0.611457 0.095619 0.111313
2 2 0.035837 0.111977 0.679354 0.075241 0.097591
2 2 0.019808 0.075348 0.786571 0.046849 0.071424
2 2 0.017181 0.070653 0.807254 0.034249 0.070663
2 2 0.022350 0.085608 0.768900 0.039475 0.083667
2 2 0.071844 0.186014 0.503911 0.081462 0.156768
2 2 0.127607 0.241228 0.309355 0.147508 0.174302
2 2 0.129300 0.242330 0.304465 0.149544 0.174361
2 2 0.062228 0.169186 0.545979 0.077960 0.144646
2 2 0.026835 0.093856 0.737676 0.055069 0.086565
2 2 0.015109 0.061026 0.822056 0.043317 0.058493
2 2 0.013661 0.058380 0.835425 0.034316 0.058218
2 2 0.019590 0.077297 0.789000 0.038173 0.075940
2 2 0.018652 0.072245 0.795285 0.044838 0.068981
2 2 0.025057 0.084624 0.743580 0.072406 0.074333
2 2 0.056037 0.135978 0.566017 0.135877 0.106091
2 2 0.123072 0.213809 0.311971 0.201852 0.149296
2 2 0.112514 0.218198 0.345048 0.168413 0.155825
2 2 0.056609 0.154063 0.570587 0.089828 0.128912
2 2 0.024368 0.084519 0.758002 0.054866 0.078245
2 2 0.011281 0.042701 0.861838 0.042904 0.041276
2 2 0.020765 0.062964 0.797917 0.060140 0.058214
2 2 0.020555 0.075457 0.784318 0.048328 0.071342
2 2 0.019231 0.075842 0.791665 0.039059 0.074203
2 2 0.018742 0.075203 0.795311 0.036198 0.074546
2 2 0.016157 0.067133 0.815321 0.034305 0.067084
2 2 0.013703 0.059112 0.835262 0.032369 0.059554
2 2 0.019382 0.073157 0.788829 0.050115 0.068517
2 2 0.032604 0.098614 0.710544 0.070548 0.087690
2 2 0.030222 0.102280 0.715911 0.058188 0.093398
2 2 0.025121 0.093639 0.749499 0.040690 0.091050
2 2 0.018950 0.075651 0.793765 0.036884 0.074751
2 2 0.015350 0.063646 0.821572 0.036575 0.062857
2 2 0.013310 0.056646 0.838004 0.036061 0.055979
2 2 0.018868 0.073218 0.793882 0.043838 0.070194
2 2 0.035987 0.116864 0.681215 0.059899 0.106034
2 2 0.037006 0.122367 0.674985 0.051824 0.113819
2 2 0.034957 0.119452 0.686230 0.045762 0.113598
2 2 0.023456 0.089855 0.760671 0.037342 0.088676
2 2 0.019380 0.075274 0.790343 0.042398 0.072604
2 2 0.050298 0.144119 0.602503 0.079386 0.123694
2 2 0.113256 0.213379 0.335277 0.189359 0.148728
2 2 0.090198 0.204774 0.430473 0.114266 0.160289
2 2 0.045861 0.142264 0.625483 0.056564 0.129828
2 2 0.019698 0.078482 0.788047 0.035805 0.077969
2 2 0.019858 0.081324 0.785491 0.030042 0.083285
2 2 0.023902 0.093160 0.756090 0.032866 0.093982
2 2 0.022890 0.091004 0.762564 0.030605 0.092937
2 2 0.025129 0.096369 0.747748 0.034197 0.096556
2 2 0.021887 0.084961 0.772008 0.037291 0.083852
2 2 0.025055 0.088067 0.748600 0.057730 0.080548
2 2 0.017171 0.065889 0.804159 0.051423 0.061359
2 2 0.015313 0.062089 0.820898 0.041804 0.059896
2 2 0.013650 0.056416 0.833821 0.041764 0.054349
2 2 0.013513 0.055424 0.834113 0.044069 0.052881
2 2 0.013619 0.056044 0.833681 0.042929 0.053727
2 2 0.010401 0.045704 0.861638 0.037601 0.044656
2 2 0.007701 0.028419 0.885866 0.051523 0.026491
2 2 0.009085 0.022939 0.840538 0.108352 0.019086
2 2 0.013301 0.029725 0.763930 0.170007 0.023037
2 3 0.018859 0.031308 0.673280 0.253521 0.023032
2 3 0.020163 0.031991 0.663726 0.260613 0.023506
2 3 0.019772 0.030397 0.674548 0.252730 0.022553
