4 0 0.076601 0.184328 0.179842 0.013045 0.546183
4 0 0.087732 0.173470 0.127249 0.004578 0.606972
0 0 0.311312 0.228303 0.137452 0.015974 0.306959
0 0 0.572877 0.127653 0.116806 0.044995 0.137669
0 0 0.691647 0.083987 0.088256 0.058499 0.077612
0 0 0.657050 0.149507 0.073846 0.019578 0.100019
0 0 0.745627 0.137791 0.042403 0.008336 0.065843
0 0 0.654763 0.169639 0.059343 0.009316 0.106939
0 0 0.631384 0.178327 0.073975 0.018886 0.097428
0 0 0.599045 0.188152 0.082053 0.020282 0.110469
0 0 0.457386 0.221439 0.112458 0.019889 0.188828
0 0 0.397828 0.229836 0.123586 0.018686 0.230064
0 0 0.438453 0.224190 0.114713 0.018569 0.204075
0 0 0.442522 0.224905 0.122037 0.025236 0.185300
0 0 0.403739 0.231362 0.139677 0.033951 0.191270
0 0 0.312079 0.240275 0.162419 0.032563 0.252665
4 0 0.196414 0.229364 0.165827 0.017605 0.390790
4 0 0.073950 0.173830 0.151607 0.007430 0.593183
4 0 0.029872 0.125786 0.135298 0.004299 0.704745
4 0 0.020204 0.108686 0.128929 0.003549 0.738632
4 0 0.020204 0.108686 0.128929 0.003549 0.738632
4 0 0.020204 0.108686 0.128929 0.003549 0.738632
4 0 0.020204 0.108686 0.128929 0.003549 0.738632
4 0 0.020204 0.108686 0.128929 0.003549 0.738632
4 0 0.020204 0.108686 0.128929 0.003549 0.738632
4 0 0.020204 0.108686 0.128929 0.003549 0.738632
4 0 0.020204 0.108686 0.128929 0.003549 0.738632
4 0 0.020204 0.108686 0.128929 0.003549 0.738632
4 0 0.020204 0.108686 0.128929 0.003549 0.738632
4 0 0.020204 0.108686 0.128929 0.003549 0.738632
4 0 0.020204 0.108686 0.128929 0.003549 0.738632
4 0 0.020204 0.108686 0.128929 0.003549 0.738632
4 0 0.020204 0.108686 0.128929 0.003549 0.738632
4 0 0.020204 0.108686 0.128929 0.003549 0.738632
4 0 0.020204 0.108686 0.128929 0.003549 0.738632
4 0 0.020204 0.108686 0.128929 0.003549 0.738632
4 0 0.020204 0.108686 0.128929 0.003549 0.738632
4 0 0.020204 0.108686 0.128929 0.003549 0.738632
4 0 0.020204 0.108686 0.128929 0.003549 0.738632
4 0 0.020204 0.108686 0.128929 0.003549 0.738632
4 0 0.020204 0.108686 0.128929 0.003549 0.738632
4 0 0.020205 0.108688 0.128931 0.003550 0.738626
4 0 0.025848 0.116976 0.125507 0.003378 0.728290
4 0 0.041002 0.143288 0.147259 0.005850 0.662600
4 0 0.128831 0.214174 0.185785 0.018857 0.452353
0 0 0.559802 0.091421 0.131809 0.122047 0.094922
0 0 0.643831 0.028409 0.088401 0.194784 0.044575
0 0 0.625437 0.037867 0.099461 0.182255 0.054980
0 0 0.623576 0.080457 0.111689 0.101611 0.082668
0 0 0.488862 0.204644 0.126048 0.046138 0.134308
0 0 0.574766 0.194655 0.091757 0.026198 0.112625
0 0 0.678795 0.162741 0.060154 0.013883 0.084428
0 0 0.678334 0.162901 0.060283 0.013927 0.084555
0 0 0.684413 0.160778 0.058582 0.013351 0.082875
0 0 0.677196 0.163295 0.060603 0.014036 0.084869
0 0 0.693093 0.157699 0.056182 0.012555 0.080472
0 0 0.698872 0.155615 0.054603 0.012041 0.078869
0 0 0.663384 0.167998 0.064537 0.015405 0.088676
0 0 0.694855 0.136653 0.065851 0.019606 0.083035
0 0 0.528281 0.204389 0.086447 0.012061 0.168821
4 0 0.310246 0.228568 0.121061 0.010190 0.329935
4 0 0.056607 0.154946 0.136206 0.004953 0.647288
4 0 0.024562 0.114364 0.123424 0.003197 0.734453
4 0 0.047856 0.143665 0.127007 0.003868 0.677605
4 0 0.109551 0.198870 0.163441 0.011081 0.517057
4 0 0.175447 0.223631 0.163986 0.015232 0.421703
4 0 0.230707 0.234823 0.162743 0.019681 0.352046
0 0 0.396093 0.230628 0.126377 0.020243 0.226658
0 0 0.347208 0.235321 0.137282 0.020272 0.259917
0 0 0.360701 0.233795 0.132386 0.019141 0.253977
0 0 0.313975 0.234692 0.136646 0.016199 0.298489
0 0 0.470552 0.171921 0.135935 0.038909 0.182684
0 0 0.600231 0.071406 0.118419 0.129522 0.080421
0 0 0.554830 0.079690 0.132713 0.143436 0.089332
0 0 0.534794 0.118476 0.137548 0.099989 0.109193
0 0 0.493628 0.208489 0.122068 0.042448 0.133366
0 0 0.537544 0.204003 0.104189 0.031909 0.122355
0 0 0.542295 0.202872 0.102570 0.031137 0.121127
0 0 0.424027 0.227802 0.125479 0.024417 0.198275
0 0 0.488586 0.215685 0.106591 0.020670 0.168468
0 0 0.463266 0.221252 0.119075 0.027273 0.169133
0 0 0.395444 0.211051 0.163058 0.067279 0.163169
0 0 0.322961 0.229832 0.182548 0.063533 0.201126
4 0 0.224533 0.238636 0.184270 0.031103 0.321458
4 0 0.115673 0.205269 0.174533 0.014214 0.490310
4 0 0.084265 0.188241 0.175363 0.012448 0.539683
4 0 0.078178 0.190289 0.199175 0.018602 0.513755
4 0 0.165586 0.208248 0.217193 0.040531 0.368442
4 0 0.172552 0.196453 0.214700 0.039130 0.377167
4 0 0.095715 0.200512 0.195518 0.019099 0.489156
4 0 0.063265 0.172594 0.174227 0.011020 0.578894
4 0 0.044551 0.154636 0.173640 0.009931 0.617241
4 0 0.064008 0.174373 0.178505 0.011968 0.571145
4 0 0.076019 0.183429 0.178067 0.012588 0.549897
4 1 0.066771 0.173613 0.167876 0.009941 0.581799
4 1 0.044849 0.147981 0.148908 0.006163 0.652098
4 1 0.039068 0.143142 0.154333 0.006688 0.656769
4 1 0.033966 0.138709 0.161461 0.007488 0.658376
4 2 0.037629 0.151722 0.196322 0.014214 0.600113
4 2 0.038745 0.157923 0.221228 0.021404 0.560699
4 2 0.039957 0.163080 0.244752 0.030997 0.521214
4 2 0.035700 0.156759 0.239476 0.027770 0.540295
4 2 0.031346 0.149184 0.230700 0.023582 0.565189
4 2 0.030417 0.147448 0.228648 0.022710 0.570776
4 2 0.032760 0.153151 0.246087 0.025570 0.542432
4 2 0.033736 0.158617 0.290577 0.028836 0.488233
4 2 0.029398 0.155332 0.366279 0.028322 0.420668
2 2 0.026351 0.150652 0.404725 0.026745 0.391526
2 2 0.020414 0.136618 0.525927 0.024685 0.292356
2 2 0.013254 0.113307 0.634075 0.018430 0.220934
2 2 0.010345 0.098721 0.705374 0.016177 0.169383
2 2 0.012391 0.106930 0.678757 0.018764 0.183159
2 2 0.017530 0.122398 0.637064 0.025728 0.197281
2 2 0.018343 0.125219 0.624585 0.026424 0.205430
2 2 0.013944 0.106636 0.708777 0.023246 0.147397
2 2 0.010405 0.082185 0.786658 0.022634 0.098118
2 2 0.007698 0.060989 0.846705 0.022380 0.062229
2 2 0.006319 0.056313 0.858644 0.018466 0.060258
2 2 0.008135 0.083842 0.773852 0.014677 0.119494
2 3 0.013520 0.082087 0.754239 0.034350 0.115804
2 3 0.015572 0.082889 0.768743 0.042372 0.090424
2 3 0.010039 0.086703 0.783967 0.019576 0.099714
2 3 0.007907 0.048369 0.869027 0.033147 0.041550
2 3 0.007506 0.042710 0.875865 0.036851 0.037068
2 3 0.005769 0.031732 0.900447 0.037470 0.024582
2 3 0.005173 0.027933 0.907677 0.037975 0.021242
2 3 0.005041 0.025933 0.909921 0.040469 0.018636
2 3 0.005225 0.024426 0.907857 0.046442 0.016050
2 3 0.004652 0.019621 0.912738 0.052285 0.010703
2 3 0.005485 0.023197 0.904940 0.053354 0.013025
2 3 0.004001 0.019449 0.922986 0.042013 0.011551
2 3 0.003444 0.018215 0.930391 0.036544 0.011406
2 3 0.002982 0.016495 0.936466 0.033576 0.010481
2 3 0.003055 0.014526 0.932290 0.041692 0.008437
2 3 0.003613 0.012259 0.913011 0.064402 0.006714
2 3 0.004734 0.015127 0.897295 0.074372 0.008471
2 3 0.004602 0.017251 0.907027 0.061795 0.009324
2 3 0.005530 0.021293 0.899580 0.061284 0.012312
2 3 0.004736 0.018871 0.909362 0.056835 0.010197
2 3 0.005714 0.018755 0.889474 0.075505 0.010553
2 3 0.007097 0.018363 0.861567 0.101894 0.011078
2 3 0.009958 0.017316 0.794733 0.166346 0.011648
2 3 0.010216 0.018414 0.796507 0.162616 0.012248
2 3 0.009913 0.019040 0.808784 0.149727 0.012537
2 3 0.009717 0.021496 0.827933 0.127065 0.013789
2 3 0.010606 0.022156 0.816736 0.135943 0.014558
2 3 0.009979 0.022400 0.828051 0.124748 0.014822
2 3 0.007447 0.018912 0.857573 0.104548 0.011520
2 3 0.005234 0.015364 0.887038 0.083547 0.008817
2 3 0.003908 0.011839 0.903508 0.074055 0.006691
2 3 0.003877 0.010485 0.897686 0.081810 0.006143
2 3 0.004520 0.012279 0.891222 0.084739 0.007240
2 3 0.004705 0.011759 0.882681 0.093784 0.007071
2 3 0.005916 0.013675 0.864560 0.107162 0.008686
2 3 0.006199 0.012080 0.844304 0.128987 0.008431
2 3 0.006519 0.010970 0.824503 0.150155 0.007852
2 3 0.005719 0.010056 0.839537 0.137961 0.006726
2 3 0.005909 0.010148 0.834907 0.142195 0.006842
2 3 0.005919 0.010821 0.841963 0.134125 0.007172
2 3 0.006291 0.011446 0.835551 0.139164 0.007547
2 3 0.005298 0.011080 0.860418 0.115862 0.007342
2 3 0.005504 0.009402 0.836132 0.142614 0.006348
2 3 0.005578 0.008975 0.827698 0.151665 0.006084
2 3 0.005315 0.009178 0.838088 0.141356 0.006063
2 3 0.005444 0.008703 0.825993 0.154005 0.005855
2 3 0.006027 0.007596 0.780805 0.200152 0.005420
2 3 0.006961 0.007292 0.736792 0.243444 0.005512
2 3 0.007793 0.006422 0.671635 0.308977 0.005172
2 3 0.007596 0.006542 0.685030 0.295623 0.005208
2 3 0.007583 0.007428 0.715721 0.263534 0.005733
2 3 0.006475 0.011031 0.822387 0.152789 0.007318
2 3 0.005737 0.012316 0.855722 0.118582 0.007643
2 3 0.006223 0.012403 0.844192 0.129274 0.007908
2 3 0.007158 0.012562 0.821956 0.149948 0.008375
2 3 0.006876 0.012030 0.826890 0.146107 0.008096
2 3 0.007123 0.012049 0.821428 0.151174 0.008225
2 3 0.006152 0.011782 0.845955 0.128347 0.007764
2 3 0.005669 0.011777 0.856666 0.118399 0.007489
2 3 0.006466 0.012170 0.837754 0.135647 0.007963
2 3 0.007857 0.015131 0.827361 0.139742 0.009908
2 3 0.007357 0.012875 0.820190 0.150964 0.008614
2 3 0.006505 0.012430 0.838928 0.134039 0.008098
2 3 0.006086 0.011121 0.837236 0.138268 0.007290
2 3 0.005770 0.011217 0.848083 0.127689 0.007240
2 3 0.005057 0.009860 0.855927 0.122828 0.006329
2 3 0.005310 0.009235 0.840700 0.138624 0.006130
2 3 0.005955 0.009483 0.822836 0.155250 0.006475
2 3 0.005762 0.007066 0.787150 0.194835 0.005187
2 3 0.005891 0.006603 0.771586 0.210929 0.004991
2 3 0.006249 0.006844 0.760357 0.221371 0.005179
2 3 0.007144 0.008799 0.765952 0.211722 0.006384
2 3 0.006608 0.010569 0.812828 0.162855 0.007140
2 3 0.006044 0.011932 0.845538 0.128848 0.007637
2 3 0.006309 0.013092 0.849939 0.122303 0.008357
2 3 0.007791 0.014280 0.826004 0.142314 0.009611
2 3 0.009555 0.015922 0.808466 0.154611 0.011446
2 3 0.016520 0.028584 0.771492 0.162065 0.021338
2 1 0.027766 0.082734 0.732758 0.101393 0.055349
2 2 0.045796 0.144941 0.624184 0.083270 0.101809
2 2 0.142507 0.215314 0.380401 0.099826 0.161952
2 1 0.147265 0.218377 0.377350 0.090754 0.166255
2 1 0.159675 0.223448 0.372337 0.076282 0.168258
2 1 0.216787 0.239069 0.271983 0.064441 0.207720
4 1 0.245891 0.240529 0.205255 0.061517 0.246809
0 1 0.294138 0.240966 0.183666 0.051724 0.229505
0 0 0.273234 0.241645 0.188595 0.049415 0.247112
0 0 0.467731 0.150282 0.155501 0.091506 0.134980
0 1 0.431279 0.166862 0.162560 0.071463 0.167835
0 0 0.302456 0.241047 0.176084 0.044504 0.235909
0 0 0.309819 0.240666 0.174168 0.044842 0.230505
0 1 0.297514 0.241301 0.175415 0.041873 0.243897
0 0 0.487246 0.216134 0.116746 0.031829 0.148046
0 0 0.467473 0.220352 0.116033 0.025086 0.171055
0 0 0.337357 0.237242 0.145135 0.023868 0.256398
0 0 0.330963 0.175306 0.180524 0.045977 0.267230
0 0 0.417828 0.100084 0.187678 0.127367 0.167043
0 0 0.466074 0.068318 0.167042 0.177665 0.120901
0 0 0.407348 0.093883 0.191617 0.125207 0.181945
0 0 0.389544 0.127413 0.191793 0.122473 0.168776
0 0 0.379403 0.121469 0.202559 0.170132 0.126438
0 0 0.327208 0.085675 0.219480 0.253445 0.114191
0 0 0.331299 0.146459 0.209139 0.108265 0.204839
0 0 0.368947 0.172653 0.179482 0.062689 0.216228
4 0 0.154959 0.222676 0.181873 0.019949 0.420543
4 1 0.075482 0.185645 0.187860 0.015014 0.535999
4 0 0.070748 0.184757 0.198717 0.017746 0.528034
4 0 0.118579 0.216124 0.215359 0.030973 0.418965
4 0 0.202354 0.237929 0.218891 0.059288 0.281537
2 0 0.238663 0.211275 0.264377 0.100216 0.185469
3 0 0.310753 0.045031 0.180722 0.402164 0.061331
3 0 0.317483 0.008198 0.088305 0.568580 0.017434
3 0 0.252950 0.003131 0.058799 0.676600 0.008520
3 0 0.331012 0.007199 0.080274 0.564827 0.016689
0 0 0.412850 0.048983 0.157387 0.311641 0.069139
0 0 0.354570 0.163496 0.198535 0.132661 0.150738
4 0 0.206253 0.238402 0.203677 0.042738 0.308931
4 1 0.097875 0.192727 0.163380 0.010499 0.535518
4 1 0.220622 0.230982 0.155423 0.015737 0.377236
4 0 0.181452 0.227193 0.170593 0.018085 0.402677
4 0 0.197779 0.203429 0.213806 0.045134 0.339852
0 1 0.276661 0.209010 0.215559 0.106189 0.192581
4 0 0.224547 0.239181 0.188012 0.033885 0.314375
0 0 0.566886 0.112940 0.127033 0.090292 0.102848
0 0 0.625218 0.057342 0.108740 0.138996 0.069703
0 0 0.525476 0.011284 0.077649 0.362607 0.022985
3 0 0.404671 0.007220 0.073649 0.497517 0.016943
3 0 0.248352 0.006534 0.084420 0.645671 0.015024
3 1 0.282709 0.011810 0.108300 0.574142 0.023038
3 0 0.330096 0.008952 0.090044 0.551859 0.019050
0 0 0.468157 0.012819 0.087966 0.404835 0.026224
3 0 0.343213 0.006645 0.077690 0.557530 0.014922
3 0 0.135796 0.001359 0.045456 0.813481 0.003908
3 0 0.212185 0.003137 0.063246 0.713634 0.007798
3 0 0.189677 0.003175 0.064773 0.734423 0.007951
3 0 0.266753 0.010403 0.105068 0.597485 0.020290
3 0 0.244292 0.011876 0.115168 0.606749 0.021915
3 0 0.195994 0.007657 0.098786 0.681974 0.015589
3 0 0.315310 0.014097 0.112795 0.531208 0.026591
0 1 0.577681 0.036714 0.108595 0.221268 0.055742
0 0 0.587617 0.059811 0.119310 0.158974 0.074288
0 0 0.578797 0.042901 0.114404 0.204017 0.059880
3 0 0.328093 0.015886 0.116977 0.509822 0.029222
3 0 0.338857 0.008771 0.087791 0.545491 0.019091
3 0 0.414232 0.013427 0.097335 0.448625 0.026380
0 0 0.498248 0.028772 0.118038 0.309613 0.045329
3 0 0.371679 0.023255 0.132597 0.435523 0.036946
3 0 0.300235 0.008099 0.091290 0.584075 0.016301
0 0 0.470524 0.009971 0.080697 0.418696 0.020112
3 0 0.407051 0.005918 0.068055 0.505105 0.013871
3 0 0.239326 0.003570 0.064524 0.683538 0.009043
3 0 0.186955 0.003251 0.065204 0.736319 0.008272
3 0 0.235711 0.009152 0.100876 0.635180 0.019081
3 0 0.287217 0.019461 0.132640 0.526027 0.034655
3 0 0.200696 0.014480 0.131327 0.627880 0.025617
3 0 0.090004 0.003377 0.075935 0.823011 0.007673
3 0 0.068014 0.001549 0.053150 0.873186 0.004101
3 0 0.260899 0.008792 0.098195 0.614475 0.017639
0 0 0.588458 0.057202 0.119357 0.164154 0.070828
0 0 0.651402 0.072803 0.103066 0.096798 0.075931
0 0 0.585588 0.083660 0.126272 0.102997 0.101483
0 0 0.331504 0.186450 0.163508 0.030808 0.287729
4 1 0.252543 0.169994 0.214487 0.059747 0.303229
0 0 0.370944 0.083168 0.207589 0.196104 0.142195
0 0 0.379721 0.061270 0.192522 0.260042 0.106445
3 0 0.237415 0.009350 0.101384 0.632279 0.019572
3 0 0.074254 0.001068 0.043348 0.878189 0.003142
3 0 0.204506 0.005211 0.081367 0.697264 0.011653
3 0 0.221183 0.015682 0.133415 0.602603 0.027116
3 0 0.344639 0.043281 0.175429 0.381281 0.055370
0 0 0.362146 0.117600 0.206312 0.200126 0.113816
4 0 0.193854 0.235696 0.196853 0.033855 0.339742
4 0 0.103433 0.198718 0.172978 0.013016 0.511854
4 0 0.023354 0.102799 0.094897 0.001498 0.777453
4 0 0.015990 0.093492 0.104462 0.001896 0.784159
4 0 0.023613 0.122524 0.159047 0.006756 0.688060
2 0 0.044160 0.164033 0.423265 0.050568 0.317974
2 0 0.045332 0.067866 0.589910 0.198281 0.098611
2 0 0.068406 0.048546 0.423818 0.381213 0.078018
2 0 0.083207 0.070500 0.386515 0.309466 0.150311
3 0 0.121148 0.060797 0.324008 0.357343 0.136704
3 0 0.095721 0.062385 0.334093 0.373113 0.134689
2 0 0.121574 0.113565 0.339326 0.202063 0.223472
2 0 0.179629 0.100360 0.352389 0.258185 0.109437
0 0 0.393753 0.113994 0.199005 0.175376 0.117871
0 0 0.468018 0.139094 0.161736 0.106890 0.124262
0 0 0.435263 0.151037 0.177144 0.105671 0.130885
0 0 0.410311 0.117210 0.181688 0.169919 0.120873
0 0 0.322562 0.091914 0.212096 0.271854 0.101574
3 0 0.255056 0.089170 0.235261 0.323184 0.097328
0 0 0.268299 0.163278 0.235164 0.184503 0.148756
4 0 0.117432 0.200214 0.280942 0.068697 0.332715
4 0 0.104336 0.161364 0.288749 0.074362 0.371190
4 0 0.077355 0.157125 0.239759 0.035597 0.490164
4 1 0.076511 0.141507 0.272588 0.053582 0.455812
2 0 0.097121 0.127330 0.336256 0.135917 0.303376
3 0 0.177088 0.095943 0.290852 0.297981 0.138136
3 0 0.152314 0.089484 0.305654 0.311906 0.140642
3 0 0.113650 0.035130 0.227419 0.574141 0.049659
3 0 0.127623 0.034702 0.227042 0.553899 0.056734
3 1 0.114395 0.039918 0.248242 0.540178 0.057266
3 0 0.168203 0.046180 0.226628 0.496639 0.062351
3 0 0.152992 0.031053 0.192467 0.579363 0.044125
3 0 0.134122 0.015428 0.145684 0.678512 0.026254
3 0 0.097864 0.012649 0.137941 0.728783 0.022763
3 1 0.056163 0.006645 0.110405 0.814035 0.012752
3 1 0.042423 0.003940 0.089592 0.856116 0.007929
3 1 0.030123 0.001620 0.058616 0.905639 0.004002
3 1 0.040248 0.001546 0.055215 0.898917 0.004074
3 1 0.054458 0.001646 0.054562 0.884774 0.004560
3 1 0.108643 0.004659 0.084183 0.791658 0.010857
3 1 0.123118 0.004477 0.081791 0.780239 0.010375
3 1 0.204450 0.009133 0.106159 0.662293 0.017964
3 1 0.224570 0.008080 0.097421 0.653170 0.016759
3 0 0.233221 0.008119 0.096385 0.645249 0.017027
3 0 0.225949 0.008551 0.099901 0.648095 0.017504
3 1 0.106822 0.003121 0.071171 0.811502 0.007384
3 1 0.162875 0.016241 0.141284 0.650366 0.029234
2 1 0.152955 0.188756 0.316157 0.092400 0.249732
4 1 0.029345 0.152252 0.322068 0.015007 0.481329
4 1 0.027426 0.132345 0.174147 0.009133 0.656949
4 1 0.036396 0.152507 0.208273 0.017167 0.585657
2 1 0.054547 0.185428 0.400710 0.034215 0.325100
2 1 0.039950 0.168158 0.473232 0.029394 0.289265
4 1 0.025286 0.144650 0.300623 0.017962 0.511480
4 1 0.025183 0.125881 0.162004 0.007212 0.679720
4 1 0.025458 0.120582 0.139834 0.004636 0.709491
4 1 0.023754 0.117364 0.138122 0.004429 0.716331
4 1 0.020753 0.109867 0.129633 0.003617 0.736130
4 1 0.018468 0.106038 0.131113 0.003692 0.740689
4 1 0.029369 0.132235 0.161281 0.007281 0.669834
4 1 0.075274 0.194003 0.228811 0.030255 0.471657
4 1 0.233142 0.197619 0.225491 0.076109 0.267639
0 0 0.420644 0.080486 0.172491 0.228667 0.097713
3 0 0.162340 0.012503 0.127347 0.674700 0.023111
3 0 0.194125 0.030851 0.180114 0.548422 0.046487
4 0 0.133786 0.197002 0.233874 0.045382 0.389956
4 1 0.080899 0.188162 0.183079 0.014140 0.533720
4 1 0.072668 0.172097 0.149199 0.007027 0.599009
4 1 0.055330 0.158311 0.149413 0.006536 0.630410
4 1 0.065205 0.183531 0.213695 0.022196 0.515373
4 1 0.058676 0.183042 0.245411 0.035615 0.477257
4 1 0.053099 0.175006 0.226916 0.025619 0.519360
4 2 0.069873 0.191657 0.240134 0.035231 0.463105
4 2 0.077778 0.197593 0.241666 0.038050 0.444914
4 2 0.076898 0.196690 0.239356 0.036406 0.450649
4 2 0.063612 0.185549 0.232744 0.030027 0.488068
4 2 0.048015 0.168386 0.219042 0.021901 0.542656
4 2 0.038464 0.154355 0.203968 0.016209 0.587004
4 2 0.033448 0.146266 0.197069 0.014041 0.609176
4 2 0.033382 0.145999 0.196217 0.013838 0.610564
4 2 0.035956 0.150956 0.203311 0.015797 0.593979
4 2 0.040442 0.158008 0.210020 0.018098 0.573433
4 2 0.044463 0.164935 0.221785 0.022385 0.546431
4 2 0.049533 0.172079 0.231237 0.026825 0.520327
4 2 0.053850 0.178230 0.243265 0.033328 0.491327
4 2 0.047969 0.171854 0.240793 0.030825 0.508559
4 2 0.040897 0.162787 0.234544 0.026693 0.535080
4 2 0.039931 0.161494 0.233932 0.026272 0.538371
4 2 0.043845 0.166791 0.237730 0.028595 0.523040
4 2 0.045872 0.170212 0.245634 0.032746 0.505536
4 2 0.049274 0.175570 0.260562 0.038362 0.476232
4 2 0.045691 0.172273 0.267224 0.037210 0.477602
4 2 0.050661 0.176750 0.257396 0.040639 0.474553
4 2 0.048080 0.175901 0.278827 0.042247 0.454945
4 2 0.050415 0.179671 0.299419 0.046549 0.423947
4 2 0.045554 0.176070 0.334675 0.044293 0.399409
4 2 0.048404 0.179178 0.339544 0.048036 0.384838
4 2 0.049124 0.179628 0.329035 0.047848 0.394365
2 2 0.043441 0.174037 0.404414 0.047865 0.330242
2 -1 0.032906 0.158156 0.493201 0.040689 0.275047
2 2 0.024216 0.138695 0.586672 0.033983 0.216435
2 2 0.020023 0.125593 0.645943 0.030817 0.177625
2 2 0.020105 0.125291 0.649204 0.031214 0.174187
2 2 0.021187 0.129796 0.626384 0.031542 0.191091
2 2 0.018852 0.126349 0.622596 0.027181 0.205021
2 2 0.016132 0.119958 0.633890 0.023160 0.206861
2 2 0.014887 0.116922 0.637461 0.021240 0.209491
2 2 0.013088 0.108981 0.675236 0.019845 0.182850
2 2 0.013965 0.109586 0.686865 0.022025 0.167559
2 2 0.014629 0.106461 0.718255 0.025297 0.135358
2 2 0.017093 0.110557 0.716240 0.030539 0.125571
2 2 0.016749 0.107624 0.729473 0.031015 0.115139
2 2 0.017475 0.110814 0.717551 0.031536 0.122624
2 2 0.011275 0.087680 0.789954 0.023167 0.087923
2 2 0.008395 0.073083 0.833028 0.019266 0.066228
2 2 0.006757 0.058936 0.863951 0.018996 0.051359
2 2 0.008364 0.064406 0.840665 0.023449 0.063117
2 2 0.010741 0.069669 0.812706 0.031031 0.075853
2 2 0.014292 0.084240 0.763749 0.036057 0.101662
2 2 0.011126 0.077726 0.785672 0.027590 0.097886
2 2 0.007936 0.067491 0.820610 0.020126 0.083838
2 2 0.005838 0.054122 0.858004 0.017360 0.064676
2 2 0.006371 0.046934 0.872947 0.024805 0.048942
2 2 0.008254 0.047647 0.863885 0.036460 0.043754
2 2 0.009193 0.048203 0.863669 0.042065 0.036870
2 3 0.006162 0.040633 0.895991 0.028574 0.028640
2 3 0.004304 0.032345 0.918931 0.022502 0.021919
2 3 0.003689 0.027944 0.927021 0.021875 0.019471
2 3 0.004978 0.029325 0.912734 0.032952 0.020010
2 3 0.008272 0.034909 0.877955 0.056717 0.022147
2 3 0.008915 0.032873 0.869886 0.069098 0.019228
2 3 0.007062 0.026747 0.886423 0.064590 0.015179
2 3 0.006077 0.025431 0.899610 0.054810 0.014073
2 3 0.004661 0.023315 0.918852 0.040742 0.012430
2 3 0.003905 0.021048 0.928469 0.035605 0.010973
2 3 0.004785 0.023737 0.917393 0.041390 0.012695
2 2 0.007684 0.037458 0.888625 0.045135 0.021098
2 2 0.012421 0.066703 0.836473 0.040983 0.043420
2 2 0.027268 0.126330 0.683099 0.050969 0.112334
2 2 0.065478 0.177109 0.516917 0.083937 0.156560
2 1 0.179497 0.232399 0.315087 0.072986 0.200031
2 1 0.219144 0.240205 0.276471 0.056808 0.207371
0 1 0.374749 0.164178 0.191518 0.100180 0.169374
2 1 0.150956 0.141299 0.399761 0.124240 0.183744
2 1 0.073054 0.191592 0.450712 0.070029 0.214614
4 1 0.035566 0.164137 0.346589 0.033983 0.419725
4 1 0.054370 0.175364 0.221799 0.023787 0.524680
4 1 0.045157 0.160380 0.194827 0.014465 0.585171
4 1 0.065662 0.177013 0.189671 0.014746 0.552907
4 1 0.079576 0.146684 0.182305 0.013800 0.577635
4 1 0.126726 0.163579 0.204167 0.024910 0.480618
2 1 0.212636 0.117376 0.277737 0.136807 0.255445
0 1 0.289972 0.090492 0.234111 0.270499 0.114927
0 1 0.313965 0.137202 0.217059 0.176575 0.155199
4 1 0.158346 0.232269 0.243645 0.049194 0.316547
4 2 0.084046 0.205254 0.285065 0.032395 0.393240
4 2 0.091820 0.203439 0.220790 0.029157 0.454795
2 2 0.085208 0.205512 0.343870 0.070819 0.294591
2 2 0.042087 0.155273 0.571946 0.067590 0.163104
2 1 0.069507 0.107827 0.505240 0.205104 0.112322
2 2 0.110604 0.142727 0.377972 0.200348 0.168349
2 2 0.085213 0.177310 0.448581 0.112515 0.176381
2 2 0.152379 0.218848 0.359481 0.102024 0.167269
2 2 0.143062 0.225737 0.331007 0.075079 0.225115
2 1 0.215565 0.237914 0.268955 0.071520 0.206045
0 1 0.383777 0.121309 0.195119 0.172168 0.127627
0 1 0.294861 0.090858 0.239095 0.236567 0.138618
4 1 0.246675 0.211292 0.200040 0.046814 0.295179
4 2 0.124787 0.217476 0.208082 0.028086 0.421569
4 2 0.088511 0.200823 0.217282 0.026927 0.466456
4 2 0.045816 0.169445 0.240506 0.030246 0.513986
4 2 0.044485 0.167697 0.238862 0.029225 0.519732
4 2 0.041552 0.163156 0.231755 0.025680 0.537857
4 2 0.036907 0.157481 0.233282 0.025486 0.546844
4 2 0.033104 0.159211 0.315052 0.029550 0.463084
4 2 0.033279 0.161615 0.383889 0.033682 0.387536
2 2 0.034918 0.163316 0.437268 0.039269 0.325228
2 2 0.040055 0.169079 0.444592 0.046918 0.299355
2 2 0.035743 0.162768 0.473490 0.043256 0.284743
2 2 0.036165 0.163006 0.477661 0.044233 0.278934
2 2 0.034479 0.159198 0.504884 0.044067 0.257372
2 2 0.030981 0.151610 0.545549 0.042045 0.229814
2 1 0.046206 0.171228 0.489524 0.061511 0.231531
2 1 0.133899 0.217497 0.327004 0.112373 0.209228
0 1 0.314672 0.233901 0.190312 0.085601 0.175515
0 0 0.442685 0.222520 0.138508 0.050439 0.145848
0 0 0.453334 0.218460 0.135592 0.049414 0.143199
0 0 0.419529 0.228071 0.141761 0.043327 0.167313
0 0 0.448102 0.222833 0.133648 0.043023 0.152393
0 0 0.404492 0.227618 0.153400 0.059885 0.154604
0 0 0.485261 0.143765 0.150386 0.096117 0.124471
0 0 0.589438 0.153316 0.104927 0.044432 0.107888
0 0 0.593974 0.064016 0.119975 0.147083 0.074951
3 1 0.262387 0.014045 0.122517 0.576525 0.024527
3 1 0.319074 0.025137 0.146209 0.470825 0.038754
0 1 0.443870 0.138751 0.166854 0.121977 0.128548
0 4 0.309084 0.240784 0.172518 0.042432 0.235181
4 4 0.111945 0.205440 0.181375 0.015935 0.485305
4 4 0.054976 0.166015 0.176839 0.011100 0.591069
4 4 0.035230 0.144041 0.176062 0.009877 0.634789
4 4 0.034735 0.144725 0.181785 0.010902 0.627853
4 4 0.034060 0.147593 0.199402 0.014647 0.604299
4 4 0.032278 0.152573 0.251099 0.021804 0.542247
2 4 0.018265 0.132629 0.512449 0.021219 0.315439
2 4 0.016868 0.127819 0.548915 0.020671 0.285726
2 4 0.017800 0.132751 0.463868 0.018976 0.366605
4 4 0.020827 0.124124 0.190578 0.011641 0.652829
4 4 0.014005 0.094039 0.121208 0.002866 0.767881
4 4 0.012059 0.084337 0.102466 0.001757 0.799381
4 4 0.011133 0.083300 0.106991 0.001974 0.796602
4 4 0.011471 0.091858 0.138437 0.004146 0.754088
4 4 0.016067 0.111265 0.176633 0.008804 0.687231
4 4 0.019555 0.129948 0.260918 0.014773 0.574806
4 4 0.028250 0.142123 0.216972 0.018696 0.593958
4 4 0.033541 0.144264 0.186993 0.011852 0.623350
4 4 0.031136 0.136781 0.169274 0.008537 0.654272
4 4 0.026375 0.125646 0.153333 0.006141 0.688505
4 4 0.020798 0.113687 0.143574 0.004888 0.717054
4 4 0.017617 0.105407 0.135114 0.004012 0.737850
4 4 0.013358 0.090643 0.114075 0.002400 0.779523
4 4 0.010948 0.081278 0.101364 0.001693 0.804717
4 4 0.008355 0.069421 0.084485 0.001004 0.836736
4 4 0.013302 0.086008 0.098452 0.001581 0.800656
4 4 0.025786 0.121109 0.139881 0.004648 0.708575
4 4 0.061075 0.180685 0.217152 0.022949 0.518139
2 4 0.082889 0.109258 0.364744 0.187863 0.255248
2 4 0.063529 0.134246 0.406646 0.110187 0.285391
4 4 0.026871 0.139247 0.213448 0.017531 0.602903
4 4 0.012899 0.094177 0.132305 0.003667 0.756953
4 4 0.005397 0.057735 0.077163 0.000769 0.858936
4 4 0.005441 0.056646 0.072652 0.000652 0.864608
4 4 0.007111 0.061721 0.071214 0.000624 0.859330
4 4 0.007609 0.064077 0.074010 0.000695 0.853609
4 4 0.005160 0.052727 0.062831 0.000439 0.878842
4 4 0.004192 0.049290 0.063717 0.000454 0.882347
4 4 0.005788 0.058345 0.074272 0.000694 0.860901
4 4 0.014366 0.092462 0.112447 0.002317 0.778409
4 4 0.027524 0.126310 0.149113 0.005680 0.691375
4 4 0.050750 0.160287 0.170603 0.009688 0.608672
4 4 0.106390 0.208302 0.204534 0.023772 0.457002
4 0 0.211918 0.239157 0.205472 0.046424 0.297030
0 1 0.270901 0.240103 0.198841 0.065537 0.224617
0 1 0.338080 0.235942 0.176168 0.064694 0.185116
0 1 0.368849 0.234227 0.161774 0.053566 0.181584
0 1 0.397429 0.231073 0.150322 0.047556 0.173620
0 1 0.369115 0.235002 0.158730 0.047861 0.189292
0 1 0.310981 0.240424 0.175981 0.047876 0.224738
4 1 0.224315 0.240163 0.199655 0.044391 0.291476
4 1 0.148307 0.227404 0.217684 0.038833 0.367772
4 1 0.102550 0.210294 0.226694 0.034461 0.426001
4 1 0.090103 0.204682 0.235734 0.037289 0.432192
4 1 0.090056 0.204982 0.238358 0.038994 0.427610
4 2 0.107270 0.214271 0.240972 0.045831 0.391657
4 2 0.109057 0.214970 0.239534 0.045203 0.391236
4 2 0.103698 0.212403 0.239191 0.043314 0.401394
4 2 0.087630 0.203934 0.241738 0.040663 0.426035
4 2 0.080680 0.199621 0.242296 0.039197 0.438207
4 2 0.079367 0.199042 0.244832 0.040543 0.436216
4 2 0.081951 0.200585 0.243446 0.040302 0.433717
4 2 0.085653 0.202764 0.242043 0.040341 0.429200
4 2 0.092032 0.206138 0.238453 0.039566 0.423811
4 2 0.106590 0.213956 0.241004 0.045642 0.392808
4 2 0.129346 0.223078 0.241193 0.053958 0.352426
4 2 0.166957 0.232423 0.235474 0.064772 0.300374
4 2 0.186270 0.234729 0.233691 0.074421 0.270889
4 2 0.198575 0.235914 0.230072 0.076718 0.258721
4 2 0.200941 0.234906 0.232870 0.085776 0.245507
1 2 0.219041 0.235984 0.226282 0.087213 0.231480
1 2 0.235609 0.236541 0.220017 0.087600 0.220233
0 2 0.260164 0.235838 0.211697 0.091351 0.200951
0 2 0.286548 0.232900 0.203328 0.099554 0.177670
0 2 0.300651 0.233234 0.197045 0.093746 0.175324
0 2 0.306329 0.233285 0.194539 0.091506 0.174341
0 2 0.327234 0.233083 0.185432 0.083701 0.170550
0 2 0.335186 0.232852 0.182017 0.080904 0.169041
0 1 0.315653 0.234462 0.189294 0.082703 0.177888
0 1 0.282337 0.239092 0.196923 0.070099 0.211550
0 1 0.318016 0.234301 0.188394 0.082435 0.176854
0 1 0.374135 0.230589 0.165681 0.068408 0.161188
0 1 0.400567 0.228058 0.154966 0.060933 0.155476
0 1 0.399578 0.228167 0.155362 0.061199 0.155695
0 2 0.383026 0.229823 0.162044 0.065810 0.159298
0 2 0.319541 0.236237 0.213782 0.069579 0.160861
0 2 0.344259 0.234751 0.195269 0.066384 0.159338
0 2 0.366946 0.233000 0.182024 0.061811 0.156218
0 2 0.342216 0.235658 0.205186 0.061484 0.155455
0 2 0.302462 0.237426 0.239284 0.064635 0.156193
2 2 0.259744 0.236462 0.283292 0.066354 0.154147
2 2 0.227948 0.233375 0.319820 0.067500 0.151358
2 2 0.173249 0.222395 0.389406 0.070503 0.144447
2 2 0.193170 0.227747 0.350387 0.076299 0.152397
2 2 0.211358 0.231144 0.312930 0.084007 0.160561
2 2 0.237552 0.234363 0.284301 0.081336 0.162448
0 2 0.258964 0.235707 0.258799 0.081575 0.164955
2 2 0.237187 0.234331 0.284772 0.081318 0.162392
2 2 0.217983 0.232049 0.302433 0.085211 0.162324
2 2 0.176473 0.224039 0.364534 0.081981 0.152972
2 2 0.136931 0.210328 0.438515 0.075227 0.139000
2 2 0.120713 0.202178 0.476889 0.069727 0.130493
2 2 0.119656 0.202062 0.473809 0.072463 0.132011
2 2 0.141133 0.212035 0.431499 0.075200 0.140133
2 2 0.160575 0.219359 0.392412 0.079677 0.147977
2 2 0.160227 0.219405 0.388706 0.082164 0.149498
2 2 0.139527 0.212225 0.418352 0.084357 0.145539
2 2 0.114462 0.200792 0.463209 0.084015 0.137521
2 2 0.075010 0.173675 0.561052 0.074554 0.115708
2 2 0.056735 0.157045 0.603912 0.075908 0.106400
2 2 0.043503 0.142176 0.637443 0.078346 0.098531
2 2 0.047636 0.148898 0.606803 0.089341 0.107322
2 2 0.035755 0.141931 0.629877 0.062968 0.129469
2 2 0.023692 0.134087 0.620487 0.035678 0.186057
2 2 0.017834 0.119432 0.666358 0.028117 0.168259
2 2 0.013215 0.096008 0.763949 0.025740 0.101089
2 2 0.013189 0.094126 0.771864 0.026519 0.094301
2 2 0.016440 0.102435 0.749586 0.032759 0.098779
2 2 0.017175 0.106250 0.738569 0.033034 0.104974
2 2 0.016366 0.103455 0.747445 0.031996 0.100738
2 2 0.016869 0.102239 0.751627 0.034237 0.095027
2 2 0.018068 0.095523 0.762062 0.042566 0.081782
2 3 0.016409 0.073273 0.801604 0.055205 0.053510
2 3 0.009628 0.049335 0.861611 0.043565 0.035861
2 3 0.006833 0.039630 0.887763 0.035229 0.030544
2 3 0.005761 0.035953 0.898681 0.031080 0.028525
2 3 0.005688 0.033715 0.900453 0.033516 0.026628
2 3 0.005094 0.030695 0.908316 0.032245 0.023650
2 3 0.005624 0.034399 0.900600 0.031967 0.027410
2 3 0.007043 0.038684 0.887579 0.038211 0.028483
2 3 0.006715 0.031497 0.894655 0.047439 0.019694
2 3 0.006347 0.027323 0.898249 0.052912 0.015168
2 3 0.005000 0.021782 0.911092 0.050345 0.011782
2 3 0.004873 0.021168 0.911201 0.050629 0.012130
2 3 0.004897 0.022720 0.912842 0.046152 0.013390
2 3 0.005217 0.021881 0.907335 0.053551 0.012015
2 3 0.005322 0.022292 0.906470 0.053753 0.012163
2 3 0.005001 0.022313 0.910804 0.048929 0.012953
2 3 0.003948 0.023312 0.925584 0.031800 0.015357
2 3 0.004223 0.027158 0.919374 0.028598 0.020647
2 3 0.004641 0.029203 0.911543 0.030098 0.024514
2 3 0.005294 0.028310 0.902874 0.039010 0.024511
2 3 0.004879 0.023379 0.909152 0.044912 0.017677
2 3 0.005127 0.018931 0.900197 0.063284 0.012462
2 3 0.004735 0.015643 0.898699 0.071970 0.008953
2 3 0.004357 0.012563 0.892395 0.083616 0.007070
2 3 0.004050 0.014227 0.906889 0.066813 0.008021
2 3 0.004068 0.017051 0.916077 0.052330 0.010474
2 3 0.003941 0.021502 0.924268 0.035790 0.014499
2 3 0.004659 0.026014 0.914854 0.035558 0.018916
2 3 0.003515 0.021457 0.929946 0.029987 0.015095
2 3 0.004577 0.024637 0.916376 0.037305 0.017105
2 3 0.006309 0.029767 0.895998 0.047099 0.020828
2 3 0.008213 0.038031 0.871096 0.050464 0.032196
2 3 0.007242 0.039330 0.871973 0.039877 0.041578
2 3 0.007424 0.037861 0.872334 0.043816 0.038565
2 3 0.007137 0.030076 0.880827 0.057046 0.024913
2 3 0.005989 0.020641 0.888552 0.070936 0.013882
2 3 0.005278 0.015355 0.886068 0.083968 0.009331
2 3 0.007155 0.020664 0.868405 0.090937 0.012839
2 3 0.007845 0.019536 0.851996 0.108671 0.011951
2 3 0.008913 0.020948 0.837810 0.117868 0.014460
2 3 0.008309 0.020006 0.844245 0.111934 0.015507
2 3 0.007220 0.025836 0.874980 0.070491 0.021473
2 3 0.006728 0.027396 0.881988 0.059824 0.024064
2 3 0.005939 0.024506 0.891092 0.057694 0.020770
2 3 0.006077 0.022809 0.887496 0.064548 0.019071
2 3 0.006231 0.020142 0.880839 0.077272 0.015517
2 3 0.005408 0.017879 0.890755 0.073321 0.012636
2 3 0.005612 0.020153 0.892985 0.067600 0.013650
2 3 0.007056 0.027131 0.879728 0.064805 0.021279
2 3 0.008176 0.030440 0.867298 0.069192 0.024895
2 3 0.008007 0.031460 0.868382 0.064237 0.027913
2 3 0.007153 0.027442 0.876554 0.065507 0.023344
2 3 0.006055 0.021940 0.887108 0.067588 0.017310
2 3 0.005701 0.017697 0.884383 0.077673 0.014546
2 3 0.005674 0.015021 0.874472 0.093735 0.011098
2 3 0.005654 0.013310 0.865310 0.106673 0.009053
2 3 0.004988 0.015960 0.893442 0.074463 0.011147
2 3 0.005128 0.019510 0.899022 0.062705 0.013635
2 3 0.004526 0.019894 0.910685 0.050316 0.014579
2 3 0.004446 0.019138 0.910555 0.051759 0.014101
2 3 0.004210 0.019365 0.914805 0.046811 0.014809
2 3 0.003898 0.015699 0.915921 0.052670 0.011812
2 3 0.004473 0.014637 0.902245 0.068157 0.010488
2 3 0.006161 0.015110 0.868338 0.099172 0.011219
2 3 0.007388 0.015929 0.848171 0.117214 0.011297
2 1 0.008591 0.018659 0.839440 0.120923 0.012387
2 1 0.009149 0.032375 0.866094 0.073491 0.018891
2 1 0.020778 0.083575 0.777820 0.064611 0.053215
2 2 0.063077 0.163888 0.581521 0.079445 0.112069
2 2 0.201958 0.229602 0.329397 0.081573 0.157469
0 2 0.303092 0.235605 0.213931 0.080078 0.167294
2 2 0.245786 0.234418 0.262776 0.088864 0.168156
0 2 0.326378 0.233103 0.185801 0.084008 0.170710
0 2 0.350461 0.232183 0.175533 0.075775 0.166049
0 2 0.374444 0.230564 0.165554 0.068316 0.161122
0 2 0.316557 0.233261 0.190060 0.087603 0.172519
2 2 0.172517 0.222981 0.334895 0.104469 0.165138
2 2 0.112748 0.201299 0.429364 0.107299 0.149291
2 2 0.137100 0.212035 0.384171 0.108606 0.158088
2 2 0.201471 0.228626 0.295246 0.104092 0.170565
0 2 0.263048 0.234576 0.237773 0.092543 0.172060
0 2 0.271359 0.234823 0.230947 0.090996 0.171874
0 2 0.294808 0.234925 0.212744 0.086614 0.170909
0 2 0.282063 0.235392 0.226428 0.086253 0.169864
0 2 0.321324 0.234709 0.198643 0.078336 0.166988
0 2 0.264163 0.236081 0.256471 0.079322 0.163963
2 2 0.205372 0.230201 0.326930 0.080302 0.157195
2 2 0.146610 0.214599 0.414070 0.079993 0.144728
2 2 0.127953 0.207905 0.424756 0.092527 0.146859
2 2 0.109686 0.199629 0.439164 0.104664 0.146857
2 2 0.067438 0.191859 0.410083 0.075542 0.255078
4 2 0.048087 0.176834 0.292170 0.042337 0.440572
4 2 0.034082 0.153462 0.232438 0.024678 0.555341
4 2 0.036735 0.154839 0.218556 0.020263 0.569606
4 2 0.050238 0.170563 0.218132 0.021875 0.539192
4 2 0.061335 0.181565 0.220682 0.024351 0.512067
4 2 0.063103 0.183131 0.220921 0.024703 0.508141
4 2 0.051643 0.171223 0.214001 0.020631 0.542502
4 2 0.047636 0.164680 0.202209 0.016605 0.568870
4 2 0.077222 0.193564 0.218221 0.025643 0.485350
4 2 0.188936 0.236464 0.216379 0.050129 0.308092
0 2 0.330022 0.237333 0.177410 0.061334 0.193902
0 2 0.292072 0.240952 0.185007 0.052825 0.229144
4 2 0.174984 0.232998 0.205825 0.036285 0.349908
4 2 0.093211 0.201409 0.205957 0.022700 0.476723
4 2 0.071076 0.187255 0.209044 0.021216 0.511410
4 2 0.080506 0.192626 0.202436 0.019935 0.504497
4 2 0.132935 0.219527 0.201889 0.026186 0.419463
0 2 0.316537 0.240358 0.170554 0.042675 0.229876
0 2 0.447857 0.221719 0.136539 0.049258 0.144627
0 2 0.338690 0.232725 0.180521 0.079700 0.168365
0 2 0.364770 0.231525 0.169269 0.070240 0.164196
0 2 0.477599 0.216632 0.125436 0.042877 0.137456
0 2 0.547869 0.201522 0.100682 0.030247 0.119680
0 2 0.511285 0.209913 0.113310 0.036425 0.129066
0 2 0.452500 0.220979 0.134782 0.048216 0.143523
4 2 0.236440 0.240817 0.192937 0.041303 0.288504
4 2 0.145302 0.225158 0.208486 0.031882 0.389172
4 2 0.110973 0.212960 0.217160 0.030601 0.428307
4 4 0.109136 0.212429 0.219262 0.031432 0.427740
4 4 0.076681 0.190846 0.206476 0.020941 0.505056
4 4 0.044303 0.157161 0.184941 0.012142 0.601453
4 4 0.029260 0.133236 0.165969 0.007948 0.663586
4 4 0.020884 0.114397 0.145746 0.005114 0.713860
4 4 0.017148 0.102722 0.128486 0.003455 0.748189
4 4 0.014114 0.090168 0.106384 0.001976 0.787358
4 4 0.025445 0.113474 0.116406 0.002709 0.741966
4 1 0.092249 0.184531 0.148749 0.007573 0.566899
0 1 0.329531 0.238300 0.150113 0.026088 0.255968
0 1 0.510098 0.210167 0.113729 0.036640 0.129366
0 1 0.501958 0.211872 0.116620 0.038135 0.131415
0 1 0.529997 0.205761 0.106781 0.033164 0.124298
0 1 0.544414 0.202362 0.101851 0.030796 0.120577
0 1 0.597758 0.188327 0.084370 0.023040 0.106504
0 1 0.582319 0.192622 0.089306 0.025131 0.110622
0 1 0.557015 0.199252 0.097613 0.028826 0.117294
0 1 0.490811 0.214115 0.120623 0.040254 0.134197
0 2 0.453192 0.220867 0.134520 0.048062 0.143358
0 2 0.457852 0.220101 0.132766 0.047037 0.142244
0 2 0.432681 0.223995 0.142349 0.052787 0.148188
2 0 0.214863 0.231565 0.331345 0.070464 0.151763
2 0 0.087527 0.183411 0.530819 0.075945 0.122298
2 1 0.068056 0.180055 0.519413 0.073069 0.159407
4 1 0.073793 0.199412 0.299926 0.041099 0.385770
4 1 0.051846 0.168973 0.201918 0.016920 0.560344
4 2 0.033815 0.142633 0.178124 0.010167 0.635261
4 2 0.041754 0.158488 0.204399 0.016645 0.578714
4 2 0.049215 0.168943 0.215167 0.020726 0.545950
4 2 0.050013 0.170419 0.218618 0.022016 0.538935
4 2 0.053569 0.174425 0.220920 0.023341 0.527745
4 2 0.054019 0.176024 0.227598 0.026047 0.516312
4 2 0.052407 0.174464 0.227795 0.025869 0.519465
4 2 0.064407 0.185744 0.229767 0.028756 0.491326
4 2 0.085438 0.201002 0.229790 0.032727 0.451043
4 2 0.147107 0.227592 0.222964 0.042744 0.359592
4 2 0.192238 0.236895 0.213551 0.048223 0.309093
4 2 0.240245 0.241121 0.198902 0.049325 0.270407
4 2 0.224416 0.240229 0.203777 0.049080 0.282498
4 2 0.236871 0.240523 0.206365 0.058282 0.257959
4 1 0.234938 0.240239 0.208535 0.060737 0.255550
4 1 0.237995 0.239985 0.209644 0.064537 0.247838
0 2 0.273636 0.240355 0.196798 0.063235 0.225976
0 2 0.313246 0.236532 0.187656 0.073843 0.188723
0 2 0.348281 0.232297 0.176452 0.076488 0.166483
0 2 0.334694 0.232869 0.182227 0.081074 0.169135
0 2 0.321715 0.233194 0.187818 0.085697 0.171576
0 2 0.323585 0.233161 0.187008 0.085016 0.171230
0 2 0.258679 0.235109 0.249973 0.087547 0.168693
2 1 0.224738 0.233032 0.300522 0.081087 0.160621
2 1 0.172350 0.222922 0.371552 0.081428 0.151748
0 1 0.293818 0.235493 0.218437 0.083383 0.168868
0 2 0.349865 0.232215 0.175784 0.075969 0.166168
0 2 0.373245 0.230660 0.166047 0.068672 0.161375
0 2 0.343699 0.232515 0.178391 0.078007 0.167388
0 2 0.341496 0.232611 0.179326 0.078747 0.167819
0 2 0.401777 0.227925 0.154483 0.060608 0.155208
0 2 0.455633 0.220468 0.133600 0.047523 0.142775
0 1 0.467388 0.218470 0.129206 0.044991 0.139945
0 1 0.424285 0.227813 0.137649 0.038644 0.171609
4 1 0.236862 0.240196 0.185527 0.034702 0.302714
4 2 0.193735 0.236426 0.202936 0.038569 0.328334
4 2 0.166318 0.232316 0.235528 0.064490 0.301347
0 2 0.239817 0.234818 0.220900 0.097084 0.207381
0 2 0.282375 0.233341 0.209244 0.098295 0.176745
0 2 0.344773 0.232466 0.177935 0.077648 0.167177
0 2 0.333074 0.232922 0.182921 0.081638 0.169445
0 2 0.338281 0.232740 0.180695 0.079839 0.168444
0 2 0.326458 0.233101 0.185767 0.083979 0.170695
0 1 0.303266 0.234493 0.194800 0.087330 0.180111
4 1 0.210790 0.238194 0.220295 0.066394 0.264328
4 1 0.194456 0.237091 0.209992 0.045262 0.313199
4 1 0.240550 0.241077 0.192641 0.042268 0.283463
0 1 0.359427 0.236577 0.158981 0.043716 0.201298
0 1 0.435989 0.207423 0.148303 0.062297 0.145988
0 2 0.424354 0.226031 0.143967 0.050484 0.155164
0 2 0.416834 0.227481 0.145824 0.049924 0.159938
0 2 0.433442 0.223886 0.142056 0.052605 0.148011
2 2 0.230647 0.233838 0.307001 0.072819 0.155695
2 1 0.256381 0.236237 0.287569 0.066160 0.153654
0 1 0.318460 0.230554 0.208952 0.078247 0.163787
0 1 0.406388 0.163427 0.175767 0.112513 0.141905
0 2 0.351640 0.186097 0.190008 0.090397 0.181858
0 2 0.296212 0.240232 0.186643 0.057935 0.218978
0 2 0.366839 0.235961 0.154612 0.040445 0.202143
0 2 0.451995 0.222469 0.131196 0.040397 0.153943
0 1 0.378491 0.222667 0.142571 0.028037 0.228235
0 1 0.412516 0.203403 0.129886 0.022361 0.231834
