0 0 0.521769 0.076317 0.165577 0.120558 0.115779
0 0 0.458750 0.102113 0.199951 0.050716 0.188470
0 0 0.599278 0.064666 0.163760 0.023600 0.148695
4 0 0.270356 0.131279 0.214948 0.005453 0.377964
4 0 0.190110 0.094436 0.126325 0.005066 0.584064
4 0 0.271585 0.087928 0.116393 0.047045 0.477048
0 0 0.375086 0.079216 0.122185 0.094201 0.329313
0 0 0.343225 0.116092 0.175956 0.089672 0.275055
4 0 0.215821 0.122680 0.138537 0.122679 0.400284
4 0 0.221858 0.097778 0.111354 0.230315 0.338694
4 0 0.237138 0.117685 0.139707 0.171802 0.333669
4 0 0.240889 0.147181 0.190537 0.092165 0.329229
4 0 0.185167 0.143651 0.293453 0.071181 0.306549
4 0 0.166747 0.137813 0.183107 0.085822 0.426511
4 1 0.160903 0.092455 0.202973 0.190831 0.352838
3 1 0.138579 0.061977 0.168553 0.329506 0.301385
3 1 0.078174 0.039180 0.125086 0.497050 0.260510
3 1 0.047269 0.019823 0.079139 0.724783 0.128986
3 1 0.027213 0.007484 0.039229 0.875294 0.050780
3 1 0.033042 0.008857 0.043554 0.859760 0.054787
3 1 0.041178 0.008631 0.046262 0.857474 0.046455
3 2 0.034883 0.006701 0.043578 0.877270 0.037568
3 2 0.022309 0.003383 0.029465 0.922076 0.022767
3 2 0.022700 0.003279 0.031025 0.921704 0.021292
3 2 0.033607 0.008588 0.087860 0.837720 0.032225
3 2 0.054815 0.014112 0.118991 0.765843 0.046239
3 2 0.055896 0.018695 0.129464 0.726424 0.069522
3 2 0.051140 0.015112 0.109189 0.764406 0.060152
3 2 0.049160 0.010726 0.095874 0.801987 0.042253
3 2 0.028018 0.005512 0.050612 0.884823 0.031034
3 2 0.018506 0.002564 0.024295 0.935831 0.018803
3 2 0.016224 0.002393 0.021435 0.940728 0.019220
3 2 0.023516 0.003391 0.024195 0.925045 0.023853
3 2 0.016093 0.001461 0.010739 0.958642 0.013064
3 2 0.017532 0.001572 0.012564 0.955316 0.013016
3 2 0.021739 0.001743 0.012803 0.950469 0.013246
3 2 0.016116 0.001840 0.013007 0.952619 0.016418
3 2 0.014687 0.001315 0.007743 0.962866 0.013388
3 3 0.013798 0.001441 0.008511 0.961221 0.015029
3 3 0.018437 0.001963 0.010459 0.951155 0.017986
3 3 0.022769 0.001958 0.011482 0.948188 0.015603
3 3 0.021631 0.001570 0.008819 0.954755 0.013225
3 3 0.030991 0.001307 0.006384 0.951579 0.009739
3 3 0.029854 0.002581 0.012315 0.936332 0.018917
3 3 0.029690 0.002606 0.010844 0.936787 0.020072
3 3 0.024838 0.002337 0.011553 0.942574 0.018698
3 3 0.035819 0.003293 0.015669 0.923579 0.021639
3 3 0.033662 0.002528 0.012269 0.934192 0.017349
3 3 0.032285 0.002717 0.013691 0.932598 0.018708
3 3 0.022515 0.001573 0.008856 0.954084 0.012973
3 3 0.029003 0.002246 0.012389 0.940327 0.016035
3 3 0.026680 0.001773 0.008634 0.948905 0.014008
3 3 0.032715 0.002105 0.009192 0.940591 0.015397
3 3 0.016217 0.001199 0.006386 0.964101 0.012097
3 3 0.018548 0.001503 0.009018 0.957519 0.013412
3 3 0.015631 0.001634 0.010898 0.956607 0.015231
3 3 0.017429 0.001469 0.009649 0.958336 0.013116
3 3 0.014129 0.000960 0.006227 0.968860 0.009824
3 3 0.014135 0.000944 0.006089 0.969143 0.009688
3 3 0.012011 0.000885 0.005575 0.971558 0.009971
3 3 0.013660 0.001108 0.008135 0.966145 0.010951
3 3 0.018427 0.001314 0.009414 0.959696 0.011149
3 3 0.032720 0.002428 0.013653 0.935093 0.016105
3 3 0.039382 0.002205 0.010991 0.933461 0.013961
3 3 0.032538 0.001763 0.006603 0.945299 0.013797
3 3 0.019936 0.001068 0.004725 0.963851 0.010421
3 3 0.016292 0.000916 0.005134 0.968450 0.009208
3 3 0.016623 0.001144 0.006743 0.964457 0.011033
3 3 0.023338 0.001558 0.007987 0.954078 0.013039
3 3 0.019809 0.001087 0.005867 0.963306 0.009932
3 3 0.018117 0.001065 0.005459 0.964990 0.010370
3 3 0.015842 0.000988 0.004833 0.967825 0.010512
3 3 0.016112 0.001213 0.007164 0.963674 0.011838
3 3 0.018080 0.001443 0.009381 0.958380 0.012716
3 3 0.017324 0.001312 0.009924 0.960166 0.011273
3 3 0.014172 0.001257 0.010819 0.962304 0.011448
3 3 0.013433 0.001024 0.007558 0.967753 0.010232
3 3 0.018409 0.001361 0.008459 0.959656 0.012115
3 3 0.019377 0.001393 0.008378 0.958651 0.012202
3 3 0.015400 0.001052 0.006532 0.966613 0.010403
3 3 0.012674 0.000776 0.005245 0.972940 0.008365
3 3 0.015829 0.000902 0.005439 0.968858 0.008971
3 3 0.025000 0.001608 0.007540 0.952473 0.013379
3 3 0.022970 0.001622 0.006619 0.954014 0.014775
3 3 0.020232 0.001594 0.007572 0.955901 0.014702
3 3 0.012527 0.001157 0.006603 0.966715 0.012998
3 3 0.015825 0.001337 0.007337 0.962074 0.013426
3 3 0.015206 0.001293 0.006877 0.963216 0.013409
3 3 0.014181 0.001155 0.005384 0.966202 0.013078
3 3 0.013937 0.001135 0.006181 0.966445 0.012301
3 3 0.016860 0.001437 0.007966 0.959879 0.013858
3 3 0.020675 0.001528 0.009999 0.955295 0.012502
3 3 0.028255 0.001830 0.010357 0.946259 0.013299
3 3 0.028745 0.002211 0.013886 0.939990 0.015168
3 3 0.031942 0.002915 0.017209 0.928938 0.018996
3 3 0.025757 0.002251 0.014464 0.941349 0.016178
3 3 0.025388 0.002514 0.013336 0.939455 0.019308
3 3 0.018182 0.001388 0.008472 0.959458 0.012500
3 3 0.013663 0.001138 0.007681 0.965964 0.011553
3 3 0.012368 0.001012 0.007874 0.968389 0.010357
3 3 0.012879 0.001139 0.008163 0.966144 0.011675
3 3 0.018947 0.001579 0.011066 0.955252 0.013156
3 3 0.020582 0.001934 0.010988 0.950077 0.016419
3 3 0.021156 0.001953 0.011507 0.949256 0.016128
3 3 0.014593 0.001467 0.008931 0.960296 0.014712
3 3 0.014521 0.001324 0.008298 0.962603 0.013255
3 3 0.015566 0.001393 0.008014 0.961189 0.013837
3 3 0.012233 0.001070 0.006795 0.968127 0.011776
3 3 0.015376 0.001976 0.014916 0.950176 0.017556
3 3 0.019611 0.002127 0.016733 0.945135 0.016394
3 3 0.032475 0.002834 0.024086 0.924473 0.016132
3 3 0.063131 0.004892 0.040247 0.872647 0.019083
3 3 0.105036 0.011480 0.074953 0.774711 0.033819
3 3 0.101449 0.013243 0.088587 0.758106 0.038616
3 3 0.061196 0.009404 0.068573 0.827985 0.032841
3 3 0.030105 0.004230 0.041669 0.901765 0.022231
3 3 0.024685 0.003284 0.024044 0.925595 0.022392
3 3 0.024237 0.003242 0.021867 0.927664 0.022991
3 3 0.060430 0.022290 0.120972 0.711311 0.084996
3 2 0.030244 0.009443 0.073778 0.835495 0.051040
3 2 0.024750 0.013318 0.146851 0.771318 0.043763
3 2 0.040986 0.033784 0.286169 0.549039 0.090023
3 2 0.034057 0.023365 0.197952 0.676771 0.067856
3 2 0.031514 0.042221 0.335364 0.498822 0.092079
2 2 0.031770 0.056062 0.404389 0.399877 0.107903
2 2 0.023976 0.058149 0.526674 0.311018 0.080183
2 1 0.019295 0.041040 0.440626 0.413472 0.085566
2 1 0.016491 0.032957 0.454626 0.425246 0.070681
2 1 0.026669 0.051312 0.478396 0.355691 0.087933
2 1 0.028590 0.062346 0.599542 0.242856 0.066666
2 1 0.042853 0.084394 0.537168 0.237705 0.097881
2 1 0.051614 0.103744 0.574596 0.146114 0.123931
2 1 0.058308 0.103162 0.419169 0.188671 0.230690
2 1 0.065691 0.096775 0.410809 0.187248 0.239477
2 1 0.056520 0.079378 0.319190 0.233011 0.311901
2 1 0.062049 0.094230 0.379080 0.192031 0.272609
4 1 0.060538 0.108059 0.144508 0.059254 0.627641
4 4 0.045804 0.094606 0.059367 0.026113 0.774110
4 4 0.034672 0.080584 0.046179 0.021635 0.816930
4 4 0.033420 0.075411 0.041874 0.027336 0.821958
4 4 0.052301 0.103377 0.068288 0.026227 0.749806
4 4 0.049619 0.097430 0.098090 0.045688 0.709173
4 4 0.072162 0.121847 0.103290 0.038283 0.664418
4 4 0.065621 0.113668 0.131832 0.052696 0.636182
4 4 0.076029 0.120339 0.088825 0.044478 0.670329
4 4 0.062489 0.105402 0.071564 0.046281 0.714264
4 4 0.041198 0.082132 0.048059 0.038656 0.789955
4 4 0.048153 0.093453 0.058570 0.034147 0.765677
4 4 0.049675 0.092259 0.072087 0.051071 0.734907
4 4 0.080848 0.107956 0.174755 0.141346 0.495094
4 4 0.076638 0.126799 0.149763 0.045639 0.601161
4 4 0.076919 0.114299 0.205568 0.096849 0.506365
4 4 0.078228 0.111782 0.152358 0.090675 0.566957
4 4 0.070158 0.089449 0.247465 0.222380 0.370548
4 4 0.049667 0.073105 0.266501 0.304569 0.306159
3 4 0.023103 0.036408 0.321963 0.513429 0.105097
3 4 0.026491 0.030765 0.279410 0.554925 0.108409
3 4 0.022573 0.026326 0.306449 0.570549 0.074104
3 4 0.023915 0.033773 0.402199 0.472199 0.067914
3 4 0.037722 0.047756 0.352001 0.449068 0.113453
3 4 0.027727 0.043962 0.345068 0.467890 0.115353
3 2 0.029160 0.038827 0.335041 0.478460 0.118512
3 2 0.023129 0.027653 0.277468 0.579405 0.092345
3 2 0.032641 0.030355 0.299233 0.557622 0.080148
3 2 0.028085 0.028658 0.263978 0.596329 0.082950
3 2 0.029396 0.024660 0.198085 0.665675 0.082184
3 2 0.021002 0.020636 0.152692 0.716524 0.089147
3 2 0.023175 0.020161 0.122519 0.718521 0.115623
3 2 0.021094 0.020490 0.163851 0.704608 0.089957
3 2 0.023931 0.029337 0.295719 0.561209 0.089804
3 2 0.019798 0.035358 0.431364 0.443371 0.070110
2 2 0.018100 0.040779 0.509798 0.362270 0.069053
3 2 0.016764 0.032084 0.388909 0.483269 0.078975
3 2 0.018067 0.029301 0.307395 0.557454 0.087783
3 2 0.019276 0.030120 0.314141 0.555060 0.081402
3 2 0.029269 0.021946 0.197923 0.680771 0.070091
3 2 0.029125 0.029783 0.286908 0.590026 0.064158
3 2 0.037436 0.030492 0.234768 0.613937 0.083368
3 2 0.020056 0.025065 0.252801 0.630983 0.071095
3 2 0.015911 0.015121 0.188744 0.728840 0.051385
3 2 0.015485 0.019172 0.282429 0.633305 0.049609
3 2 0.022318 0.018643 0.201252 0.692284 0.065503
3 2 0.018970 0.021433 0.252723 0.644050 0.062824
3 2 0.018159 0.015183 0.171974 0.733680 0.061003
3 2 0.021321 0.017044 0.198716 0.707797 0.055122
3 2 0.016335 0.010312 0.146466 0.785106 0.041782
3 2 0.018104 0.016417 0.224959 0.695167 0.045352
3 2 0.019270 0.013139 0.163990 0.755062 0.048538
3 2 0.017960 0.015440 0.202883 0.718343 0.045374
3 2 0.022540 0.012479 0.121175 0.789658 0.054148
3 2 0.019803 0.013466 0.146084 0.764989 0.055658
3 2 0.020194 0.013648 0.131469 0.775587 0.059102
3 2 0.023603 0.017243 0.157836 0.727062 0.074256
3 2 0.025861 0.015038 0.110648 0.769169 0.079283
3 2 0.017887 0.016358 0.181010 0.722515 0.062231
3 2 0.020003 0.012983 0.135690 0.767265 0.064060
3 2 0.018339 0.014323 0.149683 0.753343 0.064312
3 2 0.021378 0.010552 0.113885 0.800779 0.053405
3 2 0.022761 0.011464 0.102870 0.797370 0.065535
3 2 0.021317 0.010439 0.116583 0.799571 0.052089
3 2 0.018300 0.009004 0.105445 0.820924 0.046327
3 2 0.018387 0.008015 0.088065 0.842288 0.043246
3 2 0.017952 0.007772 0.079219 0.853001 0.042056
3 2 0.023238 0.009986 0.084571 0.831284 0.050921
3 2 0.029418 0.017017 0.140809 0.753859 0.058896
3 2 0.047922 0.018518 0.139536 0.724047 0.069976
3 2 0.101923 0.029940 0.151786 0.624748 0.091602
3 2 0.163983 0.038998 0.137644 0.538869 0.120506
3 2 0.260288 0.053815 0.115311 0.392604 0.177982
3 2 0.140396 0.029097 0.111012 0.614841 0.104654
3 2 0.092565 0.025668 0.118598 0.676324 0.086845
3 2 0.046185 0.017157 0.096941 0.762141 0.077577
3 2 0.027650 0.020782 0.203918 0.687820 0.059829
3 2 0.025358 0.018629 0.173562 0.728116 0.054335
3 2 0.019546 0.013650 0.142340 0.778119 0.046345
3 2 0.019691 0.007407 0.063583 0.859999 0.049320
3 2 0.026419 0.009293 0.068760 0.840564 0.054963
3 2 0.030431 0.007454 0.057465 0.863080 0.041571
3 2 0.044121 0.005788 0.043861 0.878610 0.027619
3 2 0.042973 0.005064 0.040575 0.887083 0.024305
3 2 0.072031 0.008732 0.058761 0.828199 0.032276
3 2 0.041608 0.014295 0.102181 0.788934 0.052982
3 2 0.031985 0.019080 0.140370 0.745308 0.063256
3 2 0.019510 0.015002 0.178571 0.737578 0.049339
3 2 0.019118 0.018536 0.233661 0.675434 0.053252
3 2 0.022330 0.014793 0.182377 0.732145 0.048353
3 2 0.027927 0.016975 0.193252 0.711444 0.050402
3 2 0.032821 0.012466 0.133842 0.776437 0.044433
3 2 0.028326 0.010468 0.106453 0.809588 0.045165
3 2 0.042373 0.012064 0.113559 0.791690 0.040315
3 2 0.072455 0.018184 0.158705 0.707973 0.042683
3 2 0.136130 0.018555 0.124279 0.681053 0.039983
3 2 0.172152 0.024778 0.155928 0.607248 0.039894
3 2 0.131172 0.018277 0.141321 0.674504 0.034726
3 2 0.090674 0.013928 0.117203 0.745018 0.033176
3 3 0.051815 0.012094 0.099422 0.799250 0.037419
3 3 0.039659 0.013929 0.109834 0.792137 0.044440
3 3 0.033597 0.014486 0.145723 0.763215 0.042978
2 3 0.045801 0.065622 0.553539 0.276006 0.059033
3 3 0.051922 0.035488 0.305592 0.549745 0.057253
3 3 0.046547 0.039955 0.340776 0.509369 0.063352
2 2 0.035498 0.068745 0.504752 0.301508 0.089497
3 2 0.032799 0.033229 0.346746 0.530885 0.056341
3 2 0.041002 0.027231 0.206791 0.655854 0.069122
3 2 0.037375 0.028846 0.269123 0.610255 0.054401
3 2 0.044842 0.034979 0.291352 0.560392 0.068435
3 2 0.039506 0.043393 0.353837 0.492617 0.070646
3 2 0.028216 0.038355 0.337953 0.518217 0.077259
3 2 0.026421 0.032622 0.263160 0.587052 0.090745
3 2 0.030049 0.033146 0.228106 0.614917 0.093782
3 2 0.031327 0.038837 0.280645 0.558910 0.090281
3 2 0.035026 0.051787 0.361186 0.458092 0.093909
3 2 0.033027 0.037267 0.294508 0.552680 0.082519
3 2 0.040516 0.035649 0.275607 0.559843 0.088385
3 2 0.031337 0.027437 0.271372 0.597563 0.072290
3 2 0.029617 0.024473 0.234879 0.639509 0.071522
3 2 0.021189 0.016787 0.201729 0.702004 0.058292
3 2 0.025045 0.013873 0.154166 0.742584 0.064332
3 2 0.026502 0.013300 0.118726 0.772442 0.069030
3 2 0.029706 0.010800 0.083205 0.818170 0.058119
3 2 0.042398 0.015928 0.110231 0.761167 0.070276
3 2 0.064839 0.020278 0.112881 0.726756 0.075247
3 2 0.085257 0.027135 0.143170 0.668764 0.075674
3 2 0.059723 0.023921 0.186108 0.672829 0.057419
3 2 0.042042 0.015806 0.118453 0.767242 0.056458
3 2 0.022788 0.013527 0.148013 0.761127 0.054546
3 2 0.028098 0.016396 0.137131 0.749052 0.069323
3 2 0.025644 0.018444 0.161264 0.719990 0.074658
3 2 0.024982 0.022731 0.200140 0.673502 0.078645
3 2 0.039382 0.029480 0.247725 0.595154 0.088259
3 2 0.030340 0.029129 0.364236 0.523602 0.052694
3 2 0.039143 0.032114 0.365875 0.505322 0.057545
3 2 0.035629 0.029039 0.283697 0.584939 0.066696
3 2 0.036574 0.025866 0.269183 0.599796 0.068581
3 2 0.030524 0.014906 0.146051 0.747193 0.061326
3 2 0.030755 0.010471 0.097002 0.810004 0.051768
3 2 0.032560 0.010778 0.086037 0.815958 0.054667
3 2 0.039078 0.015768 0.114297 0.761464 0.069393
3 2 0.032677 0.023738 0.182522 0.677957 0.083106
3 2 0.036883 0.030269 0.290058 0.573368 0.069422
3 2 0.047702 0.039362 0.345400 0.496855 0.070681
3 2 0.065997 0.042855 0.379885 0.456709 0.054554
3 2 0.092053 0.040215 0.290652 0.525541 0.051539
3 2 0.118167 0.041865 0.293889 0.496610 0.049470
3 2 0.113167 0.057700 0.344934 0.426147 0.058052
2 2 0.058365 0.067748 0.471353 0.340658 0.061876
2 2 0.037188 0.051135 0.439906 0.410107 0.061664
3 2 0.033443 0.036304 0.316336 0.536947 0.076968
3 2 0.043048 0.025757 0.175145 0.673954 0.082096
3 2 0.037338 0.028442 0.255739 0.609832 0.068649
3 2 0.038122 0.032840 0.301925 0.562299 0.064814
3 2 0.032641 0.034681 0.370623 0.505063 0.056992
3 2 0.030374 0.033655 0.362258 0.516048 0.057666
3 2 0.032938 0.036982 0.351926 0.511965 0.066189
3 2 0.025495 0.035891 0.354654 0.513509 0.070451
2 2 0.030411 0.053554 0.461834 0.374600 0.079600
2 2 0.032841 0.062235 0.478767 0.347998 0.078159
2 2 0.028664 0.065005 0.584536 0.260256 0.061540
2 2 0.025041 0.070637 0.691631 0.165540 0.047151
2 2 0.024495 0.068075 0.681819 0.176682 0.048928
2 2 0.017992 0.058826 0.713878 0.168614 0.040690
2 1 0.030317 0.062563 0.498992 0.336710 0.071418
3 1 0.039185 0.060202 0.393105 0.422198 0.085311
2 1 0.044856 0.083279 0.483735 0.306253 0.081878
2 1 0.050530 0.101462 0.489754 0.260579 0.097675
2 1 0.052969 0.093741 0.510001 0.248693 0.094596
2 1 0.042555 0.092817 0.603363 0.192118 0.069147
2 1 0.040165 0.106028 0.677729 0.115256 0.060822
2 1 0.069563 0.162288 0.563664 0.084223 0.120263
2 1 0.065907 0.158976 0.575562 0.083978 0.115577
2 1 0.080660 0.160586 0.470009 0.121431 0.167314
2 1 0.083805 0.148014 0.410245 0.149332 0.208604
2 1 0.085243 0.148926 0.380619 0.161204 0.224007
2 1 0.059987 0.156539 0.565076 0.093790 0.124607
2 1 0.055148 0.151161 0.600973 0.099229 0.093489
2 1 0.074876 0.169856 0.537470 0.102589 0.115209
2 1 0.071075 0.143152 0.552419 0.123884 0.109471
2 1 0.047546 0.118369 0.629044 0.117228 0.087813
2 1 0.037350 0.089389 0.624399 0.185604 0.063257
2 1 0.026012 0.072522 0.701315 0.154808 0.045342
2 1 0.021990 0.067875 0.720760 0.150374 0.039001
2 2 0.024041 0.080507 0.716667 0.137790 0.040995
2 2 0.039206 0.103794 0.613013 0.173907 0.070080
2 2 0.042771 0.111336 0.593148 0.158367 0.094378
2 2 0.045423 0.106020 0.579949 0.169986 0.098622
2 2 0.034255 0.090134 0.592967 0.197811 0.084833
2 2 0.018626 0.060005 0.626127 0.240181 0.055061
2 2 0.016505 0.038375 0.593608 0.306615 0.044897
2 2 0.016332 0.043464 0.674317 0.225245 0.040641
2 2 0.017875 0.042756 0.654750 0.242988 0.041632
2 2 0.014457 0.049539 0.726524 0.176067 0.033413
2 2 0.013605 0.054998 0.766387 0.134764 0.030246
2 2 0.016658 0.063614 0.759609 0.127919 0.032200
2 2 0.020643 0.069768 0.698803 0.166977 0.043809
2 2 0.020101 0.066035 0.663382 0.200712 0.049769
2 2 0.021582 0.063495 0.581745 0.268393 0.064785
2 2 0.026597 0.059614 0.474648 0.350392 0.088748
2 2 0.026803 0.059545 0.434317 0.382938 0.096398
2 2 0.028247 0.060493 0.418402 0.393614 0.099243
2 2 0.029264 0.060454 0.451120 0.363267 0.095895
2 2 0.029640 0.058665 0.449554 0.366477 0.095665
2 2 0.029590 0.054844 0.455637 0.367577 0.092351
3 2 0.059593 0.058442 0.378558 0.391891 0.111516
2 2 0.126858 0.085314 0.539763 0.173024 0.075042
0 2 0.389810 0.115012 0.209198 0.116794 0.169186
0 2 0.411766 0.112798 0.201665 0.100372 0.173398
2 2 0.235475 0.186801 0.286465 0.069364 0.221895
2 2 0.131083 0.203751 0.429732 0.072470 0.162964
2 2 0.079911 0.124550 0.378135 0.184395 0.233010
2 2 0.060885 0.091959 0.320156 0.304805 0.222195
2 2 0.029597 0.068916 0.491581 0.311397 0.098509
2 2 0.017318 0.053930 0.585339 0.283033 0.060380
2 2 0.011384 0.045746 0.676592 0.225191 0.041086
2 2 0.012803 0.043058 0.693130 0.214738 0.036272
2 2 0.012712 0.046459 0.686823 0.214438 0.039569
2 2 0.011448 0.049807 0.760669 0.148142 0.029933
2 2 0.015398 0.061194 0.757277 0.133984 0.032146
2 2 0.019354 0.075585 0.749220 0.109551 0.046290
2 2 0.036778 0.121959 0.693984 0.070661 0.076618
2 2 0.019779 0.071800 0.663321 0.195964 0.049135
2 2 0.022748 0.061777 0.601150 0.257351 0.056974
2 2 0.024595 0.061447 0.618045 0.235082 0.060831
2 2 0.020114 0.051653 0.594727 0.271883 0.061622
2 2 0.015628 0.053826 0.684217 0.202455 0.043875
2 2 0.021775 0.056329 0.637763 0.228384 0.055749
2 2 0.018458 0.052313 0.639936 0.236292 0.053001
2 2 0.018370 0.049033 0.617112 0.258952 0.056533
2 2 0.024214 0.050203 0.468008 0.370216 0.087359
2 2 0.027951 0.051189 0.451147 0.375322 0.094391
2 2 0.023226 0.054936 0.562104 0.289963 0.069772
2 2 0.019286 0.046717 0.615941 0.260516 0.057541
2 2 0.013487 0.035394 0.552183 0.343763 0.055172
2 2 0.011985 0.032395 0.562151 0.343180 0.050289
3 2 0.018154 0.032764 0.403697 0.472099 0.073286
2 2 0.017101 0.030870 0.450698 0.438399 0.062932
3 2 0.022787 0.027339 0.310584 0.557405 0.081885
3 2 0.024329 0.021653 0.245685 0.633093 0.075240
3 2 0.023774 0.023589 0.285654 0.601821 0.065163
3 2 0.020778 0.028899 0.376343 0.509478 0.064502
3 2 0.018421 0.020661 0.308117 0.602159 0.050642
3 2 0.014974 0.018420 0.321582 0.602177 0.042848
3 2 0.016805 0.013881 0.202908 0.718393 0.048013
3 2 0.014972 0.013306 0.186406 0.737845 0.047471
3 2 0.016522 0.012490 0.168751 0.752656 0.049582
3 2 0.015569 0.010813 0.133953 0.787693 0.051971
3 2 0.014865 0.007553 0.099809 0.835822 0.041950
3 2 0.014811 0.007987 0.102369 0.827307 0.047526
3 2 0.016002 0.007711 0.098833 0.832686 0.044769
3 2 0.017317 0.010952 0.122743 0.794367 0.054620
3 2 0.017810 0.010153 0.102204 0.812559 0.057273
3 2 0.016013 0.007222 0.067517 0.857530 0.051718
3 2 0.013623 0.004373 0.051324 0.897693 0.032987
3 2 0.015308 0.006020 0.070981 0.866396 0.041295
3 2 0.019742 0.007914 0.074457 0.847473 0.050415
3 2 0.016701 0.007748 0.089103 0.839331 0.047118
3 2 0.018727 0.008635 0.085520 0.832911 0.054207
3 2 0.023586 0.011022 0.099329 0.803736 0.062328
3 2 0.020707 0.006531 0.053187 0.875677 0.043899
3 2 0.018606 0.005507 0.045684 0.890715 0.039487
3 2 0.016109 0.004755 0.042295 0.900605 0.036236
3 2 0.013602 0.004297 0.047531 0.901355 0.033215
3 2 0.012220 0.004251 0.049159 0.900248 0.034122
3 2 0.012485 0.004511 0.042218 0.902316 0.038470
3 2 0.016706 0.006162 0.051649 0.879613 0.045871
3 2 0.015826 0.005357 0.038243 0.896516 0.044058
3 2 0.013141 0.003212 0.027216 0.927886 0.028545
3 2 0.009180 0.002068 0.021487 0.946115 0.021150
3 2 0.009381 0.001991 0.021782 0.947004 0.019842
3 2 0.011233 0.002524 0.023166 0.939046 0.024031
3 2 0.010544 0.002307 0.021292 0.943069 0.022788
3 2 0.008959 0.002049 0.021874 0.946095 0.021024
3 3 0.010733 0.003081 0.030343 0.927045 0.028798
3 3 0.016974 0.003544 0.028846 0.922728 0.027907
3 3 0.013223 0.002526 0.025097 0.937589 0.021565
3 3 0.015117 0.002207 0.020597 0.943878 0.018202
3 3 0.015643 0.002057 0.018400 0.946885 0.017015
3 3 0.012311 0.002133 0.016689 0.948070 0.020796
3 3 0.008842 0.001440 0.016738 0.958184 0.014797
3 3 0.008135 0.001510 0.014959 0.958345 0.017051
3 3 0.010098 0.001745 0.016121 0.954073 0.017963
3 3 0.012639 0.001995 0.017636 0.949253 0.018477
3 3 0.015801 0.002369 0.018842 0.942869 0.020118
3 3 0.016848 0.002769 0.021816 0.935979 0.022588
3 3 0.014892 0.002718 0.021448 0.937341 0.023601
3 3 0.014166 0.002615 0.022168 0.938295 0.022756
3 3 0.011658 0.002102 0.017241 0.948273 0.020726
3 3 0.029998 0.004046 0.032666 0.909552 0.023738
3 3 0.088917 0.010180 0.059064 0.806935 0.034904
3 3 0.200640 0.019975 0.077699 0.653174 0.048512
3 3 0.153386 0.029804 0.153889 0.606617 0.056304
3 3 0.073567 0.032011 0.215501 0.622528 0.056392
3 3 0.043125 0.017892 0.143715 0.745575 0.049693
3 3 0.028277 0.005165 0.046465 0.890744 0.029349
3 2 0.067731 0.012497 0.076267 0.794624 0.048881
3 2 0.189350 0.035079 0.140141 0.541661 0.093770
3 2 0.093255 0.020361 0.105914 0.713715 0.066755
3 2 0.052640 0.017436 0.112613 0.750282 0.067030
3 2 0.059652 0.025466 0.171329 0.672040 0.071513
3 2 0.045908 0.039023 0.288584 0.538319 0.088165
4 2 0.096415 0.116295 0.309761 0.132796 0.344732
4 2 0.081980 0.127223 0.144268 0.054605 0.591924
4 4 0.047445 0.095648 0.065243 0.030414 0.761250
4 4 0.043360 0.088492 0.063121 0.036497 0.768530
4 4 0.046051 0.097781 0.062332 0.021954 0.771881
4 4 0.041150 0.090628 0.055353 0.021837 0.791032
4 4 0.035273 0.093817 0.057886 0.009337 0.803688
4 4 0.027438 0.074414 0.040695 0.013053 0.844400
4 4 0.031161 0.086782 0.051311 0.008883 0.821862
4 4 0.025276 0.070011 0.037118 0.013240 0.854356
4 4 0.025733 0.068353 0.035864 0.016438 0.853613
4 4 0.027105 0.059050 0.031354 0.019768 0.862722
4 4 0.065818 0.071561 0.049006 0.064053 0.749562
4 4 0.153868 0.115567 0.114025 0.059188 0.557353
4 4 0.146248 0.186180 0.197252 0.025389 0.444930
4 4 0.148655 0.180889 0.188440 0.032956 0.449060
4 4 0.158832 0.186063 0.201605 0.032389 0.421110
4 4 0.095436 0.145092 0.121201 0.032788 0.605483
4 4 0.064470 0.114391 0.080804 0.032457 0.707878
4 4 0.031493 0.073545 0.040249 0.024801 0.829911
4 4 0.024671 0.064661 0.033039 0.019034 0.858594
4 4 0.024586 0.064299 0.032768 0.019382 0.858966
4 4 0.031527 0.074943 0.041358 0.022345 0.829827
4 4 0.017165 0.051153 0.023277 0.016024 0.892382
4 4 0.019470 0.054577 0.025653 0.018777 0.881523
4 4 0.018411 0.054361 0.025460 0.015174 0.886593
4 4 0.051635 0.105247 0.070051 0.022394 0.750673
4 4 0.094098 0.148936 0.125951 0.026384 0.604631
4 4 0.176681 0.198066 0.234345 0.025996 0.364912
4 4 0.158028 0.185770 0.200742 0.032314 0.423146
4 4 0.118574 0.160292 0.146912 0.036758 0.537464
4 4 0.047952 0.097334 0.062095 0.026526 0.766094
4 4 0.019326 0.053238 0.024751 0.020983 0.881701
4 4 0.022517 0.060001 0.029556 0.020017 0.867910
4 4 0.028609 0.072487 0.039225 0.018156 0.841522
4 4 0.049777 0.102364 0.067050 0.022839 0.757969
4 4 0.069332 0.124570 0.092416 0.025659 0.688022
4 4 0.084578 0.134091 0.105695 0.034493 0.641143
4 4 0.089562 0.134486 0.107078 0.041598 0.627275
4 4 0.082309 0.126935 0.097100 0.043361 0.650295
4 4 0.080405 0.141414 0.159591 0.058126 0.560464
4 4 0.106913 0.198860 0.290000 0.044408 0.359820
4 4 0.075263 0.119299 0.087595 0.045081 0.672762
4 4 0.051334 0.096693 0.061878 0.035994 0.754101
4 4 0.046970 0.093771 0.058726 0.030381 0.770153
4 4 0.040196 0.086514 0.051655 0.026075 0.795560
4 4 0.043943 0.091187 0.056101 0.027441 0.781328
4 4 0.047123 0.092412 0.057523 0.033470 0.769471
4 4 0.056364 0.103832 0.069199 0.034219 0.736386
4 4 0.056469 0.104649 0.070002 0.032931 0.735948
4 4 0.055499 0.103734 0.068998 0.032417 0.739352
4 4 0.055017 0.103327 0.068548 0.032066 0.741042
4 4 0.051546 0.099891 0.064872 0.030307 0.753384
4 4 0.032854 0.074765 0.041317 0.026799 0.824265
4 4 0.017078 0.049594 0.022263 0.018734 0.892332
4 4 0.012923 0.042963 0.017981 0.013082 0.913052
4 4 0.012689 0.044077 0.018651 0.010430 0.914152
4 4 0.013742 0.045439 0.019517 0.012316 0.908986
4 4 0.014279 0.045150 0.019356 0.015048 0.906168
4 4 0.013797 0.045255 0.019405 0.012827 0.908716
4 4 0.020204 0.057842 0.027925 0.015696 0.878333
4 4 0.018138 0.053398 0.024801 0.015798 0.887865
4 4 0.019246 0.054814 0.025803 0.017445 0.882692
4 4 0.012969 0.044123 0.018686 0.011389 0.912833
4 4 0.012625 0.043359 0.018212 0.011226 0.914578
4 4 0.009325 0.035111 0.013374 0.010295 0.931894
4 4 0.009623 0.034312 0.012947 0.013450 0.929669
4 4 0.011022 0.037168 0.014557 0.015221 0.922033
4 4 0.016245 0.048462 0.021503 0.017317 0.896473
4 4 0.022610 0.060869 0.030177 0.018748 0.867596
4 4 0.018420 0.054971 0.025874 0.014257 0.886479
4 4 0.029183 0.074795 0.041091 0.016410 0.838520
4 4 0.032419 0.084244 0.049147 0.012573 0.821616
4 4 0.067456 0.122931 0.090347 0.025031 0.694235
4 4 0.081827 0.133179 0.104154 0.031854 0.648987
4 4 0.092856 0.137321 0.111084 0.041686 0.617053
4 4 0.083205 0.126032 0.096270 0.046955 0.647538
4 2 0.065981 0.114808 0.081447 0.034682 0.703082
4 2 0.035036 0.079636 0.045421 0.024187 0.815720
4 2 0.037595 0.087499 0.052306 0.018578 0.804023
4 2 0.063788 0.125209 0.092464 0.017925 0.700614
4 2 0.103305 0.157075 0.138850 0.026124 0.574646
4 2 0.121521 0.165617 0.155490 0.032174 0.525198
4 1 0.098017 0.149996 0.128099 0.029223 0.594665
4 1 0.070943 0.124624 0.092696 0.027950 0.683786
4 1 0.044461 0.098624 0.062995 0.018076 0.775845
4 1 0.040308 0.091496 0.056067 0.018966 0.793163
4 1 0.058751 0.114424 0.080137 0.022578 0.724110
4 1 0.080736 0.136476 0.107917 0.026035 0.648836
4 1 0.127918 0.173779 0.169985 0.027426 0.500891
4 1 0.143978 0.183089 0.190792 0.027437 0.454704
4 1 0.144754 0.179705 0.185044 0.031925 0.458572
4 1 0.125427 0.165929 0.156990 0.035236 0.516418
4 1 0.100510 0.145361 0.122575 0.038880 0.592674
4 1 0.102289 0.145732 0.123432 0.040654 0.587892
4 1 0.097914 0.141137 0.116749 0.042500 0.601700
4 1 0.086502 0.132294 0.103944 0.040562 0.636698
4 1 0.076213 0.124871 0.093764 0.036141 0.669011
4 1 0.075667 0.125058 0.093882 0.034882 0.670512
4 1 0.087177 0.134054 0.106119 0.038536 0.634114
4 2 0.103217 0.146699 0.124871 0.040263 0.584951
4 2 0.110840 0.160970 0.173153 0.047635 0.507402
4 2 0.094707 0.165719 0.322253 0.069852 0.347469
2 2 0.074972 0.159518 0.399467 0.068732 0.297311
2 2 0.070902 0.154148 0.387201 0.070250 0.317499
4 2 0.086380 0.131787 0.167464 0.054664 0.559705
4 2 0.073914 0.123184 0.103790 0.038728 0.660383
4 1 0.059060 0.108308 0.073921 0.032016 0.726695
4 1 0.058053 0.105575 0.071102 0.034792 0.730477
4 1 0.061636 0.109367 0.075314 0.035604 0.718079
4 1 0.068582 0.116024 0.083088 0.037694 0.694612
4 1 0.072676 0.121274 0.089275 0.036055 0.680721
4 1 0.090557 0.138434 0.111977 0.036342 0.622690
4 1 0.105550 0.159666 0.143007 0.025299 0.566477
4 0 0.134489 0.178167 0.179179 0.027031 0.481133
4 0 0.156765 0.196809 0.225634 0.017237 0.403555
4 0 0.167537 0.179027 0.196681 0.036167 0.420588
4 1 0.186769 0.165492 0.184468 0.057341 0.405931
4 1 0.143870 0.170197 0.169084 0.045370 0.471478
4 1 0.144780 0.170526 0.169901 0.045622 0.469171
2 1 0.146902 0.228454 0.292016 0.046216 0.286412
2 1 0.085001 0.220826 0.512585 0.039894 0.141694
2 2 0.065247 0.194621 0.583743 0.041408 0.114981
2 2 0.062697 0.170699 0.587509 0.054988 0.124107
2 2 0.067163 0.177300 0.565573 0.054637 0.135327
2 2 0.064903 0.187050 0.584242 0.042558 0.121247
2 2 0.073599 0.200456 0.539604 0.044870 0.141471
2 2 0.081405 0.213623 0.518585 0.040949 0.145438
2 2 0.092223 0.222493 0.451716 0.041044 0.192524
2 2 0.074505 0.209296 0.506595 0.035352 0.174252
2 2 0.059424 0.183012 0.581798 0.041628 0.134137
2 2 0.056509 0.171975 0.627316 0.040198 0.104002
2 2 0.054449 0.171973 0.635437 0.040499 0.097642
2 2 0.051088 0.169234 0.657692 0.039389 0.082597
2 2 0.048239 0.170996 0.663309 0.035301 0.082154
2 2 0.045194 0.163927 0.675608 0.034834 0.080436
2 2 0.042002 0.157521 0.679042 0.038520 0.082915
2 2 0.050926 0.164811 0.633810 0.044631 0.105822
2 2 0.047813 0.156506 0.622033 0.057426 0.116221
2 2 0.051998 0.151756 0.596708 0.068138 0.131401
2 2 0.047041 0.146493 0.601938 0.064613 0.139915
2 2 0.044845 0.137945 0.627885 0.063372 0.125954
2 2 0.052956 0.162387 0.564785 0.052684 0.167188
2 2 0.057611 0.178516 0.531144 0.044621 0.188107
2 2 0.071302 0.185070 0.455784 0.057801 0.230042
2 2 0.058207 0.181659 0.572447 0.047137 0.140550
2 2 0.049033 0.155668 0.622562 0.063082 0.109655
2 2 0.034321 0.128185 0.714091 0.057460 0.065943
2 2 0.034187 0.115556 0.712164 0.070028 0.068065
2 2 0.028432 0.106167 0.762577 0.053501 0.049324
2 2 0.038502 0.123235 0.681396 0.074528 0.082338
2 2 0.032649 0.107993 0.717403 0.075026 0.066929
2 2 0.042727 0.121201 0.671937 0.083048 0.081085
2 2 0.047325 0.130980 0.685121 0.064939 0.071635
2 2 0.038361 0.132310 0.703992 0.059043 0.066295
2 2 0.033105 0.112344 0.715623 0.080448 0.058479
2 2 0.024647 0.088460 0.725294 0.109544 0.052055
2 2 0.024165 0.085794 0.733958 0.105150 0.050934
2 2 0.023094 0.084029 0.757098 0.102429 0.033350
2 2 0.090504 0.231760 0.501711 0.066182 0.109843
2 2 0.053949 0.152174 0.644260 0.100374 0.049243
2 2 0.036419 0.113209 0.690682 0.110365 0.049324
2 2 0.034711 0.129091 0.719826 0.047533 0.068839
2 2 0.026762 0.100521 0.738555 0.083905 0.050256
2 2 0.030393 0.099442 0.720385 0.094012 0.055768
2 2 0.033750 0.101900 0.692475 0.104678 0.067196
2 2 0.034677 0.111919 0.727041 0.071905 0.054460
2 2 0.038127 0.126519 0.720852 0.074476 0.040026
2 2 0.163199 0.227273 0.348264 0.094996 0.166269
2 2 0.224382 0.193565 0.294395 0.087020 0.200639
0 2 0.264490 0.172454 0.254922 0.076548 0.231586
2 2 0.182410 0.215047 0.285064 0.050861 0.266618
4 2 0.183526 0.206073 0.257452 0.037314 0.315636
4 2 0.162704 0.214259 0.264013 0.026934 0.332089
2 2 0.134658 0.239266 0.310428 0.029519 0.286129
2 2 0.110482 0.235862 0.406825 0.041851 0.204979
2 2 0.068323 0.181437 0.547406 0.061983 0.140852
2 2 0.046226 0.139587 0.656211 0.068517 0.089459
2 2 0.058156 0.169772 0.629131 0.041740 0.101201
2 2 0.105861 0.242762 0.435838 0.039893 0.175645
2 2 0.152955 0.234381 0.316925 0.039200 0.256538
2 2 0.131973 0.251748 0.362615 0.041630 0.212034
2 2 0.096850 0.273846 0.439823 0.043150 0.146331
2 2 0.054633 0.178351 0.640742 0.048265 0.078009
2 2 0.054922 0.139019 0.589633 0.088524 0.127902
2 2 0.044652 0.107416 0.618742 0.121132 0.108058
2 2 0.032782 0.098585 0.685933 0.101445 0.081255
2 2 0.031815 0.090867 0.695308 0.117487 0.064523
2 2 0.039744 0.108466 0.665383 0.106815 0.079592
2 2 0.035359 0.106087 0.674407 0.103030 0.081117
2 2 0.042267 0.105294 0.583782 0.156545 0.112112
2 2 0.036284 0.105013 0.655016 0.117181 0.086505
2 2 0.047466 0.132906 0.575918 0.096123 0.147586
2 2 0.047251 0.135474 0.595842 0.091757 0.129676
2 2 0.050173 0.156145 0.590300 0.061854 0.141528
2 2 0.057235 0.163491 0.556263 0.060517 0.162494
2 2 0.064775 0.184832 0.559687 0.046357 0.144349
2 2 0.101894 0.222069 0.411824 0.050307 0.213906
2 2 0.114625 0.242272 0.422116 0.046880 0.174107
2 2 0.145587 0.239921 0.328204 0.037801 0.248488
2 1 0.138181 0.244229 0.333668 0.033727 0.250194
2 1 0.137784 0.242786 0.326767 0.030829 0.261834
2 1 0.130513 0.237233 0.300169 0.035783 0.296302
4 1 0.129022 0.220033 0.254892 0.043548 0.352505
4 1 0.142939 0.207030 0.234898 0.036870 0.378262
4 2 0.166843 0.201433 0.236285 0.028869 0.366570
4 2 0.173842 0.198433 0.233804 0.024605 0.369316
4 2 0.175826 0.198180 0.234186 0.025570 0.366238
4 2 0.186362 0.196567 0.235861 0.031257 0.349953
4 2 0.189706 0.195957 0.236264 0.033279 0.344794
4 2 0.179674 0.204082 0.249742 0.033117 0.333385
4 2 0.157291 0.225056 0.289356 0.032970 0.295326
2 2 0.117805 0.260869 0.376277 0.033388 0.211661
2 2 0.108232 0.267667 0.392306 0.030982 0.200813
2 2 0.085071 0.261943 0.472282 0.034886 0.145819
2 2 0.065440 0.208127 0.583967 0.046717 0.095749
2 2 0.054935 0.188844 0.630448 0.050823 0.074950
2 2 0.058531 0.174505 0.633450 0.053396 0.080119
2 2 0.061092 0.187876 0.611029 0.045566 0.094438
2 2 0.063533 0.186400 0.564493 0.053066 0.132508
2 2 0.073085 0.205282 0.537625 0.042972 0.141035
2 2 0.064692 0.208448 0.577808 0.033900 0.115151
2 2 0.110341 0.255333 0.409181 0.037165 0.187980
2 2 0.089982 0.251963 0.467320 0.035748 0.154987
2 2 0.061969 0.215599 0.582773 0.036998 0.102661
2 2 0.028669 0.139459 0.752896 0.032449 0.046528
2 2 0.034604 0.132781 0.708373 0.055668 0.068574
2 2 0.037230 0.132642 0.704898 0.053991 0.071240
2 2 0.051534 0.166448 0.648641 0.039595 0.093782
2 2 0.058378 0.188542 0.618556 0.039136 0.095389
2 2 0.051997 0.213146 0.614043 0.035184 0.085631
2 2 0.052104 0.217689 0.611578 0.040546 0.078081
2 2 0.059318 0.225550 0.585502 0.047900 0.081730
2 2 0.073272 0.232011 0.542344 0.048983 0.103391
2 2 0.071091 0.205073 0.572144 0.050588 0.101104
2 2 0.048035 0.166586 0.668360 0.036447 0.080572
2 2 0.042895 0.128144 0.684471 0.057870 0.086620
2 2 0.040701 0.123734 0.689687 0.059822 0.086056
2 2 0.036500 0.117038 0.708194 0.054989 0.083278
2 2 0.039256 0.119539 0.678475 0.074608 0.088123
2 2 0.034905 0.114421 0.706485 0.068198 0.075991
2 2 0.029088 0.101101 0.708467 0.088211 0.073133
2 2 0.023804 0.085712 0.725703 0.103130 0.061651
2 2 0.026742 0.079032 0.656726 0.160397 0.077103
2 2 0.030069 0.084780 0.655924 0.145900 0.083327
2 2 0.031331 0.094360 0.676975 0.108336 0.088999
2 2 0.041017 0.114624 0.640054 0.099891 0.104414
2 2 0.037798 0.105181 0.686821 0.097370 0.072830
2 2 0.039134 0.118748 0.662410 0.081551 0.098158
2 2 0.032639 0.098772 0.683086 0.097203 0.088300
2 2 0.036726 0.095542 0.627085 0.135252 0.105395
2 2 0.032437 0.081019 0.726573 0.118674 0.041297
2 2 0.114744 0.091347 0.568283 0.175812 0.049814
2 2 0.284474 0.123058 0.336693 0.154905 0.100870
0 2 0.359195 0.133072 0.218387 0.072498 0.216848
4 2 0.265754 0.167375 0.233861 0.051821 0.281188
4 2 0.199987 0.191013 0.236329 0.033221 0.339450
4 2 0.130885 0.200063 0.220380 0.009892 0.438781
4 2 0.090885 0.165197 0.155038 0.007120 0.581760
0 0 0.344733 0.126767 0.219262 0.016468 0.292770
0 0 0.614315 0.061032 0.153801 0.057409 0.113443
0 0 0.809905 0.017599 0.070728 0.070536 0.031231
0 0 0.753929 0.028342 0.096071 0.071200 0.050458
0 0 0.750341 0.032113 0.106016 0.048527 0.063003
0 0 0.618263 0.059558 0.151074 0.062720 0.108385
0 0 0.521073 0.084581 0.182265 0.058741 0.153340
0 0 0.329167 0.143253 0.225947 0.050604 0.251029
4 0 0.177755 0.196989 0.234175 0.025261 0.365821
4 0 0.112273 0.162855 0.149125 0.027534 0.548214
4 1 0.091778 0.144256 0.119445 0.029534 0.614987
4 1 0.090487 0.140502 0.114496 0.033085 0.621430
4 1 0.079828 0.130279 0.100451 0.033245 0.656198
4 1 0.082000 0.133197 0.104204 0.032076 0.648522
4 1 0.097880 0.150640 0.128932 0.028285 0.594263
4 1 0.097127 0.149137 0.126786 0.029341 0.597609
4 1 0.093419 0.149306 0.126320 0.025283 0.605671
4 1 0.090830 0.146136 0.121695 0.026182 0.615158
4 1 0.101808 0.153535 0.133629 0.028792 0.582235
4 1 0.100015 0.149035 0.127226 0.032709 0.591014
4 1 0.141269 0.170391 0.168537 0.042712 0.477092
2 1 0.092330 0.231062 0.316309 0.048802 0.311496
4 1 0.141530 0.203528 0.227030 0.031691 0.396221
4 1 0.024354 0.070145 0.037184 0.011179 0.857139
4 4 0.020294 0.068477 0.035767 0.005895 0.869567
4 4 0.022925 0.080207 0.045354 0.003834 0.847680
4 4 0.096982 0.141268 0.126604 0.015368 0.619778
4 4 0.151915 0.153226 0.164850 0.021092 0.508917
4 4 0.110224 0.156571 0.147162 0.017902 0.568140
4 4 0.059216 0.123091 0.090780 0.012740 0.714172
4 4 0.017484 0.056822 0.027119 0.009397 0.889178
4 4 0.012655 0.044268 0.018767 0.010052 0.914258
4 4 0.017274 0.055707 0.026341 0.010024 0.890655
4 4 0.035472 0.087836 0.052464 0.014267 0.809961
4 4 0.039392 0.102110 0.066033 0.008827 0.783638
4 4 0.034381 0.091712 0.055899 0.009627 0.808381
4 4 0.049775 0.096937 0.070077 0.007433 0.775779
4 4 0.111100 0.105741 0.096273 0.024918 0.661968
4 4 0.304630 0.119427 0.172478 0.046904 0.356561
0 4 0.327306 0.143299 0.226439 0.045271 0.257686
4 4 0.266633 0.160828 0.228337 0.036067 0.308134
4 4 0.120350 0.172823 0.166455 0.023239 0.517134
4 4 0.034286 0.082067 0.047395 0.018563 0.817690
4 4 0.017529 0.053589 0.024906 0.013386 0.890590
4 4 0.007327 0.030571 0.010928 0.008048 0.943126
4 4 0.008297 0.032603 0.012004 0.009518 0.937578
4 4 0.010680 0.039169 0.015686 0.009832 0.924634
4 4 0.015474 0.051305 0.023321 0.010117 0.899783
4 4 0.040764 0.100250 0.064840 0.010371 0.783774
4 4 0.062044 0.130760 0.098720 0.012153 0.696323
4 4 0.130119 0.168443 0.173791 0.015749 0.511899
4 4 0.057547 0.124414 0.090938 0.012315 0.714786
4 4 0.046705 0.112608 0.077171 0.009780 0.753736
4 4 0.021759 0.067658 0.035172 0.008558 0.866853
4 4 0.021343 0.066374 0.034181 0.008831 0.869271
4 4 0.014694 0.051629 0.023517 0.007800 0.902360
4 4 0.006219 0.029191 0.010215 0.005138 0.949237
4 4 0.004784 0.025472 0.008386 0.003584 0.957775
4 4 0.009063 0.039413 0.015809 0.004639 0.931076
4 4 0.019140 0.060301 0.029947 0.008643 0.881970
4 4 0.053266 0.102917 0.071391 0.016088 0.756339
4 4 0.041186 0.095626 0.059924 0.015902 0.787361
4 4 0.039109 0.090346 0.054942 0.018067 0.797536
4 4 0.013857 0.043799 0.018517 0.015768 0.908059
4 4 0.022384 0.059245 0.029016 0.021003 0.868351
4 4 0.023482 0.063586 0.032186 0.017062 0.863684
4 4 0.028132 0.072834 0.039471 0.016458 0.843105
4 4 0.030072 0.077851 0.043624 0.014688 0.833764
4 4 0.054948 0.115923 0.081343 0.015932 0.731854
4 4 0.121616 0.180347 0.179413 0.017676 0.500948
4 4 0.190298 0.190732 0.234448 0.024989 0.359533
4 4 0.202170 0.193239 0.237193 0.041900 0.325498
4 4 0.193901 0.195122 0.236680 0.035980 0.338317
4 4 0.198420 0.194133 0.237012 0.039112 0.331323
4 4 0.188477 0.196187 0.236123 0.032523 0.346690
4 4 0.193589 0.195187 0.236652 0.035772 0.338799
4 4 0.217644 0.186556 0.236974 0.043836 0.314989
4 1 0.200916 0.193846 0.239636 0.039811 0.325790
0 1 0.375099 0.127949 0.216776 0.062607 0.217568
0 1 0.436876 0.108370 0.203431 0.062730 0.188593
0 1 0.365019 0.129780 0.220349 0.039852 0.245000
4 1 0.148267 0.190107 0.222170 0.009583 0.429873
4 1 0.153034 0.193951 0.215060 0.021085 0.416870
4 1 0.145112 0.186956 0.198331 0.024020 0.445581
4 1 0.083129 0.171664 0.311957 0.067179 0.366070
2 1 0.086253 0.177551 0.393079 0.065768 0.277349
2 1 0.120392 0.213322 0.362156 0.041593 0.262538
2 1 0.106568 0.219027 0.354071 0.037664 0.282669
2 1 0.098598 0.213948 0.381925 0.041674 0.263855
4 2 0.075882 0.161169 0.262536 0.047999 0.452413
4 2 0.064861 0.146988 0.296874 0.055219 0.436059
4 2 0.067153 0.131087 0.294322 0.052257 0.455181
2 2 0.060102 0.136632 0.385521 0.068840 0.348905
2 2 0.072468 0.146501 0.369270 0.074718 0.337043
4 2 0.070008 0.121662 0.173568 0.047838 0.586924
4 2 0.067176 0.128141 0.148855 0.026450 0.629377
4 2 0.088955 0.147131 0.122672 0.023193 0.618049
4 2 0.119598 0.169153 0.160431 0.026427 0.524392
4 1 0.131246 0.168262 0.162171 0.037111 0.501210
4 1 0.139756 0.170200 0.167754 0.047589 0.474700
4 1 0.087897 0.173123 0.322562 0.060867 0.355551
4 1 0.076347 0.157828 0.328708 0.061554 0.375563
4 1 0.075605 0.147650 0.287840 0.069101 0.419805
4 1 0.063645 0.144514 0.350466 0.071874 0.369501
2 1 0.053763 0.130636 0.422985 0.089354 0.303262
2 1 0.037699 0.111538 0.554174 0.111042 0.185548
2 1 0.036083 0.104913 0.602281 0.123965 0.132758
2 2 0.033169 0.100438 0.624375 0.124331 0.117687
2 2 0.039132 0.110359 0.597131 0.120854 0.132524
2 2 0.045215 0.117175 0.584552 0.101644 0.151414
2 2 0.046378 0.121481 0.580229 0.091611 0.160302
2 2 0.044812 0.115943 0.583201 0.100172 0.155872
2 2 0.050666 0.121491 0.539956 0.105909 0.181978
2 2 0.044321 0.111968 0.542662 0.108217 0.192832
2 2 0.040877 0.114114 0.575906 0.094802 0.174301
2 3 0.042854 0.117155 0.547335 0.102663 0.189993
2 3 0.035157 0.098680 0.627832 0.124733 0.113597
2 3 0.028003 0.083041 0.638469 0.159272 0.091215
