0 0 0.825779 0.034198 0.017015 0.014006 0.109002
0 0 0.914294 0.013549 0.005105 0.004284 0.062769
0 0 0.914700 0.013463 0.005063 0.004251 0.062523
0 0 0.872174 0.022929 0.010128 0.008139 0.086629
0 0 0.845812 0.025567 0.010391 0.005967 0.112263
0 0 0.830466 0.030762 0.013895 0.008959 0.115919
0 0 0.836516 0.031479 0.015345 0.012100 0.104561
0 0 0.669392 0.075189 0.048855 0.040473 0.166091
0 0 0.572378 0.102153 0.076703 0.053718 0.195048
0 0 0.536670 0.112144 0.088050 0.060486 0.202652
0 0 0.406036 0.142601 0.102918 0.036973 0.311472
4 0 0.282789 0.167610 0.116932 0.025040 0.407629
4 0 0.334452 0.159766 0.115803 0.032743 0.357236
4 0 0.328670 0.165055 0.125862 0.039115 0.341298
0 0 0.344231 0.166741 0.142927 0.062496 0.283605
0 0 0.429440 0.141989 0.126620 0.084014 0.217936
0 0 0.503273 0.115432 0.086102 0.110900 0.184292
0 0 0.507846 0.109064 0.076948 0.135565 0.170577
0 0 0.482952 0.120905 0.092678 0.115696 0.187769
0 0 0.522778 0.114865 0.089126 0.075422 0.197808
0 0 0.631969 0.085614 0.059604 0.042310 0.180503
0 0 0.697141 0.067757 0.043020 0.031314 0.160769
0 0 0.735589 0.057421 0.034306 0.025389 0.147295
0 0 0.682052 0.071859 0.046656 0.033755 0.165678
0 0 0.611513 0.091744 0.071839 0.047254 0.177651
0 0 0.565612 0.104215 0.093956 0.057053 0.179164
0 0 0.559899 0.105836 0.087337 0.056959 0.189970
0 0 0.595053 0.095896 0.070560 0.049162 0.189329
0 0 0.619927 0.088947 0.062919 0.044469 0.183737
0 0 0.641917 0.082454 0.055094 0.048766 0.171768
0 0 0.566121 0.102998 0.075735 0.065771 0.189375
0 0 0.507253 0.119116 0.094190 0.078995 0.200446
0 0 0.526345 0.115017 0.091400 0.062762 0.204476
0 0 0.483540 0.124934 0.092815 0.046269 0.252442
4 0 0.302662 0.168068 0.123248 0.031794 0.374227
4 0 0.226622 0.190050 0.146573 0.030900 0.405855
0 0 0.407113 0.139354 0.096370 0.031549 0.325615
0 0 0.597305 0.095229 0.069361 0.048633 0.189472
0 0 0.808806 0.038373 0.019967 0.015344 0.117510
0 0 0.870736 0.023265 0.010323 0.008285 0.087391
0 0 0.835650 0.031680 0.015489 0.012107 0.105074
0 0 0.837075 0.031330 0.015264 0.011943 0.104388
0 0 0.797423 0.041265 0.021996 0.016793 0.122523
0 0 0.793845 0.042180 0.022649 0.017257 0.124069
0 0 0.684625 0.071158 0.046028 0.033334 0.164856
0 0 0.646989 0.081407 0.055120 0.041791 0.174693
0 0 0.523691 0.113602 0.089458 0.077728 0.195521
0 0 0.422335 0.117293 0.133434 0.153986 0.172953
0 0 0.385460 0.117647 0.151521 0.179626 0.165745
0 0 0.289086 0.127630 0.197822 0.228768 0.156694
0 0 0.307236 0.142643 0.204345 0.162685 0.183090
0 0 0.370385 0.157017 0.136858 0.062751 0.272989
4 0 0.366328 0.143171 0.093261 0.023360 0.373878
0 0 0.467271 0.112259 0.065164 0.017851 0.337454
0 0 0.516662 0.103165 0.060426 0.019716 0.300032
0 0 0.696917 0.063833 0.035934 0.019918 0.183397
0 0 0.715143 0.062895 0.038840 0.028487 0.154635
0 0 0.661651 0.077439 0.051768 0.037156 0.171987
0 0 0.592367 0.096603 0.070805 0.049561 0.190665
0 0 0.550788 0.108199 0.083509 0.057635 0.199868
0 0 0.525038 0.115394 0.091879 0.062876 0.204813
0 0 0.558155 0.106142 0.081186 0.056170 0.198347
0 0 0.606363 0.092711 0.066748 0.046949 0.187229
0 0 0.623195 0.087319 0.059386 0.055066 0.175034
0 0 0.596975 0.092522 0.062575 0.075931 0.171998
0 0 0.542679 0.105049 0.074438 0.100571 0.177262
0 0 0.546656 0.097199 0.094356 0.086582 0.175208
0 0 0.569074 0.090292 0.087041 0.086087 0.167507
0 0 0.679860 0.072405 0.046588 0.037186 0.163962
0 0 0.763650 0.050073 0.027440 0.028145 0.130692
0 0 0.751406 0.053204 0.029686 0.031110 0.134595
0 0 0.745654 0.054643 0.030649 0.033184 0.135870
0 0 0.663047 0.076368 0.048741 0.049463 0.162380
0 0 0.629130 0.085290 0.056809 0.058150 0.170621
0 0 0.638137 0.083887 0.057762 0.042009 0.178205
0 0 0.731848 0.058419 0.035119 0.025947 0.148668
0 0 0.768187 0.048820 0.027549 0.020708 0.134736
0 0 0.732462 0.058255 0.034985 0.025855 0.148443
0 0 0.634903 0.080215 0.048563 0.025140 0.211180
0 0 0.717297 0.062319 0.037728 0.031722 0.150934
0 0 0.768537 0.048838 0.027046 0.023732 0.131847
0 0 0.860633 0.025643 0.011727 0.009335 0.092661
0 0 0.807068 0.038812 0.020272 0.015563 0.118285
0 0 0.756710 0.051829 0.029861 0.022319 0.139281
0 0 0.579551 0.099071 0.071157 0.065333 0.184888
0 0 0.585424 0.098508 0.072727 0.051398 0.191942
0 0 0.590152 0.097219 0.071457 0.049979 0.191193
0 0 0.561148 0.105306 0.080251 0.055579 0.197716
0 0 0.421523 0.144538 0.120629 0.065109 0.248202
4 0 0.303646 0.169756 0.127299 0.034665 0.364634
4 0 0.199543 0.190393 0.139622 0.023162 0.447281
4 0 0.159427 0.203004 0.154816 0.022530 0.460223
4 0 0.178727 0.199574 0.152750 0.024982 0.443967
4 0 0.260714 0.188628 0.158592 0.047478 0.344588
0 0 0.349395 0.153016 0.172407 0.099347 0.225835
0 0 0.427626 0.142344 0.129593 0.084710 0.215726
0 0 0.668202 0.075643 0.050102 0.036051 0.170002
0 0 0.665810 0.076298 0.050708 0.036453 0.170731
0 0 0.620022 0.088921 0.062893 0.044452 0.183712
0 0 0.614274 0.090515 0.064503 0.045497 0.185212
4 0 0.327159 0.142607 0.085844 0.015937 0.428453
4 0 0.202509 0.177604 0.118129 0.016179 0.485580
4 0 0.192877 0.197861 0.153169 0.027671 0.428421
4 0 0.086801 0.236153 0.213237 0.026212 0.437597
4 1 0.069287 0.232835 0.199383 0.017909 0.480586
4 1 0.042705 0.219114 0.168718 0.008082 0.561381
4 1 0.042626 0.219051 0.168603 0.008058 0.561662
4 1 0.043370 0.219647 0.169682 0.008287 0.559014
4 1 0.045934 0.221584 0.173283 0.009097 0.550102
4 1 0.045434 0.221220 0.172595 0.008937 0.551814
4 1 0.039955 0.211176 0.154896 0.006363 0.587610
4 4 0.040665 0.174971 0.103574 0.002840 0.677950
4 4 0.049735 0.158926 0.085160 0.002282 0.703897
4 4 0.036982 0.158406 0.085218 0.001818 0.717576
4 4 0.028812 0.169197 0.097871 0.001958 0.702162
4 4 0.022090 0.188080 0.122730 0.002501 0.664598
4 4 0.027693 0.202729 0.142774 0.004034 0.622771
4 4 0.035120 0.212020 0.156723 0.005896 0.590241
4 4 0.049675 0.231985 0.239214 0.012435 0.466692
2 4 0.057381 0.187209 0.481084 0.038889 0.235437
4 4 0.070012 0.234761 0.215355 0.019122 0.460750
4 4 0.038844 0.215753 0.162855 0.006934 0.575613
4 4 0.037632 0.209598 0.152440 0.005865 0.594465
4 4 0.056538 0.190239 0.122647 0.005161 0.625415
4 4 0.050877 0.195273 0.129783 0.005320 0.618747
4 4 0.050074 0.200151 0.136976 0.005874 0.606925
4 4 0.044597 0.197026 0.132511 0.004999 0.620867
4 4 0.045700 0.197143 0.132636 0.005107 0.619415
4 4 0.045583 0.196634 0.131900 0.005038 0.620845
4 4 0.051818 0.199970 0.136680 0.006011 0.605521
4 4 0.049620 0.201116 0.138446 0.005962 0.604856
4 4 0.058699 0.201983 0.139774 0.006976 0.592568
4 4 0.052738 0.209356 0.151522 0.007586 0.578798
4 4 0.039951 0.216766 0.164585 0.007256 0.571442
4 4 0.040256 0.217039 0.165054 0.007346 0.570305
4 4 0.040433 0.217195 0.165326 0.007398 0.569648
4 4 0.044165 0.220267 0.170818 0.008535 0.556216
4 4 0.049669 0.224102 0.178220 0.010334 0.537675
4 4 0.056610 0.232069 0.329134 0.019630 0.362558
2 4 0.048402 0.197867 0.484867 0.026923 0.241941
2 4 0.036524 0.154860 0.625036 0.030596 0.152983
2 4 0.038763 0.148727 0.633669 0.036186 0.142655
2 4 0.042200 0.109861 0.694893 0.069632 0.083414
2 2 0.082038 0.143953 0.561013 0.106827 0.106170
2 2 0.234405 0.184265 0.260370 0.136673 0.184287
2 2 0.098701 0.134597 0.501184 0.150302 0.115217
2 2 0.042234 0.060384 0.671242 0.195548 0.030593
2 2 0.008302 0.025375 0.900428 0.056110 0.009785
2 2 0.006377 0.024560 0.919840 0.039535 0.009688
2 2 0.007186 0.028432 0.914850 0.037997 0.011535
2 2 0.009590 0.036526 0.896835 0.040810 0.016239
2 2 0.008023 0.029288 0.907355 0.043226 0.012110
2 2 0.008915 0.033905 0.901237 0.040984 0.014959
2 2 0.017277 0.056236 0.843281 0.052759 0.030446
2 2 0.040112 0.107713 0.705385 0.066755 0.080035
2 2 0.104452 0.214922 0.376394 0.062857 0.241374
2 2 0.080754 0.224409 0.329345 0.036386 0.329106
2 2 0.047417 0.171806 0.542183 0.036164 0.202430
2 2 0.024590 0.117908 0.711865 0.028411 0.117225
2 2 0.008501 0.035245 0.901435 0.037011 0.017808
2 2 0.007156 0.025709 0.911865 0.044583 0.010687
2 2 0.006820 0.020069 0.907243 0.058696 0.007173
2 2 0.007168 0.019727 0.900564 0.065349 0.007192
2 2 0.009303 0.019251 0.849741 0.115036 0.006669
2 2 0.010020 0.017842 0.797526 0.168636 0.005976
2 2 0.008659 0.014614 0.768155 0.204096 0.004476
2 2 0.007462 0.012011 0.750486 0.226734 0.003308
2 2 0.006614 0.010365 0.711252 0.268902 0.002867
2 2 0.009131 0.012987 0.621956 0.351690 0.004236
2 2 0.012985 0.016310 0.490298 0.473845 0.006561
3 2 0.014173 0.016634 0.410746 0.551024 0.007423
3 2 0.016779 0.019370 0.414387 0.540384 0.009080
3 2 0.016993 0.019608 0.413467 0.540721 0.009211
3 2 0.016658 0.019087 0.385082 0.570185 0.008987
3 3 0.014021 0.015821 0.346855 0.615884 0.007420
3 3 0.015878 0.016471 0.272570 0.686198 0.008883
3 3 0.023231 0.022265 0.217173 0.723140 0.014191
3 3 0.036432 0.033301 0.220383 0.685545 0.024339
3 3 0.018872 0.018527 0.229192 0.722323 0.011087
3 3 0.010131 0.011223 0.268064 0.705448 0.005134
3 3 0.011035 0.012182 0.269701 0.701419 0.005664
3 3 0.013072 0.013237 0.204207 0.762325 0.007159
3 3 0.015528 0.014783 0.166744 0.793965 0.008980
3 3 0.017315 0.016543 0.182502 0.773486 0.010153
3 3 0.013810 0.013975 0.219495 0.745079 0.007641
3 3 0.014337 0.015273 0.272117 0.690492 0.007781
3 3 0.014505 0.015812 0.296650 0.665232 0.007802
3 3 0.015340 0.016569 0.279506 0.680258 0.008327
3 3 0.018856 0.019426 0.235189 0.715796 0.010733
3 3 0.018978 0.018901 0.223679 0.727407 0.011036
3 3 0.016750 0.016036 0.174389 0.783072 0.009753
3 3 0.017187 0.016246 0.169558 0.786893 0.010116
3 3 0.016753 0.015271 0.129561 0.828428 0.009987
3 3 0.016915 0.015495 0.118732 0.838822 0.010036
3 3 0.012891 0.011881 0.091165 0.876735 0.007328
3 3 0.016849 0.015570 0.100566 0.857125 0.009890
3 3 0.017028 0.015682 0.107884 0.849356 0.010049
3 3 0.015133 0.013859 0.112420 0.849737 0.008851
3 3 0.012537 0.011452 0.106460 0.862377 0.007175
3 3 0.010744 0.009814 0.097761 0.875654 0.006027
3 3 0.009829 0.009031 0.083013 0.892713 0.005414
3 3 0.012343 0.011368 0.090197 0.879109 0.006983
3 3 0.014477 0.013330 0.098961 0.864869 0.008364
3 3 0.014874 0.013583 0.117506 0.845328 0.008709
3 3 0.015255 0.014164 0.144802 0.816866 0.008913
3 3 0.015869 0.014419 0.133552 0.826731 0.009429
3 3 0.015375 0.013990 0.127922 0.833633 0.009081
3 3 0.013382 0.012278 0.101428 0.865227 0.007684
3 3 0.015266 0.014018 0.107330 0.854476 0.008910
3 3 0.014845 0.013663 0.101307 0.861574 0.008610
3 3 0.019044 0.017474 0.122825 0.829198 0.011458
3 3 0.017487 0.016119 0.107656 0.848393 0.010346
3 3 0.018621 0.017187 0.108644 0.844456 0.011092
3 3 0.016945 0.015692 0.096979 0.860453 0.009931
3 3 0.018730 0.017246 0.114048 0.838778 0.011198
3 3 0.017298 0.015858 0.118483 0.838077 0.010284
3 3 0.017515 0.016025 0.123885 0.832119 0.010457
3 3 0.016935 0.015513 0.118981 0.838519 0.010051
3 3 0.016712 0.015312 0.117705 0.840373 0.009899
3 3 0.016654 0.015342 0.105953 0.852256 0.009796
3 3 0.018739 0.017337 0.104169 0.848616 0.011140
3 3 0.020300 0.018885 0.098069 0.850625 0.012121
3 3 0.020018 0.018654 0.094219 0.855202 0.011906
3 3 0.015901 0.014812 0.083657 0.876451 0.009180
3 3 0.011080 0.010285 0.073164 0.899341 0.006130
3 3 0.010134 0.009402 0.070162 0.904756 0.005546
3 3 0.014301 0.013261 0.086067 0.878187 0.008185
3 3 0.016257 0.015079 0.091952 0.867253 0.009459
3 3 0.015616 0.014400 0.100410 0.860478 0.009097
3 3 0.013797 0.012735 0.092029 0.873540 0.007900
3 3 0.017064 0.015794 0.098261 0.858865 0.010015
3 3 0.027805 0.022620 0.116984 0.816868 0.015722
3 3 0.040224 0.032192 0.149297 0.754475 0.023812
3 3 0.038623 0.035322 0.187695 0.712561 0.025798
3 3 0.041679 0.038996 0.253987 0.637224 0.028113
3 3 0.033005 0.033345 0.333814 0.578955 0.020881
3 3 0.029667 0.031053 0.369892 0.551157 0.018231
3 3 0.027587 0.029784 0.374961 0.551202 0.016466
2 3 0.019187 0.027895 0.653256 0.288191 0.011471
3 3 0.013481 0.017226 0.478154 0.484397 0.006741
2 2 0.022527 0.049639 0.769329 0.130326 0.028179
2 2 0.014668 0.045725 0.859997 0.056478 0.023131
2 2 0.014253 0.025881 0.809125 0.140535 0.010207
2 2 0.015528 0.021783 0.699954 0.254273 0.008461
2 2 0.025133 0.030446 0.560560 0.369389 0.014472
3 2 0.037652 0.040728 0.442060 0.455731 0.023829
3 2 0.042404 0.041174 0.313584 0.574479 0.028359
3 2 0.038261 0.034599 0.227995 0.673187 0.025958
3 2 0.046534 0.042158 0.241539 0.637301 0.032468
3 2 0.057923 0.052464 0.266138 0.581541 0.041933
3 2 0.064166 0.059739 0.319625 0.509513 0.046956
3 2 0.040805 0.041642 0.399847 0.490863 0.026843
3 2 0.023174 0.026148 0.450224 0.487066 0.013388
3 2 0.015381 0.017586 0.395400 0.563383 0.008250
3 2 0.017476 0.018255 0.286017 0.668379 0.009872
3 2 0.020908 0.020243 0.214216 0.732119 0.012514
3 2 0.027071 0.025033 0.201152 0.729536 0.017207
3 2 0.026787 0.024628 0.209705 0.721777 0.017103
3 2 0.040382 0.036821 0.202142 0.693380 0.027275
3 2 0.039025 0.035604 0.196799 0.702374 0.026198
3 2 0.026114 0.023818 0.161902 0.771630 0.016536
3 2 0.028545 0.026979 0.196758 0.729740 0.017977
3 2 0.028804 0.029648 0.297054 0.626966 0.017527
3 2 0.029585 0.033345 0.421585 0.497965 0.017520
2 2 0.024888 0.030450 0.527991 0.402610 0.014061
2 2 0.019427 0.028902 0.685563 0.254159 0.011949
2 2 0.016803 0.030299 0.754550 0.185627 0.012721
2 2 0.012403 0.029490 0.845257 0.100664 0.012186
2 2 0.013341 0.034055 0.863059 0.074995 0.014550
2 2 0.009385 0.028428 0.892789 0.057655 0.011742
2 2 0.009163 0.023076 0.885290 0.074162 0.008309
2 2 0.012558 0.027013 0.850330 0.099320 0.010779
2 2 0.014037 0.023440 0.760279 0.192886 0.009358
2 2 0.016773 0.021718 0.606100 0.346514 0.008896
2 2 0.030193 0.034673 0.486966 0.430127 0.018041
3 2 0.058381 0.058578 0.369917 0.472525 0.040599
3 2 0.063551 0.060619 0.330751 0.499256 0.045824
3 2 0.043827 0.045805 0.416431 0.465143 0.028794
2 2 0.025969 0.029541 0.490535 0.438635 0.015320
2 2 0.022828 0.034715 0.676084 0.249311 0.017062
2 2 0.025209 0.032516 0.614584 0.312841 0.014851
2 2 0.022020 0.028768 0.616363 0.320220 0.012629
2 2 0.020175 0.027223 0.624281 0.316815 0.011505
2 2 0.017472 0.026297 0.684183 0.261306 0.010742
2 2 0.015776 0.028065 0.745533 0.198718 0.011908
2 2 0.014175 0.022555 0.700119 0.254753 0.008398
2 2 0.013356 0.024221 0.769861 0.183568 0.008994
2 2 0.008527 0.016368 0.811205 0.158480 0.005421
2 2 0.008209 0.015459 0.815317 0.155876 0.005139
2 2 0.009456 0.015189 0.763157 0.207177 0.005022
2 2 0.010889 0.015332 0.671644 0.296834 0.005301
2 2 0.011932 0.016077 0.600914 0.365188 0.005889
2 2 0.013367 0.017414 0.525523 0.437016 0.006680
2 2 0.015722 0.020052 0.509515 0.446617 0.008093
2 2 0.015565 0.019451 0.497183 0.459715 0.008085
2 2 0.020405 0.023852 0.474567 0.469776 0.011400
3 2 0.038417 0.040228 0.398281 0.498458 0.024616
3 2 0.043381 0.043840 0.380737 0.503219 0.028823
3 2 0.028312 0.030034 0.389677 0.534753 0.017224
3 2 0.036541 0.039412 0.423933 0.477161 0.022954
0 2 0.253736 0.130864 0.234145 0.239531 0.141723
0 0 0.568867 0.098343 0.067453 0.092818 0.172519
0 0 0.722284 0.056481 0.029330 0.069199 0.122707
0 0 0.655445 0.060852 0.030516 0.140324 0.112863
0 0 0.521005 0.086654 0.051618 0.208509 0.132214
0 0 0.389979 0.134501 0.107645 0.191262 0.176612
0 0 0.303405 0.170290 0.168740 0.151340 0.206224
0 0 0.335527 0.167441 0.167386 0.107657 0.221989
0 0 0.349611 0.164671 0.138286 0.058570 0.288861
0 0 0.390837 0.143755 0.100304 0.031711 0.333392
4 0 0.302128 0.161595 0.110650 0.024513 0.401115
4 0 0.149337 0.181964 0.117450 0.011355 0.539894
4 0 0.052216 0.189160 0.121216 0.004726 0.632682
4 1 0.030536 0.184993 0.117081 0.002903 0.664487
4 1 0.029870 0.195293 0.131329 0.003597 0.639911
4 1 0.033976 0.204659 0.144854 0.004863 0.611649
4 1 0.052703 0.198913 0.135088 0.005947 0.607349
4 0 0.067328 0.213305 0.158877 0.010321 0.550169
4 0 0.062440 0.219885 0.170674 0.011354 0.535647
4 0 0.070321 0.227815 0.222023 0.020991 0.458851
4 0 0.122143 0.219631 0.181370 0.024628 0.452229
4 1 0.157449 0.219105 0.198875 0.040198 0.384372
4 1 0.078491 0.234996 0.207154 0.022089 0.457270
4 1 0.063771 0.231017 0.194130 0.015596 0.495487
4 1 0.052752 0.225939 0.182045 0.011404 0.527860
4 1 0.063651 0.231606 0.198462 0.015769 0.490511
4 1 0.067024 0.236951 0.263545 0.020690 0.411789
4 1 0.062383 0.235280 0.317109 0.021618 0.363611
2 1 0.056111 0.230422 0.360203 0.020919 0.332344
4 1 0.065682 0.235080 0.324144 0.023836 0.351258
4 1 0.087474 0.237722 0.270163 0.031652 0.372988
4 1 0.167152 0.220779 0.211465 0.054851 0.345753
4 1 0.201761 0.205942 0.178701 0.043950 0.369645
4 2 0.141155 0.217182 0.181732 0.029028 0.430903
4 2 0.056020 0.206577 0.146997 0.007470 0.582935
4 2 0.044064 0.212051 0.156170 0.007000 0.580715
4 2 0.047312 0.222553 0.175145 0.009546 0.545444
4 2 0.061610 0.230184 0.191937 0.014729 0.501539
4 2 0.068988 0.235900 0.231120 0.019631 0.444361
2 2 0.060884 0.216312 0.409606 0.029272 0.283927
2 2 0.034079 0.132720 0.675149 0.037013 0.121038
2 2 0.023652 0.079375 0.785652 0.051584 0.059736
2 2 0.049126 0.115100 0.655846 0.080953 0.098975
2 2 0.110888 0.152405 0.461457 0.138750 0.136500
2 2 0.099283 0.160717 0.455467 0.110667 0.173866
2 2 0.135598 0.172451 0.387667 0.125100 0.179184
4 2 0.125883 0.220256 0.260194 0.048914 0.344754
2 2 0.141199 0.178667 0.349500 0.114773 0.215861
2 2 0.107416 0.177238 0.382952 0.112556 0.219837
4 2 0.115665 0.208429 0.300879 0.067549 0.307477
4 2 0.074960 0.222261 0.250519 0.026928 0.425332
4 2 0.063780 0.225719 0.238211 0.019454 0.452836
4 2 0.050282 0.224484 0.178997 0.010543 0.535694
4 2 0.062216 0.230425 0.192560 0.014970 0.499829
4 2 0.076969 0.232746 0.213607 0.022418 0.454260
4 2 0.090432 0.236451 0.215646 0.028119 0.429352
2 2 0.102761 0.206676 0.369003 0.065723 0.255836
2 2 0.069218 0.188358 0.467123 0.050083 0.225218
2 2 0.036664 0.121424 0.695113 0.048005 0.098795
2 2 0.035728 0.118560 0.679012 0.053443 0.113256
2 2 0.038457 0.102958 0.699580 0.083162 0.075843
2 2 0.031036 0.130140 0.699680 0.032926 0.106217
2 2 0.026594 0.116143 0.734400 0.031901 0.090961
2 2 0.052691 0.171265 0.566255 0.042733 0.167057
2 2 0.091709 0.183178 0.481854 0.078881 0.164379
0 1 0.252782 0.190402 0.218021 0.106790 0.232004
0 1 0.299577 0.175619 0.172167 0.128392 0.224245
4 1 0.205279 0.208065 0.183316 0.057707 0.345634
4 1 0.115390 0.217633 0.225899 0.034161 0.406917
4 1 0.059306 0.221433 0.173441 0.011270 0.534550
4 1 0.077161 0.232535 0.200393 0.020008 0.469904
4 1 0.064905 0.231426 0.195249 0.016060 0.492359
4 4 0.061321 0.230067 0.191637 0.014615 0.502360
4 4 0.039699 0.211385 0.155263 0.006363 0.587291
4 4 0.038675 0.201354 0.139304 0.004957 0.615710
4 4 0.046657 0.194181 0.128335 0.004852 0.625974
4 4 0.054711 0.196905 0.132110 0.005853 0.610421
4 4 0.080424 0.203334 0.142963 0.009573 0.563707
4 4 0.083202 0.211257 0.156682 0.012055 0.536803
4 4 0.058414 0.209359 0.151628 0.008266 0.572332
4 4 0.041429 0.209490 0.151998 0.006288 0.590795
4 4 0.035618 0.201752 0.140181 0.004710 0.617739
4 4 0.041751 0.188973 0.121349 0.003967 0.643960
4 4 0.050029 0.183453 0.113710 0.004017 0.648792
4 4 0.054628 0.187196 0.118537 0.004685 0.634953
4 4 0.054380 0.181840 0.111554 0.004133 0.648094
4 4 0.042767 0.186964 0.118595 0.003860 0.647814
4 4 0.040496 0.178684 0.108108 0.003079 0.669633
4 4 0.029128 0.174289 0.103823 0.002213 0.690546
4 4 0.029085 0.174364 0.103919 0.002214 0.690418
4 4 0.029241 0.170420 0.099233 0.002033 0.699072
4 4 0.037620 0.181490 0.111831 0.003109 0.665950
4 4 0.047986 0.180242 0.109689 0.003618 0.658465
4 4 0.057730 0.208342 0.149917 0.007988 0.576023
4 4 0.050569 0.224660 0.179358 0.010641 0.534772
4 4 0.054700 0.226997 0.184354 0.012104 0.521844
4 4 0.048346 0.225855 0.190893 0.010354 0.524552
4 4 0.035886 0.212831 0.158025 0.006104 0.587154
4 4 0.033162 0.206714 0.148210 0.005008 0.606906
4 4 0.038353 0.206877 0.147952 0.005587 0.601231
4 4 0.043797 0.219982 0.170294 0.008420 0.557507
4 4 0.056210 0.227767 0.186090 0.012658 0.517275
4 4 0.063820 0.235834 0.243948 0.018173 0.438225
4 2 0.060611 0.236100 0.285752 0.018972 0.398565
4 2 0.057798 0.232482 0.217398 0.014526 0.477796
4 2 0.061137 0.234931 0.237192 0.016724 0.450015
4 2 0.064842 0.235987 0.243532 0.018582 0.437057
2 2 0.077734 0.231974 0.352174 0.033556 0.304563
2 2 0.047945 0.179990 0.545366 0.033459 0.193239
2 2 0.029337 0.120583 0.720900 0.034611 0.094568
2 2 0.028026 0.132151 0.696768 0.027605 0.115450
2 2 0.021853 0.109605 0.753221 0.026339 0.088982
2 2 0.024048 0.119226 0.726429 0.026446 0.103851
2 2 0.029015 0.132711 0.685955 0.029066 0.123253
2 2 0.044387 0.176868 0.560174 0.031053 0.187518
2 2 0.062983 0.222400 0.409393 0.029102 0.276122
2 2 0.061186 0.221365 0.407035 0.028024 0.282389
2 2 0.064779 0.179949 0.533891 0.051649 0.169732
2 2 0.106157 0.137433 0.512882 0.154682 0.088847
0 0 0.369905 0.154922 0.176813 0.100414 0.197946
0 0 0.539736 0.107580 0.078248 0.090936 0.183500
0 0 0.490409 0.116984 0.087122 0.123988 0.181498
0 0 0.384436 0.148067 0.130213 0.135821 0.201462
4 1 0.203687 0.209790 0.221390 0.093545 0.271589
4 1 0.099870 0.236701 0.221265 0.033384 0.408780
4 1 0.045380 0.221181 0.172520 0.008920 0.552000
4 1 0.054735 0.227015 0.184394 0.012116 0.521740
4 1 0.054878 0.227090 0.184561 0.012169 0.521301
4 1 0.058089 0.228665 0.188186 0.013363 0.511698
4 2 0.053167 0.227496 0.190249 0.011840 0.517247
4 2 0.049636 0.228632 0.206316 0.011276 0.504140
4 2 0.049073 0.231329 0.233452 0.012018 0.474128
4 2 0.047284 0.232932 0.298053 0.013620 0.408111
2 2 0.050646 0.229674 0.362806 0.018032 0.338842
2 2 0.045162 0.191850 0.506181 0.026245 0.230562
2 2 0.043965 0.170580 0.573109 0.033075 0.179271
2 2 0.030492 0.110342 0.721201 0.043630 0.094335
2 2 0.043852 0.113280 0.685443 0.069935 0.087490
2 2 0.074498 0.125922 0.568010 0.135786 0.095784
2 2 0.130114 0.180619 0.397262 0.128608 0.163397
2 2 0.106988 0.198391 0.402633 0.078575 0.213413
2 2 0.069893 0.191421 0.484839 0.049788 0.204058
2 2 0.044708 0.183812 0.532025 0.028682 0.210773
2 2 0.031764 0.131417 0.682250 0.033939 0.120630
2 2 0.039702 0.112842 0.698793 0.061068 0.087595
2 2 0.046515 0.107984 0.682196 0.082590 0.080714
2 2 0.106270 0.137921 0.469822 0.182852 0.103134
2 2 0.111911 0.162674 0.460521 0.128953 0.135941
2 2 0.134245 0.148873 0.412188 0.198098 0.106596
2 2 0.100299 0.147553 0.515699 0.130234 0.106215
2 2 0.046458 0.084725 0.705948 0.116377 0.046491
2 2 0.023795 0.073953 0.805256 0.055210 0.041786
2 2 0.014367 0.052045 0.863326 0.044277 0.025985
2 2 0.009739 0.038607 0.895183 0.038617 0.017855
2 2 0.011909 0.044517 0.879070 0.042574 0.021930
2 2 0.007851 0.032000 0.908150 0.037281 0.014719
2 2 0.012023 0.038684 0.875728 0.054269 0.019295
2 2 0.031983 0.047437 0.707247 0.190711 0.022621
2 2 0.095923 0.097032 0.488198 0.246080 0.072767
0 2 0.345691 0.164388 0.161503 0.107742 0.220676
0 2 0.376818 0.156384 0.148536 0.096876 0.221386
4 2 0.143270 0.230076 0.237152 0.063792 0.325710
2 2 0.130032 0.221360 0.328336 0.074623 0.245649
2 2 0.010246 0.040927 0.891433 0.038173 0.019221
2 2 0.010447 0.041053 0.890504 0.039004 0.018992
2 2 0.010960 0.042442 0.885907 0.040227 0.020465
2 2 0.011854 0.042982 0.879519 0.044644 0.021001
2 2 0.011279 0.040508 0.883390 0.045319 0.019504
2 2 0.006874 0.026429 0.916015 0.039897 0.010784
2 2 0.005549 0.020682 0.925224 0.040978 0.007568
2 2 0.004971 0.016844 0.925748 0.046736 0.005701
2 2 0.006009 0.016928 0.908598 0.062557 0.005908
2 2 0.008597 0.018719 0.868051 0.097850 0.006783
2 2 0.009993 0.019827 0.836769 0.125998 0.007412
2 2 0.010689 0.019827 0.820654 0.141554 0.007277
2 2 0.006228 0.014734 0.886372 0.087557 0.005110
2 2 0.004348 0.012474 0.919333 0.059828 0.004016
2 2 0.007513 0.019174 0.893442 0.072990 0.006880
2 2 0.010857 0.026484 0.874049 0.078520 0.010089
2 2 0.017298 0.023335 0.602897 0.347522 0.008948
3 2 0.065312 0.069515 0.397764 0.422589 0.044820
2 2 0.111994 0.121833 0.491830 0.189766 0.084577
2 2 0.176289 0.154314 0.344043 0.190104 0.135250
2 2 0.164208 0.180339 0.364742 0.152232 0.138480
2 2 0.132086 0.222110 0.320847 0.074740 0.250218
2 2 0.054955 0.179463 0.544063 0.041136 0.180383
2 2 0.043980 0.134352 0.649616 0.052596 0.119457
2 2 0.061561 0.080145 0.603762 0.210571 0.043960
2 2 0.117185 0.127791 0.438177 0.225552 0.091295
2 2 0.126173 0.138979 0.430044 0.205241 0.099564
2 2 0.081965 0.122033 0.578156 0.138562 0.079284
2 2 0.034661 0.087714 0.751811 0.073445 0.052368
2 2 0.012756 0.051066 0.870507 0.038566 0.027105
2 2 0.010293 0.041749 0.889818 0.037642 0.020499
2 2 0.011648 0.046484 0.881101 0.038208 0.022559
2 2 0.013932 0.056522 0.863675 0.037067 0.028803
2 2 0.014187 0.059358 0.860742 0.035228 0.030485
2 2 0.015328 0.060389 0.855382 0.038438 0.030462
2 2 0.012624 0.048587 0.876323 0.039861 0.022605
2 2 0.006136 0.024337 0.923325 0.037172 0.009030
2 2 0.005433 0.018934 0.924272 0.044844 0.006517
2 2 0.008319 0.022252 0.892817 0.068345 0.008268
2 2 0.012701 0.026936 0.845026 0.104551 0.010785
2 2 0.011072 0.023068 0.846497 0.110596 0.008767
2 2 0.008387 0.015432 0.821865 0.149392 0.004924
2 2 0.006740 0.011733 0.811711 0.166499 0.003317
2 2 0.007042 0.012202 0.803718 0.173128 0.003910
2 2 0.022753 0.032505 0.733249 0.196310 0.015184
2 2 0.119637 0.102838 0.429302 0.267776 0.080447
0 2 0.307672 0.143388 0.182532 0.188182 0.178226
3 2 0.209260 0.142808 0.215390 0.284579 0.147963
2 2 0.096857 0.102862 0.401902 0.326565 0.071815
2 2 0.051770 0.061521 0.557715 0.295334 0.033660
2 2 0.080834 0.091188 0.534071 0.235060 0.058847
2 2 0.200444 0.149556 0.302654 0.197939 0.149407
2 2 0.133807 0.202132 0.332365 0.093281 0.238415
2 2 0.088520 0.161513 0.494132 0.096177 0.159658
2 2 0.048047 0.120919 0.666969 0.071021 0.093044
2 2 0.021072 0.062882 0.823914 0.059033 0.033099
2 2 0.016167 0.051065 0.850985 0.055219 0.026565
2 2 0.022821 0.052892 0.807575 0.088003 0.028709
2 2 0.052533 0.089456 0.657483 0.138976 0.061552
2 2 0.056936 0.077940 0.596448 0.213451 0.055225
2 2 0.095898 0.126305 0.478417 0.175347 0.124033
2 2 0.150367 0.204726 0.299860 0.094933 0.250115
4 2 0.190390 0.214475 0.208761 0.064362 0.322012
4 2 0.084891 0.235947 0.211911 0.025235 0.442016
4 2 0.101669 0.231977 0.249703 0.039344 0.377307
2 2 0.052780 0.175705 0.515656 0.040001 0.215858
2 2 0.032464 0.097142 0.733097 0.059315 0.077982
2 2 0.018462 0.057136 0.831703 0.058261 0.034438
2 2 0.014759 0.042778 0.857636 0.063295 0.021532
2 2 0.017471 0.048514 0.837879 0.068676 0.027460
2 2 0.023619 0.059419 0.785631 0.094336 0.036996
2 2 0.036068 0.088256 0.717355 0.092085 0.066235
2 2 0.053621 0.116448 0.620126 0.106919 0.102886
2 2 0.042282 0.097025 0.679578 0.104335 0.076779
2 2 0.035802 0.073111 0.701696 0.142568 0.046824
2 2 0.021314 0.046274 0.788410 0.120791 0.023211
2 2 0.017044 0.040397 0.834782 0.088816 0.018961
2 2 0.012857 0.041761 0.872184 0.052894 0.020305
2 2 0.013377 0.046567 0.869783 0.047343 0.022930
2 2 0.014134 0.052320 0.862602 0.043364 0.027579
2 2 0.012336 0.045241 0.876046 0.043892 0.022485
2 2 0.010965 0.038101 0.886451 0.047177 0.017306
2 2 0.007853 0.027063 0.906928 0.047171 0.010985
2 2 0.007415 0.024129 0.907933 0.051148 0.009376
2 2 0.006179 0.022760 0.920264 0.042105 0.008693
2 2 0.004989 0.019872 0.930520 0.037182 0.007437
2 2 0.004840 0.019082 0.931987 0.037309 0.006781
2 2 0.005366 0.015873 0.910495 0.062981 0.005285
2 2 0.009607 0.021649 0.858322 0.102785 0.007637
2 2 0.013682 0.025920 0.806133 0.144298 0.009968
2 2 0.012714 0.027434 0.837641 0.110757 0.011454
2 2 0.011148 0.025528 0.848253 0.105027 0.010044
2 2 0.007899 0.021596 0.886181 0.075610 0.008713
2 2 0.009305 0.022171 0.868799 0.091425 0.008301
2 2 0.014296 0.026184 0.824010 0.125728 0.009781
2 2 0.012955 0.024332 0.830998 0.122886 0.008830
2 2 0.010739 0.019846 0.837761 0.125053 0.006601
2 2 0.008549 0.019622 0.878489 0.086597 0.006744
2 2 0.014710 0.029197 0.821136 0.122323 0.012634
2 2 0.037526 0.070872 0.724572 0.118423 0.048607
2 2 0.099742 0.124817 0.484695 0.186377 0.104368
2 2 0.199079 0.184949 0.258749 0.144858 0.212365
2 2 0.101676 0.122045 0.437425 0.226261 0.112594
2 2 0.045644 0.062352 0.629822 0.227554 0.034628
2 2 0.011570 0.023834 0.829573 0.125453 0.009570
2 2 0.013067 0.027000 0.816968 0.131602 0.011363
2 2 0.018067 0.028197 0.722678 0.219193 0.011865
2 2 0.021775 0.027236 0.574414 0.364481 0.012094
3 2 0.020388 0.023208 0.419610 0.525369 0.011425
3 2 0.027787 0.028035 0.297310 0.629807 0.017062
3 2 0.048306 0.044138 0.211747 0.662365 0.033444
3 2 0.102620 0.080114 0.220793 0.527034 0.069439
3 2 0.097412 0.089553 0.251004 0.486443 0.075589
3 2 0.075602 0.076303 0.383833 0.409381 0.054882
2 2 0.030244 0.037163 0.582372 0.332377 0.017844
2 2 0.021559 0.026967 0.533444 0.406235 0.011794
3 2 0.020530 0.022936 0.369191 0.575826 0.011517
3 2 0.022183 0.022597 0.255552 0.686632 0.013036
3 2 0.019235 0.020959 0.321121 0.627919 0.010766
3 2 0.015155 0.018596 0.451862 0.506543 0.007845
2 2 0.011070 0.015629 0.657603 0.310340 0.005359
2 2 0.010013 0.018705 0.824353 0.140526 0.006403
2 2 0.006943 0.021257 0.907397 0.056222 0.008181
2 2 0.011335 0.040201 0.882932 0.046211 0.019321
2 2 0.021563 0.087731 0.794153 0.037022 0.059531
2 2 0.028292 0.125458 0.708283 0.030798 0.107169
2 2 0.046127 0.211079 0.397017 0.019655 0.326122
4 2 0.039215 0.216098 0.163439 0.007042 0.574207
4 4 0.041393 0.187271 0.119083 0.003794 0.648459
4 4 0.052451 0.167404 0.094308 0.002892 0.682944
4 4 0.083723 0.166144 0.093044 0.004138 0.652952
4 4 0.126769 0.168599 0.097907 0.006648 0.600076
4 4 0.149450 0.189979 0.129604 0.014030 0.516937
4 4 0.079703 0.210585 0.155125 0.011346 0.543241
4 4 0.055623 0.202918 0.141186 0.006817 0.593456
4 4 0.037674 0.205246 0.145411 0.005312 0.606358
4 4 0.041707 0.218291 0.167247 0.007779 0.564977
4 4 0.274798 0.170504 0.115044 0.028133 0.411522
4 4 0.119439 0.154435 0.081582 0.004403 0.640140
4 4 0.137470 0.151297 0.079132 0.004743 0.627357
4 4 0.100654 0.157688 0.084294 0.004015 0.653348
4 4 0.071816 0.157306 0.083271 0.002940 0.684667
4 4 0.049414 0.163374 0.089927 0.002518 0.694766
4 4 0.049136 0.181874 0.111712 0.003822 0.653455
4 4 0.056189 0.199146 0.135431 0.006299 0.602934
4 4 0.093744 0.217452 0.169919 0.016177 0.502708
4 4 0.097490 0.217005 0.265971 0.039673 0.379861
4 4 0.159255 0.221601 0.206470 0.047682 0.364992
4 4 0.223618 0.204366 0.201632 0.076438 0.293946
4 4 0.099879 0.236701 0.221269 0.033389 0.408761
4 4 0.094786 0.236656 0.218350 0.030493 0.419715
4 4 0.034878 0.211758 0.156307 0.005831 0.591226
4 4 0.044768 0.207995 0.149396 0.006446 0.591394
4 4 0.078561 0.199698 0.137088 0.008574 0.576080
4 4 0.135568 0.204068 0.151655 0.017971 0.490739
4 4 0.124115 0.190545 0.127269 0.011164 0.546907
4 4 0.072313 0.183616 0.113978 0.005455 0.624638
4 4 0.077290 0.169983 0.097288 0.004216 0.651223
4 4 0.164690 0.164964 0.096335 0.008367 0.565643
4 4 0.366001 0.141768 0.090951 0.022034 0.379246
0 4 0.393899 0.130706 0.079304 0.018783 0.377307
4 4 0.198066 0.167813 0.103321 0.011845 0.518955
4 4 0.093755 0.180753 0.111124 0.006489 0.607880
4 4 0.105852 0.172417 0.101281 0.006010 0.614440
4 4 0.115224 0.168223 0.096757 0.005935 0.613861
4 4 0.085122 0.154234 0.080284 0.003164 0.677196
4 4 0.057686 0.143053 0.069347 0.001750 0.728165
4 4 0.051511 0.133573 0.061024 0.001267 0.752624
4 4 0.047400 0.130292 0.058353 0.001096 0.762859
4 4 0.053192 0.138821 0.065579 0.001481 0.740927
4 4 0.064179 0.142173 0.068473 0.001862 0.723312
4 4 0.104489 0.152629 0.079151 0.003682 0.660049
4 4 0.107991 0.149672 0.076279 0.003535 0.662522
4 4 0.078965 0.151545 0.077477 0.002777 0.689236
4 4 0.054233 0.131926 0.059568 0.001263 0.753009
4 4 0.049742 0.129105 0.057305 0.001101 0.762746
4 4 0.051789 0.121175 0.050916 0.000920 0.775199
4 4 0.075078 0.123228 0.052328 0.001299 0.748068
4 4 0.083917 0.134957 0.062083 0.001939 0.717104
4 4 0.077468 0.154509 0.080445 0.002933 0.684644
4 4 0.052348 0.160481 0.086734 0.002460 0.697976
4 4 0.038849 0.171302 0.099355 0.002529 0.687964
4 4 0.033895 0.170177 0.098447 0.002239 0.695243
4 4 0.037190 0.177885 0.107360 0.002844 0.674721
4 4 0.050168 0.178332 0.107245 0.003585 0.660670
4 4 0.052153 0.189262 0.121356 0.004733 0.632497
4 4 0.071452 0.201528 0.139517 0.008199 0.579304
4 4 0.056005 0.227665 0.185857 0.012582 0.517891
4 4 0.062134 0.230393 0.192476 0.014937 0.500061
4 4 0.052295 0.225680 0.181491 0.011243 0.529293
4 4 0.049050 0.224245 0.261233 0.014041 0.451432
4 4 0.061784 0.219189 0.338556 0.025794 0.354677
4 4 0.082435 0.223760 0.326930 0.037571 0.329304
4 4 0.052328 0.212827 0.337223 0.021072 0.376551
4 4 0.058663 0.229780 0.270784 0.018257 0.422516
4 4 0.041738 0.218317 0.167293 0.007788 0.564864
4 4 0.038897 0.209591 0.152329 0.006010 0.593172
4 4 0.038665 0.200175 0.137525 0.004825 0.618811
4 4 0.038747 0.191504 0.125016 0.003975 0.640759
4 4 0.042109 0.196258 0.131522 0.004705 0.625406
4 4 0.044736 0.220701 0.171623 0.008715 0.554225
4 4 0.060647 0.229789 0.190933 0.014350 0.504281
4 4 0.074554 0.236879 0.236431 0.022397 0.429739
4 4 0.074273 0.235740 0.317079 0.028205 0.344703
2 4 0.075110 0.233880 0.337616 0.030460 0.322934
2 4 0.070703 0.176810 0.515514 0.060202 0.176771
2 4 0.073455 0.189741 0.479007 0.054221 0.203576
2 4 0.139883 0.216437 0.328793 0.086120 0.228768
4 4 0.091503 0.229855 0.308704 0.040021 0.329917
2 4 0.094330 0.228957 0.352861 0.046063 0.277790
4 1 0.059837 0.234153 0.331026 0.021103 0.353881
2 1 0.045924 0.183068 0.558669 0.030403 0.181936
2 1 0.024810 0.110206 0.755872 0.031016 0.078096
2 2 0.034343 0.158760 0.631449 0.026460 0.148988
2 2 0.042637 0.199622 0.490197 0.021852 0.245692
4 2 0.052798 0.234531 0.283920 0.015398 0.413352
2 2 0.050722 0.218736 0.396867 0.021182 0.312494
2 2 0.047268 0.204168 0.466114 0.023913 0.258536
2 2 0.029856 0.131054 0.693232 0.030904 0.114955
2 2 0.030584 0.132687 0.690888 0.031260 0.114581
2 2 0.019766 0.085116 0.800749 0.034375 0.059994
2 2 0.020014 0.087717 0.795157 0.033457 0.063654
2 2 0.023838 0.081069 0.793303 0.048950 0.052840
2 2 0.038914 0.092350 0.726213 0.081254 0.061269
2 2 0.049421 0.100959 0.675240 0.102716 0.071664
2 2 0.050727 0.125330 0.658785 0.071702 0.093456
2 2 0.031869 0.130845 0.694482 0.034009 0.108795
2 2 0.026154 0.118739 0.726910 0.030100 0.098099
2 2 0.028842 0.103693 0.743043 0.044129 0.080292
2 2 0.064507 0.090610 0.496182 0.281996 0.066706
3 2 0.107099 0.099230 0.285148 0.423432 0.085091
3 2 0.178684 0.144679 0.240671 0.294011 0.141954
2 2 0.160565 0.182567 0.309899 0.156707 0.190262
2 2 0.102956 0.177743 0.463203 0.096273 0.159824
2 2 0.060219 0.219616 0.419620 0.028273 0.272271
2 2 0.044579 0.189063 0.534399 0.026965 0.204995
2 2 0.039067 0.156516 0.627353 0.033022 0.144041
2 2 0.030615 0.122551 0.713792 0.035902 0.097142
2 2 0.020691 0.094413 0.787207 0.030832 0.066857
2 2 0.018232 0.086252 0.809427 0.029243 0.056846
2 2 0.037924 0.144364 0.668216 0.036466 0.113030
2 2 0.068118 0.204845 0.491310 0.041906 0.193821
2 2 0.111040 0.231536 0.307593 0.052390 0.297441
4 2 0.094984 0.234830 0.307047 0.040372 0.322768
4 2 0.082425 0.235026 0.320697 0.033541 0.328311
2 2 0.061995 0.233542 0.341133 0.022897 0.340433
2 2 0.061379 0.229839 0.375585 0.024833 0.308364
2 2 0.061434 0.225948 0.402698 0.026864 0.283056
2 2 0.061419 0.211094 0.445880 0.032594 0.249013
2 2 0.060131 0.185931 0.512508 0.043131 0.198299
2 2 0.040275 0.135423 0.662099 0.045433 0.116770
2 2 0.036318 0.129914 0.683748 0.041945 0.108074
2 2 0.039296 0.155746 0.622564 0.033700 0.148694
2 2 0.055640 0.206992 0.469464 0.029912 0.237992
2 2 0.063669 0.229614 0.377217 0.026398 0.303102
2 2 0.063159 0.223996 0.413622 0.028959 0.270264
2 2 0.049179 0.169149 0.566582 0.039661 0.175428
2 1 0.063190 0.184024 0.484036 0.046549 0.222201
4 1 0.063468 0.235128 0.290372 0.020819 0.390213
4 1 0.115605 0.227606 0.278114 0.036680 0.341995
2 1 0.123427 0.227610 0.303439 0.056587 0.288937
2 1 0.087913 0.227192 0.355521 0.042366 0.287008
2 2 0.069355 0.200887 0.471346 0.044219 0.214193
2 2 0.040006 0.156485 0.618825 0.034295 0.150388
2 2 0.042877 0.171226 0.580818 0.031644 0.173436
2 2 0.041636 0.174332 0.571830 0.029144 0.183058
2 2 0.034196 0.146207 0.654037 0.030922 0.134638
2 2 0.028723 0.110801 0.738299 0.038805 0.083371
2 2 0.025051 0.095903 0.774101 0.039909 0.065036
2 2 0.026034 0.101317 0.764606 0.038535 0.069507
2 2 0.022418 0.095318 0.781287 0.034238 0.066740
2 2 0.030800 0.113294 0.729860 0.041395 0.084651
2 2 0.036464 0.131365 0.683871 0.041236 0.107064
2 2 0.034789 0.138954 0.668317 0.034892 0.123048
2 2 0.041287 0.155948 0.627674 0.036049 0.139041
2 2 0.039492 0.141775 0.664293 0.040209 0.114231
2 2 0.033235 0.120178 0.719001 0.041480 0.086106
2 2 0.030345 0.120396 0.724486 0.036190 0.088584
2 2 0.036564 0.141901 0.669759 0.035834 0.115942
2 2 0.034264 0.140981 0.673831 0.032984 0.117941
2 2 0.026081 0.103203 0.761350 0.037509 0.071858
2 2 0.018024 0.070657 0.830965 0.039276 0.041078
2 2 0.011933 0.047519 0.878902 0.038365 0.023281
2 2 0.009044 0.039771 0.899882 0.032824 0.018478
2 2 0.009470 0.040577 0.896116 0.034406 0.019431
2 2 0.009473 0.042293 0.894838 0.032447 0.020949
2 2 0.010970 0.043443 0.885260 0.038975 0.021353
2 2 0.012068 0.048789 0.876643 0.037724 0.024775
2 2 0.012899 0.049744 0.872666 0.040214 0.024476
2 2 0.010695 0.043702 0.888541 0.036644 0.020418
2 2 0.007168 0.026727 0.913685 0.041674 0.010746
2 2 0.007943 0.021775 0.897349 0.065181 0.007751
2 2 0.011208 0.022672 0.836309 0.121968 0.007843
2 2 0.009196 0.017326 0.818111 0.149967 0.005401
2 2 0.007946 0.016710 0.862607 0.107780 0.004957
2 2 0.007443 0.018333 0.894733 0.073908 0.005583
2 2 0.005118 0.015141 0.918165 0.056763 0.004812
2 2 0.006398 0.014920 0.887709 0.086537 0.004436
2 2 0.008652 0.014828 0.814525 0.157824 0.004171
2 2 0.009662 0.014720 0.710876 0.260269 0.004472
2 2 0.009288 0.013773 0.668099 0.304566 0.004273
2 2 0.008818 0.012911 0.660389 0.313828 0.004054
2 2 0.007794 0.011684 0.683307 0.293708 0.003507
2 2 0.007336 0.010935 0.665245 0.313220 0.003264
2 2 0.006718 0.009732 0.592988 0.387625 0.002937
2 2 0.010096 0.013228 0.504931 0.466917 0.004829
3 2 0.015047 0.017433 0.368144 0.591450 0.007926
3 2 0.020778 0.022093 0.296127 0.649132 0.011870
3 2 0.022362 0.023588 0.273737 0.667416 0.012897
3 2 0.015121 0.017229 0.312489 0.647202 0.007959
3 2 0.018946 0.021055 0.336816 0.612701 0.010482
3 2 0.080478 0.075849 0.284173 0.499521 0.059979
0 2 0.312764 0.115137 0.153584 0.276172 0.142342
0 0 0.423929 0.099802 0.099029 0.236240 0.140999
0 0 0.502168 0.088324 0.078376 0.192566 0.138566
0 0 0.599085 0.080141 0.051056 0.128744 0.140975
0 0 0.687108 0.060883 0.031581 0.099125 0.121303
0 0 0.835200 0.028873 0.011250 0.046601 0.078076
0 0 0.825001 0.028708 0.010777 0.061538 0.073975
0 0 0.716035 0.051063 0.024048 0.103548 0.105306
0 0 0.687982 0.064042 0.034816 0.082779 0.130380
0 0 0.469242 0.130958 0.111418 0.074881 0.213500
0 0 0.291580 0.178858 0.189335 0.119888 0.220340
4 0 0.182097 0.213573 0.254158 0.078078 0.272093
4 0 0.122812 0.231543 0.246115 0.043705 0.355826
4 0 0.153430 0.226420 0.227620 0.061366 0.331164
4 0 0.101043 0.235222 0.216819 0.031977 0.414938
4 0 0.124926 0.208532 0.158109 0.018166 0.490267
4 0 0.150083 0.168422 0.099400 0.008094 0.574000
4 0 0.212149 0.154972 0.088409 0.009334 0.535136
4 0 0.217772 0.153083 0.086668 0.009251 0.533226
4 0 0.218825 0.149160 0.082196 0.008371 0.541448
4 0 0.131306 0.167571 0.096969 0.006746 0.597408
4 0 0.116720 0.183770 0.116754 0.008779 0.573977
4 0 0.127732 0.197623 0.138957 0.013891 0.521797
4 0 0.123998 0.203213 0.148028 0.015516 0.509246
4 0 0.104729 0.211188 0.159526 0.015554 0.509003
4 0 0.127693 0.209611 0.160815 0.019330 0.482551
4 1 0.153540 0.215317 0.181721 0.032031 0.417391
4 1 0.143537 0.223154 0.200495 0.038389 0.394425
4 1 0.114673 0.234174 0.221620 0.039021 0.390511
4 1 0.127564 0.230398 0.216360 0.041245 0.384433
4 1 0.124527 0.222778 0.190182 0.028334 0.434179
4 1 0.190309 0.212688 0.196627 0.053182 0.347194
4 1 0.196874 0.205082 0.173046 0.038851 0.386148
4 1 0.244765 0.197262 0.186613 0.067355 0.304005
4 1 0.241351 0.191585 0.156489 0.040212 0.370363
4 1 0.213123 0.203839 0.179282 0.048203 0.355553
4 1 0.198399 0.209892 0.191814 0.052609 0.347286
4 1 0.258593 0.191812 0.169993 0.057390 0.322211
0 1 0.437294 0.139820 0.123532 0.082173 0.217181
4 1 0.266001 0.191090 0.180223 0.073726 0.288959
0 1 0.267431 0.190281 0.188433 0.088488 0.265367
