2 0 0.273871 0.223539 0.290086 0.091691 0.120813
2 0 0.194064 0.303764 0.310119 0.042429 0.149624
0 0 0.408576 0.258164 0.170898 0.040174 0.122188
0 0 0.495249 0.222726 0.127528 0.032619 0.121878
0 1 0.390228 0.264906 0.180870 0.042083 0.121913
1 1 0.241294 0.291401 0.261635 0.047695 0.157975
4 1 0.102925 0.238573 0.306105 0.030730 0.321667
4 1 0.061503 0.152801 0.326263 0.028693 0.430740
4 4 0.113230 0.127151 0.223252 0.037356 0.499011
4 4 0.095853 0.129749 0.174193 0.032207 0.567997
4 4 0.109236 0.167697 0.217265 0.039333 0.466468
4 4 0.108712 0.194285 0.233553 0.039860 0.423590
4 4 0.077430 0.217000 0.309643 0.037607 0.358320
4 4 0.066167 0.205714 0.310112 0.033655 0.384352
2 4 0.061244 0.229170 0.366711 0.036843 0.306032
2 4 0.048790 0.229086 0.403329 0.031268 0.287527
2 4 0.040544 0.216273 0.444651 0.027187 0.271345
2 4 0.037388 0.182623 0.465726 0.027556 0.286707
2 4 0.039938 0.185432 0.466358 0.029754 0.278518
4 4 0.048115 0.188627 0.318882 0.026369 0.418008
2 4 0.062977 0.204865 0.362611 0.032768 0.336778
2 4 0.071609 0.236613 0.371398 0.036637 0.283744
2 4 0.051823 0.198477 0.507626 0.036640 0.205434
2 4 0.038486 0.184577 0.546706 0.032173 0.198058
2 4 0.035135 0.185542 0.572734 0.029763 0.176826
2 4 0.032973 0.200108 0.572161 0.026505 0.168254
2 4 0.046467 0.245029 0.449079 0.030728 0.228697
2 4 0.044169 0.241828 0.515849 0.032433 0.165721
2 1 0.036936 0.212188 0.581814 0.030458 0.138604
2 1 0.036217 0.208792 0.598071 0.030787 0.126133
2 1 0.035193 0.195814 0.629613 0.032303 0.107077
2 1 0.028169 0.156361 0.717282 0.031719 0.066469
2 1 0.027599 0.143478 0.740428 0.033871 0.054624
2 1 0.025616 0.126852 0.771180 0.035115 0.041236
2 1 0.025895 0.100500 0.797970 0.042629 0.033006
2 1 0.032191 0.079527 0.796170 0.065591 0.026522
2 1 0.030702 0.053823 0.812107 0.079384 0.023984
2 2 0.030400 0.033032 0.765646 0.146338 0.024585
2 2 0.032862 0.020323 0.593463 0.325001 0.028351
2 2 0.027040 0.016212 0.548265 0.383065 0.025417
2 2 0.025757 0.015368 0.485520 0.447474 0.025881
2 2 0.027982 0.016870 0.543919 0.384998 0.026231
2 2 0.028301 0.017097 0.535833 0.392095 0.026673
2 2 0.021461 0.012408 0.547093 0.397922 0.021116
3 2 0.016843 0.009426 0.462416 0.492663 0.018652
3 3 0.022490 0.013172 0.452115 0.488366 0.023857
3 3 0.021112 0.012279 0.424046 0.519366 0.023196
3 3 0.019057 0.010888 0.443843 0.505239 0.020974
3 3 0.017364 0.009781 0.442525 0.510881 0.019449
3 3 0.017952 0.010149 0.457716 0.494447 0.019736
3 3 0.023395 0.013823 0.425509 0.512074 0.025199
3 3 0.025830 0.015479 0.437846 0.493813 0.027032
3 3 0.023366 0.013842 0.401423 0.535682 0.025687
3 3 0.022728 0.013436 0.384840 0.553534 0.025462
3 3 0.021748 0.012902 0.322978 0.616510 0.025862
3 3 0.022800 0.013879 0.246132 0.688422 0.028767
3 3 0.020442 0.012416 0.202540 0.737189 0.027413
3 3 0.019425 0.011916 0.161881 0.779324 0.027453
3 3 0.018479 0.011427 0.133705 0.809127 0.027261
3 3 0.018448 0.011440 0.128914 0.813802 0.027396
3 3 0.022247 0.014165 0.132398 0.799341 0.031849
3 3 0.023270 0.014969 0.127142 0.801331 0.033288
3 3 0.024040 0.015418 0.140002 0.786916 0.033623
3 3 0.016316 0.009919 0.130802 0.818289 0.024674
3 3 0.016904 0.010264 0.141671 0.806102 0.025059
3 3 0.019454 0.012236 0.119862 0.819459 0.028990
3 3 0.027943 0.018702 0.110893 0.802856 0.039606
3 3 0.022058 0.014415 0.095796 0.834352 0.033379
3 3 0.017076 0.010783 0.090644 0.854269 0.027227
3 3 0.015405 0.009689 0.079293 0.870097 0.025516
3 3 0.011608 0.007089 0.068095 0.892598 0.020611
3 3 0.015120 0.009491 0.078507 0.871721 0.025160
3 3 0.017463 0.010437 0.081104 0.863447 0.027549
3 3 0.017815 0.011378 0.085655 0.856694 0.028457
3 3 0.014597 0.009129 0.077043 0.874728 0.024502
3 3 0.015069 0.009455 0.078364 0.872017 0.025095
3 3 0.014860 0.009311 0.077781 0.873216 0.024833
3 3 0.011985 0.007343 0.069283 0.890274 0.021115
3 3 0.015255 0.009585 0.078881 0.870949 0.025329
3 3 0.014161 0.008054 0.071143 0.883289 0.023352
3 3 0.013578 0.008427 0.074107 0.880687 0.023201
3 3 0.015198 0.009545 0.078723 0.871277 0.025257
3 3 0.021500 0.012584 0.087878 0.846222 0.031816
3 3 0.023270 0.012772 0.087164 0.843699 0.033095
3 3 0.015351 0.009592 0.078810 0.870842 0.025405
3 3 0.017209 0.010312 0.080706 0.864495 0.027279
3 3 0.017366 0.009745 0.077467 0.868452 0.026970
3 3 0.018634 0.011959 0.087710 0.852267 0.029431
3 3 0.018561 0.011907 0.087529 0.852659 0.029344
3 3 0.014975 0.009391 0.078104 0.872552 0.024978
3 3 0.013528 0.008394 0.073963 0.880977 0.023138
3 3 0.016456 0.010422 0.082130 0.864178 0.026813
3 3 0.019718 0.011849 0.086039 0.852283 0.030112
3 3 0.015775 0.009846 0.079746 0.868729 0.025903
3 3 0.014795 0.008663 0.074080 0.878164 0.024299
3 3 0.010602 0.006075 0.062411 0.901956 0.018955
3 3 0.010831 0.006386 0.064316 0.899060 0.019407
3 3 0.011768 0.006580 0.064461 0.896876 0.020315
3 3 0.021110 0.010631 0.078639 0.859475 0.030146
3 3 0.028683 0.012218 0.080524 0.842677 0.035898
3 3 0.032278 0.014536 0.088120 0.825421 0.039645
3 3 0.024000 0.010646 0.076410 0.857006 0.031938
3 3 0.021156 0.010212 0.076459 0.862328 0.029846
3 3 0.021893 0.009331 0.071288 0.867921 0.029568
3 3 0.024710 0.009731 0.071338 0.862650 0.031571
3 3 0.029038 0.011930 0.078994 0.844175 0.035863
3 3 0.039979 0.014492 0.083509 0.818476 0.043544
3 3 0.031192 0.013397 0.084056 0.833155 0.038200
3 3 0.017153 0.009478 0.076216 0.870534 0.026619
3 3 0.015129 0.009440 0.078205 0.872096 0.025130
3 3 0.016025 0.009156 0.075582 0.873664 0.025573
3 3 0.019513 0.009512 0.074180 0.868564 0.028231
3 3 0.019747 0.008612 0.069071 0.874952 0.027618
3 3 0.024723 0.010106 0.073211 0.860052 0.031907
3 3 0.030610 0.011137 0.074422 0.847798 0.036033
3 3 0.025879 0.008865 0.066171 0.867670 0.031414
3 3 0.015120 0.006695 0.061644 0.893692 0.022850
3 3 0.015424 0.006913 0.062749 0.891652 0.023262
3 3 0.044091 0.025650 0.119250 0.758208 0.052800
3 3 0.018934 0.012172 0.088450 0.850659 0.029785
3 3 0.062009 0.044853 0.201623 0.624303 0.067212
3 3 0.129444 0.081393 0.177795 0.502604 0.108763
3 3 0.028737 0.015809 0.095866 0.821086 0.038502
3 3 0.032478 0.015206 0.090713 0.821368 0.040235
3 3 0.023570 0.011350 0.080173 0.852669 0.032238
3 3 0.019629 0.009809 0.075667 0.866349 0.028546
3 3 0.022605 0.012483 0.086394 0.846051 0.032467
3 3 0.028799 0.015311 0.093774 0.823905 0.038212
3 3 0.029668 0.015790 0.095073 0.820429 0.039040
3 3 0.025883 0.013380 0.087761 0.837833 0.035143
3 3 0.031796 0.015150 0.090945 0.822292 0.039818
3 3 0.017258 0.008502 0.070608 0.877726 0.025906
3 3 0.011547 0.005914 0.060088 0.902899 0.019552
3 3 0.018492 0.009194 0.073365 0.871645 0.027303
3 3 0.040821 0.016618 0.091132 0.805849 0.045581
3 3 0.093481 0.037232 0.124145 0.665068 0.080074
3 3 0.182217 0.068080 0.142580 0.487572 0.119551
3 2 0.147726 0.086578 0.175521 0.474310 0.115865
3 2 0.068277 0.049355 0.253620 0.560074 0.068673
3 2 0.038430 0.025103 0.286927 0.607122 0.042418
3 2 0.036335 0.023338 0.325246 0.575875 0.039205
3 2 0.089310 0.064702 0.334390 0.434827 0.076771
0 1 0.323109 0.123209 0.199637 0.211132 0.142913
0 1 0.580734 0.139990 0.067858 0.062856 0.148562
0 0 0.593550 0.154174 0.072104 0.043559 0.136613
0 1 0.375482 0.229767 0.157127 0.069663 0.167961
0 1 0.294338 0.205330 0.187749 0.072744 0.239838
2 0 0.147006 0.197265 0.356810 0.073049 0.225870
2 1 0.078841 0.198390 0.508550 0.075408 0.138812
2 1 0.065980 0.108883 0.643432 0.122178 0.059528
2 1 0.032897 0.022514 0.607274 0.308504 0.028810
3 2 0.019126 0.010912 0.465023 0.484275 0.020664
3 2 0.019263 0.011031 0.437330 0.511098 0.021277
2 2 0.023044 0.013509 0.489164 0.450711 0.023571
2 2 0.024973 0.014785 0.549175 0.387244 0.023823
2 2 0.023552 0.020517 0.727695 0.207437 0.020800
2 2 0.020649 0.027011 0.830716 0.104443 0.017181
2 2 0.020768 0.043466 0.859070 0.059728 0.016968
2 2 0.014789 0.042742 0.887759 0.041840 0.012871
2 2 0.011216 0.037529 0.907656 0.033500 0.010100
2 2 0.010091 0.029060 0.917073 0.034846 0.008931
2 2 0.011499 0.025860 0.909767 0.043116 0.009757
2 2 0.015126 0.027540 0.889160 0.055887 0.012287
2 2 0.017815 0.032169 0.874938 0.060732 0.014346
2 2 0.019058 0.032153 0.866725 0.066812 0.015253
2 2 0.020289 0.027163 0.827376 0.107927 0.017245
2 2 0.021016 0.020120 0.754292 0.185698 0.018874
2 2 0.023733 0.018771 0.672772 0.262788 0.021936
2 2 0.026189 0.019599 0.678102 0.253077 0.023033
2 2 0.026525 0.029495 0.780858 0.141195 0.021928
2 2 0.024104 0.038727 0.840246 0.077894 0.019030
2 2 0.019943 0.039904 0.863717 0.060219 0.016218
2 2 0.016519 0.036985 0.881229 0.051490 0.013778
2 2 0.016246 0.034305 0.883089 0.052917 0.013444
2 2 0.018596 0.034743 0.870915 0.060726 0.015020
2 2 0.022499 0.040845 0.851188 0.067534 0.017934
2 2 0.049842 0.068122 0.732293 0.113122 0.036620
2 2 0.121578 0.139406 0.490702 0.165864 0.082451
0 0 0.295038 0.221388 0.235363 0.111987 0.136223
2 1 0.126296 0.264167 0.407748 0.107904 0.093885
2 1 0.105345 0.219071 0.489562 0.107571 0.078450
2 2 0.043147 0.083173 0.753569 0.086520 0.033591
2 2 0.039906 0.074368 0.769113 0.085572 0.031041
2 2 0.060176 0.132289 0.669675 0.089700 0.048161
2 2 0.048861 0.119785 0.714285 0.077953 0.039116
2 2 0.038920 0.102736 0.758368 0.068096 0.031881
2 2 0.032691 0.081661 0.793220 0.065619 0.026808
2 2 0.026347 0.065360 0.826476 0.060000 0.021817
2 2 0.019341 0.054900 0.861188 0.047992 0.016579
2 2 0.020551 0.059820 0.853409 0.048591 0.017629
2 2 0.025333 0.074854 0.825359 0.052896 0.021559
2 2 0.028774 0.075720 0.809423 0.059128 0.026955
2 2 0.035501 0.091241 0.775158 0.065697 0.032403
2 2 0.032338 0.080139 0.794599 0.066336 0.026588
2 2 0.027923 0.070772 0.816574 0.061512 0.023217
2 2 0.028841 0.070411 0.813962 0.063064 0.023721
2 2 0.027639 0.076399 0.815468 0.057299 0.023195
2 2 0.032761 0.087504 0.789416 0.062866 0.027453
2 2 0.044821 0.106698 0.735685 0.076896 0.035901
2 2 0.047067 0.104149 0.729482 0.082095 0.037207
2 2 0.034052 0.086525 0.785441 0.066046 0.027935
2 2 0.042368 0.086978 0.754749 0.082586 0.033319
2 2 0.043967 0.100644 0.742080 0.078254 0.035055
2 2 0.060632 0.128733 0.671276 0.092387 0.046972
2 2 0.088560 0.177316 0.560541 0.107144 0.066439
0 0 0.277975 0.241407 0.241767 0.105281 0.133569
2 0 0.216349 0.273594 0.282441 0.104950 0.122666
2 0 0.107875 0.292469 0.403471 0.081185 0.115000
2 1 0.052084 0.179034 0.633153 0.057576 0.078152
2 1 0.024491 0.108076 0.774951 0.034994 0.057488
2 2 0.021828 0.088828 0.813433 0.036613 0.039299
2 2 0.024710 0.102486 0.793345 0.038583 0.040875
2 2 0.030199 0.115176 0.760749 0.044070 0.049806
2 2 0.035796 0.144451 0.713413 0.044938 0.061403
2 2 0.037886 0.145006 0.693420 0.045989 0.077700
2 2 0.050307 0.156667 0.657296 0.061053 0.074678
2 2 0.039160 0.128209 0.720834 0.054548 0.057249
2 2 0.030045 0.118011 0.761395 0.043524 0.047024
2 2 0.028871 0.121509 0.761674 0.040732 0.047214
2 2 0.031557 0.140516 0.745472 0.042210 0.040246
2 2 0.035664 0.132040 0.745957 0.051940 0.034398
2 2 0.034806 0.118918 0.761392 0.055126 0.029759
2 2 0.038431 0.140311 0.733446 0.054821 0.032992
2 2 0.045683 0.155707 0.699013 0.061134 0.038463
2 2 0.042362 0.151885 0.707613 0.056221 0.041919
2 2 0.030793 0.112300 0.773239 0.048276 0.035391
2 2 0.030446 0.094260 0.790303 0.054241 0.030749
2 2 0.034986 0.093250 0.777578 0.064569 0.029618
2 2 0.037782 0.113852 0.751141 0.060431 0.036795
2 2 0.042634 0.156238 0.695944 0.053855 0.051328
2 2 0.039790 0.185865 0.677289 0.043956 0.053100
2 2 0.041304 0.196808 0.649778 0.042091 0.070018
2 2 0.035294 0.151020 0.705979 0.042488 0.065220
2 2 0.053395 0.126940 0.681549 0.077636 0.060480
2 2 0.093305 0.141275 0.557750 0.126711 0.080960
2 0 0.087874 0.174402 0.533355 0.098425 0.105944
2 0 0.064386 0.219298 0.506351 0.054536 0.155429
2 0 0.055548 0.242594 0.473859 0.040542 0.187458
2 1 0.041280 0.238738 0.453110 0.026915 0.239957
2 1 0.047872 0.229167 0.453914 0.033173 0.235874
2 1 0.048625 0.172011 0.629292 0.052445 0.097627
2 1 0.031110 0.190219 0.652741 0.029102 0.096827
2 1 0.038568 0.215126 0.640003 0.036490 0.069813
2 1 0.036930 0.202648 0.660690 0.036868 0.062865
2 1 0.038697 0.193766 0.662975 0.040004 0.064557
2 1 0.027039 0.143489 0.741643 0.033040 0.054789
2 1 0.043689 0.152084 0.673574 0.052528 0.078126
0 1 0.283513 0.186638 0.250904 0.078893 0.200053
0 0 0.808198 0.062954 0.017670 0.015506 0.095673
0 0 0.941010 0.014577 0.002192 0.002092 0.040129
0 0 0.959151 0.009404 0.001092 0.000981 0.029372
0 0 0.960823 0.009031 0.001005 0.000881 0.028261
0 0 0.950124 0.012066 0.001593 0.001453 0.034763
0 0 0.945931 0.013156 0.001861 0.001750 0.037302
0 0 0.940425 0.013949 0.002268 0.002391 0.040966
0 0 0.952870 0.010241 0.001469 0.001574 0.033846
0 0 0.932494 0.015913 0.002873 0.003168 0.045553
0 0 0.887313 0.028260 0.007305 0.008801 0.068321
0 0 0.802872 0.062503 0.018738 0.017598 0.098289
0 0 0.477502 0.172770 0.095685 0.031009 0.223035
2 0 0.184331 0.266648 0.269100 0.041117 0.238803
2 0 0.087974 0.293225 0.416615 0.041579 0.160607
2 0 0.046760 0.262930 0.479575 0.030405 0.180330
2 0 0.045912 0.255055 0.467428 0.029075 0.202530
2 0 0.048316 0.246036 0.439955 0.030666 0.235027
2 0 0.043687 0.232076 0.428573 0.028158 0.267507
2 0 0.043840 0.227165 0.417315 0.028052 0.283627
2 1 0.037472 0.230096 0.451532 0.024156 0.256745
2 1 0.034658 0.225880 0.488571 0.023406 0.227486
2 1 0.033136 0.212320 0.550926 0.025106 0.178511
2 1 0.036361 0.205883 0.572923 0.029738 0.155095
2 1 0.028666 0.178774 0.619150 0.025155 0.148255
2 1 0.029213 0.183547 0.575643 0.023737 0.187860
2 1 0.035194 0.199243 0.506809 0.026030 0.232724
2 1 0.033298 0.182670 0.499722 0.025044 0.259265
2 1 0.036330 0.152594 0.611358 0.036212 0.163505
2 1 0.065135 0.160989 0.548378 0.068685 0.156813
2 0 0.231999 0.114098 0.277111 0.253655 0.123137
3 0 0.213076 0.063569 0.260211 0.356082 0.107062
0 0 0.420246 0.089254 0.157711 0.191417 0.141371
0 0 0.696701 0.087644 0.053469 0.040620 0.121565
0 0 0.845913 0.042838 0.012521 0.013897 0.084830
0 0 0.860958 0.040936 0.010291 0.010065 0.077750
0 0 0.785749 0.066284 0.021798 0.021717 0.104452
0 0 0.571940 0.147613 0.069986 0.061457 0.149005
0 0 0.552777 0.153993 0.075493 0.066296 0.151442
0 0 0.357603 0.223616 0.172563 0.098520 0.147697
2 0 0.195947 0.290646 0.314186 0.087638 0.111583
2 0 0.045873 0.217453 0.617447 0.043664 0.075564
2 0 0.045424 0.244947 0.550380 0.035723 0.123526
2 0 0.035606 0.191162 0.617831 0.032336 0.123065
2 0 0.026331 0.149590 0.678449 0.027034 0.118596
2 0 0.025032 0.140251 0.655482 0.025063 0.154172
2 0 0.023717 0.144636 0.591276 0.020936 0.219435
2 0 0.025772 0.163986 0.511811 0.019493 0.278939
2 0 0.031071 0.189512 0.385951 0.018951 0.374515
4 0 0.032561 0.183886 0.364557 0.019710 0.399285
2 0 0.037275 0.200171 0.382903 0.023025 0.356627
2 0 0.040365 0.225145 0.427123 0.025785 0.281582
2 0 0.034737 0.222559 0.447812 0.022171 0.272721
2 0 0.035552 0.208706 0.410897 0.022225 0.322621
2 0 0.048575 0.208265 0.389473 0.031845 0.321841
4 0 0.068455 0.177213 0.336216 0.048799 0.369318
4 0 0.102022 0.167069 0.196231 0.044517 0.490161
4 0 0.134291 0.174040 0.182589 0.047876 0.461203
4 0 0.060693 0.206331 0.323705 0.037489 0.371782
2 0 0.045020 0.236316 0.432386 0.029187 0.257091
2 0 0.032197 0.195183 0.544377 0.024873 0.203371
2 0 0.026113 0.173442 0.610582 0.022314 0.167549
2 0 0.024544 0.177662 0.596205 0.019946 0.181644
2 0 0.026012 0.180363 0.579656 0.020783 0.193185
2 0 0.025723 0.174971 0.599665 0.021431 0.178210
2 0 0.030252 0.174628 0.546824 0.024318 0.223979
2 0 0.033140 0.160399 0.503964 0.026741 0.275755
2 0 0.036106 0.158985 0.478670 0.028850 0.297388
2 0 0.043901 0.182102 0.435607 0.031972 0.306417
2 0 0.045434 0.192489 0.461278 0.032514 0.268284
4 0 0.052914 0.208071 0.346547 0.031050 0.361418
2 0 0.040991 0.193981 0.407815 0.027447 0.329767
2 1 0.048383 0.204996 0.382248 0.031557 0.332817
2 1 0.035781 0.184458 0.537797 0.028917 0.213046
2 1 0.032332 0.158573 0.625193 0.031297 0.152605
2 1 0.032668 0.130395 0.707143 0.040400 0.089393
2 0 0.028000 0.138044 0.734155 0.034289 0.065512
2 0 0.025506 0.148663 0.719053 0.028319 0.078459
2 1 0.034980 0.175258 0.654921 0.035175 0.099665
2 1 0.038199 0.153274 0.682218 0.044324 0.081985
2 1 0.050629 0.181468 0.639668 0.056019 0.072217
2 1 0.038054 0.160353 0.693234 0.044771 0.063588
2 1 0.029132 0.125924 0.748791 0.039027 0.057126
2 1 0.021608 0.093378 0.798689 0.033499 0.052826
2 1 0.019526 0.085431 0.813513 0.031653 0.049878
2 1 0.023164 0.094612 0.789808 0.035684 0.056731
2 2 0.030838 0.097478 0.773962 0.050592 0.047130
2 2 0.030547 0.073973 0.800049 0.062487 0.032944
2 2 0.022046 0.041443 0.853320 0.065512 0.017680
2 2 0.014813 0.029158 0.891039 0.052806 0.012184
2 2 0.012810 0.031393 0.901688 0.043154 0.010954
2 2 0.020782 0.046168 0.858296 0.057625 0.017128
2 2 0.025735 0.054696 0.833434 0.065277 0.020858
2 2 0.071706 0.112112 0.644662 0.118879 0.052641
2 1 0.101835 0.188800 0.521589 0.113572 0.074203
2 1 0.273456 0.211433 0.299616 0.095786 0.119709
0 1 0.386927 0.192060 0.196124 0.067035 0.157855
0 0 0.592391 0.143008 0.065655 0.028120 0.170826
0 1 0.292472 0.254028 0.202450 0.045324 0.205726
2 1 0.173681 0.288415 0.302583 0.071262 0.164059
2 2 0.049239 0.114204 0.713001 0.079613 0.043943
2 2 0.037675 0.059631 0.781718 0.092277 0.028698
2 2 0.029715 0.038266 0.797390 0.111219 0.023411
2 2 0.024774 0.042207 0.835518 0.077678 0.019823
2 2 0.023816 0.055470 0.841473 0.059604 0.019637
2 2 0.030818 0.076949 0.802885 0.064003 0.025346
2 2 0.047807 0.092103 0.732942 0.090136 0.037012
2 2 0.080285 0.118522 0.605517 0.136375 0.059301
2 0 0.122016 0.139195 0.456227 0.195568 0.086994
2 0 0.217861 0.194146 0.330618 0.140096 0.117279
2 0 0.190275 0.201562 0.349844 0.145462 0.112856
2 1 0.141581 0.277724 0.345367 0.067298 0.168030
2 1 0.089426 0.167166 0.512428 0.133045 0.097935
2 2 0.037626 0.068243 0.779961 0.084927 0.029244
2 2 0.014863 0.047336 0.885157 0.039526 0.013117
2 2 0.019929 0.041532 0.863495 0.058741 0.016304
2 2 0.021482 0.045499 0.855231 0.060233 0.017554
2 2 0.030080 0.050918 0.815253 0.080348 0.023401
2 2 0.040007 0.083064 0.765201 0.080119 0.031609
2 2 0.077487 0.157291 0.603822 0.102640 0.058760
2 2 0.132377 0.283372 0.418839 0.078515 0.086897
2 2 0.095868 0.283785 0.449292 0.059511 0.111545
2 2 0.061772 0.223779 0.559299 0.057064 0.098086
2 2 0.046035 0.157206 0.659560 0.053950 0.083248
2 2 0.040005 0.118095 0.737929 0.061823 0.042148
2 0 0.048832 0.154929 0.688549 0.065218 0.042471
2 0 0.040200 0.142437 0.726205 0.056878 0.034279
2 1 0.039088 0.120712 0.745827 0.061635 0.032738
2 2 0.030061 0.079223 0.804545 0.061222 0.024949
2 2 0.032840 0.097719 0.778641 0.057223 0.033576
2 2 0.034138 0.102900 0.770574 0.057711 0.034678
2 2 0.045608 0.133775 0.706517 0.064838 0.049262
2 2 0.049534 0.114334 0.710370 0.079459 0.046303
2 2 0.053877 0.111464 0.702135 0.089881 0.042643
2 2 0.050776 0.099559 0.719157 0.091227 0.039281
2 2 0.059858 0.101261 0.687607 0.106358 0.044916
2 2 0.058946 0.082444 0.691148 0.123847 0.043615
2 2 0.044452 0.073132 0.738757 0.108622 0.035037
2 2 0.041317 0.077915 0.762457 0.086174 0.032136
2 2 0.036925 0.077639 0.779186 0.076900 0.029349
2 2 0.046601 0.073984 0.743724 0.100567 0.035124
2 2 0.053225 0.070267 0.719213 0.118525 0.038770
2 2 0.048561 0.058668 0.720461 0.135863 0.036448
2 2 0.053948 0.050957 0.663795 0.190484 0.040816
2 2 0.051869 0.034603 0.579335 0.293463 0.040729
2 2 0.041075 0.026342 0.553012 0.344419 0.035152
2 2 0.043135 0.027899 0.526772 0.364719 0.037474
2 2 0.045965 0.030065 0.504009 0.379727 0.040234
2 2 0.047588 0.031386 0.457894 0.419971 0.043161
3 2 0.035696 0.022695 0.369484 0.534921 0.037205
3 2 0.024900 0.015127 0.308625 0.622090 0.029259
3 2 0.026149 0.015901 0.343372 0.585011 0.029567
3 2 0.029945 0.018721 0.308275 0.609032 0.034027
3 2 0.032037 0.020307 0.293571 0.617675 0.036411
3 3 0.026621 0.016543 0.257436 0.667064 0.032336
3 3 0.036409 0.023792 0.252147 0.645729 0.041922
3 3 0.042661 0.029127 0.195391 0.682463 0.050359
3 3 0.040382 0.027713 0.163915 0.718107 0.049883
3 3 0.021193 0.013289 0.145572 0.789860 0.030086
3 3 0.014425 0.008503 0.151367 0.804010 0.021695
3 3 0.012223 0.007098 0.133986 0.827391 0.019303
3 3 0.014631 0.008751 0.130349 0.823727 0.022542
3 3 0.021011 0.013205 0.139311 0.796366 0.030107
3 3 0.017723 0.011100 0.106595 0.837223 0.027359
3 3 0.016839 0.010441 0.109439 0.837175 0.026106
3 3 0.017690 0.011062 0.108211 0.835786 0.027250
3 3 0.017572 0.010818 0.128638 0.816651 0.026321
3 3 0.016864 0.010462 0.109025 0.837495 0.026154
3 3 0.017217 0.010758 0.103974 0.841234 0.026817
3 3 0.017934 0.011428 0.088929 0.853263 0.028446
3 3 0.019023 0.012191 0.092399 0.846693 0.029694
3 3 0.015437 0.009711 0.079380 0.869917 0.025555
3 3 0.017683 0.011271 0.086545 0.856267 0.028235
3 3 0.014111 0.008794 0.075657 0.877552 0.023885
3 3 0.023366 0.015366 0.098696 0.827733 0.034839
3 3 0.020396 0.013217 0.091966 0.842935 0.031486
3 3 0.019450 0.010983 0.081944 0.858305 0.029318
3 3 0.016225 0.009867 0.079351 0.868309 0.026248
3 3 0.024451 0.014229 0.092722 0.833767 0.034832
3 3 0.030603 0.016430 0.096933 0.816033 0.040002
3 3 0.021043 0.012967 0.090135 0.844089 0.031766
3 3 0.016618 0.010275 0.081152 0.865128 0.026827
3 3 0.018882 0.011115 0.083183 0.857794 0.029025
3 3 0.020890 0.013369 0.092175 0.841643 0.031923
3 3 0.016952 0.010770 0.083433 0.861428 0.027417
3 3 0.013099 0.008100 0.072689 0.883531 0.022581
3 3 0.010250 0.006180 0.063641 0.901171 0.018758
3 3 0.009830 0.005901 0.062203 0.903895 0.018171
3 3 0.011605 0.007041 0.067780 0.893003 0.020570
3 3 0.013740 0.007863 0.070449 0.885063 0.022885
3 3 0.020590 0.009858 0.075098 0.865251 0.029203
3 3 0.022235 0.010575 0.077421 0.858958 0.030810
3 3 0.030280 0.014248 0.088263 0.828880 0.038329
3 3 0.020365 0.010262 0.077394 0.862598 0.029381
3 3 0.028648 0.013482 0.086135 0.834891 0.036845
3 3 0.041372 0.013864 0.080354 0.820728 0.043682
3 3 0.057228 0.019284 0.092504 0.776025 0.054959
3 3 0.074234 0.024683 0.101675 0.733863 0.065545
3 3 0.077333 0.024049 0.098845 0.733520 0.066253
3 3 0.055144 0.021449 0.100235 0.767565 0.055606
3 3 0.032441 0.014064 0.086066 0.828045 0.039383
3 3 0.032085 0.014452 0.087900 0.826086 0.039478
3 3 0.020408 0.010622 0.079210 0.860074 0.029686
3 3 0.020243 0.011526 0.083924 0.854065 0.030242
3 3 0.014443 0.009023 0.076607 0.875619 0.024308
3 3 0.013021 0.007534 0.069223 0.888148 0.022075
3 3 0.011770 0.006690 0.065207 0.895923 0.020410
3 3 0.017834 0.008635 0.070839 0.876287 0.026404
3 3 0.022514 0.010647 0.077557 0.858242 0.031040
3 3 0.026968 0.013067 0.085531 0.838869 0.035566
3 3 0.038299 0.019897 0.104411 0.790921 0.046471
3 3 0.030687 0.015113 0.091567 0.823463 0.039170
3 3 0.023914 0.011278 0.079559 0.852856 0.032392
3 3 0.028001 0.013698 0.087544 0.834128 0.036629
3 3 0.023895 0.011700 0.081596 0.850105 0.032704
3 3 0.022233 0.010713 0.078113 0.858023 0.030918
3 3 0.017712 0.009890 0.077909 0.867168 0.027320
3 3 0.021380 0.009630 0.073255 0.866226 0.029509
3 3 0.090264 0.037482 0.125929 0.667288 0.079037
3 1 0.284949 0.121743 0.152311 0.288930 0.152067
3 1 0.154201 0.130864 0.210194 0.378745 0.125995
3 1 0.079967 0.058343 0.337109 0.453259 0.071322
3 1 0.030331 0.018633 0.441424 0.478924 0.030688
3 1 0.022660 0.013333 0.418181 0.521125 0.024702
3 2 0.017028 0.009574 0.431201 0.522878 0.019318
3 2 0.014776 0.008130 0.430573 0.529335 0.017187
3 2 0.019171 0.011011 0.404535 0.543504 0.021779
3 2 0.037032 0.023518 0.425607 0.477343 0.036500
2 2 0.057306 0.046440 0.568679 0.281083 0.046492
2 2 0.040737 0.060871 0.766497 0.101026 0.030868
2 2 0.021159 0.042419 0.857425 0.061833 0.017164
2 2 0.013600 0.059193 0.874844 0.028646 0.023716
2 2 0.020834 0.058025 0.844893 0.046809 0.029440
2 2 0.049484 0.108218 0.684785 0.074592 0.082920
2 2 0.021701 0.088691 0.800044 0.034540 0.055024
2 2 0.023458 0.063966 0.832940 0.051023 0.028613
2 2 0.018848 0.056761 0.857224 0.043406 0.023761
2 2 0.011953 0.037177 0.903078 0.035369 0.012423
2 2 0.011498 0.042568 0.900437 0.030325 0.015171
2 2 0.013357 0.058305 0.872660 0.027615 0.028063
2 2 0.017688 0.081390 0.830575 0.029928 0.040419
2 1 0.027303 0.115554 0.750746 0.036971 0.069425
2 1 0.046058 0.180288 0.640918 0.049152 0.083585
2 1 0.057094 0.265883 0.475324 0.040619 0.161080
2 1 0.049402 0.257846 0.459597 0.033101 0.200054
2 1 0.048793 0.238645 0.423201 0.031703 0.257657
2 1 0.049465 0.241696 0.427083 0.032281 0.249476
2 1 0.036764 0.201686 0.553622 0.029461 0.178468
2 1 0.028701 0.177200 0.612667 0.025019 0.156413
2 1 0.029168 0.181401 0.579322 0.023956 0.186153
2 1 0.029149 0.180674 0.570279 0.023648 0.196249
2 1 0.027949 0.174385 0.566651 0.022674 0.208341
2 1 0.029296 0.183817 0.542503 0.022634 0.221751
2 1 0.023131 0.162935 0.606062 0.019560 0.188312
2 1 0.022647 0.165263 0.615791 0.019201 0.177098
2 1 0.028102 0.187153 0.540999 0.021244 0.222503
2 1 0.032829 0.195751 0.439002 0.021696 0.310722
2 1 0.034399 0.197156 0.424564 0.022419 0.321463
2 1 0.036369 0.209388 0.418655 0.023114 0.312474
2 1 0.040803 0.200543 0.498863 0.030938 0.228854
2 1 0.053483 0.213111 0.500752 0.042766 0.189888
2 0 0.075756 0.244150 0.520710 0.061919 0.097465
2 1 0.069005 0.282462 0.484791 0.050011 0.113731
2 1 0.061270 0.282733 0.494557 0.045489 0.115951
2 1 0.046023 0.271213 0.507522 0.032290 0.142952
2 1 0.037516 0.228172 0.617095 0.032664 0.084553
2 1 0.040167 0.230352 0.596443 0.034048 0.098989
2 1 0.035561 0.209998 0.636455 0.032527 0.085460
2 1 0.035459 0.213107 0.640556 0.032609 0.078270
2 1 0.037646 0.232368 0.621750 0.033082 0.075154
2 1 0.032590 0.211525 0.654315 0.030187 0.071382
2 1 0.043788 0.228062 0.615406 0.040267 0.072477
2 1 0.061680 0.210499 0.589629 0.062636 0.075555
2 1 0.122801 0.244019 0.423855 0.110455 0.098870
2 1 0.153817 0.281350 0.314453 0.111125 0.139254
2 1 0.120081 0.300675 0.371735 0.087105 0.120404
2 1 0.073073 0.302050 0.461487 0.052924 0.110466
2 1 0.072749 0.304602 0.465716 0.053033 0.103901
2 1 0.042105 0.213249 0.629633 0.040168 0.074844
2 1 0.034647 0.156295 0.711529 0.041706 0.055824
2 1 0.028713 0.121357 0.772073 0.042290 0.035567
2 1 0.025282 0.083708 0.819933 0.049202 0.021875
2 1 0.026713 0.077160 0.818610 0.054918 0.022599
2 2 0.027159 0.078931 0.815827 0.055105 0.022978
2 2 0.034762 0.112233 0.766354 0.057166 0.029484
2 2 0.040213 0.139006 0.728399 0.057708 0.034674
2 2 0.036981 0.128878 0.746552 0.055631 0.031957
2 2 0.029519 0.092686 0.798252 0.054394 0.025149
2 2 0.025973 0.063405 0.828935 0.060214 0.021472
2 2 0.023658 0.045043 0.845194 0.067160 0.018945
2 2 0.018770 0.041710 0.869031 0.054943 0.015545
2 2 0.021674 0.059914 0.848606 0.051400 0.018406
2 2 0.024393 0.082704 0.823971 0.047716 0.021216
2 2 0.025023 0.093967 0.813734 0.045218 0.022058
2 2 0.024490 0.104047 0.808080 0.041385 0.021998
2 2 0.023849 0.112520 0.803628 0.038228 0.021774
2 0 0.030768 0.149082 0.750696 0.041632 0.027823
2 0 0.032148 0.156122 0.740217 0.042201 0.029313
2 1 0.034606 0.143936 0.739929 0.047487 0.034043
2 1 0.036436 0.124511 0.749719 0.055405 0.033928
2 1 0.049522 0.173200 0.673911 0.061718 0.041649
2 1 0.043614 0.186836 0.677425 0.050680 0.041444
2 1 0.037214 0.180734 0.678299 0.040221 0.063532
2 2 0.030253 0.122819 0.753091 0.042139 0.051698
2 2 0.036402 0.134069 0.719583 0.048053 0.061892
2 2 0.034840 0.151080 0.713868 0.042731 0.057480
2 2 0.044012 0.224357 0.608989 0.040010 0.082631
2 2 0.056476 0.288164 0.513313 0.042257 0.099791
2 1 0.053915 0.287420 0.496279 0.038221 0.124166
2 1 0.051261 0.257530 0.520869 0.038892 0.131448
2 1 0.091951 0.220222 0.422248 0.069634 0.195945
0 1 0.452414 0.170839 0.113323 0.081979 0.181446
0 0 0.766703 0.078321 0.024752 0.021724 0.108500
0 0 0.920526 0.022173 0.003724 0.003265 0.050313
0 0 0.853712 0.046135 0.011035 0.009681 0.079438
0 0 0.748702 0.084960 0.028115 0.024677 0.113547
0 0 0.385208 0.242542 0.164373 0.068231 0.139647
2 0 0.101333 0.293583 0.392959 0.050618 0.161507
2 0 0.054071 0.278064 0.480123 0.037536 0.150206
2 1 0.044545 0.198226 0.607763 0.042121 0.107346
2 1 0.031035 0.124367 0.745203 0.042407 0.056987
2 1 0.034902 0.131532 0.733212 0.047530 0.052824
2 1 0.033410 0.165023 0.697931 0.037445 0.066192
2 1 0.026091 0.155478 0.727293 0.029440 0.061698
2 1 0.022629 0.107377 0.793691 0.033509 0.042793
2 1 0.033618 0.080189 0.783335 0.065274 0.037583
2 2 0.046750 0.071186 0.743760 0.103288 0.035016
2 2 0.037834 0.088614 0.765379 0.070395 0.037777
2 2 0.027445 0.118400 0.768245 0.039051 0.046859
2 2 0.038702 0.208401 0.619936 0.035175 0.097786
2 2 0.038516 0.229775 0.576315 0.030911 0.124483
2 2 0.039863 0.219035 0.558526 0.031852 0.150724
2 2 0.043927 0.243851 0.493312 0.030864 0.188046
2 1 0.050975 0.259720 0.457483 0.034237 0.197586
2 1 0.047102 0.267413 0.486846 0.032186 0.166453
2 1 0.054023 0.278931 0.481783 0.037573 0.147691
2 1 0.055174 0.247611 0.549432 0.046221 0.101563
2 1 0.053941 0.233839 0.575464 0.048390 0.088366
2 1 0.050745 0.240267 0.538062 0.040666 0.130260
2 1 0.049129 0.249786 0.484538 0.034782 0.181765
2 1 0.050115 0.262560 0.466046 0.033849 0.187430
2 1 0.047779 0.269657 0.501959 0.033623 0.146982
2 1 0.028187 0.142696 0.747803 0.035893 0.045420
2 1 0.036972 0.114949 0.757712 0.057109 0.033258
2 0 0.051637 0.147603 0.706148 0.055978 0.038634
2 1 0.039289 0.175083 0.691553 0.045825 0.048250
2 1 0.027865 0.141745 0.750064 0.035656 0.044669
2 1 0.024403 0.117626 0.774419 0.033792 0.049760
2 1 0.023240 0.094927 0.806697 0.038210 0.036926
2 1 0.023764 0.089466 0.808625 0.040605 0.037539
2 1 0.028689 0.091247 0.792920 0.050247 0.036897
2 1 0.044988 0.173847 0.657662 0.050236 0.073267
2 1 0.068565 0.166720 0.621809 0.087190 0.055717
2 1 0.038546 0.161394 0.609702 0.038002 0.152356
2 1 0.029101 0.189577 0.568119 0.023003 0.190200
2 1 0.038361 0.186622 0.592309 0.034365 0.148342
2 1 0.048004 0.222935 0.517398 0.037475 0.174188
2 1 0.045474 0.211757 0.570160 0.039193 0.133415
2 1 0.033386 0.166445 0.681697 0.035750 0.082722
2 1 0.028750 0.126474 0.761109 0.039983 0.043684
2 1 0.035756 0.127335 0.746434 0.052554 0.037921
2 1 0.047951 0.181747 0.621674 0.049544 0.099084
2 1 0.038488 0.192352 0.595526 0.034273 0.139361
2 1 0.037766 0.221735 0.477334 0.025858 0.237307
2 1 0.029448 0.182838 0.619952 0.025828 0.141934
2 1 0.026913 0.155740 0.684874 0.027699 0.104774
2 1 0.028001 0.131242 0.739565 0.035416 0.065777
2 1 0.052477 0.149876 0.655430 0.065680 0.076536
2 1 0.246011 0.171851 0.283896 0.168931 0.129311
0 0 0.667581 0.112636 0.045510 0.041038 0.133235
0 0 0.894093 0.030549 0.006304 0.005839 0.063216
0 0 0.932099 0.018233 0.002796 0.002451 0.044421
0 0 0.948037 0.013001 0.001706 0.001496 0.035759
0 0 0.917225 0.023313 0.004008 0.003515 0.051938
0 0 0.907825 0.026596 0.004866 0.004268 0.056445
0 0 0.892233 0.032133 0.006435 0.005644 0.063554
0 0 0.871553 0.039607 0.008782 0.007704 0.072355
0 0 0.680035 0.117370 0.046155 0.031604 0.124837
0 0 0.522774 0.184977 0.098495 0.052484 0.141270
0 0 0.299491 0.140275 0.281281 0.152758 0.126195
0 0 0.531186 0.136044 0.103603 0.082026 0.147140
0 0 0.344028 0.239353 0.214447 0.071733 0.130439
2 0 0.130907 0.314114 0.396685 0.060750 0.097543
2 0 0.064260 0.255935 0.542889 0.056022 0.080894
2 0 0.036170 0.165904 0.682580 0.040039 0.075306
2 0 0.029311 0.141569 0.713969 0.034316 0.080836
2 0 0.025541 0.140389 0.714238 0.028663 0.091169
2 0 0.025994 0.152700 0.647393 0.024952 0.148961
2 1 0.030546 0.176647 0.544840 0.024409 0.223558
2 1 0.036083 0.194230 0.406918 0.023332 0.339438
4 4 0.037870 0.179311 0.331141 0.021256 0.430422
4 4 0.051148 0.164689 0.260029 0.020590 0.503544
4 4 0.049630 0.171624 0.278338 0.022846 0.477562
4 4 0.037904 0.173392 0.316990 0.020211 0.451503
4 4 0.036558 0.175973 0.328065 0.019908 0.439497
2 4 0.031569 0.188196 0.472725 0.022166 0.285345
2 4 0.033569 0.196646 0.451014 0.022673 0.296098
2 4 0.045711 0.212151 0.430356 0.031229 0.280553
2 4 0.058271 0.197457 0.375840 0.040282 0.328150
4 4 0.067399 0.167028 0.299253 0.045578 0.420742
4 4 0.104456 0.167271 0.194436 0.044480 0.489356
4 4 0.164401 0.167174 0.182302 0.066912 0.419211
4 4 0.181947 0.165913 0.171739 0.056208 0.424193
4 4 0.192673 0.166476 0.150319 0.046073 0.444459
4 4 0.117477 0.148593 0.179149 0.047192 0.507589
4 4 0.097066 0.158294 0.214900 0.041249 0.488491
4 4 0.091112 0.165597 0.248203 0.054131 0.440956
4 4 0.073573 0.156347 0.262047 0.066796 0.441237
4 4 0.058658 0.144180 0.361263 0.063265 0.372633
2 4 0.055696 0.139441 0.382430 0.060497 0.361935
4 4 0.051859 0.165107 0.314950 0.034289 0.433795
4 4 0.057553 0.189487 0.297509 0.035157 0.420294
4 4 0.048788 0.199897 0.341456 0.030118 0.379741
2 4 0.046639 0.172751 0.466022 0.037530 0.277057
2 4 0.055204 0.170996 0.413428 0.043082 0.317290
4 4 0.110337 0.194192 0.286415 0.049662 0.359394
4 4 0.141781 0.228410 0.257418 0.045529 0.326862
4 4 0.158447 0.196241 0.221893 0.057274 0.366145
4 4 0.085940 0.152908 0.288087 0.055975 0.417091
4 4 0.049799 0.153000 0.303639 0.029019 0.464544
4 4 0.048396 0.178494 0.296075 0.023519 0.453517
4 4 0.048820 0.187647 0.314267 0.023429 0.425837
4 4 0.059875 0.159359 0.232844 0.024421 0.523500
4 4 0.088613 0.181757 0.232823 0.037438 0.459369
4 4 0.122463 0.181411 0.200510 0.038200 0.457416
4 4 0.154163 0.248463 0.269006 0.051630 0.276737
2 4 0.067465 0.241405 0.374832 0.043931 0.272368
2 4 0.038978 0.171185 0.622992 0.038472 0.128373
2 4 0.024367 0.101587 0.768378 0.034941 0.070727
2 4 0.041465 0.129257 0.694402 0.054749 0.080127
2 4 0.032277 0.131761 0.741449 0.043567 0.050946
2 4 0.031051 0.167804 0.683992 0.032500 0.084653
2 4 0.036102 0.185043 0.639977 0.034846 0.104032
2 1 0.029001 0.139608 0.691760 0.032409 0.107223
2 4 0.021690 0.108048 0.744069 0.027545 0.098648
2 4 0.036168 0.142413 0.624046 0.037983 0.159390
2 4 0.053021 0.192797 0.529016 0.046408 0.178758
2 4 0.046086 0.216051 0.462690 0.032947 0.242226
2 4 0.043436 0.225144 0.499557 0.031818 0.200045
2 4 0.036420 0.176060 0.563521 0.031467 0.192532
2 4 0.027550 0.110419 0.713779 0.035144 0.113108
2 4 0.045544 0.154267 0.535399 0.042833 0.221956
4 4 0.050108 0.177772 0.366838 0.034592 0.370691
4 4 0.069649 0.180141 0.256077 0.033301 0.460833
4 4 0.080156 0.171210 0.225095 0.032643 0.490896
4 4 0.066580 0.163166 0.229524 0.029141 0.511590
4 4 0.052053 0.189758 0.311141 0.031772 0.415276
2 4 0.045660 0.200330 0.388844 0.030000 0.335166
2 4 0.041067 0.169718 0.511761 0.034507 0.242947
2 4 0.056200 0.178178 0.394336 0.041829 0.329457
2 1 0.048809 0.168123 0.492337 0.041986 0.248746
2 1 0.054065 0.206357 0.463298 0.041369 0.234911
2 1 0.045109 0.198767 0.565849 0.039474 0.150802
2 1 0.044525 0.189590 0.569595 0.039862 0.156428
2 1 0.036110 0.154120 0.632084 0.037035 0.140651
2 4 0.031375 0.147230 0.628551 0.031336 0.161509
2 4 0.025348 0.144297 0.674529 0.025960 0.129866
2 4 0.031972 0.176783 0.602511 0.028286 0.160448
2 1 0.022243 0.134166 0.709217 0.024133 0.110241
2 1 0.020938 0.100061 0.779055 0.029459 0.070487
2 1 0.031497 0.103444 0.771937 0.050816 0.042306
2 0 0.044446 0.159508 0.693219 0.054680 0.048147
2 1 0.030527 0.159404 0.720030 0.035607 0.054433
2 1 0.026570 0.162503 0.715194 0.028799 0.066934
2 1 0.020831 0.129377 0.756363 0.024959 0.068471
2 1 0.021355 0.135761 0.738550 0.024237 0.080097
2 1 0.024806 0.121584 0.759130 0.032556 0.061924
2 1 0.030167 0.104828 0.773894 0.047722 0.043389
2 1 0.054897 0.115263 0.697245 0.089890 0.042704
2 1 0.057170 0.136549 0.677258 0.083831 0.045192
2 1 0.039457 0.117175 0.739789 0.061065 0.042514
2 1 0.034838 0.167014 0.673077 0.037066 0.088006
2 1 0.036182 0.130285 0.674810 0.043342 0.115381
2 1 0.039630 0.133050 0.690609 0.050289 0.086422
2 1 0.027973 0.132595 0.737145 0.035005 0.067281
2 1 0.031952 0.117187 0.751360 0.046060 0.053441
2 1 0.024693 0.099662 0.785928 0.037802 0.051915
2 1 0.020284 0.081900 0.822333 0.035129 0.040354
2 1 0.017303 0.055418 0.862969 0.039528 0.024782
2 1 0.019443 0.045685 0.863875 0.053395 0.017601
2 2 0.026095 0.043519 0.833930 0.076059 0.020397
2 2 0.028997 0.042075 0.820149 0.086688 0.022092
2 2 0.023644 0.031875 0.833099 0.092724 0.018658
2 2 0.019879 0.031559 0.853508 0.078782 0.016273
2 2 0.016018 0.029155 0.878917 0.062588 0.013322
2 2 0.015323 0.034974 0.887738 0.049104 0.012861
2 2 0.011847 0.030195 0.907160 0.040573 0.010225
2 2 0.012581 0.030312 0.903147 0.043219 0.010740
2 2 0.009271 0.025143 0.922768 0.034654 0.008165
2 2 0.013430 0.034067 0.897745 0.043241 0.011517
2 2 0.026996 0.048113 0.829404 0.074213 0.021274
2 2 0.078501 0.093895 0.627928 0.144546 0.055130
2 2 0.206252 0.148236 0.292437 0.228709 0.124366
3 1 0.217451 0.158483 0.238370 0.249236 0.136460
2 1 0.202622 0.180765 0.266538 0.218111 0.131964
2 2 0.107707 0.149317 0.523957 0.143314 0.075705
2 2 0.045080 0.082054 0.746902 0.091241 0.034723
2 2 0.014868 0.040948 0.888142 0.043196 0.012845
2 2 0.013323 0.047146 0.890434 0.034137 0.014960
2 2 0.017443 0.068037 0.857400 0.036106 0.021014
2 2 0.019757 0.071638 0.844716 0.039844 0.024045
2 2 0.019207 0.070622 0.845420 0.038346 0.026405
2 2 0.021227 0.077565 0.831076 0.040042 0.030091
2 2 0.019634 0.076117 0.839240 0.037364 0.027645
2 2 0.023470 0.098096 0.809369 0.039051 0.030014
2 2 0.034222 0.129548 0.747423 0.049024 0.039782
2 0 0.051395 0.186764 0.657687 0.060797 0.043357
2 1 0.057511 0.227214 0.607487 0.059066 0.048722
2 2 0.052466 0.223313 0.624512 0.054544 0.045165
2 2 0.044893 0.164839 0.683990 0.055205 0.051072
2 2 0.033032 0.124374 0.744590 0.046360 0.051645
2 2 0.036004 0.142499 0.708807 0.044892 0.067798
2 2 0.037288 0.186460 0.647939 0.036936 0.091376
2 2 0.042354 0.229331 0.572435 0.034794 0.121085
2 2 0.035987 0.216970 0.570264 0.028588 0.148190
2 2 0.027557 0.163277 0.678351 0.027674 0.103141
2 2 0.019179 0.094298 0.805738 0.028958 0.051827
2 2 0.024045 0.069746 0.828807 0.050248 0.027154
2 2 0.031945 0.059663 0.805518 0.077735 0.025139
2 2 0.031337 0.057714 0.808573 0.077743 0.024633
2 2 0.031774 0.058230 0.806605 0.078451 0.024941
2 2 0.035387 0.066104 0.789566 0.081238 0.027706
2 2 0.024471 0.054965 0.838825 0.061694 0.020044
2 2 0.024387 0.056528 0.838591 0.060424 0.020071
2 2 0.030956 0.061458 0.809100 0.073870 0.024617
2 2 0.044341 0.087349 0.747434 0.086297 0.034579
2 2 0.063404 0.130667 0.661532 0.095615 0.048782
2 2 0.086389 0.227335 0.531358 0.087528 0.067390
2 2 0.084303 0.218580 0.543262 0.088107 0.065748
2 2 0.084410 0.193308 0.561112 0.096446 0.064724
2 2 0.069583 0.164575 0.621804 0.089760 0.054279
2 2 0.082819 0.207086 0.566280 0.081681 0.062134
2 1 0.095291 0.286791 0.487415 0.061889 0.068614
2 1 0.081991 0.326270 0.470022 0.053692 0.068024
2 1 0.046453 0.246197 0.581436 0.039383 0.086531
2 2 0.030278 0.136569 0.718037 0.036712 0.078404
2 2 0.029847 0.071677 0.802024 0.061432 0.035020
2 2 0.040423 0.058907 0.765322 0.104598 0.030750
2 2 0.028762 0.038087 0.785675 0.123682 0.023794
2 2 0.030768 0.050984 0.806798 0.087176 0.024273
2 2 0.035405 0.057945 0.791408 0.088056 0.027187
2 2 0.043964 0.066500 0.755378 0.101154 0.033003
2 2 0.054185 0.065910 0.702609 0.137197 0.040098
2 2 0.045819 0.052476 0.704909 0.160765 0.036031
2 2 0.031720 0.037570 0.760880 0.143788 0.026042
2 2 0.031988 0.032303 0.732072 0.177048 0.026589
2 2 0.038669 0.029336 0.633165 0.266504 0.032327
2 2 0.039797 0.025390 0.555242 0.345344 0.034228
2 2 0.036632 0.023056 0.554391 0.353797 0.032124
2 2 0.039497 0.027837 0.585264 0.313441 0.033962
2 2 0.040766 0.030557 0.587334 0.306066 0.035276
2 2 0.048585 0.033658 0.552670 0.324571 0.040516
2 3 0.061856 0.046053 0.489641 0.350324 0.052126
3 3 0.044697 0.029271 0.421485 0.462057 0.042490
3 3 0.039379 0.025348 0.393511 0.502351 0.039411
3 3 0.027646 0.017002 0.328605 0.595414 0.031332
3 3 0.024726 0.015116 0.276257 0.653976 0.029925
3 3 0.028144 0.017583 0.269772 0.651035 0.033466
3 3 0.040192 0.026407 0.292638 0.597018 0.043746
3 3 0.042948 0.028169 0.358231 0.527121 0.043531
2 3 0.050375 0.034538 0.469628 0.400468 0.044991
2 3 0.036993 0.035576 0.648971 0.245642 0.032818
2 3 0.046081 0.044714 0.634520 0.235825 0.038859
2 2 0.045765 0.040314 0.621788 0.253780 0.038353
2 2 0.043052 0.042236 0.686926 0.193264 0.034522
2 2 0.037456 0.037046 0.719566 0.175968 0.029964
2 2 0.037525 0.030806 0.675063 0.225980 0.030627
2 2 0.038288 0.024272 0.577111 0.327850 0.032479
2 2 0.025564 0.015203 0.526615 0.407825 0.024793
