0 0 0.634206 0.121011 0.128804 0.028767 0.087212
0 0 0.703729 0.094220 0.068748 0.030371 0.102932
0 0 0.781749 0.076781 0.057873 0.019262 0.064334
0 0 0.740862 0.073150 0.038113 0.031170 0.116706
0 0 0.660615 0.085758 0.044592 0.043898 0.165137
0 0 0.621540 0.084248 0.039149 0.052081 0.202982
0 1 0.650168 0.105330 0.077506 0.038040 0.128956
0 1 0.632973 0.099473 0.061599 0.045026 0.160929
0 1 0.600557 0.118092 0.093894 0.043399 0.144057
0 1 0.558880 0.125567 0.100710 0.049766 0.165076
0 4 0.552277 0.133481 0.122492 0.045817 0.145933
0 1 0.432537 0.142950 0.116663 0.071290 0.236560
0 1 0.341497 0.153568 0.132031 0.087122 0.285782
4 4 0.265831 0.161049 0.148659 0.100505 0.323955
0 4 0.273853 0.188780 0.262813 0.071423 0.203132
2 4 0.272969 0.193154 0.336496 0.054009 0.143372
2 4 0.221534 0.189364 0.443929 0.040373 0.104801
2 4 0.255106 0.190352 0.401139 0.042651 0.110752
2 4 0.259352 0.194503 0.327109 0.059424 0.159612
0 4 0.270604 0.189365 0.266096 0.071402 0.202533
4 4 0.262084 0.167966 0.168136 0.096914 0.304899
0 4 0.321523 0.163909 0.158534 0.085403 0.270631
0 4 0.315950 0.164847 0.160871 0.086112 0.272220
0 4 0.335505 0.171016 0.184998 0.075961 0.232519
0 4 0.340474 0.164182 0.161594 0.080437 0.253313
0 4 0.309904 0.172294 0.185355 0.081677 0.250769
4 4 0.283782 0.167675 0.167532 0.091940 0.289070
4 4 0.273639 0.169024 0.171451 0.093401 0.292485
4 4 0.234871 0.169206 0.172934 0.102384 0.320605
4 4 0.224146 0.170747 0.178567 0.103735 0.322804
2 4 0.235958 0.188677 0.256738 0.081680 0.236947
0 4 0.287303 0.181849 0.223208 0.077819 0.229820
2 4 0.291730 0.190040 0.323939 0.052279 0.142013
2 4 0.309754 0.186620 0.356661 0.041127 0.105837
2 4 0.264309 0.174955 0.471043 0.025841 0.063851
2 1 0.289201 0.167349 0.471072 0.021178 0.051201
2 1 0.329732 0.154610 0.463972 0.015481 0.036205
0 1 0.431137 0.139540 0.390634 0.011846 0.026842
2 1 0.382977 0.143145 0.430981 0.013645 0.029252
2 1 0.190531 0.114974 0.661046 0.014339 0.019110
2 2 0.082802 0.081914 0.807414 0.014954 0.012916
2 2 0.042711 0.064346 0.858513 0.021707 0.012724
2 2 0.025776 0.048591 0.877252 0.036577 0.011804
2 2 0.018634 0.038117 0.879508 0.053481 0.010260
2 2 0.021411 0.036750 0.856107 0.075091 0.010641
2 2 0.025908 0.038320 0.808702 0.113773 0.013297
2 3 0.028122 0.038471 0.729224 0.186665 0.017519
2 3 0.027160 0.035999 0.662355 0.254915 0.019572
2 3 0.022266 0.030175 0.611145 0.318241 0.018174
2 3 0.021577 0.027318 0.558058 0.375284 0.017764
3 3 0.015633 0.020638 0.472695 0.475426 0.015608
3 3 0.018346 0.018778 0.333182 0.610725 0.018968
3 3 0.015957 0.015455 0.266651 0.683576 0.018360
3 3 0.010493 0.010776 0.201297 0.762175 0.015259
3 3 0.007896 0.008140 0.163482 0.807740 0.012742
3 3 0.008703 0.008969 0.170999 0.797389 0.013940
3 3 0.009211 0.009423 0.158949 0.806293 0.016124
3 3 0.017847 0.015781 0.202760 0.738866 0.024746
3 3 0.017166 0.014921 0.180322 0.761771 0.025820
3 3 0.043503 0.028283 0.227487 0.656323 0.044405
3 3 0.120775 0.056695 0.321301 0.436912 0.064317
2 3 0.304139 0.110277 0.340580 0.157181 0.087822
0 3 0.421818 0.138268 0.290022 0.063073 0.086819
0 3 0.350150 0.124956 0.343726 0.098659 0.082509
2 3 0.158330 0.074770 0.451129 0.262134 0.053637
3 3 0.024062 0.020152 0.278047 0.653691 0.024047
3 3 0.016932 0.013723 0.194839 0.753938 0.020568
3 3 0.011176 0.009618 0.135149 0.825459 0.018598
3 3 0.012458 0.010848 0.147244 0.809173 0.020277
3 3 0.011962 0.010711 0.148242 0.809095 0.019990
3 3 0.014564 0.012765 0.174501 0.776683 0.021487
3 3 0.011996 0.010301 0.138485 0.819216 0.020002
3 3 0.015698 0.011911 0.132116 0.815499 0.024776
3 3 0.012172 0.009839 0.110838 0.844107 0.023045
3 3 0.013354 0.010649 0.118273 0.833747 0.023977
3 3 0.010492 0.008556 0.096549 0.862653 0.021750
3 3 0.012331 0.009490 0.098099 0.855723 0.024357
3 3 0.014388 0.011014 0.101403 0.844019 0.029176
3 3 0.021509 0.014515 0.125041 0.805445 0.033490
3 3 0.038554 0.022175 0.158138 0.736130 0.045003
3 3 0.056707 0.028661 0.154649 0.697469 0.062514
3 3 0.050878 0.025566 0.131743 0.728822 0.062991
3 3 0.025904 0.015404 0.095830 0.817167 0.045695
3 3 0.022568 0.014601 0.111076 0.814334 0.037421
3 3 0.030426 0.019067 0.142015 0.766566 0.041925
3 3 0.038044 0.022139 0.162690 0.733418 0.043708
3 3 0.049896 0.026862 0.181641 0.692274 0.049327
3 3 0.046234 0.025160 0.163423 0.714724 0.050460
3 3 0.033476 0.019239 0.137279 0.767579 0.042427
3 3 0.027644 0.015868 0.116770 0.801465 0.038254
3 3 0.021936 0.012840 0.094696 0.835141 0.035386
3 3 0.023175 0.013557 0.098253 0.828145 0.036870
3 3 0.029536 0.016901 0.120059 0.792759 0.040746
3 3 0.029567 0.016053 0.110914 0.803148 0.040319
3 3 0.026015 0.014191 0.111718 0.814410 0.033666
3 3 0.015191 0.009791 0.091611 0.857666 0.025741
3 3 0.019689 0.012379 0.107787 0.829824 0.030320
3 3 0.020752 0.013533 0.112114 0.820165 0.033436
3 3 0.023764 0.014928 0.109184 0.813155 0.038969
3 3 0.018714 0.013018 0.095585 0.834566 0.038116
3 3 0.025642 0.015918 0.097200 0.813324 0.047916
3 3 0.044286 0.024470 0.116127 0.745423 0.069694
3 3 0.046002 0.023940 0.115591 0.747964 0.066503
3 3 0.046213 0.023310 0.121668 0.748298 0.060511
3 3 0.034349 0.018222 0.110184 0.788753 0.048492
3 3 0.024259 0.014063 0.090828 0.828688 0.042162
3 3 0.017524 0.010468 0.076081 0.862594 0.033333
3 3 0.022495 0.013237 0.089623 0.835364 0.039281
3 3 0.030195 0.018066 0.120081 0.786229 0.045430
3 3 0.034690 0.020251 0.142863 0.758083 0.044113
3 3 0.026416 0.015731 0.119155 0.801211 0.037487
3 3 0.020890 0.013072 0.087640 0.838384 0.040014
3 3 0.017310 0.011218 0.075914 0.857841 0.037717
3 3 0.012879 0.008820 0.062604 0.882667 0.033031
3 3 0.014187 0.009587 0.066033 0.874958 0.035234
3 3 0.014845 0.009535 0.062612 0.876698 0.036311
3 3 0.014207 0.009491 0.070772 0.873260 0.032270
3 3 0.021239 0.013439 0.099445 0.829046 0.036831
3 3 0.069521 0.047253 0.291417 0.525139 0.066670
3 3 0.011178 0.015465 0.208064 0.738594 0.026699
3 3 0.012306 0.011840 0.117966 0.828202 0.029685
3 3 0.159060 0.076692 0.276425 0.378930 0.108893
3 3 0.100755 0.044571 0.198766 0.574976 0.080932
0 3 0.321571 0.111359 0.229133 0.194518 0.143418
0 3 0.289135 0.107492 0.287794 0.201450 0.114129
2 3 0.216454 0.084977 0.323873 0.286589 0.088108
2 3 0.221433 0.085302 0.349549 0.265521 0.078195
2 3 0.284617 0.109516 0.361986 0.159474 0.084407
2 3 0.213725 0.092273 0.440176 0.191861 0.061965
2 3 0.091327 0.055909 0.456972 0.351853 0.043940
3 3 0.066395 0.041919 0.381933 0.469612 0.040142
3 3 0.086299 0.047833 0.366944 0.451428 0.047496
3 3 0.095365 0.048831 0.352421 0.453525 0.049858
3 3 0.091697 0.046280 0.342504 0.471592 0.047926
3 3 0.125928 0.057129 0.356823 0.404110 0.056011
3 3 0.133202 0.059730 0.345058 0.400780 0.061230
3 3 0.072314 0.043792 0.348415 0.488542 0.046937
2 3 0.055750 0.041765 0.504404 0.369615 0.028466
2 3 0.018626 0.030908 0.740273 0.195956 0.014237
2 3 0.012912 0.030790 0.844384 0.100716 0.011199
2 2 0.011994 0.035688 0.870263 0.069301 0.012754
2 2 0.018077 0.052749 0.858815 0.050875 0.019484
2 2 0.017661 0.069320 0.837804 0.043431 0.031784
2 2 0.020016 0.084699 0.799973 0.047744 0.047567
2 2 0.021929 0.083444 0.800436 0.049313 0.044878
2 2 0.018459 0.069072 0.839987 0.042111 0.030371
2 2 0.014810 0.068079 0.845936 0.039446 0.031729
2 1 0.015877 0.075114 0.839935 0.034254 0.034820
2 1 0.018924 0.088465 0.814054 0.033950 0.044607
2 1 0.018828 0.091137 0.809333 0.033467 0.047235
2 1 0.018872 0.096647 0.797695 0.033418 0.053368
2 2 0.013367 0.078216 0.835730 0.032575 0.040113
2 2 0.013135 0.068750 0.852460 0.033924 0.031732
2 2 0.023709 0.072642 0.849563 0.029327 0.024759
2 2 0.069782 0.104323 0.772603 0.024344 0.028948
2 2 0.208000 0.156686 0.570702 0.020454 0.044158
2 2 0.158500 0.141263 0.647164 0.018055 0.035018
2 2 0.072450 0.095668 0.792192 0.018778 0.020912
2 2 0.032421 0.057168 0.879470 0.019984 0.010957
2 2 0.034601 0.051236 0.879302 0.025242 0.009618
2 2 0.080441 0.069872 0.786086 0.046859 0.016741
2 2 0.218002 0.102072 0.593335 0.056426 0.030165
2 2 0.362332 0.125255 0.447558 0.030525 0.034329
0 2 0.428919 0.123219 0.411287 0.014024 0.022551
0 2 0.453717 0.128212 0.389709 0.008851 0.019511
0 2 0.433142 0.138550 0.390639 0.011553 0.026116
2 2 0.252893 0.149507 0.542125 0.018661 0.036814
2 2 0.144243 0.140104 0.650891 0.023865 0.040898
2 2 0.150898 0.145620 0.630843 0.026329 0.046310
2 2 0.142652 0.135542 0.664751 0.021185 0.035869
2 2 0.112185 0.106216 0.742842 0.017605 0.021151
2 2 0.087598 0.097837 0.777151 0.017723 0.019691
2 2 0.119593 0.111099 0.720907 0.022638 0.025764
2 2 0.164465 0.135490 0.629842 0.029380 0.040823
2 2 0.216765 0.141285 0.572871 0.028024 0.041055
2 2 0.251078 0.155439 0.521969 0.024686 0.046828
2 2 0.209823 0.165011 0.549607 0.022817 0.052742
2 2 0.180538 0.166280 0.577116 0.021917 0.054150
2 2 0.140391 0.166916 0.605286 0.024784 0.062622
2 2 0.145621 0.168463 0.596493 0.025348 0.064074
2 1 0.198793 0.171781 0.543904 0.024531 0.060992
2 1 0.300459 0.163245 0.471578 0.019083 0.045635
2 1 0.350205 0.155401 0.440258 0.016189 0.037947
2 1 0.377571 0.156684 0.406914 0.017529 0.041303
2 1 0.342533 0.162242 0.429574 0.019395 0.046256
2 1 0.288196 0.178954 0.429626 0.029536 0.073689
2 1 0.191606 0.180097 0.518123 0.031071 0.079102
2 2 0.188731 0.183551 0.504385 0.034518 0.088815
2 2 0.203844 0.183963 0.490238 0.034229 0.087726
2 2 0.281770 0.182796 0.418452 0.033187 0.083795
2 2 0.297982 0.180921 0.409190 0.031877 0.080029
2 2 0.242249 0.181641 0.465934 0.031265 0.078911
2 1 0.190190 0.175079 0.539421 0.027121 0.068189
2 1 0.211597 0.175355 0.520056 0.026580 0.066412
2 1 0.335711 0.169618 0.413106 0.023764 0.057801
2 1 0.356795 0.169642 0.388397 0.024774 0.060391
2 1 0.383684 0.161480 0.385500 0.020456 0.048880
2 1 0.290686 0.178321 0.429636 0.029041 0.072317
2 1 0.205429 0.177759 0.516283 0.028571 0.071958
2 1 0.167911 0.174686 0.558219 0.028052 0.071131
2 1 0.200563 0.175485 0.529207 0.027010 0.067735
2 1 0.225464 0.177223 0.500411 0.027673 0.069230
2 1 0.227679 0.178645 0.492718 0.028764 0.072195
2 1 0.171461 0.186217 0.502068 0.038823 0.101431
2 1 0.157017 0.190856 0.476333 0.047817 0.127977
2 1 0.149918 0.195514 0.398099 0.067850 0.188619
2 1 0.142284 0.193055 0.451437 0.057072 0.156152
2 2 0.153972 0.191446 0.471636 0.049600 0.133346
2 2 0.171388 0.183316 0.517898 0.035485 0.091913
2 2 0.229700 0.177610 0.494946 0.027911 0.069832
2 2 0.246495 0.178559 0.474980 0.028556 0.071409
2 2 0.220966 0.174903 0.513243 0.026046 0.064842
2 2 0.217564 0.188033 0.456076 0.038574 0.099753
2 2 0.234244 0.179292 0.483872 0.029221 0.073371
2 2 0.299907 0.179085 0.415778 0.030099 0.075131
2 2 0.294999 0.161407 0.482370 0.018106 0.043117
2 2 0.341900 0.164050 0.424769 0.020399 0.048882
2 2 0.396696 0.151769 0.398992 0.015776 0.036767
2 2 0.369826 0.167164 0.382164 0.023610 0.057237
2 2 0.322942 0.177237 0.397101 0.029471 0.073250
2 1 0.286383 0.191218 0.345057 0.048942 0.128401
2 1 0.269521 0.193424 0.322169 0.058199 0.156687
2 1 0.262940 0.191820 0.284949 0.068680 0.191611
2 1 0.261996 0.193878 0.346433 0.054043 0.143651
2 1 0.265251 0.191347 0.378822 0.045581 0.118999
2 1 0.218785 0.181963 0.486678 0.031819 0.080755
2 1 0.169252 0.180512 0.532866 0.032852 0.084518
2 1 0.082481 0.143179 0.692167 0.026499 0.055673
2 1 0.031439 0.087780 0.827687 0.024198 0.028897
2 2 0.022164 0.065265 0.878401 0.018006 0.016164
2 2 0.027747 0.074689 0.860734 0.017858 0.018970
2 2 0.044355 0.093899 0.813613 0.021474 0.026659
2 2 0.077322 0.119242 0.747060 0.021729 0.034648
2 2 0.149705 0.155012 0.622409 0.023076 0.049799
2 2 0.279152 0.171374 0.468450 0.023523 0.057501
2 1 0.324149 0.164433 0.442983 0.020143 0.048291
2 1 0.373512 0.163649 0.390204 0.021358 0.051277
2 1 0.361560 0.165079 0.399256 0.021751 0.052354
2 1 0.330694 0.180830 0.368324 0.034138 0.086014
2 1 0.259269 0.173756 0.480482 0.024965 0.061528
2 1 0.160807 0.194799 0.430542 0.057430 0.156423
2 1 0.180479 0.196557 0.347535 0.072843 0.202585
2 1 0.279386 0.183987 0.414805 0.034463 0.087359
2 1 0.349168 0.174851 0.375663 0.028868 0.071450
2 1 0.278595 0.186435 0.401094 0.037636 0.096239
2 1 0.164880 0.182342 0.526954 0.035035 0.090788
2 1 0.076926 0.158815 0.659253 0.028877 0.076129
2 1 0.046905 0.126954 0.758948 0.019982 0.047211
2 1 0.041766 0.126142 0.755695 0.023244 0.053153
2 1 0.054349 0.148315 0.695275 0.027791 0.074271
2 1 0.076065 0.164995 0.631097 0.034709 0.093134
2 1 0.084335 0.161117 0.650010 0.028843 0.075695
2 2 0.102443 0.157438 0.658351 0.023052 0.058716
2 2 0.101289 0.145408 0.685711 0.020836 0.046756
2 2 0.069096 0.117859 0.761095 0.018924 0.033026
2 2 0.057513 0.103278 0.795340 0.017665 0.026204
2 2 0.042327 0.080598 0.844777 0.015381 0.016916
2 2 0.039134 0.080941 0.841232 0.019049 0.019644
2 2 0.035154 0.072608 0.855966 0.019498 0.016774
2 2 0.030731 0.072503 0.859489 0.019485 0.017791
2 2 0.030718 0.068929 0.867297 0.017711 0.015344
2 2 0.039174 0.076361 0.854250 0.014793 0.015421
2 2 0.069539 0.091358 0.806804 0.014980 0.017319
2 2 0.186871 0.136923 0.627319 0.017795 0.031093
0 2 0.400833 0.153940 0.388478 0.016962 0.039787
0 2 0.411322 0.149093 0.389671 0.015042 0.034873
0 2 0.437804 0.143996 0.372201 0.013843 0.032156
0 2 0.399558 0.154519 0.388300 0.017207 0.040417
2 2 0.370363 0.166951 0.382308 0.023482 0.056896
2 2 0.385904 0.160534 0.385957 0.019979 0.047627
2 2 0.378404 0.163691 0.384326 0.021622 0.051955
2 2 0.354749 0.170661 0.386854 0.025471 0.062265
2 2 0.215433 0.186458 0.467159 0.036639 0.094312
2 2 0.169847 0.190587 0.473614 0.045416 0.120535
2 2 0.141137 0.190387 0.482387 0.050266 0.135823
2 2 0.137942 0.192918 0.450566 0.058350 0.160224
2 1 0.132699 0.193607 0.427439 0.065111 0.181143
2 1 0.122794 0.191944 0.366941 0.082382 0.235939
2 1 0.122566 0.190267 0.338713 0.089532 0.258922
2 1 0.118033 0.186580 0.307810 0.098606 0.288971
2 1 0.124899 0.188522 0.313784 0.095308 0.277488
2 1 0.106277 0.187417 0.344669 0.092256 0.269380
2 1 0.073743 0.181737 0.448920 0.075727 0.219874
2 1 0.052801 0.170954 0.528548 0.063560 0.184137
2 1 0.045933 0.167117 0.534521 0.064381 0.188048
2 1 0.055235 0.173910 0.476209 0.074782 0.219863
2 1 0.099350 0.185935 0.347296 0.093422 0.273997
4 1 0.245479 0.184012 0.228534 0.086576 0.255399
0 0 0.544600 0.142094 0.159541 0.038480 0.115285
0 0 0.692754 0.106401 0.134657 0.017128 0.049060
0 0 0.752301 0.088440 0.115771 0.011374 0.032113
0 0 0.754846 0.088049 0.111826 0.011762 0.033516
0 1 0.703174 0.102343 0.099619 0.023115 0.071750
0 1 0.426886 0.156646 0.155726 0.063184 0.197559
0 1 0.282404 0.171155 0.178705 0.089631 0.278105
0 1 0.272848 0.176785 0.198629 0.087146 0.264592
0 1 0.286906 0.187600 0.259722 0.069090 0.196681
0 1 0.320471 0.185124 0.262670 0.060664 0.171071
0 1 0.345903 0.182367 0.322397 0.041128 0.108205
2 1 0.352287 0.173755 0.376760 0.028031 0.069167
2 1 0.378623 0.163601 0.384378 0.021573 0.051825
0 1 0.399257 0.154655 0.388257 0.017265 0.040567
0 1 0.408595 0.150368 0.389407 0.015525 0.036104
0 1 0.403713 0.155760 0.379513 0.018097 0.042916
0 1 0.430035 0.163424 0.311761 0.026644 0.068136
0 1 0.412885 0.171521 0.274626 0.038067 0.102902
0 1 0.356483 0.170393 0.187848 0.070609 0.214668
4 1 0.220499 0.166362 0.165781 0.107586 0.339772
4 1 0.210079 0.151516 0.129724 0.118086 0.390595
0 1 0.273380 0.177424 0.201218 0.086400 0.261578
4 4 0.233556 0.160228 0.148076 0.108357 0.349783
4 4 0.240107 0.164226 0.158185 0.104489 0.332993
4 1 0.235657 0.147130 0.118108 0.114289 0.384816
4 1 0.253035 0.153705 0.131227 0.107396 0.354637
4 1 0.224947 0.134499 0.095335 0.121243 0.423976
4 1 0.226514 0.132968 0.092642 0.121357 0.426519
4 1 0.233190 0.126285 0.081596 0.121687 0.437242
4 1 0.278223 0.124048 0.076458 0.112454 0.408818
0 4 0.466076 0.135164 0.103818 0.067423 0.227518
0 4 0.564372 0.125640 0.102580 0.048253 0.159154
0 4 0.562761 0.120464 0.089293 0.051742 0.175740
0 4 0.511598 0.127497 0.094568 0.060484 0.205854
0 4 0.433113 0.154000 0.148302 0.063661 0.200923
0 4 0.357506 0.149148 0.122685 0.085767 0.284893
0 4 0.369733 0.132849 0.090785 0.090164 0.316468
0 4 0.458827 0.108299 0.058054 0.078744 0.296076
0 4 0.481419 0.094157 0.042564 0.077106 0.304753
0 4 0.584019 0.087981 0.040775 0.058536 0.228689
0 0 0.577602 0.102832 0.059371 0.055845 0.204350
0 0 0.603004 0.105829 0.067715 0.049175 0.174277
0 0 0.522256 0.136657 0.120824 0.052123 0.168140
0 0 0.548082 0.140156 0.150316 0.039984 0.121462
0 0 0.476957 0.154827 0.173378 0.048610 0.146227
0 0 0.408894 0.146831 0.122656 0.074821 0.246798
4 1 0.292964 0.128897 0.083439 0.108013 0.386687
4 1 0.246011 0.112778 0.062352 0.121577 0.457282
4 1 0.269222 0.153984 0.131298 0.103592 0.341903
4 4 0.217033 0.148088 0.121634 0.118050 0.395195
0 4 0.280910 0.185082 0.239698 0.075340 0.218969
0 4 0.307762 0.181416 0.226631 0.072238 0.211954
2 4 0.315820 0.187445 0.326087 0.046768 0.123879
2 4 0.262347 0.193778 0.313072 0.062062 0.168741
2 4 0.223397 0.195011 0.300712 0.074550 0.206329
4 4 0.167073 0.185334 0.245826 0.102819 0.298949
4 4 0.159979 0.183148 0.238327 0.106605 0.311941
4 4 0.173937 0.175355 0.202606 0.111192 0.336910
4 4 0.168372 0.178651 0.216528 0.109447 0.327003
4 4 0.173919 0.175366 0.202650 0.111187 0.336878
4 4 0.181370 0.170574 0.184681 0.113342 0.350033
4 4 0.198605 0.157888 0.146081 0.117483 0.379943
4 4 0.204851 0.152762 0.133131 0.118673 0.390583
4 4 0.194531 0.161083 0.154829 0.116615 0.372942
4 4 0.185933 0.167429 0.174055 0.114556 0.358026
4 4 0.172872 0.173039 0.196743 0.112206 0.345140
4 4 0.164686 0.176951 0.214185 0.110154 0.334024
2 4 0.173843 0.195177 0.327025 0.079571 0.224385
2 4 0.195314 0.196078 0.398297 0.056843 0.153468
2 4 0.202457 0.191391 0.446016 0.044141 0.115995
2 1 0.256238 0.194262 0.350379 0.054379 0.144742
2 1 0.181366 0.181266 0.520810 0.032704 0.083854
2 1 0.163770 0.194312 0.332100 0.080420 0.229399
4 1 0.155641 0.183321 0.243088 0.106213 0.311736
2 1 0.212417 0.195591 0.310442 0.074631 0.206920
2 1 0.241107 0.194733 0.305123 0.069105 0.189932
0 1 0.283317 0.186583 0.250322 0.072204 0.207573
0 1 0.316201 0.181317 0.229348 0.069648 0.203486
0 0 0.304822 0.172511 0.185482 0.082814 0.254372
2 1 0.248989 0.188267 0.252142 0.080004 0.230598
2 1 0.230846 0.195209 0.305245 0.071614 0.197086
2 1 0.233005 0.195441 0.310951 0.069633 0.190970
2 1 0.196169 0.195943 0.321292 0.075722 0.210873
2 1 0.169444 0.196586 0.373573 0.069044 0.191354
2 1 0.188839 0.194780 0.422713 0.052601 0.141068
2 1 0.251360 0.184807 0.441197 0.034593 0.088043
2 1 0.359847 0.171001 0.379251 0.026066 0.063835
0 1 0.387102 0.160858 0.383366 0.020256 0.048418
0 0 0.444527 0.150532 0.345272 0.017491 0.042178
0 0 0.444741 0.143042 0.366561 0.013717 0.031939
0 1 0.476537 0.139253 0.338826 0.013497 0.031887
0 0 0.509701 0.134327 0.311846 0.013003 0.031123
0 0 0.461340 0.146092 0.337981 0.016043 0.038545
0 0 0.475151 0.157046 0.268339 0.027323 0.072142
0 0 0.435306 0.167174 0.264996 0.035736 0.096788
0 1 0.441218 0.166384 0.250967 0.037719 0.103712
0 0 0.458279 0.157981 0.294672 0.024940 0.064129
0 0 0.539223 0.140419 0.249113 0.019787 0.051458
0 0 0.608568 0.127138 0.191217 0.019603 0.053474
0 0 0.611843 0.127060 0.182873 0.020777 0.057448
0 0 0.573407 0.136676 0.200450 0.023828 0.065639
0 1 0.550052 0.141762 0.217234 0.024445 0.066507
0 1 0.520217 0.149798 0.210918 0.031354 0.087713
0 0 0.519860 0.148996 0.182572 0.037900 0.110672
0 0 0.535195 0.138109 0.131367 0.047032 0.148297
0 0 0.458842 0.149637 0.141513 0.059957 0.190052
4 1 0.300415 0.145836 0.113442 0.100361 0.339945
4 1 0.251925 0.161877 0.151252 0.103215 0.331731
4 1 0.268543 0.166489 0.163699 0.096412 0.304856
0 1 0.312486 0.177436 0.207368 0.075800 0.226910
0 1 0.316850 0.168032 0.171140 0.083480 0.260498
4 1 0.265875 0.158366 0.141828 0.102036 0.331894
4 1 0.267797 0.159317 0.144168 0.101059 0.327659
4 1 0.300001 0.157639 0.140076 0.094554 0.307729
0 1 0.283170 0.174576 0.190926 0.086547 0.264781
4 1 0.238140 0.176666 0.197702 0.095769 0.291723
2 1 0.143008 0.194974 0.384973 0.072779 0.204266
2 1 0.111310 0.190284 0.453472 0.064446 0.180488
2 2 0.098368 0.184379 0.515417 0.053620 0.148215
2 2 0.091829 0.179445 0.552674 0.047100 0.128952
2 2 0.115186 0.184728 0.525762 0.047004 0.127319
2 2 0.122203 0.182521 0.542324 0.041677 0.111276
2 2 0.103703 0.175185 0.584845 0.037218 0.099049
2 2 0.069144 0.156524 0.667394 0.029270 0.077667
2 2 0.042445 0.122221 0.755526 0.026758 0.053050
2 2 0.026910 0.092348 0.823851 0.023144 0.033748
2 2 0.019677 0.075689 0.860651 0.019832 0.024152
2 2 0.020808 0.072444 0.866201 0.019305 0.021242
2 2 0.021960 0.068730 0.868540 0.021238 0.019532
2 2 0.024206 0.068477 0.867770 0.021093 0.018453
2 2 0.029284 0.073406 0.859749 0.019095 0.018466
2 2 0.031979 0.073463 0.859284 0.018020 0.017254
2 2 0.035726 0.074435 0.850151 0.021373 0.018316
2 2 0.023610 0.064729 0.862280 0.029611 0.019771
2 2 0.018694 0.055498 0.867472 0.039604 0.018731
2 2 0.019330 0.057648 0.857062 0.044826 0.021134
2 2 0.020286 0.056067 0.858551 0.045471 0.019625
2 2 0.012853 0.039699 0.895461 0.040405 0.011581
2 2 0.013387 0.038153 0.900101 0.038146 0.010213
2 2 0.011266 0.035265 0.877042 0.064103 0.012325
2 2 0.011207 0.036322 0.825765 0.109282 0.017423
2 2 0.011433 0.035319 0.794199 0.140162 0.018886
2 2 0.015844 0.041584 0.725242 0.190005 0.027324
2 2 0.023498 0.045194 0.688388 0.213769 0.029151
2 2 0.029413 0.046304 0.687932 0.209209 0.027142
2 2 0.026982 0.039838 0.673371 0.236942 0.022867
2 2 0.033506 0.040460 0.671737 0.233239 0.021059
2 2 0.029052 0.032515 0.527370 0.388119 0.022943
3 3 0.027626 0.028715 0.437951 0.481371 0.024337
3 3 0.016868 0.019193 0.291179 0.649000 0.023760
3 3 0.011999 0.015648 0.263835 0.687710 0.020809
3 3 0.007451 0.009596 0.182010 0.785477 0.015465
3 3 0.008039 0.009599 0.164205 0.801298 0.016859
3 3 0.007405 0.008361 0.139109 0.828998 0.016128
3 3 0.007608 0.008013 0.121677 0.845677 0.017025
3 3 0.009589 0.009505 0.127961 0.832581 0.020364
3 3 0.013746 0.012070 0.139978 0.809098 0.025108
3 3 0.017721 0.014304 0.152174 0.787345 0.028456
3 3 0.009242 0.008336 0.099053 0.862203 0.021167
3 3 0.007252 0.006888 0.096024 0.872983 0.016853
3 3 0.006688 0.006409 0.096508 0.875209 0.015186
3 3 0.006791 0.006527 0.102115 0.869817 0.014750
3 3 0.008636 0.008160 0.106569 0.857269 0.019365
3 3 0.010370 0.009050 0.097395 0.859228 0.023957
3 3 0.008418 0.007280 0.082094 0.881539 0.020669
3 3 0.006609 0.005774 0.072814 0.898090 0.016714
3 3 0.008854 0.007043 0.073634 0.889019 0.021450
3 3 0.017810 0.012439 0.100973 0.835007 0.033770
3 3 0.021823 0.014177 0.096540 0.825853 0.041607
3 3 0.022598 0.014215 0.093768 0.826923 0.042497
3 3 0.013158 0.009673 0.079230 0.867295 0.030644
3 3 0.010078 0.008674 0.087607 0.868799 0.024842
3 3 0.009693 0.008666 0.099314 0.860247 0.022079
3 3 0.012019 0.009795 0.108566 0.846201 0.023419
3 3 0.019350 0.014337 0.130088 0.803704 0.032521
3 3 0.018320 0.013450 0.118421 0.817150 0.032659
3 3 0.020294 0.014535 0.115229 0.812774 0.037167
3 3 0.023691 0.016046 0.112750 0.804681 0.042833
3 3 0.024970 0.016273 0.097051 0.811562 0.050144
3 3 0.016236 0.011710 0.083754 0.850405 0.037895
3 3 0.012573 0.009813 0.085474 0.862553 0.029588
3 3 0.012002 0.009897 0.092792 0.857282 0.028028
3 3 0.015225 0.012667 0.110434 0.828272 0.033403
3 3 0.012168 0.009933 0.088948 0.859678 0.029272
3 3 0.008760 0.006930 0.069063 0.893032 0.022215
3 3 0.009567 0.006961 0.063326 0.896353 0.023793
3 3 0.011147 0.007916 0.066045 0.887627 0.027265
3 3 0.013715 0.009784 0.074106 0.869408 0.032987
3 3 0.015509 0.011255 0.085166 0.852848 0.035221
3 3 0.022327 0.015631 0.115710 0.805678 0.040654
3 3 0.086625 0.059189 0.325153 0.451424 0.077610
3 3 0.013311 0.016272 0.191442 0.748625 0.030350
3 3 0.007497 0.007637 0.101116 0.864927 0.018823
3 3 0.053645 0.035203 0.189904 0.648306 0.072942
3 3 0.010779 0.007725 0.064445 0.890049 0.027001
3 3 0.016459 0.012126 0.085559 0.846690 0.039166
3 3 0.016713 0.012536 0.087392 0.843005 0.040355
3 3 0.013196 0.009832 0.076334 0.868132 0.032506
3 3 0.011586 0.009024 0.078500 0.872537 0.028353
3 3 0.010924 0.008675 0.074861 0.877286 0.028254
3 3 0.010863 0.008612 0.076057 0.876912 0.027556
3 3 0.010077 0.007948 0.071763 0.884253 0.025960
3 3 0.008864 0.007272 0.068160 0.891473 0.024231
3 3 0.007761 0.006173 0.059881 0.904639 0.021546
3 3 0.007798 0.005932 0.057460 0.907843 0.020967
3 3 0.008620 0.006678 0.062780 0.899000 0.022921
3 3 0.011635 0.008308 0.066351 0.884631 0.029075
3 3 0.015282 0.010321 0.069526 0.867753 0.037118
3 3 0.018139 0.012134 0.077185 0.850476 0.042066
3 3 0.015661 0.010848 0.071235 0.863044 0.039213
3 3 0.013510 0.009013 0.060537 0.882037 0.034904
3 3 0.009640 0.006402 0.049661 0.908380 0.025917
3 3 0.009071 0.006366 0.054259 0.906308 0.023996
3 3 0.010037 0.007701 0.067666 0.888525 0.026070
3 3 0.011863 0.008900 0.070519 0.878144 0.030574
3 3 0.008366 0.006896 0.068564 0.893778 0.022396
3 3 0.009963 0.007666 0.067697 0.888764 0.025910
3 3 0.009209 0.006998 0.062362 0.896909 0.024522
3 3 0.015067 0.011431 0.089923 0.849220 0.034358
3 3 0.015140 0.011877 0.090502 0.846001 0.036480
3 3 0.032267 0.024829 0.172232 0.717873 0.052800
3 3 0.026395 0.022140 0.202501 0.709722 0.039241
3 3 0.024462 0.023796 0.324943 0.600141 0.026659
2 3 0.021448 0.028311 0.512744 0.415922 0.021576
2 3 0.018862 0.036263 0.709279 0.214789 0.020808
2 2 0.022237 0.047058 0.847379 0.067166 0.016160
2 2 0.044667 0.071849 0.822423 0.039970 0.021091
2 2 0.144353 0.130103 0.662294 0.026504 0.036746
2 2 0.128933 0.153365 0.629414 0.029770 0.058519
2 2 0.084408 0.163703 0.639118 0.030968 0.081802
2 1 0.044731 0.161247 0.600743 0.050164 0.143115
2 1 0.044225 0.163867 0.569838 0.057072 0.164999
2 1 0.046383 0.162986 0.591745 0.051584 0.147302
2 1 0.039617 0.148182 0.663102 0.041028 0.108072
2 1 0.047415 0.158798 0.629906 0.043089 0.120792
2 1 0.055538 0.164998 0.605819 0.045729 0.127916
2 1 0.072935 0.178411 0.526389 0.058092 0.164173
2 1 0.083283 0.179723 0.538655 0.052473 0.145867
2 1 0.079713 0.179822 0.529730 0.055443 0.155293
2 1 0.050692 0.167125 0.568975 0.055206 0.158002
2 1 0.035824 0.156408 0.580725 0.059361 0.167682
2 1 0.039806 0.162828 0.542060 0.064939 0.190367
2 1 0.068372 0.177191 0.524717 0.059775 0.169944
2 1 0.122014 0.190546 0.470589 0.057710 0.159141
2 1 0.100545 0.185691 0.503872 0.055650 0.154242
2 1 0.139185 0.193476 0.350145 0.082406 0.234787
4 1 0.179499 0.171818 0.189122 0.112820 0.346741
4 4 0.216528 0.142467 0.110438 0.120411 0.410155
0 4 0.333585 0.153264 0.130769 0.089153 0.293230
0 4 0.336634 0.144304 0.111051 0.092894 0.315117
0 4 0.352165 0.148702 0.121284 0.087242 0.290607
4 4 0.251933 0.120623 0.072463 0.118883 0.436098
4 4 0.249965 0.108454 0.056953 0.121330 0.463297
4 4 0.260334 0.096829 0.044027 0.120164 0.478646
4 4 0.263619 0.093077 0.040309 0.119628 0.483367
4 4 0.261112 0.095943 0.043130 0.120044 0.479770
4 4 0.262303 0.094583 0.041777 0.119853 0.481485
4 4 0.258848 0.098518 0.045769 0.120379 0.476486
4 4 0.260952 0.096125 0.043313 0.120069 0.479540
4 4 0.251606 0.106641 0.054789 0.121197 0.465768
4 4 0.227161 0.132331 0.091541 0.121400 0.427567
4 4 0.259661 0.138472 0.100280 0.112266 0.389321
4 4 0.245016 0.120830 0.073049 0.120339 0.440766
4 4 0.301720 0.107710 0.054880 0.110609 0.425080
4 4 0.254926 0.102940 0.050545 0.120869 0.470720
4 4 0.255228 0.111536 0.060473 0.119791 0.452973
4 4 0.262178 0.136419 0.096571 0.112408 0.392424
4 4 0.264069 0.133170 0.091006 0.113028 0.398727
4 4 0.293840 0.162614 0.153055 0.092983 0.297509
0 4 0.349744 0.163439 0.160593 0.078620 0.247603
0 4 0.390162 0.175412 0.249189 0.048639 0.136598
0 4 0.348778 0.179612 0.237193 0.060443 0.173974
0 4 0.381933 0.172914 0.213137 0.058966 0.173050
0 4 0.363710 0.156322 0.141358 0.080102 0.258509
4 4 0.277552 0.126886 0.080673 0.111883 0.403007
4 4 0.245420 0.125538 0.079825 0.119189 0.430028
4 4 0.194849 0.160838 0.154138 0.116686 0.373490
4 1 0.163693 0.184322 0.242275 0.104616 0.305095
2 1 0.108480 0.187938 0.344997 0.091596 0.266989
2 1 0.110187 0.189606 0.366132 0.085859 0.248216
2 1 0.108777 0.188714 0.355539 0.088872 0.258098
2 1 0.087627 0.185488 0.400054 0.083553 0.243278
2 1 0.066541 0.176964 0.519073 0.061582 0.175841
2 1 0.042291 0.157832 0.620032 0.046812 0.133033
2 1 0.039386 0.153034 0.645419 0.042393 0.119767
2 1 0.048295 0.161273 0.614115 0.046165 0.130153
2 1 0.083747 0.174092 0.583999 0.042487 0.115675
2 1 0.098788 0.174265 0.589372 0.037494 0.100082
2 1 0.099675 0.171673 0.602732 0.034523 0.091397
2 1 0.074876 0.166081 0.624902 0.036288 0.097854
2 1 0.067496 0.166258 0.617777 0.039764 0.108705
2 1 0.057027 0.162773 0.624583 0.041315 0.114302
2 1 0.047792 0.150021 0.681589 0.032352 0.088247
2 1 0.037604 0.138045 0.722400 0.027412 0.074539
2 1 0.037090 0.135475 0.725809 0.028358 0.073267
2 1 0.029612 0.124222 0.746568 0.030057 0.069541
2 1 0.032700 0.121991 0.745381 0.032981 0.066947
2 1 0.045674 0.127714 0.735794 0.030398 0.060420
2 1 0.116618 0.170890 0.602763 0.030500 0.079230
2 1 0.285159 0.179243 0.431707 0.029707 0.074183
2 1 0.322426 0.183207 0.364581 0.036670 0.093115
2 1 0.238568 0.194884 0.370533 0.053505 0.142509
2 1 0.123567 0.192650 0.384661 0.077799 0.221324
2 1 0.092953 0.185265 0.362440 0.091348 0.267994
2 1 0.085935 0.184206 0.380180 0.088869 0.260810
2 1 0.083577 0.183766 0.386428 0.087984 0.258244
2 1 0.070913 0.180535 0.422843 0.082727 0.242982
2 1 0.051613 0.171478 0.503036 0.069721 0.204152
2 1 0.042078 0.161087 0.588541 0.053674 0.154619
2 1 0.034072 0.145313 0.677715 0.037477 0.105423
2 1 0.026598 0.142481 0.662748 0.043259 0.124915
2 1 0.038515 0.126538 0.715189 0.042477 0.077281
2 1 0.053706 0.143461 0.647433 0.053839 0.101561
2 1 0.038169 0.157395 0.603449 0.051741 0.149245
2 2 0.027285 0.108025 0.791597 0.024823 0.048270
2 2 0.032792 0.110702 0.787078 0.023836 0.045592
2 2 0.033860 0.110241 0.785007 0.025138 0.045755
2 2 0.038403 0.122337 0.747320 0.031320 0.060620
2 2 0.034953 0.122702 0.734125 0.037621 0.070599
2 2 0.036199 0.138342 0.699006 0.036637 0.089816
2 2 0.024381 0.120234 0.749993 0.031854 0.073538
2 2 0.024863 0.119900 0.762453 0.026838 0.065946
2 2 0.042595 0.143561 0.695222 0.033202 0.085420
2 2 0.046128 0.132683 0.720315 0.032723 0.068151
2 2 0.066249 0.145239 0.687712 0.031465 0.069334
2 2 0.039880 0.103094 0.796698 0.024224 0.036104
2 2 0.035879 0.099666 0.804379 0.024520 0.035556
2 2 0.018090 0.068941 0.874156 0.018619 0.020194
2 2 0.015932 0.064849 0.883564 0.017326 0.018328
2 2 0.016303 0.065475 0.883501 0.016618 0.018103
2 2 0.010954 0.054383 0.901823 0.017350 0.015490
2 2 0.011415 0.053254 0.901583 0.018654 0.015094
2 2 0.011087 0.052364 0.900649 0.020420 0.015481
2 2 0.015080 0.063421 0.877883 0.022935 0.020682
2 2 0.043684 0.120304 0.735170 0.038931 0.061911
2 2 0.078174 0.138434 0.672060 0.042665 0.068668
2 2 0.188776 0.188371 0.477514 0.040245 0.105094
2 2 0.128116 0.149572 0.618902 0.038993 0.064417
2 2 0.085712 0.121119 0.727053 0.027398 0.038718
2 2 0.022185 0.054945 0.896407 0.015712 0.010751
2 2 0.026339 0.063160 0.879754 0.017123 0.013624
2 2 0.021947 0.061095 0.886015 0.017069 0.013875
2 2 0.090321 0.113547 0.748777 0.019544 0.027811
2 2 0.204137 0.145465 0.597516 0.017918 0.034965
0 2 0.408165 0.150569 0.389362 0.015603 0.036302
2 2 0.353268 0.162388 0.417278 0.019799 0.047268
2 2 0.310202 0.162654 0.463070 0.018918 0.045156
2 2 0.139914 0.126818 0.684860 0.018909 0.029497
2 2 0.300559 0.159818 0.480934 0.017409 0.041281
0 2 0.405439 0.150206 0.393350 0.015347 0.035658
0 2 0.425046 0.142524 0.390517 0.012770 0.029143
0 0 0.427689 0.141234 0.390587 0.012363 0.028126
0 1 0.449754 0.155062 0.321870 0.021020 0.052293
0 1 0.444416 0.164898 0.268443 0.033175 0.089068
0 1 0.382097 0.175480 0.234605 0.053804 0.154014
0 1 0.298998 0.178588 0.209721 0.078342 0.234350
4 1 0.264965 0.168556 0.169920 0.095813 0.300747
4 1 0.264532 0.165652 0.161291 0.097919 0.310605
4 1 0.325599 0.139005 0.100497 0.097551 0.337348
0 1 0.371821 0.152640 0.132530 0.080408 0.262601
0 1 0.363514 0.159532 0.150569 0.077974 0.248412
2 1 0.292411 0.190805 0.320010 0.053405 0.143369
2 1 0.231209 0.192439 0.278499 0.078011 0.219842
2 1 0.197204 0.194606 0.300977 0.080738 0.226476
2 1 0.204202 0.193115 0.282168 0.084012 0.236502
2 1 0.211567 0.196741 0.342974 0.066545 0.182173
2 1 0.256790 0.192404 0.379229 0.047350 0.124228
2 2 0.249821 0.190119 0.409215 0.041967 0.108878
2 2 0.305640 0.187429 0.356130 0.042138 0.108663
0 2 0.368117 0.178759 0.252622 0.052540 0.147962
0 1 0.435512 0.163306 0.191569 0.052777 0.156835
0 1 0.365203 0.176007 0.222370 0.060386 0.176034
2 1 0.235236 0.193719 0.290771 0.074029 0.206246
2 1 0.153688 0.195776 0.394920 0.067688 0.187929
2 1 0.186521 0.196970 0.363966 0.067282 0.185261
2 1 0.258700 0.194551 0.326642 0.059690 0.160416
2 1 0.263269 0.194180 0.329880 0.057839 0.154832
2 1 0.249632 0.194545 0.357830 0.054062 0.143930
2 1 0.164634 0.194268 0.438547 0.054637 0.147914
2 1 0.163635 0.196179 0.397639 0.064585 0.177962
2 1 0.225388 0.189470 0.257710 0.084489 0.242944
4 1 0.219557 0.183392 0.226106 0.093639 0.277305
4 1 0.203509 0.183892 0.230598 0.096600 0.285400
4 1 0.209820 0.188483 0.252263 0.089821 0.259612
2 1 0.226423 0.192608 0.279094 0.079068 0.222807
2 1 0.253556 0.193036 0.292383 0.069146 0.191878
0 1 0.299453 0.186115 0.254756 0.067368 0.192308
0 1 0.352135 0.175991 0.214209 0.065223 0.192442
0 1 0.410316 0.163013 0.175195 0.062003 0.189473
0 1 0.300527 0.170084 0.176375 0.085972 0.267042
4 1 0.231836 0.180105 0.211294 0.094097 0.282668
2 1 0.146026 0.190750 0.303645 0.092599 0.266979
2 1 0.142640 0.193137 0.337092 0.084839 0.242292
4 1 0.169580 0.187534 0.257562 0.099014 0.286310
4 1 0.145766 0.184213 0.256859 0.104804 0.308358
4 1 0.125448 0.186394 0.293811 0.100350 0.293997
2 1 0.089660 0.184813 0.370608 0.090213 0.264705
2 1 0.089757 0.184828 0.370365 0.090247 0.264803
2 1 0.117213 0.189541 0.342295 0.090006 0.260945
2 1 0.198194 0.193135 0.295593 0.081168 0.231911
4 4 0.241015 0.174369 0.189364 0.097034 0.298219
4 4 0.237372 0.162935 0.154860 0.105907 0.338926
4 4 0.257608 0.159277 0.144343 0.103420 0.335353
0 4 0.344690 0.160712 0.151508 0.081886 0.261203
0 4 0.465803 0.140517 0.116529 0.064493 0.212658
0 4 0.483259 0.116786 0.071579 0.071252 0.257124
0 4 0.409233 0.098111 0.044846 0.090451 0.357359
4 4 0.343391 0.075174 0.024818 0.103785 0.452832
4 4 0.368463 0.081970 0.029878 0.099318 0.420371
0 4 0.511995 0.092964 0.042456 0.071438 0.281146
0 4 0.551895 0.113556 0.073634 0.057498 0.203416
0 4 0.625524 0.103750 0.067975 0.044904 0.157846
0 4 0.486740 0.139052 0.117345 0.060057 0.196805
4 4 0.296279 0.156358 0.136816 0.096141 0.314406
4 4 0.202268 0.159906 0.150617 0.115564 0.371645
4 4 0.208988 0.149219 0.124862 0.119363 0.397568
4 4 0.295478 0.136189 0.095381 0.105187 0.367766
4 4 0.343251 0.115537 0.064279 0.100688 0.376245
0 4 0.409091 0.094571 0.041276 0.090912 0.364150
0 4 0.407325 0.073244 0.023574 0.092086 0.403772
0 4 0.446771 0.063528 0.017607 0.084663 0.387432
0 4 0.496730 0.068002 0.020893 0.076311 0.338064
0 4 0.425332 0.088726 0.036014 0.088392 0.361536
4 4 0.326507 0.091021 0.037586 0.107132 0.437753
4 4 0.266742 0.089485 0.036944 0.119041 0.487789
4 4 0.276939 0.077665 0.027117 0.116566 0.501714
4 4 0.282786 0.077884 0.027204 0.115443 0.496683
0 4 0.415887 0.093057 0.039908 0.089774 0.361374
0 4 0.465260 0.122185 0.078793 0.073246 0.260516
0 4 0.453236 0.143429 0.121554 0.065873 0.215908
0 4 0.352792 0.164457 0.164458 0.077028 0.241265
0 4 0.311418 0.188133 0.296970 0.054548 0.148932
0 4 0.281022 0.173950 0.188441 0.087645 0.268943
4 4 0.203760 0.153677 0.135353 0.118477 0.388732
0 4 0.298249 0.162165 0.151971 0.092222 0.295393
0 4 0.292333 0.181854 0.224420 0.076349 0.225044
0 4 0.308846 0.188640 0.305556 0.053102 0.143857
2 4 0.321125 0.183930 0.360829 0.037771 0.096345
0 4 0.355441 0.177292 0.351436 0.032745 0.083086
2 4 0.304440 0.189124 0.328107 0.048819 0.129509
2 4 0.197557 0.192739 0.438486 0.046953 0.124265
2 4 0.101210 0.186508 0.494648 0.057570 0.160064
2 4 0.055642 0.163203 0.619034 0.042891 0.119230
2 1 0.046312 0.158008 0.632371 0.042914 0.120394
2 1 0.043798 0.154874 0.646622 0.040719 0.113987
2 1 0.051047 0.165623 0.586278 0.051309 0.145744
2 1 0.067510 0.178852 0.485944 0.068877 0.198816
2 1 0.085269 0.184098 0.382168 0.088563 0.259902
4 1 0.180221 0.171341 0.187401 0.113023 0.348013
4 1 0.186860 0.166771 0.171933 0.114793 0.359643
4 1 0.210210 0.173005 0.187409 0.105196 0.324180
2 1 0.143478 0.194793 0.414829 0.065418 0.181483
2 1 0.134560 0.189378 0.491150 0.049899 0.135014
2 2 0.067415 0.133736 0.719628 0.026788 0.052433
2 2 0.036695 0.096715 0.815344 0.020822 0.030425
2 2 0.027163 0.083297 0.843689 0.020358 0.025493
2 2 0.017520 0.077321 0.852471 0.023594 0.029094
2 2 0.015473 0.079103 0.832570 0.033868 0.038986
2 2 0.012754 0.068748 0.854159 0.032735 0.031604
2 2 0.013633 0.066844 0.849298 0.038706 0.031519
2 2 0.014893 0.063000 0.867930 0.030485 0.023693
2 2 0.013360 0.061262 0.876340 0.026883 0.022156
2 2 0.015152 0.064056 0.878746 0.021611 0.020435
2 2 0.016034 0.064214 0.876571 0.022701 0.020480
2 2 0.012516 0.064139 0.872874 0.025876 0.024595
2 2 0.014631 0.069028 0.863870 0.025984 0.026488
2 2 0.022972 0.092419 0.814911 0.028857 0.040842
2 2 0.020363 0.071608 0.863078 0.022383 0.022568
2 2 0.011084 0.049033 0.903055 0.022546 0.014282
2 2 0.006874 0.034901 0.924272 0.024399 0.009554
2 2 0.005451 0.031421 0.929846 0.024541 0.008740
2 2 0.008009 0.039288 0.924411 0.018474 0.009818
2 2 0.013604 0.053861 0.898342 0.019643 0.014549
2 2 0.022364 0.076316 0.851069 0.024545 0.025706
2 2 0.020971 0.077304 0.844125 0.028334 0.029266
2 2 0.014342 0.062367 0.873818 0.027167 0.022306
2 2 0.009056 0.044856 0.905520 0.026300 0.014269
2 2 0.006232 0.030970 0.927070 0.027358 0.008370
2 2 0.004400 0.025184 0.926793 0.036065 0.007558
2 2 0.004154 0.023805 0.928064 0.036943 0.007034
2 2 0.005392 0.028143 0.915109 0.042183 0.009173
2 2 0.006246 0.028445 0.906342 0.049540 0.009427
2 2 0.006233 0.026282 0.893156 0.065085 0.009244
2 2 0.004958 0.021710 0.890263 0.075387 0.007681
2 2 0.005059 0.021648 0.890019 0.075673 0.007601
2 3 0.005431 0.022664 0.859017 0.103409 0.009480
2 3 0.005548 0.023604 0.836617 0.123045 0.011187
2 3 0.006857 0.024053 0.826020 0.132162 0.010907
2 3 0.008161 0.022988 0.808367 0.150580 0.009904
2 3 0.009529 0.022499 0.697632 0.257611 0.012729
2 3 0.022976 0.033122 0.710203 0.217787 0.015912
2 3 0.068773 0.061216 0.674543 0.167234 0.028233
2 3 0.256656 0.118027 0.478845 0.089753 0.056719
2 3 0.154919 0.107892 0.570548 0.111920 0.054721
2 3 0.061137 0.070327 0.741409 0.098765 0.028362
2 3 0.011346 0.030909 0.864689 0.082299 0.010757
2 2 0.010959 0.030217 0.879965 0.069307 0.009553
2 2 0.008825 0.027030 0.889905 0.065927 0.008312
2 2 0.007735 0.026750 0.900631 0.056838 0.008045
2 2 0.009597 0.030754 0.889787 0.060055 0.009807
2 2 0.011468 0.032491 0.881601 0.064061 0.010379
2 2 0.011188 0.030990 0.834274 0.110698 0.012849
2 2 0.036633 0.051715 0.729000 0.157395 0.025257
2 2 0.176643 0.092140 0.554081 0.133183 0.043953
2 3 0.354787 0.132823 0.403673 0.052388 0.056329
0 3 0.417188 0.165365 0.322143 0.026905 0.068400
2 3 0.289135 0.167548 0.414802 0.046114 0.082401
2 3 0.100618 0.094794 0.631689 0.123107 0.049793
2 3 0.005702 0.021498 0.826031 0.136973 0.009795
2 3 0.006881 0.023773 0.762919 0.192886 0.013541
2 3 0.008380 0.025050 0.736109 0.215746 0.014715
2 3 0.006491 0.020859 0.676905 0.281522 0.014224
2 3 0.006802 0.021704 0.725108 0.233409 0.012976
2 3 0.009228 0.026358 0.702519 0.244818 0.017077
2 3 0.010338 0.023255 0.592447 0.356560 0.017400
3 3 0.007328 0.015031 0.376357 0.584831 0.016452
3 3 0.005852 0.010550 0.271273 0.698958 0.013368
3 3 0.007066 0.011350 0.249980 0.716380 0.015225
3 3 0.006586 0.010067 0.230898 0.738717 0.013731
3 3 0.008196 0.009657 0.167118 0.798363 0.016666
3 3 0.006861 0.008494 0.164470 0.805892 0.014284
3 3 0.005734 0.007098 0.147052 0.827742 0.012375
3 3 0.003713 0.005274 0.147135 0.835512 0.008365
3 3 0.003085 0.004475 0.136411 0.848865 0.007163
3 3 0.003394 0.004634 0.126192 0.857770 0.008010
3 3 0.005369 0.006379 0.121903 0.853709 0.012640
3 3 0.007083 0.007815 0.124022 0.844783 0.016297
3 3 0.010413 0.010298 0.122522 0.833046 0.023721
