0 0 0.667396 0.121033 0.073580 0.010183 0.127808
0 0 0.840817 0.056622 0.028828 0.001184 0.072550
0 0 0.883345 0.040677 0.019347 0.000498 0.056133
0 0 0.898690 0.034147 0.017948 0.000464 0.048751
0 0 0.887630 0.039079 0.018438 0.000449 0.054403
0 0 0.867350 0.044975 0.026239 0.001085 0.060351
0 0 0.762115 0.082553 0.054008 0.005343 0.095982
0 1 0.474198 0.155810 0.087946 0.012222 0.269825
0 1 0.421939 0.175816 0.105106 0.020753 0.276385
0 1 0.352510 0.200681 0.129567 0.040824 0.276417
0 1 0.284138 0.213963 0.172697 0.060721 0.268482
0 1 0.287793 0.201627 0.230386 0.069348 0.210847
0 1 0.288727 0.199152 0.281260 0.056189 0.174673
2 1 0.272737 0.172888 0.329698 0.060930 0.163746
2 1 0.206919 0.191036 0.380221 0.057793 0.164030
2 1 0.199774 0.206901 0.342248 0.084509 0.166567
2 1 0.170106 0.219730 0.353831 0.057553 0.198780
4 4 0.282178 0.205579 0.135741 0.035275 0.341226
0 4 0.421863 0.173163 0.102036 0.018869 0.284070
0 4 0.337376 0.205076 0.200269 0.037827 0.219453
0 4 0.453635 0.185828 0.130209 0.028833 0.201495
0 4 0.457207 0.189215 0.134035 0.049457 0.170086
0 4 0.315286 0.214390 0.147140 0.064840 0.258344
2 4 0.069122 0.253844 0.415067 0.066153 0.195814
4 4 0.111946 0.169805 0.093477 0.025562 0.599210
4 4 0.129148 0.177244 0.099248 0.027618 0.566743
4 4 0.154580 0.199774 0.120816 0.044412 0.480417
4 4 0.140645 0.242378 0.216359 0.062634 0.337985
4 4 0.173384 0.243394 0.217134 0.060479 0.305608
4 4 0.210544 0.242019 0.212248 0.068426 0.266763
4 4 0.182260 0.242588 0.214212 0.060045 0.300895
4 4 0.121966 0.252864 0.277962 0.054728 0.292480
4 4 0.166249 0.199832 0.125994 0.032829 0.475096
4 4 0.161204 0.225864 0.173190 0.044902 0.394840
4 4 0.125931 0.238528 0.216267 0.048540 0.370734
4 4 0.114308 0.247887 0.253076 0.056205 0.328524
4 4 0.107564 0.247596 0.262889 0.048750 0.333201
4 4 0.141893 0.249777 0.255796 0.051656 0.300879
4 4 0.149092 0.252485 0.268913 0.053421 0.276088
4 4 0.195989 0.248382 0.246042 0.057129 0.252458
2 4 0.217896 0.220766 0.282105 0.066069 0.213165
2 4 0.197516 0.181997 0.381887 0.079177 0.159422
2 4 0.194275 0.143962 0.411625 0.111550 0.138589
2 4 0.194929 0.126606 0.374943 0.181854 0.121669
2 4 0.172927 0.115600 0.371564 0.225167 0.114742
2 4 0.138521 0.115338 0.420604 0.215609 0.109928
2 4 0.093505 0.077508 0.446037 0.310270 0.072680
2 4 0.178718 0.113813 0.343070 0.257174 0.107225
2 4 0.098794 0.095303 0.403325 0.317872 0.084706
2 2 0.063004 0.063825 0.414677 0.402117 0.056378
3 2 0.079625 0.055194 0.327747 0.485276 0.052158
3 2 0.068751 0.042314 0.276869 0.571766 0.040300
3 2 0.061790 0.033426 0.286847 0.584636 0.033301
3 2 0.043455 0.021145 0.210532 0.703954 0.020914
3 2 0.060148 0.026751 0.237315 0.648957 0.026829
3 2 0.048618 0.020601 0.154370 0.756829 0.019583
3 2 0.054891 0.020516 0.114216 0.791641 0.018737
3 2 0.061229 0.020944 0.104592 0.794235 0.019000
3 2 0.063745 0.020058 0.093089 0.805032 0.018078
3 2 0.041968 0.012494 0.077039 0.857034 0.011465
3 2 0.047957 0.014644 0.078204 0.845969 0.013225
3 2 0.029135 0.007372 0.060139 0.896397 0.006957
3 2 0.024224 0.005374 0.046976 0.918335 0.005092
3 3 0.022036 0.004683 0.043726 0.925089 0.004466
3 3 0.026275 0.006050 0.049951 0.912024 0.005700
3 3 0.043371 0.010749 0.069231 0.866598 0.010051
3 3 0.034284 0.008931 0.061007 0.887519 0.008260
3 3 0.038995 0.009861 0.065348 0.876617 0.009179
3 3 0.022475 0.005057 0.049703 0.917904 0.004861
3 3 0.027579 0.006546 0.052811 0.906907 0.006157
3 3 0.019705 0.003982 0.040169 0.932317 0.003826
3 3 0.021067 0.004387 0.042260 0.928089 0.004196
3 3 0.016058 0.002945 0.034312 0.943814 0.002871
3 3 0.018448 0.003620 0.038206 0.936233 0.003493
3 3 0.019638 0.003519 0.038623 0.934767 0.003452
3 3 0.024367 0.005056 0.046187 0.919545 0.004846
3 3 0.049320 0.011842 0.074030 0.853659 0.011149
3 3 0.042190 0.012134 0.071202 0.863417 0.011057
3 3 0.044944 0.014480 0.089502 0.837748 0.013326
3 3 0.044611 0.014538 0.091982 0.835448 0.013421
3 3 0.034290 0.009887 0.076720 0.869790 0.009314
3 3 0.034343 0.009972 0.077892 0.868388 0.009404
3 3 0.034923 0.009320 0.064074 0.883049 0.008633
3 3 0.031852 0.008602 0.067820 0.883624 0.008102
3 3 0.059550 0.020479 0.093035 0.808730 0.018206
3 3 0.055776 0.018417 0.104646 0.804170 0.016991
3 3 0.055273 0.021434 0.124271 0.779312 0.019710
3 3 0.079242 0.028411 0.133329 0.732958 0.026061
3 3 0.063576 0.021785 0.095258 0.800033 0.019348
3 3 0.041040 0.011647 0.069758 0.866921 0.010634
3 3 0.034517 0.009021 0.061317 0.886807 0.008339
3 3 0.035885 0.009552 0.063124 0.882633 0.008806
3 3 0.033393 0.007795 0.058076 0.893392 0.007345
3 3 0.033255 0.008037 0.058543 0.892638 0.007527
3 3 0.091417 0.023959 0.108151 0.754096 0.022376
3 3 0.067808 0.016315 0.089216 0.811251 0.015409
3 3 0.042152 0.010874 0.068884 0.867995 0.010095
3 3 0.034573 0.009042 0.061391 0.886636 0.008358
3 3 0.047239 0.014212 0.077171 0.848513 0.012866
3 3 0.060456 0.020808 0.092675 0.807605 0.018456
3 3 0.053990 0.018627 0.097155 0.813392 0.016836
3 3 0.045417 0.016634 0.117080 0.805258 0.015612
3 3 0.063777 0.027691 0.145694 0.737593 0.025244
3 3 0.054039 0.022487 0.142606 0.759935 0.020932
3 3 0.039608 0.014967 0.130640 0.800359 0.014426
3 3 0.035954 0.013058 0.124230 0.814058 0.012700
3 3 0.039739 0.016582 0.158976 0.768487 0.016216
3 3 0.044767 0.018003 0.142234 0.777813 0.017183
3 3 0.033594 0.012501 0.133378 0.808192 0.012335
3 3 0.037279 0.014496 0.141136 0.792920 0.014169
3 3 0.038778 0.015057 0.138974 0.792568 0.014623
3 3 0.042703 0.018521 0.167345 0.753424 0.018007
3 3 0.035449 0.015302 0.175756 0.758186 0.015306
3 3 0.035336 0.018815 0.255098 0.671424 0.019328
3 3 0.038815 0.024711 0.326095 0.584928 0.025451
2 3 0.040453 0.048646 0.528239 0.337858 0.044804
2 3 0.085690 0.119663 0.580997 0.110337 0.103313
2 2 0.077410 0.115718 0.604254 0.103668 0.098950
2 2 0.112945 0.187973 0.452979 0.101384 0.144718
3 2 0.098904 0.089719 0.334184 0.399150 0.078042
2 2 0.246342 0.148342 0.316816 0.147946 0.140554
2 0 0.192956 0.193318 0.360339 0.055302 0.198084
0 2 0.275284 0.194407 0.267045 0.091886 0.171378
0 2 0.335637 0.178776 0.241115 0.075637 0.168836
0 2 0.400877 0.170552 0.182056 0.090043 0.156472
0 2 0.482165 0.136956 0.154030 0.096205 0.130644
0 2 0.610545 0.106250 0.121658 0.050329 0.111217
0 2 0.512678 0.123272 0.150065 0.092853 0.121131
0 2 0.307900 0.110010 0.186030 0.296678 0.099381
2 2 0.088516 0.102319 0.458744 0.265846 0.084575
2 2 0.051130 0.083717 0.596780 0.196858 0.071515
2 2 0.027135 0.065560 0.711125 0.137026 0.059155
2 2 0.018001 0.042545 0.760717 0.140748 0.037989
2 2 0.017802 0.043638 0.762969 0.132694 0.042897
2 2 0.017930 0.040803 0.750551 0.150687 0.040028
2 2 0.032959 0.059813 0.651437 0.199657 0.056134
2 2 0.050193 0.061317 0.512648 0.320153 0.055689
3 2 0.055606 0.049089 0.413018 0.435207 0.047080
3 2 0.058330 0.049890 0.396471 0.447626 0.047684
3 2 0.069671 0.065842 0.394349 0.410657 0.059481
3 2 0.080019 0.061482 0.326002 0.475357 0.057139
3 2 0.084358 0.073207 0.359813 0.416304 0.066318
2 2 0.069345 0.068959 0.424122 0.375093 0.062481
2 2 0.071542 0.072036 0.409500 0.370974 0.075948
2 2 0.055075 0.057481 0.447966 0.380109 0.059369
2 2 0.055380 0.060405 0.460994 0.365099 0.058122
2 2 0.047493 0.054361 0.493414 0.355307 0.049426
2 2 0.068816 0.076382 0.510049 0.276515 0.068238
2 2 0.114943 0.114580 0.457953 0.212791 0.099733
2 2 0.059468 0.114264 0.614446 0.120909 0.090912
2 2 0.030841 0.105403 0.709302 0.076416 0.078039
2 2 0.031701 0.106840 0.713604 0.067381 0.080475
2 2 0.030229 0.100435 0.707129 0.086197 0.076009
2 2 0.031613 0.096395 0.698379 0.098521 0.075093
2 2 0.015516 0.066065 0.805595 0.061833 0.050992
2 2 0.013017 0.059320 0.826927 0.054533 0.046204
2 2 0.013264 0.051421 0.825364 0.068014 0.041937
2 2 0.017548 0.046783 0.778815 0.116023 0.040832
2 2 0.016591 0.044668 0.781255 0.119001 0.038485
2 2 0.016184 0.049428 0.795527 0.097023 0.041837
2 2 0.021497 0.067687 0.759728 0.096718 0.054371
2 2 0.020011 0.061208 0.766309 0.102968 0.049503
2 2 0.020612 0.071293 0.766716 0.085466 0.055914
2 2 0.019132 0.074664 0.775752 0.073883 0.056569
2 2 0.024444 0.086034 0.747067 0.076379 0.066075
2 2 0.035451 0.095877 0.698338 0.094241 0.076093
2 2 0.072287 0.125159 0.576765 0.122325 0.103464
2 2 0.031359 0.095231 0.712207 0.086187 0.075017
2 2 0.029678 0.104517 0.699395 0.081742 0.084668
2 2 0.018314 0.078379 0.780635 0.064402 0.058271
2 2 0.022285 0.079547 0.753276 0.081004 0.063888
2 2 0.011518 0.051745 0.837145 0.056542 0.043049
2 2 0.018474 0.069269 0.774956 0.070986 0.066314
2 2 0.017974 0.062937 0.781069 0.083324 0.054696
2 2 0.020229 0.050857 0.744307 0.139395 0.045213
2 2 0.024034 0.054206 0.711749 0.164636 0.045375
2 2 0.032642 0.069771 0.665581 0.171445 0.060561
2 2 0.040773 0.062843 0.587412 0.252626 0.056346
2 2 0.049561 0.097609 0.585161 0.177246 0.090424
2 2 0.130838 0.155332 0.388643 0.197536 0.127652
2 4 0.236730 0.185212 0.279601 0.122456 0.176002
2 4 0.260627 0.185611 0.287535 0.099206 0.167021
2 4 0.198546 0.194661 0.344788 0.083919 0.178086
2 4 0.060278 0.128592 0.636839 0.070389 0.103902
2 4 0.038071 0.113832 0.688686 0.072248 0.087162
2 2 0.034827 0.109039 0.694858 0.077823 0.083453
2 2 0.031183 0.097179 0.700334 0.096085 0.075220
2 2 0.029339 0.080542 0.732430 0.091910 0.065778
2 2 0.052578 0.116421 0.643722 0.091893 0.095386
2 2 0.133836 0.173522 0.466135 0.081839 0.144667
2 2 0.197017 0.218547 0.338481 0.073650 0.172305
0 2 0.266688 0.240560 0.240533 0.066363 0.185856
0 2 0.258441 0.222427 0.233489 0.059571 0.226071
4 2 0.242295 0.221055 0.199439 0.049026 0.288185
2 2 0.145144 0.181449 0.417149 0.073747 0.182511
2 4 0.173901 0.168549 0.414253 0.076420 0.166876
2 4 0.123140 0.145100 0.523593 0.066632 0.141535
0 4 0.368184 0.178969 0.233347 0.049460 0.170040
0 0 0.594528 0.146571 0.094142 0.018988 0.145771
0 1 0.576438 0.152658 0.099316 0.021871 0.149717
0 1 0.451102 0.190658 0.134868 0.052695 0.170677
0 2 0.250948 0.240708 0.231630 0.092993 0.183722
2 2 0.125099 0.204963 0.412693 0.095865 0.161380
2 2 0.033746 0.118835 0.689097 0.071919 0.086403
2 2 0.020569 0.092472 0.754984 0.058243 0.073732
2 2 0.038712 0.124041 0.643366 0.093235 0.100647
2 2 0.039911 0.142800 0.598531 0.072300 0.146458
2 2 0.080117 0.187665 0.459905 0.073929 0.198384
2 2 0.186130 0.220861 0.294391 0.055562 0.243056
0 0 0.468311 0.185878 0.131678 0.039835 0.174297
0 1 0.485402 0.181132 0.125304 0.042022 0.166140
0 1 0.444184 0.193490 0.141267 0.048850 0.172210
0 2 0.257525 0.236158 0.204881 0.058867 0.242570
2 2 0.154032 0.215586 0.360943 0.056953 0.212486
2 2 0.133992 0.199720 0.399968 0.085550 0.180770
0 2 0.280703 0.232471 0.198233 0.083833 0.204760
1 2 0.229444 0.245499 0.240570 0.075621 0.208866
2 2 0.245678 0.219865 0.273650 0.050139 0.210668
2 2 0.223375 0.202847 0.347484 0.055941 0.170353
0 2 0.331124 0.219426 0.234816 0.032156 0.182478
0 2 0.411187 0.204584 0.167611 0.039144 0.177473
0 2 0.336476 0.223913 0.203527 0.052572 0.183512
0 0 0.418276 0.198972 0.143761 0.064936 0.174056
0 1 0.361495 0.211058 0.158191 0.091866 0.177390
0 1 0.278862 0.227586 0.175388 0.083054 0.235111
4 2 0.226646 0.196590 0.116694 0.032503 0.427567
4 2 0.212061 0.192126 0.111829 0.029435 0.454548
4 2 0.178687 0.205740 0.134779 0.033816 0.446978
4 2 0.118021 0.221853 0.285370 0.038262 0.336494
2 2 0.053428 0.155212 0.552959 0.047798 0.190604
2 2 0.043690 0.116618 0.668791 0.069066 0.101834
2 2 0.089539 0.112005 0.523952 0.176072 0.098433
2 2 0.059508 0.128072 0.621677 0.087146 0.103597
2 2 0.045186 0.119259 0.662795 0.079476 0.093283
2 2 0.038143 0.111936 0.687740 0.075349 0.086832
2 2 0.052790 0.114932 0.667802 0.069461 0.095015
2 2 0.107611 0.141133 0.556878 0.072548 0.121829
2 2 0.235900 0.167823 0.392466 0.052267 0.151545
0 0 0.352289 0.209834 0.226043 0.031911 0.179923
0 0 0.400765 0.207433 0.184669 0.028526 0.178608
2 0 0.269404 0.197858 0.298200 0.061594 0.172944
0 0 0.302353 0.217096 0.226800 0.028926 0.224825
0 1 0.364069 0.208726 0.168214 0.026242 0.232749
0 1 0.441716 0.184249 0.119038 0.032111 0.222886
0 2 0.433388 0.194353 0.144167 0.033537 0.194554
0 2 0.631005 0.133969 0.083776 0.014067 0.137182
0 0 0.669069 0.120431 0.073116 0.010026 0.127359
0 0 0.466172 0.188233 0.143366 0.032167 0.170062
0 1 0.281818 0.238026 0.249124 0.044721 0.186311
4 2 0.192268 0.165920 0.087393 0.015030 0.539389
4 2 0.172548 0.170075 0.091278 0.018108 0.547992
4 2 0.170129 0.180001 0.100322 0.024006 0.525542
4 2 0.139484 0.199424 0.150476 0.032513 0.478103
4 2 0.083224 0.195490 0.293589 0.044636 0.383061
2 2 0.048838 0.162830 0.456712 0.060048 0.271572
2 2 0.042711 0.145393 0.533923 0.065298 0.212675
2 2 0.051573 0.116115 0.557655 0.142414 0.132243
2 2 0.178013 0.185247 0.369242 0.115697 0.151800
0 2 0.528709 0.168089 0.112993 0.031134 0.159075
0 0 0.626878 0.135415 0.084943 0.014569 0.138195
0 0 0.570990 0.154467 0.100877 0.022802 0.150864
0 0 0.371142 0.174243 0.209021 0.087661 0.157933
0 0 0.445700 0.177353 0.162062 0.047082 0.167804
0 0 0.354551 0.200198 0.129123 0.040350 0.275778
4 0 0.257470 0.176323 0.096895 0.017564 0.451748
4 1 0.175082 0.173151 0.093956 0.019513 0.538298
4 1 0.184283 0.179259 0.099381 0.022308 0.514769
4 1 0.210074 0.205251 0.142732 0.048768 0.393175
4 2 0.242017 0.198883 0.119548 0.034072 0.405480
4 2 0.295514 0.189992 0.111747 0.025766 0.376980
4 2 0.269481 0.184627 0.105196 0.022053 0.418643
4 2 0.282515 0.171179 0.092668 0.014863 0.438774
4 4 0.239680 0.187406 0.107317 0.024550 0.441047
4 4 0.186360 0.222504 0.166307 0.039148 0.385681
2 4 0.066359 0.203759 0.421295 0.056789 0.251798
2 4 0.033722 0.143264 0.587021 0.053567 0.182426
2 4 0.035663 0.131773 0.598528 0.048944 0.185093
2 2 0.045353 0.124361 0.655810 0.053722 0.120754
0 2 0.322980 0.210864 0.181750 0.038988 0.245418
0 2 0.468710 0.185881 0.131617 0.040737 0.173055
0 2 0.379538 0.208986 0.156884 0.066651 0.187941
2 2 0.047754 0.163505 0.584400 0.097012 0.107329
2 2 0.070750 0.206292 0.371107 0.071644 0.280208
2 2 0.039342 0.152090 0.575458 0.064088 0.169023
2 2 0.020324 0.106121 0.723237 0.045808 0.104510
2 2 0.021409 0.107715 0.727507 0.050430 0.092940
2 2 0.020587 0.102524 0.736341 0.050401 0.090146
2 2 0.023272 0.115991 0.714145 0.052663 0.093930
2 2 0.022553 0.114034 0.711127 0.049688 0.102599
2 2 0.025089 0.117192 0.695565 0.054478 0.107676
2 2 0.021543 0.107241 0.724420 0.050297 0.096499
2 2 0.029666 0.110195 0.684760 0.070573 0.104806
2 2 0.034092 0.111766 0.666904 0.082380 0.104858
2 2 0.046764 0.118415 0.649688 0.083301 0.101833
2 2 0.173792 0.206556 0.366045 0.089827 0.163780
0 2 0.441075 0.193287 0.137617 0.056208 0.171813
0 2 0.500651 0.172752 0.124284 0.041644 0.160669
0 1 0.378302 0.203720 0.171684 0.072653 0.173641
2 1 0.214926 0.218160 0.287520 0.109813 0.169583
0 2 0.281105 0.204320 0.242341 0.083125 0.189110
0 0 0.288639 0.196506 0.236427 0.069308 0.209120
2 1 0.140238 0.176581 0.405701 0.088193 0.189287
2 2 0.042526 0.124302 0.638396 0.079268 0.115508
2 2 0.019455 0.075541 0.768519 0.062945 0.073539
2 2 0.011110 0.054659 0.838465 0.044745 0.051020
2 2 0.010770 0.052248 0.841703 0.046795 0.048484
2 2 0.014971 0.053161 0.807343 0.080748 0.043777
2 2 0.017682 0.050781 0.781008 0.107518 0.043010
2 2 0.020469 0.063673 0.766859 0.097158 0.051841
2 2 0.013790 0.054183 0.819546 0.068233 0.044248
2 2 0.016953 0.053578 0.788517 0.097025 0.043928
2 2 0.028240 0.059977 0.684369 0.177288 0.050126
2 2 0.031526 0.056709 0.639839 0.223777 0.048150
2 2 0.035267 0.044317 0.543162 0.337110 0.040144
2 2 0.029246 0.031102 0.500951 0.409470 0.029232
2 2 0.041790 0.041794 0.460317 0.417090 0.039009
2 2 0.036029 0.040983 0.533578 0.350153 0.039256
2 2 0.029492 0.052824 0.652342 0.219571 0.045771
2 2 0.029590 0.056811 0.673465 0.184315 0.055819
2 2 0.024136 0.043896 0.687763 0.204534 0.039671
2 2 0.016554 0.030115 0.722012 0.203077 0.028243
2 2 0.018373 0.030583 0.701938 0.219677 0.029430
2 2 0.018741 0.028194 0.668746 0.257100 0.027219
2 2 0.017595 0.026601 0.669525 0.260744 0.025535
2 2 0.028693 0.037942 0.583886 0.314345 0.035134
2 2 0.029230 0.037181 0.580498 0.317857 0.035233
2 2 0.028986 0.045259 0.632089 0.252634 0.041033
2 2 0.025177 0.064611 0.726946 0.129712 0.053554
2 2 0.042084 0.096471 0.646036 0.138677 0.076732
2 2 0.072921 0.128938 0.555419 0.138409 0.104314
2 2 0.192821 0.192747 0.269814 0.146076 0.198542
2 2 0.221017 0.161928 0.284637 0.182059 0.150359
0 2 0.255044 0.213321 0.227351 0.119767 0.184517
0 2 0.355371 0.200790 0.213042 0.053593 0.177204
0 2 0.558814 0.158469 0.104368 0.024995 0.153355
0 0 0.601022 0.144358 0.092289 0.018029 0.144303
0 1 0.523958 0.169569 0.114351 0.032203 0.159918
2 1 0.113966 0.211332 0.458518 0.063463 0.152721
2 2 0.122785 0.222161 0.369315 0.078175 0.207565
2 2 0.041811 0.140540 0.614091 0.083811 0.119747
2 2 0.022516 0.093783 0.747184 0.065091 0.071427
2 2 0.010931 0.065367 0.837444 0.039471 0.046787
2 2 0.009744 0.063657 0.846641 0.035308 0.044650
2 2 0.010197 0.065137 0.842392 0.036500 0.045774
2 2 0.015786 0.079821 0.783219 0.046486 0.074689
2 2 0.015880 0.077061 0.788116 0.049149 0.069794
2 2 0.019919 0.087706 0.751476 0.055244 0.085655
2 2 0.034480 0.122271 0.658265 0.077370 0.107614
2 2 0.067549 0.174322 0.535856 0.098021 0.124252
2 2 0.088604 0.211047 0.475452 0.080330 0.144567
2 2 0.080525 0.200100 0.493821 0.087473 0.138082
2 2 0.060805 0.163567 0.572148 0.086034 0.117446
2 2 0.039238 0.134511 0.651647 0.078954 0.095650
2 2 0.022169 0.102219 0.750491 0.053630 0.071491
2 2 0.011907 0.071677 0.834183 0.032245 0.049988
2 2 0.012393 0.074780 0.829063 0.032117 0.051647
2 2 0.011647 0.066061 0.838494 0.036061 0.047737
2 2 0.010847 0.061117 0.841442 0.041479 0.045114
2 2 0.022802 0.109157 0.735162 0.058281 0.074598
2 2 0.035111 0.097990 0.676156 0.114510 0.076234
2 2 0.041447 0.108628 0.696568 0.067256 0.086102
2 2 0.017206 0.084865 0.810297 0.027731 0.059901
2 2 0.007921 0.048755 0.873759 0.033425 0.036141
2 2 0.010467 0.045520 0.855582 0.052626 0.035804
2 2 0.015384 0.056200 0.800191 0.084573 0.043652
2 2 0.015469 0.051028 0.800122 0.091703 0.041678
2 2 0.023328 0.061885 0.732514 0.132318 0.049954
2 2 0.025226 0.064117 0.722804 0.135209 0.052644
2 2 0.027846 0.084266 0.714915 0.108134 0.064839
2 2 0.020764 0.085486 0.761789 0.068964 0.062998
2 2 0.014109 0.075964 0.809036 0.046574 0.054318
2 2 0.012007 0.063022 0.831227 0.047203 0.046541
2 2 0.011427 0.049272 0.838025 0.062737 0.038540
2 2 0.018246 0.059494 0.781712 0.092428 0.048120
2 2 0.018551 0.063406 0.783831 0.082798 0.051415
2 2 0.015192 0.057965 0.807933 0.072834 0.046076
2 2 0.016632 0.061341 0.794647 0.079290 0.048090
2 2 0.011205 0.044494 0.837022 0.071908 0.035371
2 2 0.017123 0.048301 0.777119 0.117241 0.040216
2 2 0.016388 0.037903 0.761219 0.151033 0.033456
2 2 0.013099 0.034914 0.795367 0.126438 0.030182
2 2 0.007019 0.030289 0.876252 0.061708 0.024732
2 2 0.009117 0.034954 0.852044 0.075360 0.028525
2 2 0.014131 0.041829 0.796432 0.113016 0.034591
2 2 0.026707 0.038919 0.614745 0.284181 0.035448
2 2 0.035781 0.036384 0.485649 0.407444 0.034743
2 2 0.046315 0.049321 0.484600 0.373448 0.046317
2 2 0.112214 0.107300 0.501324 0.178957 0.100206
2 2 0.119114 0.145481 0.472545 0.136960 0.125900
2 2 0.086684 0.149775 0.522201 0.122824 0.118516
2 2 0.052772 0.120735 0.605896 0.126586 0.094010
2 2 0.089534 0.151107 0.538864 0.075608 0.144886
2 2 0.260898 0.180145 0.344728 0.048706 0.165523
0 2 0.666420 0.121383 0.073851 0.010276 0.128070
0 0 0.747823 0.091526 0.051859 0.004431 0.104361
0 0 0.739611 0.094581 0.054013 0.004870 0.106925
0 0 0.677127 0.106394 0.085002 0.016840 0.114636
0 0 0.555526 0.142461 0.120859 0.041556 0.139598
0 0 0.389346 0.201275 0.144484 0.054026 0.210869
2 1 0.195803 0.212267 0.307417 0.069888 0.214626
2 2 0.053145 0.156825 0.487220 0.075692 0.227119
2 2 0.042301 0.164247 0.497331 0.054137 0.241984
2 2 0.064200 0.194453 0.390475 0.064683 0.286189
4 2 0.109417 0.225072 0.201750 0.048899 0.414861
4 4 0.172012 0.181707 0.101888 0.024960 0.519434
4 4 0.216440 0.178473 0.098478 0.019942 0.486667
4 4 0.277082 0.164054 0.086213 0.012132 0.460519
0 4 0.400721 0.173970 0.101104 0.018198 0.306007
0 4 0.401214 0.169876 0.096788 0.015887 0.316236
0 4 0.339096 0.186988 0.110918 0.024476 0.338523
4 4 0.273326 0.160956 0.083491 0.011120 0.471106
0 4 0.405480 0.147030 0.075538 0.007567 0.364385
0 4 0.470730 0.150822 0.082645 0.010068 0.285735
0 4 0.524146 0.154134 0.091680 0.014787 0.215253
0 4 0.471883 0.162138 0.094553 0.015323 0.256103
0 4 0.498402 0.168360 0.105943 0.023097 0.204199
0 4 0.371911 0.201644 0.135429 0.043545 0.247471
0 4 0.347872 0.202685 0.132981 0.041318 0.275145
4 4 0.152136 0.143469 0.070048 0.009296 0.625051
4 4 0.163656 0.134777 0.063354 0.006739 0.631473
4 4 0.194381 0.117000 0.050701 0.003319 0.634599
4 4 0.198088 0.109604 0.045917 0.002514 0.643877
4 4 0.203618 0.118271 0.051468 0.003365 0.623278
4 4 0.161333 0.140927 0.067923 0.008231 0.621585
4 4 0.132360 0.132556 0.062526 0.007449 0.665108
4 4 0.115307 0.120388 0.054544 0.005647 0.704115
4 4 0.120835 0.102925 0.042966 0.002888 0.730386
4 4 0.126807 0.123394 0.056224 0.005745 0.687830
4 4 0.194694 0.163149 0.085018 0.013799 0.543340
4 4 0.229487 0.195944 0.116040 0.031766 0.426764
4 4 0.186207 0.204606 0.125517 0.044993 0.438676
4 4 0.187549 0.207534 0.128979 0.048884 0.427054
4 4 0.153976 0.184711 0.107042 0.026850 0.527422
4 4 0.156495 0.166606 0.088641 0.017659 0.570599
4 4 0.183617 0.174058 0.094632 0.019385 0.528308
4 4 0.209933 0.190003 0.109650 0.027872 0.462542
4 4 0.240395 0.218782 0.153762 0.044512 0.342548
4 4 0.261935 0.221001 0.162514 0.042793 0.311758
4 4 0.246639 0.210433 0.140700 0.035947 0.366281
0 4 0.335180 0.194272 0.119165 0.030850 0.320533
0 0 0.480493 0.150461 0.083030 0.010285 0.275731
0 0 0.631486 0.119892 0.071288 0.008111 0.169223
0 0 0.864450 0.044056 0.030737 0.001722 0.059035
0 0 0.907343 0.028901 0.020639 0.000788 0.042329
0 0 0.932232 0.020302 0.015092 0.000438 0.031935
0 0 0.889396 0.034682 0.025824 0.001275 0.048823
0 0 0.913656 0.026973 0.018629 0.000625 0.040117
0 0 0.876336 0.039587 0.028342 0.001491 0.054243
0 0 0.889730 0.036511 0.021802 0.000760 0.051196
0 0 0.817526 0.062380 0.039772 0.002735 0.077587
0 0 0.734275 0.096562 0.055421 0.005171 0.108571
0 0 0.538990 0.160096 0.101898 0.021784 0.177232
0 0 0.577090 0.152440 0.099130 0.021761 0.149579
0 0 0.554978 0.153389 0.095386 0.017909 0.178338
0 0 0.489623 0.179907 0.124113 0.040842 0.165515
0 1 0.412751 0.200284 0.145225 0.067215 0.174525
4 1 0.231506 0.182770 0.102641 0.021820 0.461262
4 1 0.236240 0.175382 0.095738 0.017604 0.475036
4 1 0.271239 0.146418 0.071655 0.007229 0.503458
4 1 0.343058 0.122893 0.055258 0.003222 0.475568
0 1 0.450602 0.124442 0.058980 0.003722 0.362254
4 1 0.372492 0.151465 0.078041 0.008382 0.389619
4 1 0.316675 0.170164 0.092728 0.014368 0.406065
4 1 0.236273 0.204891 0.126375 0.041049 0.391411
2 1 0.074845 0.214522 0.332215 0.063783 0.314635
2 1 0.051134 0.168109 0.481912 0.067793 0.231052
2 2 0.044889 0.161395 0.504288 0.056787 0.232641
2 2 0.030294 0.144200 0.604626 0.048017 0.172863
2 2 0.033335 0.152979 0.614400 0.055789 0.143497
2 2 0.014709 0.086757 0.788992 0.041310 0.068232
2 2 0.013426 0.075217 0.803054 0.041060 0.067243
2 2 0.015682 0.069055 0.801110 0.059126 0.055027
2 2 0.031545 0.094816 0.706004 0.092253 0.075383
2 2 0.036605 0.096557 0.672462 0.116990 0.077386
2 2 0.024560 0.074351 0.739151 0.102608 0.059330
2 2 0.020426 0.068140 0.766907 0.090671 0.053856
2 2 0.028398 0.097837 0.709538 0.086965 0.077261
2 2 0.044037 0.132156 0.616222 0.098607 0.108978
2 2 0.050072 0.174845 0.515489 0.071295 0.188300
2 2 0.057804 0.121706 0.540553 0.157846 0.122091
2 2 0.076435 0.156010 0.541233 0.091984 0.134338
2 2 0.034882 0.152466 0.600751 0.051489 0.160411
2 2 0.034002 0.121158 0.667371 0.079232 0.098237
2 2 0.024444 0.098665 0.733065 0.067912 0.075914
2 2 0.014268 0.079299 0.805335 0.045401 0.055696
2 2 0.010628 0.067380 0.837670 0.037194 0.047128
2 2 0.008535 0.055457 0.861885 0.034070 0.040052
2 2 0.006763 0.046144 0.882690 0.030338 0.034065
2 2 0.007810 0.038285 0.874836 0.048372 0.030696
2 2 0.012847 0.049560 0.826460 0.071115 0.040019
2 2 0.019910 0.060764 0.770740 0.098455 0.050131
2 2 0.036158 0.077525 0.673449 0.147271 0.065597
2 2 0.067181 0.123697 0.573613 0.134801 0.100708
2 2 0.073375 0.116922 0.544651 0.165900 0.099152
2 2 0.052856 0.123719 0.576337 0.130002 0.117085
2 2 0.031523 0.089571 0.692654 0.103818 0.082432
2 2 0.013573 0.053007 0.820661 0.065057 0.047703
2 2 0.012869 0.042978 0.822405 0.085441 0.036307
2 2 0.013473 0.041009 0.811782 0.098586 0.035150
2 2 0.019553 0.051607 0.763199 0.121532 0.044109
2 2 0.020437 0.060508 0.766406 0.102408 0.050240
2 2 0.029337 0.099548 0.697281 0.078710 0.095125
2 2 0.036207 0.116525 0.661367 0.070046 0.115855
2 2 0.040129 0.122641 0.628029 0.088201 0.121001
2 2 0.038054 0.097339 0.662141 0.118966 0.083500
2 2 0.028684 0.072331 0.704182 0.132442 0.062361
2 2 0.015517 0.039926 0.777773 0.132436 0.034349
2 2 0.015220 0.034439 0.760134 0.159820 0.030387
2 2 0.014023 0.038694 0.787894 0.127095 0.032294
2 2 0.013752 0.036589 0.783710 0.134865 0.031085
2 2 0.013710 0.035252 0.776216 0.144744 0.030078
2 3 0.013676 0.035937 0.782786 0.137332 0.030268
2 3 0.014505 0.037560 0.781632 0.134138 0.032164
2 3 0.025512 0.046401 0.677136 0.209732 0.041219
2 3 0.033159 0.039495 0.548965 0.340990 0.037391
2 3 0.042241 0.043707 0.478065 0.394894 0.041092
3 3 0.043358 0.037790 0.414874 0.467857 0.036120
3 3 0.031714 0.024161 0.388887 0.531028 0.024210
3 3 0.113806 0.060724 0.369838 0.395973 0.059659
0 3 0.515180 0.142212 0.135473 0.057884 0.149251
0 3 0.708837 0.105956 0.062223 0.006794 0.116190
0 0 0.407236 0.180705 0.126728 0.011867 0.273464
2 2 0.174620 0.248852 0.305268 0.026040 0.245220
2 2 0.051824 0.183147 0.576852 0.069121 0.119057
2 2 0.019058 0.082976 0.775311 0.060808 0.061846
2 2 0.029218 0.101275 0.710584 0.082031 0.076892
2 2 0.039217 0.122856 0.653346 0.093057 0.091525
2 2 0.027956 0.108928 0.710964 0.073345 0.078806
2 2 0.018087 0.083985 0.779925 0.056683 0.061319
2 2 0.018987 0.085948 0.773484 0.058694 0.062888
2 2 0.025737 0.095857 0.731099 0.075036 0.072272
2 2 0.024364 0.089227 0.740790 0.077830 0.067789
2 2 0.059983 0.122955 0.570544 0.151714 0.094803
2 2 0.196297 0.166488 0.358975 0.141832 0.136408
0 2 0.403337 0.152571 0.170270 0.135985 0.137837
0 2 0.459799 0.170896 0.144336 0.068919 0.156050
0 2 0.413343 0.200000 0.145326 0.066881 0.174450
2 2 0.146026 0.126756 0.415202 0.199123 0.112894
0 2 0.252587 0.172232 0.246405 0.148756 0.180020
2 2 0.105341 0.138547 0.428973 0.199646 0.127493
2 2 0.065041 0.107634 0.552843 0.170465 0.104017
2 2 0.031615 0.061433 0.665750 0.188171 0.053031
2 2 0.035574 0.079215 0.662481 0.157696 0.065034
2 2 0.034958 0.118306 0.669279 0.085594 0.091863
2 2 0.032269 0.127333 0.667606 0.070746 0.102045
2 2 0.027292 0.098477 0.721610 0.078185 0.074436
2 2 0.027381 0.085333 0.723563 0.096585 0.067139
2 2 0.028168 0.054937 0.676138 0.193409 0.047347
2 2 0.021044 0.041360 0.701171 0.200502 0.035923
2 2 0.024049 0.045089 0.681504 0.210062 0.039296
2 2 0.027313 0.042227 0.622371 0.270565 0.037525
2 2 0.023922 0.035127 0.619334 0.289791 0.031826
3 2 0.036323 0.033922 0.447911 0.449484 0.032360
3 2 0.034166 0.032259 0.450660 0.452317 0.030598
2 2 0.025523 0.033541 0.586326 0.323512 0.031098
2 2 0.033897 0.040367 0.532557 0.356010 0.037168
2 2 0.034228 0.046256 0.573393 0.304122 0.042000
2 2 0.052694 0.054288 0.456196 0.386631 0.050191
2 2 0.047723 0.044129 0.435656 0.430365 0.042126
2 2 0.026062 0.038543 0.613217 0.287616 0.034563
2 2 0.037748 0.061696 0.643220 0.204976 0.052360
2 2 0.203558 0.190593 0.372744 0.074011 0.159094
0 3 0.543001 0.163573 0.108901 0.028086 0.156438
0 2 0.509941 0.163332 0.100972 0.019954 0.205802
0 2 0.343593 0.204409 0.134045 0.045976 0.271978
2 2 0.035159 0.146430 0.650640 0.070827 0.096945
2 2 0.019588 0.079116 0.770086 0.062989 0.068220
2 2 0.016429 0.070201 0.790970 0.058074 0.064326
2 2 0.011285 0.042315 0.836791 0.074772 0.034836
2 2 0.011306 0.034748 0.825199 0.098801 0.029946
2 2 0.013819 0.035012 0.793047 0.126782 0.031340
2 2 0.019402 0.037001 0.718388 0.191336 0.033873
2 2 0.013538 0.032465 0.782271 0.142771 0.028955
2 2 0.017815 0.034926 0.726493 0.188444 0.032321
2 2 0.018908 0.031089 0.678556 0.242098 0.029349
2 2 0.017073 0.023324 0.652896 0.283391 0.023316
2 2 0.020363 0.025146 0.622739 0.305970 0.025783
2 2 0.025763 0.029554 0.577791 0.337075 0.029818
3 2 0.028936 0.022378 0.421042 0.504270 0.023374
3 3 0.039953 0.026670 0.345155 0.560775 0.027447
3 3 0.039909 0.023937 0.296911 0.614818 0.024425
3 3 0.035796 0.021832 0.290319 0.630346 0.021706
3 3 0.049266 0.027898 0.255016 0.640421 0.027399
3 3 0.042082 0.022016 0.235400 0.678530 0.021973
3 3 0.043518 0.022695 0.231744 0.679518 0.022524
3 3 0.038876 0.019283 0.220114 0.702364 0.019362
3 3 0.043946 0.021825 0.212422 0.700305 0.021503
3 3 0.036652 0.020058 0.263957 0.658782 0.020550
3 3 0.040899 0.023090 0.268723 0.643951 0.023337
3 3 0.023390 0.013044 0.305355 0.643889 0.014322
3 3 0.022827 0.011876 0.275382 0.676920 0.012995
3 3 0.022780 0.009830 0.199003 0.757868 0.010519
3 3 0.023588 0.009863 0.185882 0.770212 0.010455
3 3 0.028546 0.011926 0.175974 0.771277 0.012277
3 3 0.033212 0.014696 0.187749 0.749443 0.014900
3 3 0.036058 0.016414 0.193076 0.737958 0.016494
3 3 0.058392 0.033327 0.243921 0.632475 0.031884
3 3 0.055318 0.030295 0.232496 0.652782 0.029108
3 3 0.091463 0.073567 0.323476 0.444509 0.066985
3 3 0.058413 0.037483 0.290966 0.576886 0.036251
3 3 0.059230 0.043164 0.403507 0.451307 0.042793
2 3 0.079051 0.129400 0.591267 0.090699 0.109583
2 3 0.102674 0.106510 0.479682 0.214242 0.096891
2 3 0.065395 0.138806 0.576150 0.095604 0.124044
2 2 0.024590 0.065409 0.752682 0.103697 0.053622
2 2 0.089890 0.147807 0.568996 0.072135 0.121171
0 2 0.346492 0.220251 0.184195 0.066935 0.182127
2 2 0.224049 0.213894 0.286803 0.101874 0.173379
2 2 0.033476 0.115472 0.679993 0.088363 0.082697
2 2 0.034625 0.108063 0.696724 0.069904 0.090684
2 2 0.025792 0.089218 0.718532 0.083805 0.082653
2 2 0.095568 0.156134 0.481623 0.095973 0.170701
0 2 0.454673 0.185671 0.124420 0.038445 0.196791
0 0 0.740294 0.094327 0.053833 0.004832 0.106714
0 0 0.647013 0.119231 0.067820 0.007246 0.158689
0 2 0.587641 0.148902 0.096110 0.020049 0.147298
0 2 0.472571 0.186305 0.141977 0.030037 0.169111
0 2 0.442113 0.147103 0.077357 0.008144 0.325283
0 4 0.530176 0.132279 0.069408 0.006257 0.261879
0 4 0.549590 0.135972 0.074475 0.007942 0.232021
0 4 0.410077 0.158150 0.085751 0.011003 0.335020
4 4 0.299143 0.157813 0.081307 0.009966 0.451772
4 4 0.379315 0.146754 0.074305 0.007255 0.392371
0 4 0.430663 0.152336 0.081489 0.009478 0.326035
0 4 0.491397 0.139552 0.073440 0.007155 0.288455
0 4 0.456403 0.137669 0.073793 0.007128 0.325006
0 4 0.456378 0.129320 0.062993 0.004496 0.346813
4 4 0.288909 0.121238 0.053506 0.003137 0.533210
4 4 0.331051 0.125150 0.056664 0.003492 0.483643
4 4 0.301053 0.113811 0.048654 0.002381 0.534101
4 4 0.357306 0.118276 0.052283 0.002735 0.469400
0 4 0.505931 0.113082 0.052394 0.002711 0.325882
4 4 0.388523 0.141903 0.070625 0.006251 0.392698
4 4 0.350572 0.160090 0.084769 0.010776 0.393792
4 4 0.172551 0.155092 0.078691 0.011891 0.581775
4 4 0.159272 0.157158 0.080645 0.013370 0.589554
4 4 0.149934 0.161197 0.084240 0.015696 0.588934
4 4 0.161284 0.176883 0.097648 0.022902 0.541284
4 4 0.130991 0.177486 0.099376 0.027466 0.564682
4 4 0.138573 0.168617 0.091001 0.020547 0.581262
4 4 0.134751 0.160358 0.084074 0.016711 0.604106
4 4 0.150121 0.165560 0.087931 0.017710 0.578677
4 4 0.158585 0.174127 0.095214 0.021506 0.550568
4 4 0.150915 0.178207 0.099190 0.024964 0.546724
4 4 0.127561 0.201004 0.141355 0.025861 0.504219
4 4 0.140425 0.219001 0.173109 0.030238 0.437226
4 4 0.149660 0.216073 0.170908 0.024762 0.438597
4 4 0.243512 0.193573 0.113773 0.029137 0.420005
0 4 0.380906 0.186079 0.151285 0.072889 0.208842
0 4 0.479299 0.167762 0.137243 0.057967 0.157729
0 4 0.453307 0.186989 0.128637 0.036371 0.194696
0 4 0.330237 0.209679 0.169622 0.044434 0.246027
4 4 0.251667 0.222346 0.172723 0.050680 0.302585
4 4 0.091093 0.100008 0.042134 0.003343 0.763423
4 4 0.071491 0.090615 0.037243 0.002878 0.797773
4 4 0.089414 0.110294 0.048837 0.005019 0.746436
4 4 0.076813 0.110756 0.049840 0.005916 0.756675
4 4 0.086842 0.131393 0.063814 0.010542 0.707409
4 4 0.093634 0.183183 0.116509 0.028786 0.577888
4 4 0.130600 0.218580 0.176121 0.029071 0.445628
0 4 0.367367 0.174199 0.099023 0.017059 0.342352
0 4 0.451533 0.171127 0.102758 0.019683 0.254898
0 4 0.474705 0.166650 0.100137 0.018499 0.240008
0 4 0.448958 0.189704 0.131171 0.046767 0.183399
4 4 0.203614 0.164781 0.086334 0.014068 0.531204
4 4 0.248151 0.164906 0.086546 0.012846 0.487551
4 4 0.308983 0.168894 0.091301 0.013819 0.417003
4 4 0.314804 0.181470 0.103671 0.020120 0.379936
0 4 0.350228 0.197110 0.124242 0.035344 0.293076
0 4 0.309140 0.221603 0.167679 0.061588 0.239990
0 4 0.260346 0.234667 0.198748 0.060681 0.245558
0 4 0.283167 0.229539 0.189088 0.054312 0.243894
4 4 0.303635 0.204699 0.129934 0.041672 0.320061
4 4 0.309661 0.196918 0.120458 0.032332 0.340631
4 4 0.274692 0.178432 0.099261 0.018398 0.429215
0 4 0.348697 0.186948 0.111552 0.024848 0.327955
0 4 0.347962 0.194720 0.120867 0.032238 0.304213
0 4 0.307783 0.215505 0.147967 0.066292 0.262454
4 4 0.242972 0.231788 0.181143 0.066303 0.277794
4 4 0.174876 0.243686 0.217936 0.061195 0.302307
2 4 0.075320 0.252077 0.318455 0.060422 0.293727
4 4 0.074372 0.242086 0.307762 0.057296 0.318484
2 4 0.056307 0.206311 0.417287 0.058615 0.261480
2 4 0.044982 0.179668 0.516821 0.059989 0.198539
2 4 0.036073 0.158641 0.593564 0.057777 0.153945
2 2 0.041434 0.173074 0.565229 0.062763 0.157500
2 2 0.029539 0.124709 0.688131 0.051572 0.106049
2 2 0.094795 0.197083 0.506909 0.059285 0.141927
0 2 0.377999 0.214048 0.187049 0.039827 0.181077
2 2 0.217252 0.250422 0.290103 0.057727 0.184496
2 2 0.089772 0.252944 0.445735 0.054895 0.156653
2 2 0.046502 0.204429 0.572079 0.055185 0.121805
2 2 0.216089 0.205602 0.326252 0.041407 0.210650
0 2 0.531988 0.150563 0.138470 0.025038 0.153941
0 0 0.765773 0.084825 0.047211 0.003569 0.098622
0 0 0.700777 0.108912 0.064407 0.007376 0.118527
0 1 0.664842 0.121951 0.074289 0.010426 0.128492
0 1 0.344819 0.199482 0.126893 0.037976 0.290829
0 1 0.342436 0.202657 0.133434 0.038212 0.283260
0 1 0.348937 0.207892 0.150309 0.035414 0.257447
0 4 0.433951 0.188606 0.130727 0.028063 0.218654
0 4 0.469989 0.183179 0.129526 0.029360 0.187946
0 4 0.309286 0.220006 0.173805 0.037743 0.259160
4 4 0.259990 0.223720 0.168908 0.044200 0.303183
4 4 0.177945 0.229200 0.182011 0.042333 0.368511
4 4 0.212452 0.199984 0.124533 0.030357 0.432673
4 4 0.217143 0.212275 0.141280 0.040286 0.389016
2 4 0.137576 0.254266 0.284730 0.052380 0.271048
2 4 0.154762 0.255424 0.299806 0.049097 0.240911
2 4 0.102350 0.201305 0.486275 0.064142 0.145929
2 2 0.119820 0.186988 0.467590 0.069464 0.156138
2 2 0.134962 0.204917 0.438784 0.065198 0.156139
0 2 0.338114 0.223188 0.195588 0.049623 0.193487
0 2 0.317151 0.225588 0.190478 0.052387 0.214396
0 2 0.368334 0.203304 0.136471 0.049485 0.242407
4 2 0.313633 0.188387 0.110917 0.024808 0.362256
0 2 0.416563 0.165393 0.093263 0.014213 0.310569
0 2 0.572764 0.148261 0.091683 0.016280 0.171012
0 0 0.604278 0.142215 0.089749 0.016474 0.147285
0 0 0.533733 0.144098 0.130139 0.052433 0.139596
4 0 0.196109 0.192261 0.111972 0.030750 0.468908
4 0 0.113646 0.147608 0.074664 0.013437 0.650644
4 1 0.132511 0.133096 0.062912 0.007570 0.663911
4 1 0.132110 0.127774 0.059119 0.006405 0.674591
4 2 0.167984 0.119944 0.052958 0.004075 0.655038
4 2 0.235107 0.142589 0.068521 0.006817 0.546966
4 2 0.278741 0.166334 0.088239 0.012947 0.453740
4 2 0.272805 0.201600 0.123894 0.036564 0.365137
4 2 0.082251 0.201602 0.312155 0.055442 0.348549
2 2 0.052102 0.174598 0.455699 0.063442 0.254159
2 2 0.023321 0.113428 0.690556 0.048301 0.124394
2 2 0.020686 0.108114 0.720653 0.046197 0.104350
2 2 0.017062 0.100660 0.743544 0.038998 0.099737
2 2 0.016794 0.105969 0.744555 0.037414 0.095268
2 2 0.011213 0.081899 0.809741 0.030911 0.066236
2 2 0.016629 0.100537 0.766931 0.042066 0.073836
2 2 0.018688 0.106216 0.755776 0.047041 0.072279
2 2 0.020414 0.118918 0.727392 0.044953 0.088323
2 2 0.013110 0.090587 0.801639 0.036544 0.058120
2 2 0.010053 0.073069 0.836122 0.032443 0.048314
2 2 0.006396 0.051741 0.880614 0.025721 0.035528
2 2 0.010205 0.063925 0.843380 0.037140 0.045350
2 2 0.022796 0.097583 0.744613 0.064474 0.070534
2 2 0.024770 0.108936 0.725960 0.064087 0.076247
2 2 0.020587 0.102275 0.751875 0.055072 0.070192
2 2 0.013320 0.086097 0.804289 0.038840 0.057454
2 2 0.011185 0.081802 0.821003 0.033262 0.052748
2 2 0.009286 0.071156 0.842722 0.030253 0.046583
2 2 0.007912 0.066293 0.856250 0.026655 0.042891
2 2 0.008463 0.067070 0.851898 0.028567 0.044002
2 2 0.010329 0.070855 0.836454 0.034416 0.047945
2 2 0.011365 0.065312 0.834689 0.041338 0.047295
2 2 0.009029 0.051201 0.861687 0.038997 0.039086
2 2 0.007537 0.045144 0.877326 0.035095 0.034899
2 2 0.004804 0.035265 0.907657 0.025439 0.026835
2 2 0.005617 0.042019 0.895240 0.026379 0.030745
2 2 0.008526 0.058531 0.859320 0.032468 0.041155
2 2 0.010921 0.070781 0.832827 0.036772 0.048699
2 2 0.012086 0.076423 0.820684 0.038682 0.052126
2 2 0.007412 0.053971 0.871178 0.029532 0.037907
2 2 0.006207 0.045498 0.887578 0.027738 0.032979
2 2 0.004682 0.035930 0.908217 0.024283 0.026889
2 2 0.006002 0.042954 0.891328 0.028008 0.031707
2 2 0.007167 0.050250 0.876203 0.030190 0.036191
2 2 0.021738 0.081425 0.792100 0.041846 0.062892
2 2 0.130564 0.195803 0.426452 0.050456 0.196724
0 2 0.428938 0.192782 0.134527 0.037107 0.206646
0 2 0.367143 0.203451 0.144859 0.033333 0.251215
4 2 0.132727 0.231460 0.291198 0.043285 0.301329
2 2 0.028799 0.148701 0.639193 0.049180 0.134127
2 2 0.032892 0.150281 0.556168 0.046175 0.214484
2 2 0.026459 0.125982 0.631593 0.045592 0.170374
2 2 0.022424 0.123506 0.658143 0.039192 0.156735
2 2 0.016880 0.104631 0.731953 0.035965 0.110570
2 2 0.014285 0.090624 0.773044 0.035519 0.086528
2 2 0.016248 0.091478 0.763825 0.041362 0.087087
2 2 0.014151 0.075591 0.794138 0.043256 0.072864
2 2 0.012068 0.064676 0.816461 0.041977 0.064819
2 2 0.011569 0.065838 0.821286 0.038403 0.062904
2 2 0.014815 0.064218 0.801861 0.059093 0.060013
2 2 0.023194 0.081193 0.747794 0.084100 0.063719
2 2 0.028087 0.098114 0.712410 0.082870 0.078519
2 2 0.029792 0.094440 0.700807 0.096288 0.078673
2 2 0.020621 0.078908 0.762278 0.075440 0.062752
2 2 0.012444 0.064675 0.822089 0.046132 0.054660
2 2 0.007878 0.051608 0.869807 0.032991 0.037717
2 2 0.011332 0.061738 0.837362 0.043105 0.046463
2 2 0.022322 0.089580 0.764596 0.056544 0.066958
2 2 0.074673 0.140854 0.602185 0.067839 0.114450
2 2 0.099915 0.164280 0.530554 0.073122 0.132129
2 2 0.031714 0.126164 0.708711 0.046392 0.087019
2 2 0.028047 0.139862 0.695737 0.047472 0.088882
2 2 0.020553 0.135006 0.700212 0.038470 0.105760
2 2 0.017688 0.125674 0.716524 0.033634 0.106481
2 2 0.017395 0.116127 0.736128 0.036713 0.093636
2 2 0.016063 0.107403 0.755795 0.036637 0.084102
2 2 0.013962 0.097062 0.781573 0.034893 0.072510
2 2 0.015704 0.104997 0.749193 0.034603 0.095502
2 2 0.010039 0.075713 0.818870 0.028326 0.067051
2 2 0.005716 0.047864 0.882173 0.022337 0.041910
2 2 0.006451 0.047392 0.883036 0.027690 0.035431
2 2 0.012389 0.065377 0.826814 0.046758 0.048662
2 2 0.016277 0.080507 0.791153 0.054875 0.057188
2 2 0.019986 0.101296 0.755726 0.053713 0.069280
2 2 0.016829 0.076278 0.789726 0.061630 0.055537
2 2 0.017493 0.065843 0.787570 0.078355 0.050740
2 2 0.013783 0.058136 0.818492 0.064575 0.045015
2 2 0.011930 0.059568 0.834562 0.048599 0.045341
2 2 0.014263 0.065146 0.816271 0.053914 0.050406
2 2 0.013990 0.069909 0.812723 0.048806 0.054572
2 2 0.011808 0.074273 0.818045 0.036810 0.059064
2 2 0.010561 0.071454 0.822165 0.032037 0.063782
2 2 0.013717 0.084974 0.792418 0.037912 0.070979
2 2 0.011323 0.071340 0.823152 0.036148 0.058037
2 2 0.010764 0.074398 0.819511 0.031942 0.063385
2 2 0.014824 0.095179 0.773310 0.036934 0.079753
