0 0 0.967370 0.017071 0.001911 0.000147 0.013502
0 0 0.979027 0.012499 0.001150 0.000066 0.007258
0 0 0.937578 0.036051 0.006144 0.000630 0.019597
0 0 0.887157 0.062177 0.014846 0.002116 0.033703
0 1 0.594190 0.149052 0.068486 0.014390 0.173882
2 1 0.178063 0.266383 0.289089 0.060757 0.205708
0 1 0.373285 0.238958 0.179681 0.048560 0.159516
0 0 0.719784 0.125327 0.050579 0.013307 0.091002
0 0 0.714028 0.139217 0.058989 0.014603 0.073163
0 0 0.589601 0.179103 0.097716 0.031816 0.101765
0 0 0.616344 0.160396 0.081105 0.026552 0.115603
0 0 0.698531 0.122128 0.049992 0.014546 0.114803
0 0 0.460526 0.157927 0.080638 0.013546 0.287364
4 0 0.234046 0.211809 0.165507 0.022357 0.366280
4 0 0.131509 0.233949 0.252065 0.033811 0.348665
4 1 0.119111 0.238510 0.272929 0.037333 0.332116
4 1 0.097714 0.231839 0.284915 0.037109 0.348423
4 1 0.071929 0.216177 0.294551 0.036866 0.380476
4 1 0.066070 0.218644 0.314242 0.041016 0.360029
4 1 0.048735 0.203057 0.320518 0.038558 0.389132
4 1 0.046151 0.202162 0.324052 0.037039 0.390596
4 1 0.049776 0.197645 0.302191 0.034659 0.415728
4 1 0.052096 0.195817 0.292308 0.034058 0.425721
4 1 0.070166 0.212415 0.291007 0.037024 0.389388
4 1 0.110002 0.229682 0.269556 0.038499 0.352261
4 1 0.188081 0.234087 0.221474 0.037621 0.318737
4 4 0.181652 0.223923 0.210632 0.035946 0.347846
4 4 0.229570 0.192737 0.151608 0.027104 0.398982
4 4 0.207626 0.180885 0.143406 0.024525 0.443559
4 4 0.158019 0.148114 0.118978 0.018522 0.556367
4 4 0.144899 0.163051 0.144461 0.023797 0.523791
4 4 0.143017 0.160803 0.143025 0.024251 0.528904
4 4 0.138248 0.167911 0.156553 0.028138 0.509150
4 4 0.086350 0.186996 0.227120 0.037734 0.461800
2 4 0.082194 0.179389 0.358636 0.064987 0.314795
2 4 0.056692 0.143061 0.527103 0.083851 0.189294
2 4 0.070200 0.152664 0.487276 0.097674 0.192186
2 4 0.084808 0.136152 0.497529 0.144278 0.137233
2 2 0.134787 0.152723 0.384481 0.158262 0.169747
2 2 0.107368 0.119585 0.448193 0.225962 0.098892
2 2 0.188248 0.151265 0.338401 0.193308 0.128778
0 2 0.299026 0.161656 0.256987 0.127359 0.154971
0 2 0.330550 0.172609 0.174573 0.113918 0.208350
0 4 0.301588 0.179269 0.185953 0.133849 0.199340
0 4 0.232176 0.180395 0.223752 0.216457 0.147221
3 4 0.141883 0.145510 0.270010 0.336952 0.105644
3 2 0.110811 0.115086 0.301854 0.397789 0.074460
3 2 0.130309 0.119938 0.311354 0.344954 0.093444
0 2 0.305017 0.169404 0.237938 0.148029 0.139612
2 2 0.193760 0.159294 0.288123 0.256361 0.102461
3 2 0.098033 0.122777 0.306357 0.395204 0.077628
3 2 0.038015 0.054217 0.331250 0.549911 0.026607
3 2 0.029413 0.040333 0.334705 0.576943 0.018606
3 2 0.026776 0.034630 0.347970 0.575090 0.015535
3 2 0.026441 0.038776 0.311953 0.605184 0.017645
3 2 0.021215 0.037765 0.253944 0.670191 0.016883
3 2 0.033157 0.057423 0.261174 0.618960 0.029286
3 2 0.019163 0.039367 0.217965 0.705872 0.017633
3 2 0.020403 0.038127 0.241141 0.683293 0.017036
3 2 0.022368 0.038946 0.261216 0.659926 0.017544
3 2 0.043216 0.058652 0.348461 0.520234 0.029437
3 2 0.053102 0.058309 0.403400 0.457878 0.027311
3 2 0.048084 0.053062 0.402246 0.472025 0.024584
3 2 0.036937 0.046670 0.366172 0.527826 0.022395
3 2 0.027729 0.036563 0.343751 0.575389 0.016567
3 2 0.033796 0.042595 0.364202 0.539374 0.020034
3 2 0.048445 0.053031 0.416539 0.455365 0.026620
3 2 0.041267 0.044501 0.418157 0.474586 0.021489
3 2 0.037153 0.042649 0.395672 0.504271 0.020255
3 2 0.025214 0.031161 0.358734 0.571172 0.013720
3 2 0.021024 0.029452 0.315049 0.621785 0.012689
3 2 0.014524 0.025122 0.245594 0.704409 0.010350
3 2 0.010234 0.021247 0.193106 0.767003 0.008410
3 2 0.007534 0.018320 0.154838 0.812286 0.007021
3 2 0.009734 0.021235 0.182063 0.778575 0.008393
3 2 0.009447 0.019543 0.190769 0.772629 0.007611
3 2 0.014555 0.025281 0.244711 0.705026 0.010426
3 2 0.013544 0.025152 0.226803 0.724168 0.010333
3 2 0.009528 0.020452 0.184218 0.777774 0.008028
3 2 0.007297 0.017648 0.154647 0.813693 0.006716
3 2 0.005684 0.015663 0.128053 0.844782 0.005817
3 2 0.005869 0.017958 0.115535 0.853799 0.006839
3 2 0.012127 0.031741 0.157909 0.784707 0.013516
3 2 0.020384 0.041256 0.223227 0.696464 0.018670
3 2 0.054332 0.069562 0.349933 0.494300 0.031873
3 2 0.056515 0.061124 0.404911 0.449191 0.028260
3 2 0.072382 0.079864 0.398384 0.409593 0.039777
3 2 0.040616 0.047301 0.393643 0.495480 0.022960
3 2 0.040527 0.047865 0.389236 0.499111 0.023261
3 2 0.042398 0.053823 0.368143 0.508975 0.026662
3 2 0.047637 0.061912 0.362941 0.495905 0.031604
3 2 0.050346 0.066652 0.354400 0.494930 0.033673
3 2 0.041154 0.059265 0.324106 0.547121 0.028354
3 2 0.037443 0.053817 0.328464 0.553961 0.026314
3 2 0.034686 0.047602 0.339905 0.555037 0.022769
3 2 0.035974 0.050392 0.335016 0.554252 0.024366
3 2 0.042805 0.057124 0.343891 0.529490 0.026690
3 2 0.033119 0.048581 0.318185 0.577126 0.022989
3 2 0.034770 0.046582 0.346997 0.549430 0.022222
3 2 0.027891 0.037592 0.337665 0.579747 0.017104
3 2 0.017366 0.029315 0.258835 0.682008 0.012475
3 2 0.013201 0.027460 0.202212 0.745695 0.011432
3 2 0.012113 0.027842 0.180226 0.768231 0.011588
3 2 0.019329 0.036640 0.235937 0.691866 0.016228
3 2 0.025142 0.038761 0.296563 0.621961 0.017574
3 2 0.032617 0.044378 0.340504 0.561584 0.020916
3 2 0.030343 0.045202 0.312491 0.590730 0.021234
3 2 0.026730 0.044105 0.280966 0.627737 0.020462
3 2 0.037732 0.059658 0.299998 0.572782 0.029830
3 2 0.044071 0.060486 0.344810 0.519941 0.030691
3 2 0.040372 0.060881 0.316663 0.551559 0.030525
3 2 0.028551 0.040942 0.320981 0.590646 0.018880
3 2 0.022436 0.032564 0.308217 0.622492 0.014291
3 2 0.023559 0.030788 0.339541 0.592653 0.013459
3 2 0.021615 0.027611 0.342169 0.596788 0.011818
3 2 0.026546 0.034737 0.344227 0.578912 0.015578
3 2 0.023770 0.031960 0.331836 0.598383 0.014050
3 2 0.023134 0.029872 0.342172 0.591834 0.012988
2 2 0.062249 0.061140 0.592717 0.246729 0.037164
2 2 0.058755 0.057444 0.442484 0.413806 0.027512
3 2 0.039760 0.038636 0.450428 0.452879 0.018298
2 2 0.052276 0.057979 0.640434 0.211970 0.037341
3 2 0.031304 0.034990 0.398054 0.519703 0.015949
3 2 0.030406 0.037414 0.367656 0.547381 0.017143
3 2 0.036359 0.041025 0.400359 0.502907 0.019351
3 2 0.048435 0.053852 0.411607 0.459028 0.027078
2 2 0.058094 0.061014 0.459469 0.388792 0.032631
2 2 0.060757 0.057422 0.501127 0.349724 0.030970
2 2 0.103179 0.091091 0.492584 0.261385 0.051762
0 2 0.309396 0.197157 0.189841 0.114051 0.189556
0 2 0.542997 0.142592 0.074847 0.032182 0.207382
0 2 0.703331 0.106640 0.040873 0.012378 0.136778
0 0 0.749871 0.091545 0.031085 0.008400 0.119099
0 0 0.768279 0.080666 0.025313 0.006607 0.119136
0 0 0.695027 0.127346 0.053289 0.015352 0.108987
0 0 0.518432 0.193966 0.119554 0.045468 0.122580
0 0 0.466184 0.199922 0.131531 0.051070 0.151293
0 0 0.318452 0.209511 0.161717 0.050325 0.259994
4 0 0.252521 0.195991 0.172464 0.055657 0.323367
0 0 0.306528 0.214161 0.202684 0.065612 0.211014
0 0 0.449677 0.211522 0.143152 0.050001 0.145648
0 0 0.427829 0.202828 0.187928 0.068738 0.112677
0 0 0.525033 0.179165 0.105768 0.041388 0.148646
0 0 0.514879 0.176130 0.102529 0.037010 0.169452
0 0 0.606189 0.145569 0.071544 0.025740 0.150958
0 0 0.509560 0.177580 0.106933 0.044881 0.161047
0 0 0.545241 0.149956 0.080291 0.033657 0.190855
0 0 0.628219 0.139338 0.065489 0.022548 0.144407
0 0 0.657401 0.141470 0.064682 0.020057 0.116391
0 0 0.733566 0.119916 0.046729 0.011916 0.087874
0 0 0.714293 0.119975 0.047851 0.013236 0.104645
0 0 0.750454 0.111312 0.041189 0.010196 0.086849
0 0 0.692949 0.129223 0.054543 0.015701 0.107584
0 0 0.727180 0.110433 0.041859 0.011484 0.109045
0 0 0.672330 0.126079 0.053916 0.016910 0.130765
0 0 0.698722 0.115411 0.045832 0.013251 0.126783
0 0 0.660160 0.123239 0.051825 0.015059 0.149717
0 0 0.658448 0.121693 0.051818 0.016805 0.151237
0 0 0.634910 0.120195 0.051441 0.016300 0.177154
0 0 0.670260 0.122219 0.051681 0.016562 0.139277
0 0 0.602915 0.162318 0.083835 0.028456 0.122477
0 1 0.517150 0.181927 0.109552 0.044244 0.147128
0 0 0.311609 0.226687 0.213170 0.087549 0.160985
2 0 0.168198 0.180223 0.389119 0.145179 0.117281
2 0 0.104745 0.134487 0.509198 0.165646 0.085923
2 0 0.141946 0.173915 0.443524 0.132013 0.108603
0 0 0.277590 0.235162 0.231932 0.069878 0.185438
0 0 0.523776 0.168214 0.093367 0.030543 0.184100
0 0 0.650392 0.125423 0.054866 0.018508 0.150811
0 0 0.674865 0.110199 0.044237 0.014497 0.156201
0 0 0.713921 0.094957 0.033749 0.009571 0.147802
0 0 0.726978 0.099075 0.035776 0.010242 0.127929
0 1 0.661539 0.134894 0.060153 0.018918 0.124496
0 1 0.657158 0.151274 0.071097 0.021006 0.099466
0 0 0.706708 0.134524 0.056776 0.015011 0.086981
0 0 0.700445 0.145318 0.063685 0.016152 0.074399
0 0 0.682137 0.145238 0.065137 0.017985 0.089502
0 0 0.635650 0.143162 0.067488 0.022368 0.131332
0 0 0.605602 0.161511 0.082977 0.028021 0.121888
0 0 0.558928 0.185406 0.106576 0.037263 0.111827
0 0 0.582965 0.184700 0.102779 0.033158 0.096398
0 0 0.386281 0.205381 0.134066 0.027433 0.246838
4 4 0.206444 0.239600 0.221494 0.039620 0.292843
4 4 0.116858 0.234892 0.275136 0.043082 0.330032
2 4 0.072017 0.228808 0.330600 0.049531 0.319043
4 4 0.100898 0.234969 0.294032 0.044949 0.325151
4 4 0.099606 0.231279 0.286145 0.041359 0.341611
4 4 0.084255 0.222397 0.290625 0.040827 0.361895
4 4 0.056037 0.204787 0.307102 0.039536 0.392537
4 4 0.056731 0.211213 0.318974 0.040298 0.372785
4 4 0.057365 0.218191 0.337311 0.045766 0.341367
4 4 0.060561 0.219421 0.331137 0.044639 0.344242
4 4 0.062187 0.207745 0.299759 0.039494 0.390816
4 4 0.111179 0.189360 0.197532 0.025874 0.476055
4 4 0.125172 0.155538 0.136773 0.016227 0.566290
4 4 0.208388 0.097554 0.055325 0.008038 0.630695
4 4 0.174072 0.075796 0.041480 0.006183 0.702469
4 4 0.387415 0.060669 0.021605 0.004503 0.525809
0 4 0.679158 0.048222 0.012322 0.003202 0.257097
0 4 0.757604 0.045722 0.010945 0.002979 0.182750
0 4 0.669305 0.061885 0.017864 0.004429 0.246518
0 4 0.642124 0.060189 0.017409 0.004252 0.276026
0 4 0.606743 0.071894 0.022796 0.004890 0.293677
4 4 0.440568 0.071940 0.025411 0.004320 0.457761
4 4 0.254885 0.071117 0.031198 0.004348 0.638452
4 4 0.224623 0.073943 0.035560 0.005391 0.660483
0 4 0.462851 0.075867 0.027589 0.005499 0.428194
0 4 0.640911 0.077195 0.024895 0.005534 0.251465
0 4 0.598557 0.100771 0.037729 0.007725 0.255218
0 4 0.338121 0.190045 0.121975 0.019734 0.330125
4 4 0.193840 0.201794 0.170437 0.025101 0.408828
4 4 0.111334 0.221629 0.255063 0.037466 0.374508
4 4 0.159318 0.212026 0.205108 0.033778 0.389771
4 4 0.171300 0.228694 0.222083 0.036390 0.341532
4 4 0.136386 0.230512 0.251523 0.042422 0.339157
2 4 0.116478 0.219434 0.327984 0.066372 0.269733
2 4 0.196542 0.226466 0.261867 0.077906 0.237219
0 0 0.500572 0.192658 0.121288 0.048944 0.136538
0 0 0.561000 0.183041 0.104430 0.036725 0.114804
0 0 0.621303 0.163998 0.083149 0.026252 0.105299
0 0 0.670242 0.137624 0.061266 0.018462 0.112407
0 0 0.720990 0.096816 0.034818 0.010242 0.137133
0 0 0.806800 0.064018 0.017267 0.004061 0.107854
0 0 0.855335 0.052257 0.012101 0.002353 0.077954
0 0 0.872514 0.048473 0.010601 0.001895 0.066518
0 0 0.821139 0.073428 0.020764 0.004423 0.080245
0 0 0.652661 0.121414 0.052208 0.017709 0.156009
0 0 0.524902 0.149173 0.078775 0.027874 0.219276
0 0 0.434519 0.179057 0.105236 0.024158 0.257030
0 0 0.366934 0.194016 0.121405 0.019852 0.297793
4 0 0.307086 0.185840 0.123003 0.019604 0.364467
0 0 0.491432 0.166009 0.090191 0.022731 0.229637
0 0 0.661272 0.133646 0.059377 0.018786 0.126919
0 0 0.698503 0.132322 0.056034 0.015537 0.097604
0 0 0.713249 0.134177 0.056111 0.014428 0.082035
0 0 0.655739 0.154117 0.073090 0.021371 0.095683
0 0 0.737759 0.118556 0.045746 0.011532 0.086407
0 0 0.793405 0.093075 0.030259 0.006716 0.076545
0 0 0.744836 0.105400 0.038350 0.010019 0.101394
0 0 0.643074 0.141153 0.065570 0.021384 0.128819
0 0 0.253690 0.238543 0.250502 0.069193 0.188073
4 0 0.144188 0.251603 0.271062 0.037616 0.295531
2 0 0.136206 0.263241 0.325073 0.051059 0.224421
2 1 0.077315 0.159326 0.550971 0.091090 0.121298
2 4 0.085317 0.128268 0.565533 0.134264 0.086619
2 4 0.085806 0.097042 0.559632 0.197370 0.060150
2 4 0.085775 0.084368 0.441521 0.345240 0.043097
2 4 0.078916 0.086998 0.395756 0.394245 0.044085
3 4 0.077589 0.094579 0.369816 0.406407 0.051609
2 2 0.159763 0.109531 0.442728 0.233617 0.054361
2 2 0.274539 0.160697 0.324715 0.153223 0.086826
0 2 0.466973 0.195337 0.129409 0.056610 0.151672
0 2 0.528812 0.190978 0.115437 0.043178 0.121595
0 2 0.555295 0.192420 0.112649 0.038310 0.101325
0 2 0.531544 0.197423 0.118603 0.038927 0.113503
0 2 0.303344 0.218717 0.158797 0.025917 0.293225
4 2 0.217321 0.227080 0.193186 0.028563 0.333850
4 2 0.251702 0.234975 0.194213 0.032868 0.286243
0 2 0.555636 0.169592 0.089989 0.025471 0.159312
0 2 0.620900 0.160796 0.080936 0.026025 0.111343
0 2 0.757439 0.113849 0.042155 0.009936 0.076621
0 2 0.766249 0.117266 0.043427 0.009518 0.063540
0 2 0.769589 0.121628 0.045444 0.009393 0.053946
0 2 0.758849 0.125770 0.048303 0.010317 0.056761
0 2 0.717440 0.143543 0.061222 0.014388 0.063407
0 0 0.676361 0.148256 0.067509 0.018762 0.089112
0 0 0.618661 0.168458 0.086578 0.026923 0.099380
0 0 0.370867 0.234968 0.176448 0.049098 0.168620
4 1 0.200655 0.240589 0.232196 0.049082 0.277478
2 1 0.070505 0.181097 0.424887 0.071818 0.251695
0 2 0.263402 0.214943 0.220894 0.062888 0.237872
0 2 0.409346 0.204204 0.140033 0.046152 0.200265
0 2 0.595845 0.156780 0.080512 0.028635 0.138228
0 2 0.538838 0.192477 0.115157 0.041389 0.112139
0 2 0.450463 0.224046 0.159694 0.062905 0.102891
2 2 0.152536 0.181469 0.448361 0.118338 0.099296
2 2 0.174069 0.187145 0.405377 0.103351 0.130058
2 2 0.245789 0.171575 0.331923 0.137640 0.113073
2 2 0.265157 0.158832 0.323749 0.155807 0.096454
2 2 0.179752 0.147652 0.422105 0.173650 0.076842
2 2 0.108429 0.144726 0.523244 0.134337 0.089264
2 2 0.050436 0.075662 0.660323 0.158580 0.054999
2 2 0.043564 0.064738 0.679830 0.164152 0.047717
2 2 0.043218 0.049527 0.660948 0.214997 0.031310
2 2 0.043017 0.046119 0.679840 0.201967 0.029057
2 2 0.038894 0.044242 0.700961 0.187309 0.028593
2 2 0.033732 0.040512 0.727811 0.171180 0.026765
2 2 0.034652 0.034140 0.676260 0.235447 0.019502
2 2 0.031160 0.029619 0.569148 0.355470 0.014603
3 2 0.025995 0.026394 0.420133 0.516047 0.011431
3 2 0.025397 0.025964 0.416886 0.520555 0.011197
3 2 0.030375 0.030303 0.432548 0.493224 0.013551
2 2 0.041434 0.040206 0.451992 0.447149 0.019219
3 2 0.041480 0.041429 0.442741 0.454483 0.019866
2 2 0.041679 0.046434 0.619631 0.264967 0.027289
2 2 0.036077 0.038357 0.654107 0.249271 0.022188
2 2 0.042263 0.049455 0.685973 0.189834 0.032475
2 2 0.043902 0.058092 0.681782 0.175847 0.040376
2 2 0.062788 0.080446 0.634005 0.169933 0.052829
2 2 0.064942 0.093626 0.630577 0.147059 0.063796
2 2 0.078977 0.100089 0.592874 0.164281 0.063779
2 2 0.071665 0.092237 0.602668 0.172828 0.060602
2 2 0.051730 0.077350 0.640608 0.172875 0.057436
2 2 0.045092 0.064946 0.673059 0.169698 0.047204
2 2 0.035042 0.044148 0.722389 0.168547 0.029875
2 2 0.036643 0.039148 0.635423 0.266493 0.022293
2 2 0.055486 0.054851 0.495892 0.364661 0.029111
3 2 0.048449 0.054666 0.406957 0.462393 0.027535
3 2 0.042070 0.050754 0.383551 0.498684 0.024940
3 2 0.026686 0.035610 0.338794 0.582881 0.016029
3 2 0.046047 0.054683 0.390173 0.481714 0.027383
2 2 0.089859 0.090841 0.430907 0.335657 0.052735
2 2 0.204142 0.182667 0.285930 0.190203 0.137058
2 2 0.159986 0.141300 0.390097 0.231898 0.076718
2 2 0.100066 0.094967 0.439756 0.311042 0.054170
2 2 0.083522 0.070973 0.483786 0.324338 0.037381
2 2 0.079481 0.065036 0.569676 0.250856 0.034951
2 4 0.124566 0.083783 0.518643 0.235264 0.037744
2 4 0.127313 0.087705 0.520420 0.224995 0.039567
2 4 0.089254 0.067273 0.564873 0.244893 0.033708
2 4 0.062933 0.047112 0.535075 0.331369 0.023512
2 4 0.057473 0.047059 0.511513 0.360025 0.023929
2 4 0.071233 0.056829 0.508458 0.335031 0.028450
2 2 0.118189 0.080755 0.507909 0.255310 0.037837
2 2 0.134014 0.084657 0.507888 0.236921 0.036520
2 2 0.100748 0.068913 0.527608 0.269598 0.033133
2 2 0.054123 0.043243 0.529332 0.351475 0.021827
2 2 0.041722 0.036583 0.537731 0.365830 0.018135
2 2 0.101829 0.072422 0.517460 0.272429 0.035859
2 2 0.294078 0.182759 0.302468 0.137337 0.083359
0 2 0.500749 0.198222 0.126119 0.049499 0.125410
0 2 0.571947 0.198000 0.114474 0.035231 0.080348
0 2 0.476884 0.227428 0.156708 0.055404 0.083576
0 2 0.495257 0.204620 0.169806 0.055749 0.074569
0 2 0.560106 0.202322 0.119690 0.037421 0.080462
0 0 0.624538 0.179077 0.093357 0.026425 0.076603
0 0 0.569732 0.202577 0.118312 0.035482 0.073896
0 0 0.379011 0.259700 0.206267 0.060583 0.094440
2 1 0.123337 0.201100 0.465594 0.084110 0.125858
2 1 0.054250 0.108746 0.655544 0.097667 0.083792
2 2 0.037110 0.070372 0.703388 0.131079 0.058050
2 2 0.033273 0.046924 0.711036 0.176542 0.032226
2 2 0.030199 0.039093 0.629994 0.277995 0.022719
2 2 0.024873 0.029877 0.647519 0.281264 0.016467
2 2 0.022287 0.023539 0.578737 0.364077 0.011360
3 2 0.019065 0.016977 0.478353 0.478655 0.006950
3 2 0.016921 0.015253 0.434922 0.526950 0.005954
2 2 0.026566 0.021118 0.501028 0.442305 0.008982
2 2 0.036578 0.033512 0.682976 0.227900 0.019034
2 2 0.059322 0.073825 0.654534 0.165022 0.047297
2 2 0.113466 0.118300 0.570261 0.136556 0.061416
2 2 0.204218 0.148347 0.445670 0.141778 0.059987
2 2 0.161038 0.105944 0.466780 0.220495 0.045743
2 2 0.146040 0.108036 0.455473 0.238426 0.052025
2 2 0.064229 0.063439 0.465141 0.373017 0.034174
2 2 0.165062 0.114342 0.442152 0.223187 0.055257
0 2 0.347989 0.164364 0.255722 0.117531 0.114393
0 2 0.594337 0.141292 0.069497 0.026235 0.168639
0 2 0.591892 0.154383 0.079143 0.028759 0.145823
0 2 0.530287 0.185856 0.110962 0.042378 0.130517
2 2 0.058929 0.054603 0.529827 0.329273 0.027368
2 2 0.055512 0.084793 0.684079 0.118534 0.057082
2 2 0.087676 0.081224 0.607138 0.181233 0.042729
2 2 0.107322 0.100385 0.586578 0.155424 0.050292
2 2 0.116125 0.118170 0.576920 0.129441 0.059344
2 2 0.101896 0.098577 0.610478 0.139909 0.049140
2 2 0.106131 0.099003 0.578145 0.166201 0.050520
2 2 0.085852 0.082257 0.617316 0.171003 0.043572
2 2 0.082385 0.075772 0.600101 0.200698 0.041044
2 2 0.066892 0.062178 0.646057 0.190997 0.033876
2 2 0.041155 0.043259 0.687665 0.200962 0.026958
2 2 0.033408 0.036993 0.726603 0.179495 0.023502
2 2 0.032399 0.028925 0.719612 0.202498 0.016565
2 2 0.035026 0.027264 0.579096 0.345660 0.012954
2 2 0.036959 0.030846 0.497484 0.420544 0.014167
2 2 0.039705 0.037240 0.461805 0.443680 0.017570
2 2 0.051143 0.048938 0.460393 0.414992 0.024534
2 2 0.055050 0.057182 0.432210 0.426593 0.028964
3 2 0.051409 0.053747 0.431907 0.435713 0.027223
3 2 0.039017 0.041356 0.422122 0.477825 0.019680
2 2 0.033061 0.038648 0.536378 0.371736 0.020177
2 2 0.026569 0.033608 0.624203 0.296929 0.018692
2 2 0.025740 0.028594 0.615207 0.315519 0.014941
2 2 0.028098 0.026279 0.484264 0.449581 0.011778
2 2 0.034595 0.031702 0.464857 0.454379 0.014467
2 2 0.066217 0.057314 0.492485 0.353666 0.030317
2 2 0.174665 0.128954 0.420839 0.215528 0.060013
0 2 0.415063 0.224844 0.169147 0.073381 0.117566
0 2 0.391695 0.233410 0.202835 0.082637 0.089423
2 2 0.235642 0.203965 0.347380 0.122178 0.090835
2 2 0.102363 0.105242 0.558627 0.175307 0.058461
2 2 0.052581 0.058481 0.549790 0.305219 0.033929
3 2 0.041262 0.044236 0.420011 0.473143 0.021347
3 2 0.034998 0.039514 0.398933 0.508074 0.018482
3 2 0.031869 0.036197 0.393774 0.521565 0.016595
2 2 0.034351 0.037302 0.490920 0.419017 0.018409
2 2 0.028779 0.033726 0.588901 0.330658 0.017935
2 2 0.026532 0.031838 0.630321 0.293835 0.017474
3 2 0.026575 0.028426 0.404847 0.527712 0.012441
3 2 0.018267 0.025006 0.314879 0.631417 0.010431
3 2 0.018503 0.025148 0.317449 0.628392 0.010508
3 2 0.026584 0.028713 0.401859 0.530263 0.012581
3 2 0.029953 0.028615 0.445802 0.482930 0.012700
3 2 0.033972 0.033295 0.442573 0.474927 0.015233
3 2 0.035909 0.038543 0.415605 0.491916 0.018027
3 2 0.045496 0.045847 0.441942 0.444236 0.022479
2 2 0.077054 0.059934 0.507181 0.326966 0.028865
2 2 0.176523 0.111202 0.459146 0.207483 0.045646
0 2 0.378410 0.182919 0.262481 0.100168 0.076022
0 2 0.440434 0.212740 0.184568 0.067325 0.094933
0 2 0.294863 0.234171 0.284069 0.077319 0.109578
2 2 0.120722 0.163809 0.496708 0.119904 0.098857
2 2 0.047693 0.065446 0.661561 0.178746 0.046553
2 2 0.058952 0.076469 0.612270 0.199019 0.053290
2 2 0.054792 0.081365 0.537744 0.272685 0.053414
2 2 0.096372 0.125512 0.441087 0.233110 0.103920
2 2 0.114643 0.128276 0.448371 0.203176 0.105534
2 2 0.109946 0.138377 0.471845 0.167656 0.112177
2 2 0.075437 0.108960 0.566640 0.171708 0.077255
2 2 0.034738 0.060346 0.721407 0.135877 0.047632
2 2 0.026765 0.043250 0.768644 0.128607 0.032734
2 2 0.021911 0.026843 0.792299 0.141249 0.017698
2 2 0.025050 0.031242 0.774971 0.147889 0.020849
2 2 0.025764 0.028571 0.760940 0.166856 0.017868
2 2 0.021842 0.026523 0.718567 0.217571 0.015497
2 2 0.018651 0.024297 0.665658 0.278163 0.013231
2 2 0.015896 0.020220 0.621543 0.332205 0.010137
2 2 0.014518 0.017981 0.514008 0.445452 0.008042
3 2 0.014268 0.016047 0.442927 0.520176 0.006581
3 2 0.013966 0.015136 0.367145 0.597955 0.005798
3 2 0.012166 0.013246 0.357819 0.611833 0.004936
3 2 0.012019 0.014228 0.333218 0.635190 0.005345
3 2 0.010846 0.013980 0.304345 0.665625 0.005204
3 2 0.009747 0.013331 0.283345 0.688677 0.004899
3 2 0.010013 0.014800 0.265548 0.704109 0.005530
3 2 0.009991 0.015465 0.254448 0.714281 0.005816
3 2 0.009314 0.015483 0.234931 0.734465 0.005806
3 2 0.010725 0.016899 0.253660 0.712254 0.006462
3 2 0.011476 0.016748 0.275420 0.689938 0.006417
3 2 0.012393 0.017891 0.281949 0.680818 0.006950
3 2 0.010632 0.017010 0.249688 0.716161 0.006508
3 3 0.006889 0.013652 0.186586 0.787906 0.004967
3 3 0.005571 0.011670 0.168725 0.809918 0.004116
3 3 0.004797 0.010199 0.160884 0.820615 0.003505
3 3 0.004981 0.010673 0.160928 0.819719 0.003699
3 3 0.004782 0.010190 0.160393 0.821134 0.003501
3 3 0.005446 0.010792 0.177484 0.802523 0.003754
3 3 0.005901 0.011721 0.180150 0.798086 0.004142
3 3 0.007913 0.014778 0.203466 0.768374 0.005469
3 3 0.008758 0.016047 0.211530 0.757627 0.006038
3 3 0.009316 0.016590 0.220075 0.747730 0.006289
3 3 0.009974 0.016773 0.235474 0.731393 0.006386
3 3 0.009095 0.015177 0.232985 0.737075 0.005668
3 3 0.007981 0.014107 0.214958 0.757771 0.005183
3 3 0.006349 0.012772 0.180677 0.795616 0.004586
3 3 0.007511 0.014101 0.200313 0.772905 0.005170
3 3 0.007035 0.014093 0.185400 0.788314 0.005158
3 3 0.007656 0.014341 0.201539 0.771188 0.005276
3 3 0.008198 0.015314 0.204879 0.765904 0.005706
3 3 0.006936 0.013665 0.187935 0.786490 0.004973
3 3 0.006308 0.013774 0.166247 0.808662 0.005009
3 3 0.004737 0.010906 0.147984 0.832582 0.003791
3 3 0.004682 0.010324 0.154224 0.827216 0.003554
3 3 0.003726 0.008237 0.146072 0.839247 0.002718
3 3 0.003602 0.008528 0.135135 0.849906 0.002830
3 3 0.004007 0.009906 0.132433 0.850274 0.003379
3 3 0.003595 0.009786 0.116875 0.866416 0.003328
3 3 0.004159 0.010572 0.129777 0.851843 0.003649
3 3 0.005175 0.011705 0.153688 0.825308 0.004124
3 3 0.005277 0.011403 0.161630 0.817688 0.004002
3 3 0.008717 0.015580 0.216448 0.753421 0.005833
3 3 0.016411 0.026349 0.268596 0.677644 0.011001
2 3 0.077961 0.076133 0.424793 0.386036 0.035078
2 3 0.206779 0.132556 0.418850 0.188297 0.053518
2 0 0.289178 0.185076 0.321659 0.135212 0.068876
2 2 0.164432 0.174178 0.461590 0.113368 0.086432
2 2 0.087109 0.126687 0.595407 0.111620 0.079177
2 2 0.036571 0.060982 0.734580 0.122552 0.045315
2 2 0.035750 0.074668 0.728878 0.099600 0.061104
2 2 0.057826 0.061297 0.648662 0.195129 0.037086
2 2 0.070323 0.099673 0.653807 0.114034 0.062163
2 2 0.069188 0.136976 0.608740 0.085380 0.099715
2 2 0.070978 0.103844 0.641535 0.116998 0.066645
2 2 0.075046 0.117870 0.623322 0.106549 0.077213
2 1 0.059266 0.106559 0.661302 0.097218 0.075655
2 4 0.063591 0.128198 0.628937 0.084657 0.094617
2 4 0.049923 0.141828 0.614069 0.067291 0.126888
2 4 0.025332 0.092452 0.708249 0.070470 0.103498
2 4 0.025788 0.109149 0.670808 0.062851 0.131404
2 4 0.081316 0.172907 0.411230 0.084816 0.249731
4 4 0.170082 0.199150 0.187323 0.038170 0.405276
4 4 0.324363 0.148671 0.090597 0.020271 0.416097
4 4 0.345008 0.084199 0.036107 0.006271 0.528415
4 4 0.428642 0.072911 0.026709 0.005054 0.466685
4 4 0.387119 0.077602 0.030912 0.006074 0.498293
4 4 0.324450 0.097046 0.045698 0.007691 0.525115
4 4 0.179625 0.117831 0.078248 0.011001 0.613295
4 4 0.090164 0.140342 0.138579 0.017720 0.613194
4 4 0.091060 0.139436 0.136706 0.017564 0.615234
4 4 0.100226 0.128962 0.116989 0.015652 0.638171
4 4 0.108686 0.093080 0.068294 0.008448 0.721492
4 4 0.104784 0.082332 0.057121 0.006526 0.749237
4 4 0.205750 0.076549 0.038008 0.004891 0.674801
4 4 0.282724 0.091865 0.043187 0.005711 0.576513
4 4 0.237307 0.098553 0.051603 0.006460 0.606077
4 4 0.183881 0.100770 0.059905 0.007327 0.648116
4 4 0.211322 0.121283 0.074957 0.009916 0.582522
4 4 0.259666 0.130324 0.078471 0.012882 0.518658
4 4 0.236166 0.181601 0.136858 0.024540 0.420835
0 4 0.420317 0.183193 0.111663 0.027211 0.257617
0 4 0.302327 0.248014 0.197215 0.037210 0.215234
4 4 0.229007 0.246349 0.214946 0.033286 0.276412
4 4 0.095481 0.194844 0.219615 0.027187 0.462872
4 4 0.082867 0.111408 0.098577 0.010138 0.697010
4 4 0.080514 0.091264 0.072853 0.006696 0.748672
4 4 0.107827 0.085884 0.059817 0.006691 0.739781
4 4 0.143826 0.103151 0.069638 0.008519 0.674867
4 4 0.109822 0.126306 0.107350 0.013362 0.643160
4 4 0.094176 0.150762 0.153549 0.021658 0.579855
4 4 0.227800 0.172178 0.126139 0.020194 0.453689
4 4 0.223391 0.194097 0.149199 0.020925 0.412389
4 4 0.266762 0.190364 0.133436 0.018769 0.390668
4 4 0.184931 0.194458 0.161377 0.020885 0.438349
4 4 0.279914 0.200858 0.145743 0.024631 0.348854
4 4 0.183618 0.228767 0.214365 0.034459 0.338791
4 4 0.170856 0.213765 0.199044 0.030946 0.385389
4 4 0.097488 0.181876 0.198600 0.026635 0.495401
4 4 0.107801 0.148620 0.140005 0.018914 0.584661
4 4 0.127225 0.151416 0.134967 0.019849 0.566543
4 4 0.132958 0.167526 0.153971 0.022765 0.522781
4 4 0.095680 0.192247 0.220582 0.031964 0.459527
4 4 0.070095 0.205698 0.280194 0.037975 0.406038
4 4 0.051468 0.205322 0.321213 0.041427 0.380569
4 4 0.052507 0.204513 0.316494 0.041007 0.385480
2 4 0.059268 0.182467 0.493166 0.081967 0.183132
2 4 0.034692 0.135734 0.597950 0.072804 0.158820
2 0 0.079880 0.173256 0.447714 0.142492 0.156658
2 0 0.042219 0.099829 0.649428 0.116549 0.091974
2 0 0.031901 0.121961 0.632660 0.072791 0.140687
2 0 0.074433 0.190714 0.521875 0.060455 0.152523
2 0 0.084942 0.192257 0.525227 0.058735 0.138839
2 0 0.090663 0.196103 0.513349 0.061339 0.138546
2 0 0.076130 0.148794 0.587291 0.081975 0.105810
2 0 0.056491 0.115985 0.615927 0.116313 0.095285
2 0 0.168880 0.155376 0.368356 0.221545 0.085843
2 0 0.203788 0.174166 0.342101 0.192209 0.087736
2 0 0.237539 0.197485 0.306239 0.164736 0.094001
2 0 0.205023 0.185439 0.385211 0.136925 0.087402
2 0 0.150017 0.169308 0.487140 0.107096 0.086439
2 0 0.195878 0.202643 0.412603 0.094483 0.094393
0 0 0.306699 0.243280 0.286559 0.073359 0.090104
0 0 0.474635 0.238182 0.165047 0.050991 0.071145
0 0 0.569325 0.210640 0.124446 0.034872 0.060717
0 0 0.427515 0.258794 0.189664 0.047692 0.076335
0 0 0.444301 0.248412 0.176955 0.047671 0.082662
0 0 0.595124 0.191920 0.106464 0.031120 0.075372
0 0 0.719581 0.137875 0.057787 0.014038 0.070719
0 0 0.778179 0.110326 0.039255 0.008455 0.063785
0 0 0.855402 0.076492 0.020993 0.003490 0.043623
0 0 0.833950 0.086647 0.025860 0.004650 0.048893
0 0 0.826478 0.081291 0.023882 0.004720 0.063628
0 0 0.659572 0.101284 0.035669 0.006382 0.197093
0 0 0.488569 0.115893 0.048633 0.007467 0.339438
4 0 0.338418 0.140290 0.076659 0.011799 0.432834
0 0 0.490093 0.121928 0.053257 0.009041 0.325681
0 0 0.509782 0.135373 0.061479 0.010724 0.282641
0 0 0.575188 0.119594 0.049299 0.009670 0.246250
0 0 0.594187 0.143048 0.065724 0.015712 0.181328
0 0 0.526176 0.173975 0.097214 0.030146 0.172489
0 0 0.565346 0.163615 0.088763 0.033651 0.148625
0 0 0.636230 0.152910 0.074036 0.023450 0.113374
0 0 0.704472 0.140271 0.060347 0.015544 0.079366
0 0 0.724103 0.132475 0.054367 0.013413 0.075643
0 0 0.695767 0.108391 0.039678 0.008375 0.147790
0 0 0.519257 0.173734 0.089467 0.016333 0.201209
0 0 0.389603 0.218192 0.142558 0.024798 0.224849
0 1 0.313483 0.242701 0.183328 0.030044 0.230445
0 1 0.379173 0.243927 0.170170 0.028634 0.178096
0 1 0.490153 0.212428 0.125047 0.023345 0.149028
0 1 0.402370 0.241305 0.165371 0.030375 0.160579
0 1 0.293693 0.260926 0.214008 0.038126 0.193248
2 1 0.180843 0.274553 0.284858 0.045377 0.214369
1 1 0.195429 0.272523 0.271505 0.043245 0.217297
4 1 0.186569 0.254335 0.247922 0.037911 0.273263
4 4 0.179343 0.235662 0.226251 0.035888 0.322856
4 4 0.176973 0.195830 0.169223 0.024201 0.433773
4 4 0.128773 0.203656 0.205496 0.026817 0.435258
4 4 0.072572 0.190719 0.240900 0.028825 0.466983
4 4 0.041899 0.206751 0.350933 0.039930 0.360486
2 4 0.031375 0.174772 0.493818 0.048061 0.251974
2 2 0.029457 0.139103 0.594887 0.059054 0.177500
2 2 0.030723 0.148258 0.571189 0.058321 0.191510
2 2 0.032514 0.150336 0.565186 0.061421 0.190543
2 2 0.030373 0.144122 0.581805 0.059150 0.184550
2 2 0.027971 0.134204 0.608026 0.057527 0.172273
2 2 0.027845 0.126737 0.626626 0.060291 0.158501
2 2 0.026538 0.123280 0.636230 0.058477 0.155475
2 2 0.024074 0.119233 0.648195 0.053838 0.154660
2 2 0.027162 0.150694 0.564832 0.049706 0.207607
2 2 0.035310 0.120830 0.629157 0.082219 0.132483
2 2 0.054490 0.181645 0.468174 0.074548 0.221143
4 2 0.051356 0.203909 0.317162 0.040103 0.387469
2 2 0.044767 0.184256 0.451012 0.059572 0.260393
2 2 0.037126 0.168305 0.499601 0.055246 0.239721
2 2 0.027185 0.123190 0.633792 0.058620 0.157213
2 2 0.023425 0.096070 0.704394 0.062562 0.113549
2 2 0.021787 0.089692 0.721696 0.060851 0.105974
2 2 0.018499 0.073714 0.763689 0.058775 0.085323
2 2 0.018060 0.077162 0.757222 0.055236 0.092320
2 2 0.018872 0.073775 0.762614 0.060084 0.084655
2 2 0.023887 0.107366 0.677578 0.058391 0.132778
2 2 0.031086 0.140408 0.590609 0.062276 0.175621
2 2 0.035943 0.180587 0.479688 0.054129 0.249654
4 2 0.048960 0.207847 0.335044 0.043122 0.365027
4 2 0.049415 0.191611 0.286129 0.030645 0.442200
4 2 0.046925 0.193760 0.332552 0.036534 0.390229
2 2 0.024519 0.122613 0.639330 0.053639 0.159899
2 2 0.019522 0.083013 0.741093 0.057056 0.099315
2 2 0.014714 0.057023 0.808798 0.054753 0.064712
2 2 0.019517 0.082726 0.741747 0.057192 0.098818
2 2 0.026723 0.131549 0.615403 0.055588 0.170738
2 2 0.045345 0.210722 0.355126 0.045370 0.343438
2 2 0.063913 0.224405 0.337909 0.048923 0.324849
2 2 0.104123 0.243711 0.309561 0.050484 0.292121
4 0 0.163433 0.246886 0.258723 0.046186 0.284772
0 0 0.445277 0.214302 0.146103 0.049832 0.144485
0 0 0.479764 0.222996 0.149033 0.047894 0.100313
0 0 0.495162 0.229525 0.147878 0.037620 0.089815
0 0 0.558709 0.209838 0.120189 0.027387 0.083878
0 0 0.564401 0.189921 0.102998 0.024088 0.118593
0 0 0.666221 0.148709 0.068653 0.019848 0.096569
0 0 0.710518 0.125243 0.051098 0.013989 0.099151
0 0 0.758700 0.102465 0.036230 0.009044 0.093561
0 0 0.755108 0.097045 0.033639 0.008731 0.105476
0 0 0.712417 0.117702 0.045378 0.010768 0.113735
0 0 0.510563 0.172062 0.088386 0.015653 0.213336
4 0 0.271117 0.210793 0.153324 0.020634 0.344131
4 1 0.123540 0.223660 0.236814 0.027447 0.388540
4 1 0.163738 0.217830 0.200895 0.024542 0.392993
4 1 0.150178 0.236740 0.238350 0.029872 0.344860
4 1 0.110990 0.238120 0.277578 0.034830 0.338483
2 1 0.059912 0.230152 0.351176 0.042128 0.316632
2 1 0.051658 0.223782 0.362608 0.044501 0.317451
4 2 0.054839 0.214491 0.332279 0.042290 0.356101
2 2 0.043187 0.195797 0.391488 0.045716 0.323812
2 2 0.044876 0.197963 0.361171 0.041521 0.354470
2 2 0.042373 0.183447 0.384166 0.038727 0.351287
2 2 0.039586 0.185712 0.394415 0.038995 0.341292
4 2 0.043892 0.186902 0.309502 0.029493 0.430210
4 4 0.054832 0.194445 0.283468 0.033918 0.433338
4 4 0.050953 0.206694 0.326627 0.042584 0.373143
2 4 0.039450 0.180095 0.484080 0.061677 0.234698
2 2 0.038058 0.175397 0.489147 0.057774 0.239624
2 2 0.039111 0.175603 0.492778 0.061428 0.231079
4 2 0.058749 0.207576 0.310083 0.042875 0.380716
2 2 0.043234 0.190899 0.406147 0.047222 0.312498
2 4 0.038495 0.177348 0.457941 0.048928 0.277287
2 4 0.024353 0.104934 0.682663 0.060847 0.127202
2 4 0.025581 0.106222 0.677834 0.063706 0.126658
2 2 0.020389 0.076373 0.753310 0.063898 0.086030
2 2 0.022675 0.076558 0.746606 0.071900 0.082261
2 2 0.019467 0.055715 0.793444 0.076335 0.055039
2 2 0.019435 0.050601 0.800699 0.081509 0.047757
2 2 0.021687 0.048245 0.792638 0.095092 0.042338
2 2 0.028547 0.061300 0.747984 0.108883 0.053286
2 2 0.032332 0.065574 0.727600 0.118845 0.055650
2 2 0.027983 0.066187 0.744642 0.100944 0.060243
2 2 0.023441 0.060076 0.770948 0.088979 0.056557
2 2 0.021835 0.066866 0.766678 0.076159 0.068461
2 2 0.017781 0.056276 0.799253 0.068476 0.058214
2 2 0.017409 0.055470 0.802031 0.067557 0.057534
2 2 0.017192 0.048359 0.813875 0.073356 0.047219
2 2 0.021992 0.054848 0.783900 0.088388 0.050873
2 2 0.032512 0.079897 0.709380 0.103812 0.074398
2 2 0.029965 0.079209 0.719048 0.095556 0.076222
2 2 0.029165 0.089513 0.704205 0.084597 0.092520
2 2 0.029845 0.096713 0.689003 0.081733 0.102705
2 2 0.128624 0.178134 0.387087 0.089261 0.216894
0 4 0.339043 0.190736 0.151418 0.061134 0.257670
0 0 0.485326 0.143952 0.081562 0.040070 0.249091
0 0 0.558965 0.144219 0.074641 0.030698 0.191477
0 0 0.514632 0.177824 0.101017 0.030475 0.176052
0 0 0.411660 0.223731 0.147653 0.029307 0.187649
4 1 0.114892 0.209342 0.229323 0.032640 0.413803
2 1 0.048251 0.214321 0.359094 0.050785 0.327549
2 1 0.036105 0.189540 0.463183 0.054107 0.257065
2 2 0.033964 0.174011 0.503996 0.055529 0.232499
2 2 0.031850 0.155597 0.552097 0.057957 0.202499
2 2 0.030435 0.131880 0.611784 0.064401 0.161500
2 2 0.027615 0.099422 0.688798 0.073306 0.110859
2 2 0.020668 0.068538 0.767649 0.070332 0.072813
2 2 0.016638 0.051281 0.811932 0.067871 0.052279
2 2 0.017134 0.052359 0.808178 0.069128 0.053200
2 2 0.016766 0.044505 0.820955 0.075542 0.042232
2 2 0.016220 0.043040 0.825452 0.074489 0.040799
2 2 0.016134 0.044014 0.824658 0.072918 0.042276
2 2 0.017824 0.046041 0.813930 0.079015 0.043189
2 2 0.020072 0.041769 0.806443 0.096293 0.035424
2 2 0.017828 0.038211 0.821491 0.089702 0.032768
2 2 0.015497 0.032147 0.839124 0.086191 0.027041
2 2 0.014939 0.032441 0.842500 0.082251 0.027869
2 2 0.017181 0.037258 0.825887 0.087575 0.032100
2 2 0.016002 0.038263 0.831760 0.079488 0.034487
2 2 0.017381 0.046701 0.815223 0.076079 0.044616
2 2 0.023921 0.062543 0.765615 0.088438 0.059483
2 2 0.036952 0.099111 0.665803 0.101472 0.096661
2 2 0.031488 0.089967 0.696794 0.091722 0.090029
2 2 0.026963 0.084124 0.720190 0.081282 0.087441
2 2 0.018783 0.057175 0.793904 0.072009 0.058129
2 2 0.017055 0.050784 0.810947 0.070260 0.050954
2 2 0.016997 0.049353 0.813326 0.071409 0.048915
2 2 0.014980 0.039257 0.836281 0.072568 0.036914
2 2 0.014531 0.031700 0.845501 0.080995 0.027272
2 2 0.016480 0.030826 0.833133 0.094851 0.024711
2 2 0.016123 0.027890 0.835602 0.098862 0.021523
2 2 0.015588 0.027451 0.839365 0.096247 0.021349
2 2 0.018755 0.030346 0.817719 0.110412 0.022768
2 2 0.023215 0.031793 0.787963 0.134885 0.022144
2 2 0.024004 0.045120 0.783083 0.111181 0.036614
2 2 0.034600 0.048100 0.642921 0.244178 0.030201
2 2 0.034214 0.084903 0.696402 0.104927 0.079554
2 2 0.020585 0.078841 0.747725 0.063051 0.089798
2 2 0.015996 0.052298 0.812876 0.064033 0.054797
2 2 0.014274 0.038550 0.840845 0.069599 0.036732
2 2 0.016684 0.037637 0.828458 0.084199 0.033022
2 2 0.013946 0.027838 0.850969 0.084321 0.022927
2 2 0.013841 0.028589 0.851478 0.082162 0.023930
2 2 0.014809 0.027222 0.844933 0.091454 0.021583
2 2 0.016442 0.027474 0.833219 0.102002 0.020863
2 2 0.015852 0.024810 0.836406 0.104690 0.018242
2 2 0.015031 0.023741 0.834760 0.109290 0.017178
2 2 0.018086 0.027974 0.819803 0.113703 0.020434
2 2 0.022098 0.033424 0.796220 0.123875 0.024383
2 2 0.021302 0.035739 0.801612 0.113972 0.027374
2 2 0.018858 0.034776 0.816985 0.101595 0.027785
2 2 0.019415 0.036080 0.813184 0.102365 0.028955
2 2 0.019614 0.036848 0.807191 0.106975 0.029372
2 2 0.016286 0.030480 0.834482 0.094318 0.024433
2 2 0.013622 0.030527 0.852008 0.077282 0.026562
2 2 0.011705 0.024798 0.867716 0.074859 0.020922
2 2 0.012185 0.025605 0.864006 0.076664 0.021540
2 2 0.012820 0.025012 0.859451 0.082385 0.020332
2 2 0.018093 0.037998 0.820113 0.091516 0.032280
2 2 0.019879 0.048149 0.801561 0.086496 0.043916
2 2 0.031641 0.100343 0.677654 0.084722 0.105640
2 2 0.036738 0.125179 0.617556 0.083378 0.137148
2 2 0.067346 0.199333 0.481122 0.067961 0.184239
2 2 0.050919 0.151179 0.576586 0.076564 0.144753
2 2 0.035403 0.123559 0.626131 0.079010 0.135897
2 2 0.029961 0.105100 0.672112 0.076814 0.116014
2 2 0.027261 0.101298 0.685615 0.071171 0.114655
2 2 0.029347 0.133132 0.609743 0.061245 0.166534
2 2 0.032535 0.159276 0.542501 0.058013 0.207674
2 2 0.033081 0.164674 0.528461 0.057137 0.216646
2 2 0.046024 0.183681 0.503653 0.060174 0.206469
2 2 0.041805 0.162774 0.550335 0.063234 0.181852
2 2 0.025991 0.112801 0.662022 0.061678 0.137507
2 2 0.019589 0.072610 0.763083 0.063434 0.081284
2 2 0.017229 0.046453 0.816263 0.075612 0.044443
2 2 0.015900 0.037213 0.833271 0.080425 0.033191
2 2 0.018059 0.045697 0.813197 0.080589 0.042458
2 2 0.030486 0.086160 0.717192 0.082787 0.083376
2 2 0.060784 0.184009 0.519511 0.065062 0.170634
2 2 0.063633 0.220361 0.431731 0.055833 0.228442
2 2 0.038176 0.162364 0.544276 0.061980 0.193203
2 2 0.023380 0.093502 0.710162 0.063791 0.109165
2 2 0.032984 0.134995 0.601723 0.069100 0.161199
2 2 0.075621 0.197326 0.460913 0.072326 0.193814
4 2 0.138974 0.234003 0.256165 0.044361 0.326498
0 0 0.346029 0.221502 0.174252 0.064057 0.194160
2 0 0.188378 0.268219 0.287541 0.067235 0.188627
2 0 0.094033 0.254818 0.381765 0.056935 0.212448
2 1 0.057648 0.237705 0.384219 0.052568 0.267860
4 1 0.063535 0.223886 0.331455 0.042882 0.338241
4 1 0.073210 0.215576 0.291417 0.036910 0.382887
4 1 0.065488 0.213260 0.300077 0.036301 0.384875
2 2 0.047805 0.215772 0.355562 0.043327 0.337534
2 2 0.036007 0.187759 0.468621 0.054253 0.253360
2 2 0.035186 0.172112 0.510758 0.057779 0.224165
2 2 0.036604 0.162880 0.540307 0.060650 0.199558
2 2 0.041851 0.195227 0.461758 0.056667 0.244497
4 2 0.076594 0.204128 0.263164 0.033782 0.422333
4 2 0.122886 0.181106 0.176458 0.023344 0.496207
4 2 0.270882 0.164992 0.109736 0.018194 0.436196
0 0 0.445479 0.163800 0.087574 0.015896 0.287251
0 0 0.390476 0.184864 0.110715 0.019157 0.294788
4 0 0.293217 0.184455 0.123027 0.018435 0.380865
4 0 0.234814 0.189867 0.143302 0.022207 0.409810
4 0 0.217302 0.194999 0.155572 0.024972 0.407155
4 0 0.131498 0.198123 0.199013 0.029259 0.442107
4 0 0.102500 0.200868 0.225957 0.030901 0.439774
4 0 0.092378 0.181277 0.200058 0.024727 0.501560
4 1 0.103964 0.137124 0.121913 0.013264 0.623735
4 1 0.098105 0.116126 0.097615 0.010552 0.677602
4 1 0.127806 0.094167 0.063236 0.007001 0.707790
4 4 0.121418 0.082983 0.053841 0.006100 0.735658
4 4 0.168410 0.076531 0.041162 0.004854 0.709044
4 4 0.166626 0.073941 0.040043 0.005308 0.714083
4 4 0.372222 0.080222 0.032597 0.005846 0.509112
0 4 0.475285 0.083620 0.031988 0.006986 0.402121
0 4 0.522393 0.088105 0.033066 0.007132 0.349304
4 4 0.337092 0.129008 0.069387 0.012401 0.452112
4 4 0.209687 0.173367 0.129624 0.018120 0.469202
4 4 0.143737 0.197592 0.184788 0.022854 0.451029
4 4 0.077186 0.183222 0.219617 0.025832 0.494144
4 4 0.098692 0.178577 0.187125 0.021355 0.514251
4 4 0.115442 0.199037 0.206832 0.025278 0.453411
4 4 0.113210 0.198908 0.208844 0.025747 0.453291
4 4 0.122955 0.174137 0.165572 0.021312 0.516024
4 4 0.118098 0.141386 0.122090 0.014657 0.603769
4 4 0.130847 0.139622 0.115843 0.015233 0.598456
4 4 0.110296 0.158013 0.151285 0.019990 0.560417
4 4 0.097166 0.160489 0.163451 0.020817 0.558078
4 4 0.085034 0.142399 0.144368 0.017501 0.610697
4 4 0.092345 0.115375 0.100621 0.011677 0.679983
4 4 0.104918 0.100336 0.077621 0.009556 0.707569
