0 0 0.888712 0.057355 0.048612 0.001596 0.003724
0 0 0.892984 0.055209 0.046892 0.001456 0.003459
0 0 0.793177 0.103271 0.084599 0.006957 0.011995
0 0 0.745257 0.124598 0.100839 0.011501 0.017804
0 0 0.826960 0.088115 0.070329 0.003541 0.011055
0 0 0.840635 0.081678 0.064748 0.002688 0.010251
0 0 0.716907 0.132036 0.092179 0.004780 0.054097
0 0 0.674318 0.133195 0.084915 0.002760 0.104812
0 0 0.637397 0.140063 0.087651 0.003006 0.131884
4 0 0.350772 0.179555 0.107354 0.010806 0.351512
4 1 0.148095 0.217778 0.186648 0.021184 0.426295
2 1 0.051308 0.216776 0.436660 0.034483 0.260773
2 1 0.032242 0.165683 0.638608 0.037032 0.126434
2 1 0.041291 0.171953 0.632446 0.042596 0.111714
2 1 0.124982 0.241245 0.421485 0.043709 0.168579
2 1 0.125375 0.221062 0.492772 0.031461 0.129330
2 1 0.188227 0.241197 0.396881 0.031622 0.142073
2 1 0.166801 0.255977 0.310598 0.020334 0.246291
2 1 0.096680 0.245997 0.326135 0.020877 0.310311
4 1 0.078644 0.198356 0.197355 0.017899 0.507747
4 1 0.068802 0.179800 0.223027 0.020379 0.507992
4 4 0.119327 0.157163 0.120366 0.016520 0.586624
4 4 0.204490 0.186482 0.122065 0.017265 0.469698
4 4 0.288251 0.204160 0.138929 0.016328 0.352332
0 4 0.364387 0.202609 0.130717 0.018356 0.283932
0 1 0.375926 0.193576 0.120139 0.015501 0.294858
4 1 0.321028 0.181249 0.108184 0.012624 0.376915
0 0 0.431029 0.188540 0.117997 0.012334 0.250101
0 0 0.428263 0.202039 0.130943 0.019342 0.219413
0 0 0.333579 0.234119 0.175546 0.032405 0.224351
2 0 0.107290 0.166079 0.407204 0.109581 0.209845
2 0 0.058759 0.097759 0.491033 0.215342 0.137108
2 0 0.034180 0.061511 0.560897 0.276863 0.066550
2 0 0.072204 0.125881 0.468991 0.162037 0.170887
2 0 0.164851 0.199169 0.312976 0.084039 0.238965
4 0 0.188913 0.178954 0.106290 0.027770 0.498073
4 0 0.200219 0.199253 0.131317 0.044444 0.424767
4 1 0.118905 0.155629 0.242051 0.123739 0.359675
3 2 0.037310 0.045306 0.345481 0.490554 0.081349
3 2 0.013521 0.017802 0.284900 0.640063 0.043714
3 2 0.008067 0.010946 0.277459 0.671232 0.032297
3 2 0.006373 0.009034 0.242982 0.707740 0.033871
3 2 0.005528 0.007987 0.230290 0.722908 0.033287
3 2 0.004408 0.006467 0.224030 0.735541 0.029554
3 2 0.004420 0.006614 0.206372 0.749121 0.033472
3 2 0.004481 0.006805 0.193253 0.758289 0.037173
3 2 0.003848 0.005828 0.200538 0.758164 0.031622
3 2 0.004096 0.006172 0.203031 0.754226 0.032474
3 3 0.005714 0.008575 0.195119 0.747122 0.043469
3 3 0.006808 0.010217 0.188815 0.742821 0.051339
3 3 0.004740 0.007325 0.177359 0.766930 0.043646
3 3 0.003852 0.006052 0.170849 0.779518 0.039729
3 3 0.004025 0.006302 0.172222 0.776920 0.040530
3 3 0.004866 0.007504 0.178188 0.765274 0.044167
3 3 0.004824 0.007444 0.177914 0.765824 0.043994
3 3 0.004669 0.007224 0.176884 0.767873 0.043350
3 3 0.003973 0.006227 0.171817 0.777690 0.040293
3 3 0.003476 0.005506 0.167652 0.785455 0.037911
3 3 0.002684 0.004340 0.159716 0.799585 0.033676
3 3 0.002615 0.004237 0.158930 0.800940 0.033277
3 3 0.002367 0.003865 0.155924 0.806063 0.031782
3 3 0.002557 0.004151 0.158252 0.802106 0.032935
3 3 0.002033 0.003360 0.151404 0.813577 0.029626
3 3 0.001738 0.002909 0.146828 0.820975 0.027550
3 3 0.001745 0.002919 0.146934 0.820805 0.027598
3 3 0.001760 0.002943 0.147194 0.820390 0.027713
3 3 0.001964 0.003255 0.150386 0.815240 0.029155
3 3 0.002211 0.003631 0.153894 0.809464 0.030800
3 3 0.002553 0.004145 0.158208 0.802180 0.032913
3 3 0.002322 0.003797 0.155347 0.807034 0.031500
3 3 0.002190 0.003599 0.153612 0.809933 0.030665
3 3 0.001654 0.002779 0.145395 0.823251 0.026922
3 3 0.002101 0.003464 0.152376 0.811980 0.030080
3 3 0.003223 0.005137 0.165320 0.789693 0.036627
3 3 0.003694 0.005823 0.169543 0.781962 0.038978
3 3 0.002986 0.004788 0.162970 0.793889 0.035367
3 3 0.002447 0.003986 0.156928 0.804364 0.032275
3 3 0.002231 0.003660 0.154153 0.809032 0.030924
3 3 0.001894 0.003148 0.149326 0.816961 0.028671
3 3 0.001757 0.002938 0.147144 0.820470 0.027690
3 3 0.002028 0.003353 0.151331 0.813696 0.029592
3 3 0.001961 0.003251 0.150345 0.815308 0.029136
3 3 0.002228 0.003657 0.154125 0.809080 0.030910
3 3 0.002049 0.003385 0.151637 0.813195 0.029734
3 3 0.001686 0.002829 0.145952 0.822367 0.027165
3 3 0.001341 0.002290 0.139439 0.832516 0.024415
3 3 0.001571 0.002650 0.143921 0.825571 0.026286
3 3 0.001831 0.003051 0.148332 0.818565 0.028221
3 3 0.003092 0.004944 0.164041 0.791985 0.035937
3 3 0.003544 0.005606 0.168256 0.784345 0.038250
3 3 0.003150 0.005029 0.164611 0.790966 0.036244
3 3 0.002622 0.004247 0.159007 0.800808 0.033316
3 3 0.001645 0.002764 0.145232 0.823508 0.026851
3 3 0.001465 0.002485 0.141932 0.828674 0.025444
3 3 0.001479 0.002506 0.142197 0.828262 0.025555
3 3 0.001701 0.002851 0.146201 0.821972 0.027275
3 3 0.001751 0.002929 0.147043 0.820631 0.027646
3 3 0.002053 0.003391 0.151695 0.813099 0.029762
3 3 0.001944 0.003224 0.150081 0.815737 0.029015
3 3 0.002760 0.004453 0.160563 0.798114 0.034110
3 3 0.003425 0.005432 0.167193 0.786295 0.037656
3 3 0.003889 0.006105 0.171144 0.778962 0.039900
3 3 0.003930 0.006165 0.171477 0.778334 0.040094
3 3 0.004895 0.007545 0.178373 0.764904 0.044284
3 3 0.007501 0.011169 0.191878 0.735857 0.053595
3 3 0.012480 0.017818 0.207629 0.695145 0.066929
3 3 0.019419 0.026706 0.220165 0.653070 0.080639
3 3 0.048584 0.061176 0.241333 0.529026 0.119881
2 3 0.179295 0.155698 0.254872 0.203131 0.207004
0 3 0.470629 0.203064 0.135976 0.021419 0.168912
0 0 0.603940 0.155458 0.099487 0.005085 0.136030
0 0 0.695870 0.126188 0.080438 0.002275 0.095229
0 0 0.740365 0.113383 0.073346 0.001733 0.071173
0 1 0.667016 0.132544 0.083381 0.002512 0.114546
0 1 0.465825 0.168636 0.101968 0.006297 0.257275
0 4 0.438492 0.184935 0.115073 0.010927 0.250573
0 4 0.494484 0.188369 0.122270 0.012903 0.181974
0 4 0.479060 0.195616 0.128489 0.016368 0.180468
4 4 0.298236 0.201794 0.135966 0.015194 0.348810
0 4 0.281341 0.239967 0.186257 0.035563 0.256871
0 4 0.381230 0.204337 0.130412 0.021467 0.262554
4 4 0.210573 0.110027 0.056388 0.002191 0.620822
0 4 0.401749 0.154905 0.088812 0.004323 0.350212
0 4 0.487115 0.150378 0.087674 0.003315 0.271518
0 4 0.576296 0.159082 0.100344 0.005235 0.159042
0 4 0.569611 0.171772 0.112716 0.008736 0.137165
0 4 0.478630 0.194771 0.127536 0.015838 0.183225
0 4 0.431102 0.186449 0.116079 0.011522 0.254848
0 4 0.423293 0.176039 0.106552 0.008290 0.285825
0 4 0.413968 0.189648 0.118168 0.012942 0.265273
0 4 0.515430 0.186585 0.122492 0.012797 0.162696
0 4 0.543761 0.183909 0.123043 0.012997 0.136290
0 4 0.566840 0.181004 0.123251 0.013277 0.115628
0 4 0.546833 0.178987 0.117822 0.010640 0.145718
0 4 0.547039 0.176547 0.115187 0.009606 0.151621
0 4 0.516012 0.182275 0.117977 0.010818 0.172918
0 4 0.461308 0.202966 0.140813 0.015993 0.178920
0 4 0.430946 0.208494 0.138059 0.024367 0.198133
0 4 0.524683 0.200225 0.141774 0.026162 0.107156
0 4 0.587002 0.179073 0.125056 0.014704 0.094165
0 4 0.535098 0.179493 0.117009 0.010330 0.158071
0 4 0.436016 0.184651 0.114688 0.010838 0.253806
0 4 0.372565 0.169246 0.099447 0.007384 0.351358
0 4 0.380163 0.173650 0.103197 0.008311 0.334678
0 4 0.369795 0.191228 0.123078 0.011215 0.304685
4 4 0.268592 0.232644 0.192918 0.017522 0.288324
2 4 0.195236 0.262055 0.272052 0.026598 0.244059
2 4 0.156005 0.273207 0.308909 0.044559 0.217321
2 4 0.151166 0.250830 0.365926 0.035818 0.196260
2 4 0.197919 0.235745 0.355994 0.028556 0.181785
0 4 0.336674 0.227885 0.178682 0.018017 0.238742
0 4 0.308182 0.247318 0.234714 0.016389 0.193397
0 4 0.408960 0.231873 0.189281 0.025521 0.144365
0 4 0.498508 0.194104 0.128922 0.016327 0.162139
0 4 0.484058 0.185644 0.118624 0.011447 0.200227
0 4 0.442751 0.183748 0.114211 0.010494 0.248797
0 4 0.388219 0.179762 0.108512 0.009873 0.313633
0 4 0.348610 0.189919 0.119804 0.012223 0.329443
4 4 0.212657 0.185772 0.124344 0.013578 0.463648
4 4 0.104968 0.145452 0.096332 0.012090 0.641158
4 4 0.082564 0.139461 0.098277 0.011086 0.668612
4 4 0.058531 0.156919 0.139029 0.013923 0.631598
4 4 0.050804 0.182236 0.339172 0.028475 0.399313
2 1 0.030175 0.090480 0.697711 0.085441 0.096192
2 1 0.022410 0.059355 0.751946 0.127896 0.038393
2 1 0.018451 0.064235 0.789894 0.080481 0.046938
2 1 0.015048 0.063893 0.816646 0.067033 0.037380
2 1 0.015770 0.067524 0.817704 0.062088 0.036914
2 1 0.013107 0.051891 0.841444 0.068473 0.025086
2 1 0.012736 0.038669 0.811277 0.114428 0.022890
2 2 0.014014 0.034863 0.765854 0.161979 0.023290
2 2 0.014875 0.025028 0.608295 0.327638 0.024164
3 2 0.017074 0.020040 0.404920 0.531289 0.026677
3 2 0.016053 0.019611 0.360555 0.571489 0.032291
2 2 0.024499 0.034593 0.497299 0.407688 0.035921
2 2 0.034082 0.080393 0.656767 0.160741 0.068017
4 2 0.116877 0.203363 0.283496 0.049184 0.347080
4 2 0.183283 0.168687 0.099652 0.021722 0.526656
4 4 0.175437 0.165565 0.096737 0.020344 0.541917
4 4 0.143643 0.173746 0.113368 0.021926 0.547316
4 4 0.082323 0.197682 0.200246 0.029685 0.490064
2 4 0.058315 0.198903 0.388742 0.034083 0.319958
2 4 0.028536 0.115103 0.710309 0.048259 0.097793
2 4 0.027083 0.127710 0.685200 0.033389 0.126619
2 4 0.040904 0.172485 0.533298 0.030209 0.223104
4 4 0.058936 0.195576 0.349996 0.028370 0.367123
4 4 0.087291 0.193960 0.184667 0.021461 0.512622
4 4 0.129712 0.175866 0.124644 0.017827 0.551952
4 4 0.149503 0.154280 0.093848 0.013600 0.588769
4 4 0.212562 0.150534 0.084243 0.009396 0.543265
4 0 0.245398 0.151475 0.084762 0.007564 0.510801
4 0 0.265552 0.170364 0.098996 0.011968 0.453119
4 0 0.219339 0.157442 0.089281 0.011074 0.522864
4 1 0.073918 0.119440 0.077062 0.009315 0.720264
4 1 0.049189 0.143169 0.129138 0.010430 0.668073
4 1 0.045380 0.182117 0.273242 0.018262 0.481000
2 1 0.041149 0.177836 0.479129 0.026296 0.275590
2 1 0.033618 0.147351 0.610827 0.032215 0.175988
2 1 0.024341 0.097891 0.722591 0.048548 0.106628
2 1 0.021543 0.079081 0.743323 0.074773 0.081282
2 1 0.018982 0.066790 0.763159 0.087045 0.064025
2 2 0.023432 0.069307 0.728291 0.116378 0.062592
2 2 0.020567 0.045470 0.674561 0.222256 0.037145
2 2 0.019839 0.032348 0.564275 0.351091 0.032447
2 2 0.030496 0.059207 0.603174 0.258656 0.048466
2 2 0.063729 0.148849 0.574087 0.102206 0.111128
2 2 0.250943 0.229293 0.316765 0.043046 0.159954
0 2 0.514097 0.186880 0.122665 0.012888 0.163470
0 2 0.570875 0.171182 0.112227 0.008569 0.137147
0 0 0.500054 0.174156 0.108758 0.007753 0.209280
0 0 0.411343 0.168088 0.099510 0.006531 0.314528
4 0 0.265056 0.159200 0.090472 0.008526 0.476747
4 1 0.198990 0.160201 0.094296 0.011897 0.534616
4 1 0.126624 0.159096 0.110461 0.010624 0.593195
4 1 0.262739 0.186733 0.120660 0.012411 0.417457
0 1 0.368671 0.184886 0.112286 0.012085 0.322072
0 1 0.371661 0.184737 0.112246 0.011942 0.319414
4 0 0.330613 0.186331 0.112582 0.014162 0.356313
4 0 0.267049 0.184114 0.109966 0.017805 0.421066
4 0 0.139922 0.167880 0.116438 0.012370 0.563389
4 1 0.062521 0.170986 0.161266 0.015981 0.589246
4 1 0.047364 0.184807 0.252533 0.018839 0.496458
2 1 0.043691 0.188485 0.413340 0.025809 0.328676
2 1 0.042943 0.183633 0.479409 0.029652 0.264362
2 1 0.030483 0.114962 0.636552 0.051569 0.166435
2 1 0.030023 0.074233 0.650472 0.140104 0.105168
2 1 0.027257 0.036778 0.455764 0.434522 0.045678
3 2 0.022008 0.026358 0.406156 0.512251 0.033227
2 2 0.015535 0.020351 0.475407 0.464324 0.024383
3 2 0.017413 0.021645 0.445604 0.488931 0.026408
2 2 0.027800 0.037181 0.462876 0.432506 0.039637
2 2 0.075672 0.113833 0.481217 0.213576 0.115703
2 2 0.235765 0.232152 0.263610 0.052396 0.216077
4 2 0.248220 0.214235 0.156449 0.019185 0.361911
4 2 0.175743 0.195826 0.142412 0.017417 0.468602
4 4 0.102675 0.191742 0.179967 0.017244 0.508373
4 4 0.069354 0.194392 0.290229 0.028883 0.417141
2 4 0.035341 0.098804 0.649177 0.106697 0.109981
2 4 0.028899 0.089171 0.703942 0.087715 0.090273
2 4 0.019254 0.031947 0.545607 0.367975 0.035216
2 2 0.086144 0.133444 0.533648 0.138213 0.108551
2 2 0.045711 0.164465 0.579076 0.023700 0.187048
2 2 0.168865 0.234150 0.289701 0.026511 0.280773
4 2 0.193443 0.208057 0.163897 0.014280 0.420323
4 2 0.227400 0.182832 0.118336 0.013192 0.458239
4 2 0.256533 0.170636 0.099192 0.012745 0.460894
4 2 0.310853 0.185392 0.111449 0.014874 0.377432
4 2 0.324177 0.192987 0.118135 0.017650 0.347052
4 4 0.279779 0.190727 0.115544 0.020114 0.393836
4 4 0.264445 0.187787 0.112984 0.020109 0.414675
4 4 0.205769 0.164089 0.094406 0.015228 0.520508
4 4 0.265507 0.171071 0.099547 0.012228 0.451647
4 4 0.251595 0.201627 0.133294 0.021020 0.392463
4 4 0.137511 0.208858 0.190975 0.060258 0.402399
3 4 0.062999 0.078296 0.362387 0.367753 0.128565
3 4 0.020457 0.025162 0.337653 0.574335 0.042393
3 2 0.008297 0.011041 0.297064 0.654213 0.029384
3 2 0.006297 0.008799 0.257685 0.696591 0.030627
3 2 0.005997 0.008735 0.219633 0.727792 0.037844
3 2 0.008019 0.011289 0.240445 0.699902 0.040345
3 2 0.009865 0.013275 0.277177 0.662569 0.037114
3 2 0.014063 0.018878 0.262251 0.653641 0.051167
3 2 0.009826 0.013386 0.264454 0.672413 0.039921
3 2 0.008371 0.011556 0.258111 0.684748 0.037214
3 2 0.006143 0.008418 0.278566 0.680354 0.026520
3 2 0.006874 0.009433 0.272445 0.681477 0.029771
3 2 0.006832 0.009506 0.258556 0.692855 0.032251
3 2 0.008264 0.011437 0.256075 0.686871 0.037352
3 2 0.009557 0.012834 0.280785 0.661259 0.035565
3 2 0.010238 0.013200 0.322158 0.624923 0.029481
3 2 0.009843 0.012308 0.359449 0.594937 0.023464
3 2 0.009028 0.011050 0.389013 0.571988 0.018921
3 2 0.009864 0.012308 0.361878 0.592753 0.023198
3 2 0.010450 0.013588 0.311612 0.632658 0.031692
3 2 0.008656 0.011848 0.265300 0.677748 0.036448
3 2 0.010047 0.013846 0.251614 0.680684 0.043809
3 2 0.008389 0.011523 0.263095 0.680836 0.036156
3 3 0.010772 0.014406 0.279515 0.656472 0.038835
3 3 0.010104 0.013718 0.266666 0.669372 0.040140
3 3 0.009429 0.012769 0.272548 0.668262 0.036993
3 3 0.007031 0.009832 0.252421 0.696539 0.034177
3 3 0.006235 0.008797 0.248376 0.704360 0.032233
3 3 0.005309 0.007910 0.203769 0.744211 0.038801
3 3 0.004407 0.006717 0.190948 0.760549 0.037379
3 3 0.004024 0.006256 0.177841 0.773124 0.038755
3 3 0.004040 0.006324 0.172338 0.776699 0.040599
3 3 0.004212 0.006571 0.173647 0.774193 0.041376
3 3 0.004882 0.007527 0.178291 0.765068 0.044232
3 3 0.005557 0.008478 0.182385 0.756695 0.046886
3 3 0.005926 0.008995 0.184422 0.752401 0.048257
3 3 0.004390 0.006826 0.174944 0.771682 0.042158
3 3 0.003255 0.005184 0.165624 0.789144 0.036793
3 3 0.002719 0.004392 0.160113 0.798897 0.033879
3 3 0.002963 0.004754 0.162733 0.794308 0.035242
3 3 0.002506 0.004074 0.157641 0.803150 0.032629
3 3 0.002735 0.004415 0.160285 0.798597 0.033967
3 3 0.003112 0.004974 0.164242 0.791628 0.036045
3 3 0.003299 0.005248 0.166035 0.788401 0.037017
3 3 0.002352 0.003843 0.155733 0.806383 0.031689
3 3 0.001386 0.002360 0.140355 0.831109 0.024790
3 3 0.001368 0.002333 0.139999 0.831657 0.024643
3 3 0.001887 0.003138 0.149223 0.817129 0.028623
3 3 0.002435 0.003968 0.156782 0.804611 0.032203
3 3 0.003069 0.004910 0.163812 0.792394 0.035815
3 3 0.003343 0.005312 0.166442 0.787662 0.037241
3 3 0.002797 0.004509 0.160976 0.797395 0.034323
3 3 0.002358 0.003852 0.155813 0.806249 0.031727
3 3 0.002546 0.004134 0.158117 0.802336 0.032868
3 3 0.002460 0.004005 0.157083 0.804099 0.032352
3 3 0.002323 0.003800 0.155366 0.807001 0.031510
3 3 0.002176 0.003578 0.153422 0.810249 0.030575
3 3 0.002224 0.003650 0.154063 0.809183 0.030881
3 3 0.002742 0.004427 0.160369 0.798451 0.034011
3 3 0.002549 0.004138 0.158153 0.802275 0.032885
3 3 0.002657 0.004300 0.159415 0.800105 0.033523
3 3 0.002285 0.003743 0.154876 0.807824 0.031272
3 3 0.002193 0.003602 0.153641 0.809885 0.030679
3 3 0.002154 0.003545 0.153119 0.810751 0.030431
3 3 0.002105 0.003470 0.152434 0.811883 0.030108
3 3 0.002135 0.003516 0.152859 0.811182 0.030308
3 3 0.002112 0.003481 0.152536 0.811715 0.030156
3 3 0.003083 0.004931 0.163954 0.792141 0.035890
3 3 0.002459 0.004003 0.157068 0.804125 0.032345
3 3 0.002568 0.004168 0.158384 0.801879 0.033002
3 3 0.002684 0.004339 0.159714 0.799589 0.033675
3 3 0.002506 0.004074 0.157641 0.803149 0.032630
3 3 0.002657 0.004299 0.159409 0.800115 0.033520
3 3 0.002684 0.004341 0.159722 0.799574 0.033679
3 3 0.002206 0.003622 0.153820 0.809588 0.030764
3 3 0.002110 0.003477 0.152496 0.811781 0.030137
3 3 0.001870 0.003111 0.148949 0.817570 0.028500
3 3 0.002206 0.003623 0.153828 0.809574 0.030769
3 3 0.002069 0.003416 0.151928 0.812718 0.029870
3 3 0.002646 0.004283 0.159281 0.800336 0.033455
3 3 0.003414 0.005417 0.167100 0.786465 0.037604
3 3 0.003407 0.005406 0.167035 0.786583 0.037568
3 3 0.003464 0.005489 0.167548 0.785645 0.037854
3 3 0.003892 0.006111 0.171175 0.778904 0.039918
3 3 0.003489 0.005525 0.167767 0.785244 0.037976
3 3 0.002528 0.004107 0.157906 0.802697 0.032762
3 3 0.001807 0.003014 0.147946 0.819186 0.028048
3 3 0.002007 0.003320 0.151023 0.814200 0.029449
3 3 0.001887 0.003138 0.149221 0.817131 0.028623
3 3 0.002158 0.003551 0.153175 0.810658 0.030458
3 3 0.002059 0.003399 0.151772 0.812973 0.029797
3 3 0.002163 0.003558 0.153245 0.810543 0.030491
3 3 0.002251 0.003691 0.154430 0.808570 0.031057
3 3 0.001966 0.003258 0.150413 0.815197 0.029167
3 3 0.001551 0.002618 0.143544 0.826163 0.026125
3 3 0.001646 0.002767 0.145260 0.823463 0.026863
3 3 0.002179 0.003581 0.153451 0.810200 0.030589
3 3 0.003017 0.004834 0.163288 0.793325 0.035536
3 3 0.003938 0.006177 0.171541 0.778213 0.040131
3 3 0.003357 0.005333 0.166574 0.787422 0.037314
3 3 0.002187 0.003594 0.153567 0.810007 0.030644
3 3 0.002219 0.003642 0.153996 0.809294 0.030849
3 3 0.002481 0.004037 0.157344 0.803655 0.032482
3 3 0.001743 0.002916 0.146903 0.820855 0.027584
3 3 0.005315 0.008138 0.180976 0.759613 0.045957
3 3 0.005753 0.008754 0.183485 0.754386 0.047622
3 3 0.015237 0.021393 0.213485 0.677015 0.072870
3 3 0.015339 0.021523 0.213674 0.676391 0.073074
3 3 0.003817 0.006001 0.170561 0.780059 0.039562
3 3 0.003615 0.005709 0.168871 0.783209 0.038596
3 3 0.006409 0.009666 0.186902 0.747049 0.049975
3 3 0.010535 0.015254 0.202483 0.709522 0.062206
3 3 0.016350 0.022818 0.215482 0.670287 0.075064
3 3 0.017902 0.024792 0.217989 0.661350 0.077966
3 3 0.025887 0.033724 0.261451 0.601871 0.077066
3 2 0.017885 0.022479 0.336067 0.578300 0.045269
3 2 0.023384 0.028781 0.378983 0.509871 0.058981
3 2 0.015020 0.018529 0.358904 0.574608 0.032938
3 2 0.014726 0.019485 0.436391 0.502054 0.027344
2 2 0.010336 0.021650 0.690601 0.256734 0.020679
2 2 0.010611 0.034195 0.809072 0.122307 0.023816
2 2 0.013920 0.049988 0.799751 0.101748 0.034594
2 1 0.024953 0.082255 0.710008 0.096176 0.086609
2 1 0.026135 0.087117 0.701461 0.090469 0.094819
2 1 0.032932 0.117018 0.642704 0.048639 0.158706
2 1 0.032238 0.142464 0.579275 0.027240 0.218783
2 1 0.031707 0.151821 0.487290 0.021732 0.307449
2 1 0.033602 0.147599 0.522128 0.028069 0.268602
2 1 0.032014 0.141874 0.550194 0.027252 0.248666
2 1 0.044520 0.165122 0.443360 0.032503 0.314495
2 1 0.041530 0.162564 0.447227 0.025564 0.323115
2 4 0.039687 0.155542 0.483610 0.026245 0.294916
2 4 0.035463 0.145463 0.557041 0.029128 0.232904
2 4 0.037763 0.166852 0.517045 0.026104 0.252236
2 4 0.040232 0.175046 0.511567 0.030233 0.242921
2 4 0.046677 0.180757 0.447439 0.026942 0.298186
2 4 0.044812 0.173997 0.461551 0.028459 0.291182
4 4 0.050021 0.186528 0.357702 0.023944 0.381805
4 4 0.039835 0.182787 0.357807 0.019681 0.399889
4 4 0.039399 0.186524 0.319295 0.019017 0.435765
2 4 0.040528 0.195794 0.384794 0.025007 0.353876
2 4 0.041096 0.193720 0.435138 0.028386 0.301661
2 4 0.042684 0.193301 0.444024 0.029869 0.290123
2 4 0.038363 0.162245 0.491248 0.036010 0.272134
2 4 0.031873 0.139429 0.515541 0.028933 0.284224
2 4 0.025022 0.116673 0.666489 0.036760 0.155056
2 4 0.024942 0.120451 0.689275 0.037922 0.127411
2 4 0.019292 0.094295 0.775749 0.042791 0.067873
2 1 0.019385 0.086239 0.789407 0.045644 0.059326
2 1 0.019999 0.071873 0.791275 0.070267 0.046585
2 1 0.024281 0.087959 0.753836 0.069975 0.063949
2 1 0.028259 0.118802 0.708595 0.055050 0.089294
2 1 0.031733 0.151457 0.622559 0.042884 0.151367
2 1 0.027113 0.120732 0.665241 0.052254 0.134660
2 1 0.031916 0.079063 0.590720 0.164115 0.134187
3 1 0.047015 0.058815 0.337997 0.390593 0.165579
3 1 0.050237 0.065866 0.265756 0.369486 0.248655
4 0 0.081798 0.102379 0.225197 0.182010 0.408616
4 0 0.141724 0.157395 0.137792 0.056961 0.506128
4 1 0.108039 0.118420 0.063656 0.011128 0.698757
4 1 0.115976 0.124648 0.067692 0.012237 0.679446
4 1 0.071621 0.151191 0.117544 0.014623 0.645020
4 1 0.062691 0.193112 0.231529 0.024218 0.488450
2 1 0.040625 0.139484 0.562409 0.054299 0.203183
4 1 0.071442 0.192933 0.309009 0.032280 0.394335
4 1 0.122770 0.183984 0.138445 0.019300 0.535501
4 4 0.155688 0.151876 0.093932 0.010079 0.588425
4 4 0.121270 0.143503 0.095098 0.007857 0.632272
4 4 0.112120 0.138730 0.092498 0.007268 0.649384
4 4 0.073488 0.130746 0.095377 0.007812 0.692577
4 4 0.068652 0.138724 0.105185 0.010696 0.676742
4 4 0.067394 0.133920 0.097957 0.011135 0.689593
4 4 0.068628 0.121684 0.082181 0.009461 0.718046
4 4 0.098953 0.110618 0.058751 0.009636 0.722042
4 4 0.134028 0.115562 0.061023 0.006455 0.682932
4 4 0.142240 0.113081 0.059203 0.005199 0.680276
4 4 0.171046 0.119448 0.062982 0.004693 0.641831
4 4 0.135836 0.148241 0.094765 0.009420 0.611738
4 4 0.051873 0.147289 0.132141 0.011388 0.657308
4 4 0.056756 0.174376 0.207407 0.017671 0.543791
4 4 0.087036 0.154118 0.110315 0.017263 0.631268
4 4 0.108527 0.144760 0.088635 0.017822 0.640257
4 4 0.108301 0.107687 0.056424 0.007153 0.720435
4 4 0.148716 0.112529 0.058722 0.004662 0.675370
4 4 0.121035 0.103281 0.053214 0.004731 0.717740
4 4 0.067157 0.092277 0.051865 0.005669 0.783033
4 4 0.059035 0.085747 0.049463 0.004248 0.801507
4 4 0.070503 0.097122 0.057172 0.005133 0.770070
4 4 0.072752 0.121696 0.082831 0.007798 0.714924
4 4 0.056786 0.117172 0.085244 0.007503 0.733294
4 4 0.075937 0.094731 0.053837 0.004580 0.770916
4 4 0.064631 0.067293 0.032317 0.002529 0.833230
4 4 0.102333 0.087128 0.043374 0.003084 0.764081
4 4 0.145348 0.098837 0.049910 0.002702 0.703204
4 4 0.165782 0.123168 0.065566 0.005739 0.639746
4 4 0.081617 0.086636 0.043636 0.004777 0.783334
4 4 0.055319 0.084389 0.048855 0.004439 0.806997
4 4 0.060064 0.092712 0.055044 0.005455 0.786725
4 4 0.070721 0.112561 0.071526 0.007864 0.737328
4 4 0.056330 0.129648 0.101319 0.009365 0.703339
4 4 0.066459 0.141207 0.108225 0.012200 0.671909
4 4 0.072044 0.169989 0.214110 0.022794 0.521062
2 4 0.056294 0.133601 0.401550 0.071545 0.337010
2 4 0.028143 0.080144 0.640666 0.124689 0.126357
2 4 0.021307 0.060786 0.725314 0.130712 0.061881
2 4 0.019032 0.052737 0.750305 0.135290 0.042635
2 2 0.016973 0.048934 0.766174 0.130351 0.037568
2 2 0.013762 0.039593 0.769198 0.148583 0.028865
2 2 0.016181 0.044298 0.747761 0.155665 0.036095
2 2 0.022416 0.061439 0.690319 0.145184 0.080642
2 2 0.064922 0.137947 0.371878 0.078526 0.346727
4 2 0.084578 0.158155 0.122741 0.017831 0.616695
4 2 0.077015 0.111354 0.066723 0.008620 0.736287
4 2 0.104374 0.122771 0.075145 0.006686 0.691025
4 2 0.084271 0.133718 0.098205 0.006198 0.677607
4 2 0.068004 0.163932 0.143183 0.014086 0.610795
4 2 0.069740 0.176450 0.308957 0.030988 0.413865
2 2 0.046834 0.104906 0.557620 0.113570 0.177070
2 2 0.023812 0.061055 0.705991 0.148114 0.061028
2 2 0.015915 0.052661 0.777191 0.115202 0.039030
2 2 0.019783 0.073086 0.778078 0.085083 0.043970
2 2 0.033189 0.137485 0.694575 0.053781 0.080970
4 2 0.060814 0.206445 0.265717 0.029145 0.437879
4 2 0.075156 0.153699 0.122528 0.012394 0.636223
4 2 0.083428 0.091036 0.046367 0.005700 0.773470
4 2 0.231987 0.186683 0.112081 0.024092 0.445157
4 2 0.226607 0.156730 0.088706 0.010234 0.517723
4 4 0.074113 0.064825 0.030592 0.001614 0.828856
4 4 0.186167 0.120239 0.063329 0.004129 0.626136
4 4 0.232845 0.140874 0.077177 0.005822 0.543282
4 4 0.119879 0.159253 0.114500 0.009762 0.596605
4 4 0.077696 0.165460 0.135785 0.015845 0.605213
4 4 0.055971 0.191462 0.253341 0.022695 0.476531
4 4 0.056716 0.191228 0.320841 0.025593 0.405622
2 4 0.045302 0.122201 0.596245 0.085122 0.151130
2 4 0.023337 0.050039 0.667882 0.217462 0.041281
2 4 0.013291 0.024469 0.666198 0.274880 0.021163
2 4 0.011174 0.018306 0.623504 0.329309 0.017707
2 2 0.009326 0.016706 0.631562 0.324387 0.018019
2 2 0.012254 0.019414 0.535081 0.408805 0.024445
2 2 0.011782 0.017821 0.500659 0.445349 0.024389
2 2 0.013748 0.019478 0.495865 0.446568 0.024340
2 2 0.011732 0.018350 0.575034 0.374858 0.020027
2 2 0.014451 0.025464 0.626972 0.309000 0.024112
2 2 0.016938 0.032802 0.646457 0.274283 0.029520
2 2 0.018872 0.040742 0.673535 0.232852 0.033999
2 2 0.015373 0.038900 0.751472 0.167008 0.027247
2 2 0.017784 0.050215 0.757481 0.141338 0.033182
2 2 0.015621 0.048527 0.783086 0.121726 0.031040
2 2 0.012980 0.042442 0.816354 0.103485 0.024738
2 2 0.014380 0.038041 0.791370 0.133992 0.022218
2 2 0.013092 0.039348 0.794368 0.127453 0.025739
2 2 0.017555 0.057951 0.760267 0.117605 0.046622
2 2 0.024462 0.094772 0.698652 0.073105 0.109009
2 2 0.035601 0.129381 0.601293 0.053670 0.180054
2 2 0.057836 0.179210 0.369473 0.029976 0.363505
4 2 0.061393 0.189936 0.297546 0.025431 0.425694
4 2 0.045444 0.176829 0.258142 0.016782 0.502802
4 4 0.042849 0.175428 0.199609 0.015000 0.567115
4 4 0.043668 0.182961 0.260258 0.017705 0.495408
4 4 0.043014 0.171347 0.190824 0.014212 0.580603
4 4 0.040252 0.174317 0.203865 0.014314 0.567252
4 4 0.037916 0.183058 0.242203 0.015933 0.520890
4 4 0.039230 0.190023 0.336274 0.020439 0.414035
4 4 0.043000 0.186715 0.292701 0.019238 0.458347
4 4 0.046132 0.169918 0.248667 0.015355 0.519928
4 4 0.053622 0.181541 0.321735 0.024058 0.419043
2 4 0.053562 0.186463 0.398780 0.029916 0.331280
2 4 0.049151 0.186276 0.434670 0.029048 0.300856
4 4 0.040262 0.179725 0.368738 0.019493 0.391782
4 4 0.039348 0.179256 0.324177 0.017505 0.439715
4 4 0.041945 0.164202 0.218459 0.013081 0.562312
4 4 0.049680 0.161732 0.159564 0.013495 0.615528
4 4 0.053299 0.151714 0.137339 0.012286 0.645362
4 4 0.050402 0.140570 0.127027 0.010201 0.671800
4 4 0.064431 0.156500 0.147744 0.014705 0.616621
4 4 0.055546 0.180159 0.239636 0.019360 0.505298
2 4 0.052240 0.207667 0.399425 0.036455 0.304213
2 4 0.044275 0.153709 0.511458 0.060464 0.230094
2 4 0.043742 0.106927 0.580352 0.115713 0.153267
4 4 0.110938 0.129724 0.269982 0.215775 0.273582
4 4 0.120926 0.143359 0.209416 0.173984 0.352315
4 4 0.121716 0.140348 0.205337 0.146866 0.385733
4 4 0.178539 0.176318 0.124400 0.028383 0.492360
4 4 0.135477 0.166211 0.115008 0.012586 0.570719
4 4 0.106837 0.133916 0.087485 0.007347 0.664415
4 4 0.062621 0.120362 0.087516 0.006984 0.722516
4 4 0.059536 0.127374 0.095540 0.009383 0.708168
4 4 0.055679 0.150944 0.145007 0.012613 0.635757
4 4 0.079371 0.171902 0.248162 0.036699 0.463866
4 4 0.086352 0.175394 0.191186 0.030378 0.516691
4 4 0.078750 0.171416 0.161476 0.027541 0.560817
4 4 0.068178 0.157759 0.140577 0.018295 0.615190
4 4 0.057116 0.156977 0.308611 0.037954 0.439343
2 1 0.039917 0.115205 0.504027 0.077790 0.263060
2 1 0.025481 0.065831 0.683903 0.140778 0.084007
2 1 0.013675 0.041882 0.757124 0.145353 0.041965
2 2 0.013280 0.037834 0.748567 0.167567 0.032752
2 2 0.014117 0.035230 0.723830 0.197252 0.029572
2 2 0.016687 0.034502 0.679827 0.240400 0.028583
2 2 0.013155 0.029176 0.735260 0.200701 0.021708
2 2 0.014106 0.035019 0.741553 0.182616 0.026706
2 2 0.011868 0.032105 0.760070 0.170368 0.025589
2 2 0.010789 0.027506 0.740789 0.196686 0.024229
2 2 0.013285 0.026570 0.649969 0.283646 0.026530
2 2 0.016166 0.025605 0.568765 0.363124 0.026339
2 2 0.013709 0.022688 0.581922 0.357267 0.024415
2 2 0.011613 0.020540 0.654368 0.294726 0.018754
2 2 0.012553 0.023567 0.702909 0.242959 0.018012
2 2 0.014048 0.023025 0.671240 0.274549 0.017137
2 2 0.012899 0.020702 0.648002 0.301317 0.017079
2 2 0.012437 0.015738 0.515896 0.439170 0.016760
3 2 0.010628 0.012771 0.473221 0.487898 0.015483
3 2 0.007911 0.009423 0.428189 0.540390 0.014087
3 2 0.009255 0.011233 0.397872 0.563257 0.018383
3 2 0.008629 0.010625 0.384051 0.577880 0.018815
3 2 0.010012 0.012478 0.362481 0.591668 0.023361
3 2 0.009367 0.011938 0.339740 0.613750 0.025204
3 2 0.010177 0.012658 0.364017 0.589714 0.023433
3 2 0.009901 0.012446 0.353016 0.600257 0.024380
3 2 0.009247 0.011497 0.369184 0.588727 0.021345
3 2 0.007762 0.009853 0.353207 0.608610 0.020568
3 2 0.007946 0.010236 0.335208 0.623563 0.023046
3 2 0.007468 0.010067 0.287824 0.665833 0.028808
3 2 0.007585 0.010677 0.242803 0.700678 0.038259
3 2 0.008420 0.011977 0.228460 0.706088 0.045055
3 2 0.009501 0.013376 0.233136 0.696587 0.047401
3 3 0.007634 0.010919 0.227187 0.711756 0.042504
3 3 0.006645 0.009549 0.228292 0.717157 0.038357
3 3 0.004461 0.006807 0.189478 0.761138 0.038116
3 3 0.004227 0.006593 0.173760 0.773976 0.041443
3 3 0.003408 0.005320 0.179646 0.777679 0.033946
3 3 0.003680 0.005708 0.182304 0.773183 0.035124
3 3 0.004670 0.007038 0.198391 0.753042 0.036858
3 3 0.005584 0.008472 0.186710 0.753708 0.045527
3 3 0.005246 0.008041 0.180561 0.760465 0.045687
3 3 0.005308 0.008129 0.180937 0.759694 0.045932
3 3 0.005611 0.008555 0.182694 0.756048 0.047091
3 3 0.005939 0.009013 0.184491 0.752252 0.048304
3 3 0.003790 0.005962 0.170340 0.780473 0.039435
3 3 0.003178 0.005070 0.164881 0.790482 0.036389
3 3 0.003048 0.004879 0.163600 0.792772 0.035701
3 3 0.003014 0.004829 0.163256 0.793383 0.035518
3 3 0.003756 0.005913 0.170062 0.780994 0.039275
3 3 0.014975 0.021055 0.212986 0.678647 0.072336
3 3 0.011233 0.016179 0.204447 0.704182 0.063960
3 3 0.011936 0.017105 0.206290 0.699008 0.065660
3 3 0.010007 0.014552 0.200900 0.713708 0.060832
3 3 0.002140 0.003523 0.152919 0.811083 0.030336
3 3 0.002710 0.004378 0.160006 0.799082 0.033824
3 3 0.003036 0.004861 0.163475 0.792994 0.035635
3 3 0.003588 0.005669 0.168634 0.783646 0.038463
3 3 0.003293 0.005239 0.165981 0.788499 0.036988
3 3 0.003659 0.005773 0.169247 0.782511 0.038810
3 3 0.002428 0.003957 0.156687 0.804772 0.032157
3 3 0.002517 0.004090 0.157772 0.802926 0.032695
3 3 0.001989 0.003292 0.150753 0.814642 0.029324
3 3 0.001899 0.003156 0.149402 0.816839 0.028705
3 3 0.001593 0.002685 0.144323 0.824940 0.026459
3 3 0.001418 0.002410 0.141001 0.830115 0.025056
3 3 0.001405 0.002390 0.140744 0.830511 0.024950
3 3 0.001459 0.002474 0.141802 0.828875 0.025390
3 3 0.001477 0.002503 0.142162 0.828317 0.025540
3 3 0.001688 0.002830 0.145972 0.822335 0.027174
3 3 0.002041 0.003373 0.151524 0.813381 0.029681
3 3 0.002686 0.004343 0.159743 0.799537 0.033690
3 3 0.002990 0.004794 0.163015 0.793809 0.035391
3 3 0.002494 0.004056 0.157493 0.803402 0.032556
3 3 0.002653 0.004294 0.159369 0.800184 0.033499
3 3 0.002550 0.004139 0.158163 0.802257 0.032890
3 3 0.002547 0.004135 0.158131 0.802312 0.032875
3 3 0.003015 0.004831 0.163266 0.793364 0.035524
3 3 0.002971 0.004766 0.162817 0.794161 0.035286
3 3 0.003048 0.004880 0.163602 0.792767 0.035703
3 3 0.003735 0.005883 0.169888 0.781318 0.039176
3 3 0.004351 0.006770 0.174664 0.772226 0.041988
3 3 0.004633 0.007173 0.176639 0.768358 0.043198
3 3 0.006468 0.009748 0.187196 0.746405 0.050182
3 3 0.005410 0.008272 0.181537 0.758455 0.046325
3 2 0.004822 0.007441 0.177898 0.765855 0.043984
3 2 0.003769 0.005932 0.170166 0.780799 0.039335
3 2 0.004095 0.006403 0.172764 0.775887 0.040850
3 2 0.005097 0.007801 0.182750 0.760311 0.044040
3 2 0.008068 0.011725 0.210401 0.720412 0.049395
3 2 0.014793 0.020398 0.232417 0.669017 0.063375
3 2 0.035805 0.044898 0.274865 0.563303 0.081128
2 2 0.056365 0.086039 0.464521 0.319354 0.073722
2 2 0.068000 0.142685 0.479291 0.141880 0.168144
2 2 0.064121 0.153410 0.505078 0.088379 0.189013
2 4 0.042235 0.137426 0.539350 0.043148 0.237841
4 4 0.044151 0.185902 0.372783 0.022624 0.374540
4 4 0.054994 0.203881 0.297634 0.027948 0.415543
4 4 0.084036 0.199955 0.220288 0.031717 0.464003
4 4 0.096021 0.212834 0.253627 0.043404 0.394115
4 4 0.058934 0.196546 0.348298 0.029871 0.366350
4 4 0.065829 0.196646 0.238353 0.026320 0.472852
4 4 0.057055 0.176535 0.225368 0.018532 0.522510
4 4 0.049465 0.161053 0.158721 0.013341 0.617420
4 4 0.047264 0.156373 0.154128 0.012207 0.630028
4 4 0.049735 0.153968 0.146061 0.012165 0.638071
4 4 0.045585 0.152330 0.152828 0.011327 0.637929
4 4 0.051337 0.146766 0.136501 0.010667 0.654729
4 4 0.052085 0.137071 0.117491 0.009255 0.684099
4 4 0.051420 0.125129 0.099746 0.008293 0.715412
4 4 0.045307 0.115682 0.092808 0.006662 0.739541
4 4 0.047835 0.111646 0.084915 0.006468 0.749135
4 4 0.047755 0.118534 0.094260 0.007186 0.732266
4 4 0.056660 0.114582 0.081538 0.007523 0.739697
4 4 0.061473 0.122757 0.088631 0.009050 0.718090
4 4 0.075046 0.126510 0.097922 0.014747 0.685775
4 4 0.098780 0.132002 0.079008 0.014020 0.676189
4 4 0.086202 0.113277 0.065640 0.008996 0.725885
4 4 0.069018 0.103883 0.063789 0.006282 0.757028
4 4 0.074019 0.109495 0.066500 0.007857 0.742129
4 4 0.059988 0.097343 0.059868 0.005908 0.776893
4 4 0.082237 0.095039 0.050303 0.006022 0.766400
4 4 0.080353 0.094321 0.049044 0.006810 0.769472
4 4 0.077113 0.088570 0.045014 0.005931 0.783372
4 4 0.071312 0.089823 0.049780 0.004530 0.784554
4 4 0.080994 0.082853 0.041287 0.003976 0.790890
4 4 0.064031 0.095094 0.055845 0.005817 0.779213
4 4 0.063911 0.100339 0.061092 0.006475 0.768182
4 4 0.062149 0.127404 0.093535 0.009645 0.707267
4 4 0.071414 0.118314 0.076744 0.009239 0.724290
4 4 0.045901 0.095733 0.066559 0.004848 0.786959
4 4 0.047835 0.074130 0.042154 0.003289 0.832591
4 4 0.053159 0.073980 0.039845 0.003509 0.829507
4 4 0.053212 0.070289 0.036514 0.003241 0.836744
4 4 0.058928 0.085795 0.048686 0.004749 0.801841
4 4 0.061124 0.074160 0.037313 0.003858 0.823545
4 4 0.054729 0.084003 0.048737 0.004376 0.808156
4 4 0.062863 0.104381 0.066495 0.006480 0.759781
4 4 0.064548 0.135962 0.102782 0.011145 0.685563
4 4 0.068096 0.154433 0.125174 0.014782 0.637515
4 4 0.071459 0.162852 0.134257 0.017001 0.614432
4 4 0.068832 0.135526 0.098963 0.011542 0.685137
4 4 0.067644 0.109710 0.069224 0.007819 0.745604
4 4 0.066673 0.104705 0.064349 0.007152 0.757121
4 4 0.057566 0.098978 0.062885 0.005915 0.774655
4 4 0.056685 0.112994 0.079579 0.007344 0.743399
4 4 0.059549 0.149099 0.125878 0.012677 0.652797
4 4 0.057020 0.184548 0.196778 0.019856 0.541797
2 4 0.047377 0.178617 0.449461 0.029905 0.294641
2 4 0.047475 0.191168 0.393601 0.026824 0.340933
4 4 0.048914 0.178956 0.193221 0.016856 0.562053
4 4 0.044864 0.165519 0.175338 0.013425 0.600854
4 4 0.053653 0.145110 0.126518 0.011278 0.663442
4 4 0.042501 0.157266 0.164468 0.011649 0.624115
4 4 0.051006 0.180023 0.241204 0.018355 0.509412
4 4 0.054156 0.193654 0.317031 0.025369 0.409790
4 4 0.062848 0.182109 0.175296 0.020183 0.559564
4 4 0.056120 0.151309 0.133147 0.012599 0.646825
4 4 0.048872 0.119204 0.094078 0.007362 0.730484
4 4 0.050467 0.139481 0.121740 0.010061 0.678250
4 4 0.067146 0.154860 0.129770 0.014733 0.633491
4 4 0.095912 0.153234 0.307430 0.066209 0.377215
4 4 0.107594 0.163881 0.253878 0.060162 0.414485
4 4 0.101399 0.193227 0.261276 0.044280 0.399818
4 4 0.068276 0.182313 0.168381 0.021243 0.559787
4 4 0.054744 0.177436 0.207605 0.017942 0.542272
4 4 0.056932 0.176838 0.242307 0.018937 0.504986
4 4 0.049732 0.159766 0.176883 0.013266 0.600353
4 4 0.059647 0.184688 0.258924 0.021972 0.474769
4 4 0.076940 0.195268 0.272713 0.030496 0.424583
4 4 0.069038 0.194392 0.308663 0.029849 0.398058
2 4 0.084736 0.176685 0.406639 0.098924 0.233015
4 4 0.155395 0.225432 0.223376 0.033063 0.362734
4 4 0.040479 0.152108 0.158902 0.010564 0.637947
4 4 0.045156 0.171931 0.192070 0.014743 0.576099
2 4 0.047187 0.186360 0.384134 0.024456 0.357863
2 4 0.045086 0.180105 0.488176 0.030180 0.256454
2 4 0.042293 0.185566 0.479735 0.030227 0.262178
2 1 0.036265 0.183639 0.500116 0.028452 0.251528
2 1 0.034572 0.178898 0.534831 0.029774 0.221925
2 1 0.036405 0.180259 0.522658 0.029871 0.230806
2 1 0.034731 0.175342 0.564019 0.032900 0.193007
2 1 0.037303 0.184350 0.492345 0.025843 0.260160
2 1 0.032361 0.173094 0.570158 0.030909 0.193478
2 1 0.033605 0.171532 0.584118 0.033818 0.176927
2 1 0.025991 0.141133 0.698733 0.038378 0.095765
2 1 0.023180 0.120690 0.752425 0.044882 0.058824
2 1 0.016827 0.073589 0.821502 0.055809 0.032273
2 1 0.016874 0.065482 0.823234 0.065463 0.028947
2 1 0.020610 0.077204 0.790966 0.074402 0.036818
2 1 0.016591 0.068568 0.815065 0.066402 0.033375
2 1 0.016027 0.058803 0.828566 0.070436 0.026169
2 1 0.015471 0.048891 0.829956 0.084017 0.021665
2 2 0.011395 0.036436 0.827915 0.103360 0.020893
2 2 0.012229 0.030393 0.762393 0.172880 0.022104
2 2 0.012955 0.022667 0.673795 0.272339 0.018244
2 2 0.013025 0.020290 0.643103 0.307054 0.016528
2 2 0.010330 0.023412 0.767534 0.182278 0.016446
2 2 0.009904 0.035861 0.848708 0.085534 0.019992
2 2 0.009886 0.039581 0.865468 0.065892 0.019172
2 2 0.021091 0.069336 0.761809 0.104958 0.042806
2 2 0.032311 0.089634 0.673374 0.110687 0.093994
4 2 0.117752 0.184232 0.302796 0.070825 0.324395
4 2 0.164530 0.190303 0.157257 0.033963 0.453946
4 2 0.108466 0.170889 0.129747 0.014325 0.576574
4 2 0.066597 0.203545 0.298226 0.026707 0.404925
2 2 0.046825 0.154463 0.533481 0.051306 0.213925
2 0 0.039462 0.092471 0.637006 0.171870 0.059192
2 0 0.022398 0.077326 0.768879 0.090729 0.040668
2 1 0.016874 0.081112 0.818718 0.047751 0.035545
2 1 0.016599 0.081250 0.821040 0.041684 0.039426
2 1 0.010566 0.046943 0.865147 0.053521 0.023823
2 1 0.011129 0.040493 0.839951 0.084546 0.023882
2 2 0.009922 0.035401 0.845639 0.088767 0.020272
2 2 0.009265 0.035123 0.857326 0.077659 0.020626
2 2 0.010225 0.035779 0.840715 0.092598 0.020683
2 2 0.011687 0.041251 0.835496 0.088793 0.022773
2 2 0.010723 0.043928 0.854541 0.068301 0.022508
2 2 0.010765 0.042996 0.849736 0.073514 0.022990
2 2 0.009818 0.034086 0.859518 0.079752 0.016826
2 2 0.011690 0.031626 0.823117 0.116814 0.016753
2 2 0.014307 0.032510 0.785640 0.149767 0.017777
2 2 0.014459 0.032138 0.766692 0.167392 0.019320
2 2 0.012206 0.029270 0.798631 0.143322 0.016571
2 2 0.014986 0.031988 0.757762 0.175981 0.019282
2 2 0.011328 0.027938 0.801348 0.142931 0.016455
2 2 0.011786 0.032611 0.813066 0.123690 0.018847
2 2 0.012317 0.041577 0.832312 0.091504 0.022290
2 2 0.014313 0.045575 0.818978 0.097257 0.023876
2 2 0.011301 0.036871 0.842525 0.090417 0.018886
2 2 0.012631 0.034737 0.813190 0.120244 0.019198
2 2 0.015713 0.035122 0.750295 0.176486 0.022384
2 2 0.014538 0.032204 0.741401 0.189662 0.022195
2 2 0.016676 0.035086 0.688273 0.231583 0.028382
2 2 0.017938 0.035610 0.663879 0.252885 0.029688
2 2 0.016892 0.026721 0.563660 0.365145 0.027581
3 2 0.013851 0.018147 0.454318 0.489590 0.024093
3 2 0.012701 0.015225 0.396460 0.552639 0.022975
3 2 0.012638 0.014808 0.424416 0.528306 0.019831
2 2 0.012751 0.017528 0.516215 0.433313 0.020193
2 2 0.013623 0.020407 0.557904 0.386310 0.021756
2 2 0.011598 0.017064 0.533168 0.417802 0.020368
2 2 0.010560 0.016921 0.539940 0.410525 0.022053
2 2 0.011709 0.018597 0.539303 0.406971 0.023420
2 2 0.010992 0.018529 0.596595 0.353377 0.020507
2 2 0.011509 0.019478 0.595176 0.352359 0.021478
2 2 0.009899 0.013144 0.509176 0.451849 0.015932
3 2 0.009649 0.011508 0.416944 0.544752 0.017147
3 2 0.008838 0.010726 0.400312 0.562543 0.017580
3 2 0.011952 0.014427 0.422354 0.530919 0.020348
2 3 0.014454 0.024327 0.553817 0.378413 0.028989
2 3 0.016889 0.030263 0.611684 0.311887 0.029277
2 3 0.022945 0.044226 0.627558 0.267359 0.037912
2 3 0.017096 0.039279 0.679161 0.229387 0.035076
2 3 0.015559 0.035185 0.686155 0.231722 0.031379
2 3 0.014032 0.027165 0.659864 0.274142 0.024797
2 3 0.013251 0.024752 0.667213 0.273157 0.021628
2 3 0.012757 0.024716 0.702009 0.241100 0.019419
2 3 0.012685 0.029463 0.753186 0.183638 0.021028
2 3 0.012760 0.031401 0.742675 0.188389 0.024774
2 3 0.014691 0.026137 0.637435 0.297913 0.023824
3 3 0.013913 0.016467 0.406794 0.539686 0.023140
3 3 0.010398 0.013025 0.354598 0.596980 0.024998
3 3 0.008859 0.011282 0.343177 0.612877 0.023805
3 3 0.011040 0.013792 0.354731 0.594418 0.026018
3 3 0.017188 0.021864 0.309652 0.606980 0.044316
3 3 0.034895 0.045478 0.284224 0.505314 0.130089
3 2 0.059849 0.076457 0.272005 0.341883 0.249806
