0 0 0.990958 0.008240 0.000044 0.000183 0.000575
0 0 0.985297 0.013039 0.000113 0.000419 0.001132
0 0 0.981028 0.016534 0.000184 0.000646 0.001607
0 0 0.987660 0.011061 0.000080 0.000311 0.000888
0 0 0.966796 0.027591 0.000536 0.001644 0.003434
0 0 0.927890 0.054528 0.002266 0.005796 0.009520
0 0 0.816419 0.110259 0.010507 0.013771 0.049043
0 0 0.743804 0.132648 0.016500 0.015550 0.091498
0 0 0.795055 0.108503 0.010042 0.008839 0.077561
0 0 0.829722 0.101615 0.008630 0.010288 0.049745
0 0 0.822928 0.103485 0.008991 0.010121 0.054475
0 0 0.863051 0.080127 0.004949 0.004869 0.047004
0 0 0.814332 0.101887 0.008635 0.008043 0.067103
0 0 0.691823 0.169218 0.027408 0.016604 0.094948
0 0 0.538628 0.245710 0.071571 0.026328 0.117763
0 0 0.390811 0.287974 0.133828 0.035057 0.152330
0 0 0.431205 0.280208 0.117722 0.039975 0.130890
0 0 0.460370 0.262776 0.098525 0.038183 0.140146
0 0 0.530740 0.224425 0.064071 0.032491 0.148274
0 0 0.528533 0.236853 0.070455 0.032517 0.131641
0 0 0.602723 0.207411 0.047479 0.025119 0.117267
0 0 0.615891 0.208620 0.046947 0.025759 0.102782
0 0 0.589322 0.215402 0.051727 0.024635 0.118914
0 0 0.635193 0.171585 0.031318 0.018575 0.143329
0 0 0.639064 0.149348 0.023889 0.015156 0.172544
0 0 0.418885 0.236719 0.085101 0.022562 0.236733
0 0 0.414764 0.282411 0.120119 0.030506 0.152199
0 0 0.399688 0.295696 0.135080 0.031746 0.137791
0 0 0.447880 0.270797 0.103404 0.029792 0.148128
0 0 0.510980 0.232565 0.069099 0.026703 0.160653
0 0 0.606880 0.189308 0.039896 0.022759 0.141157
0 0 0.591542 0.203947 0.047088 0.025067 0.132355
0 0 0.555246 0.215101 0.054936 0.024415 0.150302
0 0 0.485620 0.242729 0.079484 0.030362 0.161804
0 0 0.488130 0.249068 0.083603 0.033686 0.145513
0 0 0.635997 0.196891 0.043489 0.042015 0.081608
0 0 0.708907 0.145150 0.020898 0.019166 0.105879
0 0 0.818642 0.092747 0.006918 0.005259 0.076433
0 0 0.702356 0.121632 0.013907 0.007812 0.154294
0 0 0.726501 0.129740 0.015807 0.011978 0.115974
0 0 0.698974 0.131439 0.016671 0.010844 0.142072
0 0 0.742750 0.127473 0.015007 0.012372 0.102398
0 0 0.761810 0.128996 0.015337 0.016067 0.077790
0 0 0.837673 0.099039 0.008148 0.010328 0.044812
0 0 0.849478 0.094179 0.007272 0.009780 0.039291
0 0 0.822206 0.107159 0.009814 0.012693 0.048128
0 1 0.765990 0.139079 0.017564 0.018384 0.058984
0 1 0.630629 0.155735 0.026600 0.017921 0.169115
0 1 0.529088 0.163733 0.034708 0.017847 0.254623
0 2 0.521628 0.159211 0.032994 0.015718 0.270449
0 2 0.438473 0.156391 0.037502 0.014369 0.353265
4 2 0.260879 0.158294 0.062273 0.013211 0.505343
4 2 0.214783 0.213168 0.129186 0.016474 0.426389
4 2 0.113329 0.232851 0.275809 0.018128 0.359883
2 2 0.073225 0.228807 0.402257 0.019660 0.276052
2 2 0.058366 0.189765 0.539667 0.025342 0.186860
2 2 0.055760 0.170003 0.609933 0.033954 0.130349
2 2 0.046635 0.143888 0.679792 0.035229 0.094456
2 2 0.031702 0.118861 0.756312 0.023825 0.069300
2 2 0.041128 0.130387 0.721057 0.032321 0.075107
2 2 0.064192 0.154547 0.638986 0.035356 0.106919
2 2 0.217955 0.275188 0.297228 0.037644 0.171984
2 2 0.166297 0.274463 0.378576 0.044284 0.136380
2 2 0.058757 0.176479 0.647518 0.034429 0.082817
2 2 0.034678 0.116100 0.757211 0.032411 0.059601
2 2 0.014766 0.053449 0.883544 0.019499 0.028741
2 2 0.012256 0.042000 0.903035 0.019164 0.023544
2 2 0.013964 0.043323 0.894090 0.023508 0.025116
2 2 0.011597 0.034972 0.910303 0.022249 0.020879
2 2 0.013759 0.038564 0.886449 0.040518 0.020710
2 2 0.016456 0.038942 0.852785 0.071211 0.020605
2 2 0.016819 0.037710 0.829517 0.096954 0.019001
2 2 0.016768 0.037106 0.844126 0.082066 0.019933
2 2 0.013028 0.033107 0.861281 0.076737 0.015847
2 2 0.023534 0.054572 0.774187 0.122459 0.025250
2 2 0.028474 0.062983 0.659993 0.223614 0.024936
2 3 0.043969 0.081901 0.453240 0.391209 0.029681
3 3 0.032404 0.064690 0.438865 0.442871 0.021171
3 3 0.037042 0.072189 0.414401 0.452434 0.023935
3 3 0.038284 0.074198 0.399668 0.463431 0.024420
3 3 0.044584 0.081753 0.397785 0.447030 0.028848
3 3 0.045752 0.086227 0.369810 0.469311 0.028901
3 3 0.042524 0.081759 0.375900 0.473007 0.026809
3 3 0.042552 0.084522 0.351011 0.495723 0.026194
3 3 0.042630 0.081366 0.380707 0.468292 0.027006
3 3 0.037401 0.074430 0.386094 0.478575 0.023500
3 3 0.050657 0.088746 0.367210 0.464668 0.028719
3 3 0.103642 0.139624 0.269406 0.443814 0.043514
3 3 0.081897 0.131516 0.251935 0.497160 0.037493
3 3 0.078052 0.136414 0.221478 0.527578 0.036478
3 3 0.081376 0.147102 0.205125 0.525771 0.040627
3 3 0.068905 0.135866 0.195124 0.566460 0.033644
3 3 0.055307 0.118147 0.215297 0.582162 0.029088
3 3 0.042198 0.097103 0.242972 0.594511 0.023216
3 3 0.043424 0.100612 0.230660 0.601684 0.023621
3 3 0.033809 0.087388 0.215486 0.645656 0.017662
3 3 0.031695 0.082732 0.223987 0.644950 0.016636
3 3 0.033791 0.090458 0.191675 0.666941 0.017136
3 3 0.039435 0.102941 0.173569 0.664275 0.019780
3 3 0.035116 0.096237 0.168168 0.683175 0.017305
3 3 0.041038 0.105328 0.175403 0.657520 0.020710
3 3 0.060672 0.128705 0.182248 0.599495 0.028879
3 3 0.084549 0.149503 0.178998 0.551600 0.035349
3 3 0.070131 0.136123 0.175682 0.588620 0.029443
3 3 0.057749 0.126201 0.184295 0.603122 0.028632
3 3 0.061054 0.128361 0.179249 0.603384 0.027952
3 3 0.061815 0.129597 0.181209 0.598498 0.028881
3 3 0.054879 0.120758 0.173961 0.626022 0.024381
3 3 0.072882 0.138581 0.175573 0.582736 0.030229
3 3 0.057437 0.122770 0.171356 0.624129 0.024308
3 3 0.064374 0.128714 0.167935 0.613869 0.025108
3 3 0.069532 0.131791 0.161774 0.612496 0.024407
3 3 0.051938 0.115658 0.165768 0.645416 0.021219
3 3 0.040918 0.101641 0.159198 0.681372 0.016870
3 3 0.040369 0.102580 0.166417 0.672278 0.018355
3 3 0.054968 0.119307 0.167634 0.635561 0.022531
3 3 0.067515 0.131348 0.166802 0.608775 0.025561
3 3 0.074296 0.139371 0.173845 0.582506 0.029982
1 3 0.222227 0.228636 0.206060 0.209053 0.134024
3 3 0.170520 0.218691 0.212556 0.279069 0.119164
3 3 0.145108 0.175139 0.209451 0.415954 0.054348
3 3 0.207404 0.221403 0.178973 0.281545 0.110675
3 3 0.059902 0.132759 0.194273 0.579376 0.033691
3 3 0.067039 0.131811 0.170165 0.604411 0.026573
3 3 0.117713 0.169956 0.165647 0.507505 0.039179
3 3 0.104275 0.158063 0.158222 0.547867 0.031572
3 3 0.086094 0.147474 0.167568 0.568035 0.030828
3 3 0.091048 0.151275 0.167291 0.558298 0.032088
3 3 0.083923 0.146778 0.171170 0.566410 0.031718
3 3 0.072840 0.138854 0.176741 0.580894 0.030671
3 3 0.050385 0.116136 0.174889 0.635241 0.023348
3 3 0.038519 0.101553 0.172481 0.668196 0.019251
3 3 0.033147 0.093039 0.165459 0.692161 0.016194
3 3 0.031556 0.089843 0.160432 0.703383 0.014786
3 3 0.035576 0.096499 0.166471 0.684383 0.017070
3 3 0.057077 0.120909 0.165411 0.634169 0.022434
3 3 0.078883 0.139633 0.160966 0.594115 0.026403
3 3 0.106394 0.156424 0.149292 0.559712 0.028178
3 3 0.130662 0.171759 0.149262 0.514586 0.033731
3 3 0.109718 0.160409 0.154225 0.544550 0.031098
3 3 0.129650 0.173326 0.155046 0.505392 0.036585
3 3 0.111308 0.162411 0.156922 0.536608 0.032751
3 3 0.126445 0.170478 0.152567 0.516098 0.034413
3 3 0.094947 0.148593 0.149893 0.580607 0.025959
3 3 0.106272 0.156484 0.149693 0.559233 0.028319
3 3 0.160430 0.184327 0.140321 0.479046 0.035876
3 3 0.195893 0.197511 0.133402 0.433112 0.040082
3 3 0.266329 0.214501 0.117504 0.355858 0.045807
3 3 0.269702 0.217100 0.120496 0.342566 0.050136
3 3 0.213171 0.205030 0.134539 0.401397 0.045863
3 3 0.236365 0.212902 0.133279 0.365046 0.052407
3 3 0.266407 0.219202 0.126570 0.331614 0.056207
3 3 0.203877 0.204465 0.141419 0.401242 0.048997
3 3 0.168887 0.191150 0.146594 0.451160 0.042208
3 3 0.154447 0.182694 0.143675 0.482752 0.036432
3 3 0.139653 0.177866 0.151640 0.493510 0.037331
3 3 0.166871 0.191660 0.150254 0.446971 0.044243
3 3 0.246854 0.214279 0.128822 0.358657 0.051389
0 3 0.325905 0.224948 0.109243 0.283001 0.056904
0 3 0.330157 0.225291 0.108300 0.278960 0.057292
0 3 0.398000 0.227288 0.093497 0.217405 0.063809
0 3 0.463551 0.222319 0.077599 0.172166 0.064365
0 3 0.531209 0.211644 0.061333 0.136558 0.059257
0 3 0.550760 0.207821 0.057324 0.124739 0.059355
0 3 0.620317 0.190614 0.043378 0.088944 0.056747
0 3 0.603209 0.195034 0.047338 0.091149 0.063271
0 3 0.494065 0.218392 0.070872 0.151074 0.065598
0 3 0.412706 0.226220 0.089051 0.210020 0.062004
3 3 0.299486 0.222554 0.115793 0.306775 0.055392
3 3 0.284603 0.219135 0.116505 0.329103 0.050655
0 3 0.322642 0.224918 0.110437 0.284662 0.057341
0 3 0.337807 0.226831 0.108483 0.265604 0.061275
3 3 0.296784 0.222175 0.116326 0.309685 0.055030
3 3 0.295861 0.222441 0.117274 0.308458 0.055966
0 3 0.381592 0.226625 0.095613 0.237046 0.059125
0 3 0.451626 0.223665 0.080547 0.179387 0.064775
0 3 0.409602 0.226824 0.090681 0.208714 0.064180
0 3 0.308000 0.232934 0.125271 0.252982 0.080813
3 3 0.261943 0.223567 0.132418 0.318212 0.063860
0 3 0.297125 0.233922 0.131712 0.248534 0.088707
0 3 0.435814 0.211226 0.081646 0.063445 0.207869
0 3 0.300687 0.227752 0.134847 0.047533 0.289180
0 2 0.382068 0.257406 0.168071 0.039553 0.152903
0 2 0.592903 0.179604 0.043275 0.035961 0.148257
0 1 0.820529 0.114485 0.011774 0.023550 0.029661
1 2 0.307346 0.325485 0.208459 0.038214 0.120496
1 2 0.187817 0.290646 0.281821 0.046521 0.193195
4 2 0.060455 0.129524 0.328917 0.018629 0.462474
4 2 0.063381 0.147823 0.283036 0.016095 0.489665
4 2 0.061920 0.152158 0.377531 0.019660 0.388730
2 2 0.056483 0.134619 0.483674 0.024172 0.301053
2 2 0.052060 0.131534 0.525139 0.023204 0.268062
2 2 0.043944 0.129449 0.582831 0.016614 0.227162
2 2 0.057702 0.188110 0.413085 0.014728 0.326375
4 2 0.052246 0.176627 0.325095 0.010116 0.435917
2 2 0.048772 0.190544 0.392716 0.009950 0.358019
4 2 0.044494 0.169910 0.339787 0.007604 0.438204
2 2 0.048778 0.192475 0.400122 0.010100 0.348524
2 2 0.047582 0.157778 0.442226 0.012593 0.339821
2 2 0.037777 0.128097 0.618392 0.015452 0.200281
2 2 0.045095 0.132364 0.519216 0.016160 0.287165
2 2 0.055355 0.132221 0.422334 0.019487 0.370603
4 2 0.070259 0.128088 0.338025 0.027318 0.436310
2 2 0.073004 0.126451 0.385957 0.034885 0.379703
2 2 0.083019 0.141993 0.373769 0.045747 0.355472
4 2 0.094228 0.156074 0.303855 0.042506 0.403337
4 2 0.121560 0.172653 0.270488 0.087917 0.347382
4 2 0.119631 0.166396 0.277246 0.087555 0.349173
4 2 0.120277 0.169919 0.272488 0.075136 0.362181
4 2 0.118123 0.168670 0.216198 0.042540 0.454469
0 2 0.405816 0.261954 0.134314 0.065885 0.132032
0 2 0.721295 0.153558 0.024125 0.034520 0.066503
0 0 0.933246 0.051046 0.001967 0.005123 0.008618
0 1 0.723772 0.185993 0.030375 0.017449 0.042412
0 1 0.398504 0.331885 0.157400 0.023706 0.088505
2 2 0.160868 0.234985 0.324887 0.043248 0.236011
4 1 0.094199 0.156861 0.280874 0.037286 0.430779
2 2 0.130459 0.176716 0.337724 0.058138 0.296964
4 2 0.242655 0.209192 0.222341 0.061620 0.264192
2 2 0.257961 0.210936 0.263978 0.055664 0.211460
0 1 0.247936 0.245493 0.225475 0.034467 0.246629
4 1 0.228103 0.254856 0.228827 0.031519 0.256696
2 2 0.211321 0.219033 0.331530 0.049330 0.188785
4 2 0.249928 0.193584 0.201022 0.047709 0.307758
0 2 0.323796 0.189654 0.140511 0.050679 0.295360
4 2 0.292302 0.175892 0.123891 0.034753 0.373163
4 2 0.207306 0.169779 0.153450 0.030064 0.439401
4 2 0.142496 0.148992 0.120939 0.019271 0.568302
4 2 0.128684 0.142949 0.106539 0.019697 0.602131
4 2 0.194219 0.175340 0.156041 0.037476 0.436924
4 2 0.285251 0.200778 0.147825 0.060378 0.305768
0 2 0.312518 0.198419 0.164023 0.059990 0.265050
0 2 0.456891 0.200780 0.080760 0.055149 0.206419
0 2 0.361654 0.208075 0.136994 0.063275 0.230002
0 2 0.335778 0.196426 0.128207 0.063158 0.276430
0 2 0.361979 0.206547 0.083004 0.038659 0.309811
4 2 0.168483 0.263574 0.250165 0.028926 0.288852
2 2 0.094753 0.248178 0.381470 0.028309 0.247290
2 2 0.048130 0.187706 0.527564 0.015141 0.221459
2 2 0.048589 0.173435 0.564052 0.018713 0.195211
2 2 0.034612 0.108172 0.750175 0.038936 0.068104
2 2 0.016334 0.072171 0.858474 0.014663 0.038358
2 2 0.019006 0.067240 0.844290 0.018275 0.051188
2 2 0.021566 0.070570 0.837256 0.023992 0.046616
2 2 0.028180 0.087613 0.792727 0.027326 0.064154
2 2 0.030698 0.081620 0.793428 0.038467 0.055787
2 2 0.035683 0.088826 0.764906 0.042362 0.068223
2 2 0.039219 0.092532 0.750496 0.049035 0.068718
2 2 0.040832 0.096584 0.723675 0.040562 0.098348
2 2 0.045681 0.107193 0.693348 0.041959 0.111819
2 2 0.041283 0.099222 0.725637 0.048853 0.085005
2 2 0.055071 0.120907 0.657292 0.074491 0.092238
2 2 0.043287 0.099202 0.722299 0.070349 0.064863
2 2 0.043307 0.091058 0.742886 0.071886 0.050864
2 2 0.113139 0.142309 0.578284 0.085435 0.080834
0 1 0.406446 0.284755 0.134738 0.061839 0.112222
2 2 0.155032 0.306939 0.353740 0.034536 0.149752
2 2 0.073916 0.236540 0.520866 0.034698 0.133979
2 2 0.062467 0.203411 0.520786 0.026807 0.186530
2 2 0.057224 0.140720 0.625197 0.043801 0.133057
2 2 0.070603 0.139040 0.617242 0.065620 0.107495
2 2 0.148453 0.183536 0.364489 0.088443 0.215079
0 1 0.356784 0.238547 0.113565 0.059337 0.231766
2 2 0.155893 0.259599 0.277585 0.046578 0.260345
2 2 0.108483 0.230789 0.382059 0.042196 0.236472
2 2 0.068546 0.173599 0.480628 0.031540 0.245687
2 2 0.075051 0.208091 0.411631 0.027245 0.277982
2 2 0.068738 0.199026 0.509380 0.032967 0.189889
2 2 0.079309 0.218599 0.502093 0.036188 0.163811
2 2 0.099313 0.198430 0.437319 0.062912 0.202027
2 2 0.105395 0.187411 0.392342 0.067180 0.247672
2 2 0.182375 0.208358 0.273559 0.137191 0.198518
4 2 0.221259 0.201585 0.172977 0.083019 0.321161
4 2 0.174139 0.212665 0.187494 0.096451 0.329250
4 2 0.147847 0.218378 0.226097 0.081735 0.325944
4 2 0.151911 0.217185 0.233427 0.122608 0.274869
2 2 0.170792 0.226600 0.253168 0.171066 0.178373
2 2 0.081426 0.131123 0.490447 0.217226 0.079779
2 2 0.069395 0.125557 0.616415 0.113745 0.074887
2 2 0.029981 0.069919 0.794876 0.065500 0.039725
2 2 0.031927 0.069677 0.790948 0.063318 0.044129
2 2 0.109547 0.136023 0.555520 0.115043 0.083867
2 2 0.227240 0.201527 0.316334 0.107683 0.147216
2 2 0.165726 0.205260 0.331677 0.069405 0.227932
2 2 0.087747 0.160985 0.461626 0.057548 0.232095
2 2 0.086742 0.146945 0.524559 0.109044 0.132709
2 2 0.092462 0.117109 0.517976 0.195905 0.076548
2 2 0.176609 0.151344 0.350257 0.238433 0.083357
0 2 0.321440 0.194040 0.239302 0.146642 0.098577
0 2 0.450510 0.228433 0.147837 0.054878 0.118341
0 2 0.789481 0.125995 0.014624 0.022679 0.047221
0 2 0.760215 0.158131 0.022089 0.019755 0.039810
1 2 0.216303 0.337700 0.286868 0.020996 0.138133
2 2 0.143111 0.303149 0.355247 0.022820 0.175672
2 2 0.047259 0.151719 0.605484 0.022591 0.172947
2 2 0.035171 0.117349 0.702824 0.020587 0.124070
2 2 0.022225 0.076665 0.827182 0.021824 0.052105
2 2 0.020338 0.072739 0.841351 0.021131 0.044440
2 2 0.021366 0.069179 0.843452 0.026659 0.039344
2 2 0.031183 0.086016 0.790893 0.038629 0.053279
2 2 0.030971 0.080932 0.791813 0.038830 0.057455
2 2 0.024200 0.066657 0.830387 0.032754 0.046002
2 2 0.021463 0.060281 0.846979 0.030539 0.040738
2 2 0.023926 0.057117 0.839355 0.044093 0.035509
2 2 0.022932 0.054465 0.844639 0.042438 0.035525
2 2 0.026816 0.060811 0.824111 0.049980 0.038282
2 2 0.031187 0.076934 0.796443 0.045109 0.050326
2 2 0.043024 0.100039 0.734291 0.055064 0.067581
2 2 0.040311 0.097541 0.743963 0.048656 0.069529
2 2 0.030617 0.073141 0.800023 0.052673 0.043546
2 2 0.026013 0.068956 0.824469 0.040169 0.040393
2 2 0.028984 0.081655 0.802254 0.035995 0.051113
2 2 0.024703 0.072057 0.825420 0.031201 0.046619
2 2 0.021783 0.066531 0.841221 0.027404 0.043061
2 2 0.030819 0.082859 0.790237 0.036726 0.059359
2 2 0.035372 0.085703 0.755276 0.071211 0.052438
2 2 0.042026 0.103683 0.711524 0.077656 0.065111
2 2 0.028667 0.070948 0.778017 0.086782 0.035586
2 2 0.030100 0.067787 0.763142 0.104709 0.034262
2 2 0.027323 0.063731 0.782149 0.094684 0.032113
2 2 0.026690 0.062816 0.786570 0.092298 0.031625
2 2 0.025168 0.064554 0.818138 0.057256 0.034883
2 2 0.025886 0.071100 0.824204 0.037650 0.041159
2 2 0.015547 0.047351 0.884229 0.025455 0.027418
2 2 0.018419 0.051774 0.868236 0.030954 0.030617
2 2 0.020595 0.052118 0.852872 0.043809 0.030605
2 2 0.022960 0.052843 0.807071 0.089986 0.027140
2 2 0.033272 0.067831 0.726239 0.138343 0.034314
2 2 0.041682 0.088356 0.663753 0.165229 0.040980
2 2 0.049909 0.093837 0.540750 0.275197 0.040307
2 2 0.044905 0.084972 0.528842 0.306591 0.034691
2 2 0.062109 0.109601 0.501313 0.272939 0.054038
2 3 0.046456 0.100196 0.584481 0.227993 0.040874
2 3 0.055561 0.109092 0.543794 0.244326 0.047228
2 3 0.062465 0.123367 0.504824 0.257342 0.052001
2 3 0.048499 0.089290 0.463367 0.364143 0.034702
3 3 0.045027 0.080575 0.412927 0.431880 0.029591
2 3 0.083161 0.108163 0.407665 0.352017 0.048993
2 3 0.075942 0.132464 0.440263 0.292292 0.059040
2 3 0.065271 0.128490 0.601628 0.136342 0.068270
2 3 0.066005 0.135447 0.626827 0.093286 0.078435
2 3 0.031765 0.081037 0.793770 0.045867 0.047562
2 3 0.017361 0.047294 0.864631 0.045162 0.025552
2 2 0.022631 0.053057 0.835314 0.058325 0.030673
2 2 0.018255 0.042274 0.851566 0.064218 0.023687
2 2 0.020223 0.045196 0.839660 0.069249 0.025672
2 2 0.020189 0.051522 0.841764 0.059158 0.027366
2 2 0.019959 0.054475 0.847549 0.049156 0.028862
2 3 0.018809 0.055857 0.846423 0.051976 0.026935
2 3 0.024031 0.066866 0.815533 0.060586 0.032984
2 3 0.027714 0.065752 0.766323 0.108989 0.031222
2 3 0.042755 0.082923 0.699747 0.129348 0.045226
2 3 0.044884 0.086315 0.646943 0.179349 0.042509
2 3 0.052903 0.097936 0.626000 0.172419 0.050742
2 3 0.051969 0.101970 0.610123 0.186275 0.049663
2 3 0.061047 0.109036 0.595102 0.171600 0.063214
2 3 0.054836 0.102437 0.569589 0.225310 0.047828
2 3 0.059118 0.109925 0.572344 0.205264 0.053348
2 3 0.063910 0.135133 0.641447 0.079316 0.080194
2 3 0.053943 0.133605 0.604074 0.152862 0.055517
2 3 0.126237 0.199900 0.501081 0.074406 0.098375
0 3 0.335609 0.311515 0.194464 0.049040 0.109372
0 3 0.833531 0.112272 0.010716 0.017228 0.026254
0 1 0.677255 0.217766 0.042164 0.015373 0.047442
1 2 0.201412 0.355189 0.325468 0.018310 0.099621
2 2 0.071730 0.240105 0.574542 0.022256 0.091368
2 2 0.023179 0.084376 0.820115 0.021935 0.050395
2 2 0.018431 0.063205 0.856011 0.020817 0.041536
2 2 0.022694 0.088153 0.803743 0.016445 0.068965
2 2 0.022144 0.087841 0.814386 0.017437 0.058192
2 2 0.028718 0.110919 0.767170 0.020240 0.072953
2 2 0.031918 0.108725 0.759039 0.025394 0.074924
2 2 0.038951 0.129854 0.672222 0.021177 0.137797
2 2 0.038927 0.140381 0.522316 0.011105 0.287271
4 4 0.046643 0.144476 0.245224 0.007363 0.556294
4 4 0.057814 0.149257 0.223407 0.010747 0.558776
4 4 0.056998 0.137601 0.195204 0.010177 0.600020
4 4 0.054563 0.138459 0.203517 0.009455 0.594007
4 4 0.050228 0.133875 0.203165 0.008106 0.604626
4 4 0.043810 0.112650 0.164644 0.006125 0.672770
4 4 0.041568 0.099802 0.137921 0.005487 0.715222
4 4 0.028386 0.070518 0.097751 0.002745 0.800600
4 4 0.030153 0.071105 0.095085 0.003056 0.800601
4 4 0.035237 0.082570 0.110885 0.004041 0.767268
4 4 0.031963 0.053756 0.055918 0.003433 0.854931
4 4 0.080390 0.132193 0.140824 0.016512 0.630081
4 4 0.281608 0.161290 0.061714 0.016764 0.478624
0 4 0.681562 0.134379 0.017849 0.011057 0.155152
0 4 0.734409 0.135791 0.017534 0.016272 0.095994
0 4 0.538114 0.169475 0.036992 0.021051 0.234368
4 4 0.346285 0.146512 0.041220 0.012411 0.453572
4 4 0.045011 0.040158 0.021580 0.001375 0.891876
4 4 0.118048 0.070564 0.025971 0.002804 0.782613
4 4 0.100912 0.074548 0.034738 0.004035 0.785768
4 4 0.379449 0.152485 0.041015 0.013710 0.413341
0 4 0.714767 0.135359 0.017616 0.013693 0.118565
0 0 0.916321 0.059701 0.002668 0.004671 0.016639
0 0 0.941452 0.045586 0.001545 0.004149 0.007268
0 0 0.865017 0.091386 0.007045 0.015546 0.021006
0 0 0.809700 0.130104 0.014248 0.016361 0.029587
0 0 0.815341 0.109850 0.010293 0.012030 0.052486
4 0 0.313988 0.232793 0.099280 0.010625 0.343314
1 1 0.204036 0.283778 0.218097 0.014736 0.279353
4 1 0.135743 0.228951 0.225043 0.016986 0.393278
4 1 0.176669 0.230525 0.180738 0.018957 0.393111
4 1 0.147696 0.234254 0.222416 0.021088 0.374546
4 1 0.160836 0.233200 0.207350 0.024073 0.374542
4 1 0.187998 0.224771 0.167671 0.023364 0.396196
0 1 0.463476 0.224670 0.068930 0.019031 0.223893
0 1 0.859189 0.080188 0.004946 0.004539 0.051138
0 0 0.970777 0.024092 0.000394 0.000979 0.003759
0 0 0.862239 0.085886 0.005729 0.006055 0.040091
0 0 0.647010 0.182624 0.032705 0.013195 0.124466
4 1 0.111922 0.091117 0.048274 0.007071 0.741617
4 1 0.077495 0.122947 0.121504 0.010772 0.667283
4 1 0.063639 0.120235 0.138177 0.009549 0.668400
4 2 0.060114 0.160247 0.246837 0.011882 0.520920
4 2 0.059073 0.168674 0.274046 0.011899 0.486309
4 2 0.059693 0.173288 0.285618 0.012337 0.469064
4 2 0.063181 0.174757 0.278577 0.013630 0.469855
4 2 0.063884 0.187898 0.315304 0.014742 0.418172
4 2 0.058431 0.194092 0.356684 0.013291 0.377502
2 2 0.050057 0.193806 0.397750 0.010582 0.347805
2 2 0.046560 0.203527 0.460110 0.010539 0.279264
2 2 0.048129 0.213623 0.493209 0.012410 0.232629
2 2 0.035155 0.163831 0.607930 0.010713 0.182371
2 2 0.029613 0.139125 0.673198 0.010501 0.147564
2 2 0.027787 0.131079 0.685047 0.009891 0.146196
2 2 0.040783 0.173029 0.563297 0.012300 0.210591
2 2 0.038957 0.162053 0.599163 0.013234 0.186593
2 2 0.039475 0.161308 0.596446 0.013537 0.189234
2 2 0.025758 0.114920 0.745919 0.012556 0.100847
2 2 0.023087 0.106847 0.769595 0.011743 0.088726
2 2 0.018355 0.092983 0.806324 0.009560 0.072779
2 2 0.022086 0.104811 0.778894 0.011421 0.082787
2 2 0.019895 0.097518 0.794041 0.010275 0.078272
2 2 0.020665 0.106346 0.781826 0.009875 0.081287
2 2 0.021354 0.105068 0.779474 0.010540 0.083564
2 2 0.025088 0.116746 0.738360 0.011104 0.108703
2 2 0.028597 0.120321 0.733846 0.014711 0.102526
2 2 0.030619 0.126334 0.730292 0.016793 0.095962
2 2 0.027790 0.118007 0.749317 0.015475 0.089411
2 2 0.018029 0.078896 0.842968 0.014822 0.045285
2 2 0.013197 0.057097 0.886757 0.014360 0.028589
2 2 0.015266 0.060231 0.875891 0.017569 0.031043
2 2 0.014619 0.057904 0.879302 0.016525 0.031650
2 2 0.015862 0.062291 0.867548 0.016231 0.038069
2 2 0.014098 0.057779 0.878617 0.014401 0.035106
2 2 0.016884 0.067694 0.858152 0.016161 0.041109
2 2 0.015837 0.058858 0.871633 0.017843 0.035829
2 2 0.015368 0.055194 0.878133 0.019160 0.032145
2 2 0.015834 0.051505 0.879886 0.023036 0.029739
2 2 0.021474 0.059295 0.850182 0.034195 0.034853
2 2 0.022334 0.057219 0.842975 0.044170 0.033303
2 2 0.020836 0.051030 0.846132 0.052868 0.029134
2 2 0.023699 0.056485 0.820779 0.068310 0.030727
2 2 0.017543 0.045606 0.856367 0.056504 0.023980
2 2 0.018342 0.044973 0.858544 0.052643 0.025497
2 2 0.018667 0.049089 0.866162 0.034943 0.031140
2 2 0.018415 0.047738 0.865841 0.039825 0.028181
2 2 0.031828 0.080408 0.778289 0.067116 0.042358
2 2 0.051159 0.111890 0.673776 0.094607 0.068568
2 2 0.047530 0.106483 0.650347 0.146537 0.049104
2 3 0.036902 0.076449 0.644491 0.208961 0.033197
2 3 0.039524 0.076751 0.635695 0.212897 0.035133
2 3 0.032693 0.065014 0.654948 0.218678 0.028667
2 3 0.028387 0.056344 0.672308 0.218209 0.024752
2 3 0.032518 0.063908 0.585403 0.292685 0.025487
2 3 0.052238 0.090148 0.442512 0.378626 0.036477
3 3 0.051567 0.094553 0.355126 0.466206 0.032548
3 3 0.064231 0.113860 0.313321 0.468657 0.039931
3 3 0.066468 0.117813 0.302836 0.471829 0.041054
3 3 0.063226 0.109930 0.332095 0.454756 0.039993
3 3 0.052282 0.097926 0.335265 0.482120 0.032407
3 3 0.047202 0.086279 0.383536 0.452662 0.030320
3 3 0.048713 0.089831 0.367728 0.462803 0.030925
3 3 0.050019 0.089345 0.383483 0.444811 0.032342
3 3 0.066004 0.110988 0.343386 0.437128 0.042494
2 3 0.096268 0.159811 0.509778 0.110616 0.123528
2 3 0.088811 0.186626 0.381067 0.246987 0.096508
2 3 0.043267 0.104215 0.570759 0.244285 0.037474
2 3 0.091153 0.172488 0.508955 0.132626 0.094778
3 3 0.068344 0.127118 0.292780 0.464234 0.047524
3 3 0.074370 0.137950 0.277953 0.456079 0.053649
3 3 0.067921 0.124883 0.285644 0.477751 0.043801
3 3 0.077399 0.134825 0.267665 0.473121 0.046990
3 3 0.078371 0.138225 0.255287 0.481118 0.046998
3 3 0.103422 0.167601 0.217326 0.451738 0.059913
3 3 0.108893 0.169372 0.212642 0.450986 0.058107
3 3 0.084536 0.156838 0.205512 0.503527 0.049587
3 3 0.082535 0.159542 0.214119 0.488662 0.055142
3 3 0.123810 0.191332 0.248100 0.319380 0.117377
2 3 0.091271 0.182429 0.480549 0.112610 0.133141
2 3 0.042018 0.117308 0.708872 0.035162 0.096640
2 3 0.031351 0.103602 0.739401 0.020777 0.104869
2 3 0.024991 0.089658 0.772893 0.015963 0.096495
2 2 0.032413 0.113592 0.687843 0.015775 0.150377
2 2 0.037209 0.133770 0.631566 0.015277 0.182179
2 2 0.044651 0.152841 0.539666 0.015135 0.247706
2 2 0.043203 0.159847 0.578686 0.015695 0.202569
2 2 0.032242 0.121598 0.724129 0.018605 0.103426
2 2 0.029904 0.112162 0.746637 0.018681 0.092616
2 2 0.025005 0.096015 0.796276 0.019388 0.063316
2 2 0.023922 0.090458 0.800210 0.018154 0.067255
2 2 0.026388 0.097042 0.787457 0.020387 0.068727
2 2 0.028552 0.104844 0.767002 0.020159 0.079443
2 2 0.023705 0.094937 0.790354 0.015726 0.075277
2 2 0.016785 0.074086 0.852844 0.014283 0.042002
2 2 0.015563 0.068524 0.856334 0.012312 0.047266
2 2 0.014909 0.063842 0.863225 0.012402 0.045622
2 2 0.023919 0.092600 0.769508 0.013696 0.100277
2 2 0.023446 0.075749 0.819922 0.023248 0.057635
2 2 0.058135 0.144814 0.633011 0.039215 0.124825
0 2 0.465477 0.257243 0.093961 0.037936 0.145383
0 1 0.392475 0.305041 0.138167 0.021537 0.142779
2 1 0.096693 0.266632 0.376821 0.011261 0.248594
4 2 0.068032 0.183835 0.275196 0.010655 0.462282
4 2 0.040468 0.080935 0.097186 0.005167 0.776244
4 4 0.022472 0.034128 0.032304 0.001905 0.909191
4 4 0.018929 0.027725 0.024737 0.001198 0.927411
4 4 0.013194 0.019777 0.017548 0.000629 0.948852
4 4 0.017653 0.022407 0.016763 0.000656 0.942521
4 4 0.022533 0.023975 0.014881 0.000603 0.938007
4 4 0.056610 0.042109 0.018642 0.001216 0.881423
4 4 0.045373 0.037157 0.018050 0.001057 0.898362
4 4 0.027301 0.027173 0.015861 0.000714 0.928953
4 4 0.025891 0.024379 0.013260 0.000537 0.935933
4 4 0.022026 0.021233 0.011701 0.000420 0.944621
4 4 0.033545 0.024813 0.010386 0.000414 0.930842
4 4 0.057665 0.036692 0.013521 0.000761 0.891361
4 4 0.066705 0.040491 0.014311 0.000881 0.877612
4 4 0.074036 0.060947 0.031274 0.002971 0.830772
4 4 0.059122 0.053807 0.030412 0.002578 0.854081
4 4 0.032733 0.031039 0.017398 0.000878 0.917952
4 4 0.027426 0.026407 0.014827 0.000647 0.930694
4 4 0.038747 0.037180 0.021474 0.001284 0.901315
4 4 0.037731 0.038999 0.024541 0.001550 0.897179
4 4 0.049831 0.044955 0.024722 0.001756 0.878735
4 4 0.086421 0.072760 0.038985 0.004466 0.797368
4 4 0.058677 0.066063 0.048113 0.005163 0.821984
4 4 0.039921 0.053153 0.045482 0.004017 0.857427
4 4 0.020930 0.032017 0.030362 0.001689 0.915002
4 4 0.057616 0.093897 0.097233 0.008771 0.742484
4 4 0.143349 0.096348 0.041738 0.006451 0.712114
0 4 0.554785 0.121875 0.017074 0.005667 0.300599
0 4 0.471220 0.133133 0.024344 0.007688 0.363615
0 4 0.479291 0.147728 0.030216 0.011405 0.331360
4 4 0.140968 0.064560 0.017636 0.001714 0.775121
4 4 0.140851 0.077532 0.026377 0.003151 0.752090
4 4 0.128804 0.079667 0.030843 0.003812 0.756874
4 4 0.074715 0.059065 0.028906 0.002649 0.834666
4 4 0.080069 0.053685 0.021746 0.001781 0.842719
4 4 0.118635 0.065120 0.021661 0.002137 0.792447
4 4 0.108294 0.056487 0.017511 0.001484 0.816224
4 4 0.129255 0.058466 0.015589 0.001362 0.795328
4 4 0.173866 0.064106 0.013852 0.001339 0.746838
4 4 0.348870 0.116256 0.024472 0.005352 0.505050
4 4 0.281084 0.121477 0.033826 0.007345 0.556267
0 4 0.472815 0.144529 0.029153 0.010480 0.343022
0 4 0.455297 0.136625 0.026687 0.008505 0.372886
4 4 0.313314 0.136681 0.039195 0.010289 0.500521
4 4 0.269741 0.129884 0.040981 0.009658 0.549736
4 4 0.102398 0.081615 0.041723 0.005386 0.768878
4 4 0.123681 0.121856 0.073998 0.007649 0.672816
4 4 0.175381 0.153481 0.081425 0.008839 0.580873
4 4 0.076281 0.097007 0.075469 0.006002 0.745242
4 4 0.064281 0.062317 0.038308 0.003794 0.831300
4 4 0.009294 0.013634 0.011427 0.000294 0.965351
4 4 0.014076 0.016436 0.010914 0.000320 0.958253
4 4 0.059294 0.038982 0.014972 0.000895 0.885856
4 4 0.158598 0.069227 0.018098 0.001900 0.752177
4 1 0.345819 0.144432 0.039981 0.011774 0.457995
4 2 0.348111 0.182744 0.060131 0.012121 0.396893
0 1 0.551302 0.156760 0.030264 0.015234 0.246439
0 2 0.431153 0.262309 0.098170 0.022040 0.186327
2 2 0.089779 0.271740 0.423352 0.013241 0.201889
2 2 0.046457 0.205544 0.469715 0.010759 0.267525
4 2 0.047499 0.167312 0.315311 0.008309 0.461569
4 2 0.039965 0.115732 0.184210 0.005252 0.654842
4 2 0.038870 0.107235 0.164117 0.004928 0.684850
4 4 0.029017 0.056994 0.066269 0.002874 0.844846
4 4 0.026393 0.039428 0.037163 0.002504 0.894513
4 4 0.013636 0.021766 0.020869 0.000823 0.942905
4 4 0.060506 0.062474 0.041153 0.004120 0.831747
4 4 0.155017 0.094285 0.036565 0.005493 0.708640
0 4 0.514234 0.118283 0.017175 0.004979 0.345329
0 4 0.606582 0.126297 0.017043 0.006916 0.243161
4 4 0.256595 0.174365 0.075667 0.014316 0.479059
4 4 0.126720 0.113648 0.065212 0.008830 0.685590
4 4 0.015306 0.024156 0.023092 0.000998 0.936448
4 4 0.030101 0.044358 0.041662 0.003134 0.880744
4 4 0.026123 0.039068 0.036833 0.002460 0.895516
4 4 0.024211 0.045661 0.051010 0.002111 0.877007
4 4 0.024374 0.048190 0.055794 0.002127 0.869514
4 4 0.041029 0.092914 0.122704 0.005327 0.738027
4 4 0.045801 0.097258 0.123141 0.006498 0.727301
4 4 0.040597 0.072957 0.080819 0.005198 0.800429
4 4 0.041132 0.071179 0.076693 0.005325 0.805672
4 4 0.045754 0.086515 0.100290 0.006446 0.760995
4 4 0.041051 0.123221 0.202047 0.005590 0.628092
4 4 0.060064 0.059204 0.042301 0.003733 0.834698
4 4 0.127977 0.075879 0.027907 0.003261 0.764976
0 4 0.440860 0.116777 0.019444 0.004843 0.418076
0 4 0.828200 0.084352 0.005545 0.003762 0.078141
0 4 0.708792 0.121053 0.013670 0.007878 0.148607
4 4 0.247133 0.259469 0.156709 0.014878 0.321812
4 4 0.061489 0.167043 0.260260 0.012083 0.499125
4 4 0.040466 0.116791 0.185575 0.005377 0.651791
4 2 0.037785 0.113222 0.184311 0.004744 0.659938
4 2 0.039829 0.132446 0.234711 0.005443 0.587572
4 2 0.043126 0.138338 0.239824 0.006333 0.572379
4 2 0.040175 0.100607 0.143269 0.005172 0.710777
4 4 0.026663 0.053968 0.063894 0.002478 0.852998
4 4 0.018964 0.029298 0.027855 0.001431 0.922452
4 4 0.014115 0.022455 0.021511 0.000872 0.941046
4 4 0.015337 0.024200 0.023134 0.001002 0.936327
4 4 0.017609 0.028599 0.028121 0.001256 0.924416
4 4 0.029008 0.066070 0.085880 0.002855 0.816187
4 4 0.037499 0.101308 0.152213 0.004588 0.704392
4 4 0.044386 0.148816 0.267820 0.006884 0.532093
4 4 0.043671 0.165173 0.327075 0.007204 0.456877
4 4 0.043317 0.166477 0.333723 0.007162 0.449322
4 2 0.040435 0.156473 0.313259 0.006114 0.483719
4 2 0.037934 0.141415 0.273170 0.005175 0.542306
4 2 0.044021 0.162980 0.317415 0.007215 0.468369
4 2 0.032321 0.069245 0.086465 0.003459 0.808511
4 2 0.035573 0.055316 0.054562 0.004154 0.850395
4 4 0.018123 0.028126 0.026772 0.001325 0.925653
4 4 0.023546 0.026519 0.017678 0.000791 0.931465
4 4 0.038248 0.031483 0.015139 0.000760 0.914369
4 4 0.035201 0.029609 0.014495 0.000690 0.920005
4 4 0.033734 0.028234 0.013687 0.000623 0.923721
4 4 0.040255 0.027339 0.010519 0.000453 0.921434
4 4 0.047562 0.034822 0.014878 0.000809 0.901930
4 4 0.107419 0.061037 0.020933 0.001931 0.808680
4 4 0.179553 0.107363 0.048111 0.007948 0.657026
4 4 0.338750 0.138825 0.037399 0.010308 0.474719
0 4 0.382075 0.185424 0.061524 0.023932 0.347045
2 4 0.084417 0.234205 0.360276 0.016571 0.304531
2 4 0.057019 0.222089 0.468663 0.016590 0.235639
4 4 0.044780 0.153131 0.280183 0.007100 0.514806
4 2 0.035120 0.085631 0.118492 0.004024 0.756733
4 2 0.017283 0.026950 0.025684 0.001224 0.928859
4 4 0.012310 0.019848 0.019079 0.000694 0.948068
4 4 0.010962 0.015056 0.011847 0.000330 0.961806
4 4 0.027252 0.026908 0.015556 0.000693 0.929591
4 4 0.032418 0.030620 0.017067 0.000850 0.919045
4 4 0.042825 0.039528 0.022011 0.001387 0.894248
4 4 0.227695 0.156790 0.074158 0.021531 0.519827
4 4 0.321693 0.161285 0.055193 0.018833 0.442996
0 4 0.738452 0.144044 0.020324 0.025568 0.071611
0 4 0.510325 0.259661 0.081185 0.021819 0.127010
0 2 0.642972 0.207335 0.045101 0.030627 0.073966
0 2 0.485571 0.265152 0.087279 0.019444 0.142555
2 2 0.072509 0.256803 0.461170 0.011988 0.197531
2 2 0.043757 0.212368 0.524273 0.011199 0.208402
2 2 0.045391 0.186834 0.398879 0.008742 0.360154
4 2 0.047185 0.183754 0.376071 0.009039 0.383951
4 2 0.048295 0.185669 0.376963 0.009474 0.379599
2 2 0.049191 0.187889 0.380257 0.009882 0.372781
2 2 0.048740 0.195109 0.410653 0.010306 0.335191
2 2 0.047660 0.194809 0.416220 0.009972 0.331340
4 2 0.043856 0.177919 0.373566 0.007810 0.396850
4 2 0.042164 0.151960 0.288403 0.006409 0.511064
4 2 0.042142 0.145838 0.267948 0.006251 0.537821
4 2 0.043168 0.148289 0.271420 0.006563 0.530560
4 2 0.041516 0.146872 0.274261 0.006124 0.531227
4 2 0.041221 0.144112 0.266423 0.005990 0.542255
4 2 0.041184 0.156143 0.308000 0.006285 0.488387
4 2 0.039651 0.159183 0.327710 0.006009 0.467446
4 2 0.041593 0.164193 0.335036 0.006644 0.452534
4 2 0.043012 0.171408 0.364486 0.007509 0.413585
2 2 0.042669 0.175597 0.418764 0.008450 0.354520
2 2 0.045507 0.181175 0.385469 0.008657 0.379192
4 2 0.039567 0.173300 0.383358 0.006515 0.397260
2 2 0.043114 0.180204 0.387209 0.007738 0.381735
2 2 0.045249 0.190777 0.415675 0.008984 0.339315
2 2 0.045421 0.198105 0.445060 0.009656 0.301757
2 2 0.040026 0.184654 0.564108 0.011392 0.199820
2 2 0.037644 0.172235 0.587443 0.011245 0.191434
2 2 0.030183 0.141137 0.686930 0.011736 0.130014
2 2 0.025514 0.122717 0.725206 0.010410 0.116153
2 2 0.025569 0.120051 0.726492 0.010652 0.117235
2 2 0.026700 0.120886 0.727152 0.011841 0.113421
2 2 0.022732 0.099845 0.780076 0.012622 0.084725
2 2 0.019121 0.086126 0.806987 0.010963 0.076802
2 2 0.019360 0.088035 0.809122 0.011444 0.072040
2 2 0.021667 0.098491 0.771484 0.010547 0.097811
2 2 0.019714 0.089624 0.796341 0.010594 0.083726
2 2 0.016019 0.071399 0.843706 0.011048 0.057828
2 2 0.018767 0.077634 0.830170 0.013854 0.059575
2 2 0.021939 0.085181 0.810058 0.016255 0.066566
2 2 0.023396 0.086045 0.800205 0.017377 0.072977
2 2 0.024677 0.092810 0.781453 0.016266 0.084795
2 2 0.028673 0.099101 0.753619 0.018669 0.099937
2 2 0.026409 0.089721 0.784211 0.020323 0.079336
2 2 0.028203 0.096321 0.762938 0.019488 0.093050
2 2 0.025067 0.087442 0.786460 0.018224 0.082806
2 2 0.021622 0.070845 0.832339 0.022198 0.052995
2 2 0.022584 0.068764 0.832108 0.025808 0.050736
2 2 0.027307 0.069686 0.814486 0.037925 0.050596
2 3 0.025619 0.064430 0.821810 0.041601 0.046540
2 3 0.029597 0.073516 0.792943 0.045823 0.058120
2 3 0.037918 0.094335 0.736691 0.044421 0.086635
2 3 0.039701 0.097594 0.728395 0.046532 0.087778
2 3 0.033587 0.088737 0.760255 0.042582 0.074838
2 3 0.030348 0.082721 0.782258 0.033582 0.071091
2 3 0.031208 0.089321 0.772917 0.043125 0.063428
2 3 0.040813 0.104000 0.719807 0.075068 0.060311
2 3 0.049776 0.109483 0.635494 0.154035 0.051212
2 3 0.051395 0.107326 0.632288 0.154855 0.054137
2 3 0.040732 0.091925 0.635478 0.190591 0.041273
2 3 0.043310 0.103630 0.662217 0.112306 0.078538
2 3 0.063793 0.137844 0.543439 0.146048 0.108876
2 3 0.083375 0.159408 0.454619 0.174935 0.127664
2 3 0.105092 0.176076 0.352360 0.257334 0.109137
2 3 0.126259 0.208685 0.278551 0.257244 0.129261
2 3 0.101293 0.181213 0.339334 0.273906 0.104254
2 3 0.093090 0.194494 0.443955 0.062447 0.206013
2 3 0.069921 0.172420 0.499590 0.138229 0.119841
2 3 0.047577 0.106843 0.455689 0.354795 0.035097
2 3 0.072420 0.132492 0.520462 0.210114 0.064511
3 3 0.034035 0.074788 0.335597 0.535377 0.020203
3 3 0.034595 0.077212 0.319069 0.548887 0.020237
3 3 0.035936 0.078297 0.327311 0.537191 0.021265
3 3 0.057078 0.113047 0.298802 0.492708 0.038364
3 3 0.077237 0.139657 0.283828 0.442701 0.056577
3 3 0.078209 0.142192 0.282649 0.437955 0.058995
3 3 0.071501 0.137463 0.279876 0.456713 0.054446
3 3 0.058341 0.121672 0.258930 0.522901 0.038155
3 3 0.062730 0.124507 0.264465 0.507881 0.040417
3 3 0.067794 0.131991 0.263777 0.490764 0.045674
3 3 0.069627 0.131729 0.271367 0.480557 0.046720
3 3 0.057194 0.116706 0.256163 0.535837 0.034100
3 3 0.062857 0.121833 0.285792 0.487243 0.042275
3 3 0.054124 0.110896 0.265855 0.537062 0.032062
3 3 0.059300 0.121506 0.249971 0.533049 0.036175
3 3 0.074576 0.155693 0.219877 0.494682 0.055172
3 3 0.075959 0.155137 0.216183 0.499601 0.053120
3 3 0.059297 0.131177 0.202494 0.572242 0.034791
3 3 0.051351 0.113323 0.221236 0.585997 0.028093
3 3 0.047789 0.105837 0.237698 0.582219 0.026457
3 3 0.042166 0.096142 0.249836 0.588479 0.023376
3 3 0.037046 0.086402 0.267157 0.588717 0.020678
3 3 0.041921 0.095658 0.250794 0.588376 0.023252
3 3 0.040039 0.094608 0.237452 0.606117 0.021783
3 3 0.047677 0.105924 0.241935 0.577406 0.027059
3 3 0.054660 0.117274 0.231954 0.564747 0.031365
3 3 0.074123 0.149417 0.275248 0.434232 0.066981
3 3 0.065967 0.134611 0.284384 0.460859 0.054180
3 3 0.052238 0.111535 0.246483 0.559551 0.030193
3 3 0.068358 0.132195 0.233341 0.526888 0.039218
3 3 0.077666 0.148151 0.205846 0.524529 0.043808
3 3 0.096902 0.171256 0.215718 0.451059 0.065065
3 3 0.083264 0.159033 0.250676 0.439662 0.067365
2 3 0.104383 0.184286 0.283084 0.279538 0.148709
3 3 0.097314 0.184176 0.254471 0.353868 0.110172
3 3 0.098823 0.181653 0.260416 0.350256 0.108852
3 3 0.102474 0.193810 0.249041 0.323677 0.130998
3 3 0.094093 0.180579 0.273502 0.330710 0.121116
3 3 0.104285 0.190281 0.264773 0.298763 0.141898
3 3 0.111913 0.199111 0.245622 0.299092 0.144263
2 3 0.110313 0.179144 0.312332 0.251015 0.147196
2 3 0.073526 0.137774 0.541751 0.076930 0.170020
2 1 0.092360 0.188591 0.528876 0.035652 0.154520
2 2 0.104488 0.283599 0.428857 0.025957 0.157099
2 2 0.139423 0.295446 0.361500 0.030809 0.172821
2 2 0.150397 0.283263 0.321122 0.035853 0.209364
0 2 0.359713 0.229443 0.098923 0.035238 0.276683
0 1 0.464451 0.220885 0.067769 0.021305 0.225591
4 2 0.133277 0.256806 0.274603 0.015310 0.320004
2 2 0.050857 0.209290 0.454700 0.012474 0.272678
4 2 0.038040 0.125137 0.219116 0.004934 0.612773
4 2 0.034474 0.121438 0.222652 0.004136 0.617299
4 2 0.037777 0.152711 0.314661 0.005395 0.489456
2 2 0.052650 0.203366 0.419634 0.012282 0.312068
2 2 0.062332 0.209490 0.502892 0.024320 0.200966
1 2 0.275707 0.283503 0.204028 0.038820 0.197942
0 1 0.491692 0.266023 0.089479 0.025382 0.127423
2 2 0.076848 0.259295 0.458048 0.015277 0.190531
2 2 0.047735 0.218257 0.518157 0.013263 0.202589
4 2 0.045599 0.178582 0.365710 0.008308 0.401801
4 2 0.045579 0.155191 0.283424 0.007369 0.508438
4 2 0.047957 0.133011 0.207480 0.007471 0.604080
4 4 0.040461 0.101882 0.145761 0.005246 0.706650
4 4 0.037783 0.101188 0.151095 0.004648 0.705286
4 4 0.032499 0.096542 0.154558 0.003551 0.712851
4 4 0.022502 0.042590 0.047530 0.001863 0.885515
4 4 0.024265 0.037039 0.035327 0.002167 0.901202
4 4 0.011306 0.018381 0.017707 0.000602 0.952003
4 4 0.012300 0.017031 0.013669 0.000424 0.956576
4 4 0.014710 0.017770 0.012332 0.000390 0.954799
4 4 0.014778 0.022483 0.020512 0.000827 0.941401
4 4 0.017249 0.031743 0.034229 0.001194 0.915586
4 4 0.029717 0.050835 0.053351 0.003024 0.863074
4 4 0.076944 0.147170 0.255020 0.016055 0.504811
0 4 0.512151 0.156042 0.032071 0.014353 0.285382
0 1 0.811547 0.097523 0.007788 0.006193 0.076949
0 1 0.432483 0.275586 0.106408 0.022194 0.163329
2 2 0.081423 0.267392 0.450702 0.013522 0.186962
2 2 0.046534 0.204768 0.465718 0.010681 0.272299
4 2 0.047638 0.173855 0.337405 0.008634 0.432467
4 2 0.046549 0.170355 0.330547 0.008174 0.444374
4 2 0.050901 0.173772 0.321517 0.009569 0.444241
4 2 0.051323 0.179306 0.338435 0.009982 0.420954
4 2 0.056348 0.185086 0.335475 0.011914 0.411178
4 2 0.057649 0.181886 0.319695 0.012139 0.428631
4 2 0.046836 0.105445 0.139800 0.006817 0.701103
4 2 0.035710 0.060367 0.063412 0.004158 0.836354
4 4 0.026585 0.039685 0.037398 0.002535 0.893797
4 4 0.020051 0.030804 0.029244 0.001571 0.918329
4 4 0.027039 0.053581 0.062481 0.002542 0.854356
4 4 0.039963 0.101161 0.145201 0.005128 0.708547
4 4 0.046436 0.178363 0.360139 0.008525 0.406537
2 4 0.044267 0.183922 0.394518 0.008255 0.369038
2 2 0.045469 0.193511 0.425416 0.009259 0.326345
