1 0 0.276551 0.288217 0.273423 0.076369 0.085440
1 0 0.254241 0.317281 0.296097 0.065063 0.067318
0 1 0.327822 0.309194 0.245133 0.054878 0.062972
0 1 0.363574 0.289332 0.217714 0.056007 0.073374
0 2 0.379239 0.288424 0.211591 0.053158 0.067588
0 2 0.557515 0.240484 0.104139 0.026462 0.071399
0 2 0.534917 0.249471 0.113412 0.028552 0.073648
0 2 0.534112 0.254094 0.111068 0.026714 0.074011
0 2 0.481968 0.258096 0.137680 0.037640 0.084615
0 2 0.449564 0.270064 0.147522 0.039312 0.093538
0 2 0.516363 0.247114 0.103712 0.027829 0.104982
0 2 0.414250 0.289359 0.155593 0.038026 0.102772
1 2 0.252078 0.323986 0.265428 0.059712 0.098796
2 2 0.208534 0.296707 0.322247 0.077828 0.094684
2 2 0.154955 0.225286 0.405299 0.056175 0.158284
2 2 0.150844 0.220369 0.409428 0.055059 0.164300
2 2 0.143909 0.206685 0.419270 0.047653 0.182483
2 2 0.146231 0.204365 0.419953 0.043399 0.186052
2 2 0.146264 0.216310 0.412855 0.055413 0.169157
2 2 0.157429 0.237173 0.395096 0.067283 0.143018
2 2 0.163247 0.252309 0.379651 0.079869 0.124923
2 2 0.147197 0.229422 0.402051 0.070373 0.150957
2 2 0.123317 0.200352 0.435089 0.069040 0.172203
2 2 0.103719 0.182683 0.470024 0.090734 0.152840
2 2 0.101093 0.182052 0.471921 0.099157 0.145776
2 2 0.103471 0.180959 0.473116 0.088309 0.154145
2 2 0.104371 0.183443 0.468386 0.089911 0.153888
2 2 0.095868 0.184531 0.463523 0.128043 0.128035
2 3 0.084546 0.176060 0.462877 0.171523 0.104994
2 3 0.074703 0.165897 0.457163 0.214637 0.087600
2 3 0.077107 0.165560 0.471436 0.191557 0.094341
2 3 0.079802 0.169313 0.468995 0.183608 0.098281
2 3 0.078260 0.172745 0.447986 0.209856 0.091154
2 3 0.072905 0.170171 0.425725 0.251737 0.079461
2 3 0.071098 0.166524 0.429854 0.254787 0.077736
2 3 0.068836 0.162473 0.432268 0.261277 0.075146
2 3 0.068760 0.161572 0.436270 0.257741 0.075657
2 3 0.065030 0.157310 0.426218 0.281987 0.069456
2 3 0.069232 0.163457 0.430467 0.261457 0.075387
2 3 0.067206 0.157961 0.442172 0.258156 0.074505
2 3 0.059109 0.144754 0.439296 0.292973 0.063867
2 3 0.047044 0.125620 0.407230 0.373020 0.047086
3 3 0.037789 0.110072 0.357042 0.460568 0.034528
3 3 0.039973 0.114744 0.362653 0.445751 0.036880
3 3 0.042406 0.119835 0.368340 0.429884 0.039535
3 3 0.049832 0.134683 0.382439 0.385189 0.047857
2 3 0.052198 0.139207 0.386014 0.372005 0.050577
2 3 0.053323 0.141325 0.387574 0.365896 0.051882
3 3 0.047523 0.130174 0.378543 0.398527 0.045234
3 3 0.045598 0.126343 0.374970 0.410017 0.043073
3 3 0.047579 0.130286 0.378644 0.398193 0.045298
3 3 0.043466 0.122018 0.370642 0.423172 0.040703
3 3 0.041469 0.117889 0.366218 0.435916 0.038508
3 3 0.042642 0.120324 0.368863 0.428376 0.039795
3 3 0.045980 0.127108 0.375703 0.407708 0.043500
3 3 0.044476 0.124077 0.372742 0.416883 0.041822
3 3 0.046541 0.128228 0.376759 0.404343 0.044129
3 3 0.048552 0.132196 0.380331 0.392521 0.046400
2 3 0.057971 0.147520 0.408244 0.327287 0.058978
2 3 0.139470 0.203398 0.339246 0.207324 0.110563
0 2 0.268735 0.234380 0.252744 0.110652 0.133489
0 2 0.623765 0.161392 0.087838 0.043516 0.083488
0 2 0.556485 0.194541 0.116681 0.048927 0.083366
0 2 0.477152 0.254632 0.159769 0.044636 0.063811
1 2 0.275437 0.313465 0.280193 0.063190 0.067715
1 2 0.236728 0.310465 0.308052 0.071697 0.073058
2 2 0.228303 0.306580 0.314084 0.074845 0.076189
2 2 0.226445 0.301118 0.321108 0.070458 0.080872
1 2 0.256940 0.311691 0.293101 0.067515 0.070753
1 2 0.250519 0.315915 0.298643 0.066420 0.068503
1 2 0.254554 0.317394 0.295882 0.064950 0.067219
1 2 0.245394 0.313962 0.302146 0.068335 0.070164
2 2 0.219424 0.302725 0.319758 0.078919 0.079174
2 2 0.186467 0.270986 0.359652 0.075373 0.107521
2 2 0.188385 0.275240 0.354638 0.078567 0.103170
2 2 0.183003 0.268576 0.362392 0.076356 0.109673
2 2 0.184372 0.274493 0.355296 0.082519 0.103321
2 2 0.178110 0.264882 0.366489 0.077486 0.113034
2 2 0.169434 0.245837 0.386550 0.064001 0.134177
2 2 0.155195 0.220299 0.408788 0.050747 0.164971
2 2 0.151100 0.221840 0.408327 0.056402 0.162331
2 2 0.144172 0.228146 0.402996 0.072856 0.151829
2 2 0.154433 0.237808 0.394380 0.071908 0.141470
2 2 0.162735 0.247303 0.385139 0.073688 0.131135
2 2 0.154405 0.232618 0.399301 0.065277 0.148398
2 2 0.142864 0.223330 0.407385 0.068085 0.158335
2 2 0.140097 0.217712 0.412800 0.064720 0.164671
2 2 0.139831 0.223941 0.408904 0.074695 0.152629
2 2 0.136580 0.227058 0.407140 0.086892 0.142329
2 2 0.116243 0.208318 0.427130 0.100474 0.147836
2 2 0.120571 0.210305 0.425597 0.092765 0.150762
2 2 0.101665 0.195619 0.443074 0.126817 0.132826
2 2 0.104333 0.201777 0.434078 0.134516 0.125295
2 2 0.090914 0.189578 0.438765 0.171063 0.109679
2 2 0.094331 0.191787 0.441158 0.156013 0.116710
2 2 0.086499 0.183330 0.444741 0.181796 0.103634
2 2 0.081188 0.181933 0.426140 0.219686 0.091053
2 2 0.079615 0.180684 0.422513 0.229112 0.088076
2 2 0.075268 0.177746 0.402071 0.272419 0.072496
2 2 0.064237 0.160813 0.398486 0.311544 0.064919
2 2 0.106328 0.199348 0.378503 0.232116 0.083704
0 2 0.395049 0.221817 0.183918 0.081758 0.117457
0 2 0.571797 0.187030 0.109807 0.047784 0.083582
0 2 0.607061 0.204497 0.102330 0.031877 0.054234
0 2 0.388936 0.314140 0.208577 0.040064 0.048283
1 2 0.302883 0.331331 0.262797 0.049574 0.053414
2 2 0.209511 0.288240 0.338474 0.071733 0.092043
2 2 0.188227 0.259329 0.371751 0.060272 0.120421
2 2 0.173630 0.248965 0.383287 0.063158 0.130960
2 2 0.149736 0.234450 0.397351 0.073746 0.144717
2 2 0.148047 0.238396 0.392846 0.082037 0.138673
2 2 0.133700 0.220226 0.414044 0.080641 0.151388
2 2 0.136072 0.220046 0.413447 0.075541 0.154895
2 2 0.126318 0.208878 0.427488 0.077301 0.160015
2 2 0.112120 0.194834 0.444780 0.084966 0.163299
2 2 0.110442 0.192493 0.449700 0.086211 0.161154
2 2 0.108894 0.192062 0.451986 0.090927 0.156132
2 2 0.111646 0.199387 0.445188 0.101374 0.142405
2 2 0.119133 0.204963 0.438284 0.091053 0.146566
2 2 0.114985 0.203619 0.442770 0.103773 0.134852
2 2 0.123709 0.203139 0.439826 0.076785 0.156541
2 2 0.121855 0.193495 0.447485 0.064285 0.172881
2 2 0.125848 0.193842 0.443941 0.057790 0.178579
2 3 0.107492 0.179469 0.471550 0.073183 0.168305
2 3 0.101131 0.178421 0.478695 0.091636 0.150118
2 3 0.088580 0.166738 0.500089 0.118758 0.125835
2 3 0.082392 0.162828 0.500287 0.142700 0.111794
2 3 0.081538 0.163665 0.495295 0.151013 0.108489
2 3 0.087995 0.169347 0.492339 0.129006 0.121313
2 3 0.099455 0.176956 0.481917 0.094877 0.146796
2 3 0.098974 0.174146 0.487283 0.090924 0.148674
2 3 0.093701 0.174272 0.486297 0.113017 0.132714
2 3 0.087993 0.171780 0.485505 0.135943 0.118778
2 3 0.083689 0.173306 0.469419 0.168372 0.105214
2 3 0.081508 0.174091 0.458244 0.187570 0.098587
2 3 0.073206 0.168294 0.436716 0.240069 0.081715
2 3 0.071089 0.164227 0.441010 0.244141 0.079533
2 3 0.065848 0.155375 0.444304 0.261438 0.073035
2 3 0.056124 0.140622 0.430664 0.313270 0.059321
3 3 0.041565 0.117539 0.371508 0.430430 0.038958
3 3 0.039223 0.113150 0.360781 0.450778 0.036069
3 3 0.038994 0.112662 0.360200 0.452321 0.035822
3 3 0.042374 0.119769 0.368269 0.430088 0.039500
3 3 0.041462 0.117874 0.366201 0.435963 0.038501
3 3 0.046026 0.127201 0.375791 0.407430 0.043552
3 3 0.040681 0.116238 0.364368 0.441064 0.037649
3 3 0.040002 0.114806 0.362725 0.445556 0.036912
3 3 0.042300 0.119617 0.368105 0.430559 0.039419
2 3 0.090866 0.178547 0.376133 0.277076 0.077378
2 2 0.239959 0.211637 0.265339 0.168309 0.114757
0 2 0.402570 0.225303 0.182450 0.077883 0.111794
0 2 0.326104 0.274014 0.238553 0.072801 0.088528
2 1 0.227284 0.306369 0.314459 0.075551 0.076338
2 1 0.223577 0.304678 0.316962 0.077120 0.077663
2 1 0.195426 0.280550 0.348322 0.077213 0.098488
2 1 0.191958 0.278672 0.350563 0.078797 0.100010
2 2 0.201689 0.281539 0.346931 0.071750 0.098091
2 2 0.222526 0.290990 0.333431 0.063250 0.089802
0 2 0.493721 0.254054 0.152398 0.040818 0.059010
0 2 0.611929 0.210597 0.101172 0.028477 0.047825
0 2 0.723088 0.156767 0.059550 0.019258 0.041338
0 1 0.668537 0.196206 0.070176 0.017713 0.047368
0 1 0.509307 0.282174 0.125868 0.024720 0.057931
0 1 0.432723 0.307913 0.156059 0.030882 0.072423
2 1 0.218347 0.299832 0.323561 0.076533 0.081727
2 2 0.209811 0.284607 0.342610 0.067433 0.095539
2 2 0.199863 0.275511 0.353832 0.066746 0.104048
2 2 0.189514 0.265370 0.365640 0.065520 0.113956
2 2 0.183441 0.265517 0.365866 0.072023 0.113152
2 2 0.170713 0.248459 0.383980 0.065666 0.131182
2 2 0.180193 0.256273 0.371391 0.062864 0.129279
2 2 0.212345 0.242662 0.357063 0.047688 0.140242
2 4 0.266162 0.281256 0.281893 0.077804 0.092885
2 4 0.181353 0.281663 0.322871 0.080208 0.133905
2 4 0.166195 0.275966 0.286617 0.074353 0.196869
2 4 0.131578 0.215274 0.306371 0.048013 0.298764
4 4 0.129965 0.203003 0.239316 0.030938 0.396777
4 4 0.128410 0.198701 0.221279 0.027530 0.424079
4 4 0.125950 0.189735 0.205103 0.022766 0.456445
4 4 0.128999 0.197031 0.233594 0.027425 0.412951
4 4 0.131138 0.204111 0.268643 0.034076 0.362032
4 4 0.131062 0.206991 0.302984 0.040640 0.318323
4 4 0.131374 0.203740 0.303977 0.037800 0.323109
4 4 0.130280 0.193683 0.272762 0.028349 0.374926
4 4 0.128575 0.186842 0.249685 0.023575 0.411323
4 4 0.108232 0.147686 0.130815 0.009562 0.603705
4 4 0.107426 0.156138 0.117204 0.011297 0.607936
4 4 0.095772 0.144852 0.079750 0.009217 0.670409
4 4 0.114076 0.180286 0.127882 0.017691 0.560065
4 4 0.095414 0.143203 0.079724 0.008911 0.672748
4 4 0.110995 0.167333 0.123943 0.013983 0.583746
4 4 0.119735 0.113525 0.056130 0.007017 0.703593
4 4 0.157263 0.100124 0.035950 0.008269 0.698394
4 4 0.166255 0.110416 0.034807 0.011464 0.677057
4 4 0.193092 0.154248 0.038735 0.012320 0.601605
4 4 0.263608 0.273638 0.129867 0.035414 0.297472
4 4 0.206634 0.246029 0.207351 0.035385 0.304601
0 4 0.285167 0.249829 0.263714 0.050463 0.150827
2 4 0.181763 0.276682 0.313902 0.067778 0.159874
1 4 0.210594 0.303235 0.176075 0.042954 0.267142
0 4 0.338754 0.283252 0.136478 0.036406 0.205110
0 4 0.594080 0.182148 0.055132 0.019067 0.149573
0 4 0.856011 0.065319 0.010280 0.005044 0.063345
0 4 0.731867 0.149817 0.025367 0.006229 0.086721
0 4 0.455650 0.294458 0.064164 0.010128 0.175599
1 4 0.268670 0.322780 0.124983 0.024049 0.259519
4 4 0.151684 0.236409 0.273802 0.043738 0.294367
1 4 0.182565 0.277471 0.259807 0.052163 0.227993
1 4 0.173123 0.281637 0.254144 0.062996 0.228100
1 4 0.186192 0.297340 0.205388 0.053520 0.257561
4 4 0.106488 0.174097 0.076891 0.017123 0.625402
4 4 0.117492 0.140798 0.050534 0.012261 0.678915
4 4 0.157201 0.134118 0.039856 0.010707 0.658118
4 4 0.165110 0.107247 0.020479 0.007239 0.699926
4 4 0.232611 0.123885 0.022201 0.007531 0.613772
4 4 0.149778 0.099295 0.020289 0.006782 0.723857
4 4 0.156515 0.088713 0.017568 0.006853 0.730350
4 4 0.143731 0.077161 0.013438 0.005764 0.759906
4 4 0.190565 0.089109 0.014389 0.005783 0.700154
4 4 0.236525 0.111011 0.018450 0.006672 0.627342
4 4 0.164850 0.075287 0.010622 0.004267 0.744973
4 4 0.177535 0.087320 0.013842 0.005420 0.715882
4 4 0.125854 0.066773 0.015669 0.003586 0.788117
4 4 0.161640 0.084304 0.017902 0.007711 0.728443
4 4 0.140068 0.102798 0.023906 0.009418 0.723811
4 4 0.171382 0.130699 0.026755 0.008278 0.662885
4 4 0.083728 0.087012 0.015593 0.004623 0.809044
4 4 0.111290 0.135639 0.038760 0.010174 0.704137
4 4 0.139372 0.135228 0.071141 0.011115 0.643145
4 4 0.222211 0.133806 0.076561 0.010489 0.556933
0 4 0.300308 0.247727 0.121707 0.033207 0.297051
1 1 0.203330 0.308110 0.228245 0.056395 0.203920
2 1 0.168879 0.284064 0.288805 0.084142 0.174111
2 1 0.129039 0.218622 0.329081 0.059255 0.264004
2 2 0.118476 0.198680 0.412137 0.068136 0.202571
2 2 0.117819 0.194689 0.422962 0.065566 0.198964
2 2 0.116752 0.192367 0.429168 0.065377 0.196335
2 2 0.114189 0.192940 0.441492 0.074852 0.176526
2 2 0.112703 0.196601 0.437690 0.084888 0.168117
2 2 0.123110 0.184203 0.426157 0.044281 0.222249
0 2 0.513575 0.190770 0.113063 0.053950 0.128643
0 2 0.523665 0.190243 0.075907 0.029290 0.180894
0 2 0.622465 0.176090 0.079902 0.032568 0.088976
0 2 0.391381 0.279533 0.187552 0.051497 0.090036
1 2 0.241981 0.314306 0.299557 0.068574 0.075582
2 2 0.227538 0.306483 0.314287 0.075444 0.076248
2 2 0.185456 0.270795 0.359859 0.076304 0.107585
2 2 0.189344 0.274076 0.356055 0.075965 0.104561
2 2 0.179983 0.268785 0.360835 0.079578 0.110820
2 2 0.173355 0.259758 0.372112 0.076655 0.118120
2 2 0.170966 0.256533 0.375602 0.075402 0.121497
2 2 0.167886 0.253600 0.378664 0.075427 0.124423
2 2 0.168462 0.253487 0.378822 0.074547 0.124682
2 2 0.148783 0.231372 0.406462 0.074818 0.138565
2 2 0.153956 0.240412 0.394821 0.078559 0.132252
2 2 0.148425 0.234731 0.403021 0.080621 0.133202
2 2 0.154773 0.242357 0.392436 0.079958 0.130477
2 2 0.140418 0.220412 0.417990 0.072022 0.149159
2 2 0.130639 0.203973 0.435934 0.064764 0.164690
2 2 0.123299 0.192136 0.450518 0.061031 0.173017
2 2 0.123497 0.197130 0.442546 0.066162 0.170665
2 2 0.122210 0.194369 0.446676 0.064964 0.171781
2 2 0.129442 0.201422 0.436106 0.062117 0.170913
2 2 0.131592 0.202724 0.433646 0.060352 0.171686
2 2 0.129796 0.198352 0.436500 0.056948 0.178404
2 2 0.116523 0.181811 0.453125 0.054882 0.193660
2 2 0.114937 0.173940 0.462557 0.048535 0.200031
2 2 0.113168 0.170966 0.468904 0.048329 0.198633
2 2 0.109249 0.176570 0.472407 0.064090 0.177684
2 2 0.116910 0.184640 0.452485 0.058522 0.187442
2 2 0.128026 0.196710 0.435200 0.056226 0.183838
2 2 0.117460 0.179769 0.452515 0.050614 0.199641
2 2 0.115092 0.176264 0.460608 0.050973 0.197063
2 2 0.113209 0.169346 0.469790 0.046383 0.201271
2 2 0.109429 0.173313 0.475445 0.059022 0.182790
2 2 0.095889 0.174211 0.487432 0.103193 0.139274
2 2 0.093664 0.181589 0.468101 0.131798 0.124848
2 3 0.091145 0.182541 0.460847 0.148577 0.116890
2 3 0.082805 0.177235 0.452029 0.188674 0.099257
2 3 0.085217 0.177853 0.459035 0.172735 0.105159
2 3 0.086092 0.179129 0.457665 0.170767 0.106348
2 3 0.095312 0.182876 0.466994 0.126644 0.128174
2 3 0.090249 0.181178 0.462832 0.149996 0.115745
2 3 0.086896 0.173934 0.476733 0.148935 0.113502
2 3 0.070073 0.154217 0.481748 0.208732 0.085230
2 3 0.052433 0.132628 0.437473 0.321708 0.055758
2 3 0.046825 0.122551 0.428786 0.353179 0.048658
2 3 0.046903 0.123751 0.420202 0.361126 0.048017
2 3 0.046249 0.123641 0.409621 0.374038 0.046450
3 3 0.043169 0.118860 0.392770 0.403189 0.042013
2 3 0.046990 0.124774 0.413259 0.367448 0.047529
3 3 0.039292 0.111658 0.376948 0.434939 0.037163
3 3 0.036587 0.107457 0.353733 0.468977 0.033246
3 3 0.032441 0.098193 0.341017 0.499457 0.028893
3 3 0.032576 0.098500 0.341465 0.498426 0.029033
3 3 0.029864 0.092232 0.331983 0.519676 0.026244
3 3 0.041088 0.115670 0.378627 0.425627 0.038987
3 3 0.039141 0.111599 0.374039 0.438387 0.036834
3 3 0.036030 0.106235 0.352145 0.472936 0.032654
3 3 0.034612 0.103093 0.347939 0.483198 0.031159
3 3 0.031957 0.097086 0.339391 0.503174 0.028392
3 3 0.030080 0.092738 0.332778 0.517939 0.026465
3 3 0.030858 0.094551 0.335580 0.511750 0.027261
3 3 0.032417 0.098139 0.340939 0.499636 0.028869
3 3 0.035831 0.105796 0.351569 0.474360 0.032444
3 3 0.038314 0.111203 0.358435 0.456958 0.035090
3 3 0.037392 0.108382 0.364415 0.455201 0.034610
3 3 0.042446 0.118716 0.379301 0.419197 0.040340
3 3 0.035940 0.106038 0.351887 0.473576 0.032560
3 3 0.033679 0.101000 0.345037 0.490103 0.030181
3 3 0.030242 0.093116 0.333367 0.516646 0.026630
3 3 0.029613 0.091641 0.331050 0.521709 0.025988
3 3 0.029606 0.091624 0.331024 0.521766 0.025981
3 3 0.030173 0.092955 0.333117 0.517195 0.026560
3 3 0.026890 0.085140 0.320318 0.544409 0.023243
3 3 0.032179 0.097594 0.340141 0.501465 0.028622
3 3 0.028659 0.089386 0.327425 0.529509 0.025021
3 3 0.030466 0.093639 0.334178 0.514859 0.026859
3 3 0.032299 0.097869 0.340544 0.500543 0.028746
3 3 0.030048 0.092663 0.332660 0.518197 0.026432
3 3 0.033257 0.100047 0.343689 0.493265 0.029741
3 3 0.041331 0.117601 0.365898 0.436812 0.038358
3 3 0.043933 0.120779 0.390855 0.401801 0.042632
2 3 0.044486 0.121336 0.396691 0.393863 0.043624
3 3 0.040839 0.114753 0.381844 0.423598 0.038965
3 3 0.034092 0.101929 0.346336 0.487030 0.030613
3 3 0.028515 0.089043 0.326864 0.530704 0.024875
3 3 0.028061 0.087959 0.325078 0.534486 0.024417
3 3 0.027978 0.087761 0.324749 0.535179 0.024334
3 3 0.028013 0.087846 0.324890 0.534882 0.024369
3 3 0.051763 0.111941 0.323575 0.471249 0.041471
3 3 0.118995 0.143818 0.288496 0.367638 0.081054
0 3 0.425938 0.182405 0.161196 0.123232 0.107229
0 0 0.819546 0.084182 0.029146 0.018037 0.049089
0 0 0.828819 0.081000 0.027133 0.016719 0.046329
0 0 0.913917 0.050422 0.010851 0.005655 0.019156
0 0 0.799091 0.123369 0.038285 0.012023 0.027232
0 0 0.645960 0.198555 0.086307 0.024020 0.045158
0 0 0.546765 0.252889 0.110624 0.025650 0.064071
0 1 0.515849 0.254360 0.117915 0.030153 0.081723
0 1 0.586238 0.211628 0.109145 0.034081 0.058908
0 0 0.741892 0.135167 0.053551 0.021954 0.047436
0 0 0.808627 0.097091 0.033475 0.017149 0.043658
0 0 0.849331 0.084697 0.024491 0.011183 0.030298
0 1 0.468661 0.286529 0.165511 0.033860 0.045439
1 1 0.295886 0.329726 0.267572 0.051569 0.055248
2 2 0.172421 0.247059 0.385167 0.062265 0.133088
2 2 0.168056 0.238918 0.392796 0.057758 0.142472
2 2 0.164400 0.236056 0.395639 0.058292 0.145613
2 2 0.168973 0.245864 0.386556 0.064528 0.134080
2 2 0.165944 0.249562 0.382915 0.072581 0.128998
2 2 0.161504 0.238063 0.394168 0.063618 0.142647
2 2 0.167304 0.235233 0.395875 0.054642 0.146946
2 2 0.166363 0.239311 0.392673 0.059863 0.141790
2 2 0.164468 0.244470 0.388063 0.067936 0.135063
2 2 0.165428 0.243214 0.389240 0.065318 0.136801
2 2 0.165488 0.236165 0.395409 0.057333 0.145604
2 2 0.163576 0.233370 0.397916 0.056234 0.148903
2 2 0.161596 0.239646 0.392720 0.065398 0.140641
2 2 0.167067 0.233069 0.397565 0.052690 0.149608
2 2 0.112373 0.173954 0.468646 0.053512 0.191516
2 2 0.114186 0.173714 0.464563 0.049664 0.197874
2 2 0.169630 0.218739 0.405809 0.038357 0.167465
0 2 0.298514 0.274085 0.280881 0.049565 0.096955
2 2 0.212195 0.296899 0.327605 0.079288 0.084014
2 2 0.193477 0.289087 0.336944 0.091207 0.089285
2 2 0.174263 0.254891 0.377416 0.069395 0.124035
2 2 0.154244 0.216321 0.411504 0.047717 0.170214
2 2 0.144512 0.202684 0.421202 0.043303 0.188299
2 2 0.144504 0.208436 0.418160 0.048846 0.180053
2 2 0.130936 0.196916 0.432363 0.052203 0.187582
2 2 0.120451 0.184645 0.448709 0.052612 0.193584
2 2 0.116660 0.176769 0.456452 0.048638 0.201481
2 2 0.117763 0.182954 0.452512 0.054755 0.192016
2 2 0.142463 0.216457 0.419422 0.062682 0.158976
2 2 0.143245 0.226111 0.412683 0.076294 0.141668
2 2 0.144988 0.226709 0.412529 0.074705 0.141069
2 2 0.133375 0.213545 0.428679 0.075565 0.148835
2 2 0.125190 0.205359 0.439312 0.078790 0.151349
2 2 0.119327 0.197825 0.447683 0.077929 0.157236
2 2 0.130035 0.209916 0.431276 0.075040 0.153733
2 2 0.130192 0.208183 0.430075 0.070459 0.161093
2 2 0.135287 0.214093 0.423090 0.070250 0.157280
2 2 0.123616 0.199162 0.439277 0.068273 0.169672
2 2 0.115903 0.190349 0.452103 0.070412 0.171232
2 2 0.110780 0.177190 0.468994 0.061303 0.181733
2 2 0.112442 0.177336 0.465600 0.057746 0.186876
2 2 0.114184 0.175721 0.463136 0.052077 0.194882
2 2 0.117164 0.178853 0.453851 0.050105 0.200027
2 2 0.116153 0.174355 0.459209 0.046823 0.203459
2 2 0.116580 0.175776 0.457270 0.047659 0.202715
2 2 0.117432 0.174181 0.455921 0.044447 0.208019
2 2 0.117980 0.181069 0.450379 0.051149 0.199424
2 2 0.119462 0.182310 0.445994 0.049829 0.202404
2 2 0.118949 0.174770 0.451476 0.042603 0.212202
2 2 0.117490 0.173704 0.456001 0.043846 0.208960
2 2 0.111344 0.172485 0.472141 0.053758 0.190272
2 2 0.113906 0.168934 0.468161 0.044703 0.204296
2 2 0.115634 0.164289 0.464931 0.037205 0.217941
2 2 0.112881 0.164942 0.472940 0.042074 0.207163
2 2 0.111085 0.169540 0.475005 0.050581 0.193789
2 2 0.110801 0.166376 0.477839 0.047301 0.197683
2 2 0.111086 0.168348 0.475836 0.049124 0.195606
2 2 0.108601 0.164597 0.484579 0.049323 0.192900
2 2 0.108290 0.171101 0.479853 0.058552 0.182205
2 2 0.107668 0.167849 0.484160 0.055472 0.184851
2 2 0.105839 0.165648 0.490048 0.056513 0.181952
2 2 0.104124 0.164680 0.494469 0.059112 0.177615
2 2 0.109311 0.166778 0.481281 0.050646 0.191984
2 2 0.113982 0.174140 0.464763 0.050560 0.196556
2 2 0.115303 0.174792 0.461096 0.048847 0.199962
2 2 0.110495 0.171771 0.474618 0.054610 0.188506
2 2 0.108043 0.171827 0.479618 0.060147 0.180366
2 2 0.108258 0.172516 0.478507 0.060620 0.180100
2 2 0.108408 0.167513 0.482816 0.053439 0.187825
2 2 0.107383 0.167694 0.484909 0.055888 0.184126
2 2 0.108937 0.169515 0.479952 0.054958 0.186637
2 2 0.114697 0.173070 0.463712 0.047970 0.200552
2 2 0.117940 0.175415 0.453926 0.044916 0.207803
2 2 0.122165 0.182802 0.444946 0.047203 0.202884
2 2 0.133246 0.190507 0.432905 0.042561 0.200781
2 2 0.183558 0.257929 0.373464 0.063410 0.121639
0 2 0.395246 0.261313 0.199988 0.060537 0.082916
0 0 0.726193 0.158795 0.060153 0.018342 0.036517
0 1 0.517585 0.264806 0.142045 0.031046 0.044517
0 1 0.583143 0.252421 0.112069 0.020847 0.031521
1 2 0.294874 0.329482 0.268263 0.051864 0.055517
1 2 0.289697 0.328193 0.271803 0.053394 0.056913
1 2 0.285491 0.327091 0.274681 0.054668 0.058070
1 2 0.308598 0.320255 0.258478 0.053558 0.059111
0 2 0.330143 0.316978 0.244332 0.050823 0.057724
1 2 0.279272 0.325368 0.278941 0.056603 0.059816
0 2 0.372734 0.303153 0.217769 0.048105 0.058239
0 2 0.330545 0.306136 0.243092 0.055749 0.064478
0 1 0.564797 0.228058 0.120373 0.033590 0.053181
0 1 0.446843 0.280078 0.176590 0.041310 0.055179
0 1 0.447977 0.297051 0.176071 0.034357 0.044544
1 1 0.331989 0.336609 0.243089 0.041995 0.046317
1 1 0.318153 0.334376 0.252424 0.045460 0.049587
1 2 0.292060 0.328741 0.270184 0.052714 0.056301
1 2 0.252603 0.316685 0.297217 0.065657 0.067837
2 2 0.214646 0.293127 0.332168 0.072361 0.087697
2 2 0.187513 0.271126 0.359493 0.074357 0.107511
2 2 0.180078 0.267850 0.363106 0.078971 0.109995
2 2 0.200454 0.293007 0.332381 0.087713 0.086446
1 2 0.229455 0.310981 0.301447 0.072001 0.086116
1 4 0.249768 0.320156 0.285712 0.063807 0.080556
1 4 0.275507 0.333204 0.241481 0.050771 0.099038
1 4 0.321120 0.326364 0.200481 0.042912 0.109123
0 4 0.364779 0.307342 0.136825 0.030276 0.160777
0 4 0.347246 0.302351 0.117978 0.025701 0.206724
0 4 0.333518 0.313767 0.128808 0.027021 0.196886
0 4 0.331551 0.317662 0.141403 0.029977 0.179407
1 4 0.303112 0.326322 0.177854 0.038435 0.154277
0 4 0.327392 0.324450 0.171983 0.036765 0.139410
1 4 0.325246 0.326882 0.181184 0.038395 0.128293
0 4 0.350099 0.319897 0.142855 0.029595 0.157554
0 4 0.472339 0.264392 0.073762 0.015755 0.173753
0 4 0.475795 0.274608 0.088787 0.019002 0.141809
0 4 0.587131 0.199813 0.041074 0.009978 0.162004
0 4 0.606307 0.206864 0.046776 0.011033 0.129020
0 4 0.641402 0.175875 0.034319 0.008970 0.139434
0 4 0.675039 0.175055 0.038777 0.010190 0.100938
0 4 0.647037 0.167038 0.036190 0.010776 0.138959
0 4 0.730224 0.131749 0.029851 0.010739 0.097437
0 4 0.633217 0.171375 0.062546 0.024193 0.108669
0 4 0.654908 0.160442 0.057529 0.023388 0.103734
0 4 0.717376 0.147768 0.042526 0.014913 0.077417
0 4 0.571923 0.224432 0.066587 0.016808 0.120250
0 4 0.539369 0.244976 0.069661 0.015656 0.130338
0 4 0.412498 0.201474 0.040676 0.010462 0.334890
4 4 0.284774 0.175126 0.041004 0.012592 0.486503
0 4 0.386074 0.179703 0.038061 0.011474 0.384688
4 4 0.319587 0.228019 0.074051 0.021512 0.356830
0 4 0.400162 0.263697 0.086576 0.021178 0.228387
0 4 0.342952 0.292783 0.111267 0.025233 0.227765
0 4 0.449220 0.278360 0.104310 0.023989 0.144121
0 4 0.428492 0.276016 0.122755 0.031289 0.141447
0 4 0.576744 0.198593 0.060076 0.018661 0.145926
0 4 0.525946 0.231634 0.095078 0.028256 0.119086
2 4 0.241159 0.252366 0.272233 0.069882 0.164360
1 4 0.249492 0.290118 0.242103 0.070847 0.147440
0 4 0.550939 0.212024 0.119245 0.042129 0.075663
0 0 0.725025 0.166029 0.058706 0.015912 0.034329
0 4 0.426614 0.302127 0.164767 0.034676 0.071816
0 4 0.367441 0.322777 0.192013 0.038683 0.079086
2 4 0.189983 0.271771 0.328996 0.059315 0.149935
2 4 0.196796 0.296482 0.301151 0.075963 0.129608
1 4 0.231747 0.318637 0.273156 0.064589 0.111871
1 4 0.221684 0.312345 0.286618 0.070223 0.109130
1 4 0.248602 0.329678 0.241254 0.053537 0.126928
1 4 0.240010 0.325792 0.247831 0.056609 0.129758
1 4 0.299650 0.314006 0.172446 0.039279 0.174620
1 4 0.229896 0.316954 0.272931 0.063442 0.116777
2 4 0.182082 0.264229 0.359356 0.067974 0.126360
2 4 0.164120 0.232098 0.398818 0.054396 0.150568
2 4 0.170287 0.239614 0.391896 0.056366 0.141837
2 4 0.167132 0.254149 0.377993 0.077146 0.123580
2 4 0.179217 0.280457 0.346095 0.098840 0.095390
1 4 0.217039 0.313549 0.269753 0.066811 0.132849
1 4 0.244953 0.325402 0.260126 0.058798 0.110722
1 4 0.259342 0.327523 0.266298 0.057631 0.089207
1 4 0.254846 0.324594 0.271456 0.059916 0.089188
1 4 0.257574 0.331581 0.235598 0.051400 0.123846
1 4 0.217792 0.315236 0.259542 0.063859 0.143571
2 4 0.196644 0.296674 0.298876 0.075216 0.132590
2 4 0.174925 0.262297 0.365089 0.075770 0.121919
2 4 0.157409 0.238083 0.399428 0.071802 0.133278
2 1 0.150844 0.222918 0.416747 0.062076 0.147416
2 2 0.158580 0.240107 0.394776 0.071194 0.135344
2 2 0.176334 0.267842 0.341493 0.071926 0.142405
2 2 0.184075 0.288828 0.318428 0.088055 0.120613
2 2 0.194202 0.297018 0.298019 0.078002 0.132759
1 2 0.193361 0.299057 0.282894 0.074450 0.150239
1 2 0.196436 0.302010 0.266578 0.068394 0.166583
1 2 0.197288 0.303901 0.269231 0.071147 0.158432
1 2 0.205755 0.309867 0.253266 0.064550 0.166562
1 2 0.211893 0.312565 0.258457 0.064768 0.152316
1 2 0.203756 0.307859 0.264288 0.068197 0.155900
1 2 0.198770 0.304310 0.272936 0.071887 0.152097
1 2 0.187853 0.295736 0.293613 0.080900 0.141899
2 2 0.182105 0.288989 0.301313 0.080630 0.146963
2 2 0.176271 0.270976 0.322037 0.068723 0.161993
2 2 0.165853 0.255478 0.343137 0.066093 0.169439
2 2 0.166080 0.257541 0.341060 0.068144 0.167174
2 2 0.148726 0.235208 0.394834 0.076196 0.145035
2 2 0.140013 0.220492 0.415355 0.071250 0.152889
2 2 0.125723 0.195999 0.438606 0.059340 0.180332
2 2 0.143972 0.225652 0.408869 0.072268 0.149239
2 2 0.151998 0.241185 0.366960 0.070669 0.169188
2 2 0.159418 0.255352 0.331894 0.069584 0.183752
2 2 0.148725 0.233825 0.386714 0.070239 0.160496
2 2 0.145277 0.212804 0.418032 0.053564 0.170324
2 2 0.161578 0.214587 0.410525 0.040460 0.172850
2 2 0.177601 0.236242 0.392874 0.047082 0.146202
2 2 0.184983 0.265272 0.366084 0.070044 0.113618
2 2 0.187760 0.281333 0.346778 0.087671 0.096459
2 2 0.182492 0.275986 0.353129 0.087111 0.101281
2 2 0.170658 0.263814 0.365464 0.084958 0.115106
2 2 0.170634 0.259547 0.372120 0.079906 0.117794
2 2 0.175591 0.265491 0.365547 0.081545 0.111828
2 2 0.174034 0.267704 0.362534 0.086866 0.108863
2 2 0.167121 0.257054 0.374631 0.081200 0.119994
2 2 0.158066 0.241910 0.390464 0.072592 0.136968
2 2 0.152675 0.225151 0.405651 0.058424 0.158099
2 2 0.148510 0.221498 0.408830 0.058835 0.162327
2 2 0.144380 0.218197 0.411634 0.059694 0.166094
2 2 0.143060 0.216716 0.413944 0.059945 0.166335
2 2 0.135883 0.202041 0.430283 0.053051 0.178743
2 2 0.133668 0.200215 0.434109 0.054260 0.177747
2 2 0.149925 0.219340 0.412275 0.055662 0.162798
2 2 0.164112 0.233861 0.397451 0.056233 0.148343
2 2 0.156107 0.221061 0.408111 0.050669 0.164053
2 2 0.151858 0.206307 0.417487 0.040652 0.183696
2 2 0.138637 0.196274 0.429679 0.043397 0.192013
2 2 0.120068 0.178906 0.448490 0.045569 0.206967
2 2 0.119941 0.177232 0.447617 0.043544 0.211666
2 2 0.118804 0.171565 0.453140 0.039630 0.216862
2 2 0.117176 0.168437 0.459019 0.038985 0.216383
2 2 0.121094 0.172758 0.445898 0.037478 0.222772
2 2 0.140426 0.192726 0.426490 0.037840 0.202517
2 2 0.176804 0.224972 0.400080 0.038573 0.159571
2 2 0.242971 0.288839 0.297017 0.082851 0.088323
0 2 0.418439 0.268811 0.189207 0.052892 0.070650
0 0 0.610703 0.230511 0.101725 0.021932 0.035129
1 1 0.251901 0.316427 0.297698 0.065913 0.068061
2 1 0.208454 0.297269 0.327091 0.083883 0.083302
2 2 0.125952 0.196332 0.433806 0.057785 0.186125
2 2 0.133236 0.207793 0.426460 0.063450 0.169061
2 2 0.157759 0.230413 0.400985 0.058910 0.151934
2 2 0.130066 0.204331 0.431830 0.064350 0.169423
2 2 0.118498 0.192286 0.449903 0.068610 0.170703
2 2 0.111757 0.175607 0.468578 0.056947 0.187110
2 2 0.111301 0.169569 0.474462 0.050196 0.194472
2 2 0.112083 0.170149 0.472146 0.049394 0.196227
2 2 0.110809 0.174556 0.471492 0.057620 0.185523
2 2 0.111073 0.173409 0.471962 0.055525 0.188031
2 2 0.111345 0.171083 0.473244 0.051982 0.192346
2 2 0.108208 0.174679 0.476297 0.063881 0.176935
2 2 0.113487 0.174504 0.465669 0.051963 0.194377
2 2 0.113696 0.175726 0.464254 0.053053 0.193271
2 2 0.116720 0.178751 0.454984 0.050817 0.198728
2 2 0.117971 0.182856 0.449093 0.053270 0.196810
2 2 0.117797 0.180449 0.451243 0.050772 0.199739
2 2 0.116475 0.176054 0.457365 0.048160 0.201946
2 2 0.117373 0.173365 0.456485 0.043681 0.209097
2 2 0.114846 0.172454 0.463705 0.046998 0.201997
2 2 0.116859 0.170424 0.459230 0.041453 0.212034
2 2 0.109986 0.173186 0.474446 0.057594 0.184789
2 2 0.108552 0.178486 0.471315 0.068745 0.172903
2 2 0.107285 0.181404 0.469146 0.076966 0.165199
2 2 0.112709 0.177591 0.464822 0.057501 0.187377
2 2 0.113099 0.180906 0.460908 0.061082 0.184006
2 2 0.117284 0.185890 0.448046 0.058417 0.190363
2 2 0.116973 0.181857 0.455400 0.055087 0.190682
2 2 0.115170 0.186893 0.453958 0.065737 0.178242
2 2 0.112390 0.178445 0.464669 0.059344 0.185152
2 2 0.111875 0.170815 0.472188 0.050605 0.194517
2 2 0.108511 0.165581 0.484088 0.050735 0.191085
2 2 0.107285 0.160006 0.490946 0.046213 0.195550
2 2 0.103600 0.172507 0.485961 0.072795 0.165136
2 2 0.104173 0.168695 0.489971 0.065051 0.172110
2 2 0.103522 0.167847 0.492047 0.065428 0.171156
2 2 0.102679 0.169319 0.491480 0.070103 0.166419
2 2 0.105091 0.169444 0.487552 0.063846 0.174066
2 2 0.108818 0.172893 0.477053 0.059844 0.181391
2 2 0.109833 0.172585 0.475314 0.057119 0.185148
2 2 0.110628 0.177406 0.469053 0.061965 0.180948
2 2 0.113792 0.173437 0.465713 0.050082 0.196977
2 2 0.113602 0.165925 0.470448 0.041950 0.208074
2 2 0.114189 0.168223 0.467742 0.043448 0.206397
2 2 0.113345 0.171144 0.468345 0.048211 0.198956
2 2 0.114578 0.179519 0.459218 0.056013 0.190671
2 2 0.109487 0.167978 0.479963 0.051810 0.190763
2 2 0.106360 0.165294 0.489255 0.054865 0.184227
2 2 0.103521 0.163736 0.496613 0.059169 0.176961
2 2 0.105748 0.168628 0.487267 0.060996 0.177361
2 2 0.108167 0.170551 0.480627 0.058066 0.182588
2 2 0.107450 0.169972 0.482623 0.058900 0.181055
2 2 0.104476 0.164367 0.494082 0.057826 0.179249
2 2 0.147433 0.205501 0.419087 0.043434 0.184545
2 2 0.232570 0.264929 0.337746 0.050551 0.114204
0 1 0.716410 0.153992 0.062571 0.022202 0.044825
0 2 0.792212 0.100597 0.036996 0.020048 0.050147
0 0 0.883517 0.063382 0.016443 0.008975 0.027683
0 0 0.797945 0.122338 0.038558 0.012567 0.028592
0 0 0.658747 0.207106 0.083367 0.018696 0.032085
0 0 0.390440 0.327102 0.206761 0.034707 0.040989
1 0 0.292444 0.328887 0.269924 0.052577 0.056169
1 1 0.260391 0.319444 0.291884 0.062879 0.065402
1 1 0.245550 0.312031 0.304460 0.066281 0.071678
2 1 0.240318 0.308354 0.309981 0.066602 0.074746
2 1 0.236283 0.309347 0.309519 0.070874 0.073977
1 2 0.241874 0.312571 0.304547 0.069681 0.071327
1 2 0.243076 0.313050 0.303728 0.069218 0.070928
1 2 0.241054 0.312241 0.305107 0.069999 0.071600
1 2 0.238753 0.311304 0.306674 0.070897 0.072372
1 2 0.235718 0.310042 0.308739 0.072099 0.073402
2 2 0.228986 0.304925 0.316089 0.072376 0.077625
2 2 0.242486 0.307252 0.310795 0.063893 0.075575
1 2 0.259071 0.318989 0.292789 0.063342 0.065809
1 2 0.265990 0.321312 0.288047 0.060952 0.063700
1 2 0.290103 0.328297 0.271524 0.053273 0.056803
1 2 0.282295 0.326219 0.276869 0.055654 0.058962
1 2 0.266491 0.321474 0.287703 0.060783 0.063549
1 2 0.263977 0.320651 0.289427 0.061638 0.064307
1 2 0.260054 0.319328 0.292115 0.062997 0.065506
0 2 0.409989 0.292160 0.196391 0.044646 0.056815
0 0 0.646958 0.193791 0.087615 0.025850 0.045786
0 0 0.774272 0.142003 0.045376 0.012327 0.026022
0 1 0.606794 0.243163 0.102172 0.018742 0.029129
0 1 0.553709 0.276667 0.122800 0.019329 0.027495
0 2 0.370473 0.323287 0.219302 0.040090 0.046848
1 2 0.307646 0.317060 0.258841 0.055240 0.061213
1 2 0.257631 0.318488 0.293776 0.063850 0.066256
2 2 0.237139 0.298649 0.321746 0.059655 0.082811
1 2 0.243639 0.310197 0.307075 0.065904 0.073185
1 2 0.252125 0.316510 0.297545 0.065831 0.067989
1 2 0.279353 0.325391 0.278885 0.056577 0.059793
1 2 0.292538 0.328910 0.269859 0.052549 0.056143
1 2 0.295592 0.329655 0.267772 0.051655 0.055326
1 2 0.291927 0.328087 0.270246 0.053041 0.056700
0 2 0.322147 0.321419 0.249681 0.050398 0.056355
0 2 0.614215 0.214851 0.089157 0.023792 0.057986
0 2 0.702618 0.177007 0.068124 0.018159 0.034093
0 2 0.861022 0.081859 0.017953 0.007085 0.032081
0 1 0.879245 0.076044 0.012743 0.004217 0.027750
0 1 0.638702 0.211165 0.072093 0.017545 0.060495
0 2 0.387200 0.307534 0.174279 0.038683 0.092303
2 2 0.109291 0.168234 0.480217 0.052537 0.189721
2 2 0.122037 0.178737 0.441144 0.041783 0.216299
2 2 0.164200 0.212953 0.410473 0.037431 0.174943
1 2 0.291888 0.306989 0.267881 0.063279 0.069962
1 4 0.204382 0.299599 0.244294 0.052463 0.199263
1 4 0.188489 0.296353 0.227325 0.056581 0.231252
2 4 0.204136 0.249226 0.298666 0.039405 0.208567
0 4 0.430708 0.210334 0.141320 0.037102 0.180537
0 4 0.824299 0.089869 0.029534 0.015465 0.040833
0 4 0.848244 0.075207 0.023245 0.013788 0.039517
0 4 0.659047 0.165695 0.079935 0.032645 0.062678
0 4 0.429181 0.297870 0.186201 0.038080 0.048668
0 4 0.449886 0.308847 0.173966 0.029630 0.037670
0 4 0.377874 0.331813 0.214008 0.035328 0.040976
0 4 0.349963 0.337745 0.231189 0.038246 0.042857
1 4 0.332417 0.336671 0.242802 0.041892 0.046219
1 4 0.317222 0.333704 0.253066 0.045919 0.050090
0 4 0.335224 0.323844 0.241333 0.046778 0.052821
0 4 0.504386 0.272240 0.105734 0.023179 0.094461
0 4 0.641388 0.214421 0.073153 0.016860 0.054178
0 4 0.695745 0.163322 0.051452 0.016866 0.072616
0 4 0.928111 0.043011 0.005526 0.002371 0.020982
0 1 0.788950 0.132320 0.025419 0.006369 0.046943
0 1 0.670200 0.217131 0.059540 0.010749 0.042380
0 1 0.441041 0.306815 0.168624 0.031674 0.051846
0 4 0.490736 0.273562 0.133688 0.030681 0.071333
0 4 0.500854 0.260641 0.128567 0.032452 0.077486
0 4 0.625257 0.205115 0.071435 0.019774 0.078419
0 4 0.684631 0.196769 0.055463 0.012168 0.050969
0 4 0.663957 0.206908 0.063328 0.013950 0.051856
0 4 0.552352 0.236894 0.107671 0.029025 0.074058
0 4 0.462010 0.240598 0.161601 0.054002 0.081789
0 4 0.455196 0.206152 0.148931 0.055108 0.134614
0 4 0.421264 0.200579 0.120274 0.045815 0.212068
0 4 0.466421 0.217686 0.104475 0.039754 0.171664
0 4 0.538350 0.190531 0.056041 0.019072 0.196006
0 4 0.612569 0.195704 0.056391 0.016387 0.118949
0 4 0.651812 0.166749 0.049550 0.017469 0.114419
0 4 0.683963 0.156015 0.068456 0.028239 0.063328
0 4 0.586565 0.177978 0.102794 0.047327 0.085336
0 4 0.617271 0.171439 0.085702 0.038094 0.087493
0 4 0.610811 0.210947 0.069186 0.018583 0.090473
0 4 0.561648 0.257250 0.089108 0.018274 0.073719
0 4 0.592399 0.230093 0.057150 0.012088 0.108270
0 4 0.630647 0.226546 0.051598 0.009651 0.081559
0 4 0.645514 0.231736 0.057885 0.009907 0.054957
0 4 0.747788 0.168298 0.032964 0.006365 0.044585
0 4 0.684618 0.192047 0.054134 0.012640 0.056562
0 4 0.601720 0.197356 0.063934 0.019812 0.117177
0 4 0.465365 0.217289 0.073123 0.023468 0.220754
0 4 0.400795 0.251095 0.122509 0.039135 0.186466
