0 0 0.432883 0.062026 0.108395 0.355976 0.040720
0 0 0.427577 0.074464 0.120701 0.328155 0.049102
3 0 0.419875 0.023266 0.058648 0.483261 0.014950
3 0 0.361776 0.007148 0.026818 0.599770 0.004487
3 0 0.377252 0.009455 0.032363 0.574963 0.005967
3 0 0.420451 0.023634 0.059248 0.481475 0.015191
0 0 0.435204 0.050063 0.095221 0.386808 0.032704
0 0 0.434770 0.054300 0.100056 0.375338 0.035538
0 0 0.435079 0.051855 0.097290 0.381874 0.033902
0 0 0.435233 0.047960 0.092745 0.392762 0.031300
3 0 0.431015 0.033762 0.074472 0.438886 0.021865
3 0 0.383904 0.010702 0.035160 0.563463 0.006771
3 0 0.406522 0.016871 0.047542 0.518296 0.010770
3 0 0.431066 0.033842 0.074584 0.438591 0.021917
0 0 0.428467 0.072707 0.119039 0.331872 0.047915
0 0 0.366937 0.150101 0.171110 0.201710 0.110142
4 0 0.205983 0.249461 0.163228 0.063816 0.317512
4 0 0.167458 0.247304 0.141046 0.044450 0.399741
4 0 0.109072 0.224659 0.101764 0.022341 0.542165
4 0 0.110259 0.225393 0.102633 0.022718 0.538998
4 0 0.097238 0.216608 0.092935 0.018737 0.574482
4 0 0.114408 0.227855 0.105644 0.024056 0.528037
4 0 0.137898 0.241131 0.126267 0.031351 0.463353
4 0 0.157247 0.247837 0.141153 0.038421 0.415343
4 0 0.149961 0.244400 0.132753 0.036339 0.436546
4 0 0.139695 0.239735 0.123223 0.032986 0.464362
4 0 0.148109 0.242597 0.128785 0.036266 0.444243
0 0 0.280232 0.207916 0.168848 0.107207 0.235797
0 0 0.428875 0.081033 0.136954 0.303344 0.049795
0 0 0.439638 0.053501 0.105005 0.368651 0.033205
0 0 0.427229 0.075131 0.121326 0.326761 0.049553
0 0 0.385429 0.130074 0.163370 0.234063 0.087064
4 0 0.236945 0.244514 0.178746 0.083159 0.256637
4 0 0.116657 0.229125 0.107261 0.024796 0.522161
4 0 0.120820 0.231362 0.110226 0.026194 0.511398
4 0 0.112607 0.226805 0.104341 0.023471 0.532777
4 0 0.117496 0.229588 0.107862 0.025075 0.519978
4 0 0.118956 0.230379 0.108903 0.025564 0.516198
4 0 0.128478 0.238734 0.122643 0.027392 0.482753
4 0 0.121517 0.238219 0.123034 0.024084 0.493146
4 0 0.102545 0.224337 0.103228 0.019210 0.550680
4 0 0.114173 0.239461 0.127652 0.020264 0.498449
4 0 0.109970 0.236149 0.122195 0.019353 0.512332
4 0 0.097795 0.228345 0.111954 0.016075 0.545830
4 0 0.102650 0.234385 0.121428 0.016676 0.524861
4 0 0.113910 0.249629 0.152287 0.017298 0.466876
4 0 0.127121 0.260032 0.180907 0.019151 0.412789
4 0 0.097457 0.237697 0.133422 0.014247 0.517177
4 0 0.109114 0.242604 0.136487 0.017263 0.494532
4 0 0.078728 0.200987 0.078465 0.013642 0.628178
4 0 0.090566 0.211435 0.087816 0.016825 0.593358
4 0 0.087602 0.208977 0.085507 0.016003 0.601912
4 0 0.086328 0.207889 0.084508 0.015655 0.605620
4 0 0.061513 0.182362 0.064191 0.009487 0.682447
4 0 0.047717 0.163655 0.052077 0.006569 0.729982
4 0 0.036079 0.144249 0.041276 0.004407 0.773988
4 0 0.042453 0.155365 0.047266 0.005556 0.749360
4 0 0.075869 0.198196 0.076152 0.012913 0.636869
4 0 0.094190 0.214305 0.090610 0.017853 0.583041
4 0 0.105078 0.222095 0.098820 0.021094 0.552912
4 0 0.079399 0.201626 0.079004 0.013815 0.626156
4 0 0.080564 0.202721 0.079938 0.014118 0.622659
4 0 0.062730 0.183834 0.065230 0.009762 0.678443
4 0 0.065363 0.186930 0.067459 0.010367 0.669881
4 0 0.062231 0.183233 0.064804 0.009649 0.680082
4 0 0.070728 0.192891 0.071937 0.011641 0.652804
4 0 0.081433 0.203527 0.080633 0.014346 0.620060
4 0 0.094273 0.214369 0.090673 0.017877 0.582808
4 0 0.093191 0.213528 0.089842 0.017567 0.585872
4 0 0.095668 0.215434 0.091740 0.018280 0.578879
4 0 0.086855 0.208342 0.084923 0.015799 0.604081
4 0 0.077236 0.199544 0.077261 0.013260 0.632700
4 0 0.071727 0.193952 0.072763 0.011884 0.649674
4 0 0.081376 0.203475 0.080588 0.014331 0.620230
4 0 0.125053 0.233486 0.113205 0.027651 0.500604
4 0 0.190398 0.233489 0.142686 0.053780 0.379646
0 0 0.279431 0.209466 0.170139 0.107127 0.233837
0 0 0.375062 0.141909 0.167766 0.213809 0.101454
0 0 0.410781 0.100449 0.142634 0.279001 0.067134
0 0 0.418844 0.088997 0.133608 0.299601 0.058950
0 0 0.420453 0.086571 0.131552 0.304121 0.057302
0 0 0.386618 0.131568 0.156426 0.217928 0.107461
0 0 0.295495 0.205157 0.177918 0.122343 0.199089
4 0 0.159390 0.245650 0.136023 0.040925 0.418012
4 0 0.103638 0.221133 0.097749 0.020652 0.556827
4 0 0.080832 0.202971 0.080153 0.014188 0.621856
4 0 0.077984 0.200271 0.077865 0.013451 0.630428
4 0 0.079168 0.201407 0.078819 0.013756 0.626851
4 0 0.060256 0.180815 0.063115 0.009206 0.686609
4 0 0.056339 0.175803 0.059726 0.008349 0.699784
4 0 0.060122 0.180647 0.062999 0.009176 0.687056
4 1 0.070812 0.192981 0.072008 0.011661 0.652537
4 1 0.081696 0.203769 0.080843 0.014415 0.619276
4 2 0.125722 0.233808 0.113671 0.027885 0.498914
4 2 0.158883 0.227845 0.144611 0.049426 0.419234
4 2 0.136951 0.217564 0.169145 0.059287 0.417053
4 2 0.092786 0.175777 0.236945 0.094919 0.399573
4 2 0.060292 0.137598 0.308540 0.136308 0.357261
4 2 0.043463 0.154409 0.262364 0.072167 0.467596
4 2 0.034705 0.148537 0.323520 0.066751 0.426487
2 2 0.026572 0.101971 0.639394 0.098336 0.133727
2 2 0.007336 0.028518 0.855085 0.094576 0.014485
2 2 0.005032 0.020457 0.902834 0.063820 0.007857
2 2 0.003335 0.014571 0.934032 0.043581 0.004481
2 2 0.002969 0.013635 0.936073 0.043035 0.004288
2 2 0.003276 0.015314 0.919840 0.055931 0.005640
2 2 0.003230 0.016157 0.894554 0.078789 0.007270
2 2 0.003957 0.019811 0.832679 0.131492 0.012061
2 2 0.005438 0.021974 0.770931 0.186912 0.014744
2 2 0.004796 0.018705 0.764020 0.200561 0.011918
2 2 0.003906 0.018117 0.822431 0.145710 0.009837
2 2 0.003329 0.016669 0.862285 0.109583 0.008134
2 2 0.003406 0.016933 0.856857 0.114458 0.008347
2 2 0.004310 0.018068 0.834092 0.134478 0.009052
2 2 0.004518 0.018361 0.805289 0.162091 0.009741
2 2 0.007373 0.025079 0.718783 0.231798 0.016967
2 2 0.009198 0.025606 0.634062 0.311547 0.019587
2 2 0.013146 0.031120 0.557370 0.370962 0.027401
2 2 0.009687 0.036328 0.779996 0.150155 0.023833
2 3 0.011179 0.027564 0.689313 0.254848 0.017097
3 3 0.016439 0.019884 0.393123 0.554863 0.015690
3 3 0.018706 0.031944 0.458797 0.461983 0.028570
3 3 0.016760 0.011902 0.244639 0.717059 0.009639
3 3 0.018414 0.013259 0.251889 0.705496 0.010943
3 3 0.018966 0.016552 0.287258 0.663389 0.013835
3 3 0.019468 0.019018 0.310917 0.635549 0.015047
3 3 0.022010 0.018599 0.292217 0.653488 0.013686
3 3 0.015937 0.012434 0.259507 0.703185 0.008938
3 3 0.014879 0.008984 0.214302 0.755487 0.006349
3 3 0.017302 0.010103 0.216447 0.748695 0.007453
3 3 0.017905 0.007911 0.178871 0.789603 0.005710
3 3 0.034495 0.018691 0.239756 0.693523 0.013535
3 3 0.099369 0.040366 0.236716 0.596203 0.027346
3 2 0.250531 0.130942 0.247184 0.284470 0.086872
2 2 0.133918 0.139387 0.426797 0.216810 0.083087
2 2 0.043178 0.085334 0.692555 0.135315 0.043619
2 2 0.009960 0.034844 0.795403 0.140492 0.019302
2 2 0.008134 0.028021 0.807026 0.142578 0.014242
2 2 0.009486 0.028544 0.762400 0.184225 0.015345
2 2 0.008889 0.019311 0.596783 0.362431 0.012587
3 2 0.008948 0.016012 0.446013 0.516152 0.012876
3 2 0.011013 0.014021 0.324807 0.637885 0.012274
3 2 0.014524 0.012426 0.268803 0.694419 0.009828
3 3 0.015026 0.012685 0.269014 0.693604 0.009672
3 3 0.018140 0.017503 0.304521 0.646156 0.013681
3 3 0.017883 0.016334 0.293676 0.659585 0.012522
3 3 0.024758 0.015249 0.243777 0.705161 0.011055
3 3 0.038474 0.014352 0.190745 0.747031 0.009399
3 3 0.045328 0.010724 0.142558 0.794927 0.006464
3 3 0.047606 0.008782 0.119850 0.818816 0.004945
3 3 0.048909 0.008480 0.115126 0.822793 0.004693
3 3 0.067021 0.010828 0.117380 0.798861 0.005910
3 3 0.061347 0.008377 0.101118 0.824677 0.004481
3 3 0.054085 0.006491 0.088681 0.847309 0.003434
3 3 0.062376 0.008814 0.104045 0.819894 0.004872
3 3 0.061744 0.009586 0.111858 0.811654 0.005158
3 3 0.064382 0.009852 0.111773 0.808767 0.005225
3 3 0.063605 0.009757 0.111821 0.809746 0.005071
3 3 0.062794 0.009808 0.113138 0.809226 0.005035
3 3 0.053957 0.007058 0.094975 0.840342 0.003668
3 3 0.054637 0.006637 0.089728 0.845467 0.003531
3 3 0.051389 0.006206 0.088060 0.851096 0.003248
3 3 0.071382 0.008612 0.095341 0.820292 0.004373
3 3 0.090761 0.011753 0.106249 0.785416 0.005821
3 3 0.111469 0.012724 0.100697 0.769194 0.005916
3 3 0.098775 0.010828 0.095485 0.789993 0.004920
3 3 0.097577 0.010797 0.095967 0.790766 0.004893
3 3 0.089332 0.010427 0.098310 0.797245 0.004685
3 3 0.084012 0.009369 0.093383 0.808838 0.004398
3 3 0.104831 0.010415 0.089390 0.790568 0.004796
3 3 0.115266 0.009524 0.078624 0.792103 0.004483
3 3 0.116673 0.009317 0.076690 0.792920 0.004399
3 3 0.112333 0.009333 0.078602 0.795361 0.004371
3 3 0.124386 0.011583 0.087530 0.770978 0.005523
3 3 0.102321 0.010313 0.089796 0.792672 0.004898
3 3 0.088121 0.007608 0.077181 0.823608 0.003482
3 3 0.062565 0.006406 0.081598 0.846434 0.002997
3 3 0.066427 0.006726 0.081999 0.841672 0.003175
3 3 0.086340 0.010408 0.099611 0.798589 0.005053
3 3 0.095485 0.010161 0.092443 0.797116 0.004795
3 3 0.088947 0.008846 0.086363 0.811674 0.004170
3 3 0.066805 0.006501 0.079409 0.844133 0.003152
3 3 0.068178 0.006328 0.077032 0.845517 0.002944
3 3 0.067999 0.007616 0.089290 0.831480 0.003615
3 3 0.088722 0.012745 0.114737 0.777655 0.006140
3 3 0.080135 0.012742 0.120867 0.779647 0.006610
3 3 0.092095 0.015035 0.126443 0.758325 0.008103
3 3 0.123024 0.025743 0.158454 0.678365 0.014413
3 2 0.110983 0.037325 0.214908 0.614965 0.021819
3 2 0.050914 0.028494 0.264114 0.637177 0.019299
3 2 0.021902 0.023420 0.334687 0.600716 0.019275
3 2 0.013490 0.019175 0.426796 0.526046 0.014494
3 2 0.013991 0.019859 0.416746 0.533387 0.016017
3 2 0.019453 0.021901 0.335828 0.603013 0.019805
3 2 0.019908 0.018192 0.298211 0.648139 0.015550
3 3 0.023935 0.014494 0.238367 0.712041 0.011163
3 3 0.028705 0.016962 0.244756 0.697382 0.012195
3 3 0.037843 0.018871 0.231806 0.698532 0.012948
3 3 0.033727 0.021306 0.264304 0.665509 0.015154
3 3 0.032748 0.023581 0.284497 0.641302 0.017872
3 3 0.026788 0.025677 0.325270 0.601456 0.020809
3 3 0.028185 0.037580 0.389945 0.510787 0.033503
2 2 0.024655 0.054060 0.538334 0.336879 0.046072
2 2 0.018530 0.056367 0.681680 0.199643 0.043779
2 2 0.012764 0.044452 0.771622 0.140344 0.030818
2 2 0.010522 0.038122 0.838384 0.090589 0.022383
2 2 0.011853 0.041805 0.859025 0.063667 0.023651
2 2 0.008295 0.029971 0.903860 0.045054 0.012820
2 2 0.013075 0.044311 0.877718 0.042257 0.022639
2 2 0.014044 0.045612 0.875383 0.042424 0.022537
2 2 0.013741 0.057756 0.854404 0.031375 0.042724
2 2 0.013808 0.064517 0.842774 0.023631 0.055269
2 2 0.019735 0.100810 0.737222 0.016370 0.125864
2 2 0.022216 0.108270 0.715064 0.016881 0.137570
2 2 0.027486 0.133071 0.607309 0.018298 0.213836
2 2 0.034042 0.142721 0.585254 0.023777 0.214206
2 2 0.039113 0.125683 0.682140 0.034621 0.118443
2 2 0.034599 0.080062 0.799396 0.049259 0.036684
2 2 0.033538 0.062664 0.812990 0.071432 0.019376
2 2 0.085798 0.099729 0.666846 0.112428 0.035199
2 2 0.126291 0.131023 0.577060 0.117903 0.047724
2 2 0.110062 0.143916 0.576866 0.103593 0.065563
2 2 0.081021 0.119522 0.657308 0.091211 0.050938
2 2 0.061824 0.111272 0.666973 0.099593 0.060338
2 2 0.039453 0.076703 0.737108 0.113071 0.033665
2 2 0.040358 0.075919 0.766308 0.087840 0.029575
2 2 0.017444 0.046607 0.862621 0.055850 0.017478
2 2 0.010533 0.032620 0.908616 0.037326 0.010905
2 2 0.006331 0.023617 0.920049 0.041474 0.008528
2 2 0.004981 0.020286 0.921532 0.045736 0.007465
2 2 0.005018 0.020960 0.907228 0.058293 0.008501
2 2 0.004179 0.018883 0.891175 0.077526 0.008238
2 2 0.003798 0.018735 0.856482 0.111071 0.009914
2 2 0.004711 0.017702 0.764552 0.202428 0.010608
2 2 0.004674 0.013854 0.667574 0.304976 0.008922
2 2 0.006282 0.014880 0.560542 0.407498 0.010798
2 2 0.007266 0.016485 0.526205 0.437317 0.012727
3 2 0.010958 0.020052 0.439803 0.512557 0.016631
2 3 0.014165 0.041106 0.677641 0.239874 0.027213
3 3 0.016525 0.024050 0.469524 0.473551 0.016350
3 3 0.033824 0.023829 0.286922 0.637165 0.018260
3 3 0.063409 0.070245 0.394503 0.417549 0.054294
3 3 0.069269 0.022702 0.196703 0.697266 0.014060
3 3 0.072894 0.022501 0.190853 0.700283 0.013469
3 3 0.060045 0.018592 0.183897 0.725785 0.011681
3 3 0.050078 0.018824 0.202872 0.716069 0.012157
3 3 0.045360 0.017747 0.204555 0.720966 0.011373
3 3 0.035512 0.017410 0.226002 0.708967 0.012110
3 3 0.030175 0.017085 0.240475 0.700094 0.012171
3 3 0.034678 0.016159 0.217344 0.720719 0.011101
3 3 0.035583 0.013244 0.187313 0.755302 0.008558
3 3 0.041510 0.010250 0.144389 0.797805 0.006047
3 3 0.057439 0.012285 0.139914 0.783331 0.007032
3 3 0.096455 0.014568 0.120636 0.760841 0.007500
3 3 0.134885 0.018380 0.118622 0.719252 0.008862
3 3 0.156762 0.020940 0.118954 0.692920 0.010424
3 3 0.127716 0.018971 0.125196 0.718637 0.009481
3 3 0.106095 0.014249 0.112801 0.759998 0.006857
3 3 0.080712 0.012002 0.115388 0.785985 0.005913
3 3 0.081092 0.011420 0.110411 0.791143 0.005934
3 2 0.162720 0.028372 0.143205 0.649131 0.016572
0 2 0.395438 0.054845 0.128182 0.390438 0.031097
0 2 0.435643 0.080585 0.154371 0.285313 0.044088
0 2 0.396916 0.123558 0.180678 0.224228 0.074620
2 2 0.123948 0.206424 0.397112 0.075884 0.196633
2 2 0.042811 0.115378 0.639486 0.097432 0.104894
2 2 0.010751 0.033866 0.729814 0.201652 0.023917
2 2 0.006422 0.021766 0.771719 0.187629 0.012464
2 2 0.007241 0.020226 0.649467 0.309090 0.013976
2 2 0.006887 0.015740 0.506773 0.458278 0.012323
3 2 0.009676 0.015497 0.363324 0.597969 0.013535
3 2 0.010969 0.015968 0.352722 0.606956 0.013385
3 2 0.014222 0.019976 0.363316 0.586281 0.016205
3 2 0.011908 0.016718 0.350417 0.606701 0.014256
3 2 0.012300 0.013672 0.306583 0.656280 0.011166
3 2 0.013060 0.009073 0.228878 0.742421 0.006568
3 2 0.026205 0.010116 0.179447 0.777912 0.006320
3 2 0.042614 0.012831 0.168621 0.768623 0.007312
3 2 0.043833 0.015912 0.193782 0.737157 0.009316
3 2 0.023942 0.014045 0.235553 0.717254 0.009205
3 2 0.019554 0.020645 0.326544 0.617192 0.016066
3 2 0.021691 0.026697 0.362101 0.567542 0.021969
3 2 0.031925 0.031896 0.343850 0.567987 0.024341
3 3 0.058556 0.028848 0.249979 0.643982 0.018633
3 3 0.076745 0.021964 0.183996 0.705517 0.011778
3 3 0.069446 0.012474 0.129069 0.782876 0.006135
3 3 0.050115 0.007991 0.109340 0.828638 0.003915
3 3 0.038936 0.006865 0.110625 0.839977 0.003597
3 3 0.046468 0.009418 0.128438 0.810615 0.005062
3 3 0.041339 0.010424 0.146929 0.795425 0.005883
3 3 0.027787 0.007759 0.143447 0.816348 0.004659
3 3 0.033221 0.009078 0.147402 0.804768 0.005531
3 3 0.036690 0.008850 0.137531 0.811592 0.005336
3 3 0.053864 0.010931 0.132470 0.796406 0.006329
3 3 0.087243 0.014853 0.128801 0.760753 0.008349
3 3 0.108762 0.014352 0.111431 0.758181 0.007275
3 2 0.116739 0.017443 0.123745 0.733078 0.008995
3 2 0.071026 0.021561 0.188036 0.706746 0.012631
3 2 0.034078 0.024541 0.287178 0.636229 0.017974
3 2 0.019348 0.028150 0.407054 0.521115 0.024333
3 2 0.015885 0.026107 0.433649 0.502646 0.021713
3 2 0.012748 0.017980 0.356267 0.597924 0.015080
3 2 0.012235 0.016541 0.345064 0.612480 0.013680
3 2 0.011665 0.018147 0.370820 0.584130 0.015239
3 2 0.019754 0.027547 0.381618 0.547992 0.023089
3 2 0.022346 0.032480 0.396399 0.520835 0.027940
3 2 0.025343 0.038161 0.408330 0.493493 0.034673
2 2 0.018264 0.036681 0.477543 0.433866 0.033646
2 2 0.016637 0.034494 0.508876 0.409353 0.030639
2 2 0.012550 0.024576 0.509958 0.432370 0.020546
2 2 0.012256 0.025679 0.569804 0.373195 0.019066
2 2 0.014517 0.032264 0.577369 0.350938 0.024912
2 2 0.018661 0.041878 0.586131 0.320381 0.032949
2 2 0.017470 0.035991 0.541072 0.375130 0.030337
2 2 0.014527 0.027874 0.532679 0.402215 0.022706
2 2 0.010609 0.025710 0.616431 0.328795 0.018454
2 2 0.008519 0.026908 0.716738 0.230370 0.017465
2 2 0.008994 0.028056 0.697899 0.245908 0.019143
2 2 0.014426 0.030256 0.571547 0.360877 0.022894
3 2 0.027521 0.027879 0.335632 0.584507 0.024461
3 2 0.033048 0.023013 0.279128 0.647443 0.017367
3 2 0.044268 0.031778 0.299050 0.601361 0.023543
3 2 0.041728 0.037243 0.335269 0.557348 0.028412
3 2 0.039269 0.031286 0.312555 0.594044 0.022845
3 2 0.036285 0.026919 0.296087 0.621409 0.019299
3 2 0.049071 0.035029 0.303252 0.587570 0.025078
3 2 0.037352 0.024873 0.278983 0.641568 0.017223
3 2 0.035802 0.020834 0.254120 0.675022 0.014222
3 2 0.033479 0.015398 0.214189 0.726684 0.010250
3 2 0.048287 0.017715 0.198371 0.724526 0.011102
3 2 0.038877 0.014770 0.194247 0.742886 0.009221
3 2 0.031689 0.009582 0.157078 0.795752 0.005899
3 2 0.029456 0.009446 0.161158 0.794098 0.005842
3 2 0.041031 0.009432 0.136606 0.807489 0.005443
3 2 0.049093 0.014359 0.169885 0.758105 0.008558
3 2 0.044976 0.012452 0.160052 0.775087 0.007432
3 2 0.054522 0.019230 0.197125 0.716457 0.012667
3 2 0.094517 0.038871 0.237038 0.602831 0.026743
3 2 0.124157 0.066591 0.276879 0.482223 0.050150
2 2 0.072506 0.073674 0.409308 0.389974 0.054538
2 2 0.039465 0.076402 0.651800 0.189118 0.043216
2 2 0.018226 0.044188 0.686804 0.223369 0.027413
2 2 0.013405 0.033976 0.683855 0.247161 0.021603
2 2 0.016067 0.031662 0.579707 0.350991 0.021573
2 2 0.020688 0.037554 0.524542 0.389892 0.027324
2 2 0.019919 0.040947 0.533195 0.375860 0.030079
2 2 0.018333 0.048799 0.596384 0.298564 0.037920
2 2 0.008860 0.029195 0.691904 0.250632 0.019409
2 2 0.006945 0.021098 0.662535 0.295068 0.014355
2 2 0.008682 0.017210 0.525314 0.436641 0.012153
3 2 0.016314 0.023740 0.415521 0.524965 0.019460
3 2 0.021114 0.025203 0.353486 0.578614 0.021583
3 2 0.015518 0.020374 0.353254 0.592875 0.017979
3 2 0.010962 0.016113 0.353234 0.605156 0.014535
3 2 0.014079 0.020305 0.383207 0.564881 0.017527
3 2 0.016141 0.020209 0.370701 0.576212 0.016737
3 2 0.018788 0.023529 0.354570 0.581437 0.021675
3 2 0.020463 0.021533 0.325945 0.612890 0.019168
2 2 0.025953 0.045834 0.519420 0.371459 0.037334
3 2 0.019449 0.025499 0.418675 0.516962 0.019415
3 2 0.030004 0.020578 0.269797 0.662499 0.017122
3 3 0.040536 0.036508 0.333465 0.558904 0.030586
3 3 0.060790 0.019344 0.187949 0.719792 0.012125
3 3 0.094508 0.022922 0.169489 0.700599 0.012482
3 3 0.059420 0.015474 0.163185 0.753210 0.008711
3 3 0.045827 0.015599 0.186435 0.742635 0.009503
3 3 0.055473 0.022627 0.218466 0.688487 0.014946
3 3 0.077886 0.025679 0.201497 0.679058 0.015880
3 3 0.113645 0.031495 0.189299 0.646427 0.019134
3 3 0.126571 0.037109 0.199766 0.615679 0.020875
3 3 0.113671 0.033264 0.197152 0.636937 0.018976
3 3 0.067997 0.020265 0.184260 0.715726 0.011752
3 3 0.086266 0.020689 0.165291 0.716179 0.011576
3 3 0.122054 0.030394 0.178965 0.652089 0.016497
3 3 0.133095 0.027873 0.160765 0.663620 0.014647
3 3 0.119475 0.028476 0.173227 0.663369 0.015453
3 3 0.121758 0.030054 0.177031 0.653715 0.017442
3 3 0.105603 0.036794 0.217401 0.616843 0.023359
3 3 0.079787 0.048909 0.291478 0.541296 0.038532
2 3 0.060762 0.103255 0.407351 0.287295 0.141337
4 4 0.032534 0.148457 0.308360 0.049628 0.461021
4 4 0.030994 0.160492 0.290399 0.016358 0.501757
4 4 0.034972 0.175812 0.299514 0.011907 0.477796
2 4 0.070271 0.211888 0.409412 0.018391 0.290037
2 4 0.053532 0.153007 0.648827 0.019741 0.124893
2 4 0.056869 0.142977 0.680591 0.023341 0.096222
2 4 0.045217 0.151467 0.621829 0.021076 0.160410
2 4 0.058821 0.189425 0.494234 0.018601 0.238919
2 4 0.061623 0.207808 0.372163 0.016991 0.341415
4 4 0.059279 0.209796 0.294224 0.015420 0.421282
4 4 0.040817 0.186061 0.242984 0.011492 0.518647
4 4 0.033418 0.172415 0.233224 0.010499 0.550443
4 4 0.017125 0.109722 0.062536 0.005466 0.805151
4 4 0.015127 0.099390 0.045633 0.004280 0.835570
4 4 0.013978 0.095455 0.041353 0.003661 0.845553
4 4 0.018138 0.107811 0.046460 0.004546 0.823046
4 4 0.022187 0.117883 0.047360 0.004860 0.807709
4 4 0.024855 0.124173 0.050134 0.005398 0.795440
4 4 0.015588 0.099929 0.039260 0.003468 0.841755
4 4 0.012618 0.090864 0.038829 0.003283 0.854406
4 4 0.018768 0.107694 0.034365 0.002968 0.836205
4 4 0.022842 0.118256 0.039247 0.003730 0.815925
4 4 0.025465 0.124931 0.045658 0.004739 0.799207
4 4 0.031628 0.155726 0.123924 0.009438 0.679284
4 4 0.028927 0.151346 0.151106 0.011370 0.657250
4 4 0.024031 0.126258 0.085978 0.010642 0.753089
4 4 0.025573 0.127760 0.078853 0.010507 0.757307
4 4 0.025440 0.128317 0.079951 0.010196 0.756096
4 4 0.031471 0.146710 0.092685 0.009592 0.719543
4 4 0.028914 0.161760 0.200736 0.009289 0.599302
4 4 0.027817 0.161713 0.222295 0.008959 0.579215
4 4 0.026274 0.157093 0.350714 0.011351 0.454568
4 4 0.026018 0.157133 0.336152 0.010997 0.469700
2 4 0.026628 0.156347 0.417590 0.011243 0.388192
4 4 0.028106 0.162925 0.396993 0.010033 0.401944
4 4 0.027527 0.160404 0.241997 0.009892 0.560179
4 4 0.018462 0.120266 0.091360 0.006647 0.763265
4 4 0.015967 0.102284 0.050191 0.004960 0.826599
4 4 0.014391 0.096705 0.041338 0.003679 0.843887
4 4 0.017674 0.106612 0.046707 0.004558 0.824450
4 4 0.025986 0.151927 0.151627 0.007567 0.662892
4 4 0.031016 0.171254 0.254269 0.009107 0.534354
4 4 0.027184 0.161380 0.236895 0.008863 0.565678
4 4 0.024046 0.142232 0.126085 0.007521 0.700116
4 4 0.016951 0.104901 0.048924 0.004835 0.824389
4 4 0.017242 0.104690 0.040575 0.003705 0.833788
4 4 0.014098 0.095101 0.036093 0.003017 0.851691
4 4 0.011550 0.087359 0.039105 0.003264 0.858721
4 4 0.011546 0.087533 0.040666 0.003452 0.856804
4 4 0.013530 0.093998 0.040717 0.003559 0.848196
4 4 0.014410 0.097366 0.046602 0.004372 0.837249
4 4 0.023125 0.136576 0.119317 0.008329 0.712654
4 4 0.021733 0.133185 0.119712 0.008175 0.717196
4 4 0.028966 0.160192 0.210653 0.010606 0.589583
4 4 0.028520 0.164241 0.264369 0.009801 0.533069
2 4 0.030007 0.153535 0.521214 0.012879 0.282364
2 4 0.033382 0.165285 0.466653 0.012748 0.321932
2 4 0.034860 0.155555 0.548812 0.015352 0.245422
2 4 0.035044 0.158040 0.518415 0.016558 0.271943
2 4 0.036048 0.170947 0.404962 0.015065 0.372978
2 4 0.033944 0.167513 0.396809 0.014907 0.386827
4 4 0.032073 0.167370 0.389518 0.012663 0.398376
2 4 0.032185 0.166380 0.400251 0.013163 0.388021
4 4 0.030912 0.164245 0.376213 0.013346 0.415285
4 4 0.031845 0.165683 0.340871 0.014163 0.447439
4 4 0.025834 0.149449 0.203051 0.011945 0.609720
4 4 0.026709 0.146813 0.166521 0.012365 0.647592
4 4 0.023372 0.139982 0.150790 0.009910 0.675947
4 4 0.028034 0.159490 0.279950 0.012064 0.520462
2 4 0.035016 0.169381 0.428810 0.013879 0.352914
2 4 0.029775 0.128714 0.674591 0.014173 0.152747
2 2 0.025286 0.099426 0.777586 0.014373 0.083329
2 2 0.022088 0.086616 0.813765 0.013483 0.064047
2 2 0.015779 0.055930 0.890196 0.012149 0.025946
2 2 0.016914 0.057322 0.886191 0.013370 0.026203
2 2 0.027565 0.069451 0.857153 0.018833 0.026999
2 2 0.026058 0.066065 0.858810 0.022987 0.026080
2 2 0.019728 0.049408 0.889343 0.025342 0.016179
2 2 0.015057 0.042785 0.902360 0.024706 0.015092
2 2 0.014481 0.043890 0.901617 0.023231 0.016782
2 2 0.015045 0.052888 0.885710 0.019902 0.026455
2 2 0.012414 0.043419 0.904963 0.020219 0.018985
2 2 0.008587 0.029918 0.924962 0.025588 0.010945
2 2 0.005311 0.019977 0.945382 0.023344 0.005986
2 2 0.003628 0.015552 0.952445 0.023736 0.004639
2 2 0.004549 0.017492 0.948895 0.024211 0.004853
2 2 0.006734 0.023069 0.932695 0.030603 0.006899
2 2 0.004914 0.019154 0.935242 0.034621 0.006069
2 2 0.003419 0.015202 0.937262 0.039179 0.004937
2 2 0.003388 0.015840 0.931674 0.043257 0.005841
2 2 0.003847 0.017013 0.926544 0.046449 0.006146
2 2 0.005042 0.020951 0.918780 0.047008 0.008218
2 2 0.005161 0.021246 0.919228 0.046073 0.008292
2 2 0.006349 0.023684 0.921163 0.040255 0.008549
2 2 0.005192 0.020275 0.929348 0.038344 0.006841
2 2 0.003840 0.016658 0.929140 0.044660 0.005703
2 2 0.002700 0.012755 0.935926 0.044640 0.003979
2 2 0.002037 0.010734 0.930997 0.052722 0.003509
2 2 0.002534 0.011756 0.946488 0.035972 0.003250
2 2 0.005766 0.020473 0.870140 0.095477 0.008144
2 2 0.011074 0.034254 0.886746 0.055137 0.012789
2 2 0.012385 0.035566 0.906060 0.034106 0.011882
2 2 0.009038 0.030243 0.890509 0.058358 0.011852
2 2 0.008907 0.031290 0.866080 0.079460 0.014262
2 2 0.006037 0.023679 0.882288 0.077966 0.010028
2 2 0.006626 0.024766 0.877624 0.080839 0.010145
2 2 0.005475 0.021483 0.894919 0.069895 0.008229
2 2 0.003846 0.016509 0.905751 0.068105 0.005789
2 2 0.002937 0.014194 0.898935 0.078539 0.005395
2 2 0.003088 0.013198 0.879942 0.098560 0.005212
2 2 0.004573 0.014552 0.830086 0.144509 0.006280
2 2 0.012923 0.021994 0.710206 0.245020 0.009857
2 2 0.068760 0.056509 0.570603 0.279656 0.024471
2 2 0.063214 0.074041 0.623969 0.206902 0.031875
2 2 0.034507 0.067137 0.771849 0.101368 0.025139
2 2 0.016142 0.043231 0.851351 0.072447 0.016829
2 2 0.005744 0.022018 0.914874 0.049406 0.007957
2 2 0.004416 0.019087 0.919232 0.049863 0.007402
2 2 0.004470 0.018569 0.917044 0.053277 0.006639
2 2 0.004113 0.017894 0.908949 0.062242 0.006802
2 2 0.005405 0.021577 0.883307 0.081004 0.008707
2 2 0.007006 0.027155 0.844030 0.108370 0.013439
2 2 0.007143 0.027209 0.838838 0.113586 0.013224
2 2 0.006202 0.025826 0.838045 0.116020 0.013907
2 2 0.004525 0.020986 0.853743 0.109667 0.011078
2 2 0.004984 0.022648 0.845790 0.114114 0.012465
2 2 0.005327 0.021990 0.821652 0.138709 0.012321
2 2 0.007928 0.030398 0.789837 0.153038 0.018800
2 2 0.008942 0.030179 0.763373 0.179274 0.018232
2 2 0.014642 0.045561 0.706496 0.201706 0.031595
2 2 0.017355 0.038880 0.554337 0.357721 0.031707
3 2 0.022213 0.035351 0.412262 0.497274 0.032899
3 2 0.017510 0.032019 0.427807 0.492563 0.030101
3 2 0.016494 0.033886 0.448122 0.468019 0.033479
2 2 0.011257 0.028225 0.588546 0.349459 0.022512
2 2 0.012343 0.033279 0.681940 0.249686 0.022752
2 2 0.009861 0.030377 0.776975 0.165984 0.016803
2 2 0.010629 0.028141 0.759011 0.187121 0.015098
2 2 0.014757 0.030099 0.680740 0.256969 0.017435
2 2 0.019751 0.029721 0.496082 0.433300 0.021147
3 2 0.038383 0.043363 0.375155 0.509168 0.033931
3 2 0.036324 0.038581 0.362656 0.534020 0.028419
2 2 0.021452 0.034515 0.500514 0.420022 0.023498
2 2 0.009531 0.028864 0.748150 0.197038 0.016418
2 2 0.006592 0.026660 0.818107 0.133938 0.014703
2 2 0.013132 0.042282 0.731797 0.184874 0.027915
2 2 0.020544 0.049727 0.542419 0.341178 0.046132
3 2 0.022880 0.029684 0.373935 0.547148 0.026353
3 2 0.025426 0.023019 0.311759 0.621358 0.018438
3 2 0.032041 0.031680 0.341326 0.570002 0.024951
3 2 0.024294 0.026381 0.344443 0.583923 0.020959
3 2 0.015157 0.020214 0.355604 0.591729 0.017296
3 2 0.014447 0.017948 0.338019 0.614175 0.015411
3 2 0.015138 0.018571 0.338974 0.611766 0.015552
3 2 0.028027 0.022902 0.299200 0.632600 0.017272
3 2 0.035871 0.024254 0.279600 0.643447 0.016827
3 2 0.027923 0.014469 0.223622 0.724388 0.009598
3 2 0.022915 0.014758 0.246784 0.704651 0.010893
3 3 0.017169 0.010142 0.217715 0.747437 0.007538
3 3 0.029907 0.016157 0.231837 0.710013 0.012087
3 3 0.052238 0.022974 0.227044 0.682332 0.015413
3 3 0.086930 0.026713 0.195896 0.674498 0.015963
3 3 0.121981 0.029210 0.174535 0.658830 0.015444
3 3 0.103848 0.021959 0.155963 0.706155 0.012074
3 3 0.075898 0.015428 0.143299 0.756957 0.008417
3 3 0.045773 0.009112 0.125813 0.814128 0.005174
3 3 0.048986 0.010751 0.137690 0.796483 0.006091
3 3 0.046703 0.011684 0.150174 0.784774 0.006664
3 3 0.066452 0.013726 0.140632 0.771284 0.007906
3 3 0.064381 0.012231 0.131417 0.785127 0.006843
3 3 0.085030 0.012047 0.111484 0.784682 0.006757
3 3 0.086194 0.012320 0.112590 0.782025 0.006870
3 3 0.092192 0.010966 0.099366 0.791649 0.005827
3 3 0.097318 0.013203 0.111124 0.771307 0.007047
3 3 0.075354 0.010363 0.106720 0.802186 0.005377
3 3 0.062760 0.011286 0.125355 0.794282 0.006317
3 3 0.053777 0.010754 0.130796 0.798325 0.006348
3 3 0.058177 0.011670 0.133071 0.789867 0.007215
3 3 0.081128 0.013177 0.122413 0.775764 0.007518
3 3 0.123889 0.022070 0.141690 0.700414 0.011937
3 3 0.160456 0.027776 0.143673 0.653967 0.014128
3 3 0.105755 0.021684 0.153237 0.707695 0.011628
3 3 0.094007 0.017767 0.141581 0.737125 0.009520
3 3 0.115039 0.018416 0.129901 0.727087 0.009557
3 3 0.125167 0.014704 0.104897 0.748238 0.006994
3 3 0.130730 0.015952 0.108443 0.736961 0.007914
3 3 0.152115 0.023771 0.132190 0.678979 0.012946
3 3 0.212977 0.043059 0.160235 0.559449 0.024280
3 3 0.174228 0.041500 0.178028 0.582818 0.023426
3 3 0.117003 0.031675 0.187029 0.645118 0.019176
3 3 0.077454 0.020992 0.175686 0.712808 0.013060
3 3 0.049707 0.013464 0.160596 0.767820 0.008413
3 3 0.040936 0.009846 0.140778 0.802414 0.006027
3 3 0.048047 0.009726 0.128711 0.807856 0.005660
3 3 0.053695 0.010328 0.127237 0.802871 0.005868
3 3 0.073733 0.011926 0.120200 0.787843 0.006298
3 3 0.078776 0.011190 0.110810 0.793690 0.005534
3 3 0.073290 0.008490 0.093207 0.820925 0.004087
3 3 0.062562 0.008553 0.102036 0.822527 0.004321
3 3 0.058407 0.009766 0.117189 0.809567 0.005071
3 3 0.065625 0.009517 0.107921 0.812066 0.004872
3 3 0.081820 0.011502 0.110526 0.790227 0.005926
3 3 0.108534 0.013145 0.104317 0.767343 0.006660
3 3 0.116086 0.015713 0.114723 0.745316 0.008162
3 3 0.098371 0.022320 0.162251 0.704365 0.012693
3 3 0.070876 0.033521 0.249303 0.622853 0.023447
3 3 0.042820 0.033125 0.309116 0.588212 0.026726
3 3 0.034891 0.029030 0.312808 0.599998 0.023273
3 3 0.034683 0.022428 0.268272 0.657240 0.017377
3 3 0.035753 0.015306 0.206375 0.732144 0.010422
3 3 0.041497 0.016232 0.200795 0.731095 0.010381
3 3 0.044115 0.024428 0.255919 0.658942 0.016595
3 3 0.043776 0.032639 0.305380 0.594118 0.024087
3 3 0.027138 0.021416 0.291620 0.644177 0.015651
3 3 0.027352 0.019638 0.274884 0.663590 0.014536
3 3 0.035289 0.019728 0.246599 0.684737 0.013647
3 3 0.047122 0.023076 0.238463 0.675032 0.016307
3 3 0.098238 0.034289 0.216200 0.629953 0.021319
3 3 0.134562 0.096362 0.316925 0.388963 0.063187
3 3 0.058998 0.023786 0.220086 0.682389 0.014741
3 3 0.063894 0.034927 0.266101 0.607038 0.028038
3 3 0.095465 0.074339 0.324951 0.437390 0.067855
3 3 0.123375 0.039240 0.207114 0.603573 0.026698
3 3 0.140913 0.052892 0.231341 0.540232 0.034622
3 3 0.107174 0.065346 0.296317 0.483640 0.047523
3 2 0.042005 0.041958 0.353336 0.526688 0.036012
3 2 0.020052 0.025291 0.358841 0.571468 0.024347
3 2 0.018779 0.021948 0.340481 0.598340 0.020451
3 2 0.022878 0.023682 0.329576 0.603108 0.020755
3 2 0.033203 0.026052 0.298122 0.620133 0.022490
3 2 0.035866 0.026818 0.293324 0.620829 0.023163
3 2 0.052004 0.041125 0.318895 0.551869 0.036108
3 2 0.072510 0.045112 0.291857 0.555526 0.034996
3 2 0.111838 0.066993 0.294843 0.479551 0.046775
3 2 0.204620 0.114516 0.268775 0.341402 0.070687
3 2 0.220447 0.112153 0.254932 0.343845 0.068623
3 2 0.165507 0.093630 0.295071 0.385227 0.060565
2 2 0.137506 0.131040 0.458772 0.203328 0.069354
2 2 0.057868 0.107117 0.672036 0.107313 0.055665
2 2 0.033808 0.071270 0.746709 0.115043 0.033170
2 2 0.014606 0.042718 0.797032 0.124820 0.020824
2 2 0.012176 0.037448 0.812105 0.120871 0.017399
2 2 0.009027 0.029887 0.853701 0.095186 0.012198
2 2 0.005395 0.022337 0.859213 0.102813 0.010241
2 2 0.003443 0.016525 0.869961 0.102684 0.007387
2 2 0.004195 0.018061 0.842552 0.126414 0.008778
2 2 0.004177 0.018844 0.846027 0.121414 0.009538
2 2 0.004690 0.020450 0.876561 0.089083 0.009216
2 2 0.005256 0.021618 0.890877 0.073202 0.009047
2 2 0.006809 0.026268 0.862399 0.092337 0.012187
2 2 0.014054 0.044770 0.786167 0.128570 0.026438
2 2 0.023573 0.063252 0.718359 0.153349 0.041467
2 2 0.023660 0.071043 0.745093 0.107985 0.052218
2 2 0.019360 0.061882 0.811863 0.067298 0.039596
2 2 0.019736 0.076795 0.806513 0.033428 0.063529
2 4 0.023830 0.096983 0.761876 0.022818 0.094493
2 4 0.036153 0.153470 0.573857 0.015822 0.220698
2 4 0.062061 0.196199 0.441469 0.021518 0.278752
2 4 0.098275 0.225600 0.399728 0.025665 0.250731
2 4 0.065361 0.207747 0.382020 0.019580 0.325292
4 4 0.044717 0.188936 0.244906 0.013824 0.507617
4 4 0.027136 0.144726 0.142285 0.011951 0.673900
4 4 0.015131 0.100430 0.056730 0.005861 0.821847
4 4 0.014823 0.098727 0.047832 0.004563 0.834054
4 4 0.014592 0.097310 0.041377 0.003694 0.843026
4 4 0.013605 0.091963 0.026914 0.001972 0.865546
4 4 0.012078 0.086954 0.025885 0.001826 0.873258
4 4 0.014253 0.094957 0.032324 0.002582 0.855884
4 4 0.019303 0.109667 0.038092 0.003458 0.829480
4 4 0.025496 0.124257 0.040567 0.003998 0.805681
4 4 0.028752 0.131529 0.044916 0.004745 0.790059
4 4 0.028760 0.158215 0.156500 0.008163 0.648363
4 4 0.027379 0.157690 0.172060 0.007922 0.634949
4 4 0.023913 0.151061 0.194462 0.007967 0.622596
4 4 0.020026 0.130948 0.119321 0.006922 0.722784
4 4 0.020743 0.132805 0.121670 0.007238 0.717543
4 4 0.020104 0.124380 0.091163 0.006920 0.757433
4 4 0.023371 0.135970 0.113778 0.008343 0.718538
4 4 0.023373 0.135274 0.113460 0.008658 0.719235
4 4 0.021831 0.138636 0.158424 0.008949 0.672160
4 4 0.023414 0.146426 0.173934 0.008350 0.647875
4 4 0.030436 0.167800 0.245144 0.009829 0.546790
2 4 0.039347 0.180353 0.414060 0.012530 0.353711
2 4 0.068413 0.196550 0.477421 0.022256 0.235361
2 4 0.106332 0.204860 0.492115 0.032900 0.163793
2 1 0.143197 0.224468 0.432406 0.037860 0.162068
2 1 0.057345 0.144800 0.668969 0.028295 0.100591
2 1 0.038034 0.095457 0.791913 0.027872 0.046725
2 2 0.022998 0.068887 0.848073 0.024896 0.035147
2 2 0.017477 0.053073 0.872932 0.031848 0.024670
2 2 0.015652 0.050525 0.872183 0.035977 0.025663
2 2 0.015588 0.051993 0.868838 0.035157 0.028425
2 2 0.017133 0.063043 0.846611 0.030325 0.042888
2 2 0.015492 0.056788 0.861464 0.030962 0.035294
2 2 0.015312 0.057638 0.855811 0.033756 0.037484
2 2 0.011723 0.041738 0.884883 0.040683 0.020972
2 2 0.012992 0.045171 0.864422 0.053149 0.024266
2 2 0.011724 0.040980 0.865327 0.060329 0.021639
2 2 0.012411 0.042532 0.863423 0.059122 0.022512
2 2 0.011593 0.042741 0.880865 0.041718 0.023083
2 2 0.015583 0.068131 0.827948 0.029472 0.058866
2 2 0.021982 0.094628 0.771047 0.019105 0.093238
2 2 0.030268 0.132497 0.648897 0.015801 0.172537
2 2 0.033780 0.136038 0.647323 0.017336 0.165523
2 2 0.041984 0.144365 0.635763 0.020868 0.157020
2 2 0.033349 0.113151 0.731978 0.022845 0.098677
2 2 0.035915 0.117614 0.721305 0.023042 0.102124
2 2 0.032528 0.121277 0.694110 0.021919 0.130166
2 2 0.035498 0.146599 0.586447 0.019533 0.211923
2 4 0.034605 0.161429 0.490519 0.015547 0.297900
2 4 0.036693 0.165353 0.495496 0.014911 0.287548
4 4 0.036738 0.176115 0.363366 0.013569 0.410213
4 4 0.031409 0.165253 0.254174 0.012703 0.536460
4 4 0.025116 0.144498 0.166519 0.011295 0.652571
4 4 0.019850 0.124934 0.109792 0.008579 0.736845
4 4 0.025795 0.142987 0.133679 0.010085 0.687454
4 4 0.031527 0.163575 0.217781 0.012409 0.574708
2 2 0.038214 0.168207 0.461242 0.017154 0.315184
2 2 0.029079 0.145736 0.555815 0.014506 0.254864
2 2 0.028813 0.133730 0.632353 0.015212 0.189892
2 2 0.031264 0.129091 0.675051 0.015577 0.149017
2 2 0.032362 0.122968 0.709200 0.015414 0.120056
2 2 0.030175 0.121621 0.706659 0.014857 0.126688
2 2 0.031201 0.130869 0.673960 0.014097 0.149873
2 2 0.031991 0.152364 0.565821 0.012537 0.237288
2 2 0.032949 0.149981 0.594044 0.012434 0.210593
2 2 0.035585 0.151891 0.599813 0.013220 0.199491
2 2 0.033338 0.130692 0.687717 0.013966 0.134287
2 2 0.034931 0.134561 0.669278 0.015834 0.145396
2 2 0.028565 0.105824 0.759207 0.017062 0.089342
2 2 0.025167 0.090402 0.806579 0.015059 0.062793
2 2 0.014232 0.052226 0.894536 0.014009 0.024997
2 2 0.011976 0.043140 0.912488 0.014315 0.018080
2 2 0.010144 0.032841 0.927419 0.018737 0.010858
2 2 0.013169 0.039451 0.906164 0.026773 0.014443
2 2 0.014326 0.040923 0.905438 0.025075 0.014239
2 2 0.013434 0.044801 0.901793 0.020836 0.019136
2 2 0.011629 0.038656 0.918617 0.016899 0.014200
2 2 0.019433 0.068415 0.864151 0.011831 0.036170
2 2 0.022741 0.083352 0.805394 0.026798 0.061715
