2 0 0.314444 0.026921 0.351547 0.270354 0.036734
0 0 0.588747 0.052099 0.317944 0.022265 0.018945
0 0 0.542222 0.028994 0.371338 0.045743 0.011704
0 0 0.608635 0.034810 0.329110 0.016141 0.011304
0 0 0.632390 0.037227 0.309074 0.009790 0.011520
0 0 0.656073 0.044076 0.281910 0.006153 0.011788
0 0 0.608448 0.045085 0.315140 0.013837 0.017490
0 0 0.573736 0.030148 0.358307 0.024032 0.013777
0 0 0.566921 0.027745 0.366112 0.026110 0.013112
0 0 0.610189 0.031343 0.333263 0.014186 0.011019
0 0 0.631334 0.036162 0.311321 0.010203 0.010980
0 0 0.603243 0.035654 0.331696 0.016357 0.013050
0 0 0.633199 0.028482 0.320406 0.009753 0.008161
0 0 0.641188 0.032762 0.308382 0.008611 0.009056
0 0 0.644844 0.030794 0.308145 0.008252 0.007964
0 0 0.584601 0.030962 0.350308 0.021627 0.012503
0 0 0.602509 0.032792 0.336322 0.016355 0.012022
0 0 0.576012 0.037938 0.344886 0.023831 0.017332
0 0 0.551238 0.030242 0.370080 0.032227 0.016213
0 0 0.578709 0.030244 0.355300 0.022298 0.013449
0 0 0.613713 0.036698 0.323210 0.013746 0.012634
0 0 0.547557 0.025448 0.379527 0.034734 0.012733
0 0 0.512336 0.023920 0.396018 0.053414 0.014313
0 0 0.574897 0.023988 0.367157 0.024299 0.009659
0 0 0.581434 0.028500 0.355939 0.022710 0.011417
0 0 0.614535 0.028539 0.334028 0.014058 0.008839
0 0 0.615656 0.040678 0.316445 0.013813 0.013407
0 0 0.652856 0.039196 0.290899 0.007146 0.009903
0 0 0.623228 0.056644 0.290292 0.010439 0.019396
0 0 0.595326 0.057352 0.307106 0.016489 0.023726
0 0 0.548339 0.053200 0.336027 0.032596 0.029838
0 0 0.493330 0.045291 0.363592 0.063230 0.034557
0 0 0.480251 0.043358 0.373977 0.067928 0.034486
0 0 0.482372 0.047240 0.397802 0.045928 0.026658
0 0 0.472601 0.050030 0.413753 0.039614 0.024002
0 0 0.476052 0.042024 0.416339 0.043535 0.022050
0 0 0.480804 0.040713 0.404968 0.049358 0.024158
0 0 0.537338 0.040024 0.360108 0.037963 0.024567
0 0 0.569665 0.042755 0.341242 0.025035 0.021303
0 0 0.608250 0.044236 0.316520 0.014448 0.016546
0 0 0.636120 0.047412 0.293136 0.009217 0.014115
0 0 0.641704 0.047776 0.288410 0.008083 0.014027
0 0 0.634782 0.051853 0.288254 0.008813 0.016298
0 0 0.594898 0.055490 0.312828 0.015186 0.021598
0 0 0.536126 0.056321 0.361523 0.023052 0.022978
0 0 0.461703 0.066946 0.420581 0.028016 0.022755
2 0 0.423272 0.069377 0.449648 0.034009 0.023694
2 0 0.380566 0.054230 0.470953 0.067212 0.027039
2 0 0.406180 0.049415 0.458835 0.060550 0.025020
0 0 0.464268 0.055043 0.429081 0.031341 0.020268
0 0 0.578064 0.047669 0.343721 0.014334 0.016212
0 0 0.579689 0.050152 0.345979 0.010703 0.013477
0 0 0.627277 0.046574 0.301875 0.009663 0.014611
0 0 0.601687 0.047307 0.321843 0.012806 0.016356
0 0 0.607628 0.046619 0.313646 0.014148 0.017958
0 0 0.601115 0.044325 0.320946 0.015902 0.017712
0 0 0.635216 0.045022 0.296824 0.009395 0.013544
0 0 0.656712 0.036995 0.290499 0.006364 0.009432
0 0 0.675632 0.035908 0.276145 0.004334 0.007981
0 0 0.663788 0.040797 0.279856 0.005389 0.010171
0 0 0.639781 0.044815 0.293714 0.008681 0.013009
0 0 0.661799 0.028695 0.297071 0.005835 0.006600
0 0 0.673593 0.028440 0.287295 0.004401 0.006272
0 0 0.655029 0.040997 0.286717 0.006471 0.010787
0 0 0.581478 0.035514 0.345430 0.022061 0.015518
0 0 0.596672 0.028849 0.345977 0.017857 0.010645
0 0 0.594305 0.026284 0.351552 0.018059 0.009801
0 0 0.612948 0.038804 0.320784 0.014828 0.012635
0 0 0.596996 0.036580 0.333950 0.019987 0.012487
0 0 0.621860 0.036231 0.317983 0.013700 0.010227
0 0 0.653940 0.031934 0.299389 0.007442 0.007295
0 0 0.685228 0.028893 0.276703 0.003720 0.005456
0 0 0.681759 0.033460 0.273953 0.003843 0.006984
0 0 0.707255 0.023221 0.263762 0.002212 0.003550
0 0 0.700461 0.023096 0.270189 0.002650 0.003605
0 0 0.717161 0.017309 0.261667 0.001740 0.002124
0 0 0.694676 0.024548 0.273671 0.003046 0.004060
0 0 0.707082 0.018920 0.269179 0.002272 0.002546
0 1 0.676134 0.030569 0.282554 0.004580 0.006162
0 1 0.709275 0.020693 0.264979 0.002130 0.002923
0 1 0.715293 0.020489 0.259590 0.001812 0.002815
0 0 0.725185 0.018311 0.252850 0.001392 0.002262
0 0 0.700965 0.022973 0.269878 0.002617 0.003567
0 0 0.664355 0.022098 0.303555 0.005362 0.004629
0 0 0.625931 0.022697 0.334311 0.010451 0.006610
0 0 0.594602 0.020957 0.360251 0.016393 0.007797
0 0 0.565303 0.020336 0.379760 0.025776 0.008825
0 0 0.526985 0.025565 0.386835 0.047099 0.013516
0 0 0.405455 0.022236 0.397187 0.156836 0.018287
0 0 0.524459 0.028278 0.381466 0.051348 0.014449
0 0 0.549156 0.033793 0.362101 0.040503 0.014447
0 0 0.545602 0.030213 0.369575 0.041400 0.013210
0 0 0.461822 0.025865 0.394643 0.101095 0.016576
0 0 0.496589 0.019504 0.408302 0.064249 0.011356
0 0 0.482545 0.024164 0.402800 0.073273 0.017217
0 0 0.571299 0.034896 0.351816 0.026366 0.015623
0 0 0.596329 0.040729 0.328906 0.018422 0.015614
0 0 0.620036 0.034614 0.321647 0.012692 0.011010
0 1 0.626480 0.045178 0.302737 0.010388 0.015218
0 1 0.651853 0.044649 0.284465 0.006596 0.012437
0 1 0.658461 0.043054 0.281304 0.005910 0.011271
0 0 0.653291 0.036563 0.293954 0.007293 0.008899
0 0 0.561883 0.033193 0.358694 0.031588 0.014642
0 0 0.553374 0.028384 0.370106 0.035699 0.012437
0 0 0.451618 0.020625 0.411129 0.101338 0.015290
0 0 0.569557 0.025462 0.367640 0.026700 0.010641
0 0 0.589649 0.034636 0.341482 0.021179 0.013054
0 0 0.537052 0.032581 0.369333 0.045569 0.015465
2 0 0.363536 0.020087 0.384150 0.214908 0.017320
3 0 0.275938 0.014962 0.343995 0.348779 0.016325
3 0 0.279503 0.018469 0.339529 0.340299 0.022201
0 0 0.399050 0.028629 0.381593 0.165278 0.025450
0 0 0.556125 0.038361 0.353126 0.035149 0.017239
0 0 0.614474 0.031132 0.330328 0.014391 0.009676
0 0 0.621074 0.043475 0.308964 0.012128 0.014360
0 0 0.641554 0.043067 0.294656 0.008556 0.012167
0 0 0.652406 0.041562 0.288175 0.006977 0.010881
0 0 0.651686 0.045968 0.282955 0.006614 0.012776
0 1 0.447033 0.131326 0.263219 0.045840 0.112581
0 1 0.335394 0.162080 0.219629 0.077072 0.205826
0 1 0.346421 0.113317 0.263032 0.113795 0.163434
4 1 0.248747 0.174189 0.176314 0.104291 0.296460
0 1 0.392839 0.148138 0.243976 0.060384 0.154664
0 1 0.379697 0.151697 0.238741 0.064094 0.165771
0 1 0.283950 0.189538 0.246803 0.086675 0.193034
2 2 0.152205 0.204042 0.436912 0.086439 0.120401
2 2 0.109336 0.153197 0.607368 0.060025 0.070074
2 2 0.068715 0.104165 0.744934 0.040545 0.041641
2 2 0.080882 0.102181 0.736361 0.038559 0.042017
2 2 0.091833 0.093104 0.737846 0.035179 0.042038
2 2 0.053934 0.079568 0.808063 0.029841 0.028594
2 2 0.043248 0.077484 0.821953 0.030376 0.026939
2 2 0.023355 0.052899 0.883907 0.024911 0.014927
2 2 0.021014 0.052482 0.884893 0.025984 0.015628
2 2 0.015225 0.046597 0.904909 0.021571 0.011699
2 2 0.013871 0.040341 0.915484 0.019463 0.010841
2 2 0.012838 0.034554 0.915490 0.025847 0.011271
2 2 0.011096 0.028155 0.928778 0.023079 0.008892
2 2 0.012023 0.026791 0.934051 0.019751 0.007384
2 2 0.010946 0.021033 0.947298 0.015268 0.005455
2 2 0.008914 0.018217 0.954886 0.013533 0.004451
2 2 0.009144 0.018374 0.947025 0.019537 0.005920
2 2 0.008668 0.016785 0.921913 0.044118 0.008516
2 2 0.006850 0.013270 0.823813 0.143692 0.012374
2 3 0.006096 0.011520 0.729431 0.238648 0.014305
2 3 0.005160 0.008638 0.583657 0.387098 0.015447
3 3 0.004044 0.006788 0.451450 0.522791 0.014926
3 3 0.003671 0.005829 0.386634 0.589048 0.014818
3 3 0.003574 0.005157 0.381630 0.595590 0.014049
3 3 0.004625 0.006459 0.379725 0.591388 0.017804
3 3 0.004943 0.006326 0.309334 0.660763 0.018633
3 3 0.005240 0.006156 0.249365 0.719982 0.019257
3 3 0.003687 0.003500 0.151440 0.827345 0.014028
3 3 0.002816 0.002364 0.124496 0.859171 0.011153
3 3 0.002945 0.002356 0.114068 0.869158 0.011473
3 3 0.003480 0.003131 0.147351 0.832654 0.013384
3 3 0.003103 0.002879 0.146217 0.835599 0.012202
3 3 0.002980 0.003090 0.162239 0.819798 0.011892
3 3 0.003824 0.003440 0.137496 0.840897 0.014343
3 3 0.004178 0.003225 0.118172 0.859197 0.015228
3 3 0.005332 0.003844 0.108789 0.863657 0.018378
3 3 0.005021 0.003333 0.116241 0.857736 0.017669
3 3 0.005530 0.003353 0.100867 0.871390 0.018860
3 3 0.004150 0.002171 0.076460 0.902569 0.014650
3 3 0.003488 0.001617 0.046762 0.935969 0.012163
3 3 0.003145 0.001446 0.042063 0.942270 0.011076
3 3 0.004022 0.001881 0.042064 0.938560 0.013473
3 3 0.004260 0.002281 0.052020 0.927070 0.014369
3 3 0.004195 0.002661 0.076274 0.902170 0.014700
3 3 0.004314 0.002791 0.110498 0.866812 0.015585
3 3 0.004608 0.003222 0.130523 0.844982 0.016665
3 3 0.004228 0.002853 0.119395 0.858082 0.015442
3 3 0.004375 0.002535 0.084640 0.893052 0.015399
3 3 0.003615 0.001679 0.042940 0.939360 0.012406
3 3 0.003334 0.001356 0.034599 0.949304 0.011406
3 3 0.002175 0.000822 0.025236 0.963900 0.007866
3 3 0.002403 0.000999 0.032702 0.955164 0.008732
3 3 0.001886 0.000753 0.028004 0.962268 0.007088
3 3 0.002105 0.000863 0.028910 0.960366 0.007757
3 3 0.002651 0.000960 0.025529 0.961630 0.009230
3 3 0.002381 0.000912 0.023412 0.964912 0.008383
3 3 0.002437 0.001131 0.027531 0.960255 0.008646
3 3 0.002402 0.000998 0.028724 0.959269 0.008607
3 3 0.003032 0.001224 0.032564 0.952672 0.010509
3 3 0.002472 0.000987 0.031276 0.956369 0.008897
3 3 0.002061 0.000751 0.022443 0.967295 0.007449
3 3 0.002461 0.001065 0.029575 0.958105 0.008794
3 3 0.002593 0.001196 0.025518 0.961683 0.009010
3 3 0.002466 0.001141 0.024705 0.963062 0.008626
3 3 0.001896 0.000812 0.019265 0.971201 0.006825
3 3 0.002472 0.000977 0.025066 0.962794 0.008692
3 3 0.002083 0.000758 0.026304 0.963219 0.007637
3 3 0.002031 0.000805 0.031872 0.957670 0.007622
3 3 0.001702 0.000753 0.027393 0.963660 0.006493
3 3 0.002639 0.001325 0.038298 0.948223 0.009514
3 3 0.002546 0.001174 0.030107 0.957138 0.009035
3 3 0.002635 0.001151 0.028804 0.958158 0.009253
3 3 0.001899 0.000803 0.023749 0.966563 0.006987
3 3 0.002287 0.000784 0.018428 0.970571 0.007930
3 3 0.002741 0.000783 0.016690 0.970681 0.009105
3 3 0.002307 0.000656 0.014288 0.974945 0.007803
3 3 0.002086 0.000608 0.013710 0.976433 0.007163
3 3 0.003006 0.000921 0.017590 0.968648 0.009835
3 3 0.008474 0.002286 0.030124 0.935254 0.023862
3 3 0.045248 0.009068 0.091105 0.796824 0.057755
3 2 0.146665 0.022321 0.226631 0.537119 0.067263
2 3 0.226955 0.051867 0.411516 0.257622 0.052039
2 3 0.227845 0.075363 0.461435 0.185023 0.050334
2 2 0.065079 0.043087 0.709743 0.161040 0.021052
2 2 0.061579 0.043884 0.746336 0.128954 0.019247
2 2 0.068213 0.056619 0.730778 0.122928 0.021462
2 2 0.062901 0.058432 0.757872 0.101997 0.018799
2 2 0.046780 0.050860 0.806970 0.081425 0.013965
2 2 0.047770 0.041653 0.831753 0.067188 0.011636
2 2 0.051267 0.043962 0.838980 0.054292 0.011498
2 2 0.056030 0.049643 0.820411 0.060650 0.013266
2 2 0.040781 0.040845 0.851671 0.056209 0.010494
2 2 0.030473 0.028696 0.870930 0.061273 0.008627
2 2 0.020962 0.018721 0.898169 0.055909 0.006239
2 2 0.019427 0.018634 0.895367 0.060111 0.006460
2 2 0.019800 0.023372 0.897681 0.051654 0.007494
2 2 0.014786 0.022847 0.923541 0.033108 0.005718
2 2 0.010949 0.020150 0.944450 0.020251 0.004200
2 2 0.007798 0.016908 0.958260 0.014086 0.002948
2 2 0.007128 0.017144 0.958095 0.014519 0.003115
2 2 0.007685 0.019935 0.952738 0.015941 0.003701
2 2 0.009049 0.022899 0.947888 0.015967 0.004197
2 2 0.008768 0.019025 0.946347 0.021392 0.004468
2 2 0.010240 0.016178 0.932138 0.035856 0.005587
2 2 0.010477 0.014213 0.896704 0.071923 0.006682
2 2 0.008466 0.012867 0.858675 0.112601 0.007391
2 2 0.008932 0.012893 0.871391 0.099827 0.006956
2 2 0.008241 0.013892 0.914305 0.058156 0.005405
2 2 0.008341 0.012854 0.923785 0.050086 0.004935
2 2 0.008521 0.014154 0.920904 0.051135 0.005286
2 2 0.011588 0.019305 0.895838 0.065444 0.007824
2 3 0.010066 0.018516 0.845072 0.116588 0.009758
2 3 0.011485 0.019451 0.844499 0.113779 0.010786
2 3 0.012146 0.022458 0.863583 0.087757 0.014057
2 3 0.023937 0.025310 0.777985 0.153808 0.018959
2 3 0.019379 0.037927 0.643685 0.267747 0.031261
2 3 0.009146 0.024285 0.699159 0.243354 0.024056
2 3 0.015617 0.017087 0.624993 0.325426 0.016876
2 3 0.021229 0.014291 0.488071 0.457402 0.019007
2 3 0.069874 0.034926 0.582823 0.281672 0.030705
2 2 0.035282 0.029499 0.750330 0.166243 0.018646
2 2 0.024786 0.026832 0.820113 0.112046 0.016223
2 2 0.013559 0.018215 0.811067 0.141617 0.015543
2 2 0.013646 0.015468 0.757405 0.196802 0.016679
2 2 0.015406 0.017361 0.718870 0.229563 0.018799
2 2 0.014057 0.016153 0.818492 0.138366 0.012933
2 2 0.015617 0.020763 0.853120 0.097467 0.013034
2 2 0.014596 0.023823 0.877156 0.072314 0.012111
2 2 0.011915 0.022645 0.888877 0.065172 0.011391
2 2 0.009003 0.020095 0.923185 0.039701 0.008015
2 2 0.007929 0.017147 0.927122 0.040125 0.007676
2 2 0.005084 0.011303 0.942129 0.036204 0.005280
2 2 0.005460 0.011554 0.928633 0.047828 0.006525
2 2 0.005604 0.009939 0.908277 0.068769 0.007411
2 2 0.007049 0.012170 0.863882 0.105310 0.011588
2 2 0.006496 0.011101 0.847743 0.123205 0.011456
2 2 0.007219 0.013763 0.870849 0.096086 0.012083
2 2 0.007251 0.013959 0.850914 0.114813 0.013064
2 3 0.008205 0.013872 0.820324 0.142124 0.015474
2 3 0.008712 0.012630 0.659843 0.296420 0.022395
2 3 0.006976 0.009426 0.496578 0.463368 0.023652
3 3 0.007694 0.009019 0.393133 0.563262 0.026893
3 3 0.006168 0.006522 0.305011 0.659985 0.022313
3 3 0.004887 0.005021 0.241455 0.730393 0.018244
3 3 0.004469 0.004324 0.186437 0.788109 0.016661
3 3 0.004562 0.003748 0.128298 0.846954 0.016439
3 3 0.005554 0.004290 0.111275 0.859884 0.018997
3 3 0.010149 0.006056 0.120208 0.838140 0.025447
3 3 0.028384 0.018880 0.277900 0.635523 0.039313
2 2 0.064258 0.045903 0.441906 0.395231 0.052701
2 2 0.077206 0.072315 0.622819 0.181401 0.046258
2 2 0.055441 0.076238 0.708781 0.119196 0.040345
2 2 0.025801 0.043586 0.842735 0.066500 0.021378
2 2 0.014468 0.027023 0.845602 0.094562 0.018345
2 2 0.009511 0.016958 0.883260 0.079056 0.011215
2 2 0.009073 0.016907 0.911412 0.053230 0.009378
2 2 0.007652 0.011314 0.926800 0.047075 0.007158
2 2 0.006005 0.008559 0.929125 0.050426 0.005885
2 2 0.005592 0.007893 0.926105 0.054863 0.005547
2 2 0.005529 0.008152 0.908639 0.071333 0.006346
2 2 0.005413 0.008221 0.895437 0.083902 0.007027
2 2 0.006219 0.008952 0.901737 0.075756 0.007336
2 2 0.004989 0.007083 0.922527 0.059779 0.005622
2 2 0.005219 0.007586 0.914183 0.066664 0.006348
2 2 0.005883 0.007703 0.894417 0.084103 0.007894
2 2 0.009797 0.011764 0.877440 0.089615 0.011383
2 2 0.008642 0.010660 0.844186 0.123543 0.012970
2 2 0.009006 0.012086 0.887599 0.080371 0.010938
2 2 0.005482 0.008433 0.845665 0.130334 0.010086
2 2 0.006814 0.009067 0.792994 0.178735 0.012389
2 2 0.009599 0.010605 0.736029 0.228184 0.015584
2 2 0.054369 0.025394 0.619939 0.257480 0.042818
2 2 0.211376 0.046992 0.439969 0.210471 0.091192
0 1 0.372043 0.105216 0.279287 0.111331 0.132123
2 2 0.196847 0.113569 0.475756 0.124771 0.089058
2 2 0.119254 0.084893 0.607844 0.131915 0.056094
2 2 0.014154 0.018684 0.920851 0.037286 0.009025
2 2 0.011529 0.016368 0.923101 0.040834 0.008168
2 2 0.012861 0.018282 0.918922 0.039849 0.010085
2 2 0.015203 0.020503 0.904326 0.045502 0.014466
2 2 0.024133 0.029189 0.875264 0.044585 0.026829
2 2 0.055347 0.056900 0.762821 0.052008 0.072923
2 2 0.093760 0.114538 0.538059 0.082960 0.170683
2 4 0.175736 0.161170 0.283895 0.107424 0.271775
4 4 0.229130 0.175160 0.165480 0.110744 0.319487
4 4 0.229130 0.175160 0.165480 0.110744 0.319487
4 4 0.229130 0.175160 0.165480 0.110744 0.319487
4 4 0.229130 0.175160 0.165480 0.110744 0.319487
4 4 0.229130 0.175160 0.165480 0.110744 0.319487
4 4 0.215940 0.172880 0.191291 0.110777 0.309112
2 4 0.224136 0.164909 0.258798 0.098060 0.254098
4 4 0.229130 0.175160 0.165480 0.110744 0.319487
4 4 0.229130 0.175160 0.165480 0.110744 0.319487
4 4 0.229130 0.175160 0.165480 0.110744 0.319487
4 4 0.229130 0.175160 0.165480 0.110744 0.319487
4 4 0.229130 0.175160 0.165480 0.110744 0.319487
4 4 0.229130 0.175160 0.165480 0.110744 0.319487
4 4 0.229130 0.175160 0.165480 0.110744 0.319487
4 4 0.229130 0.175160 0.165480 0.110744 0.319487
4 4 0.229130 0.175160 0.165480 0.110744 0.319487
4 4 0.229130 0.175160 0.165480 0.110744 0.319487
4 4 0.229130 0.175160 0.165480 0.110744 0.319487
4 4 0.229130 0.175160 0.165480 0.110744 0.319487
4 4 0.229130 0.175160 0.165480 0.110744 0.319487
4 4 0.229130 0.175160 0.165480 0.110744 0.319487
4 4 0.229130 0.175160 0.165480 0.110744 0.319487
4 4 0.229130 0.175160 0.165480 0.110744 0.319487
4 4 0.229130 0.175160 0.165480 0.110744 0.319487
4 4 0.229130 0.175160 0.165480 0.110744 0.319487
4 4 0.229130 0.175160 0.165480 0.110744 0.319487
4 4 0.229130 0.175160 0.165480 0.110744 0.319487
0 1 0.401465 0.145440 0.247568 0.058298 0.147229
0 1 0.431197 0.136306 0.258325 0.050255 0.123917
0 1 0.352446 0.158389 0.227243 0.071994 0.189929
4 1 0.229130 0.175160 0.165480 0.110744 0.319487
4 1 0.229130 0.175160 0.165480 0.110744 0.319487
2 1 0.156045 0.152808 0.336849 0.103805 0.250493
2 2 0.115381 0.133043 0.457824 0.093244 0.200507
2 2 0.065735 0.111988 0.615999 0.077707 0.128571
2 2 0.048908 0.095361 0.692289 0.065805 0.097637
2 2 0.042519 0.080756 0.749958 0.053040 0.073726
2 2 0.034878 0.064888 0.809884 0.039816 0.050533
2 2 0.033712 0.060767 0.827522 0.035251 0.042748
2 2 0.024941 0.044025 0.882973 0.023236 0.024826
2 2 0.024818 0.042745 0.879060 0.027082 0.026294
2 2 0.018449 0.027273 0.909465 0.025713 0.019100
2 2 0.018899 0.029606 0.898041 0.030418 0.023037
2 2 0.013389 0.023230 0.921667 0.024638 0.017077
2 2 0.012066 0.021034 0.932162 0.020247 0.014492
2 2 0.011568 0.016988 0.946000 0.014934 0.010509
2 2 0.013195 0.017911 0.943482 0.014827 0.010584
2 2 0.015076 0.021177 0.937457 0.015072 0.011218
2 2 0.018481 0.026988 0.918500 0.020129 0.015903
2 2 0.025148 0.037814 0.873552 0.032044 0.031441
2 2 0.045771 0.066257 0.785294 0.050369 0.052310
2 2 0.039201 0.064862 0.764781 0.070009 0.061148
2 2 0.022972 0.029514 0.838453 0.058990 0.050070
2 2 0.017556 0.022301 0.893398 0.041301 0.025443
2 2 0.016437 0.023638 0.909969 0.030287 0.019669
2 2 0.015239 0.028089 0.919981 0.021397 0.015295
2 2 0.015872 0.034527 0.914387 0.019545 0.015670
2 2 0.017101 0.034034 0.905489 0.024466 0.018910
2 2 0.017431 0.031605 0.897965 0.031263 0.021735
2 2 0.013877 0.027170 0.910681 0.030887 0.017385
2 2 0.013909 0.029562 0.905700 0.033884 0.016945
2 2 0.011708 0.025507 0.927024 0.024461 0.011300
2 2 0.012655 0.031941 0.920941 0.023021 0.011442
2 2 0.008671 0.023839 0.941092 0.018617 0.007780
2 2 0.007581 0.021387 0.942245 0.021350 0.007437
2 2 0.007131 0.016365 0.939309 0.029197 0.007997
2 2 0.028332 0.028906 0.891423 0.034899 0.016440
2 2 0.163103 0.047155 0.721162 0.031946 0.036633
0 2 0.538710 0.091103 0.290662 0.025449 0.054077
0 1 0.568235 0.068238 0.307201 0.022030 0.034296
0 1 0.553718 0.087108 0.290387 0.022754 0.046032
0 1 0.478659 0.120046 0.272482 0.037982 0.090830
4 1 0.229130 0.175160 0.165480 0.110744 0.319487
4 1 0.239034 0.174762 0.170997 0.107474 0.307734
4 1 0.228836 0.173468 0.166583 0.115191 0.315923
4 1 0.240880 0.171973 0.174079 0.113471 0.299597
4 1 0.260210 0.173289 0.182472 0.100565 0.283463
4 1 0.269124 0.172430 0.187172 0.097693 0.273581
4 2 0.243852 0.174500 0.173646 0.105892 0.302111
4 2 0.229130 0.175160 0.165480 0.110744 0.319487
4 2 0.229130 0.175160 0.165480 0.110744 0.319487
4 2 0.229130 0.175160 0.165480 0.110744 0.319487
4 2 0.229130 0.175160 0.165480 0.110744 0.319487
4 2 0.229130 0.175160 0.165480 0.110744 0.319487
4 2 0.229130 0.175160 0.165480 0.110744 0.319487
4 2 0.229130 0.175160 0.165480 0.110744 0.319487
4 2 0.229130 0.175160 0.165480 0.110744 0.319487
4 2 0.229130 0.175160 0.165480 0.110744 0.319487
4 2 0.220689 0.168960 0.165259 0.130640 0.314452
4 2 0.214215 0.164182 0.164674 0.146875 0.310053
4 2 0.214519 0.164407 0.164709 0.146096 0.310270
4 2 0.219308 0.167943 0.165163 0.134035 0.313551
4 2 0.211177 0.161934 0.164281 0.154769 0.307839
4 2 0.217210 0.162342 0.167661 0.150734 0.302054
4 2 0.190786 0.130846 0.167092 0.216982 0.294294
3 3 0.160097 0.095705 0.162587 0.316514 0.265097
4 3 0.177744 0.118592 0.164204 0.257425 0.282035
3 3 0.169205 0.110211 0.162016 0.285129 0.273439
3 3 0.148133 0.089467 0.155352 0.356725 0.250323
3 3 0.134759 0.077608 0.149509 0.404047 0.234077
3 3 0.120578 0.066768 0.141432 0.455792 0.215430
3 3 0.124427 0.067547 0.145288 0.441567 0.221171
3 3 0.132803 0.077212 0.147697 0.411005 0.231283
3 3 0.128518 0.073706 0.145445 0.426565 0.225766
3 3 0.131484 0.077779 0.145911 0.415651 0.229176
3 3 0.127692 0.073351 0.144782 0.429565 0.224610
3 3 0.098690 0.049952 0.127669 0.538876 0.184813
3 3 0.085572 0.040645 0.118082 0.590495 0.165205
3 3 0.101333 0.053606 0.128034 0.528879 0.188148
3 3 0.128276 0.074510 0.144629 0.427392 0.225194
3 3 0.130066 0.076109 0.145497 0.420850 0.227479
3 3 0.143616 0.086719 0.152657 0.372378 0.244629
3 3 0.159994 0.104856 0.157248 0.315115 0.262787
4 3 0.183486 0.134982 0.160356 0.236051 0.285124
3 3 0.153425 0.100707 0.153732 0.337187 0.254948
3 3 0.137555 0.086035 0.147012 0.393315 0.236082
3 3 0.106570 0.057967 0.131211 0.508726 0.195526
3 3 0.137134 0.082060 0.149060 0.395307 0.236439
3 3 0.132366 0.076535 0.147686 0.412608 0.230806
3 3 0.154796 0.101712 0.154408 0.332511 0.256573
3 3 0.159529 0.106691 0.155862 0.316165 0.261753
3 3 0.119651 0.069946 0.138093 0.459161 0.213150
3 3 0.085471 0.040865 0.117715 0.590993 0.164955
3 3 0.073815 0.032707 0.108698 0.637935 0.146846
3 3 0.102550 0.050891 0.131966 0.523613 0.190979
3 3 0.123561 0.069240 0.143056 0.444759 0.219383
3 3 0.136909 0.083001 0.148230 0.395982 0.235878
3 3 0.090705 0.045642 0.120629 0.570482 0.172543
3 3 0.079805 0.037600 0.112632 0.613976 0.155987
3 3 0.075093 0.035877 0.107250 0.633711 0.148069
3 3 0.117096 0.067159 0.137092 0.468770 0.209883
3 3 0.132835 0.082495 0.144325 0.410329 0.230017
3 3 0.149136 0.096225 0.152305 0.352230 0.250104
3 3 0.116878 0.064800 0.138555 0.469597 0.210170
3 3 0.078350 0.036819 0.111243 0.619947 0.153640
3 3 0.054551 0.022980 0.088278 0.720134 0.114056
3 3 0.072265 0.035199 0.103587 0.645808 0.143141
3 3 0.116686 0.068396 0.135744 0.470256 0.208918
3 3 0.148638 0.097403 0.151178 0.353639 0.249141
3 3 0.167413 0.114211 0.158486 0.289631 0.270259
4 3 0.186392 0.136261 0.161702 0.227488 0.288157
3 3 0.159077 0.104258 0.156781 0.318172 0.261712
3 3 0.133355 0.077827 0.147873 0.408999 0.231946
3 3 0.158565 0.102804 0.157134 0.320128 0.261369
0 3 0.388355 0.131239 0.260451 0.087458 0.132496
0 3 0.453300 0.115351 0.280726 0.057142 0.093480
0 1 0.539205 0.084472 0.299774 0.030641 0.045908
0 1 0.524795 0.088976 0.299102 0.035441 0.051686
0 2 0.480767 0.101068 0.294435 0.053193 0.070537
2 2 0.075902 0.058343 0.666185 0.150664 0.048906
2 2 0.010885 0.012109 0.859073 0.107264 0.010669
2 2 0.020931 0.017005 0.870327 0.080335 0.011401
2 2 0.084212 0.031330 0.702663 0.150662 0.031133
2 2 0.230370 0.064909 0.490634 0.158191 0.055897
2 2 0.114866 0.073634 0.661442 0.107158 0.042900
2 2 0.074368 0.062206 0.782660 0.050703 0.030062
2 2 0.013619 0.021132 0.914647 0.036843 0.013759
2 2 0.011093 0.016858 0.922587 0.037488 0.011975
2 2 0.010528 0.015459 0.919866 0.041304 0.012842
2 2 0.009679 0.016468 0.917687 0.042138 0.014028
2 2 0.009520 0.017230 0.923848 0.035704 0.013698
2 2 0.007506 0.011818 0.937882 0.032156 0.010638
2 2 0.008330 0.012110 0.941876 0.027361 0.010323
2 2 0.008495 0.013393 0.937478 0.029289 0.011345
2 2 0.009682 0.019393 0.918178 0.037842 0.014905
2 2 0.010079 0.019050 0.899334 0.053373 0.018164
2 2 0.008997 0.014121 0.887635 0.073106 0.016142
2 2 0.011292 0.014939 0.909286 0.050374 0.014109
2 2 0.007460 0.012732 0.940457 0.030762 0.008590
2 2 0.013408 0.027244 0.915336 0.027047 0.016966
2 2 0.023507 0.042873 0.860070 0.045017 0.028532
2 2 0.023040 0.042786 0.712816 0.166780 0.054578
2 2 0.012001 0.018252 0.807044 0.126897 0.035806
2 2 0.004749 0.007724 0.856590 0.119318 0.011619
2 2 0.004032 0.006042 0.854060 0.126975 0.008891
2 2 0.004619 0.006031 0.864176 0.116337 0.008837
2 2 0.006167 0.006986 0.889015 0.088923 0.008909
2 2 0.009329 0.011367 0.899744 0.067957 0.011604
2 2 0.015244 0.020229 0.899310 0.046374 0.018842
2 2 0.019892 0.036256 0.859202 0.051865 0.032786
2 2 0.033692 0.062672 0.773244 0.060028 0.070363
2 2 0.041911 0.062116 0.743692 0.062260 0.090020
2 2 0.054417 0.077143 0.694085 0.063934 0.110420
2 2 0.064482 0.086241 0.650833 0.071358 0.127085
2 2 0.079918 0.103363 0.590318 0.076116 0.150285
2 2 0.130303 0.139229 0.413655 0.097003 0.219809
2 2 0.162868 0.155902 0.317936 0.105210 0.258083
4 2 0.188673 0.165723 0.251817 0.109084 0.284704
2 2 0.180740 0.146451 0.378271 0.088378 0.206159
0 2 0.291721 0.157334 0.275777 0.077957 0.197212
0 1 0.584299 0.076121 0.289206 0.016034 0.034341
0 2 0.581426 0.077406 0.289119 0.016526 0.035523
0 1 0.602374 0.067915 0.289250 0.013117 0.027343
2 2 0.161436 0.165029 0.555406 0.053950 0.064180
2 2 0.075868 0.096234 0.759323 0.034026 0.034548
2 2 0.014574 0.031859 0.912493 0.026991 0.014083
2 2 0.011360 0.025499 0.929240 0.022962 0.010939
2 2 0.012277 0.023628 0.928720 0.023821 0.011553
2 2 0.012060 0.021377 0.938325 0.018430 0.009808
2 2 0.015683 0.024934 0.930148 0.018136 0.011099
2 2 0.016283 0.031916 0.918530 0.020620 0.012652
2 2 0.021091 0.040745 0.891111 0.028361 0.018692
2 2 0.023312 0.043913 0.879774 0.031121 0.021880
2 2 0.029545 0.051124 0.859348 0.031734 0.028249
2 2 0.026939 0.052124 0.869755 0.025707 0.025475
2 2 0.022937 0.046749 0.886199 0.022757 0.021358
2 2 0.016570 0.038124 0.911414 0.018339 0.015553
2 2 0.012293 0.031012 0.927977 0.016980 0.011738
2 2 0.008722 0.020673 0.943471 0.018630 0.008503
2 2 0.007205 0.015223 0.946177 0.023964 0.007432
2 2 0.007515 0.015504 0.940440 0.028558 0.007983
2 2 0.009398 0.017833 0.938443 0.025463 0.008863
2 2 0.013072 0.025056 0.928062 0.022808 0.011002
2 2 0.013635 0.029245 0.925572 0.020257 0.011291
2 2 0.013216 0.034036 0.923418 0.018490 0.010840
2 2 0.013167 0.035547 0.921389 0.018717 0.011180
2 2 0.011180 0.029140 0.933772 0.016684 0.009224
2 2 0.010522 0.025576 0.934938 0.019566 0.009399
2 2 0.010764 0.027790 0.925617 0.024978 0.010851
2 2 0.012119 0.030139 0.906190 0.036810 0.014743
2 2 0.011581 0.027523 0.908053 0.038863 0.013980
2 2 0.009835 0.021972 0.920441 0.036641 0.011111
2 2 0.012766 0.020648 0.937506 0.021286 0.007794
2 2 0.020192 0.022449 0.933706 0.016503 0.007150
2 2 0.152747 0.066711 0.715671 0.035556 0.029315
2 1 0.267557 0.075870 0.456685 0.133555 0.066333
0 2 0.349722 0.059094 0.323270 0.178900 0.089015
0 0 0.449475 0.088289 0.309232 0.073063 0.079941
0 0 0.521748 0.082313 0.306993 0.035658 0.053288
0 1 0.528423 0.100378 0.283483 0.026725 0.060990
0 0 0.448487 0.130831 0.263679 0.045468 0.111535
0 0 0.441418 0.133220 0.261413 0.047287 0.116661
0 1 0.504961 0.109922 0.278893 0.031850 0.074373
0 1 0.444047 0.132338 0.262264 0.046608 0.114743
0 0 0.505170 0.109839 0.278939 0.031803 0.074248
0 0 0.509888 0.107956 0.279950 0.030746 0.071460
0 1 0.478694 0.119939 0.275123 0.037512 0.088732
0 1 0.383027 0.154995 0.269476 0.058386 0.134116
0 0 0.407093 0.144989 0.257321 0.055168 0.135430
0 0 0.375507 0.152788 0.237028 0.065291 0.169387
0 0 0.319386 0.176765 0.253081 0.076305 0.174463
4 0 0.232627 0.196288 0.206153 0.107451 0.257482
2 1 0.131587 0.183503 0.468476 0.087472 0.128962
2 1 0.061333 0.081264 0.786575 0.033644 0.037184
2 2 0.023463 0.033418 0.918213 0.014255 0.010651
2 2 0.019023 0.023848 0.936577 0.012519 0.008034
2 2 0.014706 0.023341 0.938784 0.014979 0.008189
2 2 0.012336 0.021886 0.943177 0.015107 0.007493
2 2 0.012465 0.023806 0.939495 0.015901 0.008333
2 2 0.012125 0.024552 0.942397 0.013345 0.007581
2 2 0.015775 0.033225 0.927310 0.013634 0.010055
2 2 0.015487 0.033680 0.926557 0.013886 0.010389
2 2 0.017086 0.036699 0.917940 0.015785 0.012489
2 2 0.018981 0.039105 0.910770 0.017061 0.014082
2 2 0.022540 0.046279 0.894186 0.020057 0.016938
2 2 0.021825 0.051420 0.885710 0.022622 0.018424
2 2 0.021059 0.052893 0.881242 0.024726 0.020080
2 2 0.021280 0.051354 0.878228 0.027423 0.021715
2 2 0.018475 0.041416 0.901232 0.022665 0.016212
2 2 0.019478 0.045234 0.896970 0.021723 0.016595
2 2 0.020050 0.048582 0.881961 0.028228 0.021179
2 2 0.017500 0.045387 0.883376 0.032407 0.021330
2 2 0.013885 0.035743 0.905914 0.028144 0.016314
2 2 0.011614 0.029049 0.926438 0.021503 0.011396
2 2 0.009377 0.022850 0.943273 0.016811 0.007690
2 2 0.007858 0.019208 0.952988 0.014113 0.005834
2 2 0.009633 0.023012 0.946655 0.013896 0.006804
2 2 0.010427 0.023598 0.943079 0.015169 0.007727
2 2 0.009325 0.023668 0.943783 0.015857 0.007368
2 2 0.009513 0.022898 0.943297 0.016692 0.007601
2 2 0.008481 0.020986 0.942323 0.020513 0.007697
2 2 0.008051 0.017742 0.946627 0.020183 0.007396
2 2 0.009790 0.020419 0.933746 0.025530 0.010515
2 2 0.012041 0.027171 0.914439 0.031020 0.015328
2 2 0.011624 0.024268 0.911047 0.036802 0.016259
2 2 0.014799 0.027555 0.886085 0.049336 0.022226
2 2 0.012931 0.024293 0.889817 0.052276 0.020683
2 2 0.012832 0.027589 0.855587 0.079466 0.024527
2 2 0.012743 0.029253 0.850961 0.080997 0.026045
2 2 0.011709 0.026902 0.818231 0.116323 0.026836
2 2 0.010137 0.017882 0.808908 0.140210 0.022863
2 2 0.007848 0.013049 0.860286 0.104991 0.013825
2 2 0.007567 0.010625 0.916920 0.055165 0.009723
2 2 0.006643 0.011440 0.949354 0.025926 0.006638
2 2 0.007087 0.012668 0.956773 0.017484 0.005988
2 2 0.007507 0.013847 0.951623 0.020031 0.006991
2 2 0.007417 0.015460 0.947640 0.022175 0.007307
2 2 0.006239 0.013766 0.930736 0.040078 0.009182
2 2 0.006662 0.012909 0.907980 0.061723 0.010726
2 2 0.009672 0.018529 0.865594 0.084274 0.021931
2 2 0.016179 0.028811 0.770345 0.150703 0.033962
2 2 0.018572 0.033074 0.808952 0.108969 0.030433
2 2 0.009887 0.016192 0.893548 0.060411 0.019963
2 2 0.006017 0.010760 0.923003 0.051260 0.008961
2 2 0.005967 0.012875 0.888774 0.080430 0.011954
2 2 0.006150 0.011115 0.847725 0.119844 0.015165
2 2 0.006572 0.010440 0.855339 0.113056 0.014593
2 2 0.005500 0.009372 0.880653 0.092487 0.011989
2 2 0.005765 0.010603 0.886709 0.085371 0.011552
2 2 0.006352 0.012407 0.887218 0.080909 0.013114
2 2 0.007667 0.013576 0.870384 0.092170 0.016203
2 2 0.009192 0.014744 0.808716 0.144611 0.022737
2 2 0.009651 0.014778 0.702657 0.241411 0.031504
2 2 0.008785 0.012397 0.634245 0.314890 0.029683
2 2 0.007257 0.010607 0.636479 0.320150 0.025507
2 3 0.005647 0.007463 0.644405 0.321516 0.020969
2 3 0.005120 0.007091 0.691483 0.277052 0.019254
2 3 0.004381 0.005868 0.730013 0.244071 0.015667
2 3 0.006781 0.010239 0.782061 0.181611 0.019309
2 3 0.006967 0.011427 0.810190 0.152041 0.019375
2 3 0.008966 0.018998 0.791524 0.153842 0.026671
2 3 0.012127 0.022445 0.738635 0.189831 0.036962
2 3 0.015726 0.025864 0.695783 0.216738 0.045889
2 3 0.013799 0.021356 0.652014 0.270846 0.041985
2 3 0.016230 0.024290 0.628279 0.283361 0.047840
2 3 0.014873 0.021620 0.603144 0.315466 0.044897
3 3 0.014311 0.015017 0.459358 0.467102 0.044212
3 3 0.009130 0.009339 0.423228 0.527325 0.030978
2 3 0.013972 0.016589 0.509342 0.416822 0.043276
2 3 0.015642 0.023266 0.647799 0.266926 0.046366
2 2 0.015518 0.026264 0.700181 0.216649 0.041388
2 2 0.010531 0.016595 0.726449 0.218250 0.028176
2 2 0.008970 0.012209 0.708290 0.249871 0.020659
2 2 0.006842 0.009683 0.736077 0.231694 0.015704
2 2 0.009096 0.014481 0.810358 0.149012 0.017054
2 2 0.010159 0.020097 0.859603 0.092039 0.018103
2 2 0.009921 0.018769 0.897194 0.059724 0.014393
2 2 0.011505 0.020039 0.911835 0.043346 0.013274
2 2 0.011769 0.017666 0.928198 0.031616 0.010752
2 2 0.009533 0.016106 0.939159 0.026803 0.008399
2 2 0.008019 0.013973 0.951313 0.020400 0.006295
2 2 0.007742 0.013697 0.948208 0.023456 0.006897
2 2 0.024117 0.020853 0.918567 0.025200 0.011263
2 2 0.132153 0.036485 0.768414 0.032157 0.030790
0 2 0.497163 0.083617 0.310254 0.043198 0.065767
0 2 0.433112 0.088261 0.308235 0.079768 0.090623
2 2 0.203560 0.146070 0.495424 0.081266 0.073680
2 2 0.057214 0.096293 0.767272 0.039492 0.039729
2 2 0.033856 0.041131 0.853118 0.034318 0.037577
2 2 0.106304 0.123766 0.493229 0.088403 0.188298
4 4 0.180801 0.163042 0.271078 0.108141 0.276938
4 4 0.229130 0.175160 0.165480 0.110744 0.319487
4 4 0.229130 0.175160 0.165480 0.110744 0.319487
4 4 0.229130 0.175160 0.165480 0.110744 0.319487
4 4 0.229130 0.175160 0.165480 0.110744 0.319487
4 4 0.229130 0.175160 0.165480 0.110744 0.319487
4 4 0.229130 0.175160 0.165480 0.110744 0.319487
4 4 0.229130 0.175160 0.165480 0.110744 0.319487
4 4 0.229130 0.175160 0.165480 0.110744 0.319487
4 4 0.229130 0.175160 0.165480 0.110744 0.319487
4 4 0.229130 0.175160 0.165480 0.110744 0.319487
4 4 0.229130 0.175160 0.165480 0.110744 0.319487
4 4 0.229130 0.175160 0.165480 0.110744 0.319487
4 4 0.229130 0.175160 0.165480 0.110744 0.319487
4 4 0.229130 0.175160 0.165480 0.110744 0.319487
4 4 0.229130 0.175160 0.165480 0.110744 0.319487
4 4 0.229130 0.175160 0.165480 0.110744 0.319487
4 4 0.229130 0.175160 0.165480 0.110744 0.319487
4 4 0.229130 0.175160 0.165480 0.110744 0.319487
4 4 0.229130 0.175160 0.165480 0.110744 0.319487
4 4 0.229130 0.175160 0.165480 0.110744 0.319487
4 4 0.229130 0.175160 0.165480 0.110744 0.319487
4 4 0.229130 0.175160 0.165480 0.110744 0.319487
4 4 0.229130 0.175160 0.165480 0.110744 0.319487
4 4 0.229130 0.175160 0.165480 0.110744 0.319487
4 4 0.229130 0.175160 0.165480 0.110744 0.319487
4 4 0.229130 0.175160 0.165480 0.110744 0.319487
4 4 0.229130 0.175160 0.165480 0.110744 0.319487
4 4 0.229130 0.175160 0.165480 0.110744 0.319487
4 4 0.229130 0.175160 0.165480 0.110744 0.319487
4 4 0.229130 0.175160 0.165480 0.110744 0.319487
4 4 0.229130 0.175160 0.165480 0.110744 0.319487
4 4 0.229130 0.175160 0.165480 0.110744 0.319487
4 4 0.200101 0.169125 0.225277 0.110087 0.295410
2 4 0.165340 0.156972 0.311229 0.105680 0.260778
4 4 0.205161 0.170445 0.214067 0.110395 0.299932
4 4 0.229130 0.175160 0.165480 0.110744 0.319487
4 4 0.229130 0.175160 0.165480 0.110744 0.319487
4 4 0.229130 0.175160 0.165480 0.110744 0.319487
4 4 0.229130 0.175160 0.165480 0.110744 0.319487
4 4 0.229130 0.175160 0.165480 0.110744 0.319487
4 4 0.229130 0.175160 0.165480 0.110744 0.319487
4 4 0.219578 0.173586 0.183945 0.110822 0.312069
4 4 0.191298 0.166556 0.245572 0.109352 0.287223
2 4 0.140686 0.145072 0.381633 0.100037 0.232572
2 4 0.177261 0.161746 0.280000 0.107649 0.273344
4 4 0.229130 0.175160 0.165480 0.110744 0.319487
4 4 0.229130 0.175160 0.165480 0.110744 0.319487
4 4 0.229130 0.175160 0.165480 0.110744 0.319487
4 4 0.208407 0.171233 0.207049 0.110549 0.302762
4 4 0.197518 0.168406 0.231129 0.109898 0.293049
2 4 0.136481 0.142766 0.394430 0.098857 0.227466
4 4 0.234163 0.168840 0.227792 0.100456 0.268749
0 0 0.328624 0.163436 0.216519 0.079115 0.212306
0 1 0.271642 0.172163 0.188485 0.096885 0.270825
2 1 0.216682 0.180877 0.290378 0.096827 0.215235
2 2 0.102973 0.121395 0.504908 0.087024 0.183699
2 2 0.080870 0.104167 0.586626 0.076616 0.151721
2 2 0.061662 0.088971 0.650978 0.075329 0.123059
2 2 0.033326 0.063150 0.775043 0.058674 0.069806
2 2 0.028021 0.053553 0.817978 0.045846 0.054602
2 2 0.022144 0.049692 0.858299 0.032721 0.037144
2 2 0.020849 0.047484 0.862095 0.033973 0.035600
2 2 0.019443 0.043319 0.874223 0.031971 0.031045
2 2 0.019800 0.036674 0.887079 0.029841 0.026606
2 2 0.024141 0.038353 0.872077 0.034532 0.030897
2 2 0.029032 0.041914 0.856517 0.035363 0.037175
2 2 0.026452 0.046313 0.856879 0.033566 0.036790
2 2 0.020636 0.039639 0.892617 0.022647 0.024461
2 2 0.031166 0.054401 0.827596 0.036567 0.050269
2 2 0.044617 0.080876 0.770008 0.046271 0.058229
2 2 0.042970 0.068635 0.802000 0.042334 0.044061
2 2 0.020164 0.032026 0.887273 0.029919 0.030619
2 2 0.020883 0.034160 0.899628 0.022897 0.022432
2 2 0.022810 0.037321 0.890595 0.023819 0.025455
2 2 0.017481 0.031686 0.910476 0.020936 0.019421
2 2 0.013850 0.028517 0.926845 0.016681 0.014107
2 2 0.016103 0.029906 0.922064 0.016726 0.015201
2 2 0.019441 0.034549 0.906137 0.020490 0.019384
2 2 0.018029 0.035321 0.905981 0.021940 0.018729
2 2 0.016898 0.033379 0.906308 0.024254 0.019161
2 2 0.014775 0.029278 0.909842 0.027190 0.018915
2 2 0.014471 0.022765 0.920877 0.024730 0.017157
2 2 0.016089 0.023540 0.916980 0.025064 0.018327
2 2 0.016333 0.025412 0.923588 0.018931 0.015736
2 2 0.013768 0.026046 0.927960 0.018284 0.013941
2 2 0.009380 0.021201 0.945780 0.014583 0.009056
2 2 0.007422 0.016082 0.949441 0.018468 0.008587
2 2 0.009683 0.016539 0.929352 0.030604 0.013822
2 2 0.012341 0.019702 0.908387 0.039466 0.020104
2 2 0.016507 0.024900 0.885743 0.045931 0.026918
2 2 0.013740 0.023890 0.892781 0.046576 0.023013
2 2 0.009243 0.018995 0.916009 0.040246 0.015506
2 2 0.006910 0.013859 0.913720 0.051921 0.013590
2 2 0.007065 0.015571 0.910561 0.052952 0.013851
2 2 0.008721 0.018722 0.877043 0.074920 0.020594
2 2 0.009956 0.019670 0.876614 0.071552 0.022207
2 2 0.008910 0.017085 0.868891 0.083954 0.021160
2 2 0.010131 0.016496 0.839005 0.108554 0.025814
2 3 0.011606 0.019295 0.791944 0.143279 0.033877
2 3 0.015544 0.022686 0.742719 0.174068 0.044983
2 3 0.015152 0.023423 0.703875 0.212975 0.044574
2 3 0.016353 0.022424 0.644407 0.268730 0.048086
2 3 0.013098 0.017578 0.626027 0.302673 0.040624
2 3 0.009424 0.013179 0.610867 0.335109 0.031421
2 3 0.007965 0.009868 0.570477 0.383974 0.027715
2 3 0.009111 0.009712 0.517634 0.432553 0.030989
2 3 0.010968 0.011644 0.486617 0.454915 0.035855
3 3 0.014597 0.014032 0.458249 0.468135 0.044987
3 3 0.014453 0.013592 0.457058 0.470219 0.044677
3 3 0.015800 0.012784 0.407482 0.515972 0.047963
3 3 0.012602 0.011215 0.444286 0.491764 0.040134
3 3 0.013130 0.010252 0.390466 0.544733 0.041419
3 3 0.011477 0.010102 0.376732 0.564609 0.037079
3 3 0.008787 0.006747 0.255383 0.699684 0.029399
3 3 0.007029 0.005302 0.230522 0.732701 0.024445
3 3 0.006666 0.005200 0.217375 0.747450 0.023309
3 3 0.009417 0.008348 0.294445 0.656539 0.031251
3 3 0.011449 0.011965 0.423981 0.515594 0.037012
2 3 0.011550 0.014207 0.530841 0.406196 0.037206
2 3 0.012413 0.022084 0.766874 0.168461 0.030168
2 3 0.011806 0.024954 0.868353 0.073974 0.020913
2 3 0.012215 0.025148 0.885313 0.057755 0.019568
2 3 0.013306 0.027340 0.841118 0.089565 0.028671
2 3 0.011403 0.021533 0.724058 0.207611 0.035395
2 3 0.012770 0.015311 0.510833 0.420794 0.040291
3 3 0.011326 0.009583 0.322712 0.619952 0.036427
3 3 0.008578 0.005989 0.231946 0.724791 0.028696
3 3 0.007570 0.005206 0.204309 0.757182 0.025734
3 3 0.007445 0.006726 0.274149 0.685879 0.025802
3 3 0.008009 0.008694 0.342755 0.612935 0.027606
2 3 0.008946 0.012269 0.491010 0.457438 0.030338
2 3 0.009453 0.013922 0.516116 0.428882 0.031627
2 3 0.010415 0.015257 0.562315 0.377915 0.034098
2 3 0.011591 0.015401 0.482744 0.453028 0.037237
3 3 0.011208 0.011540 0.395281 0.545647 0.036323
3 3 0.009780 0.010926 0.397048 0.549700 0.032546
3 3 0.008808 0.011170 0.446939 0.503097 0.029986
3 3 0.008907 0.011415 0.426667 0.522814 0.030197
3 3 0.013645 0.014797 0.361881 0.567502 0.042176
3 3 0.016920 0.013984 0.250000 0.669907 0.049189
3 3 0.017180 0.012216 0.189082 0.732629 0.048893
3 3 0.069919 0.025520 0.288406 0.518713 0.097442
2 2 0.314845 0.062697 0.452050 0.093685 0.076723
0 2 0.559075 0.085866 0.289519 0.021192 0.044348
0 2 0.560484 0.086675 0.287763 0.020309 0.044770
2 2 0.305840 0.173667 0.430934 0.040245 0.049314
2 2 0.071187 0.081358 0.808397 0.021604 0.017453
2 2 0.014373 0.023870 0.943532 0.011051 0.007173
2 2 0.016297 0.026868 0.939001 0.010217 0.007616
2 2 0.019391 0.032087 0.927806 0.011743 0.008973
2 2 0.017002 0.032082 0.929931 0.012090 0.008895
2 2 0.012098 0.031506 0.936889 0.012200 0.007307
2 2 0.010319 0.028866 0.941761 0.012331 0.006723
2 2 0.011146 0.032181 0.934730 0.014047 0.007895
2 2 0.013512 0.040121 0.913368 0.020885 0.012113
2 2 0.015225 0.041897 0.904026 0.024695 0.014157
2 2 0.016253 0.048998 0.892964 0.026400 0.015385
2 2 0.015724 0.047498 0.902498 0.021309 0.012972
2 2 0.015750 0.048113 0.904961 0.018939 0.012236
2 2 0.014058 0.038649 0.922344 0.015342 0.009607
2 2 0.012649 0.036265 0.923865 0.017644 0.009577
2 2 0.010439 0.030879 0.935278 0.015848 0.007556
2 2 0.013996 0.042165 0.915386 0.017830 0.010624
2 2 0.014145 0.040226 0.918860 0.016440 0.010329
2 2 0.009662 0.029634 0.938649 0.014898 0.007157
2 2 0.010245 0.027295 0.941489 0.014246 0.006726
