0 0 0.731208 0.128001 0.070436 0.012125 0.058230
0 0 0.794453 0.108721 0.043695 0.008646 0.044486
0 0 0.862959 0.078550 0.035258 0.003006 0.020225
0 0 0.875028 0.070080 0.039767 0.002034 0.013090
0 0 0.920314 0.049790 0.020394 0.000792 0.008710
0 0 0.922917 0.049641 0.015878 0.000829 0.010735
0 0 0.931842 0.045184 0.010750 0.000676 0.011549
0 0 0.883329 0.069615 0.026996 0.002150 0.017910
0 0 0.860592 0.080996 0.026390 0.003543 0.028480
0 0 0.843982 0.088126 0.029185 0.004495 0.034212
0 0 0.861229 0.080038 0.020084 0.003643 0.035006
0 0 0.834071 0.092643 0.030990 0.005363 0.036934
0 0 0.786588 0.111381 0.038018 0.009765 0.054247
0 0 0.784284 0.112569 0.042589 0.009861 0.050697
0 0 0.772430 0.117011 0.047341 0.011075 0.052144
0 0 0.786776 0.111625 0.041898 0.009602 0.050099
0 0 0.780175 0.113807 0.039645 0.010454 0.055919
0 0 0.805291 0.101908 0.025118 0.007945 0.059738
0 0 0.792680 0.106167 0.025885 0.009153 0.066115
0 0 0.754426 0.123410 0.050227 0.013321 0.058616
0 0 0.740610 0.126615 0.073297 0.013573 0.045905
0 0 0.739864 0.125794 0.064660 0.011799 0.057882
0 0 0.792792 0.108472 0.040924 0.008240 0.049572
0 0 0.812301 0.100743 0.028927 0.007316 0.050712
0 0 0.818793 0.098611 0.030178 0.006705 0.045714
0 0 0.798808 0.104383 0.038066 0.006614 0.052128
0 0 0.783531 0.110014 0.045673 0.007499 0.053283
0 0 0.789631 0.110564 0.041859 0.009277 0.048669
0 0 0.810598 0.102086 0.033115 0.007397 0.046804
0 0 0.838550 0.085190 0.016829 0.004280 0.055150
0 0 0.851835 0.077840 0.012952 0.003339 0.054034
0 0 0.845172 0.083199 0.016908 0.003958 0.050763
0 0 0.863137 0.077045 0.014539 0.003495 0.041783
0 0 0.875047 0.071842 0.013136 0.002844 0.037131
0 0 0.889347 0.066254 0.013278 0.002169 0.028951
0 0 0.889302 0.064807 0.011071 0.002064 0.032756
0 0 0.884468 0.064032 0.009356 0.001903 0.040242
0 0 0.872345 0.068312 0.010441 0.002169 0.046733
0 0 0.870791 0.072768 0.013848 0.002701 0.039892
0 0 0.859367 0.076257 0.014680 0.002903 0.046792
0 0 0.865477 0.070697 0.011315 0.002285 0.050227
0 0 0.839076 0.074771 0.010818 0.002442 0.072893
0 0 0.851499 0.071425 0.010189 0.002182 0.064704
0 0 0.845104 0.070521 0.009179 0.002044 0.073153
0 0 0.850147 0.067143 0.008185 0.001727 0.072797
0 0 0.818406 0.074667 0.010180 0.002093 0.094654
0 0 0.806944 0.080624 0.012565 0.002601 0.097266
0 0 0.800819 0.086539 0.014446 0.003541 0.094656
0 0 0.735622 0.106594 0.024175 0.006066 0.127543
0 0 0.699326 0.110841 0.024250 0.006901 0.158681
0 0 0.677637 0.121307 0.029113 0.010164 0.161778
0 0 0.692189 0.125156 0.028991 0.013629 0.140035
0 0 0.729789 0.126645 0.033079 0.016814 0.093673
0 0 0.723833 0.133150 0.050904 0.017869 0.074243
0 0 0.728313 0.129837 0.040646 0.017302 0.083901
0 0 0.734867 0.128478 0.042373 0.016352 0.077931
0 0 0.731091 0.130946 0.050586 0.016740 0.070637
0 0 0.734015 0.130397 0.057529 0.015928 0.062131
0 0 0.748472 0.125470 0.056805 0.013778 0.055474
0 0 0.810742 0.102201 0.034881 0.007329 0.044848
0 0 0.856107 0.083021 0.026568 0.003840 0.030464
0 0 0.868038 0.077540 0.023005 0.003168 0.028249
0 0 0.868195 0.077083 0.019809 0.003224 0.031688
0 0 0.835935 0.091841 0.030393 0.005230 0.036601
0 0 0.785576 0.106815 0.043092 0.006039 0.058479
0 0 0.750257 0.121852 0.066887 0.010450 0.050554
0 0 0.745684 0.123749 0.072520 0.011614 0.046434
0 0 0.785489 0.110786 0.058217 0.008712 0.036796
0 0 0.836421 0.091148 0.038507 0.004831 0.029094
0 0 0.857111 0.082461 0.029636 0.003661 0.027131
0 0 0.868267 0.077461 0.025007 0.003095 0.026170
0 0 0.853557 0.083975 0.031429 0.003838 0.027201
0 0 0.820809 0.097531 0.043970 0.005912 0.031777
0 0 0.818712 0.098969 0.039553 0.006359 0.036407
0 0 0.810600 0.101242 0.034256 0.006693 0.047209
0 0 0.818182 0.097287 0.031235 0.005685 0.047611
0 0 0.802943 0.100935 0.027465 0.006502 0.062154
0 0 0.794916 0.108515 0.040019 0.008769 0.047782
0 0 0.802677 0.103934 0.052951 0.006955 0.033483
0 0 0.762539 0.113175 0.087340 0.008877 0.028070
0 0 0.763050 0.113826 0.084785 0.009082 0.029257
0 0 0.740963 0.127133 0.069122 0.013919 0.048863
0 0 0.740953 0.126225 0.040202 0.015487 0.077133
0 0 0.703120 0.139773 0.056891 0.021136 0.079080
0 0 0.658231 0.152892 0.071266 0.029309 0.088301
0 0 0.641469 0.157146 0.073639 0.032988 0.094758
0 0 0.603064 0.165879 0.078272 0.042474 0.110310
0 0 0.588794 0.169239 0.084783 0.046104 0.111079
0 0 0.574644 0.172601 0.099377 0.049096 0.104281
0 0 0.601892 0.166812 0.099057 0.040987 0.091251
0 0 0.623523 0.161292 0.102231 0.034638 0.078316
0 0 0.658148 0.152747 0.088593 0.027768 0.072743
0 0 0.652749 0.152738 0.103396 0.027152 0.063965
0 0 0.682713 0.145129 0.088900 0.022376 0.060882
0 0 0.664172 0.150433 0.093958 0.025764 0.065673
0 0 0.671523 0.149263 0.081907 0.025514 0.071793
0 0 0.670125 0.149080 0.089510 0.024983 0.066302
0 0 0.708663 0.134634 0.095149 0.016524 0.045030
0 0 0.706133 0.123701 0.131269 0.011987 0.026910
0 0 0.754253 0.114232 0.095525 0.009104 0.026885
0 0 0.759655 0.118091 0.075934 0.010477 0.035844
0 0 0.808208 0.103121 0.043584 0.007179 0.037909
0 0 0.804306 0.104874 0.038684 0.007828 0.044308
0 0 0.827288 0.095504 0.032547 0.005884 0.038777
0 0 0.859939 0.081148 0.023398 0.003670 0.031845
0 0 0.860295 0.081029 0.023757 0.003638 0.031282
0 0 0.852334 0.084298 0.023106 0.004185 0.036077
0 0 0.824989 0.096484 0.033746 0.006042 0.038739
0 0 0.792778 0.108861 0.050704 0.008410 0.039248
0 0 0.723916 0.130735 0.085802 0.014958 0.044589
0 0 0.594418 0.155556 0.173862 0.029809 0.046355
0 0 0.618211 0.147710 0.170444 0.023637 0.039998
0 0 0.691989 0.136100 0.113954 0.016659 0.041298
0 0 0.732884 0.129766 0.070308 0.014754 0.052288
0 0 0.767710 0.118616 0.045345 0.011774 0.056555
0 0 0.803980 0.101998 0.024355 0.008046 0.061622
0 0 0.783875 0.108775 0.025886 0.010028 0.071435
0 0 0.792667 0.106195 0.025940 0.009156 0.066042
0 0 0.675880 0.137155 0.036037 0.021091 0.129838
0 0 0.654151 0.144015 0.062339 0.017079 0.122415
0 0 0.452293 0.187011 0.231214 0.043138 0.086343
0 0 0.596318 0.155367 0.130603 0.017826 0.099886
0 0 0.520586 0.171457 0.213303 0.027915 0.066740
0 0 0.648415 0.142806 0.147681 0.019074 0.042023
0 0 0.681804 0.137332 0.124340 0.017589 0.038935
0 0 0.757110 0.119515 0.069758 0.010194 0.043423
0 0 0.759759 0.119671 0.057379 0.010381 0.052810
0 0 0.712608 0.128039 0.047461 0.011516 0.100376
0 0 0.705011 0.131447 0.064254 0.011129 0.088159
0 0 0.742465 0.122182 0.070353 0.009236 0.055764
0 0 0.780793 0.112024 0.058310 0.008546 0.040327
0 0 0.807339 0.102721 0.049435 0.006902 0.033604
0 0 0.851668 0.084727 0.032717 0.003918 0.026970
0 0 0.867676 0.077675 0.026434 0.003084 0.025132
0 0 0.865332 0.078591 0.028788 0.003144 0.024146
0 0 0.849387 0.085350 0.035899 0.003936 0.025429
0 0 0.845320 0.087727 0.032266 0.004415 0.030272
0 0 0.833283 0.092374 0.028380 0.005281 0.040681
0 0 0.820793 0.092103 0.021451 0.004870 0.060783
0 0 0.843096 0.086262 0.020443 0.004415 0.045784
0 0 0.819036 0.098852 0.033194 0.006600 0.042318
0 0 0.744169 0.122226 0.085866 0.011679 0.036060
0 0 0.698685 0.128453 0.127541 0.013188 0.032132
0 0 0.694734 0.134495 0.116147 0.016265 0.038359
0 0 0.677207 0.144142 0.105552 0.021353 0.051746
0 0 0.637335 0.157838 0.098735 0.031535 0.074556
0 0 0.629665 0.160155 0.095343 0.033903 0.080933
0 0 0.624197 0.156909 0.130209 0.030091 0.058594
0 0 0.660745 0.147468 0.117061 0.023265 0.051461
0 0 0.703966 0.139619 0.074768 0.019709 0.061937
0 0 0.730004 0.131590 0.054380 0.016741 0.067285
0 0 0.764111 0.119610 0.042828 0.012332 0.061118
0 0 0.732583 0.130761 0.054087 0.016351 0.066218
0 0 0.666927 0.150641 0.080982 0.026603 0.074847
0 0 0.622256 0.161883 0.098606 0.035440 0.081815
0 1 0.557683 0.172735 0.145354 0.047374 0.076854
0 1 0.579954 0.169105 0.132672 0.042476 0.075794
0 1 0.645671 0.155896 0.094085 0.030063 0.074285
0 1 0.693059 0.143260 0.069736 0.022218 0.071728
0 1 0.698063 0.141516 0.075037 0.020797 0.064586
0 2 0.669561 0.149543 0.086375 0.025464 0.069057
0 2 0.624891 0.160085 0.104812 0.031982 0.078230
0 2 0.535234 0.185334 0.141777 0.041364 0.096290
0 2 0.340435 0.222537 0.261603 0.063444 0.111981
2 2 0.168617 0.218496 0.451081 0.066748 0.095059
2 2 0.081864 0.174894 0.620369 0.062116 0.060756
2 2 0.088950 0.167868 0.634924 0.057027 0.051232
2 2 0.174643 0.207928 0.460037 0.072618 0.084774
2 2 0.248392 0.210303 0.387978 0.069990 0.083337
0 2 0.334339 0.207250 0.305813 0.066421 0.086176
0 1 0.403129 0.191224 0.299352 0.044797 0.061497
0 1 0.443521 0.182979 0.277911 0.040262 0.055328
0 0 0.568408 0.158562 0.193464 0.033238 0.046328
0 0 0.647983 0.152273 0.115045 0.026573 0.058127
0 0 0.649361 0.153139 0.107694 0.027347 0.062458
0 0 0.674339 0.145823 0.102240 0.022431 0.055167
0 0 0.665889 0.149268 0.098603 0.024781 0.061459
0 1 0.673278 0.146717 0.099284 0.023063 0.057659
0 1 0.684018 0.141300 0.107028 0.019718 0.047936
0 1 0.698480 0.137842 0.098343 0.018027 0.047308
0 1 0.713839 0.133823 0.089803 0.016248 0.046286
0 1 0.671369 0.144068 0.115100 0.021204 0.048259
0 2 0.619232 0.152796 0.153372 0.027129 0.047472
0 2 0.573844 0.160421 0.181067 0.034379 0.050289
0 2 0.463179 0.168101 0.276624 0.046098 0.045998
2 2 0.157117 0.145242 0.619746 0.050505 0.027389
2 2 0.128246 0.134209 0.662031 0.051966 0.023548
2 2 0.060619 0.098634 0.789801 0.037135 0.013810
2 2 0.056448 0.096341 0.799796 0.034235 0.013181
2 2 0.027493 0.078117 0.857538 0.026281 0.010571
2 2 0.026386 0.079570 0.853601 0.028969 0.011474
2 2 0.020992 0.067523 0.876803 0.026392 0.008290
2 2 0.032382 0.076340 0.844145 0.037330 0.009803
2 2 0.052626 0.099354 0.786338 0.045981 0.015699
2 2 0.038822 0.082619 0.830269 0.037226 0.011064
2 2 0.028962 0.072348 0.858971 0.030949 0.008770
2 2 0.022366 0.060113 0.879138 0.032192 0.006192
2 2 0.024884 0.064831 0.856134 0.046669 0.007482
2 3 0.024589 0.066711 0.849720 0.050812 0.008168
2 3 0.033550 0.084016 0.793992 0.074809 0.013633
2 3 0.037922 0.091800 0.766355 0.087182 0.016741
2 3 0.037552 0.094407 0.754462 0.095191 0.018389
2 3 0.041915 0.094286 0.759609 0.086967 0.017224
2 3 0.051377 0.099445 0.744497 0.086441 0.018241
2 3 0.078500 0.109564 0.709112 0.082851 0.019973
0 2 0.380068 0.170997 0.329334 0.069422 0.050179
0 2 0.490581 0.170388 0.233553 0.050763 0.054715
0 0 0.615868 0.150133 0.166143 0.025508 0.042347
0 0 0.621116 0.142896 0.180665 0.021285 0.034037
0 0 0.718343 0.115599 0.135215 0.009453 0.021391
0 0 0.750203 0.114241 0.100674 0.009078 0.025803
0 0 0.750763 0.119501 0.085074 0.010782 0.033879
0 0 0.696814 0.139054 0.095663 0.018700 0.049770
0 0 0.707453 0.138041 0.078780 0.018662 0.057064
0 0 0.710208 0.137377 0.053374 0.020034 0.079007
0 0 0.698407 0.140446 0.052472 0.022108 0.086566
0 0 0.617355 0.162965 0.101278 0.036415 0.081987
0 0 0.425839 0.206276 0.214549 0.047227 0.106109
2 0 0.280719 0.187051 0.433303 0.045961 0.052966
2 0 0.302961 0.167279 0.438390 0.052317 0.039053
0 0 0.479619 0.171046 0.241593 0.052801 0.054941
0 0 0.525283 0.176486 0.188071 0.044110 0.066050
0 0 0.519353 0.188906 0.151879 0.046921 0.092941
0 1 0.559679 0.180530 0.119880 0.043057 0.096855
0 1 0.491351 0.196034 0.093443 0.043634 0.175538
0 1 0.525226 0.194870 0.112884 0.043087 0.123933
0 1 0.635891 0.157625 0.066465 0.034622 0.105396
0 1 0.623622 0.161780 0.082517 0.036754 0.095326
0 1 0.608312 0.165404 0.096018 0.039533 0.090733
0 1 0.592615 0.166779 0.125995 0.039754 0.074856
0 1 0.471239 0.188442 0.221127 0.047667 0.071525
0 1 0.338610 0.201829 0.333122 0.054290 0.072149
0 1 0.468683 0.176913 0.240359 0.043311 0.070735
0 1 0.443961 0.202004 0.204108 0.041270 0.108657
0 1 0.609658 0.159371 0.069437 0.029791 0.131742
0 1 0.652413 0.142861 0.037342 0.025855 0.141528
0 1 0.637814 0.126111 0.019361 0.019908 0.196806
0 1 0.663538 0.138936 0.030894 0.026512 0.140120
0 1 0.569732 0.165722 0.054510 0.050901 0.159135
0 1 0.624046 0.158566 0.085227 0.028551 0.103610
0 1 0.533377 0.179593 0.097045 0.033906 0.156078
0 1 0.565181 0.168501 0.071865 0.043823 0.150630
0 1 0.544744 0.176017 0.092406 0.053002 0.133831
0 1 0.323818 0.230689 0.206702 0.063960 0.174831
2 1 0.160003 0.217164 0.461686 0.065136 0.096011
2 1 0.070950 0.151795 0.695902 0.042600 0.038754
2 2 0.056055 0.124530 0.754404 0.039385 0.025625
2 2 0.182201 0.137689 0.620624 0.038504 0.020982
0 0 0.423974 0.157760 0.338739 0.044267 0.035260
0 0 0.504810 0.162345 0.247179 0.041304 0.044361
0 0 0.423700 0.198881 0.256962 0.046072 0.074386
0 0 0.432936 0.199528 0.257173 0.038977 0.071386
0 0 0.596014 0.167024 0.122842 0.038286 0.075835
0 0 0.606469 0.163857 0.120364 0.036640 0.072670
0 0 0.616507 0.163359 0.098122 0.037040 0.084973
0 0 0.646672 0.156107 0.078609 0.031409 0.087204
0 0 0.603094 0.166574 0.089720 0.041636 0.098976
0 1 0.437581 0.210729 0.172443 0.058156 0.121091
0 1 0.299779 0.230047 0.292924 0.061161 0.116089
2 1 0.275627 0.232233 0.307200 0.064540 0.120399
2 2 0.178312 0.210467 0.473438 0.057760 0.080024
2 2 0.116586 0.172789 0.603150 0.057016 0.050458
2 2 0.047689 0.114501 0.776766 0.038297 0.022747
2 2 0.030410 0.099973 0.818179 0.032147 0.019292
2 2 0.025875 0.086008 0.843840 0.030140 0.014138
2 2 0.028074 0.081961 0.849391 0.028546 0.012028
2 2 0.055176 0.107950 0.786313 0.033016 0.017545
2 2 0.048203 0.105203 0.789994 0.038449 0.018151
2 2 0.081825 0.155612 0.670783 0.049490 0.042289
2 2 0.038148 0.139719 0.742216 0.034173 0.045744
2 2 0.024757 0.110767 0.806138 0.030878 0.027460
2 2 0.015326 0.080511 0.865610 0.023999 0.014555
2 2 0.021132 0.076533 0.860121 0.030719 0.011495
2 2 0.035238 0.083627 0.820958 0.047864 0.012313
2 2 0.079230 0.108228 0.716414 0.077270 0.018858
2 2 0.071255 0.117719 0.722019 0.065709 0.023297
2 2 0.039527 0.101693 0.782130 0.056787 0.019863
2 2 0.031114 0.080580 0.829384 0.047154 0.011768
2 2 0.020737 0.066925 0.862032 0.041700 0.008607
2 2 0.019283 0.056579 0.879152 0.039176 0.005810
2 2 0.022823 0.062838 0.861286 0.045891 0.007162
2 2 0.029617 0.077821 0.814242 0.066729 0.011591
2 3 0.046989 0.104461 0.719039 0.107034 0.022477
2 3 0.053205 0.113356 0.681765 0.124058 0.027616
2 3 0.070108 0.137474 0.553995 0.188953 0.049470
2 3 0.072926 0.143986 0.510429 0.213081 0.059578
2 3 0.096969 0.157913 0.401101 0.257312 0.086705
2 3 0.102173 0.160510 0.373389 0.267891 0.096037
2 3 0.081698 0.151468 0.435912 0.254743 0.076180
2 3 0.080415 0.151130 0.435507 0.256529 0.076419
2 3 0.084403 0.153788 0.405637 0.271940 0.084232
2 3 0.107512 0.161149 0.341118 0.288729 0.101493
3 3 0.128862 0.164785 0.291664 0.298420 0.116269
3 3 0.143519 0.165933 0.262171 0.302547 0.125830
3 3 0.137890 0.165607 0.273113 0.301178 0.122212
3 3 0.142517 0.165885 0.264084 0.302322 0.125191
3 3 0.137229 0.165559 0.274429 0.301001 0.121782
3 3 0.148705 0.166117 0.252486 0.303585 0.129107
3 3 0.141834 0.165850 0.265398 0.302164 0.124754
3 3 0.129799 0.164889 0.289679 0.298740 0.116893
3 3 0.157002 0.166194 0.237738 0.304829 0.134237
3 3 0.165666 0.166011 0.223253 0.305619 0.139451
3 3 0.167312 0.165948 0.220600 0.305714 0.140426
3 3 0.167312 0.165948 0.220600 0.305714 0.140426
3 3 0.167312 0.165948 0.220600 0.305714 0.140426
3 3 0.167312 0.165948 0.220600 0.305714 0.140426
3 3 0.167312 0.165948 0.220600 0.305714 0.140426
3 3 0.167312 0.165948 0.220600 0.305714 0.140426
3 3 0.167312 0.165948 0.220600 0.305714 0.140426
3 3 0.167312 0.165948 0.220600 0.305714 0.140426
3 3 0.167312 0.165948 0.220600 0.305714 0.140426
3 3 0.167312 0.165948 0.220600 0.305714 0.140426
3 3 0.167312 0.165948 0.220600 0.305714 0.140426
3 3 0.167312 0.165948 0.220600 0.305714 0.140426
3 3 0.167312 0.165948 0.220600 0.305714 0.140426
3 3 0.167312 0.165948 0.220600 0.305714 0.140426
3 3 0.167312 0.165948 0.220600 0.305714 0.140426
3 3 0.167312 0.165948 0.220600 0.305714 0.140426
3 3 0.167312 0.165948 0.220600 0.305714 0.140426
3 3 0.167312 0.165948 0.220600 0.305714 0.140426
3 3 0.167312 0.165948 0.220600 0.305714 0.140426
3 3 0.167312 0.165948 0.220600 0.305714 0.140426
3 3 0.167312 0.165948 0.220600 0.305714 0.140426
3 3 0.167312 0.165948 0.220600 0.305714 0.140426
3 3 0.167312 0.165948 0.220600 0.305714 0.140426
3 3 0.167312 0.165948 0.220600 0.305714 0.140426
3 3 0.167312 0.165948 0.220600 0.305714 0.140426
3 3 0.167312 0.165948 0.220600 0.305714 0.140426
3 3 0.167312 0.165948 0.220600 0.305714 0.140426
3 3 0.167312 0.165948 0.220600 0.305714 0.140426
3 3 0.167312 0.165948 0.220600 0.305714 0.140426
3 3 0.167312 0.165948 0.220600 0.305714 0.140426
3 3 0.167312 0.165948 0.220600 0.305714 0.140426
3 3 0.167312 0.165948 0.220600 0.305714 0.140426
3 3 0.167312 0.165948 0.220600 0.305714 0.140426
3 3 0.167312 0.165948 0.220600 0.305714 0.140426
3 3 0.167312 0.165948 0.220600 0.305714 0.140426
3 3 0.167312 0.165948 0.220600 0.305714 0.140426
3 3 0.167312 0.165948 0.220600 0.305714 0.140426
3 3 0.167312 0.165948 0.220600 0.305714 0.140426
3 3 0.167312 0.165948 0.220600 0.305714 0.140426
3 3 0.167312 0.165948 0.220600 0.305714 0.140426
3 3 0.167312 0.165948 0.220600 0.305714 0.140426
3 3 0.167312 0.165948 0.220600 0.305714 0.140426
3 3 0.167312 0.165948 0.220600 0.305714 0.140426
3 3 0.167312 0.165948 0.220600 0.305714 0.140426
3 3 0.167312 0.165948 0.220600 0.305714 0.140426
3 3 0.167312 0.165948 0.220600 0.305714 0.140426
3 3 0.167312 0.165948 0.220600 0.305714 0.140426
3 3 0.167312 0.165948 0.220600 0.305714 0.140426
3 3 0.167312 0.165948 0.220600 0.305714 0.140426
3 3 0.167312 0.165948 0.220600 0.305714 0.140426
3 3 0.167312 0.165948 0.220600 0.305714 0.140426
3 3 0.167312 0.165948 0.220600 0.305714 0.140426
3 3 0.167312 0.165948 0.220600 0.305714 0.140426
3 3 0.167312 0.165948 0.220600 0.305714 0.140426
3 3 0.167312 0.165948 0.220600 0.305714 0.140426
3 3 0.167312 0.165948 0.220600 0.305714 0.140426
3 3 0.160022 0.172760 0.230432 0.278210 0.158577
3 3 0.145103 0.166001 0.259174 0.302886 0.126837
3 3 0.156434 0.167627 0.242154 0.294631 0.139154
3 3 0.169208 0.167302 0.220742 0.295623 0.147125
3 3 0.161531 0.166130 0.230054 0.305304 0.136981
3 3 0.167312 0.165948 0.220600 0.305714 0.140426
3 3 0.167312 0.165948 0.220600 0.305714 0.140426
3 3 0.167312 0.165948 0.220600 0.305714 0.140426
3 3 0.167312 0.165948 0.220600 0.305714 0.140426
3 3 0.167312 0.165948 0.220600 0.305714 0.140426
3 3 0.167312 0.165948 0.220600 0.305714 0.140426
3 3 0.167312 0.165948 0.220600 0.305714 0.140426
3 3 0.167312 0.165948 0.220600 0.305714 0.140426
3 3 0.167312 0.165948 0.220600 0.305714 0.140426
3 3 0.167312 0.165948 0.220600 0.305714 0.140426
3 3 0.167312 0.165948 0.220600 0.305714 0.140426
3 3 0.167312 0.165948 0.220600 0.305714 0.140426
3 3 0.167312 0.165948 0.220600 0.305714 0.140426
3 3 0.167312 0.165948 0.220600 0.305714 0.140426
3 3 0.176596 0.169445 0.265558 0.270290 0.118111
0 0 0.312527 0.182106 0.298643 0.127244 0.079480
0 0 0.321840 0.212029 0.309994 0.065224 0.090912
2 1 0.166979 0.216789 0.496003 0.042965 0.077264
2 1 0.053725 0.156699 0.692847 0.042901 0.053827
2 1 0.029907 0.127004 0.750924 0.047087 0.045077
2 2 0.033062 0.139250 0.716710 0.052607 0.058371
2 2 0.023827 0.121322 0.770370 0.042125 0.042356
2 2 0.021435 0.128296 0.752018 0.040202 0.058048
2 2 0.016697 0.142860 0.705536 0.028204 0.106704
2 2 0.017778 0.157790 0.651897 0.028290 0.144245
2 2 0.021647 0.167371 0.626715 0.034028 0.150238
2 2 0.021290 0.154042 0.686992 0.033816 0.103860
2 2 0.024448 0.160979 0.663280 0.040886 0.110408
2 2 0.020014 0.140707 0.729729 0.037619 0.071932
2 2 0.022739 0.147686 0.706748 0.042769 0.080058
2 2 0.024337 0.167633 0.633718 0.051580 0.122733
2 2 0.026512 0.177801 0.590708 0.060320 0.144659
2 2 0.029344 0.193776 0.488022 0.063866 0.224991
2 2 0.031858 0.199844 0.441349 0.056679 0.270270
2 2 0.029321 0.199560 0.459514 0.049148 0.262457
2 2 0.030209 0.191489 0.539613 0.050245 0.188444
2 2 0.025252 0.171305 0.636372 0.043950 0.123120
2 2 0.025917 0.168163 0.651759 0.049830 0.104332
2 2 0.027680 0.190116 0.561277 0.047288 0.173639
2 2 0.037937 0.211219 0.434731 0.056902 0.259211
2 2 0.040219 0.213981 0.403002 0.054616 0.288183
4 2 0.050242 0.218181 0.326318 0.054249 0.351010
2 2 0.047633 0.210508 0.477402 0.059588 0.204869
2 2 0.037521 0.188328 0.563478 0.057278 0.153396
2 2 0.018828 0.129958 0.758573 0.039369 0.053271
2 2 0.014815 0.115118 0.795264 0.032863 0.041941
2 2 0.012814 0.106328 0.818379 0.028789 0.033690
2 2 0.017479 0.127064 0.771849 0.033191 0.050417
2 2 0.020706 0.144408 0.724835 0.034884 0.075167
2 2 0.021828 0.152776 0.696994 0.034041 0.094361
2 2 0.017859 0.140870 0.733108 0.033138 0.075024
2 2 0.022901 0.147030 0.712039 0.039875 0.078155
2 2 0.018346 0.117239 0.788914 0.036905 0.038595
2 2 0.024797 0.127022 0.758625 0.045714 0.043842
2 2 0.022945 0.121019 0.774407 0.043444 0.038186
2 2 0.024976 0.124857 0.765526 0.043609 0.041032
2 2 0.016278 0.096177 0.833545 0.029834 0.024166
2 2 0.010344 0.073020 0.882739 0.020251 0.013646
2 2 0.008485 0.071254 0.887812 0.017097 0.015351
2 2 0.008938 0.069937 0.887517 0.020886 0.012722
2 2 0.010669 0.079862 0.866497 0.025731 0.017240
2 2 0.012646 0.089091 0.841558 0.034639 0.022065
2 2 0.013306 0.092279 0.828928 0.040390 0.025098
2 2 0.015695 0.096620 0.811638 0.047716 0.028331
2 2 0.016103 0.078164 0.845424 0.045465 0.014844
2 2 0.023013 0.088199 0.816235 0.054703 0.017850
2 2 0.020700 0.092353 0.811676 0.054605 0.020665
2 2 0.015545 0.085528 0.833394 0.046593 0.018940
2 2 0.011959 0.075598 0.861821 0.036127 0.014495
2 2 0.012514 0.075123 0.859500 0.038750 0.014113
2 2 0.019883 0.082576 0.827024 0.055095 0.015421
2 2 0.024268 0.091972 0.793221 0.071098 0.019441
2 2 0.020764 0.089417 0.812520 0.058522 0.018778
2 2 0.014902 0.087080 0.829182 0.048184 0.020652
2 2 0.015980 0.081136 0.844509 0.041502 0.016873
2 2 0.014803 0.086884 0.842931 0.035363 0.020019
2 2 0.051168 0.134212 0.752192 0.030760 0.031668
0 2 0.446154 0.170779 0.260238 0.034672 0.088158
0 0 0.683252 0.140757 0.099902 0.016553 0.059537
0 0 0.743057 0.125989 0.067534 0.012997 0.050422
0 2 0.694584 0.139692 0.096572 0.019018 0.050133
0 2 0.633215 0.152803 0.135033 0.026902 0.052047
0 2 0.413464 0.183651 0.306475 0.043201 0.053210
2 2 0.312015 0.196101 0.387279 0.046720 0.057886
2 2 0.123962 0.154422 0.647132 0.041778 0.032706
2 2 0.098957 0.155154 0.667725 0.042326 0.035837
2 2 0.229221 0.190052 0.480531 0.048158 0.052037
0 2 0.349418 0.202960 0.333893 0.045593 0.068136
0 2 0.408738 0.191806 0.299626 0.039931 0.059898
2 2 0.196895 0.209368 0.480829 0.044015 0.068892
2 2 0.063158 0.137366 0.732983 0.036332 0.030161
2 2 0.014278 0.067056 0.883939 0.025183 0.009545
2 2 0.012449 0.058993 0.892084 0.028988 0.007485
2 2 0.015378 0.062079 0.881482 0.033182 0.007879
2 2 0.017541 0.063021 0.880431 0.031324 0.007683
2 2 0.023770 0.071981 0.865031 0.029861 0.009357
2 2 0.022286 0.076211 0.863163 0.027363 0.010977
2 2 0.019170 0.076004 0.868305 0.025019 0.011501
2 2 0.015408 0.078892 0.865301 0.026451 0.013947
2 2 0.021322 0.078616 0.855969 0.031792 0.012300
2 2 0.086608 0.106978 0.727759 0.059137 0.019518
0 0 0.405995 0.184205 0.281319 0.048991 0.079490
0 0 0.430463 0.205600 0.224571 0.039351 0.100016
0 2 0.439638 0.200510 0.241260 0.042211 0.076381
0 2 0.357391 0.202480 0.320420 0.043954 0.075754
0 2 0.354901 0.198051 0.319292 0.053317 0.074439
2 2 0.341689 0.179848 0.358475 0.067814 0.052174
0 2 0.518029 0.172517 0.196870 0.049910 0.062674
0 2 0.549366 0.159392 0.208424 0.029481 0.053337
0 0 0.646733 0.152803 0.101939 0.024025 0.074500
0 0 0.613811 0.162558 0.113371 0.034909 0.075351
0 0 0.651086 0.154098 0.096623 0.028451 0.069743
0 0 0.617735 0.159678 0.126319 0.032502 0.063766
0 0 0.636003 0.156637 0.111688 0.030052 0.065619
0 0 0.498270 0.189695 0.199133 0.039229 0.073672
0 0 0.290881 0.234153 0.290628 0.061089 0.123249
2 0 0.255097 0.209813 0.426867 0.041603 0.066620
0 0 0.459404 0.173083 0.269216 0.047077 0.051220
0 0 0.612356 0.156440 0.148732 0.029877 0.052595
0 0 0.608679 0.144402 0.190382 0.022459 0.034078
0 0 0.624825 0.144526 0.167666 0.018116 0.044866
0 0 0.624415 0.155940 0.129796 0.026859 0.062991
0 0 0.564069 0.180677 0.142523 0.030022 0.082709
0 0 0.621007 0.160289 0.116824 0.033179 0.068701
0 0 0.663159 0.147735 0.112046 0.023485 0.053574
0 0 0.689559 0.141817 0.095044 0.020216 0.053365
0 0 0.726298 0.132211 0.071840 0.016036 0.053615
0 0 0.694606 0.141394 0.086909 0.020210 0.056881
0 0 0.676060 0.146606 0.094103 0.023139 0.060091
0 0 0.670054 0.148127 0.097174 0.024046 0.060600
0 0 0.671718 0.148571 0.089628 0.024622 0.065460
0 1 0.676781 0.147047 0.088947 0.023615 0.063610
0 1 0.656952 0.152192 0.097832 0.026918 0.066106
0 1 0.636735 0.155784 0.115532 0.029276 0.062673
0 1 0.593737 0.164968 0.135663 0.037697 0.067935
0 1 0.573654 0.164801 0.164420 0.038118 0.059007
0 1 0.532045 0.174005 0.190015 0.041610 0.062324
0 1 0.495713 0.186122 0.205918 0.042171 0.070076
0 1 0.495311 0.188761 0.206253 0.038809 0.070866
0 1 0.476154 0.180082 0.254453 0.035406 0.053905
0 1 0.595672 0.150171 0.188920 0.026234 0.039002
0 0 0.640949 0.148066 0.142209 0.023703 0.045073
0 0 0.676554 0.142263 0.114520 0.020180 0.046483
0 0 0.740565 0.125968 0.076810 0.013223 0.043434
0 1 0.760574 0.120267 0.063692 0.011505 0.043962
0 1 0.731318 0.130689 0.069275 0.015443 0.053274
0 1 0.664108 0.147094 0.113454 0.023059 0.052286
0 0 0.646289 0.147911 0.135797 0.023548 0.046456
0 0 0.608989 0.151004 0.171465 0.026262 0.042280
0 0 0.621849 0.154390 0.144188 0.028182 0.051390
0 0 0.632410 0.157027 0.116060 0.030297 0.064206
0 0 0.631646 0.157976 0.111430 0.031206 0.067742
0 0 0.645073 0.155909 0.095937 0.029980 0.073101
0 0 0.615385 0.162248 0.114065 0.035140 0.073162
0 0 0.584497 0.165632 0.146056 0.038521 0.065294
0 0 0.565338 0.159672 0.193208 0.034263 0.047519
0 0 0.534392 0.159126 0.227659 0.035964 0.042860
0 0 0.559654 0.163252 0.187119 0.037520 0.052454
0 0 0.552257 0.168060 0.176788 0.042409 0.060485
0 0 0.634906 0.156894 0.112168 0.030259 0.065773
0 0 0.605824 0.162978 0.127361 0.035648 0.068189
0 0 0.588640 0.165657 0.139763 0.038469 0.067472
0 1 0.623868 0.157762 0.126520 0.030816 0.061034
0 1 0.625124 0.156125 0.132447 0.029453 0.056850
0 1 0.583100 0.159796 0.172492 0.033437 0.051174
0 1 0.425037 0.186338 0.280464 0.047630 0.060532
0 1 0.369943 0.175963 0.329817 0.068262 0.056015
0 0 0.468083 0.184858 0.205054 0.057546 0.084460
0 0 0.401061 0.221742 0.213664 0.048231 0.115302
0 0 0.556446 0.183404 0.110136 0.042518 0.107497
0 0 0.592377 0.168864 0.113495 0.040910 0.084354
0 0 0.362377 0.221865 0.252742 0.055415 0.107602
2 0 0.271993 0.209353 0.347460 0.061543 0.109650
2 0 0.188973 0.229035 0.370929 0.063861 0.147203
2 0 0.265152 0.245837 0.296976 0.054469 0.137567
0 0 0.420762 0.220752 0.159543 0.055068 0.143875
0 0 0.661485 0.151973 0.069749 0.028691 0.088103
0 0 0.577845 0.171764 0.091850 0.048831 0.109709
0 0 0.562176 0.171503 0.141159 0.042410 0.082751
0 0 0.493524 0.174769 0.218320 0.051252 0.062136
0 0 0.447233 0.186721 0.255182 0.047026 0.063837
0 0 0.486099 0.173105 0.227383 0.054396 0.059018
0 0 0.499392 0.177224 0.202745 0.053577 0.067062
0 0 0.427546 0.195122 0.245950 0.054851 0.076531
0 0 0.390216 0.217046 0.228517 0.056439 0.107782
0 0 0.413992 0.208804 0.232720 0.051561 0.092924
0 0 0.383659 0.206418 0.276158 0.051792 0.081973
2 0 0.158816 0.187812 0.536908 0.057282 0.059183
2 0 0.207283 0.161653 0.532163 0.061314 0.037586
2 0 0.175092 0.155130 0.575043 0.060682 0.034053
0 0 0.347316 0.195305 0.346164 0.048739 0.062475
0 0 0.464431 0.191781 0.230126 0.042895 0.070767
0 0 0.672477 0.144406 0.112017 0.021428 0.049673
0 0 0.653507 0.150329 0.115519 0.025182 0.055463
0 0 0.470730 0.197142 0.185703 0.036002 0.110424
0 0 0.543964 0.165162 0.189225 0.030887 0.070763
0 0 0.503652 0.174620 0.201678 0.049230 0.070820
0 0 0.635891 0.156210 0.114566 0.029640 0.063693
0 0 0.656723 0.152886 0.092022 0.027698 0.070671
0 0 0.783389 0.112940 0.046290 0.009783 0.047598
0 0 0.724318 0.133529 0.063427 0.017088 0.061638
0 0 0.682053 0.146042 0.082274 0.023256 0.066374
0 0 0.592884 0.164189 0.141196 0.036914 0.064817
0 0 0.546594 0.174826 0.158275 0.046380 0.073924
0 0 0.447344 0.193570 0.229715 0.052391 0.076980
0 0 0.539229 0.169354 0.186567 0.044642 0.060208
0 0 0.546408 0.164972 0.195645 0.039919 0.053057
0 0 0.670714 0.141812 0.124394 0.019900 0.043180
0 0 0.667151 0.140357 0.133801 0.019147 0.039545
0 0 0.707835 0.135615 0.092240 0.017043 0.047267
0 0 0.659151 0.151723 0.096139 0.026629 0.066357
0 1 0.624873 0.161567 0.089433 0.035797 0.088331
0 1 0.505228 0.192683 0.114083 0.041036 0.146970
0 1 0.351637 0.229717 0.186439 0.057748 0.174459
2 1 0.227025 0.244571 0.303812 0.060715 0.163876
2 1 0.078209 0.172855 0.643938 0.048748 0.056250
2 2 0.049816 0.133236 0.743433 0.040691 0.032824
2 2 0.023666 0.074848 0.866714 0.024656 0.010115
2 2 0.026834 0.070535 0.867272 0.026995 0.008364
2 2 0.027134 0.066718 0.871529 0.027358 0.007261
2 2 0.019514 0.062886 0.887107 0.023419 0.007074
2 2 0.018915 0.066614 0.882704 0.023498 0.008269
2 2 0.020741 0.071695 0.874391 0.023618 0.009556
2 2 0.026679 0.073767 0.865825 0.024456 0.009273
2 2 0.061960 0.103682 0.784263 0.034694 0.015400
2 2 0.093586 0.125683 0.717352 0.041578 0.021800
2 2 0.037177 0.092501 0.821676 0.033881 0.014764
2 2 0.026377 0.080989 0.851619 0.029015 0.011999
2 2 0.035544 0.083780 0.837879 0.031133 0.011664
2 2 0.049174 0.102139 0.793637 0.037700 0.017349
2 2 0.136041 0.165179 0.613139 0.045183 0.040458
2 2 0.099117 0.152706 0.669288 0.043338 0.035550
2 2 0.181964 0.179122 0.540734 0.051916 0.046264
2 2 0.087402 0.140172 0.695900 0.046940 0.029586
2 2 0.090295 0.147957 0.681033 0.047588 0.033128
2 2 0.080674 0.161899 0.660174 0.051048 0.046205
2 2 0.085399 0.146298 0.677061 0.055542 0.035700
2 2 0.025284 0.077251 0.850567 0.035778 0.011120
2 2 0.023320 0.074017 0.865197 0.027451 0.010015
2 2 0.010262 0.051589 0.916347 0.016295 0.005506
2 2 0.013316 0.064565 0.892906 0.020456 0.008757
2 2 0.013971 0.065879 0.889621 0.021465 0.009064
2 2 0.014957 0.070737 0.877198 0.026365 0.010743
2 2 0.015785 0.062227 0.885064 0.029201 0.007723
2 2 0.028695 0.073700 0.841940 0.045975 0.009690
2 2 0.026027 0.068848 0.856618 0.040148 0.008361
2 2 0.033463 0.084667 0.815228 0.053463 0.013179
2 2 0.022774 0.078779 0.842106 0.043820 0.012522
2 2 0.026287 0.092376 0.809269 0.053885 0.018182
2 2 0.023854 0.085762 0.821084 0.053640 0.015659
2 2 0.018486 0.069333 0.865146 0.037309 0.009726
2 2 0.016696 0.062482 0.877920 0.035117 0.007784
2 3 0.018395 0.057933 0.886079 0.031474 0.006119
2 3 0.018571 0.059332 0.880984 0.034576 0.006536
2 3 0.021153 0.067732 0.859158 0.043126 0.008832
2 3 0.021105 0.070854 0.844555 0.053300 0.010185
2 3 0.024383 0.082398 0.810361 0.068293 0.014564
2 3 0.031590 0.090595 0.766885 0.093270 0.017660
2 3 0.044580 0.111933 0.675895 0.138122 0.029469
2 3 0.055513 0.127438 0.598601 0.176390 0.042058
2 3 0.057961 0.132995 0.560772 0.198977 0.049294
2 3 0.060383 0.131238 0.581660 0.181852 0.044868
2 3 0.056554 0.132327 0.562195 0.199799 0.049125
2 3 0.060847 0.139235 0.509542 0.230340 0.060035
2 3 0.078981 0.151402 0.422842 0.266807 0.079968
2 3 0.079070 0.151443 0.422553 0.266895 0.080039
2 3 0.072859 0.148341 0.443401 0.260354 0.075046
2 3 0.068606 0.145962 0.458456 0.255421 0.071556
2 3 0.073238 0.148542 0.442091 0.260775 0.075354
2 3 0.076926 0.150420 0.429602 0.264722 0.078330
2 3 0.084675 0.153901 0.404796 0.272185 0.084444
2 3 0.091008 0.156327 0.385825 0.277529 0.089311
2 3 0.101445 0.159607 0.356817 0.285034 0.097096
2 3 0.101407 0.159596 0.356920 0.285009 0.097068
2 3 0.114171 0.162565 0.324775 0.292275 0.106214
2 3 0.104898 0.160515 0.347783 0.287194 0.099610
2 3 0.119750 0.163547 0.311744 0.294868 0.110091
3 3 0.126680 0.164528 0.296342 0.297643 0.114806
2 3 0.121968 0.163889 0.306723 0.295808 0.111611
2 3 0.120824 0.163716 0.309302 0.295330 0.110828
3 3 0.127437 0.164620 0.294711 0.297918 0.115314
3 3 0.129210 0.164824 0.290924 0.298540 0.116501
3 3 0.132752 0.165186 0.283514 0.299697 0.118851
3 3 0.141713 0.165843 0.265632 0.302136 0.124676
3 3 0.144705 0.165985 0.259922 0.302803 0.126585
3 3 0.143664 0.165940 0.261895 0.302579 0.125923
2 3 0.115552 0.162825 0.321494 0.292949 0.107181
2 3 0.104021 0.160292 0.350052 0.286660 0.098974
2 3 0.114601 0.158981 0.423796 0.227479 0.075144
2 2 0.254991 0.174943 0.403381 0.104156 0.062529
0 2 0.445112 0.176070 0.268906 0.053052 0.056861
0 2 0.414193 0.197647 0.266124 0.048933 0.073103
2 2 0.243143 0.190610 0.459028 0.052994 0.054224
2 2 0.057685 0.097509 0.783789 0.046484 0.014534
2 2 0.031422 0.070064 0.847576 0.042785 0.008152
2 2 0.028979 0.068379 0.857483 0.037364 0.007794
2 2 0.023086 0.058734 0.884445 0.028054 0.005681
2 2 0.044149 0.087372 0.817143 0.039304 0.012032
2 2 0.037751 0.088283 0.817491 0.042941 0.013533
2 2 0.043300 0.111656 0.763354 0.057236 0.024453
2 2 0.050371 0.125133 0.731538 0.061992 0.030966
2 2 0.120917 0.177721 0.580703 0.060591 0.060068
2 2 0.237652 0.218294 0.377960 0.062196 0.103899
2 2 0.202616 0.230069 0.396735 0.054812 0.115768
2 2 0.111046 0.210249 0.527787 0.057359 0.093559
2 2 0.040759 0.144280 0.719407 0.048743 0.046812
2 2 0.018780 0.115444 0.794900 0.032676 0.038200
2 2 0.016145 0.156899 0.654974 0.023995 0.147986
2 2 0.017126 0.175277 0.477321 0.020029 0.310247
4 2 0.019764 0.161699 0.226519 0.015874 0.576145
4 4 0.025132 0.167457 0.194431 0.017028 0.595951
4 4 0.031852 0.150551 0.129240 0.011860 0.676496
4 4 0.032571 0.183315 0.222929 0.029915 0.531270
4 4 0.030263 0.167827 0.183436 0.019992 0.598482
4 4 0.031967 0.161531 0.163179 0.017183 0.626140
4 4 0.033491 0.161573 0.154518 0.016326 0.634093
4 4 0.060061 0.199075 0.187636 0.037011 0.516217
4 4 0.121428 0.203693 0.271645 0.045607 0.357626
4 4 0.170145 0.225452 0.280956 0.033174 0.290273
4 4 0.142103 0.240353 0.203270 0.027112 0.387162
4 4 0.099898 0.219636 0.145313 0.028468 0.506685
4 4 0.080108 0.152590 0.071256 0.010108 0.685939
4 4 0.041294 0.103127 0.053298 0.004004 0.798277
4 4 0.044672 0.090074 0.039048 0.002777 0.823429
4 4 0.068438 0.121725 0.055029 0.006146 0.748662
4 4 0.087875 0.143273 0.067209 0.010002 0.691641
4 4 0.093180 0.181784 0.110058 0.022215 0.592763
4 4 0.099638 0.190145 0.115580 0.025589 0.569049
4 4 0.084023 0.163256 0.094591 0.015994 0.642136
4 4 0.067509 0.134288 0.077022 0.009819 0.711361
4 4 0.035567 0.082490 0.048853 0.003210 0.829880
4 4 0.040614 0.069815 0.029576 0.001798 0.858197
4 4 0.039172 0.047231 0.012252 0.000551 0.900794
4 4 0.043029 0.041529 0.008190 0.000349 0.906903
4 4 0.035212 0.039953 0.008216 0.000303 0.916315
4 4 0.022009 0.039281 0.010613 0.000304 0.927794
4 4 0.022560 0.036896 0.008889 0.000246 0.931409
4 4 0.035367 0.048243 0.011829 0.000486 0.904075
4 4 0.040903 0.054767 0.013204 0.000620 0.890505
4 4 0.072987 0.076332 0.019144 0.001544 0.829992
4 4 0.067781 0.100391 0.035534 0.003337 0.792957
4 4 0.068295 0.101963 0.036156 0.003436 0.790152
4 4 0.054157 0.098818 0.039258 0.003222 0.804545
4 4 0.056429 0.110334 0.048085 0.004387 0.780764
4 4 0.044450 0.121689 0.065825 0.005671 0.762366
4 4 0.050926 0.115788 0.053768 0.004734 0.774785
4 4 0.084074 0.152196 0.074772 0.011274 0.677684
4 4 0.118854 0.163441 0.075113 0.015318 0.627274
4 4 0.125463 0.188421 0.104215 0.026829 0.555072
4 4 0.104817 0.192834 0.123276 0.029745 0.549329
4 4 0.075792 0.193131 0.150320 0.030815 0.549941
4 4 0.069977 0.189966 0.153426 0.029682 0.556949
4 4 0.087650 0.202279 0.149768 0.035118 0.525185
4 4 0.122688 0.225273 0.168041 0.054469 0.429529
4 4 0.232082 0.202301 0.085593 0.038478 0.441546
4 4 0.182119 0.214681 0.110733 0.044776 0.447692
4 4 0.210604 0.195007 0.094417 0.025008 0.474965
4 4 0.133300 0.128855 0.052725 0.010072 0.675047
4 4 0.033378 0.055375 0.018373 0.000832 0.892043
4 4 0.024713 0.046898 0.015130 0.000523 0.912737
4 4 0.043461 0.071987 0.023872 0.001409 0.859272
4 4 0.066012 0.105730 0.041596 0.004055 0.782607
4 4 0.103517 0.162055 0.080918 0.015135 0.638375
4 4 0.132975 0.173053 0.083031 0.019787 0.591154
4 4 0.118912 0.148980 0.062487 0.011660 0.657961
4 4 0.110360 0.123523 0.044617 0.006757 0.714742
4 4 0.089360 0.096265 0.029103 0.003164 0.782108
4 4 0.095601 0.087791 0.022090 0.002304 0.792214
4 4 0.107830 0.082687 0.018788 0.002047 0.788648
4 4 0.120029 0.124406 0.040891 0.006426 0.708248
4 4 0.108380 0.123761 0.042356 0.006188 0.719314
4 4 0.093188 0.135769 0.055945 0.008072 0.707026
4 4 0.080510 0.136820 0.062866 0.008453 0.711350
4 4 0.069058 0.129699 0.063171 0.007523 0.730550
4 4 0.052822 0.093390 0.035170 0.002724 0.815893
4 4 0.063790 0.108413 0.044230 0.004296 0.779270
4 4 0.067431 0.109757 0.043265 0.004349 0.775197
4 4 0.104529 0.165101 0.084626 0.016333 0.629411
4 4 0.115798 0.179117 0.099173 0.022909 0.583004
4 4 0.110611 0.218082 0.172678 0.057652 0.440978
4 4 0.101959 0.214112 0.170947 0.051783 0.461199
4 4 0.090242 0.222910 0.209684 0.069077 0.408088
4 4 0.078598 0.225568 0.243498 0.077003 0.375335
4 4 0.080051 0.233362 0.281879 0.085396 0.319312
2 4 0.079529 0.235091 0.322954 0.089642 0.272785
2 2 0.078540 0.233810 0.364403 0.088381 0.234866
2 2 0.077538 0.232291 0.318487 0.077967 0.293716
4 2 0.068110 0.228303 0.300826 0.068389 0.334371
4 2 0.058576 0.205889 0.208409 0.044127 0.482999
4 2 0.049283 0.200850 0.213834 0.039632 0.496401
4 2 0.050406 0.200037 0.210436 0.039192 0.499928
4 2 0.054808 0.211048 0.240557 0.055339 0.438249
4 2 0.064664 0.222472 0.268219 0.061153 0.383492
2 2 0.056896 0.225127 0.398997 0.064952 0.254029
2 2 0.063473 0.230238 0.371643 0.064056 0.270590
2 2 0.049140 0.221001 0.410063 0.059963 0.259834
4 2 0.060538 0.214935 0.230534 0.050422 0.443571
4 2 0.058094 0.202059 0.192809 0.037860 0.509177
4 2 0.066023 0.197607 0.164584 0.031967 0.539819
4 2 0.072311 0.201926 0.159322 0.032860 0.533582
4 2 0.070840 0.204495 0.171984 0.036881 0.515800
4 2 0.065736 0.214125 0.215927 0.052942 0.451270
2 2 0.050136 0.216878 0.424641 0.063860 0.244485
2 2 0.034743 0.194602 0.549710 0.047791 0.173154
2 2 0.026287 0.176755 0.616484 0.045062 0.135411
2 2 0.027491 0.170209 0.644195 0.048777 0.109328
2 2 0.026490 0.164238 0.666070 0.049944 0.093259
2 2 0.030407 0.178104 0.622101 0.051218 0.118170
2 2 0.023064 0.159250 0.684776 0.046190 0.086720
2 2 0.034830 0.185595 0.605368 0.048730 0.125477
2 2 0.023899 0.151876 0.705161 0.040524 0.078541
2 2 0.022490 0.151379 0.703438 0.039290 0.083404
2 2 0.013597 0.112139 0.808616 0.028909 0.036739
2 2 0.015531 0.111806 0.806211 0.031689 0.034763
2 2 0.019208 0.111752 0.803801 0.033387 0.031853
2 2 0.023173 0.114426 0.790849 0.039578 0.031973
2 2 0.023426 0.116391 0.785301 0.041388 0.033494
2 2 0.018368 0.106534 0.809738 0.036392 0.028968
2 2 0.012838 0.095651 0.838069 0.028589 0.024853
2 2 0.009372 0.077152 0.877449 0.020147 0.015880
2 2 0.009760 0.071731 0.887140 0.018487 0.012881
2 2 0.009224 0.062595 0.902303 0.016576 0.009302
2 2 0.018351 0.073083 0.879444 0.019065 0.010057
2 2 0.097554 0.115587 0.725527 0.042578 0.018754
0 2 0.491095 0.162933 0.258486 0.043325 0.044160
2 2 0.197248 0.202271 0.490462 0.047536 0.062482
2 2 0.172198 0.211035 0.494468 0.048621 0.073678
2 2 0.059326 0.161401 0.679354 0.047805 0.052115
2 2 0.046909 0.143726 0.720903 0.046093 0.042368
2 2 0.038850 0.124709 0.767629 0.038308 0.030503
2 2 0.024565 0.092860 0.833935 0.031028 0.017612
2 2 0.038540 0.113453 0.783985 0.039553 0.024469
2 2 0.071364 0.149853 0.687949 0.050802 0.040033
2 2 0.083228 0.169450 0.639385 0.054756 0.053181
2 2 0.080670 0.171948 0.642902 0.050297 0.054184
2 2 0.041076 0.133338 0.750206 0.040082 0.035297
2 2 0.017800 0.089196 0.844969 0.029896 0.018138
2 2 0.015064 0.070892 0.875771 0.027456 0.010818
2 2 0.016087 0.064514 0.879044 0.031892 0.008463
2 2 0.020974 0.080514 0.834587 0.049981 0.013944
2 2 0.022487 0.097054 0.797080 0.060915 0.022463
2 2 0.026375 0.114673 0.751882 0.071816 0.035254
2 2 0.029091 0.114247 0.735691 0.087736 0.033235
2 3 0.032106 0.130844 0.689288 0.097073 0.050690
2 3 0.033808 0.123430 0.690901 0.111472 0.040389
2 3 0.030748 0.127214 0.696586 0.099096 0.046357
2 3 0.039533 0.124908 0.693384 0.103746 0.038429
2 3 0.039672 0.137695 0.674978 0.096151 0.051503
2 3 0.051102 0.129242 0.671619 0.109413 0.038624
2 3 0.055188 0.132332 0.620134 0.148454 0.043892
2 3 0.060870 0.134242 0.558535 0.196864 0.049489
2 3 0.067636 0.145389 0.461982 0.254241 0.070752
2 3 0.064780 0.143628 0.472589 0.250639 0.068364
