0 0 0.908522 0.016662 0.013550 0.017401 0.043865
0 0 0.965026 0.005654 0.004040 0.002954 0.022327
0 0 0.988088 0.001584 0.000991 0.002201 0.007136
0 0 0.974862 0.003807 0.002619 0.004418 0.014294
0 0 0.948606 0.008764 0.006567 0.003532 0.032531
0 0 0.812432 0.037911 0.031323 0.013093 0.105241
0 0 0.686926 0.067295 0.056489 0.022793 0.166496
0 0 0.510726 0.115333 0.110902 0.046268 0.216772
0 0 0.471723 0.089767 0.137569 0.158843 0.142097
0 0 0.488173 0.084509 0.124589 0.170838 0.131891
0 0 0.625617 0.068823 0.077700 0.114187 0.113672
0 0 0.582083 0.068903 0.080357 0.151114 0.117543
0 0 0.533927 0.085951 0.085920 0.148156 0.146046
0 0 0.477493 0.104198 0.106045 0.149041 0.163222
0 0 0.365437 0.078271 0.131817 0.318087 0.106387
3 0 0.100500 0.031273 0.130903 0.696927 0.040398
3 0 0.099739 0.027147 0.115853 0.721731 0.035530
3 0 0.101822 0.035052 0.142313 0.675384 0.045429
3 0 0.089320 0.028138 0.126978 0.717222 0.038343
3 0 0.093090 0.033164 0.139513 0.687817 0.046417
3 0 0.127197 0.055820 0.173113 0.565795 0.078074
2 0 0.225074 0.133596 0.253482 0.205646 0.182202
2 0 0.193439 0.182796 0.294813 0.097244 0.231708
2 0 0.165449 0.182528 0.293907 0.120350 0.237766
0 0 0.310646 0.132508 0.173664 0.155900 0.227283
3 0 0.146851 0.050304 0.138373 0.594447 0.070025
3 1 0.118497 0.050537 0.166889 0.596519 0.067559
3 1 0.151004 0.088003 0.206488 0.443506 0.111000
3 1 0.110516 0.042773 0.156742 0.634222 0.055746
3 1 0.101593 0.036109 0.147341 0.668951 0.046006
3 1 0.093382 0.051754 0.197348 0.585815 0.071701
3 1 0.076079 0.050603 0.225348 0.579456 0.068514
3 1 0.049607 0.029100 0.195140 0.686014 0.040140
3 1 0.048235 0.028032 0.195149 0.690816 0.037767
3 1 0.031791 0.010556 0.107200 0.835227 0.015225
3 1 0.024881 0.005540 0.067396 0.893741 0.008442
3 1 0.013864 0.001803 0.032447 0.948869 0.003017
3 1 0.022858 0.003727 0.047886 0.919666 0.005863
3 1 0.033818 0.012936 0.124740 0.810180 0.018326
3 1 0.037890 0.024169 0.203393 0.702241 0.032308
3 1 0.028811 0.022232 0.223741 0.694777 0.030439
3 1 0.035703 0.035643 0.275387 0.602768 0.050498
3 1 0.037111 0.029713 0.243498 0.650447 0.039231
3 1 0.035413 0.027016 0.232963 0.668887 0.035721
3 2 0.028940 0.018658 0.193311 0.733487 0.025604
3 2 0.023053 0.015858 0.196428 0.742759 0.021902
3 2 0.020794 0.021552 0.325504 0.607426 0.024723
3 2 0.019081 0.023154 0.386150 0.547006 0.024609
2 2 0.018281 0.029736 0.493145 0.430351 0.028487
2 2 0.021965 0.048401 0.633052 0.258886 0.037696
2 2 0.023024 0.062125 0.702716 0.170327 0.041807
2 2 0.024248 0.062536 0.687331 0.182688 0.043197
2 2 0.025962 0.057118 0.627877 0.244693 0.044350
2 2 0.030305 0.051384 0.509568 0.360533 0.048209
3 2 0.026261 0.021653 0.253368 0.671268 0.027449
3 2 0.023427 0.015573 0.188798 0.750443 0.021759
3 2 0.021712 0.030637 0.422618 0.492555 0.032477
2 2 0.021152 0.039047 0.551579 0.353514 0.034708
2 2 0.012849 0.030672 0.670118 0.263557 0.022803
2 2 0.013808 0.031542 0.650753 0.279709 0.024188
2 2 0.016719 0.037529 0.643676 0.273054 0.029023
2 2 0.017890 0.030898 0.515049 0.407205 0.028959
2 2 0.019369 0.034161 0.527465 0.387536 0.031470
2 2 0.025072 0.040317 0.483592 0.411508 0.039512
3 2 0.021210 0.022775 0.329274 0.600339 0.026402
3 2 0.018613 0.011572 0.167643 0.785538 0.016635
3 2 0.019143 0.008428 0.122245 0.837731 0.012453
3 2 0.017807 0.005793 0.089156 0.878410 0.008834
3 2 0.026752 0.010940 0.124911 0.821637 0.015760
3 2 0.025835 0.010363 0.121489 0.827309 0.015003
3 2 0.024334 0.009200 0.112917 0.840087 0.013462
3 2 0.020372 0.007313 0.102131 0.859257 0.010927
3 2 0.019733 0.007298 0.104194 0.857864 0.010910
3 2 0.015844 0.006047 0.100832 0.868075 0.009202
3 3 0.017252 0.008068 0.125793 0.836910 0.011976
3 3 0.021074 0.011726 0.156423 0.793954 0.016823
3 3 0.021820 0.011300 0.147710 0.802907 0.016262
3 3 0.023015 0.011257 0.142040 0.807489 0.016199
3 3 0.019312 0.007743 0.111993 0.849432 0.011521
3 3 0.018103 0.006211 0.094419 0.871850 0.009417
3 3 0.017258 0.004665 0.073438 0.897401 0.007239
3 3 0.015995 0.003822 0.063376 0.910777 0.006030
3 3 0.018251 0.004583 0.069356 0.900693 0.007117
3 3 0.019951 0.004665 0.066300 0.901859 0.007226
3 3 0.017562 0.003781 0.058674 0.914020 0.005963
3 3 0.015945 0.003278 0.054343 0.921201 0.005233
3 3 0.014172 0.002664 0.047804 0.931032 0.004328
3 3 0.013782 0.003125 0.057410 0.920665 0.005018
3 3 0.015975 0.004543 0.075505 0.896905 0.007072
3 3 0.020160 0.008398 0.117612 0.841425 0.012405
3 3 0.025608 0.018545 0.229596 0.702650 0.023601
3 3 0.027369 0.021239 0.229108 0.694013 0.028271
3 3 0.022955 0.015758 0.193282 0.746009 0.021995
3 3 0.017990 0.008948 0.134954 0.824947 0.013161
3 3 0.015556 0.006646 0.111948 0.855815 0.010036
3 3 0.015903 0.005766 0.095983 0.873540 0.008808
3 3 0.018158 0.006246 0.094740 0.871392 0.009465
3 3 0.017603 0.005071 0.078741 0.890769 0.007816
3 3 0.018286 0.005501 0.083148 0.884644 0.008421
3 3 0.018838 0.004925 0.072921 0.895713 0.007603
3 3 0.022305 0.005102 0.067043 0.897714 0.007836
3 3 0.038032 0.005883 0.052782 0.894435 0.008868
3 3 0.051173 0.008218 0.059579 0.869017 0.012013
3 3 0.151983 0.028392 0.112079 0.666505 0.041041
3 3 0.233211 0.042688 0.133378 0.527120 0.063603
0 2 0.441303 0.072298 0.133394 0.238285 0.114721
0 0 0.501010 0.113058 0.105384 0.067489 0.213060
0 0 0.431163 0.131066 0.105549 0.044040 0.288182
0 0 0.593369 0.091155 0.078786 0.040071 0.196620
0 0 0.816917 0.037880 0.033315 0.019491 0.092397
0 0 0.851883 0.029792 0.025891 0.018595 0.073840
0 0 0.823344 0.036447 0.032484 0.021500 0.086226
0 0 0.394999 0.129567 0.097319 0.015379 0.362735
4 1 0.239236 0.166573 0.121260 0.014197 0.458734
4 1 0.154454 0.210333 0.185154 0.023831 0.426229
0 1 0.309202 0.173969 0.177539 0.057772 0.281518
0 0 0.633885 0.072757 0.080989 0.086715 0.125655
0 0 0.754348 0.042197 0.045365 0.076534 0.081556
0 0 0.768769 0.049449 0.045896 0.028687 0.107200
0 0 0.673341 0.073177 0.071889 0.040901 0.140691
0 0 0.657043 0.077804 0.077064 0.037402 0.150688
0 0 0.563484 0.090860 0.069265 0.014874 0.261517
0 0 0.727190 0.056822 0.048522 0.011963 0.155503
0 0 0.776337 0.046071 0.039570 0.011373 0.126648
0 0 0.577982 0.091067 0.077231 0.014433 0.239288
0 0 0.444577 0.108973 0.078709 0.007946 0.359795
4 0 0.376497 0.101712 0.059086 0.003774 0.458931
4 0 0.327119 0.117113 0.068173 0.005774 0.481820
4 0 0.370159 0.096767 0.050875 0.003730 0.478470
4 0 0.262028 0.088606 0.035656 0.001760 0.611950
4 0 0.166665 0.081377 0.026955 0.000819 0.724184
4 0 0.084836 0.071541 0.018735 0.000381 0.824507
4 0 0.059264 0.077996 0.020216 0.000446 0.842077
4 0 0.061155 0.100442 0.031592 0.000917 0.805894
4 1 0.051643 0.132539 0.049690 0.002152 0.763977
4 1 0.039072 0.181671 0.079853 0.008167 0.691238
4 1 0.056841 0.237806 0.155833 0.037777 0.511742
4 1 0.065451 0.205007 0.305251 0.099582 0.324709
2 2 0.063468 0.165848 0.418803 0.149331 0.202549
2 2 0.056388 0.138828 0.498169 0.167225 0.139389
2 2 0.058630 0.158346 0.484525 0.137677 0.160822
2 2 0.071338 0.174450 0.359716 0.155057 0.239439
2 2 0.063181 0.099617 0.378470 0.333103 0.125629
3 2 0.041026 0.050693 0.329181 0.511736 0.067364
3 2 0.035434 0.033967 0.278968 0.607802 0.043829
3 2 0.026970 0.022220 0.234589 0.686240 0.029981
3 2 0.025186 0.019934 0.223430 0.704257 0.027193
3 2 0.037901 0.024597 0.206411 0.698269 0.032823
3 2 0.049473 0.030224 0.219461 0.663126 0.037716
3 2 0.076201 0.063119 0.329149 0.466667 0.064864
2 2 0.063395 0.080849 0.452904 0.330502 0.072350
3 2 0.057454 0.033395 0.222524 0.646290 0.040336
3 2 0.040316 0.017255 0.144754 0.773882 0.023794
3 2 0.035109 0.012695 0.119417 0.814773 0.018006
3 2 0.039396 0.015888 0.136246 0.786395 0.022075
3 2 0.045409 0.025801 0.191314 0.703238 0.034238
3 2 0.044233 0.029876 0.220095 0.666722 0.039075
3 2 0.039258 0.030670 0.266150 0.626825 0.037096
3 2 0.025491 0.029801 0.407949 0.506888 0.029871
2 2 0.025196 0.045087 0.536667 0.352215 0.040836
2 2 0.041928 0.064091 0.476018 0.356837 0.061126
3 2 0.034903 0.040286 0.404360 0.479671 0.040780
3 2 0.041345 0.047382 0.415922 0.448985 0.046366
2 2 0.042395 0.086401 0.570743 0.229012 0.071448
2 2 0.044725 0.122098 0.560296 0.158322 0.114559
2 2 0.067154 0.208124 0.382187 0.077135 0.265400
2 2 0.062338 0.184854 0.347138 0.124419 0.281250
2 2 0.054530 0.168091 0.430694 0.129356 0.217329
2 2 0.048310 0.119806 0.525934 0.185221 0.120728
2 2 0.056262 0.081770 0.479277 0.309855 0.072835
3 2 0.059951 0.052974 0.368774 0.467158 0.051144
2 2 0.067292 0.095276 0.463112 0.289879 0.084441
2 2 0.048568 0.078786 0.533639 0.274314 0.064692
2 2 0.052300 0.070513 0.468644 0.344873 0.063670
3 2 0.085667 0.067016 0.319076 0.457295 0.070946
3 2 0.100903 0.044951 0.182461 0.616696 0.054989
3 2 0.106412 0.053981 0.229429 0.551351 0.058827
3 0 0.163298 0.070691 0.188742 0.491378 0.085891
3 0 0.180605 0.060994 0.167438 0.513312 0.077651
3 1 0.113734 0.031380 0.119805 0.694644 0.040437
3 1 0.097482 0.019678 0.087192 0.769148 0.026499
3 2 0.028936 0.002727 0.029214 0.934749 0.004374
3 2 0.020728 0.001332 0.017645 0.958030 0.002264
3 2 0.019984 0.001272 0.017257 0.959318 0.002170
3 2 0.027576 0.002137 0.023472 0.943324 0.003492
3 2 0.021282 0.001650 0.021661 0.952647 0.002760
3 2 0.020493 0.002223 0.030386 0.943258 0.003640
3 2 0.033258 0.004740 0.046695 0.908028 0.007280
3 2 0.062043 0.016748 0.104198 0.793974 0.023037
3 0 0.195102 0.059222 0.168392 0.498393 0.078891
0 0 0.285677 0.130685 0.231941 0.184377 0.167321
2 1 0.212289 0.185051 0.287197 0.085096 0.230367
4 1 0.115016 0.216370 0.280315 0.044009 0.344290
4 2 0.092061 0.206719 0.193957 0.042616 0.464647
4 2 0.095205 0.193102 0.244515 0.073283 0.393894
4 2 0.087158 0.185240 0.271893 0.103113 0.352596
2 2 0.066360 0.128808 0.361482 0.254346 0.189003
2 2 0.045273 0.079223 0.463028 0.326226 0.086250
2 2 0.041904 0.083596 0.503735 0.282655 0.088110
2 2 0.045734 0.075636 0.451660 0.344721 0.082249
3 2 0.040180 0.041214 0.314929 0.553912 0.049765
3 2 0.032851 0.038389 0.372250 0.514134 0.042376
3 2 0.027944 0.038671 0.443619 0.450953 0.038814
2 2 0.033143 0.046225 0.460281 0.415680 0.044671
3 2 0.031017 0.032274 0.337387 0.562604 0.036718
3 2 0.027457 0.024042 0.272812 0.645937 0.029751
3 2 0.031256 0.024760 0.234651 0.676338 0.032995
3 2 0.034191 0.022151 0.201604 0.712177 0.029877
3 2 0.038154 0.021573 0.183538 0.727581 0.029155
3 2 0.048665 0.026675 0.188134 0.701258 0.035268
3 2 0.047779 0.030974 0.215871 0.665026 0.040350
3 2 0.039429 0.027410 0.220438 0.676544 0.036179
3 2 0.027801 0.017500 0.187501 0.743033 0.024165
3 2 0.028197 0.018487 0.205573 0.723340 0.024402
3 2 0.031303 0.028875 0.286032 0.618203 0.035588
3 2 0.028453 0.036624 0.395218 0.499761 0.039944
3 2 0.026444 0.039358 0.445110 0.448317 0.040773
3 2 0.029380 0.042471 0.431624 0.451687 0.044837
2 2 0.024619 0.037500 0.455856 0.443765 0.038259
2 2 0.040433 0.066601 0.489819 0.339774 0.063372
2 2 0.060779 0.091429 0.462771 0.300510 0.084511
3 2 0.243071 0.089852 0.212688 0.331891 0.122497
3 2 0.187479 0.047385 0.134919 0.567962 0.062255
3 2 0.241598 0.040324 0.103707 0.558708 0.055663
3 2 0.179855 0.021053 0.065778 0.703782 0.029531
3 0 0.162505 0.021208 0.069143 0.717865 0.029279
0 0 0.413674 0.048205 0.089974 0.376160 0.071987
0 0 0.527462 0.069541 0.101552 0.191157 0.110287
0 0 0.713191 0.055252 0.056925 0.073246 0.101386
0 0 0.671854 0.066819 0.069936 0.071882 0.119509
0 0 0.751799 0.053048 0.049797 0.036335 0.109021
0 0 0.693749 0.064150 0.064647 0.058425 0.119029
0 0 0.621352 0.074833 0.087766 0.084414 0.131635
0 0 0.634636 0.069643 0.085431 0.083587 0.126703
0 0 0.474028 0.088223 0.144532 0.156281 0.136936
0 0 0.528713 0.108718 0.143859 0.060826 0.157884
0 0 0.585497 0.096522 0.102372 0.047208 0.168400
0 0 0.637577 0.082796 0.081766 0.037126 0.160736
0 0 0.536268 0.107202 0.101348 0.024064 0.231119
0 0 0.559846 0.103272 0.103041 0.033687 0.200154
0 0 0.339280 0.142072 0.260287 0.071859 0.186502
4 0 0.191181 0.188391 0.147908 0.017031 0.455489
4 0 0.173887 0.164994 0.102882 0.008607 0.549630
4 0 0.137996 0.173608 0.107050 0.008094 0.573251
4 0 0.128068 0.157738 0.088104 0.004694 0.621396
4 0 0.150414 0.159497 0.095605 0.005272 0.589211
4 0 0.152187 0.167747 0.104065 0.007247 0.568754
4 0 0.203800 0.165866 0.114762 0.009197 0.506376
4 0 0.135121 0.133457 0.067099 0.002264 0.662058
4 0 0.092379 0.115235 0.045839 0.001268 0.745279
4 0 0.071772 0.101354 0.034479 0.000803 0.791592
4 0 0.088574 0.099292 0.034401 0.000847 0.776886
4 0 0.142712 0.109436 0.045493 0.001475 0.700885
4 0 0.187318 0.114031 0.052908 0.002092 0.643650
4 0 0.227942 0.114185 0.056545 0.002615 0.598713
4 0 0.168695 0.120932 0.056010 0.002550 0.651812
4 0 0.122416 0.123833 0.053723 0.002194 0.697833
4 0 0.058424 0.138953 0.056013 0.002467 0.744143
4 0 0.072546 0.146926 0.065154 0.003126 0.712248
4 0 0.157153 0.177367 0.118460 0.009560 0.537460
0 0 0.376203 0.148781 0.132709 0.033503 0.308804
0 0 0.511427 0.107633 0.123053 0.068206 0.189682
0 0 0.471835 0.119998 0.097396 0.034220 0.276551
0 0 0.380210 0.138899 0.107056 0.023795 0.350041
4 0 0.351014 0.126783 0.082672 0.010127 0.429404
0 0 0.415938 0.111497 0.072988 0.009144 0.390434
4 0 0.340105 0.113370 0.066170 0.005259 0.475096
4 0 0.336282 0.087669 0.041017 0.001971 0.533061
4 0 0.132709 0.097727 0.036516 0.000993 0.732056
4 0 0.130418 0.102542 0.039988 0.001083 0.725969
4 0 0.082948 0.095884 0.031859 0.000753 0.788557
4 0 0.041879 0.103407 0.032144 0.000771 0.821799
4 0 0.042451 0.134435 0.048984 0.002198 0.771933
4 0 0.060930 0.154520 0.067652 0.003882 0.713015
4 0 0.082305 0.186625 0.103252 0.009519 0.618299
4 0 0.157236 0.182165 0.119556 0.013584 0.527459
0 0 0.362042 0.124195 0.172967 0.117403 0.223393
0 0 0.459692 0.105963 0.152011 0.112067 0.170267
0 0 0.642495 0.081654 0.081481 0.037851 0.156519
0 0 0.612341 0.089900 0.090939 0.031576 0.175245
0 0 0.507765 0.117396 0.120152 0.030597 0.224091
4 0 0.286056 0.148021 0.102803 0.011491 0.451629
4 0 0.074127 0.145247 0.063792 0.003092 0.713742
4 1 0.059506 0.182872 0.090305 0.008357 0.658960
4 1 0.046517 0.203925 0.103408 0.014254 0.631896
4 1 0.053392 0.252779 0.228760 0.033015 0.432054
2 1 0.072404 0.226615 0.335757 0.081664 0.283560
2 1 0.069429 0.142312 0.463931 0.188052 0.136277
2 1 0.159781 0.132311 0.300362 0.247620 0.159926
2 1 0.208037 0.140934 0.250478 0.213225 0.187326
3 1 0.111171 0.091607 0.250872 0.422510 0.123840
3 1 0.082535 0.086414 0.286400 0.422062 0.122589
2 1 0.069555 0.111302 0.351365 0.316331 0.151447
2 1 0.077788 0.173925 0.347491 0.166152 0.234643
2 1 0.098333 0.178669 0.310009 0.183217 0.229771
3 1 0.097825 0.127960 0.288198 0.296868 0.189149
2 1 0.088101 0.122992 0.311887 0.303764 0.173255
2 1 0.077424 0.191246 0.361768 0.132332 0.237231
2 1 0.063500 0.216754 0.428728 0.074723 0.216294
2 1 0.055121 0.207008 0.511853 0.061764 0.164254
4 1 0.064526 0.242761 0.203957 0.028377 0.460379
4 1 0.062016 0.255357 0.251077 0.045904 0.385646
4 1 0.063158 0.234275 0.182201 0.051837 0.468529
2 1 0.056663 0.210157 0.370324 0.080166 0.282690
2 1 0.060077 0.165558 0.346381 0.156509 0.271475
2 1 0.045723 0.129373 0.503764 0.169838 0.151302
2 1 0.044925 0.119485 0.506182 0.190331 0.139077
2 1 0.053358 0.187320 0.479062 0.088550 0.191711
2 1 0.060787 0.221441 0.328421 0.074650 0.314701
2 4 0.063416 0.227554 0.337059 0.071488 0.300483
4 4 0.051003 0.252383 0.211549 0.034670 0.450394
4 4 0.055672 0.240717 0.176760 0.028453 0.498397
4 4 0.086827 0.217764 0.144125 0.022752 0.528531
4 4 0.072120 0.224974 0.208267 0.050216 0.444423
2 4 0.074567 0.141565 0.328832 0.238849 0.216187
3 4 0.074779 0.046115 0.207635 0.605471 0.065999
3 4 0.056513 0.016787 0.111620 0.791963 0.023116
3 4 0.026456 0.003248 0.037397 0.927747 0.005151
3 4 0.021335 0.002351 0.031282 0.941200 0.003831
3 4 0.018404 0.001538 0.022375 0.955092 0.002592
3 4 0.013479 0.001148 0.020662 0.962725 0.001986
3 4 0.012945 0.001316 0.024555 0.958927 0.002256
3 4 0.016096 0.002221 0.036174 0.941857 0.003651
3 4 0.023918 0.005404 0.067611 0.894810 0.008256
3 4 0.028443 0.011620 0.126851 0.816443 0.016643
3 4 0.037672 0.020156 0.174311 0.740445 0.027417
3 2 0.044779 0.020130 0.155149 0.752595 0.027348
3 2 0.046210 0.017710 0.135073 0.776676 0.024332
3 2 0.033962 0.009723 0.094511 0.847697 0.014108
3 2 0.032933 0.009576 0.095152 0.848422 0.013917
3 2 0.020863 0.004517 0.062173 0.905436 0.007011
3 2 0.012228 0.002385 0.047398 0.934074 0.003914
3 2 0.017885 0.005518 0.084709 0.883440 0.008447
3 2 0.023038 0.009737 0.123764 0.829273 0.014187
3 2 0.028345 0.021586 0.222020 0.698842 0.029207
3 2 0.033142 0.033528 0.287264 0.602748 0.043318
3 2 0.031810 0.032990 0.292042 0.600639 0.042520
3 2 0.034519 0.033463 0.280110 0.608659 0.043249
3 2 0.039365 0.032087 0.250650 0.636234 0.041664
3 2 0.030482 0.022987 0.223703 0.691924 0.030904
3 2 0.022963 0.015838 0.194104 0.744997 0.022097
3 2 0.017638 0.011836 0.177202 0.776339 0.016985
3 2 0.017578 0.009602 0.146461 0.812321 0.014039
3 2 0.016696 0.008348 0.132833 0.829764 0.012359
3 2 0.018702 0.009989 0.145859 0.810900 0.014549
3 2 0.021978 0.012844 0.165432 0.781474 0.018272
3 2 0.025573 0.016510 0.187940 0.747043 0.022933
3 2 0.029364 0.023212 0.230824 0.685421 0.031178
3 2 0.027134 0.024801 0.255704 0.659272 0.033088
3 2 0.028765 0.022565 0.228343 0.689931 0.030396
3 2 0.022939 0.014485 0.179395 0.762804 0.020377
3 2 0.015305 0.008353 0.140872 0.823096 0.012375
3 2 0.012563 0.005889 0.115125 0.857421 0.009001
3 2 0.013949 0.006126 0.111406 0.859195 0.009323
3 2 0.020855 0.009648 0.131235 0.824181 0.014081
3 2 0.016035 0.006286 0.103874 0.864270 0.009534
3 2 0.012977 0.004417 0.084857 0.890841 0.006908
3 2 0.011167 0.003365 0.071762 0.908320 0.005386
3 2 0.020172 0.011102 0.153068 0.799647 0.016011
3 2 0.021110 0.008708 0.118023 0.839341 0.012818
3 2 0.042298 0.021935 0.177765 0.728884 0.029119
3 2 0.048064 0.035530 0.240191 0.630589 0.045626
3 2 0.021571 0.007110 0.095500 0.865179 0.010641
3 2 0.022578 0.006465 0.084219 0.876994 0.009744
3 2 0.016465 0.004312 0.070145 0.902340 0.006738
3 2 0.021197 0.006757 0.091942 0.869948 0.010156
3 2 0.021365 0.007445 0.100568 0.859521 0.011101
3 3 0.022987 0.008723 0.111539 0.843922 0.012829
3 3 0.021548 0.008764 0.117112 0.839683 0.012892
3 3 0.019228 0.007472 0.108516 0.853633 0.011151
3 3 0.014318 0.004685 0.084048 0.889663 0.007285
3 3 0.012493 0.003131 0.061659 0.917683 0.005033
3 3 0.012736 0.002923 0.056709 0.922911 0.004722
3 3 0.014704 0.003831 0.067420 0.907995 0.006050
3 3 0.014527 0.004402 0.078180 0.896015 0.006877
3 3 0.016795 0.005473 0.087780 0.881561 0.008390
3 3 0.019846 0.006188 0.088251 0.876341 0.009374
3 3 0.025245 0.008116 0.097474 0.857170 0.011995
3 3 0.019014 0.004533 0.066640 0.902770 0.007042
3 3 0.019140 0.004548 0.066546 0.902705 0.007062
3 3 0.018965 0.004599 0.067749 0.901549 0.007138
3 3 0.020430 0.005179 0.072420 0.894017 0.007954
3 3 0.020271 0.004789 0.067317 0.900221 0.007402
3 3 0.020028 0.005448 0.077263 0.888924 0.008337
3 3 0.020806 0.005876 0.081114 0.883270 0.008934
3 3 0.021605 0.005579 0.075008 0.889295 0.008513
3 3 0.020617 0.003972 0.055027 0.914157 0.006227
3 3 0.016307 0.002626 0.042596 0.934209 0.004262
3 3 0.018957 0.003295 0.048283 0.924218 0.005246
3 3 0.020498 0.004686 0.065344 0.902217 0.007254
3 3 0.019568 0.004322 0.062223 0.907151 0.006736
3 3 0.019777 0.004235 0.060494 0.908884 0.006610
3 3 0.016930 0.003034 0.048107 0.927059 0.004869
3 3 0.017801 0.003125 0.047841 0.926233 0.005000
3 3 0.019851 0.003780 0.053753 0.916664 0.005952
3 3 0.024005 0.006062 0.075668 0.885088 0.009177
3 3 0.034662 0.010277 0.098342 0.841878 0.014841
3 3 0.039610 0.011602 0.100714 0.831517 0.016558
3 3 0.039369 0.010700 0.093505 0.841051 0.015375
3 3 0.025619 0.006153 0.073352 0.885578 0.009297
3 3 0.021760 0.005705 0.076317 0.887530 0.008689
3 3 0.021570 0.007448 0.099943 0.859935 0.011104
3 3 0.020959 0.007876 0.107654 0.851817 0.011693
3 3 0.018195 0.006719 0.101635 0.863329 0.010122
3 3 0.022021 0.008562 0.112822 0.843978 0.012617
3 3 0.022489 0.006776 0.088480 0.872079 0.010176
3 3 0.022673 0.005924 0.076985 0.885427 0.008991
3 3 0.019697 0.003670 0.052445 0.918397 0.005792
3 3 0.020904 0.003555 0.048656 0.921265 0.005620
3 3 0.030400 0.004225 0.044304 0.914516 0.006554
3 3 0.045302 0.007674 0.060798 0.874926 0.011301
3 3 0.204759 0.057009 0.159758 0.501745 0.076729
3 3 0.117155 0.107529 0.279365 0.369590 0.126361
2 2 0.084221 0.149128 0.380488 0.218814 0.167350
2 2 0.060770 0.125912 0.416563 0.236927 0.159828
2 2 0.058445 0.134685 0.443256 0.201328 0.162286
2 2 0.038583 0.089059 0.577343 0.215657 0.079359
2 2 0.033987 0.074311 0.591113 0.237617 0.062972
2 2 0.027296 0.054416 0.585452 0.287429 0.045408
2 2 0.025475 0.044666 0.526725 0.362078 0.041057
2 2 0.019943 0.033859 0.508293 0.405849 0.032056
2 2 0.018006 0.030677 0.508027 0.414253 0.029038
2 2 0.016376 0.029080 0.527595 0.400190 0.026759
2 2 0.016683 0.032191 0.571059 0.352217 0.027849
2 2 0.022974 0.039970 0.522566 0.377447 0.037043
2 2 0.025715 0.044867 0.524323 0.363714 0.041381
2 2 0.036442 0.063438 0.481083 0.352140 0.066896
2 2 0.038373 0.069353 0.505434 0.318441 0.068399
2 2 0.029876 0.052824 0.529468 0.339764 0.048068
2 2 0.026523 0.052075 0.579372 0.298050 0.043980
2 2 0.029492 0.052469 0.532561 0.337937 0.047541
2 2 0.043734 0.063087 0.441466 0.387839 0.063875
3 2 0.082367 0.065758 0.269533 0.503699 0.078642
3 2 0.163001 0.049096 0.184953 0.532720 0.070230
3 2 0.226730 0.062860 0.189003 0.429908 0.091500
0 0 0.338046 0.093614 0.189914 0.238939 0.139487
0 0 0.397083 0.109128 0.168612 0.142063 0.183115
0 0 0.391049 0.082936 0.149984 0.241562 0.134469
0 0 0.558499 0.052211 0.084713 0.216212 0.088364
0 0 0.557605 0.051254 0.084994 0.218681 0.087466
0 0 0.626314 0.053601 0.074287 0.152197 0.093601
0 0 0.610532 0.069590 0.085283 0.117203 0.117392
0 0 0.536230 0.098022 0.113403 0.096215 0.156131
0 0 0.462492 0.116556 0.139629 0.107539 0.173784
0 0 0.453174 0.132386 0.147820 0.063219 0.203401
0 0 0.640846 0.081334 0.081279 0.046669 0.149872
0 0 0.730256 0.056645 0.053837 0.051235 0.108027
0 0 0.648690 0.069110 0.076401 0.084906 0.120893
0 0 0.578670 0.097251 0.100220 0.057217 0.166642
0 0 0.344512 0.156516 0.135400 0.033157 0.330415
0 0 0.354856 0.148243 0.120291 0.024180 0.352430
0 0 0.629616 0.083212 0.075319 0.030378 0.181474
0 0 0.738603 0.056630 0.053598 0.034724 0.116446
0 0 0.831343 0.034457 0.030512 0.022240 0.081449
0 0 0.795467 0.042797 0.038993 0.028034 0.094709
0 0 0.783874 0.046083 0.042258 0.019681 0.108105
0 0 0.601288 0.078971 0.058287 0.010305 0.251149
4 0 0.273009 0.126176 0.072440 0.005250 0.523125
4 0 0.179379 0.130756 0.067162 0.003249 0.619453
4 0 0.163461 0.166937 0.105463 0.007649 0.556491
4 0 0.152903 0.173074 0.110581 0.008575 0.554867
4 0 0.263451 0.160540 0.119734 0.013214 0.443060
4 0 0.367758 0.123606 0.080037 0.010984 0.417615
4 0 0.344657 0.143158 0.104407 0.019749 0.388030
4 0 0.323284 0.150699 0.113301 0.020246 0.392470
0 0 0.396823 0.147742 0.147103 0.044189 0.264143
0 0 0.489391 0.121264 0.116972 0.039260 0.233114
0 0 0.519587 0.113033 0.111493 0.053421 0.202466
0 0 0.639433 0.081188 0.075811 0.024089 0.179479
0 0 0.431373 0.102967 0.063561 0.007617 0.394482
4 0 0.384626 0.093823 0.047849 0.004186 0.469516
4 0 0.100272 0.084598 0.025170 0.000750 0.789211
4 0 0.053640 0.144360 0.058368 0.002908 0.740723
4 0 0.059653 0.204804 0.111905 0.014757 0.608882
2 1 0.053370 0.200884 0.381066 0.085664 0.279015
2 1 0.054301 0.111989 0.437840 0.256319 0.139551
2 1 0.058101 0.152964 0.459130 0.155541 0.174264
2 1 0.057917 0.205085 0.431719 0.081130 0.224148
2 1 0.066395 0.251521 0.331102 0.045656 0.305326
4 1 0.037948 0.240230 0.165091 0.022152 0.534578
2 1 0.072365 0.158798 0.318656 0.195008 0.255173
4 1 0.083289 0.192714 0.285111 0.141324 0.297562
4 1 0.072959 0.184766 0.285653 0.141645 0.314976
4 1 0.061587 0.186444 0.276287 0.119564 0.356119
2 1 0.055747 0.205404 0.337345 0.085519 0.315985
2 1 0.053618 0.168729 0.389888 0.133577 0.254188
2 1 0.070548 0.169253 0.399444 0.156513 0.204242
2 4 0.082074 0.150155 0.345488 0.223204 0.199079
4 4 0.082399 0.219694 0.238902 0.085743 0.373262
4 4 0.062583 0.230067 0.145604 0.029445 0.532301
4 4 0.047073 0.214014 0.114097 0.018420 0.606396
4 4 0.063234 0.247989 0.195597 0.042368 0.450812
4 4 0.057644 0.233028 0.146708 0.031064 0.531555
4 4 0.059727 0.255935 0.254292 0.043881 0.386165
4 4 0.061538 0.247777 0.242407 0.049529 0.398749
2 4 0.066520 0.244580 0.345359 0.059444 0.284098
4 4 0.059169 0.240977 0.181622 0.029193 0.489040
4 4 0.051837 0.254169 0.248819 0.030968 0.414208
4 4 0.054135 0.242782 0.193901 0.025166 0.484015
4 4 0.071549 0.222497 0.141092 0.024510 0.540351
4 4 0.069930 0.222972 0.140658 0.024694 0.541746
2 4 0.067656 0.250764 0.332443 0.045074 0.304063
2 4 0.060018 0.252452 0.341263 0.040662 0.305605
2 4 0.051379 0.240946 0.441246 0.042845 0.223585
2 4 0.051109 0.249581 0.395794 0.040731 0.262785
2 4 0.057810 0.229354 0.442600 0.056299 0.213937
2 4 0.065503 0.242047 0.380305 0.058751 0.253394
4 4 0.071620 0.237780 0.289404 0.069892 0.331304
4 4 0.076091 0.196643 0.285417 0.125569 0.316281
2 4 0.076067 0.122497 0.317880 0.291986 0.191570
2 4 0.070054 0.158910 0.352079 0.184510 0.234447
2 4 0.051919 0.244394 0.338812 0.046330 0.318545
2 4 0.044002 0.243879 0.440766 0.035071 0.236282
2 4 0.046132 0.248445 0.412412 0.036273 0.256738
2 4 0.044048 0.241562 0.439161 0.036454 0.238775
4 4 0.109193 0.209694 0.144937 0.019835 0.516341
4 4 0.077696 0.204059 0.120629 0.015036 0.582580
4 4 0.063067 0.204565 0.113520 0.014748 0.604100
4 4 0.050406 0.174665 0.079522 0.006735 0.688672
4 4 0.063287 0.202485 0.127560 0.009663 0.597004
4 0 0.262240 0.183160 0.184065 0.028173 0.342362
0 0 0.459162 0.130392 0.131435 0.050568 0.228442
0 0 0.382630 0.140359 0.139083 0.074463 0.263465
4 0 0.182359 0.190961 0.131481 0.032251 0.462949
4 0 0.173259 0.179358 0.111155 0.020490 0.515738
4 0 0.145567 0.205911 0.156403 0.023918 0.468201
0 0 0.468649 0.125729 0.116834 0.037233 0.251554
0 0 0.710800 0.063908 0.060274 0.021979 0.143039
0 0 0.562148 0.098641 0.087744 0.022157 0.229309
4 1 0.152562 0.205317 0.162193 0.022136 0.457792
4 1 0.064919 0.224495 0.146074 0.022239 0.542274
4 1 0.034991 0.227690 0.139007 0.016932 0.581379
4 1 0.040366 0.228016 0.143892 0.017623 0.570102
4 1 0.050371 0.205142 0.106934 0.014729 0.622823
4 0 0.095968 0.202038 0.127171 0.015049 0.559774
4 0 0.159512 0.198254 0.152677 0.018160 0.471398
0 0 0.463075 0.129992 0.140520 0.026221 0.240192
0 0 0.543228 0.104903 0.109901 0.073909 0.168059
3 1 0.236316 0.073190 0.172876 0.421183 0.096435
4 1 0.116342 0.207445 0.264462 0.118913 0.292839
2 1 0.071163 0.223582 0.320511 0.084048 0.300696
2 1 0.058241 0.230431 0.427584 0.057575 0.226169
2 1 0.067683 0.207260 0.414938 0.091443 0.218675
2 2 0.047614 0.150233 0.615120 0.087774 0.099259
2 2 0.031718 0.105199 0.713787 0.089610 0.059685
2 2 0.024603 0.094912 0.762164 0.069942 0.048378
2 2 0.024146 0.112046 0.770850 0.043291 0.049666
2 2 0.024042 0.115661 0.768306 0.040612 0.051378
2 2 0.027777 0.126164 0.734674 0.047794 0.063591
2 2 0.032010 0.158543 0.691021 0.037258 0.081168
2 2 0.039414 0.176017 0.641074 0.043660 0.099835
2 2 0.035643 0.147890 0.699922 0.046007 0.070539
2 2 0.034183 0.156966 0.703795 0.035661 0.069395
2 2 0.029371 0.141357 0.733983 0.034704 0.060585
2 2 0.020277 0.106906 0.795943 0.033655 0.043219
2 2 0.018680 0.095367 0.807974 0.038376 0.039603
2 2 0.018868 0.085053 0.804020 0.053249 0.038811
2 2 0.018362 0.068865 0.790258 0.086366 0.036148
2 2 0.016653 0.061873 0.796525 0.092155 0.032794
2 2 0.020868 0.085823 0.787029 0.064414 0.041866
2 2 0.017803 0.083908 0.812524 0.048690 0.037075
2 2 0.019164 0.089016 0.803320 0.048813 0.039688
2 2 0.019548 0.097558 0.801871 0.039859 0.041164
2 2 0.019254 0.088939 0.802567 0.049424 0.039816
2 2 0.026159 0.098335 0.746965 0.075431 0.053110
2 2 0.025633 0.091332 0.749785 0.083866 0.049383
2 2 0.025081 0.081661 0.740031 0.105929 0.047296
2 2 0.019811 0.075170 0.784906 0.081082 0.039031
2 2 0.015852 0.071795 0.822508 0.057046 0.032799
2 2 0.018001 0.067369 0.791617 0.087575 0.035438
2 2 0.022443 0.073287 0.751043 0.110746 0.042480
2 2 0.030876 0.083040 0.680972 0.149887 0.055225
2 2 0.027582 0.071835 0.682031 0.169463 0.049090
2 2 0.029455 0.070348 0.651185 0.197805 0.051207
2 2 0.037384 0.093073 0.581543 0.201746 0.086254
2 2 0.040897 0.081209 0.462642 0.314688 0.100563
3 2 0.037079 0.061084 0.410814 0.411419 0.079604
2 2 0.033320 0.056511 0.486777 0.365979 0.057413
2 2 0.031607 0.052155 0.473707 0.388210 0.054322
3 2 0.030513 0.043614 0.426346 0.453143 0.046384
3 2 0.032638 0.039413 0.368448 0.514848 0.044653
2 2 0.037250 0.054312 0.487306 0.371268 0.049864
2 2 0.056189 0.106300 0.559691 0.192257 0.085563
0 2 0.403419 0.141039 0.172484 0.058114 0.224944
0 2 0.323582 0.165183 0.231747 0.051703 0.227785
2 2 0.154486 0.216150 0.331391 0.035012 0.262960
4 2 0.077272 0.226312 0.186569 0.017079 0.492767
4 2 0.048688 0.239881 0.191821 0.019622 0.499988
4 2 0.041141 0.249917 0.257544 0.017886 0.433512
2 2 0.034320 0.241569 0.465423 0.026165 0.232523
2 2 0.034620 0.227824 0.521830 0.028001 0.187725
2 2 0.030198 0.210175 0.585329 0.025260 0.149038
2 2 0.031492 0.216638 0.563817 0.025987 0.162066
2 2 0.030697 0.194063 0.598916 0.032424 0.143900
2 2 0.033079 0.217121 0.552421 0.028492 0.168887
2 2 0.034797 0.223506 0.514669 0.030993 0.196034
2 2 0.037520 0.209513 0.560113 0.035632 0.157221
2 2 0.039987 0.192022 0.586606 0.045169 0.136216
2 2 0.045216 0.203213 0.567531 0.045013 0.139026
2 2 0.041203 0.217657 0.443741 0.048226 0.249173
2 2 0.027979 0.108341 0.683304 0.097232 0.083143
2 2 0.023707 0.116010 0.748359 0.049029 0.062895
2 2 0.022557 0.098413 0.735985 0.077268 0.065777
2 2 0.028022 0.115140 0.672476 0.091395 0.092968
2 2 0.027181 0.122436 0.659343 0.084198 0.106843
2 2 0.031627 0.148756 0.632433 0.065535 0.121649
2 2 0.028419 0.155692 0.650328 0.048246 0.117316
2 2 0.032787 0.157209 0.630682 0.058104 0.121217
2 2 0.025196 0.118693 0.730791 0.055446 0.069875
2 2 0.029654 0.131288 0.672423 0.070174 0.096462
2 2 0.024642 0.081678 0.736097 0.108165 0.049418
2 2 0.024993 0.087211 0.744778 0.093142 0.049876
2 2 0.033310 0.106173 0.702244 0.096284 0.061989
2 2 0.229171 0.187234 0.334045 0.056624 0.192927
0 2 0.680241 0.068375 0.066847 0.062205 0.122332
0 0 0.821784 0.035278 0.031462 0.035275 0.076202
0 0 0.813604 0.038811 0.034857 0.021457 0.091271
4 0 0.248075 0.165818 0.118650 0.017289 0.450168
4 1 0.087272 0.203368 0.124608 0.015173 0.569578
4 1 0.043193 0.219640 0.117435 0.021207 0.598525
4 1 0.051275 0.243843 0.170981 0.033703 0.500198
2 1 0.047090 0.247112 0.418344 0.037449 0.250005
2 1 0.038518 0.213821 0.561756 0.033623 0.152282
2 2 0.028532 0.166639 0.682787 0.030788 0.091254
2 2 0.028762 0.151820 0.695947 0.038595 0.084877
2 2 0.032928 0.135122 0.687236 0.062958 0.081756
2 2 0.031682 0.106456 0.712416 0.088458 0.060988
2 2 0.024946 0.076701 0.730205 0.121757 0.046391
2 2 0.023037 0.073247 0.743795 0.116632 0.043289
2 2 0.023023 0.074280 0.746602 0.112676 0.043419
2 2 0.023972 0.123168 0.719371 0.053456 0.080032
2 2 0.038572 0.210483 0.547219 0.037972 0.165754
4 2 0.077711 0.242907 0.249565 0.028487 0.401329
4 2 0.127886 0.224361 0.202384 0.032014 0.413354
4 2 0.093173 0.233403 0.184724 0.035495 0.453205
4 2 0.079294 0.243193 0.203169 0.056512 0.417833
4 2 0.061273 0.212775 0.279373 0.083016 0.363563
2 2 0.039168 0.144230 0.613896 0.088280 0.114425
2 2 0.030042 0.126673 0.713131 0.058892 0.071262
2 2 0.022819 0.102584 0.779281 0.048659 0.046657
2 2 0.028180 0.123249 0.732057 0.052540 0.063975
2 2 0.031510 0.119937 0.701698 0.074458 0.072398
2 2 0.030209 0.098880 0.719033 0.095136 0.056743
2 2 0.026821 0.080518 0.718674 0.124501 0.049486
2 2 0.023554 0.063632 0.702986 0.167344 0.042483
2 2 0.021791 0.061113 0.718184 0.159159 0.039753
2 2 0.025421 0.072869 0.713291 0.141982 0.046438
2 2 0.046262 0.131215 0.595555 0.125138 0.101830
2 2 0.074896 0.212980 0.471399 0.079093 0.161632
4 1 0.169909 0.214809 0.200813 0.039207 0.375263
0 2 0.368820 0.149351 0.134770 0.024391 0.322668
4 1 0.112353 0.204805 0.139170 0.017390 0.526282
4 1 0.076949 0.250051 0.240835 0.050873 0.381292
2 1 0.042262 0.189753 0.391903 0.080065 0.296017
2 2 0.041378 0.145100 0.522494 0.123368 0.167659
2 2 0.038408 0.150917 0.538913 0.102919 0.168842
2 2 0.037968 0.117714 0.552954 0.160548 0.130815
2 2 0.042143 0.121716 0.488958 0.186893 0.160290
2 2 0.040765 0.100515 0.508015 0.230927 0.119778
2 2 0.036088 0.090001 0.559803 0.221217 0.092891
2 2 0.026271 0.075374 0.693963 0.151823 0.052568
2 2 0.024238 0.071958 0.704744 0.148896 0.050164
2 2 0.025996 0.069342 0.653347 0.194773 0.056542
2 2 0.024583 0.058815 0.645528 0.224910 0.046164
2 2 0.023822 0.051456 0.617461 0.265730 0.041531
2 2 0.030129 0.066062 0.582611 0.261228 0.059970
2 2 0.038836 0.084468 0.492735 0.282725 0.101236
2 2 0.047078 0.093978 0.399965 0.317690 0.141289
2 2 0.053136 0.096385 0.368096 0.334885 0.147498
2 2 0.048458 0.092300 0.437093 0.306252 0.115897
2 2 0.048649 0.110164 0.522888 0.209658 0.108640
2 2 0.033549 0.078883 0.613095 0.210017 0.064456
2 2 0.034275 0.073400 0.604086 0.230488 0.057752
2 2 0.029880 0.061978 0.590441 0.265769 0.051931
2 2 0.033536 0.059031 0.525076 0.328620 0.053737
2 2 0.037028 0.068104 0.495991 0.327619 0.071258
2 2 0.043926 0.087917 0.476866 0.289818 0.101473
2 2 0.042157 0.071997 0.409373 0.380746 0.095727
3 2 0.032949 0.039017 0.337168 0.543350 0.047517
3 2 0.031153 0.040468 0.379947 0.502300 0.046131
2 2 0.041912 0.061877 0.439611 0.392836 0.063764
2 2 0.045225 0.076629 0.496868 0.310083 0.071195
3 2 0.134997 0.085866 0.274205 0.396163 0.108768
3 2 0.230128 0.107827 0.238223 0.281298 0.142523
2 2 0.079690 0.112832 0.432948 0.271187 0.103344
2 2 0.046377 0.079564 0.500480 0.300384 0.073195
3 2 0.026979 0.033209 0.351664 0.548646 0.039501
3 2 0.024660 0.032596 0.384301 0.521557 0.036887
2 2 0.024517 0.037972 0.464289 0.434948 0.038274
2 2 0.024379 0.049237 0.593449 0.292128 0.040807
2 2 0.020481 0.043583 0.618890 0.282150 0.034896
2 2 0.014811 0.041566 0.733161 0.183171 0.027291
2 2 0.013806 0.039958 0.744885 0.175671 0.025681
2 2 0.013139 0.048869 0.810973 0.100979 0.026041
2 2 0.021966 0.068578 0.743974 0.124339 0.041143
2 2 0.040221 0.113737 0.648570 0.121257 0.076216
2 2 0.073697 0.148201 0.492204 0.166461 0.119438
0 0 0.366180 0.130500 0.177769 0.146536 0.179015
0 0 0.614534 0.054442 0.070026 0.171531 0.089467
0 0 0.735834 0.051268 0.048321 0.072177 0.092399
0 1 0.724731 0.060740 0.057858 0.024108 0.132563
4 1 0.185327 0.151113 0.090402 0.005650 0.567508
4 1 0.063990 0.141441 0.059081 0.002653 0.732835
4 1 0.027624 0.151899 0.054101 0.003848 0.762529
4 1 0.040851 0.230130 0.143961 0.019817 0.565240
2 2 0.042293 0.226579 0.448473 0.042925 0.239730
2 2 0.037020 0.201917 0.542852 0.042939 0.175272
2 2 0.040870 0.190189 0.509673 0.063220 0.196047
4 2 0.056648 0.229889 0.320817 0.061987 0.330659
4 2 0.064277 0.234370 0.184900 0.053367 0.463086
4 2 0.081865 0.219304 0.242622 0.094269 0.361940
4 2 0.097522 0.210910 0.266795 0.115104 0.309668
2 2 0.070929 0.245834 0.353632 0.050019 0.279586
4 2 0.043527 0.258391 0.314221 0.030131 0.353729
2 2 0.035094 0.257908 0.343680 0.024187 0.339130
4 2 0.036912 0.241751 0.203860 0.014904 0.502573
4 2 0.034965 0.195604 0.097882 0.008758 0.662791
4 2 0.043783 0.198296 0.096468 0.012372 0.649080
4 2 0.070818 0.213681 0.128704 0.019137 0.567660
4 2 0.081513 0.230974 0.162223 0.033258 0.492032
0 2 0.506489 0.118667 0.126083 0.033012 0.215749
0 0 0.502551 0.102229 0.085289 0.007467 0.302464
4 0 0.313444 0.160884 0.140105 0.019805 0.365762
0 0 0.527176 0.107030 0.096607 0.019486 0.249701
0 0 0.529730 0.110338 0.115330 0.019095 0.225507
0 0 0.726825 0.057229 0.053719 0.007932 0.154296
0 0 0.790398 0.042104 0.036978 0.007003 0.123517
0 0 0.673584 0.052506 0.032030 0.003873 0.238007
0 0 0.749524 0.040711 0.026458 0.003279 0.180028
4 0 0.334037 0.094237 0.046672 0.002470 0.522584
4 0 0.181662 0.125182 0.059948 0.003353 0.629854
4 1 0.052739 0.170291 0.076970 0.005994 0.694007
4 1 0.063873 0.214395 0.125376 0.019148 0.577208
4 1 0.065883 0.251728 0.308015 0.038500 0.335874
2 1 0.048590 0.239805 0.451346 0.039277 0.220983
2 1 0.054365 0.246457 0.407363 0.044592 0.247222
2 1 0.059463 0.222573 0.389815 0.069327 0.258822
2 1 0.064644 0.189900 0.383016 0.116270 0.246170
2 1 0.075553 0.194276 0.313675 0.128994 0.287502
4 1 0.077057 0.232813 0.280475 0.079482 0.330173
4 1 0.072711 0.231679 0.210711 0.068647 0.416252
4 1 0.064792 0.228084 0.197708 0.061256 0.448160
4 1 0.043190 0.207069 0.168418 0.045571 0.535751
4 1 0.043978 0.202310 0.180486 0.052076 0.521150
4 4 0.035878 0.201197 0.116418 0.021141 0.625367
4 4 0.030527 0.164565 0.063342 0.005358 0.736208
4 4 0.032566 0.181895 0.076506 0.008332 0.700701
4 4 0.038310 0.162104 0.065199 0.004901 0.729486
4 4 0.074768 0.200303 0.114789 0.013499 0.596641
4 4 0.101789 0.195381 0.117973 0.014539 0.570318
4 4 0.134080 0.198185 0.133281 0.019712 0.514741
4 4 0.101915 0.209142 0.140081 0.018873 0.529989
4 4 0.197335 0.198605 0.164210 0.034730 0.405119
4 4 0.110539 0.177089 0.101358 0.008553 0.602461
4 4 0.137134 0.176212 0.101755 0.012480 0.572419
4 4 0.086461 0.164200 0.079272 0.006487 0.663579
4 4 0.045100 0.167011 0.071460 0.005524 0.710904
4 4 0.027835 0.171151 0.066280 0.006439 0.728296
4 4 0.033778 0.174685 0.071905 0.006907 0.712725
4 4 0.027789 0.153253 0.054980 0.003992 0.759986
4 4 0.030720 0.141832 0.049522 0.002847 0.775079
4 4 0.030857 0.127101 0.041508 0.001817 0.798717
4 4 0.041236 0.169254 0.071495 0.005896 0.712119
4 4 0.067228 0.212126 0.133352 0.015123 0.572171
4 4 0.081173 0.229914 0.183455 0.023070 0.482388
4 4 0.063173 0.250367 0.225924 0.037228 0.423308
4 4 0.063502 0.255809 0.279109 0.048480 0.353101
4 4 0.059504 0.242229 0.217943 0.048631 0.431692
4 4 0.046091 0.234676 0.143051 0.028779 0.547403
4 4 0.052841 0.227768 0.163710 0.042296 0.513385
4 4 0.061859 0.239501 0.160669 0.039338 0.498633
4 4 0.084609 0.232456 0.167650 0.035653 0.479632
4 4 0.076818 0.227505 0.152537 0.029057 0.514083
4 4 0.076589 0.233089 0.162014 0.034612 0.493696
4 4 0.051255 0.206699 0.109058 0.015336 0.617652
4 4 0.040206 0.184179 0.082423 0.008691 0.684501
4 4 0.039098 0.180803 0.079190 0.007987 0.692921
4 4 0.037970 0.192298 0.087827 0.010700 0.671206
4 4 0.036675 0.188885 0.084274 0.009843 0.680324
4 4 0.043722 0.216227 0.135977 0.028728 0.575345
4 4 0.041457 0.224457 0.151373 0.027507 0.555205
4 4 0.039031 0.233142 0.183965 0.029191 0.514672
4 4 0.051518 0.237404 0.189439 0.039973 0.481666
4 4 0.062588 0.233788 0.198810 0.054690 0.450125
4 4 0.066277 0.211118 0.231869 0.086154 0.404583
4 4 0.072418 0.227181 0.230311 0.075752 0.394339
4 4 0.052311 0.248963 0.211692 0.028991 0.458043
4 4 0.048430 0.254456 0.234417 0.030993 0.431703
4 4 0.058253 0.254153 0.259219 0.035745 0.392629
4 4 0.060760 0.244207 0.197304 0.030470 0.467260
4 4 0.062847 0.240928 0.180609 0.031936 0.483680
4 4 0.065665 0.232807 0.160728 0.028002 0.512797
4 4 0.071988 0.216824 0.133519 0.020935 0.556736
4 4 0.097513 0.227886 0.179494 0.028825 0.466282
4 4 0.208797 0.189132 0.161388 0.018395 0.422289
0 0 0.363936 0.153993 0.151813 0.024462 0.305796
4 0 0.218084 0.182204 0.146417 0.017649 0.435645
4 0 0.104754 0.173009 0.097070 0.006884 0.618284
4 1 0.027503 0.117110 0.035495 0.001333 0.818559
4 1 0.016798 0.097633 0.023988 0.000717 0.860865
4 1 0.021118 0.124928 0.037088 0.001800 0.815067
4 1 0.026017 0.150782 0.052714 0.003761 0.766725
4 1 0.033866 0.184928 0.079542 0.008964 0.692700
4 1 0.036637 0.189692 0.084905 0.010045 0.678720
4 1 0.035316 0.196363 0.089610 0.011891 0.666819
4 1 0.049843 0.237531 0.171595 0.022650 0.518381
2 1 0.048081 0.241370 0.431104 0.026855 0.252590
4 1 0.158635 0.217842 0.262369 0.030301 0.330852
4 1 0.206556 0.196108 0.176610 0.024038 0.396688
4 1 0.115579 0.215399 0.158348 0.024541 0.486133
4 1 0.083558 0.230159 0.176685 0.026558 0.483041
4 1 0.036350 0.209055 0.102451 0.015861 0.636283
4 2 0.043519 0.258918 0.306717 0.030733 0.360113
2 2 0.036132 0.203105 0.596098 0.032303 0.132362
2 2 0.028982 0.167590 0.692615 0.027970 0.082842
2 2 0.027290 0.165700 0.699620 0.026152 0.081239
