4 1 0.203492 0.274321 0.164414 0.016421 0.341352
4 1 0.122119 0.171226 0.119966 0.014870 0.571821
4 1 0.133549 0.178783 0.108234 0.012599 0.566834
4 1 0.084636 0.132863 0.103203 0.012338 0.666960
4 1 0.049465 0.110008 0.128683 0.012936 0.698908
4 1 0.028861 0.078062 0.130109 0.013811 0.749156
4 1 0.028781 0.092806 0.159681 0.012616 0.706115
4 1 0.044078 0.139713 0.254911 0.019858 0.541440
4 1 0.070459 0.169615 0.274379 0.028720 0.456827
4 1 0.114737 0.165457 0.209556 0.041380 0.468870
4 1 0.181874 0.162394 0.164635 0.050125 0.440972
4 1 0.275845 0.186148 0.166665 0.061449 0.309894
0 1 0.540779 0.193326 0.093443 0.036739 0.135713
0 1 0.657437 0.155843 0.059703 0.028083 0.098933
0 1 0.735389 0.134307 0.040770 0.019871 0.069663
0 1 0.588247 0.226490 0.067798 0.015508 0.101956
4 1 0.283884 0.289643 0.109510 0.011175 0.305788
0 1 0.315276 0.295674 0.119627 0.014502 0.254921
4 1 0.236671 0.222981 0.148723 0.028807 0.362818
0 0 0.439063 0.163060 0.102057 0.047599 0.248221
0 0 0.359851 0.198871 0.163243 0.059239 0.218796
2 1 0.140575 0.194911 0.454239 0.084624 0.125651
2 1 0.035957 0.058577 0.639413 0.212024 0.054029
2 1 0.023159 0.022832 0.482613 0.428666 0.042729
2 1 0.018459 0.021102 0.533338 0.393750 0.033351
2 1 0.017948 0.032130 0.658487 0.254039 0.037397
2 1 0.019169 0.048001 0.725957 0.158712 0.048160
2 1 0.024425 0.061534 0.721439 0.140088 0.052514
2 2 0.039059 0.067219 0.629633 0.196968 0.067121
2 2 0.050627 0.046451 0.493710 0.346227 0.062985
2 2 0.037706 0.038140 0.527361 0.347021 0.049772
2 2 0.029196 0.053479 0.676777 0.195697 0.044851
2 2 0.016626 0.049916 0.780680 0.122702 0.030076
2 2 0.017379 0.050113 0.771419 0.129323 0.031767
2 2 0.021750 0.052218 0.736513 0.152791 0.036728
2 2 0.022024 0.031264 0.619211 0.292353 0.035148
2 2 0.027763 0.025223 0.492980 0.415962 0.038072
3 2 0.040142 0.017948 0.300438 0.600658 0.040814
3 2 0.032206 0.011046 0.243755 0.685681 0.027312
3 2 0.029889 0.008056 0.199746 0.741132 0.021177
3 2 0.027725 0.008188 0.213531 0.729352 0.021204
3 2 0.028956 0.008085 0.204933 0.736891 0.021135
3 2 0.026618 0.007046 0.194322 0.753247 0.018766
3 2 0.029607 0.007367 0.186749 0.756542 0.019735
3 3 0.028911 0.006388 0.168417 0.778675 0.017609
3 3 0.028074 0.005368 0.148012 0.803228 0.015318
3 3 0.030131 0.005435 0.141825 0.806983 0.015626
3 3 0.030294 0.005149 0.134624 0.814937 0.014995
3 3 0.030549 0.004661 0.122313 0.828584 0.013892
3 3 0.029971 0.004677 0.124519 0.826941 0.013891
3 3 0.030545 0.004666 0.122428 0.828460 0.013902
3 3 0.032140 0.004887 0.122713 0.825740 0.014519
3 3 0.030216 0.004548 0.120628 0.831003 0.013606
3 3 0.034783 0.004884 0.115299 0.830355 0.014678
3 3 0.038777 0.005277 0.113564 0.826545 0.015837
3 3 0.043187 0.005894 0.115289 0.818101 0.017529
3 3 0.035525 0.004426 0.103610 0.842806 0.013633
3 3 0.032976 0.004257 0.106051 0.843629 0.013086
3 3 0.028784 0.004060 0.112971 0.841819 0.012366
3 3 0.030056 0.004751 0.126008 0.825118 0.014067
3 3 0.037144 0.005054 0.112962 0.829622 0.015218
3 3 0.035992 0.004450 0.103053 0.842789 0.013716
3 3 0.028428 0.002952 0.084809 0.874191 0.009621
3 3 0.030152 0.002671 0.073554 0.884652 0.008971
3 3 0.035585 0.003021 0.072293 0.878987 0.010114
3 3 0.040475 0.003826 0.081435 0.861872 0.012392
3 3 0.035793 0.003552 0.083894 0.865270 0.011491
3 3 0.034319 0.003039 0.074879 0.877654 0.010109
3 3 0.034388 0.002833 0.069920 0.883288 0.009571
3 3 0.031697 0.002725 0.071987 0.884415 0.009177
3 3 0.033598 0.002796 0.070348 0.883818 0.009440
3 3 0.032958 0.003357 0.085032 0.867786 0.010867
3 3 0.029851 0.003310 0.090854 0.865387 0.010598
3 3 0.024654 0.003380 0.107743 0.853743 0.010480
3 3 0.023105 0.002713 0.092431 0.873005 0.008746
3 3 0.024201 0.002837 0.092902 0.870943 0.009116
3 3 0.028197 0.003323 0.095401 0.862537 0.010542
3 3 0.031380 0.003729 0.097566 0.855611 0.011715
3 3 0.029663 0.003128 0.086573 0.870508 0.010128
3 3 0.032276 0.003669 0.093974 0.858469 0.011614
3 3 0.031427 0.003343 0.087982 0.866491 0.010757
3 3 0.030978 0.003348 0.089148 0.865777 0.010749
3 3 0.031074 0.003061 0.081708 0.874133 0.010024
3 3 0.029212 0.002860 0.080534 0.877972 0.009422
3 3 0.033354 0.003236 0.081332 0.871503 0.010575
3 3 0.034336 0.003180 0.078150 0.873857 0.010476
3 3 0.033915 0.003090 0.076817 0.875952 0.010225
3 3 0.029527 0.002971 0.082781 0.874998 0.009723
3 3 0.029404 0.003115 0.086840 0.870558 0.010083
3 3 0.028056 0.003118 0.090245 0.868558 0.010024
3 3 0.026048 0.002711 0.083949 0.878402 0.008890
3 3 0.025147 0.002645 0.084363 0.879168 0.008677
3 3 0.027829 0.002760 0.080971 0.879339 0.009101
3 3 0.029075 0.002854 0.080676 0.877995 0.009400
3 3 0.029424 0.003212 0.089345 0.867689 0.010330
3 3 0.031259 0.003099 0.082275 0.873236 0.010130
3 3 0.037449 0.003583 0.081533 0.865791 0.011643
3 3 0.034237 0.003027 0.074735 0.877928 0.010073
3 3 0.036208 0.003086 0.072737 0.877660 0.010309
3 3 0.028990 0.002422 0.069161 0.891163 0.008263
3 3 0.027731 0.002398 0.071012 0.890711 0.008147
3 3 0.027708 0.002310 0.068564 0.893506 0.007911
3 3 0.028944 0.002229 0.063930 0.897157 0.007740
3 3 0.027700 0.002235 0.066417 0.895942 0.007707
3 3 0.028847 0.002337 0.067079 0.893710 0.008027
3 3 0.030274 0.002629 0.072204 0.886028 0.008864
3 3 0.030237 0.002554 0.070311 0.888234 0.008665
3 3 0.021062 0.001750 0.065546 0.905522 0.006120
3 3 0.020871 0.001649 0.062319 0.909329 0.005832
3 3 0.024210 0.001953 0.065064 0.901972 0.006802
3 3 0.021658 0.001803 0.065942 0.904308 0.006289
3 3 0.022570 0.001984 0.069952 0.898673 0.006821
3 3 0.023686 0.002114 0.071503 0.895479 0.007218
3 3 0.024325 0.002190 0.072370 0.893669 0.007447
3 3 0.023279 0.002022 0.069475 0.898270 0.006953
3 3 0.022795 0.001832 0.064243 0.904715 0.006415
3 3 0.025269 0.002009 0.064587 0.901139 0.006997
3 3 0.027469 0.002543 0.075693 0.885775 0.008519
3 3 0.038253 0.008487 0.174215 0.756177 0.022869
3 3 0.026727 0.004992 0.144083 0.809826 0.014372
3 3 0.054462 0.006596 0.106051 0.813112 0.019779
3 3 0.050903 0.010440 0.167340 0.743325 0.027992
3 3 0.024360 0.002129 0.070361 0.895863 0.007286
3 3 0.028797 0.002305 0.066304 0.894653 0.007941
3 3 0.026083 0.002223 0.069382 0.894704 0.007609
3 3 0.026529 0.002412 0.074002 0.888925 0.008132
3 3 0.026802 0.002482 0.075427 0.886960 0.008328
3 3 0.030328 0.002399 0.066041 0.892979 0.008252
3 3 0.028357 0.002216 0.064620 0.897128 0.007680
3 3 0.033503 0.002195 0.055831 0.900668 0.007803
3 3 0.035600 0.002343 0.056563 0.897212 0.008283
3 3 0.054436 0.003608 0.060225 0.869398 0.012333
3 3 0.085298 0.006036 0.067061 0.821968 0.019637
3 3 0.119208 0.010963 0.087994 0.749536 0.032299
3 3 0.199160 0.020488 0.104099 0.625921 0.050332
3 3 0.229955 0.031134 0.131078 0.540091 0.067742
3 3 0.313672 0.048804 0.140127 0.407849 0.089549
3 3 0.321631 0.056694 0.152228 0.371629 0.097818
0 3 0.340513 0.086488 0.180167 0.267016 0.125816
0 3 0.426056 0.144143 0.151706 0.119801 0.158293
0 3 0.359601 0.261088 0.178453 0.041655 0.159203
0 3 0.354461 0.314885 0.153792 0.022326 0.154537
0 2 0.421720 0.325756 0.103656 0.012587 0.136281
0 2 0.440051 0.337143 0.090312 0.009333 0.123161
0 0 0.440389 0.337349 0.090069 0.009279 0.122915
0 0 0.368516 0.315614 0.111522 0.013223 0.191126
4 2 0.211712 0.234859 0.131742 0.017918 0.403770
4 2 0.183326 0.247440 0.167627 0.019247 0.382361
4 2 0.176008 0.267189 0.194210 0.019059 0.343534
4 2 0.189398 0.231307 0.135063 0.016413 0.427819
4 2 0.125967 0.171564 0.106940 0.012544 0.582986
4 2 0.098934 0.145632 0.096819 0.010996 0.647620
4 2 0.139987 0.186224 0.119956 0.014733 0.539099
4 2 0.125187 0.176032 0.135262 0.017948 0.545570
4 2 0.223068 0.243851 0.127619 0.016526 0.388936
4 2 0.214093 0.246909 0.163811 0.023674 0.351513
4 2 0.285673 0.243636 0.133680 0.023777 0.313234
4 2 0.262046 0.177846 0.133488 0.039823 0.386797
4 2 0.280161 0.171327 0.133532 0.046075 0.368905
0 2 0.384807 0.183041 0.118283 0.044550 0.269318
0 2 0.617301 0.133262 0.066548 0.043655 0.139234
0 2 0.808664 0.087401 0.027952 0.024182 0.051802
0 2 0.850705 0.069950 0.019830 0.020004 0.039512
0 2 0.794824 0.096401 0.030369 0.023079 0.055327
0 2 0.685576 0.143967 0.054608 0.028842 0.087008
0 2 0.716481 0.138308 0.045878 0.023091 0.076242
0 2 0.442325 0.218091 0.109672 0.031828 0.198084
0 2 0.395874 0.227722 0.096903 0.019842 0.259659
4 2 0.085123 0.130209 0.093358 0.010899 0.680412
4 2 0.046150 0.081961 0.076414 0.009627 0.785849
4 2 0.019526 0.040798 0.062341 0.010499 0.866835
4 4 0.013871 0.032013 0.048027 0.007019 0.899070
4 4 0.010451 0.026139 0.038638 0.005035 0.919735
4 4 0.011693 0.028332 0.042125 0.005744 0.912106
4 4 0.011626 0.028216 0.041940 0.005705 0.912512
4 4 0.014650 0.033298 0.049982 0.007449 0.894621
4 4 0.020303 0.041933 0.064212 0.010994 0.862558
4 4 0.019234 0.040367 0.061632 0.010314 0.868453
4 4 0.015159 0.034483 0.048871 0.006871 0.894615
4 4 0.016908 0.037920 0.049060 0.006411 0.889702
4 4 0.017271 0.039153 0.046125 0.005417 0.892033
4 4 0.016883 0.036813 0.055811 0.008845 0.881648
4 4 0.015302 0.034332 0.051775 0.007878 0.890713
4 4 0.017674 0.038027 0.057793 0.009335 0.877172
4 4 0.013500 0.031400 0.047040 0.006799 0.901262
4 4 0.011242 0.027545 0.040871 0.005485 0.914856
4 4 0.008990 0.023453 0.034398 0.004221 0.928938
4 4 0.014299 0.032714 0.049159 0.007274 0.896554
4 4 0.015539 0.034710 0.052388 0.008022 0.889341
4 4 0.020847 0.042721 0.065513 0.011343 0.859575
4 4 0.020435 0.042126 0.064530 0.011079 0.861829
4 4 0.023102 0.045907 0.070801 0.012808 0.847382
4 4 0.020308 0.041942 0.064226 0.010998 0.862526
4 4 0.031002 0.063965 0.102522 0.017033 0.785478
4 4 0.045058 0.098120 0.166313 0.024440 0.666069
4 4 0.059893 0.104594 0.176866 0.036688 0.621959
4 4 0.109472 0.148677 0.172409 0.035898 0.533544
4 4 0.151358 0.202616 0.162197 0.023190 0.460638
4 4 0.089784 0.169188 0.201168 0.024336 0.515525
4 4 0.086060 0.199096 0.237385 0.019693 0.457765
4 4 0.046538 0.084074 0.117931 0.020609 0.730849
4 2 0.085609 0.118305 0.137688 0.029547 0.628851
4 2 0.153485 0.173863 0.166502 0.037578 0.468572
0 2 0.363580 0.233686 0.129555 0.031536 0.241644
0 2 0.474093 0.257957 0.104410 0.022754 0.140786
0 2 0.610316 0.192421 0.069590 0.023398 0.104275
0 2 0.752072 0.100820 0.041043 0.036337 0.069728
0 2 0.768233 0.073419 0.037162 0.057110 0.064075
0 2 0.778715 0.080587 0.035323 0.043523 0.061852
0 2 0.693458 0.137377 0.053288 0.030492 0.085385
0 2 0.709702 0.154304 0.044381 0.017243 0.074369
0 2 0.648765 0.174792 0.059230 0.021788 0.095425
0 2 0.540550 0.203550 0.080560 0.024267 0.151073
0 2 0.384455 0.235127 0.102665 0.020368 0.257385
4 0 0.149279 0.196366 0.103390 0.010703 0.540262
4 0 0.170018 0.217020 0.100462 0.009496 0.503004
4 2 0.114947 0.163423 0.097832 0.010450 0.613348
4 2 0.116546 0.163008 0.103320 0.011923 0.605204
0 2 0.392406 0.207108 0.088553 0.019544 0.292389
0 2 0.584671 0.191452 0.064674 0.019025 0.140178
0 2 0.670374 0.187386 0.048869 0.013425 0.079946
0 2 0.606685 0.216828 0.063685 0.015398 0.097404
0 2 0.463657 0.296789 0.095691 0.014194 0.129669
0 2 0.329539 0.291871 0.131407 0.019024 0.228160
4 2 0.132871 0.267295 0.257653 0.020284 0.321897
4 2 0.048218 0.153460 0.284823 0.021788 0.491710
4 2 0.042004 0.154841 0.313599 0.019419 0.470137
2 2 0.031115 0.136711 0.533919 0.030373 0.267883
2 2 0.025991 0.111719 0.626624 0.041713 0.193954
2 2 0.020986 0.083157 0.708527 0.061924 0.125406
2 2 0.016672 0.065528 0.749046 0.073627 0.095126
2 2 0.014322 0.060414 0.765691 0.069858 0.089714
2 2 0.011055 0.054682 0.821086 0.059246 0.053933
2 2 0.011765 0.055327 0.830305 0.063077 0.039526
2 2 0.013975 0.063547 0.819195 0.061647 0.041636
2 2 0.020699 0.083380 0.768699 0.063195 0.064027
2 2 0.046573 0.147438 0.585243 0.054124 0.166622
4 2 0.117510 0.229932 0.285109 0.030345 0.337105
4 0 0.132187 0.222497 0.164188 0.014753 0.466375
1 2 0.131611 0.308543 0.284477 0.015868 0.259501
2 2 0.023629 0.098290 0.721589 0.053337 0.103155
2 2 0.020695 0.108620 0.757729 0.036315 0.076641
2 2 0.016703 0.071724 0.776983 0.062651 0.071939
2 2 0.016275 0.064728 0.792208 0.074178 0.052611
2 2 0.022042 0.086657 0.767025 0.064021 0.060255
2 2 0.019368 0.087356 0.792835 0.052291 0.048150
2 2 0.019870 0.098671 0.775990 0.042139 0.063330
2 2 0.016262 0.090255 0.795023 0.037744 0.060716
2 2 0.013467 0.081928 0.806939 0.034821 0.062844
2 2 0.013619 0.083525 0.822245 0.033979 0.046632
2 2 0.014303 0.079577 0.815177 0.040515 0.050429
2 2 0.012998 0.069606 0.830699 0.046099 0.040598
2 2 0.010193 0.059706 0.856847 0.043365 0.029889
2 2 0.009603 0.055337 0.863402 0.045949 0.025710
2 2 0.008280 0.046642 0.872653 0.051366 0.021059
2 2 0.009055 0.040122 0.848222 0.079017 0.023583
2 2 0.009803 0.042860 0.834401 0.079211 0.033724
2 2 0.011865 0.050458 0.811357 0.076690 0.049631
2 2 0.011450 0.050092 0.818867 0.073861 0.045731
2 2 0.010497 0.043987 0.826909 0.083206 0.035401
2 2 0.009176 0.032773 0.812470 0.117826 0.027755
2 2 0.009710 0.028401 0.777823 0.161083 0.022982
2 2 0.012333 0.028988 0.720231 0.209375 0.029072
2 2 0.013752 0.022640 0.625232 0.305705 0.032670
2 2 0.015719 0.022386 0.573535 0.343509 0.044851
2 2 0.015119 0.023229 0.592219 0.320049 0.049384
2 2 0.013077 0.025016 0.654598 0.261554 0.045756
2 2 0.010501 0.025111 0.714015 0.215231 0.035143
2 2 0.010719 0.023993 0.702720 0.234040 0.028528
2 2 0.015334 0.025420 0.623215 0.297210 0.038821
2 2 0.018855 0.023749 0.555896 0.363754 0.037746
2 2 0.017049 0.016973 0.474921 0.458164 0.032894
2 2 0.014941 0.020282 0.573338 0.360531 0.030908
2 2 0.016925 0.016566 0.466007 0.463599 0.036903
3 2 0.020043 0.015960 0.418936 0.508737 0.036325
3 2 0.028043 0.018006 0.374909 0.532776 0.046266
3 2 0.024217 0.014194 0.350729 0.576523 0.034337
3 2 0.026301 0.015925 0.361134 0.551629 0.045011
3 2 0.019858 0.012510 0.363445 0.572150 0.032036
3 2 0.016105 0.011875 0.394792 0.549468 0.027760
3 2 0.016061 0.011409 0.384654 0.562787 0.025089
3 3 0.016885 0.012394 0.394084 0.549708 0.026929
3 3 0.016616 0.010097 0.348225 0.602066 0.022996
3 3 0.018557 0.012298 0.371957 0.570004 0.027185
3 3 0.016820 0.009135 0.322643 0.630050 0.021352
3 3 0.018174 0.008535 0.292771 0.660001 0.020520
3 3 0.026324 0.007825 0.213498 0.732035 0.020317
3 3 0.041145 0.009595 0.182891 0.740953 0.025417
3 3 0.104055 0.013899 0.120611 0.722756 0.038678
0 3 0.514209 0.034066 0.060279 0.328664 0.062782
0 3 0.591425 0.036127 0.049755 0.260425 0.062268
0 3 0.565919 0.045198 0.063435 0.251938 0.073510
3 3 0.184403 0.042514 0.209341 0.488925 0.074817
3 3 0.060173 0.025796 0.313490 0.551441 0.049099
3 3 0.023304 0.017208 0.416794 0.509741 0.032953
3 3 0.020907 0.017732 0.445895 0.481798 0.033668
2 3 0.018790 0.022489 0.544232 0.379402 0.035087
2 3 0.020569 0.021173 0.495717 0.425068 0.037473
3 3 0.022588 0.019491 0.445902 0.473987 0.038031
3 3 0.021612 0.015421 0.393384 0.536519 0.033064
3 3 0.020424 0.012180 0.349656 0.590332 0.027408
3 3 0.020033 0.011516 0.340648 0.601617 0.026185
3 3 0.021286 0.012740 0.351562 0.585865 0.028547
3 3 0.023681 0.013608 0.344802 0.587380 0.030529
3 3 0.021130 0.011810 0.335622 0.604519 0.026919
3 3 0.022955 0.011977 0.322228 0.615272 0.027568
3 3 0.022435 0.008886 0.263171 0.683642 0.021866
3 3 0.022650 0.007670 0.233218 0.716906 0.019556
3 3 0.023786 0.008685 0.248704 0.697144 0.021681
3 3 0.025147 0.009379 0.254189 0.688089 0.023196
3 3 0.027500 0.010661 0.263929 0.671966 0.025945
3 3 0.031401 0.010945 0.246258 0.684380 0.027016
3 3 0.029898 0.009669 0.231308 0.704746 0.024378
3 3 0.029515 0.007294 0.185622 0.757994 0.019575
3 3 0.028007 0.006396 0.172604 0.775449 0.017544
3 3 0.028859 0.006201 0.164401 0.783335 0.017204
3 3 0.027355 0.006908 0.187423 0.759757 0.018558
3 3 0.027085 0.009799 0.250060 0.688793 0.024263
3 3 0.030732 0.013777 0.296063 0.627316 0.032111
3 3 0.025971 0.013195 0.319321 0.611250 0.030263
3 3 0.028769 0.011204 0.265863 0.667025 0.027139
3 3 0.027794 0.007853 0.206040 0.737773 0.020540
3 3 0.033562 0.006769 0.158370 0.782474 0.018825
3 3 0.051858 0.009574 0.153288 0.759036 0.026245
3 3 0.108297 0.015442 0.127603 0.706456 0.042202
3 3 0.237300 0.031590 0.125280 0.535073 0.070758
0 3 0.473372 0.044955 0.078751 0.320097 0.082826
0 3 0.621469 0.067298 0.062701 0.155145 0.093387
0 3 0.684589 0.075897 0.053091 0.096175 0.090248
0 0 0.743762 0.091331 0.042368 0.046299 0.076241
0 0 0.731901 0.113171 0.045324 0.034253 0.075351
0 0 0.789655 0.093564 0.031409 0.025910 0.059462
0 0 0.770602 0.107303 0.034275 0.022892 0.064927
0 0 0.787300 0.098988 0.031171 0.022740 0.059800
0 0 0.854894 0.072984 0.018513 0.016124 0.037486
0 0 0.805858 0.074482 0.029410 0.036591 0.053658
0 0 0.818101 0.065072 0.026781 0.040305 0.049741
0 0 0.741185 0.083104 0.042637 0.056303 0.076771
0 0 0.727215 0.098604 0.046403 0.046626 0.081152
0 0 0.709615 0.115743 0.051289 0.040604 0.082749
0 0 0.758474 0.110529 0.038247 0.026554 0.066195
0 0 0.729900 0.121646 0.044784 0.028912 0.074757
0 0 0.741080 0.123754 0.041128 0.023960 0.070079
0 0 0.706166 0.138205 0.049153 0.026137 0.080338
0 0 0.732730 0.149419 0.037961 0.013913 0.065977
0 0 0.618708 0.227880 0.055255 0.010735 0.087422
0 0 0.599781 0.263729 0.049787 0.006337 0.080366
0 1 0.565337 0.288708 0.054410 0.005957 0.085588
0 1 0.636493 0.231697 0.046918 0.007723 0.077169
0 0 0.732379 0.165364 0.033493 0.008873 0.059891
0 0 0.668506 0.206609 0.043347 0.008697 0.072840
0 0 0.649334 0.230849 0.042207 0.006433 0.071177
0 0 0.592349 0.249084 0.058263 0.009575 0.090729
0 0 0.672850 0.170128 0.052919 0.019109 0.084993
0 0 0.743063 0.112789 0.040187 0.027333 0.076628
0 0 0.812500 0.086431 0.027110 0.023377 0.050582
0 0 0.863978 0.075026 0.015995 0.011543 0.033458
0 0 0.895096 0.065053 0.010132 0.006409 0.023311
0 0 0.865988 0.083001 0.013879 0.007147 0.029985
0 0 0.837502 0.082024 0.021473 0.016826 0.042175
0 0 0.699832 0.155662 0.047357 0.019010 0.078139
0 0 0.472070 0.323307 0.075255 0.007498 0.121870
0 0 0.410245 0.326680 0.093468 0.009724 0.159882
4 0 0.283477 0.292388 0.105291 0.010099 0.308745
0 1 0.295459 0.291391 0.114633 0.012694 0.285823
0 1 0.553989 0.221784 0.069553 0.015642 0.139031
0 1 0.840261 0.092662 0.018799 0.010183 0.038095
0 1 0.821960 0.098083 0.022740 0.012987 0.044229
0 0 0.835967 0.104363 0.017251 0.006751 0.035668
0 0 0.703033 0.157085 0.045918 0.017640 0.076324
0 0 0.731358 0.129377 0.043023 0.023680 0.072562
0 0 0.653691 0.108569 0.054166 0.045543 0.138031
0 0 0.630256 0.117214 0.059204 0.044998 0.148328
0 0 0.540743 0.151663 0.073474 0.035203 0.198917
0 0 0.482739 0.234873 0.068475 0.011423 0.202491
0 0 0.322611 0.301876 0.085641 0.007126 0.282746
4 0 0.288658 0.305238 0.091418 0.007075 0.307610
4 0 0.090147 0.139031 0.086002 0.008579 0.676241
4 1 0.028862 0.057784 0.060253 0.007312 0.845790
4 1 0.010492 0.026212 0.038753 0.005058 0.919486
4 1 0.010121 0.025542 0.037693 0.004849 0.921795
4 4 0.009140 0.023735 0.034841 0.004304 0.927981
4 4 0.009731 0.024831 0.036569 0.004631 0.924238
4 4 0.010888 0.026919 0.039876 0.005283 0.917034
4 4 0.012491 0.029705 0.044319 0.006206 0.907278
4 4 0.014191 0.032537 0.048873 0.007209 0.897190
4 4 0.013293 0.031055 0.046485 0.006676 0.902491
4 4 0.014902 0.033690 0.050736 0.007636 0.893035
4 4 0.016315 0.035931 0.054373 0.008495 0.884886
4 4 0.011816 0.028545 0.042466 0.005814 0.911358
4 4 0.011265 0.027586 0.040936 0.005498 0.914715
4 4 0.012417 0.029578 0.044116 0.006163 0.907727
4 4 0.022108 0.044516 0.068488 0.012159 0.852729
4 4 0.037124 0.064604 0.094940 0.019302 0.784030
4 4 0.136370 0.122851 0.104647 0.025076 0.611056
4 4 0.236660 0.183840 0.099112 0.018030 0.462357
4 4 0.128007 0.170648 0.114652 0.014882 0.571810
4 4 0.047406 0.082405 0.082378 0.011425 0.776385
4 4 0.010562 0.026338 0.038954 0.005098 0.919047
4 4 0.015656 0.034894 0.052688 0.008093 0.888669
4 4 0.021784 0.044058 0.067728 0.011948 0.854483
4 4 0.020097 0.041635 0.063720 0.010863 0.863685
4 4 0.029984 0.065702 0.106000 0.015965 0.782350
4 4 0.034334 0.085332 0.143083 0.017251 0.720000
4 4 0.034065 0.070551 0.114395 0.018743 0.762246
4 4 0.035010 0.064039 0.101946 0.020520 0.778485
4 4 0.031010 0.056313 0.088316 0.018166 0.806195
4 4 0.027395 0.051685 0.080478 0.015677 0.824765
4 4 0.021364 0.043461 0.066738 0.011676 0.856760
4 4 0.019701 0.041055 0.062765 0.010611 0.865869
4 4 0.021006 0.042949 0.065892 0.011446 0.858707
4 4 0.020786 0.042632 0.065367 0.011304 0.859911
4 4 0.018410 0.039139 0.059614 0.009795 0.873042
4 4 0.023009 0.045778 0.070586 0.012747 0.847880
4 4 0.026709 0.061291 0.098375 0.013841 0.799784
4 4 0.021530 0.048098 0.075071 0.011228 0.844074
4 4 0.022610 0.047072 0.072992 0.012237 0.845090
4 4 0.020973 0.042902 0.065813 0.011424 0.858888
4 4 0.023753 0.046807 0.072300 0.013237 0.843904
4 4 0.035750 0.066965 0.107302 0.020721 0.769261
4 4 0.049782 0.108027 0.200071 0.030031 0.612089
2 2 0.055401 0.159801 0.427762 0.041949 0.315086
4 2 0.062572 0.172603 0.361942 0.035143 0.367740
4 2 0.070501 0.183764 0.326779 0.031549 0.387406
4 2 0.048374 0.113328 0.196824 0.025385 0.616088
4 2 0.037533 0.110460 0.193536 0.017403 0.641069
4 2 0.032021 0.105783 0.185452 0.013929 0.662816
4 2 0.034267 0.127898 0.232135 0.014079 0.591621
4 2 0.035552 0.133076 0.243091 0.014612 0.573670
4 2 0.046557 0.150971 0.279616 0.020807 0.502048
4 2 0.062402 0.153009 0.280239 0.032451 0.471899
4 2 0.137860 0.189615 0.170471 0.026247 0.475806
4 2 0.169985 0.212554 0.176304 0.028498 0.412659
4 2 0.199976 0.224753 0.166975 0.028584 0.379712
4 2 0.158233 0.196236 0.154999 0.024999 0.465533
4 2 0.064610 0.120326 0.161849 0.024095 0.629121
4 2 0.062637 0.152416 0.227134 0.022515 0.535297
4 2 0.044883 0.142468 0.260834 0.020226 0.531589
4 2 0.041593 0.151146 0.354248 0.023541 0.429472
2 2 0.034359 0.151276 0.571310 0.031003 0.212051
2 2 0.030626 0.150276 0.629022 0.028993 0.161083
2 2 0.023019 0.122997 0.723323 0.032011 0.098651
2 2 0.018429 0.094938 0.776578 0.040798 0.069257
2 2 0.017654 0.091237 0.788356 0.041702 0.061050
2 2 0.013882 0.077828 0.822314 0.040517 0.045459
2 2 0.014001 0.080713 0.820094 0.038070 0.047122
2 2 0.015509 0.087391 0.812206 0.037596 0.047297
2 2 0.017571 0.094269 0.798790 0.038679 0.050691
2 2 0.014246 0.078131 0.831155 0.041496 0.034973
2 2 0.012865 0.070401 0.846380 0.043668 0.026685
2 2 0.010344 0.061534 0.868488 0.040699 0.018936
2 2 0.010214 0.058062 0.870239 0.044632 0.016854
2 2 0.008913 0.050259 0.876190 0.048572 0.016066
2 2 0.007362 0.040597 0.884529 0.054993 0.012518
2 2 0.006866 0.038754 0.888550 0.054105 0.011725
2 2 0.006780 0.037384 0.886998 0.057034 0.011804
2 2 0.008278 0.041458 0.871027 0.063644 0.015594
2 2 0.008264 0.038070 0.862679 0.074988 0.015999
2 2 0.007368 0.033813 0.865218 0.079223 0.014377
2 2 0.008440 0.032658 0.839214 0.103176 0.016512
2 2 0.009049 0.032614 0.825901 0.114322 0.018114
2 2 0.007288 0.025501 0.819632 0.131489 0.016090
2 2 0.007414 0.025597 0.816814 0.133763 0.016413
2 2 0.006917 0.021047 0.784384 0.170619 0.017033
2 2 0.010114 0.020785 0.682000 0.262225 0.024876
2 2 0.013468 0.016294 0.524126 0.416659 0.029453
3 2 0.015815 0.014584 0.448844 0.490651 0.030105
3 2 0.013414 0.011472 0.425400 0.525255 0.024458
3 2 0.013189 0.009690 0.386860 0.568789 0.021472
3 2 0.013670 0.007975 0.332578 0.627148 0.018629
3 2 0.012708 0.006656 0.305585 0.659008 0.016041
3 2 0.012932 0.005333 0.255483 0.712682 0.013571
3 2 0.013558 0.005281 0.245656 0.721937 0.013567
3 2 0.014650 0.004924 0.220240 0.747180 0.013006
3 2 0.013798 0.004337 0.206821 0.763359 0.011685
3 3 0.016216 0.004626 0.194758 0.771816 0.012584
3 3 0.016188 0.004119 0.176692 0.791501 0.011500
3 3 0.017541 0.003924 0.159733 0.807596 0.011206
3 3 0.021901 0.010639 0.305267 0.637191 0.025002
3 3 0.020081 0.006754 0.228902 0.726852 0.017410
3 3 0.049243 0.013837 0.215576 0.686725 0.034619
3 3 0.051445 0.028968 0.348888 0.509542 0.061157
3 3 0.026288 0.005518 0.159294 0.793401 0.015499
3 3 0.026223 0.004724 0.139194 0.816128 0.013730
3 3 0.022366 0.003689 0.125883 0.836997 0.011066
3 3 0.020073 0.003199 0.120162 0.846819 0.009747
3 3 0.021844 0.003126 0.110196 0.855144 0.009691
3 3 0.020719 0.002745 0.101815 0.866032 0.008689
3 3 0.020140 0.002473 0.094454 0.874956 0.007976
3 3 0.021157 0.002384 0.087733 0.880923 0.007803
3 3 0.025881 0.003196 0.098484 0.862335 0.010104
3 3 0.028226 0.003816 0.108369 0.847840 0.011748
3 3 0.025615 0.003735 0.114646 0.844609 0.011394
3 3 0.022491 0.003009 0.103981 0.861073 0.009446
3 3 0.022042 0.003089 0.108226 0.857030 0.009613
3 3 0.023376 0.003221 0.107438 0.855950 0.010016
3 3 0.024717 0.003350 0.106656 0.854865 0.010412
3 3 0.025985 0.003347 0.102452 0.857738 0.010479
3 3 0.029012 0.003749 0.104353 0.851252 0.011634
3 3 0.029395 0.004038 0.110582 0.843634 0.012351
3 3 0.029085 0.003498 0.097658 0.858734 0.011024
3 3 0.029855 0.003166 0.087103 0.869643 0.010233
3 3 0.025772 0.002769 0.086380 0.876052 0.009026
3 3 0.024434 0.002501 0.081869 0.882924 0.008271
3 3 0.026379 0.002533 0.077913 0.884730 0.008445
3 3 0.031515 0.003208 0.084440 0.870418 0.010419
3 3 0.035147 0.003283 0.079021 0.871776 0.010774
3 3 0.033104 0.003055 0.077488 0.876254 0.010099
3 3 0.033337 0.002802 0.070944 0.883471 0.009445
3 3 0.032028 0.002824 0.073866 0.881830 0.009452
3 3 0.031177 0.002561 0.068761 0.888779 0.008721
3 3 0.030323 0.002369 0.065249 0.893889 0.008171
3 3 0.028184 0.002217 0.064990 0.896931 0.007678
3 3 0.028692 0.002499 0.071848 0.888507 0.008454
3 3 0.028650 0.002587 0.074358 0.885720 0.008685
3 3 0.027064 0.002902 0.086820 0.873786 0.009428
3 3 0.030720 0.003403 0.091116 0.863888 0.010873
3 3 0.033377 0.003368 0.084414 0.867929 0.010912
3 3 0.038818 0.003545 0.078387 0.867647 0.011604
3 3 0.031163 0.003005 0.080098 0.875852 0.009883
3 3 0.028871 0.002630 0.075071 0.884620 0.008808
3 3 0.028749 0.002805 0.080084 0.879104 0.009258
3 3 0.026107 0.002579 0.079913 0.882849 0.008551
3 3 0.028802 0.002769 0.078995 0.880266 0.009168
3 3 0.029136 0.002760 0.078035 0.880908 0.009161
3 3 0.032707 0.002896 0.074374 0.880354 0.009668
3 3 0.034778 0.002732 0.066887 0.886288 0.009315
3 3 0.028623 0.002223 0.064336 0.897108 0.007710
3 3 0.025697 0.002286 0.072147 0.892107 0.007763
3 3 0.027533 0.002550 0.075732 0.885647 0.008539
3 3 0.028975 0.002767 0.078562 0.880526 0.009171
3 3 0.033156 0.002962 0.075136 0.878888 0.009858
3 3 0.028116 0.002505 0.073204 0.887730 0.008446
3 3 0.030794 0.002864 0.077275 0.879564 0.009503
3 3 0.027328 0.002548 0.076147 0.885451 0.008526
3 3 0.026328 0.002204 0.068295 0.895605 0.007568
3 3 0.023656 0.001860 0.063269 0.904688 0.006527
3 3 0.025182 0.002114 0.068033 0.897391 0.007280
3 3 0.026658 0.002299 0.070403 0.892803 0.007837
3 3 0.025089 0.002100 0.067800 0.897773 0.007238
3 3 0.025298 0.002113 0.067746 0.897562 0.007281
3 3 0.023872 0.002103 0.070671 0.896160 0.007194
3 3 0.030056 0.002643 0.073015 0.885392 0.008894
3 3 0.027707 0.002536 0.074961 0.886285 0.008511
3 3 0.030146 0.002915 0.079943 0.877389 0.009606
3 3 0.027361 0.002694 0.080210 0.880827 0.008908
3 3 0.028662 0.002772 0.079391 0.880004 0.009170
3 3 0.028096 0.002409 0.070553 0.890753 0.008190
3 3 0.027320 0.002660 0.079343 0.881859 0.008818
3 3 0.027995 0.002561 0.075050 0.885803 0.008590
3 3 0.030294 0.002926 0.079926 0.877211 0.009642
3 3 0.032514 0.002959 0.076274 0.878428 0.009824
3 3 0.038998 0.003786 0.083104 0.861887 0.012226
3 3 0.072953 0.006511 0.082309 0.817830 0.020396
3 3 0.203775 0.016343 0.086516 0.652491 0.040874
0 0 0.419492 0.039912 0.086941 0.377541 0.076115
0 0 0.539592 0.098947 0.104087 0.145621 0.111753
0 2 0.386722 0.131541 0.183341 0.154261 0.144136
0 2 0.443978 0.142077 0.148494 0.118432 0.147020
0 2 0.487173 0.152584 0.119814 0.086995 0.153434
0 2 0.511854 0.210359 0.098185 0.032335 0.147267
0 2 0.442880 0.269311 0.093929 0.015414 0.178465
0 2 0.436978 0.302029 0.093195 0.012057 0.155741
4 2 0.301014 0.224746 0.114509 0.021286 0.338446
4 2 0.302183 0.226959 0.120026 0.023138 0.327694
0 2 0.325574 0.293619 0.127304 0.017357 0.236146
0 2 0.330686 0.318824 0.150438 0.018872 0.181181
4 2 0.173946 0.257264 0.213141 0.024587 0.331062
4 2 0.108778 0.173130 0.203354 0.031783 0.482954
4 2 0.092326 0.128115 0.187081 0.047434 0.545045
4 2 0.063235 0.092030 0.138036 0.035763 0.670936
4 2 0.046325 0.085815 0.124089 0.021285 0.722486
4 2 0.031371 0.071239 0.109918 0.014791 0.772680
4 2 0.027842 0.091844 0.158029 0.012051 0.710233
4 2 0.030945 0.104624 0.183394 0.013289 0.667748
4 2 0.033763 0.098166 0.169118 0.015680 0.683273
4 2 0.039311 0.079088 0.129801 0.022062 0.729738
4 2 0.033469 0.060231 0.087724 0.016955 0.801621
4 2 0.029839 0.054824 0.085785 0.017355 0.812196
4 2 0.023833 0.046917 0.072483 0.013290 0.843478
4 2 0.016643 0.036442 0.055206 0.008697 0.883012
4 2 0.017591 0.037900 0.057586 0.009283 0.877638
4 4 0.016489 0.036203 0.054816 0.008602 0.883890
4 4 0.011629 0.028221 0.041948 0.005707 0.912496
4 4 0.008099 0.021752 0.031734 0.003736 0.934678
4 4 0.006119 0.017757 0.025538 0.002693 0.947893
4 4 0.005188 0.015750 0.022463 0.002220 0.954379
4 4 0.007252 0.020083 0.029133 0.003283 0.940248
4 4 0.011451 0.027911 0.041454 0.005605 0.913580
4 4 0.017039 0.037054 0.056204 0.008941 0.880762
4 4 0.026110 0.049993 0.077632 0.014808 0.831457
4 4 0.042045 0.069864 0.111758 0.026030 0.750302
4 4 0.050461 0.090217 0.133713 0.024594 0.701016
4 4 0.062667 0.133177 0.161239 0.017274 0.625643
4 4 0.036636 0.099798 0.171668 0.017632 0.674266
4 4 0.034965 0.084089 0.140474 0.017870 0.722603
4 4 0.019253 0.043833 0.067830 0.009909 0.859175
4 4 0.017272 0.037413 0.056789 0.009085 0.879440
4 4 0.017919 0.038398 0.058400 0.009487 0.875796
4 4 0.044827 0.087662 0.145003 0.025472 0.697036
4 4 0.121040 0.160439 0.219082 0.048911 0.450529
4 4 0.063855 0.102464 0.102481 0.015561 0.715640
4 4 0.091480 0.121073 0.106512 0.017765 0.663169
0 0 0.613726 0.156765 0.057346 0.023080 0.149084
0 2 0.431365 0.174653 0.089996 0.031314 0.272673
0 2 0.483944 0.163538 0.094256 0.044901 0.213360
4 2 0.209374 0.107822 0.109814 0.055977 0.517013
4 2 0.305723 0.114923 0.108193 0.071597 0.399564
0 2 0.617856 0.092476 0.055180 0.060252 0.174235
0 2 0.630368 0.105385 0.054460 0.046457 0.163329
0 2 0.645473 0.113810 0.062693 0.055794 0.122230
0 2 0.628980 0.121186 0.070195 0.060636 0.119004
0 2 0.527170 0.086941 0.077680 0.115914 0.192295
0 2 0.627872 0.061471 0.051314 0.120535 0.138809
0 2 0.638901 0.059255 0.047591 0.112895 0.141357
0 2 0.657995 0.059704 0.041426 0.085600 0.155275
0 2 0.680868 0.051559 0.037413 0.097330 0.132830
0 2 0.718567 0.057743 0.035322 0.073883 0.114484
0 2 0.782974 0.053866 0.026594 0.053010 0.083556
0 2 0.668968 0.110551 0.045035 0.030703 0.144743
4 2 0.249009 0.215292 0.117228 0.019818 0.398652
4 2 0.123944 0.221232 0.156185 0.012316 0.486322
4 2 0.035795 0.098717 0.169680 0.017106 0.678703
4 2 0.049861 0.160294 0.300206 0.022467 0.467172
4 2 0.051865 0.162067 0.303773 0.023747 0.458549
4 2 0.055556 0.177372 0.339504 0.025297 0.402271
4 2 0.049935 0.166707 0.315360 0.022102 0.445896
2 2 0.042324 0.182585 0.445754 0.021673 0.307664
4 2 0.044541 0.172674 0.360434 0.020286 0.402066
4 2 0.040338 0.167444 0.344688 0.017434 0.430096
4 2 0.040332 0.169189 0.324937 0.015802 0.449740
4 2 0.041760 0.180168 0.351413 0.016185 0.410473
4 2 0.042860 0.183604 0.359593 0.016698 0.397245
4 2 0.043127 0.182170 0.355847 0.016920 0.401936
4 2 0.037036 0.149886 0.280618 0.014687 0.517773
4 2 0.036945 0.154158 0.290600 0.014435 0.503862
4 2 0.047797 0.141170 0.228379 0.018019 0.564636
4 2 0.104647 0.216121 0.227497 0.019949 0.431787
4 2 0.241455 0.259196 0.121013 0.014305 0.364030
1 0 0.253775 0.322364 0.163169 0.014404 0.246288
1 2 0.150094 0.339931 0.270220 0.013502 0.226254
2 2 0.097626 0.337385 0.389056 0.012915 0.163018
2 2 0.043429 0.191244 0.539760 0.025597 0.199969
2 2 0.028610 0.137998 0.680513 0.033566 0.119313
2 2 0.021214 0.102843 0.749745 0.042120 0.084078
2 2 0.016598 0.089888 0.801943 0.039265 0.052306
2 2 0.016476 0.095079 0.807213 0.034462 0.046770
2 2 0.017161 0.097117 0.802946 0.035038 0.047738
2 2 0.018450 0.106354 0.793499 0.032194 0.049504
2 2 0.017686 0.102845 0.798449 0.032455 0.048565
2 2 0.016293 0.092437 0.814940 0.035865 0.040464
2 2 0.015987 0.088978 0.821576 0.037644 0.035815
2 2 0.011864 0.072522 0.857103 0.036031 0.022480
2 2 0.011011 0.071121 0.863860 0.033344 0.020664
2 2 0.009336 0.065110 0.877786 0.030773 0.016995
2 2 0.012892 0.075553 0.853115 0.037389 0.021051
2 2 0.039333 0.141182 0.712821 0.049652 0.057013
2 2 0.188879 0.318174 0.338664 0.033238 0.121045
0 2 0.320256 0.230655 0.200883 0.058123 0.190084
1 2 0.209480 0.283156 0.278870 0.039775 0.188719
2 2 0.097650 0.228553 0.393230 0.039154 0.241413
2 2 0.029373 0.128991 0.700032 0.041233 0.100371
2 2 0.013693 0.065440 0.804885 0.056627 0.059356
2 2 0.009082 0.048966 0.854832 0.054614 0.032506
2 2 0.007870 0.040987 0.863390 0.062159 0.025594
2 2 0.008299 0.043276 0.863103 0.060329 0.024993
2 2 0.008741 0.043784 0.853956 0.064101 0.029419
2 2 0.010018 0.045778 0.834307 0.072257 0.037639
2 2 0.011348 0.051808 0.823083 0.068302 0.045458
2 2 0.013027 0.054821 0.805421 0.074669 0.052062
2 2 0.012786 0.052044 0.811327 0.080197 0.043646
2 2 0.012099 0.044253 0.805737 0.100395 0.037516
2 2 0.008887 0.033530 0.826190 0.107578 0.023815
2 2 0.009229 0.033129 0.816731 0.115947 0.024965
2 2 0.008455 0.030903 0.818699 0.116767 0.025175
2 2 0.009692 0.034989 0.810423 0.113321 0.031576
2 2 0.010918 0.037095 0.801688 0.119618 0.030680
2 2 0.013316 0.046021 0.800442 0.106150 0.034072
2 2 0.011258 0.041238 0.819391 0.102228 0.025885
2 2 0.010978 0.036885 0.802218 0.121394 0.028525
2 2 0.010402 0.029677 0.768826 0.164187 0.026908
2 2 0.010103 0.023582 0.715076 0.225947 0.025292
2 2 0.011463 0.023214 0.677965 0.256788 0.030569
2 2 0.010937 0.023283 0.692777 0.246398 0.026605
2 2 0.010190 0.024735 0.723825 0.213916 0.027334
2 2 0.010958 0.027871 0.738159 0.193976 0.029036
2 2 0.014917 0.036293 0.713540 0.185397 0.049852
2 2 0.012161 0.033200 0.758490 0.166099 0.030050
2 2 0.012978 0.031501 0.722147 0.196368 0.037006
2 2 0.013433 0.024387 0.655875 0.275741 0.030564
2 2 0.015375 0.015709 0.481347 0.457520 0.030049
3 2 0.023699 0.015236 0.374122 0.554506 0.032437
3 2 0.063291 0.031949 0.351918 0.497147 0.055694
3 2 0.252560 0.070458 0.232188 0.348417 0.096377
3 2 0.203121 0.058325 0.254853 0.402360 0.081342
3 2 0.059141 0.027740 0.342965 0.522722 0.047433
2 2 0.030987 0.024627 0.466539 0.440820 0.037027
2 2 0.015026 0.019232 0.562550 0.374198 0.028995
2 2 0.010934 0.019977 0.656356 0.287829 0.024904
2 2 0.011722 0.020772 0.644267 0.296049 0.027189
2 2 0.011964 0.017280 0.579385 0.364092 0.027278
2 2 0.014799 0.017474 0.520983 0.415425 0.031318
2 2 0.017072 0.016608 0.467362 0.466160 0.032798
3 2 0.018564 0.017272 0.454549 0.474511 0.035103
3 2 0.024673 0.019210 0.416599 0.499655 0.039863
2 2 0.018678 0.020458 0.511790 0.409926 0.039148
2 2 0.013245 0.023270 0.646778 0.280415 0.036292
2 2 0.012804 0.025444 0.671725 0.250153 0.039874
2 2 0.016212 0.028900 0.651237 0.267284 0.036367
2 2 0.018695 0.020414 0.512945 0.413112 0.034834
3 2 0.016482 0.014328 0.435932 0.503502 0.029755
2 2 0.014584 0.014756 0.477602 0.464621 0.028436
2 2 0.012101 0.014771 0.534615 0.413552 0.024962
2 2 0.013116 0.016045 0.532439 0.410617 0.027783
3 2 0.013315 0.012748 0.453752 0.493744 0.026441
3 2 0.016942 0.014116 0.425359 0.513864 0.029718
3 2 0.016745 0.012814 0.404072 0.538793 0.027577
3 2 0.017314 0.013427 0.408215 0.532322 0.028722
2 2 0.015458 0.027792 0.650177 0.271088 0.035485
2 2 0.022168 0.019431 0.462522 0.461349 0.034531
3 2 0.036456 0.020469 0.347221 0.551299 0.044555
2 2 0.020501 0.036811 0.653485 0.247071 0.042131
3 2 0.014486 0.010245 0.380477 0.572050 0.022742
3 2 0.014212 0.011197 0.406548 0.543798 0.024245
3 2 0.014625 0.010961 0.395013 0.555429 0.023971
3 2 0.015587 0.010308 0.366432 0.584552 0.023121
3 2 0.015950 0.008475 0.316066 0.639513 0.019995
3 2 0.017210 0.007411 0.272873 0.684245 0.018261
3 2 0.014929 0.006302 0.264588 0.698407 0.015775
3 2 0.014841 0.007066 0.289615 0.671274 0.017204
3 2 0.014497 0.007742 0.314230 0.645148 0.018383
3 2 0.015926 0.009056 0.331497 0.622494 0.021027
3 2 0.016964 0.010574 0.354842 0.593724 0.023896
3 2 0.018308 0.009733 0.320306 0.628942 0.022711
3 2 0.020292 0.009573 0.296873 0.650470 0.022792
3 2 0.015917 0.006075 0.246402 0.716119 0.015487
3 2 0.016380 0.007283 0.278095 0.680362 0.017881
3 2 0.015602 0.008053 0.308874 0.648309 0.019163
3 2 0.015692 0.008756 0.326676 0.628431 0.020446
3 2 0.018181 0.008466 0.290960 0.661997 0.020395
3 2 0.019767 0.008300 0.271611 0.679972 0.020350
3 2 0.025684 0.008500 0.232059 0.712184 0.021574
3 2 0.025794 0.007666 0.212999 0.733604 0.019937
3 2 0.022980 0.006430 0.200100 0.753383 0.017107
3 2 0.020539 0.005926 0.202527 0.755217 0.015792
3 2 0.017404 0.005084 0.200498 0.763330 0.013684
3 2 0.022174 0.006810 0.215100 0.738131 0.017785
3 2 0.018767 0.006673 0.237455 0.720031 0.017073
3 2 0.022673 0.008993 0.263742 0.682487 0.022104
3 2 0.019677 0.008853 0.285892 0.664211 0.021366
3 2 0.021193 0.008609 0.266778 0.682264 0.021156
3 2 0.021392 0.008279 0.257322 0.692447 0.020560
3 2 0.030902 0.009514 0.223192 0.712194 0.024198
3 2 0.034489 0.010104 0.216724 0.712917 0.025767
3 2 0.033898 0.008630 0.193054 0.741661 0.022756
3 2 0.032076 0.009648 0.220009 0.713315 0.024952
3 2 0.030988 0.008290 0.199275 0.739679 0.021768
3 2 0.035127 0.009784 0.208475 0.721409 0.025205
3 2 0.034293 0.010065 0.216940 0.713032 0.025669
3 2 0.026092 0.010568 0.271464 0.666312 0.025563
3 3 0.022088 0.010015 0.290666 0.653326 0.023906
3 3 0.020887 0.012116 0.343835 0.595764 0.027397
3 3 0.022558 0.012616 0.337434 0.598792 0.028600
3 3 0.022965 0.011521 0.313552 0.625194 0.026767
3 3 0.020340 0.007185 0.238343 0.715838 0.018295
3 3 0.019317 0.005520 0.199421 0.760929 0.014812
3 3 0.020000 0.005568 0.195962 0.763480 0.014989
3 3 0.020078 0.006147 0.212096 0.745490 0.016189
3 3 0.020685 0.007234 0.236912 0.716731 0.018438
3 3 0.019397 0.006777 0.235024 0.721439 0.017363
3 3 0.018931 0.006351 0.226883 0.731379 0.016456
3 3 0.019245 0.006319 0.223417 0.734584 0.016433
3 3 0.023541 0.007268 0.217498 0.732819 0.018873
3 3 0.029760 0.008173 0.202768 0.737897 0.021402
3 3 0.028068 0.006906 0.183902 0.762501 0.018624
3 3 0.022782 0.005512 0.176881 0.779660 0.015164
3 3 0.022432 0.005895 0.189350 0.766385 0.015937
3 3 0.021626 0.006357 0.206939 0.748275 0.016802
3 3 0.026290 0.008646 0.231458 0.711670 0.021936
3 3 0.020611 0.006764 0.225088 0.730039 0.017499
3 3 0.021392 0.007135 0.228998 0.724137 0.018338
3 3 0.021466 0.006313 0.206843 0.748684 0.016694
3 3 0.024797 0.006634 0.194494 0.756349 0.017725
3 3 0.028009 0.006194 0.167925 0.780757 0.017114
3 3 0.027257 0.006455 0.177463 0.771227 0.017599
3 3 0.027199 0.005678 0.159415 0.791463 0.016245
3 3 0.027214 0.005014 0.142676 0.810637 0.014459
3 3 0.033482 0.004473 0.109643 0.838772 0.013630
3 3 0.041758 0.005255 0.106679 0.830355 0.015953
3 3 0.084057 0.009468 0.102913 0.775702 0.027860
3 3 0.204298 0.026730 0.128414 0.579871 0.060686
0 3 0.380232 0.057530 0.136195 0.338729 0.087314
0 3 0.349155 0.084995 0.184897 0.270925 0.110029
2 3 0.235797 0.129803 0.306995 0.186295 0.141110
2 3 0.090394 0.136595 0.385112 0.093874 0.294025
4 3 0.108615 0.186484 0.263125 0.038369 0.403407
4 3 0.175030 0.167918 0.198255 0.054636 0.404161
0 0 0.518322 0.126500 0.077430 0.053251 0.224497
0 0 0.711885 0.109754 0.041823 0.029186 0.107351
0 2 0.512045 0.214465 0.084151 0.022477 0.166861
1 2 0.232021 0.341546 0.202938 0.015708 0.207788
4 2 0.105484 0.213606 0.225895 0.020602 0.434413
4 2 0.053749 0.133685 0.303761 0.037673 0.471132
2 2 0.046372 0.148569 0.433621 0.037479 0.333960
4 2 0.047254 0.151557 0.339048 0.027149 0.434991
4 2 0.041292 0.113784 0.212108 0.021553 0.611263
4 2 0.043475 0.100383 0.246878 0.037206 0.572058
4 2 0.046586 0.074005 0.118934 0.029599 0.730875
4 2 0.193334 0.119609 0.091251 0.028579 0.567226
4 2 0.105344 0.117747 0.113779 0.024854 0.638276
4 4 0.119821 0.153739 0.139905 0.025765 0.560770
4 4 0.029943 0.054956 0.086008 0.017427 0.811665
4 4 0.028378 0.057367 0.090719 0.015704 0.807832
4 4 0.025461 0.053569 0.084279 0.013759 0.822931
4 4 0.019275 0.040428 0.061731 0.010340 0.868226
4 4 0.015385 0.034464 0.051989 0.007928 0.890234
