0 0 0.797914 0.043565 0.103252 0.003414 0.051854
0 0 0.775845 0.048703 0.090014 0.000419 0.085018
0 0 0.878779 0.031883 0.064221 0.000438 0.024679
0 1 0.784604 0.069446 0.103079 0.000681 0.042189
0 1 0.535068 0.166894 0.163228 0.001407 0.133404
0 1 0.351592 0.229527 0.232187 0.007617 0.179076
2 1 0.289869 0.221729 0.328776 0.020011 0.139614
2 1 0.267925 0.222523 0.361280 0.023882 0.124390
2 2 0.259433 0.242578 0.374425 0.026897 0.096667
2 2 0.252680 0.250459 0.385366 0.028206 0.083290
2 2 0.230355 0.225952 0.446356 0.030572 0.066765
2 2 0.205955 0.205073 0.492268 0.035663 0.061041
2 2 0.162676 0.178222 0.566911 0.046569 0.045622
2 2 0.211012 0.183941 0.511794 0.031331 0.061922
2 2 0.285281 0.203965 0.403755 0.018823 0.088177
0 2 0.461276 0.178236 0.246270 0.009263 0.104956
0 2 0.487095 0.179283 0.236684 0.008687 0.088252
0 2 0.561195 0.155518 0.208026 0.004867 0.070393
0 2 0.564813 0.149683 0.206775 0.003881 0.074848
0 2 0.590145 0.134893 0.196710 0.003353 0.074898
0 2 0.536519 0.150837 0.217958 0.004357 0.090329
0 2 0.425995 0.203430 0.258552 0.005825 0.106198
0 2 0.349354 0.245024 0.283193 0.012261 0.110168
2 2 0.315572 0.219607 0.356465 0.015223 0.093133
2 2 0.244161 0.169478 0.510361 0.019910 0.056090
2 2 0.178907 0.140798 0.617819 0.027103 0.035372
2 2 0.159815 0.133975 0.643569 0.031048 0.031593
2 2 0.142937 0.123746 0.669998 0.034578 0.028741
2 2 0.146467 0.146947 0.632170 0.041531 0.032885
2 2 0.138042 0.149612 0.631809 0.047671 0.032867
2 2 0.130006 0.143377 0.644544 0.050630 0.031443
2 2 0.189413 0.150046 0.592262 0.027373 0.040906
2 2 0.252582 0.179825 0.486431 0.020040 0.061122
0 2 0.390503 0.213477 0.270823 0.008208 0.116989
0 2 0.371981 0.218594 0.276862 0.010533 0.122031
0 2 0.397250 0.199476 0.268384 0.009803 0.125086
0 2 0.408253 0.192924 0.262023 0.010792 0.126007
0 2 0.389059 0.196081 0.270657 0.009512 0.134692
0 2 0.442653 0.178682 0.252063 0.004874 0.121728
0 1 0.402556 0.216515 0.238907 0.005724 0.136298
0 1 0.385277 0.227741 0.200063 0.004249 0.182670
0 1 0.373329 0.209102 0.235506 0.006668 0.175395
0 1 0.400208 0.188276 0.213451 0.004334 0.193731
0 1 0.417451 0.171482 0.206979 0.003539 0.200549
0 1 0.387731 0.182054 0.195847 0.003767 0.230601
0 1 0.423710 0.160247 0.194204 0.002869 0.218970
0 1 0.345640 0.198448 0.204340 0.005637 0.245935
0 1 0.332963 0.257026 0.246302 0.010186 0.153523
0 1 0.295089 0.291074 0.256439 0.015230 0.142168
0 1 0.373383 0.239087 0.225451 0.006160 0.155919
0 1 0.400459 0.191219 0.202115 0.003807 0.202400
0 1 0.420224 0.136207 0.169692 0.001997 0.271880
4 1 0.359518 0.121860 0.117037 0.001087 0.400498
4 1 0.323279 0.159593 0.110367 0.001309 0.405451
4 1 0.276874 0.214597 0.102629 0.001704 0.404196
4 1 0.274688 0.269659 0.131794 0.003498 0.320361
0 1 0.301863 0.253070 0.157026 0.004298 0.283743
0 1 0.325393 0.240385 0.163142 0.003917 0.267164
0 1 0.376966 0.168256 0.161626 0.002447 0.290705
0 1 0.412232 0.114965 0.138164 0.001221 0.333418
4 1 0.382932 0.103467 0.120668 0.001307 0.391626
4 1 0.301614 0.158377 0.124801 0.002092 0.413115
4 1 0.223070 0.246584 0.142648 0.006680 0.381018
4 1 0.179662 0.244660 0.156632 0.013674 0.405372
0 1 0.282128 0.214538 0.218329 0.010889 0.274116
0 1 0.347050 0.168235 0.202552 0.005213 0.276950
0 1 0.456784 0.148602 0.175279 0.001812 0.217524
0 1 0.424012 0.237916 0.177655 0.002523 0.157893
0 4 0.537293 0.161573 0.132507 0.001199 0.167428
0 4 0.658861 0.092571 0.114103 0.000746 0.133718
0 4 0.689133 0.049997 0.071384 0.000200 0.189286
0 4 0.659447 0.057247 0.057715 0.000164 0.225428
0 4 0.554671 0.098004 0.069178 0.000330 0.277817
4 4 0.366048 0.158725 0.093835 0.000867 0.380525
0 4 0.321284 0.234564 0.164520 0.004095 0.275536
0 4 0.319193 0.262377 0.189548 0.006058 0.222825
0 4 0.370347 0.225745 0.202294 0.004804 0.196810
0 4 0.396322 0.168731 0.167264 0.002368 0.265315
0 4 0.399803 0.144172 0.150676 0.001837 0.303512
0 4 0.499273 0.104080 0.098243 0.000732 0.297672
0 4 0.470364 0.100971 0.082512 0.000650 0.345504
0 4 0.500790 0.099297 0.095359 0.000931 0.303623
0 4 0.483389 0.088548 0.137613 0.001715 0.288735
0 4 0.534521 0.092438 0.151482 0.001454 0.220104
0 4 0.626742 0.115140 0.155720 0.001567 0.100830
0 4 0.562504 0.153873 0.156703 0.001655 0.125266
0 4 0.476828 0.168088 0.210227 0.002941 0.141917
0 4 0.433730 0.122025 0.157530 0.001753 0.284962
4 4 0.274345 0.170876 0.138305 0.003454 0.413021
4 4 0.230132 0.270615 0.156158 0.008028 0.335068
1 4 0.199275 0.313890 0.204767 0.022516 0.259552
1 4 0.221428 0.311397 0.238683 0.025567 0.202925
2 4 0.193467 0.229004 0.453520 0.046479 0.077530
2 4 0.169748 0.189631 0.542577 0.047143 0.050900
2 2 0.146771 0.162506 0.602757 0.049210 0.038757
2 2 0.122728 0.128488 0.671618 0.048720 0.028445
2 2 0.127476 0.122550 0.677323 0.043613 0.029039
2 2 0.120680 0.134504 0.663039 0.052957 0.028820
2 2 0.180717 0.174209 0.554733 0.038784 0.051556
2 2 0.274074 0.220391 0.394766 0.021953 0.088817
0 2 0.353923 0.233948 0.282377 0.011748 0.118005
0 2 0.336656 0.230138 0.316659 0.013277 0.103270
2 2 0.250578 0.203459 0.456515 0.023222 0.066227
2 2 0.187104 0.158519 0.581560 0.030176 0.042641
2 2 0.157686 0.143608 0.627638 0.036031 0.035038
2 2 0.207815 0.163482 0.551087 0.026793 0.050823
2 2 0.196173 0.170530 0.551508 0.031454 0.050334
2 2 0.215563 0.184059 0.512415 0.029150 0.058813
2 2 0.167854 0.161296 0.573691 0.043450 0.053708
2 2 0.138292 0.145860 0.614642 0.055147 0.046059
2 2 0.115163 0.135886 0.631261 0.073134 0.044557
2 2 0.073787 0.107816 0.670988 0.116755 0.030654
2 2 0.075162 0.095381 0.661662 0.143938 0.023858
2 2 0.070879 0.083676 0.637629 0.187867 0.019949
2 2 0.063601 0.070054 0.631676 0.219521 0.015148
2 2 0.065972 0.069517 0.592618 0.256557 0.015335
2 2 0.080697 0.075458 0.563589 0.264281 0.015975
2 2 0.084517 0.073568 0.471958 0.353168 0.016789
2 2 0.109268 0.138559 0.568914 0.139995 0.043265
2 2 0.098475 0.087998 0.455332 0.335927 0.022268
2 2 0.108941 0.074528 0.500995 0.298045 0.017492
2 2 0.094048 0.109430 0.651776 0.111602 0.033144
3 3 0.094848 0.076372 0.381378 0.428203 0.019199
3 3 0.104559 0.083632 0.357033 0.432289 0.022487
3 3 0.090111 0.075400 0.351952 0.461868 0.020669
3 3 0.088322 0.070984 0.351983 0.470309 0.018403
3 3 0.093279 0.073654 0.344965 0.468829 0.019272
3 3 0.120504 0.092601 0.378933 0.384265 0.023697
2 3 0.125163 0.101507 0.430174 0.317694 0.025461
2 3 0.127779 0.119320 0.486152 0.234748 0.032002
2 3 0.116984 0.120197 0.534814 0.195664 0.032340
2 3 0.090515 0.106201 0.605962 0.169433 0.027890
2 3 0.089402 0.105598 0.619434 0.158384 0.027182
2 3 0.085809 0.086667 0.569059 0.237550 0.020915
2 3 0.082640 0.074221 0.473542 0.352166 0.017431
3 3 0.087061 0.059325 0.330925 0.509670 0.013019
3 2 0.064283 0.044733 0.315760 0.565848 0.009376
3 2 0.060397 0.045457 0.342763 0.541640 0.009743
2 2 0.073401 0.065060 0.490089 0.357327 0.014122
2 2 0.082273 0.069009 0.438684 0.394252 0.015782
3 2 0.091212 0.069343 0.373872 0.449296 0.016277
3 2 0.090129 0.064419 0.350206 0.480645 0.014601
3 2 0.096458 0.067117 0.333806 0.487084 0.015535
3 2 0.090546 0.068897 0.378186 0.446347 0.016024
3 2 0.084078 0.061284 0.323501 0.516468 0.014669
3 2 0.088135 0.071636 0.360317 0.461391 0.018521
3 2 0.074722 0.055756 0.284821 0.570359 0.014343
3 2 0.087258 0.060796 0.295547 0.541622 0.014777
3 2 0.104907 0.065695 0.297534 0.517067 0.014797
3 2 0.162902 0.083231 0.348382 0.384133 0.021352
3 2 0.114203 0.067094 0.299171 0.504933 0.014598
3 2 0.098846 0.061822 0.285219 0.540098 0.014015
3 3 0.104998 0.073468 0.349591 0.454899 0.017045
2 3 0.105930 0.085142 0.419489 0.368837 0.020601
2 3 0.102885 0.090290 0.475606 0.309362 0.021856
2 2 0.095110 0.093114 0.532565 0.256363 0.022847
2 2 0.084142 0.082423 0.518637 0.294731 0.020067
2 2 0.065981 0.064690 0.469215 0.384227 0.015887
2 2 0.069488 0.065172 0.442415 0.406823 0.016103
2 2 0.072070 0.072448 0.518235 0.319824 0.017423
2 2 0.087462 0.077026 0.524828 0.294166 0.016518
2 2 0.077215 0.075450 0.566989 0.263800 0.016546
2 2 0.085956 0.077027 0.518868 0.301201 0.016949
2 2 0.079895 0.067919 0.467547 0.369725 0.014914
2 2 0.090807 0.073116 0.457565 0.362632 0.015880
2 2 0.127040 0.105439 0.494069 0.249122 0.024330
2 2 0.112643 0.101950 0.537250 0.224646 0.023511
2 2 0.122255 0.107075 0.518385 0.227302 0.024983
2 2 0.125098 0.122726 0.553831 0.167818 0.030527
2 2 0.130968 0.128165 0.573699 0.136549 0.030619
0 2 0.394065 0.176627 0.315865 0.052087 0.061357
0 2 0.634340 0.127153 0.177022 0.010588 0.050897
0 0 0.816102 0.052770 0.097596 0.003939 0.029595
0 0 0.813883 0.052369 0.098124 0.005974 0.029650
0 1 0.764525 0.068843 0.120256 0.009905 0.036471
0 1 0.599423 0.134333 0.191827 0.012331 0.062086
0 1 0.375974 0.233026 0.273852 0.016485 0.100664
2 1 0.142468 0.181300 0.550922 0.068576 0.056734
2 2 0.111504 0.138464 0.644395 0.070428 0.035208
2 2 0.092339 0.113339 0.698090 0.070934 0.025297
2 2 0.089149 0.108890 0.707943 0.070402 0.023615
2 2 0.098103 0.117904 0.691256 0.066648 0.026090
2 2 0.138564 0.138586 0.633881 0.048912 0.040057
2 2 0.140384 0.139025 0.625046 0.050620 0.044925
2 2 0.138005 0.138689 0.606149 0.077426 0.039731
2 2 0.121542 0.116888 0.565933 0.167548 0.028088
2 2 0.111299 0.096526 0.469667 0.298760 0.023748
3 2 0.084350 0.069916 0.370360 0.457456 0.017918
3 3 0.077315 0.060745 0.304029 0.541752 0.016158
3 3 0.059511 0.043539 0.241633 0.644122 0.011196
3 3 0.067792 0.044038 0.216929 0.660322 0.010918
3 3 0.066171 0.046609 0.238992 0.636283 0.011945
3 3 0.062141 0.038395 0.190790 0.699305 0.009369
3 3 0.067320 0.042808 0.192682 0.686114 0.011075
3 3 0.063897 0.037512 0.175875 0.713611 0.009104
3 3 0.065387 0.044301 0.211909 0.666808 0.011594
3 3 0.064694 0.045440 0.222853 0.654994 0.012019
3 3 0.088756 0.076929 0.374677 0.438650 0.020988
2 3 0.095314 0.090911 0.488388 0.302079 0.023307
2 2 0.108545 0.103465 0.511143 0.250538 0.026310
2 2 0.100851 0.097303 0.481389 0.294496 0.025961
3 2 0.089790 0.077704 0.371239 0.439895 0.021372
3 2 0.077711 0.055151 0.262490 0.590423 0.014226
3 2 0.075951 0.048287 0.222885 0.640951 0.011926
3 2 0.087800 0.055703 0.232072 0.610357 0.014068
3 2 0.087879 0.064862 0.305549 0.525103 0.016607
3 2 0.072579 0.063455 0.386550 0.461354 0.016062
2 2 0.070832 0.064347 0.495997 0.354723 0.014102
2 2 0.074063 0.065423 0.471426 0.374475 0.014614
3 2 0.060758 0.053424 0.412158 0.461383 0.012277
3 2 0.066504 0.058917 0.376709 0.482878 0.014992
3 2 0.072379 0.062166 0.371726 0.477928 0.015801
3 2 0.099567 0.067539 0.334650 0.482065 0.016179
3 2 0.095044 0.059475 0.308274 0.523017 0.014190
3 2 0.076116 0.043041 0.213561 0.657273 0.010008
3 3 0.072941 0.041556 0.187086 0.688328 0.010090
3 3 0.067097 0.034811 0.144248 0.745564 0.008279
3 3 0.291361 0.083118 0.186003 0.410382 0.029136
0 3 0.525234 0.119290 0.178758 0.122199 0.054519
0 3 0.578262 0.131990 0.190926 0.040013 0.058809
0 3 0.385771 0.238020 0.255164 0.052515 0.068530
2 3 0.258601 0.214978 0.372175 0.090027 0.064219
2 3 0.093441 0.114248 0.587534 0.172134 0.032643
2 3 0.050133 0.080324 0.702957 0.144230 0.022355
2 3 0.058255 0.092050 0.684592 0.138238 0.026865
2 3 0.060095 0.091231 0.698348 0.125413 0.024913
2 3 0.071661 0.097185 0.667266 0.138222 0.025665
2 3 0.102175 0.094352 0.573950 0.207491 0.022031
2 3 0.093555 0.076989 0.422725 0.388348 0.018383
3 3 0.084873 0.064004 0.356941 0.479175 0.015006
3 3 0.074436 0.059169 0.367158 0.485324 0.013912
3 3 0.084454 0.065434 0.382977 0.452047 0.015088
2 3 0.099965 0.076457 0.419535 0.386915 0.017128
2 3 0.142242 0.097126 0.397495 0.341373 0.021764
2 3 0.189467 0.121304 0.384476 0.274670 0.030083
2 3 0.157048 0.103683 0.373131 0.342177 0.023960
2 3 0.137990 0.098385 0.381912 0.357987 0.023726
3 1 0.110300 0.083964 0.367113 0.417438 0.021184
2 1 0.127223 0.132206 0.503621 0.198330 0.038619
3 1 0.075443 0.059209 0.361600 0.489840 0.013908
2 1 0.267626 0.128073 0.429280 0.135804 0.039216
0 2 0.597141 0.125645 0.194057 0.006632 0.076526
0 2 0.811168 0.055349 0.099439 0.005822 0.028222
0 2 0.859932 0.047409 0.075087 0.003239 0.014333
0 1 0.779475 0.077974 0.112055 0.007335 0.023161
0 2 0.690193 0.107164 0.150557 0.015418 0.036668
2 2 0.165408 0.147405 0.458933 0.182695 0.045559
2 2 0.101038 0.097811 0.610792 0.160647 0.029712
2 4 0.308075 0.137261 0.427584 0.033113 0.093967
0 4 0.684103 0.067635 0.151023 0.006251 0.090989
0 4 0.725199 0.049635 0.129178 0.005059 0.090929
0 4 0.756600 0.040657 0.114330 0.007705 0.080708
0 4 0.755208 0.038741 0.113229 0.006345 0.086476
0 4 0.800387 0.035938 0.098421 0.004570 0.060685
0 4 0.743585 0.058571 0.118306 0.003318 0.076220
0 4 0.585416 0.110442 0.138383 0.002181 0.163577
4 4 0.273346 0.123682 0.082008 0.000986 0.519978
4 4 0.130548 0.097297 0.045435 0.000835 0.725885
4 4 0.119745 0.095826 0.044283 0.000938 0.739208
4 4 0.097857 0.129318 0.050390 0.002275 0.720160
4 4 0.099657 0.163853 0.056002 0.003131 0.677357
4 4 0.108043 0.133947 0.057888 0.002657 0.697464
4 4 0.166121 0.097884 0.058459 0.000946 0.676589
4 4 0.293427 0.064049 0.071236 0.000434 0.570855
4 4 0.381433 0.052712 0.069335 0.000344 0.496176
0 4 0.464736 0.043212 0.059855 0.000269 0.431929
0 4 0.570400 0.056276 0.079214 0.000451 0.293660
0 4 0.763226 0.047565 0.089110 0.000561 0.099539
0 4 0.809036 0.045305 0.082963 0.000395 0.062300
0 4 0.743001 0.093243 0.111692 0.000705 0.051359
0 4 0.442655 0.246214 0.232681 0.004368 0.074082
0 4 0.358184 0.288531 0.264195 0.009816 0.079274
2 4 0.217206 0.226233 0.457948 0.034490 0.064123
2 4 0.190112 0.201171 0.517188 0.039148 0.052381
2 4 0.151437 0.166522 0.594230 0.047843 0.039969
2 4 0.131257 0.144233 0.641070 0.050864 0.032576
2 4 0.105354 0.112905 0.702936 0.054082 0.024722
2 4 0.099911 0.116937 0.696205 0.062147 0.024799
2 4 0.107960 0.131655 0.660837 0.067883 0.031665
2 4 0.126613 0.145939 0.636162 0.056861 0.034425
2 2 0.134833 0.147050 0.637126 0.048749 0.032242
2 2 0.093340 0.100258 0.734419 0.052922 0.019062
2 2 0.084670 0.083698 0.764068 0.050345 0.017219
2 2 0.136518 0.107653 0.680183 0.038239 0.037408
2 2 0.219935 0.149592 0.533232 0.041305 0.055935
0 2 0.502657 0.168703 0.227086 0.024006 0.077548
0 2 0.358086 0.207062 0.344962 0.032465 0.057424
2 2 0.236724 0.166505 0.484155 0.074993 0.037623
2 2 0.075871 0.094737 0.725054 0.084133 0.020204
2 2 0.086177 0.095113 0.660680 0.137176 0.020854
2 2 0.084215 0.081984 0.531772 0.282630 0.019398
2 2 0.102093 0.091549 0.440988 0.341288 0.024082
2 2 0.057758 0.067645 0.446119 0.407933 0.020545
2 2 0.056178 0.072912 0.552311 0.297596 0.021003
2 2 0.039258 0.064099 0.723265 0.156769 0.016608
2 2 0.075480 0.097469 0.722878 0.082560 0.021614
2 2 0.261865 0.128841 0.535920 0.016280 0.057093
0 2 0.632403 0.103345 0.178214 0.003246 0.082793
0 2 0.790886 0.059849 0.109058 0.000966 0.039241
0 2 0.469581 0.199266 0.242000 0.004528 0.084626
0 2 0.328085 0.287650 0.284163 0.014494 0.085608
2 2 0.086613 0.099473 0.734797 0.060293 0.018824
2 2 0.100894 0.111377 0.708774 0.055920 0.023035
2 2 0.106033 0.108265 0.711493 0.050315 0.023894
2 2 0.102460 0.105348 0.720287 0.049989 0.021916
2 2 0.088880 0.101754 0.730330 0.059637 0.019399
2 2 0.088422 0.097811 0.734408 0.059180 0.020178
2 2 0.081363 0.092379 0.740613 0.065510 0.020135
2 2 0.073081 0.085900 0.752360 0.070528 0.018130
2 2 0.079007 0.094306 0.728913 0.075181 0.022594
2 2 0.109809 0.112504 0.687446 0.057603 0.032638
2 2 0.137935 0.128552 0.636247 0.050063 0.047203
2 2 0.124767 0.133304 0.611251 0.070803 0.059875
2 2 0.089535 0.124333 0.568195 0.170027 0.047911
2 2 0.054334 0.083245 0.527458 0.304868 0.030095
2 2 0.044669 0.063308 0.501021 0.370541 0.020461
2 2 0.050621 0.070088 0.511419 0.345332 0.022540
2 2 0.080461 0.083406 0.532819 0.273700 0.029614
2 2 0.134962 0.135748 0.516014 0.154578 0.058699
2 2 0.100840 0.153156 0.567118 0.121866 0.057020
2 2 0.081646 0.128449 0.614714 0.130575 0.044617
2 2 0.057505 0.091255 0.684776 0.139773 0.026690
2 2 0.045928 0.076440 0.697242 0.158356 0.022034
2 2 0.048786 0.082003 0.678054 0.166074 0.025082
2 2 0.055430 0.082187 0.635804 0.198883 0.027696
2 2 0.084905 0.090909 0.560788 0.230957 0.032441
2 2 0.080831 0.086813 0.482624 0.324321 0.025411
2 2 0.085475 0.097126 0.578571 0.213261 0.025568
2 2 0.081639 0.103350 0.626365 0.160699 0.027947
2 2 0.068302 0.094247 0.693264 0.120309 0.023879
2 2 0.069848 0.094004 0.654064 0.156927 0.025157
2 2 0.073192 0.090501 0.569211 0.241347 0.025750
2 2 0.073932 0.079822 0.442178 0.380196 0.023872
3 2 0.060719 0.057128 0.335862 0.529886 0.016405
3 2 0.071863 0.053407 0.272791 0.588075 0.013864
3 2 0.067423 0.046765 0.215958 0.657261 0.012593
3 3 0.067332 0.043218 0.195119 0.683103 0.011228
3 3 0.071327 0.047118 0.198333 0.670399 0.012822
3 3 0.070334 0.048759 0.212370 0.655083 0.013454
3 3 0.067456 0.041416 0.183517 0.697044 0.010567
3 3 0.067135 0.040663 0.180421 0.701493 0.010287
3 3 0.063489 0.042759 0.212541 0.670237 0.010973
3 3 0.057514 0.045209 0.266567 0.618890 0.011819
3 3 0.057342 0.046624 0.277502 0.606147 0.012384
3 3 0.053237 0.041257 0.268909 0.626341 0.010255
3 3 0.055031 0.035992 0.214894 0.685676 0.008406
3 3 0.057943 0.038704 0.217142 0.676817 0.009394
3 3 0.064220 0.039514 0.187450 0.699008 0.009809
3 3 0.063712 0.037042 0.173654 0.716652 0.008939
3 3 0.062180 0.033720 0.158430 0.737864 0.007806
3 3 0.056214 0.029287 0.154708 0.753487 0.006304
3 3 0.060879 0.032579 0.156545 0.742585 0.007413
3 3 0.062408 0.031851 0.144552 0.753968 0.007221
3 3 0.067992 0.034361 0.137951 0.751541 0.008154
3 3 0.062690 0.027438 0.113648 0.790316 0.005908
3 3 0.062179 0.026292 0.107847 0.798110 0.005571
3 3 0.063041 0.025131 0.097473 0.809088 0.005267
3 3 0.060487 0.024840 0.103886 0.805655 0.005132
3 3 0.076957 0.061148 0.242067 0.600805 0.019023
3 3 0.058550 0.039799 0.221358 0.670500 0.009794
3 3 0.093879 0.055397 0.247577 0.584029 0.019118
3 3 0.098853 0.104162 0.332746 0.415874 0.048366
3 3 0.076677 0.043233 0.154740 0.713869 0.011481
3 3 0.070467 0.032052 0.115607 0.774392 0.007482
3 3 0.064900 0.026373 0.099505 0.803567 0.005655
3 3 0.060156 0.020684 0.077378 0.837746 0.004037
3 3 0.062497 0.023038 0.085851 0.823924 0.004690
3 3 0.054583 0.018525 0.078345 0.845140 0.003407
3 3 0.056425 0.022446 0.101091 0.815626 0.004412
3 3 0.054704 0.024808 0.126197 0.789290 0.005002
3 3 0.079016 0.048274 0.222203 0.638984 0.011523
3 3 0.089042 0.079711 0.396950 0.412556 0.021740
2 3 0.111054 0.136885 0.564291 0.145800 0.041970
2 2 0.069269 0.101239 0.688933 0.113018 0.027540
2 2 0.070274 0.093497 0.725458 0.089569 0.021202
2 2 0.063957 0.083561 0.748999 0.086056 0.017426
2 2 0.069013 0.093111 0.723469 0.092899 0.021509
2 2 0.058267 0.086845 0.712168 0.120235 0.022485
2 2 0.058707 0.090822 0.693572 0.131425 0.025474
2 2 0.063791 0.095498 0.693891 0.120685 0.026135
2 2 0.067790 0.099789 0.689953 0.115234 0.027234
2 2 0.070509 0.104722 0.677842 0.117205 0.029722
2 2 0.072801 0.109429 0.665313 0.120068 0.032389
2 2 0.062944 0.096284 0.686220 0.127198 0.027353
2 2 0.057412 0.092074 0.679729 0.143281 0.027504
2 2 0.048709 0.080881 0.687841 0.158606 0.023963
2 2 0.058077 0.079458 0.600493 0.239178 0.022793
2 2 0.054042 0.068267 0.503339 0.354046 0.020306
2 2 0.074781 0.083047 0.464027 0.353289 0.024856
2 2 0.092314 0.102181 0.467559 0.305864 0.032082
2 2 0.103795 0.114922 0.462976 0.280757 0.037550
2 2 0.102497 0.111336 0.468174 0.278989 0.039004
2 2 0.079711 0.091740 0.434123 0.363722 0.030703
2 2 0.073543 0.085703 0.415132 0.396232 0.029390
3 3 0.054882 0.061521 0.387095 0.477238 0.019263
3 3 0.056787 0.061516 0.371758 0.490737 0.019202
3 3 0.061136 0.049237 0.268499 0.607635 0.013493
3 3 0.060670 0.043998 0.237402 0.646540 0.011390
3 3 0.063721 0.049983 0.256556 0.615905 0.013835
3 3 0.057512 0.057759 0.345646 0.521764 0.017320
3 3 0.057113 0.062436 0.373976 0.486808 0.019667
3 3 0.056055 0.062580 0.399133 0.463011 0.019221
3 3 0.074720 0.072279 0.405608 0.427185 0.020209
2 3 0.071673 0.072408 0.464466 0.372382 0.019072
2 3 0.076612 0.081569 0.477779 0.341191 0.022848
2 3 0.071036 0.082155 0.490725 0.331743 0.024342
2 3 0.072942 0.079812 0.440017 0.382982 0.024247
3 3 0.070575 0.069850 0.368602 0.469891 0.021082
3 3 0.073725 0.068152 0.326450 0.510856 0.020816
3 3 0.064259 0.053523 0.274049 0.592808 0.015361
3 3 0.062085 0.051625 0.276933 0.594843 0.014514
3 3 0.065547 0.057902 0.290126 0.569068 0.017356
3 3 0.062222 0.056251 0.310594 0.554617 0.016316
3 3 0.089244 0.083514 0.382261 0.420278 0.024703
2 2 0.126665 0.110340 0.438335 0.291118 0.033542
2 2 0.128558 0.133512 0.520507 0.177858 0.039564
2 2 0.140115 0.148702 0.558232 0.113221 0.039730
2 2 0.141162 0.173091 0.572612 0.063405 0.049731
2 2 0.140945 0.162510 0.600512 0.055005 0.041028
2 2 0.130496 0.150919 0.625245 0.056827 0.036514
2 2 0.129741 0.148740 0.630564 0.055729 0.035227
2 2 0.129046 0.151168 0.623689 0.058813 0.037284
2 2 0.120157 0.152056 0.613538 0.072192 0.042057
2 2 0.096191 0.130894 0.645471 0.090608 0.036835
2 2 0.075178 0.106049 0.687944 0.102803 0.028027
2 1 0.086882 0.115734 0.672592 0.092225 0.032568
2 1 0.113101 0.138701 0.618357 0.080728 0.049113
2 1 0.168290 0.178851 0.499379 0.059652 0.093828
2 1 0.291278 0.178584 0.317568 0.027784 0.184786
0 1 0.387225 0.172348 0.246851 0.015263 0.178313
0 1 0.385575 0.186535 0.262191 0.019002 0.146697
0 4 0.399555 0.192929 0.266555 0.017051 0.123910
0 4 0.426781 0.155944 0.253309 0.006919 0.157047
0 4 0.516000 0.150174 0.225649 0.008614 0.099563
0 4 0.600377 0.138849 0.192407 0.005702 0.062665
0 4 0.671492 0.105262 0.162885 0.002630 0.057731
0 4 0.562487 0.201283 0.155130 0.002374 0.078726
0 4 0.465780 0.245245 0.180375 0.005593 0.103007
0 4 0.477287 0.214922 0.175595 0.003295 0.128902
0 4 0.394258 0.201110 0.179482 0.002997 0.222154
0 4 0.507125 0.153838 0.225980 0.003837 0.109220
0 4 0.662794 0.095654 0.164740 0.001373 0.075439
0 4 0.657472 0.118968 0.165740 0.001331 0.056488
0 4 0.479470 0.210726 0.214744 0.002764 0.092297
0 4 0.410293 0.234633 0.222588 0.004672 0.127814
4 4 0.268936 0.244134 0.188789 0.008795 0.289346
4 4 0.228221 0.276895 0.178345 0.011467 0.305072
4 4 0.230717 0.231331 0.138487 0.005638 0.393828
4 4 0.247701 0.198081 0.130036 0.003902 0.420280
4 4 0.295859 0.141944 0.112976 0.001633 0.447588
4 4 0.340135 0.095425 0.095160 0.000946 0.468335
0 4 0.442853 0.067562 0.079981 0.000580 0.409023
0 4 0.506394 0.057447 0.064127 0.000363 0.371669
0 4 0.509261 0.063199 0.075041 0.000582 0.351917
0 4 0.571781 0.053352 0.094186 0.001106 0.279575
0 4 0.570697 0.063664 0.168623 0.004816 0.192199
0 4 0.710394 0.045217 0.127059 0.001808 0.115522
0 4 0.661795 0.095961 0.144615 0.001880 0.095749
0 4 0.458351 0.223636 0.179951 0.002859 0.135202
0 4 0.352640 0.268573 0.185168 0.004519 0.189100
4 4 0.234070 0.160503 0.119423 0.003324 0.482679
4 4 0.294553 0.115840 0.115682 0.001663 0.472262
4 4 0.350700 0.100978 0.109548 0.001129 0.437645
0 4 0.445182 0.084880 0.119761 0.001088 0.349089
0 4 0.475947 0.088651 0.107455 0.000803 0.327145
0 4 0.525806 0.105114 0.110897 0.000954 0.257230
0 4 0.522027 0.106252 0.077652 0.000567 0.293502
0 4 0.505914 0.125830 0.081996 0.000870 0.285390
4 4 0.322018 0.175604 0.109913 0.001698 0.390767
4 4 0.232540 0.217898 0.110750 0.003081 0.435731
4 4 0.125498 0.238731 0.107131 0.011399 0.517241
4 4 0.138288 0.289432 0.156704 0.025584 0.389992
1 4 0.160360 0.292258 0.230286 0.047709 0.269386
2 4 0.171957 0.268334 0.339425 0.058230 0.162054
2 4 0.179358 0.229950 0.426876 0.053936 0.109881
2 4 0.198869 0.249324 0.354581 0.040108 0.157118
4 4 0.221335 0.240734 0.195271 0.014830 0.327831
4 4 0.201138 0.188183 0.127444 0.005805 0.477429
4 4 0.167589 0.184238 0.105345 0.005307 0.537522
4 4 0.210247 0.155843 0.115605 0.003846 0.514459
4 4 0.266950 0.177484 0.193233 0.008637 0.353697
4 4 0.228522 0.199067 0.189936 0.012181 0.370294
0 4 0.435129 0.132958 0.160783 0.001612 0.269518
0 4 0.429395 0.198477 0.184499 0.002586 0.185043
1 4 0.291856 0.307759 0.255725 0.015585 0.129075
2 4 0.243352 0.272914 0.349596 0.031356 0.102782
2 4 0.113086 0.120997 0.669245 0.061005 0.035667
2 4 0.101082 0.109288 0.698129 0.062208 0.029292
2 4 0.103712 0.118003 0.682228 0.065308 0.030749
2 4 0.105179 0.116593 0.684352 0.062987 0.030889
2 4 0.111085 0.134255 0.637437 0.075288 0.041935
2 2 0.133717 0.160311 0.572273 0.072810 0.060890
2 2 0.178840 0.245337 0.333064 0.053655 0.189104
1 2 0.197329 0.264774 0.245458 0.034359 0.258079
4 2 0.199214 0.233032 0.181794 0.015566 0.370394
4 2 0.187186 0.242514 0.172834 0.015943 0.381523
4 2 0.182255 0.262882 0.178552 0.018778 0.357533
2 2 0.165488 0.245801 0.380702 0.059615 0.148393
2 2 0.147601 0.196214 0.486798 0.070587 0.098800
2 2 0.111112 0.119747 0.653200 0.070564 0.045377
2 2 0.108599 0.122515 0.649392 0.074761 0.044733
2 2 0.116646 0.124464 0.652786 0.064063 0.042041
2 2 0.118431 0.125466 0.651721 0.062515 0.041867
2 2 0.109188 0.112493 0.680436 0.061565 0.036319
2 2 0.101791 0.105793 0.704609 0.058973 0.028833
2 2 0.103471 0.115683 0.689111 0.062598 0.029137
2 2 0.102708 0.115886 0.696216 0.059503 0.025688
2 2 0.102490 0.112003 0.695958 0.061079 0.028469
2 2 0.103747 0.106308 0.702823 0.057703 0.029419
2 2 0.094282 0.095719 0.726703 0.057925 0.025372
2 2 0.095332 0.097580 0.727238 0.055950 0.023900
2 2 0.098989 0.100591 0.723833 0.053087 0.023500
2 2 0.100488 0.106961 0.714169 0.054833 0.023549
2 2 0.100488 0.107263 0.706185 0.059120 0.026945
2 2 0.102085 0.110137 0.695103 0.062477 0.030198
2 2 0.104253 0.112345 0.680481 0.066940 0.035980
2 2 0.108059 0.114180 0.681618 0.061856 0.034287
2 2 0.129462 0.140323 0.629206 0.058473 0.042536
2 2 0.109458 0.124603 0.667713 0.064709 0.033517
2 2 0.108650 0.125741 0.665710 0.066292 0.033607
2 2 0.099077 0.106283 0.703266 0.062490 0.028884
2 2 0.103143 0.105947 0.710479 0.054442 0.025990
2 2 0.107362 0.114440 0.694477 0.056069 0.027652
2 2 0.097755 0.114988 0.695852 0.065411 0.025995
2 2 0.108552 0.116868 0.686378 0.058327 0.029876
2 2 0.101133 0.100587 0.718913 0.053557 0.025810
2 2 0.102491 0.095374 0.722555 0.051636 0.027943
2 2 0.099730 0.093787 0.729507 0.051240 0.025735
2 2 0.092572 0.107695 0.705474 0.068244 0.026015
2 2 0.094391 0.115042 0.695483 0.069458 0.025625
2 2 0.104786 0.119325 0.687409 0.060993 0.027486
2 2 0.100856 0.109224 0.703190 0.059764 0.026965
2 2 0.101213 0.111477 0.694870 0.063192 0.029247
2 2 0.072833 0.094274 0.728961 0.083313 0.020619
2 2 0.066151 0.084857 0.749678 0.081952 0.017361
2 2 0.058255 0.072273 0.778279 0.077529 0.013663
2 2 0.056195 0.068301 0.785456 0.076827 0.013221
2 2 0.062595 0.074367 0.771430 0.075754 0.015854
2 2 0.064950 0.073178 0.777510 0.068814 0.015548
2 2 0.061719 0.076011 0.767877 0.078796 0.015598
2 2 0.060021 0.075013 0.769768 0.080185 0.015012
2 2 0.065033 0.082627 0.751519 0.083153 0.017669
2 2 0.073867 0.098286 0.715773 0.089199 0.022875
2 2 0.074811 0.098673 0.716645 0.087154 0.022717
2 2 0.067522 0.096512 0.703852 0.107356 0.024757
2 2 0.064808 0.094803 0.701446 0.113991 0.024953
2 2 0.049066 0.076962 0.716455 0.137228 0.020289
2 2 0.043793 0.073139 0.702411 0.159916 0.020741
2 2 0.046681 0.077341 0.697140 0.156575 0.022263
2 2 0.044774 0.073494 0.690914 0.169851 0.020968
2 2 0.044944 0.071969 0.719517 0.144616 0.018955
2 2 0.045694 0.072574 0.721041 0.141740 0.018950
2 2 0.043663 0.073853 0.696275 0.164738 0.021471
2 2 0.037266 0.059902 0.589166 0.295045 0.018621
2 2 0.032285 0.047700 0.542475 0.363855 0.013685
2 2 0.030319 0.044619 0.548431 0.364271 0.012360
2 2 0.031478 0.046839 0.547673 0.360673 0.013337
2 2 0.038890 0.057397 0.519136 0.366455 0.018121
2 2 0.040354 0.054241 0.485072 0.404042 0.016290
2 2 0.042681 0.054663 0.462325 0.423993 0.016338
3 2 0.044736 0.053806 0.435667 0.450003 0.015788
3 2 0.042791 0.051217 0.439332 0.452033 0.014626
3 2 0.041717 0.045063 0.406532 0.494823 0.011865
3 2 0.093140 0.082431 0.359784 0.440568 0.024077
0 2 0.404032 0.138213 0.279839 0.121038 0.056878
0 2 0.666074 0.092859 0.155987 0.033608 0.051472
0 2 0.722973 0.090391 0.137309 0.013736 0.035591
0 2 0.572002 0.148004 0.197262 0.027173 0.055559
0 2 0.397315 0.222205 0.262485 0.041056 0.076939
2 2 0.071830 0.095619 0.721070 0.089528 0.021954
2 2 0.041216 0.053175 0.813297 0.083549 0.008763
2 2 0.041125 0.051142 0.824145 0.075742 0.007846
2 2 0.043676 0.055451 0.811592 0.080179 0.009102
2 2 0.061220 0.075917 0.773574 0.075300 0.013990
2 2 0.066963 0.082997 0.759131 0.074936 0.015974
2 2 0.067897 0.081754 0.765940 0.069433 0.014977
2 2 0.059412 0.072641 0.782502 0.072609 0.012836
2 2 0.044334 0.058743 0.796612 0.089766 0.010545
2 2 0.037976 0.054205 0.788778 0.108575 0.010466
2 2 0.030605 0.047236 0.780884 0.131642 0.009634
2 2 0.026750 0.044445 0.761614 0.157311 0.009879
2 2 0.026935 0.040270 0.664841 0.258736 0.009218
2 2 0.025738 0.038315 0.620562 0.306218 0.009167
2 2 0.022732 0.032617 0.570050 0.366924 0.007677
2 2 0.020180 0.031578 0.680361 0.261103 0.006778
2 2 0.018148 0.032602 0.744777 0.197217 0.007255
2 2 0.022419 0.037894 0.768903 0.162737 0.008048
2 2 0.034426 0.055351 0.751089 0.146194 0.012940
2 2 0.047658 0.071509 0.740602 0.123245 0.016986
2 2 0.108689 0.107286 0.690313 0.058454 0.035259
2 2 0.291294 0.138244 0.487036 0.022853 0.060572
0 2 0.606681 0.124170 0.190246 0.005991 0.072912
0 2 0.411065 0.201275 0.299726 0.014130 0.073804
2 2 0.212114 0.223233 0.466051 0.035787 0.062815
2 2 0.065750 0.083924 0.752436 0.080938 0.016952
2 2 0.047451 0.063611 0.784284 0.092591 0.012063
2 2 0.042713 0.056283 0.802764 0.088417 0.009823
2 2 0.036078 0.049668 0.806814 0.098713 0.008727
2 2 0.046905 0.061136 0.795009 0.086033 0.010917
2 2 0.052622 0.073749 0.753933 0.103653 0.016043
2 2 0.060354 0.085564 0.723335 0.109181 0.021566
2 2 0.061863 0.067919 0.785994 0.069006 0.015219
2 2 0.053954 0.071065 0.772765 0.088368 0.013848
2 2 0.050590 0.067572 0.777022 0.091698 0.013118
2 2 0.047225 0.065241 0.774371 0.100071 0.013093
2 2 0.068971 0.092458 0.726075 0.091416 0.021080
2 2 0.152947 0.154356 0.597127 0.047944 0.047626
0 2 0.364580 0.174049 0.342050 0.021232 0.098090
0 2 0.520482 0.169761 0.223779 0.008807 0.077171
0 2 0.360072 0.256618 0.277701 0.012649 0.092960
2 2 0.289536 0.262913 0.356224 0.019177 0.072150
2 2 0.142633 0.141926 0.649557 0.038517 0.027367
2 2 0.084487 0.091673 0.756462 0.052036 0.015342
2 2 0.061737 0.074274 0.781514 0.069514 0.012961
2 2 0.046999 0.067293 0.761619 0.109630 0.014459
2 2 0.043700 0.071281 0.714541 0.151246 0.019232
2 2 0.035696 0.063168 0.698048 0.184758 0.018330
2 2 0.035154 0.058560 0.686940 0.203299 0.016047
2 2 0.035854 0.057688 0.746168 0.146524 0.013766
2 2 0.035764 0.053915 0.774419 0.124625 0.011277
2 2 0.040198 0.059733 0.766832 0.120411 0.012826
2 2 0.045810 0.068326 0.748626 0.121508 0.015731
2 2 0.040845 0.063973 0.742565 0.137237 0.015380
2 2 0.032030 0.054574 0.731488 0.168028 0.013881
2 2 0.028157 0.048997 0.734390 0.176202 0.012254
2 2 0.028093 0.047281 0.679951 0.232283 0.012392
2 2 0.028176 0.051505 0.703797 0.202148 0.014375
2 2 0.053773 0.083695 0.649081 0.188220 0.025232
2 2 0.162958 0.136464 0.564110 0.084742 0.051726
0 2 0.531176 0.138628 0.227302 0.019320 0.083573
0 2 0.480833 0.191227 0.234261 0.022623 0.071056
0 1 0.457787 0.195883 0.245166 0.017776 0.083388
0 1 0.368754 0.212337 0.282494 0.010974 0.125441
0 1 0.359695 0.205423 0.270840 0.010094 0.153949
0 4 0.357211 0.200964 0.277903 0.010848 0.153073
0 4 0.370685 0.197382 0.276031 0.009698 0.146204
0 4 0.389040 0.173445 0.267041 0.007749 0.162725
0 4 0.348024 0.238737 0.262942 0.010491 0.139806
0 4 0.284354 0.267128 0.212450 0.010546 0.225521
4 4 0.241499 0.258912 0.180313 0.010189 0.309087
4 4 0.099475 0.139906 0.075502 0.006410 0.678707
4 4 0.110388 0.097911 0.067178 0.003312 0.721211
4 4 0.220191 0.111972 0.115135 0.003052 0.549650
0 4 0.376680 0.122167 0.183348 0.003330 0.314475
0 4 0.551117 0.105706 0.200409 0.004239 0.138529
0 4 0.527355 0.145700 0.209300 0.005886 0.111758
0 4 0.398859 0.200126 0.218303 0.007114 0.175598
0 4 0.361429 0.177805 0.169633 0.003856 0.287278
4 4 0.237135 0.098782 0.076578 0.000868 0.586636
4 4 0.223057 0.053936 0.052812 0.000303 0.669892
4 4 0.240601 0.053923 0.065936 0.000454 0.639085
4 4 0.373961 0.050607 0.077148 0.000520 0.497764
0 4 0.554032 0.051827 0.092829 0.000735 0.300577
0 4 0.720096 0.041531 0.073532 0.000474 0.164367
0 4 0.752066 0.039451 0.071371 0.000329 0.136784
0 4 0.857746 0.026768 0.072952 0.000447 0.042087
0 4 0.867303 0.027273 0.069745 0.000347 0.035332
0 4 0.879512 0.042025 0.061759 0.000239 0.016465
0 4 0.568539 0.202297 0.170644 0.001922 0.056598
0 4 0.430297 0.277519 0.182909 0.003719 0.105556
4 4 0.274349 0.235582 0.166714 0.006106 0.317249
4 4 0.298316 0.201997 0.137752 0.002981 0.358953
0 4 0.391719 0.205027 0.234398 0.005821 0.163034
0 4 0.497856 0.149202 0.230425 0.003135 0.119382
0 4 0.552341 0.118549 0.207039 0.002496 0.119575
0 1 0.453788 0.205642 0.246324 0.015247 0.078999
0 1 0.352031 0.222342 0.287939 0.055891 0.081796
0 1 0.408162 0.211990 0.261215 0.035097 0.083536
0 1 0.368816 0.208731 0.270577 0.040945 0.110932
2 1 0.248566 0.202168 0.391970 0.093966 0.063330
2 1 0.131594 0.136792 0.477048 0.212343 0.042224
2 1 0.051627 0.083609 0.674132 0.165632 0.025001
2 1 0.054567 0.080055 0.729877 0.116075 0.019426
2 1 0.068541 0.093678 0.719651 0.096002 0.022128
2 2 0.090893 0.115575 0.688425 0.077663 0.027444
2 2 0.091774 0.114349 0.691214 0.075339 0.027324
2 2 0.080453 0.100198 0.723115 0.074850 0.021384
2 2 0.059438 0.074730 0.773762 0.078128 0.013941
2 2 0.048430 0.062393 0.794658 0.083461 0.011059
2 2 0.142380 0.131082 0.637829 0.045625 0.043085
2 2 0.324572 0.184274 0.375521 0.025823 0.089811
0 2 0.621109 0.121687 0.184331 0.005792 0.067081
0 2 0.580192 0.157014 0.194326 0.008075 0.060395
0 1 0.452294 0.208531 0.245136 0.019546 0.074493
2 1 0.262681 0.244467 0.358079 0.027398 0.107375
2 1 0.163941 0.198123 0.519503 0.057073 0.061359
2 1 0.141939 0.175657 0.566164 0.064585 0.051654
2 1 0.105832 0.147950 0.604112 0.094814 0.047292
2 1 0.102780 0.133000 0.633333 0.087707 0.043181
2 1 0.108169 0.124216 0.653035 0.073318 0.041263
2 1 0.115788 0.125270 0.648094 0.066862 0.043986
2 1 0.116758 0.123717 0.656549 0.062438 0.040538
2 1 0.103364 0.112460 0.695322 0.060351 0.028504
2 1 0.180296 0.162194 0.566729 0.037360 0.053420
0 1 0.396088 0.221536 0.270167 0.007761 0.104448
0 1 0.742952 0.060516 0.127833 0.001272 0.067428
0 0 0.826514 0.044606 0.092279 0.003716 0.032885
0 0 0.929514 0.015689 0.039658 0.004335 0.010803
0 0 0.925437 0.017830 0.041804 0.004662 0.010267
0 0 0.944358 0.012511 0.032661 0.001571 0.008899
0 0 0.942827 0.015260 0.033470 0.001691 0.006752
0 0 0.953913 0.010621 0.027254 0.001951 0.006260
0 0 0.963393 0.007228 0.021692 0.002053 0.005634
0 0 0.976884 0.004197 0.014332 0.000744 0.003842
0 0 0.986619 0.002223 0.008637 0.000253 0.002267
0 0 0.983555 0.002910 0.010508 0.000324 0.002703
0 0 0.963755 0.008174 0.022117 0.000720 0.005233
0 0 0.861991 0.045309 0.074842 0.001806 0.016051
0 0 0.805127 0.072990 0.100444 0.002130 0.019310
0 0 0.423900 0.232273 0.256386 0.006856 0.080585
0 0 0.432109 0.241575 0.248405 0.006146 0.071765
0 0 0.385771 0.284850 0.251164 0.007169 0.071046
0 0 0.466378 0.201155 0.242944 0.003919 0.085604
0 0 0.568917 0.141082 0.193430 0.001401 0.095170
0 0 0.660955 0.121367 0.141822 0.001119 0.074737
0 0 0.643859 0.153331 0.124464 0.001162 0.077184
0 0 0.616789 0.158509 0.112102 0.000900 0.111699
0 0 0.537336 0.162739 0.124601 0.000808 0.174517
0 0 0.404082 0.227473 0.134003 0.001410 0.233033
0 1 0.428797 0.199940 0.172884 0.002218 0.196161
0 1 0.557321 0.137057 0.209655 0.009447 0.086520
0 1 0.457983 0.206515 0.211136 0.003028 0.121338
0 1 0.560209 0.186107 0.182039 0.002527 0.069117
0 1 0.431135 0.243099 0.163947 0.002095 0.159724
0 1 0.364276 0.245168 0.160165 0.002874 0.227518
0 1 0.370423 0.215982 0.167185 0.002978 0.243432
0 1 0.460458 0.173607 0.174837 0.002414 0.188684
0 1 0.588663 0.129329 0.183912 0.003198 0.094898
0 1 0.623908 0.121577 0.183129 0.004081 0.067305
0 1 0.746456 0.071814 0.129867 0.003935 0.047929
0 0 0.807397 0.047733 0.100920 0.002346 0.041604
0 0 0.857058 0.030772 0.076119 0.001582 0.034468
0 0 0.903295 0.020644 0.053716 0.000998 0.021347
0 0 0.889904 0.024128 0.060566 0.001334 0.024068
0 1 0.882620 0.025952 0.063798 0.000580 0.027050
0 1 0.755204 0.066007 0.125274 0.002003 0.051512
0 1 0.661325 0.099825 0.166483 0.002082 0.070284
0 1 0.522761 0.168149 0.223173 0.005558 0.080359
0 1 0.426388 0.226668 0.256296 0.006412 0.084237
0 1 0.330891 0.282276 0.284265 0.014209 0.088359
0 1 0.345941 0.268063 0.281395 0.012403 0.092198
0 1 0.346431 0.272946 0.280295 0.012238 0.088090
0 1 0.341419 0.278928 0.280989 0.012768 0.085897
0 1 0.314365 0.288807 0.288889 0.016785 0.091154
0 1 0.301989 0.289519 0.292915 0.019166 0.096410
2 1 0.237423 0.266517 0.362997 0.035550 0.097514
2 1 0.233142 0.253308 0.395077 0.034607 0.083866
2 1 0.223370 0.242047 0.422177 0.036123 0.076283
2 1 0.242557 0.255095 0.389649 0.031225 0.081474
2 1 0.241768 0.248267 0.405201 0.030067 0.074698
2 2 0.295867 0.257191 0.351604 0.018357 0.076980
0 2 0.413554 0.213047 0.262723 0.006572 0.104104
0 2 0.404763 0.240529 0.262997 0.007006 0.084705
0 2 0.342780 0.286014 0.278836 0.012388 0.079982
0 2 0.324373 0.288000 0.285467 0.015080 0.087080
2 2 0.240604 0.251889 0.397312 0.031287 0.078907
2 2 0.170487 0.186263 0.550675 0.044721 0.047854
2 2 0.159632 0.177497 0.569649 0.048051 0.045171
2 2 0.161887 0.183325 0.556047 0.049790 0.048950
2 2 0.167728 0.193961 0.531526 0.051235 0.055550
2 2 0.155349 0.175494 0.573398 0.050453 0.045306
2 2 0.149709 0.161952 0.604829 0.046197 0.037313
2 2 0.147342 0.155494 0.619710 0.043728 0.033726
2 2 0.152435 0.154512 0.622346 0.039127 0.031580
2 2 0.190943 0.188175 0.545357 0.033190 0.042335
2 2 0.287295 0.200416 0.432537 0.016009 0.063744
0 2 0.376098 0.259172 0.271302 0.009159 0.084268
2 2 0.292724 0.265300 0.349745 0.018800 0.073432
2 2 0.202031 0.205991 0.505337 0.034673 0.051968
2 2 0.142244 0.149986 0.631876 0.044128 0.031765
2 2 0.147137 0.147655 0.637689 0.038587 0.028933
2 2 0.171144 0.171505 0.583979 0.036412 0.036961
2 2 0.184852 0.187963 0.546784 0.036334 0.044067
2 2 0.219963 0.221545 0.468375 0.031711 0.058407
2 2 0.223176 0.229243 0.451037 0.032614 0.063931
2 2 0.241476 0.242272 0.418407 0.028840 0.069005
2 2 0.292752 0.236954 0.373889 0.018307 0.078097
0 2 0.408424 0.234137 0.263448 0.006793 0.087198
0 2 0.561194 0.147428 0.207281 0.001909 0.082189
0 2 0.529045 0.207718 0.212127 0.003086 0.048025
0 2 0.378405 0.287919 0.251252 0.007577 0.074848
0 2 0.319885 0.296288 0.270897 0.014007 0.098922
2 2 0.253208 0.279730 0.332749 0.027684 0.106628
2 2 0.227204 0.247627 0.408891 0.035840 0.080438
2 2 0.254052 0.260858 0.363984 0.029271 0.091835
2 2 0.232434 0.232831 0.419190 0.033151 0.082395
0 2 0.346972 0.218105 0.309478 0.012099 0.113346
0 2 0.502626 0.158592 0.230280 0.003762 0.104740
0 2 0.676363 0.102684 0.160902 0.002990 0.057060
0 2 0.645824 0.119472 0.173552 0.002646 0.058505
0 1 0.714685 0.088587 0.144219 0.002701 0.049808
0 1 0.627583 0.132943 0.180720 0.004887 0.053868
0 1 0.539606 0.155698 0.214981 0.016416 0.073299
0 1 0.395786 0.246811 0.262574 0.019491 0.075339
0 1 0.323150 0.288109 0.285893 0.015279 0.087570
2 1 0.271477 0.286405 0.310052 0.026330 0.105735
2 1 0.282979 0.279626 0.303258 0.023628 0.110510
0 1 0.313635 0.281886 0.290427 0.017109 0.096943
0 1 0.360131 0.258121 0.248510 0.008524 0.124715
0 1 0.369685 0.239638 0.219757 0.005949 0.164972
0 2 0.369240 0.221363 0.192350 0.004263 0.212784
0 2 0.299633 0.295241 0.198264 0.008028 0.198833
1 2 0.262789 0.329768 0.182621 0.009116 0.215706
4 2 0.263674 0.284770 0.145041 0.004958 0.301556
0 2 0.343476 0.223374 0.162267 0.003339 0.267544
0 2 0.386742 0.153772 0.133145 0.001376 0.324965
0 2 0.448160 0.145173 0.112834 0.001107 0.292727
0 2 0.392808 0.199581 0.123957 0.001591 0.282064
0 4 0.404431 0.161302 0.093576 0.000803 0.339888
0 4 0.405604 0.156994 0.155079 0.001815 0.280508
0 4 0.454800 0.127888 0.166674 0.001639 0.248999
0 4 0.555821 0.129156 0.163358 0.002316 0.149349
0 4 0.343597 0.217014 0.186059 0.004648 0.248683
0 4 0.317717 0.214098 0.153441 0.003443 0.311301
4 4 0.198006 0.124873 0.086330 0.001920 0.588871
4 4 0.198955 0.098146 0.058649 0.000642 0.643607
