0 0 0.385022 0.090983 0.096057 0.298928 0.129010
0 0 0.567131 0.130917 0.102053 0.086976 0.112923
0 0 0.692690 0.098215 0.069433 0.065603 0.074059
0 0 0.692841 0.114162 0.079226 0.044647 0.069125
0 0 0.595136 0.115788 0.088372 0.094121 0.106584
0 0 0.542181 0.144136 0.102645 0.068952 0.142086
0 0 0.563980 0.148813 0.104956 0.056403 0.125848
0 0 0.503764 0.185664 0.144021 0.047642 0.118910
0 0 0.342809 0.196885 0.191255 0.095968 0.173083
2 0 0.269712 0.214044 0.272778 0.070872 0.172594
2 0 0.186690 0.220862 0.331257 0.051206 0.209985
2 0 0.140759 0.203094 0.436982 0.045098 0.174068
2 0 0.068735 0.124513 0.585645 0.142636 0.078471
3 0 0.084754 0.105057 0.266405 0.394191 0.149594
3 1 0.037417 0.037878 0.111323 0.739505 0.073877
3 1 0.029202 0.026034 0.082445 0.808016 0.054303
3 1 0.021928 0.023750 0.092749 0.820626 0.040947
3 1 0.016683 0.021361 0.103217 0.829387 0.029352
3 1 0.011246 0.015132 0.090881 0.864740 0.018001
3 1 0.008472 0.011296 0.076201 0.890813 0.013219
3 1 0.007119 0.009190 0.065176 0.907373 0.011142
3 2 0.005738 0.007577 0.058825 0.918813 0.009046
3 2 0.006082 0.008819 0.070022 0.905453 0.009625
3 2 0.005906 0.010868 0.097353 0.876391 0.009481
3 2 0.005090 0.010554 0.105522 0.870571 0.008262
3 2 0.005243 0.012187 0.126661 0.847352 0.008557
3 2 0.005334 0.011427 0.113858 0.860720 0.008661
3 2 0.006323 0.011241 0.096595 0.875729 0.010112
3 2 0.005251 0.008727 0.077992 0.899620 0.008409
3 2 0.004399 0.006501 0.058697 0.923371 0.007032
3 2 0.004207 0.006429 0.059954 0.922665 0.006745
3 2 0.003610 0.005541 0.054766 0.930269 0.005814
3 2 0.004740 0.006242 0.051907 0.929600 0.007510
3 2 0.004259 0.005232 0.043744 0.940023 0.006741
3 2 0.002766 0.003207 0.030438 0.959177 0.004413
3 2 0.003093 0.003203 0.027622 0.961194 0.004888
3 2 0.002681 0.002936 0.027392 0.962722 0.004268
3 2 0.003564 0.003574 0.028844 0.958417 0.005601
3 3 0.003446 0.003965 0.034645 0.952480 0.005464
3 3 0.004155 0.004216 0.032398 0.952724 0.006507
3 3 0.004644 0.004993 0.037915 0.945173 0.007276
3 3 0.004615 0.004769 0.035608 0.947793 0.007214
3 3 0.004852 0.004524 0.031541 0.951553 0.007529
3 3 0.005541 0.004854 0.031294 0.949775 0.008535
3 3 0.005268 0.004808 0.032203 0.949575 0.008146
3 3 0.005008 0.004714 0.032653 0.949858 0.007767
3 3 0.005047 0.004504 0.030299 0.952349 0.007802
3 3 0.005467 0.004506 0.028329 0.953305 0.008393
3 3 0.005640 0.004568 0.028155 0.952995 0.008642
3 3 0.005532 0.004329 0.026413 0.955262 0.008464
3 3 0.005567 0.004998 0.032560 0.948288 0.008586
3 3 0.005267 0.004877 0.032906 0.948798 0.008151
3 3 0.003780 0.003652 0.028334 0.958317 0.005917
3 3 0.003585 0.003275 0.025186 0.962352 0.005601
3 3 0.003574 0.003054 0.022743 0.965067 0.005562
3 3 0.003324 0.002884 0.022204 0.966400 0.005188
3 3 0.003969 0.003779 0.028613 0.957440 0.006199
3 3 0.003192 0.003194 0.026785 0.961799 0.005030
3 3 0.002648 0.002915 0.027385 0.962835 0.004217
3 3 0.002436 0.002550 0.024059 0.967078 0.003877
3 3 0.002073 0.002157 0.021493 0.970964 0.003312
3 3 0.002189 0.002120 0.019995 0.972218 0.003478
3 3 0.002576 0.002349 0.020292 0.970724 0.004059
3 3 0.003764 0.002979 0.020966 0.966468 0.005823
3 3 0.004335 0.003615 0.024841 0.960507 0.006701
3 3 0.004425 0.003619 0.024448 0.960678 0.006829
3 3 0.003781 0.003285 0.024187 0.962866 0.005881
3 3 0.003986 0.003413 0.024478 0.961939 0.006185
3 3 0.003617 0.003061 0.022595 0.965103 0.005624
3 3 0.003853 0.003314 0.024114 0.962733 0.005986
3 3 0.002521 0.002258 0.019481 0.971768 0.003971
3 3 0.001970 0.001802 0.017134 0.975967 0.003127
3 3 0.001726 0.001713 0.017783 0.976014 0.002763
3 3 0.002977 0.002828 0.023691 0.965819 0.004685
3 3 0.003257 0.002939 0.023249 0.965457 0.005097
3 3 0.003643 0.003095 0.022829 0.964769 0.005664
3 3 0.003336 0.002838 0.021616 0.967012 0.005199
3 3 0.003084 0.002719 0.021674 0.967696 0.004828
3 3 0.002668 0.002526 0.021970 0.968626 0.004210
3 3 0.002503 0.002417 0.021708 0.969412 0.003961
3 3 0.001940 0.001875 0.018435 0.974657 0.003092
3 3 0.002238 0.002134 0.019807 0.972271 0.003550
3 3 0.003323 0.002841 0.021727 0.966928 0.005181
3 3 0.004677 0.003665 0.023759 0.960711 0.007188
3 3 0.004507 0.003475 0.022651 0.962439 0.006928
3 3 0.004324 0.003580 0.024535 0.960879 0.006682
3 3 0.003692 0.003149 0.023164 0.964256 0.005740
3 3 0.004017 0.003416 0.024346 0.961992 0.006230
3 3 0.003677 0.003298 0.024913 0.962377 0.005734
3 3 0.003797 0.003480 0.026273 0.960527 0.005923
3 3 0.004603 0.004213 0.029665 0.954373 0.007145
3 3 0.005929 0.005640 0.036943 0.942326 0.009161
3 3 0.007348 0.006298 0.036272 0.938863 0.011218
3 3 0.008282 0.007123 0.039340 0.932653 0.012604
3 3 0.007133 0.006366 0.037803 0.937775 0.010923
3 3 0.004936 0.004939 0.035430 0.947007 0.007687
3 3 0.003845 0.004053 0.032626 0.953429 0.006047
3 3 0.003261 0.003321 0.027877 0.960400 0.005141
3 3 0.003460 0.003594 0.029831 0.957662 0.005453
3 3 0.003457 0.003928 0.034082 0.953055 0.005477
3 3 0.003436 0.003710 0.031459 0.955968 0.005427
3 3 0.004154 0.004134 0.031466 0.953749 0.006497
3 3 0.004683 0.004077 0.027830 0.956168 0.007243
3 3 0.004554 0.004133 0.029085 0.955161 0.007067
3 3 0.003209 0.002912 0.023220 0.965633 0.005026
3 3 0.002633 0.002461 0.021362 0.969391 0.004153
3 3 0.002574 0.002381 0.020727 0.970258 0.004060
3 3 0.002509 0.002506 0.022875 0.968132 0.003978
3 3 0.003215 0.003482 0.030283 0.957931 0.005089
3 3 0.003672 0.004533 0.040076 0.945885 0.005836
3 3 0.004720 0.006539 0.055804 0.925436 0.007501
3 3 0.006372 0.009540 0.075562 0.898438 0.010089
3 3 0.008479 0.012212 0.085330 0.880691 0.013288
3 3 0.006509 0.010673 0.087453 0.885012 0.010353
3 3 0.004774 0.008060 0.075180 0.904314 0.007673
3 3 0.003295 0.005425 0.057312 0.928626 0.005342
3 3 0.002535 0.003854 0.043092 0.946400 0.004120
3 3 0.003410 0.005677 0.059550 0.925836 0.005527
3 3 0.009463 0.020307 0.161508 0.793612 0.015110
3 2 0.010354 0.022749 0.176004 0.774386 0.016507
3 2 0.014006 0.027863 0.194382 0.741969 0.021780
3 2 0.019099 0.049424 0.382901 0.519795 0.028781
3 2 0.012319 0.028567 0.212786 0.726793 0.019535
3 2 0.016074 0.048703 0.448292 0.462704 0.024227
2 2 0.023149 0.060300 0.441577 0.440726 0.034247
2 2 0.031431 0.079537 0.445732 0.385275 0.058025
3 1 0.034648 0.078210 0.329837 0.487267 0.070038
3 1 0.033551 0.076656 0.308960 0.510079 0.070754
2 1 0.032856 0.083413 0.424066 0.393601 0.066064
2 1 0.031702 0.092566 0.541746 0.257958 0.076029
2 1 0.045103 0.108958 0.500458 0.244997 0.100484
2 1 0.048467 0.123169 0.503901 0.189850 0.134614
2 1 0.062482 0.139760 0.371109 0.227856 0.198794
2 1 0.057447 0.144904 0.357702 0.201719 0.238228
4 1 0.068069 0.154090 0.250567 0.189977 0.337297
2 1 0.058897 0.154096 0.352513 0.145286 0.289208
4 1 0.060742 0.162223 0.276244 0.062940 0.437852
4 4 0.067633 0.157029 0.186525 0.043867 0.544946
4 4 0.061856 0.137767 0.108240 0.034170 0.657968
4 4 0.059074 0.125487 0.077023 0.032259 0.706158
4 4 0.067127 0.132323 0.085085 0.038934 0.676531
4 4 0.087803 0.151000 0.119603 0.070324 0.571270
4 4 0.079511 0.150241 0.125159 0.071204 0.573886
4 4 0.067165 0.137696 0.098173 0.047016 0.649950
4 4 0.073228 0.141602 0.103133 0.052362 0.629674
4 4 0.073897 0.137434 0.091629 0.044920 0.652120
4 4 0.067436 0.132568 0.085388 0.039200 0.675407
4 4 0.083384 0.150422 0.122681 0.058108 0.585405
4 4 0.084459 0.159210 0.162270 0.080988 0.513073
4 4 0.090251 0.164393 0.239861 0.139937 0.365558
4 4 0.080400 0.165660 0.278707 0.111816 0.363417
2 4 0.068977 0.153718 0.388759 0.144391 0.244155
4 4 0.069667 0.157700 0.296562 0.156840 0.319231
4 4 0.065179 0.147041 0.223496 0.190031 0.374253
3 4 0.050582 0.105555 0.256658 0.396370 0.190835
3 4 0.034130 0.072130 0.272768 0.541570 0.079401
3 4 0.043223 0.094283 0.277099 0.448359 0.137037
3 4 0.031023 0.066211 0.275245 0.562850 0.064671
3 4 0.028768 0.064551 0.310955 0.542511 0.053215
3 4 0.035388 0.083840 0.395433 0.418014 0.067326
3 4 0.037094 0.082677 0.313468 0.484327 0.082434
3 2 0.033747 0.072113 0.272251 0.541030 0.080860
3 2 0.030341 0.066233 0.265201 0.564473 0.073752
3 2 0.026563 0.060619 0.269765 0.582364 0.060689
3 2 0.015167 0.036708 0.249327 0.674799 0.023999
3 2 0.018687 0.048179 0.287496 0.611561 0.034076
3 2 0.018417 0.042125 0.249673 0.658391 0.031395
3 2 0.010898 0.025305 0.195738 0.750663 0.017396
3 2 0.012692 0.029037 0.209319 0.728807 0.020146
3 2 0.014290 0.037222 0.265886 0.659868 0.022733
3 2 0.013817 0.044020 0.425279 0.495706 0.021178
3 2 0.016899 0.050180 0.448334 0.459187 0.025400
2 2 0.012006 0.041254 0.511480 0.417393 0.017868
3 2 0.016071 0.041437 0.337134 0.580793 0.024565
3 2 0.015986 0.042544 0.372102 0.545200 0.024168
3 2 0.016021 0.043156 0.379043 0.537564 0.024215
3 2 0.012172 0.033795 0.321542 0.613651 0.018841
3 2 0.014573 0.036342 0.271658 0.654586 0.022840
3 2 0.012561 0.034735 0.305563 0.627493 0.019648
3 2 0.012855 0.036820 0.333404 0.596918 0.020004
3 2 0.011599 0.035579 0.384837 0.550214 0.017770
3 2 0.010192 0.030811 0.335267 0.607881 0.015849
3 2 0.010288 0.026730 0.247002 0.699757 0.016223
3 2 0.009153 0.022592 0.192410 0.761109 0.014736
3 2 0.008802 0.020758 0.176544 0.779740 0.014156
3 2 0.007713 0.018403 0.165959 0.795464 0.012461
3 2 0.008443 0.018172 0.151524 0.808331 0.013530
3 2 0.006767 0.015072 0.139207 0.828018 0.010936
3 2 0.005147 0.012915 0.139678 0.833819 0.008440
3 2 0.005015 0.012380 0.134333 0.840048 0.008223
3 2 0.006859 0.017463 0.169490 0.795029 0.011159
3 2 0.010686 0.023990 0.184727 0.763559 0.017039
3 2 0.009796 0.022994 0.186757 0.764756 0.015698
3 2 0.009327 0.024250 0.208914 0.742461 0.015047
3 2 0.007053 0.020623 0.212762 0.748054 0.011509
3 2 0.007322 0.021269 0.220366 0.739160 0.011884
3 2 0.007154 0.017649 0.166287 0.797305 0.011605
3 2 0.006705 0.015836 0.150450 0.816136 0.010873
3 2 0.006733 0.015449 0.144777 0.822142 0.010900
3 2 0.008456 0.018653 0.157013 0.802310 0.013568
3 2 0.008578 0.018892 0.158006 0.800767 0.013757
3 2 0.006770 0.014236 0.128296 0.839793 0.010906
3 2 0.008244 0.017530 0.146829 0.814184 0.013213
3 2 0.007948 0.019166 0.174112 0.785970 0.012804
3 2 0.009501 0.023247 0.197446 0.754574 0.015231
3 2 0.011126 0.024559 0.184738 0.761873 0.017703
3 2 0.015041 0.027769 0.171814 0.761887 0.023489
3 2 0.016224 0.021494 0.112424 0.825025 0.024833
3 2 0.021951 0.022321 0.092104 0.830814 0.032810
3 2 0.017125 0.018335 0.085420 0.853260 0.025860
3 2 0.017188 0.021173 0.104844 0.830638 0.026158
3 2 0.008544 0.015478 0.119439 0.842981 0.013559
3 2 0.009681 0.020069 0.155941 0.798889 0.015420
3 2 0.007250 0.016541 0.150154 0.814345 0.011709
3 2 0.007287 0.016000 0.142662 0.822310 0.011742
3 2 0.004474 0.010645 0.118823 0.858715 0.007344
3 2 0.004781 0.010609 0.111965 0.864841 0.007803
3 2 0.004101 0.008215 0.087729 0.893270 0.006685
3 2 0.006067 0.009272 0.075525 0.899506 0.009630
3 2 0.006190 0.007378 0.053058 0.923694 0.009680
3 2 0.008987 0.009890 0.059651 0.907627 0.013846
3 2 0.009496 0.013651 0.091265 0.870756 0.014832
3 2 0.008545 0.015827 0.123294 0.838757 0.013578
3 2 0.006705 0.017139 0.168146 0.797089 0.010919
3 2 0.005695 0.016278 0.193196 0.775581 0.009250
3 2 0.005395 0.017406 0.242420 0.726088 0.008691
3 2 0.006184 0.017325 0.194502 0.771958 0.010031
3 2 0.007552 0.021617 0.238021 0.720742 0.012069
3 2 0.005435 0.014651 0.164610 0.806417 0.008887
3 2 0.005562 0.015107 0.173302 0.796977 0.009052
3 2 0.005115 0.013389 0.163522 0.809707 0.008268
3 2 0.007900 0.015813 0.138139 0.825616 0.012532
3 2 0.009910 0.016901 0.119881 0.837701 0.015607
3 2 0.012650 0.020065 0.125245 0.822339 0.019700
3 2 0.010454 0.018700 0.133607 0.820779 0.016460
3 3 0.009616 0.018000 0.134446 0.822704 0.015234
3 3 0.006769 0.014932 0.137348 0.830018 0.010933
3 3 0.007075 0.016314 0.150212 0.814959 0.011440
3 3 0.012380 0.038985 0.445944 0.484096 0.018595
2 3 0.015116 0.047185 0.536860 0.378914 0.021924
2 3 0.015230 0.047294 0.591090 0.324893 0.021493
2 2 0.013740 0.046915 0.707486 0.213226 0.018633
2 2 0.010403 0.038878 0.591120 0.344469 0.015131
2 2 0.012724 0.039941 0.481705 0.446835 0.018794
3 2 0.010945 0.028797 0.281965 0.661310 0.016983
3 2 0.009620 0.023521 0.222700 0.729043 0.015116
3 2 0.010608 0.029549 0.327621 0.615990 0.016232
3 2 0.011793 0.032878 0.338368 0.598899 0.018061
3 2 0.012348 0.033453 0.319361 0.615814 0.019023
3 2 0.013155 0.037527 0.372477 0.556806 0.020035
3 2 0.014429 0.036366 0.280866 0.645809 0.022530
3 2 0.014761 0.041918 0.379064 0.541726 0.022531
2 2 0.017277 0.051212 0.471407 0.434415 0.025690
2 2 0.013750 0.044498 0.515507 0.406001 0.020244
2 2 0.014213 0.045322 0.521889 0.397761 0.020815
3 2 0.014368 0.041217 0.413819 0.509035 0.021561
3 2 0.015062 0.034843 0.235060 0.691269 0.023766
3 2 0.009993 0.023311 0.187321 0.763376 0.015999
3 2 0.008362 0.019781 0.172025 0.786360 0.013471
3 2 0.008408 0.018410 0.154849 0.804845 0.013488
3 2 0.011921 0.023090 0.160361 0.785828 0.018799
3 2 0.014427 0.022372 0.131205 0.809644 0.022352
3 2 0.015873 0.022498 0.122207 0.815021 0.024401
3 2 0.017442 0.028152 0.155245 0.772239 0.026922
3 2 0.014028 0.026906 0.173986 0.763081 0.021999
3 2 0.008767 0.022985 0.219234 0.735012 0.014001
3 2 0.008320 0.020905 0.194577 0.762846 0.013352
3 2 0.008735 0.020743 0.177459 0.779008 0.014056
3 2 0.008680 0.020775 0.178742 0.777826 0.013976
3 2 0.012289 0.029217 0.216533 0.722396 0.019564
3 2 0.009604 0.026226 0.241852 0.706971 0.015347
3 2 0.010755 0.027515 0.237210 0.707463 0.017056
3 2 0.010037 0.027983 0.277457 0.668735 0.015788
3 2 0.013567 0.033668 0.267276 0.664290 0.021199
3 2 0.013582 0.032603 0.268448 0.664358 0.021009
3 2 0.010434 0.021605 0.162769 0.788614 0.016579
3 2 0.008298 0.018568 0.158408 0.801394 0.013332
3 2 0.008707 0.019811 0.166873 0.790629 0.013981
3 2 0.010771 0.028848 0.286491 0.657159 0.016730
3 2 0.012137 0.034839 0.391242 0.543542 0.018240
2 2 0.014439 0.041393 0.469823 0.453274 0.021072
2 2 0.012759 0.038974 0.532114 0.397894 0.018260
2 2 0.014716 0.041276 0.474999 0.447695 0.021315
2 2 0.013976 0.039173 0.466875 0.459719 0.020257
3 2 0.016418 0.043441 0.444925 0.471317 0.023898
2 2 0.013803 0.042569 0.544655 0.379195 0.019778
3 2 0.014744 0.042032 0.422520 0.498682 0.022022
3 2 0.013175 0.036908 0.372203 0.557746 0.019968
3 2 0.016318 0.040842 0.323754 0.594133 0.024953
3 2 0.012490 0.034854 0.346318 0.587221 0.019117
3 2 0.013855 0.039400 0.381056 0.544636 0.021053
3 2 0.012991 0.039806 0.446428 0.481359 0.019416
3 2 0.014569 0.043662 0.454643 0.465426 0.021699
3 2 0.014985 0.040864 0.381389 0.540155 0.022607
3 2 0.015534 0.042373 0.376050 0.542486 0.023556
3 2 0.014755 0.040037 0.373330 0.549574 0.022305
2 2 0.015531 0.045800 0.475734 0.440059 0.022875
2 2 0.015369 0.049071 0.578765 0.334797 0.021998
2 2 0.015724 0.050713 0.655269 0.256557 0.021737
2 2 0.017063 0.053235 0.671350 0.235093 0.023259
2 2 0.011307 0.041824 0.723468 0.208011 0.015389
2 1 0.008568 0.035269 0.782127 0.162608 0.011428
2 1 0.008877 0.036216 0.744012 0.198778 0.012117
2 1 0.012139 0.043635 0.692020 0.235464 0.016742
2 1 0.014219 0.047851 0.670218 0.248076 0.019636
2 1 0.017672 0.054330 0.669913 0.234037 0.024048
2 1 0.021711 0.061184 0.674346 0.213749 0.029011
2 1 0.026834 0.069032 0.661543 0.207109 0.035483
2 1 0.038686 0.089715 0.613481 0.198914 0.059205
2 1 0.045219 0.104957 0.580683 0.184652 0.084490
2 1 0.070320 0.142088 0.436539 0.174061 0.176992
2 1 0.074292 0.147990 0.364745 0.197856 0.215118
4 1 0.076615 0.141633 0.261354 0.248501 0.271896
2 1 0.066097 0.135780 0.325031 0.256315 0.216777
2 1 0.058061 0.136112 0.430581 0.198575 0.176672
2 1 0.046253 0.111461 0.521981 0.217255 0.103050
2 1 0.036077 0.091310 0.591121 0.216048 0.065444
2 1 0.026391 0.068110 0.598557 0.270780 0.036161
2 1 0.013767 0.046938 0.665460 0.254738 0.019098
2 1 0.011397 0.042034 0.684908 0.245821 0.015840
2 1 0.006374 0.029482 0.803801 0.151817 0.008525
2 2 0.006530 0.029366 0.849854 0.105882 0.008368
2 2 0.006493 0.028395 0.889660 0.067538 0.007913
2 2 0.010367 0.038531 0.839847 0.098303 0.012953
2 2 0.013017 0.044650 0.803019 0.122766 0.016549
2 2 0.012616 0.044114 0.786285 0.140671 0.016314
2 2 0.008784 0.035916 0.762272 0.181170 0.011859
2 2 0.008636 0.035662 0.731610 0.212197 0.011896
2 2 0.005836 0.028095 0.785512 0.172606 0.007951
2 2 0.006882 0.031163 0.735069 0.217298 0.009588
2 2 0.008173 0.034440 0.758037 0.188236 0.011115
2 2 0.008394 0.034908 0.773218 0.172198 0.011282
2 2 0.009805 0.038010 0.797529 0.141850 0.012806
2 2 0.007592 0.032687 0.802613 0.147058 0.010050
2 2 0.007961 0.033621 0.801479 0.146424 0.010516
2 2 0.006317 0.029525 0.769001 0.186496 0.008662
2 2 0.006750 0.030800 0.737683 0.215369 0.009399
2 2 0.007744 0.033442 0.703689 0.244222 0.010902
2 2 0.008200 0.034551 0.746527 0.199490 0.011231
2 2 0.008077 0.034264 0.737991 0.208540 0.011128
2 2 0.011081 0.041300 0.667020 0.265032 0.015568
2 2 0.012473 0.044025 0.615154 0.310518 0.017830
2 2 0.022467 0.060058 0.512216 0.373000 0.032258
2 2 0.037834 0.076216 0.446655 0.386071 0.053223
2 2 0.095601 0.134185 0.311732 0.293629 0.164853
4 2 0.199123 0.209021 0.214821 0.093333 0.283703
2 2 0.139533 0.196042 0.373127 0.114918 0.176379
2 2 0.094780 0.161248 0.505903 0.125331 0.112737
2 2 0.044951 0.110992 0.460341 0.272758 0.110959
2 2 0.039763 0.096264 0.509459 0.277646 0.076868
2 2 0.032439 0.082349 0.559398 0.271373 0.054442
2 2 0.015331 0.049987 0.661226 0.252290 0.021165
2 2 0.009660 0.038132 0.698302 0.240441 0.013466
2 2 0.005950 0.028397 0.789429 0.168149 0.008075
2 2 0.005677 0.027639 0.785467 0.173469 0.007748
2 2 0.006869 0.030547 0.829116 0.124517 0.008951
2 2 0.007834 0.032894 0.834889 0.114323 0.010060
2 2 0.006747 0.029457 0.873568 0.081840 0.008388
2 2 0.011628 0.040847 0.848978 0.084327 0.014220
2 2 0.011157 0.040720 0.813302 0.120589 0.014233
2 2 0.016261 0.053366 0.673144 0.233225 0.024004
2 2 0.020203 0.058665 0.697278 0.197070 0.026783
2 2 0.007768 0.033359 0.771469 0.176901 0.010504
2 2 0.006425 0.029572 0.809611 0.145843 0.008550
2 2 0.008425 0.034865 0.789577 0.155943 0.011189
2 2 0.009141 0.036732 0.768389 0.173479 0.012260
2 2 0.010347 0.039713 0.710373 0.225299 0.014269
2 2 0.013648 0.046495 0.623331 0.297193 0.019334
2 2 0.012534 0.044417 0.665949 0.259612 0.017488
2 2 0.012123 0.043577 0.675583 0.251850 0.016866
2 2 0.009558 0.037862 0.679087 0.260029 0.013464
2 2 0.006781 0.030764 0.650592 0.301997 0.009865
2 2 0.005687 0.027688 0.652386 0.305898 0.008342
2 2 0.005331 0.026548 0.631431 0.328773 0.007917
2 2 0.005897 0.028254 0.641422 0.315751 0.008676
2 2 0.006968 0.031218 0.638601 0.313037 0.010177
2 2 0.008105 0.033984 0.605477 0.340518 0.011915
2 2 0.008209 0.034111 0.587240 0.358290 0.012150
2 2 0.008750 0.035522 0.597794 0.345083 0.012852
2 2 0.008047 0.033589 0.572597 0.373774 0.011994
2 2 0.005960 0.025622 0.487107 0.472165 0.009146
3 2 0.005532 0.024064 0.454694 0.507103 0.008608
3 2 0.005042 0.020408 0.366400 0.600162 0.007989
3 2 0.005635 0.018714 0.242962 0.723514 0.009175
3 2 0.006065 0.018545 0.209810 0.755635 0.009944
3 2 0.005051 0.014463 0.166449 0.805692 0.008345
3 2 0.005469 0.015067 0.165358 0.805110 0.008996
3 2 0.005479 0.015500 0.171815 0.798182 0.009025
3 2 0.005453 0.016477 0.187780 0.781274 0.009015
3 2 0.005198 0.015744 0.183136 0.787315 0.008607
3 2 0.004123 0.013032 0.169289 0.806666 0.006889
3 2 0.003781 0.011030 0.143446 0.835437 0.006307
3 2 0.005560 0.015312 0.166926 0.803061 0.009141
3 2 0.008674 0.022735 0.210947 0.743710 0.013934
3 2 0.007698 0.022319 0.230988 0.726567 0.012428
3 2 0.005784 0.015497 0.164450 0.804786 0.009484
3 2 0.005673 0.013613 0.139074 0.832386 0.009254
3 2 0.004841 0.010600 0.110672 0.865993 0.007893
3 2 0.004349 0.009172 0.098083 0.881299 0.007097
3 2 0.004005 0.008674 0.096840 0.883919 0.006562
3 2 0.003223 0.007902 0.101274 0.882252 0.005349
3 2 0.003378 0.008613 0.110336 0.872062 0.005612
3 2 0.003103 0.007834 0.103181 0.880718 0.005164
3 2 0.003989 0.009378 0.108799 0.871269 0.006565
3 2 0.003100 0.006511 0.078883 0.906399 0.005106
3 2 0.002941 0.005704 0.067896 0.918630 0.004829
3 2 0.003132 0.005731 0.064846 0.921175 0.005116
3 2 0.003026 0.005161 0.057188 0.929696 0.004928
3 2 0.003832 0.006290 0.062786 0.920907 0.006186
3 2 0.003421 0.005959 0.063767 0.921293 0.005560
3 2 0.003304 0.006170 0.069115 0.916014 0.005396
3 3 0.003207 0.006087 0.069468 0.915991 0.005247
3 3 0.003310 0.005950 0.065408 0.919938 0.005394
3 3 0.003618 0.005904 0.060018 0.924612 0.005848
3 3 0.003627 0.005263 0.050531 0.934756 0.005822
3 3 0.004452 0.006108 0.052998 0.929359 0.007083
3 3 0.003981 0.005953 0.056058 0.927621 0.006386
3 3 0.003019 0.004806 0.051570 0.935709 0.004897
3 3 0.002685 0.004187 0.046411 0.942354 0.004363
3 3 0.003044 0.004530 0.046915 0.940594 0.004917
3 3 0.004039 0.005010 0.042892 0.941654 0.006405
3 3 0.005007 0.005438 0.040394 0.941329 0.007832
3 3 0.004855 0.005214 0.038954 0.943381 0.007596
3 3 0.004228 0.004679 0.037289 0.947153 0.006651
3 3 0.003160 0.004144 0.039839 0.947797 0.005061
3 3 0.003123 0.004587 0.046771 0.940482 0.005037
3 3 0.003593 0.005440 0.053497 0.931686 0.005784
3 3 0.004387 0.006269 0.055761 0.926585 0.006999
3 3 0.007300 0.008822 0.060089 0.912416 0.011373
3 3 0.012231 0.015396 0.087956 0.865594 0.018823
3 3 0.011757 0.019839 0.130898 0.819093 0.018412
3 3 0.008618 0.018890 0.157391 0.801287 0.013815
3 3 0.008352 0.018878 0.161287 0.798060 0.013423
3 2 0.016525 0.027130 0.154069 0.776703 0.025573
3 2 0.033444 0.057653 0.221382 0.619847 0.067675
3 2 0.032898 0.064945 0.286854 0.551394 0.063909
3 2 0.018032 0.041264 0.294815 0.618353 0.027536
3 2 0.016199 0.040022 0.301895 0.616885 0.024999
2 2 0.011436 0.041245 0.552855 0.377597 0.016866
2 2 0.028721 0.082807 0.575571 0.254706 0.058194
2 2 0.061795 0.158502 0.355390 0.114501 0.309812
4 4 0.075066 0.148042 0.121894 0.066634 0.588365
4 4 0.067903 0.138588 0.099851 0.048342 0.645316
4 4 0.068100 0.137669 0.097210 0.046712 0.650309
4 4 0.068904 0.133718 0.086822 0.040472 0.670085
4 4 0.086336 0.145480 0.103134 0.056828 0.608222
4 4 0.062257 0.128293 0.080247 0.034840 0.694362
4 4 0.063553 0.129396 0.081545 0.035912 0.689593
4 4 0.038987 0.104004 0.055403 0.017718 0.783889
4 4 0.054224 0.115803 0.068869 0.030548 0.730556
4 4 0.066759 0.108668 0.069377 0.052944 0.702251
4 4 0.073125 0.111965 0.083185 0.081361 0.650365
4 4 0.079811 0.127138 0.091815 0.067875 0.633362
4 4 0.114664 0.190895 0.160486 0.033535 0.500420
4 4 0.164299 0.214375 0.208787 0.043419 0.369121
4 4 0.194666 0.215901 0.152139 0.043859 0.393435
4 4 0.087462 0.146129 0.104144 0.057966 0.604300
4 4 0.078971 0.140917 0.096401 0.049633 0.634078
4 4 0.061950 0.128028 0.079938 0.034588 0.695496
4 4 0.053483 0.120202 0.071236 0.027907 0.727171
4 4 0.051503 0.118214 0.069146 0.026422 0.734715
4 4 0.056634 0.123239 0.074517 0.030331 0.715279
4 4 0.043781 0.109809 0.060782 0.020910 0.764719
4 4 0.045833 0.112150 0.063040 0.022331 0.756646
4 4 0.032702 0.095573 0.048102 0.013807 0.809816
4 4 0.051859 0.118576 0.069523 0.026687 0.733354
4 4 0.062567 0.128559 0.080558 0.035095 0.693221
4 4 0.142279 0.201069 0.141745 0.033914 0.480993
4 4 0.143070 0.199032 0.125358 0.031345 0.501196
4 4 0.089355 0.153079 0.101372 0.042754 0.613439
4 4 0.060235 0.126527 0.078205 0.033192 0.701841
4 4 0.039163 0.104225 0.055602 0.017831 0.783180
4 4 0.043335 0.109289 0.060288 0.020605 0.766483
4 4 0.045602 0.111891 0.062787 0.022169 0.757551
4 4 0.053343 0.120064 0.071089 0.027801 0.727703
4 4 0.071705 0.135839 0.089533 0.042945 0.659978
4 4 0.089052 0.156005 0.139764 0.059509 0.555671
4 4 0.088776 0.170309 0.270093 0.061721 0.409101
4 4 0.096288 0.166572 0.193508 0.068014 0.475618
4 4 0.072094 0.161636 0.212715 0.043496 0.510059
2 4 0.063655 0.162437 0.369888 0.066523 0.337497
4 4 0.101179 0.171765 0.252872 0.075562 0.398622
4 4 0.081085 0.151596 0.131008 0.051456 0.584854
4 4 0.073419 0.140803 0.102033 0.044347 0.639398
4 4 0.070174 0.134691 0.088055 0.041586 0.665494
4 4 0.065409 0.130936 0.083391 0.037470 0.682793
4 4 0.071378 0.138202 0.096559 0.042549 0.651312
4 4 0.073262 0.149323 0.133276 0.044040 0.600100
4 4 0.072370 0.148245 0.130203 0.043228 0.605955
4 4 0.071317 0.147045 0.127018 0.042279 0.612342
4 4 0.066684 0.139963 0.108181 0.038274 0.646898
4 4 0.065542 0.138310 0.104402 0.037318 0.654428
4 4 0.048885 0.115485 0.066350 0.024503 0.744777
4 4 0.039624 0.104803 0.056126 0.018131 0.781316
4 4 0.024500 0.082802 0.038071 0.009200 0.845427
4 4 0.021387 0.077277 0.034084 0.007609 0.859642
4 4 0.021881 0.078184 0.034725 0.007856 0.857354
4 4 0.025488 0.084469 0.039315 0.009724 0.841004
4 4 0.025328 0.084202 0.039114 0.009638 0.841717
4 4 0.026280 0.085776 0.040303 0.010149 0.837493
4 4 0.028754 0.089712 0.043353 0.011516 0.826664
4 4 0.031275 0.093510 0.046401 0.012964 0.815851
4 4 0.026765 0.086565 0.040906 0.010413 0.835351
4 4 0.027802 0.088223 0.042186 0.010984 0.830806
4 4 0.028884 0.089913 0.043511 0.011590 0.826102
4 4 0.031981 0.094538 0.047244 0.013379 0.812858
4 4 0.031409 0.093705 0.046560 0.013042 0.815284
4 4 0.029158 0.090334 0.043845 0.011745 0.824919
4 4 0.030983 0.093080 0.046050 0.012793 0.817094
4 4 0.040331 0.105681 0.056926 0.018594 0.778468
4 4 0.037633 0.102270 0.053854 0.016848 0.789396
4 4 0.026357 0.085902 0.040399 0.010191 0.837151
4 4 0.040140 0.105445 0.056711 0.018469 0.779235
4 4 0.073636 0.137247 0.091380 0.044683 0.653055
4 4 0.085714 0.154664 0.138011 0.056073 0.565538
4 4 0.089633 0.167805 0.220651 0.061283 0.460627
4 2 0.078714 0.157282 0.162683 0.049264 0.552057
4 2 0.061633 0.127754 0.079619 0.034328 0.696666
4 2 0.055342 0.122012 0.073178 0.029328 0.720140
4 2 0.059991 0.126310 0.077957 0.032995 0.702747
4 2 0.096671 0.167593 0.099476 0.026720 0.609540
4 2 0.122053 0.188342 0.112809 0.026514 0.550282
4 1 0.099069 0.163477 0.105801 0.038263 0.593390
4 1 0.052836 0.119560 0.070555 0.027419 0.729631
4 1 0.042050 0.107769 0.058857 0.019736 0.771589
4 1 0.047149 0.113609 0.064474 0.023259 0.751510
4 1 0.071694 0.135830 0.089521 0.042934 0.660021
4 1 0.094651 0.150944 0.109779 0.062209 0.582417
4 1 0.094394 0.151560 0.109017 0.059521 0.585508
4 1 0.104661 0.160373 0.114879 0.057500 0.562586
4 1 0.097692 0.171166 0.249503 0.071247 0.410393
4 1 0.099224 0.171389 0.249568 0.073071 0.406748
4 1 0.091159 0.163858 0.181274 0.062150 0.501559
4 1 0.091200 0.166321 0.201230 0.062556 0.478694
4 1 0.094004 0.168563 0.218230 0.066040 0.453163
4 1 0.096578 0.165288 0.182727 0.068120 0.487287
4 1 0.086861 0.152374 0.126872 0.057230 0.576663
4 1 0.086812 0.150500 0.119703 0.057196 0.585789
4 1 0.087837 0.160413 0.164442 0.058424 0.528884
4 2 0.090027 0.170900 0.297594 0.064121 0.377358
2 2 0.088776 0.164630 0.404459 0.076252 0.265883
2 2 0.077661 0.142579 0.515378 0.105901 0.158480
2 2 0.061954 0.118995 0.599831 0.119011 0.100209
2 2 0.061058 0.119122 0.597382 0.121061 0.101377
2 2 0.083712 0.156675 0.424658 0.113244 0.221711
4 2 0.089497 0.170256 0.279675 0.074529 0.386044
4 1 0.075123 0.153563 0.149641 0.045785 0.575887
4 1 0.066401 0.141511 0.113953 0.037989 0.640146
4 1 0.073070 0.136839 0.090840 0.044171 0.655080
4 1 0.079395 0.141195 0.096795 0.050036 0.632579
4 1 0.126299 0.173479 0.128423 0.062945 0.508855
4 1 0.185356 0.205935 0.153082 0.055801 0.399826
4 1 0.255812 0.234092 0.168951 0.040728 0.300418
0 0 0.304470 0.247470 0.173478 0.030975 0.243607
0 0 0.383075 0.258949 0.172083 0.018609 0.167283
0 0 0.387670 0.253930 0.175684 0.021547 0.161168
0 1 0.401082 0.237135 0.186353 0.033891 0.141539
4 1 0.231557 0.218515 0.174154 0.059114 0.316660
4 1 0.123014 0.185817 0.224935 0.065769 0.400465
2 1 0.057401 0.125562 0.605152 0.088576 0.123310
2 1 0.022918 0.062246 0.808762 0.076876 0.029198
2 2 0.019053 0.055092 0.806523 0.096090 0.023243
2 2 0.023619 0.063162 0.764172 0.119704 0.029344
2 2 0.021776 0.059419 0.799796 0.092670 0.026339
2 2 0.025563 0.064990 0.790856 0.088012 0.030579
2 2 0.022130 0.058335 0.832679 0.061317 0.025539
2 2 0.023289 0.061885 0.829114 0.056563 0.029150
2 2 0.029022 0.074817 0.794616 0.059090 0.042456
2 2 0.028122 0.073051 0.797017 0.061395 0.040414
2 2 0.026457 0.067038 0.814014 0.059083 0.033408
2 2 0.020181 0.054111 0.856746 0.046313 0.022650
2 2 0.016294 0.047204 0.877870 0.040478 0.018154
2 2 0.016546 0.047437 0.879218 0.038475 0.018324
2 2 0.013534 0.041610 0.896756 0.033243 0.014857
2 2 0.016479 0.047733 0.874551 0.042774 0.018463
2 2 0.014806 0.044680 0.882653 0.041274 0.016588
2 2 0.018356 0.051752 0.855554 0.053346 0.020992
2 2 0.015759 0.047423 0.863584 0.055053 0.018181
2 2 0.012688 0.041539 0.879002 0.052109 0.014662
2 2 0.009640 0.035413 0.888767 0.054865 0.011315
2 2 0.010609 0.038009 0.873009 0.065715 0.012659
2 2 0.012423 0.041793 0.864341 0.066678 0.014764
2 2 0.018409 0.053063 0.833314 0.073403 0.021811
2 2 0.023589 0.063579 0.802095 0.080439 0.030299
2 2 0.026408 0.072031 0.787183 0.074627 0.039751
2 2 0.019203 0.054916 0.835918 0.066514 0.023450
2 2 0.010582 0.036833 0.895815 0.044669 0.012102
2 2 0.008816 0.032947 0.904771 0.043349 0.010117
2 2 0.006747 0.028061 0.914124 0.043251 0.007818
2 2 0.006192 0.027026 0.907991 0.051456 0.007336
2 2 0.006607 0.028644 0.890714 0.066009 0.008026
2 2 0.008965 0.034833 0.866204 0.079012 0.010986
2 2 0.010381 0.037693 0.869438 0.070005 0.012484
2 2 0.008855 0.034225 0.877834 0.068403 0.010683
2 2 0.008069 0.032295 0.883779 0.066125 0.009732
2 2 0.005780 0.026306 0.898996 0.061911 0.007007
2 2 0.005051 0.024377 0.898208 0.066165 0.006200
2 2 0.006049 0.027748 0.869398 0.089181 0.007624
2 2 0.016201 0.049869 0.825054 0.089171 0.019705
2 2 0.021418 0.060223 0.753571 0.138928 0.025860
2 2 0.007928 0.032805 0.852371 0.096910 0.009986
2 2 0.007716 0.031123 0.894236 0.057742 0.009183
2 2 0.004454 0.022547 0.903344 0.064180 0.005475
2 2 0.005068 0.024238 0.904844 0.059700 0.006150
2 2 0.005700 0.026002 0.902114 0.059302 0.006881
2 2 0.006015 0.026572 0.908542 0.051731 0.007139
2 2 0.008175 0.031777 0.902085 0.048440 0.009523
2 2 0.038608 0.082468 0.769530 0.075249 0.034145
2 2 0.149533 0.187584 0.492664 0.062366 0.107853
2 2 0.212189 0.212308 0.426817 0.043018 0.105669
2 2 0.224280 0.213694 0.404990 0.045283 0.111753
2 2 0.155279 0.194815 0.387727 0.089639 0.172541
2 2 0.127747 0.186458 0.318128 0.105637 0.262031
2 2 0.079311 0.151854 0.484000 0.107700 0.177136
2 2 0.048137 0.113935 0.630762 0.106280 0.100886
2 2 0.026955 0.072655 0.788265 0.071809 0.040316
2 2 0.013853 0.043666 0.875865 0.050704 0.015911
2 2 0.016083 0.047120 0.875199 0.043527 0.018070
2 2 0.038351 0.089121 0.736743 0.078408 0.057378
2 2 0.113119 0.171349 0.539456 0.049507 0.126569
2 2 0.088484 0.150206 0.613608 0.052025 0.095678
2 2 0.043969 0.097485 0.739038 0.069304 0.050204
2 2 0.019741 0.056433 0.797896 0.101719 0.024211
2 2 0.016715 0.051918 0.777224 0.132880 0.021263
2 2 0.011354 0.041056 0.817402 0.115780 0.014407
2 2 0.009163 0.035638 0.852297 0.091495 0.011406
2 2 0.009104 0.034825 0.875907 0.069178 0.010986
2 2 0.008854 0.034031 0.883172 0.063350 0.010592
2 2 0.009869 0.036455 0.874922 0.066924 0.011831
2 2 0.008469 0.033079 0.886462 0.061869 0.010121
2 2 0.008275 0.032545 0.889400 0.059916 0.009863
2 2 0.010457 0.038069 0.863066 0.075725 0.012683
2 2 0.011779 0.040875 0.857041 0.076073 0.014233
2 2 0.012750 0.042496 0.861719 0.067867 0.015168
2 2 0.012434 0.041583 0.869487 0.061842 0.014653
2 2 0.016143 0.048484 0.855398 0.061149 0.018826
2 2 0.030499 0.072599 0.790824 0.068325 0.037753
2 2 0.060131 0.116994 0.652522 0.077440 0.092913
2 2 0.187088 0.208193 0.337885 0.059312 0.207521
2 1 0.210693 0.216472 0.272518 0.060677 0.239640
2 1 0.214783 0.216339 0.277803 0.061299 0.229776
4 1 0.109733 0.172773 0.275791 0.087616 0.354087
2 1 0.103133 0.170006 0.349436 0.083474 0.293950
2 1 0.082497 0.159772 0.453758 0.063275 0.240698
2 2 0.104359 0.165681 0.450824 0.074170 0.204965
2 2 0.172258 0.212539 0.290096 0.053178 0.271928
4 2 0.224070 0.222870 0.163226 0.047396 0.342438
4 2 0.209374 0.220688 0.182980 0.049749 0.337209
4 2 0.172207 0.209881 0.210396 0.055031 0.352485
4 2 0.101514 0.172318 0.282459 0.077295 0.366414
2 2 0.088336 0.163284 0.424653 0.068884 0.254844
2 2 0.063511 0.126449 0.627283 0.061639 0.121118
2 2 0.036728 0.084439 0.768443 0.058684 0.051706
2 2 0.020414 0.055030 0.848567 0.052757 0.023233
2 2 0.011187 0.038154 0.892002 0.045851 0.012806
2 2 0.010959 0.037913 0.889099 0.049372 0.012656
2 2 0.008899 0.033112 0.904770 0.043017 0.010201
2 2 0.011193 0.038588 0.884538 0.052673 0.013008
2 2 0.013449 0.043681 0.862848 0.064152 0.015870
2 2 0.017667 0.051924 0.833313 0.076053 0.021044
2 2 0.017303 0.050271 0.854962 0.057472 0.019993
2 2 0.030426 0.073127 0.782583 0.075580 0.038284
2 2 0.030777 0.072504 0.793555 0.067337 0.035828
2 2 0.021939 0.058072 0.832876 0.061766 0.025347
2 2 0.008413 0.031442 0.916104 0.034603 0.009438
2 2 0.009731 0.035520 0.890323 0.053049 0.011376
2 2 0.014200 0.045161 0.858691 0.065194 0.016753
2 2 0.019841 0.055456 0.827516 0.073729 0.023459
2 2 0.023880 0.062058 0.806694 0.079085 0.028283
2 2 0.024103 0.061868 0.816116 0.069774 0.028140
2 2 0.015026 0.045461 0.876560 0.045929 0.017023
2 2 0.010676 0.036068 0.908900 0.032562 0.011794
2 2 0.012002 0.039573 0.891900 0.042921 0.013605
2 2 0.013045 0.041678 0.886325 0.044162 0.014790
2 2 0.013066 0.042192 0.878794 0.050902 0.015045
2 2 0.014982 0.046287 0.862017 0.059256 0.017457
2 2 0.014020 0.043910 0.876267 0.049742 0.016061
2 2 0.011253 0.038285 0.891780 0.045804 0.012877
2 2 0.011778 0.039784 0.881933 0.052838 0.013667
2 2 0.011612 0.039248 0.886292 0.049463 0.013385
2 2 0.013208 0.043728 0.851547 0.075633 0.015884
2 2 0.008917 0.034351 0.878045 0.067940 0.010747
2 2 0.009780 0.036999 0.851527 0.089576 0.012117
2 2 0.007321 0.030458 0.887501 0.065862 0.008858
2 2 0.008319 0.032905 0.882233 0.066513 0.010029
2 2 0.008371 0.032520 0.894991 0.054253 0.009865
2 2 0.009278 0.034307 0.896648 0.048996 0.010771
2 2 0.010957 0.038269 0.882201 0.055749 0.012824
2 2 0.009095 0.034710 0.878629 0.066636 0.010930
2 2 0.010277 0.038390 0.837656 0.100796 0.012881
2 2 0.012486 0.044057 0.768104 0.158965 0.016388
2 2 0.021719 0.061165 0.690271 0.198100 0.028745
2 2 0.081695 0.118542 0.580620 0.158660 0.060483
2 2 0.203893 0.214699 0.380696 0.057160 0.143554
2 2 0.207860 0.232249 0.371106 0.034885 0.153900
2 2 0.255689 0.236108 0.312848 0.035992 0.159363
4 2 0.186184 0.213753 0.171131 0.048363 0.380571
4 2 0.124039 0.180784 0.120836 0.041751 0.532589
0 0 0.370511 0.214875 0.155601 0.045390 0.213623
0 0 0.521654 0.161035 0.126803 0.067669 0.122838
0 0 0.672528 0.136540 0.093973 0.030467 0.066492
0 0 0.661563 0.146972 0.100759 0.025657 0.065048
0 0 0.697974 0.136987 0.090049 0.020406 0.054585
0 0 0.626320 0.156397 0.111227 0.030745 0.075311
0 0 0.611581 0.172710 0.121552 0.023012 0.071145
0 0 0.529966 0.219958 0.159027 0.016200 0.074849
0 0 0.413711 0.243415 0.181257 0.025986 0.135631
4 0 0.202514 0.228989 0.232150 0.040586 0.295761
4 1 0.094820 0.165908 0.170468 0.059121 0.509684
4 1 0.086642 0.169728 0.266057 0.059245 0.418329
4 1 0.095322 0.170080 0.235883 0.068034 0.430681
4 1 0.104927 0.172561 0.280545 0.081550 0.360418
4 1 0.106403 0.172098 0.309192 0.085176 0.327132
4 1 0.112304 0.171829 0.230576 0.088659 0.396632
4 1 0.113102 0.170179 0.193587 0.084919 0.438213
4 1 0.120039 0.170692 0.168039 0.083575 0.457655
4 1 0.115799 0.178758 0.294872 0.080116 0.330455
4 1 0.103023 0.171407 0.239004 0.077264 0.409302
2 1 0.091787 0.163855 0.418817 0.073100 0.252441
2 1 0.074993 0.165382 0.375249 0.063779 0.320598
4 1 0.074188 0.167128 0.290964 0.056715 0.411005
4 1 0.087166 0.145960 0.103879 0.057666 0.605330
4 4 0.055964 0.122605 0.073823 0.029809 0.717799
4 4 0.038415 0.103276 0.054750 0.017348 0.786211
4 4 0.043691 0.108639 0.060078 0.021181 0.766411
4 4 0.061161 0.124503 0.077316 0.035215 0.701804
4 4 0.069380 0.134085 0.087286 0.040889 0.668360
4 4 0.067000 0.124819 0.080040 0.042653 0.685489
4 4 0.031709 0.086087 0.042848 0.015260 0.824096
4 4 0.019400 0.071935 0.030801 0.006876 0.870988
4 4 0.024230 0.082340 0.037730 0.009058 0.846643
4 4 0.035204 0.099051 0.051044 0.015325 0.799375
4 4 0.031558 0.093923 0.046739 0.013129 0.814650
4 4 0.040976 0.106472 0.057653 0.019020 0.775880
4 4 0.068715 0.125689 0.081348 0.044514 0.679734
4 4 0.074043 0.121643 0.080832 0.055031 0.668452
4 4 0.100946 0.141571 0.089620 0.047193 0.620669
4 4 0.171782 0.223395 0.130388 0.021298 0.453138
4 4 0.261690 0.249510 0.159811 0.024551 0.304438
4 4 0.254177 0.237846 0.165702 0.035490 0.306784
4 4 0.052308 0.119030 0.069998 0.027022 0.731640
4 4 0.039247 0.104331 0.055698 0.017886 0.782837
4 4 0.019979 0.074624 0.032242 0.006921 0.866235
4 4 0.021044 0.076642 0.033639 0.007440 0.861235
4 4 0.029938 0.091152 0.044607 0.012268 0.822035
4 4 0.041903 0.107593 0.058693 0.019638 0.772173
4 4 0.053406 0.119773 0.070939 0.027983 0.727899
4 4 0.105081 0.175163 0.103932 0.026301 0.589523
4 4 0.161860 0.213362 0.130461 0.026533 0.467784
4 4 0.126509 0.186143 0.119249 0.034842 0.533256
4 4 0.068456 0.136181 0.084128 0.032872 0.678363
4 4 0.049272 0.107243 0.061657 0.028102 0.753726
4 4 0.047394 0.100920 0.057215 0.028484 0.765987
4 4 0.060517 0.112862 0.069640 0.040364 0.716617
4 4 0.025371 0.076849 0.035684 0.011197 0.850899
4 4 0.035227 0.088544 0.045555 0.018379 0.812295
4 4 0.042997 0.093308 0.051186 0.026134 0.786375
4 4 0.051772 0.098619 0.057556 0.035807 0.756245
4 4 0.045065 0.103203 0.057579 0.024621 0.769532
4 4 0.043475 0.109453 0.060443 0.020701 0.765927
4 4 0.050379 0.117057 0.067950 0.025592 0.739023
4 4 0.034667 0.098319 0.050417 0.014995 0.801601
4 4 0.038357 0.103202 0.054684 0.017311 0.786446
4 4 0.036694 0.101044 0.052773 0.016254 0.793235
4 4 0.033395 0.096553 0.048922 0.014222 0.806908
4 4 0.040645 0.106067 0.057280 0.018801 0.777206
4 4 0.061803 0.127901 0.079790 0.034467 0.696039
4 4 0.093218 0.163661 0.098120 0.028029 0.616972
4 4 0.241123 0.244033 0.155710 0.025707 0.333427
0 4 0.286835 0.246564 0.169948 0.030666 0.265988
0 4 0.369297 0.242301 0.183922 0.033633 0.170847
0 4 0.351980 0.233587 0.224862 0.041136 0.148436
0 4 0.370331 0.237953 0.194206 0.037401 0.160108
0 4 0.472050 0.232150 0.178771 0.022696 0.094332
0 4 0.499151 0.231833 0.171561 0.016877 0.080578
0 1 0.498543 0.231851 0.171736 0.016995 0.080874
0 1 0.434378 0.233823 0.224919 0.020970 0.085910
0 1 0.475692 0.210882 0.167742 0.036360 0.109324
0 1 0.480995 0.214383 0.163528 0.030939 0.110155
0 1 0.347216 0.268373 0.163833 0.015020 0.205558
4 1 0.219574 0.242811 0.150170 0.022030 0.365415
4 1 0.142627 0.199940 0.177046 0.058017 0.422370
2 1 0.062934 0.139300 0.517710 0.114428 0.165627
2 1 0.046547 0.114839 0.628399 0.104930 0.105286
2 1 0.032050 0.095996 0.729365 0.063714 0.078875
2 1 0.034449 0.097638 0.722715 0.065935 0.079263
2 1 0.054425 0.121079 0.621473 0.089548 0.113475
2 2 0.092050 0.150408 0.438423 0.138571 0.180547
2 2 0.068550 0.118291 0.512884 0.201802 0.098473
2 2 0.040977 0.089144 0.636656 0.177545 0.055678
2 2 0.040521 0.088998 0.621059 0.193166 0.056257
2 2 0.058617 0.123400 0.563318 0.138260 0.116405
4 2 0.078531 0.165252 0.325799 0.103607 0.326812
4 2 0.071346 0.163049 0.301758 0.114522 0.349326
4 2 0.059399 0.160314 0.288543 0.101757 0.389987
2 2 0.050932 0.153634 0.402778 0.097318 0.295338
2 1 0.047948 0.150634 0.444353 0.081520 0.275543
2 1 0.056962 0.143728 0.488305 0.112620 0.198384
2 1 0.073537 0.142443 0.524016 0.097390 0.162613
2 1 0.075379 0.136841 0.556017 0.092098 0.139667
2 1 0.063516 0.121682 0.622703 0.086197 0.105903
2 1 0.054242 0.107123 0.665071 0.094535 0.079028
2 1 0.038367 0.084591 0.731426 0.096283 0.049334
2 1 0.028259 0.069334 0.768937 0.099306 0.034165
2 1 0.019827 0.055693 0.821868 0.078986 0.023626
2 2 0.015324 0.047502 0.848550 0.070438 0.018187
2 2 0.016678 0.049880 0.844283 0.069455 0.019704
2 2 0.017736 0.051313 0.847983 0.062309 0.020659
2 2 0.015256 0.046347 0.868495 0.052378 0.017525
2 2 0.016078 0.047964 0.862728 0.054706 0.018524
2 2 0.014727 0.045358 0.871094 0.051901 0.016921
2 2 0.014970 0.046174 0.863722 0.057742 0.017393
2 2 0.017960 0.052023 0.840844 0.068055 0.021117
2 3 0.022112 0.060192 0.802664 0.087954 0.027078
2 3 0.015439 0.048045 0.840147 0.077844 0.018525
2 3 0.010545 0.038284 0.861988 0.076384 0.012799
