0 0 0.715255 0.147113 0.065422 0.025264 0.046946
0 0 0.869134 0.080345 0.020808 0.006504 0.023209
0 0 0.886932 0.071129 0.016738 0.005039 0.020163
0 0 0.902503 0.062813 0.013460 0.003901 0.017323
0 0 0.799774 0.111251 0.036480 0.013263 0.039232
0 0 0.841416 0.094947 0.028790 0.009431 0.025417
0 0 0.935300 0.040770 0.005746 0.001511 0.016674
0 0 0.953240 0.029375 0.003160 0.000765 0.013460
0 0 0.976483 0.014991 0.000972 0.000198 0.007356
0 0 0.984494 0.009305 0.000407 0.000074 0.005719
0 0 0.972222 0.015367 0.000928 0.000195 0.011289
0 0 0.941143 0.031554 0.003234 0.000823 0.023247
0 0 0.668936 0.146791 0.054734 0.015186 0.114352
0 0 0.606266 0.184017 0.090160 0.015098 0.104458
0 0 0.462130 0.244406 0.206791 0.023457 0.063217
0 0 0.449970 0.246221 0.212044 0.025581 0.066184
0 0 0.503042 0.216536 0.155898 0.049245 0.075279
0 0 0.613612 0.180301 0.101117 0.046705 0.058265
0 0 0.723185 0.137087 0.048052 0.050444 0.041232
0 0 0.833294 0.092896 0.023797 0.010749 0.039265
0 0 0.828339 0.089809 0.022211 0.007533 0.052108
0 0 0.752901 0.096945 0.022834 0.008455 0.118866
0 0 0.670957 0.113431 0.030824 0.012395 0.172392
0 0 0.740760 0.112424 0.031765 0.012063 0.102989
0 1 0.740829 0.119362 0.036869 0.014048 0.088893
0 1 0.547789 0.177391 0.081389 0.018977 0.174454
4 1 0.342317 0.164112 0.079200 0.014287 0.400083
4 1 0.137861 0.137000 0.091801 0.008451 0.624887
4 0 0.144642 0.143753 0.098563 0.009808 0.603235
4 0 0.218628 0.191934 0.138555 0.013020 0.437863
0 0 0.383191 0.221493 0.149982 0.027424 0.217910
0 0 0.530448 0.188751 0.100940 0.039131 0.140730
0 0 0.627374 0.158071 0.066693 0.028529 0.119333
0 0 0.637324 0.158041 0.067336 0.028533 0.108767
0 0 0.550304 0.177571 0.083632 0.025478 0.163015
0 1 0.486204 0.198038 0.105738 0.019244 0.190776
4 1 0.229637 0.168137 0.102550 0.012400 0.487276
4 1 0.223694 0.210262 0.167641 0.015790 0.382613
4 1 0.188332 0.213875 0.197324 0.022225 0.378245
2 2 0.133006 0.240106 0.342676 0.033986 0.250226
2 2 0.106543 0.241838 0.432898 0.036984 0.181736
2 2 0.083458 0.233422 0.506236 0.037983 0.138901
2 2 0.071830 0.229120 0.579974 0.026119 0.092957
2 2 0.083809 0.238484 0.566908 0.022754 0.088045
2 2 0.077953 0.234992 0.580145 0.021122 0.085788
2 2 0.079456 0.235332 0.572112 0.023656 0.089443
2 2 0.073399 0.230221 0.576611 0.026435 0.093335
2 2 0.088925 0.237916 0.534938 0.035198 0.103024
2 2 0.111441 0.240302 0.476688 0.054436 0.117133
2 2 0.093257 0.186924 0.546141 0.070646 0.103032
2 2 0.066695 0.134283 0.643361 0.075109 0.080553
2 2 0.055352 0.113773 0.702716 0.062380 0.065778
2 2 0.053660 0.106619 0.712787 0.064307 0.062628
2 2 0.075298 0.129796 0.656830 0.066691 0.071385
2 0 0.140782 0.218508 0.484300 0.055978 0.100431
2 1 0.207399 0.263319 0.343932 0.040441 0.144909
2 2 0.204941 0.245815 0.265654 0.028538 0.255052
4 2 0.141715 0.231940 0.289858 0.025011 0.311477
4 2 0.101601 0.215882 0.306516 0.022614 0.353388
2 2 0.094714 0.232644 0.408283 0.030071 0.234287
2 2 0.087104 0.203271 0.498551 0.041652 0.169421
2 1 0.056186 0.140754 0.684622 0.042361 0.076078
2 2 0.074745 0.188877 0.556264 0.031697 0.148418
2 1 0.097073 0.229087 0.376515 0.026924 0.270400
4 2 0.117700 0.213740 0.273989 0.028692 0.365879
4 2 0.115980 0.202448 0.243312 0.026782 0.411478
4 2 0.105213 0.203177 0.258836 0.021818 0.410957
2 2 0.098846 0.222852 0.340022 0.023566 0.314714
2 2 0.090125 0.234486 0.447023 0.032712 0.195653
2 2 0.083412 0.207761 0.520692 0.044880 0.143255
2 2 0.099085 0.194223 0.473187 0.079683 0.153821
2 2 0.106620 0.212428 0.426690 0.076420 0.177842
2 2 0.106887 0.227290 0.415117 0.070479 0.180227
2 2 0.093933 0.232726 0.447142 0.041797 0.184402
2 2 0.054161 0.168659 0.669365 0.029443 0.078373
2 2 0.052168 0.170479 0.673832 0.025768 0.077753
2 1 0.042875 0.136515 0.737155 0.024265 0.059190
2 2 0.042894 0.112420 0.756507 0.033605 0.054574
2 2 0.052063 0.111574 0.718625 0.055298 0.062440
2 2 0.074636 0.139978 0.603442 0.092822 0.089121
2 2 0.070986 0.121288 0.622736 0.104002 0.080988
2 2 0.069784 0.132509 0.628679 0.086119 0.082908
2 2 0.064378 0.146813 0.647810 0.059438 0.081560
2 2 0.064177 0.124643 0.657689 0.077462 0.076030
2 2 0.078445 0.129062 0.583403 0.125253 0.083838
2 2 0.066681 0.090599 0.629371 0.145829 0.067519
2 2 0.080017 0.096458 0.530550 0.223003 0.069972
3 2 0.082398 0.072888 0.382923 0.405173 0.056619
3 2 0.089709 0.081003 0.333061 0.437631 0.058596
3 2 0.093113 0.090352 0.370223 0.376334 0.069978
2 2 0.086505 0.095271 0.469122 0.275766 0.073335
2 2 0.066131 0.079912 0.615672 0.173124 0.065161
2 2 0.057466 0.056958 0.621501 0.212566 0.051509
2 1 0.060151 0.052281 0.561202 0.275658 0.050708
2 2 0.061247 0.047390 0.470712 0.379664 0.040987
2 2 0.057657 0.046407 0.517757 0.339226 0.038953
2 2 0.051471 0.050458 0.643127 0.215295 0.039649
2 2 0.046532 0.056667 0.725179 0.127786 0.043836
2 2 0.063185 0.078116 0.634446 0.163445 0.060808
2 2 0.079559 0.098471 0.548821 0.198290 0.074859
2 1 0.110028 0.099477 0.362284 0.356022 0.072189
3 2 0.124836 0.112825 0.311928 0.374349 0.076061
3 2 0.105369 0.106173 0.300655 0.413466 0.074337
3 2 0.089419 0.083149 0.365099 0.398923 0.063411
3 2 0.077771 0.066284 0.391671 0.412382 0.051892
2 2 0.066422 0.054966 0.476217 0.354180 0.048215
2 2 0.069129 0.057730 0.457772 0.365935 0.049433
2 2 0.066239 0.052973 0.448170 0.388055 0.044562
3 2 0.071671 0.056624 0.374843 0.453889 0.042973
3 2 0.054745 0.036394 0.380777 0.500372 0.027713
3 2 0.050517 0.031588 0.361264 0.533197 0.023434
3 2 0.050379 0.032069 0.391492 0.501261 0.024799
2 2 0.051072 0.034354 0.452224 0.433532 0.028817
2 2 0.055781 0.041118 0.486929 0.379946 0.036226
2 2 0.054631 0.048333 0.592210 0.263177 0.041648
2 2 0.060905 0.074250 0.645789 0.159554 0.059502
2 2 0.068554 0.097611 0.625034 0.136444 0.072357
2 2 0.076527 0.124932 0.592692 0.119142 0.086708
2 2 0.071483 0.159422 0.610799 0.067173 0.091123
2 2 0.068662 0.115409 0.634829 0.109861 0.071239
2 2 0.081549 0.173128 0.571600 0.076717 0.097007
2 2 0.065832 0.196105 0.605649 0.038647 0.093767
2 2 0.065893 0.139062 0.645008 0.068941 0.081095
2 2 0.063404 0.104257 0.661242 0.101020 0.070077
2 2 0.053708 0.074052 0.700529 0.117599 0.054111
2 2 0.052451 0.085353 0.718125 0.087794 0.056278
2 2 0.052353 0.096709 0.720734 0.071086 0.059118
2 2 0.057688 0.112702 0.691860 0.070243 0.067508
2 2 0.078310 0.150960 0.604420 0.077610 0.088701
2 2 0.089316 0.175427 0.572274 0.067611 0.095371
2 2 0.103095 0.214071 0.531220 0.050226 0.101388
2 2 0.119062 0.248546 0.486804 0.040157 0.105431
2 2 0.152720 0.254400 0.437573 0.047049 0.108258
2 2 0.105129 0.209295 0.529178 0.054636 0.101761
2 2 0.104234 0.229674 0.513162 0.046674 0.106256
2 1 0.059867 0.183747 0.642309 0.031515 0.082561
2 2 0.054030 0.184084 0.660827 0.024280 0.076779
2 2 0.043142 0.141491 0.731799 0.023212 0.060356
2 2 0.046688 0.117667 0.738057 0.038526 0.059062
2 2 0.049385 0.099051 0.735260 0.059058 0.057246
2 2 0.065327 0.150914 0.645943 0.056068 0.081748
2 2 0.087200 0.197565 0.555514 0.057271 0.102450
2 2 0.099327 0.229012 0.498541 0.056733 0.116388
2 2 0.121538 0.225120 0.467677 0.068699 0.116967
2 2 0.127789 0.188125 0.541546 0.056092 0.086447
2 0 0.207345 0.231878 0.389331 0.053095 0.118351
0 1 0.294726 0.259750 0.267791 0.038627 0.139107
2 1 0.224065 0.260804 0.293021 0.024298 0.197811
2 1 0.178687 0.256683 0.316124 0.018849 0.229658
2 2 0.098335 0.220554 0.330480 0.021911 0.328720
4 0 0.114393 0.215376 0.289977 0.036087 0.344167
2 0 0.203472 0.245048 0.287474 0.058360 0.205646
0 0 0.280209 0.246431 0.267438 0.063986 0.141936
0 0 0.385737 0.248221 0.230290 0.047745 0.088007
0 1 0.318739 0.270845 0.289084 0.022787 0.098545
2 1 0.251804 0.272016 0.308422 0.018952 0.148806
2 0 0.155548 0.242633 0.303867 0.023913 0.274039
0 0 0.309961 0.223239 0.169668 0.034192 0.262940
0 1 0.411907 0.196389 0.119976 0.061705 0.210024
0 1 0.485360 0.209183 0.139936 0.058868 0.106653
0 1 0.348623 0.231362 0.209310 0.093000 0.117706
0 1 0.351470 0.246054 0.232770 0.061182 0.108524
0 1 0.415986 0.233792 0.191088 0.056208 0.102928
0 1 0.370225 0.248877 0.236313 0.052339 0.092246
0 1 0.422002 0.238256 0.203110 0.050969 0.085664
2 1 0.287128 0.263061 0.303882 0.047692 0.098237
2 1 0.208867 0.271919 0.397149 0.030952 0.091113
2 1 0.146916 0.265744 0.481140 0.021980 0.084220
2 2 0.105873 0.251537 0.539130 0.020107 0.083354
2 2 0.102704 0.249937 0.543306 0.020293 0.083760
2 1 0.160240 0.266985 0.455918 0.026941 0.089916
2 1 0.259636 0.272985 0.349927 0.030588 0.086864
0 0 0.371625 0.254266 0.246527 0.041756 0.085825
0 1 0.450685 0.234390 0.190861 0.044824 0.079240
0 0 0.486924 0.216661 0.158188 0.057577 0.080650
0 1 0.298610 0.260903 0.292105 0.049888 0.098495
2 1 0.186705 0.265451 0.404081 0.041287 0.102476
2 1 0.163831 0.265089 0.440540 0.033548 0.096992
2 1 0.183072 0.270506 0.428639 0.028038 0.089745
2 1 0.152215 0.267211 0.475353 0.021691 0.083530
2 1 0.214276 0.275410 0.403449 0.024008 0.082858
0 0 0.548986 0.215700 0.150120 0.026641 0.058554
0 0 0.809748 0.107928 0.035259 0.012188 0.034876
0 0 0.811385 0.108305 0.036250 0.012461 0.031599
0 0 0.790133 0.115358 0.039267 0.013977 0.041264
0 0 0.817385 0.100774 0.029351 0.010098 0.042392
0 0 0.674306 0.160543 0.077388 0.031209 0.056555
0 0 0.595749 0.185486 0.108988 0.046982 0.062796
0 0 0.506589 0.205848 0.141094 0.065694 0.080774
0 0 0.480864 0.213119 0.154156 0.067118 0.084743
0 0 0.688956 0.157772 0.077611 0.030611 0.045050
0 4 0.675375 0.161814 0.079382 0.030242 0.053188
0 4 0.500368 0.203169 0.111870 0.018456 0.166136
2 4 0.239976 0.253834 0.262723 0.027295 0.216171
4 4 0.213580 0.190976 0.147982 0.035706 0.411756
4 4 0.300746 0.193712 0.130847 0.056070 0.318625
4 4 0.233379 0.216774 0.184105 0.033698 0.332043
4 4 0.226663 0.232408 0.219040 0.031688 0.290201
4 4 0.126119 0.137551 0.101396 0.016633 0.618301
4 4 0.147537 0.169248 0.140538 0.021686 0.520991
4 4 0.111532 0.187850 0.206212 0.016798 0.477607
4 4 0.102235 0.139829 0.117360 0.011062 0.629514
4 4 0.077083 0.066454 0.033199 0.006052 0.817211
4 4 0.126669 0.094215 0.047592 0.009536 0.721988
4 4 0.244759 0.141018 0.072871 0.026702 0.514650
0 4 0.408365 0.153711 0.067575 0.034098 0.336251
0 4 0.477499 0.165797 0.075273 0.036362 0.245069
0 4 0.581874 0.153346 0.060621 0.026892 0.177267
0 4 0.576532 0.161598 0.068894 0.030796 0.162180
0 1 0.592979 0.124247 0.037589 0.016154 0.229030
0 4 0.564482 0.099559 0.023824 0.010083 0.302052
4 4 0.377247 0.096067 0.026493 0.012698 0.487495
4 4 0.381613 0.137900 0.053924 0.018196 0.408366
4 4 0.216782 0.158217 0.098484 0.028398 0.498119
4 4 0.300292 0.173578 0.100386 0.035856 0.389889
2 4 0.194689 0.241444 0.275698 0.047561 0.240609
2 4 0.123604 0.242937 0.366591 0.026535 0.240333
2 4 0.061850 0.225956 0.567135 0.015718 0.129342
4 4 0.083632 0.214431 0.332155 0.011088 0.358694
2 4 0.070788 0.228827 0.462608 0.011347 0.226429
2 4 0.056437 0.223798 0.559936 0.009552 0.150277
2 4 0.055068 0.222016 0.580542 0.010770 0.131604
2 4 0.040988 0.203548 0.668011 0.008916 0.078538
2 4 0.042137 0.202762 0.672182 0.011372 0.071547
2 2 0.047915 0.210846 0.642602 0.013247 0.085390
2 2 0.053383 0.217241 0.614982 0.015051 0.099342
2 1 0.055531 0.218814 0.607808 0.016756 0.101090
2 2 0.064268 0.226368 0.567667 0.019646 0.122050
2 2 0.084100 0.237427 0.490204 0.023831 0.164438
2 2 0.095806 0.241237 0.459506 0.027672 0.175779
2 2 0.126847 0.245733 0.407204 0.048446 0.171770
2 2 0.113609 0.244006 0.451912 0.049493 0.140979
2 2 0.095866 0.238536 0.507701 0.045494 0.112402
2 2 0.068456 0.224736 0.573390 0.032579 0.100839
2 2 0.063579 0.221672 0.589480 0.028789 0.096480
2 2 0.049548 0.186448 0.668443 0.020668 0.074893
2 2 0.044372 0.156855 0.713498 0.020955 0.064321
2 2 0.044340 0.140040 0.729056 0.025299 0.061265
2 2 0.051108 0.177861 0.671828 0.024189 0.075013
2 2 0.053914 0.129886 0.701156 0.046850 0.068194
2 1 0.104015 0.189101 0.540542 0.067192 0.099149
2 1 0.089745 0.220514 0.544852 0.042801 0.102088
2 2 0.118733 0.220295 0.474467 0.070463 0.116042
2 2 0.107413 0.212589 0.467635 0.088928 0.123436
2 2 0.085564 0.204020 0.525591 0.069236 0.115590
2 2 0.065692 0.160508 0.634032 0.053841 0.085929
2 2 0.065754 0.132183 0.648154 0.074623 0.079286
2 2 0.081835 0.145951 0.566473 0.108607 0.097135
2 1 0.085052 0.145494 0.549591 0.119969 0.099894
2 2 0.095331 0.186963 0.492384 0.104445 0.120876
2 2 0.081859 0.191584 0.548681 0.069017 0.108859
2 2 0.113549 0.245867 0.480324 0.047349 0.112910
2 2 0.107120 0.239672 0.520435 0.034711 0.098062
2 2 0.135820 0.258952 0.476538 0.031768 0.096921
2 2 0.115957 0.252763 0.505883 0.029698 0.095699
2 2 0.127354 0.252030 0.467884 0.043741 0.108991
2 1 0.112242 0.244115 0.476574 0.051108 0.115961
2 2 0.095553 0.239156 0.512099 0.042973 0.110220
2 2 0.093639 0.237271 0.510406 0.045857 0.112827
2 2 0.121289 0.248649 0.469834 0.047614 0.112614
2 2 0.191638 0.258161 0.373903 0.060514 0.115784
2 2 0.193257 0.250540 0.343690 0.088845 0.123669
2 2 0.211534 0.248280 0.311008 0.109532 0.119646
2 2 0.136084 0.246081 0.424035 0.068282 0.125518
2 2 0.111790 0.242376 0.476466 0.052727 0.116640
2 2 0.058471 0.135476 0.679009 0.053479 0.073566
2 2 0.047123 0.093630 0.747489 0.057664 0.054094
2 2 0.048631 0.087645 0.740265 0.069601 0.053858
2 2 0.063506 0.103416 0.660359 0.102787 0.069932
2 2 0.085633 0.119619 0.529928 0.183426 0.081393
2 2 0.093713 0.097907 0.392027 0.347301 0.069052
3 2 0.079409 0.063107 0.283107 0.532698 0.041680
3 2 0.066360 0.046204 0.251169 0.607425 0.028843
3 2 0.050299 0.030384 0.301798 0.596832 0.020687
3 0 0.064126 0.045853 0.350200 0.506431 0.033390
2 1 0.121623 0.109941 0.371928 0.315429 0.081078
2 1 0.192482 0.167545 0.279753 0.256677 0.103544
2 2 0.203065 0.206351 0.297622 0.177304 0.115658
2 0 0.217923 0.200285 0.302595 0.165985 0.113212
2 1 0.102933 0.140890 0.590454 0.086245 0.079479
2 2 0.133584 0.204171 0.450519 0.077646 0.134081
2 2 0.136361 0.245358 0.396850 0.060667 0.160765
2 1 0.160328 0.235625 0.312150 0.073218 0.218679
2 2 0.175720 0.251415 0.374426 0.073711 0.124727
2 1 0.191968 0.257437 0.371314 0.062401 0.116879
2 2 0.211829 0.264042 0.367951 0.049501 0.106677
2 1 0.138282 0.187400 0.525443 0.061407 0.087468
2 2 0.120105 0.156764 0.547916 0.088544 0.086671
2 1 0.140329 0.150536 0.517285 0.106107 0.085744
2 1 0.204551 0.219446 0.370138 0.092715 0.113149
2 2 0.199316 0.238616 0.355250 0.085486 0.121332
2 1 0.185810 0.261216 0.391117 0.051455 0.110401
2 1 0.167560 0.261442 0.419796 0.044520 0.106682
2 1 0.216346 0.265607 0.367778 0.046313 0.103955
2 1 0.251147 0.261884 0.325597 0.054918 0.106455
2 2 0.178048 0.251632 0.371915 0.073848 0.124557
2 1 0.107643 0.227207 0.419841 0.098008 0.147300
2 1 0.131064 0.222837 0.328733 0.137494 0.179872
2 2 0.100280 0.143784 0.459422 0.193335 0.103179
2 0 0.105711 0.134397 0.446298 0.207764 0.105830
2 1 0.098840 0.128079 0.543119 0.140882 0.089079
2 1 0.162854 0.208745 0.448941 0.075927 0.103533
2 1 0.143548 0.225900 0.480710 0.050831 0.099011
2 1 0.146410 0.258074 0.447439 0.041955 0.106122
2 1 0.154418 0.255167 0.420484 0.054609 0.115321
2 1 0.157659 0.248428 0.404374 0.065671 0.123868
2 1 0.218973 0.252974 0.345428 0.067636 0.114990
2 1 0.174868 0.250254 0.403056 0.058980 0.112843
2 1 0.209025 0.259463 0.357555 0.060118 0.113839
2 1 0.147269 0.254322 0.431149 0.052701 0.114560
2 2 0.141310 0.246859 0.459743 0.046213 0.105876
2 1 0.108545 0.226908 0.534667 0.036345 0.093534
2 1 0.100635 0.233146 0.539667 0.032464 0.094089
2 1 0.113145 0.249996 0.501235 0.034498 0.101127
2 1 0.131044 0.256024 0.475733 0.035793 0.101407
2 1 0.137961 0.248605 0.472561 0.039840 0.101032
2 1 0.177327 0.264873 0.416216 0.039723 0.101861
2 1 0.192059 0.264578 0.393662 0.044798 0.104903
2 1 0.164673 0.217465 0.443488 0.069887 0.104487
2 1 0.155794 0.237284 0.411226 0.074872 0.120824
2 1 0.206857 0.212505 0.380657 0.091793 0.108187
2 1 0.194447 0.219913 0.366688 0.100166 0.118786
2 2 0.198974 0.220323 0.377655 0.090076 0.112971
2 1 0.175763 0.256244 0.389309 0.061056 0.117629
2 0 0.185429 0.233664 0.424736 0.055866 0.100305
2 0 0.257526 0.223242 0.372071 0.057726 0.089435
2 1 0.218544 0.258943 0.378283 0.044906 0.099325
2 1 0.182273 0.252809 0.421164 0.043904 0.099850
2 1 0.167527 0.260505 0.403080 0.044332 0.124555
2 1 0.213733 0.266817 0.356030 0.038471 0.124949
0 0 0.332758 0.260842 0.259294 0.034198 0.112907
0 1 0.483711 0.213570 0.139647 0.042295 0.120778
0 1 0.363814 0.247835 0.228178 0.050749 0.109424
0 1 0.307351 0.256136 0.267571 0.052331 0.116610
2 1 0.285060 0.263445 0.302438 0.045985 0.103073
0 1 0.336783 0.260446 0.272640 0.041209 0.088921
0 1 0.308441 0.267065 0.301775 0.035504 0.087215
2 1 0.214843 0.273814 0.396689 0.027594 0.087060
2 1 0.156404 0.268073 0.469691 0.022040 0.083792
2 0 0.180617 0.272814 0.442903 0.021711 0.081954
0 0 0.356394 0.262289 0.269145 0.032090 0.080082
0 0 0.650486 0.176004 0.094616 0.026384 0.052511
0 0 0.775552 0.124090 0.047201 0.016998 0.036159
0 0 0.775982 0.125154 0.049389 0.017680 0.031795
0 0 0.714546 0.148288 0.067661 0.026058 0.043447
0 0 0.752036 0.133362 0.054008 0.020020 0.040574
0 0 0.694571 0.151658 0.066925 0.026582 0.060264
0 0 0.657999 0.161940 0.075441 0.031140 0.073481
0 1 0.444467 0.207046 0.133582 0.091487 0.123417
4 1 0.220689 0.164652 0.105475 0.094221 0.414962
4 1 0.162023 0.193225 0.195611 0.173204 0.275937
2 1 0.145726 0.220915 0.288826 0.151636 0.192896
2 1 0.135566 0.224482 0.325829 0.128141 0.185982
2 1 0.118262 0.157885 0.352187 0.260096 0.111570
2 2 0.115003 0.152607 0.370499 0.247606 0.114284
2 2 0.095664 0.137498 0.484836 0.174933 0.107069
2 2 0.092303 0.129067 0.497961 0.184702 0.095967
2 2 0.074510 0.090280 0.567343 0.197417 0.070450
2 2 0.067397 0.124265 0.641730 0.087897 0.078710
2 2 0.064763 0.080323 0.620914 0.177570 0.056429
2 2 0.072977 0.111752 0.612866 0.131071 0.071334
2 2 0.059983 0.130612 0.675025 0.060578 0.073801
2 2 0.065317 0.100155 0.647893 0.116140 0.070495
2 2 0.069101 0.103028 0.625108 0.133864 0.068899
2 2 0.063222 0.110246 0.663760 0.092749 0.070024
2 2 0.061995 0.102368 0.668795 0.100965 0.065876
2 2 0.062986 0.087201 0.649257 0.140855 0.059701
2 2 0.059858 0.062402 0.608534 0.221158 0.048049
2 2 0.054405 0.057679 0.650263 0.191722 0.045931
2 2 0.040625 0.039760 0.719904 0.166253 0.033458
2 2 0.052669 0.048966 0.624880 0.231623 0.041862
2 2 0.053898 0.046151 0.597105 0.258414 0.044432
2 2 0.069732 0.057538 0.441308 0.383321 0.048101
3 2 0.058285 0.040630 0.392079 0.477575 0.031431
3 3 0.056630 0.036477 0.290849 0.591691 0.024353
3 3 0.053431 0.032977 0.271508 0.620705 0.021379
3 3 0.055126 0.033874 0.205470 0.686011 0.019520
3 3 0.059167 0.037556 0.165250 0.718209 0.019819
3 3 0.067439 0.046060 0.135834 0.728184 0.022483
3 3 0.066185 0.044829 0.100641 0.768731 0.019614
3 3 0.062120 0.040928 0.075146 0.805627 0.016179
3 3 0.057294 0.036026 0.078130 0.814068 0.014482
3 3 0.052964 0.032241 0.060165 0.842752 0.011878
3 3 0.052916 0.032037 0.067148 0.835640 0.012259
3 3 0.052300 0.031413 0.069662 0.834443 0.012182
3 3 0.046760 0.026421 0.070398 0.846080 0.010340
3 3 0.047003 0.026642 0.069812 0.846150 0.010394
3 3 0.052595 0.031449 0.085336 0.817531 0.013089
3 3 0.057870 0.036508 0.083453 0.807155 0.015014
3 3 0.055370 0.034316 0.069614 0.827430 0.013270
3 3 0.048240 0.027762 0.067867 0.845419 0.010711
3 3 0.046589 0.026229 0.073326 0.843443 0.010413
3 3 0.040662 0.021194 0.082530 0.846780 0.008834
3 3 0.042537 0.023021 0.059693 0.866194 0.008555
3 3 0.063734 0.042705 0.070677 0.806375 0.016509
3 3 0.088900 0.072528 0.072268 0.738219 0.028084
3 3 0.109514 0.102190 0.085910 0.660092 0.042295
3 3 0.085769 0.068031 0.088477 0.729418 0.028304
3 3 0.061631 0.040553 0.069308 0.812918 0.015589
3 3 0.047307 0.027116 0.058820 0.856788 0.009969
3 3 0.044511 0.024936 0.048652 0.873281 0.008620
3 3 0.047004 0.027183 0.046291 0.870309 0.009212
3 3 0.042726 0.023999 0.032014 0.894040 0.007221
3 3 0.044435 0.025654 0.028776 0.893704 0.007432
3 3 0.041720 0.023321 0.028303 0.899914 0.006743
3 3 0.039992 0.021769 0.030286 0.901499 0.006454
3 3 0.039892 0.021306 0.040517 0.891319 0.006966
3 3 0.041864 0.022784 0.045562 0.882062 0.007729
3 3 0.045853 0.026138 0.047309 0.871765 0.008935
3 3 0.048764 0.029282 0.033995 0.879034 0.008925
3 3 0.045930 0.027100 0.026979 0.892322 0.007670
3 3 0.038992 0.021542 0.019743 0.914175 0.005548
3 3 0.035277 0.018535 0.019187 0.922243 0.004758
3 3 0.036737 0.019374 0.024846 0.913638 0.005405
3 3 0.039152 0.021238 0.026847 0.906707 0.006056
3 3 0.043904 0.025078 0.030819 0.892760 0.007438
3 3 0.037771 0.019903 0.031521 0.904803 0.006001
3 3 0.037635 0.019667 0.035011 0.901543 0.006143
3 3 0.043524 0.024369 0.039719 0.884513 0.007875
3 3 0.056687 0.036324 0.045608 0.849244 0.012137
3 3 0.064483 0.044109 0.051744 0.824356 0.015307
3 3 0.072491 0.053178 0.048954 0.807334 0.018043
3 3 0.063548 0.043575 0.042289 0.836462 0.014125
3 3 0.056786 0.037257 0.030941 0.864094 0.010922
3 3 0.044746 0.026210 0.024371 0.897491 0.007181
3 3 0.052133 0.032927 0.026991 0.878690 0.009259
3 3 0.052668 0.033196 0.030435 0.873989 0.009712
3 3 0.054295 0.034495 0.035028 0.865618 0.010563
3 3 0.050214 0.030627 0.034095 0.875733 0.009330
3 3 0.043933 0.025774 0.020584 0.903026 0.006683
3 3 0.043331 0.025445 0.018233 0.906648 0.006343
3 3 0.047025 0.028162 0.026027 0.890920 0.007865
3 3 0.052768 0.032792 0.039138 0.864863 0.010438
3 3 0.052409 0.032055 0.048765 0.855775 0.010996
3 3 0.050765 0.030782 0.041639 0.866789 0.010025
3 3 0.054350 0.034182 0.042080 0.858254 0.011135
3 3 0.050088 0.030703 0.030755 0.879417 0.009037
3 3 0.048493 0.029252 0.030085 0.883609 0.008561
3 3 0.047524 0.028859 0.022968 0.892922 0.007727
3 3 0.042421 0.024199 0.023718 0.903072 0.006590
3 3 0.044340 0.025980 0.022548 0.900192 0.006940
3 3 0.043173 0.024732 0.025621 0.899570 0.006904
3 3 0.048974 0.029726 0.029654 0.882993 0.008653
3 3 0.049343 0.030324 0.026014 0.885873 0.008446
3 3 0.057544 0.038322 0.027407 0.865946 0.010781
3 3 0.055341 0.036231 0.025611 0.872835 0.009983
3 3 0.050824 0.031578 0.028137 0.880446 0.009015
3 3 0.043617 0.025154 0.025130 0.899127 0.006972
3 3 0.039585 0.021444 0.030016 0.902611 0.006343
3 3 0.037567 0.019784 0.030429 0.906323 0.005897
3 3 0.045496 0.026183 0.037159 0.882909 0.008253
3 3 0.051049 0.031641 0.030355 0.877692 0.009263
3 3 0.046223 0.027445 0.025799 0.892884 0.007650
3 3 0.044903 0.026450 0.023028 0.898509 0.007110
3 3 0.045533 0.026786 0.026295 0.893867 0.007520
3 3 0.049747 0.030751 0.025441 0.885563 0.008498
3 3 0.051450 0.032368 0.025688 0.881535 0.008959
3 3 0.052885 0.033683 0.026736 0.877261 0.009435
3 3 0.047431 0.028870 0.021831 0.894266 0.007602
3 3 0.043531 0.025215 0.023140 0.901313 0.006801
3 3 0.039023 0.021295 0.023870 0.909972 0.005841
3 3 0.041877 0.023406 0.029238 0.898639 0.006840
3 3 0.048271 0.028824 0.034078 0.880030 0.008797
3 3 0.057109 0.037165 0.037287 0.856844 0.011596
3 3 0.056333 0.036182 0.041077 0.854735 0.011672
3 3 0.053578 0.033246 0.046601 0.855357 0.011219
3 3 0.049399 0.029125 0.053297 0.857850 0.010329
3 3 0.045170 0.025617 0.044840 0.875766 0.008607
3 3 0.051174 0.031486 0.034959 0.872718 0.009663
3 0 0.073642 0.054916 0.042673 0.810995 0.017774
3 0 0.156171 0.119142 0.088131 0.592102 0.044454
0 2 0.274229 0.221447 0.213137 0.163486 0.127702
0 2 0.422177 0.218324 0.169137 0.084812 0.105550
0 1 0.374282 0.251328 0.239779 0.046247 0.088365
2 1 0.151397 0.261902 0.447774 0.034870 0.104057
2 0 0.117697 0.254607 0.499801 0.027092 0.100803
2 0 0.103742 0.244171 0.450043 0.030421 0.171623
2 1 0.087983 0.235179 0.449712 0.026437 0.200689
2 1 0.090469 0.230207 0.398365 0.022231 0.258728
2 1 0.085060 0.230425 0.415252 0.018682 0.250580
2 1 0.107917 0.251865 0.486720 0.023048 0.130449
2 1 0.046569 0.207307 0.656273 0.014783 0.075068
2 1 0.074920 0.233511 0.591496 0.018455 0.081617
2 1 0.087680 0.241739 0.566973 0.019923 0.083685
2 1 0.126083 0.258442 0.502578 0.024353 0.088544
2 1 0.170263 0.267020 0.436481 0.031652 0.094584
2 1 0.246669 0.271818 0.357210 0.033551 0.090751
2 1 0.211379 0.269163 0.384613 0.037574 0.097272
2 1 0.227289 0.268891 0.366448 0.039636 0.097735
2 1 0.265167 0.270329 0.337787 0.035627 0.091091
0 2 0.350725 0.260459 0.260442 0.034755 0.093619
0 2 0.421889 0.251729 0.222656 0.026050 0.077675
0 2 0.523078 0.218932 0.146062 0.025688 0.086240
0 2 0.389058 0.256065 0.235121 0.028723 0.091034
0 2 0.314588 0.265833 0.284977 0.033305 0.101298
2 1 0.185027 0.264888 0.404548 0.042178 0.103359
2 1 0.118158 0.247192 0.472417 0.048612 0.113622
2 1 0.104545 0.210728 0.506384 0.066723 0.111619
2 1 0.112356 0.227179 0.499240 0.052943 0.108282
2 1 0.123365 0.246204 0.454118 0.056914 0.119399
2 1 0.144225 0.255741 0.442875 0.046822 0.110338
2 1 0.225622 0.256302 0.332516 0.068699 0.116861
0 1 0.287449 0.252233 0.278772 0.070734 0.110811
0 1 0.416707 0.219976 0.175421 0.088102 0.099794
0 1 0.357715 0.240052 0.224124 0.074465 0.103644
0 1 0.308942 0.259758 0.284000 0.049876 0.097423
2 1 0.207686 0.268815 0.387855 0.037840 0.097804
2 1 0.117064 0.254898 0.513787 0.024746 0.089505
2 1 0.132992 0.256852 0.474300 0.035182 0.100673
2 1 0.145961 0.258928 0.451910 0.039362 0.103839
2 1 0.141701 0.252058 0.434147 0.055268 0.116826
2 1 0.138453 0.256327 0.458283 0.041052 0.105886
2 1 0.119803 0.253185 0.495208 0.032820 0.098985
2 2 0.127183 0.256395 0.488428 0.031197 0.096796
2 1 0.146421 0.254662 0.434139 0.051227 0.113551
2 1 0.153020 0.189159 0.428109 0.116625 0.113088
2 1 0.210537 0.198823 0.299573 0.169823 0.121244
2 1 0.231682 0.209084 0.294319 0.139545 0.125371
2 1 0.182874 0.245535 0.348292 0.091328 0.131971
2 1 0.208390 0.258603 0.355780 0.062137 0.115089
2 1 0.177663 0.264176 0.413162 0.041567 0.103432
2 1 0.167405 0.265931 0.437271 0.033102 0.096291
2 1 0.225859 0.269354 0.369345 0.038526 0.096915
2 1 0.244246 0.267604 0.346807 0.042658 0.098685
2 1 0.230667 0.270001 0.366520 0.037332 0.095481
2 1 0.195906 0.264214 0.387413 0.046543 0.105924
2 1 0.203488 0.261919 0.363590 0.051300 0.119703
2 1 0.194892 0.261928 0.376467 0.050665 0.116049
2 1 0.197815 0.265185 0.388127 0.044607 0.104266
2 1 0.227538 0.267685 0.362515 0.042344 0.099918
2 1 0.167656 0.266633 0.439684 0.031465 0.094562
2 1 0.199199 0.268887 0.398832 0.036146 0.096936
2 1 0.146907 0.254334 0.431923 0.052438 0.114398
2 1 0.199879 0.260696 0.366401 0.054326 0.118699
2 1 0.239613 0.263486 0.339303 0.051906 0.105692
0 1 0.411471 0.239343 0.196373 0.044139 0.108674
0 1 0.475185 0.227041 0.166233 0.037766 0.093775
0 1 0.499758 0.223223 0.155661 0.030891 0.090466
0 1 0.511823 0.228529 0.173139 0.025762 0.060746
0 0 0.609154 0.190852 0.109632 0.026140 0.064222
0 1 0.556041 0.204291 0.129252 0.035354 0.075063
2 1 0.176806 0.270788 0.440616 0.025124 0.086665
2 2 0.060542 0.219977 0.603522 0.024720 0.091239
2 2 0.081186 0.188992 0.553063 0.069193 0.107565
2 2 0.082167 0.090915 0.496621 0.259800 0.070498
2 2 0.066435 0.055191 0.479235 0.350503 0.048636
2 4 0.072424 0.097964 0.610797 0.136683 0.082132
4 4 0.105727 0.216074 0.301854 0.026449 0.349895
4 4 0.086214 0.081357 0.045282 0.006489 0.780657
4 4 0.074340 0.040608 0.013208 0.003216 0.868628
4 4 0.070237 0.029587 0.007597 0.002909 0.889671
4 4 0.114832 0.045120 0.012499 0.005762 0.821787
4 4 0.166942 0.047141 0.010724 0.005650 0.769543
4 4 0.199289 0.063593 0.017183 0.009138 0.710797
4 4 0.258632 0.070616 0.017906 0.009041 0.643805
4 4 0.194302 0.060306 0.015736 0.008342 0.721314
4 4 0.142785 0.054711 0.015535 0.005372 0.781597
4 4 0.113281 0.047363 0.013717 0.005128 0.820512
4 4 0.075386 0.032870 0.009010 0.004658 0.878075
4 4 0.074824 0.030187 0.007734 0.004620 0.882635
4 4 0.100669 0.034197 0.008048 0.004558 0.852528
4 4 0.137205 0.043393 0.010390 0.005677 0.803336
4 4 0.236083 0.064235 0.015727 0.008000 0.675955
4 4 0.196848 0.046207 0.009260 0.004648 0.743038
4 4 0.248027 0.059085 0.012936 0.006389 0.673562
4 4 0.227251 0.075101 0.021761 0.009875 0.666012
4 4 0.334067 0.082081 0.020695 0.009992 0.553165
4 4 0.267433 0.078853 0.021822 0.011142 0.620749
4 4 0.356002 0.111148 0.036422 0.015641 0.480788
4 4 0.235867 0.098236 0.036226 0.016541 0.613130
4 4 0.198070 0.073880 0.023193 0.012708 0.692149
4 4 0.182836 0.065962 0.019531 0.010706 0.720965
4 4 0.133865 0.052693 0.015445 0.008818 0.789178
4 4 0.099499 0.056516 0.021511 0.011678 0.810796
4 4 0.092233 0.102028 0.068634 0.012226 0.724879
4 4 0.076469 0.088508 0.057422 0.006639 0.770963
4 4 0.061690 0.053461 0.025217 0.004541 0.855090
4 4 0.061647 0.051606 0.023659 0.004679 0.858409
4 4 0.070475 0.059771 0.029012 0.006733 0.834008
4 4 0.105119 0.059329 0.022535 0.009724 0.803292
4 4 0.228295 0.070609 0.019360 0.010118 0.671617
4 4 0.209658 0.060592 0.015122 0.007859 0.706770
4 4 0.206036 0.050370 0.010643 0.005365 0.727587
4 4 0.102041 0.037987 0.009787 0.005636 0.844549
4 4 0.094508 0.044316 0.013693 0.005859 0.841625
4 4 0.070926 0.060547 0.029109 0.004749 0.834669
4 2 0.081225 0.066098 0.031826 0.006253 0.814599
4 2 0.083395 0.098977 0.067913 0.008515 0.741200
4 2 0.093966 0.157661 0.157724 0.011431 0.579217
4 2 0.092730 0.207785 0.290144 0.014373 0.394969
2 2 0.055401 0.222253 0.579394 0.010942 0.132010
2 2 0.046195 0.211049 0.639521 0.010206 0.093029
2 2 0.046999 0.211301 0.639508 0.011211 0.090981
2 2 0.043348 0.205101 0.663915 0.011274 0.076361
2 2 0.038600 0.197352 0.689640 0.010019 0.064389
2 2 0.038385 0.197049 0.690564 0.009905 0.064095
2 2 0.042965 0.203106 0.671137 0.012498 0.070295
2 2 0.046487 0.207216 0.656608 0.014729 0.074960
2 2 0.047928 0.209852 0.646753 0.014413 0.081055
2 2 0.056921 0.219603 0.604068 0.018209 0.101199
2 2 0.054923 0.185617 0.644304 0.021389 0.093767
2 2 0.032857 0.150303 0.755112 0.010562 0.051166
2 2 0.035007 0.140476 0.758670 0.013881 0.051965
2 2 0.034340 0.149971 0.751123 0.011850 0.052717
2 2 0.027767 0.134699 0.785800 0.008300 0.043433
2 2 0.030172 0.168476 0.743697 0.007030 0.050626
2 2 0.027501 0.160783 0.759176 0.006018 0.046521
2 2 0.028513 0.157917 0.759435 0.006796 0.047340
2 2 0.031168 0.157991 0.751962 0.008502 0.050378
2 2 0.036385 0.194122 0.699279 0.008877 0.061337
2 2 0.041572 0.201354 0.676975 0.011674 0.068426
2 2 0.042644 0.202710 0.672474 0.012306 0.069866
2 2 0.043188 0.203379 0.670207 0.012633 0.070592
2 2 0.035602 0.183131 0.713090 0.009273 0.058904
2 2 0.036925 0.169309 0.723746 0.011604 0.058416
2 2 0.045807 0.198944 0.667165 0.015207 0.072877
2 2 0.053286 0.205520 0.637888 0.021039 0.082268
2 2 0.056179 0.216428 0.618010 0.022004 0.087380
2 2 0.052732 0.211548 0.633505 0.019515 0.082700
2 2 0.063991 0.222876 0.595357 0.025505 0.092270
2 2 0.076626 0.232134 0.567987 0.028003 0.095249
2 2 0.100867 0.245646 0.524807 0.030883 0.097796
2 2 0.135885 0.260515 0.483955 0.027556 0.092088
2 2 0.244242 0.274235 0.367112 0.028502 0.085909
0 0 0.482414 0.232501 0.182826 0.033266 0.068994
0 2 0.628429 0.175398 0.094505 0.039708 0.061960
0 0 0.674000 0.160134 0.076421 0.030870 0.058574
0 1 0.554436 0.200367 0.118772 0.033068 0.093357
0 1 0.469133 0.217982 0.140988 0.030949 0.140949
0 1 0.405723 0.214206 0.144316 0.049103 0.186652
2 1 0.250585 0.244269 0.262487 0.073013 0.169645
2 1 0.239419 0.232860 0.252138 0.106165 0.169418
2 1 0.170325 0.250264 0.378513 0.074973 0.125925
2 1 0.194110 0.267083 0.399378 0.039275 0.100154
2 1 0.194622 0.271324 0.414085 0.029442 0.090527
2 1 0.151229 0.263732 0.460852 0.030077 0.094111
2 2 0.170772 0.261791 0.396390 0.040975 0.130072
2 0 0.144300 0.256804 0.415305 0.037569 0.146022
2 1 0.162583 0.260317 0.376774 0.030195 0.170131
2 1 0.181975 0.261317 0.339366 0.024454 0.192888
2 1 0.154948 0.262465 0.399682 0.026402 0.156502
2 1 0.148313 0.264891 0.430642 0.022913 0.133242
2 1 0.147189 0.262744 0.465694 0.030046 0.094327
2 1 0.292021 0.263837 0.296284 0.042835 0.105023
0 1 0.315364 0.241088 0.229967 0.074098 0.139484
2 2 0.233402 0.263354 0.334198 0.048632 0.120413
2 1 0.154586 0.258681 0.419207 0.043127 0.124400
2 1 0.142767 0.254654 0.414430 0.042522 0.145626
2 0 0.188789 0.261832 0.370599 0.045212 0.133568
0 0 0.371872 0.246168 0.223930 0.052009 0.106020
0 1 0.308055 0.253622 0.255272 0.051395 0.131656
2 2 0.185405 0.257447 0.348934 0.046268 0.161946
2 2 0.154366 0.252025 0.360516 0.038234 0.194859
2 2 0.098746 0.228340 0.368912 0.027830 0.276172
2 2 0.079404 0.234757 0.491741 0.021872 0.172227
2 2 0.057317 0.219125 0.606367 0.019828 0.097363
2 2 0.058342 0.219368 0.621765 0.018560 0.081965
2 2 0.060983 0.221308 0.610940 0.020966 0.085804
2 2 0.067126 0.226469 0.597303 0.021919 0.087184
2 2 0.061487 0.220333 0.597485 0.026755 0.093940
2 2 0.066634 0.223434 0.577851 0.031934 0.100146
2 2 0.063607 0.221689 0.589371 0.028818 0.096514
2 2 0.060754 0.209830 0.610049 0.028208 0.091159
2 2 0.063539 0.221647 0.589632 0.028750 0.096432
2 2 0.075371 0.229073 0.555787 0.035717 0.104052
2 2 0.090862 0.237574 0.523955 0.039946 0.107663
2 1 0.075552 0.231150 0.568287 0.028779 0.096233
2 1 0.089773 0.240575 0.546725 0.028045 0.094882
2 1 0.132030 0.259579 0.490205 0.026805 0.091381
2 2 0.179410 0.269148 0.429189 0.030032 0.092221
2 2 0.194017 0.271624 0.416130 0.028595 0.089634
2 2 0.176254 0.268144 0.430483 0.031308 0.093811
2 2 0.152623 0.264585 0.461581 0.028725 0.092487
2 2 0.112440 0.252845 0.519310 0.025151 0.090254
2 2 0.112288 0.254220 0.528457 0.020832 0.084202
2 2 0.094881 0.246705 0.561766 0.017370 0.079278
2 2 0.097291 0.248777 0.564523 0.014820 0.074588
2 1 0.107700 0.254361 0.551769 0.013831 0.072339
2 1 0.109744 0.255238 0.548140 0.014092 0.072786
2 2 0.108892 0.253022 0.535345 0.019870 0.082870
2 2 0.132645 0.257372 0.477637 0.033443 0.098903
2 2 0.155632 0.259042 0.432449 0.044931 0.107946
2 2 0.175839 0.266665 0.425367 0.034765 0.097364
2 2 0.168045 0.267389 0.442116 0.029764 0.092686
2 2 0.170341 0.268944 0.444470 0.026948 0.089297
2 2 0.158534 0.267466 0.461845 0.024798 0.087357
2 2 0.175946 0.270702 0.441795 0.024997 0.086560
2 2 0.183628 0.273801 0.442139 0.020442 0.079989
2 1 0.187231 0.274777 0.440461 0.019348 0.078181
2 2 0.130623 0.262899 0.514324 0.016215 0.075939
2 2 0.127473 0.261025 0.513273 0.018426 0.079803
2 2 0.125809 0.257290 0.497200 0.027334 0.092366
2 0 0.211288 0.268764 0.383404 0.038473 0.098071
0 0 0.356987 0.253054 0.249059 0.049042 0.091858
0 1 0.423335 0.248610 0.221550 0.032367 0.074137
0 0 0.380311 0.249533 0.214973 0.033318 0.121866
0 1 0.396200 0.217187 0.137119 0.018259 0.231236
0 0 0.342767 0.204797 0.126479 0.016454 0.309503
0 1 0.395929 0.244002 0.182501 0.015838 0.161731
0 1 0.358066 0.226967 0.157901 0.018424 0.238642
0 1 0.338318 0.254160 0.224058 0.025361 0.158103
2 1 0.251767 0.262577 0.296929 0.037150 0.151576
2 1 0.235256 0.263460 0.316899 0.040036 0.144350
2 1 0.142457 0.255790 0.417822 0.039541 0.144389
2 1 0.106400 0.247529 0.468365 0.029756 0.147950
2 1 0.102230 0.241042 0.440520 0.034244 0.181965
2 1 0.095095 0.242768 0.495011 0.029915 0.137211
2 1 0.102925 0.243292 0.486582 0.040431 0.126770
2 1 0.119848 0.250156 0.455579 0.038923 0.135493
2 1 0.152475 0.251130 0.372907 0.047463 0.176026
2 1 0.155637 0.254581 0.374997 0.040155 0.174630
2 1 0.154445 0.255375 0.396825 0.046938 0.146417
2 1 0.163138 0.257254 0.388059 0.046002 0.145547
2 1 0.166603 0.254131 0.357672 0.044189 0.177405
2 1 0.154878 0.258425 0.404531 0.040057 0.142109
2 1 0.152186 0.261165 0.444606 0.037258 0.104785
2 4 0.202254 0.270316 0.399865 0.033444 0.094120
2 1 0.207451 0.271726 0.398234 0.031159 0.091431
2 1 0.122166 0.257252 0.509093 0.023671 0.087818
2 1 0.088276 0.241860 0.552279 0.022446 0.095140
0 1 0.298599 0.226209 0.208201 0.127842 0.139149
2 1 0.162072 0.258578 0.412107 0.048252 0.118991
2 1 0.272346 0.262940 0.312981 0.050311 0.101422
0 1 0.442354 0.234655 0.182651 0.039589 0.100751
0 1 0.475002 0.229619 0.171237 0.035281 0.088861
0 1 0.397669 0.245831 0.222489 0.047464 0.086547
0 1 0.489472 0.229305 0.176721 0.035069 0.069433
0 1 0.387346 0.250882 0.234950 0.042272 0.084551
2 1 0.302926 0.269524 0.311166 0.031857 0.084527
2 1 0.203447 0.267163 0.387549 0.040984 0.100858
0 1 0.299454 0.254865 0.260067 0.049485 0.136129
0 1 0.316030 0.249292 0.244730 0.058508 0.131440
2 1 0.260870 0.266801 0.323474 0.041207 0.107649
2 1 0.167216 0.265841 0.437252 0.033243 0.096448
2 0 0.204035 0.274297 0.392158 0.023934 0.105577
2 0 0.209201 0.277168 0.402756 0.019869 0.091005
2 1 0.203514 0.274237 0.387052 0.023194 0.112003
2 1 0.211239 0.276588 0.388755 0.020598 0.102820
2 1 0.208217 0.271737 0.375850 0.028563 0.115632
2 1 0.272216 0.272301 0.331938 0.030056 0.093490
2 1 0.293467 0.265458 0.306054 0.041636 0.093384
2 1 0.238367 0.270448 0.360508 0.036535 0.094142
2 1 0.172453 0.264857 0.417076 0.037337 0.108278
2 1 0.154279 0.263398 0.448653 0.032783 0.100886
2 1 0.093402 0.238666 0.518584 0.040905 0.108443
2 1 0.139755 0.253111 0.442343 0.050936 0.113855
2 1 0.130684 0.248943 0.446859 0.055592 0.117922
2 1 0.111271 0.238478 0.509625 0.039210 0.101415
2 1 0.170049 0.253556 0.389161 0.066081 0.121153
0 1 0.366741 0.234134 0.210871 0.082892 0.105362
2 1 0.263043 0.241308 0.269547 0.101005 0.125097
2 1 0.159062 0.255327 0.412734 0.056597 0.116280
2 2 0.103663 0.244522 0.507576 0.038546 0.105692
2 2 0.095119 0.240422 0.520544 0.038165 0.105750
2 2 0.084379 0.235071 0.541304 0.035611 0.103635
2 2 0.074773 0.230065 0.566027 0.030650 0.098485
2 2 0.062272 0.221001 0.595688 0.026909 0.094131
2 2 0.057507 0.217476 0.612840 0.023139 0.089038
2 2 0.058873 0.218503 0.607549 0.024344 0.090730
2 2 0.057785 0.184423 0.643688 0.030953 0.083151
2 2 0.057281 0.163907 0.663326 0.036929 0.078557
2 2 0.074057 0.225980 0.571979 0.030896 0.097089
2 2 0.082081 0.236228 0.561602 0.026674 0.093415
2 2 0.148003 0.260312 0.453176 0.037012 0.101497
2 2 0.194008 0.248162 0.396830 0.055131 0.105869
2 2 0.244795 0.185027 0.339180 0.128104 0.102893
0 1 0.301613 0.156038 0.246326 0.221274 0.074751
0 2 0.345384 0.167376 0.219693 0.192503 0.075045
0 2 0.363787 0.203547 0.152142 0.198309 0.082216
0 2 0.342107 0.192865 0.129315 0.263824 0.071889
0 1 0.335781 0.172919 0.101987 0.332929 0.056384
0 2 0.347252 0.172824 0.099837 0.324852 0.055235
3 2 0.310162 0.157186 0.087224 0.397441 0.047988
3 2 0.297850 0.165553 0.099811 0.381351 0.055435
3 1 0.220156 0.154665 0.129039 0.433577 0.062563
0 2 0.287047 0.202025 0.161200 0.260179 0.089550
0 2 0.334062 0.221625 0.191224 0.145489 0.107601
0 2 0.343384 0.225064 0.200533 0.117698 0.113321
0 2 0.401052 0.187170 0.110537 0.239622 0.061619
3 2 0.290709 0.142921 0.074516 0.451013 0.040841
3 2 0.335029 0.122140 0.049386 0.466406 0.027039
3 2 0.279201 0.099620 0.036925 0.564179 0.020075
3 2 0.282340 0.118020 0.079504 0.485021 0.035116
3 2 0.186678 0.098113 0.167456 0.506966 0.040786
3 2 0.268991 0.110577 0.200301 0.375895 0.044237
3 2 0.198929 0.117025 0.191814 0.439385 0.052847
3 2 0.243550 0.153189 0.170278 0.366613 0.066370
3 2 0.228186 0.179570 0.142831 0.370822 0.078590
3 2 0.253430 0.194004 0.158635 0.305860 0.088070
3 2 0.221664 0.138475 0.101331 0.489465 0.049065
3 2 0.162470 0.092892 0.100031 0.611458 0.033149
3 2 0.103131 0.058087 0.203293 0.606424 0.029066
3 2 0.157625 0.085117 0.234555 0.480912 0.041792
3 2 0.251393 0.153257 0.198741 0.326494 0.070115
0 2 0.365900 0.184103 0.121743 0.263946 0.064309
3 2 0.235850 0.190241 0.159310 0.326663 0.087936
3 2 0.217646 0.207635 0.209995 0.248199 0.116524
0 2 0.256295 0.214978 0.205327 0.208912 0.114488
3 2 0.264162 0.186932 0.141529 0.329208 0.078169
3 0 0.307269 0.159749 0.090808 0.392197 0.049977
0 0 0.296644 0.200535 0.154963 0.261766 0.086092
0 0 0.437569 0.212876 0.152530 0.110608 0.086417
0 0 0.500129 0.207085 0.143496 0.067177 0.082112
0 0 0.553040 0.195726 0.123175 0.055181 0.072878
0 1 0.495087 0.203139 0.130285 0.097463 0.074025
3 1 0.272967 0.167978 0.139593 0.351264 0.068197
3 1 0.110993 0.076978 0.135265 0.642245 0.034519
3 1 0.120729 0.076187 0.157950 0.610344 0.034791
3 1 0.122505 0.078821 0.203416 0.555380 0.039878
3 1 0.138902 0.099629 0.225813 0.482263 0.053392
2 1 0.189289 0.186897 0.273365 0.252562 0.097888
2 2 0.170848 0.251538 0.373346 0.082144 0.122125
2 1 0.191734 0.261662 0.384624 0.051839 0.110141
2 0 0.179373 0.256926 0.386333 0.060451 0.116917
2 1 0.176278 0.251273 0.373235 0.074263 0.124951
2 1 0.175612 0.206791 0.286677 0.203706 0.127213
