0 0 0.809038 0.059907 0.044434 0.005532 0.081089
0 0 0.805571 0.037111 0.021434 0.005387 0.130497
0 0 0.915276 0.014160 0.008169 0.002110 0.060285
0 0 0.918950 0.013243 0.007566 0.001952 0.058289
0 0 0.967567 0.004945 0.002531 0.000331 0.024626
0 0 0.956776 0.006185 0.003216 0.000594 0.033229
0 0 0.958596 0.003325 0.001531 0.000590 0.035958
0 0 0.965412 0.001360 0.000498 0.000255 0.032474
0 0 0.982625 0.000539 0.000190 0.000099 0.016548
0 0 0.976280 0.000915 0.000346 0.000188 0.022271
0 0 0.951088 0.003066 0.001368 0.000819 0.043660
0 0 0.952911 0.005470 0.002748 0.000736 0.038134
0 0 0.926372 0.012099 0.006850 0.001612 0.053068
0 0 0.515469 0.035337 0.012507 0.004862 0.431824
4 0 0.140224 0.035465 0.007771 0.001685 0.814855
4 0 0.287044 0.040606 0.011437 0.003345 0.657568
0 0 0.600434 0.031152 0.011852 0.005057 0.351504
0 0 0.888732 0.009079 0.004245 0.002486 0.095458
0 0 0.942263 0.006658 0.003410 0.001102 0.046567
0 0 0.962706 0.004424 0.002180 0.000464 0.030227
0 0 0.955024 0.006299 0.003274 0.000646 0.034758
0 0 0.954221 0.006994 0.003709 0.000651 0.034425
0 0 0.944002 0.008636 0.004686 0.000964 0.041711
0 0 0.942056 0.008979 0.004894 0.001029 0.043042
0 0 0.930013 0.011536 0.006500 0.001457 0.050494
0 0 0.929939 0.008689 0.004610 0.001593 0.055169
0 0 0.925161 0.006121 0.003007 0.001905 0.063806
0 0 0.945966 0.005270 0.002591 0.000988 0.045185
0 0 0.944128 0.005707 0.002843 0.001051 0.046271
0 0 0.928053 0.005745 0.002797 0.001763 0.061642
0 0 0.924595 0.006195 0.003049 0.001933 0.064228
0 0 0.944059 0.003820 0.001757 0.001071 0.049292
0 0 0.858265 0.013928 0.007037 0.004345 0.116425
0 0 0.824341 0.016589 0.007955 0.004588 0.146527
0 0 0.813679 0.015869 0.007114 0.003830 0.159507
0 0 0.889510 0.009901 0.004889 0.003016 0.092683
0 0 0.935331 0.007090 0.003637 0.001390 0.052552
0 0 0.897752 0.016562 0.009688 0.003102 0.072897
0 0 0.888787 0.016586 0.009620 0.003782 0.081225
0 0 0.895651 0.010378 0.005496 0.003640 0.084835
0 0 0.880660 0.012801 0.006988 0.004712 0.094839
0 0 0.885986 0.010956 0.005617 0.003581 0.093860
0 0 0.812300 0.018658 0.009141 0.005349 0.154551
0 0 0.768436 0.021701 0.009969 0.005383 0.194512
0 0 0.898567 0.011140 0.006000 0.003394 0.080898
0 0 0.897097 0.012487 0.006873 0.003421 0.080122
0 0 0.887451 0.014703 0.008166 0.003678 0.086002
0 0 0.875540 0.015369 0.008254 0.003793 0.097044
0 0 0.880429 0.012571 0.006385 0.003241 0.097374
0 0 0.917652 0.011847 0.006597 0.002110 0.061794
0 0 0.880734 0.012500 0.006238 0.002934 0.097594
0 0 0.938613 0.004445 0.002088 0.001288 0.053567
0 0 0.940320 0.004245 0.001981 0.001218 0.052235
0 0 0.955294 0.002901 0.001291 0.000686 0.039828
0 0 0.948083 0.005663 0.002837 0.000901 0.042516
0 0 0.948489 0.005989 0.003045 0.000883 0.041593
0 0 0.937475 0.006427 0.003243 0.001311 0.051543
0 0 0.947704 0.006666 0.003450 0.000889 0.041290
0 0 0.958993 0.004640 0.002286 0.000563 0.033517
0 0 0.961294 0.004114 0.001989 0.000507 0.032096
0 0 0.964098 0.003081 0.001417 0.000445 0.030960
0 0 0.958106 0.004105 0.001968 0.000598 0.035223
0 0 0.950672 0.003950 0.001850 0.000834 0.042694
0 0 0.948266 0.006124 0.003118 0.000884 0.041608
0 0 0.943382 0.006471 0.003302 0.001062 0.045783
0 0 0.922701 0.009964 0.005386 0.001919 0.060030
0 0 0.919359 0.012142 0.006812 0.001994 0.059692
0 0 0.916593 0.014652 0.008531 0.001999 0.058225
0 0 0.918954 0.017614 0.011971 0.001944 0.049517
0 0 0.940912 0.013301 0.007901 0.000867 0.037019
0 0 0.950204 0.010084 0.005741 0.000670 0.033300
0 0 0.948538 0.009800 0.005520 0.000742 0.035400
0 0 0.948216 0.007219 0.003803 0.000853 0.039909
0 0 0.953321 0.007112 0.003777 0.000677 0.035113
0 0 0.942707 0.008383 0.004508 0.001026 0.043375
0 0 0.933140 0.010648 0.005926 0.001350 0.048936
0 0 0.920910 0.012301 0.006935 0.001897 0.057958
0 0 0.928478 0.017447 0.010785 0.001169 0.042121
0 0 0.886190 0.034124 0.023450 0.002198 0.054037
0 0 0.913716 0.024431 0.016017 0.001407 0.044429
0 0 0.894447 0.024533 0.015641 0.002622 0.062756
0 0 0.870971 0.035923 0.024542 0.003154 0.065410
0 1 0.773303 0.067350 0.047931 0.006971 0.104445
0 1 0.543784 0.114702 0.065762 0.010671 0.265081
4 0 0.083493 0.050403 0.011945 0.002665 0.851494
4 1 0.098096 0.073955 0.021853 0.006064 0.800032
4 4 0.133598 0.072343 0.022395 0.006660 0.765005
4 4 0.109913 0.085980 0.027571 0.007696 0.768840
4 4 0.061659 0.074686 0.020603 0.005166 0.837887
4 4 0.032387 0.065930 0.015652 0.003246 0.882784
4 4 0.014942 0.058633 0.011984 0.002040 0.912401
4 4 0.007882 0.041904 0.006787 0.000888 0.942540
4 4 0.006159 0.047291 0.007901 0.001044 0.937605
4 4 0.006936 0.063677 0.012453 0.001920 0.915012
4 4 0.007011 0.071354 0.014787 0.002408 0.904441
4 4 0.009292 0.076953 0.017087 0.003030 0.893638
4 4 0.010057 0.095903 0.024094 0.004822 0.865123
4 4 0.012911 0.100275 0.026542 0.005683 0.854589
4 4 0.014168 0.117111 0.034143 0.008061 0.826518
4 4 0.019120 0.116060 0.034879 0.008665 0.821277
4 4 0.015644 0.086409 0.021601 0.004448 0.871898
4 4 0.013742 0.064836 0.013796 0.002422 0.905204
4 4 0.022385 0.080741 0.020319 0.004325 0.872230
4 4 0.016446 0.056948 0.011599 0.001982 0.913025
4 4 0.016152 0.055798 0.011229 0.001895 0.914926
4 4 0.013735 0.061829 0.012849 0.002207 0.909380
4 4 0.014377 0.070289 0.015653 0.002876 0.896805
4 4 0.008607 0.057764 0.011024 0.001689 0.920915
4 4 0.007523 0.046173 0.007793 0.001055 0.937455
4 4 0.007159 0.049801 0.008669 0.001203 0.933168
4 4 0.008634 0.061400 0.012078 0.001904 0.915984
4 4 0.010356 0.077960 0.017637 0.003208 0.890838
4 4 0.013381 0.151690 0.048620 0.010146 0.776163
4 4 0.016110 0.075529 0.017673 0.003429 0.887259
4 4 0.019645 0.049222 0.009532 0.001576 0.920025
4 4 0.012214 0.027701 0.003877 0.000459 0.955749
4 4 0.012676 0.021755 0.002736 0.000294 0.962540
4 4 0.012330 0.017399 0.001970 0.000192 0.968109
4 4 0.013465 0.034822 0.005481 0.000728 0.945504
4 4 0.018573 0.083665 0.020980 0.004389 0.872393
4 4 0.054010 0.088556 0.026221 0.006951 0.824262
4 4 0.012695 0.043993 0.007683 0.001117 0.934512
4 4 0.015243 0.030277 0.004527 0.000579 0.949374
4 4 0.024132 0.026452 0.003915 0.000514 0.944987
4 4 0.018907 0.027284 0.003983 0.000506 0.949320
4 4 0.018432 0.026276 0.003759 0.000468 0.951065
4 4 0.011098 0.028691 0.004039 0.000477 0.955695
4 4 0.008980 0.038597 0.006099 0.000788 0.945537
4 4 0.006368 0.062667 0.012047 0.001817 0.917101
4 4 0.006756 0.081519 0.018003 0.003102 0.890619
4 4 0.008585 0.101806 0.025948 0.005202 0.858459
4 4 0.006629 0.093181 0.022016 0.004034 0.874140
4 4 0.007235 0.106780 0.027404 0.005460 0.853121
4 4 0.010843 0.135695 0.041777 0.010181 0.801505
4 4 0.016744 0.157965 0.056305 0.016284 0.752702
4 0 0.028660 0.213214 0.090969 0.021842 0.645315
4 1 0.035254 0.270226 0.191677 0.018500 0.484343
4 2 0.035620 0.277770 0.301020 0.016023 0.369568
4 2 0.031592 0.249968 0.308739 0.017795 0.391906
4 2 0.026732 0.210609 0.296175 0.022087 0.444397
4 2 0.022266 0.187183 0.201936 0.023138 0.565478
4 1 0.023743 0.189517 0.237898 0.024840 0.524000
2 1 0.028845 0.217058 0.389976 0.020058 0.344063
2 1 0.028787 0.190064 0.531476 0.019849 0.229825
2 1 0.024678 0.168195 0.631669 0.014624 0.160835
2 1 0.025077 0.180517 0.505410 0.020368 0.268628
2 1 0.020904 0.160597 0.527815 0.019888 0.270795
2 1 0.019998 0.152852 0.511273 0.022186 0.293691
2 2 0.018910 0.151888 0.507988 0.020877 0.300336
2 2 0.019350 0.147783 0.535338 0.021555 0.275975
2 2 0.018850 0.139004 0.578687 0.021216 0.242243
2 2 0.017837 0.128958 0.621952 0.020261 0.210992
2 2 0.019231 0.148012 0.533166 0.021399 0.278191
2 2 0.020462 0.143745 0.564018 0.023072 0.248702
2 2 0.019737 0.154419 0.499814 0.021811 0.304220
2 2 0.019812 0.149955 0.526531 0.022054 0.281648
2 2 0.019517 0.152214 0.511182 0.021614 0.295472
2 2 0.020073 0.125685 0.645995 0.023202 0.185045
2 2 0.018429 0.115503 0.682615 0.021447 0.162006
2 2 0.022545 0.122089 0.667079 0.026515 0.161772
2 2 0.025518 0.141752 0.593514 0.029596 0.209620
2 2 0.032820 0.159556 0.491088 0.043207 0.273329
4 2 0.032062 0.177367 0.348619 0.042656 0.399296
2 2 0.033734 0.153779 0.423904 0.057241 0.331343
2 2 0.035337 0.134147 0.494798 0.070833 0.264885
2 2 0.050883 0.095358 0.523344 0.170673 0.159741
2 2 0.067228 0.075672 0.401171 0.327807 0.128121
3 3 0.084506 0.081293 0.250166 0.425722 0.158313
3 3 0.078564 0.082268 0.251118 0.411784 0.176266
3 3 0.071750 0.081990 0.251406 0.398861 0.195993
3 3 0.067778 0.062177 0.248447 0.478289 0.143310
3 3 0.060876 0.043532 0.235164 0.564047 0.096381
3 3 0.053050 0.025277 0.202929 0.670479 0.048265
3 3 0.054148 0.025907 0.203884 0.667195 0.048866
3 3 0.062753 0.033653 0.216749 0.625581 0.061264
3 3 0.066391 0.038172 0.223182 0.602727 0.069527
3 3 0.063099 0.031609 0.211894 0.638537 0.054861
3 3 0.060453 0.029233 0.208020 0.651100 0.051194
3 3 0.059333 0.026039 0.200072 0.671217 0.043339
3 3 0.048647 0.016314 0.173170 0.735925 0.025944
3 3 0.047687 0.014969 0.167553 0.746783 0.023008
3 3 0.056024 0.022060 0.189951 0.696424 0.035542
3 3 0.062210 0.028408 0.204514 0.657976 0.046891
3 3 0.054797 0.021010 0.187203 0.703230 0.033761
3 3 0.057198 0.027072 0.204744 0.662290 0.048696
3 3 0.058091 0.027744 0.205898 0.658633 0.049634
3 3 0.058190 0.031190 0.214575 0.635969 0.060075
3 3 0.059606 0.033909 0.219574 0.620304 0.066607
3 3 0.048385 0.018587 0.183382 0.716950 0.032697
3 3 0.054564 0.025633 0.202725 0.669585 0.047493
3 3 0.054777 0.025940 0.203459 0.667641 0.048184
3 3 0.055008 0.025032 0.200540 0.674290 0.045131
3 3 0.057471 0.025609 0.200278 0.672557 0.044086
3 3 0.061210 0.028131 0.204526 0.658940 0.047194
3 3 0.059935 0.028853 0.207427 0.653084 0.050701
3 3 0.062754 0.034131 0.217770 0.622653 0.062691
3 3 0.063649 0.038371 0.225366 0.598315 0.074299
3 3 0.065613 0.041956 0.230006 0.580238 0.082187
3 3 0.061997 0.035900 0.221901 0.610998 0.069203
3 3 0.059469 0.037495 0.226633 0.597833 0.078571
3 3 0.061615 0.048319 0.240510 0.538132 0.111423
3 3 0.060694 0.046700 0.239211 0.545509 0.107886
3 3 0.063692 0.052772 0.243759 0.517862 0.121915
3 3 0.063187 0.043632 0.233930 0.567249 0.092002
3 3 0.068925 0.051299 0.239916 0.534636 0.105224
3 3 0.062663 0.043242 0.233700 0.568654 0.091741
3 3 0.053730 0.026038 0.204618 0.665799 0.049816
3 3 0.050703 0.024477 0.202495 0.673593 0.048732
3 3 0.049706 0.021310 0.192726 0.696557 0.039701
3 3 0.054559 0.026016 0.203863 0.666871 0.048691
3 3 0.064414 0.036449 0.221293 0.610566 0.067278
3 3 0.075960 0.056182 0.241139 0.520530 0.106189
3 3 0.077404 0.048899 0.232704 0.557472 0.083521
3 3 0.060517 0.026503 0.200502 0.669066 0.043412
3 3 0.054771 0.020700 0.186077 0.705513 0.032940
3 3 0.049134 0.014319 0.162968 0.753168 0.020412
3 3 0.054545 0.015009 0.161921 0.749467 0.019058
3 2 0.103833 0.063964 0.234928 0.512571 0.084704
2 3 0.101566 0.147743 0.260523 0.245909 0.244260
4 3 0.055814 0.185757 0.323915 0.084293 0.350221
4 2 0.035675 0.188282 0.310087 0.045109 0.420847
4 2 0.043721 0.180801 0.352073 0.062817 0.360589
4 2 0.057829 0.201354 0.193903 0.081564 0.465350
4 2 0.076047 0.194661 0.210032 0.123000 0.396260
4 2 0.095088 0.167076 0.215771 0.204092 0.317973
2 2 0.096315 0.122951 0.298035 0.285558 0.197141
2 2 0.074207 0.126195 0.384357 0.205111 0.210130
2 2 0.052271 0.137635 0.444794 0.117168 0.248132
2 2 0.051985 0.157162 0.364286 0.104715 0.321852
4 2 0.047478 0.182808 0.283797 0.074454 0.411463
2 2 0.049162 0.164916 0.362856 0.088641 0.334425
4 2 0.062503 0.169631 0.289296 0.122488 0.356082
4 2 0.078503 0.163754 0.205164 0.179036 0.373543
4 3 0.082796 0.152393 0.218219 0.211155 0.335436
4 2 0.083241 0.160682 0.212071 0.194891 0.349114
2 2 0.082644 0.139564 0.300404 0.220411 0.256977
2 2 0.084973 0.128618 0.296550 0.253157 0.236702
3 3 0.085592 0.126866 0.237541 0.278939 0.271062
4 2 0.064909 0.195938 0.223057 0.099770 0.416326
3 3 0.078239 0.111674 0.278313 0.294908 0.236867
2 3 0.072628 0.073904 0.451025 0.305570 0.096873
2 2 0.070864 0.158522 0.426997 0.123697 0.219920
3 2 0.091227 0.077241 0.304580 0.413178 0.113774
3 2 0.093274 0.095884 0.309024 0.353518 0.148300
2 2 0.080300 0.119578 0.360685 0.241816 0.197621
2 2 0.066141 0.119201 0.430990 0.186960 0.196708
2 3 0.071102 0.124280 0.379106 0.205872 0.219640
4 2 0.085812 0.143854 0.258402 0.228822 0.283111
4 2 0.088529 0.144095 0.228056 0.241225 0.298095
4 2 0.077310 0.153968 0.212178 0.195926 0.360618
4 2 0.061781 0.175439 0.230195 0.118760 0.413825
4 2 0.045362 0.196059 0.172317 0.061622 0.524639
4 2 0.063529 0.177249 0.254688 0.118015 0.386519
4 2 0.083585 0.135591 0.252166 0.246601 0.282057
3 2 0.083724 0.084922 0.250631 0.410673 0.170051
3 2 0.080343 0.072524 0.249073 0.454255 0.143805
3 2 0.079663 0.066115 0.246539 0.480506 0.127178
3 2 0.080864 0.071622 0.248614 0.458816 0.140084
3 3 0.084017 0.072639 0.248064 0.459226 0.136053
3 3 0.078197 0.085211 0.251117 0.399638 0.185838
3 3 0.075171 0.103056 0.246050 0.328470 0.247254
4 3 0.073729 0.118237 0.236775 0.276774 0.294485
2 3 0.087581 0.131015 0.280713 0.257406 0.243285
4 0 0.116181 0.158888 0.220277 0.204727 0.299928
4 2 0.121268 0.268067 0.205260 0.082002 0.323403
2 2 0.083810 0.298330 0.303422 0.042944 0.271493
2 2 0.057184 0.248800 0.401207 0.035517 0.257293
4 2 0.050801 0.201337 0.282459 0.065008 0.400395
4 2 0.040903 0.211357 0.180266 0.044082 0.523392
4 2 0.044435 0.214036 0.176622 0.048322 0.516585
4 2 0.046983 0.186110 0.213694 0.073458 0.479756
4 2 0.060874 0.160986 0.257130 0.136401 0.384608
4 3 0.063806 0.151899 0.242451 0.162358 0.379486
4 2 0.075505 0.156459 0.239164 0.182614 0.346258
4 2 0.073815 0.140888 0.289918 0.202043 0.293336
2 2 0.077317 0.113651 0.346176 0.258817 0.204040
2 3 0.069294 0.127571 0.349510 0.205155 0.248470
2 2 0.066570 0.135721 0.354796 0.178824 0.264088
4 3 0.066035 0.162624 0.260752 0.145724 0.364865
4 2 0.073314 0.165262 0.198141 0.164720 0.398563
4 3 0.076771 0.154713 0.211029 0.193156 0.364331
4 3 0.086562 0.141964 0.228401 0.242444 0.300629
3 2 0.089202 0.115871 0.244206 0.316903 0.233818
3 3 0.095728 0.104815 0.248128 0.361095 0.190234
3 2 0.091811 0.078265 0.247688 0.447306 0.134930
3 0 0.099709 0.066658 0.238839 0.499415 0.095379
3 2 0.105080 0.137246 0.237744 0.284638 0.235293
4 2 0.089094 0.187001 0.196193 0.159094 0.368618
4 2 0.063005 0.188699 0.226475 0.104286 0.417535
4 2 0.056946 0.187639 0.203697 0.093707 0.458012
4 2 0.073646 0.150825 0.261451 0.186173 0.327905
2 2 0.075359 0.140041 0.305073 0.203224 0.276303
3 2 0.084345 0.118715 0.241552 0.299345 0.256044
3 2 0.083976 0.107600 0.246459 0.332454 0.229512
3 2 0.080177 0.092295 0.250322 0.377028 0.200178
3 2 0.080401 0.089916 0.250671 0.386154 0.192859
3 2 0.081062 0.075415 0.249735 0.443507 0.150281
3 2 0.081398 0.067877 0.246838 0.475387 0.128500
3 2 0.080693 0.074828 0.249670 0.445306 0.149502
3 2 0.083378 0.074877 0.249004 0.449242 0.143499
3 2 0.078491 0.098043 0.248766 0.353141 0.221558
4 3 0.073093 0.124916 0.231635 0.255992 0.314363
4 2 0.063894 0.151478 0.198308 0.167352 0.418968
4 3 0.063723 0.146130 0.203173 0.177978 0.408996
4 3 0.074943 0.118693 0.237217 0.278454 0.290693
3 3 0.076284 0.111716 0.242128 0.302892 0.266980
3 3 0.078162 0.077164 0.250693 0.431485 0.162496
3 3 0.079308 0.075726 0.250200 0.439352 0.155414
3 0 0.076291 0.047502 0.231541 0.563269 0.081397
3 3 0.086975 0.068599 0.245221 0.479579 0.119626
3 2 0.091126 0.082222 0.248891 0.431666 0.146095
3 2 0.092794 0.106830 0.247679 0.350368 0.202329
3 2 0.088577 0.090917 0.277518 0.381816 0.161171
3 2 0.088809 0.093918 0.261314 0.380663 0.175296
3 3 0.089358 0.067633 0.243765 0.486231 0.113013
3 3 0.094164 0.071698 0.244189 0.475045 0.114904
3 3 0.088081 0.060944 0.239605 0.512869 0.098501
3 2 0.083977 0.066626 0.245245 0.484135 0.120017
3 2 0.088175 0.085616 0.264482 0.406931 0.154796
3 2 0.088030 0.112791 0.269237 0.314297 0.215645
4 3 0.083299 0.131642 0.233494 0.261541 0.290024
3 3 0.096773 0.084683 0.247986 0.429654 0.140903
3 0 0.098817 0.071810 0.242476 0.478931 0.107966
2 2 0.127211 0.165100 0.321490 0.212772 0.173428
2 2 0.078488 0.218760 0.360959 0.080147 0.261646
2 2 0.080580 0.170483 0.331366 0.147285 0.270286
4 2 0.081128 0.133823 0.261006 0.243494 0.280550
3 2 0.081597 0.101325 0.248230 0.348291 0.220557
3 2 0.080012 0.092757 0.258584 0.371151 0.197498
3 2 0.075217 0.111883 0.264322 0.292403 0.256176
3 2 0.078666 0.109003 0.272937 0.306376 0.233018
2 2 0.070601 0.116000 0.343301 0.240026 0.230072
2 2 0.052958 0.140685 0.407869 0.123161 0.275327
2 2 0.042384 0.167179 0.377626 0.069529 0.343281
2 2 0.045542 0.171471 0.355367 0.074658 0.352962
4 2 0.034297 0.191803 0.337030 0.039314 0.397557
4 2 0.024719 0.181146 0.359094 0.026834 0.408206
2 2 0.024415 0.168513 0.538977 0.021287 0.246808
2 2 0.031356 0.209502 0.537318 0.016427 0.205398
2 1 0.034428 0.223807 0.503591 0.017496 0.220677
2 1 0.034229 0.236108 0.466524 0.016752 0.246387
2 1 0.028863 0.185239 0.651085 0.011682 0.123131
2 0 0.035352 0.225214 0.409040 0.023636 0.306758
4 1 0.034644 0.225064 0.204343 0.029261 0.506689
4 0 0.021150 0.175036 0.082873 0.021133 0.699807
4 4 0.017133 0.159190 0.057192 0.016694 0.749791
4 4 0.009928 0.115414 0.032036 0.007034 0.835589
4 4 0.011037 0.106222 0.028499 0.006108 0.848134
4 4 0.014483 0.117158 0.034252 0.008121 0.825986
4 4 0.013415 0.125174 0.037673 0.009128 0.814611
4 4 0.013009 0.134986 0.042319 0.010633 0.799053
4 4 0.021762 0.177978 0.074525 0.020594 0.705141
4 0 0.029655 0.206788 0.281276 0.027612 0.454669
2 0 0.029694 0.200853 0.516557 0.018651 0.234245
2 0 0.038510 0.260745 0.426007 0.016614 0.258123
2 0 0.049981 0.297117 0.353207 0.019591 0.280103
4 1 0.041537 0.288156 0.212414 0.019914 0.437979
4 1 0.033421 0.257524 0.236812 0.019156 0.453086
4 1 0.030499 0.221272 0.275882 0.024287 0.448059
2 1 0.025082 0.249032 0.436495 0.009684 0.279708
2 2 0.043492 0.134809 0.568127 0.070772 0.182801
2 2 0.028526 0.112686 0.705321 0.034846 0.118621
2 2 0.026450 0.133090 0.631765 0.031117 0.177578
2 2 0.027669 0.147974 0.572584 0.032029 0.219744
2 2 0.021862 0.121959 0.666123 0.025636 0.164420
2 2 0.021925 0.125193 0.653473 0.025593 0.173816
2 2 0.019825 0.113327 0.694729 0.023324 0.148795
2 2 0.021393 0.114222 0.694473 0.025330 0.144582
2 2 0.024635 0.118423 0.683898 0.029397 0.143648
2 2 0.026689 0.130066 0.625729 0.034340 0.183176
2 2 0.024015 0.152307 0.538885 0.027215 0.257578
2 2 0.025247 0.171353 0.437454 0.027964 0.337983
2 2 0.026607 0.161695 0.502360 0.030085 0.279253
2 2 0.029756 0.163207 0.507482 0.033990 0.265565
2 2 0.030739 0.150664 0.568069 0.035845 0.214683
2 2 0.036683 0.144653 0.569888 0.049381 0.199395
2 2 0.041617 0.166041 0.471470 0.056452 0.264419
2 2 0.052007 0.156633 0.445789 0.089526 0.256045
4 2 0.058108 0.176135 0.331184 0.098511 0.336062
2 2 0.070040 0.159855 0.320598 0.148516 0.300992
4 2 0.066163 0.179699 0.298757 0.114514 0.340868
2 2 0.060340 0.186631 0.346693 0.088393 0.317943
2 2 0.051955 0.184915 0.385059 0.070289 0.307781
2 2 0.049020 0.170615 0.454655 0.067586 0.258124
2 2 0.047840 0.158398 0.432749 0.081945 0.279068
2 2 0.047470 0.175081 0.377562 0.072323 0.327564
2 2 0.053540 0.175162 0.359259 0.086543 0.325495
2 2 0.058158 0.137194 0.453615 0.127607 0.223426
2 2 0.053882 0.131513 0.494011 0.115931 0.204662
2 2 0.042218 0.145311 0.507011 0.070975 0.234484
2 0 0.029363 0.161103 0.516567 0.033590 0.259377
2 1 0.029525 0.163975 0.541852 0.029849 0.234799
2 2 0.026457 0.161953 0.554949 0.025248 0.231394
2 2 0.033129 0.154627 0.555690 0.038728 0.217826
2 2 0.037711 0.166122 0.513536 0.044007 0.238624
2 2 0.043279 0.124910 0.570739 0.081891 0.179181
2 2 0.042777 0.109285 0.606535 0.091689 0.149715
2 2 0.040575 0.117464 0.571403 0.086729 0.183828
2 2 0.034019 0.107677 0.616864 0.073070 0.168369
2 2 0.025326 0.105116 0.671279 0.043629 0.154649
2 2 0.023501 0.113768 0.679903 0.031397 0.151431
2 2 0.025254 0.109041 0.697570 0.034518 0.133617
2 2 0.038440 0.128046 0.622595 0.055745 0.155174
2 2 0.047060 0.129461 0.568351 0.083215 0.171914
2 2 0.060563 0.140864 0.470792 0.120532 0.207248
2 2 0.060388 0.131147 0.460923 0.140093 0.207450
2 2 0.072920 0.126890 0.399597 0.195037 0.205555
2 2 0.075565 0.109125 0.374734 0.254755 0.185820
3 3 0.085252 0.096897 0.269625 0.360681 0.187545
3 2 0.086402 0.058819 0.250232 0.511953 0.092595
3 2 0.086483 0.067371 0.290903 0.452177 0.103066
3 2 0.088265 0.074091 0.346385 0.391673 0.099585
3 2 0.086126 0.076066 0.353315 0.379200 0.105293
2 2 0.084352 0.090002 0.357580 0.332118 0.135948
3 2 0.085072 0.086932 0.344007 0.350781 0.133208
3 2 0.087395 0.075551 0.284166 0.429215 0.123672
3 2 0.093635 0.085419 0.248883 0.423254 0.148809
3 2 0.089038 0.089287 0.250063 0.403087 0.168526
3 3 0.089590 0.101689 0.248781 0.361608 0.198331
3 3 0.087188 0.086270 0.250211 0.411190 0.165141
3 2 0.084094 0.093770 0.250149 0.379068 0.192919
3 2 0.085669 0.079246 0.249558 0.435373 0.150154
3 3 0.085163 0.084578 0.250408 0.414302 0.165549
3 3 0.089437 0.071491 0.245799 0.470769 0.122505
3 3 0.086975 0.068139 0.244969 0.481471 0.118444
3 3 0.084543 0.067059 0.245278 0.483017 0.120103
3 3 0.073501 0.062022 0.246449 0.489430 0.128599
3 3 0.075276 0.060672 0.244913 0.498492 0.120648
3 3 0.075418 0.079560 0.251311 0.416549 0.177163
3 3 0.074521 0.067761 0.248949 0.465077 0.143692
3 3 0.074782 0.070567 0.249866 0.453199 0.151587
3 3 0.078303 0.058494 0.242017 0.512784 0.108401
3 3 0.078620 0.056010 0.239732 0.524706 0.100932
3 3 0.068651 0.037171 0.219811 0.610780 0.063586
3 3 0.063729 0.029449 0.206111 0.652587 0.048123
3 3 0.063107 0.026810 0.199408 0.668959 0.041715
3 3 0.064137 0.027345 0.200151 0.666226 0.042142
3 3 0.062122 0.026477 0.199193 0.670441 0.041768
3 3 0.066797 0.034784 0.216300 0.622834 0.059285
3 3 0.072873 0.051724 0.238360 0.538129 0.098914
3 3 0.076477 0.052374 0.237202 0.539458 0.094489
3 3 0.075039 0.045869 0.230053 0.570253 0.078786
3 3 0.072300 0.041547 0.225190 0.590136 0.070828
3 3 0.062790 0.032132 0.213335 0.634996 0.056748
3 3 0.055509 0.024197 0.197517 0.680682 0.042094
3 3 0.052705 0.020079 0.185483 0.708702 0.033032
3 3 0.062111 0.030183 0.209173 0.646564 0.051969
3 3 0.064945 0.033783 0.215469 0.627023 0.058780
3 3 0.076365 0.060197 0.244141 0.502291 0.117005
3 3 0.076755 0.070772 0.249441 0.455787 0.147245
3 3 0.074056 0.058901 0.244164 0.504940 0.117939
3 3 0.080723 0.056315 0.239007 0.525737 0.098218
3 3 0.087518 0.072193 0.246774 0.465657 0.127858
3 3 0.086580 0.077400 0.313231 0.402890 0.119898
3 3 0.082728 0.096428 0.318684 0.332750 0.169410
3 3 0.087410 0.108414 0.256661 0.332225 0.215290
3 3 0.080468 0.112649 0.243291 0.309436 0.254155
3 3 0.077063 0.082840 0.251246 0.406662 0.182189
3 3 0.074803 0.070006 0.249683 0.455685 0.149822
3 3 0.070092 0.048946 0.236753 0.548507 0.095702
3 3 0.067357 0.042008 0.229000 0.582183 0.079453
3 3 0.067646 0.047027 0.235798 0.555184 0.094344
3 3 0.065726 0.044918 0.234182 0.563876 0.091299
3 3 0.070047 0.052046 0.240110 0.532507 0.105291
3 3 0.073697 0.070758 0.250171 0.450359 0.155015
3 3 0.071828 0.083465 0.251258 0.393069 0.200380
3 3 0.074686 0.083371 0.251317 0.399726 0.190900
3 3 0.075020 0.064093 0.247082 0.482394 0.131411
3 3 0.071195 0.047159 0.233972 0.559247 0.088426
3 3 0.061669 0.032537 0.215077 0.631319 0.059399
3 3 0.056736 0.027907 0.207418 0.656136 0.051803
3 3 0.050579 0.023112 0.198203 0.683689 0.044417
3 3 0.054035 0.027900 0.209585 0.653054 0.055426
3 3 0.057999 0.035934 0.224781 0.605338 0.075948
3 3 0.058469 0.036085 0.224734 0.605092 0.075620
3 3 0.059754 0.040683 0.231739 0.578956 0.088868
3 3 0.051592 0.027037 0.209263 0.655994 0.056114
3 3 0.052469 0.028915 0.213526 0.643858 0.061233
3 3 0.083012 0.066590 0.245585 0.483051 0.121763
3 3 0.060604 0.029759 0.209247 0.647845 0.052545
3 3 0.083852 0.058193 0.239221 0.520623 0.098110
3 3 0.101617 0.124299 0.242744 0.312969 0.218371
3 3 0.054966 0.024122 0.197728 0.680726 0.042458
3 3 0.053100 0.021511 0.190463 0.698184 0.036742
3 3 0.050325 0.018673 0.181978 0.717860 0.031164
3 3 0.059286 0.026924 0.202669 0.665240 0.045881
3 3 0.062704 0.033378 0.216189 0.627213 0.060516
3 3 0.063126 0.032423 0.213756 0.633526 0.057169
3 0 0.100713 0.063063 0.235599 0.514185 0.086440
3 0 0.248184 0.095783 0.198942 0.312620 0.144471
0 2 0.262088 0.251782 0.220319 0.055777 0.210033
1 2 0.118496 0.332393 0.259946 0.041784 0.247381
4 3 0.096775 0.252975 0.209700 0.089929 0.350621
3 3 0.085259 0.114278 0.243977 0.314285 0.242201
3 3 0.081670 0.077399 0.250056 0.436485 0.154390
3 2 0.081229 0.073725 0.249220 0.450672 0.145155
4 2 0.064856 0.151116 0.288872 0.159369 0.335787
4 4 0.030057 0.192906 0.250230 0.034313 0.492493
4 4 0.019203 0.180996 0.186929 0.019688 0.593184
4 4 0.017391 0.172172 0.113589 0.017355 0.679493
4 4 0.029912 0.208805 0.106054 0.025643 0.629586
4 4 0.041351 0.214108 0.196345 0.043513 0.504683
4 4 0.059228 0.253651 0.281289 0.044831 0.361001
4 4 0.051500 0.260208 0.171675 0.035629 0.480988
4 4 0.047321 0.241338 0.120942 0.031748 0.558650
4 4 0.024230 0.104971 0.030690 0.007562 0.832548
4 4 0.016369 0.108778 0.030945 0.007216 0.836693
4 4 0.015616 0.085811 0.021370 0.004384 0.872819
4 4 0.013613 0.075787 0.017426 0.003285 0.889889
4 4 0.016687 0.102984 0.028491 0.006481 0.845357
4 4 0.014035 0.117709 0.034379 0.008124 0.825753
4 4 0.015561 0.115812 0.033922 0.008100 0.826605
4 4 0.016770 0.119147 0.035782 0.008797 0.819504
4 4 0.029385 0.217321 0.088829 0.016417 0.648048
4 4 0.030561 0.214761 0.085294 0.014021 0.655362
4 4 0.029023 0.228027 0.089510 0.011963 0.641477
4 4 0.022156 0.131233 0.041601 0.009499 0.795511
4 4 0.021051 0.126160 0.040258 0.010659 0.801872
4 4 0.024454 0.107926 0.032081 0.008034 0.827506
4 4 0.029415 0.108155 0.032941 0.008559 0.820930
4 4 0.032327 0.140372 0.050498 0.015468 0.761335
4 0 0.034632 0.155972 0.060649 0.020115 0.728632
4 4 0.070804 0.213234 0.104685 0.029577 0.581701
4 4 0.051229 0.264805 0.204805 0.030526 0.448635
2 4 0.048185 0.277721 0.409794 0.019694 0.244606
4 4 0.034929 0.235450 0.214735 0.026327 0.488560
4 4 0.034362 0.220539 0.164146 0.030092 0.550861
4 4 0.032074 0.215745 0.307589 0.027213 0.417380
2 4 0.024766 0.175535 0.456978 0.024452 0.318269
2 4 0.019127 0.145201 0.547955 0.021362 0.266354
2 4 0.022991 0.160483 0.488459 0.025617 0.302451
2 4 0.025652 0.159402 0.544132 0.026139 0.244675
4 4 0.032220 0.199763 0.258361 0.034816 0.474840
4 4 0.023816 0.180600 0.085729 0.024006 0.685849
4 4 0.018922 0.164524 0.061177 0.018590 0.736787
4 4 0.015327 0.104921 0.029035 0.006565 0.844152
4 4 0.014400 0.094628 0.024585 0.005215 0.861172
4 4 0.013944 0.071985 0.016169 0.002988 0.894914
4 4 0.010849 0.082950 0.019475 0.003680 0.883045
4 4 0.011612 0.080963 0.018915 0.003576 0.884934
4 4 0.013683 0.119727 0.035204 0.008357 0.823029
4 4 0.022088 0.143249 0.049663 0.014277 0.770723
4 4 0.027732 0.202975 0.085813 0.023051 0.660428
4 4 0.041465 0.253442 0.124191 0.027142 0.553760
4 4 0.042566 0.259897 0.128626 0.026632 0.542279
4 4 0.045557 0.258246 0.142385 0.030537 0.523275
4 4 0.038635 0.220360 0.102545 0.028655 0.609805
4 4 0.038349 0.197644 0.084757 0.022594 0.656657
4 4 0.032482 0.201341 0.082777 0.018664 0.664736
4 4 0.028932 0.214348 0.089220 0.018781 0.648720
4 4 0.030872 0.249293 0.108510 0.017227 0.594098
4 4 0.037119 0.267453 0.125037 0.019790 0.550601
4 4 0.036531 0.248958 0.124106 0.023288 0.567117
4 4 0.034838 0.227335 0.105467 0.026374 0.605987
4 4 0.035344 0.242376 0.134692 0.024038 0.563551
4 0 0.042539 0.281400 0.210316 0.022105 0.443640
4 0 0.055018 0.325161 0.231522 0.021123 0.367176
4 0 0.071069 0.334585 0.196711 0.022006 0.375629
4 0 0.063643 0.340807 0.195599 0.019913 0.380038
4 0 0.042524 0.291737 0.141521 0.018028 0.506189
4 0 0.028166 0.242098 0.101773 0.015781 0.612181
4 1 0.021780 0.204940 0.078825 0.014775 0.679680
4 1 0.018765 0.178930 0.065776 0.015291 0.721238
4 1 0.020981 0.193137 0.073586 0.015781 0.696514
4 1 0.023277 0.211330 0.083196 0.015503 0.666694
4 0 0.030155 0.254200 0.109528 0.015784 0.590333
4 1 0.024386 0.190660 0.070929 0.013194 0.700831
4 1 0.036363 0.198225 0.074935 0.011284 0.679193
4 0 0.055433 0.237092 0.099543 0.011680 0.596252
4 0 0.108858 0.201485 0.087234 0.012495 0.589927
4 0 0.174848 0.216517 0.105746 0.013556 0.489332
4 0 0.190991 0.283341 0.167997 0.015156 0.342515
1 0 0.175720 0.322352 0.199357 0.012343 0.290229
4 0 0.161216 0.126673 0.051963 0.014567 0.645581
4 0 0.165547 0.124345 0.049441 0.012195 0.648472
4 0 0.118026 0.078047 0.024547 0.007331 0.772049
4 0 0.117709 0.091782 0.029818 0.007314 0.753376
4 0 0.108068 0.075801 0.023087 0.006643 0.786400
4 0 0.132492 0.059066 0.016435 0.004422 0.787584
4 0 0.176270 0.055533 0.015930 0.004521 0.747747
4 0 0.372702 0.042761 0.013738 0.004674 0.566126
0 0 0.718286 0.020777 0.008122 0.003696 0.249119
0 0 0.902103 0.007664 0.003556 0.002090 0.084588
0 0 0.922415 0.006485 0.003212 0.002045 0.065843
0 0 0.915009 0.007387 0.003701 0.002364 0.071539
0 0 0.714952 0.023327 0.009629 0.004605 0.247488
4 0 0.380331 0.037148 0.011220 0.003613 0.567688
4 0 0.070585 0.039496 0.008108 0.001563 0.880248
4 0 0.058926 0.058905 0.014310 0.003177 0.864683
4 0 0.056386 0.071620 0.019086 0.004601 0.848307
4 0 0.049142 0.062836 0.015373 0.003386 0.869263
4 0 0.048764 0.068111 0.017337 0.003960 0.861828
4 0 0.070356 0.086368 0.026244 0.007277 0.809755
4 0 0.074042 0.076374 0.021913 0.005782 0.821889
4 0 0.168318 0.071866 0.023321 0.007395 0.729100
4 0 0.388562 0.058910 0.022945 0.009393 0.520189
0 0 0.633649 0.034090 0.014519 0.006959 0.310783
0 0 0.628596 0.031959 0.012996 0.005954 0.320495
0 0 0.530860 0.044287 0.018156 0.008137 0.398560
4 0 0.249856 0.082207 0.032131 0.012587 0.623220
4 0 0.214501 0.080041 0.029364 0.010679 0.665414
4 0 0.040383 0.048701 0.010241 0.001931 0.898744
4 1 0.048428 0.057622 0.013475 0.002843 0.877632
4 1 0.041924 0.067490 0.016757 0.003696 0.870133
4 0 0.019956 0.061268 0.013228 0.002421 0.903126
4 1 0.019625 0.067523 0.015273 0.002915 0.894663
4 1 0.021410 0.077182 0.018876 0.003900 0.878632
4 1 0.027515 0.116113 0.036508 0.009725 0.810138
4 1 0.020580 0.198715 0.074972 0.014316 0.691415
4 1 0.025435 0.253371 0.102122 0.011852 0.607219
4 2 0.017942 0.205664 0.100326 0.011356 0.664712
4 1 0.018009 0.189997 0.148169 0.015217 0.628608
4 1 0.014265 0.149542 0.050468 0.013692 0.772033
4 1 0.014843 0.152141 0.052021 0.014188 0.766806
4 1 0.017393 0.154456 0.054326 0.015351 0.758475
4 1 0.024119 0.178892 0.068566 0.017501 0.710922
4 1 0.032257 0.218798 0.095675 0.022580 0.630690
4 1 0.048603 0.298256 0.155887 0.023064 0.474189
4 1 0.046468 0.308417 0.158277 0.019602 0.467236
4 2 0.037401 0.296712 0.212930 0.015546 0.437411
2 2 0.030210 0.239514 0.372171 0.016904 0.341201
2 2 0.024750 0.182055 0.446204 0.022727 0.324264
2 2 0.028877 0.185798 0.492287 0.024115 0.268922
4 2 0.030604 0.216497 0.358224 0.023406 0.371269
4 1 0.038414 0.269119 0.246869 0.020937 0.424661
4 1 0.044690 0.302339 0.168922 0.019583 0.464466
4 1 0.048079 0.326851 0.186714 0.017486 0.420870
4 1 0.048108 0.319703 0.272835 0.017292 0.342062
2 1 0.037939 0.245517 0.397282 0.021054 0.298208
2 2 0.029635 0.192255 0.489470 0.022986 0.265655
2 2 0.021361 0.159032 0.485096 0.023651 0.310860
2 2 0.020660 0.153808 0.510755 0.022972 0.291805
2 2 0.021538 0.163825 0.464867 0.023244 0.326526
2 2 0.025271 0.172330 0.553671 0.020004 0.228725
2 2 0.021736 0.150670 0.642466 0.016008 0.169120
2 2 0.023947 0.150408 0.676569 0.015075 0.134000
2 1 0.028748 0.198253 0.569669 0.014941 0.188389
2 1 0.037769 0.249752 0.424999 0.018496 0.268984
4 1 0.038304 0.262162 0.320130 0.020579 0.358824
4 1 0.027708 0.230115 0.273113 0.018853 0.450211
4 2 0.023164 0.215873 0.264813 0.016872 0.479279
4 2 0.030027 0.199339 0.197948 0.031808 0.540878
4 2 0.029234 0.193438 0.295217 0.031644 0.450467
4 0 0.044689 0.202514 0.194587 0.040041 0.518168
4 1 0.035390 0.241473 0.126337 0.024053 0.572747
4 2 0.046074 0.309366 0.262955 0.018168 0.363436
4 2 0.028494 0.236150 0.276256 0.018330 0.440771
4 2 0.025664 0.191354 0.254872 0.027270 0.500840
2 2 0.030480 0.181176 0.408650 0.033997 0.345697
2 2 0.028973 0.151763 0.596196 0.029102 0.193966
2 2 0.028065 0.131353 0.690902 0.025084 0.124596
2 2 0.029304 0.120375 0.680510 0.035478 0.134333
2 2 0.029562 0.134225 0.631833 0.035119 0.169261
2 2 0.029215 0.160279 0.520111 0.033441 0.256954
2 2 0.027462 0.171869 0.449141 0.030698 0.320830
4 2 0.024128 0.179151 0.369255 0.026209 0.401256
4 2 0.025695 0.181212 0.369645 0.028040 0.395408
2 2 0.025999 0.170811 0.446311 0.028922 0.327956
2 2 0.025327 0.140811 0.597488 0.029340 0.207035
2 2 0.022935 0.133248 0.623008 0.026580 0.194229
2 2 0.020763 0.101756 0.728252 0.026636 0.122593
2 2 0.022391 0.114577 0.705894 0.024873 0.132264
2 2 0.023249 0.128169 0.668637 0.024090 0.155856
2 1 0.024884 0.158786 0.509769 0.028015 0.278546
2 1 0.024345 0.176508 0.393059 0.026609 0.379479
4 1 0.026677 0.186745 0.331690 0.028934 0.425953
4 2 0.043903 0.206885 0.294496 0.048976 0.405741
2 0 0.051673 0.211227 0.425505 0.040325 0.271270
4 0 0.118766 0.259753 0.212994 0.033574 0.374914
4 1 0.059539 0.329724 0.229615 0.022770 0.358352
2 2 0.044757 0.287321 0.346775 0.018821 0.302325
4 2 0.028559 0.187475 0.346372 0.031232 0.406362
2 2 0.034913 0.182816 0.419853 0.039565 0.322852
2 2 0.037424 0.098442 0.643548 0.084918 0.135668
2 2 0.034495 0.088479 0.685941 0.078592 0.112493
2 2 0.031929 0.099519 0.698181 0.054605 0.115767
2 2 0.026843 0.144217 0.586834 0.031137 0.210969
2 2 0.025470 0.149914 0.556745 0.029147 0.238722
2 2 0.026785 0.166451 0.477102 0.030100 0.299562
2 2 0.033524 0.175165 0.458810 0.038153 0.294348
2 2 0.031084 0.171885 0.465599 0.035382 0.296050
2 2 0.027410 0.164364 0.491831 0.030977 0.285418
2 2 0.025743 0.129501 0.620897 0.033814 0.190046
2 2 0.029747 0.113292 0.665176 0.045528 0.146257
2 2 0.028508 0.099635 0.715884 0.043695 0.112278
2 2 0.031949 0.093257 0.712529 0.057369 0.104895
2 2 0.029086 0.077305 0.747449 0.060814 0.085346
2 2 0.029090 0.075919 0.752272 0.060773 0.081945
2 2 0.035570 0.084501 0.702110 0.079836 0.097983
2 2 0.044884 0.089516 0.639267 0.115450 0.110883
2 2 0.047824 0.096454 0.586268 0.132381 0.137073
2 2 0.047323 0.115775 0.562986 0.105580 0.168336
2 2 0.035771 0.103571 0.662162 0.067854 0.130643
2 2 0.028251 0.096140 0.723832 0.044561 0.107215
2 2 0.033265 0.091951 0.700969 0.065439 0.108376
2 2 0.042398 0.087097 0.655423 0.108129 0.106952
2 2 0.053180 0.124475 0.493447 0.126725 0.202174
2 2 0.053862 0.117879 0.474730 0.147421 0.206108
2 2 0.053164 0.147126 0.396821 0.115819 0.287070
2 2 0.045850 0.167753 0.375767 0.076576 0.334054
2 2 0.063416 0.138756 0.378787 0.158431 0.260609
2 3 0.077450 0.112749 0.351024 0.259343 0.199434
3 2 0.094343 0.083060 0.260182 0.425405 0.137010
3 3 0.086591 0.066550 0.244199 0.487610 0.115049
3 3 0.081400 0.052239 0.234504 0.545394 0.086462
3 3 0.079820 0.053576 0.236760 0.537491 0.092353
3 3 0.071576 0.037246 0.218017 0.612967 0.060194
3 3 0.074616 0.042747 0.225686 0.585977 0.070973
3 3 0.080081 0.050374 0.233047 0.552967 0.083531
3 3 0.084465 0.069034 0.246349 0.474661 0.125490
3 3 0.079023 0.058796 0.241940 0.512317 0.107923
3 3 0.077835 0.062684 0.245222 0.493064 0.121195
3 3 0.072631 0.048588 0.234948 0.553658 0.090175
3 3 0.078891 0.061081 0.243723 0.501755 0.114550
3 3 0.082382 0.064560 0.244627 0.490946 0.117485
3 3 0.079698 0.057121 0.240222 0.520840 0.102119
3 3 0.071738 0.046318 0.232569 0.564294 0.085081
3 3 0.072392 0.042748 0.227044 0.583815 0.074002
3 3 0.092142 0.089933 0.249622 0.405286 0.163016
3 3 0.058704 0.025004 0.197452 0.677738 0.041102
3 3 0.088685 0.055019 0.233785 0.539154 0.083356
3 3 0.118132 0.097095 0.244478 0.408866 0.131430
3 3 0.065228 0.040251 0.227540 0.589422 0.077560
3 3 0.058971 0.032708 0.217452 0.627124 0.063745
3 3 0.063479 0.042704 0.232438 0.572986 0.088393
3 3 0.063388 0.037895 0.224691 0.600790 0.073237
3 3 0.071773 0.046354 0.232598 0.564145 0.085131
3 3 0.068839 0.039644 0.224187 0.597036 0.070294
3 3 0.067570 0.040996 0.227262 0.588076 0.076096
3 3 0.060852 0.035139 0.221203 0.614223 0.068583
3 3 0.065023 0.048778 0.239252 0.541686 0.105261
3 3 0.067504 0.058244 0.246303 0.497024 0.130924
3 3 0.065721 0.054933 0.244645 0.510429 0.124272
3 3 0.064530 0.042130 0.230944 0.577773 0.084623
3 3 0.063681 0.040964 0.229680 0.583263 0.082413
3 3 0.068520 0.046536 0.234689 0.559038 0.091217
3 3 0.070895 0.052277 0.239919 0.532591 0.104317
3 3 0.069920 0.050006 0.238041 0.542776 0.099256
3 3 0.061316 0.031642 0.213285 0.636560 0.057197
3 3 0.064099 0.035100 0.218832 0.618254 0.063715
3 3 0.065157 0.033369 0.214414 0.629718 0.057341
3 3 0.076850 0.062382 0.245413 0.492993 0.122362
4 0 0.087945 0.143034 0.228452 0.242601 0.297968
4 1 0.059917 0.229329 0.179211 0.062782 0.468762
4 2 0.046171 0.263131 0.267469 0.028907 0.394322
2 2 0.038346 0.233356 0.373793 0.026024 0.328481
4 2 0.027007 0.183738 0.362371 0.029526 0.397358
4 1 0.027315 0.188181 0.325705 0.029634 0.429165
2 1 0.027210 0.220440 0.398025 0.017275 0.337049
4 1 0.028905 0.254245 0.325395 0.014406 0.377050
4 1 0.035115 0.293399 0.285915 0.013610 0.371961
4 4 0.040071 0.295152 0.287560 0.016364 0.360854
2 4 0.042339 0.321244 0.332294 0.012550 0.291573
4 4 0.042584 0.296147 0.186243 0.019286 0.455741
4 4 0.034073 0.260147 0.117527 0.018314 0.569939
4 4 0.044114 0.296687 0.176024 0.020265 0.462909
4 0 0.039284 0.267392 0.168744 0.022187 0.502393
4 0 0.054454 0.290820 0.201086 0.023937 0.429703
4 4 0.040778 0.234365 0.106146 0.021355 0.597356
4 4 0.029242 0.156167 0.057867 0.016414 0.740310
4 4 0.014909 0.085739 0.021229 0.004317 0.873805
4 4 0.017876 0.086881 0.022121 0.004681 0.868441
4 4 0.021198 0.100419 0.028190 0.006619 0.843574
4 4 0.020216 0.127087 0.040527 0.010692 0.801478
4 4 0.020141 0.122979 0.038452 0.009954 0.808474
4 4 0.016660 0.155372 0.054754 0.015659 0.757555
4 4 0.013694 0.069332 0.015250 0.002760 0.898965
4 4 0.013563 0.055420 0.010899 0.001777 0.918341
4 4 0.014912 0.041863 0.007270 0.001065 0.934890
4 4 0.014304 0.045029 0.008059 0.001209 0.931400
4 4 0.020891 0.068653 0.015774 0.003069 0.891613
4 4 0.045976 0.080119 0.021997 0.005366 0.846542
4 0 0.104687 0.087219 0.028486 0.008727 0.770881
4 0 0.107327 0.128941 0.050528 0.014991 0.698214
4 4 0.075053 0.214253 0.095813 0.017109 0.597772
4 4 0.057716 0.300655 0.162863 0.024357 0.454408
4 4 0.014183 0.145810 0.048404 0.012922 0.778681
4 4 0.015726 0.154645 0.053950 0.015216 0.760462
4 4 0.023936 0.186050 0.093409 0.023045 0.673560
4 4 0.028911 0.225510 0.141807 0.021182 0.582590
4 4 0.031701 0.146648 0.054098 0.016948 0.750604
4 4 0.024988 0.102833 0.029838 0.007317 0.835025
4 4 0.017133 0.067796 0.015126 0.002821 0.897123
4 4 0.015294 0.039971 0.006810 0.000982 0.936944
4 4 0.009601 0.032048 0.004675 0.000564 0.953112
4 4 0.011237 0.026221 0.003546 0.000404 0.958592
4 4 0.008984 0.022348 0.002740 0.000280 0.965647
4 4 0.005539 0.017568 0.001832 0.000156 0.974906
4 4 0.005743 0.016803 0.001724 0.000145 0.975585
4 4 0.004074 0.015838 0.001525 0.000118 0.978445
4 4 0.008786 0.029688 0.004139 0.000476 0.956911
4 4 0.011352 0.053776 0.010217 0.001592 0.923063
4 4 0.015699 0.103637 0.028566 0.006447 0.845651
4 4 0.018591 0.162376 0.056683 0.013253 0.749097
4 4 0.035947 0.275916 0.127242 0.017341 0.543553
4 4 0.037961 0.286381 0.134975 0.017251 0.523431
4 4 0.029460 0.218643 0.093522 0.020868 0.637507
4 4 0.025549 0.186679 0.074536 0.020066 0.693170
4 4 0.017403 0.141145 0.047073 0.012815 0.781564
4 4 0.015551 0.144689 0.048335 0.013070 0.778356
4 4 0.014466 0.128175 0.039461 0.009823 0.808076
4 4 0.016169 0.148403 0.050605 0.013994 0.770829
4 4 0.014198 0.149301 0.050307 0.013623 0.772570
4 4 0.011171 0.111386 0.030720 0.006763 0.839960
4 4 0.014491 0.140544 0.045729 0.011997 0.787239
4 0 0.018928 0.145683 0.049494 0.013192 0.772702
4 0 0.043161 0.249929 0.127389 0.015631 0.563891
4 1 0.036758 0.255697 0.112115 0.015611 0.579819
4 1 0.045459 0.312129 0.158760 0.018313 0.465339
4 1 0.025585 0.209444 0.121928 0.020398 0.622646
4 1 0.022628 0.191376 0.130415 0.021236 0.634345
4 2 0.024681 0.197455 0.175486 0.023659 0.578719
4 2 0.027798 0.207766 0.238883 0.025264 0.500289
4 2 0.030432 0.218551 0.257225 0.025337 0.468456
4 2 0.030100 0.216147 0.245865 0.025789 0.482098
4 1 0.032187 0.235874 0.274946 0.022302 0.434691
