0 0 0.449955 0.070376 0.102154 0.013456 0.364059
4 0 0.118924 0.056927 0.027531 0.005090 0.791528
4 1 0.056920 0.062224 0.021004 0.004772 0.855079
4 1 0.013715 0.033271 0.010844 0.002256 0.939914
4 1 0.015061 0.040909 0.016132 0.002023 0.925875
4 4 0.031367 0.079738 0.034588 0.005337 0.848970
4 4 0.055824 0.134902 0.065762 0.009100 0.734412
4 4 0.120572 0.153933 0.078944 0.012597 0.633954
4 4 0.186565 0.262631 0.125262 0.016881 0.408662
4 4 0.087751 0.281669 0.108837 0.009987 0.511755
4 4 0.078766 0.277427 0.103721 0.007053 0.533033
4 4 0.036473 0.099810 0.051505 0.003895 0.808317
4 4 0.036249 0.083872 0.053170 0.003761 0.822948
4 4 0.042021 0.069666 0.036450 0.003297 0.848567
4 4 0.023953 0.070941 0.026760 0.002361 0.875987
4 4 0.018787 0.062716 0.020241 0.001751 0.896505
4 4 0.033187 0.102067 0.050096 0.002516 0.812135
4 4 0.043210 0.124289 0.074106 0.003300 0.755096
4 4 0.057647 0.159413 0.106433 0.004600 0.671907
4 4 0.067642 0.193692 0.278492 0.006660 0.453514
2 2 0.063088 0.199166 0.431406 0.010759 0.295581
2 2 0.046585 0.151395 0.614616 0.019926 0.167478
2 2 0.031517 0.092486 0.748262 0.035861 0.091875
2 2 0.015915 0.037160 0.851353 0.062408 0.033165
2 2 0.010568 0.026010 0.891551 0.052957 0.018915
2 2 0.006736 0.019397 0.919980 0.040637 0.013250
2 2 0.009649 0.025445 0.892853 0.054458 0.017595
2 2 0.012898 0.032324 0.860380 0.072325 0.022072
2 3 0.021926 0.053747 0.746569 0.144792 0.032966
2 3 0.029652 0.073733 0.620797 0.235206 0.040612
2 3 0.050234 0.097108 0.499951 0.293242 0.059465
2 3 0.058537 0.103319 0.471179 0.300511 0.066453
2 3 0.075175 0.113649 0.421601 0.310103 0.079472
2 3 0.087406 0.119844 0.390308 0.314100 0.088343
2 3 0.093379 0.122520 0.376278 0.315336 0.092488
2 3 0.102146 0.126085 0.356957 0.316443 0.098369
3 3 0.136559 0.136694 0.292662 0.314664 0.119422
3 3 0.159549 0.141421 0.257470 0.309624 0.131936
3 3 0.168121 0.142793 0.245590 0.307174 0.136321
3 3 0.168121 0.142793 0.245590 0.307174 0.136321
3 3 0.168121 0.142793 0.245590 0.307174 0.136321
3 3 0.168121 0.142793 0.245590 0.307174 0.136321
3 3 0.168121 0.142793 0.245590 0.307174 0.136321
3 3 0.168121 0.142793 0.245590 0.307174 0.136321
3 3 0.168121 0.142793 0.245590 0.307174 0.136321
3 3 0.168121 0.142793 0.245590 0.307174 0.136321
3 3 0.168121 0.142793 0.245590 0.307174 0.136321
3 3 0.168121 0.142793 0.245590 0.307174 0.136321
3 3 0.168121 0.142793 0.245590 0.307174 0.136321
3 3 0.168121 0.142793 0.245590 0.307174 0.136321
3 3 0.168121 0.142793 0.245590 0.307174 0.136321
3 3 0.168121 0.142793 0.245590 0.307174 0.136321
3 3 0.168121 0.142793 0.245590 0.307174 0.136321
3 3 0.168121 0.142793 0.245590 0.307174 0.136321
3 3 0.168121 0.142793 0.245590 0.307174 0.136321
3 3 0.168121 0.142793 0.245590 0.307174 0.136321
3 3 0.168121 0.142793 0.245590 0.307174 0.136321
3 3 0.168121 0.142793 0.245590 0.307174 0.136321
3 3 0.168121 0.142793 0.245590 0.307174 0.136321
3 3 0.168121 0.142793 0.245590 0.307174 0.136321
3 3 0.168121 0.142793 0.245590 0.307174 0.136321
3 3 0.168121 0.142793 0.245590 0.307174 0.136321
3 3 0.168121 0.142793 0.245590 0.307174 0.136321
3 3 0.168121 0.142793 0.245590 0.307174 0.136321
3 3 0.168121 0.142793 0.245590 0.307174 0.136321
3 3 0.168121 0.142793 0.245590 0.307174 0.136321
3 3 0.168121 0.142793 0.245590 0.307174 0.136321
3 3 0.168121 0.142793 0.245590 0.307174 0.136321
3 3 0.168121 0.142793 0.245590 0.307174 0.136321
3 3 0.168121 0.142793 0.245590 0.307174 0.136321
3 3 0.168121 0.142793 0.245590 0.307174 0.136321
3 3 0.168121 0.142793 0.245590 0.307174 0.136321
3 3 0.168121 0.142793 0.245590 0.307174 0.136321
3 3 0.168121 0.142793 0.245590 0.307174 0.136321
3 3 0.168121 0.142793 0.245590 0.307174 0.136321
3 3 0.168121 0.142793 0.245590 0.307174 0.136321
3 3 0.168121 0.142793 0.245590 0.307174 0.136321
3 3 0.168121 0.142793 0.245590 0.307174 0.136321
3 3 0.168121 0.142793 0.245590 0.307174 0.136321
3 3 0.168121 0.142793 0.245590 0.307174 0.136321
3 3 0.168121 0.142793 0.245590 0.307174 0.136321
3 3 0.168121 0.142793 0.245590 0.307174 0.136321
3 3 0.168121 0.142793 0.245590 0.307174 0.136321
3 3 0.168121 0.142793 0.245590 0.307174 0.136321
3 3 0.168121 0.142793 0.245590 0.307174 0.136321
3 3 0.168121 0.142793 0.245590 0.307174 0.136321
3 3 0.168121 0.142793 0.245590 0.307174 0.136321
3 3 0.168121 0.142793 0.245590 0.307174 0.136321
3 3 0.168121 0.142793 0.245590 0.307174 0.136321
3 3 0.168121 0.142793 0.245590 0.307174 0.136321
3 3 0.168121 0.142793 0.245590 0.307174 0.136321
3 3 0.168121 0.142793 0.245590 0.307174 0.136321
3 3 0.168121 0.142793 0.245590 0.307174 0.136321
3 3 0.234808 0.137088 0.220796 0.282857 0.124452
0 3 0.329752 0.125960 0.188349 0.247919 0.108020
0 3 0.415762 0.113934 0.160740 0.216117 0.093447
0 3 0.353784 0.122756 0.180494 0.239043 0.103923
3 3 0.188024 0.141340 0.237948 0.299947 0.132741
3 3 0.141315 0.137807 0.284946 0.313827 0.122105
2 3 0.117919 0.131553 0.325455 0.316677 0.108396
3 3 0.130053 0.135046 0.303624 0.315609 0.115668
3 3 0.137246 0.136859 0.291532 0.314551 0.119812
3 3 0.156061 0.140805 0.262485 0.310540 0.130109
3 3 0.168121 0.142793 0.245590 0.307174 0.136321
3 3 0.168121 0.142793 0.245590 0.307174 0.136321
3 3 0.168121 0.142793 0.245590 0.307174 0.136321
3 3 0.168121 0.142793 0.245590 0.307174 0.136321
3 3 0.152079 0.138364 0.275669 0.310648 0.123241
3 3 0.208587 0.137435 0.239595 0.291783 0.122600
0 3 0.428258 0.112068 0.156836 0.211489 0.091349
0 3 0.366187 0.121052 0.176485 0.234459 0.101816
3 3 0.260614 0.130915 0.225976 0.272327 0.110169
2 3 0.092878 0.121695 0.379941 0.314526 0.090960
2 3 0.073804 0.112887 0.425350 0.309514 0.078444
2 3 0.068244 0.109645 0.441134 0.306784 0.074194
2 3 0.069126 0.110177 0.438565 0.307256 0.074876
2 3 0.087995 0.120117 0.388892 0.314240 0.088756
2 3 0.104937 0.127136 0.351097 0.316637 0.100193
2 3 0.098065 0.120454 0.382325 0.311334 0.087821
2 3 0.078470 0.114761 0.415521 0.310491 0.080757
3 3 0.230057 0.133083 0.241327 0.283021 0.112513
0 3 0.280017 0.131481 0.207750 0.266106 0.114647
0 3 0.491165 0.102281 0.137525 0.188176 0.080853
0 3 0.416691 0.158361 0.175956 0.138023 0.110969
2 3 0.159104 0.145019 0.318429 0.268186 0.109262
2 3 0.085514 0.118951 0.394911 0.313617 0.087005
2 3 0.101415 0.125803 0.358515 0.316380 0.097887
2 3 0.092346 0.122072 0.378652 0.315151 0.091779
2 3 0.090472 0.121186 0.383252 0.314717 0.090374
0 3 0.309767 0.128520 0.194977 0.255292 0.111444
0 3 0.419345 0.122127 0.163963 0.197630 0.096935
3 3 0.199441 0.130025 0.276959 0.290613 0.102962
2 3 0.066873 0.106337 0.455381 0.302192 0.069218
2 3 0.050437 0.097270 0.499209 0.293445 0.059640
2 3 0.052897 0.099191 0.490370 0.295796 0.061747
2 3 0.073064 0.112470 0.427398 0.309183 0.077885
2 3 0.114565 0.130483 0.331838 0.316794 0.106320
3 3 0.150007 0.139654 0.271452 0.312009 0.126879
3 3 0.168121 0.142793 0.245590 0.307174 0.136321
3 3 0.238086 0.134900 0.227486 0.281134 0.118394
0 3 0.382765 0.118725 0.171173 0.228328 0.099009
0 3 0.616839 0.080988 0.100445 0.141550 0.060178
0 3 0.567811 0.089553 0.114692 0.159745 0.068200
0 3 0.593890 0.082630 0.121505 0.138049 0.063925
0 3 0.536081 0.083680 0.184977 0.120681 0.074581
0 3 0.349840 0.103620 0.284363 0.174283 0.087893
0 3 0.287411 0.120153 0.250249 0.251967 0.090221
2 3 0.128949 0.125271 0.344671 0.307203 0.093907
2 3 0.104949 0.127141 0.351070 0.316638 0.100201
2 3 0.101102 0.125681 0.359185 0.316351 0.097680
2 3 0.075430 0.113788 0.420910 0.310209 0.079662
2 3 0.076398 0.114315 0.418300 0.310603 0.080384
2 3 0.077099 0.114693 0.416425 0.310879 0.080904
2 3 0.093472 0.122560 0.376066 0.315351 0.092551
2 3 0.103408 0.126565 0.354291 0.316540 0.099196
2 3 0.110508 0.129124 0.339778 0.316821 0.103769
2 3 0.098599 0.124692 0.364603 0.316089 0.096017
2 3 0.068649 0.109890 0.439951 0.307003 0.074508
2 3 0.045729 0.093366 0.517024 0.288370 0.055510
2 3 0.035639 0.083794 0.560085 0.274318 0.046164
2 2 0.028993 0.073466 0.619760 0.237904 0.039877
2 2 0.026439 0.060379 0.715024 0.159578 0.038579
2 2 0.032075 0.075167 0.730495 0.093509 0.068754
2 2 0.032212 0.077155 0.732058 0.085249 0.073325
2 2 0.028684 0.058573 0.763044 0.096023 0.053676
2 2 0.031106 0.058127 0.744216 0.116334 0.050217
2 2 0.030704 0.055947 0.753836 0.112895 0.046618
2 3 0.038130 0.074180 0.699108 0.127691 0.060892
2 3 0.036995 0.072605 0.705354 0.131279 0.053767
2 3 0.024713 0.051563 0.768428 0.118852 0.036444
2 3 0.017224 0.041461 0.815073 0.098662 0.027581
2 3 0.010210 0.026361 0.888897 0.056136 0.018396
2 3 0.011340 0.025001 0.897855 0.045779 0.020025
2 3 0.010294 0.023777 0.929314 0.017991 0.018624
2 3 0.060105 0.112778 0.729400 0.017819 0.079897
0 3 0.556728 0.159232 0.180045 0.014210 0.089785
0 3 0.579684 0.183378 0.134506 0.016120 0.086313
0 3 0.521719 0.219303 0.144282 0.016292 0.098404
0 3 0.516236 0.229329 0.143938 0.012336 0.098162
0 3 0.759687 0.071014 0.112484 0.010849 0.045965
0 3 0.825838 0.037693 0.100163 0.006589 0.029718
0 3 0.984961 0.004917 0.005348 0.002184 0.002590
0 0 0.972292 0.012605 0.006199 0.004082 0.004822
0 2 0.953690 0.022334 0.010494 0.005125 0.008357
0 1 0.698548 0.141696 0.087596 0.011798 0.060362
0 1 0.432949 0.254995 0.180004 0.014844 0.117209
1 1 0.283692 0.285343 0.195263 0.015793 0.219909
1 1 0.270085 0.295982 0.159408 0.015684 0.258839
1 1 0.255227 0.322855 0.174520 0.013944 0.233455
1 1 0.296037 0.337773 0.146027 0.011436 0.208727
1 1 0.203089 0.353414 0.122045 0.008825 0.312627
1 1 0.271475 0.342864 0.122389 0.011040 0.252232
1 1 0.275512 0.368261 0.144550 0.013291 0.198387
1 1 0.344809 0.344891 0.145090 0.015382 0.149829
0 1 0.420323 0.297444 0.148469 0.015755 0.118009
0 1 0.480491 0.246772 0.148875 0.016893 0.106969
0 1 0.600297 0.186468 0.122690 0.010323 0.080221
0 1 0.840420 0.040257 0.082542 0.007963 0.028818
0 1 0.878660 0.028902 0.066964 0.004534 0.020940
0 0 0.972616 0.008666 0.011185 0.002067 0.005466
0 0 0.955782 0.025295 0.008785 0.002417 0.007721
0 0 0.917187 0.052091 0.014668 0.002107 0.013947
0 0 0.731085 0.175566 0.045033 0.003222 0.045094
1 1 0.311233 0.377932 0.161449 0.011963 0.137422
1 1 0.238608 0.387017 0.216165 0.013529 0.144680
2 1 0.277419 0.275928 0.300687 0.016208 0.129758
0 1 0.425952 0.162002 0.298089 0.014888 0.099068
0 1 0.666988 0.095044 0.162487 0.011817 0.063664
0 1 0.736534 0.099048 0.102967 0.009295 0.052157
0 1 0.661121 0.137818 0.120490 0.012101 0.068469
0 1 0.534406 0.235462 0.124480 0.012275 0.093377
0 1 0.371693 0.275739 0.208262 0.014013 0.130294
0 1 0.523725 0.159649 0.204423 0.015975 0.096228
0 1 0.597740 0.124872 0.185512 0.012930 0.078947
0 1 0.885708 0.046086 0.033855 0.012342 0.022008
0 1 0.845048 0.061464 0.044750 0.018663 0.030075
0 1 0.764758 0.101717 0.061920 0.025006 0.046598
0 1 0.577326 0.195816 0.120387 0.019631 0.086840
2 1 0.263354 0.220002 0.379552 0.029799 0.107293
0 1 0.526745 0.131851 0.240084 0.013707 0.087612
0 1 0.691919 0.073655 0.168574 0.010226 0.055625
0 0 0.947076 0.025383 0.012867 0.004947 0.009727
0 0 0.927749 0.037791 0.016331 0.004841 0.013288
0 0 0.922529 0.036644 0.020279 0.005937 0.014611
0 0 0.833400 0.046481 0.079812 0.009214 0.031092
0 0 0.824811 0.043170 0.085601 0.014321 0.032098
0 0 0.781684 0.064851 0.097582 0.013789 0.042094
0 0 0.736026 0.085732 0.111683 0.014464 0.052095
0 0 0.770485 0.095467 0.079907 0.008638 0.045502
0 0 0.812686 0.083855 0.061378 0.005667 0.036414
0 0 0.743962 0.120666 0.079371 0.006132 0.049869
0 0 0.704527 0.147237 0.083811 0.006910 0.057515
0 0 0.583138 0.192447 0.132505 0.008764 0.083146
0 0 0.591203 0.183163 0.134162 0.009499 0.081973
0 0 0.574987 0.176340 0.151186 0.011401 0.086085
0 0 0.586123 0.181673 0.136733 0.011612 0.083859
0 0 0.559315 0.192918 0.146830 0.011539 0.089398
0 0 0.530820 0.170526 0.188661 0.014565 0.095427
0 0 0.434471 0.212314 0.222659 0.014451 0.116106
2 0 0.206875 0.164507 0.514753 0.021190 0.092674
0 0 0.370842 0.140618 0.355736 0.035304 0.097501
0 0 0.490061 0.224900 0.167482 0.013094 0.104462
0 1 0.597305 0.175221 0.131608 0.013738 0.082127
0 1 0.603054 0.176400 0.126344 0.013417 0.080785
0 1 0.561275 0.211938 0.124633 0.013341 0.088813
0 1 0.539026 0.246395 0.108485 0.014509 0.091584
0 1 0.508728 0.254697 0.123669 0.014239 0.098666
0 1 0.554936 0.217538 0.125062 0.012664 0.089800
0 1 0.584242 0.194545 0.125620 0.011663 0.083930
0 1 0.617009 0.177962 0.117081 0.010932 0.077015
0 1 0.692929 0.136061 0.098898 0.010532 0.061581
0 1 0.759284 0.093219 0.089180 0.010391 0.047926
0 1 0.874690 0.037877 0.056850 0.007082 0.023502
0 0 0.904546 0.026095 0.047493 0.004699 0.017167
0 0 0.925369 0.019228 0.035598 0.006514 0.013291
0 1 0.911620 0.041594 0.022179 0.007923 0.016684
0 1 0.857497 0.083696 0.028464 0.004655 0.025688
0 1 0.814650 0.102336 0.042366 0.005934 0.034713
0 1 0.765300 0.089181 0.093721 0.006220 0.045578
0 1 0.870301 0.049109 0.048470 0.006949 0.025170
0 0 0.881449 0.038814 0.048615 0.008482 0.022641
0 0 0.849900 0.040479 0.073540 0.008433 0.027647
0 0 0.907084 0.025507 0.047549 0.003396 0.016465
0 0 0.907887 0.049390 0.022432 0.003334 0.016958
0 1 0.779967 0.131446 0.043304 0.005473 0.039810
0 1 0.746516 0.155945 0.047647 0.004875 0.045018
0 1 0.799650 0.068176 0.082208 0.010741 0.039224
0 0 0.923941 0.013834 0.044932 0.005221 0.012073
0 0 0.978941 0.004548 0.009912 0.003247 0.003353
0 0 0.986960 0.003843 0.003122 0.004158 0.001917
0 0 0.971747 0.011370 0.006338 0.005512 0.005033
0 1 0.897431 0.055439 0.022341 0.005824 0.018964
0 1 0.551333 0.252302 0.098734 0.010931 0.086700
0 1 0.381830 0.276987 0.199740 0.014790 0.126653
0 1 0.401652 0.269393 0.185601 0.018262 0.125092
0 1 0.434190 0.263887 0.164941 0.019216 0.117766
0 1 0.437507 0.279150 0.150826 0.017045 0.115472
0 1 0.382501 0.310537 0.163504 0.016517 0.126941
0 1 0.401256 0.309383 0.152214 0.015364 0.121783
0 1 0.359437 0.319803 0.172048 0.016530 0.132182
0 1 0.372575 0.306892 0.175662 0.015448 0.129424
0 1 0.524850 0.181166 0.184334 0.013204 0.096446
0 1 0.523637 0.139886 0.234606 0.010429 0.091442
0 0 0.787816 0.078498 0.085327 0.007030 0.041330
0 1 0.645155 0.192817 0.086366 0.007569 0.068094
0 1 0.455253 0.323475 0.110180 0.008665 0.102426
1 1 0.243820 0.413769 0.176349 0.013171 0.152890
1 1 0.184892 0.355562 0.293248 0.015686 0.150612
2 1 0.134761 0.260496 0.458568 0.021325 0.124849
2 1 0.181137 0.248649 0.420853 0.019774 0.129588
2 1 0.216696 0.267260 0.359799 0.020149 0.136097
1 1 0.261009 0.303712 0.278817 0.015665 0.140797
1 1 0.277565 0.329545 0.226716 0.015617 0.150557
1 1 0.248971 0.355515 0.223562 0.014594 0.157359
1 1 0.238062 0.370862 0.215963 0.015395 0.159719
1 1 0.228026 0.382751 0.213644 0.015037 0.160542
1 1 0.220560 0.386992 0.216338 0.014712 0.161399
1 1 0.210828 0.396661 0.217069 0.014334 0.161109
1 1 0.194136 0.418487 0.212683 0.012740 0.161954
1 1 0.179115 0.422645 0.215160 0.013278 0.169802
1 1 0.177002 0.381617 0.260397 0.014538 0.166446
1 1 0.189624 0.341530 0.295875 0.015256 0.157715
1 1 0.197316 0.340355 0.295800 0.014253 0.152275
1 1 0.256872 0.323699 0.256054 0.014888 0.148486
1 1 0.289554 0.346121 0.203627 0.013640 0.147059
1 1 0.308082 0.358682 0.177482 0.014255 0.141499
1 1 0.267752 0.397227 0.172136 0.014332 0.148552
1 1 0.218286 0.385815 0.230305 0.017104 0.148491
1 1 0.194715 0.342713 0.301806 0.018166 0.142599
2 1 0.174010 0.297296 0.370872 0.019673 0.138149
1 1 0.210871 0.333012 0.285777 0.017605 0.152735
1 1 0.204734 0.352552 0.271265 0.015589 0.155860
1 1 0.189072 0.347860 0.290451 0.017221 0.155396
2 1 0.165520 0.323883 0.343458 0.017777 0.149362
2 1 0.128411 0.303320 0.415131 0.016490 0.136648
2 1 0.144029 0.333017 0.365715 0.014601 0.142638
2 1 0.143991 0.332304 0.366108 0.014534 0.143062
1 1 0.194839 0.374622 0.262312 0.013153 0.155075
2 1 0.153860 0.288094 0.407461 0.016401 0.134184
2 1 0.214004 0.297270 0.326678 0.016465 0.145583
1 1 0.203798 0.323642 0.307731 0.014073 0.150756
1 1 0.221941 0.384261 0.220296 0.012243 0.161259
1 1 0.214608 0.400563 0.210226 0.012462 0.162142
1 1 0.258881 0.351308 0.218400 0.015894 0.155517
1 1 0.290525 0.343164 0.204205 0.014620 0.147486
1 1 0.295029 0.389614 0.162765 0.012017 0.140575
1 1 0.282556 0.419658 0.149538 0.009685 0.138563
1 1 0.239456 0.439712 0.158830 0.009851 0.152151
1 1 0.256070 0.408577 0.148649 0.010575 0.176129
1 1 0.219956 0.419673 0.154848 0.010376 0.195147
0 1 0.519686 0.216075 0.146788 0.016405 0.101046
0 1 0.558143 0.132391 0.201799 0.014889 0.092778
0 1 0.862193 0.057290 0.046035 0.007542 0.026940
0 1 0.674631 0.171425 0.082262 0.008493 0.063189
0 1 0.606283 0.193613 0.103304 0.017130 0.079670
0 1 0.345848 0.261400 0.249007 0.015515 0.128229
0 1 0.454831 0.248574 0.171971 0.012929 0.111695
0 1 0.499339 0.250276 0.138253 0.011523 0.100609
0 1 0.492458 0.254202 0.137469 0.013271 0.102600
0 1 0.496655 0.232497 0.152827 0.014719 0.103302
0 1 0.423958 0.248107 0.192653 0.015662 0.119620
0 1 0.424700 0.274325 0.170064 0.013169 0.117741
0 1 0.423274 0.271838 0.172800 0.013681 0.118407
0 1 0.382140 0.236677 0.246054 0.018060 0.117070
0 1 0.390194 0.197094 0.276620 0.022060 0.114032
0 1 0.489385 0.212462 0.175452 0.016868 0.105834
0 1 0.403677 0.248157 0.213443 0.018872 0.115851
0 1 0.500159 0.245730 0.138699 0.013903 0.101509
0 1 0.416352 0.305197 0.147820 0.013148 0.117484
0 1 0.382588 0.288891 0.184746 0.015699 0.128076
0 1 0.317280 0.237879 0.301179 0.019631 0.124031
0 1 0.402094 0.176931 0.288999 0.020519 0.111457
0 1 0.365429 0.194574 0.308476 0.018344 0.113177
0 1 0.484531 0.214364 0.178847 0.015704 0.106554
0 1 0.442342 0.277888 0.153692 0.012939 0.113138
0 1 0.361710 0.326100 0.168078 0.013963 0.130149
1 1 0.288080 0.341129 0.216355 0.013692 0.140745
2 1 0.083311 0.238352 0.548205 0.022597 0.107535
2 1 0.056301 0.174042 0.654499 0.022899 0.092258
2 1 0.031505 0.085906 0.794894 0.034670 0.053026
2 1 0.022139 0.066199 0.842692 0.028934 0.040037
2 2 0.022495 0.059436 0.864068 0.010873 0.043128
2 2 0.013188 0.026945 0.923306 0.015254 0.021306
2 2 0.013837 0.024111 0.924996 0.017498 0.019558
2 2 0.012130 0.024789 0.927613 0.016248 0.019219
2 2 0.010598 0.023183 0.930912 0.016596 0.018711
2 2 0.013068 0.027882 0.916733 0.019530 0.022788
2 2 0.012852 0.029221 0.909987 0.024147 0.023794
2 2 0.016971 0.040961 0.886556 0.024664 0.030848
2 2 0.013734 0.030883 0.904321 0.025984 0.025078
2 2 0.010215 0.022547 0.925582 0.022269 0.019386
2 2 0.006326 0.011946 0.954140 0.016717 0.010870
2 2 0.006253 0.011286 0.956626 0.016135 0.009700
2 2 0.008200 0.014450 0.943173 0.022540 0.011637
2 2 0.156292 0.033243 0.745046 0.031228 0.034190
0 2 0.776216 0.025718 0.149464 0.017094 0.031508
0 0 0.983596 0.003880 0.006964 0.002934 0.002626
0 0 0.988427 0.003520 0.002321 0.004119 0.001612
0 0 0.978464 0.009483 0.004764 0.003625 0.003664
0 1 0.786095 0.086427 0.058391 0.013448 0.055640
2 1 0.169347 0.170540 0.516220 0.016659 0.127234
2 1 0.034802 0.088641 0.786099 0.018052 0.072406
2 2 0.016958 0.044870 0.887569 0.018519 0.032083
2 2 0.009084 0.021541 0.934983 0.016264 0.018128
2 2 0.011075 0.025604 0.925924 0.015755 0.021642
2 2 0.012284 0.026603 0.918526 0.019512 0.023075
2 2 0.012460 0.025281 0.912985 0.026774 0.022499
2 2 0.009015 0.019293 0.924070 0.030873 0.016749
2 2 0.006332 0.016031 0.936744 0.028263 0.012630
2 2 0.006771 0.018203 0.926485 0.035227 0.013314
2 2 0.008283 0.022936 0.903890 0.049292 0.015599
2 2 0.007983 0.023088 0.902203 0.051584 0.015143
2 3 0.008184 0.024533 0.894136 0.057718 0.015430
2 3 0.016509 0.043040 0.802590 0.111263 0.026599
2 3 0.021866 0.058811 0.707720 0.179011 0.032593
2 3 0.028987 0.076326 0.593314 0.261817 0.039556
2 3 0.034974 0.083095 0.563206 0.273204 0.045521
2 3 0.059603 0.103622 0.469527 0.300589 0.066660
2 3 0.061410 0.104969 0.463243 0.302079 0.068299
2 3 0.067838 0.109398 0.442322 0.306563 0.073879
0 3 0.337109 0.098782 0.316262 0.169282 0.078566
0 3 0.690442 0.048417 0.162923 0.047636 0.050582
0 0 0.969915 0.008034 0.008471 0.008919 0.004660
0 0 0.976128 0.008336 0.005270 0.006365 0.003902
0 1 0.957162 0.016418 0.010128 0.008936 0.007357
0 1 0.680781 0.121347 0.099025 0.034149 0.064698
2 1 0.073831 0.138351 0.585589 0.115339 0.086890
2 1 0.020618 0.048254 0.780243 0.119268 0.031617
2 2 0.008452 0.023998 0.898192 0.053517 0.015841
2 2 0.009398 0.024809 0.895887 0.052670 0.017235
2 2 0.009183 0.023146 0.904608 0.046127 0.016937
2 2 0.009337 0.022310 0.909202 0.041978 0.017173
2 2 0.010469 0.026570 0.888264 0.055932 0.018765
2 2 0.011801 0.032403 0.856871 0.078376 0.020549
2 2 0.011826 0.036421 0.829719 0.101549 0.020485
2 2 0.011287 0.037221 0.820816 0.110973 0.019702
2 2 0.013339 0.044663 0.774263 0.145434 0.022301
2 2 0.019083 0.061096 0.669534 0.221339 0.028948
2 2 0.034068 0.082127 0.567524 0.271642 0.044639
2 2 0.044284 0.092102 0.522756 0.286644 0.054215
2 2 0.056206 0.101657 0.478939 0.298670 0.064528
2 2 0.074242 0.113132 0.424146 0.309706 0.078773
2 3 0.089963 0.121015 0.384210 0.314680 0.090131
2 3 0.118336 0.131682 0.324673 0.316657 0.108651
3 3 0.132586 0.135705 0.299298 0.315270 0.117141
3 3 0.142125 0.137989 0.283655 0.313673 0.122557
3 3 0.165601 0.142410 0.249019 0.307922 0.135048
3 3 0.168121 0.142793 0.245590 0.307174 0.136321
3 3 0.168121 0.142793 0.245590 0.307174 0.136321
3 3 0.168121 0.142793 0.245590 0.307174 0.136321
3 3 0.168121 0.142793 0.245590 0.307174 0.136321
3 3 0.168121 0.142793 0.245590 0.307174 0.136321
3 3 0.168121 0.142793 0.245590 0.307174 0.136321
3 3 0.168121 0.142793 0.245590 0.307174 0.136321
3 3 0.168121 0.142793 0.245590 0.307174 0.136321
3 3 0.168121 0.142793 0.245590 0.307174 0.136321
3 3 0.168121 0.142793 0.245590 0.307174 0.136321
3 3 0.168121 0.142793 0.245590 0.307174 0.136321
3 3 0.168121 0.142793 0.245590 0.307174 0.136321
3 3 0.168121 0.142793 0.245590 0.307174 0.136321
3 3 0.168121 0.142793 0.245590 0.307174 0.136321
3 3 0.168121 0.142793 0.245590 0.307174 0.136321
3 3 0.168121 0.142793 0.245590 0.307174 0.136321
3 3 0.168121 0.142793 0.245590 0.307174 0.136321
3 3 0.168121 0.142793 0.245590 0.307174 0.136321
3 3 0.168121 0.142793 0.245590 0.307174 0.136321
3 3 0.168121 0.142793 0.245590 0.307174 0.136321
3 3 0.168121 0.142793 0.245590 0.307174 0.136321
3 3 0.168121 0.142793 0.245590 0.307174 0.136321
3 3 0.168121 0.142793 0.245590 0.307174 0.136321
3 3 0.168121 0.142793 0.245590 0.307174 0.136321
3 3 0.168121 0.142793 0.245590 0.307174 0.136321
3 3 0.168121 0.142793 0.245590 0.307174 0.136321
3 3 0.168121 0.142793 0.245590 0.307174 0.136321
3 3 0.168121 0.142793 0.245590 0.307174 0.136321
3 3 0.168121 0.142793 0.245590 0.307174 0.136321
3 3 0.168121 0.142793 0.245590 0.307174 0.136321
3 3 0.168121 0.142793 0.245590 0.307174 0.136321
3 3 0.168121 0.142793 0.245590 0.307174 0.136321
3 3 0.168121 0.142793 0.245590 0.307174 0.136321
3 3 0.168121 0.142793 0.245590 0.307174 0.136321
3 3 0.168121 0.142793 0.245590 0.307174 0.136321
3 3 0.168121 0.142793 0.245590 0.307174 0.136321
3 3 0.168121 0.142793 0.245590 0.307174 0.136321
3 3 0.168121 0.142793 0.245590 0.307174 0.136321
3 3 0.168121 0.142793 0.245590 0.307174 0.136321
3 3 0.168121 0.142793 0.245590 0.307174 0.136321
3 3 0.168121 0.142793 0.245590 0.307174 0.136321
3 3 0.168121 0.142793 0.245590 0.307174 0.136321
3 3 0.168121 0.142793 0.245590 0.307174 0.136321
3 3 0.168121 0.142793 0.245590 0.307174 0.136321
3 3 0.168121 0.142793 0.245590 0.307174 0.136321
3 3 0.168121 0.142793 0.245590 0.307174 0.136321
3 3 0.168121 0.142793 0.245590 0.307174 0.136321
3 3 0.168121 0.142793 0.245590 0.307174 0.136321
3 3 0.166108 0.142489 0.248325 0.307774 0.135305
2 3 0.107276 0.127989 0.346284 0.316747 0.101705
2 3 0.119907 0.120193 0.370708 0.304261 0.084930
0 3 0.431240 0.162375 0.228438 0.062524 0.115423
2 3 0.262322 0.166900 0.381825 0.084992 0.103961
2 2 0.052375 0.114908 0.653114 0.107992 0.071611
2 2 0.040364 0.123654 0.731920 0.037488 0.066575
2 2 0.029519 0.074261 0.615434 0.240382 0.040403
2 2 0.030077 0.073425 0.625551 0.229814 0.041133
2 2 0.036286 0.083676 0.668720 0.147739 0.063580
2 2 0.055148 0.147468 0.560598 0.033537 0.203249
4 2 0.064824 0.166405 0.369900 0.015932 0.382939
4 2 0.061995 0.157435 0.250462 0.008729 0.521379
4 2 0.057390 0.155908 0.222737 0.006327 0.557639
4 2 0.056596 0.158777 0.144304 0.005044 0.635279
4 2 0.056792 0.153608 0.109814 0.005213 0.674573
4 2 0.064301 0.158958 0.122840 0.008111 0.645790
4 2 0.065157 0.148813 0.156210 0.008750 0.621069
4 2 0.057808 0.136492 0.176486 0.007269 0.621945
4 2 0.055498 0.127604 0.157973 0.006741 0.652185
4 2 0.061999 0.155497 0.155144 0.007991 0.619370
4 2 0.064163 0.161991 0.130275 0.007395 0.636175
4 2 0.065125 0.175928 0.149130 0.007413 0.602403
4 2 0.067102 0.193390 0.226250 0.007528 0.505731
4 2 0.065852 0.192572 0.224646 0.006728 0.510202
4 2 0.066630 0.170870 0.173324 0.005720 0.583456
4 2 0.060082 0.152307 0.177768 0.005891 0.603952
4 2 0.051718 0.121801 0.108874 0.004530 0.713077
4 2 0.052327 0.124584 0.116319 0.004741 0.702030
4 2 0.035987 0.091648 0.063431 0.003203 0.805731
4 1 0.037125 0.100547 0.070135 0.002675 0.789518
4 1 0.025470 0.069882 0.039451 0.002191 0.863006
4 1 0.034051 0.088527 0.064643 0.002586 0.810193
4 1 0.024722 0.061516 0.042240 0.002219 0.869304
4 1 0.029897 0.071740 0.054921 0.002701 0.840741
4 1 0.037574 0.077005 0.069889 0.004360 0.811171
4 1 0.049848 0.109477 0.091642 0.006004 0.743029
4 1 0.052429 0.146518 0.078714 0.005370 0.716969
4 1 0.050311 0.152984 0.067039 0.005144 0.724522
4 1 0.058181 0.140782 0.095387 0.007119 0.698530
4 1 0.060335 0.133321 0.105490 0.008098 0.692756
4 1 0.058411 0.139471 0.136016 0.006671 0.659431
4 1 0.064269 0.150402 0.173434 0.008705 0.603190
4 1 0.067190 0.137882 0.234391 0.014723 0.545815
4 2 0.066419 0.112117 0.334091 0.021104 0.466269
4 2 0.070012 0.111597 0.324463 0.018138 0.475791
4 2 0.129115 0.144370 0.306252 0.017470 0.402793
4 2 0.155809 0.201439 0.207314 0.013641 0.421797
4 2 0.217509 0.276167 0.207561 0.015344 0.283420
4 2 0.153285 0.269379 0.209350 0.011236 0.356750
4 2 0.195323 0.204022 0.175682 0.009035 0.415938
4 2 0.127870 0.131173 0.083082 0.005808 0.652066
4 2 0.104260 0.100203 0.049022 0.006352 0.740162
4 2 0.047904 0.059603 0.029301 0.005594 0.857598
4 2 0.040113 0.037317 0.021421 0.005299 0.895851
4 2 0.122749 0.065071 0.052443 0.008258 0.751479
4 2 0.401368 0.076436 0.076938 0.011174 0.434083
0 2 0.868661 0.033967 0.043539 0.009411 0.044421
0 1 0.826052 0.039799 0.054069 0.008502 0.071578
0 0 0.960799 0.015513 0.008737 0.003293 0.011657
0 0 0.875606 0.063966 0.024077 0.005931 0.030421
0 1 0.852090 0.074652 0.034728 0.010226 0.028304
0 1 0.566101 0.190003 0.127839 0.012730 0.103328
0 1 0.473246 0.201566 0.145676 0.012423 0.167089
0 1 0.505257 0.181112 0.132437 0.017334 0.163859
0 1 0.542667 0.176540 0.121446 0.020798 0.138549
0 1 0.514304 0.206461 0.106527 0.014698 0.158010
0 1 0.462038 0.234864 0.095934 0.011029 0.196136
0 1 0.425195 0.231942 0.102606 0.008862 0.231396
0 1 0.362723 0.256449 0.129080 0.008159 0.243589
0 1 0.367062 0.229273 0.101470 0.009512 0.292683
0 1 0.386749 0.261170 0.111956 0.011274 0.228851
0 1 0.404255 0.264936 0.100183 0.011996 0.218630
0 1 0.313369 0.301764 0.116461 0.011344 0.257063
4 1 0.256070 0.285917 0.091193 0.008671 0.358148
4 1 0.171238 0.242862 0.093409 0.007107 0.485385
4 1 0.236181 0.222404 0.108607 0.008140 0.424667
4 1 0.292254 0.208727 0.120931 0.008087 0.370002
0 1 0.353352 0.223047 0.100824 0.009016 0.313761
0 1 0.406846 0.219287 0.092185 0.013057 0.268626
0 1 0.638273 0.156802 0.112403 0.009999 0.082522
0 1 0.705254 0.109687 0.085471 0.005504 0.094084
0 0 0.917437 0.044640 0.014693 0.001768 0.021462
0 0 0.832332 0.090224 0.025907 0.003778 0.047760
0 1 0.714264 0.133143 0.059330 0.007553 0.085711
4 1 0.236233 0.148679 0.168996 0.008134 0.437958
4 1 0.099664 0.093486 0.090488 0.004965 0.711396
4 1 0.068671 0.100368 0.083798 0.005567 0.741596
4 1 0.048672 0.119937 0.083144 0.005184 0.743063
4 1 0.064967 0.197155 0.115248 0.004753 0.617877
4 1 0.049643 0.146197 0.076154 0.004397 0.723609
4 4 0.052774 0.129292 0.055269 0.004829 0.757835
4 4 0.050204 0.094861 0.052610 0.004362 0.797962
4 4 0.079294 0.096790 0.052572 0.005388 0.765956
4 4 0.107991 0.096744 0.050143 0.006969 0.738153
4 4 0.143430 0.125821 0.064472 0.008940 0.657338
4 4 0.092479 0.115076 0.064356 0.006641 0.721448
4 4 0.055834 0.093303 0.057634 0.005184 0.788044
4 4 0.077789 0.143102 0.111396 0.008244 0.659469
4 4 0.100257 0.164803 0.140920 0.009931 0.584089
4 4 0.237417 0.256603 0.197876 0.013976 0.294128
4 4 0.265006 0.277119 0.161948 0.015639 0.280287
0 4 0.363427 0.244226 0.139930 0.014452 0.237965
4 4 0.229865 0.144343 0.097496 0.010869 0.517427
4 4 0.177289 0.126095 0.092688 0.010592 0.593336
4 4 0.142560 0.140475 0.107152 0.009824 0.599988
4 4 0.140241 0.146581 0.102246 0.011729 0.599203
4 4 0.166514 0.179222 0.111313 0.011515 0.531436
4 4 0.181762 0.217909 0.129824 0.010419 0.460085
4 4 0.165149 0.211302 0.097198 0.007650 0.518700
4 4 0.104623 0.139285 0.049069 0.005858 0.701166
4 4 0.082631 0.160034 0.049953 0.005347 0.702035
4 4 0.069638 0.150730 0.069761 0.005582 0.704290
4 4 0.038728 0.102152 0.058277 0.004109 0.796734
4 4 0.037053 0.103620 0.050834 0.003970 0.804524
4 4 0.041674 0.130154 0.058606 0.003578 0.765988
4 4 0.042441 0.131395 0.057912 0.003887 0.764365
4 4 0.041430 0.127742 0.059348 0.003546 0.767933
4 4 0.060030 0.154188 0.115744 0.005245 0.664793
2 1 0.057247 0.144070 0.444687 0.011093 0.342903
2 1 0.033735 0.069985 0.754877 0.014002 0.127401
2 2 0.018692 0.036072 0.893007 0.010279 0.041951
2 2 0.018602 0.032372 0.903569 0.011853 0.033604
2 2 0.038280 0.068999 0.798771 0.012764 0.081186
2 2 0.033694 0.100631 0.758779 0.008614 0.098282
2 2 0.040691 0.132406 0.683555 0.019852 0.123496
2 2 0.037393 0.088312 0.750105 0.010536 0.113653
2 2 0.027488 0.067529 0.822002 0.012462 0.070518
2 2 0.023113 0.051990 0.866499 0.015069 0.043330
2 2 0.033987 0.077523 0.784944 0.013028 0.090517
2 2 0.027174 0.072410 0.818727 0.010409 0.071279
2 2 0.026451 0.077984 0.811933 0.009770 0.073863
2 2 0.025701 0.068412 0.827500 0.011061 0.067327
2 2 0.036669 0.093265 0.760498 0.013828 0.095740
2 2 0.041506 0.103948 0.715276 0.013058 0.126212
2 2 0.046929 0.143612 0.621246 0.009356 0.178858
2 2 0.055891 0.167811 0.560206 0.009553 0.206539
2 2 0.035332 0.121278 0.729500 0.008711 0.105180
2 2 0.028976 0.080105 0.815385 0.013664 0.061871
2 2 0.026448 0.061800 0.833593 0.017934 0.060225
2 2 0.035949 0.077734 0.783620 0.021023 0.081674
2 2 0.023720 0.052046 0.854131 0.021003 0.049101
2 2 0.025124 0.045482 0.859802 0.026875 0.042717
2 2 0.015464 0.031998 0.893108 0.032446 0.026983
2 2 0.038253 0.052274 0.832623 0.035978 0.040872
2 2 0.028073 0.025390 0.889130 0.034512 0.022894
2 2 0.213216 0.070059 0.602695 0.044915 0.069116
0 2 0.688436 0.095113 0.131797 0.022834 0.061821
0 2 0.508423 0.236985 0.138500 0.015597 0.100495
0 2 0.409960 0.295267 0.154245 0.018886 0.121643
1 2 0.325968 0.327630 0.185263 0.016773 0.144367
4 2 0.177694 0.314891 0.178927 0.011862 0.316626
4 2 0.109366 0.296589 0.130887 0.008137 0.455021
4 2 0.086670 0.301217 0.144432 0.005917 0.461764
4 2 0.089425 0.301799 0.152161 0.006339 0.450276
2 1 0.077844 0.242131 0.452159 0.012208 0.215659
2 1 0.033183 0.074943 0.801999 0.032662 0.057213
2 1 0.009482 0.021599 0.912915 0.038613 0.017392
2 2 0.005708 0.014696 0.942450 0.025516 0.011630
2 2 0.006386 0.015122 0.941046 0.024729 0.012717
2 2 0.009163 0.018166 0.928462 0.027263 0.016945
2 2 0.010138 0.018025 0.930046 0.023341 0.018450
2 2 0.015342 0.032427 0.906085 0.017871 0.028275
2 2 0.017223 0.040751 0.892632 0.017310 0.032084
2 2 0.019767 0.050152 0.876836 0.016329 0.036916
2 2 0.012029 0.030705 0.917737 0.015804 0.023724
2 2 0.009709 0.024118 0.928511 0.018453 0.019209
2 2 0.008457 0.020650 0.932969 0.021216 0.016707
2 2 0.007704 0.019040 0.926719 0.031661 0.014876
2 2 0.007507 0.019298 0.922041 0.036706 0.014449
2 2 0.006119 0.016844 0.932370 0.032382 0.012285
2 2 0.004635 0.013998 0.944203 0.027313 0.009851
2 2 0.002782 0.008694 0.967048 0.014922 0.006554
2 2 0.004013 0.010591 0.959772 0.016842 0.008782
2 2 0.005886 0.016082 0.952083 0.013179 0.012770
2 2 0.016326 0.047451 0.886863 0.013625 0.035736
2 2 0.016374 0.044794 0.887470 0.020332 0.031031
2 2 0.020835 0.054704 0.852681 0.035306 0.036474
2 2 0.015970 0.034945 0.851120 0.071831 0.026133
2 2 0.014918 0.031779 0.865674 0.064058 0.023572
2 2 0.038352 0.036724 0.836792 0.056930 0.031203
2 2 0.361833 0.068023 0.422475 0.075631 0.072038
0 2 0.771862 0.048142 0.104166 0.035486 0.040344
0 2 0.928008 0.014969 0.031406 0.013795 0.011822
0 2 0.963312 0.008473 0.013534 0.005956 0.008725
0 0 0.993946 0.002327 0.000959 0.001125 0.001644
0 0 0.979153 0.012341 0.003422 0.000913 0.004172
0 0 0.950159 0.030901 0.008935 0.001653 0.008353
0 0 0.435621 0.311468 0.127421 0.013774 0.111717
1 0 0.153507 0.375076 0.160829 0.014190 0.296398
4 0 0.111967 0.343863 0.163410 0.011334 0.369426
1 0 0.111448 0.369708 0.180150 0.009698 0.328997
1 0 0.111492 0.346158 0.194173 0.009069 0.339107
1 0 0.117615 0.377318 0.183276 0.009512 0.312278
1 1 0.102450 0.396213 0.152957 0.007250 0.341130
1 1 0.098686 0.414695 0.133224 0.006803 0.346591
1 1 0.101843 0.412396 0.151328 0.006675 0.327759
1 1 0.110069 0.386027 0.197739 0.007488 0.298678
1 1 0.118328 0.391168 0.224991 0.008668 0.256845
1 1 0.119477 0.372389 0.244797 0.010197 0.253140
2 1 0.104792 0.336867 0.366552 0.011650 0.180140
1 1 0.100487 0.348669 0.341679 0.010369 0.198798
1 1 0.110859 0.358725 0.320825 0.013114 0.196476
1 1 0.115899 0.403790 0.234662 0.010685 0.234964
1 1 0.121289 0.410351 0.222484 0.011119 0.234758
1 1 0.122155 0.387973 0.235939 0.012352 0.241582
1 1 0.120063 0.368032 0.284007 0.013821 0.214078
2 1 0.101166 0.336207 0.392934 0.014956 0.154738
2 1 0.093065 0.358658 0.389468 0.012664 0.146144
1 1 0.096221 0.375793 0.373305 0.010928 0.143753
1 1 0.103613 0.412252 0.328567 0.010044 0.145524
1 1 0.110994 0.425053 0.299109 0.009832 0.155012
1 1 0.118390 0.414571 0.295164 0.010305 0.161569
1 1 0.135940 0.350746 0.350239 0.012707 0.150369
2 1 0.165099 0.330521 0.333909 0.013408 0.157062
1 1 0.242787 0.391263 0.200619 0.011044 0.154287
1 1 0.163013 0.438349 0.197549 0.010342 0.190747
1 1 0.118920 0.402714 0.164733 0.008673 0.304961
4 1 0.067641 0.215321 0.105492 0.005490 0.606055
4 1 0.050271 0.144774 0.073894 0.004957 0.726104
4 1 0.035340 0.098188 0.049299 0.003704 0.813469
4 1 0.031027 0.076271 0.048941 0.003357 0.840405
4 4 0.025647 0.061345 0.041926 0.002669 0.868413
4 4 0.019471 0.044728 0.029668 0.002292 0.903841
4 4 0.010756 0.022160 0.013577 0.001829 0.951678
4 4 0.006942 0.012066 0.010404 0.001182 0.969406
4 4 0.008821 0.011130 0.010842 0.001150 0.968056
4 4 0.012066 0.010253 0.008348 0.001124 0.968209
4 4 0.022656 0.014225 0.008013 0.001970 0.953136
4 4 0.032234 0.023591 0.012859 0.002653 0.928664
4 4 0.040997 0.041006 0.021299 0.002885 0.893813
4 4 0.020866 0.035267 0.021454 0.002338 0.920075
4 4 0.021981 0.055523 0.021844 0.002397 0.898255
4 4 0.029893 0.089972 0.033808 0.002909 0.843419
4 4 0.032555 0.084946 0.034043 0.003243 0.845213
4 4 0.057852 0.092803 0.041468 0.005513 0.802365
4 4 0.107908 0.172254 0.088957 0.007770 0.623112
4 4 0.137202 0.138246 0.078161 0.008859 0.637531
4 4 0.104864 0.101476 0.053125 0.008993 0.731543
4 4 0.066384 0.079815 0.043749 0.006029 0.804024
4 4 0.038793 0.061496 0.043582 0.004460 0.851669
4 4 0.014236 0.023454 0.022920 0.002204 0.937186
4 4 0.023974 0.022446 0.021828 0.002572 0.929180
4 4 0.017081 0.018230 0.018862 0.001898 0.943930
4 4 0.044517 0.061588 0.060895 0.002963 0.830038
4 4 0.052071 0.109780 0.109966 0.005631 0.722552
4 4 0.017169 0.032618 0.028459 0.002527 0.919228
4 4 0.013592 0.030841 0.017591 0.001932 0.936043
4 4 0.015251 0.034500 0.019439 0.002280 0.928530
4 4 0.017668 0.039860 0.027417 0.002058 0.912996
4 4 0.013925 0.030873 0.018848 0.001950 0.934403
4 4 0.014638 0.031998 0.020234 0.002065 0.931065
4 4 0.016883 0.040843 0.024150 0.001913 0.916211
4 4 0.019852 0.045605 0.033452 0.002029 0.899061
4 4 0.024986 0.051048 0.047878 0.002795 0.873292
4 4 0.020566 0.045653 0.032652 0.002466 0.898663
4 4 0.020028 0.047532 0.024724 0.003015 0.904700
4 4 0.020651 0.051590 0.022226 0.002648 0.902886
4 4 0.020119 0.044531 0.019914 0.002991 0.912445
4 4 0.021309 0.055152 0.025452 0.002702 0.895384
4 4 0.030470 0.089291 0.036290 0.003500 0.840449
4 4 0.038260 0.121534 0.046821 0.003805 0.789580
4 4 0.045415 0.137199 0.060499 0.004587 0.752300
4 4 0.047942 0.133613 0.078402 0.004272 0.735771
4 4 0.045911 0.121723 0.085822 0.003680 0.742863
4 4 0.040159 0.111364 0.071242 0.003081 0.774155
4 4 0.028608 0.082049 0.042518 0.002457 0.844369
4 4 0.028409 0.077981 0.043597 0.002533 0.847480
4 4 0.017548 0.044951 0.023484 0.001974 0.912043
4 4 0.017170 0.043443 0.025497 0.001695 0.912195
4 4 0.015483 0.038936 0.021892 0.001626 0.922063
4 4 0.017548 0.039221 0.022494 0.001999 0.918737
4 4 0.015962 0.037389 0.015541 0.002031 0.929077
4 4 0.023197 0.042759 0.015056 0.003561 0.915427
4 4 0.029856 0.057300 0.024630 0.004533 0.883681
4 4 0.032837 0.055765 0.025532 0.004082 0.881784
4 4 0.038264 0.072958 0.027170 0.003390 0.858218
4 4 0.031414 0.091567 0.029771 0.002854 0.844395
4 4 0.027550 0.097983 0.027737 0.002712 0.844017
4 4 0.032900 0.114230 0.033992 0.003399 0.815480
4 4 0.045373 0.148135 0.049185 0.005306 0.752001
4 4 0.049032 0.174060 0.054334 0.004823 0.717751
4 4 0.044569 0.153904 0.048420 0.004645 0.748463
4 4 0.042451 0.141672 0.045783 0.004718 0.765377
4 4 0.033540 0.095191 0.036767 0.004717 0.829785
4 4 0.030445 0.077533 0.035182 0.004794 0.852046
4 4 0.035994 0.077716 0.037108 0.004967 0.844214
4 4 0.048007 0.108451 0.052523 0.005542 0.785477
4 4 0.052616 0.114338 0.052757 0.005970 0.774319
4 4 0.124649 0.162310 0.123047 0.011725 0.578269
2 4 0.219801 0.153259 0.325099 0.011243 0.290598
0 4 0.490611 0.059184 0.317181 0.017958 0.115066
0 0 0.829583 0.061021 0.063009 0.012869 0.033517
0 0 0.774007 0.122487 0.050579 0.009714 0.043213
0 0 0.809981 0.112512 0.037783 0.005304 0.034421
0 0 0.635642 0.195706 0.083781 0.013395 0.071476
0 0 0.545915 0.236952 0.110949 0.015256 0.090928
0 0 0.456419 0.269549 0.148713 0.014533 0.110786
0 0 0.359022 0.295616 0.199917 0.013139 0.132307
1 1 0.301867 0.323456 0.217428 0.012666 0.144584
2 1 0.186980 0.304179 0.348748 0.016587 0.143506
2 1 0.116226 0.309350 0.405923 0.021369 0.147132
2 1 0.080469 0.246380 0.504105 0.020522 0.148523
2 1 0.056139 0.178881 0.620083 0.018648 0.126250
2 1 0.040316 0.119961 0.739163 0.020126 0.080433
2 1 0.026300 0.073836 0.829353 0.017027 0.053484
2 1 0.016479 0.046746 0.891547 0.012545 0.032683
2 2 0.008227 0.022405 0.935659 0.016762 0.016946
2 2 0.018414 0.023352 0.903397 0.033392 0.021445
2 2 0.188956 0.083202 0.612494 0.044585 0.070762
2 2 0.166521 0.111276 0.596358 0.051202 0.074642
2 2 0.183894 0.216876 0.446010 0.038977 0.114244
2 2 0.080502 0.212413 0.581071 0.022820 0.103195
2 2 0.044420 0.138226 0.705019 0.037455 0.074880
2 2 0.012586 0.032062 0.876512 0.056696 0.022144
2 2 0.006937 0.018668 0.924354 0.036472 0.013570
2 2 0.005590 0.014755 0.942022 0.026196 0.011437
2 2 0.003809 0.010334 0.960750 0.016683 0.008423
2 2 0.004248 0.010523 0.960197 0.015842 0.009190
2 2 0.004132 0.009223 0.965461 0.012369 0.008816
2 2 0.005302 0.012382 0.960200 0.010624 0.011491
2 2 0.003831 0.009331 0.967389 0.010847 0.008602
2 2 0.002757 0.007453 0.972502 0.010786 0.006502
2 2 0.001728 0.005067 0.981806 0.006928 0.004472
2 2 0.001453 0.004454 0.984139 0.006064 0.003891
2 2 0.001696 0.004885 0.982504 0.006579 0.004336
2 2 0.002333 0.006621 0.975756 0.009602 0.005688
2 2 0.003219 0.007958 0.970463 0.011479 0.006881
2 2 0.002879 0.007969 0.970309 0.012354 0.006488
2 2 0.002030 0.006368 0.976563 0.010030 0.005010
2 2 0.001966 0.006394 0.976408 0.010270 0.004963
2 2 0.002283 0.007461 0.972015 0.012645 0.005596
2 2 0.004637 0.013805 0.945210 0.026494 0.009855
2 2 0.007852 0.022549 0.904984 0.049664 0.014950
2 2 0.008875 0.027757 0.876189 0.070760 0.016419
2 2 0.009247 0.031287 0.853421 0.089143 0.016902
2 2 0.010286 0.034294 0.837130 0.099940 0.018350
2 2 0.010146 0.035893 0.823826 0.112030 0.018104
2 3 0.012930 0.043527 0.780916 0.140843 0.021784
2 3 0.016446 0.054684 0.708979 0.193924 0.025967
2 3 0.025777 0.072290 0.611218 0.254505 0.036210
