0 0 0.555199 0.131016 0.150986 0.065497 0.097302
0 0 0.498030 0.178269 0.163869 0.041819 0.118012
0 0 0.563307 0.145000 0.149989 0.050389 0.091315
0 0 0.539669 0.150279 0.157483 0.053839 0.098731
0 0 0.506024 0.159218 0.158201 0.049943 0.126614
0 0 0.532526 0.126325 0.132153 0.053782 0.155214
0 1 0.530100 0.152154 0.151384 0.048533 0.117829
0 1 0.461990 0.190157 0.186719 0.050734 0.110400
0 1 0.360583 0.257625 0.225854 0.041721 0.114217
0 1 0.306203 0.283561 0.246933 0.042321 0.120982
1 4 0.251282 0.306802 0.269383 0.044075 0.128459
1 1 0.254338 0.307847 0.267655 0.042951 0.127209
1 1 0.211211 0.341404 0.282303 0.037965 0.127116
1 4 0.200837 0.345515 0.276325 0.035287 0.142036
1 4 0.125077 0.385115 0.337965 0.028753 0.123090
1 4 0.102708 0.462312 0.268247 0.014735 0.151998
2 4 0.085723 0.359085 0.413730 0.016947 0.124516
1 4 0.089400 0.375134 0.347059 0.016418 0.171989
1 4 0.089621 0.344500 0.308004 0.017755 0.240120
1 4 0.097332 0.372272 0.280771 0.018083 0.231542
4 4 0.098689 0.293261 0.200732 0.022433 0.384885
4 4 0.091417 0.239945 0.172670 0.023843 0.472124
4 4 0.099729 0.251897 0.187872 0.027085 0.433418
4 4 0.115464 0.299463 0.227411 0.030364 0.327298
4 4 0.108290 0.268581 0.205535 0.029954 0.387640
4 4 0.090586 0.228393 0.167665 0.024693 0.488664
4 4 0.106768 0.270417 0.204123 0.028870 0.389821
4 4 0.110121 0.273211 0.209793 0.030438 0.376437
4 4 0.104970 0.264898 0.199634 0.028508 0.401991
4 4 0.099604 0.268981 0.193705 0.025141 0.412568
4 4 0.111624 0.276083 0.282479 0.034146 0.295668
4 4 0.121229 0.257673 0.284446 0.043399 0.293253
1 4 0.125527 0.303368 0.243760 0.035594 0.291751
1 4 0.109720 0.366970 0.349196 0.024494 0.149620
2 4 0.083638 0.276478 0.518897 0.024220 0.096766
2 1 0.071563 0.231058 0.609458 0.023820 0.064101
2 1 0.063013 0.165704 0.690228 0.029690 0.051366
2 1 0.075829 0.199583 0.630655 0.032168 0.061765
2 1 0.074214 0.175756 0.653765 0.036685 0.059581
2 1 0.053413 0.112385 0.757019 0.036540 0.040643
2 2 0.034715 0.050673 0.844443 0.045812 0.024357
2 2 0.023034 0.020681 0.875644 0.065768 0.014872
2 2 0.022062 0.016500 0.867381 0.080081 0.013976
2 2 0.023473 0.015640 0.850627 0.095431 0.014830
2 2 0.026702 0.014946 0.801093 0.140550 0.016710
2 2 0.025842 0.013088 0.700127 0.245572 0.015371
2 3 0.025155 0.013508 0.669050 0.277571 0.014717
2 3 0.025585 0.013509 0.678512 0.267330 0.015064
2 3 0.024375 0.012089 0.708980 0.240154 0.014403
2 3 0.028919 0.013829 0.729740 0.209724 0.017788
2 3 0.029474 0.014700 0.710398 0.227399 0.018029
2 3 0.029969 0.016107 0.673500 0.262312 0.018112
2 3 0.026346 0.016682 0.577919 0.363931 0.015121
2 3 0.026739 0.020079 0.476925 0.461188 0.015068
3 3 0.023615 0.020465 0.387145 0.555897 0.012877
3 3 0.023529 0.021919 0.347408 0.594372 0.012773
3 3 0.021915 0.019629 0.364903 0.581774 0.011780
3 3 0.022481 0.019215 0.392317 0.553818 0.012169
3 3 0.023642 0.022891 0.327425 0.613219 0.012823
3 3 0.027522 0.030764 0.264965 0.661498 0.015250
3 3 0.026614 0.029573 0.266261 0.662885 0.014667
3 3 0.024969 0.029530 0.236689 0.695200 0.013611
3 3 0.038664 0.036902 0.356278 0.545342 0.022813
3 3 0.038811 0.035467 0.379897 0.522854 0.022972
3 3 0.037979 0.031398 0.435510 0.472550 0.022563
3 3 0.018375 0.016792 0.344478 0.610770 0.009585
3 3 0.017154 0.017217 0.293191 0.663617 0.008822
3 3 0.015138 0.018057 0.212575 0.746607 0.007622
3 3 0.013772 0.016414 0.208885 0.754095 0.006834
3 3 0.015328 0.018316 0.212414 0.746209 0.007733
3 3 0.019446 0.021458 0.255625 0.693285 0.010187
3 3 0.021709 0.024198 0.256123 0.686396 0.011574
3 3 0.017929 0.022461 0.201130 0.749207 0.009274
3 3 0.012950 0.018752 0.143304 0.818605 0.006390
3 3 0.011196 0.017757 0.116179 0.849446 0.005422
3 3 0.011910 0.019456 0.111116 0.851691 0.005828
3 3 0.011667 0.020676 0.094015 0.867930 0.005712
3 3 0.009825 0.017771 0.086661 0.881049 0.004694
3 3 0.012152 0.021492 0.095274 0.865097 0.005985
3 3 0.013899 0.023355 0.108788 0.846987 0.006970
3 3 0.018092 0.028382 0.131757 0.812347 0.009421
3 3 0.018243 0.028657 0.131630 0.811958 0.009512
3 3 0.017369 0.027783 0.125770 0.820085 0.008994
3 3 0.015816 0.026114 0.115844 0.834143 0.008083
3 3 0.016218 0.027249 0.112523 0.835684 0.008326
3 3 0.013294 0.023045 0.101229 0.855802 0.006631
3 3 0.014678 0.023974 0.116462 0.837472 0.007413
3 3 0.013162 0.022065 0.107973 0.850255 0.006546
3 3 0.014741 0.025305 0.105613 0.846876 0.007465
3 3 0.012810 0.023591 0.088880 0.868346 0.006372
3 3 0.014740 0.027105 0.091999 0.858667 0.007489
3 3 0.016192 0.026562 0.117931 0.831011 0.008303
3 3 0.019152 0.029562 0.137554 0.803677 0.010055
3 3 0.022332 0.034028 0.145357 0.786278 0.012005
3 3 0.013639 0.025344 0.088531 0.865633 0.006852
3 3 0.011564 0.023350 0.071970 0.887423 0.005692
3 3 0.010867 0.021573 0.073451 0.888813 0.005295
3 3 0.012140 0.021584 0.094265 0.866030 0.005981
3 3 0.013048 0.021161 0.115080 0.844239 0.006472
3 3 0.013831 0.022376 0.117129 0.839744 0.006920
3 3 0.012721 0.022460 0.096605 0.861905 0.006309
3 3 0.011024 0.021524 0.076237 0.885838 0.005378
3 3 0.012227 0.025000 0.071060 0.885639 0.006073
3 3 0.012344 0.024765 0.074036 0.882722 0.006134
3 3 0.010057 0.020651 0.067280 0.897159 0.004854
3 3 0.011212 0.020891 0.084184 0.878243 0.005471
3 3 0.011034 0.020356 0.085560 0.877683 0.005368
3 3 0.011888 0.022625 0.081741 0.877888 0.005858
3 3 0.012129 0.022144 0.089338 0.870406 0.005982
3 3 0.013058 0.024030 0.089393 0.867005 0.006514
3 3 0.013544 0.025412 0.086682 0.867562 0.006801
3 3 0.012577 0.024626 0.078148 0.878390 0.006259
3 3 0.010628 0.022254 0.065491 0.896449 0.005177
3 3 0.011826 0.026022 0.060604 0.895679 0.005869
3 3 0.012698 0.027622 0.063097 0.890217 0.006365
3 3 0.013580 0.028518 0.068900 0.882140 0.006862
3 3 0.011922 0.025681 0.063450 0.893030 0.005917
3 3 0.014778 0.029035 0.080483 0.868168 0.007536
3 3 0.026905 0.040450 0.154323 0.763430 0.014892
3 3 0.014517 0.023736 0.115942 0.838484 0.007320
3 3 0.023332 0.028598 0.219626 0.715864 0.012580
2 3 0.060780 0.048022 0.469801 0.381800 0.039597
3 3 0.039729 0.049031 0.235101 0.652750 0.023389
3 3 0.073479 0.080198 0.304035 0.488821 0.053467
3 3 0.060980 0.066228 0.308367 0.519932 0.044492
3 3 0.050155 0.050529 0.335542 0.532860 0.030914
3 3 0.022959 0.026588 0.242088 0.696017 0.012348
3 3 0.026042 0.028576 0.271050 0.660028 0.014304
3 3 0.029003 0.029235 0.316451 0.609061 0.016251
3 3 0.027744 0.025612 0.360360 0.570793 0.015489
3 3 0.028542 0.026318 0.362314 0.566813 0.016012
3 3 0.028002 0.024804 0.383466 0.548033 0.015695
3 3 0.027532 0.025851 0.350899 0.580380 0.015338
3 3 0.026166 0.025116 0.336856 0.597423 0.014439
3 3 0.028692 0.028772 0.318583 0.607902 0.016051
3 3 0.025627 0.026087 0.306004 0.628219 0.014063
3 3 0.026532 0.024125 0.366433 0.568198 0.014713
2 3 0.036059 0.023523 0.571778 0.346821 0.021819
2 3 0.039167 0.020489 0.689889 0.225404 0.025050
2 3 0.040382 0.023248 0.753150 0.154116 0.029103
2 2 0.046084 0.031467 0.747887 0.135680 0.038882
2 2 0.059116 0.057393 0.711268 0.101523 0.070700
2 2 0.050143 0.060113 0.748153 0.072172 0.069419
2 2 0.049455 0.072582 0.749123 0.055752 0.073089
2 2 0.048297 0.071369 0.757182 0.054607 0.068545
2 2 0.047165 0.070503 0.762393 0.053170 0.066769
2 2 0.040968 0.065313 0.792341 0.045537 0.055840
2 1 0.047070 0.088235 0.753536 0.039958 0.071201
2 1 0.052092 0.101735 0.723136 0.039895 0.083142
2 1 0.059641 0.110867 0.683494 0.045288 0.100710
2 1 0.044781 0.076442 0.783412 0.043732 0.051634
2 2 0.032763 0.049284 0.844092 0.043026 0.030835
2 2 0.023184 0.029659 0.888797 0.042755 0.015605
2 2 0.025819 0.033446 0.877391 0.044893 0.018450
2 2 0.035455 0.051373 0.841467 0.046789 0.024916
2 2 0.058590 0.104530 0.745232 0.047268 0.044379
2 2 0.041319 0.070316 0.816737 0.041685 0.029943
2 2 0.033748 0.052413 0.848366 0.041737 0.023736
2 2 0.018658 0.021469 0.904985 0.042847 0.012041
2 2 0.024381 0.025611 0.877859 0.056109 0.016039
2 2 0.030698 0.027260 0.842957 0.078690 0.020396
2 2 0.037628 0.028358 0.798213 0.110646 0.025154
2 2 0.055935 0.050112 0.731391 0.123327 0.039236
2 2 0.064423 0.075652 0.728657 0.083719 0.047549
2 2 0.078654 0.140665 0.664539 0.054295 0.061847
2 2 0.038985 0.062775 0.827047 0.043260 0.027934
2 2 0.028600 0.045950 0.869217 0.036402 0.019831
2 2 0.022522 0.030298 0.892684 0.039486 0.015008
2 2 0.023266 0.030022 0.888841 0.042372 0.015499
2 2 0.021647 0.025221 0.892868 0.046071 0.014193
2 2 0.021022 0.023284 0.893816 0.048194 0.013685
2 2 0.028456 0.032257 0.864254 0.055894 0.019139
2 2 0.033983 0.044455 0.845673 0.052346 0.023544
2 2 0.044199 0.073462 0.801565 0.048867 0.031907
2 2 0.044991 0.067110 0.803872 0.051500 0.032527
2 2 0.052300 0.096193 0.769416 0.042893 0.039197
2 2 0.056523 0.101483 0.753301 0.046038 0.042655
2 2 0.056970 0.136640 0.730245 0.031892 0.044253
2 2 0.063756 0.156180 0.683325 0.032806 0.063933
2 2 0.053963 0.156943 0.722478 0.024154 0.042461
2 1 0.058308 0.179091 0.692679 0.023319 0.046603
2 1 0.076064 0.260955 0.576623 0.022411 0.063947
2 1 0.076971 0.291630 0.546180 0.019553 0.065667
2 1 0.077091 0.296195 0.541630 0.019174 0.065910
2 1 0.064410 0.231817 0.630973 0.019676 0.053123
2 1 0.063860 0.190442 0.668925 0.025278 0.051496
2 1 0.058639 0.127015 0.732191 0.036903 0.045252
2 2 0.069622 0.137073 0.693568 0.045349 0.054387
2 2 0.084307 0.199012 0.608932 0.038851 0.068898
2 2 0.093049 0.275443 0.522701 0.029450 0.079357
2 2 0.084741 0.280332 0.538308 0.024454 0.072166
2 2 0.074488 0.218382 0.618262 0.027609 0.061260
2 1 0.059459 0.144655 0.717418 0.031969 0.046498
2 1 0.067906 0.190236 0.658784 0.028233 0.054841
2 1 0.083834 0.298623 0.523650 0.021926 0.071967
2 1 0.081703 0.327363 0.501620 0.018340 0.070975
2 1 0.094606 0.341778 0.458289 0.022110 0.083217
2 1 0.086720 0.278693 0.535066 0.025663 0.073859
2 1 0.076284 0.247574 0.583110 0.024228 0.068805
2 1 0.054762 0.172069 0.706081 0.021981 0.045108
2 1 0.068208 0.230032 0.606323 0.022003 0.073433
2 1 0.065745 0.231581 0.627991 0.020436 0.054247
2 1 0.066983 0.229237 0.627131 0.021421 0.055229
2 1 0.054362 0.173606 0.707364 0.021429 0.043239
2 1 0.055549 0.178765 0.686007 0.021485 0.058194
2 1 0.052095 0.146233 0.729622 0.024920 0.047130
2 1 0.058552 0.164760 0.697922 0.026267 0.052499
2 2 0.074954 0.269928 0.559188 0.020798 0.075133
2 2 0.082385 0.351569 0.463637 0.016654 0.085755
2 2 0.077332 0.292200 0.544808 0.019658 0.066002
2 2 0.074235 0.277011 0.566174 0.019744 0.062836
2 2 0.072597 0.244625 0.599941 0.022504 0.060333
2 2 0.082384 0.265120 0.557714 0.025196 0.069585
2 2 0.085137 0.259665 0.555923 0.027464 0.071810
2 2 0.092199 0.273517 0.526472 0.029282 0.078530
2 2 0.085769 0.241874 0.569921 0.030703 0.071734
2 2 0.097882 0.292845 0.486997 0.029322 0.092955
2 2 0.099723 0.363951 0.425566 0.021947 0.088814
1 2 0.115952 0.461990 0.295815 0.018473 0.107770
1 2 0.109894 0.489434 0.286925 0.014406 0.099341
1 1 0.103671 0.450649 0.264839 0.015389 0.165452
1 1 0.106199 0.466235 0.302167 0.016016 0.109384
1 1 0.113445 0.434658 0.278832 0.019385 0.153679
2 1 0.105137 0.354032 0.422333 0.025006 0.093492
1 1 0.113630 0.405785 0.353801 0.022839 0.103945
2 1 0.076532 0.283550 0.554728 0.020150 0.065040
2 1 0.048266 0.137012 0.753766 0.023585 0.037371
2 1 0.027787 0.059092 0.868219 0.025207 0.019695
2 1 0.025706 0.040446 0.881125 0.035125 0.017598
2 2 0.020119 0.027189 0.902693 0.036737 0.013262
2 2 0.021131 0.027832 0.898033 0.039038 0.013966
2 2 0.023924 0.032451 0.887083 0.040492 0.016051
2 2 0.025575 0.036053 0.880898 0.040141 0.017333
2 2 0.030253 0.047559 0.862502 0.038628 0.021058
2 2 0.045370 0.101119 0.788273 0.031177 0.034061
2 1 0.054642 0.163172 0.715532 0.023472 0.043182
2 1 0.069182 0.229112 0.621917 0.022700 0.057090
2 1 0.079507 0.261345 0.568031 0.024165 0.066952
2 1 0.090648 0.312395 0.494916 0.023493 0.078548
2 1 0.119312 0.338194 0.410942 0.030448 0.101105
2 1 0.096367 0.311661 0.485423 0.025020 0.081528
2 1 0.080130 0.337909 0.502997 0.014651 0.064313
2 1 0.078887 0.311528 0.523066 0.018556 0.067964
2 1 0.088759 0.351009 0.463012 0.019054 0.078165
2 1 0.070957 0.252921 0.596111 0.020715 0.059297
2 1 0.051517 0.166894 0.718926 0.020502 0.042161
2 1 0.027547 0.067418 0.864264 0.021012 0.019759
2 1 0.019901 0.037389 0.904989 0.024235 0.013485
2 1 0.018079 0.027353 0.912684 0.029976 0.011907
2 1 0.021054 0.033791 0.900521 0.030486 0.014150
2 1 0.032417 0.070860 0.846735 0.026577 0.023411
2 1 0.035906 0.082649 0.827376 0.026389 0.027680
2 2 0.046711 0.113855 0.769515 0.028316 0.041603
2 2 0.048196 0.108511 0.767696 0.031873 0.043724
2 2 0.036764 0.072827 0.830650 0.032308 0.027450
2 2 0.031049 0.050568 0.858952 0.037524 0.021907
2 2 0.025509 0.037895 0.881677 0.037557 0.017362
2 2 0.025082 0.040331 0.883724 0.033703 0.017160
2 2 0.019855 0.031163 0.905465 0.030276 0.013241
2 2 0.018891 0.030910 0.909702 0.027916 0.012581
2 2 0.018411 0.028627 0.911496 0.029290 0.012176
2 2 0.017934 0.027841 0.913505 0.028893 0.011828
2 2 0.018519 0.027424 0.910625 0.031228 0.012203
2 2 0.028618 0.044928 0.869174 0.037477 0.019803
2 2 0.063228 0.122309 0.721463 0.044289 0.048711
2 2 0.081126 0.171483 0.637958 0.044278 0.065155
2 2 0.086293 0.182293 0.616040 0.045461 0.069913
2 2 0.063978 0.118333 0.721363 0.047176 0.049149
2 2 0.093550 0.170827 0.603214 0.056880 0.075529
2 2 0.099716 0.254551 0.524258 0.037020 0.084455
2 2 0.101981 0.358555 0.425434 0.023313 0.090716
2 2 0.085192 0.361681 0.460913 0.016973 0.075242
2 2 0.069300 0.269717 0.584484 0.018161 0.058338
2 2 0.061274 0.227027 0.641502 0.018526 0.051670
2 2 0.057483 0.202782 0.654304 0.019293 0.066138
2 2 0.063340 0.235509 0.592329 0.018634 0.090189
2 1 0.057213 0.210568 0.633888 0.018161 0.080169
2 1 0.065529 0.236372 0.560807 0.019532 0.117761
2 1 0.067175 0.224333 0.564162 0.021900 0.122430
2 1 0.079132 0.261184 0.479787 0.023223 0.156672
2 1 0.083488 0.282752 0.443407 0.022583 0.167770
2 1 0.081220 0.278735 0.444728 0.021910 0.173407
2 1 0.070559 0.239921 0.489148 0.021183 0.179189
2 1 0.064689 0.199854 0.545664 0.023580 0.166213
2 1 0.067189 0.206391 0.497003 0.023630 0.205788
2 1 0.071321 0.211681 0.399266 0.023834 0.293898
4 1 0.073278 0.248900 0.181692 0.015489 0.480641
1 1 0.097613 0.335702 0.213246 0.018903 0.334535
1 0 0.246728 0.296589 0.246914 0.039503 0.170266
0 0 0.441792 0.199345 0.196553 0.052199 0.110111
0 0 0.674082 0.108269 0.109337 0.038906 0.069407
0 0 0.604107 0.144439 0.135070 0.037054 0.079330
0 1 0.513984 0.205164 0.165527 0.029219 0.086106
1 1 0.258392 0.343660 0.256359 0.028827 0.112763
1 1 0.196792 0.408008 0.268250 0.020659 0.106291
1 1 0.191546 0.390249 0.276602 0.025336 0.116268
1 1 0.164764 0.427270 0.279758 0.020269 0.107939
1 1 0.155286 0.431958 0.283667 0.020350 0.108740
1 1 0.129876 0.456569 0.289122 0.018145 0.106288
1 1 0.126437 0.437682 0.299474 0.022328 0.114079
1 1 0.113121 0.408193 0.352670 0.022455 0.103562
2 1 0.092553 0.343603 0.461318 0.021132 0.081394
2 1 0.087965 0.324958 0.489464 0.021057 0.076555
1 1 0.121447 0.448709 0.312703 0.017270 0.099871
1 1 0.164774 0.459572 0.265237 0.014352 0.096064
1 1 0.169971 0.452022 0.265500 0.015093 0.097414
1 1 0.226758 0.417382 0.246200 0.015390 0.094270
1 1 0.171549 0.423246 0.277265 0.020345 0.107594
1 1 0.160119 0.403008 0.278514 0.023918 0.134441
1 1 0.156782 0.413256 0.285788 0.023599 0.120575
1 4 0.185108 0.375074 0.252169 0.022935 0.164714
1 4 0.209061 0.381843 0.248551 0.020861 0.139685
1 1 0.209764 0.350566 0.222484 0.020041 0.197146
1 1 0.196851 0.356392 0.228958 0.020668 0.197131
1 1 0.177314 0.347752 0.245573 0.026294 0.203067
1 1 0.200440 0.300232 0.239113 0.035789 0.224426
4 1 0.138718 0.188921 0.163707 0.038531 0.470123
4 1 0.181852 0.173110 0.160016 0.045908 0.439113
4 4 0.191900 0.238856 0.222466 0.051866 0.294912
0 4 0.318902 0.178456 0.174045 0.054818 0.273779
0 4 0.366034 0.234746 0.189672 0.034729 0.174820
0 4 0.321832 0.317839 0.230600 0.026158 0.103571
0 4 0.336486 0.325707 0.220191 0.021515 0.096101
1 4 0.293952 0.294771 0.225239 0.031284 0.154755
0 4 0.354613 0.273386 0.207028 0.029471 0.135502
0 4 0.413435 0.189852 0.167251 0.041132 0.188331
0 4 0.393180 0.173895 0.176903 0.058978 0.197043
0 4 0.437231 0.135140 0.142732 0.060017 0.224880
0 0 0.443851 0.132825 0.138328 0.057439 0.227557
0 0 0.491086 0.132835 0.141847 0.059290 0.174943
0 0 0.418541 0.184539 0.180004 0.052565 0.164351
0 0 0.316792 0.275223 0.232761 0.039590 0.135634
1 0 0.256893 0.310224 0.261110 0.039750 0.132023
1 0 0.243376 0.338320 0.265984 0.033191 0.119129
1 1 0.257013 0.324317 0.255285 0.033552 0.129833
1 1 0.220190 0.332584 0.257319 0.032788 0.157119
1 1 0.170391 0.388809 0.258034 0.022046 0.160719
1 4 0.165805 0.364853 0.248013 0.023750 0.197578
1 4 0.183932 0.398176 0.279200 0.024539 0.114154
1 4 0.194695 0.373432 0.282113 0.029944 0.119815
1 4 0.181820 0.389111 0.284227 0.027329 0.117513
1 4 0.126246 0.411750 0.294235 0.025673 0.142096
1 4 0.106648 0.380307 0.306432 0.021339 0.185274
2 4 0.090973 0.310162 0.403934 0.022759 0.172172
1 4 0.096732 0.338624 0.315195 0.021009 0.228440
1 4 0.099295 0.359849 0.225048 0.018172 0.297636
4 4 0.093570 0.296335 0.205265 0.020252 0.384578
4 4 0.084466 0.244461 0.164814 0.019821 0.486438
4 4 0.097471 0.244846 0.182374 0.026643 0.448667
4 4 0.091776 0.223987 0.167681 0.025918 0.490637
4 4 0.074933 0.181817 0.132515 0.021362 0.589373
4 4 0.065396 0.168077 0.116582 0.017539 0.632405
4 4 0.086397 0.260027 0.172376 0.019417 0.461784
4 4 0.082791 0.272601 0.171112 0.016875 0.456620
4 4 0.080797 0.315329 0.180525 0.013675 0.409674
1 4 0.087433 0.408470 0.218795 0.012117 0.273184
1 4 0.089722 0.379093 0.319945 0.015894 0.195347
2 4 0.083859 0.326548 0.417349 0.018532 0.153712
2 1 0.082905 0.305573 0.440382 0.020105 0.151034
2 1 0.086972 0.213743 0.564210 0.037044 0.098032
2 1 0.101869 0.331589 0.338595 0.024258 0.203689
2 1 0.077256 0.285726 0.455207 0.019503 0.162309
1 1 0.092183 0.369798 0.329090 0.017399 0.191531
1 1 0.103009 0.372819 0.326338 0.020983 0.176851
2 1 0.096363 0.280083 0.484794 0.030245 0.108516
2 1 0.099583 0.257345 0.522242 0.036378 0.084453
1 0 0.134824 0.364702 0.286623 0.033664 0.180187
1 1 0.129040 0.400419 0.293957 0.027710 0.148874
1 1 0.118142 0.451301 0.298173 0.020197 0.112188
1 1 0.096149 0.455236 0.345278 0.014349 0.088989
2 1 0.075514 0.327291 0.515786 0.015996 0.065413
2 1 0.063601 0.248596 0.617450 0.017474 0.052879
2 1 0.064941 0.243728 0.618801 0.018637 0.053893
2 1 0.062555 0.217427 0.648462 0.020384 0.051172
2 1 0.093283 0.339731 0.470378 0.019603 0.077004
2 1 0.103738 0.363732 0.425634 0.020782 0.086115
1 0 0.141621 0.428095 0.311741 0.018545 0.099998
1 0 0.156037 0.443786 0.278080 0.017918 0.104178
1 1 0.150056 0.436746 0.294308 0.017846 0.101044
1 0 0.158505 0.455560 0.271147 0.015582 0.099206
1 0 0.128635 0.478690 0.279575 0.014517 0.098582
1 0 0.149501 0.458260 0.275663 0.015970 0.100606
1 0 0.149952 0.436854 0.284930 0.019923 0.108342
1 1 0.188662 0.417118 0.269395 0.019661 0.105164
1 0 0.208136 0.375211 0.292217 0.022557 0.101880
2 0 0.182506 0.296979 0.374771 0.038938 0.106806
0 0 0.294565 0.233332 0.276315 0.065345 0.130443
0 0 0.387589 0.194666 0.217191 0.073642 0.126912
0 0 0.310837 0.236607 0.272071 0.058458 0.122027
0 1 0.299331 0.296936 0.247607 0.037997 0.118129
1 1 0.293309 0.312031 0.247032 0.033309 0.114320
1 0 0.290900 0.300576 0.250985 0.038266 0.119272
0 0 0.357868 0.273170 0.224238 0.035345 0.109380
0 0 0.330226 0.310125 0.228563 0.027145 0.103941
1 1 0.304762 0.328678 0.236216 0.025716 0.104628
1 1 0.251555 0.360094 0.254705 0.025074 0.108571
1 1 0.257953 0.350449 0.254429 0.026835 0.110334
1 1 0.201577 0.377818 0.276742 0.027610 0.116253
1 1 0.166614 0.409824 0.285633 0.024005 0.113924
1 1 0.156090 0.409006 0.292297 0.025564 0.117043
1 1 0.152034 0.393415 0.294373 0.029102 0.131076
1 1 0.169149 0.313952 0.265066 0.041228 0.210605
1 1 0.124494 0.388231 0.279033 0.026640 0.181602
1 1 0.112066 0.408329 0.264485 0.020268 0.194852
2 1 0.068990 0.196496 0.650535 0.027807 0.056172
2 1 0.058803 0.159371 0.701276 0.027654 0.052896
2 2 0.065705 0.199425 0.621478 0.024956 0.088436
2 2 0.071007 0.238385 0.538192 0.022130 0.130286
2 2 0.067715 0.239132 0.559972 0.020400 0.112780
2 2 0.055393 0.172088 0.692061 0.022486 0.057972
2 2 0.044237 0.118537 0.777416 0.024319 0.035492
2 2 0.033286 0.072463 0.843039 0.027114 0.024097
2 2 0.023842 0.043785 0.888228 0.027725 0.016419
2 2 0.022215 0.038540 0.895573 0.028559 0.015113
2 2 0.020405 0.031087 0.902967 0.031931 0.013610
2 2 0.023188 0.031284 0.890001 0.040025 0.015501
2 2 0.023311 0.026888 0.885698 0.048718 0.015385
2 2 0.026042 0.033282 0.877343 0.045799 0.017534
2 2 0.014656 0.018800 0.924786 0.032435 0.009323
2 2 0.014578 0.019735 0.926126 0.030249 0.009312
2 2 0.014875 0.018495 0.923167 0.034012 0.009451
2 2 0.020621 0.025414 0.898671 0.041774 0.013519
2 2 0.022131 0.023974 0.888389 0.051051 0.014454
2 2 0.019838 0.019993 0.895133 0.052298 0.012739
2 2 0.019887 0.015953 0.882404 0.069219 0.012537
2 2 0.017345 0.012375 0.885974 0.073622 0.010685
2 2 0.017704 0.011823 0.878878 0.080723 0.010871
2 2 0.020650 0.013717 0.863838 0.088921 0.012874
2 2 0.026706 0.015993 0.823599 0.116740 0.016962
2 2 0.036788 0.020800 0.768957 0.149368 0.024086
2 2 0.043363 0.025679 0.713479 0.188984 0.028494
2 2 0.047063 0.028678 0.619403 0.274512 0.030344
2 2 0.049439 0.034198 0.543974 0.340911 0.031479
2 2 0.056501 0.042770 0.493839 0.370416 0.036474
2 2 0.049254 0.037266 0.493107 0.389401 0.030973
2 2 0.040112 0.031572 0.465691 0.438447 0.024177
3 3 0.033384 0.027297 0.436919 0.482996 0.019403
3 3 0.028619 0.023212 0.434776 0.497190 0.016203
3 3 0.027174 0.022858 0.411209 0.523553 0.015205
3 3 0.027945 0.024944 0.379125 0.552336 0.015650
3 3 0.033454 0.030366 0.377903 0.538974 0.019303
3 3 0.026836 0.025421 0.344987 0.587876 0.014880
3 3 0.023656 0.024372 0.296423 0.642743 0.012807
3 3 0.018362 0.021527 0.227603 0.722978 0.009530
3 3 0.020590 0.024537 0.225805 0.718187 0.010882
3 3 0.025987 0.031071 0.233750 0.694934 0.014258
3 3 0.023013 0.025891 0.254596 0.684116 0.012384
3 3 0.023552 0.025427 0.274128 0.664164 0.012729
3 3 0.021768 0.024035 0.260430 0.682155 0.011612
3 3 0.024669 0.028703 0.243031 0.690175 0.013422
3 3 0.025162 0.031928 0.209116 0.720059 0.013736
3 3 0.021186 0.030388 0.161514 0.775636 0.011276
3 3 0.018705 0.026127 0.165741 0.779671 0.009757
3 3 0.016626 0.024811 0.142627 0.807406 0.008531
3 3 0.017546 0.026049 0.145670 0.801658 0.009077
3 3 0.018112 0.028960 0.126976 0.816513 0.009439
3 3 0.016603 0.030078 0.097299 0.847437 0.008583
3 3 0.017598 0.032558 0.094437 0.846218 0.009188
3 3 0.014600 0.025834 0.099196 0.852976 0.007394
3 3 0.015633 0.026079 0.113229 0.837081 0.007978
3 3 0.016538 0.025804 0.130696 0.818469 0.008492
3 3 0.017052 0.026788 0.129793 0.817568 0.008799
3 3 0.016703 0.027066 0.121614 0.826016 0.008601
3 3 0.017718 0.030627 0.108359 0.834064 0.009231
3 3 0.016380 0.029308 0.099471 0.846395 0.008446
3 3 0.016346 0.029509 0.097657 0.848059 0.008429
3 3 0.014790 0.027636 0.089140 0.860910 0.007524
3 3 0.012901 0.024296 0.085088 0.871283 0.006432
3 3 0.012296 0.023571 0.081173 0.876868 0.006092
3 3 0.011205 0.021350 0.080440 0.881532 0.005473
3 3 0.015730 0.028891 0.093549 0.853760 0.008070
3 3 0.014766 0.025412 0.105122 0.847219 0.007481
3 3 0.018236 0.029235 0.126502 0.816512 0.009515
3 3 0.021435 0.031472 0.154842 0.780815 0.011436
3 3 0.020082 0.030158 0.146425 0.792723 0.010612
3 3 0.019054 0.027470 0.156665 0.786836 0.009975
3 3 0.018849 0.030883 0.122026 0.818349 0.009893
3 3 0.015782 0.026554 0.111548 0.838047 0.008069
3 3 0.026155 0.035134 0.189732 0.734604 0.014376
3 3 0.011446 0.018288 0.115069 0.849635 0.005563
3 3 0.022333 0.032324 0.160366 0.772989 0.011988
3 3 0.043570 0.054241 0.234019 0.642110 0.026061
3 3 0.013069 0.024939 0.083079 0.872381 0.006533
3 3 0.019180 0.030999 0.125792 0.813941 0.010088
3 3 0.023126 0.036118 0.139509 0.788738 0.012510
3 3 0.023140 0.037676 0.128669 0.797977 0.012537
3 3 0.018169 0.032182 0.103763 0.836371 0.009514
3 3 0.016079 0.028498 0.100970 0.846190 0.008263
3 3 0.013806 0.025090 0.092855 0.861307 0.006941
3 3 0.015956 0.029437 0.093000 0.853401 0.008206
3 3 0.015077 0.029188 0.083316 0.864713 0.007706
3 3 0.017187 0.033391 0.085103 0.855355 0.008963
3 3 0.013683 0.028163 0.071926 0.879314 0.006915
3 3 0.014339 0.030542 0.067749 0.880058 0.007312
3 3 0.014226 0.031408 0.062790 0.884315 0.007260
3 3 0.020773 0.041037 0.085565 0.841461 0.011163
3 3 0.022687 0.042290 0.097947 0.824752 0.012325
3 3 0.019891 0.034325 0.111361 0.823873 0.010550
3 3 0.016146 0.030402 0.089466 0.855659 0.008327
3 3 0.015721 0.027706 0.101620 0.846904 0.008049
3 3 0.016366 0.028688 0.103627 0.842889 0.008429
3 3 0.018008 0.033072 0.096319 0.843168 0.009432
3 3 0.015198 0.029879 0.080877 0.866262 0.007784
3 3 0.015937 0.031222 0.082313 0.862309 0.008220
3 3 0.015326 0.028669 0.089631 0.858535 0.007839
3 3 0.018933 0.035899 0.091246 0.843914 0.010009
3 3 0.018045 0.032597 0.099612 0.840299 0.009447
3 3 0.015826 0.027441 0.105142 0.843484 0.008106
3 3 0.018880 0.026337 0.166453 0.778468 0.009862
3 3 0.021321 0.024174 0.247936 0.695236 0.011333
3 3 0.025923 0.021809 0.408782 0.529097 0.014389
2 3 0.027090 0.019637 0.498660 0.439255 0.015357
2 3 0.026609 0.014662 0.657062 0.286013 0.015654
2 2 0.027339 0.015357 0.797475 0.142681 0.017147
2 2 0.029473 0.018882 0.818711 0.113923 0.019011
2 2 0.039136 0.039181 0.816755 0.077986 0.026941
2 2 0.041847 0.058898 0.816187 0.053206 0.029862
2 2 0.050921 0.103754 0.751022 0.037344 0.056960
2 1 0.047072 0.105690 0.742847 0.031752 0.072638
2 1 0.056835 0.130402 0.661719 0.033638 0.117407
2 1 0.057685 0.143225 0.646802 0.030526 0.121761
2 1 0.049760 0.122747 0.711743 0.028894 0.086856
2 1 0.052955 0.129699 0.690770 0.030014 0.096561
2 1 0.066683 0.159837 0.574762 0.033591 0.165127
2 1 0.078960 0.173726 0.496917 0.039426 0.210971
2 1 0.082855 0.179291 0.504434 0.041491 0.191929
2 1 0.078374 0.195552 0.514785 0.033781 0.177508
2 1 0.068581 0.199953 0.530304 0.026001 0.175161
2 1 0.046341 0.124317 0.728705 0.025052 0.075585
2 1 0.045858 0.118976 0.738560 0.026024 0.070582
2 1 0.045401 0.118457 0.752009 0.025684 0.058449
2 1 0.063798 0.205962 0.600061 0.022578 0.107600
2 1 0.059966 0.178411 0.627823 0.024539 0.109261
2 1 0.079715 0.188097 0.457792 0.035390 0.239006
4 1 0.085600 0.116642 0.233964 0.058455 0.505340
4 4 0.076205 0.088741 0.097952 0.048400 0.688702
4 4 0.073690 0.086281 0.094579 0.046543 0.698907
4 4 0.075593 0.088144 0.097131 0.047947 0.691185
4 4 0.120046 0.133525 0.160651 0.079668 0.506111
4 4 0.129242 0.135903 0.170806 0.091081 0.472968
4 4 0.115303 0.124401 0.151322 0.079158 0.529817
4 4 0.087426 0.099470 0.113089 0.056857 0.643158
4 4 0.059440 0.071948 0.075603 0.036293 0.756716
4 4 0.065932 0.078562 0.084219 0.040906 0.730381
4 4 0.102392 0.091619 0.095659 0.044371 0.665958
4 4 0.176881 0.106190 0.106247 0.046039 0.564644
4 4 0.149502 0.102607 0.104438 0.046389 0.597064
4 4 0.137151 0.111565 0.121635 0.057519 0.572130
4 4 0.081942 0.120746 0.113614 0.036554 0.647144
4 4 0.153341 0.180839 0.158247 0.039432 0.468141
4 4 0.147667 0.153668 0.154507 0.053597 0.490561
4 4 0.105790 0.108514 0.123811 0.061755 0.600129
4 4 0.057096 0.069523 0.072504 0.034651 0.766226
4 4 0.044144 0.055751 0.055502 0.025812 0.818792
4 4 0.056518 0.069884 0.072167 0.033735 0.767696
4 4 0.057254 0.078410 0.076469 0.030567 0.757299
4 4 0.105197 0.195425 0.173360 0.039950 0.486068
4 4 0.132752 0.214052 0.213972 0.058603 0.380622
4 4 0.140306 0.274332 0.252023 0.050062 0.283277
1 4 0.137205 0.327839 0.262312 0.035669 0.236976
1 4 0.150162 0.337551 0.260891 0.032856 0.218540
1 4 0.143549 0.300962 0.257243 0.042158 0.256088
4 4 0.157168 0.263092 0.246076 0.052593 0.281071
4 4 0.124222 0.213587 0.203547 0.051185 0.407459
4 4 0.111674 0.294186 0.219890 0.028892 0.345358
4 1 0.078653 0.261821 0.161976 0.015855 0.481695
4 1 0.085468 0.301519 0.231790 0.017537 0.363686
1 1 0.091633 0.359232 0.217573 0.015554 0.316009
1 1 0.096930 0.395384 0.231859 0.015555 0.260271
1 1 0.089057 0.403526 0.220255 0.012759 0.274403
1 1 0.082820 0.346314 0.293335 0.015034 0.262496
2 1 0.057825 0.195933 0.586321 0.020088 0.139832
2 1 0.044910 0.130187 0.712102 0.022285 0.090515
2 1 0.043655 0.132784 0.730310 0.020667 0.072583
2 1 0.054022 0.172812 0.671908 0.021381 0.079877
2 1 0.057104 0.165226 0.687030 0.025060 0.065580
2 1 0.057859 0.178325 0.658260 0.023163 0.082392
2 1 0.049043 0.152176 0.711001 0.021294 0.066486
2 1 0.054630 0.184714 0.651111 0.019933 0.089613
2 1 0.052859 0.168055 0.680138 0.021348 0.077599
2 1 0.051804 0.148291 0.702255 0.024292 0.073358
2 1 0.042323 0.105660 0.777581 0.026187 0.048249
2 1 0.035387 0.082439 0.821912 0.025919 0.034343
2 1 0.027922 0.059037 0.866485 0.025506 0.021049
2 1 0.028833 0.062327 0.860586 0.025298 0.022955
2 1 0.030118 0.070089 0.851298 0.023644 0.024851
2 1 0.052436 0.160912 0.714710 0.022253 0.049689
2 1 0.087152 0.334602 0.480875 0.019837 0.077535
1 1 0.101377 0.499689 0.283383 0.013134 0.102417
1 1 0.095819 0.419599 0.292944 0.015222 0.176417
1 1 0.085022 0.354044 0.320538 0.015777 0.224619
2 1 0.084928 0.291456 0.387935 0.021530 0.214150
2 1 0.072286 0.225541 0.550595 0.024690 0.126888
2 1 0.081514 0.280832 0.408733 0.021309 0.207613
2 1 0.066847 0.218998 0.564789 0.022406 0.126959
2 1 0.057919 0.171740 0.643328 0.024313 0.102699
2 1 0.046657 0.123097 0.741226 0.025675 0.063345
2 1 0.048072 0.126439 0.726138 0.026168 0.073183
2 1 0.037176 0.084682 0.799220 0.027561 0.051361
2 1 0.046347 0.087550 0.772264 0.039194 0.054645
2 1 0.055629 0.169212 0.665680 0.023149 0.086329
2 1 0.034384 0.098870 0.789642 0.019680 0.057424
2 2 0.034209 0.090083 0.797077 0.021965 0.056665
2 2 0.033165 0.078563 0.814982 0.024681 0.048609
2 2 0.030840 0.061641 0.845792 0.029208 0.032518
2 2 0.029035 0.047824 0.863679 0.035753 0.023709
2 2 0.025433 0.043039 0.879920 0.031986 0.019621
2 2 0.029136 0.062813 0.853765 0.025673 0.028613
2 2 0.028508 0.068744 0.852046 0.022025 0.028677
2 2 0.032095 0.081675 0.825409 0.022059 0.038763
2 2 0.037926 0.088062 0.792573 0.027197 0.054242
2 2 0.033698 0.068359 0.831338 0.030132 0.036472
2 2 0.039637 0.075299 0.806193 0.035774 0.043098
2 2 0.033502 0.059212 0.838585 0.035651 0.033050
2 2 0.039007 0.077363 0.799886 0.033675 0.050070
2 2 0.024610 0.042143 0.880810 0.031030 0.021408
2 2 0.028581 0.051624 0.861250 0.031689 0.026855
2 2 0.030515 0.054102 0.853320 0.033654 0.028409
2 2 0.033408 0.057595 0.842120 0.036650 0.030227
2 2 0.025100 0.037309 0.883227 0.037186 0.017177
2 2 0.023845 0.033071 0.887745 0.039316 0.016023
2 2 0.021003 0.027698 0.898584 0.038840 0.013875
2 2 0.026300 0.031952 0.870467 0.049337 0.021944
2 2 0.022581 0.022159 0.882286 0.058317 0.014657
2 2 0.055702 0.054839 0.746168 0.096599 0.046692
2 2 0.043567 0.045216 0.798333 0.079358 0.033527
2 2 0.047650 0.069800 0.783567 0.054587 0.044396
2 2 0.023632 0.032974 0.888700 0.038820 0.015874
2 2 0.024362 0.039964 0.886704 0.032322 0.016648
2 2 0.025989 0.044083 0.879809 0.032190 0.017929
2 2 0.033474 0.053360 0.847039 0.040311 0.025816
2 2 0.058953 0.094377 0.747848 0.054383 0.044439
2 2 0.094385 0.163186 0.605251 0.061300 0.075877
2 2 0.076904 0.164792 0.654407 0.042502 0.061396
2 2 0.069560 0.165173 0.674375 0.035520 0.055373
2 2 0.034522 0.068295 0.841089 0.031223 0.024871
2 2 0.064792 0.147949 0.700189 0.036175 0.050896
2 2 0.084422 0.228392 0.584779 0.032322 0.070086
2 2 0.094108 0.301429 0.496808 0.026382 0.081273
2 0 0.090783 0.288905 0.516105 0.026375 0.077831
2 1 0.117564 0.354869 0.398332 0.028024 0.101211
2 1 0.148891 0.302814 0.411186 0.035884 0.101225
1 1 0.158477 0.348209 0.343289 0.034274 0.115752
1 1 0.127792 0.370414 0.252978 0.023702 0.225115
4 1 0.096135 0.297250 0.198319 0.020932 0.387364
4 1 0.100745 0.283584 0.200381 0.024292 0.390999
4 1 0.100528 0.216907 0.176133 0.032436 0.473995
1 1 0.115015 0.328903 0.238125 0.027167 0.290789
1 1 0.115781 0.398995 0.248693 0.018527 0.218004
1 1 0.103478 0.418319 0.344859 0.018412 0.114932
1 1 0.098627 0.456416 0.257029 0.013748 0.174180
1 1 0.091532 0.407555 0.357915 0.015464 0.127534
2 1 0.091308 0.357119 0.430869 0.019304 0.101401
2 1 0.069754 0.221049 0.615844 0.024183 0.069170
2 1 0.074020 0.247410 0.579910 0.022979 0.075681
2 2 0.056893 0.174145 0.697849 0.023174 0.047938
2 2 0.069304 0.224153 0.626035 0.023461 0.057047
2 2 0.087127 0.260152 0.550642 0.028509 0.073570
1 1 0.153991 0.367724 0.351843 0.025158 0.101284
1 1 0.108350 0.416910 0.359630 0.019134 0.095975
1 1 0.098673 0.423454 0.370777 0.016926 0.090171
1 1 0.088265 0.386579 0.354362 0.015509 0.155285
1 1 0.090975 0.380203 0.343246 0.016590 0.168987
1 1 0.104302 0.399008 0.304621 0.019202 0.172867
1 1 0.099385 0.384108 0.361540 0.019481 0.135485
2 1 0.092960 0.386604 0.393919 0.017515 0.109003
2 1 0.079294 0.310107 0.514960 0.018815 0.076824
2 1 0.078307 0.286784 0.547224 0.020637 0.067049
1 1 0.101859 0.387100 0.364830 0.020198 0.126012
1 1 0.100850 0.390505 0.353310 0.019436 0.135899
1 1 0.103101 0.387603 0.345500 0.020298 0.143499
1 1 0.104911 0.397493 0.283383 0.019063 0.195150
1 1 0.104696 0.389663 0.335768 0.020548 0.149326
1 1 0.107702 0.438827 0.268722 0.017230 0.167519
1 1 0.122551 0.424694 0.273238 0.019781 0.159736
1 1 0.138720 0.391843 0.274994 0.025177 0.169265
1 1 0.170566 0.382511 0.291854 0.030643 0.124426
1 1 0.127242 0.407287 0.293925 0.026413 0.145133
1 1 0.109437 0.424320 0.273998 0.018664 0.173581
1 1 0.091582 0.390267 0.320328 0.015881 0.181942
2 1 0.086210 0.349295 0.423326 0.017872 0.123296
1 1 0.101752 0.407285 0.350791 0.018617 0.121555
1 1 0.104328 0.427702 0.257362 0.016602 0.194006
1 1 0.096406 0.392675 0.230015 0.015499 0.265405
1 1 0.089113 0.361391 0.240164 0.015185 0.294148
2 1 0.080477 0.304729 0.344623 0.017755 0.252416
4 1 0.081021 0.297082 0.235794 0.016312 0.369791
4 1 0.086354 0.285256 0.207786 0.018448 0.402157
4 4 0.087553 0.224595 0.162456 0.023432 0.501964
4 4 0.086237 0.184056 0.164079 0.029400 0.536228
4 4 0.083190 0.149608 0.130552 0.032848 0.603802
4 4 0.107473 0.165457 0.163246 0.050100 0.513724
4 4 0.146375 0.182696 0.213902 0.085333 0.371693
4 4 0.220252 0.153907 0.190143 0.096246 0.339452
4 4 0.178609 0.143671 0.174734 0.088764 0.414222
4 4 0.169053 0.132470 0.153725 0.075494 0.469258
4 4 0.131707 0.117111 0.132764 0.065007 0.553411
4 4 0.168577 0.123089 0.136137 0.064299 0.507898
4 4 0.148241 0.126212 0.146007 0.072148 0.507391
4 4 0.150866 0.124523 0.142222 0.069468 0.512921
4 4 0.134128 0.140589 0.165048 0.077409 0.482826
4 4 0.116910 0.183516 0.175919 0.048885 0.474770
4 4 0.121771 0.233987 0.209436 0.044443 0.390363
4 4 0.134184 0.181877 0.295339 0.082038 0.306561
4 4 0.134219 0.137188 0.190453 0.100230 0.437911
4 4 0.126523 0.130512 0.160269 0.083993 0.498702
4 4 0.113095 0.111907 0.127962 0.063690 0.583346
4 4 0.092390 0.079853 0.079385 0.035518 0.712853
4 4 0.081405 0.073990 0.072908 0.032591 0.739106
4 4 0.088347 0.078184 0.077713 0.034848 0.720909
4 4 0.045028 0.056713 0.056656 0.026402 0.815201
4 4 0.073680 0.083721 0.090289 0.043822 0.708488
4 4 0.071953 0.084570 0.092254 0.045270 0.705952
4 4 0.094133 0.094744 0.102877 0.049557 0.658689
4 4 0.169103 0.119118 0.128953 0.059830 0.522996
4 4 0.224092 0.139807 0.159329 0.075575 0.401197
4 4 0.204107 0.207653 0.206382 0.059625 0.322233
1 4 0.192603 0.265693 0.236736 0.047097 0.257871
1 4 0.131856 0.337048 0.268305 0.035088 0.227704
1 4 0.149047 0.290849 0.272801 0.053189 0.234114
1 4 0.160326 0.296495 0.268927 0.047950 0.226302
1 4 0.115852 0.349232 0.271817 0.026646 0.236453
1 4 0.137403 0.301012 0.260353 0.043287 0.257944
1 4 0.134094 0.348202 0.287677 0.035463 0.194563
1 4 0.115827 0.411045 0.272886 0.021538 0.178703
1 4 0.105888 0.410928 0.346558 0.019687 0.116939
2 4 0.101701 0.332271 0.435903 0.025877 0.104248
2 4 0.103795 0.287937 0.419102 0.032136 0.157030
2 4 0.087759 0.267405 0.483003 0.027177 0.134656
2 4 0.082689 0.285650 0.410022 0.021412 0.200227
2 4 0.063940 0.199607 0.593087 0.023565 0.119800
2 1 0.050522 0.143643 0.699737 0.024208 0.081890
2 1 0.048280 0.133365 0.728167 0.024601 0.065587
2 1 0.052579 0.154809 0.693694 0.023571 0.075347
2 1 0.059156 0.179820 0.649500 0.023809 0.087716
2 1 0.067069 0.242421 0.575440 0.019784 0.095286
1 1 0.101444 0.364738 0.300275 0.020462 0.213081
1 1 0.107316 0.404133 0.279193 0.019336 0.190021
1 1 0.115861 0.396326 0.266563 0.022444 0.198806
1 1 0.101313 0.360549 0.309506 0.020928 0.207704
2 1 0.088309 0.303820 0.404763 0.022173 0.180935
2 2 0.042135 0.108238 0.783751 0.025120 0.040757
2 2 0.033091 0.071253 0.839803 0.027521 0.028332
2 2 0.030330 0.056992 0.853453 0.031175 0.028049
2 2 0.030448 0.055184 0.851912 0.032734 0.029721
2 2 0.032225 0.059371 0.840439 0.033180 0.034784
2 2 0.029733 0.051090 0.853264 0.034592 0.031322
2 2 0.031865 0.049294 0.841588 0.041077 0.036176
2 2 0.030219 0.046502 0.851562 0.040062 0.031656
2 2 0.028045 0.046208 0.861432 0.035256 0.029060
2 2 0.018929 0.028834 0.907690 0.030648 0.013899
2 2 0.017106 0.024987 0.915702 0.030354 0.011851
2 2 0.017188 0.024141 0.914657 0.031971 0.012042
2 2 0.017585 0.025372 0.914213 0.031278 0.011551
2 2 0.027265 0.046430 0.871434 0.033065 0.021805
2 2 0.023588 0.033433 0.889084 0.038031 0.015863
2 2 0.023547 0.026333 0.883695 0.050909 0.015517
2 2 0.019088 0.017755 0.894627 0.056400 0.012130
2 2 0.017560 0.015583 0.898972 0.056861 0.011024
2 2 0.019491 0.020216 0.896800 0.050072 0.013421
2 2 0.020809 0.026179 0.897092 0.041051 0.014869
2 2 0.025782 0.040390 0.878181 0.035511 0.020136
2 2 0.026700 0.039315 0.874650 0.039107 0.020227
2 2 0.022955 0.032055 0.891102 0.038153 0.015734
2 2 0.015769 0.017552 0.916321 0.040377 0.009982
2 2 0.016431 0.017333 0.911627 0.044213 0.010396
2 2 0.019132 0.018372 0.895992 0.054312 0.012192
2 2 0.027430 0.027028 0.862394 0.064980 0.018167
2 2 0.031293 0.029187 0.843662 0.074942 0.020916
2 2 0.034705 0.027719 0.818512 0.095900 0.023164
2 2 0.030228 0.019787 0.814395 0.116063 0.019526
2 2 0.025918 0.014968 0.814514 0.128338 0.016262
2 2 0.026298 0.014734 0.817132 0.125242 0.016595
2 3 0.027594 0.015339 0.789961 0.149844 0.017262
2 3 0.031221 0.017228 0.779773 0.151877 0.019900
2 3 0.032277 0.017545 0.770352 0.159222 0.020605
2 3 0.030052 0.016312 0.794303 0.140141 0.019192
2 3 0.030263 0.014889 0.726831 0.209285 0.018733
2 3 0.035281 0.020297 0.778354 0.143047 0.023021
2 3 0.044723 0.026219 0.711307 0.188192 0.029558
2 3 0.061725 0.045156 0.702862 0.146627 0.043630
2 3 0.049291 0.036647 0.712450 0.168481 0.033132
2 3 0.033630 0.025911 0.814446 0.103817 0.022195
2 3 0.019673 0.012493 0.831592 0.124434 0.011808
2 2 0.019619 0.010907 0.805634 0.152228 0.011611
2 2 0.019587 0.010185 0.770426 0.188405 0.011397
2 2 0.023163 0.012707 0.799375 0.150662 0.014093
2 2 0.027305 0.017290 0.820873 0.117171 0.017361
2 2 0.030186 0.020641 0.795826 0.134147 0.019200
2 2 0.031172 0.019791 0.755137 0.174388 0.019512
2 2 0.041932 0.024827 0.753372 0.151922 0.027947
2 2 0.044982 0.023290 0.693506 0.208593 0.029629
2 3 0.063002 0.048755 0.481089 0.365717 0.041437
3 3 0.072598 0.068616 0.345487 0.468729 0.044569
3 3 0.061431 0.052825 0.422902 0.423081 0.039760
2 3 0.050970 0.038306 0.575814 0.302105 0.032804
2 3 0.025411 0.014000 0.685130 0.260507 0.014952
2 3 0.031795 0.019580 0.684661 0.244555 0.019410
2 3 0.030589 0.018680 0.690459 0.241689 0.018582
2 3 0.025338 0.014146 0.648267 0.297511 0.014738
2 3 0.025069 0.013476 0.690438 0.256264 0.014753
2 3 0.025403 0.013516 0.674287 0.271879 0.014915
2 3 0.028259 0.015589 0.658287 0.281056 0.016809
2 3 0.026939 0.015363 0.638687 0.303224 0.015787
2 3 0.027167 0.017038 0.584822 0.355273 0.015701
2 3 0.029114 0.019502 0.548924 0.385581 0.016879
3 3 0.033077 0.026656 0.444983 0.476066 0.019218
3 3 0.035666 0.031483 0.395952 0.516052 0.020847
3 3 0.025800 0.026156 0.308343 0.625527 0.014175
3 3 0.021228 0.022334 0.281316 0.663836 0.011286
3 3 0.018085 0.019348 0.266018 0.687181 0.009369
3 3 0.019673 0.022615 0.238615 0.708774 0.010322
3 3 0.022533 0.025872 0.244929 0.694582 0.012083
3 3 0.029513 0.033663 0.258740 0.661545 0.016539
3 3 0.028750 0.034454 0.236589 0.684172 0.016036
3 3 0.025439 0.033666 0.194070 0.732906 0.013917
