0 0 0.520599 0.097587 0.256586 0.079287 0.045941
0 0 0.634954 0.094998 0.123505 0.057298 0.089246
0 0 0.761644 0.044879 0.073013 0.060144 0.060320
0 0 0.791678 0.039087 0.064210 0.051597 0.053428
0 0 0.775102 0.042282 0.069079 0.056291 0.057247
0 0 0.790587 0.039886 0.065964 0.050584 0.052980
0 0 0.775589 0.045158 0.076371 0.049414 0.053467
0 0 0.791830 0.040261 0.062139 0.049807 0.055963
0 0 0.804364 0.036647 0.060467 0.048045 0.050477
0 0 0.835580 0.035264 0.042624 0.032372 0.054159
0 0 0.796625 0.044287 0.051691 0.040717 0.066680
0 0 0.757846 0.048161 0.069907 0.057505 0.066581
0 0 0.543054 0.124860 0.214569 0.048214 0.069303
0 0 0.520279 0.127536 0.261043 0.037875 0.053268
0 0 0.540815 0.121961 0.252859 0.034424 0.049942
0 0 0.652368 0.094010 0.157360 0.037364 0.058899
0 0 0.740252 0.073233 0.088744 0.031096 0.066675
0 0 0.795783 0.050426 0.082207 0.027778 0.043807
0 0 0.736549 0.067004 0.139789 0.022035 0.034622
0 0 0.837568 0.036768 0.069469 0.023718 0.032477
0 0 0.823666 0.034806 0.059472 0.038515 0.043541
0 0 0.865034 0.025831 0.044381 0.029805 0.034949
0 4 0.840455 0.039600 0.066759 0.019621 0.033564
0 4 0.761654 0.070257 0.069077 0.026234 0.072778
0 4 0.410212 0.189977 0.077902 0.053241 0.268667
0 4 0.397161 0.190471 0.075384 0.055652 0.281331
0 4 0.439517 0.204230 0.194174 0.041118 0.120961
0 0 0.396376 0.190562 0.306036 0.036650 0.070377
0 1 0.454737 0.149010 0.302899 0.038067 0.055287
0 4 0.391833 0.166242 0.355482 0.035007 0.051437
2 0 0.334424 0.190365 0.388435 0.033456 0.053320
2 4 0.235761 0.279611 0.343010 0.042819 0.098799
1 2 0.136390 0.344224 0.339715 0.052481 0.127190
2 2 0.066997 0.213403 0.564927 0.038200 0.116472
2 2 0.026204 0.081915 0.823306 0.021570 0.047005
2 2 0.011592 0.036793 0.909835 0.013074 0.028706
2 2 0.008941 0.028455 0.926292 0.011021 0.025292
2 2 0.005436 0.017316 0.954588 0.009041 0.013619
2 2 0.006819 0.021657 0.945645 0.010507 0.015372
2 2 0.005777 0.018549 0.952033 0.009112 0.014530
2 2 0.005322 0.016961 0.955710 0.009020 0.012987
2 2 0.003447 0.010450 0.968324 0.007882 0.009897
2 2 0.004481 0.012928 0.961088 0.010780 0.010722
2 2 0.005452 0.015280 0.954455 0.013274 0.011538
2 2 0.007535 0.021908 0.941621 0.014603 0.014333
2 0 0.016016 0.045460 0.891609 0.024229 0.022686
2 1 0.061672 0.153936 0.711213 0.037857 0.035321
2 2 0.065642 0.226128 0.639272 0.034881 0.034076
2 2 0.044841 0.178524 0.730457 0.020621 0.025557
2 2 0.022614 0.078820 0.855961 0.018163 0.024442
2 2 0.009580 0.024632 0.927685 0.024745 0.013358
2 2 0.006618 0.014829 0.939851 0.028662 0.010040
2 2 0.006652 0.014172 0.936423 0.032793 0.009960
2 2 0.011069 0.022108 0.901038 0.052138 0.013647
2 2 0.012329 0.022837 0.881901 0.070569 0.012363
2 2 0.016913 0.032288 0.856825 0.079703 0.014271
2 2 0.012591 0.025108 0.890524 0.058848 0.012930
2 2 0.010388 0.019384 0.897676 0.059123 0.013428
2 2 0.009863 0.016262 0.883313 0.077046 0.013516
2 3 0.008482 0.010832 0.832168 0.138029 0.010489
2 3 0.010997 0.012213 0.743905 0.220757 0.012127
2 3 0.010038 0.010400 0.714933 0.254550 0.010079
2 3 0.010586 0.010845 0.705704 0.261457 0.011408
2 3 0.007577 0.007107 0.708411 0.267738 0.009166
2 3 0.007844 0.007198 0.690411 0.285127 0.009419
2 3 0.007482 0.006997 0.705402 0.271479 0.008639
2 3 0.012270 0.013929 0.735016 0.226612 0.012173
2 1 0.028114 0.034839 0.630616 0.287506 0.018925
2 2 0.173736 0.134062 0.434671 0.210692 0.046838
2 2 0.258318 0.152693 0.429092 0.109891 0.050006
0 1 0.408682 0.149779 0.310899 0.064959 0.065681
0 1 0.553583 0.112258 0.213746 0.055295 0.065119
0 0 0.666690 0.080954 0.151117 0.045195 0.056044
0 1 0.754558 0.053637 0.094624 0.045057 0.052125
0 2 0.457217 0.144662 0.286115 0.048883 0.063124
0 2 0.404524 0.161697 0.329468 0.044497 0.059815
2 1 0.196109 0.227487 0.469869 0.046832 0.059702
2 1 0.169921 0.274174 0.416538 0.050760 0.088607
2 2 0.129955 0.315391 0.419732 0.045857 0.089065
2 2 0.098903 0.330834 0.446630 0.035530 0.088103
2 2 0.048535 0.180454 0.683827 0.022304 0.064880
2 2 0.030170 0.109728 0.806773 0.017768 0.035562
2 0 0.056273 0.146677 0.727342 0.031230 0.038478
2 1 0.136671 0.246433 0.528519 0.037983 0.050394
2 1 0.093662 0.261777 0.558333 0.037978 0.048250
2 2 0.080245 0.238965 0.576643 0.044954 0.059192
2 1 0.055845 0.138778 0.588856 0.055102 0.161420
2 2 0.048124 0.118991 0.589562 0.051496 0.191827
2 2 0.056737 0.149262 0.501412 0.050103 0.242486
2 2 0.053284 0.137847 0.518701 0.050480 0.239689
2 2 0.048052 0.137005 0.550762 0.037415 0.226766
2 2 0.044311 0.118787 0.623641 0.039985 0.173275
2 2 0.034292 0.088006 0.747482 0.038008 0.092211
2 2 0.020373 0.047970 0.844230 0.035652 0.051775
2 2 0.011398 0.024512 0.899207 0.034009 0.030874
2 2 0.005905 0.011413 0.933457 0.031998 0.017227
2 2 0.005641 0.009802 0.927289 0.041775 0.015493
2 2 0.006583 0.010616 0.910550 0.055229 0.017022
2 2 0.008560 0.012830 0.880771 0.079836 0.018003
2 2 0.010822 0.017117 0.871434 0.078378 0.022249
2 3 0.011088 0.017384 0.867503 0.082686 0.021338
2 3 0.008858 0.014560 0.893471 0.063145 0.019966
2 3 0.006541 0.010016 0.903531 0.064465 0.015448
2 3 0.007057 0.010554 0.895057 0.070261 0.017071
2 3 0.008096 0.011096 0.866707 0.097257 0.016843
2 3 0.009876 0.016803 0.890006 0.060150 0.023165
2 3 0.017185 0.029937 0.843110 0.085308 0.024461
2 2 0.077334 0.115105 0.648574 0.117426 0.041562
2 2 0.220425 0.163266 0.442945 0.119509 0.053856
2 2 0.175431 0.161739 0.524599 0.100265 0.037965
2 2 0.169670 0.151783 0.537324 0.107526 0.033698
2 2 0.094127 0.129343 0.622683 0.116164 0.037684
2 2 0.156744 0.183271 0.504600 0.105985 0.049400
0 0 0.346723 0.166510 0.305730 0.091930 0.089108
0 1 0.350544 0.191231 0.252189 0.084828 0.121208
0 2 0.305291 0.221188 0.267974 0.077570 0.127977
2 2 0.230486 0.254265 0.370184 0.053520 0.091545
2 2 0.089532 0.281812 0.507747 0.045184 0.075726
2 2 0.044941 0.154802 0.716705 0.023978 0.059574
2 2 0.063424 0.155130 0.661204 0.076943 0.043299
2 1 0.236168 0.214973 0.304454 0.126055 0.118350
1 2 0.158452 0.331153 0.297755 0.059974 0.152666
2 2 0.301221 0.229081 0.317346 0.054656 0.097696
2 0 0.305513 0.214162 0.351624 0.049578 0.079124
2 1 0.326797 0.210541 0.336175 0.046993 0.079494
2 0 0.286056 0.213224 0.398663 0.039373 0.062684
2 0 0.341883 0.181216 0.391119 0.034710 0.051072
0 0 0.371628 0.171993 0.355017 0.042888 0.058474
0 1 0.573751 0.118121 0.191614 0.045990 0.070524
0 1 0.525198 0.136038 0.222574 0.044777 0.071412
0 1 0.528682 0.146319 0.219407 0.035182 0.070409
0 1 0.364756 0.253713 0.195999 0.039012 0.146520
0 2 0.299690 0.275169 0.255313 0.041570 0.128258
2 2 0.227333 0.295101 0.323376 0.043429 0.110761
2 2 0.203498 0.300059 0.362995 0.038560 0.094888
2 2 0.242680 0.264400 0.373496 0.037869 0.081556
2 0 0.278427 0.245233 0.362376 0.036692 0.077271
0 1 0.393089 0.232281 0.202370 0.040227 0.132033
1 2 0.255739 0.321883 0.172027 0.041235 0.209116
1 1 0.171559 0.375475 0.198289 0.043128 0.211549
4 4 0.080976 0.247438 0.200317 0.045401 0.425868
4 0 0.074715 0.206135 0.233774 0.052084 0.433293
4 1 0.079134 0.200474 0.173020 0.061074 0.486298
4 4 0.075781 0.201963 0.234564 0.055935 0.431757
4 4 0.060506 0.157599 0.112501 0.045244 0.624150
4 4 0.084603 0.204836 0.168177 0.069189 0.473194
4 4 0.127475 0.192688 0.111741 0.068545 0.499552
4 4 0.081598 0.180508 0.132527 0.069221 0.536147
4 2 0.106836 0.168162 0.099028 0.046275 0.579701
4 2 0.106415 0.195119 0.106611 0.064029 0.527827
4 0 0.117580 0.228837 0.087140 0.069373 0.497070
4 1 0.112755 0.229404 0.079095 0.062158 0.516589
4 4 0.102968 0.204114 0.090339 0.057417 0.545162
4 1 0.150982 0.197649 0.073203 0.047150 0.531016
4 1 0.107596 0.162525 0.105531 0.046934 0.577414
4 0 0.298342 0.189490 0.121224 0.065762 0.325181
0 0 0.428169 0.191807 0.176613 0.059349 0.144062
0 0 0.611169 0.113358 0.149735 0.043868 0.081869
0 0 0.516972 0.153599 0.220281 0.035140 0.074007
0 1 0.350794 0.223898 0.314254 0.033218 0.077837
1 1 0.229873 0.306980 0.306785 0.039737 0.116625
1 2 0.212946 0.332643 0.236650 0.046996 0.170765
1 2 0.167338 0.345258 0.298893 0.047561 0.140950
2 2 0.113991 0.336824 0.429065 0.036873 0.083247
2 2 0.053291 0.217077 0.667133 0.019772 0.042727
2 2 0.074166 0.252629 0.578406 0.028134 0.066666
2 1 0.124899 0.243474 0.573624 0.022463 0.035540
2 0 0.266416 0.200749 0.471169 0.022960 0.038706
0 0 0.551751 0.119608 0.261516 0.025692 0.041433
0 1 0.458754 0.151151 0.298721 0.035925 0.055449
0 1 0.342062 0.244161 0.290634 0.032413 0.090730
1 1 0.161205 0.381971 0.213719 0.043015 0.200091
4 1 0.129604 0.315360 0.076192 0.057573 0.421271
1 4 0.131400 0.347783 0.165518 0.056495 0.298804
1 4 0.156203 0.328813 0.225419 0.059126 0.230439
1 4 0.126067 0.347149 0.318636 0.049184 0.158964
2 2 0.047215 0.165760 0.671823 0.024669 0.090534
2 2 0.025267 0.094535 0.827972 0.014161 0.038064
2 2 0.016096 0.060886 0.886850 0.011271 0.024898
2 2 0.013957 0.049844 0.902699 0.012352 0.021149
2 2 0.011420 0.040339 0.918296 0.011316 0.018630
2 2 0.008614 0.030812 0.935138 0.009162 0.016274
2 2 0.005649 0.020880 0.954703 0.006606 0.012162
2 2 0.004490 0.015702 0.962487 0.006594 0.010727
2 2 0.004971 0.015763 0.956302 0.008313 0.014650
2 1 0.012063 0.031806 0.900004 0.020110 0.036017
2 1 0.028037 0.071549 0.802250 0.034371 0.063792
2 1 0.068589 0.191233 0.519904 0.049872 0.170403
2 2 0.069508 0.204372 0.522529 0.045724 0.157867
2 2 0.048620 0.144504 0.654061 0.034264 0.118551
2 2 0.013733 0.041148 0.894081 0.016237 0.034800
2 2 0.010279 0.030668 0.919796 0.014664 0.024592
2 2 0.007677 0.024857 0.939574 0.010578 0.017314
2 2 0.008966 0.029037 0.930740 0.011448 0.019809
2 2 0.017551 0.047945 0.869135 0.023375 0.041994
2 1 0.041304 0.087861 0.778071 0.043034 0.049730
2 1 0.319631 0.183730 0.346650 0.070502 0.079487
0 0 0.637447 0.083157 0.131807 0.068888 0.078701
0 0 0.664824 0.076205 0.112221 0.066306 0.080444
0 1 0.454683 0.158243 0.252907 0.053121 0.081046
0 2 0.347217 0.210756 0.329917 0.038091 0.074019
1 2 0.118911 0.373293 0.348589 0.040702 0.118505
2 2 0.093591 0.349687 0.441013 0.035321 0.080388
2 2 0.051598 0.189676 0.671234 0.024697 0.062795
2 2 0.024349 0.080904 0.842988 0.019896 0.031863
2 2 0.014167 0.044350 0.900700 0.016829 0.023955
2 2 0.006173 0.019257 0.951437 0.010959 0.012174
2 2 0.005260 0.014877 0.955806 0.012641 0.011416
2 2 0.004252 0.011212 0.961482 0.013480 0.009575
2 2 0.005724 0.014496 0.950098 0.017638 0.012043
2 2 0.010941 0.026390 0.915144 0.029183 0.018342
2 2 0.039472 0.083724 0.758413 0.079113 0.039277
2 0 0.245559 0.171374 0.371420 0.132920 0.078728
0 1 0.334550 0.209165 0.260419 0.073936 0.121929
1 2 0.190477 0.309870 0.293183 0.061171 0.145300
1 2 0.234035 0.286006 0.153257 0.071244 0.255458
4 2 0.165681 0.251244 0.216048 0.065485 0.301542
0 0 0.564706 0.107626 0.089196 0.081041 0.157431
0 0 0.756895 0.046848 0.072683 0.059993 0.063581
0 0 0.826442 0.035438 0.048497 0.037422 0.052200
0 0 0.874526 0.028393 0.028881 0.020716 0.047485
0 0 0.831683 0.043233 0.024706 0.017825 0.082552
0 0 0.696085 0.081935 0.039903 0.031883 0.150195
4 0 0.240657 0.230052 0.053754 0.053846 0.421691
4 0 0.103501 0.257461 0.051845 0.048991 0.538202
4 0 0.100454 0.283423 0.045114 0.050767 0.520242
4 0 0.109554 0.314037 0.064835 0.055086 0.456488
4 0 0.097452 0.274877 0.095589 0.054788 0.477294
4 1 0.101347 0.297822 0.132097 0.054486 0.414248
4 1 0.086384 0.245325 0.169552 0.053144 0.445596
4 1 0.084624 0.239948 0.229800 0.054201 0.391427
4 2 0.095393 0.249948 0.179944 0.066162 0.408554
1 1 0.115024 0.319965 0.223346 0.069028 0.272638
1 4 0.177787 0.317185 0.189806 0.077141 0.238081
1 1 0.232097 0.294444 0.281358 0.053889 0.138212
2 1 0.241839 0.290413 0.296953 0.047515 0.123280
2 2 0.239947 0.234839 0.408062 0.045578 0.071574
2 0 0.364747 0.174320 0.366052 0.039433 0.055447
0 0 0.513846 0.128372 0.206127 0.066318 0.085338
0 0 0.653559 0.089210 0.181339 0.030981 0.044911
0 0 0.586906 0.080775 0.225491 0.068730 0.038098
0 0 0.524402 0.127449 0.279763 0.026189 0.042197
0 0 0.603707 0.103709 0.213445 0.032175 0.046963
2 0 0.364501 0.172436 0.401603 0.022601 0.038859
0 0 0.584564 0.109365 0.226585 0.032192 0.047294
0 0 0.700065 0.073723 0.141662 0.036358 0.048192
0 0 0.778338 0.046694 0.081196 0.043833 0.049940
0 0 0.830300 0.037478 0.069065 0.027436 0.035721
0 0 0.855999 0.026758 0.045072 0.033969 0.038203
0 0 0.850083 0.028142 0.046397 0.035180 0.040197
0 0 0.772518 0.050045 0.089377 0.040157 0.047902
0 0 0.669573 0.095950 0.077291 0.041174 0.116012
0 1 0.359350 0.259354 0.126903 0.038611 0.215783
1 1 0.216074 0.356012 0.164731 0.037216 0.225967
1 1 0.091171 0.417384 0.372330 0.024058 0.095057
2 1 0.089139 0.388948 0.413891 0.025791 0.082231
2 1 0.077804 0.349174 0.494788 0.022000 0.056233
2 1 0.078799 0.320289 0.521346 0.026465 0.053101
2 2 0.083774 0.289891 0.540554 0.034269 0.051512
2 2 0.068919 0.234521 0.631119 0.033086 0.032355
2 1 0.049863 0.170267 0.715700 0.030137 0.034033
2 2 0.037667 0.130500 0.775981 0.024707 0.031143
2 2 0.033943 0.114357 0.796596 0.024947 0.030156
2 2 0.044714 0.156952 0.742989 0.028080 0.027265
2 2 0.063897 0.231195 0.644682 0.032125 0.028100
2 2 0.067994 0.246921 0.621196 0.030956 0.032933
2 2 0.061235 0.245343 0.641806 0.023945 0.027671
2 2 0.048718 0.214936 0.697434 0.017547 0.021365
2 2 0.016128 0.069890 0.890801 0.009710 0.013471
2 2 0.010065 0.035248 0.929276 0.011528 0.013883
2 2 0.005900 0.016069 0.951375 0.015292 0.011363
2 2 0.006615 0.016129 0.943781 0.022414 0.011060
2 2 0.005532 0.013192 0.950329 0.021998 0.008949
2 2 0.005133 0.012698 0.954447 0.019078 0.008643
2 2 0.004007 0.009921 0.962027 0.015900 0.008146
2 2 0.003804 0.008753 0.961171 0.019447 0.006824
2 2 0.005300 0.011485 0.947155 0.027163 0.008897
2 2 0.007281 0.016620 0.936217 0.027825 0.012057
2 2 0.006309 0.013117 0.937105 0.031780 0.011688
2 2 0.005536 0.012762 0.948300 0.022581 0.010820
2 2 0.005767 0.013821 0.947304 0.019738 0.013370
2 2 0.005651 0.012094 0.943328 0.026564 0.012363
2 2 0.005666 0.010065 0.929274 0.042834 0.012160
2 2 0.006132 0.008942 0.897596 0.075784 0.011546
2 2 0.006610 0.007749 0.834122 0.141242 0.010277
2 2 0.007598 0.008240 0.786310 0.187543 0.010309
2 1 0.012406 0.010681 0.548901 0.417171 0.010841
3 2 0.018679 0.015802 0.416654 0.538423 0.010441
3 2 0.014514 0.011476 0.379595 0.588258 0.006158
3 2 0.011719 0.008956 0.382964 0.591705 0.004655
2 2 0.013732 0.011559 0.491623 0.473539 0.009546
3 0 0.032072 0.029625 0.424092 0.495816 0.018395
2 0 0.219114 0.135162 0.409401 0.185181 0.051142
2 0 0.332022 0.197614 0.335691 0.054956 0.079717
0 1 0.330623 0.250740 0.290111 0.033647 0.094879
1 2 0.168632 0.343695 0.124299 0.052850 0.310524
4 1 0.109227 0.328313 0.119714 0.054518 0.388228
4 2 0.107580 0.303365 0.172732 0.062927 0.353396
1 4 0.109542 0.303188 0.301035 0.068715 0.217520
2 2 0.093561 0.276725 0.398347 0.055416 0.175951
2 2 0.089357 0.309170 0.406538 0.040440 0.154495
2 2 0.065272 0.245100 0.566773 0.027718 0.095137
2 2 0.062737 0.237460 0.575011 0.026621 0.098170
2 2 0.034593 0.126227 0.748724 0.018055 0.072402
2 1 0.035516 0.124453 0.739123 0.019905 0.081003
2 1 0.039374 0.133286 0.725943 0.022801 0.078597
2 1 0.045491 0.163210 0.687542 0.022951 0.080805
2 0 0.060332 0.198600 0.602660 0.033285 0.105123
1 0 0.160703 0.304475 0.265460 0.058001 0.211362
1 0 0.242497 0.313750 0.240285 0.045283 0.158186
2 0 0.279366 0.295109 0.301625 0.026819 0.097081
0 0 0.369460 0.213204 0.321031 0.028550 0.067755
0 0 0.660139 0.087354 0.177499 0.030592 0.044416
0 0 0.666786 0.086681 0.183737 0.024361 0.038435
0 0 0.763805 0.054397 0.100390 0.035988 0.045420
0 0 0.656151 0.099255 0.117928 0.041876 0.084790
0 0 0.451939 0.162924 0.250687 0.051350 0.083101
2 1 0.081672 0.175259 0.635964 0.080386 0.026719
2 1 0.023147 0.053914 0.847550 0.059660 0.015730
2 0 0.030291 0.050753 0.745812 0.154816 0.018327
2 0 0.046793 0.052329 0.561775 0.323730 0.015373
2 0 0.073865 0.080729 0.556762 0.266070 0.022575
2 0 0.191996 0.152486 0.518393 0.101465 0.035660
2 0 0.163485 0.242002 0.503424 0.039905 0.051184
2 0 0.130471 0.248704 0.557149 0.025171 0.038504
2 0 0.069320 0.262833 0.612303 0.022459 0.033086
2 0 0.088649 0.243632 0.592164 0.030891 0.044664
2 0 0.040631 0.135288 0.762866 0.028381 0.032834
2 0 0.043728 0.108847 0.752111 0.064343 0.030972
2 0 0.037544 0.074490 0.753002 0.112247 0.022718
2 0 0.024844 0.036158 0.726188 0.197540 0.015270
2 0 0.014347 0.019219 0.780282 0.174094 0.012058
2 0 0.009351 0.011120 0.791751 0.177758 0.010021
2 2 0.006582 0.008193 0.847106 0.129725 0.008393
2 1 0.008368 0.009911 0.806545 0.165067 0.010109
2 2 0.014959 0.023257 0.829540 0.116578 0.015666
2 0 0.035124 0.062805 0.780530 0.093746 0.027795
2 0 0.210615 0.242835 0.400089 0.061324 0.085136
1 1 0.147593 0.384261 0.300423 0.034287 0.133436
1 1 0.135334 0.425281 0.241887 0.030086 0.167412
1 0 0.160402 0.364764 0.116088 0.042630 0.316116
1 1 0.240272 0.308354 0.116322 0.046195 0.288857
4 1 0.277139 0.278036 0.109994 0.049872 0.284959
1 2 0.199460 0.343668 0.157366 0.048312 0.251194
1 0 0.212715 0.314625 0.111341 0.049880 0.311439
1 1 0.163998 0.379937 0.264726 0.036817 0.154522
1 1 0.136166 0.416023 0.263005 0.030868 0.153937
1 1 0.129688 0.425942 0.250996 0.030652 0.162722
1 1 0.123265 0.424663 0.229222 0.035890 0.186961
1 1 0.128481 0.385336 0.329976 0.034799 0.121407
2 1 0.114203 0.367373 0.402681 0.028906 0.086837
2 2 0.087293 0.369081 0.442855 0.026786 0.073985
2 2 0.074650 0.313504 0.540621 0.023883 0.047341
2 2 0.042996 0.186005 0.727817 0.015699 0.027484
2 2 0.023678 0.105529 0.840072 0.010576 0.020145
2 2 0.020929 0.086434 0.858415 0.011268 0.022955
2 2 0.013839 0.052788 0.906647 0.011537 0.015189
2 2 0.013060 0.046728 0.912331 0.013128 0.014752
2 2 0.012397 0.040108 0.912123 0.014598 0.020775
2 0 0.028890 0.067164 0.818049 0.061073 0.024824
2 0 0.258779 0.249823 0.336765 0.056545 0.098088
1 1 0.129955 0.427165 0.284634 0.024986 0.133261
2 1 0.136443 0.362236 0.405669 0.020748 0.074905
2 1 0.133017 0.367178 0.396177 0.022794 0.080834
2 2 0.077358 0.301538 0.555953 0.022220 0.042931
2 2 0.052431 0.214612 0.680032 0.019300 0.033626
2 2 0.038845 0.151776 0.761411 0.018831 0.029137
2 2 0.045070 0.174230 0.724893 0.019970 0.035837
2 1 0.058100 0.230233 0.653613 0.021849 0.036206
2 1 0.106681 0.253473 0.570361 0.028638 0.040847
2 1 0.148838 0.304537 0.445683 0.031398 0.069544
2 1 0.095365 0.356098 0.447778 0.027942 0.072817
1 2 0.143902 0.372002 0.284405 0.045930 0.153760
2 2 0.083427 0.278851 0.471084 0.041361 0.125276
2 1 0.077881 0.261001 0.524027 0.038446 0.098645
2 2 0.027706 0.097647 0.825890 0.019298 0.029460
2 2 0.013588 0.046417 0.904347 0.013321 0.022328
2 2 0.005096 0.017137 0.958046 0.007801 0.011920
2 2 0.005861 0.018941 0.952071 0.009185 0.013943
2 2 0.008268 0.026767 0.935993 0.011114 0.017858
2 2 0.013014 0.044204 0.907055 0.012992 0.022736
2 2 0.017105 0.057810 0.885128 0.015997 0.023960
2 2 0.018806 0.068116 0.876653 0.014909 0.021516
2 2 0.015646 0.059338 0.895844 0.012493 0.016680
2 2 0.021237 0.070414 0.864856 0.019948 0.023545
2 2 0.035910 0.117696 0.784449 0.026406 0.035539
2 1 0.095883 0.222735 0.570042 0.058425 0.052914
2 0 0.200805 0.230088 0.428076 0.065686 0.075345
2 2 0.196978 0.276282 0.347682 0.065266 0.113792
2 2 0.141114 0.329027 0.356623 0.054623 0.118613
2 2 0.059695 0.198612 0.627133 0.033912 0.080649
2 1 0.050884 0.178768 0.659999 0.025921 0.084428
2 2 0.041283 0.138199 0.719156 0.024060 0.077302
2 2 0.049003 0.157249 0.684701 0.029469 0.079578
2 2 0.049898 0.160206 0.671110 0.030027 0.088758
2 1 0.074200 0.242593 0.472078 0.039710 0.171419
2 1 0.090270 0.289751 0.374445 0.046782 0.198751
2 1 0.093459 0.337261 0.339282 0.038581 0.191418
2 2 0.065228 0.254136 0.521145 0.026346 0.133145
2 2 0.055490 0.202116 0.588429 0.026454 0.127511
2 2 0.031857 0.108844 0.779591 0.019380 0.060328
2 2 0.060936 0.226567 0.616540 0.026402 0.069556
2 1 0.079011 0.296083 0.503698 0.031622 0.089585
1 1 0.108163 0.396733 0.320011 0.040596 0.134497
1 1 0.116575 0.400960 0.253099 0.047638 0.181728
1 1 0.113752 0.416136 0.246326 0.041835 0.181951
1 2 0.108250 0.399999 0.266898 0.040048 0.184804
4 2 0.091608 0.293785 0.199902 0.045472 0.369232
4 1 0.085703 0.262342 0.212445 0.047413 0.392097
4 1 0.089738 0.277604 0.198099 0.047737 0.386822
4 2 0.076424 0.232584 0.197887 0.043799 0.449306
4 2 0.081566 0.250069 0.211726 0.045630 0.411009
4 2 0.117654 0.265005 0.226077 0.055306 0.335957
2 2 0.095669 0.334501 0.416857 0.041020 0.111953
1 1 0.183281 0.339700 0.257035 0.052533 0.167452
1 0 0.210813 0.325594 0.261010 0.048052 0.154531
1 0 0.199744 0.329593 0.217897 0.056836 0.195930
1 1 0.214347 0.321297 0.227478 0.054656 0.182221
1 1 0.155018 0.281655 0.266191 0.073688 0.223449
1 0 0.168868 0.333827 0.219143 0.068457 0.209705
1 1 0.120585 0.392999 0.224482 0.053361 0.208572
1 0 0.107063 0.414128 0.300444 0.036550 0.141816
2 0 0.084728 0.326728 0.452166 0.031675 0.104703
2 0 0.035649 0.113217 0.774963 0.025211 0.050959
2 1 0.017217 0.051893 0.876766 0.019007 0.035118
2 2 0.012213 0.034306 0.901658 0.017563 0.034261
2 2 0.009773 0.028026 0.922534 0.015734 0.023934
2 2 0.021486 0.061241 0.847439 0.023712 0.046123
2 1 0.027828 0.094411 0.819950 0.019581 0.038230
2 0 0.048322 0.169825 0.703485 0.024267 0.054100
2 0 0.050668 0.189693 0.671097 0.022755 0.065787
2 1 0.080760 0.271564 0.449247 0.039894 0.158535
2 1 0.087673 0.302652 0.422286 0.040070 0.147320
2 1 0.096627 0.348136 0.365242 0.039399 0.150595
2 1 0.087961 0.307945 0.413078 0.039174 0.151842
2 1 0.091647 0.296054 0.393204 0.046636 0.172458
2 1 0.082995 0.272192 0.456220 0.042391 0.146202
1 0 0.106055 0.376090 0.358343 0.042611 0.116901
2 1 0.091571 0.379118 0.416138 0.028927 0.084246
1 1 0.093357 0.401930 0.382536 0.027362 0.094814
2 0 0.092801 0.356508 0.436632 0.033398 0.080662
2 0 0.079059 0.305719 0.519357 0.029412 0.066454
2 1 0.075391 0.289988 0.529983 0.028969 0.075669
2 1 0.083154 0.302545 0.464406 0.034904 0.114990
2 1 0.082838 0.302219 0.461073 0.034695 0.119174
2 1 0.066287 0.257894 0.546712 0.026401 0.102707
2 2 0.070468 0.289544 0.536541 0.024624 0.078823
2 1 0.066797 0.264725 0.571339 0.025190 0.071950
2 1 0.034309 0.134592 0.774859 0.015225 0.041015
2 0 0.036696 0.139436 0.763316 0.017002 0.043550
2 0 0.040782 0.154792 0.735969 0.018598 0.049859
2 1 0.067768 0.275554 0.560515 0.024300 0.071863
2 1 0.085988 0.368388 0.445497 0.025950 0.074177
1 1 0.088798 0.412692 0.387261 0.022957 0.088293
1 0 0.115718 0.418887 0.209733 0.042723 0.212939
1 0 0.163817 0.356717 0.186197 0.056560 0.236709
0 0 0.340756 0.234029 0.209559 0.061529 0.154127
0 0 0.686802 0.066602 0.082979 0.071408 0.092210
0 0 0.817773 0.035685 0.053692 0.041969 0.050881
0 0 0.852715 0.029745 0.041725 0.031323 0.044492
0 0 0.799186 0.048930 0.039512 0.030322 0.082051
0 0 0.520796 0.136428 0.045097 0.038827 0.258852
0 1 0.380817 0.217961 0.065343 0.035767 0.300112
1 0 0.160439 0.391545 0.157474 0.038244 0.252298
1 1 0.111652 0.415393 0.266744 0.040214 0.165996
2 1 0.101582 0.373677 0.381935 0.038668 0.104138
2 1 0.121635 0.338503 0.380086 0.044213 0.115562
1 1 0.126552 0.363467 0.356427 0.040235 0.113318
1 0 0.168930 0.360127 0.308814 0.035840 0.126289
1 0 0.154450 0.395941 0.253166 0.034582 0.161860
1 1 0.121803 0.425113 0.259571 0.032690 0.160824
1 1 0.157078 0.393881 0.236642 0.036688 0.175711
1 0 0.192699 0.360125 0.217709 0.041969 0.187498
0 1 0.295559 0.259208 0.104309 0.053675 0.287249
4 1 0.312271 0.204625 0.050884 0.048562 0.383658
4 1 0.248375 0.226327 0.048364 0.047642 0.429292
4 1 0.170890 0.250964 0.039208 0.040023 0.498915
4 1 0.133897 0.269242 0.046542 0.050294 0.500024
4 1 0.098664 0.265867 0.056299 0.055959 0.523211
1 1 0.119122 0.378028 0.152095 0.053820 0.296935
1 1 0.114664 0.365497 0.251576 0.054283 0.213980
1 0 0.112413 0.376321 0.158117 0.047245 0.305903
1 1 0.113511 0.428075 0.160021 0.038308 0.260085
1 1 0.115415 0.415302 0.150123 0.041926 0.277234
1 1 0.107067 0.358495 0.166375 0.045970 0.322093
1 2 0.100840 0.355766 0.257340 0.041719 0.244336
2 2 0.069997 0.281746 0.481666 0.026128 0.140463
2 2 0.057571 0.223317 0.591550 0.024045 0.103517
2 2 0.022304 0.085013 0.836248 0.011628 0.044807
2 0 0.030689 0.108074 0.760418 0.017708 0.083111
2 0 0.046785 0.163405 0.621442 0.025310 0.143058
1 1 0.090761 0.311558 0.249978 0.040825 0.306878
1 1 0.104663 0.363670 0.137982 0.041527 0.352157
1 1 0.114305 0.375484 0.101267 0.047044 0.361901
1 0 0.129958 0.362415 0.116426 0.054088 0.337113
1 1 0.148579 0.337981 0.259892 0.043824 0.209724
1 1 0.111087 0.422733 0.256567 0.038394 0.171219
2 1 0.077449 0.347438 0.461668 0.022533 0.090912
2 1 0.054594 0.215474 0.605270 0.022434 0.102227
2 1 0.012893 0.051836 0.891633 0.007129 0.036509
2 0 0.007841 0.030288 0.936382 0.006650 0.018839
2 0 0.031012 0.070942 0.837380 0.019734 0.040932
2 0 0.198157 0.249998 0.417434 0.042090 0.092322
2 0 0.147961 0.330787 0.407634 0.031191 0.082428
2 0 0.146935 0.356040 0.360228 0.033526 0.103271
1 0 0.123453 0.358115 0.130414 0.063712 0.324305
4 0 0.124857 0.295256 0.123365 0.066507 0.390014
4 0 0.144463 0.240097 0.101364 0.067342 0.446734
4 0 0.155046 0.329183 0.114746 0.063049 0.337977
1 0 0.137481 0.366010 0.140862 0.056444 0.299203
1 0 0.129442 0.362913 0.139411 0.061184 0.307050
4 0 0.168768 0.300541 0.096863 0.067253 0.366576
0 0 0.327531 0.235689 0.120358 0.064291 0.252131
0 0 0.498203 0.153993 0.094403 0.059414 0.193986
0 0 0.711031 0.071284 0.057238 0.047180 0.113267
0 0 0.777301 0.051561 0.050554 0.040092 0.080492
0 0 0.683039 0.092878 0.099387 0.037794 0.086902
0 0 0.474505 0.202863 0.155261 0.033637 0.133734
1 0 0.207129 0.348526 0.283992 0.032033 0.128320
1 0 0.109104 0.410846 0.331643 0.030124 0.118283
2 0 0.090492 0.393546 0.403574 0.026247 0.086142
1 0 0.091981 0.410852 0.377156 0.025320 0.094690
2 0 0.076793 0.356083 0.490582 0.020545 0.055996
2 0 0.099775 0.298933 0.536385 0.020623 0.044285
2 0 0.188328 0.217935 0.493116 0.029203 0.071418
2 0 0.146163 0.161218 0.584678 0.047048 0.060894
2 0 0.135292 0.176009 0.576190 0.056075 0.056434
2 0 0.162395 0.226981 0.401227 0.091155 0.118243
2 0 0.040595 0.068092 0.699930 0.159725 0.031657
2 0 0.025421 0.042988 0.779963 0.132832 0.018796
2 0 0.010198 0.023831 0.918943 0.031704 0.015325
2 0 0.029011 0.058541 0.800511 0.083219 0.028719
2 0 0.033647 0.068914 0.778651 0.083674 0.035113
2 0 0.022889 0.039660 0.805286 0.109365 0.022800
2 0 0.011663 0.018059 0.856041 0.099515 0.014722
2 0 0.007719 0.010061 0.850714 0.120411 0.011095
2 0 0.005939 0.007627 0.865960 0.112331 0.008143
2 0 0.011127 0.012479 0.745064 0.219545 0.011785
2 0 0.010560 0.014662 0.838244 0.122814 0.013720
2 0 0.010812 0.016245 0.857605 0.100170 0.015167
2 0 0.028961 0.037324 0.710128 0.194621 0.028966
2 0 0.154233 0.116587 0.419966 0.240803 0.068412
3 0 0.044579 0.032193 0.306083 0.601903 0.015242
3 0 0.025060 0.020652 0.293969 0.651571 0.008749
3 0 0.025031 0.018387 0.241801 0.708806 0.005976
3 0 0.069258 0.031735 0.234301 0.653216 0.011490
0 0 0.425299 0.076818 0.226384 0.220207 0.051291
0 0 0.650964 0.081493 0.145549 0.057117 0.064877
0 0 0.687702 0.090369 0.110307 0.036144 0.075478
0 0 0.627252 0.102363 0.062604 0.048219 0.159561
4 0 0.318983 0.202488 0.061832 0.060068 0.356629
4 0 0.287641 0.213511 0.055382 0.054076 0.389390
4 0 0.185304 0.289757 0.084053 0.059870 0.381016
4 0 0.106740 0.290033 0.054576 0.058118 0.490533
4 0 0.086141 0.239477 0.068834 0.049272 0.556275
4 0 0.088878 0.232189 0.103992 0.059275 0.515666
4 0 0.085063 0.211984 0.092827 0.061458 0.548668
4 1 0.091267 0.240707 0.099334 0.059091 0.509601
1 1 0.206318 0.297464 0.152595 0.071020 0.272604
0 0 0.322847 0.222172 0.311351 0.050366 0.093264
0 0 0.652565 0.086887 0.167287 0.040417 0.052845
0 0 0.786105 0.045198 0.079010 0.041625 0.048062
0 4 0.789326 0.048753 0.072568 0.036320 0.053033
0 4 0.704269 0.078354 0.133695 0.032224 0.051457
0 4 0.528185 0.141841 0.141213 0.060910 0.127851
0 4 0.445694 0.177067 0.162361 0.065941 0.148938
2 4 0.297748 0.174489 0.299050 0.127798 0.100915
2 4 0.295463 0.144502 0.372351 0.128046 0.059639
0 4 0.465387 0.165913 0.145792 0.068232 0.154676
0 4 0.449118 0.174929 0.164601 0.065993 0.145360
0 4 0.451017 0.156018 0.067613 0.062447 0.262906
4 4 0.259282 0.204604 0.040164 0.033897 0.462053
4 4 0.246268 0.224195 0.039893 0.038514 0.451129
4 4 0.119606 0.349747 0.091182 0.052703 0.386762
4 4 0.107266 0.320836 0.062656 0.050110 0.459132
4 4 0.109082 0.300851 0.060639 0.058287 0.471141
4 4 0.115944 0.328023 0.082832 0.060517 0.412685
4 4 0.136068 0.289498 0.072016 0.054265 0.448154
4 4 0.120649 0.289240 0.134718 0.055310 0.400084
4 4 0.161470 0.259448 0.091733 0.057316 0.430033
4 4 0.170874 0.228741 0.120205 0.057171 0.423009
4 4 0.273146 0.236810 0.130180 0.061178 0.298686
0 0 0.377928 0.199572 0.127057 0.075989 0.219453
0 4 0.506013 0.139924 0.056593 0.050206 0.247263
4 4 0.300288 0.215833 0.070190 0.063296 0.350393
4 4 0.220747 0.237834 0.059070 0.060618 0.421731
4 4 0.098912 0.218912 0.048328 0.034555 0.599293
4 4 0.130617 0.234070 0.045944 0.038493 0.550877
4 4 0.151996 0.263403 0.051763 0.055505 0.477333
4 4 0.123333 0.310098 0.076859 0.062252 0.427458
1 2 0.117889 0.381712 0.121333 0.050323 0.328743
1 4 0.132110 0.392319 0.202991 0.049711 0.222869
2 4 0.092184 0.359192 0.425945 0.032577 0.090102
2 4 0.083920 0.359130 0.464894 0.025454 0.066603
2 4 0.082278 0.349696 0.479513 0.025371 0.063142
2 2 0.094016 0.316472 0.425008 0.043592 0.120911
2 2 0.105329 0.298865 0.416753 0.063675 0.115379
2 2 0.157843 0.304284 0.311635 0.078975 0.147262
1 1 0.135374 0.368736 0.264073 0.055919 0.175899
1 2 0.175024 0.318320 0.244490 0.073801 0.188365
2 2 0.110028 0.318985 0.396995 0.070430 0.103562
2 1 0.090425 0.378779 0.419408 0.028075 0.083313
2 1 0.070861 0.285329 0.579122 0.024594 0.040095
2 1 0.098132 0.279232 0.545906 0.029335 0.047394
2 2 0.090929 0.285425 0.513557 0.047070 0.063018
2 2 0.095446 0.320480 0.464021 0.043327 0.076726
2 2 0.061446 0.191800 0.594712 0.039193 0.112849
2 2 0.076788 0.282317 0.454772 0.032822 0.153302
2 2 0.082141 0.313609 0.435971 0.031929 0.136349
2 2 0.086223 0.325806 0.406658 0.033638 0.147676
2 1 0.091551 0.331373 0.387827 0.037804 0.151445
2 2 0.092998 0.348838 0.403248 0.035524 0.119392
2 2 0.073082 0.298682 0.527659 0.025420 0.075158
2 2 0.051973 0.211469 0.663870 0.019732 0.052956
2 2 0.077700 0.277102 0.520466 0.034195 0.090537
2 0 0.087109 0.241353 0.588031 0.034174 0.049333
0 0 0.464699 0.162675 0.230786 0.051932 0.089908
0 1 0.423309 0.195369 0.233706 0.045473 0.102143
0 1 0.365712 0.220068 0.266855 0.045216 0.102149
1 1 0.209538 0.330326 0.258725 0.046169 0.155242
1 4 0.162522 0.364762 0.222297 0.051191 0.199228
1 1 0.259840 0.290728 0.200683 0.057657 0.191092
1 1 0.229228 0.318754 0.220468 0.050617 0.180933
1 2 0.248895 0.316613 0.162071 0.046119 0.226302
0 4 0.293298 0.284782 0.134210 0.046243 0.241467
0 4 0.303031 0.273542 0.151977 0.051723 0.219726
0 4 0.392110 0.199600 0.097996 0.061388 0.248906
0 4 0.418916 0.166969 0.067916 0.063598 0.282601
0 4 0.361090 0.199412 0.077054 0.061618 0.300826
4 4 0.266694 0.266406 0.090197 0.052036 0.324667
4 4 0.201107 0.287904 0.140968 0.056032 0.313989
4 4 0.105453 0.217758 0.258602 0.066142 0.352044
1 4 0.130226 0.273708 0.266336 0.064260 0.265470
1 4 0.144108 0.347073 0.135342 0.063535 0.309942
1 4 0.130304 0.388360 0.146760 0.048572 0.286003
1 4 0.239128 0.320222 0.189342 0.047969 0.203339
0 0 0.344467 0.248281 0.235426 0.043897 0.127928
0 0 0.594604 0.113899 0.142085 0.054491 0.094920
0 1 0.707279 0.070596 0.076654 0.053109 0.092362
0 0 0.612078 0.094538 0.152881 0.063359 0.077144
0 1 0.610689 0.096266 0.112665 0.071963 0.108418
0 1 0.367632 0.177212 0.092700 0.091737 0.270718
4 1 0.272363 0.207423 0.105325 0.111078 0.303811
1 2 0.166860 0.306422 0.280548 0.080597 0.165573
1 2 0.186980 0.291276 0.193024 0.088966 0.239754
2 4 0.166289 0.269580 0.302135 0.084960 0.177037
2 4 0.112515 0.299981 0.356287 0.074533 0.156684
2 4 0.085622 0.291935 0.459631 0.040110 0.122703
2 2 0.051741 0.182550 0.634816 0.026352 0.104540
2 2 0.023032 0.078961 0.839879 0.016017 0.042111
2 2 0.033905 0.119806 0.784818 0.019922 0.041549
2 2 0.077702 0.271920 0.563670 0.030572 0.056136
2 2 0.071688 0.267345 0.580986 0.029660 0.050322
2 2 0.041823 0.145111 0.747632 0.025486 0.039948
2 2 0.026271 0.085744 0.833815 0.021975 0.032195
2 2 0.010081 0.031065 0.927522 0.015288 0.016044
2 2 0.010919 0.030620 0.921947 0.020917 0.015596
2 2 0.011053 0.027882 0.917669 0.027481 0.015914
2 2 0.010917 0.022728 0.906164 0.044037 0.016155
2 2 0.015120 0.025372 0.848891 0.090947 0.019669
2 2 0.012254 0.018071 0.840347 0.113324 0.016003
2 2 0.011593 0.016658 0.840156 0.115487 0.016106
2 2 0.007569 0.011313 0.886840 0.081622 0.012656
2 2 0.006798 0.010234 0.896514 0.073823 0.012631
2 2 0.004605 0.006957 0.919574 0.059775 0.009089
2 2 0.005458 0.008209 0.908684 0.068135 0.009514
2 2 0.006680 0.009545 0.884573 0.089277 0.009925
2 3 0.008821 0.012284 0.854890 0.112586 0.011420
2 3 0.007479 0.011198 0.885438 0.085412 0.010473
2 3 0.004981 0.008000 0.923126 0.055006 0.008888
2 3 0.003990 0.006083 0.927467 0.054572 0.007889
2 3 0.004300 0.005450 0.892406 0.089380 0.008464
2 3 0.005494 0.005654 0.803080 0.177363 0.008408
2 3 0.006617 0.006058 0.714943 0.264059 0.008323
2 3 0.006645 0.005858 0.682985 0.297173 0.007338
2 3 0.007286 0.006707 0.697426 0.280456 0.008124
2 3 0.009943 0.012232 0.804251 0.161111 0.012463
2 0 0.012762 0.022743 0.874923 0.073622 0.015950
2 1 0.058172 0.168405 0.695149 0.035436 0.042838
2 1 0.124884 0.244973 0.567840 0.024603 0.037701
2 0 0.221653 0.278523 0.397063 0.030091 0.072670
0 0 0.425995 0.208864 0.221967 0.037541 0.105632
0 0 0.343706 0.232660 0.283808 0.041487 0.098338
0 0 0.408966 0.166197 0.322239 0.041528 0.061071
2 0 0.133402 0.312039 0.447074 0.034399 0.073085
2 0 0.087055 0.333635 0.481086 0.031863 0.066361
1 0 0.118859 0.372972 0.327606 0.046994 0.133569
2 0 0.139035 0.321644 0.328629 0.060876 0.149816
2 0 0.143606 0.324826 0.356408 0.056262 0.118899
2 0 0.126973 0.324853 0.419258 0.041355 0.087561
2 0 0.094489 0.356072 0.446900 0.028745 0.073794
2 0 0.072024 0.343817 0.517357 0.018509 0.048294
2 0 0.091611 0.346289 0.492272 0.017767 0.052060
2 0 0.153514 0.241501 0.561424 0.013909 0.029653
0 0 0.418944 0.167579 0.350700 0.021021 0.041756
0 0 0.480276 0.164609 0.267741 0.027519 0.059855
2 0 0.180109 0.237997 0.505870 0.029339 0.046685
2 0 0.067083 0.219126 0.672159 0.020888 0.020743
2 1 0.033784 0.107205 0.825375 0.013823 0.019814
2 1 0.088964 0.142585 0.701977 0.018513 0.047961
2 1 0.134967 0.228329 0.548938 0.024807 0.062959
2 1 0.111028 0.274675 0.515706 0.028317 0.070273
2 1 0.183678 0.301810 0.373278 0.043871 0.097362
2 1 0.243424 0.270616 0.296548 0.061266 0.128145
2 1 0.274495 0.145855 0.305528 0.188199 0.085923
3 0 0.162813 0.088115 0.318740 0.387562 0.042771
2 0 0.122754 0.111466 0.393365 0.329254 0.043160
2 0 0.123895 0.130422 0.532911 0.163989 0.048783
2 1 0.111021 0.161093 0.567479 0.096100 0.064307
2 1 0.131139 0.293539 0.427996 0.044541 0.102784
2 0 0.090952 0.361945 0.437519 0.030877 0.078706
1 0 0.091559 0.349737 0.285620 0.034145 0.238939
1 0 0.094058 0.375150 0.310504 0.032147 0.188140
2 1 0.086500 0.308974 0.379344 0.037494 0.187688
2 1 0.022439 0.096399 0.839474 0.009579 0.032108
2 1 0.027559 0.075448 0.854986 0.015091 0.026916
2 1 0.300032 0.180581 0.402528 0.058494 0.058366
0 1 0.658299 0.078872 0.095363 0.072635 0.094829
0 1 0.465953 0.096241 0.148485 0.200165 0.089156
3 1 0.178822 0.037783 0.227795 0.539308 0.016293
0 0 0.522644 0.122680 0.105857 0.086755 0.162064
0 1 0.302616 0.274763 0.288102 0.032100 0.102419
0 0 0.411915 0.151878 0.331968 0.048856 0.055383
2 0 0.277052 0.151794 0.377243 0.130476 0.063435
2 4 0.282703 0.158212 0.416295 0.090590 0.052201
2 4 0.306440 0.107813 0.335061 0.200940 0.049747
0 4 0.510086 0.138533 0.137701 0.074689 0.138991
0 4 0.406987 0.159956 0.217777 0.109048 0.106233
2 4 0.339386 0.136117 0.364360 0.107033 0.053104
0 4 0.337315 0.133573 0.318027 0.142581 0.068503
0 0 0.429714 0.163168 0.157502 0.090009 0.159607
0 0 0.346567 0.144317 0.274915 0.142114 0.092088
0 1 0.460321 0.117439 0.241686 0.106088 0.074466
0 0 0.686305 0.064262 0.106375 0.071458 0.071599
0 4 0.630885 0.065219 0.116308 0.111217 0.076371
0 1 0.397455 0.050357 0.201688 0.317576 0.032924
3 1 0.317239 0.040045 0.216573 0.404833 0.021311
3 1 0.070261 0.015404 0.204889 0.705340 0.004106
3 0 0.121605 0.024234 0.225134 0.620656 0.008370
3 1 0.177281 0.027323 0.226219 0.558607 0.010569
0 1 0.377305 0.047768 0.206250 0.339015 0.029662
0 1 0.466955 0.048615 0.182534 0.267791 0.034105
0 0 0.435001 0.051075 0.191672 0.286976 0.035275
0 1 0.407988 0.062365 0.199028 0.284135 0.046484
3 1 0.201163 0.042096 0.238166 0.498267 0.020308
3 1 0.142279 0.042577 0.245100 0.550690 0.019354
3 0 0.083702 0.037757 0.242196 0.621258 0.015087
3 0 0.122744 0.087560 0.310289 0.436054 0.043353
3 1 0.104883 0.088509 0.348129 0.422087 0.036392
2 1 0.150384 0.146400 0.441790 0.209722 0.051704
2 0 0.229928 0.133633 0.347788 0.221545 0.067107
0 0 0.396181 0.126255 0.253795 0.140483 0.083286
0 1 0.589365 0.105931 0.107646 0.071752 0.125306
0 1 0.573268 0.140295 0.091887 0.041254 0.153295
0 4 0.472056 0.159001 0.066555 0.051524 0.250864
4 0 0.184219 0.249253 0.046620 0.047954 0.471954
4 0 0.189160 0.209662 0.070904 0.054197 0.476078
4 1 0.177026 0.204247 0.087878 0.063726 0.467123
4 0 0.139109 0.253448 0.232044 0.075617 0.299782
2 0 0.060837 0.170788 0.612332 0.048444 0.107598
2 0 0.017451 0.046942 0.875139 0.025827 0.034641
2 0 0.012259 0.037167 0.907795 0.015659 0.027119
2 0 0.038197 0.077628 0.822835 0.024018 0.037322
2 0 0.330801 0.181336 0.347217 0.064987 0.075659
0 0 0.749209 0.068526 0.059494 0.033283 0.089488
0 0 0.537964 0.177055 0.112239 0.029286 0.143456
0 0 0.340395 0.263208 0.249392 0.033064 0.113940
1 0 0.138435 0.352373 0.157678 0.067757 0.283757
4 0 0.103580 0.289421 0.160878 0.061841 0.384279
4 0 0.113873 0.328218 0.161667 0.062478 0.333764
4 0 0.116549 0.342799 0.090798 0.057325 0.392530
1 0 0.116076 0.374761 0.107443 0.049375 0.352345
1 0 0.113669 0.396752 0.114128 0.042606 0.332845
1 0 0.116250 0.418527 0.181057 0.042799 0.241367
1 0 0.114146 0.415483 0.243802 0.042296 0.184273
1 0 0.108308 0.397366 0.318285 0.040612 0.135429
1 0 0.103940 0.368715 0.356362 0.042198 0.128785
1 0 0.103069 0.382772 0.364233 0.038414 0.111512
2 0 0.108826 0.342386 0.422717 0.038773 0.087299
2 0 0.211252 0.261513 0.427293 0.033691 0.066250
0 0 0.591397 0.119881 0.162630 0.044465 0.081627
0 0 0.411719 0.216293 0.213295 0.040857 0.117836
0 0 0.333623 0.259980 0.230722 0.041933 0.133742
1 0 0.179480 0.363869 0.252648 0.040881 0.163122
1 0 0.108105 0.427237 0.271373 0.035264 0.158022
2 0 0.079758 0.324433 0.468878 0.027570 0.099360
2 0 0.033557 0.080314 0.813535 0.036822 0.035772
2 0 0.017926 0.030540 0.834596 0.091071 0.025867
2 0 0.023469 0.030984 0.715639 0.204624 0.025284
2 0 0.036150 0.076714 0.780962 0.064881 0.041293
2 0 0.027848 0.085744 0.828982 0.027254 0.030172
2 0 0.022862 0.087560 0.845452 0.013274 0.030853
2 0 0.017251 0.068879 0.876892 0.010073 0.026905
2 0 0.010879 0.040357 0.920948 0.009691 0.018125
2 0 0.007400 0.022105 0.943748 0.013925 0.012822
2 0 0.007303 0.019230 0.937972 0.016831 0.018664
2 1 0.009380 0.027523 0.918349 0.013088 0.031659
2 1 0.011412 0.038318 0.908316 0.010883 0.031071
2 1 0.016358 0.053171 0.879360 0.014890 0.036220
2 1 0.025218 0.054539 0.821621 0.055082 0.043540
2 1 0.024350 0.037000 0.766920 0.134493 0.037236
2 1 0.013537 0.022998 0.862990 0.079566 0.020910
2 1 0.007083 0.014564 0.930546 0.033853 0.013955
2 1 0.004573 0.010692 0.954505 0.017915 0.012315
2 1 0.005159 0.011139 0.947253 0.024262 0.012187
2 1 0.006393 0.013169 0.935079 0.030323 0.015036
2 1 0.009038 0.019680 0.920098 0.032127 0.019058
2 1 0.011001 0.021677 0.899938 0.047903 0.019482
2 0 0.029728 0.054711 0.779665 0.094283 0.041614
2 0 0.103649 0.124584 0.600633 0.077155 0.093980
2 0 0.108062 0.252470 0.450793 0.038985 0.149689
1 1 0.114324 0.368786 0.293261 0.043383 0.180247
4 1 0.092575 0.261043 0.051076 0.048698 0.546608
4 0 0.116149 0.273902 0.040487 0.044024 0.525438
4 1 0.199790 0.240437 0.039563 0.039448 0.480762
4 1 0.198696 0.239201 0.036739 0.036360 0.489003
