0 0 0.903429 0.007634 0.003801 0.021496 0.063639
0 0 0.467450 0.053037 0.024349 0.015978 0.439185
0 0 0.868435 0.014957 0.008994 0.034918 0.072696
0 0 0.782629 0.024051 0.013475 0.045319 0.134525
0 0 0.779297 0.027290 0.017070 0.062137 0.114207
0 0 0.742008 0.031325 0.018746 0.063091 0.144831
0 0 0.831851 0.016153 0.008382 0.030052 0.113562
0 0 0.935919 0.006427 0.004150 0.025587 0.027918
0 0 0.929360 0.009421 0.007279 0.029017 0.024922
0 0 0.982922 0.001149 0.000715 0.008955 0.006260
0 0 0.980082 0.001389 0.000937 0.011524 0.006067
0 0 0.971440 0.002607 0.001977 0.015966 0.008009
0 0 0.950740 0.003531 0.001852 0.016419 0.027458
0 0 0.591675 0.025444 0.009657 0.006573 0.366651
4 0 0.427378 0.039022 0.015003 0.006209 0.512388
4 0 0.151969 0.041816 0.013404 0.001330 0.791481
4 0 0.124806 0.053816 0.018719 0.001786 0.800873
4 0 0.130022 0.058459 0.021124 0.002234 0.788160
4 0 0.268102 0.051103 0.019349 0.004467 0.656978
4 0 0.265596 0.053903 0.020836 0.004941 0.654724
4 0 0.178420 0.066256 0.026191 0.004345 0.724788
4 0 0.101317 0.035826 0.010398 0.000609 0.851849
4 0 0.096461 0.032635 0.009097 0.000478 0.861328
4 0 0.109638 0.041695 0.012932 0.000906 0.834829
4 0 0.323549 0.049950 0.019552 0.005900 0.601049
4 0 0.232527 0.059599 0.023453 0.005002 0.679420
4 0 0.235308 0.050563 0.018600 0.003563 0.691966
4 0 0.201685 0.056037 0.020992 0.003560 0.717726
4 0 0.282091 0.061711 0.025621 0.007382 0.623196
0 0 0.539385 0.040909 0.018022 0.013692 0.387991
0 0 0.842716 0.012585 0.005782 0.016395 0.122521
0 0 0.911066 0.006970 0.003587 0.024449 0.053927
0 0 0.927193 0.005277 0.002671 0.021233 0.043627
0 0 0.950941 0.002761 0.001182 0.008540 0.036576
0 0 0.882520 0.010242 0.005393 0.029483 0.072361
0 0 0.846292 0.015100 0.008605 0.045418 0.084586
0 0 0.753245 0.032603 0.019346 0.042307 0.152498
0 0 0.789692 0.035514 0.024379 0.037250 0.113164
0 0 0.717082 0.078092 0.078733 0.040527 0.085565
0 0 0.618170 0.114881 0.118480 0.035103 0.113366
0 0 0.524469 0.142011 0.137116 0.034993 0.161410
0 0 0.386313 0.182334 0.166432 0.035067 0.229854
0 0 0.365445 0.210337 0.228496 0.029940 0.165783
0 0 0.360418 0.212929 0.236494 0.031809 0.158350
0 0 0.378752 0.201955 0.210497 0.030509 0.178286
4 0 0.277692 0.198780 0.161129 0.032112 0.330288
4 0 0.181705 0.127751 0.069417 0.022009 0.599118
4 0 0.152784 0.082299 0.035071 0.005780 0.724066
4 0 0.142036 0.070235 0.027681 0.003697 0.756351
4 0 0.149812 0.078796 0.032855 0.005107 0.733431
4 0 0.150260 0.079315 0.033179 0.005203 0.732043
4 0 0.152191 0.081590 0.034617 0.005639 0.725962
4 0 0.160117 0.091591 0.041230 0.007876 0.699185
4 0 0.151072 0.080264 0.033776 0.005382 0.729506
4 0 0.159730 0.084183 0.036445 0.006447 0.713195
4 0 0.150576 0.079684 0.033411 0.005272 0.731057
4 0 0.180583 0.082212 0.035807 0.007189 0.694209
4 0 0.177485 0.088518 0.039786 0.008345 0.685866
4 0 0.169339 0.086357 0.038119 0.007388 0.698796
4 0 0.161674 0.093699 0.042686 0.008421 0.693520
4 0 0.163285 0.095937 0.044254 0.009029 0.687496
4 0 0.153929 0.083687 0.035964 0.006064 0.720356
4 0 0.183384 0.101160 0.048704 0.012069 0.654684
4 0 0.351476 0.078488 0.038816 0.020260 0.510960
0 0 0.744917 0.025638 0.012780 0.026377 0.190289
0 0 0.824931 0.013322 0.005886 0.013770 0.142091
0 0 0.631292 0.030704 0.013361 0.013395 0.311247
4 0 0.217868 0.055425 0.020916 0.003878 0.701914
4 0 0.115908 0.046471 0.015125 0.001207 0.821289
4 1 0.117710 0.047904 0.015805 0.001308 0.817272
4 1 0.146989 0.075592 0.030878 0.004542 0.741999
4 1 0.170469 0.106737 0.052179 0.012446 0.658168
4 2 0.170801 0.254750 0.226498 0.032157 0.315794
2 2 0.125416 0.266616 0.393018 0.036215 0.178735
2 2 0.041146 0.136830 0.751501 0.024171 0.046352
2 1 0.031583 0.113545 0.800933 0.019106 0.034833
2 2 0.020374 0.086222 0.860717 0.011354 0.021333
2 2 0.013118 0.058054 0.905565 0.009514 0.013748
2 2 0.011546 0.045364 0.916755 0.013488 0.012847
2 2 0.016282 0.055007 0.887424 0.022197 0.019090
2 2 0.079403 0.148531 0.662009 0.038694 0.071362
0 2 0.313933 0.220590 0.259894 0.036719 0.168863
0 0 0.434762 0.181159 0.192342 0.035924 0.155813
2 1 0.171390 0.289378 0.401592 0.026006 0.111634
2 2 0.056063 0.181363 0.674265 0.025497 0.062812
2 2 0.018490 0.059721 0.874051 0.025748 0.021990
2 2 0.013151 0.044638 0.905295 0.021373 0.015542
2 2 0.011120 0.036846 0.916135 0.022511 0.013388
2 2 0.009403 0.029802 0.923985 0.025169 0.011641
2 2 0.009000 0.026195 0.920922 0.032282 0.011600
2 2 0.010944 0.036354 0.917235 0.022296 0.013171
2 2 0.069665 0.092191 0.756256 0.045617 0.036271
0 2 0.713337 0.083746 0.098405 0.043097 0.061415
0 2 0.777223 0.054846 0.059791 0.056921 0.051220
0 2 0.869236 0.031025 0.033512 0.035126 0.031102
0 2 0.835706 0.042015 0.048693 0.039400 0.034187
0 2 0.850072 0.039934 0.046216 0.031138 0.032640
0 2 0.851262 0.033725 0.031803 0.035558 0.047652
0 0 0.834625 0.030105 0.022971 0.037987 0.074312
0 0 0.476353 0.129332 0.099654 0.031239 0.263422
1 1 0.158156 0.277806 0.267418 0.021848 0.274772
4 2 0.163862 0.267924 0.246916 0.022805 0.298493
2 2 0.038673 0.118261 0.766297 0.031354 0.045415
2 2 0.019301 0.064202 0.870255 0.023640 0.022603
2 2 0.010272 0.036484 0.923154 0.018060 0.012029
2 2 0.010442 0.032798 0.917613 0.026229 0.012917
2 2 0.007580 0.021461 0.926789 0.034200 0.009970
2 2 0.007044 0.016984 0.911285 0.054685 0.010002
2 2 0.007272 0.017925 0.847150 0.115696 0.011957
2 2 0.006811 0.019017 0.715704 0.245109 0.013359
2 3 0.005637 0.020299 0.636713 0.325031 0.012319
2 2 0.005571 0.021972 0.592648 0.367121 0.012688
2 2 0.005995 0.024679 0.553692 0.401661 0.013973
2 2 0.005768 0.023051 0.578344 0.379600 0.013237
2 2 0.007204 0.028448 0.536603 0.411139 0.016605
2 2 0.007085 0.027537 0.549330 0.399850 0.016198
2 2 0.007253 0.030147 0.505220 0.440250 0.017130
2 2 0.006538 0.028854 0.493676 0.455123 0.015808
2 2 0.008764 0.028488 0.599586 0.344545 0.018616
3 2 0.010015 0.033816 0.444263 0.491872 0.020035
3 3 0.012969 0.039793 0.424898 0.497501 0.024839
2 2 0.013508 0.046551 0.465812 0.444048 0.030081
3 2 0.005720 0.026204 0.338586 0.617026 0.012465
3 2 0.005800 0.024832 0.281937 0.675966 0.011465
3 2 0.005259 0.025157 0.314120 0.643940 0.011524
3 2 0.006387 0.027392 0.267207 0.686240 0.012774
3 2 0.007137 0.029886 0.286832 0.661654 0.014492
3 2 0.005975 0.026404 0.295895 0.659374 0.012352
3 2 0.004938 0.024241 0.330293 0.629474 0.011055
3 2 0.005064 0.024834 0.357039 0.601470 0.011593
3 2 0.004769 0.024942 0.329210 0.629853 0.011226
3 2 0.004624 0.024084 0.272875 0.688046 0.010371
3 2 0.004799 0.024132 0.220637 0.740308 0.010124
3 2 0.005098 0.023757 0.156815 0.804663 0.009668
3 2 0.005495 0.023351 0.153884 0.807566 0.009703
3 2 0.004880 0.020886 0.139830 0.826041 0.008362
3 2 0.005542 0.022437 0.188668 0.773709 0.009644
3 2 0.006084 0.022111 0.180520 0.781569 0.009716
3 2 0.007100 0.025053 0.173325 0.783193 0.011329
3 2 0.006074 0.023250 0.147373 0.813407 0.009895
3 2 0.005769 0.022666 0.145584 0.816472 0.009508
3 2 0.006089 0.024637 0.205810 0.752524 0.010940
3 3 0.007037 0.027367 0.231056 0.721740 0.012800
3 2 0.007000 0.028639 0.245802 0.705094 0.013465
3 2 0.006123 0.025955 0.217858 0.738468 0.011596
3 2 0.006641 0.029456 0.256985 0.693204 0.013714
3 2 0.006839 0.029167 0.252745 0.697581 0.013668
3 2 0.008039 0.030079 0.223798 0.723645 0.014439
3 3 0.007724 0.027958 0.160399 0.791215 0.012704
3 2 0.006020 0.024110 0.146203 0.813477 0.010191
3 2 0.005316 0.023990 0.170876 0.789830 0.009989
3 3 0.005418 0.026659 0.243835 0.712405 0.011683
3 3 0.005881 0.028733 0.317148 0.634756 0.013482
3 2 0.006343 0.027512 0.278773 0.674470 0.012902
3 2 0.006669 0.025952 0.213637 0.741892 0.011850
3 2 0.005590 0.022504 0.158663 0.803778 0.009465
3 3 0.004943 0.020378 0.141659 0.824800 0.008220
3 3 0.005333 0.022398 0.177706 0.785122 0.009441
3 2 0.005405 0.022323 0.190624 0.772103 0.009544
3 2 0.005231 0.023216 0.201359 0.760315 0.009879
3 2 0.005304 0.023732 0.234411 0.726185 0.010367
3 2 0.005853 0.027300 0.286387 0.667882 0.012578
3 2 0.005335 0.027842 0.379203 0.574343 0.013276
3 2 0.006391 0.032276 0.356837 0.588696 0.015801
3 2 0.007058 0.035643 0.355860 0.583616 0.017823
3 2 0.007026 0.035245 0.265810 0.675366 0.016553
3 2 0.006074 0.029777 0.221370 0.729622 0.013157
3 2 0.005868 0.026260 0.172252 0.784440 0.011180
3 2 0.005109 0.025137 0.142999 0.816690 0.010066
3 2 0.005047 0.023289 0.123691 0.838784 0.009189
3 2 0.005390 0.024282 0.143710 0.816706 0.009912
3 2 0.005523 0.024447 0.173095 0.786640 0.010295
3 2 0.005949 0.026067 0.185863 0.770851 0.011270
3 2 0.006937 0.029042 0.170805 0.780358 0.012859
3 2 0.007650 0.030782 0.188910 0.758498 0.014160
3 2 0.007182 0.029757 0.169431 0.780362 0.013269
3 2 0.007571 0.029545 0.189684 0.759596 0.013604
3 2 0.006575 0.028486 0.202193 0.750000 0.012745
3 2 0.007168 0.032516 0.287512 0.657114 0.015691
3 2 0.006770 0.029927 0.303460 0.645392 0.014451
3 2 0.008748 0.035371 0.433026 0.502948 0.019907
2 2 0.011821 0.039520 0.516675 0.406200 0.025784
2 2 0.027343 0.067232 0.750177 0.114250 0.040999
2 0 0.198147 0.181659 0.350763 0.078346 0.191085
0 0 0.425519 0.133062 0.098906 0.045772 0.296740
4 1 0.383134 0.095957 0.054501 0.031180 0.435228
4 1 0.178312 0.232942 0.187765 0.026321 0.374659
4 1 0.163085 0.269672 0.252214 0.025452 0.289577
2 2 0.095260 0.217956 0.517775 0.034800 0.134209
2 2 0.027596 0.095616 0.824276 0.021345 0.031168
2 2 0.017105 0.063149 0.883497 0.017028 0.019220
2 2 0.018404 0.066651 0.875981 0.018177 0.020787
2 2 0.030470 0.094957 0.809061 0.029588 0.035925
2 2 0.062670 0.163066 0.658364 0.033613 0.082288
2 4 0.123458 0.239130 0.407206 0.037657 0.192549
4 4 0.173286 0.249164 0.218917 0.038133 0.320500
4 4 0.179432 0.233166 0.192498 0.039473 0.355431
4 4 0.173706 0.248216 0.217030 0.037664 0.323384
4 4 0.173594 0.248347 0.218196 0.039981 0.319881
4 4 0.174198 0.246892 0.215934 0.040832 0.322144
4 4 0.174986 0.245084 0.212450 0.040048 0.327433
4 4 0.176213 0.242049 0.207185 0.039933 0.334619
4 4 0.172735 0.250454 0.220835 0.037149 0.318826
4 4 0.170639 0.254893 0.229541 0.038233 0.306695
4 4 0.167989 0.260371 0.239053 0.035829 0.296758
4 4 0.189169 0.184081 0.126442 0.038032 0.462276
4 4 0.187524 0.143062 0.083752 0.032454 0.553208
4 4 0.183527 0.131993 0.073223 0.024547 0.586711
4 4 0.186040 0.138575 0.079374 0.029002 0.567009
4 4 0.189807 0.155687 0.096396 0.038877 0.519233
4 4 0.186628 0.204284 0.151086 0.038413 0.419589
4 4 0.177134 0.239525 0.201644 0.036235 0.345461
4 4 0.175698 0.243290 0.207607 0.035396 0.338009
4 4 0.181488 0.225172 0.178527 0.033477 0.381336
4 4 0.183792 0.217177 0.167918 0.036408 0.394705
4 4 0.179541 0.232499 0.190461 0.036360 0.361138
2 4 0.158397 0.272280 0.274143 0.037216 0.257963
2 4 0.108463 0.269874 0.450894 0.030387 0.140382
2 2 0.063503 0.199189 0.638295 0.027418 0.071594
2 2 0.043420 0.158440 0.733368 0.018031 0.046741
2 2 0.043972 0.167280 0.726549 0.015795 0.046404
2 2 0.058613 0.210446 0.650357 0.018164 0.062420
2 2 0.057751 0.207108 0.655256 0.018291 0.061594
2 2 0.044497 0.170664 0.722711 0.015376 0.046752
2 2 0.024539 0.102461 0.835434 0.011953 0.025612
2 2 0.016411 0.068921 0.885813 0.011429 0.017426
2 2 0.016846 0.069272 0.883624 0.012222 0.018037
2 2 0.030168 0.123261 0.802268 0.012840 0.031462
2 2 0.257502 0.251202 0.350952 0.040421 0.099923
0 2 0.832909 0.040433 0.044417 0.044248 0.037993
0 2 0.954481 0.008312 0.008213 0.017328 0.011666
0 2 0.950796 0.008846 0.008585 0.018819 0.012954
0 2 0.921408 0.015805 0.014199 0.021680 0.026907
0 2 0.666385 0.094436 0.091225 0.035121 0.112832
4 2 0.289732 0.200597 0.168025 0.034424 0.307221
4 2 0.186077 0.201264 0.145630 0.030939 0.436091
4 2 0.180676 0.226151 0.178635 0.029137 0.385401
2 2 0.146925 0.291458 0.310509 0.030007 0.221101
4 2 0.234650 0.234209 0.218320 0.046609 0.266213
0 2 0.329869 0.231994 0.271476 0.019367 0.147293
0 2 0.446584 0.157396 0.218656 0.058364 0.118999
0 2 0.629906 0.094430 0.080538 0.039603 0.155523
0 0 0.467695 0.147069 0.126411 0.035314 0.223511
4 1 0.269124 0.222900 0.199897 0.027257 0.280821
4 1 0.185457 0.172170 0.110632 0.021433 0.510307
4 2 0.182099 0.201802 0.143147 0.018174 0.454778
0 2 0.353674 0.209056 0.209389 0.025532 0.202349
0 2 0.542162 0.140973 0.153849 0.045382 0.117634
0 2 0.816458 0.045490 0.048170 0.043427 0.046454
0 2 0.875150 0.024933 0.026131 0.046087 0.027699
0 2 0.902032 0.018435 0.019605 0.039703 0.020225
0 2 0.927809 0.012085 0.010954 0.028462 0.020691
0 0 0.858088 0.031810 0.029759 0.034238 0.046104
0 1 0.501306 0.151971 0.147885 0.031415 0.167423
4 1 0.195025 0.222224 0.176094 0.028690 0.377966
4 1 0.176224 0.116657 0.060000 0.016408 0.630711
2 1 0.152893 0.285608 0.286475 0.022172 0.252852
2 2 0.064842 0.228043 0.618925 0.018935 0.069254
2 2 0.034145 0.142036 0.776621 0.012115 0.035084
2 2 0.020823 0.097846 0.852346 0.008220 0.020765
2 2 0.016459 0.081332 0.879063 0.006919 0.016227
2 2 0.021143 0.095097 0.852843 0.009424 0.021493
2 2 0.141813 0.159967 0.606947 0.036773 0.054500
0 2 0.879706 0.025210 0.032226 0.046115 0.016742
0 2 0.939148 0.007977 0.008942 0.035720 0.008212
0 2 0.971640 0.002709 0.002661 0.018729 0.004261
0 2 0.961109 0.003887 0.003913 0.025494 0.005597
0 2 0.970585 0.003002 0.002792 0.018232 0.005390
0 2 0.964278 0.003239 0.002806 0.022702 0.006974
0 2 0.846168 0.037447 0.043196 0.041974 0.031215
0 2 0.377225 0.206333 0.303492 0.038091 0.074860
2 2 0.185521 0.281236 0.336873 0.035366 0.161003
2 2 0.219008 0.256110 0.260786 0.036426 0.227670
2 2 0.162735 0.292107 0.373631 0.028688 0.142839
2 2 0.062393 0.230139 0.625715 0.016401 0.065352
2 2 0.040640 0.170041 0.736306 0.011772 0.041242
2 2 0.035050 0.139655 0.774761 0.013856 0.036678
2 2 0.041849 0.142498 0.755222 0.018456 0.041975
0 2 0.449041 0.169560 0.218007 0.072583 0.090809
0 2 0.916441 0.019241 0.021561 0.024544 0.018213
0 2 0.944458 0.010682 0.011349 0.021310 0.012202
0 2 0.910316 0.020234 0.021701 0.026365 0.021384
0 2 0.565667 0.139175 0.169807 0.038284 0.087068
2 2 0.178678 0.288694 0.359630 0.025348 0.147649
2 2 0.135144 0.303070 0.346883 0.026147 0.188756
2 2 0.103850 0.315921 0.441526 0.023755 0.114947
2 2 0.061031 0.213753 0.640157 0.019489 0.065572
2 2 0.051251 0.189924 0.687742 0.016836 0.054246
2 2 0.032891 0.135694 0.784975 0.012446 0.033993
2 2 0.040171 0.161195 0.743599 0.013451 0.041584
2 2 0.031904 0.133241 0.790029 0.011984 0.032842
2 2 0.028637 0.120244 0.809754 0.011789 0.029576
2 2 0.026385 0.112936 0.822463 0.011090 0.027127
2 2 0.025062 0.110736 0.828707 0.010031 0.025463
2 2 0.019029 0.084936 0.866936 0.009586 0.019513
2 2 0.013161 0.056444 0.905929 0.010478 0.013988
2 2 0.011409 0.043167 0.917392 0.015111 0.012922
2 2 0.013042 0.043060 0.905066 0.023218 0.015614
2 2 0.012704 0.043514 0.908101 0.020706 0.014975
2 2 0.048286 0.139912 0.735539 0.027282 0.048981
0 2 0.434066 0.182258 0.252772 0.051873 0.079031
0 2 0.902696 0.022806 0.030267 0.030456 0.013775
0 2 0.967837 0.006161 0.006780 0.012543 0.006679
0 2 0.969087 0.005161 0.004880 0.012460 0.008412
0 0 0.947120 0.010679 0.009764 0.014580 0.017858
0 0 0.893256 0.019117 0.014724 0.025183 0.047720
0 0 0.782326 0.023639 0.012928 0.040461 0.140646
4 0 0.437373 0.057940 0.026884 0.016371 0.461433
4 1 0.316213 0.092177 0.047889 0.024490 0.519231
4 1 0.223445 0.233948 0.204790 0.028838 0.308979
2 1 0.133813 0.304081 0.351003 0.026021 0.185083
2 2 0.108652 0.313514 0.427453 0.028200 0.122182
2 2 0.051598 0.200434 0.680081 0.014469 0.053418
2 2 0.037699 0.152166 0.757815 0.013260 0.039060
2 2 0.039797 0.157320 0.747267 0.014112 0.041503
2 2 0.296304 0.189838 0.370360 0.059200 0.084298
0 2 0.814115 0.044334 0.050373 0.053224 0.037954
0 2 0.928395 0.012410 0.011757 0.028526 0.018911
0 0 0.621012 0.116771 0.136526 0.042199 0.083492
2 1 0.186665 0.282615 0.395047 0.027702 0.107971
2 2 0.116722 0.314144 0.402472 0.022784 0.143878
2 2 0.098121 0.255581 0.493291 0.026483 0.126524
2 2 0.050684 0.169393 0.700904 0.022259 0.056760
2 2 0.034407 0.116826 0.787210 0.022787 0.038771
2 2 0.026642 0.090909 0.829753 0.022341 0.030355
2 2 0.013090 0.048620 0.907185 0.016251 0.014855
2 2 0.009519 0.037534 0.929264 0.013014 0.010669
2 2 0.007112 0.027690 0.944094 0.012981 0.008124
2 2 0.008955 0.036642 0.932973 0.011531 0.009898
2 2 0.009202 0.037032 0.931352 0.012178 0.010236
2 2 0.008354 0.035399 0.936862 0.010268 0.009118
2 2 0.008190 0.037295 0.937638 0.008217 0.008659
2 2 0.021685 0.077817 0.857165 0.018934 0.024399
2 2 0.160939 0.245106 0.394321 0.046100 0.153534
4 1 0.244894 0.231110 0.213742 0.041676 0.268578
2 1 0.134293 0.301952 0.350604 0.031329 0.181822
2 2 0.118407 0.311980 0.398187 0.026479 0.144948
2 1 0.044850 0.152648 0.730393 0.022359 0.049750
2 2 0.034113 0.130393 0.783272 0.015787 0.036435
2 2 0.050542 0.193400 0.688069 0.015234 0.052755
0 2 0.378795 0.198493 0.242930 0.062335 0.117448
0 2 0.841727 0.034071 0.030644 0.039135 0.054424
0 2 0.956139 0.006200 0.004995 0.017528 0.015138
0 2 0.921260 0.015652 0.014850 0.025018 0.023220
0 2 0.919052 0.014366 0.011998 0.024727 0.029858
0 2 0.700858 0.064368 0.051272 0.051132 0.132369
4 1 0.293117 0.169860 0.126126 0.047788 0.363109
4 1 0.189455 0.150137 0.090998 0.038713 0.530697
4 1 0.189330 0.152409 0.093011 0.037144 0.528106
2 2 0.145670 0.281967 0.317108 0.044070 0.211184
2 2 0.053420 0.172557 0.688149 0.025807 0.060067
2 2 0.032735 0.115189 0.795272 0.020416 0.036389
2 2 0.057462 0.199983 0.660249 0.020148 0.062158
2 2 0.069902 0.257171 0.584229 0.015968 0.072731
2 1 0.092586 0.300900 0.485704 0.019978 0.100832
2 2 0.120319 0.312537 0.391737 0.023454 0.151953
2 2 0.150986 0.286170 0.298016 0.033312 0.231515
2 2 0.128471 0.280396 0.378167 0.032547 0.180420
4 2 0.164559 0.265790 0.252727 0.040453 0.276471
2 2 0.102071 0.244976 0.484327 0.028083 0.140543
2 2 0.026720 0.104012 0.825702 0.014897 0.028669
2 2 0.065410 0.208968 0.626946 0.025692 0.072984
2 2 0.148497 0.292819 0.374756 0.044619 0.139309
0 2 0.427580 0.157051 0.149785 0.082304 0.183280
0 1 0.618100 0.075195 0.053396 0.049732 0.203578
0 1 0.381132 0.128414 0.087414 0.045097 0.357943
4 1 0.275069 0.183928 0.140098 0.038441 0.362464
4 1 0.190289 0.205551 0.151615 0.029339 0.423207
2 1 0.131518 0.307682 0.379180 0.024106 0.157515
2 2 0.085023 0.275603 0.524580 0.022320 0.092473
2 2 0.067490 0.222711 0.612784 0.022980 0.074035
2 2 0.082701 0.278600 0.530244 0.019918 0.088537
2 2 0.141855 0.299036 0.423158 0.027799 0.108152
0 2 0.366382 0.196111 0.224999 0.075009 0.137498
0 2 0.806052 0.028140 0.020232 0.063443 0.082134
0 0 0.732170 0.047536 0.035544 0.065626 0.119124
0 0 0.565741 0.102327 0.083337 0.059812 0.188783
4 1 0.242486 0.201823 0.159257 0.039218 0.357216
4 1 0.212631 0.172433 0.115105 0.029605 0.470226
4 1 0.224449 0.212303 0.167382 0.025870 0.369997
4 0 0.199743 0.161273 0.101180 0.023097 0.514707
4 0 0.171934 0.099289 0.046903 0.010526 0.671348
4 0 0.141005 0.069159 0.027055 0.003542 0.759238
4 1 0.111130 0.042803 0.013430 0.000971 0.831665
4 1 0.112137 0.043561 0.013775 0.001017 0.829510
4 0 0.110954 0.042672 0.013371 0.000963 0.832040
4 0 0.161871 0.046244 0.015547 0.001773 0.774565
4 0 0.195434 0.043389 0.014564 0.001981 0.744633
4 0 0.112487 0.043826 0.013896 0.001034 0.828757
4 0 0.108430 0.040811 0.012538 0.000857 0.837364
4 0 0.098272 0.033805 0.009568 0.000524 0.857831
4 0 0.086737 0.026732 0.006844 0.000286 0.879401
4 0 0.076334 0.021101 0.004892 0.000157 0.897517
4 0 0.079278 0.022625 0.005400 0.000187 0.892509
4 0 0.092672 0.030259 0.008166 0.000394 0.868509
4 0 0.166503 0.038389 0.012018 0.001248 0.781841
4 0 0.281005 0.053328 0.020763 0.005300 0.639604
4 0 0.428930 0.050345 0.021680 0.011109 0.487936
4 0 0.379772 0.061955 0.028031 0.013456 0.516786
4 0 0.311140 0.050260 0.019533 0.005564 0.613503
4 0 0.279628 0.035456 0.011653 0.002205 0.671059
4 0 0.276117 0.040136 0.013834 0.002799 0.667114
4 0 0.211394 0.042745 0.014425 0.002138 0.729298
4 0 0.199557 0.041577 0.013758 0.001864 0.743245
4 1 0.148124 0.045364 0.014982 0.001527 0.790003
4 1 0.149524 0.073965 0.029988 0.004419 0.742103
4 0 0.208258 0.084362 0.038026 0.009358 0.659996
4 1 0.192676 0.142159 0.083392 0.033334 0.548439
4 1 0.192935 0.190966 0.134301 0.032774 0.449024
2 1 0.151773 0.286758 0.292589 0.025526 0.243354
2 1 0.126204 0.310093 0.373376 0.022537 0.167790
2 2 0.095761 0.318221 0.464916 0.019173 0.101928
2 2 0.070125 0.270853 0.574134 0.013580 0.071308
2 2 0.056394 0.228952 0.645454 0.012321 0.056879
2 2 0.089531 0.260649 0.551266 0.019644 0.078909
2 2 0.283099 0.239473 0.324552 0.048376 0.104500
0 2 0.722124 0.068934 0.072358 0.067083 0.069500
0 2 0.863488 0.030461 0.030215 0.037667 0.038169
0 2 0.707674 0.077002 0.090227 0.067329 0.057769
0 2 0.531941 0.143647 0.164276 0.053888 0.106249
2 2 0.159241 0.290754 0.391539 0.037016 0.121449
2 2 0.092106 0.278610 0.503195 0.025770 0.100318
2 2 0.097879 0.244852 0.529573 0.032734 0.094962
2 2 0.231232 0.258661 0.312413 0.048626 0.149069
0 2 0.372093 0.197810 0.198042 0.037363 0.194692
2 2 0.121594 0.311687 0.395409 0.024199 0.147112
2 2 0.099779 0.317136 0.453345 0.021681 0.108060
2 2 0.180246 0.280978 0.361555 0.043299 0.133922
0 2 0.609014 0.118166 0.130771 0.044761 0.097288
0 0 0.862649 0.032099 0.028775 0.024874 0.051603
0 1 0.555824 0.129444 0.120064 0.029985 0.164683
4 1 0.309233 0.119459 0.070687 0.029662 0.470958
4 1 0.127951 0.056585 0.020141 0.002045 0.793278
4 0 0.124055 0.053169 0.018391 0.001729 0.802656
4 1 0.124829 0.053837 0.018729 0.001788 0.800817
4 1 0.135830 0.063951 0.024102 0.002854 0.773263
4 1 0.155463 0.085581 0.037199 0.006467 0.715290
4 1 0.185867 0.138087 0.078907 0.028648 0.568492
4 1 0.176145 0.242226 0.206533 0.037328 0.337769
2 2 0.134619 0.300855 0.349801 0.033833 0.180891
2 2 0.073385 0.237909 0.584312 0.023701 0.080693
2 2 0.050999 0.189527 0.688851 0.016698 0.053925
2 2 0.053545 0.197490 0.675355 0.016967 0.056643
2 2 0.042149 0.156840 0.738968 0.016998 0.045045
2 2 0.057539 0.202323 0.658702 0.019493 0.061943
0 2 0.307533 0.224169 0.306336 0.056596 0.105366
0 2 0.833045 0.040377 0.045869 0.045897 0.034812
0 2 0.960778 0.005096 0.004057 0.017020 0.013048
0 0 0.876587 0.026040 0.023768 0.032662 0.040943
0 1 0.577433 0.120902 0.115920 0.042404 0.143341
0 1 0.451834 0.153907 0.139332 0.050260 0.204667
0 2 0.550687 0.096093 0.069999 0.046881 0.236340
0 2 0.899651 0.016440 0.013064 0.032291 0.038553
0 0 0.899007 0.017296 0.013754 0.029697 0.040247
0 0 0.685260 0.064091 0.048854 0.054100 0.147695
4 0 0.333420 0.101090 0.056507 0.036239 0.472744
4 1 0.153543 0.083218 0.035661 0.005967 0.721611
4 1 0.169937 0.105884 0.051531 0.012144 0.660503
4 1 0.180496 0.125115 0.067112 0.020551 0.606727
4 1 0.189490 0.170549 0.111188 0.035802 0.492971
4 1 0.189255 0.189085 0.133168 0.043295 0.445197
4 1 0.188967 0.193451 0.139140 0.047253 0.431190
4 4 0.190606 0.157922 0.099187 0.043973 0.508312
4 4 0.186492 0.139882 0.080633 0.029970 0.563023
4 4 0.160562 0.092188 0.041640 0.008028 0.697582
4 4 0.129392 0.057885 0.020821 0.002175 0.789727
4 4 0.102933 0.036926 0.010859 0.000659 0.848624
4 4 0.082247 0.024217 0.005947 0.000222 0.887366
4 4 0.077663 0.021782 0.005117 0.000170 0.895268
4 4 0.074608 0.020233 0.004609 0.000141 0.900409
4 4 0.075573 0.020716 0.004766 0.000149 0.898795
4 4 0.072892 0.019388 0.004339 0.000126 0.903254
4 4 0.070797 0.018380 0.004024 0.000110 0.906688
4 4 0.070650 0.018310 0.004002 0.000109 0.906928
4 4 0.077311 0.021601 0.005057 0.000166 0.895865
4 4 0.079960 0.022986 0.005523 0.000195 0.891337
4 4 0.084577 0.025506 0.006402 0.000254 0.883261
4 4 0.083120 0.024696 0.006115 0.000234 0.885836
4 4 0.105100 0.038430 0.011500 0.000732 0.844238
4 4 0.136448 0.064557 0.024439 0.002929 0.771628
4 4 0.140264 0.068394 0.026613 0.003435 0.761294
4 4 0.089644 0.028431 0.007471 0.000335 0.874118
4 4 0.078653 0.022297 0.005289 0.000180 0.893581
4 4 0.088566 0.027794 0.007234 0.000316 0.876090
4 4 0.087009 0.026888 0.006901 0.000291 0.878912
4 4 0.099560 0.034652 0.009913 0.000559 0.855316
4 4 0.095383 0.031949 0.008825 0.000453 0.863390
4 4 0.093392 0.030703 0.008338 0.000409 0.867158
4 4 0.088781 0.027920 0.007281 0.000320 0.875698
4 4 0.097985 0.033618 0.009492 0.000517 0.858388
4 4 0.108887 0.041144 0.012686 0.000875 0.836407
4 4 0.104191 0.037795 0.011228 0.000701 0.846085
4 4 0.109385 0.041509 0.012849 0.000896 0.835361
4 4 0.114207 0.045144 0.014504 0.001118 0.825027
4 0 0.107594 0.040205 0.012272 0.000824 0.839105
4 4 0.126666 0.055442 0.019549 0.001935 0.796407
4 4 0.144975 0.073374 0.029539 0.004177 0.747934
4 4 0.166495 0.100584 0.047591 0.010396 0.674934
4 4 0.151948 0.081301 0.034433 0.005582 0.726736
4 4 0.126720 0.055490 0.019574 0.001940 0.796277
4 4 0.109304 0.041449 0.012822 0.000892 0.835532
4 4 0.083597 0.024960 0.006208 0.000240 0.884995
4 4 0.078943 0.022449 0.005340 0.000183 0.893084
4 4 0.086247 0.026452 0.006742 0.000279 0.880281
4 4 0.099290 0.034474 0.009840 0.000551 0.855845
4 4 0.097091 0.033039 0.009259 0.000494 0.860117
4 4 0.101048 0.035645 0.010323 0.000601 0.852382
4 4 0.112968 0.044192 0.014064 0.001057 0.827720
4 4 0.108235 0.040669 0.012476 0.000849 0.837771
4 4 0.105880 0.038980 0.011737 0.000760 0.842643
4 4 0.103539 0.037343 0.011035 0.000679 0.847403
4 4 0.100464 0.035254 0.010160 0.000584 0.853538
4 4 0.095495 0.032020 0.008853 0.000455 0.863177
4 4 0.090668 0.029042 0.007701 0.000354 0.872234
4 4 0.090171 0.028744 0.007589 0.000345 0.873152
4 4 0.090101 0.028702 0.007573 0.000344 0.873280
4 4 0.094077 0.031129 0.008503 0.000423 0.865868
4 4 0.087896 0.027402 0.007089 0.000305 0.877307
4 4 0.090221 0.028774 0.007600 0.000346 0.873060
4 4 0.082122 0.024149 0.005923 0.000221 0.887585
4 4 0.087577 0.027217 0.007021 0.000300 0.877885
4 4 0.079222 0.022596 0.005390 0.000186 0.892606
4 4 0.081043 0.023565 0.005721 0.000207 0.889464
4 4 0.079210 0.022589 0.005388 0.000186 0.892627
4 4 0.085243 0.025881 0.006536 0.000263 0.882076
4 4 0.086082 0.026357 0.006708 0.000276 0.880578
4 4 0.090693 0.029057 0.007707 0.000355 0.872189
4 4 0.105072 0.038410 0.011491 0.000731 0.844296
4 4 0.126251 0.055076 0.019361 0.001901 0.797411
4 4 0.151059 0.080249 0.033767 0.005379 0.729546
4 4 0.132912 0.061148 0.022564 0.002524 0.780851
4 4 0.115625 0.046248 0.015020 0.001192 0.821915
4 4 0.097647 0.033399 0.009404 0.000508 0.859042
4 4 0.083025 0.024644 0.006096 0.000232 0.886002
4 4 0.081162 0.023629 0.005743 0.000209 0.889258
4 4 0.093785 0.030947 0.008432 0.000417 0.866420
4 4 0.123376 0.052589 0.018100 0.001679 0.804256
4 4 0.155133 0.085171 0.036930 0.006378 0.716387
4 4 0.185095 0.135978 0.076910 0.027163 0.574854
4 4 0.172279 0.109712 0.054468 0.013543 0.649999
4 4 0.165885 0.099681 0.046934 0.010119 0.677381
4 4 0.150414 0.079494 0.033292 0.005236 0.731564
4 4 0.150480 0.079572 0.033341 0.005251 0.731356
4 4 0.166099 0.099997 0.047163 0.010215 0.676526
4 4 0.182497 0.129551 0.071018 0.023056 0.593878
4 4 0.189449 0.189191 0.133770 0.046120 0.441470
4 4 0.188429 0.197325 0.144142 0.048201 0.421903
4 4 0.178336 0.236232 0.199064 0.044559 0.341808
4 4 0.168086 0.260005 0.239182 0.037554 0.295172
4 4 0.170919 0.254517 0.227148 0.034512 0.312904
4 0 0.161812 0.270684 0.249522 0.018394 0.299587
4 1 0.177392 0.235330 0.190993 0.025206 0.371078
4 1 0.189234 0.165996 0.106215 0.034274 0.504281
4 1 0.169855 0.105755 0.051433 0.012099 0.660858
4 1 0.172549 0.110165 0.054821 0.013717 0.648748
4 1 0.169082 0.104534 0.050513 0.011679 0.664193
4 1 0.155890 0.086116 0.037551 0.006584 0.713859
4 1 0.155371 0.085466 0.037124 0.006442 0.715597
4 1 0.156597 0.087008 0.038140 0.006783 0.711471
4 1 0.176587 0.117334 0.060553 0.016712 0.628814
4 1 0.188485 0.146346 0.087061 0.035225 0.542883
4 2 0.177334 0.239123 0.202296 0.039983 0.341265
1 2 0.161813 0.270204 0.262426 0.040203 0.265354
2 2 0.144088 0.293065 0.320411 0.034345 0.208091
2 2 0.131562 0.304974 0.358454 0.027873 0.177138
2 2 0.100562 0.284117 0.470006 0.026714 0.118600
2 2 0.056760 0.191369 0.667187 0.022334 0.062350
2 2 0.044463 0.152885 0.731865 0.021673 0.049115
2 2 0.040502 0.143750 0.751656 0.019762 0.044330
2 2 0.047914 0.173565 0.708803 0.018264 0.051454
2 2 0.097093 0.287887 0.478275 0.027851 0.108895
2 2 0.156053 0.290989 0.381842 0.041064 0.130053
2 2 0.210910 0.265963 0.327084 0.050874 0.145169
2 2 0.103130 0.315969 0.443631 0.023974 0.113297
2 2 0.047147 0.175139 0.710715 0.016901 0.050098
2 2 0.016177 0.069494 0.886667 0.010647 0.017014
2 2 0.013785 0.059158 0.901931 0.010511 0.014616
2 2 0.016862 0.073268 0.881947 0.010316 0.017607
2 2 0.014192 0.063425 0.898324 0.009307 0.014751
2 2 0.011614 0.053288 0.914659 0.008398 0.012042
2 2 0.011087 0.046361 0.919437 0.011098 0.012016
2 2 0.010412 0.041210 0.923754 0.013021 0.011603
2 2 0.010453 0.041657 0.923521 0.012759 0.011611
2 2 0.011354 0.045872 0.917923 0.012365 0.012486
2 2 0.009272 0.039592 0.930925 0.010174 0.010037
2 2 0.010700 0.044656 0.921907 0.011113 0.011625
2 2 0.015459 0.060765 0.892890 0.013921 0.016965
2 2 0.059211 0.190548 0.658306 0.025665 0.066270
2 2 0.115462 0.312245 0.407178 0.027981 0.137135
2 2 0.106323 0.316600 0.433760 0.022310 0.121007
2 2 0.152901 0.296064 0.410624 0.027023 0.113388
2 2 0.288706 0.236393 0.297724 0.051982 0.125195
0 1 0.508437 0.152908 0.190377 0.058133 0.090144
0 1 0.478694 0.160786 0.205193 0.066905 0.088421
0 1 0.468257 0.176292 0.237350 0.035516 0.082584
2 1 0.100394 0.307295 0.511647 0.010841 0.069822
2 2 0.047744 0.195195 0.696120 0.012435 0.048506
2 2 0.047838 0.185568 0.702103 0.014704 0.049787
2 2 0.063476 0.222630 0.626704 0.019212 0.067978
2 2 0.037390 0.154151 0.757666 0.012410 0.038383
2 2 0.035376 0.132113 0.777437 0.016960 0.038114
2 2 0.060897 0.226158 0.633111 0.016145 0.063688
2 2 0.022802 0.103976 0.841214 0.009062 0.022946
2 2 0.014123 0.061758 0.899344 0.009946 0.014829
2 2 0.008834 0.037203 0.933776 0.010543 0.009644
2 2 0.009366 0.036082 0.929998 0.013937 0.010617
2 2 0.010971 0.037807 0.918274 0.019962 0.012986
2 2 0.009894 0.032391 0.922681 0.022990 0.012043
2 2 0.010425 0.031018 0.914497 0.030844 0.013215
2 2 0.010039 0.028490 0.913111 0.035337 0.013022
2 2 0.009905 0.032037 0.922096 0.023842 0.012120
2 2 0.012414 0.040862 0.908520 0.023288 0.014915
2 1 0.021384 0.076126 0.858942 0.019384 0.024164
2 2 0.014128 0.055907 0.900931 0.013511 0.015523
2 2 0.009692 0.039380 0.928314 0.011906 0.010708
2 2 0.006589 0.022107 0.943094 0.020132 0.008079
2 2 0.006072 0.017874 0.938688 0.029441 0.007926
2 2 0.005584 0.016077 0.939896 0.031053 0.007390
2 2 0.006851 0.018557 0.926950 0.038409 0.009233
2 2 0.007656 0.019018 0.906138 0.056286 0.010901
2 2 0.010832 0.027191 0.833891 0.110889 0.017197
2 2 0.010424 0.026393 0.837609 0.109018 0.016556
2 2 0.011049 0.028463 0.876112 0.068400 0.015976
2 2 0.010287 0.028776 0.910516 0.037006 0.013415
2 2 0.011343 0.030968 0.902511 0.040291 0.014887
2 2 0.011770 0.030746 0.895622 0.046132 0.015730
2 2 0.011918 0.030555 0.892650 0.048825 0.016053
2 2 0.011159 0.026643 0.878019 0.068205 0.015974
2 2 0.010832 0.027164 0.879083 0.067333 0.015588
2 2 0.010426 0.027455 0.785093 0.159064 0.017962
2 2 0.009405 0.026719 0.651000 0.294040 0.018836
2 2 0.007812 0.024983 0.631210 0.319605 0.016389
2 2 0.008169 0.024114 0.660298 0.290866 0.016553
2 2 0.009596 0.025521 0.730797 0.216316 0.017771
2 2 0.009108 0.025033 0.866316 0.085491 0.014052
2 2 0.009627 0.025172 0.901122 0.050784 0.013296
2 2 0.009937 0.027887 0.912731 0.036484 0.012961
2 2 0.011979 0.033323 0.900763 0.038383 0.015552
2 2 0.018808 0.052532 0.864906 0.039892 0.023862
2 2 0.022511 0.071550 0.851767 0.027463 0.026709
2 2 0.013250 0.044133 0.904180 0.022650 0.015787
2 2 0.010059 0.030989 0.918725 0.027654 0.012573
2 2 0.009107 0.023023 0.906295 0.049078 0.012497
2 2 0.009349 0.021241 0.888514 0.067449 0.013447
2 2 0.007513 0.018756 0.890302 0.072184 0.011246
2 2 0.007690 0.020906 0.913911 0.046816 0.010676
2 2 0.007336 0.020833 0.927374 0.034753 0.009704
2 2 0.008081 0.022734 0.895531 0.061817 0.011837
2 2 0.008582 0.023320 0.863150 0.091490 0.013458
2 2 0.009115 0.024499 0.771396 0.178708 0.016282
2 2 0.009865 0.026750 0.753051 0.192512 0.017822
2 2 0.010204 0.027750 0.722031 0.221061 0.018954
2 2 0.009875 0.025919 0.714832 0.230889 0.018485
2 2 0.009205 0.024919 0.676626 0.271230 0.018019
2 2 0.008274 0.023631 0.672740 0.278831 0.016524
2 2 0.008098 0.025988 0.622332 0.326540 0.017042
2 2 0.007779 0.024193 0.645416 0.306501 0.016111
2 2 0.007628 0.026226 0.599690 0.349928 0.016528
2 2 0.008256 0.026846 0.611814 0.335591 0.017494
2 2 0.008068 0.027242 0.597341 0.349971 0.017378
2 2 0.008523 0.026278 0.631698 0.315852 0.017648
2 2 0.008301 0.025543 0.637853 0.311149 0.017154
2 2 0.006811 0.023166 0.628073 0.327335 0.014615
2 2 0.006049 0.022104 0.615614 0.342886 0.013347
2 2 0.006486 0.025596 0.560189 0.392854 0.014875
2 2 0.006289 0.026268 0.534926 0.417725 0.014791
2 2 0.006339 0.026946 0.522956 0.428722 0.015037
2 2 0.006026 0.026295 0.519076 0.434166 0.014437
2 2 0.006471 0.026396 0.542059 0.410005 0.015070
2 2 0.006555 0.027637 0.520131 0.430163 0.015513
3 2 0.007031 0.030435 0.436466 0.509799 0.016269
3 2 0.005983 0.029451 0.394443 0.555510 0.014613
3 2 0.005381 0.027743 0.369122 0.584579 0.013175
3 2 0.005052 0.026574 0.446484 0.508775 0.013115
3 2 0.006047 0.028942 0.462613 0.487260 0.015138
2 2 0.006502 0.029467 0.478888 0.469229 0.015915
3 2 0.006903 0.031664 0.457314 0.487075 0.017044
3 2 0.007690 0.037434 0.393811 0.541421 0.019644
3 2 0.007543 0.037573 0.384027 0.551392 0.019465
3 2 0.009249 0.039117 0.348868 0.581825 0.020940
3 2 0.007872 0.036728 0.350135 0.586417 0.018848
3 2 0.007198 0.033177 0.395100 0.547289 0.017235
2 2 0.007202 0.030830 0.489328 0.455397 0.017243
2 2 0.006134 0.027737 0.493896 0.457275 0.014958
3 2 0.005762 0.027598 0.473526 0.478717 0.014396
3 2 0.004906 0.025546 0.459703 0.497187 0.012658
2 2 0.005253 0.025498 0.486891 0.469208 0.013150
2 2 0.007190 0.030073 0.503547 0.442165 0.017025
2 2 0.011611 0.032304 0.723262 0.211592 0.021231
2 2 0.056573 0.090956 0.727822 0.075311 0.049338
2 0 0.262975 0.241478 0.282806 0.059223 0.153518
2 1 0.242492 0.256022 0.347405 0.044659 0.109422
0 2 0.367160 0.204408 0.265144 0.059796 0.103491
0 2 0.704922 0.087538 0.104467 0.041724 0.061350
0 2 0.870366 0.029583 0.033282 0.039896 0.026873
0 2 0.843861 0.031192 0.034230 0.060454 0.030263
0 2 0.647422 0.107209 0.133193 0.045892 0.066284
2 2 0.149555 0.294106 0.448017 0.020518 0.087804
2 2 0.105546 0.314977 0.436583 0.025750 0.117144
2 2 0.098439 0.242357 0.493165 0.048398 0.117641
2 2 0.193533 0.277037 0.343791 0.039969 0.145670
2 2 0.095044 0.308286 0.473361 0.020917 0.102392
2 2 0.075723 0.251163 0.569151 0.021763 0.082200
2 2 0.093519 0.261175 0.505075 0.028104 0.112128
2 2 0.107262 0.316734 0.430816 0.021828 0.123361
2 2 0.065892 0.230732 0.613820 0.019116 0.070441
2 2 0.057675 0.201207 0.658834 0.019979 0.062305
2 2 0.044405 0.151153 0.732791 0.022369 0.049282
2 2 0.054451 0.173029 0.684148 0.026536 0.061835
2 2 0.070216 0.208559 0.611637 0.026263 0.083325
2 2 0.094785 0.237104 0.511266 0.034392 0.122453
2 2 0.110092 0.253496 0.451427 0.035008 0.149978
2 2 0.116612 0.273879 0.420858 0.034473 0.154178
2 2 0.137014 0.292815 0.340468 0.051577 0.178126
0 2 0.485032 0.135960 0.126086 0.078878 0.174043
0 2 0.911902 0.010131 0.007117 0.036647 0.034203
0 2 0.876040 0.020000 0.016588 0.045878 0.041494
2 2 0.283666 0.241411 0.321719 0.043461 0.109743
2 2 0.114155 0.311094 0.435471 0.025780 0.113500
2 2 0.078256 0.198954 0.577187 0.049846 0.095757
2 2 0.033925 0.130885 0.783758 0.015338 0.036093
2 2 0.055850 0.181873 0.674891 0.024988 0.062398
2 2 0.053781 0.173474 0.686359 0.025898 0.060488
2 2 0.097067 0.228729 0.506960 0.034997 0.132246
4 2 0.185539 0.210933 0.160451 0.040990 0.402086
4 2 0.181032 0.227999 0.184182 0.038376 0.368411
4 2 0.188814 0.190438 0.134252 0.040229 0.446266
0 2 0.350287 0.163944 0.127256 0.042155 0.316358
0 2 0.455905 0.129999 0.098595 0.039327 0.276175
2 2 0.173721 0.283056 0.304196 0.026687 0.212339
2 2 0.145300 0.293393 0.315478 0.028968 0.216862
2 2 0.148976 0.288161 0.304755 0.034310 0.223798
2 2 0.131483 0.301812 0.359319 0.036740 0.170646
0 2 0.278427 0.229242 0.243060 0.059182 0.190088
0 2 0.737736 0.062559 0.055320 0.045856 0.098529
0 0 0.817940 0.038687 0.031801 0.034744 0.076827
0 0 0.665175 0.062529 0.042258 0.034933 0.195105
4 0 0.262436 0.094369 0.047089 0.017988 0.578118
4 1 0.135613 0.063740 0.023984 0.002828 0.773834
4 1 0.112373 0.043740 0.013857 0.001028 0.829002
4 1 0.137453 0.065552 0.024996 0.003055 0.768944
4 1 0.140344 0.068477 0.026661 0.003446 0.761072
4 1 0.158975 0.090078 0.040199 0.007502 0.703246
4 1 0.162451 0.094772 0.043434 0.008708 0.690634
4 1 0.165338 0.098879 0.046355 0.009878 0.679550
4 1 0.146251 0.074773 0.030381 0.004405 0.744190
4 1 0.129355 0.057851 0.020803 0.002171 0.789820
4 0 0.115991 0.046537 0.015156 0.001212 0.821104
4 0 0.132183 0.060461 0.022193 0.002448 0.782715
4 0 0.156441 0.086811 0.038009 0.006739 0.712000
4 1 0.178225 0.120474 0.063157 0.018181 0.619964
4 1 0.182682 0.129980 0.071402 0.023312 0.592624
4 1 0.185804 0.137909 0.078737 0.028520 0.569030
4 1 0.187568 0.143206 0.083896 0.032571 0.552759
4 1 0.190530 0.155358 0.096646 0.044101 0.513366
4 1 0.179305 0.122637 0.064984 0.019255 0.613819
4 1 0.182798 0.130253 0.071647 0.023476 0.591826
4 0 0.173554 0.111882 0.056168 0.014391 0.644005
4 1 0.180384 0.124878 0.066907 0.020424 0.607408
4 1 0.187177 0.153754 0.093209 0.027753 0.538106
4 1 0.183022 0.218035 0.167794 0.031454 0.399694
4 1 0.165934 0.264391 0.246033 0.033608 0.290034
2 1 0.150041 0.288121 0.300162 0.029587 0.232089
2 2 0.115665 0.312787 0.406436 0.026610 0.138502
2 2 0.051121 0.179234 0.694057 0.020075 0.055512
2 2 0.039228 0.140838 0.758048 0.019099 0.042787
2 2 0.039071 0.148197 0.755075 0.016089 0.041568
2 2 0.035529 0.145288 0.769707 0.012764 0.036712
2 2 0.037931 0.147382 0.759768 0.014941 0.039978
2 2 0.052261 0.194417 0.681594 0.016578 0.055150
2 2 0.047433 0.177642 0.708270 0.016459 0.050195
2 2 0.033733 0.138262 0.780392 0.012695 0.034919
2 2 0.025244 0.108171 0.829545 0.011039 0.026001
2 2 0.020442 0.085701 0.860672 0.011692 0.021493
2 2 0.026566 0.101312 0.827473 0.015869 0.028780
2 4 0.081619 0.189465 0.576485 0.038639 0.113792
4 4 0.173332 0.224219 0.213758 0.045713 0.342977
4 4 0.190404 0.154657 0.095871 0.043334 0.515733
4 4 0.187846 0.144124 0.084813 0.033326 0.549890
4 4 0.183227 0.131268 0.072564 0.024096 0.588846
4 4 0.178992 0.122001 0.064444 0.018934 0.615628
4 4 0.183097 0.130959 0.072285 0.023906 0.589753
4 0 0.183568 0.111206 0.056167 0.015370 0.633688
4 0 0.261202 0.099743 0.051173 0.020623 0.567259
4 4 0.176463 0.114539 0.058360 0.015667 0.634971
4 4 0.137923 0.066020 0.025260 0.003115 0.767682
4 4 0.104038 0.037688 0.011182 0.000696 0.846396
4 4 0.089433 0.028305 0.007424 0.000331 0.874506
4 4 0.077252 0.021571 0.005047 0.000166 0.895965
4 4 0.071456 0.018694 0.004121 0.000115 0.905613
4 4 0.073464 0.019667 0.004428 0.000131 0.902310
4 4 0.072652 0.019271 0.004302 0.000124 0.903650
4 4 0.075721 0.020791 0.004790 0.000151 0.898547
4 4 0.077314 0.021603 0.005057 0.000166 0.895859
4 4 0.072228 0.019065 0.004238 0.000121 0.904348
4 4 0.078881 0.022417 0.005329 0.000183 0.893190
4 4 0.114421 0.045309 0.014581 0.001129 0.824560
4 4 0.116245 0.046737 0.015250 0.001225 0.820543
4 0 0.449113 0.033889 0.012520 0.005173 0.499305
4 1 0.240313 0.063203 0.025662 0.005992 0.664829
4 4 0.172464 0.110023 0.054710 0.013662 0.649141
4 4 0.107222 0.039937 0.012154 0.000809 0.839878
4 4 0.101052 0.035648 0.010324 0.000602 0.852375
4 4 0.101443 0.035911 0.010433 0.000613 0.851600
4 4 0.116519 0.046954 0.015353 0.001241 0.819933
4 4 0.101484 0.035939 0.010445 0.000614 0.851517
4 4 0.096012 0.032348 0.008983 0.000468 0.862190
4 4 0.084147 0.025265 0.006316 0.000248 0.884024
4 4 0.079453 0.022718 0.005431 0.000189 0.892209
4 4 0.082931 0.024592 0.006078 0.000231 0.886167
4 4 0.100920 0.035559 0.010287 0.000598 0.852637
4 4 0.106368 0.039327 0.011887 0.000777 0.841641
4 4 0.119271 0.049166 0.016413 0.001402 0.813748
4 4 0.114722 0.045543 0.014690 0.001144 0.823901
4 4 0.118863 0.048834 0.016252 0.001377 0.814674
4 4 0.102279 0.036478 0.010670 0.000639 0.849934
