0 0 0.421208 0.137239 0.110013 0.086300 0.245240
0 0 0.333343 0.156870 0.098362 0.080953 0.330472
0 0 0.451373 0.124205 0.074660 0.069171 0.280592
0 1 0.450143 0.125448 0.075432 0.073623 0.275354
0 1 0.436375 0.131007 0.083924 0.080650 0.268044
0 1 0.380414 0.150302 0.121626 0.110374 0.237284
0 1 0.388323 0.146098 0.102564 0.092609 0.270407
4 1 0.215239 0.195257 0.141140 0.095103 0.353261
4 4 0.158647 0.207746 0.150943 0.077202 0.405462
4 4 0.069947 0.211769 0.126809 0.042401 0.549074
4 4 0.075587 0.193900 0.099228 0.034467 0.596818
4 4 0.119531 0.173899 0.071344 0.037614 0.597612
4 4 0.365089 0.131895 0.061062 0.052475 0.389479
4 4 0.270915 0.156723 0.084749 0.051165 0.436448
0 4 0.389653 0.129189 0.062442 0.055601 0.363115
4 1 0.292658 0.139196 0.057813 0.044540 0.465794
4 1 0.229832 0.170216 0.094381 0.055428 0.450144
4 1 0.257020 0.179032 0.132982 0.077521 0.353444
4 1 0.124533 0.183571 0.090148 0.041241 0.560508
4 1 0.114348 0.209929 0.157517 0.052706 0.465500
4 1 0.093395 0.182825 0.087707 0.033075 0.602999
4 1 0.059247 0.161363 0.054276 0.022166 0.702947
4 1 0.082461 0.154204 0.050161 0.023457 0.689717
4 1 0.106853 0.188379 0.095768 0.039291 0.569709
4 1 0.238183 0.185514 0.157041 0.077241 0.342021
0 1 0.375656 0.149990 0.124914 0.086843 0.262597
0 1 0.293267 0.171872 0.199984 0.106040 0.228837
4 1 0.245432 0.186136 0.209840 0.103196 0.255396
4 2 0.169237 0.195335 0.128283 0.061945 0.445200
4 2 0.104157 0.210267 0.127046 0.055529 0.503001
4 2 0.086745 0.187698 0.081767 0.038047 0.605744
4 2 0.088620 0.215578 0.133161 0.053854 0.508787
4 2 0.158493 0.204824 0.130062 0.076257 0.430363
0 2 0.276665 0.169824 0.201046 0.179930 0.172535
0 2 0.276095 0.165056 0.205845 0.191633 0.161371
0 2 0.247723 0.166711 0.212647 0.219842 0.153077
0 2 0.305263 0.161227 0.176055 0.179881 0.177573
0 1 0.300421 0.170961 0.140282 0.131507 0.256829
4 1 0.252053 0.187420 0.152647 0.112008 0.295871
4 1 0.206799 0.201759 0.172195 0.116102 0.303145
4 1 0.145239 0.217721 0.217025 0.156555 0.263459
4 1 0.182919 0.203349 0.211595 0.167674 0.234464
4 1 0.161390 0.210386 0.199778 0.167190 0.261256
4 2 0.199370 0.196232 0.182094 0.176435 0.245870
0 2 0.252613 0.181157 0.165404 0.164968 0.235859
0 2 0.285385 0.176486 0.147301 0.106827 0.284000
4 2 0.215090 0.197177 0.192593 0.103279 0.291862
4 2 0.091771 0.232600 0.247460 0.078189 0.349981
2 2 0.039543 0.235892 0.397908 0.071956 0.254702
2 2 0.038350 0.214497 0.483139 0.073591 0.190422
2 2 0.044303 0.160419 0.595963 0.112124 0.087190
2 2 0.058322 0.145884 0.534045 0.196103 0.065645
2 2 0.068227 0.137991 0.375915 0.358029 0.059838
3 2 0.084511 0.125838 0.298998 0.435541 0.055111
3 3 0.089088 0.095012 0.228356 0.551506 0.036039
3 3 0.063624 0.076079 0.234910 0.602827 0.022560
3 3 0.050220 0.067239 0.274212 0.592001 0.016327
3 3 0.054406 0.072303 0.302256 0.552967 0.018068
3 3 0.076418 0.092009 0.333570 0.469614 0.028388
3 3 0.101701 0.108620 0.303831 0.443890 0.041957
3 3 0.096552 0.105290 0.307033 0.452060 0.039065
3 3 0.071627 0.086586 0.302472 0.513234 0.026081
3 3 0.048050 0.064858 0.265328 0.606334 0.015430
3 3 0.043914 0.059740 0.238516 0.644031 0.013799
3 3 0.042289 0.055744 0.194786 0.693838 0.013343
3 3 0.040976 0.051503 0.150418 0.743991 0.013112
3 3 0.040081 0.047063 0.108485 0.791191 0.013180
3 3 0.036202 0.043147 0.100063 0.808948 0.011639
3 3 0.037502 0.045683 0.115519 0.789297 0.011998
3 3 0.035894 0.044602 0.118207 0.789994 0.011302
3 3 0.033679 0.040697 0.095820 0.819162 0.010642
3 3 0.031789 0.038816 0.092356 0.827129 0.009910
3 3 0.025345 0.032251 0.080164 0.854743 0.007497
3 3 0.023865 0.030697 0.077177 0.861299 0.006963
3 3 0.021468 0.028138 0.072168 0.872111 0.006115
3 3 0.020086 0.026637 0.069174 0.878467 0.005636
3 3 0.022794 0.029560 0.074967 0.866098 0.006581
3 3 0.029818 0.036840 0.088754 0.835431 0.009157
3 3 0.037667 0.044581 0.102737 0.802791 0.012223
3 3 0.038684 0.047206 0.121697 0.779987 0.012426
3 3 0.038380 0.046283 0.114328 0.788627 0.012382
3 3 0.041943 0.053923 0.172028 0.718759 0.013347
3 3 0.037621 0.050716 0.180773 0.719371 0.011520
3 3 0.046563 0.058085 0.175781 0.704289 0.015282
3 3 0.043127 0.053873 0.157821 0.731223 0.013957
3 3 0.036644 0.045906 0.126102 0.779816 0.011532
3 3 0.035482 0.044861 0.125293 0.783301 0.011063
3 3 0.036626 0.044832 0.114037 0.792855 0.011649
3 3 0.028915 0.036217 0.090097 0.835989 0.008782
3 3 0.025380 0.032288 0.080233 0.854590 0.007510
3 3 0.025353 0.032259 0.080178 0.854711 0.007499
3 3 0.021706 0.028395 0.072676 0.871026 0.006198
3 3 0.018291 0.024658 0.065156 0.886868 0.005027
3 3 0.017892 0.024213 0.064242 0.888760 0.004893
3 3 0.021889 0.028591 0.073064 0.870195 0.006262
3 3 0.019447 0.025938 0.067762 0.881435 0.005418
3 3 0.021278 0.027933 0.071762 0.872977 0.006049
3 3 0.023563 0.030378 0.076559 0.862645 0.006855
3 3 0.029316 0.036333 0.087821 0.837564 0.008968
3 3 0.030150 0.037175 0.089370 0.834020 0.009283
3 3 0.027189 0.034161 0.083780 0.846697 0.008173
3 3 0.020992 0.027623 0.071146 0.874289 0.005949
3 3 0.022425 0.029166 0.074194 0.867765 0.006451
3 3 0.020535 0.027128 0.070157 0.876389 0.005791
3 3 0.028652 0.035659 0.086574 0.840397 0.008718
3 3 0.026171 0.033110 0.081798 0.851122 0.007798
3 3 0.027794 0.034783 0.084944 0.844081 0.008398
3 3 0.025417 0.032326 0.080306 0.854429 0.007523
3 3 0.027398 0.034376 0.084183 0.845794 0.008250
3 3 0.024607 0.031479 0.078685 0.858000 0.007230
3 3 0.024448 0.031311 0.078363 0.858706 0.007172
3 3 0.030883 0.037911 0.090715 0.830928 0.009563
3 3 0.025791 0.032715 0.081048 0.852787 0.007659
3 3 0.025248 0.032149 0.079970 0.855172 0.007461
3 3 0.019561 0.026063 0.068016 0.880904 0.005457
3 3 0.018336 0.024709 0.065260 0.886654 0.005042
3 3 0.018481 0.024869 0.065589 0.885971 0.005090
3 3 0.020890 0.027513 0.070927 0.874756 0.005914
3 3 0.067206 0.070822 0.144166 0.692531 0.025276
3 3 0.036589 0.043521 0.100717 0.807380 0.011794
3 3 0.056859 0.059105 0.120324 0.743883 0.019829
3 3 0.076350 0.078259 0.154697 0.660948 0.029747
3 3 0.015001 0.020930 0.057354 0.902770 0.003946
3 3 0.017648 0.023940 0.063678 0.889922 0.004811
3 3 0.020611 0.027210 0.070321 0.876040 0.005817
3 3 0.032432 0.039455 0.093509 0.824446 0.010158
3 3 0.044958 0.051409 0.114107 0.774288 0.015238
3 3 0.060663 0.065319 0.136033 0.715786 0.022198
3 3 0.136544 0.121002 0.205021 0.473399 0.064034
3 2 0.218835 0.159211 0.221210 0.277348 0.123396
0 2 0.226337 0.180109 0.206451 0.206283 0.180821
3 2 0.150857 0.172779 0.245396 0.299336 0.131632
3 2 0.133829 0.203103 0.196631 0.245252 0.221185
4 2 0.125335 0.220136 0.182655 0.170436 0.301438
4 2 0.101921 0.234379 0.207975 0.110081 0.345644
4 2 0.097955 0.225113 0.163106 0.068407 0.445419
4 2 0.089880 0.226751 0.175142 0.064322 0.443905
4 2 0.150683 0.214612 0.183735 0.087790 0.363179
4 2 0.140546 0.218995 0.233658 0.107748 0.299052
4 2 0.206986 0.195075 0.132863 0.087586 0.377492
0 2 0.346415 0.156481 0.106410 0.089895 0.300800
0 2 0.420871 0.136879 0.093863 0.088708 0.259680
0 1 0.441269 0.129068 0.080869 0.078137 0.270656
4 1 0.302734 0.166546 0.108304 0.085026 0.337390
4 1 0.123565 0.200916 0.110464 0.056086 0.508969
4 1 0.021107 0.160996 0.053078 0.014290 0.750530
4 1 0.010038 0.154659 0.051242 0.009501 0.774561
4 1 0.017056 0.189353 0.091700 0.016336 0.685555
4 1 0.027238 0.224329 0.137196 0.032344 0.578893
4 1 0.032244 0.223961 0.125746 0.036906 0.581143
4 1 0.032614 0.244987 0.152268 0.061634 0.508497
4 1 0.029951 0.245644 0.151865 0.060088 0.512452
4 1 0.033864 0.241067 0.147609 0.054053 0.523407
4 1 0.033161 0.237796 0.140908 0.050481 0.537654
4 1 0.027076 0.230968 0.142032 0.036595 0.563329
4 1 0.020252 0.185510 0.071059 0.019922 0.703258
4 1 0.017713 0.172505 0.059660 0.016132 0.733990
4 1 0.015089 0.142977 0.039060 0.010285 0.792589
4 1 0.025333 0.204028 0.102894 0.024502 0.643242
4 2 0.022090 0.196554 0.098819 0.020123 0.662415
4 2 0.041809 0.243037 0.238849 0.051282 0.425024
2 2 0.074549 0.232342 0.325553 0.084656 0.282901
2 2 0.070984 0.226152 0.354284 0.141304 0.207276
2 2 0.069162 0.229340 0.290782 0.201737 0.208979
2 2 0.058456 0.212503 0.315421 0.253355 0.160265
2 2 0.072233 0.196664 0.434162 0.157702 0.139238
2 2 0.169140 0.200017 0.297497 0.111519 0.221827
0 2 0.307395 0.167989 0.191463 0.103943 0.229209
0 4 0.448910 0.125959 0.076179 0.074247 0.274704
0 4 0.417065 0.138258 0.096362 0.090708 0.257606
0 4 0.415553 0.138799 0.097362 0.091505 0.256781
0 4 0.447511 0.126536 0.077031 0.074956 0.273966
4 4 0.299431 0.160806 0.091894 0.071321 0.376548
4 4 0.272518 0.179842 0.134932 0.101804 0.310904
4 4 0.226283 0.191242 0.139768 0.091318 0.351389
4 4 0.141261 0.214995 0.175448 0.077494 0.390802
4 4 0.086568 0.231054 0.230736 0.066944 0.384697
4 4 0.051396 0.226727 0.159753 0.043409 0.518715
4 4 0.044154 0.247993 0.236651 0.060189 0.411014
4 4 0.064815 0.239624 0.284321 0.071689 0.339552
4 4 0.026108 0.242525 0.301610 0.040453 0.389305
4 1 0.020301 0.236818 0.259674 0.029620 0.453587
4 1 0.010589 0.227225 0.231755 0.018386 0.512044
4 1 0.009975 0.220765 0.193769 0.016489 0.559002
4 1 0.011566 0.220585 0.178809 0.017985 0.571055
4 1 0.011306 0.228653 0.173671 0.021507 0.564863
4 1 0.012203 0.221795 0.138748 0.021776 0.605479
4 1 0.012102 0.201883 0.086985 0.020056 0.678974
4 1 0.012514 0.201005 0.087345 0.019837 0.679298
4 1 0.014466 0.242383 0.194235 0.030341 0.518575
2 1 0.020683 0.213589 0.515610 0.051559 0.198559
2 1 0.022739 0.110470 0.758514 0.062622 0.045655
2 1 0.033272 0.127767 0.686196 0.097114 0.055651
2 1 0.075521 0.204787 0.388664 0.178409 0.152618
2 1 0.148601 0.204105 0.281272 0.171914 0.194107
4 1 0.176767 0.209612 0.173110 0.122645 0.317866
4 1 0.168046 0.210574 0.194560 0.092153 0.334667
4 1 0.133290 0.209432 0.138506 0.066538 0.452234
4 1 0.072533 0.209788 0.108037 0.046751 0.562892
4 1 0.036331 0.172834 0.061358 0.021215 0.708263
4 1 0.045869 0.231196 0.152735 0.046790 0.523409
4 1 0.046104 0.236752 0.183657 0.048720 0.484766
4 1 0.043471 0.236144 0.187072 0.045774 0.487539
4 1 0.033283 0.221261 0.138086 0.033017 0.574354
4 1 0.026122 0.183755 0.070013 0.021441 0.698670
4 1 0.019423 0.209338 0.096039 0.026239 0.648961
4 1 0.019483 0.241556 0.139977 0.044263 0.554721
4 2 0.034702 0.256360 0.237527 0.066495 0.404916
2 2 0.040390 0.236519 0.394923 0.074505 0.253662
2 2 0.057161 0.233327 0.375046 0.088314 0.246152
2 2 0.069572 0.238099 0.325351 0.098706 0.268272
4 2 0.088353 0.237340 0.263146 0.135910 0.275251
2 2 0.075616 0.227662 0.308896 0.175608 0.212219
2 2 0.068297 0.206480 0.402097 0.167754 0.155373
2 2 0.065575 0.193589 0.471581 0.132206 0.137049
2 2 0.060143 0.180778 0.536488 0.099833 0.122758
2 2 0.074499 0.223357 0.381291 0.096644 0.224209
2 2 0.094589 0.214234 0.378570 0.109303 0.203304
2 2 0.086583 0.225105 0.344299 0.092823 0.251189
2 2 0.047743 0.229240 0.412250 0.084060 0.226708
2 2 0.065108 0.242562 0.303811 0.097924 0.290596
2 2 0.050864 0.211751 0.449323 0.123524 0.164537
4 2 0.037785 0.252712 0.255973 0.062438 0.391092
4 2 0.034855 0.250504 0.260100 0.055652 0.398890
4 2 0.019934 0.203695 0.102313 0.022126 0.651931
4 2 0.052430 0.234050 0.168306 0.051210 0.494004
4 2 0.135452 0.205957 0.121689 0.066803 0.470100
4 1 0.262725 0.182842 0.138151 0.102488 0.313794
4 1 0.132241 0.213792 0.138710 0.075652 0.439606
4 1 0.093783 0.238197 0.196195 0.095255 0.376570
4 1 0.028977 0.242454 0.165807 0.044833 0.517929
4 1 0.024267 0.235841 0.155664 0.036657 0.547572
4 1 0.023156 0.247987 0.214115 0.041340 0.473402
4 2 0.033516 0.252256 0.252959 0.056436 0.404832
4 2 0.055187 0.250688 0.255198 0.090812 0.348116
2 2 0.081837 0.239108 0.287349 0.118659 0.273047
4 2 0.226487 0.193794 0.199541 0.144694 0.235484
2 1 0.148640 0.204325 0.316613 0.130637 0.199784
2 1 0.030408 0.209110 0.505502 0.049911 0.205069
2 1 0.032799 0.188721 0.569733 0.056488 0.152259
4 1 0.074732 0.236435 0.188828 0.069857 0.430148
4 1 0.046837 0.249975 0.259919 0.068626 0.374643
2 1 0.027688 0.239528 0.394637 0.055485 0.282662
2 1 0.028979 0.230255 0.435924 0.057936 0.246905
2 2 0.035383 0.179183 0.567217 0.104732 0.113485
2 2 0.056548 0.178492 0.452031 0.209869 0.103059
3 2 0.088142 0.104682 0.371415 0.399829 0.035933
2 2 0.116810 0.121862 0.356655 0.353748 0.050926
2 2 0.053545 0.129775 0.480423 0.285985 0.050272
2 2 0.036824 0.185361 0.473614 0.196990 0.107212
2 2 0.034650 0.210675 0.450237 0.154025 0.150413
2 2 0.026375 0.224697 0.463536 0.090078 0.195313
2 2 0.022374 0.208055 0.529714 0.067192 0.172665
2 2 0.015317 0.117609 0.770382 0.037042 0.059650
2 2 0.017086 0.130911 0.739207 0.040191 0.072604
2 2 0.017729 0.074745 0.836957 0.047343 0.023227
2 2 0.033217 0.103846 0.707651 0.120279 0.035008
2 2 0.032288 0.074136 0.672869 0.204386 0.016321
2 2 0.038190 0.083586 0.617943 0.239951 0.020331
2 2 0.039317 0.087228 0.606449 0.244916 0.022090
2 2 0.037034 0.097389 0.566147 0.272487 0.026943
2 2 0.040211 0.077328 0.509693 0.355451 0.017318
2 2 0.041486 0.072642 0.524693 0.345761 0.015418
2 2 0.030231 0.079694 0.683394 0.187676 0.019005
2 2 0.018171 0.071458 0.818844 0.072792 0.018735
2 2 0.018969 0.082107 0.809104 0.064553 0.025268
2 2 0.021946 0.106621 0.753576 0.077819 0.040038
2 2 0.018884 0.097403 0.771959 0.078541 0.033213
2 2 0.020658 0.075273 0.794205 0.090100 0.019764
2 2 0.021992 0.057303 0.817740 0.091175 0.011791
2 2 0.025071 0.061015 0.776626 0.124948 0.012340
2 2 0.056689 0.095497 0.613516 0.206142 0.028156
2 2 0.083846 0.127080 0.496887 0.240715 0.051472
2 2 0.066726 0.110654 0.509416 0.275958 0.037246
2 2 0.055137 0.128247 0.491961 0.275653 0.049002
2 2 0.093416 0.124711 0.509239 0.222200 0.050433
2 2 0.150593 0.148824 0.375902 0.242687 0.081995
2 2 0.204775 0.167605 0.301513 0.200209 0.125898
4 2 0.188057 0.204197 0.231564 0.134991 0.241190
4 2 0.130276 0.224827 0.224297 0.104196 0.316404
4 2 0.102612 0.231933 0.246214 0.139797 0.279444
2 2 0.093202 0.217428 0.367033 0.100384 0.221953
4 2 0.164006 0.210495 0.242623 0.102431 0.280446
0 2 0.332396 0.162504 0.139195 0.093007 0.272898
0 2 0.311717 0.166939 0.125588 0.089556 0.306200
4 2 0.323242 0.157430 0.097793 0.074037 0.347499
4 2 0.270606 0.173871 0.110005 0.081612 0.363906
4 1 0.244810 0.187088 0.136825 0.097863 0.333414
2 1 0.121228 0.224039 0.274394 0.119416 0.260922
2 1 0.037722 0.221834 0.458974 0.072911 0.208558
4 1 0.023177 0.250384 0.317845 0.048235 0.360358
4 1 0.017595 0.245643 0.208611 0.034666 0.493484
4 1 0.017039 0.217467 0.114493 0.025890 0.625111
4 1 0.016920 0.221679 0.148191 0.023677 0.589533
4 1 0.017505 0.211130 0.124022 0.021435 0.625908
4 1 0.021285 0.214311 0.124142 0.024895 0.615367
4 1 0.018204 0.214379 0.123711 0.023445 0.620262
4 1 0.016854 0.220718 0.131403 0.025042 0.605983
4 1 0.019697 0.244468 0.265849 0.034973 0.435014
2 1 0.028059 0.214012 0.493729 0.051926 0.212274
4 1 0.136468 0.220915 0.251511 0.113608 0.277498
2 1 0.263365 0.163851 0.268445 0.158369 0.145970
2 1 0.203750 0.169017 0.349211 0.142998 0.135024
2 1 0.049590 0.215198 0.457713 0.072124 0.205375
2 1 0.021152 0.243704 0.360261 0.043864 0.331019
4 1 0.021117 0.241901 0.316758 0.036550 0.383674
2 1 0.021047 0.238814 0.367478 0.039196 0.333465
2 1 0.025563 0.229647 0.430323 0.047084 0.267383
2 1 0.033433 0.227631 0.436459 0.059482 0.242996
2 1 0.037699 0.231134 0.417387 0.069062 0.244718
2 1 0.037654 0.237072 0.394210 0.077006 0.254058
2 1 0.038415 0.242111 0.371100 0.087308 0.261066
2 1 0.041205 0.248204 0.329612 0.116842 0.264136
4 1 0.039204 0.256469 0.289092 0.121022 0.294213
4 4 0.027575 0.260614 0.292620 0.075426 0.343765
4 4 0.026234 0.261204 0.252820 0.061449 0.398294
4 4 0.038837 0.255293 0.293774 0.076158 0.335938
4 4 0.035359 0.250426 0.309556 0.062971 0.341689
4 4 0.023764 0.249858 0.209586 0.043946 0.472845
4 4 0.020419 0.256946 0.231937 0.047406 0.443293
4 4 0.028182 0.253609 0.178999 0.055388 0.483822
4 4 0.048959 0.253195 0.262517 0.080281 0.355049
4 4 0.037032 0.250075 0.196244 0.057648 0.459000
4 4 0.043553 0.250346 0.294365 0.071415 0.340320
4 4 0.043070 0.257161 0.230774 0.077114 0.391881
4 4 0.091040 0.240887 0.250773 0.124425 0.292875
0 4 0.239856 0.179273 0.230449 0.180899 0.169523
2 4 0.098862 0.231002 0.293504 0.123721 0.252911
2 4 0.041710 0.236801 0.385844 0.070063 0.265583
4 1 0.027152 0.252889 0.328373 0.059815 0.331770
4 1 0.031162 0.255542 0.271891 0.060419 0.380986
4 2 0.045505 0.254175 0.211188 0.073513 0.415619
4 1 0.069830 0.248835 0.238135 0.120133 0.323066
4 1 0.070384 0.248528 0.236097 0.120381 0.324609
4 1 0.043748 0.259979 0.249626 0.097458 0.349188
4 1 0.053594 0.254508 0.257890 0.125555 0.308453
2 1 0.053091 0.236070 0.270469 0.220101 0.220269
2 1 0.056479 0.209457 0.339503 0.242398 0.152163
2 1 0.048604 0.206128 0.347134 0.256316 0.141817
2 1 0.050502 0.218669 0.379116 0.183480 0.168233
2 1 0.040717 0.252382 0.281770 0.158164 0.266969
4 1 0.034875 0.258357 0.285985 0.129836 0.290947
2 1 0.030723 0.256634 0.294762 0.150720 0.267160
4 1 0.024258 0.265874 0.254797 0.142919 0.312153
4 1 0.019433 0.268088 0.249684 0.086704 0.376091
4 1 0.023598 0.249030 0.242268 0.042253 0.442851
4 1 0.037794 0.235811 0.166988 0.044067 0.515340
4 1 0.069411 0.237301 0.264810 0.067550 0.360928
4 1 0.044570 0.249166 0.254448 0.063679 0.388137
4 1 0.052325 0.246761 0.281083 0.072459 0.347373
4 1 0.025017 0.236226 0.157172 0.037295 0.544290
4 1 0.015094 0.218167 0.107795 0.026257 0.632686
4 1 0.023955 0.244104 0.156939 0.043648 0.531354
4 1 0.051830 0.251148 0.195842 0.075822 0.425357
3 1 0.224847 0.172056 0.213993 0.234098 0.155006
3 1 0.155877 0.132662 0.215357 0.419140 0.076963
3 1 0.157296 0.133479 0.216014 0.415258 0.077953
3 2 0.178600 0.164499 0.236770 0.299807 0.120324
4 2 0.062143 0.248235 0.284496 0.098670 0.306457
2 2 0.069223 0.198679 0.392362 0.200737 0.138999
4 2 0.108437 0.229760 0.214761 0.157489 0.289554
4 2 0.062758 0.251055 0.220893 0.091113 0.374181
4 2 0.072354 0.244369 0.267101 0.103215 0.312961
2 2 0.091627 0.219922 0.350123 0.130445 0.207884
2 2 0.244122 0.176231 0.265361 0.137997 0.176289
0 2 0.254387 0.182823 0.212894 0.131181 0.218716
4 2 0.158384 0.213082 0.232651 0.098978 0.296904
4 2 0.153069 0.216984 0.228657 0.113318 0.287972
2 2 0.158029 0.211779 0.258937 0.120805 0.250450
4 2 0.148054 0.216720 0.249001 0.131936 0.254288
4 2 0.093873 0.234020 0.256926 0.148842 0.266339
4 2 0.080787 0.241766 0.226701 0.143675 0.307071
4 2 0.072023 0.243808 0.240299 0.153864 0.290006
4 2 0.063525 0.244900 0.263655 0.163712 0.264210
2 2 0.111655 0.211721 0.347498 0.139312 0.189814
4 2 0.164683 0.212300 0.233355 0.148815 0.240846
0 2 0.290180 0.169445 0.203474 0.152573 0.184328
2 2 0.139825 0.202285 0.328646 0.150892 0.178351
2 2 0.128627 0.193880 0.386579 0.131502 0.159411
2 2 0.135751 0.218738 0.270541 0.137432 0.237537
2 2 0.210771 0.193753 0.240641 0.143832 0.211002
2 2 0.128813 0.215901 0.303940 0.113691 0.237655
2 2 0.206135 0.195870 0.227740 0.162366 0.207889
0 2 0.325683 0.164125 0.163357 0.140909 0.205926
3 2 0.204891 0.155004 0.223569 0.303783 0.112753
3 2 0.188297 0.148477 0.223127 0.340006 0.100094
0 2 0.256719 0.166994 0.208716 0.213623 0.153948
0 2 0.308901 0.167347 0.177138 0.150508 0.196106
0 1 0.411292 0.140304 0.100199 0.093758 0.254447
0 1 0.436952 0.130781 0.083562 0.080353 0.268353
0 1 0.425928 0.135008 0.090577 0.086063 0.262423
4 1 0.214955 0.199386 0.180902 0.125227 0.279531
4 1 0.206746 0.200370 0.204815 0.142245 0.245824
4 1 0.135874 0.223143 0.240961 0.138313 0.261709
2 1 0.056566 0.239699 0.345017 0.086636 0.272082
2 1 0.079923 0.223943 0.369268 0.099062 0.227805
2 1 0.058722 0.174909 0.563905 0.079898 0.122565
2 2 0.019339 0.057362 0.866308 0.042158 0.014833
2 2 0.009319 0.035568 0.916180 0.032647 0.006286
2 2 0.010477 0.038065 0.906303 0.038332 0.006823
2 2 0.011443 0.042102 0.899702 0.038509 0.008244
2 2 0.014772 0.059226 0.869614 0.040805 0.015582
2 2 0.015435 0.054265 0.877800 0.038999 0.013501
2 2 0.016073 0.062777 0.854687 0.049998 0.016464
2 2 0.017107 0.056665 0.839857 0.074236 0.012135
2 2 0.015342 0.046797 0.826958 0.103204 0.007699
2 2 0.015276 0.046949 0.826031 0.104000 0.007744
2 2 0.022151 0.058925 0.797900 0.109045 0.011979
2 2 0.021734 0.057617 0.797468 0.111818 0.011364
2 2 0.023608 0.057611 0.748959 0.159400 0.010422
2 2 0.018730 0.045143 0.642071 0.288201 0.005855
3 2 0.021985 0.042833 0.436228 0.493424 0.005530
3 3 0.022873 0.042812 0.393310 0.535281 0.005724
3 3 0.021249 0.039908 0.352333 0.581298 0.005212
3 3 0.024465 0.044413 0.376501 0.548365 0.006256
3 3 0.021850 0.041819 0.408693 0.522248 0.005389
3 3 0.024576 0.044543 0.376304 0.548284 0.006293
3 3 0.038458 0.059761 0.368682 0.521754 0.011344
3 3 0.058646 0.077002 0.323961 0.520474 0.019916
3 3 0.128034 0.124399 0.289379 0.400383 0.057804
3 3 0.177846 0.146864 0.249510 0.333679 0.092101
0 3 0.271317 0.165604 0.196148 0.205231 0.161700
0 3 0.306910 0.164679 0.173858 0.166594 0.187958
0 3 0.242534 0.167102 0.219492 0.225684 0.145187
3 1 0.206272 0.169875 0.234419 0.252984 0.136449
2 1 0.137628 0.185555 0.288778 0.247716 0.140323
2 1 0.096531 0.186920 0.324386 0.264182 0.127981
2 1 0.079243 0.152947 0.347060 0.342960 0.077791
2 1 0.073640 0.129718 0.382732 0.360188 0.053722
2 2 0.052076 0.085076 0.498694 0.342514 0.021640
2 2 0.070933 0.105247 0.545123 0.244444 0.034252
2 2 0.045658 0.083920 0.640280 0.208761 0.021380
2 2 0.066054 0.120756 0.516252 0.252322 0.044616
2 2 0.049452 0.110201 0.584152 0.219947 0.036248
2 2 0.051238 0.106007 0.559343 0.250187 0.033225
2 2 0.051877 0.098124 0.563235 0.258219 0.028546
2 3 0.059316 0.095931 0.470237 0.346920 0.027595
3 3 0.072737 0.090231 0.356997 0.453494 0.026541
3 3 0.052946 0.072383 0.332922 0.524382 0.017367
3 3 0.042689 0.061819 0.307609 0.574787 0.013096
3 3 0.027056 0.044324 0.267202 0.654166 0.007252
3 3 0.028927 0.046448 0.269923 0.646791 0.007910
3 3 0.037107 0.053660 0.243741 0.654451 0.011040
3 3 0.041972 0.055125 0.189460 0.700199 0.013243
3 3 0.024677 0.034343 0.113001 0.821015 0.006963
3 3 0.026181 0.033540 0.086290 0.846234 0.007754
3 3 0.033645 0.042575 0.116553 0.796826 0.010400
3 3 0.035457 0.043883 0.114170 0.795327 0.011164
3 3 0.028682 0.038181 0.115500 0.809185 0.008452
3 3 0.028867 0.039180 0.126719 0.796796 0.008439
3 3 0.023752 0.032745 0.102843 0.833965 0.006695
3 3 0.028299 0.039214 0.134742 0.789576 0.008169
3 3 0.024100 0.033377 0.107036 0.828694 0.006793
3 3 0.028033 0.035553 0.090964 0.837025 0.008425
3 3 0.027373 0.034491 0.085598 0.844312 0.008225
3 3 0.024335 0.032213 0.089524 0.846907 0.007020
3 3 0.017682 0.025306 0.079953 0.872365 0.004694
3 3 0.015538 0.023884 0.090426 0.866240 0.003912
3 3 0.018282 0.028132 0.113942 0.834935 0.004708
3 3 0.020956 0.031483 0.124598 0.817394 0.005569
3 3 0.027223 0.035050 0.093080 0.836560 0.008088
3 3 0.025145 0.032042 0.079765 0.855624 0.007424
3 3 0.022476 0.029221 0.074303 0.867531 0.006469
3 3 0.022474 0.029219 0.074299 0.867540 0.006468
3 3 0.021395 0.028060 0.072013 0.872441 0.006090
3 3 0.018696 0.025109 0.066078 0.884954 0.005163
3 3 0.017991 0.024323 0.064469 0.888292 0.004926
3 3 0.016513 0.022661 0.061017 0.895373 0.004436
3 3 0.017592 0.023877 0.063548 0.890190 0.004793
3 3 0.019542 0.026041 0.067972 0.880996 0.005450
3 3 0.017510 0.023786 0.063359 0.890579 0.004766
3 3 0.018951 0.025391 0.066653 0.883756 0.005249
3 3 0.014196 0.019996 0.055347 0.906772 0.003689
3 3 0.014453 0.020295 0.055993 0.905489 0.003771
3 3 0.011869 0.017237 0.049279 0.918648 0.002967
3 3 0.012668 0.018193 0.051408 0.914519 0.003211
3 3 0.011081 0.016281 0.047123 0.922786 0.002729
3 3 0.010835 0.015980 0.046438 0.924091 0.002656
3 3 0.028471 0.035474 0.086231 0.841174 0.008650
3 3 0.020288 0.026858 0.069618 0.877530 0.005706
3 3 0.043437 0.050003 0.111774 0.780188 0.014597
3 3 0.057883 0.062932 0.132413 0.725851 0.020921
3 3 0.011612 0.016925 0.048580 0.919994 0.002889
3 3 0.012197 0.017631 0.050160 0.916945 0.003067
3 3 0.009272 0.014038 0.041944 0.932548 0.002198
3 3 0.008236 0.012719 0.038811 0.938330 0.001904
3 3 0.007793 0.012146 0.037425 0.940857 0.001780
3 3 0.006988 0.011091 0.034838 0.945522 0.001560
3 3 0.007713 0.012042 0.037174 0.941312 0.001758
3 3 0.007319 0.011527 0.035913 0.943591 0.001650
3 3 0.008610 0.013198 0.039956 0.936228 0.002009
3 3 0.007915 0.012305 0.037811 0.940154 0.001814
3 3 0.008810 0.013453 0.040563 0.935109 0.002066
3 3 0.008433 0.012972 0.039417 0.937218 0.001959
3 3 0.007036 0.011154 0.034994 0.945243 0.001573
3 3 0.006205 0.010044 0.032212 0.950189 0.001351
3 3 0.007317 0.011524 0.035906 0.943604 0.001649
3 3 0.008935 0.013612 0.040939 0.934413 0.002101
3 3 0.010085 0.015055 0.044314 0.928112 0.002434
3 3 0.009716 0.014594 0.043246 0.930118 0.002326
3 3 0.008687 0.013297 0.040192 0.935793 0.002031
3 3 0.010124 0.015103 0.044425 0.927903 0.002445
3 3 0.009924 0.014855 0.043851 0.928983 0.002387
3 3 0.009301 0.014074 0.042030 0.932389 0.002206
3 3 0.008867 0.013525 0.040735 0.934791 0.002082
3 3 0.008207 0.012682 0.038721 0.938495 0.001896
3 3 0.007732 0.012067 0.037234 0.941203 0.001763
3 3 0.008570 0.013147 0.039836 0.936450 0.001998
3 3 0.006110 0.009916 0.031888 0.950760 0.001326
3 3 0.005811 0.009509 0.030848 0.952585 0.001248
3 3 0.005448 0.009010 0.029560 0.954828 0.001154
3 3 0.005507 0.009091 0.029771 0.954463 0.001169
3 3 0.006909 0.010986 0.034577 0.945989 0.001539
3 3 0.007654 0.011965 0.036986 0.941653 0.001742
3 3 0.008474 0.013024 0.039541 0.936992 0.001970
3 3 0.012060 0.017466 0.049792 0.917657 0.003025
3 3 0.010967 0.016140 0.046805 0.923393 0.002695
3 3 0.014577 0.020439 0.056304 0.904869 0.003811
3 3 0.012437 0.017918 0.050798 0.915706 0.003141
3 3 0.010571 0.015655 0.045697 0.925499 0.002577
3 3 0.009569 0.014411 0.042819 0.930916 0.002284
3 3 0.011095 0.016297 0.047160 0.922715 0.002733
3 3 0.010708 0.015824 0.046082 0.924769 0.002618
3 3 0.009382 0.014177 0.042270 0.931941 0.002230
3 3 0.007264 0.011455 0.035735 0.943912 0.001635
3 3 0.006652 0.010644 0.033723 0.947511 0.001469
3 3 0.007204 0.011376 0.035541 0.944261 0.001618
3 3 0.008718 0.013336 0.040284 0.935623 0.002040
3 3 0.008691 0.013302 0.040204 0.935771 0.002032
3 3 0.007767 0.012112 0.037344 0.941004 0.001773
3 3 0.007141 0.011293 0.035336 0.944629 0.001601
3 3 0.006614 0.010594 0.033598 0.947734 0.001459
3 3 0.007866 0.012241 0.037657 0.940435 0.001801
3 3 0.007975 0.012382 0.037999 0.939813 0.001831
3 3 0.008222 0.012701 0.038766 0.938412 0.001900
3 3 0.008573 0.013150 0.039843 0.936436 0.001998
3 3 0.008650 0.013249 0.040079 0.936001 0.002020
3 3 0.008694 0.013305 0.040211 0.935757 0.002033
3 3 0.009456 0.014269 0.042486 0.931538 0.002251
3 3 0.010960 0.016133 0.046787 0.923427 0.002693
3 3 0.017651 0.023943 0.063685 0.889908 0.004812
3 3 0.054518 0.060001 0.127888 0.738193 0.019400
3 2 0.190011 0.148747 0.222131 0.338064 0.101048
2 2 0.236747 0.177599 0.261084 0.158284 0.166286
2 2 0.089564 0.215279 0.385962 0.101707 0.207488
4 2 0.031541 0.250005 0.320913 0.059259 0.338282
4 2 0.016621 0.257064 0.306920 0.046469 0.372927
4 2 0.018860 0.253391 0.193193 0.043584 0.490972
4 2 0.024749 0.252616 0.188033 0.049463 0.485139
4 2 0.030600 0.250857 0.219934 0.051168 0.447441
4 2 0.029648 0.251745 0.259366 0.051822 0.407419
4 2 0.045257 0.247577 0.233530 0.060529 0.413107
4 2 0.041111 0.246612 0.259239 0.056020 0.397018
2 4 0.055367 0.240896 0.328625 0.077204 0.297909
4 4 0.174309 0.208509 0.155071 0.095588 0.366523
4 4 0.289370 0.174374 0.127544 0.098846 0.309866
4 4 0.184489 0.201915 0.138568 0.086950 0.388077
4 4 0.152805 0.216079 0.198067 0.094318 0.338730
4 1 0.049928 0.246267 0.208325 0.063193 0.432287
4 1 0.041203 0.249300 0.247476 0.059745 0.402277
2 1 0.027678 0.250098 0.333819 0.056801 0.331604
2 1 0.034115 0.236280 0.389537 0.056911 0.283156
2 1 0.050030 0.227175 0.411427 0.074295 0.237072
2 1 0.147824 0.206994 0.307867 0.102968 0.234347
2 1 0.076359 0.230089 0.335387 0.081629 0.276537
2 1 0.049833 0.226236 0.415435 0.073726 0.234770
4 1 0.084735 0.239258 0.275409 0.106500 0.294098
2 1 0.158030 0.190321 0.348844 0.137281 0.165524
2 1 0.069858 0.238031 0.310295 0.085148 0.296668
4 1 0.040893 0.247017 0.307431 0.063186 0.341474
4 4 0.025352 0.220235 0.127149 0.030111 0.597153
4 4 0.020465 0.158925 0.050732 0.013951 0.755928
4 4 0.025131 0.165546 0.057889 0.015891 0.735543
4 4 0.048090 0.181317 0.070039 0.026531 0.674024
4 4 0.083074 0.202978 0.102688 0.045021 0.566238
4 4 0.052523 0.178028 0.067443 0.026404 0.675602
4 4 0.046508 0.184374 0.075133 0.026426 0.667558
4 4 0.028583 0.149112 0.043389 0.014110 0.764805
4 4 0.020064 0.146435 0.041331 0.011945 0.780225
4 4 0.019308 0.148151 0.042376 0.012066 0.778099
4 4 0.019261 0.163446 0.052796 0.014801 0.749697
4 4 0.015384 0.169766 0.057351 0.014814 0.742685
4 4 0.018411 0.199688 0.084959 0.022859 0.674083
4 4 0.017491 0.203022 0.090683 0.022862 0.665943
4 4 0.039474 0.234994 0.150455 0.046940 0.528137
4 4 0.077655 0.241235 0.186106 0.083585 0.411419
4 4 0.151046 0.219873 0.214699 0.129078 0.285304
4 4 0.047740 0.246855 0.208718 0.062076 0.434611
4 4 0.043277 0.233516 0.155425 0.046850 0.520932
4 4 0.032184 0.191644 0.078321 0.025645 0.672206
4 4 0.032271 0.186369 0.074927 0.023507 0.682927
4 4 0.035541 0.178801 0.072509 0.020943 0.692205
4 4 0.074950 0.178156 0.070310 0.030986 0.645598
4 4 0.178120 0.196933 0.143966 0.066393 0.414588
4 4 0.209472 0.192181 0.146636 0.075329 0.376382
4 4 0.114650 0.211346 0.147788 0.056966 0.469251
4 4 0.064363 0.218418 0.134384 0.045454 0.537381
4 4 0.017335 0.165732 0.054384 0.014680 0.747870
4 4 0.016313 0.207882 0.111391 0.021007 0.643406
4 4 0.018019 0.226313 0.153726 0.026291 0.575651
4 4 0.167410 0.203450 0.186857 0.192138 0.250144
4 4 0.071364 0.248490 0.221430 0.097806 0.360910
2 4 0.120154 0.226742 0.259670 0.136958 0.256475
2 4 0.081558 0.233430 0.321665 0.111577 0.251771
2 4 0.063928 0.241792 0.318590 0.095564 0.280126
2 4 0.103738 0.225663 0.310651 0.121104 0.238845
2 4 0.082438 0.231963 0.327584 0.106663 0.251351
2 4 0.090644 0.233652 0.299505 0.115926 0.260273
4 4 0.121064 0.229402 0.193449 0.104056 0.352028
4 4 0.086189 0.212821 0.116890 0.053879 0.530220
4 4 0.099335 0.212416 0.120610 0.058655 0.508984
4 4 0.214585 0.181339 0.102062 0.067815 0.434198
0 4 0.406517 0.140952 0.097770 0.090582 0.264180
0 0 0.409315 0.140991 0.101525 0.094807 0.253362
0 0 0.400267 0.144056 0.107675 0.099634 0.248369
0 0 0.448519 0.126120 0.076417 0.074445 0.274498
0 0 0.453085 0.124217 0.073659 0.072138 0.276901
0 0 0.462364 0.120237 0.068164 0.067497 0.281738
0 0 0.497137 0.103941 0.048944 0.050721 0.299257
0 0 0.547538 0.076227 0.025396 0.028648 0.322191
0 0 0.533708 0.084334 0.031294 0.034380 0.316284
0 0 0.542835 0.079027 0.027350 0.030565 0.320223
0 0 0.532916 0.071975 0.021141 0.023638 0.350330
4 0 0.227856 0.116489 0.033019 0.023428 0.599208
4 0 0.257504 0.121609 0.038370 0.028421 0.554096
4 0 0.062384 0.177413 0.067921 0.028260 0.664023
4 1 0.091373 0.128051 0.033445 0.016675 0.730456
4 1 0.119281 0.145190 0.046060 0.024804 0.664664
4 4 0.181400 0.122233 0.034195 0.022059 0.640114
0 4 0.454313 0.098372 0.036026 0.035515 0.375773
0 4 0.530268 0.086291 0.032831 0.035848 0.314762
0 4 0.511275 0.096670 0.041788 0.044223 0.306043
0 4 0.484115 0.110303 0.055881 0.056880 0.292821
0 4 0.469609 0.117023 0.063979 0.063918 0.285472
0 4 0.442398 0.127099 0.080236 0.069076 0.281191
0 4 0.418597 0.128523 0.073570 0.060615 0.318695
4 4 0.172345 0.162706 0.068578 0.039507 0.556864
4 4 0.080810 0.126908 0.032370 0.015475 0.744438
4 4 0.023779 0.115242 0.024815 0.007903 0.828261
4 4 0.014498 0.116389 0.025173 0.006766 0.837173
4 4 0.014876 0.131351 0.032520 0.008640 0.812614
4 4 0.019860 0.168416 0.056578 0.015960 0.739186
4 4 0.025029 0.191257 0.077070 0.023148 0.683496
4 4 0.027076 0.211790 0.104321 0.029792 0.627021
4 4 0.025325 0.216868 0.122073 0.028742 0.606993
4 2 0.022243 0.214556 0.117702 0.026517 0.618982
4 2 0.020523 0.217964 0.124873 0.026483 0.610157
4 2 0.020329 0.182696 0.070355 0.018803 0.707817
4 2 0.020106 0.196395 0.084029 0.022142 0.677328
4 2 0.027258 0.210500 0.113396 0.027164 0.621682
4 2 0.027030 0.232575 0.165619 0.034634 0.540142
4 2 0.020415 0.210086 0.115919 0.023416 0.630165
4 2 0.025729 0.201406 0.087870 0.026495 0.658500
4 2 0.022260 0.181272 0.067409 0.019576 0.709482
4 2 0.019935 0.195141 0.080387 0.022282 0.682255
4 2 0.014881 0.166296 0.054673 0.014005 0.750145
4 2 0.013778 0.188806 0.075732 0.017564 0.704120
4 2 0.015371 0.200606 0.098130 0.019268 0.666626
4 2 0.019556 0.228647 0.154749 0.028522 0.568527
4 4 0.029650 0.234338 0.154005 0.039240 0.542767
4 4 0.038341 0.234830 0.152049 0.045717 0.529063
4 4 0.043636 0.234911 0.155447 0.048677 0.517329
4 4 0.052314 0.235576 0.162590 0.054074 0.495447
4 4 0.042815 0.232695 0.157062 0.045384 0.522043
4 4 0.033187 0.211487 0.110207 0.031060 0.614058
4 4 0.044127 0.228567 0.147051 0.043528 0.536728
4 4 0.057029 0.225283 0.129267 0.051183 0.537238
4 1 0.072316 0.239421 0.201127 0.071840 0.415296
4 1 0.041141 0.220715 0.116395 0.041033 0.580715
4 1 0.032471 0.225173 0.120910 0.039195 0.582251
4 1 0.024302 0.187286 0.073129 0.021797 0.693487
4 1 0.025877 0.177344 0.064296 0.019715 0.712768
4 1 0.033870 0.189869 0.076734 0.025599 0.673928
4 1 0.039448 0.248623 0.209131 0.056966 0.445832
4 1 0.034786 0.253844 0.249608 0.060254 0.401508
4 1 0.029605 0.256425 0.261849 0.058884 0.393237
4 1 0.035008 0.247057 0.189929 0.052220 0.475786
4 1 0.047520 0.251052 0.228624 0.069379 0.403425
4 1 0.137456 0.224836 0.206134 0.118011 0.313563
0 1 0.352484 0.157982 0.142318 0.125800 0.221417
0 1 0.248089 0.176111 0.228339 0.182627 0.164834
2 1 0.072336 0.242977 0.291401 0.105403 0.287883
2 1 0.064539 0.230915 0.368787 0.093184 0.242575
2 1 0.061515 0.229442 0.331165 0.170100 0.207778
2 1 0.103313 0.209154 0.262984 0.243499 0.181049
2 1 0.177541 0.186188 0.245381 0.231092 0.159798
2 2 0.189051 0.166094 0.328168 0.200090 0.116598
2 2 0.138910 0.165062 0.432512 0.157247 0.106269
2 2 0.046794 0.159569 0.622621 0.069159 0.101857
2 2 0.042366 0.208029 0.495759 0.070074 0.183773
2 2 0.033173 0.196785 0.545322 0.059746 0.164973
2 2 0.120894 0.218132 0.294936 0.090720 0.275318
4 2 0.227532 0.193257 0.202532 0.112773 0.263907
2 2 0.051281 0.234657 0.378351 0.078798 0.256914
2 2 0.042909 0.216771 0.462379 0.065163 0.212777
2 2 0.026123 0.107164 0.763307 0.057814 0.045592
2 2 0.017725 0.054990 0.875475 0.037644 0.014166
2 2 0.008252 0.042764 0.918620 0.020099 0.010265
2 2 0.006517 0.058547 0.897753 0.018542 0.018642
2 2 0.007470 0.079539 0.859612 0.021409 0.031970
2 2 0.027175 0.179943 0.604355 0.056876 0.131651
2 2 0.085995 0.200471 0.438041 0.115415 0.160078
2 2 0.181032 0.177597 0.335547 0.169944 0.135880
2 2 0.068322 0.175443 0.536241 0.103756 0.116238
2 2 0.050613 0.163511 0.574181 0.118239 0.093457
2 2 0.039282 0.100109 0.704568 0.122427 0.033614
2 2 0.022275 0.060472 0.810351 0.093752 0.013150
2 2 0.013648 0.056937 0.869349 0.046045 0.014021
2 2 0.013433 0.077881 0.843420 0.038634 0.026632
2 2 0.018070 0.122743 0.751950 0.044575 0.062662
2 2 0.017674 0.130880 0.735803 0.044722 0.070920
2 2 0.015623 0.142015 0.715755 0.041594 0.085013
2 2 0.018806 0.143800 0.705161 0.046975 0.085258
2 2 0.027906 0.162335 0.644008 0.060888 0.104862
2 2 0.024577 0.116488 0.745283 0.060975 0.052678
2 2 0.018495 0.096835 0.794841 0.052201 0.037628
2 2 0.018126 0.092795 0.796349 0.059346 0.033384
2 2 0.023591 0.113420 0.719303 0.100509 0.043177
2 2 0.025912 0.119936 0.720825 0.081816 0.051511
2 2 0.038908 0.133182 0.572224 0.202944 0.052742
2 2 0.024197 0.161799 0.583650 0.151190 0.079165
2 2 0.036108 0.162262 0.609432 0.099979 0.092218
2 2 0.026132 0.127804 0.672790 0.121554 0.051721
2 2 0.031220 0.140488 0.622792 0.144389 0.061111
2 2 0.032952 0.153647 0.588368 0.152125 0.072908
2 2 0.065111 0.159981 0.400782 0.293322 0.080804
3 2 0.116211 0.116598 0.282883 0.433799 0.050508
3 2 0.083247 0.095429 0.302053 0.487331 0.031941
2 2 0.051302 0.079604 0.484554 0.365752 0.018787
2 2 0.053123 0.081387 0.489177 0.356681 0.019633
2 2 0.055811 0.089670 0.605780 0.224522 0.024217
2 2 0.060634 0.096245 0.562211 0.252824 0.028086
2 2 0.040180 0.102444 0.677963 0.145927 0.033487
2 2 0.035549 0.119229 0.650632 0.150113 0.044477
2 2 0.029348 0.096730 0.711666 0.132394 0.029861
2 2 0.041534 0.102644 0.590125 0.234657 0.031041
2 2 0.035611 0.083879 0.615004 0.245022 0.020485
3 2 0.044215 0.077430 0.379553 0.480082 0.018719
3 2 0.041933 0.066535 0.385725 0.491881 0.013926
3 2 0.040834 0.059969 0.306170 0.580673 0.012353
3 2 0.036697 0.061041 0.410653 0.480172 0.011438
3 2 0.038589 0.061537 0.412889 0.475436 0.011550
3 2 0.040950 0.063052 0.393731 0.489949 0.012318
3 2 0.044488 0.063699 0.311675 0.566317 0.013821
3 2 0.045252 0.059891 0.220035 0.660380 0.014442
3 3 0.054461 0.072183 0.298750 0.556504 0.018101
2 3 0.061716 0.089435 0.461511 0.363098 0.024241
2 3 0.037982 0.078423 0.713777 0.150102 0.019716
2 3 0.055620 0.097122 0.657877 0.158953 0.030429
2 3 0.130488 0.139529 0.418666 0.243350 0.067967
2 3 0.178298 0.152013 0.294438 0.281697 0.093554
2 2 0.174842 0.156473 0.311131 0.258624 0.098930
2 2 0.093418 0.169680 0.447949 0.187793 0.101160
3 2 0.096593 0.133452 0.345870 0.363621 0.060464
3 2 0.085746 0.096385 0.288228 0.496347 0.033295
3 2 0.075698 0.088393 0.279993 0.527740 0.028176
3 2 0.094296 0.104467 0.319186 0.444252 0.037799
2 2 0.123536 0.133829 0.401821 0.279235 0.061578
2 2 0.052829 0.155163 0.590489 0.118387 0.083132
2 2 0.048442 0.174465 0.561337 0.106083 0.109673
2 2 0.045728 0.172015 0.542389 0.140276 0.099592
2 2 0.050919 0.213368 0.412831 0.159557 0.163325
2 2 0.076456 0.204213 0.333774 0.234115 0.151442
2 2 0.100983 0.197538 0.370830 0.183121 0.147528
2 2 0.049058 0.183905 0.532153 0.114868 0.120016
2 2 0.039552 0.229312 0.424343 0.069739 0.237054
2 2 0.030171 0.231196 0.429822 0.058136 0.250673
2 2 0.030799 0.229138 0.440256 0.068805 0.231002
2 2 0.028130 0.177601 0.593541 0.085831 0.114898
2 2 0.023718 0.117804 0.714527 0.096993 0.046957
2 2 0.023750 0.092199 0.740461 0.115795 0.027795
2 2 0.037105 0.094884 0.697079 0.141960 0.028972
2 2 0.050703 0.108036 0.711732 0.086261 0.043268
2 2 0.037942 0.118442 0.715943 0.075030 0.052643
2 2 0.044400 0.158209 0.628324 0.071251 0.097815
2 2 0.166785 0.202309 0.278151 0.157622 0.195132
0 2 0.231733 0.185977 0.222866 0.168985 0.190438
3 0 0.167016 0.168881 0.241255 0.298271 0.124576
2 1 0.139890 0.210556 0.271121 0.174101 0.204331
4 1 0.082170 0.236356 0.250348 0.077617 0.353508
4 1 0.109128 0.225152 0.224244 0.073649 0.367827
4 1 0.171021 0.188037 0.104214 0.058393 0.478336
4 1 0.188718 0.201368 0.149989 0.085553 0.374373
4 1 0.123969 0.226003 0.207504 0.093770 0.348753
2 1 0.098943 0.233099 0.275266 0.133110 0.259582
2 1 0.065332 0.244591 0.296488 0.111559 0.282031
2 1 0.044396 0.248498 0.326986 0.092033 0.288087
2 1 0.033492 0.250776 0.331361 0.066921 0.317451
2 1 0.025390 0.249263 0.339915 0.053429 0.332002
4 1 0.020123 0.250213 0.273851 0.040813 0.415000
4 1 0.029928 0.239363 0.174747 0.041362 0.514600
4 1 0.043998 0.228983 0.131255 0.047344 0.548420
4 1 0.078386 0.224832 0.137208 0.061095 0.498479
4 1 0.093050 0.186249 0.081095 0.038737 0.600869
4 1 0.068303 0.166901 0.059152 0.025603 0.680041
4 1 0.035792 0.139834 0.037955 0.013465 0.772954
4 1 0.041891 0.173383 0.062302 0.022619 0.699805
4 1 0.044843 0.175470 0.064379 0.023896 0.691413
4 1 0.223287 0.189989 0.128141 0.087309 0.371273
4 1 0.119763 0.221146 0.173078 0.075073 0.410940
4 1 0.059701 0.239656 0.239774 0.060548 0.400321
4 1 0.023080 0.218519 0.128680 0.027581 0.602140
4 1 0.018301 0.232305 0.184827 0.027445 0.537121
4 1 0.026039 0.247895 0.290435 0.045337 0.390294
2 1 0.033583 0.243585 0.347145 0.056656 0.319031
2 1 0.034036 0.242320 0.369935 0.062391 0.291318
4 1 0.024992 0.252282 0.328086 0.055291 0.339349
4 1 0.021624 0.259567 0.286940 0.056997 0.374873
4 1 0.019668 0.255911 0.186569 0.050592 0.487260
4 1 0.019427 0.242348 0.148331 0.043738 0.546156
4 1 0.019727 0.221063 0.119090 0.029563 0.610557
4 1 0.023003 0.197812 0.083563 0.024290 0.671333
4 1 0.071190 0.218959 0.123609 0.052435 0.533808
4 1 0.052061 0.234664 0.158712 0.053373 0.501190
4 1 0.021615 0.252084 0.264097 0.043911 0.418293
4 1 0.037437 0.247297 0.206989 0.053373 0.454905
