0 0 0.373413 0.183939 0.138990 0.074455 0.229203
0 0 0.306257 0.184766 0.185857 0.064349 0.258772
0 0 0.362382 0.183115 0.152737 0.056804 0.244962
0 0 0.350630 0.183998 0.158183 0.060776 0.246413
0 0 0.325823 0.185553 0.168796 0.072726 0.247101
0 0 0.316441 0.185613 0.175005 0.072838 0.250103
0 0 0.349558 0.184538 0.156608 0.066014 0.243282
0 0 0.384393 0.180485 0.144193 0.046595 0.244334
0 0 0.359752 0.181679 0.158381 0.047236 0.252952
0 0 0.360028 0.181655 0.158246 0.047160 0.252912
0 0 0.326420 0.183981 0.175210 0.057298 0.257092
0 0 0.310940 0.187999 0.189276 0.056055 0.255730
0 0 0.361046 0.189100 0.165477 0.041361 0.243017
0 0 0.404722 0.178836 0.133797 0.044638 0.238007
0 0 0.490564 0.169505 0.093592 0.042827 0.203512
0 0 0.498709 0.169212 0.087358 0.051024 0.193698
0 0 0.490420 0.170656 0.089662 0.054234 0.195027
0 1 0.303918 0.188635 0.193945 0.057597 0.255905
4 1 0.223623 0.183649 0.236690 0.099350 0.256688
2 1 0.163174 0.181991 0.299488 0.114505 0.240842
2 1 0.150403 0.185934 0.331802 0.099539 0.232322
2 1 0.171352 0.178843 0.279332 0.124869 0.245605
2 4 0.179137 0.175387 0.260486 0.135379 0.249611
2 4 0.179137 0.175387 0.260486 0.135379 0.249611
2 4 0.179137 0.175387 0.260486 0.135379 0.249611
2 4 0.179137 0.175387 0.260486 0.135379 0.249611
2 4 0.179137 0.175387 0.260486 0.135379 0.249611
2 4 0.160489 0.182918 0.306195 0.111239 0.239158
2 4 0.169003 0.179797 0.285081 0.121824 0.244294
2 4 0.163636 0.181826 0.298340 0.115072 0.241126
2 4 0.179137 0.175387 0.260486 0.135379 0.249611
2 4 0.179137 0.175387 0.260486 0.135379 0.249611
2 4 0.179137 0.175387 0.260486 0.135379 0.249611
2 4 0.179137 0.175387 0.260486 0.135379 0.249611
2 4 0.179137 0.175387 0.260486 0.135379 0.249611
2 4 0.179137 0.175387 0.260486 0.135379 0.249611
2 4 0.179137 0.175387 0.260486 0.135379 0.249611
2 4 0.179137 0.175387 0.260486 0.135379 0.249611
2 4 0.179137 0.175387 0.260486 0.135379 0.249611
2 4 0.179137 0.175387 0.260486 0.135379 0.249611
2 4 0.179137 0.175387 0.260486 0.135379 0.249611
2 4 0.179137 0.175387 0.260486 0.135379 0.249611
2 4 0.179137 0.175387 0.260486 0.135379 0.249611
2 4 0.179137 0.175387 0.260486 0.135379 0.249611
2 4 0.166602 0.180731 0.290992 0.118770 0.242906
2 4 0.134735 0.189139 0.373036 0.082949 0.220142
2 4 0.141514 0.187976 0.354963 0.089905 0.225642
2 4 0.147781 0.186115 0.339417 0.097678 0.229009
0 4 0.294633 0.188300 0.185719 0.085958 0.245390
0 0 0.441430 0.195004 0.119290 0.052855 0.191421
0 0 0.516620 0.181886 0.080720 0.062425 0.158350
0 0 0.524845 0.179512 0.079765 0.055279 0.160599
0 0 0.510298 0.185244 0.084320 0.061068 0.159070
0 0 0.556173 0.166969 0.063902 0.063559 0.149398
0 0 0.552992 0.161753 0.064537 0.060382 0.160336
0 0 0.553556 0.159649 0.067659 0.047891 0.171245
0 0 0.556857 0.158849 0.067464 0.044823 0.172007
0 0 0.538033 0.162191 0.074554 0.043722 0.181500
0 0 0.416690 0.178109 0.127102 0.045633 0.232465
0 0 0.311105 0.184622 0.183265 0.062580 0.258429
4 0 0.218339 0.181482 0.236262 0.107030 0.256887
4 0 0.245848 0.183852 0.219831 0.091137 0.259332
4 0 0.246257 0.183877 0.219591 0.090921 0.259354
4 1 0.256122 0.184395 0.213840 0.085872 0.259770
4 1 0.207463 0.180138 0.242901 0.114143 0.255355
2 1 0.190944 0.177602 0.253112 0.126008 0.252334
4 1 0.207913 0.180199 0.242624 0.113838 0.255426
2 1 0.185632 0.176649 0.256423 0.130125 0.251170
2 1 0.179137 0.175387 0.260486 0.135379 0.249611
2 1 0.141322 0.188014 0.355471 0.089703 0.225490
2 1 0.103859 0.189786 0.460658 0.055032 0.190664
2 1 0.081081 0.152989 0.579290 0.070144 0.116496
2 1 0.060404 0.130531 0.666270 0.061549 0.081245
2 1 0.055065 0.128077 0.686784 0.053593 0.076482
2 1 0.034605 0.100849 0.780120 0.037921 0.046504
2 1 0.033337 0.092280 0.789619 0.044579 0.040185
2 1 0.030628 0.082618 0.803729 0.049671 0.033355
2 2 0.041649 0.092400 0.750997 0.072156 0.042798
2 2 0.049126 0.096432 0.715255 0.091262 0.047924
2 2 0.046602 0.092133 0.725221 0.091854 0.044190
2 2 0.045612 0.088685 0.727362 0.096755 0.041585
2 2 0.039441 0.075465 0.746004 0.107527 0.031563
2 2 0.049752 0.071981 0.659564 0.185993 0.032710
2 2 0.048771 0.056524 0.580297 0.289814 0.024594
2 2 0.042522 0.041414 0.500356 0.399135 0.016574
3 2 0.035261 0.029698 0.415123 0.509263 0.010654
3 2 0.028463 0.022063 0.335889 0.607050 0.006534
3 3 0.022131 0.014975 0.233775 0.725415 0.003704
3 3 0.018010 0.010434 0.147875 0.821393 0.002288
3 3 0.017718 0.010235 0.145059 0.824776 0.002212
3 3 0.014888 0.007227 0.079969 0.896502 0.001414
3 3 0.014246 0.006469 0.062262 0.915794 0.001229
3 3 0.012619 0.004964 0.036559 0.944969 0.000889
3 3 0.011930 0.004716 0.037952 0.944570 0.000832
3 3 0.011752 0.004262 0.027360 0.955881 0.000746
3 3 0.012575 0.004475 0.025775 0.956364 0.000812
3 3 0.010869 0.003531 0.017454 0.967556 0.000590
3 3 0.008952 0.002605 0.011276 0.976768 0.000398
3 3 0.008816 0.002373 0.008273 0.980178 0.000360
3 3 0.009536 0.002586 0.008491 0.978983 0.000405
3 3 0.010754 0.002994 0.009540 0.976214 0.000498
3 3 0.009636 0.002738 0.010216 0.976979 0.000431
3 3 0.009094 0.002403 0.007857 0.980273 0.000373
3 3 0.009322 0.002528 0.008543 0.979214 0.000393
3 3 0.009991 0.002544 0.006625 0.980432 0.000407
3 3 0.008719 0.002146 0.005838 0.982972 0.000325
3 3 0.009755 0.002193 0.004223 0.983474 0.000355
3 3 0.013057 0.003046 0.004982 0.978350 0.000565
3 3 0.015715 0.003464 0.003994 0.976127 0.000699
3 3 0.012482 0.002610 0.003164 0.981273 0.000471
3 3 0.010184 0.002001 0.002492 0.984991 0.000332
3 3 0.007949 0.001557 0.002467 0.987796 0.000232
3 3 0.008874 0.001875 0.003217 0.985746 0.000288
3 3 0.008837 0.001898 0.003292 0.985688 0.000285
3 3 0.008694 0.001753 0.002529 0.986764 0.000260
3 3 0.008956 0.001790 0.002374 0.986616 0.000265
3 3 0.008331 0.001545 0.001785 0.988116 0.000223
3 3 0.010838 0.001989 0.001731 0.985118 0.000324
3 3 0.019802 0.005166 0.006627 0.967335 0.001069
3 3 0.014986 0.004515 0.012094 0.967567 0.000839
3 3 0.032054 0.012700 0.036052 0.915782 0.003412
3 3 0.041043 0.013793 0.020466 0.920408 0.004291
3 3 0.012957 0.002543 0.002492 0.981538 0.000469
3 3 0.012682 0.002407 0.002066 0.982417 0.000429
3 3 0.012406 0.002381 0.002118 0.982678 0.000416
3 3 0.011617 0.002242 0.002109 0.983656 0.000376
3 3 0.009272 0.001710 0.001770 0.986987 0.000261
3 3 0.009218 0.001683 0.001714 0.987129 0.000257
3 3 0.008568 0.001509 0.001510 0.988188 0.000225
3 3 0.008690 0.001613 0.001787 0.987673 0.000237
3 3 0.010110 0.001968 0.002192 0.985418 0.000311
3 3 0.012207 0.002383 0.002226 0.982774 0.000410
3 3 0.013726 0.002704 0.002375 0.980698 0.000497
3 3 0.014709 0.002689 0.001808 0.980278 0.000516
3 3 0.012713 0.002202 0.001461 0.983227 0.000397
3 3 0.012099 0.002119 0.001520 0.983889 0.000373
3 3 0.011921 0.002132 0.001648 0.983927 0.000372
3 3 0.012788 0.002376 0.001923 0.982485 0.000428
3 3 0.012581 0.002239 0.001649 0.983128 0.000404
3 3 0.017361 0.003388 0.002356 0.976194 0.000701
3 3 0.014756 0.002773 0.001941 0.980007 0.000523
3 3 0.013457 0.002431 0.001621 0.982056 0.000435
3 3 0.015558 0.002884 0.001786 0.979222 0.000549
3 3 0.014956 0.002637 0.001492 0.980418 0.000498
3 3 0.016519 0.002946 0.001585 0.978364 0.000586
3 3 0.013647 0.002298 0.001310 0.982317 0.000428
3 3 0.014338 0.002538 0.001572 0.981073 0.000479
3 3 0.015569 0.002791 0.001696 0.979391 0.000553
3 3 0.016423 0.003011 0.001814 0.978147 0.000604
3 3 0.018848 0.003568 0.002034 0.974793 0.000756
3 3 0.016239 0.002896 0.001603 0.978688 0.000575
3 3 0.013312 0.002263 0.001308 0.982708 0.000409
3 3 0.012218 0.002119 0.001380 0.983919 0.000364
3 3 0.012107 0.002155 0.001540 0.983828 0.000370
3 3 0.010958 0.001905 0.001410 0.985413 0.000314
3 3 0.012605 0.002319 0.001764 0.982906 0.000406
3 3 0.014169 0.002695 0.001988 0.980655 0.000493
3 3 0.015198 0.003093 0.002511 0.978624 0.000574
3 3 0.015198 0.002957 0.002177 0.979110 0.000558
3 3 0.013741 0.002633 0.002059 0.981091 0.000477
3 3 0.012844 0.002360 0.001691 0.982696 0.000409
3 3 0.015672 0.002851 0.001700 0.979226 0.000551
3 3 0.017154 0.003151 0.001721 0.977348 0.000626
3 3 0.017943 0.003474 0.002075 0.975811 0.000697
3 3 0.012073 0.002372 0.002059 0.983110 0.000387
3 3 0.011659 0.002693 0.003800 0.981423 0.000425
3 3 0.015964 0.004712 0.010091 0.968376 0.000857
3 3 0.019193 0.007028 0.023072 0.949326 0.001381
3 3 0.019449 0.008075 0.038022 0.932837 0.001617
3 3 0.021529 0.010045 0.062599 0.903635 0.002192
3 3 0.021981 0.010123 0.065419 0.900135 0.002342
3 3 0.023878 0.012295 0.100652 0.860132 0.003043
3 2 0.022242 0.011841 0.111744 0.851344 0.002830
3 2 0.023440 0.013654 0.151329 0.808177 0.003401
3 2 0.033172 0.021323 0.217301 0.721493 0.006711
3 2 0.055914 0.042087 0.335461 0.547237 0.019301
2 4 0.099009 0.081385 0.383144 0.376388 0.060074
2 4 0.139350 0.115315 0.337232 0.293647 0.114456
2 4 0.159125 0.143268 0.318505 0.212028 0.167073
2 4 0.135558 0.149082 0.396263 0.166782 0.152316
2 4 0.113543 0.140397 0.468248 0.154971 0.122841
2 4 0.094329 0.114001 0.515709 0.193391 0.082570
2 4 0.087796 0.095850 0.501618 0.250852 0.063884
2 4 0.086065 0.077781 0.434243 0.350945 0.050965
2 4 0.078910 0.075916 0.467061 0.331820 0.046293
2 2 0.079883 0.071900 0.438239 0.365435 0.044543
2 2 0.082683 0.075027 0.438870 0.355819 0.047601
2 2 0.105851 0.087643 0.378922 0.359530 0.068054
2 2 0.128726 0.105424 0.349069 0.319598 0.097183
2 2 0.152796 0.126949 0.317090 0.264271 0.138894
2 2 0.141312 0.127203 0.354308 0.248623 0.128554
2 2 0.098678 0.095984 0.446806 0.288514 0.070018
2 2 0.072190 0.078026 0.522564 0.282555 0.044665
2 2 0.057965 0.071909 0.594678 0.240001 0.035446
2 2 0.048508 0.078786 0.691290 0.145140 0.036276
2 2 0.030478 0.077729 0.803569 0.057814 0.030410
2 2 0.037264 0.104786 0.767499 0.040475 0.049975
2 2 0.037623 0.098779 0.769103 0.049140 0.045355
2 2 0.038594 0.096468 0.765385 0.055703 0.043850
2 2 0.038884 0.090763 0.763314 0.067272 0.039767
2 2 0.045188 0.097330 0.734412 0.076895 0.046174
2 2 0.041833 0.085816 0.744519 0.090089 0.037743
2 2 0.057274 0.092981 0.665544 0.136423 0.047778
2 2 0.071147 0.089424 0.573476 0.215034 0.050920
2 2 0.069557 0.093595 0.594924 0.188979 0.052945
2 2 0.056557 0.090859 0.665454 0.141193 0.045936
2 2 0.036444 0.076804 0.766428 0.089468 0.030856
2 2 0.028907 0.072493 0.808847 0.063255 0.026498
2 2 0.017807 0.057862 0.869003 0.038317 0.017011
2 2 0.019993 0.065581 0.857738 0.035527 0.021161
2 2 0.031847 0.082390 0.797397 0.055131 0.033236
2 2 0.064197 0.122530 0.654822 0.084031 0.074420
2 2 0.092220 0.156268 0.540539 0.084383 0.126590
2 2 0.087394 0.160086 0.552703 0.071106 0.128711
2 2 0.073870 0.150666 0.604883 0.061595 0.108986
2 2 0.054596 0.122543 0.692088 0.060057 0.070715
2 2 0.043164 0.104112 0.744327 0.057149 0.051248
2 2 0.038424 0.077008 0.754554 0.098221 0.031793
2 2 0.034486 0.063825 0.754084 0.123820 0.023785
2 2 0.036693 0.060868 0.723681 0.155857 0.022901
2 2 0.029125 0.051212 0.755747 0.147129 0.016787
2 2 0.028138 0.048425 0.752061 0.155946 0.015430
2 2 0.030347 0.051828 0.745769 0.154690 0.017366
2 2 0.042255 0.061890 0.677353 0.193458 0.025043
2 2 0.048819 0.063690 0.626578 0.233024 0.027889
2 2 0.044971 0.054515 0.601703 0.276498 0.022313
2 2 0.032589 0.040346 0.620359 0.293410 0.013296
2 2 0.025373 0.039950 0.723499 0.199832 0.011346
2 2 0.022588 0.054925 0.830778 0.075067 0.016642
2 2 0.025987 0.078799 0.826159 0.039606 0.029449
2 2 0.024090 0.081983 0.833285 0.029717 0.030924
2 2 0.026731 0.081239 0.822302 0.038182 0.031546
2 2 0.038890 0.081369 0.758300 0.086503 0.034939
2 2 0.051787 0.073232 0.648883 0.191991 0.034107
2 2 0.056297 0.064188 0.564558 0.284176 0.030781
2 2 0.048319 0.048806 0.516813 0.364885 0.021177
2 2 0.048790 0.049201 0.513119 0.367602 0.021288
2 2 0.038807 0.043739 0.574645 0.326528 0.016281
2 2 0.043573 0.072063 0.707050 0.146656 0.030658
2 2 0.050380 0.065768 0.620499 0.234499 0.028853
2 2 0.056068 0.080884 0.643095 0.180453 0.039500
2 2 0.056934 0.093006 0.667968 0.134206 0.047886
2 2 0.036449 0.036133 0.487307 0.427974 0.012137
3 2 0.040093 0.033719 0.385674 0.528554 0.011960
3 2 0.056523 0.045836 0.365860 0.511504 0.020276
2 2 0.060981 0.066110 0.524383 0.316899 0.031626
2 2 0.073442 0.082995 0.511236 0.289839 0.042488
2 2 0.054483 0.084487 0.660627 0.160447 0.039956
2 2 0.051165 0.077691 0.665807 0.169817 0.035520
2 2 0.034266 0.054342 0.712785 0.179698 0.018910
2 2 0.031106 0.043581 0.673183 0.238196 0.013934
2 2 0.036200 0.056357 0.701723 0.185676 0.020044
2 2 0.032057 0.071808 0.788288 0.080881 0.026966
2 2 0.039723 0.093016 0.760127 0.065145 0.041990
2 2 0.047076 0.116383 0.723530 0.050781 0.062230
2 2 0.057292 0.129882 0.677738 0.056241 0.078846
2 2 0.051282 0.129703 0.698289 0.044556 0.076170
2 2 0.063448 0.133130 0.653861 0.064602 0.084960
2 2 0.047395 0.113116 0.724071 0.055406 0.060013
2 2 0.045984 0.108392 0.731519 0.058305 0.055800
2 2 0.037989 0.091805 0.768636 0.060367 0.041203
2 2 0.041712 0.095188 0.751312 0.067240 0.044548
2 2 0.041846 0.099480 0.750778 0.060505 0.047391
2 2 0.035390 0.093224 0.780388 0.049710 0.041288
2 2 0.033524 0.086571 0.789773 0.053503 0.036629
2 2 0.034083 0.081099 0.785565 0.065776 0.033478
2 2 0.033297 0.074629 0.785201 0.077302 0.029570
2 2 0.049041 0.094520 0.714544 0.095057 0.046838
2 2 0.061540 0.103308 0.658547 0.118728 0.057877
2 2 0.084933 0.125655 0.570506 0.130784 0.088123
2 2 0.081795 0.119497 0.578744 0.139908 0.080055
2 2 0.096313 0.127327 0.523763 0.157773 0.094823
2 2 0.127588 0.148212 0.421381 0.163503 0.139316
2 2 0.131250 0.165358 0.409314 0.125278 0.168800
2 2 0.213725 0.178557 0.267110 0.145344 0.195264
2 2 0.191364 0.187936 0.320576 0.107106 0.193017
2 0 0.260101 0.213928 0.275236 0.048739 0.201997
2 0 0.143511 0.206895 0.448832 0.025488 0.175274
2 0 0.119762 0.201666 0.479296 0.027298 0.171979
2 0 0.040827 0.137375 0.719325 0.022266 0.080207
2 1 0.045794 0.138905 0.704023 0.028246 0.083031
2 1 0.081751 0.168907 0.559102 0.053041 0.137199
2 2 0.130219 0.178764 0.400434 0.095310 0.195273
2 2 0.159415 0.161880 0.323745 0.158883 0.196077
2 2 0.159702 0.159311 0.323087 0.165843 0.192056
2 2 0.149538 0.160908 0.353455 0.152110 0.183989
2 2 0.136773 0.168384 0.389718 0.121426 0.183699
2 2 0.117442 0.166478 0.451244 0.102107 0.162728
2 2 0.092465 0.148254 0.544049 0.097236 0.117996
2 2 0.065345 0.114191 0.648897 0.102959 0.068607
2 2 0.058990 0.114689 0.676619 0.083397 0.066305
2 2 0.061875 0.123032 0.664147 0.076086 0.074860
2 2 0.109324 0.184091 0.455550 0.067129 0.183906
2 2 0.122731 0.189301 0.408060 0.073008 0.206900
2 2 0.156228 0.189157 0.337290 0.088883 0.228442
2 0 0.226411 0.195691 0.264492 0.067359 0.246048
2 0 0.192726 0.197971 0.304089 0.066543 0.238671
2 1 0.181141 0.189392 0.295616 0.091108 0.242742
2 1 0.133432 0.189322 0.376552 0.081649 0.219045
2 2 0.148184 0.186498 0.337530 0.097077 0.230711
2 2 0.120315 0.190430 0.412787 0.069183 0.207286
2 2 0.103067 0.181422 0.478933 0.064689 0.171890
2 2 0.141011 0.195915 0.382616 0.063914 0.216544
2 2 0.141901 0.195535 0.379433 0.065482 0.217650
2 2 0.145022 0.187240 0.345754 0.093635 0.228350
2 2 0.133224 0.189350 0.377114 0.081443 0.218869
2 2 0.131593 0.189559 0.381540 0.079833 0.217475
2 2 0.087611 0.186628 0.511107 0.042544 0.172110
2 2 0.094874 0.188377 0.488120 0.047952 0.180677
2 2 0.113761 0.190457 0.431506 0.063357 0.200918
2 2 0.188887 0.194802 0.300399 0.075237 0.240674
0 0 0.270780 0.194610 0.224814 0.057523 0.252274
0 0 0.300405 0.190892 0.199902 0.054571 0.254231
0 0 0.270418 0.188791 0.213380 0.070150 0.257260
0 0 0.264114 0.184699 0.209239 0.081999 0.259948
2 1 0.167151 0.183118 0.297017 0.110909 0.241805
2 1 0.151820 0.185555 0.328163 0.101131 0.233330
2 1 0.146748 0.186844 0.341254 0.095505 0.229649
2 2 0.124048 0.190254 0.402313 0.072619 0.210765
2 2 0.115649 0.190487 0.426069 0.065009 0.202786
2 2 0.092264 0.180952 0.510073 0.053083 0.163627
2 2 0.103086 0.189696 0.462982 0.054406 0.189830
2 2 0.100703 0.189382 0.470190 0.052495 0.187231
2 2 0.151206 0.185721 0.329738 0.100439 0.232895
2 2 0.187360 0.179149 0.260931 0.121865 0.250695
0 2 0.260714 0.184582 0.211190 0.083624 0.259890
0 0 0.278965 0.185122 0.200100 0.076830 0.258983
0 0 0.376075 0.182809 0.143487 0.059782 0.237846
0 0 0.302574 0.188513 0.192303 0.062118 0.254492
0 0 0.423481 0.176862 0.125020 0.042074 0.232563
0 0 0.318122 0.184927 0.177384 0.064947 0.254621
0 0 0.383493 0.182662 0.138001 0.062945 0.232898
0 0 0.362463 0.187271 0.158627 0.049977 0.241663
0 0 0.470602 0.176046 0.108211 0.033750 0.211390
0 0 0.352459 0.195462 0.177450 0.036894 0.237734
0 0 0.287849 0.186550 0.198709 0.068266 0.258625
2 1 0.178601 0.175639 0.261774 0.134634 0.249352
2 2 0.179137 0.175387 0.260486 0.135379 0.249611
2 2 0.137401 0.188723 0.365885 0.085645 0.222346
2 2 0.115370 0.190084 0.427563 0.065228 0.201754
2 2 0.110396 0.188643 0.444219 0.062305 0.194437
2 2 0.088422 0.169305 0.538415 0.060666 0.143193
2 2 0.056603 0.122742 0.684474 0.063947 0.072235
2 2 0.032919 0.081024 0.791700 0.061346 0.033011
2 2 0.027693 0.064962 0.809811 0.074717 0.022816
2 2 0.023964 0.050603 0.807714 0.102341 0.015378
2 2 0.023361 0.044856 0.789955 0.128814 0.013013
2 2 0.026333 0.042571 0.735801 0.182527 0.012769
2 2 0.029776 0.046701 0.720889 0.187513 0.015121
2 2 0.028374 0.047279 0.741937 0.167418 0.014992
2 2 0.022738 0.044054 0.792885 0.127792 0.012530
2 2 0.019640 0.040636 0.813743 0.115352 0.010629
2 2 0.031139 0.062950 0.777926 0.105810 0.022175
2 2 0.035755 0.072030 0.763334 0.100836 0.028044
2 2 0.048572 0.089818 0.710306 0.108979 0.042324
2 2 0.063450 0.097765 0.638961 0.146443 0.053381
2 2 0.091210 0.113208 0.526580 0.190274 0.078728
2 2 0.114959 0.136597 0.459528 0.171679 0.117237
2 2 0.131851 0.189528 0.380837 0.080087 0.217697
2 2 0.122024 0.163845 0.440311 0.124410 0.149410
0 2 0.260893 0.198671 0.225310 0.075759 0.239368
0 2 0.258630 0.190663 0.225025 0.070130 0.255551
0 2 0.360975 0.181572 0.157782 0.046900 0.252771
0 0 0.423233 0.177900 0.122932 0.047729 0.228206
0 0 0.494155 0.171314 0.087162 0.058102 0.189268
0 0 0.498349 0.170267 0.081118 0.070689 0.179576
0 0 0.344370 0.196101 0.171297 0.056323 0.231909
2 2 0.197359 0.194616 0.289593 0.075104 0.243329
2 2 0.155193 0.184594 0.319556 0.104988 0.235668
2 2 0.131261 0.189599 0.382444 0.079508 0.217188
2 2 0.133005 0.189380 0.377706 0.081226 0.218683
2 2 0.130492 0.189688 0.384539 0.078758 0.216523
2 2 0.127540 0.189988 0.392634 0.075912 0.213925
2 2 0.094538 0.188309 0.489167 0.047695 0.180291
2 2 0.100219 0.189311 0.471661 0.052111 0.186698
2 2 0.111428 0.190378 0.438277 0.061345 0.198572
2 4 0.141995 0.187881 0.353694 0.090411 0.226019
2 4 0.179137 0.175387 0.260486 0.135379 0.249611
2 4 0.179137 0.175387 0.260486 0.135379 0.249611
2 4 0.179137 0.175387 0.260486 0.135379 0.249611
2 4 0.179137 0.175387 0.260486 0.135379 0.249611
2 4 0.179137 0.175387 0.260486 0.135379 0.249611
2 4 0.179137 0.175387 0.260486 0.135379 0.249611
2 4 0.179137 0.175387 0.260486 0.135379 0.249611
2 4 0.174325 0.177576 0.272096 0.128805 0.247197
2 4 0.159473 0.191237 0.332741 0.084165 0.232384
2 4 0.147960 0.195274 0.366235 0.068653 0.221878
2 4 0.147771 0.186599 0.338600 0.096623 0.230407
2 4 0.168505 0.179994 0.286306 0.121186 0.244010
2 4 0.179137 0.175387 0.260486 0.135379 0.249611
2 4 0.179137 0.175387 0.260486 0.135379 0.249611
2 4 0.179137 0.175387 0.260486 0.135379 0.249611
2 4 0.179137 0.175387 0.260486 0.135379 0.249611
2 4 0.179137 0.175387 0.260486 0.135379 0.249611
2 1 0.188560 0.181196 0.264862 0.115266 0.250115
2 1 0.245119 0.190068 0.246498 0.075846 0.242469
0 1 0.287781 0.195973 0.225812 0.071150 0.219284
0 1 0.286539 0.198450 0.196410 0.089261 0.229340
0 0 0.315814 0.193988 0.178093 0.077748 0.234357
0 0 0.267778 0.188574 0.208502 0.082915 0.252230
0 0 0.285344 0.186118 0.186892 0.094986 0.246659
0 0 0.278597 0.193526 0.201112 0.086494 0.240270
0 0 0.287389 0.193450 0.204608 0.066827 0.247726
0 0 0.323314 0.190588 0.187845 0.046593 0.251660
0 0 0.326949 0.183954 0.174935 0.057123 0.257039
0 0 0.326027 0.184001 0.175414 0.057427 0.257131
0 0 0.278768 0.185004 0.200938 0.075363 0.259926
0 1 0.272854 0.184920 0.204267 0.077972 0.259988
4 1 0.207892 0.180196 0.242637 0.113852 0.255422
2 1 0.187805 0.177047 0.255068 0.128422 0.251658
4 0 0.216664 0.181291 0.237279 0.108092 0.256674
4 1 0.207257 0.180111 0.243027 0.114283 0.255323
4 1 0.233510 0.182962 0.227132 0.097921 0.258475
2 1 0.200685 0.183526 0.257758 0.105875 0.252156
4 1 0.224612 0.183894 0.236412 0.098370 0.256712
4 1 0.222690 0.181952 0.233627 0.104325 0.257406
2 1 0.169414 0.188154 0.308216 0.094883 0.239333
2 1 0.145664 0.187095 0.344077 0.094328 0.228836
2 1 0.131151 0.189612 0.382742 0.079400 0.217094
2 1 0.130601 0.189676 0.384242 0.078863 0.216617
2 1 0.125312 0.190169 0.398797 0.073802 0.211920
2 1 0.129360 0.187635 0.391341 0.081001 0.210663
2 1 0.103698 0.143622 0.504403 0.131085 0.117192
2 2 0.070311 0.107160 0.617714 0.141422 0.063393
2 2 0.054424 0.090167 0.676995 0.133630 0.044784
2 2 0.050600 0.101992 0.710655 0.084756 0.051997
2 2 0.049849 0.106032 0.715243 0.073888 0.054989
2 2 0.055789 0.122361 0.687716 0.063338 0.070797
2 2 0.044482 0.097418 0.738431 0.072912 0.046757
2 2 0.046712 0.100295 0.728463 0.075178 0.049352
2 2 0.068736 0.118736 0.634741 0.105785 0.072002
2 2 0.083845 0.116314 0.563908 0.159631 0.076303
0 2 0.313621 0.179526 0.195069 0.126466 0.185319
0 2 0.381966 0.189143 0.145408 0.075520 0.207963
0 2 0.447552 0.184582 0.111851 0.054636 0.201379
0 1 0.429410 0.185390 0.127890 0.039080 0.218230
0 0 0.437029 0.184060 0.119633 0.047284 0.211994
0 0 0.397166 0.179783 0.136947 0.046952 0.239153
0 0 0.281691 0.185028 0.199304 0.074107 0.259870
4 1 0.222110 0.181891 0.233978 0.104681 0.257340
2 1 0.200297 0.181567 0.253318 0.111760 0.253058
2 1 0.196641 0.183605 0.262178 0.106477 0.251099
0 1 0.281544 0.190796 0.210440 0.061730 0.255491
0 0 0.393383 0.182593 0.123344 0.086303 0.214377
0 0 0.423606 0.179360 0.106228 0.091419 0.199387
0 0 0.482223 0.172030 0.086049 0.074761 0.184937
2 0 0.234451 0.199807 0.269643 0.055864 0.240235
2 1 0.168268 0.193396 0.325182 0.078795 0.234359
2 2 0.150830 0.185822 0.330705 0.100016 0.232627
2 2 0.142859 0.187705 0.351422 0.091324 0.226691
2 2 0.128647 0.184857 0.397286 0.084219 0.204991
2 2 0.105593 0.162333 0.492952 0.095990 0.143130
2 2 0.112847 0.128585 0.457009 0.196962 0.104598
2 2 0.105472 0.125462 0.483542 0.191462 0.094062
0 2 0.255316 0.185266 0.242448 0.134339 0.182630
0 2 0.260969 0.203568 0.240007 0.057169 0.238286
0 1 0.289932 0.199835 0.222860 0.041677 0.245696
0 0 0.321305 0.188613 0.185381 0.050843 0.253858
2 0 0.232938 0.193831 0.251889 0.070442 0.250901
4 1 0.194469 0.178196 0.250922 0.123360 0.253053
2 1 0.166694 0.180696 0.290765 0.118885 0.242960
2 1 0.133982 0.189247 0.375066 0.082196 0.219510
2 1 0.131783 0.183172 0.391996 0.091690 0.201359
2 2 0.072499 0.109614 0.605168 0.150119 0.062601
2 2 0.080913 0.087384 0.482169 0.301855 0.047680
2 2 0.083414 0.115434 0.565646 0.159386 0.076119
2 2 0.082257 0.139007 0.583090 0.097638 0.098008
2 2 0.139930 0.184974 0.383923 0.088584 0.202589
2 1 0.141132 0.190978 0.414203 0.064018 0.189669
2 1 0.117571 0.181735 0.453608 0.072793 0.174292
2 2 0.071206 0.141727 0.621520 0.069783 0.095763
2 2 0.089792 0.133674 0.553916 0.125540 0.097079
2 2 0.057271 0.076268 0.617668 0.211545 0.037249
2 2 0.068849 0.097186 0.608094 0.170519 0.055352
2 2 0.047771 0.096731 0.722217 0.085695 0.047587
2 2 0.045031 0.085418 0.726478 0.103936 0.039138
2 2 0.025712 0.055398 0.806154 0.094884 0.017852
2 2 0.033217 0.050757 0.706262 0.192233 0.017531
2 2 0.042513 0.073666 0.719605 0.132983 0.031233
2 2 0.051805 0.065068 0.597712 0.257317 0.028099
2 2 0.073083 0.095317 0.569019 0.210695 0.051885
2 2 0.084300 0.135920 0.575753 0.107240 0.096787
2 2 0.045997 0.058073 0.595884 0.278073 0.021973
2 2 0.039490 0.046492 0.562373 0.336195 0.015451
2 2 0.030127 0.037774 0.606792 0.314387 0.010920
2 2 0.035496 0.038830 0.523901 0.389758 0.012016
2 2 0.100143 0.100421 0.414491 0.324651 0.060294
0 2 0.280567 0.177947 0.194056 0.169076 0.178354
0 2 0.361079 0.187051 0.132514 0.111026 0.208330
0 0 0.484250 0.171211 0.082119 0.084062 0.178359
0 0 0.509978 0.185133 0.081000 0.070692 0.153198
0 0 0.526300 0.180667 0.079063 0.064568 0.149401
0 0 0.500820 0.176984 0.086676 0.057908 0.177612
2 0 0.216758 0.211608 0.298123 0.049763 0.223749
2 1 0.175904 0.203370 0.314223 0.089865 0.216637
2 2 0.153807 0.184999 0.323083 0.103392 0.234718
2 2 0.210809 0.181762 0.254823 0.114247 0.238359
0 2 0.238242 0.192069 0.232489 0.105228 0.231971
0 2 0.310822 0.199080 0.184703 0.077291 0.228104
0 1 0.332189 0.193230 0.173058 0.064958 0.236565
0 1 0.280233 0.197446 0.204716 0.081780 0.235826
0 1 0.347023 0.192669 0.162791 0.065866 0.231652
0 1 0.253350 0.197498 0.243351 0.056681 0.249119
0 0 0.378660 0.196892 0.159048 0.041494 0.223906
0 0 0.452320 0.181372 0.114933 0.040393 0.210982
0 0 0.531295 0.164393 0.078765 0.040074 0.185473
0 0 0.502581 0.166334 0.091430 0.034767 0.204887
0 0 0.342727 0.192790 0.182799 0.036159 0.245525
0 2 0.281523 0.186969 0.203095 0.069896 0.258517
2 2 0.179137 0.175387 0.260486 0.135379 0.249611
2 2 0.179137 0.175387 0.260486 0.135379 0.249611
2 4 0.179137 0.175387 0.260486 0.135379 0.249611
2 4 0.179137 0.175387 0.260486 0.135379 0.249611
2 4 0.179137 0.175387 0.260486 0.135379 0.249611
2 4 0.179137 0.175387 0.260486 0.135379 0.249611
2 4 0.179137 0.175387 0.260486 0.135379 0.249611
2 4 0.179137 0.175387 0.260486 0.135379 0.249611
4 4 0.201211 0.179251 0.246749 0.118475 0.254314
2 4 0.179137 0.175387 0.260486 0.135379 0.249611
4 4 0.207657 0.180165 0.242781 0.114011 0.255386
4 4 0.234825 0.183070 0.226349 0.097172 0.258585
4 4 0.194908 0.178268 0.250650 0.123035 0.253140
2 4 0.179137 0.175387 0.260486 0.135379 0.249611
2 4 0.179137 0.175387 0.260486 0.135379 0.249611
2 4 0.179137 0.175387 0.260486 0.135379 0.249611
2 4 0.179137 0.175387 0.260486 0.135379 0.249611
2 4 0.179137 0.175387 0.260486 0.135379 0.249611
2 4 0.179137 0.175387 0.260486 0.135379 0.249611
2 4 0.179137 0.175387 0.260486 0.135379 0.249611
2 4 0.179137 0.175387 0.260486 0.135379 0.249611
2 4 0.179137 0.175387 0.260486 0.135379 0.249611
2 4 0.179137 0.175387 0.260486 0.135379 0.249611
2 4 0.179137 0.175387 0.260486 0.135379 0.249611
2 4 0.179137 0.175387 0.260486 0.135379 0.249611
2 4 0.179137 0.175387 0.260486 0.135379 0.249611
2 4 0.150283 0.185966 0.332112 0.099404 0.232235
2 4 0.127362 0.190004 0.393126 0.075742 0.213765
2 4 0.147169 0.186744 0.340161 0.095964 0.229962
2 4 0.138469 0.188541 0.363035 0.086740 0.223214
2 4 0.162850 0.182106 0.300297 0.114106 0.240642
2 4 0.134876 0.189118 0.372657 0.083090 0.220260
2 4 0.118585 0.190472 0.417687 0.067620 0.205636
2 4 0.080788 0.184438 0.533420 0.037715 0.163640
2 4 0.080651 0.184388 0.533875 0.037620 0.163465
2 4 0.083406 0.185344 0.524770 0.039540 0.166940
2 4 0.094173 0.188233 0.490308 0.047417 0.179870
2 4 0.098502 0.179531 0.492921 0.060140 0.168906
2 2 0.090814 0.180621 0.513444 0.051050 0.164072
2 2 0.070436 0.168914 0.590155 0.038726 0.131769
2 2 0.087755 0.185821 0.512470 0.043417 0.170536
2 2 0.123283 0.190299 0.404449 0.071907 0.210061
2 2 0.166090 0.196518 0.337888 0.069372 0.230132
0 0 0.284261 0.196400 0.219683 0.049645 0.250010
0 0 0.349616 0.185537 0.168192 0.045000 0.251656
0 0 0.350048 0.186272 0.161426 0.057710 0.244545
0 0 0.343020 0.183111 0.166370 0.052834 0.254664
0 0 0.266501 0.184771 0.207875 0.080878 0.259975
4 2 0.234676 0.183057 0.226437 0.097256 0.258573
2 2 0.189569 0.177362 0.253968 0.127059 0.252042
4 2 0.219946 0.181660 0.235287 0.106022 0.257085
0 0 0.314234 0.184513 0.181603 0.061463 0.258187
0 0 0.431269 0.177719 0.117296 0.051922 0.221793
0 0 0.294493 0.195441 0.211687 0.048106 0.250273
2 1 0.163369 0.193129 0.332100 0.078977 0.232424
2 1 0.179137 0.175387 0.260486 0.135379 0.249611
2 1 0.179137 0.175387 0.260486 0.135379 0.249611
2 1 0.173049 0.178128 0.275196 0.127104 0.246523
2 1 0.141804 0.187919 0.354197 0.090210 0.225869
2 1 0.115877 0.187743 0.430101 0.068530 0.197749
2 2 0.078315 0.134710 0.598749 0.094464 0.093762
2 2 0.079478 0.111257 0.579534 0.158115 0.071617
2 2 0.059013 0.092501 0.655056 0.145086 0.048346
2 2 0.057070 0.088968 0.659482 0.149156 0.045325
2 2 0.051086 0.094599 0.703200 0.103951 0.047164
2 2 0.054256 0.117827 0.695417 0.065948 0.066551
2 2 0.054519 0.121158 0.693066 0.061322 0.069935
2 2 0.051637 0.116562 0.706131 0.060933 0.064737
2 2 0.050237 0.107491 0.713829 0.071643 0.056800
2 2 0.039772 0.077866 0.748021 0.101298 0.033044
2 2 0.033228 0.065960 0.770551 0.105596 0.024665
2 2 0.031767 0.057568 0.757069 0.133392 0.020204
2 2 0.036813 0.053697 0.684507 0.205312 0.019671
2 2 0.044982 0.052396 0.584477 0.296715 0.021430
2 2 0.043446 0.041391 0.487120 0.411282 0.016762
2 2 0.039288 0.036627 0.476406 0.433707 0.013973
2 2 0.030521 0.029293 0.491006 0.439672 0.009508
3 2 0.025379 0.022517 0.429279 0.516451 0.006373
3 2 0.020998 0.016058 0.312053 0.646983 0.003908
3 3 0.024093 0.017683 0.281656 0.672024 0.004544
3 3 0.024975 0.016629 0.213161 0.741042 0.004192
3 3 0.023272 0.013116 0.129968 0.830496 0.003148
3 3 0.020676 0.009982 0.077961 0.889122 0.002259
3 3 0.017410 0.007815 0.060018 0.913129 0.001629
3 3 0.014302 0.006084 0.049886 0.928562 0.001166
3 3 0.013257 0.005525 0.046375 0.933819 0.001024
3 3 0.015501 0.006490 0.048347 0.928355 0.001308
3 3 0.014022 0.005625 0.040050 0.939237 0.001066
3 3 0.012820 0.004896 0.032557 0.948846 0.000881
3 3 0.020597 0.009659 0.067133 0.900487 0.002124
3 3 0.019304 0.009512 0.078512 0.890659 0.002014
3 3 0.025418 0.010212 0.039473 0.922387 0.002510
3 3 0.030297 0.011490 0.033879 0.921169 0.003165
3 3 0.011509 0.002946 0.007202 0.977826 0.000517
3 3 0.011700 0.002997 0.007088 0.977689 0.000525
3 3 0.010363 0.002595 0.006434 0.980178 0.000430
3 3 0.008941 0.002107 0.005019 0.983607 0.000326
3 3 0.009902 0.002407 0.005588 0.981717 0.000386
3 3 0.009208 0.002057 0.004001 0.984413 0.000320
3 3 0.009016 0.002016 0.003970 0.984689 0.000309
3 3 0.009993 0.002272 0.004184 0.983189 0.000362
3 3 0.010023 0.002338 0.004511 0.982759 0.000368
3 3 0.012010 0.002938 0.005354 0.979201 0.000497
3 3 0.011810 0.002642 0.003870 0.981228 0.000450
3 3 0.010499 0.002206 0.002914 0.984030 0.000351
3 3 0.008147 0.001562 0.002152 0.987910 0.000229
3 3 0.008315 0.001629 0.002357 0.987456 0.000242
3 3 0.007585 0.001453 0.002229 0.988523 0.000211
3 3 0.009568 0.001970 0.002999 0.985146 0.000317
3 3 0.008154 0.001490 0.001905 0.988224 0.000226
3 3 0.009952 0.001934 0.002414 0.985381 0.000319
3 3 0.008906 0.001656 0.002014 0.987164 0.000260
3 3 0.008748 0.001698 0.002286 0.987010 0.000259
3 3 0.008167 0.001595 0.002267 0.987739 0.000232
3 3 0.010261 0.002038 0.002478 0.984892 0.000331
3 3 0.010725 0.002276 0.003188 0.983437 0.000375
3 3 0.012020 0.002459 0.002844 0.982245 0.000432
3 3 0.011059 0.002120 0.002141 0.984325 0.000355
3 3 0.012708 0.002371 0.001934 0.982563 0.000424
3 3 0.012692 0.002448 0.002044 0.982395 0.000421
3 3 0.011750 0.002261 0.002073 0.983536 0.000380
3 3 0.011597 0.002263 0.002104 0.983665 0.000371
3 3 0.014079 0.002934 0.002784 0.979675 0.000528
3 3 0.012669 0.002519 0.002233 0.982154 0.000426
3 3 0.013463 0.002854 0.002943 0.980240 0.000501
3 3 0.010123 0.001987 0.002193 0.985388 0.000309
3 3 0.011310 0.002306 0.002624 0.983377 0.000382
3 3 0.012639 0.002558 0.002494 0.981869 0.000441
3 3 0.012654 0.002305 0.001626 0.983018 0.000396
3 3 0.014939 0.002836 0.001947 0.979749 0.000528
3 3 0.014619 0.002573 0.001482 0.980845 0.000481
3 3 0.014416 0.002665 0.001850 0.980568 0.000501
3 3 0.015248 0.002844 0.001963 0.979390 0.000555
3 3 0.016938 0.003556 0.002989 0.975808 0.000709
3 3 0.016397 0.003304 0.002567 0.977079 0.000653
3 3 0.013450 0.002752 0.002694 0.980609 0.000495
3 3 0.014564 0.002814 0.002250 0.979835 0.000537
3 3 0.013310 0.002705 0.002606 0.980896 0.000483
3 3 0.016177 0.003581 0.003664 0.975881 0.000697
3 3 0.011983 0.002609 0.003174 0.981805 0.000428
3 3 0.012397 0.002580 0.002742 0.981844 0.000437
3 3 0.009647 0.001792 0.001799 0.986486 0.000276
3 3 0.011300 0.001984 0.001504 0.984877 0.000335
3 3 0.010641 0.001824 0.001321 0.985919 0.000295
3 3 0.011332 0.001850 0.001063 0.985450 0.000305
3 3 0.014819 0.002501 0.001188 0.981033 0.000459
3 3 0.014328 0.002530 0.001399 0.981290 0.000454
3 3 0.014670 0.002643 0.001512 0.980697 0.000478
3 3 0.012302 0.002205 0.001501 0.983620 0.000371
3 3 0.011032 0.001821 0.001138 0.985709 0.000300
3 3 0.012559 0.002135 0.001298 0.983633 0.000375
3 3 0.012929 0.002099 0.001074 0.983525 0.000372
3 3 0.018897 0.003383 0.001586 0.975425 0.000709
3 3 0.015586 0.002758 0.001432 0.979707 0.000517
3 3 0.016212 0.003001 0.001698 0.978520 0.000569
3 3 0.013817 0.002622 0.001829 0.981274 0.000458
3 3 0.012719 0.002319 0.001601 0.982964 0.000396
3 3 0.011609 0.002091 0.001532 0.984425 0.000343
3 3 0.014897 0.002735 0.001702 0.980158 0.000508
3 3 0.022961 0.004410 0.002096 0.969525 0.001008
3 3 0.028935 0.005580 0.002298 0.961717 0.001470
3 3 0.029764 0.006047 0.002712 0.959895 0.001582
3 3 0.018093 0.003349 0.001885 0.975972 0.000702
3 3 0.013041 0.002379 0.001778 0.982372 0.000431
3 3 0.009287 0.001584 0.001297 0.987591 0.000242
3 3 0.012357 0.002314 0.001838 0.983095 0.000396
3 3 0.013282 0.002354 0.001465 0.982485 0.000414
3 3 0.019816 0.003824 0.002113 0.973433 0.000814
3 3 0.016726 0.003179 0.002029 0.977432 0.000633
3 3 0.019656 0.003829 0.002329 0.973350 0.000836
3 3 0.018406 0.003635 0.002460 0.974729 0.000770
3 3 0.018717 0.003641 0.002273 0.974599 0.000770
3 3 0.016989 0.003141 0.001856 0.977377 0.000637
3 3 0.018062 0.003439 0.002081 0.975702 0.000715
3 3 0.018481 0.003695 0.002457 0.974602 0.000766
3 3 0.019933 0.004722 0.004682 0.969666 0.000997
3 3 0.018547 0.005226 0.008884 0.966298 0.001044
3 3 0.027273 0.011696 0.040877 0.917483 0.002671
3 3 0.042809 0.024922 0.114978 0.810263 0.007028
3 2 0.068102 0.071233 0.396298 0.439471 0.024896
2 2 0.050646 0.079614 0.642426 0.198365 0.028949
2 2 0.043162 0.075976 0.707811 0.144009 0.029041
2 2 0.033658 0.067032 0.768354 0.106031 0.024925
2 2 0.030470 0.062291 0.782524 0.102820 0.021895
2 2 0.030308 0.060979 0.780467 0.107004 0.021243
2 2 0.054895 0.073933 0.626479 0.209444 0.035249
2 2 0.075768 0.091254 0.552405 0.226207 0.054366
2 2 0.124311 0.117669 0.396408 0.256917 0.104694
2 2 0.157079 0.151229 0.329381 0.185781 0.176530
2 4 0.165664 0.163909 0.305165 0.158357 0.206904
2 4 0.179137 0.175387 0.260486 0.135379 0.249611
2 4 0.179137 0.175387 0.260486 0.135379 0.249611
2 4 0.179137 0.175387 0.260486 0.135379 0.249611
2 4 0.179137 0.175387 0.260486 0.135379 0.249611
2 4 0.179137 0.175387 0.260486 0.135379 0.249611
2 4 0.179137 0.175387 0.260486 0.135379 0.249611
2 4 0.179137 0.175387 0.260486 0.135379 0.249611
2 4 0.179137 0.175387 0.260486 0.135379 0.249611
2 4 0.179137 0.175387 0.260486 0.135379 0.249611
2 4 0.179137 0.175387 0.260486 0.135379 0.249611
2 4 0.179137 0.175387 0.260486 0.135379 0.249611
2 4 0.179137 0.175387 0.260486 0.135379 0.249611
2 4 0.179137 0.175387 0.260486 0.135379 0.249611
2 4 0.179137 0.175387 0.260486 0.135379 0.249611
2 4 0.179137 0.175387 0.260486 0.135379 0.249611
2 4 0.179137 0.175387 0.260486 0.135379 0.249611
2 4 0.179137 0.175387 0.260486 0.135379 0.249611
2 4 0.179137 0.175387 0.260486 0.135379 0.249611
2 4 0.179137 0.175387 0.260486 0.135379 0.249611
2 4 0.179137 0.175387 0.260486 0.135379 0.249611
2 4 0.179137 0.175387 0.260486 0.135379 0.249611
2 4 0.179137 0.175387 0.260486 0.135379 0.249611
2 4 0.179137 0.175387 0.260486 0.135379 0.249611
2 4 0.179137 0.175387 0.260486 0.135379 0.249611
2 4 0.179137 0.175387 0.260486 0.135379 0.249611
2 4 0.179137 0.175387 0.260486 0.135379 0.249611
2 4 0.179137 0.175387 0.260486 0.135379 0.249611
2 4 0.179137 0.175387 0.260486 0.135379 0.249611
2 4 0.179137 0.175387 0.260486 0.135379 0.249611
2 4 0.179137 0.175387 0.260486 0.135379 0.249611
2 4 0.179137 0.175387 0.260486 0.135379 0.249611
2 4 0.179137 0.175387 0.260486 0.135379 0.249611
2 4 0.179137 0.175387 0.260486 0.135379 0.249611
2 4 0.179137 0.175387 0.260486 0.135379 0.249611
2 4 0.154285 0.184861 0.321866 0.103941 0.235048
2 4 0.178570 0.175654 0.261849 0.134591 0.249337
2 4 0.179137 0.175387 0.260486 0.135379 0.249611
2 4 0.179137 0.175387 0.260486 0.135379 0.249611
2 1 0.179137 0.175387 0.260486 0.135379 0.249611
2 1 0.179137 0.175387 0.260486 0.135379 0.249611
2 1 0.177251 0.176266 0.265024 0.132771 0.248689
2 1 0.151962 0.185516 0.327800 0.101292 0.233431
2 2 0.135312 0.189053 0.371483 0.083528 0.220623
2 2 0.174785 0.177374 0.270981 0.129422 0.247437
2 2 0.204516 0.172678 0.284283 0.132782 0.205741
0 0 0.241904 0.180631 0.188728 0.167330 0.221407
0 0 0.262026 0.185275 0.199481 0.105962 0.247255
4 0 0.192178 0.177813 0.252345 0.125074 0.252591
2 0 0.179137 0.175387 0.260486 0.135379 0.249611
2 1 0.179137 0.175387 0.260486 0.135379 0.249611
2 1 0.172513 0.178356 0.276500 0.126395 0.246236
2 1 0.159484 0.183252 0.308716 0.110035 0.238513
2 1 0.156940 0.184064 0.315129 0.107023 0.236844
2 4 0.161804 0.182471 0.302905 0.112830 0.239990
2 4 0.179137 0.175387 0.260486 0.135379 0.249611
2 4 0.179137 0.175387 0.260486 0.135379 0.249611
4 4 0.192651 0.177893 0.252051 0.124717 0.252688
2 1 0.191670 0.177727 0.252660 0.125457 0.252486
2 1 0.179137 0.175387 0.260486 0.135379 0.249611
2 1 0.179137 0.175387 0.260486 0.135379 0.249611
2 1 0.179137 0.175387 0.260486 0.135379 0.249611
2 1 0.148588 0.186831 0.337854 0.096066 0.230660
2 1 0.228091 0.191037 0.265340 0.077641 0.237891
0 1 0.327661 0.188257 0.194202 0.050543 0.239337
2 1 0.165454 0.200059 0.374374 0.053094 0.207018
2 1 0.137591 0.188691 0.365375 0.085840 0.222502
2 1 0.155363 0.183722 0.320205 0.106786 0.233924
2 1 0.132960 0.170398 0.400786 0.115376 0.180480
2 1 0.132744 0.186157 0.384176 0.086684 0.210239
2 1 0.140698 0.188135 0.357120 0.089050 0.224998
2 1 0.158814 0.183470 0.310401 0.109236 0.238079
2 1 0.183334 0.176215 0.257859 0.131956 0.250636
2 1 0.179137 0.175387 0.260486 0.135379 0.249611
2 2 0.179137 0.175387 0.260486 0.135379 0.249611
2 2 0.179137 0.175387 0.260486 0.135379 0.249611
2 2 0.178885 0.175506 0.261091 0.135029 0.249490
2 2 0.176262 0.168248 0.273564 0.152727 0.229199
2 2 0.167578 0.175766 0.293206 0.130421 0.233028
2 2 0.153048 0.185215 0.325021 0.102525 0.234192
2 2 0.135181 0.189073 0.371836 0.083396 0.220514
2 2 0.108851 0.190235 0.445826 0.059159 0.195929
2 2 0.092938 0.173353 0.519568 0.061752 0.152388
2 2 0.076960 0.147622 0.597333 0.070523 0.107561
2 2 0.102753 0.148730 0.508118 0.115136 0.125262
2 2 0.103800 0.141087 0.503891 0.135134 0.116089
2 2 0.087276 0.120618 0.556126 0.151673 0.084308
2 2 0.074532 0.114739 0.607182 0.131038 0.072510
2 2 0.063706 0.109763 0.653398 0.109519 0.063615
2 2 0.057702 0.113084 0.681779 0.083468 0.063967
2 2 0.044083 0.102166 0.740578 0.063384 0.049789
2 2 0.059014 0.116301 0.675808 0.083284 0.065593
2 1 0.086916 0.135441 0.591354 0.098264 0.088024
2 1 0.056919 0.119697 0.684124 0.071677 0.067583
2 1 0.062163 0.115858 0.662472 0.092514 0.066993
2 1 0.064988 0.094853 0.625820 0.161803 0.052535
2 2 0.042145 0.065334 0.694273 0.171544 0.026704
2 2 0.027781 0.050684 0.768051 0.137206 0.016279
2 2 0.027750 0.050935 0.769338 0.135630 0.016346
2 2 0.026701 0.049346 0.773233 0.135271 0.015449
2 2 0.031263 0.056110 0.755280 0.138049 0.019298
2 2 0.026820 0.050983 0.779572 0.126465 0.016160
2 2 0.035482 0.064828 0.749061 0.126041 0.024589
2 2 0.035425 0.068171 0.758890 0.111156 0.026358
2 2 0.040189 0.067204 0.718112 0.147373 0.027122
2 2 0.038119 0.057372 0.692922 0.189912 0.021674
2 2 0.037444 0.054275 0.680715 0.207544 0.020022
2 2 0.040175 0.056975 0.667454 0.213588 0.021808
2 2 0.041620 0.067070 0.702945 0.161467 0.026899
2 2 0.035229 0.051006 0.682328 0.213504 0.017933
2 2 0.032281 0.040814 0.621627 0.292358 0.012919
2 2 0.028705 0.037016 0.641353 0.281663 0.011264
2 2 0.038757 0.047998 0.611022 0.284867 0.017355
2 2 0.050034 0.082656 0.688858 0.139931 0.038522
2 2 0.044048 0.088219 0.735207 0.092037 0.040489
2 2 0.041622 0.091834 0.750749 0.073569 0.042226
2 2 0.023502 0.051111 0.814213 0.095641 0.015533
2 2 0.024266 0.046573 0.787599 0.127732 0.013830
