0 0 0.971578 0.001513 0.008097 0.016428 0.002385
0 0 0.998706 0.000087 0.000412 0.000367 0.000429
0 0 0.999399 0.000027 0.000178 0.000268 0.000128
0 0 0.999726 0.000015 0.000076 0.000054 0.000129
0 0 0.999954 0.000002 0.000008 0.000004 0.000032
0 0 0.999925 0.000003 0.000012 0.000004 0.000057
0 0 0.999806 0.000010 0.000043 0.000020 0.000121
0 0 0.997303 0.000228 0.000839 0.000512 0.001117
0 0 0.998173 0.000139 0.000577 0.000417 0.000694
0 0 0.998762 0.000089 0.000380 0.000266 0.000503
0 0 0.998799 0.000091 0.000325 0.000157 0.000629
0 0 0.993792 0.000632 0.001706 0.000639 0.003231
0 0 0.973142 0.003504 0.007058 0.001932 0.014364
0 0 0.862460 0.022346 0.028841 0.004315 0.082038
0 0 0.814022 0.025795 0.020198 0.002550 0.137435
0 0 0.612696 0.061771 0.035316 0.005525 0.284693
0 1 0.649341 0.058165 0.038317 0.006003 0.248174
0 1 0.554535 0.092855 0.077182 0.015039 0.260388
0 1 0.517798 0.107550 0.100483 0.021381 0.252788
0 1 0.445792 0.132073 0.129194 0.031208 0.261733
0 1 0.419992 0.141398 0.146066 0.037106 0.255437
0 1 0.386057 0.152774 0.174534 0.047442 0.239194
0 1 0.320318 0.170050 0.232266 0.071357 0.206010
2 2 0.259487 0.187994 0.263830 0.090426 0.198262
2 2 0.235990 0.162784 0.349938 0.068841 0.182447
0 2 0.369991 0.154834 0.209020 0.059125 0.207031
0 2 0.476813 0.123178 0.146495 0.034603 0.218911
0 2 0.512035 0.111467 0.117420 0.025770 0.233308
0 2 0.470427 0.124202 0.124549 0.029016 0.251807
0 2 0.377196 0.152651 0.205586 0.057476 0.207090
0 2 0.275238 0.183344 0.255781 0.085129 0.200509
2 2 0.116544 0.160050 0.502893 0.083202 0.137311
2 2 0.065763 0.135517 0.621443 0.076533 0.100743
2 2 0.064971 0.146172 0.597090 0.088321 0.103446
2 2 0.091252 0.174112 0.499451 0.106970 0.128215
2 2 0.130060 0.209719 0.366901 0.130031 0.163289
2 2 0.170364 0.222673 0.285921 0.118523 0.202519
2 2 0.169282 0.228587 0.270243 0.112117 0.219771
2 2 0.155491 0.233017 0.277992 0.119639 0.213861
2 2 0.154459 0.231910 0.282577 0.122011 0.209042
2 2 0.149276 0.233477 0.285538 0.125077 0.206632
2 2 0.140389 0.231462 0.301907 0.135730 0.190513
2 2 0.139448 0.229215 0.308167 0.138924 0.184246
2 2 0.163169 0.225700 0.287461 0.121364 0.202307
2 2 0.177886 0.224083 0.270852 0.110042 0.217137
4 2 0.208761 0.220742 0.221757 0.082942 0.265798
4 2 0.211292 0.221384 0.207447 0.076681 0.283197
4 2 0.200565 0.226843 0.203713 0.076882 0.291997
4 2 0.192139 0.227889 0.227165 0.088273 0.264534
4 2 0.199349 0.223728 0.230709 0.088348 0.257865
0 2 0.334026 0.169874 0.140324 0.039906 0.315870
0 4 0.393885 0.146994 0.121789 0.031177 0.306156
0 4 0.615361 0.072925 0.056951 0.009787 0.244975
0 4 0.712447 0.049598 0.042157 0.006106 0.189692
0 4 0.507318 0.102726 0.074408 0.015206 0.300341
0 4 0.421778 0.119310 0.067648 0.015029 0.376235
0 4 0.381484 0.136781 0.080904 0.019591 0.381240
0 4 0.524824 0.093191 0.061602 0.011902 0.308482
0 4 0.633799 0.061902 0.040763 0.006420 0.257116
0 4 0.494917 0.103537 0.069687 0.014270 0.317589
4 4 0.341404 0.153083 0.091040 0.023808 0.390665
4 4 0.243713 0.205729 0.149812 0.049853 0.350893
4 4 0.217144 0.219895 0.180164 0.064736 0.318062
4 4 0.219351 0.218328 0.199221 0.072123 0.290976
4 4 0.228308 0.213565 0.206830 0.073855 0.277442
4 4 0.257713 0.201854 0.189460 0.063430 0.287543
4 4 0.309207 0.178466 0.138642 0.040853 0.332832
0 4 0.389961 0.139851 0.092855 0.022812 0.354521
0 4 0.402676 0.139263 0.101414 0.024893 0.331755
0 4 0.430799 0.133430 0.109852 0.026368 0.299550
0 4 0.342468 0.165500 0.131322 0.036518 0.324192
4 4 0.329644 0.165323 0.113113 0.031273 0.360646
4 4 0.296178 0.177771 0.116595 0.034092 0.375363
4 4 0.371367 0.133761 0.070957 0.016977 0.406938
0 4 0.446687 0.116493 0.073388 0.016068 0.347363
0 4 0.451197 0.117433 0.077721 0.017110 0.336539
4 4 0.322409 0.173967 0.140194 0.040557 0.322873
4 4 0.246094 0.206856 0.172082 0.058136 0.316832
2 4 0.174244 0.230463 0.255492 0.104412 0.235389
2 4 0.150665 0.234032 0.282105 0.123061 0.210137
2 4 0.141877 0.224347 0.316249 0.141528 0.175999
2 4 0.137352 0.222274 0.325320 0.147428 0.167626
2 4 0.094233 0.200519 0.429134 0.139107 0.137008
2 2 0.068824 0.163968 0.549310 0.106787 0.111110
2 2 0.111065 0.168869 0.488860 0.093704 0.137503
2 2 0.211890 0.199322 0.294329 0.106137 0.188323
2 2 0.246816 0.191700 0.270359 0.094947 0.196178
0 2 0.287297 0.179757 0.249669 0.081294 0.201984
0 2 0.302203 0.175299 0.242176 0.076793 0.203529
0 2 0.260771 0.195270 0.232043 0.078784 0.233132
2 2 0.220771 0.209907 0.247666 0.091142 0.230514
2 2 0.237512 0.199421 0.258375 0.092203 0.212490
0 2 0.292452 0.178218 0.247069 0.079708 0.202553
0 2 0.374906 0.153345 0.206676 0.057996 0.207077
0 2 0.429792 0.136751 0.181065 0.046536 0.205856
0 2 0.466221 0.125811 0.164650 0.039947 0.203371
0 2 0.406744 0.143709 0.191693 0.051106 0.206749
0 2 0.399939 0.145767 0.194866 0.052520 0.206909
0 2 0.368470 0.155294 0.209746 0.059478 0.207011
0 2 0.370601 0.154649 0.208728 0.058984 0.207038
0 2 0.560383 0.098127 0.125630 0.026706 0.189155
0 2 0.638845 0.076934 0.106070 0.024715 0.153436
0 2 0.619975 0.081707 0.107013 0.022645 0.168659
0 2 0.492891 0.117716 0.156542 0.038433 0.194418
0 2 0.344479 0.162557 0.221318 0.065290 0.206355
2 2 0.162788 0.175874 0.409521 0.088743 0.163075
2 2 0.111338 0.157685 0.514748 0.082294 0.133935
2 2 0.079143 0.114597 0.652284 0.052510 0.101465
2 2 0.140325 0.131975 0.536322 0.054476 0.136902
0 2 0.392089 0.148142 0.198546 0.054190 0.207033
0 2 0.558954 0.098646 0.128891 0.028706 0.184803
0 2 0.699729 0.061389 0.088147 0.021138 0.129597
0 2 0.868117 0.022771 0.035418 0.008030 0.065664
0 2 0.891792 0.018135 0.030273 0.007641 0.052158
0 2 0.919842 0.012282 0.018861 0.003648 0.045366
0 2 0.919965 0.012257 0.018815 0.003635 0.045329
0 2 0.900979 0.016001 0.024729 0.005126 0.053166
0 4 0.882053 0.019026 0.026277 0.004409 0.068235
0 4 0.517272 0.109690 0.114339 0.024838 0.233861
4 4 0.314195 0.178115 0.149195 0.044106 0.314389
0 4 0.927749 0.011206 0.023225 0.008560 0.029260
0 4 0.946195 0.007072 0.010032 0.001455 0.035245
0 4 0.880420 0.019709 0.028346 0.005240 0.066284
0 4 0.822096 0.032023 0.044672 0.008590 0.092619
0 4 0.641914 0.076147 0.106541 0.025572 0.149826
0 2 0.691097 0.063557 0.092671 0.023201 0.129474
0 2 0.645439 0.075089 0.110239 0.029324 0.139908
0 2 0.493379 0.117717 0.152721 0.035491 0.200692
0 2 0.374933 0.153337 0.206662 0.057990 0.207078
2 2 0.189850 0.175053 0.378322 0.083961 0.172814
2 2 0.244276 0.164123 0.336894 0.069413 0.185294
0 2 0.377448 0.129245 0.264810 0.058776 0.169721
0 2 0.539508 0.100459 0.160563 0.056457 0.143013
0 2 0.511366 0.110173 0.164642 0.051309 0.162509
0 2 0.404445 0.143990 0.195094 0.053925 0.202546
2 2 0.156280 0.146124 0.485135 0.063299 0.149162
2 2 0.063964 0.095850 0.712815 0.041686 0.085685
2 2 0.125654 0.112949 0.594390 0.059342 0.107665
2 2 0.214266 0.120251 0.460365 0.093488 0.111630
0 2 0.442367 0.113550 0.213564 0.111504 0.119014
0 2 0.694749 0.058371 0.110431 0.048373 0.088076
0 2 0.781407 0.040389 0.075794 0.029688 0.072722
0 2 0.841200 0.028081 0.053121 0.019465 0.058133
0 2 0.823970 0.032230 0.055649 0.017176 0.070975
0 2 0.669773 0.068808 0.102907 0.027843 0.130669
0 2 0.561311 0.098009 0.131854 0.031264 0.177563
0 2 0.615346 0.083130 0.117590 0.029650 0.154284
0 2 0.741480 0.051141 0.080436 0.022529 0.104414
0 2 0.848401 0.027105 0.044908 0.012165 0.067421
0 2 0.781088 0.041967 0.064983 0.016753 0.095209
0 2 0.594533 0.088610 0.126564 0.033232 0.157060
0 2 0.742133 0.051081 0.077411 0.019961 0.109414
0 2 0.836158 0.029462 0.052999 0.017555 0.063827
0 2 0.955037 0.006476 0.013621 0.004639 0.020227
0 2 0.979263 0.002593 0.005511 0.001601 0.011032
0 0 0.967119 0.004378 0.008101 0.001922 0.018480
0 0 0.823298 0.032286 0.048261 0.010829 0.085326
0 2 0.468463 0.124181 0.172573 0.047659 0.187124
0 2 0.309979 0.172964 0.238296 0.074544 0.204218
2 2 0.132201 0.138389 0.532437 0.060699 0.136274
2 2 0.078042 0.101813 0.681569 0.042787 0.095790
2 2 0.050301 0.087543 0.748671 0.039251 0.074234
2 2 0.064027 0.111075 0.679340 0.054106 0.091450
2 2 0.055191 0.108155 0.696990 0.054849 0.084816
2 2 0.058920 0.107513 0.683900 0.073085 0.076582
2 2 0.051595 0.096505 0.708504 0.080174 0.063223
2 2 0.043504 0.077317 0.726282 0.107919 0.044977
2 2 0.038469 0.066786 0.691484 0.169962 0.033298
2 2 0.040014 0.064374 0.577065 0.290245 0.028302
2 2 0.048905 0.062571 0.477612 0.384661 0.026250
2 2 0.076814 0.069514 0.495145 0.325458 0.033068
2 2 0.109069 0.079545 0.413650 0.358311 0.039425
2 2 0.091328 0.075989 0.453071 0.343253 0.036358
2 3 0.068292 0.070691 0.431146 0.399516 0.030355
2 3 0.065824 0.064818 0.448789 0.392417 0.028152
3 3 0.039976 0.049434 0.307328 0.585782 0.017481
3 3 0.053552 0.051413 0.339864 0.535221 0.019950
3 3 0.058831 0.058048 0.363595 0.496208 0.023317
3 3 0.055804 0.060914 0.386400 0.472425 0.024456
3 3 0.045057 0.058559 0.303275 0.571826 0.021282
3 3 0.038072 0.043511 0.201104 0.702803 0.014510
3 3 0.013165 0.020055 0.103080 0.858744 0.004956
3 3 0.014006 0.017733 0.096049 0.867834 0.004378
3 3 0.005512 0.009341 0.061093 0.922232 0.001822
3 3 0.012282 0.014091 0.082864 0.887461 0.003301
3 3 0.010527 0.012734 0.077161 0.896720 0.002858
3 3 0.019418 0.017552 0.097481 0.860997 0.004551
3 3 0.046709 0.023673 0.122962 0.799446 0.007210
3 3 0.243630 0.046193 0.183894 0.504167 0.022115
0 3 0.531742 0.045619 0.152561 0.236954 0.033125
0 3 0.673168 0.045422 0.122224 0.111976 0.047210
0 3 0.712512 0.048053 0.108986 0.068372 0.062078
0 3 0.586139 0.083484 0.152175 0.067977 0.110225
0 2 0.283803 0.176063 0.259838 0.096617 0.183679
2 2 0.184917 0.174122 0.383764 0.094163 0.163033
2 2 0.045246 0.081396 0.768592 0.036117 0.068649
2 2 0.077316 0.107194 0.670845 0.047074 0.097572
2 2 0.059475 0.099911 0.709814 0.046212 0.084588
2 2 0.099815 0.117025 0.619466 0.055514 0.108180
2 2 0.106955 0.098784 0.647110 0.057480 0.089671
2 2 0.099946 0.111231 0.629587 0.060444 0.098792
2 2 0.101335 0.125286 0.596934 0.068186 0.108259
2 2 0.102092 0.125795 0.595053 0.067911 0.109149
2 2 0.123019 0.112004 0.586246 0.087842 0.090889
2 2 0.110344 0.098097 0.611316 0.110960 0.069283
2 2 0.055795 0.082140 0.650207 0.168390 0.043468
2 2 0.060094 0.085743 0.658800 0.146405 0.048958
2 2 0.087960 0.095455 0.652411 0.097613 0.066561
2 2 0.121779 0.104890 0.605473 0.081005 0.086853
2 2 0.138291 0.101916 0.595996 0.073368 0.090429
2 2 0.253332 0.129086 0.402490 0.081392 0.133700
2 2 0.240470 0.130637 0.413548 0.082293 0.133053
2 2 0.110731 0.125938 0.571872 0.092560 0.098900
2 2 0.072612 0.105683 0.665766 0.078857 0.077082
2 2 0.031667 0.080124 0.741875 0.101849 0.044485
2 2 0.034791 0.078933 0.722012 0.121262 0.043003
2 2 0.032396 0.071190 0.651917 0.211177 0.033320
3 2 0.020607 0.045355 0.420119 0.498388 0.015531
3 2 0.013470 0.031991 0.329534 0.615664 0.009341
3 2 0.011284 0.024599 0.198283 0.759373 0.006461
3 2 0.013311 0.025161 0.192558 0.762296 0.006673
3 2 0.011069 0.021677 0.145266 0.816625 0.005363
3 3 0.017194 0.028302 0.166822 0.779964 0.007718
3 3 0.017083 0.023337 0.114831 0.838650 0.006099
3 3 0.022939 0.025391 0.122873 0.821712 0.007085
3 3 0.014171 0.016644 0.092316 0.872700 0.004169
3 3 0.014783 0.015398 0.088232 0.877709 0.003877
3 3 0.008864 0.009009 0.061287 0.918825 0.002015
3 3 0.006988 0.007834 0.055375 0.928155 0.001648
3 3 0.007159 0.007397 0.053508 0.930376 0.001560
3 3 0.005849 0.006791 0.050100 0.935898 0.001362
3 3 0.007633 0.008114 0.056984 0.925546 0.001722
3 3 0.011214 0.011289 0.071724 0.903159 0.002615
3 3 0.019858 0.014246 0.085735 0.876424 0.003736
3 3 0.011963 0.009711 0.065567 0.910492 0.002268
3 3 0.014754 0.011731 0.074632 0.895984 0.002900
3 3 0.007061 0.006285 0.048338 0.937020 0.001296
3 3 0.008490 0.006788 0.051377 0.931901 0.001443
3 3 0.029604 0.020460 0.109504 0.834553 0.005879
3 3 0.016315 0.012923 0.079341 0.887989 0.003432
3 3 0.024837 0.014375 0.086950 0.869716 0.004122
3 3 0.042103 0.025994 0.128311 0.795121 0.008472
3 3 0.005060 0.004243 0.037047 0.952864 0.000786
3 3 0.004277 0.003682 0.033495 0.957886 0.000660
3 3 0.004042 0.002983 0.029215 0.963236 0.000524
3 3 0.005689 0.003746 0.034525 0.955336 0.000705
3 3 0.017711 0.008681 0.062892 0.908619 0.002097
3 3 0.045364 0.023136 0.120460 0.803664 0.007376
3 3 0.064513 0.045404 0.181485 0.692099 0.016499
3 3 0.060452 0.056617 0.234702 0.626925 0.021304
3 3 0.043227 0.054820 0.263007 0.619531 0.019416
3 3 0.037233 0.039256 0.204207 0.706224 0.013080
3 3 0.017777 0.021975 0.110822 0.843571 0.005855
3 3 0.011151 0.013814 0.081223 0.890583 0.003229
3 3 0.005122 0.007542 0.053092 0.932777 0.001466
3 3 0.005206 0.006242 0.047201 0.940142 0.001209
3 3 0.006120 0.006163 0.047425 0.939086 0.001205
3 3 0.005166 0.005987 0.046031 0.941677 0.001139
3 3 0.008668 0.007988 0.057007 0.924636 0.001701
3 3 0.007407 0.007495 0.054252 0.929308 0.001539
3 3 0.004809 0.005381 0.042844 0.945959 0.001006
3 3 0.002728 0.003656 0.032332 0.960676 0.000608
3 3 0.004117 0.004831 0.039648 0.950535 0.000868
3 3 0.006640 0.005775 0.045773 0.940667 0.001144
3 3 0.007477 0.005432 0.044376 0.941616 0.001100
3 3 0.009650 0.006035 0.048284 0.934765 0.001265
3 3 0.007303 0.005051 0.042401 0.944247 0.000999
3 3 0.009987 0.007194 0.053934 0.927333 0.001552
3 3 0.005486 0.004223 0.037118 0.952375 0.000798
3 3 0.005866 0.004707 0.039920 0.948602 0.000905
3 3 0.003464 0.003199 0.030228 0.962563 0.000547
3 3 0.007198 0.004146 0.037367 0.950469 0.000821
3 3 0.010064 0.004667 0.041130 0.943148 0.000991
3 3 0.022661 0.007050 0.056019 0.912488 0.001783
3 3 0.052215 0.013907 0.089256 0.840302 0.004320
3 3 0.130473 0.032159 0.151300 0.672640 0.013428
3 3 0.102891 0.037199 0.163960 0.681047 0.014903
3 3 0.103068 0.047321 0.187892 0.642279 0.019440
3 3 0.149492 0.055766 0.205992 0.563367 0.025382
3 3 0.245814 0.059129 0.207066 0.455754 0.032237
3 3 0.254465 0.056256 0.201209 0.457222 0.030848
0 3 0.364898 0.060029 0.196107 0.339578 0.039389
0 3 0.372358 0.084915 0.225120 0.256086 0.061520
0 3 0.508680 0.085743 0.188923 0.132683 0.083971
0 3 0.477166 0.096513 0.201349 0.129786 0.095185
0 3 0.651272 0.063568 0.131530 0.072319 0.081311
0 2 0.607183 0.082452 0.136486 0.048798 0.125082
0 2 0.331024 0.166566 0.228067 0.068983 0.205359
2 2 0.186474 0.208671 0.301995 0.120510 0.182350
2 2 0.114308 0.195476 0.420059 0.123089 0.147069
2 2 0.110508 0.219663 0.363555 0.150328 0.155945
2 2 0.122310 0.237290 0.309546 0.147108 0.183747
2 2 0.131702 0.236442 0.300666 0.138716 0.192473
2 2 0.119366 0.239093 0.308914 0.148238 0.184390
2 2 0.120269 0.243102 0.299038 0.143067 0.194525
2 2 0.121496 0.241541 0.301116 0.143487 0.192360
2 2 0.146725 0.228609 0.301060 0.132923 0.190685
2 2 0.201256 0.204649 0.294176 0.113523 0.186396
0 2 0.343068 0.162984 0.222005 0.065647 0.206296
0 2 0.536739 0.104936 0.134236 0.029095 0.194994
0 0 0.625326 0.079548 0.098711 0.018409 0.178006
0 0 0.658744 0.070290 0.086146 0.015107 0.169713
0 0 0.458085 0.128247 0.168275 0.041355 0.204038
0 0 0.248548 0.199181 0.239210 0.083228 0.229833
2 2 0.194441 0.222061 0.249267 0.097044 0.237187
4 4 0.228938 0.214518 0.186967 0.065930 0.303647
0 4 0.379833 0.155260 0.157223 0.042567 0.265117
0 4 0.534962 0.104432 0.110793 0.023449 0.226363
0 4 0.510788 0.110622 0.107613 0.023344 0.247634
0 4 0.419834 0.140870 0.136793 0.034444 0.268059
0 4 0.276553 0.193003 0.201978 0.065897 0.262569
4 4 0.266331 0.197373 0.156990 0.050524 0.328783
4 4 0.267212 0.197331 0.160341 0.051678 0.323438
4 4 0.318287 0.175995 0.144043 0.042101 0.319574
4 4 0.226374 0.215579 0.190396 0.067622 0.300030
4 4 0.182373 0.235110 0.210813 0.083177 0.288527
2 4 0.128810 0.235516 0.306147 0.142518 0.187008
2 4 0.129403 0.237896 0.300052 0.139416 0.193233
2 4 0.119158 0.238216 0.311008 0.149338 0.182281
2 4 0.118691 0.236300 0.315506 0.151707 0.177795
2 4 0.113601 0.227233 0.341849 0.153817 0.163501
2 4 0.092740 0.196047 0.444214 0.128025 0.138975
2 4 0.070051 0.165493 0.544203 0.107887 0.112365
2 4 0.062155 0.153001 0.583575 0.097839 0.103431
2 4 0.060295 0.149834 0.593342 0.095309 0.101220
2 2 0.198414 0.170151 0.379085 0.078454 0.173896
0 2 0.486779 0.119678 0.155596 0.036540 0.201407
0 2 0.765388 0.044779 0.060192 0.011533 0.118108
0 2 0.739649 0.050092 0.063171 0.010810 0.136279
0 0 0.619079 0.081300 0.101113 0.019068 0.179440
0 0 0.474844 0.123235 0.160833 0.038492 0.202596
0 0 0.453590 0.129595 0.170288 0.042148 0.204378
0 0 0.452179 0.130018 0.170922 0.042400 0.204481
0 2 0.506854 0.113725 0.146902 0.033412 0.199107
0 2 0.535196 0.105387 0.134881 0.029309 0.195227
0 2 0.515548 0.111158 0.143183 0.032116 0.197995
0 2 0.445042 0.132162 0.174136 0.043687 0.204973
2 4 0.259280 0.188055 0.263937 0.090498 0.198230
2 4 0.246498 0.191792 0.270524 0.095064 0.196122
2 4 0.154533 0.197211 0.368566 0.113132 0.166558
2 4 0.162807 0.196299 0.360885 0.110294 0.169715
2 2 0.118523 0.176524 0.461680 0.099578 0.143695
0 2 0.275043 0.183402 0.255880 0.085193 0.200483
0 2 0.303483 0.174915 0.241536 0.076418 0.203648
0 2 0.363317 0.156855 0.212216 0.060687 0.206925
0 2 0.312250 0.172281 0.237166 0.073899 0.204404
0 2 0.265998 0.186077 0.260494 0.088195 0.199236
2 2 0.167206 0.194225 0.360628 0.107092 0.170849
2 2 0.244775 0.166551 0.330825 0.071419 0.186429
0 2 0.373933 0.153640 0.207139 0.058218 0.207070
0 2 0.572141 0.094659 0.119668 0.024466 0.189066
0 2 0.664030 0.069974 0.091972 0.018786 0.155238
0 2 0.839605 0.028074 0.038920 0.007167 0.086233
0 2 0.923672 0.011224 0.016251 0.002709 0.046144
0 2 0.758685 0.045785 0.058915 0.010309 0.126305
0 2 0.463094 0.126747 0.166040 0.040484 0.203635
2 2 0.211762 0.201728 0.288641 0.108873 0.188995
2 2 0.120440 0.191599 0.422687 0.116115 0.149160
2 2 0.097503 0.200671 0.425289 0.137528 0.139009
2 2 0.070228 0.135067 0.617171 0.074072 0.103463
2 2 0.047650 0.096583 0.732294 0.047719 0.075754
2 2 0.070331 0.145692 0.592104 0.085011 0.106862
2 2 0.130981 0.173119 0.454757 0.092575 0.148568
2 2 0.090841 0.160413 0.533060 0.091806 0.123880
2 2 0.060134 0.131036 0.638558 0.074685 0.095587
2 2 0.041741 0.088650 0.757352 0.043384 0.068874
2 2 0.021422 0.068225 0.827605 0.037044 0.045704
2 2 0.027521 0.067445 0.821482 0.033563 0.049988
2 2 0.030416 0.075766 0.800151 0.037699 0.055968
2 2 0.049496 0.086352 0.752304 0.038578 0.073270
2 2 0.056547 0.095088 0.724139 0.043240 0.080987
2 2 0.115243 0.140872 0.548212 0.065945 0.129728
0 2 0.336606 0.138770 0.288148 0.063755 0.172721
0 2 0.684288 0.063207 0.109033 0.039646 0.103827
0 2 0.873991 0.021682 0.039840 0.012924 0.051562
0 2 0.859328 0.024687 0.044608 0.014345 0.057032
0 2 0.510861 0.110926 0.162215 0.048257 0.167741
0 2 0.307329 0.173760 0.239616 0.075303 0.203992
2 2 0.075645 0.128510 0.625596 0.065691 0.104559
2 2 0.050499 0.114974 0.687233 0.063459 0.083835
2 2 0.043312 0.109152 0.709148 0.061682 0.076706
2 2 0.074835 0.128051 0.627641 0.065550 0.103923
2 2 0.146542 0.139163 0.512610 0.060654 0.141032
0 2 0.466796 0.120148 0.188584 0.067812 0.156659
0 2 0.657507 0.070484 0.116110 0.039236 0.116663
0 2 0.765186 0.045589 0.072476 0.020208 0.096541
0 2 0.867175 0.022748 0.033986 0.007047 0.069043
0 0 0.850485 0.025757 0.035894 0.006560 0.081304
0 0 0.828158 0.030236 0.040553 0.007058 0.093994
0 0 0.868055 0.022056 0.030884 0.005514 0.073491
0 0 0.851932 0.024941 0.033171 0.005430 0.084525
0 0 0.758869 0.046242 0.061637 0.011683 0.121569
0 2 0.621351 0.080662 0.100238 0.018827 0.178923
0 2 0.591065 0.089234 0.112080 0.022193 0.185428
0 0 0.597397 0.087430 0.109574 0.021462 0.184138
0 0 0.603833 0.085603 0.107042 0.020734 0.182788
0 4 0.681869 0.064008 0.077739 0.013035 0.163350
0 4 0.740653 0.048572 0.057514 0.008507 0.144754
0 4 0.841915 0.026518 0.033727 0.005072 0.092767
0 4 0.653143 0.071456 0.084470 0.014873 0.176057
0 4 0.466704 0.122639 0.106998 0.024459 0.279201
0 4 0.256530 0.197451 0.230406 0.078787 0.236827
0 4 0.265026 0.192133 0.238161 0.080394 0.224285
2 4 0.251067 0.190474 0.268118 0.093387 0.196954
0 4 0.282159 0.181863 0.250062 0.082148 0.203767
0 4 0.267472 0.186925 0.255091 0.086063 0.204449
2 4 0.224118 0.199791 0.277522 0.101960 0.196610
2 4 0.182039 0.209854 0.304347 0.122718 0.181042
2 4 0.153552 0.202918 0.355628 0.120126 0.167775
2 2 0.089221 0.157808 0.541170 0.089666 0.122135
2 2 0.048935 0.115431 0.688033 0.064754 0.082847
2 2 0.085098 0.140335 0.586934 0.073562 0.114071
2 2 0.152204 0.188961 0.391402 0.104364 0.163070
2 2 0.172377 0.197509 0.346431 0.109813 0.173870
2 2 0.144047 0.191662 0.394649 0.109282 0.160359
2 2 0.128274 0.177500 0.447651 0.097844 0.148731
2 2 0.159748 0.180898 0.401461 0.094312 0.163581
2 2 0.212552 0.201507 0.288226 0.108533 0.189182
2 2 0.186739 0.206666 0.306667 0.118030 0.181898
2 2 0.133651 0.180233 0.434660 0.099344 0.152111
2 2 0.105281 0.156114 0.525796 0.082479 0.130330
2 2 0.076718 0.140734 0.596200 0.077049 0.109300
2 2 0.115861 0.152236 0.521723 0.075946 0.134235
0 2 0.433198 0.134902 0.185144 0.051308 0.195448
0 2 0.734810 0.052644 0.083738 0.024224 0.104584
0 2 0.878775 0.020586 0.032288 0.007296 0.061055
0 2 0.880168 0.019789 0.028567 0.005329 0.066147
0 2 0.613732 0.082805 0.103182 0.019643 0.180639
0 2 0.326677 0.167935 0.230029 0.069924 0.205435
2 2 0.150858 0.217780 0.320908 0.139991 0.170464
2 2 0.091517 0.184403 0.473535 0.119309 0.131236
2 2 0.062115 0.144583 0.604117 0.088170 0.101015
2 2 0.113216 0.149654 0.530891 0.074207 0.132031
2 2 0.209448 0.148981 0.413020 0.059902 0.168649
0 2 0.383253 0.145460 0.216306 0.055696 0.199285
0 2 0.314753 0.171528 0.235923 0.073194 0.204602
2 2 0.189111 0.191955 0.339597 0.100985 0.178353
2 2 0.072393 0.146418 0.587982 0.084798 0.108409
2 2 0.036456 0.096479 0.746318 0.053310 0.067437
2 2 0.032743 0.096344 0.750926 0.055662 0.064325
2 2 0.059498 0.136656 0.626034 0.080956 0.096856
2 2 0.066845 0.142102 0.604666 0.082899 0.103488
2 2 0.073125 0.134247 0.615566 0.072073 0.104990
2 2 0.063618 0.118733 0.662666 0.061110 0.093873
2 2 0.091428 0.133099 0.595536 0.064947 0.114990
2 2 0.061836 0.124148 0.650965 0.070296 0.092755
2 2 0.053474 0.109312 0.692322 0.065509 0.079384
2 2 0.028891 0.081312 0.778583 0.061407 0.049807
2 2 0.026037 0.065230 0.811839 0.058617 0.038277
2 2 0.028584 0.066126 0.762305 0.109011 0.033974
2 2 0.032277 0.071231 0.715251 0.146281 0.034960
2 2 0.025991 0.065585 0.677526 0.202529 0.028368
2 2 0.032295 0.070284 0.706661 0.156390 0.034370
2 2 0.029944 0.064481 0.729147 0.145379 0.031049
2 2 0.034699 0.066840 0.698974 0.167542 0.031945
2 2 0.053387 0.076186 0.636223 0.195385 0.038819
2 2 0.088584 0.097651 0.560659 0.195395 0.057712
2 2 0.038470 0.077845 0.692664 0.150368 0.040653
2 2 0.035274 0.073099 0.725921 0.126536 0.039170
2 2 0.019824 0.056212 0.719715 0.180215 0.024034
2 2 0.024244 0.056017 0.623204 0.274116 0.022420
2 2 0.027965 0.060510 0.571245 0.315996 0.024283
3 2 0.021698 0.051732 0.396978 0.512222 0.017371
3 2 0.021867 0.049793 0.345778 0.566333 0.016229
3 2 0.040889 0.065252 0.369101 0.499890 0.024869
3 2 0.043635 0.061903 0.328605 0.542149 0.023708
3 2 0.035523 0.057348 0.309796 0.576537 0.020796
3 2 0.038143 0.068038 0.404741 0.462313 0.026766
2 2 0.030710 0.058319 0.450494 0.438232 0.022245
3 2 0.032912 0.053590 0.283877 0.610994 0.018627
3 2 0.033662 0.042447 0.169180 0.740916 0.013795
3 2 0.017127 0.023005 0.113617 0.840112 0.006139
3 2 0.013235 0.024639 0.117984 0.837877 0.006265
3 3 0.016769 0.033589 0.202720 0.737288 0.009634
3 3 0.019360 0.042588 0.402844 0.521159 0.014049
3 3 0.015834 0.038196 0.439549 0.494272 0.012150
3 3 0.020447 0.043972 0.390932 0.530340 0.014310
3 3 0.022749 0.040540 0.305330 0.618422 0.012959
3 3 0.034785 0.069152 0.424418 0.445620 0.026026
3 3 0.031367 0.044704 0.335974 0.571690 0.016266
3 3 0.016391 0.021507 0.181047 0.774689 0.006367
3 3 0.030456 0.043079 0.194230 0.717785 0.014449
3 3 0.007326 0.012968 0.076087 0.900839 0.002780
3 3 0.007852 0.015299 0.084479 0.888961 0.003410
3 3 0.008774 0.017898 0.099455 0.869692 0.004181
3 3 0.007199 0.017081 0.114105 0.857639 0.003976
3 3 0.007423 0.017494 0.120574 0.850420 0.004089
3 3 0.005992 0.015035 0.112269 0.863319 0.003385
3 3 0.006757 0.016488 0.135329 0.837650 0.003776
3 3 0.006626 0.017394 0.160318 0.811601 0.004062
3 3 0.009879 0.020249 0.149541 0.815360 0.004970
3 3 0.006668 0.013665 0.078506 0.898193 0.002969
3 3 0.007479 0.012223 0.073419 0.904244 0.002634
3 3 0.003647 0.007594 0.052057 0.935295 0.001408
3 3 0.005142 0.009568 0.061484 0.921888 0.001918
3 3 0.005219 0.009963 0.063103 0.919703 0.002011
3 3 0.010803 0.014231 0.082489 0.889138 0.003339
3 3 0.008901 0.013054 0.077305 0.897816 0.002923
3 3 0.006409 0.009830 0.063488 0.918234 0.002039
3 3 0.004226 0.007237 0.050942 0.936201 0.001393
3 3 0.003575 0.005400 0.041951 0.948086 0.000989
3 3 0.002341 0.003914 0.033312 0.959782 0.000652
3 3 0.003305 0.004361 0.036543 0.955023 0.000768
3 3 0.001325 0.002880 0.026474 0.968904 0.000417
3 3 0.004516 0.006480 0.047852 0.939922 0.001230
3 3 0.002690 0.004803 0.038362 0.953341 0.000805
3 3 0.003599 0.004681 0.038516 0.952383 0.000821
3 3 0.001556 0.002564 0.024947 0.970564 0.000369
3 3 0.001309 0.002302 0.023008 0.973058 0.000323
3 3 0.002579 0.003995 0.034078 0.958691 0.000657
3 3 0.003952 0.005262 0.041670 0.948161 0.000954
3 3 0.028705 0.018216 0.101807 0.846072 0.005199
0 3 0.410773 0.044300 0.165617 0.351922 0.027387
0 3 0.787748 0.025939 0.077686 0.078545 0.030082
0 3 0.913979 0.012036 0.031507 0.019807 0.022671
0 0 0.942016 0.008685 0.018301 0.006641 0.024357
0 0 0.895651 0.017323 0.028507 0.006903 0.051615
0 2 0.570788 0.095317 0.130682 0.032034 0.171178
0 2 0.325265 0.168361 0.230725 0.070303 0.205345
2 2 0.248704 0.191150 0.269384 0.094258 0.196505
2 2 0.231068 0.196252 0.278534 0.100926 0.193220
2 2 0.201643 0.204543 0.293972 0.113347 0.186496
2 2 0.180493 0.210264 0.305167 0.123501 0.180576
2 2 0.166362 0.213934 0.312672 0.130990 0.176041
2 4 0.171690 0.212567 0.309842 0.128093 0.177809
2 4 0.159290 0.215715 0.316430 0.134985 0.173580
2 4 0.162510 0.214909 0.314719 0.133144 0.174717
2 4 0.166749 0.213836 0.312467 0.130776 0.176172
2 4 0.174812 0.224917 0.273011 0.111781 0.215479
2 4 0.203201 0.216776 0.253381 0.096866 0.229776
4 4 0.219904 0.213627 0.232482 0.085321 0.248666
0 4 0.335251 0.171331 0.163603 0.047452 0.282363
0 4 0.435903 0.133990 0.120734 0.029232 0.280140
0 4 0.689716 0.056450 0.050154 0.007719 0.195961
0 4 0.788929 0.034668 0.034475 0.004513 0.137414
0 4 0.773718 0.035850 0.031659 0.004010 0.154763
0 4 0.696405 0.048998 0.035167 0.005006 0.214425
0 4 0.554173 0.082395 0.052211 0.009445 0.301776
0 4 0.366321 0.147890 0.096022 0.024494 0.365272
4 4 0.226303 0.211898 0.143093 0.048870 0.369837
4 4 0.210977 0.221893 0.203592 0.075156 0.288382
0 4 0.364260 0.158855 0.196317 0.055702 0.224866
0 4 0.603970 0.085564 0.106988 0.020718 0.182759
0 4 0.630265 0.078128 0.096253 0.017777 0.177578
0 4 0.444616 0.128678 0.106326 0.024950 0.295430
4 4 0.326806 0.153756 0.083930 0.022075 0.413434
4 4 0.310705 0.160145 0.086708 0.023503 0.418940
0 4 0.403702 0.120567 0.062932 0.014097 0.398702
0 4 0.464648 0.106772 0.062932 0.013088 0.352560
0 4 0.615406 0.063640 0.038720 0.006157 0.276077
0 4 0.635011 0.061925 0.041156 0.006486 0.255422
0 4 0.639908 0.057072 0.034411 0.005220 0.263389
0 4 0.630539 0.057648 0.033153 0.005079 0.273581
0 4 0.698043 0.051555 0.040186 0.006308 0.203909
0 4 0.762583 0.038887 0.033408 0.005118 0.160004
0 4 0.724125 0.045918 0.037666 0.005295 0.186996
0 4 0.667068 0.057530 0.042950 0.006585 0.225867
0 4 0.564552 0.085082 0.061825 0.011429 0.277113
0 4 0.542335 0.084437 0.051853 0.009491 0.311884
0 4 0.522667 0.091720 0.057918 0.011082 0.316614
0 4 0.651824 0.060055 0.042889 0.006689 0.238544
0 4 0.810394 0.032139 0.034178 0.005889 0.117400
0 4 0.880036 0.019989 0.028951 0.005938 0.065086
0 4 0.928339 0.011055 0.018741 0.004414 0.037451
0 4 0.951124 0.006918 0.011748 0.002525 0.027685
0 4 0.914297 0.013112 0.019319 0.003457 0.049816
0 4 0.744687 0.040466 0.032452 0.004289 0.178106
0 4 0.617952 0.062282 0.037251 0.005860 0.276654
0 4 0.580874 0.078096 0.053674 0.009477 0.277879
0 4 0.623515 0.063972 0.041427 0.006621 0.264464
0 4 0.582695 0.076315 0.050849 0.008864 0.281277
0 4 0.421951 0.131932 0.095506 0.022634 0.327977
4 4 0.302510 0.183135 0.155952 0.047245 0.311158
4 4 0.185592 0.228882 0.238679 0.094518 0.252329
2 4 0.163955 0.235400 0.256635 0.107632 0.236378
2 4 0.133205 0.242012 0.285151 0.130847 0.208785
2 4 0.145894 0.240134 0.271821 0.119998 0.222154
2 4 0.192817 0.222959 0.248847 0.097222 0.238155
0 4 0.258184 0.192769 0.248326 0.085079 0.215643
0 0 0.340394 0.163792 0.223308 0.066328 0.206178
2 1 0.255851 0.189061 0.265699 0.091699 0.197690
2 1 0.213258 0.210471 0.259042 0.097058 0.220171
2 1 0.169459 0.229498 0.267076 0.110697 0.223270
4 1 0.196519 0.224739 0.232627 0.089698 0.256418
4 1 0.194378 0.224011 0.241136 0.093680 0.246795
4 1 0.218368 0.213879 0.234835 0.086522 0.246396
0 1 0.269111 0.187173 0.251436 0.084526 0.207755
0 0 0.457364 0.128463 0.168597 0.041482 0.204093
0 0 0.442062 0.133058 0.175484 0.044233 0.205163
2 0 0.253756 0.189674 0.266778 0.092441 0.197351
2 0 0.233673 0.195503 0.277178 0.099908 0.193738
2 0 0.229633 0.196663 0.279283 0.101492 0.192929
0 0 0.284911 0.180806 0.249571 0.081592 0.203120
0 0 0.331413 0.167233 0.224112 0.067510 0.209732
0 0 0.521220 0.109488 0.140771 0.031288 0.197232
0 0 0.581628 0.091933 0.115846 0.023310 0.187283
0 0 0.538273 0.104488 0.133594 0.028884 0.194761
0 0 0.576406 0.093432 0.117945 0.023942 0.188274
0 0 0.378198 0.152348 0.205110 0.057250 0.207094
0 0 0.317668 0.170651 0.234478 0.072382 0.204822
0 0 0.281729 0.191775 0.190060 0.061069 0.275367
2 0 0.200894 0.219513 0.246898 0.094708 0.237987
0 1 0.312237 0.179142 0.194598 0.059663 0.254359
0 1 0.343473 0.166459 0.199079 0.058317 0.232672
0 1 0.397218 0.146898 0.193888 0.052433 0.209563
0 1 0.553258 0.100121 0.127378 0.026872 0.192370
0 0 0.507708 0.113472 0.146535 0.033283 0.199001
0 0 0.447646 0.131379 0.172961 0.043214 0.204799
0 0 0.497722 0.116428 0.150838 0.034811 0.200200
0 0 0.522923 0.108987 0.140050 0.031042 0.196998
0 0 0.495582 0.117063 0.151765 0.035145 0.200445
0 0 0.370266 0.154750 0.208888 0.059061 0.207034
0 1 0.319042 0.173508 0.217098 0.066518 0.223834
4 1 0.244066 0.203742 0.226254 0.079049 0.246888
0 1 0.268593 0.194616 0.216249 0.071998 0.248545
0 1 0.323705 0.173115 0.207530 0.062888 0.232762
0 1 0.373949 0.155390 0.194879 0.054491 0.221291
0 1 0.314158 0.174104 0.224791 0.069591 0.217356
2 1 0.209874 0.210718 0.263795 0.099630 0.215983
2 1 0.154039 0.232786 0.280748 0.121335 0.211092
2 1 0.134274 0.236306 0.297874 0.136349 0.195198
2 2 0.117662 0.232274 0.324657 0.156545 0.168862
2 2 0.177441 0.211290 0.306252 0.124849 0.180168
2 2 0.158134 0.194377 0.371174 0.109095 0.167221
2 2 0.161090 0.175311 0.412905 0.088487 0.162206
2 2 0.130953 0.172325 0.456660 0.091771 0.148291
2 2 0.247106 0.191615 0.270209 0.094841 0.196228
0 2 0.345712 0.162184 0.220719 0.064980 0.206405
0 2 0.490970 0.118294 0.157097 0.038518 0.195121
0 2 0.618103 0.082373 0.110459 0.024680 0.164385
0 2 0.554236 0.099837 0.126975 0.026744 0.192207
0 2 0.358559 0.158296 0.214504 0.061822 0.206820
2 2 0.230092 0.196532 0.279044 0.101311 0.193023
2 2 0.155351 0.196408 0.369554 0.112020 0.166666
2 2 0.108789 0.158593 0.515754 0.083903 0.132962
2 2 0.111050 0.160448 0.508678 0.085095 0.134730
2 2 0.127298 0.176358 0.451547 0.096895 0.147903
2 2 0.133383 0.180715 0.433832 0.099930 0.152141
2 2 0.152392 0.170850 0.433915 0.085726 0.157117
2 2 0.151235 0.148312 0.486554 0.065801 0.148098
2 2 0.276141 0.156331 0.316798 0.067947 0.182782
0 2 0.389827 0.147493 0.205411 0.061055 0.196215
0 2 0.293102 0.178024 0.246742 0.079511 0.202622
2 2 0.198851 0.202890 0.301392 0.111787 0.185080
2 2 0.157636 0.182409 0.400461 0.096267 0.163227
2 2 0.163325 0.179311 0.400833 0.092056 0.164474
2 2 0.172905 0.185515 0.372511 0.102815 0.166254
2 2 0.122388 0.165862 0.482228 0.087414 0.142107
2 2 0.200943 0.151978 0.415833 0.075464 0.155781
0 2 0.433349 0.118418 0.229537 0.055880 0.162816
0 2 0.763877 0.045945 0.069695 0.017548 0.102935
0 2 0.685030 0.064615 0.085729 0.017501 0.147125
0 2 0.335880 0.165156 0.225513 0.067492 0.205958
2 2 0.195769 0.206155 0.297074 0.116052 0.184949
2 2 0.075063 0.158804 0.555186 0.097130 0.113817
2 2 0.072538 0.141948 0.598358 0.080045 0.107111
2 2 0.060841 0.122172 0.658244 0.065509 0.093235
2 2 0.066211 0.133221 0.626269 0.073989 0.100309
2 2 0.057235 0.143363 0.612433 0.089782 0.097188
2 2 0.057180 0.144418 0.609924 0.091033 0.097445
2 2 0.048627 0.128799 0.656913 0.079057 0.086603
2 2 0.050288 0.131921 0.647615 0.081411 0.088765
2 2 0.040933 0.113729 0.701168 0.067966 0.076203
2 2 0.033794 0.098763 0.744136 0.057377 0.065931
2 2 0.032384 0.095681 0.752865 0.055248 0.063822
2 2 0.041095 0.111324 0.706639 0.065313 0.075629
2 2 0.034504 0.100297 0.739775 0.058443 0.066981
2 2 0.039867 0.111558 0.707462 0.066404 0.074709
2 2 0.035311 0.102029 0.734841 0.059652 0.068167
2 2 0.047289 0.112394 0.696879 0.062856 0.080582
2 2 0.035455 0.093820 0.752147 0.054109 0.064469
2 2 0.084452 0.101429 0.668337 0.061100 0.084682
2 2 0.240787 0.103533 0.476460 0.070876 0.108343
0 2 0.705405 0.054800 0.108094 0.051155 0.080547
0 2 0.750703 0.046455 0.088566 0.037198 0.077078
0 2 0.497268 0.112256 0.175617 0.061122 0.153737
0 2 0.271894 0.183832 0.258453 0.087756 0.198065
2 2 0.147603 0.179861 0.418669 0.095679 0.158187
0 2 0.301009 0.175657 0.242773 0.077144 0.203416
0 2 0.409161 0.142978 0.190569 0.050611 0.206681
0 2 0.276190 0.183061 0.255297 0.084820 0.200633
2 2 0.227966 0.197140 0.280153 0.102155 0.192587
2 2 0.182047 0.209852 0.304342 0.122714 0.181045
2 2 0.189927 0.207741 0.300165 0.118828 0.183338
2 4 0.230164 0.196511 0.279006 0.101282 0.193037
0 4 0.330345 0.166828 0.228226 0.068945 0.205656
0 4 0.357706 0.158554 0.214914 0.062028 0.206798
2 4 0.190964 0.207461 0.299616 0.118329 0.183629
2 4 0.129886 0.215916 0.349778 0.144171 0.160249
2 4 0.040643 0.113139 0.702880 0.067541 0.075797
2 2 0.028337 0.086025 0.779680 0.048510 0.057447
2 2 0.029672 0.089629 0.769894 0.051117 0.059688
2 2 0.036803 0.105195 0.725788 0.061877 0.070338
2 2 0.033691 0.098540 0.744768 0.057222 0.065778
2 2 0.032303 0.095504 0.753367 0.055126 0.063701
2 2 0.023023 0.073999 0.813158 0.040763 0.049056
2 2 0.036487 0.093536 0.752974 0.050460 0.066543
2 2 0.082922 0.132274 0.608021 0.066729 0.110054
2 2 0.169529 0.182331 0.386182 0.094033 0.167925
2 2 0.185234 0.195332 0.336189 0.105221 0.178024
2 2 0.095525 0.163825 0.519388 0.093666 0.127595
2 2 0.085725 0.141323 0.583892 0.074298 0.114762
2 2 0.097942 0.150552 0.547653 0.079256 0.124598
2 2 0.138481 0.191374 0.401987 0.110392 0.157766
2 2 0.115777 0.181421 0.453124 0.105866 0.143812
2 2 0.174669 0.175045 0.396911 0.086034 0.167341
0 2 0.435488 0.133426 0.188058 0.055106 0.187922
0 2 0.536946 0.104098 0.149913 0.042175 0.166868
0 2 0.562402 0.097382 0.137820 0.036500 0.165896
0 2 0.360817 0.157612 0.213417 0.061281 0.206873
0 2 0.276310 0.183026 0.255235 0.084780 0.200648
2 2 0.072509 0.131646 0.622299 0.069797 0.103749
2 2 0.126047 0.147525 0.519750 0.069472 0.137207
0 2 0.441980 0.127719 0.187236 0.040612 0.202452
0 2 0.737978 0.051329 0.068412 0.013301 0.128980
0 2 0.693891 0.062155 0.081221 0.015872 0.146862
0 2 0.424629 0.138308 0.183430 0.047531 0.206102
0 2 0.332808 0.166084 0.227017 0.068295 0.205795
2 2 0.129006 0.222770 0.332447 0.154404 0.161373
2 2 0.104902 0.169065 0.495757 0.095928 0.134347
2 2 0.044608 0.088647 0.753164 0.042620 0.070962
2 2 0.043594 0.115544 0.693928 0.068086 0.078848
2 2 0.089699 0.136902 0.589094 0.068874 0.115431
2 2 0.060739 0.123635 0.655010 0.066971 0.093645
2 2 0.089136 0.126876 0.612367 0.060146 0.111476
2 2 0.081194 0.117709 0.642800 0.054530 0.103768
2 2 0.110556 0.123785 0.591974 0.052942 0.120743
2 2 0.105450 0.147809 0.544721 0.074483 0.127536
2 2 0.095385 0.157189 0.535274 0.086741 0.125411
2 2 0.064783 0.144317 0.601753 0.086376 0.102772
2 2 0.115373 0.137092 0.552730 0.075518 0.119286
2 2 0.246882 0.141236 0.384628 0.076668 0.150585
0 2 0.613756 0.082036 0.129836 0.041899 0.132474
0 2 0.417972 0.138936 0.193933 0.056502 0.192656
2 2 0.256590 0.188844 0.265319 0.091438 0.197808
2 2 0.122278 0.156221 0.504670 0.078133 0.138699
2 2 0.083358 0.143095 0.582689 0.076855 0.114003
2 2 0.077023 0.135273 0.608452 0.071572 0.107679
2 2 0.162247 0.160768 0.444880 0.074786 0.157319
2 2 0.145532 0.186074 0.406375 0.102727 0.159293
2 2 0.110218 0.167618 0.492840 0.092656 0.136668
2 2 0.112045 0.155262 0.519481 0.079762 0.133449
2 2 0.120324 0.148569 0.524525 0.071587 0.134996
2 2 0.104705 0.151919 0.536207 0.078571 0.128598
2 2 0.138382 0.158737 0.479009 0.077038 0.146833
2 2 0.172685 0.166193 0.419678 0.078104 0.163340
2 2 0.219674 0.170008 0.344048 0.109733 0.156537
0 2 0.300995 0.161748 0.262799 0.117596 0.156861
2 2 0.221000 0.187956 0.294816 0.133345 0.162884
2 2 0.115040 0.189586 0.433946 0.115611 0.145818
2 2 0.089119 0.152520 0.548439 0.095193 0.114729
2 2 0.106823 0.146839 0.543308 0.078766 0.124264
0 2 0.304813 0.152135 0.284136 0.106111 0.152805
0 2 0.312242 0.135708 0.304857 0.117430 0.129763
2 2 0.263234 0.150888 0.317610 0.136522 0.131746
2 2 0.115468 0.148923 0.527120 0.080896 0.127593
2 2 0.115674 0.163079 0.496907 0.086423 0.137917
2 2 0.140682 0.182021 0.421917 0.099513 0.155867
2 2 0.175460 0.179839 0.382410 0.098356 0.163935
2 2 0.236899 0.159422 0.351098 0.096250 0.156330
2 2 0.267752 0.155030 0.320825 0.105197 0.151195
2 2 0.150772 0.165036 0.444445 0.095242 0.144505
2 2 0.072290 0.157722 0.557995 0.102549 0.109444
2 2 0.042532 0.116946 0.691806 0.070297 0.078419
2 2 0.045148 0.122110 0.676681 0.074080 0.081981
2 2 0.058636 0.130376 0.641856 0.074778 0.094355
2 2 0.054277 0.129242 0.649552 0.075992 0.090936
2 2 0.122102 0.153674 0.500258 0.100894 0.123072
2 2 0.197474 0.135683 0.428589 0.127261 0.110993
0 2 0.383606 0.128714 0.235939 0.125920 0.125821
2 2 0.278093 0.155664 0.298055 0.124533 0.143655
2 2 0.143749 0.166458 0.446357 0.104559 0.138877
2 2 0.073796 0.117501 0.647927 0.068474 0.092302
2 2 0.055362 0.079586 0.758278 0.036250 0.070523
2 2 0.138142 0.112698 0.580773 0.054394 0.113994
2 2 0.161747 0.144313 0.482158 0.063935 0.147848
2 2 0.099400 0.160740 0.522088 0.089021 0.128750
2 2 0.081868 0.159868 0.544849 0.095013 0.118401
2 2 0.069710 0.144157 0.596469 0.083673 0.105991
2 2 0.074768 0.126626 0.630956 0.064262 0.103388
2 2 0.128958 0.142944 0.524751 0.072067 0.131280
0 2 0.307192 0.163598 0.259947 0.096726 0.172536
2 2 0.246776 0.180851 0.284916 0.120095 0.167362
2 2 0.155606 0.184958 0.396876 0.099337 0.163224
2 2 0.105780 0.152277 0.534060 0.078611 0.129271
2 2 0.078740 0.120597 0.639508 0.057654 0.103501
2 2 0.122089 0.150107 0.518845 0.072578 0.136382
2 2 0.240732 0.177872 0.305287 0.102620 0.173489
0 2 0.314840 0.164579 0.249401 0.095133 0.176047
2 2 0.162305 0.209467 0.328829 0.126168 0.173232
2 2 0.079743 0.164585 0.535825 0.101380 0.118466
2 2 0.033595 0.098332 0.745360 0.057078 0.065635
2 2 0.064695 0.116137 0.665667 0.062155 0.091347
2 2 0.164766 0.142374 0.482808 0.061202 0.148851
0 2 0.451571 0.125088 0.193018 0.067789 0.162533
0 2 0.300396 0.175840 0.243081 0.077325 0.203358
2 2 0.184258 0.209263 0.303170 0.121606 0.181703
2 2 0.060149 0.136452 0.625776 0.080375 0.097248
2 2 0.057926 0.134064 0.633978 0.079052 0.094980
2 2 0.072701 0.141352 0.599560 0.079361 0.107025
2 2 0.048627 0.123148 0.670353 0.072913 0.084959
2 2 0.047937 0.116600 0.686488 0.066501 0.082474
2 2 0.055813 0.106641 0.699599 0.053245 0.084702
2 2 0.097973 0.130480 0.593169 0.060988 0.117391
2 2 0.094637 0.135554 0.585988 0.066247 0.117573
2 2 0.083942 0.141080 0.586632 0.074679 0.113666
2 2 0.056804 0.133786 0.635914 0.079393 0.094103
2 2 0.051156 0.118771 0.677681 0.066897 0.085495
2 2 0.041087 0.096101 0.741580 0.050334 0.070899
2 2 0.029760 0.070627 0.811793 0.034790 0.053030
2 2 0.024162 0.054779 0.847425 0.036893 0.036741
2 2 0.056862 0.083558 0.727900 0.075390 0.056290
2 2 0.043523 0.072531 0.717983 0.125322 0.040641
2 3 0.045301 0.077680 0.634341 0.203909 0.038769
2 3 0.034516 0.062004 0.630539 0.244531 0.028411
2 3 0.035771 0.062557 0.601783 0.272010 0.027879
