0 0 0.465097 0.144551 0.128441 0.092985 0.168926
4 0 0.290275 0.185757 0.169712 0.054278 0.299979
0 0 0.549886 0.112577 0.104536 0.052209 0.180793
0 0 0.485112 0.119228 0.113550 0.043946 0.238164
4 0 0.352597 0.129968 0.128135 0.036576 0.352724
4 0 0.260968 0.146528 0.144214 0.047357 0.400933
0 0 0.531113 0.117594 0.108842 0.057803 0.184648
0 0 0.763784 0.067091 0.058334 0.050865 0.059926
0 0 0.905024 0.028972 0.025012 0.017853 0.023138
0 0 0.930765 0.021578 0.018586 0.012444 0.016627
0 0 0.926278 0.022881 0.019717 0.013368 0.017755
0 0 0.906476 0.028560 0.024654 0.017542 0.022768
0 0 0.858456 0.041940 0.036315 0.028188 0.035101
0 0 0.855297 0.042803 0.037069 0.028911 0.035920
0 0 0.823634 0.051360 0.044548 0.036293 0.044165
0 0 0.877627 0.036657 0.031706 0.023857 0.030152
0 0 0.918729 0.025059 0.021610 0.014942 0.019660
0 0 0.862667 0.035519 0.041577 0.041436 0.018801
0 0 0.889471 0.032171 0.031011 0.025127 0.022220
0 0 0.843186 0.046097 0.039946 0.031705 0.039065
0 0 0.725897 0.076778 0.066844 0.060474 0.070007
0 0 0.689684 0.085854 0.074831 0.069922 0.079709
0 0 0.674394 0.089643 0.078232 0.073345 0.084387
0 0 0.749341 0.070808 0.061597 0.054494 0.063760
0 0 0.734626 0.074564 0.064897 0.058235 0.067678
0 0 0.693802 0.084831 0.073930 0.068835 0.078602
0 0 0.625305 0.099646 0.092144 0.095424 0.087482
0 0 0.586606 0.109717 0.098731 0.102776 0.102169
0 0 0.594950 0.108764 0.095056 0.095855 0.105375
0 0 0.737744 0.073771 0.064200 0.057438 0.066847
0 0 0.731363 0.075061 0.066339 0.060518 0.066719
0 0 0.671380 0.088627 0.082030 0.082008 0.075954
0 0 0.604666 0.106309 0.094306 0.078508 0.116211
0 0 0.538285 0.157075 0.128977 0.070126 0.105536
0 0 0.530191 0.148843 0.124633 0.083351 0.112981
0 0 0.450072 0.162589 0.149585 0.105858 0.131896
0 0 0.269203 0.189481 0.198835 0.168154 0.174326
0 0 0.313128 0.160420 0.150074 0.088837 0.287542
4 0 0.197462 0.149077 0.148568 0.045601 0.459292
4 0 0.140123 0.141085 0.144056 0.035755 0.538982
4 0 0.143566 0.137770 0.141298 0.032779 0.544587
4 0 0.076691 0.119934 0.127500 0.021987 0.653887
4 0 0.156716 0.139955 0.142723 0.034761 0.525845
4 0 0.158855 0.203525 0.189320 0.039689 0.408610
4 0 0.194037 0.248791 0.215292 0.047050 0.294830
4 0 0.142096 0.276028 0.234753 0.047527 0.299596
1 0 0.156049 0.284124 0.237432 0.055283 0.267113
4 0 0.252260 0.213193 0.187869 0.083112 0.263566
0 0 0.376870 0.141504 0.153937 0.218819 0.108871
3 0 0.258845 0.131107 0.184488 0.353561 0.072000
3 0 0.271226 0.122517 0.182900 0.362456 0.060901
0 0 0.336155 0.138376 0.166862 0.265892 0.092714
3 0 0.184883 0.147147 0.199800 0.382120 0.086049
3 0 0.202893 0.166393 0.184363 0.309138 0.137213
0 0 0.278798 0.164298 0.166894 0.242552 0.147459
0 0 0.304665 0.153026 0.167748 0.253948 0.120613
3 0 0.266523 0.150717 0.178294 0.296566 0.107900
0 0 0.287378 0.168787 0.170628 0.136002 0.237205
4 0 0.246906 0.160841 0.154736 0.069856 0.367662
4 0 0.182733 0.137277 0.139868 0.032789 0.507332
4 0 0.105967 0.113088 0.121126 0.017114 0.642705
4 0 0.081762 0.117430 0.125260 0.020241 0.655307
4 0 0.105561 0.154943 0.155786 0.051868 0.531843
0 0 0.336362 0.158900 0.166024 0.160358 0.178356
0 0 0.488795 0.116549 0.133441 0.182410 0.078805
0 0 0.434799 0.112090 0.150332 0.241962 0.060816
0 0 0.556074 0.105048 0.117371 0.149962 0.071544
0 0 0.605144 0.091510 0.108044 0.139304 0.055998
0 0 0.640293 0.078180 0.102188 0.139116 0.040223
3 0 0.208866 0.068155 0.173729 0.534265 0.014985
3 0 0.242435 0.083539 0.178760 0.471432 0.023834
0 0 0.380136 0.115076 0.162533 0.283197 0.059058
0 0 0.446767 0.142270 0.125798 0.128895 0.156271
4 1 0.130686 0.224787 0.220271 0.108250 0.316006
4 2 0.105573 0.229991 0.224521 0.094167 0.345747
4 2 0.067741 0.203474 0.242216 0.053655 0.432915
4 2 0.064456 0.242791 0.297755 0.058961 0.336038
2 2 0.061073 0.263839 0.357041 0.053720 0.264327
2 1 0.092919 0.270081 0.304658 0.102102 0.230240
2 1 0.164020 0.196523 0.291102 0.194615 0.153740
1 4 0.108276 0.337756 0.304695 0.079393 0.169879
2 0 0.064362 0.357848 0.362527 0.067645 0.147618
2 4 0.065337 0.292834 0.437073 0.083517 0.121239
2 1 0.061625 0.214171 0.463407 0.066476 0.194321
2 3 0.037463 0.133013 0.691537 0.046819 0.091167
2 -1 0.028418 0.130306 0.710244 0.022107 0.108925
2 0 0.033722 0.162662 0.621548 0.021316 0.160752
2 0 0.052748 0.215307 0.375559 0.028334 0.328051
4 2 0.063918 0.210171 0.313214 0.041009 0.371688
4 2 0.071100 0.203771 0.307233 0.050396 0.367500
2 2 0.061686 0.180629 0.409274 0.045564 0.302846
2 2 0.059890 0.184597 0.401325 0.041145 0.313042
2 2 0.067527 0.172170 0.392406 0.058200 0.309697
4 2 0.062126 0.160600 0.357508 0.050743 0.369024
4 4 0.057019 0.177015 0.243906 0.034439 0.487621
4 2 0.038260 0.140473 0.150784 0.013824 0.656660
4 2 0.031456 0.122254 0.128549 0.009273 0.708468
4 2 0.032378 0.149102 0.150489 0.009309 0.658721
4 1 0.039693 0.220822 0.204083 0.012571 0.522831
4 2 0.044398 0.247158 0.221973 0.015285 0.471186
4 2 0.047738 0.214749 0.200314 0.017647 0.519552
4 2 0.043159 0.201675 0.334270 0.017745 0.403152
4 2 0.038316 0.175924 0.236867 0.013203 0.535689
4 2 0.043869 0.228171 0.305986 0.017057 0.404917
2 1 0.045168 0.217967 0.368584 0.019860 0.348420
2 2 0.037176 0.174560 0.586156 0.021311 0.180797
2 2 0.034219 0.124494 0.714460 0.028021 0.098806
2 0 0.128025 0.190518 0.396574 0.131134 0.153749
0 0 0.601214 0.107232 0.093884 0.094065 0.103605
0 1 0.661290 0.092847 0.080994 0.077510 0.087359
0 1 0.381691 0.215541 0.192315 0.098036 0.112416
1 2 0.071464 0.408377 0.302476 0.030786 0.186897
2 2 0.036317 0.350199 0.419917 0.014341 0.179227
2 2 0.042181 0.185490 0.485759 0.022237 0.264334
2 3 0.038086 0.108816 0.719285 0.051441 0.082372
2 3 0.033532 0.064152 0.762802 0.105966 0.033549
2 3 0.041434 0.052581 0.607645 0.272628 0.025711
2 3 0.040625 0.050087 0.545674 0.341316 0.022298
2 2 0.053923 0.060729 0.604287 0.240314 0.040746
2 3 0.052040 0.077535 0.523196 0.306691 0.040538
3 3 0.036178 0.053815 0.220600 0.676258 0.013149
3 3 0.048903 0.068935 0.250944 0.609423 0.021794
3 3 0.016615 0.028639 0.121539 0.829530 0.003676
3 3 0.010509 0.019263 0.101971 0.866450 0.001808
3 3 0.009916 0.018318 0.099677 0.870436 0.001653
3 3 0.008954 0.016765 0.095744 0.877125 0.001413
3 3 0.008398 0.015856 0.093338 0.881128 0.001280
3 3 0.006713 0.013051 0.085335 0.893993 0.000908
3 3 0.006089 0.011988 0.082037 0.899105 0.000782
3 3 0.004703 0.009573 0.073846 0.911351 0.000527
3 3 0.004140 0.008567 0.070084 0.916774 0.000434
3 3 0.004492 0.009198 0.072472 0.913346 0.000491
3 3 0.004409 0.009050 0.071920 0.914143 0.000478
3 3 0.003764 0.007885 0.067387 0.920589 0.000375
3 3 0.003859 0.008058 0.068084 0.919609 0.000390
3 3 0.004053 0.008410 0.069475 0.917641 0.000420
3 3 0.004366 0.008972 0.071628 0.914564 0.000470
3 3 0.004257 0.008777 0.070889 0.915624 0.000453
3 3 0.006415 0.012545 0.083787 0.896406 0.000847
3 3 0.007701 0.014706 0.090169 0.886304 0.001121
3 1 0.007917 0.015064 0.091171 0.884679 0.001169
3 3 0.009724 0.018009 0.098911 0.871753 0.001604
3 3 0.009434 0.017541 0.097738 0.873756 0.001531
3 3 0.008233 0.015586 0.092606 0.882333 0.001242
3 3 0.005939 0.011732 0.081215 0.900361 0.000753
3 3 0.005638 0.011211 0.079516 0.902940 0.000695
3 3 0.005559 0.011075 0.079061 0.903625 0.000680
3 3 0.005149 0.010360 0.076634 0.907251 0.000605
3 3 0.004238 0.008744 0.070763 0.915805 0.000450
3 3 0.003197 0.006838 0.062985 0.926687 0.000293
3 3 0.003550 0.007493 0.065778 0.922836 0.000343
3 3 0.002754 0.006003 0.059191 0.931820 0.000233
3 3 0.002930 0.006336 0.060738 0.929740 0.000256
3 3 0.002477 0.005473 0.056632 0.935219 0.000199
3 3 0.003012 0.006491 0.061443 0.928786 0.000267
3 3 0.003659 0.007693 0.066606 0.921682 0.000359
3 3 0.004856 0.009845 0.074823 0.909923 0.000553
3 3 0.004815 0.009771 0.074560 0.910308 0.000546
3 3 0.004950 0.010011 0.075411 0.909059 0.000570
3 3 0.005336 0.010687 0.077755 0.905584 0.000639
3 3 0.004673 0.009520 0.073653 0.911633 0.000522
3 3 0.004380 0.008998 0.071725 0.914424 0.000473
3 3 0.004884 0.009893 0.074995 0.909670 0.000558
3 3 0.005198 0.010447 0.076933 0.906808 0.000614
3 3 0.004334 0.008916 0.071416 0.914869 0.000465
3 3 0.004264 0.008790 0.070937 0.915555 0.000454
3 3 0.003699 0.007766 0.066904 0.921265 0.000365
3 3 0.003879 0.008094 0.068228 0.919405 0.000393
3 3 0.003403 0.007221 0.064634 0.924420 0.000322
3 3 0.004037 0.008380 0.069356 0.917811 0.000417
3 3 0.004054 0.008411 0.069479 0.917635 0.000420
3 3 0.003759 0.007875 0.067347 0.920644 0.000374
3 3 0.003139 0.006730 0.062508 0.927338 0.000285
3 3 0.002871 0.006226 0.060231 0.930424 0.000249
3 3 0.002605 0.005719 0.057838 0.933623 0.000214
3 3 0.002552 0.005618 0.057346 0.934276 0.000208
3 3 0.002246 0.005023 0.054354 0.938206 0.000171
3 3 0.002310 0.005148 0.054998 0.937366 0.000179
3 3 0.002106 0.004750 0.052916 0.940072 0.000155
3 3 0.001843 0.004226 0.050022 0.943783 0.000127
3 3 0.002075 0.004688 0.052582 0.940503 0.000152
3 3 0.002767 0.006027 0.059305 0.931667 0.000235
3 3 0.004257 0.008777 0.070887 0.915626 0.000453
3 3 0.008396 0.015854 0.093331 0.881139 0.001280
3 3 0.015294 0.026660 0.117813 0.837001 0.003232
3 0 0.018271 0.031086 0.125906 0.820474 0.004263
3 2 0.038485 0.058186 0.162171 0.727626 0.013532
3 2 0.065888 0.122834 0.299264 0.473604 0.038411
2 2 0.061533 0.141930 0.478195 0.272675 0.045668
2 2 0.059867 0.124854 0.526608 0.241976 0.046695
3 2 0.073633 0.104278 0.254708 0.518038 0.049342
3 2 0.064632 0.090216 0.316260 0.486976 0.041916
3 2 0.066926 0.100059 0.295013 0.488517 0.049486
3 2 0.067587 0.099834 0.347980 0.428753 0.055846
2 2 0.076693 0.108332 0.386655 0.352959 0.075362
3 0 0.104348 0.127162 0.293244 0.388719 0.086527
3 2 0.152403 0.164348 0.203809 0.347230 0.132210
3 2 0.092318 0.213012 0.293282 0.324218 0.077170
3 1 0.069178 0.177521 0.305523 0.403348 0.044430
2 2 0.062575 0.352548 0.393446 0.102163 0.089268
2 2 0.057035 0.277271 0.477136 0.084798 0.103760
2 2 0.055748 0.206747 0.564208 0.086459 0.086838
2 2 0.087133 0.170157 0.372226 0.191931 0.178553
2 2 0.075637 0.128428 0.384517 0.314494 0.096924
2 2 0.063496 0.109586 0.397758 0.371598 0.057561
3 2 0.053490 0.071966 0.363161 0.481871 0.029512
3 2 0.055576 0.075139 0.301550 0.539456 0.028279
3 2 0.051341 0.070550 0.286082 0.567700 0.024328
3 2 0.050185 0.069557 0.275738 0.581297 0.023224
3 2 0.066093 0.092660 0.286116 0.513679 0.041451
2 2 0.070527 0.097362 0.391471 0.381269 0.059370
2 1 0.083451 0.139569 0.411726 0.220179 0.145075
2 1 0.071845 0.161410 0.475399 0.139376 0.151971
2 1 0.066874 0.242301 0.397632 0.069577 0.223616
2 2 0.054275 0.343490 0.376086 0.033340 0.192809
2 0 0.063423 0.358692 0.408813 0.058142 0.110930
2 1 0.060153 0.375393 0.413601 0.050959 0.099894
2 2 0.064535 0.373810 0.394213 0.077289 0.090151
2 2 0.050840 0.351476 0.467669 0.056194 0.073821
2 2 0.051793 0.291657 0.520447 0.065298 0.070805
2 1 0.064860 0.246747 0.495178 0.111422 0.081794
2 2 0.089864 0.265395 0.346858 0.157626 0.140257
2 2 0.095101 0.242134 0.310681 0.197436 0.154648
2 2 0.087274 0.264174 0.323686 0.141041 0.183825
2 2 0.089688 0.220458 0.300209 0.152754 0.236890
2 2 0.082129 0.212850 0.306204 0.127657 0.271160
2 2 0.081844 0.160167 0.371152 0.269123 0.117714
2 2 0.066175 0.100884 0.488933 0.279987 0.064020
2 0 0.094439 0.107972 0.410520 0.303559 0.083510
2 0 0.229864 0.118327 0.337688 0.212582 0.101538
1 2 0.210238 0.300705 0.257327 0.084301 0.147429
2 1 0.094516 0.301701 0.344521 0.157549 0.101713
1 1 0.126995 0.314738 0.312494 0.093121 0.152652
2 1 0.118830 0.235799 0.281885 0.113366 0.250121
1 1 0.140189 0.335710 0.264123 0.047319 0.212658
1 2 0.077425 0.330559 0.321888 0.074217 0.195910
2 2 0.076566 0.304210 0.336354 0.091606 0.191264
2 2 0.079285 0.230469 0.317820 0.122241 0.250186
2 1 0.083128 0.244333 0.295482 0.100203 0.276853
2 1 0.085674 0.256380 0.336805 0.179532 0.141609
2 2 0.069054 0.261848 0.396606 0.139333 0.133159
4 2 0.075910 0.245287 0.232394 0.042220 0.404188
4 2 0.072408 0.246917 0.293955 0.071133 0.315586
4 2 0.071020 0.240175 0.276620 0.061400 0.350785
4 2 0.074091 0.234195 0.286713 0.068522 0.336479
2 2 0.093735 0.209720 0.308459 0.158755 0.229331
2 2 0.076457 0.131478 0.414725 0.293128 0.084212
2 2 0.070048 0.196554 0.459141 0.157271 0.116988
2 2 0.070882 0.268825 0.412725 0.149727 0.097841
2 2 0.069468 0.345208 0.377980 0.122726 0.084618
2 2 0.075344 0.317958 0.366428 0.161110 0.079160
2 2 0.083814 0.231614 0.335108 0.272580 0.076884
3 2 0.068266 0.092184 0.244298 0.557690 0.037563
3 2 0.054937 0.081421 0.187111 0.650190 0.026340
3 2 0.049834 0.073263 0.175587 0.680177 0.021138
3 2 0.046922 0.069637 0.172649 0.691643 0.019149
3 1 0.049454 0.073068 0.176287 0.680124 0.021067
3 2 0.043150 0.064872 0.168486 0.706790 0.016702
3 2 0.045757 0.068173 0.171407 0.696286 0.018378
3 2 0.041907 0.062136 0.196282 0.683392 0.016284
3 2 0.048115 0.069350 0.215273 0.646649 0.020613
3 2 0.038890 0.056866 0.236055 0.653268 0.014920
3 2 0.044900 0.064940 0.224378 0.647198 0.018583
3 2 0.041450 0.058930 0.273912 0.608672 0.017037
3 4 0.057777 0.089247 0.408423 0.410400 0.034153
3 4 0.078498 0.145365 0.351741 0.352877 0.071518
2 4 0.098910 0.196582 0.284231 0.237432 0.182845
3 4 0.092327 0.165439 0.280793 0.285313 0.176128
2 4 0.081614 0.165737 0.305708 0.238793 0.208148
2 4 0.085257 0.170922 0.293131 0.207734 0.242955
4 4 0.074982 0.159595 0.208676 0.071434 0.485312
4 4 0.069150 0.224959 0.261223 0.056336 0.388333
4 1 0.071674 0.264359 0.245436 0.041685 0.376846
4 4 0.093423 0.258751 0.242770 0.072226 0.332830
4 4 0.093467 0.229084 0.243270 0.087406 0.346773
4 4 0.087436 0.167680 0.200857 0.082755 0.461273
4 4 0.050158 0.116012 0.124277 0.021828 0.687725
4 4 0.020184 0.065810 0.077114 0.005033 0.831859
4 4 0.022680 0.070936 0.082223 0.006049 0.818111
4 4 0.035560 0.094202 0.104555 0.012417 0.753266
4 4 0.038717 0.124026 0.130549 0.013425 0.693283
4 4 0.038745 0.103453 0.123757 0.016544 0.717501
4 4 0.029708 0.087481 0.106544 0.010582 0.765685
4 4 0.022879 0.071335 0.082617 0.006134 0.817035
4 4 0.035199 0.093610 0.104003 0.012214 0.754973
4 4 0.047173 0.111865 0.120617 0.019715 0.700630
4 4 0.075058 0.145691 0.149085 0.043405 0.586761
4 4 0.074454 0.186485 0.184647 0.042813 0.511601
4 4 0.085608 0.247925 0.256710 0.072717 0.337040
4 4 0.082771 0.208289 0.257994 0.089788 0.361157
2 4 0.093496 0.197878 0.287512 0.187207 0.233908
4 4 0.087516 0.192678 0.272049 0.134178 0.313579
4 1 0.092848 0.190800 0.253984 0.130704 0.331664
4 4 0.102226 0.195911 0.253248 0.159085 0.289530
4 4 0.090471 0.174214 0.230044 0.112688 0.392584
4 4 0.087504 0.174886 0.265894 0.150834 0.320882
4 4 0.088088 0.174460 0.277609 0.177371 0.282472
2 4 0.081944 0.171090 0.293559 0.181458 0.271948
2 4 0.084787 0.160800 0.296114 0.290679 0.167622
3 4 0.063583 0.104235 0.233874 0.551281 0.047026
3 4 0.054501 0.087219 0.210114 0.616673 0.031494
3 4 0.043983 0.068356 0.179660 0.689199 0.018801
3 4 0.019665 0.033122 0.129356 0.813074 0.004783
3 4 0.011067 0.020148 0.104053 0.862775 0.001958
3 4 0.013158 0.023407 0.111256 0.849620 0.002559
3 2 0.017336 0.029709 0.123480 0.825546 0.003928
3 2 0.044712 0.066854 0.170261 0.700476 0.017698
3 0 0.116443 0.146378 0.199931 0.443542 0.093706
0 0 0.586163 0.110827 0.096882 0.098351 0.107776
0 1 0.532445 0.125062 0.110848 0.113575 0.118071
0 1 0.285477 0.230770 0.222468 0.141559 0.119726
1 1 0.073862 0.382751 0.330562 0.065858 0.146967
2 1 0.088060 0.246598 0.328323 0.234140 0.102879
3 2 0.076913 0.116231 0.224844 0.524127 0.057886
3 2 0.040513 0.061495 0.165317 0.717596 0.015078
3 2 0.026564 0.042893 0.143982 0.778884 0.007677
3 2 0.032836 0.051424 0.154659 0.750327 0.010754
3 2 0.053508 0.077779 0.178985 0.665956 0.023772
3 2 0.057762 0.080526 0.231085 0.602519 0.028108
3 2 0.060228 0.085548 0.190408 0.634720 0.029096
3 2 0.042480 0.064018 0.167703 0.709516 0.016283
3 2 0.039533 0.060230 0.164080 0.721666 0.014492
3 0 0.045013 0.067234 0.170594 0.699266 0.017892
3 0 0.059384 0.084870 0.183766 0.643704 0.028276
3 2 0.064505 0.102044 0.207141 0.593022 0.033288
3 2 0.057301 0.082374 0.182158 0.651529 0.026638
3 2 0.053786 0.078118 0.179228 0.664891 0.023976
3 2 0.027800 0.044599 0.146255 0.773095 0.008251
3 2 0.021178 0.035304 0.132885 0.805260 0.005372
3 2 0.014155 0.024934 0.114405 0.843641 0.002866
3 2 0.014464 0.025404 0.115348 0.841820 0.002963
3 2 0.012537 0.022448 0.109208 0.853433 0.002374
3 2 0.013005 0.023171 0.110757 0.850555 0.002513
3 2 0.011680 0.021112 0.106258 0.858821 0.002128
3 2 0.012760 0.022793 0.109951 0.852055 0.002440
3 2 0.014301 0.025156 0.114852 0.842779 0.002912
3 2 0.013415 0.023802 0.112084 0.848063 0.002637
3 3 0.012150 0.021847 0.107895 0.855846 0.002262
3 3 0.009370 0.017438 0.097476 0.874202 0.001515
3 3 0.010114 0.018635 0.100454 0.869092 0.001704
3 3 0.010306 0.018940 0.101196 0.867804 0.001754
3 3 0.011590 0.020970 0.105938 0.859399 0.002103
3 3 0.011770 0.021252 0.106573 0.858251 0.002153
3 3 0.012580 0.022514 0.109351 0.853168 0.002387
3 3 0.008554 0.016112 0.094025 0.879991 0.001317
3 3 0.005397 0.010794 0.078120 0.905039 0.000650
3 3 0.004489 0.009192 0.072449 0.913379 0.000491
3 2 0.005635 0.011207 0.079502 0.902961 0.000695
3 3 0.006492 0.012677 0.084193 0.895776 0.000863
3 3 0.007983 0.015173 0.091473 0.884187 0.001184
3 3 0.007185 0.013846 0.087702 0.890259 0.001008
3 3 0.007375 0.014163 0.088621 0.888793 0.001049
3 3 0.006152 0.012096 0.082380 0.898578 0.000794
3 3 0.005511 0.010991 0.078783 0.904044 0.000671
3 3 0.004576 0.009348 0.073023 0.912548 0.000505
3 3 0.007760 0.014804 0.090446 0.885856 0.001134
3 0 0.016134 0.027921 0.120208 0.832226 0.003512
3 0 0.053709 0.069885 0.174143 0.683488 0.018776
3 2 0.170274 0.166701 0.223181 0.353727 0.086117
3 2 0.117680 0.149654 0.257677 0.429056 0.045932
3 2 0.043051 0.064746 0.168371 0.707193 0.016640
3 2 0.071056 0.098505 0.191196 0.600921 0.038322
3 2 0.020386 0.034164 0.131062 0.809327 0.005060
3 2 0.013683 0.024214 0.112935 0.846449 0.002719
3 3 0.012420 0.022265 0.108811 0.854163 0.002340
3 3 0.010044 0.018522 0.100179 0.869568 0.001686
3 2 0.013146 0.023389 0.111218 0.849691 0.002555
3 3 0.015822 0.027454 0.119329 0.833989 0.003407
3 2 0.016662 0.028709 0.121668 0.829269 0.003693
3 2 0.013969 0.024651 0.113831 0.844741 0.002808
3 2 0.015169 0.026471 0.117448 0.837722 0.003191
3 2 0.017713 0.030266 0.124470 0.823489 0.004062
3 2 0.034019 0.053000 0.156456 0.745144 0.011381
3 2 0.081546 0.110284 0.195854 0.563651 0.048664
3 1 0.211865 0.155125 0.187514 0.334445 0.111051
1 2 0.233286 0.253666 0.241840 0.144241 0.126967
3 2 0.102136 0.214572 0.297463 0.313225 0.072604
3 3 0.109396 0.164431 0.226092 0.411810 0.088271
3 3 0.078458 0.105331 0.217430 0.552334 0.046447
2 3 0.088044 0.211056 0.320904 0.306713 0.073283
2 3 0.088957 0.246407 0.347297 0.221956 0.095385
2 3 0.081903 0.202533 0.412089 0.211987 0.091489
2 3 0.084425 0.128587 0.361779 0.355368 0.069841
2 2 0.077043 0.107563 0.417261 0.340266 0.057867
3 2 0.085135 0.143836 0.352583 0.352871 0.065575
3 2 0.072637 0.139981 0.354428 0.383524 0.049430
3 2 0.093204 0.185015 0.270940 0.375440 0.075400
2 2 0.062897 0.202286 0.511719 0.093861 0.129237
2 2 0.067238 0.157108 0.583112 0.100065 0.092476
2 1 0.231551 0.125410 0.336598 0.209730 0.096711
0 1 0.426736 0.186739 0.158041 0.098884 0.129599
1 2 0.129766 0.341990 0.323670 0.102194 0.102379
1 2 0.075599 0.368213 0.353578 0.103729 0.098880
2 2 0.080222 0.201237 0.414212 0.230708 0.073621
3 2 0.106335 0.190953 0.266180 0.287005 0.149527
2 2 0.065337 0.190157 0.527421 0.134086 0.082999
2 1 0.070194 0.282655 0.424622 0.083865 0.138664
2 2 0.048868 0.348512 0.433368 0.030507 0.138745
2 2 0.038677 0.229911 0.602174 0.038358 0.090880
2 2 0.049958 0.159813 0.634031 0.082014 0.074184
2 2 0.058341 0.070750 0.521754 0.306430 0.042725
2 2 0.060854 0.074110 0.468220 0.356467 0.040349
2 2 0.060534 0.074659 0.440677 0.386056 0.038075
3 2 0.071012 0.094144 0.333268 0.453902 0.047674
3 2 0.079420 0.104672 0.338369 0.416622 0.060917
2 2 0.070877 0.096709 0.423127 0.347574 0.061713
2 2 0.053364 0.076641 0.570325 0.253267 0.046403
2 2 0.063441 0.094191 0.505380 0.269618 0.067370
3 2 0.078754 0.111199 0.334392 0.406688 0.068966
3 2 0.091453 0.139887 0.241712 0.434680 0.092267
3 3 0.082824 0.123893 0.227826 0.498443 0.067015
3 3 0.072348 0.110683 0.223304 0.541650 0.052015
3 3 0.057874 0.083063 0.182610 0.649370 0.027084
3 3 0.056733 0.081690 0.181703 0.653675 0.026199
3 3 0.035924 0.055520 0.159225 0.736912 0.012420
3 3 0.040799 0.061864 0.165672 0.716414 0.015251
3 3 0.041133 0.062293 0.166083 0.715037 0.015453
3 3 0.050404 0.073082 0.195362 0.659289 0.021864
3 3 0.042989 0.061672 0.248684 0.628975 0.017681
3 3 0.051342 0.070417 0.289647 0.564186 0.024408
3 3 0.044487 0.061712 0.303900 0.570307 0.019593
3 3 0.048134 0.066239 0.299592 0.563862 0.022173
3 3 0.049951 0.068102 0.307856 0.550358 0.023733
3 3 0.039134 0.054535 0.326437 0.563616 0.016277
3 3 0.030825 0.042538 0.404029 0.510616 0.011992
3 3 0.036720 0.051396 0.333248 0.563840 0.014796
3 3 0.038406 0.056972 0.213137 0.677119 0.014366
3 3 0.037149 0.057128 0.160928 0.731687 0.013109
3 3 0.027291 0.043899 0.145331 0.775466 0.008013
3 3 0.022315 0.036930 0.135408 0.799515 0.005832
3 3 0.020968 0.035003 0.132408 0.806332 0.005289
3 3 0.023714 0.038911 0.138372 0.792586 0.006418
3 3 0.020609 0.034487 0.131583 0.808174 0.005148
3 3 0.017605 0.030106 0.124188 0.824078 0.004023
3 3 0.013905 0.024554 0.113633 0.845120 0.002788
3 3 0.012154 0.021852 0.107907 0.855824 0.002263
3 3 0.010138 0.018672 0.100546 0.868933 0.001710
3 3 0.010652 0.019492 0.102514 0.865495 0.001846
3 3 0.009807 0.018142 0.099244 0.871182 0.001625
3 3 0.009862 0.018230 0.099461 0.870807 0.001639
3 3 0.010055 0.018540 0.100223 0.869493 0.001689
3 3 0.009396 0.017480 0.097583 0.874020 0.001521
3 3 0.007935 0.015093 0.091253 0.884546 0.001173
3 3 0.005904 0.011671 0.081020 0.900659 0.000746
3 3 0.005502 0.010977 0.078735 0.904116 0.000670
3 3 0.004966 0.010039 0.075510 0.908912 0.000573
3 3 0.005229 0.010500 0.077117 0.906535 0.000620
3 3 0.006338 0.012415 0.083380 0.897036 0.000831
3 3 0.007885 0.015012 0.091026 0.884914 0.001162
3 3 0.009098 0.016999 0.096351 0.876105 0.001448
3 3 0.010992 0.020030 0.103780 0.863260 0.001938
3 3 0.008821 0.016547 0.095175 0.878077 0.001380
3 3 0.007422 0.014242 0.088848 0.888429 0.001059
3 3 0.006398 0.012516 0.083696 0.896546 0.000843
3 3 0.004761 0.009676 0.074219 0.910807 0.000537
3 3 0.004979 0.010062 0.075593 0.908791 0.000575
3 3 0.005487 0.010949 0.078643 0.904255 0.000667
3 3 0.005494 0.010963 0.078688 0.904187 0.000668
3 3 0.004118 0.008528 0.069931 0.916993 0.000430
3 3 0.003877 0.008091 0.068215 0.919424 0.000393
3 3 0.003620 0.007620 0.066307 0.922099 0.000354
3 3 0.003397 0.007209 0.064583 0.924490 0.000321
3 3 0.003547 0.007486 0.065748 0.922877 0.000343
3 3 0.004483 0.009183 0.072413 0.913431 0.000490
3 3 0.004121 0.008532 0.069947 0.916969 0.000431
3 3 0.006068 0.011953 0.081926 0.899275 0.000778
3 3 0.014732 0.025811 0.116156 0.840252 0.003049
3 1 0.034446 0.053567 0.157090 0.743287 0.011611
3 2 0.123185 0.132612 0.216254 0.470961 0.056987
3 2 0.072652 0.141579 0.254329 0.487737 0.043704
3 2 0.047902 0.070862 0.173663 0.687765 0.019809
3 3 0.029501 0.046926 0.149241 0.765266 0.009067
3 2 0.035256 0.054640 0.158272 0.739780 0.012052
3 2 0.067540 0.101146 0.210049 0.579217 0.042048
2 4 0.085265 0.217299 0.307647 0.148883 0.240906
4 4 0.047582 0.163166 0.185225 0.023289 0.580738
4 4 0.037269 0.124459 0.137617 0.013686 0.686970
4 4 0.035932 0.151181 0.152431 0.011195 0.649260
4 4 0.052302 0.118905 0.126804 0.023406 0.678584
4 4 0.101903 0.187967 0.195150 0.088336 0.426645
4 4 0.065365 0.144864 0.178017 0.047127 0.564626
4 4 0.024924 0.075347 0.086563 0.007026 0.806140
4 4 0.026824 0.078950 0.090070 0.007897 0.796259
4 1 0.031263 0.086947 0.097736 0.010089 0.773965
4 1 0.031292 0.086997 0.097784 0.010104 0.773823
4 4 0.030111 0.084925 0.095813 0.009499 0.779651
4 4 0.023876 0.073310 0.084565 0.006563 0.811687
4 4 0.020063 0.065555 0.076859 0.004985 0.832538
4 4 0.018614 0.062452 0.073727 0.004431 0.840776
4 4 0.018712 0.062665 0.073943 0.004468 0.840212
4 4 0.025522 0.076493 0.087681 0.007295 0.803009
4 4 0.046006 0.110202 0.119138 0.018915 0.705738
4 4 0.040488 0.102016 0.111755 0.015335 0.730405
4 4 0.045640 0.109675 0.118668 0.018667 0.707350
4 4 0.048717 0.114028 0.122532 0.020795 0.693928
4 4 0.052124 0.128251 0.134652 0.022822 0.662151
4 4 0.030876 0.086272 0.097095 0.009889 0.775868
4 4 0.048208 0.113319 0.121906 0.020436 0.696130
4 4 0.043205 0.163436 0.162473 0.015368 0.615518
4 4 0.047741 0.207568 0.195282 0.017719 0.531691
4 4 0.037030 0.105940 0.115009 0.012920 0.729100
4 4 0.028422 0.081893 0.092910 0.008661 0.788115
4 4 0.019592 0.064557 0.075854 0.004802 0.835194
4 4 0.013938 0.051709 0.062669 0.002819 0.868865
4 4 0.015320 0.055012 0.066107 0.003266 0.860296
4 4 0.023215 0.072004 0.083279 0.006277 0.815225
4 4 0.027096 0.079455 0.090559 0.008024 0.794866
4 4 0.042558 0.105152 0.114603 0.016639 0.721048
4 4 0.052552 0.119237 0.127092 0.023593 0.677526
4 4 0.049009 0.253300 0.226100 0.018305 0.453286
4 2 0.035276 0.175476 0.171102 0.010506 0.607640
4 2 0.042299 0.251479 0.224664 0.013981 0.467577
1 2 0.054804 0.333559 0.272418 0.023099 0.316120
4 1 0.078880 0.277851 0.240249 0.044903 0.358117
4 1 0.076194 0.314190 0.260879 0.034361 0.314377
1 1 0.051107 0.387281 0.297510 0.021371 0.242730
1 1 0.047747 0.398830 0.302469 0.019076 0.231878
4 2 0.043339 0.237662 0.215685 0.014658 0.488656
4 1 0.046971 0.232948 0.212707 0.017004 0.490370
4 2 0.057611 0.273434 0.238704 0.024707 0.405545
2 2 0.048853 0.249358 0.347570 0.021696 0.332522
2 2 0.044906 0.227967 0.461952 0.022788 0.242386
2 2 0.047900 0.181136 0.538496 0.031101 0.201368
2 2 0.053615 0.171607 0.567510 0.042384 0.164884
2 2 0.055386 0.141164 0.611400 0.061015 0.131034
2 2 0.040240 0.115612 0.700803 0.042236 0.101109
2 2 0.032159 0.113912 0.716284 0.024824 0.112822
2 2 0.036536 0.151255 0.638755 0.024062 0.149392
2 2 0.038365 0.170149 0.598518 0.023443 0.169525
2 2 0.037955 0.180851 0.600108 0.023001 0.158085
2 2 0.028771 0.151438 0.689996 0.017852 0.111943
2 2 0.028382 0.125245 0.734124 0.020778 0.091471
2 2 0.019548 0.078418 0.836113 0.017506 0.048416
2 2 0.024614 0.074165 0.818182 0.025038 0.058001
2 2 0.023544 0.068538 0.829896 0.024916 0.053106
2 2 0.027734 0.096575 0.778668 0.024919 0.072104
2 2 0.037978 0.116581 0.728335 0.038047 0.079057
2 2 0.059396 0.138120 0.629052 0.070476 0.102956
2 2 0.051061 0.099551 0.697549 0.082506 0.069334
2 2 0.037044 0.094499 0.756231 0.045482 0.066744
2 2 0.025808 0.087501 0.799141 0.024281 0.063269
2 2 0.023155 0.097134 0.789126 0.018058 0.072526
2 2 0.025665 0.093091 0.785541 0.021926 0.073777
2 2 0.030334 0.103355 0.754313 0.026302 0.085696
2 2 0.029627 0.097616 0.769564 0.027253 0.075940
2 2 0.034443 0.103306 0.752882 0.034799 0.074570
2 2 0.043323 0.095201 0.727045 0.066939 0.067492
2 2 0.048428 0.079388 0.687440 0.136221 0.048523
2 2 0.051852 0.069150 0.626160 0.212086 0.040753
2 2 0.050045 0.081613 0.662449 0.158181 0.047711
2 2 0.065016 0.133571 0.581617 0.127896 0.091900
2 2 0.054626 0.140833 0.627578 0.094818 0.082144
2 2 0.083916 0.212623 0.406705 0.115400 0.181356
2 2 0.077691 0.257538 0.367506 0.084070 0.213194
2 1 0.084790 0.267048 0.288724 0.086284 0.273153
4 1 0.071171 0.312558 0.261995 0.038032 0.316245
1 2 0.049414 0.342141 0.276971 0.019142 0.312332
2 2 0.042429 0.308658 0.419824 0.018768 0.210321
2 2 0.030976 0.140842 0.665098 0.019073 0.144011
2 2 0.028385 0.105111 0.752034 0.025703 0.088767
2 2 0.025922 0.089804 0.787663 0.024284 0.072327
2 2 0.020888 0.080394 0.820990 0.018011 0.059717
2 2 0.016181 0.075553 0.842682 0.012288 0.053297
2 2 0.016554 0.081686 0.832527 0.011970 0.057263
2 2 0.019165 0.090911 0.811472 0.014030 0.064421
2 2 0.026575 0.105638 0.774188 0.022247 0.071352
2 3 0.039743 0.132287 0.710895 0.043979 0.073097
2 2 0.036800 0.119599 0.742118 0.052963 0.048519
2 2 0.034518 0.204963 0.673457 0.029452 0.057610
2 2 0.041234 0.339072 0.514945 0.026929 0.077820
1 1 0.052533 0.482314 0.329777 0.029841 0.105535
1 2 0.046910 0.469522 0.335753 0.024080 0.123735
1 2 0.043881 0.505271 0.332481 0.021565 0.096801
1 2 0.036541 0.519058 0.333809 0.015181 0.095411
2 2 0.030241 0.297687 0.549358 0.014069 0.108644
2 2 0.024999 0.190257 0.697498 0.014945 0.072302
2 2 0.026459 0.193582 0.694349 0.016881 0.068730
2 2 0.026882 0.188658 0.703015 0.017986 0.063459
2 2 0.022186 0.168958 0.736888 0.014067 0.057900
2 2 0.024962 0.157159 0.727089 0.016155 0.074635
2 2 0.036898 0.207333 0.590924 0.023393 0.141452
2 0 0.054645 0.295731 0.436026 0.036256 0.177342
2 0 0.083403 0.299160 0.309201 0.087450 0.220786
1 1 0.085668 0.329007 0.297593 0.059636 0.228096
1 2 0.058448 0.406699 0.332542 0.037341 0.164971
1 2 0.050856 0.435798 0.314666 0.022959 0.175721
1 2 0.053868 0.361202 0.285902 0.022910 0.276117
2 2 0.046219 0.196154 0.561071 0.030530 0.166026
2 2 0.037454 0.129067 0.682043 0.029566 0.121871
2 2 0.029484 0.101242 0.752149 0.024471 0.092655
2 2 0.027213 0.105543 0.751944 0.020660 0.094640
2 2 0.034294 0.130790 0.697220 0.027759 0.109937
2 2 0.047897 0.155439 0.617195 0.047859 0.131611
2 2 0.080130 0.163864 0.468719 0.147073 0.140215
2 2 0.077737 0.131533 0.505412 0.168829 0.116489
2 2 0.069468 0.127406 0.552727 0.156932 0.093468
2 3 0.051971 0.118694 0.662355 0.092096 0.074884
2 2 0.044898 0.147700 0.667756 0.051021 0.088624
2 2 0.042086 0.146646 0.651622 0.033607 0.126039
2 2 0.033461 0.192629 0.624259 0.023400 0.126251
2 2 0.043677 0.178743 0.588766 0.082275 0.106539
2 2 0.057325 0.187006 0.443895 0.038444 0.273330
2 0 0.070614 0.187691 0.406517 0.072365 0.262813
4 1 0.092791 0.221163 0.225610 0.076390 0.384047
1 2 0.074748 0.313755 0.262179 0.041852 0.307467
1 2 0.072198 0.355591 0.305491 0.050169 0.216551
2 2 0.060352 0.255304 0.488957 0.048441 0.146946
2 2 0.041511 0.094148 0.724528 0.070009 0.069804
2 2 0.040262 0.095667 0.734078 0.055574 0.074419
2 2 0.026234 0.066237 0.824312 0.035228 0.047990
2 2 0.028903 0.088941 0.777825 0.027088 0.077244
2 2 0.032844 0.144548 0.692086 0.023467 0.107055
2 2 0.031784 0.210386 0.624614 0.017859 0.115357
2 2 0.046870 0.283136 0.491691 0.027011 0.151292
1 1 0.136761 0.304966 0.250270 0.049085 0.258918
1 2 0.051264 0.428138 0.312291 0.022964 0.185343
1 2 0.044966 0.410865 0.382999 0.021459 0.139711
2 2 0.025519 0.160876 0.721633 0.016532 0.075439
2 2 0.033004 0.092083 0.758107 0.037839 0.078967
2 2 0.039313 0.096058 0.723680 0.056086 0.084864
2 2 0.040681 0.103408 0.710500 0.052684 0.092728
2 2 0.045004 0.111543 0.685675 0.068408 0.089370
2 2 0.055442 0.148099 0.605757 0.082556 0.108145
2 2 0.063203 0.152558 0.544129 0.165807 0.074303
2 2 0.076391 0.307050 0.373461 0.116123 0.126975
2 1 0.051257 0.272805 0.531409 0.060899 0.083630
2 2 0.044807 0.358284 0.458433 0.025953 0.112522
2 2 0.042811 0.225277 0.590488 0.032266 0.109158
2 2 0.058613 0.299572 0.431526 0.045050 0.165240
2 2 0.078861 0.304523 0.385633 0.096642 0.134341
2 2 0.063378 0.353262 0.422114 0.066419 0.094828
2 2 0.051633 0.351285 0.467428 0.040043 0.089611
2 2 0.031011 0.185796 0.704937 0.026270 0.051986
2 2 0.025559 0.125408 0.779224 0.024749 0.045061
2 2 0.046617 0.139081 0.667744 0.062701 0.083856
2 2 0.056575 0.200442 0.566113 0.058191 0.118679
1 2 0.077613 0.340867 0.319889 0.055179 0.206453
1 1 0.069211 0.430270 0.307837 0.042240 0.150442
1 2 0.055607 0.451550 0.317455 0.028427 0.146960
1 2 0.057345 0.453789 0.317351 0.030438 0.141077
1 2 0.068361 0.376693 0.301944 0.038030 0.214971
2 2 0.063415 0.249823 0.439868 0.047102 0.199792
2 2 0.049643 0.233148 0.504294 0.037189 0.175725
2 1 0.057014 0.278415 0.414863 0.032710 0.216997
2 0 0.109524 0.193956 0.346974 0.076025 0.273522
0 0 0.265116 0.171394 0.174187 0.131254 0.258048
0 0 0.244628 0.174395 0.187246 0.166939 0.226792
0 0 0.478538 0.134051 0.123127 0.125062 0.139221
0 0 0.708631 0.081128 0.070670 0.064947 0.074625
0 0 0.868528 0.039174 0.033901 0.025900 0.032497
0 0 0.895092 0.031778 0.027455 0.020003 0.025672
0 0 0.723711 0.070392 0.065866 0.024275 0.115756
0 0 0.393745 0.122417 0.120743 0.032670 0.330424
4 0 0.096412 0.126501 0.132878 0.025215 0.618994
0 0 0.418090 0.131952 0.126020 0.050609 0.273329
0 0 0.426582 0.130617 0.124623 0.050211 0.267967
0 0 0.310029 0.176017 0.161968 0.058095 0.293892
4 0 0.104833 0.261636 0.229391 0.033180 0.370961
4 0 0.029370 0.101511 0.110606 0.008623 0.749890
4 0 0.027493 0.088310 0.098696 0.007978 0.777523
4 0 0.030717 0.113011 0.120669 0.009072 0.726532
4 0 0.035202 0.160933 0.159998 0.010645 0.633222
4 0 0.039309 0.146353 0.148834 0.013259 0.652245
4 0 0.038857 0.117467 0.125028 0.013704 0.704945
4 0 0.031848 0.087961 0.098697 0.010394 0.771100
4 0 0.028295 0.081661 0.092687 0.008599 0.788758
4 0 0.027911 0.080960 0.092012 0.008413 0.790703
4 0 0.043484 0.188355 0.181246 0.015155 0.571761
4 0 0.065134 0.135577 0.140921 0.033890 0.624478
4 0 0.072042 0.140804 0.163957 0.041569 0.581628
4 0 0.037956 0.096267 0.137308 0.014490 0.713979
4 0 0.037838 0.096755 0.125957 0.014160 0.725291
4 0 0.025399 0.076259 0.087453 0.007239 0.803649
4 0 0.036317 0.095437 0.105703 0.012849 0.749694
4 0 0.029663 0.084128 0.095052 0.009274 0.781883
4 0 0.046576 0.117373 0.142668 0.023928 0.669455
4 0 0.022661 0.070899 0.082186 0.006042 0.818212
4 0 0.024690 0.074896 0.086121 0.006921 0.807372
4 0 0.022550 0.070677 0.081966 0.005995 0.818812
4 0 0.042139 0.112790 0.121205 0.016036 0.707830
4 0 0.014940 0.054116 0.065178 0.003141 0.862624
4 0 0.027942 0.081016 0.092066 0.008428 0.790549
4 0 0.041079 0.159587 0.291683 0.016524 0.491128
2 1 0.064384 0.164471 0.496482 0.052234 0.222429
0 0 0.383056 0.148525 0.138049 0.081677 0.248693
1 1 0.217167 0.294616 0.237017 0.040181 0.211018
1 1 0.074542 0.361975 0.284386 0.026229 0.252869
4 1 0.065804 0.316301 0.262728 0.032301 0.322866
4 1 0.039165 0.154724 0.155451 0.013012 0.637648
4 1 0.038305 0.161896 0.160980 0.012383 0.626437
4 1 0.046377 0.271667 0.237543 0.016534 0.427879
4 1 0.080710 0.266802 0.233561 0.046784 0.372143
4 1 0.102702 0.261580 0.227966 0.075396 0.332357
1 1 0.072591 0.330560 0.269329 0.039491 0.288028
1 1 0.062704 0.366199 0.287209 0.030834 0.253054
4 1 0.063045 0.312652 0.260979 0.029699 0.333625
4 2 0.050436 0.238170 0.319568 0.022284 0.369543
2 2 0.047978 0.209226 0.426410 0.024538 0.291848
2 2 0.042530 0.200821 0.467338 0.021114 0.268196
2 2 0.038737 0.210586 0.471756 0.017718 0.261203
2 2 0.033760 0.194135 0.550853 0.016163 0.205088
2 2 0.024768 0.162390 0.661620 0.012108 0.139114
2 2 0.022738 0.135360 0.719459 0.012566 0.109877
2 2 0.028023 0.153210 0.687642 0.016802 0.114323
2 2 0.033465 0.182278 0.617060 0.018882 0.148316
2 2 0.029523 0.165979 0.662199 0.017042 0.125258
2 2 0.030882 0.165303 0.616459 0.016191 0.171165
2 2 0.030660 0.128801 0.686892 0.020053 0.133595
2 2 0.035492 0.129702 0.674857 0.025849 0.134100
2 2 0.039285 0.125545 0.672567 0.032851 0.129751
2 2 0.036785 0.109738 0.709273 0.034118 0.110085
2 2 0.032668 0.094555 0.748851 0.030697 0.093229
2 2 0.028087 0.070509 0.806717 0.036599 0.058088
2 2 0.038114 0.069694 0.756633 0.086889 0.048669
2 2 0.040399 0.059042 0.719683 0.147096 0.033780
2 2 0.046122 0.059936 0.649279 0.208533 0.036130
2 2 0.037726 0.054713 0.694867 0.183525 0.029169
2 2 0.051180 0.063578 0.473616 0.381892 0.029734
2 2 0.059535 0.069787 0.579246 0.240217 0.051215
2 2 0.059602 0.101827 0.470871 0.308228 0.059472
2 3 0.051509 0.125551 0.480955 0.301511 0.040474
3 3 0.084576 0.102370 0.365791 0.384529 0.062734
3 3 0.043501 0.064964 0.177373 0.697130 0.017032
3 3 0.028266 0.045239 0.147090 0.770933 0.008471
3 3 0.015222 0.026551 0.117603 0.837417 0.003208
3 3 0.010524 0.019287 0.102028 0.866349 0.001812
3 3 0.008072 0.015319 0.091877 0.883527 0.001205
3 3 0.010406 0.019100 0.101580 0.867133 0.001781
3 3 0.007468 0.014318 0.089066 0.888080 0.001069
3 3 0.005532 0.011029 0.078909 0.903854 0.000675
3 3 0.003730 0.007823 0.067136 0.920941 0.000370
3 3 0.003583 0.007553 0.066028 0.922487 0.000348
3 3 0.004639 0.009460 0.073434 0.911951 0.000516
3 3 0.005231 0.010504 0.077130 0.906515 0.000620
3 3 0.005842 0.011564 0.080671 0.901189 0.000734
3 3 0.006685 0.013004 0.085192 0.894217 0.000902
3 3 0.006160 0.012110 0.082424 0.898510 0.000796
3 3 0.005225 0.010493 0.077092 0.906572 0.000619
3 3 0.003798 0.007946 0.067634 0.920243 0.000380
3 3 0.002654 0.005813 0.058289 0.933024 0.000221
3 3 0.001980 0.004499 0.051554 0.941826 0.000141
3 3 0.002292 0.005113 0.054820 0.937598 0.000176
3 3 0.003068 0.006596 0.061913 0.928148 0.000275
3 3 0.003782 0.007916 0.067515 0.920409 0.000378
3 3 0.003890 0.008115 0.068309 0.919291 0.000395
3 3 0.004396 0.009027 0.071832 0.914269 0.000475
3 1 0.007805 0.014878 0.090653 0.885520 0.001144
3 1 0.077115 0.072354 0.178652 0.652944 0.018934
3 2 0.136646 0.128020 0.198938 0.470813 0.065583
3 2 0.093442 0.183289 0.266660 0.384870 0.071739
3 1 0.079154 0.107637 0.194946 0.572073 0.046191
3 2 0.110885 0.176275 0.245378 0.336655 0.130808
2 2 0.101647 0.198453 0.293269 0.268843 0.137788
2 2 0.088863 0.172243 0.392455 0.218969 0.127470
2 2 0.101428 0.163572 0.298902 0.234278 0.201819
2 2 0.095540 0.142118 0.336497 0.289494 0.136352
2 2 0.081762 0.110973 0.376166 0.353307 0.077793
2 1 0.105212 0.132179 0.333277 0.319325 0.110007
3 1 0.109667 0.129309 0.311681 0.352768 0.096576
1 1 0.111250 0.282010 0.269629 0.133874 0.203237
2 2 0.084043 0.308659 0.341526 0.135157 0.130615
2 2 0.094431 0.279109 0.320100 0.196757 0.109603
2 2 0.078841 0.208904 0.456692 0.115975 0.139588
2 2 0.059596 0.189028 0.539932 0.065498 0.145945
2 2 0.045719 0.161595 0.640049 0.044095 0.108542
2 2 0.035519 0.115632 0.724786 0.038685 0.085379
2 2 0.037394 0.117973 0.721849 0.040762 0.082022
2 2 0.043632 0.125004 0.665572 0.044520 0.121272
2 2 0.054720 0.126321 0.640675 0.099421 0.078862
2 2 0.118057 0.188262 0.328692 0.178775 0.186214
3 1 0.175285 0.189063 0.170148 0.247859 0.217644
0 2 0.424693 0.148354 0.131439 0.128373 0.167141
1 2 0.096646 0.344243 0.283603 0.074130 0.201377
1 2 0.092303 0.327183 0.317822 0.122347 0.140345
2 2 0.062328 0.133863 0.564416 0.136393 0.103000
2 2 0.053453 0.085072 0.648807 0.136457 0.076211
2 2 0.061146 0.129084 0.564838 0.127988 0.116944
2 2 0.073014 0.183864 0.465541 0.146936 0.130645
2 2 0.090374 0.226273 0.321792 0.165164 0.196398
2 2 0.075899 0.289152 0.335005 0.093519 0.206426
2 2 0.063052 0.290639 0.312876 0.049853 0.283580
4 2 0.055944 0.276640 0.311397 0.029026 0.326994
4 2 0.046657 0.181087 0.176028 0.017339 0.578889
4 2 0.050242 0.164414 0.164677 0.020454 0.600213
4 2 0.052055 0.175350 0.208043 0.024184 0.540368
4 2 0.050241 0.172183 0.190930 0.024959 0.561686
4 2 0.055202 0.167266 0.191870 0.031351 0.554311
4 2 0.059055 0.190498 0.207173 0.033446 0.509828
4 2 0.071441 0.224535 0.261929 0.060692 0.381402
4 2 0.077665 0.220686 0.267152 0.077573 0.356924
2 2 0.067897 0.197520 0.336472 0.061835 0.336277
2 2 0.069840 0.162306 0.380981 0.077204 0.309668
2 2 0.058681 0.157462 0.520666 0.070219 0.192972
2 2 0.070215 0.187019 0.393888 0.074964 0.273914
2 2 0.059651 0.177590 0.519697 0.077129 0.165933
2 2 0.066553 0.193729 0.432613 0.078504 0.228602
2 2 0.058948 0.200255 0.504204 0.069394 0.167200
4 2 0.110257 0.237892 0.212643 0.086604 0.352603
0 1 0.261234 0.178376 0.159598 0.175935 0.224857
0 1 0.361639 0.174650 0.152455 0.127904 0.183352
1 2 0.124387 0.317603 0.263454 0.085975 0.208581
2 2 0.104707 0.260779 0.295205 0.214585 0.124725
3 2 0.083788 0.119466 0.314958 0.404318 0.077470
3 2 0.060486 0.080237 0.395465 0.424320 0.039492
2 2 0.051609 0.066373 0.432286 0.420411 0.029320
2 2 0.040090 0.051174 0.489245 0.399322 0.020168
3 2 0.065920 0.082922 0.379709 0.430655 0.040794
2 2 0.065492 0.078351 0.472689 0.337252 0.046216
2 4 0.098728 0.166628 0.346609 0.192682 0.195353
2 4 0.068972 0.172811 0.380662 0.063651 0.313905
4 4 0.068640 0.202579 0.308537 0.042631 0.377612
4 4 0.087081 0.219517 0.203014 0.054183 0.436204
4 4 0.140331 0.204693 0.219890 0.156849 0.278237
3 4 0.139836 0.222097 0.224494 0.230206 0.183366
3 0 0.194276 0.173174 0.181784 0.294956 0.155809
0 1 0.426421 0.146572 0.130165 0.129317 0.167524
