0 0 0.909807 0.067582 0.006778 0.001703 0.014130
0 0 0.923296 0.069635 0.004265 0.000170 0.002634
0 0 0.928263 0.061034 0.003796 0.000383 0.006524
0 0 0.773518 0.148589 0.011538 0.000752 0.065602
4 1 0.133432 0.032937 0.002731 0.001970 0.828930
1 1 0.341587 0.364941 0.160610 0.004870 0.127991
1 1 0.299692 0.383648 0.267897 0.004967 0.043796
0 0 0.689476 0.214021 0.081801 0.003842 0.010861
0 0 0.802298 0.149627 0.033019 0.002503 0.012553
0 0 0.825341 0.120390 0.024195 0.004564 0.025511
0 0 0.738790 0.131385 0.030455 0.010658 0.088713
0 0 0.506241 0.152279 0.028715 0.007311 0.305454
4 0 0.365847 0.122366 0.018290 0.004788 0.488710
4 0 0.303199 0.139454 0.024098 0.004424 0.528826
4 0 0.260231 0.183845 0.045975 0.005409 0.504539
4 1 0.244811 0.188048 0.051112 0.005784 0.510245
4 1 0.248384 0.185873 0.053842 0.006839 0.505063
4 1 0.181334 0.165988 0.054321 0.007001 0.591357
4 1 0.147840 0.157523 0.060006 0.007875 0.626755
4 1 0.099299 0.107672 0.041786 0.007896 0.743347
4 1 0.108028 0.119496 0.055702 0.011383 0.705391
4 1 0.106608 0.115268 0.049479 0.009867 0.718778
4 1 0.133361 0.131958 0.051348 0.009154 0.674179
4 1 0.156673 0.149050 0.056297 0.009057 0.628922
4 1 0.185320 0.187970 0.077766 0.009733 0.539211
4 1 0.196218 0.160259 0.058808 0.010364 0.574351
4 4 0.191767 0.161951 0.061417 0.010607 0.574257
4 4 0.187467 0.102521 0.026498 0.008637 0.674876
4 4 0.172218 0.096667 0.022545 0.006688 0.701883
4 4 0.148444 0.085105 0.018530 0.005554 0.742367
4 4 0.121695 0.095704 0.027988 0.006766 0.747847
4 4 0.076654 0.071989 0.023473 0.006325 0.821560
4 4 0.075496 0.073637 0.025079 0.006594 0.819194
4 4 0.057964 0.112385 0.062490 0.007256 0.759905
4 4 0.070443 0.123202 0.075535 0.010448 0.720372
4 4 0.085741 0.152431 0.112854 0.015094 0.633881
4 4 0.107295 0.169280 0.118324 0.015780 0.589322
4 4 0.110779 0.201917 0.200663 0.024404 0.462237
4 2 0.130834 0.163913 0.110305 0.020153 0.574796
4 2 0.168115 0.191346 0.157784 0.032412 0.450342
4 2 0.166290 0.157853 0.153564 0.062974 0.459319
4 2 0.153491 0.097908 0.101295 0.135039 0.512268
4 2 0.206506 0.077646 0.076599 0.232074 0.407175
3 4 0.254179 0.055065 0.051048 0.353835 0.285873
3 4 0.297178 0.061378 0.058969 0.359734 0.222741
3 4 0.264039 0.071759 0.089584 0.386722 0.187895
3 2 0.213194 0.074894 0.125656 0.436034 0.150223
3 2 0.210943 0.089089 0.161123 0.387895 0.150950
3 2 0.280016 0.094239 0.125211 0.318576 0.181958
3 2 0.232996 0.108011 0.172456 0.299547 0.186990
3 2 0.205411 0.122975 0.228329 0.270216 0.173069
3 2 0.099146 0.077886 0.233910 0.433479 0.155579
3 2 0.090657 0.056948 0.184377 0.551741 0.116277
3 2 0.078361 0.047761 0.163574 0.603339 0.106965
3 2 0.086086 0.050674 0.167712 0.593042 0.102486
3 2 0.091630 0.053285 0.171749 0.580542 0.102793
3 2 0.111665 0.058908 0.165850 0.550670 0.112907
3 2 0.085610 0.051713 0.171401 0.584010 0.107265
3 2 0.097770 0.058673 0.184814 0.550033 0.108710
3 2 0.105688 0.064457 0.196607 0.520084 0.113164
3 2 0.131510 0.078860 0.219350 0.457915 0.112365
3 2 0.140088 0.083525 0.225863 0.438927 0.111597
3 2 0.176685 0.109751 0.262138 0.334479 0.116948
3 2 0.195306 0.121100 0.273071 0.296386 0.114137
3 2 0.124782 0.075242 0.214108 0.472852 0.113016
3 2 0.106349 0.061971 0.189038 0.538003 0.104638
3 2 0.101321 0.058595 0.182278 0.555369 0.102437
3 2 0.086805 0.050221 0.165747 0.597747 0.099481
3 2 0.093369 0.056734 0.181862 0.557797 0.110239
3 2 0.111975 0.065748 0.196312 0.519147 0.106818
3 2 0.107149 0.063027 0.191588 0.531740 0.106497
3 2 0.091603 0.052454 0.169690 0.587511 0.098742
3 2 0.096414 0.054974 0.174424 0.575211 0.098978
3 2 0.085629 0.048373 0.160499 0.610565 0.094934
3 2 0.097677 0.056717 0.178954 0.564137 0.102515
3 2 0.089462 0.053988 0.175982 0.572539 0.108029
3 2 0.094489 0.058402 0.186218 0.547105 0.113786
3 2 0.091944 0.054813 0.176880 0.570106 0.106257
3 2 0.078708 0.044880 0.153542 0.628163 0.094707
3 2 0.064858 0.033862 0.119338 0.694520 0.087423
3 2 0.062296 0.030208 0.103355 0.716685 0.087457
3 2 0.068857 0.032311 0.104315 0.701791 0.092726
3 2 0.105341 0.040995 0.100763 0.637835 0.115066
3 2 0.120350 0.052142 0.131915 0.586649 0.108945
3 2 0.168412 0.076037 0.168266 0.467544 0.119741
3 2 0.174725 0.102248 0.248570 0.367025 0.107432
3 2 0.189720 0.115170 0.265559 0.317833 0.111718
3 2 0.123222 0.078389 0.231407 0.455512 0.111470
3 2 0.116936 0.070349 0.205920 0.494872 0.111923
3 2 0.106859 0.063339 0.192665 0.529256 0.107881
3 2 0.113323 0.064834 0.192923 0.526649 0.102271
3 2 0.096035 0.055296 0.175666 0.572340 0.100664
3 2 0.092100 0.053077 0.171331 0.583487 0.100004
3 2 0.106746 0.061575 0.187641 0.541189 0.102849
3 2 0.117187 0.068076 0.199595 0.509677 0.105465
3 2 0.162725 0.092939 0.235203 0.405053 0.104079
3 2 0.160276 0.088965 0.227655 0.423591 0.099512
3 2 0.183143 0.103687 0.247251 0.364244 0.101675
3 2 0.181143 0.103113 0.247098 0.366000 0.102645
3 2 0.129661 0.075964 0.213114 0.473230 0.108031
3 2 0.082794 0.049123 0.164932 0.600051 0.103100
3 2 0.051004 0.028737 0.113935 0.724443 0.081881
3 2 0.044200 0.024316 0.100790 0.756153 0.074541
3 2 0.064467 0.036771 0.134915 0.673911 0.089936
3 2 0.102102 0.061525 0.190446 0.535655 0.110270
3 2 0.127380 0.073279 0.201981 0.481658 0.115702
3 2 0.136675 0.074501 0.189282 0.469680 0.129862
3 2 0.136851 0.072779 0.179523 0.471901 0.138946
3 2 0.142380 0.074324 0.155321 0.428108 0.199867
3 2 0.145754 0.095241 0.208141 0.349827 0.201038
3 2 0.170408 0.098076 0.213755 0.362054 0.155708
3 2 0.152829 0.092842 0.234763 0.394781 0.124786
3 2 0.115494 0.070512 0.207242 0.492161 0.114591
3 2 0.080008 0.056520 0.218075 0.548609 0.096788
3 2 0.089071 0.055918 0.185469 0.559064 0.110478
3 2 0.101762 0.064362 0.204544 0.518322 0.111011
3 2 0.114700 0.067693 0.200048 0.509469 0.108091
3 2 0.147052 0.085725 0.227219 0.432298 0.107705
2 2 0.202095 0.168891 0.328017 0.159777 0.141220
2 2 0.180597 0.123008 0.313941 0.284461 0.097993
3 2 0.124467 0.093841 0.299017 0.375438 0.107237
2 2 0.187826 0.172705 0.364408 0.143448 0.131614
3 2 0.087672 0.053230 0.175271 0.575812 0.108015
3 2 0.098957 0.057737 0.181220 0.558446 0.103639
3 2 0.120042 0.074845 0.215920 0.470106 0.119088
2 2 0.168730 0.130735 0.310637 0.255329 0.134569
2 2 0.146576 0.141413 0.372775 0.208025 0.131211
2 2 0.117335 0.132429 0.467161 0.193936 0.089139
2 2 0.240266 0.206443 0.336102 0.097491 0.119699
2 2 0.297208 0.262752 0.318521 0.039126 0.082393
0 2 0.652443 0.183250 0.085991 0.020412 0.057903
0 2 0.891195 0.077207 0.008259 0.001966 0.021374
0 0 0.912552 0.059552 0.004590 0.001379 0.021927
0 0 0.936658 0.035108 0.001528 0.000879 0.025828
0 0 0.888513 0.069230 0.006263 0.002093 0.033902
0 0 0.728051 0.156398 0.038273 0.008042 0.069237
0 0 0.518980 0.230647 0.115189 0.019777 0.115408
0 0 0.324769 0.240773 0.155887 0.027052 0.251519
0 0 0.283687 0.216433 0.178787 0.045394 0.275699
0 0 0.290220 0.227332 0.205816 0.048161 0.228470
0 0 0.390576 0.218352 0.150488 0.039791 0.200793
0 0 0.314144 0.250554 0.233126 0.040045 0.162130
0 0 0.501295 0.218312 0.118128 0.026575 0.135690
0 0 0.570892 0.209673 0.083343 0.016079 0.120012
0 0 0.577110 0.210932 0.072342 0.012267 0.127349
0 0 0.468783 0.250525 0.136270 0.019433 0.124989
0 0 0.620758 0.154123 0.059002 0.026991 0.139127
0 0 0.756548 0.130128 0.035770 0.013065 0.064489
0 0 0.737859 0.129300 0.037753 0.016490 0.078598
0 0 0.769267 0.119102 0.029546 0.012560 0.069525
0 0 0.607366 0.153825 0.042312 0.015260 0.181238
0 0 0.719206 0.138056 0.031592 0.010215 0.100931
0 0 0.684143 0.150755 0.033007 0.008839 0.123256
0 0 0.681395 0.154943 0.036505 0.009649 0.117508
0 0 0.551290 0.211702 0.071599 0.012487 0.152922
0 0 0.684438 0.158121 0.036292 0.008696 0.112453
0 0 0.626915 0.175289 0.046892 0.010836 0.140068
0 0 0.713951 0.139867 0.033137 0.010813 0.102233
0 0 0.697925 0.136700 0.033169 0.012563 0.119643
0 0 0.682740 0.145218 0.032894 0.010227 0.128922
0 0 0.517282 0.230965 0.098649 0.015732 0.137371
0 1 0.426740 0.246712 0.131833 0.020595 0.174119
0 0 0.317364 0.265677 0.226708 0.031037 0.159214
2 0 0.174987 0.254869 0.369426 0.041266 0.159453
2 0 0.189782 0.237004 0.407449 0.053737 0.112028
2 0 0.200402 0.234446 0.357764 0.059911 0.147478
0 0 0.277652 0.243999 0.267833 0.048846 0.161670
0 0 0.490897 0.174956 0.086356 0.037017 0.210774
0 0 0.631011 0.124760 0.035211 0.022464 0.186553
0 0 0.740773 0.088906 0.016191 0.013827 0.140303
0 0 0.673193 0.081806 0.011291 0.009901 0.223809
0 0 0.539892 0.098655 0.015423 0.009686 0.336345
0 1 0.517518 0.156801 0.048553 0.019103 0.258026
0 1 0.583513 0.166492 0.058538 0.021283 0.170173
0 0 0.689835 0.134570 0.044085 0.022630 0.108880
0 0 0.701000 0.161622 0.061892 0.017295 0.058192
0 0 0.647537 0.186777 0.089702 0.020218 0.055767
0 0 0.779556 0.127209 0.031595 0.009754 0.051886
0 0 0.787226 0.121740 0.028602 0.009394 0.053039
0 0 0.721009 0.159830 0.047246 0.010701 0.061214
0 0 0.707388 0.178311 0.038813 0.005149 0.070339
0 0 0.568123 0.194154 0.039146 0.005532 0.193044
0 4 0.352260 0.251674 0.083827 0.007819 0.304419
4 4 0.184325 0.214982 0.102371 0.010411 0.487910
4 4 0.104999 0.176556 0.118627 0.013274 0.586544
4 4 0.127448 0.190888 0.121786 0.013860 0.546018
4 4 0.145364 0.185040 0.098051 0.011974 0.559571
4 4 0.133655 0.158384 0.072935 0.010088 0.624939
4 4 0.079831 0.131862 0.073989 0.009487 0.704831
4 4 0.081418 0.130274 0.073835 0.010135 0.704337
4 4 0.081311 0.154143 0.108812 0.012502 0.643233
4 4 0.086752 0.129218 0.072838 0.011106 0.700086
4 4 0.083669 0.113820 0.058437 0.010320 0.733754
4 4 0.091688 0.066449 0.019637 0.007371 0.814855
4 4 0.113819 0.059685 0.012672 0.005681 0.808143
4 4 0.095175 0.023397 0.002523 0.003248 0.875657
4 4 0.098720 0.018741 0.001632 0.002833 0.878074
4 4 0.122585 0.017377 0.001394 0.003561 0.855084
4 4 0.155641 0.013481 0.000847 0.004017 0.826013
4 4 0.208904 0.013831 0.000900 0.006292 0.770073
4 4 0.204880 0.011511 0.000628 0.005249 0.777732
4 4 0.184659 0.009434 0.000425 0.003825 0.801657
4 4 0.162773 0.007822 0.000282 0.002488 0.826636
4 4 0.180175 0.007710 0.000251 0.002338 0.809526
4 4 0.135852 0.008616 0.000356 0.002301 0.852876
4 4 0.140738 0.014846 0.001023 0.003779 0.839614
4 4 0.173591 0.013408 0.000840 0.004672 0.807490
4 4 0.187000 0.013826 0.000765 0.003821 0.794588
4 4 0.234010 0.032616 0.002789 0.004623 0.725961
4 4 0.182750 0.056718 0.007750 0.004569 0.748213
4 4 0.106543 0.065233 0.015824 0.006145 0.806255
4 4 0.111760 0.119952 0.054071 0.011077 0.703140
4 4 0.161565 0.181395 0.088964 0.012146 0.555930
4 4 0.201829 0.232404 0.108063 0.009769 0.447935
4 4 0.210718 0.237285 0.119574 0.011621 0.420803
1 4 0.151548 0.294639 0.292450 0.016306 0.245058
2 4 0.162495 0.272100 0.296529 0.024426 0.244450
0 0 0.372421 0.263585 0.168652 0.022666 0.172675
0 0 0.478796 0.246933 0.129755 0.019007 0.125509
0 0 0.690450 0.165825 0.065571 0.017819 0.060335
0 0 0.702534 0.146461 0.048317 0.018020 0.084669
0 0 0.800197 0.090600 0.016429 0.010535 0.082239
0 0 0.867195 0.050051 0.004252 0.004398 0.074104
0 0 0.915014 0.027842 0.001113 0.001539 0.054491
0 0 0.908785 0.027893 0.001148 0.001736 0.060438
0 0 0.854546 0.041327 0.003002 0.004607 0.096519
0 0 0.464839 0.087455 0.013321 0.009836 0.424550
4 0 0.274318 0.101103 0.020417 0.008492 0.595669
4 0 0.277865 0.119985 0.026483 0.008267 0.567400
4 0 0.293656 0.155443 0.043809 0.010230 0.496862
4 0 0.263544 0.160468 0.053719 0.012319 0.509951
4 0 0.359356 0.186970 0.072933 0.018274 0.362466
0 0 0.558212 0.157532 0.048978 0.019116 0.216162
0 0 0.665474 0.133103 0.036794 0.018311 0.146318
0 0 0.712343 0.150421 0.044473 0.013453 0.079311
0 0 0.602295 0.201875 0.086323 0.017866 0.091641
0 0 0.740070 0.144588 0.043471 0.012742 0.059129
0 0 0.785615 0.120047 0.028157 0.009877 0.056304
0 0 0.793863 0.109318 0.023382 0.009972 0.063465
0 0 0.671926 0.149286 0.059069 0.026091 0.093629
0 0 0.366507 0.251727 0.218272 0.036721 0.126773
1 0 0.225338 0.309078 0.267599 0.017169 0.180816
1 0 0.235271 0.304345 0.263475 0.018518 0.178390
2 1 0.206665 0.286728 0.352572 0.027683 0.126351
2 4 0.237470 0.259317 0.327515 0.042485 0.133214
0 4 0.296571 0.208098 0.286067 0.091308 0.117956
2 4 0.253290 0.165093 0.268415 0.166929 0.146273
3 4 0.172590 0.113480 0.208240 0.276046 0.229643
3 4 0.134874 0.102172 0.220680 0.312493 0.229781
3 2 0.252014 0.119796 0.177547 0.259250 0.191392
0 2 0.429726 0.176607 0.151215 0.088228 0.154224
0 2 0.700577 0.146088 0.053095 0.021379 0.078861
0 2 0.698584 0.168941 0.061273 0.014165 0.057037
0 2 0.625192 0.200005 0.047377 0.006409 0.121017
0 2 0.463620 0.231068 0.059903 0.006526 0.238884
0 2 0.431894 0.208923 0.059955 0.009380 0.289848
4 2 0.310244 0.165373 0.051024 0.011960 0.461399
4 2 0.365806 0.166275 0.051909 0.014305 0.401704
0 2 0.580119 0.124169 0.028007 0.014973 0.252731
0 2 0.703858 0.107749 0.021880 0.013596 0.152917
0 2 0.833319 0.077222 0.010921 0.007211 0.071327
0 2 0.836786 0.101411 0.017182 0.005191 0.039431
0 2 0.772882 0.140704 0.037622 0.008447 0.040345
0 2 0.790893 0.135349 0.032756 0.006635 0.034367
0 2 0.762636 0.147078 0.041808 0.008850 0.039629
0 0 0.755864 0.149375 0.043984 0.009504 0.041274
0 0 0.663560 0.182362 0.078383 0.017483 0.058212
0 0 0.326586 0.290644 0.162451 0.013846 0.206473
4 1 0.173098 0.238627 0.159370 0.015524 0.413381
4 1 0.072647 0.174543 0.180695 0.018759 0.553356
4 2 0.118947 0.165557 0.131789 0.024309 0.559398
4 2 0.340361 0.193577 0.091847 0.024081 0.350133
0 2 0.507201 0.173472 0.058429 0.018846 0.242051
0 2 0.519387 0.242002 0.102399 0.013587 0.122626
0 2 0.341110 0.280464 0.210721 0.023107 0.144598
2 2 0.272643 0.275525 0.328570 0.033161 0.090101
2 2 0.230011 0.244635 0.326671 0.052691 0.145992
0 2 0.276613 0.199222 0.262153 0.098597 0.163415
0 2 0.300477 0.184819 0.232383 0.115038 0.167283
0 2 0.278859 0.234788 0.273508 0.057938 0.154906
2 2 0.209528 0.258153 0.336300 0.041612 0.154406
2 2 0.172173 0.250425 0.408203 0.042484 0.126715
2 2 0.115511 0.190104 0.551248 0.064812 0.078324
2 2 0.113407 0.144265 0.534883 0.138377 0.069067
2 2 0.074040 0.101438 0.529715 0.226981 0.067826
2 2 0.109811 0.144424 0.517199 0.145132 0.083434
2 2 0.114862 0.150029 0.502580 0.141254 0.091276
2 2 0.117192 0.134509 0.467638 0.188548 0.092113
2 2 0.117963 0.118347 0.439486 0.242074 0.082130
3 2 0.082453 0.079033 0.349812 0.396139 0.092564
2 2 0.095661 0.092816 0.387783 0.336454 0.087286
2 2 0.129733 0.116824 0.392824 0.268263 0.092356
2 2 0.147784 0.139184 0.404103 0.207822 0.101107
2 2 0.102323 0.145264 0.514566 0.142327 0.095519
2 2 0.087722 0.152726 0.559433 0.105600 0.094519
2 2 0.087343 0.134558 0.568717 0.135198 0.074185
2 2 0.087302 0.152517 0.615336 0.084328 0.060516
2 2 0.081050 0.150492 0.640527 0.075206 0.052725
2 2 0.104387 0.177821 0.596847 0.062511 0.058434
2 2 0.116711 0.200054 0.524218 0.060975 0.098042
2 2 0.120036 0.210932 0.463117 0.059201 0.146714
2 2 0.152945 0.218196 0.429813 0.063907 0.135140
2 2 0.133134 0.197342 0.436650 0.081716 0.151158
2 2 0.121320 0.196395 0.468648 0.075421 0.138216
2 2 0.133227 0.177825 0.421391 0.113572 0.153985
2 2 0.124791 0.132131 0.410207 0.216094 0.116776
3 2 0.137928 0.109156 0.278427 0.318667 0.155821
3 2 0.108383 0.070704 0.211930 0.482834 0.126149
3 2 0.117334 0.081189 0.248072 0.433785 0.119619
3 2 0.083475 0.061277 0.231022 0.518944 0.105281
3 2 0.108965 0.066666 0.200759 0.509371 0.114238
3 2 0.240345 0.131141 0.253134 0.263543 0.111836
0 2 0.354137 0.162525 0.219958 0.157894 0.105485
0 2 0.334980 0.197159 0.265770 0.103145 0.098945
2 2 0.277219 0.192620 0.299513 0.119485 0.111163
2 2 0.263167 0.151299 0.285088 0.208898 0.091548
0 2 0.279615 0.156688 0.277692 0.192670 0.093335
0 4 0.298261 0.177532 0.295452 0.143552 0.085202
2 4 0.290029 0.170013 0.292747 0.160689 0.086522
2 4 0.260776 0.157496 0.293152 0.191689 0.096887
2 4 0.205424 0.127646 0.278827 0.275381 0.112722
2 4 0.213595 0.131356 0.280676 0.264616 0.109756
2 4 0.240026 0.145024 0.287611 0.225338 0.102000
2 2 0.230139 0.146565 0.308531 0.219056 0.095710
2 2 0.267646 0.173327 0.319562 0.151986 0.087478
2 2 0.242199 0.181019 0.356724 0.132629 0.087429
2 2 0.228534 0.165640 0.352448 0.164096 0.089281
2 2 0.127826 0.118022 0.410379 0.258444 0.085330
0 2 0.354529 0.197680 0.272518 0.098700 0.076574
0 2 0.496309 0.229193 0.186292 0.032719 0.055487
0 2 0.670155 0.196599 0.087305 0.012093 0.033848
0 2 0.422846 0.316406 0.186018 0.009565 0.065164
0 2 0.543440 0.260547 0.134499 0.011267 0.050247
0 2 0.521304 0.242876 0.163583 0.020802 0.051435
0 2 0.561187 0.209555 0.130288 0.028825 0.070145
0 0 0.641963 0.180682 0.087348 0.023667 0.066339
0 0 0.592542 0.216775 0.114543 0.018527 0.057613
0 0 0.482134 0.265072 0.144859 0.015624 0.092311
1 1 0.277980 0.324583 0.243959 0.013828 0.139649
2 1 0.185896 0.298129 0.361164 0.022421 0.132390
2 2 0.130734 0.247510 0.464476 0.034886 0.122394
2 2 0.089103 0.161664 0.593998 0.080275 0.074960
2 2 0.097560 0.127675 0.550950 0.159357 0.064458
2 2 0.065636 0.092941 0.543102 0.236796 0.061525
2 2 0.063801 0.090777 0.487567 0.272728 0.085128
2 2 0.066593 0.088472 0.432269 0.309668 0.102999
2 2 0.061207 0.084056 0.462656 0.306775 0.085305
2 2 0.075776 0.086824 0.432443 0.323188 0.081769
2 2 0.093327 0.115015 0.524170 0.202353 0.065134
2 2 0.151417 0.191820 0.521669 0.072968 0.062127
2 2 0.152056 0.236474 0.493744 0.040036 0.077690
2 2 0.280229 0.256266 0.348920 0.041469 0.073116
2 2 0.286506 0.205013 0.344282 0.090207 0.073991
2 2 0.166059 0.142198 0.381569 0.210523 0.099652
2 2 0.105813 0.108666 0.407093 0.280989 0.097439
2 2 0.209290 0.153099 0.306043 0.200974 0.130594
0 2 0.319425 0.184391 0.269248 0.125302 0.101633
0 2 0.545953 0.180278 0.120854 0.051179 0.101735
0 2 0.469886 0.233555 0.110725 0.019118 0.166717
0 2 0.477475 0.252888 0.136591 0.018372 0.114673
2 2 0.186226 0.128268 0.305825 0.266927 0.112754
2 2 0.143464 0.226106 0.428080 0.054680 0.147670
2 2 0.211075 0.177998 0.413908 0.124399 0.072619
2 2 0.250660 0.217397 0.387167 0.072231 0.072545
2 2 0.284572 0.223687 0.382627 0.058456 0.050657
2 2 0.280965 0.231693 0.374033 0.054914 0.058395
2 2 0.283121 0.234898 0.371082 0.052428 0.058470
2 2 0.261190 0.225206 0.402246 0.057429 0.053929
2 2 0.251168 0.203529 0.398007 0.084904 0.062392
2 2 0.169327 0.183026 0.508016 0.086355 0.053275
2 2 0.133654 0.156023 0.539062 0.115997 0.055264
2 2 0.077183 0.117333 0.625958 0.135354 0.044173
2 2 0.072474 0.098051 0.552967 0.222437 0.054071
2 2 0.085363 0.094396 0.460718 0.292771 0.066752
2 2 0.140314 0.111916 0.357923 0.301337 0.088510
3 2 0.156146 0.098453 0.262357 0.376482 0.106563
3 2 0.169377 0.105941 0.272547 0.349707 0.102429
3 2 0.143259 0.099925 0.294164 0.361906 0.100746
2 2 0.129615 0.111087 0.376383 0.293646 0.089269
2 2 0.086205 0.097980 0.418998 0.297677 0.099140
2 2 0.060406 0.113505 0.557697 0.167638 0.100754
2 2 0.047205 0.115397 0.609421 0.126129 0.101848
2 2 0.056702 0.123281 0.556074 0.138405 0.125538
2 2 0.075738 0.090368 0.360569 0.335072 0.138254
3 2 0.074280 0.054807 0.221294 0.551798 0.097821
3 2 0.116066 0.071938 0.210712 0.483700 0.117584
2 2 0.257156 0.161147 0.298609 0.181722 0.101367
0 2 0.399684 0.223832 0.254245 0.056588 0.065651
2 2 0.292501 0.281578 0.317623 0.029224 0.079073
2 2 0.260100 0.269996 0.335243 0.036534 0.098127
2 2 0.179664 0.238281 0.394697 0.052860 0.134498
2 2 0.132921 0.157033 0.363513 0.158706 0.187827
3 2 0.137645 0.115858 0.289998 0.290998 0.165500
3 2 0.158049 0.107714 0.282611 0.334649 0.116977
2 2 0.137118 0.118799 0.382575 0.268261 0.093247
2 2 0.095853 0.137091 0.528618 0.150714 0.087723
2 2 0.052714 0.110807 0.612709 0.141889 0.081881
2 2 0.049141 0.111030 0.592852 0.146145 0.100831
2 2 0.071616 0.088940 0.407078 0.323088 0.109277
3 2 0.061083 0.051641 0.253619 0.550883 0.082774
3 2 0.053267 0.046673 0.252366 0.572694 0.074999
3 2 0.065134 0.056910 0.275378 0.517434 0.085145
3 2 0.093172 0.062558 0.208814 0.519599 0.115857
3 2 0.103833 0.063782 0.195870 0.522225 0.114290
3 2 0.100086 0.058561 0.182967 0.554021 0.104364
3 2 0.140828 0.084529 0.227836 0.433993 0.112813
2 2 0.219273 0.131471 0.278220 0.265717 0.105318
0 2 0.365163 0.193489 0.258781 0.102947 0.079620
0 2 0.516262 0.216424 0.171624 0.037356 0.058333
0 2 0.537732 0.230376 0.159615 0.023772 0.048505
0 2 0.493700 0.264535 0.159177 0.016064 0.066524
0 2 0.380140 0.263149 0.209832 0.029203 0.117676
2 2 0.218450 0.245173 0.353311 0.052444 0.130622
2 2 0.149769 0.218912 0.349202 0.060775 0.221341
2 2 0.118037 0.200532 0.348458 0.064425 0.268548
4 2 0.128924 0.155795 0.250143 0.108173 0.356964
4 2 0.147032 0.168798 0.241344 0.089292 0.353533
4 2 0.183859 0.213469 0.212968 0.041449 0.348256
4 2 0.177308 0.238008 0.246571 0.034056 0.304058
2 2 0.086779 0.212825 0.442862 0.042677 0.214857
2 2 0.098727 0.206890 0.436761 0.053876 0.203746
2 2 0.070215 0.138999 0.589864 0.107413 0.093510
2 2 0.071541 0.143646 0.593355 0.100018 0.091439
2 2 0.075695 0.159298 0.589459 0.079328 0.096220
2 2 0.053043 0.123353 0.639308 0.103939 0.080356
2 2 0.036915 0.100307 0.684854 0.112484 0.065440
2 2 0.026134 0.076537 0.719299 0.132400 0.045630
2 2 0.035077 0.081851 0.639463 0.182082 0.061527
2 2 0.041682 0.067423 0.535096 0.302577 0.053221
3 2 0.045074 0.051725 0.358925 0.483232 0.061044
3 2 0.044354 0.048021 0.325928 0.519788 0.061910
3 2 0.042331 0.046729 0.328948 0.522313 0.059678
3 2 0.051618 0.053492 0.325629 0.500090 0.069172
3 2 0.054368 0.045627 0.237202 0.585745 0.077057
3 2 0.059410 0.042004 0.184944 0.627781 0.085861
3 2 0.061292 0.035661 0.133174 0.677788 0.092085
3 2 0.049818 0.027958 0.111669 0.729917 0.080638
3 2 0.057597 0.033142 0.126348 0.694379 0.088535
3 2 0.056440 0.032360 0.124191 0.699611 0.087398
3 2 0.067614 0.040055 0.144647 0.649808 0.097877
3 2 0.065267 0.038412 0.140418 0.660136 0.095767
3 3 0.062652 0.036597 0.135664 0.671727 0.093360
3 3 0.045399 0.025086 0.103133 0.750509 0.075872
3 3 0.043464 0.023846 0.099347 0.759627 0.073716
3 3 0.040617 0.022041 0.093721 0.773157 0.070464
3 3 0.036092 0.019222 0.084636 0.794969 0.065081
3 3 0.033677 0.017743 0.079711 0.806777 0.062092
3 3 0.036565 0.019514 0.085593 0.792673 0.065656
3 3 0.037931 0.020360 0.088351 0.786056 0.067302
3 3 0.031920 0.016680 0.076092 0.815443 0.059864
3 3 0.037413 0.020039 0.087308 0.788559 0.066681
3 3 0.039032 0.021047 0.090560 0.780752 0.068609
3 3 0.041060 0.022320 0.094600 0.771044 0.070976
3 3 0.041136 0.022368 0.094752 0.770678 0.071064
3 3 0.033479 0.017623 0.079305 0.807748 0.061844
3 3 0.035973 0.019149 0.084396 0.795546 0.064936
3 3 0.039409 0.021282 0.091313 0.778943 0.069053
3 3 0.040660 0.022068 0.093806 0.772953 0.070513
3 3 0.044936 0.024788 0.102229 0.752686 0.075360
3 3 0.052589 0.029786 0.116948 0.717157 0.083520
3 3 0.045189 0.024951 0.102723 0.751498 0.075640
3 3 0.046627 0.025878 0.105519 0.744758 0.077218
3 3 0.046082 0.025526 0.104462 0.747308 0.076623
3 3 0.044489 0.024501 0.101356 0.754790 0.074864
3 3 0.038105 0.020468 0.088699 0.785219 0.067509
3 3 0.040890 0.022213 0.094263 0.771856 0.070779
3 3 0.031943 0.016694 0.076140 0.815330 0.059893
3 3 0.028999 0.014934 0.070003 0.830017 0.056047
3 3 0.028758 0.014791 0.069497 0.831227 0.055726
3 3 0.031399 0.016366 0.075013 0.818027 0.059194
3 3 0.041178 0.022395 0.094835 0.770479 0.071112
3 3 0.071763 0.038683 0.136617 0.669769 0.083168
3 3 0.192761 0.103001 0.240978 0.370282 0.092978
0 3 0.373931 0.185717 0.245991 0.113847 0.080515
0 0 0.385025 0.272291 0.250392 0.026384 0.065908
1 2 0.301032 0.311143 0.304039 0.017603 0.066183
2 2 0.277162 0.309763 0.317366 0.019060 0.076648
2 2 0.295102 0.266818 0.319033 0.036824 0.082224
2 2 0.167541 0.270155 0.427120 0.029683 0.105501
2 2 0.171519 0.190408 0.459753 0.096345 0.081974
2 2 0.251483 0.242440 0.384468 0.049433 0.072177
2 2 0.211482 0.299686 0.351042 0.022954 0.114836
2 2 0.179519 0.266328 0.426762 0.032001 0.095390
2 2 0.157523 0.262034 0.457429 0.030334 0.092680
2 1 0.141066 0.272586 0.472084 0.023271 0.090993
2 4 0.146136 0.312034 0.390198 0.015433 0.136199
2 4 0.126778 0.303743 0.365848 0.014707 0.188924
2 4 0.082275 0.270560 0.394462 0.014417 0.238286
4 4 0.104154 0.236959 0.213615 0.014136 0.431136
4 4 0.132944 0.152688 0.070933 0.010748 0.632687
4 4 0.169363 0.124593 0.038517 0.008472 0.659055
4 4 0.141904 0.061727 0.014123 0.008741 0.773504
4 4 0.108433 0.021957 0.002212 0.003665 0.863733
4 4 0.136240 0.018792 0.001620 0.004394 0.838954
4 4 0.115011 0.018301 0.001546 0.003409 0.861734
4 4 0.110688 0.017374 0.001400 0.003100 0.867438
4 4 0.087445 0.021728 0.002195 0.002729 0.885904
4 4 0.085050 0.043558 0.008636 0.004767 0.857989
4 4 0.065997 0.042994 0.008584 0.003384 0.879042
4 4 0.073254 0.036212 0.006059 0.003337 0.881138
4 4 0.075317 0.020653 0.002011 0.002152 0.899868
4 4 0.082418 0.020259 0.001923 0.002382 0.893019
4 4 0.073393 0.012704 0.000783 0.001392 0.911727
4 4 0.081421 0.016257 0.001254 0.001953 0.899116
4 4 0.072931 0.018826 0.001683 0.001910 0.904649
4 4 0.067580 0.027237 0.003486 0.002358 0.899340
4 4 0.067017 0.033035 0.005095 0.002748 0.892105
4 4 0.090931 0.031717 0.004192 0.003246 0.869914
4 4 0.193532 0.099188 0.019831 0.005449 0.682000
4 4 0.291453 0.126393 0.022081 0.004959 0.555113
4 4 0.286412 0.248982 0.075616 0.005508 0.383482
4 4 0.215400 0.168571 0.045694 0.005769 0.564566
4 4 0.117670 0.100703 0.032738 0.007556 0.741333
4 4 0.069600 0.036271 0.006104 0.003127 0.884898
4 4 0.055705 0.027012 0.003493 0.001827 0.911963
4 4 0.043220 0.021961 0.002394 0.001113 0.931311
4 4 0.048155 0.018548 0.001702 0.001109 0.930486
4 4 0.082308 0.030197 0.004199 0.003326 0.879969
4 4 0.136645 0.078223 0.019213 0.007134 0.758785
4 4 0.216440 0.088413 0.014823 0.005042 0.675282
4 4 0.156449 0.061870 0.009836 0.004574 0.767270
4 4 0.339618 0.085016 0.011471 0.005804 0.558091
4 4 0.157938 0.080432 0.016487 0.005723 0.739420
4 4 0.199434 0.099583 0.020748 0.006161 0.674074
4 4 0.161124 0.147090 0.049347 0.007478 0.634961
4 4 0.113218 0.093444 0.028262 0.006767 0.758308
4 4 0.080661 0.070728 0.022986 0.006921 0.818703
4 4 0.087052 0.047364 0.010188 0.005294 0.850103
4 4 0.107788 0.055055 0.012060 0.006219 0.818879
4 4 0.129094 0.068351 0.015704 0.006783 0.780069
4 4 0.124857 0.090330 0.025647 0.007105 0.752062
4 4 0.096730 0.104611 0.040873 0.008015 0.749772
4 4 0.095390 0.123154 0.061874 0.010700 0.708882
4 4 0.070537 0.103214 0.051150 0.008521 0.766579
4 4 0.074564 0.167218 0.131893 0.012230 0.614096
4 4 0.095149 0.205133 0.185554 0.016248 0.497917
4 0 0.129936 0.222524 0.173650 0.016308 0.457582
1 0 0.167394 0.333156 0.241754 0.008402 0.249293
1 0 0.235262 0.383238 0.248900 0.005974 0.126626
1 0 0.344970 0.381353 0.220215 0.004438 0.049024
1 0 0.341426 0.388657 0.213056 0.004011 0.052849
1 0 0.330609 0.385512 0.221647 0.004534 0.057698
1 0 0.241893 0.376090 0.302713 0.006975 0.072330
1 0 0.199243 0.353147 0.338674 0.010071 0.098865
2 0 0.184655 0.296776 0.361879 0.022803 0.133886
0 0 0.323906 0.307075 0.225734 0.016687 0.126597
0 0 0.351170 0.315396 0.223449 0.014022 0.095962
1 0 0.258033 0.332878 0.318563 0.013544 0.076982
1 0 0.310547 0.316890 0.296381 0.015497 0.060685
0 0 0.409954 0.305583 0.182169 0.012185 0.090109
0 0 0.610246 0.245659 0.093392 0.006803 0.043900
0 0 0.661318 0.230597 0.070895 0.004319 0.032871
0 0 0.717306 0.206441 0.046492 0.002511 0.027249
0 0 0.718764 0.206039 0.046678 0.002481 0.026038
0 0 0.709735 0.208360 0.051992 0.003025 0.026889
0 0 0.766218 0.164242 0.045813 0.004595 0.019133
0 0 0.806295 0.134746 0.029821 0.004525 0.024614
0 0 0.829655 0.110718 0.020322 0.004993 0.034312
0 0 0.860338 0.082898 0.011022 0.004229 0.041513
0 0 0.811875 0.112019 0.018258 0.004923 0.052926
0 0 0.845073 0.097406 0.011760 0.002811 0.042949
0 0 0.752429 0.073479 0.004679 0.002057 0.167357
0 0 0.736336 0.076560 0.004949 0.002055 0.180100
0 0 0.735316 0.097576 0.008097 0.002394 0.156617
0 0 0.682307 0.091807 0.007914 0.003084 0.214887
0 0 0.598364 0.099651 0.009312 0.003321 0.289352
0 0 0.589815 0.075077 0.005532 0.002962 0.326615
0 0 0.611393 0.166615 0.029791 0.005612 0.186589
0 0 0.591492 0.209743 0.056018 0.007757 0.134990
0 0 0.641772 0.175283 0.044916 0.009653 0.128377
0 0 0.739222 0.149483 0.027349 0.005052 0.078894
0 0 0.728207 0.155079 0.028917 0.005080 0.082718
0 0 0.697832 0.182074 0.038116 0.004808 0.077170
0 0 0.566286 0.150004 0.022164 0.004641 0.256905
0 0 0.546988 0.203696 0.039394 0.004688 0.205234
0 0 0.499609 0.194440 0.035756 0.004599 0.265595
0 1 0.508520 0.273117 0.069820 0.004252 0.144290
0 1 0.494250 0.306912 0.093783 0.004096 0.100959
0 1 0.526600 0.296086 0.084316 0.003726 0.089272
0 1 0.473194 0.317537 0.104278 0.004291 0.100701
0 1 0.395817 0.322785 0.120705 0.005659 0.155033
1 1 0.319024 0.335101 0.162067 0.007396 0.176412
0 1 0.317075 0.297055 0.130791 0.008652 0.246427
4 1 0.307424 0.231135 0.077039 0.008116 0.376286
4 4 0.230999 0.189051 0.059590 0.007274 0.513086
4 4 0.133273 0.126370 0.037717 0.005545 0.697094
4 4 0.094986 0.126237 0.048862 0.005946 0.723969
4 4 0.064118 0.112586 0.058775 0.007356 0.757164
4 4 0.069323 0.172942 0.162520 0.014777 0.580438
4 4 0.057629 0.182999 0.250226 0.018572 0.490574
4 2 0.056126 0.186391 0.358679 0.026988 0.371816
2 2 0.060368 0.197630 0.379608 0.026253 0.336141
2 2 0.099702 0.238387 0.388071 0.026805 0.247035
2 2 0.098821 0.241712 0.411002 0.026648 0.221816
4 2 0.144822 0.243061 0.261699 0.025958 0.324459
4 2 0.101148 0.218976 0.282142 0.026364 0.371370
4 2 0.101946 0.211945 0.260329 0.026346 0.399434
4 2 0.056749 0.194647 0.354796 0.024073 0.369736
4 2 0.054420 0.189779 0.337043 0.023431 0.395328
2 2 0.025900 0.157807 0.624854 0.024044 0.167395
4 2 0.108473 0.222948 0.254448 0.022274 0.391855
4 2 0.090717 0.155454 0.130869 0.020524 0.602436
4 2 0.103037 0.173530 0.134237 0.017564 0.571632
4 2 0.082977 0.162364 0.128460 0.014988 0.611211
4 2 0.078034 0.153048 0.116711 0.013922 0.638286
4 2 0.076509 0.163212 0.130368 0.013499 0.616412
4 2 0.083808 0.198063 0.187660 0.015768 0.514701
4 2 0.063127 0.176213 0.188831 0.016007 0.555822
4 2 0.056501 0.186856 0.264385 0.018805 0.473452
2 2 0.037632 0.181115 0.479570 0.023218 0.278465
2 2 0.039607 0.182798 0.450700 0.022668 0.304227
4 2 0.062344 0.178543 0.228235 0.019192 0.511686
4 2 0.085842 0.159593 0.126374 0.016165 0.612026
4 2 0.111728 0.157194 0.097791 0.014736 0.618552
4 2 0.087221 0.124680 0.072589 0.012575 0.702934
4 2 0.073109 0.135906 0.094493 0.012464 0.684027
4 2 0.062069 0.178845 0.235303 0.019712 0.504071
2 2 0.040646 0.185376 0.418055 0.020935 0.334989
2 2 0.036974 0.180892 0.476258 0.022454 0.283422
2 2 0.047321 0.188772 0.371360 0.021832 0.370715
4 2 0.069480 0.182800 0.239969 0.023052 0.484699
4 2 0.117328 0.189308 0.146743 0.018390 0.528231
4 2 0.162542 0.215298 0.133740 0.014938 0.473481
0 2 0.292930 0.286345 0.147084 0.011653 0.261988
0 0 0.437960 0.288287 0.134446 0.010785 0.128523
0 0 0.644970 0.217886 0.074233 0.007858 0.055053
0 0 0.661986 0.217990 0.077170 0.006699 0.036155
0 0 0.716123 0.190460 0.048274 0.004653 0.040490
0 0 0.753142 0.169491 0.040118 0.004342 0.032906
0 0 0.831656 0.117922 0.018697 0.003001 0.028724
0 0 0.830956 0.120430 0.022407 0.003527 0.022680
0 0 0.850387 0.100724 0.015747 0.003704 0.029438
0 0 0.853064 0.086750 0.012329 0.004687 0.043170
0 0 0.851559 0.086655 0.012398 0.004849 0.044539
0 0 0.745686 0.148865 0.027010 0.004824 0.073616
0 0 0.518573 0.193550 0.036197 0.004836 0.246845
4 0 0.386861 0.158144 0.026077 0.004309 0.424609
0 1 0.384554 0.198822 0.042070 0.005065 0.369489
4 1 0.370941 0.195109 0.039587 0.004639 0.389723
4 1 0.353575 0.217951 0.048124 0.004421 0.375930
4 1 0.270353 0.215527 0.059778 0.005478 0.448863
4 1 0.213830 0.237269 0.099904 0.008306 0.440692
4 1 0.169284 0.231046 0.120762 0.009978 0.468930
4 2 0.152000 0.215005 0.110371 0.009424 0.513200
4 2 0.108604 0.232303 0.181691 0.011948 0.465455
4 2 0.091924 0.221923 0.184989 0.011606 0.489558
4 2 0.066342 0.207049 0.212701 0.012225 0.501683
4 2 0.076823 0.202289 0.183550 0.012407 0.524931
4 2 0.062651 0.161398 0.139857 0.012107 0.623987
4 4 0.080300 0.134977 0.082261 0.010990 0.691472
4 4 0.081470 0.128918 0.076716 0.011388 0.701508
4 4 0.107521 0.144305 0.086620 0.014689 0.646865
4 2 0.103698 0.141481 0.087724 0.015344 0.651753
4 2 0.131002 0.180148 0.116301 0.016112 0.556439
4 2 0.125746 0.175346 0.103520 0.013273 0.582116
4 2 0.143012 0.210479 0.121777 0.011413 0.513318
4 4 0.124705 0.230341 0.157872 0.011377 0.475705
4 4 0.099800 0.240150 0.230507 0.014546 0.414996
4 4 0.120415 0.249778 0.267747 0.020259 0.341801
2 2 0.083449 0.244704 0.414472 0.021496 0.235879
2 2 0.083981 0.240746 0.394854 0.021857 0.258562
2 2 0.042378 0.197410 0.577458 0.021584 0.161171
2 2 0.032790 0.174997 0.594029 0.024296 0.173888
2 2 0.025766 0.139938 0.689397 0.031791 0.113108
2 2 0.036573 0.161510 0.650271 0.032740 0.118906
2 2 0.045316 0.169707 0.628812 0.037062 0.119103
2 2 0.074879 0.207971 0.477080 0.036882 0.203188
2 2 0.055789 0.188709 0.513155 0.036349 0.205998
2 2 0.052986 0.186214 0.454513 0.033799 0.272487
2 2 0.032866 0.176111 0.543760 0.023794 0.223469
2 2 0.038634 0.186119 0.478101 0.023297 0.273848
2 2 0.033974 0.173170 0.561754 0.026774 0.204328
2 2 0.048698 0.192809 0.520062 0.029239 0.209192
2 2 0.067943 0.220731 0.518504 0.026276 0.166546
2 2 0.078157 0.233055 0.545148 0.023207 0.120432
2 2 0.098247 0.248733 0.413431 0.023740 0.215849
4 2 0.137408 0.216371 0.169852 0.018625 0.457743
4 2 0.143769 0.182462 0.144607 0.026659 0.502502
4 4 0.265670 0.213920 0.157496 0.036097 0.326817
0 0 0.516872 0.160419 0.063512 0.029247 0.229950
0 0 0.627607 0.145736 0.035451 0.012977 0.178229
0 0 0.507673 0.184122 0.042041 0.007898 0.258265
0 0 0.428076 0.216088 0.052555 0.006308 0.296973
4 1 0.160488 0.121551 0.034109 0.006635 0.677217
4 1 0.115089 0.165659 0.103236 0.014264 0.601752
4 1 0.116745 0.213446 0.197003 0.020761 0.452044
4 2 0.084424 0.199927 0.218235 0.020148 0.477265
2 2 0.070854 0.219075 0.380530 0.024398 0.305143
2 2 0.056204 0.200009 0.428429 0.027577 0.287780
2 2 0.033960 0.159544 0.633547 0.032906 0.140043
2 2 0.022315 0.135463 0.700674 0.028799 0.112750
2 2 0.017240 0.124399 0.736948 0.024371 0.097042
2 2 0.026528 0.152502 0.646820 0.027581 0.146569
2 2 0.021949 0.123271 0.730255 0.034384 0.090141
2 2 0.026220 0.133948 0.718835 0.033196 0.087801
2 2 0.021108 0.119846 0.739369 0.034571 0.085106
2 2 0.025394 0.127786 0.722577 0.036963 0.087279
2 2 0.018897 0.105415 0.772054 0.038416 0.065218
2 2 0.027256 0.119223 0.723986 0.048957 0.080579
2 2 0.023552 0.109215 0.751420 0.047982 0.067831
2 2 0.029950 0.119170 0.716273 0.055286 0.079321
2 2 0.025459 0.131408 0.704270 0.036706 0.102157
2 2 0.030064 0.139203 0.676571 0.040326 0.113836
2 2 0.040351 0.157102 0.606452 0.043827 0.152268
2 2 0.047332 0.172943 0.539170 0.040626 0.199929
2 2 0.057086 0.202919 0.462083 0.029597 0.248314
2 2 0.036454 0.180610 0.530801 0.025457 0.226678
2 2 0.045268 0.190929 0.427585 0.023136 0.313082
2 2 0.029685 0.166944 0.563404 0.023049 0.216918
2 2 0.016790 0.131009 0.719576 0.020928 0.111697
2 2 0.022589 0.156148 0.630142 0.020289 0.170833
2 2 0.021075 0.143831 0.677324 0.023061 0.134710
2 2 0.019182 0.129051 0.722182 0.026072 0.103513
2 2 0.018884 0.132115 0.714862 0.024246 0.109893
2 2 0.017062 0.128983 0.725695 0.022228 0.106032
2 2 0.015161 0.107268 0.779100 0.027620 0.070850
2 2 0.016431 0.107270 0.775806 0.030801 0.069691
2 2 0.022131 0.117055 0.742011 0.038660 0.080142
2 2 0.029495 0.145002 0.662521 0.035765 0.127217
2 2 0.042538 0.130634 0.700200 0.060042 0.066585
2 2 0.120484 0.220776 0.381843 0.044338 0.232559
2 2 0.069975 0.203983 0.405499 0.033403 0.287141
2 2 0.061333 0.201319 0.388656 0.028511 0.320182
2 2 0.034930 0.154742 0.627455 0.038369 0.144504
2 2 0.025788 0.129922 0.706834 0.038245 0.099211
2 2 0.015293 0.090193 0.807581 0.038689 0.048243
2 2 0.012252 0.077012 0.836743 0.038096 0.035897
2 2 0.012969 0.081876 0.827794 0.036910 0.040450
2 2 0.011601 0.073185 0.843946 0.038698 0.032570
2 2 0.012124 0.075101 0.839421 0.039248 0.034106
2 2 0.014995 0.080682 0.820237 0.045939 0.038147
2 2 0.030700 0.124604 0.705004 0.052255 0.087438
2 2 0.044910 0.142287 0.635745 0.063813 0.113245
2 2 0.036769 0.141422 0.656825 0.050467 0.114517
2 2 0.029505 0.138952 0.678326 0.039504 0.113712
2 2 0.022137 0.142234 0.682748 0.025498 0.127383
2 2 0.021740 0.141657 0.680961 0.024791 0.130852
2 2 0.017787 0.124330 0.736149 0.025464 0.096270
2 2 0.021139 0.132904 0.709182 0.027911 0.108863
2 2 0.017734 0.105082 0.776123 0.035509 0.065552
2 2 0.018627 0.113770 0.757467 0.032499 0.077636
2 2 0.016076 0.109056 0.773254 0.028956 0.072658
2 2 0.027042 0.153115 0.644284 0.028026 0.147533
2 2 0.045217 0.180218 0.505807 0.032843 0.235916
4 2 0.077526 0.189122 0.261987 0.028697 0.442668
4 2 0.081492 0.187250 0.184619 0.017940 0.528699
4 2 0.138329 0.244010 0.201277 0.016548 0.399836
2 2 0.148896 0.298795 0.316702 0.016680 0.218927
2 2 0.127246 0.286815 0.334574 0.017700 0.233665
4 2 0.104079 0.247694 0.255208 0.016332 0.376687
4 2 0.084562 0.206572 0.241963 0.021270 0.445633
4 2 0.098313 0.201314 0.213999 0.023102 0.463273
4 2 0.089916 0.180305 0.149162 0.015612 0.565006
4 2 0.108993 0.204201 0.158765 0.014796 0.513244
4 2 0.138532 0.249796 0.200414 0.015088 0.396168
2 2 0.118071 0.282055 0.316698 0.015175 0.268001
2 2 0.067883 0.242081 0.501703 0.018383 0.169949
2 2 0.050555 0.203659 0.501282 0.023895 0.220608
2 2 0.033217 0.174391 0.631205 0.023147 0.138040
2 2 0.039424 0.173205 0.666911 0.025619 0.094840
2 2 0.067936 0.224236 0.512784 0.026078 0.168966
4 2 0.127758 0.246923 0.256992 0.021713 0.346614
4 2 0.155900 0.260410 0.213557 0.016711 0.353423
4 2 0.157172 0.253737 0.172063 0.012657 0.404371
4 2 0.141205 0.244270 0.176738 0.013363 0.424423
4 2 0.098561 0.232179 0.291599 0.021098 0.356562
4 2 0.120064 0.167514 0.105714 0.015257 0.591452
4 2 0.156374 0.293432 0.241103 0.012963 0.296129
1 2 0.195622 0.316133 0.221420 0.010725 0.256099
1 0 0.265306 0.298146 0.173678 0.012156 0.250714
1 0 0.160483 0.345709 0.244115 0.006973 0.242721
1 0 0.173320 0.316484 0.204290 0.008242 0.297664
4 1 0.179132 0.252742 0.149148 0.011561 0.407418
4 1 0.160431 0.168617 0.075954 0.011277 0.583721
4 1 0.176096 0.179137 0.084838 0.012908 0.547021
4 1 0.153848 0.186293 0.100744 0.013318 0.545797
4 2 0.138176 0.222179 0.160454 0.015321 0.463871
4 2 0.112671 0.222027 0.206738 0.018758 0.439806
4 2 0.091007 0.211739 0.233814 0.019715 0.443725
4 2 0.095769 0.213907 0.231121 0.019731 0.439471
4 2 0.109057 0.180791 0.137300 0.017195 0.555657
4 2 0.141368 0.152410 0.077922 0.014280 0.614020
4 2 0.237625 0.141754 0.043608 0.010899 0.566114
4 2 0.349566 0.136809 0.027326 0.007217 0.479082
0 0 0.549870 0.148750 0.022555 0.004948 0.273877
0 0 0.541048 0.183122 0.035982 0.005925 0.233924
0 0 0.544578 0.162427 0.030512 0.006662 0.255820
0 0 0.469645 0.201706 0.048665 0.007335 0.272648
0 0 0.428033 0.188476 0.048421 0.008921 0.326149
4 0 0.269769 0.200673 0.070790 0.010022 0.448745
4 0 0.145186 0.148849 0.062932 0.010346 0.632688
4 0 0.089440 0.110833 0.048731 0.008504 0.742491
4 1 0.062250 0.054056 0.013619 0.003846 0.866229
4 1 0.055195 0.038667 0.007076 0.002452 0.896609
4 1 0.048877 0.025243 0.003101 0.001461 0.921318
4 4 0.044221 0.016595 0.001384 0.000908 0.936891
4 4 0.044067 0.013562 0.000980 0.000857 0.940534
4 4 0.059676 0.014162 0.001028 0.001292 0.923843
4 4 0.069111 0.013825 0.000928 0.001381 0.914756
4 4 0.096995 0.015369 0.001110 0.002347 0.884178
4 4 0.075336 0.022052 0.002285 0.002273 0.898054
4 4 0.063709 0.033944 0.005399 0.002635 0.894313
4 4 0.061150 0.042261 0.008354 0.003021 0.885215
4 4 0.084136 0.058930 0.015568 0.005955 0.835410
4 4 0.102077 0.089193 0.031384 0.008554 0.768792
4 4 0.073828 0.063086 0.018328 0.005530 0.839228
4 4 0.063569 0.056059 0.014623 0.004084 0.861665
4 4 0.069732 0.051589 0.012282 0.004271 0.862126
4 4 0.072029 0.040631 0.007618 0.003608 0.876114
4 4 0.073725 0.033611 0.005229 0.003156 0.884279
4 4 0.072676 0.037046 0.006342 0.003369 0.880568
4 4 0.061924 0.051226 0.012235 0.003640 0.870976
4 4 0.058198 0.042455 0.008469 0.002846 0.888031
4 4 0.065842 0.044044 0.009007 0.003446 0.877660
4 4 0.069835 0.036920 0.006320 0.003189 0.883736
4 4 0.062542 0.032761 0.005043 0.002496 0.897158
