0 0 0.654364 0.153592 0.043559 0.029242 0.119243
0 0 0.619867 0.167135 0.040784 0.021283 0.150930
0 0 0.780625 0.116747 0.017049 0.010408 0.075172
0 0 0.759992 0.123941 0.020560 0.012783 0.082724
0 0 0.794735 0.111543 0.014834 0.008936 0.069952
0 0 0.767751 0.121293 0.019202 0.011859 0.079896
0 0 0.774357 0.118984 0.018081 0.011101 0.077477
0 0 0.823939 0.100004 0.010738 0.006273 0.059046
0 0 0.835541 0.095120 0.009294 0.005357 0.054688
0 0 0.850116 0.088730 0.007629 0.004317 0.049208
0 0 0.863264 0.082712 0.006269 0.003485 0.044270
0 0 0.831634 0.096785 0.009769 0.005657 0.056156
0 0 0.809214 0.106410 0.010708 0.005504 0.068164
0 0 0.798434 0.110764 0.011827 0.006054 0.072921
0 0 0.749643 0.129219 0.016810 0.008174 0.096153
0 0 0.808443 0.106259 0.012829 0.007622 0.064847
0 0 0.787140 0.114374 0.016007 0.009713 0.072767
0 0 0.774323 0.118996 0.018087 0.011105 0.077489
0 0 0.762154 0.123210 0.020177 0.012521 0.081938
0 0 0.493437 0.201461 0.075957 0.027174 0.201972
4 0 0.335587 0.213956 0.079907 0.025650 0.344900
4 0 0.078188 0.175833 0.166165 0.025270 0.554544
4 1 0.031813 0.143143 0.272339 0.020513 0.532191
4 1 0.021699 0.129032 0.365840 0.018830 0.464598
2 1 0.013225 0.109076 0.528424 0.013730 0.335546
2 1 0.015775 0.115629 0.469049 0.016752 0.382795
4 1 0.015701 0.115573 0.385017 0.017569 0.466140
4 4 0.019824 0.122084 0.276385 0.018203 0.563504
4 4 0.025169 0.123399 0.168815 0.016717 0.665901
4 4 0.025865 0.118568 0.109177 0.010855 0.735536
4 4 0.039657 0.136215 0.097418 0.010448 0.716261
4 1 0.036660 0.132448 0.093381 0.009435 0.728075
4 1 0.043165 0.141058 0.121574 0.015856 0.678348
4 1 0.031794 0.136246 0.184137 0.017839 0.629984
4 1 0.024986 0.134307 0.332906 0.019832 0.487969
4 1 0.032608 0.142884 0.251811 0.020509 0.552188
4 4 0.034312 0.132771 0.141826 0.017348 0.673743
4 4 0.041585 0.138526 0.100258 0.011178 0.708452
4 4 0.034237 0.128382 0.080705 0.007185 0.749491
4 1 0.042119 0.136705 0.073198 0.006589 0.741390
4 1 0.038985 0.132762 0.069472 0.005864 0.752916
4 1 0.036994 0.131323 0.076568 0.006768 0.748348
4 1 0.034531 0.129818 0.093229 0.009202 0.733219
4 1 0.034930 0.131893 0.137295 0.018112 0.677771
4 1 0.027875 0.134102 0.258230 0.021963 0.557831
2 1 0.021951 0.124082 0.503153 0.022125 0.328688
2 1 0.014786 0.103849 0.651836 0.013890 0.215638
2 1 0.017836 0.108622 0.646911 0.016506 0.210126
2 1 0.014343 0.097047 0.742967 0.017314 0.128330
2 1 0.012864 0.086702 0.808466 0.022410 0.069558
2 1 0.009331 0.067571 0.868734 0.025332 0.029032
2 1 0.008771 0.059032 0.884082 0.032302 0.015813
2 2 0.007331 0.049102 0.900521 0.034375 0.008671
2 2 0.006553 0.045697 0.909418 0.030690 0.007642
2 2 0.006939 0.047033 0.906808 0.031015 0.008206
2 2 0.009032 0.053675 0.885866 0.041830 0.009598
2 2 0.011426 0.060267 0.866334 0.050316 0.011657
2 2 0.012501 0.062312 0.843315 0.070447 0.011424
2 2 0.010252 0.056189 0.848772 0.076108 0.008679
2 2 0.012854 0.062087 0.810516 0.104774 0.009769
2 2 0.016623 0.064365 0.657387 0.252605 0.009021
3 2 0.023196 0.058130 0.362889 0.547009 0.008775
3 3 0.017784 0.036964 0.188474 0.751683 0.005096
3 3 0.012245 0.027010 0.149128 0.808457 0.003160
3 3 0.008662 0.020047 0.118536 0.850680 0.002075
3 3 0.008036 0.018100 0.104786 0.867138 0.001940
3 3 0.006586 0.014819 0.086789 0.890253 0.001552
3 3 0.008292 0.017528 0.095304 0.876785 0.002091
3 3 0.008376 0.017516 0.094205 0.877774 0.002130
3 3 0.006449 0.013628 0.075239 0.903106 0.001578
3 3 0.004332 0.008775 0.047634 0.938219 0.001040
3 3 0.003409 0.006928 0.038250 0.950618 0.000794
3 3 0.002907 0.005816 0.031924 0.958682 0.000672
3 3 0.003034 0.006155 0.034160 0.955953 0.000698
3 3 0.003889 0.007570 0.039779 0.947815 0.000946
3 3 0.006748 0.011787 0.054028 0.925561 0.001876
3 3 0.005872 0.010386 0.048584 0.933564 0.001594
3 3 0.005797 0.010216 0.047653 0.934760 0.001575
3 3 0.005399 0.009573 0.045107 0.938473 0.001449
3 3 0.003965 0.007265 0.035975 0.951790 0.001005
3 3 0.005449 0.009424 0.043328 0.940311 0.001488
3 3 0.004608 0.008359 0.040641 0.945196 0.001196
3 3 0.004790 0.008959 0.044755 0.940272 0.001225
3 3 0.006152 0.011098 0.052770 0.928322 0.001657
3 3 0.005593 0.010105 0.048388 0.934426 0.001489
3 3 0.004307 0.007857 0.038559 0.948170 0.001106
3 3 0.003812 0.006751 0.032423 0.956030 0.000984
3 3 0.003423 0.006048 0.029159 0.960495 0.000874
3 3 0.003081 0.005469 0.026652 0.964024 0.000775
3 3 0.003167 0.005932 0.030405 0.959724 0.000772
3 3 0.003254 0.006112 0.031355 0.958485 0.000794
3 3 0.004149 0.007515 0.036711 0.950559 0.001065
3 3 0.003640 0.006898 0.035463 0.953106 0.000894
3 3 0.003551 0.007161 0.039151 0.949301 0.000836
3 3 0.003511 0.007321 0.041360 0.947000 0.000808
3 3 0.004319 0.008673 0.046683 0.939283 0.001042
3 3 0.005133 0.009760 0.049344 0.934454 0.001309
3 3 0.005724 0.010653 0.052427 0.929698 0.001498
3 3 0.006219 0.011356 0.054596 0.926164 0.001664
3 3 0.005247 0.009520 0.045946 0.937904 0.001383
3 3 0.006027 0.010485 0.048195 0.933634 0.001658
3 3 0.004993 0.008638 0.039929 0.945090 0.001349
3 3 0.004112 0.007117 0.033292 0.954392 0.001086
3 3 0.002906 0.005216 0.025774 0.965383 0.000721
3 3 0.001855 0.003562 0.019269 0.974895 0.000419
3 3 0.002028 0.003869 0.020708 0.972930 0.000464
3 3 0.002026 0.003913 0.021190 0.972411 0.000460
3 3 0.002256 0.004165 0.021460 0.971585 0.000534
3 3 0.002101 0.003912 0.020408 0.973088 0.000491
3 3 0.003020 0.005114 0.023831 0.967253 0.000782
3 3 0.004113 0.006701 0.029562 0.958494 0.001130
3 3 0.004121 0.006761 0.030024 0.957965 0.001128
3 3 0.004428 0.007225 0.031779 0.955342 0.001226
3 3 0.003897 0.006289 0.027572 0.961170 0.001071
3 3 0.003602 0.005891 0.026278 0.963255 0.000973
3 3 0.002880 0.004927 0.023259 0.968197 0.000737
3 3 0.003162 0.005438 0.025665 0.964920 0.000814
3 3 0.002929 0.005300 0.026389 0.964658 0.000724
3 3 0.011834 0.017864 0.068783 0.897657 0.003863
3 3 0.007121 0.013690 0.068592 0.908723 0.001874
3 3 0.013235 0.023462 0.104655 0.854694 0.003954
3 3 0.020064 0.028300 0.098759 0.845577 0.007300
3 3 0.003350 0.006012 0.029468 0.960326 0.000845
3 3 0.003214 0.005635 0.027070 0.963262 0.000819
3 3 0.003966 0.006787 0.031464 0.956731 0.001052
3 3 0.004308 0.006916 0.030001 0.957573 0.001202
3 3 0.004590 0.007187 0.030316 0.956597 0.001311
3 3 0.003796 0.006030 0.026080 0.963043 0.001051
3 3 0.003480 0.005644 0.025026 0.964909 0.000941
3 3 0.002920 0.004777 0.021582 0.969951 0.000770
3 3 0.002734 0.004535 0.020832 0.971190 0.000710
3 3 0.002555 0.004341 0.020485 0.971971 0.000648
3 3 0.002949 0.004974 0.023131 0.968183 0.000763
3 3 0.005890 0.008772 0.034749 0.948802 0.001788
3 3 0.007499 0.010380 0.037778 0.941888 0.002454
3 3 0.007621 0.010611 0.038801 0.940478 0.002489
3 3 0.006163 0.009108 0.035716 0.947123 0.001890
3 3 0.003835 0.006494 0.029856 0.958796 0.001020
3 3 0.003823 0.006627 0.031173 0.957377 0.001001
3 3 0.003903 0.006855 0.032617 0.955608 0.001016
3 3 0.004205 0.007307 0.034260 0.953117 0.001111
3 3 0.004133 0.007099 0.032948 0.954722 0.001098
3 3 0.003736 0.006381 0.029623 0.959274 0.000985
3 3 0.003713 0.006268 0.028783 0.960250 0.000986
3 3 0.005080 0.008185 0.035293 0.950001 0.001440
3 3 0.005261 0.008679 0.038200 0.946385 0.001475
3 3 0.005334 0.008866 0.039274 0.945035 0.001491
3 3 0.004689 0.007826 0.035069 0.951129 0.001288
3 3 0.003275 0.005715 0.027292 0.962879 0.000839
3 3 0.003214 0.005519 0.025988 0.964449 0.000830
3 3 0.003582 0.005918 0.026679 0.962861 0.000960
3 3 0.005800 0.008771 0.035290 0.948399 0.001740
3 3 0.007289 0.011093 0.044320 0.935063 0.002235
3 3 0.019773 0.027576 0.094561 0.851225 0.006866
3 3 0.022538 0.036000 0.140352 0.793407 0.007703
3 2 0.038564 0.061284 0.228422 0.657423 0.014306
3 2 0.035731 0.060201 0.238405 0.653004 0.012658
3 2 0.042398 0.084836 0.405761 0.447157 0.019848
2 2 0.025247 0.075422 0.572262 0.313720 0.013349
2 2 0.019263 0.062913 0.534326 0.374256 0.009242
2 2 0.015023 0.058282 0.601638 0.317659 0.007398
2 2 0.020625 0.064422 0.517810 0.387546 0.009597
2 2 0.025169 0.072753 0.531712 0.358026 0.012341
2 2 0.020956 0.078214 0.723808 0.161471 0.015551
2 2 0.017462 0.078286 0.798747 0.086242 0.019263
2 2 0.011790 0.064909 0.859142 0.049133 0.015025
2 2 0.009070 0.058263 0.880745 0.038666 0.013256
2 2 0.006384 0.049468 0.906048 0.027266 0.010834
2 2 0.007005 0.053661 0.897279 0.028750 0.013305
2 2 0.011387 0.062304 0.868879 0.042941 0.014488
2 2 0.016987 0.075816 0.828468 0.058245 0.020485
2 2 0.023673 0.094037 0.779878 0.066253 0.036159
2 2 0.033041 0.113135 0.721426 0.070157 0.062241
2 2 0.054851 0.132409 0.640321 0.075144 0.097275
2 0 0.093542 0.154025 0.554998 0.072461 0.124974
2 0 0.095773 0.156150 0.552955 0.059224 0.135898
2 2 0.049995 0.122043 0.696826 0.050555 0.080581
2 2 0.027467 0.099757 0.771969 0.041488 0.059319
2 2 0.017591 0.075690 0.842839 0.035785 0.028095
2 2 0.020780 0.080469 0.827216 0.041770 0.029765
2 2 0.015356 0.069670 0.851813 0.044099 0.019062
2 2 0.013505 0.065459 0.859636 0.045784 0.015616
2 2 0.009305 0.055533 0.886099 0.037620 0.011443
2 2 0.011296 0.064998 0.867159 0.038549 0.017998
2 2 0.013005 0.069528 0.854412 0.042865 0.020191
2 2 0.010695 0.070345 0.860119 0.031224 0.027617
2 2 0.007802 0.060132 0.885578 0.026572 0.019916
2 2 0.007199 0.051893 0.900574 0.028415 0.011919
2 2 0.007872 0.050120 0.897624 0.035486 0.008898
2 2 0.011242 0.059565 0.862054 0.056181 0.010958
2 2 0.017045 0.072899 0.826908 0.066017 0.017131
2 2 0.032272 0.098378 0.762200 0.069026 0.038124
2 2 0.069421 0.150330 0.587390 0.052516 0.140342
2 1 0.109478 0.189075 0.407280 0.043893 0.250273
2 1 0.086188 0.185934 0.372182 0.036489 0.319207
2 1 0.080684 0.180116 0.376744 0.039901 0.322554
2 1 0.063106 0.165732 0.432772 0.039039 0.299351
2 1 0.048360 0.150050 0.492954 0.037089 0.271547
2 1 0.023196 0.117222 0.689414 0.034416 0.135753
2 1 0.019487 0.105339 0.752715 0.039475 0.082983
2 2 0.016579 0.100395 0.771078 0.039534 0.072414
2 2 0.009828 0.067520 0.867423 0.029796 0.025432
2 2 0.007473 0.056125 0.895856 0.022579 0.017967
2 2 0.007873 0.058747 0.890949 0.019719 0.022713
2 2 0.008058 0.056359 0.896085 0.020178 0.019320
2 2 0.006506 0.051425 0.907149 0.019304 0.015615
2 2 0.006338 0.049372 0.909649 0.022175 0.012466
2 2 0.004416 0.040225 0.928320 0.019251 0.007788
2 2 0.004658 0.039982 0.927907 0.020174 0.007278
2 2 0.005374 0.043618 0.919263 0.023363 0.008382
2 2 0.007385 0.051928 0.899484 0.029702 0.011502
2 2 0.009284 0.061428 0.877610 0.034799 0.016879
2 2 0.012204 0.063090 0.864023 0.046670 0.014014
2 2 0.015545 0.070032 0.843619 0.053904 0.016899
2 2 0.025683 0.088775 0.794538 0.060128 0.030877
2 1 0.083307 0.148263 0.602685 0.064957 0.100788
2 1 0.245279 0.204833 0.314594 0.060717 0.174577
0 1 0.295142 0.217122 0.204038 0.052499 0.231199
4 1 0.294883 0.210536 0.133777 0.051751 0.309053
4 1 0.125366 0.197008 0.248276 0.047210 0.382140
2 1 0.113942 0.191291 0.322907 0.051288 0.320572
2 1 0.037097 0.127854 0.624733 0.034367 0.175949
2 1 0.015503 0.082139 0.828026 0.026651 0.047681
2 1 0.011529 0.064410 0.873709 0.029405 0.020948
2 2 0.011759 0.061157 0.876760 0.034711 0.015612
2 2 0.012898 0.066554 0.863197 0.038572 0.018779
2 2 0.013305 0.064986 0.864463 0.040662 0.016584
2 2 0.011850 0.062466 0.871631 0.038476 0.015577
2 2 0.012801 0.064141 0.866854 0.039975 0.016230
2 2 0.023552 0.092075 0.791592 0.054439 0.038341
2 2 0.054153 0.136144 0.633402 0.062166 0.114136
2 1 0.084824 0.178780 0.441341 0.038644 0.256410
2 1 0.048967 0.156899 0.495812 0.027617 0.270704
2 1 0.053342 0.160895 0.472032 0.030275 0.283457
2 1 0.028052 0.121284 0.632779 0.026497 0.191387
2 1 0.018103 0.088590 0.809120 0.032363 0.051824
2 1 0.016177 0.078415 0.834271 0.042217 0.028919
2 2 0.010652 0.059413 0.872778 0.044935 0.012223
2 2 0.006485 0.058037 0.892598 0.020403 0.022476
2 2 0.009016 0.060251 0.867494 0.049432 0.013805
2 2 0.028224 0.098819 0.766254 0.065029 0.041673
2 2 0.011578 0.069703 0.863144 0.023917 0.031658
2 2 0.010011 0.060921 0.881186 0.030100 0.017782
2 2 0.007292 0.048207 0.906281 0.029038 0.009182
2 2 0.006094 0.044050 0.912999 0.029798 0.007059
2 2 0.007103 0.047593 0.905098 0.031891 0.008314
2 2 0.009194 0.054143 0.892940 0.031897 0.011825
2 2 0.010897 0.058896 0.882885 0.032651 0.014671
2 2 0.008179 0.052987 0.898437 0.027925 0.012472
2 2 0.007908 0.050228 0.899078 0.033471 0.009316
2 2 0.009322 0.054139 0.872923 0.054649 0.008968
2 2 0.012522 0.061661 0.827546 0.087598 0.010674
2 2 0.013307 0.064468 0.842351 0.067479 0.012395
2 2 0.024965 0.087397 0.787089 0.075020 0.025529
2 0 0.135215 0.180639 0.494522 0.090978 0.098646
0 0 0.360828 0.205514 0.193034 0.062934 0.177691
0 0 0.522929 0.185405 0.092263 0.046198 0.153205
0 0 0.539712 0.183549 0.083272 0.041563 0.151904
0 0 0.681774 0.147077 0.036667 0.024092 0.110390
0 0 0.676273 0.149191 0.036753 0.023415 0.114368
0 0 0.730043 0.133538 0.026232 0.016708 0.093479
0 0 0.730450 0.133414 0.026150 0.016651 0.093335
0 0 0.708394 0.140461 0.029691 0.018555 0.102900
0 0 0.631837 0.165450 0.034123 0.016027 0.152563
4 0 0.303902 0.215439 0.067850 0.017190 0.395619
0 0 0.409281 0.209207 0.057234 0.017733 0.306544
4 0 0.211222 0.210018 0.097689 0.024393 0.456678
4 1 0.169353 0.204551 0.118690 0.027526 0.479880
4 1 0.064434 0.171552 0.270977 0.033141 0.459895
2 1 0.025506 0.122668 0.588205 0.023819 0.239802
2 1 0.022333 0.113446 0.648583 0.020140 0.195498
2 1 0.020092 0.107227 0.681066 0.017803 0.173812
2 1 0.019966 0.104175 0.711204 0.018653 0.146001
2 1 0.018868 0.098687 0.749557 0.019616 0.113272
2 1 0.019202 0.096095 0.766383 0.020473 0.097846
2 1 0.021196 0.097475 0.766386 0.022785 0.092159
2 1 0.017034 0.085622 0.814936 0.023737 0.058671
2 1 0.018559 0.087401 0.812379 0.030745 0.050915
2 2 0.010063 0.069214 0.864644 0.024300 0.031779
2 2 0.010481 0.069097 0.864416 0.027154 0.028852
2 2 0.007804 0.056931 0.892963 0.024962 0.017340
2 2 0.008229 0.053919 0.898536 0.025107 0.014208
2 2 0.006416 0.048497 0.911772 0.021243 0.012073
2 2 0.005818 0.046160 0.917854 0.018568 0.011600
2 2 0.007330 0.052359 0.903547 0.022284 0.014480
2 2 0.006512 0.050540 0.909096 0.018876 0.014976
2 2 0.006287 0.049490 0.911718 0.017781 0.014724
2 2 0.005859 0.045150 0.920501 0.017059 0.011432
2 2 0.007407 0.050388 0.908160 0.020601 0.013444
2 2 0.006205 0.045647 0.918042 0.019496 0.010611
2 2 0.006865 0.054140 0.900952 0.020656 0.017387
2 2 0.010742 0.066181 0.871244 0.026935 0.024898
2 2 0.034716 0.107922 0.741345 0.055143 0.060875
2 0 0.258927 0.203146 0.291447 0.067817 0.178663
0 0 0.434034 0.203178 0.144876 0.050696 0.167216
2 0 0.258724 0.217614 0.279339 0.047374 0.196950
2 1 0.151259 0.207655 0.347907 0.041629 0.251550
2 1 0.031821 0.124961 0.625298 0.026191 0.191729
2 1 0.020478 0.094930 0.781591 0.025161 0.077840
2 1 0.017258 0.079187 0.836271 0.028757 0.038527
2 2 0.015645 0.071289 0.853422 0.036156 0.023487
2 2 0.020031 0.079106 0.828569 0.045606 0.026688
2 2 0.014190 0.070968 0.854407 0.037106 0.023329
2 2 0.012875 0.066232 0.866570 0.034262 0.020060
2 2 0.010611 0.060688 0.880507 0.031428 0.016766
2 2 0.008336 0.051528 0.901418 0.027190 0.011528
2 2 0.007628 0.049273 0.906992 0.025419 0.010688
2 2 0.007064 0.047618 0.913201 0.020936 0.011181
2 2 0.007849 0.051923 0.904597 0.021420 0.014211
2 2 0.006905 0.049734 0.908863 0.021935 0.012563
2 2 0.008322 0.051778 0.899094 0.029814 0.010993
2 2 0.015672 0.070342 0.846725 0.049033 0.018229
2 2 0.080984 0.149406 0.618962 0.067043 0.083605
0 0 0.482037 0.192179 0.112244 0.051806 0.161734
0 0 0.451821 0.207541 0.128315 0.039563 0.172760
0 0 0.379952 0.216266 0.155026 0.043507 0.205250
2 0 0.154632 0.204042 0.376046 0.043520 0.221759
2 0 0.090053 0.172935 0.509741 0.037193 0.190078
2 0 0.046844 0.132236 0.641608 0.030777 0.148535
2 1 0.027914 0.107784 0.730895 0.028891 0.104515
2 1 0.017930 0.087988 0.809299 0.027284 0.057499
2 2 0.011081 0.071705 0.858000 0.024307 0.034907
2 2 0.008723 0.056217 0.892043 0.028228 0.014789
2 2 0.007438 0.048691 0.905262 0.029212 0.009397
2 2 0.007428 0.049738 0.905662 0.026339 0.010833
2 2 0.005286 0.043372 0.922733 0.019078 0.009531
2 2 0.005799 0.045760 0.918544 0.018647 0.011250
2 2 0.005974 0.049977 0.911152 0.016900 0.015997
2 2 0.006009 0.051008 0.909153 0.016269 0.017561
2 2 0.009151 0.066782 0.870973 0.021038 0.032057
2 2 0.008161 0.063952 0.877780 0.017647 0.032459
2 2 0.009461 0.060806 0.884008 0.025633 0.020092
2 2 0.013200 0.065191 0.861022 0.044877 0.015710
2 2 0.013072 0.063900 0.846794 0.063455 0.012780
2 2 0.012787 0.064531 0.849098 0.060039 0.013545
2 2 0.008306 0.056867 0.889116 0.031178 0.014533
2 2 0.008172 0.056781 0.891015 0.028611 0.015420
2 2 0.007887 0.054838 0.892723 0.031600 0.012952
2 2 0.009259 0.054623 0.878217 0.048042 0.009861
2 2 0.008882 0.053172 0.881984 0.047262 0.008699
2 2 0.015723 0.070345 0.837502 0.060593 0.015838
2 0 0.094993 0.158420 0.578451 0.082777 0.085359
2 0 0.223180 0.209517 0.361751 0.052216 0.153336
0 0 0.310505 0.220782 0.261622 0.040377 0.166713
0 0 0.402571 0.211867 0.172939 0.045311 0.167311
2 0 0.121796 0.196533 0.414952 0.037627 0.229090
2 0 0.047230 0.145340 0.577842 0.028402 0.201186
2 1 0.015458 0.099247 0.747000 0.020786 0.117509
2 2 0.009297 0.071951 0.856433 0.020959 0.041361
2 2 0.007805 0.061647 0.882672 0.025734 0.022142
2 2 0.008497 0.056807 0.888878 0.031543 0.014276
2 2 0.007397 0.051776 0.901883 0.026674 0.012270
2 2 0.005870 0.045701 0.918347 0.019109 0.010973
2 2 0.004667 0.038905 0.930640 0.018792 0.006995
2 2 0.005369 0.041183 0.919130 0.027867 0.006452
2 2 0.004357 0.037062 0.926466 0.027228 0.004887
2 2 0.004359 0.036978 0.922385 0.031702 0.004577
2 2 0.005573 0.041973 0.911332 0.035306 0.005817
2 2 0.006411 0.049980 0.908230 0.022625 0.012756
2 2 0.011677 0.060239 0.851627 0.065273 0.011183
2 2 0.018813 0.076762 0.829070 0.053307 0.022047
2 2 0.006389 0.045996 0.918660 0.017127 0.011827
2 2 0.005392 0.041382 0.920905 0.025725 0.006596
2 2 0.004303 0.036907 0.927659 0.026371 0.004760
2 2 0.005677 0.042304 0.908442 0.037766 0.005810
2 2 0.005519 0.041492 0.900422 0.047524 0.005044
2 2 0.007322 0.047524 0.874463 0.064356 0.006336
2 2 0.007860 0.049755 0.882175 0.053008 0.007201
2 2 0.008637 0.052497 0.886391 0.043517 0.008958
2 2 0.009387 0.054713 0.883159 0.042778 0.009964
2 2 0.015450 0.069782 0.840814 0.058018 0.015935
2 2 0.187707 0.197628 0.396597 0.120100 0.097967
0 0 0.532627 0.174076 0.080384 0.057861 0.155052
0 0 0.587026 0.166670 0.062558 0.043714 0.140032
0 0 0.620768 0.164383 0.054632 0.032055 0.128162
0 0 0.363533 0.217680 0.208111 0.042787 0.167888
0 0 0.438994 0.204036 0.125285 0.046833 0.184851
0 0 0.304369 0.215419 0.252453 0.050043 0.177716
0 0 0.325683 0.224303 0.183116 0.040377 0.226521
0 0 0.376340 0.219173 0.111201 0.032394 0.260892
4 0 0.181499 0.225934 0.214954 0.029314 0.348299
4 0 0.236672 0.228344 0.161503 0.029774 0.343707
2 0 0.070988 0.183566 0.365278 0.027210 0.352958
2 0 0.121465 0.196007 0.411715 0.038725 0.232088
2 0 0.107788 0.168697 0.537076 0.042054 0.144385
2 0 0.103820 0.164065 0.562045 0.039130 0.130940
2 0 0.122503 0.172778 0.516788 0.045914 0.142017
2 0 0.169038 0.209566 0.316220 0.047022 0.258153
4 0 0.124287 0.198123 0.172057 0.031882 0.473652
4 0 0.043140 0.140433 0.104721 0.012222 0.699484
4 0 0.025293 0.116227 0.086041 0.007179 0.765260
4 0 0.031800 0.126004 0.089683 0.008358 0.744154
4 0 0.045734 0.142672 0.097082 0.010975 0.703537
4 0 0.076422 0.167263 0.099704 0.014246 0.642365
4 0 0.073486 0.164465 0.086584 0.010974 0.664492
4 0 0.102683 0.181723 0.108475 0.019013 0.588106
4 0 0.084220 0.171494 0.091482 0.012825 0.639980
4 0 0.126113 0.191086 0.109065 0.021405 0.552330
4 0 0.195016 0.207608 0.103637 0.025637 0.468101
4 0 0.328138 0.214136 0.082155 0.026346 0.349225
4 0 0.295319 0.215345 0.077934 0.021457 0.389945
4 0 0.254631 0.214153 0.083460 0.021259 0.426497
4 0 0.144715 0.196698 0.090620 0.016651 0.551316
4 0 0.153794 0.199373 0.095903 0.019080 0.531850
0 0 0.294449 0.226175 0.181324 0.039033 0.259019
0 0 0.500187 0.196045 0.108912 0.040597 0.154259
0 0 0.569399 0.171359 0.069443 0.045504 0.144296
0 0 0.463884 0.194177 0.121445 0.055069 0.165424
0 0 0.299756 0.210391 0.256099 0.085140 0.148613
0 0 0.408655 0.205674 0.161709 0.053266 0.170696
4 0 0.205649 0.219238 0.257896 0.044033 0.273184
4 0 0.129096 0.207415 0.223263 0.032224 0.408002
4 0 0.153894 0.212839 0.191844 0.032112 0.409311
4 0 0.092803 0.193680 0.264830 0.030787 0.417901
4 0 0.057743 0.172835 0.300562 0.025682 0.443177
4 0 0.047547 0.161351 0.309148 0.026791 0.455163
4 0 0.030457 0.129122 0.155797 0.017965 0.666659
4 0 0.031212 0.126988 0.129655 0.015683 0.696462
4 0 0.018593 0.105077 0.096339 0.007813 0.772178
4 0 0.023201 0.112844 0.086611 0.007043 0.770300
4 0 0.022936 0.111354 0.075287 0.005546 0.784876
4 0 0.032464 0.124810 0.069419 0.005477 0.767829
4 0 0.032294 0.123166 0.059751 0.004262 0.780528
4 0 0.029762 0.119755 0.059692 0.004133 0.786657
4 0 0.047534 0.140779 0.063190 0.005398 0.743098
4 0 0.048531 0.143273 0.073845 0.007061 0.727290
4 1 0.053008 0.148600 0.084840 0.009244 0.704308
4 1 0.073222 0.165474 0.106116 0.015581 0.639606
4 1 0.032979 0.139289 0.216571 0.021263 0.589899
2 1 0.024649 0.130574 0.436514 0.023779 0.384485
2 1 0.023925 0.124900 0.535016 0.023394 0.292764
2 1 0.020614 0.112363 0.642472 0.018855 0.205697
2 1 0.018805 0.109793 0.647178 0.017301 0.206924
2 1 0.014715 0.101100 0.677518 0.013528 0.193138
2 1 0.012969 0.097551 0.685127 0.011994 0.192359
2 1 0.010744 0.089663 0.741609 0.011417 0.146568
2 1 0.011125 0.091139 0.737817 0.012055 0.147865
2 1 0.015504 0.099887 0.697210 0.013921 0.173478
2 1 0.017921 0.103169 0.696081 0.016059 0.166770
2 1 0.016805 0.097417 0.739613 0.016414 0.129751
2 1 0.013862 0.086343 0.797512 0.016277 0.086005
2 1 0.028224 0.106338 0.737217 0.028543 0.099678
2 1 0.047613 0.141819 0.595923 0.029511 0.185134
2 1 0.044810 0.150459 0.517766 0.028049 0.258916
2 1 0.035078 0.136312 0.560338 0.026949 0.241322
2 1 0.026112 0.123924 0.580351 0.024470 0.245143
2 1 0.017577 0.101595 0.746192 0.023798 0.110838
2 1 0.018056 0.101017 0.753732 0.025431 0.101764
2 1 0.011449 0.081435 0.822317 0.018511 0.066287
2 2 0.011438 0.083413 0.815820 0.019335 0.069994
2 2 0.008491 0.071058 0.856423 0.017418 0.046611
2 2 0.008047 0.068684 0.865731 0.021502 0.036036
2 2 0.006835 0.054722 0.897245 0.025769 0.015429
2 2 0.007092 0.052270 0.900793 0.027214 0.012631
2 2 0.006575 0.053586 0.900635 0.023833 0.015371
2 2 0.007851 0.060197 0.887223 0.021666 0.023062
2 2 0.006333 0.056079 0.897528 0.015644 0.024416
2 2 0.006847 0.056964 0.895110 0.014554 0.026526
2 2 0.005595 0.050637 0.910147 0.012621 0.020999
2 2 0.007742 0.055995 0.897676 0.015795 0.022793
2 2 0.009287 0.059407 0.889220 0.018703 0.023383
2 2 0.009811 0.057857 0.891723 0.021577 0.019032
2 2 0.006565 0.049887 0.910531 0.018493 0.014524
2 2 0.005743 0.042968 0.922315 0.020342 0.008632
2 2 0.004399 0.038661 0.931942 0.017740 0.007258
2 2 0.005596 0.043535 0.922410 0.018900 0.009558
2 2 0.009677 0.055471 0.894357 0.025892 0.014603
2 2 0.089992 0.160626 0.615044 0.053173 0.081166
0 0 0.486226 0.196091 0.114284 0.045033 0.158365
0 1 0.583186 0.173677 0.067834 0.037026 0.138277
0 1 0.514680 0.192702 0.100909 0.039938 0.151771
0 0 0.623789 0.164344 0.044380 0.025659 0.141828
0 0 0.537776 0.183487 0.061638 0.033085 0.184014
0 0 0.356546 0.214357 0.100051 0.034717 0.294329
0 0 0.416934 0.210217 0.107099 0.038236 0.227514
0 0 0.285461 0.219966 0.216945 0.048556 0.229072
2 1 0.121044 0.183552 0.460225 0.046524 0.188656
2 2 0.068912 0.143027 0.620548 0.047665 0.119849
2 2 0.027211 0.120447 0.668813 0.033233 0.150296
2 2 0.025124 0.108856 0.742415 0.055242 0.068362
2 2 0.027449 0.103912 0.757577 0.053846 0.057216
2 2 0.018838 0.094753 0.784175 0.026780 0.075454
2 2 0.021953 0.100073 0.771396 0.036525 0.070052
2 2 0.033237 0.121783 0.683553 0.043650 0.117777
2 2 0.029003 0.116992 0.700401 0.038110 0.115494
2 2 0.037681 0.134644 0.600261 0.030846 0.196567
2 2 0.024819 0.106445 0.743819 0.033517 0.091400
2 2 0.023115 0.091923 0.796592 0.043972 0.044398
2 2 0.019498 0.078050 0.823441 0.056875 0.022136
2 2 0.022146 0.083625 0.810812 0.056063 0.027353
2 2 0.012147 0.065626 0.865245 0.038863 0.018119
2 2 0.015816 0.071338 0.848170 0.044241 0.020435
2 2 0.017234 0.075857 0.837307 0.045474 0.024128
2 2 0.014374 0.067467 0.855036 0.046253 0.016870
2 2 0.010754 0.058517 0.873216 0.046121 0.011392
2 2 0.013183 0.064240 0.844188 0.066085 0.012304
2 2 0.012536 0.062008 0.831958 0.082882 0.010616
2 2 0.010540 0.055410 0.801637 0.125150 0.007263
2 2 0.011284 0.056704 0.780515 0.144036 0.007461
2 2 0.015353 0.063160 0.693449 0.219055 0.008983
2 3 0.025150 0.080162 0.652799 0.226351 0.015538
2 2 0.018782 0.073484 0.752604 0.141804 0.013326
2 2 0.013229 0.063940 0.828785 0.083274 0.010773
2 2 0.011859 0.060996 0.850513 0.065996 0.010636
2 2 0.012623 0.061790 0.816438 0.099545 0.009604
2 2 0.013336 0.058329 0.687953 0.233009 0.007373
2 2 0.013728 0.052256 0.527547 0.400710 0.005759
2 2 0.016911 0.061592 0.588298 0.325029 0.008170
2 2 0.014219 0.063447 0.757589 0.155543 0.009201
2 2 0.011260 0.059409 0.853802 0.065446 0.010083
2 2 0.011290 0.059933 0.869488 0.047331 0.011959
2 2 0.006252 0.044565 0.906624 0.035996 0.006563
2 2 0.005581 0.041876 0.905628 0.041502 0.005413
2 2 0.006187 0.043702 0.882796 0.062205 0.005111
2 2 0.007449 0.046697 0.825596 0.115369 0.004889
2 2 0.007339 0.045279 0.787719 0.155465 0.004197
2 2 0.008616 0.048297 0.755269 0.183008 0.004809
2 2 0.009290 0.049271 0.724598 0.211883 0.004957
2 2 0.012360 0.056762 0.704515 0.219642 0.006721
2 2 0.015235 0.058849 0.599480 0.319306 0.007130
2 2 0.019743 0.060851 0.479503 0.431628 0.008274
3 3 0.021860 0.055468 0.352147 0.562406 0.008119
3 3 0.015005 0.032180 0.170848 0.777880 0.004086
3 3 0.013372 0.031257 0.183363 0.768370 0.003638
3 3 0.014049 0.033698 0.203240 0.745048 0.003965
3 3 0.015229 0.030962 0.155907 0.793647 0.004255
3 3 0.012496 0.025620 0.131781 0.826719 0.003384
3 3 0.009428 0.019722 0.105311 0.863106 0.002432
3 3 0.008126 0.017378 0.095678 0.876788 0.002029
3 3 0.007540 0.016385 0.092033 0.882195 0.001847
3 3 0.006917 0.015192 0.086662 0.889563 0.001666
3 3 0.005834 0.013207 0.078378 0.901231 0.001350
3 3 0.006468 0.013766 0.076498 0.901691 0.001576
3 3 0.005334 0.010823 0.058125 0.924408 0.001310
3 3 0.004588 0.009694 0.054620 0.930020 0.001079
3 3 0.004045 0.008481 0.047784 0.938749 0.000942
3 3 0.005654 0.011739 0.064231 0.916999 0.001378
3 3 0.007555 0.014594 0.073202 0.902654 0.001996
3 3 0.009878 0.018723 0.090706 0.877965 0.002728
3 3 0.011345 0.020343 0.092637 0.872373 0.003301
3 3 0.010982 0.019229 0.085769 0.880790 0.003231
3 3 0.006918 0.013144 0.065241 0.912869 0.001827
3 3 0.006857 0.013334 0.067707 0.910320 0.001783
3 3 0.006791 0.013390 0.068936 0.909135 0.001748
3 3 0.008424 0.016114 0.079538 0.893656 0.002268
3 3 0.007940 0.014397 0.067741 0.907725 0.002197
3 3 0.007064 0.012607 0.058838 0.919542 0.001948
3 3 0.004730 0.008305 0.039067 0.946641 0.001258
3 3 0.003819 0.006794 0.032779 0.955626 0.000983
3 3 0.003424 0.006202 0.030631 0.958883 0.000860
3 3 0.004846 0.008449 0.039417 0.945989 0.001299
3 3 0.004506 0.008114 0.039225 0.946983 0.001172
3 3 0.006289 0.010884 0.049656 0.931426 0.001745
3 3 0.007546 0.012549 0.054500 0.923211 0.002194
3 3 0.006542 0.010953 0.048284 0.932358 0.001863
3 3 0.007838 0.012876 0.055140 0.921839 0.002307
3 3 0.005252 0.009098 0.041988 0.942236 0.001426
3 3 0.004983 0.008683 0.040428 0.944566 0.001340
3 3 0.004645 0.008391 0.040612 0.945141 0.001210
3 3 0.005994 0.010270 0.046529 0.935542 0.001665
3 3 0.006467 0.011073 0.049912 0.930735 0.001813
3 3 0.006877 0.011397 0.049605 0.930139 0.001982
3 3 0.005999 0.010291 0.046675 0.935370 0.001665
3 3 0.004774 0.008970 0.045022 0.940017 0.001217
3 3 0.004349 0.008616 0.045771 0.940205 0.001059
3 3 0.006131 0.011190 0.053818 0.927223 0.001639
3 3 0.005908 0.010415 0.048546 0.933524 0.001608
3 3 0.005766 0.009788 0.044053 0.938790 0.001604
3 3 0.004391 0.007420 0.033775 0.953227 0.001188
3 3 0.003954 0.006568 0.029583 0.958826 0.001069
3 3 0.002851 0.005093 0.025079 0.966268 0.000708
3 3 0.003027 0.005595 0.028385 0.962253 0.000740
3 3 0.003273 0.006000 0.030050 0.959865 0.000812
3 3 0.004555 0.007908 0.036877 0.949444 0.001215
3 3 0.004338 0.007704 0.036831 0.949994 0.001134
3 3 0.006236 0.010827 0.049571 0.931642 0.001725
3 3 0.006793 0.011962 0.055236 0.924128 0.001881
3 3 0.009670 0.016433 0.071787 0.899255 0.002856
3 3 0.008829 0.015144 0.067116 0.906346 0.002564
3 3 0.006276 0.011424 0.054722 0.925893 0.001685
3 3 0.004900 0.008951 0.043657 0.941217 0.001275
3 3 0.004561 0.008587 0.043294 0.942404 0.001155
3 3 0.004007 0.007736 0.040272 0.947003 0.000983
3 3 0.004351 0.008336 0.042866 0.943365 0.001083
3 3 0.005006 0.009328 0.046322 0.938055 0.001289
3 3 0.004886 0.008999 0.044244 0.940606 0.001265
3 3 0.005451 0.009688 0.045723 0.937675 0.001462
3 3 0.004988 0.008523 0.038933 0.946198 0.001359
3 3 0.004280 0.007332 0.033881 0.953363 0.001144
3 3 0.003142 0.005850 0.029815 0.960425 0.000768
3 3 0.003189 0.006060 0.031479 0.958502 0.000771
3 3 0.005630 0.010197 0.048917 0.933758 0.001498
3 3 0.010612 0.018729 0.084358 0.883207 0.003094
3 3 0.044750 0.063843 0.209680 0.665281 0.016446
2 2 0.120900 0.152430 0.400567 0.266882 0.059221
2 2 0.096555 0.159491 0.566421 0.108663 0.068869
2 2 0.094590 0.161016 0.592261 0.068280 0.083853
2 1 0.091307 0.155400 0.589067 0.063652 0.100574
2 1 0.089342 0.167283 0.511641 0.044912 0.186822
2 1 0.047830 0.124071 0.706389 0.046585 0.075126
2 0 0.198217 0.197866 0.381371 0.079670 0.142876
2 0 0.124526 0.195086 0.387151 0.045058 0.248179
4 0 0.128934 0.207016 0.286614 0.036775 0.340660
4 1 0.110678 0.196593 0.178737 0.027584 0.486408
4 1 0.098784 0.190550 0.179664 0.027123 0.503878
4 0 0.082979 0.180897 0.183386 0.027209 0.525528
4 0 0.160316 0.210247 0.191532 0.037635 0.400270
4 0 0.188808 0.204564 0.134636 0.040007 0.431985
4 0 0.267653 0.211931 0.110508 0.037562 0.372346
4 0 0.185613 0.210655 0.124991 0.028216 0.450525
4 0 0.163094 0.201693 0.098619 0.020793 0.515800
4 0 0.073053 0.164995 0.098177 0.013592 0.650183
4 0 0.071428 0.163465 0.091376 0.011889 0.661841
4 1 0.071123 0.164068 0.106030 0.015359 0.643420
4 1 0.090257 0.175070 0.094858 0.014104 0.625711
4 1 0.145027 0.197038 0.101207 0.020279 0.536449
4 1 0.161936 0.201338 0.092057 0.018310 0.526358
0 1 0.393988 0.210152 0.081335 0.029957 0.284567
0 1 0.452835 0.202761 0.073727 0.029932 0.240744
0 0 0.653158 0.154361 0.044101 0.028981 0.119399
0 0 0.659032 0.156968 0.044363 0.024202 0.115434
0 0 0.691226 0.146148 0.033396 0.020149 0.109081
0 0 0.577373 0.180030 0.036175 0.014083 0.192338
0 0 0.451099 0.204010 0.045558 0.013511 0.285822
0 0 0.528543 0.190787 0.039426 0.013642 0.227602
4 0 0.343798 0.214256 0.057963 0.014726 0.369256
0 0 0.449818 0.203372 0.059893 0.022125 0.264793
0 0 0.470922 0.199340 0.061471 0.025084 0.243183
0 0 0.516688 0.191176 0.054729 0.023947 0.213461
4 0 0.291460 0.213600 0.097610 0.032179 0.365150
4 0 0.267509 0.221964 0.131042 0.033069 0.346416
4 0 0.269248 0.213170 0.102184 0.032495 0.382903
4 0 0.166838 0.202544 0.096835 0.020415 0.513369
4 0 0.289666 0.215379 0.076076 0.020167 0.398712
4 0 0.223871 0.210819 0.066942 0.013009 0.485359
4 0 0.271470 0.214408 0.062777 0.013537 0.437809
4 0 0.275194 0.214936 0.068198 0.015842 0.425831
4 0 0.208716 0.209487 0.075303 0.015191 0.491303
4 0 0.097645 0.178573 0.090110 0.013397 0.620274
4 0 0.050509 0.145819 0.079733 0.008162 0.715777
4 0 0.029109 0.122198 0.088709 0.007946 0.752038
4 0 0.037097 0.132613 0.088706 0.008684 0.732900
4 0 0.064191 0.159060 0.104326 0.014279 0.658144
4 0 0.091193 0.175982 0.104067 0.016666 0.612092
4 0 0.144711 0.196840 0.112126 0.024360 0.521964
4 0 0.081606 0.170809 0.109655 0.017341 0.620588
4 0 0.054984 0.151678 0.104276 0.013369 0.675693
4 0 0.074833 0.166834 0.128203 0.022011 0.608119
4 0 0.118074 0.187998 0.121970 0.025269 0.546689
4 0 0.185231 0.203397 0.134457 0.040342 0.436573
4 0 0.127909 0.190587 0.137667 0.033090 0.510746
4 0 0.092674 0.185566 0.199260 0.032452 0.490048
4 0 0.037933 0.135363 0.125881 0.016030 0.684794
4 0 0.038926 0.137515 0.144729 0.019763 0.659067
4 0 0.032277 0.133344 0.155431 0.016555 0.662393
4 0 0.029750 0.130758 0.146437 0.013628 0.679427
4 0 0.035003 0.138699 0.145685 0.013781 0.666832
4 0 0.064068 0.175981 0.254773 0.025764 0.479414
4 0 0.184073 0.213068 0.188104 0.041629 0.373127
0 0 0.332776 0.206896 0.114316 0.051273 0.294739
4 0 0.145133 0.206829 0.175256 0.032348 0.440433
4 1 0.149284 0.210041 0.206033 0.035840 0.398802
4 1 0.072667 0.168256 0.143126 0.023083 0.592868
4 1 0.047268 0.144648 0.105173 0.012764 0.690147
4 4 0.027797 0.120547 0.092195 0.008343 0.751118
4 4 0.038123 0.133642 0.086577 0.008420 0.733239
4 4 0.043923 0.140279 0.089612 0.009422 0.716765
4 4 0.041993 0.138323 0.090752 0.009462 0.719470
4 4 0.068778 0.162186 0.100218 0.013719 0.655099
4 4 0.100149 0.179066 0.081251 0.011347 0.628188
4 4 0.098740 0.178501 0.082522 0.011574 0.628663
4 4 0.267112 0.214620 0.068948 0.015742 0.433578
4 1 0.229645 0.212216 0.089333 0.022104 0.446701
4 1 0.253625 0.214136 0.080576 0.019887 0.431777
4 1 0.248515 0.213766 0.084871 0.021471 0.431377
4 1 0.198231 0.208018 0.104667 0.026416 0.462668
4 1 0.204981 0.207265 0.122553 0.036422 0.428779
4 1 0.127920 0.202983 0.290679 0.041755 0.336663
2 1 0.126722 0.196878 0.369554 0.045685 0.261161
2 1 0.088424 0.177699 0.461298 0.039503 0.233077
2 1 0.067798 0.163452 0.509806 0.035917 0.223027
2 1 0.042870 0.138948 0.580005 0.031395 0.206782
2 1 0.096950 0.180299 0.457862 0.041462 0.223427
2 1 0.149772 0.207165 0.301117 0.045425 0.296521
4 1 0.232714 0.221155 0.197598 0.043001 0.305532
0 1 0.391797 0.204086 0.103599 0.048299 0.252218
0 1 0.434639 0.200599 0.082678 0.039090 0.242994
0 1 0.340440 0.216808 0.172339 0.048725 0.221688
2 1 0.180718 0.212743 0.321452 0.044441 0.240646
2 1 0.079704 0.164298 0.530659 0.038840 0.186499
2 1 0.063695 0.152143 0.566900 0.036510 0.180751
2 1 0.033244 0.116457 0.679759 0.027669 0.142871
2 1 0.032591 0.119671 0.657719 0.027818 0.162202
2 1 0.044846 0.134201 0.608150 0.034855 0.177948
2 1 0.067691 0.149678 0.585016 0.038183 0.159433
2 1 0.077861 0.146784 0.607742 0.040419 0.127195
2 1 0.091936 0.160044 0.557618 0.043423 0.146978
2 1 0.055765 0.146534 0.575369 0.035855 0.186477
2 1 0.038941 0.138663 0.562603 0.029394 0.230399
2 1 0.027611 0.128011 0.560585 0.024575 0.259218
2 1 0.022555 0.124725 0.509053 0.022417 0.321251
2 1 0.021944 0.121752 0.548938 0.021433 0.285932
2 1 0.020211 0.117337 0.582367 0.019428 0.260657
2 1 0.016861 0.107698 0.643263 0.015742 0.216437
2 1 0.013279 0.096537 0.716991 0.013663 0.159531
2 1 0.008467 0.080210 0.799562 0.011495 0.100266
2 1 0.008649 0.082623 0.786860 0.011700 0.110168
2 1 0.008918 0.084937 0.767139 0.011057 0.127949
2 1 0.011352 0.092136 0.732451 0.012240 0.151821
2 1 0.013702 0.097646 0.722455 0.015117 0.151080
2 1 0.012681 0.089981 0.782876 0.017694 0.096769
2 1 0.020839 0.090839 0.800998 0.030892 0.056431
2 1 0.041527 0.111646 0.729045 0.050162 0.067620
2 1 0.057469 0.126454 0.676626 0.047238 0.092213
2 1 0.034279 0.107843 0.737870 0.035076 0.084933
2 1 0.030372 0.106055 0.741114 0.030292 0.092167
2 1 0.017020 0.090192 0.795182 0.021771 0.075836
2 1 0.014755 0.089719 0.792349 0.019863 0.083315
2 1 0.016259 0.098370 0.742637 0.018266 0.124468
2 2 0.017714 0.099584 0.767945 0.030153 0.084604
2 2 0.027614 0.115183 0.717112 0.047256 0.092835
2 2 0.016509 0.091588 0.790740 0.022688 0.078476
2 2 0.016088 0.094354 0.784914 0.026695 0.077949
2 2 0.015779 0.087433 0.812216 0.029295 0.055278
2 2 0.020019 0.095310 0.787331 0.033922 0.063418
2 2 0.013444 0.076127 0.845743 0.027409 0.037277
2 2 0.013062 0.070559 0.859571 0.028982 0.027825
2 2 0.008685 0.060680 0.886088 0.020997 0.023549
2 2 0.007984 0.058317 0.892114 0.016600 0.024985
2 2 0.008218 0.060017 0.887142 0.014510 0.030113
2 2 0.013256 0.072137 0.853683 0.017119 0.043805
2 2 0.016424 0.076280 0.842755 0.020223 0.044319
2 2 0.016091 0.071912 0.855922 0.023145 0.032929
2 2 0.014841 0.069140 0.862745 0.026695 0.026580
2 2 0.012284 0.062983 0.877925 0.025971 0.020837
2 2 0.012043 0.063377 0.877645 0.024885 0.022051
2 2 0.010427 0.058536 0.890042 0.021470 0.019525
2 2 0.014597 0.070154 0.860995 0.023781 0.030473
2 2 0.017195 0.074634 0.847903 0.029078 0.031190
2 2 0.017593 0.076248 0.843620 0.029597 0.032942
2 2 0.017430 0.073969 0.847739 0.033710 0.027152
2 2 0.011526 0.062761 0.878786 0.025969 0.020958
2 2 0.008425 0.051771 0.902347 0.025120 0.012337
2 2 0.008918 0.053283 0.898067 0.027051 0.012682
2 2 0.010004 0.056399 0.892013 0.026568 0.015015
2 2 0.010503 0.060703 0.884526 0.023838 0.020430
2 2 0.009756 0.060617 0.886226 0.018940 0.024460
2 2 0.009173 0.062813 0.879842 0.015143 0.033030
2 2 0.008067 0.057621 0.893085 0.013652 0.027575
2 2 0.007410 0.055809 0.897798 0.013748 0.025235
2 2 0.009339 0.060777 0.885916 0.017308 0.026660
2 2 0.008793 0.065915 0.871858 0.016634 0.036799
2 2 0.010780 0.074310 0.847911 0.018669 0.048330
2 2 0.012577 0.076201 0.845348 0.024335 0.041539
2 2 0.011754 0.068277 0.866253 0.026165 0.027551
2 2 0.011318 0.065133 0.870144 0.033412 0.019993
2 2 0.011104 0.060741 0.878071 0.034523 0.015561
2 2 0.020958 0.080811 0.823339 0.047167 0.027724
2 2 0.090592 0.157286 0.562338 0.052348 0.137435
2 2 0.121496 0.172913 0.502734 0.050557 0.152300
2 2 0.069307 0.142108 0.646526 0.048609 0.093450
2 2 0.128013 0.180502 0.523061 0.056607 0.111817
0 0 0.409860 0.198913 0.152705 0.065330 0.173192
0 0 0.511341 0.177533 0.089118 0.062009 0.159998
0 0 0.453523 0.198327 0.130235 0.052237 0.165678
0 0 0.386662 0.215746 0.167007 0.043519 0.187067
4 0 0.126730 0.212013 0.248980 0.028454 0.383823
4 0 0.070698 0.181578 0.250911 0.025575 0.471238
2 0 0.023802 0.131825 0.450932 0.019761 0.373679
2 0 0.020755 0.123737 0.487609 0.020387 0.347513
2 0 0.016742 0.112009 0.589741 0.016306 0.265202
2 1 0.018791 0.116571 0.566179 0.018409 0.280051
2 1 0.024232 0.124347 0.549456 0.023421 0.278544
2 1 0.024816 0.125529 0.540851 0.024075 0.284729
2 1 0.032901 0.138631 0.483007 0.028643 0.316818
2 1 0.030458 0.138278 0.483682 0.024187 0.323395
4 1 0.030172 0.144413 0.381548 0.019915 0.423952
2 1 0.017296 0.118548 0.519743 0.015705 0.328708
2 1 0.024896 0.124060 0.576916 0.022144 0.251985
2 1 0.024497 0.111002 0.681723 0.021189 0.161590
2 1 0.019801 0.107608 0.675771 0.017662 0.179158
2 1 0.017476 0.108860 0.639840 0.016302 0.217522
2 1 0.020873 0.118913 0.575411 0.019803 0.265000
2 1 0.034544 0.145299 0.471862 0.023666 0.324630
4 1 0.055980 0.170222 0.339825 0.027810 0.406163
4 1 0.040958 0.155294 0.373344 0.025586 0.404817
2 1 0.042843 0.154981 0.413821 0.028039 0.360316
4 4 0.040810 0.153836 0.336035 0.026798 0.442521
2 4 0.068164 0.174579 0.368361 0.035801 0.353095
4 4 0.151730 0.205137 0.235296 0.047523 0.360314
4 1 0.153120 0.205762 0.213320 0.044460 0.383338
4 1 0.054190 0.166794 0.283723 0.027611 0.467683
4 1 0.053114 0.166478 0.265257 0.025243 0.489908
4 1 0.021050 0.124902 0.256011 0.016709 0.581328
4 1 0.020423 0.124795 0.281787 0.017130 0.555865
4 1 0.027759 0.135126 0.258288 0.020505 0.558323
4 4 0.036493 0.147137 0.261759 0.023353 0.531258
4 4 0.046669 0.156914 0.216997 0.022530 0.556890
4 4 0.077573 0.184057 0.242528 0.028001 0.467841
4 4 0.095927 0.187813 0.165861 0.025277 0.525123
4 4 0.210103 0.222741 0.242150 0.040141 0.284866
2 4 0.254594 0.221122 0.271153 0.043855 0.209276
0 1 0.381254 0.213851 0.189728 0.046108 0.169059
0 1 0.319729 0.221900 0.201094 0.044086 0.213190
0 1 0.453119 0.201724 0.133962 0.047494 0.163700
4 1 0.265771 0.221752 0.148761 0.037838 0.325878
0 0 0.411101 0.209272 0.096460 0.036482 0.246685
4 0 0.317467 0.218238 0.100740 0.030140 0.333416
4 0 0.309078 0.213195 0.096140 0.033234 0.348352
4 0 0.153242 0.198422 0.125117 0.030885 0.492335
4 0 0.104784 0.182543 0.126733 0.025420 0.560520
4 0 0.073349 0.165880 0.120862 0.019623 0.620285
4 1 0.072108 0.164504 0.100843 0.014158 0.648387
4 1 0.071351 0.164058 0.102187 0.014421 0.647983
4 1 0.083302 0.171937 0.122165 0.021220 0.601376
4 1 0.085627 0.184858 0.197266 0.027417 0.504831
