4 0 0.220826 0.155717 0.072556 0.017678 0.533223
4 0 0.173913 0.076420 0.018089 0.001681 0.729896
4 0 0.166739 0.072663 0.016862 0.001484 0.742252
4 0 0.320599 0.071715 0.008369 0.000663 0.598654
4 0 0.156849 0.045520 0.006247 0.000314 0.791071
4 0 0.267490 0.089156 0.016463 0.001739 0.625152
4 0 0.173531 0.079289 0.019714 0.001922 0.725544
4 0 0.151077 0.084213 0.026148 0.002852 0.735710
4 0 0.113435 0.079887 0.031414 0.003476 0.771788
4 0 0.075077 0.062725 0.028034 0.002181 0.831983
4 0 0.056405 0.048447 0.021261 0.001397 0.872490
4 0 0.066255 0.046782 0.016590 0.001117 0.869255
4 0 0.065477 0.045283 0.015610 0.001014 0.872615
4 0 0.089064 0.055034 0.017456 0.001300 0.837146
4 0 0.066202 0.048887 0.018341 0.001304 0.865266
4 0 0.062647 0.049767 0.020260 0.001502 0.865825
4 0 0.035848 0.038393 0.020546 0.001359 0.903855
4 1 0.039179 0.049494 0.033163 0.002907 0.875258
4 1 0.045635 0.055627 0.036639 0.003440 0.858659
4 1 0.051728 0.079489 0.071210 0.006300 0.791273
4 1 0.053983 0.086031 0.080939 0.006144 0.772903
4 1 0.042655 0.085860 0.103792 0.007607 0.760086
4 1 0.039992 0.065457 0.060778 0.005775 0.827999
4 1 0.050876 0.070227 0.055427 0.006917 0.816554
4 1 0.050028 0.082097 0.080420 0.010812 0.776644
4 1 0.071872 0.111417 0.110245 0.021323 0.685143
4 1 0.062089 0.146731 0.280314 0.048420 0.462446
2 1 0.034649 0.136986 0.630187 0.057441 0.140736
2 1 0.025382 0.120753 0.715742 0.051201 0.086922
2 1 0.008172 0.066701 0.877835 0.033691 0.013602
2 1 0.014847 0.071863 0.809624 0.084496 0.019171
2 1 0.020918 0.075150 0.743256 0.137459 0.023217
2 2 0.016393 0.076687 0.796197 0.087431 0.023292
2 2 0.011125 0.072449 0.849539 0.048928 0.017959
2 2 0.009568 0.066907 0.865032 0.044284 0.014209
2 2 0.022410 0.082012 0.747100 0.118267 0.030211
2 2 0.039462 0.072889 0.529841 0.319128 0.038680
3 2 0.039349 0.035003 0.263862 0.635818 0.025968
3 2 0.040769 0.025442 0.181677 0.723675 0.028436
3 2 0.039716 0.025877 0.189316 0.718490 0.026602
3 2 0.040285 0.032909 0.239095 0.662667 0.025044
3 2 0.030177 0.030305 0.291409 0.630609 0.017500
3 2 0.028057 0.029582 0.304519 0.621842 0.016000
3 2 0.028206 0.025422 0.260860 0.669179 0.016332
3 2 0.034205 0.029747 0.253708 0.661798 0.020542
3 3 0.034902 0.019009 0.151595 0.772331 0.022163
3 3 0.037585 0.015578 0.109641 0.812158 0.025038
3 3 0.030061 0.008637 0.067695 0.873279 0.020328
3 3 0.028423 0.006828 0.053292 0.891897 0.019560
3 3 0.027428 0.005298 0.039782 0.908093 0.019398
3 3 0.028735 0.005725 0.041651 0.903511 0.020378
3 3 0.022399 0.003790 0.032577 0.925579 0.015655
3 3 0.022919 0.003936 0.033322 0.923783 0.016039
3 3 0.023033 0.003969 0.033486 0.923388 0.016124
3 3 0.020739 0.003339 0.030193 0.931298 0.014430
3 3 0.017490 0.002525 0.025520 0.942413 0.012052
3 3 0.015531 0.002080 0.022696 0.949062 0.010630
3 3 0.016783 0.002361 0.024500 0.944819 0.011537
3 3 0.017279 0.002476 0.025216 0.943131 0.011898
3 3 0.018845 0.002853 0.027469 0.937792 0.013040
3 3 0.015183 0.002005 0.022195 0.950239 0.010379
3 3 0.013580 0.001672 0.019879 0.955644 0.009225
3 3 0.013746 0.001705 0.020119 0.955087 0.009344
3 3 0.015185 0.002005 0.022197 0.950232 0.010380
3 3 0.014745 0.001911 0.021562 0.951719 0.010063
3 3 0.014495 0.001859 0.021201 0.952562 0.009883
3 3 0.019524 0.003024 0.028447 0.935467 0.013538
3 3 0.017003 0.002412 0.024818 0.944070 0.011697
3 3 0.016342 0.002260 0.023865 0.946315 0.011217
3 3 0.011697 0.001312 0.017156 0.961955 0.007880
3 3 0.009178 0.000886 0.013502 0.970335 0.006100
3 3 0.009254 0.000898 0.013613 0.970081 0.006154
3 3 0.008453 0.000776 0.012448 0.972731 0.005593
3 3 0.010199 0.001051 0.014985 0.966946 0.006819
3 3 0.008906 0.000844 0.013108 0.971232 0.005910
3 3 0.010887 0.001168 0.015982 0.964657 0.007305
3 3 0.012599 0.001480 0.018461 0.958937 0.008523
3 3 0.013083 0.001574 0.019162 0.957312 0.008869
3 3 0.013045 0.001566 0.019107 0.957440 0.008842
3 3 0.013565 0.001669 0.019857 0.955695 0.009214
3 3 0.018848 0.002854 0.027475 0.937779 0.013043
3 3 0.017297 0.002480 0.025241 0.943071 0.011911
3 3 0.021796 0.003624 0.031711 0.927660 0.015209
3 3 0.026430 0.004982 0.038353 0.911584 0.018651
3 3 0.034565 0.007797 0.049975 0.882876 0.024786
3 3 0.047146 0.013214 0.067861 0.837309 0.034470
3 3 0.055825 0.017721 0.080150 0.805031 0.041273
3 3 0.073705 0.029340 0.108925 0.724003 0.064026
3 3 0.065351 0.023497 0.095402 0.762785 0.052964
3 3 0.051147 0.015219 0.073952 0.821172 0.038510
3 3 0.043780 0.011637 0.063086 0.849638 0.031858
3 3 0.043640 0.011573 0.062886 0.850152 0.031749
3 3 0.036720 0.009317 0.058614 0.869218 0.026131
3 3 0.031727 0.009329 0.070093 0.867278 0.021571
3 3 0.033165 0.012356 0.095122 0.837398 0.021959
3 3 0.035472 0.016955 0.129928 0.794681 0.022965
3 3 0.034603 0.019567 0.158299 0.765690 0.021840
3 3 0.034643 0.017751 0.140975 0.784489 0.022141
3 3 0.034494 0.013559 0.102037 0.827093 0.022818
3 3 0.031351 0.010941 0.087176 0.849775 0.020757
3 3 0.029474 0.008186 0.064653 0.877719 0.019967
3 3 0.026938 0.007312 0.062196 0.885507 0.018047
3 3 0.028857 0.005765 0.041826 0.903083 0.020470
3 3 0.026437 0.004985 0.038364 0.911558 0.018656
3 3 0.021035 0.003418 0.030618 0.930280 0.014648
3 3 0.023378 0.004719 0.041449 0.914445 0.016009
3 3 0.031803 0.008375 0.060766 0.877071 0.021984
3 3 0.027456 0.008602 0.075029 0.870847 0.018067
3 3 0.031098 0.011354 0.092236 0.844881 0.020432
3 3 0.039416 0.015555 0.103516 0.814868 0.026645
3 3 0.038694 0.013666 0.089986 0.831175 0.026480
3 3 0.045211 0.014542 0.080741 0.827326 0.032180
3 3 0.048604 0.013927 0.069930 0.831932 0.035607
3 3 0.050959 0.015115 0.073265 0.823215 0.037447
3 3 0.030939 0.007122 0.050807 0.889408 0.021723
3 3 0.043837 0.012292 0.067608 0.844605 0.031658
3 3 0.042492 0.011059 0.061256 0.854331 0.030863
3 3 0.043708 0.013315 0.075191 0.836612 0.031174
3 3 0.065228 0.038862 0.177191 0.660862 0.057857
3 3 0.066461 0.035903 0.160546 0.672868 0.064221
3 3 0.052402 0.041720 0.233249 0.638404 0.034225
3 3 0.050383 0.052839 0.316802 0.540299 0.039677
3 3 0.041104 0.019242 0.129493 0.781085 0.029076
3 3 0.047131 0.021765 0.127752 0.769707 0.033645
3 3 0.051312 0.026592 0.146019 0.740396 0.035681
3 3 0.051365 0.027339 0.150077 0.736269 0.034950
3 3 0.052843 0.026681 0.141746 0.741636 0.037093
3 3 0.048062 0.021976 0.125187 0.771824 0.032951
3 3 0.057884 0.023980 0.114547 0.756191 0.047398
3 3 0.053562 0.018375 0.090384 0.794020 0.043660
3 3 0.048250 0.014169 0.073729 0.824910 0.038941
3 3 0.040011 0.011107 0.066323 0.854058 0.028500
3 3 0.033021 0.010334 0.076211 0.858038 0.022395
3 3 0.027959 0.009759 0.086296 0.857818 0.018168
3 3 0.023858 0.006843 0.065968 0.887782 0.015549
3 3 0.024636 0.005077 0.042859 0.910469 0.016958
3 3 0.024969 0.004535 0.036262 0.916673 0.017562
3 3 0.037183 0.008817 0.053705 0.873511 0.026783
3 3 0.057516 0.018723 0.084427 0.792456 0.046878
3 3 0.107818 0.066998 0.176208 0.494379 0.154596
3 1 0.115857 0.088811 0.200990 0.351842 0.242501
4 1 0.170758 0.122946 0.160788 0.137107 0.408402
4 1 0.124162 0.096052 0.189643 0.235114 0.355029
3 1 0.112730 0.087641 0.201993 0.350126 0.247510
3 2 0.076915 0.065740 0.262923 0.477126 0.117296
2 2 0.075679 0.105602 0.392231 0.301093 0.125395
2 2 0.045916 0.134492 0.600930 0.112212 0.106450
2 2 0.031724 0.156044 0.663349 0.042789 0.106094
2 2 0.029300 0.149666 0.579331 0.022864 0.218839
4 2 0.043042 0.136876 0.302119 0.015362 0.502601
4 4 0.037092 0.123893 0.279200 0.011693 0.548121
4 4 0.037209 0.102903 0.179109 0.007127 0.673652
4 4 0.033413 0.085176 0.130338 0.005046 0.746027
4 4 0.032439 0.067218 0.079026 0.003525 0.817792
4 4 0.026170 0.077406 0.135820 0.004164 0.756440
4 4 0.027656 0.068206 0.096235 0.003247 0.804656
4 4 0.037945 0.090023 0.128614 0.004796 0.738622
4 4 0.043027 0.108392 0.171883 0.006506 0.670192
4 4 0.045199 0.131654 0.257212 0.009723 0.556213
4 4 0.055812 0.130841 0.201026 0.008782 0.603539
4 4 0.049220 0.140287 0.272585 0.010772 0.527136
4 4 0.035005 0.127396 0.315816 0.009402 0.512382
4 4 0.031825 0.114846 0.272907 0.007328 0.573094
4 4 0.028648 0.115042 0.308820 0.007991 0.539499
4 4 0.032132 0.116006 0.277676 0.008441 0.565745
4 4 0.030418 0.125488 0.358603 0.010527 0.474963
4 4 0.031584 0.129668 0.372383 0.010795 0.455571
2 4 0.033499 0.139391 0.419506 0.013090 0.394514
2 4 0.031987 0.143968 0.486168 0.014536 0.323341
2 4 0.025223 0.137331 0.591359 0.016522 0.229565
2 4 0.015132 0.118781 0.730882 0.011719 0.123485
2 4 0.011601 0.108371 0.778132 0.009861 0.092036
2 4 0.007764 0.092533 0.848866 0.008711 0.042127
2 4 0.010249 0.099086 0.833065 0.014070 0.043529
2 4 0.012255 0.100405 0.821487 0.019643 0.046210
2 2 0.014036 0.093901 0.819568 0.030917 0.041579
2 2 0.007473 0.073561 0.881069 0.019511 0.018386
2 2 0.005785 0.075252 0.892226 0.012940 0.013796
2 2 0.009212 0.101182 0.849826 0.015975 0.023805
2 2 0.017508 0.131706 0.775666 0.024655 0.050464
2 2 0.063209 0.178381 0.387249 0.035713 0.335449
4 2 0.057545 0.162870 0.337607 0.025200 0.416779
4 2 0.091772 0.126548 0.111531 0.013036 0.657114
4 2 0.119479 0.145104 0.115463 0.014863 0.605092
4 2 0.214225 0.124803 0.044677 0.007725 0.608570
4 2 0.241669 0.117750 0.034500 0.005378 0.600703
4 2 0.234925 0.122237 0.040106 0.006926 0.595806
4 2 0.184097 0.101817 0.032768 0.004386 0.676931
4 2 0.106207 0.086295 0.040179 0.005031 0.762288
4 2 0.111599 0.122908 0.085989 0.016803 0.662702
2 2 0.044736 0.158725 0.419611 0.032351 0.344577
2 2 0.020105 0.139342 0.730154 0.023281 0.087118
2 2 0.006862 0.080677 0.878138 0.013141 0.021182
2 2 0.007880 0.087637 0.862657 0.013199 0.028626
2 2 0.022435 0.141427 0.651215 0.019822 0.165100
2 2 0.026226 0.146767 0.592561 0.021746 0.212700
4 2 0.081567 0.160319 0.220115 0.023120 0.514880
4 2 0.075132 0.173961 0.294630 0.042805 0.413473
2 2 0.085325 0.202472 0.370163 0.063272 0.278768
2 2 0.017028 0.107020 0.798397 0.042069 0.035485
2 2 0.010605 0.078946 0.855507 0.037562 0.017380
2 2 0.004596 0.045713 0.915270 0.029128 0.005293
2 2 0.004997 0.037926 0.901833 0.050629 0.004616
2 2 0.007055 0.043453 0.876019 0.066829 0.006644
2 2 0.005820 0.045315 0.900878 0.041182 0.006805
2 2 0.006231 0.054607 0.899963 0.028636 0.010564
2 2 0.005494 0.058883 0.905551 0.020893 0.009180
2 2 0.016280 0.094540 0.808021 0.056247 0.024912
2 2 0.031813 0.086835 0.646921 0.204484 0.029947
2 2 0.059989 0.089986 0.420128 0.377734 0.052163
2 2 0.041844 0.089846 0.554190 0.274643 0.039477
2 3 0.024841 0.085227 0.707098 0.159851 0.022983
2 3 0.012680 0.052060 0.783168 0.142536 0.009557
2 3 0.017050 0.051393 0.697067 0.222568 0.011922
2 3 0.024266 0.046200 0.531978 0.382018 0.015537
3 3 0.038921 0.038164 0.286639 0.612631 0.023646
3 3 0.041596 0.029145 0.203344 0.699491 0.026424
3 3 0.054780 0.031530 0.168118 0.703222 0.042350
3 3 0.044529 0.030045 0.200999 0.691022 0.033405
3 3 0.058202 0.039037 0.196136 0.665268 0.041357
3 3 0.031740 0.031069 0.284763 0.633818 0.018610
3 3 0.033098 0.023276 0.202153 0.721263 0.020210
3 3 0.026697 0.015961 0.165785 0.775529 0.016028
3 3 0.028341 0.012859 0.119866 0.821132 0.017802
3 3 0.026966 0.008099 0.070928 0.876205 0.017802
3 3 0.025368 0.004801 0.038379 0.913678 0.017774
3 3 0.024825 0.004491 0.036056 0.917173 0.017455
3 3 0.028440 0.005627 0.041229 0.904547 0.020156
3 3 0.035164 0.008026 0.050829 0.880738 0.025242
3 3 0.039656 0.010848 0.065031 0.856199 0.028266
3 3 0.036838 0.008680 0.053214 0.874748 0.026519
3 3 0.027789 0.005415 0.040299 0.906828 0.019668
3 3 0.018878 0.002862 0.027517 0.937678 0.013065
3 3 0.013419 0.001640 0.019647 0.956185 0.009109
3 3 0.013735 0.001703 0.020103 0.955123 0.009336
3 3 0.016227 0.002234 0.023700 0.946704 0.011134
3 3 0.018706 0.002819 0.027269 0.938267 0.012939
3 3 0.021296 0.003488 0.030993 0.929382 0.014841
3 3 0.045733 0.012541 0.065858 0.842495 0.033372
3 3 0.037293 0.008861 0.053862 0.873117 0.026867
3 3 0.043646 0.011576 0.062895 0.850128 0.031754
3 3 0.036548 0.008565 0.052800 0.875790 0.026298
3 3 0.013556 0.001667 0.019845 0.955725 0.009208
3 3 0.010982 0.001184 0.016120 0.964341 0.007372
3 3 0.010862 0.001163 0.015946 0.964742 0.007287
3 3 0.011783 0.001327 0.017280 0.961670 0.007941
3 3 0.012312 0.001426 0.018046 0.959899 0.008318
3 3 0.012987 0.001555 0.019022 0.957637 0.008800
3 3 0.012086 0.001383 0.017719 0.960655 0.008157
3 3 0.013753 0.001706 0.020129 0.955063 0.009349
3 3 0.013128 0.001582 0.019225 0.957164 0.008901
3 3 0.015362 0.002043 0.022453 0.949633 0.010508
3 3 0.015633 0.002102 0.022843 0.948717 0.010704
3 3 0.016971 0.002404 0.024771 0.944180 0.011674
3 3 0.017014 0.002414 0.024834 0.944033 0.011705
3 3 0.016694 0.002340 0.024373 0.945120 0.011473
3 3 0.014994 0.001964 0.021921 0.950878 0.010242
3 3 0.013668 0.001689 0.020006 0.955348 0.009288
3 3 0.014144 0.001786 0.020694 0.953746 0.009630
3 3 0.009957 0.001011 0.014634 0.967749 0.006649
3 3 0.009245 0.000896 0.013599 0.970112 0.006147
3 3 0.008928 0.000847 0.013140 0.971159 0.005926
3 3 0.011847 0.001339 0.017372 0.961456 0.007986
3 3 0.013784 0.001713 0.020175 0.954956 0.009372
3 3 0.013028 0.001563 0.019081 0.957499 0.008829
3 3 0.009873 0.000997 0.014511 0.968031 0.006589
3 3 0.011097 0.001204 0.016286 0.963959 0.007454
3 3 0.012886 0.001535 0.018877 0.957973 0.008728
3 3 0.018303 0.002720 0.026690 0.939642 0.012644
3 3 0.017386 0.002501 0.025370 0.942766 0.011976
3 3 0.019498 0.003018 0.028410 0.935556 0.013519
3 3 0.016243 0.002238 0.023723 0.946651 0.011146
3 3 0.014401 0.001839 0.021066 0.952879 0.009815
3 3 0.008893 0.000842 0.013088 0.971277 0.005901
3 3 0.010678 0.001132 0.015680 0.965352 0.007158
3 3 0.010215 0.001053 0.015008 0.966893 0.006830
3 3 0.012890 0.001536 0.018882 0.957961 0.008731
3 3 0.012050 0.001377 0.017666 0.960776 0.008131
3 3 0.012223 0.001409 0.017917 0.960196 0.008255
3 3 0.010855 0.001162 0.015935 0.964766 0.007282
3 3 0.011348 0.001249 0.016650 0.963121 0.007632
3 3 0.012269 0.001418 0.017984 0.960042 0.008288
3 3 0.018144 0.002682 0.026461 0.940184 0.012528
3 3 0.018635 0.002802 0.027167 0.938510 0.012887
3 3 0.016116 0.002209 0.023540 0.947081 0.011054
3 3 0.009873 0.000997 0.014511 0.968030 0.006589
3 3 0.012667 0.001493 0.018559 0.958711 0.008571
3 3 0.012102 0.001386 0.017742 0.960602 0.008168
3 3 0.016567 0.002311 0.024190 0.945552 0.011380
3 3 0.019400 0.002993 0.028269 0.935891 0.013447
3 3 0.022279 0.003757 0.032404 0.925993 0.015566
3 3 0.016878 0.002383 0.024638 0.944495 0.011607
3 3 0.015328 0.002036 0.022403 0.949749 0.010483
3 3 0.011725 0.001317 0.017197 0.961861 0.007900
3 3 0.012029 0.001373 0.017636 0.960847 0.008116
3 3 0.011491 0.001275 0.016857 0.962645 0.007733
3 3 0.010526 0.001106 0.015459 0.965860 0.007050
3 3 0.030756 0.006260 0.043755 0.897441 0.021787
3 3 0.148445 0.050096 0.120778 0.580180 0.100501
0 3 0.513101 0.085508 0.060391 0.104496 0.236503
0 3 0.568404 0.097221 0.043929 0.045428 0.245018
0 3 0.572326 0.122277 0.037617 0.022569 0.245210
0 3 0.448507 0.130496 0.084811 0.100773 0.235413
3 3 0.149349 0.054978 0.148415 0.554164 0.093094
3 3 0.142819 0.044589 0.114807 0.602836 0.094950
3 3 0.127551 0.041125 0.112067 0.632169 0.087088
3 3 0.234608 0.063949 0.115032 0.443174 0.143236
0 3 0.342918 0.080140 0.101560 0.285462 0.189921
0 2 0.553021 0.098199 0.048888 0.055312 0.244580
0 2 0.587432 0.103414 0.036379 0.027990 0.244786
0 2 0.630263 0.089013 0.024984 0.016680 0.239060
0 2 0.695992 0.054313 0.014153 0.011743 0.223799
0 2 0.768514 0.026884 0.005590 0.005407 0.193605
0 2 0.750761 0.031351 0.007504 0.007770 0.202614
0 1 0.765633 0.030487 0.005421 0.004118 0.194341
0 1 0.727679 0.043242 0.009507 0.007483 0.212088
0 1 0.756072 0.036256 0.005858 0.003637 0.198177
0 1 0.745200 0.039159 0.007089 0.004774 0.203777
0 1 0.786815 0.021577 0.004104 0.004063 0.183441
0 1 0.766705 0.023974 0.006255 0.008263 0.194803
0 1 0.741967 0.035987 0.008195 0.007437 0.206414
0 1 0.601128 0.115985 0.028110 0.013587 0.241190
0 1 0.314212 0.299877 0.202378 0.033440 0.150094
2 1 0.026329 0.161879 0.759134 0.024786 0.027872
2 1 0.035017 0.160024 0.524982 0.017058 0.262919
4 1 0.029832 0.106347 0.248324 0.010842 0.604656
4 1 0.026446 0.050892 0.053115 0.003057 0.866490
4 1 0.025485 0.045542 0.043541 0.003504 0.881927
4 4 0.032951 0.046916 0.035420 0.003105 0.881608
4 4 0.028278 0.035868 0.022760 0.001516 0.911578
4 4 0.027674 0.032397 0.018514 0.001099 0.920316
4 4 0.027081 0.030803 0.016913 0.000952 0.924251
4 4 0.020241 0.024803 0.014209 0.000689 0.940058
4 4 0.029237 0.036367 0.022650 0.001515 0.910230
4 4 0.022979 0.031643 0.021457 0.001330 0.922591
4 4 0.016872 0.027664 0.022126 0.001314 0.932023
4 4 0.012175 0.021643 0.018103 0.000909 0.947169
4 4 0.016026 0.026024 0.020365 0.001120 0.936465
4 4 0.026626 0.044712 0.039471 0.002241 0.886951
4 4 0.042561 0.080058 0.088410 0.005639 0.783332
4 4 0.034105 0.100108 0.185816 0.008513 0.671458
4 4 0.031888 0.098368 0.192125 0.008729 0.668890
4 4 0.029397 0.072382 0.103829 0.004518 0.789874
4 4 0.024548 0.058707 0.078351 0.002998 0.835396
4 4 0.026439 0.056186 0.065589 0.002579 0.849206
4 4 0.026762 0.053746 0.058787 0.002575 0.858130
4 4 0.026593 0.041769 0.034044 0.002116 0.895477
4 4 0.037014 0.049086 0.034572 0.002958 0.876370
4 4 0.034271 0.045133 0.031083 0.002527 0.886986
4 4 0.055915 0.068562 0.046951 0.004040 0.824531
4 4 0.037996 0.071835 0.077370 0.003406 0.809393
4 4 0.031200 0.070689 0.091990 0.003616 0.802505
4 4 0.026689 0.043343 0.036651 0.001927 0.891390
4 4 0.026315 0.032502 0.019692 0.001196 0.920295
4 4 0.026343 0.033182 0.020609 0.001283 0.918582
4 4 0.027484 0.034759 0.021863 0.001417 0.914477
4 4 0.028705 0.041018 0.030298 0.002288 0.897691
4 4 0.029512 0.059196 0.065911 0.003194 0.842187
4 4 0.034671 0.098546 0.175564 0.007543 0.683676
4 4 0.049153 0.117886 0.181644 0.008518 0.642799
4 4 0.070830 0.158985 0.246525 0.012771 0.510889
4 4 0.028731 0.119398 0.339530 0.010676 0.501664
4 4 0.035038 0.118078 0.262696 0.008133 0.576056
4 1 0.037761 0.136516 0.344142 0.011040 0.470541
4 1 0.040436 0.146604 0.381590 0.013290 0.418080
2 1 0.035572 0.151531 0.489675 0.015080 0.308142
2 2 0.032257 0.145640 0.496083 0.014115 0.311905
2 2 0.028214 0.140803 0.537971 0.013780 0.279232
2 2 0.021875 0.129989 0.606927 0.013698 0.227510
2 2 0.022968 0.132363 0.599117 0.014251 0.231301
2 2 0.022048 0.130792 0.611401 0.014000 0.221758
2 2 0.022390 0.130274 0.589781 0.013820 0.243736
2 2 0.022746 0.130075 0.573167 0.013819 0.260193
2 2 0.024044 0.132729 0.565271 0.014829 0.263127
2 2 0.020969 0.130004 0.624565 0.013875 0.210588
2 2 0.023512 0.133178 0.584703 0.014938 0.243668
2 2 0.021100 0.131742 0.634581 0.014666 0.197910
2 2 0.021111 0.132529 0.641690 0.015076 0.189593
2 2 0.014981 0.118263 0.714709 0.011153 0.140894
2 2 0.016439 0.121201 0.684561 0.011525 0.166274
2 2 0.015681 0.119031 0.701361 0.011051 0.152876
2 2 0.021075 0.129635 0.625341 0.013680 0.210269
4 2 0.054397 0.111907 0.144163 0.006933 0.682600
4 2 0.066672 0.090890 0.073205 0.005975 0.763258
4 2 0.097924 0.053013 0.014498 0.001000 0.833565
4 1 0.166384 0.074595 0.017936 0.001633 0.739453
4 1 0.150585 0.080588 0.023740 0.002448 0.742639
4 1 0.174675 0.110253 0.041555 0.006290 0.667227
4 1 0.125195 0.097373 0.044446 0.006219 0.726767
4 1 0.172734 0.115992 0.047254 0.007710 0.656310
4 1 0.129822 0.100739 0.046228 0.006704 0.716507
4 1 0.077825 0.112731 0.101249 0.008730 0.699466
4 1 0.040485 0.109480 0.190758 0.011122 0.648154
4 1 0.041441 0.134408 0.303655 0.018181 0.502315
4 1 0.031541 0.128667 0.372688 0.017957 0.449147
2 1 0.025341 0.142857 0.604357 0.019504 0.207942
2 1 0.014305 0.114230 0.769650 0.016051 0.085764
2 1 0.009077 0.099324 0.836740 0.010980 0.043879
2 2 0.006435 0.082905 0.876656 0.009610 0.024395
2 2 0.005625 0.077023 0.890169 0.009444 0.017740
2 2 0.005930 0.079749 0.886503 0.009970 0.017848
2 2 0.006637 0.086871 0.872532 0.009619 0.024341
2 2 0.007959 0.094009 0.847543 0.009295 0.041195
2 2 0.009704 0.101950 0.819853 0.010035 0.058459
2 2 0.010643 0.105794 0.809567 0.010846 0.063150
2 2 0.009328 0.100156 0.832929 0.010530 0.047057
2 2 0.010253 0.104452 0.821072 0.011360 0.052864
2 2 0.008178 0.094689 0.846910 0.009521 0.040702
2 2 0.009847 0.102924 0.832249 0.012049 0.042932
2 2 0.007748 0.090807 0.862903 0.011810 0.026731
2 2 0.006645 0.077390 0.882712 0.013445 0.019808
2 2 0.009971 0.088984 0.845531 0.018256 0.037257
2 2 0.012100 0.104872 0.810095 0.016191 0.056742
2 2 0.012695 0.111359 0.790084 0.013744 0.072117
2 2 0.012036 0.111939 0.797826 0.012807 0.065393
2 2 0.007305 0.083643 0.872270 0.012263 0.024519
2 2 0.008006 0.076130 0.877126 0.020293 0.018446
2 2 0.019350 0.124050 0.775113 0.036657 0.044830
2 2 0.056988 0.162895 0.559153 0.118903 0.102062
4 2 0.212121 0.145876 0.178861 0.194264 0.268878
3 2 0.138169 0.114013 0.248710 0.345629 0.153478
3 2 0.095953 0.116852 0.320557 0.349521 0.117118
2 2 0.028620 0.108193 0.714308 0.112868 0.036011
2 2 0.008731 0.063342 0.873642 0.042714 0.011572
2 2 0.007990 0.067835 0.880881 0.030742 0.012551
2 2 0.007392 0.059416 0.886827 0.036516 0.009850
2 2 0.013878 0.061372 0.808117 0.101600 0.015034
2 2 0.022748 0.054862 0.645141 0.258145 0.019104
2 2 0.025413 0.048502 0.549582 0.357061 0.019443
2 2 0.027170 0.057370 0.576828 0.317286 0.021346
2 2 0.029564 0.076978 0.637899 0.226064 0.029495
2 2 0.031559 0.101234 0.680327 0.143976 0.042905
2 2 0.020593 0.093340 0.769782 0.083662 0.032623
2 2 0.015900 0.087931 0.809953 0.055995 0.030221
2 2 0.013298 0.078413 0.831525 0.055312 0.021452
2 2 0.018245 0.084130 0.789023 0.078056 0.030546
2 2 0.020210 0.080501 0.764719 0.104831 0.029739
2 2 0.020054 0.070319 0.746008 0.139296 0.024323
2 2 0.014355 0.054496 0.769781 0.149213 0.012155
2 2 0.010585 0.053993 0.825842 0.100838 0.008742
2 2 0.012700 0.058198 0.801509 0.116270 0.011323
2 2 0.011883 0.066520 0.832371 0.076737 0.012489
2 2 0.012841 0.069170 0.824513 0.080518 0.012957
2 2 0.015643 0.070676 0.789920 0.109681 0.014080
2 2 0.015092 0.060569 0.771994 0.140550 0.011794
2 2 0.015966 0.051184 0.715032 0.206615 0.011203
2 2 0.015227 0.057521 0.758227 0.157577 0.011448
2 2 0.014359 0.064703 0.786427 0.123674 0.010836
2 2 0.025078 0.068515 0.651200 0.236407 0.018801
2 2 0.025611 0.069369 0.655168 0.228909 0.020943
2 2 0.029672 0.067082 0.609116 0.266703 0.027427
2 2 0.020136 0.055357 0.686688 0.220611 0.017209
2 2 0.029128 0.051898 0.528567 0.366801 0.023607
3 2 0.040536 0.052531 0.388722 0.489148 0.029062
3 2 0.047906 0.049577 0.308457 0.558692 0.035369
3 3 0.045604 0.045174 0.297006 0.578573 0.033643
3 3 0.047267 0.038780 0.246794 0.632051 0.035109
3 3 0.045906 0.033357 0.211967 0.679215 0.029554
3 3 0.044371 0.017873 0.106903 0.800338 0.030515
3 3 0.046556 0.013681 0.072070 0.833958 0.033735
3 3 0.042888 0.011235 0.061819 0.852888 0.031169
3 3 0.072864 0.024022 0.092360 0.757727 0.053028
3 3 0.095020 0.050157 0.153875 0.573553 0.127395
3 3 0.107496 0.073696 0.193976 0.465996 0.158836
3 3 0.073052 0.070281 0.289109 0.485985 0.081572
3 3 0.060966 0.071474 0.343145 0.469831 0.054584
2 3 0.026181 0.080684 0.680879 0.188897 0.023359
2 3 0.013990 0.069440 0.810021 0.091463 0.015085
2 3 0.009114 0.054598 0.858550 0.067907 0.009831
2 3 0.011273 0.045993 0.795595 0.138048 0.009091
2 3 0.017348 0.043757 0.654165 0.272467 0.012263
2 3 0.023232 0.040434 0.514674 0.406141 0.015519
2 3 0.021725 0.035327 0.480919 0.448318 0.013712
2 3 0.027778 0.044875 0.472680 0.436819 0.017849
3 3 0.031431 0.032257 0.302140 0.615486 0.018686
3 3 0.027018 0.018195 0.190146 0.748618 0.016024
3 3 0.026514 0.012036 0.119232 0.825745 0.016473
3 3 0.025332 0.010337 0.104061 0.844420 0.015850
3 3 0.041020 0.034346 0.246860 0.651335 0.026439
3 3 0.037473 0.024847 0.190607 0.723548 0.023525
2 3 0.046242 0.069294 0.461224 0.380203 0.043036
2 3 0.033296 0.081560 0.635538 0.203894 0.045711
2 3 0.038890 0.055646 0.439781 0.432500 0.033183
3 3 0.042224 0.048269 0.331634 0.551954 0.025920
3 3 0.034552 0.030108 0.254307 0.660251 0.020782
3 3 0.029193 0.021576 0.211915 0.719960 0.017356
3 3 0.031272 0.019889 0.180056 0.749651 0.019132
3 3 0.038122 0.023450 0.176083 0.737600 0.024744
3 3 0.047434 0.033925 0.209936 0.676738 0.031966
3 3 0.040588 0.028341 0.205301 0.698081 0.027689
3 3 0.038254 0.036977 0.285555 0.614556 0.024658
2 3 0.021089 0.049470 0.624171 0.289069 0.016201
2 3 0.019915 0.054743 0.680042 0.227739 0.017562
2 3 0.025377 0.041664 0.490101 0.425055 0.017804
3 3 0.037130 0.029094 0.236855 0.668979 0.027943
3 3 0.036456 0.024589 0.195854 0.719231 0.023869
3 3 0.040537 0.026064 0.184787 0.722726 0.025885
3 3 0.051594 0.037979 0.215057 0.661503 0.033868
3 3 0.058549 0.037017 0.183621 0.679314 0.041499
3 3 0.058565 0.055536 0.278886 0.565448 0.041565
2 3 0.058082 0.084318 0.417365 0.392023 0.048212
2 3 0.038792 0.118793 0.646459 0.149850 0.046106
2 3 0.047505 0.130482 0.599351 0.160767 0.061895
2 3 0.048876 0.083723 0.476110 0.350603 0.040687
3 3 0.052212 0.063621 0.347054 0.503053 0.034060
3 3 0.039711 0.052672 0.374317 0.509612 0.023688
2 3 0.047907 0.076439 0.439232 0.403434 0.032988
2 3 0.025687 0.094905 0.718249 0.135589 0.025569
2 3 0.037708 0.119491 0.656295 0.133764 0.052743
2 3 0.041844 0.109711 0.612653 0.181105 0.054687
3 3 0.077713 0.089374 0.328363 0.420026 0.084523
3 3 0.100203 0.086555 0.244283 0.416163 0.152796
4 3 0.110678 0.116343 0.228580 0.228461 0.315939
4 3 0.131651 0.145136 0.154590 0.067786 0.500838
4 3 0.082953 0.143848 0.178510 0.049153 0.545536
4 3 0.087888 0.188650 0.300846 0.073616 0.349000
2 3 0.024669 0.087795 0.725321 0.130436 0.031779
2 3 0.032193 0.072804 0.593483 0.273763 0.027757
2 3 0.030942 0.070938 0.603586 0.268302 0.026231
2 3 0.032794 0.091314 0.654648 0.181513 0.039730
2 2 0.031525 0.109127 0.692850 0.111690 0.054809
2 2 0.023016 0.125117 0.742334 0.044933 0.064601
2 2 0.025551 0.150107 0.704084 0.034169 0.086089
2 2 0.032317 0.154814 0.681325 0.054277 0.077267
2 2 0.059827 0.171624 0.550631 0.122589 0.095328
2 2 0.067659 0.117898 0.442312 0.317719 0.054412
2 2 0.027295 0.073943 0.627777 0.253042 0.017942
2 2 0.020368 0.062225 0.677042 0.227020 0.013345
2 2 0.014219 0.055851 0.766664 0.152761 0.010505
2 2 0.052537 0.086540 0.467972 0.343029 0.049921
2 2 0.056405 0.092790 0.473367 0.301035 0.076402
2 2 0.063353 0.091266 0.431169 0.294548 0.119665
2 2 0.060049 0.108675 0.487589 0.211097 0.132591
2 2 0.050292 0.104898 0.551799 0.201591 0.091420
2 2 0.031127 0.105119 0.696691 0.111148 0.055915
2 2 0.014844 0.088048 0.820267 0.053451 0.023390
2 2 0.013420 0.105202 0.823482 0.030669 0.027228
2 2 0.010377 0.107233 0.836743 0.017376 0.028272
2 2 0.018603 0.135732 0.758131 0.024658 0.062876
2 2 0.028418 0.157988 0.689526 0.027742 0.096327
2 2 0.039484 0.175320 0.610785 0.029640 0.144772
2 2 0.030932 0.163550 0.665680 0.028764 0.111074
2 2 0.016845 0.130872 0.789301 0.031712 0.031271
2 2 0.014281 0.079738 0.814623 0.075959 0.015398
2 2 0.013111 0.073591 0.825276 0.073845 0.014178
2 2 0.010135 0.088750 0.854995 0.029003 0.017117
2 2 0.011098 0.108364 0.835247 0.017988 0.027304
2 2 0.017039 0.129947 0.792230 0.018737 0.042047
2 2 0.006237 0.083365 0.883778 0.010513 0.016108
2 2 0.003251 0.062588 0.920018 0.007073 0.007070
2 2 0.003372 0.060080 0.921158 0.009540 0.005850
2 2 0.008480 0.077326 0.871698 0.030209 0.012287
2 2 0.009158 0.079745 0.864792 0.030403 0.015903
2 2 0.006149 0.073353 0.892127 0.018354 0.010017
2 2 0.008579 0.096642 0.862294 0.017393 0.015092
2 2 0.053237 0.204154 0.648946 0.034674 0.058989
2 2 0.199324 0.263693 0.293962 0.044883 0.198139
2 2 0.158940 0.246791 0.311537 0.036896 0.245835
2 2 0.062504 0.182365 0.407118 0.022284 0.325729
2 2 0.035019 0.154001 0.514530 0.025185 0.271266
2 2 0.029408 0.150451 0.674272 0.038701 0.107168
2 2 0.013807 0.087952 0.826430 0.045045 0.026766
2 2 0.016226 0.111277 0.794989 0.032448 0.045061
2 2 0.016783 0.128058 0.732008 0.016144 0.107007
2 2 0.022831 0.138248 0.641342 0.017648 0.179931
2 2 0.025866 0.135071 0.539594 0.015962 0.283507
2 2 0.025670 0.132224 0.511393 0.015266 0.315448
2 2 0.027965 0.130577 0.442620 0.014468 0.384371
4 2 0.030438 0.130711 0.400081 0.013728 0.425042
4 4 0.036253 0.102204 0.181265 0.006996 0.673281
4 4 0.034058 0.072438 0.089125 0.004570 0.799809
4 4 0.027267 0.048351 0.045863 0.002686 0.875833
4 4 0.023022 0.045026 0.046591 0.002172 0.883188
4 4 0.023930 0.042579 0.039541 0.001985 0.891965
4 4 0.032128 0.052974 0.047283 0.003002 0.864613
4 4 0.028810 0.052718 0.052340 0.002846 0.863287
4 4 0.025963 0.038673 0.029425 0.001833 0.904105
4 4 0.022769 0.030395 0.019790 0.001172 0.925875
4 4 0.027662 0.035467 0.022722 0.001506 0.912643
4 4 0.037653 0.043632 0.026019 0.001977 0.890719
4 4 0.042277 0.065062 0.055663 0.003221 0.833776
4 4 0.037510 0.050528 0.036032 0.002263 0.873666
4 4 0.025036 0.045868 0.044395 0.002092 0.882609
4 4 0.018572 0.024670 0.015406 0.000768 0.940584
4 4 0.021480 0.025264 0.013892 0.000673 0.938691
4 4 0.024993 0.028137 0.015039 0.000783 0.931049
4 4 0.021609 0.028550 0.018182 0.001018 0.930641
4 4 0.019711 0.027860 0.019002 0.001071 0.932356
4 4 0.013856 0.017749 0.010073 0.000380 0.957942
4 4 0.014481 0.017765 0.009625 0.000357 0.957772
4 4 0.013330 0.015874 0.008171 0.000274 0.962350
4 4 0.020185 0.024540 0.013914 0.000667 0.940694
4 4 0.026473 0.034724 0.022715 0.001492 0.914596
4 4 0.032311 0.039461 0.024453 0.001740 0.902035
4 4 0.023148 0.030875 0.020140 0.001208 0.924629
4 4 0.017936 0.025277 0.016897 0.000879 0.939011
4 4 0.021841 0.024806 0.013094 0.000617 0.939642
4 4 0.037174 0.042476 0.024827 0.001834 0.893690
4 4 0.048076 0.090293 0.101949 0.006819 0.752863
4 4 0.064655 0.143303 0.215814 0.016812 0.559416
4 4 0.097688 0.117879 0.089142 0.012375 0.682916
4 4 0.019747 0.027291 0.018103 0.000995 0.933864
4 4 0.021168 0.028498 0.018515 0.001043 0.930775
4 4 0.028746 0.041992 0.031566 0.001702 0.895994
4 4 0.038154 0.068109 0.068420 0.003161 0.822156
4 4 0.044119 0.106801 0.161403 0.005887 0.681790
4 4 0.041749 0.134539 0.294815 0.009089 0.519809
4 4 0.042857 0.138769 0.308727 0.009602 0.500044
4 4 0.051877 0.131336 0.218693 0.007906 0.590188
4 4 0.070878 0.121674 0.131603 0.007262 0.668583
4 4 0.064478 0.101226 0.095626 0.005102 0.733568
4 4 0.053544 0.093563 0.097548 0.004922 0.750423
4 4 0.045252 0.106232 0.156054 0.007011 0.685451
4 4 0.037434 0.138285 0.359837 0.012097 0.452346
2 4 0.030138 0.139117 0.476016 0.013516 0.341214
2 4 0.023983 0.132681 0.564144 0.013536 0.265657
2 4 0.025004 0.129476 0.492701 0.011211 0.341608
4 4 0.041184 0.110785 0.188369 0.005602 0.654060
4 4 0.053201 0.108847 0.138109 0.005955 0.693888
4 4 0.133820 0.109084 0.053483 0.007314 0.696300
4 4 0.307860 0.127288 0.032311 0.005539 0.527002
4 4 0.385972 0.110569 0.018727 0.002677 0.482056
4 4 0.272585 0.113434 0.028005 0.004089 0.581886
4 4 0.185883 0.123547 0.050610 0.008891 0.631069
4 4 0.062066 0.139715 0.209013 0.009716 0.579490
2 4 0.026258 0.139860 0.577217 0.015405 0.241261
2 4 0.033318 0.146076 0.481854 0.015684 0.323068
2 4 0.030765 0.143213 0.496586 0.016756 0.312680
4 4 0.037135 0.138267 0.364923 0.013956 0.445720
4 4 0.033100 0.130020 0.357570 0.013149 0.466161
4 4 0.033692 0.130661 0.355398 0.014024 0.466225
2 4 0.028332 0.131188 0.442352 0.015678 0.382450
2 4 0.023802 0.131434 0.547941 0.014555 0.282267
2 4 0.015773 0.121408 0.708206 0.012165 0.142449
2 4 0.015126 0.120864 0.736327 0.012889 0.114794
2 4 0.013462 0.115338 0.750696 0.011293 0.109212
2 4 0.017338 0.122527 0.637813 0.011585 0.210737
4 4 0.026421 0.118436 0.365515 0.009905 0.479724
4 4 0.038561 0.094408 0.141346 0.005839 0.719845
4 4 0.065109 0.071832 0.044136 0.003346 0.815578
4 4 0.098787 0.075193 0.031684 0.003274 0.791063
4 4 0.134852 0.110453 0.053947 0.005051 0.695697
4 4 0.133444 0.186104 0.180680 0.013887 0.485885
4 4 0.142437 0.221219 0.248264 0.019647 0.368432
4 4 0.168720 0.235502 0.241440 0.026021 0.328317
2 1 0.083805 0.214450 0.406235 0.024733 0.270777
2 1 0.019451 0.135678 0.724232 0.017264 0.103375
2 1 0.024972 0.141595 0.597210 0.018890 0.217333
2 1 0.016370 0.127514 0.754275 0.017491 0.084350
2 1 0.022902 0.144061 0.688918 0.022827 0.121292
2 1 0.016434 0.128041 0.763072 0.018806 0.073646
2 1 0.017464 0.130724 0.756071 0.019784 0.075956
2 2 0.014362 0.120792 0.795081 0.018453 0.051311
2 2 0.012324 0.113177 0.816207 0.016471 0.041821
2 2 0.011529 0.107525 0.822911 0.016096 0.041938
2 2 0.009500 0.100943 0.840814 0.012991 0.035752
2 2 0.006034 0.081983 0.883075 0.009845 0.019063
2 2 0.004772 0.073690 0.899126 0.008578 0.013834
2 2 0.003316 0.063272 0.917699 0.006160 0.009554
2 2 0.004947 0.076382 0.894544 0.008223 0.015905
2 2 0.005442 0.074761 0.892510 0.009834 0.017454
2 2 0.007441 0.085830 0.863990 0.011467 0.031272
2 2 0.006096 0.074558 0.886092 0.011573 0.021681
2 2 0.006332 0.067181 0.893485 0.017626 0.015378
2 2 0.006374 0.066478 0.894339 0.019255 0.013553
2 2 0.008637 0.065617 0.875396 0.036283 0.014066
2 2 0.006935 0.056978 0.890054 0.037799 0.008234
2 2 0.007856 0.064587 0.880568 0.036867 0.010122
2 2 0.009371 0.071172 0.864962 0.042240 0.012254
2 2 0.018510 0.074179 0.769185 0.115804 0.022323
2 2 0.027253 0.071887 0.659146 0.214129 0.027585
2 2 0.031315 0.064572 0.586993 0.283728 0.033393
2 2 0.029764 0.052949 0.530601 0.361830 0.024856
2 2 0.026355 0.041181 0.482502 0.430422 0.019541
3 2 0.035576 0.028694 0.235038 0.679020 0.021672
3 2 0.028309 0.017436 0.172364 0.764792 0.017100
3 3 0.026513 0.011944 0.118123 0.826931 0.016489
3 3 0.028537 0.012596 0.115946 0.824910 0.018012
3 3 0.028215 0.011666 0.106849 0.835336 0.017934
3 3 0.029349 0.011684 0.102289 0.837805 0.018873
3 3 0.030881 0.012511 0.105006 0.831626 0.019976
3 3 0.038848 0.018806 0.132686 0.784164 0.025496
3 3 0.045264 0.025106 0.156864 0.742789 0.029977
3 3 0.048587 0.022515 0.127258 0.768325 0.033315
3 3 0.040210 0.016639 0.109893 0.806159 0.027098
3 3 0.040415 0.017104 0.113551 0.801126 0.027804
3 3 0.032275 0.010597 0.080875 0.854596 0.021657
3 3 0.037962 0.011419 0.073262 0.850862 0.026495
3 3 0.040827 0.010331 0.058890 0.860374 0.029579
3 3 0.035160 0.008024 0.050822 0.880756 0.025239
3 3 0.028702 0.005714 0.041604 0.903628 0.020353
3 3 0.021625 0.003577 0.031465 0.928250 0.015083
3 3 0.021230 0.003470 0.030897 0.929612 0.014791
3 3 0.020261 0.003214 0.029506 0.932939 0.014079
3 3 0.022746 0.003887 0.033073 0.924383 0.015911
3 3 0.023912 0.004222 0.034746 0.920345 0.016776
3 3 0.019150 0.002930 0.027908 0.936749 0.013264
3 3 0.021502 0.003544 0.031289 0.928672 0.014993
3 3 0.020839 0.003366 0.030337 0.930954 0.014504
3 3 0.021767 0.003616 0.031669 0.927762 0.015187
3 3 0.017306 0.002482 0.025254 0.943040 0.011918
3 3 0.017158 0.002448 0.025042 0.943542 0.011810
3 3 0.017288 0.002478 0.025229 0.943101 0.011905
3 3 0.016658 0.002332 0.024321 0.945242 0.011447
3 3 0.020135 0.003181 0.029325 0.933373 0.013986
3 3 0.019036 0.002901 0.027745 0.937137 0.013181
3 3 0.024517 0.004400 0.035614 0.918245 0.017225
3 3 0.022902 0.003932 0.033299 0.923840 0.016027
3 3 0.022090 0.003704 0.032132 0.926647 0.015426
3 3 0.022585 0.003842 0.032843 0.924938 0.015792
3 3 0.029339 0.005927 0.042515 0.901387 0.020832
3 3 0.055433 0.017503 0.079595 0.806507 0.040963
3 3 0.131624 0.091042 0.238343 0.453645 0.085347
2 3 0.082207 0.137656 0.460250 0.257619 0.062269
2 3 0.049455 0.130790 0.590546 0.175378 0.053831
2 3 0.058181 0.113459 0.513208 0.229305 0.085847
2 3 0.038920 0.090817 0.596612 0.234599 0.039051
2 3 0.025256 0.096374 0.729193 0.122927 0.026250
2 3 0.020478 0.109564 0.779048 0.059885 0.031025
2 3 0.037166 0.120719 0.663853 0.115059 0.063204
2 3 0.019180 0.117104 0.773430 0.036654 0.053632
2 3 0.012408 0.111654 0.800455 0.015211 0.060272
2 2 0.010331 0.087711 0.846021 0.021606 0.034331
2 2 0.009985 0.082392 0.854844 0.024907 0.027872
2 2 0.009633 0.084394 0.857381 0.023765 0.024826
2 2 0.012104 0.105570 0.826421 0.023083 0.032823
2 2 0.018882 0.127550 0.769453 0.033360 0.050755
2 2 0.024780 0.145234 0.716925 0.036324 0.076737
2 2 0.019949 0.127098 0.755452 0.031219 0.066282
2 2 0.015515 0.108693 0.799139 0.027623 0.049030
2 2 0.009046 0.076446 0.867749 0.023607 0.023153
2 2 0.009967 0.071523 0.862777 0.033328 0.022406
2 2 0.008761 0.070165 0.872919 0.028097 0.020059
2 2 0.008997 0.079547 0.865671 0.021232 0.024553
2 2 0.009819 0.093042 0.846915 0.016432 0.033792
2 2 0.009542 0.096251 0.844582 0.014331 0.035293
2 2 0.010614 0.093233 0.841782 0.020286 0.034086
2 2 0.018691 0.104524 0.782864 0.046426 0.047495
2 2 0.021111 0.095118 0.766492 0.072551 0.044729
2 2 0.027276 0.094932 0.716498 0.111579 0.049716
2 2 0.017385 0.078834 0.793100 0.083178 0.027503
2 2 0.020851 0.083732 0.762466 0.104317 0.028634
2 2 0.021116 0.085418 0.759238 0.107042 0.027186
2 2 0.017344 0.094447 0.798068 0.064983 0.025159
2 2 0.011986 0.088413 0.840770 0.037112 0.021719
2 2 0.008049 0.070953 0.878890 0.027781 0.014327
2 2 0.012533 0.080246 0.840343 0.040481 0.026397
2 2 0.008774 0.066966 0.874450 0.032828 0.016982
2 2 0.010260 0.071119 0.861042 0.040997 0.016582
2 2 0.016796 0.079092 0.801160 0.076406 0.026545
2 2 0.021353 0.073924 0.741436 0.136272 0.027015
2 2 0.016207 0.056040 0.749710 0.162236 0.015807
2 2 0.017846 0.051648 0.699142 0.215796 0.015569
2 2 0.031521 0.084354 0.648390 0.197388 0.038346
2 2 0.031198 0.095040 0.673296 0.161261 0.039206
2 2 0.045227 0.100583 0.570355 0.226179 0.057655
2 2 0.034544 0.078198 0.596387 0.256928 0.033943
2 2 0.038494 0.086219 0.577524 0.259685 0.038077
2 2 0.042299 0.094215 0.571892 0.245866 0.045729
3 2 0.069592 0.085493 0.354133 0.411053 0.079729
3 2 0.076154 0.085681 0.328306 0.395414 0.114445
3 2 0.084619 0.090926 0.309011 0.380026 0.135418
2 2 0.052208 0.095698 0.517928 0.242175 0.091991
2 2 0.033031 0.091369 0.663509 0.166632 0.045458
2 2 0.022063 0.078525 0.741044 0.134501 0.023867
2 2 0.020802 0.068894 0.723896 0.169462 0.016947
2 2 0.029574 0.062184 0.577052 0.309678 0.021512
2 2 0.032684 0.075082 0.598126 0.269499 0.024610
2 2 0.045101 0.081883 0.520779 0.306749 0.045488
2 2 0.052802 0.098331 0.523986 0.252901 0.071981
2 2 0.041284 0.140190 0.624945 0.077967 0.115613
2 2 0.036298 0.160486 0.541305 0.029577 0.232333
2 2 0.030993 0.140524 0.479369 0.019268 0.329847
4 2 0.032941 0.123238 0.313692 0.010569 0.519561
4 4 0.032730 0.097542 0.182271 0.007247 0.680210
4 4 0.030800 0.078817 0.120217 0.005932 0.764235
4 4 0.029576 0.075535 0.114304 0.006067 0.774519
4 4 0.041350 0.079492 0.089902 0.006054 0.783202
4 4 0.056320 0.076656 0.060103 0.005949 0.800972
4 4 0.086397 0.067587 0.028722 0.002798 0.814495
4 4 0.049358 0.047355 0.023393 0.001777 0.878117
4 4 0.060419 0.059563 0.031643 0.002978 0.845398
4 4 0.038700 0.050008 0.034403 0.003070 0.873818
4 4 0.061879 0.065081 0.037716 0.003943 0.831381
4 4 0.060475 0.064782 0.038257 0.004010 0.832477
4 4 0.080573 0.082974 0.049394 0.006463 0.780596
4 4 0.050436 0.052780 0.029216 0.002522 0.865046
4 4 0.085050 0.061099 0.023233 0.002002 0.828616
4 4 0.074050 0.054555 0.020847 0.001634 0.848915
4 4 0.067263 0.053061 0.021701 0.001699 0.856277
4 4 0.040161 0.039194 0.019047 0.001238 0.900360
4 4 0.026545 0.037907 0.027497 0.001741 0.906310
4 4 0.025660 0.031482 0.018829 0.001111 0.922919
4 4 0.021335 0.026917 0.016142 0.000846 0.934760
4 4 0.023627 0.028673 0.016672 0.000907 0.930120
4 4 0.025476 0.026056 0.012389 0.000584 0.935495
4 4 0.030931 0.029865 0.013668 0.000705 0.924830
4 4 0.032326 0.030649 0.013818 0.000723 0.922484
4 4 0.026839 0.040253 0.030965 0.001762 0.900181
4 4 0.025483 0.035391 0.024643 0.001537 0.912946
4 4 0.037050 0.055285 0.044560 0.002641 0.860465
4 4 0.043306 0.071426 0.066758 0.003611 0.814898
4 4 0.052487 0.112543 0.151810 0.007191 0.675969
4 4 0.043831 0.122576 0.224396 0.008303 0.600893
4 4 0.040864 0.142182 0.347078 0.010969 0.458907
4 4 0.044414 0.150078 0.360144 0.010935 0.434428
4 4 0.046367 0.152437 0.356260 0.011025 0.433910
4 4 0.039173 0.141213 0.356381 0.009397 0.453836
4 4 0.031508 0.124136 0.332548 0.008028 0.503780
4 4 0.030172 0.115010 0.289779 0.006792 0.558247
4 4 0.031704 0.118065 0.292608 0.007528 0.550094
4 4 0.033330 0.119989 0.287911 0.007881 0.550889
4 4 0.034973 0.125612 0.306764 0.010421 0.522229
4 4 0.030280 0.126967 0.371592 0.011053 0.460108
2 4 0.026518 0.127044 0.435939 0.011487 0.399012
2 4 0.031366 0.142891 0.485570 0.012705 0.327467
