4 0 0.132806 0.183621 0.086228 0.013708 0.583636
4 0 0.063071 0.174035 0.111231 0.023733 0.627930
4 0 0.048373 0.148681 0.087165 0.014411 0.701370
4 0 0.070567 0.166750 0.093060 0.021229 0.648394
4 0 0.235200 0.229231 0.173472 0.029286 0.332810
0 0 0.385725 0.226653 0.124157 0.011049 0.252416
0 0 0.485563 0.197086 0.086139 0.009257 0.221956
4 0 0.351528 0.149379 0.035953 0.009540 0.453600
0 0 0.408726 0.205742 0.089009 0.014869 0.281654
0 0 0.400843 0.208916 0.093004 0.016010 0.281227
0 0 0.394111 0.209565 0.093424 0.016703 0.286198
4 0 0.336677 0.194685 0.072971 0.019516 0.376150
4 0 0.371042 0.179773 0.058346 0.013366 0.377473
0 0 0.377972 0.203091 0.083498 0.017018 0.318422
4 0 0.235709 0.200290 0.085631 0.014488 0.463882
4 0 0.279663 0.225201 0.116303 0.026364 0.352469
4 0 0.156403 0.255639 0.243070 0.065805 0.279083
2 0 0.075905 0.239828 0.326456 0.087726 0.270086
2 0 0.053479 0.218682 0.400121 0.057287 0.270431
4 0 0.044750 0.223114 0.325173 0.039167 0.367795
4 0 0.044750 0.223114 0.325173 0.039167 0.367795
4 0 0.044750 0.223114 0.325173 0.039167 0.367795
4 0 0.044750 0.223114 0.325173 0.039167 0.367795
4 0 0.044750 0.223114 0.325173 0.039167 0.367795
4 0 0.044750 0.223114 0.325173 0.039167 0.367795
4 0 0.044750 0.223114 0.325173 0.039167 0.367795
4 0 0.044750 0.223114 0.325173 0.039167 0.367795
4 0 0.044750 0.223114 0.325173 0.039167 0.367795
4 0 0.044750 0.223114 0.325173 0.039167 0.367795
4 0 0.044750 0.223114 0.325173 0.039167 0.367795
4 0 0.044750 0.223114 0.325173 0.039167 0.367795
4 0 0.044750 0.223114 0.325173 0.039167 0.367795
4 0 0.044750 0.223114 0.325173 0.039167 0.367795
4 0 0.044750 0.223114 0.325173 0.039167 0.367795
4 0 0.044750 0.223114 0.325173 0.039167 0.367795
4 0 0.044750 0.223114 0.325173 0.039167 0.367795
4 0 0.044750 0.223114 0.325173 0.039167 0.367795
4 0 0.044750 0.223114 0.325173 0.039167 0.367795
4 0 0.044750 0.223114 0.325173 0.039167 0.367795
4 0 0.044750 0.223114 0.325173 0.039167 0.367795
4 0 0.044750 0.223114 0.325173 0.039167 0.367795
4 0 0.044751 0.223115 0.325174 0.039168 0.367793
4 0 0.043255 0.221589 0.324265 0.037237 0.373654
4 0 0.049695 0.227577 0.327483 0.045807 0.349439
4 0 0.069894 0.226268 0.235311 0.050918 0.417608
3 0 0.189233 0.108330 0.164442 0.324671 0.213323
3 0 0.060019 0.006903 0.022285 0.871298 0.039495
3 0 0.093230 0.009007 0.030825 0.825311 0.041627
3 0 0.265551 0.032998 0.073048 0.522796 0.105606
0 0 0.466460 0.189674 0.181866 0.029371 0.132629
0 0 0.428940 0.235345 0.179568 0.016429 0.139718
0 0 0.435582 0.228759 0.146196 0.015612 0.173851
0 0 0.426347 0.226128 0.132688 0.016232 0.198605
0 0 0.427831 0.221526 0.120883 0.015566 0.214194
0 0 0.428986 0.223067 0.125092 0.015650 0.207204
0 0 0.476387 0.205428 0.098760 0.010511 0.208914
0 0 0.507443 0.208650 0.118496 0.009144 0.156266
0 0 0.447675 0.222919 0.131818 0.014079 0.183509
0 0 0.352212 0.208331 0.090253 0.012759 0.336445
0 0 0.387112 0.207329 0.089676 0.016947 0.298936
4 0 0.304193 0.205256 0.085933 0.026852 0.377765
4 0 0.195968 0.186708 0.074329 0.033523 0.509472
4 0 0.174536 0.166963 0.058048 0.028299 0.572154
4 0 0.100253 0.190145 0.107956 0.035218 0.566428
4 0 0.095740 0.227833 0.192607 0.036289 0.447532
4 0 0.117350 0.232344 0.182333 0.036594 0.431378
1 0 0.181277 0.263191 0.258520 0.048230 0.248781
4 0 0.185395 0.259282 0.237260 0.055793 0.262271
4 0 0.236266 0.214617 0.104608 0.047937 0.396571
4 0 0.239183 0.223011 0.116537 0.032851 0.388419
4 0 0.200029 0.222145 0.122129 0.021993 0.433704
4 0 0.183279 0.233938 0.149613 0.019463 0.413707
0 0 0.365892 0.167493 0.194376 0.073591 0.198648
0 0 0.378432 0.096907 0.187972 0.221649 0.115040
0 0 0.570053 0.103961 0.156717 0.069963 0.099306
0 0 0.581902 0.148652 0.164827 0.019288 0.085331
0 0 0.461844 0.228053 0.186062 0.012605 0.111436
0 0 0.530834 0.201067 0.109023 0.007614 0.151463
0 0 0.466601 0.211452 0.108574 0.011658 0.201714
0 0 0.440604 0.217532 0.114941 0.014070 0.212854
4 0 0.225888 0.226369 0.124518 0.019261 0.403965
4 0 0.139149 0.186158 0.088262 0.010273 0.576159
4 0 0.148875 0.181508 0.079504 0.011425 0.578687
4 0 0.194768 0.224943 0.128565 0.019425 0.432300
4 0 0.152025 0.235531 0.167475 0.046288 0.398681
4 0 0.086317 0.219402 0.181350 0.043894 0.469036
4 0 0.068725 0.226375 0.236201 0.035220 0.433480
4 0 0.149253 0.257731 0.242988 0.036628 0.313400
1 0 0.212974 0.262950 0.245613 0.047766 0.230697
4 0 0.154548 0.254422 0.226892 0.046261 0.317876
4 0 0.168648 0.250279 0.200897 0.043672 0.336503
4 0 0.094070 0.213108 0.157242 0.052508 0.483072
4 0 0.089847 0.211932 0.158624 0.050066 0.489531
4 0 0.090211 0.212946 0.160714 0.050926 0.485203
4 1 0.082419 0.213613 0.171317 0.047449 0.485203
4 1 0.076836 0.181508 0.110553 0.030515 0.600589
4 1 0.057973 0.168236 0.107094 0.020759 0.645938
4 1 0.048694 0.161763 0.107815 0.016747 0.664980
4 2 0.050552 0.201303 0.195464 0.027574 0.525106
4 2 0.044496 0.206230 0.232752 0.027271 0.489251
2 2 0.041531 0.215836 0.358551 0.036865 0.347217
2 2 0.036504 0.199699 0.433109 0.034083 0.296605
2 2 0.037108 0.195301 0.462367 0.036536 0.268688
2 2 0.034087 0.184290 0.504605 0.034524 0.242494
2 2 0.035124 0.181746 0.521117 0.037151 0.224861
2 2 0.035351 0.171267 0.565903 0.040832 0.186647
2 2 0.035996 0.164187 0.592894 0.044488 0.162435
2 2 0.031097 0.143097 0.657245 0.041228 0.127334
2 2 0.026327 0.116396 0.731621 0.039566 0.086089
2 2 0.026995 0.109525 0.744617 0.044183 0.074679
2 2 0.028861 0.087703 0.763067 0.064188 0.056180
2 2 0.032653 0.086892 0.737646 0.080752 0.062058
2 2 0.034323 0.095969 0.715206 0.078788 0.075713
2 2 0.035906 0.097695 0.704469 0.083333 0.078597
2 2 0.036326 0.087134 0.712959 0.096795 0.066786
2 2 0.039871 0.067298 0.692250 0.150904 0.049677
2 2 0.044658 0.058672 0.645089 0.209389 0.042192
2 2 0.051632 0.056671 0.566835 0.275003 0.049858
2 2 0.051799 0.076673 0.602161 0.200730 0.068637
2 3 0.054381 0.139381 0.522505 0.109229 0.174504
2 3 0.077497 0.119362 0.467157 0.225418 0.110566
3 3 0.080813 0.060595 0.321734 0.468890 0.067967
3 3 0.072820 0.033794 0.184058 0.650643 0.058684
3 3 0.063087 0.025726 0.179773 0.685558 0.045856
3 3 0.054419 0.019048 0.164759 0.725666 0.036108
3 3 0.048150 0.016125 0.180440 0.726390 0.028895
3 3 0.046604 0.015590 0.188624 0.722030 0.027151
3 3 0.043922 0.013177 0.163086 0.754634 0.025180
3 3 0.041878 0.012721 0.179526 0.743010 0.022865
3 3 0.043726 0.013733 0.181190 0.736805 0.024546
3 3 0.044322 0.013761 0.173416 0.743204 0.025297
3 3 0.042288 0.012090 0.154921 0.766853 0.023848
3 3 0.042613 0.012263 0.155430 0.765552 0.024141
3 3 0.040027 0.010647 0.142513 0.784721 0.022093
3 3 0.040812 0.009795 0.106589 0.818616 0.024189
3 3 0.043517 0.010805 0.104250 0.814371 0.027056
3 3 0.048331 0.012579 0.097864 0.808522 0.032704
3 3 0.050841 0.014272 0.109081 0.790989 0.034816
3 3 0.050382 0.013876 0.105487 0.795729 0.034526
3 3 0.044773 0.010985 0.095904 0.819453 0.028886
3 3 0.041416 0.010094 0.108221 0.815558 0.024711
3 3 0.039711 0.008943 0.094145 0.833471 0.023729
3 3 0.041552 0.008547 0.066525 0.855717 0.027659
3 3 0.043047 0.008250 0.049702 0.867584 0.031417
3 3 0.044493 0.009022 0.055438 0.858691 0.032356
3 3 0.046388 0.010354 0.068301 0.841899 0.033058
3 3 0.042253 0.008787 0.066522 0.853996 0.028443
3 3 0.039351 0.007729 0.064383 0.863088 0.025449
3 3 0.031655 0.004876 0.046296 0.898014 0.019160
3 3 0.029352 0.004293 0.045522 0.903855 0.016978
3 3 0.025180 0.003446 0.049601 0.908858 0.012915
3 3 0.030923 0.005369 0.070266 0.876726 0.016715
3 3 0.030615 0.005406 0.075221 0.872570 0.016188
3 3 0.033077 0.006324 0.082391 0.860180 0.018029
3 3 0.035310 0.007240 0.089422 0.848293 0.019734
3 3 0.034826 0.006901 0.083212 0.855465 0.019595
3 3 0.035212 0.006612 0.069654 0.867747 0.020774
3 3 0.031759 0.005369 0.061650 0.883217 0.018005
3 3 0.033291 0.005304 0.046652 0.893964 0.020790
3 3 0.032740 0.005084 0.044396 0.897316 0.020464
3 3 0.032004 0.005118 0.051070 0.892748 0.019060
3 3 0.030527 0.005085 0.063501 0.884139 0.016748
3 3 0.028939 0.004591 0.060500 0.890464 0.015505
3 3 0.028749 0.004319 0.051678 0.899337 0.015917
3 3 0.028506 0.003780 0.035001 0.915475 0.017238
3 3 0.028359 0.003540 0.028860 0.921319 0.017922
3 3 0.024940 0.002638 0.021351 0.935446 0.015625
3 3 0.021476 0.002067 0.020996 0.943194 0.012267
3 3 0.019365 0.001629 0.016240 0.951729 0.011037
3 3 0.020370 0.001871 0.019908 0.946454 0.011397
3 3 0.025784 0.003019 0.028279 0.927525 0.015393
3 3 0.031572 0.004606 0.038979 0.904958 0.019885
3 3 0.037030 0.006711 0.056694 0.875875 0.023690
3 3 0.038386 0.008152 0.084933 0.845594 0.022935
3 3 0.036402 0.007656 0.090949 0.844311 0.020682
3 3 0.035940 0.007723 0.098694 0.837751 0.019892
3 3 0.033230 0.005780 0.061674 0.879911 0.019406
3 3 0.033598 0.005927 0.063075 0.877740 0.019661
3 3 0.028393 0.004286 0.053739 0.898133 0.015448
3 3 0.029682 0.004948 0.067064 0.882518 0.015788
3 3 0.033154 0.006361 0.082884 0.859526 0.018075
3 3 0.035740 0.007043 0.078112 0.858356 0.020748
3 3 0.033016 0.005275 0.047865 0.893464 0.020380
3 3 0.032360 0.004687 0.036177 0.905684 0.021092
3 3 0.030505 0.004000 0.029291 0.916058 0.020145
3 3 0.027254 0.003467 0.033409 0.919680 0.016190
3 3 0.025237 0.003010 0.031440 0.925837 0.014476
3 3 0.022692 0.002615 0.034716 0.928118 0.011859
3 3 0.023794 0.002764 0.032427 0.927976 0.013038
3 3 0.024104 0.002799 0.031534 0.928154 0.013410
3 3 0.026003 0.003206 0.033076 0.922697 0.015019
3 3 0.030996 0.004684 0.045401 0.900329 0.018590
3 3 0.035330 0.006436 0.063159 0.873710 0.021365
3 3 0.038551 0.007618 0.068263 0.861304 0.024264
3 3 0.037733 0.007187 0.063668 0.867620 0.023792
3 3 0.039019 0.007959 0.073296 0.855368 0.024358
3 3 0.050580 0.012796 0.082899 0.817118 0.036608
3 1 0.094271 0.086297 0.286010 0.406657 0.126765
2 2 0.078623 0.240070 0.325282 0.092816 0.263209
4 2 0.102104 0.242958 0.258779 0.085688 0.310470
4 1 0.090780 0.231164 0.216616 0.068358 0.393082
4 1 0.118936 0.224690 0.161865 0.041204 0.453305
4 1 0.176775 0.249254 0.195117 0.049688 0.329166
4 1 0.189865 0.256348 0.218344 0.053166 0.282277
1 1 0.175840 0.260877 0.252686 0.055699 0.254898
4 0 0.111727 0.248822 0.260999 0.066978 0.311473
2 0 0.184829 0.247564 0.341738 0.063452 0.162418
2 1 0.223968 0.238611 0.365703 0.056380 0.115338
2 0 0.236442 0.264383 0.266189 0.045798 0.187188
0 0 0.321947 0.253315 0.205724 0.035358 0.183655
0 1 0.341888 0.217024 0.102149 0.024105 0.314834
0 0 0.386747 0.225691 0.121691 0.020194 0.245677
4 0 0.346584 0.198190 0.076876 0.019193 0.359157
0 0 0.380654 0.185710 0.064047 0.013693 0.355895
0 0 0.319407 0.236918 0.139203 0.015951 0.288520
4 0 0.234367 0.195769 0.167745 0.039401 0.362719
0 0 0.386781 0.123755 0.156849 0.096412 0.236203
0 0 0.422919 0.062023 0.111381 0.261047 0.142630
0 0 0.359340 0.110781 0.187794 0.205387 0.136699
0 0 0.346548 0.159266 0.248778 0.119768 0.125639
0 0 0.270354 0.188934 0.224109 0.071129 0.245473
0 0 0.451084 0.168218 0.174761 0.041392 0.164546
0 0 0.497136 0.196968 0.167062 0.017194 0.121639
0 0 0.449257 0.220555 0.125403 0.013737 0.191048
4 1 0.238365 0.196372 0.079933 0.023242 0.462088
4 0 0.120837 0.172627 0.075405 0.029606 0.601524
4 0 0.090192 0.177170 0.094425 0.031622 0.606590
4 0 0.092228 0.206109 0.142825 0.037538 0.521301
4 0 0.163378 0.178052 0.221415 0.191272 0.245884
3 0 0.092233 0.020561 0.052623 0.760623 0.073960
3 0 0.019942 0.001222 0.004834 0.958231 0.015771
3 0 0.014434 0.000603 0.002702 0.971888 0.010374
3 0 0.019313 0.000786 0.003554 0.964725 0.011623
3 0 0.091306 0.007350 0.026701 0.838182 0.036461
3 0 0.213579 0.077057 0.150594 0.425029 0.133741
4 0 0.164797 0.246998 0.193742 0.049839 0.344624
4 1 0.066306 0.155441 0.080388 0.020278 0.677587
4 1 0.055409 0.157707 0.093077 0.017822 0.675985
4 0 0.044809 0.137552 0.075265 0.011936 0.730437
0 0 0.324549 0.249078 0.175790 0.022315 0.228268
0 1 0.364006 0.220245 0.223494 0.029865 0.162390
1 0 0.256912 0.263929 0.261191 0.038971 0.178997
0 0 0.310562 0.242043 0.307048 0.039038 0.101309
0 0 0.457759 0.094424 0.199103 0.159664 0.089050
3 0 0.196753 0.005113 0.026967 0.749292 0.021876
3 0 0.039085 0.000523 0.003415 0.949747 0.007229
3 0 0.029964 0.000589 0.003385 0.957624 0.008438
3 1 0.081832 0.003255 0.014892 0.878607 0.021414
3 0 0.068122 0.002810 0.012700 0.895982 0.020385
3 0 0.045093 0.001592 0.007562 0.930426 0.015327
3 0 0.047735 0.001569 0.007631 0.928129 0.014935
3 0 0.014837 0.000397 0.002060 0.975055 0.007651
3 0 0.010059 0.000301 0.001504 0.981202 0.006933
3 0 0.015216 0.000655 0.002908 0.970359 0.010862
3 0 0.058589 0.004187 0.015796 0.893303 0.028125
3 0 0.057465 0.003965 0.015130 0.896216 0.027224
3 0 0.027129 0.002257 0.008086 0.940060 0.022467
3 0 0.050869 0.003952 0.014500 0.902578 0.028101
3 1 0.208843 0.035031 0.100338 0.580894 0.074893
3 0 0.241542 0.046209 0.126862 0.503704 0.081683
3 0 0.068889 0.017795 0.044086 0.797408 0.071822
3 0 0.048354 0.007954 0.022822 0.874642 0.046228
3 0 0.027272 0.002340 0.008297 0.939082 0.023009
3 0 0.030779 0.002613 0.009302 0.933215 0.024091
3 0 0.075086 0.007678 0.025776 0.851627 0.039832
3 0 0.037558 0.004594 0.014515 0.909437 0.033896
3 0 0.048366 0.004333 0.015172 0.901744 0.030385
3 0 0.061484 0.003142 0.013233 0.899441 0.022700
3 0 0.021049 0.000521 0.002774 0.967175 0.008482
3 0 0.047082 0.001005 0.005629 0.935355 0.010929
3 0 0.031564 0.000739 0.004013 0.953896 0.009788
3 0 0.054617 0.001646 0.008239 0.920615 0.014883
3 0 0.107674 0.004647 0.020717 0.841720 0.025242
3 0 0.150913 0.009895 0.038505 0.762801 0.037886
3 0 0.056669 0.003099 0.012763 0.904461 0.023007
3 0 0.053205 0.002288 0.010192 0.915400 0.018916
3 0 0.145651 0.006379 0.028331 0.791195 0.028443
0 0 0.479555 0.046580 0.143379 0.272091 0.058394
0 0 0.465938 0.106105 0.232207 0.120430 0.075320
3 0 0.218449 0.126074 0.182777 0.252991 0.219709
4 0 0.235751 0.162334 0.151175 0.122201 0.328539
2 1 0.226915 0.125158 0.305264 0.236998 0.105665
2 0 0.302867 0.119623 0.330375 0.171509 0.075625
0 0 0.387843 0.072883 0.188207 0.271128 0.079939
3 0 0.365600 0.009635 0.050704 0.549013 0.025048
3 0 0.151489 0.003370 0.018687 0.808431 0.018023
3 0 0.236822 0.008947 0.041772 0.682751 0.029708
3 0 0.281802 0.023388 0.075227 0.559574 0.060008
0 0 0.382839 0.062509 0.128749 0.312369 0.113534
0 0 0.305565 0.149236 0.161317 0.130210 0.253672
4 0 0.172066 0.230773 0.146465 0.033507 0.417189
4 0 0.105374 0.197602 0.117072 0.035632 0.544320
4 0 0.081082 0.115462 0.034563 0.015510 0.753383
4 0 0.047494 0.107620 0.040178 0.008769 0.795938
4 0 0.039730 0.107037 0.044253 0.007478 0.801501
4 0 0.067721 0.166500 0.094740 0.023251 0.647789
4 0 0.114484 0.150927 0.155118 0.140207 0.439264
3 0 0.116416 0.076060 0.133764 0.490339 0.183422
3 0 0.105446 0.058287 0.115068 0.584643 0.136557
3 0 0.105291 0.058350 0.115374 0.583422 0.137563
3 0 0.114512 0.092008 0.194239 0.462081 0.137160
3 0 0.145199 0.150646 0.223339 0.299281 0.181535
2 0 0.164647 0.203878 0.372729 0.140518 0.118228
2 0 0.211404 0.196685 0.271739 0.108994 0.211178
0 0 0.286885 0.218952 0.232335 0.048710 0.213118
0 0 0.348343 0.207979 0.273953 0.045027 0.124698
0 0 0.372368 0.196357 0.284491 0.051202 0.095582
0 0 0.404662 0.120894 0.194125 0.149436 0.130882
3 0 0.272792 0.072718 0.133433 0.378291 0.142766
3 0 0.236463 0.099860 0.149826 0.326456 0.187395
4 0 0.174085 0.160722 0.183687 0.208468 0.273038
4 0 0.115504 0.236360 0.225274 0.095831 0.327031
4 0 0.094169 0.226803 0.195894 0.065171 0.417964
2 1 0.126891 0.237334 0.267149 0.141734 0.226891
2 0 0.122534 0.198931 0.250071 0.198842 0.229623
3 0 0.122036 0.085831 0.145878 0.486955 0.159299
3 0 0.107691 0.047141 0.087521 0.623801 0.133846
3 0 0.077248 0.024973 0.066630 0.751620 0.079530
3 0 0.071928 0.019874 0.049070 0.783692 0.075435
3 1 0.107441 0.047972 0.131840 0.615045 0.097703
3 0 0.086567 0.027436 0.063753 0.733781 0.088463
3 0 0.064281 0.015123 0.038623 0.816147 0.065825
3 0 0.034771 0.003939 0.013108 0.917551 0.030631
3 0 0.030850 0.003060 0.010645 0.928966 0.026479
3 1 0.026537 0.002210 0.007913 0.941079 0.022261
3 1 0.031222 0.003108 0.010501 0.928063 0.027105
3 1 0.028379 0.002543 0.008891 0.936043 0.024144
3 1 0.025845 0.002091 0.007559 0.942943 0.021562
3 1 0.012659 0.000481 0.002223 0.975502 0.009134
3 1 0.009336 0.000259 0.001325 0.982739 0.006341
3 1 0.008078 0.000181 0.000995 0.985645 0.005101
3 1 0.012742 0.000430 0.002067 0.976338 0.008422
3 1 0.014568 0.000503 0.002401 0.973423 0.009104
3 0 0.013167 0.000521 0.002377 0.974360 0.009575
3 0 0.008751 0.000227 0.001188 0.983967 0.005867
3 1 0.008965 0.000238 0.001237 0.983520 0.006040
3 1 0.036325 0.002935 0.010623 0.925104 0.025012
2 1 0.228735 0.234552 0.272796 0.063223 0.200693
4 1 0.094360 0.236693 0.223802 0.035645 0.409501
4 1 0.063393 0.210494 0.193237 0.036843 0.496033
4 1 0.038943 0.159317 0.119675 0.013635 0.668429
4 1 0.047367 0.159885 0.106433 0.016038 0.670277
4 1 0.070369 0.177230 0.109241 0.026979 0.616182
4 1 0.065071 0.220941 0.225268 0.044059 0.444662
4 1 0.065232 0.231641 0.277311 0.055289 0.370528
4 1 0.053671 0.227260 0.298755 0.045619 0.374695
4 1 0.051971 0.227301 0.308984 0.045391 0.366352
4 1 0.053260 0.224987 0.285453 0.042801 0.393499
4 1 0.052528 0.222635 0.274906 0.040263 0.409669
4 1 0.045007 0.207732 0.236719 0.028124 0.482418
4 1 0.051658 0.207528 0.212723 0.030560 0.497531
4 1 0.104423 0.239049 0.222211 0.057466 0.376851
3 0 0.165629 0.036752 0.088529 0.614319 0.094770
3 0 0.086734 0.008074 0.027964 0.837733 0.039495
3 0 0.080757 0.009985 0.031504 0.831131 0.046623
0 0 0.299841 0.167453 0.185449 0.085060 0.262197
4 1 0.260350 0.251320 0.177288 0.026367 0.284674
4 1 0.261152 0.237762 0.142777 0.036037 0.322272
4 1 0.133610 0.245783 0.216514 0.063698 0.340395
4 1 0.099832 0.241719 0.234303 0.020957 0.403188
2 1 0.087831 0.245883 0.371350 0.033082 0.261854
4 1 0.055497 0.231803 0.329000 0.054107 0.329593
4 2 0.054087 0.230868 0.328739 0.052040 0.334266
4 2 0.054019 0.230822 0.328725 0.051941 0.334493
4 2 0.054101 0.230878 0.328742 0.052059 0.334221
4 2 0.053117 0.230192 0.328520 0.050636 0.337535
2 2 0.053080 0.229236 0.335432 0.051119 0.331133
2 2 0.047976 0.217951 0.385241 0.047440 0.301393
2 2 0.048072 0.222220 0.357782 0.045629 0.326297
2 2 0.047896 0.221191 0.363924 0.045804 0.321185
2 2 0.049238 0.223683 0.354190 0.047026 0.325864
2 2 0.046735 0.218449 0.375894 0.044973 0.313950
2 2 0.043379 0.209451 0.414259 0.042701 0.290210
2 2 0.040174 0.195358 0.475529 0.042030 0.246909
2 2 0.037663 0.181357 0.530756 0.042034 0.208189
2 2 0.044211 0.200569 0.463667 0.047629 0.243924
2 2 0.044417 0.202543 0.460592 0.044347 0.248101
2 2 0.045376 0.200845 0.472108 0.046141 0.235530
2 2 0.045402 0.196127 0.503812 0.041482 0.213176
2 2 0.044070 0.191118 0.519028 0.042219 0.203565
2 2 0.038139 0.172538 0.576833 0.039060 0.173430
2 2 0.036317 0.171153 0.573591 0.039433 0.179506
2 2 0.035625 0.170880 0.567963 0.041497 0.184035
2 2 0.037576 0.173034 0.563368 0.044666 0.181356
2 2 0.040038 0.180364 0.539714 0.047014 0.192870
2 2 0.038064 0.174742 0.557784 0.045055 0.184355
2 2 0.036035 0.169517 0.573862 0.042760 0.177827
2 2 0.036859 0.173069 0.561997 0.043219 0.184856
2 2 0.034006 0.161477 0.599726 0.041297 0.163495
2 -1 0.033854 0.150423 0.636133 0.044744 0.134847
2 2 0.031860 0.122753 0.711000 0.051073 0.083314
2 2 0.033121 0.104122 0.732139 0.066013 0.064605
2 2 0.030179 0.091759 0.762155 0.064810 0.051097
2 2 0.032762 0.100901 0.735060 0.067387 0.063890
2 2 0.029943 0.100878 0.748495 0.057773 0.062911
2 2 0.033016 0.108969 0.719151 0.062804 0.076060
2 2 0.039926 0.094903 0.693369 0.102144 0.069658
2 2 0.044675 0.090856 0.662403 0.129977 0.072090
2 2 0.051582 0.089564 0.615722 0.167136 0.075995
2 2 0.052575 0.092089 0.614741 0.166322 0.074274
2 2 0.054837 0.089638 0.598139 0.183419 0.073966
2 2 0.056726 0.074029 0.571039 0.237806 0.060400
2 2 0.059350 0.086428 0.562640 0.216358 0.075223
2 2 0.062532 0.088387 0.536178 0.229445 0.083458
2 2 0.064776 0.073501 0.488892 0.295245 0.077586
2 2 0.065055 0.057754 0.438297 0.376896 0.061999
3 2 0.065009 0.045939 0.376060 0.462737 0.050255
2 2 0.058275 0.042832 0.434986 0.425608 0.038299
2 2 0.060379 0.046076 0.435877 0.416801 0.040867
3 2 0.062840 0.045952 0.406947 0.440782 0.043479
3 2 0.065434 0.044876 0.369210 0.474134 0.046346
3 2 0.070403 0.043968 0.307547 0.525401 0.052681
3 2 0.064589 0.041179 0.346332 0.502760 0.045141
3 2 0.063233 0.037481 0.325436 0.530405 0.043445
3 2 0.055111 0.034577 0.395024 0.481022 0.034266
3 3 0.063938 0.037901 0.321591 0.532255 0.044314
3 3 0.060418 0.032552 0.302885 0.563971 0.040174
3 3 0.058696 0.029778 0.288049 0.585176 0.038300
3 3 0.057485 0.025993 0.247783 0.631318 0.037420
3 3 0.057031 0.024956 0.236983 0.643935 0.037095
3 3 0.057055 0.022388 0.194077 0.688356 0.038124
3 3 0.054442 0.020288 0.187664 0.702237 0.035370
3 3 0.057032 0.020086 0.154874 0.728469 0.039539
3 3 0.056223 0.017597 0.120059 0.765628 0.040493
3 3 0.050507 0.014482 0.116579 0.784467 0.033965
3 3 0.053376 0.017102 0.139175 0.754325 0.036022
3 2 0.070915 0.049950 0.349631 0.476012 0.053493
2 2 0.077143 0.121832 0.492360 0.217115 0.091550
2 2 0.062131 0.191091 0.503123 0.090023 0.153633
2 2 0.074028 0.225844 0.398868 0.085309 0.215952
2 1 0.100397 0.233383 0.436929 0.068845 0.160445
2 1 0.142930 0.263242 0.360592 0.051524 0.181713
2 1 0.256147 0.260577 0.300837 0.048238 0.134201
2 1 0.170395 0.243004 0.319152 0.093290 0.174159
2 1 0.100733 0.239598 0.304081 0.132318 0.223269
2 1 0.060784 0.213320 0.432826 0.074380 0.218690
4 1 0.059955 0.229237 0.282319 0.049971 0.378518
4 1 0.055368 0.216545 0.235131 0.036830 0.456127
4 1 0.079384 0.209193 0.199472 0.057568 0.454384
3 1 0.127291 0.079408 0.122959 0.457605 0.212736
3 1 0.098578 0.045052 0.092702 0.648993 0.114674
3 1 0.084765 0.029728 0.066673 0.725117 0.093718
3 1 0.089449 0.034276 0.074691 0.700991 0.100593
3 1 0.101900 0.049054 0.097899 0.607286 0.143861
4 1 0.095206 0.201100 0.288470 0.118147 0.297077
4 2 0.070546 0.231827 0.261108 0.057816 0.378702
2 2 0.079255 0.243051 0.319786 0.073077 0.284831
2 2 0.074198 0.240452 0.353726 0.069162 0.262463
2 2 0.087437 0.235579 0.375863 0.092196 0.208925
2 1 0.136513 0.176219 0.361238 0.194870 0.131161
2 2 0.172792 0.156138 0.256076 0.246299 0.168695
2 2 0.136676 0.219535 0.473219 0.073665 0.096906
2 2 0.118277 0.219431 0.478950 0.071809 0.111533
2 2 0.144635 0.211861 0.502135 0.061233 0.080136
2 1 0.204351 0.224529 0.454804 0.049550 0.066766
0 1 0.322487 0.180704 0.299108 0.094049 0.103652
3 1 0.239779 0.114449 0.196348 0.298224 0.151199
4 1 0.141804 0.255049 0.268590 0.065547 0.269010
4 2 0.071481 0.232926 0.264867 0.059937 0.370789
2 2 0.063347 0.226678 0.378664 0.071974 0.259337
2 2 0.051204 0.212792 0.423728 0.055741 0.256535
2 2 0.048259 0.207382 0.442395 0.052524 0.249440
2 2 0.053131 0.227735 0.346219 0.052044 0.320871
4 2 0.052097 0.229450 0.328255 0.049177 0.341021
2 2 0.048289 0.219635 0.376233 0.047241 0.308602
2 2 0.046176 0.212796 0.407696 0.046399 0.286933
2 2 0.046775 0.197563 0.482513 0.053738 0.219411
2 2 0.053394 0.203082 0.468212 0.064527 0.210785
2 2 0.051571 0.191313 0.514588 0.062865 0.179662
2 2 0.053234 0.202569 0.470054 0.064445 0.209698
2 2 0.049431 0.195806 0.492667 0.059792 0.202304
2 2 0.053651 0.200328 0.484862 0.062369 0.198790
2 1 0.073032 0.229211 0.408846 0.064041 0.224869
2 1 0.195254 0.266648 0.275434 0.041150 0.221515
0 1 0.289315 0.254741 0.193574 0.030571 0.231799
0 0 0.323510 0.256772 0.240461 0.027578 0.151679
4 0 0.222022 0.233554 0.139287 0.015577 0.389559
0 0 0.496521 0.215697 0.138123 0.010094 0.139565
0 0 0.375009 0.247189 0.232130 0.023035 0.122638
0 0 0.410642 0.235966 0.252835 0.015964 0.084593
0 0 0.481139 0.116658 0.190271 0.096403 0.115529
0 0 0.279213 0.174207 0.209481 0.094447 0.242652
3 0 0.325494 0.038841 0.102439 0.450129 0.083098
3 1 0.096523 0.006151 0.024127 0.841486 0.031713
3 1 0.044100 0.003099 0.011746 0.916401 0.024654
3 1 0.163374 0.053897 0.115816 0.551310 0.115602
2 4 0.152656 0.265470 0.335265 0.047624 0.198984
2 4 0.082920 0.247401 0.351339 0.067183 0.251156
4 4 0.052144 0.227506 0.309579 0.045714 0.365057
4 4 0.049413 0.221923 0.285975 0.038654 0.404035
4 4 0.052034 0.217175 0.249500 0.035910 0.445382
4 4 0.045185 0.222610 0.317402 0.038544 0.376259
4 4 0.045447 0.222311 0.338683 0.040846 0.352713
2 4 0.044595 0.185226 0.527405 0.054373 0.188401
2 4 0.053552 0.189159 0.516118 0.071652 0.169519
2 4 0.047231 0.195962 0.489672 0.055300 0.211835
4 4 0.052405 0.225737 0.294772 0.043417 0.383669
4 4 0.049962 0.178704 0.138626 0.020682 0.612026
4 4 0.050357 0.139315 0.072245 0.013427 0.724655
4 4 0.046014 0.136142 0.072168 0.012009 0.733666
4 4 0.046820 0.161991 0.110960 0.016265 0.663965
4 4 0.049350 0.175279 0.132482 0.019696 0.623193
4 4 0.054676 0.222521 0.265098 0.040917 0.416788
4 4 0.049837 0.221885 0.283541 0.038742 0.405995
4 4 0.055881 0.222490 0.260217 0.041343 0.420070
4 4 0.053923 0.222513 0.268150 0.040637 0.414777
4 4 0.052134 0.221177 0.268685 0.038875 0.419129
4 4 0.050241 0.211134 0.230598 0.031730 0.476297
4 4 0.048917 0.206176 0.216527 0.028901 0.499481
4 4 0.046955 0.167730 0.121457 0.017384 0.646474
4 4 0.041822 0.125078 0.062244 0.009752 0.761104
4 4 0.032117 0.084127 0.028745 0.004532 0.850478
4 4 0.032485 0.099548 0.042255 0.005718 0.819993
4 4 0.029167 0.107570 0.054309 0.005822 0.803133
4 4 0.061027 0.163854 0.111976 0.025307 0.637835
4 4 0.112446 0.127019 0.157451 0.194002 0.409081
4 4 0.111722 0.134786 0.182343 0.214227 0.356922
4 4 0.055087 0.162631 0.101153 0.018714 0.662414
4 4 0.032283 0.105857 0.049045 0.006190 0.806625
4 4 0.034383 0.094529 0.036133 0.005593 0.829361
4 4 0.033350 0.075986 0.022215 0.004107 0.864342
4 4 0.028060 0.066265 0.018071 0.002991 0.884614
4 4 0.030192 0.077119 0.024438 0.003848 0.864403
4 4 0.028835 0.071896 0.021407 0.003388 0.874474
4 4 0.032785 0.067903 0.017358 0.003516 0.878438
4 4 0.045249 0.101652 0.036180 0.007783 0.809135
4 4 0.058686 0.166846 0.103982 0.020656 0.649829
4 4 0.054443 0.218236 0.245437 0.037558 0.444325
4 4 0.056410 0.217601 0.236149 0.037934 0.451906
4 4 0.064174 0.221635 0.230310 0.044178 0.439703
4 0 0.089775 0.198820 0.130445 0.036274 0.544686
4 1 0.173257 0.217874 0.121972 0.041901 0.444995
4 1 0.254219 0.249049 0.180233 0.056003 0.260496
0 1 0.271755 0.258276 0.229559 0.050759 0.189650
2 1 0.264456 0.260211 0.265845 0.052087 0.157400
2 1 0.226251 0.259917 0.289467 0.068578 0.155787
2 1 0.180920 0.254459 0.347805 0.086044 0.130772
2 1 0.125389 0.253810 0.358169 0.086576 0.176056
2 1 0.110211 0.255139 0.368129 0.068997 0.197524
2 1 0.081914 0.247505 0.353285 0.064261 0.253035
2 1 0.080161 0.247260 0.354671 0.061241 0.256668
2 1 0.075553 0.244580 0.347984 0.063047 0.268836
2 2 0.085159 0.249092 0.357286 0.063248 0.245214
2 2 0.093116 0.251610 0.361560 0.065350 0.228364
2 2 0.086583 0.249615 0.358251 0.063515 0.242037
2 2 0.075075 0.240568 0.370958 0.062033 0.251365
2 2 0.062924 0.228839 0.392266 0.057794 0.258176
2 2 0.059731 0.222113 0.413412 0.057988 0.246756
2 2 0.057474 0.209694 0.470963 0.054075 0.207794
2 2 0.060962 0.212916 0.464573 0.056507 0.205041
2 2 0.066383 0.231461 0.390519 0.059363 0.252274
2 2 0.073542 0.242988 0.343307 0.065462 0.274701
2 2 0.076225 0.243349 0.340828 0.071216 0.268382
2 2 0.084803 0.247598 0.349984 0.070382 0.247234
2 2 0.081655 0.245568 0.344054 0.073687 0.255036
2 2 0.098646 0.251453 0.356104 0.075024 0.218773
2 2 0.109965 0.254208 0.363362 0.073911 0.198553
2 2 0.136112 0.257651 0.377107 0.068551 0.160579
2 2 0.155428 0.257525 0.380877 0.067277 0.138894
2 2 0.171969 0.256073 0.380310 0.068083 0.123564
2 2 0.164423 0.256967 0.381597 0.066862 0.130150
2 2 0.153342 0.257039 0.377140 0.070994 0.141484
2 2 0.140584 0.257037 0.374060 0.072610 0.155708
2 2 0.125515 0.256360 0.360847 0.075293 0.181985
2 2 0.131915 0.259025 0.340088 0.069573 0.199398
2 1 0.136515 0.257276 0.369519 0.072749 0.163940
2 1 0.142263 0.262224 0.318848 0.058929 0.217735
2 1 0.157513 0.258641 0.390018 0.058490 0.135338
2 1 0.205284 0.263415 0.337057 0.050961 0.143283
2 1 0.247576 0.255138 0.343418 0.050660 0.103208
2 1 0.235280 0.255640 0.345333 0.056306 0.107441
2 2 0.228286 0.248540 0.387987 0.052154 0.083033
2 2 0.226353 0.253146 0.364300 0.057707 0.098493
2 2 0.236571 0.254146 0.354824 0.054081 0.100378
2 2 0.229307 0.256528 0.340019 0.060284 0.113863
2 2 0.221085 0.254780 0.354461 0.062400 0.107274
2 2 0.221912 0.256987 0.336309 0.064981 0.119811
2 2 0.216251 0.255565 0.348368 0.066290 0.113526
2 2 0.217819 0.252538 0.369662 0.061456 0.098526
2 2 0.224899 0.250576 0.379151 0.055675 0.089700
2 2 0.230853 0.248091 0.388977 0.050655 0.081423
2 2 0.205499 0.251718 0.380015 0.064623 0.098145
2 2 0.197076 0.251769 0.372492 0.073992 0.104672
2 2 0.163834 0.251106 0.353456 0.099333 0.132271
2 2 0.174828 0.251080 0.357165 0.094421 0.122507
2 2 0.175615 0.251154 0.357773 0.093617 0.121841
2 2 0.163074 0.252556 0.358895 0.092444 0.133031
2 2 0.162308 0.249369 0.346790 0.108099 0.133433
2 2 0.152749 0.247337 0.337956 0.119759 0.142200
2 2 0.157550 0.248440 0.342495 0.113763 0.137751
2 2 0.134079 0.251823 0.350369 0.099110 0.164619
2 2 0.139116 0.251476 0.349559 0.101463 0.158386
2 2 0.128181 0.248180 0.347052 0.108235 0.168351
2 2 0.146065 0.244078 0.389027 0.089455 0.131374
2 2 0.139165 0.212366 0.487487 0.074530 0.086453
2 2 0.130780 0.190291 0.531435 0.079692 0.067802
2 2 0.114086 0.180772 0.544656 0.091719 0.068767
2 2 0.100734 0.202608 0.450709 0.129108 0.116841
2 2 0.073394 0.197366 0.469328 0.112470 0.147442
2 2 0.051884 0.193204 0.503152 0.066074 0.185686
2 2 0.050981 0.149090 0.608130 0.088779 0.103020
2 2 0.056807 0.094381 0.602345 0.180741 0.065726
2 2 0.056039 0.070076 0.580334 0.244592 0.048960
2 2 0.061601 0.065102 0.514337 0.306168 0.052793
2 2 0.062203 0.063969 0.502459 0.316909 0.054460
2 2 0.064007 0.077470 0.520725 0.271589 0.066209
2 2 0.055747 0.078606 0.591519 0.215700 0.058427
2 2 0.059586 0.076075 0.556208 0.248023 0.060109
2 2 0.066532 0.058889 0.449635 0.375609 0.049335
3 3 0.062077 0.038461 0.349229 0.508169 0.042063
3 3 0.053750 0.029897 0.355205 0.528491 0.032656
3 3 0.050121 0.023903 0.313745 0.583216 0.029015
3 3 0.049130 0.021513 0.283732 0.617401 0.028223
3 3 0.051392 0.021987 0.259933 0.635967 0.030721
3 3 0.048522 0.021857 0.299762 0.602340 0.027519
3 3 0.050437 0.025811 0.341550 0.552950 0.029251
3 3 0.054463 0.030828 0.357946 0.523345 0.033418
3 3 0.057974 0.027943 0.271127 0.605303 0.037653
3 3 0.051139 0.021071 0.245796 0.651350 0.030645
3 3 0.045812 0.016443 0.221324 0.690661 0.025760
3 3 0.043505 0.016031 0.247159 0.670023 0.023281
3 3 0.046518 0.017330 0.232223 0.677660 0.026269
3 3 0.041545 0.013113 0.196471 0.726636 0.022235
3 3 0.039918 0.011633 0.175876 0.751399 0.021174
3 3 0.038680 0.011113 0.178343 0.751824 0.020040
3 3 0.043498 0.015823 0.241752 0.675591 0.023336
3 3 0.046954 0.018898 0.261858 0.645969 0.026321
3 3 0.051902 0.019427 0.202718 0.693727 0.032227
3 3 0.048061 0.016688 0.194753 0.712040 0.028458
3 3 0.050242 0.016354 0.159169 0.742513 0.031722
3 3 0.049319 0.016480 0.173343 0.730565 0.030293
3 3 0.051218 0.015775 0.135807 0.763456 0.033744
3 3 0.047280 0.013403 0.126997 0.782451 0.029869
3 3 0.042186 0.009829 0.092725 0.828922 0.026337
3 3 0.040002 0.008367 0.075257 0.851135 0.025239
3 3 0.042045 0.009372 0.082370 0.839335 0.026879
3 3 0.045980 0.011093 0.087114 0.824971 0.030842
3 3 0.046661 0.012368 0.109510 0.801356 0.030105
3 3 0.052606 0.015096 0.108537 0.786839 0.036922
3 3 0.051063 0.014576 0.113015 0.786529 0.034818
3 3 0.055816 0.017886 0.128909 0.757949 0.039439
3 3 0.055799 0.020144 0.169290 0.717258 0.037509
3 3 0.059650 0.020706 0.138863 0.737230 0.043551
3 3 0.057580 0.019118 0.132958 0.749005 0.041339
3 3 0.051722 0.014386 0.103142 0.794488 0.036262
3 3 0.042949 0.011173 0.120391 0.799794 0.025693
3 3 0.034680 0.007385 0.102412 0.836923 0.018600
3 3 0.031601 0.005934 0.084893 0.860968 0.016605
3 3 0.033064 0.006229 0.079006 0.863514 0.018187
3 3 0.035019 0.006898 0.080975 0.857211 0.019896
3 3 0.038608 0.008029 0.079125 0.850715 0.023523
3 3 0.042377 0.009472 0.081798 0.839075 0.027277
3 3 0.041689 0.008286 0.059529 0.861959 0.028537
3 3 0.041106 0.007998 0.057336 0.865442 0.028119
3 3 0.042720 0.009006 0.067818 0.851613 0.028843
3 3 0.040327 0.008069 0.064920 0.860225 0.026459
3 3 0.039609 0.007843 0.065159 0.861731 0.025657
3 3 0.038718 0.007776 0.071059 0.858231 0.024216
3 3 0.043884 0.010435 0.091280 0.826169 0.028232
3 3 0.049254 0.012540 0.088861 0.814870 0.034474
3 3 0.051821 0.014091 0.096716 0.800493 0.036879
3 3 0.049369 0.012553 0.088160 0.815248 0.034670
3 3 0.039639 0.008115 0.071893 0.855236 0.025117
3 3 0.036194 0.006822 0.066863 0.868171 0.021949
3 3 0.032649 0.005795 0.067837 0.875281 0.018437
3 3 0.036615 0.007051 0.069734 0.864438 0.022162
3 3 0.040940 0.008953 0.081985 0.842386 0.025736
3 3 0.044414 0.009984 0.076008 0.839599 0.029996
3 3 0.040157 0.009753 0.113053 0.813779 0.023258
3 3 0.041649 0.010549 0.118459 0.804859 0.024484
3 3 0.038065 0.008745 0.107012 0.824661 0.021516
3 3 0.030271 0.004722 0.052656 0.895094 0.017257
3 3 0.026073 0.003413 0.040143 0.915981 0.014391
3 3 0.025701 0.003748 0.058296 0.899396 0.012859
3 1 0.028692 0.004613 0.064031 0.887575 0.015088
3 1 0.050765 0.019958 0.228750 0.670002 0.030525
2 1 0.067620 0.083898 0.527368 0.265874 0.055240
2 2 0.072779 0.176677 0.553383 0.094216 0.102945
2 2 0.103338 0.233473 0.411623 0.087898 0.163667
2 2 0.152867 0.258200 0.384355 0.063622 0.140956
2 2 0.137215 0.258190 0.380518 0.065332 0.158745
2 2 0.168596 0.258517 0.385201 0.058631 0.129054
2 2 0.160804 0.257651 0.376606 0.067899 0.137040
2 2 0.187231 0.257524 0.368403 0.063978 0.122865
2 2 0.173500 0.255016 0.370509 0.076037 0.124939
2 2 0.167784 0.252414 0.359928 0.091207 0.128666
2 2 0.144897 0.251057 0.348862 0.103564 0.151619
2 2 0.135075 0.250605 0.346051 0.105094 0.163174
2 2 0.153446 0.251938 0.352222 0.098893 0.143501
2 2 0.180991 0.254098 0.344485 0.088605 0.131820
2 2 0.172390 0.252879 0.362265 0.087214 0.125252
2 2 0.158264 0.254244 0.356035 0.088920 0.142536
2 2 0.174390 0.254070 0.370324 0.078774 0.122442
2 2 0.183534 0.254752 0.380005 0.067667 0.114041
2 2 0.191260 0.253471 0.378021 0.068887 0.108362
2 2 0.172081 0.255300 0.375698 0.072941 0.123979
2 2 0.144226 0.254461 0.362104 0.086758 0.152451
2 2 0.105144 0.249967 0.346510 0.090728 0.207652
2 2 0.084935 0.242454 0.328582 0.096138 0.247891
2 2 0.060086 0.228878 0.362360 0.064422 0.284253
2 2 0.041107 0.181312 0.537764 0.048806 0.191012
2 2 0.034867 0.174866 0.550259 0.038765 0.201243
2 2 0.038958 0.199686 0.447787 0.038365 0.275205
4 2 0.046684 0.224695 0.328560 0.041859 0.358201
4 2 0.050484 0.228212 0.327760 0.046903 0.346641
4 2 0.052454 0.229713 0.328352 0.049686 0.339794
4 2 0.047163 0.225398 0.326427 0.042357 0.358654
4 2 0.044460 0.222825 0.325005 0.038790 0.368920
4 2 0.047159 0.222937 0.305999 0.039155 0.384751
4 2 0.064676 0.224129 0.239472 0.046464 0.425260
4 2 0.092679 0.225836 0.194440 0.063173 0.423873
4 2 0.091886 0.235325 0.234359 0.076182 0.362249
2 2 0.079525 0.241309 0.307034 0.078063 0.294069
4 2 0.068043 0.236685 0.308536 0.067483 0.319252
4 2 0.063036 0.233729 0.302689 0.058563 0.341983
4 2 0.060716 0.233875 0.317130 0.058869 0.329409
4 2 0.062966 0.233684 0.302620 0.058449 0.342281
4 2 0.103511 0.246934 0.262939 0.063007 0.323608
2 2 0.149100 0.255118 0.261782 0.080285 0.253715
2 2 0.148401 0.265810 0.297847 0.032102 0.255840
0 2 0.316724 0.256785 0.217222 0.025790 0.183478
1 2 0.233011 0.258764 0.244855 0.067715 0.195656
0 2 0.283054 0.254400 0.201527 0.046657 0.214362
1 2 0.235011 0.251711 0.196620 0.065718 0.250941
1 2 0.169076 0.249985 0.245373 0.108690 0.226876
2 2 0.081925 0.242197 0.323454 0.088634 0.263790
2 2 0.067985 0.238097 0.329869 0.072546 0.291503
2 2 0.067280 0.237518 0.327000 0.072050 0.296153
4 4 0.071897 0.237283 0.297393 0.069932 0.323495
2 4 0.063788 0.235982 0.324906 0.065637 0.309687
4 4 0.052736 0.229919 0.328426 0.050090 0.338829
4 4 0.047328 0.221574 0.295445 0.037787 0.397867
4 4 0.045563 0.201395 0.210946 0.025735 0.516361
4 4 0.047074 0.192624 0.179177 0.023384 0.557742
4 4 0.049716 0.172629 0.126486 0.019226 0.631943
4 4 0.061071 0.183126 0.130405 0.025549 0.599849
4 1 0.085532 0.205535 0.148276 0.044166 0.516492
4 1 0.165396 0.251854 0.216070 0.062539 0.304141
2 1 0.234647 0.259840 0.260031 0.066256 0.179226
2 1 0.256840 0.260279 0.281106 0.054140 0.147634
0 1 0.297568 0.258085 0.245501 0.041272 0.157573
0 1 0.308481 0.256444 0.227813 0.038646 0.168616
0 1 0.313422 0.256603 0.247216 0.036429 0.146330
2 1 0.259593 0.255968 0.330487 0.047269 0.106684
2 1 0.239692 0.254771 0.349576 0.053416 0.102545
2 1 0.219227 0.250275 0.382280 0.058162 0.090056
2 2 0.239959 0.255423 0.345116 0.054006 0.105495
2 2 0.246263 0.255007 0.344958 0.051027 0.102746
2 2 0.280582 0.255467 0.316795 0.040866 0.106290
2 0 0.245072 0.250049 0.372776 0.046906 0.085197
2 0 0.291424 0.253848 0.307422 0.038049 0.109257
1 1 0.210946 0.260688 0.237842 0.055191 0.235333
4 1 0.105586 0.244075 0.241120 0.056384 0.352835
4 1 0.071316 0.227068 0.235396 0.052423 0.413797
4 2 0.052223 0.210407 0.221297 0.032143 0.483930
4 2 0.049514 0.224326 0.301295 0.041144 0.383721
4 2 0.051018 0.228164 0.331627 0.047916 0.341274
2 2 0.048967 0.221667 0.366468 0.047519 0.315379
2 2 0.047083 0.220253 0.365715 0.044777 0.322171
2 2 0.047990 0.215962 0.397095 0.048348 0.290605
2 2 0.047511 0.211140 0.421701 0.049540 0.270108
2 2 0.053020 0.222107 0.380474 0.054750 0.289648
2 2 0.067175 0.239448 0.337748 0.063072 0.292557
2 2 0.094655 0.250928 0.326549 0.065281 0.262589
2 2 0.112285 0.254513 0.313460 0.070522 0.249220
2 2 0.126844 0.256769 0.314331 0.075364 0.226693
2 2 0.128973 0.255861 0.366188 0.077459 0.171519
2 2 0.141656 0.258035 0.349721 0.076314 0.174274
2 1 0.157156 0.259718 0.339143 0.073956 0.170027
2 1 0.155863 0.259391 0.340763 0.074828 0.169154
2 2 0.150528 0.257286 0.365015 0.075371 0.151800
2 2 0.167934 0.256195 0.378661 0.069888 0.127322
2 2 0.197235 0.252663 0.378076 0.067996 0.104031
2 2 0.215772 0.250353 0.382559 0.060071 0.091244
2 2 0.214791 0.250468 0.382090 0.060737 0.091914
2 2 0.210640 0.250905 0.380036 0.063630 0.094791
2 2 0.193701 0.253842 0.382891 0.063582 0.105984
2 1 0.188958 0.254320 0.381709 0.065363 0.109650
2 1 0.208327 0.257618 0.360158 0.058013 0.115883
2 1 0.232286 0.256518 0.339504 0.058784 0.112907
2 2 0.208758 0.251077 0.379066 0.064982 0.096117
2 2 0.212720 0.250695 0.381080 0.062164 0.093340
2 2 0.213662 0.250864 0.383893 0.059206 0.092375
2 2 0.227588 0.248658 0.387710 0.052569 0.083475
2 2 0.233984 0.247946 0.388200 0.049258 0.080613
2 2 0.294661 0.254019 0.312423 0.036567 0.102330
0 1 0.301001 0.259880 0.246613 0.030498 0.162007
4 1 0.236785 0.254535 0.191067 0.031868 0.285745
4 1 0.146689 0.250345 0.217570 0.049682 0.335714
4 2 0.105724 0.250883 0.279111 0.057319 0.306963
2 2 0.083323 0.249525 0.362697 0.056607 0.247847
2 2 0.120662 0.259170 0.390388 0.052194 0.177586
2 2 0.164981 0.258582 0.395060 0.054060 0.127317
2 2 0.204151 0.252452 0.379363 0.063842 0.100193
2 2 0.192603 0.252142 0.371260 0.076008 0.107987
2 2 0.194744 0.251902 0.371482 0.075457 0.106415
2 2 0.191504 0.252561 0.372780 0.074478 0.108677
2 1 0.175780 0.255346 0.378203 0.070113 0.120558
2 1 0.132087 0.257513 0.376192 0.068573 0.165636
2 1 0.096272 0.255553 0.358728 0.046892 0.242555
4 1 0.093592 0.250239 0.293717 0.039076 0.323376
4 1 0.132265 0.259096 0.272744 0.039929 0.295967
2 1 0.202091 0.244126 0.263901 0.076784 0.213098
2 2 0.210242 0.258763 0.333970 0.066261 0.130764
2 2 0.199839 0.253310 0.385819 0.059815 0.101217
2 2 0.212003 0.250770 0.380723 0.062666 0.093838
2 2 0.212791 0.251173 0.385404 0.057925 0.092707
2 1 0.246466 0.244848 0.394152 0.042365 0.072169
2 1 0.247026 0.244712 0.396823 0.040088 0.071351
0 1 0.353908 0.180798 0.294396 0.065019 0.105878
0 2 0.315719 0.196808 0.276781 0.075161 0.135531
2 2 0.235133 0.263217 0.304773 0.048906 0.147971
0 2 0.269700 0.259965 0.259006 0.050412 0.160918
4 2 0.094007 0.223040 0.182744 0.053157 0.447052
4 1 0.091739 0.220226 0.176278 0.034321 0.477437
4 1 0.180748 0.235292 0.197457 0.038331 0.348173
