0 0 0.652786 0.058052 0.224842 0.014862 0.049458
0 0 0.837140 0.041848 0.066212 0.005747 0.049053
0 0 0.901811 0.029148 0.033085 0.002612 0.033344
0 0 0.863267 0.042892 0.045408 0.004458 0.043974
0 0 0.820101 0.063214 0.046681 0.006948 0.063056
0 0 0.836305 0.049915 0.039909 0.006006 0.067865
0 0 0.895590 0.033094 0.022676 0.002797 0.045843
0 0 0.919923 0.030816 0.017020 0.001764 0.030476
0 0 0.886078 0.035653 0.024351 0.003009 0.050909
0 0 0.833174 0.045829 0.039478 0.006179 0.075340
0 0 0.873511 0.027201 0.024730 0.003629 0.070929
0 0 0.884806 0.023543 0.035849 0.003377 0.052425
0 0 0.843894 0.041530 0.036867 0.005520 0.072189
0 0 0.831156 0.045104 0.056700 0.006441 0.060599
0 0 0.850252 0.034561 0.055526 0.005236 0.054426
0 0 0.800693 0.085046 0.054101 0.007662 0.052498
0 0 0.849850 0.056104 0.037541 0.005058 0.051447
0 0 0.836004 0.051190 0.040286 0.006022 0.066498
0 0 0.667397 0.141204 0.093770 0.014945 0.082683
0 0 0.515542 0.185532 0.154623 0.032212 0.112090
0 0 0.485698 0.158439 0.228783 0.039647 0.087433
0 0 0.642022 0.053839 0.244028 0.014411 0.045700
0 0 0.684496 0.053903 0.189758 0.014164 0.057679
0 0 0.581134 0.067668 0.258836 0.022553 0.069809
0 0 0.513703 0.098826 0.227648 0.023891 0.135932
0 0 0.408671 0.149076 0.109523 0.013923 0.318807
4 1 0.240478 0.124774 0.078859 0.010196 0.545693
4 0 0.253288 0.108518 0.077098 0.010733 0.550362
4 0 0.309820 0.042179 0.027367 0.002719 0.617916
4 0 0.315561 0.045604 0.026414 0.002395 0.610026
4 1 0.285503 0.070944 0.031159 0.002422 0.609973
4 1 0.208092 0.131730 0.056201 0.005064 0.598913
4 1 0.143739 0.103537 0.041484 0.003388 0.707853
4 1 0.066943 0.086053 0.039324 0.003715 0.803965
4 1 0.044610 0.046816 0.019609 0.001527 0.887437
4 1 0.041859 0.047179 0.027026 0.002867 0.881069
4 1 0.071232 0.035802 0.021110 0.002051 0.869805
4 1 0.145136 0.040487 0.021423 0.001816 0.791139
4 4 0.162030 0.038806 0.020147 0.001646 0.777371
4 4 0.174697 0.037766 0.022263 0.002031 0.763243
4 4 0.081806 0.020285 0.018288 0.002309 0.877312
4 4 0.087449 0.022213 0.023188 0.003423 0.863728
4 4 0.149794 0.022279 0.030498 0.005590 0.791839
0 4 0.550084 0.039652 0.091123 0.009071 0.310070
4 4 0.426500 0.075983 0.044044 0.004526 0.448946
4 4 0.346541 0.140907 0.063254 0.005992 0.443307
4 4 0.165193 0.096031 0.040667 0.003402 0.694708
4 4 0.132930 0.092193 0.040103 0.003464 0.731309
4 4 0.070778 0.116033 0.050561 0.004895 0.757733
4 4 0.044809 0.154720 0.072869 0.008559 0.719043
4 4 0.040202 0.164979 0.090648 0.012724 0.691448
4 4 0.056705 0.224931 0.191130 0.028175 0.499059
4 4 0.051320 0.226319 0.161470 0.025121 0.535770
4 4 0.051440 0.197997 0.134111 0.020687 0.595765
4 4 0.057491 0.186732 0.135492 0.021527 0.598757
4 4 0.075159 0.167196 0.112492 0.018266 0.626886
4 4 0.088056 0.123409 0.068173 0.008280 0.712082
4 4 0.081663 0.142259 0.065534 0.006973 0.703571
4 4 0.051362 0.156801 0.075687 0.009022 0.707128
4 4 0.047613 0.196503 0.118698 0.018926 0.618260
4 4 0.066515 0.193742 0.226245 0.027530 0.485968
2 4 0.076293 0.177799 0.423571 0.039636 0.282701
2 4 0.087552 0.185321 0.387676 0.042165 0.297285
4 4 0.090647 0.178286 0.345133 0.035984 0.349951
4 4 0.071026 0.168158 0.162244 0.022135 0.576437
4 4 0.060077 0.124340 0.082817 0.012515 0.720250
4 4 0.055681 0.082873 0.057196 0.008113 0.796137
4 4 0.058078 0.035519 0.027834 0.003617 0.874952
4 4 0.082586 0.019339 0.018522 0.002449 0.877103
4 4 0.162881 0.027651 0.022447 0.002601 0.784420
4 4 0.236477 0.037322 0.019402 0.001532 0.705267
4 1 0.150763 0.070749 0.031668 0.002608 0.744212
4 1 0.107090 0.046661 0.019634 0.001416 0.825198
4 1 0.119685 0.055260 0.033424 0.003528 0.788102
4 1 0.155597 0.028336 0.015403 0.001225 0.799439
4 1 0.367510 0.073211 0.054045 0.006956 0.498277
0 1 0.617666 0.056753 0.045509 0.006118 0.273954
0 0 0.613713 0.037162 0.126092 0.023386 0.199647
2 0 0.222630 0.028577 0.630942 0.045658 0.072194
2 0 0.062521 0.004912 0.912988 0.012424 0.007155
2 0 0.245626 0.009400 0.677148 0.021031 0.046795
2 0 0.234751 0.054957 0.527370 0.070799 0.112122
2 0 0.026063 0.009131 0.943016 0.018072 0.003718
2 0 0.025755 0.013779 0.931825 0.024195 0.004446
2 0 0.096048 0.043541 0.768018 0.059646 0.032746
2 0 0.182083 0.102630 0.490387 0.106861 0.118039
2 0 0.161456 0.157951 0.509621 0.100529 0.070442
2 0 0.198061 0.268762 0.337509 0.056409 0.139258
2 0 0.191433 0.189541 0.411501 0.038457 0.169068
2 0 0.048546 0.028991 0.875098 0.031920 0.015445
2 0 0.033128 0.020561 0.911980 0.024569 0.009762
2 0 0.069100 0.054375 0.790152 0.040768 0.045606
2 0 0.208306 0.142957 0.466894 0.046185 0.135658
0 0 0.438547 0.175742 0.164115 0.024487 0.197109
0 0 0.519096 0.113947 0.192780 0.024829 0.149348
0 0 0.553114 0.072523 0.226966 0.024293 0.123103
0 0 0.623945 0.051188 0.240605 0.018112 0.066150
0 0 0.483456 0.047525 0.403164 0.020816 0.045038
0 0 0.663628 0.042799 0.237659 0.012271 0.043643
0 0 0.803728 0.030907 0.115125 0.006544 0.043697
0 0 0.761278 0.024456 0.108530 0.009889 0.095847
0 0 0.730828 0.028356 0.111133 0.012450 0.117234
0 0 0.714815 0.026720 0.046680 0.011105 0.200680
0 0 0.694489 0.035130 0.057342 0.014046 0.198994
0 0 0.749320 0.061210 0.058590 0.010324 0.120555
0 0 0.663859 0.124539 0.077239 0.010656 0.123708
0 0 0.581202 0.195876 0.089675 0.010405 0.122842
0 0 0.683127 0.138519 0.065419 0.007244 0.105691
0 0 0.641611 0.105644 0.054099 0.005678 0.192968
0 0 0.539657 0.116583 0.065470 0.007486 0.270804
0 0 0.444254 0.131635 0.065768 0.006823 0.351520
4 1 0.355987 0.144623 0.064653 0.006146 0.428592
4 1 0.266354 0.137190 0.066404 0.006760 0.523292
4 1 0.263737 0.122902 0.086498 0.012330 0.514533
4 0 0.313137 0.103696 0.085754 0.013592 0.483821
0 0 0.480947 0.076499 0.066975 0.010373 0.365206
0 0 0.454980 0.088203 0.091095 0.017272 0.348450
0 0 0.593609 0.083122 0.166427 0.027592 0.129250
0 0 0.650395 0.075697 0.145258 0.021894 0.106756
0 0 0.686110 0.107030 0.130445 0.016037 0.060379
0 1 0.413475 0.072639 0.394344 0.029314 0.090227
0 4 0.559122 0.040512 0.269141 0.016639 0.114586
0 4 0.690975 0.012125 0.267400 0.005110 0.024389
0 4 0.903828 0.012082 0.065027 0.001672 0.017390
0 0 0.904169 0.020556 0.059500 0.001740 0.014036
0 0 0.851521 0.033048 0.089792 0.003657 0.021982
0 0 0.526082 0.073080 0.328961 0.021950 0.049926
0 0 0.550149 0.070819 0.165824 0.017850 0.195359
0 0 0.512208 0.048511 0.314804 0.029057 0.095420
0 0 0.797616 0.021392 0.078146 0.007626 0.095220
0 0 0.918806 0.007958 0.008538 0.001119 0.063578
0 0 0.816038 0.027731 0.022072 0.002668 0.131491
0 0 0.877874 0.038938 0.016589 0.001291 0.065308
0 0 0.730943 0.083781 0.039648 0.003754 0.141875
0 0 0.726318 0.069154 0.022629 0.001398 0.180501
0 4 0.462342 0.098921 0.041248 0.003310 0.394178
4 4 0.197066 0.070681 0.037534 0.003575 0.691144
4 4 0.092358 0.095258 0.058925 0.007439 0.746021
4 4 0.064889 0.142643 0.089373 0.013111 0.689984
4 4 0.058330 0.186155 0.152288 0.021708 0.581518
2 4 0.067497 0.168848 0.494372 0.037990 0.231293
2 2 0.074300 0.173339 0.427724 0.036853 0.287784
4 2 0.083200 0.174435 0.305181 0.033565 0.403619
4 2 0.121269 0.170909 0.144109 0.018212 0.545500
4 2 0.116845 0.171123 0.148380 0.018499 0.545153
4 2 0.086214 0.113928 0.082860 0.012716 0.704281
4 2 0.105361 0.092318 0.116365 0.015843 0.670113
4 2 0.124133 0.087774 0.108933 0.017245 0.661915
4 2 0.215197 0.121754 0.230295 0.032983 0.399771
4 2 0.175355 0.101244 0.127504 0.021016 0.574882
4 2 0.201941 0.104930 0.101214 0.017512 0.574403
4 2 0.216415 0.078065 0.082649 0.015699 0.607172
4 2 0.286934 0.051645 0.048279 0.007200 0.605941
4 2 0.344853 0.045741 0.036222 0.004434 0.568750
4 2 0.314238 0.051076 0.035629 0.003976 0.595081
4 2 0.260445 0.066295 0.054085 0.007560 0.611615
4 2 0.222825 0.061418 0.056964 0.008921 0.649871
4 2 0.224121 0.058739 0.053103 0.008019 0.656019
4 2 0.309111 0.105617 0.166897 0.034705 0.383669
0 2 0.524456 0.099450 0.181391 0.036153 0.158550
0 1 0.544525 0.106664 0.169314 0.030249 0.149247
2 1 0.352996 0.087022 0.384583 0.041024 0.134375
2 2 0.137180 0.047691 0.711960 0.058763 0.044406
2 1 0.132134 0.043097 0.725145 0.049291 0.050333
2 2 0.034363 0.010958 0.928205 0.021036 0.005438
2 2 0.055721 0.016815 0.886693 0.029564 0.011207
2 2 0.056684 0.021401 0.874000 0.035102 0.012813
2 2 0.117188 0.041438 0.756220 0.051944 0.033210
2 2 0.209667 0.053456 0.603523 0.060605 0.072749
2 2 0.251730 0.092123 0.457984 0.081222 0.116941
0 1 0.368106 0.121579 0.210135 0.063639 0.236541
0 1 0.523465 0.083603 0.111007 0.027124 0.254801
0 4 0.722436 0.042390 0.090824 0.014317 0.130032
0 0 0.645249 0.042413 0.196521 0.018909 0.096909
0 0 0.793409 0.021261 0.122388 0.006834 0.056108
0 0 0.747078 0.030967 0.165123 0.008780 0.048053
0 0 0.618764 0.048179 0.255359 0.017256 0.060442
2 0 0.344673 0.054733 0.518582 0.032690 0.049322
0 0 0.539082 0.066285 0.282820 0.027977 0.083836
0 0 0.600424 0.092254 0.152629 0.028556 0.126137
0 0 0.583686 0.105501 0.119532 0.027664 0.163617
0 0 0.426019 0.164615 0.157399 0.034133 0.217835
4 1 0.295798 0.171839 0.154736 0.031322 0.346304
4 1 0.223268 0.168474 0.133065 0.023537 0.451656
4 1 0.129744 0.159658 0.091629 0.012006 0.606964
4 1 0.074081 0.170833 0.120489 0.016129 0.618468
4 1 0.065146 0.163372 0.119728 0.015129 0.636625
4 1 0.049100 0.183761 0.114904 0.016887 0.635348
4 1 0.061102 0.203405 0.265341 0.027880 0.442272
4 1 0.063931 0.201067 0.237456 0.028085 0.469461
2 2 0.067231 0.167244 0.534619 0.044335 0.186572
2 2 0.074573 0.174347 0.446372 0.039586 0.265122
2 2 0.082698 0.148016 0.470179 0.036452 0.262655
4 2 0.076744 0.182450 0.282653 0.031577 0.426576
4 2 0.075218 0.188756 0.208984 0.030260 0.496782
2 2 0.086111 0.183896 0.349831 0.041569 0.338593
4 2 0.092064 0.159957 0.249584 0.031173 0.467222
4 2 0.088557 0.163834 0.300990 0.032714 0.413904
4 2 0.084296 0.153419 0.185052 0.025311 0.551921
4 2 0.101481 0.154645 0.252771 0.033624 0.457480
4 2 0.118091 0.123402 0.131766 0.021838 0.604903
4 2 0.105319 0.124850 0.152316 0.023768 0.593747
4 2 0.150384 0.154128 0.190883 0.027927 0.476679
4 2 0.164919 0.162343 0.278398 0.035092 0.359247
2 2 0.186363 0.126802 0.467289 0.045938 0.173609
2 1 0.108751 0.051524 0.740247 0.053267 0.046211
2 2 0.057751 0.019044 0.878471 0.032368 0.012365
2 2 0.038606 0.011910 0.920556 0.022522 0.006406
2 2 0.025680 0.012330 0.934334 0.023362 0.004294
2 2 0.031243 0.018343 0.903753 0.039557 0.007103
2 2 0.030629 0.019657 0.876960 0.063917 0.008836
2 2 0.030344 0.019635 0.870016 0.070806 0.009199
2 2 0.020089 0.010633 0.900318 0.063736 0.005223
2 2 0.023849 0.014039 0.874387 0.080456 0.007269
2 2 0.021139 0.012072 0.848281 0.111110 0.007399
2 2 0.024327 0.014928 0.850239 0.102064 0.008442
2 2 0.031610 0.019657 0.842056 0.095525 0.011152
2 2 0.040691 0.024091 0.832779 0.088071 0.014368
2 2 0.033038 0.022891 0.824469 0.106937 0.012666
2 2 0.026174 0.017749 0.791289 0.153181 0.011607
2 2 0.026016 0.019728 0.683780 0.254532 0.015945
2 3 0.023718 0.019918 0.551784 0.384797 0.019783
3 3 0.018775 0.017900 0.374742 0.565689 0.022893
3 2 0.016132 0.018537 0.235737 0.701132 0.028462
3 2 0.017658 0.022660 0.205235 0.719298 0.035148
3 3 0.018636 0.022223 0.246168 0.680501 0.032472
3 3 0.016246 0.020442 0.199420 0.731253 0.032639
3 3 0.017372 0.021831 0.210831 0.716171 0.033795
3 3 0.014528 0.020254 0.149690 0.780084 0.035445
3 3 0.015361 0.021755 0.151885 0.773593 0.037405
3 3 0.014376 0.018116 0.180371 0.756584 0.030553
3 3 0.017989 0.026392 0.161026 0.751622 0.042971
3 3 0.017715 0.027841 0.139175 0.768397 0.046872
3 3 0.019102 0.032687 0.125288 0.767957 0.054965
3 3 0.018455 0.030382 0.131412 0.768620 0.051131
3 3 0.023133 0.037122 0.165401 0.718358 0.055986
3 2 0.026662 0.036528 0.240387 0.646968 0.049456
3 3 0.035371 0.046944 0.280044 0.578392 0.059249
2 3 0.069695 0.059195 0.555944 0.258267 0.056899
2 3 0.028388 0.027764 0.483446 0.432181 0.028220
3 3 0.022389 0.024778 0.326034 0.595088 0.031710
2 3 0.036308 0.036918 0.534706 0.359386 0.032682
3 3 0.009509 0.015112 0.082117 0.860301 0.032960
3 3 0.009509 0.016469 0.069348 0.867717 0.036957
3 3 0.007665 0.013196 0.058739 0.888276 0.032124
3 3 0.007832 0.013492 0.059724 0.886374 0.032578
3 3 0.007319 0.012585 0.056681 0.892247 0.031168
3 3 0.007751 0.013350 0.059251 0.887288 0.032360
3 3 0.007474 0.012859 0.057606 0.890463 0.031598
3 3 0.009031 0.015619 0.066655 0.872950 0.035744
3 3 0.011285 0.019638 0.079062 0.848754 0.041262
3 3 0.010840 0.018842 0.076668 0.853439 0.040211
3 3 0.013376 0.023390 0.089985 0.827269 0.045980
3 3 0.018833 0.026826 0.102200 0.791882 0.060259
3 3 0.029678 0.031722 0.128388 0.727932 0.082281
2 2 0.100184 0.068571 0.422700 0.303012 0.105533
2 1 0.115309 0.061288 0.660078 0.105390 0.057934
2 2 0.118658 0.099913 0.595632 0.061505 0.124292
2 2 0.087772 0.080891 0.695183 0.085979 0.050176
2 1 0.116219 0.085024 0.559141 0.157127 0.082490
2 1 0.234386 0.103207 0.467914 0.085439 0.109054
0 0 0.306320 0.133906 0.295690 0.045442 0.218643
2 1 0.131255 0.116276 0.563144 0.074548 0.114776
4 1 0.113029 0.175698 0.288857 0.046830 0.375586
2 1 0.113879 0.168854 0.369783 0.051999 0.295485
4 1 0.182487 0.199568 0.231880 0.036600 0.349465
2 1 0.257796 0.194582 0.307327 0.042655 0.197641
4 1 0.188466 0.213401 0.165808 0.026551 0.405774
4 1 0.124284 0.200725 0.136456 0.022714 0.515821
4 1 0.111428 0.153998 0.091603 0.012453 0.630518
4 1 0.155663 0.166916 0.098234 0.013190 0.565997
4 1 0.171316 0.163238 0.094023 0.012203 0.559220
4 1 0.226101 0.186417 0.123396 0.018869 0.445218
0 0 0.326005 0.137041 0.229935 0.035314 0.271706
2 0 0.304960 0.102254 0.345865 0.033656 0.213265
4 0 0.170304 0.117470 0.089700 0.012679 0.609847
4 1 0.067515 0.132664 0.096271 0.015932 0.687618
4 1 0.041655 0.090800 0.048171 0.005570 0.813803
4 1 0.043325 0.122414 0.069992 0.009359 0.754910
4 1 0.067701 0.165019 0.092616 0.012651 0.662013
4 1 0.068963 0.196880 0.118262 0.018145 0.597750
4 1 0.063542 0.226819 0.179253 0.025939 0.504447
4 1 0.051367 0.209686 0.163273 0.022398 0.553276
4 1 0.053372 0.201717 0.168318 0.022089 0.554504
4 1 0.062898 0.211997 0.242237 0.030101 0.452767
4 4 0.065463 0.207303 0.263584 0.031171 0.432479
4 4 0.073205 0.199686 0.337537 0.037746 0.351826
4 4 0.067195 0.197983 0.220492 0.028685 0.485644
4 4 0.069537 0.205927 0.222640 0.031841 0.470055
4 4 0.064511 0.193202 0.186860 0.025857 0.529571
4 4 0.068760 0.181289 0.198386 0.025461 0.526104
4 4 0.068185 0.178395 0.200773 0.024651 0.527996
4 4 0.076933 0.178477 0.301893 0.031385 0.411312
4 4 0.062726 0.199459 0.203820 0.026469 0.507527
4 4 0.058765 0.177186 0.142412 0.020438 0.601199
4 4 0.062307 0.181716 0.164879 0.022595 0.568503
4 4 0.077552 0.165278 0.220816 0.025942 0.510412
4 4 0.087548 0.177133 0.332633 0.033382 0.369304
2 4 0.104641 0.113736 0.564310 0.037732 0.179581
2 4 0.133160 0.047991 0.744172 0.029938 0.044739
2 4 0.347272 0.022042 0.593925 0.014258 0.022502
0 4 0.683236 0.031710 0.245160 0.008680 0.031214
0 4 0.675461 0.070946 0.091683 0.009379 0.152530
0 4 0.486681 0.115018 0.078765 0.010794 0.308742
4 4 0.157386 0.075293 0.050533 0.006230 0.710558
4 4 0.166400 0.097737 0.055638 0.006224 0.674001
4 4 0.104010 0.075170 0.045629 0.005274 0.769917
4 4 0.067785 0.127907 0.093907 0.015558 0.694844
4 4 0.077874 0.131705 0.078100 0.010453 0.701868
4 4 0.089367 0.113589 0.099767 0.018625 0.678651
4 0 0.121029 0.046296 0.052503 0.009737 0.770435
4 0 0.129783 0.020277 0.026689 0.004660 0.818591
4 0 0.265415 0.013365 0.020296 0.003506 0.697418
4 0 0.437142 0.019137 0.026316 0.004431 0.512974
0 0 0.752474 0.022031 0.020946 0.002721 0.201828
0 0 0.800430 0.028334 0.022944 0.002803 0.145489
0 0 0.744748 0.058981 0.034906 0.003722 0.157643
0 0 0.545396 0.105803 0.047492 0.004232 0.297078
4 1 0.118510 0.180211 0.099429 0.013067 0.588783
4 1 0.053849 0.178506 0.115587 0.018975 0.633083
4 0 0.064359 0.201905 0.280915 0.029879 0.422941
4 1 0.068830 0.194714 0.326550 0.032722 0.377184
2 1 0.074115 0.174765 0.432159 0.037762 0.281199
2 2 0.074628 0.166107 0.479717 0.040367 0.239182
2 2 0.062208 0.087466 0.729983 0.037719 0.082623
2 2 0.056286 0.059261 0.802073 0.035520 0.046860
2 2 0.044315 0.032432 0.873835 0.029201 0.020216
2 2 0.048369 0.053348 0.828650 0.035781 0.033852
2 2 0.062156 0.084634 0.743052 0.043856 0.066302
2 2 0.075836 0.135083 0.596675 0.048114 0.144293
2 2 0.083256 0.163558 0.478947 0.046196 0.228043
2 2 0.077529 0.132042 0.598996 0.048241 0.143192
2 2 0.085637 0.130641 0.560783 0.044064 0.178874
2 2 0.066760 0.073682 0.752529 0.039765 0.067264
2 2 0.051271 0.051647 0.826346 0.034527 0.036209
2 2 0.027384 0.017439 0.924989 0.023528 0.006659
2 2 0.026036 0.016490 0.928754 0.022598 0.006122
2 2 0.039934 0.031969 0.881326 0.029200 0.017571
2 2 0.064738 0.052749 0.803928 0.038455 0.040131
2 2 0.177963 0.115457 0.560821 0.036989 0.108769
2 0 0.204118 0.142022 0.441150 0.038698 0.174012
2 1 0.108452 0.097811 0.640276 0.056633 0.096829
2 2 0.123947 0.089631 0.637981 0.045618 0.102823
2 2 0.090134 0.058649 0.744425 0.045147 0.061645
2 2 0.161645 0.096390 0.504484 0.044279 0.193202
2 2 0.149864 0.101661 0.560292 0.049811 0.138373
2 2 0.184557 0.126564 0.427790 0.041271 0.219817
2 2 0.152582 0.081136 0.637821 0.042930 0.085531
2 2 0.138758 0.065211 0.693999 0.040615 0.061417
2 2 0.115692 0.055069 0.740478 0.044633 0.044128
2 2 0.139478 0.051644 0.738007 0.042081 0.028790
2 2 0.243430 0.089129 0.570825 0.048452 0.048164
2 1 0.227400 0.118707 0.538103 0.055794 0.059996
2 2 0.110683 0.110791 0.623860 0.070671 0.083996
2 1 0.088508 0.081456 0.703555 0.063907 0.062574
2 2 0.090949 0.064563 0.733149 0.055336 0.056004
2 2 0.102518 0.092506 0.646973 0.057568 0.100434
2 2 0.069801 0.049398 0.797330 0.053811 0.029660
2 2 0.079297 0.072942 0.734379 0.048589 0.064792
2 2 0.075949 0.097817 0.696107 0.073611 0.056515
2 2 0.053456 0.045338 0.830256 0.049799 0.021151
2 2 0.046444 0.031306 0.872709 0.028856 0.020685
2 2 0.042051 0.025293 0.889468 0.029583 0.013605
2 2 0.049374 0.025489 0.876437 0.035020 0.013680
2 2 0.066539 0.035353 0.832067 0.041906 0.024135
2 2 0.110541 0.085761 0.652470 0.065283 0.085946
2 1 0.108776 0.115681 0.596570 0.083556 0.095417
2 2 0.107936 0.174714 0.456567 0.079984 0.180799
2 2 0.103064 0.154804 0.517511 0.077584 0.147037
2 2 0.125996 0.145279 0.430618 0.060867 0.237240
2 0 0.127488 0.097801 0.582810 0.062757 0.129144
2 1 0.139478 0.131408 0.368101 0.049330 0.311683
4 2 0.183852 0.137464 0.300194 0.041514 0.336977
4 2 0.148219 0.146630 0.310790 0.045693 0.348667
2 2 0.139146 0.134555 0.459843 0.055468 0.210989
2 2 0.120546 0.112620 0.549579 0.049877 0.167377
2 2 0.117487 0.098917 0.628841 0.041809 0.112946
2 2 0.043448 0.029129 0.879602 0.032701 0.015120
2 2 0.044272 0.022567 0.889482 0.032441 0.011237
2 2 0.062739 0.025064 0.859502 0.038108 0.014587
2 2 0.184481 0.084096 0.608579 0.053853 0.068992
4 1 0.260732 0.146354 0.165196 0.029007 0.398712
0 2 0.344063 0.127449 0.167402 0.026324 0.334761
4 2 0.406637 0.088213 0.080846 0.013546 0.410758
0 1 0.697976 0.067695 0.081601 0.008974 0.143754
0 1 0.540291 0.095042 0.172831 0.019288 0.172549
2 2 0.235786 0.124498 0.444923 0.047793 0.147001
4 2 0.103803 0.130077 0.192093 0.025892 0.548135
2 2 0.126237 0.108758 0.498951 0.045452 0.220603
2 1 0.261760 0.130633 0.326960 0.046665 0.233981
0 0 0.569369 0.089408 0.179687 0.027549 0.133988
0 0 0.624724 0.075505 0.071162 0.010854 0.217755
0 0 0.347517 0.152621 0.152697 0.024145 0.323020
4 1 0.176035 0.164774 0.124173 0.021059 0.513959
4 1 0.082266 0.120806 0.077118 0.010787 0.709023
4 1 0.043927 0.059676 0.032533 0.003466 0.860399
4 1 0.030998 0.061587 0.032213 0.003436 0.871766
4 1 0.028980 0.045067 0.023718 0.002377 0.899858
4 1 0.048635 0.059764 0.039796 0.005094 0.846712
4 2 0.091596 0.126678 0.126425 0.021610 0.633691
2 2 0.116613 0.110773 0.515385 0.043737 0.213492
2 2 0.039460 0.024525 0.893859 0.030371 0.011784
2 1 0.035831 0.027911 0.892678 0.031764 0.011816
2 2 0.032324 0.020008 0.909405 0.031308 0.006955
2 2 0.044748 0.026794 0.878373 0.038363 0.011723
2 2 0.040638 0.022301 0.892686 0.035266 0.009109
2 2 0.038449 0.025799 0.887627 0.038921 0.009205
2 2 0.032889 0.020253 0.907515 0.032415 0.006928
2 2 0.039209 0.026807 0.884362 0.040045 0.009577
2 2 0.033036 0.020592 0.903286 0.035781 0.007305
2 2 0.027734 0.016150 0.909481 0.040410 0.006225
2 2 0.026184 0.015496 0.891946 0.059374 0.007000
2 2 0.024964 0.014353 0.898461 0.055824 0.006397
2 2 0.027331 0.016516 0.888706 0.060022 0.007424
2 2 0.025403 0.014643 0.900336 0.053233 0.006385
2 2 0.022645 0.011842 0.926293 0.034718 0.004501
2 2 0.021228 0.010782 0.929181 0.034657 0.004152
2 2 0.016160 0.007126 0.945818 0.028203 0.002693
2 2 0.014561 0.006385 0.933933 0.042246 0.002875
2 2 0.015654 0.007528 0.900403 0.072320 0.004095
2 2 0.015472 0.007662 0.877717 0.094516 0.004633
2 2 0.017236 0.008657 0.896676 0.072806 0.004625
2 2 0.016749 0.007970 0.920604 0.050939 0.003738
2 2 0.016456 0.007636 0.929232 0.043297 0.003379
2 2 0.018139 0.008897 0.920337 0.048598 0.004028
2 2 0.014908 0.006712 0.926061 0.049135 0.003184
2 2 0.017291 0.008370 0.918082 0.052319 0.003938
2 2 0.014657 0.006265 0.944697 0.031849 0.002532
2 2 0.019572 0.009489 0.936086 0.031275 0.003578
2 2 0.024054 0.012979 0.921850 0.036171 0.004945
2 2 0.024406 0.014126 0.890235 0.064547 0.006687
2 2 0.019701 0.010645 0.882975 0.080925 0.005755
2 2 0.014512 0.006838 0.894407 0.080306 0.003937
2 2 0.012284 0.005131 0.926168 0.053789 0.002628
2 2 0.016340 0.007963 0.902492 0.068990 0.004215
2 2 0.020617 0.012194 0.828065 0.131239 0.007885
2 2 0.021453 0.013480 0.788899 0.166658 0.009510
2 2 0.019876 0.012101 0.789655 0.169628 0.008740
2 2 0.017776 0.010964 0.734116 0.227985 0.009159
2 2 0.026175 0.019265 0.714970 0.224839 0.014751
2 2 0.024667 0.018724 0.661932 0.278760 0.015917
2 3 0.035542 0.025716 0.730176 0.189429 0.019137
2 2 0.030344 0.020642 0.835427 0.102427 0.011159
2 2 0.040437 0.024272 0.832106 0.088831 0.014353
2 2 0.043063 0.020693 0.856569 0.066703 0.012972
2 2 0.106279 0.040833 0.723609 0.087096 0.042182
2 0 0.242774 0.088460 0.552046 0.057461 0.059258
2 1 0.123822 0.074564 0.681639 0.063121 0.056854
2 2 0.055489 0.040822 0.834156 0.050578 0.018956
2 1 0.055084 0.032285 0.855084 0.038770 0.018777
2 2 0.071518 0.044759 0.804894 0.035120 0.043710
2 2 0.070497 0.036794 0.823949 0.040342 0.028418
2 2 0.178534 0.090717 0.554753 0.050578 0.125417
0 1 0.386401 0.149762 0.267879 0.028234 0.167724
2 1 0.169390 0.115249 0.490583 0.045341 0.179436
2 1 0.178703 0.122588 0.425061 0.038155 0.235492
4 2 0.107822 0.143920 0.195949 0.025060 0.527248
4 1 0.069408 0.180884 0.128691 0.022515 0.598502
4 1 0.054121 0.217155 0.142242 0.025052 0.561430
4 1 0.070724 0.193000 0.286943 0.031409 0.417924
2 2 0.042796 0.033513 0.871889 0.035701 0.016101
2 2 0.033796 0.013277 0.923006 0.024079 0.005843
2 2 0.034503 0.014548 0.919011 0.025688 0.006250
2 1 0.064484 0.071735 0.764033 0.043281 0.056468
2 2 0.053370 0.076286 0.778010 0.042745 0.049589
2 2 0.059911 0.090320 0.731638 0.039117 0.079015
2 2 0.047384 0.046652 0.842415 0.031863 0.031686
2 2 0.050285 0.052898 0.826058 0.036527 0.034232
2 2 0.035994 0.024223 0.900084 0.028493 0.011206
2 2 0.037129 0.023452 0.900603 0.026929 0.011886
2 2 0.028742 0.014334 0.928703 0.022432 0.005789
2 2 0.037731 0.025678 0.895936 0.027205 0.013449
2 2 0.041345 0.029036 0.883248 0.031590 0.014781
2 2 0.067703 0.061997 0.778341 0.046602 0.045358
2 2 0.072848 0.080710 0.733775 0.057344 0.055323
2 2 0.059691 0.051771 0.810712 0.047970 0.029857
2 2 0.050818 0.033262 0.860484 0.036309 0.019127
2 2 0.053126 0.035177 0.854239 0.034492 0.022966
2 2 0.070584 0.066476 0.759970 0.039214 0.063756
2 2 0.061396 0.100158 0.720570 0.055562 0.062314
2 2 0.053392 0.041484 0.837270 0.048418 0.019437
2 2 0.034001 0.019096 0.910378 0.028923 0.007602
2 2 0.043769 0.028008 0.879728 0.035129 0.013366
2 2 0.067257 0.054017 0.794334 0.041521 0.042871
2 2 0.106107 0.120501 0.516488 0.043711 0.213194
4 1 0.099002 0.154369 0.313320 0.034448 0.398860
4 1 0.082149 0.168425 0.221186 0.028586 0.499654
4 1 0.055945 0.137484 0.091474 0.014281 0.700815
4 1 0.066479 0.184482 0.177692 0.024933 0.546414
4 1 0.064909 0.192075 0.185438 0.025802 0.531777
4 1 0.069872 0.197213 0.262026 0.031070 0.439818
4 2 0.059567 0.185046 0.170223 0.022050 0.563114
4 2 0.072787 0.188133 0.325204 0.033071 0.380805
4 1 0.063865 0.212395 0.266625 0.031596 0.425519
2 1 0.068167 0.199636 0.363887 0.036286 0.332025
2 2 0.070586 0.181351 0.455717 0.040768 0.251577
2 2 0.066135 0.109020 0.679448 0.043345 0.102052
2 2 0.075216 0.081657 0.716649 0.041410 0.085068
2 2 0.074517 0.056344 0.776565 0.041544 0.051030
2 1 0.100105 0.071685 0.719667 0.045092 0.063451
2 2 0.058652 0.046907 0.820364 0.048918 0.025158
2 2 0.060556 0.047609 0.818296 0.040650 0.032888
2 2 0.049518 0.040464 0.850302 0.033638 0.026078
2 2 0.083985 0.084112 0.705695 0.075637 0.050571
0 2 0.332284 0.230956 0.210335 0.049514 0.176911
0 0 0.432310 0.226807 0.132319 0.019547 0.189018
4 4 0.229364 0.293313 0.110147 0.011144 0.356032
4 4 0.079144 0.311452 0.201208 0.038498 0.369698
4 4 0.055386 0.216129 0.192843 0.025778 0.509865
4 4 0.071149 0.188456 0.331259 0.032557 0.376579
4 4 0.069419 0.204541 0.285976 0.033729 0.406335
4 4 0.065768 0.199125 0.179511 0.027601 0.527995
4 4 0.063170 0.207532 0.175069 0.028003 0.526226
4 4 0.058751 0.141984 0.096987 0.015605 0.686673
4 4 0.108340 0.114211 0.092509 0.015717 0.669223
4 4 0.165660 0.092275 0.081837 0.013895 0.646332
4 4 0.303825 0.048333 0.044008 0.006278 0.597556
4 4 0.326295 0.062672 0.043151 0.004998 0.562883
4 4 0.285122 0.088325 0.049024 0.005054 0.572475
4 4 0.129494 0.081283 0.052374 0.006424 0.730426
4 4 0.077676 0.046113 0.035477 0.004694 0.836042
4 4 0.109892 0.067828 0.051010 0.007039 0.764230
4 4 0.147319 0.084997 0.054976 0.006777 0.705931
4 4 0.106692 0.095069 0.072795 0.011165 0.714278
4 4 0.143813 0.077347 0.055426 0.007381 0.716033
4 4 0.123619 0.051085 0.039314 0.005123 0.780858
4 4 0.116411 0.055905 0.042914 0.005731 0.779039
4 4 0.121606 0.065278 0.044941 0.005592 0.762583
4 4 0.112089 0.087117 0.063500 0.009040 0.728255
4 4 0.114973 0.142827 0.107984 0.018152 0.616065
4 4 0.108026 0.153724 0.110633 0.018179 0.609438
4 4 0.083612 0.172097 0.113763 0.018138 0.612389
4 4 0.075626 0.196333 0.130330 0.021600 0.576112
4 4 0.090134 0.132617 0.076381 0.009829 0.691040
4 4 0.100547 0.096902 0.061605 0.007963 0.732983
4 4 0.202374 0.063369 0.043109 0.005068 0.686081
4 4 0.264367 0.042865 0.035961 0.004630 0.652178
4 4 0.430368 0.049334 0.034937 0.003903 0.481457
4 4 0.319003 0.074925 0.046886 0.005184 0.554002
4 4 0.179595 0.085673 0.045383 0.004553 0.684797
4 4 0.059214 0.060340 0.029721 0.002799 0.847926
4 4 0.069626 0.077931 0.032130 0.002673 0.817641
4 4 0.072179 0.102697 0.046086 0.004442 0.774596
4 4 0.065011 0.082528 0.033675 0.002831 0.815956
4 4 0.095350 0.103126 0.053811 0.005862 0.741851
4 4 0.118130 0.096484 0.061335 0.007814 0.716237
4 4 0.322814 0.098927 0.085003 0.010193 0.483063
4 4 0.288020 0.108475 0.099488 0.010918 0.493098
0 1 0.375998 0.055807 0.270907 0.026141 0.271147
0 4 0.676869 0.007166 0.256824 0.006669 0.052473
0 4 0.902211 0.000938 0.085334 0.000485 0.011032
0 0 0.998145 0.000038 0.000423 0.000002 0.001392
0 0 0.986046 0.000078 0.000129 0.000006 0.013741
0 0 0.990882 0.000083 0.000074 0.000004 0.008957
0 0 0.862213 0.003275 0.001978 0.000112 0.132423
0 0 0.795455 0.020960 0.008310 0.000468 0.174808
4 0 0.142715 0.060250 0.025208 0.001878 0.769948
4 0 0.183213 0.122924 0.050686 0.004373 0.638805
4 4 0.213719 0.124995 0.048420 0.003912 0.608954
4 4 0.323817 0.168275 0.090772 0.010870 0.406267
0 4 0.475959 0.130510 0.106505 0.012616 0.274410
0 0 0.650216 0.111822 0.159458 0.013584 0.064919
0 1 0.459374 0.195082 0.090409 0.009956 0.245179
4 1 0.241335 0.273061 0.121769 0.014249 0.349586
4 1 0.060721 0.146692 0.074997 0.009144 0.708446
4 1 0.050141 0.204555 0.134289 0.021080 0.589935
4 1 0.069584 0.205787 0.317548 0.035922 0.371158
2 1 0.077465 0.169019 0.508719 0.049791 0.195004
2 1 0.136429 0.203602 0.335232 0.042047 0.282691
4 0 0.147802 0.259272 0.183835 0.029062 0.380029
4 1 0.081714 0.260974 0.204565 0.037549 0.415198
4 1 0.074529 0.237349 0.281892 0.047872 0.358358
4 1 0.077775 0.197299 0.269276 0.035819 0.419831
2 1 0.072908 0.202047 0.362341 0.040425 0.322279
2 2 0.070841 0.210917 0.354191 0.041377 0.322674
2 2 0.068164 0.201051 0.445987 0.046538 0.238260
2 2 0.065614 0.187074 0.491378 0.044904 0.211030
2 2 0.064403 0.153852 0.559864 0.038930 0.182951
2 2 0.064961 0.149636 0.568035 0.038743 0.178627
2 2 0.060347 0.152879 0.589886 0.041168 0.155719
2 1 0.054998 0.113291 0.702448 0.043337 0.085926
2 1 0.064095 0.123308 0.658034 0.045974 0.108589
2 2 0.055685 0.056419 0.810059 0.040278 0.037558
2 1 0.056218 0.045933 0.828567 0.039968 0.029314
2 2 0.029232 0.013690 0.927672 0.024330 0.005075
2 2 0.024935 0.010960 0.939737 0.020508 0.003860
2 2 0.011715 0.004071 0.973614 0.009501 0.001098
2 2 0.019833 0.008333 0.952609 0.016560 0.002665
2 2 0.025480 0.011742 0.937122 0.021577 0.004079
2 1 0.034312 0.021349 0.906187 0.029478 0.008673
2 2 0.023076 0.010676 0.942733 0.020003 0.003511
2 2 0.021484 0.009909 0.946604 0.018859 0.003144
2 2 0.024420 0.011155 0.940911 0.019412 0.004102
2 2 0.033352 0.025025 0.904109 0.025236 0.012278
2 1 0.034401 0.028115 0.897229 0.025913 0.014342
2 2 0.026939 0.018501 0.925426 0.021197 0.007937
2 2 0.026961 0.015051 0.931734 0.019572 0.006682
2 2 0.029058 0.017899 0.923061 0.022036 0.007946
2 2 0.050497 0.054948 0.821602 0.035041 0.037913
2 1 0.063918 0.131953 0.652920 0.055119 0.096090
2 2 0.212903 0.052938 0.669566 0.035103 0.029490
2 0 0.216804 0.064781 0.656631 0.030760 0.031024
2 1 0.153820 0.136403 0.550358 0.035470 0.123949
2 1 0.082352 0.159482 0.562173 0.042917 0.153076
2 1 0.069708 0.189505 0.475583 0.047480 0.217723
2 1 0.065450 0.135725 0.625334 0.045939 0.127552
2 1 0.067508 0.143356 0.592756 0.043559 0.152820
2 2 0.061056 0.139098 0.629890 0.044632 0.125323
2 2 0.057802 0.124398 0.671907 0.044031 0.101862
2 2 0.045667 0.060308 0.821376 0.038148 0.034502
2 2 0.034356 0.028795 0.894489 0.029736 0.012624
2 2 0.020057 0.009332 0.949802 0.017967 0.002842
2 2 0.014311 0.005538 0.966548 0.012040 0.001562
2 2 0.009925 0.003156 0.978289 0.007810 0.000821
2 2 0.010273 0.003328 0.977393 0.008135 0.000872
2 2 0.011946 0.004194 0.973000 0.009723 0.001137
2 2 0.015496 0.006260 0.963216 0.013230 0.001798
2 2 0.017772 0.007737 0.956635 0.015564 0.002292
2 2 0.018111 0.007966 0.955636 0.015917 0.002370
2 2 0.018011 0.007898 0.955933 0.015812 0.002347
2 2 0.016469 0.006877 0.960430 0.014220 0.002003
2 2 0.012877 0.004707 0.970493 0.010626 0.001297
2 2 0.011808 0.004120 0.973367 0.009590 0.001114
2 2 0.009762 0.003077 0.978704 0.007659 0.000797
2 2 0.011936 0.004189 0.973028 0.009713 0.001135
2 2 0.013401 0.005051 0.967709 0.012379 0.001461
2 2 0.013710 0.005305 0.964437 0.014911 0.001636
2 2 0.012357 0.004635 0.963971 0.017485 0.001552
2 2 0.008445 0.002652 0.972833 0.015155 0.000915
2 2 0.006910 0.002019 0.972474 0.017824 0.000774
2 2 0.006570 0.001923 0.967672 0.023015 0.000820
2 2 0.007475 0.002348 0.961967 0.027174 0.001036
2 2 0.011696 0.004532 0.949841 0.032004 0.001927
2 2 0.014807 0.006440 0.939764 0.036261 0.002727
2 2 0.019531 0.009309 0.941413 0.026450 0.003297
2 2 0.020349 0.009837 0.941090 0.025327 0.003397
2 2 0.017265 0.007484 0.955832 0.017108 0.002311
2 2 0.015450 0.006451 0.956539 0.019421 0.002140
2 2 0.008929 0.002870 0.972183 0.015043 0.000976
2 2 0.006958 0.001979 0.977711 0.012685 0.000667
2 2 0.005920 0.001574 0.978978 0.012975 0.000554
2 2 0.007091 0.002096 0.972076 0.017937 0.000801
2 2 0.008708 0.002915 0.960686 0.026461 0.001231
2 2 0.008324 0.002667 0.967566 0.020410 0.001032
2 2 0.008606 0.002692 0.974613 0.013211 0.000879
2 2 0.011129 0.003452 0.976045 0.008409 0.000965
2 1 0.015883 0.006503 0.962113 0.013622 0.001878
2 2 0.015118 0.006027 0.964285 0.012849 0.001721
2 2 0.014552 0.005682 0.965877 0.012280 0.001609
2 2 0.010386 0.003609 0.967413 0.017340 0.001252
2 2 0.010822 0.003815 0.967384 0.016686 0.001293
2 2 0.011436 0.004086 0.968365 0.014805 0.001308
2 2 0.011868 0.004178 0.972449 0.010344 0.001160
2 2 0.012150 0.004305 0.972454 0.009920 0.001171
2 2 0.013427 0.005020 0.968992 0.011165 0.001396
2 2 0.013803 0.005238 0.967959 0.011535 0.001466
2 2 0.012474 0.004566 0.968952 0.012656 0.001352
2 2 0.010009 0.003312 0.973767 0.011907 0.001006
2 2 0.009997 0.003404 0.968841 0.016587 0.001171
2 3 0.010179 0.003446 0.971011 0.014249 0.001115
2 2 0.012564 0.004721 0.964724 0.016451 0.001540
2 2 0.013200 0.005012 0.965736 0.014510 0.001543
2 2 0.019699 0.008727 0.951766 0.017104 0.002703
2 2 0.038782 0.018097 0.904965 0.030317 0.007840
2 1 0.080819 0.040053 0.800946 0.046264 0.031918
2 1 0.064848 0.035969 0.832675 0.043653 0.022855
2 2 0.032041 0.014055 0.923266 0.024970 0.005668
2 2 0.019655 0.009043 0.951022 0.017540 0.002741
2 2 0.022666 0.011286 0.941733 0.020779 0.003535
2 1 0.030217 0.017712 0.916849 0.029285 0.005937
2 1 0.033150 0.020508 0.906589 0.032723 0.007029
2 1 0.030082 0.017587 0.917316 0.029128 0.005888
2 2 0.023691 0.012092 0.938488 0.021902 0.003827
2 2 0.020361 0.009552 0.948875 0.018292 0.002919
2 1 0.019273 0.008772 0.952172 0.017136 0.002647
2 2 0.014727 0.005788 0.965387 0.012455 0.001643
2 2 0.029119 0.013100 0.929256 0.023573 0.004951
2 2 0.039041 0.022489 0.888403 0.040711 0.009356
2 0 0.118149 0.071388 0.673023 0.068617 0.068822
2 0 0.112225 0.091325 0.680349 0.056526 0.059575
2 1 0.106027 0.204311 0.474238 0.048892 0.166532
2 1 0.063354 0.139994 0.637239 0.052245 0.107168
2 1 0.062455 0.125556 0.657743 0.045734 0.108512
2 1 0.056075 0.096116 0.736815 0.047239 0.063754
2 1 0.049237 0.065018 0.806473 0.042733 0.036539
2 1 0.035440 0.030821 0.889667 0.029847 0.014224
2 2 0.032783 0.018517 0.916005 0.024053 0.008641
2 2 0.050101 0.030380 0.869055 0.026986 0.023478
2 1 0.066242 0.061990 0.776592 0.036311 0.058865
2 1 0.064574 0.091959 0.719505 0.041716 0.082246
2 2 0.068258 0.072726 0.750907 0.039318 0.068791
2 2 0.090667 0.108702 0.592590 0.039549 0.168492
4 4 0.111823 0.140984 0.220811 0.032310 0.494072
4 4 0.127313 0.091889 0.072000 0.011035 0.697763
4 4 0.121399 0.049652 0.039217 0.005212 0.784520
4 4 0.119437 0.041135 0.029748 0.003475 0.806206
4 4 0.131319 0.068665 0.040825 0.004436 0.754754
4 4 0.068406 0.081816 0.052223 0.006717 0.790837
4 4 0.060764 0.106678 0.064288 0.008457 0.759813
4 4 0.048748 0.169479 0.103675 0.016000 0.662098
4 4 0.049264 0.180938 0.111321 0.017587 0.640889
4 4 0.070524 0.211298 0.309286 0.037736 0.371156
2 4 0.078730 0.278237 0.324697 0.059425 0.258912
1 4 0.117016 0.333380 0.257682 0.060612 0.231309
2 4 0.155459 0.172101 0.489646 0.076272 0.106522
2 0 0.101870 0.264915 0.384938 0.058181 0.190095
2 4 0.064289 0.165476 0.577588 0.052952 0.139694
2 4 0.058570 0.153893 0.606797 0.045100 0.135641
2 4 0.066127 0.177490 0.460335 0.036143 0.259904
2 4 0.065690 0.190909 0.426056 0.037144 0.280202
4 4 0.061615 0.213313 0.234080 0.029435 0.461557
4 4 0.061217 0.178151 0.133251 0.021628 0.605753
4 4 0.071583 0.121579 0.069263 0.008794 0.728781
4 4 0.108945 0.116613 0.060357 0.006659 0.707426
4 4 0.116026 0.097861 0.045924 0.004382 0.735807
4 4 0.084896 0.119833 0.062119 0.007061 0.726091
4 4 0.077751 0.097225 0.052281 0.005881 0.766863
4 4 0.091772 0.089514 0.059378 0.007900 0.751436
4 4 0.091513 0.076596 0.050140 0.006334 0.775417
4 4 0.125887 0.148787 0.119460 0.021414 0.584452
4 4 0.179333 0.166237 0.092276 0.011577 0.550577
4 4 0.160387 0.102934 0.061583 0.007346 0.667749
4 4 0.247149 0.047729 0.032082 0.003435 0.669604
4 4 0.359008 0.058541 0.046816 0.006150 0.529484
4 4 0.373655 0.064601 0.045462 0.005406 0.510876
4 4 0.386614 0.096156 0.050851 0.005083 0.461297
4 4 0.291742 0.108882 0.054183 0.005303 0.539890
4 4 0.235737 0.106473 0.057215 0.006055 0.594520
4 4 0.088963 0.063319 0.041923 0.005120 0.800675
4 4 0.113858 0.057917 0.041005 0.005118 0.782102
4 4 0.120795 0.046749 0.042053 0.006248 0.784156
4 4 0.193378 0.042474 0.039674 0.005761 0.718714
4 4 0.244722 0.036010 0.035828 0.005235 0.678205
4 4 0.304751 0.055327 0.049682 0.007232 0.583007
4 4 0.153242 0.071475 0.050588 0.006494 0.718201
4 4 0.063083 0.141470 0.086281 0.012331 0.696835
4 4 0.038866 0.159264 0.085996 0.011790 0.704085
2 4 0.066172 0.199912 0.406500 0.038820 0.288595
2 4 0.066655 0.206280 0.410419 0.042217 0.274429
2 4 0.063574 0.187368 0.511632 0.047269 0.190157
2 4 0.063455 0.170261 0.560397 0.049129 0.156758
2 4 0.069442 0.140740 0.607368 0.049207 0.133244
2 2 0.075762 0.141779 0.585401 0.050168 0.146890
2 2 0.084294 0.156306 0.509964 0.049048 0.200388
2 2 0.075756 0.185363 0.447063 0.045975 0.245842
2 2 0.071705 0.194567 0.443074 0.046249 0.244405
2 2 0.068548 0.185034 0.482437 0.045096 0.218885
2 2 0.062166 0.149360 0.616012 0.050730 0.121731
2 2 0.064226 0.177768 0.536209 0.048241 0.173556
2 2 0.062375 0.143087 0.620566 0.046545 0.127427
2 2 0.064828 0.161363 0.567441 0.046291 0.160077
2 2 0.079361 0.237328 0.404003 0.077089 0.202218
0 2 0.428999 0.265592 0.137971 0.019515 0.147924
1 0 0.311071 0.348994 0.137800 0.016010 0.186125
1 0 0.140262 0.411591 0.108842 0.009024 0.330282
1 1 0.100721 0.325445 0.266579 0.049139 0.258116
2 1 0.057267 0.262093 0.319563 0.044327 0.316749
2 1 0.058621 0.189264 0.518085 0.043940 0.190090
2 1 0.049632 0.091151 0.755551 0.038316 0.065350
2 1 0.040923 0.054660 0.839838 0.032231 0.032347
2 2 0.030874 0.025396 0.907401 0.024498 0.011831
2 2 0.029050 0.013913 0.927417 0.024522 0.005098
2 2 0.106514 0.030353 0.820633 0.028575 0.013925
0 0 0.503875 0.151135 0.268175 0.024184 0.052631
1 1 0.312538 0.337748 0.155322 0.020903 0.173488
1 1 0.134956 0.378661 0.209204 0.036004 0.241174
4 1 0.079692 0.313863 0.173256 0.028218 0.404971
2 2 0.066174 0.190153 0.492878 0.047645 0.203150
2 2 0.056124 0.093217 0.742509 0.047983 0.060167
2 2 0.051078 0.069489 0.795183 0.044662 0.039588
2 2 0.042559 0.044521 0.853514 0.037728 0.021678
2 2 0.030698 0.020711 0.912697 0.028177 0.007717
2 2 0.032324 0.017339 0.920695 0.023971 0.005671
2 1 0.140736 0.082333 0.707479 0.034431 0.035020
0 2 0.325719 0.297526 0.218463 0.026947 0.131345
1 1 0.271242 0.396959 0.160175 0.020367 0.151257
1 2 0.165548 0.342488 0.274360 0.043623 0.173981
2 2 0.063591 0.081720 0.765172 0.047219 0.042298
2 2 0.022284 0.010991 0.942933 0.020363 0.003429
2 2 0.016583 0.006951 0.960102 0.014337 0.002027
2 2 0.013220 0.004901 0.969559 0.010961 0.001359
2 2 0.011820 0.004127 0.973335 0.009602 0.001116
2 2 0.011288 0.003845 0.974746 0.009093 0.001029
2 2 0.011212 0.003805 0.974947 0.009020 0.001017
2 2 0.011628 0.004024 0.973845 0.009418 0.001084
2 2 0.013390 0.004999 0.969094 0.011128 0.001389
2 2 0.014663 0.005749 0.965566 0.012391 0.001631
2 2 0.014299 0.005530 0.966583 0.012028 0.001560
2 2 0.011913 0.004177 0.973087 0.009692 0.001131
2 2 0.010746 0.003339 0.976813 0.008186 0.000916
2 2 0.026359 0.008457 0.944425 0.017128 0.003631
2 0 0.076313 0.015561 0.877808 0.020973 0.009345
2 1 0.106955 0.048589 0.768391 0.050242 0.025823
2 2 0.063887 0.035818 0.830683 0.050815 0.018797
2 2 0.022914 0.011320 0.941344 0.020841 0.003581
2 2 0.010509 0.003445 0.976782 0.008356 0.000907
2 2 0.011940 0.004191 0.973017 0.009717 0.001136
2 2 0.011195 0.003797 0.974989 0.009005 0.001014
2 2 0.016046 0.006650 0.960473 0.014852 0.001979
2 2 0.012607 0.004830 0.960793 0.020075 0.001696
2 2 0.012340 0.004852 0.951588 0.029249 0.001972
2 2 0.006320 0.001831 0.966253 0.024786 0.000810
2 2 0.005376 0.001419 0.973400 0.019213 0.000591
2 2 0.005291 0.001358 0.977773 0.015060 0.000518
2 2 0.006083 0.001647 0.977681 0.013996 0.000593
2 2 0.007370 0.002241 0.969103 0.020395 0.000891
2 2 0.006536 0.001842 0.975436 0.015508 0.000678
2 2 0.005070 0.001229 0.983638 0.009662 0.000401
2 3 0.005162 0.001221 0.986680 0.006593 0.000344
2 3 0.012138 0.003241 0.972578 0.010871 0.001172
2 0 0.028236 0.013973 0.928235 0.024618 0.004938
2 2 0.019177 0.008704 0.952461 0.017035 0.002624
2 2 0.011957 0.004200 0.972972 0.009733 0.001138
2 2 0.008886 0.002664 0.980920 0.006854 0.000676
2 2 0.008835 0.002641 0.981046 0.006808 0.000670
2 2 0.011611 0.004015 0.973893 0.009401 0.001081
