0 0 0.800580 0.027835 0.029909 0.025453 0.116224
0 0 0.875161 0.014188 0.015214 0.011907 0.083530
0 0 0.902567 0.009824 0.010523 0.007884 0.069203
0 0 0.906523 0.009231 0.009886 0.007353 0.067007
0 0 0.860229 0.014008 0.013138 0.006976 0.105650
0 0 0.816878 0.019677 0.017502 0.008289 0.137653
0 0 0.844728 0.019483 0.020911 0.017012 0.097866
0 0 0.786593 0.030621 0.032913 0.028359 0.121514
0 0 0.693978 0.050452 0.054321 0.050124 0.151125
0 0 0.615070 0.068573 0.068947 0.054470 0.192940
0 0 0.496799 0.094779 0.080738 0.041634 0.286050
4 0 0.351472 0.136318 0.111761 0.037010 0.363440
0 0 0.380560 0.124098 0.094499 0.037162 0.363681
0 0 0.438562 0.114869 0.113290 0.052864 0.280416
0 0 0.396074 0.131775 0.141560 0.069240 0.261350
0 0 0.542504 0.086919 0.093790 0.094381 0.182407
0 0 0.586552 0.075872 0.081821 0.080426 0.175330
0 0 0.500372 0.089912 0.108477 0.124992 0.176247
0 0 0.477737 0.099638 0.113564 0.124859 0.184202
0 0 0.586448 0.075897 0.081849 0.080458 0.175348
0 0 0.611842 0.069685 0.075123 0.072818 0.170532
0 0 0.581597 0.077329 0.084658 0.080948 0.175468
0 0 0.546256 0.086936 0.099848 0.088374 0.178586
0 0 0.396311 0.115661 0.152399 0.159115 0.176514
0 0 0.404557 0.106662 0.228425 0.106360 0.153995
0 0 0.463808 0.097713 0.183269 0.095013 0.160197
0 0 0.501358 0.091361 0.150207 0.091849 0.165226
0 0 0.656311 0.059101 0.063672 0.060148 0.160767
0 0 0.629737 0.065380 0.070464 0.067612 0.166808
0 0 0.616087 0.068658 0.074011 0.071570 0.169673
0 0 0.596453 0.073436 0.079183 0.077413 0.173516
0 0 0.549560 0.085640 0.084659 0.065875 0.214267
0 0 0.539688 0.087337 0.082430 0.056290 0.234254
0 0 0.496586 0.092825 0.077039 0.036756 0.296794
4 0 0.380269 0.115159 0.081864 0.026168 0.396540
4 0 0.278410 0.142260 0.095904 0.024053 0.459373
0 0 0.323975 0.123323 0.266701 0.056265 0.229736
0 0 0.380008 0.102502 0.291530 0.089735 0.136225
0 0 0.523246 0.094677 0.131256 0.080243 0.170578
0 0 0.550527 0.087116 0.111968 0.078686 0.171703
0 0 0.534464 0.091644 0.124253 0.079009 0.170629
0 0 0.645962 0.062635 0.073943 0.058432 0.159027
0 0 0.633747 0.064525 0.070049 0.066074 0.165606
0 0 0.624098 0.066730 0.071924 0.069236 0.168011
0 0 0.590980 0.076040 0.089940 0.073144 0.169895
0 0 0.559156 0.083470 0.094628 0.085378 0.177368
0 0 0.387242 0.108357 0.142713 0.189912 0.171776
3 0 0.261099 0.116554 0.179081 0.296906 0.146360
0 0 0.306239 0.115703 0.166783 0.253168 0.158106
0 0 0.418138 0.107237 0.132747 0.163443 0.178435
0 0 0.375169 0.120077 0.145111 0.178147 0.181496
0 0 0.491779 0.097646 0.105301 0.063944 0.241329
0 0 0.444577 0.103197 0.080015 0.032033 0.340179
0 0 0.507816 0.080500 0.060937 0.021888 0.328859
0 0 0.451260 0.094419 0.069231 0.023319 0.361771
0 0 0.531774 0.084179 0.071711 0.036289 0.276047
0 0 0.611766 0.069802 0.073970 0.068230 0.176232
0 0 0.660401 0.058148 0.062641 0.059028 0.159783
0 0 0.563647 0.082057 0.091278 0.085366 0.177652
0 0 0.507111 0.098577 0.129245 0.089300 0.175767
0 0 0.443040 0.117848 0.158732 0.089699 0.190681
0 0 0.565641 0.081702 0.091788 0.084045 0.176824
0 0 0.589688 0.075098 0.080983 0.079467 0.174764
0 0 0.658769 0.058528 0.063052 0.059474 0.160177
0 0 0.619800 0.067763 0.073043 0.070485 0.168910
0 0 0.430790 0.100135 0.129776 0.166328 0.172971
0 0 0.616634 0.068296 0.074013 0.071944 0.169114
0 0 0.600918 0.069311 0.079686 0.083038 0.167048
0 0 0.702747 0.048482 0.052194 0.047885 0.148692
0 0 0.768964 0.034218 0.036793 0.032171 0.127854
0 0 0.779969 0.031962 0.034359 0.029772 0.123938
0 0 0.767362 0.034550 0.037151 0.032525 0.128412
0 0 0.708050 0.047300 0.050916 0.046548 0.147185
0 0 0.638919 0.063194 0.068099 0.064996 0.164791
0 0 0.618730 0.068021 0.073321 0.070797 0.169131
0 0 0.620678 0.067552 0.072814 0.070229 0.168727
0 0 0.677537 0.054190 0.058361 0.054419 0.155493
0 0 0.635986 0.063891 0.068853 0.065828 0.165443
0 0 0.560670 0.079312 0.090281 0.095099 0.174639
0 0 0.519875 0.085447 0.102956 0.117337 0.174385
0 0 0.608823 0.067838 0.077402 0.079689 0.166248
0 0 0.721312 0.044372 0.047754 0.043264 0.143297
0 0 0.709991 0.046869 0.050451 0.046063 0.146626
0 0 0.633407 0.064504 0.069516 0.066562 0.166011
0 0 0.482570 0.098084 0.112293 0.123730 0.183322
0 0 0.346593 0.121125 0.154497 0.203212 0.174573
0 0 0.339734 0.116744 0.173086 0.203480 0.166955
0 0 0.321279 0.128853 0.218109 0.168614 0.163145
0 0 0.290831 0.154775 0.238620 0.113405 0.202368
2 0 0.183874 0.186037 0.320028 0.062794 0.247266
4 0 0.179634 0.179702 0.267557 0.043746 0.329361
4 0 0.198674 0.181597 0.221186 0.050671 0.347871
4 0 0.234952 0.182708 0.175947 0.073195 0.333197
4 0 0.208513 0.205750 0.168051 0.073126 0.344559
0 0 0.323185 0.152514 0.186461 0.102076 0.235764
0 0 0.331406 0.147648 0.213840 0.132645 0.174461
0 0 0.554176 0.083959 0.090581 0.090595 0.180689
0 0 0.504173 0.096930 0.105387 0.106641 0.186869
0 0 0.526840 0.091403 0.101453 0.097254 0.183049
0 0 0.411607 0.113414 0.136914 0.155513 0.182552
4 0 0.330428 0.147608 0.116069 0.051733 0.354161
4 0 0.171773 0.192220 0.125713 0.028931 0.481364
4 0 0.099651 0.226109 0.138121 0.018091 0.518027
4 0 0.046461 0.276153 0.221366 0.014369 0.441651
4 1 0.066040 0.253503 0.152796 0.014760 0.512901
4 1 0.045192 0.276224 0.199893 0.012935 0.465755
4 1 0.053477 0.261821 0.147468 0.013219 0.524015
4 1 0.052144 0.269315 0.153591 0.014737 0.510212
4 1 0.049934 0.266811 0.143613 0.013994 0.525648
4 1 0.054360 0.241338 0.109366 0.012432 0.582504
4 1 0.052336 0.196810 0.077304 0.005705 0.667845
4 4 0.053256 0.166375 0.060099 0.003413 0.716856
4 4 0.052168 0.151761 0.052130 0.002540 0.741401
4 4 0.054286 0.148221 0.050942 0.002470 0.744080
4 4 0.066864 0.151050 0.055716 0.003253 0.723117
4 4 0.049461 0.184115 0.068547 0.004326 0.693551
4 4 0.044812 0.207012 0.079880 0.005717 0.662579
4 4 0.041784 0.275492 0.220357 0.011988 0.450378
2 4 0.048867 0.211889 0.498494 0.024304 0.216447
2 4 0.046237 0.162592 0.614884 0.030129 0.146157
4 4 0.076413 0.243662 0.291695 0.027867 0.360363
4 4 0.070207 0.235064 0.162458 0.014112 0.518159
4 4 0.081404 0.197003 0.089290 0.009547 0.622755
4 4 0.076843 0.194615 0.085848 0.008523 0.634171
4 4 0.050115 0.206992 0.082617 0.006448 0.653828
4 4 0.046494 0.197376 0.074936 0.005073 0.676121
4 4 0.050755 0.175069 0.063973 0.003795 0.706409
4 4 0.044947 0.177179 0.062875 0.003472 0.711528
4 4 0.038489 0.191737 0.067813 0.003798 0.698163
4 4 0.036697 0.170907 0.056239 0.002537 0.733619
4 4 0.044434 0.172691 0.060293 0.003171 0.719410
4 4 0.046833 0.201098 0.077326 0.005438 0.669306
4 4 0.041514 0.227327 0.091545 0.007171 0.632444
4 4 0.038524 0.234648 0.093468 0.007546 0.625814
4 4 0.043619 0.243385 0.103282 0.009930 0.599783
4 4 0.047396 0.250060 0.117865 0.010946 0.573734
4 4 0.041836 0.273106 0.223258 0.012169 0.449631
4 4 0.041110 0.275258 0.217163 0.011616 0.454852
2 4 0.039688 0.214743 0.483804 0.016318 0.245447
2 4 0.037300 0.178715 0.595886 0.018223 0.169876
2 4 0.032473 0.115634 0.744605 0.023029 0.084259
2 4 0.033627 0.116034 0.746487 0.024373 0.079479
2 4 0.036407 0.077446 0.800192 0.043422 0.042533
2 2 0.065554 0.086006 0.701335 0.098929 0.048176
2 2 0.129359 0.126283 0.536579 0.108408 0.099371
2 2 0.046982 0.070572 0.758293 0.088772 0.035381
2 2 0.019401 0.034040 0.874378 0.058072 0.014109
2 2 0.012386 0.022867 0.912681 0.043364 0.008701
2 2 0.009561 0.017540 0.939661 0.027011 0.006227
2 2 0.007452 0.013045 0.959832 0.015295 0.004377
2 2 0.005737 0.011038 0.968720 0.011173 0.003332
2 2 0.004835 0.009666 0.973388 0.009340 0.002772
2 2 0.006611 0.012799 0.964260 0.012413 0.003917
2 2 0.008299 0.017608 0.954711 0.013525 0.005857
2 2 0.020376 0.049663 0.881222 0.024046 0.024692
2 2 0.030131 0.093398 0.798335 0.025045 0.053090
2 2 0.031712 0.124512 0.735479 0.020967 0.087330
2 2 0.017617 0.061869 0.872985 0.014551 0.032978
2 2 0.017753 0.055071 0.880824 0.016763 0.029590
2 2 0.007280 0.013618 0.960843 0.013927 0.004332
2 2 0.005455 0.011057 0.964467 0.015639 0.003383
2 2 0.003083 0.006634 0.975939 0.012470 0.001874
2 2 0.003333 0.007912 0.962603 0.023845 0.002307
2 2 0.003438 0.009104 0.945943 0.038852 0.002663
2 2 0.003988 0.011501 0.921826 0.059279 0.003405
2 2 0.003160 0.009333 0.937388 0.047492 0.002625
2 2 0.002998 0.008400 0.950097 0.036161 0.002344
2 2 0.002826 0.008221 0.941628 0.045015 0.002310
2 2 0.003799 0.011512 0.904183 0.077072 0.003434
2 2 0.006022 0.018713 0.842307 0.126960 0.005999
2 2 0.006068 0.021149 0.774427 0.191580 0.006775
2 2 0.007476 0.025177 0.721938 0.236810 0.008599
2 2 0.006876 0.024451 0.685352 0.275023 0.008299
2 2 0.006521 0.024471 0.604488 0.356042 0.008478
2 3 0.007305 0.027235 0.582022 0.373825 0.009613
2 3 0.007175 0.027864 0.509846 0.445092 0.010023
3 3 0.007876 0.033715 0.424456 0.521910 0.012042
3 3 0.011952 0.048664 0.344206 0.576271 0.018907
3 3 0.006617 0.034366 0.343560 0.603985 0.011472
3 3 0.004730 0.027510 0.356639 0.602652 0.008468
3 3 0.004278 0.026497 0.340991 0.620312 0.007922
3 3 0.004262 0.027670 0.311013 0.648850 0.008205
3 3 0.004329 0.026935 0.334955 0.625716 0.008065
3 3 0.006032 0.033838 0.317156 0.632011 0.010963
3 3 0.005366 0.031062 0.326974 0.626805 0.009794
3 3 0.006088 0.033604 0.325328 0.624047 0.010933
3 3 0.007288 0.037652 0.321535 0.620715 0.012810
3 3 0.008111 0.039980 0.323977 0.613947 0.013985
3 3 0.011978 0.053309 0.285891 0.628383 0.020439
3 3 0.010528 0.049941 0.279571 0.641468 0.018493
3 3 0.009832 0.050982 0.241746 0.679025 0.018414
3 3 0.006256 0.038573 0.247764 0.694976 0.012431
3 3 0.005478 0.038766 0.197698 0.746071 0.011987
3 3 0.005742 0.040253 0.192605 0.748813 0.012587
3 3 0.004999 0.040073 0.151381 0.791496 0.012051
3 3 0.004335 0.036960 0.148616 0.799365 0.010724
3 3 0.005655 0.040944 0.178358 0.762311 0.012732
3 3 0.004277 0.033857 0.189448 0.762587 0.009830
3 3 0.003829 0.032614 0.173321 0.781040 0.009195
3 3 0.003814 0.031633 0.188339 0.767288 0.008925
3 3 0.003003 0.029060 0.156238 0.803997 0.007702
3 3 0.003271 0.030495 0.158422 0.799556 0.008256
3 3 0.003408 0.030269 0.174992 0.783040 0.008292
3 3 0.003434 0.028844 0.203937 0.755839 0.007946
3 3 0.004261 0.031742 0.224893 0.729850 0.009254
3 3 0.004996 0.034507 0.232883 0.717131 0.010482
3 3 0.005164 0.035964 0.220195 0.727684 0.010993
3 3 0.005911 0.039798 0.208830 0.732898 0.012563
3 3 0.005400 0.037745 0.207903 0.737306 0.011646
3 3 0.006031 0.040733 0.202483 0.737841 0.012912
3 3 0.005719 0.039355 0.203831 0.738784 0.012312
3 3 0.006605 0.045660 0.170165 0.762817 0.014753
3 3 0.005663 0.042585 0.158583 0.779947 0.013222
3 3 0.004680 0.039415 0.140283 0.803971 0.011651
3 3 0.005192 0.040735 0.154598 0.787105 0.012371
3 3 0.004305 0.035443 0.167263 0.782707 0.010282
3 3 0.003681 0.032405 0.164234 0.790641 0.009039
3 3 0.004716 0.037957 0.160695 0.785374 0.011258
3 3 0.004141 0.036044 0.147313 0.802163 0.010339
3 3 0.004412 0.038207 0.138152 0.808102 0.011128
3 3 0.004526 0.038722 0.139066 0.806336 0.011350
3 3 0.004687 0.039446 0.140336 0.803867 0.011665
3 3 0.005474 0.042808 0.146044 0.792509 0.013166
3 3 0.005298 0.042081 0.144836 0.794950 0.012836
3 3 0.003930 0.035930 0.134017 0.815958 0.010165
3 3 0.002980 0.031000 0.124467 0.833367 0.008186
3 3 0.003306 0.032767 0.127989 0.827060 0.008878
3 3 0.003963 0.036090 0.134312 0.815404 0.010231
3 3 0.004138 0.036928 0.135849 0.812503 0.010583
3 3 0.004479 0.038512 0.138695 0.807055 0.011259
3 3 0.005344 0.042273 0.145156 0.794305 0.012922
3 3 0.006310 0.046119 0.151375 0.781490 0.014706
3 3 0.008011 0.052212 0.160515 0.761561 0.017702
3 3 0.010885 0.061103 0.172491 0.733082 0.022439
3 3 0.012685 0.062446 0.209498 0.691401 0.023971
3 3 0.009098 0.047863 0.252407 0.673654 0.016979
3 3 0.010978 0.048181 0.318463 0.604185 0.018193
3 3 0.010756 0.043605 0.376020 0.552991 0.016628
2 3 0.022704 0.049859 0.591869 0.311466 0.024101
2 3 0.010002 0.033788 0.511228 0.431734 0.013248
2 2 0.029604 0.065184 0.577296 0.296378 0.031538
2 2 0.059384 0.067495 0.703909 0.126547 0.042665
2 2 0.029385 0.057745 0.561588 0.320917 0.030366
2 2 0.022205 0.049816 0.617078 0.287544 0.023357
2 2 0.017929 0.044144 0.645355 0.273350 0.019221
2 2 0.020251 0.052894 0.527934 0.374944 0.023978
3 2 0.020251 0.063927 0.360507 0.526613 0.028702
3 2 0.015407 0.061183 0.290158 0.608169 0.025083
3 2 0.016078 0.066228 0.255485 0.634942 0.027267
3 2 0.023589 0.077461 0.290341 0.572983 0.035625
3 2 0.022562 0.077700 0.273160 0.591407 0.035171
3 2 0.016046 0.056741 0.412993 0.491246 0.022974
3 2 0.012559 0.045031 0.413525 0.510801 0.018084
3 2 0.008110 0.032970 0.450044 0.496909 0.011967
3 2 0.009661 0.043029 0.343518 0.587973 0.015819
3 2 0.011572 0.051301 0.297676 0.619906 0.019544
3 2 0.016176 0.064136 0.277743 0.615379 0.026566
3 2 0.016255 0.063275 0.288069 0.606100 0.026301
3 2 0.017309 0.065104 0.292445 0.597597 0.027545
3 2 0.014602 0.063002 0.252529 0.644595 0.025272
3 2 0.007647 0.043090 0.253609 0.681028 0.014626
3 2 0.008156 0.046416 0.231675 0.697799 0.015954
3 2 0.011169 0.047929 0.328421 0.594258 0.018223
3 2 0.019119 0.060583 0.374805 0.518605 0.026889
2 2 0.021932 0.056658 0.505982 0.389229 0.026199
2 2 0.019727 0.045552 0.663075 0.251307 0.020338
2 2 0.011675 0.027848 0.794730 0.154753 0.010994
2 2 0.007585 0.017219 0.887305 0.081627 0.006264
2 2 0.007655 0.015581 0.918445 0.052642 0.005677
2 2 0.007733 0.014761 0.931150 0.040960 0.005395
2 2 0.006306 0.012663 0.935980 0.040589 0.004462
2 2 0.009090 0.018648 0.890731 0.074389 0.007142
2 2 0.009046 0.021909 0.819386 0.141277 0.008383
2 2 0.010183 0.029008 0.679691 0.269791 0.011327
2 2 0.012704 0.039181 0.570469 0.361988 0.015657
3 2 0.027202 0.075556 0.400314 0.461300 0.035628
3 2 0.029759 0.086262 0.334889 0.507736 0.041354
3 2 0.022006 0.070156 0.391394 0.485808 0.030635
2 2 0.019765 0.057340 0.494990 0.403033 0.024873
2 2 0.018029 0.048648 0.579992 0.332408 0.020923
2 2 0.022135 0.051749 0.643423 0.259501 0.023193
2 2 0.018132 0.048034 0.600780 0.312447 0.020607
2 2 0.019907 0.047516 0.654774 0.256901 0.020902
2 2 0.016694 0.038084 0.764142 0.165293 0.015788
2 2 0.012371 0.030534 0.797569 0.147784 0.011742
2 2 0.011437 0.027403 0.809077 0.141458 0.010625
2 2 0.013231 0.028050 0.814258 0.132830 0.011632
2 2 0.009190 0.020382 0.848166 0.114310 0.007952
2 2 0.010806 0.022333 0.832825 0.124780 0.009256
2 2 0.010273 0.022525 0.825675 0.132444 0.009084
2 2 0.009571 0.023648 0.782960 0.174548 0.009273
2 2 0.011507 0.032309 0.605140 0.337658 0.013386
2 2 0.013444 0.038131 0.557002 0.375240 0.016182
2 2 0.011106 0.037077 0.491600 0.445393 0.014823
2 2 0.010081 0.034594 0.526756 0.415263 0.013306
2 2 0.008655 0.033521 0.493931 0.451686 0.012207
2 2 0.011527 0.043628 0.498804 0.429970 0.016071
3 2 0.014988 0.058986 0.349538 0.553173 0.023314
3 2 0.011603 0.049470 0.395724 0.525145 0.018059
2 2 0.021622 0.065572 0.532843 0.353459 0.026505
2 2 0.212167 0.121581 0.335949 0.211761 0.118542
0 0 0.598746 0.072206 0.078964 0.078237 0.171847
0 0 0.673607 0.055028 0.059386 0.055625 0.156355
0 0 0.593010 0.068405 0.083082 0.091985 0.163517
0 0 0.440917 0.101515 0.126152 0.154202 0.177213
0 0 0.421724 0.118863 0.128458 0.137532 0.193424
2 0 0.202620 0.187176 0.223162 0.198541 0.188502
2 0 0.210431 0.180241 0.316461 0.097939 0.194929
4 0 0.250895 0.175487 0.231835 0.074738 0.267044
0 0 0.393039 0.125399 0.101084 0.046792 0.333687
4 0 0.295593 0.154101 0.112436 0.040964 0.396905
4 0 0.171463 0.180809 0.104930 0.021130 0.521668
4 0 0.051320 0.225976 0.095987 0.009035 0.617683
4 1 0.031837 0.218747 0.078883 0.004830 0.665703
4 1 0.031645 0.243930 0.093982 0.007055 0.623388
4 1 0.043142 0.255354 0.120638 0.010984 0.569882
4 1 0.060559 0.255646 0.168510 0.017702 0.497583
4 0 0.092902 0.248026 0.205149 0.034338 0.419585
4 0 0.128480 0.229091 0.167550 0.040444 0.434434
2 0 0.137051 0.208708 0.312917 0.060682 0.280642
4 0 0.198736 0.193757 0.130904 0.040657 0.435945
4 1 0.155928 0.230749 0.206942 0.048372 0.358009
4 1 0.071843 0.277268 0.228127 0.024245 0.398517
4 1 0.055051 0.280140 0.288968 0.020396 0.355445
4 1 0.044948 0.271597 0.268043 0.014412 0.401000
2 1 0.048301 0.245540 0.363518 0.019395 0.323246
2 1 0.059563 0.230445 0.396409 0.031040 0.282543
2 1 0.060389 0.199650 0.493670 0.038384 0.207906
2 1 0.047344 0.150457 0.642595 0.034318 0.125286
2 1 0.031938 0.095034 0.787073 0.027494 0.058461
2 1 0.038279 0.113860 0.744185 0.031429 0.072246
2 1 0.099384 0.153290 0.570052 0.059529 0.117746
2 1 0.108133 0.202022 0.457347 0.059188 0.173311
4 2 0.105822 0.255830 0.266451 0.037720 0.334177
4 2 0.047128 0.265205 0.135196 0.013232 0.539238
4 2 0.034727 0.251584 0.105045 0.008260 0.600384
4 2 0.043304 0.261414 0.258853 0.014010 0.422419
2 2 0.047361 0.234455 0.398046 0.019984 0.300155
2 2 0.041451 0.165589 0.614905 0.024178 0.153877
2 2 0.038392 0.129468 0.702146 0.027697 0.102298
2 2 0.022657 0.072112 0.842038 0.019763 0.043430
2 2 0.027665 0.053560 0.852492 0.038971 0.027312
2 2 0.055054 0.082765 0.726693 0.086089 0.049399
2 2 0.165228 0.161339 0.399739 0.118072 0.155622
2 2 0.122716 0.142179 0.524597 0.086579 0.123929
2 2 0.095923 0.141803 0.586088 0.054719 0.121467
2 2 0.076324 0.165170 0.564930 0.041258 0.152317
2 2 0.134650 0.177098 0.428440 0.071983 0.187829
2 2 0.105999 0.169398 0.487376 0.072342 0.164885
2 2 0.118895 0.151700 0.509226 0.084572 0.135606
2 2 0.099984 0.172404 0.490863 0.057853 0.178897
2 2 0.063074 0.176338 0.550293 0.035590 0.174705
2 2 0.052549 0.230362 0.396818 0.024164 0.296108
2 2 0.047644 0.214979 0.459427 0.022717 0.255235
2 2 0.047704 0.179335 0.566401 0.029171 0.177389
2 2 0.053932 0.187802 0.533133 0.036423 0.188709
2 2 0.040931 0.106113 0.727668 0.051711 0.073577
2 2 0.028494 0.073465 0.822343 0.029621 0.046077
2 2 0.014634 0.034429 0.917097 0.019158 0.014682
2 2 0.026058 0.077209 0.806358 0.045978 0.044397
2 2 0.039603 0.108773 0.723182 0.056988 0.071453
2 2 0.031083 0.072130 0.818640 0.035319 0.042828
2 2 0.026205 0.057901 0.853259 0.032474 0.030161
2 2 0.042811 0.093768 0.755665 0.047834 0.059922
2 2 0.069838 0.118631 0.642538 0.090985 0.078008
0 1 0.248191 0.163050 0.230621 0.147889 0.210248
0 1 0.252653 0.174295 0.177954 0.155251 0.239847
4 1 0.134756 0.229898 0.211415 0.129381 0.294549
2 1 0.083368 0.257637 0.290452 0.086911 0.281632
4 1 0.077372 0.279187 0.203936 0.036192 0.403313
4 1 0.113814 0.249150 0.187281 0.037933 0.411821
4 1 0.101259 0.250172 0.264022 0.040327 0.344220
4 4 0.123657 0.221522 0.140266 0.024854 0.489700
4 4 0.060551 0.198144 0.081744 0.006859 0.652701
4 4 0.062701 0.165052 0.062354 0.003963 0.705929
4 4 0.067170 0.176401 0.070459 0.005263 0.680708
4 4 0.068644 0.190430 0.079908 0.006926 0.654092
4 4 0.063781 0.218127 0.101766 0.009361 0.606964
4 4 0.065099 0.208320 0.090683 0.008872 0.627026
4 4 0.065438 0.192221 0.079860 0.006764 0.655718
4 4 0.051397 0.184838 0.069752 0.004562 0.689452
4 4 0.034345 0.169079 0.054340 0.002302 0.739934
4 4 0.031636 0.144424 0.042210 0.001347 0.780383
4 4 0.033696 0.148165 0.044551 0.001538 0.772050
4 4 0.032054 0.169656 0.053588 0.002175 0.742527
4 4 0.030839 0.169916 0.053146 0.002105 0.743995
4 4 0.028934 0.187200 0.060367 0.002655 0.720844
4 4 0.048573 0.172900 0.061978 0.003488 0.713061
4 4 0.039772 0.177447 0.060851 0.003081 0.718849
4 4 0.040813 0.162856 0.053934 0.002440 0.739956
4 4 0.033119 0.150032 0.045154 0.001568 0.770127
4 4 0.035022 0.179640 0.059809 0.002819 0.722710
4 4 0.038746 0.192187 0.068186 0.003852 0.697029
4 4 0.034335 0.240743 0.094208 0.007327 0.623387
4 4 0.045484 0.263448 0.125679 0.013344 0.552045
4 4 0.053318 0.265869 0.205836 0.019391 0.455586
4 4 0.050187 0.260966 0.262921 0.018445 0.407481
4 4 0.042364 0.239903 0.131373 0.008391 0.577968
4 4 0.043651 0.230051 0.094170 0.008013 0.624115
4 4 0.042755 0.207398 0.079002 0.005473 0.665372
4 4 0.044827 0.256021 0.128915 0.010074 0.560163
4 4 0.051962 0.272327 0.161160 0.014903 0.499647
2 4 0.052161 0.237970 0.413989 0.023514 0.272366
2 2 0.049599 0.219431 0.471915 0.023883 0.235172
4 2 0.055363 0.255651 0.332646 0.023473 0.332866
2 2 0.060073 0.244245 0.378629 0.029248 0.287804
4 2 0.070965 0.266316 0.256143 0.033932 0.372644
2 2 0.073142 0.214204 0.446408 0.049642 0.216603
2 2 0.053817 0.147081 0.638047 0.044380 0.116674
2 2 0.032162 0.078888 0.809244 0.034035 0.045671
2 2 0.026736 0.080037 0.821751 0.023895 0.047581
2 2 0.024433 0.071160 0.841394 0.022936 0.040077
2 2 0.020738 0.054286 0.875754 0.022535 0.026686
2 2 0.024068 0.065091 0.851401 0.024503 0.034937
2 2 0.026239 0.070092 0.838663 0.026541 0.038465
2 2 0.035271 0.116408 0.742440 0.026504 0.079378
2 2 0.034658 0.110689 0.755705 0.027068 0.071881
2 2 0.037774 0.089490 0.779323 0.039887 0.053525
2 2 0.061908 0.102608 0.690482 0.084097 0.060905
2 0 0.165138 0.138275 0.410747 0.173924 0.111916
0 0 0.344102 0.126802 0.154682 0.194779 0.179636
3 0 0.258141 0.134375 0.181532 0.265443 0.160509
0 0 0.279424 0.149532 0.195533 0.202450 0.173060
2 1 0.131269 0.232998 0.307577 0.092454 0.235702
2 1 0.065673 0.235173 0.394778 0.036173 0.268203
4 1 0.041544 0.267350 0.209869 0.012193 0.469044
4 1 0.048370 0.263799 0.271130 0.017120 0.399580
4 1 0.054599 0.260985 0.322027 0.022222 0.340168
2 1 0.057334 0.254144 0.350514 0.025372 0.312636
2 2 0.049760 0.222846 0.451733 0.023520 0.252142
2 2 0.043682 0.204225 0.498318 0.020709 0.233066
2 2 0.035546 0.139421 0.681872 0.022203 0.120957
2 2 0.039712 0.151713 0.647464 0.024723 0.136388
2 2 0.048735 0.136895 0.662603 0.040262 0.111506
2 2 0.052775 0.140573 0.648372 0.045129 0.113151
2 2 0.034948 0.084350 0.791082 0.037020 0.052601
2 2 0.028457 0.060011 0.843553 0.036375 0.031604
2 2 0.029668 0.048451 0.846360 0.052693 0.022828
2 2 0.036190 0.055594 0.808027 0.073766 0.026422
2 2 0.045623 0.089974 0.738397 0.079775 0.046232
2 2 0.037768 0.091618 0.766844 0.052503 0.051267
2 2 0.025789 0.065207 0.847252 0.027716 0.034036
2 2 0.019986 0.057366 0.871940 0.019954 0.030754
2 2 0.017766 0.039931 0.900998 0.023446 0.017859
2 2 0.018677 0.030635 0.897860 0.040299 0.012529
2 2 0.024914 0.039438 0.857048 0.060952 0.017648
2 2 0.041245 0.066518 0.722475 0.135769 0.033993
2 2 0.033611 0.065130 0.713210 0.157709 0.030340
2 2 0.033640 0.075640 0.622917 0.233133 0.034670
2 2 0.024083 0.053822 0.786884 0.113670 0.021542
2 2 0.015128 0.034745 0.858332 0.079060 0.012736
2 2 0.011444 0.021869 0.921601 0.037128 0.007958
2 2 0.014415 0.024580 0.910861 0.040393 0.009751
2 2 0.014875 0.025786 0.906138 0.042974 0.010228
2 2 0.020875 0.034199 0.875820 0.054443 0.014663
2 2 0.017272 0.029370 0.881889 0.059080 0.012389
2 2 0.035312 0.051024 0.769617 0.117085 0.026961
2 2 0.052406 0.078405 0.544553 0.276231 0.048406
2 2 0.191112 0.130417 0.386842 0.171668 0.119961
2 2 0.181668 0.155394 0.390526 0.146265 0.126148
2 2 0.158396 0.225983 0.301319 0.096024 0.218278
2 2 0.050886 0.202784 0.580015 0.027443 0.138871
2 2 0.045301 0.164409 0.653944 0.028297 0.108048
2 2 0.008426 0.015263 0.955023 0.016215 0.005072
2 2 0.008877 0.016319 0.952785 0.016617 0.005401
2 2 0.010439 0.018985 0.944992 0.019111 0.006473
2 2 0.010203 0.018268 0.946141 0.019106 0.006283
2 2 0.009395 0.016369 0.950087 0.018466 0.005684
2 2 0.009025 0.014931 0.951711 0.018970 0.005363
2 2 0.007526 0.012485 0.954166 0.021295 0.004529
2 2 0.008126 0.014111 0.942835 0.029703 0.005225
2 2 0.009135 0.016313 0.922924 0.045308 0.006321
2 2 0.012937 0.026259 0.833284 0.116581 0.010940
2 2 0.018690 0.038042 0.737381 0.188559 0.017327
2 2 0.016878 0.036226 0.804649 0.127321 0.014926
2 2 0.012322 0.025555 0.871716 0.080486 0.009921
2 2 0.010077 0.018642 0.917224 0.046932 0.007126
2 2 0.012997 0.024266 0.872116 0.080573 0.010047
2 2 0.023458 0.033626 0.867197 0.059832 0.015886
2 2 0.026492 0.056549 0.606481 0.283044 0.027433
3 2 0.042503 0.082972 0.368541 0.458967 0.047018
2 2 0.136164 0.113756 0.508316 0.153636 0.088128
2 2 0.059527 0.132254 0.470735 0.271657 0.065827
2 2 0.052366 0.150321 0.631845 0.083017 0.082451
2 2 0.041280 0.138495 0.692357 0.039811 0.088057
2 2 0.025420 0.071071 0.833207 0.031812 0.038489
2 2 0.031459 0.077465 0.768068 0.080007 0.043001
2 2 0.034426 0.069894 0.663728 0.198912 0.033041
2 2 0.062381 0.112405 0.521365 0.242368 0.061481
2 2 0.063709 0.118368 0.570080 0.187164 0.060679
2 2 0.038661 0.072693 0.761139 0.094593 0.032913
2 2 0.027207 0.043100 0.863883 0.047174 0.018635
2 2 0.014786 0.024626 0.923426 0.027756 0.009407
2 2 0.013752 0.022526 0.927708 0.027359 0.008656
2 2 0.012267 0.019795 0.935537 0.024852 0.007550
2 2 0.013114 0.021264 0.931422 0.026045 0.008154
2 2 0.010254 0.017723 0.945795 0.019965 0.006264
2 2 0.008427 0.015131 0.955003 0.016378 0.005062
2 2 0.007270 0.013395 0.960868 0.014157 0.004310
2 2 0.006832 0.012037 0.962979 0.014178 0.003973
2 2 0.007029 0.011777 0.961059 0.016056 0.004078
2 2 0.007394 0.013226 0.951304 0.023431 0.004644
2 2 0.008607 0.015391 0.942126 0.028306 0.005570
2 2 0.008570 0.016721 0.929395 0.039301 0.006012
2 2 0.006873 0.015201 0.923876 0.048850 0.005200
2 2 0.009180 0.021747 0.880284 0.081047 0.007742
2 2 0.011938 0.028035 0.854943 0.094737 0.010346
2 2 0.013647 0.030896 0.851734 0.092073 0.011650
2 2 0.039297 0.070715 0.708604 0.147673 0.033711
2 2 0.140067 0.134409 0.414440 0.209886 0.101198
2 2 0.065440 0.132366 0.428415 0.303141 0.070638
2 2 0.033412 0.084503 0.657238 0.190034 0.034813
2 2 0.026004 0.062578 0.752492 0.134223 0.024703
2 2 0.057422 0.095081 0.625934 0.171519 0.050043
2 2 0.171226 0.154445 0.362410 0.169224 0.142695
2 2 0.121356 0.185073 0.405336 0.129865 0.158370
2 2 0.041234 0.088648 0.701346 0.121397 0.047375
2 2 0.032736 0.065363 0.770513 0.096618 0.034770
2 2 0.018165 0.031194 0.875966 0.061497 0.013178
2 2 0.024230 0.040150 0.833731 0.083586 0.018303
2 2 0.032992 0.056087 0.730302 0.152587 0.028033
2 2 0.048432 0.087050 0.589869 0.228392 0.046258
2 2 0.057411 0.110714 0.634554 0.135166 0.062156
2 2 0.063286 0.123391 0.661503 0.079813 0.072007
2 2 0.092021 0.217576 0.445521 0.054966 0.189916
4 2 0.150022 0.234392 0.194563 0.052084 0.368940
4 2 0.078793 0.278182 0.221120 0.032681 0.389224
2 2 0.072577 0.247254 0.402106 0.040860 0.237203
2 2 0.055999 0.186971 0.520304 0.050906 0.185820
2 2 0.028901 0.076210 0.743858 0.109731 0.041300
2 2 0.022099 0.043688 0.793865 0.121412 0.018936
2 2 0.011638 0.023640 0.890467 0.065261 0.008995
2 2 0.010473 0.021742 0.899610 0.060129 0.008046
2 2 0.012365 0.026911 0.852616 0.097657 0.010451
2 2 0.016895 0.033333 0.832443 0.103353 0.013977
2 2 0.033685 0.058412 0.742081 0.137433 0.028388
2 2 0.033105 0.057342 0.751947 0.129993 0.027613
2 2 0.028812 0.049009 0.795533 0.103763 0.022883
2 2 0.019256 0.033822 0.864134 0.068442 0.014346
2 2 0.012096 0.021011 0.925520 0.033386 0.007987
2 2 0.008796 0.015085 0.953019 0.017846 0.005254
2 2 0.006581 0.012067 0.964351 0.013155 0.003846
2 2 0.007395 0.013603 0.960239 0.014372 0.004392
2 2 0.009464 0.016474 0.949737 0.018594 0.005730
2 2 0.013086 0.021025 0.931500 0.026272 0.008116
2 2 0.016215 0.027403 0.895377 0.049709 0.011295
2 2 0.013263 0.022777 0.913676 0.041280 0.009004
2 2 0.011941 0.020666 0.925073 0.034416 0.007904
2 2 0.007370 0.013701 0.946899 0.027230 0.004800
2 2 0.005974 0.011707 0.951535 0.026839 0.003946
2 2 0.005451 0.011835 0.933966 0.044729 0.004020
2 2 0.009557 0.020380 0.868536 0.093623 0.007904
2 2 0.014265 0.030849 0.814695 0.127601 0.012590
2 2 0.016923 0.036380 0.785936 0.145459 0.015302
2 2 0.015790 0.033699 0.834632 0.102441 0.013438
2 2 0.014712 0.030159 0.835417 0.107333 0.012379
2 2 0.012132 0.024038 0.870345 0.083841 0.009644
2 2 0.011613 0.023311 0.881900 0.074076 0.009100
2 2 0.009492 0.019930 0.896960 0.066208 0.007409
2 2 0.007899 0.016559 0.914673 0.054900 0.005969
2 2 0.008150 0.015303 0.923327 0.047445 0.005775
2 2 0.010425 0.019249 0.921460 0.041618 0.007248
2 2 0.021936 0.036471 0.854733 0.070730 0.016130
2 2 0.071338 0.087485 0.656352 0.132109 0.052716
2 2 0.180738 0.188447 0.283135 0.152373 0.195306
2 2 0.071701 0.115502 0.490547 0.253310 0.068941
2 2 0.058415 0.090826 0.583092 0.215130 0.052537
2 2 0.025893 0.048836 0.748559 0.153953 0.022758
2 2 0.027275 0.053207 0.695292 0.198766 0.025459
2 2 0.034036 0.067428 0.575934 0.287861 0.034741
2 2 0.026535 0.060063 0.499818 0.383399 0.030185
3 2 0.019529 0.057648 0.414250 0.482521 0.026052
3 2 0.015824 0.054522 0.374735 0.531918 0.023001
3 2 0.020909 0.072716 0.288801 0.585227 0.032347
3 2 0.035238 0.107950 0.215610 0.586393 0.054808
3 2 0.034644 0.106592 0.222986 0.582151 0.053628
3 2 0.031639 0.092577 0.416437 0.417728 0.041619
2 2 0.017791 0.051445 0.623677 0.286520 0.020566
2 2 0.018248 0.051913 0.508237 0.398976 0.022626
3 2 0.013889 0.048333 0.404984 0.512916 0.019877
3 2 0.010031 0.044663 0.333514 0.595256 0.016537
3 2 0.011537 0.046256 0.364058 0.560245 0.017903
2 2 0.010597 0.037260 0.494305 0.443434 0.014403
2 2 0.012264 0.034400 0.645788 0.293674 0.013874
2 2 0.014812 0.032727 0.787497 0.151392 0.013573
2 2 0.017888 0.035520 0.804083 0.127154 0.015355
2 2 0.025219 0.041995 0.821631 0.091769 0.019387
2 2 0.028207 0.043899 0.857854 0.049679 0.020361
2 2 0.026157 0.065540 0.842479 0.028471 0.037354
2 2 0.049281 0.161448 0.602035 0.034177 0.153058
4 2 0.063477 0.227145 0.141367 0.014088 0.553922
4 4 0.065427 0.158912 0.059680 0.003698 0.712282
4 4 0.079677 0.132810 0.048695 0.002709 0.736109
4 4 0.099791 0.151453 0.063575 0.005188 0.679992
4 4 0.117299 0.164854 0.076654 0.008353 0.632841
4 4 0.122671 0.195464 0.102921 0.016298 0.562647
4 4 0.084796 0.219189 0.108307 0.014980 0.572728
4 4 0.072253 0.211122 0.095992 0.010559 0.610074
4 4 0.059427 0.206536 0.086827 0.007742 0.639467
4 4 0.033799 0.246924 0.097825 0.007919 0.613534
0 4 0.385664 0.120985 0.091315 0.034811 0.367226
4 4 0.138886 0.130785 0.057421 0.005086 0.667823
4 4 0.163631 0.134983 0.064178 0.007067 0.630141
4 4 0.153315 0.142167 0.067632 0.007549 0.629338
4 4 0.094926 0.132929 0.051543 0.003314 0.717289
4 4 0.073810 0.129811 0.046021 0.002335 0.748023
4 4 0.082568 0.161558 0.065816 0.005053 0.685005
4 4 0.072666 0.178024 0.073265 0.005927 0.670119
4 4 0.068863 0.206516 0.091085 0.009196 0.624340
4 4 0.113245 0.222055 0.134108 0.025690 0.504902
4 4 0.145196 0.223164 0.164972 0.042679 0.423989
4 4 0.178032 0.204625 0.136199 0.041192 0.439951
4 4 0.092300 0.255255 0.150124 0.034665 0.467656
4 4 0.083301 0.275545 0.208229 0.042230 0.390695
4 4 0.047879 0.236532 0.101351 0.009899 0.604338
4 4 0.049203 0.224507 0.093699 0.008410 0.624180
4 4 0.044109 0.199557 0.075052 0.004975 0.676306
4 4 0.039720 0.222717 0.086613 0.006467 0.644483
4 4 0.037729 0.165204 0.053891 0.002356 0.740820
4 4 0.038798 0.150334 0.047291 0.001837 0.761740
4 4 0.045873 0.166526 0.057628 0.002934 0.727039
4 4 0.077925 0.160641 0.064050 0.004644 0.692741
4 4 0.200843 0.165116 0.097358 0.020018 0.516666
4 4 0.302807 0.135144 0.089305 0.024023 0.448720
4 4 0.183701 0.173781 0.101441 0.020548 0.520529
4 4 0.139408 0.147685 0.069047 0.007427 0.636432
4 4 0.097444 0.148579 0.061280 0.004754 0.687944
4 4 0.113885 0.140334 0.059357 0.004848 0.681576
4 4 0.103361 0.132929 0.053008 0.003665 0.707038
4 4 0.055556 0.113116 0.034807 0.001188 0.795333
4 4 0.042617 0.099613 0.027079 0.000654 0.830037
4 4 0.054839 0.093365 0.026534 0.000706 0.824555
4 4 0.066743 0.106687 0.033793 0.001224 0.791553
4 4 0.069688 0.116434 0.038718 0.001622 0.773537
4 4 0.094362 0.124442 0.046745 0.002724 0.731728
4 4 0.085896 0.119090 0.042600 0.002165 0.750249
4 4 0.073783 0.099335 0.031491 0.001124 0.794267
4 4 0.068736 0.085324 0.024985 0.000702 0.820253
4 4 0.070930 0.103844 0.033121 0.001213 0.790893
4 4 0.060811 0.105086 0.032207 0.001069 0.800827
4 4 0.062640 0.125845 0.041917 0.001798 0.767799
4 4 0.049006 0.129770 0.040825 0.001526 0.778872
4 4 0.051980 0.142173 0.047346 0.002095 0.756406
4 4 0.046105 0.141561 0.045476 0.001834 0.765024
4 4 0.033343 0.181830 0.060082 0.002788 0.721956
4 4 0.025100 0.169502 0.050093 0.001718 0.753587
4 4 0.027703 0.177236 0.054957 0.002155 0.737949
4 4 0.042061 0.176085 0.061115 0.003184 0.717555
4 4 0.065611 0.198452 0.084075 0.007559 0.644303
4 4 0.086883 0.219910 0.115695 0.014277 0.563235
4 4 0.072954 0.263353 0.214260 0.020222 0.429211
4 4 0.086186 0.248579 0.155018 0.021961 0.488256
4 4 0.058773 0.272604 0.189856 0.021166 0.457601
4 4 0.055999 0.269706 0.278276 0.021914 0.374105
4 4 0.065265 0.273209 0.176774 0.022740 0.462013
4 4 0.086608 0.257473 0.161265 0.028339 0.466314
4 4 0.060229 0.272192 0.161070 0.022586 0.483924
4 4 0.062311 0.271265 0.236427 0.025815 0.404183
4 4 0.045116 0.258833 0.116268 0.013224 0.566560
4 4 0.034987 0.236871 0.092228 0.007044 0.628869
4 4 0.038878 0.220839 0.084894 0.006137 0.649253
4 4 0.036582 0.231569 0.090047 0.006805 0.634996
4 4 0.042566 0.226154 0.090673 0.007357 0.633251
4 4 0.055006 0.227145 0.099004 0.009978 0.608867
4 4 0.083832 0.252018 0.153064 0.023537 0.487549
2 4 0.052924 0.205691 0.504947 0.029149 0.207290
2 4 0.040491 0.146097 0.672359 0.026601 0.114452
2 4 0.053000 0.184272 0.565437 0.033336 0.163956
2 4 0.053544 0.148963 0.648670 0.043121 0.105702
2 4 0.072980 0.182801 0.543676 0.059736 0.140807
2 4 0.149577 0.229575 0.292306 0.089839 0.238703
2 4 0.078712 0.235990 0.402726 0.050076 0.232496
2 4 0.056779 0.179438 0.581623 0.038872 0.143288
2 1 0.046531 0.164109 0.617256 0.030114 0.141991
2 1 0.041114 0.108899 0.737951 0.037807 0.074229
2 1 0.023479 0.049822 0.871491 0.031054 0.024153
2 2 0.026509 0.070593 0.836394 0.026880 0.039624
2 2 0.036958 0.104535 0.756902 0.032492 0.069113
2 2 0.045941 0.168291 0.612096 0.028566 0.145106
2 2 0.038890 0.137227 0.689747 0.026536 0.107599
2 2 0.036958 0.128203 0.712137 0.026055 0.096647
2 2 0.022630 0.060752 0.861557 0.023521 0.031540
2 2 0.019393 0.053235 0.880811 0.020343 0.026218
2 2 0.015374 0.033772 0.915740 0.021350 0.013764
2 2 0.020362 0.035997 0.895048 0.033537 0.015056
2 2 0.029055 0.042789 0.854532 0.053884 0.019740
2 2 0.041503 0.063850 0.748628 0.113426 0.032593
2 2 0.028217 0.051726 0.795707 0.101244 0.023106
2 2 0.024611 0.047293 0.864484 0.043373 0.020240
2 2 0.022699 0.051494 0.874091 0.028043 0.023674
2 2 0.029357 0.049459 0.846495 0.052958 0.021731
2 2 0.046308 0.073934 0.713173 0.127472 0.039114
3 2 0.064159 0.116279 0.345510 0.401612 0.072439
3 2 0.089778 0.142695 0.273322 0.394978 0.099227
3 2 0.199984 0.177281 0.201582 0.231831 0.189322
2 2 0.110281 0.232503 0.357281 0.093538 0.206397
2 2 0.058468 0.164132 0.613592 0.045302 0.118505
2 2 0.034603 0.137663 0.706012 0.021262 0.100460
2 2 0.028789 0.107445 0.773772 0.019897 0.070096
2 2 0.022865 0.071686 0.846596 0.020073 0.038780
2 2 0.014227 0.036866 0.916643 0.016864 0.015400
2 2 0.009058 0.022326 0.948208 0.012400 0.008008
2 2 0.007571 0.017332 0.957778 0.011598 0.005721
2 2 0.008646 0.023445 0.948740 0.010789 0.008380
2 2 0.015312 0.042829 0.907295 0.016446 0.018119
2 2 0.032122 0.111973 0.771923 0.022982 0.060999
2 2 0.030820 0.133495 0.732641 0.017664 0.085380
2 2 0.025410 0.106554 0.785102 0.015917 0.067018
2 2 0.022947 0.089664 0.813838 0.015990 0.057560
2 2 0.021217 0.071593 0.849414 0.017559 0.040217
2 2 0.018325 0.056320 0.880411 0.017232 0.027711
2 2 0.021816 0.068770 0.853712 0.019235 0.036467
2 2 0.025621 0.079009 0.829216 0.022300 0.043854
2 2 0.026295 0.071545 0.838676 0.025969 0.037516
2 2 0.021216 0.058285 0.870717 0.021722 0.028060
2 2 0.028155 0.089293 0.806301 0.023298 0.052952
2 2 0.032310 0.100142 0.778520 0.026530 0.062498
2 2 0.047944 0.142959 0.664226 0.037066 0.107806
2 2 0.054008 0.137141 0.658403 0.048227 0.102221
2 2 0.046580 0.149409 0.641887 0.033627 0.128496
2 1 0.059044 0.160802 0.581755 0.034589 0.163811
2 1 0.057473 0.149404 0.609818 0.031693 0.151612
2 1 0.072385 0.185867 0.484650 0.034012 0.223085
2 1 0.074161 0.214577 0.423276 0.037568 0.250418
2 1 0.042571 0.148538 0.656699 0.028682 0.123511
2 2 0.032745 0.081194 0.804139 0.034123 0.047798
2 2 0.029795 0.074788 0.820061 0.031391 0.043965
2 2 0.028483 0.071079 0.830498 0.030425 0.039515
2 2 0.021030 0.058884 0.869215 0.021209 0.029662
2 2 0.020942 0.051239 0.879359 0.024348 0.024112
2 2 0.014194 0.030393 0.923154 0.020546 0.011712
2 2 0.017332 0.038420 0.904671 0.023259 0.016317
2 2 0.013154 0.027600 0.929053 0.019769 0.010425
2 2 0.019469 0.035511 0.898894 0.031325 0.014800
2 2 0.022565 0.041068 0.882519 0.035358 0.018490
2 2 0.020427 0.045117 0.886528 0.026690 0.021239
2 2 0.018698 0.045384 0.892276 0.022510 0.021132
2 2 0.019697 0.048505 0.885631 0.023095 0.023073
2 2 0.021358 0.056924 0.869841 0.022671 0.029206
2 2 0.019203 0.046282 0.890348 0.023107 0.021061
2 2 0.013401 0.030953 0.925282 0.018150 0.012214
2 2 0.008677 0.019790 0.951786 0.012984 0.006763
2 2 0.007504 0.016777 0.958459 0.011801 0.005459
2 2 0.006248 0.013965 0.965305 0.010185 0.004297
2 2 0.007616 0.014950 0.959154 0.013667 0.004614
2 2 0.005873 0.011527 0.968032 0.011129 0.003438
2 2 0.006622 0.012817 0.964203 0.012433 0.003925
2 2 0.006795 0.013220 0.963322 0.012617 0.004046
2 2 0.006785 0.013437 0.963372 0.012350 0.004057
2 2 0.005486 0.010884 0.970023 0.010416 0.003191
2 2 0.005567 0.010951 0.969608 0.010637 0.003238
2 2 0.007274 0.013414 0.960853 0.014146 0.004313
2 2 0.009334 0.016560 0.950439 0.018000 0.005667
2 2 0.010704 0.016460 0.942867 0.023577 0.006392
2 2 0.012085 0.018687 0.923019 0.038442 0.007768
2 2 0.010672 0.017660 0.929225 0.035495 0.006947
2 2 0.007149 0.014965 0.934611 0.038161 0.005114
2 2 0.006437 0.012998 0.942672 0.033448 0.004444
2 2 0.006545 0.012262 0.950128 0.026812 0.004254
2 2 0.006517 0.012737 0.937039 0.039164 0.004542
2 2 0.009322 0.018023 0.889111 0.076360 0.007185
2 2 0.011561 0.023482 0.855265 0.100169 0.009522
2 2 0.010517 0.025207 0.818787 0.135804 0.009685
2 2 0.008950 0.025261 0.792340 0.164409 0.009040
2 2 0.008645 0.023390 0.796169 0.163229 0.008566
2 2 0.009235 0.025970 0.738585 0.216435 0.009776
2 2 0.007002 0.022527 0.672039 0.290223 0.008208
2 2 0.006957 0.024957 0.563929 0.395037 0.009119
2 2 0.006415 0.025855 0.514891 0.443781 0.009057
3 2 0.007915 0.032528 0.449460 0.498367 0.011730
3 2 0.007987 0.036753 0.373326 0.568961 0.012972
3 2 0.009242 0.041948 0.343065 0.590500 0.015245
3 2 0.008682 0.039319 0.361388 0.576480 0.014131
3 2 0.012534 0.044901 0.414663 0.509873 0.018029
3 2 0.019545 0.061147 0.417302 0.475406 0.026600
3 2 0.126437 0.120670 0.241146 0.407290 0.104457
3 0 0.214082 0.115159 0.190332 0.348892 0.131535
3 0 0.269196 0.104091 0.174691 0.314405 0.137616
0 0 0.555871 0.076780 0.093124 0.104942 0.169283
0 0 0.682078 0.053151 0.057239 0.053221 0.154311
0 0 0.748654 0.038473 0.041385 0.036761 0.134728
0 0 0.737642 0.040826 0.043925 0.039336 0.138271
0 0 0.704476 0.048096 0.051777 0.047448 0.148203
0 0 0.650901 0.060368 0.065042 0.061642 0.162047
0 0 0.338078 0.145701 0.202349 0.136238 0.177635
2 0 0.104562 0.240891 0.402672 0.068171 0.183704
2 0 0.046767 0.126231 0.716929 0.040071 0.070002
2 0 0.036699 0.109404 0.756258 0.030355 0.067285
2 0 0.063508 0.214687 0.513046 0.038444 0.170315
2 0 0.076944 0.257594 0.359817 0.038721 0.266923
4 0 0.135793 0.229364 0.199693 0.028953 0.406197
4 0 0.125635 0.165391 0.079071 0.009278 0.620625
4 0 0.171772 0.142933 0.071493 0.009129 0.604673
4 0 0.181274 0.148959 0.078112 0.011426 0.580228
4 0 0.168057 0.144426 0.071975 0.009123 0.606418
4 0 0.097914 0.182849 0.084517 0.009317 0.625403
4 0 0.086897 0.222019 0.115704 0.016625 0.558755
4 0 0.096386 0.233747 0.131369 0.024186 0.514311
4 0 0.102413 0.236481 0.143510 0.026451 0.491147
4 0 0.067581 0.275576 0.216807 0.026980 0.413057
4 0 0.070974 0.274634 0.280172 0.032695 0.341525
2 1 0.067383 0.270188 0.347697 0.031610 0.283122
2 1 0.066168 0.248869 0.426118 0.034412 0.224434
2 1 0.059655 0.240600 0.451392 0.029806 0.218547
2 1 0.052859 0.209438 0.531695 0.028430 0.177578
4 1 0.068535 0.269008 0.301677 0.029076 0.331704
2 1 0.069110 0.216948 0.469178 0.038880 0.205885
2 1 0.097319 0.241119 0.315875 0.041940 0.303747
2 1 0.115276 0.181680 0.461015 0.057547 0.184482
2 1 0.118035 0.227553 0.309732 0.035165 0.309515
2 1 0.110813 0.232266 0.372935 0.050062 0.233924
2 1 0.123668 0.208792 0.407318 0.055841 0.204381
4 1 0.216211 0.202132 0.250996 0.065541 0.265119
0 1 0.334579 0.150526 0.125342 0.066022 0.323531
4 1 0.229401 0.197318 0.194094 0.064651 0.314536
4 1 0.199052 0.211214 0.243591 0.065186 0.280956
