0 0 0.734750 0.074216 0.078470 0.004864 0.107699
0 0 0.785660 0.050772 0.039846 0.001519 0.122203
0 0 0.849254 0.037245 0.039591 0.001290 0.072621
0 0 0.800833 0.052118 0.054079 0.002364 0.090606
0 0 0.760193 0.064028 0.061262 0.003147 0.111369
0 0 0.742450 0.072088 0.079460 0.004872 0.101130
0 0 0.781359 0.057921 0.058147 0.002768 0.099804
0 0 0.807077 0.046718 0.040540 0.001488 0.104177
0 0 0.788967 0.051830 0.043900 0.001757 0.113547
0 0 0.697831 0.084578 0.078239 0.005244 0.134108
0 0 0.656892 0.098533 0.089095 0.006968 0.148511
0 0 0.542372 0.141541 0.133824 0.016410 0.165854
0 0 0.499048 0.157420 0.142214 0.019767 0.181551
2 0 0.228359 0.192073 0.380705 0.048578 0.150285
2 1 0.245410 0.221937 0.301457 0.062925 0.168270
2 1 0.084116 0.171719 0.565212 0.064598 0.114355
2 1 0.063818 0.166164 0.593688 0.068253 0.108077
2 1 0.031868 0.105034 0.750413 0.035152 0.077534
2 1 0.027480 0.094022 0.777115 0.029950 0.071433
2 1 0.023024 0.082271 0.805330 0.024745 0.064630
2 1 0.052810 0.142858 0.621001 0.028377 0.154955
2 4 0.064153 0.159331 0.551379 0.026227 0.198909
2 4 0.089790 0.190437 0.412941 0.025280 0.281551
2 4 0.096402 0.197507 0.382926 0.025696 0.297469
2 4 0.098662 0.202337 0.382463 0.028586 0.287952
2 4 0.099954 0.203141 0.375053 0.028088 0.293765
2 4 0.076072 0.172733 0.471456 0.023708 0.256030
2 4 0.070420 0.164880 0.495389 0.023897 0.245414
2 4 0.059854 0.150426 0.564625 0.022044 0.203049
2 4 0.051598 0.135242 0.603113 0.018295 0.191753
2 4 0.049191 0.130341 0.613166 0.016836 0.190466
2 4 0.046235 0.126487 0.638599 0.018278 0.170402
2 4 0.042220 0.121395 0.674515 0.021761 0.140109
2 4 0.035983 0.111582 0.722012 0.027205 0.103217
2 4 0.021549 0.078236 0.814955 0.023040 0.062220
2 4 0.022254 0.080176 0.810332 0.023854 0.063383
2 4 0.024750 0.086895 0.794260 0.026750 0.067345
2 4 0.035705 0.114114 0.727816 0.039038 0.083327
2 4 0.063042 0.146600 0.634434 0.047773 0.108151
0 0 0.306993 0.208043 0.258558 0.045683 0.180723
2 0 0.107466 0.167261 0.553695 0.054484 0.117093
2 1 0.042380 0.129543 0.689948 0.047896 0.090233
2 1 0.021970 0.079397 0.812188 0.023527 0.062918
2 2 0.019764 0.073250 0.826808 0.020992 0.059186
2 2 0.020884 0.076395 0.819337 0.022277 0.061107
2 2 0.034664 0.110187 0.737251 0.037328 0.080570
2 2 0.044260 0.130483 0.681555 0.052223 0.091479
2 2 0.051853 0.138394 0.655393 0.057684 0.096676
2 2 0.036033 0.100689 0.734532 0.049777 0.078969
2 2 0.024964 0.069833 0.804160 0.038754 0.062288
2 2 0.015914 0.038436 0.866401 0.035733 0.043516
2 2 0.015373 0.037359 0.870135 0.034530 0.042603
2 2 0.016308 0.038421 0.863624 0.037823 0.043824
2 2 0.022700 0.048656 0.820426 0.055423 0.052795
2 2 0.054047 0.089161 0.665592 0.108854 0.082346
2 2 0.091091 0.121792 0.554385 0.130591 0.102142
2 2 0.118049 0.153000 0.502806 0.110310 0.115835
2 2 0.031936 0.069657 0.763707 0.068159 0.066540
2 2 0.020432 0.043680 0.835028 0.051710 0.049150
2 2 0.012560 0.021511 0.881606 0.052008 0.032315
2 2 0.012985 0.022411 0.878823 0.052615 0.033165
2 2 0.014052 0.019983 0.858197 0.075418 0.032351
2 2 0.014358 0.017760 0.841760 0.095161 0.030962
2 2 0.020528 0.022979 0.769111 0.149116 0.038267
2 2 0.027230 0.027726 0.658072 0.240894 0.046078
2 2 0.032141 0.028741 0.498390 0.390790 0.049938
3 2 0.031005 0.024765 0.355504 0.541736 0.046990
3 2 0.026256 0.018861 0.251016 0.663816 0.040050
3 2 0.016799 0.010442 0.135964 0.809057 0.027738
3 2 0.016569 0.010927 0.129741 0.813651 0.029112
3 2 0.016198 0.011079 0.124638 0.818305 0.029780
3 2 0.016287 0.011498 0.122792 0.818673 0.030750
3 3 0.011046 0.007256 0.094091 0.863983 0.023623
3 3 0.007307 0.004434 0.070782 0.899803 0.017674
3 3 0.006544 0.003944 0.065007 0.907949 0.016557
3 3 0.006681 0.004368 0.062898 0.908012 0.018041
3 3 0.006008 0.003800 0.058887 0.914776 0.016529
3 3 0.006716 0.004421 0.062897 0.907763 0.018204
3 3 0.006549 0.004088 0.063674 0.908585 0.017104
3 3 0.004950 0.002973 0.051931 0.925950 0.014196
3 3 0.005058 0.003093 0.052271 0.924977 0.014601
3 3 0.005084 0.003343 0.050200 0.925724 0.015649
3 3 0.004630 0.003209 0.045044 0.931514 0.015603
3 3 0.004553 0.003249 0.043641 0.932678 0.015880
3 3 0.004261 0.003019 0.041529 0.935975 0.015216
3 3 0.004598 0.003321 0.043666 0.932273 0.016143
3 3 0.004197 0.003030 0.040553 0.936873 0.015348
3 3 0.005173 0.003898 0.046837 0.926199 0.017891
3 3 0.004532 0.003337 0.042646 0.933186 0.016300
3 3 0.003852 0.002699 0.038518 0.940679 0.014251
3 3 0.003452 0.002362 0.035744 0.945316 0.013126
3 3 0.003802 0.002579 0.038879 0.941007 0.013734
3 3 0.003439 0.002366 0.035508 0.945521 0.013166
3 3 0.003757 0.002626 0.037794 0.941799 0.014025
3 3 0.002901 0.002031 0.030574 0.952318 0.012176
3 3 0.003661 0.002639 0.036314 0.943167 0.014219
3 3 0.003188 0.002301 0.032405 0.948916 0.013191
3 3 0.003845 0.002988 0.036080 0.941441 0.015646
3 3 0.003454 0.002599 0.033721 0.945905 0.014321
3 3 0.002690 0.001890 0.028669 0.955032 0.011719
3 3 0.002316 0.001582 0.025811 0.959784 0.010508
3 3 0.002320 0.001666 0.025070 0.959934 0.011009
3 3 0.002376 0.001809 0.024660 0.959387 0.011767
3 3 0.002345 0.001769 0.024528 0.959774 0.011584
3 3 0.002550 0.001925 0.026268 0.957117 0.012140
3 3 0.002445 0.001783 0.025924 0.958351 0.011496
3 3 0.002274 0.001581 0.025158 0.960414 0.010572
3 3 0.002115 0.001488 0.023542 0.962594 0.010261
3 3 0.002476 0.001902 0.025367 0.958117 0.012138
3 3 0.002469 0.001976 0.024671 0.958304 0.012580
3 3 0.002593 0.002122 0.025334 0.956760 0.013190
3 3 0.002112 0.001589 0.022550 0.962847 0.010901
3 3 0.002226 0.001696 0.023369 0.961353 0.011355
3 3 0.002177 0.001686 0.022715 0.962038 0.011383
3 3 0.002204 0.001782 0.022348 0.961749 0.011917
3 3 0.001921 0.001542 0.020059 0.965513 0.010965
3 3 0.001794 0.001407 0.019226 0.967239 0.010335
3 3 0.001592 0.001184 0.018013 0.969998 0.009212
3 3 0.005604 0.004333 0.049196 0.921740 0.019128
3 3 0.007735 0.005596 0.066556 0.898707 0.021406
3 3 0.009572 0.008239 0.071061 0.883038 0.028091
3 3 0.008820 0.008075 0.064043 0.890601 0.028461
3 3 0.002936 0.002347 0.028452 0.952431 0.013833
3 3 0.002436 0.001868 0.025058 0.958628 0.012009
3 3 0.002927 0.002245 0.029117 0.952413 0.013298
3 3 0.002411 0.001898 0.024444 0.959017 0.012230
3 3 0.003153 0.002698 0.028917 0.949922 0.015310
3 3 0.004731 0.004461 0.037942 0.931970 0.020896
3 3 0.009973 0.009675 0.059073 0.885931 0.035347
3 3 0.017473 0.016862 0.084387 0.831014 0.050263
3 3 0.059613 0.033719 0.145010 0.667838 0.093820
3 0 0.207880 0.066988 0.249300 0.338362 0.137471
0 0 0.521827 0.085134 0.211593 0.061507 0.119940
0 1 0.670953 0.082281 0.133494 0.013880 0.099392
0 1 0.563855 0.094280 0.144749 0.029891 0.167225
0 1 0.436605 0.102077 0.124127 0.049487 0.287704
4 1 0.250939 0.098055 0.091335 0.089462 0.470208
4 0 0.286399 0.101251 0.089704 0.073457 0.449188
4 0 0.310190 0.093653 0.094103 0.080236 0.421819
0 0 0.430960 0.074407 0.059729 0.027192 0.407711
0 0 0.545114 0.058030 0.046679 0.012497 0.337679
0 0 0.564121 0.049963 0.039998 0.010260 0.335659
0 0 0.563555 0.048645 0.040321 0.011214 0.336266
4 0 0.437995 0.051571 0.039884 0.019936 0.450614
4 0 0.382271 0.056463 0.042064 0.026000 0.493202
4 0 0.246074 0.074494 0.051389 0.056569 0.571473
4 0 0.238676 0.085873 0.054296 0.050617 0.570538
4 2 0.231208 0.124430 0.121255 0.119342 0.403765
4 2 0.215458 0.114727 0.207344 0.227585 0.234885
2 2 0.244773 0.095973 0.288796 0.235120 0.135338
0 2 0.485388 0.102239 0.221946 0.059884 0.130543
0 0 0.640534 0.095618 0.146119 0.015656 0.102072
0 0 0.609722 0.117815 0.125641 0.012922 0.133901
0 0 0.469179 0.162498 0.168760 0.027738 0.171825
0 0 0.423121 0.178753 0.162062 0.029179 0.206886
0 0 0.403756 0.176165 0.209914 0.031727 0.178439
0 0 0.691042 0.089200 0.094576 0.007098 0.118083
0 0 0.863409 0.032525 0.034964 0.001060 0.068042
0 0 0.890743 0.022124 0.022241 0.000547 0.064346
0 0 0.868088 0.028481 0.025740 0.000652 0.077039
0 0 0.713485 0.076150 0.063070 0.003636 0.143659
2 1 0.239120 0.211554 0.326043 0.054706 0.168578
2 1 0.056231 0.120958 0.635129 0.093784 0.093898
2 2 0.026347 0.051064 0.794557 0.072032 0.056001
2 2 0.022505 0.045480 0.820264 0.060465 0.051287
2 2 0.025843 0.050711 0.806945 0.061159 0.055342
2 2 0.075918 0.112475 0.653205 0.063152 0.095250
2 2 0.221929 0.201697 0.376055 0.065128 0.135191
2 2 0.066883 0.150575 0.623037 0.055157 0.104349
2 2 0.035785 0.101652 0.735204 0.048259 0.079099
2 2 0.018072 0.054660 0.848265 0.027314 0.051689
2 2 0.020583 0.053880 0.834436 0.037682 0.053418
2 2 0.026316 0.065473 0.798065 0.048451 0.061695
2 2 0.129840 0.151947 0.536528 0.065175 0.116509
0 2 0.324057 0.198150 0.277160 0.066876 0.133758
0 2 0.440011 0.175415 0.210675 0.040148 0.133751
0 2 0.437073 0.179995 0.191637 0.035381 0.155914
0 2 0.314463 0.228714 0.197196 0.049871 0.209757
2 2 0.078922 0.193083 0.511052 0.059086 0.157857
2 2 0.039142 0.116711 0.711637 0.047350 0.085160
2 2 0.023824 0.064472 0.812500 0.039562 0.059642
2 2 0.015971 0.043079 0.865383 0.030053 0.045514
2 2 0.024690 0.057044 0.808614 0.052163 0.057488
2 2 0.064354 0.099302 0.674108 0.073033 0.089203
0 0 0.450085 0.175097 0.188469 0.033468 0.152882
0 0 0.542126 0.141899 0.137882 0.017167 0.160926
2 0 0.251045 0.197995 0.347861 0.051574 0.151526
2 0 0.118049 0.160523 0.534302 0.069615 0.117511
2 1 0.045128 0.077951 0.762187 0.041390 0.073343
2 1 0.149570 0.125932 0.573152 0.042138 0.109208
0 1 0.575137 0.126300 0.174642 0.022417 0.101505
0 0 0.700261 0.086158 0.116596 0.009460 0.087526
0 0 0.702275 0.086027 0.104109 0.007986 0.099603
0 0 0.585594 0.125706 0.121000 0.012863 0.154836
0 0 0.438255 0.181016 0.166871 0.028850 0.185008
0 1 0.352839 0.212459 0.209099 0.049919 0.175683
2 1 0.256051 0.216431 0.313493 0.075827 0.138197
2 2 0.134931 0.173144 0.516018 0.053603 0.122305
2 2 0.197554 0.187146 0.428371 0.056041 0.130888
2 0 0.276698 0.205780 0.315548 0.065652 0.136322
0 0 0.297979 0.210084 0.286479 0.068906 0.136552
0 1 0.469959 0.168227 0.178088 0.029419 0.154307
0 1 0.587193 0.125725 0.128960 0.014099 0.144023
0 1 0.736414 0.073712 0.078299 0.004830 0.106744
0 0 0.831297 0.043087 0.046889 0.001758 0.076970
0 0 0.851763 0.037303 0.042710 0.001439 0.066785
0 0 0.836272 0.042252 0.049259 0.001870 0.070346
0 0 0.833206 0.040131 0.037419 0.001232 0.088012
0 0 0.675036 0.091282 0.080090 0.005699 0.147893
0 1 0.560452 0.135258 0.133908 0.015795 0.154587
0 1 0.482672 0.158815 0.119064 0.015658 0.223790
0 1 0.500745 0.155878 0.133861 0.017981 0.191535
0 0 0.578024 0.125438 0.104849 0.010516 0.181173
0 0 0.517392 0.145908 0.112053 0.013227 0.211421
0 0 0.432895 0.182859 0.160761 0.027655 0.195831
0 0 0.484027 0.161961 0.136159 0.019148 0.198705
0 0 0.635833 0.101725 0.085667 0.007226 0.169549
0 1 0.737281 0.064544 0.053339 0.002947 0.141890
0 1 0.778567 0.051145 0.042109 0.001881 0.126298
0 1 0.823778 0.038913 0.030215 0.000899 0.106196
0 1 0.820825 0.040687 0.032879 0.001040 0.104568
0 1 0.824777 0.043121 0.041075 0.001456 0.089571
0 0 0.846113 0.033581 0.028064 0.000777 0.091464
0 0 0.899124 0.022024 0.022285 0.000452 0.056115
0 0 0.916101 0.017406 0.017624 0.000294 0.048575
0 0 0.908031 0.020513 0.022855 0.000455 0.048145
0 0 0.856647 0.034560 0.035522 0.001068 0.072204
0 0 0.770072 0.057023 0.046796 0.002024 0.124085
0 0 0.590969 0.109507 0.074359 0.006225 0.218940
0 0 0.564010 0.126704 0.094953 0.009291 0.205042
0 0 0.608251 0.111047 0.098272 0.009876 0.172554
0 0 0.584356 0.099011 0.107929 0.020403 0.188301
0 0 0.657725 0.071821 0.080149 0.012893 0.177412
0 0 0.789754 0.043535 0.038606 0.002019 0.126085
0 0 0.812990 0.040479 0.030850 0.000996 0.114685
0 0 0.726896 0.059664 0.043604 0.002419 0.167418
0 0 0.735482 0.039700 0.022837 0.001029 0.200952
0 0 0.742569 0.050376 0.035066 0.001788 0.170202
0 0 0.691020 0.070275 0.049845 0.003141 0.185719
0 0 0.646981 0.093649 0.071941 0.005462 0.181968
0 0 0.744287 0.067497 0.075929 0.005295 0.106992
0 0 0.818689 0.036296 0.027528 0.000905 0.116582
0 0 0.872008 0.030686 0.033452 0.000930 0.062924
0 0 0.842920 0.039668 0.049295 0.001960 0.066157
0 0 0.825165 0.043702 0.052759 0.002435 0.075938
0 0 0.787555 0.047887 0.045530 0.002446 0.116582
0 0 0.745001 0.064175 0.058097 0.003370 0.129357
0 0 0.731840 0.068160 0.060256 0.003628 0.136117
0 0 0.726509 0.076514 0.078028 0.004912 0.114037
0 0 0.695689 0.087567 0.100312 0.007824 0.108607
0 0 0.691916 0.089234 0.098354 0.007513 0.112984
0 0 0.741815 0.072580 0.082689 0.005180 0.097735
0 0 0.795082 0.054025 0.056258 0.002547 0.092087
0 0 0.834021 0.040021 0.037606 0.001239 0.087112
0 0 0.816340 0.045246 0.041959 0.001536 0.094919
0 0 0.823862 0.045027 0.047517 0.001829 0.081764
0 0 0.854146 0.034985 0.035126 0.001056 0.074686
0 0 0.846081 0.034323 0.028985 0.000797 0.089813
0 0 0.805071 0.047506 0.041512 0.001551 0.104360
0 0 0.782645 0.055115 0.049136 0.002126 0.110979
0 0 0.696465 0.085738 0.081903 0.005641 0.130253
0 0 0.729173 0.072876 0.064973 0.003686 0.129293
0 0 0.732211 0.066882 0.050762 0.002490 0.147655
0 0 0.689920 0.081050 0.061280 0.003645 0.164105
0 0 0.661601 0.093690 0.076110 0.005412 0.163187
0 0 0.681027 0.087942 0.074004 0.004982 0.152045
0 0 0.725353 0.073450 0.063709 0.003604 0.133883
0 0 0.822111 0.046852 0.055749 0.002346 0.072942
0 0 0.849506 0.038825 0.049747 0.001827 0.060096
0 0 0.900360 0.023789 0.030868 0.000746 0.044237
0 0 0.859404 0.035679 0.044643 0.001505 0.058769
0 0 0.790730 0.057214 0.078491 0.004249 0.069316
0 0 0.739426 0.073599 0.098229 0.006720 0.082026
0 0 0.736147 0.070021 0.061263 0.003315 0.129253
0 1 0.742331 0.065387 0.052418 0.002565 0.137300
0 1 0.715959 0.077368 0.068896 0.004150 0.133627
0 1 0.779382 0.050051 0.036091 0.001315 0.133160
0 0 0.818680 0.032593 0.022334 0.000669 0.125723
0 0 0.853673 0.016750 0.010759 0.000268 0.118550
0 0 0.795720 0.014193 0.007664 0.000272 0.182150
0 0 0.687937 0.016164 0.007516 0.000442 0.287941
0 0 0.545576 0.017128 0.006728 0.000656 0.429912
0 0 0.507950 0.020953 0.007451 0.000697 0.462949
4 0 0.408056 0.032811 0.009723 0.000983 0.548427
4 4 0.192048 0.071024 0.016607 0.003546 0.716776
4 4 0.119206 0.115574 0.025937 0.009030 0.730253
4 4 0.118739 0.175928 0.128230 0.024065 0.553039
4 4 0.090540 0.174690 0.297417 0.024673 0.412679
4 4 0.096449 0.182064 0.288852 0.023786 0.408849
4 4 0.101888 0.193606 0.306101 0.024624 0.373781
4 4 0.127729 0.202515 0.238747 0.023701 0.407307
4 4 0.177301 0.197285 0.196393 0.022613 0.406408
4 4 0.232155 0.185667 0.162767 0.014704 0.404706
4 4 0.235481 0.181374 0.136472 0.013776 0.432897
4 4 0.194236 0.207524 0.119545 0.019973 0.458722
4 4 0.194137 0.219896 0.115951 0.023428 0.446589
4 4 0.118674 0.223323 0.310711 0.032555 0.314736
4 4 0.131094 0.221028 0.229788 0.026357 0.391733
2 4 0.082824 0.183032 0.444038 0.027316 0.262790
2 4 0.073432 0.169735 0.480235 0.026288 0.250309
2 4 0.045030 0.127427 0.660518 0.023824 0.143200
2 4 0.037501 0.113151 0.707860 0.023210 0.118278
2 4 0.018295 0.069053 0.836749 0.019319 0.056583
2 4 0.012559 0.051687 0.877583 0.012897 0.045273
2 4 0.010215 0.044032 0.895451 0.010335 0.039968
2 4 0.009138 0.040375 0.903963 0.009172 0.037351
2 4 0.010501 0.044102 0.894065 0.010990 0.040342
2 4 0.012468 0.050560 0.879032 0.013138 0.044802
2 4 0.023438 0.080380 0.804994 0.026763 0.064424
2 4 0.071940 0.144556 0.619915 0.059399 0.104190
0 4 0.424180 0.184034 0.200488 0.038959 0.152339
0 0 0.688659 0.089977 0.094960 0.007178 0.119226
0 0 0.718238 0.079186 0.079938 0.005188 0.117450
0 1 0.585244 0.125004 0.114393 0.011828 0.163531
0 1 0.355050 0.187763 0.212550 0.025971 0.218666
2 1 0.223344 0.214895 0.300657 0.040512 0.220592
2 1 0.263447 0.192538 0.354410 0.055836 0.133770
0 1 0.448920 0.167619 0.220253 0.041944 0.121264
0 0 0.463227 0.158930 0.207279 0.037901 0.132663
0 0 0.375068 0.168238 0.237412 0.066068 0.153214
0 1 0.419059 0.176924 0.208634 0.043176 0.152208
0 1 0.435368 0.182133 0.168830 0.029556 0.184114
0 1 0.288605 0.213231 0.282751 0.061422 0.153991
2 1 0.243270 0.212194 0.316340 0.051749 0.176447
0 1 0.362882 0.205931 0.194229 0.038787 0.198171
0 1 0.282238 0.208027 0.268102 0.039918 0.201716
2 4 0.214362 0.197012 0.383373 0.051227 0.154025
2 4 0.086476 0.160510 0.585943 0.053040 0.114030
2 4 0.041293 0.126829 0.696615 0.046332 0.088931
2 4 0.023661 0.083627 0.801507 0.025663 0.065542
2 4 0.023758 0.084251 0.800595 0.025597 0.065798
2 4 0.027086 0.093007 0.779565 0.029486 0.070857
2 4 0.033496 0.108993 0.740745 0.037101 0.079666
2 2 0.040480 0.119236 0.713346 0.040931 0.086007
2 2 0.032450 0.106459 0.746937 0.035849 0.078305
2 2 0.022233 0.080118 0.810469 0.023830 0.063349
2 2 0.013271 0.053940 0.872312 0.013684 0.046794
2 2 0.013718 0.051251 0.872607 0.016035 0.046389
2 2 0.014555 0.049036 0.870205 0.019732 0.046472
2 2 0.017789 0.057236 0.848162 0.024471 0.052341
2 2 0.014181 0.044283 0.875300 0.021868 0.044367
2 2 0.012401 0.033710 0.890710 0.024794 0.038385
2 2 0.011673 0.029968 0.896341 0.026002 0.036016
2 2 0.012193 0.033672 0.892080 0.023885 0.038170
2 2 0.012227 0.032272 0.892195 0.025720 0.037586
2 2 0.012489 0.031785 0.890451 0.027668 0.037608
2 2 0.020513 0.046034 0.835209 0.048019 0.050225
2 2 0.042372 0.075619 0.695686 0.112857 0.073465
2 2 0.090700 0.147052 0.504677 0.148095 0.109475
2 2 0.039111 0.076438 0.719091 0.092845 0.072515
2 2 0.028865 0.063427 0.782338 0.062884 0.062486
2 2 0.021414 0.054187 0.829364 0.040887 0.054148
2 2 0.033551 0.086946 0.752571 0.053555 0.073376
2 2 0.036131 0.097180 0.735671 0.053019 0.077999
2 2 0.107147 0.166450 0.517870 0.063528 0.145005
2 2 0.254814 0.183014 0.303847 0.033363 0.224962
0 2 0.403092 0.155097 0.139558 0.024366 0.277886
0 2 0.385852 0.160891 0.104566 0.023073 0.325619
2 2 0.125583 0.225221 0.320276 0.036149 0.292771
4 2 0.201798 0.234042 0.242982 0.045994 0.275185
2 2 0.223712 0.102966 0.290526 0.244840 0.137956
0 2 0.271370 0.186124 0.189983 0.098092 0.254431
0 2 0.392538 0.144521 0.203304 0.062971 0.196666
0 2 0.357895 0.135902 0.219365 0.092613 0.194225
0 2 0.338538 0.117011 0.258936 0.131168 0.154347
0 2 0.493514 0.133053 0.195986 0.036765 0.140682
0 2 0.424410 0.145487 0.244286 0.055521 0.130296
2 2 0.238654 0.165614 0.352613 0.116326 0.126792
2 2 0.116768 0.141702 0.493707 0.135663 0.112159
2 2 0.054360 0.085572 0.618390 0.160731 0.080948
2 2 0.075709 0.096299 0.562236 0.175991 0.089765
2 2 0.097821 0.116787 0.549975 0.133871 0.101547
2 2 0.083066 0.127315 0.606516 0.080918 0.102185
2 2 0.050483 0.119606 0.687699 0.051806 0.090406
2 2 0.050361 0.135713 0.661339 0.048844 0.103742
2 2 0.079278 0.156943 0.600651 0.054104 0.109023
2 2 0.270565 0.210671 0.302148 0.061589 0.155028
0 0 0.482991 0.161587 0.186113 0.030641 0.138668
0 0 0.616357 0.115503 0.130671 0.013495 0.123974
0 0 0.624161 0.111855 0.109351 0.010183 0.144451
0 0 0.399866 0.195800 0.181111 0.035779 0.187445
2 1 0.071908 0.171284 0.561206 0.083704 0.111899
2 1 0.019985 0.058109 0.836190 0.031218 0.054498
2 2 0.012138 0.024059 0.890056 0.040296 0.033452
2 2 0.008833 0.015816 0.911916 0.037653 0.025782
2 2 0.008943 0.015876 0.910752 0.038512 0.025917
2 2 0.009129 0.016941 0.910736 0.036437 0.026757
2 2 0.011140 0.019085 0.892318 0.047704 0.029754
2 2 0.009930 0.016842 0.901235 0.044624 0.027369
2 2 0.011515 0.018066 0.884936 0.056100 0.029383
2 2 0.014604 0.023294 0.862532 0.064756 0.034814
2 2 0.015041 0.024961 0.861771 0.062128 0.036098
2 2 0.014008 0.022764 0.868086 0.061048 0.034095
2 2 0.011816 0.019764 0.886052 0.051676 0.030692
2 2 0.015929 0.024837 0.851286 0.071354 0.036593
2 2 0.019212 0.024603 0.807401 0.110566 0.038218
2 2 0.024237 0.026968 0.716719 0.187908 0.044168
2 2 0.025383 0.025222 0.643125 0.261382 0.044888
2 2 0.022853 0.020672 0.626128 0.289877 0.040470
2 2 0.026552 0.024068 0.565423 0.338816 0.045142
3 2 0.031234 0.026338 0.344645 0.548018 0.049765
3 3 0.029199 0.023041 0.181430 0.721381 0.044949
3 3 0.026508 0.019580 0.176331 0.737102 0.040480
3 3 0.039212 0.034972 0.355627 0.513357 0.056832
2 3 0.025940 0.023068 0.615270 0.293678 0.042044
2 2 0.022957 0.021121 0.683808 0.233653 0.038462
2 2 0.022511 0.021806 0.694539 0.221667 0.039477
2 2 0.020045 0.020093 0.709893 0.211607 0.038362
2 2 0.021454 0.019767 0.627697 0.290861 0.040222
2 2 0.021771 0.021608 0.642810 0.271173 0.042638
2 2 0.018930 0.017360 0.649019 0.277217 0.037474
2 2 0.023268 0.021008 0.616260 0.298408 0.041057
2 2 0.028376 0.026086 0.570309 0.328631 0.046599
3 2 0.026616 0.021300 0.448081 0.460855 0.043148
3 2 0.029051 0.023586 0.366467 0.534410 0.046486
3 2 0.034610 0.029979 0.311024 0.571083 0.053304
3 2 0.043236 0.039498 0.239263 0.617180 0.060823
2 2 0.121483 0.083860 0.348923 0.347512 0.098222
2 2 0.098355 0.095101 0.446283 0.260579 0.099682
2 2 0.063895 0.094275 0.563736 0.189374 0.088720
2 2 0.038930 0.056951 0.652028 0.182763 0.069327
2 2 0.036508 0.051595 0.692141 0.157675 0.062082
2 2 0.028839 0.045997 0.766297 0.104010 0.054856
2 2 0.027997 0.046273 0.774695 0.096421 0.054614
2 2 0.024463 0.035005 0.783472 0.110019 0.047041
2 2 0.026445 0.038614 0.772547 0.112457 0.049936
2 2 0.021354 0.030826 0.805849 0.098812 0.043158
2 2 0.020023 0.025601 0.801056 0.114062 0.039258
2 2 0.020095 0.028649 0.813452 0.096576 0.041228
2 2 0.019746 0.031486 0.825956 0.080117 0.042695
2 2 0.017828 0.025446 0.829977 0.088681 0.038068
2 2 0.020757 0.027808 0.801537 0.108864 0.041034
2 2 0.022612 0.027800 0.773863 0.133689 0.042037
2 2 0.025108 0.025747 0.679312 0.225870 0.043963
2 2 0.027266 0.025194 0.554359 0.346383 0.046798
3 2 0.031853 0.027478 0.375641 0.514177 0.050850
3 2 0.026154 0.021675 0.161698 0.745706 0.044767
3 2 0.034278 0.032777 0.162149 0.707709 0.063088
3 2 0.063082 0.041551 0.197680 0.613792 0.083895
2 2 0.238681 0.100231 0.296312 0.231895 0.132881
0 2 0.502351 0.134996 0.206820 0.035327 0.120505
0 0 0.533473 0.144924 0.159557 0.021686 0.140360
0 0 0.341182 0.183631 0.248085 0.027410 0.199692
2 0 0.164775 0.199541 0.308856 0.050287 0.276541
2 0 0.166240 0.177826 0.363635 0.069622 0.222677
0 4 0.307517 0.193985 0.277330 0.043465 0.177703
0 4 0.592047 0.124032 0.139698 0.015695 0.128529
0 4 0.728569 0.076302 0.080628 0.005139 0.109362
0 1 0.581826 0.126832 0.119845 0.012781 0.158716
2 1 0.146258 0.207580 0.426611 0.063911 0.155640
2 4 0.041987 0.126325 0.693624 0.048845 0.089219
2 4 0.016603 0.046965 0.860214 0.028633 0.047585
2 4 0.020463 0.041366 0.833489 0.056555 0.048127
2 4 0.024601 0.036133 0.785460 0.106062 0.047744
2 4 0.029930 0.040222 0.738637 0.139023 0.052187
2 4 0.039743 0.062564 0.699212 0.131537 0.066943
2 4 0.067562 0.110340 0.639355 0.089412 0.093331
0 4 0.425516 0.182233 0.207470 0.040751 0.144030
0 0 0.435711 0.175929 0.194846 0.031396 0.162117
2 0 0.118110 0.194223 0.478682 0.057505 0.151480
2 0 0.034192 0.110667 0.736646 0.037937 0.080558
2 4 0.028410 0.081811 0.780819 0.040420 0.068539
2 4 0.016767 0.040935 0.860571 0.036448 0.045279
2 4 0.014675 0.029250 0.872139 0.045741 0.038194
2 4 0.013774 0.027397 0.878427 0.043861 0.036542
2 4 0.015205 0.029958 0.863410 0.051370 0.040058
2 2 0.013934 0.028513 0.877749 0.042489 0.037315
2 2 0.012936 0.026023 0.884689 0.041196 0.035156
2 2 0.013275 0.027509 0.882966 0.040044 0.036207
2 2 0.014259 0.035358 0.877899 0.031701 0.040783
2 2 0.040852 0.086991 0.752082 0.044405 0.075671
2 2 0.193810 0.172689 0.442826 0.035295 0.155379
0 0 0.653109 0.093791 0.070549 0.004891 0.177659
0 0 0.616907 0.095918 0.059225 0.004032 0.223918
0 1 0.512477 0.104901 0.056359 0.005966 0.320297
4 1 0.385572 0.120195 0.057088 0.009934 0.427212
4 1 0.280500 0.135011 0.057618 0.015320 0.511550
4 0 0.194315 0.213217 0.148231 0.036843 0.407393
2 0 0.114168 0.227132 0.349665 0.042848 0.266187
2 2 0.046891 0.099582 0.676294 0.081016 0.096217
2 2 0.050606 0.065816 0.628464 0.180444 0.074670
2 2 0.032916 0.079314 0.770358 0.047434 0.069978
2 2 0.018124 0.034820 0.847321 0.056279 0.043456
2 2 0.016181 0.029010 0.857731 0.057937 0.039141
2 2 0.024762 0.045577 0.802153 0.074862 0.052647
2 2 0.034281 0.068699 0.739901 0.087913 0.069205
2 2 0.170422 0.179440 0.408370 0.053496 0.188273
0 2 0.546057 0.128059 0.107443 0.013854 0.204587
0 2 0.766601 0.060428 0.054055 0.002556 0.116361
0 0 0.884331 0.025294 0.023903 0.000529 0.065943
0 0 0.908894 0.019153 0.019048 0.000341 0.052565
0 0 0.878972 0.026566 0.024692 0.000566 0.069204
0 0 0.872643 0.028180 0.026426 0.000655 0.072097
0 0 0.868362 0.028640 0.028052 0.000797 0.074149
0 0 0.917092 0.018069 0.020776 0.000387 0.043676
0 0 0.925226 0.015855 0.018411 0.000313 0.040194
0 0 0.906506 0.020489 0.021759 0.000424 0.050821
0 0 0.794303 0.045737 0.033190 0.001115 0.125654
0 1 0.491715 0.121261 0.057017 0.004813 0.325194
4 1 0.253740 0.210148 0.084751 0.017000 0.434360
2 4 0.103688 0.204113 0.337043 0.031223 0.323933
4 4 0.111436 0.164327 0.120359 0.022864 0.581014
4 4 0.100115 0.130365 0.064196 0.023010 0.682314
4 4 0.097321 0.103838 0.027409 0.018501 0.752931
4 4 0.085368 0.088165 0.021902 0.015125 0.789439
4 4 0.077564 0.073447 0.015026 0.009443 0.824520
4 4 0.089304 0.085007 0.019785 0.011751 0.794152
4 4 0.115041 0.087920 0.020479 0.008989 0.767573
4 4 0.147759 0.105499 0.025756 0.007951 0.713035
4 4 0.139179 0.103537 0.023496 0.006916 0.726872
4 4 0.109442 0.111222 0.026803 0.012406 0.740127
4 4 0.081802 0.080761 0.018030 0.012194 0.807214
4 4 0.079723 0.078481 0.017392 0.012124 0.812280
4 4 0.083758 0.080364 0.016960 0.009916 0.809003
4 4 0.095521 0.096120 0.022511 0.012680 0.773168
4 4 0.085368 0.084921 0.019299 0.012532 0.797880
4 4 0.079576 0.080472 0.018827 0.014557 0.806568
4 4 0.078612 0.079366 0.018493 0.014491 0.809039
4 4 0.095479 0.101429 0.026506 0.018195 0.758391
4 4 0.096002 0.099337 0.024622 0.015230 0.764808
4 4 0.105420 0.101593 0.025240 0.013593 0.754153
4 4 0.093253 0.081636 0.018272 0.010284 0.796555
4 4 0.100239 0.080049 0.018311 0.009772 0.791630
4 4 0.115525 0.073420 0.017067 0.007862 0.786127
4 4 0.158280 0.089422 0.024374 0.008991 0.718932
4 4 0.136961 0.130769 0.047223 0.017300 0.667747
4 4 0.106386 0.156364 0.116591 0.020514 0.600144
4 4 0.108316 0.172386 0.163708 0.021410 0.534180
4 4 0.108184 0.164389 0.137281 0.019637 0.570510
4 4 0.100644 0.146143 0.109640 0.016983 0.626590
4 4 0.092015 0.102641 0.032773 0.015591 0.756980
4 4 0.081442 0.082431 0.019345 0.014459 0.802323
4 4 0.076400 0.074750 0.016321 0.011894 0.820635
4 4 0.098677 0.115502 0.040959 0.020111 0.724751
4 4 0.102281 0.159664 0.138217 0.026181 0.573657
4 4 0.087396 0.179040 0.342102 0.033456 0.358005
2 4 0.092217 0.191786 0.373572 0.033685 0.308739
2 4 0.057376 0.150325 0.588176 0.030924 0.173199
2 4 0.056681 0.149984 0.601490 0.030206 0.161638
2 4 0.065398 0.164429 0.571523 0.038228 0.160423
2 4 0.218110 0.211482 0.329433 0.045585 0.195389
2 4 0.131364 0.193110 0.471727 0.058193 0.145606
2 2 0.145651 0.219401 0.404700 0.076566 0.153682
4 2 0.161956 0.230986 0.221537 0.028923 0.356599
4 2 0.212606 0.183150 0.097602 0.016778 0.489864
4 2 0.259695 0.101860 0.034694 0.008150 0.595601
4 2 0.321196 0.085759 0.030398 0.005499 0.557148
4 2 0.370548 0.122049 0.044522 0.005137 0.457744
4 2 0.180144 0.224150 0.148722 0.021311 0.425674
2 2 0.113253 0.225092 0.349978 0.040879 0.270799
2 2 0.026564 0.091655 0.782821 0.028872 0.070088
2 2 0.034728 0.106636 0.735613 0.034144 0.088878
2 2 0.035726 0.099725 0.736769 0.043065 0.084716
2 2 0.033996 0.085323 0.750702 0.056867 0.073112
2 2 0.032979 0.087420 0.755353 0.051059 0.073189
2 2 0.035394 0.102410 0.736607 0.046508 0.079080
2 2 0.045010 0.133503 0.676603 0.052270 0.092614
2 2 0.060244 0.149921 0.605356 0.075361 0.109118
2 3 0.069021 0.137237 0.562239 0.129152 0.102350
2 3 0.145522 0.134313 0.414628 0.190040 0.115497
2 3 0.123847 0.152849 0.456236 0.151212 0.115854
2 2 0.042076 0.089971 0.704766 0.084518 0.078670
2 2 0.031102 0.075009 0.768820 0.057070 0.068000
2 2 0.024179 0.071338 0.807461 0.034810 0.062214
2 2 0.030367 0.088665 0.767670 0.041363 0.071934
2 2 0.086434 0.160554 0.581784 0.047375 0.123853
2 2 0.036017 0.113764 0.725483 0.034677 0.090059
2 2 0.029203 0.097707 0.765981 0.029056 0.078054
2 2 0.019415 0.071852 0.829492 0.020784 0.058456
2 2 0.014751 0.052389 0.866724 0.018306 0.047831
2 2 0.011808 0.040693 0.890492 0.016397 0.040611
2 2 0.011152 0.037376 0.896382 0.016455 0.038635
2 2 0.014297 0.045301 0.874051 0.021490 0.044861
2 2 0.012158 0.040491 0.888763 0.017683 0.040905
2 2 0.011375 0.034992 0.896580 0.019138 0.037915
2 2 0.011149 0.032575 0.899133 0.020478 0.036666
2 2 0.013185 0.031407 0.885405 0.031952 0.038052
2 2 0.014693 0.028885 0.871617 0.046785 0.038019
2 2 0.015602 0.026861 0.856059 0.063203 0.038274
2 2 0.015288 0.024264 0.849998 0.073421 0.037030
2 2 0.014978 0.020766 0.820295 0.107030 0.036930
2 2 0.013383 0.017439 0.822729 0.112687 0.033762
2 2 0.013324 0.014357 0.783414 0.157458 0.031447
2 2 0.016758 0.014447 0.629827 0.304461 0.034507
3 2 0.021082 0.016425 0.433150 0.490572 0.038772
3 2 0.020813 0.015106 0.308386 0.618675 0.037020
3 2 0.021326 0.015574 0.279857 0.645620 0.037622
3 2 0.021656 0.015418 0.241846 0.684293 0.036786
3 2 0.019414 0.012846 0.178343 0.757260 0.032137
3 2 0.015928 0.009833 0.144718 0.802372 0.027149
3 2 0.013007 0.007941 0.112135 0.842913 0.024005
3 2 0.010946 0.006502 0.099315 0.861813 0.021424
3 2 0.009084 0.005533 0.084189 0.881296 0.019898
3 3 0.007056 0.004380 0.067869 0.902985 0.017710
3 3 0.005124 0.003219 0.051952 0.924631 0.015074
3 3 0.004730 0.003074 0.047679 0.929630 0.014887
3 3 0.005402 0.003735 0.051151 0.922780 0.016932
3 3 0.004692 0.003224 0.045788 0.930703 0.015592
3 3 0.013832 0.010460 0.103385 0.842139 0.030184
3 3 0.013467 0.009835 0.103377 0.844486 0.028835
3 3 0.008494 0.005996 0.072873 0.890641 0.021996
3 3 0.009664 0.006965 0.079853 0.879523 0.023995
3 3 0.004456 0.003015 0.044317 0.933264 0.014948
3 3 0.005711 0.004031 0.052829 0.919646 0.017784
3 3 0.007628 0.005508 0.065885 0.899770 0.021210
3 3 0.005585 0.003727 0.053707 0.920290 0.016691
3 3 0.004323 0.002737 0.045036 0.934066 0.013838
3 3 0.004035 0.002644 0.041678 0.937894 0.013750
3 3 0.004280 0.003062 0.041438 0.935834 0.015386
3 3 0.003912 0.002830 0.038245 0.940216 0.014797
3 3 0.003478 0.002534 0.034593 0.945436 0.013960
3 3 0.002955 0.002036 0.031344 0.951542 0.012124
3 3 0.002137 0.001372 0.025107 0.961889 0.009495
3 3 0.002063 0.001260 0.025154 0.962622 0.008901
3 3 0.002330 0.001562 0.026238 0.959506 0.010365
3 3 0.002033 0.001339 0.023721 0.963451 0.009455
3 3 0.002011 0.001385 0.022875 0.963941 0.009788
3 3 0.002302 0.001594 0.025471 0.960027 0.010605
3 3 0.002884 0.002042 0.030214 0.952596 0.012264
3 3 0.003202 0.002364 0.032075 0.948863 0.013497
3 3 0.002938 0.002251 0.029220 0.952276 0.013315
3 3 0.002835 0.002255 0.027743 0.953665 0.013502
3 3 0.002413 0.001778 0.025474 0.958813 0.011522
3 3 0.002529 0.001872 0.026402 0.957324 0.011873
3 3 0.001920 0.001380 0.021448 0.965337 0.009916
3 3 0.001761 0.001227 0.020384 0.967448 0.009180
3 3 0.001608 0.001157 0.018530 0.969714 0.008991
3 3 0.001761 0.001331 0.019383 0.967638 0.009888
3 3 0.001651 0.001278 0.018115 0.969211 0.009746
3 3 0.001733 0.001355 0.018740 0.968067 0.010105
3 3 0.001697 0.001366 0.018082 0.968600 0.010255
3 3 0.001705 0.001341 0.018411 0.968470 0.010073
3 3 0.001652 0.001307 0.017878 0.969216 0.009947
3 3 0.001827 0.001519 0.018831 0.966812 0.011011
3 3 0.001637 0.001288 0.017804 0.969429 0.009844
3 3 0.002092 0.001684 0.021474 0.963224 0.011526
3 3 0.002107 0.001630 0.022136 0.962964 0.011163
3 3 0.001957 0.001415 0.021721 0.964832 0.010074
3 3 0.001722 0.001226 0.019740 0.968062 0.009250
3 3 0.001532 0.001108 0.017758 0.970811 0.008790
3 3 0.001446 0.001062 0.016787 0.972080 0.008626
3 3 0.001374 0.000996 0.016212 0.973130 0.008288
3 3 0.001739 0.001328 0.019066 0.967956 0.009911
3 3 0.001569 0.001162 0.017844 0.970322 0.009104
3 3 0.001368 0.001022 0.015863 0.973250 0.008497
3 3 0.001433 0.001054 0.016642 0.972276 0.008595
3 3 0.001674 0.001343 0.017921 0.968913 0.010149
3 3 0.001963 0.001667 0.019722 0.964967 0.011681
3 3 0.001675 0.001373 0.017704 0.968900 0.010348
3 3 0.001675 0.001355 0.017832 0.968907 0.010231
3 3 0.001654 0.001318 0.017816 0.969193 0.010020
3 3 0.001903 0.001531 0.019868 0.965766 0.010932
3 3 0.001543 0.001108 0.017949 0.970637 0.008764
3 3 0.001653 0.001218 0.018685 0.969119 0.009326
3 3 0.001665 0.001262 0.018465 0.968995 0.009612
3 3 0.001636 0.001212 0.018469 0.969364 0.009319
3 3 0.001840 0.001415 0.019872 0.966580 0.010294
3 3 0.002953 0.002194 0.029905 0.951963 0.012984
3 3 0.005288 0.004204 0.046138 0.925360 0.019010
3 3 0.012289 0.009925 0.090339 0.857262 0.030184
3 3 0.023377 0.020978 0.141109 0.768802 0.045735
3 3 0.033538 0.027053 0.199156 0.691522 0.048730
3 2 0.028420 0.023491 0.363713 0.537430 0.046947
2 2 0.027636 0.027788 0.559346 0.334557 0.050673
2 2 0.022328 0.027591 0.710085 0.192174 0.047823
2 2 0.024621 0.032509 0.690718 0.198417 0.053735
2 2 0.026117 0.039365 0.718374 0.158139 0.058005
2 2 0.024471 0.047142 0.780853 0.089023 0.058512
2 2 0.017344 0.046294 0.854449 0.033397 0.048516
2 2 0.015353 0.048169 0.865144 0.023774 0.047560
2 2 0.016517 0.050187 0.856996 0.026678 0.049622
2 2 0.019958 0.053244 0.834650 0.038134 0.054014
2 2 0.022470 0.055488 0.819282 0.046263 0.056497
2 2 0.026947 0.066946 0.784514 0.055918 0.065676
2 2 0.030376 0.089969 0.766897 0.040432 0.072327
2 2 0.026936 0.091563 0.779284 0.025157 0.077059
2 2 0.043070 0.123120 0.669776 0.022143 0.141891
2 4 0.069985 0.160417 0.425011 0.038742 0.305844
4 4 0.098759 0.185365 0.268176 0.034284 0.413416
2 4 0.085282 0.180626 0.382846 0.031522 0.319724
4 4 0.098519 0.194613 0.336386 0.028079 0.342402
2 4 0.077294 0.174382 0.420239 0.043575 0.284510
2 4 0.074962 0.171925 0.430688 0.046235 0.276190
2 4 0.074445 0.176231 0.484255 0.040587 0.224482
2 4 0.048538 0.135806 0.646952 0.028925 0.139779
2 4 0.034996 0.110044 0.729300 0.028738 0.096922
2 4 0.022011 0.079510 0.811919 0.023574 0.062985
2 4 0.021919 0.079257 0.812522 0.023468 0.062834
2 4 0.021127 0.077079 0.817340 0.022738 0.061716
2 4 0.018949 0.070815 0.832401 0.020116 0.057719
2 4 0.015847 0.059655 0.855646 0.017540 0.051312
2 4 0.015325 0.055088 0.861832 0.018446 0.049310
2 4 0.022933 0.082061 0.804070 0.025531 0.065405
2 4 0.031205 0.101879 0.745567 0.031135 0.090213
2 4 0.053680 0.147213 0.619477 0.038165 0.141466
2 2 0.106669 0.192359 0.493526 0.058881 0.148565
2 2 0.080273 0.187789 0.532496 0.077185 0.122257
2 2 0.031469 0.104055 0.752797 0.034677 0.077002
2 2 0.011591 0.043199 0.889640 0.014277 0.041294
2 2 0.011930 0.039037 0.890980 0.017944 0.040108
2 2 0.012785 0.037944 0.886705 0.022030 0.040536
2 2 0.015213 0.044481 0.869371 0.025531 0.045403
2 2 0.021654 0.069737 0.820845 0.028029 0.059735
2 2 0.034735 0.090897 0.762396 0.037652 0.074320
2 2 0.228588 0.192696 0.387642 0.057719 0.133354
0 2 0.343293 0.170868 0.304009 0.053894 0.127936
2 2 0.148199 0.164712 0.499756 0.065295 0.122038
2 2 0.019369 0.058083 0.839492 0.029070 0.053986
2 2 0.014378 0.048227 0.871688 0.019698 0.046009
2 2 0.010988 0.036319 0.898004 0.016647 0.038042
2 2 0.010353 0.031085 0.904768 0.018594 0.035199
2 2 0.011260 0.029954 0.899226 0.023944 0.035615
2 2 0.011527 0.029538 0.897411 0.025845 0.035679
2 2 0.010643 0.027111 0.903921 0.024639 0.033686
2 2 0.010100 0.022596 0.907263 0.029153 0.030889
2 2 0.011690 0.022781 0.892855 0.040295 0.032378
2 2 0.009957 0.018481 0.904356 0.038784 0.028422
2 2 0.012137 0.021406 0.886065 0.048456 0.031936
2 2 0.014510 0.033996 0.875998 0.035119 0.040376
2 2 0.028978 0.054531 0.777037 0.080547 0.058907
0 2 0.372951 0.135354 0.290316 0.083471 0.117908
0 2 0.337056 0.191975 0.284441 0.054091 0.132437
2 2 0.071994 0.129430 0.621225 0.076994 0.100357
2 2 0.029770 0.069951 0.777102 0.057741 0.065436
2 2 0.015394 0.030260 0.866727 0.048371 0.039247
2 2 0.012532 0.022002 0.882948 0.049932 0.032587
2 2 0.011995 0.020901 0.884087 0.050997 0.032020
2 2 0.012848 0.026264 0.885701 0.039974 0.035213
2 2 0.012307 0.030000 0.891754 0.029324 0.036615
2 2 0.011567 0.031716 0.896745 0.023264 0.036707
2 2 0.010764 0.030014 0.902557 0.021512 0.035152
2 2 0.012630 0.032781 0.889363 0.027038 0.038188
2 2 0.014317 0.031148 0.876544 0.039123 0.038869
2 2 0.017572 0.030670 0.841386 0.068390 0.041983
2 2 0.018779 0.028620 0.811908 0.097636 0.043056
2 2 0.017555 0.023878 0.809548 0.109963 0.039055
2 2 0.012793 0.017462 0.860714 0.078684 0.030346
2 2 0.012465 0.016643 0.861433 0.079924 0.029535
2 2 0.014553 0.017504 0.813598 0.121222 0.033123
2 2 0.017736 0.020999 0.779179 0.144391 0.037694
2 2 0.032945 0.040179 0.630178 0.237482 0.059216
2 2 0.048335 0.065000 0.553997 0.255321 0.077346
2 2 0.206239 0.171829 0.317713 0.174257 0.129961
0 0 0.440551 0.165015 0.227593 0.045367 0.121474
0 0 0.523273 0.147926 0.170323 0.024384 0.134094
2 0 0.119194 0.188190 0.468530 0.099246 0.124841
2 2 0.049287 0.104660 0.664942 0.094657 0.086454
2 2 0.024786 0.028051 0.692806 0.207454 0.046903
2 2 0.028017 0.031861 0.680258 0.210138 0.049726
2 2 0.023459 0.026714 0.717862 0.187398 0.044568
2 2 0.019705 0.022622 0.758188 0.159907 0.039578
2 2 0.013389 0.017212 0.848465 0.090274 0.030659
2 2 0.011282 0.018408 0.888888 0.051987 0.029434
2 2 0.022258 0.038264 0.814373 0.077400 0.047705
2 2 0.041514 0.065511 0.654361 0.164734 0.073881
3 2 0.079179 0.098212 0.322529 0.396166 0.103915
2 2 0.055692 0.071755 0.433617 0.353321 0.085615
2 2 0.049788 0.065965 0.557785 0.249885 0.076576
2 2 0.036399 0.041517 0.584063 0.277475 0.060545
2 2 0.039982 0.051468 0.577237 0.261831 0.069482
2 2 0.075748 0.115492 0.498006 0.204705 0.106049
0 2 0.310701 0.185142 0.273717 0.093821 0.136619
0 0 0.508026 0.153350 0.175672 0.026396 0.136555
0 0 0.387126 0.193893 0.228237 0.051411 0.139333
2 2 0.191655 0.220309 0.365463 0.084962 0.137611
2 2 0.067827 0.153428 0.618033 0.055341 0.105372
2 4 0.056709 0.139119 0.657731 0.048528 0.097913
2 4 0.059578 0.144806 0.643297 0.051770 0.100549
2 4 0.033590 0.094429 0.749248 0.047044 0.075688
2 4 0.019097 0.048796 0.844625 0.037159 0.050324
2 4 0.012568 0.025348 0.887391 0.040193 0.034500
2 2 0.011076 0.018122 0.890628 0.051079 0.029094
2 2 0.014043 0.018991 0.853755 0.081543 0.031668
2 2 0.019562 0.027871 0.817195 0.094890 0.040482
2 2 0.026814 0.048845 0.788710 0.080377 0.055254
2 2 0.153876 0.166878 0.502878 0.053698 0.122670
0 2 0.531402 0.143921 0.176032 0.025084 0.123562
0 2 0.559254 0.135356 0.129292 0.015028 0.161070
0 2 0.312698 0.230713 0.184433 0.046717 0.225439
2 4 0.120257 0.239582 0.342819 0.056512 0.240829
2 4 0.047356 0.139585 0.663217 0.050045 0.099797
2 4 0.031450 0.104006 0.752916 0.034653 0.076975
2 4 0.020722 0.066618 0.827427 0.027262 0.057971
2 4 0.016994 0.052241 0.855391 0.025487 0.049887
2 4 0.018150 0.047851 0.850678 0.034110 0.049211
2 2 0.015992 0.035524 0.865272 0.040948 0.042265
2 2 0.012520 0.026686 0.888903 0.036727 0.035164
2 2 0.009727 0.021974 0.910154 0.027939 0.030207
2 2 0.012353 0.029366 0.891333 0.030595 0.036354
2 2 0.020823 0.052456 0.833289 0.040381 0.053051
2 2 0.113043 0.150549 0.555853 0.066619 0.113936
0 2 0.414512 0.186341 0.210199 0.042681 0.146268
0 2 0.340971 0.177675 0.307454 0.044279 0.129620
2 2 0.138551 0.173110 0.512652 0.053012 0.122676
2 2 0.029348 0.080854 0.776579 0.044359 0.068861
2 2 0.017137 0.045013 0.857631 0.032953 0.047266
2 2 0.009342 0.022754 0.913581 0.024083 0.030241
2 2 0.011377 0.024115 0.897063 0.034601 0.032845
2 2 0.014981 0.026915 0.866259 0.054675 0.037169
2 2 0.019535 0.033939 0.833119 0.069507 0.043900
2 2 0.013862 0.025506 0.875217 0.049830 0.035585
2 2 0.012053 0.024576 0.891368 0.038340 0.033663
2 2 0.011347 0.027336 0.898667 0.028189 0.034461
2 2 0.025496 0.049649 0.817908 0.052550 0.054396
2 2 0.119155 0.117218 0.596358 0.063228 0.104042
0 2 0.392263 0.189362 0.236298 0.053174 0.128904
0 2 0.343072 0.195933 0.271084 0.057194 0.132717
2 2 0.146729 0.194086 0.455228 0.056593 0.147364
2 2 0.061444 0.163413 0.598298 0.056861 0.119984
2 2 0.023342 0.065948 0.814497 0.036412 0.059801
2 2 0.029404 0.082609 0.775487 0.043048 0.069451
2 2 0.032792 0.081979 0.758043 0.055854 0.071332
2 2 0.106236 0.144094 0.553314 0.084876 0.111481
0 0 0.341688 0.174307 0.272592 0.079204 0.132209
0 0 0.483415 0.163400 0.172278 0.027171 0.153737
2 0 0.231388 0.210667 0.347120 0.068317 0.142509
