0 0 0.573167 0.045585 0.041778 0.086066 0.253403
4 0 0.303175 0.056325 0.041581 0.093106 0.505813
0 0 0.633771 0.031055 0.035609 0.109012 0.190554
0 0 0.745963 0.029242 0.035080 0.075719 0.113995
0 1 0.844692 0.034963 0.040530 0.030982 0.048834
0 1 0.890131 0.024434 0.029312 0.024006 0.032117
0 4 0.868951 0.026104 0.036072 0.033446 0.035427
0 4 0.844108 0.035654 0.042642 0.031115 0.046480
0 4 0.745391 0.074697 0.064444 0.026701 0.088768
0 4 0.599737 0.141690 0.086121 0.019800 0.152651
0 4 0.429506 0.221755 0.108594 0.016256 0.223890
2 4 0.131983 0.272466 0.346208 0.024084 0.225259
2 1 0.075275 0.204912 0.552725 0.038581 0.128507
2 1 0.021801 0.115132 0.768217 0.045644 0.049206
2 2 0.020287 0.107323 0.767029 0.059506 0.045856
2 2 0.021288 0.102678 0.751874 0.080484 0.043677
2 2 0.033278 0.113016 0.696340 0.106012 0.051354
2 2 0.020630 0.084535 0.728928 0.138796 0.027112
2 2 0.025690 0.057971 0.524274 0.369319 0.022745
2 2 0.017849 0.047105 0.511891 0.408927 0.014228
2 2 0.013568 0.042867 0.575012 0.357713 0.010839
2 2 0.008782 0.053474 0.760020 0.167628 0.010096
2 3 0.008917 0.064971 0.801199 0.111017 0.013896
2 3 0.009301 0.064614 0.785860 0.126813 0.013412
2 3 0.009454 0.066836 0.795825 0.113151 0.014734
2 3 0.009806 0.064791 0.772664 0.137820 0.014919
2 3 0.012246 0.065138 0.702866 0.199980 0.019770
2 2 0.014890 0.076419 0.717421 0.162921 0.028350
2 2 0.017973 0.095245 0.745247 0.094415 0.047121
2 2 0.019271 0.111936 0.760520 0.052296 0.055977
2 1 0.021934 0.129156 0.739861 0.036355 0.072695
2 1 0.025943 0.150347 0.699076 0.024694 0.099939
2 1 0.028144 0.156378 0.682661 0.024633 0.108184
2 1 0.025869 0.147012 0.702777 0.027373 0.096969
2 1 0.029600 0.163990 0.673561 0.023550 0.109300
2 1 0.036468 0.182538 0.630584 0.023703 0.126707
2 1 0.061165 0.226771 0.498679 0.023585 0.189800
2 1 0.057129 0.209307 0.537116 0.033408 0.163041
2 1 0.058945 0.194380 0.513013 0.042571 0.191091
2 1 0.026654 0.126998 0.710226 0.063641 0.072480
2 1 0.015943 0.094701 0.774714 0.080289 0.034352
2 1 0.009962 0.072643 0.812429 0.086298 0.018669
2 2 0.006128 0.059018 0.860413 0.061648 0.012793
2 2 0.005344 0.057547 0.878390 0.045672 0.013046
2 2 0.007235 0.057173 0.871289 0.050001 0.014302
2 2 0.022083 0.068903 0.767060 0.119805 0.022149
2 2 0.027885 0.074771 0.693349 0.179870 0.024125
2 2 0.031854 0.072577 0.625517 0.247602 0.022450
2 3 0.025598 0.068410 0.631175 0.253411 0.021406
2 3 0.016630 0.053633 0.636829 0.279072 0.013836
2 3 0.016584 0.046082 0.572661 0.352893 0.011780
3 3 0.017397 0.038088 0.442039 0.492590 0.009886
2 3 0.018860 0.045190 0.516802 0.408657 0.010491
3 3 0.022704 0.035134 0.414415 0.517312 0.010436
3 3 0.030531 0.037366 0.419940 0.499710 0.012453
3 3 0.039848 0.027212 0.261898 0.657694 0.013347
3 3 0.041385 0.022405 0.210400 0.713488 0.012322
3 3 0.034779 0.024151 0.222522 0.705589 0.012960
3 3 0.036993 0.037336 0.344201 0.564855 0.016615
3 3 0.042578 0.044349 0.405463 0.487687 0.019924
3 3 0.058010 0.038288 0.314884 0.566626 0.022191
3 3 0.046092 0.017211 0.153974 0.767943 0.014780
3 3 0.027980 0.006526 0.078401 0.879683 0.007409
3 3 0.031293 0.006376 0.070740 0.882453 0.009138
3 3 0.026674 0.005130 0.058425 0.901134 0.008638
3 3 0.028219 0.006245 0.068040 0.887826 0.009671
3 3 0.027442 0.005384 0.059864 0.898115 0.009195
3 3 0.028774 0.005029 0.056487 0.900783 0.008927
3 3 0.030576 0.005306 0.055164 0.898013 0.010941
3 3 0.033640 0.004649 0.046771 0.903064 0.011877
3 3 0.036871 0.004106 0.042193 0.905690 0.011140
3 3 0.037216 0.004266 0.045467 0.902955 0.010095
3 3 0.048623 0.004784 0.049584 0.886363 0.010647
3 3 0.044933 0.004822 0.049327 0.889815 0.011103
3 3 0.046977 0.003750 0.039146 0.899665 0.010463
3 3 0.036550 0.002559 0.029341 0.923296 0.008253
3 3 0.039185 0.002501 0.027880 0.921596 0.008839
3 3 0.045105 0.002761 0.030336 0.912686 0.009112
3 3 0.062521 0.003496 0.035692 0.887490 0.010801
3 3 0.062703 0.004353 0.040362 0.878586 0.013996
3 3 0.074299 0.004926 0.043828 0.861606 0.015340
3 3 0.064349 0.003889 0.036615 0.881766 0.013381
3 3 0.071326 0.003548 0.033871 0.878525 0.012730
3 3 0.056438 0.002807 0.028491 0.901232 0.011032
3 3 0.052319 0.001806 0.020521 0.917231 0.008123
3 3 0.064916 0.001822 0.020628 0.904600 0.008033
3 3 0.055613 0.001633 0.019336 0.916210 0.007208
3 3 0.051055 0.001629 0.019870 0.920731 0.006715
3 3 0.060782 0.002001 0.022418 0.906461 0.008338
3 3 0.050770 0.002334 0.026020 0.912242 0.008634
3 3 0.054500 0.002147 0.025111 0.910707 0.007535
3 3 0.059784 0.002848 0.030330 0.897387 0.009651
3 3 0.078756 0.002907 0.028096 0.878112 0.012129
3 3 0.078399 0.003114 0.029256 0.876122 0.013109
3 3 0.073617 0.002274 0.023680 0.890468 0.009961
3 3 0.065663 0.001781 0.020766 0.904375 0.007414
3 3 0.072811 0.001915 0.021308 0.895652 0.008314
3 3 0.078365 0.001938 0.021601 0.889878 0.008217
3 3 0.084501 0.002067 0.023548 0.882199 0.007684
3 3 0.086116 0.002483 0.027971 0.875491 0.007939
3 3 0.084931 0.002791 0.028873 0.873393 0.010013
3 3 0.093425 0.002274 0.023561 0.870950 0.009791
3 3 0.082619 0.001818 0.019344 0.887009 0.009211
3 3 0.131188 0.001788 0.017842 0.839517 0.009666
3 3 0.179512 0.001870 0.017536 0.790857 0.010226
3 3 0.245223 0.002853 0.022321 0.715258 0.014345
3 3 0.164016 0.003101 0.027679 0.792811 0.012395
3 3 0.121824 0.004630 0.042707 0.817883 0.012957
3 3 0.091481 0.006471 0.064991 0.826308 0.010749
3 3 0.082740 0.011523 0.105336 0.786737 0.013664
3 3 0.099990 0.019986 0.170302 0.694760 0.014962
3 3 0.073822 0.016409 0.152144 0.744839 0.012785
3 3 0.060734 0.019167 0.165922 0.738703 0.015474
3 3 0.033476 0.014543 0.132039 0.805031 0.014911
3 3 0.038695 0.018563 0.165396 0.762349 0.014996
3 3 0.040171 0.019628 0.181226 0.745604 0.013370
3 3 0.045951 0.026502 0.249663 0.661443 0.016441
3 3 0.050874 0.039026 0.378858 0.513767 0.017475
2 3 0.040521 0.087600 0.609057 0.229363 0.033459
2 3 0.051810 0.062060 0.462857 0.402508 0.020766
2 3 0.109079 0.104540 0.549429 0.189273 0.047680
2 3 0.067125 0.189969 0.557398 0.071112 0.114395
2 3 0.045397 0.069138 0.553115 0.301075 0.031275
2 3 0.051050 0.062677 0.465046 0.388581 0.032647
2 3 0.047404 0.064643 0.496290 0.362743 0.028920
2 3 0.037454 0.064244 0.529296 0.340744 0.028262
2 3 0.030343 0.047536 0.489027 0.414485 0.018609
3 3 0.035404 0.041489 0.407599 0.497156 0.018352
3 3 0.036276 0.029316 0.297820 0.623665 0.012923
3 3 0.036636 0.022760 0.219463 0.709656 0.011485
3 3 0.032951 0.024314 0.243430 0.689132 0.010174
3 3 0.042365 0.028319 0.264834 0.652427 0.012055
3 3 0.034848 0.031436 0.319695 0.601682 0.012339
3 3 0.043414 0.038303 0.380316 0.521699 0.016268
3 3 0.038821 0.030492 0.341718 0.576377 0.012592
3 3 0.052243 0.023172 0.216908 0.693829 0.013848
3 3 0.054727 0.017356 0.159813 0.754724 0.013380
3 3 0.053511 0.012990 0.120161 0.799576 0.013762
3 3 0.047300 0.013250 0.130922 0.796954 0.011573
3 3 0.047268 0.018135 0.168325 0.753097 0.013175
3 3 0.046613 0.035234 0.298063 0.598887 0.021203
3 3 0.037211 0.037571 0.304590 0.597998 0.022630
3 3 0.036519 0.040359 0.297165 0.597986 0.027971
3 3 0.050435 0.037152 0.282353 0.606476 0.023584
3 3 0.050381 0.028791 0.228571 0.673060 0.019197
3 3 0.043864 0.030260 0.293259 0.618392 0.014225
3 3 0.035856 0.039936 0.450328 0.459501 0.014380
2 3 0.029952 0.044995 0.567687 0.345410 0.011956
2 3 0.030095 0.050148 0.583725 0.321521 0.014512
2 3 0.034951 0.050708 0.507036 0.388919 0.018386
3 3 0.032614 0.038166 0.340616 0.568903 0.019700
3 3 0.029832 0.032355 0.272167 0.646660 0.018987
3 3 0.036815 0.029919 0.229941 0.681292 0.022034
3 3 0.037505 0.026362 0.221005 0.698582 0.016546
3 3 0.037694 0.039665 0.331935 0.571438 0.019268
2 3 0.028626 0.052109 0.478375 0.421394 0.019496
2 3 0.022701 0.063668 0.612015 0.279971 0.021646
2 3 0.027431 0.075135 0.622252 0.244838 0.030345
2 3 0.028709 0.063910 0.596298 0.287931 0.023152
3 3 0.027835 0.042441 0.450075 0.467120 0.012530
3 3 0.028546 0.035389 0.360251 0.563824 0.011989
3 3 0.036033 0.034786 0.321207 0.595097 0.012877
3 3 0.038768 0.040337 0.346256 0.556219 0.018420
2 3 0.044879 0.061838 0.531397 0.341459 0.020426
2 3 0.051961 0.077477 0.615851 0.222754 0.031957
2 3 0.055870 0.098405 0.624179 0.178749 0.042796
2 3 0.038611 0.086207 0.660949 0.179922 0.034311
2 3 0.046258 0.107913 0.640406 0.158141 0.047282
2 3 0.040972 0.092115 0.606663 0.220068 0.040182
2 3 0.038889 0.063479 0.452737 0.414248 0.030647
2 3 0.037060 0.063865 0.467973 0.404295 0.026807
2 3 0.033724 0.073241 0.612871 0.257031 0.023132
2 3 0.026498 0.086844 0.719392 0.135383 0.031882
2 3 0.028092 0.114330 0.728198 0.078494 0.050886
2 2 0.022423 0.122587 0.741362 0.057300 0.056328
2 2 0.016696 0.102819 0.778723 0.056821 0.044940
2 2 0.013530 0.091351 0.801180 0.060140 0.033799
2 2 0.014847 0.096312 0.791880 0.058593 0.038368
2 2 0.016623 0.099596 0.775711 0.068063 0.040007
2 2 0.021322 0.116938 0.747044 0.060843 0.053853
2 2 0.021909 0.117444 0.742533 0.066364 0.051750
2 2 0.032495 0.138813 0.686485 0.076740 0.065468
2 2 0.025276 0.118489 0.718204 0.086777 0.051254
2 2 0.022924 0.121325 0.736920 0.066748 0.052083
2 2 0.032251 0.154165 0.685197 0.052547 0.075840
2 2 0.027918 0.141501 0.709543 0.054245 0.066793
2 2 0.045948 0.186529 0.610126 0.045750 0.111647
2 2 0.056549 0.216870 0.542804 0.031008 0.152770
2 2 0.076913 0.243796 0.451498 0.028648 0.199146
2 2 0.108637 0.265207 0.352744 0.030561 0.242851
2 2 0.097901 0.253608 0.399621 0.038147 0.210723
2 2 0.078458 0.231035 0.480007 0.049515 0.160985
2 2 0.025679 0.136993 0.720906 0.047283 0.069139
2 2 0.018604 0.116747 0.767491 0.042306 0.054853
2 2 0.013412 0.095579 0.806492 0.044026 0.040491
2 2 0.017959 0.103475 0.766324 0.068617 0.043625
2 2 0.026234 0.110563 0.685799 0.125428 0.051975
2 2 0.031117 0.106816 0.614799 0.184033 0.063235
2 2 0.032110 0.118357 0.646087 0.141411 0.062036
2 2 0.023934 0.111460 0.715160 0.101548 0.047898
2 2 0.031052 0.139001 0.688369 0.071846 0.069733
2 2 0.041176 0.168525 0.633451 0.053330 0.103517
2 2 0.035514 0.165105 0.661074 0.042795 0.095512
2 2 0.026340 0.137907 0.717441 0.049735 0.068577
2 2 0.022744 0.115746 0.732760 0.081035 0.047716
2 2 0.015983 0.089549 0.757571 0.108407 0.028491
2 3 0.011751 0.077229 0.790288 0.099982 0.020749
2 3 0.010993 0.078632 0.812213 0.075240 0.022922
2 3 0.011929 0.085965 0.814348 0.058038 0.029719
2 3 0.024399 0.130322 0.729093 0.052563 0.063623
2 2 0.032327 0.160389 0.681209 0.042076 0.083999
2 2 0.030453 0.153144 0.694194 0.046584 0.075625
2 2 0.027249 0.119749 0.721459 0.081041 0.050502
2 2 0.023380 0.088578 0.720936 0.136244 0.030862
2 3 0.020674 0.086072 0.743767 0.120242 0.029245
2 3 0.034758 0.121266 0.698066 0.090864 0.055047
2 3 0.073061 0.204235 0.546344 0.041164 0.135196
2 1 0.165969 0.268304 0.279475 0.027054 0.259197
1 1 0.143122 0.287506 0.280520 0.021860 0.266992
2 1 0.116003 0.290185 0.313089 0.020069 0.260654
2 1 0.112216 0.282299 0.326606 0.022093 0.256786
2 1 0.135128 0.277612 0.284736 0.028931 0.273594
2 1 0.102219 0.256354 0.388280 0.038846 0.214301
2 2 0.106965 0.243397 0.410873 0.050597 0.188168
2 2 0.056460 0.203249 0.563946 0.048110 0.128235
2 2 0.088188 0.244966 0.440969 0.043521 0.182356
2 2 0.076934 0.235553 0.467729 0.037320 0.182463
2 2 0.121423 0.279794 0.309647 0.025176 0.263960
2 2 0.125474 0.291805 0.293375 0.021198 0.268147
4 2 0.234602 0.287070 0.170118 0.020817 0.287392
0 2 0.295692 0.261891 0.150744 0.022189 0.269484
0 2 0.277963 0.249390 0.175378 0.029423 0.267848
4 2 0.236848 0.255240 0.206261 0.032403 0.269247
2 2 0.157505 0.256072 0.316523 0.042827 0.227072
2 2 0.079026 0.221194 0.486742 0.064484 0.148554
2 2 0.064807 0.202218 0.537940 0.067219 0.127816
2 2 0.044457 0.172485 0.621704 0.061483 0.099872
2 2 0.019366 0.110076 0.759205 0.061255 0.050097
2 2 0.020729 0.113603 0.749570 0.060038 0.056060
2 2 0.022088 0.099905 0.701153 0.140681 0.036174
2 3 0.036414 0.092267 0.671558 0.165676 0.034085
2 3 0.013264 0.090055 0.802611 0.061525 0.032545
2 3 0.011595 0.071053 0.758858 0.142257 0.016237
2 3 0.013875 0.075268 0.731242 0.161319 0.018296
2 3 0.015612 0.071073 0.682499 0.213056 0.017760
2 3 0.025997 0.091796 0.677766 0.172921 0.031519
2 3 0.045892 0.129664 0.637588 0.123428 0.063428
2 3 0.075530 0.198666 0.543794 0.058021 0.123988
2 3 0.166689 0.263301 0.302950 0.034265 0.232795
4 2 0.222751 0.276595 0.193811 0.025339 0.281505
4 2 0.221993 0.286611 0.162339 0.023106 0.305950
4 2 0.199132 0.251318 0.137919 0.027277 0.384354
4 2 0.172683 0.251862 0.211429 0.030668 0.333358
2 2 0.160844 0.211373 0.287223 0.057144 0.283417
2 2 0.064814 0.171022 0.581562 0.077837 0.104764
2 2 0.030943 0.090902 0.661600 0.183444 0.033110
2 3 0.014789 0.069511 0.723928 0.175349 0.016423
2 3 0.009758 0.057532 0.764789 0.157053 0.010868
2 3 0.006326 0.051913 0.819782 0.113282 0.008696
2 3 0.005628 0.046434 0.853964 0.086144 0.007830
2 3 0.006472 0.046612 0.850995 0.087594 0.008327
2 3 0.013020 0.056615 0.774032 0.143862 0.012471
2 3 0.014984 0.057650 0.733124 0.181617 0.012625
2 3 0.015971 0.063349 0.712313 0.193869 0.014499
2 3 0.015862 0.075712 0.725862 0.163023 0.019540
2 3 0.013834 0.078326 0.746512 0.141141 0.020188
2 3 0.011699 0.076308 0.804376 0.086107 0.021510
2 3 0.016149 0.082342 0.793453 0.079540 0.028516
2 2 0.046404 0.128634 0.705469 0.058818 0.060676
2 2 0.130100 0.193963 0.499424 0.050545 0.125967
2 2 0.165528 0.202589 0.446108 0.042130 0.143645
2 2 0.156489 0.187583 0.484237 0.042674 0.129016
2 2 0.093629 0.185555 0.562156 0.039459 0.119200
2 2 0.092096 0.231923 0.472049 0.031921 0.172011
2 2 0.048583 0.197920 0.591779 0.038234 0.123484
2 2 0.040957 0.173237 0.639188 0.052868 0.093751
2 3 0.025651 0.120785 0.713473 0.085836 0.054255
2 3 0.018088 0.096877 0.749550 0.100932 0.034553
2 3 0.015990 0.097414 0.779771 0.068914 0.037911
2 2 0.018813 0.114712 0.762464 0.040752 0.063259
2 2 0.028402 0.147256 0.680550 0.029437 0.114356
2 2 0.068765 0.211039 0.442400 0.032371 0.245425
4 2 0.099050 0.204878 0.292624 0.041487 0.361961
4 4 0.131638 0.176830 0.164483 0.047591 0.479459
4 4 0.130555 0.147347 0.125979 0.053329 0.542789
4 4 0.133568 0.135115 0.108491 0.057596 0.565230
4 4 0.139429 0.112343 0.076670 0.063144 0.608415
4 4 0.138134 0.125456 0.091071 0.058142 0.587197
4 4 0.150181 0.116458 0.067368 0.052082 0.613911
4 4 0.161017 0.132538 0.070661 0.042949 0.592835
4 4 0.160888 0.135130 0.076643 0.046875 0.580465
4 4 0.158500 0.166908 0.110409 0.043176 0.521008
4 4 0.160644 0.177518 0.120781 0.042664 0.498393
4 4 0.188911 0.201604 0.107965 0.032753 0.468766
4 2 0.174398 0.220741 0.137564 0.030948 0.436349
4 2 0.149793 0.240009 0.184193 0.027451 0.398554
4 2 0.120079 0.237161 0.258356 0.031442 0.352961
2 2 0.089327 0.243313 0.380335 0.028309 0.258716
2 2 0.037868 0.164857 0.646749 0.046427 0.104099
2 2 0.022134 0.116163 0.739525 0.063919 0.058259
2 3 0.022785 0.113370 0.730888 0.080781 0.052177
2 3 0.022776 0.098042 0.685722 0.139274 0.054187
2 3 0.022090 0.102060 0.709863 0.116126 0.049862
2 3 0.032553 0.137109 0.676277 0.080126 0.073935
2 3 0.069161 0.225438 0.502433 0.040176 0.162792
4 2 0.182704 0.270584 0.237013 0.026925 0.282773
0 1 0.347053 0.224667 0.129598 0.025004 0.273677
0 1 0.320742 0.223383 0.122758 0.025378 0.307739
1 4 0.265816 0.271126 0.176357 0.019616 0.267085
1 4 0.230551 0.282342 0.190593 0.020736 0.275778
1 4 0.147275 0.290177 0.274880 0.020643 0.267026
2 4 0.117417 0.267009 0.301800 0.026084 0.287690
2 2 0.104117 0.253776 0.346885 0.030240 0.264981
2 2 0.061758 0.195896 0.542271 0.061664 0.138411
2 3 0.031829 0.127514 0.671979 0.102287 0.066391
2 3 0.019449 0.101026 0.742781 0.098502 0.038243
2 2 0.014577 0.089588 0.781717 0.084140 0.029977
2 2 0.013249 0.093272 0.806865 0.049432 0.037183
2 2 0.033437 0.166185 0.664222 0.033143 0.103014
2 2 0.087701 0.265001 0.394568 0.021256 0.231473
2 1 0.100301 0.278089 0.355341 0.020594 0.245675
2 1 0.104233 0.277355 0.362612 0.025725 0.230074
2 1 0.079848 0.231141 0.488167 0.051680 0.149164
2 1 0.057156 0.202470 0.570666 0.056138 0.113569
2 1 0.046382 0.184592 0.622970 0.046528 0.099528
2 1 0.039863 0.174945 0.643602 0.047836 0.093754
2 2 0.050322 0.198292 0.589319 0.043198 0.118870
2 2 0.055097 0.169302 0.608467 0.075699 0.091436
2 3 0.053485 0.161985 0.609200 0.091091 0.084238
2 3 0.026873 0.127935 0.710666 0.077528 0.056997
2 3 0.017254 0.105373 0.775210 0.057404 0.044759
2 3 0.011959 0.087425 0.816204 0.052827 0.031585
2 3 0.009313 0.075637 0.836383 0.056146 0.022522
2 3 0.015006 0.089078 0.797091 0.065764 0.033062
2 3 0.029475 0.119769 0.723869 0.065643 0.061244
2 2 0.088304 0.216068 0.484637 0.038280 0.172710
4 2 0.233016 0.258471 0.217216 0.028602 0.262695
1 2 0.242050 0.269185 0.195688 0.024005 0.269072
1 2 0.222432 0.268278 0.227081 0.023265 0.258944
1 2 0.219613 0.261939 0.248802 0.022800 0.246846
1 2 0.220042 0.270663 0.237865 0.020264 0.251166
1 2 0.194637 0.293238 0.221205 0.018398 0.272522
0 2 0.316487 0.271638 0.118075 0.014432 0.279369
0 0 0.421193 0.197439 0.096728 0.019558 0.265082
0 0 0.550033 0.126290 0.071774 0.025768 0.226136
0 0 0.765224 0.049237 0.041309 0.034362 0.109868
0 0 0.770023 0.039295 0.039581 0.047524 0.103577
0 0 0.827278 0.027062 0.028471 0.041698 0.075491
0 0 0.721574 0.060640 0.052094 0.038871 0.126820
0 0 0.660610 0.071223 0.057731 0.043259 0.167178
0 0 0.552345 0.103212 0.074270 0.041736 0.228437
0 0 0.592596 0.103606 0.070153 0.033423 0.200220
0 0 0.504020 0.184009 0.101161 0.018700 0.192110
0 1 0.330109 0.257305 0.132670 0.018827 0.261089
1 1 0.178519 0.309626 0.194029 0.018863 0.298963
2 1 0.089275 0.269815 0.387103 0.020098 0.233709
2 1 0.033569 0.170703 0.642682 0.023697 0.129349
2 1 0.023727 0.139811 0.717714 0.027443 0.091305
2 1 0.022882 0.136643 0.717440 0.025062 0.097973
2 1 0.024989 0.124472 0.722674 0.067975 0.059890
1 2 0.145608 0.298574 0.265379 0.018822 0.271617
4 2 0.172583 0.226957 0.154628 0.034233 0.411599
4 2 0.184424 0.264518 0.157034 0.024032 0.369991
4 4 0.195374 0.258967 0.141454 0.024507 0.379699
4 4 0.160362 0.255280 0.188556 0.027337 0.368464
2 2 0.118434 0.270443 0.305826 0.026107 0.279190
2 2 0.054609 0.184765 0.568474 0.062831 0.129321
2 3 0.033652 0.121067 0.637192 0.134166 0.073923
2 3 0.028963 0.110121 0.652507 0.151369 0.057040
2 3 0.025568 0.113814 0.702973 0.107826 0.049818
2 3 0.015654 0.091705 0.770767 0.090757 0.031117
2 3 0.013101 0.082191 0.786200 0.094222 0.024286
2 3 0.012053 0.076623 0.800147 0.089566 0.021611
2 3 0.010482 0.073865 0.818542 0.076684 0.020427
2 3 0.010561 0.079433 0.822707 0.062864 0.024434
2 3 0.013461 0.084094 0.813776 0.058261 0.030408
2 3 0.044675 0.143779 0.687544 0.047086 0.076916
2 3 0.147470 0.235253 0.395670 0.029615 0.191992
1 2 0.211673 0.263349 0.247142 0.024639 0.253197
1 2 0.169104 0.291336 0.246093 0.020608 0.272858
1 2 0.151207 0.300435 0.241761 0.021117 0.285480
1 2 0.184718 0.306673 0.187381 0.019902 0.301326
1 2 0.197003 0.307533 0.175721 0.018622 0.301121
1 2 0.271011 0.287684 0.138653 0.016921 0.285731
0 2 0.294095 0.268551 0.153359 0.018657 0.265337
1 2 0.270757 0.277688 0.160307 0.018563 0.272686
1 2 0.185693 0.299855 0.215304 0.018345 0.280804
1 2 0.129667 0.300251 0.279361 0.018920 0.271801
1 2 0.126343 0.297287 0.287735 0.019431 0.269205
2 2 0.107530 0.287013 0.332917 0.019365 0.253176
2 2 0.084552 0.266929 0.400827 0.019437 0.228254
2 2 0.058248 0.227104 0.504330 0.020768 0.189551
2 2 0.057097 0.219295 0.513723 0.023178 0.186707
2 2 0.028767 0.153486 0.681730 0.027978 0.108038
2 2 0.032056 0.159596 0.665604 0.031559 0.111185
2 2 0.032833 0.156313 0.667458 0.038347 0.105048
2 2 0.037925 0.162191 0.646629 0.049314 0.103940
2 2 0.030273 0.144170 0.691030 0.051407 0.083121
2 2 0.028620 0.145084 0.700180 0.044230 0.081886
2 2 0.034247 0.156033 0.670778 0.051393 0.087549
2 2 0.058815 0.212932 0.541955 0.037904 0.148394
2 2 0.088952 0.263976 0.401190 0.024132 0.221751
2 2 0.095120 0.279491 0.365943 0.018687 0.240759
2 2 0.074100 0.246875 0.466859 0.028132 0.184034
2 2 0.094554 0.261478 0.401051 0.031087 0.211830
2 2 0.118202 0.268709 0.338981 0.026730 0.247379
1 2 0.203203 0.282738 0.220447 0.021712 0.271900
1 2 0.228193 0.295267 0.167969 0.018653 0.289917
1 1 0.246905 0.299437 0.141783 0.016407 0.295468
4 1 0.207580 0.299543 0.158799 0.018108 0.315971
4 1 0.176944 0.282048 0.175704 0.021342 0.343961
4 1 0.200206 0.240352 0.122162 0.025646 0.411635
4 1 0.213790 0.272128 0.128700 0.019841 0.365541
4 1 0.235137 0.268661 0.116211 0.017192 0.362800
4 4 0.210207 0.251522 0.105108 0.018161 0.415001
4 4 0.172015 0.254581 0.163138 0.024907 0.385359
2 4 0.108019 0.276559 0.337941 0.023054 0.254427
2 2 0.044665 0.167277 0.616353 0.068641 0.103063
2 3 0.024621 0.099188 0.688011 0.150531 0.037649
2 3 0.013864 0.081589 0.763795 0.118000 0.022752
2 3 0.013658 0.087445 0.790621 0.079553 0.028723
2 3 0.012169 0.090784 0.816890 0.044174 0.035983
2 3 0.022629 0.139408 0.735290 0.030734 0.071939
2 3 0.067169 0.221195 0.532524 0.030125 0.148988
2 3 0.137943 0.269029 0.334506 0.022518 0.236004
1 3 0.222088 0.262188 0.252317 0.021158 0.242249
1 2 0.238853 0.267575 0.215329 0.021719 0.256524
1 2 0.209414 0.282608 0.205780 0.023077 0.279120
2 2 0.089353 0.266001 0.389805 0.021488 0.233353
2 2 0.031614 0.165698 0.668351 0.027879 0.106458
2 2 0.008120 0.075658 0.855532 0.035317 0.025373
2 3 0.007408 0.065913 0.850230 0.060076 0.016372
2 3 0.006121 0.056436 0.848087 0.078371 0.010986
2 3 0.006029 0.054380 0.838933 0.090836 0.009821
2 3 0.005365 0.052503 0.855260 0.077447 0.009425
2 3 0.007624 0.062068 0.826631 0.090586 0.013091
2 3 0.007548 0.061870 0.828055 0.089495 0.013033
2 3 0.008768 0.063302 0.794986 0.119998 0.012945
2 3 0.008832 0.059799 0.786786 0.132994 0.011589
2 3 0.011378 0.062360 0.751854 0.161516 0.012891
2 3 0.016305 0.058048 0.690924 0.220893 0.013829
2 3 0.019328 0.044371 0.548830 0.374594 0.012877
2 3 0.027953 0.048379 0.494424 0.411855 0.017388
3 3 0.041767 0.049054 0.421996 0.463999 0.023183
3 3 0.044492 0.031205 0.252704 0.652102 0.019498
3 3 0.031188 0.017526 0.169822 0.769308 0.012155
3 3 0.028067 0.016499 0.168324 0.776415 0.010695
3 3 0.025825 0.013794 0.152205 0.799313 0.008863
3 3 0.023446 0.010974 0.126240 0.831178 0.008162
3 3 0.027323 0.010555 0.113516 0.838830 0.009776
3 3 0.030815 0.007703 0.086910 0.865896 0.008676
3 3 0.032108 0.006583 0.073544 0.878823 0.008942
3 3 0.032162 0.006771 0.072195 0.878733 0.010140
3 3 0.021664 0.004171 0.050278 0.916372 0.007515
3 3 0.018778 0.004413 0.050625 0.917527 0.008658
3 3 0.020786 0.003900 0.044389 0.922135 0.008790
3 3 0.025758 0.003526 0.037733 0.922753 0.010229
3 3 0.033175 0.003294 0.034213 0.918443 0.010876
3 3 0.043342 0.003475 0.034703 0.906629 0.011851
3 3 0.038331 0.003012 0.029323 0.916570 0.012765
3 3 0.034809 0.003377 0.031806 0.915935 0.014073
3 3 0.037086 0.003865 0.036043 0.908587 0.014419
3 3 0.045375 0.005159 0.047240 0.887300 0.014927
3 3 0.044601 0.004144 0.041429 0.898017 0.011808
3 3 0.042605 0.003334 0.036429 0.908314 0.009318
3 3 0.031067 0.002014 0.026577 0.934643 0.005699
3 3 0.034062 0.002556 0.031259 0.925145 0.006978
3 3 0.045631 0.003381 0.035269 0.905225 0.010494
3 3 0.050321 0.004035 0.038735 0.893882 0.013026
3 3 0.051874 0.002779 0.027915 0.905997 0.011434
3 3 0.042027 0.002108 0.022683 0.923573 0.009610
3 3 0.044814 0.001503 0.017860 0.928565 0.007258
3 3 0.034737 0.001204 0.015603 0.942624 0.005832
3 3 0.045557 0.001556 0.017966 0.927092 0.007829
3 3 0.052197 0.002013 0.021534 0.914689 0.009568
3 3 0.066668 0.003462 0.031689 0.883840 0.014341
3 3 0.085518 0.004280 0.035071 0.856396 0.018735
3 3 0.071922 0.002555 0.023905 0.888295 0.013323
3 3 0.057397 0.006300 0.046579 0.863926 0.025798
3 3 0.030933 0.004561 0.049075 0.905455 0.009976
3 3 0.231878 0.020987 0.112407 0.599354 0.035374
3 3 0.236609 0.029700 0.103141 0.535730 0.094820
3 3 0.064346 0.003055 0.028264 0.890372 0.013963
3 3 0.057828 0.001933 0.020141 0.909942 0.010157
3 3 0.057045 0.001790 0.018973 0.912499 0.009692
3 3 0.060241 0.001913 0.020597 0.907988 0.009262
3 3 0.072368 0.002063 0.022879 0.894273 0.008417
3 3 0.079595 0.002621 0.026268 0.880550 0.010967
3 3 0.071742 0.002128 0.022720 0.894085 0.009326
3 3 0.068611 0.002414 0.024068 0.893609 0.011297
3 3 0.060485 0.002221 0.022342 0.903810 0.011143
3 3 0.057216 0.001933 0.019188 0.910101 0.011562
3 3 0.054377 0.001743 0.018763 0.915778 0.009338
3 3 0.060859 0.001630 0.018343 0.910982 0.008185
3 3 0.055766 0.002042 0.022059 0.910857 0.009276
3 3 0.065897 0.001908 0.020794 0.902518 0.008883
3 3 0.057641 0.002032 0.020921 0.908908 0.010498
3 3 0.061602 0.002034 0.021341 0.905094 0.009928
3 3 0.063663 0.002314 0.022942 0.899535 0.011546
3 3 0.065824 0.002344 0.023110 0.897050 0.011672
3 3 0.054733 0.001375 0.014764 0.919820 0.009308
3 3 0.041956 0.000716 0.009335 0.942461 0.005532
3 3 0.039265 0.000674 0.008760 0.945731 0.005571
3 3 0.046612 0.000798 0.010503 0.936721 0.005366
3 3 0.055287 0.001166 0.013488 0.922485 0.007574
3 3 0.058057 0.001253 0.013869 0.918308 0.008512
3 3 0.057004 0.001312 0.013987 0.918277 0.009420
3 3 0.073922 0.001631 0.017299 0.897761 0.009386
3 3 0.069534 0.001666 0.018712 0.901974 0.008115
3 3 0.067382 0.001871 0.021558 0.901556 0.007634
3 3 0.074325 0.002359 0.024233 0.888749 0.010334
3 3 0.053165 0.001563 0.018391 0.919529 0.007353
3 3 0.043065 0.001167 0.014522 0.934863 0.006383
3 3 0.042413 0.001096 0.013765 0.936519 0.006207
3 3 0.063898 0.001907 0.019678 0.904207 0.010310
3 3 0.065997 0.001919 0.019769 0.901996 0.010320
3 3 0.079000 0.002007 0.019066 0.887365 0.012562
3 3 0.055918 0.001558 0.016529 0.916357 0.009639
3 3 0.065224 0.001787 0.018169 0.904146 0.010674
3 3 0.046781 0.001450 0.017107 0.927305 0.007357
3 3 0.076601 0.001862 0.019870 0.892433 0.009234
3 3 0.064321 0.001881 0.020698 0.904424 0.008676
3 3 0.066436 0.002163 0.022374 0.898778 0.010248
3 3 0.041990 0.001825 0.020395 0.927140 0.008650
3 3 0.048433 0.002371 0.025026 0.914138 0.010032
3 3 0.056622 0.002786 0.027470 0.901204 0.011917
3 3 0.063494 0.002265 0.023198 0.900464 0.010580
3 3 0.086276 0.002809 0.024931 0.871131 0.014852
3 3 0.086683 0.003022 0.025423 0.867998 0.016873
3 3 0.064932 0.002269 0.022156 0.898655 0.011988
3 3 0.048797 0.001662 0.017198 0.921887 0.010456
3 3 0.047148 0.001558 0.016019 0.924645 0.010629
3 3 0.032844 0.001265 0.014362 0.943196 0.008334
3 3 0.042417 0.001163 0.014891 0.935609 0.005920
3 3 0.059539 0.001723 0.018008 0.910724 0.010005
3 3 0.068863 0.002220 0.021875 0.895420 0.011622
3 3 0.061517 0.003606 0.033542 0.887459 0.013875
3 3 0.045830 0.006960 0.066973 0.867227 0.013010
3 3 0.026179 0.010176 0.102600 0.849299 0.011746
3 3 0.019127 0.012520 0.126274 0.830326 0.011753
3 3 0.016325 0.012399 0.127651 0.832416 0.011210
3 3 0.020910 0.013798 0.145429 0.809642 0.010221
3 3 0.031283 0.012218 0.124911 0.820598 0.010989
3 3 0.048834 0.012229 0.107417 0.815417 0.016102
3 3 0.036327 0.007264 0.073250 0.871492 0.011667
3 3 0.024442 0.005365 0.059382 0.901432 0.009380
3 3 0.019188 0.006033 0.069832 0.896535 0.008412
3 3 0.022653 0.007321 0.074856 0.883568 0.011601
3 3 0.029395 0.011912 0.107098 0.835827 0.015769
3 3 0.031955 0.012772 0.110923 0.827212 0.017137
3 3 0.032869 0.009473 0.091833 0.852891 0.012933
3 3 0.042241 0.011161 0.101284 0.830291 0.015024
3 3 0.058422 0.012143 0.111226 0.804104 0.014105
3 3 0.071331 0.017347 0.140401 0.752297 0.018625
3 3 0.066401 0.023890 0.189844 0.701214 0.018650
3 3 0.055463 0.052720 0.341502 0.520023 0.030293
2 3 0.037703 0.099968 0.583618 0.232169 0.046543
2 1 0.035557 0.122085 0.622985 0.144911 0.074462
2 1 0.053342 0.169640 0.542750 0.065137 0.169130
2 1 0.067403 0.176079 0.449858 0.065609 0.241050
2 1 0.069737 0.170864 0.425300 0.073122 0.260977
2 1 0.066855 0.160377 0.425831 0.085784 0.261153
4 1 0.085459 0.147128 0.277020 0.087941 0.402452
4 1 0.072871 0.162787 0.338654 0.057458 0.368230
4 1 0.079438 0.162786 0.279815 0.049615 0.428347
4 1 0.109851 0.185394 0.211308 0.041237 0.452210
4 4 0.147723 0.155470 0.108758 0.045222 0.542827
4 4 0.177018 0.164103 0.083700 0.035372 0.539807
4 4 0.153184 0.120390 0.067451 0.048747 0.610228
4 4 0.161035 0.165739 0.100544 0.038404 0.534278
4 4 0.140937 0.192359 0.157492 0.038456 0.470756
4 4 0.150703 0.237704 0.204372 0.035293 0.371928
4 4 0.158305 0.194404 0.152915 0.046946 0.447429
4 4 0.129721 0.187435 0.189268 0.048850 0.444726
4 4 0.127364 0.122602 0.100101 0.061767 0.588165
4 4 0.119845 0.118662 0.101156 0.060705 0.599632
4 4 0.123764 0.129646 0.111243 0.057769 0.577578
4 4 0.138211 0.145815 0.110710 0.049745 0.555519
4 4 0.115208 0.159883 0.163105 0.047886 0.513919
4 4 0.125388 0.137772 0.112859 0.049409 0.574573
4 4 0.154311 0.135979 0.079706 0.044504 0.585500
4 4 0.168494 0.146102 0.075838 0.039034 0.570531
4 4 0.147896 0.195590 0.155992 0.040183 0.460339
4 4 0.124066 0.187247 0.197274 0.047443 0.443971
2 4 0.072584 0.190512 0.391786 0.042696 0.302423
2 4 0.047635 0.177334 0.539951 0.035531 0.199550
2 2 0.026138 0.131840 0.705577 0.044583 0.091861
2 2 0.031557 0.143307 0.674293 0.048787 0.102056
2 2 0.038606 0.155362 0.626175 0.051653 0.128204
2 2 0.061261 0.210556 0.494506 0.029930 0.203747
2 2 0.095007 0.227060 0.351922 0.036668 0.289343
4 2 0.129762 0.220174 0.235268 0.041760 0.373036
4 2 0.114886 0.202497 0.243629 0.044312 0.394676
4 4 0.110139 0.193060 0.243462 0.047192 0.406147
4 2 0.097483 0.213736 0.304000 0.036812 0.347968
2 2 0.082147 0.224890 0.374589 0.029552 0.288822
2 2 0.072149 0.231729 0.447410 0.026637 0.222075
2 2 0.082030 0.250092 0.419725 0.024845 0.223308
2 2 0.066605 0.227689 0.478282 0.026223 0.201201
2 2 0.074524 0.240950 0.480929 0.035696 0.167901
2 2 0.056451 0.180722 0.598941 0.066051 0.097835
2 2 0.034190 0.164874 0.654109 0.032309 0.114518
2 2 0.016935 0.102170 0.775678 0.061818 0.043399
2 2 0.018904 0.104455 0.757361 0.075649 0.043631
2 2 0.019358 0.106498 0.755608 0.072447 0.046089
2 2 0.033296 0.153977 0.676541 0.051822 0.084365
2 2 0.073481 0.239525 0.473790 0.031708 0.181497
2 2 0.110050 0.279859 0.332901 0.022501 0.254689
2 2 0.082122 0.258420 0.413438 0.021513 0.224508
2 2 0.058744 0.225574 0.505838 0.022113 0.187731
2 2 0.034668 0.164885 0.650118 0.032470 0.117859
2 2 0.016858 0.108641 0.778123 0.040790 0.055588
2 2 0.011138 0.086776 0.825806 0.043694 0.032586
2 2 0.008885 0.076130 0.844754 0.046250 0.023980
2 2 0.009181 0.077165 0.841616 0.047496 0.024542
2 2 0.012208 0.086035 0.810325 0.062142 0.029290
2 2 0.021608 0.111003 0.739018 0.078433 0.049937
2 2 0.025721 0.119912 0.712784 0.082062 0.059521
2 2 0.026422 0.123217 0.710342 0.075229 0.064789
2 2 0.018735 0.106086 0.761531 0.067188 0.046459
2 2 0.010621 0.084364 0.830094 0.044473 0.030447
2 2 0.009238 0.078177 0.842193 0.044743 0.025649
2 2 0.009168 0.077671 0.842559 0.045416 0.025185
2 2 0.008011 0.073079 0.854479 0.041970 0.022461
2 2 0.008176 0.072992 0.851557 0.045311 0.021965
2 2 0.008332 0.070224 0.842028 0.060648 0.018768
2 2 0.012613 0.082463 0.793396 0.086816 0.024712
2 2 0.013278 0.086986 0.795632 0.075383 0.028721
2 2 0.020978 0.101701 0.739040 0.098266 0.040016
2 2 0.028087 0.118782 0.692516 0.104642 0.055973
2 2 0.044360 0.140729 0.590471 0.128573 0.095866
2 2 0.053710 0.163168 0.548732 0.088235 0.146155
2 2 0.058276 0.176167 0.498891 0.056411 0.210255
2 2 0.070572 0.231728 0.463840 0.026926 0.206935
2 2 0.046120 0.188773 0.598683 0.038073 0.128352
2 2 0.023340 0.124938 0.735681 0.059389 0.056653
2 2 0.012928 0.080073 0.776974 0.107855 0.022169
2 2 0.007023 0.059532 0.832729 0.088708 0.012008
2 2 0.005376 0.049860 0.835615 0.101180 0.007969
2 2 0.004699 0.048705 0.861206 0.077369 0.008021
2 2 0.005291 0.053578 0.864341 0.066598 0.010192
2 2 0.005999 0.062784 0.874991 0.039906 0.016319
2 2 0.009600 0.082202 0.840972 0.037110 0.030116
2 2 0.012544 0.095362 0.814010 0.035439 0.042645
2 2 0.013888 0.098057 0.802660 0.041902 0.043493
2 2 0.018596 0.103274 0.765406 0.069552 0.043172
2 2 0.029629 0.100841 0.708620 0.117315 0.043594
2 2 0.023768 0.093673 0.733438 0.113242 0.035879
2 3 0.017129 0.087668 0.770369 0.094876 0.029958
2 3 0.016537 0.091082 0.767435 0.093706 0.031239
2 3 0.014840 0.086614 0.766673 0.105312 0.026561
2 3 0.010143 0.074859 0.817092 0.077486 0.020420
2 3 0.006552 0.060715 0.854411 0.064881 0.013441
2 3 0.004854 0.054990 0.884837 0.043333 0.011986
2 3 0.004733 0.053371 0.883381 0.047539 0.010975
2 3 0.006103 0.060503 0.866602 0.052769 0.014023
2 3 0.009872 0.076778 0.828692 0.061919 0.022739
2 3 0.010421 0.078298 0.822336 0.065508 0.023436
2 3 0.013508 0.082704 0.776464 0.103298 0.024026
2 3 0.010002 0.071181 0.810564 0.090375 0.017878
2 3 0.010557 0.067666 0.815274 0.089347 0.017157
2 3 0.014025 0.071769 0.800141 0.093226 0.020839
2 3 0.013757 0.069309 0.806387 0.090659 0.019888
2 3 0.015100 0.069168 0.794738 0.101111 0.019883
2 3 0.015178 0.065529 0.782663 0.119187 0.017443
2 3 0.010392 0.064112 0.798656 0.112278 0.014561
2 2 0.013548 0.065600 0.766590 0.138514 0.015749
2 2 0.011797 0.063034 0.793891 0.116405 0.014873
2 2 0.015382 0.062752 0.769516 0.136580 0.015770
2 2 0.016866 0.066643 0.753372 0.145636 0.017482
2 2 0.018246 0.077210 0.730585 0.152058 0.021901
2 2 0.011906 0.075233 0.776391 0.117468 0.019002
2 2 0.009517 0.067724 0.799306 0.108160 0.015293
2 2 0.007255 0.063577 0.845617 0.068900 0.014651
2 3 0.006154 0.058773 0.858559 0.063945 0.012569
2 3 0.006298 0.058506 0.852589 0.070438 0.012168
2 3 0.009764 0.060513 0.818448 0.097518 0.013757
2 3 0.011301 0.061514 0.808563 0.103933 0.014689
2 3 0.012114 0.070192 0.792483 0.107236 0.017974
2 3 0.012184 0.077303 0.803604 0.084439 0.022469
2 3 0.010923 0.072393 0.814888 0.082062 0.019735
2 3 0.006688 0.061290 0.852690 0.065650 0.013681
2 3 0.007904 0.061078 0.829961 0.087897 0.013160
2 3 0.009045 0.059756 0.800764 0.118243 0.012192
2 3 0.010714 0.061178 0.768766 0.146726 0.012616
2 3 0.018813 0.074924 0.706770 0.179296 0.020197
2 3 0.017836 0.068180 0.766176 0.128492 0.019316
2 3 0.018827 0.064987 0.772393 0.125089 0.018705
2 3 0.013607 0.062515 0.814296 0.092543 0.017039
2 3 0.014244 0.054338 0.787945 0.130788 0.012685
2 3 0.015026 0.045991 0.760690 0.168795 0.009498
2 3 0.014295 0.045946 0.693011 0.238397 0.008351
2 3 0.012390 0.054628 0.730425 0.191984 0.010573
2 3 0.018403 0.071306 0.710779 0.180899 0.018614
2 3 0.016009 0.067841 0.728679 0.170871 0.016600
2 3 0.017570 0.067002 0.704966 0.194104 0.016358
2 3 0.010873 0.064660 0.797303 0.112120 0.015044
2 3 0.015052 0.076972 0.779119 0.106244 0.022613
2 3 0.021287 0.113821 0.744291 0.073948 0.046653
2 3 0.062377 0.211588 0.543045 0.051166 0.131824
2 2 0.070532 0.231703 0.496175 0.037608 0.163983
2 2 0.069671 0.228594 0.496726 0.037332 0.167677
2 2 0.054004 0.189455 0.573783 0.055766 0.126993
2 2 0.029497 0.121905 0.682011 0.107728 0.058860
2 2 0.030112 0.115455 0.658035 0.142074 0.054324
2 2 0.025932 0.113230 0.697420 0.114145 0.049272
2 3 0.031158 0.128722 0.678681 0.095725 0.065714
2 3 0.026114 0.126009 0.714984 0.069590 0.063303
2 3 0.020980 0.119540 0.750180 0.050601 0.058699
2 3 0.015019 0.096018 0.789453 0.061906 0.037604
2 3 0.021342 0.109895 0.740005 0.080226 0.048531
2 3 0.033156 0.120933 0.708311 0.080467 0.057133
2 3 0.125417 0.186392 0.494418 0.067463 0.126310
0 0 0.463517 0.178065 0.128853 0.031318 0.198247
0 1 0.295569 0.229575 0.200364 0.032919 0.241573
1 1 0.180991 0.269387 0.262849 0.026091 0.260682
2 1 0.065962 0.225524 0.507080 0.034804 0.166631
2 1 0.052320 0.200039 0.572104 0.039680 0.135858
2 1 0.065422 0.228905 0.481010 0.024840 0.199823
2 1 0.065703 0.227009 0.519708 0.038947 0.148633
2 1 0.169521 0.242257 0.347000 0.042535 0.198686
2 1 0.099373 0.272181 0.361800 0.022495 0.244151
2 1 0.105060 0.271215 0.349782 0.024614 0.249329
2 1 0.081889 0.249749 0.420333 0.024927 0.223101
2 1 0.095795 0.225712 0.350412 0.037945 0.290137
2 1 0.080925 0.225163 0.405742 0.032929 0.255240
2 1 0.076637 0.227977 0.426595 0.030128 0.238663
2 2 0.070747 0.229736 0.448668 0.026286 0.224563
4 2 0.106308 0.231014 0.303050 0.034462 0.325166
4 2 0.116719 0.193785 0.221072 0.044782 0.423643
4 4 0.149866 0.136965 0.096696 0.058715 0.557759
4 4 0.130884 0.088037 0.052400 0.061097 0.667582
4 4 0.121032 0.073289 0.039244 0.054764 0.711671
4 4 0.151721 0.068639 0.039934 0.064786 0.674920
4 4 0.416818 0.046926 0.034152 0.084618 0.417486
0 4 0.663807 0.028572 0.021668 0.062019 0.223933
0 4 0.673427 0.071077 0.042809 0.027954 0.184733
0 4 0.453988 0.172285 0.072458 0.016661 0.284609
4 4 0.253141 0.258632 0.130120 0.021577 0.336530
4 4 0.108519 0.237214 0.301768 0.032737 0.319762
4 4 0.187252 0.225969 0.202152 0.037298 0.347328
4 4 0.204464 0.227027 0.181913 0.035599 0.350997
4 4 0.276096 0.195361 0.105643 0.030935 0.391965
4 4 0.196041 0.229414 0.122779 0.029041 0.422725
4 4 0.192744 0.236743 0.134502 0.029667 0.406343
4 4 0.127362 0.251294 0.253769 0.028626 0.338948
4 4 0.115535 0.198394 0.224284 0.041242 0.420545
4 4 0.113180 0.165495 0.180249 0.049116 0.491961
4 4 0.132330 0.122223 0.088702 0.054368 0.602377
4 4 0.143798 0.134063 0.089048 0.048599 0.584493
4 4 0.166261 0.165476 0.099512 0.041051 0.527700
4 4 0.151333 0.234268 0.185715 0.031233 0.397452
4 4 0.205923 0.267966 0.207998 0.025212 0.292901
4 4 0.188643 0.270409 0.202244 0.025771 0.312933
4 4 0.197514 0.277757 0.190948 0.024623 0.309158
4 4 0.184880 0.186577 0.097509 0.033575 0.497459
4 4 0.193405 0.181457 0.099037 0.036386 0.489715
4 4 0.295997 0.161245 0.094773 0.039681 0.408305
0 4 0.449944 0.133844 0.087778 0.039825 0.288609
0 4 0.428537 0.144009 0.091976 0.038024 0.297455
4 4 0.308327 0.170187 0.102440 0.038618 0.380428
4 4 0.162325 0.199684 0.137131 0.036767 0.464093
4 4 0.103966 0.155099 0.185332 0.052710 0.502892
4 4 0.107209 0.145299 0.168830 0.060070 0.518593
4 4 0.105666 0.123251 0.131285 0.063966 0.575833
4 4 0.122412 0.118579 0.101370 0.064489 0.593150
4 4 0.141090 0.104298 0.064997 0.061472 0.628143
4 4 0.153094 0.149830 0.103783 0.051590 0.541704
4 4 0.124761 0.193836 0.203450 0.045118 0.432835
4 4 0.129586 0.201879 0.212924 0.046879 0.408732
4 4 0.182363 0.151577 0.122009 0.067715 0.476336
4 4 0.207511 0.124240 0.098818 0.078675 0.490756
4 4 0.206835 0.108587 0.081675 0.074640 0.528263
4 4 0.261781 0.097704 0.055166 0.051707 0.533642
0 4 0.378298 0.123997 0.076634 0.045059 0.376013
0 4 0.419397 0.175586 0.133219 0.036383 0.235414
0 4 0.371098 0.189422 0.195280 0.039143 0.205056
2 4 0.179960 0.230121 0.337521 0.032207 0.220191
1 4 0.180403 0.273761 0.254012 0.025702 0.266122
4 4 0.173389 0.182734 0.112437 0.040594 0.490846
4 4 0.185554 0.194882 0.108710 0.035829 0.475025
4 4 0.204431 0.223115 0.116264 0.028445 0.427745
4 4 0.139759 0.235770 0.208213 0.031126 0.385132
4 4 0.102918 0.220047 0.292049 0.035232 0.349753
4 4 0.093403 0.201307 0.308485 0.042130 0.354676
2 1 0.074020 0.195515 0.392780 0.041076 0.296610
2 1 0.086585 0.241903 0.406527 0.031330 0.233655
2 1 0.203155 0.245379 0.269097 0.033940 0.248429
0 1 0.423503 0.185902 0.147287 0.035486 0.207822
0 1 0.357253 0.213981 0.173622 0.029979 0.225165
2 1 0.209369 0.245446 0.298823 0.029110 0.217253
2 1 0.124691 0.243661 0.410800 0.027024 0.193824
2 1 0.103878 0.229806 0.471031 0.025465 0.169819
2 1 0.102548 0.236667 0.450574 0.025836 0.184375
2 1 0.196212 0.241203 0.317009 0.024922 0.220654
2 1 0.183872 0.263676 0.289355 0.022160 0.240937
1 1 0.226651 0.272809 0.216256 0.021873 0.262412
1 1 0.138847 0.299885 0.263132 0.020153 0.277983
2 1 0.101899 0.273853 0.354911 0.022610 0.246727
2 1 0.039045 0.179730 0.609960 0.025482 0.145783
2 2 0.032154 0.157668 0.663291 0.032085 0.114802
2 2 0.027558 0.145124 0.693637 0.032503 0.101178
2 2 0.052968 0.199099 0.544845 0.031057 0.172031
2 2 0.089650 0.234268 0.369003 0.030938 0.276140
4 2 0.113152 0.243294 0.283680 0.029517 0.330356
4 2 0.147308 0.203526 0.160740 0.036553 0.451873
4 2 0.160066 0.211614 0.152797 0.035550 0.439972
4 2 0.165671 0.221568 0.155204 0.033896 0.423661
4 2 0.143024 0.259821 0.229914 0.028157 0.339084
2 2 0.098251 0.265532 0.369111 0.024824 0.242282
2 2 0.055355 0.203578 0.529850 0.029658 0.181559
2 2 0.022519 0.126408 0.731650 0.037460 0.081962
2 2 0.020257 0.117795 0.752130 0.043570 0.066249
2 2 0.026955 0.126352 0.703692 0.064085 0.078917
2 2 0.018492 0.109708 0.766152 0.052102 0.053545
2 2 0.013945 0.094484 0.800172 0.053926 0.037473
