4 0 0.125976 0.143688 0.135579 0.028603 0.566154
4 0 0.059704 0.101867 0.103174 0.006142 0.729114
4 0 0.104493 0.132917 0.127845 0.019147 0.615598
4 1 0.102986 0.132075 0.127218 0.018571 0.619151
4 1 0.077705 0.163176 0.147314 0.011673 0.600132
4 1 0.079867 0.173698 0.154162 0.012634 0.579639
4 1 0.086263 0.168336 0.151040 0.014454 0.579908
4 1 0.090768 0.181543 0.159523 0.016517 0.551649
4 1 0.096615 0.184761 0.161680 0.018831 0.538113
4 1 0.088928 0.195779 0.168115 0.016486 0.530692
4 1 0.084915 0.198266 0.169445 0.015166 0.532209
4 1 0.087149 0.164249 0.148444 0.014588 0.585571
4 1 0.094229 0.126937 0.123332 0.015425 0.640077
4 1 0.067812 0.108560 0.108728 0.007907 0.706993
4 4 0.046650 0.089726 0.092813 0.003792 0.767021
4 4 0.035527 0.077656 0.082155 0.002246 0.802416
4 4 0.047365 0.090442 0.093434 0.003905 0.764854
4 4 0.068851 0.109377 0.109397 0.008150 0.704225
4 4 0.102163 0.148990 0.138843 0.019105 0.590899
4 4 0.120875 0.176152 0.156669 0.028826 0.517479
4 1 0.158559 0.203894 0.172052 0.056680 0.408814
4 1 0.159082 0.197359 0.168382 0.055772 0.419405
4 1 0.169651 0.190651 0.163998 0.063252 0.412447
4 1 0.118190 0.169586 0.152538 0.027022 0.532665
4 1 0.113251 0.222502 0.183786 0.028953 0.451507
4 1 0.096165 0.212805 0.178250 0.020173 0.492606
4 1 0.089498 0.238729 0.192392 0.018847 0.460535
4 1 0.092067 0.233871 0.189845 0.019659 0.464559
4 1 0.091090 0.260441 0.203640 0.020861 0.423967
4 1 0.077531 0.238604 0.191900 0.014195 0.477770
4 1 0.064675 0.276287 0.210421 0.011127 0.437489
4 1 0.054998 0.250698 0.196599 0.007592 0.490113
4 2 0.072093 0.293022 0.232651 0.015453 0.386782
4 2 0.107747 0.285802 0.227762 0.036257 0.342431
2 2 0.137419 0.231296 0.271150 0.094846 0.265289
2 2 0.168934 0.162306 0.244256 0.190870 0.233634
3 2 0.169609 0.073989 0.165482 0.461885 0.129035
3 2 0.141516 0.055971 0.146986 0.557413 0.098115
3 2 0.104757 0.036566 0.133230 0.659110 0.066337
3 3 0.090798 0.030045 0.125919 0.697926 0.055312
3 3 0.110246 0.039254 0.135771 0.643904 0.070825
3 3 0.101730 0.035114 0.131750 0.667508 0.063898
3 3 0.079932 0.025276 0.119313 0.728362 0.047116
3 3 0.075116 0.023248 0.116102 0.741942 0.043592
3 3 0.076433 0.023798 0.116998 0.738222 0.044549
3 3 0.082716 0.026473 0.121087 0.720541 0.049183
3 3 0.084803 0.027381 0.122380 0.714686 0.050748
3 3 0.097666 0.033198 0.129673 0.678795 0.060667
3 3 0.090377 0.029856 0.125679 0.699099 0.054989
3 3 0.095380 0.032137 0.128458 0.685155 0.058870
3 3 0.091130 0.030196 0.126108 0.696997 0.055568
3 3 0.086151 0.027973 0.123198 0.710913 0.051765
3 3 0.067729 0.020240 0.110803 0.762909 0.038318
3 3 0.080189 0.025386 0.119479 0.727640 0.047306
3 3 0.078829 0.024807 0.118594 0.731466 0.046303
3 3 0.070450 0.021333 0.112809 0.755167 0.040241
3 3 0.082136 0.026222 0.120723 0.722169 0.048751
3 3 0.093534 0.031289 0.127452 0.690295 0.057429
3 3 0.099636 0.034122 0.130692 0.673323 0.062227
3 3 0.084150 0.027096 0.121979 0.716517 0.050257
3 3 0.075581 0.023441 0.116419 0.740630 0.043929
3 3 0.070410 0.021317 0.112781 0.755278 0.040214
3 3 0.062683 0.018257 0.106902 0.777349 0.034809
3 3 0.077500 0.024245 0.117714 0.735214 0.045327
3 3 0.077508 0.024249 0.117719 0.735191 0.045333
3 3 0.076581 0.023859 0.117098 0.737806 0.044656
3 3 0.081180 0.025811 0.120116 0.724853 0.048040
3 3 0.071503 0.021761 0.113569 0.752175 0.040992
3 3 0.060668 0.017483 0.105275 0.783144 0.033430
3 3 0.056689 0.015981 0.101939 0.794648 0.030743
3 3 0.059450 0.017019 0.104272 0.786656 0.032602
3 3 0.078095 0.024497 0.118110 0.733534 0.045764
3 3 0.080364 0.025461 0.119592 0.727149 0.047435
3 3 0.075779 0.023524 0.116555 0.740069 0.044073
3 3 0.054560 0.015193 0.100084 0.800836 0.029326
3 3 0.055178 0.015421 0.100628 0.799037 0.029736
3 3 0.059978 0.017220 0.104709 0.785132 0.032961
3 3 0.061827 0.017927 0.106216 0.779809 0.034221
3 3 0.071096 0.021595 0.113276 0.753332 0.040701
3 3 0.083388 0.026764 0.121508 0.718654 0.049686
3 3 0.091311 0.030277 0.126210 0.696495 0.055707
3 3 0.081103 0.025778 0.120067 0.725069 0.047983
3 3 0.077986 0.024450 0.118037 0.733844 0.045683
3 3 0.068200 0.020428 0.111155 0.761567 0.038650
3 3 0.067772 0.020257 0.110835 0.762787 0.038348
3 3 0.068024 0.020358 0.111024 0.762068 0.038526
3 3 0.083579 0.026847 0.121626 0.718119 0.049829
3 3 0.084227 0.027130 0.122027 0.716301 0.050315
3 3 0.112754 0.040505 0.136873 0.636963 0.072905
3 3 0.116454 0.042379 0.138432 0.626728 0.076007
3 3 0.163610 0.069392 0.151737 0.495929 0.119331
3 3 0.220085 0.112372 0.151106 0.332793 0.183645
3 3 0.195872 0.092040 0.153858 0.404343 0.153887
3 3 0.156355 0.064821 0.150463 0.516191 0.112170
3 3 0.108531 0.038407 0.134997 0.648652 0.069414
3 3 0.107175 0.037742 0.134372 0.652409 0.068303
3 3 0.106220 0.037276 0.133925 0.655055 0.067524
3 3 0.099717 0.034160 0.130734 0.673098 0.062292
3 3 0.094448 0.031707 0.127953 0.687751 0.058141
3 3 0.093117 0.031098 0.127222 0.691458 0.057105
3 3 0.099411 0.034016 0.130578 0.673946 0.062049
3 3 0.109519 0.038894 0.135445 0.645916 0.070226
3 3 0.118466 0.043412 0.139246 0.621165 0.077711
3 3 0.089201 0.029328 0.125001 0.702385 0.054086
3 3 0.066322 0.019681 0.109739 0.766926 0.037332
3 3 0.061732 0.017890 0.106139 0.780082 0.034157
3 3 0.061883 0.017949 0.106261 0.779646 0.034260
3 3 0.074659 0.023058 0.115787 0.743236 0.043260
3 3 0.079536 0.025107 0.119056 0.729478 0.046823
3 3 0.105705 0.037025 0.133682 0.656482 0.067106
3 3 0.118040 0.043193 0.139076 0.622342 0.077350
3 3 0.105619 0.036984 0.133641 0.656720 0.067036
3 3 0.083580 0.026848 0.121627 0.718117 0.049830
3 3 0.069808 0.021074 0.112342 0.756989 0.039786
3 3 0.060843 0.017549 0.105418 0.782640 0.033549
3 3 0.061983 0.017987 0.106341 0.779360 0.034329
3 3 0.056244 0.015815 0.101556 0.795939 0.030446
3 3 0.059273 0.016952 0.104125 0.787168 0.032482
3 3 0.131203 0.050182 0.143880 0.585954 0.088781
3 3 0.103161 0.035798 0.132457 0.663535 0.065048
3 3 0.129958 0.049502 0.143466 0.589397 0.087677
3 3 0.188113 0.086202 0.153902 0.426660 0.145123
3 3 0.083482 0.026805 0.121566 0.718391 0.049756
3 3 0.076411 0.023788 0.116983 0.738285 0.044533
3 3 0.088434 0.028985 0.124554 0.704526 0.053500
3 3 0.078005 0.024458 0.118050 0.733789 0.045698
3 3 0.093806 0.031413 0.127602 0.689537 0.057641
3 3 0.096079 0.032460 0.128833 0.683211 0.059417
3 3 0.100429 0.034497 0.131096 0.671119 0.062859
3 3 0.099679 0.034142 0.130715 0.673203 0.062261
3 3 0.086132 0.027965 0.123187 0.710966 0.051751
3 3 0.064588 0.018999 0.108403 0.771885 0.036125
3 3 0.066184 0.019627 0.109634 0.767319 0.037236
3 3 0.064514 0.018970 0.108346 0.772096 0.036074
3 3 0.070142 0.021209 0.112586 0.756041 0.040023
3 3 0.065235 0.019253 0.108905 0.770032 0.036574
3 3 0.065947 0.019533 0.109453 0.767997 0.037070
3 3 0.066459 0.019735 0.109844 0.766534 0.037428
3 3 0.074294 0.022907 0.115535 0.744266 0.042997
3 3 0.075661 0.023475 0.116474 0.740403 0.043987
3 3 0.082932 0.026566 0.121223 0.719934 0.049345
3 3 0.081589 0.025986 0.120376 0.723705 0.048344
3 3 0.075149 0.023262 0.116124 0.741850 0.043615
3 3 0.069488 0.020945 0.112107 0.757901 0.039559
3 3 0.063184 0.018452 0.107300 0.775910 0.035154
3 3 0.071342 0.021695 0.113453 0.752633 0.040877
3 3 0.077202 0.024120 0.117515 0.736054 0.045109
3 3 0.078682 0.024745 0.118497 0.731882 0.046194
3 3 0.071817 0.021889 0.113793 0.751284 0.041217
3 3 0.082457 0.026360 0.120925 0.721268 0.048990
3 3 0.091860 0.030526 0.126521 0.694961 0.056132
3 3 0.103826 0.036118 0.132780 0.661692 0.065584
3 3 0.137304 0.053572 0.145786 0.569078 0.094261
3 3 0.173489 0.075899 0.153015 0.468184 0.129414
3 3 0.215192 0.106687 0.164945 0.349906 0.163270
3 3 0.227651 0.116491 0.177621 0.315350 0.162887
3 3 0.206149 0.099473 0.161845 0.375510 0.157023
3 3 0.195282 0.091345 0.156924 0.406283 0.150165
3 2 0.244939 0.130534 0.208936 0.265313 0.150278
0 1 0.276326 0.164697 0.245520 0.172047 0.141409
0 1 0.275913 0.165137 0.221619 0.179031 0.158300
0 1 0.274559 0.164910 0.202352 0.184532 0.173646
0 1 0.252813 0.177150 0.159779 0.186525 0.223733
4 2 0.180775 0.211093 0.174123 0.080486 0.353523
4 2 0.125501 0.255387 0.206071 0.039392 0.373649
4 2 0.134708 0.245486 0.195141 0.045490 0.379174
1 2 0.158762 0.285693 0.209761 0.082067 0.263716
4 2 0.120463 0.269809 0.262723 0.038373 0.308632
2 2 0.094235 0.167222 0.445911 0.043061 0.249571
4 2 0.075584 0.128862 0.305066 0.022248 0.468240
4 2 0.063674 0.159643 0.310457 0.015744 0.450481
4 2 0.063789 0.187968 0.178194 0.009209 0.560841
4 2 0.085329 0.199192 0.170011 0.015349 0.530119
4 2 0.142319 0.190532 0.165103 0.042483 0.459564
4 2 0.236433 0.183717 0.151560 0.161514 0.266776
4 2 0.217000 0.223674 0.172067 0.158270 0.228988
4 2 0.226959 0.207892 0.163341 0.167960 0.233848
0 2 0.255349 0.164569 0.137699 0.197338 0.245045
0 2 0.264794 0.160802 0.149543 0.198444 0.226417
0 2 0.273036 0.164412 0.189233 0.188182 0.185137
0 2 0.269921 0.163154 0.170635 0.193167 0.203123
0 2 0.268659 0.162598 0.164681 0.194704 0.209358
0 2 0.269757 0.163083 0.169823 0.193378 0.203958
0 2 0.272856 0.164346 0.187929 0.188539 0.186330
0 2 0.272990 0.164395 0.188892 0.188275 0.185448
0 1 0.274892 0.164997 0.205999 0.183503 0.170609
0 1 0.272360 0.164159 0.184534 0.189465 0.189482
0 1 0.265869 0.161312 0.153382 0.197521 0.221916
0 1 0.240981 0.186191 0.150815 0.182118 0.239895
4 1 0.174911 0.255812 0.195307 0.091812 0.282158
1 1 0.147506 0.293918 0.214888 0.070015 0.273673
1 1 0.158208 0.305601 0.216220 0.091998 0.227974
1 1 0.146170 0.319823 0.223634 0.079247 0.231126
1 1 0.184726 0.271464 0.197975 0.122387 0.223448
1 1 0.196108 0.257237 0.198057 0.132961 0.215637
1 2 0.206002 0.248578 0.215891 0.138792 0.190738
1 2 0.183823 0.271043 0.251580 0.125737 0.167817
1 2 0.147857 0.334837 0.247600 0.087968 0.181737
1 2 0.131264 0.322326 0.227683 0.059795 0.258932
4 2 0.128991 0.293565 0.218565 0.049704 0.309174
4 2 0.150482 0.204306 0.179359 0.048679 0.417174
4 2 0.149777 0.191925 0.286720 0.051880 0.319697
4 2 0.128937 0.191015 0.312458 0.042137 0.325452
2 2 0.106803 0.255620 0.357476 0.039214 0.240887
4 2 0.109549 0.292685 0.245067 0.031964 0.320736
2 2 0.106438 0.281378 0.302679 0.035042 0.274462
4 2 0.105830 0.237911 0.267394 0.033900 0.354965
4 2 0.119261 0.224677 0.262299 0.049633 0.344130
4 2 0.138230 0.189312 0.189083 0.051430 0.431944
4 2 0.174924 0.189715 0.188317 0.093039 0.354005
4 2 0.180654 0.176593 0.208356 0.136819 0.297578
4 2 0.200114 0.168873 0.190995 0.151806 0.288212
4 2 0.174059 0.191948 0.219579 0.116741 0.297673
4 2 0.204137 0.166297 0.180430 0.158629 0.290507
4 2 0.203752 0.143709 0.179057 0.175895 0.297588
4 3 0.208535 0.150017 0.163084 0.135045 0.343319
4 3 0.240602 0.154754 0.191110 0.172340 0.241195
0 3 0.274586 0.164918 0.202640 0.184451 0.173404
0 3 0.276161 0.165090 0.228275 0.177100 0.153374
0 2 0.275410 0.165102 0.212711 0.181592 0.165185
0 2 0.270232 0.163288 0.172208 0.192756 0.201516
0 0 0.261545 0.159219 0.139182 0.200834 0.239219
0 0 0.259621 0.158259 0.133745 0.202021 0.246354
0 0 0.259621 0.158259 0.133745 0.202021 0.246354
4 1 0.242407 0.164173 0.141336 0.153358 0.298725
4 1 0.220238 0.166214 0.145844 0.112622 0.355082
4 1 0.212548 0.166032 0.146571 0.101572 0.373278
4 1 0.234040 0.165469 0.143533 0.136067 0.320891
0 0 0.259621 0.158259 0.133745 0.202021 0.246354
0 0 0.259621 0.158259 0.133745 0.202021 0.246354
0 0 0.269807 0.163105 0.170068 0.193315 0.203706
2 1 0.203365 0.252466 0.262679 0.126748 0.154743
1 1 0.116064 0.330880 0.287933 0.041525 0.223599
2 1 0.096767 0.311512 0.353157 0.029711 0.208853
2 1 0.088160 0.270796 0.469329 0.033153 0.138562
2 2 0.120685 0.265256 0.342458 0.048474 0.223126
2 2 0.155528 0.232210 0.284980 0.074750 0.252532
4 2 0.160061 0.256075 0.199430 0.073463 0.310972
4 2 0.137567 0.282333 0.211747 0.055452 0.312901
1 2 0.142701 0.324187 0.260262 0.070877 0.201973
2 2 0.099849 0.107554 0.576392 0.163540 0.052666
2 2 0.129280 0.165920 0.475379 0.097770 0.131652
0 2 0.238955 0.154877 0.223125 0.154877 0.228166
4 2 0.219629 0.156512 0.154560 0.136432 0.332866
4 2 0.175441 0.179073 0.200071 0.114092 0.331323
4 2 0.148274 0.216613 0.223198 0.082502 0.329414
2 2 0.116662 0.291159 0.331829 0.064877 0.195474
2 2 0.104386 0.311759 0.322370 0.059013 0.202471
2 2 0.116921 0.288972 0.339467 0.078905 0.175735
2 2 0.166189 0.209095 0.270698 0.176779 0.177240
3 2 0.195170 0.156595 0.223945 0.233487 0.190803
3 2 0.214823 0.118013 0.163789 0.327295 0.176081
3 2 0.240171 0.127315 0.188642 0.280394 0.163478
0 2 0.269179 0.162830 0.167060 0.194094 0.206837
0 2 0.268797 0.162660 0.165302 0.194545 0.208696
0 2 0.271893 0.163976 0.181544 0.190273 0.192315
0 2 0.260248 0.155772 0.145933 0.209740 0.228307
0 2 0.255273 0.151769 0.136940 0.218140 0.237878
3 2 0.235873 0.128015 0.146685 0.283695 0.205732
4 2 0.186844 0.169833 0.206505 0.178994 0.257823
4 2 0.139341 0.239869 0.251703 0.093956 0.275131
2 2 0.137574 0.229086 0.272737 0.103220 0.257383
4 2 0.128705 0.228705 0.271139 0.071970 0.299480
2 2 0.122993 0.221259 0.317905 0.080415 0.257428
2 2 0.104130 0.277065 0.312876 0.052692 0.253237
2 2 0.106723 0.261206 0.302649 0.051459 0.277964
2 2 0.091850 0.256577 0.328840 0.042989 0.279744
4 2 0.121094 0.275772 0.222835 0.045528 0.334771
4 2 0.201838 0.180908 0.168954 0.087331 0.360969
0 2 0.268188 0.162386 0.162615 0.195229 0.211581
0 2 0.265296 0.161041 0.151306 0.198022 0.224334
0 0 0.274437 0.164876 0.201111 0.184882 0.174695
0 0 0.275722 0.165136 0.217804 0.180131 0.161206
0 0 0.263411 0.160134 0.144924 0.199529 0.232002
0 0 0.259621 0.158259 0.133745 0.202021 0.246354
4 1 0.255614 0.160186 0.136034 0.188377 0.259789
4 1 0.204325 0.165441 0.146974 0.090991 0.392269
4 2 0.072976 0.141646 0.132703 0.009826 0.642849
4 2 0.058470 0.153744 0.139813 0.006676 0.641297
4 2 0.084210 0.169870 0.151934 0.013852 0.580135
4 2 0.089581 0.150914 0.139758 0.014868 0.604878
4 4 0.059514 0.101704 0.103037 0.006103 0.729642
4 4 0.054419 0.097174 0.099213 0.005119 0.744076
4 4 0.042112 0.085025 0.088704 0.003111 0.781048
4 4 0.038080 0.080598 0.084786 0.002565 0.793972
4 4 0.039835 0.082555 0.086524 0.002796 0.788290
4 4 0.062907 0.104581 0.105440 0.006810 0.720262
4 4 0.081250 0.118497 0.116750 0.011379 0.672125
4 4 0.125896 0.143652 0.135554 0.028564 0.566334
4 4 0.182520 0.162156 0.146426 0.067726 0.441173
4 4 0.205066 0.165510 0.146952 0.091898 0.390574
4 1 0.228402 0.165958 0.144651 0.125840 0.335149
4 1 0.166732 0.170870 0.152493 0.056581 0.453324
4 1 0.119472 0.274226 0.209678 0.038722 0.357902
4 1 0.069704 0.218498 0.243940 0.014434 0.453424
4 1 0.068745 0.215680 0.266433 0.015409 0.433733
4 1 0.065320 0.212784 0.270292 0.014166 0.437438
4 1 0.073120 0.162391 0.187071 0.012550 0.564867
4 1 0.099009 0.149729 0.139261 0.018002 0.593998
4 1 0.117122 0.139519 0.132655 0.024416 0.586287
4 0 0.224545 0.167055 0.149389 0.116922 0.342089
0 0 0.273865 0.164700 0.195817 0.186362 0.179256
0 0 0.265244 0.161016 0.151120 0.198067 0.224553
0 0 0.259621 0.158259 0.133745 0.202021 0.246354
0 0 0.259621 0.158259 0.133745 0.202021 0.246354
0 0 0.259621 0.158259 0.133745 0.202021 0.246354
0 0 0.259621 0.158259 0.133745 0.202021 0.246354
4 0 0.237975 0.190792 0.153523 0.179028 0.238681
4 0 0.229910 0.203275 0.160728 0.170888 0.235200
4 0 0.220287 0.218430 0.169203 0.161437 0.230642
4 0 0.218938 0.214620 0.168576 0.151098 0.246768
1 0 0.208106 0.239136 0.183307 0.148814 0.220638
1 0 0.210127 0.239606 0.195815 0.146673 0.207779
1 0 0.179086 0.287450 0.271160 0.110413 0.151890
2 0 0.190764 0.267761 0.283998 0.115192 0.142285
0 0 0.275835 0.165139 0.219957 0.179511 0.159558
0 0 0.274541 0.164905 0.202171 0.184583 0.173799
0 0 0.265592 0.161182 0.152370 0.197766 0.223090
0 0 0.259621 0.158259 0.133745 0.202021 0.246354
0 0 0.259621 0.158259 0.133745 0.202021 0.246354
0 0 0.259621 0.158259 0.133745 0.202021 0.246354
0 0 0.259621 0.158259 0.133745 0.202021 0.246354
0 0 0.259621 0.158259 0.133745 0.202021 0.246354
0 0 0.259621 0.158259 0.133745 0.202021 0.246354
1 1 0.156240 0.301463 0.260077 0.077787 0.204433
2 1 0.096479 0.336528 0.405201 0.042672 0.119120
2 1 0.077529 0.291262 0.479882 0.032058 0.119269
2 1 0.080339 0.280908 0.442334 0.031311 0.165107
2 1 0.110756 0.265432 0.299189 0.048325 0.276298
1 2 0.135114 0.309395 0.280518 0.069549 0.205425
2 2 0.157523 0.251702 0.295684 0.126587 0.168505
2 2 0.161692 0.197871 0.309302 0.194337 0.136799
3 2 0.153576 0.088446 0.221517 0.412212 0.124249
3 2 0.140171 0.078660 0.239177 0.416941 0.125052
3 2 0.140034 0.066332 0.220276 0.438877 0.134482
3 2 0.175498 0.088466 0.191364 0.357018 0.187654
3 2 0.192014 0.091585 0.160156 0.395458 0.160786
3 2 0.197460 0.093270 0.153802 0.399746 0.155721
3 3 0.195028 0.091391 0.153881 0.406783 0.152917
3 3 0.182346 0.149774 0.213133 0.294349 0.160399
3 3 0.171564 0.125481 0.224196 0.321055 0.157703
3 3 0.148460 0.082816 0.304441 0.369520 0.094762
3 3 0.157629 0.065964 0.223161 0.448641 0.104604
3 3 0.152649 0.063098 0.186119 0.487329 0.110804
3 3 0.178279 0.079180 0.153440 0.454650 0.134451
3 3 0.153131 0.062844 0.149807 0.525166 0.109052
3 3 0.137568 0.053721 0.145864 0.568345 0.094502
3 3 0.113810 0.041037 0.137326 0.634042 0.073786
3 3 0.132578 0.050938 0.144327 0.582151 0.090006
3 3 0.119884 0.044146 0.139807 0.617244 0.078919
3 3 0.134812 0.052176 0.145032 0.575972 0.092009
3 3 0.139342 0.054727 0.146378 0.563434 0.096119
3 3 0.148875 0.060280 0.148856 0.536999 0.104990
3 3 0.124362 0.046495 0.141502 0.604867 0.082774
3 3 0.128730 0.048836 0.143050 0.592792 0.086593
3 3 0.121674 0.045079 0.140498 0.612297 0.080453
3 3 0.123593 0.046088 0.141219 0.606993 0.082107
3 3 0.097962 0.033336 0.129828 0.677973 0.060901
3 3 0.184193 0.088536 0.168209 0.393574 0.165488
3 3 0.118998 0.043821 0.158161 0.599304 0.079716
3 3 0.177228 0.078453 0.153358 0.457624 0.133337
3 3 0.237382 0.129915 0.146298 0.277503 0.208901
3 3 0.116222 0.042261 0.138336 0.627369 0.075812
3 3 0.096712 0.032754 0.129170 0.681450 0.059915
3 3 0.091563 0.030391 0.126353 0.695790 0.055902
3 3 0.068330 0.020480 0.111252 0.761196 0.038741
3 3 0.070407 0.021316 0.112778 0.755288 0.040211
3 3 0.079954 0.025286 0.119328 0.728300 0.047132
3 3 0.097432 0.033089 0.129550 0.679447 0.060482
3 3 0.100769 0.034658 0.131268 0.670176 0.063130
3 3 0.103556 0.035988 0.132649 0.662440 0.065366
3 3 0.093736 0.031381 0.127563 0.689734 0.057586
3 3 0.076961 0.024019 0.117353 0.736734 0.044933
3 3 0.071039 0.021572 0.113235 0.753492 0.040661
3 3 0.069535 0.020964 0.112142 0.757766 0.039593
3 3 0.077614 0.024294 0.117790 0.734891 0.045411
3 3 0.079286 0.025001 0.118893 0.730181 0.046639
3 3 0.088575 0.029048 0.124636 0.704133 0.053608
3 3 0.096078 0.032459 0.128832 0.683214 0.059416
3 3 0.095974 0.032412 0.128777 0.683501 0.059335
3 3 0.082407 0.026339 0.120894 0.721408 0.048953
3 3 0.076492 0.023822 0.117038 0.738055 0.044592
3 3 0.062743 0.018281 0.106950 0.777175 0.034851
3 3 0.073399 0.022538 0.114911 0.746800 0.042352
3 3 0.080315 0.025440 0.119561 0.727285 0.047399
3 3 0.096962 0.032870 0.129302 0.680754 0.060112
3 3 0.106566 0.037444 0.134087 0.654096 0.067806
3 3 0.088364 0.028954 0.124513 0.704722 0.053447
3 3 0.085659 0.027757 0.122901 0.712289 0.051394
3 3 0.080046 0.025325 0.119387 0.728043 0.047200
3 3 0.075520 0.023416 0.116378 0.740802 0.043884
3 3 0.084531 0.027262 0.122214 0.715449 0.050544
3 3 0.088385 0.028963 0.124525 0.704665 0.053462
3 3 0.095180 0.032045 0.128350 0.685712 0.058713
3 3 0.095386 0.032139 0.128461 0.685140 0.058874
3 3 0.101229 0.034876 0.131499 0.668898 0.063498
3 3 0.101700 0.035100 0.131735 0.667590 0.063875
3 3 0.097759 0.033241 0.129722 0.678538 0.060740
3 3 0.087441 0.028544 0.123969 0.707302 0.052744
3 3 0.090936 0.030108 0.125998 0.697539 0.055418
3 3 0.105811 0.037077 0.133732 0.656188 0.067192
3 3 0.099069 0.033855 0.130402 0.674897 0.061777
3 3 0.092855 0.030979 0.127077 0.692187 0.056902
3 3 0.076863 0.023978 0.117288 0.737010 0.044862
3 3 0.077696 0.024328 0.117845 0.734660 0.045471
3 3 0.083518 0.026821 0.121588 0.718290 0.049783
3 3 0.096240 0.032535 0.128919 0.682763 0.059544
3 3 0.087003 0.028350 0.123709 0.708527 0.052411
3 3 0.080962 0.025717 0.119977 0.725466 0.047878
3 3 0.082576 0.026412 0.121000 0.720934 0.049079
3 3 0.090691 0.029997 0.125859 0.698223 0.055230
3 3 0.086776 0.028249 0.123573 0.709163 0.052239
3 3 0.084300 0.027161 0.122071 0.716098 0.050370
3 3 0.072333 0.022100 0.114160 0.749821 0.041586
3 3 0.065881 0.019507 0.109402 0.768187 0.037024
3 3 0.064715 0.019048 0.108502 0.771523 0.036213
3 3 0.071560 0.021784 0.113609 0.752013 0.041033
3 3 0.069166 0.020815 0.111871 0.758817 0.039331
3 3 0.064530 0.018976 0.108358 0.772052 0.036085
3 3 0.069564 0.020975 0.112163 0.757685 0.039613
3 3 0.065999 0.019554 0.109493 0.767848 0.037106
3 3 0.071801 0.021882 0.113781 0.751330 0.041205
3 3 0.074829 0.023129 0.115904 0.742754 0.043384
3 3 0.090230 0.029789 0.125595 0.699511 0.054875
3 3 0.139643 0.054898 0.146464 0.562600 0.096394
3 3 0.224787 0.116787 0.150041 0.318434 0.189951
0 3 0.265780 0.156018 0.182395 0.207862 0.187944
0 0 0.276207 0.165068 0.229993 0.176600 0.152132
0 0 0.276346 0.164855 0.240313 0.173580 0.144907
0 0 0.276311 0.164971 0.235472 0.175000 0.148246
0 0 0.273355 0.164527 0.191644 0.187518 0.182956
0 2 0.260395 0.158859 0.136579 0.200698 0.243470
4 2 0.149155 0.152930 0.141621 0.041758 0.514535
4 2 0.169635 0.159166 0.145114 0.056538 0.469547
4 2 0.121081 0.170492 0.153122 0.028459 0.526846
4 2 0.109483 0.218011 0.181318 0.026629 0.464559
4 2 0.076655 0.227523 0.185824 0.013460 0.496538
4 2 0.077791 0.185322 0.190946 0.014202 0.531740
4 2 0.073564 0.179320 0.157344 0.010952 0.578820
4 4 0.076774 0.159789 0.145059 0.011312 0.607067
4 4 0.081719 0.162570 0.147121 0.012834 0.595755
4 4 0.071049 0.139813 0.131331 0.009301 0.648507
4 4 0.068135 0.145947 0.135332 0.008724 0.641862
4 4 0.060409 0.111036 0.110104 0.006414 0.712038
4 4 0.065752 0.119041 0.116328 0.007653 0.691226
4 4 0.065788 0.132806 0.126137 0.007916 0.667352
4 4 0.070621 0.117612 0.115578 0.008717 0.687473
4 4 0.076669 0.115257 0.114165 0.010116 0.683793
4 4 0.067709 0.108479 0.108661 0.007883 0.707268
4 4 0.084977 0.121028 0.118747 0.012468 0.662779
4 4 0.076713 0.115288 0.114190 0.010128 0.683682
4 4 0.096720 0.128442 0.124480 0.016284 0.634074
4 4 0.080279 0.117822 0.116214 0.011104 0.674582
4 4 0.068761 0.109306 0.109339 0.008129 0.704465
4 4 0.046045 0.089115 0.092282 0.003697 0.768861
4 4 0.062620 0.104341 0.105241 0.006749 0.721049
4 4 0.078668 0.116688 0.115311 0.010657 0.678676
4 4 0.175648 0.160653 0.145813 0.061557 0.456329
4 4 0.139605 0.149407 0.139405 0.035926 0.535657
4 4 0.122020 0.172426 0.154342 0.029074 0.522138
4 4 0.055529 0.108559 0.107907 0.005457 0.722548
4 4 0.054582 0.131820 0.124581 0.005580 0.683437
4 4 0.078359 0.137122 0.129872 0.011119 0.643528
4 4 0.154588 0.200969 0.170636 0.052903 0.420904
4 2 0.235813 0.165255 0.143125 0.139500 0.316306
0 1 0.259621 0.158259 0.133745 0.202021 0.246354
4 1 0.145001 0.280112 0.209923 0.062537 0.302427
1 2 0.103909 0.338628 0.237048 0.036827 0.283588
4 2 0.064601 0.292600 0.218188 0.011662 0.412949
4 2 0.096143 0.277299 0.211850 0.024610 0.390098
4 2 0.183722 0.236982 0.185916 0.095578 0.297803
0 0 0.259621 0.158259 0.133745 0.202021 0.246354
0 0 0.268217 0.162399 0.162740 0.195198 0.211446
0 0 0.275051 0.165034 0.207897 0.182964 0.169054
0 0 0.270095 0.163230 0.171513 0.192938 0.202224
0 0 0.259621 0.158259 0.133745 0.202021 0.246354
0 0 0.259621 0.158259 0.133745 0.202021 0.246354
0 0 0.259621 0.158259 0.133745 0.202021 0.246354
0 0 0.259621 0.158259 0.133745 0.202021 0.246354
0 0 0.268363 0.162465 0.163374 0.195037 0.210761
1 0 0.175206 0.275668 0.240689 0.133200 0.175237
1 0 0.152911 0.293100 0.213574 0.076929 0.263486
4 0 0.207670 0.228792 0.177127 0.136630 0.249781
1 0 0.200381 0.254828 0.204231 0.138001 0.202559
1 0 0.162840 0.316102 0.246754 0.104367 0.169937
1 0 0.139066 0.355639 0.269937 0.085421 0.149937
1 1 0.120006 0.377124 0.320682 0.067661 0.114527
1 1 0.112772 0.384601 0.336263 0.061883 0.104481
1 2 0.107481 0.384948 0.357128 0.057048 0.093395
1 2 0.133171 0.350771 0.325690 0.075023 0.115345
1 2 0.133912 0.344693 0.337948 0.074146 0.109301
1 2 0.139301 0.349580 0.294968 0.082315 0.133836
1 2 0.143741 0.346886 0.270922 0.088280 0.150170
1 2 0.135323 0.363094 0.267430 0.083345 0.150807
1 2 0.131242 0.370124 0.271461 0.080186 0.146987
1 2 0.130266 0.364011 0.302568 0.075835 0.127320
1 2 0.124433 0.356035 0.351250 0.067322 0.100959
2 2 0.143229 0.318220 0.362514 0.076850 0.099188
2 2 0.155648 0.278326 0.384983 0.089556 0.091487
2 2 0.175537 0.263704 0.336001 0.110758 0.114000
2 2 0.155389 0.302687 0.351944 0.084843 0.105137
2 2 0.139222 0.323275 0.366259 0.074223 0.097022
2 2 0.133376 0.319249 0.394516 0.068270 0.084589
2 2 0.158484 0.281398 0.369374 0.092502 0.098241
2 2 0.181422 0.226207 0.366737 0.127701 0.097933
2 2 0.186453 0.170468 0.344836 0.196896 0.101347
2 2 0.179004 0.161900 0.342615 0.214839 0.101642
2 2 0.193113 0.166887 0.297904 0.224133 0.117964
2 2 0.180474 0.220690 0.328276 0.155240 0.115319
2 2 0.170202 0.248266 0.378177 0.108921 0.094435
2 2 0.180946 0.236252 0.368622 0.116659 0.097520
2 2 0.201750 0.185719 0.347884 0.163223 0.101424
2 2 0.243352 0.136303 0.298294 0.218355 0.103696
0 3 0.276341 0.164764 0.243439 0.172661 0.142796
0 2 0.273249 0.164489 0.190823 0.187744 0.183694
0 0 0.269002 0.162751 0.166239 0.194305 0.207703
0 0 0.266504 0.161611 0.155771 0.196937 0.219177
1 0 0.196102 0.257832 0.189891 0.138801 0.217375
4 0 0.151422 0.276741 0.207659 0.068777 0.295401
4 0 0.123984 0.249753 0.197786 0.038423 0.390054
4 1 0.104694 0.299956 0.221823 0.031954 0.341573
1 1 0.092100 0.336530 0.237156 0.027952 0.306262
1 1 0.099903 0.336705 0.240592 0.034745 0.288055
1 1 0.114250 0.312380 0.240504 0.043021 0.289845
2 1 0.104282 0.290040 0.294507 0.042100 0.269072
1 1 0.111365 0.310768 0.241787 0.042537 0.293543
1 1 0.114963 0.316536 0.227817 0.042126 0.298558
4 1 0.134343 0.255167 0.199865 0.046893 0.363732
4 1 0.156228 0.226119 0.183986 0.059568 0.374099
4 1 0.152590 0.207960 0.174611 0.052654 0.412185
4 2 0.134373 0.209280 0.176073 0.039873 0.440401
4 2 0.125221 0.258200 0.201855 0.040488 0.374236
4 2 0.128566 0.256257 0.200741 0.042631 0.371806
1 2 0.125780 0.303505 0.221630 0.049114 0.299971
1 2 0.125084 0.304269 0.222007 0.048635 0.300006
1 2 0.139851 0.310392 0.239340 0.063292 0.247124
4 2 0.147464 0.274435 0.207535 0.063756 0.306810
4 2 0.169610 0.233596 0.205104 0.096793 0.294897
4 2 0.169953 0.199828 0.203407 0.101040 0.325772
4 2 0.190887 0.182392 0.175783 0.105154 0.345784
4 2 0.204208 0.164600 0.147960 0.092490 0.390742
4 2 0.231653 0.169104 0.145807 0.134351 0.319085
4 2 0.234528 0.194267 0.171149 0.161538 0.238518
4 2 0.217384 0.191508 0.159367 0.124373 0.307368
4 2 0.203879 0.182333 0.159267 0.101706 0.352815
4 2 0.243709 0.163637 0.144945 0.156704 0.291004
0 2 0.269961 0.163172 0.170835 0.193115 0.202918
0 0 0.274736 0.164958 0.204236 0.184001 0.172069
0 0 0.276341 0.164889 0.239005 0.173964 0.145801
2 0 0.253617 0.189073 0.254911 0.157377 0.145023
2 0 0.225728 0.215092 0.237494 0.155514 0.166172
4 1 0.196359 0.220479 0.185038 0.119096 0.279028
4 1 0.180948 0.229580 0.183057 0.088040 0.318375
1 1 0.185660 0.265726 0.240264 0.103668 0.204682
1 1 0.197607 0.261783 0.236080 0.128778 0.175751
0 1 0.235477 0.208434 0.202763 0.161046 0.192280
0 1 0.275562 0.165123 0.215062 0.180919 0.163334
0 0 0.268171 0.162378 0.162541 0.195248 0.211662
0 0 0.259621 0.158259 0.133745 0.202021 0.246354
0 0 0.259621 0.158259 0.133745 0.202021 0.246354
0 0 0.259621 0.158259 0.133745 0.202021 0.246354
0 0 0.261762 0.167102 0.157758 0.193104 0.220274
1 0 0.162532 0.287468 0.267933 0.125767 0.156300
2 0 0.088111 0.227171 0.458988 0.069184 0.156545
2 2 0.058474 0.236861 0.410840 0.021678 0.272147
2 2 0.054147 0.244949 0.413698 0.018631 0.268574
4 2 0.054320 0.263899 0.330665 0.013254 0.337862
4 2 0.055428 0.259388 0.317041 0.012931 0.355213
4 2 0.055902 0.216558 0.287476 0.011278 0.428786
4 2 0.053946 0.190837 0.242703 0.008821 0.503693
4 2 0.052828 0.194199 0.214219 0.007561 0.531193
4 2 0.073048 0.195773 0.167357 0.011269 0.552552
4 2 0.119254 0.155273 0.143292 0.026435 0.555747
4 2 0.208265 0.165773 0.146826 0.095915 0.383221
0 2 0.259621 0.158259 0.133745 0.202021 0.246354
4 2 0.191774 0.198251 0.166333 0.088866 0.354776
4 4 0.167335 0.180856 0.158456 0.059089 0.434263
4 4 0.073288 0.112771 0.112161 0.009237 0.692543
4 4 0.078085 0.116273 0.114979 0.010497 0.680166
4 4 0.074013 0.113310 0.112597 0.009422 0.690658
4 4 0.066317 0.107369 0.107748 0.007563 0.711003
4 4 0.074922 0.113982 0.113139 0.009656 0.688301
4 4 0.077170 0.115618 0.114455 0.010250 0.682508
4 4 0.085166 0.121154 0.118846 0.012525 0.662309
4 4 0.115851 0.138890 0.132206 0.023850 0.589203
4 4 0.087318 0.122573 0.119957 0.013182 0.656970
4 4 0.051707 0.094654 0.097062 0.004632 0.751945
4 4 0.058004 0.100388 0.101932 0.005802 0.733873
4 4 0.098374 0.129422 0.125223 0.016871 0.630110
4 4 0.184766 0.162600 0.146582 0.069851 0.436201
4 4 0.222871 0.166185 0.145510 0.116702 0.348732
4 4 0.170034 0.159270 0.145165 0.056861 0.468670
4 4 0.095763 0.127868 0.124043 0.015951 0.636375
4 4 0.088895 0.123594 0.120752 0.013676 0.653083
4 1 0.202278 0.165235 0.147019 0.088530 0.396939
0 1 0.259621 0.158259 0.133745 0.202021 0.246354
0 0 0.261190 0.159043 0.138145 0.201064 0.240557
0 0 0.259621 0.158259 0.133745 0.202021 0.246354
0 0 0.259621 0.158259 0.133745 0.202021 0.246354
1 1 0.181480 0.283245 0.205332 0.125018 0.204926
4 1 0.224946 0.166127 0.145214 0.120036 0.343678
4 1 0.209338 0.165848 0.146772 0.097302 0.380741
4 1 0.163253 0.157416 0.144208 0.051569 0.483554
4 1 0.147626 0.257151 0.199700 0.059012 0.336512
4 1 0.075827 0.283283 0.214399 0.015521 0.410971
4 2 0.084769 0.317191 0.247663 0.023886 0.326491
1 2 0.087687 0.347211 0.241333 0.026269 0.297500
1 2 0.084674 0.364688 0.247601 0.026228 0.276810
1 2 0.085093 0.355000 0.244250 0.025438 0.290219
1 2 0.073386 0.380365 0.253314 0.020675 0.272259
1 2 0.074202 0.414625 0.263077 0.024837 0.223258
1 2 0.088255 0.430979 0.273888 0.040816 0.166062
1 2 0.098086 0.418861 0.310379 0.057660 0.115014
1 2 0.096140 0.426809 0.316964 0.053499 0.106589
1 2 0.102925 0.418600 0.301701 0.058964 0.117810
1 2 0.121987 0.390802 0.258180 0.075811 0.153219
1 2 0.175453 0.281560 0.204028 0.109539 0.229419
0 2 0.252645 0.168592 0.140189 0.194413 0.244162
0 0 0.259621 0.158259 0.133745 0.202021 0.246354
0 0 0.269172 0.162827 0.167026 0.194102 0.206872
0 0 0.266662 0.161685 0.156382 0.196787 0.218484
0 0 0.267414 0.162033 0.159368 0.196046 0.215140
0 0 0.259852 0.158375 0.134377 0.201886 0.245509
0 0 0.259621 0.158259 0.133745 0.202021 0.246354
4 0 0.224261 0.211461 0.165530 0.164113 0.234634
1 0 0.121935 0.317559 0.227418 0.048616 0.284472
1 1 0.089236 0.357069 0.244717 0.028444 0.280533
1 1 0.077268 0.411317 0.261913 0.026717 0.222786
1 1 0.079941 0.406876 0.262259 0.028521 0.222402
1 2 0.090990 0.383478 0.252813 0.033592 0.239128
1 2 0.090731 0.379436 0.251686 0.032714 0.245433
1 2 0.102668 0.357864 0.250466 0.042193 0.246808
1 2 0.124558 0.326630 0.231683 0.054413 0.262716
4 2 0.234845 0.185434 0.159409 0.151499 0.268813
0 2 0.272002 0.164019 0.182226 0.190090 0.191664
0 0 0.269717 0.163066 0.169628 0.193429 0.204160
0 0 0.259621 0.158259 0.133745 0.202021 0.246354
0 0 0.259621 0.158259 0.133745 0.202021 0.246354
0 0 0.268552 0.162550 0.164206 0.194825 0.209867
0 0 0.270805 0.163531 0.175239 0.191957 0.198468
0 0 0.259621 0.158259 0.133745 0.202021 0.246354
0 0 0.259621 0.158259 0.133745 0.202021 0.246354
4 0 0.235580 0.194479 0.155673 0.176588 0.237680
0 0 0.259621 0.158259 0.133745 0.202021 0.246354
0 0 0.259621 0.158259 0.133745 0.202021 0.246354
0 0 0.263113 0.159989 0.143972 0.199749 0.233177
0 0 0.265747 0.161255 0.152937 0.197629 0.222432
0 0 0.259621 0.158259 0.133745 0.202021 0.246354
0 0 0.259621 0.158259 0.133745 0.202021 0.246354
0 0 0.258659 0.158764 0.134335 0.198562 0.249681
4 0 0.241780 0.164297 0.141527 0.151959 0.300437
4 0 0.164327 0.168117 0.150896 0.054231 0.462430
4 1 0.113176 0.206749 0.174949 0.027556 0.477569
4 1 0.074966 0.114015 0.113166 0.009668 0.688187
4 4 0.066775 0.107735 0.108049 0.007667 0.709773
4 4 0.053730 0.096542 0.098674 0.004993 0.746061
4 4 0.053702 0.096515 0.098652 0.004988 0.746144
4 4 0.056685 0.098603 0.102477 0.005695 0.736539
4 4 0.069367 0.109779 0.109727 0.008273 0.702853
4 4 0.100950 0.130918 0.126351 0.017808 0.623972
4 4 0.077684 0.115987 0.114750 0.010389 0.681189
4 4 0.061705 0.103573 0.104601 0.006555 0.723565
4 4 0.037896 0.080388 0.084599 0.002541 0.794576
4 4 0.040604 0.083398 0.087270 0.002901 0.785828
4 4 0.060121 0.102226 0.103475 0.006227 0.727952
4 4 0.070489 0.110647 0.110436 0.008543 0.699885
4 4 0.074108 0.113381 0.112654 0.009446 0.690411
4 4 0.037714 0.080182 0.084415 0.002517 0.795172
4 4 0.025690 0.065095 0.070680 0.001215 0.837320
4 4 0.035756 0.077924 0.082396 0.002273 0.801651
4 4 0.029433 0.070132 0.075330 0.001570 0.823534
4 4 0.083962 0.120347 0.118212 0.012166 0.665313
4 4 0.093054 0.126215 0.122778 0.015029 0.642924
4 4 0.119071 0.140468 0.133329 0.025302 0.581830
4 4 0.045014 0.088064 0.091367 0.003539 0.772016
4 4 0.022459 0.060435 0.066318 0.000943 0.849844
4 4 0.017761 0.053014 0.059246 0.000608 0.869370
4 4 0.017080 0.051864 0.058135 0.000566 0.872356
4 4 0.017181 0.052036 0.058302 0.000572 0.871909
4 4 0.016705 0.051220 0.057512 0.000543 0.874020
4 4 0.020553 0.057526 0.063565 0.000799 0.857558
4 4 0.021242 0.058593 0.064577 0.000850 0.854738
4 4 0.033136 0.074794 0.079576 0.001966 0.810528
4 4 0.039828 0.082548 0.086517 0.002795 0.788312
4 4 0.051392 0.094355 0.096806 0.004577 0.752870
4 4 0.034721 0.076702 0.081298 0.002149 0.805129
4 4 0.039304 0.081969 0.086004 0.002725 0.789997
4 4 0.040841 0.083656 0.087498 0.002933 0.785072
4 0 0.051014 0.093996 0.096498 0.004512 0.753980
4 0 0.103655 0.132450 0.127498 0.018825 0.617571
4 4 0.095376 0.127635 0.123865 0.015818 0.637307
4 4 0.118038 0.139967 0.132974 0.024830 0.584190
4 4 0.065123 0.106403 0.106951 0.007295 0.714229
4 4 0.055909 0.098526 0.100360 0.005397 0.739808
4 4 0.021710 0.059307 0.065253 0.000885 0.852845
4 4 0.019046 0.055131 0.061280 0.000693 0.863850
4 4 0.015851 0.049728 0.056062 0.000492 0.877866
4 4 0.015468 0.049045 0.055396 0.000471 0.879620
4 4 0.013542 0.045489 0.051903 0.000368 0.888698
4 4 0.016492 0.050851 0.057154 0.000530 0.874973
4 4 0.034905 0.076922 0.081496 0.002171 0.804505
4 4 0.072904 0.112483 0.111928 0.009140 0.693545
4 4 0.111924 0.136898 0.130770 0.022151 0.598257
4 4 0.112721 0.137309 0.131067 0.022490 0.596413
4 4 0.085396 0.121307 0.118966 0.012594 0.661736
4 4 0.045071 0.088122 0.091417 0.003547 0.771842
4 4 0.036300 0.078558 0.082965 0.002340 0.799837
4 4 0.029170 0.069789 0.075016 0.001544 0.824482
4 4 0.020195 0.056966 0.063032 0.000773 0.859034
4 4 0.017041 0.051797 0.058071 0.000563 0.872527
4 4 0.019427 0.055745 0.061867 0.000719 0.862242
4 4 0.021320 0.058712 0.064690 0.000856 0.854422
4 4 0.030810 0.071900 0.076947 0.001712 0.818630
4 4 0.065870 0.107009 0.107451 0.007462 0.712207
4 4 0.098051 0.129232 0.125080 0.016755 0.630882
4 4 0.119368 0.140611 0.133431 0.025439 0.581151
4 1 0.149412 0.153020 0.141675 0.041924 0.513969
4 1 0.153183 0.154299 0.142442 0.044408 0.505668
4 1 0.163432 0.172327 0.153512 0.054338 0.456391
1 1 0.051159 0.361470 0.246047 0.009287 0.332037
4 1 0.083613 0.310868 0.266219 0.025237 0.314063
4 1 0.087558 0.246171 0.244228 0.023033 0.399011
4 1 0.076365 0.266028 0.206033 0.014927 0.436647
4 1 0.081820 0.254482 0.200407 0.016525 0.446765
4 1 0.087353 0.279166 0.212722 0.020344 0.400415
4 1 0.090131 0.281418 0.213803 0.021845 0.392802
4 1 0.092017 0.270288 0.240175 0.025612 0.371909
4 1 0.092241 0.269092 0.207920 0.021998 0.408750
4 1 0.090122 0.269757 0.208228 0.021026 0.410866
4 1 0.075019 0.274389 0.210093 0.014783 0.425716
4 1 0.066839 0.286037 0.222411 0.012624 0.412089
4 1 0.060525 0.267902 0.296138 0.014166 0.361268
4 1 0.064531 0.268791 0.321167 0.017991 0.327519
2 1 0.080771 0.253623 0.328795 0.029048 0.307763
2 1 0.087017 0.280395 0.325381 0.035406 0.271802
2 1 0.080923 0.284054 0.348987 0.034487 0.251549
2 1 0.065165 0.282453 0.365289 0.023265 0.263828
4 1 0.084085 0.305422 0.243177 0.022538 0.344777
4 1 0.120764 0.254660 0.200340 0.036914 0.387322
4 1 0.221465 0.166206 0.145694 0.114502 0.352133
0 0 0.259621 0.158259 0.133745 0.202021 0.246354
0 0 0.259621 0.158259 0.133745 0.202021 0.246354
0 0 0.261215 0.159055 0.138218 0.201048 0.240463
0 0 0.259621 0.158259 0.133745 0.202021 0.246354
4 0 0.193757 0.234031 0.182735 0.110700 0.278776
1 0 0.137720 0.328697 0.228326 0.070516 0.234742
1 0 0.100711 0.393864 0.264883 0.044719 0.195823
1 0 0.172573 0.264973 0.213589 0.092324 0.256541
4 1 0.236092 0.175809 0.155013 0.143261 0.289825
4 0 0.251851 0.161635 0.137841 0.177109 0.271564
0 0 0.252074 0.169327 0.140676 0.193513 0.244409
1 0 0.150364 0.288871 0.212526 0.071793 0.276447
1 1 0.111194 0.323020 0.230641 0.040133 0.295013
4 2 0.101686 0.278691 0.212422 0.027796 0.379406
4 2 0.101733 0.228437 0.292649 0.042203 0.334978
2 2 0.101183 0.208368 0.335893 0.048055 0.306501
2 2 0.099343 0.216317 0.360035 0.046767 0.277538
2 2 0.090899 0.228150 0.450579 0.050197 0.180174
2 2 0.096649 0.273202 0.391581 0.046812 0.191755
2 2 0.090035 0.279795 0.400478 0.044518 0.185174
2 2 0.080918 0.322967 0.386567 0.036756 0.172793
1 2 0.087340 0.378692 0.282454 0.028543 0.222971
1 2 0.112034 0.345657 0.308872 0.041312 0.192126
1 2 0.161398 0.295148 0.241589 0.084390 0.217475
1 2 0.126443 0.360680 0.331778 0.070397 0.110702
1 2 0.116210 0.388032 0.311250 0.066282 0.118226
1 2 0.111605 0.376530 0.345270 0.063041 0.103553
2 2 0.120319 0.284362 0.423799 0.082324 0.089195
2 2 0.127317 0.214503 0.455013 0.119055 0.084111
2 2 0.148574 0.173794 0.431081 0.158956 0.087595
2 3 0.179711 0.218428 0.324966 0.154235 0.122660
2 3 0.183319 0.236651 0.304974 0.145805 0.129251
2 3 0.183765 0.228897 0.303931 0.154467 0.128939
2 3 0.172275 0.148184 0.358252 0.218255 0.103033
2 3 0.143133 0.102295 0.357627 0.309166 0.087778
3 3 0.143329 0.067071 0.270790 0.432309 0.086501
3 3 0.160058 0.080811 0.225927 0.425407 0.107796
3 3 0.187570 0.085803 0.153891 0.428214 0.144521
3 3 0.168736 0.072726 0.152467 0.481559 0.124513
3 3 0.171895 0.074826 0.152845 0.472675 0.127760
3 3 0.152509 0.062465 0.149674 0.526899 0.108454
3 3 0.149831 0.060851 0.149078 0.534342 0.105897
3 3 0.151465 0.061834 0.149446 0.529801 0.107454
3 3 0.158892 0.066401 0.150940 0.509115 0.114652
3 3 0.167314 0.071792 0.152278 0.485551 0.123065
3 3 0.171773 0.074744 0.152831 0.473018 0.127634
3 3 0.161047 0.067758 0.151319 0.503096 0.116779
3 3 0.142606 0.056599 0.147281 0.554392 0.099122
3 3 0.121144 0.044802 0.140295 0.613762 0.079997
3 3 0.096868 0.032833 0.131972 0.678111 0.060216
3 3 0.110259 0.039260 0.135777 0.643868 0.070836
3 3 0.118173 0.043261 0.139129 0.621974 0.077462
3 3 0.143603 0.057177 0.147545 0.551629 0.100046
3 3 0.134759 0.052146 0.145015 0.576118 0.091961
3 3 0.145885 0.058511 0.148131 0.545299 0.102175
3 3 0.156167 0.065501 0.154237 0.507883 0.116212
3 3 0.163824 0.069619 0.152153 0.494401 0.120003
3 3 0.160352 0.067319 0.151200 0.505038 0.116091
3 3 0.136249 0.052979 0.145471 0.571997 0.093305
3 3 0.145264 0.058146 0.147974 0.547023 0.101593
3 3 0.128718 0.048829 0.143046 0.592826 0.086582
3 3 0.139338 0.054724 0.146377 0.563446 0.096115
3 3 0.123666 0.046127 0.141246 0.606791 0.082171
3 3 0.127222 0.048022 0.142528 0.596960 0.085268
3 3 0.122361 0.045439 0.140758 0.610398 0.081044
3 3 0.145424 0.058240 0.148015 0.546579 0.101743
3 3 0.126218 0.047484 0.142173 0.599736 0.084389
3 3 0.108881 0.038579 0.135156 0.647685 0.069700
3 3 0.101139 0.034833 0.131454 0.669149 0.063425
3 3 0.105356 0.036856 0.133516 0.657451 0.066822
3 3 0.097862 0.033290 0.129776 0.678250 0.060822
3 3 0.088912 0.030246 0.138142 0.681660 0.061041
3 3 0.092094 0.031762 0.140337 0.671832 0.063975
3 3 0.089610 0.030014 0.131528 0.691072 0.057776
3 3 0.086507 0.028298 0.125607 0.706424 0.053163
3 3 0.081647 0.026011 0.120413 0.723541 0.048387
