0 0 0.854427 0.040146 0.042646 0.026953 0.035828
0 0 0.885433 0.037382 0.016365 0.007136 0.053684
0 0 0.944165 0.018392 0.010978 0.005109 0.021356
0 0 0.924006 0.024615 0.013377 0.006043 0.031958
0 0 0.927929 0.024476 0.011778 0.005265 0.030553
0 0 0.955638 0.016600 0.008306 0.004013 0.015443
0 0 0.955002 0.015551 0.012288 0.007563 0.009596
0 0 0.930341 0.022095 0.021008 0.014717 0.011838
0 0 0.880852 0.042859 0.029348 0.019272 0.027668
0 0 0.774000 0.071187 0.062155 0.045151 0.047506
0 0 0.710411 0.098172 0.059984 0.036713 0.094719
0 0 0.720194 0.095095 0.065868 0.044623 0.074220
0 0 0.820674 0.070350 0.042159 0.031366 0.035451
0 0 0.891401 0.052681 0.022002 0.017673 0.016242
0 0 0.835246 0.091413 0.021712 0.014987 0.036640
0 0 0.827080 0.104265 0.022088 0.009914 0.036654
0 0 0.763420 0.135819 0.020940 0.012859 0.066963
0 0 0.640069 0.199102 0.023066 0.012910 0.124853
0 1 0.345034 0.297850 0.041736 0.022683 0.292696
4 1 0.193217 0.231402 0.046221 0.020526 0.508634
4 1 0.123171 0.150490 0.078881 0.033701 0.613757
4 4 0.111145 0.146934 0.157619 0.071517 0.512785
4 4 0.109117 0.150502 0.213027 0.072264 0.455091
4 4 0.103888 0.135111 0.144522 0.072100 0.544379
4 4 0.107293 0.140309 0.147918 0.075507 0.528973
4 4 0.102421 0.128569 0.110339 0.049315 0.609358
4 4 0.097589 0.119337 0.089992 0.036930 0.656151
4 4 0.084525 0.098042 0.058073 0.020015 0.739346
4 4 0.092679 0.108493 0.061055 0.021935 0.715838
4 4 0.086158 0.095754 0.037160 0.011428 0.769501
4 4 0.102852 0.116979 0.043475 0.014690 0.722003
4 4 0.096335 0.105296 0.029631 0.008882 0.759856
4 4 0.102048 0.112924 0.032827 0.010278 0.741922
4 4 0.082160 0.086307 0.020732 0.005435 0.805366
4 4 0.066435 0.068225 0.017566 0.004186 0.843589
4 4 0.052814 0.053371 0.015894 0.003498 0.874423
4 4 0.054440 0.054907 0.015406 0.003390 0.871857
4 4 0.055159 0.054681 0.012660 0.002667 0.874832
4 4 0.070858 0.071592 0.014328 0.003305 0.839917
4 4 0.082500 0.084514 0.015715 0.003857 0.813414
4 4 0.100318 0.109918 0.029824 0.009064 0.750877
4 4 0.102324 0.121111 0.064832 0.024448 0.687284
4 4 0.111547 0.158963 0.257067 0.070087 0.402336
4 4 0.111431 0.164250 0.309414 0.061843 0.353062
2 4 0.107678 0.167618 0.400397 0.051028 0.273279
4 4 0.109627 0.163643 0.333406 0.052584 0.340741
4 4 0.110130 0.163638 0.325078 0.054850 0.346305
4 4 0.112067 0.163666 0.293456 0.066643 0.364167
2 4 0.111263 0.168704 0.351941 0.062745 0.305347
2 4 0.109299 0.171379 0.403580 0.062796 0.252947
2 4 0.099898 0.166597 0.505748 0.051334 0.176421
2 4 0.088349 0.156079 0.592714 0.043614 0.119243
2 4 0.068502 0.132154 0.706109 0.031900 0.061334
2 4 0.055515 0.113670 0.769139 0.024161 0.037516
2 4 0.052029 0.108533 0.783756 0.023235 0.032447
2 2 0.045458 0.099463 0.799182 0.030493 0.025405
2 2 0.044704 0.099247 0.784523 0.044977 0.026549
2 2 0.048249 0.100969 0.759785 0.062169 0.028828
2 2 0.054750 0.099711 0.763356 0.054696 0.027488
2 2 0.054694 0.097553 0.722230 0.096537 0.028985
2 2 0.065871 0.094305 0.639511 0.168990 0.031323
2 2 0.063426 0.080831 0.427391 0.392096 0.036256
3 2 0.059627 0.064073 0.302859 0.540557 0.032884
3 3 0.104214 0.071496 0.336850 0.452592 0.034848
3 3 0.150920 0.077421 0.291155 0.435299 0.045205
2 3 0.249821 0.136454 0.278565 0.230587 0.104573
2 3 0.203645 0.161056 0.337338 0.159485 0.138477
2 3 0.183068 0.171077 0.376774 0.136267 0.132815
3 3 0.082854 0.088660 0.290025 0.476445 0.062016
3 3 0.064447 0.061117 0.222143 0.612026 0.040267
3 3 0.059193 0.046697 0.201171 0.666335 0.026604
3 3 0.048530 0.042477 0.188280 0.696716 0.023997
3 3 0.046114 0.039146 0.184493 0.709254 0.020993
3 3 0.047873 0.042883 0.188431 0.696365 0.024447
3 3 0.048626 0.036915 0.179460 0.715825 0.019174
3 3 0.040282 0.027265 0.155578 0.764441 0.012434
3 3 0.038104 0.023254 0.145186 0.783644 0.009812
3 3 0.039718 0.021622 0.142402 0.787600 0.008658
3 3 0.043836 0.023347 0.149255 0.774032 0.009529
3 3 0.041620 0.022776 0.146470 0.779848 0.009286
3 3 0.049436 0.026015 0.158784 0.754799 0.010966
3 3 0.056686 0.029012 0.169287 0.732421 0.012594
3 3 0.055533 0.030136 0.170998 0.729889 0.013444
3 3 0.055191 0.029630 0.169776 0.732296 0.013108
3 3 0.042953 0.026094 0.154928 0.764611 0.011415
3 3 0.041157 0.023266 0.147325 0.778623 0.009629
3 3 0.030557 0.018545 0.127828 0.815793 0.007277
3 3 0.029622 0.017695 0.124810 0.821059 0.006815
3 3 0.030986 0.016185 0.121683 0.825288 0.005858
3 3 0.032248 0.017393 0.126050 0.817819 0.006490
3 3 0.034903 0.017615 0.128602 0.812393 0.006486
3 3 0.027860 0.014508 0.114267 0.838291 0.005074
3 3 0.026150 0.014983 0.114266 0.839175 0.005426
3 3 0.030598 0.017335 0.124617 0.820905 0.006544
3 3 0.044268 0.023411 0.149677 0.773097 0.009547
3 3 0.038335 0.019674 0.136521 0.797939 0.007532
3 3 0.031423 0.016389 0.122599 0.823638 0.005952
3 3 0.026627 0.014042 0.111834 0.842617 0.004879
3 3 0.029594 0.014991 0.117096 0.833061 0.005258
3 3 0.027562 0.013769 0.111741 0.842239 0.004689
3 3 0.052848 0.023053 0.153710 0.761477 0.008913
3 3 0.084100 0.031867 0.187019 0.683719 0.013295
3 3 0.137498 0.050714 0.233572 0.553061 0.025155
3 3 0.197453 0.078274 0.255264 0.423242 0.045768
2 3 0.249092 0.125723 0.269222 0.264078 0.091885
2 3 0.173887 0.121829 0.326876 0.297898 0.079510
3 3 0.082033 0.085931 0.307496 0.469293 0.055247
2 3 0.082336 0.101409 0.455154 0.310043 0.051057
2 3 0.102163 0.114813 0.353189 0.348121 0.081714
2 2 0.222240 0.134737 0.412042 0.151320 0.079661
0 2 0.395868 0.121419 0.195567 0.147685 0.139461
0 0 0.589438 0.101619 0.091742 0.050790 0.166411
0 0 0.551534 0.117614 0.065946 0.031489 0.233417
0 1 0.468484 0.165131 0.063331 0.031667 0.271386
4 1 0.207653 0.208404 0.086268 0.043749 0.453926
4 1 0.116400 0.144427 0.093414 0.041297 0.604461
4 1 0.116066 0.165197 0.247010 0.083267 0.388460
4 2 0.119269 0.151411 0.111545 0.053021 0.564753
4 2 0.132469 0.165052 0.089589 0.041102 0.571787
4 2 0.126974 0.155587 0.079487 0.034447 0.603504
4 2 0.176963 0.187466 0.126973 0.060334 0.448264
4 2 0.111660 0.135720 0.079554 0.032873 0.640192
4 2 0.137588 0.194932 0.221642 0.049921 0.395918
2 2 0.112156 0.182704 0.451092 0.053683 0.200365
2 2 0.067182 0.130845 0.712586 0.033676 0.055710
2 2 0.056635 0.116946 0.745880 0.040361 0.040178
2 2 0.049431 0.106157 0.774321 0.038598 0.031493
2 2 0.067860 0.131880 0.700642 0.038039 0.061578
2 2 0.065848 0.128602 0.719939 0.030460 0.055152
2 2 0.079771 0.148444 0.655891 0.035074 0.080820
2 2 0.071291 0.135394 0.692585 0.030875 0.069854
2 2 0.067382 0.130624 0.712388 0.030942 0.058663
2 2 0.049686 0.107405 0.758013 0.052812 0.032083
2 2 0.051536 0.110976 0.719982 0.080565 0.036940
2 2 0.047976 0.105569 0.727115 0.085772 0.033568
2 2 0.050984 0.110356 0.676538 0.122108 0.040015
2 2 0.045090 0.100812 0.751094 0.073433 0.029571
2 2 0.051319 0.110874 0.689213 0.109264 0.039329
2 2 0.062150 0.112862 0.641754 0.139517 0.043718
2 2 0.068319 0.124729 0.540519 0.202794 0.063639
2 2 0.059927 0.096222 0.486547 0.312916 0.044389
2 2 0.055414 0.087015 0.491587 0.329435 0.036549
2 2 0.053456 0.089463 0.581163 0.243613 0.032305
2 2 0.047992 0.076799 0.592287 0.258992 0.023930
2 2 0.054036 0.072480 0.510017 0.338562 0.024904
3 3 0.050496 0.061261 0.383000 0.480958 0.024284
3 3 0.044415 0.051963 0.310198 0.571412 0.022012
3 3 0.050285 0.055189 0.320594 0.550240 0.023692
3 3 0.044477 0.047742 0.270438 0.615976 0.021367
3 3 0.053026 0.041677 0.217303 0.667960 0.020033
3 3 0.054009 0.039151 0.186586 0.699735 0.020519
3 3 0.053887 0.030517 0.170862 0.730917 0.013817
3 3 0.042005 0.025692 0.153411 0.767691 0.011201
3 3 0.043220 0.026321 0.155600 0.763305 0.011554
3 3 0.047271 0.031067 0.167973 0.739006 0.014683
3 3 0.046639 0.030260 0.165987 0.742983 0.014131
3 3 0.043587 0.025371 0.153751 0.766412 0.010879
3 3 0.039242 0.023045 0.145502 0.782609 0.009602
3 3 0.032254 0.017720 0.126953 0.816391 0.006682
3 3 0.028729 0.015196 0.117029 0.833634 0.005412
3 3 0.031685 0.015847 0.121224 0.825609 0.005635
3 3 0.035125 0.017895 0.129531 0.810812 0.006638
3 3 0.040131 0.018153 0.133578 0.801577 0.006561
3 3 0.046535 0.021736 0.146945 0.776397 0.008387
3 3 0.037181 0.016563 0.127142 0.813320 0.005794
3 3 0.026736 0.012858 0.108163 0.847996 0.004247
3 3 0.025303 0.012281 0.105092 0.853314 0.004010
3 3 0.028454 0.013003 0.109973 0.844318 0.004252
3 3 0.034174 0.016417 0.124683 0.818887 0.005840
3 3 0.039155 0.017919 0.132304 0.804153 0.006469
3 3 0.034119 0.015284 0.121270 0.824104 0.005223
3 3 0.029980 0.012707 0.110116 0.843150 0.004046
3 3 0.026289 0.009692 0.096511 0.864764 0.002744
3 3 0.023868 0.007893 0.087289 0.878908 0.002044
3 3 0.021230 0.007743 0.084612 0.884369 0.002046
3 3 0.026460 0.010024 0.097924 0.862705 0.002887
3 3 0.029226 0.012581 0.109145 0.845037 0.004010
3 3 0.033101 0.013289 0.114229 0.835151 0.004230
3 3 0.035855 0.013399 0.116376 0.830173 0.004197
3 3 0.034985 0.012472 0.112650 0.836118 0.003775
3 3 0.029085 0.011088 0.103795 0.852736 0.003296
3 3 0.028201 0.009559 0.097332 0.862272 0.002636
3 3 0.030088 0.011040 0.104313 0.851313 0.003245
3 3 0.031176 0.011406 0.106389 0.847645 0.003383
3 3 0.032821 0.012972 0.112977 0.837149 0.004082
3 3 0.043800 0.016883 0.132096 0.801494 0.005726
3 3 0.057150 0.022131 0.153535 0.758987 0.008197
3 3 0.055611 0.020903 0.149577 0.766366 0.007543
3 3 0.035884 0.013092 0.115355 0.831622 0.004047
3 3 0.026930 0.010437 0.099836 0.859737 0.003060
3 3 0.021276 0.008557 0.088072 0.879704 0.002390
3 3 0.024116 0.010106 0.096441 0.866342 0.002996
3 3 0.029033 0.011352 0.104720 0.851473 0.003421
3 3 0.031876 0.012903 0.112104 0.839038 0.004078
3 3 0.032784 0.013947 0.116167 0.832529 0.004573
3 3 0.033284 0.014849 0.119360 0.827482 0.005025
3 3 0.028495 0.013031 0.110096 0.844113 0.004265
3 3 0.025671 0.011042 0.101103 0.858799 0.003384
3 3 0.029990 0.013407 0.112440 0.839763 0.004400
3 3 0.034339 0.015305 0.121487 0.823642 0.005226
3 3 0.037141 0.016488 0.126894 0.813722 0.005755
3 3 0.045028 0.017901 0.135765 0.795074 0.006233
3 3 0.038648 0.014775 0.122594 0.819185 0.004797
3 3 0.046154 0.016741 0.132961 0.798568 0.005576
3 3 0.040946 0.015763 0.127061 0.810998 0.005231
3 3 0.037133 0.014211 0.119853 0.824242 0.004560
3 3 0.031634 0.012217 0.109588 0.842808 0.003752
3 3 0.032996 0.012077 0.109997 0.841284 0.003645
3 3 0.038929 0.013885 0.119860 0.822982 0.004344
3 3 0.042701 0.014942 0.125471 0.812128 0.004759
3 3 0.039004 0.013517 0.118668 0.824648 0.004163
3 3 0.037419 0.014123 0.119740 0.824212 0.004507
3 3 0.028671 0.012111 0.107133 0.848287 0.003798
3 3 0.022430 0.009062 0.091054 0.874877 0.002577
3 3 0.021691 0.008973 0.090091 0.876685 0.002560
3 3 0.020848 0.008819 0.088765 0.879050 0.002518
3 3 0.021317 0.010400 0.095155 0.869891 0.003237
3 3 0.020725 0.010383 0.094556 0.871084 0.003252
3 3 0.021706 0.010582 0.096154 0.868248 0.003309
3 3 0.019729 0.009492 0.090367 0.877547 0.002865
3 3 0.019646 0.009682 0.091002 0.876712 0.002958
3 3 0.024149 0.011881 0.102787 0.857328 0.003855
3 3 0.024947 0.012427 0.105283 0.853243 0.004100
3 3 0.021391 0.009649 0.092452 0.873630 0.002877
3 3 0.020719 0.009013 0.089417 0.878243 0.002609
3 3 0.024512 0.010543 0.098378 0.863380 0.003187
3 3 0.026849 0.011910 0.105070 0.852407 0.003764
3 3 0.033148 0.014383 0.117807 0.829877 0.004785
3 3 0.036698 0.015654 0.124113 0.818214 0.005321
3 3 0.031548 0.013957 0.115338 0.834532 0.004624
3 3 0.028233 0.012970 0.109696 0.844858 0.004244
3 3 0.025259 0.011886 0.103725 0.855317 0.003812
3 3 0.025437 0.012175 0.104847 0.853591 0.003951
3 3 0.025583 0.013230 0.108420 0.848275 0.004492
3 3 0.023652 0.011938 0.102554 0.857950 0.003905
3 3 0.024199 0.012350 0.104393 0.854966 0.004093
3 3 0.026953 0.012804 0.108156 0.847878 0.004210
3 3 0.029071 0.013947 0.113478 0.838786 0.004718
3 3 0.066329 0.038094 0.191456 0.685434 0.018687
3 3 0.051837 0.030755 0.170160 0.733126 0.014122
3 3 0.068191 0.031074 0.179112 0.708198 0.013425
3 3 0.090123 0.061122 0.229669 0.582359 0.036728
3 3 0.036457 0.017935 0.130569 0.808440 0.006598
3 3 0.033662 0.016249 0.123832 0.820489 0.005769
3 3 0.026687 0.012503 0.106951 0.849792 0.004067
3 3 0.028579 0.013994 0.113247 0.839416 0.004764
3 3 0.033485 0.015573 0.121707 0.823830 0.005405
3 3 0.041360 0.017746 0.133187 0.801423 0.006283
3 3 0.047574 0.020572 0.144535 0.779670 0.007648
3 3 0.048142 0.021131 0.146311 0.776462 0.007954
3 3 0.032247 0.015207 0.119724 0.827564 0.005258
3 3 0.035532 0.015590 0.123154 0.820392 0.005332
3 3 0.072063 0.022555 0.160966 0.736437 0.007980
3 3 0.273685 0.049262 0.211584 0.446084 0.019386
0 3 0.573467 0.070249 0.156246 0.155228 0.044810
0 3 0.617220 0.087558 0.125463 0.096623 0.073136
0 3 0.661269 0.095658 0.087128 0.056429 0.099517
0 3 0.595800 0.109826 0.114281 0.082866 0.097228
0 3 0.711957 0.086949 0.076239 0.052421 0.072434
0 0 0.744851 0.066426 0.080466 0.060523 0.047734
0 0 0.772468 0.064071 0.068719 0.051090 0.043653
0 0 0.714554 0.096484 0.071026 0.051090 0.066846
0 0 0.540802 0.127976 0.166956 0.087524 0.076743
2 1 0.286461 0.161745 0.426884 0.068351 0.056559
2 1 0.154810 0.211709 0.383238 0.079132 0.171111
2 1 0.120264 0.193346 0.410680 0.071174 0.204535
4 4 0.129310 0.184608 0.237055 0.075473 0.373552
4 4 0.097507 0.122528 0.113985 0.050657 0.615322
4 4 0.089184 0.111513 0.113874 0.049094 0.636335
4 4 0.093139 0.117930 0.123900 0.055873 0.609158
4 4 0.100934 0.131258 0.146494 0.072689 0.548624
4 4 0.097235 0.124803 0.135222 0.064023 0.578717
4 4 0.098088 0.124831 0.126010 0.058232 0.592839
4 4 0.102335 0.128311 0.109311 0.048679 0.611364
4 4 0.108566 0.134523 0.095879 0.041678 0.619355
4 4 0.109004 0.134649 0.093131 0.040149 0.623066
4 4 0.101080 0.123138 0.085493 0.034920 0.655370
4 4 0.099042 0.122689 0.100175 0.042796 0.635299
4 4 0.100642 0.130739 0.145562 0.071951 0.551106
4 4 0.111233 0.155744 0.230849 0.077178 0.424995
2 4 0.102505 0.167534 0.477001 0.050027 0.202933
2 4 0.090777 0.158897 0.577293 0.046878 0.126156
2 0 0.074312 0.143346 0.684852 0.038519 0.058971
2 1 0.068578 0.134358 0.706041 0.039340 0.051682
2 1 0.070395 0.137936 0.706109 0.032811 0.052749
2 1 0.070733 0.136489 0.692359 0.042016 0.058403
2 1 0.093021 0.163662 0.573894 0.050067 0.119357
2 1 0.093891 0.162431 0.556236 0.052087 0.135355
2 1 0.105175 0.169924 0.454113 0.056396 0.214391
2 1 0.104346 0.169660 0.463916 0.056170 0.205908
2 1 0.101722 0.168125 0.490198 0.053978 0.185977
2 1 0.079549 0.145768 0.646975 0.035835 0.091872
2 1 0.071733 0.135760 0.690245 0.030084 0.072178
2 1 0.072151 0.136390 0.688031 0.030746 0.072682
2 1 0.093749 0.161073 0.554302 0.045103 0.145774
2 1 0.104336 0.170125 0.466414 0.058282 0.200844
2 1 0.105907 0.171309 0.451622 0.061768 0.209395
2 1 0.094664 0.162500 0.549158 0.048793 0.144885
2 1 0.082995 0.150274 0.626929 0.040528 0.099274
2 2 0.072005 0.136966 0.688450 0.034780 0.067799
2 2 0.108633 0.176716 0.456015 0.055194 0.203443
2 2 0.145261 0.199134 0.418982 0.047918 0.188705
0 2 0.338635 0.166583 0.175831 0.074743 0.244208
0 0 0.503445 0.145188 0.092598 0.053218 0.205551
0 0 0.439471 0.175973 0.092597 0.053841 0.238118
0 1 0.255562 0.241682 0.242099 0.084304 0.176353
2 1 0.119319 0.199189 0.423107 0.106048 0.152338
2 2 0.044915 0.099737 0.780136 0.048137 0.027074
2 2 0.045909 0.100729 0.786413 0.038920 0.028029
2 2 0.048952 0.105351 0.773741 0.039191 0.032764
2 2 0.051359 0.110525 0.722331 0.077383 0.038402
2 2 0.050090 0.108968 0.696329 0.106551 0.038062
2 2 0.061691 0.124947 0.698268 0.061812 0.053282
2 2 0.071769 0.137153 0.686727 0.038593 0.065758
2 2 0.078925 0.145766 0.650721 0.039684 0.084904
2 2 0.076659 0.144550 0.673271 0.032193 0.073326
2 2 0.071331 0.136224 0.691796 0.035195 0.065454
2 2 0.062601 0.125099 0.731202 0.035632 0.045465
2 2 0.056219 0.116456 0.747126 0.041213 0.038987
2 2 0.057556 0.118373 0.738648 0.042826 0.042597
2 2 0.080096 0.147309 0.643995 0.041269 0.087332
2 2 0.195675 0.190652 0.388656 0.060732 0.164284
0 2 0.432139 0.140064 0.182286 0.086513 0.158998
0 0 0.723995 0.070452 0.080066 0.052054 0.073433
0 0 0.889620 0.026813 0.038204 0.027218 0.018146
0 0 0.961984 0.010833 0.012603 0.008248 0.006332
0 0 0.990087 0.003336 0.003113 0.001855 0.001610
0 0 0.992541 0.002211 0.002654 0.001724 0.000871
0 0 0.989381 0.003058 0.003781 0.002487 0.001292
0 0 0.984330 0.003606 0.006145 0.004455 0.001463
0 0 0.965229 0.010150 0.011152 0.006886 0.006583
0 0 0.925546 0.027382 0.017176 0.010090 0.019805
0 0 0.777567 0.096241 0.046249 0.035231 0.044712
0 0 0.576790 0.207925 0.061978 0.031006 0.122301
0 1 0.304961 0.267713 0.303948 0.028270 0.095108
2 1 0.140902 0.210058 0.559517 0.025886 0.063637
2 1 0.100573 0.172560 0.653754 0.024309 0.048803
2 1 0.080740 0.160355 0.686346 0.024981 0.047577
2 1 0.044377 0.097042 0.820319 0.016725 0.021537
2 1 0.040962 0.090830 0.830447 0.017868 0.019893
2 1 0.039319 0.087773 0.839169 0.015450 0.018289
2 1 0.044168 0.096044 0.818738 0.018646 0.022404
2 1 0.046800 0.100470 0.806986 0.020862 0.024883
2 1 0.043572 0.095030 0.821374 0.018163 0.021861
2 1 0.033750 0.078438 0.858354 0.014925 0.014533
2 2 0.027996 0.068732 0.874420 0.017497 0.011354
2 2 0.025564 0.064241 0.883100 0.017171 0.009924
2 2 0.029960 0.072372 0.866517 0.018508 0.012644
2 2 0.035959 0.083524 0.837554 0.025550 0.017413
2 2 0.040061 0.091161 0.811803 0.035381 0.021595
2 2 0.043669 0.097756 0.784166 0.048425 0.025984
2 2 0.043049 0.097403 0.764597 0.067814 0.027138
2 2 0.036023 0.086100 0.755417 0.099893 0.022568
2 2 0.033196 0.080952 0.785966 0.080779 0.019106
2 2 0.045515 0.101166 0.763818 0.060638 0.028862
2 2 0.090538 0.112258 0.703130 0.057937 0.036138
2 2 0.208236 0.139743 0.516419 0.079784 0.055818
0 2 0.321158 0.148310 0.316395 0.132247 0.081890
2 2 0.280447 0.174059 0.315919 0.127321 0.102252
3 2 0.261258 0.111057 0.254675 0.310027 0.062982
2 2 0.132039 0.173127 0.368139 0.099192 0.227503
2 2 0.098474 0.166631 0.521675 0.056467 0.156753
2 2 0.091131 0.161026 0.575279 0.059944 0.112621
2 2 0.079803 0.148261 0.634494 0.055420 0.082021
2 2 0.040858 0.093738 0.775848 0.064692 0.024863
2 2 0.032860 0.079744 0.816449 0.053576 0.017370
2 2 0.032488 0.078646 0.830122 0.042375 0.016368
2 2 0.035316 0.083491 0.822188 0.040639 0.018367
2 2 0.036193 0.085221 0.813858 0.045309 0.019418
2 2 0.037924 0.088610 0.794830 0.056926 0.021709
2 2 0.035932 0.085241 0.800828 0.057893 0.020106
2 2 0.033839 0.081586 0.808913 0.057295 0.018367
2 2 0.038236 0.089173 0.792429 0.058102 0.022060
2 2 0.039571 0.091793 0.771093 0.073243 0.024299
2 2 0.039135 0.091374 0.747574 0.096574 0.025344
2 2 0.036442 0.086894 0.737796 0.115148 0.023720
2 2 0.036581 0.087144 0.728354 0.123654 0.024267
2 2 0.039416 0.091870 0.692393 0.147910 0.028411
2 2 0.040992 0.094537 0.728169 0.108411 0.027892
2 2 0.035985 0.085730 0.782473 0.074632 0.021180
2 2 0.041890 0.095424 0.772649 0.064263 0.025774
2 2 0.044027 0.099348 0.737799 0.089109 0.029718
2 2 0.048106 0.105911 0.677858 0.130879 0.037246
2 2 0.044543 0.100115 0.741436 0.084041 0.029865
2 2 0.038772 0.090613 0.763647 0.082793 0.024176
2 2 0.039257 0.091248 0.773284 0.072264 0.023947
2 2 0.038769 0.090753 0.749672 0.095858 0.024949
2 2 0.036327 0.086706 0.725878 0.126920 0.024169
2 2 0.040152 0.093169 0.719977 0.119058 0.027644
2 2 0.036232 0.086398 0.762763 0.092240 0.022368
2 2 0.043487 0.098089 0.764020 0.066924 0.027480
2 2 0.049129 0.107312 0.726862 0.082212 0.034486
2 2 0.049944 0.108753 0.674241 0.127843 0.039219
2 2 0.048475 0.105783 0.611293 0.192320 0.042130
2 2 0.048918 0.106559 0.616180 0.186065 0.042277
2 2 0.052884 0.109882 0.608454 0.183689 0.045092
2 2 0.052830 0.111766 0.569856 0.215394 0.050155
2 2 0.082749 0.121381 0.558629 0.180030 0.057211
2 2 0.110405 0.125615 0.459778 0.231002 0.073201
2 2 0.143474 0.142950 0.485279 0.153268 0.075028
2 2 0.078061 0.128059 0.586015 0.147848 0.060018
2 2 0.055933 0.117661 0.693241 0.090201 0.042964
2 2 0.036499 0.086988 0.738791 0.114002 0.023720
2 2 0.035420 0.084826 0.779802 0.079019 0.020933
2 2 0.041927 0.095155 0.784112 0.053864 0.024942
2 2 0.040640 0.092993 0.790138 0.052532 0.023697
2 2 0.040447 0.092503 0.795540 0.048343 0.023168
2 2 0.043818 0.098465 0.769318 0.061099 0.027300
2 2 0.052000 0.111466 0.728958 0.070724 0.036851
2 2 0.053463 0.114017 0.692307 0.098623 0.041590
2 2 0.059459 0.122503 0.678481 0.088649 0.050908
2 2 0.048550 0.105984 0.751166 0.062311 0.031990
2 2 0.048276 0.105915 0.735015 0.077622 0.033171
2 2 0.044702 0.100563 0.691362 0.130129 0.033244
2 2 0.045277 0.100148 0.582732 0.231441 0.040402
2 2 0.055456 0.082070 0.505847 0.324882 0.031746
2 2 0.070319 0.078435 0.440333 0.377988 0.032925
2 2 0.093348 0.090931 0.479659 0.297171 0.038891
2 2 0.073129 0.081510 0.407530 0.399649 0.038182
3 2 0.057000 0.081396 0.401771 0.420384 0.039449
2 2 0.038980 0.086621 0.457740 0.376514 0.040145
2 2 0.035589 0.085156 0.673386 0.180112 0.025756
2 2 0.030818 0.076725 0.791522 0.083684 0.017252
2 2 0.035606 0.084819 0.796519 0.062899 0.020156
2 2 0.049336 0.107221 0.747609 0.062985 0.032849
2 2 0.066753 0.132948 0.647064 0.095693 0.057541
2 2 0.058845 0.120260 0.547226 0.214155 0.059515
2 2 0.051525 0.110354 0.599709 0.192078 0.046333
2 2 0.044047 0.099314 0.661228 0.160986 0.034425
2 2 0.047226 0.104235 0.741121 0.075520 0.031899
2 2 0.062664 0.126649 0.706124 0.057888 0.046674
2 2 0.080083 0.131588 0.689068 0.050215 0.049046
2 2 0.079224 0.117005 0.675450 0.086018 0.042304
2 2 0.076470 0.116915 0.607234 0.150551 0.048830
2 2 0.054698 0.102604 0.525914 0.270269 0.046514
2 2 0.035849 0.080998 0.444471 0.402029 0.036652
2 2 0.035195 0.084497 0.677141 0.177929 0.025238
2 2 0.029654 0.074848 0.740209 0.137055 0.018234
2 2 0.024657 0.065021 0.824814 0.073376 0.012132
2 2 0.024972 0.065241 0.843432 0.054673 0.011682
2 2 0.029454 0.072953 0.846535 0.037198 0.013860
2 2 0.038708 0.089132 0.812558 0.038748 0.020854
2 2 0.044333 0.098839 0.781387 0.048823 0.026619
2 2 0.042484 0.096538 0.764013 0.070177 0.026789
2 2 0.048594 0.106646 0.711654 0.097857 0.035249
2 2 0.053664 0.114376 0.666301 0.122321 0.043339
2 2 0.059080 0.122291 0.657688 0.111709 0.049232
2 2 0.104266 0.123545 0.600469 0.119009 0.052711
2 2 0.152469 0.124393 0.493278 0.169884 0.059977
2 2 0.160959 0.155471 0.529017 0.084726 0.069827
2 2 0.066245 0.130211 0.685534 0.067020 0.050989
2 2 0.052097 0.111401 0.739219 0.061735 0.035547
2 2 0.037306 0.088377 0.732817 0.116849 0.024650
2 2 0.036735 0.086816 0.642510 0.205783 0.028156
2 2 0.033779 0.079299 0.514109 0.342354 0.030459
2 2 0.040932 0.092742 0.569575 0.260580 0.036170
2 2 0.052698 0.112774 0.644388 0.145976 0.044164
2 2 0.056614 0.118660 0.678213 0.100635 0.045877
2 2 0.085888 0.155283 0.574754 0.076223 0.107852
2 1 0.098938 0.166416 0.516126 0.053405 0.165115
4 1 0.109403 0.152239 0.225573 0.068294 0.444490
4 4 0.106256 0.142569 0.180009 0.065556 0.505610
4 4 0.097181 0.114172 0.061854 0.022634 0.704159
4 4 0.097139 0.108279 0.036300 0.011492 0.746790
4 4 0.087542 0.093462 0.024056 0.006658 0.788282
4 4 0.092254 0.096475 0.018769 0.004960 0.787542
4 4 0.091491 0.097767 0.023821 0.006659 0.780262
4 4 0.121055 0.134201 0.030540 0.009916 0.704288
4 4 0.122226 0.135988 0.031538 0.010360 0.699888
4 4 0.101680 0.107849 0.020912 0.005838 0.763720
4 4 0.094268 0.101023 0.024233 0.006862 0.773615
4 4 0.117732 0.130921 0.032050 0.010440 0.708857
4 4 0.143206 0.162505 0.034983 0.012510 0.646797
4 4 0.139060 0.155511 0.030699 0.010486 0.664244
4 4 0.118198 0.132277 0.034170 0.011333 0.704022
4 4 0.092323 0.100553 0.029099 0.008575 0.769450
4 4 0.080497 0.083591 0.018434 0.004671 0.812806
4 4 0.068144 0.068176 0.013034 0.002911 0.847735
4 4 0.078604 0.081259 0.017717 0.004418 0.818002
4 4 0.092603 0.099957 0.026399 0.007598 0.773443
4 4 0.138388 0.171100 0.081418 0.036835 0.572258
4 4 0.104526 0.127227 0.083412 0.034191 0.650644
4 4 0.092195 0.101060 0.031174 0.009345 0.766227
4 4 0.096381 0.107453 0.036500 0.011545 0.748120
4 4 0.071642 0.075434 0.022461 0.005791 0.824672
4 4 0.062167 0.064076 0.018725 0.004457 0.850575
4 4 0.069756 0.074219 0.025412 0.006707 0.823905
4 4 0.097875 0.109362 0.037086 0.011833 0.743844
4 4 0.115505 0.127898 0.030976 0.009938 0.715683
4 4 0.134856 0.155030 0.041545 0.015214 0.653355
4 4 0.135400 0.165070 0.072887 0.031520 0.595124
4 4 0.167425 0.235043 0.179928 0.051720 0.365885
2 4 0.151443 0.228164 0.281883 0.059406 0.279104
2 4 0.090547 0.163093 0.600253 0.045674 0.100433
2 4 0.080156 0.146267 0.643197 0.035059 0.095320
2 2 0.071189 0.135880 0.685281 0.036951 0.070700
2 2 0.055225 0.115885 0.715093 0.068338 0.045458
2 2 0.049735 0.107934 0.731474 0.073923 0.036934
2 2 0.038872 0.089954 0.799227 0.049971 0.021975
2 2 0.043863 0.097828 0.789113 0.043545 0.025651
2 2 0.053265 0.110835 0.774380 0.027071 0.034449
2 2 0.055414 0.114461 0.762446 0.031082 0.036597
2 2 0.062822 0.124440 0.734616 0.029017 0.049104
2 2 0.067571 0.130624 0.711695 0.029690 0.060421
2 2 0.075223 0.140844 0.671419 0.035339 0.077176
2 2 0.079856 0.146677 0.645441 0.039014 0.089012
2 2 0.086500 0.154691 0.605626 0.045778 0.107405
2 2 0.101729 0.169189 0.494287 0.059617 0.175178
2 2 0.122139 0.184608 0.332152 0.054060 0.307040
2 2 0.117658 0.197536 0.478378 0.041312 0.165115
2 2 0.224971 0.185999 0.391508 0.053998 0.143523
0 0 0.408107 0.171544 0.217425 0.063481 0.139443
0 0 0.368883 0.221132 0.233810 0.060317 0.115857
2 0 0.182612 0.257568 0.406426 0.039673 0.113721
2 1 0.158114 0.269771 0.404970 0.038330 0.128814
2 1 0.078230 0.145168 0.656685 0.037700 0.082218
2 1 0.074035 0.139324 0.677861 0.034543 0.074237
2 2 0.072230 0.136962 0.687506 0.033240 0.070061
2 2 0.058083 0.117446 0.757364 0.025428 0.041680
2 2 0.055740 0.114118 0.767869 0.024850 0.037423
2 2 0.061967 0.123242 0.738694 0.028607 0.047490
2 2 0.075895 0.142270 0.667325 0.039243 0.075266
2 2 0.078883 0.145803 0.650916 0.040199 0.084199
2 2 0.084181 0.152089 0.620056 0.043901 0.099773
2 2 0.067599 0.130686 0.711533 0.029833 0.060348
2 2 0.078829 0.145974 0.653822 0.037796 0.083580
2 2 0.067495 0.132629 0.716307 0.031698 0.051870
2 2 0.126194 0.176876 0.552599 0.049168 0.095163
2 2 0.210581 0.242213 0.319756 0.055465 0.171986
2 2 0.151717 0.249704 0.382791 0.050364 0.165425
2 2 0.134906 0.233840 0.461112 0.051307 0.118834
2 2 0.079716 0.146320 0.646211 0.037845 0.089907
2 2 0.080304 0.146974 0.642785 0.037949 0.091987
2 2 0.082577 0.149869 0.629474 0.040697 0.097382
2 2 0.078669 0.145066 0.652215 0.037231 0.086819
2 2 0.069351 0.133489 0.699056 0.034435 0.063669
2 2 0.062101 0.124491 0.718409 0.042399 0.052600
2 2 0.055422 0.114021 0.761698 0.029014 0.039846
2 2 0.062577 0.124268 0.732874 0.030748 0.049532
2 2 0.074923 0.140812 0.672832 0.037170 0.074263
2 2 0.075438 0.141802 0.669658 0.039641 0.073461
2 2 0.074718 0.140902 0.669569 0.040874 0.073937
2 2 0.068016 0.132378 0.695360 0.041816 0.062429
2 2 0.067970 0.132623 0.683798 0.049397 0.066212
2 2 0.063815 0.127121 0.699609 0.050213 0.059242
2 2 0.074229 0.140033 0.660781 0.043850 0.081106
2 2 0.075657 0.142613 0.643445 0.055350 0.082935
2 2 0.071806 0.138914 0.626588 0.088368 0.074325
2 2 0.065497 0.130805 0.655645 0.087511 0.060542
2 2 0.053938 0.114792 0.669547 0.118342 0.043380
2 2 0.050442 0.109336 0.720257 0.083660 0.036305
2 2 0.052952 0.112806 0.731194 0.066003 0.037044
2 2 0.061203 0.124775 0.695585 0.069394 0.049043
2 2 0.068162 0.134302 0.673409 0.066646 0.057480
2 2 0.060962 0.124877 0.669428 0.094240 0.050494
2 2 0.061762 0.125940 0.665931 0.093940 0.052427
2 2 0.067224 0.133239 0.631213 0.103732 0.064592
2 2 0.069999 0.136860 0.602223 0.120585 0.070333
2 2 0.077245 0.144726 0.512465 0.175578 0.089986
2 2 0.078810 0.142509 0.414000 0.252495 0.112186
2 2 0.078645 0.125968 0.383321 0.320366 0.091700
3 2 0.046439 0.077840 0.246184 0.570084 0.059453
3 2 0.049189 0.071225 0.237030 0.590747 0.051809
3 2 0.055076 0.084200 0.304930 0.500409 0.055386
3 2 0.047376 0.063828 0.213624 0.628625 0.046547
3 2 0.044876 0.052084 0.198650 0.670452 0.033937
3 2 0.043049 0.048873 0.193133 0.683993 0.030952
3 2 0.042342 0.039701 0.179514 0.716156 0.022287
3 2 0.044669 0.037858 0.178302 0.718784 0.020386
3 2 0.045472 0.035756 0.175340 0.724899 0.018533
3 2 0.058565 0.053124 0.209880 0.645681 0.032751
3 3 0.057363 0.066939 0.302560 0.537234 0.035903
3 3 0.053126 0.094702 0.384419 0.412465 0.055287
2 3 0.053965 0.109615 0.443835 0.329632 0.062952
3 3 0.051400 0.087209 0.394037 0.421098 0.046255
2 3 0.061089 0.089079 0.408649 0.395411 0.045772
3 3 0.059024 0.071252 0.308988 0.521193 0.039543
2 2 0.096272 0.090311 0.438428 0.332972 0.042018
2 2 0.140939 0.113476 0.467195 0.220389 0.058001
2 0 0.172942 0.158568 0.492450 0.094160 0.081880
2 0 0.107627 0.175140 0.589142 0.050933 0.077157
2 1 0.074763 0.147769 0.696680 0.032152 0.048636
2 2 0.056419 0.116077 0.761141 0.031037 0.035325
2 2 0.054715 0.114034 0.758763 0.036953 0.035535
2 2 0.056697 0.116565 0.755033 0.033525 0.038179
2 2 0.062995 0.124614 0.733904 0.028735 0.049752
2 2 0.070827 0.135246 0.694772 0.033060 0.066095
2 2 0.080896 0.147758 0.639361 0.038782 0.093203
2 2 0.096954 0.166289 0.534900 0.061966 0.139890
2 2 0.126102 0.200486 0.388192 0.066910 0.218311
2 2 0.193344 0.244872 0.249516 0.063352 0.248915
2 2 0.145487 0.235386 0.374392 0.058740 0.185995
2 2 0.126997 0.210139 0.434814 0.058509 0.169542
2 2 0.080294 0.147533 0.642863 0.041317 0.087994
2 2 0.065813 0.128244 0.720493 0.028797 0.056653
2 2 0.075403 0.141134 0.670411 0.035802 0.077250
2 2 0.065541 0.128770 0.714324 0.036046 0.055319
2 2 0.061797 0.123707 0.728954 0.036125 0.049417
2 2 0.054326 0.111897 0.774511 0.023576 0.035690
2 2 0.049975 0.107376 0.762060 0.046411 0.034178
2 2 0.088293 0.159989 0.606171 0.051103 0.094444
2 2 0.070816 0.135504 0.694524 0.034625 0.064531
2 2 0.073971 0.139905 0.677560 0.038479 0.070085
2 2 0.075154 0.141980 0.664761 0.045650 0.072454
2 2 0.071169 0.137010 0.685301 0.044141 0.062378
2 2 0.075107 0.142460 0.647804 0.058505 0.076124
2 2 0.067282 0.132341 0.686825 0.054084 0.059468
2 2 0.064327 0.128686 0.684526 0.064956 0.057504
2 2 0.053752 0.112702 0.753870 0.041297 0.038380
2 2 0.065456 0.128595 0.720834 0.033354 0.051761
2 2 0.077649 0.145148 0.660543 0.039956 0.076704
2 2 0.126781 0.213224 0.456430 0.048440 0.155125
2 2 0.122818 0.209666 0.475710 0.053603 0.138203
2 2 0.107384 0.194030 0.556801 0.048782 0.093003
2 2 0.090163 0.162964 0.603524 0.045673 0.097675
2 2 0.086828 0.155186 0.603614 0.046891 0.107481
2 2 0.103862 0.177085 0.519365 0.051667 0.148022
2 2 0.091214 0.162174 0.581878 0.056709 0.108026
2 2 0.077245 0.145782 0.654453 0.055101 0.067418
2 2 0.081137 0.151291 0.613786 0.077542 0.076244
2 2 0.073305 0.141553 0.636945 0.083411 0.064786
2 2 0.081649 0.151003 0.626218 0.059957 0.081174
2 2 0.076715 0.143751 0.662156 0.042870 0.074508
2 2 0.087100 0.156273 0.588203 0.060310 0.108114
2 2 0.077310 0.145789 0.581190 0.108457 0.087254
2 2 0.059068 0.120136 0.530818 0.228426 0.061553
2 2 0.086907 0.156699 0.587780 0.066601 0.102014
2 2 0.112832 0.173638 0.364373 0.080106 0.269050
4 4 0.114160 0.163944 0.262804 0.080189 0.378902
4 4 0.104398 0.138037 0.162506 0.078262 0.516797
4 4 0.105917 0.139890 0.160605 0.071151 0.522437
4 4 0.106888 0.140835 0.157088 0.070838 0.524351
4 4 0.109908 0.153579 0.230795 0.069056 0.436663
4 4 0.104259 0.136317 0.150236 0.071128 0.538060
4 4 0.100825 0.127923 0.121356 0.055840 0.594056
4 4 0.098677 0.118677 0.076834 0.030119 0.675693
4 4 0.094075 0.107255 0.046522 0.015575 0.736573
4 4 0.098072 0.108929 0.034808 0.010932 0.747259
4 4 0.084989 0.089496 0.020988 0.005571 0.798956
4 4 0.077916 0.082505 0.023111 0.006134 0.810334
4 4 0.071419 0.074294 0.019699 0.004915 0.829673
4 4 0.068122 0.070198 0.018076 0.004365 0.839239
4 4 0.080276 0.082979 0.017546 0.004390 0.814809
4 4 0.099976 0.107924 0.025487 0.007437 0.759177
4 4 0.104675 0.117161 0.036526 0.011851 0.729787
4 4 0.088727 0.098117 0.034805 0.010613 0.767737
4 4 0.084736 0.093789 0.035851 0.010873 0.774751
4 4 0.077427 0.084192 0.030838 0.008780 0.798764
4 4 0.061384 0.060828 0.012161 0.002604 0.863024
4 4 0.043265 0.039938 0.006121 0.001030 0.909646
4 4 0.050987 0.047721 0.006810 0.001218 0.893264
4 4 0.044254 0.041492 0.007251 0.001275 0.905728
4 4 0.050966 0.048258 0.007761 0.001431 0.891584
4 4 0.061368 0.062177 0.015566 0.003533 0.857356
4 4 0.087642 0.094807 0.027697 0.007942 0.781912
4 4 0.095275 0.107607 0.041994 0.013732 0.741392
4 4 0.107345 0.124794 0.053065 0.019197 0.695599
4 4 0.111746 0.137576 0.089237 0.038271 0.623171
4 4 0.119304 0.150831 0.107856 0.050639 0.571371
4 4 0.111213 0.143838 0.133953 0.066510 0.544486
4 4 0.117073 0.157891 0.176681 0.069540 0.478815
4 4 0.116016 0.163129 0.232870 0.068367 0.419618
4 4 0.109741 0.144217 0.152394 0.063529 0.530119
4 4 0.101004 0.128607 0.124743 0.058035 0.587611
4 4 0.094533 0.117585 0.106101 0.045502 0.636279
4 4 0.091629 0.112325 0.094738 0.038725 0.662584
4 4 0.090457 0.107438 0.071079 0.026485 0.704542
4 4 0.108191 0.135314 0.104039 0.046453 0.606002
4 4 0.117453 0.147909 0.105366 0.048749 0.580522
4 4 0.155092 0.217629 0.191883 0.045918 0.389478
4 4 0.152155 0.225604 0.262206 0.054460 0.305575
2 4 0.143636 0.226335 0.352183 0.050285 0.227560
4 4 0.125340 0.162111 0.125493 0.051906 0.535150
4 4 0.103832 0.124848 0.074769 0.029559 0.666992
4 4 0.071950 0.080573 0.043300 0.013187 0.790990
4 4 0.066153 0.068546 0.019412 0.004734 0.841155
4 4 0.060955 0.059614 0.010525 0.002174 0.866732
4 4 0.054564 0.050127 0.005402 0.000930 0.888977
4 4 0.049046 0.046362 0.007708 0.001407 0.895477
4 4 0.052170 0.048382 0.006095 0.001068 0.892284
4 4 0.057243 0.053624 0.006628 0.001210 0.881295
4 4 0.067547 0.065238 0.008822 0.001793 0.856600
4 4 0.079568 0.079921 0.012829 0.002970 0.824711
4 4 0.078921 0.081109 0.016584 0.004075 0.819311
4 4 0.097966 0.106017 0.026431 0.007736 0.761850
4 4 0.095020 0.103093 0.027558 0.008078 0.766251
4 4 0.078942 0.082706 0.020474 0.005294 0.812584
4 4 0.070846 0.070617 0.012330 0.002744 0.843463
4 4 0.078252 0.077595 0.011196 0.002499 0.830458
4 4 0.090049 0.090645 0.012474 0.002967 0.803865
4 4 0.077061 0.077882 0.013916 0.003257 0.827885
4 4 0.056221 0.055387 0.011735 0.002439 0.874218
4 4 0.062122 0.062989 0.015629 0.003562 0.855699
4 4 0.067660 0.068916 0.015939 0.003728 0.843757
4 4 0.079498 0.081487 0.016062 0.003924 0.819029
4 4 0.094405 0.100227 0.021888 0.006047 0.777434
4 4 0.106344 0.126912 0.068804 0.026743 0.671197
4 4 0.104198 0.126526 0.081744 0.033259 0.654272
4 4 0.094248 0.111787 0.068843 0.025736 0.699386
4 4 0.079590 0.090369 0.047988 0.015435 0.766617
4 4 0.084787 0.098911 0.061390 0.021509 0.733403
4 4 0.090266 0.104079 0.053149 0.018224 0.734282
4 4 0.119517 0.146278 0.081542 0.034812 0.617850
4 4 0.122470 0.154956 0.106904 0.050561 0.565110
4 4 0.107628 0.140839 0.149010 0.066293 0.536230
4 4 0.099180 0.127989 0.139578 0.067424 0.565829
4 4 0.098316 0.126448 0.136630 0.065221 0.573384
4 4 0.102964 0.135700 0.160370 0.071668 0.529298
4 4 0.112496 0.164002 0.289503 0.069769 0.364230
2 4 0.100243 0.167186 0.504077 0.053254 0.175240
2 2 0.079387 0.145459 0.647817 0.035146 0.092191
2 2 0.072616 0.136610 0.685388 0.029198 0.076188
2 1 0.075413 0.140043 0.669902 0.030214 0.084428
2 1 0.082784 0.148977 0.626783 0.034943 0.106513
2 1 0.085469 0.152651 0.611185 0.039849 0.110847
2 2 0.090216 0.158149 0.580811 0.045461 0.125363
2 2 0.093437 0.161422 0.558376 0.048282 0.138482
2 2 0.096297 0.163839 0.536275 0.049346 0.154243
2 2 0.097821 0.165131 0.524051 0.050507 0.162489
2 2 0.096931 0.164100 0.530249 0.048373 0.160347
2 2 0.112735 0.187933 0.477547 0.050107 0.171678
2 2 0.088733 0.155873 0.589240 0.040518 0.125635
2 2 0.098118 0.164951 0.519972 0.048659 0.168300
2 2 0.089350 0.156966 0.586112 0.043255 0.124317
2 2 0.084037 0.150666 0.619517 0.036979 0.108801
2 2 0.076699 0.141930 0.662975 0.032292 0.086104
2 2 0.077795 0.143362 0.656828 0.033346 0.088668
2 2 0.077449 0.142865 0.658734 0.032789 0.088164
2 2 0.080216 0.146078 0.642484 0.033831 0.097392
2 2 0.078048 0.143915 0.655586 0.034725 0.087726
2 2 0.077140 0.142899 0.660781 0.034683 0.084498
2 2 0.078221 0.144188 0.654637 0.035150 0.087803
2 2 0.074193 0.139146 0.677056 0.032603 0.077002
2 2 0.074062 0.139246 0.677755 0.033940 0.074997
2 2 0.065357 0.127815 0.722517 0.029581 0.054729
2 2 0.067156 0.130563 0.713172 0.032196 0.056914
2 2 0.057140 0.116057 0.761738 0.024906 0.040160
2 2 0.052235 0.109193 0.776961 0.026856 0.034755
2 2 0.049172 0.105056 0.783446 0.030844 0.031482
2 2 0.061055 0.122152 0.734947 0.031936 0.049910
2 2 0.053732 0.111564 0.768884 0.028640 0.037180
2 2 0.054426 0.112592 0.765184 0.029137 0.038661
2 2 0.055809 0.113761 0.768425 0.022647 0.039358
2 2 0.063242 0.124601 0.733210 0.027007 0.051940
2 2 0.058722 0.118465 0.754224 0.026215 0.042374
2 2 0.053654 0.111241 0.775900 0.025317 0.033888
2 2 0.065318 0.129691 0.711751 0.045122 0.048118
2 2 0.103115 0.144107 0.617216 0.061000 0.074562
2 2 0.310179 0.145593 0.313782 0.114218 0.116227
0 0 0.733284 0.074932 0.074069 0.049555 0.068160
0 0 0.882618 0.033383 0.034783 0.022252 0.026964
0 0 0.928969 0.021734 0.019417 0.011203 0.018677
0 0 0.927236 0.024771 0.012552 0.005767 0.029674
0 0 0.868024 0.045244 0.018337 0.008284 0.060110
0 0 0.794826 0.078271 0.025744 0.012646 0.088513
0 0 0.576885 0.121836 0.029361 0.011480 0.260438
0 1 0.497311 0.145851 0.045231 0.019729 0.291878
0 0 0.647810 0.111905 0.050555 0.025371 0.164359
0 0 0.704946 0.095929 0.052099 0.028272 0.118754
0 0 0.679315 0.124306 0.048466 0.027862 0.120051
0 0 0.487459 0.243857 0.097421 0.034016 0.137247
0 0 0.334555 0.294544 0.050363 0.028453 0.292086
1 0 0.207316 0.310788 0.244381 0.038677 0.198837
2 0 0.082171 0.160499 0.672321 0.031537 0.053472
2 1 0.069821 0.139191 0.714152 0.031297 0.045539
2 1 0.065301 0.131983 0.732204 0.029769 0.040744
2 1 0.063406 0.128629 0.739543 0.028756 0.039666
2 2 0.055216 0.114880 0.771881 0.025815 0.032208
2 2 0.053541 0.112421 0.780571 0.023473 0.029995
2 2 0.059819 0.123195 0.755757 0.026071 0.035157
2 2 0.073165 0.145039 0.702175 0.032124 0.047497
2 2 0.070703 0.139936 0.707043 0.034386 0.047931
2 2 0.069900 0.138652 0.711349 0.032750 0.047349
2 2 0.062795 0.126588 0.737988 0.031011 0.041617
2 2 0.062608 0.125878 0.737797 0.031111 0.042606
2 2 0.052139 0.109189 0.782584 0.025670 0.030419
2 2 0.045771 0.098750 0.811602 0.019979 0.023898
2 2 0.039794 0.088888 0.834814 0.017508 0.018996
2 2 0.038383 0.086359 0.841399 0.016093 0.017767
2 2 0.038715 0.086851 0.840697 0.015797 0.017940
2 2 0.048492 0.102711 0.800818 0.019648 0.028331
2 2 0.053397 0.110174 0.779329 0.021585 0.035514
2 2 0.059942 0.120714 0.747413 0.029559 0.042371
2 2 0.056726 0.116353 0.761171 0.029779 0.035970
2 2 0.053058 0.110685 0.778202 0.026713 0.031343
2 2 0.045907 0.098949 0.811076 0.019961 0.024106
2 2 0.050035 0.105141 0.794034 0.020487 0.030303
2 2 0.054915 0.112833 0.771733 0.024144 0.036375
2 2 0.064362 0.126237 0.727659 0.027979 0.053763
2 2 0.080388 0.147239 0.642352 0.038930 0.091091
2 2 0.080425 0.147293 0.642144 0.039015 0.091124
2 2 0.079073 0.145806 0.649623 0.039056 0.086441
2 2 0.081089 0.147394 0.637700 0.035752 0.098065
2 2 0.081992 0.148778 0.632683 0.038017 0.098531
2 2 0.078819 0.145268 0.651366 0.037445 0.087101
2 2 0.084237 0.151843 0.619482 0.042231 0.102207
2 2 0.076255 0.142377 0.665660 0.037355 0.078352
2 2 0.082411 0.149845 0.630520 0.041595 0.095630
2 2 0.083197 0.150503 0.625704 0.040640 0.099956
2 2 0.082879 0.149441 0.626839 0.036703 0.104138
2 2 0.083993 0.151171 0.620629 0.039815 0.104391
2 2 0.072667 0.137234 0.685285 0.031939 0.072876
2 2 0.070621 0.134291 0.696119 0.029391 0.069577
2 2 0.057401 0.116379 0.759313 0.025139 0.041767
2 2 0.056826 0.115433 0.763339 0.023990 0.040413
2 2 0.050799 0.107565 0.776739 0.031496 0.033401
2 2 0.062103 0.123657 0.731742 0.031986 0.050512
2 2 0.054426 0.112769 0.763938 0.030519 0.038348
2 2 0.052339 0.109706 0.772673 0.030095 0.035187
2 2 0.041680 0.094080 0.801274 0.039600 0.023366
2 2 0.042240 0.094950 0.800112 0.038935 0.023764
2 2 0.043392 0.097597 0.777007 0.055589 0.026415
2 2 0.059781 0.122808 0.707547 0.065405 0.044459
2 2 0.055538 0.116812 0.714922 0.072236 0.040492
2 2 0.053239 0.113554 0.640142 0.148017 0.045048
2 2 0.049096 0.107145 0.638574 0.164263 0.040921
