0 0 0.361365 0.239270 0.162599 0.037184 0.199581
0 1 0.345633 0.254340 0.083327 0.007587 0.309113
0 1 0.521846 0.243505 0.133473 0.015914 0.085262
4 4 0.116262 0.241945 0.299334 0.024686 0.317773
2 4 0.141629 0.257030 0.316403 0.025253 0.259685
4 4 0.105115 0.247439 0.312677 0.019532 0.315238
2 4 0.078165 0.239636 0.470037 0.018575 0.193588
2 4 0.075170 0.243936 0.461938 0.015810 0.203147
2 4 0.076418 0.233914 0.493861 0.020096 0.175710
2 4 0.087868 0.246361 0.412353 0.018959 0.234459
2 4 0.098192 0.247012 0.367741 0.020860 0.266195
2 4 0.099728 0.248850 0.340932 0.019142 0.291348
2 4 0.100825 0.249008 0.329371 0.018709 0.302088
2 4 0.092655 0.251980 0.350356 0.016203 0.288806
2 4 0.092077 0.252469 0.348123 0.015751 0.291579
2 4 0.086247 0.251856 0.384772 0.015597 0.261528
4 4 0.097295 0.251421 0.308846 0.015396 0.327042
4 4 0.108362 0.240608 0.229659 0.014891 0.406480
4 4 0.116460 0.222976 0.169828 0.014341 0.476395
4 4 0.120332 0.231512 0.205906 0.018148 0.424102
4 4 0.128360 0.227708 0.202396 0.021518 0.420017
4 4 0.135626 0.221432 0.187128 0.023687 0.432128
4 4 0.123014 0.238311 0.271486 0.025672 0.341517
2 4 0.093613 0.231312 0.438581 0.027977 0.208518
2 4 0.078432 0.215434 0.512473 0.027396 0.166266
2 1 0.056896 0.170635 0.628095 0.030613 0.113761
2 1 0.039594 0.130858 0.728225 0.031884 0.069440
2 1 0.022114 0.074748 0.828286 0.040572 0.034280
2 1 0.026040 0.088351 0.808230 0.037834 0.039545
2 1 0.020446 0.076120 0.841181 0.033872 0.028381
2 1 0.039671 0.120421 0.731939 0.039385 0.068585
2 1 0.088816 0.199978 0.459932 0.036998 0.214276
2 4 0.112622 0.180102 0.340442 0.054397 0.312436
2 4 0.120106 0.192705 0.352228 0.056924 0.278036
2 4 0.094801 0.182580 0.464873 0.054634 0.203112
2 4 0.061594 0.147111 0.630441 0.053139 0.107715
2 4 0.026485 0.065719 0.790130 0.077567 0.040100
2 1 0.013791 0.039209 0.854019 0.069269 0.023712
2 1 0.009510 0.026576 0.867441 0.078324 0.018149
2 1 0.010349 0.024460 0.835476 0.109188 0.020526
2 1 0.013936 0.030770 0.811615 0.117488 0.026191
2 1 0.034018 0.056073 0.687507 0.161730 0.060672
2 1 0.046782 0.073800 0.638010 0.152093 0.089315
2 2 0.101994 0.134659 0.415834 0.115013 0.232501
2 2 0.138849 0.160506 0.353698 0.103482 0.243465
0 0 0.310059 0.226989 0.181344 0.049236 0.232372
0 0 0.339852 0.223222 0.155241 0.044263 0.237421
0 1 0.325243 0.225250 0.161656 0.046381 0.241471
4 1 0.212568 0.197698 0.229375 0.077277 0.283083
2 2 0.134005 0.176118 0.349187 0.086406 0.254285
2 2 0.074553 0.116521 0.561612 0.123310 0.124004
2 2 0.090717 0.135599 0.508971 0.116275 0.148437
2 2 0.085229 0.119757 0.566005 0.130823 0.098186
2 2 0.153356 0.164168 0.388809 0.119989 0.173678
2 2 0.116853 0.140924 0.487956 0.123142 0.131125
2 2 0.066096 0.107771 0.663194 0.096008 0.066931
2 2 0.061619 0.100992 0.688804 0.091091 0.057494
2 2 0.064703 0.104854 0.667909 0.098304 0.064229
2 2 0.080302 0.119021 0.626695 0.101075 0.072907
2 2 0.103916 0.130507 0.551494 0.122409 0.091673
2 2 0.104898 0.141178 0.577482 0.095469 0.080973
2 2 0.081796 0.125601 0.620293 0.096514 0.075796
2 2 0.047844 0.095995 0.729966 0.075223 0.050971
2 2 0.045213 0.091617 0.723017 0.085277 0.054877
2 2 0.031578 0.069332 0.764563 0.089561 0.044966
2 2 0.031494 0.064444 0.754678 0.103515 0.045869
2 2 0.043291 0.078837 0.732234 0.096357 0.049281
2 2 0.051332 0.093877 0.729086 0.077339 0.048365
2 2 0.070787 0.111955 0.678738 0.081577 0.056943
2 2 0.075942 0.115299 0.649597 0.093427 0.065735
2 2 0.057827 0.093624 0.670115 0.113373 0.065062
2 2 0.041489 0.071392 0.731773 0.107611 0.047735
2 2 0.025209 0.050407 0.802777 0.090456 0.031151
2 2 0.032754 0.060949 0.793054 0.080770 0.032473
2 2 0.033307 0.064925 0.803527 0.067877 0.030363
2 2 0.051301 0.084871 0.751385 0.073416 0.039027
2 2 0.055645 0.089624 0.720632 0.086579 0.047520
2 2 0.040266 0.066670 0.735480 0.112308 0.045276
2 2 0.035809 0.063812 0.754511 0.103914 0.041954
2 2 0.029600 0.053086 0.768910 0.111137 0.037267
2 2 0.027925 0.056356 0.781943 0.096583 0.037192
2 2 0.016950 0.034729 0.789090 0.128605 0.030626
2 2 0.017537 0.033527 0.768231 0.148140 0.032565
2 2 0.015084 0.027058 0.755206 0.172916 0.029736
2 2 0.014092 0.025455 0.759055 0.173185 0.028214
2 2 0.017875 0.027943 0.716644 0.203966 0.033573
2 2 0.029411 0.040369 0.704494 0.185539 0.040186
2 2 0.052326 0.064594 0.644160 0.179511 0.059409
2 2 0.071027 0.082417 0.586927 0.182612 0.077016
2 2 0.065957 0.084975 0.612226 0.162471 0.074371
2 2 0.049333 0.075102 0.656321 0.152590 0.066654
2 2 0.042287 0.072001 0.719047 0.115421 0.051244
2 2 0.029304 0.061844 0.793344 0.080214 0.035294
2 2 0.021957 0.045217 0.802833 0.099001 0.030991
2 2 0.014866 0.032692 0.808236 0.116700 0.027506
2 2 0.017159 0.030837 0.759519 0.161056 0.031429
2 2 0.021317 0.033379 0.725588 0.183982 0.035734
2 2 0.024098 0.025078 0.557309 0.348344 0.045170
2 2 0.017169 0.017404 0.536467 0.392169 0.036791
2 3 0.018764 0.018243 0.520301 0.403265 0.039427
2 3 0.012038 0.011560 0.517965 0.430427 0.028010
3 3 0.008850 0.007201 0.440287 0.521290 0.022372
2 3 0.009611 0.008748 0.495045 0.463017 0.023578
3 3 0.010135 0.008280 0.442738 0.513973 0.024873
3 3 0.011674 0.006167 0.259427 0.694488 0.028245
3 3 0.009390 0.004188 0.201909 0.760781 0.023732
3 3 0.007622 0.003141 0.177921 0.791250 0.020066
3 3 0.007330 0.002708 0.151727 0.818948 0.019287
3 3 0.009505 0.004383 0.211406 0.750694 0.024012
3 3 0.014192 0.007373 0.253699 0.691785 0.032951
3 3 0.028484 0.018426 0.339509 0.557665 0.055916
3 3 0.065211 0.041089 0.408608 0.409233 0.075859
2 2 0.219179 0.117880 0.346758 0.205817 0.110366
0 1 0.352090 0.180290 0.218843 0.107103 0.141675
0 1 0.326494 0.207832 0.163928 0.061101 0.240644
4 1 0.275284 0.186214 0.151482 0.066927 0.320093
0 1 0.296445 0.209856 0.165768 0.052932 0.275000
0 2 0.267042 0.215389 0.249653 0.067516 0.200400
2 2 0.199835 0.249497 0.287640 0.040550 0.222478
2 2 0.201634 0.209714 0.356324 0.070140 0.162188
2 2 0.016378 0.045292 0.840743 0.070413 0.027174
2 2 0.013777 0.057463 0.879083 0.029303 0.020374
2 2 0.008426 0.029667 0.898120 0.048587 0.015200
2 2 0.012338 0.033289 0.852479 0.079614 0.022280
2 2 0.013524 0.032390 0.829039 0.100151 0.024895
2 2 0.018910 0.040084 0.795677 0.113456 0.031873
2 2 0.024079 0.052871 0.807538 0.083445 0.032067
2 2 0.021097 0.049523 0.826346 0.074721 0.028314
2 2 0.022831 0.057001 0.806363 0.078508 0.035297
2 2 0.015812 0.041120 0.834870 0.081098 0.027099
2 2 0.016588 0.038110 0.811994 0.103951 0.029358
2 2 0.017329 0.033939 0.774950 0.141756 0.032025
2 2 0.020914 0.039295 0.755742 0.146778 0.037270
2 2 0.014138 0.025850 0.763702 0.168205 0.028105
2 2 0.015567 0.021729 0.673532 0.256971 0.032202
2 3 0.013118 0.018768 0.683477 0.256402 0.028235
2 3 0.013358 0.016314 0.617721 0.323006 0.029601
2 3 0.010987 0.015672 0.681208 0.267324 0.024808
2 2 0.009853 0.014382 0.691888 0.261196 0.022681
2 2 0.010470 0.012797 0.619879 0.332327 0.024528
2 2 0.008805 0.009747 0.577558 0.382161 0.021729
2 2 0.008752 0.012431 0.682481 0.275536 0.020800
2 2 0.012168 0.015046 0.625093 0.320251 0.027442
2 2 0.018844 0.028960 0.713792 0.204114 0.034290
2 2 0.015143 0.027951 0.763588 0.163764 0.029555
2 2 0.012811 0.030216 0.828259 0.104663 0.024051
2 2 0.008890 0.024091 0.864720 0.084836 0.017463
2 2 0.010754 0.028494 0.855123 0.085362 0.020268
2 2 0.012410 0.026203 0.805163 0.131813 0.024410
2 2 0.017042 0.020000 0.606531 0.320962 0.035465
3 2 0.021934 0.018373 0.453892 0.460728 0.045072
2 2 0.017407 0.016198 0.502046 0.426967 0.037381
2 2 0.012191 0.011022 0.487620 0.460612 0.028554
3 2 0.006842 0.005775 0.448177 0.520817 0.018389
3 3 0.005929 0.002926 0.222819 0.751611 0.016716
3 3 0.004870 0.002222 0.196903 0.781738 0.014267
3 3 0.004631 0.002206 0.207849 0.771555 0.013759
3 3 0.006017 0.004725 0.409502 0.562978 0.016778
2 3 0.007288 0.008166 0.581782 0.384022 0.018742
2 3 0.009571 0.015572 0.733823 0.219457 0.021577
2 3 0.010381 0.021605 0.805787 0.140739 0.021487
2 2 0.013006 0.025756 0.787479 0.147942 0.025817
2 2 0.012250 0.023369 0.778455 0.160929 0.024997
2 2 0.009850 0.017359 0.759676 0.191481 0.021635
2 2 0.008783 0.014378 0.736666 0.219992 0.020181
2 2 0.006463 0.013875 0.819715 0.145007 0.014940
2 2 0.005583 0.012017 0.822154 0.146911 0.013335
2 2 0.007165 0.013354 0.783451 0.179406 0.016623
2 2 0.006839 0.011952 0.764927 0.200027 0.016255
2 2 0.015409 0.030037 0.778169 0.146971 0.029415
2 2 0.059747 0.085935 0.681082 0.116514 0.056721
2 2 0.173024 0.172584 0.475721 0.090207 0.088465
2 2 0.169317 0.189692 0.472310 0.077258 0.091423
2 2 0.132094 0.192406 0.455476 0.072636 0.147387
2 2 0.087762 0.168114 0.558371 0.065256 0.120497
2 2 0.084307 0.202016 0.527096 0.039796 0.146786
2 2 0.096711 0.233084 0.441589 0.030083 0.198533
2 2 0.103349 0.237309 0.404269 0.029685 0.225388
2 2 0.107544 0.227689 0.428162 0.039265 0.197340
2 2 0.096010 0.196349 0.524421 0.054268 0.128952
2 2 0.080125 0.150304 0.632085 0.065414 0.072072
2 2 0.057307 0.117220 0.702956 0.065799 0.056718
2 2 0.039968 0.104844 0.765373 0.047076 0.042738
2 2 0.025506 0.078358 0.824707 0.040810 0.030618
2 2 0.017006 0.059448 0.856665 0.041389 0.025492
2 2 0.022405 0.075138 0.835040 0.038206 0.029211
2 2 0.010438 0.045538 0.899252 0.028433 0.016339
2 2 0.015391 0.060398 0.873568 0.029761 0.020882
2 2 0.010544 0.044299 0.897522 0.030923 0.016713
2 2 0.007417 0.030904 0.914476 0.034255 0.012947
2 2 0.003990 0.015745 0.927885 0.044030 0.008351
2 2 0.004438 0.016352 0.919719 0.050208 0.009283
2 2 0.004379 0.014594 0.908743 0.062732 0.009552
2 2 0.005074 0.015222 0.892148 0.076469 0.011087
2 2 0.005292 0.012914 0.853859 0.115654 0.012280
2 2 0.006589 0.016902 0.861197 0.101055 0.014257
2 2 0.010439 0.027704 0.856406 0.085635 0.019816
2 2 0.019747 0.049731 0.816353 0.081918 0.032251
2 2 0.033560 0.085291 0.768316 0.066614 0.046219
2 2 0.069088 0.145304 0.654629 0.056821 0.074158
2 2 0.073734 0.160407 0.653999 0.044815 0.067045
2 2 0.061752 0.145892 0.707862 0.037377 0.047117
2 2 0.032457 0.093098 0.794206 0.043311 0.036927
2 2 0.029972 0.084767 0.811468 0.041660 0.032133
2 2 0.021339 0.066932 0.846352 0.039578 0.025799
2 2 0.014156 0.057349 0.882612 0.027159 0.018724
2 2 0.009148 0.040867 0.907473 0.027821 0.014691
2 2 0.010928 0.046747 0.895894 0.029400 0.017030
2 2 0.009304 0.036463 0.901213 0.037344 0.015676
2 2 0.009003 0.034058 0.900658 0.040763 0.015518
2 2 0.020289 0.056482 0.826116 0.065441 0.031673
2 2 0.050164 0.103151 0.687414 0.091348 0.067923
2 4 0.114657 0.171661 0.434987 0.082294 0.196401
2 4 0.117050 0.187699 0.488023 0.061497 0.145731
2 4 0.117603 0.223181 0.432889 0.038574 0.187753
2 2 0.056110 0.137741 0.689359 0.046818 0.069973
2 2 0.038961 0.090358 0.764387 0.062463 0.043831
2 2 0.045653 0.092230 0.724921 0.083261 0.053935
2 2 0.058884 0.123874 0.699160 0.060946 0.057135
2 2 0.200990 0.251327 0.307102 0.040944 0.199637
1 2 0.237122 0.252247 0.246909 0.038376 0.225347
4 2 0.246613 0.217278 0.119880 0.027189 0.389039
4 2 0.198986 0.197133 0.098004 0.021580 0.484298
4 2 0.147166 0.167132 0.080385 0.019360 0.585956
4 2 0.140822 0.217498 0.179359 0.025596 0.436725
4 2 0.155417 0.211021 0.175646 0.033882 0.424034
4 2 0.156023 0.212527 0.182867 0.035420 0.413164
4 2 0.156613 0.212479 0.183718 0.035976 0.411214
4 2 0.152013 0.205810 0.154162 0.028854 0.459162
4 2 0.145014 0.208701 0.155672 0.025259 0.465354
4 2 0.145075 0.223430 0.217312 0.033066 0.381117
2 2 0.142187 0.224990 0.296480 0.045199 0.291144
2 2 0.119551 0.193720 0.396218 0.066084 0.224428
2 2 0.142631 0.223561 0.390637 0.053236 0.189935
2 2 0.150360 0.238529 0.361701 0.043314 0.206097
2 2 0.160854 0.256228 0.350037 0.032034 0.200847
2 2 0.195407 0.260406 0.268877 0.029562 0.245749
2 2 0.207877 0.268081 0.335949 0.029996 0.158097
2 2 0.164508 0.261011 0.354573 0.029630 0.190278
2 2 0.178120 0.239941 0.438171 0.042162 0.101606
2 2 0.117550 0.130292 0.532638 0.128159 0.091361
2 2 0.078566 0.191910 0.559263 0.040340 0.129920
2 2 0.052425 0.107145 0.705188 0.076304 0.058937
2 2 0.068089 0.137856 0.628927 0.070262 0.094865
2 2 0.046142 0.107965 0.717600 0.065890 0.062403
2 2 0.056420 0.136730 0.678691 0.050275 0.077883
2 2 0.083387 0.177679 0.595469 0.044420 0.099045
2 2 0.130368 0.232461 0.396661 0.039163 0.201347
2 2 0.114582 0.225123 0.398385 0.040739 0.221172
2 2 0.121868 0.238567 0.308275 0.029734 0.301556
2 2 0.120786 0.239044 0.310851 0.029300 0.300020
2 2 0.127340 0.235683 0.303267 0.033255 0.300455
2 2 0.092101 0.194485 0.502468 0.049857 0.161088
2 2 0.114238 0.213371 0.417834 0.051017 0.203541
2 2 0.155023 0.232485 0.340960 0.050751 0.220780
2 2 0.140980 0.230781 0.333949 0.046681 0.247609
4 2 0.145318 0.225972 0.245356 0.037939 0.345415
4 2 0.150733 0.201725 0.142092 0.026738 0.478712
4 2 0.147745 0.222123 0.216543 0.034867 0.378723
4 4 0.160060 0.225676 0.191753 0.029399 0.393112
4 4 0.247036 0.217951 0.116294 0.025198 0.393521
0 4 0.336851 0.243158 0.134125 0.024929 0.260936
0 0 0.513662 0.197072 0.109572 0.028290 0.151403
0 0 0.684948 0.142528 0.075824 0.023479 0.073221
0 0 0.753654 0.107761 0.058099 0.025500 0.054986
0 0 0.782867 0.090046 0.048409 0.027705 0.050972
0 0 0.706010 0.119486 0.057287 0.024631 0.092587
0 0 0.553421 0.192334 0.093318 0.020612 0.140315
4 1 0.296812 0.237950 0.104053 0.015488 0.345696
4 1 0.157832 0.174422 0.069202 0.012372 0.586172
4 4 0.123763 0.193574 0.110537 0.013478 0.558649
4 4 0.127109 0.211247 0.147458 0.016758 0.497427
4 4 0.121726 0.215171 0.153090 0.015186 0.494827
4 4 0.107229 0.243928 0.250500 0.015755 0.382589
2 4 0.088960 0.250038 0.386279 0.017172 0.257551
4 1 0.112647 0.235550 0.211315 0.015407 0.425081
4 1 0.119328 0.237271 0.237512 0.020213 0.385675
4 1 0.120610 0.228101 0.191855 0.017255 0.442179
4 1 0.131882 0.223852 0.191302 0.022219 0.430745
4 1 0.129476 0.227778 0.204799 0.022288 0.415659
4 1 0.129181 0.221173 0.263357 0.032986 0.353302
2 1 0.094059 0.162785 0.447879 0.066351 0.228927
2 1 0.093625 0.145583 0.450375 0.086598 0.223819
2 1 0.058299 0.109654 0.623497 0.092174 0.116376
2 2 0.088192 0.168730 0.482804 0.058441 0.201833
2 2 0.100064 0.206079 0.417873 0.039907 0.236077
4 2 0.113921 0.243206 0.291827 0.022445 0.328601
4 2 0.121277 0.217482 0.158727 0.015365 0.487148
4 2 0.118752 0.215770 0.152311 0.014138 0.499029
4 2 0.117193 0.185733 0.096176 0.010993 0.589905
4 2 0.124726 0.200068 0.122360 0.014414 0.538432
4 2 0.125092 0.179317 0.089853 0.012808 0.592930
4 2 0.128323 0.190548 0.107467 0.014713 0.558949
4 2 0.125398 0.180176 0.091101 0.012956 0.590369
4 2 0.143677 0.190809 0.114703 0.020790 0.530020
4 2 0.144527 0.189191 0.112218 0.020931 0.533133
4 2 0.169051 0.230106 0.190582 0.028537 0.381723
4 2 0.135109 0.225038 0.202186 0.024964 0.412702
4 2 0.135836 0.229214 0.230271 0.028684 0.375995
2 2 0.093318 0.203242 0.466053 0.041077 0.196311
2 2 0.061656 0.146003 0.632143 0.054562 0.105636
2 2 0.076390 0.163711 0.575456 0.059521 0.124922
2 2 0.073654 0.167357 0.592216 0.054526 0.112247
2 2 0.077689 0.175122 0.574140 0.052827 0.120222
2 2 0.099769 0.209888 0.501897 0.047331 0.141115
2 2 0.117099 0.228561 0.395284 0.042493 0.216564
2 2 0.112124 0.219467 0.430348 0.047778 0.190283
2 2 0.077095 0.169735 0.568779 0.054699 0.129692
2 2 0.039167 0.103588 0.744056 0.057588 0.055601
2 2 0.027851 0.075793 0.793891 0.062335 0.040129
2 2 0.025942 0.070080 0.800864 0.064863 0.038251
2 2 0.032446 0.082353 0.770302 0.068943 0.045956
2 2 0.032492 0.080156 0.767498 0.073348 0.046506
2 2 0.026648 0.071139 0.797038 0.066001 0.039173
2 2 0.027166 0.080045 0.806491 0.049874 0.036424
2 2 0.009895 0.037781 0.896714 0.039037 0.016573
2 2 0.008063 0.028937 0.901369 0.047026 0.014605
2 2 0.004047 0.015555 0.925303 0.046567 0.008528
2 2 0.004164 0.013316 0.903937 0.069240 0.009343
2 2 0.004245 0.013777 0.905714 0.066837 0.009427
2 2 0.004840 0.015776 0.904421 0.064584 0.010379
2 2 0.004196 0.014071 0.910116 0.062387 0.009230
2 2 0.004213 0.012722 0.895316 0.078120 0.009629
2 2 0.005361 0.013388 0.857898 0.111012 0.012341
2 2 0.007793 0.014858 0.783984 0.175524 0.017841
2 2 0.008981 0.017767 0.793977 0.159661 0.019613
2 2 0.015413 0.032735 0.799141 0.124124 0.028587
2 2 0.031066 0.072459 0.774392 0.078792 0.043291
2 2 0.034142 0.087852 0.781071 0.055960 0.040975
2 2 0.022215 0.070320 0.827478 0.047827 0.032161
2 2 0.019081 0.057827 0.838564 0.055211 0.029317
2 2 0.020301 0.048136 0.805543 0.092377 0.033643
2 2 0.017836 0.040280 0.804970 0.105764 0.031150
2 2 0.012477 0.031500 0.841611 0.091394 0.023018
2 2 0.011511 0.029435 0.846839 0.090624 0.021591
2 2 0.005361 0.016403 0.894217 0.072551 0.011468
2 2 0.003198 0.010110 0.904475 0.074511 0.007706
2 2 0.002715 0.007104 0.870583 0.112336 0.007260
2 2 0.003958 0.007627 0.792154 0.185732 0.010528
2 2 0.004914 0.006676 0.662628 0.312359 0.013424
2 2 0.004491 0.006483 0.686651 0.289978 0.012395
2 2 0.004666 0.006485 0.671157 0.304834 0.012857
2 2 0.005046 0.006967 0.669289 0.305026 0.013672
2 2 0.005608 0.006653 0.600960 0.371516 0.015263
2 2 0.006679 0.006443 0.503786 0.465107 0.017985
3 2 0.009943 0.007550 0.401527 0.556139 0.024841
3 2 0.012063 0.007343 0.313863 0.637789 0.028942
3 2 0.012293 0.009061 0.393521 0.555899 0.029226
2 2 0.009626 0.015769 0.736177 0.216793 0.021634
2 2 0.006237 0.013356 0.820723 0.145186 0.014498
2 2 0.006961 0.019872 0.878988 0.079891 0.014288
2 2 0.010095 0.033817 0.886311 0.052073 0.017705
2 2 0.020358 0.060830 0.832010 0.055908 0.030894
2 2 0.029728 0.072634 0.776584 0.077240 0.043813
2 2 0.086605 0.138811 0.583995 0.094279 0.096309
2 0 0.155356 0.185961 0.439806 0.090343 0.128533
2 1 0.094492 0.163405 0.579888 0.067845 0.094370
2 1 0.039739 0.082563 0.722086 0.098446 0.057166
2 2 0.026002 0.066543 0.795369 0.072970 0.039115
2 2 0.021816 0.035518 0.718734 0.184251 0.039682
2 2 0.011314 0.027390 0.837765 0.101804 0.021727
2 2 0.005389 0.023839 0.928727 0.032063 0.009982
2 2 0.003109 0.012934 0.936101 0.041063 0.006793
2 2 0.002633 0.012443 0.947376 0.031839 0.005708
2 2 0.004320 0.016331 0.922639 0.047701 0.009010
2 2 0.009130 0.029161 0.885775 0.059187 0.016747
2 2 0.013947 0.039112 0.851758 0.071152 0.024031
2 2 0.006444 0.016738 0.863960 0.098897 0.013961
2 2 0.005374 0.005703 0.547359 0.426557 0.015008
3 2 0.003943 0.002603 0.319514 0.661719 0.012221
3 3 0.003182 0.001281 0.158278 0.827129 0.010131
3 3 0.002986 0.001126 0.143055 0.843251 0.009583
3 3 0.002301 0.000659 0.091946 0.897498 0.007595
3 3 0.002530 0.000649 0.078409 0.910334 0.008077
3 3 0.001747 0.000281 0.035497 0.956785 0.005691
3 3 0.001609 0.000219 0.026730 0.966227 0.005215
3 3 0.001106 0.000119 0.017387 0.977628 0.003760
3 3 0.001310 0.000137 0.016988 0.977284 0.004280
3 3 0.001252 0.000106 0.011857 0.982779 0.004006
3 3 0.001287 0.000104 0.010929 0.983616 0.004065
3 3 0.001549 0.000127 0.011550 0.982057 0.004717
3 3 0.001779 0.000152 0.012616 0.980161 0.005291
3 3 0.001747 0.000136 0.010743 0.982226 0.005147
3 3 0.002037 0.000168 0.012108 0.979828 0.005859
3 3 0.001853 0.000133 0.009449 0.983236 0.005329
3 3 0.002555 0.000186 0.010063 0.980322 0.006874
3 3 0.001742 0.000123 0.009075 0.983999 0.005061
3 3 0.001508 0.000111 0.009547 0.984289 0.004545
3 3 0.000960 0.000054 0.005830 0.990090 0.003066
3 3 0.000881 0.000053 0.006476 0.989695 0.002894
3 3 0.001243 0.000079 0.007377 0.987476 0.003825
3 3 0.001495 0.000095 0.007563 0.986422 0.004425
3 3 0.001572 0.000104 0.008069 0.985630 0.004626
3 3 0.001741 0.000128 0.009750 0.983289 0.005091
3 3 0.001729 0.000134 0.010611 0.982426 0.005100
3 3 0.001400 0.000101 0.009149 0.985077 0.004274
3 3 0.001250 0.000077 0.006906 0.987948 0.003820
3 3 0.000889 0.000045 0.004842 0.991379 0.002844
3 3 0.000801 0.000033 0.003357 0.993269 0.002540
3 3 0.000867 0.000033 0.002913 0.993518 0.002669
3 3 0.001209 0.000048 0.003349 0.991896 0.003498
3 3 0.001178 0.000053 0.004060 0.991226 0.003484
3 3 0.001292 0.000063 0.004753 0.990095 0.003796
3 3 0.001173 0.000058 0.004754 0.990494 0.003521
3 3 0.000964 0.000049 0.004808 0.991152 0.003027
3 3 0.000898 0.000046 0.004847 0.991343 0.002866
3 3 0.000985 0.000050 0.004948 0.990933 0.003084
3 3 0.000899 0.000045 0.004777 0.991414 0.002864
3 3 0.000821 0.000041 0.004711 0.991759 0.002667
3 3 0.001055 0.000060 0.006026 0.989550 0.003309
3 3 0.001105 0.000060 0.005574 0.989852 0.003409
3 3 0.001425 0.000089 0.007297 0.986939 0.004249
3 3 0.001902 0.000114 0.007011 0.985674 0.005299
3 3 0.002437 0.000158 0.008283 0.982605 0.006517
3 3 0.002594 0.000154 0.007222 0.983270 0.006761
3 3 0.002132 0.000116 0.006097 0.985931 0.005723
3 3 0.001304 0.000058 0.004048 0.990820 0.003770
3 3 0.001000 0.000039 0.003104 0.992859 0.002998
3 3 0.001032 0.000043 0.003556 0.992260 0.003109
3 3 0.001271 0.000059 0.004349 0.990601 0.003719
3 3 0.001530 0.000072 0.004580 0.989504 0.004314
3 3 0.002014 0.000096 0.004828 0.987696 0.005366
3 3 0.003515 0.000188 0.006296 0.981540 0.008460
3 3 0.004419 0.000243 0.006759 0.978413 0.010165
3 3 0.006182 0.000314 0.006164 0.974256 0.013084
3 3 0.002890 0.000129 0.004527 0.985393 0.007062
3 3 0.001255 0.000045 0.002801 0.992353 0.003546
3 3 0.000787 0.000031 0.003034 0.993663 0.002485
3 3 0.000960 0.000041 0.003727 0.992320 0.002951
3 3 0.001812 0.000136 0.010161 0.982622 0.005269
3 3 0.013986 0.003084 0.073909 0.878800 0.030221
3 1 0.073435 0.043729 0.369121 0.426901 0.086814
2 1 0.097476 0.109993 0.566534 0.143539 0.082457
2 1 0.115789 0.171984 0.521802 0.078590 0.111836
2 1 0.086346 0.143471 0.519523 0.092766 0.157894
2 1 0.065552 0.101877 0.584498 0.133864 0.114210
2 2 0.021499 0.035466 0.717272 0.186139 0.039624
2 2 0.009959 0.015299 0.712779 0.239416 0.022546
2 2 0.005622 0.010930 0.793946 0.175729 0.013773
2 2 0.004724 0.010846 0.839885 0.133037 0.011507
2 2 0.005892 0.015673 0.869712 0.095772 0.012950
2 2 0.008722 0.024413 0.870329 0.079522 0.017014
2 2 0.006681 0.019804 0.885500 0.074348 0.013668
2 2 0.005381 0.017896 0.905052 0.060528 0.011143
2 2 0.003706 0.013225 0.919056 0.055794 0.008219
2 2 0.003233 0.011155 0.916525 0.061571 0.007517
2 2 0.003600 0.010461 0.890040 0.087214 0.008684
2 2 0.007892 0.018148 0.835075 0.121941 0.016944
2 2 0.009860 0.022564 0.829783 0.117769 0.020026
2 2 0.012980 0.029485 0.820216 0.112709 0.024609
2 2 0.010105 0.027340 0.860550 0.082795 0.019209
2 2 0.006670 0.022143 0.899926 0.058182 0.013080
2 2 0.004095 0.015929 0.926161 0.045250 0.008564
2 2 0.004365 0.016147 0.920385 0.049946 0.009157
2 2 0.004889 0.017219 0.913318 0.054421 0.010153
2 2 0.004261 0.011615 0.877396 0.096651 0.010078
2 2 0.005068 0.011129 0.826594 0.144848 0.012361
2 2 0.005912 0.011882 0.800790 0.167138 0.014278
2 2 0.004327 0.009962 0.839176 0.135724 0.010811
2 2 0.004132 0.009867 0.848574 0.127115 0.010311
2 2 0.004018 0.010141 0.863575 0.112426 0.009841
2 2 0.004664 0.012312 0.872998 0.099225 0.010802
2 2 0.004658 0.012507 0.876424 0.095691 0.010721
2 2 0.003267 0.010002 0.899305 0.079501 0.007924
2 2 0.003124 0.008778 0.884290 0.095905 0.007903
2 2 0.005369 0.011928 0.829647 0.140198 0.012858
2 2 0.006939 0.012930 0.776578 0.187074 0.016480
2 2 0.006239 0.006941 0.569164 0.400857 0.016799
3 2 0.004364 0.002921 0.328807 0.650708 0.013201
3 2 0.003772 0.002246 0.278769 0.703414 0.011799
3 2 0.003880 0.002814 0.358767 0.622494 0.012046
3 2 0.004123 0.003922 0.483778 0.495723 0.012453
2 2 0.003790 0.005993 0.717358 0.262106 0.010753
2 3 0.004020 0.007570 0.780569 0.197024 0.010816
2 3 0.004528 0.009073 0.801855 0.172926 0.011619
2 3 0.005840 0.012695 0.823569 0.144106 0.013791
2 3 0.004995 0.008239 0.740977 0.232740 0.013049
2 2 0.005895 0.006415 0.566860 0.404883 0.015947
2 2 0.006419 0.013080 0.807421 0.158060 0.015021
2 2 0.010849 0.010837 0.538209 0.414453 0.025653
2 2 0.012765 0.018587 0.703111 0.238591 0.026946
2 2 0.005532 0.015062 0.874810 0.092343 0.012253
2 2 0.006034 0.008430 0.680444 0.289548 0.015543
2 2 0.006733 0.007756 0.595185 0.372802 0.017525
2 2 0.006888 0.007104 0.542200 0.425664 0.018144
2 2 0.007064 0.008234 0.598424 0.368061 0.018218
2 2 0.006310 0.013309 0.814927 0.150694 0.014760
2 2 0.005262 0.014890 0.882216 0.085990 0.011641
2 2 0.005007 0.017981 0.914864 0.051892 0.010257
2 2 0.004243 0.018003 0.932265 0.036991 0.008498
2 2 0.003710 0.015263 0.932534 0.040708 0.007784
2 2 0.004227 0.015607 0.920766 0.050454 0.008946
2 2 0.004980 0.018665 0.919052 0.047256 0.010047
2 2 0.004196 0.014044 0.909875 0.062648 0.009237
2 2 0.005108 0.014663 0.885017 0.083886 0.011326
2 2 0.004033 0.011335 0.883417 0.091647 0.009569
2 2 0.003269 0.008731 0.873980 0.105693 0.008327
2 2 0.003339 0.008413 0.861092 0.118524 0.008632
2 2 0.004509 0.013358 0.891588 0.080343 0.010202
2 2 0.004597 0.014705 0.902733 0.067908 0.010057
2 2 0.005227 0.019891 0.919273 0.045254 0.010355
2 2 0.006760 0.022814 0.901341 0.055959 0.013127
2 2 0.009831 0.029586 0.876216 0.066277 0.018090
2 2 0.006343 0.016604 0.865676 0.097618 0.013759
2 2 0.006143 0.019409 0.896006 0.065904 0.012538
2 2 0.004613 0.016998 0.918990 0.049842 0.009556
2 2 0.005116 0.019516 0.919978 0.045208 0.010182
2 2 0.005249 0.021710 0.925471 0.037518 0.010053
2 2 0.003807 0.016124 0.934275 0.037949 0.007845
2 2 0.004599 0.018655 0.927307 0.040257 0.009182
2 2 0.005796 0.021622 0.915012 0.046302 0.011267
2 2 0.006696 0.019807 0.885163 0.074635 0.013700
2 2 0.008612 0.018742 0.820447 0.133777 0.018422
2 2 0.006497 0.015592 0.847338 0.116130 0.014443
2 2 0.005651 0.013074 0.839842 0.128251 0.013180
2 2 0.005586 0.015230 0.874944 0.091906 0.012335
2 2 0.004313 0.013282 0.898081 0.074596 0.009728
2 2 0.004729 0.012508 0.872525 0.099300 0.010939
2 2 0.003852 0.008516 0.832342 0.145372 0.009917
2 2 0.003171 0.008256 0.868450 0.111912 0.008211
2 2 0.002330 0.006929 0.894834 0.089687 0.006219
2 2 0.002762 0.009065 0.910749 0.070613 0.006811
2 2 0.004569 0.016731 0.918571 0.050618 0.009510
2 2 0.008575 0.028668 0.892762 0.054285 0.015711
2 2 0.009739 0.034337 0.892159 0.046863 0.016903
2 2 0.006505 0.024149 0.911358 0.045692 0.012297
2 2 0.004255 0.013223 0.899952 0.072991 0.009580
2 2 0.003112 0.009765 0.903466 0.076087 0.007571
2 2 0.004578 0.013174 0.886620 0.085199 0.010429
2 2 0.009369 0.028959 0.881172 0.063216 0.017283
2 2 0.015485 0.050690 0.860119 0.049265 0.024442
2 2 0.018609 0.063823 0.848053 0.042098 0.027417
2 2 0.010088 0.038347 0.895477 0.039248 0.016840
2 2 0.006845 0.026766 0.913637 0.040240 0.012512
2 2 0.003830 0.016614 0.935817 0.035931 0.007807
2 2 0.004422 0.018492 0.930357 0.037915 0.008814
2 2 0.005640 0.024335 0.926009 0.033590 0.010426
2 2 0.008370 0.034986 0.909436 0.033075 0.014134
2 2 0.011612 0.047245 0.890501 0.032473 0.018168
2 2 0.016325 0.061590 0.862898 0.035185 0.024001
2 2 0.036883 0.119486 0.751053 0.035901 0.056676
2 2 0.044401 0.130487 0.711018 0.040362 0.073732
2 2 0.058890 0.160212 0.635798 0.039550 0.105551
2 2 0.046345 0.117366 0.704198 0.056601 0.075490
2 2 0.035302 0.095615 0.757241 0.055915 0.055926
2 2 0.055116 0.144137 0.647062 0.044382 0.109302
2 2 0.056575 0.140556 0.660471 0.052808 0.089590
2 4 0.163847 0.223667 0.388946 0.064873 0.158667
0 4 0.365329 0.222776 0.203071 0.064661 0.144163
0 4 0.380166 0.228991 0.191894 0.053622 0.145328
2 4 0.266101 0.258246 0.270525 0.038267 0.166861
2 4 0.159520 0.250968 0.317095 0.033589 0.238828
4 1 0.113731 0.230506 0.191720 0.014634 0.449410
4 1 0.113845 0.234604 0.208965 0.015720 0.426866
4 1 0.103753 0.248267 0.298305 0.017629 0.332047
4 2 0.116499 0.241858 0.297113 0.024578 0.319952
2 2 0.103564 0.229592 0.383113 0.029746 0.253985
2 2 0.083190 0.182015 0.518398 0.047572 0.168825
2 2 0.063718 0.168969 0.604614 0.038460 0.124240
2 2 0.061030 0.161442 0.617948 0.040054 0.119526
2 2 0.037557 0.126704 0.741101 0.031539 0.063099
2 2 0.029168 0.098623 0.789559 0.035947 0.046702
2 2 0.038665 0.123001 0.736136 0.035664 0.066533
2 2 0.045094 0.134330 0.701874 0.037938 0.080763
2 2 0.057230 0.157916 0.633949 0.037801 0.113104
2 2 0.062058 0.158765 0.612920 0.042715 0.123541
2 2 0.068024 0.177728 0.579214 0.037117 0.137918
2 2 0.055487 0.145391 0.654120 0.045325 0.099678
2 2 0.065205 0.173791 0.602508 0.037938 0.120559
2 2 0.059969 0.168009 0.626942 0.036037 0.109043
2 2 0.057978 0.164682 0.632515 0.035305 0.109520
2 2 0.069448 0.185621 0.568632 0.034185 0.142114
4 2 0.114327 0.242981 0.297268 0.023258 0.322166
4 2 0.125870 0.219169 0.167678 0.017664 0.469620
4 1 0.128648 0.170047 0.079113 0.013257 0.608935
4 1 0.126366 0.164473 0.072187 0.012284 0.624690
4 1 0.124419 0.181239 0.092246 0.012739 0.589358
4 4 0.124271 0.159800 0.066787 0.011490 0.637653
4 4 0.132669 0.226513 0.204733 0.023922 0.412163
4 4 0.145275 0.213325 0.170276 0.027003 0.444121
2 0 0.170979 0.225064 0.329914 0.064077 0.209966
2 1 0.099500 0.223188 0.471166 0.038255 0.167890
2 1 0.051534 0.143989 0.676523 0.041516 0.086438
2 1 0.032099 0.099177 0.770606 0.041915 0.056203
2 1 0.040990 0.132136 0.719970 0.033011 0.073892
2 1 0.057091 0.179929 0.624302 0.027055 0.111624
2 1 0.086120 0.240523 0.444366 0.021337 0.207653
2 1 0.093994 0.246559 0.388868 0.020429 0.250150
4 1 0.105213 0.247360 0.313689 0.019677 0.314062
4 4 0.103448 0.248368 0.308887 0.018332 0.320965
4 4 0.102492 0.248809 0.293316 0.016655 0.338728
2 4 0.103010 0.246821 0.343325 0.021286 0.285557
2 4 0.088807 0.239843 0.439192 0.022721 0.209436
2 2 0.072204 0.217724 0.538128 0.023762 0.148182
2 2 0.054306 0.190363 0.633512 0.021757 0.100063
2 2 0.069659 0.217050 0.552512 0.022971 0.137809
2 2 0.079318 0.227209 0.506392 0.024482 0.162600
2 2 0.094694 0.241974 0.411370 0.023569 0.228393
2 2 0.085711 0.235919 0.462713 0.023464 0.192193
2 1 0.107115 0.212345 0.371803 0.037044 0.271692
4 1 0.141390 0.168533 0.080571 0.017313 0.592192
4 4 0.119828 0.180751 0.090188 0.011409 0.597824
4 4 0.121164 0.169102 0.076198 0.011135 0.622401
4 4 0.126826 0.170362 0.079032 0.012746 0.611034
4 4 0.125650 0.206529 0.135754 0.015499 0.516569
4 4 0.124258 0.228026 0.196933 0.019166 0.431617
4 4 0.126245 0.214028 0.153742 0.016854 0.489130
4 4 0.127404 0.169005 0.077572 0.012831 0.613189
4 4 0.121777 0.174041 0.082183 0.011555 0.610444
4 4 0.122327 0.180922 0.091171 0.012113 0.593467
4 4 0.122223 0.196582 0.114942 0.013247 0.553006
4 4 0.129436 0.205718 0.136362 0.016877 0.511607
4 4 0.123184 0.219467 0.165959 0.016512 0.474877
4 4 0.121759 0.213276 0.148448 0.014924 0.501592
4 4 0.127653 0.196101 0.116567 0.015026 0.544652
4 4 0.133051 0.186646 0.103132 0.015991 0.561180
4 4 0.134358 0.158630 0.066324 0.013635 0.627053
4 4 0.126896 0.153265 0.060794 0.011872 0.647173
4 4 0.130680 0.156015 0.064173 0.013037 0.636095
4 4 0.131308 0.156465 0.064746 0.013240 0.634241
4 4 0.157976 0.176532 0.097020 0.025412 0.543059
4 4 0.159175 0.174261 0.094006 0.025652 0.546905
4 0 0.209663 0.198500 0.133375 0.042880 0.415582
4 1 0.190629 0.225071 0.160598 0.027983 0.395720
4 1 0.138969 0.235223 0.234374 0.026677 0.364757
2 1 0.099943 0.248585 0.342801 0.019435 0.289235
2 1 0.081259 0.245573 0.437397 0.017277 0.218494
2 1 0.088690 0.247848 0.401239 0.018374 0.243849
2 1 0.094068 0.250697 0.356036 0.017383 0.281815
2 1 0.092208 0.247231 0.391660 0.019589 0.249312
2 1 0.092550 0.245847 0.398599 0.020535 0.242469
2 1 0.097205 0.246381 0.376856 0.021206 0.258352
4 1 0.110379 0.244896 0.305272 0.021765 0.317688
4 4 0.119866 0.237275 0.239385 0.020642 0.382833
4 4 0.125928 0.224254 0.184503 0.018925 0.446389
4 4 0.123541 0.203017 0.127371 0.014315 0.531756
4 4 0.122658 0.192042 0.107600 0.013003 0.564696
4 4 0.123157 0.187193 0.100316 0.012783 0.576552
4 4 0.125638 0.180373 0.091442 0.013042 0.589506
4 4 0.121540 0.200631 0.121822 0.013396 0.542612
4 4 0.122000 0.207160 0.134883 0.014236 0.521720
4 4 0.118886 0.216278 0.153681 0.014257 0.496898
4 4 0.117396 0.208524 0.135009 0.012814 0.526256
4 4 0.114426 0.212928 0.142630 0.012301 0.517715
4 4 0.120426 0.200399 0.120855 0.013013 0.545307
4 4 0.118490 0.161983 0.067895 0.010149 0.641483
4 4 0.121621 0.149315 0.056274 0.010395 0.662395
4 4 0.122133 0.153682 0.060369 0.010687 0.653129
4 4 0.121003 0.155313 0.061727 0.010479 0.651477
4 4 0.124148 0.197247 0.116971 0.013937 0.547696
4 4 0.126637 0.204820 0.132745 0.015655 0.520143
4 4 0.123139 0.215395 0.154775 0.015784 0.490907
4 1 0.114955 0.241167 0.256404 0.019685 0.367789
4 1 0.124384 0.221066 0.171971 0.017378 0.465201
4 1 0.119655 0.199376 0.118655 0.012679 0.549634
4 4 0.112922 0.228407 0.183259 0.013878 0.461534
4 4 0.110522 0.223020 0.164538 0.012168 0.489752
4 4 0.108402 0.218924 0.152366 0.011020 0.509289
4 4 0.109646 0.223410 0.164849 0.011921 0.490173
4 4 0.109002 0.237197 0.212656 0.014135 0.427010
4 4 0.123094 0.207100 0.135413 0.014621 0.519772
4 4 0.135831 0.196696 0.121679 0.018234 0.527560
4 4 0.144101 0.188389 0.110617 0.020622 0.536271
4 4 0.138191 0.190245 0.111152 0.018355 0.542057
4 4 0.125826 0.227338 0.196475 0.019827 0.430533
4 4 0.124282 0.211139 0.145171 0.015598 0.503810
4 4 0.119381 0.219089 0.161452 0.014865 0.485213
4 4 0.117850 0.203902 0.126081 0.012515 0.539653
4 4 0.117709 0.146298 0.053057 0.009399 0.673538
4 4 0.120909 0.148772 0.055680 0.010207 0.664432
4 4 0.130141 0.155627 0.063684 0.012865 0.637682
4 4 0.137773 0.161041 0.070910 0.015492 0.614784
4 4 0.132206 0.157103 0.065569 0.013534 0.631588
4 4 0.145310 0.180675 0.098554 0.020111 0.555351
4 4 0.154407 0.190507 0.119751 0.026138 0.509197
4 4 0.147146 0.183597 0.103889 0.021300 0.544068
4 4 0.134426 0.184657 0.100580 0.016290 0.564047
4 4 0.134988 0.180958 0.095291 0.016138 0.572624
4 4 0.129535 0.140339 0.056462 0.013433 0.660230
4 4 0.150721 0.209435 0.163845 0.029317 0.446681
4 4 0.227650 0.207328 0.131382 0.037423 0.396216
0 0 0.320845 0.228371 0.174615 0.050660 0.225509
0 1 0.373926 0.251844 0.189836 0.032771 0.151623
1 1 0.258626 0.269996 0.250695 0.028175 0.192508
4 1 0.134451 0.218579 0.175091 0.021969 0.449910
4 1 0.127435 0.208226 0.140623 0.016431 0.507285
4 1 0.124295 0.168363 0.076085 0.011927 0.619331
4 1 0.128476 0.226317 0.196335 0.021038 0.427834
4 1 0.133173 0.225606 0.209491 0.025100 0.406630
2 1 0.118991 0.193864 0.337975 0.051740 0.297429
4 1 0.126999 0.196416 0.290887 0.047796 0.337902
4 1 0.124044 0.195719 0.292817 0.045935 0.341486
4 1 0.135103 0.190572 0.110348 0.017171 0.546806
4 1 0.122041 0.151273 0.058113 0.010569 0.658003
4 1 0.141121 0.193574 0.118515 0.020060 0.526731
4 1 0.138842 0.194689 0.119439 0.019226 0.527804
4 1 0.128197 0.197729 0.227036 0.034643 0.412394
4 1 0.114482 0.198366 0.291583 0.036467 0.359103
2 2 0.100715 0.188078 0.396959 0.046545 0.267704
2 2 0.112970 0.233126 0.345894 0.030638 0.277372
4 2 0.130915 0.223694 0.189216 0.021564 0.434610
4 2 0.131796 0.204221 0.134602 0.017632 0.511750
4 2 0.134518 0.187595 0.105207 0.016622 0.556058
4 2 0.144268 0.182155 0.100443 0.019856 0.553278
4 2 0.147497 0.182185 0.101760 0.021260 0.547296
4 2 0.144701 0.207879 0.153081 0.024830 0.469509
4 2 0.133258 0.222951 0.247063 0.032056 0.364672
2 2 0.120682 0.206190 0.334903 0.045737 0.292488
2 2 0.066913 0.146149 0.600168 0.060277 0.126493
2 2 0.072542 0.151056 0.572275 0.062434 0.141693
2 2 0.096119 0.193373 0.456058 0.047937 0.206512
2 2 0.106793 0.215500 0.390310 0.038119 0.249277
2 2 0.115194 0.239323 0.345377 0.030170 0.269936
4 2 0.125287 0.234894 0.239059 0.023445 0.377315
4 2 0.119670 0.238386 0.287997 0.025990 0.327957
2 2 0.112247 0.213721 0.358284 0.038782 0.276966
2 2 0.098015 0.191759 0.432166 0.047208 0.230852
2 2 0.103844 0.210304 0.423749 0.042578 0.219525
2 2 0.099942 0.233816 0.429376 0.030995 0.205871
2 2 0.121552 0.196948 0.465813 0.057921 0.157767
0 2 0.315726 0.208460 0.254406 0.092130 0.129277
2 2 0.173138 0.217518 0.435619 0.068051 0.105673
2 2 0.204423 0.236636 0.374073 0.055694 0.129174
2 2 0.178301 0.193948 0.463308 0.074405 0.090039
2 2 0.168057 0.201081 0.430504 0.068869 0.131489
2 2 0.068837 0.148908 0.609302 0.058336 0.114617
2 2 0.065875 0.121811 0.586445 0.086167 0.139702
2 2 0.020146 0.036211 0.745605 0.161254 0.036784
2 2 0.011403 0.016711 0.693506 0.253100 0.025280
2 2 0.016347 0.023434 0.679107 0.247700 0.033412
2 2 0.019134 0.031443 0.720388 0.192625 0.036410
2 2 0.023687 0.039847 0.718852 0.175326 0.042288
2 2 0.015551 0.030640 0.780643 0.143655 0.029511
2 2 0.021034 0.050910 0.806190 0.087601 0.034265
2 2 0.008734 0.031223 0.897929 0.046597 0.015517
2 2 0.011791 0.038081 0.875577 0.054421 0.020130
2 2 0.018581 0.048666 0.825773 0.076572 0.030407
2 2 0.026951 0.067972 0.790256 0.074465 0.040356
2 2 0.011234 0.032561 0.866201 0.069758 0.020246
2 2 0.008590 0.023162 0.864858 0.086337 0.017054
2 2 0.001786 0.007543 0.942228 0.043978 0.004465
2 2 0.002549 0.010077 0.933665 0.047734 0.005975
2 2 0.002675 0.010210 0.929701 0.051134 0.006280
2 2 0.002567 0.008280 0.908426 0.074237 0.006489
2 2 0.002576 0.008021 0.902859 0.079953 0.006591
2 2 0.002168 0.006861 0.906426 0.078809 0.005735
2 2 0.002304 0.006789 0.895863 0.088929 0.006114
2 2 0.002288 0.007068 0.903714 0.080942 0.005988
2 2 0.002516 0.006914 0.883373 0.100520 0.006676
2 2 0.001874 0.004948 0.874262 0.113508 0.005408
2 2 0.002049 0.003820 0.777191 0.210559 0.006381
2 2 0.002178 0.002945 0.647963 0.339756 0.007158
3 2 0.002380 0.001341 0.249093 0.738960 0.008226
3 2 0.001649 0.000651 0.143555 0.848096 0.006048
3 2 0.001549 0.000474 0.097271 0.895100 0.005607
3 3 0.002013 0.000680 0.116388 0.873957 0.006962
3 3 0.002655 0.000947 0.130213 0.857489 0.008695
3 3 0.003365 0.001413 0.169181 0.815418 0.010623
3 3 0.002905 0.001011 0.126754 0.860022 0.009308
3 3 0.003222 0.001067 0.118921 0.866747 0.010043
3 3 0.001869 0.000451 0.068759 0.922598 0.006323
3 3 0.001428 0.000290 0.050449 0.942825 0.005007
3 3 0.001602 0.000331 0.052754 0.939817 0.005495
3 3 0.002392 0.000471 0.051214 0.938439 0.007484
3 3 0.002068 0.000371 0.043235 0.947733 0.006594
3 3 0.002811 0.000546 0.051005 0.937158 0.008479
3 3 0.002542 0.000502 0.051744 0.937360 0.007851
3 3 0.002434 0.000444 0.045297 0.944315 0.007510
3 3 0.002176 0.000385 0.042538 0.948052 0.006849
3 3 0.002566 0.000424 0.038981 0.950300 0.007729
3 3 0.002172 0.000313 0.030462 0.960397 0.006656
3 3 0.001981 0.000260 0.025833 0.965815 0.006112
3 3 0.001847 0.000242 0.025607 0.966519 0.005785
3 3 0.001143 0.000117 0.016120 0.978786 0.003833
3 3 0.000969 0.000090 0.013423 0.982199 0.003319
3 3 0.001227 0.000115 0.013921 0.980738 0.003999
3 3 0.001673 0.000156 0.014493 0.978571 0.005107
3 3 0.001232 0.000115 0.013909 0.980734 0.004010
3 3 0.000968 0.000083 0.011817 0.983851 0.003280
3 3 0.000746 0.000069 0.012928 0.983558 0.002699
3 3 0.000667 0.000054 0.010232 0.986619 0.002427
3 3 0.000905 0.000072 0.010196 0.985754 0.003074
3 3 0.001334 0.000119 0.013040 0.981265 0.004242
3 3 0.001303 0.000117 0.013119 0.981293 0.004168
3 3 0.000974 0.000073 0.009388 0.986335 0.003230
3 3 0.000784 0.000051 0.007173 0.989324 0.002668
3 3 0.000626 0.000033 0.004836 0.992342 0.002164
3 3 0.000854 0.000048 0.005595 0.990711 0.002792
3 3 0.001318 0.000085 0.007507 0.987081 0.004009
3 3 0.001505 0.000106 0.008992 0.984882 0.004514
3 3 0.001492 0.000086 0.006428 0.987639 0.004355
3 3 0.001690 0.000111 0.008073 0.985231 0.004895
3 3 0.001174 0.000068 0.006293 0.988854 0.003610
3 3 0.001217 0.000082 0.008039 0.986871 0.003791
3 3 0.001053 0.000065 0.006860 0.988680 0.003342
3 3 0.001130 0.000069 0.006856 0.988413 0.003531
3 3 0.000811 0.000042 0.004866 0.991634 0.002648
3 3 0.000882 0.000045 0.004877 0.991371 0.002826
3 3 0.000998 0.000058 0.006192 0.989575 0.003177
3 3 0.001316 0.000085 0.007535 0.987057 0.004007
3 3 0.001006 0.000060 0.006353 0.989377 0.003204
3 3 0.000842 0.000048 0.005906 0.990430 0.002773
3 3 0.001002 0.000055 0.005573 0.990211 0.003159
3 3 0.001106 0.000057 0.005102 0.990351 0.003384
3 3 0.001105 0.000053 0.004554 0.990938 0.003350
3 3 0.001011 0.000044 0.003773 0.992099 0.003074
3 3 0.000996 0.000046 0.004162 0.991732 0.003065
3 3 0.000914 0.000039 0.003654 0.992558 0.002835
3 3 0.000808 0.000038 0.004207 0.992339 0.002608
3 3 0.000936 0.000050 0.005360 0.990666 0.002987
3 3 0.001178 0.000082 0.008537 0.986489 0.003715
3 3 0.001275 0.000097 0.009939 0.984686 0.004003
3 3 0.002575 0.000202 0.011431 0.978799 0.006993
3 3 0.019021 0.002701 0.037670 0.904276 0.036333
3 3 0.115677 0.037840 0.128900 0.563218 0.154364
2 3 0.168435 0.126343 0.267259 0.242370 0.195591
