0 0 0.647581 0.123431 0.043579 0.032675 0.152735
0 0 0.607537 0.099790 0.031525 0.033959 0.227189
0 0 0.535023 0.155058 0.087910 0.057469 0.164541
0 1 0.345855 0.158244 0.270599 0.098623 0.126679
2 1 0.280469 0.157107 0.347420 0.114176 0.100828
2 1 0.256005 0.155603 0.369645 0.121814 0.096933
2 1 0.180239 0.122422 0.501042 0.117535 0.078762
2 1 0.087586 0.129205 0.642031 0.075243 0.065935
2 1 0.030400 0.040661 0.792750 0.106535 0.029653
2 1 0.054867 0.068556 0.592102 0.222126 0.062349
2 2 0.055265 0.040925 0.511984 0.351085 0.040741
2 2 0.039664 0.028109 0.487731 0.417439 0.027057
2 2 0.028534 0.019699 0.552959 0.381502 0.017305
2 2 0.031057 0.021438 0.493820 0.433898 0.019787
3 2 0.035773 0.024804 0.408181 0.506467 0.024776
3 2 0.032598 0.021626 0.170830 0.749045 0.025901
3 2 0.030759 0.020028 0.098060 0.824603 0.026550
3 3 0.031442 0.019984 0.073408 0.848024 0.027141
3 3 0.039770 0.025156 0.082621 0.819546 0.032906
3 3 0.034938 0.022305 0.076219 0.836308 0.030231
3 3 0.026252 0.017026 0.076417 0.856552 0.023752
3 3 0.023001 0.015122 0.062539 0.876749 0.022589
3 3 0.034433 0.022420 0.086140 0.826438 0.030570
3 3 0.057688 0.036665 0.158225 0.706256 0.041166
3 3 0.062031 0.040802 0.368216 0.490976 0.037974
2 2 0.063031 0.042762 0.571433 0.288300 0.034474
2 2 0.042039 0.030551 0.760331 0.144387 0.022692
2 2 0.041177 0.040194 0.759541 0.129902 0.029186
2 2 0.031265 0.047834 0.779075 0.107664 0.034162
2 2 0.044108 0.037429 0.723940 0.163436 0.031088
2 2 0.051292 0.037967 0.557718 0.316693 0.036330
3 2 0.044993 0.031810 0.350583 0.538237 0.034377
3 2 0.033161 0.022495 0.218136 0.699950 0.026257
3 3 0.027270 0.018121 0.139582 0.792116 0.022912
3 3 0.025909 0.016750 0.072304 0.861505 0.023531
3 3 0.022259 0.014271 0.065642 0.877614 0.020214
3 3 0.026014 0.016851 0.047304 0.883767 0.026065
3 3 0.029109 0.018079 0.048087 0.878801 0.025925
3 3 0.025407 0.015429 0.041297 0.895836 0.022032
3 3 0.021669 0.012611 0.033533 0.914661 0.017527
3 3 0.030888 0.017190 0.041425 0.889370 0.021127
3 3 0.026330 0.014275 0.034642 0.907300 0.017453
3 3 0.051529 0.025683 0.051608 0.846354 0.024826
3 3 0.055119 0.027717 0.055383 0.835033 0.026749
3 3 0.047201 0.023700 0.048690 0.856888 0.023521
3 3 0.033540 0.017489 0.039405 0.890126 0.019440
3 3 0.023003 0.012323 0.030314 0.918615 0.015744
3 3 0.021895 0.011608 0.028563 0.923690 0.014244
3 3 0.022818 0.012375 0.030798 0.918478 0.015531
3 3 0.032489 0.017215 0.039516 0.891124 0.019656
3 3 0.034294 0.017830 0.039921 0.888292 0.019663
3 3 0.042129 0.021416 0.045371 0.869015 0.022069
3 3 0.041957 0.021329 0.045223 0.869493 0.021998
3 3 0.053228 0.027018 0.054749 0.838432 0.026573
3 3 0.065200 0.030382 0.055200 0.816164 0.033053
3 3 0.050681 0.023959 0.046177 0.851247 0.027936
3 3 0.048143 0.023306 0.046273 0.856994 0.025284
3 3 0.042003 0.019495 0.038379 0.880711 0.019412
3 3 0.037585 0.017639 0.035764 0.892291 0.016721
3 3 0.044749 0.020596 0.039829 0.875534 0.019292
3 3 0.053005 0.024400 0.045721 0.853290 0.023584
3 3 0.055336 0.025949 0.049004 0.846859 0.022851
3 3 0.045776 0.021202 0.041056 0.872918 0.019048
3 3 0.030384 0.014247 0.029969 0.911377 0.014023
3 3 0.030289 0.014289 0.030225 0.911010 0.014187
3 3 0.027043 0.013067 0.028745 0.917481 0.013664
3 3 0.040925 0.018918 0.037319 0.885531 0.017308
3 3 0.051660 0.022162 0.039446 0.868124 0.018609
3 3 0.071343 0.030233 0.050122 0.822636 0.025667
3 3 0.066745 0.029051 0.049821 0.828032 0.026351
3 3 0.058936 0.028309 0.053852 0.833316 0.025588
3 3 0.061723 0.029652 0.055922 0.826326 0.026378
3 3 0.036944 0.019518 0.043679 0.878180 0.021679
3 3 0.059083 0.029242 0.056943 0.827459 0.027273
3 3 0.035290 0.017032 0.035724 0.895006 0.016946
3 3 0.043894 0.021228 0.042886 0.871652 0.020339
3 3 0.042234 0.020708 0.042597 0.874115 0.020346
3 3 0.073702 0.034581 0.061851 0.801067 0.028799
3 3 0.088064 0.040486 0.068707 0.768492 0.034251
3 3 0.098644 0.042405 0.066633 0.756882 0.035436
3 3 0.091499 0.040423 0.065922 0.767504 0.034652
3 3 0.099148 0.041065 0.062538 0.761116 0.036133
3 3 0.069525 0.031250 0.054600 0.817787 0.026838
3 3 0.074181 0.031400 0.051647 0.817748 0.025025
3 3 0.057425 0.025308 0.045166 0.851691 0.020410
3 3 0.051482 0.022467 0.040589 0.867199 0.018263
3 3 0.033882 0.015467 0.031235 0.905005 0.014411
3 3 0.043140 0.020700 0.041686 0.874780 0.019694
3 3 0.034247 0.016673 0.035407 0.896800 0.016873
3 3 0.045771 0.022698 0.046433 0.862803 0.022295
3 3 0.053979 0.026132 0.050861 0.844924 0.024104
3 3 0.047350 0.022881 0.045559 0.862623 0.021588
3 3 0.040066 0.019213 0.039189 0.883015 0.018516
3 3 0.052583 0.025218 0.048950 0.850157 0.023092
3 3 0.043763 0.021020 0.042254 0.872993 0.019970
3 3 0.069820 0.032337 0.057854 0.813217 0.026772
3 3 0.047469 0.022208 0.043066 0.867180 0.020077
3 3 0.051871 0.024048 0.045528 0.856479 0.022075
3 3 0.038362 0.017485 0.034499 0.893760 0.015893
3 3 0.043007 0.019663 0.038105 0.881655 0.017570
3 3 0.046998 0.021390 0.040642 0.872284 0.018687
3 3 0.067241 0.030293 0.053405 0.824684 0.024377
3 3 0.057138 0.026785 0.050270 0.842375 0.023433
3 3 0.102855 0.045466 0.072469 0.744027 0.035183
3 3 0.107783 0.050839 0.084426 0.717638 0.039314
3 3 0.127648 0.063979 0.107046 0.650002 0.051326
3 3 0.113835 0.063226 0.117246 0.646459 0.059234
3 3 0.088602 0.058324 0.258380 0.535025 0.059669
2 3 0.058344 0.043278 0.482417 0.371701 0.044260
2 3 0.049452 0.055347 0.657285 0.189886 0.048031
2 1 0.016315 0.055892 0.841537 0.053327 0.032929
2 1 0.007976 0.063621 0.869272 0.028855 0.030275
2 1 0.004376 0.068237 0.880317 0.019566 0.027505
2 1 0.004217 0.063364 0.888152 0.018946 0.025321
2 1 0.003707 0.071293 0.879943 0.017614 0.027443
2 1 0.004021 0.075031 0.872760 0.018684 0.029505
2 1 0.005732 0.090740 0.840250 0.024046 0.039232
2 1 0.011607 0.067813 0.857760 0.031873 0.030947
2 1 0.014593 0.086925 0.820918 0.036706 0.040858
2 1 0.055159 0.072304 0.753378 0.074969 0.044190
2 1 0.119210 0.247788 0.429277 0.064667 0.139059
1 1 0.118335 0.306362 0.216366 0.057802 0.301135
0 1 0.312367 0.229528 0.159520 0.071797 0.226788
0 0 0.487346 0.173526 0.106023 0.062277 0.170829
0 0 0.485155 0.180823 0.116760 0.063141 0.154122
0 0 0.598303 0.162373 0.081773 0.042820 0.114731
0 0 0.554453 0.172707 0.159128 0.043893 0.069820
0 0 0.715995 0.153148 0.054588 0.020271 0.055998
0 0 0.659864 0.188016 0.088625 0.023435 0.040059
0 0 0.496302 0.275425 0.147039 0.028670 0.052563
2 0 0.126612 0.300906 0.470282 0.035076 0.067123
2 0 0.059639 0.242349 0.595335 0.035808 0.066869
2 0 0.060976 0.259683 0.573325 0.035371 0.070645
2 0 0.042875 0.270662 0.586078 0.030015 0.070370
2 0 0.024586 0.199821 0.687453 0.028774 0.059366
2 0 0.015195 0.139889 0.762899 0.030175 0.051842
2 0 0.012177 0.093525 0.825614 0.030151 0.038534
2 0 0.020754 0.128457 0.769937 0.033416 0.047436
2 0 0.032260 0.174220 0.687136 0.040503 0.065880
2 0 0.036442 0.238495 0.581633 0.045458 0.097972
2 0 0.013978 0.207139 0.668072 0.030837 0.079973
2 0 0.007258 0.148359 0.767212 0.022870 0.054300
2 0 0.007857 0.130948 0.789235 0.023588 0.048372
2 0 0.008476 0.093694 0.835326 0.025373 0.037131
2 0 0.013121 0.125892 0.784496 0.028976 0.047515
2 0 0.025325 0.209497 0.648794 0.036675 0.079710
2 0 0.043307 0.336793 0.411464 0.041427 0.167009
2 0 0.039679 0.351344 0.386579 0.041269 0.181128
2 0 0.027285 0.290183 0.503791 0.041900 0.136841
2 0 0.024871 0.240739 0.578841 0.044653 0.110896
2 0 0.017650 0.171429 0.706875 0.034993 0.069053
2 0 0.020571 0.215565 0.635266 0.038333 0.090265
2 0 0.017458 0.201131 0.652701 0.038758 0.089952
2 0 0.023934 0.218949 0.571739 0.052550 0.132828
2 0 0.012593 0.160036 0.721937 0.034283 0.071150
2 0 0.018887 0.171147 0.703503 0.035414 0.071049
2 0 0.025951 0.203678 0.666783 0.033911 0.069677
2 0 0.033339 0.234168 0.617590 0.036163 0.078739
2 0 0.021436 0.253326 0.599157 0.033562 0.092519
2 0 0.021934 0.251831 0.581575 0.038888 0.105773
2 0 0.027949 0.210197 0.631339 0.042617 0.087897
2 0 0.038683 0.108141 0.746824 0.054151 0.052202
2 0 0.032630 0.072865 0.800052 0.055200 0.039252
2 0 0.043564 0.076151 0.763978 0.070644 0.045663
2 0 0.053072 0.071410 0.761398 0.071741 0.042379
2 0 0.111411 0.118686 0.567854 0.103565 0.098483
2 0 0.203653 0.171287 0.341130 0.109255 0.174676
0 0 0.364425 0.214672 0.154886 0.073261 0.192757
0 0 0.443218 0.220685 0.109348 0.047746 0.179004
1 0 0.264656 0.330132 0.195095 0.046624 0.163493
1 0 0.119553 0.343185 0.273572 0.055636 0.208054
2 0 0.029062 0.194909 0.650209 0.043644 0.082176
2 1 0.016965 0.187448 0.669664 0.039580 0.086342
2 1 0.009858 0.155155 0.737587 0.030421 0.066979
2 1 0.011439 0.247208 0.592625 0.032099 0.116629
2 1 0.007448 0.174294 0.727860 0.024163 0.066235
2 1 0.006426 0.126256 0.795229 0.023049 0.049040
2 1 0.005522 0.071011 0.871486 0.022279 0.029702
2 1 0.005649 0.083779 0.850834 0.023635 0.036104
2 1 0.005313 0.086827 0.848302 0.022779 0.036780
2 1 0.007280 0.133160 0.768939 0.029057 0.061563
2 1 0.010747 0.128462 0.753888 0.036899 0.070004
2 1 0.015543 0.176467 0.625480 0.044926 0.137584
2 1 0.015617 0.216852 0.524314 0.043298 0.199920
4 1 0.037419 0.279217 0.216766 0.047984 0.418613
4 1 0.038490 0.256950 0.216270 0.050432 0.437858
4 1 0.027445 0.235936 0.189517 0.046689 0.500413
4 1 0.025703 0.239391 0.278644 0.049765 0.406498
4 1 0.064279 0.211583 0.238299 0.078160 0.407679
2 4 0.159900 0.151821 0.317996 0.118563 0.251720
0 4 0.278607 0.141007 0.196484 0.108596 0.275305
4 4 0.162011 0.158824 0.161931 0.091713 0.425521
4 4 0.076224 0.203786 0.187371 0.072139 0.460480
4 4 0.037346 0.201370 0.148791 0.051964 0.560529
4 4 0.042997 0.172935 0.117141 0.051597 0.615329
4 4 0.048802 0.169543 0.175951 0.061555 0.544149
4 4 0.046936 0.164531 0.114124 0.053746 0.620662
4 4 0.080134 0.066195 0.030698 0.045137 0.777837
4 4 0.084791 0.051308 0.020543 0.038696 0.804662
4 4 0.088769 0.041330 0.015726 0.036944 0.817231
4 4 0.066190 0.066058 0.028423 0.038553 0.800776
4 4 0.076809 0.088738 0.047151 0.051722 0.735580
4 4 0.082899 0.181395 0.108217 0.055677 0.571812
4 4 0.057349 0.239343 0.138109 0.044142 0.521057
4 4 0.026721 0.241639 0.149264 0.035937 0.546438
4 4 0.017080 0.301905 0.247525 0.036199 0.397291
4 0 0.015586 0.278368 0.281987 0.036890 0.387168
2 0 0.015381 0.245649 0.516096 0.036179 0.186695
2 0 0.048907 0.202909 0.533916 0.059104 0.155164
2 0 0.114434 0.136977 0.603420 0.073260 0.071909
2 0 0.156437 0.116788 0.524450 0.104113 0.098212
2 0 0.131626 0.086343 0.612035 0.106142 0.063855
2 0 0.088731 0.093949 0.644579 0.097533 0.075207
2 0 0.066415 0.084674 0.705468 0.085893 0.057550
2 0 0.042042 0.051742 0.819114 0.058792 0.028309
2 0 0.047217 0.044877 0.800701 0.078314 0.028891
2 0 0.027574 0.028662 0.870747 0.054826 0.018192
2 0 0.027539 0.038297 0.849312 0.059547 0.025305
2 0 0.021979 0.041594 0.856358 0.053562 0.026506
2 0 0.018262 0.051268 0.851065 0.048546 0.030859
2 0 0.015648 0.077670 0.816444 0.045761 0.044477
2 0 0.018165 0.099393 0.785101 0.045134 0.052206
2 0 0.032889 0.201278 0.625167 0.049088 0.091578
2 0 0.064662 0.244239 0.512615 0.062575 0.115910
2 0 0.058810 0.315607 0.387773 0.054407 0.183403
2 0 0.037826 0.303120 0.435550 0.045705 0.177800
2 0 0.032072 0.266288 0.486021 0.044632 0.170987
4 0 0.050971 0.274217 0.279827 0.055422 0.339563
4 0 0.079732 0.282036 0.224288 0.056465 0.357480
4 0 0.132332 0.299055 0.176856 0.051702 0.340055
4 0 0.162271 0.299670 0.178069 0.053527 0.306463
1 0 0.210424 0.301793 0.152226 0.047022 0.288535
4 1 0.281531 0.249030 0.119311 0.050342 0.299786
1 1 0.187385 0.331039 0.185490 0.047386 0.248699
1 1 0.168684 0.363356 0.218118 0.044759 0.205084
1 1 0.145895 0.377122 0.209032 0.040402 0.227549
1 1 0.110987 0.367266 0.192353 0.038316 0.291078
1 1 0.077527 0.369361 0.197119 0.035603 0.320390
1 1 0.030809 0.399104 0.272868 0.030118 0.267101
1 1 0.036768 0.356396 0.317144 0.037722 0.251970
2 1 0.029183 0.194072 0.514586 0.065664 0.196494
2 1 0.017650 0.219360 0.536758 0.048928 0.177304
2 1 0.012826 0.197882 0.604568 0.039954 0.144771
2 1 0.005984 0.098922 0.826905 0.024933 0.043256
2 2 0.005451 0.089564 0.843555 0.023235 0.038196
2 2 0.004884 0.062299 0.886058 0.020838 0.025922
2 2 0.005406 0.081266 0.855821 0.022893 0.034614
2 2 0.009996 0.111987 0.803305 0.028552 0.046159
2 2 0.037131 0.229072 0.620363 0.037173 0.076261
2 2 0.148514 0.306259 0.346587 0.058591 0.140050
1 2 0.157995 0.348215 0.313670 0.050610 0.129511
2 2 0.086243 0.281276 0.397628 0.062154 0.172699
2 2 0.075031 0.226508 0.531987 0.060801 0.105674
2 2 0.070314 0.244783 0.443552 0.071526 0.169825
2 2 0.058097 0.215361 0.558574 0.062979 0.104989
2 2 0.039147 0.216855 0.601549 0.048206 0.094243
2 2 0.017660 0.139724 0.740880 0.038762 0.062975
2 2 0.017713 0.162295 0.689467 0.040474 0.090051
2 2 0.027523 0.240851 0.557538 0.043181 0.130908
2 2 0.035711 0.292581 0.493713 0.041643 0.136352
1 2 0.052961 0.379914 0.323753 0.042523 0.200850
2 2 0.032978 0.356904 0.451944 0.034705 0.123469
2 2 0.022922 0.260348 0.604656 0.029678 0.082396
2 2 0.011235 0.099656 0.833440 0.023070 0.032600
2 2 0.009913 0.061251 0.887050 0.021310 0.020475
2 2 0.009133 0.070066 0.872399 0.022974 0.025427
2 2 0.011829 0.112411 0.816018 0.023448 0.036295
2 2 0.020649 0.170538 0.710673 0.034297 0.063843
2 2 0.021964 0.140108 0.749365 0.035320 0.053243
2 2 0.020435 0.151456 0.738610 0.033558 0.055941
2 2 0.020969 0.132499 0.772903 0.029883 0.043746
2 2 0.020105 0.104668 0.813383 0.028127 0.033716
2 2 0.028899 0.120785 0.773236 0.035090 0.041990
2 2 0.021451 0.125491 0.780367 0.030549 0.042142
2 2 0.013994 0.092254 0.830617 0.028601 0.034534
2 2 0.008796 0.063627 0.865700 0.030772 0.031106
2 2 0.010916 0.050488 0.877659 0.034610 0.026328
2 2 0.021541 0.051604 0.827037 0.066728 0.033090
2 2 0.052304 0.046366 0.715327 0.146338 0.039665
2 2 0.079597 0.064968 0.628569 0.173532 0.053334
2 2 0.045543 0.037208 0.659862 0.224738 0.032649
2 2 0.054363 0.040481 0.677138 0.193898 0.034120
2 2 0.055040 0.042623 0.679292 0.185001 0.038043
2 2 0.061112 0.074913 0.631670 0.169554 0.062752
2 2 0.022640 0.054729 0.808136 0.078558 0.035936
2 2 0.018685 0.064289 0.841670 0.042720 0.032635
2 2 0.019918 0.057732 0.849822 0.042921 0.029606
2 2 0.026736 0.062485 0.821928 0.053421 0.035430
2 2 0.034603 0.059223 0.774810 0.091590 0.039774
2 2 0.025440 0.048783 0.789858 0.102119 0.033800
2 2 0.030677 0.058737 0.742318 0.125060 0.043209
2 2 0.042256 0.063828 0.710541 0.132413 0.050962
2 3 0.069762 0.073613 0.579899 0.206276 0.070449
2 3 0.076435 0.068048 0.559352 0.234436 0.061729
2 3 0.038930 0.048310 0.782256 0.099109 0.031395
2 3 0.022283 0.042971 0.864913 0.047305 0.022528
2 3 0.031946 0.087966 0.801994 0.042016 0.036078
2 3 0.043446 0.160398 0.696102 0.042435 0.057619
2 2 0.045425 0.246368 0.579375 0.041932 0.086900
2 2 0.031502 0.207679 0.641414 0.040389 0.079016
2 2 0.016676 0.163760 0.705552 0.039060 0.074951
2 2 0.013588 0.101907 0.796525 0.037984 0.049996
2 2 0.009622 0.081153 0.835254 0.033438 0.040534
2 2 0.009568 0.080798 0.840118 0.031401 0.038115
2 2 0.009238 0.085400 0.839293 0.028756 0.037312
2 2 0.011533 0.095181 0.810341 0.035884 0.047061
2 2 0.019227 0.105688 0.766527 0.049412 0.059146
2 2 0.018638 0.077942 0.795583 0.060604 0.047233
2 2 0.015945 0.057602 0.824822 0.067275 0.034357
2 2 0.014777 0.053393 0.853977 0.048525 0.029328
2 2 0.017441 0.060637 0.850789 0.040975 0.030157
2 2 0.015699 0.048655 0.878892 0.034366 0.022388
2 2 0.014679 0.043537 0.883272 0.036511 0.022001
2 2 0.016929 0.060920 0.852865 0.039193 0.030093
2 2 0.013878 0.087938 0.822383 0.035315 0.040487
2 2 0.022541 0.232940 0.614774 0.037335 0.092410
2 2 0.023123 0.313022 0.534787 0.029305 0.099763
2 2 0.029977 0.319988 0.507057 0.032830 0.110148
2 2 0.019191 0.227440 0.650324 0.028942 0.074103
2 2 0.018573 0.209605 0.645911 0.037357 0.088554
2 2 0.015536 0.177215 0.690631 0.037280 0.079338
2 2 0.013040 0.189615 0.667138 0.037125 0.093082
2 2 0.009987 0.236936 0.638207 0.026314 0.088556
2 2 0.019583 0.327196 0.522137 0.027107 0.103977
1 2 0.045140 0.417575 0.350324 0.031246 0.155716
1 2 0.079494 0.439770 0.302768 0.032587 0.145383
1 2 0.066704 0.477275 0.314382 0.025493 0.116146
1 2 0.026597 0.439568 0.384399 0.023642 0.125793
2 2 0.009603 0.174303 0.743519 0.020577 0.051998
2 2 0.004307 0.063604 0.891530 0.017338 0.023222
2 2 0.006463 0.052574 0.899619 0.020949 0.020394
2 2 0.007129 0.055885 0.894246 0.021461 0.021278
2 2 0.010777 0.080274 0.851667 0.026394 0.030888
2 2 0.027973 0.136116 0.750108 0.036509 0.049295
2 2 0.072629 0.301477 0.475071 0.046385 0.104438
1 2 0.111290 0.397442 0.326237 0.042414 0.122617
1 2 0.060679 0.399848 0.374841 0.037309 0.127324
2 2 0.023690 0.257786 0.590641 0.034437 0.093445
2 2 0.006689 0.110666 0.813365 0.024288 0.044992
2 2 0.007648 0.102109 0.813086 0.029374 0.047783
2 2 0.012846 0.086320 0.813482 0.040631 0.046720
2 2 0.022226 0.079777 0.801085 0.051559 0.045353
2 2 0.029834 0.053654 0.794733 0.083942 0.037836
2 2 0.030995 0.062301 0.801252 0.064895 0.040558
2 2 0.041018 0.084607 0.781736 0.052757 0.039882
2 2 0.052015 0.181153 0.656458 0.045211 0.065163
2 2 0.068008 0.324528 0.481308 0.036143 0.090014
2 2 0.036310 0.371538 0.463246 0.028080 0.100826
2 2 0.019089 0.266457 0.609553 0.025974 0.078927
2 2 0.018896 0.258489 0.592620 0.032400 0.097595
2 2 0.019208 0.290661 0.568744 0.028001 0.093386
2 2 0.041041 0.370691 0.458629 0.029201 0.100438
1 2 0.085146 0.430831 0.300603 0.034507 0.148912
1 2 0.107958 0.430875 0.266933 0.034119 0.160114
1 2 0.083625 0.464425 0.278837 0.028070 0.145044
1 2 0.056434 0.459360 0.321573 0.027772 0.134860
1 1 0.052162 0.424746 0.317222 0.033186 0.172684
1 1 0.048054 0.395589 0.341788 0.038747 0.175822
1 1 0.033650 0.393134 0.359836 0.036076 0.177304
2 1 0.033252 0.267698 0.494832 0.048311 0.155908
2 2 0.036269 0.268006 0.576103 0.034693 0.084929
2 2 0.021094 0.317096 0.541584 0.026332 0.093895
2 2 0.027573 0.323968 0.549167 0.022904 0.076388
2 2 0.023861 0.296158 0.596672 0.019941 0.063369
2 2 0.028450 0.340380 0.534137 0.021574 0.075459
2 2 0.026134 0.394133 0.472113 0.020268 0.087353
1 2 0.045714 0.466615 0.346901 0.025258 0.115511
1 2 0.052374 0.441791 0.362167 0.028258 0.115411
2 2 0.073972 0.368772 0.398279 0.039321 0.119656
1 0 0.168590 0.316801 0.235015 0.054671 0.224923
4 0 0.268765 0.237136 0.131128 0.059369 0.303602
0 0 0.526574 0.121734 0.056512 0.054014 0.241167
0 0 0.537243 0.100807 0.037956 0.044938 0.279056
0 0 0.588433 0.084353 0.023561 0.031420 0.272232
0 0 0.708926 0.078242 0.015549 0.017652 0.179631
0 0 0.749884 0.071952 0.012046 0.013308 0.152809
0 0 0.820625 0.068107 0.009209 0.008112 0.093948
0 0 0.821647 0.088949 0.015365 0.009147 0.064891
0 0 0.765007 0.136983 0.039223 0.013973 0.044815
0 0 0.671748 0.161872 0.067594 0.027489 0.071297
0 0 0.532883 0.219967 0.106571 0.037257 0.103323
0 0 0.343669 0.335608 0.169619 0.035471 0.115633
1 0 0.195350 0.415174 0.221387 0.032953 0.135137
1 0 0.294725 0.340777 0.166447 0.038016 0.160035
0 0 0.335732 0.283021 0.146343 0.046644 0.188259
0 0 0.559941 0.160697 0.073276 0.044256 0.161830
0 0 0.567389 0.153717 0.073984 0.046909 0.158001
0 0 0.635991 0.139719 0.056631 0.035817 0.131843
0 0 0.660650 0.149440 0.060403 0.031072 0.098436
0 0 0.651203 0.160849 0.070493 0.031815 0.085639
0 0 0.686053 0.149798 0.056930 0.026293 0.080927
0 0 0.647272 0.164737 0.074224 0.032067 0.081700
0 0 0.646381 0.152279 0.064719 0.033628 0.102993
0 0 0.583142 0.141077 0.064327 0.045369 0.166085
0 0 0.454441 0.158965 0.070192 0.050878 0.265524
0 0 0.360542 0.212923 0.093705 0.048406 0.284425
0 0 0.349799 0.227517 0.093534 0.044079 0.285071
1 0 0.200321 0.347801 0.178658 0.042094 0.231126
1 0 0.141928 0.368176 0.191069 0.039428 0.259400
1 0 0.132188 0.339821 0.169312 0.040464 0.318215
1 0 0.141365 0.324988 0.166618 0.043428 0.323602
4 0 0.145324 0.322190 0.156714 0.041813 0.333960
1 0 0.121100 0.371038 0.183980 0.036836 0.287046
1 0 0.133340 0.373411 0.186249 0.037352 0.269648
1 0 0.086545 0.396427 0.213307 0.034399 0.269323
1 0 0.106365 0.353510 0.186007 0.039422 0.314697
1 0 0.127103 0.327747 0.180648 0.045188 0.319314
1 0 0.187487 0.319382 0.171959 0.047404 0.273768
1 0 0.190058 0.345050 0.160157 0.039086 0.265650
1 0 0.150756 0.387229 0.179009 0.034271 0.248734
1 0 0.145274 0.382768 0.186971 0.036149 0.248839
1 0 0.184522 0.329177 0.165810 0.043643 0.276848
1 0 0.204681 0.296522 0.158021 0.049970 0.290806
1 0 0.144705 0.332686 0.187366 0.046443 0.288800
1 0 0.137782 0.361728 0.201873 0.042345 0.256271
1 0 0.159718 0.346637 0.189408 0.044116 0.260122
1 0 0.163505 0.354493 0.181390 0.041026 0.259587
1 0 0.158964 0.321945 0.155768 0.042210 0.321114
4 0 0.085566 0.347220 0.179088 0.037221 0.350905
4 0 0.086956 0.334339 0.181670 0.040287 0.356749
1 0 0.159706 0.323184 0.173006 0.046115 0.297990
0 0 0.303297 0.273333 0.158424 0.054674 0.210273
0 0 0.450296 0.269057 0.133576 0.037343 0.109727
0 0 0.497895 0.228030 0.100843 0.037491 0.135741
0 0 0.353029 0.283886 0.144015 0.044635 0.174435
0 0 0.400859 0.199762 0.092483 0.050788 0.256108
0 0 0.396136 0.200436 0.098419 0.053844 0.251164
0 0 0.555713 0.133753 0.063122 0.050734 0.196678
0 0 0.678277 0.136978 0.049357 0.028346 0.107043
0 0 0.675908 0.151531 0.059616 0.028021 0.084924
0 0 0.730976 0.150645 0.050866 0.017888 0.049626
0 0 0.707145 0.147321 0.050646 0.022152 0.072736
0 0 0.563295 0.228709 0.081447 0.025643 0.100905
0 0 0.376389 0.308354 0.113746 0.030537 0.170974
0 0 0.421494 0.223826 0.076560 0.034712 0.243408
0 0 0.449543 0.175244 0.065495 0.041510 0.268209
0 0 0.429253 0.173610 0.066637 0.043639 0.286861
4 0 0.203101 0.260502 0.111245 0.043443 0.381709
4 0 0.184085 0.299956 0.127074 0.039615 0.349270
1 1 0.145200 0.358526 0.174374 0.038446 0.283454
1 1 0.186623 0.367254 0.184657 0.039073 0.222393
1 1 0.125767 0.422052 0.230030 0.033767 0.188384
1 1 0.075715 0.460596 0.269144 0.028036 0.166509
1 1 0.078821 0.454173 0.250124 0.028289 0.188594
1 1 0.085407 0.425405 0.260391 0.033884 0.194914
1 1 0.120569 0.411513 0.250188 0.037148 0.180582
1 1 0.194272 0.325225 0.159941 0.043280 0.277282
1 1 0.117169 0.350941 0.183318 0.040208 0.308363
1 1 0.064391 0.357169 0.205116 0.037032 0.336292
1 1 0.023593 0.376539 0.302612 0.032751 0.264506
1 1 0.018325 0.373990 0.337301 0.032191 0.238194
2 2 0.009139 0.202172 0.695079 0.023654 0.069956
2 2 0.008275 0.165541 0.747687 0.022287 0.056210
2 2 0.007956 0.133386 0.795632 0.020372 0.042653
2 2 0.008134 0.132283 0.802495 0.018579 0.038510
2 2 0.010050 0.159479 0.773362 0.017271 0.039838
2 2 0.008720 0.115282 0.833093 0.015291 0.027613
2 2 0.010732 0.120534 0.824051 0.016278 0.028404
2 2 0.009587 0.097158 0.853837 0.015803 0.023615
2 2 0.009192 0.092009 0.859695 0.016011 0.023093
2 2 0.006856 0.070134 0.890792 0.014237 0.017980
2 2 0.007695 0.079802 0.875399 0.015782 0.021323
2 2 0.006614 0.070013 0.889139 0.015073 0.019161
2 2 0.007854 0.076809 0.876754 0.016841 0.021741
2 2 0.011208 0.077775 0.866074 0.021010 0.023934
2 2 0.013587 0.055875 0.883999 0.026060 0.020479
2 2 0.006659 0.051408 0.900757 0.021179 0.019997
2 2 0.007156 0.064588 0.878220 0.023631 0.026405
2 2 0.009391 0.074573 0.861821 0.025194 0.029021
2 2 0.011815 0.087731 0.843242 0.025652 0.031560
2 2 0.011322 0.081914 0.850858 0.025720 0.030186
2 2 0.013227 0.081537 0.849791 0.026315 0.029131
2 2 0.049908 0.080890 0.794351 0.044380 0.030471
2 2 0.214753 0.106817 0.575259 0.065192 0.037978
2 0 0.244130 0.119634 0.526783 0.066958 0.042494
2 0 0.126059 0.068091 0.720736 0.059127 0.025988
2 0 0.074612 0.045100 0.786554 0.072482 0.021253
2 0 0.028364 0.021006 0.859809 0.077428 0.013392
2 2 0.011530 0.041136 0.887580 0.038762 0.020992
2 2 0.023758 0.032930 0.821044 0.099950 0.022317
2 2 0.043003 0.028953 0.763895 0.145275 0.018874
2 3 0.044868 0.030998 0.843730 0.062878 0.017525
2 3 0.020495 0.013781 0.834345 0.122917 0.008462
2 3 0.024946 0.016612 0.738464 0.208532 0.011447
2 3 0.032885 0.020921 0.662506 0.269310 0.014378
3 3 0.036595 0.022438 0.443521 0.479790 0.017656
3 3 0.030619 0.019253 0.249074 0.681968 0.019087
3 3 0.027769 0.017742 0.175799 0.758860 0.019830
3 3 0.019367 0.012453 0.105646 0.846601 0.015932
3 3 0.023110 0.015130 0.100617 0.840975 0.020168
3 3 0.025876 0.016859 0.093918 0.840721 0.022626
3 3 0.023390 0.015117 0.054610 0.884289 0.022594
3 3 0.022926 0.014716 0.043661 0.895877 0.022821
3 3 0.017416 0.010953 0.032212 0.921893 0.017527
3 3 0.018276 0.011291 0.032460 0.920473 0.017500
3 3 0.017019 0.009892 0.027395 0.931366 0.014328
3 3 0.019672 0.011105 0.029293 0.924845 0.015085
3 3 0.020299 0.011284 0.029237 0.924242 0.014938
3 3 0.026064 0.014272 0.034977 0.906977 0.017710
3 3 0.032318 0.017608 0.041375 0.887827 0.020872
3 3 0.027344 0.015486 0.038675 0.898582 0.019913
3 3 0.029784 0.016717 0.040825 0.891759 0.020915
3 3 0.027363 0.014858 0.035858 0.903846 0.018075
3 3 0.032319 0.017749 0.041972 0.886703 0.021257
3 3 0.025365 0.014126 0.035263 0.907235 0.018011
3 3 0.045737 0.024020 0.051452 0.853363 0.025428
3 3 0.062081 0.031250 0.061090 0.816080 0.029499
3 3 0.072383 0.035620 0.066380 0.793957 0.031660
3 3 0.078712 0.037043 0.065554 0.788135 0.030557
3 3 0.071555 0.033561 0.060357 0.806423 0.028103
3 3 0.054630 0.026186 0.050404 0.842788 0.025992
3 3 0.045300 0.022646 0.046685 0.861335 0.024035
3 3 0.037240 0.019471 0.043149 0.878837 0.021303
3 3 0.046408 0.024200 0.051404 0.852676 0.025311
3 3 0.044852 0.022414 0.046307 0.864103 0.022324
3 3 0.030351 0.015506 0.034977 0.902076 0.017089
3 3 0.042312 0.021462 0.045352 0.868838 0.022035
3 3 0.045302 0.022701 0.046918 0.862431 0.022648
3 3 0.040770 0.020785 0.044403 0.872408 0.021634
3 3 0.053505 0.024601 0.045951 0.850943 0.024999
3 3 0.064128 0.029447 0.053189 0.828716 0.024520
3 3 0.066849 0.030827 0.055425 0.821301 0.025599
3 3 0.084871 0.039544 0.068387 0.775497 0.031701
3 3 0.074143 0.034902 0.062514 0.799286 0.029155
3 3 0.062575 0.030743 0.058867 0.819735 0.028080
3 3 0.065157 0.030778 0.056682 0.820881 0.026502
3 3 0.077169 0.035318 0.061384 0.797911 0.028218
3 3 0.057979 0.027069 0.050500 0.840962 0.023490
3 3 0.068689 0.030502 0.052944 0.823876 0.023989
3 3 0.065147 0.029010 0.050977 0.831728 0.023138
3 3 0.079043 0.035640 0.060928 0.796595 0.027795
3 3 0.054748 0.025005 0.046328 0.852599 0.021320
3 3 0.055041 0.024445 0.044243 0.856196 0.020075
3 3 0.039104 0.017083 0.032454 0.896726 0.014633
3 3 0.037325 0.016964 0.033555 0.896718 0.015438
3 3 0.058857 0.026881 0.049135 0.842527 0.022601
3 3 0.065706 0.029496 0.052082 0.828983 0.023734
3 3 0.075541 0.032814 0.054913 0.810374 0.026358
3 3 0.081876 0.037159 0.063407 0.788544 0.029014
3 3 0.089678 0.037969 0.060091 0.779331 0.032930
3 3 0.079342 0.033921 0.055463 0.802152 0.029121
3 3 0.076305 0.036371 0.065414 0.791216 0.030693
3 3 0.103416 0.045687 0.072770 0.745327 0.032800
3 3 0.096372 0.044797 0.075335 0.748645 0.034852
3 3 0.102776 0.047029 0.076994 0.734701 0.038500
3 3 0.203094 0.092897 0.128110 0.501362 0.074537
3 3 0.168902 0.094441 0.180702 0.478614 0.077341
3 2 0.131038 0.078172 0.364700 0.367517 0.058573
2 2 0.059156 0.039526 0.500389 0.367463 0.033466
2 2 0.037401 0.026584 0.546511 0.365054 0.024450
2 2 0.033833 0.023744 0.538924 0.381896 0.021603
2 2 0.037547 0.027020 0.605141 0.306291 0.024000
2 2 0.050721 0.038296 0.641340 0.234936 0.034707
2 2 0.045902 0.034320 0.654257 0.235083 0.030438
2 2 0.050251 0.037839 0.636657 0.240899 0.034354
2 2 0.034340 0.042461 0.740241 0.149994 0.032964
2 2 0.020451 0.046641 0.784612 0.117154 0.031142
2 2 0.009251 0.055225 0.870341 0.037382 0.027801
2 2 0.007134 0.103461 0.813490 0.028047 0.047868
2 2 0.009984 0.177432 0.694354 0.031532 0.086698
4 2 0.028897 0.301009 0.289993 0.048223 0.331879
2 1 0.028709 0.284848 0.372559 0.054461 0.259424
4 1 0.042919 0.248713 0.299617 0.077259 0.331492
2 1 0.034176 0.231016 0.385760 0.069019 0.280030
4 1 0.024246 0.250786 0.308317 0.050365 0.366286
2 1 0.025716 0.237206 0.385087 0.055976 0.296015
4 1 0.052439 0.216674 0.196080 0.060432 0.474375
4 0 0.077477 0.231252 0.190458 0.063209 0.437604
4 0 0.088591 0.182417 0.112861 0.059080 0.557051
4 0 0.090487 0.089950 0.043903 0.049462 0.726197
4 0 0.057620 0.053488 0.019658 0.030337 0.838897
4 0 0.063802 0.058803 0.023507 0.034864 0.819024
4 0 0.082578 0.033257 0.011109 0.030649 0.842408
4 0 0.078750 0.027913 0.008454 0.026636 0.858247
4 0 0.134642 0.038291 0.014102 0.040752 0.772213
4 0 0.117108 0.042840 0.018573 0.047477 0.774003
4 0 0.245870 0.054270 0.025663 0.064047 0.610149
4 0 0.332356 0.067409 0.030791 0.063458 0.505986
4 0 0.321579 0.102066 0.054980 0.073445 0.447929
4 0 0.209880 0.138631 0.078289 0.070443 0.502757
4 0 0.146874 0.194428 0.104126 0.057377 0.497196
4 0 0.071815 0.114937 0.057050 0.045862 0.710335
4 2 0.060070 0.095961 0.048969 0.045025 0.749975
4 4 0.045208 0.065576 0.024508 0.028232 0.836476
4 4 0.048606 0.055307 0.019468 0.027006 0.849614
4 4 0.092031 0.031401 0.010641 0.032374 0.833553
4 4 0.107445 0.027620 0.009373 0.034112 0.821451
4 4 0.178943 0.025036 0.008541 0.040145 0.747335
4 4 0.218326 0.033394 0.012173 0.045991 0.690116
4 4 0.251691 0.048016 0.021582 0.060761 0.617950
4 4 0.166294 0.110005 0.052483 0.057067 0.614151
4 4 0.052702 0.191957 0.098591 0.039938 0.616812
4 4 0.042567 0.149629 0.074211 0.036932 0.696661
4 4 0.049515 0.146080 0.067954 0.036348 0.700103
4 4 0.056771 0.128980 0.062235 0.040401 0.711613
4 4 0.057330 0.153177 0.076070 0.041109 0.672313
4 4 0.042059 0.153056 0.086411 0.042570 0.675904
4 4 0.029411 0.187443 0.111192 0.038065 0.633888
4 4 0.019122 0.224890 0.139970 0.032600 0.583418
4 4 0.026951 0.245209 0.198950 0.047435 0.481455
2 4 0.070455 0.287701 0.432406 0.051877 0.157561
1 4 0.031403 0.369922 0.317704 0.038234 0.242737
1 1 0.069228 0.400874 0.259843 0.036668 0.233387
1 1 0.066177 0.396831 0.228189 0.033821 0.274983
1 1 0.048654 0.371204 0.232329 0.035352 0.312460
4 1 0.053183 0.335448 0.218043 0.040855 0.352471
1 1 0.045334 0.356676 0.283057 0.042823 0.272109
2 1 0.053406 0.323771 0.346315 0.055780 0.220728
2 0 0.075145 0.266494 0.420005 0.068702 0.169654
2 0 0.059161 0.314061 0.406303 0.051739 0.168736
1 0 0.050993 0.365084 0.329298 0.045816 0.208810
1 0 0.044786 0.382530 0.319887 0.039978 0.212819
1 0 0.035001 0.318387 0.294347 0.045557 0.306708
2 0 0.026475 0.222485 0.536175 0.050331 0.164534
2 0 0.028094 0.193880 0.624940 0.046342 0.106744
2 0 0.020176 0.155140 0.731211 0.034472 0.059001
2 0 0.052704 0.162696 0.656283 0.054665 0.073651
2 0 0.136281 0.150614 0.547678 0.082456 0.082971
2 0 0.145061 0.166646 0.519749 0.082149 0.086394
2 0 0.081037 0.189126 0.584087 0.063112 0.082638
1 0 0.042372 0.364912 0.314262 0.041586 0.236868
4 0 0.028753 0.321890 0.267100 0.042080 0.340177
2 0 0.026515 0.282157 0.354788 0.060790 0.275751
2 0 0.036391 0.260310 0.400166 0.079382 0.223751
2 0 0.042310 0.242937 0.415335 0.088118 0.211299
2 0 0.030489 0.234900 0.475295 0.072088 0.187227
2 0 0.026232 0.229683 0.499346 0.065271 0.179467
2 1 0.043968 0.293325 0.315462 0.059149 0.288096
1 1 0.043432 0.344770 0.337993 0.043549 0.230256
1 1 0.048052 0.355409 0.298462 0.045255 0.252823
1 1 0.035256 0.365810 0.302327 0.039420 0.257186
1 1 0.025212 0.332291 0.277575 0.039300 0.325623
2 1 0.016212 0.333380 0.388269 0.035434 0.226704
2 1 0.010913 0.263261 0.556792 0.031602 0.137432
2 1 0.009634 0.266268 0.569258 0.028384 0.126455
2 1 0.010342 0.284241 0.561155 0.026481 0.117781
2 1 0.019491 0.356164 0.441577 0.030140 0.152628
1 1 0.042071 0.401641 0.307984 0.035061 0.213244
1 1 0.071502 0.383846 0.242690 0.038387 0.263574
1 1 0.045967 0.403567 0.262997 0.032663 0.254807
1 1 0.027499 0.384982 0.259820 0.029923 0.297776
1 1 0.018245 0.367427 0.275571 0.029342 0.309414
1 1 0.020246 0.354470 0.271855 0.032103 0.321326
1 1 0.037590 0.372857 0.281238 0.037179 0.271134
1 1 0.029429 0.404877 0.322755 0.031592 0.211347
1 1 0.022016 0.367190 0.329867 0.035130 0.245797
2 1 0.010246 0.249096 0.566680 0.036715 0.137264
2 1 0.008344 0.138373 0.754922 0.031854 0.066507
2 1 0.007487 0.072855 0.857602 0.028063 0.033992
2 2 0.004605 0.074930 0.869458 0.020429 0.030578
2 2 0.003336 0.072727 0.880279 0.016463 0.027194
2 2 0.006210 0.119067 0.798719 0.025083 0.050921
2 2 0.014648 0.157928 0.726585 0.034250 0.066588
2 2 0.024026 0.178402 0.686781 0.038992 0.071799
2 2 0.007687 0.074116 0.860496 0.025937 0.031764
2 2 0.005443 0.041363 0.913877 0.021409 0.017908
2 2 0.004007 0.034287 0.930860 0.017112 0.013734
2 2 0.008036 0.076553 0.849471 0.029543 0.036397
2 2 0.015651 0.129595 0.746355 0.042302 0.066097
2 2 0.039347 0.180558 0.578027 0.075169 0.126898
2 2 0.071138 0.113780 0.620827 0.106050 0.088205
2 2 0.111518 0.098818 0.532493 0.166595 0.090577
2 2 0.041826 0.084059 0.694248 0.117522 0.062344
2 2 0.014815 0.044020 0.861933 0.053680 0.025552
2 2 0.006285 0.036633 0.917307 0.023221 0.016554
2 2 0.004390 0.032309 0.931956 0.018054 0.013292
2 2 0.004353 0.027420 0.939296 0.017615 0.011316
2 2 0.006000 0.035469 0.922545 0.021054 0.014932
2 2 0.005227 0.033948 0.927590 0.019320 0.013915
2 2 0.003598 0.030614 0.940447 0.014355 0.010987
2 2 0.003582 0.027658 0.946343 0.013130 0.009288
2 2 0.007970 0.044940 0.910510 0.020412 0.016168
2 2 0.018371 0.046673 0.873826 0.038402 0.022728
2 2 0.068882 0.070079 0.738108 0.080158 0.042773
2 2 0.103579 0.076715 0.665830 0.101771 0.052105
2 2 0.042874 0.074719 0.790817 0.055008 0.036582
2 2 0.020568 0.079395 0.813699 0.045349 0.040989
2 2 0.020239 0.140917 0.728536 0.043291 0.067018
2 2 0.011154 0.093270 0.814886 0.035025 0.045666
2 2 0.012307 0.070987 0.839891 0.038781 0.038034
2 2 0.008769 0.080688 0.839817 0.031447 0.039278
2 2 0.006643 0.082294 0.847722 0.026250 0.037090
2 2 0.005517 0.073489 0.866501 0.022971 0.031521
2 2 0.005951 0.083644 0.849379 0.024457 0.036568
2 2 0.006123 0.080753 0.852694 0.024835 0.035596
2 2 0.006072 0.094714 0.832549 0.025073 0.041592
2 2 0.016337 0.098335 0.773423 0.046588 0.065318
2 2 0.078664 0.108606 0.607080 0.104826 0.100823
2 2 0.203349 0.156539 0.334427 0.126294 0.179391
2 2 0.058225 0.153804 0.571208 0.089746 0.127017
2 2 0.037475 0.129483 0.648559 0.082191 0.102291
2 2 0.015223 0.067021 0.834031 0.045503 0.038222
2 2 0.010606 0.039286 0.890289 0.039118 0.020701
2 2 0.007890 0.026758 0.925818 0.026522 0.013011
2 2 0.012978 0.032525 0.899565 0.036929 0.018003
2 2 0.046625 0.045053 0.797547 0.078690 0.032085
2 2 0.136114 0.115315 0.548646 0.117387 0.082538
2 2 0.084311 0.130630 0.611967 0.091164 0.081928
2 2 0.071507 0.165965 0.581385 0.082402 0.098741
2 1 0.062922 0.185669 0.584841 0.069615 0.096953
2 1 0.028444 0.158919 0.687328 0.049243 0.076067
2 1 0.008837 0.072698 0.851757 0.031243 0.035465
2 1 0.005811 0.051567 0.897122 0.022904 0.022596
2 1 0.008070 0.046904 0.886453 0.035653 0.022920
2 2 0.011976 0.077498 0.821370 0.047345 0.041810
2 2 0.009877 0.074084 0.839572 0.038775 0.037691
2 2 0.007052 0.065801 0.866299 0.030328 0.030519
2 2 0.007434 0.065627 0.868689 0.027638 0.030612
2 2 0.007155 0.052234 0.890076 0.026310 0.024224
2 2 0.015017 0.096392 0.788659 0.045425 0.054508
2 2 0.018733 0.133396 0.730406 0.046880 0.070585
2 2 0.019291 0.225148 0.567587 0.045895 0.142080
2 2 0.012362 0.190074 0.652252 0.037791 0.107522
2 2 0.012169 0.193670 0.630447 0.039758 0.123957
2 2 0.013248 0.135455 0.748485 0.037629 0.065183
2 1 0.041877 0.105775 0.755118 0.050581 0.046649
2 0 0.264817 0.156498 0.433943 0.076364 0.068378
0 0 0.490101 0.205655 0.161726 0.052889 0.089630
0 0 0.351711 0.324440 0.175116 0.037942 0.110791
0 0 0.516748 0.213260 0.136968 0.047287 0.085736
2 0 0.043824 0.297247 0.476029 0.042837 0.140062
1 1 0.031163 0.368010 0.324980 0.038941 0.236906
2 1 0.067089 0.364288 0.393354 0.041030 0.134239
2 1 0.034735 0.345984 0.471843 0.033709 0.113729
2 1 0.012201 0.256747 0.608863 0.027684 0.094505
2 1 0.008698 0.232850 0.600275 0.032816 0.125361
2 1 0.007422 0.166178 0.718907 0.029846 0.077647
2 1 0.007874 0.182363 0.687555 0.030798 0.091410
2 1 0.005897 0.153546 0.743581 0.025166 0.071810
2 1 0.007997 0.226167 0.600075 0.030056 0.135706
2 1 0.007600 0.189625 0.673119 0.029729 0.099926
2 1 0.010829 0.183433 0.657045 0.036939 0.111755
2 1 0.007306 0.122008 0.785343 0.028933 0.056409
2 1 0.010475 0.153975 0.707829 0.035919 0.091802
2 1 0.015595 0.195892 0.602088 0.042175 0.144250
2 1 0.039621 0.258556 0.334367 0.060992 0.306463
4 1 0.063876 0.203588 0.138823 0.057370 0.536344
4 1 0.049347 0.150604 0.096341 0.052118 0.651590
4 1 0.066471 0.172361 0.156916 0.076526 0.527726
4 4 0.144768 0.099022 0.083451 0.099254 0.573505
4 4 0.194980 0.087602 0.166845 0.142055 0.408518
4 4 0.190302 0.087090 0.142570 0.133249 0.446788
4 4 0.099363 0.153981 0.248809 0.100365 0.397482
4 4 0.153158 0.099357 0.056554 0.068949 0.621982
4 4 0.118897 0.133640 0.083327 0.068876 0.595260
4 4 0.147393 0.164499 0.108134 0.074381 0.505592
4 4 0.120047 0.183439 0.132366 0.075728 0.488420
4 4 0.155337 0.135680 0.087415 0.076517 0.545050
4 4 0.157027 0.103143 0.061596 0.073028 0.605206
4 4 0.154661 0.098962 0.059180 0.073126 0.614072
4 4 0.128727 0.067844 0.039242 0.068332 0.695855
4 4 0.144894 0.046529 0.022075 0.056478 0.730024
4 4 0.247690 0.055332 0.028382 0.070439 0.598157
4 4 0.239380 0.050390 0.025275 0.068349 0.616606
4 4 0.172885 0.072909 0.035240 0.060084 0.658882
4 4 0.132410 0.087079 0.042240 0.055523 0.682748
4 4 0.054470 0.145264 0.094221 0.055128 0.650917
4 4 0.041068 0.162391 0.102212 0.047305 0.647024
4 4 0.038100 0.141263 0.077660 0.040211 0.702765
4 4 0.040118 0.141634 0.079571 0.042019 0.696659
4 4 0.041312 0.117285 0.058729 0.037847 0.744827
4 4 0.051248 0.093756 0.044430 0.038970 0.771596
4 4 0.080598 0.064934 0.029874 0.044817 0.779777
4 4 0.135801 0.046101 0.022159 0.056257 0.739683
4 4 0.198533 0.073280 0.044417 0.080589 0.603181
4 4 0.130026 0.068165 0.039731 0.069138 0.692940
4 4 0.177323 0.053531 0.031936 0.077955 0.659255
4 4 0.221251 0.054559 0.029475 0.073176 0.621539
4 4 0.349374 0.071350 0.032513 0.063196 0.483567
4 4 0.398971 0.074921 0.030504 0.055259 0.440344
4 4 0.401158 0.069894 0.026329 0.050787 0.451832
4 4 0.182543 0.113890 0.068495 0.075522 0.559550
4 4 0.073943 0.167860 0.148369 0.079326 0.530502
4 4 0.046437 0.215371 0.223739 0.069821 0.444632
4 4 0.056322 0.199941 0.198124 0.075915 0.469698
4 4 0.045585 0.209792 0.278492 0.072610 0.393521
4 4 0.045207 0.220636 0.203909 0.067431 0.462816
4 4 0.035010 0.209434 0.156894 0.050924 0.547739
4 4 0.033008 0.150292 0.081800 0.037368 0.697532
4 4 0.048174 0.139923 0.083786 0.048431 0.679686
4 4 0.066200 0.102905 0.056970 0.051059 0.722866
4 4 0.056388 0.136407 0.085583 0.054216 0.667407
4 4 0.038298 0.202881 0.152979 0.053456 0.552386
2 4 0.018106 0.288510 0.361593 0.046251 0.285539
2 4 0.016379 0.245764 0.517208 0.048149 0.172499
2 4 0.011733 0.266851 0.521987 0.037504 0.161925
2 4 0.011827 0.330010 0.427524 0.030463 0.200176
1 1 0.020718 0.374347 0.309986 0.032098 0.262851
1 1 0.025437 0.321216 0.301266 0.043490 0.308590
2 1 0.015987 0.246043 0.550295 0.038339 0.149336
2 1 0.010199 0.145904 0.739578 0.034284 0.070035
2 1 0.022063 0.154743 0.664352 0.060131 0.098710
2 1 0.025287 0.165388 0.649256 0.059870 0.100199
2 1 0.020614 0.207858 0.618093 0.046959 0.106476
2 2 0.020954 0.289937 0.542711 0.034579 0.111819
2 2 0.018076 0.312951 0.482376 0.033437 0.153160
2 2 0.008882 0.221251 0.659206 0.025935 0.084725
2 2 0.004756 0.182501 0.713462 0.022330 0.076950
2 2 0.005901 0.232718 0.641799 0.022922 0.096660
2 2 0.006482 0.208381 0.680301 0.022999 0.081837
2 2 0.012515 0.236099 0.618320 0.029923 0.103142
2 2 0.008266 0.137348 0.756913 0.031642 0.065831
2 2 0.009743 0.195549 0.634469 0.033847 0.126392
2 2 0.012905 0.222784 0.522982 0.037895 0.203433
2 2 0.015725 0.263494 0.355806 0.039273 0.325702
2 2 0.011813 0.207369 0.582134 0.037112 0.161572
2 2 0.012614 0.193619 0.611408 0.039362 0.142997
2 2 0.009803 0.138885 0.736069 0.034195 0.081049
2 2 0.007554 0.087574 0.835263 0.028736 0.040873
2 2 0.014952 0.051646 0.861383 0.042637 0.029383
2 1 0.039615 0.055454 0.785205 0.084727 0.035000
2 1 0.025223 0.044385 0.831991 0.073036 0.025366
2 1 0.013516 0.071596 0.843933 0.037946 0.033008
2 1 0.008522 0.049824 0.884274 0.032913 0.024467
2 1 0.014022 0.044586 0.860402 0.055386 0.025604
2 1 0.023204 0.031400 0.831208 0.092785 0.021404
