0 0 0.382951 0.175635 0.192129 0.140916 0.108369
1 0 0.253610 0.278535 0.239804 0.067846 0.160203
0 0 0.440644 0.210847 0.140815 0.084457 0.123238
0 0 0.389219 0.238304 0.166823 0.081616 0.124038
0 0 0.323380 0.266307 0.204386 0.081061 0.124866
0 0 0.415765 0.222897 0.158803 0.107605 0.094930
2 0 0.227546 0.256432 0.285891 0.104839 0.125292
2 0 0.150250 0.201472 0.403109 0.162484 0.082685
2 0 0.084109 0.137288 0.577140 0.143246 0.058217
2 0 0.039192 0.086197 0.730597 0.101534 0.042481
2 0 0.020819 0.057131 0.817812 0.078471 0.025768
2 0 0.017074 0.065101 0.839874 0.051541 0.026410
2 0 0.015438 0.072731 0.845514 0.038995 0.027321
2 0 0.014945 0.081656 0.842129 0.032013 0.029257
2 0 0.017573 0.097970 0.816819 0.031242 0.036395
2 0 0.039073 0.150634 0.712376 0.046119 0.051799
2 0 0.093629 0.229009 0.527967 0.067783 0.081611
2 0 0.147436 0.281940 0.402534 0.073974 0.094116
2 0 0.142473 0.306010 0.390195 0.061912 0.099411
1 0 0.260656 0.314232 0.242257 0.064523 0.118333
0 0 0.594017 0.166611 0.083760 0.076327 0.079284
0 0 0.802473 0.092201 0.026598 0.035849 0.042879
0 0 0.902946 0.053974 0.008833 0.013736 0.020511
0 0 0.950189 0.031776 0.003181 0.006602 0.008252
0 0 0.967933 0.021440 0.001479 0.002741 0.006407
0 0 0.964828 0.022294 0.001578 0.002444 0.008855
0 0 0.954254 0.028632 0.002560 0.004176 0.010378
0 0 0.936322 0.038383 0.004568 0.008404 0.012323
0 0 0.901442 0.053898 0.009087 0.019237 0.016335
0 0 0.851202 0.072836 0.016806 0.033059 0.026097
0 0 0.846772 0.074409 0.017478 0.031846 0.029495
0 0 0.861605 0.069804 0.015199 0.027283 0.026109
0 0 0.830258 0.081159 0.020716 0.034031 0.033836
0 0 0.831909 0.080526 0.019872 0.024681 0.043011
0 0 0.809750 0.087751 0.023974 0.029932 0.048593
0 0 0.802314 0.091201 0.025985 0.033016 0.047484
0 0 0.773869 0.091899 0.026570 0.023338 0.084323
0 0 0.751603 0.097317 0.030282 0.025473 0.095324
0 0 0.774932 0.088820 0.024782 0.020303 0.091164
0 0 0.784652 0.090683 0.025708 0.024161 0.074795
0 0 0.774677 0.089920 0.025409 0.021344 0.088651
0 0 0.787953 0.093941 0.027649 0.030514 0.059943
0 0 0.779525 0.099282 0.031845 0.051645 0.037703
0 0 0.740180 0.089120 0.029774 0.123827 0.017100
0 0 0.569341 0.107392 0.053767 0.252175 0.017325
0 0 0.716718 0.110440 0.043199 0.103165 0.026479
0 0 0.701546 0.119383 0.049883 0.093113 0.036074
0 0 0.693395 0.121206 0.049791 0.051729 0.083879
0 0 0.512175 0.142169 0.085212 0.055106 0.205338
0 0 0.627454 0.135042 0.066204 0.062017 0.109284
0 0 0.718603 0.116268 0.044906 0.051720 0.068503
0 0 0.874271 0.065670 0.013074 0.018675 0.028310
0 0 0.929422 0.040860 0.005348 0.013800 0.010570
0 0 0.940388 0.034757 0.004010 0.014011 0.006833
0 0 0.899556 0.054613 0.009353 0.020314 0.016164
0 0 0.899339 0.054419 0.009374 0.022757 0.014111
0 0 0.887478 0.058988 0.011030 0.025952 0.016552
0 0 0.896022 0.053792 0.008871 0.012835 0.028481
0 0 0.847937 0.067957 0.014156 0.015123 0.054826
0 0 0.833515 0.070592 0.015284 0.014360 0.066249
0 0 0.834849 0.077398 0.018421 0.022315 0.047018
0 0 0.817658 0.083335 0.021536 0.025631 0.051840
0 0 0.803739 0.089419 0.024829 0.028618 0.053396
0 0 0.801259 0.090059 0.025648 0.034912 0.048122
0 0 0.783706 0.093861 0.029293 0.060932 0.032208
0 0 0.843546 0.076360 0.017793 0.022602 0.039699
0 0 0.885901 0.061622 0.011537 0.018211 0.022730
0 0 0.909695 0.051044 0.007912 0.012581 0.018768
0 0 0.930519 0.041731 0.005349 0.009570 0.012831
0 0 0.935541 0.039657 0.004873 0.009830 0.010098
0 0 0.921666 0.046567 0.006706 0.014407 0.010654
0 0 0.915888 0.049261 0.007489 0.015865 0.011498
0 0 0.797797 0.094665 0.028554 0.049815 0.029169
0 0 0.721076 0.103085 0.038514 0.119092 0.018233
0 0 0.774953 0.089896 0.028037 0.093163 0.013951
0 0 0.834934 0.079274 0.020156 0.047877 0.017759
0 0 0.835633 0.079128 0.019876 0.038233 0.027130
0 0 0.666479 0.104722 0.043719 0.165131 0.019948
3 0 0.408863 0.075725 0.040563 0.468953 0.005897
0 0 0.588004 0.103395 0.048964 0.243324 0.016313
0 0 0.621229 0.125194 0.062682 0.158625 0.032271
0 1 0.539249 0.135349 0.082339 0.205761 0.037303
0 1 0.429307 0.235381 0.151687 0.099053 0.084571
2 1 0.142868 0.287565 0.324132 0.049666 0.195768
2 2 0.053752 0.194964 0.569157 0.050051 0.132076
2 2 0.023954 0.092459 0.787108 0.051976 0.044503
2 2 0.029012 0.096470 0.762341 0.062718 0.049459
2 2 0.032047 0.109704 0.739477 0.060212 0.058561
2 2 0.031269 0.111153 0.741244 0.057412 0.058922
2 2 0.028196 0.112781 0.751644 0.049471 0.057908
2 2 0.016980 0.064883 0.838623 0.051926 0.027588
2 2 0.012060 0.039439 0.873045 0.060598 0.014858
2 2 0.010069 0.027484 0.873785 0.079246 0.009416
2 2 0.009517 0.021406 0.850485 0.111773 0.006818
2 2 0.010602 0.021099 0.820697 0.140867 0.006735
2 2 0.011293 0.018459 0.774336 0.190075 0.005838
2 3 0.016773 0.020741 0.638961 0.316515 0.007010
2 3 0.017142 0.017882 0.506353 0.452952 0.005670
3 3 0.014900 0.015822 0.420299 0.544608 0.004370
3 3 0.012423 0.013403 0.367470 0.603419 0.003285
3 3 0.010977 0.011987 0.308975 0.665387 0.002673
3 3 0.010427 0.011445 0.281059 0.694619 0.002450
3 3 0.009289 0.010271 0.273902 0.704452 0.002085
3 3 0.009881 0.010887 0.272251 0.704715 0.002265
3 3 0.011435 0.012527 0.227676 0.745672 0.002691
3 3 0.010509 0.011604 0.178884 0.796671 0.002332
3 3 0.007456 0.008410 0.161662 0.821023 0.001450
3 3 0.008166 0.009150 0.182630 0.798395 0.001660
3 3 0.009783 0.010817 0.228497 0.748726 0.002178
3 3 0.010167 0.011221 0.220648 0.755680 0.002284
3 3 0.009790 0.010846 0.195058 0.782168 0.002138
3 3 0.008876 0.009908 0.162474 0.816905 0.001837
3 3 0.008712 0.009744 0.146514 0.833256 0.001774
3 3 0.009373 0.010447 0.129904 0.848336 0.001940
3 3 0.010620 0.011759 0.108972 0.866380 0.002268
3 3 0.008812 0.009871 0.095833 0.883736 0.001747
3 3 0.006724 0.007654 0.090633 0.893782 0.001207
3 3 0.005439 0.006270 0.086135 0.901251 0.000904
3 3 0.006846 0.007749 0.188386 0.795708 0.001311
3 3 0.007636 0.008565 0.233979 0.748259 0.001561
3 3 0.019494 0.020757 0.164556 0.789829 0.005364
3 3 0.012232 0.013409 0.144314 0.827237 0.002808
3 3 0.005681 0.006535 0.072688 0.914147 0.000950
3 3 0.006322 0.007225 0.082820 0.902527 0.001105
3 3 0.006654 0.007573 0.111055 0.873512 0.001206
3 3 0.007247 0.008208 0.110356 0.872835 0.001353
3 3 0.006286 0.007185 0.086240 0.899190 0.001099
3 3 0.006316 0.007222 0.067318 0.918053 0.001092
3 3 0.005675 0.006531 0.055006 0.931851 0.000936
3 3 0.006046 0.006932 0.053205 0.932798 0.001018
3 3 0.006148 0.007041 0.060867 0.924896 0.001048
3 3 0.006972 0.007925 0.067230 0.916625 0.001248
3 3 0.007396 0.008377 0.075075 0.907793 0.001359
3 3 0.007610 0.008603 0.080792 0.901576 0.001418
3 3 0.007421 0.008399 0.088798 0.894004 0.001378
3 3 0.009081 0.010155 0.096291 0.882653 0.001820
3 3 0.008726 0.009782 0.089219 0.890556 0.001717
3 3 0.008907 0.009977 0.079145 0.900218 0.001753
3 3 0.009580 0.010682 0.086364 0.891429 0.001944
3 3 0.024685 0.025972 0.115198 0.826954 0.007191
3 0 0.076866 0.067561 0.160700 0.668272 0.026602
3 3 0.155296 0.154162 0.242828 0.372630 0.075084
3 3 0.085977 0.090163 0.292811 0.493519 0.037530
3 3 0.036994 0.037531 0.284296 0.627186 0.013993
3 3 0.008315 0.009276 0.239796 0.740854 0.001758
3 3 0.008134 0.009099 0.216428 0.764656 0.001684
3 3 0.007763 0.008713 0.205311 0.776643 0.001570
3 3 0.010861 0.011955 0.200244 0.774472 0.002469
3 3 0.012070 0.013211 0.189394 0.782493 0.002832
3 3 0.012142 0.013311 0.153513 0.818239 0.002795
3 3 0.012881 0.014067 0.158556 0.811459 0.003038
3 3 0.011948 0.013110 0.154487 0.817718 0.002736
3 3 0.010994 0.012122 0.156314 0.818124 0.002446
3 3 0.009822 0.010911 0.139708 0.837480 0.002079
3 3 0.010142 0.011238 0.153538 0.822892 0.002189
3 3 0.008099 0.009096 0.150986 0.830208 0.001611
3 3 0.009149 0.010205 0.143669 0.835085 0.001893
3 3 0.008933 0.009989 0.118890 0.860383 0.001805
3 3 0.008562 0.009607 0.096397 0.883754 0.001681
3 3 0.007863 0.008871 0.085269 0.896510 0.001487
3 3 0.006016 0.006897 0.071872 0.914189 0.001026
3 3 0.006392 0.007302 0.075881 0.909309 0.001117
3 3 0.006688 0.007620 0.070384 0.914125 0.001182
3 3 0.006977 0.007931 0.066385 0.917459 0.001248
3 3 0.006758 0.007697 0.059368 0.924988 0.001189
3 3 0.006215 0.007114 0.057127 0.928484 0.001060
3 3 0.006463 0.007381 0.058723 0.926313 0.001119
3 3 0.006779 0.007717 0.074755 0.909542 0.001208
3 3 0.007193 0.008157 0.089024 0.894304 0.001321
3 3 0.009131 0.010204 0.102234 0.876590 0.001841
3 -1 0.021544 0.022865 0.108025 0.841626 0.005940
3 0 0.090440 0.067642 0.120246 0.701189 0.020483
3 0 0.186836 0.103745 0.135089 0.545160 0.029169
3 0 0.072255 0.038708 0.055663 0.828468 0.004906
3 0 0.046100 0.024501 0.036746 0.890334 0.002319
3 0 0.083545 0.048594 0.072955 0.786853 0.008052
2 1 0.130012 0.292773 0.357291 0.107802 0.112121
2 1 0.063924 0.305337 0.465766 0.027611 0.137363
2 1 0.016103 0.085953 0.827323 0.034124 0.036497
2 1 0.009615 0.050758 0.888336 0.033261 0.018030
2 1 0.024568 0.093013 0.789902 0.052126 0.040391
2 0 0.135215 0.183049 0.437208 0.137753 0.106775
2 1 0.210617 0.262390 0.268625 0.074640 0.183728
2 2 0.078629 0.253672 0.466885 0.045258 0.155556
2 2 0.040468 0.189326 0.619405 0.037339 0.113462
2 2 0.030378 0.121555 0.734564 0.049214 0.064289
2 2 0.020726 0.086065 0.806478 0.047286 0.039445
2 2 0.017099 0.075952 0.831210 0.043134 0.032606
2 2 0.013035 0.060708 0.862563 0.039926 0.023768
2 2 0.013106 0.064317 0.859834 0.037452 0.025290
2 2 0.011004 0.058569 0.875272 0.033377 0.021778
2 2 0.008157 0.044298 0.901082 0.031545 0.014918
2 2 0.011794 0.054401 0.873192 0.040034 0.020579
2 2 0.020981 0.075642 0.812375 0.056436 0.034565
2 2 0.024927 0.069856 0.794316 0.077305 0.033596
2 2 0.021923 0.056112 0.810745 0.085502 0.025719
2 3 0.078266 0.269330 0.410847 0.042505 0.199051
0 3 0.248320 0.185877 0.234215 0.151747 0.179841
0 3 0.407946 0.182003 0.139765 0.083308 0.186978
2 2 0.052535 0.362804 0.405656 0.015354 0.163651
2 2 0.053531 0.366080 0.404001 0.015411 0.160977
2 2 0.028133 0.095964 0.766447 0.060753 0.048703
2 3 0.012237 0.047289 0.872712 0.049771 0.017992
2 2 0.011884 0.050934 0.874118 0.043803 0.019261
2 2 0.013484 0.057614 0.861670 0.044496 0.022735
2 4 0.017463 0.075465 0.829792 0.044687 0.032593
2 4 0.022349 0.104599 0.782788 0.040582 0.049683
2 4 0.032931 0.146525 0.697390 0.042202 0.080952
2 4 0.046811 0.190377 0.596252 0.044182 0.122378
2 4 0.052479 0.212612 0.547407 0.042304 0.145198
2 4 0.050153 0.203825 0.567172 0.043012 0.135838
2 4 0.048253 0.202068 0.575349 0.041683 0.132647
2 4 0.028020 0.131150 0.732635 0.040119 0.068076
2 4 0.025989 0.113155 0.759791 0.044417 0.056648
2 4 0.018723 0.088368 0.813482 0.040100 0.039327
2 4 0.018935 0.087565 0.813254 0.041164 0.039081
2 4 0.027736 0.125462 0.740705 0.041991 0.064106
2 4 0.056198 0.212262 0.537138 0.045878 0.148525
2 4 0.090645 0.258542 0.319967 0.028194 0.302651
4 4 0.120309 0.219465 0.213640 0.018054 0.428532
4 4 0.123289 0.196822 0.164437 0.011310 0.504141
4 4 0.118478 0.201936 0.170337 0.011091 0.498158
4 4 0.122419 0.207075 0.184767 0.013878 0.471861
4 4 0.098395 0.249131 0.280995 0.022861 0.348618
4 4 0.108021 0.229790 0.224881 0.016040 0.421269
4 4 0.107709 0.227773 0.218377 0.014937 0.431204
4 4 0.102324 0.236430 0.235618 0.015910 0.409718
4 4 0.082182 0.263115 0.294080 0.017728 0.342896
4 4 0.077083 0.268335 0.302189 0.016795 0.335597
2 4 0.078352 0.285114 0.337548 0.022002 0.276985
2 4 0.082571 0.287616 0.323526 0.020433 0.285854
2 4 0.083505 0.283946 0.309861 0.018501 0.304187
4 1 0.107104 0.275094 0.283816 0.022217 0.311770
4 4 0.111478 0.288741 0.287830 0.022643 0.289307
4 4 0.091685 0.276294 0.304738 0.021477 0.305807
4 4 0.097209 0.246800 0.263603 0.018775 0.373613
4 4 0.093683 0.254721 0.298151 0.024349 0.329095
4 4 0.092948 0.253462 0.283856 0.020795 0.348939
2 4 0.064906 0.233617 0.473410 0.039016 0.189050
2 4 0.060577 0.218679 0.504497 0.035101 0.181146
2 4 0.057287 0.216760 0.527190 0.045110 0.153654
2 4 0.052331 0.163257 0.614308 0.063428 0.106676
2 4 0.050072 0.173047 0.609366 0.055307 0.112207
2 4 0.047624 0.168135 0.623127 0.054391 0.106723
2 4 0.043687 0.157026 0.649177 0.054159 0.095950
2 4 0.046173 0.162410 0.634738 0.055137 0.101542
2 4 0.052114 0.191332 0.579034 0.049736 0.127784
2 4 0.070797 0.236702 0.441172 0.034274 0.217055
2 4 0.071335 0.253097 0.400478 0.027613 0.247477
2 1 0.075855 0.264370 0.358114 0.025193 0.276469
2 1 0.067528 0.281074 0.431228 0.030558 0.189612
2 1 0.042841 0.221678 0.568480 0.031025 0.135977
2 2 0.036761 0.177756 0.644619 0.036594 0.104270
2 2 0.033681 0.145276 0.696347 0.043928 0.080769
2 2 0.032203 0.147726 0.698395 0.040569 0.081106
2 2 0.040150 0.182266 0.627845 0.039263 0.110477
2 1 0.045336 0.211517 0.570106 0.035947 0.137094
2 1 0.057705 0.242790 0.503589 0.037486 0.158430
2 1 0.043777 0.229869 0.580435 0.029631 0.116287
2 1 0.030945 0.183338 0.673349 0.027524 0.084843
2 1 0.018788 0.108353 0.792961 0.030941 0.048958
2 1 0.011036 0.064286 0.870786 0.029862 0.024030
2 2 0.008836 0.054958 0.890128 0.026963 0.019115
2 2 0.009160 0.056848 0.886848 0.027134 0.020010
2 2 0.028972 0.136374 0.723171 0.039678 0.071805
2 2 0.062784 0.196918 0.554197 0.058533 0.127568
2 2 0.048396 0.192208 0.600361 0.044978 0.114056
2 1 0.028407 0.123317 0.739983 0.044362 0.063930
2 1 0.021849 0.092244 0.796417 0.046344 0.043146
2 1 0.026833 0.118701 0.750791 0.043423 0.060252
2 2 0.032146 0.137828 0.710372 0.044574 0.075080
2 2 0.027549 0.120965 0.745696 0.043783 0.062007
2 2 0.021934 0.094203 0.794346 0.045344 0.044173
2 1 0.017998 0.082760 0.821594 0.041396 0.036253
2 1 0.015852 0.068075 0.842884 0.044781 0.028409
2 2 0.014078 0.059035 0.857569 0.045694 0.023623
2 2 0.015668 0.058493 0.848577 0.053097 0.024166
2 2 0.013407 0.055333 0.863110 0.046387 0.021762
2 2 0.013966 0.052593 0.860521 0.052019 0.020901
2 2 0.017239 0.058077 0.839414 0.060569 0.024702
2 2 0.016477 0.054828 0.844493 0.061250 0.022951
2 2 0.016630 0.052305 0.843573 0.065567 0.021924
2 3 0.018186 0.053240 0.833674 0.071939 0.022961
2 2 0.017153 0.057264 0.840063 0.061213 0.024307
2 2 0.014701 0.042972 0.852830 0.072423 0.017074
2 3 0.014428 0.040892 0.854340 0.074137 0.016204
2 2 0.016170 0.050503 0.845137 0.067409 0.020781
2 2 0.013871 0.042155 0.859169 0.068319 0.016485
2 2 0.015892 0.047907 0.847788 0.068664 0.019749
2 2 0.014671 0.042552 0.850922 0.075152 0.016703
2 2 0.012207 0.027800 0.831026 0.119552 0.009415
2 3 0.011102 0.020058 0.791045 0.171511 0.006283
2 2 0.009705 0.019009 0.821479 0.143946 0.005860
2 2 0.009371 0.015855 0.785226 0.184893 0.004654
2 2 0.009593 0.016039 0.789502 0.180040 0.004826
2 2 0.012773 0.021166 0.776933 0.182036 0.007092
2 2 0.012127 0.018809 0.756987 0.206023 0.006054
2 2 0.014740 0.019736 0.700515 0.258348 0.006661
2 2 0.020615 0.022082 0.577328 0.371927 0.008047
2 3 0.016910 0.017646 0.510421 0.449439 0.005584
2 2 0.016031 0.016759 0.523676 0.438286 0.005248
2 2 0.011976 0.012651 0.582911 0.388750 0.003712
2 2 0.013468 0.017093 0.666589 0.297458 0.005392
2 2 0.011773 0.015118 0.671301 0.297297 0.004511
2 2 0.010194 0.012192 0.667128 0.306977 0.003509
2 2 0.009615 0.011867 0.705954 0.269088 0.003476
2 2 0.008407 0.009828 0.699935 0.279068 0.002762
2 2 0.008137 0.008705 0.656217 0.324579 0.002364
2 2 0.008800 0.009438 0.609523 0.369739 0.002500
2 3 0.009788 0.010512 0.550933 0.426035 0.002732
2 3 0.007896 0.008645 0.496952 0.484560 0.001947
3 2 0.007474 0.008252 0.448517 0.534016 0.001741
3 3 0.007131 0.007897 0.446507 0.536834 0.001631
3 3 0.007091 0.007860 0.439246 0.544192 0.001610
3 3 0.007180 0.007938 0.458269 0.524952 0.001661
2 3 0.006618 0.007325 0.493114 0.491416 0.001527
2 3 0.006331 0.007020 0.501658 0.483543 0.001448
3 3 0.009943 0.010772 0.466213 0.510470 0.002602
3 3 0.011125 0.012043 0.404370 0.569565 0.002898
3 3 0.011685 0.012689 0.332632 0.640040 0.002954
3 3 0.010173 0.011159 0.309250 0.667006 0.002411
3 3 0.009377 0.010335 0.310604 0.667523 0.002160
3 3 0.009464 0.010418 0.319641 0.658277 0.002199
3 3 0.008876 0.009818 0.307022 0.672283 0.002000
3 3 0.008443 0.009380 0.286695 0.693637 0.001846
3 3 0.008303 0.009223 0.302612 0.678039 0.001822
3 3 0.009028 0.009986 0.293086 0.685870 0.002029
3 3 0.009237 0.010192 0.307954 0.670504 0.002113
3 3 0.008696 0.009647 0.281855 0.697887 0.001916
3 3 0.009069 0.010031 0.288604 0.690260 0.002036
3 3 0.009212 0.010191 0.273705 0.704830 0.002061
3 3 0.009864 0.010846 0.302023 0.674964 0.002301
3 3 0.012715 0.013753 0.318219 0.652030 0.003284
3 3 0.013526 0.014605 0.292099 0.676255 0.003515
3 3 0.014018 0.015175 0.222885 0.744383 0.003540
3 3 0.012228 0.013375 0.186733 0.784786 0.002878
3 3 0.008429 0.009444 0.150055 0.830371 0.001700
3 3 0.008514 0.009537 0.142686 0.837547 0.001716
3 3 0.008029 0.009025 0.142840 0.838521 0.001585
3 3 0.006848 0.007766 0.152640 0.831461 0.001285
3 3 0.006118 0.006985 0.149001 0.836795 0.001101
3 3 0.005998 0.006860 0.137194 0.848884 0.001064
3 3 0.005969 0.006838 0.109275 0.876878 0.001040
3 3 0.005704 0.006555 0.094977 0.891795 0.000969
3 3 0.005235 0.006044 0.103721 0.884132 0.000868
3 3 0.005959 0.006828 0.105162 0.881016 0.001035
3 3 0.006645 0.007558 0.130325 0.854254 0.001218
3 3 0.008057 0.009056 0.140072 0.841226 0.001590
3 3 0.007556 0.008528 0.133508 0.848956 0.001452
3 3 0.006586 0.007502 0.105754 0.878973 0.001185
3 3 0.006045 0.006922 0.098480 0.887503 0.001051
3 3 0.005392 0.006219 0.085384 0.902112 0.000893
3 3 0.006029 0.006906 0.094743 0.891277 0.001045
3 3 0.006427 0.007335 0.091160 0.893942 0.001136
3 3 0.006978 0.007926 0.090137 0.893689 0.001269
3 3 0.006665 0.007588 0.102086 0.882460 0.001202
3 3 0.005777 0.006629 0.110822 0.875776 0.000996
3 3 0.006210 0.007096 0.114920 0.870673 0.001101
3 3 0.008582 0.009545 0.257812 0.722206 0.001855
3 3 0.009048 0.010008 0.291166 0.687745 0.002033
3 3 0.023843 0.025028 0.197067 0.746854 0.007208
3 3 0.015002 0.016206 0.190286 0.774698 0.003809
3 3 0.005978 0.006856 0.070618 0.915532 0.001016
3 3 0.005882 0.006754 0.061398 0.924979 0.000988
3 3 0.004705 0.005474 0.054736 0.934358 0.000727
3 3 0.005180 0.005992 0.057870 0.930129 0.000829
3 3 0.005164 0.005975 0.061926 0.926105 0.000829
3 3 0.005684 0.006539 0.067073 0.919758 0.000947
3 3 0.007184 0.008152 0.068210 0.915154 0.001301
3 3 0.007446 0.008430 0.076407 0.906344 0.001373
3 3 0.005799 0.006665 0.060852 0.925715 0.000968
3 3 0.006974 0.007929 0.063575 0.920277 0.001245
3 3 0.006704 0.007639 0.064576 0.919900 0.001181
3 3 0.008492 0.009537 0.086445 0.893874 0.001652
3 3 0.008013 0.009022 0.109659 0.871757 0.001549
3 3 0.007205 0.008165 0.102293 0.881001 0.001336
3 3 0.005050 0.005847 0.083741 0.904545 0.000816
3 3 0.004404 0.005141 0.078946 0.910832 0.000676
3 3 0.004214 0.004933 0.066704 0.923517 0.000632
3 3 0.004943 0.005734 0.063139 0.925401 0.000782
3 3 0.005476 0.006315 0.054885 0.932432 0.000892
3 3 0.005855 0.006724 0.062343 0.924096 0.000982
3 3 0.005807 0.006671 0.071064 0.915481 0.000977
3 3 0.007780 0.008777 0.102612 0.879349 0.001482
3 3 0.009098 0.010164 0.116404 0.862485 0.001848
3 3 0.010352 0.011482 0.105623 0.870355 0.002187
3 3 0.010100 0.011221 0.100524 0.876047 0.002108
3 3 0.009636 0.010737 0.095803 0.881851 0.001972
3 3 0.009334 0.010423 0.090910 0.887451 0.001883
3 3 0.006355 0.007264 0.067445 0.917835 0.001101
3 3 0.004376 0.005113 0.058120 0.931731 0.000661
3 3 0.004823 0.005601 0.070630 0.918186 0.000760
3 3 0.007792 0.008791 0.099971 0.881964 0.001483
3 3 0.014588 0.015798 0.176092 0.789887 0.003636
3 3 0.028881 0.029776 0.283196 0.648243 0.009905
2 2 0.036521 0.053137 0.494275 0.395656 0.020411
2 3 0.021848 0.044717 0.724864 0.192238 0.016332
2 3 0.012744 0.028701 0.813868 0.135240 0.009448
2 3 0.007811 0.018043 0.873063 0.095469 0.005615
2 2 0.006889 0.018103 0.896943 0.072398 0.005667
2 2 0.007116 0.020928 0.901381 0.063944 0.006631
2 2 0.008221 0.029143 0.900406 0.052522 0.009708
2 3 0.008575 0.032774 0.899220 0.048342 0.011089
2 2 0.010911 0.040030 0.882140 0.052282 0.014637
2 3 0.017123 0.054647 0.840486 0.064596 0.023147
2 2 0.023222 0.069665 0.803385 0.070980 0.032749
2 2 0.029890 0.087796 0.763846 0.073252 0.045216
2 2 0.033872 0.108131 0.733586 0.065700 0.058712
2 2 0.028919 0.119256 0.742379 0.047448 0.061998
2 2 0.024820 0.096866 0.779786 0.051248 0.047280
2 2 0.024948 0.093518 0.781964 0.053949 0.045621
2 2 0.029196 0.091751 0.764709 0.067341 0.047002
2 2 0.027408 0.079908 0.774532 0.079458 0.038695
2 2 0.021036 0.058348 0.816660 0.077536 0.026420
2 2 0.014429 0.042757 0.856361 0.069396 0.017056
2 2 0.014015 0.035858 0.853958 0.082045 0.014124
2 2 0.013357 0.038689 0.862244 0.070676 0.015034
2 2 0.014805 0.044743 0.854456 0.067986 0.018011
2 4 0.019025 0.068581 0.825958 0.056168 0.030268
2 4 0.033593 0.138117 0.705006 0.046959 0.076325
2 4 0.079274 0.255912 0.374410 0.030664 0.259740
4 4 0.092323 0.253320 0.280131 0.019768 0.354459
4 4 0.108769 0.237431 0.254625 0.021903 0.377272
4 4 0.105009 0.242309 0.267004 0.022940 0.362738
2 4 0.083911 0.264360 0.323276 0.024607 0.303847
2 4 0.065947 0.270403 0.406566 0.031164 0.225920
2 4 0.053349 0.256927 0.502362 0.030973 0.156389
2 4 0.058404 0.277413 0.463059 0.029695 0.171429
2 4 0.065911 0.300853 0.402259 0.028464 0.202513
2 4 0.066990 0.279977 0.366008 0.023363 0.263663
2 4 0.071359 0.276088 0.353002 0.023420 0.276133
4 1 0.102491 0.265520 0.285287 0.022530 0.324173
4 4 0.116366 0.268431 0.255716 0.019274 0.340212
4 4 0.092732 0.259639 0.291217 0.021386 0.335026
4 4 0.089583 0.258858 0.308931 0.024584 0.318044
4 4 0.095294 0.252027 0.285683 0.022336 0.344660
4 4 0.092769 0.256412 0.310652 0.027009 0.313157
2 4 0.091453 0.257694 0.314946 0.027327 0.308580
4 4 0.110674 0.222329 0.207811 0.014220 0.444966
4 4 0.143216 0.201873 0.154212 0.011322 0.489376
4 4 0.173124 0.195340 0.141553 0.012992 0.476991
4 4 0.140632 0.200654 0.159413 0.012221 0.487081
4 4 0.120425 0.195442 0.159654 0.010207 0.514272
4 4 0.116937 0.206059 0.177244 0.011623 0.488137
4 4 0.106309 0.224389 0.207182 0.012985 0.449134
4 4 0.108014 0.222710 0.205207 0.013158 0.450911
4 4 0.123063 0.190763 0.153236 0.009939 0.523000
4 4 0.127434 0.166241 0.117952 0.006984 0.581389
4 4 0.137832 0.153323 0.105153 0.006936 0.596756
4 4 0.159609 0.143024 0.099528 0.008783 0.589056
4 4 0.142439 0.197084 0.154200 0.011824 0.494454
4 4 0.117337 0.208751 0.183324 0.012488 0.478100
4 4 0.106397 0.229293 0.220676 0.014895 0.428740
4 4 0.098571 0.243483 0.253019 0.017440 0.387486
2 4 0.089366 0.279974 0.334124 0.027309 0.269227
2 4 0.089625 0.288441 0.335758 0.026397 0.259778
4 4 0.094010 0.271244 0.302887 0.022735 0.309123
4 4 0.120086 0.186269 0.143730 0.008465 0.541451
4 4 0.127433 0.144713 0.091285 0.004815 0.631755
4 4 0.161038 0.093715 0.048588 0.003549 0.693110
4 4 0.192614 0.067869 0.031565 0.003226 0.704726
4 4 0.238118 0.052085 0.023212 0.003780 0.682804
4 4 0.241882 0.055190 0.025592 0.004347 0.672988
4 4 0.246202 0.058900 0.028568 0.005106 0.661223
4 4 0.263347 0.061005 0.028836 0.005375 0.641437
4 4 0.300950 0.074068 0.037361 0.008377 0.579244
4 4 0.251380 0.092670 0.057030 0.011183 0.587737
4 4 0.167429 0.121093 0.075789 0.006698 0.628991
4 4 0.151441 0.132056 0.083997 0.006181 0.626326
4 4 0.196442 0.092913 0.052548 0.006036 0.652061
4 4 0.230870 0.082148 0.046767 0.007647 0.632569
4 4 0.254058 0.066632 0.035263 0.006957 0.637090
4 4 0.254646 0.067275 0.035851 0.007128 0.635100
4 4 0.218585 0.096474 0.059152 0.008939 0.616849
4 4 0.208357 0.091977 0.053256 0.007021 0.639389
4 4 0.145848 0.129265 0.079514 0.005299 0.640074
4 4 0.137136 0.136001 0.084502 0.005048 0.637313
4 4 0.122961 0.173044 0.125314 0.007121 0.571561
4 4 0.117228 0.203464 0.172263 0.011076 0.495969
4 4 0.089588 0.241734 0.227947 0.011227 0.429505
2 4 0.076888 0.269686 0.347612 0.025556 0.280259
2 4 0.076262 0.237691 0.436300 0.045695 0.204052
2 4 0.089663 0.259485 0.328624 0.030068 0.292159
2 4 0.080368 0.266867 0.357032 0.031566 0.264167
2 4 0.076459 0.268808 0.365969 0.030375 0.258389
2 4 0.072353 0.266327 0.379635 0.028285 0.253399
2 4 0.086465 0.261890 0.316555 0.024557 0.310532
2 4 0.088114 0.260584 0.317950 0.025948 0.307403
2 4 0.087474 0.260933 0.314400 0.024649 0.312545
4 4 0.096058 0.252992 0.298981 0.025942 0.326026
4 4 0.097972 0.250135 0.285999 0.023800 0.342094
4 4 0.105499 0.236136 0.241235 0.017944 0.399186
4 4 0.099027 0.238772 0.236808 0.015029 0.410364
4 4 0.114018 0.203396 0.169341 0.010126 0.503119
4 4 0.114182 0.208279 0.179223 0.011291 0.487025
4 4 0.114065 0.205048 0.172589 0.010496 0.497802
4 4 0.090254 0.256338 0.289973 0.020733 0.342703
2 4 0.077506 0.270311 0.345490 0.025899 0.280794
2 4 0.049996 0.217347 0.547531 0.038545 0.146581
2 4 0.043636 0.189127 0.607625 0.041041 0.118570
2 4 0.049118 0.215052 0.553586 0.038436 0.143808
2 2 0.044946 0.202848 0.584090 0.038082 0.130034
2 2 0.050932 0.219598 0.541357 0.038704 0.149410
2 2 0.047965 0.187436 0.596820 0.046587 0.121193
2 2 0.046842 0.176883 0.614374 0.049468 0.112434
2 2 0.035705 0.139445 0.696190 0.049990 0.078670
2 2 0.032551 0.131509 0.716060 0.048276 0.071603
2 2 0.033639 0.130985 0.712758 0.050568 0.072049
2 2 0.039976 0.152145 0.667099 0.050864 0.089914
2 2 0.047145 0.176076 0.614494 0.050191 0.112094
2 2 0.046894 0.189190 0.597644 0.044708 0.121564
2 2 0.046436 0.196179 0.589223 0.041753 0.126408
2 2 0.033135 0.152622 0.689213 0.040156 0.084874
2 2 0.032279 0.144003 0.702647 0.042168 0.078903
2 2 0.028620 0.143479 0.715835 0.036416 0.075650
2 2 0.026380 0.140424 0.727355 0.033823 0.072018
2 2 0.026435 0.135836 0.732750 0.035504 0.069475
2 2 0.024381 0.124360 0.753641 0.036095 0.061522
2 2 0.027329 0.128300 0.738387 0.040041 0.065943
2 2 0.030217 0.125982 0.730476 0.046602 0.066723
2 2 0.036841 0.139596 0.692105 0.051885 0.079573
2 2 0.035698 0.127862 0.708662 0.056233 0.071546
2 2 0.030784 0.113059 0.741384 0.055066 0.059707
2 2 0.029709 0.114082 0.744553 0.052049 0.059608
2 2 0.030883 0.136728 0.716053 0.042857 0.073478
2 2 0.034465 0.158935 0.676851 0.039806 0.089943
2 2 0.041264 0.198997 0.600814 0.035429 0.123497
2 2 0.041719 0.214090 0.577076 0.031901 0.135214
2 2 0.032557 0.174679 0.662193 0.032293 0.098278
2 2 0.027199 0.136893 0.728787 0.036428 0.070693
2 2 0.021998 0.105286 0.783499 0.039425 0.049792
2 2 0.020042 0.096254 0.800472 0.039262 0.043970
2 2 0.020623 0.102065 0.792322 0.037768 0.047222
2 2 0.022197 0.109648 0.778176 0.037821 0.052157
2 2 0.019200 0.098539 0.801728 0.036029 0.044504
2 2 0.016304 0.085837 0.826535 0.034744 0.036580
2 2 0.013583 0.074441 0.849449 0.032724 0.029803
2 2 0.013391 0.070955 0.853336 0.034103 0.028215
2 2 0.014022 0.072780 0.848721 0.035100 0.029377
2 2 0.018405 0.088667 0.814613 0.039051 0.039264
2 2 0.016293 0.083116 0.829085 0.036161 0.035345
2 2 0.023532 0.105595 0.777049 0.042831 0.050994
2 2 0.026312 0.118771 0.752676 0.042318 0.059922
2 2 0.025547 0.110198 0.764496 0.044996 0.054762
2 4 0.028467 0.106693 0.756286 0.053828 0.054726
2 2 0.037002 0.110284 0.719603 0.071376 0.061735
2 2 0.026776 0.081065 0.781513 0.070508 0.040138
2 2 0.018802 0.063012 0.829238 0.061335 0.027613
2 2 0.012511 0.053638 0.869206 0.044008 0.020638
2 2 0.013399 0.063156 0.859041 0.039429 0.024975
2 2 0.013304 0.070681 0.853993 0.033976 0.028047
2 2 0.017733 0.096539 0.809862 0.033356 0.042510
2 2 0.018147 0.093296 0.811364 0.035921 0.041272
2 2 0.019975 0.101116 0.795929 0.036680 0.046301
2 2 0.013421 0.077504 0.847470 0.030615 0.030990
2 2 0.012237 0.070359 0.859574 0.030597 0.027234
2 2 0.009670 0.053928 0.886046 0.031118 0.019237
2 2 0.008590 0.043283 0.898592 0.034751 0.014784
2 2 0.009056 0.041030 0.895961 0.039748 0.014205
2 2 0.010578 0.048596 0.883316 0.039788 0.017722
2 2 0.009342 0.040866 0.893906 0.041609 0.014277
2 2 0.010008 0.048821 0.886881 0.036772 0.017519
2 2 0.013562 0.063321 0.858050 0.039933 0.025134
2 2 0.033686 0.104862 0.736851 0.067881 0.056720
2 2 0.033614 0.136145 0.707165 0.047933 0.075143
2 2 0.013275 0.061165 0.860955 0.040519 0.024086
2 3 0.012471 0.050344 0.870564 0.047316 0.019305
2 2 0.013760 0.055047 0.861087 0.048291 0.021815
2 3 0.011859 0.048825 0.874922 0.045971 0.018423
2 3 0.017635 0.068560 0.833276 0.050966 0.029562
2 3 0.025323 0.109186 0.766386 0.045033 0.054073
2 3 0.017286 0.080562 0.826709 0.040633 0.034810
2 3 0.015481 0.070923 0.842879 0.041270 0.029446
2 2 0.011521 0.054703 0.874660 0.038561 0.020555
2 2 0.009995 0.044419 0.888557 0.041152 0.015877
2 2 0.009453 0.039958 0.893174 0.043416 0.013998
2 2 0.010471 0.044037 0.885333 0.044206 0.015953
2 2 0.010518 0.048653 0.883684 0.039433 0.017713
2 2 0.010629 0.051260 0.881826 0.037528 0.018758
2 2 0.010144 0.046411 0.886957 0.039801 0.016688
2 2 0.008720 0.038503 0.898821 0.040802 0.013155
2 2 0.009552 0.043084 0.891970 0.040216 0.015178
2 2 0.010223 0.049226 0.885328 0.037444 0.017780
2 2 0.010803 0.052123 0.880326 0.037570 0.019179
2 2 0.010842 0.052151 0.880071 0.037725 0.019210
2 2 0.013778 0.052495 0.861726 0.051227 0.020775
2 2 0.047485 0.141015 0.654336 0.069534 0.087630
2 1 0.069147 0.194910 0.524661 0.066353 0.144930
2 2 0.028002 0.128920 0.735249 0.041030 0.066798
2 2 0.014641 0.077579 0.841660 0.034291 0.031829
2 2 0.008615 0.044981 0.897708 0.033297 0.015399
2 2 0.009804 0.050472 0.887329 0.034369 0.018026
2 2 0.013997 0.064379 0.855033 0.040776 0.025815
2 2 0.024496 0.100616 0.777858 0.047999 0.049031
2 2 0.022082 0.089050 0.798036 0.049131 0.041700
2 2 0.020732 0.083437 0.808465 0.049188 0.038178
2 2 0.015144 0.059204 0.851363 0.050069 0.024220
2 2 0.011368 0.038809 0.878262 0.057207 0.014354
2 2 0.012449 0.041943 0.870914 0.058712 0.015982
2 2 0.019174 0.059560 0.827755 0.067303 0.026208
2 2 0.027615 0.065855 0.747452 0.130397 0.028681
2 2 0.011110 0.025694 0.839037 0.115707 0.008451
2 2 0.010082 0.023408 0.851720 0.107149 0.007641
2 2 0.010156 0.025045 0.858187 0.098352 0.008260
2 2 0.010283 0.026864 0.866533 0.087215 0.009104
2 2 0.010017 0.028285 0.881430 0.070272 0.009996
2 2 0.008812 0.023048 0.884267 0.076095 0.007778
2 2 0.010156 0.023985 0.871000 0.086365 0.008495
2 2 0.012640 0.026116 0.843738 0.107751 0.009755
2 2 0.013978 0.029850 0.832223 0.112742 0.011207
2 2 0.013951 0.028198 0.820004 0.127529 0.010318
2 2 0.016943 0.038713 0.826249 0.102331 0.015765
2 2 0.015423 0.041639 0.845132 0.081131 0.016676
2 2 0.013983 0.038163 0.851085 0.082184 0.014584
2 2 0.011240 0.029472 0.861885 0.087084 0.010318
2 2 0.012470 0.032962 0.861018 0.081255 0.012294
2 2 0.012023 0.025903 0.840816 0.112083 0.009174
2 2 0.015334 0.026830 0.773968 0.174302 0.009567
2 3 0.020676 0.030711 0.694855 0.242218 0.011540
2 3 0.020121 0.025940 0.620652 0.324161 0.009127
2 3 0.017012 0.017742 0.512630 0.446975 0.005641
2 3 0.013143 0.013901 0.529601 0.439341 0.004014
2 3 0.013555 0.014234 0.570366 0.397496 0.004348
2 3 0.015202 0.022536 0.750191 0.203980 0.008092
2 2 0.013639 0.032243 0.841998 0.100096 0.012024
2 2 0.011803 0.049094 0.875220 0.045382 0.018502
2 2 0.011494 0.055092 0.874613 0.038107 0.020693
2 2 0.010152 0.050989 0.884905 0.035548 0.018406
2 2 0.007268 0.032593 0.910518 0.039121 0.010501
2 2 0.005141 0.023218 0.928019 0.036925 0.006697
2 2 0.005011 0.020866 0.927698 0.040469 0.005957
2 2 0.005914 0.023808 0.919944 0.043176 0.007158
2 2 0.007297 0.024368 0.905144 0.055390 0.007801
2 2 0.008073 0.021323 0.884598 0.079183 0.006823
2 2 0.009950 0.021383 0.832042 0.129971 0.006653
2 2 0.009095 0.018398 0.816856 0.150290 0.005362
2 2 0.006567 0.012598 0.835481 0.141954 0.003401
2 2 0.005773 0.010783 0.848839 0.131714 0.002891
2 2 0.004406 0.008180 0.853224 0.132207 0.001983
2 2 0.004665 0.008401 0.838547 0.146363 0.002025
2 2 0.005013 0.008901 0.828463 0.155457 0.002165
2 2 0.005447 0.012265 0.879172 0.099807 0.003310
2 2 0.004742 0.010817 0.894560 0.086972 0.002910
2 2 0.004421 0.012038 0.915337 0.064926 0.003278
2 2 0.004439 0.012877 0.918744 0.060427 0.003513
2 2 0.004826 0.014445 0.917616 0.059065 0.004048
2 2 0.005633 0.017103 0.912712 0.059519 0.005033
2 2 0.005057 0.017127 0.921353 0.051582 0.004881
2 2 0.005177 0.017209 0.919759 0.052915 0.004939
2 2 0.005136 0.016832 0.919488 0.053726 0.004818
2 2 0.005678 0.014904 0.897008 0.078202 0.004208
2 2 0.006456 0.014196 0.869370 0.105948 0.004030
2 3 0.006285 0.012023 0.836117 0.142382 0.003193
2 2 0.006290 0.010585 0.809025 0.171338 0.002763
2 2 0.006379 0.010668 0.814287 0.165822 0.002844
2 3 0.006356 0.011160 0.847469 0.131826 0.003189
2 3 0.005758 0.012490 0.889182 0.088904 0.003665
2 2 0.004227 0.011062 0.914302 0.067440 0.002968
2 2 0.004484 0.011584 0.910794 0.069989 0.003150
2 2 0.005212 0.015073 0.913198 0.062192 0.004325
2 3 0.006771 0.017565 0.896907 0.073288 0.005468
2 2 0.016468 0.044327 0.842068 0.078693 0.018444
2 2 0.049386 0.083653 0.675330 0.140447 0.051185
2 2 0.057582 0.149048 0.613083 0.080559 0.099728
2 2 0.028180 0.124862 0.739137 0.043185 0.064637
2 2 0.023208 0.095364 0.787897 0.047992 0.045540
2 2 0.020640 0.084140 0.808363 0.048392 0.038464
2 2 0.022672 0.103929 0.782153 0.041686 0.049560
2 2 0.017975 0.079673 0.824187 0.043352 0.034813
2 2 0.017443 0.075779 0.829661 0.044392 0.032724
2 2 0.015156 0.067106 0.847139 0.042989 0.027610
2 2 0.015524 0.066956 0.845299 0.044476 0.027745
2 2 0.014819 0.065169 0.850134 0.043281 0.026597
2 2 0.011505 0.051167 0.876412 0.041749 0.019167
2 3 0.010470 0.044910 0.885169 0.043171 0.016280
2 2 0.010300 0.043821 0.886568 0.043516 0.015795
2 2 0.013311 0.055940 0.863437 0.045349 0.021963
2 2 0.018831 0.076039 0.822710 0.048804 0.033616
2 2 0.027889 0.111650 0.753933 0.049440 0.057087
2 2 0.030034 0.128160 0.728766 0.045190 0.067850
2 4 0.041765 0.179561 0.626511 0.042135 0.110029
2 4 0.046489 0.199846 0.583821 0.040599 0.129246
2 4 0.065134 0.238444 0.462527 0.036310 0.197586
2 4 0.068616 0.261586 0.410746 0.032293 0.226759
2 4 0.083885 0.275295 0.337116 0.026175 0.277529
2 4 0.080795 0.279804 0.339255 0.024381 0.275764
2 1 0.065330 0.267850 0.408764 0.029534 0.228522
2 4 0.073748 0.279242 0.368510 0.028155 0.250344
2 4 0.061570 0.262777 0.434936 0.031571 0.209146
2 4 0.071521 0.274293 0.375509 0.029622 0.249055
2 4 0.075439 0.272200 0.349066 0.025334 0.277960
2 4 0.055664 0.231550 0.509001 0.039068 0.164717
2 4 0.078954 0.244976 0.420734 0.049240 0.206096
2 4 0.081190 0.266416 0.353111 0.031025 0.268257
2 4 0.081052 0.264198 0.342452 0.026510 0.285788
4 4 0.115681 0.234841 0.263610 0.027550 0.358317
4 4 0.148532 0.172452 0.137774 0.012425 0.528817
4 4 0.138858 0.175138 0.136832 0.010607 0.538565
4 4 0.121545 0.203388 0.175984 0.012443 0.486640
4 4 0.135856 0.149558 0.099749 0.006233 0.608604
4 4 0.140354 0.130256 0.079190 0.004860 0.645340
4 4 0.168058 0.097224 0.052559 0.004270 0.677888
4 4 0.177139 0.089129 0.046756 0.004172 0.682804
4 4 0.154476 0.125699 0.077789 0.005820 0.636216
4 4 0.130618 0.158745 0.109341 0.006561 0.594735
4 4 0.112732 0.200879 0.163560 0.009288 0.513541
4 4 0.102499 0.246960 0.286546 0.026449 0.337546
4 4 0.134791 0.221277 0.251919 0.035024 0.356989
2 4 0.110792 0.241555 0.320407 0.045790 0.281457
2 4 0.084291 0.262997 0.357185 0.035308 0.260220
4 4 0.106771 0.237448 0.249338 0.019954 0.386490
4 4 0.148059 0.141099 0.093501 0.006827 0.610515
4 4 0.192151 0.089962 0.049316 0.005323 0.663249
4 4 0.220143 0.100917 0.059165 0.008157 0.611618
4 4 0.179052 0.196658 0.140532 0.013257 0.470501
4 4 0.108304 0.273345 0.274025 0.020499 0.323828
2 4 0.077824 0.269630 0.354520 0.028655 0.269371
2 4 0.081893 0.264658 0.349319 0.029760 0.274370
2 4 0.077725 0.242385 0.421408 0.042554 0.215928
2 4 0.071753 0.262410 0.364462 0.021902 0.279473
4 4 0.144298 0.178713 0.146028 0.012871 0.518090
4 4 0.158340 0.125995 0.079027 0.006269 0.630370
4 4 0.184157 0.094870 0.052687 0.005237 0.663050
4 4 0.234266 0.049344 0.021210 0.003306 0.691874
4 4 0.242661 0.055836 0.026100 0.004474 0.670930
4 4 0.240008 0.053676 0.024422 0.004060 0.677834
4 4 0.214313 0.066017 0.031793 0.004141 0.683736
4 4 0.173633 0.099321 0.055248 0.004869 0.666929
4 4 0.146773 0.127472 0.077836 0.005221 0.642699
4 4 0.121159 0.185381 0.142970 0.008547 0.541943
4 4 0.117106 0.189559 0.147164 0.008360 0.537810
4 4 0.131497 0.183424 0.146196 0.010548 0.528335
4 1 0.126572 0.210735 0.198137 0.017177 0.447379
4 1 0.127330 0.275180 0.277491 0.027647 0.292351
2 1 0.074551 0.300434 0.394324 0.032618 0.198073
2 1 0.065384 0.268957 0.483220 0.035941 0.146498
2 1 0.041621 0.201879 0.612780 0.034597 0.109122
2 1 0.042604 0.210330 0.608332 0.033110 0.105624
2 1 0.048825 0.225147 0.573999 0.034951 0.117078
2 1 0.043507 0.205342 0.615356 0.035168 0.100626
2 1 0.048239 0.217394 0.570869 0.036766 0.126731
2 1 0.044292 0.198420 0.594192 0.038728 0.124368
2 1 0.034960 0.148893 0.687685 0.044456 0.084006
2 1 0.044898 0.164957 0.635654 0.052132 0.102359
2 1 0.060735 0.143335 0.608244 0.090268 0.097418
2 1 0.028755 0.156044 0.699477 0.032542 0.083182
2 1 0.029049 0.150902 0.705092 0.034573 0.080383
2 1 0.028701 0.152186 0.707454 0.033475 0.078184
2 2 0.027597 0.139787 0.723896 0.036051 0.072670
2 1 0.028219 0.145955 0.714143 0.034925 0.076758
2 2 0.026421 0.134469 0.734437 0.035976 0.068696
2 2 0.029521 0.139896 0.717068 0.039228 0.074287
2 2 0.027900 0.126952 0.737839 0.041698 0.065611
2 2 0.027916 0.130269 0.734019 0.040297 0.067498
2 2 0.023067 0.115180 0.768859 0.037241 0.055653
2 2 0.019282 0.105070 0.794588 0.033326 0.047734
2 2 0.014653 0.083196 0.836447 0.031423 0.034282
2 2 0.011394 0.071850 0.862377 0.027111 0.027268
2 2 0.011442 0.072926 0.861139 0.026760 0.027733
2 2 0.014758 0.089200 0.831857 0.028757 0.035428
2 2 0.017672 0.105821 0.808647 0.028452 0.039407
2 2 0.019461 0.115822 0.794185 0.028345 0.042187
2 2 0.021827 0.134324 0.767217 0.026856 0.049778
2 2 0.018447 0.115575 0.794768 0.026864 0.044346
2 1 0.019862 0.120621 0.785588 0.027803 0.046126
2 1 0.015730 0.091438 0.825528 0.030290 0.037014
2 2 0.014840 0.086002 0.832885 0.030629 0.035644
2 2 0.009615 0.054384 0.886060 0.030566 0.019375
2 1 0.011714 0.060373 0.870091 0.034925 0.022897
2 2 0.016993 0.079847 0.828666 0.040187 0.034306
2 1 0.069250 0.231176 0.521146 0.049972 0.128456
0 0 0.377915 0.169022 0.156253 0.124197 0.172613
1 1 0.226207 0.271948 0.232639 0.047101 0.222105
2 1 0.077204 0.313416 0.323233 0.015624 0.270524
2 1 0.061771 0.310627 0.390954 0.021671 0.214977
2 2 0.045435 0.198509 0.588905 0.039930 0.127221
2 2 0.026726 0.123116 0.746406 0.041145 0.062608
2 2 0.021613 0.095974 0.794116 0.043443 0.044854
2 2 0.020258 0.088662 0.806437 0.044219 0.040423
2 2 0.024706 0.109098 0.768896 0.043685 0.053614
2 2 0.024462 0.109121 0.769836 0.043120 0.053461
2 2 0.026940 0.123748 0.744917 0.041280 0.063115
2 2 0.023010 0.112331 0.772159 0.038373 0.054126
2 2 0.018326 0.087128 0.816349 0.039706 0.038491
2 2 0.013442 0.060024 0.860681 0.042148 0.023705
2 2 0.010666 0.042506 0.884113 0.047250 0.015465
2 2 0.010489 0.038946 0.885202 0.051302 0.014061
2 2 0.010386 0.039538 0.886092 0.049745 0.014239
2 2 0.014527 0.063362 0.852786 0.043654 0.025672
2 2 0.018264 0.080019 0.822559 0.044016 0.035142
2 2 0.024165 0.109480 0.770638 0.042269 0.053448
2 2 0.023453 0.099832 0.782880 0.045863 0.047972
2 2 0.020625 0.088656 0.804816 0.045259 0.040643
2 2 0.017688 0.073049 0.830331 0.047312 0.031621
2 2 0.015357 0.066058 0.846729 0.044590 0.027266
2 2 0.017215 0.073748 0.832218 0.045141 0.031677
2 2 0.017351 0.080808 0.826204 0.040676 0.034961
2 2 0.016173 0.076781 0.835038 0.039576 0.032433
2 2 0.016931 0.074743 0.832917 0.043445 0.031964
2 2 0.017460 0.072634 0.831745 0.046853 0.031308
2 2 0.019442 0.076607 0.819350 0.050387 0.034213
2 2 0.020841 0.082212 0.808852 0.050447 0.037648
2 2 0.021539 0.090609 0.799153 0.046549 0.042150
2 2 0.020371 0.082113 0.811117 0.049062 0.037337
2 2 0.018426 0.068946 0.828928 0.053560 0.030138
2 2 0.016874 0.056936 0.841797 0.060353 0.024040
2 2 0.016402 0.054344 0.845002 0.061542 0.022710
2 2 0.012880 0.038049 0.865673 0.068784 0.014614
2 2 0.010577 0.031760 0.880318 0.065906 0.011438
2 2 0.010221 0.030287 0.882075 0.066633 0.010784
2 2 0.010869 0.034878 0.880366 0.061196 0.012692
2 2 0.011402 0.029965 0.869878 0.077729 0.011027
2 2 0.010941 0.022430 0.840013 0.118964 0.007652
2 2 0.014299 0.020950 0.730793 0.226879 0.007079
2 2 0.013786 0.015755 0.624469 0.341023 0.004968
2 2 0.010956 0.011720 0.527708 0.446492 0.003123
