0 0 0.834484 0.095760 0.035611 0.002547 0.031598
0 0 0.905864 0.063261 0.015140 0.000668 0.015066
0 0 0.932860 0.048437 0.008912 0.000295 0.009496
0 0 0.939980 0.044218 0.007453 0.000224 0.008125
0 0 0.909531 0.061345 0.014236 0.000607 0.014280
0 0 0.873868 0.078865 0.023698 0.001342 0.022227
0 0 0.865792 0.082521 0.026027 0.001554 0.024106
0 0 0.895372 0.068589 0.017820 0.000860 0.017358
0 0 0.913423 0.059281 0.013295 0.000546 0.013455
0 0 0.929399 0.050437 0.009651 0.000333 0.010179
0 0 0.942454 0.042717 0.006967 0.000202 0.007660
0 0 0.952305 0.036550 0.005143 0.000127 0.005876
0 0 0.950748 0.037546 0.005418 0.000137 0.006150
0 0 0.953780 0.035597 0.004886 0.000117 0.005619
0 0 0.948835 0.038758 0.005764 0.000151 0.006491
0 0 0.946362 0.040308 0.006221 0.000170 0.006939
0 0 0.955558 0.034440 0.004583 0.000106 0.005313
0 0 0.959118 0.032086 0.003997 0.000086 0.004713
0 0 0.960528 0.031140 0.003772 0.000079 0.004481
0 0 0.943854 0.041860 0.006696 0.000190 0.007400
0 0 0.928741 0.050814 0.009794 0.000341 0.010310
0 0 0.901790 0.065356 0.016165 0.000740 0.015949
0 0 0.911746 0.060174 0.013698 0.000572 0.013809
0 0 0.894013 0.069263 0.018177 0.000887 0.017659
0 0 0.876074 0.077848 0.023073 0.001287 0.021718
0 0 0.876339 0.077726 0.022998 0.001281 0.021657
0 0 0.858637 0.085673 0.028142 0.001757 0.025790
0 0 0.815485 0.103139 0.041812 0.003287 0.036277
0 0 0.793361 0.111170 0.049359 0.004287 0.041824
0 0 0.764064 0.120950 0.059838 0.005851 0.049297
0 0 0.800798 0.108534 0.046785 0.003934 0.039949
0 0 0.858826 0.085591 0.028086 0.001751 0.025746
0 0 0.901802 0.065350 0.016162 0.000739 0.015946
0 0 0.929430 0.050420 0.009644 0.000333 0.010173
0 0 0.953288 0.035916 0.004971 0.000120 0.005704
0 0 0.960225 0.031344 0.003820 0.000080 0.004531
0 0 0.956520 0.033808 0.004422 0.000101 0.005149
0 0 0.940739 0.043760 0.007303 0.000217 0.007981
0 0 0.944632 0.041381 0.006548 0.000184 0.007256
0 0 0.917498 0.057083 0.012331 0.000486 0.012602
0 0 0.903485 0.064488 0.015736 0.000709 0.015580
0 0 0.907501 0.062409 0.014735 0.000641 0.014714
0 0 0.914621 0.058639 0.013009 0.000528 0.013203
0 0 0.941410 0.043353 0.007171 0.000211 0.007855
0 0 0.947653 0.039502 0.005981 0.000160 0.006704
0 0 0.942574 0.042644 0.006943 0.000201 0.007637
0 0 0.942312 0.042804 0.006994 0.000203 0.007686
0 0 0.941012 0.043594 0.007249 0.000215 0.007930
0 0 0.940716 0.043774 0.007307 0.000217 0.007986
0 0 0.941131 0.043522 0.007225 0.000214 0.007908
0 0 0.942254 0.042839 0.007006 0.000204 0.007697
0 0 0.944900 0.041215 0.006497 0.000181 0.007207
0 0 0.931875 0.049010 0.009120 0.000306 0.009689
0 0 0.949093 0.038596 0.005717 0.000149 0.006445
0 0 0.927298 0.051636 0.010109 0.000358 0.010599
0 0 0.893274 0.069629 0.018372 0.000902 0.017824
0 4 0.781586 0.115213 0.053507 0.004882 0.044812
0 4 0.690331 0.141893 0.088802 0.011002 0.067973
0 4 0.544051 0.173187 0.172207 0.022102 0.088453
0 4 0.641905 0.153041 0.109623 0.015417 0.080014
0 4 0.703482 0.138396 0.083034 0.010030 0.065059
0 4 0.715115 0.135319 0.078434 0.009123 0.062009
0 4 0.722602 0.133272 0.075509 0.008566 0.060051
0 4 0.756736 0.123253 0.062539 0.006287 0.051184
0 4 0.798500 0.109356 0.047576 0.004041 0.040527
0 4 0.823077 0.100246 0.039302 0.002979 0.034397
0 4 0.781565 0.115220 0.053514 0.004883 0.044817
0 4 0.728251 0.131692 0.073320 0.008160 0.058576
0 4 0.644889 0.152051 0.107127 0.015431 0.080501
0 4 0.671601 0.146199 0.095960 0.012790 0.073450
0 4 0.648847 0.153144 0.102051 0.014145 0.081812
0 4 0.641493 0.152752 0.108568 0.015789 0.081398
0 4 0.630292 0.154992 0.113351 0.017009 0.084356
0 4 0.642296 0.152587 0.108227 0.015704 0.081186
0 4 0.659881 0.148843 0.100823 0.013911 0.076543
0 4 0.711783 0.136213 0.079745 0.009377 0.062882
0 4 0.711249 0.136355 0.079956 0.009419 0.063022
0 4 0.706047 0.137728 0.082014 0.009825 0.064386
0 4 0.648073 0.152511 0.109542 0.014119 0.075755
0 4 0.640141 0.153028 0.109142 0.015933 0.081755
0 4 0.561047 0.166842 0.145113 0.025559 0.101439
0 4 0.533127 0.170773 0.159552 0.029337 0.107212
0 4 0.411262 0.185676 0.266209 0.035868 0.100983
0 4 0.442144 0.188957 0.211630 0.034565 0.122703
0 4 0.432826 0.194442 0.171114 0.036156 0.165462
0 4 0.490752 0.187834 0.150416 0.028120 0.142878
0 4 0.566096 0.168529 0.136770 0.023611 0.104993
0 4 0.701553 0.138894 0.083802 0.010185 0.065565
0 4 0.717745 0.134606 0.077403 0.008925 0.061321
0 4 0.799781 0.108899 0.047135 0.003981 0.040205
0 4 0.771249 0.118637 0.057220 0.005442 0.047452
0 4 0.821136 0.100992 0.039940 0.003056 0.034877
0 4 0.690690 0.141636 0.088165 0.011088 0.068421
0 4 0.670985 0.146341 0.096214 0.012848 0.073613
0 4 0.410337 0.186480 0.275581 0.032901 0.094701
0 4 0.515496 0.176560 0.170106 0.028671 0.109167
2 4 0.315020 0.185544 0.391869 0.031063 0.076504
0 4 0.362014 0.187601 0.359797 0.023026 0.067563
2 4 0.202987 0.165456 0.558643 0.023668 0.049246
2 2 0.118504 0.135762 0.683777 0.024220 0.037738
2 2 0.049666 0.090466 0.821790 0.018042 0.020036
2 2 0.030067 0.069795 0.872786 0.014076 0.013276
2 2 0.025561 0.063534 0.888306 0.011741 0.010858
2 2 0.018646 0.051486 0.914956 0.008071 0.006841
2 2 0.017000 0.046981 0.921251 0.008709 0.006059
2 2 0.019015 0.050156 0.914874 0.009231 0.006724
2 2 0.018224 0.049618 0.914650 0.010369 0.007138
2 2 0.020739 0.053086 0.907391 0.010936 0.007848
2 2 0.017550 0.046460 0.918351 0.011175 0.006464
2 2 0.020443 0.050942 0.910330 0.011081 0.007206
2 2 0.015710 0.042096 0.925302 0.011343 0.005549
2 2 0.015889 0.040519 0.919744 0.017674 0.006173
2 2 0.020456 0.044260 0.903173 0.024670 0.007441
2 2 0.027029 0.050377 0.883865 0.029629 0.009100
2 2 0.034178 0.057944 0.866577 0.030337 0.010964
2 2 0.042086 0.064610 0.838077 0.040852 0.014376
2 3 0.030421 0.052810 0.862176 0.043259 0.011334
2 3 0.029499 0.049949 0.847657 0.060832 0.012064
2 3 0.018386 0.044521 0.897944 0.030124 0.009026
2 3 0.037050 0.055406 0.815297 0.077195 0.015053
2 3 0.031699 0.047883 0.838812 0.070485 0.011121
2 3 0.041330 0.069015 0.852677 0.023835 0.013143
2 3 0.045464 0.053890 0.737852 0.145024 0.017769
2 3 0.043410 0.045054 0.590528 0.299902 0.021106
2 3 0.034250 0.040244 0.640444 0.268211 0.016850
2 3 0.028769 0.033208 0.632503 0.292717 0.012803
2 3 0.035758 0.037695 0.615026 0.296315 0.015206
2 3 0.066788 0.055315 0.592375 0.262299 0.023222
2 3 0.058450 0.049384 0.543300 0.325149 0.023717
2 3 0.043066 0.043116 0.571515 0.321864 0.020439
2 3 0.032961 0.033286 0.501227 0.415095 0.017432
2 3 0.024861 0.026628 0.469670 0.464533 0.014307
2 3 0.029700 0.030504 0.490402 0.433407 0.015986
2 3 0.036342 0.037034 0.534757 0.373298 0.018569
2 3 0.035605 0.036784 0.536175 0.372932 0.018505
2 3 0.034461 0.033350 0.490830 0.423887 0.017472
2 3 0.039408 0.036433 0.468617 0.434834 0.020709
2 3 0.037049 0.036913 0.500258 0.405537 0.020242
2 3 0.057520 0.054702 0.575253 0.285300 0.027226
2 3 0.079385 0.068864 0.597983 0.222141 0.031628
2 3 0.070607 0.060987 0.575245 0.264018 0.029143
2 3 0.070660 0.051247 0.447103 0.400668 0.030321
3 3 0.058035 0.038393 0.322736 0.551905 0.028931
3 3 0.070729 0.039512 0.249835 0.603441 0.036483
3 3 0.083866 0.051829 0.341661 0.482989 0.039655
3 3 0.056527 0.044548 0.401972 0.466039 0.030914
2 3 0.047932 0.044086 0.506604 0.377107 0.024273
3 3 0.041286 0.035722 0.414351 0.485782 0.022859
3 3 0.048724 0.034245 0.329075 0.563077 0.024879
3 3 0.117145 0.055764 0.274889 0.505111 0.047092
2 3 0.263590 0.111574 0.349395 0.206630 0.068812
0 2 0.389554 0.158502 0.316513 0.060025 0.075406
0 2 0.414251 0.178881 0.306564 0.028847 0.071457
0 2 0.470784 0.184542 0.251809 0.019914 0.072950
0 2 0.363211 0.187852 0.348271 0.026303 0.074364
0 2 0.364191 0.187849 0.349655 0.025475 0.072830
2 2 0.223875 0.170649 0.528863 0.024062 0.052552
2 2 0.202295 0.164383 0.566595 0.021187 0.045539
2 2 0.149580 0.147053 0.646676 0.019731 0.036961
2 2 0.139874 0.141910 0.669138 0.016931 0.032147
2 2 0.093845 0.119423 0.746645 0.015435 0.024651
2 2 0.067477 0.103096 0.792943 0.015495 0.020988
2 2 0.049282 0.089406 0.826584 0.016188 0.018540
2 2 0.043025 0.084314 0.836994 0.017422 0.018245
2 2 0.043377 0.084306 0.838103 0.016536 0.017679
2 2 0.045110 0.085955 0.834085 0.016706 0.018144
2 2 0.045346 0.086119 0.833850 0.016585 0.018100
2 2 0.038330 0.078630 0.853463 0.014412 0.015165
2 2 0.033886 0.073588 0.865854 0.013206 0.013466
2 2 0.031899 0.071017 0.871865 0.012620 0.012599
2 2 0.050989 0.090098 0.826886 0.014520 0.017507
2 2 0.063132 0.099879 0.801650 0.015247 0.020091
2 2 0.176717 0.156255 0.607669 0.019436 0.039922
2 2 0.251623 0.173439 0.514577 0.016733 0.043629
2 2 0.245823 0.173013 0.517547 0.018120 0.045497
2 2 0.163079 0.150217 0.636249 0.016398 0.034057
2 2 0.090745 0.117876 0.750966 0.015791 0.024621
2 2 0.051855 0.090605 0.826151 0.014093 0.017296
2 2 0.061079 0.097965 0.807472 0.014437 0.019047
2 2 0.083610 0.114785 0.757659 0.018051 0.025895
2 2 0.151186 0.148265 0.640382 0.021166 0.039001
2 2 0.213862 0.166943 0.553459 0.020247 0.045488
2 2 0.263210 0.176561 0.492425 0.018982 0.048823
2 2 0.239619 0.170856 0.531447 0.016329 0.041749
2 2 0.152164 0.145340 0.657164 0.014762 0.030570
2 2 0.094961 0.117832 0.754390 0.011967 0.020850
2 2 0.069624 0.101391 0.802488 0.010325 0.016172
2 2 0.044366 0.081885 0.851101 0.009972 0.012677
2 2 0.049343 0.087884 0.834050 0.012859 0.015864
2 2 0.052820 0.090451 0.828453 0.012334 0.015941
2 2 0.038553 0.077087 0.860959 0.010854 0.012546
2 2 0.029650 0.066693 0.885323 0.008768 0.009566
2 2 0.032307 0.069925 0.877968 0.009371 0.010429
2 2 0.034048 0.071410 0.875356 0.008877 0.010310
2 2 0.046496 0.083742 0.845745 0.010641 0.013377
2 2 0.119922 0.130295 0.714032 0.012112 0.023639
2 2 0.220622 0.166043 0.559945 0.015278 0.038113
2 1 0.288688 0.179779 0.465620 0.017415 0.048499
2 1 0.224365 0.169664 0.537417 0.020870 0.047684
2 2 0.151367 0.148505 0.638970 0.021594 0.039565
2 2 0.112690 0.130597 0.708269 0.018199 0.030245
2 2 0.073918 0.106460 0.785787 0.013674 0.020161
2 2 0.056242 0.092901 0.822871 0.011923 0.016063
2 2 0.043910 0.081303 0.852699 0.009704 0.012384
2 2 0.048876 0.085298 0.843750 0.009354 0.012723
2 2 0.039333 0.075859 0.866627 0.007936 0.010245
2 2 0.035077 0.072320 0.873603 0.008690 0.010309
2 2 0.031701 0.069243 0.879469 0.009303 0.010283
2 2 0.026120 0.063365 0.890686 0.009993 0.009836
2 2 0.025801 0.063170 0.890654 0.010357 0.010018
2 2 0.027845 0.065569 0.885859 0.010345 0.010382
2 2 0.068150 0.101879 0.799318 0.012465 0.018188
2 0 0.293855 0.177218 0.479116 0.011974 0.037837
0 0 0.631695 0.161451 0.150395 0.007940 0.048519
0 0 0.759347 0.122862 0.062626 0.005924 0.049241
0 1 0.574187 0.171840 0.179330 0.012667 0.061976
2 1 0.353904 0.187422 0.365289 0.024271 0.069114
2 2 0.179191 0.160091 0.580009 0.028433 0.052276
2 2 0.220386 0.171004 0.521535 0.028495 0.058581
0 2 0.385578 0.188108 0.326852 0.024960 0.074502
0 1 0.569056 0.170968 0.167145 0.016954 0.075878
0 1 0.724269 0.132809 0.074862 0.008445 0.059616
0 1 0.792494 0.111473 0.049661 0.004329 0.042043
0 1 0.814119 0.103651 0.042268 0.003345 0.036617
0 1 0.814424 0.103537 0.042166 0.003332 0.036541
0 1 0.675757 0.145233 0.094249 0.012407 0.072354
0 1 0.443485 0.186180 0.267630 0.023681 0.079024
2 1 0.076370 0.113279 0.751541 0.026523 0.032287
2 1 0.056463 0.096436 0.805893 0.019063 0.022146
2 2 0.042718 0.082629 0.844967 0.014009 0.015677
2 2 0.028559 0.067329 0.880007 0.012292 0.011813
2 2 0.031020 0.070016 0.874665 0.012122 0.012177
2 2 0.031911 0.070957 0.872772 0.012060 0.012301
2 2 0.040814 0.081235 0.847082 0.014887 0.015981
2 2 0.045635 0.085211 0.839159 0.013896 0.016099
2 2 0.054236 0.092840 0.819991 0.014722 0.018212
2 2 0.046496 0.086568 0.834467 0.015201 0.017268
2 2 0.053318 0.092798 0.818300 0.016260 0.019324
2 2 0.057231 0.098488 0.795082 0.023492 0.025706
2 0 0.074078 0.110014 0.767319 0.021293 0.027296
0 0 0.531203 0.178482 0.214441 0.013893 0.061981
0 1 0.708215 0.137159 0.081155 0.009655 0.063817
0 0 0.793472 0.111131 0.049320 0.004282 0.041796
0 1 0.794607 0.110732 0.048925 0.004227 0.041509
0 0 0.845983 0.091061 0.031994 0.002150 0.028812
0 1 0.824421 0.099726 0.038862 0.002926 0.034066
0 1 0.857363 0.086227 0.028524 0.001795 0.026092
0 0 0.821782 0.100744 0.039727 0.003030 0.034717
0 1 0.792414 0.111500 0.049689 0.004333 0.042063
0 1 0.658963 0.149044 0.101206 0.014001 0.076785
0 1 0.498668 0.183537 0.154010 0.029336 0.134449
0 1 0.375822 0.194215 0.279386 0.036960 0.113617
2 2 0.250668 0.178005 0.462374 0.035511 0.073442
2 2 0.157320 0.152183 0.618713 0.025960 0.045824
2 2 0.110791 0.128746 0.716204 0.016368 0.027891
2 2 0.087233 0.114786 0.761942 0.013903 0.022135
2 2 0.106938 0.125326 0.729547 0.013802 0.024388
2 2 0.120031 0.131787 0.707746 0.014145 0.026291
2 2 0.176442 0.154543 0.617423 0.016277 0.035316
2 2 0.203647 0.163039 0.575900 0.017441 0.039973
2 2 0.193817 0.160185 0.590474 0.017109 0.038415
2 2 0.181172 0.156311 0.609101 0.016807 0.036609
2 2 0.187055 0.157614 0.603323 0.016004 0.036004
2 2 0.171175 0.154528 0.615359 0.019540 0.039398
2 2 0.148139 0.147437 0.642877 0.021964 0.039583
2 2 0.137449 0.143925 0.654416 0.023881 0.040330
2 2 0.083272 0.116100 0.749271 0.021883 0.029474
2 2 0.080235 0.113981 0.756194 0.021240 0.028350
2 2 0.073071 0.108687 0.773153 0.019530 0.025558
2 2 0.071543 0.106526 0.782221 0.016844 0.022866
2 2 0.058527 0.096322 0.811022 0.014991 0.019137
2 2 0.062426 0.098855 0.805401 0.014243 0.019075
2 2 0.074113 0.108805 0.774505 0.018121 0.024456
2 2 0.112762 0.131519 0.703056 0.020185 0.032477
2 1 0.094523 0.121675 0.735664 0.019310 0.028827
2 2 0.062410 0.099707 0.801251 0.015994 0.020638
2 2 0.039984 0.079130 0.855061 0.012088 0.013737
2 2 0.033423 0.072821 0.868212 0.012593 0.012952
2 2 0.022866 0.059984 0.895723 0.011361 0.010066
2 2 0.020870 0.056641 0.903960 0.009807 0.008722
2 2 0.020920 0.055241 0.905673 0.009935 0.008230
2 2 0.018490 0.049217 0.909566 0.014599 0.008128
2 2 0.013880 0.040573 0.922561 0.016367 0.006619
2 2 0.013064 0.036874 0.923161 0.020766 0.006135
2 2 0.024878 0.053546 0.888656 0.022966 0.009954
2 2 0.071727 0.091801 0.784046 0.031341 0.021085
2 0 0.221818 0.159775 0.542468 0.028487 0.047452
0 0 0.478237 0.184025 0.248896 0.018583 0.070259
0 0 0.678535 0.148074 0.105628 0.009250 0.058513
0 1 0.675195 0.148014 0.103528 0.010303 0.062960
0 0 0.728077 0.131742 0.073388 0.008172 0.058622
0 1 0.567387 0.168673 0.153793 0.021146 0.089000
0 1 0.359562 0.187950 0.336832 0.031417 0.084239
2 2 0.100474 0.135795 0.683623 0.032183 0.047925
2 2 0.041196 0.083806 0.833393 0.021192 0.020413
2 2 0.024151 0.063429 0.883005 0.016245 0.013170
2 2 0.024734 0.064292 0.880815 0.016626 0.013533
2 2 0.024633 0.064144 0.881192 0.016560 0.013471
2 2 0.021728 0.059720 0.892223 0.014654 0.011674
2 2 0.019042 0.055366 0.902662 0.012885 0.010045
2 2 0.018849 0.055043 0.903420 0.012758 0.009929
2 2 0.020231 0.057328 0.898011 0.013669 0.010762
2 2 0.021337 0.058242 0.893657 0.015387 0.011377
2 2 0.021102 0.054655 0.893531 0.019697 0.011015
2 2 0.018330 0.047743 0.902816 0.021901 0.009210
2 2 0.015827 0.041857 0.911267 0.023378 0.007671
2 2 0.015241 0.041087 0.914100 0.022215 0.007357
2 2 0.019139 0.049210 0.901358 0.020898 0.009395
2 2 0.017836 0.045151 0.902734 0.025471 0.008809
2 2 0.024379 0.052094 0.883341 0.029516 0.010670
2 2 0.024114 0.050913 0.880614 0.033535 0.010825
2 2 0.020642 0.045718 0.883491 0.039977 0.010172
2 2 0.023507 0.048201 0.867148 0.049417 0.011728
2 2 0.022725 0.046722 0.868960 0.050351 0.011241
2 2 0.028755 0.055285 0.854612 0.047439 0.013909
2 2 0.059703 0.090366 0.791396 0.034381 0.024154
2 0 0.103527 0.128330 0.704210 0.026811 0.037122
2 0 0.113058 0.134509 0.682138 0.028798 0.041497
2 2 0.120890 0.137082 0.678322 0.024876 0.038830
2 2 0.095750 0.124917 0.716441 0.026686 0.036206
2 2 0.062078 0.102206 0.785651 0.023391 0.026674
2 2 0.050980 0.093913 0.803660 0.025652 0.025795
2 2 0.077184 0.114023 0.747549 0.027807 0.033437
2 2 0.147239 0.149552 0.624342 0.029981 0.048886
0 0 0.454561 0.185570 0.260578 0.022277 0.077014
0 1 0.484310 0.183178 0.237474 0.020077 0.074961
0 2 0.578923 0.168370 0.155513 0.017682 0.079512
0 0 0.516656 0.179239 0.207872 0.019365 0.076869
0 1 0.418036 0.187597 0.304669 0.020729 0.068969
2 2 0.276172 0.179232 0.470919 0.020589 0.053088
2 2 0.126108 0.136683 0.687452 0.017987 0.031770
2 2 0.077740 0.111010 0.768754 0.017778 0.024717
2 2 0.054190 0.093632 0.815897 0.016560 0.019721
2 2 0.081467 0.113865 0.759267 0.018964 0.026438
2 2 0.060789 0.098644 0.803627 0.016300 0.020639
2 2 0.066544 0.103093 0.791376 0.016886 0.022101
2 2 0.054710 0.092574 0.822069 0.013449 0.017199
2 2 0.043549 0.083223 0.844023 0.013654 0.015551
2 2 0.056436 0.090681 0.820250 0.015537 0.017095
2 2 0.056035 0.086457 0.821082 0.019470 0.016956
2 2 0.130531 0.138300 0.682159 0.017400 0.031610
2 1 0.306903 0.182870 0.436095 0.019589 0.054542
0 0 0.467573 0.184995 0.268122 0.016313 0.062997
0 0 0.574220 0.170557 0.167139 0.015707 0.072376
0 0 0.617932 0.158482 0.122731 0.017295 0.083559
0 1 0.480360 0.181999 0.190641 0.032070 0.114931
0 1 0.369179 0.189463 0.297568 0.038766 0.105023
2 1 0.156404 0.177965 0.533312 0.040803 0.091515
2 1 0.102793 0.130200 0.691309 0.032619 0.043078
2 2 0.057788 0.101416 0.782115 0.028430 0.030252
2 2 0.042470 0.085466 0.827563 0.022754 0.021746
2 2 0.034060 0.076631 0.848814 0.021622 0.018874
2 2 0.034242 0.075919 0.854395 0.018455 0.016990
2 2 0.047119 0.087977 0.828620 0.017304 0.018981
2 2 0.052734 0.093386 0.813560 0.018972 0.021348
2 2 0.066432 0.104657 0.782157 0.021071 0.025682
2 1 0.061011 0.100700 0.792399 0.021178 0.024713
2 2 0.052007 0.093150 0.812809 0.020031 0.022003
2 2 0.039934 0.083909 0.826228 0.026507 0.023422
2 2 0.040869 0.084020 0.830409 0.023123 0.021579
2 2 0.085205 0.118074 0.740437 0.024277 0.032007
2 1 0.058003 0.098743 0.795969 0.022307 0.024978
2 2 0.042125 0.083707 0.837559 0.018085 0.018524
2 2 0.021336 0.058895 0.894879 0.013787 0.011104
2 2 0.014555 0.046665 0.920792 0.010629 0.007360
2 2 0.012772 0.041398 0.928182 0.011398 0.006250
2 2 0.015222 0.046895 0.917971 0.012224 0.007688
2 2 0.016450 0.048201 0.912730 0.014273 0.008346
2 2 0.024315 0.063314 0.882351 0.016775 0.013246
2 2 0.024106 0.060264 0.882388 0.020325 0.012917
2 2 0.026305 0.063557 0.874099 0.021750 0.014290
2 2 0.027388 0.062130 0.868057 0.027689 0.014737
2 2 0.025508 0.057291 0.872824 0.030973 0.013403
2 2 0.022491 0.052525 0.884064 0.029372 0.011548
2 2 0.016133 0.042568 0.910229 0.023215 0.007855
2 2 0.013800 0.036293 0.916445 0.027035 0.006428
2 2 0.015156 0.038059 0.909156 0.030494 0.007136
2 2 0.020255 0.041415 0.871169 0.057427 0.009734
2 2 0.024548 0.045585 0.843479 0.074122 0.012267
2 3 0.019977 0.037343 0.840379 0.092427 0.009873
2 2 0.017830 0.034968 0.854488 0.084051 0.008663
2 2 0.021475 0.039993 0.842859 0.085096 0.010577
2 2 0.022471 0.043568 0.855847 0.067029 0.011084
2 2 0.028973 0.047080 0.803851 0.105691 0.014404
2 2 0.045141 0.061354 0.774457 0.099484 0.019564
2 2 0.100381 0.090806 0.656078 0.117843 0.034892
2 2 0.100032 0.091870 0.627187 0.140093 0.040818
2 2 0.144058 0.127008 0.595248 0.078927 0.054759
2 2 0.205173 0.168906 0.519471 0.037836 0.068615
0 2 0.358733 0.187744 0.344649 0.029280 0.079594
0 2 0.464091 0.184155 0.241949 0.024955 0.084849
0 2 0.609306 0.161429 0.132080 0.016761 0.080423
0 0 0.664289 0.147862 0.098987 0.013482 0.075379
0 0 0.693206 0.141010 0.087150 0.010875 0.067759
0 0 0.658506 0.154169 0.122426 0.009087 0.055812
0 0 0.713513 0.140357 0.096575 0.005711 0.043844
0 0 0.776052 0.117061 0.055487 0.005177 0.046224
0 1 0.522986 0.179383 0.216677 0.015323 0.065631
0 1 0.379500 0.188087 0.333449 0.025049 0.073914
2 1 0.160722 0.154450 0.603684 0.029971 0.051173
2 1 0.121584 0.139971 0.655409 0.034294 0.048742
2 2 0.096525 0.125248 0.715860 0.026339 0.036028
2 2 0.127786 0.139870 0.669440 0.023965 0.038939
2 2 0.128202 0.138935 0.676314 0.020965 0.035584
2 2 0.102168 0.125705 0.723311 0.019083 0.029734
2 2 0.086943 0.116560 0.753004 0.017571 0.025922
2 2 0.061809 0.097911 0.808792 0.013337 0.018152
2 2 0.058948 0.095479 0.815536 0.012794 0.017242
2 2 0.046086 0.084606 0.842736 0.011962 0.014611
2 2 0.056392 0.094088 0.817918 0.013821 0.017782
2 2 0.054713 0.093469 0.817839 0.015247 0.018731
2 2 0.045599 0.085749 0.836444 0.015146 0.017063
2 2 0.040887 0.081313 0.846881 0.014908 0.016010
2 2 0.039334 0.078179 0.857868 0.011468 0.013150
2 2 0.060135 0.096518 0.812636 0.013057 0.017654
2 2 0.104255 0.125688 0.725775 0.016776 0.027506
2 2 0.197362 0.164072 0.565544 0.024021 0.049001
0 1 0.451334 0.186074 0.273432 0.019493 0.069667
0 1 0.647159 0.155035 0.119179 0.011916 0.066711
0 0 0.859025 0.085504 0.028026 0.001746 0.025698
0 0 0.808743 0.105648 0.044076 0.003576 0.037957
0 0 0.700090 0.139269 0.084387 0.010304 0.065950
0 0 0.549862 0.173993 0.179239 0.018502 0.078404
2 0 0.266793 0.180311 0.447406 0.033070 0.072420
2 0 0.279945 0.181713 0.440683 0.029276 0.068383
2 0 0.200775 0.166954 0.539852 0.032037 0.060381
2 0 0.156602 0.153580 0.603721 0.032598 0.053499
2 0 0.127923 0.140928 0.661505 0.027172 0.042472
2 1 0.096788 0.124544 0.721606 0.023600 0.033462
2 1 0.097967 0.125656 0.716260 0.025048 0.035069
2 1 0.133290 0.143386 0.651598 0.027732 0.043995
2 1 0.193472 0.164878 0.552007 0.031350 0.058293
2 1 0.251068 0.177248 0.478936 0.028981 0.063767
0 1 0.367449 0.187945 0.339085 0.027734 0.077787
0 1 0.443672 0.186318 0.271098 0.022559 0.076353
0 1 0.446634 0.185823 0.261836 0.024447 0.081261
0 1 0.412421 0.187463 0.291282 0.026806 0.082028
0 1 0.384803 0.187346 0.302069 0.033671 0.092110
2 1 0.268334 0.180810 0.433656 0.037626 0.079574
0 4 0.342588 0.199252 0.316494 0.033798 0.107868
2 4 0.264805 0.202415 0.369025 0.040610 0.123145
0 4 0.327871 0.208701 0.268956 0.039869 0.154604
0 4 0.523977 0.174190 0.165102 0.028653 0.108079
0 4 0.560970 0.168260 0.150874 0.023790 0.096106
0 4 0.706519 0.137605 0.081827 0.009788 0.064262
0 4 0.718408 0.134425 0.077144 0.008876 0.061147
0 4 0.743673 0.127223 0.067429 0.007110 0.054564
0 4 0.706493 0.137611 0.081837 0.009790 0.064269
0 4 0.722042 0.133427 0.075727 0.008607 0.060197
0 4 0.638827 0.153295 0.109702 0.016074 0.082102
0 4 0.533932 0.174988 0.180648 0.022445 0.087987
0 4 0.351390 0.198709 0.315791 0.031623 0.102487
0 4 0.377737 0.193621 0.289408 0.034290 0.104943
0 0 0.384141 0.189763 0.295049 0.033877 0.097170
0 0 0.362335 0.187783 0.337787 0.030202 0.081893
0 1 0.487703 0.181582 0.219747 0.024351 0.086616
0 1 0.618539 0.161931 0.138462 0.013063 0.068005
0 0 0.748897 0.127074 0.069305 0.006014 0.048709
0 0 0.842502 0.092503 0.033077 0.002266 0.029651
0 0 0.864439 0.083123 0.026424 0.001591 0.024423
0 0 0.851596 0.088700 0.030268 0.001970 0.027465
0 0 0.860692 0.084776 0.027530 0.001697 0.025305
0 0 0.820141 0.101373 0.040267 0.003096 0.035123
0 0 0.818713 0.101917 0.040739 0.003154 0.035476
0 0 0.778114 0.116376 0.054747 0.005066 0.045697
0 0 0.767398 0.119884 0.058620 0.005659 0.048440
0 0 0.777614 0.116543 0.054926 0.005093 0.045825
0 0 0.801699 0.108211 0.046475 0.003892 0.039722
0 0 0.827658 0.098464 0.037807 0.002801 0.033269
0 0 0.780067 0.115724 0.054048 0.004962 0.045199
0 0 0.840757 0.093219 0.033625 0.002326 0.030074
0 1 0.764861 0.120696 0.059546 0.005805 0.049092
0 1 0.736818 0.129238 0.070033 0.007566 0.056345
0 1 0.622132 0.162731 0.105613 0.014905 0.094620
0 1 0.432103 0.195297 0.217319 0.031303 0.123978
0 1 0.451878 0.188650 0.216183 0.031035 0.112254
0 1 0.592381 0.161800 0.129887 0.021585 0.094347
0 1 0.604350 0.162006 0.133087 0.017660 0.082897
0 0 0.659609 0.148903 0.100937 0.013937 0.076615
0 0 0.685260 0.146372 0.102353 0.008822 0.057193
0 0 0.775675 0.117185 0.055622 0.005198 0.046320
0 0 0.814384 0.103552 0.042180 0.003333 0.036551
0 0 0.865911 0.082468 0.025993 0.001551 0.024078
0 0 0.834754 0.095651 0.035525 0.002537 0.031532
0 0 0.823192 0.100201 0.039264 0.002974 0.034369
0 0 0.802030 0.108092 0.046362 0.003877 0.039639
0 0 0.779527 0.115905 0.054241 0.004991 0.045336
0 0 0.751897 0.124744 0.064340 0.006585 0.052434
0 0 0.747397 0.126109 0.066026 0.006870 0.053599
0 0 0.746497 0.126379 0.066364 0.006927 0.053832
0 0 0.770582 0.118854 0.057462 0.005479 0.047623
0 0 0.799985 0.108826 0.047064 0.003972 0.040153
0 0 0.803979 0.107388 0.045695 0.003788 0.039150
0 0 0.826473 0.098928 0.038193 0.002846 0.033561
0 0 0.784139 0.114350 0.052600 0.004749 0.044162
0 0 0.763654 0.121080 0.059989 0.005875 0.049402
0 0 0.831308 0.097026 0.036628 0.002663 0.032374
0 0 0.807667 0.106043 0.044440 0.003623 0.038226
0 0 0.732470 0.130493 0.071696 0.007864 0.057477
0 0 0.661771 0.148424 0.100035 0.013726 0.076044
0 0 0.470543 0.200422 0.135635 0.023421 0.169979
0 0 0.521569 0.192343 0.120084 0.018628 0.147376
0 0 0.551659 0.184921 0.114728 0.017131 0.131561
0 0 0.677056 0.144928 0.093716 0.012288 0.072012
0 0 0.692420 0.141206 0.087467 0.010941 0.067966
0 0 0.730836 0.130959 0.072324 0.007978 0.057902
0 0 0.758424 0.122728 0.061915 0.006185 0.050749
0 0 0.795200 0.110524 0.048719 0.004198 0.041359
0 0 0.813379 0.103928 0.042516 0.003376 0.036801
0 0 0.849966 0.089390 0.030767 0.002022 0.027855
0 0 0.814587 0.103476 0.042112 0.003325 0.036500
0 1 0.778741 0.116167 0.054523 0.005033 0.045537
0 1 0.722616 0.133268 0.075503 0.008565 0.060047
0 1 0.723868 0.132920 0.075017 0.008474 0.059720
0 1 0.716542 0.134933 0.077874 0.009015 0.061635
0 1 0.773190 0.118003 0.056518 0.005334 0.046955
0 0 0.801251 0.108372 0.046629 0.003913 0.039835
0 1 0.797505 0.109709 0.047920 0.004088 0.040778
0 0 0.827563 0.098502 0.037838 0.002804 0.033293
0 0 0.596929 0.163031 0.124328 0.019935 0.095777
0 1 0.330426 0.208134 0.294265 0.035126 0.132049
2 1 0.109401 0.183709 0.525546 0.047843 0.133501
2 1 0.079284 0.166614 0.587193 0.047759 0.119151
2 1 0.081570 0.162696 0.600312 0.047103 0.108318
2 2 0.087102 0.167108 0.594549 0.043891 0.107350
2 1 0.117656 0.164329 0.595978 0.039942 0.082095
2 2 0.276671 0.181751 0.431621 0.034204 0.075752
0 2 0.442738 0.186581 0.284309 0.018968 0.067404
0 1 0.709998 0.136768 0.080674 0.009464 0.063095
0 0 0.736083 0.129452 0.070313 0.007616 0.056536
0 1 0.556458 0.171867 0.167829 0.019991 0.083855
0 1 0.576586 0.170358 0.125802 0.020281 0.106974
0 1 0.365769 0.208162 0.212807 0.037800 0.175463
0 0 0.653208 0.152354 0.099971 0.013652 0.080816
0 1 0.606919 0.166726 0.109880 0.015948 0.100527
0 1 0.599535 0.164895 0.118966 0.018398 0.098205
0 1 0.357428 0.193560 0.312557 0.034868 0.101588
0 1 0.358419 0.187573 0.335738 0.032533 0.085737
0 2 0.460251 0.183685 0.236570 0.027956 0.091538
0 2 0.445296 0.184717 0.247494 0.029546 0.092947
0 2 0.497638 0.179043 0.201296 0.027028 0.094996
0 2 0.428424 0.186647 0.273708 0.026857 0.084364
2 2 0.340244 0.187005 0.372434 0.027220 0.073097
2 2 0.217063 0.168569 0.542547 0.022499 0.049322
2 2 0.195660 0.162572 0.575966 0.021142 0.044661
2 2 0.173474 0.155539 0.610334 0.020141 0.040512
2 2 0.154964 0.148667 0.640866 0.018922 0.036581
2 2 0.177137 0.155733 0.611029 0.018075 0.038026
2 2 0.186713 0.159303 0.593396 0.019455 0.041133
2 2 0.210284 0.166033 0.558517 0.020187 0.044979
2 2 0.189530 0.160099 0.589587 0.019401 0.041383
2 2 0.162035 0.151371 0.629224 0.019349 0.038021
2 2 0.120013 0.134668 0.692985 0.019544 0.032789
2 2 0.079349 0.111744 0.767392 0.017150 0.024365
2 2 0.070072 0.105045 0.787374 0.015822 0.021688
2 2 0.093617 0.119418 0.746447 0.015657 0.024862
2 2 0.115683 0.131681 0.705319 0.017489 0.029828
2 2 0.121886 0.135553 0.689829 0.019609 0.033124
2 2 0.162316 0.151125 0.630870 0.018622 0.037068
2 2 0.135385 0.141551 0.667748 0.019948 0.035368
2 2 0.139651 0.144514 0.653167 0.023019 0.039649
2 2 0.122661 0.137831 0.675895 0.024692 0.038921
2 2 0.121809 0.136805 0.681800 0.022832 0.036753
2 2 0.110674 0.130356 0.707321 0.019847 0.031801
2 2 0.109669 0.128813 0.714830 0.017567 0.029121
2 2 0.088037 0.112797 0.759176 0.016888 0.023102
2 2 0.087859 0.113715 0.757641 0.017043 0.023742
2 2 0.107207 0.121564 0.714926 0.025688 0.030615
2 2 0.103594 0.120792 0.713085 0.029486 0.033043
2 2 0.094336 0.116071 0.724952 0.031819 0.032823
2 2 0.090190 0.119542 0.741248 0.020090 0.028930
2 2 0.089782 0.117760 0.740497 0.022471 0.029490
2 2 0.061519 0.092581 0.794343 0.028623 0.022933
2 2 0.064900 0.095981 0.789129 0.026609 0.023381
2 2 0.064156 0.089505 0.791883 0.032656 0.021799
2 2 0.081713 0.095608 0.753842 0.043430 0.025407
2 2 0.093287 0.095533 0.710977 0.069961 0.030242
2 2 0.070910 0.080380 0.736237 0.086324 0.026149
2 2 0.065099 0.073763 0.721845 0.113075 0.026218
2 2 0.080430 0.084231 0.723294 0.085150 0.026895
2 3 0.095260 0.093531 0.691299 0.087636 0.032274
2 3 0.067081 0.077486 0.743479 0.087112 0.024842
2 3 0.072502 0.082527 0.742220 0.076971 0.025781
2 3 0.120775 0.105139 0.651677 0.085016 0.037393
2 3 0.095399 0.080626 0.612507 0.176283 0.035185
2 3 0.059175 0.050219 0.491353 0.370354 0.028898
2 3 0.049518 0.043011 0.477157 0.405737 0.024577
3 3 0.037630 0.029864 0.345563 0.566143 0.020801
3 3 0.032799 0.028560 0.363279 0.555833 0.019530
3 3 0.026903 0.024643 0.346086 0.585151 0.017217
2 3 0.025019 0.027147 0.469100 0.463819 0.014915
3 3 0.024730 0.026070 0.442363 0.491904 0.014934
3 3 0.031314 0.031555 0.445620 0.472329 0.019181
2 3 0.062057 0.048321 0.433807 0.424941 0.030875
2 3 0.052783 0.046364 0.492464 0.382037 0.026353
2 3 0.031470 0.036622 0.571138 0.342653 0.018117
2 3 0.032726 0.040458 0.644130 0.265204 0.017483
2 3 0.034389 0.040483 0.609332 0.296979 0.018817
2 3 0.038107 0.050611 0.694673 0.195227 0.021381
2 3 0.031360 0.033674 0.492682 0.423169 0.019114
2 3 0.025303 0.028688 0.486791 0.443348 0.015869
2 3 0.033404 0.048637 0.732742 0.166336 0.018880
3 3 0.017710 0.016764 0.304654 0.649548 0.011324
3 3 0.017313 0.016056 0.286800 0.668599 0.011232
3 3 0.020066 0.017835 0.280197 0.668672 0.013230
3 3 0.023270 0.020245 0.284112 0.656739 0.015634
3 3 0.025317 0.018923 0.206264 0.731045 0.018451
3 3 0.022421 0.016198 0.181413 0.763627 0.016341
3 3 0.020107 0.016146 0.223727 0.726261 0.013760
3 3 0.023830 0.022000 0.332222 0.606659 0.015289
3 3 0.028294 0.025364 0.332682 0.595008 0.018651
3 3 0.028082 0.023161 0.274327 0.655052 0.019378
3 3 0.019692 0.014871 0.186978 0.764221 0.014238
3 3 0.017093 0.012853 0.173843 0.783967 0.012244
3 3 0.016874 0.012596 0.170239 0.788210 0.012081
3 3 0.021047 0.016976 0.229398 0.718070 0.014508
3 3 0.022966 0.019933 0.282952 0.658842 0.015307
3 3 0.019994 0.018270 0.298456 0.650308 0.012972
3 3 0.017956 0.017614 0.331234 0.621889 0.011308
3 3 0.017625 0.016685 0.304748 0.649704 0.011237
3 3 0.020715 0.018372 0.286448 0.660994 0.013472
3 3 0.030194 0.025524 0.305378 0.618795 0.020109
3 3 0.027424 0.021588 0.250782 0.681500 0.018705
3 3 0.026589 0.022378 0.288027 0.645448 0.017557
3 3 0.024539 0.022796 0.341386 0.595600 0.015678
3 3 0.023517 0.022870 0.371513 0.567510 0.014589
3 3 0.036475 0.031186 0.377736 0.533681 0.020921
3 3 0.044726 0.039147 0.429669 0.461302 0.025156
3 3 0.036814 0.031285 0.332554 0.574530 0.024817
3 3 0.033398 0.028416 0.315011 0.600230 0.022946
3 3 0.030185 0.024049 0.258253 0.665954 0.021560
3 3 0.020920 0.017383 0.240761 0.706405 0.014531
3 3 0.019395 0.017583 0.287525 0.662781 0.012715
2 3 0.027382 0.030172 0.496384 0.429761 0.016301
2 3 0.026557 0.030764 0.541879 0.385634 0.015165
2 3 0.025716 0.029475 0.529480 0.400695 0.014634
3 3 0.026044 0.026935 0.441228 0.490245 0.015547
3 3 0.027278 0.023524 0.311723 0.619968 0.017506
3 3 0.021455 0.016883 0.223839 0.723282 0.014541
3 3 0.018497 0.014690 0.212125 0.742176 0.012512
3 3 0.019398 0.015247 0.210541 0.741524 0.013289
3 3 0.024677 0.018657 0.222148 0.717857 0.016660
3 3 0.020423 0.014391 0.162559 0.787545 0.015082
3 3 0.023036 0.017559 0.210922 0.732275 0.016208
3 3 0.022042 0.017950 0.242399 0.702668 0.014942
3 3 0.027726 0.024049 0.311287 0.618706 0.018233
3 3 0.023816 0.023361 0.378848 0.559189 0.014787
3 3 0.023351 0.021712 0.334679 0.605344 0.014913
3 3 0.024978 0.021438 0.288981 0.648019 0.016584
3 3 0.020339 0.015681 0.204049 0.745723 0.014208
3 3 0.017854 0.013243 0.173794 0.782391 0.012718
3 3 0.018180 0.013513 0.175383 0.779910 0.013015
3 3 0.035248 0.029638 0.320682 0.590708 0.023723
2 3 0.111123 0.088524 0.538604 0.212831 0.048917
2 0 0.241592 0.157925 0.476137 0.056562 0.067785
0 0 0.434546 0.186530 0.272050 0.025277 0.081598
0 0 0.514019 0.179998 0.215071 0.018073 0.072839
0 1 0.532268 0.176936 0.194293 0.018946 0.077557
0 2 0.401476 0.187974 0.311500 0.024191 0.074859
2 1 0.298333 0.184068 0.411282 0.031522 0.074794
2 2 0.177177 0.164619 0.557017 0.036109 0.065079
2 2 0.171047 0.184796 0.508105 0.039447 0.096605
2 2 0.093770 0.150407 0.640314 0.041207 0.074302
2 2 0.073781 0.141589 0.665959 0.043591 0.075080
2 2 0.068345 0.141938 0.661689 0.046184 0.081845
2 2 0.082804 0.152473 0.632039 0.045249 0.087435
2 2 0.199858 0.189090 0.468873 0.040924 0.101255
2 0 0.318087 0.190960 0.348601 0.040134 0.102218
2 0 0.335005 0.186715 0.356390 0.035142 0.086748
2 1 0.222248 0.171899 0.512616 0.030929 0.062307
2 1 0.131684 0.144369 0.637568 0.035021 0.051357
2 4 0.090362 0.141517 0.663208 0.040655 0.064259
2 4 0.099584 0.191572 0.482928 0.051819 0.174097
2 4 0.119970 0.208416 0.383061 0.053525 0.235028
4 4 0.126853 0.211977 0.203986 0.048006 0.409179
4 4 0.215185 0.216575 0.170514 0.044359 0.353367
0 0 0.398394 0.206642 0.161543 0.033072 0.200350
2 4 0.328825 0.185686 0.343007 0.043164 0.099319
0 1 0.464171 0.181561 0.219203 0.032411 0.102653
2 1 0.184466 0.210544 0.375122 0.049288 0.180581
2 4 0.239335 0.222559 0.285254 0.042796 0.210056
4 4 0.165302 0.224541 0.274101 0.046204 0.289852
0 4 0.310600 0.220775 0.156887 0.033599 0.278138
0 4 0.318560 0.223642 0.145949 0.029327 0.282523
4 4 0.198259 0.219794 0.150226 0.036648 0.395074
4 4 0.084623 0.185330 0.120597 0.036177 0.573272
4 4 0.041979 0.149654 0.091975 0.031506 0.684886
4 4 0.031607 0.135906 0.072860 0.024249 0.735378
4 4 0.026435 0.127353 0.062844 0.020553 0.762815
4 4 0.034285 0.139865 0.064336 0.018890 0.742623
4 4 0.087525 0.190164 0.085219 0.019659 0.617433
4 4 0.161266 0.221120 0.097872 0.019018 0.500725
4 4 0.251983 0.234168 0.106564 0.018396 0.388889
4 4 0.261014 0.232841 0.115550 0.020884 0.369710
4 4 0.183902 0.224803 0.111353 0.022470 0.457473
4 4 0.171096 0.222052 0.110718 0.022926 0.473208
4 4 0.166927 0.219734 0.119365 0.026369 0.467605
4 4 0.169051 0.220544 0.117524 0.025535 0.467346
4 4 0.149351 0.216180 0.109933 0.023986 0.500548
4 4 0.091083 0.191549 0.098634 0.024779 0.593955
4 4 0.050479 0.159728 0.084369 0.024931 0.680491
4 4 0.053333 0.162856 0.078718 0.021593 0.683500
4 4 0.125204 0.206824 0.115761 0.028296 0.523914
0 4 0.339053 0.227131 0.128423 0.022968 0.282425
0 4 0.581058 0.177209 0.108909 0.015624 0.117201
0 4 0.564386 0.178709 0.118370 0.018130 0.120406
0 4 0.437336 0.206790 0.140354 0.025200 0.190320
4 4 0.287148 0.223475 0.152435 0.032763 0.304179
4 4 0.202139 0.226159 0.122542 0.025511 0.423649
4 4 0.170307 0.220072 0.122345 0.027286 0.459990
4 4 0.162224 0.219032 0.116073 0.025430 0.477240
4 4 0.136137 0.209892 0.123562 0.030529 0.499879
4 4 0.118011 0.201044 0.135058 0.037900 0.507986
4 4 0.107522 0.207962 0.189995 0.044606 0.449915
4 4 0.111344 0.204970 0.188956 0.048360 0.446370
4 4 0.139207 0.207183 0.190139 0.052430 0.411041
4 4 0.218411 0.222113 0.150573 0.035424 0.373479
0 4 0.443709 0.205765 0.139171 0.024756 0.186598
0 4 0.448887 0.198225 0.153780 0.029581 0.169527
0 0 0.715229 0.135288 0.078390 0.009114 0.061979
2 1 0.287916 0.181930 0.444312 0.024486 0.061356
0 1 0.372493 0.187428 0.314145 0.034406 0.091528
0 1 0.437243 0.185433 0.256145 0.029524 0.091655
0 1 0.333975 0.203312 0.283262 0.040594 0.138858
0 1 0.296382 0.213218 0.277160 0.041935 0.171305
0 1 0.328483 0.211675 0.246310 0.040048 0.173484
0 1 0.351759 0.203907 0.268946 0.037854 0.137535
0 1 0.318207 0.201199 0.311596 0.040871 0.128127
0 1 0.365904 0.202445 0.243825 0.039515 0.148311
0 1 0.395956 0.186993 0.289319 0.033716 0.094017
0 1 0.487975 0.180452 0.210538 0.027174 0.093861
0 1 0.522206 0.176880 0.190289 0.022934 0.087690
0 1 0.674361 0.145559 0.094823 0.012535 0.072722
0 1 0.708372 0.137118 0.081093 0.009642 0.063776
0 0 0.811321 0.104695 0.043207 0.003464 0.037314
0 1 0.772860 0.118111 0.056637 0.005352 0.047040
0 1 0.716909 0.134833 0.077731 0.008988 0.061539
0 4 0.630818 0.154890 0.113126 0.016950 0.084217
0 4 0.500084 0.180093 0.209412 0.023717 0.086693
0 1 0.464692 0.184339 0.244440 0.023986 0.082543
2 1 0.347628 0.187360 0.350947 0.031642 0.082423
2 1 0.301540 0.184548 0.390678 0.037702 0.085533
2 1 0.228016 0.199376 0.395429 0.046515 0.130665
2 1 0.180622 0.203980 0.410716 0.048694 0.155988
2 1 0.133854 0.195421 0.470473 0.049108 0.151143
2 1 0.115720 0.196137 0.468760 0.050279 0.169105
2 1 0.118706 0.205283 0.432371 0.048695 0.194944
2 1 0.132550 0.189619 0.513950 0.042101 0.121780
2 1 0.185626 0.206182 0.420405 0.043105 0.144683
2 4 0.252095 0.181370 0.445344 0.038825 0.082365
0 4 0.472116 0.181949 0.221493 0.028871 0.095570
0 4 0.554548 0.173555 0.178289 0.017559 0.076049
0 0 0.738322 0.128800 0.069459 0.007465 0.055954
0 1 0.686360 0.142699 0.089919 0.011461 0.069561
0 1 0.654638 0.149987 0.103017 0.014431 0.077927
0 4 0.616061 0.157688 0.119497 0.018644 0.088111
0 4 0.612666 0.159991 0.117973 0.018187 0.091183
0 4 0.634605 0.157155 0.106119 0.015100 0.087021
0 4 0.559079 0.170251 0.138580 0.024166 0.107924
0 4 0.500115 0.178110 0.195473 0.028113 0.098190
0 4 0.381372 0.188008 0.321480 0.028294 0.080846
0 4 0.399954 0.187836 0.304222 0.027081 0.080907
0 4 0.444740 0.185591 0.257882 0.026334 0.085454
0 4 0.441110 0.184857 0.249427 0.030393 0.094212
0 4 0.405534 0.186876 0.282854 0.032220 0.092515
0 1 0.360842 0.187562 0.331415 0.033065 0.087116
2 1 0.308964 0.184987 0.401924 0.030129 0.073996
2 1 0.193565 0.164149 0.560481 0.027953 0.053850
2 2 0.133396 0.140794 0.670406 0.020110 0.035295
2 2 0.089789 0.117315 0.752676 0.015761 0.024460
2 2 0.106125 0.127180 0.719878 0.017855 0.028962
2 2 0.197119 0.163434 0.570499 0.022353 0.046595
0 2 0.401911 0.187879 0.322783 0.020588 0.066839
0 2 0.522213 0.178984 0.209032 0.017545 0.072226
0 0 0.746464 0.126389 0.066377 0.006930 0.053840
0 1 0.645474 0.154053 0.114342 0.013440 0.072691
2 1 0.316008 0.198059 0.357781 0.031681 0.096471
2 1 0.084448 0.134845 0.693752 0.033852 0.053103
2 1 0.038813 0.089080 0.819058 0.026034 0.027015
2 1 0.030294 0.072063 0.860324 0.020257 0.017062
2 1 0.034715 0.077904 0.844192 0.023137 0.020052
2 1 0.031225 0.073289 0.856960 0.020863 0.017664
2 1 0.032036 0.074342 0.854041 0.021390 0.018190
2 1 0.031522 0.073677 0.855889 0.021056 0.017856
2 1 0.042417 0.087696 0.815946 0.028151 0.025789
2 1 0.075720 0.119532 0.729593 0.033402 0.041754
2 1 0.139286 0.161480 0.593469 0.036864 0.068900
2 1 0.232244 0.173483 0.506471 0.028089 0.059713
2 0 0.320532 0.185273 0.405917 0.023924 0.064354
2 1 0.249953 0.176382 0.489372 0.025736 0.058557
2 1 0.213473 0.175439 0.507091 0.033751 0.070247
2 1 0.134190 0.158999 0.605346 0.035609 0.065857
2 1 0.231765 0.183043 0.466993 0.036342 0.081857
0 1 0.353653 0.187611 0.352066 0.028772 0.077897
0 1 0.585290 0.166549 0.148151 0.018138 0.081872
0 1 0.718013 0.134533 0.077299 0.008905 0.061251
0 1 0.663813 0.147969 0.099185 0.013528 0.075505
0 1 0.614531 0.160766 0.130905 0.015870 0.077928
2 1 0.313123 0.190324 0.356402 0.039988 0.100163
2 1 0.247817 0.206099 0.375538 0.040189 0.130357
2 1 0.236957 0.205705 0.395846 0.037988 0.123504
0 1 0.302966 0.210066 0.287215 0.041769 0.157984
0 1 0.381382 0.197369 0.234655 0.041312 0.145281
0 1 0.418196 0.186457 0.243887 0.038287 0.113173
2 1 0.320978 0.185942 0.387953 0.029862 0.075264
2 1 0.259138 0.179124 0.458143 0.032797 0.070798
2 1 0.200990 0.167050 0.538989 0.032261 0.060709
2 4 0.182236 0.191176 0.481387 0.039746 0.105455
2 4 0.140585 0.194422 0.503674 0.039271 0.122048
2 4 0.121241 0.197612 0.500091 0.040189 0.140867
2 4 0.112533 0.179146 0.569590 0.036960 0.101771
2 4 0.186241 0.181401 0.503220 0.039784 0.089353
2 4 0.245340 0.188673 0.429359 0.040480 0.096149
2 4 0.249778 0.187948 0.422213 0.042231 0.097830
2 4 0.179154 0.172604 0.526520 0.041325 0.080397
2 1 0.147804 0.167864 0.562055 0.041717 0.080559
