0 0 0.541407 0.157414 0.096034 0.040521 0.164624
0 0 0.761051 0.093825 0.039162 0.013887 0.092074
0 0 0.786997 0.084346 0.027983 0.009610 0.091064
0 0 0.622396 0.135993 0.073762 0.029378 0.138471
0 0 0.871014 0.054730 0.015609 0.004820 0.053827
0 0 0.825005 0.071992 0.026329 0.008709 0.067966
0 0 0.875194 0.052930 0.014250 0.004362 0.053264
0 0 0.804394 0.078980 0.028286 0.009567 0.078772
0 0 0.707524 0.110904 0.053599 0.019972 0.108002
0 0 0.831303 0.069571 0.023746 0.007779 0.067601
0 0 0.847153 0.064185 0.023528 0.007573 0.057560
0 0 0.788509 0.084729 0.035848 0.012382 0.078532
0 0 0.849558 0.062648 0.018978 0.006052 0.062764
0 0 0.814494 0.075041 0.024184 0.008061 0.078220
0 0 0.668107 0.122797 0.063185 0.024311 0.121599
0 0 0.756749 0.095101 0.037789 0.013436 0.096924
0 0 0.768202 0.091493 0.038497 0.013563 0.088246
0 0 0.847093 0.063261 0.018345 0.005859 0.065442
0 0 0.703351 0.112232 0.053112 0.019849 0.111457
0 0 0.870515 0.054481 0.014375 0.004428 0.056201
0 0 0.672023 0.121746 0.055310 0.021165 0.129755
0 0 0.745645 0.097487 0.032256 0.011511 0.113101
0 0 0.691563 0.115206 0.044547 0.016715 0.131969
0 0 0.556059 0.154252 0.085219 0.035557 0.168913
0 0 0.843238 0.064769 0.019333 0.006212 0.066448
0 0 0.845001 0.063644 0.017527 0.005600 0.068228
0 0 0.594258 0.144114 0.073804 0.029956 0.157869
0 0 0.631460 0.133464 0.071150 0.028146 0.135780
0 0 0.601072 0.141994 0.077769 0.031451 0.147714
0 0 0.725792 0.104740 0.040150 0.014650 0.114668
0 0 0.747638 0.098001 0.038652 0.013853 0.101857
0 0 0.853780 0.060671 0.016853 0.005326 0.063370
0 0 0.664290 0.124012 0.062350 0.024050 0.125298
0 0 0.827625 0.070210 0.021250 0.006962 0.073954
0 0 0.561279 0.149095 0.109823 0.045723 0.134080
0 0 0.805658 0.077937 0.024870 0.008367 0.083168
0 0 0.913653 0.036538 0.006419 0.001798 0.041592
0 0 0.865565 0.055908 0.014061 0.004353 0.060113
0 0 0.917797 0.036850 0.009294 0.002625 0.033434
0 0 0.859261 0.058940 0.016902 0.005309 0.059588
0 0 0.913991 0.036777 0.006841 0.001920 0.040470
0 0 0.752631 0.096556 0.040217 0.014371 0.096225
0 0 0.856052 0.060328 0.018158 0.005739 0.059723
0 0 0.826273 0.070898 0.022276 0.007320 0.073233
0 0 0.825284 0.071527 0.023734 0.007824 0.071631
0 0 0.895619 0.044629 0.010169 0.002988 0.046595
0 0 0.848442 0.062277 0.016701 0.005307 0.067273
0 0 0.909015 0.037758 0.006254 0.001762 0.045210
0 0 0.866015 0.055541 0.013529 0.004207 0.060707
0 0 0.704522 0.111599 0.045483 0.016920 0.121476
0 0 0.787681 0.084436 0.029497 0.010142 0.088244
0 0 0.840695 0.066257 0.022430 0.007262 0.063356
0 0 0.867265 0.055902 0.015448 0.004790 0.056595
0 0 0.907991 0.040438 0.009867 0.002841 0.038862
0 0 0.916979 0.037464 0.010380 0.002948 0.032229
0 0 0.927444 0.032676 0.007289 0.002002 0.030589
0 0 0.955614 0.020829 0.003733 0.000930 0.018894
0 0 0.950392 0.023332 0.004789 0.001224 0.020263
0 0 0.940503 0.027152 0.005371 0.001416 0.025558
0 0 0.945783 0.025333 0.005457 0.001420 0.022007
0 0 0.942078 0.027203 0.006765 0.001792 0.022163
0 0 0.925873 0.033034 0.006950 0.001911 0.032233
0 0 0.923602 0.034588 0.008682 0.002419 0.030709
0 0 0.936996 0.028953 0.006291 0.001805 0.025955
0 0 0.875677 0.053565 0.017571 0.005414 0.047773
0 0 0.908391 0.040407 0.010133 0.002919 0.038150
0 0 0.914501 0.038796 0.013184 0.003788 0.029731
0 0 0.959406 0.019416 0.003641 0.000906 0.016631
0 0 0.884982 0.050043 0.015990 0.004850 0.044135
0 0 0.819120 0.073130 0.021766 0.007649 0.078336
0 0 0.785827 0.079864 0.016743 0.006049 0.111517
0 0 0.668092 0.118047 0.033564 0.012654 0.167643
0 0 0.718355 0.105048 0.032522 0.011843 0.132232
0 0 0.888875 0.043436 0.006095 0.002021 0.059573
0 0 0.826215 0.064803 0.011115 0.003715 0.094152
0 0 0.737634 0.097574 0.026166 0.009611 0.129015
0 0 0.855575 0.060094 0.016825 0.005306 0.062200
0 0 0.850180 0.057899 0.010184 0.003410 0.078327
0 0 0.762156 0.087293 0.019325 0.006664 0.124561
0 0 0.688211 0.111712 0.030332 0.011238 0.158507
0 0 0.692667 0.113957 0.039647 0.014807 0.138922
0 0 0.530337 0.160074 0.068512 0.028897 0.212179
0 0 0.926938 0.032886 0.007365 0.002026 0.030785
0 0 0.941028 0.027384 0.006191 0.001639 0.023758
0 0 0.932070 0.031568 0.009147 0.002507 0.024707
0 0 0.870277 0.055718 0.023905 0.007474 0.042627
0 0 0.802547 0.079473 0.027652 0.009362 0.080965
0 0 0.936471 0.028864 0.005928 0.001584 0.027154
0 0 0.898812 0.043468 0.009895 0.002891 0.044935
0 0 0.663971 0.123968 0.053277 0.020482 0.138302
0 0 0.761116 0.092944 0.031991 0.011276 0.102673
0 0 0.781874 0.085425 0.026294 0.009050 0.097357
0 0 0.724593 0.104163 0.035287 0.012832 0.123124
0 0 0.760341 0.092056 0.027857 0.009776 0.109970
0 0 0.703883 0.111010 0.040190 0.014900 0.130016
0 0 0.846788 0.060742 0.012651 0.004174 0.075645
0 0 0.794903 0.078584 0.018781 0.006306 0.101427
0 0 0.641545 0.129701 0.050195 0.019552 0.159008
0 1 0.732404 0.100511 0.029642 0.011263 0.126181
0 1 0.872127 0.051174 0.008946 0.003258 0.064494
0 1 0.695039 0.114087 0.043609 0.016312 0.130953
0 1 0.692824 0.111963 0.033430 0.012401 0.149382
0 1 0.540182 0.157911 0.069707 0.029239 0.202961
0 1 0.625694 0.133352 0.048298 0.018979 0.173678
0 1 0.788795 0.079453 0.017463 0.006038 0.108250
0 1 0.631763 0.133441 0.059895 0.023604 0.151297
0 1 0.695785 0.108045 0.026061 0.010520 0.159589
0 1 0.559112 0.150577 0.054225 0.022290 0.213796
0 1 0.632314 0.130162 0.042750 0.016651 0.178123
0 1 0.639046 0.129561 0.046436 0.018068 0.166888
0 1 0.545368 0.156794 0.071032 0.029716 0.197089
0 1 0.607021 0.138085 0.049023 0.019499 0.186373
0 1 0.525113 0.160861 0.066006 0.027895 0.220125
0 2 0.369604 0.196755 0.128612 0.061084 0.243945
0 2 0.406941 0.189883 0.105309 0.048587 0.249280
0 2 0.370007 0.196910 0.125391 0.059517 0.248175
0 2 0.484447 0.171427 0.076071 0.033112 0.234944
0 2 0.444482 0.181717 0.097355 0.043752 0.232694
4 2 0.262285 0.212784 0.164423 0.085018 0.275489
0 2 0.394579 0.192436 0.110126 0.051280 0.251579
4 2 0.096019 0.229507 0.162101 0.063095 0.449278
4 2 0.161719 0.222172 0.216891 0.103171 0.296047
4 2 0.075157 0.221318 0.258473 0.105581 0.339470
0 1 0.280402 0.197955 0.219212 0.108285 0.194145
4 1 0.203043 0.225272 0.136691 0.059805 0.375189
4 2 0.319632 0.205619 0.094593 0.041699 0.338457
4 2 0.105936 0.228719 0.143736 0.056055 0.465554
4 2 0.152792 0.228969 0.174798 0.077516 0.365925
4 2 0.115710 0.230433 0.161506 0.065654 0.426697
4 2 0.061784 0.224877 0.177317 0.063599 0.472423
4 1 0.194094 0.226911 0.177403 0.074502 0.327090
4 2 0.099346 0.228886 0.150072 0.058083 0.463613
4 2 0.213621 0.222575 0.111595 0.044734 0.407475
4 2 0.095947 0.229957 0.179432 0.071186 0.423478
4 2 0.074630 0.227227 0.169435 0.062804 0.465904
2 2 0.135560 0.213641 0.266382 0.128584 0.255833
4 2 0.091409 0.225847 0.232418 0.096678 0.353647
4 2 0.142453 0.215599 0.255713 0.123442 0.262793
2 2 0.048252 0.191068 0.400383 0.125648 0.234649
4 2 0.155195 0.219253 0.234095 0.112570 0.278888
4 2 0.113686 0.229058 0.203294 0.086352 0.367610
2 2 0.065455 0.182909 0.422635 0.139106 0.189895
2 2 0.053525 0.110586 0.643710 0.126974 0.065205
2 2 0.034522 0.193038 0.388113 0.112019 0.272308
2 2 0.039554 0.133364 0.601542 0.119925 0.105615
2 2 0.025395 0.054109 0.815407 0.085064 0.020026
2 2 0.025825 0.052322 0.818504 0.084669 0.018681
2 2 0.013691 0.024845 0.900393 0.055461 0.005610
2 2 0.017912 0.031198 0.878261 0.064748 0.007883
2 2 0.013076 0.027317 0.896464 0.056342 0.006801
2 2 0.017083 0.031684 0.878874 0.064119 0.008240
2 2 0.012887 0.026462 0.898685 0.055527 0.006439
2 2 0.015174 0.027109 0.892467 0.058861 0.006388
2 2 0.011283 0.021079 0.913695 0.049549 0.004395
2 2 0.036925 0.057272 0.789191 0.096722 0.019890
2 2 0.017558 0.030475 0.874761 0.069726 0.007480
2 2 0.017206 0.030155 0.881874 0.063275 0.007491
2 1 0.240740 0.161668 0.372794 0.118470 0.106328
4 2 0.179604 0.211623 0.242525 0.123679 0.242570
2 2 0.037804 0.091784 0.710567 0.110267 0.049578
2 2 0.014616 0.026262 0.895428 0.057602 0.006093
2 2 0.028498 0.047978 0.823134 0.085036 0.015354
2 2 0.061761 0.161161 0.497395 0.138285 0.141397
2 2 0.029164 0.055992 0.804797 0.089568 0.020478
2 2 0.017024 0.029885 0.882810 0.062891 0.007391
2 2 0.021540 0.036457 0.860135 0.071903 0.009965
2 2 0.020896 0.034734 0.841626 0.093979 0.008765
2 2 0.020624 0.033004 0.791813 0.147072 0.007488
2 2 0.033921 0.048094 0.644187 0.260744 0.013053
3 3 0.025266 0.030633 0.297820 0.639304 0.006978
2 3 0.026750 0.037455 0.579633 0.347618 0.008544
2 3 0.025253 0.040497 0.811906 0.111400 0.010945
3 3 0.020886 0.021386 0.106516 0.845751 0.005461
2 3 0.025055 0.035437 0.589002 0.342712 0.007795
2 3 0.025485 0.036995 0.645916 0.283194 0.008409
3 3 0.031172 0.036268 0.266237 0.656834 0.009488
3 3 0.030056 0.035994 0.303467 0.621456 0.009027
3 3 0.029218 0.031136 0.160167 0.770772 0.008708
3 3 0.019820 0.019280 0.076782 0.878921 0.005196
3 3 0.020780 0.019337 0.060767 0.893429 0.005687
3 3 0.010889 0.009614 0.030605 0.946511 0.002381
3 3 0.021368 0.020971 0.084346 0.867563 0.005752
3 3 0.025451 0.025946 0.115769 0.825586 0.007248
3 3 0.045584 0.058835 0.224017 0.648320 0.023244
3 3 0.032567 0.032106 0.109120 0.815749 0.010457
3 3 0.019954 0.018232 0.053324 0.903063 0.005427
3 3 0.026097 0.025309 0.087963 0.852952 0.007679
3 3 0.018114 0.016425 0.048214 0.912488 0.004760
3 3 0.018364 0.016664 0.048806 0.911315 0.004850
3 3 0.011878 0.010535 0.033081 0.941826 0.002679
3 3 0.018423 0.019072 0.105832 0.852123 0.004549
2 3 0.041231 0.055782 0.580875 0.305484 0.016628
3 3 0.029863 0.034649 0.257052 0.669536 0.008900
3 3 0.022630 0.024294 0.145743 0.801320 0.006014
3 3 0.021366 0.022810 0.136912 0.813363 0.005549
3 3 0.014280 0.012787 0.038997 0.930496 0.003441
3 3 0.026244 0.025550 0.090235 0.850244 0.007727
3 3 0.012782 0.011379 0.035321 0.937558 0.002960
3 3 0.019416 0.017671 0.051288 0.906390 0.005235
3 3 0.015059 0.013522 0.040891 0.926829 0.003699
3 3 0.058488 0.058422 0.158447 0.700163 0.024480
2 2 0.051112 0.074924 0.729135 0.114451 0.030378
2 2 0.040293 0.057741 0.684993 0.198832 0.018142
2 2 0.034084 0.053578 0.801741 0.092661 0.017936
2 2 0.074843 0.102044 0.635598 0.137047 0.050467
2 2 0.015843 0.028120 0.888945 0.060345 0.006747
2 2 0.029189 0.046843 0.819248 0.090294 0.014426
2 2 0.017183 0.030120 0.881993 0.063226 0.007478
2 2 0.023482 0.037716 0.808872 0.120315 0.009615
2 2 0.037443 0.054965 0.717619 0.172988 0.016984
2 2 0.032504 0.050472 0.786783 0.114576 0.015666
2 2 0.046592 0.063578 0.613632 0.255307 0.020892
3 3 0.026649 0.026241 0.097211 0.842044 0.007855
2 3 0.035795 0.048259 0.551768 0.351141 0.013038
3 3 0.021276 0.022233 0.120929 0.830002 0.005559
3 3 0.029159 0.031855 0.183643 0.746710 0.008633
3 3 0.030405 0.031334 0.135481 0.793463 0.009317
3 3 0.020407 0.018732 0.055491 0.899784 0.005586
3 3 0.020804 0.019039 0.055112 0.899295 0.005750
3 3 0.015632 0.014065 0.042279 0.924132 0.003893
3 3 0.011959 0.010610 0.033282 0.941444 0.002704
3 3 0.013081 0.011659 0.036058 0.936147 0.003054
3 3 0.019075 0.017344 0.050485 0.907986 0.005109
3 3 0.010859 0.009586 0.030528 0.946655 0.002372
0 1 0.320089 0.162400 0.308830 0.101023 0.107657
0 1 0.366345 0.189600 0.173248 0.082428 0.188380
2 2 0.098205 0.131113 0.537571 0.153738 0.079373
2 2 0.114980 0.142368 0.489838 0.161110 0.091704
2 2 0.202052 0.145482 0.447790 0.120331 0.084344
2 2 0.085826 0.113733 0.594418 0.145206 0.060817
2 2 0.087209 0.158002 0.479796 0.151610 0.123383
2 2 0.065886 0.092123 0.670086 0.129386 0.042519
2 2 0.043911 0.058483 0.787381 0.090585 0.019639
2 2 0.081616 0.130188 0.559895 0.146529 0.081772
2 2 0.053181 0.077399 0.720682 0.116734 0.032004
2 2 0.028092 0.067439 0.781523 0.093295 0.029651
2 2 0.013477 0.024515 0.901553 0.054956 0.005499
2 2 0.014413 0.025952 0.896512 0.057137 0.005986
2 2 0.016020 0.034677 0.874686 0.064646 0.009970
2 2 0.012661 0.023249 0.906011 0.052997 0.005082
2 2 0.010280 0.019473 0.919423 0.046917 0.003908
2 2 0.008059 0.015826 0.932588 0.040648 0.002878
2 2 0.021682 0.041745 0.848643 0.075083 0.012847
2 2 0.014371 0.025889 0.896734 0.057042 0.005964
2 2 0.011042 0.020695 0.915059 0.048927 0.004277
2 2 0.015487 0.027582 0.890817 0.059558 0.006556
2 2 0.013817 0.025038 0.899715 0.055756 0.005675
2 2 0.012338 0.022013 0.881495 0.079856 0.004298
2 2 0.026749 0.050692 0.820378 0.084788 0.017393
2 2 0.015643 0.027818 0.889997 0.059904 0.006639
2 2 0.016410 0.028609 0.875837 0.072445 0.006700
2 2 0.020086 0.043911 0.847042 0.074473 0.014488
2 2 0.019267 0.034418 0.868782 0.068268 0.009264
2 2 0.017262 0.038659 0.863733 0.068398 0.011949
2 2 0.022966 0.121939 0.651102 0.100361 0.103632
4 2 0.028558 0.209570 0.252565 0.082901 0.426407
2 2 0.027447 0.125601 0.636273 0.106510 0.104169
2 2 0.020689 0.193040 0.354911 0.092162 0.339198
2 2 0.030339 0.162520 0.515652 0.111703 0.179785
4 2 0.016309 0.198455 0.230290 0.066237 0.488708
4 2 0.034033 0.213648 0.181832 0.057892 0.512595
4 2 0.018316 0.199578 0.267656 0.081408 0.433043
4 2 0.017903 0.200435 0.212821 0.061392 0.507449
4 2 0.020738 0.203791 0.211282 0.062641 0.501549
4 2 0.017172 0.192415 0.335984 0.085103 0.369326
2 2 0.019623 0.191616 0.359439 0.090772 0.338550
4 2 0.020396 0.202604 0.255389 0.078498 0.443113
4 2 0.017142 0.198404 0.190865 0.053551 0.540039
4 2 0.030133 0.207620 0.281872 0.096213 0.384162
4 2 0.022526 0.204704 0.188253 0.055563 0.528953
4 2 0.022942 0.206076 0.210774 0.063717 0.496492
4 2 0.032293 0.212133 0.176999 0.055509 0.523066
4 2 0.025528 0.203817 0.152638 0.044656 0.573361
4 2 0.031493 0.206608 0.139897 0.042108 0.579894
4 2 0.013620 0.194298 0.236580 0.066059 0.489443
4 2 0.026196 0.208879 0.231401 0.073185 0.460339
4 2 0.022616 0.205130 0.193753 0.057517 0.520984
4 2 0.035353 0.214281 0.179047 0.057292 0.514027
4 2 0.038674 0.211912 0.143120 0.045009 0.561284
4 2 0.045396 0.194895 0.078318 0.023598 0.657793
4 2 0.042291 0.199134 0.090864 0.027445 0.640267
4 2 0.027952 0.207802 0.166392 0.050205 0.547648
4 2 0.024237 0.207146 0.203821 0.061898 0.502898
4 2 0.023780 0.203693 0.279745 0.090502 0.402280
4 2 0.027611 0.201894 0.327843 0.090227 0.352425
4 2 0.029484 0.205509 0.142333 0.042396 0.580278
4 2 0.020330 0.200538 0.283547 0.085995 0.409590
4 2 0.021685 0.200073 0.302109 0.089646 0.386487
2 2 0.017067 0.154282 0.541940 0.092779 0.193932
2 2 0.014258 0.033258 0.881359 0.061555 0.009570
2 2 0.031516 0.176102 0.463287 0.112022 0.217073
2 2 0.013244 0.032033 0.886124 0.059465 0.009134
2 2 0.022180 0.052618 0.824411 0.080979 0.019812
2 2 0.012012 0.027170 0.899114 0.054781 0.006922
2 2 0.011885 0.022032 0.910312 0.051078 0.004692
2 2 0.015804 0.033292 0.878062 0.063568 0.009274
2 2 0.011460 0.023609 0.907899 0.051628 0.005404
2 2 0.016216 0.044305 0.853778 0.069918 0.015783
2 2 0.012332 0.024315 0.904458 0.053320 0.005575
2 2 0.019368 0.037046 0.863018 0.069943 0.010625
2 2 0.014856 0.026626 0.894153 0.058146 0.006219
2 2 0.025395 0.041877 0.841575 0.078858 0.012294
2 2 0.014634 0.026289 0.895332 0.057642 0.006102
2 2 0.027001 0.044090 0.834023 0.081588 0.013297
2 2 0.019254 0.033163 0.871472 0.067472 0.008640
2 2 0.037195 0.057619 0.788013 0.097096 0.020077
2 2 0.035500 0.055426 0.795461 0.094710 0.018903
2 2 0.023983 0.042568 0.842656 0.077882 0.012912
3 2 0.044220 0.055077 0.429568 0.454387 0.016747
2 2 0.043556 0.061206 0.659121 0.216276 0.019841
3 2 0.040223 0.050104 0.414911 0.480357 0.014405
2 2 0.031170 0.042167 0.535187 0.381039 0.010436
3 2 0.044261 0.052101 0.330770 0.556681 0.016186
3 2 0.033334 0.036162 0.189235 0.730762 0.010507
3 2 0.031972 0.033994 0.165766 0.758339 0.009928
3 2 0.021717 0.019886 0.056663 0.895629 0.006105
3 3 0.022918 0.021868 0.074432 0.874341 0.006441
3 3 0.027515 0.026340 0.083986 0.853829 0.008330
3 3 0.026296 0.024333 0.067149 0.874274 0.007949
3 3 0.014788 0.013266 0.040234 0.928104 0.003609
3 3 0.027154 0.025455 0.073753 0.865375 0.008263
3 3 0.014050 0.012570 0.038436 0.931578 0.003366
3 3 0.019779 0.019494 0.082787 0.872794 0.005146
3 3 0.013849 0.012381 0.037946 0.932523 0.003301
3 3 0.018633 0.016922 0.049444 0.910053 0.004948
3 3 0.020889 0.019087 0.054737 0.899499 0.005788
3 3 0.012061 0.010705 0.033535 0.940963 0.002735
3 3 0.014630 0.013117 0.039850 0.928846 0.003556
3 3 0.023751 0.021855 0.061354 0.886134 0.006907
3 3 0.015280 0.013731 0.041428 0.925787 0.003774
3 3 0.033586 0.031513 0.083368 0.840360 0.011174
3 3 0.017053 0.015413 0.045688 0.917462 0.004383
3 3 0.012323 0.010950 0.034184 0.939727 0.002816
3 3 0.015978 0.014393 0.043113 0.922506 0.004011
3 3 0.014999 0.013465 0.040746 0.927110 0.003679
3 3 0.016863 0.015233 0.045236 0.918352 0.004317
3 3 0.017671 0.016003 0.047163 0.914562 0.004602
3 3 0.021101 0.019291 0.055230 0.898510 0.005868
3 3 0.015975 0.014390 0.043105 0.922520 0.004009
3 3 0.009935 0.008731 0.028194 0.951037 0.002103
3 3 0.011758 0.010423 0.032781 0.942396 0.002642
3 3 0.016016 0.014428 0.043204 0.922328 0.004024
3 3 0.029340 0.027317 0.073988 0.860102 0.009254
3 3 0.032689 0.034504 0.161007 0.761526 0.010272
3 3 0.030282 0.031217 0.135436 0.793803 0.009262
3 3 0.028590 0.027778 0.093501 0.841395 0.008735
3 3 0.019487 0.017740 0.051456 0.906055 0.005261
3 3 0.022545 0.020686 0.058578 0.891764 0.006428
3 3 0.023005 0.021131 0.059638 0.889617 0.006609
3 3 0.024036 0.022131 0.062006 0.884806 0.007021
3 3 0.015026 0.013490 0.040811 0.926985 0.003688
3 3 0.013988 0.012512 0.038285 0.931868 0.003346
3 3 0.016850 0.015220 0.045203 0.918415 0.004312
3 3 0.014041 0.012562 0.038414 0.931621 0.003363
3 3 0.010816 0.009547 0.030422 0.946855 0.002360
3 3 0.014137 0.012652 0.038648 0.931170 0.003394
3 3 0.011963 0.010614 0.033292 0.941426 0.002705
3 3 0.009712 0.008525 0.027627 0.952096 0.002039
3 3 0.012417 0.011038 0.034420 0.939279 0.002846
3 3 0.012785 0.011382 0.035329 0.937544 0.002960
3 3 0.008976 0.007847 0.025743 0.955601 0.001833
3 3 0.013322 0.011886 0.036652 0.935009 0.003131
3 3 0.011226 0.009927 0.031451 0.944914 0.002482
3 3 0.015379 0.013825 0.041666 0.925324 0.003807
3 3 0.011878 0.010535 0.033080 0.941828 0.002679
3 3 0.008400 0.007318 0.024257 0.958349 0.001676
3 3 0.014708 0.013191 0.040040 0.928479 0.003582
3 3 0.010393 0.009154 0.029353 0.948865 0.002235
3 3 0.013734 0.012273 0.037664 0.933064 0.003263
3 3 0.010887 0.009613 0.030601 0.946519 0.002381
3 3 0.009980 0.008773 0.028309 0.950822 0.002116
3 3 0.011228 0.009929 0.031456 0.944904 0.002482
3 3 0.007375 0.006383 0.021587 0.963250 0.001406
3 3 0.014876 0.013349 0.040448 0.927689 0.003638
3 3 0.008481 0.007393 0.024468 0.957961 0.001698
3 3 0.009748 0.008558 0.027717 0.951928 0.002050
3 3 0.009145 0.008002 0.026177 0.954796 0.001880
3 3 0.013244 0.011812 0.036459 0.935379 0.003106
3 3 0.017090 0.015449 0.045778 0.917286 0.004396
3 3 0.010706 0.009445 0.030144 0.947378 0.002327
3 3 0.010513 0.009265 0.029657 0.948294 0.002270
3 3 0.010270 0.009040 0.029042 0.949449 0.002199
3 3 0.012260 0.010891 0.034030 0.940022 0.002797
3 3 0.007827 0.006795 0.022770 0.961084 0.001523
3 3 0.016249 0.014649 0.043763 0.921236 0.004103
3 3 0.007910 0.006871 0.022986 0.960688 0.001545
3 3 0.009509 0.008338 0.027109 0.953063 0.001982
3 3 0.009366 0.008206 0.026742 0.953745 0.001942
3 3 0.008998 0.007867 0.025801 0.955494 0.001839
3 3 0.010499 0.009252 0.029621 0.948362 0.002266
3 3 0.013699 0.012240 0.037577 0.933233 0.003252
3 3 0.011197 0.009900 0.031378 0.945051 0.002473
3 3 0.010227 0.009001 0.028934 0.949651 0.002187
3 3 0.009976 0.008769 0.028298 0.950841 0.002115
3 3 0.015799 0.014223 0.042682 0.923347 0.003949
3 3 0.011346 0.010039 0.031750 0.944348 0.002517
3 3 0.007553 0.006545 0.022054 0.962396 0.001452
3 3 0.008950 0.007823 0.025677 0.955724 0.001826
3 3 0.010801 0.009532 0.030382 0.946930 0.002355
3 3 0.016882 0.015251 0.045280 0.918264 0.004323
3 3 0.015739 0.014165 0.042535 0.923632 0.003929
3 3 0.009188 0.008042 0.026288 0.954589 0.001892
3 3 0.016055 0.014465 0.043297 0.922145 0.004037
3 3 0.008818 0.007702 0.025338 0.956352 0.001790
3 3 0.009001 0.007870 0.025808 0.955480 0.001840
3 3 0.009364 0.008204 0.026739 0.953751 0.001941
3 3 0.013876 0.012406 0.038010 0.932398 0.003309
3 3 0.009547 0.008372 0.027204 0.952884 0.001992
3 3 0.016974 0.015338 0.045501 0.917832 0.004356
3 3 0.013191 0.011763 0.036330 0.935628 0.003089
3 3 0.006868 0.005923 0.020251 0.965682 0.001277
3 3 0.012410 0.011031 0.034401 0.939315 0.002843
3 3 0.013599 0.012146 0.037331 0.933705 0.003220
3 3 0.015308 0.013757 0.041494 0.925658 0.003783
3 3 0.012005 0.010653 0.033396 0.941227 0.002718
3 3 0.011923 0.010577 0.033192 0.941615 0.002693
3 3 0.024411 0.022496 0.062863 0.883058 0.007172
3 1 0.053106 0.062642 0.359325 0.503386 0.021541
2 1 0.060880 0.084120 0.654778 0.165080 0.035143
2 2 0.049493 0.071964 0.719252 0.131530 0.027761
2 2 0.023304 0.038956 0.851566 0.075159 0.011016
2 2 0.042128 0.063892 0.766702 0.103680 0.023597
2 2 0.019852 0.033894 0.865081 0.072338 0.008835
2 2 0.020063 0.034336 0.867427 0.069070 0.009104
2 2 0.023579 0.037623 0.800455 0.128872 0.009470
2 2 0.012725 0.023347 0.905663 0.053151 0.005114
2 2 0.019617 0.033315 0.859908 0.078704 0.008456
2 2 0.027332 0.044543 0.832480 0.082139 0.013506
2 2 0.030590 0.048949 0.817475 0.087381 0.015605
2 2 0.022931 0.038336 0.851187 0.076861 0.010685
2 2 0.019969 0.034200 0.867896 0.068885 0.009050
2 1 0.118675 0.120979 0.567523 0.129638 0.063185
2 2 0.019344 0.033295 0.871017 0.067653 0.008692
2 2 0.018557 0.030828 0.832864 0.110742 0.007010
2 2 0.012496 0.027227 0.897921 0.055495 0.006860
2 2 0.015142 0.026768 0.884169 0.067833 0.006089
2 2 0.016183 0.099685 0.720827 0.086732 0.076572
2 2 0.015885 0.028183 0.888725 0.060437 0.006770
2 2 0.022125 0.076069 0.771791 0.089601 0.040413
2 2 0.023179 0.182562 0.425660 0.099803 0.268795
4 2 0.016623 0.198880 0.223068 0.063995 0.497433
4 2 0.024947 0.207120 0.188911 0.056919 0.522104
4 2 0.020244 0.202402 0.191496 0.055517 0.530341
4 2 0.022690 0.199810 0.312538 0.091383 0.373579
4 2 0.019348 0.202344 0.222066 0.065571 0.490672
4 2 0.038913 0.216167 0.239300 0.082718 0.422902
4 2 0.018782 0.200017 0.268785 0.082248 0.430169
4 2 0.023888 0.205555 0.181131 0.053728 0.535698
4 2 0.014768 0.195547 0.257803 0.074482 0.457399
4 4 0.017607 0.199725 0.249908 0.074234 0.458526
4 4 0.033632 0.213836 0.189538 0.060643 0.502351
4 4 0.029888 0.187714 0.083225 0.023283 0.675890
4 4 0.040252 0.207891 0.120382 0.037261 0.594213
4 4 0.033262 0.202840 0.117989 0.035087 0.610823
4 4 0.034246 0.214267 0.231479 0.077330 0.442677
4 4 0.024147 0.204227 0.165352 0.048437 0.557837
4 4 0.021880 0.205110 0.220854 0.066742 0.485413
4 4 0.036006 0.205436 0.120765 0.036582 0.601210
4 4 0.033399 0.199406 0.106253 0.031215 0.629727
4 4 0.053764 0.217611 0.135960 0.045365 0.547300
4 4 0.031749 0.213121 0.206186 0.066233 0.482711
4 4 0.027936 0.209840 0.191388 0.059105 0.511731
2 4 0.100237 0.211757 0.308793 0.120439 0.258773
2 4 0.114906 0.182929 0.375779 0.160166 0.166219
0 4 0.267541 0.210171 0.175969 0.090580 0.255739
4 4 0.229522 0.208089 0.066206 0.033232 0.462951
0 1 0.585783 0.143944 0.095549 0.042276 0.132448
4 1 0.073242 0.227280 0.173352 0.063867 0.462258
4 1 0.039202 0.216987 0.226814 0.077585 0.439412
4 1 0.019508 0.197228 0.312112 0.087191 0.383961
4 1 0.019563 0.201743 0.193944 0.055977 0.528774
4 1 0.038783 0.211781 0.282332 0.098427 0.368677
2 2 0.030208 0.198575 0.350660 0.104660 0.315898
4 2 0.020679 0.203090 0.194668 0.056833 0.524730
4 2 0.032376 0.208916 0.149427 0.045653 0.563628
4 2 0.034428 0.214829 0.211512 0.069418 0.469814
4 2 0.021262 0.202312 0.271466 0.085379 0.419582
2 2 0.023718 0.170687 0.481598 0.102507 0.221491
2 2 0.022740 0.133029 0.617708 0.101194 0.125330
2 2 0.022239 0.059552 0.809141 0.083971 0.025098
2 2 0.010658 0.025493 0.905740 0.051720 0.006389
2 2 0.040682 0.095549 0.697495 0.113720 0.052553
2 2 0.016306 0.081084 0.769175 0.082899 0.050537
2 2 0.009895 0.024291 0.910070 0.049764 0.005980
2 2 0.019904 0.039895 0.855938 0.072146 0.012116
2 2 0.013032 0.031711 0.887268 0.058981 0.009009
2 2 0.010163 0.024198 0.909633 0.050120 0.005886
2 2 0.013959 0.027952 0.893222 0.057915 0.006952
2 2 0.037636 0.112770 0.659200 0.115057 0.075336
2 2 0.015076 0.042723 0.859500 0.067619 0.015082
2 2 0.024638 0.105582 0.694698 0.099965 0.075117
2 2 0.017709 0.041935 0.855870 0.070663 0.013823
2 2 0.017378 0.043876 0.852376 0.071217 0.015153
2 2 0.021862 0.053551 0.822969 0.081034 0.020583
2 2 0.035626 0.072843 0.757265 0.102253 0.032013
2 2 0.027947 0.076648 0.760923 0.096373 0.038109
2 2 0.027771 0.055907 0.807370 0.088220 0.020732
2 2 0.024693 0.047729 0.830371 0.081306 0.015901
2 2 0.021504 0.046201 0.839474 0.077207 0.015614
2 2 0.032173 0.059690 0.791741 0.093934 0.022462
2 2 0.025546 0.049368 0.825339 0.082970 0.016777
2 2 0.049870 0.074634 0.731601 0.113531 0.030364
2 2 0.037225 0.057658 0.787879 0.097139 0.020099
2 2 0.016805 0.032677 0.877328 0.064411 0.008779
2 2 0.030124 0.048325 0.819600 0.086651 0.015300
2 1 0.144763 0.145033 0.477464 0.142983 0.089756
2 2 0.013754 0.025827 0.898168 0.056227 0.006023
2 2 0.018743 0.038196 0.861791 0.069895 0.011375
2 2 0.015280 0.027269 0.891908 0.059098 0.006445
2 2 0.014013 0.025340 0.898655 0.056214 0.005777
2 2 0.018136 0.034482 0.870854 0.067049 0.009479
2 1 0.141576 0.147887 0.465854 0.150064 0.094619
2 2 0.014089 0.032500 0.883323 0.060890 0.009199
2 2 0.014082 0.025445 0.898288 0.056373 0.005813
2 2 0.015809 0.028068 0.889126 0.060269 0.006729
2 2 0.033383 0.057753 0.793929 0.094091 0.020843
2 2 0.023176 0.038768 0.851981 0.075145 0.010929
0 2 0.631356 0.130326 0.091606 0.036288 0.110424
0 2 0.416929 0.179022 0.162665 0.074321 0.167063
0 2 0.446167 0.178053 0.132293 0.059594 0.183893
0 2 0.479020 0.156323 0.179393 0.068282 0.116981
0 2 0.405838 0.183111 0.158302 0.073259 0.179490
0 2 0.454183 0.177351 0.124079 0.055588 0.188799
0 2 0.482126 0.168490 0.130191 0.057211 0.161982
0 2 0.436631 0.180937 0.130107 0.058996 0.193329
0 2 0.402741 0.185537 0.151473 0.070295 0.189954
0 2 0.540334 0.158520 0.083425 0.035150 0.182570
0 2 0.483786 0.172086 0.104351 0.045773 0.194004
0 1 0.648022 0.123385 0.095718 0.037409 0.095466
0 1 0.523983 0.157850 0.122144 0.052159 0.143864
0 2 0.335382 0.198282 0.167821 0.081790 0.216725
0 2 0.457985 0.178647 0.098973 0.044109 0.220286
0 2 0.711335 0.109615 0.054919 0.020412 0.103720
0 2 0.361235 0.179044 0.210446 0.099832 0.149443
0 2 0.608193 0.138756 0.087191 0.035129 0.130730
0 2 0.421408 0.186463 0.114272 0.052296 0.225561
0 2 0.634307 0.132019 0.077088 0.030464 0.126121
0 2 0.315206 0.179741 0.263834 0.097569 0.143649
0 2 0.533973 0.150520 0.136543 0.057761 0.121203
0 2 0.514568 0.154166 0.145193 0.062198 0.123875
0 2 0.575917 0.140591 0.122814 0.050488 0.110189
0 2 0.612534 0.131896 0.111212 0.042357 0.102002
0 2 0.255281 0.203427 0.214998 0.111534 0.214761
2 2 0.164474 0.182821 0.323608 0.170785 0.158312
2 2 0.099967 0.157158 0.468014 0.156795 0.118067
2 2 0.125141 0.151545 0.454711 0.164854 0.103749
2 2 0.068274 0.122522 0.595425 0.138419 0.075360
2 2 0.070542 0.123369 0.590488 0.139810 0.075791
2 2 0.045713 0.088751 0.706084 0.115640 0.043812
2 2 0.022998 0.038525 0.853042 0.074603 0.010832
2 2 0.071294 0.148495 0.524012 0.143394 0.112804
2 2 0.067567 0.097673 0.655250 0.132029 0.047482
2 2 0.019189 0.034579 0.868594 0.068281 0.009358
2 2 0.016067 0.028455 0.887776 0.060834 0.006868
2 2 0.026200 0.042989 0.837779 0.080237 0.012794
2 2 0.019244 0.033149 0.871520 0.067453 0.008634
2 2 0.021409 0.038049 0.857002 0.072715 0.010824
2 2 0.016629 0.037857 0.866706 0.067184 0.011624
2 2 0.014735 0.026444 0.894792 0.057873 0.006156
2 2 0.024464 0.052001 0.821614 0.083142 0.018780
2 2 0.020779 0.045992 0.841281 0.076299 0.015650
2 2 0.020711 0.035269 0.864217 0.070324 0.009479
2 2 0.020771 0.041885 0.850058 0.074179 0.013107
2 2 0.029332 0.047259 0.823228 0.085396 0.014786
2 2 0.030496 0.075835 0.758685 0.098661 0.036323
2 2 0.010690 0.020132 0.917066 0.048007 0.004106
2 2 0.013409 0.024409 0.901923 0.054795 0.005464
2 2 0.015358 0.038524 0.867886 0.065905 0.012326
2 2 0.027936 0.052743 0.813906 0.086905 0.018509
2 2 0.017933 0.031229 0.878153 0.064791 0.007894
2 2 0.012510 0.023012 0.906846 0.052626 0.005006
2 2 0.012148 0.023364 0.906888 0.052401 0.005199
2 2 0.028409 0.046010 0.827482 0.083908 0.014192
2 2 0.026568 0.046776 0.829069 0.082633 0.014954
2 2 0.010197 0.019339 0.919899 0.046695 0.003869
2 2 0.023144 0.038577 0.848789 0.078742 0.010748
2 2 0.015599 0.027752 0.890226 0.059808 0.006616
2 2 0.028400 0.045997 0.827524 0.083893 0.014186
2 2 0.019687 0.033791 0.869304 0.068331 0.008887
2 2 0.017177 0.030112 0.882021 0.063214 0.007475
2 2 0.015737 0.027960 0.889500 0.060113 0.006690
2 2 0.036227 0.065542 0.772412 0.099875 0.025944
2 2 0.010629 0.020034 0.917417 0.047845 0.004076
2 2 0.022932 0.038432 0.853361 0.074483 0.010793
2 2 0.012154 0.022454 0.908818 0.051748 0.004827
2 2 0.015044 0.026913 0.893153 0.058571 0.006319
2 2 0.016047 0.028426 0.887879 0.060791 0.006857
2 2 0.015587 0.027733 0.890291 0.059780 0.006609
2 2 0.014871 0.026649 0.894074 0.058179 0.006227
2 2 0.019300 0.032451 0.849256 0.091106 0.007887
2 2 0.024077 0.040041 0.847851 0.076546 0.011485
2 2 0.021548 0.036468 0.860097 0.071917 0.009970
2 2 0.019056 0.031316 0.821337 0.121206 0.007085
2 2 0.016138 0.028563 0.887402 0.060990 0.006907
2 2 0.024040 0.039990 0.848027 0.076481 0.011462
2 2 0.027867 0.044873 0.821288 0.092593 0.013379
2 2 0.016722 0.029436 0.884368 0.062249 0.007225
2 2 0.019666 0.033064 0.850237 0.088864 0.008168
2 2 0.027795 0.044752 0.821077 0.093070 0.013307
2 2 0.042851 0.064796 0.763627 0.104601 0.024125
2 2 0.026870 0.038284 0.616707 0.309272 0.008868
2 2 0.030145 0.044545 0.705251 0.208342 0.011718
2 2 0.015829 0.027418 0.868038 0.082613 0.006101
2 1 0.245304 0.175177 0.318414 0.129737 0.131368
2 2 0.031937 0.049833 0.791799 0.111012 0.015419
2 2 0.027110 0.044239 0.833515 0.081769 0.013366
2 2 0.017541 0.030651 0.880154 0.063978 0.007676
2 2 0.017041 0.029909 0.882725 0.062925 0.007400
2 2 0.023024 0.038562 0.852916 0.074651 0.010848
2 2 0.025795 0.041310 0.811600 0.109962 0.011333
2 2 0.019781 0.033929 0.868831 0.068517 0.008942
2 2 0.018079 0.031444 0.877410 0.065092 0.007976
2 2 0.043271 0.065322 0.761839 0.105133 0.024434
2 1 0.224758 0.178719 0.316954 0.139529 0.140040
2 2 0.015103 0.027002 0.892842 0.058703 0.006351
2 2 0.020763 0.034495 0.840706 0.095392 0.008643
2 2 0.029188 0.047065 0.823888 0.085166 0.014693
2 2 0.010623 0.020025 0.917447 0.047831 0.004073
2 2 0.017262 0.030237 0.881588 0.063392 0.007522
2 2 0.010376 0.019628 0.918868 0.047174 0.003954
2 1 0.234419 0.188404 0.271173 0.141846 0.164158
2 2 0.027738 0.045098 0.830589 0.082811 0.013764
2 2 0.021500 0.036400 0.860331 0.071828 0.009942
2 2 0.011877 0.022019 0.910357 0.051058 0.004688
2 2 0.015771 0.028010 0.889325 0.060186 0.006708
2 2 0.011911 0.022073 0.910168 0.051143 0.004705
2 2 0.023197 0.037789 0.825255 0.103872 0.009887
2 2 0.026425 0.170840 0.486356 0.102425 0.213953
2 2 0.017768 0.112898 0.681955 0.091470 0.095909
2 2 0.014817 0.058722 0.824811 0.073824 0.027827
2 2 0.016853 0.162874 0.505517 0.091904 0.222851
2 2 0.020489 0.159124 0.526214 0.098433 0.195740
4 2 0.018655 0.200000 0.268560 0.079825 0.432961
4 2 0.022729 0.204051 0.269865 0.081020 0.422335
2 1 0.147587 0.214956 0.266701 0.120318 0.250438
4 2 0.023577 0.206478 0.202531 0.061100 0.506314
4 2 0.026000 0.206293 0.168066 0.050074 0.549566
4 2 0.025696 0.204728 0.288358 0.088342 0.392876
4 2 0.022850 0.197228 0.334703 0.093951 0.351269
4 4 0.015263 0.192540 0.314480 0.078988 0.398730
4 4 0.025050 0.207269 0.247939 0.078895 0.440846
4 4 0.023764 0.201541 0.306575 0.088660 0.379460
4 4 0.030647 0.209779 0.165043 0.050644 0.543888
4 4 0.037154 0.215078 0.243342 0.083626 0.420800
4 4 0.053356 0.203644 0.089503 0.028259 0.625239
4 4 0.038754 0.183076 0.063940 0.018302 0.695928
4 4 0.039506 0.217098 0.186962 0.061654 0.494780
4 4 0.059935 0.224729 0.187337 0.067442 0.460557
4 4 0.035870 0.215640 0.213501 0.070795 0.464194
4 4 0.020996 0.198068 0.316199 0.089802 0.374935
4 4 0.025460 0.204169 0.287700 0.093472 0.389199
2 4 0.021298 0.189315 0.382486 0.094802 0.312099
4 4 0.028675 0.200571 0.122747 0.035646 0.612361
4 4 0.033459 0.212926 0.177070 0.055930 0.520615
4 4 0.042792 0.217241 0.245709 0.087209 0.407050
4 4 0.025055 0.201956 0.306955 0.094719 0.371314
4 4 0.035803 0.197126 0.095349 0.028033 0.643689
4 4 0.027094 0.195221 0.108760 0.030776 0.638150
4 4 0.031797 0.198227 0.106204 0.030904 0.632868
4 4 0.023214 0.203385 0.166176 0.048344 0.558882
4 4 0.021903 0.179452 0.081342 0.021407 0.695896
4 4 0.042581 0.218235 0.179851 0.059813 0.499520
4 4 0.031708 0.212711 0.192777 0.061139 0.501666
4 4 0.038711 0.213071 0.150086 0.047543 0.550588
4 4 0.037743 0.213878 0.160075 0.050953 0.537351
4 4 0.050313 0.219460 0.156478 0.052617 0.521133
4 4 0.038013 0.216340 0.228780 0.077902 0.438965
4 4 0.027631 0.205667 0.288125 0.093926 0.384652
4 4 0.017854 0.195786 0.156962 0.043045 0.586352
4 4 0.030612 0.211980 0.233854 0.076512 0.447042
4 4 0.028576 0.209716 0.250642 0.082133 0.428934
4 4 0.065925 0.224206 0.231228 0.088941 0.389700
4 1 0.102944 0.225974 0.230322 0.098451 0.342309
4 1 0.022523 0.205554 0.235409 0.072492 0.464022
2 2 0.018410 0.162825 0.508574 0.094738 0.215453
4 2 0.021651 0.204736 0.234824 0.069886 0.468904
4 2 0.017389 0.199563 0.246974 0.072993 0.463080
4 4 0.033487 0.201178 0.111670 0.033023 0.620643
4 4 0.033612 0.212969 0.176353 0.055717 0.521349
4 4 0.030349 0.211952 0.229923 0.074819 0.452958
4 4 0.024209 0.207253 0.229179 0.071198 0.468162
4 4 0.020426 0.203562 0.225922 0.067657 0.482433
4 4 0.035484 0.213596 0.169946 0.053946 0.527029
4 4 0.024747 0.200887 0.314721 0.094978 0.364667
4 4 0.025020 0.206721 0.256325 0.082175 0.429759
4 4 0.023612 0.206796 0.217372 0.066481 0.485739
4 4 0.040125 0.217178 0.182419 0.060083 0.500196
4 4 0.030305 0.183835 0.074791 0.020747 0.690322
4 4 0.024485 0.199875 0.136310 0.038933 0.600398
4 4 0.049505 0.209514 0.110000 0.035072 0.595910
4 4 0.047450 0.209707 0.113720 0.036103 0.593020
2 4 0.025730 0.165727 0.503198 0.105755 0.199590
4 4 0.025829 0.207383 0.255858 0.082524 0.428406
4 4 0.038193 0.209946 0.134287 0.041746 0.575828
4 4 0.029090 0.203959 0.136004 0.040150 0.590797
4 4 0.031623 0.211363 0.173526 0.054014 0.529474
2 4 0.018713 0.189861 0.366806 0.089738 0.334882
4 4 0.030312 0.212076 0.203108 0.064452 0.490052
4 4 0.019638 0.199743 0.288366 0.081647 0.410606
2 4 0.024433 0.193494 0.367225 0.098441 0.316407
4 4 0.039653 0.216135 0.244130 0.085122 0.414961
4 1 0.099917 0.230110 0.184135 0.074142 0.411696
4 1 0.015802 0.194202 0.302379 0.080185 0.407433
2 2 0.016244 0.173470 0.453193 0.089386 0.267708
2 2 0.014844 0.143807 0.579975 0.088651 0.172723
2 2 0.015703 0.131923 0.623082 0.089847 0.139445
2 2 0.021711 0.185024 0.404046 0.104833 0.284385
4 2 0.020364 0.200864 0.283177 0.081723 0.413872
4 2 0.018307 0.193173 0.339264 0.086738 0.362518
4 2 0.040172 0.217553 0.189614 0.062904 0.489756
2 2 0.030843 0.196361 0.372036 0.099230 0.301530
2 2 0.016596 0.182713 0.402364 0.087957 0.310370
2 2 0.056917 0.183520 0.443894 0.117077 0.198592
0 1 0.250319 0.208455 0.198981 0.103879 0.238366
4 1 0.017521 0.192897 0.334825 0.085627 0.369131
2 2 0.023406 0.156852 0.536424 0.102912 0.180406
2 2 0.019007 0.146317 0.573711 0.096192 0.164774
2 2 0.039669 0.185818 0.427907 0.114726 0.231880
2 2 0.029752 0.151671 0.553693 0.111105 0.153780
2 2 0.017909 0.120071 0.660532 0.092617 0.108871
2 2 0.016545 0.115067 0.676471 0.089725 0.102191
2 2 0.015278 0.057160 0.827442 0.073959 0.026161
2 2 0.010783 0.037979 0.878985 0.058791 0.013463
2 2 0.012966 0.027657 0.895981 0.056415 0.006980
2 2 0.015975 0.071482 0.793060 0.079750 0.039733
2 2 0.012934 0.046834 0.855080 0.066280 0.018872
2 2 0.008597 0.019602 0.923150 0.044456 0.004197
2 2 0.011352 0.034325 0.885474 0.057910 0.010939
2 2 0.009659 0.027391 0.904095 0.051307 0.007548
2 2 0.013475 0.034051 0.881355 0.060930 0.010189
2 2 0.009407 0.019174 0.922104 0.045405 0.003910
2 2 0.019326 0.091079 0.739498 0.089848 0.060250
2 2 0.010078 0.031648 0.894106 0.054407 0.009762
2 2 0.009735 0.021961 0.915383 0.047941 0.004980
2 2 0.025712 0.155557 0.541356 0.106103 0.171272
2 2 0.011468 0.021372 0.912653 0.050022 0.004486
2 2 0.009295 0.020354 0.919850 0.046114 0.004387
2 2 0.010720 0.020180 0.916895 0.048085 0.004120
2 2 0.013065 0.032398 0.885742 0.059423 0.009372
2 2 0.013347 0.051654 0.843599 0.068885 0.022515
2 2 0.015240 0.047863 0.848062 0.070186 0.018649
2 2 0.014927 0.026734 0.893776 0.058306 0.006257
2 2 0.020485 0.064484 0.801269 0.083729 0.030033
2 2 0.010359 0.019601 0.918965 0.047129 0.003946
2 2 0.013510 0.024565 0.901376 0.055033 0.005516
2 2 0.017253 0.034452 0.872670 0.066008 0.009616
2 2 0.013066 0.040808 0.867846 0.063795 0.014484
2 2 0.025636 0.048853 0.826282 0.082802 0.016427
2 2 0.017534 0.038847 0.862791 0.068830 0.011999
2 2 0.012460 0.029294 0.893631 0.056738 0.007877
2 2 0.025911 0.042246 0.831385 0.088239 0.012219
2 2 0.022731 0.040865 0.848565 0.075684 0.012155
2 2 0.021530 0.106500 0.696059 0.096067 0.079845
2 2 0.024280 0.040325 0.846881 0.076906 0.011608
2 2 0.039289 0.075453 0.745740 0.106228 0.033290
2 2 0.027459 0.061259 0.780402 0.106690 0.024190
2 2 0.026500 0.054871 0.810262 0.088129 0.020238
2 2 0.021543 0.054387 0.821734 0.081034 0.021301
2 2 0.030637 0.042875 0.602160 0.313632 0.010696
2 2 0.022800 0.065756 0.791950 0.089479 0.030015
2 2 0.013536 0.024531 0.899135 0.057339 0.005459
2 2 0.030529 0.059723 0.774589 0.112964 0.022195
2 2 0.053925 0.102289 0.576914 0.213927 0.052945
2 1 0.097209 0.196981 0.354238 0.143115 0.208457
2 2 0.020074 0.115140 0.673442 0.095355 0.095988
2 2 0.016352 0.028882 0.886292 0.061452 0.007023
2 2 0.012085 0.022346 0.909201 0.051576 0.004792
2 2 0.016646 0.071968 0.790740 0.080916 0.039730
2 2 0.011019 0.022876 0.910455 0.050489 0.005160
2 2 0.019639 0.046004 0.843417 0.074998 0.015942
2 2 0.024289 0.039465 0.824938 0.100634 0.010675
2 2 0.019442 0.033437 0.870527 0.067847 0.008747
2 2 0.014046 0.025391 0.898479 0.056291 0.005794
2 2 0.030979 0.047121 0.755739 0.152788 0.013373
2 2 0.020999 0.035005 0.844891 0.090162 0.008943
2 2 0.037108 0.054268 0.710763 0.181332 0.016529
2 2 0.017173 0.030106 0.882044 0.063205 0.007473
2 2 0.032615 0.047827 0.701429 0.204923 0.013207
2 2 0.042585 0.056659 0.552618 0.331066 0.017071
3 2 0.036353 0.041346 0.254422 0.655966 0.011913
2 2 0.044754 0.060140 0.579299 0.296912 0.018896
3 2 0.044043 0.054709 0.423897 0.460748 0.016602
3 2 0.040757 0.051116 0.429767 0.463568 0.014792
3 2 0.031812 0.032545 0.133142 0.792531 0.009969
2 2 0.038065 0.051816 0.581072 0.314367 0.014680
3 2 0.034549 0.041429 0.325458 0.587417 0.011148
3 2 0.020146 0.020896 0.112431 0.841368 0.005160
3 2 0.044027 0.050588 0.292725 0.596730 0.015930
3 2 0.029168 0.028752 0.102757 0.830393 0.008931
3 2 0.025076 0.026555 0.142588 0.798783 0.006998
3 2 0.016592 0.015414 0.052927 0.910916 0.004151
3 2 0.043982 0.044904 0.155611 0.739528 0.015975
3 2 0.025092 0.023394 0.068352 0.875752 0.007410
3 3 0.028876 0.030367 0.147793 0.784371 0.008593
3 3 0.020352 0.020764 0.102821 0.850792 0.005272
3 3 0.029194 0.033934 0.256658 0.671608 0.008607
3 3 0.039264 0.040424 0.153957 0.752854 0.013501
3 3 0.041855 0.048663 0.303772 0.590919 0.014792
3 3 0.034693 0.036971 0.175040 0.742119 0.011177
3 3 0.028204 0.027874 0.102405 0.833014 0.008503
3 3 0.028831 0.031453 0.181186 0.750036 0.008494
3 3 0.050014 0.059093 0.353861 0.517417 0.019615
3 3 0.022726 0.023298 0.112361 0.835461 0.006154
3 3 0.024818 0.024005 0.084237 0.859780 0.007160
3 3 0.039129 0.039946 0.146580 0.760880 0.013465
3 3 0.039044 0.043243 0.228834 0.675636 0.013243
3 3 0.024728 0.024801 0.103753 0.839713 0.007004
3 3 0.030825 0.029618 0.091337 0.838444 0.009775
3 3 0.028471 0.028568 0.112321 0.822077 0.008563
3 3 0.025977 0.025164 0.087167 0.854059 0.007633
3 3 0.025548 0.025369 0.099682 0.842031 0.007370
3 3 0.034004 0.033209 0.105817 0.815800 0.011169
3 2 0.025660 0.025266 0.095174 0.846455 0.007444
2 2 0.097015 0.123799 0.564589 0.144421 0.070176
2 2 0.030507 0.080106 0.748878 0.100070 0.040439
2 2 0.018025 0.036373 0.867067 0.068032 0.010503
