0 0 0.864074 0.074727 0.029483 0.009885 0.021831
0 0 0.932463 0.033055 0.011719 0.002840 0.019923
0 0 0.894370 0.067472 0.019974 0.005136 0.013048
0 0 0.909918 0.048515 0.017542 0.004855 0.019170
0 0 0.910581 0.055353 0.017368 0.004636 0.012062
0 0 0.862827 0.065615 0.029177 0.010032 0.032349
0 0 0.852935 0.067855 0.031546 0.011258 0.036406
0 0 0.754471 0.169683 0.042183 0.009759 0.023903
0 0 0.850305 0.073547 0.028171 0.007921 0.040056
0 0 0.803419 0.121532 0.035812 0.008856 0.030382
0 0 0.711270 0.199335 0.049283 0.011351 0.028762
0 0 0.570560 0.348797 0.053782 0.008984 0.017877
0 0 0.798235 0.138618 0.032768 0.006768 0.023611
0 0 0.800188 0.122149 0.041071 0.012614 0.023978
0 0 0.689221 0.256343 0.038437 0.006569 0.009430
0 0 0.675159 0.201343 0.063386 0.018128 0.041985
0 0 0.500490 0.376717 0.057183 0.007368 0.058242
0 0 0.493199 0.359453 0.059684 0.007910 0.079754
1 0 0.269447 0.633592 0.060034 0.005833 0.031094
0 0 0.785182 0.113328 0.045892 0.015490 0.040108
0 0 0.718414 0.213565 0.040715 0.007542 0.019764
0 0 0.444359 0.392643 0.063241 0.008035 0.091723
1 0 0.361508 0.561809 0.050836 0.004893 0.020954
1 0 0.317253 0.596097 0.055648 0.005429 0.025573
1 0 0.423231 0.485419 0.057910 0.007123 0.026316
1 1 0.134484 0.733405 0.070016 0.006410 0.055686
1 1 0.061081 0.767769 0.074203 0.006432 0.090515
1 1 0.057796 0.645337 0.113480 0.017154 0.166233
1 1 0.044856 0.778777 0.071024 0.005692 0.099651
1 1 0.102333 0.650875 0.110276 0.016844 0.119672
1 2 0.064826 0.456971 0.166812 0.050962 0.260429
1 2 0.071290 0.674197 0.105168 0.014437 0.134907
1 2 0.052853 0.484922 0.186088 0.038524 0.237613
1 2 0.048777 0.615085 0.115554 0.018006 0.202578
1 2 0.113313 0.638046 0.113039 0.018159 0.117444
1 2 0.045742 0.781350 0.070218 0.005559 0.097130
1 2 0.035036 0.594889 0.120097 0.019926 0.230052
1 2 0.127407 0.606316 0.121778 0.022232 0.122266
1 2 0.092535 0.631890 0.117964 0.019578 0.138033
2 2 0.107471 0.279855 0.371756 0.099167 0.141751
2 2 0.147836 0.313150 0.323848 0.095194 0.119972
2 2 0.051535 0.132270 0.664396 0.083052 0.068747
1 2 0.117127 0.629859 0.115286 0.019149 0.118579
2 2 0.119140 0.314328 0.348761 0.095169 0.122603
2 2 0.013347 0.071821 0.695734 0.194244 0.024855
2 2 0.014349 0.063480 0.842209 0.050105 0.029858
2 2 0.019916 0.077440 0.802148 0.069563 0.030933
2 2 0.015955 0.077689 0.613336 0.265502 0.027518
2 2 0.013173 0.064723 0.821567 0.073564 0.026973
2 2 0.017444 0.076799 0.731757 0.142498 0.031502
2 2 0.010704 0.066542 0.683150 0.219861 0.019744
2 2 0.010493 0.064018 0.757928 0.146649 0.020911
2 3 0.011375 0.068006 0.552337 0.349455 0.018827
3 3 0.009876 0.054375 0.281659 0.640782 0.013307
3 3 0.007388 0.042558 0.193580 0.747268 0.009206
2 3 0.018651 0.079577 0.555227 0.317502 0.029044
3 3 0.012199 0.063607 0.357647 0.549157 0.017389
3 3 0.008574 0.045635 0.198855 0.736256 0.010680
3 3 0.005984 0.038522 0.186123 0.761911 0.007460
3 3 0.007027 0.041566 0.191806 0.750843 0.008758
3 3 0.008707 0.045964 0.199399 0.735084 0.010846
3 3 0.012614 0.066352 0.398185 0.504308 0.018541
3 3 0.007363 0.042491 0.193460 0.747511 0.009175
3 3 0.006586 0.040313 0.189511 0.755381 0.008209
3 3 0.005168 0.035928 0.180976 0.771483 0.006445
3 3 0.009516 0.048199 0.206093 0.724293 0.011899
3 3 0.004652 0.034166 0.177307 0.778072 0.005803
3 3 0.005401 0.036690 0.182519 0.768656 0.006735
3 3 0.005862 0.038148 0.185399 0.763283 0.007308
3 3 0.006145 0.039012 0.187063 0.760118 0.007661
3 3 0.010238 0.050520 0.216735 0.709594 0.012914
3 3 0.005826 0.038037 0.185182 0.763692 0.007264
3 3 0.005792 0.037933 0.184979 0.764073 0.007222
3 3 0.005158 0.035893 0.180905 0.771612 0.006432
3 3 0.004290 0.032864 0.174500 0.782995 0.005352
3 3 0.005281 0.036302 0.181736 0.770094 0.006586
3 3 0.006225 0.039251 0.187517 0.759248 0.007760
3 3 0.006084 0.038828 0.186710 0.760793 0.007585
3 3 0.004324 0.032990 0.174776 0.782515 0.005395
3 3 0.009251 0.047280 0.201541 0.730407 0.011521
3 3 0.004324 0.032991 0.174778 0.782511 0.005395
3 3 0.003198 0.028524 0.164492 0.799793 0.003992
3 3 0.005462 0.036887 0.182913 0.767928 0.006811
3 3 0.005626 0.037411 0.183954 0.765994 0.007015
3 3 0.004591 0.033952 0.176851 0.778878 0.005727
3 3 0.007702 0.043399 0.195055 0.744248 0.009597
3 3 0.006243 0.039306 0.187621 0.759047 0.007783
3 3 0.004272 0.032800 0.174361 0.783235 0.005331
3 3 0.003911 0.031435 0.171320 0.788454 0.004880
3 3 0.004106 0.032181 0.172994 0.785595 0.005124
3 3 0.003854 0.031215 0.170821 0.789300 0.004810
3 3 0.003755 0.030826 0.169932 0.790799 0.004687
3 3 0.007884 0.043877 0.195882 0.742534 0.009823
3 3 0.003899 0.031391 0.171221 0.788622 0.004866
3 3 0.006570 0.040266 0.189423 0.755553 0.008189
3 3 0.006773 0.040850 0.190502 0.753434 0.008442
3 3 0.006963 0.041387 0.191482 0.751490 0.008678
3 3 0.005054 0.035546 0.180193 0.772904 0.006303
3 3 0.005658 0.037513 0.184156 0.765618 0.007055
3 3 0.003380 0.029301 0.166363 0.796736 0.004220
3 3 0.004224 0.032622 0.173969 0.783915 0.005271
3 3 0.006225 0.039253 0.187521 0.759240 0.007761
3 3 0.004339 0.033046 0.174898 0.782303 0.005414
3 3 0.003413 0.029437 0.166686 0.796205 0.004260
3 3 0.003077 0.027998 0.163205 0.801878 0.003842
3 3 0.004949 0.035193 0.179464 0.774221 0.006173
3 3 0.003865 0.031258 0.170918 0.789135 0.004824
3 3 0.004079 0.032079 0.172767 0.785985 0.005090
3 3 0.003934 0.031527 0.171527 0.788102 0.004910
3 3 0.004188 0.032488 0.173673 0.784426 0.005226
3 3 0.003973 0.031673 0.171857 0.787539 0.004957
3 3 0.006338 0.039588 0.188155 0.758017 0.007901
3 3 0.004077 0.032070 0.172745 0.786022 0.005087
3 3 0.005685 0.037596 0.184319 0.765312 0.007088
3 3 0.006675 0.040568 0.189983 0.754455 0.008319
3 3 0.003361 0.029220 0.166170 0.797052 0.004196
3 3 0.005472 0.036919 0.182977 0.767809 0.006823
3 3 0.004041 0.031933 0.172441 0.786542 0.005042
3 3 0.003777 0.030912 0.170129 0.790468 0.004714
3 3 0.005073 0.035612 0.180328 0.772660 0.006327
3 3 0.007128 0.041846 0.192311 0.749831 0.008883
3 3 0.004153 0.032358 0.173387 0.784918 0.005183
3 3 0.002296 0.024281 0.153581 0.816974 0.002868
3 3 0.004360 0.033121 0.175060 0.782020 0.005439
3 3 0.003962 0.031632 0.171766 0.787696 0.004944
3 3 0.005735 0.037755 0.184631 0.764728 0.007151
3 3 0.025275 0.088302 0.387581 0.469474 0.029368
1 2 0.220135 0.481015 0.228325 0.018253 0.052272
2 2 0.033511 0.121726 0.653349 0.143416 0.047997
2 2 0.058475 0.157971 0.703949 0.032950 0.046655
2 2 0.060225 0.137747 0.736523 0.028350 0.037154
2 2 0.072909 0.286870 0.579341 0.016469 0.044411
2 2 0.039738 0.095822 0.813993 0.024622 0.025826
2 2 0.071471 0.316965 0.555407 0.013661 0.042497
2 2 0.075836 0.193238 0.681214 0.018292 0.031420
2 2 0.020724 0.090198 0.849531 0.014540 0.025008
2 2 0.074682 0.206996 0.649661 0.024584 0.044078
2 2 0.031328 0.083060 0.847655 0.017044 0.020913
2 2 0.058226 0.113836 0.772165 0.026385 0.029388
1 2 0.257158 0.578648 0.100831 0.012724 0.050639
2 2 0.015946 0.059220 0.886954 0.016469 0.021412
2 2 0.041868 0.109426 0.795283 0.023106 0.030317
2 2 0.036062 0.090104 0.823485 0.023110 0.027239
2 2 0.022512 0.079458 0.821051 0.048842 0.028137
2 1 0.005487 0.049096 0.803589 0.130209 0.011619
1 1 0.264212 0.575897 0.090480 0.014037 0.055375
2 2 0.022794 0.095347 0.819321 0.023942 0.038596
2 2 0.004788 0.037484 0.915332 0.029522 0.012874
2 2 0.005816 0.040811 0.907088 0.030926 0.015359
2 2 0.014231 0.066187 0.864160 0.023731 0.031691
2 2 0.015229 0.058369 0.880167 0.020246 0.025989
1 2 0.244478 0.467150 0.208844 0.022053 0.057475
2 2 0.043262 0.297216 0.456776 0.045693 0.157053
2 2 0.006101 0.038366 0.919237 0.019056 0.017241
2 2 0.029009 0.124363 0.780239 0.023430 0.042959
1 2 0.075606 0.603429 0.127589 0.023437 0.169939
2 2 0.009435 0.087725 0.838831 0.017981 0.046028
2 2 0.078248 0.201096 0.631285 0.033949 0.055422
2 2 0.052614 0.342080 0.443499 0.034578 0.127229
2 2 0.028877 0.329748 0.422665 0.036232 0.182478
2 2 0.045116 0.218266 0.654847 0.023129 0.058641
1 2 0.131097 0.617562 0.116980 0.020260 0.114101
1 2 0.047109 0.452055 0.256945 0.036018 0.207873
2 2 0.011492 0.052313 0.891715 0.022079 0.022401
1 2 0.079920 0.618617 0.122911 0.021382 0.157170
1 2 0.113314 0.524362 0.210701 0.028319 0.123304
1 2 0.204476 0.575159 0.113052 0.021093 0.086220
1 2 0.052589 0.650216 0.111242 0.016268 0.169684
1 2 0.089950 0.690802 0.097945 0.012527 0.108776
2 2 0.019447 0.080820 0.833027 0.026917 0.039789
1 2 0.187080 0.410655 0.305567 0.028707 0.067992
2 2 0.061429 0.352649 0.470695 0.025179 0.090047
2 2 0.009754 0.046267 0.911500 0.014360 0.018120
2 2 0.027994 0.105756 0.816046 0.019052 0.031153
2 2 0.072740 0.251022 0.605160 0.021791 0.049288
1 2 0.150602 0.652125 0.098836 0.014055 0.084381
2 2 0.025047 0.098304 0.805636 0.029137 0.041876
2 2 0.017591 0.062285 0.881414 0.016909 0.021801
2 2 0.017382 0.070574 0.865219 0.019174 0.027651
2 2 0.048983 0.131403 0.748510 0.029672 0.041433
2 2 0.073415 0.138344 0.701849 0.043009 0.043384
1 1 0.240523 0.674680 0.052843 0.004255 0.027699
0 0 0.581835 0.262680 0.087679 0.029641 0.038165
0 0 0.529099 0.355795 0.072379 0.015600 0.027126
1 1 0.193693 0.748381 0.037053 0.001913 0.018960
1 2 0.205360 0.675386 0.068804 0.006956 0.043494
1 2 0.230633 0.578590 0.147909 0.008387 0.034481
1 2 0.124874 0.539899 0.275913 0.010643 0.048672
1 2 0.146492 0.524481 0.269289 0.011906 0.047833
1 2 0.223248 0.579298 0.137012 0.011949 0.048494
1 2 0.155629 0.650529 0.127806 0.009653 0.056384
2 2 0.076745 0.296129 0.575813 0.013581 0.037732
2 2 0.129496 0.377376 0.441545 0.013747 0.037835
2 2 0.077014 0.427619 0.445847 0.009141 0.040379
1 2 0.272513 0.523943 0.158622 0.010610 0.034312
1 2 0.201399 0.557350 0.194088 0.009523 0.037640
1 2 0.185333 0.572972 0.192380 0.009347 0.039968
1 2 0.151347 0.625135 0.162730 0.009475 0.051312
2 2 0.112455 0.398398 0.440460 0.011525 0.037161
2 2 0.116644 0.412234 0.416710 0.012787 0.041625
2 2 0.081938 0.271135 0.578069 0.020783 0.048074
2 2 0.198364 0.343568 0.386403 0.025002 0.046664
1 0 0.300239 0.622556 0.050147 0.004242 0.022816
1 1 0.214069 0.714272 0.045083 0.002940 0.023637
1 1 0.209012 0.655688 0.093404 0.006264 0.035632
1 2 0.173390 0.580544 0.195409 0.009226 0.041430
1 2 0.278045 0.650256 0.046657 0.003518 0.021526
0 0 0.752861 0.140014 0.059756 0.026288 0.021081
0 0 0.729226 0.150283 0.072136 0.026797 0.021558
0 0 0.766205 0.126791 0.055929 0.023499 0.027575
1 0 0.451757 0.477854 0.048094 0.005259 0.017036
1 1 0.204226 0.733225 0.039873 0.002256 0.020421
1 1 0.170394 0.751740 0.046806 0.002949 0.028111
1 1 0.210010 0.686192 0.061490 0.005532 0.036776
1 1 0.125269 0.662105 0.135857 0.010118 0.066652
2 2 0.087602 0.328908 0.527421 0.014456 0.041613
2 2 0.027841 0.081754 0.850585 0.017400 0.022420
2 2 0.030698 0.082642 0.844299 0.019112 0.023250
2 2 0.008961 0.045413 0.911088 0.016632 0.017905
2 2 0.005239 0.037841 0.922517 0.022230 0.012174
2 2 0.049232 0.172175 0.736580 0.013943 0.028070
2 2 0.006454 0.041189 0.923443 0.017953 0.010962
2 2 0.014069 0.054887 0.901395 0.012644 0.017005
2 2 0.027796 0.084758 0.835810 0.022534 0.029102
2 2 0.047976 0.103188 0.801670 0.021894 0.025272
2 2 0.013989 0.063000 0.869277 0.034973 0.018760
2 2 0.010366 0.058990 0.851959 0.061013 0.017672
2 2 0.033419 0.085134 0.848795 0.014595 0.018057
2 2 0.026561 0.076557 0.858657 0.017029 0.021196
2 2 0.036662 0.098293 0.792640 0.043159 0.029246
2 2 0.008372 0.047827 0.904228 0.025045 0.014528
2 2 0.006678 0.052143 0.831024 0.097610 0.012546
2 2 0.024051 0.074060 0.862629 0.018525 0.020736
2 2 0.017050 0.081858 0.753154 0.130035 0.017902
2 2 0.014504 0.062590 0.876691 0.028372 0.017844
2 2 0.027090 0.090128 0.814609 0.047986 0.020186
2 2 0.017190 0.082175 0.507436 0.374458 0.018741
2 2 0.033761 0.108329 0.722990 0.111330 0.023590
2 2 0.084204 0.134455 0.730181 0.024589 0.026571
2 2 0.015452 0.066812 0.871916 0.030993 0.014828
2 2 0.019649 0.067163 0.875376 0.018020 0.019792
2 2 0.008974 0.056350 0.851472 0.067449 0.015755
2 2 0.045429 0.117734 0.723742 0.083737 0.029358
2 2 0.028541 0.102854 0.655377 0.187690 0.025537
2 2 0.006443 0.045590 0.887809 0.045356 0.014802
2 2 0.009669 0.058948 0.839344 0.075433 0.016606
2 2 0.023925 0.073757 0.849814 0.023762 0.028742
2 2 0.025776 0.095830 0.749971 0.106591 0.021832
2 2 0.061336 0.124691 0.698169 0.069109 0.046695
2 2 0.010280 0.054191 0.870532 0.042055 0.022941
2 2 0.025117 0.074975 0.855319 0.019970 0.024618
2 2 0.011822 0.053230 0.886078 0.024289 0.024581
2 2 0.004467 0.034772 0.928628 0.020691 0.011441
2 2 0.005538 0.040370 0.912940 0.028766 0.012387
2 2 0.003917 0.032103 0.933713 0.018899 0.011368
2 2 0.005363 0.044748 0.868618 0.068653 0.012618
2 2 0.008897 0.047100 0.906968 0.020433 0.016601
2 2 0.006125 0.043910 0.891712 0.042890 0.015363
2 2 0.006548 0.044103 0.901964 0.033062 0.014324
2 2 0.008281 0.048351 0.892245 0.033116 0.018007
2 2 0.006107 0.043988 0.899619 0.037611 0.012675
2 2 0.008888 0.049511 0.893666 0.030188 0.017747
2 2 0.003958 0.039735 0.877158 0.069695 0.009455
2 2 0.006986 0.047473 0.888871 0.042840 0.013830
2 2 0.018593 0.071304 0.859094 0.031786 0.019223
2 2 0.004867 0.041972 0.887312 0.054762 0.011087
2 2 0.009795 0.064911 0.657788 0.250431 0.017075
2 2 0.009591 0.062991 0.752625 0.157598 0.017195
2 2 0.010151 0.064711 0.712584 0.193287 0.019268
2 2 0.013356 0.071638 0.789047 0.108508 0.017451
2 2 0.008094 0.060107 0.662991 0.254053 0.014756
3 2 0.008202 0.055944 0.397995 0.525610 0.012249
3 2 0.008067 0.053540 0.348313 0.578479 0.011600
3 3 0.006467 0.039967 0.188866 0.756639 0.008061
3 3 0.011323 0.062496 0.373221 0.536574 0.016386
2 3 0.006173 0.050258 0.822985 0.107171 0.013412
3 3 0.005913 0.038308 0.185708 0.762698 0.007373
2 3 0.014850 0.077092 0.598751 0.287693 0.021614
2 3 0.012732 0.069497 0.480358 0.417511 0.019903
2 3 0.010253 0.065741 0.589567 0.316927 0.017511
2 3 0.009508 0.063887 0.593092 0.317196 0.016317
3 3 0.006499 0.040062 0.189043 0.756295 0.008101
3 3 0.005137 0.035826 0.180767 0.771862 0.006407
3 3 0.007574 0.043057 0.194458 0.745474 0.009437
3 3 0.004438 0.033406 0.175678 0.780941 0.005537
3 3 0.006565 0.041075 0.200449 0.743620 0.008291
3 3 0.007798 0.043651 0.195493 0.743342 0.009716
3 3 0.003876 0.031301 0.171017 0.788968 0.004838
3 3 0.007291 0.042295 0.193113 0.748214 0.009086
3 3 0.005075 0.035617 0.180339 0.772641 0.006329
3 3 0.006955 0.041364 0.191440 0.751573 0.008668
3 3 0.007407 0.042609 0.193669 0.747086 0.009229
3 3 0.004631 0.034091 0.177149 0.778353 0.005777
3 3 0.003045 0.027858 0.162860 0.802433 0.003803
3 3 0.004146 0.032329 0.173322 0.785030 0.005173
3 3 0.005553 0.037181 0.183498 0.766843 0.006925
3 3 0.004614 0.034032 0.177022 0.778576 0.005756
3 3 0.004928 0.035121 0.179313 0.774493 0.006146
3 3 0.006972 0.041411 0.191525 0.751403 0.008689
3 3 0.005841 0.038085 0.185276 0.763515 0.007283
3 3 0.004476 0.033541 0.175970 0.780430 0.005584
3 3 0.003588 0.030157 0.168382 0.793394 0.004479
3 3 0.005386 0.036644 0.182426 0.768827 0.006717
3 3 0.005469 0.036911 0.182960 0.767841 0.006820
3 3 0.006152 0.039033 0.187103 0.760042 0.007669
3 3 0.009929 0.052549 0.252204 0.672309 0.013009
3 3 0.007437 0.042691 0.193814 0.746791 0.009267
3 3 0.003599 0.030202 0.168487 0.793219 0.004493
4 2 0.099149 0.097285 0.060647 0.018777 0.724142
0 2 0.320063 0.243529 0.144249 0.066311 0.225848
1 2 0.046457 0.647599 0.110659 0.016013 0.179272
1 2 0.049472 0.620598 0.119034 0.019302 0.191593
1 1 0.309339 0.528058 0.093280 0.016420 0.052904
1 1 0.112898 0.752033 0.069134 0.006018 0.059918
1 1 0.098920 0.567915 0.196692 0.021422 0.115050
2 2 0.043445 0.192859 0.664516 0.030980 0.068200
1 2 0.031374 0.435837 0.142188 0.035759 0.354841
1 2 0.049692 0.542913 0.140099 0.030118 0.237178
2 2 0.030436 0.355969 0.413115 0.031354 0.169126
1 2 0.098198 0.438297 0.376717 0.018466 0.068322
1 1 0.202140 0.634068 0.089056 0.012118 0.062617
1 1 0.088670 0.509745 0.264332 0.023908 0.113346
1 1 0.136627 0.632048 0.111350 0.017639 0.102335
1 2 0.137720 0.472315 0.328638 0.013534 0.047793
1 2 0.187833 0.661821 0.082167 0.009898 0.058282
1 2 0.177331 0.576125 0.167608 0.015024 0.063911
1 2 0.162653 0.507039 0.270799 0.012887 0.046623
1 2 0.235423 0.638903 0.073236 0.008372 0.044065
1 1 0.210458 0.677737 0.065444 0.006311 0.040051
2 2 0.086110 0.313437 0.540323 0.016176 0.043954
2 2 0.031264 0.086005 0.818367 0.031470 0.032893
2 2 0.115654 0.308868 0.525839 0.015040 0.034599
1 2 0.224397 0.634434 0.080066 0.009961 0.051141
1 2 0.153248 0.675114 0.094284 0.010326 0.067028
2 2 0.013316 0.062656 0.884242 0.015685 0.024101
2 2 0.038299 0.107260 0.813692 0.016914 0.023835
2 2 0.029267 0.124288 0.798985 0.016311 0.031148
2 2 0.084129 0.210407 0.655717 0.017923 0.031824
2 2 0.033105 0.097232 0.833124 0.015163 0.021377
2 2 0.051211 0.139838 0.775112 0.012951 0.020889
2 2 0.096215 0.296029 0.539897 0.020333 0.047526
1 2 0.112706 0.499946 0.311364 0.014649 0.061335
2 2 0.009241 0.046073 0.906312 0.018138 0.020236
1 2 0.200664 0.531214 0.198802 0.015357 0.053963
1 2 0.093835 0.497880 0.329110 0.014148 0.065027
2 2 0.062353 0.241606 0.640919 0.015938 0.039185
2 2 0.068661 0.172241 0.705179 0.020842 0.033077
2 2 0.034386 0.120501 0.789028 0.021311 0.034774
2 2 0.007436 0.041945 0.915287 0.017908 0.017424
2 2 0.075617 0.229124 0.639172 0.018378 0.037709
1 2 0.088850 0.446218 0.375314 0.017899 0.071720
2 2 0.022655 0.070247 0.873714 0.014650 0.018734
2 2 0.043747 0.099094 0.805131 0.024159 0.027869
1 2 0.148379 0.511924 0.219136 0.025874 0.094687
2 2 0.020695 0.072704 0.855604 0.021986 0.029011
2 2 0.009314 0.049467 0.893964 0.027660 0.019596
1 2 0.196868 0.587400 0.145766 0.013216 0.056751
2 2 0.028263 0.109538 0.804524 0.021717 0.035958
2 2 0.004955 0.033943 0.931352 0.015096 0.014655
1 1 0.218952 0.704372 0.047906 0.003354 0.025416
1 1 0.209633 0.631467 0.106652 0.008599 0.043649
1 2 0.150000 0.586887 0.212033 0.008688 0.042391
0 0 0.473174 0.323470 0.144216 0.025211 0.033929
1 1 0.246710 0.633876 0.070640 0.007904 0.040870
2 1 0.051411 0.330202 0.518649 0.021081 0.078657
2 2 0.002921 0.031690 0.922003 0.035526 0.007860
2 2 0.014721 0.057515 0.878792 0.021476 0.027495
1 2 0.042417 0.464077 0.240925 0.033982 0.218600
1 4 0.046562 0.507158 0.122168 0.022519 0.301592
4 4 0.027835 0.060722 0.016150 0.001549 0.893745
4 4 0.037144 0.019584 0.006976 0.000701 0.935595
4 4 0.022931 0.076129 0.017569 0.001515 0.881856
4 4 0.028280 0.028134 0.008090 0.000692 0.934803
4 4 0.030426 0.062154 0.017492 0.001806 0.888122
4 4 0.066881 0.197757 0.050976 0.006591 0.677795
1 4 0.033214 0.486559 0.110442 0.018303 0.351481
4 4 0.035525 0.125828 0.037999 0.005236 0.795413
4 4 0.032828 0.184883 0.053373 0.007879 0.721036
4 4 0.046341 0.029060 0.011508 0.001455 0.911636
4 4 0.048192 0.132984 0.037374 0.004757 0.776693
4 4 0.163878 0.340006 0.103237 0.020828 0.372051
1 4 0.314114 0.474984 0.127205 0.023575 0.060123
1 4 0.039051 0.663415 0.104005 0.013695 0.179834
4 4 0.068442 0.049719 0.024440 0.004638 0.852761
1 4 0.084025 0.626060 0.120431 0.020402 0.149083
1 4 0.024821 0.664432 0.091806 0.010173 0.208768
1 4 0.022129 0.599702 0.100816 0.013185 0.264167
1 4 0.021574 0.528817 0.095698 0.012533 0.341379
1 4 0.057733 0.730482 0.086922 0.009106 0.115757
1 4 0.024917 0.676120 0.093533 0.010588 0.194842
1 4 0.023642 0.584833 0.113840 0.017735 0.259950
1 4 0.044168 0.600219 0.122942 0.021036 0.211635
2 4 0.040210 0.364806 0.413381 0.031896 0.149707
2 2 0.012913 0.058736 0.860899 0.034561 0.032891
1 2 0.127173 0.623129 0.126075 0.018276 0.105346
1 2 0.050123 0.478936 0.241929 0.032452 0.196560
1 2 0.125417 0.465521 0.294862 0.025731 0.088468
2 2 0.005839 0.039238 0.914784 0.024157 0.015983
1 2 0.126814 0.641619 0.110688 0.016804 0.104076
1 2 0.065684 0.481155 0.292671 0.026141 0.134348
2 2 0.012585 0.053686 0.890877 0.018330 0.024522
1 2 0.071973 0.683674 0.102042 0.013450 0.128861
2 2 0.024397 0.097618 0.812269 0.025529 0.040187
2 2 0.025197 0.082041 0.840849 0.022333 0.029579
2 2 0.015108 0.057627 0.889021 0.016571 0.021673
2 2 0.068780 0.270270 0.554227 0.031110 0.075613
2 2 0.017220 0.061358 0.885970 0.015397 0.020055
2 2 0.028910 0.102994 0.812278 0.022020 0.033798
2 2 0.025394 0.078654 0.840306 0.024749 0.030898
2 2 0.036280 0.241491 0.603126 0.028884 0.090219
2 2 0.007138 0.040904 0.923721 0.014532 0.013705
2 2 0.013614 0.054396 0.897266 0.014892 0.019832
2 2 0.017665 0.062040 0.886160 0.014814 0.019321
2 2 0.012062 0.053562 0.897789 0.018580 0.018007
1 2 0.177229 0.469217 0.285423 0.016861 0.051271
1 2 0.170696 0.523917 0.230268 0.016153 0.058966
2 2 0.005156 0.041125 0.901855 0.040136 0.011728
2 2 0.011656 0.053543 0.889500 0.023813 0.021488
2 2 0.010781 0.049870 0.904288 0.016905 0.018156
2 2 0.018364 0.062961 0.887692 0.013403 0.017580
2 2 0.011840 0.050124 0.909707 0.011936 0.016393
2 2 0.009805 0.046086 0.914364 0.012986 0.016758
2 2 0.033377 0.094840 0.823777 0.020749 0.027257
2 2 0.030530 0.082138 0.848042 0.017652 0.021639
2 2 0.007159 0.045001 0.904391 0.028647 0.014802
2 2 0.036628 0.094340 0.810096 0.030938 0.027998
2 2 0.029881 0.105768 0.824639 0.015134 0.024578
2 2 0.010903 0.052386 0.895711 0.022697 0.018303
2 2 0.009368 0.048919 0.904381 0.021421 0.015911
2 2 0.129677 0.362381 0.451789 0.015672 0.040481
1 2 0.124366 0.482840 0.325258 0.014033 0.053503
2 2 0.004976 0.038731 0.913211 0.030912 0.012169
2 2 0.056868 0.153494 0.738214 0.019949 0.031475
1 2 0.149220 0.511464 0.270434 0.014434 0.054448
0 0 0.553870 0.262777 0.103537 0.039462 0.040354
1 1 0.121903 0.739117 0.071749 0.006614 0.060618
2 1 0.066176 0.389439 0.445973 0.019905 0.078506
2 2 0.016234 0.061728 0.877976 0.021381 0.022681
2 2 0.012053 0.050791 0.906524 0.012972 0.017660
2 2 0.002853 0.029968 0.932369 0.026801 0.008010
2 2 0.006467 0.037714 0.930122 0.011924 0.013773
2 2 0.008663 0.042528 0.922491 0.010877 0.015440
2 2 0.015988 0.058675 0.894535 0.013229 0.017572
2 2 0.013142 0.056248 0.893342 0.019311 0.017957
2 2 0.008347 0.048939 0.898693 0.029517 0.014504
2 2 0.003573 0.034994 0.912310 0.039776 0.009347
2 2 0.004316 0.034237 0.932227 0.019119 0.010101
2 2 0.008624 0.045921 0.914601 0.016861 0.013994
2 2 0.007403 0.042731 0.918476 0.017401 0.013989
2 2 0.003621 0.032004 0.931820 0.022292 0.010263
2 2 0.018679 0.069125 0.866058 0.026107 0.020032
2 2 0.014164 0.056517 0.889418 0.018092 0.021809
2 2 0.007146 0.051028 0.864101 0.064539 0.013186
2 2 0.006406 0.053947 0.742804 0.184213 0.012630
2 2 0.036584 0.097250 0.801102 0.030231 0.034834
2 2 0.006778 0.040187 0.926690 0.014115 0.012230
2 2 0.012025 0.058630 0.881810 0.031517 0.016018
2 2 0.011191 0.052101 0.902785 0.018026 0.015897
2 2 0.004477 0.035539 0.926641 0.022610 0.010733
2 2 0.037433 0.094905 0.805951 0.031763 0.029948
2 2 0.005191 0.044439 0.873956 0.065426 0.010988
2 2 0.006007 0.044573 0.900778 0.038019 0.010622
2 2 0.010090 0.065122 0.567059 0.340784 0.016946
2 2 0.008829 0.052080 0.877993 0.043569 0.017528
2 2 0.007399 0.057640 0.707331 0.213576 0.014055
2 2 0.008190 0.059076 0.784596 0.134533 0.013605
2 2 0.008525 0.060611 0.538889 0.377878 0.014097
2 2 0.008399 0.051972 0.874731 0.048543 0.016356
2 2 0.007201 0.054180 0.802431 0.120999 0.015189
3 3 0.007812 0.048648 0.267324 0.665726 0.010490
2 3 0.005948 0.047290 0.857246 0.075823 0.013694
3 3 0.006732 0.053258 0.447951 0.481546 0.010513
3 3 0.008027 0.054984 0.385336 0.539770 0.011883
3 3 0.007730 0.047598 0.253580 0.680841 0.010250
3 3 0.010995 0.059220 0.322607 0.591888 0.015289
3 3 0.006747 0.040777 0.190367 0.753700 0.008410
3 3 0.007668 0.052037 0.338874 0.590456 0.010965
3 3 0.009589 0.058979 0.384286 0.533060 0.014086
2 3 0.010391 0.063555 0.457434 0.452540 0.016079
3 3 0.005364 0.036573 0.182282 0.769091 0.006690
2 3 0.007866 0.059499 0.652840 0.265566 0.014229
3 3 0.005866 0.038162 0.185426 0.763232 0.007314
3 3 0.005724 0.037720 0.184562 0.764856 0.007137
3 3 0.009534 0.061137 0.447564 0.467075 0.014690
3 3 0.007417 0.044368 0.216853 0.721874 0.009488
3 3 0.004707 0.034360 0.177719 0.777342 0.005872
2 3 0.008540 0.060944 0.699996 0.214457 0.016063
3 3 0.011462 0.051227 0.208922 0.713961 0.014428
3 3 0.007014 0.041530 0.191741 0.750972 0.008742
3 3 0.006420 0.039830 0.188610 0.757136 0.008003
3 3 0.007998 0.047877 0.247714 0.685883 0.010528
3 3 0.007841 0.043764 0.195688 0.742937 0.009769
3 3 0.008169 0.044614 0.197142 0.739897 0.010177
3 3 0.006825 0.040998 0.190772 0.752899 0.008506
3 3 0.005454 0.036864 0.182866 0.768014 0.006802
3 3 0.004833 0.034796 0.178635 0.775708 0.006028
3 3 0.010360 0.053788 0.256979 0.665260 0.013613
3 3 0.005035 0.035485 0.180068 0.773131 0.006280
3 3 0.007739 0.046700 0.239375 0.696070 0.010117
2 3 0.023356 0.087587 0.486133 0.374309 0.028615
3 3 0.008246 0.044809 0.197473 0.739199 0.010273
3 3 0.008711 0.056970 0.389409 0.532017 0.012894
3 3 0.010577 0.056111 0.285173 0.633881 0.014258
3 3 0.006316 0.039522 0.188031 0.758257 0.007873
3 3 0.005285 0.036314 0.181761 0.770049 0.006591
3 3 0.008417 0.048813 0.246792 0.684932 0.011046
3 3 0.007431 0.042673 0.193783 0.746854 0.009259
3 3 0.008831 0.046268 0.199900 0.734002 0.011000
3 3 0.005292 0.036337 0.181807 0.769965 0.006600
3 3 0.007743 0.043508 0.195245 0.743856 0.009648
3 3 0.009121 0.046970 0.201043 0.731505 0.011360
3 3 0.007613 0.043162 0.194643 0.745096 0.009486
3 3 0.004897 0.035015 0.179092 0.774889 0.006108
2 3 0.014269 0.073273 0.505311 0.384497 0.022651
3 3 0.008787 0.055187 0.343748 0.579735 0.012544
3 3 0.005926 0.038345 0.185781 0.762561 0.007388
3 3 0.006601 0.040355 0.189589 0.755227 0.008227
3 3 0.007499 0.042858 0.194109 0.746190 0.009344
3 3 0.007615 0.047717 0.260135 0.674364 0.010168
3 3 0.007669 0.044040 0.204300 0.734330 0.009660
3 3 0.014589 0.071745 0.434698 0.457023 0.021944
3 3 0.006825 0.043446 0.224900 0.715990 0.008839
3 3 0.028153 0.077424 0.269754 0.587529 0.037139
3 3 0.011084 0.062076 0.375520 0.535237 0.016083
3 3 0.012352 0.059547 0.282986 0.628602 0.016514
2 2 0.105288 0.158545 0.587465 0.081387 0.067313
2 2 0.018320 0.083668 0.788267 0.063350 0.046394
4 2 0.018162 0.415037 0.087356 0.012130 0.467315
4 4 0.055198 0.121264 0.049547 0.009743 0.764248
4 4 0.028770 0.172906 0.045471 0.005863 0.746990
4 4 0.024292 0.188157 0.043076 0.004827 0.739648
4 4 0.206763 0.074653 0.051343 0.016724 0.650517
1 4 0.020419 0.518767 0.124230 0.023330 0.313254
4 4 0.025801 0.298994 0.065316 0.008141 0.601748
1 1 0.282249 0.462766 0.157984 0.028097 0.068904
2 1 0.046996 0.213205 0.562235 0.055213 0.122351
1 4 0.076325 0.472099 0.165207 0.049065 0.237304
4 4 0.013154 0.372915 0.058025 0.005270 0.550637
4 4 0.030846 0.102821 0.028388 0.003305 0.834640
4 4 0.060347 0.225227 0.084348 0.018330 0.611747
1 4 0.052580 0.529795 0.144524 0.032896 0.240204
4 4 0.037830 0.201900 0.051903 0.006806 0.701561
4 4 0.046888 0.071554 0.026579 0.003981 0.850998
1 4 0.151088 0.493730 0.193426 0.036519 0.125237
1 1 0.123057 0.565904 0.136471 0.029525 0.145043
1 2 0.055523 0.606932 0.124293 0.021632 0.191620
1 2 0.023985 0.590285 0.112947 0.017329 0.255454
1 2 0.073309 0.561593 0.176361 0.025848 0.162889
1 2 0.064730 0.556007 0.162546 0.027935 0.188782
1 2 0.083090 0.443822 0.366918 0.020930 0.085240
2 2 0.115888 0.361782 0.419071 0.028975 0.074283
1 2 0.145120 0.714064 0.074739 0.007503 0.058574
2 2 0.023720 0.103518 0.826243 0.016669 0.029851
2 2 0.005870 0.037867 0.920361 0.019309 0.016594
2 2 0.012828 0.054037 0.874006 0.026026 0.033103
2 2 0.014252 0.057366 0.879357 0.022698 0.026328
2 2 0.014408 0.102056 0.798445 0.026431 0.058660
4 2 0.013961 0.416262 0.056056 0.004454 0.509267
4 2 0.043069 0.368926 0.118419 0.026310 0.443276
1 2 0.078821 0.674320 0.104804 0.014453 0.127601
4 4 0.015060 0.204309 0.035149 0.002877 0.742605
4 4 0.013601 0.217914 0.035186 0.002728 0.730571
1 4 0.077783 0.546562 0.147963 0.032609 0.195082
4 4 0.036100 0.367074 0.142883 0.037258 0.416686
4 4 0.008986 0.427011 0.059581 0.005077 0.499346
4 4 0.013454 0.375513 0.066028 0.007012 0.537993
4 4 0.040306 0.157408 0.043778 0.005823 0.752684
1 4 0.019026 0.516387 0.083789 0.009400 0.371399
4 4 0.013535 0.324223 0.054975 0.005240 0.602026
4 4 0.049228 0.048557 0.019137 0.002763 0.880315
1 1 0.137752 0.520873 0.149134 0.038331 0.153911
4 4 0.015662 0.300364 0.055364 0.005661 0.622950
1 4 0.144974 0.540537 0.141367 0.033487 0.139634
1 4 0.021628 0.579129 0.112969 0.017523 0.268750
1 4 0.025699 0.516351 0.131153 0.026486 0.300311
1 1 0.031874 0.375281 0.221593 0.041399 0.329853
1 2 0.042914 0.417442 0.288495 0.039056 0.212093
2 2 0.010990 0.049331 0.895321 0.019078 0.025280
2 2 0.025643 0.149675 0.688673 0.042226 0.093783
2 2 0.010249 0.080483 0.851945 0.017655 0.039668
2 2 0.010127 0.061207 0.874265 0.020141 0.034260
1 2 0.078867 0.637881 0.116776 0.018786 0.147690
2 2 0.026075 0.280584 0.549294 0.026120 0.117927
2 2 0.025204 0.099552 0.818817 0.021628 0.034798
1 2 0.067849 0.539644 0.216946 0.024799 0.150762
2 2 0.011657 0.050410 0.900903 0.015816 0.021214
2 2 0.024535 0.086496 0.828587 0.025216 0.035166
2 2 0.005944 0.037699 0.921164 0.018268 0.016924
2 2 0.029201 0.124992 0.788762 0.019843 0.037202
2 2 0.007942 0.041304 0.915254 0.014850 0.020651
2 2 0.009458 0.044998 0.912922 0.013699 0.018923
1 2 0.182161 0.623212 0.107671 0.014407 0.072548
2 2 0.015433 0.069637 0.867756 0.018650 0.028524
2 2 0.007597 0.040385 0.916248 0.014936 0.020833
2 2 0.012170 0.052223 0.898517 0.015751 0.021340
2 2 0.023993 0.086181 0.840842 0.019991 0.028993
2 1 0.152097 0.265884 0.507674 0.028986 0.045359
2 2 0.053014 0.257747 0.603537 0.022760 0.062942
2 2 0.010836 0.053768 0.894896 0.016312 0.024188
2 2 0.003760 0.029755 0.941643 0.013347 0.011496
2 2 0.002638 0.024966 0.952894 0.011053 0.008450
2 2 0.003262 0.027157 0.948287 0.010953 0.010341
2 2 0.005862 0.034995 0.929229 0.012215 0.017699
2 2 0.003158 0.026518 0.949913 0.010290 0.010120
2 2 0.004544 0.031338 0.938486 0.011605 0.014026
2 2 0.006159 0.038405 0.919250 0.018748 0.017437
2 2 0.006118 0.037344 0.922682 0.016156 0.017701
2 2 0.004364 0.034113 0.928171 0.020952 0.012400
2 2 0.005486 0.036594 0.923760 0.018495 0.015665
2 2 0.007033 0.038770 0.919142 0.014567 0.020487
2 2 0.003969 0.029834 0.941955 0.011949 0.012293
2 2 0.004969 0.033727 0.932067 0.014452 0.014785
2 2 0.017326 0.088126 0.838173 0.020252 0.036123
2 2 0.009651 0.054629 0.885766 0.019415 0.030539
2 2 0.008803 0.043799 0.907594 0.016838 0.022967
2 2 0.005181 0.034392 0.930394 0.014687 0.015346
2 2 0.005281 0.038365 0.915207 0.026827 0.014319
2 2 0.010606 0.047917 0.906175 0.014970 0.020331
2 2 0.007630 0.040411 0.917276 0.014461 0.020222
2 2 0.003693 0.030094 0.940216 0.014867 0.011130
2 2 0.003730 0.029499 0.942375 0.012936 0.011461
2 2 0.004351 0.039141 0.896541 0.049059 0.010909
2 2 0.007055 0.040685 0.914582 0.018655 0.019023
2 2 0.007695 0.040142 0.924129 0.011559 0.016475
2 2 0.004567 0.033551 0.931484 0.017066 0.013333
2 2 0.006876 0.040624 0.915488 0.019160 0.017853
2 2 0.004039 0.030100 0.941304 0.012076 0.012479
2 2 0.004759 0.034590 0.928425 0.018527 0.013699
2 2 0.004289 0.030515 0.940502 0.011375 0.013319
2 2 0.004081 0.030765 0.939353 0.013384 0.012416
2 2 0.004852 0.033313 0.933132 0.014212 0.014492
2 2 0.006972 0.041441 0.918003 0.018424 0.015160
2 2 0.002992 0.027329 0.946577 0.013888 0.009214
2 2 0.003882 0.033632 0.926226 0.025467 0.010793
2 2 0.004202 0.032956 0.931993 0.018682 0.012167
2 2 0.004857 0.039224 0.905657 0.037674 0.012588
2 2 0.002488 0.026165 0.947166 0.016640 0.007542
2 2 0.003182 0.031205 0.930478 0.026226 0.008910
2 2 0.003690 0.030766 0.937682 0.016947 0.010914
2 2 0.004237 0.031750 0.936595 0.014730 0.012688
2 2 0.005332 0.035805 0.926086 0.017388 0.015389
2 2 0.003974 0.031559 0.936195 0.016525 0.011747
2 2 0.007671 0.043225 0.905631 0.022609 0.020863
2 2 0.004539 0.034026 0.929558 0.018805 0.013072
2 2 0.004280 0.035023 0.923202 0.025672 0.011823
2 2 0.003471 0.036622 0.893934 0.057366 0.008606
2 2 0.002922 0.028370 0.941770 0.018277 0.008661
2 2 0.017752 0.069608 0.847281 0.039824 0.025535
2 2 0.027798 0.151805 0.760696 0.017670 0.042031
2 2 0.008028 0.045679 0.901276 0.026049 0.018967
2 2 0.004167 0.036127 0.915520 0.033079 0.011107
2 2 0.007482 0.047488 0.896657 0.034263 0.014111
2 2 0.009876 0.047554 0.905174 0.017620 0.019776
2 2 0.006203 0.047051 0.868926 0.063639 0.014180
2 2 0.006575 0.041530 0.915605 0.021870 0.014421
2 2 0.002951 0.030194 0.932709 0.025829 0.008316
2 2 0.014543 0.060209 0.875131 0.026738 0.023379
2 2 0.009967 0.048051 0.906113 0.017385 0.018484
2 2 0.005613 0.047522 0.841436 0.092875 0.012554
2 2 0.022451 0.071134 0.858057 0.021632 0.026726
2 2 0.005782 0.038923 0.920291 0.021184 0.013819
2 2 0.005982 0.041302 0.914657 0.025720 0.012338
2 2 0.007658 0.050346 0.868084 0.056626 0.017285
2 2 0.006839 0.047556 0.877675 0.052189 0.015742
2 2 0.012832 0.057199 0.894100 0.020624 0.015245
2 2 0.009627 0.052263 0.891440 0.030656 0.016013
2 2 0.003192 0.036373 0.884051 0.068647 0.007736
2 2 0.005440 0.036769 0.922953 0.019405 0.015434
2 2 0.003909 0.034317 0.922805 0.028270 0.010700
2 2 0.003248 0.031797 0.928012 0.027943 0.009000
2 2 0.006998 0.042729 0.908477 0.024564 0.017233
2 2 0.008526 0.044443 0.908692 0.018437 0.019902
2 2 0.003580 0.032990 0.925980 0.027563 0.009886
2 2 0.006323 0.042795 0.904546 0.031391 0.014945
2 2 0.004716 0.036440 0.920087 0.025813 0.012944
2 2 0.015668 0.087665 0.798201 0.052143 0.046322
2 2 0.003906 0.030397 0.940017 0.013822 0.011859
2 2 0.003484 0.034638 0.912992 0.039759 0.009127
2 2 0.002771 0.026178 0.949443 0.012951 0.008656
2 2 0.007201 0.055901 0.759181 0.163305 0.014412
2 2 0.004670 0.037762 0.912376 0.032810 0.012382
2 2 0.004099 0.037357 0.905582 0.042422 0.010540
2 2 0.007889 0.048763 0.879646 0.044307 0.019395
2 2 0.003385 0.031728 0.930412 0.024962 0.009513
2 2 0.007251 0.054433 0.800028 0.123042 0.015246
2 2 0.008294 0.045190 0.899777 0.024557 0.022182
2 2 0.012740 0.053365 0.886392 0.020653 0.026850
2 2 0.016014 0.059988 0.875748 0.021229 0.027021
2 2 0.003031 0.028850 0.940674 0.018494 0.008950
2 2 0.008254 0.047136 0.891293 0.032085 0.021232
2 2 0.028428 0.124703 0.635837 0.142073 0.068959
2 2 0.008203 0.041711 0.919065 0.012901 0.018119
1 1 0.183970 0.441802 0.249576 0.034450 0.090202
2 2 0.033680 0.282003 0.574892 0.022010 0.087415
2 2 0.009705 0.074514 0.871508 0.013743 0.030530
2 1 0.223450 0.312117 0.343003 0.048836 0.072594
1 1 0.112778 0.653059 0.116664 0.015153 0.102345
1 1 0.112939 0.473896 0.275222 0.029325 0.108618
1 1 0.151525 0.628316 0.118080 0.015837 0.086242
1 1 0.237812 0.478397 0.212405 0.019007 0.052380
1 1 0.262472 0.620384 0.070074 0.007990 0.039080
1 1 0.142826 0.756991 0.056249 0.004105 0.039829
1 1 0.186018 0.679248 0.089784 0.006098 0.038853
1 1 0.137425 0.761606 0.056255 0.004069 0.040645
0 0 0.533697 0.267931 0.107488 0.043814 0.047070
1 1 0.065612 0.776738 0.070509 0.005799 0.081342
1 1 0.273496 0.333782 0.111155 0.026738 0.254828
1 1 0.020799 0.695857 0.085635 0.008569 0.189141
1 1 0.030319 0.571975 0.122598 0.021307 0.253801
2 1 0.020471 0.358876 0.361389 0.032369 0.226895
2 2 0.031135 0.265544 0.517496 0.039555 0.146269
2 2 0.026058 0.224349 0.614466 0.030128 0.104999
2 2 0.009553 0.051987 0.876387 0.038058 0.024015
4 2 0.043271 0.308856 0.112751 0.027176 0.507947
4 4 0.020914 0.429591 0.070624 0.007253 0.471618
1 4 0.020607 0.606406 0.105835 0.014720 0.252432
1 1 0.031569 0.654927 0.100837 0.012733 0.199934
1 1 0.052950 0.563137 0.135794 0.027497 0.220622
1 2 0.143422 0.482367 0.184340 0.043014 0.146857
1 2 0.036175 0.653868 0.105452 0.014180 0.190325
1 1 0.274885 0.608199 0.070357 0.008242 0.038317
1 1 0.227398 0.695836 0.048201 0.003445 0.025119
1 1 0.154284 0.749428 0.055104 0.004010 0.037174
1 1 0.187270 0.728935 0.050513 0.003544 0.029738
1 1 0.150040 0.729704 0.065997 0.005803 0.048457
1 1 0.169182 0.724001 0.060976 0.005074 0.040767
1 2 0.217033 0.649322 0.076192 0.008830 0.048623
1 2 0.044837 0.684900 0.099607 0.012350 0.158306
1 2 0.106759 0.677031 0.100090 0.013502 0.102618
1 2 0.075445 0.498226 0.158074 0.042704 0.225552
1 1 0.272732 0.523584 0.111851 0.022098 0.069735
1 1 0.141198 0.727677 0.070165 0.006511 0.054449
1 1 0.231377 0.645067 0.072047 0.008026 0.043483
1 2 0.134971 0.727363 0.072469 0.006905 0.058293
1 2 0.120879 0.753701 0.065852 0.005501 0.054068
1 2 0.143406 0.742548 0.062691 0.005151 0.046205
1 2 0.069512 0.688051 0.100676 0.012989 0.128772
1 2 0.353903 0.445954 0.123459 0.023527 0.053157
1 2 0.119608 0.741953 0.071278 0.006496 0.060664
1 2 0.029192 0.576201 0.120736 0.020480 0.253391
1 2 0.052181 0.759441 0.077437 0.006968 0.103973
1 2 0.035506 0.694865 0.094129 0.010726 0.164775
1 2 0.094166 0.644551 0.113526 0.017863 0.129895
2 2 0.032608 0.125974 0.778070 0.023119 0.040229
1 2 0.095150 0.747221 0.075951 0.007154 0.074525
1 2 0.235517 0.537266 0.117907 0.024735 0.084575
2 2 0.057967 0.378555 0.423528 0.028035 0.111915
1 2 0.084528 0.549805 0.211676 0.023599 0.130393
1 2 0.148430 0.650230 0.100221 0.014460 0.086659
2 2 0.044146 0.288366 0.508169 0.036876 0.122442
1 2 0.056892 0.740263 0.083719 0.008354 0.110772
1 2 0.054061 0.732845 0.086101 0.008868 0.118125
1 2 0.068445 0.736740 0.084325 0.008635 0.101854
1 2 0.305384 0.485743 0.113436 0.025913 0.069524
1 4 0.201796 0.713247 0.051663 0.003803 0.029491
1 4 0.022029 0.664285 0.092047 0.010249 0.211391
1 4 0.013833 0.488981 0.097497 0.013927 0.385762
4 4 0.019946 0.248453 0.046236 0.004427 0.680939
4 4 0.055766 0.070114 0.025769 0.003774 0.844577
4 4 0.079376 0.072828 0.034137 0.006794 0.806865
1 4 0.126177 0.551428 0.117944 0.020725 0.183726
1 4 0.055048 0.643311 0.108663 0.015418 0.177559
4 4 0.050853 0.046469 0.018781 0.002761 0.881135
4 4 0.033183 0.054445 0.016381 0.001766 0.894225
4 4 0.116291 0.088015 0.036331 0.006511 0.752852
4 4 0.046215 0.031219 0.012258 0.001564 0.908745
0 1 0.586545 0.157335 0.092550 0.042421 0.121148
4 4 0.032666 0.058216 0.017248 0.001860 0.890011
4 4 0.048396 0.007811 0.003656 0.000401 0.939736
4 4 0.193923 0.180384 0.053928 0.008207 0.563558
4 4 0.037208 0.018125 0.006516 0.000648 0.937502
4 4 0.057176 0.008794 0.004535 0.000576 0.928919
4 4 0.047417 0.110209 0.031115 0.003763 0.807495
4 4 0.056988 0.007894 0.004111 0.000513 0.930493
4 4 0.283334 0.154484 0.084353 0.026822 0.451007
1 4 0.320806 0.409274 0.095435 0.017309 0.157176
4 4 0.201465 0.272780 0.090294 0.018518 0.416944
1 1 0.229499 0.480529 0.141450 0.039067 0.109455
1 1 0.031429 0.660659 0.071526 0.005688 0.230698
4 4 0.040365 0.310201 0.053964 0.005076 0.590393
1 4 0.057572 0.525246 0.095899 0.012530 0.308753
4 4 0.089873 0.303510 0.066418 0.008199 0.532000
1 4 0.026270 0.524624 0.074215 0.007000 0.367891
4 4 0.063599 0.134667 0.035414 0.004146 0.762173
1 1 0.239170 0.582195 0.095899 0.015175 0.067561
4 4 0.023688 0.248548 0.042136 0.003575 0.682053
4 4 0.070223 0.396070 0.073077 0.008196 0.452434
4 4 0.022738 0.304074 0.046721 0.003783 0.622685
4 4 0.044101 0.303517 0.057440 0.005943 0.588999
4 4 0.060959 0.175901 0.047206 0.006178 0.709756
1 4 0.097331 0.604526 0.097253 0.012372 0.188517
4 4 0.051306 0.017106 0.007642 0.000971 0.922975
4 4 0.030064 0.040798 0.011788 0.001120 0.916230
4 4 0.058953 0.016361 0.008052 0.001136 0.915498
1 4 0.209681 0.521855 0.132128 0.031369 0.104967
4 4 0.037477 0.021723 0.007701 0.000790 0.932309
4 4 0.060880 0.010380 0.005480 0.000747 0.922513
4 4 0.100188 0.025985 0.017540 0.004101 0.852186
1 4 0.244684 0.373773 0.130002 0.035379 0.216162
4 4 0.045472 0.007149 0.003245 0.000335 0.943799
4 4 0.047785 0.009725 0.004405 0.000491 0.937594
4 4 0.066341 0.011176 0.006199 0.000914 0.915370
4 4 0.055774 0.010293 0.005132 0.000651 0.928150
4 4 0.042324 0.023961 0.009108 0.001042 0.923564
4 4 0.058948 0.028150 0.013123 0.002001 0.897778
4 4 0.049614 0.009986 0.004624 0.000533 0.935243
0 4 0.285060 0.275413 0.140053 0.054317 0.245156
1 4 0.098835 0.649664 0.111196 0.017099 0.123206
4 4 0.025455 0.033142 0.008762 0.000709 0.931932
4 4 0.050846 0.015482 0.006947 0.000864 0.925860
4 4 0.081341 0.021103 0.012576 0.002389 0.882591
4 4 0.075213 0.029153 0.013031 0.001896 0.880707
0 4 0.567918 0.121259 0.059362 0.017533 0.233928
4 4 0.032682 0.011459 0.003978 0.000337 0.951544
4 4 0.057792 0.009601 0.004939 0.000639 0.927028
1 1 0.261332 0.446543 0.155713 0.040620 0.095792
