0 0 0.732651 0.093959 0.030625 0.037916 0.104850
2 0 0.183933 0.210219 0.266757 0.107338 0.231752
0 0 0.663934 0.118881 0.098545 0.028253 0.090386
0 0 0.742566 0.094937 0.077880 0.019462 0.065155
0 0 0.712451 0.098051 0.029535 0.043308 0.116656
0 0 0.576880 0.130542 0.039835 0.071850 0.180893
0 0 0.790947 0.077724 0.026339 0.026959 0.078031
0 0 0.645821 0.111820 0.029868 0.059963 0.152528
4 0 0.178479 0.217563 0.229856 0.104925 0.269177
0 0 0.595065 0.130958 0.047765 0.062447 0.163765
4 0 0.256434 0.207741 0.148525 0.110432 0.276867
4 0 0.152806 0.218456 0.237363 0.111095 0.280280
4 0 0.196618 0.215978 0.193254 0.112116 0.282034
4 0 0.152806 0.218456 0.237363 0.111095 0.280280
4 0 0.152806 0.218456 0.237363 0.111095 0.280280
4 0 0.131431 0.207613 0.268104 0.123303 0.269549
2 1 0.139099 0.210139 0.281392 0.110989 0.258381
2 1 0.145490 0.213879 0.265900 0.109516 0.265214
2 1 0.132137 0.198354 0.369387 0.089827 0.210295
4 1 0.152806 0.218456 0.237363 0.111095 0.280280
4 1 0.134238 0.209176 0.263823 0.121625 0.271138
2 1 0.102891 0.187970 0.329982 0.136730 0.242427
2 2 0.095325 0.183014 0.331259 0.147214 0.243188
2 2 0.064006 0.150727 0.428904 0.159750 0.196612
2 2 0.018411 0.060586 0.801195 0.071884 0.047924
2 2 0.011360 0.043124 0.855248 0.060052 0.030215
2 2 0.006175 0.023787 0.932270 0.025510 0.012257
2 2 0.001394 0.005733 0.972073 0.018105 0.002694
2 2 0.019908 0.054871 0.846690 0.040765 0.037765
4 1 0.152806 0.218456 0.237363 0.111095 0.280280
2 0 0.173106 0.214693 0.290774 0.087015 0.234412
2 1 0.096711 0.182800 0.346374 0.139175 0.234939
4 1 0.152806 0.218456 0.237363 0.111095 0.280280
4 1 0.152806 0.218456 0.237363 0.111095 0.280280
2 2 0.076452 0.157916 0.461153 0.122684 0.181795
2 2 0.100735 0.171704 0.466234 0.088662 0.172664
2 2 0.072908 0.137001 0.595260 0.072491 0.122340
2 2 0.011091 0.043183 0.852982 0.063328 0.029415
2 2 0.002300 0.009221 0.970071 0.014625 0.003783
2 2 0.027685 0.062737 0.837304 0.031712 0.040561
2 1 0.115560 0.162981 0.544304 0.050013 0.127142
2 1 0.087176 0.160215 0.497446 0.092863 0.162299
2 1 0.013741 0.041987 0.883065 0.034607 0.026600
2 2 0.004943 0.020376 0.937679 0.026582 0.010420
2 2 0.014589 0.055038 0.792258 0.094694 0.043420
2 2 0.036984 0.080012 0.784811 0.041425 0.056769
2 2 0.002451 0.010276 0.963573 0.019109 0.004591
2 2 0.000888 0.004019 0.970834 0.022460 0.001799
2 2 0.001608 0.006617 0.973101 0.015687 0.002988
2 2 0.001676 0.006456 0.976297 0.012900 0.002670
2 2 0.001067 0.004290 0.971734 0.020894 0.002015
2 2 0.001291 0.005636 0.966705 0.023844 0.002524
2 2 0.001043 0.004846 0.961690 0.030020 0.002401
2 2 0.004640 0.017881 0.949503 0.019705 0.008271
2 2 0.001399 0.006365 0.965264 0.024007 0.002965
2 2 0.001196 0.005491 0.967969 0.022835 0.002510
2 2 0.001501 0.006148 0.969471 0.020023 0.002856
2 2 0.000951 0.003899 0.961443 0.031839 0.001869
2 2 0.001679 0.007296 0.933377 0.053633 0.004015
2 2 0.001235 0.005032 0.966192 0.025141 0.002400
2 2 0.001034 0.004580 0.938453 0.053309 0.002624
2 2 0.001096 0.005005 0.921496 0.069424 0.002979
2 2 0.002132 0.009438 0.940521 0.042792 0.005116
2 2 0.001168 0.005807 0.868402 0.120805 0.003818
2 2 0.000771 0.003874 0.884824 0.107934 0.002596
2 3 0.002083 0.010096 0.756944 0.222752 0.008125
2 3 0.000853 0.004435 0.732368 0.258769 0.003575
3 3 0.000693 0.003185 0.487488 0.505223 0.003411
2 3 0.000884 0.004095 0.779450 0.212379 0.003191
2 3 0.001020 0.004836 0.830961 0.159813 0.003370
2 3 0.000663 0.003283 0.713716 0.279632 0.002706
3 3 0.000234 0.001161 0.192844 0.804062 0.001699
3 3 0.000776 0.003808 0.490821 0.500456 0.004139
2 3 0.001300 0.006009 0.818079 0.169971 0.004641
2 3 0.000679 0.003266 0.574174 0.418698 0.003183
2 3 0.000663 0.003370 0.646841 0.346126 0.003000
3 3 0.000062 0.000236 0.033761 0.965437 0.000505
3 3 0.000299 0.001449 0.202619 0.793515 0.002118
3 3 0.000167 0.000725 0.069241 0.928488 0.001378
3 3 0.000327 0.001577 0.183994 0.811615 0.002487
3 3 0.000273 0.001503 0.227290 0.768741 0.002192
3 3 0.000186 0.000928 0.127789 0.869643 0.001454
3 3 0.000278 0.001155 0.087191 0.909136 0.002240
3 3 0.000139 0.000583 0.059407 0.938710 0.001162
3 3 0.000059 0.000246 0.037515 0.961658 0.000522
3 3 0.000285 0.001334 0.113272 0.882766 0.002342
3 3 0.000178 0.000807 0.073890 0.923585 0.001541
3 3 0.000061 0.000230 0.033719 0.965488 0.000502
3 3 0.000217 0.001071 0.101787 0.895018 0.001907
3 3 0.000398 0.001799 0.204338 0.790746 0.002719
3 3 0.000197 0.000885 0.076013 0.921237 0.001668
3 3 0.000162 0.000760 0.091247 0.906491 0.001339
3 3 0.000167 0.000671 0.063132 0.934679 0.001350
3 3 0.000392 0.001264 0.073158 0.922710 0.002475
3 3 0.000417 0.001314 0.071117 0.924631 0.002521
3 3 0.000651 0.002934 0.161713 0.830027 0.004674
3 3 0.000139 0.000418 0.038863 0.959681 0.000900
3 3 0.002794 0.013754 0.434915 0.531287 0.017250
3 3 0.001060 0.005237 0.299555 0.686872 0.007276
2 2 0.062585 0.140527 0.520438 0.119513 0.156938
2 2 0.008687 0.035753 0.814322 0.115008 0.026231
2 2 0.012519 0.051142 0.731938 0.157066 0.047334
2 2 0.021885 0.066498 0.790375 0.068824 0.052419
2 2 0.009237 0.037359 0.873698 0.055633 0.024074
2 2 0.048101 0.111043 0.654232 0.082707 0.103917
2 2 0.054069 0.120480 0.622203 0.087496 0.115751
2 2 0.053426 0.129949 0.542865 0.126105 0.147655
2 2 0.035170 0.087258 0.737404 0.065801 0.074366
2 2 0.019522 0.054054 0.847271 0.040363 0.038790
2 2 0.074031 0.158898 0.433665 0.138670 0.194735
2 2 0.042789 0.104918 0.665106 0.086957 0.100230
2 2 0.066487 0.138859 0.557258 0.096739 0.140657
2 1 0.141173 0.167746 0.541321 0.035297 0.114464
2 1 0.098638 0.178013 0.408622 0.112443 0.202284
2 2 0.035762 0.090170 0.722124 0.072176 0.079768
2 2 0.007904 0.028526 0.918239 0.028712 0.016618
2 2 0.006105 0.024658 0.901094 0.052913 0.015230
2 2 0.001062 0.005685 0.970229 0.020485 0.002538
2 2 0.002130 0.009057 0.974072 0.010952 0.003789
2 2 0.002004 0.008915 0.958906 0.025705 0.004469
2 2 0.004917 0.018092 0.952797 0.015465 0.008730
2 2 0.001445 0.006304 0.969605 0.019676 0.002969
2 2 0.004470 0.014164 0.967698 0.007726 0.005942
2 2 0.005044 0.021566 0.865558 0.092116 0.015715
2 2 0.001975 0.007969 0.969592 0.016930 0.003535
2 2 0.004129 0.016487 0.951840 0.019554 0.007990
2 2 0.001766 0.007944 0.964920 0.021740 0.003629
2 2 0.003884 0.013830 0.966542 0.009744 0.006001
2 2 0.001104 0.004774 0.977916 0.014096 0.002110
2 2 0.008672 0.026784 0.931236 0.018338 0.014971
2 2 0.002931 0.010906 0.970735 0.010628 0.004800
2 2 0.001490 0.006293 0.975879 0.013627 0.002711
2 2 0.001859 0.008275 0.962989 0.022850 0.004026
2 2 0.001776 0.007145 0.961523 0.025922 0.003633
2 2 0.002720 0.010685 0.965752 0.015861 0.004982
2 2 0.002278 0.009110 0.964117 0.020099 0.004395
2 2 0.003335 0.014665 0.950677 0.023757 0.007566
2 2 0.001306 0.006314 0.920103 0.068482 0.003796
2 2 0.001696 0.007995 0.963008 0.023443 0.003858
2 2 0.001549 0.006357 0.972350 0.016789 0.002955
2 2 0.000893 0.004660 0.913906 0.077552 0.002989
2 2 0.000809 0.004437 0.759363 0.231804 0.003586
2 2 0.001287 0.005729 0.957362 0.032637 0.002985
2 2 0.000778 0.003921 0.881456 0.111161 0.002684
2 2 0.001504 0.007268 0.902178 0.084303 0.004748
2 2 0.001015 0.005220 0.795844 0.193858 0.004063
2 2 0.001125 0.006105 0.829503 0.158666 0.004601
2 2 0.000957 0.004485 0.893679 0.098030 0.002849
2 2 0.001771 0.007325 0.955071 0.032026 0.003807
2 2 0.001320 0.005562 0.965789 0.024615 0.002714
2 3 0.001186 0.006026 0.510901 0.475162 0.006725
2 3 0.000880 0.004192 0.909267 0.083014 0.002647
2 3 0.000888 0.004206 0.848620 0.143243 0.003044
2 3 0.000983 0.004985 0.696864 0.292825 0.004343
2 3 0.003487 0.015083 0.734038 0.234493 0.012899
2 3 0.001828 0.008968 0.666635 0.314566 0.008002
3 3 0.000640 0.002437 0.117051 0.875426 0.004446
2 3 0.001650 0.007679 0.636068 0.347438 0.007165
3 3 0.000792 0.003448 0.143249 0.846779 0.005733
3 3 0.001007 0.003851 0.143819 0.844669 0.006655
3 3 0.000851 0.003631 0.231538 0.758602 0.005379
3 3 0.000592 0.002901 0.220827 0.771353 0.004327
3 3 0.000742 0.003259 0.151476 0.838801 0.005721
3 3 0.000673 0.002883 0.133325 0.858147 0.004971
3 3 0.000300 0.001136 0.074670 0.921763 0.002131
3 3 0.000490 0.002427 0.202132 0.791365 0.003586
3 3 0.001524 0.006008 0.183933 0.798524 0.010012
3 3 0.001755 0.007360 0.203113 0.776151 0.011621
3 3 0.001012 0.004513 0.168981 0.818104 0.007390
3 3 0.000471 0.001686 0.088795 0.905937 0.003111
3 3 0.000340 0.001467 0.095341 0.900184 0.002668
3 3 0.001225 0.004968 0.166356 0.819232 0.008218
3 3 0.000628 0.002236 0.103819 0.889238 0.004079
3 3 0.000931 0.003599 0.139916 0.849315 0.006238
3 3 0.001056 0.004572 0.171034 0.815691 0.007647
3 3 0.001094 0.003700 0.127706 0.861007 0.006493
3 3 0.002601 0.006305 0.137164 0.842429 0.011502
3 3 0.005067 0.015418 0.239173 0.715600 0.024741
3 3 0.004009 0.011309 0.200577 0.765011 0.019094
3 3 0.001550 0.006339 0.185699 0.796244 0.010168
3 3 0.003697 0.008818 0.158866 0.812982 0.015636
3 3 0.003174 0.008555 0.163518 0.810253 0.014501
3 3 0.001215 0.003779 0.119253 0.869123 0.006630
3 3 0.001613 0.004839 0.134021 0.851054 0.008472
3 3 0.004028 0.009949 0.160447 0.809018 0.016557
3 3 0.001508 0.004462 0.125777 0.860437 0.007815
3 3 0.001906 0.005455 0.136534 0.846619 0.009486
3 3 0.003019 0.007084 0.138637 0.838586 0.012674
3 3 0.003003 0.010069 0.203709 0.767064 0.016154
3 3 0.000728 0.002670 0.119322 0.872415 0.004866
3 3 0.001469 0.004831 0.145150 0.840129 0.008421
3 3 0.007005 0.021910 0.287386 0.649461 0.034238
3 3 0.004650 0.013205 0.211470 0.749044 0.021631
3 3 0.001159 0.003441 0.110607 0.878646 0.006147
3 3 0.004271 0.012861 0.211688 0.750640 0.020540
3 3 0.002307 0.006737 0.152716 0.826809 0.011431
3 3 0.002109 0.005214 0.119517 0.863881 0.009278
3 3 0.002514 0.008801 0.195976 0.778577 0.014132
3 3 0.000465 0.001537 0.083363 0.911662 0.002973
3 3 0.001676 0.005727 0.162053 0.820761 0.009782
3 3 0.000954 0.003301 0.126824 0.862967 0.005954
3 3 0.001558 0.005740 0.167756 0.815382 0.009563
3 3 0.005159 0.021189 0.424810 0.519560 0.029282
2 2 0.013052 0.049698 0.747910 0.147116 0.042223
2 2 0.005312 0.021820 0.923500 0.037112 0.012256
2 2 0.003545 0.015791 0.933963 0.038153 0.008548
2 2 0.002825 0.012501 0.955671 0.023162 0.005842
2 2 0.006413 0.023956 0.918263 0.037247 0.014122
2 2 0.003554 0.014165 0.948336 0.026846 0.007099
0 0 0.336526 0.174404 0.331788 0.036844 0.120438
4 0 0.153894 0.218244 0.248660 0.106798 0.272405
2 1 0.123980 0.199289 0.329877 0.110916 0.235938
4 1 0.152806 0.218456 0.237363 0.111095 0.280280
4 1 0.144025 0.214289 0.249489 0.115955 0.276242
0 0 0.336176 0.164217 0.105725 0.155285 0.238597
0 0 0.641730 0.125605 0.069985 0.041604 0.121076
0 0 0.659018 0.120998 0.069614 0.038010 0.112362
0 0 0.606318 0.123534 0.036879 0.065827 0.167443
0 0 0.634215 0.110611 0.025503 0.066283 0.163388
0 0 0.554354 0.134122 0.039359 0.078345 0.193820
0 0 0.537485 0.138977 0.042831 0.080762 0.199945
0 0 0.491169 0.159275 0.073233 0.076661 0.199661
0 0 0.574501 0.138988 0.058894 0.062037 0.165580
0 0 0.624554 0.120501 0.037639 0.060574 0.156732
0 0 0.773974 0.076692 0.017170 0.036172 0.095991
0 0 0.659541 0.103011 0.021896 0.062262 0.153290
0 0 0.627410 0.112643 0.026533 0.067348 0.166066
0 0 0.505117 0.148159 0.050106 0.085255 0.211363
0 0 0.372425 0.183194 0.090684 0.101248 0.252448
0 0 0.417473 0.177277 0.094637 0.086625 0.223988
0 0 0.832865 0.056852 0.009662 0.027626 0.072995
0 0 0.735766 0.079848 0.012979 0.049652 0.121754
0 0 0.652759 0.115100 0.038221 0.053072 0.140848
0 0 0.350179 0.188488 0.099707 0.103444 0.258181
0 0 0.608671 0.118214 0.029505 0.070247 0.173364
0 0 0.665255 0.107164 0.028449 0.055834 0.143298
4 0 0.219179 0.213390 0.174693 0.111820 0.280917
0 0 0.532067 0.147150 0.058586 0.073125 0.189072
0 0 0.696131 0.105202 0.037347 0.043018 0.118302
4 0 0.247184 0.210133 0.164104 0.107065 0.271514
0 0 0.273623 0.207927 0.184891 0.091474 0.242086
4 1 0.157675 0.218388 0.231814 0.111335 0.280788
4 1 0.152806 0.218456 0.237363 0.111095 0.280280
4 1 0.152806 0.218456 0.237363 0.111095 0.280280
4 1 0.152806 0.218456 0.237363 0.111095 0.280280
4 0 0.249547 0.208895 0.153000 0.110762 0.277795
0 0 0.765458 0.087924 0.038739 0.027043 0.080836
0 0 0.745585 0.084689 0.019665 0.041422 0.108639
2 0 0.184467 0.163455 0.352173 0.141999 0.157906
4 0 0.228454 0.212129 0.167703 0.111571 0.280143
4 0 0.176354 0.217609 0.212135 0.111942 0.281959
4 0 0.152806 0.218456 0.237363 0.111095 0.280280
2 0 0.104422 0.137897 0.292854 0.249562 0.215264
4 0 0.183908 0.217087 0.204824 0.112061 0.282120
4 0 0.174823 0.209937 0.216033 0.119107 0.280101
4 0 0.152806 0.218456 0.237363 0.111095 0.280280
0 0 0.444006 0.164906 0.066365 0.093160 0.231563
0 0 0.890559 0.042803 0.009539 0.014505 0.042594
0 0 0.585375 0.134093 0.050872 0.063285 0.166374
0 0 0.752549 0.074706 0.011371 0.046779 0.114595
0 0 0.315875 0.201446 0.181966 0.080801 0.219912
4 1 0.152806 0.218456 0.237363 0.111095 0.280280
0 1 0.246789 0.211256 0.214817 0.089005 0.238133
0 0 0.877159 0.047806 0.011627 0.016104 0.047303
0 0 0.698149 0.091325 0.017035 0.055968 0.137524
0 0 0.543922 0.150472 0.081614 0.059635 0.164357
0 0 0.573053 0.136732 0.051452 0.066149 0.172614
0 0 0.845926 0.057757 0.014363 0.021240 0.060714
0 0 0.763351 0.079601 0.017960 0.038223 0.100865
0 0 0.693987 0.111107 0.067978 0.031321 0.095606
0 0 0.848339 0.045235 0.004356 0.029732 0.072338
0 0 0.844254 0.046492 0.004584 0.030482 0.074188
0 0 0.757395 0.091655 0.057431 0.022313 0.071206
0 0 0.838323 0.051650 0.006677 0.029249 0.074101
0 0 0.783639 0.082335 0.036494 0.024197 0.073335
0 0 0.643215 0.107917 0.024182 0.064864 0.159822
0 0 0.698861 0.096035 0.022148 0.051544 0.131413
0 0 0.432342 0.167997 0.069898 0.094572 0.235191
0 0 0.436677 0.166852 0.068567 0.094051 0.233852
2 0 0.157467 0.210478 0.339750 0.077657 0.214647
2 1 0.169410 0.210191 0.333131 0.075942 0.211325
4 1 0.153516 0.218344 0.244539 0.108344 0.275257
2 0 0.194805 0.210475 0.307951 0.075642 0.211127
2 1 0.132046 0.205637 0.299747 0.112325 0.250244
2 1 0.110711 0.194033 0.310529 0.133477 0.251250
2 1 0.110519 0.194467 0.302683 0.136591 0.255741
2 1 0.088681 0.171191 0.415682 0.123166 0.201279
2 1 0.109362 0.192790 0.316968 0.132882 0.247999
2 1 0.042626 0.105663 0.658633 0.090429 0.102648
2 1 0.061132 0.131232 0.584300 0.093177 0.130159
2 1 0.062109 0.133126 0.575905 0.095344 0.133515
2 1 0.102805 0.183449 0.380030 0.117920 0.215795
2 1 0.128558 0.205967 0.272568 0.125045 0.267862
2 1 0.029519 0.080342 0.748785 0.071796 0.069558
2 0 0.284521 0.185128 0.348215 0.043803 0.138333
4 1 0.152806 0.218456 0.237363 0.111095 0.280280
4 1 0.134392 0.209260 0.263591 0.121534 0.271223
2 1 0.126745 0.198805 0.346924 0.102314 0.225211
2 1 0.195657 0.197624 0.381261 0.057007 0.168452
0 0 0.445254 0.167234 0.073522 0.089013 0.224978
4 0 0.218285 0.213506 0.175385 0.111841 0.280982
4 1 0.154817 0.217846 0.259884 0.102703 0.264751
4 0 0.268163 0.205676 0.141238 0.109802 0.275121
4 0 0.146874 0.197302 0.250776 0.131028 0.274020
0 0 0.319308 0.199567 0.143844 0.093558 0.243723
4 0 0.234474 0.212904 0.200977 0.097331 0.254314
2 1 0.097242 0.179601 0.385906 0.122989 0.214262
2 1 0.078230 0.160758 0.446740 0.126039 0.188234
2 1 0.060585 0.137091 0.535729 0.116006 0.150589
2 1 0.055847 0.139022 0.474239 0.154955 0.175938
2 1 0.081071 0.158080 0.486283 0.105312 0.169253
4 0 0.158808 0.218364 0.230549 0.111386 0.280894
2 1 0.080746 0.168962 0.378405 0.151246 0.220641
2 1 0.081949 0.171185 0.361395 0.156486 0.228985
2 0 0.120632 0.165165 0.539630 0.047802 0.126771
0 0 0.520572 0.158316 0.110530 0.054483 0.156099
2 1 0.106159 0.191359 0.310554 0.139550 0.252377
2 1 0.098746 0.185750 0.324535 0.144744 0.246224
4 1 0.151205 0.217725 0.239524 0.111966 0.279580
0 0 0.280486 0.199673 0.279183 0.061191 0.179466
2 1 0.104892 0.177942 0.435927 0.094927 0.186312
0 1 0.423470 0.180831 0.140805 0.067197 0.187697
2 1 0.145374 0.211891 0.290785 0.102053 0.249897
4 1 0.154620 0.217952 0.257321 0.103623 0.266484
4 1 0.252232 0.208731 0.153921 0.109544 0.275572
2 0 0.186566 0.213816 0.286487 0.084218 0.228913
2 0 0.247012 0.197958 0.330339 0.056291 0.168400
0 0 0.476655 0.166653 0.095687 0.070581 0.190425
4 1 0.141663 0.213101 0.252868 0.117298 0.275070
2 1 0.082158 0.171525 0.358933 0.157180 0.230204
2 1 0.038745 0.101811 0.659117 0.097979 0.102349
2 2 0.027766 0.075919 0.765458 0.066343 0.064515
2 2 0.041529 0.106857 0.641442 0.101188 0.108985
2 2 0.007746 0.027207 0.924778 0.025152 0.015117
2 2 0.007645 0.025290 0.919437 0.032773 0.014855
2 2 0.003347 0.012735 0.966359 0.012176 0.005384
2 2 0.021275 0.059149 0.828090 0.046757 0.044729
2 2 0.041391 0.104408 0.659318 0.092483 0.102400
2 2 0.055909 0.125816 0.594551 0.097030 0.126694
2 2 0.070131 0.146093 0.522306 0.106244 0.155226
2 4 0.107037 0.186275 0.375266 0.114411 0.217011
2 4 0.054014 0.126613 0.576207 0.108907 0.134259
2 4 0.101920 0.188203 0.318453 0.142494 0.248929
4 4 0.131920 0.207889 0.267353 0.123008 0.269830
2 4 0.111504 0.195150 0.300938 0.135932 0.256476
4 4 0.152806 0.218456 0.237363 0.111095 0.280280
2 4 0.119116 0.200208 0.287862 0.130953 0.261860
2 4 0.108364 0.192948 0.306542 0.138045 0.254101
4 4 0.152806 0.218456 0.237363 0.111095 0.280280
4 4 0.152806 0.218456 0.237363 0.111095 0.280280
2 4 0.109262 0.191374 0.334130 0.126715 0.238518
2 4 0.130074 0.206841 0.270204 0.124123 0.268759
2 4 0.216491 0.213669 0.245590 0.087885 0.236365
4 1 0.152806 0.218456 0.237363 0.111095 0.280280
2 1 0.099644 0.167048 0.493524 0.080139 0.159644
4 4 0.134169 0.209138 0.263928 0.121666 0.271099
2 4 0.089355 0.177697 0.347650 0.149908 0.235390
2 4 0.114069 0.196898 0.296453 0.134232 0.258348
4 4 0.140533 0.212523 0.254502 0.117947 0.274496
4 4 0.141069 0.212798 0.253726 0.117639 0.274769
4 4 0.151359 0.217795 0.239316 0.111882 0.279648
2 4 0.085650 0.167960 0.427400 0.122811 0.196178
2 4 0.096297 0.183801 0.329332 0.146508 0.244063
2 4 0.101035 0.187527 0.320136 0.143118 0.248185
2 4 0.100655 0.181506 0.386986 0.118058 0.212795
4 4 0.151637 0.217923 0.238938 0.111730 0.279771
2 4 0.083297 0.166931 0.421848 0.128645 0.199279
2 1 0.171587 0.184887 0.457861 0.045142 0.140523
2 1 0.049073 0.119561 0.597483 0.107982 0.125901
2 1 0.069727 0.141574 0.553709 0.093482 0.141508
2 1 0.086043 0.172228 0.386240 0.139210 0.216279
2 1 0.127498 0.205347 0.274238 0.125694 0.267223
4 1 0.135548 0.209890 0.261852 0.120850 0.271860
4 1 0.152806 0.218456 0.237363 0.111095 0.280280
4 1 0.152806 0.218456 0.237363 0.111095 0.280280
4 4 0.152806 0.218456 0.237363 0.111095 0.280280
4 4 0.152806 0.218456 0.237363 0.111095 0.280280
4 4 0.152806 0.218456 0.237363 0.111095 0.280280
2 4 0.115116 0.197598 0.294647 0.133545 0.259094
2 4 0.128303 0.199357 0.347979 0.100395 0.223966
4 4 0.140091 0.211911 0.261675 0.116164 0.270160
2 4 0.137854 0.210109 0.274461 0.114433 0.263143
4 4 0.147186 0.215833 0.245047 0.114181 0.277752
2 4 0.115196 0.197652 0.294508 0.133492 0.259151
2 4 0.106608 0.191686 0.309731 0.139242 0.252733
4 4 0.143863 0.214208 0.249719 0.116046 0.276163
2 4 0.101433 0.187832 0.319378 0.142837 0.248520
4 4 0.152806 0.218456 0.237363 0.111095 0.280280
4 4 0.152806 0.218456 0.237363 0.111095 0.280280
4 4 0.150297 0.209081 0.243351 0.119530 0.277741
4 4 0.152806 0.218456 0.237363 0.111095 0.280280
2 4 0.066615 0.131280 0.607845 0.075400 0.118862
2 4 0.111692 0.195280 0.300606 0.135806 0.256615
2 4 0.129846 0.206711 0.270557 0.124261 0.268625
4 4 0.136116 0.210197 0.261003 0.120516 0.272169
4 4 0.152806 0.218456 0.237363 0.111095 0.280280
2 4 0.121148 0.201494 0.284487 0.129657 0.263213
2 4 0.105714 0.193483 0.306586 0.147362 0.246856
2 4 0.122611 0.202404 0.282087 0.128733 0.264165
2 4 0.106219 0.191403 0.310444 0.139509 0.252425
2 4 0.124307 0.203442 0.279334 0.127670 0.265248
4 4 0.130904 0.207315 0.268917 0.123620 0.269244
2 4 0.091033 0.179441 0.339956 0.150380 0.239189
4 4 0.130887 0.207305 0.268943 0.123631 0.269234
4 4 0.152806 0.218456 0.237363 0.111095 0.280280
4 4 0.147072 0.215778 0.245206 0.114245 0.277699
2 4 0.057925 0.125184 0.609897 0.086884 0.120110
2 4 0.136381 0.208767 0.284189 0.112854 0.257809
2 4 0.121138 0.201488 0.284505 0.129664 0.263206
2 4 0.096009 0.183568 0.329901 0.146716 0.243805
2 4 0.113437 0.196471 0.297552 0.134649 0.257891
2 4 0.098074 0.182118 0.364697 0.130072 0.225039
2 4 0.094671 0.178499 0.380854 0.128520 0.217455
4 4 0.131000 0.207369 0.268769 0.123562 0.269299
0 4 0.279682 0.203535 0.134462 0.109105 0.273216
2 4 0.081960 0.158762 0.485351 0.104458 0.169469
2 4 0.089931 0.175696 0.377484 0.136807 0.220082
4 4 0.152806 0.218456 0.237363 0.111095 0.280280
2 4 0.127387 0.205282 0.274414 0.125762 0.267155
2 1 0.207174 0.204375 0.336879 0.064544 0.187028
2 1 0.063980 0.139684 0.536822 0.109688 0.149826
2 1 0.053539 0.126664 0.572387 0.111604 0.135806
2 1 0.074635 0.156715 0.459890 0.126146 0.182613
2 1 0.069996 0.150616 0.483503 0.123441 0.172443
2 1 0.062325 0.144336 0.482782 0.137527 0.173030
2 1 0.053837 0.126371 0.576916 0.108895 0.133980
2 1 0.089653 0.177522 0.352843 0.147301 0.232681
2 2 0.113134 0.196266 0.298079 0.134849 0.257672
2 2 0.088246 0.161879 0.489878 0.094448 0.165549
2 2 0.009811 0.032239 0.910257 0.027742 0.019951
2 2 0.066542 0.145456 0.505321 0.119526 0.163154
2 2 0.026923 0.072336 0.783280 0.058922 0.058538
2 2 0.071653 0.145698 0.533331 0.099265 0.150053
2 2 0.011008 0.034426 0.906059 0.027256 0.021252
2 2 0.014810 0.047045 0.860436 0.044954 0.032754
2 2 0.011260 0.032253 0.917846 0.020227 0.018414
2 2 0.004151 0.013933 0.967213 0.008614 0.006090
2 2 0.010452 0.035473 0.896227 0.034431 0.023417
2 2 0.003305 0.012167 0.970623 0.008748 0.005157
2 2 0.007547 0.028959 0.898548 0.047603 0.017342
2 2 0.002171 0.009067 0.964322 0.020155 0.004286
2 2 0.004464 0.015141 0.964324 0.009909 0.006162
2 2 0.013840 0.039595 0.894302 0.027305 0.024958
2 2 0.018006 0.047356 0.875046 0.029326 0.030266
2 2 0.001933 0.007925 0.972341 0.014578 0.003224
2 2 0.002336 0.009267 0.964811 0.019284 0.004302
2 2 0.004520 0.018045 0.950641 0.018520 0.008274
2 2 0.002184 0.008478 0.978038 0.008185 0.003114
2 2 0.020252 0.046191 0.784288 0.112522 0.036747
0 0 0.812991 0.069754 0.020928 0.024845 0.071481
0 0 0.591977 0.118577 0.043249 0.081498 0.164700
0 0 0.874302 0.044464 0.006961 0.020030 0.054243
0 0 0.756324 0.087522 0.028882 0.033379 0.093892
0 0 0.620277 0.114768 0.027640 0.068457 0.168858
0 0 0.816095 0.068715 0.020425 0.024429 0.070337
0 0 0.865304 0.053567 0.016688 0.015965 0.048476
2 0 0.196737 0.215582 0.248893 0.092755 0.246033
4 1 0.152806 0.218456 0.237363 0.111095 0.280280
2 1 0.073025 0.156143 0.453623 0.131567 0.185641
2 1 0.063539 0.141193 0.521411 0.117399 0.156458
2 1 0.061134 0.138398 0.528462 0.118389 0.153617
2 1 0.062985 0.140555 0.523024 0.117625 0.155810
2 2 0.023444 0.077372 0.724978 0.106740 0.067467
2 2 0.041871 0.110711 0.612104 0.115512 0.119802
2 2 0.024651 0.072721 0.766837 0.074082 0.061709
2 2 0.020457 0.055676 0.843374 0.040547 0.039946
2 2 0.011664 0.034030 0.911459 0.022830 0.020017
2 2 0.008419 0.031296 0.905663 0.037027 0.017595
2 2 0.003095 0.011262 0.973684 0.007610 0.004349
2 2 0.038812 0.089262 0.743281 0.056957 0.071689
2 2 0.005492 0.019217 0.951431 0.015016 0.008844
2 2 0.003903 0.014971 0.961481 0.012931 0.006714
2 2 0.003417 0.012915 0.967942 0.010117 0.005609
2 2 0.003007 0.012951 0.946575 0.030728 0.006740
2 2 0.003129 0.012466 0.968545 0.010818 0.005042
2 2 0.002080 0.008394 0.975117 0.010980 0.003429
2 2 0.003377 0.013888 0.956715 0.019366 0.006653
2 2 0.002361 0.009442 0.971199 0.012965 0.004032
2 2 0.001340 0.005659 0.974291 0.016184 0.002526
2 2 0.001823 0.007365 0.974265 0.013287 0.003259
2 2 0.001924 0.008477 0.969699 0.016148 0.003751
2 2 0.001624 0.006896 0.956385 0.031655 0.003440
2 2 0.001639 0.008345 0.929882 0.055386 0.004748
2 2 0.007462 0.029173 0.909751 0.035702 0.017913
2 2 0.001514 0.005836 0.980894 0.009444 0.002311
2 2 0.002748 0.010766 0.966571 0.014958 0.004957
2 2 0.003266 0.011569 0.972318 0.008210 0.004636
2 2 0.001421 0.006786 0.961146 0.027366 0.003280
2 2 0.001563 0.006754 0.967103 0.021359 0.003221
2 2 0.001233 0.005633 0.970639 0.019880 0.002616
2 2 0.002432 0.010105 0.950759 0.031824 0.004879
2 2 0.017803 0.066044 0.622685 0.222855 0.070613
2 2 0.016475 0.055201 0.784018 0.099684 0.044621
2 2 0.037375 0.110914 0.583969 0.153141 0.114601
2 2 0.004481 0.018970 0.901364 0.063831 0.011354
2 2 0.002104 0.009989 0.882170 0.099114 0.006623
2 2 0.064135 0.154872 0.397958 0.181181 0.201855
2 2 0.003835 0.014727 0.814113 0.156096 0.011229
2 2 0.073642 0.158787 0.463958 0.135616 0.167997
3 2 0.018613 0.047315 0.332838 0.531026 0.070209
2 2 0.057965 0.149374 0.414813 0.195742 0.182105
3 3 0.002618 0.010547 0.249547 0.721126 0.016162
3 3 0.013001 0.048626 0.412600 0.459728 0.066045
2 3 0.040864 0.114149 0.444915 0.254412 0.145661
2 3 0.013069 0.043061 0.769425 0.138797 0.035649
3 3 0.007311 0.025301 0.317108 0.612614 0.037666
3 3 0.015997 0.053151 0.397279 0.460380 0.073193
2 3 0.039822 0.097677 0.388440 0.340889 0.133172
3 3 0.021223 0.066895 0.408414 0.413279 0.090189
3 3 0.016101 0.055054 0.407157 0.446680 0.075007
3 3 0.013381 0.038993 0.333258 0.557399 0.056970
2 3 0.037727 0.110210 0.410359 0.305876 0.135828
3 3 0.012168 0.038730 0.356763 0.535861 0.056479
3 3 0.007565 0.024945 0.308411 0.621356 0.037723
3 3 0.008008 0.026628 0.312768 0.613137 0.039458
3 3 0.013165 0.044252 0.379047 0.501335 0.062201
3 3 0.008814 0.028473 0.323873 0.595876 0.042964
3 3 0.002509 0.011455 0.268999 0.699624 0.017413
3 3 0.010227 0.030188 0.311832 0.601889 0.045864
3 3 0.006126 0.024283 0.334180 0.600369 0.035043
3 3 0.001046 0.003832 0.137689 0.850808 0.006625
3 3 0.021793 0.062980 0.383516 0.444707 0.087004
3 3 0.022510 0.051565 0.327539 0.520002 0.078384
3 3 0.012328 0.032847 0.300548 0.604084 0.050194
3 3 0.002753 0.010067 0.223583 0.747303 0.016294
3 3 0.002573 0.006359 0.141966 0.837420 0.011682
3 3 0.001600 0.006028 0.177308 0.804994 0.010070
3 3 0.004129 0.012830 0.228256 0.733618 0.021167
3 3 0.006418 0.019894 0.259429 0.684058 0.030201
3 3 0.002111 0.005386 0.129324 0.853419 0.009760
3 3 0.005538 0.016545 0.240896 0.710773 0.026248
3 3 0.003086 0.011491 0.238694 0.728487 0.018242
3 3 0.005492 0.019491 0.283081 0.662801 0.029135
3 3 0.003332 0.009388 0.175907 0.795723 0.015651
3 3 0.010185 0.023260 0.244300 0.683651 0.038603
3 3 0.002024 0.006921 0.185475 0.793611 0.011969
3 3 0.001608 0.004759 0.135961 0.849131 0.008540
3 3 0.001114 0.003431 0.113018 0.876354 0.006083
3 3 0.001664 0.003925 0.102037 0.885087 0.007286
3 3 0.005512 0.014406 0.218131 0.737428 0.024523
3 3 0.000962 0.002938 0.106560 0.884174 0.005367
3 3 0.005108 0.016845 0.274851 0.675848 0.027347
3 3 0.002415 0.006665 0.149024 0.830319 0.011578
3 3 0.003433 0.011360 0.214774 0.752285 0.018147
3 3 0.001361 0.004342 0.128306 0.858562 0.007430
3 3 0.004164 0.016203 0.276246 0.679220 0.024167
3 3 0.003718 0.013746 0.245487 0.716241 0.020808
3 2 0.003788 0.013353 0.298909 0.664383 0.019567
2 2 0.009647 0.040959 0.768810 0.146910 0.033673
2 2 0.022095 0.074068 0.731597 0.111322 0.060917
2 2 0.005867 0.025096 0.768734 0.178191 0.022112
2 2 0.024405 0.082099 0.698371 0.123085 0.072041
2 2 0.095360 0.182571 0.341590 0.143867 0.236613
2 2 0.093676 0.182052 0.333698 0.149741 0.240833
2 2 0.028387 0.086066 0.462784 0.318040 0.104724
2 2 0.122718 0.202470 0.281913 0.128665 0.264234
2 2 0.024055 0.078852 0.417731 0.379164 0.100199
2 2 0.097424 0.184703 0.327114 0.145693 0.245066
2 2 0.043962 0.118372 0.587867 0.134137 0.115662
2 2 0.007415 0.022392 0.892300 0.063683 0.014210
2 2 0.018469 0.054264 0.842957 0.046474 0.037836
2 2 0.018669 0.061303 0.801247 0.072643 0.046138
2 2 0.006871 0.025693 0.898744 0.053037 0.015656
4 2 0.152806 0.218456 0.237363 0.111095 0.280280
2 2 0.055477 0.129895 0.573310 0.112653 0.128665
2 2 0.061791 0.149772 0.444246 0.166184 0.178007
2 2 0.114876 0.194442 0.333763 0.119925 0.236995
2 2 0.059892 0.136635 0.557640 0.115275 0.130558
2 2 0.048762 0.111920 0.661284 0.081993 0.096041
2 2 0.058102 0.150251 0.393503 0.213080 0.185064
2 2 0.065506 0.128336 0.622376 0.071301 0.112482
2 2 0.040692 0.120304 0.527558 0.177877 0.133568
2 2 0.040828 0.092828 0.737773 0.058728 0.069841
2 2 0.001944 0.008845 0.919709 0.063864 0.005639
2 2 0.007689 0.026239 0.918170 0.033403 0.014499
2 2 0.025631 0.079701 0.728094 0.097097 0.069477
2 2 0.012963 0.049695 0.807054 0.093517 0.036771
2 2 0.011138 0.040275 0.834704 0.085114 0.028770
2 2 0.115563 0.168554 0.517642 0.057863 0.140378
2 2 0.082865 0.169423 0.392068 0.141856 0.213787
2 2 0.007140 0.026683 0.923899 0.028134 0.014145
2 2 0.096160 0.183690 0.329602 0.146607 0.243941
4 4 0.152580 0.218354 0.237666 0.111217 0.280183
2 4 0.116684 0.198634 0.291964 0.132522 0.260195
4 4 0.152806 0.218456 0.237363 0.111095 0.280280
2 4 0.064400 0.141992 0.520487 0.116338 0.156783
4 4 0.152806 0.218456 0.237363 0.111095 0.280280
2 4 0.096771 0.184182 0.328396 0.146164 0.244487
2 4 0.071919 0.150594 0.496311 0.114691 0.166486
2 4 0.073761 0.156396 0.456665 0.128993 0.184185
2 4 0.034321 0.085726 0.742254 0.064978 0.072721
4 1 0.152806 0.218456 0.237363 0.111095 0.280280
2 1 0.138243 0.207708 0.306165 0.104039 0.243844
2 1 0.078228 0.158864 0.464001 0.118711 0.180196
2 2 0.005020 0.020579 0.940889 0.023789 0.009723
2 2 0.047504 0.110217 0.661600 0.082296 0.098383
4 4 0.152806 0.218456 0.237363 0.111095 0.280280
4 4 0.152806 0.218456 0.237363 0.111095 0.280280
2 4 0.118081 0.199543 0.289600 0.131619 0.261158
2 4 0.101822 0.187324 0.329806 0.138289 0.242759
2 4 0.063490 0.152132 0.404101 0.172725 0.207552
2 4 0.113646 0.196613 0.297187 0.134511 0.258043
4 4 0.152806 0.218456 0.237363 0.111095 0.280280
4 4 0.152806 0.218456 0.237363 0.111095 0.280280
4 4 0.152806 0.218456 0.237363 0.111095 0.280280
4 4 0.152806 0.218456 0.237363 0.111095 0.280280
2 4 0.102726 0.188814 0.316932 0.141929 0.249598
4 4 0.152806 0.218456 0.237363 0.111095 0.280280
4 4 0.152806 0.218456 0.237363 0.111095 0.280280
2 4 0.079995 0.160233 0.462702 0.116589 0.180481
4 4 0.152806 0.218456 0.237363 0.111095 0.280280
2 4 0.079150 0.155642 0.495665 0.104173 0.165371
4 4 0.147066 0.215775 0.245215 0.114248 0.277696
4 4 0.136658 0.210488 0.260194 0.120197 0.272462
4 4 0.152806 0.218456 0.237363 0.111095 0.280280
2 1 0.092431 0.179168 0.356361 0.141567 0.230474
2 2 0.073305 0.151302 0.498720 0.111492 0.165181
2 2 0.061601 0.137832 0.536515 0.113862 0.150189
2 2 0.019510 0.057860 0.825731 0.052540 0.044358
2 2 0.085531 0.170800 0.398041 0.135106 0.210521
2 2 0.017507 0.047230 0.875039 0.030922 0.029303
2 2 0.048477 0.100568 0.717912 0.054101 0.078943
2 2 0.032300 0.088021 0.719248 0.083289 0.077142
2 2 0.097520 0.179715 0.392440 0.121554 0.208771
2 2 0.033952 0.102289 0.630188 0.136691 0.096880
2 2 0.020603 0.062328 0.806694 0.061653 0.048721
2 2 0.019335 0.059653 0.819067 0.060043 0.041902
2 2 0.014852 0.041111 0.891667 0.026743 0.025627
2 2 0.014124 0.053772 0.773677 0.115255 0.043172
2 2 0.007640 0.029113 0.912222 0.034142 0.016883
2 2 0.008399 0.027418 0.927586 0.021512 0.015085
2 2 0.003210 0.013654 0.951588 0.024497 0.007052
2 2 0.003116 0.012439 0.962835 0.015991 0.005618
2 2 0.005866 0.017667 0.959786 0.009437 0.007245
2 2 0.005220 0.021703 0.935001 0.026626 0.011450
2 2 0.001418 0.006358 0.977145 0.012478 0.002601
2 2 0.003867 0.015327 0.939180 0.033191 0.008434
2 2 0.008547 0.027888 0.926426 0.022011 0.015127
2 2 0.002542 0.010501 0.973526 0.009201 0.004229
2 2 0.002258 0.010219 0.962109 0.020767 0.004647
2 2 0.002304 0.010139 0.962516 0.020380 0.004660
2 2 0.003404 0.013657 0.964506 0.012544 0.005889
2 2 0.001986 0.008108 0.962465 0.023694 0.003748
2 2 0.011466 0.042077 0.862639 0.056935 0.026883
2 2 0.001874 0.008391 0.966466 0.019471 0.003797
2 2 0.003305 0.014982 0.936710 0.036483 0.008520
2 2 0.002768 0.010485 0.972694 0.009849 0.004204
2 2 0.002204 0.009213 0.973044 0.011766 0.003773
2 2 0.001898 0.008513 0.965255 0.020475 0.003859
2 2 0.001079 0.005323 0.954261 0.036502 0.002834
2 2 0.002438 0.010412 0.950112 0.031547 0.005491
2 2 0.001819 0.007719 0.976533 0.010816 0.003113
2 2 0.001777 0.007713 0.938094 0.047990 0.004427
2 2 0.002727 0.010851 0.968756 0.012884 0.004783
2 2 0.001783 0.007150 0.973024 0.014902 0.003141
2 2 0.001093 0.004892 0.959233 0.032269 0.002511
2 2 0.003267 0.014334 0.900256 0.072655 0.009487
2 2 0.010922 0.039855 0.876363 0.048174 0.024686
2 2 0.022440 0.052805 0.865813 0.026672 0.032270
2 2 0.023511 0.078810 0.483418 0.315932 0.098329
2 2 0.036882 0.110238 0.509880 0.213546 0.129454
2 2 0.002629 0.012110 0.941129 0.037849 0.006285
2 2 0.005166 0.021565 0.915410 0.045086 0.012773
2 2 0.005544 0.019189 0.914327 0.049607 0.011333
2 2 0.001584 0.007847 0.925597 0.060402 0.004569
2 2 0.002681 0.009903 0.973462 0.009880 0.004074
2 2 0.003024 0.012101 0.962240 0.017267 0.005368
2 2 0.003312 0.013666 0.962466 0.014473 0.006083
2 2 0.001906 0.008209 0.956077 0.029624 0.004184
2 2 0.002132 0.010016 0.934698 0.047374 0.005780
2 2 0.002363 0.009627 0.966751 0.016982 0.004277
2 2 0.002028 0.008471 0.957721 0.027582 0.004199
2 2 0.001082 0.005273 0.953690 0.037211 0.002744
2 2 0.002999 0.011504 0.964536 0.015817 0.005143
2 2 0.001187 0.005226 0.972367 0.018878 0.002342
2 2 0.001566 0.006592 0.975100 0.013819 0.002923
2 2 0.002230 0.009050 0.966480 0.018069 0.004171
2 2 0.000958 0.004633 0.937246 0.054505 0.002658
2 2 0.002841 0.011491 0.959271 0.020880 0.005517
2 2 0.001935 0.008458 0.939732 0.045375 0.004500
2 2 0.001072 0.004861 0.953829 0.037683 0.002555
2 2 0.003231 0.014396 0.929000 0.045158 0.008215
2 2 0.003384 0.014039 0.950786 0.025134 0.006658
2 2 0.001607 0.007225 0.938567 0.048640 0.003960
2 2 0.004478 0.017995 0.931787 0.036035 0.009705
2 2 0.001236 0.005849 0.961593 0.028436 0.002885
2 2 0.001759 0.008027 0.962854 0.023631 0.003730
2 2 0.001504 0.006954 0.957149 0.030997 0.003396
2 2 0.002382 0.010361 0.963533 0.018883 0.004841
2 2 0.002405 0.010808 0.907955 0.072230 0.006602
2 2 0.001592 0.007884 0.943676 0.042701 0.004147
2 2 0.000882 0.003941 0.964434 0.028814 0.001929
2 2 0.002110 0.009483 0.959075 0.024577 0.004754
2 2 0.002570 0.012073 0.930225 0.048739 0.006394
2 2 0.001779 0.008106 0.712987 0.269268 0.007859
2 2 0.007150 0.028639 0.855553 0.087366 0.021292
2 2 0.007168 0.028783 0.598044 0.334919 0.031086
2 2 0.002180 0.010349 0.932580 0.049073 0.005818
2 2 0.007123 0.027688 0.827409 0.115773 0.022007
2 2 0.003233 0.014913 0.836395 0.134445 0.011014
2 2 0.007580 0.031186 0.719121 0.213908 0.028205
2 2 0.000763 0.003915 0.921570 0.071458 0.002294
3 2 0.002458 0.011115 0.451442 0.521544 0.013442
2 2 0.001861 0.008895 0.889471 0.094167 0.005606
2 2 0.006166 0.025904 0.784707 0.161733 0.021489
2 2 0.003596 0.016363 0.874542 0.094444 0.011056
2 2 0.010214 0.037451 0.482117 0.424646 0.045572
2 2 0.002211 0.009889 0.718786 0.259983 0.009131
2 2 0.005621 0.023660 0.891655 0.063764 0.015300
2 2 0.001834 0.008344 0.768817 0.214534 0.006471
2 2 0.005577 0.022812 0.845766 0.109736 0.016108
2 2 0.003484 0.014570 0.798699 0.171019 0.012227
2 2 0.003819 0.016496 0.846953 0.121167 0.011564
2 2 0.004758 0.020228 0.864127 0.096308 0.014579
3 2 0.006184 0.027025 0.462314 0.471312 0.033164
2 2 0.006914 0.028455 0.893857 0.054330 0.016444
2 2 0.004108 0.017612 0.934738 0.034185 0.009356
2 2 0.002840 0.012872 0.940082 0.037636 0.006570
2 2 0.001178 0.005771 0.843721 0.145122 0.004208
2 0 0.317921 0.177613 0.340784 0.038603 0.125079
