0 0 0.279638 0.226673 0.188827 0.117892 0.186969
0 0 0.279638 0.226673 0.188827 0.117892 0.186969
0 0 0.279638 0.226673 0.188827 0.117892 0.186969
0 0 0.279638 0.226673 0.188827 0.117892 0.186969
0 0 0.279638 0.226673 0.188827 0.117892 0.186969
0 0 0.279638 0.226673 0.188827 0.117892 0.186969
0 0 0.279638 0.226673 0.188827 0.117892 0.186969
0 0 0.279638 0.226673 0.188827 0.117892 0.186969
0 0 0.279638 0.226673 0.188827 0.117892 0.186969
0 0 0.279638 0.226673 0.188827 0.117892 0.186969
0 0 0.279638 0.226673 0.188827 0.117892 0.186969
0 0 0.279638 0.226673 0.188827 0.117892 0.186969
0 0 0.279638 0.226673 0.188827 0.117892 0.186969
0 0 0.279638 0.226673 0.188827 0.117892 0.186969
0 0 0.279638 0.226673 0.188827 0.117892 0.186969
0 0 0.279638 0.226673 0.188827 0.117892 0.186969
0 0 0.279638 0.226673 0.188827 0.117892 0.186969
0 0 0.279638 0.226673 0.188827 0.117892 0.186969
0 0 0.279638 0.226673 0.188827 0.117892 0.186969
0 0 0.279638 0.226673 0.188827 0.117892 0.186969
0 0 0.279638 0.226673 0.188827 0.117892 0.186969
0 0 0.279638 0.226673 0.188827 0.117892 0.186969
0 0 0.279638 0.226673 0.188827 0.117892 0.186969
0 0 0.279638 0.226673 0.188827 0.117892 0.186969
0 0 0.279638 0.226673 0.188827 0.117892 0.186969
0 0 0.279638 0.226673 0.188827 0.117892 0.186969
0 1 0.279638 0.226673 0.188827 0.117892 0.186969
0 1 0.279638 0.226673 0.188827 0.117892 0.186969
0 1 0.279638 0.226673 0.188827 0.117892 0.186969
4 2 0.234473 0.241652 0.174125 0.068462 0.281288
4 2 0.224187 0.242567 0.169724 0.060765 0.302756
4 2 0.244905 0.239911 0.178252 0.077281 0.259652
4 2 0.206670 0.242449 0.161554 0.049499 0.339828
0 1 0.279638 0.226673 0.188827 0.117892 0.186969
4 2 0.222551 0.242644 0.168995 0.059621 0.306188
4 2 0.192436 0.240892 0.154344 0.041733 0.370594
4 2 0.097818 0.220268 0.236833 0.018390 0.426691
4 2 0.190857 0.240641 0.153514 0.040937 0.374050
4 2 0.158519 0.232098 0.135280 0.027051 0.447053
2 2 0.086401 0.203703 0.481490 0.025478 0.202927
0 2 0.279638 0.226673 0.188827 0.117892 0.186969
4 2 0.188172 0.240179 0.152091 0.039613 0.379945
2 2 0.071139 0.171860 0.594311 0.028427 0.134262
2 2 0.017660 0.081623 0.834167 0.009337 0.057213
2 2 0.117538 0.211720 0.478277 0.039701 0.152764
2 2 0.011532 0.051722 0.903785 0.009615 0.023345
2 2 0.004786 0.025522 0.955388 0.006375 0.007929
2 2 0.021966 0.074085 0.855897 0.016121 0.031931
2 2 0.009846 0.044623 0.915754 0.010186 0.019591
2 2 0.005885 0.029803 0.947176 0.007218 0.009918
2 2 0.013117 0.055422 0.896078 0.010742 0.024640
2 2 0.011266 0.051281 0.905458 0.009126 0.022870
2 2 0.009086 0.039142 0.930033 0.009272 0.012467
2 2 0.026420 0.088223 0.819094 0.018078 0.048186
2 2 0.005662 0.026915 0.951732 0.007995 0.007695
2 2 0.005421 0.024785 0.953906 0.009152 0.006736
2 2 0.002192 0.010156 0.975779 0.010121 0.001752
2 2 0.009011 0.032949 0.929731 0.017875 0.010434
2 2 0.003607 0.014488 0.964468 0.014543 0.002894
2 2 0.001750 0.008489 0.928287 0.060051 0.001423
2 2 0.001599 0.008124 0.948442 0.040413 0.001421
2 2 0.003941 0.014278 0.920506 0.058488 0.002787
2 2 0.007789 0.024237 0.862108 0.100146 0.005720
2 3 0.002207 0.009439 0.860219 0.126518 0.001616
2 3 0.009083 0.025881 0.746268 0.212427 0.006341
2 3 0.003861 0.015492 0.953026 0.024289 0.003331
2 3 0.003416 0.013446 0.885919 0.094649 0.002569
2 3 0.003943 0.014818 0.829482 0.148884 0.002873
3 3 0.005843 0.015764 0.385802 0.588880 0.003711
3 3 0.009358 0.021018 0.323887 0.639797 0.005940
2 3 0.002904 0.010715 0.589768 0.394462 0.002151
2 3 0.015217 0.041203 0.643026 0.287967 0.012588
3 3 0.011863 0.020024 0.138978 0.821665 0.007471
3 3 0.004962 0.009677 0.086847 0.895182 0.003332
3 3 0.007671 0.015883 0.187789 0.784025 0.004632
3 3 0.006385 0.012969 0.137050 0.839336 0.004260
3 3 0.003266 0.009587 0.285235 0.699789 0.002123
3 3 0.005648 0.011493 0.124569 0.854892 0.003399
3 3 0.003985 0.011735 0.324588 0.656941 0.002750
3 3 0.002930 0.007347 0.144405 0.843458 0.001860
3 3 0.004208 0.008458 0.080507 0.903986 0.002841
3 3 0.005097 0.010148 0.077380 0.903652 0.003723
3 3 0.003710 0.007563 0.082778 0.903562 0.002387
3 3 0.003437 0.007583 0.094391 0.892201 0.002388
3 3 0.003763 0.007597 0.072124 0.913907 0.002610
3 3 0.008240 0.014971 0.096074 0.874793 0.005922
3 3 0.015296 0.024524 0.150170 0.800303 0.009707
0 2 0.259926 0.235777 0.183510 0.092261 0.228526
2 2 0.065990 0.174163 0.567422 0.025057 0.167368
4 2 0.188411 0.250764 0.232294 0.046190 0.282341
4 2 0.207009 0.242471 0.161719 0.049698 0.339104
2 2 0.052553 0.158596 0.593987 0.021809 0.173056
1 2 0.210759 0.247765 0.235833 0.060898 0.244745
2 2 0.106483 0.218741 0.400590 0.031335 0.242851
0 0 0.279638 0.226673 0.188827 0.117892 0.186969
0 0 0.279638 0.226673 0.188827 0.117892 0.186969
0 0 0.279638 0.226673 0.188827 0.117892 0.186969
0 0 0.279638 0.226673 0.188827 0.117892 0.186969
0 1 0.279638 0.226673 0.188827 0.117892 0.186969
0 1 0.250836 0.238523 0.180432 0.082836 0.247373
4 2 0.148914 0.228291 0.129417 0.023686 0.469692
4 2 0.197792 0.249859 0.232443 0.051762 0.268143
4 2 0.199863 0.241864 0.158167 0.045647 0.354459
4 2 0.247909 0.239246 0.179372 0.080042 0.253431
2 2 0.077677 0.185015 0.529585 0.029695 0.178028
4 2 0.206150 0.248687 0.231507 0.057057 0.256599
4 2 0.166822 0.248223 0.239127 0.038280 0.307548
2 2 0.046997 0.139204 0.686319 0.021264 0.106217
4 2 0.158246 0.233097 0.138353 0.027070 0.443234
0 1 0.279638 0.226673 0.188827 0.117892 0.186969
0 1 0.279638 0.226673 0.188827 0.117892 0.186969
0 1 0.279638 0.226673 0.188827 0.117892 0.186969
4 2 0.237114 0.241291 0.175203 0.070591 0.275801
0 1 0.279638 0.226673 0.188827 0.117892 0.186969
4 2 0.197511 0.241594 0.156970 0.044376 0.359549
2 2 0.056732 0.154219 0.645885 0.023897 0.119267
4 2 0.176871 0.249663 0.209291 0.038293 0.325882
2 2 0.022083 0.079599 0.841870 0.015042 0.041406
2 2 0.086764 0.201571 0.493099 0.026568 0.191998
2 2 0.030089 0.105043 0.785147 0.014940 0.064781
2 2 0.050195 0.143459 0.683574 0.021236 0.101536
2 2 0.025476 0.086749 0.834416 0.014196 0.039163
2 2 0.009105 0.043987 0.918662 0.008605 0.019641
2 2 0.004420 0.021610 0.959565 0.008421 0.005984
2 2 0.038897 0.138721 0.675393 0.014871 0.132119
2 2 0.013407 0.059444 0.886062 0.010297 0.030789
2 2 0.016462 0.071265 0.860794 0.010548 0.040931
0 1 0.254671 0.232846 0.232548 0.102270 0.177664
0 1 0.256857 0.236793 0.182509 0.088944 0.234897
4 2 0.203495 0.245070 0.175778 0.049111 0.326546
2 2 0.111203 0.226599 0.397021 0.028753 0.236424
0 2 0.279638 0.226673 0.188827 0.117892 0.186969
0 2 0.263479 0.234480 0.184618 0.096294 0.221129
2 2 0.028465 0.098682 0.791957 0.017095 0.063801
2 2 0.038430 0.126425 0.729761 0.016404 0.088980
0 2 0.248861 0.239146 0.183469 0.081759 0.246765
4 2 0.229087 0.242226 0.171859 0.064320 0.292508
4 2 0.236820 0.241334 0.175084 0.070350 0.276411
4 2 0.229562 0.242184 0.172062 0.064674 0.291517
2 2 0.092529 0.215220 0.437635 0.023776 0.230840
2 2 0.046747 0.141371 0.680512 0.020123 0.111246
2 2 0.036111 0.120232 0.745187 0.016346 0.082125
2 2 0.001908 0.011237 0.980322 0.004508 0.002025
2 2 0.003151 0.015723 0.969070 0.008329 0.003727
2 2 0.002293 0.013508 0.976497 0.004813 0.002889
2 2 0.003950 0.020085 0.962592 0.007828 0.005544
2 2 0.004099 0.018959 0.962531 0.009711 0.004700
2 2 0.006647 0.033345 0.940162 0.007619 0.012227
2 2 0.003797 0.019171 0.965520 0.006926 0.004585
2 2 0.005031 0.024010 0.955869 0.008382 0.006708
2 2 0.001840 0.009293 0.974754 0.012446 0.001668
2 2 0.002121 0.011111 0.977722 0.006954 0.002092
2 2 0.006306 0.030916 0.944435 0.007903 0.010440
2 2 0.001882 0.008818 0.976818 0.010944 0.001538
2 2 0.003533 0.015374 0.967395 0.010645 0.003054
2 2 0.006139 0.022939 0.946149 0.019078 0.005696
2 2 0.002066 0.010116 0.976896 0.009065 0.001857
2 2 0.001402 0.007228 0.977515 0.012727 0.001128
2 2 0.002164 0.010343 0.971135 0.014356 0.002002
2 2 0.001762 0.009298 0.947052 0.040125 0.001764
2 2 0.009804 0.037715 0.925730 0.014260 0.012492
2 2 0.001561 0.007952 0.947842 0.041331 0.001315
2 3 0.001720 0.008362 0.968712 0.019810 0.001396
2 3 0.001777 0.008532 0.949892 0.038515 0.001283
2 3 0.001846 0.008575 0.931346 0.056830 0.001404
2 3 0.002418 0.010228 0.738749 0.246618 0.001987
2 3 0.005664 0.017974 0.704511 0.267894 0.003957
3 3 0.005404 0.012437 0.210211 0.768493 0.003455
3 3 0.004693 0.011036 0.192884 0.788345 0.003041
3 3 0.005956 0.011313 0.102612 0.876307 0.003811
3 3 0.004417 0.009831 0.147706 0.835299 0.002746
3 3 0.004165 0.008718 0.102017 0.882372 0.002728
3 3 0.007249 0.013388 0.097252 0.877099 0.005012
3 3 0.004990 0.010019 0.097766 0.884030 0.003195
3 3 0.006441 0.012582 0.119129 0.857675 0.004173
3 3 0.003664 0.007772 0.093525 0.892795 0.002243
3 3 0.002927 0.006211 0.059998 0.928735 0.002128
3 3 0.003707 0.008535 0.146985 0.838532 0.002241
3 3 0.006132 0.011228 0.089377 0.889074 0.004190
3 3 0.003434 0.007126 0.064599 0.922346 0.002494
3 3 0.003834 0.007709 0.067978 0.917722 0.002757
3 3 0.001241 0.003134 0.040115 0.954574 0.000936
3 3 0.003455 0.007320 0.064752 0.921933 0.002541
3 3 0.007095 0.013339 0.089855 0.884570 0.005141
3 3 0.004911 0.009786 0.099189 0.883024 0.003090
3 3 0.002588 0.005736 0.056639 0.933125 0.001912
3 3 0.002188 0.005043 0.052367 0.938769 0.001633
3 3 0.128643 0.158819 0.259472 0.330406 0.122660
2 3 0.004689 0.017277 0.840809 0.133668 0.003558
2 2 0.212524 0.219069 0.337009 0.101715 0.129682
0 2 0.279638 0.226673 0.188827 0.117892 0.186969
4 2 0.141438 0.234781 0.153713 0.022069 0.447999
2 2 0.050272 0.144739 0.649619 0.025059 0.130311
2 2 0.045313 0.135996 0.678412 0.023552 0.116727
2 2 0.023238 0.070279 0.844798 0.029328 0.032357
2 2 0.005788 0.022882 0.936116 0.028728 0.006485
2 2 0.006824 0.032490 0.938908 0.009483 0.012294
2 2 0.008980 0.047552 0.911409 0.007217 0.024842
2 2 0.001736 0.009090 0.970438 0.016964 0.001772
2 2 0.002274 0.011250 0.969983 0.013992 0.002500
2 2 0.003592 0.018713 0.966950 0.006313 0.004433
2 2 0.005441 0.019620 0.928876 0.041479 0.004585
2 2 0.003788 0.014590 0.925919 0.052779 0.002924
2 2 0.002819 0.013312 0.972852 0.008507 0.002509
2 2 0.002653 0.012698 0.972675 0.009364 0.002611
2 2 0.002027 0.010556 0.967206 0.018135 0.002076
2 2 0.002067 0.009869 0.904138 0.082121 0.001806
2 2 0.005300 0.024078 0.954097 0.009807 0.006718
2 2 0.001074 0.006200 0.969534 0.022180 0.001012
2 3 0.003114 0.012782 0.934473 0.047285 0.002347
2 3 0.001944 0.009273 0.947623 0.039462 0.001697
2 3 0.003758 0.013771 0.712411 0.267338 0.002722
2 3 0.001334 0.007130 0.931026 0.059345 0.001166
2 3 0.002005 0.009459 0.810794 0.175964 0.001778
2 3 0.002507 0.010422 0.792265 0.192778 0.002028
3 3 0.002701 0.008503 0.291359 0.695560 0.001877
2 3 0.001791 0.008348 0.783586 0.204739 0.001536
3 3 0.003457 0.010451 0.338144 0.645544 0.002403
3 3 0.005178 0.012208 0.184036 0.794887 0.003691
3 3 0.003475 0.010162 0.325980 0.658128 0.002255
2 3 0.004491 0.014479 0.498378 0.479366 0.003286
3 3 0.007833 0.016271 0.180467 0.790041 0.005388
3 3 0.005555 0.011699 0.135415 0.843708 0.003623
3 3 0.005758 0.014185 0.282568 0.693782 0.003706
3 3 0.007645 0.013633 0.106334 0.867372 0.005016
3 3 0.003802 0.008401 0.120950 0.864559 0.002289
3 3 0.002118 0.004815 0.051596 0.939906 0.001565
3 3 0.010173 0.020439 0.198952 0.763619 0.006817
3 3 0.006139 0.011195 0.095693 0.882943 0.004031
3 3 0.052770 0.069425 0.285025 0.563077 0.029704
2 2 0.105191 0.157631 0.469142 0.176566 0.091470
2 2 0.007277 0.023141 0.770526 0.193341 0.005715
2 2 0.008856 0.038500 0.926240 0.011456 0.014949
2 2 0.002698 0.011229 0.921859 0.062234 0.001980
2 2 0.001179 0.006439 0.947020 0.044349 0.001013
2 2 0.001980 0.009194 0.946689 0.040580 0.001557
2 2 0.004601 0.018221 0.951425 0.021679 0.004074
2 2 0.013941 0.046356 0.891049 0.031173 0.017481
2 2 0.003823 0.015371 0.903313 0.074325 0.003167
2 2 0.001889 0.009601 0.935646 0.051031 0.001834
2 2 0.001305 0.007031 0.953327 0.037150 0.001187
2 2 0.002282 0.011082 0.972763 0.011671 0.002201
2 2 0.001581 0.007827 0.932276 0.057001 0.001315
2 2 0.001212 0.006815 0.968126 0.022712 0.001134
2 2 0.002201 0.009473 0.797459 0.189262 0.001605
2 2 0.000897 0.005492 0.982413 0.010340 0.000858
2 2 0.002025 0.008853 0.925315 0.062388 0.001419
2 2 0.001265 0.006628 0.925653 0.065360 0.001095
2 2 0.007634 0.034747 0.926284 0.017097 0.014237
2 2 0.002465 0.010733 0.955569 0.029381 0.001853
2 2 0.001733 0.008629 0.948032 0.040155 0.001451
2 2 0.004302 0.018904 0.958747 0.012904 0.005143
2 2 0.005106 0.025523 0.954093 0.007568 0.007711
4 2 0.029917 0.135580 0.137795 0.003442 0.693267
2 2 0.041857 0.155425 0.544221 0.015029 0.243467
4 2 0.047462 0.159168 0.125749 0.005424 0.662197
4 2 0.138574 0.248301 0.228716 0.023653 0.360757
4 2 0.066337 0.190723 0.195498 0.010435 0.537007
4 2 0.089660 0.190125 0.088602 0.008683 0.622930
4 4 0.031220 0.114042 0.038265 0.001316 0.815157
4 4 0.016444 0.080655 0.022650 0.000442 0.879809
4 4 0.015290 0.077475 0.021333 0.000391 0.885511
4 4 0.032058 0.117648 0.043313 0.001487 0.805494
4 4 0.067232 0.184314 0.158063 0.009904 0.580486
4 4 0.108022 0.204949 0.102148 0.012401 0.572479
4 2 0.114611 0.232344 0.275216 0.024092 0.353738
2 2 0.008370 0.038443 0.920346 0.013105 0.019735
4 2 0.069163 0.199750 0.263866 0.012873 0.454347
4 2 0.025364 0.128977 0.155150 0.003162 0.687347
4 2 0.027494 0.130150 0.127697 0.002931 0.711727
4 4 0.015021 0.076718 0.021024 0.000379 0.886856
4 4 0.049872 0.144942 0.055835 0.002982 0.746369
4 4 0.031814 0.123171 0.058440 0.001850 0.784725
4 4 0.106774 0.204037 0.101255 0.012124 0.575810
4 4 0.108128 0.205026 0.102224 0.012425 0.572197
4 2 0.177848 0.251574 0.241688 0.041302 0.287588
2 2 0.082362 0.197668 0.481879 0.026727 0.211365
2 2 0.010296 0.045020 0.911506 0.012121 0.021057
2 2 0.019136 0.078843 0.840687 0.012185 0.049149
2 2 0.040430 0.129496 0.724042 0.016897 0.089136
2 2 0.002711 0.016907 0.971019 0.004649 0.004714
2 2 0.003686 0.021815 0.962403 0.005232 0.006863
2 2 0.002671 0.016852 0.971032 0.004624 0.004820
2 2 0.008595 0.046902 0.908317 0.007811 0.028375
2 2 0.003985 0.022720 0.959201 0.006302 0.007792
2 2 0.002609 0.014232 0.972336 0.007260 0.003562
2 2 0.002672 0.012784 0.971580 0.010146 0.002818
2 2 0.004363 0.026518 0.953833 0.005181 0.010105
2 2 0.002641 0.014328 0.971842 0.007507 0.003683
2 2 0.006751 0.034626 0.937768 0.007382 0.013473
2 2 0.001774 0.010324 0.981145 0.004914 0.001843
2 2 0.001379 0.007730 0.982350 0.007166 0.001376
2 2 0.003483 0.014993 0.960592 0.017647 0.003285
2 2 0.001085 0.006322 0.951461 0.040074 0.001057
2 2 0.002034 0.010545 0.978141 0.007330 0.001949
2 2 0.002322 0.011142 0.962006 0.022286 0.002244
2 2 0.002414 0.011493 0.972877 0.010829 0.002388
2 2 0.002398 0.010786 0.951774 0.032969 0.002072
2 2 0.002639 0.011801 0.969764 0.013481 0.002315
2 2 0.003968 0.014292 0.731393 0.247355 0.002992
2 2 0.004092 0.017463 0.948267 0.025756 0.004421
2 2 0.001440 0.007871 0.963626 0.025615 0.001448
2 2 0.001382 0.007436 0.981285 0.008575 0.001323
2 2 0.001531 0.007830 0.965254 0.024031 0.001354
2 2 0.004848 0.018936 0.875844 0.095477 0.004896
2 2 0.003090 0.012901 0.917588 0.063880 0.002541
2 2 0.004948 0.018881 0.921076 0.050729 0.004365
2 2 0.001007 0.005519 0.904000 0.088703 0.000771
2 2 0.003923 0.015748 0.938757 0.038314 0.003258
2 2 0.003618 0.012258 0.650147 0.331493 0.002484
2 2 0.001574 0.007654 0.751593 0.237841 0.001338
2 2 0.002484 0.010768 0.872210 0.112561 0.001978
2 3 0.004890 0.015693 0.674663 0.301132 0.003622
3 3 0.008020 0.021460 0.392362 0.571301 0.006858
2 3 0.004123 0.012906 0.519481 0.460673 0.002817
3 3 0.004832 0.011949 0.237684 0.742564 0.002971
3 3 0.004804 0.009256 0.093478 0.889418 0.003044
3 3 0.002839 0.006065 0.059155 0.929872 0.002068
3 3 0.003241 0.006810 0.062888 0.924699 0.002361
3 3 0.008260 0.014308 0.115300 0.856909 0.005224
3 3 0.006034 0.011895 0.083504 0.894129 0.004438
3 3 0.002859 0.005956 0.059368 0.929763 0.002054
3 3 0.002843 0.006097 0.059190 0.929795 0.002075
3 3 0.002964 0.006093 0.060381 0.928444 0.002119
3 3 0.001973 0.004499 0.049910 0.942165 0.001452
3 3 0.003429 0.007009 0.064574 0.922518 0.002469
3 3 0.002362 0.005324 0.054275 0.936290 0.001750
3 3 0.003295 0.006842 0.065501 0.922017 0.002344
3 3 0.002838 0.005951 0.061875 0.927341 0.001995
3 3 0.002468 0.005281 0.055448 0.935022 0.001781
3 3 0.003394 0.007337 0.064200 0.922547 0.002521
3 3 0.003545 0.007250 0.065568 0.921078 0.002560
3 3 0.002450 0.005477 0.055216 0.935045 0.001812
3 2 0.162717 0.160089 0.244521 0.323702 0.108971
2 2 0.008474 0.027302 0.790525 0.166262 0.007438
2 2 0.007986 0.028062 0.922897 0.033141 0.007913
2 2 0.003297 0.014496 0.941231 0.037529 0.003446
2 2 0.002076 0.010272 0.954345 0.031326 0.001981
2 2 0.002252 0.010072 0.943889 0.041969 0.001818
2 2 0.007003 0.025964 0.864307 0.094503 0.008223
2 2 0.003158 0.012916 0.767487 0.213514 0.002925
2 2 0.002324 0.009258 0.564621 0.421846 0.001952
2 3 0.002282 0.009328 0.591556 0.394942 0.001893
3 3 0.002575 0.009284 0.439005 0.547183 0.001953
2 3 0.005184 0.015865 0.535312 0.439974 0.003665
2 3 0.010098 0.028710 0.523017 0.429415 0.008760
2 3 0.002602 0.009562 0.549484 0.436507 0.001845
3 3 0.006752 0.013500 0.168663 0.807267 0.003818
3 3 0.002922 0.008301 0.143926 0.842438 0.002413
3 3 0.002177 0.008380 0.424453 0.563198 0.001793
2 3 0.002481 0.010907 0.799515 0.184980 0.002117
2 3 0.006173 0.020016 0.656883 0.311752 0.005175
2 3 0.004152 0.014434 0.721204 0.257058 0.003152
3 3 0.005612 0.015610 0.354855 0.619797 0.004126
3 3 0.003155 0.011119 0.475902 0.507345 0.002479
2 3 0.005787 0.018904 0.723977 0.246842 0.004491
3 3 0.005034 0.015085 0.478634 0.497796 0.003451
2 3 0.002116 0.009143 0.714403 0.272581 0.001757
3 3 0.008242 0.016014 0.117119 0.852504 0.006121
3 3 0.006305 0.011834 0.092280 0.885251 0.004330
3 3 0.004666 0.011929 0.238323 0.741815 0.003267
3 3 0.003165 0.006746 0.074157 0.913736 0.002196
3 3 0.001933 0.004476 0.049430 0.942728 0.001433
3 3 0.002043 0.004574 0.050748 0.941144 0.001492
3 3 0.004445 0.008754 0.072747 0.910860 0.003194
3 3 0.002347 0.005211 0.054127 0.936592 0.001723
3 3 0.003684 0.007384 0.075903 0.910572 0.002457
3 3 0.003067 0.006611 0.061284 0.926780 0.002258
3 3 0.001961 0.004457 0.049780 0.942362 0.001440
3 3 0.002298 0.005144 0.053600 0.937265 0.001693
3 3 0.003454 0.007092 0.064780 0.922180 0.002495
3 3 0.112065 0.114683 0.243847 0.456409 0.072997
3 3 0.012277 0.026554 0.342373 0.610780 0.008016
3 3 0.008786 0.022705 0.480520 0.482050 0.005938
2 3 0.050143 0.123970 0.713433 0.038329 0.074125
2 3 0.004231 0.015098 0.907820 0.070098 0.002753
2 3 0.004687 0.016184 0.868280 0.107444 0.003405
2 3 0.010631 0.030970 0.870730 0.080067 0.007601
2 3 0.011340 0.041209 0.917718 0.016004 0.013729
2 3 0.002029 0.011373 0.979189 0.005327 0.002082
2 3 0.002619 0.011790 0.972298 0.011158 0.002135
2 2 0.010191 0.039657 0.920963 0.014783 0.014406
2 2 0.002300 0.010801 0.940662 0.044177 0.002060
2 2 0.002840 0.012771 0.945576 0.036300 0.002513
2 2 0.005721 0.019742 0.930355 0.039807 0.004375
2 2 0.002363 0.011348 0.959170 0.024846 0.002273
2 2 0.002486 0.010271 0.879056 0.106382 0.001804
2 2 0.002150 0.009810 0.946743 0.039560 0.001738
2 2 0.005900 0.018568 0.769612 0.201831 0.004090
2 3 0.006472 0.021017 0.708541 0.258808 0.005163
2 3 0.004421 0.017228 0.939346 0.035090 0.003915
2 3 0.002489 0.010145 0.682831 0.302501 0.002034
2 3 0.002888 0.011881 0.738871 0.243894 0.002466
3 3 0.003276 0.011080 0.481951 0.501317 0.002376
3 3 0.005527 0.015415 0.355383 0.619731 0.003943
2 3 0.008157 0.022440 0.636355 0.327298 0.005750
3 3 0.006573 0.016656 0.373230 0.599216 0.004325
3 3 0.006336 0.016810 0.426467 0.546545 0.003842
3 3 0.003882 0.010370 0.234889 0.748475 0.002384
3 3 0.012498 0.028865 0.424642 0.525555 0.008440
3 2 0.064027 0.080620 0.237883 0.576011 0.041459
3 2 0.054958 0.083276 0.392797 0.432847 0.036122
2 2 0.006365 0.024836 0.938267 0.023520 0.007012
2 2 0.009715 0.029572 0.845223 0.107394 0.008097
2 2 0.001464 0.007833 0.959970 0.029422 0.001311
2 2 0.005796 0.019717 0.739816 0.230112 0.004559
2 3 0.006302 0.020173 0.709045 0.259778 0.004701
2 3 0.003122 0.013859 0.908577 0.071417 0.003025
2 3 0.001757 0.008651 0.942102 0.045897 0.001593
2 3 0.002697 0.011433 0.932157 0.051499 0.002214
2 3 0.002631 0.012076 0.845505 0.137184 0.002604
3 3 0.003633 0.011709 0.379036 0.602715 0.002907
3 3 0.004729 0.014196 0.373371 0.603943 0.003762
2 3 0.001962 0.009088 0.826020 0.161196 0.001734
2 3 0.002991 0.011093 0.626156 0.357473 0.002287
2 3 0.002629 0.010050 0.527825 0.457426 0.002070
3 3 0.002031 0.007799 0.406787 0.581722 0.001661
3 3 0.002670 0.008949 0.332216 0.654139 0.002026
3 3 0.007414 0.019930 0.371162 0.595001 0.006492
3 3 0.004177 0.012442 0.341069 0.639107 0.003205
3 3 0.006329 0.013097 0.124106 0.852000 0.004468
3 3 0.005292 0.013928 0.301068 0.676166 0.003546
3 3 0.005600 0.015928 0.467682 0.506936 0.003854
3 3 0.002359 0.008524 0.361440 0.625756 0.001920
3 3 0.003020 0.010219 0.431297 0.553208 0.002256
3 3 0.003442 0.009454 0.219265 0.765449 0.002390
3 3 0.003633 0.007842 0.108565 0.877754 0.002205
3 3 0.003393 0.007396 0.081037 0.905727 0.002448
3 3 0.005064 0.010820 0.157676 0.823439 0.003001
2 2 0.153238 0.161640 0.294062 0.286064 0.104995
2 2 0.225843 0.205455 0.267152 0.145513 0.156037
0 1 0.275362 0.229081 0.187862 0.111568 0.196127
2 2 0.051536 0.161655 0.606087 0.017930 0.162792
2 2 0.007134 0.032712 0.937782 0.010410 0.011963
2 2 0.004160 0.015951 0.928016 0.048773 0.003100
2 2 0.002202 0.010379 0.949161 0.036373 0.001886
2 2 0.004487 0.017250 0.945563 0.028994 0.003706
2 2 0.024340 0.086189 0.821330 0.016899 0.051242
2 2 0.037490 0.142616 0.629881 0.014268 0.175746
4 2 0.031151 0.143607 0.234675 0.005887 0.584680
4 2 0.020806 0.111768 0.091348 0.001630 0.774448
4 2 0.016574 0.096314 0.062160 0.000940 0.824011
4 2 0.026286 0.134340 0.216395 0.004468 0.618512
4 2 0.023016 0.112373 0.072627 0.001523 0.790461
4 4 0.024356 0.099919 0.031257 0.000860 0.843609
4 4 0.021062 0.092368 0.027753 0.000671 0.858145
2 4 0.107779 0.224551 0.350394 0.027941 0.289335
4 4 0.028235 0.108138 0.035262 0.001107 0.827258
4 4 0.024213 0.126707 0.155109 0.002999 0.690972
4 4 0.036459 0.128463 0.054821 0.002055 0.778202
4 4 0.039310 0.136266 0.066614 0.002602 0.755207
4 4 0.022886 0.128061 0.234762 0.004129 0.610162
4 4 0.014008 0.073800 0.019849 0.000337 0.892006
4 4 0.118545 0.212141 0.109533 0.014882 0.544898
4 4 0.031694 0.135280 0.112739 0.003103 0.717183
4 4 0.060417 0.177949 0.166987 0.009315 0.585332
4 4 0.068147 0.182411 0.138502 0.009097 0.601842
4 2 0.086372 0.216727 0.318910 0.018159 0.359832
4 2 0.033175 0.149064 0.311847 0.007980 0.497934
4 2 0.044839 0.154398 0.115580 0.004724 0.680458
4 2 0.021380 0.120911 0.156582 0.002628 0.698498
4 2 0.101219 0.220320 0.199046 0.016795 0.462620
4 2 0.106671 0.219125 0.165839 0.016130 0.492235
4 2 0.038735 0.143007 0.096825 0.003445 0.717989
4 2 0.086331 0.210010 0.254646 0.017957 0.431057
2 2 0.026716 0.137664 0.436201 0.007943 0.391476
4 2 0.096885 0.202012 0.122811 0.012679 0.565613
4 2 0.072336 0.199627 0.323512 0.017418 0.387107
2 2 0.062360 0.193375 0.371101 0.014680 0.358485
4 2 0.066809 0.166816 0.070434 0.005039 0.690902
4 2 0.086281 0.212586 0.269692 0.017700 0.413741
4 2 0.071952 0.181892 0.112893 0.008129 0.625134
4 2 0.055131 0.184842 0.311177 0.011660 0.437190
4 2 0.073318 0.182280 0.108778 0.008058 0.627567
2 2 0.039624 0.157170 0.403477 0.012391 0.387338
2 2 0.032336 0.148591 0.421063 0.009283 0.388727
4 2 0.031351 0.144335 0.314968 0.008035 0.501311
2 2 0.054615 0.180304 0.410625 0.015218 0.339239
2 2 0.063653 0.185162 0.435649 0.020363 0.295173
2 2 0.017089 0.071064 0.850933 0.013897 0.047018
2 2 0.006305 0.034700 0.935217 0.007364 0.016414
2 2 0.037579 0.120497 0.729077 0.020328 0.092519
2 2 0.048354 0.169956 0.445359 0.014967 0.321364
2 2 0.005062 0.027129 0.951999 0.006636 0.009174
2 2 0.005221 0.027263 0.950655 0.007375 0.009485
2 2 0.005273 0.030655 0.945533 0.005861 0.012677
2 2 0.017417 0.082512 0.833033 0.008644 0.058394
2 2 0.007087 0.034398 0.938174 0.008027 0.012314
2 2 0.006169 0.031613 0.944635 0.006824 0.010759
2 2 0.006674 0.031914 0.942075 0.008442 0.010894
2 2 0.002376 0.011971 0.975044 0.008179 0.002430
2 2 0.007118 0.035301 0.936328 0.007856 0.013397
2 2 0.004995 0.023761 0.955059 0.009132 0.007053
2 2 0.004410 0.019076 0.961741 0.010493 0.004280
2 2 0.004471 0.020215 0.960989 0.009469 0.004856
2 2 0.003387 0.015109 0.967885 0.010468 0.003151
2 2 0.005092 0.027321 0.952370 0.006294 0.008923
2 2 0.003484 0.015800 0.966953 0.010287 0.003476
2 2 0.007669 0.037365 0.931765 0.008363 0.014840
2 2 0.003336 0.016011 0.968032 0.008942 0.003680
2 2 0.003760 0.019248 0.964249 0.007572 0.005171
2 2 0.003966 0.018520 0.963265 0.009622 0.004627
2 2 0.003957 0.020379 0.961436 0.008160 0.006067
2 2 0.003443 0.019574 0.966136 0.005485 0.005363
2 2 0.003131 0.013713 0.968909 0.011498 0.002750
2 2 0.005099 0.026651 0.952216 0.007136 0.008898
2 2 0.003700 0.015422 0.954042 0.023389 0.003447
2 2 0.002307 0.010792 0.966677 0.018430 0.001795
2 2 0.004689 0.019519 0.957916 0.013086 0.004789
2 2 0.001913 0.009215 0.975391 0.011889 0.001591
2 2 0.025173 0.061916 0.851961 0.039517 0.021433
2 2 0.006906 0.025602 0.938782 0.021274 0.007436
2 2 0.024456 0.083517 0.833986 0.016381 0.041661
2 2 0.003775 0.018520 0.965426 0.007849 0.004429
2 2 0.002176 0.010903 0.977726 0.007322 0.001873
2 2 0.001430 0.007802 0.977703 0.011607 0.001457
2 2 0.005647 0.022720 0.941973 0.023064 0.006595
2 2 0.008012 0.028355 0.929927 0.025148 0.008558
2 2 0.001820 0.009314 0.972709 0.014408 0.001749
2 2 0.001319 0.007375 0.981373 0.008667 0.001266
2 2 0.001639 0.008341 0.962769 0.025771 0.001480
2 2 0.002842 0.012362 0.954078 0.028222 0.002497
2 2 0.001564 0.008328 0.978928 0.009660 0.001520
2 2 0.001888 0.009118 0.969247 0.018038 0.001708
2 2 0.002416 0.011345 0.972418 0.011662 0.002159
2 2 0.002710 0.011487 0.954879 0.028701 0.002224
2 2 0.001955 0.009157 0.949562 0.037710 0.001617
2 2 0.001947 0.009212 0.963135 0.024020 0.001687
2 2 0.004392 0.015138 0.725260 0.252134 0.003075
2 2 0.003023 0.011115 0.612177 0.371429 0.002256
2 3 0.003778 0.012016 0.514743 0.467080 0.002382
2 3 0.004743 0.018068 0.888240 0.084772 0.004177
2 3 0.001098 0.005861 0.871638 0.120490 0.000913
2 3 0.001602 0.007382 0.892770 0.097103 0.001143
2 3 0.004395 0.016973 0.837504 0.137193 0.003935
3 3 0.011917 0.026021 0.376817 0.577604 0.007641
2 3 0.001748 0.008042 0.697147 0.291582 0.001480
3 3 0.004334 0.012928 0.419109 0.560716 0.002912
3 3 0.005825 0.011364 0.106241 0.872886 0.003684
3 3 0.005322 0.012531 0.171687 0.806712 0.003747
3 3 0.004352 0.011892 0.332245 0.648851 0.002660
3 3 0.003865 0.007687 0.076708 0.909148 0.002592
3 3 0.003913 0.007901 0.068611 0.916749 0.002826
3 3 0.002000 0.004608 0.050224 0.941685 0.001482
3 3 0.002650 0.005771 0.073072 0.916808 0.001699
3 3 0.003773 0.007485 0.067498 0.918555 0.002690
3 3 0.004877 0.009718 0.075855 0.905997 0.003552
3 3 0.003524 0.007372 0.065356 0.921172 0.002576
3 3 0.002749 0.005862 0.058278 0.931115 0.001995
3 3 0.004701 0.009025 0.077513 0.905486 0.003275
3 3 0.003149 0.006599 0.062069 0.925898 0.002286
3 3 0.002859 0.006143 0.059334 0.929575 0.002090
3 3 0.001802 0.004165 0.047836 0.944870 0.001328
3 3 0.002406 0.005186 0.054788 0.935880 0.001740
3 3 0.001628 0.004011 0.045573 0.947553 0.001235
3 3 0.002615 0.005724 0.056920 0.932822 0.001919
3 3 0.004635 0.009412 0.098282 0.884763 0.002908
3 3 0.054234 0.071213 0.290327 0.553863 0.030364
2 2 0.128555 0.215438 0.428523 0.048529 0.178955
2 2 0.009208 0.032656 0.906227 0.041615 0.010295
2 2 0.021802 0.074984 0.837188 0.023085 0.042941
2 2 0.003930 0.015638 0.939716 0.037120 0.003596
2 2 0.003894 0.015221 0.944662 0.032925 0.003298
2 2 0.002687 0.012714 0.971776 0.010120 0.002703
2 2 0.005993 0.028479 0.946581 0.009301 0.009646
2 2 0.004690 0.022148 0.957427 0.009412 0.006323
2 2 0.002084 0.010545 0.961279 0.023933 0.002159
2 2 0.001939 0.009800 0.972053 0.014298 0.001910
2 2 0.002028 0.010237 0.978196 0.007735 0.001804
2 2 0.001758 0.009388 0.972061 0.014938 0.001855
2 2 0.005811 0.023431 0.948902 0.015103 0.006754
2 2 0.001526 0.008182 0.977502 0.011295 0.001496
2 2 0.003185 0.014110 0.947336 0.032217 0.003152
2 2 0.003285 0.014169 0.957161 0.022300 0.003085
2 2 0.002400 0.010941 0.968691 0.015814 0.002153
2 2 0.001391 0.007116 0.942244 0.048058 0.001190
2 2 0.001222 0.006969 0.963133 0.027474 0.001203
2 2 0.001370 0.007375 0.934736 0.055205 0.001314
2 2 0.008089 0.028306 0.855389 0.099667 0.008548
2 2 0.001581 0.008150 0.913146 0.075674 0.001448
2 2 0.002099 0.009751 0.825253 0.161027 0.001870
2 2 0.002695 0.010967 0.843324 0.140982 0.002032
2 2 0.005286 0.017935 0.638192 0.333994 0.004594
2 1 0.158235 0.194743 0.435869 0.097005 0.114148
0 1 0.279638 0.226673 0.188827 0.117892 0.186969
2 1 0.076889 0.180308 0.573683 0.028451 0.140669
2 2 0.198060 0.237339 0.319678 0.069982 0.174941
2 2 0.005409 0.023157 0.951235 0.013262 0.006937
2 2 0.017375 0.065143 0.872498 0.014423 0.030562
2 2 0.041399 0.108852 0.760931 0.029527 0.059291
2 2 0.002401 0.011298 0.975384 0.008941 0.001976
2 2 0.003852 0.016792 0.963037 0.012316 0.004004
2 2 0.003052 0.013908 0.970235 0.010002 0.002803
2 2 0.007663 0.035675 0.931610 0.010403 0.014648
2 2 0.001161 0.006339 0.979707 0.011833 0.000960
2 2 0.002395 0.013028 0.974919 0.006743 0.002915
2 2 0.001404 0.007898 0.982256 0.006986 0.001457
2 2 0.006063 0.031497 0.941628 0.008013 0.012798
2 2 0.000999 0.005740 0.984641 0.007684 0.000936
2 2 0.003508 0.017104 0.965184 0.009599 0.004605
2 2 0.003552 0.016239 0.966521 0.010023 0.003665
2 2 0.003553 0.016294 0.955326 0.020739 0.004088
2 2 0.012642 0.059536 0.879027 0.010713 0.038082
2 2 0.004263 0.018616 0.959004 0.013182 0.004935
2 2 0.001907 0.009090 0.964340 0.023194 0.001469
2 2 0.008030 0.038046 0.923673 0.011468 0.018783
2 2 0.002922 0.012615 0.934242 0.047799 0.002421
2 2 0.064944 0.140752 0.686649 0.035868 0.071787
2 2 0.027816 0.103860 0.791534 0.012398 0.064391
0 0 0.279638 0.226673 0.188827 0.117892 0.186969
0 1 0.279638 0.226673 0.188827 0.117892 0.186969
2 2 0.042689 0.123534 0.736082 0.021734 0.075962
2 2 0.013315 0.052702 0.901818 0.011770 0.020395
2 2 0.006098 0.028724 0.949190 0.007806 0.008182
2 2 0.009146 0.044840 0.918285 0.007972 0.019756
2 2 0.134482 0.212795 0.469489 0.049378 0.133856
2 2 0.022350 0.081378 0.838659 0.014546 0.043068
2 2 0.006315 0.031107 0.945820 0.007072 0.009687
1 2 0.215387 0.246804 0.235490 0.064273 0.238046
2 2 0.059958 0.155554 0.659355 0.023457 0.101677
2 2 0.018752 0.065110 0.875632 0.014952 0.025554
2 2 0.003906 0.017745 0.966625 0.008212 0.003512
2 2 0.002512 0.015131 0.973886 0.004795 0.003676
0 2 0.273980 0.227120 0.205410 0.117462 0.176027
0 0 0.279638 0.226673 0.188827 0.117892 0.186969
0 0 0.279638 0.226673 0.188827 0.117892 0.186969
0 0 0.279638 0.226673 0.188827 0.117892 0.186969
0 1 0.279638 0.226673 0.188827 0.117892 0.186969
0 1 0.279638 0.226673 0.188827 0.117892 0.186969
0 1 0.279638 0.226673 0.188827 0.117892 0.186969
0 0 0.279638 0.226673 0.188827 0.117892 0.186969
0 0 0.279638 0.226673 0.188827 0.117892 0.186969
0 1 0.279638 0.226673 0.188827 0.117892 0.186969
0 1 0.279638 0.226673 0.188827 0.117892 0.186969
0 0 0.279638 0.226673 0.188827 0.117892 0.186969
0 0 0.279638 0.226673 0.188827 0.117892 0.186969
0 0 0.279638 0.226673 0.188827 0.117892 0.186969
0 1 0.279638 0.226673 0.188827 0.117892 0.186969
4 1 0.194707 0.241226 0.155527 0.042899 0.365640
0 1 0.255674 0.237160 0.182112 0.087702 0.237352
2 2 0.107676 0.210536 0.439385 0.037681 0.204722
2 2 0.019654 0.071994 0.835141 0.021835 0.051375
4 2 0.062004 0.175209 0.127660 0.007549 0.627578
4 2 0.034576 0.140608 0.118136 0.003564 0.703116
4 2 0.026790 0.131132 0.148945 0.003246 0.689887
4 2 0.024622 0.100505 0.031535 0.000876 0.842462
4 2 0.053135 0.149533 0.058735 0.003337 0.735259
4 4 0.013455 0.072163 0.019200 0.000315 0.894867
4 4 0.051488 0.147241 0.057277 0.003156 0.740838
4 4 0.063685 0.163120 0.067821 0.004620 0.700755
4 4 0.044811 0.137403 0.051245 0.002469 0.764072
4 4 0.012060 0.067887 0.017543 0.000262 0.902247
4 4 0.017037 0.082244 0.023319 0.000469 0.876932
4 4 0.056535 0.154111 0.061710 0.003728 0.723915
4 4 0.047572 0.141582 0.053764 0.002743 0.754338
4 4 0.047568 0.141576 0.053760 0.002743 0.754353
4 4 0.145103 0.226615 0.127035 0.022434 0.478812
4 4 0.041055 0.151135 0.126862 0.004614 0.676334
4 4 0.095394 0.195088 0.092926 0.009764 0.606828
4 4 0.045994 0.139214 0.052329 0.002584 0.759878
4 4 0.023143 0.097206 0.029979 0.000788 0.848884
4 4 0.016994 0.082129 0.023270 0.000467 0.877140
4 4 0.099741 0.198642 0.096146 0.010632 0.594839
4 4 0.034800 0.120709 0.041788 0.001587 0.801116
4 4 0.046819 0.140459 0.053081 0.002667 0.756974
4 4 0.052076 0.148065 0.057799 0.003220 0.738840
4 4 0.014994 0.076641 0.020993 0.000378 0.886994
4 4 0.037805 0.126000 0.044685 0.001833 0.789677
4 4 0.067713 0.167859 0.071184 0.005164 0.688080
4 4 0.041609 0.132342 0.048279 0.002167 0.775603
4 4 0.036783 0.127023 0.050053 0.001937 0.784205
4 4 0.044655 0.139649 0.057253 0.002677 0.755766
4 4 0.075149 0.183168 0.105587 0.008096 0.628001
4 4 0.029586 0.127222 0.086971 0.002325 0.753896
4 4 0.041249 0.140899 0.073795 0.002979 0.741078
4 4 0.091019 0.191330 0.089635 0.008933 0.619082
4 4 0.051668 0.166708 0.146628 0.006857 0.628139
4 4 0.040875 0.137266 0.063470 0.002620 0.755769
4 4 0.055812 0.153155 0.061082 0.003644 0.726307
4 4 0.033295 0.123801 0.054071 0.001835 0.786998
4 4 0.022056 0.112278 0.080629 0.001576 0.783462
4 4 0.027291 0.120421 0.073998 0.001869 0.776420
4 4 0.033288 0.117945 0.040311 0.001470 0.806986
4 4 0.038791 0.127681 0.045624 0.001917 0.785987
4 4 0.038454 0.127110 0.045304 0.001888 0.787244
4 4 0.028390 0.108452 0.035419 0.001117 0.826622
4 4 0.016653 0.081218 0.022886 0.000451 0.878793
4 4 0.014574 0.075441 0.020507 0.000360 0.889118
4 4 0.020196 0.090279 0.026814 0.000625 0.862087
4 4 0.013565 0.072491 0.019329 0.000319 0.894295
4 4 0.035254 0.121527 0.042230 0.001624 0.799366
4 4 0.027712 0.107068 0.034729 0.001072 0.829419
4 4 0.039876 0.129500 0.046651 0.002012 0.781961
4 4 0.035287 0.121585 0.042261 0.001626 0.799241
4 4 0.014044 0.073906 0.019891 0.000339 0.891820
4 4 0.031763 0.115081 0.038805 0.001356 0.812996
4 4 0.042792 0.134239 0.049381 0.002276 0.771312
4 4 0.019780 0.089261 0.026361 0.000603 0.863995
4 4 0.066137 0.166032 0.069874 0.004947 0.693010
4 4 0.035503 0.121971 0.042471 0.001644 0.798412
4 4 0.058618 0.175252 0.156873 0.008477 0.600780
4 4 0.043553 0.160464 0.193567 0.007229 0.595187
2 2 0.030355 0.126005 0.647023 0.014792 0.181825
2 2 0.036142 0.138458 0.616040 0.015881 0.193479
2 2 0.036499 0.140724 0.596349 0.015787 0.210641
2 2 0.055601 0.178599 0.397481 0.016683 0.351636
2 2 0.026557 0.111268 0.709409 0.015239 0.137527
2 2 0.042806 0.153841 0.566854 0.016200 0.220299
4 2 0.047498 0.167577 0.332280 0.013349 0.439297
2 2 0.009971 0.047178 0.899201 0.013064 0.030586
2 2 0.033038 0.125136 0.658032 0.018470 0.165324
2 2 0.048354 0.166843 0.467444 0.016503 0.300856
4 2 0.041605 0.160782 0.343731 0.011508 0.442374
2 2 0.011930 0.052818 0.890908 0.013180 0.031163
2 2 0.011748 0.066044 0.854346 0.008108 0.059754
2 2 0.005467 0.034453 0.935618 0.005676 0.018785
2 2 0.025154 0.114274 0.714265 0.011113 0.135195
2 2 0.015430 0.066665 0.849382 0.015783 0.052740
2 2 0.009167 0.047179 0.906089 0.009250 0.028316
2 2 0.003790 0.019707 0.964162 0.007055 0.005286
2 2 0.017802 0.089892 0.779627 0.010359 0.102320
2 2 0.004220 0.023589 0.955378 0.007621 0.009192
2 2 0.001422 0.009528 0.982782 0.004191 0.002077
2 2 0.003269 0.020008 0.966327 0.004580 0.005818
2 2 0.007098 0.039233 0.922791 0.008236 0.022642
2 2 0.002068 0.011296 0.977345 0.006897 0.002394
2 2 0.002092 0.011947 0.977884 0.005596 0.002480
2 2 0.001030 0.006373 0.986459 0.005113 0.001024
2 2 0.005180 0.025254 0.949966 0.010401 0.009199
2 2 0.001996 0.011569 0.978283 0.005671 0.002481
2 2 0.002406 0.013446 0.975673 0.005632 0.002843
2 2 0.001779 0.009159 0.968324 0.019027 0.001711
2 2 0.002796 0.014461 0.972514 0.007073 0.003156
2 2 0.001953 0.009919 0.978288 0.008041 0.001798
2 2 0.002502 0.013537 0.974329 0.006609 0.003024
2 2 0.004479 0.022787 0.957409 0.008155 0.007169
2 2 0.001854 0.009937 0.979900 0.006548 0.001761
2 2 0.001673 0.008602 0.979033 0.009138 0.001554
2 2 0.001898 0.011221 0.979718 0.004949 0.002213
2 2 0.003534 0.016847 0.966230 0.009287 0.004102
2 2 0.005036 0.020204 0.948030 0.021248 0.005482
2 2 0.001857 0.009932 0.979500 0.006886 0.001826
2 2 0.005058 0.027163 0.951878 0.006635 0.009266
2 2 0.002981 0.015057 0.965632 0.011883 0.004446
2 2 0.002882 0.014767 0.971810 0.007293 0.003249
2 2 0.002285 0.013515 0.975697 0.005320 0.003183
2 2 0.001903 0.010150 0.978600 0.007360 0.001986
2 2 0.002089 0.011109 0.976945 0.007540 0.002317
2 2 0.001144 0.006573 0.966407 0.024705 0.001171
2 2 0.002257 0.010213 0.832212 0.153266 0.002050
2 2 0.001442 0.008131 0.976281 0.012624 0.001523
2 2 0.001734 0.008680 0.962478 0.025517 0.001591
2 2 0.004695 0.020946 0.947779 0.019781 0.006799
2 2 0.002044 0.009461 0.971199 0.015603 0.001693
2 2 0.001801 0.008962 0.904382 0.083209 0.001645
2 2 0.002386 0.010811 0.925904 0.058697 0.002202
2 2 0.001994 0.008888 0.858221 0.129290 0.001608
2 2 0.001761 0.008364 0.751839 0.236475 0.001560
2 2 0.002741 0.012446 0.913485 0.068607 0.002721
2 3 0.000888 0.005007 0.916825 0.076588 0.000692
2 3 0.002754 0.011114 0.747306 0.236645 0.002182
2 3 0.003491 0.013624 0.677866 0.301931 0.003089
2 3 0.001470 0.007503 0.964322 0.025436 0.001269
2 3 0.005966 0.019487 0.780162 0.190038 0.004348
2 3 0.001630 0.007307 0.892704 0.097285 0.001075
2 3 0.001500 0.007775 0.882618 0.106768 0.001339
2 3 0.001844 0.008060 0.546818 0.441584 0.001694
3 3 0.003977 0.012612 0.463763 0.516939 0.002708
3 3 0.003755 0.010114 0.248318 0.735143 0.002670
3 3 0.002853 0.008414 0.257087 0.729632 0.002014
3 3 0.004315 0.012517 0.411507 0.568828 0.002833
3 3 0.004861 0.009885 0.098531 0.883447 0.003276
3 3 0.006471 0.013631 0.198291 0.777794 0.003813
2 3 0.001939 0.008262 0.664182 0.324109 0.001506
3 3 0.003038 0.007843 0.162925 0.824184 0.002010
3 3 0.002758 0.007525 0.203519 0.784522 0.001675
3 3 0.003098 0.006752 0.090669 0.897558 0.001922
3 3 0.004107 0.008975 0.116029 0.868281 0.002608
3 3 0.003607 0.007530 0.088625 0.897994 0.002244
3 3 0.003848 0.008897 0.147970 0.836828 0.002457
3 3 0.002338 0.005090 0.054056 0.936819 0.001697
3 3 0.006784 0.012184 0.090652 0.885681 0.004700
3 3 0.005354 0.010487 0.107851 0.873033 0.003275
3 3 0.003844 0.007947 0.068020 0.917380 0.002809
3 3 0.001793 0.004166 0.047725 0.944990 0.001325
3 3 0.002211 0.004831 0.052674 0.938682 0.001602
3 3 0.003804 0.007785 0.073259 0.912506 0.002645
3 3 0.002212 0.004891 0.052671 0.938613 0.001613
3 3 0.001960 0.004484 0.049761 0.942350 0.001445
3 3 0.003625 0.007444 0.066235 0.920068 0.002628
3 3 0.002705 0.005706 0.057860 0.931781 0.001949
3 3 0.001640 0.003959 0.045748 0.947423 0.001231
3 3 0.001789 0.004285 0.047645 0.944937 0.001345
3 3 0.004040 0.007935 0.069657 0.915490 0.002878
3 3 0.003560 0.007219 0.065706 0.920956 0.002559
3 3 0.004104 0.008444 0.070090 0.914356 0.003006
3 3 0.001997 0.004415 0.050226 0.941916 0.001446
3 3 0.004055 0.007966 0.069769 0.915321 0.002890
3 3 0.002097 0.004753 0.051359 0.940246 0.001545
3 3 0.002584 0.005736 0.056595 0.933176 0.001910
3 3 0.005873 0.010783 0.082626 0.896578 0.004140
3 2 0.035361 0.049450 0.175495 0.715102 0.024592
3 2 0.020405 0.036488 0.317414 0.613096 0.012598
2 2 0.062679 0.169594 0.599234 0.022670 0.145824
2 2 0.010268 0.040049 0.917970 0.015962 0.015751
2 2 0.015414 0.048681 0.886659 0.029893 0.019353
2 2 0.004370 0.018710 0.960137 0.012207 0.004576
2 2 0.002803 0.012722 0.962237 0.019382 0.002856
2 2 0.003531 0.016718 0.965265 0.010189 0.004297
2 2 0.002185 0.011238 0.944878 0.039338 0.002361
2 2 0.004492 0.020766 0.956375 0.011812 0.006554
2 2 0.003019 0.013369 0.970648 0.010447 0.002517
2 2 0.004492 0.018362 0.946991 0.025414 0.004742
2 2 0.003382 0.014775 0.966052 0.012556 0.003236
2 2 0.004689 0.020692 0.957865 0.011263 0.005492
2 2 0.001726 0.009438 0.963843 0.023043 0.001950
