0 0 0.878201 0.043513 0.046030 0.002464 0.029792
0 0 0.588892 0.132818 0.063014 0.008989 0.206286
0 0 0.719390 0.113730 0.056819 0.006892 0.103169
0 0 0.892943 0.042463 0.020569 0.000993 0.043032
0 0 0.684302 0.123234 0.072016 0.008191 0.112257
0 0 0.819651 0.067125 0.057099 0.003929 0.052196
0 0 0.869098 0.054441 0.027722 0.002097 0.046642
0 0 0.560637 0.093864 0.029378 0.002284 0.313838
0 0 0.792354 0.075641 0.030679 0.001594 0.099731
0 0 0.785338 0.090703 0.036658 0.004342 0.082958
0 0 0.793142 0.081966 0.047142 0.003960 0.073790
0 0 0.759517 0.080106 0.067961 0.002709 0.089706
0 0 0.699133 0.103409 0.076903 0.004186 0.116369
0 0 0.859639 0.052645 0.034416 0.001588 0.051711
0 0 0.892152 0.040646 0.034105 0.001679 0.031418
0 0 0.885811 0.046297 0.026417 0.001604 0.039870
0 0 0.771850 0.079620 0.077777 0.004845 0.065909
0 0 0.940414 0.023847 0.017631 0.000761 0.017347
0 0 0.944668 0.023268 0.013421 0.000626 0.018018
0 0 0.773233 0.094563 0.044195 0.005196 0.082813
0 0 0.936643 0.025524 0.016334 0.000669 0.020830
0 0 0.927829 0.029048 0.017520 0.000751 0.024852
0 0 0.905052 0.038668 0.022975 0.001284 0.032021
0 0 0.928258 0.031050 0.016191 0.001042 0.023459
0 0 0.764234 0.089651 0.069651 0.006396 0.070067
0 0 0.455102 0.164626 0.226594 0.025337 0.128340
0 0 0.679133 0.144235 0.046177 0.011947 0.118509
0 0 0.338721 0.263087 0.117351 0.041254 0.239588
0 0 0.348227 0.213807 0.225901 0.042466 0.169599
0 0 0.429840 0.245023 0.092369 0.042120 0.190648
0 0 0.457906 0.232954 0.053870 0.021434 0.233835
0 0 0.790079 0.095921 0.017362 0.003819 0.092818
0 0 0.632792 0.173091 0.048732 0.021450 0.123935
0 0 0.479770 0.208751 0.105326 0.025856 0.180296
0 0 0.642125 0.153750 0.081717 0.023466 0.098942
0 0 0.697753 0.138405 0.021310 0.007130 0.135402
0 0 0.776617 0.098834 0.044052 0.007725 0.072771
0 0 0.665532 0.158898 0.025107 0.011403 0.139060
0 0 0.439835 0.245527 0.039631 0.021612 0.253395
0 0 0.589273 0.199843 0.035348 0.023687 0.151849
0 0 0.717061 0.133966 0.017235 0.007165 0.124573
0 0 0.402870 0.217461 0.177057 0.047095 0.155517
4 0 0.237251 0.288643 0.134917 0.049776 0.289412
0 0 0.739624 0.118761 0.022107 0.005741 0.113766
0 0 0.656602 0.156771 0.022869 0.008805 0.154953
0 0 0.558445 0.211859 0.027809 0.020552 0.181334
0 0 0.426493 0.260206 0.039926 0.028755 0.244620
0 0 0.454395 0.253486 0.034543 0.028070 0.229506
0 0 0.627355 0.184579 0.025907 0.018598 0.143560
0 0 0.463918 0.228521 0.083868 0.030514 0.193179
1 0 0.215527 0.287187 0.171571 0.065972 0.259743
4 0 0.282981 0.286025 0.094642 0.039323 0.297029
4 0 0.255956 0.283767 0.100714 0.034483 0.325080
4 0 0.248939 0.286174 0.112545 0.039425 0.312917
4 0 0.277148 0.283118 0.089328 0.033742 0.316664
1 1 0.221898 0.288148 0.160020 0.060537 0.269396
1 1 0.217892 0.287601 0.167270 0.063935 0.263303
1 1 0.184250 0.276039 0.229812 0.095151 0.214748
1 0 0.199077 0.282580 0.201913 0.080800 0.235630
1 0 0.207052 0.283058 0.198560 0.087108 0.224222
1 1 0.200433 0.283069 0.199386 0.079534 0.237577
2 2 0.138036 0.242938 0.319108 0.146257 0.153661
2 2 0.138036 0.242938 0.319108 0.146257 0.153661
2 2 0.153909 0.197004 0.421252 0.103776 0.124059
2 2 0.138036 0.242938 0.319108 0.146257 0.153661
2 2 0.150543 0.191465 0.436623 0.101957 0.119412
2 2 0.026338 0.007901 0.958662 0.003554 0.003544
2 2 0.044856 0.015743 0.924987 0.006707 0.007706
2 2 0.041342 0.018942 0.921232 0.009528 0.008956
2 2 0.052846 0.032226 0.881596 0.017660 0.015672
2 2 0.036990 0.019116 0.924550 0.010571 0.008774
2 2 0.064599 0.063240 0.799177 0.041767 0.031217
2 2 0.034823 0.035116 0.886632 0.028192 0.015236
2 2 0.050567 0.039928 0.865179 0.025387 0.018939
2 2 0.088176 0.140007 0.570390 0.139056 0.062371
2 3 0.036737 0.041871 0.681609 0.220096 0.019687
2 3 0.057477 0.079757 0.702170 0.133747 0.026849
2 3 0.072942 0.126628 0.629392 0.108758 0.062280
2 3 0.081588 0.091036 0.415097 0.361574 0.050706
3 3 0.079634 0.078604 0.259646 0.522999 0.059117
2 3 0.076513 0.119364 0.628748 0.124230 0.051145
1 0 0.189383 0.263602 0.243595 0.145212 0.158208
0 0 0.294294 0.288545 0.115377 0.060716 0.241068
1 0 0.217026 0.287145 0.174151 0.069815 0.251862
4 0 0.253808 0.287605 0.114710 0.042794 0.301082
1 0 0.260190 0.288881 0.116173 0.046663 0.288093
4 0 0.262145 0.280854 0.090477 0.030316 0.336207
1 1 0.233652 0.288577 0.139052 0.050967 0.287751
4 1 0.243866 0.287378 0.121237 0.043140 0.304380
4 1 0.235935 0.288443 0.135036 0.049178 0.291409
1 2 0.223082 0.288272 0.157887 0.059547 0.271212
1 1 0.219695 0.287871 0.164000 0.062397 0.266036
1 2 0.185272 0.276558 0.227874 0.094131 0.216165
2 2 0.170080 0.161408 0.492333 0.073115 0.103064
2 2 0.125829 0.126642 0.606694 0.067240 0.073595
2 2 0.078069 0.055009 0.809161 0.029011 0.028750
2 2 0.029152 0.014963 0.940532 0.008782 0.006570
2 2 0.027618 0.018250 0.933888 0.012454 0.007790
2 2 0.032806 0.044203 0.862392 0.041960 0.018638
2 2 0.034055 0.049118 0.848268 0.047764 0.020795
2 2 0.058664 0.091132 0.704040 0.111004 0.035160
2 2 0.056195 0.097908 0.710590 0.089313 0.045995
3 2 0.095980 0.098038 0.301159 0.450163 0.054661
2 2 0.073860 0.092993 0.579422 0.216394 0.037331
3 2 0.045283 0.032463 0.106093 0.783227 0.032934
2 2 0.101548 0.161956 0.510916 0.149652 0.075928
3 2 0.047056 0.034427 0.098949 0.782009 0.037561
3 3 0.066675 0.059652 0.237348 0.591351 0.044974
3 3 0.053109 0.038238 0.122109 0.755716 0.030829
3 3 0.055762 0.041984 0.096353 0.762602 0.043298
3 3 0.061479 0.058031 0.306247 0.530990 0.043253
3 3 0.062588 0.048609 0.110980 0.732738 0.045086
3 3 0.062786 0.048428 0.119210 0.727732 0.041844
3 3 0.055494 0.042367 0.112989 0.747645 0.041505
3 3 0.046343 0.032781 0.100691 0.787981 0.032204
3 3 0.044024 0.029953 0.074568 0.818847 0.032608
3 3 0.023333 0.011705 0.024138 0.925899 0.014925
3 3 0.051012 0.037921 0.120388 0.755121 0.035558
3 3 0.039271 0.024370 0.058950 0.852498 0.024911
3 3 0.029957 0.016049 0.031160 0.904812 0.018022
3 3 0.018058 0.007875 0.016168 0.948411 0.009488
3 3 0.031764 0.018175 0.036277 0.891458 0.022326
3 3 0.037045 0.023402 0.047077 0.862202 0.030274
3 3 0.031599 0.018323 0.037387 0.889422 0.023270
3 3 0.029752 0.016946 0.034753 0.896327 0.022222
3 3 0.059922 0.047175 0.106285 0.737627 0.048992
3 3 0.053001 0.037545 0.079801 0.792116 0.037538
3 3 0.079202 0.073208 0.235157 0.561836 0.050597
3 3 0.044106 0.031877 0.080109 0.803543 0.040366
3 3 0.022446 0.011022 0.022718 0.929875 0.013939
3 3 0.031162 0.019194 0.051890 0.872456 0.025299
3 3 0.032629 0.019437 0.039606 0.882870 0.025458
3 3 0.032441 0.019827 0.042684 0.877735 0.027313
3 3 0.036494 0.022141 0.045708 0.869845 0.025812
3 2 0.046615 0.032089 0.072786 0.813633 0.034876
2 2 0.093058 0.125794 0.514609 0.211283 0.055255
2 2 0.138036 0.242938 0.319108 0.146257 0.153661
2 2 0.099098 0.120550 0.353509 0.347090 0.079754
2 2 0.085503 0.092774 0.714227 0.058831 0.048665
2 2 0.074962 0.126575 0.623432 0.115212 0.059818
2 2 0.086922 0.104120 0.685482 0.068736 0.054740
2 2 0.060697 0.060370 0.808588 0.040966 0.029379
2 3 0.072030 0.106901 0.630699 0.145645 0.044725
2 3 0.047518 0.058707 0.641175 0.221654 0.030946
3 3 0.059800 0.061951 0.387879 0.444156 0.046214
3 3 0.041234 0.028224 0.083029 0.816254 0.031259
3 3 0.105436 0.134879 0.257033 0.372653 0.130000
2 3 0.060564 0.095960 0.694702 0.110209 0.038565
3 3 0.053971 0.042744 0.133749 0.726348 0.043188
3 3 0.058273 0.053772 0.265731 0.576129 0.046094
3 3 0.050156 0.039348 0.170310 0.705318 0.034868
3 3 0.029450 0.016964 0.035288 0.895174 0.023124
3 3 0.026097 0.013456 0.026973 0.917329 0.016145
3 3 0.042833 0.029312 0.093798 0.804966 0.029091
3 3 0.049197 0.034466 0.065451 0.810874 0.040012
3 3 0.031332 0.017719 0.036274 0.893488 0.021186
3 3 0.033876 0.019776 0.038928 0.883791 0.023630
3 3 0.021436 0.010111 0.020556 0.935698 0.012200
3 3 0.054888 0.041456 0.099756 0.760974 0.042926
3 3 0.035123 0.021031 0.044141 0.874948 0.024757
3 3 0.030559 0.017335 0.034984 0.895301 0.021820
3 3 0.018310 0.008577 0.018631 0.942325 0.012157
3 3 0.038131 0.023577 0.045973 0.864275 0.028045
3 3 0.046081 0.032581 0.083288 0.801986 0.036063
3 3 0.018945 0.008840 0.018840 0.941436 0.011940
3 3 0.030321 0.017453 0.035786 0.893485 0.022955
3 3 0.022147 0.011186 0.023765 0.927515 0.015387
3 3 0.034902 0.020734 0.040823 0.878610 0.024931
3 3 0.034281 0.020411 0.042668 0.878095 0.024545
3 3 0.021879 0.010643 0.022016 0.931923 0.013539
3 3 0.021919 0.011110 0.023793 0.927576 0.015603
3 3 0.032556 0.018908 0.040325 0.885631 0.022580
3 3 0.026348 0.013629 0.027272 0.916452 0.016299
3 3 0.026209 0.013533 0.027106 0.916940 0.016213
3 3 0.026493 0.014327 0.029699 0.910516 0.018966
3 3 0.030806 0.017918 0.036782 0.890778 0.023715
3 3 0.033320 0.019830 0.039972 0.881595 0.025283
3 3 0.029495 0.016417 0.033159 0.900351 0.020578
3 3 0.025066 0.013119 0.027137 0.917585 0.017092
3 3 0.031893 0.018844 0.038555 0.885842 0.024865
3 3 0.025975 0.013735 0.028191 0.914486 0.017613
3 3 0.023765 0.011655 0.023371 0.927440 0.013768
3 3 0.023828 0.012070 0.024856 0.923857 0.015388
3 3 0.033799 0.020264 0.040818 0.879267 0.025852
3 3 0.023872 0.012231 0.025413 0.922486 0.015998
3 3 0.026153 0.014359 0.030330 0.909149 0.020009
3 3 0.036404 0.022216 0.043825 0.870479 0.027076
3 3 0.025737 0.013853 0.028991 0.912674 0.018745
3 3 0.033382 0.019233 0.037714 0.887006 0.022666
3 3 0.020337 0.009474 0.019520 0.938902 0.011766
3 3 0.023808 0.011867 0.024109 0.925661 0.014555
3 3 0.022720 0.012050 0.026385 0.920702 0.018143
3 3 0.031182 0.017981 0.036439 0.891409 0.022990
3 3 0.022687 0.011497 0.024229 0.926068 0.015518
3 3 0.026220 0.013983 0.028783 0.912904 0.018110
3 3 0.029747 0.016713 0.036286 0.896793 0.020461
3 3 0.027248 0.014801 0.030392 0.908389 0.019170
3 3 0.033884 0.019850 0.039182 0.883175 0.023908
3 3 0.032220 0.018962 0.038481 0.885847 0.024491
3 3 0.024828 0.012819 0.026327 0.919689 0.016336
3 3 0.032367 0.018859 0.037875 0.887238 0.023662
3 3 0.030446 0.017609 0.037175 0.891791 0.022979
3 3 0.019204 0.008911 0.018784 0.941408 0.011693
3 3 0.031099 0.017811 0.035936 0.892677 0.022476
3 3 0.028252 0.015387 0.031138 0.905983 0.019240
3 3 0.029006 0.016139 0.032843 0.901407 0.020605
3 3 0.025063 0.013253 0.027655 0.916325 0.017704
3 3 0.028139 0.015448 0.031528 0.905107 0.019778
3 3 0.026933 0.014576 0.030002 0.909523 0.018966
3 3 0.032611 0.020336 0.044960 0.873110 0.028982
3 3 0.032697 0.019338 0.039129 0.883998 0.024838
3 3 0.023210 0.012329 0.026765 0.919513 0.018183
3 3 0.021786 0.011184 0.024279 0.926441 0.016310
3 3 0.023991 0.012328 0.025620 0.921910 0.016150
3 3 0.026250 0.013665 0.027541 0.915875 0.016668
3 3 0.019135 0.009006 0.019251 0.940321 0.012288
3 3 0.032793 0.020047 0.046347 0.874625 0.026188
3 3 0.031932 0.018761 0.038183 0.886733 0.024390
3 3 0.035748 0.021986 0.044027 0.870361 0.027877
3 3 0.031153 0.017933 0.037936 0.890644 0.022335
3 3 0.020658 0.009962 0.021000 0.935141 0.013239
3 3 0.034205 0.020664 0.041648 0.877015 0.026467
3 3 0.033159 0.019680 0.039672 0.882418 0.025072
3 3 0.033731 0.021058 0.043885 0.871721 0.029606
3 3 0.035892 0.022433 0.046580 0.866100 0.028995
3 3 0.030530 0.017586 0.035966 0.892930 0.022989
3 3 0.038071 0.024276 0.058088 0.851411 0.028155
3 3 0.018054 0.008307 0.017880 0.944316 0.011444
3 3 0.030805 0.018369 0.038495 0.886539 0.025792
3 3 0.021389 0.010451 0.021930 0.932439 0.013792
3 3 0.039048 0.024481 0.047721 0.859519 0.029231
3 3 0.027445 0.014731 0.029844 0.909596 0.018384
3 3 0.022996 0.011291 0.023009 0.928819 0.013885
3 3 0.022155 0.010798 0.022246 0.931194 0.013607
3 3 0.037663 0.023281 0.045655 0.865319 0.028082
3 3 0.026787 0.014304 0.029183 0.911593 0.018132
3 3 0.033970 0.020481 0.041348 0.877878 0.026323
3 3 0.018672 0.008661 0.018487 0.942460 0.011719
3 3 0.031274 0.017991 0.036336 0.891604 0.022794
3 3 0.041565 0.026830 0.051940 0.847870 0.031796
3 3 0.027672 0.014872 0.030048 0.908965 0.018444
3 3 0.035276 0.021992 0.044811 0.868686 0.029235
3 3 0.029794 0.016235 0.032057 0.902802 0.019112
3 3 0.022513 0.011212 0.023358 0.928290 0.014627
3 3 0.026102 0.014787 0.032095 0.904752 0.022264
3 3 0.035849 0.022577 0.046026 0.865398 0.030150
3 3 0.029519 0.016836 0.034693 0.896602 0.022350
3 3 0.040830 0.027295 0.054797 0.841287 0.035790
3 3 0.029853 0.017780 0.037781 0.888762 0.025823
3 3 0.027198 0.015251 0.032196 0.903985 0.021370
3 3 0.038058 0.029143 0.067154 0.809520 0.056125
2 1 0.139568 0.175690 0.294917 0.243522 0.146303
2 2 0.102219 0.179760 0.488418 0.129500 0.100103
2 2 0.097701 0.143908 0.535593 0.164595 0.058203
3 2 0.078096 0.085410 0.329785 0.440228 0.066481
2 2 0.056561 0.058610 0.436211 0.409723 0.038894
2 2 0.046195 0.056104 0.826461 0.045722 0.025519
2 2 0.068028 0.079494 0.466497 0.334491 0.051490
1 2 0.175540 0.260154 0.225070 0.101074 0.238162
2 2 0.121376 0.171892 0.500830 0.105985 0.099917
2 2 0.088398 0.155410 0.553949 0.119721 0.082522
4 2 0.169809 0.193099 0.147741 0.073465 0.415885
4 2 0.138263 0.203049 0.216495 0.130385 0.311808
4 2 0.174415 0.206401 0.154280 0.075646 0.389258
1 2 0.196700 0.281677 0.206354 0.083037 0.232232
4 2 0.147151 0.154072 0.077601 0.049210 0.571966
4 2 0.177105 0.236917 0.190859 0.089955 0.305165
2 2 0.137350 0.197603 0.429862 0.114763 0.120422
4 2 0.082047 0.068341 0.026762 0.024332 0.798518
4 2 0.108215 0.101207 0.046440 0.036604 0.707534
4 2 0.145193 0.139035 0.096764 0.054143 0.564865
2 2 0.170489 0.174681 0.462568 0.079459 0.112803
2 2 0.137299 0.205406 0.410973 0.120552 0.125770
4 2 0.153260 0.187080 0.130365 0.079179 0.450116
4 2 0.147050 0.157826 0.084509 0.053821 0.556794
4 2 0.153127 0.168212 0.092495 0.056862 0.529304
4 2 0.062041 0.054422 0.028675 0.032622 0.822241
2 2 0.134151 0.222948 0.369706 0.135839 0.137356
4 2 0.154956 0.202472 0.232985 0.111184 0.298403
4 2 0.171993 0.215266 0.203980 0.091987 0.316773
4 4 0.027962 0.015515 0.003255 0.004478 0.948791
4 4 0.035833 0.022448 0.005953 0.007692 0.928075
2 2 0.130324 0.208168 0.407631 0.128050 0.125827
2 2 0.184354 0.173496 0.456038 0.069808 0.116303
2 2 0.176941 0.203008 0.386851 0.088843 0.144356
4 2 0.143747 0.166303 0.108062 0.070436 0.511451
4 2 0.137091 0.152831 0.094215 0.064127 0.551736
2 2 0.193672 0.186561 0.358051 0.075577 0.186139
4 2 0.181174 0.206294 0.166279 0.073742 0.372511
2 2 0.086974 0.052748 0.806912 0.024919 0.028446
2 2 0.067749 0.044973 0.840398 0.023997 0.022883
4 2 0.179365 0.220489 0.218759 0.089143 0.292244
2 2 0.055630 0.019824 0.906411 0.008034 0.010101
2 2 0.046247 0.013223 0.928922 0.004999 0.006609
2 2 0.101718 0.058260 0.781946 0.025456 0.032620
2 2 0.148227 0.067434 0.688114 0.026616 0.069609
2 2 0.073695 0.034590 0.858412 0.015013 0.018291
2 2 0.083625 0.061441 0.789997 0.032406 0.032531
2 2 0.075175 0.042043 0.840805 0.019895 0.022082
2 2 0.024190 0.006855 0.962859 0.003055 0.003041
2 1 0.160200 0.199717 0.411225 0.101062 0.127796
2 2 0.061447 0.032211 0.874426 0.015614 0.016302
2 2 0.037545 0.010938 0.941851 0.004415 0.005250
2 2 0.089767 0.036622 0.839326 0.013933 0.020352
2 2 0.058038 0.029944 0.882394 0.014626 0.014998
2 2 0.033358 0.011949 0.943601 0.005568 0.005525
2 2 0.040259 0.022620 0.913843 0.012789 0.010489
2 2 0.048641 0.029656 0.890886 0.016630 0.014187
2 2 0.070396 0.045280 0.837557 0.023500 0.023267
2 2 0.073815 0.071686 0.772812 0.045227 0.036461
2 2 0.046364 0.033926 0.882581 0.021239 0.015889
2 2 0.035001 0.033211 0.891523 0.025787 0.014478
2 2 0.079348 0.058301 0.800581 0.031256 0.030514
2 2 0.038174 0.028193 0.902212 0.018717 0.012703
2 2 0.034173 0.049040 0.830537 0.069171 0.017080
2 2 0.048919 0.040152 0.865755 0.026299 0.018875
2 2 0.045593 0.026648 0.900260 0.014875 0.012624
2 2 0.047466 0.052987 0.834168 0.041040 0.024339
2 2 0.076544 0.071587 0.771283 0.043820 0.036766
2 2 0.040724 0.033330 0.887885 0.022953 0.015108
2 2 0.048531 0.051210 0.829203 0.051043 0.020013
2 2 0.059643 0.041108 0.855704 0.023216 0.020329
2 2 0.048137 0.066996 0.694345 0.157725 0.032797
2 2 0.058076 0.068773 0.788633 0.051620 0.032898
2 2 0.027922 0.036882 0.883860 0.036261 0.015076
2 2 0.045664 0.074670 0.762917 0.087116 0.029633
2 2 0.038520 0.054747 0.743722 0.135574 0.027437
2 2 0.065533 0.088707 0.687741 0.113421 0.044598
2 1 0.126057 0.199318 0.325072 0.140561 0.208992
2 2 0.113564 0.108080 0.659029 0.058259 0.061068
2 2 0.054870 0.051400 0.834302 0.034871 0.024556
2 2 0.031564 0.025936 0.912120 0.019194 0.011186
2 2 0.042480 0.049006 0.846677 0.039875 0.021961
2 2 0.035989 0.035821 0.884232 0.028301 0.015656
2 2 0.067871 0.080337 0.752699 0.058390 0.040703
2 2 0.027136 0.021015 0.927314 0.015692 0.008842
0 1 0.304263 0.173878 0.290755 0.076813 0.154291
0 1 0.462089 0.173625 0.180606 0.017813 0.165867
2 1 0.142439 0.246872 0.310495 0.140938 0.159257
2 2 0.058354 0.029074 0.884042 0.013918 0.014612
2 2 0.045234 0.012201 0.931971 0.004495 0.006099
2 2 0.039443 0.028827 0.899788 0.018862 0.013080
2 2 0.085399 0.036263 0.844144 0.014300 0.019894
2 2 0.059438 0.056120 0.819860 0.037327 0.027256
2 2 0.050297 0.019419 0.912188 0.008446 0.009649
2 2 0.047960 0.031481 0.887181 0.018432 0.014946
2 2 0.034375 0.038887 0.866185 0.045152 0.015401
2 2 0.075944 0.050884 0.820295 0.026370 0.026508
2 2 0.031796 0.023876 0.917148 0.016806 0.010374
2 2 0.028853 0.032782 0.893034 0.030923 0.014408
2 2 0.048825 0.060253 0.810761 0.054122 0.026038
2 2 0.038667 0.031416 0.893951 0.021863 0.014103
2 2 0.055427 0.089166 0.649119 0.145808 0.060480
2 2 0.035409 0.034589 0.887733 0.027183 0.015086
2 2 0.056244 0.075852 0.569445 0.242022 0.056437
2 2 0.045130 0.053491 0.527345 0.327510 0.046524
2 2 0.075993 0.107849 0.491506 0.243239 0.081414
2 2 0.057360 0.068681 0.491575 0.329250 0.053134
2 2 0.073494 0.085541 0.392440 0.382074 0.066452
2 2 0.060919 0.042829 0.850715 0.024290 0.021247
2 2 0.035819 0.058192 0.819082 0.063044 0.023863
2 0 0.337232 0.149406 0.365348 0.025460 0.122554
2 1 0.143860 0.157066 0.522458 0.081302 0.095313
2 2 0.040135 0.017252 0.926015 0.008450 0.008148
2 2 0.042051 0.024385 0.908330 0.013857 0.011378
2 2 0.120278 0.104409 0.662529 0.052812 0.059972
2 0 0.138036 0.242938 0.319108 0.146257 0.153661
2 1 0.149242 0.220630 0.367629 0.122576 0.139924
2 2 0.116333 0.140522 0.579943 0.083184 0.080019
2 2 0.042373 0.026890 0.902247 0.016002 0.012489
2 2 0.027998 0.022463 0.923103 0.016952 0.009484
2 2 0.055004 0.033781 0.876288 0.018374 0.016552
2 2 0.083769 0.076206 0.755336 0.044693 0.039996
2 2 0.042447 0.030726 0.893074 0.019602 0.014152
2 2 0.054609 0.027715 0.890296 0.013649 0.013731
2 2 0.022655 0.007861 0.962111 0.003980 0.003393
2 2 0.080205 0.081484 0.744976 0.051161 0.042174
2 2 0.051307 0.051136 0.837016 0.036529 0.024012
2 2 0.105419 0.142772 0.462423 0.224352 0.065034
2 0 0.232789 0.219751 0.313081 0.057299 0.177079
1 0 0.197218 0.281879 0.205385 0.082548 0.232971
2 1 0.151976 0.254841 0.291894 0.129761 0.171528
2 1 0.146299 0.226896 0.354143 0.128870 0.143792
2 2 0.138036 0.242938 0.319108 0.146257 0.153661
2 2 0.136296 0.239865 0.327358 0.145777 0.150703
2 2 0.108433 0.159736 0.536880 0.105303 0.089648
2 2 0.048259 0.036296 0.875542 0.022796 0.017106
2 2 0.040460 0.018670 0.922601 0.009482 0.008787
2 2 0.017472 0.005306 0.972345 0.002670 0.002207
2 2 0.022080 0.010626 0.956365 0.006475 0.004454
2 2 0.040349 0.015001 0.930700 0.006783 0.007167
2 2 0.057069 0.099060 0.705185 0.092920 0.045767
2 2 0.057031 0.058891 0.814347 0.041504 0.028228
2 2 0.039574 0.022684 0.914247 0.013024 0.010470
2 2 0.053590 0.039555 0.863917 0.023878 0.019061
2 2 0.026263 0.010038 0.954122 0.005158 0.004419
2 2 0.073678 0.107577 0.682199 0.082415 0.054131
2 2 0.042459 0.015063 0.928637 0.006550 0.007291
2 2 0.027316 0.013221 0.946056 0.007646 0.005760
2 2 0.049779 0.017434 0.916867 0.007214 0.008706
2 2 0.024248 0.008198 0.959943 0.004022 0.003590
2 2 0.069831 0.050482 0.826058 0.027902 0.025727
2 2 0.119289 0.151559 0.551507 0.090542 0.087103
2 2 0.038954 0.029450 0.898607 0.019687 0.013301
2 2 0.029910 0.019532 0.929121 0.012967 0.008470
2 2 0.061855 0.022024 0.895999 0.008665 0.011457
2 2 0.032438 0.012143 0.944014 0.005839 0.005567
2 2 0.047971 0.027330 0.896761 0.014840 0.013098
2 2 0.083520 0.050772 0.814256 0.024314 0.027138
2 2 0.021116 0.009638 0.959451 0.005772 0.004023
2 2 0.040492 0.023594 0.911408 0.013581 0.010925
2 2 0.058771 0.057320 0.817290 0.038891 0.027728
2 2 0.050796 0.060073 0.772873 0.089298 0.026960
2 2 0.028930 0.012145 0.947118 0.006404 0.005404
2 2 0.049013 0.059354 0.676838 0.191853 0.022943
2 2 0.054340 0.080151 0.752545 0.078356 0.034609
2 2 0.060258 0.059230 0.811675 0.040042 0.028795
2 2 0.036238 0.026174 0.908479 0.017417 0.011692
2 2 0.048968 0.077904 0.748110 0.095027 0.029992
2 2 0.067818 0.110634 0.659780 0.113733 0.048035
2 2 0.076512 0.090022 0.615855 0.164522 0.053089
2 2 0.065023 0.084790 0.557931 0.241947 0.050309
2 2 0.039448 0.037890 0.877126 0.028636 0.016900
2 2 0.054228 0.055918 0.823141 0.040329 0.026384
2 2 0.062213 0.080360 0.722501 0.106741 0.028185
2 2 0.047363 0.067711 0.716144 0.138183 0.030599
2 2 0.038891 0.047002 0.615674 0.263895 0.034538
2 2 0.031897 0.043450 0.792490 0.109950 0.022214
0 0 0.569208 0.126886 0.202000 0.022757 0.079148
2 0 0.138036 0.242938 0.319108 0.146257 0.153661
1 0 0.208961 0.285703 0.183597 0.071753 0.249986
2 1 0.155568 0.257645 0.284912 0.125669 0.176206
2 1 0.138036 0.242938 0.319108 0.146257 0.153661
2 1 0.138036 0.242938 0.319108 0.146257 0.153661
2 2 0.138036 0.242938 0.319108 0.146257 0.153661
2 2 0.138036 0.242938 0.319108 0.146257 0.153661
2 2 0.145104 0.229348 0.348838 0.131405 0.145304
2 2 0.155583 0.205897 0.399013 0.108704 0.130803
2 2 0.093153 0.143009 0.584816 0.102289 0.076733
2 2 0.068696 0.074560 0.768747 0.050844 0.037154
2 2 0.098111 0.064145 0.772029 0.030321 0.035395
2 2 0.144723 0.184751 0.456365 0.100649 0.113512
2 2 0.068621 0.046984 0.835088 0.025380 0.023928
2 2 0.030163 0.007020 0.956871 0.002654 0.003292
2 2 0.028074 0.013025 0.945870 0.007309 0.005722
2 2 0.025209 0.008228 0.959005 0.003920 0.003638
2 2 0.052611 0.024059 0.900090 0.011323 0.011917
2 0 0.138036 0.242938 0.319108 0.146257 0.153661
0 0 0.323066 0.179122 0.311994 0.029830 0.155988
1 0 0.203967 0.284254 0.192821 0.076273 0.242685
2 0 0.165799 0.265034 0.265114 0.114351 0.189702
2 1 0.138036 0.242938 0.319108 0.146257 0.153661
2 1 0.138036 0.242938 0.319108 0.146257 0.153661
2 1 0.138036 0.242938 0.319108 0.146257 0.153661
2 2 0.129053 0.227081 0.361632 0.143370 0.138864
2 2 0.148468 0.222309 0.364023 0.124238 0.140962
2 2 0.038960 0.012114 0.938082 0.005017 0.005826
2 2 0.146805 0.174010 0.480496 0.091846 0.106842
2 2 0.092622 0.079949 0.740181 0.044209 0.043038
2 2 0.067861 0.037359 0.857486 0.018064 0.019231
2 2 0.045295 0.016181 0.923658 0.006942 0.007925
2 2 0.026253 0.008059 0.958406 0.003675 0.003607
2 2 0.091132 0.056874 0.794179 0.026875 0.030940
2 2 0.069119 0.036279 0.858785 0.017016 0.018801
2 2 0.046147 0.016076 0.923091 0.006770 0.007916
2 2 0.023251 0.006621 0.964224 0.002989 0.002915
2 2 0.042054 0.050347 0.843254 0.041873 0.022472
2 2 0.055131 0.092519 0.716954 0.095352 0.040045
2 2 0.081196 0.111017 0.670755 0.079742 0.057289
2 2 0.047942 0.017067 0.919342 0.007198 0.008452
2 2 0.027943 0.012155 0.947948 0.006594 0.005360
2 2 0.021805 0.008635 0.961149 0.004747 0.003664
2 2 0.039322 0.014298 0.933138 0.006432 0.006810
2 2 0.022700 0.007387 0.963098 0.003610 0.003205
2 2 0.036573 0.015060 0.933969 0.007388 0.007011
2 2 0.048381 0.027439 0.896176 0.014828 0.013176
2 2 0.028438 0.010839 0.950433 0.005447 0.004843
2 2 0.033184 0.015468 0.936013 0.008327 0.007007
2 1 0.188304 0.233848 0.321519 0.085603 0.170726
2 1 0.138036 0.242938 0.319108 0.146257 0.153661
2 2 0.090214 0.107375 0.675678 0.069739 0.056994
2 2 0.070931 0.118780 0.643092 0.112658 0.054540
2 2 0.105313 0.107706 0.665673 0.061698 0.059610
2 2 0.061085 0.055785 0.819650 0.036181 0.027297
2 2 0.040746 0.018650 0.922398 0.009412 0.008794
2 2 0.029978 0.009083 0.952797 0.003973 0.004169
2 2 0.034256 0.013473 0.939494 0.006559 0.006217
2 2 0.029236 0.007657 0.956456 0.003113 0.003538
2 2 0.026825 0.011402 0.950602 0.006173 0.004999
2 2 0.066690 0.077314 0.762849 0.054969 0.038178
2 2 0.046526 0.019949 0.914453 0.009378 0.009693
2 2 0.054296 0.039767 0.862895 0.023819 0.019223
2 2 0.029836 0.017056 0.935098 0.010546 0.007464
2 2 0.037058 0.022070 0.917674 0.013166 0.010032
2 2 0.045736 0.034427 0.881825 0.021960 0.016052
3 2 0.047343 0.046534 0.367255 0.497365 0.041504
2 2 0.058097 0.042007 0.854784 0.024509 0.020603
2 2 0.039485 0.023407 0.912642 0.013692 0.010774
2 2 0.034190 0.042438 0.854875 0.053662 0.014834
2 2 0.049015 0.043463 0.857554 0.029621 0.020347
2 2 0.031252 0.042034 0.771160 0.133671 0.021884
2 2 0.079643 0.079465 0.750234 0.049572 0.041086
2 2 0.039474 0.047248 0.656164 0.230218 0.026896
2 2 0.066814 0.089278 0.619063 0.186599 0.038245
2 2 0.055620 0.059969 0.799202 0.051343 0.033866
2 1 0.138036 0.242938 0.319108 0.146257 0.153661
1 1 0.172623 0.269459 0.251992 0.107073 0.198853
2 1 0.138036 0.242938 0.319108 0.146257 0.153661
2 2 0.138716 0.202934 0.416214 0.117713 0.124424
2 2 0.067600 0.071870 0.776056 0.048762 0.035711
2 2 0.049304 0.073714 0.773755 0.067838 0.035389
2 2 0.026870 0.006642 0.960779 0.002674 0.003035
2 2 0.037172 0.019935 0.922528 0.011231 0.009134
2 2 0.109364 0.070812 0.747590 0.032152 0.040082
2 2 0.024353 0.018196 0.936214 0.013716 0.007521
2 2 0.092167 0.109433 0.669545 0.070445 0.058410
2 2 0.045542 0.017848 0.919878 0.008039 0.008692
2 2 0.049941 0.034995 0.877414 0.020971 0.016679
2 2 0.040953 0.034378 0.885138 0.023956 0.015576
2 2 0.021365 0.006533 0.966150 0.003134 0.002817
2 2 0.029572 0.008279 0.954856 0.003480 0.003813
2 2 0.047548 0.042580 0.860648 0.029424 0.019800
2 2 0.057553 0.021161 0.901815 0.008641 0.010830
2 2 0.028268 0.020747 0.927267 0.014888 0.008830
2 2 0.026778 0.008787 0.956374 0.004134 0.003927
2 2 0.037835 0.017333 0.927847 0.008927 0.008058
2 2 0.027312 0.018174 0.934290 0.012486 0.007738
2 2 0.023137 0.013058 0.949779 0.008571 0.005455
2 2 0.029141 0.014111 0.942501 0.008025 0.006222
2 2 0.069987 0.070421 0.778262 0.045987 0.035342
2 2 0.031297 0.023373 0.918726 0.016475 0.010129
2 2 0.033364 0.026744 0.908255 0.020333 0.011304
2 2 0.063270 0.030546 0.876494 0.014056 0.015634
2 2 0.045556 0.064466 0.710964 0.147360 0.031654
2 2 0.033155 0.025336 0.912625 0.017799 0.011084
2 2 0.043395 0.057140 0.702809 0.169350 0.027306
2 3 0.063689 0.088592 0.630404 0.175678 0.041638
2 3 0.068639 0.080534 0.455039 0.341214 0.054575
2 3 0.060274 0.071059 0.452147 0.358339 0.058181
2 3 0.024336 0.024599 0.909545 0.032652 0.008867
2 3 0.028111 0.018864 0.932036 0.012919 0.008070
2 2 0.037090 0.026285 0.907609 0.017206 0.011810
2 2 0.040811 0.039461 0.872373 0.029642 0.017714
2 2 0.020769 0.005844 0.968166 0.002698 0.002523
2 2 0.050068 0.044203 0.855066 0.029873 0.020789
2 2 0.037596 0.031615 0.894125 0.022580 0.014084
2 2 0.037407 0.047159 0.592225 0.277953 0.045256
2 2 0.042828 0.063831 0.696378 0.152387 0.044576
3 2 0.077930 0.101573 0.319879 0.378299 0.122320
2 2 0.064217 0.081380 0.506818 0.289227 0.058357
2 2 0.081094 0.113829 0.486023 0.241099 0.077955
4 2 0.169573 0.209013 0.136924 0.074677 0.409813
4 2 0.173850 0.202194 0.114785 0.062006 0.447165
4 4 0.068999 0.054186 0.019745 0.019519 0.837551
4 4 0.177998 0.191904 0.238496 0.085551 0.306051
4 4 0.053456 0.040489 0.015216 0.017423 0.873416
4 4 0.075134 0.054612 0.015243 0.013505 0.841505
4 4 0.137026 0.136177 0.063132 0.042075 0.621591
4 4 0.036848 0.020475 0.003768 0.004369 0.934540
4 4 0.184783 0.178709 0.174394 0.065530 0.396585
4 4 0.023255 0.012581 0.002679 0.004050 0.957436
4 4 0.073785 0.053568 0.015046 0.013486 0.844114
4 4 0.043824 0.027673 0.006794 0.007771 0.913937
4 4 0.039389 0.023720 0.005347 0.006317 0.925228
4 4 0.070255 0.054029 0.018370 0.017694 0.839653
4 4 0.021992 0.013636 0.004453 0.007735 0.952184
4 4 0.009914 0.004524 0.000890 0.001972 0.982700
4 4 0.044389 0.028364 0.009807 0.010862 0.906578
4 4 0.035979 0.014742 0.002406 0.002079 0.944795
4 4 0.033131 0.018471 0.003617 0.004495 0.940285
4 4 0.026607 0.009907 0.001761 0.001667 0.960058
4 4 0.022642 0.011237 0.001879 0.002701 0.961541
4 4 0.032811 0.017498 0.003022 0.003651 0.943018
4 4 0.028797 0.015349 0.002820 0.003693 0.949340
4 4 0.049087 0.032255 0.008398 0.009195 0.901066
4 4 0.018587 0.009168 0.001655 0.002671 0.967918
4 4 0.093805 0.078112 0.028344 0.023407 0.776331
4 4 0.064427 0.048862 0.016720 0.016922 0.853069
4 4 0.125797 0.112711 0.041996 0.028843 0.690652
4 4 0.140595 0.130941 0.050375 0.032116 0.645974
4 4 0.123012 0.117275 0.052324 0.037582 0.669807
4 4 0.081145 0.065318 0.023376 0.020980 0.809182
4 4 0.142994 0.147861 0.090191 0.055900 0.563054
4 4 0.152556 0.156049 0.104920 0.058679 0.527797
4 4 0.137752 0.136277 0.062222 0.041225 0.622524
4 4 0.127258 0.103197 0.029045 0.018776 0.721725
4 4 0.148618 0.164466 0.094059 0.059472 0.533385
4 4 0.164743 0.159515 0.098662 0.049891 0.527189
4 4 0.128914 0.131921 0.075263 0.052247 0.611654
4 4 0.099571 0.083719 0.030158 0.023973 0.762579
4 4 0.186402 0.163748 0.235452 0.070004 0.344395
4 4 0.139712 0.141050 0.079740 0.050648 0.588850
4 4 0.040737 0.027992 0.009117 0.011624 0.910530
4 4 0.070703 0.051379 0.014805 0.013671 0.849443
4 4 0.076960 0.062931 0.024237 0.022794 0.813078
4 4 0.136369 0.129137 0.052966 0.034866 0.646663
0 1 0.255251 0.250816 0.213889 0.047985 0.232059
2 1 0.145341 0.228866 0.349883 0.130903 0.145007
2 2 0.215366 0.239817 0.265400 0.069487 0.209931
2 2 0.208467 0.200966 0.262382 0.067826 0.260359
2 2 0.197308 0.238113 0.304338 0.081753 0.178489
2 1 0.142773 0.236962 0.332187 0.137382 0.150695
2 1 0.171531 0.155277 0.505148 0.068824 0.099221
2 2 0.174409 0.140768 0.535533 0.059182 0.090108
2 2 0.162773 0.139819 0.536389 0.065312 0.095706
2 2 0.140583 0.117771 0.615835 0.055191 0.070621
2 2 0.155504 0.177951 0.465143 0.090091 0.111312
4 2 0.192160 0.147311 0.270678 0.064329 0.325522
2 2 0.204718 0.190374 0.335737 0.069431 0.199740
2 2 0.202136 0.171652 0.363708 0.066761 0.195744
4 2 0.194310 0.145555 0.267119 0.062138 0.330878
4 2 0.189355 0.145331 0.270841 0.065416 0.329058
2 2 0.207263 0.162231 0.371705 0.061410 0.197392
2 2 0.186920 0.189685 0.418541 0.075042 0.129812
2 2 0.177274 0.151112 0.357388 0.079523 0.234703
2 2 0.191280 0.166766 0.376629 0.072519 0.192806
2 2 0.179401 0.168860 0.405064 0.079681 0.166994
2 2 0.122935 0.101545 0.667016 0.049791 0.058713
2 2 0.155890 0.143614 0.485077 0.079502 0.135918
4 2 0.189471 0.185935 0.222847 0.072930 0.328817
4 2 0.189803 0.194213 0.259018 0.078848 0.278118
2 2 0.167368 0.185234 0.359240 0.097838 0.190320
2 2 0.198305 0.163060 0.433697 0.062339 0.142598
2 2 0.198583 0.170902 0.396649 0.066946 0.166920
2 2 0.117939 0.101115 0.649889 0.059169 0.071888
2 2 0.073794 0.032976 0.861792 0.013939 0.017498
2 2 0.077955 0.048867 0.823207 0.024277 0.025694
2 2 0.167172 0.172291 0.469597 0.081067 0.109874
2 2 0.049979 0.022086 0.906729 0.010349 0.010857
2 2 0.033776 0.011008 0.945222 0.004857 0.005137
2 2 0.034345 0.008521 0.949836 0.003225 0.004072
2 2 0.049901 0.023157 0.904456 0.011144 0.011341
2 2 0.032645 0.010760 0.946790 0.004819 0.004986
2 2 0.018598 0.004986 0.971993 0.002306 0.002118
2 2 0.027295 0.010283 0.952668 0.005190 0.004564
2 2 0.028880 0.007640 0.956828 0.003133 0.003519
2 2 0.033089 0.009424 0.949177 0.003884 0.004426
2 2 0.021706 0.005294 0.968435 0.002235 0.002330
2 2 0.017276 0.005097 0.972976 0.002531 0.002120
2 2 0.023795 0.011974 0.951827 0.007332 0.005071
2 2 0.021057 0.007970 0.963289 0.004313 0.003372
2 2 0.029361 0.016420 0.936968 0.010076 0.007175
2 2 0.018246 0.005926 0.970297 0.003059 0.002472
2 2 0.020481 0.008216 0.963237 0.004622 0.003443
2 2 0.056425 0.061400 0.777085 0.061319 0.043770
2 2 0.051359 0.082349 0.749982 0.079918 0.036393
2 2 0.097115 0.109583 0.666358 0.067627 0.059317
2 2 0.057794 0.065207 0.485684 0.347429 0.043886
2 2 0.053179 0.054026 0.828698 0.038562 0.025535
2 2 0.059637 0.079153 0.760504 0.063032 0.037673
2 2 0.065963 0.081116 0.405893 0.368664 0.078364
3 2 0.064047 0.068772 0.404269 0.413738 0.049174
2 3 0.059292 0.086900 0.723216 0.082004 0.048588
2 3 0.048727 0.053831 0.461775 0.389672 0.045995
2 3 0.055407 0.086994 0.697402 0.119731 0.040466
2 3 0.073061 0.097696 0.465217 0.285761 0.078265
2 3 0.067760 0.117808 0.640685 0.110886 0.062862
3 3 0.047083 0.047367 0.417426 0.450155 0.037969
2 3 0.076674 0.096536 0.463328 0.299393 0.064069
3 3 0.085216 0.088388 0.300472 0.465950 0.059975
3 3 0.049047 0.040581 0.147655 0.714539 0.048178
3 3 0.044128 0.033529 0.123153 0.761040 0.038149
2 3 0.076937 0.119853 0.526950 0.189490 0.086769
3 3 0.061342 0.054782 0.184889 0.643545 0.055443
2 3 0.071910 0.104640 0.483846 0.246907 0.092697
3 3 0.048717 0.048154 0.245184 0.592368 0.065576
3 3 0.060286 0.055235 0.210202 0.618927 0.055351
3 3 0.060708 0.061061 0.228643 0.575809 0.073779
3 3 0.054420 0.043685 0.124163 0.729751 0.047980
3 3 0.066390 0.061504 0.208935 0.605419 0.057752
3 3 0.074505 0.067392 0.165163 0.630250 0.062690
3 3 0.077894 0.073067 0.151157 0.621462 0.076421
3 3 0.062462 0.070378 0.352288 0.443589 0.071283
3 3 0.038918 0.026681 0.068795 0.830652 0.034953
3 3 0.084357 0.094273 0.276694 0.459041 0.085634
3 3 0.055348 0.052280 0.225364 0.607997 0.059011
3 3 0.062787 0.055192 0.153298 0.668926 0.059797
3 3 0.071533 0.090917 0.303826 0.410994 0.122730
3 3 0.060180 0.056195 0.206448 0.616640 0.060537
3 3 0.048842 0.036981 0.096277 0.773746 0.044154
3 3 0.057372 0.047789 0.112414 0.723003 0.059421
3 3 0.053963 0.041683 0.105427 0.753434 0.045493
3 3 0.067975 0.066728 0.296818 0.516879 0.051600
3 3 0.072508 0.066290 0.144502 0.644704 0.071997
3 3 0.068845 0.061123 0.114988 0.680117 0.074927
3 3 0.044584 0.035379 0.161261 0.720830 0.037945
3 3 0.055399 0.049527 0.170278 0.665365 0.059431
2 3 0.103247 0.150506 0.479420 0.193603 0.073224
2 3 0.055314 0.078333 0.764357 0.065166 0.036830
2 3 0.051132 0.076525 0.766298 0.072285 0.033760
2 3 0.049559 0.076999 0.745779 0.099092 0.028570
2 3 0.070978 0.113873 0.654971 0.108643 0.051534
2 3 0.068554 0.092009 0.537745 0.242552 0.059140
2 3 0.067563 0.102095 0.664759 0.126650 0.038933
2 3 0.080640 0.101530 0.489775 0.272401 0.055654
2 3 0.082193 0.126337 0.599484 0.139774 0.052212
2 3 0.094661 0.124655 0.465026 0.250898 0.064761
2 3 0.072362 0.088001 0.503437 0.286981 0.049219
2 3 0.079292 0.135469 0.601707 0.117195 0.066338
2 3 0.063796 0.082201 0.493079 0.295447 0.065477
2 3 0.082901 0.103693 0.432153 0.312248 0.069005
3 3 0.077313 0.081621 0.323277 0.457688 0.060101
2 3 0.073165 0.102921 0.621176 0.161988 0.040749
3 3 0.101597 0.119402 0.319521 0.378728 0.080753
2 3 0.086144 0.103110 0.439495 0.314268 0.056982
2 3 0.105185 0.137801 0.402372 0.276120 0.078522
3 3 0.121710 0.145701 0.265035 0.370715 0.096839
3 3 0.064461 0.066496 0.312540 0.497258 0.059244
3 2 0.060488 0.049279 0.136999 0.705522 0.047713
2 2 0.143678 0.201761 0.308773 0.238491 0.107297
2 2 0.168165 0.207378 0.390566 0.096925 0.136966
2 2 0.087401 0.046148 0.821083 0.020262 0.025106
2 2 0.113915 0.080989 0.720988 0.037985 0.046123
2 2 0.114231 0.062081 0.762462 0.025446 0.035781
2 2 0.109170 0.066690 0.756881 0.029429 0.037830
2 2 0.097201 0.058452 0.785469 0.026561 0.032317
2 2 0.133812 0.094242 0.674486 0.041560 0.055900
2 1 0.092022 0.121178 0.419356 0.286779 0.080665
2 1 0.138036 0.242938 0.319108 0.146257 0.153661
2 2 0.127872 0.161198 0.523194 0.093026 0.094710
2 2 0.051592 0.035291 0.875471 0.020690 0.016956
2 2 0.083200 0.039908 0.838371 0.016911 0.021610
2 2 0.051327 0.030626 0.886492 0.016727 0.014828
2 2 0.138890 0.095109 0.668172 0.040824 0.057005
2 2 0.156196 0.124399 0.587885 0.054603 0.076917
2 2 0.074392 0.122630 0.628694 0.118764 0.055520
1 1 0.168336 0.266727 0.260227 0.111621 0.193089
1 2 0.202478 0.283771 0.195583 0.077640 0.240527
2 2 0.128899 0.169741 0.501992 0.099119 0.100249
2 2 0.099035 0.093571 0.703520 0.052818 0.051056
2 2 0.047378 0.028059 0.895576 0.015607 0.013380
2 2 0.043434 0.016184 0.925359 0.007184 0.007840
2 2 0.082573 0.046372 0.824833 0.021386 0.024836
2 2 0.077941 0.038794 0.845503 0.017086 0.020676
2 2 0.094517 0.050634 0.804984 0.021872 0.027993
2 2 0.077205 0.035330 0.853646 0.014927 0.018892
2 2 0.083329 0.044350 0.828611 0.019836 0.023874
2 2 0.042650 0.028278 0.898766 0.017195 0.013112
2 2 0.061264 0.033165 0.872465 0.016367 0.016740
2 2 0.109027 0.061009 0.769458 0.025765 0.034740
2 2 0.060286 0.073018 0.776733 0.054773 0.035189
2 2 0.075174 0.041227 0.842610 0.019310 0.021679
2 2 0.070250 0.043977 0.840632 0.022518 0.022623
2 2 0.032208 0.012678 0.943056 0.006276 0.005783
2 2 0.049069 0.024072 0.903161 0.011991 0.011706
2 2 0.164755 0.180336 0.452773 0.087238 0.114898
2 2 0.026014 0.010800 0.952650 0.005819 0.004717
2 2 0.086826 0.075921 0.753854 0.043160 0.040238
2 2 0.099350 0.066375 0.765989 0.031591 0.036694
2 2 0.041056 0.015251 0.929520 0.006861 0.007311
2 2 0.084645 0.040703 0.835352 0.017183 0.022117
2 2 0.083354 0.073191 0.762783 0.042250 0.038422
2 2 0.114140 0.094161 0.690878 0.047406 0.053414
2 2 0.060032 0.045771 0.844471 0.027194 0.022532
2 2 0.068549 0.046588 0.836054 0.025078 0.023731
2 2 0.113971 0.075564 0.733075 0.034240 0.043150
2 2 0.059813 0.023577 0.894623 0.009889 0.012098
2 2 0.043545 0.025619 0.904281 0.014533 0.012023
2 2 0.064485 0.068044 0.787322 0.046682 0.033467
2 2 0.069715 0.041400 0.846887 0.020668 0.021330
2 2 0.062814 0.037118 0.862293 0.019049 0.018725
2 2 0.042708 0.018983 0.919947 0.009311 0.009050
2 2 0.056343 0.053112 0.829171 0.035866 0.025507
2 2 0.090831 0.093968 0.708060 0.057058 0.050082
2 2 0.042683 0.022346 0.912467 0.011973 0.010531
2 2 0.082272 0.053656 0.808828 0.026765 0.028478
2 2 0.055025 0.026745 0.892076 0.012844 0.013309
2 2 0.045462 0.023926 0.906566 0.012637 0.011409
2 2 0.129868 0.114131 0.632700 0.056381 0.066919
2 2 0.068079 0.037998 0.855878 0.018490 0.019556
2 2 0.036679 0.049903 0.694073 0.184780 0.034565
2 2 0.056826 0.077790 0.765432 0.063114 0.036838
2 2 0.104410 0.183622 0.478053 0.130894 0.103021
2 2 0.102608 0.101582 0.682065 0.057875 0.055870
2 2 0.138036 0.242938 0.319108 0.146257 0.153661
1 1 0.193426 0.280341 0.212492 0.086159 0.227583
2 2 0.191851 0.242247 0.299330 0.086638 0.179935
2 2 0.138036 0.242938 0.319108 0.146257 0.153661
4 2 0.088748 0.073252 0.026761 0.022883 0.788356
4 4 0.122273 0.115732 0.050850 0.036595 0.674550
4 4 0.105377 0.091465 0.034805 0.026989 0.741364
4 4 0.197954 0.255059 0.157857 0.070173 0.318957
4 4 0.051169 0.033692 0.008639 0.009222 0.897278
4 4 0.038256 0.026879 0.009637 0.012997 0.912232
4 4 0.120455 0.111910 0.047234 0.034135 0.686266
4 4 0.109678 0.099310 0.041421 0.031832 0.717759
4 4 0.184897 0.233255 0.148251 0.072599 0.360998
4 4 0.191371 0.166923 0.230358 0.067082 0.344266
4 4 0.154020 0.155907 0.069890 0.042248 0.577934
1 4 0.210215 0.286024 0.181291 0.070635 0.251835
4 4 0.130321 0.121596 0.049390 0.033558 0.665137
4 4 0.070353 0.048760 0.012293 0.011023 0.857571
4 4 0.185327 0.198906 0.089359 0.045504 0.480904
4 4 0.173557 0.184118 0.084774 0.046113 0.511440
4 4 0.018133 0.006796 0.001484 0.001784 0.971804
4 4 0.106831 0.072342 0.013563 0.008937 0.798327
4 4 0.054717 0.026292 0.004770 0.003626 0.910596
4 4 0.038372 0.017518 0.003444 0.003139 0.937528
4 4 0.055168 0.040361 0.013507 0.014792 0.876173
4 4 0.122554 0.116556 0.051793 0.037277 0.671821
4 4 0.132411 0.130369 0.060355 0.041283 0.635582
4 4 0.048430 0.031556 0.008072 0.008861 0.903081
4 4 0.058958 0.033929 0.006509 0.005636 0.894968
4 4 0.023983 0.012614 0.002435 0.003534 0.957434
4 4 0.044084 0.026040 0.005244 0.005685 0.918947
4 4 0.111068 0.096660 0.035908 0.026793 0.729571
4 4 0.043041 0.027154 0.006709 0.007758 0.915337
4 4 0.018956 0.008967 0.001418 0.002188 0.968471
4 4 0.012141 0.005189 0.000751 0.001402 0.980517
4 4 0.021018 0.008909 0.001287 0.001665 0.967121
4 4 0.027322 0.013690 0.004290 0.005176 0.949521
4 4 0.029504 0.015514 0.002707 0.003456 0.948820
4 4 0.055024 0.021392 0.003650 0.002226 0.917707
4 4 0.027246 0.013589 0.002109 0.002715 0.954341
4 4 0.064217 0.048650 0.016624 0.016850 0.853658
4 4 0.036854 0.022719 0.005669 0.007109 0.927649
