0 0 0.912998 0.052101 0.010083 0.005872 0.018946
0 0 0.960683 0.027266 0.003681 0.001569 0.006801
0 0 0.943909 0.036621 0.005808 0.002847 0.010814
0 0 0.955879 0.030031 0.004272 0.001906 0.007913
0 0 0.968116 0.022831 0.002801 0.001100 0.005153
0 0 0.971240 0.020902 0.002446 0.000922 0.004490
0 0 0.956325 0.029777 0.004216 0.001874 0.007808
0 0 0.959738 0.027816 0.003796 0.001634 0.007017
0 0 0.928118 0.044773 0.007945 0.004293 0.014870
0 0 0.918136 0.049658 0.009348 0.005315 0.017543
0 0 0.847864 0.079709 0.019954 0.014523 0.037949
0 0 0.953881 0.031159 0.004522 0.002053 0.008385
0 0 0.940341 0.038513 0.006281 0.003155 0.011710
0 0 0.937570 0.039962 0.006653 0.003401 0.012414
0 0 0.958587 0.028481 0.003937 0.001713 0.007282
0 0 0.913571 0.051831 0.010000 0.005809 0.018789
0 0 0.957229 0.029261 0.004104 0.001809 0.007597
0 0 0.945216 0.035921 0.005637 0.002738 0.010489
0 0 0.948750 0.034003 0.005177 0.002450 0.009620
0 0 0.919729 0.048891 0.009122 0.005147 0.017111
0 0 0.924886 0.046376 0.008396 0.004615 0.015727
0 0 0.929279 0.044193 0.007785 0.004179 0.014565
0 0 0.941827 0.037602 0.006098 0.002946 0.011527
0 0 0.953135 0.031577 0.004617 0.002109 0.008562
0 0 0.965822 0.024221 0.003068 0.001238 0.005651
0 0 0.919335 0.047415 0.009306 0.004059 0.019885
0 0 0.953277 0.031497 0.004599 0.002098 0.008528
0 0 0.923897 0.046862 0.008534 0.004716 0.015991
0 0 0.920256 0.048637 0.009047 0.005092 0.016969
0 0 0.819855 0.078486 0.024285 0.008453 0.068921
0 0 0.917885 0.049779 0.009383 0.005342 0.017611
0 0 0.939779 0.038808 0.006356 0.003204 0.011852
0 0 0.918726 0.049375 0.009264 0.005253 0.017383
0 0 0.934890 0.041346 0.007016 0.003646 0.013103
0 0 0.776578 0.089856 0.031109 0.011166 0.091292
0 0 0.930664 0.043496 0.007594 0.004045 0.014201
0 1 0.929610 0.044026 0.007739 0.004147 0.014477
0 1 0.836490 0.082575 0.021922 0.014411 0.044602
0 2 0.679551 0.118558 0.048128 0.025183 0.128580
4 2 0.303357 0.145528 0.111221 0.060718 0.379177
0 2 0.406190 0.229651 0.138709 0.060802 0.164649
2 2 0.095713 0.342098 0.433121 0.033750 0.095318
0 2 0.586896 0.193213 0.082849 0.045488 0.091554
2 2 0.002560 0.080607 0.902184 0.005674 0.008974
1 2 0.199538 0.369883 0.312085 0.029059 0.089435
0 2 0.291800 0.289058 0.220025 0.039657 0.159460
2 2 0.107957 0.324754 0.502458 0.021248 0.043583
0 2 0.772656 0.102839 0.032505 0.022654 0.069346
1 2 0.178446 0.359580 0.319312 0.040769 0.101893
2 2 0.011317 0.166201 0.786020 0.011448 0.025014
1 2 0.203859 0.365697 0.302256 0.035928 0.092260
1 2 0.249672 0.347999 0.268636 0.031998 0.101695
2 2 0.034016 0.259463 0.657064 0.017979 0.031478
2 2 0.002064 0.050085 0.926141 0.012991 0.008720
2 2 0.009629 0.141963 0.812067 0.011356 0.024984
2 2 0.001812 0.044596 0.931492 0.015533 0.006567
2 2 0.003519 0.073961 0.893880 0.012809 0.015830
2 2 0.001506 0.031433 0.933887 0.026937 0.006237
1 2 0.264565 0.375636 0.259547 0.031743 0.068509
2 2 0.035205 0.266547 0.631093 0.018062 0.049094
2 2 0.002094 0.048751 0.925407 0.016322 0.007426
0 1 0.382585 0.349944 0.194143 0.020641 0.052688
2 2 0.054649 0.304709 0.549288 0.021929 0.069426
1 2 0.109509 0.413786 0.405591 0.022954 0.048160
2 2 0.010194 0.158000 0.799613 0.012003 0.020190
2 2 0.001373 0.042068 0.938904 0.009916 0.007739
2 2 0.003151 0.057492 0.908411 0.021640 0.009306
2 2 0.011901 0.161706 0.790987 0.014914 0.020492
1 2 0.271499 0.391137 0.260426 0.022654 0.054285
2 2 0.001583 0.028747 0.924517 0.037989 0.007164
2 2 0.004955 0.036149 0.797893 0.143914 0.017088
2 2 0.002231 0.043443 0.921796 0.024467 0.008063
2 2 0.002586 0.038534 0.905762 0.043385 0.009732
2 2 0.004755 0.046978 0.855779 0.076724 0.015764
2 3 0.002331 0.018121 0.776132 0.192649 0.010767
2 3 0.003075 0.022467 0.782926 0.179966 0.011566
2 3 0.006198 0.047738 0.818789 0.109117 0.018158
2 3 0.001807 0.018155 0.836982 0.134167 0.008889
2 3 0.003083 0.023238 0.789546 0.172111 0.012022
2 3 0.003425 0.020682 0.707035 0.253838 0.015020
2 3 0.002335 0.020950 0.819598 0.146492 0.010626
3 3 0.004187 0.008914 0.294125 0.679364 0.013410
3 3 0.006758 0.007091 0.152512 0.822522 0.011117
3 3 0.007821 0.008770 0.170814 0.798942 0.013653
3 3 0.009300 0.008619 0.143193 0.825333 0.013555
3 3 0.004642 0.009887 0.300890 0.669735 0.014845
3 3 0.009651 0.007970 0.126216 0.843538 0.012625
3 3 0.012061 0.009924 0.133026 0.829325 0.015664
2 3 0.107975 0.342008 0.420488 0.049043 0.080486
2 3 0.033487 0.191943 0.675442 0.053592 0.045537
2 3 0.006861 0.070887 0.852894 0.051471 0.017887
2 3 0.001729 0.032802 0.927242 0.031211 0.007015
2 3 0.008644 0.084513 0.836343 0.049102 0.021398
2 3 0.001345 0.023726 0.924740 0.044029 0.006160
2 3 0.005110 0.016563 0.482281 0.478607 0.017439
2 3 0.005344 0.057781 0.869781 0.051612 0.015482
2 3 0.003520 0.022361 0.735208 0.224729 0.014181
2 3 0.001811 0.015411 0.785735 0.187636 0.009407
3 3 0.008586 0.007446 0.129747 0.842443 0.011779
3 3 0.007799 0.006900 0.129577 0.844806 0.010918
3 3 0.006045 0.006867 0.162490 0.813871 0.010728
3 3 0.009208 0.007610 0.124801 0.846317 0.012064
3 3 0.008440 0.006985 0.122196 0.851291 0.011088
3 3 0.005753 0.011709 0.300964 0.664005 0.017569
3 3 0.006824 0.009682 0.214786 0.753845 0.014862
3 3 0.005918 0.005437 0.125961 0.854062 0.008621
3 3 0.004659 0.003893 0.105309 0.879901 0.006238
3 3 0.007081 0.007689 0.160581 0.812633 0.012017
3 3 0.015183 0.012444 0.140165 0.812639 0.019569
3 3 0.043437 0.076975 0.403175 0.408559 0.067855
2 2 0.002427 0.045708 0.916985 0.025521 0.009359
2 2 0.038385 0.214661 0.650672 0.048466 0.047815
2 2 0.002209 0.030412 0.898904 0.059124 0.009351
2 2 0.007909 0.108796 0.841349 0.022905 0.019041
2 2 0.035445 0.249705 0.645827 0.027601 0.041422
2 2 0.006239 0.098719 0.861166 0.018812 0.015063
2 2 0.002380 0.040803 0.915720 0.032316 0.008781
2 2 0.003758 0.060740 0.895423 0.027745 0.012334
2 2 0.020487 0.206799 0.723004 0.019646 0.030063
2 2 0.003643 0.057062 0.901114 0.028049 0.010132
2 2 0.001746 0.042606 0.932518 0.016102 0.007028
1 2 0.219057 0.382136 0.290401 0.035739 0.072666
2 2 0.005421 0.096174 0.871002 0.015014 0.012389
2 2 0.002864 0.072216 0.906732 0.009053 0.009135
2 2 0.001273 0.023737 0.928981 0.040087 0.005921
2 2 0.038369 0.167537 0.709905 0.049564 0.034625
0 2 0.362240 0.171898 0.113581 0.079807 0.272475
2 2 0.007610 0.122832 0.835597 0.013722 0.020238
2 2 0.001159 0.032538 0.945720 0.015528 0.005056
2 2 0.009530 0.143209 0.814358 0.013610 0.019293
2 2 0.008232 0.121466 0.835749 0.016866 0.017687
2 2 0.001213 0.029589 0.942605 0.021280 0.005314
2 2 0.005033 0.071985 0.880432 0.028899 0.013652
2 2 0.001333 0.029607 0.937961 0.025294 0.005804
2 2 0.002025 0.039941 0.925593 0.025044 0.007397
2 2 0.017079 0.196596 0.745633 0.016077 0.024615
2 2 0.001161 0.026151 0.940459 0.026878 0.005351
2 2 0.025297 0.161382 0.723326 0.053422 0.036572
2 2 0.001091 0.029022 0.946717 0.017689 0.005482
2 2 0.003567 0.059156 0.899924 0.026201 0.011152
2 2 0.001562 0.037208 0.935751 0.018009 0.007470
2 2 0.001728 0.035630 0.931087 0.024939 0.006616
2 2 0.017455 0.109524 0.756972 0.081886 0.034163
2 2 0.003852 0.061490 0.897569 0.026211 0.010878
2 2 0.003384 0.051421 0.900807 0.033546 0.010842
2 2 0.003148 0.030503 0.846265 0.106953 0.013131
2 2 0.001168 0.021711 0.928863 0.042649 0.005609
2 2 0.003412 0.042688 0.890901 0.051922 0.011076
2 2 0.111586 0.325083 0.406217 0.040333 0.116780
2 2 0.001265 0.028219 0.937939 0.026636 0.005942
2 2 0.002911 0.047382 0.909724 0.030717 0.009266
2 2 0.001447 0.034993 0.938061 0.019462 0.006037
2 2 0.005959 0.068968 0.867325 0.042421 0.015327
2 2 0.001602 0.023680 0.906586 0.060754 0.007378
2 2 0.001876 0.035642 0.926689 0.028760 0.007032
2 2 0.001664 0.030402 0.924814 0.035888 0.007232
2 2 0.001585 0.038617 0.935208 0.016862 0.007728
2 2 0.001624 0.022891 0.902208 0.066038 0.007239
2 2 0.001557 0.025795 0.918230 0.047340 0.007079
2 2 0.001509 0.029638 0.930030 0.032116 0.006708
2 2 0.003823 0.030020 0.806662 0.144885 0.014610
2 2 0.001209 0.018950 0.911293 0.062551 0.005996
2 2 0.002078 0.016995 0.784924 0.186036 0.009967
2 2 0.001360 0.023275 0.920448 0.048299 0.006618
2 2 0.018040 0.057836 0.585442 0.298527 0.040156
2 2 0.002646 0.021467 0.794202 0.169544 0.012141
2 2 0.002032 0.022025 0.860902 0.105852 0.009190
2 3 0.003566 0.017430 0.636084 0.329398 0.013522
2 3 0.001943 0.013766 0.723495 0.250694 0.010102
3 3 0.005440 0.008319 0.220889 0.752597 0.012754
3 3 0.005202 0.009607 0.266988 0.703660 0.014543
3 3 0.005544 0.008066 0.210130 0.763854 0.012406
3 3 0.007644 0.006336 0.119270 0.856676 0.010074
3 3 0.007003 0.005813 0.116718 0.861209 0.009256
3 3 0.006305 0.005243 0.113705 0.866385 0.008362
3 3 0.010332 0.008523 0.128285 0.839374 0.013486
3 3 0.003759 0.005752 0.201953 0.779661 0.008875
3 3 0.005784 0.004816 0.111263 0.870446 0.007691
3 3 0.003185 0.002678 0.095420 0.894401 0.004316
3 3 0.005364 0.004472 0.109160 0.873856 0.007149
3 3 0.005125 0.004307 0.108873 0.874807 0.006888
3 3 0.004638 0.003876 0.105188 0.880087 0.006211
3 3 0.004195 0.003511 0.102502 0.884158 0.005635
3 3 0.002263 0.001913 0.087180 0.905546 0.003099
3 3 0.005678 0.004729 0.110745 0.871294 0.007554
3 3 0.005349 0.004460 0.109086 0.873974 0.007131
3 3 0.003265 0.005018 0.195924 0.788035 0.007759
3 3 0.008492 0.007156 0.125054 0.847953 0.011345
3 3 0.004854 0.004053 0.106420 0.878182 0.006491
3 3 0.005076 0.004236 0.107643 0.876266 0.006778
3 3 0.005880 0.004895 0.111729 0.869680 0.007815
3 3 0.006837 0.005678 0.116027 0.862414 0.009044
3 3 0.002721 0.002293 0.091543 0.899739 0.003705
3 3 0.007674 0.006361 0.119384 0.856469 0.010112
3 3 0.006774 0.005626 0.115757 0.862882 0.008962
3 3 0.004143 0.003468 0.102174 0.884648 0.005567
3 3 0.005004 0.004177 0.107251 0.876883 0.006685
3 3 0.005688 0.004737 0.110793 0.871216 0.007567
3 3 0.003579 0.003003 0.098370 0.890216 0.004832
3 3 0.004128 0.003456 0.102078 0.884791 0.005548
3 3 0.003562 0.002989 0.098245 0.890396 0.004809
3 3 0.004270 0.003573 0.102976 0.883448 0.005733
3 3 0.004526 0.003783 0.104527 0.881098 0.006065
3 3 0.004160 0.003482 0.102280 0.884489 0.005589
3 3 0.005482 0.004569 0.109767 0.872879 0.007302
3 3 0.003931 0.003294 0.100798 0.886685 0.005292
3 3 0.004442 0.003714 0.104027 0.881861 0.005956
3 3 0.003966 0.003322 0.101028 0.886346 0.005337
3 3 0.005322 0.004438 0.108946 0.874198 0.007096
3 3 0.003017 0.002538 0.094069 0.896281 0.004095
3 3 0.007347 0.006094 0.118113 0.858749 0.009696
3 3 0.006719 0.005581 0.115523 0.863285 0.008892
3 3 0.004159 0.003481 0.102274 0.884498 0.005588
3 3 0.003485 0.002926 0.097691 0.891189 0.004709
3 3 0.003490 0.002929 0.097725 0.891140 0.004715
3 3 0.003427 0.002878 0.097264 0.891798 0.004633
3 3 0.003345 0.002810 0.096650 0.892670 0.004526
3 3 0.004324 0.003618 0.103310 0.882944 0.005803
3 3 0.005130 0.004280 0.107933 0.875808 0.006848
3 3 0.003572 0.002997 0.098319 0.890290 0.004823
3 3 0.005239 0.004369 0.108508 0.874896 0.006988
3 3 0.005818 0.004844 0.111427 0.870177 0.007735
3 3 0.005443 0.004536 0.109566 0.873204 0.007251
3 3 0.003075 0.002587 0.094544 0.895623 0.004172
3 3 0.002961 0.002492 0.093610 0.896914 0.004022
3 3 0.003804 0.003189 0.099944 0.887936 0.005126
3 3 0.004933 0.004118 0.106860 0.877496 0.006593
3 3 0.006259 0.005205 0.113493 0.866741 0.008302
3 3 0.004753 0.003970 0.105846 0.879073 0.006359
3 3 0.005647 0.007559 0.192447 0.782659 0.011689
3 3 0.003801 0.003186 0.099921 0.887970 0.005122
3 3 0.003271 0.002748 0.096082 0.893472 0.004428
3 3 0.003536 0.002968 0.098061 0.890659 0.004776
3 3 0.004238 0.003547 0.102775 0.883749 0.005691
3 3 0.005613 0.004676 0.110424 0.871816 0.007471
3 3 0.005636 0.004695 0.110540 0.871627 0.007501
3 3 0.004040 0.003384 0.101514 0.885628 0.005434
3 3 0.007780 0.006447 0.119789 0.855735 0.010248
3 3 0.003176 0.002670 0.095347 0.894502 0.004304
3 3 0.005986 0.004982 0.112231 0.868850 0.007951
3 3 0.003241 0.002724 0.095856 0.893790 0.004389
3 3 0.005118 0.004270 0.107865 0.875916 0.006832
3 3 0.003569 0.002995 0.098301 0.890315 0.004819
3 3 0.003901 0.003269 0.100596 0.886981 0.005252
3 3 0.003833 0.003212 0.100137 0.887655 0.005163
3 3 0.002627 0.002215 0.090704 0.900872 0.003582
3 3 0.003779 0.003168 0.099772 0.888187 0.005093
3 3 0.004727 0.003949 0.105699 0.879300 0.006326
3 3 0.003860 0.003235 0.100319 0.887388 0.005198
3 3 0.004531 0.003788 0.104561 0.881047 0.006072
3 3 0.003772 0.003163 0.099724 0.888257 0.005084
3 3 0.004102 0.003435 0.101914 0.885034 0.005515
3 3 0.022221 0.020972 0.179104 0.745267 0.032436
3 3 0.011234 0.021148 0.329659 0.610099 0.027861
1 3 0.178265 0.335276 0.290697 0.076380 0.119383
1 3 0.106236 0.416119 0.410465 0.021462 0.045719
1 2 0.125542 0.419947 0.387221 0.021030 0.046260
0 2 0.610738 0.138300 0.066735 0.078198 0.106029
4 2 0.170212 0.187941 0.193236 0.078908 0.369703
0 1 0.830391 0.086250 0.022730 0.017297 0.043332
0 0 0.851417 0.078340 0.019395 0.013982 0.036867
0 0 0.802818 0.093731 0.027448 0.018638 0.057365
0 1 0.667393 0.130638 0.050646 0.041122 0.110200
0 0 0.816418 0.091260 0.024978 0.019642 0.047703
0 0 0.677110 0.171465 0.062948 0.026307 0.062169
0 1 0.803845 0.095202 0.027085 0.021153 0.052714
1 1 0.272806 0.329515 0.236745 0.051739 0.109195
2 2 0.069273 0.315557 0.518614 0.036493 0.060064
2 2 0.005829 0.104396 0.862045 0.014152 0.013577
2 2 0.085931 0.357415 0.457343 0.025294 0.074018
2 2 0.003721 0.060953 0.897681 0.026187 0.011458
2 2 0.009576 0.124286 0.829532 0.019973 0.016633
2 2 0.012286 0.177793 0.778960 0.011759 0.019202
2 2 0.020388 0.204245 0.723463 0.020077 0.031827
0 2 0.563747 0.206983 0.092042 0.045450 0.091779
2 2 0.035506 0.248759 0.623822 0.021203 0.070710
2 2 0.003932 0.051498 0.888353 0.043738 0.012479
2 2 0.007507 0.114539 0.843957 0.017499 0.016500
2 2 0.002291 0.046018 0.921810 0.021948 0.007933
2 2 0.008152 0.136309 0.812460 0.010091 0.032987
2 2 0.002102 0.049495 0.925963 0.015401 0.007039
2 2 0.056008 0.277989 0.554239 0.037668 0.074096
2 2 0.026853 0.248902 0.675451 0.015022 0.033773
2 2 0.009050 0.116446 0.829857 0.020230 0.024417
2 2 0.118612 0.308777 0.363354 0.039507 0.169750
2 2 0.021065 0.206190 0.704036 0.015851 0.052857
2 2 0.026996 0.231389 0.676016 0.018969 0.046629
2 2 0.012159 0.134246 0.804362 0.026419 0.022815
2 2 0.009783 0.154510 0.800071 0.010720 0.024916
2 2 0.012119 0.167602 0.775607 0.011730 0.032942
0 2 0.412951 0.151396 0.094630 0.057655 0.283368
2 2 0.004745 0.061616 0.885911 0.035964 0.011764
2 2 0.080987 0.309816 0.459840 0.035071 0.114286
4 2 0.152617 0.114860 0.125527 0.052792 0.554204
2 2 0.132020 0.322696 0.354602 0.039814 0.150867
4 4 0.252171 0.136299 0.116440 0.055799 0.439291
4 4 0.127719 0.105252 0.124993 0.047892 0.594143
4 4 0.221326 0.208429 0.190083 0.065895 0.314267
4 4 0.202172 0.123100 0.118909 0.047934 0.507884
2 4 0.107546 0.335797 0.393663 0.035746 0.127248
1 2 0.255765 0.290013 0.232421 0.053292 0.168510
0 2 0.427888 0.155087 0.093031 0.064203 0.259791
0 4 0.455578 0.128160 0.079920 0.026390 0.309951
4 4 0.103073 0.178051 0.238632 0.060108 0.420136
1 4 0.190087 0.259605 0.252782 0.056524 0.241003
4 4 0.100713 0.089277 0.118691 0.035611 0.655708
2 4 0.129723 0.317663 0.345179 0.052718 0.154717
2 4 0.079585 0.280233 0.410103 0.030050 0.200029
4 4 0.259544 0.136577 0.115117 0.054440 0.434322
2 4 0.099871 0.249056 0.331418 0.051443 0.268212
4 4 0.224496 0.146897 0.129686 0.078600 0.420320
2 2 0.032523 0.247251 0.629607 0.016751 0.073868
2 2 0.055533 0.305527 0.571674 0.015705 0.051560
2 2 0.096432 0.290877 0.382484 0.038620 0.191588
2 2 0.003800 0.086968 0.883490 0.009954 0.015788
2 2 0.001469 0.045941 0.935674 0.008694 0.008222
2 2 0.012109 0.138848 0.800209 0.012395 0.036440
2 2 0.006118 0.111316 0.825339 0.009457 0.047770
2 2 0.001635 0.053371 0.924838 0.006819 0.013336
2 2 0.005500 0.105372 0.831862 0.008887 0.048379
2 2 0.001149 0.034120 0.944321 0.011311 0.009099
2 2 0.002534 0.067898 0.903528 0.008173 0.017868
2 2 0.016491 0.181656 0.746802 0.017434 0.037617
2 2 0.008974 0.135280 0.817340 0.013485 0.024922
2 2 0.001629 0.051663 0.926264 0.006983 0.013460
2 2 0.002136 0.062447 0.913055 0.007027 0.015334
2 2 0.002366 0.058940 0.914100 0.011137 0.013457
0 1 0.425880 0.292704 0.158825 0.039418 0.083172
1 2 0.213887 0.402731 0.301535 0.025162 0.056686
2 2 0.003774 0.080701 0.892581 0.009980 0.012965
2 2 0.003028 0.064985 0.906255 0.014624 0.011108
2 2 0.039834 0.277462 0.629868 0.018979 0.033857
2 2 0.045486 0.274835 0.615416 0.018496 0.045767
2 2 0.001396 0.041691 0.939477 0.010949 0.006488
2 2 0.029774 0.216690 0.702608 0.014511 0.036417
2 2 0.011605 0.157265 0.792228 0.012373 0.026529
2 2 0.001736 0.037657 0.932113 0.021929 0.006565
2 2 0.007991 0.107924 0.852789 0.015205 0.016091
2 2 0.007356 0.088582 0.853601 0.032979 0.017482
2 2 0.001815 0.034048 0.925813 0.031068 0.007257
2 2 0.009423 0.121023 0.826513 0.022088 0.020953
2 2 0.001946 0.048671 0.927278 0.013786 0.008319
2 2 0.061904 0.230431 0.623546 0.033368 0.050750
2 2 0.074694 0.351899 0.512113 0.020498 0.040796
2 2 0.006551 0.092776 0.864298 0.015988 0.020387
0 1 0.488646 0.271140 0.133315 0.032963 0.073935
0 1 0.438243 0.313408 0.162770 0.024918 0.060661
2 2 0.021856 0.212828 0.720048 0.017915 0.027353
2 2 0.152561 0.385846 0.386240 0.021136 0.054217
2 2 0.010383 0.110544 0.824023 0.033622 0.021428
2 2 0.008125 0.068274 0.848794 0.056487 0.018319
2 2 0.005557 0.111933 0.852643 0.009502 0.020366
2 2 0.002428 0.035210 0.906718 0.046812 0.008832
2 2 0.004372 0.087371 0.883843 0.010588 0.013826
2 2 0.002191 0.043417 0.922686 0.023745 0.007962
1 2 0.151222 0.416902 0.358854 0.022746 0.050276
2 2 0.001633 0.034271 0.930590 0.026330 0.007176
2 2 0.002045 0.048495 0.925448 0.015279 0.008734
2 2 0.002332 0.036941 0.910881 0.040606 0.009240
2 2 0.002960 0.054574 0.911330 0.022133 0.009003
2 2 0.001995 0.053425 0.924363 0.010684 0.009533
2 2 0.001433 0.035500 0.939199 0.018111 0.005757
2 2 0.002722 0.057686 0.911504 0.016412 0.011676
2 2 0.002501 0.039618 0.910032 0.038387 0.009463
2 2 0.013551 0.115220 0.796096 0.048025 0.027107
2 2 0.001422 0.039682 0.939710 0.013412 0.005774
2 2 0.002043 0.041859 0.925589 0.022937 0.007572
2 2 0.004734 0.099628 0.861387 0.009662 0.024589
2 2 0.002288 0.034367 0.910024 0.044840 0.008482
2 2 0.002343 0.045556 0.918787 0.024475 0.008839
2 2 0.002475 0.040484 0.912307 0.035523 0.009211
2 2 0.001867 0.044086 0.928583 0.015205 0.010259
2 2 0.002295 0.041170 0.918742 0.029421 0.008372
2 2 0.001174 0.028591 0.942891 0.022032 0.005312
2 2 0.002054 0.041253 0.924455 0.024376 0.007863
2 2 0.002459 0.026168 0.863834 0.097401 0.010138
2 2 0.002869 0.043871 0.906233 0.037167 0.009861
2 2 0.001804 0.034773 0.925230 0.030394 0.007799
2 2 0.002104 0.025732 0.885079 0.078231 0.008854
2 2 0.001536 0.032694 0.933488 0.025773 0.006509
2 2 0.001356 0.031467 0.939429 0.022110 0.005638
2 2 0.001932 0.032984 0.920156 0.037307 0.007622
2 2 0.004463 0.058461 0.883071 0.039902 0.014103
2 2 0.001425 0.025244 0.924249 0.042532 0.006551
2 2 0.003893 0.025841 0.762023 0.193957 0.014287
2 2 0.003210 0.040198 0.892315 0.053952 0.010325
2 2 0.001276 0.020701 0.914795 0.056832 0.006396
2 2 0.002126 0.024661 0.875750 0.088276 0.009187
2 2 0.001581 0.033624 0.933834 0.024675 0.006286
2 2 0.001319 0.023346 0.923376 0.045511 0.006447
2 2 0.002595 0.025817 0.852559 0.108544 0.010486
2 2 0.001661 0.021717 0.889398 0.079334 0.007890
2 2 0.001368 0.024039 0.924173 0.044133 0.006287
2 2 0.001273 0.020361 0.913663 0.058402 0.006301
2 2 0.002384 0.029482 0.887731 0.070795 0.009608
2 2 0.004513 0.047220 0.861084 0.071282 0.015901
3 3 0.011025 0.017264 0.264774 0.680847 0.026090
2 3 0.002710 0.030711 0.874358 0.081180 0.011041
2 3 0.003058 0.023979 0.794684 0.165372 0.012906
2 3 0.003753 0.033165 0.837323 0.112302 0.013458
2 3 0.001682 0.029669 0.920570 0.040183 0.007896
2 3 0.002754 0.021656 0.790871 0.172828 0.011891
2 3 0.002085 0.018633 0.812648 0.156763 0.009871
2 3 0.002739 0.021095 0.781819 0.182134 0.012214
2 3 0.002266 0.022994 0.848478 0.115978 0.010284
2 3 0.004220 0.023101 0.701856 0.256203 0.014620
2 3 0.002834 0.025002 0.827853 0.132960 0.011350
2 3 0.005470 0.024499 0.636165 0.315546 0.018319
2 3 0.005804 0.066828 0.861750 0.047575 0.018042
2 3 0.002247 0.020268 0.822474 0.145142 0.009868
2 3 0.003513 0.028495 0.815917 0.139074 0.013001
2 3 0.003154 0.027802 0.828326 0.127947 0.012770
3 3 0.016595 0.033680 0.404122 0.512574 0.033029
2 3 0.065407 0.349615 0.521149 0.021902 0.041927
2 3 0.011212 0.083312 0.822931 0.060332 0.022213
2 2 0.017926 0.200013 0.738829 0.016907 0.026326
2 2 0.001436 0.021108 0.905885 0.064888 0.006682
2 2 0.002113 0.058346 0.919511 0.009383 0.010648
0 2 0.300940 0.256844 0.257095 0.077573 0.107548
0 1 0.395627 0.285187 0.166518 0.047734 0.104935
1 2 0.194005 0.383725 0.314731 0.031636 0.075903
2 2 0.137202 0.385687 0.410797 0.020686 0.045627
2 2 0.092299 0.287305 0.520679 0.028189 0.071529
2 2 0.078307 0.347546 0.513839 0.020016 0.040292
2 2 0.003211 0.059398 0.906518 0.021073 0.009799
2 2 0.008068 0.116830 0.842315 0.017637 0.015150
2 2 0.007024 0.130060 0.837074 0.010025 0.015817
2 2 0.001137 0.024323 0.938921 0.030432 0.005187
1 2 0.243844 0.347274 0.291598 0.039369 0.077916
2 2 0.007666 0.136942 0.822782 0.009545 0.023065
2 2 0.002879 0.056939 0.910650 0.019897 0.009635
2 2 0.070970 0.327530 0.531316 0.024581 0.045602
2 2 0.001953 0.043491 0.927034 0.019832 0.007689
2 2 0.004313 0.057980 0.886603 0.038180 0.012924
2 2 0.010353 0.142882 0.810869 0.016694 0.019202
2 2 0.003963 0.060373 0.895993 0.028653 0.011018
2 2 0.008327 0.093869 0.842079 0.035909 0.019816
2 2 0.003927 0.054550 0.891425 0.037848 0.012250
2 2 0.001850 0.041891 0.930483 0.018949 0.006827
2 2 0.002564 0.065447 0.913256 0.010305 0.008428
2 2 0.001513 0.033861 0.935192 0.022798 0.006636
2 2 0.002997 0.058900 0.908247 0.019393 0.010463
2 2 0.001984 0.040790 0.926222 0.023430 0.007573
2 2 0.060833 0.344971 0.535115 0.020130 0.038951
2 2 0.018080 0.201380 0.736125 0.016141 0.028274
2 2 0.003068 0.064717 0.905964 0.016102 0.010150
2 2 0.007519 0.074890 0.856441 0.043875 0.017275
2 2 0.008694 0.113636 0.845412 0.015072 0.017186
2 2 0.002939 0.054176 0.909640 0.023338 0.009907
2 2 0.002023 0.039777 0.925911 0.025024 0.007265
2 2 0.001507 0.037338 0.938021 0.017311 0.005823
2 2 0.001117 0.026480 0.943092 0.024192 0.005120
2 2 0.001543 0.030383 0.931755 0.030103 0.006217
2 2 0.001488 0.041400 0.937612 0.012210 0.007290
2 2 0.001609 0.034706 0.933314 0.023859 0.006512
2 2 0.002575 0.060819 0.908396 0.012019 0.016192
2 2 0.001582 0.037574 0.935170 0.017831 0.007843
2 2 0.001566 0.042164 0.934933 0.012598 0.008740
2 2 0.012711 0.095728 0.797153 0.067793 0.026616
2 2 0.004318 0.062869 0.887822 0.031844 0.013146
2 2 0.002373 0.049396 0.921510 0.018813 0.007909
2 2 0.001388 0.023007 0.919468 0.049826 0.006311
2 2 0.001742 0.033776 0.928319 0.029243 0.006920
2 2 0.001546 0.039035 0.937223 0.016273 0.005924
2 2 0.002868 0.063889 0.909103 0.014106 0.010034
2 2 0.001883 0.045211 0.929818 0.016225 0.006863
2 2 0.005388 0.086475 0.874735 0.018668 0.014734
2 2 0.002029 0.041423 0.925431 0.023448 0.007669
2 2 0.004191 0.063732 0.892691 0.027732 0.011654
2 2 0.002340 0.057558 0.918741 0.012660 0.008701
2 2 0.001610 0.037495 0.934913 0.019635 0.006348
2 2 0.001961 0.048142 0.928248 0.014603 0.007046
2 2 0.005013 0.054367 0.868106 0.057667 0.014848
2 2 0.002293 0.042918 0.920342 0.026293 0.008155
2 2 0.002123 0.038014 0.920283 0.031446 0.008135
2 2 0.006520 0.104395 0.859549 0.013856 0.015679
2 2 0.003324 0.047945 0.899841 0.038242 0.010647
2 2 0.001334 0.023121 0.923104 0.046256 0.006184
3 2 0.047822 0.072414 0.337465 0.461353 0.080946
2 2 0.001513 0.042109 0.937662 0.012633 0.006083
2 2 0.002273 0.048668 0.921072 0.019563 0.008424
2 1 0.121219 0.334581 0.437600 0.034904 0.071696
1 2 0.253262 0.405755 0.274984 0.018791 0.047207
2 2 0.041690 0.273724 0.633404 0.018196 0.032986
2 2 0.007841 0.100646 0.849191 0.024275 0.018047
0 2 0.369443 0.361128 0.202468 0.018433 0.048528
2 2 0.030146 0.238281 0.677291 0.021351 0.032931
2 2 0.005972 0.061403 0.859861 0.056772 0.015991
2 2 0.002528 0.056057 0.916213 0.016207 0.008995
2 2 0.002008 0.054786 0.923579 0.010423 0.009204
1 2 0.222093 0.397608 0.294113 0.026739 0.059448
1 2 0.275170 0.360540 0.268314 0.030114 0.065862
0 2 0.533664 0.241329 0.111603 0.035538 0.077867
2 2 0.014106 0.193080 0.761867 0.011510 0.019437
0 2 0.368797 0.313027 0.185854 0.043782 0.088540
2 2 0.005839 0.084916 0.870570 0.023722 0.014954
2 2 0.009327 0.120373 0.830966 0.021560 0.017774
2 2 0.000960 0.033725 0.951268 0.009619 0.004429
2 2 0.052672 0.229763 0.644471 0.031098 0.041996
1 2 0.112012 0.411927 0.401849 0.024140 0.050072
2 2 0.004118 0.077719 0.890206 0.016620 0.011336
2 2 0.002288 0.037023 0.913430 0.038459 0.008799
2 2 0.009263 0.101325 0.833249 0.034608 0.021555
2 2 0.014074 0.157098 0.779859 0.011824 0.037145
2 2 0.077766 0.338048 0.517581 0.020635 0.045970
2 2 0.133948 0.342402 0.457384 0.021097 0.045170
1 2 0.165695 0.409458 0.360680 0.019204 0.044963
1 2 0.132883 0.413554 0.377805 0.023961 0.051796
2 2 0.021905 0.171304 0.755568 0.024006 0.027216
2 2 0.121379 0.314440 0.477470 0.030060 0.056651
0 1 0.772878 0.134836 0.040551 0.013555 0.038181
0 1 0.738284 0.131231 0.043040 0.026436 0.061009
1 2 0.262044 0.397632 0.267743 0.021121 0.051461
2 2 0.009615 0.124339 0.833443 0.014820 0.017785
2 2 0.016380 0.151593 0.781275 0.026956 0.023796
1 2 0.181312 0.383789 0.361266 0.022733 0.050900
2 2 0.014746 0.182940 0.757326 0.013847 0.031141
2 2 0.023357 0.227739 0.699960 0.016625 0.032319
2 2 0.002087 0.054829 0.924114 0.011715 0.007255
2 2 0.009217 0.147612 0.809872 0.011952 0.021348
2 2 0.029023 0.201726 0.717598 0.020017 0.031636
2 2 0.001813 0.031140 0.920931 0.038665 0.007451
2 2 0.001415 0.033535 0.937971 0.020382 0.006696
2 2 0.002539 0.050410 0.915462 0.019103 0.012486
2 2 0.001539 0.041953 0.936065 0.012877 0.007566
2 2 0.002761 0.049973 0.910435 0.024998 0.011833
2 2 0.032797 0.213710 0.680011 0.028028 0.045453
2 2 0.113594 0.381638 0.412348 0.030676 0.061743
2 2 0.001753 0.030235 0.922120 0.038750 0.007142
2 2 0.002168 0.048338 0.923651 0.017987 0.007856
2 2 0.002552 0.049163 0.916854 0.022751 0.008679
0 2 0.477536 0.284434 0.141136 0.029095 0.067798
2 2 0.032973 0.245543 0.666491 0.014329 0.040665
2 2 0.002462 0.044441 0.918334 0.026642 0.008120
0 2 0.442833 0.304101 0.158221 0.028393 0.066453
2 2 0.014252 0.174110 0.772010 0.013292 0.026336
2 2 0.001933 0.055959 0.925613 0.008524 0.007971
2 2 0.003519 0.068680 0.900604 0.016949 0.010248
0 2 0.327851 0.300271 0.196216 0.057992 0.117669
2 2 0.003230 0.042461 0.897114 0.046347 0.010847
2 2 0.006208 0.106503 0.861401 0.011502 0.014385
2 2 0.012774 0.127571 0.817414 0.022187 0.020054
2 2 0.037819 0.208957 0.692437 0.025158 0.035629
0 0 0.607536 0.148498 0.060705 0.066522 0.116739
0 0 0.907354 0.054732 0.010899 0.006507 0.020508
0 0 0.930333 0.043663 0.007639 0.004077 0.014288
0 0 0.846422 0.080262 0.020181 0.014746 0.038390
0 0 0.915915 0.050720 0.009664 0.005554 0.018147
0 0 0.878865 0.067270 0.015146 0.010057 0.028663
0 0 0.880022 0.066783 0.014970 0.009902 0.028324
0 0 0.835562 0.084347 0.021904 0.016458 0.041729
0 0 0.843255 0.081466 0.020682 0.015238 0.039360
0 0 0.730683 0.118278 0.039184 0.036352 0.075503
0 0 0.890853 0.062136 0.013335 0.008495 0.025180
0 0 0.809234 0.093763 0.026143 0.020890 0.049971
0 0 0.885783 0.063981 0.014139 0.008779 0.027318
0 0 0.643421 0.132708 0.054962 0.039556 0.129353
0 0 0.787907 0.098490 0.029926 0.020819 0.062857
0 0 0.912651 0.052264 0.010132 0.005911 0.019042
0 0 0.840457 0.082521 0.021125 0.015677 0.040220
0 0 0.898921 0.058568 0.012136 0.007499 0.022877
0 0 0.922061 0.046409 0.008905 0.003987 0.018640
0 0 0.858361 0.075623 0.018308 0.012944 0.034764
0 0 0.751541 0.109068 0.036078 0.026052 0.077260
0 0 0.917093 0.050158 0.009496 0.005427 0.017826
0 0 0.892235 0.061532 0.013129 0.008321 0.024783
0 1 0.744964 0.105757 0.037172 0.020385 0.091722
0 1 0.912385 0.052242 0.010188 0.005814 0.019371
0 1 0.818614 0.088957 0.024811 0.017034 0.050583
0 1 0.597470 0.173687 0.075153 0.045514 0.108177
0 1 0.302888 0.258618 0.190326 0.060199 0.187970
1 2 0.254342 0.271726 0.222068 0.056887 0.194976
2 2 0.144682 0.292555 0.312480 0.057206 0.193077
2 2 0.113023 0.253225 0.318779 0.051382 0.263591
2 2 0.078945 0.326546 0.474288 0.030494 0.089728
2 2 0.080067 0.326075 0.445570 0.023155 0.125133
2 2 0.024388 0.216333 0.683635 0.017811 0.057832
2 2 0.002525 0.055558 0.916005 0.016280 0.009631
2 2 0.007387 0.105065 0.849133 0.018980 0.019435
2 2 0.003050 0.081134 0.896667 0.007244 0.011904
2 2 0.023969 0.197757 0.716061 0.028628 0.033584
2 2 0.002161 0.058903 0.918700 0.009645 0.010592
2 2 0.009065 0.143544 0.800222 0.010087 0.037082
2 2 0.003161 0.076584 0.900899 0.010486 0.008870
2 2 0.002608 0.061069 0.913881 0.012974 0.009467
2 2 0.001823 0.043114 0.931506 0.016975 0.006582
2 2 0.007325 0.091289 0.858341 0.026813 0.016231
2 2 0.001105 0.037511 0.945033 0.008411 0.007941
2 2 0.002929 0.045772 0.907088 0.034453 0.009758
2 2 0.001913 0.050914 0.924164 0.010129 0.012881
2 2 0.046271 0.267549 0.600610 0.025166 0.060405
2 2 0.003095 0.064405 0.904466 0.013174 0.014860
2 2 0.001392 0.043733 0.937814 0.009043 0.008018
2 2 0.001131 0.035989 0.946112 0.010203 0.006565
2 2 0.001482 0.040377 0.937912 0.013568 0.006661
2 2 0.001010 0.041957 0.944478 0.005221 0.007334
2 2 0.001767 0.061317 0.919766 0.005346 0.011804
2 2 0.005089 0.083617 0.877515 0.018545 0.015235
2 2 0.002014 0.048363 0.926381 0.015295 0.007947
2 2 0.001800 0.060227 0.919503 0.005883 0.012587
2 2 0.001011 0.037366 0.947650 0.007180 0.006794
2 2 0.001561 0.037269 0.936279 0.018754 0.006136
2 2 0.005161 0.092460 0.869001 0.013189 0.020190
2 2 0.001973 0.038815 0.925233 0.025585 0.008395
2 2 0.001749 0.037919 0.931287 0.021369 0.007677
2 2 0.001752 0.039941 0.926983 0.017076 0.014248
2 2 0.000876 0.021438 0.946533 0.026649 0.004504
2 2 0.002398 0.037537 0.911536 0.039718 0.008811
2 2 0.001285 0.031296 0.940639 0.020704 0.006076
2 2 0.001690 0.033376 0.928931 0.029005 0.006998
2 2 0.001211 0.030106 0.942585 0.019904 0.006194
2 2 0.001219 0.025898 0.937973 0.029513 0.005397
2 2 0.001087 0.023768 0.939735 0.030221 0.005189
2 2 0.001460 0.022907 0.912976 0.055835 0.006821
2 2 0.001765 0.037546 0.930467 0.023268 0.006953
2 2 0.002042 0.028363 0.901111 0.059900 0.008585
2 2 0.001695 0.029817 0.923488 0.037962 0.007039
2 2 0.001451 0.029136 0.932291 0.030794 0.006328
2 2 0.001468 0.029921 0.932833 0.029437 0.006341
2 2 0.002643 0.038656 0.903062 0.045408 0.010232
2 2 0.001414 0.020491 0.904892 0.066757 0.006446
2 2 0.001508 0.025777 0.922594 0.043618 0.006503
2 2 0.001544 0.026000 0.918620 0.046569 0.007266
2 2 0.003616 0.014197 0.529846 0.437873 0.014468
2 2 0.001007 0.021652 0.938694 0.033535 0.005112
2 2 0.002176 0.023793 0.863376 0.100851 0.009804
2 3 0.002213 0.029586 0.899200 0.060444 0.008556
2 3 0.002353 0.037517 0.911502 0.038933 0.009694
2 3 0.001401 0.017207 0.872774 0.101333 0.007284
2 3 0.003907 0.053470 0.899055 0.032123 0.011444
2 3 0.002279 0.018167 0.790195 0.179698 0.009662
2 3 0.003318 0.019320 0.702422 0.261960 0.012981
2 3 0.002386 0.025968 0.861884 0.098786 0.010975
2 3 0.001647 0.014153 0.784909 0.190732 0.008560
3 3 0.006273 0.014267 0.340701 0.617560 0.021200
2 3 0.001507 0.014291 0.813468 0.163060 0.007674
2 3 0.002685 0.018504 0.735896 0.229887 0.013027
2 3 0.002537 0.019713 0.782385 0.184106 0.011259
2 3 0.007617 0.022733 0.476365 0.468582 0.024703
2 3 0.002595 0.017156 0.724720 0.243723 0.011805
2 3 0.002665 0.016791 0.706403 0.261896 0.012246
2 3 0.001584 0.016765 0.844766 0.128892 0.007993
2 3 0.003101 0.012858 0.544939 0.426745 0.012356
2 3 0.002861 0.021690 0.778254 0.184429 0.012766
2 3 0.003109 0.014841 0.603097 0.365639 0.013315
2 3 0.001226 0.018083 0.902730 0.071750 0.006212
2 3 0.001550 0.014085 0.796861 0.179102 0.008402
2 3 0.002527 0.013083 0.610571 0.361354 0.012465
3 3 0.013553 0.012228 0.152362 0.802718 0.019140
2 3 0.001669 0.023263 0.899369 0.067996 0.007702
2 3 0.002487 0.013889 0.651997 0.320267 0.011360
3 3 0.005043 0.011093 0.318551 0.649182 0.016131
2 3 0.001401 0.015135 0.844248 0.131882 0.007333
3 3 0.004261 0.013642 0.459023 0.507928 0.015145
2 3 0.006888 0.037881 0.732750 0.201785 0.020696
2 3 0.004312 0.015518 0.515684 0.449290 0.015196
2 3 0.003560 0.031196 0.828848 0.122200 0.014196
2 3 0.002104 0.016394 0.767715 0.203485 0.010301
2 3 0.003754 0.013770 0.494348 0.472271 0.015858
3 3 0.002976 0.008568 0.370052 0.606208 0.012196
2 3 0.001945 0.020588 0.852650 0.115588 0.009229
2 3 0.004145 0.015693 0.533582 0.431550 0.015031
3 3 0.005371 0.009708 0.262993 0.707217 0.014711
3 3 0.005972 0.009074 0.224220 0.746839 0.013895
2 3 0.003574 0.015650 0.578911 0.387380 0.014484
2 3 0.002796 0.013969 0.607471 0.362738 0.013027
2 3 0.001958 0.014322 0.738790 0.235040 0.009889
2 3 0.001974 0.019635 0.844879 0.125008 0.008504
3 3 0.010798 0.008911 0.129814 0.836387 0.014090
3 3 0.004220 0.009502 0.311421 0.660624 0.014233
2 3 0.002481 0.015573 0.692716 0.276855 0.012374
3 3 0.006758 0.012626 0.285913 0.675694 0.019008
2 3 0.003826 0.015798 0.551907 0.412361 0.016109
2 3 0.004178 0.023691 0.702996 0.252779 0.016356
3 3 0.008106 0.019337 0.386213 0.561389 0.024954
3 3 0.006055 0.013110 0.322972 0.638298 0.019565
3 3 0.003909 0.010375 0.358590 0.611750 0.015376
3 3 0.004525 0.010286 0.319002 0.650810 0.015377
2 3 0.004253 0.019877 0.632896 0.327688 0.015286
3 3 0.006854 0.020641 0.454801 0.491364 0.026341
2 3 0.002716 0.015949 0.679579 0.289394 0.012362
3 3 0.003125 0.008285 0.342393 0.633867 0.012330
3 3 0.007160 0.009586 0.203888 0.764604 0.014762
3 3 0.033472 0.031129 0.190456 0.697113 0.047829
2 3 0.008273 0.087399 0.842703 0.042022 0.019603
2 3 0.075463 0.351816 0.510095 0.021021 0.041604
2 2 0.012339 0.170878 0.784132 0.013241 0.019409
2 2 0.004571 0.079654 0.882399 0.016969 0.016407
2 2 0.001941 0.050320 0.927468 0.012345 0.007927
2 2 0.009662 0.143412 0.813534 0.014516 0.018876
2 2 0.004243 0.073967 0.889587 0.019852 0.012352
2 2 0.001606 0.039943 0.934701 0.015844 0.007906
2 2 0.022231 0.204750 0.682046 0.015235 0.075738
1 2 0.225725 0.297709 0.253125 0.055267 0.168174
2 2 0.062465 0.202589 0.398631 0.051580 0.284735
4 2 0.224016 0.142178 0.127650 0.066869 0.439287
1 2 0.259662 0.321207 0.243877 0.049852 0.125402
2 2 0.114966 0.308702 0.365952 0.041885 0.168494
4 2 0.201642 0.130457 0.123976 0.061185 0.482741
0 2 0.402195 0.146795 0.094954 0.050462 0.305594
4 4 0.329223 0.139782 0.104027 0.047036 0.379933
0 4 0.515905 0.136972 0.074879 0.035055 0.237189
4 4 0.221941 0.121049 0.113058 0.039848 0.504104
0 4 0.662683 0.097801 0.045215 0.009900 0.184402
0 4 0.814535 0.077927 0.024856 0.007723 0.074958
0 4 0.797472 0.085833 0.027955 0.010604 0.078135
4 4 0.339113 0.105732 0.082965 0.014963 0.457228
0 4 0.397015 0.138402 0.092555 0.039072 0.332956
0 4 0.847381 0.067511 0.019711 0.005522 0.059875
4 4 0.258248 0.127734 0.110159 0.041408 0.462450
0 4 0.585636 0.106855 0.056144 0.012621 0.238745
0 4 0.738730 0.096509 0.036782 0.012320 0.115659
0 4 0.496695 0.128877 0.074818 0.026601 0.273009
0 4 0.505017 0.132298 0.074927 0.029842 0.257915
0 4 0.485665 0.115600 0.070667 0.016969 0.311099
0 4 0.509931 0.133870 0.074776 0.031496 0.249928
4 4 0.227174 0.134568 0.120693 0.059938 0.457627
0 4 0.640865 0.114468 0.052428 0.018587 0.173652
0 4 0.889986 0.062514 0.013465 0.008605 0.025430
0 4 0.412671 0.253708 0.151256 0.046811 0.135554
0 4 0.723751 0.111057 0.040784 0.022841 0.101566
0 4 0.347055 0.178801 0.126611 0.058390 0.289143
0 4 0.455064 0.116129 0.074503 0.017633 0.336671
0 4 0.725629 0.098519 0.038714 0.012681 0.124457
4 4 0.194515 0.152923 0.149147 0.065349 0.438067
0 4 0.802616 0.069857 0.024568 0.004268 0.098691
0 4 0.810176 0.074343 0.024761 0.005949 0.084770
0 4 0.684663 0.100824 0.043835 0.011972 0.158706
0 4 0.571203 0.120865 0.062693 0.020916 0.224323
0 4 0.745470 0.087534 0.034118 0.008193 0.124686
0 4 0.557264 0.127488 0.066502 0.026097 0.222650
0 4 0.641249 0.098789 0.047647 0.009871 0.202444
0 4 0.693370 0.101958 0.043170 0.012954 0.148549
4 4 0.345801 0.128310 0.095504 0.031462 0.398923
4 4 0.264341 0.126092 0.107970 0.038267 0.463330
4 4 0.363328 0.124313 0.090722 0.026572 0.395065
0 4 0.377523 0.155488 0.103336 0.060413 0.303240
0 1 0.594557 0.136444 0.063237 0.038633 0.167129
4 1 0.185007 0.126995 0.125773 0.061259 0.500965
4 2 0.073659 0.132212 0.206024 0.051408 0.536697
4 2 0.078226 0.167372 0.255656 0.053947 0.444799
0 4 0.496966 0.116446 0.069737 0.017408 0.299443
4 4 0.216845 0.132218 0.121569 0.058961 0.470407
4 4 0.214566 0.118260 0.112642 0.037853 0.516679
0 4 0.675423 0.097925 0.043978 0.010276 0.172398
4 4 0.215526 0.115290 0.110239 0.034049 0.524895
4 4 0.091009 0.095589 0.129682 0.053759 0.629961
4 4 0.317376 0.136228 0.104298 0.043582 0.398517
4 4 0.243110 0.103669 0.096008 0.019604 0.537609
0 4 0.702165 0.097286 0.041032 0.010862 0.148654
0 4 0.667763 0.102140 0.046009 0.012055 0.172033
4 4 0.161705 0.104544 0.114202 0.033689 0.585860
4 4 0.199158 0.118548 0.116313 0.041978 0.524003
0 4 0.602408 0.110242 0.055574 0.014652 0.217124
4 4 0.239506 0.130555 0.115655 0.049461 0.464823
4 4 0.139703 0.102896 0.118970 0.038654 0.599777
0 4 0.504268 0.114893 0.068221 0.016457 0.296161
0 4 0.819210 0.070267 0.023103 0.004969 0.082450
0 4 0.526761 0.119323 0.067448 0.019240 0.267228
4 4 0.070645 0.205310 0.333511 0.038591 0.351943
2 2 0.085333 0.245452 0.356448 0.041046 0.271722
4 2 0.069672 0.086738 0.130629 0.054788 0.658173
0 2 0.370663 0.243536 0.163267 0.043458 0.179076
2 2 0.108759 0.297229 0.364506 0.044922 0.184584
2 2 0.093020 0.268463 0.367070 0.041326 0.230121
4 2 0.164628 0.211087 0.225377 0.062460 0.336448
4 2 0.088868 0.120131 0.169311 0.055688 0.566001
2 2 0.106811 0.346351 0.401837 0.033952 0.111050
2 2 0.072661 0.238271 0.377550 0.033108 0.278410
4 2 0.099015 0.228564 0.309924 0.052481 0.310015
2 2 0.083273 0.220456 0.327134 0.045626 0.323510
2 2 0.070627 0.309106 0.478724 0.025544 0.115999
2 2 0.084941 0.307190 0.421379 0.028614 0.157875
2 2 0.083944 0.291520 0.410470 0.030729 0.183336
4 2 0.071426 0.202287 0.326707 0.040002 0.359578
2 2 0.074629 0.220119 0.346490 0.038480 0.320281
4 2 0.206500 0.114650 0.111711 0.035127 0.532012
2 2 0.084743 0.221958 0.326138 0.046480 0.320681
2 2 0.079036 0.244213 0.369423 0.036596 0.270733
4 2 0.074080 0.182862 0.289059 0.046904 0.407096
2 2 0.088349 0.240959 0.344182 0.044478 0.282032
4 2 0.081659 0.112630 0.163576 0.056021 0.586114
2 2 0.090979 0.315758 0.414191 0.030506 0.148565
2 2 0.063907 0.260690 0.452228 0.028361 0.194813
2 2 0.022383 0.216655 0.688720 0.013628 0.058614
0 2 0.547575 0.271427 0.123308 0.014991 0.042699
1 2 0.234487 0.301268 0.249843 0.054058 0.160344
2 2 0.007908 0.123394 0.827728 0.009427 0.031543
2 2 0.003694 0.078538 0.890097 0.012098 0.015573
2 2 0.002875 0.072955 0.899621 0.008789 0.015760
2 2 0.002079 0.064440 0.909064 0.005924 0.018493
2 2 0.001534 0.053816 0.927092 0.005731 0.011827
2 2 0.002160 0.064702 0.903674 0.006289 0.023174
2 2 0.003322 0.083651 0.886755 0.007770 0.018501
2 2 0.003104 0.083367 0.880969 0.006360 0.026200
2 2 0.003476 0.074014 0.889773 0.011213 0.021524
2 2 0.007585 0.122540 0.824639 0.010452 0.034784
2 2 0.003268 0.080689 0.884426 0.007694 0.023924
2 2 0.002449 0.067036 0.907687 0.007987 0.014841
2 2 0.002926 0.071781 0.900662 0.009697 0.014934
2 2 0.004609 0.091633 0.874081 0.008437 0.021240
2 2 0.001103 0.035184 0.946118 0.010618 0.006977
2 2 0.005754 0.100233 0.863398 0.010354 0.020261
2 2 0.002905 0.078897 0.889600 0.006718 0.021880
2 2 0.003295 0.075346 0.896695 0.011074 0.013590
2 2 0.005547 0.104191 0.850942 0.011021 0.028298
2 2 0.003256 0.049588 0.898769 0.036397 0.011989
2 2 0.002195 0.063367 0.912726 0.007356 0.014357
2 2 0.001834 0.054343 0.921765 0.007660 0.014398
2 2 0.001629 0.056247 0.924606 0.005702 0.011816
2 2 0.002011 0.064346 0.914582 0.006207 0.012854
2 2 0.008975 0.120590 0.835829 0.012066 0.022540
2 2 0.002795 0.067357 0.903032 0.010439 0.016377
2 2 0.002165 0.065901 0.910838 0.006573 0.014523
2 2 0.002641 0.060061 0.909781 0.012546 0.014972
2 2 0.002514 0.058450 0.914119 0.012737 0.012180
