0 0 0.842120 0.060197 0.084944 0.001211 0.011526
0 0 0.825326 0.066986 0.091778 0.001695 0.014215
0 0 0.850425 0.063426 0.072552 0.001045 0.012553
0 0 0.846834 0.062866 0.076777 0.001122 0.012401
0 0 0.849069 0.063662 0.073539 0.001075 0.012655
0 0 0.823305 0.068536 0.091549 0.001767 0.014843
0 0 0.847099 0.069858 0.066945 0.001115 0.014983
0 0 0.841428 0.061129 0.084351 0.001234 0.011858
0 0 0.849426 0.062168 0.075220 0.001063 0.012122
0 0 0.829530 0.076317 0.074682 0.001582 0.017889
0 0 0.814563 0.075090 0.090606 0.002088 0.017653
0 0 0.842269 0.067968 0.074187 0.001240 0.014335
0 0 0.842424 0.063872 0.079658 0.001228 0.012818
0 0 0.795199 0.092406 0.083420 0.002812 0.026162
0 0 0.833058 0.068549 0.082212 0.001485 0.014697
0 0 0.806296 0.084343 0.085025 0.002392 0.021943
0 0 0.803201 0.083017 0.089852 0.002532 0.021398
0 0 0.845374 0.064084 0.076528 0.001160 0.012855
0 0 0.846399 0.066217 0.072625 0.001139 0.013620
0 0 0.811913 0.078489 0.088241 0.002189 0.019168
0 0 0.813264 0.078102 0.087523 0.002139 0.018972
0 0 0.804866 0.091773 0.075433 0.002356 0.025571
0 0 0.852030 0.059885 0.075783 0.001000 0.011303
0 0 0.842192 0.066820 0.075842 0.001242 0.013904
0 0 0.810344 0.084602 0.080867 0.002220 0.021968
0 0 0.824333 0.068216 0.091015 0.001734 0.014703
0 0 0.798081 0.085183 0.091451 0.002751 0.022535
0 0 0.820160 0.074982 0.085462 0.001893 0.017503
0 0 0.821235 0.076979 0.081604 0.001854 0.018328
0 0 0.830823 0.066268 0.087511 0.001535 0.013862
0 0 0.831780 0.073711 0.076220 0.001523 0.016767
0 0 0.817665 0.073120 0.090467 0.001974 0.016774
0 0 0.837045 0.070553 0.075611 0.001377 0.015413
0 0 0.822573 0.085750 0.067741 0.001723 0.022213
0 0 0.817568 0.075392 0.087333 0.001983 0.017724
0 0 0.814752 0.085499 0.075436 0.002030 0.022282
0 0 0.824484 0.074182 0.082493 0.001750 0.017091
0 0 0.813080 0.084598 0.078312 0.002108 0.021902
0 0 0.817652 0.083617 0.075450 0.001939 0.021343
0 0 0.837080 0.073395 0.071612 0.001368 0.016545
0 0 0.796515 0.086789 0.090538 0.002814 0.023344
0 0 0.813377 0.080103 0.084540 0.002130 0.019851
0 0 0.838793 0.060354 0.087945 0.001288 0.011620
0 0 0.814259 0.082048 0.080904 0.002084 0.020705
0 0 0.793565 0.093145 0.083822 0.002883 0.026585
0 0 0.749253 0.132543 0.061728 0.003940 0.052536
0 0 0.772329 0.112971 0.072728 0.003510 0.038461
0 0 0.664822 0.172502 0.061557 0.008001 0.093117
0 1 0.366882 0.354193 0.071488 0.013421 0.194016
1 1 0.266497 0.396230 0.106909 0.024049 0.206315
1 1 0.103778 0.524237 0.166961 0.027035 0.177989
1 1 0.090598 0.436947 0.308048 0.043037 0.121370
2 1 0.037196 0.253684 0.641959 0.034013 0.033148
2 2 0.026440 0.121555 0.814090 0.017045 0.020870
2 2 0.021748 0.089575 0.859913 0.010351 0.018412
2 2 0.020381 0.071996 0.887930 0.011242 0.008451
2 2 0.020177 0.054890 0.906935 0.005008 0.012990
2 2 0.049122 0.129881 0.779313 0.013009 0.028676
2 2 0.026119 0.064525 0.890829 0.009131 0.009396
2 2 0.022493 0.095716 0.839497 0.013919 0.028376
2 2 0.025911 0.067687 0.878585 0.008000 0.019817
2 2 0.033524 0.100890 0.819366 0.025134 0.021086
2 2 0.028425 0.090931 0.843234 0.020896 0.016514
2 2 0.013167 0.059102 0.863745 0.057789 0.006197
2 2 0.027586 0.081152 0.784718 0.085235 0.021310
2 2 0.029688 0.086015 0.742725 0.128666 0.012906
2 2 0.031922 0.178146 0.600741 0.099049 0.090141
2 3 0.013351 0.079605 0.843494 0.056475 0.007074
2 3 0.007687 0.062658 0.490900 0.426736 0.012020
3 3 0.014326 0.075169 0.425292 0.464684 0.020529
2 3 0.030861 0.107791 0.605608 0.231033 0.024707
3 3 0.007022 0.025687 0.110094 0.842441 0.014756
3 3 0.028472 0.095173 0.327138 0.506704 0.042513
3 3 0.004322 0.019299 0.093970 0.872098 0.010312
3 3 0.036076 0.079955 0.233043 0.601732 0.049194
3 3 0.011346 0.036626 0.141838 0.788978 0.021212
3 3 0.004377 0.023903 0.125928 0.835096 0.010696
3 3 0.006628 0.024833 0.108072 0.846326 0.014142
3 3 0.008209 0.036065 0.162097 0.776461 0.017167
3 3 0.003460 0.016912 0.087246 0.883636 0.008746
3 3 0.004619 0.020073 0.096059 0.868418 0.010832
3 3 0.010806 0.033006 0.126037 0.809907 0.020244
3 3 0.004497 0.019759 0.095218 0.869905 0.010621
3 3 0.004474 0.019699 0.095057 0.870189 0.010581
3 3 0.003843 0.018000 0.090368 0.878335 0.009453
3 3 0.003365 0.016632 0.086429 0.885008 0.008566
3 3 0.004611 0.020054 0.096008 0.868508 0.010819
3 3 0.003051 0.015689 0.083618 0.889678 0.007964
3 3 0.005290 0.021749 0.100446 0.860540 0.011975
3 3 0.005860 0.023099 0.103852 0.854275 0.012914
3 3 0.002291 0.013222 0.075857 0.902192 0.006438
3 3 0.004606 0.020040 0.095971 0.868574 0.010810
3 3 0.002864 0.015109 0.081850 0.892577 0.007600
3 3 0.001952 0.012009 0.071787 0.908540 0.005712
3 3 0.002532 0.014037 0.078493 0.898002 0.006935
3 3 0.010558 0.032567 0.125142 0.811829 0.019903
3 3 0.002162 0.012770 0.074362 0.904540 0.006165
3 3 0.003633 0.017408 0.088681 0.881213 0.009067
3 3 0.004520 0.019819 0.095379 0.869621 0.010661
3 3 0.003174 0.016063 0.084742 0.887820 0.008202
3 3 0.001918 0.011884 0.071359 0.909200 0.005639
3 3 0.006164 0.023798 0.105574 0.851057 0.013406
3 3 0.001876 0.011727 0.070815 0.910036 0.005546
3 3 0.002317 0.013311 0.076150 0.901730 0.006492
3 3 0.002535 0.014046 0.078522 0.897957 0.006940
3 3 0.001924 0.011906 0.071434 0.909083 0.005652
3 3 0.002531 0.014033 0.078479 0.898025 0.006932
3 3 0.012013 0.033242 0.152104 0.785009 0.017632
3 3 0.028104 0.102049 0.359822 0.467865 0.042161
2 3 0.019440 0.115670 0.539057 0.296753 0.029081
3 3 0.008758 0.066291 0.411405 0.497335 0.016211
3 3 0.017459 0.073676 0.299909 0.579121 0.029835
2 3 0.010043 0.068466 0.490648 0.416510 0.014333
3 3 0.005919 0.032001 0.161093 0.787332 0.013655
3 3 0.003993 0.018415 0.091533 0.876332 0.009726
3 3 0.004513 0.019799 0.095325 0.869717 0.010647
3 3 0.003980 0.018378 0.091428 0.876513 0.009701
3 3 0.003992 0.018412 0.091525 0.876346 0.009724
3 3 0.002137 0.012679 0.074059 0.905014 0.006111
3 3 0.002839 0.015029 0.081604 0.892979 0.007550
3 3 0.002205 0.012921 0.074863 0.903756 0.006256
3 3 0.001919 0.011889 0.071375 0.909175 0.005642
3 3 0.002496 0.013917 0.078108 0.898619 0.006861
3 3 0.001783 0.011375 0.069583 0.911918 0.005340
3 3 0.001812 0.011486 0.069974 0.911323 0.005405
3 3 0.002604 0.014273 0.079243 0.896799 0.007080
3 3 0.002054 0.012382 0.073060 0.906570 0.005934
3 3 0.001702 0.011059 0.068464 0.913618 0.005157
3 3 0.001936 0.011950 0.071584 0.908853 0.005677
3 3 0.001784 0.011378 0.069597 0.911898 0.005342
3 3 0.001765 0.011305 0.069338 0.912292 0.005300
3 3 0.004094 0.018690 0.092297 0.875011 0.009908
3 3 0.002015 0.012241 0.072580 0.907315 0.005850
3 3 0.003248 0.016285 0.085404 0.886720 0.008343
3 3 0.002041 0.012334 0.072898 0.906822 0.005905
3 3 0.001745 0.011226 0.069059 0.912717 0.005254
3 3 0.001821 0.011519 0.070090 0.911145 0.005425
3 3 0.002168 0.012790 0.074428 0.904437 0.006177
3 3 0.002327 0.013345 0.076259 0.901558 0.006512
3 3 0.002619 0.014322 0.079397 0.896552 0.007110
3 3 0.001695 0.011033 0.068373 0.913756 0.005142
3 3 0.001560 0.010496 0.066435 0.916675 0.004834
3 3 0.001619 0.010733 0.067295 0.915384 0.004969
3 3 0.003274 0.016365 0.085639 0.886327 0.008394
3 3 0.001742 0.011214 0.069017 0.912780 0.005247
3 3 0.002431 0.013697 0.077402 0.899744 0.006726
3 3 0.002049 0.012363 0.072993 0.906673 0.005922
3 3 0.001711 0.011096 0.068595 0.913420 0.005178
3 3 0.004446 0.019626 0.094859 0.870538 0.010531
3 3 0.002066 0.012425 0.073205 0.906344 0.005959
3 3 0.002638 0.014385 0.079595 0.896233 0.007149
2 2 0.019371 0.071965 0.564956 0.328944 0.014764
2 2 0.014592 0.081229 0.729594 0.163559 0.011026
2 2 0.163915 0.196244 0.562709 0.037599 0.039533
2 2 0.058293 0.090254 0.789015 0.049807 0.012631
2 2 0.045774 0.244926 0.636376 0.037685 0.035238
2 2 0.028671 0.091952 0.851488 0.020292 0.007597
2 2 0.046226 0.116170 0.784812 0.038537 0.014254
2 2 0.040868 0.091090 0.834287 0.024841 0.008915
2 2 0.036212 0.105159 0.822306 0.024924 0.011400
2 2 0.018594 0.057478 0.910351 0.008819 0.004758
2 2 0.016346 0.049896 0.920274 0.007869 0.005615
2 2 0.018028 0.068370 0.867509 0.038767 0.007326
2 2 0.013362 0.059910 0.901689 0.020033 0.005007
2 2 0.017473 0.053810 0.910829 0.010893 0.006995
2 2 0.030217 0.103184 0.830476 0.012548 0.023576
2 2 0.017786 0.120199 0.801428 0.047426 0.013161
2 2 0.015391 0.052464 0.900081 0.028318 0.003746
2 2 0.044094 0.132850 0.781038 0.027522 0.014496
2 2 0.048144 0.144912 0.750114 0.037689 0.019142
2 2 0.143535 0.248578 0.519108 0.037626 0.051154
2 2 0.019600 0.063890 0.900018 0.008287 0.008205
2 2 0.009778 0.037503 0.937451 0.012541 0.002728
2 2 0.011613 0.032302 0.944145 0.007776 0.004164
0 0 0.536149 0.119956 0.283282 0.022651 0.037962
0 0 0.581282 0.204081 0.084691 0.014558 0.115389
0 1 0.692160 0.145199 0.087585 0.008866 0.066190
2 2 0.060185 0.155322 0.728966 0.034585 0.020942
2 2 0.057165 0.188657 0.705982 0.025888 0.022308
2 2 0.019864 0.070407 0.888950 0.011497 0.009282
2 1 0.200857 0.082186 0.682917 0.017595 0.016445
1 1 0.278729 0.373448 0.180459 0.025016 0.142348
2 1 0.054376 0.182099 0.715798 0.026388 0.021339
2 2 0.021324 0.079518 0.872768 0.016768 0.009622
2 2 0.012770 0.033184 0.945863 0.004297 0.003885
2 2 0.036651 0.166609 0.751640 0.027292 0.017808
2 2 0.021880 0.066372 0.890872 0.014662 0.006213
2 2 0.013190 0.051136 0.918350 0.011344 0.005980
2 2 0.008763 0.029055 0.952307 0.006230 0.003645
2 2 0.007001 0.024798 0.961395 0.003520 0.003286
2 2 0.007029 0.030229 0.955664 0.002851 0.004228
2 2 0.023445 0.114690 0.782799 0.015071 0.063995
2 2 0.007577 0.047346 0.927581 0.007112 0.010384
2 2 0.017272 0.087805 0.834290 0.011717 0.048916
2 2 0.010793 0.051060 0.919456 0.003598 0.015094
4 2 0.046255 0.260822 0.278002 0.024544 0.390377
4 2 0.037659 0.244926 0.265885 0.018324 0.433206
4 2 0.056832 0.248121 0.109681 0.012567 0.572798
4 2 0.060105 0.280121 0.127339 0.014835 0.517601
4 2 0.065833 0.320614 0.110417 0.013932 0.489204
4 2 0.055852 0.344993 0.228884 0.023449 0.346823
2 2 0.033532 0.289455 0.515051 0.027988 0.133974
2 2 0.012126 0.070840 0.890288 0.007942 0.018803
2 2 0.045241 0.260270 0.583850 0.023907 0.086732
2 2 0.010094 0.042663 0.933776 0.002468 0.010998
2 2 0.019082 0.041744 0.925711 0.003497 0.009966
2 2 0.027840 0.171721 0.605094 0.021440 0.173905
2 2 0.005733 0.021180 0.968351 0.001812 0.002924
2 2 0.012506 0.046945 0.924869 0.003463 0.012218
2 2 0.015328 0.090388 0.834494 0.012456 0.047335
2 2 0.008194 0.030200 0.952924 0.002239 0.006442
2 2 0.010203 0.033538 0.946434 0.001593 0.008233
2 2 0.012007 0.045938 0.928913 0.003651 0.009491
2 2 0.021127 0.110481 0.826760 0.015268 0.026365
2 2 0.020256 0.166579 0.738516 0.026637 0.048013
2 2 0.008524 0.034524 0.948769 0.003110 0.005074
2 2 0.010993 0.054923 0.918260 0.007686 0.008139
2 2 0.019088 0.070724 0.878037 0.020877 0.011274
2 2 0.021135 0.080250 0.869242 0.018064 0.011308
2 2 0.017366 0.088468 0.859336 0.017653 0.017178
2 2 0.015945 0.062194 0.900604 0.014864 0.006393
2 2 0.023464 0.073950 0.874252 0.010058 0.018277
2 2 0.020904 0.072080 0.773396 0.124669 0.008950
0 0 0.564186 0.148323 0.208750 0.021983 0.056758
2 1 0.088400 0.317461 0.498097 0.036373 0.059669
2 2 0.026926 0.061937 0.894705 0.008651 0.007782
2 2 0.014117 0.050107 0.920408 0.010200 0.005168
2 2 0.018844 0.062234 0.899088 0.010521 0.009313
2 2 0.019203 0.072304 0.881964 0.014587 0.011941
2 2 0.016188 0.057972 0.905599 0.015611 0.004630
2 2 0.014604 0.059086 0.869489 0.052078 0.004744
2 2 0.018058 0.079188 0.874067 0.017934 0.010753
2 2 0.021302 0.083416 0.819528 0.064427 0.011326
2 2 0.018597 0.074285 0.840680 0.059426 0.007012
2 2 0.009405 0.044892 0.897453 0.045606 0.002645
2 2 0.014762 0.067040 0.884628 0.026872 0.006697
2 2 0.006906 0.055923 0.800336 0.131969 0.004865
2 2 0.024663 0.101974 0.721559 0.126683 0.025120
2 2 0.021810 0.087188 0.798195 0.079900 0.012907
2 2 0.011664 0.058542 0.768597 0.154929 0.006268
2 2 0.010478 0.080366 0.760197 0.139589 0.009371
2 2 0.025875 0.087045 0.785758 0.088157 0.013165
2 2 0.009303 0.069587 0.597887 0.311936 0.011287
2 2 0.085043 0.096908 0.747513 0.055182 0.015354
2 2 0.019759 0.083969 0.870414 0.016081 0.009777
2 2 0.012270 0.050936 0.914674 0.015277 0.006843
2 2 0.017870 0.069065 0.841709 0.064940 0.006415
2 1 0.244071 0.247415 0.410287 0.034746 0.063481
2 2 0.032763 0.079079 0.860663 0.020991 0.006505
2 2 0.059996 0.222140 0.658070 0.030086 0.029708
2 2 0.018843 0.069307 0.888743 0.017021 0.006086
2 2 0.016445 0.053367 0.915708 0.007957 0.006523
2 2 0.013860 0.063661 0.893657 0.023688 0.005134
2 2 0.015972 0.060683 0.888669 0.029378 0.005297
2 2 0.029660 0.089672 0.814975 0.055506 0.010188
2 2 0.017394 0.073011 0.883773 0.019783 0.006038
2 2 0.013052 0.073189 0.869902 0.038333 0.005523
2 2 0.013121 0.074639 0.769555 0.133996 0.008689
2 2 0.023236 0.111896 0.729372 0.117940 0.017556
2 2 0.014405 0.063475 0.873070 0.044268 0.004782
2 2 0.019614 0.067488 0.871250 0.034568 0.007080
2 2 0.009723 0.060368 0.646498 0.274955 0.008456
2 2 0.017175 0.072450 0.862543 0.041878 0.005954
2 2 0.006682 0.051630 0.862458 0.075714 0.003515
2 2 0.009261 0.075020 0.711292 0.194870 0.009557
2 2 0.016342 0.084435 0.795102 0.094493 0.009628
2 2 0.014867 0.094918 0.800074 0.079567 0.010575
2 2 0.010535 0.070260 0.541711 0.364176 0.013317
3 3 0.013017 0.076545 0.354725 0.530745 0.024968
3 3 0.006940 0.054875 0.321249 0.601536 0.015400
2 3 0.036582 0.145999 0.453247 0.312238 0.051934
3 3 0.010195 0.079200 0.414057 0.475431 0.021117
3 3 0.007679 0.035378 0.163031 0.777517 0.016396
3 3 0.012319 0.052742 0.222978 0.688519 0.023442
3 3 0.007838 0.058869 0.432672 0.487850 0.012772
3 3 0.008650 0.048453 0.235227 0.689253 0.018417
3 3 0.011133 0.033578 0.127190 0.807410 0.020689
3 3 0.005872 0.023129 0.103926 0.854138 0.012935
3 3 0.003222 0.016209 0.085179 0.887095 0.008295
3 3 0.006454 0.024448 0.107150 0.848081 0.013867
3 3 0.009563 0.030753 0.121369 0.819803 0.018512
3 3 0.005225 0.022827 0.107948 0.852027 0.011973
3 3 0.005107 0.021302 0.099293 0.862631 0.011668
3 3 0.008332 0.028387 0.116247 0.830300 0.016734
3 3 0.005689 0.022700 0.102857 0.856119 0.012635
3 3 0.006764 0.025131 0.108783 0.844966 0.014356
3 3 0.002861 0.015099 0.081820 0.892627 0.007593
3 3 0.003887 0.018122 0.090712 0.877745 0.009533
3 3 0.003163 0.016032 0.084649 0.887974 0.008182
3 3 0.002115 0.012600 0.073795 0.905427 0.006064
3 3 0.010822 0.062355 0.295846 0.609137 0.021840
2 3 0.018368 0.104858 0.451295 0.394072 0.031408
2 3 0.010193 0.078177 0.788286 0.115075 0.008269
2 3 0.034764 0.240041 0.559907 0.111786 0.053502
2 3 0.030490 0.096194 0.468776 0.374849 0.029690
2 3 0.012608 0.083738 0.620620 0.268485 0.014548
2 3 0.022245 0.128683 0.529377 0.284764 0.034931
2 3 0.036609 0.193206 0.597906 0.129053 0.043227
3 3 0.007498 0.044222 0.222676 0.709002 0.016601
3 3 0.016976 0.068373 0.270629 0.614372 0.029650
3 3 0.012885 0.052355 0.257080 0.657217 0.020464
3 3 0.008294 0.028311 0.116079 0.830637 0.016678
3 3 0.017520 0.043494 0.145451 0.764776 0.028760
3 3 0.005447 0.022126 0.101408 0.858783 0.012236
3 3 0.004076 0.018640 0.092159 0.875250 0.009875
3 3 0.006572 0.024711 0.107781 0.846880 0.014055
3 3 0.008190 0.028104 0.115618 0.831565 0.016524
3 3 0.009962 0.057242 0.274719 0.637541 0.020536
3 3 0.007432 0.026555 0.112110 0.838517 0.015386
3 3 0.008404 0.028530 0.116563 0.829662 0.016840
3 3 0.002056 0.012390 0.073087 0.906527 0.005939
3 3 0.007650 0.032691 0.146745 0.796740 0.016174
3 3 0.003755 0.017755 0.089672 0.879525 0.009293
3 3 0.003697 0.017590 0.089202 0.880327 0.009185
3 3 0.002681 0.014525 0.080034 0.895524 0.007236
3 3 0.003315 0.016485 0.085995 0.885735 0.008471
3 3 0.004441 0.019612 0.094820 0.870606 0.010522
3 3 0.002569 0.014158 0.078879 0.897385 0.007009
3 3 0.003385 0.016691 0.086600 0.884722 0.008603
3 3 0.002650 0.014424 0.079720 0.896032 0.007174
3 3 0.003913 0.018195 0.090917 0.877393 0.009581
3 3 0.005372 0.021947 0.100953 0.859614 0.012112
3 3 0.005050 0.021160 0.098926 0.863293 0.011571
3 3 0.007004 0.025649 0.110004 0.842616 0.014728
3 3 0.002336 0.013376 0.076361 0.901395 0.006531
3 3 0.004272 0.019166 0.093607 0.872733 0.010224
3 3 0.006671 0.024928 0.108299 0.845893 0.014210
2 2 0.066628 0.099825 0.773317 0.046148 0.014083
2 2 0.027670 0.139826 0.777427 0.039374 0.015703
2 2 0.040156 0.133097 0.776544 0.034436 0.015767
2 2 0.057468 0.263107 0.611858 0.030745 0.036822
2 2 0.045387 0.220864 0.673074 0.032219 0.028456
2 2 0.025094 0.099746 0.840638 0.025514 0.009008
2 2 0.024598 0.088673 0.862465 0.015582 0.008681
2 2 0.038012 0.234268 0.658109 0.037764 0.031847
2 2 0.024041 0.082164 0.854272 0.032315 0.007207
2 2 0.025063 0.095539 0.847447 0.023664 0.008287
2 2 0.014282 0.054868 0.913374 0.013636 0.003840
2 2 0.165842 0.124426 0.666766 0.024446 0.018520
2 2 0.052266 0.349932 0.504585 0.035356 0.057861
2 2 0.012519 0.045185 0.930689 0.005225 0.006382
2 2 0.007600 0.034775 0.946292 0.008721 0.002612
2 2 0.026138 0.079497 0.871641 0.016885 0.005839
2 2 0.027410 0.101335 0.844594 0.014873 0.011788
2 2 0.010996 0.040391 0.939100 0.005637 0.003875
2 2 0.035784 0.109582 0.816504 0.027050 0.011080
2 2 0.029290 0.091963 0.850675 0.012173 0.015898
2 2 0.018044 0.073236 0.883861 0.013767 0.011093
2 2 0.013273 0.051891 0.918252 0.011181 0.005402
2 2 0.008742 0.033514 0.948363 0.006808 0.002572
2 2 0.013802 0.044593 0.907894 0.029268 0.004443
2 2 0.032538 0.238721 0.654060 0.030968 0.043713
2 2 0.021073 0.071646 0.884130 0.009887 0.013265
2 2 0.012510 0.047185 0.927251 0.004756 0.008299
2 2 0.010376 0.052588 0.917982 0.013460 0.005594
2 2 0.012943 0.045126 0.928048 0.007608 0.006275
2 2 0.016673 0.074999 0.884600 0.012173 0.011555
2 2 0.011743 0.047242 0.927439 0.007621 0.005955
2 2 0.035306 0.061296 0.883845 0.011432 0.008121
2 1 0.106787 0.364601 0.414835 0.035160 0.078618
2 2 0.029685 0.068665 0.882985 0.011993 0.006672
2 2 0.010215 0.042778 0.936052 0.006295 0.004660
2 2 0.018484 0.071173 0.882629 0.022760 0.004954
2 2 0.016515 0.069052 0.894315 0.013469 0.006648
2 2 0.013173 0.047825 0.926651 0.006784 0.005568
2 2 0.014801 0.044837 0.925061 0.011925 0.003375
2 2 0.030230 0.068161 0.881014 0.013188 0.007408
2 2 0.059175 0.136999 0.753498 0.032729 0.017600
2 2 0.011758 0.043263 0.934033 0.007530 0.003417
2 2 0.009304 0.034182 0.949231 0.003424 0.003860
2 2 0.017574 0.044692 0.926384 0.006882 0.004468
2 1 0.327496 0.172914 0.425863 0.030345 0.043382
1 1 0.103979 0.403863 0.365501 0.034124 0.092532
2 2 0.013154 0.048099 0.922025 0.013245 0.003477
2 2 0.008227 0.027508 0.957213 0.004413 0.002639
2 2 0.008879 0.039592 0.939249 0.006494 0.005786
2 4 0.013387 0.101059 0.827211 0.011863 0.046481
4 4 0.021522 0.070872 0.044796 0.003229 0.859581
4 4 0.021388 0.069934 0.051597 0.003644 0.853438
4 4 0.020943 0.072433 0.023926 0.001813 0.880886
4 4 0.036535 0.097539 0.038247 0.004512 0.823167
4 4 0.010988 0.049270 0.023317 0.001010 0.915415
4 4 0.028293 0.083783 0.040592 0.003774 0.843557
4 4 0.013356 0.055402 0.023533 0.001205 0.906503
4 4 0.022998 0.075407 0.031145 0.002482 0.867968
4 4 0.027976 0.082930 0.042923 0.003926 0.842245
0 4 0.414697 0.227989 0.062201 0.008826 0.286287
4 4 0.066090 0.135091 0.041983 0.008544 0.748292
4 4 0.044747 0.112026 0.026252 0.003901 0.813074
4 4 0.018051 0.063636 0.047030 0.002888 0.868394
4 4 0.033220 0.140895 0.167088 0.012351 0.646446
4 4 0.042319 0.108351 0.027030 0.003801 0.818499
4 4 0.038652 0.245901 0.277584 0.019859 0.418003
4 4 0.040396 0.105200 0.028460 0.003810 0.822134
4 4 0.027988 0.085331 0.027058 0.002613 0.857009
4 4 0.030964 0.088301 0.040621 0.004096 0.836018
4 4 0.033192 0.169872 0.152009 0.010322 0.634605
4 4 0.028947 0.100382 0.073078 0.005858 0.791735
4 4 0.014587 0.058183 0.025308 0.001387 0.900535
1 1 0.133484 0.391380 0.110850 0.034497 0.329790
1 1 0.072656 0.449594 0.308053 0.045063 0.124634
2 1 0.051140 0.316708 0.537091 0.041140 0.053921
2 2 0.014618 0.098394 0.812440 0.010192 0.064357
2 2 0.012837 0.046963 0.928398 0.003690 0.008112
2 2 0.007824 0.023266 0.963055 0.001377 0.004478
2 2 0.006566 0.028376 0.959660 0.002327 0.003071
2 2 0.010650 0.039582 0.939776 0.002274 0.007718
2 2 0.007256 0.032777 0.951531 0.002495 0.005942
2 2 0.013866 0.090696 0.834361 0.012265 0.048812
2 2 0.009449 0.033107 0.944748 0.001288 0.011409
2 2 0.012362 0.047427 0.916010 0.002796 0.021406
2 2 0.007859 0.031358 0.953948 0.002548 0.004287
2 2 0.010593 0.058786 0.909760 0.006743 0.014118
2 2 0.007690 0.032505 0.950475 0.002579 0.006751
2 2 0.008608 0.027097 0.957093 0.001514 0.005689
2 2 0.008868 0.029892 0.954488 0.002165 0.004587
2 2 0.017382 0.104918 0.725239 0.014844 0.137617
2 2 0.013488 0.053619 0.909557 0.003994 0.019342
2 2 0.009322 0.063321 0.904652 0.006340 0.016365
2 2 0.009543 0.030040 0.953210 0.001306 0.005901
2 2 0.011650 0.056825 0.910523 0.005235 0.015767
2 2 0.008198 0.029245 0.954530 0.001500 0.006527
2 2 0.011282 0.036215 0.939807 0.001814 0.010883
2 2 0.009931 0.044443 0.933508 0.004477 0.007642
2 2 0.015472 0.047252 0.918837 0.003140 0.015299
2 2 0.008650 0.031094 0.952180 0.003230 0.004846
2 2 0.007232 0.031309 0.954864 0.001945 0.004650
2 2 0.009057 0.038969 0.940947 0.005297 0.005729
2 2 0.010544 0.035940 0.942302 0.002459 0.008755
2 2 0.014286 0.053892 0.913300 0.005829 0.012694
2 2 0.013746 0.046531 0.926405 0.003848 0.009471
2 2 0.010916 0.058995 0.907857 0.011684 0.010548
2 2 0.010916 0.049171 0.923258 0.004741 0.011913
2 2 0.006451 0.026235 0.960273 0.003687 0.003354
2 2 0.007959 0.033022 0.948118 0.007512 0.003388
2 2 0.017940 0.068508 0.885601 0.017123 0.010828
2 2 0.015584 0.049104 0.918792 0.011145 0.005374
2 2 0.008272 0.026999 0.957062 0.003066 0.004601
2 2 0.008471 0.054471 0.912225 0.017186 0.007647
2 2 0.005498 0.027224 0.960137 0.004095 0.003046
2 2 0.009929 0.046535 0.931902 0.005327 0.006307
2 2 0.012220 0.055486 0.910875 0.015783 0.005636
2 2 0.009640 0.037030 0.942178 0.005944 0.005207
2 2 0.009657 0.038489 0.914121 0.035070 0.002664
2 2 0.011873 0.068076 0.885980 0.021311 0.012760
2 2 0.006096 0.035158 0.947002 0.008181 0.003562
2 2 0.009700 0.056216 0.907413 0.020047 0.006624
2 2 0.009495 0.051176 0.905635 0.029588 0.004105
2 2 0.012741 0.052645 0.917667 0.009846 0.007102
2 2 0.010584 0.046145 0.927683 0.011709 0.003878
2 2 0.008852 0.070333 0.892365 0.014087 0.014363
2 2 0.008308 0.050883 0.880451 0.057058 0.003301
2 2 0.009608 0.052721 0.919931 0.011466 0.006273
2 2 0.010137 0.059278 0.897281 0.023564 0.009740
2 2 0.013348 0.051701 0.915979 0.013794 0.005178
2 2 0.021609 0.085235 0.855447 0.026775 0.010934
2 2 0.017529 0.085342 0.861633 0.018217 0.017279
2 2 0.017493 0.060048 0.902815 0.008076 0.011568
2 2 0.011366 0.060991 0.860802 0.061943 0.004898
2 2 0.007880 0.040501 0.936729 0.010181 0.004708
2 2 0.011521 0.052741 0.910352 0.020440 0.004946
2 2 0.014039 0.076282 0.853094 0.039779 0.016806
2 2 0.010317 0.054837 0.890054 0.039975 0.004817
2 2 0.014749 0.048312 0.915255 0.012439 0.009244
2 2 0.009470 0.043608 0.928777 0.013724 0.004420
2 2 0.021287 0.101064 0.806625 0.053744 0.017281
2 2 0.016286 0.082749 0.774171 0.113261 0.013534
2 2 0.012030 0.077996 0.875377 0.011359 0.023238
2 2 0.012046 0.053860 0.895278 0.035394 0.003422
2 2 0.011643 0.095762 0.853563 0.029173 0.009858
2 2 0.008134 0.052215 0.900212 0.034173 0.005267
2 2 0.016674 0.063745 0.879135 0.033941 0.006504
2 2 0.010761 0.080633 0.817683 0.078252 0.012671
2 2 0.011545 0.057245 0.894705 0.031443 0.005062
2 2 0.009550 0.056271 0.898012 0.030677 0.005491
2 2 0.018583 0.124398 0.697704 0.130664 0.028650
2 2 0.009885 0.051649 0.836137 0.098127 0.004201
2 2 0.012793 0.076155 0.835226 0.064542 0.011285
2 2 0.012484 0.049104 0.916634 0.017099 0.004678
2 2 0.022951 0.096024 0.739961 0.120838 0.020227
2 2 0.033945 0.097998 0.764612 0.085789 0.017656
2 2 0.016852 0.100749 0.830961 0.038226 0.013213
2 2 0.008249 0.056943 0.849587 0.080874 0.004347
2 2 0.026005 0.120186 0.658959 0.156820 0.038031
2 2 0.018726 0.136841 0.681312 0.138593 0.024528
2 2 0.018121 0.100296 0.622072 0.239876 0.019635
2 2 0.014349 0.071868 0.766468 0.138806 0.008509
2 2 0.053806 0.188648 0.697057 0.034327 0.026162
2 2 0.031344 0.067859 0.879447 0.013973 0.007377
2 2 0.037922 0.111832 0.814213 0.024213 0.011819
2 2 0.024728 0.077855 0.873854 0.014272 0.009291
2 2 0.061327 0.119399 0.749533 0.052027 0.017715
2 2 0.028259 0.118812 0.821026 0.021630 0.010273
2 2 0.034903 0.093572 0.841790 0.021428 0.008307
2 2 0.034555 0.167526 0.752102 0.027932 0.017885
2 2 0.020634 0.069008 0.890119 0.012032 0.008208
2 2 0.022211 0.073100 0.884801 0.012191 0.007697
2 2 0.013766 0.062213 0.898214 0.021308 0.004500
2 2 0.026153 0.112650 0.829797 0.014844 0.016556
2 2 0.045725 0.208745 0.688841 0.030719 0.025970
2 2 0.012932 0.053421 0.915949 0.011835 0.005863
2 2 0.036325 0.084382 0.845182 0.025004 0.009107
2 0 0.234928 0.235530 0.448968 0.028791 0.051783
2 1 0.092681 0.351586 0.433867 0.043014 0.078852
2 1 0.010598 0.055965 0.919378 0.008882 0.005176
2 2 0.013566 0.043267 0.932137 0.004830 0.006199
2 2 0.020332 0.060030 0.901275 0.006434 0.011929
2 2 0.014771 0.053578 0.918882 0.006651 0.006117
2 2 0.012966 0.050646 0.925730 0.004881 0.005777
2 2 0.020724 0.087930 0.857842 0.009545 0.023958
2 2 0.013585 0.056707 0.913151 0.011038 0.005519
2 2 0.014890 0.052099 0.916834 0.005758 0.010418
2 2 0.033666 0.173305 0.724926 0.017453 0.050649
2 1 0.018457 0.047651 0.915333 0.015693 0.002865
2 1 0.100329 0.371427 0.422734 0.031441 0.074069
2 2 0.010835 0.039470 0.938166 0.006660 0.004869
2 2 0.014900 0.053842 0.915775 0.009354 0.006129
2 2 0.021966 0.074897 0.869169 0.028067 0.005902
2 2 0.014178 0.050852 0.917209 0.011800 0.005961
2 2 0.014325 0.036259 0.940522 0.003689 0.005204
2 2 0.012475 0.042873 0.934353 0.004122 0.006178
2 2 0.013438 0.053180 0.918789 0.004751 0.009843
2 2 0.016895 0.053734 0.914137 0.010254 0.004980
2 2 0.026889 0.070985 0.881030 0.010835 0.010261
2 2 0.013448 0.044955 0.929188 0.003193 0.009216
2 2 0.015856 0.059042 0.908662 0.006414 0.010025
2 2 0.036664 0.105814 0.817861 0.015482 0.024179
0 0 0.354741 0.277943 0.239637 0.028590 0.099089
0 0 0.799182 0.075804 0.104084 0.002678 0.018253
0 0 0.817706 0.074543 0.088409 0.001977 0.017365
0 0 0.872035 0.044846 0.075959 0.000577 0.006583
0 0 0.761648 0.079583 0.133464 0.004553 0.020752
0 0 0.827691 0.073722 0.080095 0.001648 0.016844
0 0 0.747944 0.122347 0.079240 0.004861 0.045607
0 0 0.780551 0.103486 0.080028 0.003364 0.032571
0 0 0.745497 0.132679 0.064703 0.004258 0.052864
1 0 0.321847 0.370670 0.072495 0.016840 0.218149
0 0 0.481865 0.255324 0.078737 0.019072 0.165002
0 0 0.753879 0.117612 0.081649 0.004652 0.042209
0 0 0.771633 0.096673 0.098501 0.004081 0.029113
0 0 0.743738 0.122123 0.083212 0.005247 0.045679
0 0 0.794038 0.094812 0.080892 0.002827 0.027431
0 0 0.472595 0.274779 0.080713 0.015318 0.156595
1 1 0.296449 0.378758 0.113246 0.022679 0.188867
0 0 0.710435 0.132578 0.094060 0.007904 0.055024
0 0 0.788249 0.090554 0.092582 0.003195 0.025420
0 0 0.803888 0.081558 0.091334 0.002507 0.020713
0 0 0.811163 0.079038 0.088156 0.002217 0.019426
0 0 0.733749 0.131622 0.076333 0.005459 0.052837
0 0 0.632039 0.190100 0.053642 0.008719 0.115499
0 0 0.597689 0.191930 0.086979 0.014883 0.108519
0 0 0.447907 0.284868 0.103521 0.017662 0.146043
0 1 0.459796 0.261238 0.107257 0.022825 0.148884
1 1 0.158031 0.465898 0.185049 0.027764 0.163257
1 1 0.166535 0.455665 0.169753 0.030237 0.177810
1 1 0.258850 0.375587 0.185282 0.029741 0.150541
2 1 0.071625 0.358190 0.468420 0.035502 0.066264
1 1 0.210543 0.395478 0.209630 0.034290 0.150058
2 2 0.078374 0.331554 0.497470 0.032391 0.060210
2 2 0.045354 0.167143 0.740402 0.024690 0.022410
2 2 0.053379 0.230298 0.651233 0.033313 0.031777
2 2 0.020947 0.060043 0.901291 0.006596 0.011124
2 2 0.015218 0.042255 0.930857 0.003080 0.008590
1 2 0.124929 0.408935 0.328749 0.033793 0.103595
1 2 0.140456 0.411890 0.327057 0.026003 0.094594
0 0 0.634648 0.169217 0.097719 0.013250 0.085166
0 1 0.458441 0.286669 0.080930 0.014773 0.159187
0 1 0.396848 0.280239 0.183386 0.025148 0.114379
1 2 0.195046 0.393596 0.250981 0.032614 0.127764
1 2 0.138843 0.429601 0.286971 0.029991 0.114593
2 2 0.017947 0.050778 0.921173 0.005281 0.004820
2 2 0.027225 0.062815 0.894480 0.009015 0.006464
2 2 0.022044 0.053142 0.912163 0.005517 0.007136
2 2 0.018687 0.047771 0.922781 0.005847 0.004913
2 2 0.016527 0.072453 0.891869 0.011177 0.007975
2 2 0.026047 0.096825 0.852107 0.014316 0.010706
2 2 0.017871 0.065783 0.899852 0.009002 0.007492
2 2 0.012033 0.044599 0.933824 0.005752 0.003791
2 2 0.022893 0.073201 0.883959 0.012347 0.007600
2 2 0.015965 0.061348 0.908996 0.007948 0.005744
2 2 0.021636 0.055222 0.910160 0.006123 0.006859
2 2 0.011765 0.040471 0.939513 0.003369 0.004882
2 2 0.025654 0.064789 0.891723 0.010558 0.007275
2 2 0.009600 0.032055 0.951172 0.004020 0.003153
2 2 0.022701 0.069681 0.887478 0.010048 0.010092
2 2 0.041198 0.149546 0.767894 0.025659 0.015704
2 2 0.033533 0.105219 0.834180 0.015000 0.012067
2 2 0.013960 0.039108 0.939078 0.003815 0.004038
2 2 0.009354 0.032554 0.950264 0.002188 0.005641
2 2 0.017189 0.058585 0.909124 0.006388 0.008713
2 2 0.011104 0.051507 0.917350 0.015725 0.004314
2 2 0.013593 0.046645 0.929442 0.003728 0.006592
2 2 0.008983 0.042260 0.930892 0.015194 0.002671
2 2 0.009842 0.043953 0.933377 0.008589 0.004239
2 2 0.015156 0.056722 0.907972 0.014452 0.005698
2 2 0.009565 0.028888 0.954399 0.001897 0.005251
2 2 0.011227 0.050068 0.925688 0.004408 0.008609
2 2 0.008534 0.029499 0.955366 0.003191 0.003410
2 2 0.008526 0.036010 0.945734 0.004539 0.005191
2 2 0.015214 0.073167 0.889037 0.009972 0.012609
2 2 0.007751 0.028604 0.958139 0.001943 0.003563
2 2 0.008578 0.032901 0.951462 0.002197 0.004862
2 4 0.049143 0.212436 0.483595 0.063990 0.190836
4 4 0.043676 0.109238 0.031884 0.004525 0.810677
4 4 0.065286 0.136560 0.032068 0.006645 0.759441
4 4 0.048871 0.116381 0.031942 0.005032 0.797775
4 4 0.056723 0.209968 0.102975 0.012670 0.617663
4 4 0.049068 0.119757 0.020153 0.003373 0.807649
4 4 0.096798 0.166138 0.033130 0.008778 0.695156
4 4 0.061267 0.130380 0.038520 0.007356 0.762477
4 4 0.073275 0.306664 0.105368 0.015482 0.499211
0 4 0.469447 0.229455 0.050854 0.008222 0.242023
4 4 0.042590 0.108192 0.029493 0.004128 0.815598
4 4 0.092922 0.168020 0.022723 0.006953 0.709381
0 4 0.563286 0.206209 0.057787 0.006964 0.165754
0 4 0.483128 0.224881 0.050558 0.006152 0.235281
0 4 0.352472 0.230970 0.058001 0.008853 0.349704
4 4 0.075978 0.149800 0.026743 0.006563 0.740916
4 4 0.124058 0.184119 0.028531 0.006383 0.656908
4 4 0.100475 0.171328 0.031840 0.010138 0.686219
4 4 0.111510 0.185585 0.019856 0.007455 0.675594
4 4 0.289621 0.230938 0.049887 0.009371 0.420183
4 4 0.111401 0.179429 0.034418 0.012097 0.662654
4 4 0.036282 0.098962 0.028236 0.003430 0.833090
4 4 0.073045 0.145284 0.031365 0.007267 0.743039
4 4 0.259276 0.216192 0.070657 0.010620 0.443255
0 4 0.366998 0.258380 0.031339 0.016895 0.326388
4 4 0.091410 0.298004 0.088546 0.017651 0.504390
0 4 0.355710 0.344663 0.057560 0.014894 0.227174
4 4 0.146749 0.204171 0.034375 0.016303 0.598402
4 4 0.102491 0.174490 0.027867 0.009196 0.685955
4 4 0.052548 0.131944 0.044616 0.006867 0.764025
4 4 0.125125 0.193880 0.024511 0.010132 0.646352
4 4 0.229987 0.218530 0.047490 0.008148 0.495845
4 4 0.039785 0.106007 0.021302 0.002916 0.829990
4 4 0.042617 0.108836 0.026808 0.003798 0.817942
0 4 0.489388 0.219587 0.059734 0.007052 0.224239
4 4 0.223373 0.217142 0.051714 0.010185 0.497586
4 4 0.040905 0.106868 0.024506 0.003381 0.824340
4 4 0.145082 0.207679 0.024451 0.011889 0.610899
4 4 0.081488 0.154138 0.030785 0.007962 0.725628
4 4 0.252622 0.221411 0.044013 0.005705 0.476249
4 4 0.138274 0.201406 0.028185 0.012781 0.619355
4 4 0.041149 0.106621 0.027087 0.003711 0.821432
4 4 0.117420 0.169891 0.043011 0.005792 0.663886
4 4 0.069329 0.144028 0.022541 0.005166 0.758936
0 4 0.449006 0.223556 0.063118 0.007801 0.256520
4 4 0.128824 0.195740 0.026290 0.011123 0.638022
4 4 0.070755 0.143558 0.028826 0.006539 0.750322
4 4 0.330638 0.236796 0.050457 0.010804 0.371305
0 4 0.688344 0.155413 0.071993 0.006042 0.078208
4 4 0.108976 0.171496 0.038997 0.008858 0.671673
4 4 0.260044 0.226406 0.044686 0.007604 0.461259
4 4 0.080224 0.151684 0.034848 0.008750 0.724494
0 4 0.610694 0.180919 0.078162 0.006944 0.123281
0 4 0.647074 0.182089 0.056014 0.006896 0.107927
4 4 0.112617 0.175503 0.030766 0.006542 0.674571
4 4 0.065587 0.139040 0.024700 0.005305 0.765369
4 4 0.351239 0.234120 0.052326 0.008677 0.353638
4 4 0.129904 0.184011 0.031662 0.005757 0.648666
0 4 0.505922 0.217115 0.058145 0.006468 0.212350
0 4 0.396784 0.227919 0.060874 0.007697 0.306725
0 4 0.750648 0.139445 0.049354 0.003146 0.057408
0 4 0.759946 0.133888 0.050403 0.002940 0.052823
0 4 0.382499 0.225464 0.075683 0.012491 0.303863
4 4 0.163386 0.214336 0.033388 0.017959 0.570931
4 4 0.071039 0.143698 0.029397 0.006679 0.749188
4 4 0.068374 0.141133 0.028150 0.006194 0.756148
4 4 0.324786 0.227554 0.048354 0.004913 0.394393
0 4 0.495278 0.225818 0.052814 0.009462 0.216628
4 4 0.105167 0.177976 0.024845 0.008536 0.683476
4 4 0.098795 0.171542 0.027198 0.008668 0.693797
4 4 0.083031 0.158133 0.023614 0.006423 0.728798
4 4 0.105377 0.309022 0.076173 0.018287 0.491142
4 4 0.057375 0.129733 0.022975 0.004381 0.785535
4 4 0.099797 0.170207 0.033439 0.010515 0.686042
4 4 0.100773 0.291991 0.074792 0.017273 0.515171
4 4 0.058939 0.133384 0.038276 0.006895 0.762505
4 4 0.063012 0.155038 0.043838 0.007811 0.730301
4 4 0.061641 0.278667 0.131916 0.015869 0.511907
4 4 0.101633 0.282188 0.062283 0.014982 0.538914
4 4 0.158815 0.195027 0.050376 0.010484 0.585298
0 4 0.662815 0.169773 0.066453 0.007154 0.093806
4 4 0.071884 0.146288 0.024159 0.005686 0.751983
4 4 0.067374 0.139677 0.029305 0.006327 0.757316
4 4 0.066871 0.224531 0.094454 0.013983 0.600161
4 4 0.045420 0.190843 0.103932 0.010121 0.649685
4 4 0.076196 0.274759 0.116133 0.018490 0.514420
4 4 0.057475 0.197248 0.070051 0.009369 0.665857
4 4 0.054189 0.189973 0.090089 0.011085 0.654664
4 4 0.091338 0.233496 0.063000 0.014184 0.597981
1 1 0.206186 0.410618 0.063585 0.025700 0.293912
4 1 0.054187 0.254440 0.137498 0.014503 0.539372
4 1 0.061536 0.273359 0.143255 0.017260 0.504590
4 1 0.041530 0.295445 0.232351 0.016859 0.413815
4 1 0.037647 0.226333 0.216030 0.015068 0.504921
4 1 0.036689 0.219594 0.235576 0.016165 0.491976
4 1 0.071334 0.299486 0.139279 0.019686 0.470216
4 1 0.046998 0.169389 0.076688 0.008494 0.698432
4 1 0.045541 0.197273 0.112715 0.010774 0.633696
4 1 0.055069 0.307294 0.150678 0.015185 0.471773
4 1 0.067776 0.140929 0.026616 0.005847 0.758833
4 1 0.044079 0.197719 0.141431 0.012768 0.604003
4 1 0.034794 0.137883 0.088101 0.007346 0.731876
4 1 0.079184 0.295353 0.168085 0.027343 0.430035
4 1 0.063785 0.224945 0.073391 0.010496 0.627383
4 1 0.035954 0.281787 0.289970 0.018349 0.373940
4 1 0.046551 0.248833 0.186425 0.016300 0.501891
4 1 0.032215 0.250964 0.320833 0.018644 0.377344
1 2 0.069682 0.337763 0.253878 0.035780 0.302898
4 2 0.047309 0.242915 0.162297 0.014622 0.532857
2 2 0.027432 0.161693 0.651981 0.013055 0.145839
4 2 0.030679 0.185889 0.187056 0.010987 0.585389
4 2 0.024999 0.183644 0.378673 0.018578 0.394106
2 2 0.028057 0.245243 0.446675 0.025126 0.254899
2 2 0.028729 0.169942 0.676929 0.021786 0.102614
2 2 0.009120 0.054080 0.916790 0.003978 0.016031
2 2 0.035647 0.207986 0.621202 0.018963 0.116203
2 2 0.026305 0.245294 0.463946 0.024672 0.239783
2 2 0.009821 0.029726 0.951241 0.001088 0.008124
