0 0 0.723018 0.010314 0.027011 0.011419 0.228238
0 0 0.773632 0.002710 0.008643 0.003157 0.211858
0 0 0.728900 0.009185 0.024477 0.010215 0.227224
0 0 0.700983 0.014997 0.037107 0.016362 0.230551
0 0 0.685520 0.018655 0.044626 0.020177 0.231023
0 0 0.736167 0.007869 0.021460 0.008804 0.225699
0 0 0.756813 0.004665 0.013744 0.005324 0.219453
0 0 0.759103 0.004363 0.012980 0.004992 0.218562
0 0 0.772283 0.002844 0.009006 0.003307 0.212560
0 0 0.782475 0.001933 0.006474 0.002281 0.206837
0 0 0.767381 0.003364 0.010396 0.003887 0.214971
0 0 0.754340 0.005004 0.014592 0.005696 0.220368
0 0 0.767847 0.003313 0.010259 0.003830 0.214751
0 0 0.756909 0.004652 0.013711 0.005310 0.219417
0 0 0.772646 0.002808 0.008908 0.003266 0.212373
0 0 0.756177 0.004751 0.013960 0.005419 0.219693
0 0 0.775355 0.002545 0.008191 0.002972 0.210937
0 0 0.777422 0.002356 0.007668 0.002759 0.209795
0 0 0.776302 0.002458 0.007949 0.002873 0.210419
0 0 0.766887 0.003420 0.010542 0.003949 0.215202
0 0 0.776983 0.002396 0.007777 0.002803 0.210041
0 0 0.753290 0.005152 0.014958 0.005858 0.220741
0 0 0.771280 0.002946 0.009282 0.003421 0.213071
0 0 0.713089 0.012340 0.031454 0.013567 0.229550
0 0 0.676508 0.020908 0.049131 0.022510 0.230942
0 0 0.735000 0.008074 0.021935 0.009024 0.225966
0 0 0.777583 0.002342 0.007628 0.002743 0.209704
0 0 0.770464 0.003031 0.009509 0.003516 0.213480
0 0 0.778794 0.002236 0.007332 0.002623 0.209015
0 0 0.781511 0.002010 0.006693 0.002367 0.207420
0 0 0.784509 0.001779 0.006029 0.002105 0.205578
0 0 0.782085 0.001964 0.006562 0.002315 0.207074
0 0 0.765742 0.003550 0.010885 0.004094 0.215729
0 0 0.751067 0.005473 0.015748 0.006208 0.221505
0 0 0.780189 0.002118 0.006999 0.002490 0.208205
0 0 0.777715 0.002330 0.007595 0.002730 0.209630
0 0 0.766837 0.003425 0.010557 0.003955 0.215226
0 0 0.752466 0.005270 0.015249 0.005986 0.221029
0 0 0.768551 0.003235 0.010055 0.003744 0.214416
0 0 0.769072 0.003179 0.009904 0.003681 0.214164
0 0 0.743433 0.006648 0.018589 0.007485 0.223845
0 1 0.675023 0.021287 0.049882 0.022902 0.230906
0 1 0.518172 0.054418 0.078086 0.025855 0.323469
0 1 0.492040 0.077158 0.120226 0.050429 0.260146
0 1 0.348845 0.148664 0.158810 0.052957 0.290725
0 1 0.493727 0.072131 0.105527 0.039657 0.288958
0 1 0.418613 0.093644 0.103806 0.030031 0.353906
0 1 0.366677 0.130253 0.134359 0.040380 0.328331
4 2 0.223284 0.157960 0.080973 0.011210 0.526574
4 2 0.149070 0.283118 0.117256 0.016195 0.434361
4 2 0.308530 0.088744 0.059768 0.009260 0.533698
4 2 0.084115 0.336573 0.217800 0.010746 0.350766
1 2 0.148580 0.297249 0.278357 0.020651 0.255164
0 1 0.663378 0.024335 0.055826 0.026038 0.230423
4 1 0.245989 0.219994 0.160381 0.039082 0.334554
0 1 0.675288 0.021220 0.049747 0.022832 0.230913
0 1 0.645653 0.029204 0.065058 0.031012 0.229073
0 1 0.491177 0.078541 0.125149 0.054488 0.250645
0 1 0.393161 0.113866 0.124347 0.038074 0.330552
4 1 0.185050 0.266762 0.142610 0.025948 0.379630
4 1 0.223758 0.242677 0.165558 0.038949 0.329059
4 2 0.136650 0.221115 0.082673 0.013003 0.546559
2 2 0.111908 0.257609 0.483301 0.024988 0.122193
4 2 0.164041 0.291730 0.142100 0.024167 0.377962
4 2 0.114061 0.320395 0.105570 0.011896 0.448078
2 2 0.015189 0.034938 0.897682 0.035490 0.016702
2 2 0.071863 0.113868 0.704274 0.017562 0.092432
0 1 0.501522 0.074871 0.123557 0.055354 0.244696
2 2 0.131106 0.239119 0.461612 0.021931 0.146232
4 2 0.316219 0.165551 0.152274 0.043780 0.322176
4 2 0.215110 0.241283 0.250715 0.036426 0.256466
4 2 0.193012 0.234423 0.119313 0.019242 0.434010
2 2 0.083832 0.198125 0.566947 0.015859 0.135237
0 0 0.665409 0.023794 0.054782 0.025483 0.230532
0 0 0.684738 0.018847 0.045013 0.020376 0.231026
0 0 0.661690 0.024787 0.056697 0.026501 0.230325
0 0 0.707101 0.013630 0.034221 0.014927 0.230121
0 0 0.720983 0.010717 0.027906 0.011848 0.228546
0 0 0.767343 0.003369 0.010408 0.003892 0.214989
0 0 0.763211 0.003849 0.011662 0.004424 0.216854
0 0 0.756623 0.004691 0.013808 0.005352 0.219525
0 0 0.602849 0.041938 0.087952 0.043847 0.223414
0 0 0.642042 0.030228 0.066960 0.032053 0.228717
0 0 0.720366 0.010840 0.028179 0.011979 0.228636
0 0 0.735599 0.007969 0.021691 0.008911 0.225830
0 0 0.747161 0.006060 0.017178 0.006847 0.222755
0 0 0.748877 0.005798 0.016543 0.006563 0.222219
0 0 0.742425 0.006811 0.018978 0.007663 0.224123
0 0 0.750666 0.005531 0.015892 0.006272 0.221638
0 0 0.760797 0.004147 0.012428 0.004753 0.217875
0 0 0.753289 0.005152 0.014959 0.005858 0.220742
0 0 0.744611 0.006459 0.018138 0.007281 0.223511
0 0 0.747582 0.005995 0.017021 0.006777 0.222625
0 0 0.725346 0.009860 0.025999 0.010936 0.227859
0 0 0.765039 0.003632 0.011098 0.004184 0.216047
0 0 0.720999 0.010714 0.027899 0.011844 0.228544
0 0 0.729853 0.009007 0.024073 0.010025 0.227042
0 0 0.760245 0.004216 0.012606 0.004830 0.218101
0 0 0.736849 0.007751 0.021184 0.008676 0.225540
0 0 0.741676 0.006934 0.019269 0.007795 0.224326
0 0 0.757568 0.004565 0.013490 0.005214 0.219164
0 0 0.751894 0.005352 0.015452 0.006076 0.221225
0 0 0.727915 0.009370 0.024895 0.010412 0.227407
0 0 0.725061 0.009915 0.026122 0.010995 0.227907
0 0 0.727277 0.009491 0.025168 0.010542 0.227523
0 0 0.739750 0.007255 0.020025 0.008142 0.224828
0 0 0.743304 0.006669 0.018638 0.007508 0.223881
0 0 0.764452 0.003701 0.011277 0.004260 0.216310
0 0 0.670259 0.022519 0.052300 0.024171 0.230751
0 0 0.680020 0.020020 0.047366 0.021592 0.231002
0 0 0.694764 0.016435 0.040095 0.017866 0.230841
0 0 0.749819 0.005657 0.016199 0.006409 0.221916
0 0 0.746827 0.006111 0.017302 0.006903 0.222856
0 0 0.754702 0.004954 0.014466 0.005641 0.220237
0 0 0.779963 0.002137 0.007052 0.002511 0.208337
0 0 0.729220 0.009125 0.024341 0.010151 0.227163
0 0 0.736813 0.007757 0.021199 0.008683 0.225548
0 0 0.759980 0.004250 0.012693 0.004868 0.218210
0 0 0.756591 0.004695 0.013819 0.005357 0.219537
0 0 0.727834 0.009385 0.024930 0.010429 0.227422
0 0 0.523319 0.068488 0.131453 0.069987 0.206752
0 0 0.608378 0.040224 0.084961 0.042132 0.224305
0 0 0.526190 0.067474 0.129876 0.069001 0.207458
0 0 0.684186 0.018983 0.045287 0.020517 0.231026
0 0 0.705549 0.013972 0.034947 0.015287 0.230244
0 0 0.696247 0.016088 0.039377 0.017503 0.230785
0 0 0.721340 0.010646 0.027748 0.011772 0.228494
0 0 0.711303 0.012720 0.032273 0.013968 0.229737
0 0 0.711970 0.012577 0.031966 0.013818 0.229668
0 0 0.756399 0.004721 0.013884 0.005386 0.219610
0 0 0.725932 0.009748 0.025746 0.010816 0.227759
0 0 0.731866 0.008637 0.023229 0.009628 0.226640
0 0 0.711039 0.012776 0.032394 0.014027 0.229763
0 0 0.755886 0.004791 0.014059 0.005462 0.219802
0 0 0.740621 0.007109 0.019682 0.007984 0.224604
0 0 0.709978 0.013004 0.032884 0.014268 0.229866
0 0 0.740179 0.007183 0.019855 0.008064 0.224718
0 0 0.727337 0.009479 0.025142 0.010529 0.227512
0 0 0.716944 0.011536 0.029706 0.012717 0.229097
0 0 0.715801 0.011772 0.030222 0.012967 0.229238
0 0 0.749723 0.005671 0.016234 0.006424 0.221948
0 0 0.735885 0.007919 0.021575 0.008857 0.225765
0 0 0.689996 0.017568 0.042419 0.019047 0.230970
0 0 0.743644 0.006614 0.018508 0.007449 0.223786
0 0 0.721211 0.010672 0.027805 0.011799 0.228513
0 0 0.733812 0.008286 0.022423 0.009251 0.226228
0 0 0.722976 0.010322 0.027030 0.011428 0.228245
0 0 0.714980 0.011943 0.030593 0.013147 0.229336
0 0 0.722586 0.010399 0.027200 0.011509 0.228305
0 0 0.716885 0.011548 0.029733 0.012729 0.229104
0 0 0.699112 0.015425 0.038000 0.016810 0.230653
0 0 0.669114 0.022818 0.052885 0.024479 0.230705
0 0 0.667962 0.023120 0.053473 0.024790 0.230655
0 0 0.722875 0.010342 0.027074 0.011449 0.228260
0 0 0.663317 0.024351 0.055857 0.026054 0.230420
0 0 0.706112 0.013848 0.034684 0.015156 0.230201
0 0 0.739184 0.007350 0.020249 0.008245 0.224971
0 0 0.668382 0.023010 0.053259 0.024677 0.230673
0 0 0.707080 0.013635 0.034231 0.014932 0.230123
0 0 0.645062 0.029371 0.065368 0.031182 0.229017
0 0 0.668380 0.023010 0.053259 0.024677 0.230673
0 0 0.704860 0.014125 0.035271 0.015448 0.230296
0 0 0.686488 0.018418 0.044147 0.019931 0.231017
0 0 0.668514 0.022975 0.053191 0.024641 0.230679
0 0 0.736095 0.007882 0.021490 0.008817 0.225716
0 0 0.718956 0.011125 0.028806 0.012281 0.228833
0 0 0.739703 0.007263 0.020043 0.008150 0.224840
0 0 0.669539 0.022707 0.052667 0.024365 0.230722
0 0 0.731241 0.008751 0.023491 0.009751 0.226767
0 0 0.754015 0.005050 0.014705 0.005746 0.220485
0 0 0.704843 0.014129 0.035279 0.015451 0.230297
0 0 0.690240 0.017509 0.042300 0.018986 0.230965
0 0 0.585939 0.044209 0.084383 0.037766 0.247702
0 0 0.739239 0.007341 0.020227 0.008235 0.224958
0 0 0.523116 0.066904 0.116288 0.053488 0.240204
0 0 0.693981 0.016619 0.040474 0.018058 0.230868
0 0 0.710320 0.012930 0.032726 0.014190 0.229833
0 0 0.732012 0.008610 0.023169 0.009600 0.226609
0 0 0.631784 0.033009 0.071740 0.034497 0.228971
0 0 0.706507 0.013761 0.034498 0.015064 0.230170
0 0 0.722366 0.010442 0.027297 0.011556 0.228339
0 0 0.613535 0.038643 0.082179 0.040547 0.225097
0 0 0.660384 0.025139 0.057372 0.026862 0.230244
0 0 0.575415 0.049782 0.097871 0.047581 0.229350
0 0 0.507505 0.071438 0.116103 0.050016 0.254938
1 1 0.174826 0.308677 0.194523 0.047405 0.274569
0 1 0.589753 0.045678 0.093116 0.046072 0.225381
1 1 0.144176 0.337526 0.163718 0.030068 0.324512
1 1 0.137494 0.346320 0.161249 0.028583 0.326354
4 1 0.195167 0.249971 0.136228 0.024575 0.394059
0 1 0.350569 0.147152 0.156925 0.051965 0.293390
4 1 0.229617 0.190531 0.108902 0.018432 0.452517
4 1 0.110040 0.343882 0.115143 0.013704 0.417232
4 1 0.130279 0.341621 0.142111 0.021764 0.364225
4 1 0.093112 0.369500 0.108748 0.011602 0.417037
4 1 0.196570 0.250747 0.138659 0.025500 0.388523
4 1 0.172762 0.212354 0.089463 0.011102 0.514318
1 2 0.068900 0.464224 0.141521 0.013683 0.311671
4 2 0.144948 0.222128 0.277091 0.009535 0.346298
1 2 0.091358 0.383289 0.230272 0.011116 0.283965
2 2 0.088967 0.239246 0.411719 0.011902 0.248166
4 2 0.256813 0.193050 0.132462 0.028133 0.389543
2 2 0.053768 0.352409 0.415790 0.006510 0.171523
2 2 0.090441 0.335455 0.360002 0.013553 0.200549
2 2 0.004898 0.015022 0.929761 0.042199 0.008121
2 2 0.006260 0.017932 0.921045 0.045101 0.009662
2 2 0.022052 0.068031 0.867807 0.014252 0.027858
2 2 0.183336 0.252346 0.306530 0.026472 0.231316
2 2 0.008843 0.022467 0.887554 0.068157 0.012978
2 2 0.023642 0.053566 0.870699 0.022116 0.029976
2 2 0.112628 0.281295 0.447711 0.023074 0.135292
2 2 0.006720 0.020247 0.950159 0.014482 0.008392
2 2 0.009604 0.022441 0.814547 0.138156 0.015252
2 2 0.018447 0.039387 0.873003 0.049152 0.020011
2 2 0.070355 0.299321 0.444771 0.007691 0.177862
2 2 0.007065 0.018691 0.876184 0.086453 0.011607
2 2 0.008375 0.020025 0.800895 0.156527 0.014179
2 2 0.012285 0.026432 0.753629 0.188379 0.019275
2 3 0.016797 0.032639 0.742859 0.184766 0.022939
2 3 0.015342 0.028251 0.619803 0.313457 0.023147
3 3 0.014917 0.028816 0.436183 0.490113 0.029971
3 3 0.008176 0.019349 0.326126 0.621298 0.025051
3 3 0.004843 0.013665 0.157465 0.799100 0.024927
3 3 0.005735 0.015461 0.161442 0.789858 0.027504
3 3 0.014963 0.030435 0.269644 0.644806 0.040151
3 3 0.008212 0.020049 0.180311 0.758363 0.033065
3 3 0.004433 0.012832 0.064566 0.886575 0.031594
3 3 0.010432 0.029261 0.195570 0.716822 0.047915
3 3 0.004150 0.012226 0.065067 0.888337 0.030220
3 3 0.003460 0.010653 0.045596 0.910441 0.029849
3 3 0.004434 0.012811 0.054767 0.894816 0.033173
3 3 0.009123 0.025156 0.112838 0.802951 0.049932
3 3 0.004498 0.012968 0.063118 0.887308 0.032109
3 3 0.002973 0.009528 0.045777 0.914677 0.027045
3 3 0.003418 0.010557 0.045553 0.910849 0.029623
3 3 0.004065 0.012014 0.052172 0.899917 0.031832
3 3 0.004391 0.012697 0.047917 0.900729 0.034267
3 3 0.005118 0.014262 0.065737 0.880441 0.034441
3 3 0.003284 0.010240 0.042152 0.914805 0.029519
3 3 0.001713 0.006275 0.023603 0.945626 0.022783
3 3 0.002131 0.007372 0.023891 0.940453 0.026153
3 3 0.001850 0.006645 0.024325 0.943428 0.023752
3 3 0.003477 0.010677 0.041630 0.913487 0.030729
3 3 0.002384 0.008046 0.030602 0.932695 0.026273
3 3 0.001785 0.006453 0.020975 0.946624 0.024162
3 3 0.003088 0.009744 0.032579 0.924093 0.030497
3 3 0.002563 0.008480 0.029440 0.931694 0.027823
3 3 0.002572 0.008517 0.032260 0.929460 0.027191
3 3 0.002729 0.008924 0.038605 0.922875 0.026866
3 3 0.002624 0.008650 0.033620 0.927875 0.027231
3 3 0.002695 0.008784 0.026712 0.932292 0.029517
3 3 0.003208 0.010089 0.049972 0.909039 0.027692
3 3 0.001612 0.005981 0.020109 0.949418 0.022879
3 3 0.001692 0.006191 0.019147 0.949051 0.023919
3 3 0.001572 0.005873 0.020379 0.949745 0.022430
3 3 0.002282 0.007784 0.029487 0.934646 0.025801
3 3 0.003302 0.010265 0.038226 0.917754 0.030452
3 3 0.002010 0.007056 0.023045 0.942458 0.025431
3 3 0.003540 0.010839 0.047432 0.908242 0.029947
3 3 0.001757 0.006404 0.025409 0.943725 0.022704
3 3 0.002194 0.007543 0.025505 0.938575 0.026182
3 3 0.002785 0.008992 0.025651 0.932091 0.030482
3 3 0.001730 0.006314 0.022269 0.946390 0.023297
3 3 0.001602 0.005969 0.022938 0.947505 0.021986
3 3 0.001677 0.006149 0.018930 0.949389 0.023854
3 3 0.002935 0.010813 0.031454 0.919205 0.035592
3 3 0.002319 0.007848 0.024076 0.938192 0.027565
3 3 0.001737 0.006330 0.021914 0.946561 0.023458
3 3 0.004592 0.015469 0.034991 0.897378 0.047570
3 3 0.001540 0.005774 0.018607 0.951394 0.022685
3 3 0.002380 0.007993 0.023209 0.938109 0.028309
3 3 0.001883 0.006727 0.023078 0.943935 0.024377
3 3 0.001841 0.006591 0.019389 0.946999 0.025180
3 3 0.002134 0.007376 0.022988 0.941044 0.026458
3 3 0.001545 0.005803 0.021199 0.949509 0.021943
3 3 0.001633 0.006052 0.022363 0.947536 0.022417
3 3 0.002582 0.008572 0.039948 0.923223 0.025675
3 3 0.002309 0.007833 0.025827 0.937067 0.026964
3 3 0.001892 0.006743 0.022010 0.944592 0.024764
3 3 0.002323 0.007862 0.024554 0.937810 0.027450
3 3 0.002037 0.007163 0.029917 0.937000 0.023883
3 3 0.002502 0.008353 0.033997 0.928825 0.026323
3 3 0.002356 0.007976 0.030269 0.933244 0.026155
3 3 0.001849 0.006617 0.020018 0.946484 0.025033
3 3 0.002447 0.008215 0.033406 0.929855 0.026076
3 3 0.002104 0.007300 0.023210 0.941239 0.026147
3 3 0.002380 0.008009 0.025627 0.936429 0.027555
3 2 0.107986 0.119650 0.218194 0.431016 0.123154
2 2 0.085424 0.214890 0.368527 0.154180 0.176978
2 2 0.049055 0.096394 0.621047 0.123816 0.109688
1 2 0.052481 0.450484 0.252862 0.006254 0.237919
2 2 0.072500 0.330888 0.439793 0.009163 0.147657
2 2 0.006454 0.018120 0.911453 0.053828 0.010145
2 2 0.006255 0.018375 0.935760 0.030550 0.009060
2 2 0.020208 0.066748 0.866825 0.017188 0.029031
2 2 0.055336 0.279467 0.543543 0.006858 0.114796
2 2 0.058924 0.171599 0.655354 0.029354 0.084769
2 2 0.010847 0.028919 0.935292 0.013544 0.011397
2 2 0.012598 0.030503 0.880108 0.059986 0.016804
2 2 0.009326 0.025967 0.938167 0.015800 0.010740
2 2 0.004026 0.012969 0.932506 0.043339 0.007160
2 2 0.022011 0.058659 0.838714 0.045732 0.034884
2 2 0.019675 0.078334 0.836563 0.017275 0.048152
2 2 0.019230 0.058755 0.859525 0.033108 0.029382
2 2 0.005075 0.015600 0.935831 0.035414 0.008081
2 2 0.007700 0.020742 0.910112 0.050169 0.011277
2 2 0.018081 0.050900 0.869026 0.029316 0.032677
2 2 0.037374 0.129143 0.557774 0.027414 0.248296
4 2 0.066617 0.162751 0.186860 0.009575 0.574198
2 2 0.035646 0.176886 0.669545 0.012371 0.105551
4 4 0.020027 0.171774 0.051580 0.003913 0.752706
4 4 0.036060 0.185403 0.077776 0.004570 0.696191
4 4 0.041189 0.318488 0.266148 0.005659 0.368516
4 4 0.053056 0.177638 0.063616 0.006855 0.698835
4 4 0.030668 0.198593 0.078451 0.005122 0.687165
4 4 0.041953 0.072378 0.018293 0.007172 0.860203
4 4 0.066092 0.269621 0.072693 0.010487 0.581107
4 4 0.089613 0.246487 0.116418 0.007494 0.539988
4 4 0.035137 0.125977 0.052770 0.004670 0.781446
4 4 0.033434 0.176990 0.067415 0.004627 0.717533
4 4 0.052582 0.358769 0.151590 0.006065 0.430995
4 4 0.050528 0.317598 0.121643 0.007581 0.502650
4 4 0.040565 0.329706 0.186660 0.006402 0.436667
4 4 0.076555 0.219357 0.086193 0.006564 0.611332
4 4 0.057747 0.281008 0.257027 0.008088 0.396130
2 4 0.042529 0.247967 0.509844 0.007428 0.192233
2 2 0.013887 0.051793 0.898177 0.012317 0.023826
2 2 0.006123 0.018987 0.953751 0.013356 0.007783
2 2 0.013264 0.044213 0.916383 0.008951 0.017191
4 2 0.044683 0.285701 0.172006 0.005882 0.491727
4 2 0.070331 0.206996 0.207878 0.010040 0.504756
4 4 0.040360 0.206838 0.135565 0.005706 0.611531
4 4 0.046611 0.169292 0.070920 0.005811 0.707366
4 4 0.059049 0.319141 0.192849 0.008517 0.420444
4 4 0.049726 0.283873 0.290984 0.006997 0.368420
4 4 0.035586 0.136202 0.046318 0.005383 0.776511
4 4 0.035246 0.092425 0.022325 0.005747 0.844258
4 4 0.050715 0.303885 0.122992 0.006233 0.516175
4 4 0.062231 0.162440 0.072710 0.008545 0.694073
4 4 0.030280 0.025211 0.005753 0.005527 0.933229
1 4 0.037682 0.498181 0.148428 0.004996 0.310714
4 4 0.085526 0.317093 0.241174 0.009175 0.347032
1 4 0.044910 0.380743 0.379083 0.006064 0.189201
2 4 0.034271 0.142077 0.723939 0.006798 0.092914
2 2 0.011112 0.041902 0.925267 0.006658 0.015061
2 2 0.012438 0.060089 0.884036 0.008670 0.034768
2 2 0.005953 0.018745 0.956227 0.011612 0.007462
2 2 0.010864 0.031248 0.931146 0.014104 0.012639
2 2 0.004719 0.015774 0.961349 0.011751 0.006408
2 2 0.004649 0.016113 0.967001 0.006496 0.005741
2 2 0.008391 0.031154 0.937806 0.010249 0.012399
2 2 0.005372 0.016794 0.949102 0.021034 0.007699
2 2 0.004285 0.014676 0.963145 0.011875 0.006020
2 2 0.008041 0.023592 0.949439 0.010039 0.008889
2 2 0.004021 0.014141 0.966316 0.009923 0.005599
2 2 0.004860 0.016168 0.961362 0.011135 0.006475
2 2 0.009104 0.030935 0.933440 0.013622 0.012900
2 2 0.004648 0.015288 0.956600 0.016734 0.006730
2 2 0.006203 0.019173 0.953433 0.013342 0.007850
2 2 0.004994 0.016290 0.957892 0.013974 0.006850
2 2 0.004700 0.015077 0.948536 0.024463 0.007224
2 2 0.005434 0.016969 0.949543 0.020339 0.007714
2 2 0.010944 0.026820 0.896633 0.051321 0.014283
2 2 0.006363 0.018192 0.922163 0.043569 0.009713
2 2 0.022084 0.043391 0.833161 0.077179 0.024185
2 2 0.007668 0.021270 0.927994 0.032586 0.010482
2 2 0.011958 0.029460 0.911346 0.033132 0.014104
2 2 0.012436 0.028881 0.875130 0.067325 0.016228
2 2 0.008059 0.019462 0.801811 0.156841 0.013827
2 2 0.008628 0.020956 0.831609 0.124805 0.014002
2 2 0.022137 0.045241 0.797349 0.101932 0.033341
2 2 0.010890 0.026092 0.876758 0.071261 0.015000
2 2 0.008173 0.022261 0.925195 0.033392 0.010979
2 2 0.008832 0.020397 0.769381 0.186354 0.015036
2 2 0.007568 0.019306 0.853557 0.107019 0.012550
2 2 0.022912 0.040490 0.667035 0.239472 0.030091
2 2 0.011363 0.024768 0.773954 0.172340 0.017575
2 2 0.011621 0.023458 0.498568 0.443255 0.023099
2 2 0.018748 0.032365 0.539456 0.381077 0.028354
2 2 0.010734 0.021094 0.594328 0.355506 0.018337
2 2 0.016193 0.031006 0.708235 0.221656 0.022911
2 2 0.020017 0.035248 0.456664 0.453729 0.034343
3 2 0.012746 0.028482 0.191148 0.723417 0.044207
0 2 0.325676 0.132919 0.323253 0.073155 0.144998
0 2 0.505780 0.074769 0.141077 0.076070 0.202303
2 2 0.003905 0.013069 0.949760 0.026783 0.006482
2 2 0.014505 0.033575 0.896428 0.039035 0.016457
2 2 0.004535 0.014141 0.929115 0.044429 0.007780
2 2 0.006822 0.018759 0.904891 0.058851 0.010677
2 2 0.020574 0.045916 0.632126 0.263236 0.038148
2 2 0.015749 0.032595 0.808015 0.122861 0.020780
2 2 0.026482 0.059599 0.595110 0.268046 0.050763
2 2 0.010584 0.021744 0.657414 0.292397 0.017860
3 2 0.013018 0.027175 0.318316 0.607655 0.033836
3 2 0.011275 0.023936 0.392095 0.545388 0.027306
2 3 0.011937 0.024206 0.470805 0.468382 0.024670
3 3 0.007057 0.017832 0.218328 0.728998 0.027785
3 3 0.006316 0.016827 0.092617 0.848416 0.035824
3 3 0.004843 0.013720 0.107980 0.845005 0.028452
3 3 0.006841 0.017664 0.114556 0.826206 0.034733
3 3 0.005636 0.016147 0.052386 0.883858 0.041973
3 3 0.003658 0.011105 0.048038 0.906730 0.030470
3 3 0.005598 0.015246 0.075450 0.868736 0.034969
3 3 0.002527 0.008440 0.041141 0.922784 0.025108
3 3 0.002020 0.007106 0.027360 0.939169 0.024345
3 3 0.006241 0.016477 0.060568 0.876696 0.040018
3 3 0.004682 0.013337 0.055663 0.892132 0.034185
3 3 0.002904 0.009343 0.039331 0.920609 0.027812
3 3 0.004262 0.012405 0.043284 0.905435 0.034614
3 3 0.003693 0.011173 0.045016 0.908884 0.031234
3 3 0.003097 0.009779 0.035254 0.921976 0.029894
3 3 0.002179 0.007546 0.034282 0.931971 0.024021
3 3 0.002484 0.008313 0.035308 0.927972 0.025923
3 3 0.001666 0.006151 0.024172 0.945780 0.022232
3 3 0.008311 0.028564 0.057867 0.830584 0.074674
3 3 0.001435 0.005479 0.018353 0.952988 0.021746
3 3 0.003336 0.010304 0.031120 0.922785 0.032455
3 3 0.003403 0.010500 0.039294 0.915996 0.030806
3 3 0.002546 0.008458 0.033367 0.928868 0.026761
3 3 0.004260 0.013097 0.037837 0.906228 0.038577
3 3 0.002795 0.009063 0.034354 0.925605 0.028184
3 3 0.003515 0.010739 0.036520 0.917125 0.032102
3 3 0.002040 0.007125 0.021622 0.943089 0.026125
3 3 0.003016 0.009615 0.041277 0.917979 0.028113
3 3 0.002770 0.008990 0.031566 0.927985 0.028689
3 3 0.001511 0.005707 0.021002 0.950101 0.021680
3 3 0.002685 0.008801 0.034244 0.926775 0.027495
3 3 0.003346 0.010370 0.039425 0.916414 0.030444
3 3 0.004173 0.012172 0.035170 0.912284 0.036201
3 3 0.004152 0.012128 0.035377 0.912319 0.036025
3 3 0.002098 0.007277 0.022224 0.941997 0.026404
3 3 0.003459 0.010584 0.031542 0.921323 0.033092
3 3 0.001244 0.004914 0.015805 0.957411 0.020627
3 3 0.003094 0.009763 0.033728 0.923174 0.030242
3 3 0.003391 0.010389 0.025296 0.926209 0.034716
3 3 0.003063 0.009709 0.037217 0.920776 0.029235
3 3 0.002180 0.007514 0.026768 0.937808 0.025729
3 3 0.002671 0.008749 0.030602 0.929707 0.028270
3 3 0.003402 0.010446 0.029896 0.923026 0.033230
3 3 0.001629 0.006015 0.018246 0.950465 0.023646
3 3 0.002340 0.007921 0.027292 0.935654 0.026793
3 3 0.002337 0.007901 0.025358 0.937091 0.027313
3 3 0.003078 0.009731 0.034606 0.922656 0.029929
3 3 0.002025 0.007090 0.022266 0.942828 0.025792
3 3 0.002927 0.009361 0.031065 0.926788 0.029860
3 3 0.001882 0.006720 0.022751 0.944191 0.024456
3 3 0.002454 0.008218 0.030550 0.932002 0.026776
3 3 0.001605 0.005945 0.017427 0.951308 0.023714
3 3 0.002743 0.008938 0.034199 0.926240 0.027881
3 3 0.004800 0.013494 0.036311 0.906172 0.039222
3 3 0.001658 0.006079 0.016123 0.951411 0.024729
3 3 0.002139 0.007400 0.024936 0.939610 0.025915
3 3 0.004212 0.012260 0.035972 0.911367 0.036189
3 3 0.003527 0.010740 0.031783 0.920509 0.033441
3 3 0.001910 0.006793 0.022212 0.944226 0.024859
3 3 0.002149 0.007423 0.024805 0.939596 0.026027
3 3 0.001859 0.006652 0.021343 0.945455 0.024691
3 3 0.003810 0.011424 0.042902 0.909558 0.032305
3 3 0.004137 0.012157 0.048811 0.902081 0.032814
3 3 0.002374 0.008036 0.034252 0.929947 0.025391
3 3 0.003248 0.010068 0.025761 0.927320 0.033603
3 3 0.001557 0.005826 0.019394 0.950631 0.022592
3 3 0.002912 0.009317 0.029721 0.927924 0.030126
3 3 0.001919 0.006808 0.021028 0.944942 0.025304
3 3 0.001606 0.005963 0.019720 0.949766 0.022946
3 3 0.002365 0.007965 0.024459 0.937416 0.027795
2 2 0.178298 0.171317 0.270236 0.245508 0.134641
1 2 0.132124 0.337399 0.296100 0.037048 0.197329
2 2 0.137811 0.228497 0.426166 0.014082 0.193445
2 2 0.122065 0.135780 0.468444 0.074066 0.199646
2 2 0.030972 0.047384 0.864767 0.019455 0.037422
2 2 0.019277 0.062106 0.864329 0.020434 0.033853
2 2 0.064503 0.176015 0.646943 0.022612 0.089926
2 2 0.040118 0.082580 0.787021 0.033135 0.057146
2 2 0.006795 0.020222 0.947186 0.017104 0.008694
2 2 0.018499 0.050022 0.869573 0.035867 0.026039
2 2 0.006167 0.019332 0.956321 0.010650 0.007529
2 2 0.015600 0.051878 0.902286 0.010235 0.020001
2 2 0.010466 0.026637 0.915172 0.034710 0.013014
2 2 0.011138 0.031773 0.937123 0.008565 0.011401
2 2 0.017290 0.057189 0.876951 0.020725 0.027846
2 2 0.024936 0.057973 0.822866 0.038530 0.055694
2 2 0.056043 0.157817 0.557695 0.010738 0.217706
2 2 0.014542 0.052723 0.896772 0.013722 0.022240
2 2 0.005086 0.015924 0.945279 0.026021 0.007691
2 2 0.040700 0.109630 0.746403 0.009175 0.094092
2 2 0.008774 0.024182 0.936275 0.020182 0.010587
2 2 0.020946 0.042703 0.852816 0.051699 0.031837
2 2 0.004161 0.014023 0.957426 0.018057 0.006333
2 2 0.008858 0.022890 0.902110 0.053634 0.012507
2 2 0.030569 0.079416 0.795802 0.041089 0.053124
2 2 0.019661 0.043182 0.894477 0.024108 0.018571
2 2 0.023717 0.045513 0.782142 0.120322 0.028305
2 2 0.067927 0.183051 0.587426 0.020698 0.140899
2 2 0.012753 0.027374 0.791056 0.150206 0.018611
2 2 0.015150 0.033881 0.878603 0.054494 0.017873
2 2 0.009870 0.025235 0.910860 0.041163 0.012873
2 2 0.004856 0.015071 0.935761 0.036428 0.007883
2 2 0.004186 0.014032 0.956098 0.019258 0.006427
2 2 0.007378 0.020330 0.919285 0.042342 0.010665
2 2 0.012577 0.042151 0.914792 0.010502 0.019978
2 2 0.006421 0.019027 0.942056 0.023659 0.008837
2 2 0.003806 0.013342 0.963633 0.013532 0.005687
2 2 0.004984 0.015845 0.949764 0.022026 0.007381
2 2 0.004812 0.015551 0.953154 0.019423 0.007061
2 2 0.005824 0.017209 0.930543 0.037486 0.008937
2 2 0.011978 0.038244 0.921800 0.009291 0.018687
2 2 0.004416 0.013843 0.928517 0.045548 0.007675
2 2 0.012715 0.030791 0.908238 0.033539 0.014717
2 2 0.005017 0.015312 0.930076 0.041370 0.008225
2 2 0.006693 0.019970 0.947211 0.017488 0.008638
2 2 0.004377 0.014635 0.958051 0.016486 0.006451
2 2 0.004712 0.015113 0.948687 0.024262 0.007226
2 2 0.007181 0.020065 0.924321 0.038135 0.010298
2 2 0.005114 0.015678 0.935297 0.035776 0.008135
2 2 0.007606 0.021389 0.933849 0.027046 0.010110
2 2 0.009389 0.023646 0.891716 0.061947 0.013301
2 2 0.003653 0.012296 0.945265 0.032387 0.006399
2 2 0.005834 0.017128 0.926894 0.041062 0.009081
2 2 0.008816 0.021754 0.856910 0.098803 0.013718
2 2 0.028771 0.100654 0.803400 0.019367 0.047808
2 2 0.004644 0.014119 0.914223 0.058746 0.008268
2 2 0.009718 0.025975 0.924405 0.027736 0.012166
2 2 0.004643 0.014891 0.947349 0.025884 0.007233
2 2 0.005858 0.017493 0.937043 0.030915 0.008692
2 2 0.008562 0.020403 0.803594 0.153097 0.014344
2 2 0.008849 0.021943 0.863389 0.092211 0.013608
2 2 0.011516 0.026631 0.853763 0.091900 0.016189
2 2 0.005134 0.016354 0.952521 0.018668 0.007323
2 2 0.005392 0.016008 0.922450 0.047331 0.008819
2 2 0.005949 0.017767 0.938659 0.028938 0.008686
2 2 0.007249 0.021081 0.943452 0.018984 0.009233
2 2 0.015915 0.032118 0.778182 0.152215 0.021571
2 2 0.102558 0.118531 0.640715 0.073047 0.065149
2 2 0.028387 0.059219 0.831987 0.050346 0.030060
2 2 0.008551 0.024624 0.930921 0.024502 0.011402
2 2 0.007254 0.018856 0.863700 0.098145 0.012044
4 2 0.052128 0.283809 0.142104 0.008041 0.513918
4 4 0.032507 0.075229 0.018881 0.006575 0.866808
4 4 0.060017 0.275147 0.087816 0.007131 0.569889
4 4 0.038886 0.170551 0.062004 0.005535 0.723024
4 4 0.025745 0.196290 0.039065 0.004930 0.733969
4 4 0.034985 0.253105 0.083263 0.005077 0.623569
4 4 0.039113 0.230662 0.073275 0.005853 0.651098
4 4 0.054963 0.185331 0.079719 0.007081 0.672906
4 4 0.067312 0.159010 0.036411 0.006335 0.730933
4 4 0.244396 0.169706 0.100004 0.016745 0.469149
4 4 0.041387 0.192106 0.040636 0.005138 0.720732
0 0 0.376849 0.132925 0.194325 0.095125 0.200775
1 1 0.084232 0.417113 0.124846 0.014579 0.359229
4 1 0.139977 0.278693 0.105729 0.013094 0.462507
4 2 0.116620 0.288922 0.121663 0.009454 0.463341
1 2 0.050590 0.359444 0.227381 0.005612 0.356973
2 2 0.050769 0.296673 0.385569 0.006551 0.260437
2 2 0.037281 0.181795 0.645365 0.007942 0.127617
4 4 0.072076 0.234351 0.287025 0.006972 0.399575
4 4 0.028321 0.161888 0.060094 0.004548 0.745149
4 4 0.028846 0.032323 0.006674 0.005168 0.926989
4 4 0.060176 0.253805 0.113359 0.005975 0.566685
4 4 0.026509 0.022769 0.004525 0.003172 0.943025
4 4 0.033226 0.023401 0.005664 0.005334 0.932376
4 4 0.038700 0.022055 0.005877 0.005482 0.927887
4 4 0.229459 0.023478 0.016534 0.006752 0.723777
4 4 0.248310 0.020160 0.017163 0.011835 0.702533
4 4 0.031105 0.188402 0.051098 0.004575 0.724820
4 4 0.063074 0.168747 0.063065 0.005938 0.699176
4 4 0.035866 0.183706 0.096723 0.004943 0.678762
4 4 0.028597 0.027009 0.005707 0.004653 0.934033
4 4 0.033075 0.179150 0.084145 0.004859 0.698772
4 4 0.029583 0.044765 0.008277 0.004118 0.913256
4 4 0.041020 0.151844 0.053663 0.006025 0.747447
4 4 0.061600 0.108630 0.039253 0.006136 0.784381
4 4 0.023656 0.062812 0.010677 0.004461 0.898395
4 4 0.047138 0.089215 0.018638 0.005542 0.839466
4 4 0.019154 0.038777 0.006059 0.003822 0.932188
4 4 0.018110 0.013813 0.002594 0.003159 0.962324
4 4 0.042649 0.044531 0.010436 0.005551 0.896832
4 4 0.042713 0.045353 0.010358 0.004910 0.896666
4 4 0.042920 0.132734 0.045543 0.006344 0.772459
4 4 0.058170 0.222270 0.054670 0.007361 0.657528
4 4 0.054872 0.080482 0.028187 0.005770 0.830688
4 4 0.091725 0.195959 0.105437 0.006783 0.600095
4 4 0.039978 0.097431 0.033542 0.004403 0.824646
4 4 0.049537 0.026948 0.007485 0.004630 0.911401
4 4 0.075693 0.013828 0.005529 0.004018 0.900933
4 4 0.077028 0.096557 0.027316 0.008034 0.791064
4 4 0.049393 0.098513 0.020652 0.004871 0.826572
4 4 0.047897 0.062908 0.019379 0.004474 0.865342
4 4 0.036819 0.115837 0.024123 0.004304 0.818917
4 4 0.039860 0.057393 0.012189 0.005479 0.885079
4 4 0.046214 0.028309 0.007795 0.005753 0.911929
4 4 0.039292 0.036536 0.008690 0.005747 0.909736
4 4 0.044603 0.046172 0.011105 0.005948 0.892172
4 4 0.056636 0.018997 0.006364 0.005447 0.912556
4 4 0.076463 0.135331 0.060507 0.008078 0.719621
4 4 0.084958 0.154875 0.088302 0.006559 0.665306
4 4 0.067192 0.150748 0.084934 0.006677 0.690449
4 4 0.044358 0.106949 0.028377 0.005735 0.814581
4 4 0.030694 0.053059 0.009833 0.004763 0.901651
4 4 0.043866 0.178531 0.108803 0.006261 0.662539
4 4 0.046450 0.166384 0.099150 0.005557 0.682459
4 4 0.045483 0.234022 0.239760 0.006414 0.474321
4 4 0.019390 0.052443 0.009771 0.004456 0.913941
4 4 0.048997 0.201215 0.134551 0.005639 0.609599
4 4 0.034533 0.172293 0.096905 0.005135 0.691134
4 4 0.047629 0.165100 0.115777 0.005852 0.665642
4 4 0.044120 0.237792 0.154862 0.006474 0.556753
4 4 0.052335 0.087453 0.032603 0.008297 0.819311
4 4 0.057278 0.190459 0.157675 0.007326 0.587263
4 4 0.039618 0.111543 0.021356 0.007173 0.820311
4 4 0.049604 0.204404 0.200329 0.006982 0.538681
4 4 0.042559 0.230079 0.186742 0.006758 0.533861
4 4 0.041200 0.181695 0.153738 0.005841 0.617525
4 4 0.042156 0.200048 0.121252 0.005336 0.631208
4 4 0.024463 0.164112 0.059800 0.004089 0.747535
4 4 0.034704 0.254410 0.162613 0.004756 0.543516
4 4 0.020771 0.050174 0.008072 0.005877 0.915106
4 4 0.027468 0.036828 0.007446 0.006331 0.921927
4 4 0.045018 0.230033 0.137540 0.005018 0.582391
4 4 0.038800 0.135064 0.059011 0.005171 0.761954
4 4 0.037124 0.115422 0.024911 0.007603 0.814939
4 4 0.042400 0.221900 0.209527 0.006252 0.519921
4 4 0.044052 0.127990 0.072717 0.006432 0.748809
4 4 0.045411 0.226217 0.220598 0.006389 0.501385
2 4 0.035514 0.182843 0.529251 0.010669 0.241723
4 2 0.043034 0.213200 0.355834 0.008035 0.379897
4 2 0.038602 0.250720 0.253686 0.006507 0.450485
2 2 0.016539 0.049201 0.887850 0.008960 0.037451
2 2 0.022210 0.085118 0.829134 0.007350 0.056189
2 2 0.037910 0.315550 0.363799 0.005875 0.276865
2 2 0.009922 0.032039 0.935694 0.008961 0.013385
2 2 0.016013 0.052743 0.886159 0.009065 0.036020
2 2 0.005328 0.017712 0.963243 0.007305 0.006411
2 2 0.005251 0.017441 0.962919 0.007948 0.006440
2 2 0.003284 0.012651 0.974909 0.004825 0.004332
2 2 0.014385 0.028933 0.925849 0.012420 0.018413
2 2 0.004208 0.014714 0.966532 0.008882 0.005664
2 2 0.002611 0.010358 0.974591 0.008359 0.004081
2 2 0.004504 0.015518 0.965669 0.008435 0.005875
2 2 0.006558 0.019474 0.944387 0.020808 0.008773
2 2 0.007166 0.022365 0.952254 0.009723 0.008493
2 2 0.003870 0.014233 0.971793 0.005208 0.004895
2 2 0.004193 0.014700 0.966888 0.008600 0.005620
2 2 0.003456 0.012543 0.967477 0.011346 0.005178
2 2 0.006987 0.021602 0.951611 0.011312 0.008488
2 2 0.003579 0.012779 0.965289 0.012936 0.005418
2 2 0.005981 0.018484 0.951833 0.015818 0.007884
2 2 0.004588 0.015264 0.959082 0.014547 0.006519
2 2 0.005046 0.016184 0.953667 0.017913 0.007190
2 2 0.003899 0.013670 0.964665 0.012094 0.005671
2 2 0.002665 0.010103 0.965334 0.017227 0.004672
2 2 0.003681 0.013007 0.964007 0.013729 0.005576
2 2 0.004115 0.013679 0.951665 0.023952 0.006589
2 2 0.003390 0.011911 0.957091 0.021900 0.005707
2 2 0.004728 0.014995 0.944071 0.028757 0.007449
2 2 0.003990 0.013831 0.963027 0.013301 0.005851
2 2 0.005495 0.016763 0.940838 0.028677 0.008228
2 2 0.002924 0.010919 0.966549 0.014765 0.004843
2 2 0.004689 0.015026 0.947930 0.025112 0.007244
2 2 0.104787 0.236554 0.525564 0.020613 0.112482
2 2 0.014736 0.043537 0.913016 0.006634 0.022077
2 2 0.003415 0.012332 0.965838 0.013149 0.005266
2 2 0.002195 0.008962 0.973873 0.011153 0.003816
2 2 0.005090 0.016507 0.957269 0.014180 0.006954
2 2 0.003697 0.013747 0.972495 0.005298 0.004763
2 2 0.004612 0.015862 0.965851 0.007787 0.005888
2 2 0.003317 0.012310 0.970337 0.009176 0.004861
2 2 0.005147 0.015709 0.933581 0.037336 0.008227
2 2 0.004357 0.015130 0.966207 0.008547 0.005759
2 2 0.005232 0.017197 0.961110 0.009803 0.006657
2 2 0.003989 0.013833 0.963075 0.013254 0.005848
2 2 0.006389 0.021910 0.950142 0.012529 0.009031
2 2 0.004270 0.014622 0.962989 0.012094 0.006024
2 2 0.003684 0.013054 0.964737 0.012997 0.005528
2 2 0.004376 0.014553 0.956386 0.018131 0.006554
2 2 0.004871 0.016391 0.963517 0.008968 0.006253
2 2 0.003614 0.012827 0.964283 0.013767 0.005510
2 2 0.004471 0.015455 0.966043 0.008212 0.005819
2 2 0.004635 0.014766 0.944160 0.029074 0.007365
2 2 0.009010 0.022338 0.867664 0.087331 0.013658
2 2 0.004744 0.014817 0.936443 0.036240 0.007755
2 2 0.004196 0.013088 0.915686 0.059290 0.007740
2 2 0.004165 0.013602 0.944825 0.030494 0.006914
2 2 0.006515 0.016888 0.828256 0.136564 0.011777
2 2 0.009278 0.022804 0.865699 0.088271 0.013948
2 2 0.009836 0.020568 0.656888 0.295671 0.017037
2 2 0.010966 0.026683 0.720037 0.220782 0.021532
3 2 0.008280 0.019149 0.389392 0.560506 0.022672
3 2 0.009944 0.029138 0.320363 0.600925 0.039629
2 3 0.009599 0.021566 0.758482 0.194379 0.015974
2 3 0.009745 0.021356 0.475041 0.471465 0.022393
3 3 0.007297 0.024520 0.188948 0.736138 0.043098
2 3 0.011581 0.032677 0.523132 0.398471 0.034138
3 3 0.009570 0.034652 0.353740 0.554749 0.047289
3 3 0.009626 0.021979 0.294095 0.644977 0.029322
3 3 0.005986 0.015693 0.253839 0.701080 0.023401
3 3 0.013221 0.040714 0.395615 0.500731 0.049718
3 3 0.008513 0.020929 0.241341 0.698261 0.030956
3 3 0.010613 0.034046 0.148152 0.743841 0.063349
3 3 0.012240 0.025904 0.416612 0.516740 0.028504
3 3 0.010504 0.039729 0.287888 0.602224 0.059655
3 3 0.004480 0.012958 0.089856 0.863973 0.028733
3 3 0.009481 0.030199 0.300893 0.616300 0.043127
3 3 0.006440 0.017616 0.129415 0.812729 0.033799
3 3 0.013226 0.049917 0.247215 0.605872 0.083770
3 3 0.007189 0.018883 0.286573 0.660713 0.026641
3 3 0.005729 0.015920 0.134291 0.813660 0.030400
3 3 0.008328 0.037068 0.214655 0.674213 0.065736
3 3 0.005530 0.014757 0.269208 0.688866 0.021639
3 3 0.006864 0.017688 0.132453 0.809880 0.033114
3 3 0.005594 0.015251 0.105430 0.842290 0.031435
2 3 0.011145 0.025492 0.658668 0.282723 0.021972
3 3 0.007076 0.021185 0.117106 0.811833 0.042799
2 3 0.010767 0.034595 0.627920 0.291377 0.035341
3 3 0.009854 0.021547 0.413535 0.530830 0.024235
2 3 0.008084 0.020343 0.753637 0.201927 0.016009
3 3 0.011112 0.023155 0.453024 0.488339 0.024370
2 2 0.028922 0.082828 0.409487 0.358366 0.120398
2 2 0.006277 0.017183 0.882696 0.083176 0.010668
2 2 0.007782 0.020172 0.878573 0.081217 0.012256
2 2 0.004396 0.013873 0.932262 0.041920 0.007550
2 2 0.007427 0.020436 0.919272 0.042161 0.010704
2 2 0.004393 0.014436 0.952494 0.021897 0.006781
2 2 0.030266 0.077046 0.727861 0.070315 0.094512
2 2 0.033710 0.149286 0.683975 0.014745 0.118285
2 2 0.039931 0.172273 0.493493 0.014958 0.279346
4 1 0.281466 0.125787 0.099440 0.022057 0.471250
4 2 0.096793 0.299605 0.208392 0.011590 0.383621
4 2 0.036554 0.223791 0.167627 0.005826 0.566202
4 2 0.068745 0.160569 0.189844 0.013677 0.567165
4 4 0.052363 0.272710 0.156522 0.005674 0.512732
4 4 0.041397 0.271374 0.147072 0.006079 0.534078
4 4 0.024480 0.137345 0.035119 0.004707 0.798349
4 4 0.031556 0.208965 0.048382 0.005703 0.705394
4 4 0.087347 0.188876 0.063774 0.010300 0.649702
4 4 0.054899 0.134371 0.079353 0.005712 0.725665
4 4 0.030408 0.195416 0.075431 0.004552 0.694193
4 4 0.047258 0.087133 0.032503 0.008431 0.824676
4 4 0.049775 0.152412 0.072333 0.005637 0.719843
4 4 0.045617 0.116675 0.022679 0.005287 0.809742
4 4 0.104808 0.218612 0.097949 0.007638 0.570992
4 4 0.040729 0.084435 0.018540 0.006174 0.850122
4 4 0.044608 0.228634 0.112647 0.005725 0.608386
4 4 0.044145 0.213910 0.099191 0.005004 0.637749
4 4 0.083126 0.117855 0.033580 0.008385 0.757054
4 4 0.078636 0.237780 0.204364 0.007292 0.471928
4 4 0.039019 0.296715 0.200774 0.006491 0.457001
4 4 0.040983 0.201126 0.130963 0.005744 0.621183
4 4 0.076967 0.134208 0.053356 0.007212 0.728257
4 4 0.046374 0.077549 0.024166 0.004518 0.847393
4 4 0.171162 0.149736 0.062068 0.008767 0.608267
4 4 0.068435 0.264117 0.098528 0.006817 0.562103
4 4 0.064600 0.183517 0.065651 0.006095 0.680136
4 4 0.040279 0.272042 0.115219 0.005176 0.567284
4 4 0.041604 0.173981 0.045800 0.005481 0.733133
4 4 0.052895 0.295504 0.084516 0.006075 0.561011
4 4 0.165316 0.192573 0.078435 0.010436 0.553240
4 4 0.036175 0.128208 0.036400 0.004678 0.794540
4 4 0.077667 0.148234 0.039495 0.008378 0.726226
4 4 0.114275 0.110328 0.036888 0.007300 0.731209
4 1 0.151725 0.205702 0.106604 0.014531 0.521437
4 2 0.041318 0.189173 0.097882 0.005172 0.666454
4 4 0.044975 0.187617 0.094999 0.005445 0.666964
4 4 0.061893 0.097397 0.023723 0.006670 0.810317
4 4 0.042442 0.060662 0.013127 0.005498 0.878271
4 4 0.052874 0.074770 0.018308 0.007736 0.846313
4 4 0.069599 0.084826 0.023443 0.008097 0.814035
4 4 0.053460 0.213297 0.132448 0.005476 0.595319
4 4 0.026483 0.099416 0.025381 0.005527 0.843193
4 4 0.058523 0.083178 0.019341 0.004991 0.833967
4 4 0.044123 0.032944 0.007862 0.003655 0.911416
4 4 0.178729 0.028148 0.016577 0.007313 0.769233
4 4 0.154257 0.079217 0.034515 0.008488 0.723522
4 4 0.076413 0.113609 0.035567 0.007517 0.766894
0 4 0.412874 0.087255 0.090900 0.023690 0.385281
4 4 0.127940 0.105158 0.044229 0.013729 0.708944
4 4 0.039327 0.034737 0.007918 0.004209 0.913808
4 4 0.051773 0.044942 0.012258 0.007588 0.883440
4 4 0.113834 0.021997 0.010822 0.007607 0.845740
4 4 0.063399 0.070952 0.018909 0.006916 0.839824
4 4 0.066306 0.042744 0.012566 0.005333 0.873051
4 4 0.090907 0.014085 0.006945 0.007824 0.880239
4 4 0.101385 0.016810 0.008032 0.006183 0.867590
4 4 0.057051 0.061692 0.017608 0.011334 0.852315
4 4 0.079316 0.026109 0.010333 0.008336 0.875906
4 4 0.175917 0.041210 0.022057 0.007619 0.753198
4 4 0.029424 0.030730 0.005906 0.003043 0.930897
4 4 0.066988 0.057037 0.016347 0.006647 0.852981
4 4 0.102668 0.163576 0.062546 0.012237 0.658974
4 4 0.063143 0.056004 0.014654 0.004631 0.861567
4 4 0.058689 0.036042 0.009169 0.002651 0.893449
4 4 0.055738 0.028919 0.008226 0.004194 0.902924
4 4 0.070159 0.052281 0.015376 0.005984 0.856199
4 4 0.065087 0.035334 0.011158 0.006424 0.881997
4 4 0.029833 0.028264 0.005982 0.004458 0.931462
4 4 0.088565 0.041268 0.014139 0.005166 0.850861
4 4 0.036968 0.033514 0.007384 0.003928 0.918206
4 4 0.304957 0.024600 0.023037 0.012614 0.634792
4 4 0.034887 0.042572 0.008794 0.004513 0.909233
4 4 0.057043 0.043263 0.012029 0.006099 0.881565
4 4 0.061939 0.031846 0.009929 0.005953 0.890333
4 4 0.054588 0.162979 0.055462 0.005767 0.721204
4 4 0.040412 0.112218 0.031289 0.005381 0.810700
4 4 0.036791 0.172645 0.058954 0.004976 0.726634
4 4 0.052850 0.131799 0.051245 0.005039 0.759067
4 4 0.045458 0.240177 0.104821 0.004975 0.604569
4 4 0.048282 0.152169 0.060274 0.004678 0.734597
4 4 0.031711 0.025476 0.005466 0.003496 0.933850
4 4 0.030851 0.107313 0.024517 0.004446 0.832874
4 1 0.088299 0.216580 0.085293 0.009967 0.599860
4 1 0.040010 0.116843 0.031941 0.004996 0.806211
4 4 0.034084 0.204469 0.078677 0.004853 0.677918
4 4 0.054008 0.105614 0.029303 0.006985 0.804090
4 4 0.042518 0.298961 0.101356 0.004997 0.552168
4 4 0.027827 0.227273 0.117918 0.004408 0.622574
4 4 0.040302 0.194679 0.129459 0.006637 0.628923
