0 0 0.928903 0.006503 0.006935 0.014490 0.043169
0 0 0.734293 0.008161 0.002056 0.004001 0.251490
0 0 0.793731 0.012465 0.005105 0.008768 0.179931
4 0 0.368241 0.042606 0.008398 0.008246 0.572508
4 0 0.435132 0.030026 0.005875 0.006728 0.522239
4 0 0.375112 0.038338 0.007285 0.007434 0.571831
4 0 0.284755 0.053623 0.009560 0.008162 0.643900
4 0 0.157053 0.105806 0.018414 0.010780 0.707947
4 0 0.309372 0.078843 0.018680 0.014388 0.578717
4 0 0.150011 0.131069 0.025364 0.013679 0.679876
4 0 0.204102 0.148800 0.038750 0.021753 0.586595
4 0 0.186249 0.083062 0.013959 0.009251 0.707479
4 0 0.086561 0.223167 0.046662 0.018187 0.625424
0 0 0.520432 0.048840 0.015737 0.016077 0.398914
4 0 0.209354 0.090036 0.017106 0.011395 0.672109
4 0 0.393389 0.075300 0.022018 0.018286 0.491007
0 0 0.499635 0.024015 0.004964 0.006312 0.465074
4 0 0.180802 0.092705 0.016278 0.010329 0.699886
4 0 0.206466 0.063986 0.009970 0.007387 0.712192
4 0 0.451269 0.031768 0.006664 0.007562 0.502738
4 1 0.112332 0.104360 0.014914 0.008009 0.760386
4 1 0.394465 0.056040 0.013732 0.012561 0.523202
4 1 0.246961 0.065373 0.011643 0.008984 0.667040
4 1 0.149808 0.142404 0.029113 0.015274 0.663401
0 0 0.723966 0.051835 0.060102 0.062733 0.101363
0 0 0.953158 0.003247 0.003375 0.008742 0.031479
0 0 0.849099 0.015379 0.010805 0.017355 0.107363
0 0 0.778009 0.012973 0.005007 0.008471 0.195541
0 0 0.456672 0.058922 0.017680 0.016487 0.450239
4 0 0.115256 0.105827 0.015456 0.008321 0.755140
4 0 0.243942 0.106970 0.025248 0.016557 0.607283
4 1 0.075685 0.174264 0.028006 0.011426 0.710619
4 1 0.076497 0.165647 0.029298 0.010974 0.717583
4 1 0.112826 0.161292 0.030408 0.014187 0.681287
4 1 0.059210 0.200930 0.041316 0.012056 0.686488
4 1 0.051886 0.276577 0.100923 0.019464 0.551151
4 2 0.025495 0.233278 0.119171 0.010209 0.611847
4 2 0.043643 0.264753 0.090172 0.015882 0.585551
4 1 0.127911 0.159386 0.032044 0.015526 0.665134
4 2 0.036664 0.254832 0.181176 0.016572 0.510756
4 2 0.027354 0.237315 0.181438 0.012447 0.541446
2 2 0.047465 0.238753 0.370600 0.027915 0.315266
2 2 0.010877 0.057506 0.845495 0.024816 0.061305
2 2 0.039781 0.208902 0.466726 0.026090 0.258501
2 2 0.027522 0.135281 0.675373 0.025480 0.136344
2 2 0.023855 0.102086 0.743794 0.032880 0.097385
2 2 0.013924 0.075240 0.806492 0.023878 0.080467
2 2 0.017640 0.088214 0.776936 0.026514 0.090696
2 2 0.017486 0.078174 0.796179 0.031544 0.076617
2 2 0.019237 0.141688 0.640400 0.015300 0.183375
2 2 0.011893 0.063287 0.832754 0.024559 0.067508
2 2 0.027583 0.208151 0.407782 0.016932 0.339551
2 2 0.012032 0.051156 0.853124 0.034166 0.049522
2 2 0.019443 0.100919 0.749748 0.024741 0.105148
2 2 0.025320 0.095165 0.753734 0.040050 0.085731
2 2 0.020975 0.094150 0.761959 0.030924 0.091992
2 2 0.009734 0.036384 0.879686 0.040715 0.033482
2 2 0.024865 0.066993 0.787911 0.069562 0.050668
2 2 0.010215 0.055407 0.850675 0.023889 0.059815
2 2 0.007073 0.027262 0.901798 0.038258 0.025609
2 2 0.018517 0.043307 0.803668 0.107575 0.026934
2 2 0.016118 0.096928 0.758911 0.019938 0.108105
2 2 0.026027 0.047306 0.675430 0.231565 0.019672
2 2 0.023786 0.086120 0.770977 0.042642 0.076474
2 2 0.028656 0.050712 0.685885 0.212200 0.022547
2 2 0.019204 0.037337 0.800730 0.119530 0.023198
2 2 0.023330 0.040755 0.521546 0.403187 0.011181
2 2 0.040632 0.188183 0.464640 0.022533 0.284012
2 2 0.016696 0.033836 0.774236 0.157744 0.017488
2 2 0.033131 0.069786 0.699210 0.163448 0.034425
3 3 0.036641 0.056710 0.364817 0.529329 0.012503
3 3 0.037418 0.056174 0.327486 0.566926 0.011997
3 3 0.036940 0.073670 0.424576 0.445673 0.019141
3 3 0.011589 0.027830 0.259037 0.697986 0.003558
3 3 0.028996 0.050758 0.382480 0.527288 0.010478
2 3 0.026408 0.059377 0.683489 0.205897 0.024829
3 3 0.019826 0.041128 0.312622 0.619838 0.006585
3 3 0.025663 0.041843 0.367295 0.556534 0.008666
3 3 0.016958 0.040570 0.252679 0.684512 0.005281
3 3 0.013289 0.032173 0.252953 0.697500 0.004085
3 3 0.035353 0.074727 0.387485 0.486977 0.015458
3 3 0.014300 0.038398 0.210324 0.732755 0.004223
3 3 0.016861 0.040769 0.248358 0.688784 0.005227
3 3 0.010722 0.028141 0.149395 0.809103 0.002639
3 3 0.006225 0.021423 0.097426 0.873537 0.001390
3 3 0.011548 0.031814 0.204539 0.748748 0.003351
3 3 0.006417 0.022787 0.115169 0.854071 0.001556
3 3 0.018592 0.037657 0.326032 0.611495 0.006224
3 3 0.008124 0.026621 0.113552 0.849782 0.001921
3 3 0.007055 0.026236 0.117164 0.847779 0.001766
3 3 0.027127 0.054360 0.374547 0.533398 0.010567
3 3 0.022897 0.045123 0.332654 0.591518 0.007808
3 3 0.025682 0.047307 0.388189 0.529210 0.009611
3 3 0.030118 0.059744 0.346542 0.552533 0.011064
3 3 0.047345 0.068903 0.333918 0.533214 0.016621
3 3 0.011168 0.030153 0.212513 0.742902 0.003263
3 3 0.008561 0.029472 0.137829 0.821891 0.002247
3 3 0.010918 0.032866 0.174750 0.778416 0.003050
3 3 0.010189 0.032859 0.154278 0.799913 0.002761
3 3 0.017701 0.037947 0.300394 0.638180 0.005777
3 3 0.011221 0.029731 0.147603 0.808679 0.002766
3 3 0.006265 0.022647 0.104816 0.864802 0.001471
3 3 0.007819 0.022141 0.088371 0.880097 0.001571
3 3 0.008848 0.028545 0.155824 0.804397 0.002386
3 3 0.009398 0.025087 0.111659 0.851809 0.002046
3 3 0.020546 0.042768 0.133584 0.798169 0.004933
3 3 0.005446 0.017874 0.045114 0.930685 0.000881
3 3 0.006276 0.023331 0.081860 0.887181 0.001352
3 3 0.007355 0.026720 0.100176 0.864034 0.001716
3 3 0.004185 0.015540 0.048140 0.931416 0.000719
3 3 0.006651 0.019373 0.052090 0.920792 0.001094
3 3 0.006876 0.021768 0.066750 0.903318 0.001288
3 3 0.017738 0.048050 0.202775 0.726179 0.005258
3 3 0.005159 0.020380 0.066795 0.906624 0.001041
3 3 0.007890 0.028762 0.123876 0.837455 0.002018
3 3 0.014671 0.038406 0.219471 0.723069 0.004382
3 3 0.004756 0.015154 0.037044 0.942345 0.000702
3 3 0.006234 0.023791 0.081540 0.887080 0.001355
3 3 0.005303 0.019022 0.058415 0.916281 0.000979
3 3 0.010704 0.026127 0.082908 0.878250 0.002011
3 3 0.006240 0.025432 0.100624 0.866190 0.001514
3 3 0.007700 0.020300 0.044457 0.926366 0.001177
3 3 0.004264 0.019273 0.058834 0.916771 0.000858
3 3 0.005321 0.019826 0.063946 0.909873 0.001033
3 3 0.007046 0.024881 0.101958 0.864484 0.001632
3 3 0.013675 0.037387 0.182839 0.762295 0.003803
2 3 0.026565 0.059857 0.542372 0.354486 0.016719
2 3 0.040619 0.110643 0.675011 0.112441 0.061286
2 2 0.047534 0.174219 0.591935 0.038772 0.147540
2 2 0.019868 0.051720 0.809502 0.082834 0.036075
2 2 0.026545 0.146962 0.646908 0.021369 0.158217
2 2 0.034093 0.146257 0.650850 0.030580 0.138220
2 2 0.025908 0.077282 0.775676 0.060254 0.060880
2 2 0.009419 0.029906 0.884090 0.050925 0.025661
2 2 0.043332 0.172392 0.581097 0.036151 0.167028
2 2 0.018892 0.053839 0.823101 0.060800 0.043368
2 2 0.015325 0.042264 0.845351 0.063327 0.033733
2 2 0.033513 0.090700 0.740445 0.065944 0.069398
2 2 0.039080 0.102978 0.682973 0.118821 0.056147
2 2 0.016854 0.051259 0.831320 0.059713 0.040854
2 2 0.020581 0.056531 0.804253 0.078856 0.039779
2 2 0.020140 0.055004 0.803691 0.083652 0.037513
2 2 0.026409 0.050194 0.585903 0.321354 0.016139
2 2 0.021818 0.056368 0.783188 0.104165 0.034461
2 2 0.025848 0.055890 0.630523 0.268014 0.019724
2 2 0.022090 0.046695 0.704435 0.206818 0.019962
2 2 0.024368 0.044025 0.578348 0.339444 0.013815
2 2 0.012108 0.036963 0.862923 0.058078 0.029927
2 2 0.028092 0.045777 0.524651 0.388237 0.013243
2 3 0.025638 0.048033 0.509539 0.403986 0.012804
2 3 0.012935 0.030440 0.856036 0.077820 0.022769
2 3 0.027302 0.070306 0.728003 0.138319 0.036069
2 3 0.021940 0.049457 0.715884 0.190910 0.021809
3 3 0.020943 0.038584 0.369438 0.563711 0.007325
2 3 0.028467 0.050635 0.549280 0.356332 0.015285
3 3 0.011991 0.031891 0.217049 0.735535 0.003534
2 3 0.032096 0.050184 0.489743 0.414155 0.013821
3 3 0.021103 0.041058 0.341771 0.588852 0.007215
3 3 0.027877 0.051306 0.358834 0.552134 0.009850
3 3 0.009998 0.028941 0.189086 0.769145 0.002829
3 3 0.007940 0.026637 0.145653 0.817671 0.002100
3 3 0.014069 0.035222 0.237937 0.708499 0.004273
3 3 0.018344 0.039629 0.295844 0.640208 0.005975
3 3 0.016044 0.036512 0.275689 0.666663 0.005092
3 3 0.008149 0.026596 0.148063 0.815042 0.002149
3 3 0.014625 0.037496 0.227649 0.715826 0.004405
3 3 0.013261 0.036623 0.188835 0.757531 0.003750
3 3 0.011555 0.037740 0.149029 0.798547 0.003129
3 3 0.008645 0.028638 0.148353 0.812059 0.002305
3 3 0.011203 0.032274 0.132424 0.821367 0.002732
3 3 0.020613 0.031641 0.117738 0.826169 0.003838
3 3 0.009183 0.026984 0.130605 0.831011 0.002216
3 3 0.006096 0.023643 0.063282 0.905771 0.001208
3 3 0.060594 0.073200 0.285472 0.563616 0.017118
2 2 0.038799 0.080922 0.439230 0.421668 0.019381
2 2 0.135825 0.244836 0.366537 0.086781 0.166020
4 2 0.025441 0.219194 0.319698 0.014129 0.421538
2 2 0.023586 0.107366 0.734029 0.029822 0.105197
2 2 0.016671 0.044620 0.837454 0.066172 0.035083
2 2 0.012330 0.044399 0.859953 0.043338 0.039980
2 2 0.139912 0.221986 0.410703 0.096423 0.130976
2 2 0.043435 0.221633 0.428371 0.027300 0.279262
2 2 0.006493 0.034382 0.897619 0.024376 0.037131
0 0 0.478116 0.091025 0.040449 0.033005 0.357405
4 1 0.031047 0.245973 0.135674 0.012859 0.574447
2 2 0.035908 0.170111 0.591458 0.027182 0.175341
2 2 0.033203 0.122303 0.696265 0.039821 0.108408
2 2 0.012368 0.053789 0.848221 0.033075 0.052548
2 2 0.044135 0.170341 0.598857 0.034014 0.152653
2 2 0.033543 0.200936 0.475836 0.022188 0.267497
2 2 0.032818 0.135828 0.671924 0.032859 0.126571
2 2 0.021556 0.080730 0.784011 0.040779 0.072924
2 2 0.047596 0.187562 0.551722 0.034672 0.178448
2 2 0.020818 0.069535 0.801403 0.048399 0.059845
2 2 0.010512 0.054129 0.852460 0.025798 0.057101
2 2 0.011700 0.043419 0.863759 0.041463 0.039659
2 2 0.035316 0.140115 0.661916 0.034700 0.127954
2 2 0.011504 0.060392 0.838935 0.025072 0.064097
2 2 0.018864 0.126837 0.683708 0.017222 0.153369
2 2 0.023377 0.106622 0.735655 0.029766 0.104580
2 2 0.027346 0.208256 0.405268 0.016742 0.342388
2 2 0.032117 0.187533 0.522632 0.022377 0.235340
4 2 0.023191 0.219866 0.276362 0.012220 0.468361
4 2 0.024610 0.225823 0.251487 0.012522 0.485559
4 2 0.043793 0.257186 0.253470 0.022151 0.423400
4 2 0.016913 0.209243 0.172599 0.007682 0.593562
4 2 0.011109 0.185434 0.135055 0.004754 0.663648
2 2 0.025015 0.204976 0.401406 0.015265 0.353338
4 2 0.021376 0.222140 0.193531 0.009997 0.552957
2 2 0.045904 0.199474 0.513023 0.031864 0.209735
4 4 0.023363 0.228393 0.166442 0.010387 0.571415
4 4 0.011535 0.183670 0.085250 0.004312 0.715233
4 4 0.011822 0.188595 0.128606 0.004974 0.666003
4 4 0.013763 0.196352 0.114731 0.005565 0.669590
4 4 0.012532 0.192267 0.143544 0.005437 0.646221
4 4 0.017472 0.211305 0.150527 0.007598 0.613098
4 4 0.031521 0.245372 0.101972 0.011981 0.609153
4 4 0.018525 0.214141 0.124341 0.007589 0.635403
4 4 0.016178 0.203199 0.088749 0.006036 0.685839
4 4 0.012162 0.185835 0.080166 0.004458 0.717379
4 4 0.011604 0.045580 0.014775 0.000800 0.927242
4 4 0.023093 0.159818 0.063420 0.005445 0.748225
4 4 0.016623 0.205574 0.095387 0.006325 0.676091
4 4 0.030026 0.240881 0.211394 0.014334 0.503365
4 4 0.028076 0.239397 0.122458 0.011303 0.598766
4 4 0.015752 0.203212 0.103206 0.006144 0.671686
4 4 0.022857 0.226076 0.111003 0.008991 0.631073
4 4 0.019815 0.217017 0.105892 0.007724 0.649552
4 4 0.012439 0.098885 0.018736 0.001833 0.868107
4 4 0.030999 0.238552 0.252952 0.015732 0.461765
4 4 0.019652 0.210085 0.283675 0.010496 0.476093
4 2 0.076232 0.294686 0.179906 0.034276 0.414900
4 2 0.016488 0.206954 0.198525 0.007837 0.570197
2 2 0.024685 0.145265 0.647822 0.019865 0.162362
4 2 0.049316 0.257749 0.286214 0.026092 0.380629
2 2 0.028181 0.178314 0.542609 0.020059 0.230838
2 2 0.020404 0.138482 0.656964 0.016568 0.167583
2 2 0.009127 0.077663 0.799160 0.012029 0.102021
2 2 0.027788 0.146185 0.651898 0.022541 0.151589
2 2 0.023129 0.150976 0.623369 0.018044 0.184483
2 2 0.012527 0.078393 0.800416 0.019132 0.089533
2 2 0.016030 0.177987 0.419363 0.009800 0.376820
2 2 0.012784 0.051486 0.850132 0.036980 0.048618
2 2 0.048109 0.219907 0.446909 0.030949 0.254126
2 2 0.038505 0.206789 0.470862 0.025361 0.258483
2 2 0.026067 0.149155 0.636470 0.021159 0.167149
2 2 0.035584 0.160140 0.621256 0.027962 0.155058
2 2 0.014905 0.082863 0.789926 0.022756 0.089549
2 2 0.016342 0.064332 0.821294 0.038239 0.059793
2 2 0.033552 0.168329 0.593044 0.025398 0.179677
2 2 0.009438 0.068857 0.821812 0.015285 0.084607
2 2 0.011838 0.081237 0.793648 0.016613 0.096665
4 2 0.018955 0.198632 0.359390 0.011094 0.411929
2 2 0.006032 0.035307 0.897730 0.021047 0.039885
2 2 0.023210 0.135345 0.674333 0.019688 0.147424
2 2 0.020381 0.103068 0.744839 0.025653 0.106059
2 2 0.014011 0.069407 0.817837 0.027250 0.071495
2 2 0.022063 0.180794 0.496529 0.014940 0.285674
2 2 0.020064 0.094707 0.761870 0.028693 0.094666
2 2 0.085441 0.155951 0.561288 0.097851 0.099468
1 0 0.205095 0.272858 0.175686 0.079139 0.267222
4 1 0.052887 0.278547 0.135850 0.021710 0.511005
4 0 0.205173 0.180117 0.055399 0.029207 0.530106
4 0 0.143207 0.164146 0.036128 0.017870 0.638649
4 1 0.089503 0.273317 0.071229 0.026137 0.539815
4 1 0.193115 0.171862 0.048269 0.025451 0.561303
4 2 0.032295 0.247952 0.166362 0.014239 0.539152
4 2 0.026777 0.236805 0.157604 0.011659 0.567156
2 2 0.019822 0.077603 0.792653 0.038316 0.071606
2 2 0.038295 0.185176 0.547220 0.027534 0.201775
2 2 0.016968 0.092159 0.769253 0.023353 0.098267
2 2 0.026274 0.143381 0.657632 0.021443 0.151270
2 2 0.028018 0.114389 0.716452 0.034673 0.106467
2 2 0.016249 0.067209 0.817169 0.035551 0.063821
2 2 0.033767 0.201832 0.473142 0.022271 0.268988
2 2 0.011434 0.088972 0.774150 0.013622 0.111822
2 2 0.030327 0.131403 0.680812 0.031363 0.126095
2 2 0.014919 0.091541 0.770883 0.019464 0.103193
2 2 0.008569 0.037701 0.884224 0.032166 0.037340
2 2 0.079548 0.244867 0.396174 0.049062 0.230350
2 2 0.021136 0.089325 0.770555 0.033950 0.085033
2 2 0.032402 0.130791 0.681793 0.034382 0.120632
2 2 0.017967 0.116042 0.715551 0.017426 0.133013
2 2 0.012016 0.053272 0.850045 0.032155 0.052511
2 2 0.027014 0.157991 0.611804 0.020825 0.182367
2 2 0.014069 0.056547 0.839033 0.037125 0.053227
2 2 0.012884 0.044178 0.857530 0.046501 0.038907
2 2 0.013381 0.062782 0.831001 0.029588 0.063248
2 2 0.032829 0.143412 0.657092 0.029929 0.136738
2 2 0.026035 0.137757 0.666402 0.023507 0.146299
2 2 0.021944 0.129082 0.687961 0.019651 0.141362
2 2 0.009889 0.041024 0.874424 0.035184 0.039479
2 2 0.014834 0.057674 0.835080 0.038967 0.053444
2 2 0.012887 0.045468 0.856437 0.044668 0.040540
2 2 0.016796 0.036369 0.823046 0.099488 0.024301
2 2 0.021124 0.057934 0.810974 0.064194 0.045774
2 2 0.021057 0.087462 0.773949 0.034882 0.082651
2 2 0.020553 0.059825 0.812004 0.059136 0.048481
2 2 0.040321 0.091445 0.705181 0.106916 0.056136
2 2 0.019022 0.049137 0.824207 0.069708 0.037926
2 2 0.016315 0.046533 0.838952 0.060570 0.037629
2 2 0.016445 0.042206 0.832540 0.078181 0.030628
2 2 0.012742 0.034078 0.860736 0.065488 0.026956
2 2 0.013542 0.030923 0.844185 0.089833 0.021517
2 2 0.024819 0.039199 0.638321 0.282833 0.014828
2 2 0.025301 0.066644 0.788729 0.067812 0.051513
2 2 0.022741 0.048314 0.740439 0.164598 0.023908
2 2 0.019499 0.038004 0.782812 0.138065 0.021620
3 2 0.033134 0.074613 0.424858 0.450945 0.016450
2 2 0.028883 0.056437 0.628658 0.265297 0.020726
2 2 0.029561 0.065739 0.494474 0.393472 0.016754
2 2 0.034700 0.082835 0.675445 0.168908 0.038112
3 2 0.049323 0.069242 0.327715 0.537606 0.016114
3 3 0.022095 0.036380 0.261770 0.673648 0.006107
3 3 0.016159 0.040013 0.239504 0.699370 0.004954
3 3 0.012468 0.032894 0.189164 0.762028 0.003446
3 3 0.014482 0.036518 0.234441 0.710169 0.004390
3 3 0.015101 0.039598 0.218242 0.722548 0.004511
3 3 0.011477 0.034855 0.152117 0.798512 0.003039
3 3 0.010230 0.029241 0.120940 0.837210 0.002380
3 3 0.009483 0.027105 0.095343 0.866075 0.001995
3 3 0.023279 0.058951 0.183846 0.727143 0.006780
3 3 0.009952 0.031261 0.162497 0.793566 0.002724
3 3 0.008524 0.031228 0.121984 0.836083 0.002181
3 3 0.011048 0.034464 0.163286 0.788159 0.003043
3 3 0.009874 0.029739 0.175898 0.781741 0.002748
3 3 0.012019 0.036787 0.168065 0.779785 0.003345
3 3 0.010324 0.032720 0.159323 0.794814 0.002819
3 3 0.009493 0.030938 0.152024 0.804989 0.002556
3 3 0.021913 0.047600 0.245949 0.677936 0.006602
3 3 0.007927 0.026158 0.105387 0.858705 0.001822
3 3 0.012017 0.029778 0.145012 0.810320 0.002873
3 3 0.005338 0.023149 0.089488 0.880769 0.001257
3 3 0.006897 0.021125 0.084202 0.886382 0.001395
3 3 0.006161 0.024098 0.085158 0.883208 0.001375
3 3 0.004533 0.017658 0.057641 0.919314 0.000854
3 3 0.007600 0.025923 0.101170 0.863570 0.001737
3 3 0.005560 0.020697 0.047492 0.925285 0.000967
3 3 0.004165 0.020060 0.064253 0.910634 0.000888
3 3 0.007169 0.024029 0.077697 0.889643 0.001461
3 3 0.003143 0.012158 0.022807 0.961481 0.000411
3 3 0.006151 0.025573 0.094828 0.871980 0.001468
3 3 0.006313 0.021954 0.076900 0.893541 0.001292
3 3 0.019026 0.025894 0.092739 0.859297 0.003044
3 3 0.004525 0.017732 0.048439 0.928504 0.000800
3 3 0.009413 0.023104 0.086405 0.879291 0.001787
3 3 0.005225 0.019382 0.050963 0.923502 0.000928
3 3 0.005345 0.020343 0.060929 0.912355 0.001028
3 3 0.013016 0.030073 0.100782 0.853514 0.002615
3 3 0.005363 0.020173 0.058391 0.915063 0.001010
3 3 0.003556 0.013684 0.039136 0.943055 0.000569
3 3 0.009348 0.027559 0.097346 0.863740 0.002006
3 3 0.007603 0.023760 0.061128 0.906132 0.001378
3 3 0.005738 0.021110 0.069167 0.902839 0.001147
3 3 0.004090 0.018500 0.063822 0.912741 0.000847
3 3 0.006414 0.020094 0.053777 0.918617 0.001097
3 3 0.005896 0.018490 0.037051 0.937689 0.000874
3 3 0.004710 0.016404 0.039065 0.939086 0.000734
0 1 0.540605 0.073318 0.148142 0.141942 0.095993
4 1 0.094721 0.269354 0.119111 0.030717 0.486096
4 2 0.030774 0.226724 0.333292 0.017323 0.391888
2 2 0.049993 0.219562 0.451831 0.032376 0.246237
2 2 0.047185 0.173929 0.590267 0.036089 0.152529
4 2 0.088233 0.297736 0.198815 0.041176 0.374040
2 2 0.050414 0.209930 0.485184 0.033965 0.220507
2 2 0.028263 0.140814 0.663586 0.024719 0.142619
2 2 0.028701 0.197829 0.464874 0.018753 0.289843
2 2 0.057430 0.173896 0.581412 0.047857 0.139406
2 2 0.031568 0.175235 0.565381 0.023092 0.204724
2 2 0.030219 0.125508 0.689766 0.034557 0.119950
2 2 0.029696 0.217807 0.374424 0.017546 0.360527
2 2 0.026277 0.101840 0.740996 0.038021 0.092866
2 2 0.034271 0.181597 0.550467 0.024673 0.208992
2 2 0.070570 0.261570 0.331282 0.039838 0.296740
2 2 0.024675 0.191734 0.465660 0.016149 0.301782
2 2 0.030731 0.134401 0.676034 0.030366 0.128467
2 2 0.041639 0.193353 0.526292 0.029274 0.209443
2 2 0.013257 0.079403 0.798058 0.020414 0.088869
2 2 0.010017 0.043166 0.871251 0.033351 0.042215
2 2 0.022321 0.101594 0.746352 0.030044 0.099689
2 2 0.037600 0.167000 0.590485 0.031936 0.172979
2 2 0.023578 0.093295 0.759805 0.037237 0.086085
2 2 0.020371 0.184785 0.461248 0.013299 0.320297
2 2 0.024538 0.124804 0.697949 0.024646 0.128062
2 2 0.008596 0.041330 0.879189 0.028355 0.042530
2 2 0.020272 0.077017 0.792558 0.040040 0.070113
4 1 0.102831 0.287175 0.263429 0.053629 0.292936
2 2 0.043486 0.186616 0.550558 0.031516 0.187824
2 2 0.028157 0.120403 0.705043 0.032111 0.114285
4 2 0.028155 0.239879 0.132907 0.011618 0.587441
2 2 0.013579 0.040028 0.842711 0.075361 0.028321
2 2 0.025716 0.111684 0.723828 0.031782 0.106990
2 2 0.009376 0.026370 0.882764 0.060019 0.021470
2 2 0.024744 0.137873 0.669365 0.020996 0.147022
2 2 0.021014 0.089115 0.771114 0.033786 0.084972
2 2 0.031210 0.155309 0.618460 0.027128 0.167893
2 2 0.014873 0.065241 0.823562 0.032643 0.063681
2 2 0.015179 0.065368 0.822652 0.033532 0.063270
2 2 0.025629 0.082267 0.772028 0.050847 0.069230
2 2 0.026804 0.125451 0.695945 0.027874 0.123926
2 2 0.008794 0.044408 0.873701 0.026447 0.046650
2 2 0.013506 0.075478 0.806350 0.022706 0.081961
2 2 0.017428 0.108623 0.732605 0.018601 0.122744
2 2 0.019072 0.059697 0.817928 0.053236 0.050067
2 2 0.024727 0.173025 0.547361 0.017686 0.237201
2 2 0.013861 0.075207 0.806616 0.023732 0.080583
2 2 0.025574 0.062564 0.789803 0.075234 0.046826
2 2 0.011075 0.030594 0.871539 0.062171 0.024622
2 2 0.009780 0.031400 0.881495 0.050273 0.027050
2 2 0.011334 0.039999 0.868450 0.044439 0.035777
2 2 0.041373 0.166885 0.606925 0.032119 0.152698
2 2 0.006482 0.030992 0.902340 0.028160 0.032026
2 2 0.021916 0.084384 0.777532 0.039061 0.077106
2 1 0.232759 0.246406 0.247071 0.116707 0.157057
2 2 0.026989 0.129510 0.687547 0.026677 0.129277
2 2 0.026809 0.083903 0.766881 0.052648 0.069758
2 2 0.010473 0.045281 0.866706 0.033240 0.044300
2 2 0.024487 0.116486 0.715265 0.027585 0.116177
2 2 0.018310 0.057217 0.823108 0.053366 0.048000
2 2 0.020254 0.056887 0.815320 0.062080 0.045459
2 2 0.020457 0.073852 0.796745 0.043191 0.065754
2 2 0.023920 0.094703 0.756852 0.037151 0.087374
2 1 0.209041 0.257895 0.265500 0.119697 0.147867
2 2 0.030947 0.160870 0.611852 0.023925 0.172406
2 2 0.021947 0.090130 0.767881 0.035378 0.084665
2 2 0.024791 0.118019 0.711997 0.027493 0.117701
2 2 0.010573 0.041868 0.870451 0.037683 0.039425
2 2 0.027067 0.087975 0.760918 0.049713 0.074326
2 2 0.018452 0.096229 0.760008 0.024703 0.100609
2 2 0.013024 0.054575 0.845072 0.034928 0.052401
2 2 0.036247 0.099835 0.723919 0.062065 0.077934
2 2 0.024945 0.103966 0.730104 0.037626 0.103360
2 2 0.013583 0.069754 0.817800 0.025831 0.073031
2 2 0.015547 0.058020 0.832321 0.041350 0.052763
2 2 0.011179 0.042606 0.866943 0.039862 0.039410
2 2 0.023756 0.099825 0.748058 0.033862 0.094498
2 2 0.021632 0.056584 0.809415 0.068595 0.043775
2 2 0.008306 0.033771 0.889691 0.035883 0.032349
2 2 0.011101 0.034364 0.872238 0.053242 0.029055
2 2 0.012538 0.067743 0.823103 0.023977 0.072639
2 2 0.022517 0.081475 0.780737 0.042838 0.072434
2 2 0.012862 0.050043 0.851680 0.038866 0.046548
2 2 0.007997 0.027403 0.894835 0.045369 0.024396
2 2 0.011997 0.041931 0.863624 0.045150 0.037298
4 2 0.032223 0.229707 0.289237 0.019568 0.429265
4 4 0.024855 0.187929 0.084233 0.007214 0.695768
4 4 0.025423 0.217319 0.071631 0.008328 0.677299
4 4 0.013575 0.060740 0.020872 0.001223 0.903590
4 4 0.018049 0.208271 0.119450 0.007152 0.647079
4 4 0.020460 0.039906 0.005476 0.000877 0.933281
4 4 0.016478 0.200750 0.122985 0.006518 0.653269
4 4 0.019661 0.100971 0.027152 0.002648 0.849568
4 4 0.026557 0.096705 0.023093 0.002999 0.850646
4 4 0.039278 0.041204 0.008763 0.001468 0.909287
4 4 0.011994 0.030520 0.005896 0.000491 0.951099
4 4 0.020342 0.128453 0.033472 0.003571 0.814161
4 4 0.033340 0.023054 0.003719 0.000679 0.939209
4 4 0.021157 0.156456 0.044560 0.004718 0.773109
4 4 0.011143 0.021195 0.004237 0.000318 0.963107
4 4 0.031252 0.029268 0.005669 0.000863 0.932949
4 4 0.017742 0.025108 0.006785 0.000534 0.949831
4 4 0.019656 0.064697 0.017977 0.001607 0.896063
4 4 0.017825 0.130696 0.048556 0.003557 0.799366
4 4 0.043062 0.236447 0.063032 0.012681 0.644778
4 4 0.031508 0.226574 0.084701 0.010430 0.646787
4 4 0.023645 0.204489 0.058088 0.007114 0.706664
4 4 0.019044 0.189448 0.052231 0.005573 0.733704
4 4 0.012838 0.043294 0.012582 0.000793 0.930493
4 4 0.028515 0.240447 0.124764 0.011539 0.594735
4 4 0.031210 0.018545 0.003127 0.000518 0.946600
4 4 0.077258 0.014448 0.002971 0.000741 0.904583
4 4 0.034018 0.023100 0.003471 0.000682 0.938729
4 4 0.085792 0.023806 0.005769 0.001390 0.883243
4 4 0.050965 0.014893 0.002361 0.000560 0.931222
4 4 0.060599 0.037990 0.007609 0.001773 0.892028
4 4 0.045945 0.046515 0.007177 0.001774 0.898588
4 4 0.030428 0.014528 0.002839 0.000401 0.951804
4 4 0.234638 0.079659 0.034805 0.012451 0.638447
4 1 0.122104 0.269690 0.085847 0.034363 0.487996
4 1 0.023038 0.220732 0.067825 0.007863 0.680542
4 1 0.070413 0.077735 0.012943 0.004214 0.834695
4 1 0.021578 0.200417 0.067412 0.006750 0.703843
4 1 0.019307 0.177433 0.062804 0.005419 0.735037
4 1 0.017125 0.205740 0.083117 0.006257 0.687761
4 1 0.031780 0.227642 0.062247 0.009882 0.668449
4 1 0.018908 0.193927 0.056498 0.005776 0.724891
4 1 0.082075 0.249275 0.093912 0.023288 0.551450
4 1 0.058185 0.212659 0.034666 0.012322 0.682167
4 1 0.019903 0.200542 0.061034 0.006287 0.712233
4 1 0.023516 0.161666 0.030059 0.004895 0.779864
4 4 0.013899 0.085802 0.021362 0.001743 0.877194
4 4 0.017329 0.210085 0.122029 0.007076 0.643481
4 4 0.016681 0.205591 0.093704 0.006314 0.677709
4 4 0.034209 0.247381 0.077310 0.011973 0.629128
4 4 0.048821 0.269573 0.074971 0.016804 0.589832
4 4 0.026028 0.235092 0.157054 0.011329 0.570496
4 4 0.017903 0.196716 0.076221 0.006011 0.703150
4 4 0.016602 0.098504 0.038052 0.002449 0.844393
4 4 0.012907 0.191190 0.096279 0.004973 0.694651
4 4 0.005259 0.052380 0.016624 0.000565 0.925172
4 4 0.011983 0.107768 0.027074 0.002064 0.851111
4 4 0.016123 0.020687 0.003600 0.000384 0.959206
4 4 0.032713 0.050734 0.012089 0.001664 0.902800
4 4 0.022041 0.033554 0.006319 0.000796 0.937290
4 4 0.032971 0.032541 0.005660 0.000986 0.927841
4 4 0.028907 0.027238 0.006530 0.000782 0.936543
4 4 0.016432 0.138081 0.044567 0.003522 0.797397
4 4 0.012824 0.065274 0.014392 0.001197 0.906314
4 4 0.012579 0.067279 0.019499 0.001273 0.899371
4 4 0.064369 0.013492 0.002705 0.000607 0.918826
4 4 0.094283 0.030774 0.009281 0.002018 0.863644
4 4 0.023967 0.020733 0.004584 0.000512 0.950205
4 4 0.043489 0.056884 0.014729 0.002300 0.882598
4 4 0.162444 0.170770 0.042092 0.021251 0.603443
4 4 0.134041 0.131815 0.023943 0.012504 0.697697
4 4 0.044360 0.257477 0.052065 0.013793 0.632306
4 4 0.034686 0.252228 0.114005 0.013595 0.585486
4 4 0.031408 0.243299 0.085664 0.011348 0.628280
4 4 0.018152 0.212161 0.110921 0.007194 0.651572
4 4 0.028712 0.241136 0.135796 0.011919 0.582437
4 4 0.015866 0.203015 0.096844 0.006074 0.678200
4 4 0.029851 0.239775 0.220382 0.014453 0.495538
4 4 0.013599 0.196972 0.159577 0.006074 0.623777
4 4 0.028953 0.235981 0.072825 0.010009 0.652232
4 4 0.030309 0.244524 0.141764 0.012731 0.570672
4 4 0.020272 0.215972 0.084362 0.007394 0.672000
4 4 0.011929 0.188652 0.119530 0.004910 0.674980
4 4 0.013907 0.189401 0.068062 0.004794 0.723836
4 4 0.028646 0.016328 0.002355 0.000419 0.952252
4 4 0.051731 0.090676 0.022170 0.004322 0.831101
4 4 0.027676 0.074068 0.017662 0.002275 0.878320
4 4 0.020304 0.219436 0.120310 0.008211 0.631739
4 2 0.020529 0.220768 0.141709 0.008718 0.608276
4 2 0.018744 0.215220 0.135376 0.007874 0.622785
4 2 0.016035 0.205780 0.127239 0.006648 0.644298
4 2 0.033877 0.244786 0.067656 0.011417 0.642264
4 2 0.029047 0.241320 0.172194 0.012979 0.544461
4 2 0.030766 0.242981 0.093383 0.011404 0.621465
4 2 0.016601 0.206392 0.104529 0.006487 0.665990
4 2 0.029056 0.224585 0.328818 0.016280 0.401262
4 2 0.024848 0.218295 0.317465 0.013768 0.425624
4 2 0.022142 0.222829 0.216354 0.010730 0.527945
2 2 0.038734 0.179039 0.567791 0.028553 0.185882
4 2 0.028439 0.219288 0.354535 0.016431 0.381306
4 2 0.018238 0.213391 0.128707 0.007553 0.632111
4 2 0.019021 0.215518 0.189630 0.008868 0.566963
4 2 0.020800 0.221616 0.150700 0.008997 0.597887
4 2 0.025451 0.232803 0.112628 0.010022 0.619096
4 2 0.029313 0.231185 0.287149 0.015591 0.436761
4 2 0.018207 0.198645 0.344921 0.010491 0.427735
4 2 0.039191 0.259572 0.167546 0.017254 0.516436
4 2 0.035112 0.244013 0.263817 0.018056 0.439001
2 2 0.036105 0.190981 0.522297 0.025186 0.225431
2 2 0.033251 0.191136 0.513016 0.022927 0.239670
2 2 0.029164 0.191609 0.494105 0.019675 0.265447
2 2 0.022214 0.147621 0.631788 0.017500 0.180876
2 2 0.026296 0.186244 0.501243 0.017879 0.268338
2 2 0.034194 0.164848 0.605140 0.026288 0.169529
2 2 0.028538 0.163965 0.595782 0.021600 0.190115
2 2 0.027711 0.178500 0.539909 0.019663 0.234215
2 2 0.033206 0.185496 0.533714 0.023438 0.224146
2 2 0.025513 0.168360 0.569264 0.018703 0.218160
4 2 0.030877 0.221439 0.364529 0.018031 0.365125
2 2 0.012731 0.079968 0.796860 0.019001 0.091440
2 2 0.006293 0.046405 0.874372 0.015072 0.057859
2 2 0.034659 0.198458 0.489987 0.023298 0.253599
2 2 0.014675 0.115495 0.712101 0.012887 0.144842
4 2 0.026777 0.217033 0.350475 0.015411 0.390304
2 2 0.030564 0.160033 0.613751 0.023677 0.171975
2 2 0.014320 0.081987 0.792078 0.021795 0.089820
2 2 0.019987 0.130163 0.683800 0.016796 0.149254
2 2 0.015363 0.062659 0.826424 0.036330 0.059224
2 2 0.024189 0.139300 0.665856 0.019918 0.150737
2 2 0.022969 0.152162 0.618521 0.017815 0.188533
2 2 0.017815 0.086324 0.780492 0.027831 0.087538
2 2 0.012181 0.084131 0.786970 0.016407 0.100310
2 2 0.024178 0.084710 0.772214 0.044763 0.074135
2 2 0.017749 0.098473 0.755488 0.022461 0.105829
2 2 0.037972 0.120058 0.692908 0.049757 0.099305
4 0 0.210689 0.264731 0.156071 0.071797 0.296712
4 1 0.026913 0.236475 0.116175 0.010678 0.609758
4 1 0.049141 0.274216 0.128011 0.019821 0.528810
4 2 0.065174 0.266283 0.141007 0.024077 0.503459
4 2 0.057312 0.267503 0.078440 0.018800 0.577946
4 2 0.039975 0.242766 0.314326 0.021939 0.380994
2 2 0.027690 0.204766 0.425669 0.017336 0.324539
2 2 0.027452 0.123704 0.699116 0.029568 0.120160
2 2 0.022318 0.180989 0.497655 0.015129 0.283909
2 2 0.021463 0.112752 0.724110 0.023919 0.117757
2 2 0.018298 0.168916 0.519290 0.012720 0.280777
2 2 0.022582 0.192887 0.441752 0.014418 0.328362
2 2 0.021728 0.189977 0.448354 0.013978 0.325962
2 2 0.023550 0.140447 0.653845 0.020456 0.161703
2 2 0.017830 0.189815 0.398573 0.010912 0.382870
2 2 0.024792 0.139149 0.659530 0.022116 0.154413
2 2 0.016575 0.181129 0.431955 0.010529 0.359812
2 2 0.018860 0.091215 0.769863 0.027780 0.092282
2 2 0.023665 0.171425 0.548120 0.016940 0.239849
2 2 0.018968 0.101899 0.747844 0.023473 0.107816
2 2 0.022728 0.163585 0.574465 0.016753 0.222468
2 2 0.026545 0.168787 0.571909 0.019524 0.213235
2 2 0.005140 0.027947 0.913078 0.023142 0.030693
2 2 0.023989 0.089157 0.765859 0.040947 0.080048
2 2 0.013633 0.066491 0.823879 0.027914 0.068082
2 2 0.020620 0.095391 0.759990 0.029539 0.094461
2 2 0.031168 0.177755 0.555327 0.022531 0.213219
2 2 0.006769 0.039290 0.888416 0.021420 0.044105
2 2 0.017871 0.039943 0.828502 0.084688 0.028997
2 2 0.009058 0.030574 0.886699 0.046706 0.026964
2 2 0.012273 0.062250 0.834109 0.026374 0.064994
2 2 0.020841 0.067217 0.804029 0.050932 0.056980
2 2 0.019545 0.088987 0.773385 0.030439 0.087644
2 2 0.026309 0.060032 0.765993 0.110888 0.036779
2 2 0.021233 0.076188 0.791475 0.043513 0.067592
2 2 0.020244 0.059274 0.813721 0.058534 0.048227
2 2 0.024317 0.069009 0.790504 0.061028 0.055142
2 2 0.017396 0.082635 0.788081 0.028751 0.083138
2 2 0.052125 0.215656 0.468591 0.034473 0.229156
2 2 0.036182 0.089905 0.734416 0.072355 0.067142
2 2 0.024862 0.072427 0.785491 0.058722 0.058499
2 2 0.021236 0.053698 0.799584 0.089286 0.036197
2 3 0.028864 0.065792 0.773788 0.034369 0.097187
2 3 0.036259 0.082513 0.735006 0.089850 0.056373
2 3 0.033285 0.075321 0.754012 0.083240 0.054141
2 3 0.030436 0.053203 0.637630 0.258032 0.020699
2 3 0.035728 0.069353 0.646603 0.219375 0.028940
2 3 0.029991 0.055692 0.743864 0.138480 0.031974
2 3 0.024494 0.040134 0.473247 0.452030 0.010095
2 3 0.042492 0.099113 0.688304 0.111694 0.058397
2 3 0.059700 0.103209 0.443119 0.363183 0.030790
3 3 0.034439 0.058736 0.387143 0.507023 0.012659
3 3 0.066487 0.132128 0.294874 0.476792 0.029719
2 3 0.049772 0.091960 0.502190 0.327845 0.028233
3 3 0.069961 0.090819 0.351359 0.461702 0.026159
3 3 0.016664 0.035137 0.309785 0.632949 0.005465
3 3 0.028292 0.048785 0.335533 0.578046 0.009344
2 3 0.040231 0.064835 0.469248 0.408022 0.017664
2 3 0.056992 0.101974 0.500568 0.307592 0.032873
3 3 0.022648 0.042467 0.357727 0.569274 0.007884
2 3 0.055325 0.140298 0.546966 0.190593 0.066818
3 3 0.015151 0.034149 0.171278 0.775620 0.003802
3 3 0.034255 0.064468 0.338155 0.551045 0.012078
3 3 0.028242 0.040006 0.191823 0.733496 0.006434
3 3 0.036301 0.058582 0.301177 0.592690 0.011249
2 2 0.060922 0.161537 0.588257 0.075931 0.113353
4 2 0.078968 0.286398 0.238771 0.039256 0.356606
4 2 0.106026 0.286580 0.089006 0.033593 0.484795
4 2 0.043458 0.263649 0.195529 0.020093 0.477271
2 2 0.036231 0.205354 0.468666 0.023789 0.265960
2 2 0.042241 0.212021 0.461960 0.027579 0.256198
2 2 0.030527 0.186493 0.520658 0.021214 0.241108
2 2 0.104998 0.262922 0.342846 0.061493 0.227740
4 2 0.037514 0.255048 0.089257 0.013655 0.604527
4 2 0.056786 0.203137 0.063757 0.012871 0.663450
4 2 0.042919 0.265308 0.108852 0.016517 0.566404
4 2 0.204900 0.161798 0.046011 0.024787 0.562505
4 1 0.209276 0.265832 0.156813 0.071903 0.296176
4 1 0.044613 0.265585 0.085755 0.015991 0.588056
4 2 0.050764 0.273088 0.188046 0.023137 0.464965
4 2 0.052365 0.257769 0.300456 0.028241 0.361169
4 2 0.027762 0.238939 0.160730 0.012151 0.560416
2 2 0.039691 0.213657 0.447933 0.025482 0.273236
2 2 0.039516 0.225044 0.399507 0.024008 0.311925
4 1 0.136155 0.312522 0.145552 0.056602 0.349169
4 2 0.268888 0.110431 0.028812 0.019177 0.572692
4 2 0.097552 0.193693 0.038540 0.016270 0.653945
4 2 0.039046 0.253152 0.237560 0.019318 0.450925
2 2 0.046546 0.237135 0.374393 0.027493 0.314433
4 2 0.069626 0.286959 0.067799 0.022862 0.552754
4 2 0.047253 0.266217 0.094203 0.017071 0.575256
0 1 0.562733 0.041340 0.013699 0.015030 0.367197
0 1 0.556542 0.036866 0.011199 0.012721 0.382672
0 0 0.931360 0.003798 0.002617 0.006550 0.055675
0 0 0.563719 0.035396 0.010734 0.012390 0.377762
4 0 0.217763 0.139734 0.036439 0.021244 0.584819
4 0 0.384562 0.047386 0.010307 0.009889 0.547857
0 0 0.624371 0.030500 0.010305 0.012751 0.322073
0 0 0.974817 0.001097 0.001096 0.003950 0.019039
0 0 0.935612 0.002269 0.001230 0.003631 0.057257
0 0 0.973753 0.000990 0.000868 0.003245 0.021144
0 0 0.916637 0.003887 0.002181 0.005445 0.071850
0 0 0.961957 0.002273 0.002331 0.006735 0.026705
0 0 0.956339 0.002881 0.002980 0.008009 0.029791
0 0 0.966970 0.001776 0.001805 0.005623 0.023825
0 0 0.792310 0.012019 0.006809 0.008800 0.180062
0 0 0.974275 0.001140 0.001140 0.004063 0.019382
0 0 0.965374 0.001929 0.001967 0.005974 0.024756
0 0 0.962557 0.002211 0.002265 0.006600 0.026367
0 0 0.951498 0.003445 0.003588 0.009126 0.032343
0 0 0.948798 0.002443 0.001775 0.005080 0.041903
0 0 0.819871 0.007084 0.002475 0.005113 0.165457
0 0 0.810967 0.007973 0.002817 0.005598 0.172645
0 0 0.882532 0.007397 0.004189 0.008541 0.097342
0 0 0.583232 0.037180 0.012334 0.014113 0.353141
0 0 0.725691 0.017883 0.006503 0.009825 0.240099
0 0 0.681363 0.037945 0.018506 0.021657 0.240529
0 0 0.509549 0.068333 0.026730 0.024344 0.371043
4 0 0.431771 0.056380 0.015351 0.014328 0.482170
4 0 0.194058 0.151066 0.038339 0.021133 0.595405
4 1 0.139179 0.202302 0.051865 0.023741 0.582913
4 1 0.340938 0.087311 0.024163 0.018452 0.529135
4 1 0.166775 0.200249 0.057825 0.027861 0.547290
4 1 0.158477 0.238806 0.080211 0.035877 0.486629
4 1 0.129599 0.223819 0.060157 0.026106 0.560320
4 1 0.104864 0.191509 0.039353 0.017005 0.647269
4 1 0.137120 0.164064 0.035133 0.017180 0.646503
4 1 0.082944 0.206263 0.039445 0.015604 0.655744
4 1 0.115310 0.201060 0.045469 0.019833 0.618328
4 1 0.155914 0.176705 0.043547 0.021500 0.602333
4 1 0.286005 0.147839 0.051450 0.031563 0.483143
4 1 0.076746 0.245047 0.052096 0.019042 0.607069
4 1 0.099402 0.235113 0.055896 0.022220 0.587369
4 1 0.200530 0.155538 0.041383 0.022786 0.579763
4 1 0.083194 0.218656 0.054664 0.017785 0.625700
4 1 0.074112 0.284920 0.069297 0.023823 0.547847
4 1 0.064829 0.234470 0.043737 0.015499 0.641466
4 1 0.038030 0.228285 0.071141 0.011479 0.651065
4 2 0.029065 0.240733 0.185486 0.013300 0.531416
4 2 0.038407 0.259060 0.146601 0.016217 0.539715
4 2 0.035580 0.253722 0.112070 0.013866 0.584762
4 2 0.029801 0.234787 0.266206 0.015413 0.453793
4 2 0.023034 0.224353 0.226321 0.011321 0.514972
4 2 0.036565 0.249246 0.239927 0.018168 0.456094
2 2 0.040801 0.226745 0.397542 0.024736 0.310176
2 2 0.045999 0.197102 0.520789 0.032228 0.203883
4 2 0.029954 0.227716 0.318692 0.016571 0.407068
4 2 0.036119 0.251736 0.209767 0.017140 0.485238
2 2 0.034302 0.144161 0.654859 0.031647 0.135030
2 2 0.043922 0.214648 0.456549 0.028519 0.256362
2 2 0.055117 0.191599 0.544061 0.040072 0.169151
4 2 0.044600 0.234176 0.072601 0.013223 0.635399
2 2 0.031634 0.219097 0.382847 0.018862 0.347560
2 2 0.034120 0.214448 0.420782 0.021229 0.309421
2 2 0.050641 0.218605 0.456308 0.032981 0.241464
4 2 0.029865 0.238578 0.233361 0.014746 0.483449
2 2 0.032743 0.220913 0.381443 0.019488 0.345413
4 2 0.026983 0.235452 0.200076 0.012678 0.524812
4 2 0.028679 0.238927 0.201739 0.013493 0.517162
4 4 0.031787 0.243300 0.221432 0.015397 0.488084
4 4 0.015872 0.102628 0.036500 0.002463 0.842537
4 4 0.020545 0.220825 0.142332 0.008736 0.607561
4 4 0.032743 0.245562 0.083145 0.011716 0.626834
4 4 0.024414 0.228725 0.095146 0.009162 0.642553
4 4 0.015336 0.185922 0.090200 0.005304 0.703238
4 4 0.025482 0.233061 0.115643 0.010113 0.615701
4 4 0.018761 0.209590 0.073919 0.006608 0.691122
4 4 0.027710 0.209529 0.070103 0.008414 0.684244
4 4 0.027520 0.224845 0.083481 0.009426 0.654728
4 4 0.045334 0.050391 0.008121 0.001932 0.894223
4 1 0.221579 0.248628 0.131783 0.063001 0.335009
4 1 0.026074 0.235271 0.150530 0.011200 0.576924
4 1 0.032749 0.248455 0.111158 0.012757 0.594881
4 1 0.041834 0.263480 0.167245 0.018389 0.509053
4 4 0.045744 0.268052 0.093188 0.016793 0.576223
4 4 0.027158 0.224526 0.306111 0.014816 0.427389
4 4 0.014367 0.193462 0.070580 0.005046 0.716544
4 4 0.034354 0.241229 0.052099 0.010754 0.661564
4 4 0.031784 0.068568 0.020491 0.002359 0.876798
4 4 0.026037 0.203686 0.074518 0.007924 0.687835
4 4 0.011913 0.055576 0.015492 0.000989 0.916029
4 4 0.027089 0.019043 0.003669 0.000496 0.949704
4 4 0.031374 0.053663 0.015826 0.001777 0.897360
4 4 0.107042 0.035711 0.007201 0.002450 0.847596
4 4 0.050428 0.063267 0.012706 0.002749 0.870851
4 4 0.048118 0.272025 0.102429 0.018150 0.559278
4 4 0.018826 0.102829 0.027849 0.002634 0.847862
4 4 0.085936 0.038156 0.010161 0.002350 0.863397
4 4 0.031447 0.229540 0.070423 0.010161 0.658429
4 4 0.021729 0.047679 0.008896 0.001155 0.920542
4 4 0.041135 0.205175 0.049207 0.009957 0.694526
4 4 0.034950 0.067105 0.009349 0.002191 0.886404
4 4 0.081363 0.118289 0.026977 0.007928 0.765442
4 4 0.048554 0.067968 0.013962 0.002914 0.866602
4 4 0.069520 0.107296 0.020009 0.006146 0.797029
4 4 0.048325 0.093320 0.017304 0.004094 0.836957
4 4 0.021945 0.208556 0.044061 0.006587 0.718850
4 4 0.022244 0.218377 0.066866 0.007571 0.684941
4 4 0.067497 0.274666 0.133979 0.025308 0.498550
4 4 0.032981 0.143633 0.039059 0.005618 0.778708
4 4 0.053356 0.036710 0.008983 0.001614 0.899338
4 4 0.058212 0.016103 0.004351 0.000714 0.920620
4 4 0.144277 0.014375 0.004644 0.001218 0.835486
4 4 0.077730 0.027056 0.007016 0.001505 0.886693
4 4 0.187879 0.024142 0.005596 0.002480 0.779904
4 4 0.202197 0.018435 0.004436 0.001976 0.772956
4 4 0.048660 0.019839 0.004279 0.000769 0.926453
4 4 0.036816 0.046368 0.009563 0.001594 0.905658
4 4 0.049316 0.082323 0.014820 0.003582 0.849959
4 4 0.089607 0.037048 0.009578 0.002332 0.861435
4 4 0.129397 0.020312 0.003953 0.001519 0.844819
4 4 0.063281 0.089576 0.022335 0.004892 0.819915
4 4 0.141563 0.024768 0.007538 0.002136 0.823995
4 4 0.055287 0.048555 0.009952 0.002187 0.884019
4 4 0.023377 0.220139 0.061674 0.007765 0.687045
4 4 0.040666 0.043522 0.010677 0.001627 0.903507
4 4 0.044073 0.031146 0.005140 0.001128 0.918514
4 4 0.064068 0.032721 0.006125 0.001550 0.895535
4 4 0.081298 0.051401 0.009476 0.002975 0.854849
4 4 0.025813 0.111421 0.021076 0.003348 0.838342
4 4 0.044879 0.060464 0.016435 0.002530 0.875692
4 4 0.028427 0.016577 0.002898 0.000435 0.951663
4 4 0.077848 0.186752 0.032001 0.012859 0.690540
4 4 0.027797 0.174350 0.059359 0.006657 0.731838
4 4 0.040861 0.245424 0.081884 0.013533 0.618299
4 4 0.033709 0.250832 0.123419 0.013540 0.578499
4 4 0.020515 0.214039 0.069415 0.007076 0.688954
4 4 0.031022 0.061903 0.012088 0.001946 0.893041
4 4 0.072084 0.040549 0.009161 0.002175 0.876031
4 4 0.047032 0.034686 0.008276 0.001392 0.908613
4 4 0.170288 0.013310 0.002787 0.001197 0.812419
0 4 0.658156 0.018971 0.008408 0.008586 0.305879
4 4 0.077590 0.029841 0.007209 0.001655 0.883705
4 4 0.053876 0.023532 0.005185 0.000990 0.916416
4 4 0.074569 0.022178 0.004804 0.001152 0.897297
4 4 0.099182 0.019316 0.003598 0.001184 0.876720
4 4 0.085628 0.096748 0.020375 0.006411 0.790837
