0 0 0.481874 0.167518 0.128176 0.100787 0.121645
0 0 0.683038 0.116283 0.077802 0.079846 0.043031
0 0 0.740373 0.097997 0.062538 0.070499 0.028593
0 0 0.639498 0.129164 0.089241 0.085928 0.056169
0 0 0.788429 0.081578 0.049705 0.061424 0.018864
0 0 0.709527 0.108017 0.070769 0.075721 0.035967
0 0 0.780977 0.084187 0.051692 0.062910 0.020235
0 0 0.674954 0.118742 0.079939 0.081040 0.045324
0 0 0.681080 0.116882 0.078320 0.080138 0.043580
0 0 0.746794 0.095860 0.060822 0.069354 0.027170
0 0 0.720295 0.104566 0.067899 0.073950 0.033290
0 0 0.756812 0.092489 0.058145 0.067527 0.025027
0 0 0.600457 0.139927 0.099312 0.090656 0.069648
0 0 0.419905 0.178391 0.141738 0.103418 0.156548
0 0 0.564538 0.149131 0.108368 0.094403 0.083560
0 0 0.573955 0.146785 0.106016 0.093477 0.079767
0 0 0.333637 0.189255 0.159378 0.103545 0.214185
0 0 0.547494 0.153252 0.112581 0.095977 0.090695
0 0 0.556637 0.151062 0.110329 0.095149 0.086823
0 0 0.419139 0.178508 0.141897 0.103438 0.157018
0 0 0.587084 0.143434 0.102709 0.092119 0.074653
0 0 0.251227 0.215997 0.218633 0.097031 0.217112
0 0 0.321989 0.189245 0.159819 0.103313 0.225633
0 0 0.317521 0.189520 0.160516 0.103168 0.229275
2 0 0.263005 0.236651 0.274109 0.091335 0.134900
0 0 0.271536 0.211931 0.207205 0.098759 0.210569
0 0 0.296697 0.211125 0.203597 0.099671 0.188909
0 0 0.442968 0.174665 0.136846 0.102665 0.142856
0 0 0.518724 0.159829 0.119551 0.098333 0.103562
0 0 0.479101 0.168061 0.128810 0.100945 0.123082
0 0 0.360634 0.186010 0.153279 0.104031 0.196047
0 0 0.491612 0.165570 0.125933 0.100201 0.116684
2 0 0.168416 0.228896 0.272986 0.086464 0.243238
2 0 0.198875 0.236662 0.283541 0.088600 0.192322
0 0 0.243650 0.225546 0.242715 0.094712 0.193376
4 0 0.224303 0.219234 0.230801 0.094531 0.231131
2 0 0.158893 0.238466 0.306096 0.083095 0.213451
0 0 0.383856 0.183381 0.148952 0.104026 0.179785
0 0 0.482113 0.167471 0.128121 0.100773 0.121522
0 0 0.469344 0.169933 0.131021 0.101473 0.128229
0 0 0.367654 0.190117 0.160663 0.103334 0.178232
0 0 0.289513 0.218181 0.220232 0.097955 0.174119
2 0 0.209077 0.226685 0.252691 0.091866 0.219681
0 0 0.340104 0.187915 0.156864 0.103767 0.211350
0 0 0.494698 0.164940 0.125216 0.100006 0.115140
0 0 0.330596 0.188656 0.158441 0.103555 0.218752
2 1 0.233034 0.229837 0.255824 0.093051 0.188253
2 1 0.121172 0.250496 0.383811 0.072039 0.172481
2 1 0.135952 0.245138 0.345500 0.077215 0.196196
2 2 0.165055 0.229176 0.275337 0.085902 0.244531
2 2 0.087284 0.254216 0.480267 0.058194 0.120039
2 2 0.112148 0.252742 0.408224 0.068627 0.158259
2 2 0.079649 0.253026 0.504070 0.054668 0.108587
2 2 0.088611 0.254336 0.476219 0.058790 0.122043
2 2 0.050677 0.238625 0.604613 0.039674 0.066411
2 2 0.055527 0.242390 0.586375 0.042384 0.073323
2 2 0.050102 0.223068 0.621029 0.041006 0.064796
2 2 0.038915 0.183269 0.692639 0.037085 0.048092
2 2 0.015811 0.077307 0.864505 0.025719 0.016659
2 2 0.079889 0.253077 0.503308 0.054781 0.108945
2 2 0.010611 0.063339 0.895767 0.019504 0.010778
2 2 0.040398 0.144370 0.723372 0.043813 0.048047
2 2 0.062655 0.246805 0.560737 0.046210 0.083593
2 2 0.036054 0.183796 0.701082 0.034609 0.044459
2 2 0.041510 0.164072 0.702146 0.041802 0.050469
2 2 0.013809 0.064242 0.881993 0.026119 0.013837
2 2 0.017395 0.096747 0.841750 0.025120 0.018989
2 2 0.008400 0.026723 0.930794 0.026952 0.007130
2 2 0.015507 0.051823 0.884375 0.033397 0.014899
2 2 0.013356 0.057417 0.888670 0.027558 0.012999
2 2 0.017910 0.071749 0.849489 0.040518 0.020333
2 2 0.016676 0.037111 0.828349 0.101375 0.016488
2 2 0.021704 0.051001 0.829148 0.077859 0.020288
2 2 0.028230 0.097161 0.615493 0.162696 0.096420
2 2 0.026128 0.091174 0.814490 0.040476 0.027731
3 2 0.017837 0.026063 0.346774 0.566274 0.043052
3 3 0.016128 0.024025 0.393185 0.527967 0.038694
3 3 0.018250 0.031302 0.358764 0.537180 0.054505
3 3 0.018931 0.028193 0.214817 0.684803 0.053256
3 3 0.019667 0.032826 0.378321 0.520426 0.048760
3 3 0.020390 0.032073 0.267784 0.605836 0.073916
3 3 0.032454 0.066077 0.353078 0.449875 0.098517
3 3 0.018048 0.033881 0.158273 0.696225 0.093574
3 3 0.011832 0.021373 0.197209 0.716979 0.052607
3 3 0.011139 0.020425 0.148955 0.771960 0.047521
3 3 0.021145 0.036251 0.256323 0.589236 0.097045
3 3 0.009798 0.016951 0.143698 0.793733 0.035819
3 3 0.008300 0.013600 0.112375 0.840880 0.024845
3 3 0.006614 0.012940 0.109444 0.842465 0.028538
3 3 0.010984 0.022989 0.100068 0.803506 0.062452
3 3 0.008781 0.020262 0.067813 0.845311 0.057832
3 3 0.008966 0.018208 0.065669 0.864800 0.042358
3 3 0.006096 0.012250 0.091002 0.864914 0.025739
3 3 0.013993 0.026209 0.118583 0.779041 0.062174
3 3 0.005172 0.010868 0.070843 0.888078 0.025039
3 3 0.006378 0.014205 0.056954 0.888242 0.034221
3 3 0.010765 0.020989 0.136996 0.777291 0.053958
3 3 0.005728 0.012271 0.056222 0.897929 0.027849
3 3 0.005109 0.011598 0.050919 0.905354 0.027020
3 3 0.005168 0.011737 0.054030 0.901420 0.027646
3 3 0.004736 0.011544 0.036720 0.918493 0.028507
3 3 0.006899 0.014865 0.115787 0.824351 0.038098
3 3 0.004686 0.012046 0.035505 0.914451 0.033312
3 3 0.005137 0.013594 0.033865 0.910178 0.037226
3 3 0.007794 0.020328 0.053069 0.851648 0.067160
3 3 0.003839 0.009503 0.036189 0.927732 0.022738
3 3 0.007116 0.016889 0.062970 0.866153 0.046872
3 3 0.007199 0.015673 0.067726 0.871552 0.037850
3 3 0.005854 0.015734 0.035305 0.895536 0.047571
3 3 0.005277 0.013580 0.037122 0.907444 0.036576
3 3 0.006252 0.016549 0.042488 0.885716 0.048995
3 3 0.004304 0.011490 0.029032 0.924838 0.030336
3 3 0.007156 0.017717 0.055880 0.868438 0.050809
3 3 0.006192 0.013887 0.054216 0.892415 0.033289
3 3 0.005484 0.011890 0.045648 0.910003 0.026976
3 3 0.004738 0.012304 0.030468 0.920238 0.032252
3 3 0.005776 0.014171 0.039791 0.904071 0.036191
3 3 0.003805 0.010817 0.032534 0.921580 0.031263
3 3 0.006983 0.018325 0.044399 0.874724 0.055569
3 3 0.006741 0.015998 0.057158 0.876082 0.044020
3 3 0.004251 0.013111 0.034393 0.905227 0.043018
3 3 0.004512 0.011974 0.052969 0.896380 0.034164
3 3 0.005294 0.015120 0.048368 0.881532 0.049687
3 3 0.004855 0.012883 0.031878 0.915279 0.035104
3 3 0.005613 0.014471 0.038619 0.900772 0.040526
3 3 0.006603 0.017750 0.049240 0.868868 0.057540
3 3 0.004304 0.013997 0.033315 0.898783 0.049602
3 3 0.003997 0.011783 0.028470 0.919701 0.036049
3 3 0.005425 0.015718 0.035937 0.892614 0.050307
3 3 0.005299 0.013430 0.049896 0.894303 0.037071
3 3 0.005062 0.011912 0.063717 0.889579 0.029731
3 3 0.004661 0.012243 0.034760 0.914741 0.033594
3 3 0.005265 0.014689 0.033562 0.900812 0.045672
3 3 0.003944 0.012023 0.028502 0.913780 0.041752
3 3 0.004874 0.012925 0.057924 0.884968 0.039310
3 3 0.003476 0.010168 0.032415 0.924399 0.029541
3 3 0.003658 0.010821 0.026293 0.925242 0.033986
3 3 0.004974 0.013606 0.036931 0.904917 0.039571
3 3 0.004450 0.013597 0.032306 0.905532 0.044115
3 3 0.003613 0.010810 0.032344 0.921241 0.031992
3 3 0.004608 0.013979 0.035400 0.899516 0.046497
3 3 0.005496 0.015698 0.036936 0.892323 0.049546
3 3 0.003560 0.010896 0.031613 0.920432 0.033499
3 3 0.004185 0.013084 0.031288 0.907525 0.043919
3 3 0.003621 0.010705 0.026135 0.926405 0.033134
3 3 0.005842 0.015649 0.034769 0.894669 0.049072
3 3 0.005490 0.016287 0.036930 0.886118 0.055174
3 3 0.004521 0.011764 0.039687 0.912214 0.031814
3 3 0.004160 0.011633 0.037963 0.912435 0.033809
3 3 0.003502 0.010901 0.026699 0.922728 0.036170
3 3 0.005781 0.018236 0.043192 0.864145 0.068646
3 3 0.005367 0.015345 0.036710 0.894272 0.048306
3 3 0.003031 0.009274 0.023607 0.936424 0.027665
3 3 0.005879 0.016439 0.039970 0.886032 0.051680
3 3 0.005651 0.014942 0.044846 0.891429 0.043133
3 3 0.003874 0.011919 0.036748 0.908972 0.038486
3 3 0.004981 0.013414 0.040666 0.902143 0.038796
3 3 0.004481 0.013637 0.032067 0.904073 0.045742
3 3 0.005153 0.015251 0.035131 0.894525 0.049939
3 3 0.004893 0.014512 0.033759 0.899805 0.047030
3 3 0.006067 0.017316 0.042478 0.878263 0.055876
3 3 0.005537 0.014757 0.044641 0.890309 0.044755
3 3 0.004251 0.013077 0.030907 0.907024 0.044741
3 3 0.005192 0.015516 0.036271 0.891406 0.051614
3 3 0.008338 0.024148 0.056367 0.822637 0.088510
3 3 0.013558 0.039922 0.073716 0.692188 0.180616
3 3 0.004990 0.015151 0.034746 0.892069 0.053044
3 3 0.004296 0.012363 0.028939 0.914162 0.040240
3 3 0.007359 0.020941 0.044971 0.854926 0.071802
3 3 0.004277 0.012592 0.030002 0.913791 0.039339
3 3 0.007159 0.020624 0.047046 0.852738 0.072432
3 3 0.004939 0.014943 0.034247 0.893384 0.052487
3 3 0.005686 0.016684 0.044244 0.877681 0.055705
3 3 0.006156 0.018177 0.040313 0.872343 0.063012
3 3 0.008486 0.022744 0.047305 0.845108 0.076358
3 3 0.004349 0.013563 0.031593 0.900991 0.049504
3 3 0.007108 0.017793 0.060411 0.863641 0.051048
3 3 0.005233 0.014051 0.031866 0.905795 0.043055
3 3 0.006883 0.018748 0.040091 0.870025 0.064252
3 3 0.004818 0.012393 0.050917 0.897768 0.034105
3 3 0.011869 0.034263 0.064658 0.737651 0.151560
4 3 0.046583 0.117769 0.183121 0.233844 0.418684
2 2 0.071467 0.216555 0.372047 0.103640 0.236291
4 2 0.148286 0.178769 0.183693 0.115309 0.373943
2 1 0.157858 0.233748 0.292091 0.083942 0.232361
2 2 0.074044 0.220793 0.379822 0.099465 0.225877
2 2 0.080132 0.246921 0.467792 0.066684 0.138470
2 2 0.061706 0.244568 0.546926 0.051704 0.095096
2 2 0.079761 0.219673 0.361548 0.101480 0.237538
4 2 0.096404 0.189175 0.248297 0.123833 0.342292
2 2 0.110196 0.216576 0.298993 0.103075 0.271161
2 2 0.102937 0.253929 0.433090 0.065252 0.144791
2 2 0.142591 0.235467 0.310856 0.084754 0.226332
2 2 0.084977 0.204483 0.304707 0.115166 0.290667
4 2 0.081398 0.197021 0.290383 0.121335 0.309864
2 2 0.102154 0.235336 0.366228 0.087119 0.209163
4 2 0.072269 0.176331 0.251571 0.137299 0.362529
2 2 0.060205 0.224554 0.444790 0.088495 0.181956
2 2 0.043341 0.168648 0.546266 0.096235 0.145510
2 2 0.038902 0.152117 0.672518 0.061764 0.074699
2 2 0.082801 0.214031 0.336887 0.107095 0.259186
2 2 0.051021 0.220099 0.621013 0.041988 0.065878
2 2 0.119541 0.246115 0.371670 0.076647 0.186026
2 2 0.108489 0.240429 0.371464 0.082181 0.197436
2 2 0.064026 0.230534 0.540985 0.058784 0.105672
2 2 0.063839 0.212344 0.531367 0.070119 0.122332
2 2 0.057308 0.194745 0.625301 0.049853 0.072794
2 2 0.070226 0.211309 0.512096 0.075024 0.131346
2 2 0.098414 0.237717 0.405172 0.079614 0.179084
2 2 0.050562 0.180833 0.651488 0.049670 0.067447
2 2 0.063034 0.233429 0.572156 0.048156 0.083224
2 2 0.022387 0.098687 0.822860 0.031412 0.024654
0 0 0.516236 0.160375 0.120144 0.098519 0.104725
4 1 0.186813 0.212995 0.226869 0.091026 0.282297
2 1 0.087334 0.253912 0.478407 0.058791 0.121556
2 2 0.038316 0.165603 0.710800 0.038760 0.046521
2 1 0.117770 0.251439 0.392918 0.070775 0.167097
2 2 0.110869 0.241743 0.371641 0.080919 0.194828
2 2 0.034024 0.120340 0.763493 0.042241 0.039901
2 2 0.068943 0.249748 0.539107 0.049443 0.092759
4 1 0.184172 0.215145 0.232584 0.090471 0.277628
2 1 0.134026 0.245948 0.350383 0.076569 0.193075
2 2 0.064509 0.247760 0.554268 0.047177 0.086286
2 2 0.069755 0.221712 0.395515 0.097375 0.215643
2 2 0.055456 0.181395 0.570904 0.076383 0.115862
2 2 0.020178 0.095221 0.833490 0.029064 0.022047
2 2 0.069842 0.208367 0.348834 0.111908 0.261048
2 2 0.047535 0.187048 0.662383 0.043608 0.059425
2 2 0.041965 0.165880 0.699074 0.041943 0.051137
2 2 0.053688 0.192874 0.638096 0.047485 0.067857
2 2 0.030386 0.112212 0.651690 0.124465 0.081247
2 2 0.061579 0.228215 0.581415 0.047949 0.080843
2 2 0.047319 0.170489 0.536394 0.117661 0.128137
2 2 0.031726 0.110801 0.732929 0.076504 0.048039
2 2 0.026760 0.108379 0.786201 0.042084 0.036576
2 2 0.174508 0.238204 0.297417 0.085424 0.204447
2 2 0.025565 0.107914 0.803997 0.033889 0.028635
2 2 0.016012 0.063041 0.875799 0.028767 0.016381
2 2 0.034079 0.166586 0.723272 0.034813 0.041251
2 2 0.019877 0.100289 0.814699 0.036108 0.029026
2 2 0.013904 0.049749 0.891785 0.031424 0.013138
2 2 0.031335 0.098239 0.792856 0.042770 0.034801
2 2 0.022085 0.066865 0.792678 0.086409 0.031962
2 2 0.027376 0.111091 0.794100 0.036064 0.031369
2 2 0.015684 0.048103 0.856019 0.062412 0.017783
2 2 0.010362 0.026703 0.840991 0.107743 0.014202
2 2 0.038955 0.113195 0.721012 0.068841 0.057997
2 2 0.017071 0.067903 0.849620 0.043812 0.021594
2 2 0.019849 0.068006 0.819549 0.060778 0.031818
2 2 0.034881 0.139978 0.744951 0.039122 0.041068
2 2 0.011452 0.028204 0.772473 0.167770 0.020101
2 2 0.012338 0.034060 0.851529 0.086442 0.015632
2 2 0.012920 0.038478 0.861920 0.071100 0.015581
2 2 0.010150 0.029642 0.906042 0.044680 0.009486
2 2 0.032406 0.139758 0.743967 0.040867 0.043002
2 1 0.138402 0.244061 0.339334 0.078023 0.200179
2 2 0.043160 0.209904 0.654628 0.037464 0.054844
2 2 0.021173 0.087072 0.837116 0.031788 0.022852
2 2 0.010460 0.054940 0.903574 0.020619 0.010407
2 2 0.016294 0.068195 0.870505 0.028139 0.016867
2 2 0.025067 0.089412 0.799635 0.054471 0.031416
2 2 0.015909 0.068525 0.871643 0.027452 0.016471
2 1 0.143055 0.241876 0.327765 0.079520 0.207784
2 2 0.069777 0.250078 0.536300 0.049862 0.093982
2 2 0.027846 0.121556 0.774587 0.039209 0.036802
2 2 0.032427 0.130943 0.760958 0.037985 0.037687
2 2 0.063164 0.247075 0.558954 0.046477 0.084331
2 2 0.014977 0.054207 0.877120 0.040606 0.013089
2 2 0.069718 0.246061 0.540251 0.050374 0.093595
2 2 0.017379 0.049666 0.855670 0.059617 0.017668
2 2 0.018448 0.073393 0.858281 0.030544 0.019333
2 2 0.015571 0.077676 0.863210 0.027726 0.015818
2 2 0.068366 0.249512 0.541057 0.049152 0.091914
2 2 0.103516 0.254089 0.432387 0.065179 0.144829
2 2 0.042174 0.186410 0.679583 0.039401 0.052432
2 2 0.038118 0.145503 0.726461 0.046773 0.043145
2 2 0.048772 0.222611 0.625510 0.040133 0.062974
2 2 0.016520 0.065904 0.866451 0.035427 0.015699
2 2 0.016540 0.071602 0.866749 0.027860 0.017249
2 2 0.032491 0.154755 0.739205 0.034756 0.038793
2 2 0.013116 0.053414 0.894558 0.025862 0.013051
2 2 0.032442 0.107596 0.772677 0.054267 0.033019
2 2 0.038846 0.128353 0.724547 0.065957 0.042297
2 2 0.039060 0.141059 0.699299 0.070685 0.049897
2 2 0.018317 0.085900 0.848131 0.027987 0.019664
2 2 0.012283 0.040401 0.901184 0.035501 0.010631
2 2 0.024432 0.069353 0.828990 0.054500 0.022724
2 2 0.030069 0.114217 0.753577 0.063148 0.038989
2 2 0.011052 0.023832 0.818071 0.134746 0.012299
2 2 0.015435 0.056204 0.875541 0.038965 0.013855
2 2 0.111658 0.187839 0.468430 0.083760 0.148312
2 2 0.051196 0.239061 0.602627 0.039969 0.067148
2 2 0.018896 0.072295 0.853759 0.036408 0.018642
2 2 0.023948 0.123291 0.795645 0.029780 0.027336
2 2 0.008802 0.020064 0.893900 0.069804 0.007429
2 2 0.023830 0.101234 0.815716 0.032837 0.026384
2 2 0.017680 0.066935 0.865267 0.032196 0.017922
2 2 0.009237 0.038868 0.907684 0.032793 0.011417
2 2 0.008194 0.023847 0.932089 0.029160 0.006710
2 2 0.008662 0.032918 0.922064 0.028402 0.007954
2 2 0.012565 0.039596 0.878997 0.053369 0.015472
2 2 0.018823 0.060891 0.836738 0.055822 0.027726
2 2 0.015456 0.048801 0.802669 0.105095 0.027979
2 2 0.007301 0.023916 0.937796 0.024883 0.006104
2 2 0.019066 0.041310 0.689713 0.211398 0.038514
2 2 0.013848 0.033273 0.638294 0.274743 0.039843
2 2 0.012660 0.051566 0.897806 0.025443 0.012525
2 2 0.011249 0.035685 0.855703 0.081215 0.016147
2 2 0.009559 0.023046 0.860368 0.096564 0.010462
2 2 0.042597 0.134832 0.723022 0.050521 0.049028
2 2 0.012175 0.034957 0.882818 0.056297 0.013754
2 2 0.009459 0.022484 0.888029 0.070814 0.009214
2 2 0.038636 0.140005 0.731923 0.043264 0.046172
2 2 0.009478 0.028535 0.913095 0.041845 0.007047
2 2 0.010146 0.028617 0.890517 0.059586 0.011134
2 2 0.011350 0.040095 0.904980 0.031881 0.011694
2 2 0.013687 0.034652 0.766938 0.162817 0.021907
2 2 0.009366 0.026124 0.882432 0.071735 0.010343
2 2 0.017626 0.061456 0.824650 0.071741 0.024528
2 2 0.014014 0.032563 0.882076 0.060453 0.010895
2 2 0.012078 0.042505 0.900737 0.034160 0.010519
2 2 0.008094 0.019203 0.899857 0.066011 0.006836
2 2 0.011820 0.035351 0.907450 0.035201 0.010178
2 2 0.010677 0.034465 0.913273 0.032449 0.009136
2 2 0.007891 0.024238 0.928900 0.032731 0.006239
2 2 0.015048 0.041368 0.839310 0.084743 0.019531
2 2 0.011753 0.046889 0.832231 0.084114 0.025014
2 2 0.008046 0.026098 0.928121 0.031416 0.006319
2 2 0.011642 0.023643 0.699658 0.245257 0.019800
2 2 0.015171 0.053926 0.882809 0.033731 0.014364
2 2 0.012431 0.026867 0.771570 0.169993 0.019139
2 2 0.011684 0.024017 0.682989 0.259169 0.022140
2 3 0.013928 0.040872 0.785370 0.136747 0.023084
2 3 0.012223 0.038166 0.887853 0.049492 0.012267
3 3 0.010650 0.015120 0.397365 0.551347 0.025518
2 3 0.016382 0.048358 0.847681 0.068083 0.019497
2 3 0.010722 0.024573 0.698832 0.244353 0.021521
2 3 0.010953 0.029029 0.893991 0.054982 0.011045
2 3 0.011878 0.030197 0.842610 0.100236 0.015079
2 3 0.027479 0.080286 0.738922 0.109699 0.043614
2 3 0.012075 0.035145 0.901820 0.041106 0.009854
2 3 0.013612 0.040979 0.897025 0.036221 0.012164
2 3 0.012134 0.039726 0.897848 0.037443 0.012850
2 2 0.010110 0.025758 0.916144 0.040102 0.007885
2 2 0.009170 0.025758 0.875086 0.078055 0.011931
2 2 0.009981 0.030301 0.895159 0.052312 0.012246
2 2 0.010383 0.021040 0.715233 0.237696 0.015648
2 2 0.012596 0.041655 0.864555 0.063989 0.017204
2 3 0.020303 0.050704 0.744006 0.152032 0.032955
2 3 0.007587 0.024899 0.876887 0.077843 0.012783
2 3 0.010523 0.032517 0.860402 0.079658 0.016900
2 3 0.030290 0.103646 0.741844 0.071892 0.052329
2 3 0.014452 0.046494 0.732108 0.174135 0.032811
2 3 0.009945 0.030776 0.859384 0.085178 0.014717
2 3 0.020671 0.081606 0.834058 0.042361 0.021304
2 3 0.008910 0.017598 0.623734 0.330065 0.019693
2 3 0.007343 0.017325 0.903625 0.065063 0.006644
2 3 0.012371 0.030050 0.674387 0.256137 0.027055
2 3 0.010485 0.023684 0.789214 0.160192 0.016425
2 3 0.009238 0.021509 0.898759 0.063317 0.007176
2 3 0.014215 0.043755 0.851655 0.067622 0.022753
2 3 0.021761 0.057491 0.793855 0.091284 0.035610
2 3 0.136441 0.111036 0.394620 0.232241 0.125662
2 1 0.082051 0.253496 0.496485 0.055794 0.112174
2 2 0.040542 0.182899 0.687909 0.038488 0.050162
2 2 0.015798 0.050836 0.824478 0.082922 0.025967
2 2 0.031012 0.128508 0.767737 0.036856 0.035886
2 2 0.014578 0.054830 0.830342 0.072233 0.028016
2 2 0.006385 0.020530 0.939535 0.028753 0.004797
2 2 0.021142 0.091558 0.828381 0.033690 0.025229
2 2 0.063554 0.210190 0.592147 0.051794 0.082315
2 2 0.014387 0.052675 0.868202 0.046348 0.018388
2 2 0.007577 0.031002 0.934555 0.019950 0.006916
2 2 0.008921 0.028863 0.916526 0.036994 0.008697
4 4 0.074375 0.171714 0.236630 0.139538 0.377743
4 4 0.059047 0.131318 0.166068 0.163857 0.479711
4 4 0.182166 0.216744 0.236956 0.090036 0.274098
4 4 0.086796 0.184450 0.249533 0.128861 0.350360
4 4 0.107983 0.176636 0.208220 0.127405 0.379757
4 4 0.077946 0.126192 0.136138 0.155343 0.504381
4 4 0.042918 0.094245 0.110663 0.181562 0.570612
4 4 0.081561 0.177726 0.240595 0.134133 0.365984
2 4 0.092543 0.229701 0.366513 0.092307 0.218935
4 4 0.085350 0.158781 0.193123 0.142362 0.420384
4 4 0.023876 0.069435 0.088152 0.202117 0.616420
2 4 0.062180 0.202574 0.392943 0.109805 0.232498
4 4 0.059724 0.111117 0.124598 0.167793 0.536767
4 4 0.213301 0.188597 0.171977 0.095463 0.330662
2 4 0.156510 0.234561 0.295271 0.083561 0.230098
4 4 0.030404 0.078886 0.097024 0.194186 0.599499
4 4 0.075966 0.124681 0.135021 0.156603 0.507729
4 4 0.054433 0.106169 0.120623 0.171838 0.546938
4 4 0.027426 0.074727 0.093167 0.197655 0.607025
4 4 0.028512 0.076271 0.094607 0.196363 0.604246
4 4 0.101846 0.142465 0.147576 0.141487 0.466626
4 4 0.151294 0.193134 0.208724 0.108580 0.338268
0 0 0.460674 0.171542 0.132961 0.101903 0.132920
0 0 0.655314 0.124589 0.085108 0.083818 0.051171
2 0 0.163897 0.229938 0.278007 0.085595 0.242562
4 0 0.213301 0.188597 0.171977 0.095463 0.330662
4 0 0.189928 0.210394 0.220186 0.091656 0.287836
4 0 0.180003 0.218435 0.241699 0.089556 0.270308
2 1 0.171914 0.224453 0.259712 0.087649 0.256271
2 1 0.137234 0.244581 0.342268 0.077640 0.198278
2 1 0.155726 0.235026 0.297127 0.083337 0.228784
4 1 0.213301 0.188597 0.171977 0.095463 0.330662
4 1 0.162256 0.193962 0.203783 0.105558 0.334441
4 1 0.205502 0.186475 0.171272 0.098054 0.338697
4 1 0.228557 0.189760 0.171003 0.097177 0.313504
4 1 0.213301 0.188597 0.171977 0.095463 0.330662
0 0 0.427932 0.177140 0.140058 0.103187 0.151683
4 0 0.213301 0.188597 0.171977 0.095463 0.330662
4 0 0.222045 0.189315 0.171455 0.096473 0.320712
4 1 0.213301 0.188597 0.171977 0.095463 0.330662
4 1 0.175203 0.191099 0.191764 0.103629 0.338304
4 1 0.213301 0.188597 0.171977 0.095463 0.330662
4 2 0.112165 0.205524 0.268667 0.110493 0.303152
2 2 0.126866 0.229030 0.311184 0.091593 0.241326
2 2 0.106358 0.222686 0.321030 0.098635 0.251291
2 2 0.131925 0.221162 0.285410 0.096716 0.264787
4 2 0.132473 0.195721 0.227213 0.111846 0.332746
2 2 0.081320 0.226425 0.380699 0.094518 0.217037
2 2 0.045567 0.181458 0.491620 0.104100 0.177254
2 2 0.045472 0.182985 0.536863 0.090160 0.144520
2 2 0.048784 0.193118 0.559768 0.076339 0.121990
2 2 0.028505 0.115222 0.755469 0.052056 0.048748
2 2 0.026561 0.121678 0.753369 0.049982 0.048409
2 2 0.034033 0.148935 0.699054 0.054695 0.063284
2 2 0.019636 0.078409 0.849885 0.031240 0.020830
2 2 0.030036 0.114203 0.736783 0.060883 0.058095
2 2 0.009350 0.031450 0.925991 0.024504 0.008705
2 2 0.015950 0.074479 0.866440 0.026414 0.016717
2 2 0.013831 0.052633 0.890476 0.028629 0.014431
2 2 0.009237 0.033235 0.925696 0.023291 0.008542
2 2 0.007125 0.028076 0.938678 0.019713 0.006408
2 2 0.018643 0.065349 0.860673 0.034710 0.020625
2 2 0.008422 0.040157 0.923920 0.019517 0.007985
2 2 0.014640 0.055453 0.883259 0.030589 0.016059
2 2 0.006458 0.019220 0.946499 0.022419 0.005404
2 2 0.014311 0.058509 0.885873 0.026856 0.014451
2 2 0.007650 0.037096 0.929593 0.018499 0.007162
2 2 0.009206 0.039756 0.920974 0.021334 0.008729
2 2 0.014645 0.045350 0.892550 0.032461 0.014994
2 2 0.006670 0.023423 0.943911 0.020151 0.005844
2 2 0.005207 0.018933 0.953595 0.017883 0.004383
2 2 0.013381 0.045169 0.898991 0.029156 0.013303
2 2 0.015921 0.073311 0.854310 0.034403 0.022056
2 2 0.009614 0.031803 0.925048 0.024693 0.008842
2 2 0.025093 0.077211 0.803403 0.055308 0.038984
2 2 0.008472 0.030046 0.929641 0.024370 0.007470
2 2 0.010746 0.041575 0.911815 0.025325 0.010539
2 2 0.009542 0.030540 0.900919 0.046870 0.012130
2 2 0.009190 0.025117 0.914119 0.041865 0.009709
2 2 0.009022 0.021933 0.913938 0.047451 0.007656
2 2 0.010408 0.029153 0.919120 0.032108 0.009210
2 2 0.009045 0.025650 0.887493 0.067553 0.010260
2 2 0.010364 0.028235 0.898060 0.051536 0.011805
2 2 0.011524 0.027658 0.831681 0.115332 0.013804
2 2 0.012767 0.032120 0.884245 0.055008 0.015860
2 2 0.010535 0.038167 0.898324 0.040053 0.012920
2 2 0.015371 0.042665 0.860085 0.059961 0.021917
2 2 0.012631 0.028197 0.750386 0.183503 0.025283
2 2 0.008396 0.022003 0.625944 0.311401 0.032257
2 3 0.012103 0.040517 0.802798 0.111056 0.033525
2 3 0.015518 0.026480 0.503604 0.419392 0.035006
2 3 0.009912 0.019963 0.855700 0.103504 0.010920
2 3 0.011938 0.029677 0.784448 0.148234 0.025703
2 3 0.011588 0.021212 0.720745 0.228074 0.018380
2 3 0.014220 0.032002 0.573996 0.339283 0.040499
2 3 0.013524 0.027520 0.462027 0.450799 0.046130
3 3 0.009624 0.014573 0.301363 0.645643 0.028796
3 3 0.016877 0.025796 0.304901 0.594620 0.057806
3 3 0.015163 0.023506 0.299728 0.608057 0.053546
3 3 0.012693 0.022506 0.287700 0.615261 0.061840
3 3 0.015228 0.028960 0.230274 0.627389 0.098149
3 3 0.009542 0.015972 0.234584 0.705073 0.034828
3 3 0.012434 0.019006 0.349769 0.572988 0.045802
3 3 0.012793 0.023759 0.387871 0.527073 0.048503
3 3 0.012132 0.018439 0.299085 0.631607 0.038737
3 3 0.013413 0.023292 0.160482 0.744124 0.058689
2 3 0.024878 0.066175 0.490071 0.281738 0.137139
2 3 0.015056 0.033142 0.477039 0.404149 0.070615
3 3 0.009501 0.017041 0.170705 0.761833 0.040920
3 3 0.022592 0.053290 0.172614 0.470006 0.281498
3 3 0.012023 0.018854 0.358461 0.579552 0.031111
2 3 0.014570 0.034472 0.587591 0.317761 0.045606
3 3 0.017055 0.033370 0.414028 0.468804 0.066743
3 3 0.014274 0.024917 0.436837 0.476768 0.047204
3 3 0.009227 0.017268 0.106366 0.826551 0.040587
3 3 0.016615 0.032591 0.165429 0.681431 0.103935
3 3 0.010162 0.022734 0.088879 0.805798 0.072427
3 3 0.014579 0.028452 0.110956 0.766290 0.079723
2 3 0.012990 0.033329 0.767189 0.152211 0.034282
2 3 0.015977 0.052012 0.843660 0.057491 0.030860
2 3 0.011782 0.029720 0.871835 0.069998 0.016665
2 3 0.019919 0.073358 0.820675 0.051478 0.034570
2 2 0.009018 0.029016 0.900016 0.050444 0.011506
2 2 0.045415 0.146663 0.622663 0.081919 0.103340
2 2 0.012616 0.044898 0.903149 0.027098 0.012239
2 2 0.014900 0.055419 0.866763 0.040879 0.022039
2 2 0.013581 0.042891 0.900748 0.029673 0.013108
2 2 0.008883 0.034045 0.926640 0.022194 0.008237
2 2 0.012943 0.043452 0.899260 0.030655 0.013690
2 2 0.018201 0.074924 0.848671 0.035210 0.022994
2 2 0.024768 0.088018 0.802110 0.048358 0.036746
2 2 0.017918 0.065990 0.858129 0.036220 0.021744
2 2 0.008235 0.027198 0.934222 0.022953 0.007392
2 2 0.011617 0.041376 0.909817 0.026068 0.011122
2 2 0.029813 0.116904 0.711422 0.070984 0.070877
2 2 0.007569 0.023925 0.936457 0.025736 0.006314
2 2 0.074665 0.227806 0.404302 0.091302 0.201926
2 2 0.025785 0.111233 0.773620 0.047086 0.042275
2 2 0.099633 0.223718 0.334679 0.098117 0.243853
4 2 0.184383 0.180041 0.168768 0.105440 0.361367
2 1 0.135301 0.245415 0.347147 0.076997 0.195140
4 1 0.105806 0.205713 0.276780 0.111471 0.300230
4 2 0.137185 0.216338 0.268728 0.099048 0.278701
4 2 0.067358 0.117771 0.129800 0.162328 0.522743
4 4 0.043072 0.094417 0.110810 0.181422 0.570280
4 4 0.142113 0.174065 0.178736 0.118739 0.386347
4 4 0.012813 0.049589 0.068160 0.219664 0.649775
4 4 0.013078 0.050149 0.068752 0.219143 0.648878
4 4 0.040593 0.091610 0.108388 0.183715 0.575693
4 4 0.018609 0.060755 0.079650 0.209600 0.631386
4 4 0.015197 0.054437 0.073231 0.215219 0.641916
4 4 0.045644 0.097229 0.113206 0.179128 0.564794
4 4 0.018327 0.060256 0.079151 0.210037 0.632229
4 4 0.014168 0.052394 0.071111 0.217075 0.645251
4 4 0.028414 0.076133 0.094479 0.196479 0.604496
4 4 0.097824 0.139954 0.145884 0.143666 0.472673
4 4 0.213301 0.188597 0.171977 0.095463 0.330662
4 4 0.054391 0.106128 0.120590 0.171871 0.547020
4 4 0.023140 0.068288 0.087048 0.203094 0.618431
4 4 0.049414 0.101185 0.116525 0.175903 0.556974
4 4 0.133204 0.159529 0.158272 0.126112 0.422883
4 4 0.018621 0.060775 0.079671 0.209582 0.631351
4 4 0.019912 0.063009 0.081892 0.207634 0.627554
4 4 0.020688 0.064317 0.083182 0.206501 0.625313
4 4 0.092627 0.136582 0.143569 0.146564 0.480657
4 4 0.079556 0.127399 0.137024 0.154333 0.501688
4 4 0.054624 0.106353 0.120772 0.171687 0.546563
4 4 0.077032 0.140112 0.163481 0.152380 0.466996
4 4 0.027959 0.075489 0.093879 0.197017 0.605656
4 4 0.045458 0.097029 0.113036 0.179291 0.565186
4 4 0.139766 0.162612 0.160037 0.123197 0.414388
4 4 0.015524 0.055071 0.073885 0.214647 0.640874
4 4 0.014401 0.052862 0.071598 0.216648 0.644491
4 4 0.018148 0.059936 0.078831 0.210318 0.632767
4 4 0.031519 0.080386 0.098397 0.192942 0.596755
4 4 0.018876 0.061222 0.080118 0.209190 0.630594
4 4 0.020916 0.064696 0.083554 0.206174 0.624661
4 4 0.018145 0.059932 0.078826 0.210322 0.632775
4 4 0.093070 0.136875 0.143772 0.146314 0.479969
4 4 0.056951 0.108560 0.122556 0.169884 0.542049
4 4 0.017727 0.059181 0.078070 0.210984 0.634038
4 4 0.024994 0.071145 0.089785 0.200669 0.613407
4 4 0.014416 0.052892 0.071630 0.216621 0.644442
4 4 0.019510 0.062323 0.081213 0.208230 0.628724
4 4 0.080427 0.128045 0.137495 0.153792 0.500241
4 4 0.082480 0.129547 0.138586 0.152530 0.496856
4 4 0.088247 0.133622 0.141497 0.149088 0.487546
4 4 0.021804 0.066153 0.084978 0.204920 0.622145
4 4 0.023639 0.069068 0.087799 0.202430 0.617065
4 4 0.177716 0.181765 0.174416 0.106533 0.359571
4 4 0.142362 0.163791 0.160697 0.122068 0.411081
4 4 0.087803 0.136011 0.146156 0.148747 0.481282
4 4 0.033873 0.083458 0.101181 0.190404 0.591083
4 4 0.081185 0.128603 0.137901 0.153324 0.498987
4 4 0.038197 0.088799 0.105933 0.186015 0.581056
4 4 0.020533 0.064057 0.082927 0.206725 0.625758
4 4 0.032801 0.082074 0.099932 0.191546 0.593647
4 1 0.210076 0.187735 0.171699 0.096526 0.333964
4 2 0.132529 0.159203 0.158081 0.126418 0.423769
4 1 0.193663 0.182996 0.169980 0.102125 0.351236
4 2 0.156291 0.217817 0.256233 0.094588 0.275071
4 2 0.111541 0.187272 0.227491 0.121260 0.352435
2 2 0.088786 0.217737 0.336269 0.103710 0.253499
2 2 0.070944 0.202071 0.326192 0.117906 0.282887
4 2 0.095866 0.182603 0.233655 0.127710 0.360165
2 2 0.079194 0.202626 0.310218 0.117135 0.290828
4 4 0.050210 0.101995 0.117197 0.175242 0.555356
4 4 0.082749 0.172762 0.227204 0.136580 0.380704
4 4 0.017338 0.058475 0.077358 0.211608 0.635222
4 4 0.027374 0.074652 0.093097 0.197717 0.607159
4 4 0.101841 0.142462 0.147574 0.141489 0.466634
4 4 0.102961 0.143147 0.148030 0.140892 0.464970
4 4 0.047691 0.099400 0.115035 0.177357 0.560517
4 4 0.038339 0.088968 0.106081 0.185877 0.580736
4 4 0.103276 0.171115 0.201088 0.131254 0.393267
4 4 0.109456 0.162987 0.179792 0.132549 0.415215
4 4 0.024858 0.070940 0.089590 0.200842 0.613769
4 4 0.032670 0.081903 0.099777 0.191687 0.593962
4 4 0.090492 0.135153 0.142574 0.147785 0.483996
4 4 0.094163 0.162573 0.192073 0.137762 0.413428
4 4 0.079251 0.182548 0.255959 0.131750 0.350491
4 4 0.084095 0.130710 0.139423 0.151551 0.494220
4 4 0.134074 0.210049 0.257073 0.103530 0.295274
4 4 0.085345 0.131597 0.140059 0.150802 0.492196
4 4 0.028456 0.076193 0.094535 0.196429 0.604387
4 4 0.090209 0.154002 0.178455 0.142443 0.434892
4 4 0.094901 0.164914 0.196189 0.136548 0.407448
4 4 0.016881 0.057634 0.076506 0.212353 0.636626
4 4 0.091611 0.135905 0.143099 0.147143 0.482242
4 4 0.095333 0.138356 0.144793 0.145043 0.476475
4 4 0.136480 0.198115 0.229074 0.109685 0.326646
4 4 0.076802 0.160811 0.207615 0.144474 0.410299
4 4 0.066256 0.116843 0.129084 0.163092 0.524724
4 4 0.079906 0.178475 0.244823 0.134111 0.362685
4 2 0.064585 0.171607 0.253183 0.142187 0.368438
4 2 0.063457 0.183086 0.287064 0.134240 0.332153
4 2 0.083372 0.198561 0.291145 0.119925 0.306997
4 2 0.078263 0.179095 0.248841 0.134138 0.359664
4 4 0.052198 0.103987 0.118840 0.173618 0.551357
4 4 0.032221 0.081314 0.099243 0.192174 0.595048
4 4 0.060176 0.111527 0.124923 0.167458 0.535916
4 4 0.029899 0.078197 0.096390 0.194759 0.600755
4 4 0.029291 0.077359 0.095616 0.195456 0.602277
4 4 0.108192 0.161187 0.177323 0.133609 0.419690
4 4 0.105201 0.174161 0.205619 0.129331 0.385687
4 4 0.075671 0.164349 0.217211 0.143127 0.399641
4 4 0.117340 0.210799 0.275628 0.106115 0.290118
4 4 0.075967 0.156365 0.198762 0.146795 0.422110
2 2 0.062840 0.190390 0.310057 0.128327 0.308387
2 2 0.052209 0.194466 0.399914 0.115961 0.237451
4 2 0.074600 0.166619 0.224040 0.142292 0.392449
4 2 0.062960 0.166465 0.242853 0.145865 0.381857
2 2 0.048355 0.173445 0.465405 0.114775 0.198020
4 4 0.029361 0.077457 0.095707 0.195375 0.602100
4 4 0.026509 0.073398 0.091919 0.198770 0.609404
4 4 0.020542 0.064072 0.082942 0.206712 0.625732
4 4 0.013158 0.050316 0.068929 0.218988 0.648609
4 4 0.025855 0.072433 0.091008 0.199582 0.611123
4 4 0.031532 0.080404 0.098414 0.192928 0.596722
4 4 0.016585 0.057085 0.075947 0.212842 0.637541
4 4 0.032340 0.081472 0.099386 0.192044 0.594758
4 4 0.020454 0.063924 0.082796 0.206840 0.625986
4 4 0.018691 0.060898 0.079794 0.209474 0.631144
4 4 0.192743 0.207982 0.214200 0.092202 0.292873
4 4 0.100247 0.198620 0.266258 0.117166 0.317709
2 4 0.099177 0.226998 0.345330 0.095149 0.233347
2 4 0.064897 0.193219 0.313576 0.125812 0.302495
2 2 0.057896 0.183415 0.316213 0.133153 0.309322
4 2 0.049555 0.101328 0.116644 0.175786 0.556687
4 4 0.024313 0.070109 0.088797 0.201546 0.615236
4 4 0.014937 0.053926 0.072703 0.215681 0.642754
4 4 0.030817 0.079445 0.097537 0.193722 0.598479
4 4 0.117848 0.171022 0.188888 0.126902 0.395340
4 4 0.078759 0.170992 0.228469 0.138690 0.383091
4 4 0.028187 0.075813 0.094180 0.196747 0.605074
4 4 0.017667 0.059073 0.077962 0.211079 0.634220
4 4 0.178797 0.219363 0.244356 0.089282 0.268202
4 4 0.080570 0.148594 0.176994 0.148092 0.445750
4 2 0.093929 0.139525 0.147896 0.145340 0.473310
2 2 0.139525 0.228783 0.296715 0.090184 0.244793
2 2 0.061363 0.204424 0.362399 0.114358 0.257456
2 2 0.074381 0.200127 0.312717 0.119510 0.293264
2 2 0.073103 0.208534 0.341278 0.111973 0.265112
2 2 0.066533 0.199064 0.327533 0.120591 0.286279
2 2 0.062683 0.206996 0.411527 0.103674 0.215119
2 2 0.055669 0.199923 0.431754 0.105280 0.207373
2 2 0.065430 0.203161 0.343487 0.116647 0.271276
4 2 0.084623 0.197670 0.286619 0.120420 0.310668
2 2 0.070078 0.216628 0.376171 0.103299 0.233825
2 2 0.058497 0.209482 0.439835 0.097574 0.194613
2 2 0.043499 0.171817 0.446128 0.122208 0.216348
4 2 0.145668 0.214622 0.257450 0.098537 0.283723
2 2 0.081131 0.201683 0.303824 0.117748 0.295614
4 2 0.074587 0.185851 0.272357 0.130479 0.336726
4 2 0.081487 0.182708 0.252920 0.131148 0.351737
2 2 0.034232 0.143404 0.648248 0.078776 0.095339
2 2 0.051949 0.190348 0.403140 0.117730 0.236833
2 2 0.059810 0.199394 0.347032 0.119789 0.273974
2 2 0.046434 0.195011 0.499963 0.093993 0.164599
2 2 0.062681 0.193678 0.327120 0.124686 0.291834
2 2 0.020184 0.095009 0.794955 0.049832 0.040020
2 2 0.043001 0.172503 0.562292 0.088944 0.133260
2 2 0.035848 0.133604 0.731473 0.048483 0.050592
2 2 0.030486 0.109118 0.763504 0.051047 0.045845
2 2 0.044361 0.159962 0.570979 0.092905 0.131794
2 2 0.014420 0.053488 0.889470 0.028245 0.014378
2 2 0.003948 0.016765 0.961727 0.014282 0.003278
2 2 0.007721 0.027686 0.936237 0.021415 0.006940
2 2 0.013177 0.054612 0.880873 0.033693 0.017646
2 2 0.011185 0.038793 0.909817 0.028475 0.011730
2 2 0.027394 0.085938 0.798944 0.050078 0.037646
2 2 0.011450 0.035409 0.914736 0.027681 0.010724
2 2 0.012148 0.044173 0.903963 0.027443 0.012273
2 2 0.017327 0.065828 0.833313 0.051494 0.032038
2 2 0.021966 0.078521 0.821684 0.045904 0.031925
2 2 0.005013 0.020312 0.953979 0.016408 0.004288
2 2 0.006180 0.020472 0.948086 0.019953 0.005309
2 2 0.006094 0.016715 0.946787 0.025651 0.004753
2 2 0.013362 0.050869 0.888621 0.031502 0.015647
2 2 0.011780 0.033824 0.895893 0.044959 0.013544
2 2 0.021428 0.079630 0.838064 0.036146 0.024732
2 2 0.010497 0.038413 0.912920 0.027117 0.011053
2 2 0.010091 0.026978 0.919845 0.033774 0.009312
2 2 0.011023 0.039513 0.899069 0.035376 0.015018
2 2 0.016067 0.040075 0.867417 0.052834 0.023607
2 2 0.011167 0.032424 0.897905 0.044600 0.013904
2 2 0.010675 0.026403 0.773359 0.163726 0.025837
2 3 0.010390 0.023113 0.876075 0.074276 0.016146
2 3 0.011976 0.032336 0.892268 0.049207 0.014212
2 3 0.010053 0.025775 0.770245 0.168834 0.025091
2 3 0.011637 0.025000 0.601125 0.324374 0.037863
2 3 0.018742 0.055686 0.624240 0.204508 0.096825
2 3 0.023290 0.085102 0.685686 0.110652 0.095270
2 3 0.017966 0.029053 0.453374 0.449395 0.050213
2 3 0.013808 0.040164 0.778556 0.127998 0.039474
2 3 0.011724 0.024363 0.713480 0.227850 0.022583
3 3 0.007557 0.011420 0.222346 0.737135 0.021542
3 3 0.022305 0.045870 0.305502 0.469867 0.156455
2 3 0.015074 0.035984 0.505270 0.369908 0.073764
3 3 0.026812 0.054140 0.305027 0.397615 0.216406
2 3 0.010204 0.023144 0.549595 0.373508 0.043549
3 3 0.017567 0.032208 0.284045 0.564358 0.101822
3 3 0.009471 0.016122 0.209379 0.724896 0.040132
3 3 0.016424 0.031710 0.241636 0.608735 0.101496
3 3 0.014883 0.029555 0.300710 0.572460 0.082393
3 3 0.015073 0.024584 0.345602 0.558419 0.056321
3 3 0.010809 0.018469 0.232341 0.694796 0.043585
3 3 0.011232 0.021150 0.194284 0.712828 0.060506
3 3 0.008507 0.013214 0.269627 0.680820 0.027832
3 3 0.008304 0.016733 0.123869 0.807945 0.043149
3 3 0.009774 0.019934 0.159610 0.752215 0.058467
3 3 0.008446 0.015833 0.175171 0.759446 0.041105
3 3 0.010613 0.020906 0.187233 0.721569 0.059678
3 3 0.011966 0.025225 0.159083 0.717661 0.086065
3 3 0.012645 0.022718 0.194637 0.704664 0.065336
3 3 0.011056 0.021923 0.122160 0.787689 0.057171
3 3 0.008827 0.018804 0.086198 0.834660 0.051511
3 3 0.009485 0.017048 0.136331 0.799065 0.038070
3 3 0.012712 0.028223 0.119745 0.745268 0.094052
3 3 0.007418 0.016836 0.107565 0.818229 0.049951
3 3 0.007222 0.014710 0.111953 0.828965 0.037149
3 3 0.008221 0.016728 0.113112 0.818555 0.043384
3 3 0.012432 0.023939 0.266828 0.616255 0.080546
3 3 0.004810 0.010896 0.075974 0.881830 0.026489
3 3 0.004509 0.010108 0.071133 0.890053 0.024197
3 3 0.010917 0.028564 0.131412 0.696424 0.132683
3 3 0.008264 0.017804 0.093576 0.830984 0.049372
3 3 0.005150 0.009236 0.156007 0.810853 0.018755
3 3 0.006211 0.013248 0.131401 0.813528 0.035613
3 3 0.017308 0.030650 0.186718 0.672821 0.092504
3 3 0.018332 0.040050 0.170432 0.605386 0.165799
3 3 0.006171 0.014480 0.109478 0.824979 0.044892
3 3 0.007434 0.016244 0.113417 0.815710 0.047194
3 3 0.006913 0.013405 0.131132 0.817118 0.031432
3 3 0.011142 0.022762 0.189694 0.698813 0.077589
3 3 0.005814 0.012123 0.126969 0.824446 0.030648
3 3 0.007043 0.018061 0.064127 0.851940 0.058829
3 3 0.007709 0.017882 0.089470 0.831441 0.053498
3 3 0.008055 0.017211 0.100335 0.824342 0.050057
3 3 0.016819 0.041158 0.160547 0.562787 0.218689
3 3 0.009313 0.018231 0.133140 0.790551 0.048764
3 3 0.009195 0.016099 0.219194 0.718812 0.036700
3 3 0.008785 0.017923 0.162081 0.758999 0.052211
3 3 0.008561 0.019269 0.129369 0.782586 0.060215
3 3 0.011041 0.018045 0.218464 0.713337 0.039112
3 3 0.011864 0.022323 0.240348 0.662410 0.063055
3 3 0.019429 0.035791 0.227751 0.590126 0.126903
3 3 0.009026 0.016094 0.174390 0.763375 0.037116
3 3 0.009577 0.018773 0.141160 0.777504 0.052986
3 3 0.018226 0.035006 0.285428 0.524845 0.136495
2 1 0.136808 0.244767 0.343339 0.077499 0.197586
2 2 0.083688 0.253765 0.491365 0.056553 0.114629
2 2 0.025303 0.096714 0.814609 0.035508 0.027866
2 2 0.050527 0.190541 0.596241 0.064886 0.097805
2 2 0.050083 0.195249 0.646985 0.044454 0.063229
2 1 0.158173 0.233557 0.291350 0.084031 0.232890
2 2 0.079447 0.252982 0.504713 0.054572 0.108285
2 2 0.073508 0.239608 0.474091 0.070313 0.142480
2 2 0.047314 0.165776 0.532108 0.100892 0.153910
2 2 0.030983 0.094289 0.725099 0.080073 0.069557
4 2 0.072616 0.171902 0.239855 0.139914 0.375714
4 2 0.086831 0.200059 0.289386 0.118357 0.305368
2 2 0.055418 0.181430 0.422191 0.117826 0.223135
4 2 0.067437 0.151487 0.199165 0.152234 0.429676
2 1 0.155607 0.235097 0.297408 0.083303 0.228585
4 2 0.068297 0.187749 0.289810 0.130034 0.324110
4 2 0.067670 0.192579 0.305150 0.126221 0.308380
4 2 0.074066 0.196293 0.302228 0.122694 0.304720
4 2 0.067170 0.187828 0.292449 0.130102 0.322451
4 2 0.078908 0.185781 0.264764 0.129714 0.340833
4 4 0.047629 0.099335 0.114980 0.177411 0.560645
4 4 0.054445 0.106181 0.120632 0.171828 0.546914
2 4 0.096920 0.216404 0.317988 0.104527 0.264160
4 4 0.081020 0.161855 0.204678 0.142536 0.409911
2 4 0.083190 0.202385 0.302028 0.116998 0.295399
4 4 0.025635 0.072107 0.090699 0.199857 0.611703
4 4 0.008547 0.039655 0.057323 0.229278 0.665197
4 4 0.016861 0.057598 0.076469 0.212386 0.636687
4 4 0.061232 0.112474 0.125673 0.166681 0.533939
4 4 0.073978 0.184870 0.270836 0.131274 0.339042
4 4 0.079025 0.191980 0.280895 0.125385 0.322716
4 4 0.067918 0.132230 0.157222 0.158964 0.483666
4 4 0.076122 0.147597 0.179729 0.150266 0.446286
2 1 0.143293 0.241759 0.327177 0.079595 0.208175
2 1 0.109412 0.253257 0.415793 0.067553 0.153984
2 2 0.070096 0.199429 0.320092 0.120264 0.290119
2 2 0.060264 0.185545 0.311440 0.131704 0.311047
2 2 0.063328 0.193419 0.318097 0.125666 0.299491
2 2 0.059609 0.197305 0.340679 0.121855 0.280553
4 2 0.067322 0.149717 0.195315 0.153057 0.434588
4 2 0.081247 0.154326 0.188180 0.145671 0.430577
4 2 0.071193 0.176024 0.252628 0.137751 0.362403
4 2 0.079017 0.144072 0.169408 0.150274 0.457229
4 2 0.060071 0.185308 0.301656 0.132782 0.320183
2 2 0.101892 0.216468 0.310390 0.104065 0.267184
4 4 0.016460 0.056850 0.075708 0.213051 0.637931
4 4 0.063633 0.114591 0.127335 0.164944 0.529496
4 4 0.083892 0.134629 0.146742 0.150787 0.483949
4 4 0.086220 0.191376 0.267619 0.124568 0.330216
4 4 0.083624 0.183579 0.251913 0.130121 0.350763
2 4 0.054303 0.176420 0.341947 0.135415 0.291915
2 2 0.048713 0.177303 0.403919 0.126290 0.243775
