0 0 0.857959 0.020567 0.026309 0.070534 0.024632
0 0 0.909928 0.012640 0.013560 0.044598 0.019275
0 0 0.916861 0.009910 0.012126 0.047146 0.013957
0 0 0.928157 0.008215 0.009800 0.041624 0.012204
0 0 0.858459 0.022717 0.025780 0.063211 0.029834
0 0 0.829390 0.030286 0.032937 0.068058 0.039329
0 0 0.849222 0.028194 0.026157 0.053587 0.042840
0 0 0.850599 0.028796 0.024860 0.049214 0.046532
0 0 0.851378 0.024951 0.027346 0.063044 0.033281
0 0 0.686090 0.071759 0.070796 0.084831 0.086525
0 0 0.856196 0.024428 0.025888 0.059769 0.033719
0 0 0.863318 0.020932 0.024728 0.064147 0.026875
0 0 0.796236 0.040121 0.040677 0.070157 0.052809
0 0 0.825200 0.031238 0.034074 0.069254 0.040234
0 0 0.865840 0.021939 0.023654 0.058199 0.030367
0 0 0.786015 0.044679 0.041423 0.065335 0.062548
0 0 0.918159 0.011707 0.011703 0.039163 0.019269
0 0 0.876246 0.018722 0.021406 0.058388 0.025237
0 0 0.862213 0.022890 0.024484 0.058731 0.031682
0 0 0.895162 0.015437 0.016834 0.050130 0.022437
0 0 0.899163 0.014813 0.015896 0.048129 0.021998
0 0 0.902926 0.013485 0.015162 0.048929 0.019498
0 0 0.901627 0.014654 0.015267 0.046057 0.022394
0 0 0.896284 0.015130 0.016597 0.050042 0.021946
0 0 0.920829 0.009626 0.011316 0.044104 0.014124
0 0 0.870168 0.022879 0.021607 0.049885 0.035460
0 0 0.910628 0.012736 0.013365 0.043482 0.019788
0 0 0.910384 0.010848 0.013518 0.050445 0.014806
0 0 0.884022 0.018245 0.019242 0.051908 0.026583
0 0 0.854838 0.024808 0.026191 0.059891 0.034272
0 0 0.824108 0.031635 0.034292 0.069077 0.040887
0 0 0.867567 0.023118 0.022450 0.051991 0.034875
0 0 0.926730 0.008912 0.010118 0.040573 0.013667
0 0 0.867961 0.022721 0.022546 0.053059 0.033712
0 0 0.880105 0.018106 0.020434 0.056516 0.024838
0 0 0.884337 0.017091 0.019454 0.055628 0.023490
0 0 0.940125 0.006036 0.007425 0.037251 0.009164
0 0 0.950877 0.004327 0.005448 0.032566 0.006783
0 0 0.943879 0.005563 0.006751 0.035146 0.008661
0 0 0.911460 0.010834 0.013296 0.049412 0.014998
0 0 0.906002 0.012951 0.014475 0.047620 0.018952
0 0 0.928297 0.009007 0.009801 0.038569 0.014326
0 0 0.913863 0.010352 0.012766 0.048645 0.014374
0 0 0.923011 0.008528 0.010778 0.045732 0.011951
0 0 0.878751 0.018718 0.020678 0.055819 0.026034
0 0 0.928263 0.008614 0.009810 0.040069 0.013245
0 0 0.883387 0.017429 0.019652 0.055449 0.024083
0 0 0.949164 0.005053 0.005867 0.031602 0.008315
0 0 0.921927 0.008770 0.011015 0.045985 0.012303
0 0 0.925481 0.008859 0.010359 0.042062 0.013239
0 0 0.920284 0.009556 0.011420 0.044911 0.013830
0 0 0.928181 0.008267 0.009802 0.041412 0.012339
0 0 0.887159 0.016333 0.018817 0.055317 0.022374
0 0 0.893913 0.015414 0.017174 0.051523 0.021977
0 0 0.939615 0.006602 0.007604 0.035693 0.010487
0 0 0.933250 0.007574 0.008812 0.038700 0.011663
0 0 0.927367 0.009283 0.009979 0.038513 0.014858
0 0 0.913796 0.011047 0.012809 0.046299 0.016048
0 0 0.910385 0.010602 0.013490 0.051271 0.014252
0 0 0.923815 0.009019 0.010691 0.043201 0.013274
0 0 0.933398 0.007628 0.008791 0.038349 0.011834
0 0 0.943006 0.005926 0.006956 0.034699 0.009414
0 0 0.943714 0.005724 0.006810 0.034718 0.009034
0 0 0.925128 0.009650 0.010427 0.039517 0.015277
0 0 0.929468 0.008159 0.009554 0.040478 0.012341
0 0 0.913223 0.011424 0.012923 0.045552 0.016878
0 0 0.922204 0.008590 0.010934 0.046325 0.011947
0 0 0.916144 0.010526 0.012307 0.045725 0.015298
0 0 0.921920 0.009006 0.011051 0.045175 0.012849
0 0 0.929313 0.008119 0.009579 0.040784 0.012206
0 0 0.895245 0.013959 0.016979 0.055133 0.018684
0 0 0.906217 0.013427 0.014345 0.045663 0.020348
0 0 0.934065 0.007161 0.008618 0.039366 0.010791
0 0 0.921523 0.009255 0.011154 0.044707 0.013362
0 0 0.929539 0.008615 0.009560 0.038726 0.013560
0 0 0.929505 0.008015 0.009533 0.040959 0.011988
0 0 0.924332 0.008787 0.010572 0.043494 0.012815
0 0 0.935914 0.006667 0.008223 0.039258 0.009939
0 0 0.926022 0.008863 0.010255 0.041490 0.013371
0 0 0.914502 0.008798 0.012337 0.053199 0.011164
0 0 0.927133 0.007284 0.009787 0.045891 0.009905
0 0 0.944917 0.005122 0.006488 0.035699 0.007774
0 0 0.921674 0.011031 0.010998 0.037918 0.018379
0 0 0.820013 0.033727 0.034688 0.066359 0.045213
0 0 0.818578 0.035869 0.033511 0.060139 0.051904
0 0 0.932311 0.008245 0.009018 0.037183 0.013244
0 0 0.922697 0.009093 0.010913 0.044080 0.013217
0 0 0.885721 0.014393 0.019196 0.063064 0.017626
0 0 0.946567 0.006856 0.006310 0.027009 0.013257
0 0 0.885045 0.017819 0.019074 0.052345 0.025717
0 0 0.932655 0.008883 0.008891 0.034298 0.015274
0 0 0.938765 0.007847 0.007750 0.031708 0.013931
0 0 0.926120 0.010140 0.010134 0.036519 0.017087
0 0 0.936178 0.008796 0.008107 0.030599 0.016320
0 0 0.858233 0.022107 0.026010 0.065427 0.028223
0 0 0.939484 0.008142 0.007531 0.029596 0.015247
0 0 0.936236 0.007925 0.008256 0.034198 0.013385
0 0 0.952840 0.004935 0.005302 0.028178 0.008744
0 0 0.940987 0.006687 0.007377 0.033929 0.011021
0 0 0.922315 0.011427 0.010706 0.035529 0.020023
0 0 0.913678 0.013503 0.012239 0.036857 0.023723
0 0 0.937338 0.006358 0.007930 0.038921 0.009454
0 0 0.926623 0.008019 0.010046 0.043871 0.011441
0 0 0.920700 0.011458 0.011123 0.037284 0.019435
0 0 0.931653 0.008737 0.009125 0.035991 0.014495
0 0 0.944306 0.006652 0.006780 0.030474 0.011787
0 0 0.941821 0.006934 0.007230 0.032057 0.011957
0 0 0.934631 0.007737 0.008570 0.036651 0.012411
0 0 0.925045 0.010793 0.010217 0.035035 0.018910
0 0 0.946646 0.006034 0.006371 0.030430 0.010519
0 0 0.934279 0.007670 0.008633 0.037272 0.012146
0 0 0.928019 0.010151 0.009672 0.034299 0.017859
0 0 0.859827 0.026370 0.022998 0.047934 0.042871
0 0 0.933040 0.008154 0.008876 0.036752 0.013177
0 0 0.872580 0.022877 0.020630 0.046940 0.036974
0 0 0.931561 0.008724 0.009145 0.036140 0.014430
0 0 0.891899 0.018165 0.016699 0.043242 0.029996
0 0 0.868533 0.023922 0.021437 0.047520 0.038588
0 0 0.906128 0.014085 0.014195 0.043266 0.022326
0 0 0.923563 0.010473 0.010668 0.038038 0.017258
0 0 0.677956 0.078761 0.063910 0.068027 0.111347
4 0 0.223496 0.246127 0.198850 0.066715 0.264813
0 1 0.333264 0.203313 0.157257 0.073553 0.232612
4 1 0.271073 0.230198 0.148159 0.055386 0.295185
0 1 0.248686 0.234928 0.213537 0.085382 0.217468
4 1 0.225162 0.245556 0.166853 0.052912 0.309517
2 2 0.123131 0.170746 0.466540 0.100762 0.138822
2 2 0.094931 0.149534 0.510894 0.065515 0.179126
2 2 0.180145 0.216489 0.328968 0.103738 0.170660
2 2 0.012540 0.031133 0.886129 0.039947 0.030251
2 2 0.069542 0.118013 0.618237 0.070198 0.124010
2 2 0.023568 0.050585 0.824462 0.055949 0.045436
2 2 0.008512 0.023038 0.912716 0.032281 0.023453
2 2 0.015614 0.036883 0.867632 0.044982 0.034888
2 2 0.005940 0.017394 0.931780 0.026411 0.018476
2 2 0.005435 0.016227 0.935794 0.025127 0.017417
2 2 0.006058 0.017665 0.930850 0.026706 0.018721
2 2 0.004344 0.016238 0.931226 0.032832 0.015360
2 2 0.006842 0.019428 0.924846 0.028587 0.020297
2 2 0.003666 0.011915 0.950913 0.020118 0.013388
2 2 0.006135 0.017840 0.930252 0.026895 0.018878
2 2 0.005231 0.015748 0.937450 0.024593 0.016978
2 2 0.005674 0.016783 0.933878 0.025742 0.017923
2 2 0.006703 0.019119 0.925893 0.028261 0.020022
2 2 0.004646 0.014348 0.942322 0.023000 0.015684
2 2 0.005225 0.015732 0.937504 0.024575 0.016964
2 2 0.004238 0.014556 0.939794 0.026483 0.014929
2 2 0.004837 0.017938 0.924594 0.036100 0.016531
2 2 0.008514 0.030383 0.872088 0.064124 0.024891
2 2 0.004995 0.022088 0.900322 0.055333 0.017262
2 3 0.004377 0.017319 0.925166 0.037584 0.015554
2 3 0.004600 0.016907 0.928969 0.033578 0.015946
2 3 0.003940 0.016151 0.928951 0.036431 0.014527
2 3 0.008526 0.032342 0.527658 0.398748 0.032726
2 3 0.009589 0.029725 0.523562 0.402924 0.034200
2 3 0.004342 0.022413 0.889760 0.067531 0.015954
2 3 0.008226 0.030863 0.700798 0.231006 0.029107
2 3 0.005107 0.027035 0.842696 0.105737 0.019424
3 3 0.007527 0.024537 0.440747 0.499324 0.027865
2 3 0.005977 0.029084 0.816716 0.125193 0.023030
2 3 0.011491 0.031056 0.466922 0.453725 0.036807
3 3 0.011179 0.022464 0.206680 0.723358 0.036319
3 3 0.016430 0.022467 0.137407 0.785298 0.038399
3 3 0.014726 0.022794 0.223133 0.702608 0.036738
2 3 0.008814 0.026076 0.499380 0.438133 0.027596
2 3 0.009109 0.030465 0.555379 0.373551 0.031496
3 3 0.012018 0.023951 0.343425 0.583910 0.036696
3 3 0.011561 0.017635 0.117618 0.817582 0.035604
3 3 0.010455 0.021405 0.257250 0.676591 0.034300
3 3 0.011103 0.023882 0.265850 0.664583 0.034582
3 3 0.011472 0.025151 0.273140 0.653216 0.037021
3 3 0.009722 0.018655 0.164639 0.775196 0.031789
3 3 0.011082 0.021444 0.150451 0.779425 0.037598
3 3 0.011962 0.015331 0.124441 0.818002 0.030264
3 3 0.012709 0.015918 0.112123 0.823310 0.035940
3 3 0.009147 0.023030 0.338011 0.599451 0.030362
3 3 0.010147 0.023290 0.294986 0.638854 0.032724
3 3 0.009768 0.020334 0.174630 0.762268 0.032999
3 3 0.010342 0.020975 0.204891 0.728767 0.035025
3 3 0.009375 0.025816 0.269526 0.661393 0.033890
3 3 0.010155 0.016378 0.116971 0.825811 0.030686
3 3 0.006183 0.016992 0.179766 0.771512 0.025546
3 3 0.007928 0.012875 0.092936 0.860903 0.025358
3 3 0.009071 0.013883 0.100012 0.847527 0.029507
3 3 0.010656 0.019656 0.193673 0.743680 0.032335
3 3 0.009698 0.029378 0.385406 0.542786 0.032732
3 3 0.008313 0.017823 0.159697 0.785598 0.028570
3 3 0.010736 0.019424 0.169772 0.767268 0.032800
3 3 0.010275 0.010896 0.090772 0.859726 0.028331
3 3 0.008191 0.022279 0.218436 0.715130 0.035963
3 3 0.009017 0.017322 0.124525 0.817044 0.032092
3 3 0.012509 0.017836 0.157424 0.778473 0.033758
3 3 0.011445 0.015901 0.113234 0.830060 0.029359
3 3 0.012791 0.017229 0.125312 0.810021 0.034648
3 3 0.014420 0.020026 0.165910 0.764393 0.035251
3 3 0.009812 0.012709 0.096595 0.851880 0.029004
3 3 0.008324 0.012722 0.095494 0.855117 0.028343
3 3 0.009096 0.016600 0.145726 0.797311 0.031267
3 3 0.007340 0.017179 0.138816 0.806372 0.030292
3 3 0.009784 0.016494 0.121460 0.821347 0.030915
3 3 0.007808 0.013667 0.097716 0.852622 0.028187
3 3 0.007113 0.012276 0.091164 0.863871 0.025576
3 3 0.008086 0.007784 0.074963 0.886200 0.022967
3 3 0.009221 0.012110 0.092945 0.858640 0.027084
3 3 0.009773 0.014740 0.114266 0.834861 0.026359
3 3 0.009868 0.013318 0.097712 0.850751 0.028351
3 3 0.007655 0.013551 0.103924 0.847333 0.027536
3 3 0.077555 0.071450 0.330129 0.457984 0.062883
2 3 0.009864 0.034558 0.588603 0.337160 0.029815
2 3 0.004750 0.027103 0.858174 0.092866 0.017106
2 3 0.006605 0.031028 0.849804 0.091017 0.021545
2 2 0.005664 0.024086 0.893687 0.057837 0.018726
2 2 0.004657 0.023088 0.889198 0.066395 0.016662
2 2 0.005322 0.022612 0.900053 0.054066 0.017947
2 2 0.009363 0.024812 0.906824 0.034028 0.024973
2 2 0.007475 0.020819 0.920150 0.030033 0.021523
2 2 0.006580 0.021491 0.914303 0.037509 0.020117
2 2 0.004963 0.016494 0.932920 0.029035 0.016587
2 2 0.011840 0.029777 0.890534 0.038713 0.029135
0 0 0.566530 0.115406 0.091834 0.073909 0.152321
0 0 0.433743 0.163822 0.124229 0.072848 0.205358
2 2 0.098996 0.150993 0.519000 0.078913 0.152098
2 2 0.101231 0.139604 0.525521 0.072374 0.161270
2 2 0.206286 0.231879 0.283005 0.110143 0.168686
2 2 0.224720 0.190456 0.299108 0.092345 0.193370
2 2 0.265442 0.165561 0.285015 0.090071 0.193911
2 2 0.099449 0.145194 0.541024 0.108408 0.105925
2 2 0.032132 0.063993 0.783093 0.065579 0.055204
0 0 0.648458 0.088227 0.070838 0.069578 0.122899
0 0 0.651880 0.088496 0.062427 0.058702 0.138494
0 0 0.570041 0.112834 0.096092 0.080279 0.140753
0 0 0.590575 0.102362 0.098678 0.091774 0.116611
0 0 0.325130 0.204330 0.174248 0.083082 0.213210
2 2 0.192790 0.225738 0.298662 0.098916 0.183893
2 2 0.170597 0.206913 0.332072 0.081743 0.208675
0 2 0.262516 0.229488 0.205060 0.084640 0.218295
2 2 0.157097 0.197381 0.388076 0.113964 0.143482
2 2 0.162856 0.204336 0.365553 0.102000 0.165254
2 2 0.036860 0.070947 0.761888 0.070220 0.060086
2 2 0.010596 0.027318 0.898567 0.036428 0.027090
2 2 0.008286 0.022560 0.914310 0.031803 0.023040
2 2 0.016670 0.038790 0.861555 0.046590 0.036395
2 2 0.015557 0.036778 0.867969 0.044893 0.034804
2 2 0.005252 0.015796 0.937282 0.024647 0.017023
2 2 0.006085 0.017727 0.930639 0.026772 0.018776
2 2 0.008287 0.022562 0.914305 0.031805 0.023042
2 2 0.016289 0.038106 0.863733 0.046016 0.035856
2 2 0.010605 0.027337 0.898506 0.036446 0.027106
2 2 0.019464 0.043698 0.846025 0.050600 0.040214
2 2 0.006717 0.019150 0.925791 0.028293 0.020049
2 2 0.020650 0.045724 0.839653 0.052206 0.041767
2 2 0.008340 0.022675 0.913928 0.031918 0.023139
2 2 0.049144 0.088032 0.710221 0.075558 0.077045
0 0 0.865702 0.023549 0.022882 0.052473 0.035395
0 0 0.824512 0.034761 0.031616 0.057280 0.051831
0 0 0.882520 0.019110 0.019371 0.050359 0.028639
0 0 0.798121 0.042687 0.036606 0.057894 0.064692
0 0 0.723921 0.063318 0.055789 0.070128 0.086844
2 1 0.180926 0.206663 0.303688 0.072179 0.236544
0 2 0.283497 0.225196 0.151416 0.059358 0.280533
4 2 0.244632 0.196157 0.199961 0.053012 0.306238
2 2 0.131750 0.174979 0.453388 0.118475 0.121407
2 2 0.110923 0.158762 0.502152 0.100776 0.127387
2 2 0.156846 0.205544 0.333842 0.070079 0.233690
2 2 0.031253 0.062667 0.787153 0.064668 0.054259
2 2 0.022038 0.048057 0.832347 0.054021 0.043537
2 2 0.013282 0.032550 0.881548 0.041215 0.031406
2 2 0.008282 0.022552 0.914337 0.031795 0.023033
2 2 0.007118 0.020037 0.922786 0.029224 0.020835
2 2 0.004890 0.014936 0.940269 0.023675 0.016230
2 2 0.091654 0.111517 0.599534 0.087990 0.109305
0 1 0.523640 0.130852 0.100212 0.072070 0.173226
2 1 0.123349 0.167651 0.474961 0.116366 0.117674
2 2 0.073010 0.117293 0.623543 0.094854 0.091300
2 2 0.012788 0.031608 0.884593 0.040373 0.030638
2 2 0.008466 0.022942 0.913037 0.032185 0.023370
2 2 0.005123 0.015491 0.938341 0.024304 0.016742
2 2 0.006866 0.019481 0.924667 0.028643 0.020344
2 2 0.006278 0.018164 0.929145 0.027244 0.019169
2 2 0.006102 0.017764 0.930513 0.026812 0.018810
2 2 0.046807 0.084751 0.720181 0.078813 0.069448
2 2 0.005583 0.016570 0.934609 0.025508 0.017730
2 2 0.006148 0.017870 0.930150 0.026927 0.018905
2 2 0.006699 0.019110 0.925926 0.028251 0.020014
2 2 0.006458 0.018571 0.927760 0.027679 0.019533
2 2 0.003539 0.011587 0.952083 0.019717 0.013073
2 2 0.004052 0.012888 0.947456 0.021290 0.014314
2 2 0.007580 0.021045 0.919388 0.030266 0.021721
0 1 0.534888 0.125611 0.103659 0.078839 0.157003
2 1 0.143928 0.188362 0.414531 0.105680 0.147500
2 2 0.011160 0.028442 0.894889 0.037480 0.028028
2 2 0.018153 0.041419 0.853217 0.048760 0.038451
2 2 0.004291 0.013482 0.945359 0.021993 0.014875
2 2 0.005414 0.016177 0.935965 0.025072 0.017371
2 2 0.005473 0.016314 0.935493 0.025224 0.017496
2 2 0.004583 0.014195 0.942855 0.022825 0.015543
2 2 0.003611 0.011772 0.951422 0.019944 0.013251
2 2 0.004541 0.014094 0.943210 0.022707 0.015448
2 2 0.004701 0.014538 0.941586 0.023355 0.015818
2 2 0.005544 0.016481 0.934917 0.025409 0.017648
2 2 0.005175 0.015614 0.937914 0.024442 0.016855
2 2 0.008561 0.023141 0.912373 0.032383 0.023542
0 2 0.378707 0.179926 0.165440 0.092744 0.183183
2 2 0.039299 0.074429 0.751322 0.072462 0.062488
2 2 0.022366 0.048603 0.830640 0.054441 0.043949
0 1 0.408154 0.158835 0.174793 0.111643 0.146576
2 2 0.038113 0.072744 0.756430 0.071384 0.061329
2 2 0.006816 0.019371 0.925040 0.028527 0.020246
2 2 0.008421 0.022846 0.913355 0.032090 0.023287
2 2 0.021247 0.046732 0.836492 0.052995 0.042534
0 2 0.345161 0.144720 0.231141 0.086356 0.192623
0 0 0.695271 0.063200 0.074025 0.100747 0.066758
0 0 0.793101 0.039833 0.026912 0.041385 0.098769
0 0 0.724779 0.063093 0.055511 0.069905 0.086711
0 0 0.751298 0.057843 0.042128 0.052761 0.095969
0 0 0.704698 0.070112 0.058404 0.067639 0.099147
0 0 0.843855 0.031545 0.024732 0.045132 0.054737
0 0 0.545538 0.122738 0.096963 0.074174 0.160587
4 1 0.212769 0.238927 0.170713 0.048001 0.329590
2 2 0.101778 0.157256 0.472590 0.059221 0.209154
2 2 0.075785 0.120185 0.614716 0.097632 0.091682
2 2 0.021467 0.047102 0.835335 0.053282 0.042814
2 2 0.006942 0.019649 0.924100 0.028818 0.020492
2 2 0.008052 0.022062 0.915975 0.031302 0.022608
2 2 0.006195 0.017977 0.929784 0.027042 0.019001
2 2 0.012141 0.030362 0.888631 0.039248 0.029618
2 2 0.005314 0.015942 0.936779 0.024810 0.017156
2 2 0.006767 0.019298 0.925249 0.028533 0.020153
2 2 0.006319 0.018257 0.928829 0.027343 0.019252
2 2 0.005248 0.015786 0.937319 0.024635 0.017013
2 2 0.005679 0.016793 0.933843 0.025754 0.017932
2 2 0.005245 0.015780 0.937337 0.024629 0.017008
2 2 0.006659 0.020458 0.919625 0.033134 0.020125
2 2 0.004899 0.014958 0.940192 0.023700 0.016251
2 2 0.027712 0.057218 0.803908 0.060833 0.050329
2 2 0.007365 0.020579 0.920957 0.029786 0.021312
2 2 0.004307 0.013521 0.945222 0.022039 0.014911
2 2 0.010406 0.026937 0.899817 0.036068 0.026771
2 2 0.004670 0.014407 0.942116 0.023069 0.015739
2 2 0.006210 0.018010 0.929670 0.027078 0.019031
2 2 0.004924 0.015019 0.939981 0.023769 0.016307
2 2 0.003354 0.011110 0.953795 0.019127 0.012613
2 2 0.006206 0.018000 0.929704 0.027068 0.019022
2 2 0.198385 0.186252 0.351706 0.118576 0.145080
2 2 0.014921 0.036594 0.869630 0.037365 0.041489
2 2 0.004864 0.014875 0.940483 0.023605 0.016174
2 2 0.005117 0.015477 0.938388 0.024288 0.016730
2 2 0.004491 0.013971 0.943639 0.022565 0.015334
2 2 0.004132 0.013343 0.945503 0.022479 0.014542
2 2 0.003630 0.011822 0.951243 0.020005 0.013299
2 2 0.004202 0.013260 0.946140 0.021732 0.014666
2 2 0.004251 0.013384 0.945705 0.021877 0.014782
2 2 0.004587 0.015437 0.936756 0.027489 0.015731
2 2 0.004346 0.013616 0.944888 0.022150 0.015001
2 2 0.005863 0.017219 0.932380 0.026220 0.018318
2 2 0.008824 0.023694 0.910534 0.032931 0.024017
2 2 0.004254 0.013881 0.943288 0.023714 0.014863
2 2 0.006194 0.017973 0.929796 0.027039 0.018998
2 2 0.006244 0.018087 0.929408 0.027161 0.019100
2 2 0.004998 0.015195 0.939368 0.023969 0.016470
2 2 0.007592 0.021071 0.919300 0.030293 0.021744
2 2 0.009319 0.025434 0.905786 0.028738 0.030723
2 2 0.014749 0.037306 0.865670 0.031244 0.051032
2 4 0.031810 0.068488 0.760353 0.040064 0.099285
4 4 0.075222 0.122586 0.346379 0.024404 0.431409
2 4 0.129185 0.185073 0.371830 0.056130 0.257782
4 4 0.074105 0.109228 0.250412 0.019693 0.546561
2 4 0.010602 0.028403 0.895870 0.029016 0.036110
2 4 0.065212 0.112653 0.479368 0.032954 0.309812
2 4 0.087046 0.146751 0.432354 0.035609 0.298240
2 4 0.098675 0.158215 0.418837 0.041863 0.282411
4 4 0.079771 0.129030 0.350689 0.026239 0.414272
4 4 0.075717 0.100402 0.187148 0.017804 0.618928
2 4 0.061192 0.116043 0.519465 0.029500 0.273801
4 4 0.085593 0.104825 0.158288 0.018766 0.632528
4 4 0.110292 0.094817 0.112849 0.033872 0.648169
4 4 0.097344 0.137695 0.327030 0.037046 0.400885
4 4 0.106246 0.124071 0.162391 0.024439 0.582853
4 4 0.182223 0.222774 0.211959 0.045823 0.337220
4 4 0.135243 0.186796 0.205970 0.025889 0.446102
4 4 0.084343 0.127396 0.323680 0.028422 0.436159
4 4 0.058304 0.080578 0.266998 0.022057 0.572063
2 4 0.064067 0.120481 0.504766 0.029357 0.281329
4 4 0.169366 0.206816 0.143738 0.025755 0.454325
4 4 0.107914 0.073879 0.052058 0.024106 0.742042
4 4 0.095709 0.083698 0.056433 0.013714 0.750446
4 4 0.167999 0.211551 0.192808 0.034832 0.392810
4 4 0.056984 0.062018 0.096271 0.011490 0.773237
4 4 0.112677 0.151810 0.198437 0.023111 0.513965
0 4 0.529352 0.128636 0.076765 0.051349 0.213898
4 4 0.046633 0.064369 0.288252 0.021919 0.578826
4 4 0.111427 0.170802 0.328954 0.034100 0.354716
4 4 0.084557 0.098077 0.124688 0.016032 0.676646
4 4 0.123143 0.141224 0.095252 0.014796 0.625585
2 4 0.108899 0.168563 0.355978 0.037139 0.329421
4 4 0.138324 0.191847 0.242977 0.032629 0.394223
4 4 0.058342 0.098761 0.380326 0.022078 0.440494
2 2 0.053554 0.087636 0.427098 0.027316 0.404396
4 2 0.081768 0.139163 0.354142 0.023988 0.400939
4 2 0.229444 0.243625 0.131040 0.041310 0.354581
2 2 0.081622 0.141375 0.419191 0.030144 0.327669
2 2 0.128080 0.184663 0.360096 0.051638 0.275524
2 4 0.061911 0.112029 0.457259 0.026191 0.342610
4 4 0.090762 0.135606 0.227098 0.018848 0.527685
2 4 0.045865 0.095582 0.599001 0.026253 0.233300
4 4 0.153483 0.204735 0.283592 0.049235 0.308955
4 4 0.117685 0.176252 0.312077 0.034637 0.359350
2 4 0.096425 0.155829 0.429666 0.042281 0.275799
4 4 0.128422 0.129215 0.066373 0.013714 0.662275
2 4 0.056537 0.107545 0.610927 0.040410 0.184581
2 2 0.135305 0.190869 0.332501 0.049790 0.291535
2 2 0.027263 0.063511 0.754253 0.027563 0.127410
2 2 0.047036 0.093965 0.530409 0.022828 0.305761
2 2 0.020093 0.047398 0.832916 0.036324 0.063269
2 2 0.071611 0.120916 0.608330 0.069142 0.130000
2 2 0.028182 0.057952 0.801644 0.061358 0.050863
2 2 0.011348 0.028812 0.893678 0.037825 0.028337
2 2 0.062654 0.115942 0.578952 0.040783 0.201670
2 2 0.006908 0.019574 0.924351 0.028740 0.020426
2 2 0.006848 0.019642 0.924662 0.026933 0.021915
2 2 0.004655 0.014370 0.942245 0.023026 0.015705
2 2 0.004834 0.014803 0.940732 0.023523 0.016107
2 2 0.017523 0.040309 0.856730 0.047850 0.037587
2 2 0.026513 0.058479 0.797977 0.042144 0.074886
2 2 0.005969 0.017462 0.931547 0.026485 0.018537
2 2 0.005594 0.016595 0.934523 0.025536 0.017752
2 2 0.007165 0.020141 0.922435 0.029332 0.020927
2 2 0.009845 0.025802 0.903555 0.034985 0.025814
2 2 0.009996 0.026108 0.902546 0.035278 0.026072
2 2 0.005379 0.016967 0.932128 0.028105 0.017420
2 2 0.010134 0.026819 0.901053 0.032338 0.029655
2 2 0.008046 0.022050 0.916018 0.031289 0.022597
2 2 0.018969 0.042841 0.848724 0.049913 0.039554
2 2 0.004790 0.014696 0.941105 0.023401 0.016008
2 2 0.004536 0.014081 0.943254 0.022692 0.015436
2 2 0.004731 0.014555 0.941598 0.023239 0.015877
2 2 0.005475 0.016366 0.935262 0.025389 0.017508
2 2 0.007064 0.019918 0.923187 0.029100 0.020731
2 2 0.005790 0.017050 0.932958 0.026036 0.018166
2 2 0.006126 0.018846 0.925575 0.030453 0.019000
2 2 0.005123 0.018755 0.921698 0.037254 0.017171
2 2 0.005355 0.020267 0.914573 0.042026 0.017778
2 2 0.006491 0.022906 0.906521 0.043963 0.020119
2 2 0.010093 0.034226 0.843719 0.082148 0.029814
2 2 0.005640 0.020444 0.915302 0.040286 0.018328
2 2 0.007255 0.031773 0.777181 0.155363 0.028429
2 3 0.013186 0.049650 0.797637 0.107017 0.032510
2 3 0.005595 0.027685 0.846561 0.099652 0.020507
2 3 0.013444 0.047643 0.779770 0.123066 0.036078
2 3 0.006542 0.030566 0.859000 0.083058 0.020833
2 3 0.007195 0.033300 0.825959 0.109627 0.023920
2 3 0.006269 0.032520 0.836620 0.103905 0.020686
2 3 0.008718 0.033092 0.631938 0.296300 0.029952
2 3 0.009696 0.033074 0.561925 0.362824 0.032482
2 3 0.008604 0.034381 0.544268 0.382383 0.030364
2 3 0.007305 0.035274 0.758159 0.171917 0.027345
2 3 0.011166 0.042960 0.666165 0.241818 0.037891
3 3 0.011232 0.031132 0.341878 0.576056 0.039702
3 3 0.014868 0.033601 0.455546 0.459451 0.036534
3 3 0.013452 0.025444 0.320693 0.607220 0.033191
2 3 0.021741 0.073013 0.711475 0.148558 0.045213
3 3 0.009808 0.025174 0.385762 0.549252 0.030004
3 3 0.012846 0.028645 0.212207 0.708668 0.037633
3 3 0.010819 0.018671 0.133921 0.806144 0.030446
3 3 0.012407 0.018616 0.152197 0.787835 0.028945
3 3 0.015347 0.033823 0.366934 0.541050 0.042845
3 3 0.010233 0.027151 0.447931 0.484229 0.030456
3 3 0.046138 0.058976 0.356050 0.484879 0.053958
3 3 0.011264 0.029857 0.327111 0.594315 0.037452
2 3 0.007257 0.031723 0.859044 0.079777 0.022200
2 3 0.005258 0.018266 0.925062 0.034048 0.017366
2 3 0.008553 0.035664 0.763073 0.165128 0.027583
2 3 0.005237 0.023828 0.891080 0.061971 0.017884
2 3 0.005758 0.025067 0.888176 0.062014 0.018985
2 3 0.007250 0.032909 0.850862 0.086722 0.022256
2 3 0.009213 0.033899 0.585776 0.334500 0.036612
2 3 0.010552 0.037041 0.633385 0.283198 0.035824
2 3 0.006929 0.030878 0.772796 0.163657 0.025740
3 3 0.010738 0.022774 0.177102 0.753883 0.035503
2 3 0.007413 0.038176 0.708006 0.218938 0.027468
2 3 0.014245 0.041778 0.470466 0.430551 0.042960
3 3 0.014874 0.028564 0.217418 0.695422 0.043722
3 3 0.010319 0.025518 0.244647 0.686361 0.033155
3 3 0.011567 0.022907 0.166595 0.763102 0.035829
3 3 0.013153 0.030758 0.217954 0.697795 0.040340
3 3 0.012879 0.026744 0.284775 0.640534 0.035068
3 3 0.010153 0.019328 0.129186 0.809855 0.031478
3 3 0.011525 0.025226 0.220030 0.710676 0.032543
3 3 0.015303 0.024714 0.144559 0.775217 0.040207
2 3 0.007862 0.030687 0.515743 0.417060 0.028648
3 3 0.013360 0.027603 0.244164 0.674455 0.040418
3 3 0.012011 0.022128 0.175001 0.759234 0.031625
3 3 0.010372 0.025673 0.227639 0.703588 0.032728
3 3 0.012945 0.029152 0.280676 0.641526 0.035701
3 3 0.009774 0.021821 0.169115 0.767707 0.031583
3 3 0.009936 0.023967 0.313652 0.617438 0.035006
3 3 0.013505 0.019291 0.141877 0.793115 0.032211
3 3 0.011245 0.028124 0.230579 0.689907 0.040145
3 3 0.008940 0.025812 0.309693 0.624537 0.031017
3 3 0.010867 0.031866 0.323265 0.595418 0.038585
3 3 0.010185 0.019820 0.142854 0.793884 0.033257
3 3 0.009641 0.021251 0.172605 0.764500 0.032003
3 3 0.013128 0.019832 0.121327 0.810174 0.035538
3 3 0.011248 0.019100 0.127508 0.810697 0.031446
3 3 0.013291 0.019714 0.124036 0.804028 0.038930
3 3 0.008032 0.017173 0.128799 0.817196 0.028800
3 3 0.006637 0.008600 0.075195 0.888808 0.020761
3 3 0.011219 0.023981 0.251547 0.679645 0.033608
3 3 0.016139 0.023843 0.141598 0.777493 0.040927
3 3 0.010709 0.021078 0.152849 0.782927 0.032437
3 3 0.009747 0.022465 0.173515 0.763862 0.030412
3 3 0.012704 0.029509 0.225661 0.696403 0.035724
3 3 0.010091 0.013452 0.097530 0.851239 0.027688
3 2 0.147692 0.139468 0.290019 0.328830 0.093991
3 2 0.012031 0.024449 0.193105 0.739126 0.031289
2 2 0.019020 0.046867 0.517900 0.354884 0.061329
2 2 0.008131 0.034962 0.846346 0.086650 0.023911
2 2 0.007729 0.023802 0.907228 0.038935 0.022306
2 2 0.006360 0.027348 0.879058 0.066952 0.020283
2 2 0.025700 0.054034 0.813748 0.058520 0.047997
2 2 0.005943 0.017401 0.931755 0.026419 0.018483
2 2 0.004775 0.016500 0.932079 0.030412 0.016234
2 2 0.010008 0.026831 0.901192 0.030242 0.031727
2 2 0.003787 0.012221 0.949822 0.020490 0.013680
2 2 0.006243 0.018085 0.929416 0.027158 0.019098
2 2 0.004753 0.016137 0.933865 0.029103 0.016143
2 2 0.007049 0.021793 0.914546 0.035663 0.020949
2 2 0.007278 0.020388 0.921601 0.029589 0.021145
2 2 0.007020 0.019821 0.923515 0.028999 0.020645
2 2 0.005002 0.022685 0.896359 0.058625 0.017328
2 2 0.005136 0.020541 0.911429 0.045504 0.017391
2 2 0.005232 0.020485 0.912471 0.044242 0.017569
2 2 0.008682 0.028390 0.888313 0.050290 0.024324
2 2 0.038792 0.076174 0.745391 0.077515 0.062128
2 2 0.005515 0.016413 0.935152 0.025334 0.017586
2 2 0.004947 0.015072 0.939796 0.023830 0.016356
2 2 0.004637 0.014328 0.942390 0.022978 0.015666
2 2 0.006610 0.023273 0.905171 0.044579 0.020367
2 2 0.009107 0.025321 0.904123 0.036798 0.024651
2 2 0.004843 0.014823 0.940662 0.023546 0.016126
2 2 0.003632 0.011827 0.951226 0.020011 0.013304
2 2 0.004264 0.013414 0.945598 0.021913 0.014811
2 2 0.004254 0.013389 0.945687 0.021883 0.014787
2 2 0.005010 0.015223 0.939269 0.024002 0.016496
2 2 0.004904 0.014971 0.940148 0.023715 0.016263
2 2 0.005469 0.026503 0.874812 0.074682 0.018534
2 2 0.004891 0.019980 0.912938 0.045332 0.016859
2 2 0.003669 0.012829 0.946262 0.023708 0.013532
2 2 0.004612 0.014266 0.942606 0.022907 0.015609
2 2 0.003956 0.016337 0.927927 0.037198 0.014581
2 2 0.004726 0.016799 0.930246 0.032051 0.016178
2 2 0.005626 0.016671 0.934263 0.025619 0.017821
2 2 0.004650 0.016466 0.931651 0.031245 0.015989
2 2 0.004915 0.015727 0.936563 0.026403 0.016393
2 2 0.004713 0.015318 0.937846 0.026167 0.015955
2 2 0.005576 0.017121 0.932029 0.027478 0.017796
2 2 0.006880 0.023675 0.904396 0.044174 0.020875
2 2 0.004347 0.014594 0.940062 0.025851 0.015147
2 2 0.005939 0.017391 0.931788 0.026408 0.018474
2 2 0.004233 0.013339 0.945863 0.021824 0.014740
2 2 0.007088 0.019622 0.921529 0.030349 0.021412
2 2 0.006183 0.017948 0.929881 0.027012 0.018976
2 2 0.005445 0.022486 0.897013 0.056299 0.018757
2 2 0.005894 0.017289 0.932140 0.026296 0.018381
2 2 0.005751 0.020133 0.917584 0.038038 0.018495
2 2 0.004287 0.015700 0.933902 0.030932 0.015179
2 2 0.004301 0.014081 0.942465 0.024169 0.014984
2 2 0.006329 0.026518 0.884134 0.062859 0.020161
2 2 0.007375 0.034449 0.841471 0.094143 0.022561
2 2 0.009918 0.025949 0.903069 0.035126 0.025938
2 2 0.006110 0.020866 0.915451 0.038351 0.019222
2 2 0.006029 0.021462 0.911869 0.041496 0.019144
2 2 0.006443 0.018536 0.927877 0.027642 0.019502
2 2 0.006928 0.022206 0.912106 0.037965 0.020794
2 2 0.005992 0.025053 0.890460 0.059074 0.019422
2 2 0.010121 0.032719 0.872631 0.057578 0.026952
2 2 0.004460 0.017116 0.926932 0.035795 0.015696
2 2 0.006310 0.029540 0.863501 0.080309 0.020340
2 2 0.008048 0.035157 0.844196 0.088820 0.023779
2 2 0.004528 0.020735 0.904555 0.053978 0.016205
2 2 0.005622 0.025594 0.830014 0.115598 0.023172
2 2 0.006841 0.027710 0.881048 0.063223 0.021179
2 2 0.005532 0.028230 0.816795 0.127548 0.021895
2 2 0.006122 0.027156 0.855961 0.088877 0.021884
2 2 0.004599 0.019877 0.911042 0.048214 0.016269
2 2 0.058465 0.099758 0.675292 0.087318 0.079166
2 2 0.004219 0.016718 0.927618 0.036280 0.015165
2 2 0.006347 0.022782 0.906413 0.044604 0.019854
2 2 0.003797 0.014012 0.940516 0.027712 0.013963
2 2 0.004216 0.014380 0.940612 0.025932 0.014861
2 2 0.007513 0.020901 0.919872 0.030118 0.021595
2 2 0.007210 0.020239 0.922104 0.029434 0.021013
2 2 0.013001 0.032527 0.882518 0.037116 0.034839
2 2 0.036411 0.078242 0.696897 0.031362 0.157088
2 2 0.008907 0.023867 0.909960 0.033102 0.024165
2 2 0.013233 0.034310 0.875421 0.029472 0.047564
2 2 0.028656 0.062870 0.780739 0.039995 0.087740
4 4 0.068071 0.075620 0.216140 0.030971 0.609198
2 4 0.043577 0.066524 0.433153 0.029623 0.427123
2 4 0.025867 0.059448 0.783856 0.032768 0.098060
2 1 0.008880 0.023811 0.910143 0.033047 0.024118
2 1 0.068526 0.120451 0.593601 0.054114 0.163308
2 2 0.048766 0.099695 0.586287 0.027286 0.237966
2 4 0.042509 0.084442 0.569792 0.025092 0.278165
2 4 0.056112 0.095819 0.459931 0.028610 0.359528
2 4 0.032334 0.071181 0.737534 0.033196 0.125755
2 4 0.019224 0.047272 0.825840 0.028949 0.078714
2 2 0.011869 0.031117 0.886855 0.030181 0.039979
2 2 0.007017 0.019972 0.923442 0.027696 0.021873
2 2 0.003992 0.012737 0.947990 0.021110 0.014171
2 2 0.010384 0.028029 0.896995 0.028206 0.036386
2 2 0.005043 0.015302 0.938996 0.024090 0.016568
2 2 0.004835 0.015102 0.939317 0.024592 0.016153
2 2 0.004762 0.014628 0.941342 0.023323 0.015945
2 2 0.004715 0.014517 0.941731 0.023195 0.015842
2 2 0.004580 0.014189 0.942877 0.022817 0.015537
2 2 0.004570 0.014163 0.942967 0.022787 0.015513
2 2 0.003831 0.012332 0.949428 0.020624 0.013786
2 2 0.003562 0.012235 0.948892 0.022088 0.013223
2 2 0.004265 0.013418 0.945584 0.021918 0.014815
2 2 0.003946 0.012622 0.948399 0.020972 0.014062
2 1 0.173763 0.184249 0.368293 0.090452 0.183243
2 2 0.080282 0.125176 0.599980 0.099943 0.094620
2 2 0.013732 0.033400 0.878805 0.041967 0.032095
2 2 0.004088 0.012978 0.947139 0.021397 0.014399
2 2 0.004202 0.013261 0.946137 0.021733 0.014667
2 2 0.004172 0.013186 0.946403 0.021644 0.014596
2 2 0.004242 0.013360 0.945789 0.021849 0.014760
2 2 0.003519 0.011536 0.952268 0.019654 0.013024
2 2 0.007721 0.021350 0.918363 0.030578 0.021988
2 2 0.003742 0.012107 0.950229 0.020351 0.013571
2 2 0.003353 0.011107 0.953806 0.019123 0.012610
2 2 0.003732 0.012082 0.950315 0.020322 0.013548
2 2 0.004758 0.014619 0.941374 0.023313 0.015937
2 2 0.005276 0.015853 0.937086 0.024711 0.017075
2 2 0.006030 0.017599 0.931075 0.026634 0.018662
2 2 0.004644 0.014344 0.942336 0.022996 0.015681
2 2 0.003957 0.012651 0.948296 0.021007 0.014090
2 2 0.004323 0.013559 0.945088 0.022083 0.014947
2 2 0.004158 0.013151 0.946524 0.021603 0.014563
2 2 0.004812 0.014750 0.940916 0.023463 0.016058
2 2 0.004235 0.013343 0.945850 0.021829 0.014744
2 2 0.003970 0.012683 0.948181 0.021046 0.014120
2 2 0.004890 0.014936 0.940268 0.023675 0.016231
2 2 0.005065 0.015353 0.938820 0.024148 0.016615
2 2 0.004270 0.013430 0.945543 0.021931 0.014826
2 2 0.004973 0.018886 0.920049 0.039191 0.016901
2 2 0.004346 0.013616 0.944889 0.022150 0.015000
2 2 0.006015 0.017566 0.931188 0.026598 0.018632
2 2 0.004223 0.013312 0.945957 0.021793 0.014715
2 2 0.005055 0.015330 0.938897 0.024123 0.016595
2 2 0.006765 0.019257 0.925426 0.028407 0.020145
2 2 0.004808 0.015699 0.936309 0.026997 0.016187
2 2 0.004990 0.015176 0.939435 0.023948 0.016452
2 2 0.006650 0.019000 0.926301 0.028135 0.019916
2 2 0.005657 0.017290 0.931473 0.027617 0.017963
2 2 0.004544 0.014101 0.943187 0.022715 0.015454
2 2 0.004963 0.017435 0.928033 0.032859 0.016710
2 2 0.006229 0.018879 0.925736 0.029973 0.019183
2 2 0.005028 0.017307 0.929021 0.031828 0.016816
2 2 0.004351 0.015820 0.933591 0.030917 0.015321
2 2 0.005087 0.015406 0.938634 0.024208 0.016664
2 2 0.004916 0.016788 0.931217 0.030541 0.016538
2 2 0.006087 0.019797 0.920811 0.034249 0.019055
2 2 0.006212 0.025678 0.884455 0.063319 0.020336
2 2 0.009295 0.024673 0.907284 0.033893 0.024855
2 2 0.004460 0.016438 0.930779 0.032710 0.015614
2 2 0.005486 0.020740 0.912527 0.043149 0.018098
2 3 0.005884 0.029485 0.858183 0.086924 0.019525
2 3 0.005709 0.027641 0.869609 0.077964 0.019077
2 3 0.005330 0.020439 0.913415 0.043068 0.017749
2 3 0.005146 0.024607 0.869210 0.081928 0.019108
2 3 0.005825 0.024913 0.876130 0.072590 0.020542
2 3 0.004332 0.018309 0.918718 0.043069 0.015572
2 3 0.004403 0.019412 0.912200 0.048157 0.015827
2 3 0.007706 0.027662 0.811996 0.121773 0.030863
2 3 0.012555 0.038556 0.848249 0.068831 0.031809
2 3 0.005209 0.022881 0.897203 0.056957 0.017751
2 3 0.006842 0.033444 0.773573 0.160159 0.025983
2 3 0.005713 0.028835 0.829402 0.114646 0.021405
2 3 0.009589 0.040060 0.801468 0.120026 0.028858
2 3 0.007790 0.030657 0.621623 0.310042 0.029887
2 3 0.010765 0.033895 0.562623 0.356607 0.036111
2 3 0.009569 0.037045 0.550978 0.367162 0.035247
3 2 0.070036 0.070491 0.355566 0.435463 0.068444
2 2 0.048569 0.069150 0.659652 0.180300 0.042329
2 2 0.081188 0.126166 0.597058 0.100392 0.095197
2 2 0.006823 0.019385 0.924993 0.028541 0.020258
2 2 0.005965 0.017453 0.931577 0.026475 0.018529
2 2 0.004023 0.012816 0.947711 0.021204 0.014246
2 2 0.004469 0.015877 0.933898 0.030197 0.015560
2 2 0.005035 0.015281 0.939067 0.024067 0.016549
2 2 0.003279 0.010913 0.954506 0.018881 0.012421
2 2 0.004654 0.014368 0.942252 0.023024 0.015703
2 2 0.006325 0.018271 0.928780 0.027359 0.019265
2 2 0.003644 0.011857 0.951120 0.020047 0.013332
2 2 0.004511 0.014022 0.943463 0.022623 0.015381
2 2 0.013893 0.034916 0.861304 0.028332 0.061555
2 2 0.006124 0.019547 0.922190 0.033051 0.019088
2 2 0.005757 0.016973 0.933222 0.025952 0.018096
2 2 0.006069 0.017689 0.930769 0.026731 0.018742
2 1 0.157050 0.194858 0.393837 0.123882 0.130373
2 2 0.008750 0.023538 0.911051 0.032777 0.023883
2 2 0.008375 0.023386 0.910928 0.034025 0.023286
2 2 0.006623 0.018940 0.926504 0.028071 0.019862
2 2 0.004884 0.014922 0.940318 0.023659 0.016217
2 2 0.004401 0.013751 0.944414 0.022307 0.015127
2 2 0.004127 0.013075 0.946796 0.021512 0.014491
2 2 0.005194 0.015659 0.937759 0.024493 0.016896
2 2 0.004751 0.014602 0.941434 0.023293 0.015921
2 2 0.003754 0.012138 0.950118 0.020389 0.013601
2 2 0.004854 0.014849 0.940571 0.023576 0.016150
2 2 0.005726 0.021508 0.909843 0.044322 0.018600
0 0 0.571203 0.096022 0.121038 0.125326 0.086411
2 1 0.200836 0.224953 0.303793 0.128182 0.142237
2 2 0.006313 0.022805 0.906098 0.044989 0.019795
2 2 0.163268 0.201192 0.376521 0.118577 0.140442
2 2 0.016961 0.039311 0.859899 0.047024 0.036805
2 2 0.009159 0.024391 0.908218 0.033617 0.024614
2 2 0.006919 0.023361 0.906228 0.042584 0.020909
2 2 0.005730 0.016912 0.933434 0.025884 0.018040
2 2 0.055410 0.095933 0.686697 0.085228 0.076732
2 2 0.006269 0.018144 0.929212 0.027223 0.019152
2 2 0.004425 0.013811 0.944201 0.022378 0.015184
2 2 0.004793 0.014703 0.941082 0.023408 0.016014
2 2 0.004529 0.014065 0.943311 0.022674 0.015421
2 2 0.004088 0.015148 0.935839 0.030216 0.014709
2 2 0.005007 0.015215 0.939297 0.023993 0.016489
2 2 0.004478 0.013940 0.943750 0.022528 0.015304
2 2 0.009148 0.025017 0.907154 0.028799 0.029882
2 2 0.004315 0.013541 0.945152 0.022062 0.014930
2 2 0.003746 0.012117 0.950191 0.020364 0.013582
2 2 0.056885 0.101921 0.667233 0.065642 0.108319
2 2 0.018183 0.041471 0.853051 0.048802 0.038492
2 2 0.081003 0.081376 0.662591 0.111971 0.063058
2 2 0.215020 0.238014 0.262270 0.103759 0.180936
2 2 0.079878 0.124732 0.601289 0.099741 0.094360
2 2 0.038774 0.073685 0.753576 0.071988 0.061977
2 2 0.007119 0.020039 0.922778 0.029226 0.020837
2 1 0.233734 0.206498 0.247635 0.075544 0.236589
2 2 0.037461 0.072392 0.758241 0.067411 0.064494
2 2 0.006205 0.017998 0.929712 0.027065 0.019020
2 2 0.005712 0.016870 0.933577 0.025839 0.018002
2 2 0.006265 0.018136 0.929242 0.027213 0.019144
2 2 0.006466 0.018588 0.927702 0.027697 0.019548
2 2 0.006893 0.019541 0.924464 0.028705 0.020397
2 2 0.004114 0.013707 0.943624 0.023995 0.014560
2 2 0.005193 0.015658 0.937762 0.024492 0.016896
2 2 0.013747 0.035768 0.869055 0.027879 0.053552
2 2 0.047446 0.095439 0.594629 0.028753 0.233733
2 4 0.042590 0.090886 0.611788 0.024792 0.229945
2 4 0.046242 0.095670 0.601410 0.027122 0.229556
4 4 0.073887 0.122858 0.333789 0.021806 0.447660
2 4 0.067359 0.113472 0.401649 0.026419 0.391102
4 4 0.065506 0.098610 0.326917 0.025072 0.483894
4 4 0.065529 0.103180 0.308907 0.020800 0.501584
4 4 0.068073 0.087024 0.207322 0.020889 0.616691
4 4 0.064228 0.089849 0.271500 0.023004 0.551418
4 4 0.072767 0.045462 0.029687 0.013445 0.838639
4 4 0.081939 0.086546 0.081087 0.012082 0.738346
4 4 0.063109 0.047140 0.031918 0.008833 0.849000
4 4 0.197032 0.217538 0.101381 0.023907 0.460142
4 4 0.082033 0.081585 0.065515 0.011005 0.759862
4 4 0.097651 0.129890 0.176934 0.018949 0.576576
4 4 0.113308 0.086717 0.032575 0.011228 0.756172
4 4 0.051767 0.037607 0.032153 0.008735 0.869738
4 4 0.196140 0.224546 0.138424 0.032158 0.408732
2 1 0.239769 0.178336 0.300715 0.095307 0.185873
4 1 0.106419 0.165964 0.316238 0.029787 0.381592
4 4 0.086827 0.093112 0.075011 0.010981 0.734069
2 4 0.062523 0.117846 0.534184 0.032234 0.253212
4 4 0.102086 0.161756 0.314344 0.027605 0.394209
2 4 0.036387 0.078017 0.711339 0.033916 0.140340
4 4 0.069558 0.110948 0.307904 0.020752 0.490838
2 1 0.118957 0.175924 0.402402 0.055831 0.246886
4 1 0.181760 0.222690 0.216467 0.046892 0.332191
4 4 0.071227 0.116594 0.365330 0.025288 0.421561
2 4 0.068615 0.126538 0.462733 0.027378 0.314736
2 4 0.087018 0.146524 0.441113 0.037053 0.288292
4 4 0.060290 0.051129 0.066979 0.014384 0.807218
4 4 0.080142 0.055325 0.034892 0.013148 0.816493
4 4 0.087550 0.110649 0.214535 0.025610 0.561657
4 4 0.089132 0.149316 0.356019 0.026594 0.378939
2 4 0.084311 0.143370 0.458241 0.037956 0.276122
4 4 0.108977 0.139933 0.133356 0.015612 0.602122
4 4 0.076966 0.071971 0.118957 0.024410 0.707696
4 4 0.186538 0.217259 0.133280 0.028242 0.434680
0 4 0.385443 0.176691 0.090857 0.042414 0.304595
4 4 0.070180 0.102647 0.277450 0.022289 0.527434
2 4 0.066562 0.120441 0.570396 0.043671 0.198930
2 2 0.058975 0.111669 0.480471 0.024878 0.324006
2 2 0.027324 0.063983 0.747980 0.026353 0.134360
2 2 0.069310 0.127544 0.446475 0.026004 0.330668
4 2 0.157776 0.206952 0.240377 0.040838 0.354058
2 2 0.057232 0.105030 0.442464 0.022819 0.372455
2 2 0.059120 0.105906 0.420273 0.022666 0.392034
4 2 0.074676 0.115820 0.307489 0.023062 0.478953
4 2 0.100942 0.150790 0.209148 0.018091 0.521030
4 4 0.083109 0.068320 0.053689 0.014072 0.780810
4 4 0.127710 0.175401 0.189200 0.022571 0.485118
4 4 0.116619 0.168661 0.219069 0.022729 0.472921
4 4 0.107486 0.127545 0.198887 0.030468 0.535614
4 4 0.096535 0.156507 0.327199 0.026699 0.393060
2 4 0.059624 0.106514 0.430070 0.023802 0.379990
4 4 0.064451 0.061249 0.072255 0.012233 0.789813
4 4 0.089835 0.134910 0.273825 0.023695 0.477735
4 4 0.091655 0.112419 0.150605 0.018273 0.627048
4 4 0.091247 0.125827 0.215347 0.021375 0.546205
4 4 0.052857 0.050687 0.081879 0.012586 0.801990
4 4 0.071063 0.114671 0.318168 0.021385 0.474713
2 4 0.055069 0.103411 0.491416 0.025305 0.324798
2 4 0.056023 0.110364 0.528802 0.026273 0.278538
2 4 0.046942 0.081943 0.455947 0.024141 0.391028
2 4 0.043528 0.090089 0.581575 0.024108 0.260700
4 4 0.052169 0.082347 0.389391 0.025473 0.450620
4 1 0.235665 0.227959 0.142071 0.042157 0.352148
