0 0 0.892969 0.061826 0.004085 0.020452 0.020668
0 0 0.830477 0.107918 0.005636 0.039945 0.016024
0 0 0.837807 0.092173 0.008788 0.034020 0.027212
0 0 0.758549 0.138806 0.013440 0.067811 0.021394
0 0 0.834596 0.103389 0.006020 0.038473 0.017521
0 0 0.791993 0.123116 0.011266 0.048411 0.025214
0 0 0.795721 0.123457 0.009184 0.052123 0.019515
0 0 0.921192 0.040634 0.003138 0.014751 0.020284
0 0 0.822643 0.111812 0.006121 0.043446 0.015977
0 0 0.783279 0.104912 0.020947 0.048560 0.042303
0 0 0.667837 0.169228 0.027977 0.109665 0.025293
0 0 0.902881 0.046746 0.005198 0.018251 0.026924
0 0 0.823410 0.110636 0.006718 0.040739 0.018497
0 0 0.921057 0.046997 0.002150 0.013176 0.016619
0 0 0.876330 0.072748 0.004994 0.021642 0.024285
0 0 0.870934 0.087043 0.002999 0.025511 0.013513
0 0 0.836342 0.104010 0.005832 0.035213 0.018602
0 0 0.903537 0.055381 0.003459 0.018726 0.018897
0 0 0.814271 0.115600 0.006937 0.046311 0.016881
0 0 0.753896 0.138368 0.016835 0.062579 0.028322
0 0 0.804202 0.120215 0.007784 0.050521 0.017278
0 0 0.833002 0.106587 0.005522 0.038686 0.016203
0 0 0.839396 0.103476 0.005017 0.036429 0.015682
0 0 0.829795 0.084047 0.013246 0.040174 0.032737
0 0 0.939804 0.028600 0.001974 0.008284 0.021338
0 0 0.939729 0.032525 0.001694 0.009874 0.016179
0 0 0.894391 0.068616 0.002576 0.020610 0.013806
0 0 0.771424 0.130137 0.015204 0.052823 0.030412
0 0 0.894678 0.063238 0.003494 0.021129 0.017463
0 0 0.898214 0.059844 0.003490 0.021530 0.016922
0 0 0.874287 0.067360 0.006585 0.023595 0.028173
0 0 0.795582 0.124302 0.008171 0.055410 0.016535
0 0 0.852712 0.097267 0.003761 0.033160 0.013100
0 0 0.835935 0.092346 0.008873 0.038576 0.024270
0 0 0.867200 0.078380 0.005558 0.026813 0.022049
0 0 0.820644 0.112227 0.006750 0.042545 0.017834
0 0 0.906476 0.058846 0.002405 0.017852 0.014421
0 0 0.851271 0.080998 0.008526 0.030014 0.029192
0 0 0.874043 0.079185 0.003716 0.028707 0.014349
0 0 0.841606 0.103185 0.004185 0.038410 0.012614
0 0 0.830834 0.108080 0.005317 0.040933 0.014837
0 0 0.882610 0.070651 0.004035 0.026165 0.016539
0 0 0.919418 0.046069 0.002526 0.014298 0.017690
0 0 0.897048 0.053782 0.004869 0.018703 0.025598
0 0 0.835218 0.074971 0.014467 0.031375 0.043970
0 0 0.801443 0.098542 0.017205 0.043892 0.038918
0 0 0.856336 0.090498 0.004611 0.032865 0.015689
0 0 0.845015 0.070616 0.013232 0.034812 0.036325
0 0 0.915611 0.050792 0.002358 0.015963 0.015276
0 0 0.913449 0.042528 0.003797 0.013290 0.026937
0 0 0.919136 0.042995 0.003005 0.013852 0.021011
0 0 0.889471 0.051480 0.006685 0.018731 0.033632
0 0 0.880771 0.059223 0.006997 0.021865 0.031144
0 0 0.848120 0.099328 0.004251 0.033935 0.014366
0 0 0.834920 0.106295 0.004825 0.040150 0.013809
0 0 0.886914 0.070111 0.003414 0.024326 0.015236
0 0 0.847718 0.100130 0.003798 0.036160 0.012194
0 0 0.822784 0.111019 0.006712 0.041196 0.018289
0 0 0.853101 0.077638 0.008952 0.028314 0.031995
0 0 0.785326 0.110704 0.018019 0.048385 0.037566
0 0 0.844695 0.098352 0.005209 0.035035 0.016709
0 0 0.871340 0.069855 0.006494 0.030405 0.021906
0 0 0.928789 0.026897 0.003929 0.011272 0.029113
0 0 0.892619 0.051242 0.006091 0.018106 0.031942
0 0 0.818666 0.056357 0.024552 0.028290 0.072135
0 0 0.858697 0.054270 0.013598 0.024923 0.048512
0 0 0.835900 0.059827 0.018559 0.028407 0.057308
0 0 0.830186 0.071043 0.017576 0.035869 0.045326
0 0 0.870468 0.051527 0.010986 0.021770 0.045249
0 0 0.794808 0.084638 0.024763 0.043981 0.051810
0 0 0.806155 0.090553 0.018296 0.047746 0.037251
0 0 0.810730 0.082042 0.020024 0.047138 0.040067
0 0 0.899984 0.049551 0.004926 0.015968 0.029571
0 0 0.827038 0.109533 0.005939 0.041125 0.016365
0 0 0.870769 0.068292 0.007170 0.025760 0.028008
0 0 0.901463 0.060889 0.002765 0.020384 0.014498
0 0 0.849032 0.075925 0.010417 0.028910 0.035716
0 0 0.929760 0.032126 0.002681 0.009171 0.026263
0 0 0.869146 0.079622 0.004771 0.027973 0.018487
0 0 0.896171 0.047139 0.005946 0.015804 0.034940
0 0 0.893761 0.055591 0.005095 0.018736 0.026818
0 0 0.886396 0.045130 0.008539 0.018174 0.041761
0 0 0.882775 0.043154 0.008967 0.015788 0.049317
0 0 0.899150 0.050995 0.005095 0.019684 0.025076
0 0 0.913255 0.048023 0.003138 0.015619 0.019965
0 0 0.920752 0.044361 0.002606 0.014587 0.017693
0 0 0.907616 0.047672 0.004171 0.017720 0.022820
0 0 0.875517 0.071160 0.005493 0.022925 0.024905
0 0 0.908290 0.049013 0.003699 0.015399 0.023598
0 0 0.875109 0.072096 0.005367 0.024507 0.022921
0 0 0.832266 0.107555 0.005044 0.041039 0.014096
0 0 0.750485 0.153449 0.010397 0.067110 0.018559
0 0 0.787761 0.126988 0.009908 0.055726 0.019617
0 0 0.852010 0.097160 0.004102 0.032086 0.014642
0 0 0.898318 0.058787 0.003712 0.020372 0.018811
0 1 0.855489 0.094994 0.004060 0.030050 0.015407
0 1 0.849930 0.099026 0.003648 0.035422 0.011974
0 1 0.830499 0.107671 0.005816 0.039245 0.016770
0 1 0.845356 0.100484 0.004595 0.034259 0.015306
0 0 0.730840 0.113410 0.037753 0.063877 0.054121
0 0 0.852210 0.095101 0.004484 0.032675 0.015529
0 0 0.852580 0.096114 0.004382 0.030740 0.016183
0 1 0.804918 0.120314 0.007133 0.052175 0.015461
0 1 0.819416 0.112997 0.006695 0.043590 0.017302
0 0 0.846500 0.095551 0.005773 0.032585 0.019591
0 0 0.829308 0.109302 0.004829 0.043841 0.012720
0 0 0.803358 0.121280 0.006699 0.054724 0.013939
0 0 0.919189 0.048124 0.002256 0.015769 0.014661
0 0 0.835894 0.105772 0.004806 0.039586 0.013942
0 0 0.796726 0.124259 0.007003 0.058367 0.013646
0 0 0.878581 0.047107 0.009807 0.019137 0.045368
0 0 0.904223 0.040487 0.005513 0.013739 0.036037
0 0 0.912688 0.036806 0.004780 0.012978 0.032749
0 0 0.924902 0.041871 0.002382 0.013450 0.017396
0 0 0.925066 0.036614 0.002989 0.011753 0.023577
0 0 0.940796 0.027919 0.001961 0.008310 0.021014
0 0 0.936289 0.035560 0.001769 0.011348 0.015036
0 0 0.948409 0.028000 0.001235 0.007959 0.014396
0 0 0.909679 0.041395 0.004785 0.015233 0.028909
0 0 0.825185 0.061799 0.021900 0.032400 0.058716
0 0 0.683086 0.078226 0.068618 0.038551 0.131519
0 0 0.581394 0.078134 0.121194 0.043134 0.176145
0 0 0.577354 0.091858 0.126429 0.055682 0.148677
0 0 0.662323 0.084781 0.076996 0.042243 0.133658
0 0 0.715179 0.081662 0.053871 0.038282 0.111006
0 0 0.754340 0.092926 0.033905 0.036091 0.082737
0 0 0.746348 0.138426 0.020460 0.059300 0.035465
0 0 0.822121 0.081744 0.015811 0.030194 0.050131
0 0 0.560267 0.254316 0.040904 0.062485 0.082028
0 0 0.673123 0.183168 0.028859 0.061893 0.052957
0 0 0.729836 0.162217 0.016862 0.054107 0.036978
0 0 0.477102 0.313405 0.050379 0.086508 0.072606
0 0 0.389228 0.376567 0.060332 0.099298 0.074575
0 0 0.574427 0.260501 0.032940 0.076404 0.055728
0 0 0.516847 0.296955 0.040133 0.085336 0.060730
0 0 0.422946 0.352507 0.056221 0.094021 0.074305
1 0 0.301774 0.418403 0.085462 0.105801 0.088561
1 0 0.341832 0.399726 0.072875 0.106215 0.079351
1 0 0.291780 0.427587 0.085851 0.108914 0.085868
1 0 0.278472 0.437257 0.087550 0.116424 0.080298
0 0 0.426666 0.360732 0.049867 0.095470 0.067266
0 0 0.399341 0.374235 0.055968 0.102230 0.068226
1 0 0.290997 0.425737 0.086668 0.117649 0.078948
1 1 0.277299 0.446106 0.083001 0.114358 0.079236
1 1 0.224347 0.446210 0.118611 0.114935 0.095897
1 1 0.197379 0.465610 0.123433 0.131347 0.082231
1 1 0.164529 0.498926 0.127514 0.115940 0.093091
1 1 0.170973 0.508113 0.115837 0.098759 0.106318
1 1 0.278107 0.419424 0.099650 0.109572 0.093248
0 1 0.461638 0.279240 0.065721 0.061483 0.131917
1 1 0.171416 0.454695 0.152042 0.101440 0.120407
1 1 0.205178 0.416864 0.140067 0.075127 0.162764
1 1 0.175095 0.474473 0.130686 0.084986 0.134761
0 1 0.387826 0.377661 0.060486 0.099100 0.074927
1 1 0.183780 0.463749 0.133965 0.092804 0.125701
1 1 0.107279 0.407541 0.189276 0.047348 0.248557
1 1 0.258755 0.420846 0.101696 0.072608 0.146094
1 1 0.130141 0.405661 0.197082 0.063536 0.203579
1 1 0.264643 0.409705 0.114362 0.101082 0.110208
1 1 0.357514 0.386788 0.071760 0.093696 0.090243
0 1 0.431462 0.308039 0.075680 0.081741 0.103079
1 1 0.272133 0.411776 0.108082 0.101020 0.106989
1 1 0.268217 0.416233 0.108112 0.105077 0.102360
1 1 0.248711 0.360054 0.128811 0.057161 0.205262
1 1 0.188774 0.443213 0.141685 0.086956 0.139372
1 1 0.166183 0.451030 0.154698 0.088442 0.139647
1 1 0.129167 0.480787 0.160545 0.078821 0.150681
1 1 0.162752 0.456385 0.157135 0.097896 0.125832
1 1 0.145331 0.483946 0.146732 0.082614 0.141377
1 1 0.091259 0.436028 0.233080 0.078924 0.160709
1 1 0.171232 0.458173 0.147264 0.092315 0.131016
1 1 0.133464 0.516494 0.130745 0.074066 0.145230
1 2 0.080472 0.461351 0.217160 0.068823 0.172194
1 2 0.070962 0.415611 0.266805 0.069034 0.177587
1 2 0.086024 0.439430 0.229834 0.071444 0.173267
1 2 0.131719 0.302809 0.289225 0.070479 0.205768
1 1 0.292993 0.432222 0.081777 0.114179 0.078828
1 1 0.110672 0.501557 0.170154 0.093352 0.124265
1 1 0.070141 0.461931 0.243300 0.084393 0.140235
1 1 0.106283 0.433468 0.225038 0.089756 0.145454
1 1 0.074115 0.457104 0.243738 0.087756 0.137287
1 1 0.045522 0.444939 0.268720 0.057240 0.183580
1 1 0.062593 0.369397 0.315350 0.065349 0.187311
1 1 0.108075 0.505363 0.172788 0.110189 0.103585
1 1 0.110048 0.492209 0.180993 0.113341 0.103409
1 1 0.064058 0.441469 0.262371 0.075467 0.156635
1 1 0.085177 0.466042 0.227326 0.100699 0.120755
1 1 0.177064 0.504445 0.114288 0.108159 0.096045
1 1 0.139766 0.459378 0.177747 0.114332 0.108777
1 1 0.081323 0.481249 0.219308 0.099314 0.118806
1 1 0.167270 0.509602 0.118266 0.109231 0.095631
1 1 0.105931 0.350130 0.301569 0.098390 0.143980
1 2 0.047551 0.388029 0.306771 0.053954 0.203696
1 2 0.063735 0.341311 0.335683 0.063014 0.196256
1 2 0.095379 0.428036 0.247557 0.103923 0.125106
1 2 0.048761 0.352751 0.331199 0.051760 0.215529
2 2 0.093279 0.272796 0.375299 0.075261 0.183365
2 2 0.053456 0.187928 0.507179 0.107805 0.143632
2 2 0.061216 0.280352 0.390553 0.061860 0.206019
2 2 0.058703 0.255455 0.423993 0.072380 0.189469
2 2 0.054341 0.199622 0.493577 0.100764 0.151697
2 2 0.065561 0.158898 0.523203 0.127258 0.125080
2 2 0.053886 0.219222 0.457020 0.074968 0.194903
2 3 0.069309 0.112672 0.557227 0.168621 0.092171
2 3 0.056889 0.222593 0.464901 0.088106 0.167511
2 3 0.068841 0.125734 0.548435 0.155306 0.101684
2 3 0.060547 0.176866 0.510819 0.114742 0.137027
2 3 0.069851 0.085722 0.570301 0.202051 0.072075
2 3 0.067992 0.047506 0.567497 0.274817 0.042187
2 3 0.084498 0.093915 0.552680 0.189812 0.079096
2 3 0.082221 0.066008 0.560965 0.233372 0.057435
2 3 0.082282 0.052414 0.547248 0.273602 0.044453
2 3 0.060197 0.209551 0.431223 0.059180 0.239849
2 3 0.054175 0.174610 0.520183 0.116408 0.134624
2 3 0.068656 0.063585 0.573939 0.238853 0.054967
2 3 0.078537 0.074438 0.564266 0.218894 0.063865
2 3 0.091709 0.034870 0.441382 0.409652 0.022386
2 3 0.073586 0.032248 0.516776 0.350544 0.026846
3 3 0.089542 0.028058 0.340569 0.528897 0.012934
3 3 0.071985 0.021620 0.401053 0.491974 0.013367
3 3 0.090422 0.029420 0.405225 0.457543 0.017390
3 3 0.079560 0.034700 0.414699 0.451860 0.019181
2 3 0.074653 0.051607 0.488500 0.352604 0.032636
3 3 0.084492 0.029706 0.342032 0.530537 0.013233
3 3 0.083555 0.026516 0.400729 0.473517 0.015683
3 3 0.085234 0.028011 0.354569 0.518677 0.013509
3 3 0.085276 0.026573 0.290732 0.587485 0.009934
3 3 0.081269 0.023305 0.196046 0.693804 0.005576
3 3 0.090376 0.028446 0.289127 0.581631 0.010419
3 3 0.082600 0.026328 0.265428 0.616945 0.008698
3 3 0.070583 0.019370 0.194971 0.710250 0.004827
3 3 0.070781 0.019819 0.252592 0.650117 0.006691
2 3 0.078735 0.047969 0.470427 0.373528 0.029341
3 3 0.057427 0.014655 0.157569 0.767258 0.003092
3 3 0.080284 0.023481 0.263231 0.624998 0.008005
3 3 0.078106 0.022109 0.194062 0.700427 0.005297
3 3 0.082606 0.027207 0.196872 0.687175 0.006140
3 3 0.082335 0.028417 0.290243 0.588800 0.010204
3 3 0.078213 0.022324 0.218283 0.675053 0.006127
3 3 0.061900 0.016215 0.171824 0.746394 0.003667
3 3 0.066785 0.017829 0.157491 0.754332 0.003563
3 3 0.079326 0.025461 0.294420 0.591122 0.009670
3 3 0.083006 0.023799 0.174111 0.714143 0.004940
3 3 0.057821 0.014713 0.138046 0.786741 0.002679
3 3 0.079123 0.064192 0.316990 0.521111 0.018584
3 3 0.073837 0.044590 0.259959 0.610443 0.011171
3 3 0.066145 0.045122 0.386927 0.482688 0.019118
2 3 0.097117 0.120675 0.452560 0.269729 0.059919
2 3 0.057346 0.103331 0.544422 0.226866 0.068035
3 3 0.093213 0.062561 0.336828 0.486440 0.020958
2 3 0.075423 0.229447 0.439747 0.110686 0.144697
2 3 0.084735 0.186759 0.411976 0.244319 0.072211
2 3 0.108364 0.112327 0.427558 0.300095 0.051657
2 3 0.079568 0.117724 0.480829 0.259605 0.062273
3 3 0.071821 0.030822 0.269357 0.618640 0.009360
2 3 0.087977 0.115703 0.465281 0.272209 0.058831
3 3 0.055834 0.014148 0.162425 0.764475 0.003119
3 3 0.078345 0.075832 0.395863 0.420785 0.029175
2 3 0.044894 0.171026 0.525158 0.148844 0.110078
2 3 0.142073 0.137336 0.423597 0.224173 0.072822
1 2 0.029349 0.368353 0.316394 0.035521 0.250383
2 2 0.045659 0.220300 0.480526 0.089566 0.163949
2 2 0.049071 0.251180 0.440153 0.074764 0.184832
2 2 0.057668 0.195611 0.494218 0.103022 0.149481
2 2 0.067270 0.221856 0.454461 0.087839 0.168575
2 2 0.050327 0.186603 0.512174 0.108650 0.142246
2 2 0.048556 0.252845 0.438752 0.074046 0.185801
2 2 0.124380 0.239372 0.383682 0.088932 0.163633
2 2 0.048893 0.319399 0.355029 0.048771 0.227908
2 2 0.057068 0.195559 0.447978 0.061296 0.238100
2 2 0.046725 0.279618 0.408078 0.063063 0.202515
2 2 0.042499 0.265374 0.370139 0.040851 0.281137
2 2 0.047556 0.178832 0.523526 0.113569 0.136516
2 2 0.039751 0.220086 0.488063 0.089573 0.162527
2 2 0.046482 0.186432 0.516884 0.108710 0.141493
2 2 0.048572 0.174132 0.527126 0.116700 0.133470
2 2 0.137317 0.236341 0.314556 0.055830 0.255955
4 2 0.063629 0.208327 0.271644 0.022747 0.433652
2 2 0.044499 0.297247 0.388627 0.056596 0.213031
1 2 0.055922 0.350115 0.257053 0.033498 0.303412
2 2 0.040691 0.289768 0.402787 0.059439 0.207315
1 2 0.034987 0.346180 0.337713 0.041329 0.239791
2 2 0.039525 0.252252 0.416709 0.054013 0.237501
2 2 0.031409 0.321714 0.374376 0.048737 0.223764
4 2 0.051577 0.226554 0.341373 0.030807 0.349689
2 2 0.047735 0.305621 0.351949 0.043979 0.250716
2 2 0.045858 0.278625 0.359783 0.041019 0.274715
2 2 0.085676 0.235335 0.419825 0.079238 0.179926
2 2 0.032251 0.283329 0.392843 0.047705 0.243872
2 2 0.036833 0.289090 0.376354 0.045022 0.252702
2 2 0.061878 0.148437 0.522134 0.095442 0.172110
2 2 0.081335 0.162420 0.417733 0.049206 0.289306
2 2 0.041365 0.210415 0.496993 0.094695 0.156531
2 2 0.037741 0.244560 0.420114 0.052417 0.245168
2 2 0.041604 0.212132 0.493772 0.092376 0.160116
1 2 0.097458 0.348770 0.290971 0.071513 0.191288
2 2 0.045397 0.182490 0.522319 0.111156 0.138638
2 2 0.051070 0.242144 0.448634 0.078791 0.179361
2 2 0.057996 0.276697 0.354693 0.044039 0.266575
2 2 0.033908 0.285800 0.396813 0.050900 0.232579
2 2 0.056542 0.145278 0.545486 0.138210 0.114484
2 2 0.057269 0.163492 0.525844 0.116326 0.137070
2 2 0.033042 0.313772 0.376119 0.048488 0.228578
2 2 0.052431 0.244297 0.444499 0.077742 0.181031
2 2 0.047999 0.302355 0.377923 0.054606 0.217117
2 2 0.045922 0.222433 0.477762 0.088474 0.165408
2 2 0.058187 0.188267 0.501519 0.107477 0.144550
1 2 0.151369 0.385321 0.220096 0.094740 0.148473
1 2 0.220284 0.326694 0.153676 0.048630 0.250716
1 2 0.188454 0.440974 0.130721 0.067576 0.172275
1 2 0.086056 0.442256 0.229848 0.073671 0.168169
2 2 0.055664 0.211829 0.478529 0.093857 0.160120
2 2 0.057365 0.235129 0.449777 0.081826 0.175903
2 2 0.074533 0.207474 0.463203 0.095036 0.159754
2 2 0.061153 0.296277 0.370578 0.055832 0.216160
2 2 0.049136 0.203354 0.495464 0.098702 0.153344
2 2 0.066107 0.164674 0.517055 0.122968 0.129195
2 2 0.050328 0.291479 0.373612 0.050714 0.233868
2 2 0.044779 0.288817 0.381308 0.050772 0.234324
2 2 0.055915 0.178988 0.510574 0.105719 0.148804
2 2 0.056435 0.256172 0.380274 0.047725 0.259394
2 2 0.059164 0.140896 0.535905 0.101958 0.162078
2 2 0.048654 0.176835 0.495862 0.076714 0.201934
2 2 0.052070 0.158627 0.493627 0.068861 0.226815
2 2 0.063842 0.127290 0.552485 0.154004 0.102379
2 2 0.056855 0.122274 0.563841 0.158925 0.098105
2 2 0.062210 0.235063 0.428956 0.068704 0.205067
2 2 0.048462 0.164591 0.534092 0.113414 0.139441
2 2 0.054295 0.187997 0.439942 0.053995 0.263771
2 2 0.047839 0.226141 0.410372 0.048997 0.266651
2 2 0.047520 0.161423 0.539852 0.120146 0.131059
2 2 0.042510 0.190829 0.493625 0.077099 0.195938
2 2 0.053342 0.141946 0.551995 0.140958 0.111759
2 2 0.061327 0.236883 0.443335 0.080740 0.177715
2 2 0.047732 0.242977 0.406341 0.051349 0.251601
2 2 0.069057 0.122979 0.550282 0.157985 0.099697
2 2 0.043982 0.330419 0.346129 0.045468 0.234002
2 2 0.046859 0.206944 0.494174 0.096693 0.155330
4 2 0.083012 0.166004 0.266630 0.021667 0.462687
2 2 0.044813 0.299967 0.382860 0.054614 0.217746
2 2 0.046460 0.186722 0.514759 0.104442 0.147617
2 2 0.048213 0.221769 0.475798 0.088796 0.165423
2 2 0.064399 0.172284 0.457811 0.062098 0.243409
2 2 0.062587 0.129514 0.552090 0.151942 0.103868
2 2 0.052637 0.153577 0.542280 0.130548 0.120957
2 2 0.069977 0.119733 0.551698 0.161190 0.097401
2 2 0.075006 0.147653 0.490252 0.077291 0.209797
2 2 0.053582 0.176561 0.497374 0.082617 0.189865
2 2 0.042372 0.260735 0.418451 0.059210 0.219232
2 2 0.042780 0.211202 0.489404 0.087831 0.168782
2 2 0.056211 0.168512 0.507615 0.089692 0.177970
2 2 0.065812 0.110373 0.562337 0.171263 0.090215
2 2 0.046791 0.213692 0.486687 0.093027 0.159803
2 3 0.043445 0.223031 0.480080 0.088161 0.165283
2 3 0.058017 0.154243 0.535724 0.131050 0.120966
2 3 0.048189 0.226394 0.470493 0.086456 0.168468
2 3 0.070915 0.140555 0.534260 0.141707 0.112562
2 3 0.059134 0.129808 0.555592 0.151718 0.103748
2 3 0.057950 0.175467 0.511623 0.106743 0.148217
2 3 0.077283 0.115990 0.546944 0.164599 0.095184
2 3 0.051088 0.208369 0.402559 0.043938 0.294046
2 3 0.070069 0.142399 0.528479 0.112792 0.146261
2 3 0.063040 0.162997 0.521951 0.124331 0.127680
2 3 0.065999 0.118823 0.556475 0.162284 0.096419
2 3 0.065351 0.067764 0.577737 0.231084 0.058064
2 3 0.069453 0.043780 0.542174 0.308802 0.035791
2 3 0.074319 0.024379 0.522091 0.356077 0.023133
2 3 0.062081 0.156471 0.529214 0.129240 0.122994
2 3 0.059128 0.108217 0.570819 0.173742 0.088094
3 3 0.084936 0.029715 0.315812 0.557696 0.011842
2 3 0.067438 0.061792 0.515653 0.314873 0.040244
2 3 0.078007 0.053865 0.511269 0.319213 0.037647
2 3 0.065993 0.083037 0.514842 0.286048 0.050081
3 3 0.080010 0.025702 0.309920 0.573925 0.010442
2 3 0.070147 0.073332 0.500803 0.312326 0.043393
3 3 0.075642 0.030881 0.410294 0.465868 0.017316
3 3 0.076789 0.029508 0.366460 0.513040 0.014203
3 3 0.084934 0.028555 0.229802 0.649051 0.007657
3 3 0.065850 0.027615 0.438759 0.450364 0.017411
3 3 0.081086 0.039701 0.371160 0.490510 0.017543
3 3 0.076846 0.028977 0.314232 0.568664 0.011281
2 3 0.075333 0.145128 0.498634 0.193487 0.087418
2 3 0.077170 0.096340 0.495420 0.276139 0.054931
2 3 0.094428 0.101184 0.435678 0.322423 0.046287
2 3 0.070356 0.125756 0.510310 0.218153 0.075425
2 3 0.079501 0.143525 0.483493 0.214070 0.079411
2 3 0.080287 0.071540 0.500685 0.302750 0.044738
2 3 0.092092 0.061541 0.450696 0.361938 0.033733
3 3 0.073367 0.037094 0.387472 0.484574 0.017494
2 3 0.069912 0.045667 0.501370 0.352007 0.031045
2 3 0.079744 0.087470 0.521442 0.252769 0.058576
3 3 0.093874 0.028852 0.260522 0.607488 0.009263
2 3 0.090086 0.063374 0.479783 0.327933 0.038824
3 3 0.072187 0.019916 0.189848 0.713271 0.004778
3 3 0.087042 0.033428 0.320920 0.545550 0.013060
3 3 0.065218 0.017559 0.210996 0.701302 0.004925
3 3 0.082612 0.042617 0.338636 0.520078 0.016056
3 3 0.077465 0.022376 0.260322 0.632227 0.007610
3 3 0.086896 0.039098 0.316378 0.543590 0.014038
3 3 0.067597 0.018435 0.216981 0.691710 0.005276
2 3 0.079240 0.107991 0.490175 0.262502 0.060091
2 3 0.087508 0.059028 0.464787 0.354490 0.034187
3 3 0.075824 0.032608 0.349231 0.528357 0.013980
3 3 0.049837 0.012065 0.109608 0.826678 0.001813
3 3 0.075051 0.021518 0.267021 0.628782 0.007628
3 3 0.073914 0.020902 0.242478 0.656085 0.006621
2 3 0.057355 0.060829 0.572451 0.260396 0.048969
2 3 0.085924 0.052152 0.458797 0.372694 0.030433
3 3 0.071933 0.020470 0.282299 0.617415 0.007883
3 3 0.091601 0.028216 0.263915 0.607032 0.009236
2 3 0.062186 0.198188 0.486206 0.109492 0.143929
3 3 0.086712 0.053128 0.306791 0.537191 0.016178
3 3 0.093856 0.067599 0.346488 0.469005 0.023052
2 3 0.085647 0.153424 0.464045 0.217753 0.079131
2 3 0.075171 0.089228 0.448299 0.346542 0.040761
2 3 0.072486 0.075726 0.468278 0.344645 0.038865
3 3 0.144806 0.061347 0.341734 0.427363 0.024751
2 3 0.085142 0.073616 0.409105 0.401061 0.031075
2 3 0.102540 0.076707 0.397257 0.391093 0.032402
2 3 0.066028 0.070794 0.542684 0.270153 0.050342
2 3 0.081206 0.050798 0.447437 0.392566 0.027992
3 3 0.095482 0.038441 0.298665 0.554228 0.013183
2 3 0.077893 0.079128 0.407149 0.404333 0.031496
2 3 0.136823 0.101308 0.437662 0.268023 0.056185
2 3 0.079760 0.121917 0.436934 0.310203 0.051185
2 3 0.087247 0.054164 0.450211 0.378112 0.030267
2 3 0.072900 0.092120 0.470447 0.318751 0.045782
3 3 0.072911 0.045799 0.365381 0.497773 0.018136
2 3 0.073441 0.052182 0.461165 0.384017 0.029194
3 3 0.072289 0.019846 0.171637 0.731983 0.004246
2 3 0.073084 0.067215 0.476908 0.345702 0.037092
2 3 0.069451 0.054148 0.436918 0.412851 0.026632
2 3 0.087238 0.078299 0.447680 0.347974 0.038809
2 3 0.060661 0.046634 0.489045 0.375009 0.028650
2 3 0.078628 0.109843 0.506326 0.238450 0.066753
2 3 0.086746 0.069148 0.435650 0.374886 0.033569
2 3 0.065485 0.112731 0.469047 0.300763 0.051973
3 3 0.056969 0.014550 0.169571 0.755570 0.003340
3 3 0.065864 0.017916 0.233052 0.677541 0.005626
2 3 0.091694 0.062804 0.481274 0.325130 0.039098
2 3 0.085535 0.091165 0.418103 0.367374 0.037823
2 3 0.096863 0.133924 0.469557 0.225449 0.074207
3 3 0.076420 0.054913 0.394713 0.450700 0.023254
3 3 0.071221 0.028194 0.277026 0.614355 0.009203
3 3 0.077529 0.034722 0.294726 0.581510 0.011514
3 3 0.075720 0.058134 0.388995 0.453659 0.023493
3 3 0.081947 0.049469 0.375508 0.472561 0.020515
3 3 0.073623 0.037202 0.311990 0.564404 0.012780
3 3 0.074460 0.042924 0.369698 0.495068 0.017849
2 3 0.082937 0.061781 0.447028 0.376163 0.032091
3 3 0.082890 0.026767 0.256385 0.625549 0.008408
2 3 0.064753 0.082000 0.543849 0.252417 0.056982
3 3 0.055703 0.014679 0.287245 0.636075 0.006298
2 2 0.071562 0.272370 0.389347 0.064131 0.202589
2 2 0.080994 0.301826 0.358305 0.071123 0.187752
2 2 0.057360 0.302998 0.366266 0.053728 0.219648
2 2 0.185688 0.260478 0.298601 0.095785 0.159448
1 2 0.098562 0.406686 0.257750 0.093009 0.143994
4 2 0.027157 0.312993 0.297079 0.024581 0.338189
2 2 0.039616 0.224365 0.382353 0.037027 0.316639
4 2 0.021980 0.260837 0.272704 0.016397 0.428082
4 2 0.016804 0.196369 0.213731 0.008655 0.564442
4 2 0.066433 0.267127 0.188840 0.017882 0.459718
4 2 0.024408 0.177446 0.109906 0.004692 0.683548
4 2 0.017448 0.149810 0.176769 0.006008 0.649965
4 2 0.023482 0.109468 0.069433 0.002261 0.795356
4 2 0.071009 0.054620 0.053055 0.002052 0.819264
4 4 0.038891 0.058003 0.045528 0.001394 0.856184
4 4 0.023136 0.008396 0.011583 0.000139 0.956746
4 4 0.033998 0.054577 0.049034 0.001368 0.861024
4 4 0.015995 0.151751 0.171337 0.005638 0.655277
4 4 0.033570 0.127946 0.156531 0.006421 0.675531
4 4 0.020781 0.157893 0.196923 0.007528 0.616875
4 4 0.024648 0.178560 0.182848 0.008060 0.605883
4 4 0.028384 0.061860 0.079173 0.002100 0.828483
4 4 0.034787 0.145672 0.126106 0.005612 0.687823
4 4 0.022051 0.096341 0.094982 0.002783 0.783844
4 4 0.021024 0.007080 0.009904 0.000108 0.961885
4 4 0.022347 0.048442 0.043798 0.000974 0.884439
4 4 0.025186 0.074010 0.081470 0.002232 0.817102
4 4 0.023149 0.138798 0.140262 0.005090 0.692701
4 4 0.026329 0.120264 0.134594 0.004769 0.714044
1 4 0.043575 0.351903 0.274287 0.031889 0.298346
4 4 0.019211 0.075647 0.082920 0.002043 0.820180
4 4 0.076956 0.102169 0.083471 0.004445 0.732958
4 4 0.020950 0.154429 0.190381 0.007179 0.627060
4 4 0.026344 0.137479 0.164543 0.006332 0.665302
4 4 0.041077 0.123347 0.139119 0.006094 0.690362
4 4 0.053091 0.119037 0.091155 0.004404 0.732313
4 4 0.025075 0.256366 0.194607 0.011226 0.512726
4 4 0.029487 0.118918 0.092119 0.003417 0.756059
4 4 0.045401 0.180282 0.198297 0.011730 0.564289
4 4 0.044521 0.140579 0.147506 0.007229 0.660166
4 4 0.072069 0.292830 0.243307 0.028372 0.363422
4 4 0.029795 0.216775 0.235539 0.013443 0.504449
4 4 0.063252 0.164213 0.149005 0.009455 0.614076
4 4 0.020926 0.104720 0.097030 0.002899 0.774425
1 1 0.149601 0.313177 0.203992 0.044105 0.289126
4 1 0.025286 0.230470 0.276003 0.016028 0.452212
4 1 0.043434 0.116277 0.111080 0.004820 0.724389
4 1 0.072842 0.212804 0.185401 0.015359 0.513593
4 1 0.029568 0.161190 0.217790 0.009993 0.581460
4 2 0.025211 0.187357 0.130822 0.005872 0.650739
4 2 0.037047 0.206628 0.271920 0.017261 0.467143
4 2 0.039514 0.215975 0.300325 0.021139 0.423047
4 2 0.038076 0.258633 0.325633 0.027759 0.349898
2 2 0.053200 0.250536 0.436140 0.074878 0.185247
4 2 0.036025 0.223304 0.331116 0.025299 0.384255
4 2 0.069472 0.254581 0.310423 0.034952 0.330573
4 2 0.046644 0.214898 0.327531 0.026056 0.384871
2 2 0.057282 0.239610 0.441130 0.076526 0.185452
2 2 0.088116 0.202393 0.440221 0.079097 0.190174
2 2 0.093866 0.249141 0.395195 0.071709 0.190089
2 2 0.071296 0.265984 0.397521 0.066810 0.198389
2 2 0.055987 0.291722 0.382120 0.057923 0.212248
2 2 0.068682 0.258929 0.408934 0.070074 0.193381
2 2 0.076166 0.272592 0.384260 0.063573 0.203410
1 2 0.183913 0.371975 0.195558 0.085226 0.163329
0 2 0.400952 0.244542 0.137228 0.087169 0.130108
1 2 0.114903 0.474434 0.189979 0.114007 0.106677
1 2 0.077511 0.399375 0.284465 0.082410 0.156239
1 2 0.081087 0.408163 0.263193 0.072956 0.174601
1 1 0.264900 0.267318 0.223465 0.101850 0.142466
1 1 0.237874 0.450939 0.105329 0.097806 0.108052
1 2 0.149064 0.508271 0.133468 0.105470 0.103726
1 2 0.152623 0.329146 0.222476 0.056954 0.238801
1 2 0.181584 0.478073 0.125296 0.089612 0.125435
1 2 0.231901 0.466435 0.100161 0.108463 0.093040
0 2 0.451450 0.345183 0.045574 0.096421 0.061373
1 2 0.111367 0.460300 0.198945 0.090370 0.139018
2 2 0.059331 0.325724 0.351059 0.060315 0.203571
1 2 0.072077 0.411919 0.278752 0.079224 0.158028
2 2 0.060831 0.184274 0.502834 0.109893 0.142168
2 2 0.058202 0.236249 0.447526 0.081239 0.176784
1 2 0.063210 0.342080 0.335309 0.062677 0.196724
2 2 0.065509 0.220572 0.457812 0.088641 0.167467
2 2 0.059109 0.299856 0.368304 0.054706 0.218025
2 2 0.102443 0.188479 0.456634 0.103207 0.149236
1 2 0.076672 0.361305 0.314056 0.076218 0.171750
1 2 0.180639 0.371470 0.155937 0.053824 0.238131
2 2 0.072029 0.278710 0.380963 0.061526 0.206772
2 2 0.053705 0.315025 0.357860 0.052158 0.221252
2 2 0.061778 0.247828 0.429808 0.075581 0.185005
2 2 0.046720 0.323973 0.351726 0.047434 0.230148
2 2 0.066881 0.165667 0.515268 0.122210 0.129975
1 1 0.146859 0.370491 0.241074 0.105155 0.136421
1 2 0.097681 0.401358 0.266810 0.101027 0.133124
1 1 0.270211 0.336759 0.164086 0.129187 0.099756
0 1 0.522027 0.260759 0.053346 0.062149 0.101719
1 1 0.099900 0.460632 0.216880 0.115182 0.107406
1 2 0.095202 0.413507 0.259296 0.101008 0.130988
1 2 0.058575 0.404563 0.291706 0.065795 0.179361
1 2 0.052923 0.341995 0.338291 0.054229 0.212562
2 2 0.079831 0.263400 0.394870 0.071984 0.189916
1 2 0.105453 0.464804 0.206705 0.107094 0.115944
1 2 0.071924 0.367904 0.311802 0.073127 0.175243
2 2 0.134620 0.177417 0.439049 0.105468 0.143446
1 2 0.077904 0.400569 0.283283 0.082942 0.155303
2 2 0.069628 0.172064 0.506033 0.117528 0.134748
2 2 0.066786 0.328479 0.344158 0.063914 0.196663
2 2 0.065857 0.252284 0.420023 0.073251 0.188585
2 2 0.110658 0.188424 0.449020 0.102093 0.149805
1 2 0.083645 0.401470 0.278365 0.088282 0.148240
2 2 0.066452 0.320496 0.350378 0.062681 0.199993
2 2 0.059029 0.301719 0.371098 0.059064 0.209090
2 2 0.060189 0.271076 0.403213 0.065656 0.199866
2 2 0.073643 0.218814 0.451280 0.088907 0.167355
2 2 0.050430 0.316261 0.357254 0.049699 0.226355
2 2 0.069456 0.174502 0.503745 0.115866 0.136431
2 2 0.054281 0.308724 0.362455 0.051968 0.222572
2 2 0.051725 0.221637 0.443866 0.065426 0.217346
2 2 0.054008 0.145450 0.536588 0.099825 0.164129
2 2 0.034658 0.337955 0.348889 0.043730 0.234768
2 2 0.046761 0.320060 0.356726 0.048693 0.227759
2 2 0.053812 0.186784 0.507985 0.108512 0.142907
2 2 0.060531 0.210933 0.474145 0.094125 0.160266
2 2 0.052345 0.312125 0.360331 0.050950 0.224249
0 0 0.322497 0.196868 0.238555 0.094887 0.147192
1 1 0.072718 0.424976 0.268616 0.081658 0.152030
1 1 0.330279 0.365091 0.095223 0.144788 0.064620
1 2 0.065048 0.404237 0.288691 0.071725 0.170298
2 0 0.224133 0.221767 0.309842 0.131646 0.112612
1 0 0.287349 0.378065 0.119107 0.095272 0.120208
1 1 0.131687 0.476819 0.171941 0.118169 0.101384
1 1 0.075967 0.348939 0.323987 0.073912 0.177196
1 2 0.083536 0.409045 0.272606 0.089393 0.145420
1 2 0.089395 0.401816 0.273529 0.093560 0.141699
2 2 0.061213 0.249840 0.428008 0.074708 0.186231
2 2 0.063091 0.327179 0.346525 0.060850 0.202355
2 2 0.060779 0.258746 0.417697 0.070800 0.191978
2 2 0.052289 0.333023 0.344883 0.052819 0.216986
2 2 0.075235 0.250519 0.412274 0.073189 0.188782
1 2 0.074818 0.362990 0.313871 0.074902 0.173420
2 2 0.056344 0.289985 0.383907 0.058544 0.211221
0 0 0.412806 0.233774 0.136868 0.084580 0.131971
1 0 0.163125 0.303046 0.263725 0.076136 0.193968
1 1 0.170581 0.445036 0.124568 0.053312 0.206503
1 1 0.088568 0.396677 0.219538 0.047819 0.247399
1 1 0.076018 0.375809 0.241135 0.043697 0.263341
2 2 0.051948 0.294849 0.382802 0.057052 0.213350
4 2 0.041832 0.262945 0.332113 0.030433 0.332677
2 2 0.049944 0.239433 0.437073 0.067339 0.206212
2 2 0.045062 0.293064 0.345310 0.038581 0.277984
2 2 0.041513 0.288526 0.403315 0.059875 0.206771
2 2 0.050221 0.315884 0.357986 0.049839 0.226071
2 2 0.041910 0.312073 0.371883 0.051087 0.223046
2 2 0.053193 0.286353 0.358617 0.044668 0.257169
2 2 0.055547 0.247049 0.437659 0.076330 0.183414
1 2 0.124485 0.353195 0.255991 0.072481 0.193848
2 2 0.059659 0.298884 0.368926 0.055011 0.217520
2 2 0.062754 0.216675 0.465230 0.090887 0.164454
2 2 0.046312 0.324849 0.351085 0.047180 0.230574
2 2 0.065041 0.260626 0.371311 0.048414 0.254608
2 2 0.052934 0.301017 0.373839 0.054763 0.217448
2 2 0.049539 0.282646 0.400959 0.061761 0.205095
2 2 0.055304 0.247376 0.437543 0.076195 0.183583
2 2 0.060906 0.296703 0.370309 0.055697 0.216384
2 2 0.058058 0.211127 0.476649 0.094141 0.160025
2 2 0.044303 0.313856 0.346578 0.042284 0.252979
2 2 0.100962 0.240759 0.398394 0.074722 0.185162
2 2 0.054278 0.258300 0.425513 0.071413 0.190496
2 2 0.061185 0.239414 0.440496 0.079540 0.179366
2 2 0.058920 0.219656 0.466018 0.089531 0.165876
2 2 0.056277 0.232732 0.453808 0.083048 0.174134
2 2 0.058016 0.301812 0.367040 0.054096 0.219036
2 2 0.074259 0.139884 0.531423 0.142066 0.112367
2 2 0.069383 0.180346 0.497823 0.111960 0.140488
2 1 0.084317 0.278433 0.375616 0.070026 0.191608
2 2 0.042823 0.332616 0.345295 0.044963 0.234304
1 2 0.122779 0.349515 0.257179 0.069523 0.201003
1 2 0.068719 0.397672 0.262293 0.054774 0.216541
2 2 0.055149 0.271858 0.407891 0.065690 0.199411
2 2 0.056676 0.230027 0.456524 0.084360 0.172412
2 2 0.053371 0.198945 0.495418 0.101180 0.151087
0 2 0.366243 0.283013 0.125363 0.075872 0.149509
1 2 0.078606 0.394814 0.287167 0.082721 0.156691
2 2 0.040781 0.337397 0.341636 0.043627 0.236559
2 2 0.097384 0.199163 0.366794 0.045947 0.290713
4 2 0.082436 0.127885 0.188718 0.012040 0.588922
2 2 0.047409 0.281905 0.404407 0.062151 0.204127
2 2 0.047980 0.288765 0.350127 0.040359 0.272769
4 2 0.044488 0.283888 0.309572 0.030348 0.331704
2 2 0.053892 0.256383 0.428281 0.072264 0.189179
2 2 0.057082 0.216864 0.471243 0.091093 0.163718
2 2 0.046909 0.273577 0.415358 0.065430 0.198725
2 2 0.060016 0.255600 0.363500 0.042852 0.278032
2 2 0.065658 0.213487 0.465728 0.092412 0.162715
2 2 0.045826 0.282474 0.346517 0.037573 0.287611
2 2 0.059096 0.216110 0.469867 0.091397 0.163530
2 2 0.046893 0.291407 0.393107 0.058602 0.209990
2 2 0.053212 0.217928 0.474394 0.090679 0.163787
2 2 0.070234 0.172622 0.504840 0.117102 0.135202
2 2 0.060591 0.231208 0.450809 0.083555 0.173836
2 2 0.047688 0.279950 0.406513 0.062892 0.202956
2 2 0.059995 0.235721 0.446166 0.081386 0.176732
2 2 0.052682 0.232706 0.457915 0.083219 0.173478
2 3 0.077974 0.102502 0.554667 0.179653 0.085204
2 2 0.085947 0.240877 0.412967 0.076527 0.183682
2 2 0.067005 0.245459 0.427006 0.076265 0.184265
2 2 0.073184 0.235668 0.432145 0.080374 0.178630
2 2 0.053003 0.311175 0.360786 0.051224 0.223811
2 2 0.057292 0.298170 0.372484 0.055460 0.216593
2 2 0.071277 0.282960 0.377847 0.061550 0.206367
2 2 0.057851 0.302109 0.366846 0.054004 0.219190
2 2 0.067928 0.285064 0.377360 0.059434 0.210214
2 2 0.059852 0.298543 0.369144 0.055118 0.217343
2 2 0.066468 0.275280 0.391157 0.063428 0.203668
2 2 0.063984 0.278795 0.389466 0.062242 0.205513
2 2 0.056082 0.293568 0.379681 0.057233 0.213436
2 2 0.059383 0.290141 0.380299 0.058251 0.211925
2 2 0.054647 0.308029 0.362924 0.052180 0.222219
2 3 0.065769 0.288536 0.375317 0.058307 0.212072
2 3 0.070265 0.233688 0.437528 0.081606 0.176914
2 3 0.067263 0.260077 0.409045 0.069702 0.193912
2 3 0.054812 0.224866 0.464613 0.087035 0.168674
2 3 0.059522 0.294302 0.374889 0.056693 0.214594
2 3 0.092671 0.155619 0.499177 0.127402 0.125131
2 3 0.070293 0.180714 0.496493 0.111655 0.140845
2 3 0.061109 0.238861 0.441235 0.079808 0.178988
2 3 0.060495 0.152906 0.534251 0.132039 0.120309
2 3 0.048886 0.319413 0.355019 0.048766 0.227915
2 3 0.048735 0.285082 0.398859 0.060873 0.206450
2 3 0.069836 0.170688 0.507199 0.118470 0.133807
2 3 0.056070 0.272142 0.406497 0.065515 0.199775
2 3 0.080303 0.129831 0.533684 0.150629 0.105553
2 3 0.077539 0.216066 0.450424 0.090014 0.165958
2 3 0.056426 0.241699 0.443056 0.078752 0.180067
2 3 0.072882 0.196317 0.477214 0.101668 0.151919
2 3 0.055350 0.277775 0.400323 0.063309 0.203243
2 3 0.056995 0.240473 0.443875 0.079296 0.179361
2 3 0.044803 0.339566 0.340600 0.047216 0.227816
2 3 0.047869 0.245169 0.448780 0.077501 0.180680
2 3 0.070266 0.125168 0.547396 0.155782 0.101388
2 3 0.062872 0.142199 0.541276 0.140674 0.112979
2 3 0.075126 0.096055 0.560815 0.187810 0.080194
2 3 0.057820 0.252511 0.428539 0.073738 0.187392
2 3 0.066500 0.185916 0.494050 0.116881 0.136654
0 0 0.370965 0.197749 0.202860 0.099284 0.129143
1 0 0.319525 0.341759 0.118816 0.084015 0.135885
1 1 0.064781 0.412349 0.281350 0.071041 0.170480
2 2 0.053670 0.322872 0.352088 0.052921 0.218449
1 2 0.093309 0.488103 0.199929 0.098959 0.119700
2 2 0.044434 0.265411 0.428405 0.068819 0.192931
2 2 0.056857 0.189600 0.501576 0.106694 0.145272
2 2 0.046655 0.260656 0.431536 0.070741 0.190412
2 2 0.048740 0.231645 0.463734 0.083853 0.172028
1 2 0.018103 0.399100 0.218603 0.017276 0.346917
4 2 0.022195 0.096257 0.117766 0.003446 0.760337
4 4 0.020827 0.105471 0.150340 0.004502 0.718861
4 4 0.021347 0.147266 0.110375 0.003987 0.717024
4 4 0.019351 0.198934 0.148848 0.006221 0.626645
4 4 0.039640 0.074318 0.064693 0.002191 0.819157
4 4 0.074215 0.201549 0.106883 0.008248 0.609106
4 4 0.024380 0.342239 0.188199 0.013737 0.431445
4 4 0.025180 0.265189 0.142656 0.008159 0.558816
0 4 0.502969 0.220326 0.088827 0.078872 0.109006
4 4 0.039710 0.176548 0.181696 0.009850 0.592197
4 4 0.020309 0.115901 0.165574 0.005179 0.693037
4 4 0.029229 0.084986 0.097812 0.003038 0.784936
4 4 0.023364 0.276721 0.162444 0.009403 0.528067
4 4 0.048577 0.336572 0.179727 0.017768 0.417356
1 4 0.062368 0.393904 0.233774 0.039128 0.270826
4 4 0.051802 0.206448 0.131016 0.008681 0.602053
4 4 0.034994 0.215479 0.227110 0.013785 0.508632
4 4 0.051491 0.116446 0.083521 0.003942 0.744599
4 4 0.021646 0.157566 0.172520 0.006618 0.641650
4 4 0.059641 0.203105 0.160465 0.011418 0.565372
4 4 0.087888 0.240009 0.156949 0.015418 0.499735
4 4 0.042534 0.356408 0.179374 0.017606 0.404079
4 4 0.024329 0.169289 0.092656 0.003848 0.709878
4 4 0.065992 0.146673 0.074385 0.004493 0.708458
4 4 0.042419 0.243122 0.127376 0.008596 0.578487
4 4 0.074246 0.276422 0.168979 0.017334 0.463019
4 4 0.062495 0.292983 0.151760 0.014536 0.478227
4 4 0.037562 0.215277 0.102985 0.006012 0.638163
4 4 0.032420 0.070597 0.045913 0.001423 0.849647
4 4 0.091044 0.227697 0.120798 0.011506 0.548956
4 4 0.040896 0.156746 0.101022 0.005039 0.696297
4 4 0.089707 0.157888 0.094685 0.007000 0.650721
4 4 0.039340 0.013382 0.014112 0.000254 0.932913
4 4 0.066895 0.040672 0.038982 0.001312 0.852139
0 4 0.439603 0.247816 0.076131 0.040918 0.195532
4 4 0.178940 0.013713 0.017376 0.000644 0.789327
4 4 0.210774 0.026974 0.036190 0.001860 0.724203
4 4 0.068134 0.090624 0.050908 0.002471 0.787863
4 4 0.220314 0.275318 0.087294 0.018808 0.398266
0 4 0.494470 0.233481 0.088980 0.090547 0.092521
1 4 0.140715 0.432164 0.136650 0.043871 0.246600
1 4 0.256711 0.281460 0.160892 0.048878 0.252059
4 4 0.183262 0.185704 0.088621 0.011514 0.530899
0 4 0.381886 0.257898 0.094515 0.041023 0.224678
4 4 0.060180 0.220915 0.100502 0.007435 0.610967
4 4 0.137465 0.121157 0.066392 0.005268 0.669717
0 4 0.709892 0.088726 0.039505 0.025140 0.136737
0 4 0.518421 0.220232 0.052378 0.034012 0.174957
1 4 0.325914 0.411784 0.068591 0.066920 0.126791
4 4 0.081127 0.057014 0.034509 0.001501 0.825849
4 4 0.080096 0.060995 0.034390 0.001535 0.822985
4 4 0.065410 0.148755 0.089738 0.005410 0.690687
4 4 0.028674 0.222092 0.097486 0.005149 0.646599
4 4 0.067938 0.147092 0.099165 0.006040 0.679765
4 4 0.076501 0.308897 0.213161 0.026326 0.375114
1 4 0.157344 0.470261 0.110264 0.046709 0.215422
1 4 0.305252 0.387332 0.069570 0.043227 0.194620
4 4 0.029386 0.098194 0.069256 0.002351 0.800812
4 4 0.275890 0.240235 0.079817 0.019961 0.384096
4 4 0.213186 0.286683 0.075851 0.016739 0.407540
4 4 0.067034 0.194862 0.091675 0.006580 0.639848
1 4 0.145850 0.334242 0.175721 0.037770 0.306417
4 4 0.067763 0.137861 0.067634 0.004012 0.722730
4 4 0.087535 0.093529 0.069047 0.003772 0.746117
1 4 0.160867 0.430599 0.113952 0.039363 0.255218
4 4 0.054950 0.340869 0.109881 0.011341 0.482960
4 4 0.116124 0.343243 0.105419 0.017819 0.417395
4 4 0.043894 0.249081 0.126852 0.008851 0.571322
4 4 0.158929 0.295951 0.095571 0.016850 0.432699
4 4 0.101427 0.245562 0.108968 0.011566 0.532478
4 4 0.104824 0.295895 0.127119 0.016465 0.455697
4 4 0.058372 0.062172 0.036534 0.001412 0.841511
4 4 0.107375 0.181360 0.132146 0.011634 0.567485
4 4 0.133970 0.262636 0.155742 0.021867 0.425785
4 4 0.045246 0.200404 0.144071 0.008828 0.601450
1 4 0.232020 0.374774 0.121167 0.050726 0.221313
0 1 0.433064 0.169371 0.184496 0.105277 0.107792
1 1 0.302252 0.362223 0.117284 0.086501 0.131740
0 1 0.566425 0.195162 0.071194 0.068322 0.098898
4 1 0.173642 0.231604 0.106333 0.016161 0.472260
4 1 0.302415 0.257122 0.090775 0.026446 0.323242
1 1 0.147992 0.332255 0.208316 0.049522 0.261915
4 1 0.062633 0.339154 0.157258 0.017745 0.423209
4 1 0.026285 0.141949 0.076772 0.003000 0.751994
4 2 0.040667 0.184584 0.165616 0.009252 0.599880
4 2 0.066982 0.312840 0.185251 0.020273 0.414654
4 2 0.034913 0.155922 0.128036 0.005938 0.675191
4 2 0.032939 0.185596 0.123040 0.006170 0.652255
4 2 0.060538 0.117640 0.120889 0.006156 0.694778
4 2 0.121401 0.333235 0.149615 0.025929 0.369820
1 2 0.225732 0.400007 0.083696 0.034673 0.255892
4 2 0.111921 0.295408 0.128581 0.018104 0.445986
4 2 0.018738 0.320419 0.176653 0.010626 0.473563
4 2 0.032879 0.261170 0.267027 0.019249 0.419675
4 2 0.023607 0.265509 0.224598 0.013355 0.472931
4 2 0.034543 0.197431 0.153564 0.008267 0.606194
4 2 0.050993 0.256277 0.171461 0.013503 0.507766
1 2 0.037455 0.341313 0.310981 0.035008 0.275243
4 2 0.042370 0.229887 0.244217 0.017366 0.466159
1 2 0.065948 0.312387 0.308198 0.042651 0.270816
4 2 0.037831 0.249643 0.300591 0.023454 0.388481
1 2 0.048563 0.320671 0.300612 0.035031 0.295124
4 2 0.079374 0.197996 0.259671 0.023191 0.439768
2 2 0.044180 0.263101 0.337437 0.032230 0.323052
4 2 0.045449 0.227433 0.301989 0.023859 0.401270
2 2 0.136815 0.285403 0.306925 0.075093 0.195764
1 2 0.061814 0.419157 0.279681 0.070529 0.168820
1 2 0.041720 0.351050 0.332369 0.045536 0.229324
1 2 0.065617 0.371219 0.312625 0.068166 0.182373
