0 0 0.932683 0.002398 0.003793 0.028307 0.032819
0 0 0.925376 0.003089 0.004410 0.026126 0.040999
0 0 0.897040 0.005687 0.007053 0.025819 0.064401
0 0 0.835397 0.012841 0.015996 0.035135 0.100631
0 0 0.800663 0.017787 0.023207 0.042661 0.115684
0 0 0.886138 0.006762 0.008662 0.029201 0.069238
0 0 0.934831 0.002511 0.003228 0.020004 0.039427
0 0 0.925016 0.003004 0.004581 0.029018 0.038381
0 0 0.883707 0.006994 0.009156 0.030723 0.069420
0 0 0.601057 0.055128 0.060075 0.053112 0.230628
4 0 0.319034 0.143520 0.144104 0.059195 0.334146
0 0 0.498392 0.083863 0.121840 0.077146 0.218760
0 0 0.564071 0.066628 0.094562 0.070307 0.204432
0 0 0.355199 0.130409 0.165486 0.073929 0.274977
4 1 0.205658 0.197313 0.220922 0.065799 0.310307
4 1 0.210817 0.194063 0.224460 0.068015 0.302645
2 1 0.206212 0.185934 0.286384 0.087321 0.234150
4 1 0.099895 0.269366 0.285122 0.054865 0.290752
4 1 0.076026 0.299975 0.238279 0.039129 0.346591
4 1 0.040659 0.337972 0.149863 0.018047 0.453460
4 1 0.206237 0.119535 0.040346 0.016006 0.617876
4 4 0.086370 0.259070 0.118209 0.021907 0.514444
4 4 0.067574 0.235434 0.069739 0.012177 0.615076
4 4 0.063591 0.291306 0.130279 0.020186 0.494639
4 4 0.068406 0.309310 0.221698 0.034397 0.366190
4 4 0.053909 0.285511 0.102122 0.014911 0.543547
4 4 0.061487 0.247306 0.073934 0.012148 0.605126
4 4 0.053217 0.307013 0.132113 0.018573 0.489083
4 4 0.046780 0.315293 0.128124 0.016874 0.492930
4 4 0.057935 0.307954 0.148718 0.021623 0.463770
4 4 0.066455 0.271552 0.105298 0.017146 0.539549
4 4 0.065346 0.259309 0.089397 0.014754 0.571193
4 4 0.074085 0.291003 0.159616 0.026347 0.448948
4 4 0.131590 0.176233 0.058964 0.015414 0.617798
4 4 0.072181 0.296119 0.168891 0.027361 0.435449
4 4 0.068157 0.309610 0.221142 0.034245 0.366847
4 4 0.068075 0.278138 0.117477 0.019115 0.517195
4 4 0.067082 0.308019 0.193260 0.029826 0.401813
4 4 0.157960 0.222609 0.164813 0.041869 0.412749
0 0 0.598582 0.057182 0.070383 0.059916 0.213936
2 0 0.153671 0.222971 0.284476 0.071039 0.267843
2 1 0.110410 0.255495 0.303508 0.062245 0.268342
2 1 0.132319 0.226290 0.337679 0.078549 0.225162
2 2 0.153452 0.198087 0.365450 0.095576 0.187434
2 2 0.131343 0.232205 0.320832 0.073639 0.241980
2 2 0.126351 0.234266 0.328915 0.073979 0.236490
2 2 0.103272 0.173560 0.495237 0.089499 0.138431
2 2 0.134852 0.189531 0.412520 0.094804 0.168292
2 2 0.081248 0.118706 0.625140 0.097325 0.077581
2 2 0.071288 0.115016 0.649438 0.091448 0.072811
2 2 0.051241 0.083767 0.733907 0.085529 0.045556
2 2 0.067962 0.107652 0.666658 0.091608 0.066120
2 2 0.036872 0.066138 0.789101 0.075778 0.032111
2 2 0.050452 0.082849 0.736822 0.085067 0.044810
2 2 0.046422 0.078077 0.751906 0.082583 0.041012
2 2 0.129277 0.199929 0.400699 0.088867 0.181229
2 2 0.165977 0.181489 0.379477 0.106348 0.166709
2 2 0.034007 0.062361 0.800725 0.073435 0.029472
2 2 0.059962 0.123537 0.658760 0.079534 0.078208
2 2 0.027191 0.052937 0.829473 0.067146 0.023253
2 2 0.038674 0.068700 0.781621 0.077074 0.033930
2 2 0.025609 0.050650 0.836404 0.065515 0.021823
2 2 0.053722 0.097052 0.710644 0.082895 0.055687
2 2 0.030888 0.058130 0.813673 0.070693 0.026615
2 2 0.025912 0.044608 0.839256 0.070949 0.019275
2 2 0.030837 0.058060 0.813890 0.070646 0.026568
2 2 0.022511 0.033512 0.784465 0.140009 0.019502
2 2 0.028502 0.054802 0.823811 0.068444 0.024441
2 2 0.022103 0.022330 0.566571 0.366878 0.022118
2 2 0.022567 0.038547 0.719949 0.190886 0.028050
2 2 0.023790 0.021774 0.562116 0.370866 0.021454
2 2 0.022444 0.020412 0.470432 0.462288 0.024424
3 3 0.021963 0.009963 0.172910 0.772540 0.022624
2 3 0.019944 0.027390 0.627301 0.300534 0.024830
3 3 0.018023 0.006936 0.145881 0.812466 0.016694
3 3 0.017897 0.004465 0.075632 0.887302 0.014705
3 3 0.028990 0.017929 0.308771 0.615052 0.029258
3 3 0.020296 0.007198 0.134096 0.820247 0.018164
3 3 0.032224 0.018673 0.331168 0.589313 0.028622
3 3 0.015973 0.004974 0.089380 0.874300 0.015374
3 3 0.014689 0.003399 0.061167 0.908482 0.012263
3 3 0.023442 0.007914 0.114308 0.832191 0.022145
3 3 0.019985 0.010846 0.205949 0.740668 0.022553
3 3 0.032140 0.006539 0.079899 0.860422 0.020999
3 3 0.016991 0.002505 0.038966 0.930718 0.010820
3 3 0.018687 0.002843 0.042398 0.924189 0.011883
3 3 0.017376 0.005208 0.088445 0.872779 0.016193
3 3 0.021836 0.005668 0.069249 0.883003 0.020243
3 3 0.016546 0.002770 0.042050 0.926889 0.011744
3 3 0.014900 0.003188 0.062936 0.907856 0.011121
3 3 0.020829 0.002353 0.036537 0.930142 0.010139
3 3 0.019562 0.002843 0.042224 0.923529 0.011842
3 3 0.017224 0.002446 0.039021 0.930829 0.010481
3 3 0.018627 0.002288 0.036153 0.932935 0.009998
3 3 0.018429 0.002983 0.043970 0.922261 0.012357
3 3 0.018810 0.003064 0.046177 0.919578 0.012372
3 3 0.018587 0.002130 0.034305 0.935533 0.009445
3 3 0.017665 0.001878 0.031410 0.940471 0.008575
3 3 0.017011 0.002004 0.033060 0.938869 0.009056
3 3 0.017356 0.002067 0.033766 0.937541 0.009270
3 3 0.019327 0.003171 0.050396 0.914898 0.012208
3 3 0.017562 0.001742 0.029721 0.942899 0.008076
3 3 0.019453 0.002546 0.038956 0.928193 0.010851
3 3 0.018283 0.002142 0.034497 0.935579 0.009499
3 3 0.013682 0.001164 0.022553 0.956642 0.005959
3 3 0.017061 0.001707 0.029363 0.943904 0.007966
3 3 0.015145 0.002111 0.034708 0.938515 0.009521
3 3 0.012500 0.001218 0.023517 0.956543 0.006222
3 3 0.014821 0.001486 0.026839 0.949649 0.007205
3 3 0.014285 0.001271 0.023983 0.954087 0.006374
3 3 0.016560 0.002037 0.033537 0.938674 0.009192
3 3 0.014486 0.001477 0.026769 0.950088 0.007181
3 3 0.019009 0.002267 0.035838 0.932978 0.009908
3 3 0.014179 0.001489 0.026980 0.950112 0.007239
3 3 0.017982 0.002173 0.034919 0.935306 0.009621
3 3 0.015731 0.001055 0.020707 0.957057 0.005450
3 3 0.020367 0.003066 0.044455 0.919579 0.012533
3 3 0.015213 0.001981 0.033105 0.940654 0.009047
3 3 0.022505 0.002065 0.032948 0.933401 0.009081
3 3 0.018217 0.001810 0.030479 0.941186 0.008307
3 3 0.029547 0.003053 0.042829 0.912428 0.012143
3 3 0.028505 0.002233 0.034142 0.925631 0.009490
3 3 0.022952 0.002106 0.033370 0.932361 0.009211
3 3 0.024252 0.001954 0.031419 0.933733 0.008641
3 3 0.026779 0.001936 0.030920 0.931853 0.008512
3 3 0.024321 0.002018 0.032166 0.932631 0.008864
3 3 0.025420 0.002360 0.035946 0.926267 0.010007
3 3 0.025759 0.002328 0.035551 0.926471 0.009891
3 3 0.085212 0.005073 0.053827 0.837571 0.018319
3 3 0.045430 0.012160 0.116478 0.792258 0.033674
3 3 0.285643 0.017425 0.098889 0.547692 0.050351
0 0 0.740509 0.013373 0.037384 0.150020 0.058713
0 0 0.884959 0.005360 0.010372 0.054975 0.044334
0 1 0.701635 0.026600 0.058900 0.119420 0.093445
0 1 0.895681 0.003330 0.007831 0.064054 0.029104
0 1 0.412207 0.064967 0.247837 0.160761 0.114227
0 1 0.887828 0.003046 0.008074 0.075887 0.025165
0 0 0.965257 0.000280 0.000711 0.027142 0.006609
0 0 0.906800 0.002388 0.005929 0.061779 0.023103
0 0 0.909873 0.002036 0.005275 0.062405 0.020410
0 0 0.846549 0.006907 0.016540 0.086920 0.043085
0 0 0.813773 0.010820 0.024582 0.093412 0.057413
0 0 0.838274 0.009044 0.019247 0.078508 0.054927
0 0 0.500101 0.056005 0.140588 0.178739 0.124567
0 0 0.651739 0.029181 0.075930 0.158318 0.084833
0 0 0.700600 0.023790 0.058294 0.136245 0.081071
0 0 0.765277 0.013467 0.035534 0.128799 0.056923
2 2 0.038501 0.068244 0.782593 0.077043 0.033619
0 2 0.363116 0.057261 0.193894 0.275859 0.109871
0 2 0.461787 0.088521 0.156772 0.104396 0.188523
2 2 0.281785 0.133182 0.285161 0.130189 0.169683
0 0 0.878463 0.006401 0.011513 0.051801 0.051823
0 0 0.805077 0.014759 0.027128 0.072643 0.080393
0 0 0.811933 0.015188 0.024208 0.057391 0.091281
0 0 0.666741 0.039631 0.067070 0.085110 0.141448
2 0 0.178889 0.170734 0.374593 0.115881 0.159902
0 0 0.718771 0.027140 0.052427 0.095890 0.105771
0 0 0.982744 0.000047 0.000128 0.014894 0.002187
0 0 0.969545 0.000375 0.000744 0.019892 0.009444
0 0 0.965192 0.000601 0.001058 0.019518 0.013631
0 0 0.450879 0.089476 0.165936 0.112220 0.181490
2 1 0.136184 0.221124 0.343138 0.081563 0.217991
2 1 0.133333 0.224935 0.339127 0.079336 0.223269
2 2 0.110586 0.174301 0.481437 0.092368 0.141308
2 2 0.125110 0.159561 0.483730 0.104164 0.127434
2 2 0.161396 0.178458 0.392312 0.106848 0.160985
2 2 0.154020 0.197332 0.366126 0.096053 0.186469
0 2 0.829272 0.012939 0.020249 0.052589 0.084951
2 2 0.144200 0.227504 0.297440 0.071675 0.259181
2 2 0.114520 0.250039 0.310339 0.065206 0.259897
2 2 0.132204 0.226444 0.337514 0.078460 0.225378
2 2 0.152835 0.198908 0.364712 0.095059 0.188486
2 2 0.095686 0.136386 0.571849 0.099494 0.096584
0 2 0.364192 0.114988 0.217079 0.113664 0.190078
0 2 0.351136 0.122992 0.219143 0.103315 0.203414
0 2 0.882029 0.007023 0.009989 0.035613 0.065345
0 2 0.535441 0.072108 0.113744 0.085028 0.193680
0 2 0.363873 0.121886 0.197213 0.095736 0.221292
2 2 0.110363 0.255557 0.303428 0.062212 0.268440
2 2 0.105062 0.262569 0.294321 0.058457 0.279592
2 2 0.130719 0.228429 0.335369 0.077314 0.228169
2 2 0.090633 0.133509 0.585354 0.097641 0.092862
2 2 0.093073 0.131995 0.583396 0.099702 0.091835
0 2 0.411885 0.102878 0.180307 0.106621 0.198309
0 0 0.929377 0.002593 0.004158 0.029901 0.033971
0 0 0.902025 0.005094 0.007071 0.030196 0.055614
0 0 0.266413 0.157255 0.256397 0.094748 0.225187
2 0 0.210194 0.167034 0.334834 0.107449 0.180489
2 1 0.167189 0.176234 0.387150 0.108173 0.161254
0 1 0.598290 0.054639 0.092304 0.091153 0.163613
0 1 0.907064 0.004403 0.006814 0.034564 0.047155
0 0 0.653976 0.044387 0.066213 0.070571 0.164853
0 0 0.744343 0.026209 0.040359 0.064530 0.124560
0 0 0.892877 0.006093 0.007600 0.026774 0.066656
0 0 0.794422 0.018580 0.025778 0.048228 0.112992
2 1 0.134289 0.223658 0.340482 0.080080 0.221492
2 1 0.137828 0.218927 0.345409 0.082858 0.214978
0 2 0.330259 0.126744 0.238070 0.110870 0.194057
0 2 0.520188 0.074719 0.124072 0.092953 0.188067
0 0 0.822722 0.014099 0.021025 0.049817 0.092338
0 0 0.789418 0.019340 0.026983 0.049351 0.114907
0 1 0.768914 0.022738 0.031268 0.050699 0.126381
0 1 0.753999 0.025119 0.035786 0.055645 0.129451
0 1 0.782289 0.020172 0.029809 0.055325 0.112405
0 0 0.967825 0.000463 0.000870 0.019720 0.011122
0 0 0.970433 0.000460 0.000778 0.016318 0.012012
0 0 0.977468 0.000337 0.000466 0.010042 0.011688
0 0 0.900950 0.004700 0.007823 0.040242 0.046285
0 0 0.813898 0.015811 0.020618 0.040956 0.108718
0 1 0.506331 0.081721 0.107820 0.070385 0.233744
2 1 0.193431 0.196957 0.275253 0.079786 0.254573
0 1 0.389818 0.113306 0.187985 0.095290 0.213601
0 0 0.886346 0.004764 0.009938 0.059816 0.039136
0 0 0.443481 0.095218 0.163676 0.099727 0.197899
2 0 0.237083 0.172861 0.262567 0.087600 0.239890
0 0 0.718287 0.031321 0.046473 0.063777 0.140142
0 0 0.882319 0.006623 0.010555 0.042522 0.057981
0 1 0.968099 0.000589 0.000918 0.015630 0.014763
0 1 0.970191 0.000497 0.000801 0.015474 0.013036
0 1 0.943394 0.001091 0.002408 0.036923 0.016185
0 1 0.963157 0.000692 0.001193 0.019947 0.015012
0 1 0.947055 0.001728 0.002208 0.017050 0.031959
0 0 0.936034 0.002396 0.003218 0.021218 0.037133
0 0 0.952083 0.001254 0.002004 0.022225 0.022435
0 0 0.941899 0.001210 0.002600 0.036767 0.017525
0 0 0.969068 0.000305 0.000678 0.022258 0.007691
0 0 0.960708 0.000875 0.001371 0.018547 0.018499
0 0 0.955257 0.001133 0.001755 0.020171 0.021684
0 0 0.912755 0.004238 0.005365 0.023912 0.053729
0 0 0.797600 0.018255 0.023849 0.043133 0.117164
0 0 0.914446 0.003360 0.005998 0.039915 0.036280
0 0 0.959584 0.000772 0.001403 0.022859 0.015382
0 0 0.966880 0.000319 0.000740 0.024407 0.007653
0 0 0.946602 0.001072 0.002242 0.033383 0.016701
0 0 0.972691 0.000470 0.000678 0.012431 0.013730
0 0 0.938613 0.002268 0.002841 0.018355 0.037923
0 0 0.968971 0.000289 0.000659 0.022765 0.007315
0 0 0.960767 0.000880 0.001367 0.018310 0.018677
0 0 0.959513 0.000909 0.001452 0.019485 0.018641
0 0 0.965759 0.000538 0.000997 0.020417 0.012289
0 0 0.976151 0.000273 0.000490 0.014617 0.008470
0 0 0.968451 0.000374 0.000771 0.021245 0.009159
0 0 0.954235 0.001184 0.001831 0.020504 0.022246
0 0 0.917196 0.003581 0.005511 0.031572 0.042140
0 0 0.921873 0.003332 0.004831 0.027656 0.042308
0 0 0.871430 0.007975 0.012070 0.041645 0.066880
0 0 0.960918 0.000995 0.001260 0.013409 0.023418
0 0 0.926850 0.002903 0.004348 0.027726 0.038172
0 0 0.862813 0.009378 0.011596 0.030970 0.085242
0 0 0.847789 0.011026 0.015466 0.041027 0.084692
0 0 0.707149 0.033662 0.048853 0.062634 0.147701
0 0 0.907274 0.003922 0.006974 0.042114 0.039716
0 0 0.868536 0.008635 0.011539 0.034457 0.076833
0 0 0.923363 0.003100 0.004789 0.030039 0.038709
0 0 0.965941 0.000709 0.001036 0.015036 0.017278
0 0 0.951541 0.001394 0.002000 0.019185 0.025880
0 0 0.946160 0.001638 0.002474 0.022414 0.027314
0 0 0.943067 0.001941 0.002599 0.019400 0.032992
0 0 0.802698 0.017497 0.022518 0.041410 0.115877
0 0 0.874228 0.007812 0.011317 0.038272 0.068370
0 0 0.907343 0.004726 0.005843 0.023914 0.058175
0 0 0.940778 0.002085 0.002794 0.019986 0.034357
0 0 0.942568 0.001598 0.002815 0.029051 0.023968
0 0 0.946977 0.001671 0.002337 0.019730 0.029285
0 0 0.944885 0.001828 0.002453 0.019005 0.031829
0 0 0.908752 0.004537 0.006075 0.027111 0.053525
0 0 0.930127 0.002769 0.003867 0.024066 0.039170
0 0 0.952646 0.001392 0.001845 0.016669 0.027449
0 0 0.880452 0.006960 0.010680 0.040546 0.061363
0 0 0.888984 0.006457 0.008377 0.029345 0.066838
0 0 0.909454 0.004094 0.006581 0.035908 0.043963
0 0 0.921696 0.003482 0.004512 0.023071 0.047239
0 0 0.870388 0.008497 0.010548 0.030077 0.080488
0 0 0.713343 0.026856 0.054694 0.104379 0.100728
0 1 0.355483 0.130417 0.148726 0.066525 0.298849
2 1 0.139474 0.219311 0.340119 0.081952 0.219145
0 1 0.580761 0.061484 0.092139 0.076133 0.189483
0 0 0.895858 0.005743 0.007637 0.029318 0.061443
0 0 0.975597 0.000215 0.000447 0.017133 0.006607
0 0 0.751044 0.025780 0.035767 0.053552 0.133857
0 0 0.958725 0.000990 0.001473 0.018134 0.020677
0 0 0.918685 0.003287 0.005431 0.034592 0.038006
0 0 0.914848 0.003720 0.005839 0.033179 0.042413
0 0 0.783081 0.014481 0.009931 0.024194 0.168314
4 4 0.277188 0.103992 0.038719 0.017327 0.562774
4 4 0.111188 0.206416 0.075838 0.017252 0.589306
4 4 0.140713 0.132422 0.034962 0.011331 0.680571
4 4 0.247014 0.102525 0.032446 0.013932 0.604082
4 4 0.082869 0.216897 0.066348 0.013072 0.620814
4 4 0.185115 0.171120 0.079648 0.024287 0.539830
4 4 0.130713 0.240306 0.161906 0.036785 0.430290
4 4 0.138311 0.204937 0.094171 0.023520 0.539060
4 4 0.205381 0.163265 0.080226 0.026064 0.525064
4 4 0.128017 0.124552 0.033203 0.012083 0.702145
4 4 0.114224 0.222157 0.096787 0.021555 0.545276
4 4 0.215626 0.134466 0.051399 0.018546 0.579963
4 4 0.075262 0.295550 0.181477 0.029929 0.417783
4 4 0.112057 0.251283 0.150543 0.031478 0.454639
4 4 0.075429 0.300559 0.224631 0.036754 0.362626
4 4 0.144520 0.212404 0.112335 0.028119 0.502622
4 4 0.070275 0.304818 0.199375 0.031508 0.394024
4 4 0.072901 0.296589 0.173885 0.028263 0.428362
4 4 0.081681 0.292880 0.250053 0.042731 0.332655
4 4 0.091492 0.280315 0.269467 0.049167 0.309558
4 4 0.084935 0.288437 0.206463 0.036160 0.384006
4 4 0.070358 0.306947 0.226027 0.035596 0.361073
4 4 0.097141 0.276087 0.209142 0.039476 0.378154
4 4 0.100894 0.268054 0.286927 0.055555 0.288570
2 4 0.108636 0.257845 0.300498 0.060980 0.272041
2 4 0.123880 0.237566 0.325168 0.072115 0.241271
2 4 0.208569 0.181649 0.296226 0.091611 0.221945
0 0 0.833609 0.010063 0.020462 0.075495 0.060371
0 0 0.911767 0.004326 0.004777 0.018921 0.060208
0 1 0.791098 0.018346 0.020781 0.038777 0.130998
2 1 0.114380 0.250225 0.310109 0.065105 0.260182
2 1 0.119786 0.244230 0.314182 0.067933 0.253868
0 1 0.538684 0.072955 0.091867 0.064197 0.232297
0 1 0.535831 0.070077 0.118241 0.094704 0.181148
0 0 0.741941 0.026167 0.042078 0.069502 0.120312
0 0 0.316476 0.144525 0.190983 0.077765 0.270251
0 1 0.845486 0.009947 0.017801 0.060405 0.066361
0 1 0.536310 0.070791 0.116183 0.090599 0.186116
4 1 0.242416 0.175593 0.232068 0.077735 0.272188
0 1 0.612213 0.053257 0.082542 0.078453 0.173534
0 1 0.815975 0.015254 0.021228 0.045984 0.101560
0 1 0.656577 0.044067 0.058391 0.060900 0.180065
0 4 0.849878 0.010922 0.014183 0.035693 0.089323
2 4 0.133865 0.224223 0.339883 0.079750 0.222278
2 4 0.126881 0.233557 0.329710 0.074381 0.235470
2 4 0.090662 0.153911 0.551843 0.090175 0.113410
2 4 0.141607 0.213878 0.350512 0.085865 0.208138
2 4 0.139810 0.216278 0.348106 0.084430 0.211376
2 4 0.164627 0.183271 0.378054 0.105161 0.168886
2 2 0.199032 0.175994 0.327950 0.104088 0.192936
2 2 0.149916 0.202794 0.361160 0.092631 0.193500
2 2 0.148259 0.208104 0.350914 0.088649 0.204074
2 2 0.129408 0.186436 0.427405 0.094452 0.162298
2 2 0.127001 0.173704 0.455365 0.098918 0.145013
2 2 0.126345 0.171378 0.460689 0.099650 0.141938
2 2 0.148594 0.204556 0.359517 0.091539 0.195793
2 2 0.102705 0.155059 0.528873 0.096033 0.117330
2 2 0.094518 0.127426 0.587925 0.102417 0.087714
2 2 0.086922 0.137800 0.585175 0.093767 0.096335
2 2 0.102579 0.163586 0.514305 0.092794 0.126736
2 2 0.106749 0.149137 0.531966 0.100328 0.111821
2 2 0.095571 0.132910 0.577549 0.100811 0.093159
2 2 0.097347 0.152105 0.543151 0.094413 0.112985
2 2 0.090077 0.123465 0.601880 0.101292 0.083285
0 2 0.358294 0.123245 0.209490 0.096246 0.212726
2 2 0.047795 0.083294 0.742102 0.082001 0.044809
2 2 0.104207 0.171178 0.497213 0.089509 0.137893
2 2 0.104731 0.149045 0.535555 0.099363 0.111306
2 2 0.049558 0.081802 0.740142 0.084533 0.043965
2 2 0.145463 0.191277 0.392043 0.096905 0.174311
2 2 0.143170 0.205967 0.365271 0.089750 0.195842
0 2 0.408362 0.106991 0.171463 0.096594 0.216590
0 2 0.771185 0.021108 0.034462 0.066727 0.106518
0 2 0.603161 0.055161 0.069158 0.064859 0.207660
2 2 0.041657 0.072239 0.770186 0.079365 0.036553
0 2 0.273839 0.153987 0.250117 0.096331 0.225725
2 2 0.141431 0.078873 0.521935 0.191930 0.065831
0 2 0.815550 0.013958 0.022710 0.061875 0.085907
2 2 0.267675 0.127281 0.304997 0.151354 0.148694
2 2 0.078005 0.074072 0.557789 0.222749 0.067385
0 2 0.470261 0.077740 0.162517 0.134046 0.155436
0 2 0.328745 0.123498 0.244346 0.119926 0.183484
2 2 0.135789 0.221653 0.342587 0.081253 0.218719
2 2 0.155438 0.195447 0.367797 0.097248 0.184070
2 2 0.068923 0.103066 0.671296 0.094212 0.062504
2 2 0.057210 0.090543 0.712212 0.088803 0.051231
2 2 0.103640 0.135243 0.559851 0.104388 0.096879
2 2 0.120854 0.199956 0.414656 0.086357 0.178176
0 2 0.275675 0.147738 0.273544 0.103779 0.199263
2 2 0.122495 0.239414 0.323038 0.071079 0.243974
2 2 0.067929 0.102040 0.674690 0.093799 0.061541
2 2 0.049781 0.096288 0.720126 0.079255 0.054550
0 2 0.290863 0.151628 0.225750 0.086822 0.244937
0 0 0.697069 0.033340 0.057386 0.083701 0.128504
0 0 0.729373 0.029237 0.043430 0.062639 0.135321
0 0 0.422695 0.092850 0.187384 0.127525 0.169546
4 0 0.209026 0.195846 0.187535 0.056497 0.351096
2 1 0.095979 0.226955 0.400571 0.068784 0.207711
2 1 0.074411 0.157633 0.575056 0.079467 0.113432
2 2 0.032666 0.060558 0.806253 0.072282 0.028241
2 2 0.027725 0.053700 0.827159 0.067680 0.023736
2 2 0.027919 0.053976 0.826321 0.067872 0.023912
2 2 0.031064 0.058373 0.812934 0.070854 0.026775
2 2 0.027036 0.052716 0.830145 0.066990 0.023113
2 2 0.018797 0.040272 0.867668 0.057527 0.015736
2 2 0.049478 0.081708 0.740440 0.084485 0.043889
2 2 0.051093 0.083595 0.734452 0.085443 0.045416
2 2 0.046196 0.077805 0.752761 0.082438 0.040800
2 2 0.042954 0.073849 0.765162 0.080273 0.037762
2 2 0.072931 0.143628 0.601463 0.082825 0.099153
2 2 0.041896 0.072536 0.769259 0.079534 0.036775
2 2 0.038581 0.068346 0.782276 0.077103 0.033693
2 2 0.047659 0.079557 0.747241 0.083367 0.042175
2 2 0.028011 0.054106 0.825925 0.067963 0.023996
2 2 0.026749 0.052303 0.831397 0.066698 0.022853
2 2 0.045368 0.076804 0.755906 0.081899 0.040022
2 2 0.021990 0.045252 0.852695 0.061488 0.018575
2 3 0.092593 0.125722 0.593951 0.101943 0.085791
2 3 0.029856 0.056701 0.818032 0.069738 0.025673
2 3 0.022579 0.027668 0.683593 0.244690 0.021469
2 3 0.054171 0.087129 0.723179 0.087185 0.048336
2 2 0.062744 0.099556 0.688514 0.090321 0.058865
2 2 0.020156 0.042534 0.859013 0.061044 0.017254
2 2 0.018079 0.039119 0.871126 0.056574 0.015102
2 2 0.030702 0.057874 0.814456 0.070523 0.026445
2 2 0.015358 0.034630 0.884589 0.052713 0.012711
2 2 0.023699 0.047831 0.844922 0.063445 0.020104
2 2 0.040058 0.070228 0.776442 0.078208 0.035064
2 2 0.031034 0.058331 0.813062 0.070826 0.026747
2 2 0.034214 0.062637 0.799879 0.073609 0.029661
2 2 0.018546 0.039870 0.868873 0.057196 0.015514
2 2 0.039303 0.050407 0.735264 0.143315 0.031711
2 2 0.042331 0.069089 0.760313 0.091209 0.037059
2 2 0.229767 0.161303 0.315366 0.106675 0.186889
2 2 0.139476 0.206223 0.370750 0.088808 0.194742
2 2 0.024111 0.048445 0.843067 0.063902 0.020475
2 2 0.028496 0.054793 0.823837 0.068438 0.024436
2 2 0.124524 0.216357 0.373694 0.080947 0.204478
2 2 0.051521 0.084091 0.732874 0.085692 0.045822
2 2 0.070277 0.120193 0.643623 0.088782 0.077124
2 2 0.092325 0.167292 0.525598 0.086469 0.128316
2 2 0.018183 0.039288 0.870621 0.056714 0.015194
2 2 0.027357 0.053175 0.828751 0.067313 0.023403
2 2 0.065166 0.129859 0.638577 0.081642 0.084756
2 2 0.031946 0.059581 0.809244 0.071647 0.027582
2 2 0.046120 0.082675 0.746648 0.080387 0.044169
2 2 0.047637 0.079531 0.747323 0.083354 0.042155
2 2 0.054122 0.087073 0.723359 0.087158 0.048289
2 2 0.039437 0.069439 0.778889 0.077748 0.034487
2 2 0.027976 0.054057 0.826075 0.067928 0.023964
2 2 0.035672 0.064671 0.792039 0.076242 0.031376
2 2 0.042924 0.073812 0.765277 0.080252 0.037735
2 2 0.043708 0.073009 0.751089 0.092194 0.040000
2 2 0.111231 0.125460 0.556248 0.115167 0.091894
2 2 0.066428 0.048815 0.465948 0.362068 0.056740
2 2 0.042035 0.073426 0.754606 0.090009 0.039924
0 2 0.750640 0.024809 0.039376 0.066858 0.118317
2 0 0.245117 0.170815 0.250907 0.085352 0.247809
2 0 0.041537 0.060957 0.666124 0.184104 0.047277
2 0 0.050348 0.082727 0.737209 0.085005 0.044711
2 0 0.060128 0.080216 0.691559 0.117446 0.050650
0 4 0.637157 0.048725 0.069101 0.066090 0.178927
0 4 0.845378 0.011286 0.016062 0.042440 0.084834
0 4 0.888898 0.004457 0.009450 0.059983 0.037213
0 1 0.731003 0.029300 0.041405 0.057514 0.140778
4 1 0.089503 0.282885 0.265632 0.047843 0.314137
2 4 0.087615 0.216879 0.437818 0.068840 0.188849
2 4 0.074450 0.214852 0.466779 0.063725 0.180195
2 4 0.069958 0.164013 0.572327 0.074834 0.118868
2 4 0.064516 0.118422 0.657534 0.084903 0.074625
2 4 0.030706 0.057880 0.814439 0.070527 0.026449
2 4 0.035696 0.064600 0.793843 0.074835 0.031026
2 4 0.201410 0.170605 0.341489 0.106664 0.179832
0 4 0.648015 0.045374 0.069281 0.073833 0.163496
0 0 0.847778 0.010657 0.016419 0.047760 0.077387
4 0 0.168376 0.218242 0.177525 0.046685 0.389171
4 0 0.077292 0.298397 0.240954 0.039929 0.343428
2 4 0.068646 0.182527 0.541300 0.069048 0.138479
2 4 0.068973 0.199837 0.507572 0.064818 0.158799
2 4 0.062409 0.158542 0.596442 0.071350 0.111256
2 4 0.022266 0.045673 0.851426 0.061812 0.018822
2 4 0.053183 0.125956 0.668778 0.073112 0.078971
2 2 0.042757 0.082106 0.755020 0.076763 0.043354
2 2 0.070177 0.183138 0.537238 0.069775 0.139672
2 2 0.052576 0.101413 0.706908 0.080233 0.058871
2 2 0.022112 0.045438 0.852136 0.061631 0.018683
2 2 0.191049 0.172575 0.354995 0.107880 0.173502
0 2 0.357109 0.125796 0.199807 0.090658 0.226631
0 0 0.854537 0.009643 0.015438 0.049249 0.071134
4 0 0.093011 0.278347 0.272362 0.050184 0.306095
4 1 0.204629 0.198519 0.207072 0.061424 0.328356
4 1 0.328949 0.137536 0.126143 0.053490 0.353883
0 1 0.536873 0.069285 0.066023 0.048303 0.279516
4 0 0.241586 0.176941 0.217992 0.074854 0.288628
2 0 0.053225 0.086051 0.726625 0.086661 0.047437
2 2 0.068173 0.138496 0.618920 0.081144 0.093267
2 2 0.041816 0.072436 0.769570 0.079477 0.036701
2 2 0.135111 0.223886 0.337601 0.079580 0.223823
2 2 0.115399 0.254027 0.287794 0.060309 0.282471
2 2 0.086543 0.170095 0.530886 0.082563 0.129913
2 2 0.017465 0.038124 0.874112 0.055738 0.014560
2 2 0.022111 0.045437 0.852139 0.061630 0.018683
2 2 0.108644 0.139354 0.544768 0.105287 0.101946
0 2 0.911239 0.004287 0.005888 0.027734 0.050853
0 2 0.557147 0.065608 0.106895 0.088569 0.181782
0 0 0.942679 0.001908 0.002723 0.021549 0.031142
0 0 0.904225 0.004620 0.007225 0.035853 0.048077
0 0 0.862983 0.009106 0.013096 0.039984 0.074831
0 0 0.912984 0.003935 0.006018 0.032404 0.044659
0 0 0.951932 0.000891 0.001835 0.030150 0.015192
0 0 0.895027 0.003426 0.007985 0.063777 0.029785
0 0 0.857322 0.008210 0.015484 0.061665 0.057320
0 0 0.904042 0.004583 0.007294 0.036858 0.047222
4 0 0.270159 0.165048 0.197428 0.071137 0.296229
4 1 0.098405 0.271317 0.282411 0.053843 0.294024
4 1 0.123058 0.252457 0.248933 0.053811 0.321741
4 4 0.068262 0.199226 0.048030 0.009355 0.675127
4 4 0.059161 0.270014 0.092706 0.014421 0.563698
4 4 0.047902 0.321263 0.142967 0.018853 0.469016
4 4 0.105949 0.147790 0.032521 0.008387 0.705353
4 4 0.092494 0.216235 0.072438 0.014959 0.603875
4 4 0.182790 0.084056 0.021342 0.011280 0.700532
4 4 0.121258 0.112273 0.026271 0.010019 0.730179
4 4 0.068151 0.260702 0.094449 0.015824 0.560874
4 4 0.298921 0.116592 0.057058 0.025056 0.502372
4 4 0.148716 0.167404 0.058495 0.016452 0.608933
4 4 0.139272 0.151357 0.048269 0.015025 0.646078
4 4 0.113362 0.136566 0.036516 0.012085 0.701470
4 4 0.221967 0.052669 0.012810 0.010850 0.701704
4 4 0.076273 0.244131 0.085765 0.015499 0.578332
4 4 0.058589 0.249838 0.073151 0.011727 0.606695
4 4 0.167458 0.133429 0.040808 0.013919 0.644387
4 4 0.220983 0.044084 0.010508 0.010850 0.713575
4 4 0.224107 0.080592 0.023670 0.013743 0.657889
4 4 0.180309 0.128518 0.038048 0.013003 0.640121
4 4 0.078024 0.216984 0.063165 0.012135 0.629691
4 4 0.086671 0.235144 0.086479 0.016754 0.574951
4 4 0.160280 0.133363 0.044968 0.016760 0.644630
4 4 0.042013 0.324788 0.129372 0.016080 0.487748
4 4 0.148156 0.121535 0.036823 0.014731 0.678755
4 4 0.186980 0.169283 0.078264 0.024078 0.541395
4 4 0.448563 0.058252 0.024597 0.017714 0.450874
4 4 0.129915 0.164281 0.050119 0.013649 0.642036
4 4 0.094058 0.251822 0.117910 0.022923 0.513288
4 4 0.065005 0.284665 0.121896 0.019258 0.509176
4 4 0.098321 0.219568 0.080001 0.016831 0.585279
4 4 0.113674 0.100895 0.023106 0.010094 0.752232
4 4 0.174685 0.087940 0.021577 0.010629 0.705169
4 4 0.174656 0.146502 0.049845 0.015881 0.613116
4 4 0.056653 0.262974 0.082421 0.012740 0.585212
4 4 0.119852 0.173592 0.052107 0.013190 0.641260
4 4 0.050821 0.310798 0.132106 0.018122 0.488153
4 4 0.099513 0.267764 0.170312 0.032951 0.429459
4 4 0.048107 0.323861 0.149501 0.019676 0.458855
4 4 0.045868 0.334444 0.167181 0.021258 0.431249
4 4 0.056287 0.323414 0.193488 0.027169 0.399641
0 4 0.481689 0.088202 0.104484 0.065015 0.260609
2 4 0.106743 0.260349 0.297246 0.059640 0.276023
2 2 0.108773 0.257664 0.300732 0.061078 0.271754
4 2 0.065235 0.313101 0.214544 0.032470 0.374651
4 2 0.075821 0.300230 0.237844 0.038999 0.347106
4 2 0.294887 0.140289 0.095864 0.038589 0.430371
0 2 0.673328 0.032161 0.022504 0.025093 0.246914
4 2 0.107565 0.264279 0.268703 0.053802 0.305651
4 2 0.085216 0.288387 0.257191 0.045023 0.324184
4 2 0.079873 0.295161 0.246336 0.041571 0.337058
4 2 0.090278 0.281886 0.267131 0.048357 0.312348
2 2 0.103560 0.264548 0.291681 0.057406 0.282805
2 2 0.103947 0.232449 0.373513 0.069401 0.220691
2 2 0.092585 0.203755 0.455930 0.074849 0.172881
2 2 0.115235 0.249088 0.311507 0.065726 0.258444
2 2 0.069287 0.166623 0.568991 0.073688 0.121411
2 2 0.118411 0.244859 0.316627 0.068051 0.252052
2 2 0.121452 0.227407 0.353951 0.075782 0.221409
2 3 0.143101 0.201862 0.374103 0.091575 0.189359
4 3 0.235179 0.180398 0.225192 0.073662 0.285569
2 3 0.257709 0.161006 0.262720 0.093512 0.225053
2 2 0.108209 0.258409 0.299769 0.060678 0.272934
2 2 0.116345 0.238855 0.335614 0.070088 0.239098
2 2 0.074024 0.143391 0.599797 0.083629 0.099158
2 2 0.115973 0.220098 0.380141 0.077240 0.206549
2 2 0.159353 0.216240 0.295447 0.075853 0.253107
4 2 0.168692 0.217000 0.170353 0.044958 0.398997
2 2 0.082863 0.215609 0.449308 0.067257 0.184964
2 2 0.072490 0.194459 0.511332 0.068076 0.153643
2 2 0.053397 0.126139 0.668049 0.073245 0.079170
2 2 0.020769 0.043374 0.858347 0.060024 0.017486
2 2 0.022819 0.046510 0.848906 0.062450 0.019316
2 2 0.025680 0.050754 0.836089 0.065590 0.021887
2 2 0.019201 0.040914 0.865740 0.058052 0.016093
2 2 0.023165 0.047032 0.847333 0.062845 0.019626
2 2 0.025147 0.049975 0.838445 0.065026 0.021407
2 2 0.014526 0.033216 0.888826 0.051445 0.011986
2 2 0.017252 0.037777 0.875154 0.055444 0.014373
2 2 0.028200 0.054375 0.825110 0.068149 0.024167
2 2 0.021617 0.044681 0.854414 0.061047 0.018241
2 2 0.015562 0.034974 0.883558 0.053017 0.012890
2 2 0.015269 0.035422 0.863710 0.070462 0.015138
2 2 0.034281 0.062727 0.799601 0.073666 0.029724
2 2 0.019857 0.041949 0.862630 0.058890 0.016675
2 2 0.015996 0.036744 0.857596 0.073536 0.016128
2 2 0.018353 0.025105 0.752438 0.187735 0.016368
2 2 0.014440 0.028246 0.814745 0.126989 0.015579
2 2 0.016379 0.031325 0.814784 0.120484 0.017028
2 2 0.023603 0.049804 0.793186 0.105731 0.027677
2 2 0.017425 0.021915 0.631364 0.309948 0.019349
3 2 0.017630 0.010115 0.216002 0.735878 0.020375
2 2 0.021196 0.023443 0.502451 0.425838 0.027071
3 2 0.025636 0.023075 0.352076 0.563069 0.036144
3 3 0.025676 0.012945 0.151915 0.776324 0.033140
3 3 0.019566 0.003794 0.055120 0.907117 0.014403
3 3 0.029404 0.013558 0.157898 0.765582 0.033558
3 3 0.018069 0.005086 0.092156 0.869427 0.015262
3 3 0.016904 0.003881 0.068008 0.897905 0.013302
3 3 0.020220 0.007668 0.135750 0.816883 0.019478
3 3 0.018103 0.002850 0.044200 0.923172 0.011675
3 3 0.017899 0.002068 0.033681 0.937101 0.009251
3 3 0.016109 0.002478 0.038835 0.931810 0.010768
3 3 0.017876 0.005613 0.098149 0.861777 0.016585
3 3 0.026806 0.010764 0.158456 0.778331 0.025644
3 3 0.016468 0.007631 0.160607 0.797472 0.017822
3 3 0.018863 0.007314 0.161878 0.795402 0.016543
3 3 0.016519 0.005025 0.101455 0.862671 0.014331
3 3 0.015569 0.003840 0.065603 0.901432 0.013556
3 3 0.023009 0.006687 0.095097 0.854932 0.020275
3 3 0.022775 0.005015 0.069401 0.885499 0.017309
3 3 0.016415 0.002984 0.047879 0.920796 0.011927
3 3 0.024865 0.008691 0.112164 0.829358 0.024922
3 3 0.024724 0.004375 0.059677 0.895357 0.015867
3 3 0.016144 0.002232 0.035959 0.935757 0.009907
3 3 0.019152 0.005215 0.080805 0.877898 0.016931
3 3 0.017900 0.003245 0.046892 0.918721 0.013241
3 3 0.020637 0.002825 0.041818 0.922986 0.011733
3 3 0.015465 0.001982 0.033066 0.940449 0.009039
3 3 0.017121 0.002298 0.036540 0.933947 0.010094
3 3 0.015107 0.001763 0.030400 0.944481 0.008248
3 3 0.015774 0.002367 0.037619 0.933842 0.010398
3 3 0.017314 0.002015 0.033144 0.938442 0.009085
3 3 0.019183 0.002296 0.036147 0.932371 0.010003
3 3 0.019954 0.003379 0.047826 0.915280 0.013561
3 3 0.022236 0.003655 0.050150 0.909645 0.014314
3 3 0.019397 0.003085 0.044854 0.920023 0.012642
3 3 0.017476 0.001972 0.032588 0.939042 0.008922
3 3 0.012788 0.001233 0.023678 0.956030 0.006272
3 3 0.016241 0.002212 0.035700 0.936016 0.009832
3 3 0.015408 0.001431 0.026008 0.950183 0.006970
3 3 0.011439 0.001018 0.020754 0.961363 0.005425
3 3 0.016842 0.001849 0.031182 0.941628 0.008499
3 3 0.016098 0.001424 0.025810 0.949748 0.006920
3 3 0.014078 0.001322 0.024719 0.953298 0.006584
3 3 0.014767 0.001575 0.028019 0.948091 0.007548
3 3 0.017100 0.002166 0.034995 0.936107 0.009632
3 3 0.014128 0.001562 0.027966 0.948820 0.007525
3 3 0.013057 0.001401 0.025981 0.952624 0.006937
3 3 0.013997 0.001796 0.031028 0.944760 0.008419
3 3 0.011366 0.000839 0.017983 0.965166 0.004647
3 3 0.013402 0.001020 0.020484 0.959726 0.005368
3 3 0.010976 0.001295 0.024899 0.956230 0.006600
3 3 0.014473 0.001200 0.022960 0.955283 0.006083
3 3 0.011283 0.001004 0.020559 0.961786 0.005369
3 3 0.011948 0.001091 0.021764 0.959480 0.005717
3 3 0.015959 0.002608 0.040634 0.929619 0.011180
3 3 0.012178 0.000825 0.017651 0.964786 0.004561
3 3 0.013446 0.001176 0.022768 0.956592 0.006018
3 3 0.011770 0.001069 0.021461 0.960071 0.005629
3 3 0.015661 0.001388 0.025392 0.950765 0.006794
3 3 0.015327 0.001831 0.031220 0.943131 0.008492
3 3 0.011901 0.001001 0.020425 0.961336 0.005337
3 3 0.011844 0.001050 0.021166 0.960395 0.005546
3 3 0.013006 0.001024 0.020610 0.959961 0.005400
3 3 0.014278 0.001220 0.023265 0.955068 0.006169
3 3 0.018855 0.003815 0.052529 0.909807 0.014995
3 3 0.014013 0.001362 0.025290 0.952587 0.006748
3 3 0.023564 0.008837 0.119839 0.823192 0.024569
3 3 0.106226 0.049051 0.252352 0.503238 0.089134
2 3 0.028725 0.044488 0.797708 0.105652 0.023426
2 3 0.023726 0.023030 0.504639 0.422634 0.025972
2 3 0.017725 0.029290 0.755222 0.178372 0.019390
2 2 0.058276 0.261113 0.395907 0.045515 0.239189
2 2 0.037272 0.093524 0.752056 0.066535 0.050613
2 2 0.017116 0.038391 0.857604 0.070339 0.016550
2 2 0.059854 0.191467 0.541613 0.061601 0.145465
2 2 0.057278 0.211899 0.506697 0.055554 0.168572
2 2 0.050878 0.205559 0.532584 0.053011 0.157967
2 2 0.051191 0.260938 0.412160 0.042439 0.233271
4 2 0.036629 0.338711 0.134145 0.015457 0.475058
4 2 0.044500 0.326163 0.230924 0.025371 0.373042
2 2 0.049893 0.189527 0.565580 0.055564 0.139437
2 2 0.067801 0.272137 0.346729 0.046355 0.266978
2 2 0.082899 0.263611 0.337050 0.053271 0.263169
4 2 0.074265 0.302157 0.234522 0.038022 0.351033
4 2 0.055928 0.298490 0.298791 0.035860 0.310931
4 2 0.052185 0.318831 0.235117 0.028989 0.364879
4 4 0.057549 0.277871 0.099122 0.015050 0.550408
4 4 0.087542 0.285408 0.261800 0.046547 0.318703
4 4 0.047415 0.331143 0.165597 0.021444 0.434402
4 4 0.049197 0.326453 0.209094 0.025722 0.389535
4 4 0.053131 0.315156 0.247542 0.030388 0.353783
4 4 0.044018 0.319978 0.127674 0.016287 0.492043
4 4 0.086521 0.287895 0.237555 0.041913 0.346116
4 4 0.050780 0.317157 0.247268 0.029329 0.355467
4 4 0.048342 0.331658 0.176600 0.022870 0.420530
4 4 0.050111 0.317766 0.247051 0.029015 0.356057
2 4 0.057275 0.273421 0.367126 0.042365 0.259813
4 4 0.047574 0.306872 0.294902 0.031370 0.319282
2 4 0.052951 0.258833 0.413227 0.043670 0.231319
2 4 0.052793 0.296168 0.314350 0.035526 0.301162
2 4 0.070690 0.222354 0.458316 0.060060 0.188580
2 4 0.061291 0.218674 0.484689 0.056275 0.179072
2 4 0.064534 0.199962 0.515955 0.062355 0.157193
2 4 0.053098 0.115929 0.684430 0.076000 0.070542
2 2 0.142527 0.231621 0.284415 0.067721 0.273716
2 2 0.102457 0.266004 0.289703 0.056634 0.285202
2 2 0.061800 0.136633 0.634357 0.077009 0.090200
2 2 0.047131 0.089275 0.735587 0.079002 0.049004
2 2 0.035518 0.064366 0.794562 0.074691 0.030862
2 2 0.025722 0.050815 0.835903 0.065634 0.021925
2 2 0.051131 0.093544 0.721031 0.081610 0.052683
2 2 0.036426 0.079104 0.773814 0.070165 0.040491
2 2 0.058808 0.115472 0.673396 0.081159 0.071165
0 2 0.316934 0.136024 0.237996 0.099240 0.209805
2 2 0.253310 0.153698 0.294298 0.106616 0.192078
2 2 0.114989 0.176467 0.470056 0.093321 0.145167
2 2 0.058137 0.148578 0.621910 0.070911 0.100464
2 2 0.069970 0.135615 0.620127 0.083336 0.090952
2 2 0.073370 0.167602 0.559530 0.075913 0.123585
2 2 0.037765 0.072869 0.778646 0.074192 0.036529
2 2 0.075579 0.135405 0.609850 0.087304 0.091862
2 2 0.033157 0.061221 0.804222 0.072709 0.028691
2 2 0.046580 0.081119 0.747647 0.081519 0.043136
2 2 0.052059 0.098650 0.711925 0.080696 0.056670
2 2 0.033365 0.061501 0.803363 0.072888 0.028882
2 2 0.019945 0.042088 0.862213 0.059001 0.016753
2 2 0.035705 0.064612 0.793805 0.074843 0.031035
2 2 0.079781 0.150457 0.577337 0.085024 0.107402
2 2 0.087280 0.120915 0.610772 0.100525 0.080508
2 2 0.232790 0.160413 0.312454 0.106529 0.187814
2 2 0.147353 0.207389 0.354868 0.089534 0.200856
2 2 0.103085 0.265174 0.290839 0.057075 0.283827
4 2 0.081098 0.293617 0.248859 0.042356 0.334070
2 2 0.014210 0.032672 0.890458 0.050950 0.011710
2 2 0.025167 0.050003 0.838358 0.065047 0.021425
2 2 0.024545 0.049087 0.841127 0.064376 0.020865
2 2 0.014934 0.033913 0.886738 0.052073 0.012342
2 2 0.022358 0.045812 0.851008 0.061919 0.018903
2 2 0.013026 0.030607 0.896651 0.049033 0.010683
2 2 0.050503 0.123178 0.678706 0.071541 0.076073
2 2 0.043277 0.084696 0.750393 0.076405 0.045228
2 2 0.053636 0.104858 0.699720 0.080063 0.061723
2 2 0.023436 0.047439 0.846105 0.063151 0.019869
2 2 0.029047 0.055570 0.821477 0.068970 0.024937
2 2 0.025403 0.050348 0.837315 0.065297 0.021637
2 2 0.027715 0.053686 0.827202 0.067670 0.023727
2 2 0.015915 0.035566 0.881782 0.053538 0.013199
2 2 0.021030 0.043779 0.857130 0.060342 0.017719
2 2 0.018525 0.039836 0.868975 0.057169 0.015495
2 2 0.018886 0.040414 0.867241 0.057644 0.015815
2 2 0.036354 0.066617 0.789798 0.074873 0.032359
2 2 0.169645 0.152304 0.423260 0.111538 0.143253
0 0 0.331705 0.131205 0.228504 0.098635 0.209950
0 0 0.416821 0.106642 0.170108 0.088365 0.218065
2 0 0.055758 0.114329 0.681340 0.078877 0.069696
2 2 0.032548 0.060717 0.800701 0.076782 0.029252
2 2 0.055328 0.088437 0.718986 0.087812 0.049436
2 2 0.022745 0.046399 0.849239 0.062366 0.019250
2 2 0.022779 0.046450 0.849085 0.062405 0.019280
2 2 0.021684 0.044784 0.854104 0.061127 0.018301
2 2 0.036249 0.065326 0.791605 0.075282 0.031537
2 2 0.028503 0.054803 0.823807 0.068445 0.024442
2 2 0.038589 0.068356 0.782246 0.077109 0.033700
2 2 0.021678 0.044775 0.854131 0.061120 0.018296
0 2 0.461498 0.091584 0.150824 0.093063 0.203031
2 2 0.046277 0.077902 0.752456 0.082490 0.040876
2 2 0.020754 0.043350 0.858419 0.060005 0.017472
2 2 0.012517 0.029704 0.899359 0.048176 0.010243
2 2 0.028156 0.054312 0.825300 0.068105 0.024127
2 2 0.020116 0.042357 0.861405 0.059216 0.016906
0 2 0.866698 0.008161 0.013314 0.047870 0.063957
0 0 0.890088 0.005878 0.009313 0.040226 0.054494
0 0 0.490875 0.086185 0.127428 0.077681 0.217830
2 2 0.126160 0.233338 0.331524 0.074337 0.234641
2 2 0.081705 0.181207 0.519331 0.076620 0.141138
2 4 0.118915 0.208082 0.401084 0.082641 0.189278
2 4 0.151873 0.200189 0.363551 0.094255 0.190132
2 4 0.108263 0.258339 0.299860 0.060716 0.272823
2 4 0.079521 0.178259 0.528797 0.076331 0.137092
2 4 0.116322 0.240907 0.330550 0.069264 0.242956
2 2 0.047440 0.079296 0.748064 0.083230 0.041969
2 2 0.037976 0.070241 0.781418 0.075520 0.034846
2 2 0.033302 0.061416 0.803625 0.072834 0.028824
2 2 0.023356 0.047319 0.846466 0.063061 0.019798
2 2 0.104323 0.158869 0.519553 0.095378 0.121877
0 2 0.335296 0.135846 0.195677 0.083753 0.249428
0 2 0.530767 0.073145 0.078667 0.055858 0.261562
4 2 0.091402 0.280433 0.269293 0.049106 0.309766
2 4 0.092281 0.246304 0.362379 0.061400 0.237636
2 4 0.066185 0.161364 0.584197 0.073138 0.115117
2 4 0.089267 0.240429 0.382258 0.062336 0.225709
2 4 0.076963 0.178126 0.533771 0.074974 0.136166
2 4 0.037955 0.081647 0.766799 0.071185 0.042413
2 4 0.055157 0.112348 0.685544 0.078980 0.067971
2 2 0.040039 0.070204 0.776516 0.078194 0.035047
2 2 0.019875 0.041979 0.862541 0.058913 0.016692
2 2 0.020959 0.043667 0.857465 0.060255 0.017655
2 2 0.021875 0.045076 0.853226 0.061352 0.018471
2 2 0.041876 0.095133 0.739201 0.071278 0.052511
2 2 0.131841 0.156864 0.477538 0.107957 0.125799
2 2 0.177180 0.195907 0.320657 0.089636 0.216620
2 2 0.218674 0.181248 0.273756 0.086513 0.239809
2 2 0.129902 0.229521 0.334179 0.076686 0.229712
2 2 0.075082 0.138875 0.605191 0.085806 0.095046
2 2 0.027255 0.053029 0.829194 0.067211 0.023311
2 2 0.035433 0.064253 0.794910 0.074621 0.030783
2 2 0.047589 0.087495 0.736980 0.080156 0.047779
2 2 0.025121 0.049935 0.838564 0.064997 0.021383
2 2 0.067607 0.137356 0.621858 0.081092 0.092087
2 2 0.025909 0.051087 0.835081 0.065830 0.022094
2 2 0.068770 0.127189 0.635769 0.085229 0.083043
2 2 0.035304 0.064083 0.795434 0.074515 0.030664
2 2 0.109516 0.140058 0.542164 0.105431 0.102832
2 2 0.176138 0.192906 0.331828 0.093093 0.206035
2 2 0.149299 0.168434 0.429602 0.108513 0.144153
4 2 0.210705 0.194735 0.215881 0.065330 0.313349
2 2 0.103858 0.264156 0.292207 0.057614 0.282165
2 2 0.111317 0.217921 0.393062 0.076716 0.200983
2 2 0.061799 0.273439 0.356740 0.044011 0.264010
2 2 0.060655 0.176937 0.567144 0.065528 0.129736
2 2 0.045345 0.119858 0.694848 0.067674 0.072275
2 2 0.156938 0.215216 0.304982 0.077468 0.245395
0 0 0.716385 0.032523 0.040192 0.046787 0.164113
0 0 0.397671 0.114607 0.163189 0.080686 0.243847
4 0 0.187467 0.207468 0.231320 0.064858 0.308887
