0 0 0.792286 0.016533 0.034450 0.143050 0.013680
0 0 0.785246 0.017902 0.036631 0.145324 0.014897
0 0 0.755107 0.024249 0.046250 0.153768 0.020627
0 0 0.602734 0.065945 0.097813 0.172814 0.060692
0 0 0.863214 0.005555 0.014734 0.112234 0.004262
0 0 0.810277 0.013247 0.029020 0.136665 0.010791
0 0 0.673019 0.044960 0.073790 0.168143 0.040088
0 0 0.769983 0.021021 0.041451 0.149850 0.017696
0 0 0.702050 0.037119 0.063915 0.164312 0.032604
4 1 0.209351 0.226134 0.209693 0.113734 0.241088
4 1 0.113275 0.270863 0.279004 0.036327 0.300531
2 1 0.055793 0.260758 0.351872 0.013289 0.318289
2 1 0.056351 0.239559 0.390760 0.015565 0.297765
2 1 0.026542 0.160402 0.585545 0.010192 0.217318
2 1 0.006606 0.057949 0.887165 0.016383 0.031897
2 1 0.031549 0.167340 0.548562 0.011411 0.241138
2 1 0.007491 0.066907 0.872268 0.015661 0.037673
2 1 0.011173 0.079256 0.840687 0.022110 0.046774
2 2 0.009234 0.070948 0.850810 0.014537 0.054471
2 2 0.006051 0.059603 0.881514 0.010216 0.042616
0 2 0.249391 0.206390 0.202133 0.125779 0.216306
0 4 0.741693 0.027309 0.050646 0.156915 0.023436
0 4 0.673341 0.044871 0.073680 0.168107 0.040002
0 4 0.763862 0.022327 0.043415 0.151519 0.018878
0 4 0.666602 0.046762 0.075981 0.168828 0.041826
0 4 0.613317 0.062618 0.094205 0.172486 0.057374
0 4 0.598909 0.067162 0.099115 0.172903 0.061910
4 4 0.147370 0.257898 0.254904 0.058134 0.281695
4 4 0.046913 0.220302 0.231672 0.027677 0.473436
2 4 0.055215 0.236742 0.345271 0.019245 0.343528
2 4 0.040297 0.190857 0.451590 0.016695 0.300561
0 4 0.409489 0.135819 0.160460 0.160006 0.134227
0 4 0.591837 0.069431 0.101520 0.173026 0.064187
0 4 0.701714 0.037207 0.064029 0.164364 0.032687
0 4 0.646395 0.052592 0.082894 0.170627 0.047491
0 4 0.336951 0.166285 0.181075 0.147105 0.168584
0 4 0.349963 0.160646 0.177552 0.149729 0.162111
0 4 0.443588 0.122296 0.150068 0.164613 0.119436
0 0 0.469486 0.112360 0.141936 0.167478 0.108740
0 0 0.651562 0.051080 0.081126 0.170217 0.046015
0 0 0.607353 0.064486 0.096240 0.172686 0.059235
0 0 0.556106 0.081261 0.113584 0.172857 0.076191
4 0 0.183696 0.217573 0.200610 0.123681 0.274441
4 0 0.145499 0.241317 0.233091 0.076020 0.304072
4 0 0.209351 0.226134 0.209693 0.113734 0.241088
0 0 0.281782 0.191096 0.194957 0.134433 0.197733
0 0 0.372396 0.151104 0.171286 0.153934 0.151279
0 0 0.773860 0.020209 0.040215 0.148750 0.016965
0 0 0.454437 0.118098 0.146684 0.165880 0.114900
4 0 0.109536 0.168440 0.155295 0.163048 0.403681
4 0 0.209351 0.226134 0.209693 0.113734 0.241088
0 0 0.243602 0.209185 0.203324 0.124133 0.219756
4 0 0.129266 0.239748 0.233150 0.070954 0.326881
0 0 0.267924 0.197570 0.198128 0.130845 0.205534
4 0 0.209351 0.226134 0.209693 0.113734 0.241088
4 1 0.058884 0.201484 0.200305 0.053457 0.485870
4 4 0.088084 0.213701 0.207301 0.072726 0.418188
4 4 0.029850 0.200498 0.331016 0.014382 0.424253
4 4 0.209351 0.226134 0.209693 0.113734 0.241088
4 4 0.220561 0.220506 0.207745 0.117265 0.233923
0 4 0.492162 0.103899 0.134669 0.169525 0.099745
4 4 0.209351 0.226134 0.209693 0.113734 0.241088
4 4 0.196835 0.219992 0.202838 0.122379 0.257956
4 4 0.122599 0.238829 0.232963 0.068700 0.336908
4 4 0.061765 0.248162 0.263491 0.025347 0.401235
4 4 0.130848 0.199414 0.183293 0.130805 0.355640
4 4 0.136912 0.190776 0.172791 0.151814 0.347708
4 4 0.032842 0.183380 0.189956 0.031036 0.562786
4 4 0.088340 0.251675 0.258046 0.038713 0.363226
4 2 0.069188 0.235866 0.242560 0.037071 0.415316
4 2 0.080619 0.278296 0.300367 0.020850 0.319867
4 2 0.046501 0.233336 0.250705 0.021580 0.447878
4 2 0.045162 0.234456 0.253284 0.020194 0.446904
4 2 0.054893 0.258305 0.282673 0.017570 0.386559
2 2 0.022647 0.167757 0.617197 0.009472 0.182927
2 2 0.024137 0.174321 0.587165 0.008804 0.205573
2 2 0.043308 0.185643 0.604025 0.039094 0.127929
2 2 0.023538 0.143990 0.721528 0.028640 0.082304
2 2 0.029276 0.180093 0.616050 0.016511 0.158071
2 2 0.014987 0.084059 0.819393 0.034870 0.046691
2 2 0.006310 0.052023 0.895908 0.021049 0.024709
2 2 0.003013 0.027982 0.939460 0.016730 0.012816
2 2 0.086926 0.258913 0.381054 0.039796 0.233312
2 2 0.005771 0.040326 0.907813 0.026496 0.019594
2 2 0.011884 0.079460 0.837288 0.024325 0.047043
2 2 0.078032 0.237506 0.389806 0.031013 0.263643
2 2 0.004786 0.036084 0.918638 0.022677 0.017813
2 2 0.003355 0.025314 0.933141 0.028647 0.009543
2 2 0.007903 0.044842 0.886363 0.040476 0.020415
2 2 0.005439 0.040701 0.910695 0.021311 0.021854
2 2 0.020659 0.088109 0.787953 0.048211 0.055067
2 2 0.005571 0.040164 0.909996 0.020306 0.023963
2 2 0.006894 0.038809 0.887031 0.053995 0.013270
2 2 0.003925 0.035011 0.926532 0.014901 0.019631
2 2 0.005181 0.032118 0.913371 0.035350 0.013979
2 3 0.004864 0.031311 0.906731 0.047566 0.009528
2 3 0.003934 0.026285 0.921172 0.039817 0.008792
2 3 0.005092 0.032919 0.852033 0.098943 0.011013
2 3 0.001894 0.016536 0.947383 0.029712 0.004475
2 3 0.012739 0.058166 0.835401 0.072037 0.021657
2 3 0.004834 0.033182 0.892573 0.059351 0.010060
2 3 0.015624 0.073170 0.769215 0.113887 0.028105
2 3 0.012324 0.068283 0.578794 0.246194 0.094406
2 3 0.003817 0.027472 0.916098 0.045439 0.007174
2 3 0.004660 0.032501 0.867785 0.085442 0.009612
2 3 0.003571 0.025379 0.894465 0.067835 0.008751
2 3 0.003387 0.023858 0.853296 0.112650 0.006809
2 3 0.006584 0.044380 0.710588 0.205978 0.032471
2 3 0.010889 0.042001 0.666666 0.256691 0.023753
2 3 0.016737 0.069265 0.552576 0.296941 0.064481
2 3 0.004875 0.023828 0.809346 0.154400 0.007552
3 3 0.009872 0.013827 0.120441 0.839987 0.015873
4 3 0.159670 0.252441 0.246182 0.067376 0.274331
0 3 0.488420 0.105280 0.135877 0.169217 0.101206
0 3 0.531254 0.089841 0.121869 0.172005 0.085030
2 3 0.067281 0.275928 0.396524 0.025441 0.234825
2 3 0.023351 0.130655 0.673983 0.049525 0.122485
2 3 0.011171 0.064012 0.853293 0.044892 0.026632
2 2 0.016092 0.067052 0.821046 0.061921 0.033888
0 2 0.379626 0.148077 0.169219 0.155204 0.147873
0 2 0.720520 0.032413 0.057691 0.161200 0.028176
0 4 0.673886 0.044719 0.073494 0.168046 0.039856
0 4 0.641001 0.054187 0.084740 0.171020 0.049052
4 4 0.034538 0.204087 0.217390 0.022940 0.521045
2 4 0.007545 0.072338 0.742729 0.044715 0.132673
2 4 0.079340 0.190246 0.437135 0.041282 0.251998
0 4 0.754380 0.024411 0.046486 0.153947 0.020776
0 4 0.685248 0.041594 0.069620 0.166679 0.036859
0 4 0.703842 0.036653 0.063309 0.164034 0.032163
0 4 0.724574 0.031411 0.056334 0.160441 0.027240
0 4 0.652735 0.050739 0.080725 0.170119 0.045683
0 4 0.465534 0.113857 0.143189 0.167076 0.110343
0 4 0.304131 0.180865 0.189558 0.139872 0.185574
0 4 0.229356 0.216147 0.206121 0.119947 0.228430
0 4 0.350386 0.160463 0.177436 0.149812 0.161903
0 4 0.523226 0.092673 0.124523 0.171607 0.087970
4 1 0.066719 0.181924 0.173134 0.086887 0.491336
4 1 0.069493 0.260287 0.294053 0.022671 0.353496
4 1 0.054510 0.190988 0.352977 0.037436 0.364089
4 1 0.175620 0.244760 0.234744 0.080571 0.264306
4 1 0.118831 0.268976 0.275056 0.039522 0.297615
2 2 0.012487 0.099143 0.685201 0.020471 0.182697
2 2 0.070250 0.220082 0.434813 0.032144 0.242711
0 2 0.230255 0.215704 0.205950 0.120217 0.227874
0 2 0.523080 0.092725 0.124571 0.171600 0.088024
0 2 0.373467 0.150654 0.170981 0.154125 0.150772
4 2 0.209351 0.226134 0.209693 0.113734 0.241088
4 4 0.107774 0.215788 0.206037 0.087212 0.383189
4 4 0.174119 0.245512 0.235828 0.079268 0.265273
4 4 0.209351 0.226134 0.209693 0.113734 0.241088
4 4 0.043562 0.137274 0.126836 0.109227 0.583101
4 4 0.057570 0.198766 0.197278 0.054272 0.492113
4 4 0.027212 0.137434 0.134047 0.056671 0.644637
4 4 0.032114 0.158681 0.157880 0.047751 0.603574
4 4 0.052911 0.254305 0.277818 0.017905 0.397062
4 4 0.073956 0.216406 0.214584 0.056333 0.438720
4 4 0.064887 0.185456 0.177974 0.079269 0.492415
4 4 0.060050 0.207876 0.208233 0.049277 0.474565
4 4 0.051237 0.155013 0.145238 0.097956 0.550556
4 4 0.069026 0.228061 0.231857 0.042283 0.428774
0 4 0.287265 0.116687 0.138048 0.244179 0.213821
4 4 0.074477 0.169874 0.156986 0.119338 0.479325
4 4 0.027901 0.192735 0.242354 0.018631 0.518379
4 4 0.035619 0.123876 0.114005 0.108728 0.617772
4 4 0.050147 0.119482 0.111692 0.155918 0.562761
4 4 0.031017 0.120729 0.112100 0.096406 0.639748
4 4 0.089700 0.140695 0.142152 0.161552 0.465903
4 4 0.038005 0.179583 0.181506 0.041701 0.559205
4 4 0.031032 0.201540 0.216767 0.020216 0.530445
4 4 0.023075 0.125032 0.121298 0.057512 0.673083
4 4 0.028707 0.159065 0.160585 0.039914 0.611728
4 4 0.037925 0.126726 0.116493 0.111541 0.607315
4 4 0.054786 0.145021 0.132669 0.125961 0.541563
4 4 0.052934 0.239596 0.255793 0.023521 0.428156
4 4 0.021551 0.167609 0.178332 0.021261 0.611246
4 4 0.025830 0.149355 0.150050 0.041055 0.633709
4 4 0.030526 0.170081 0.173782 0.035531 0.590080
4 4 0.029458 0.148863 0.147002 0.050729 0.623949
4 4 0.061222 0.226780 0.233288 0.036599 0.442112
4 4 0.085740 0.214523 0.208904 0.069582 0.421251
4 4 0.015938 0.154050 0.166308 0.016945 0.646759
4 4 0.027527 0.193002 0.304317 0.015536 0.459619
2 4 0.018257 0.124161 0.701143 0.010765 0.145674
4 4 0.028038 0.205601 0.225611 0.015846 0.524904
4 4 0.087602 0.184261 0.171366 0.113834 0.442937
4 4 0.017805 0.114600 0.112173 0.049018 0.706403
4 4 0.010193 0.104712 0.107501 0.025593 0.752000
4 4 0.021410 0.121731 0.118339 0.055233 0.683287
4 4 0.021759 0.106663 0.100006 0.079980 0.691592
4 4 0.051374 0.137604 0.125074 0.132626 0.553323
4 4 0.033041 0.131620 0.124039 0.084339 0.626963
4 4 0.038177 0.214799 0.229815 0.022139 0.495070
4 4 0.017657 0.169138 0.207244 0.014244 0.591716
4 4 0.063200 0.247956 0.262470 0.026309 0.400066
4 4 0.047107 0.223575 0.236198 0.026268 0.466853
4 4 0.017803 0.155351 0.312810 0.014951 0.499084
4 4 0.196257 0.233992 0.222055 0.097094 0.250601
4 4 0.100847 0.274739 0.287919 0.029661 0.306834
4 4 0.070193 0.267627 0.288509 0.021201 0.352470
4 4 0.138766 0.261473 0.260977 0.052121 0.286662
4 4 0.103070 0.274082 0.286313 0.030805 0.305729
4 4 0.094436 0.274921 0.291611 0.027165 0.311867
0 4 0.276637 0.194904 0.202525 0.123985 0.201949
0 4 0.754671 0.024346 0.046392 0.153876 0.020716
4 4 0.145992 0.258484 0.255878 0.057147 0.282500
0 4 0.384777 0.145935 0.167733 0.156083 0.145472
0 4 0.558655 0.080398 0.112729 0.172911 0.075307
4 4 0.214442 0.223568 0.208826 0.115354 0.237810
0 4 0.279937 0.191952 0.195387 0.133965 0.198759
2 4 0.054229 0.244621 0.343977 0.016772 0.340401
2 4 0.053008 0.204364 0.548299 0.039967 0.154363
2 4 0.045607 0.156785 0.628204 0.053307 0.116097
0 4 0.724114 0.031524 0.056488 0.160528 0.027346
0 4 0.635995 0.055682 0.086454 0.171352 0.050518
4 4 0.176910 0.244108 0.233810 0.081702 0.263470
4 4 0.118519 0.265975 0.270798 0.041677 0.303031
4 4 0.175002 0.245070 0.235190 0.080033 0.264705
0 4 0.528211 0.090911 0.122877 0.171861 0.086139
0 4 0.381303 0.147379 0.168737 0.155492 0.147089
0 4 0.721910 0.032068 0.057226 0.160943 0.027854
4 4 0.170083 0.230654 0.217321 0.098834 0.283108
2 4 0.024018 0.167269 0.497232 0.009790 0.301691
2 4 0.019847 0.158281 0.433720 0.011479 0.376673
2 4 0.003761 0.040706 0.917851 0.008380 0.029301
2 4 0.004329 0.039570 0.913062 0.009318 0.033721
2 2 0.005860 0.052221 0.889557 0.010670 0.041692
2 2 0.003250 0.034110 0.928161 0.008008 0.026471
2 2 0.004918 0.041288 0.912459 0.014259 0.027077
2 2 0.011697 0.078012 0.816527 0.013410 0.080355
2 2 0.003418 0.023737 0.937137 0.023238 0.012470
2 2 0.003922 0.033081 0.928199 0.016887 0.017910
2 2 0.004942 0.044897 0.904071 0.010188 0.035902
2 2 0.002834 0.020527 0.940562 0.027769 0.008308
2 2 0.003595 0.027555 0.934886 0.016706 0.017258
2 2 0.003380 0.022776 0.931472 0.033669 0.008703
2 2 0.002030 0.020078 0.952886 0.017316 0.007691
2 3 0.003324 0.021647 0.935435 0.029795 0.009800
2 3 0.004417 0.027409 0.918683 0.038829 0.010662
2 3 0.004710 0.034271 0.908992 0.034659 0.017368
2 3 0.029057 0.123293 0.725307 0.063553 0.058791
0 3 0.359448 0.156583 0.174931 0.151557 0.157481
2 3 0.033714 0.153514 0.487267 0.058614 0.266890
0 3 0.539774 0.086868 0.119041 0.172363 0.081954
4 2 0.188744 0.235633 0.228271 0.089426 0.257927
2 2 0.012248 0.078447 0.817158 0.024838 0.067308
2 2 0.003672 0.029822 0.932622 0.015874 0.018011
4 2 0.209351 0.226134 0.209693 0.113734 0.241088
4 2 0.048103 0.227831 0.319310 0.019936 0.384820
2 2 0.143899 0.259429 0.286847 0.073786 0.236038
2 2 0.002010 0.021856 0.953286 0.008562 0.014285
2 2 0.008008 0.046651 0.887938 0.030557 0.026846
2 2 0.004685 0.039485 0.916920 0.016124 0.022786
2 2 0.005537 0.036749 0.906136 0.038078 0.013500
2 2 0.006345 0.040297 0.893985 0.046066 0.013307
2 2 0.005563 0.032723 0.903917 0.045737 0.012060
2 2 0.003930 0.028178 0.926530 0.030276 0.011086
2 2 0.004865 0.033463 0.898410 0.055349 0.007913
2 3 0.003126 0.022894 0.928524 0.037935 0.007520
2 3 0.004512 0.032319 0.886712 0.065147 0.011310
2 3 0.008086 0.040261 0.734546 0.193755 0.023351
2 3 0.005471 0.037402 0.805083 0.136584 0.015460
2 3 0.005846 0.023186 0.651252 0.303701 0.016015
2 3 0.013104 0.060766 0.635484 0.240767 0.049878
2 3 0.007841 0.045577 0.759101 0.156136 0.031344
2 3 0.008938 0.024947 0.583884 0.371402 0.010829
2 3 0.006699 0.029073 0.684530 0.263204 0.016494
3 3 0.010349 0.022361 0.294646 0.656868 0.015776
3 3 0.008545 0.017542 0.269622 0.687798 0.016492
3 3 0.007410 0.014332 0.261007 0.705935 0.011317
3 3 0.013426 0.013954 0.074377 0.879339 0.018904
3 3 0.007013 0.021150 0.352413 0.602456 0.016967
3 3 0.006963 0.008966 0.069343 0.902288 0.012439
3 3 0.006134 0.013032 0.283182 0.685725 0.011927
3 3 0.011586 0.011196 0.043718 0.908330 0.025169
3 3 0.006206 0.012092 0.155360 0.814761 0.011581
3 3 0.005660 0.005712 0.030239 0.946932 0.011458
3 3 0.008342 0.010078 0.054458 0.912767 0.014355
3 3 0.008153 0.006790 0.039782 0.933468 0.011807
3 3 0.008740 0.007668 0.037386 0.931572 0.014634
3 3 0.009112 0.009191 0.058345 0.909716 0.013636
3 3 0.004417 0.005584 0.044082 0.937257 0.008661
3 3 0.005825 0.005716 0.029626 0.946890 0.011944
3 3 0.005395 0.005876 0.041470 0.937596 0.009663
3 3 0.005431 0.004915 0.028429 0.952230 0.008995
3 3 0.005038 0.004890 0.028219 0.952714 0.009140
3 3 0.006150 0.007011 0.055379 0.921437 0.010023
3 3 0.003366 0.003340 0.015737 0.964409 0.013148
3 3 0.004976 0.003076 0.014950 0.965859 0.011139
3 3 0.005268 0.005784 0.045545 0.932957 0.010445
3 3 0.004767 0.004056 0.024237 0.956691 0.010248
3 3 0.005251 0.004578 0.024163 0.955254 0.010753
3 3 0.004960 0.006347 0.053045 0.924065 0.011583
3 3 0.005026 0.003260 0.018018 0.965091 0.008605
3 3 0.005209 0.006127 0.055900 0.921259 0.011504
3 3 0.005143 0.004389 0.028200 0.953488 0.008781
3 3 0.003969 0.002627 0.015286 0.970749 0.007369
3 3 0.007295 0.006236 0.027964 0.942251 0.016253
3 3 0.006370 0.006544 0.036458 0.936881 0.013747
3 3 0.005184 0.003833 0.018921 0.960416 0.011646
3 3 0.005269 0.006788 0.038467 0.933241 0.016234
3 3 0.004553 0.003250 0.018101 0.965500 0.008596
3 3 0.003934 0.003899 0.024267 0.957475 0.010424
3 3 0.006728 0.003771 0.018465 0.959776 0.011261
3 3 0.026366 0.014812 0.055806 0.877343 0.025674
3 3 0.009853 0.009691 0.039262 0.918609 0.022585
3 3 0.008963 0.018043 0.175884 0.777973 0.019137
3 3 0.007043 0.013181 0.139660 0.824938 0.015179
3 3 0.010382 0.017797 0.063323 0.868008 0.040491
2 3 0.009813 0.044772 0.679032 0.250816 0.015567
3 3 0.009891 0.033785 0.462005 0.477555 0.016763
3 3 0.009403 0.016094 0.180472 0.783196 0.010835
3 3 0.011488 0.015244 0.073062 0.876463 0.023742
3 3 0.007634 0.014028 0.146526 0.816494 0.015319
3 3 0.014487 0.032577 0.260005 0.664015 0.028915
3 3 0.010351 0.010303 0.057783 0.909124 0.012439
3 3 0.006351 0.005628 0.030715 0.946849 0.010458
3 3 0.005253 0.006032 0.030889 0.945093 0.012733
3 3 0.007972 0.010019 0.103526 0.868265 0.010218
3 3 0.017980 0.029739 0.168977 0.753439 0.029865
3 3 0.012944 0.011345 0.045437 0.906929 0.023346
3 3 0.098852 0.106198 0.189007 0.463104 0.142839
3 3 0.230413 0.118277 0.163756 0.319491 0.168063
4 3 0.111493 0.216272 0.206031 0.089447 0.376756
4 3 0.016423 0.084229 0.077012 0.094668 0.727668
3 3 0.007175 0.034859 0.159717 0.636522 0.161726
2 3 0.009327 0.070049 0.611719 0.154490 0.154414
4 3 0.002581 0.058194 0.260571 0.010953 0.667701
4 3 0.003534 0.073849 0.221003 0.010250 0.691364
2 3 0.003375 0.063130 0.764035 0.007680 0.161781
4 2 0.013808 0.131932 0.138746 0.021648 0.693867
4 2 0.008329 0.111442 0.149085 0.014951 0.716193
4 2 0.004099 0.076484 0.133696 0.013083 0.772637
4 4 0.005738 0.058637 0.055827 0.045765 0.834033
4 4 0.003911 0.060375 0.069599 0.022902 0.843213
4 4 0.003054 0.050314 0.067848 0.024604 0.854181
4 4 0.007049 0.062458 0.058842 0.054348 0.817304
4 4 0.004698 0.063810 0.066740 0.026756 0.837996
4 4 0.007915 0.070950 0.067995 0.047625 0.805515
4 4 0.007656 0.087469 0.089146 0.026123 0.789607
4 4 0.004645 0.054128 0.051912 0.039655 0.849660
4 4 0.008640 0.066994 0.062598 0.062938 0.798829
4 4 0.006026 0.068643 0.080585 0.033734 0.811012
4 4 0.014837 0.131496 0.136849 0.024642 0.692177
4 4 0.013035 0.136163 0.327966 0.012885 0.509950
4 4 0.009319 0.097034 0.106146 0.027264 0.760237
4 4 0.026622 0.140091 0.137725 0.051921 0.643642
4 4 0.014373 0.138194 0.188910 0.019121 0.639402
4 4 0.021256 0.111581 0.106120 0.068889 0.692155
4 4 0.020831 0.110129 0.104641 0.069171 0.695227
4 4 0.006437 0.054490 0.050216 0.065461 0.823396
4 4 0.016849 0.117426 0.116501 0.042030 0.707194
4 4 0.013167 0.136132 0.182748 0.017422 0.650530
4 4 0.017743 0.143027 0.148933 0.025640 0.664656
4 4 0.005711 0.081166 0.142133 0.019428 0.751562
4 4 0.011851 0.099804 0.099178 0.037415 0.751751
4 4 0.020837 0.154291 0.160841 0.026335 0.637696
4 4 0.019178 0.173290 0.377344 0.009866 0.420323
4 4 0.027220 0.168945 0.174799 0.030293 0.598743
4 4 0.007012 0.106402 0.219597 0.011711 0.655278
2 2 0.009013 0.093621 0.723547 0.006268 0.167550
4 2 0.027378 0.200860 0.358387 0.011394 0.401981
4 2 0.032734 0.227483 0.278382 0.012719 0.448683
4 2 0.012694 0.143969 0.157057 0.014316 0.671964
4 2 0.033039 0.207519 0.223563 0.020042 0.515836
4 2 0.021295 0.168837 0.397071 0.013302 0.399496
2 2 0.028531 0.185753 0.436923 0.011739 0.337054
2 2 0.029772 0.192278 0.472163 0.012460 0.293328
4 2 0.020189 0.184462 0.342272 0.009772 0.443305
4 2 0.025184 0.184578 0.229167 0.018632 0.542441
2 2 0.009777 0.138262 0.477414 0.004660 0.369886
2 2 0.029240 0.180385 0.410709 0.015327 0.364339
2 2 0.025906 0.153120 0.659171 0.016843 0.144960
2 2 0.012097 0.099793 0.797854 0.012740 0.077516
2 2 0.047374 0.218496 0.471142 0.017288 0.245701
2 2 0.011608 0.091116 0.820045 0.016361 0.060870
2 2 0.006250 0.055018 0.887729 0.012627 0.038376
2 2 0.021907 0.123338 0.732982 0.022976 0.098797
2 2 0.016270 0.123343 0.738215 0.012413 0.109759
0 2 0.432188 0.126761 0.153584 0.163177 0.124290
4 2 0.145923 0.234694 0.224556 0.084580 0.310247
4 2 0.227425 0.217100 0.206484 0.119365 0.229626
0 2 0.727123 0.030787 0.055483 0.159949 0.026659
0 2 0.400941 0.139288 0.163002 0.158704 0.138065
4 2 0.105551 0.260288 0.265559 0.040928 0.327675
4 2 0.059418 0.241777 0.255381 0.026883 0.416542
2 2 0.018378 0.090849 0.796937 0.051573 0.042263
2 2 0.031680 0.156231 0.631702 0.020548 0.159839
2 2 0.008889 0.063682 0.869523 0.024010 0.033895
2 2 0.012652 0.076833 0.834940 0.026106 0.049469
2 2 0.004898 0.039011 0.912753 0.029652 0.013686
2 2 0.008775 0.066159 0.868659 0.030833 0.025575
0 2 0.489618 0.104837 0.135491 0.169317 0.100737
0 2 0.793860 0.016234 0.033966 0.142525 0.013415
0 4 0.807565 0.013723 0.029824 0.137683 0.011206
0 4 0.786477 0.017659 0.036247 0.144935 0.014681
0 4 0.412213 0.134720 0.159644 0.160408 0.133015
4 4 0.126285 0.223631 0.213024 0.089485 0.347574
4 4 0.092195 0.221202 0.215947 0.067955 0.402701
4 4 0.110678 0.236492 0.231972 0.064639 0.356219
0 4 0.597173 0.067717 0.099706 0.172938 0.062466
0 4 0.743711 0.026840 0.049981 0.156464 0.023004
4 4 0.078119 0.217749 0.215092 0.059034 0.430005
4 4 0.048492 0.202271 0.205942 0.040018 0.503277
0 4 0.590886 0.069738 0.101843 0.173038 0.064495
0 4 0.702068 0.037115 0.063909 0.164309 0.032599
0 4 0.722000 0.032046 0.057195 0.160926 0.027833
0 4 0.718210 0.032989 0.058466 0.161620 0.028715
0 4 0.614880 0.062131 0.093672 0.172426 0.056891
0 4 0.747116 0.026055 0.048862 0.155685 0.022282
0 4 0.721740 0.032110 0.057283 0.160974 0.027893
0 4 0.282405 0.178188 0.186162 0.149220 0.204025
4 4 0.193477 0.222581 0.206085 0.117351 0.260506
0 4 0.500322 0.100909 0.132024 0.170154 0.096591
0 4 0.596801 0.067836 0.099833 0.172945 0.062585
4 4 0.078181 0.236405 0.240035 0.043231 0.402148
0 4 0.237494 0.212155 0.204547 0.122362 0.223442
4 4 0.170919 0.172917 0.165070 0.180853 0.310240
0 4 0.504822 0.099272 0.130559 0.170476 0.094870
0 4 0.466176 0.113614 0.142986 0.167143 0.110082
0 4 0.296647 0.184263 0.191403 0.138098 0.189590
4 4 0.205776 0.214826 0.204189 0.121770 0.253440
4 4 0.143451 0.208556 0.192814 0.122859 0.332319
4 4 0.232008 0.195517 0.191166 0.143519 0.237791
0 4 0.658747 0.049001 0.078667 0.169590 0.043994
0 4 0.472344 0.111281 0.141027 0.167760 0.107588
0 4 0.756643 0.023907 0.045750 0.153385 0.020316
0 4 0.269264 0.184336 0.187959 0.147453 0.210988
4 4 0.097825 0.243085 0.243545 0.050722 0.364824
4 4 0.050631 0.262620 0.311882 0.013271 0.361597
4 4 0.209351 0.226134 0.209693 0.113734 0.241088
0 4 0.647717 0.052204 0.082442 0.170526 0.047112
0 4 0.695664 0.038799 0.066079 0.165262 0.034196
0 4 0.761959 0.022739 0.044028 0.152021 0.019253
0 4 0.642302 0.053801 0.084295 0.170928 0.048673
0 4 0.743675 0.026848 0.049993 0.156472 0.023012
0 4 0.767782 0.021487 0.042155 0.150459 0.018117
0 4 0.681400 0.042643 0.070930 0.167163 0.037864
0 4 0.729747 0.030149 0.054607 0.159431 0.026065
0 4 0.767506 0.021545 0.042243 0.150535 0.018170
0 4 0.810327 0.013239 0.029005 0.136646 0.010783
0 0 0.724975 0.031312 0.056200 0.160364 0.027148
0 0 0.821918 0.011292 0.025635 0.132059 0.009096
0 0 0.528259 0.090894 0.122861 0.171864 0.086122
0 0 0.567290 0.077493 0.109825 0.173048 0.072344
0 0 0.331318 0.168751 0.182574 0.145926 0.171431
4 0 0.160586 0.210896 0.194178 0.127390 0.306949
4 0 0.078937 0.175352 0.162505 0.116788 0.466418
0 0 0.605740 0.064994 0.096789 0.172734 0.059742
0 0 0.777798 0.019398 0.038968 0.147599 0.016236
4 0 0.176091 0.221562 0.205818 0.114839 0.281690
4 0 0.083984 0.216624 0.212038 0.065655 0.421699
4 0 0.180146 0.210897 0.192950 0.134553 0.281453
0 1 0.725598 0.031160 0.055992 0.160245 0.027006
0 1 0.760771 0.022998 0.044412 0.152331 0.019488
0 1 0.706294 0.036018 0.062480 0.163646 0.031563
0 1 0.494610 0.102999 0.133877 0.169720 0.098794
4 1 0.046515 0.190196 0.190905 0.046540 0.525845
4 1 0.094943 0.247503 0.250334 0.045431 0.361789
4 4 0.189000 0.211659 0.201695 0.123294 0.274352
4 4 0.181900 0.239996 0.228212 0.088314 0.261578
4 4 0.083685 0.245410 0.250704 0.040376 0.379824
0 4 0.258582 0.181709 0.184441 0.154368 0.220900
4 4 0.130829 0.237756 0.230341 0.074014 0.327059
0 4 0.649281 0.051746 0.081907 0.170402 0.046665
0 4 0.645112 0.052970 0.083333 0.170724 0.047860
0 4 0.364081 0.154614 0.173635 0.152423 0.155247
0 4 0.543427 0.085604 0.117824 0.172495 0.080650
0 4 0.408586 0.136183 0.160730 0.159871 0.134630
4 4 0.202968 0.154798 0.162996 0.191537 0.287700
0 4 0.728013 0.030570 0.055186 0.159775 0.026457
0 4 0.723763 0.031610 0.056605 0.160595 0.027426
0 4 0.695440 0.038858 0.066155 0.165294 0.034252
0 4 0.249220 0.206472 0.202169 0.125731 0.216408
4 4 0.209351 0.226134 0.209693 0.113734 0.241088
4 4 0.166149 0.249404 0.241557 0.072564 0.270326
4 4 0.085113 0.278886 0.299488 0.022148 0.314366
2 2 0.084631 0.264804 0.420990 0.055294 0.174281
0 2 0.409672 0.135745 0.160405 0.160033 0.134145
0 2 0.726418 0.030959 0.055718 0.160086 0.026819
4 2 0.166656 0.248091 0.239790 0.074286 0.271177
0 2 0.565615 0.078054 0.110389 0.173027 0.072915
0 2 0.623428 0.059492 0.090752 0.172054 0.054274
4 2 0.209351 0.226134 0.209693 0.113734 0.241088
4 2 0.159735 0.252411 0.246136 0.067427 0.274292
2 2 0.069294 0.260834 0.385285 0.024156 0.260432
2 2 0.044161 0.195535 0.600811 0.043313 0.116180
2 2 0.041012 0.218290 0.574843 0.029363 0.136492
2 2 0.010496 0.081499 0.844371 0.022380 0.041254
2 2 0.010215 0.075591 0.841465 0.015857 0.056873
2 2 0.036428 0.173014 0.647435 0.039854 0.103269
2 2 0.007960 0.064215 0.875572 0.024272 0.027981
2 2 0.051761 0.219215 0.497388 0.025208 0.206429
2 2 0.039585 0.121541 0.677480 0.056278 0.105116
0 2 0.437371 0.124724 0.151991 0.163843 0.122072
0 2 0.278865 0.192450 0.195636 0.133691 0.199358
0 2 0.616110 0.061749 0.093252 0.172378 0.056511
0 0 0.735392 0.028794 0.052731 0.158274 0.024808
0 0 0.425865 0.129261 0.155517 0.162336 0.127021
0 0 0.303344 0.181221 0.189754 0.139688 0.185994
4 0 0.179815 0.242624 0.231701 0.084286 0.261574
4 1 0.170300 0.247398 0.238580 0.076010 0.267712
0 1 0.248688 0.206728 0.202279 0.125581 0.216723
0 1 0.315978 0.175542 0.186567 0.142585 0.179327
0 1 0.505114 0.099167 0.130464 0.170497 0.094759
0 1 0.411499 0.135007 0.159858 0.160303 0.133332
4 1 0.228816 0.195065 0.201973 0.127303 0.246844
4 1 0.193962 0.235053 0.221305 0.097633 0.252048
4 1 0.123331 0.267381 0.271870 0.042208 0.295210
2 1 0.096189 0.250972 0.378974 0.050036 0.223829
4 1 0.140903 0.260604 0.259470 0.053581 0.285442
0 1 0.450010 0.119805 0.148069 0.165375 0.116741
0 1 0.710694 0.034888 0.060995 0.162925 0.030498
0 1 0.542635 0.085877 0.118088 0.172468 0.080932
0 0 0.673467 0.044835 0.073636 0.168093 0.039968
0 0 0.729648 0.030173 0.054641 0.159451 0.026088
0 0 0.748305 0.025783 0.048472 0.155408 0.022032
0 0 0.752084 0.024926 0.047235 0.154508 0.021247
0 0 0.729963 0.030097 0.054536 0.159388 0.026017
0 0 0.608915 0.063995 0.095707 0.172637 0.058746
0 0 0.639382 0.054669 0.085294 0.171131 0.049524
0 0 0.346980 0.161931 0.178367 0.149140 0.163582
4 0 0.072776 0.216632 0.215252 0.054978 0.440361
4 1 0.064639 0.222072 0.225407 0.042828 0.445053
4 1 0.090988 0.245557 0.269865 0.060103 0.333486
2 1 0.098119 0.277355 0.305849 0.031752 0.286925
4 1 0.077895 0.265518 0.290232 0.024745 0.341610
2 1 0.067159 0.206895 0.509259 0.052686 0.164001
2 1 0.031623 0.209865 0.472850 0.007767 0.277895
2 1 0.013376 0.083091 0.821250 0.022247 0.060038
2 1 0.010960 0.111485 0.763969 0.007031 0.106555
2 1 0.029419 0.160157 0.610926 0.014955 0.184542
4 1 0.036947 0.215208 0.231375 0.020849 0.495621
4 1 0.043943 0.212784 0.222938 0.028634 0.491702
4 1 0.023954 0.167343 0.175516 0.025428 0.607760
4 1 0.061532 0.167627 0.157304 0.099373 0.514164
4 1 0.031992 0.123332 0.114733 0.095318 0.634625
4 4 0.043684 0.125392 0.113286 0.136173 0.581464
4 4 0.183380 0.190720 0.199210 0.125687 0.301004
4 4 0.063892 0.162156 0.152869 0.108943 0.512140
4 4 0.020398 0.105901 0.099874 0.074138 0.699689
4 4 0.040686 0.116352 0.106723 0.139966 0.596273
4 4 0.125873 0.126691 0.139454 0.202013 0.405970
4 4 0.033026 0.149973 0.146367 0.058855 0.611778
4 4 0.048372 0.131911 0.135832 0.100591 0.583295
4 4 0.031505 0.118650 0.109502 0.102765 0.637578
4 4 0.013932 0.092247 0.087989 0.059411 0.746420
4 4 0.069925 0.146448 0.131227 0.160313 0.492087
4 4 0.032188 0.117090 0.107457 0.109169 0.634096
4 4 0.238062 0.123451 0.150029 0.218933 0.269525
4 4 0.063245 0.130745 0.135754 0.129778 0.540478
4 4 0.029815 0.124654 0.117212 0.084196 0.644123
4 4 0.168872 0.220891 0.212190 0.105042 0.293005
4 4 0.038194 0.191157 0.196832 0.034043 0.539774
4 4 0.015623 0.109640 0.107824 0.045055 0.721857
4 4 0.112515 0.125302 0.132136 0.208927 0.421121
4 4 0.049821 0.156911 0.147931 0.091471 0.553866
4 4 0.020807 0.130979 0.130342 0.043052 0.674820
4 4 0.016027 0.107987 0.105433 0.048864 0.721689
4 4 0.052490 0.122028 0.118634 0.143786 0.563062
4 4 0.203474 0.147583 0.149740 0.220911 0.278292
4 4 0.055283 0.235649 0.248726 0.026968 0.433374
4 4 0.029342 0.183146 0.192386 0.026050 0.569076
4 4 0.052151 0.258866 0.285365 0.016050 0.387568
4 4 0.031949 0.194456 0.205929 0.024178 0.543488
2 4 0.041735 0.202600 0.485673 0.015472 0.254520
4 2 0.095422 0.276271 0.291863 0.026955 0.309488
2 2 0.032256 0.190953 0.525098 0.018591 0.233103
2 2 0.025652 0.149876 0.624402 0.012222 0.187847
4 2 0.032388 0.207171 0.320378 0.015141 0.424922
2 2 0.014493 0.150410 0.449698 0.007637 0.377761
2 2 0.023757 0.162923 0.592167 0.008631 0.212522
2 2 0.016383 0.126396 0.752248 0.015603 0.089370
2 2 0.017105 0.106505 0.779345 0.022999 0.074047
2 2 0.042722 0.223213 0.475594 0.014532 0.243939
2 2 0.005338 0.048082 0.900735 0.011849 0.033996
2 2 0.006312 0.064419 0.868685 0.008455 0.052129
2 2 0.012429 0.075075 0.840630 0.034468 0.037398
2 2 0.009284 0.062296 0.867289 0.023293 0.037838
2 2 0.021849 0.114679 0.763593 0.048606 0.051273
2 2 0.006441 0.037027 0.891849 0.052060 0.012624
2 2 0.011704 0.061126 0.832424 0.058449 0.036297
2 2 0.006590 0.052657 0.893495 0.021826 0.025432
2 2 0.006129 0.046415 0.899962 0.017313 0.030180
2 2 0.004822 0.044735 0.910623 0.013703 0.026117
2 2 0.008789 0.067756 0.861454 0.016758 0.045244
2 2 0.011610 0.066829 0.848981 0.044931 0.027649
2 2 0.021021 0.086453 0.671863 0.155786 0.064878
2 2 0.012718 0.078935 0.830681 0.023563 0.054102
2 2 0.008382 0.062458 0.870890 0.018674 0.039597
2 2 0.013368 0.075074 0.763363 0.107957 0.040238
2 2 0.008298 0.044803 0.870545 0.061836 0.014519
2 3 0.004267 0.023669 0.842605 0.121695 0.007764
2 3 0.013708 0.062582 0.575553 0.275146 0.073011
2 3 0.016741 0.073865 0.790714 0.095381 0.023299
2 3 0.018281 0.058264 0.632017 0.268260 0.023178
2 3 0.016960 0.058366 0.579938 0.294167 0.050569
3 3 0.007799 0.017895 0.366045 0.595726 0.012535
3 3 0.012787 0.033928 0.277887 0.639390 0.036008
2 3 0.005670 0.041639 0.831831 0.105913 0.014947
3 3 0.008295 0.018590 0.269154 0.688350 0.015611
3 3 0.013672 0.030909 0.284233 0.647149 0.024036
3 3 0.009791 0.019546 0.207421 0.747785 0.015457
3 3 0.006906 0.013230 0.198137 0.765608 0.016120
3 3 0.015194 0.019223 0.098160 0.835694 0.031728
3 3 0.008734 0.014584 0.129210 0.832472 0.015000
3 3 0.011065 0.024309 0.249934 0.689497 0.025194
3 3 0.009684 0.015315 0.098900 0.855455 0.020647
3 3 0.007124 0.011652 0.167853 0.800971 0.012400
3 3 0.008473 0.009712 0.051610 0.917355 0.012849
3 3 0.013823 0.026448 0.108512 0.798595 0.052621
3 3 0.011618 0.010889 0.043923 0.910259 0.023310
3 3 0.007872 0.014321 0.243196 0.723016 0.011595
3 3 0.012633 0.021706 0.142586 0.789498 0.033577
3 3 0.011673 0.015360 0.060094 0.877797 0.035077
3 3 0.006506 0.006971 0.028467 0.936896 0.021159
3 3 0.008613 0.007743 0.042766 0.927450 0.013429
3 3 0.009031 0.013862 0.105605 0.857350 0.014153
3 3 0.010826 0.014405 0.063227 0.890129 0.021413
3 3 0.011714 0.009855 0.054154 0.905264 0.019013
3 3 0.010586 0.006445 0.025950 0.937545 0.019474
3 3 0.006009 0.006762 0.041447 0.932415 0.013366
3 3 0.006566 0.006485 0.032314 0.941278 0.013357
3 3 0.006142 0.008755 0.053852 0.908850 0.022401
3 3 0.005406 0.005593 0.036655 0.940032 0.012314
3 3 0.009034 0.007673 0.036600 0.931911 0.014783
3 3 0.007410 0.007440 0.035950 0.934488 0.014711
3 3 0.006656 0.007066 0.032625 0.937416 0.016237
3 3 0.005999 0.006866 0.048674 0.927718 0.010743
3 3 0.008641 0.006862 0.026261 0.935198 0.023038
3 3 0.009743 0.010328 0.050415 0.912013 0.017501
3 3 0.007844 0.011440 0.063019 0.899697 0.018000
3 3 0.006163 0.005667 0.037032 0.940867 0.010271
3 3 0.006177 0.004837 0.023545 0.952711 0.012730
3 3 0.004432 0.005758 0.061704 0.920025 0.008081
3 3 0.006504 0.009438 0.070005 0.898429 0.015625
3 3 0.006410 0.005635 0.037250 0.941195 0.009510
3 3 0.003565 0.003881 0.026279 0.959165 0.007111
3 3 0.006632 0.005046 0.025613 0.951048 0.011662
3 3 0.007117 0.019966 0.195782 0.733215 0.043920
3 3 0.009139 0.007841 0.036765 0.930818 0.015438
3 3 0.007448 0.007163 0.039877 0.932876 0.012637
3 3 0.006091 0.005609 0.031584 0.946892 0.009824
3 3 0.003706 0.005712 0.045988 0.932625 0.011969
3 3 0.006613 0.005700 0.029053 0.946531 0.012104
3 3 0.004373 0.004227 0.020636 0.958018 0.012746
3 3 0.010603 0.014100 0.075480 0.879927 0.019891
3 3 0.004737 0.003523 0.016785 0.962593 0.012363
3 3 0.006433 0.004654 0.022301 0.953722 0.012890
3 3 0.006656 0.004223 0.022560 0.956811 0.009750
3 3 0.007170 0.009957 0.068096 0.897667 0.017110
3 3 0.004053 0.003209 0.020010 0.965900 0.006827
3 3 0.004685 0.005757 0.060124 0.921986 0.007448
3 3 0.030611 0.030169 0.071389 0.783651 0.084180
3 3 0.119530 0.068216 0.101172 0.522628 0.188454
3 3 0.018037 0.045522 0.100065 0.615292 0.221083
2 3 0.017787 0.086683 0.642964 0.138794 0.113772
2 3 0.008808 0.054257 0.862884 0.055439 0.018612
2 2 0.007005 0.042443 0.861839 0.073621 0.015092
2 2 0.006487 0.052783 0.893210 0.018471 0.029049
2 2 0.021442 0.121483 0.740681 0.029645 0.086749
2 2 0.010856 0.061030 0.859869 0.031933 0.036312
2 2 0.112325 0.186087 0.443848 0.103603 0.154138
2 2 0.131159 0.117648 0.466302 0.182922 0.101969
4 2 0.101665 0.274499 0.287327 0.030080 0.306428
2 2 0.022918 0.118515 0.745193 0.031080 0.082294
2 2 0.014234 0.094365 0.807340 0.022131 0.061931
4 2 0.179771 0.242646 0.231733 0.084247 0.261602
2 2 0.005810 0.039542 0.853608 0.085600 0.015441
2 2 0.011492 0.077837 0.841498 0.024716 0.044457
2 2 0.019986 0.102677 0.781000 0.050187 0.046149
2 2 0.013288 0.095257 0.798716 0.015388 0.077351
2 2 0.053342 0.197725 0.523316 0.031076 0.194540
2 2 0.003897 0.026350 0.921303 0.039805 0.008646
2 2 0.008091 0.048851 0.881470 0.042081 0.019506
2 2 0.017313 0.094505 0.799371 0.050156 0.038656
2 2 0.016756 0.097361 0.795209 0.028230 0.062444
2 2 0.034434 0.126678 0.700188 0.075042 0.063658
2 2 0.005622 0.035158 0.895783 0.053288 0.010149
2 2 0.093875 0.165484 0.480074 0.108033 0.152534
0 2 0.308630 0.178835 0.188432 0.140916 0.183186
0 2 0.492313 0.103843 0.134620 0.169537 0.099686
2 2 0.012805 0.121157 0.734883 0.016757 0.114397
2 2 0.020862 0.124864 0.675584 0.058641 0.120049
4 2 0.010172 0.130983 0.399501 0.007823 0.451522
4 2 0.004978 0.076737 0.137977 0.018034 0.762273
4 2 0.012934 0.140881 0.210517 0.014665 0.621003
4 4 0.014133 0.077239 0.070392 0.093480 0.744756
4 4 0.026720 0.110366 0.101915 0.098119 0.662880
4 4 0.011045 0.106956 0.109276 0.027543 0.745181
4 4 0.014991 0.090966 0.085687 0.068782 0.739573
4 4 0.009562 0.095644 0.096639 0.029597 0.768558
4 4 0.071579 0.169988 0.157716 0.114046 0.486672
4 4 0.039694 0.129058 0.122021 0.105581 0.603646
4 4 0.022543 0.097174 0.094973 0.089092 0.696218
4 4 0.048879 0.109771 0.119124 0.125894 0.596332
4 4 0.057215 0.145790 0.138596 0.118670 0.539729
4 4 0.011467 0.123233 0.195362 0.018187 0.651752
4 4 0.013980 0.111008 0.111100 0.036469 0.727442
4 4 0.043521 0.110396 0.102097 0.159949 0.584038
4 4 0.016570 0.087663 0.080847 0.087242 0.727678
4 4 0.013261 0.099029 0.096802 0.045728 0.745181
4 4 0.151063 0.147517 0.177366 0.142879 0.381175
4 4 0.055195 0.179560 0.173740 0.070974 0.520531
4 4 0.008114 0.090202 0.092658 0.026470 0.782556
4 4 0.025801 0.102075 0.092847 0.112676 0.666601
4 4 0.024200 0.113450 0.106699 0.079744 0.675907
0 4 0.310715 0.124114 0.149673 0.213685 0.201813
4 4 0.013063 0.125477 0.131053 0.022938 0.707469
4 4 0.011026 0.103378 0.104677 0.030204 0.750714
4 4 0.014806 0.087751 0.082043 0.073803 0.741598
4 4 0.063064 0.143945 0.129674 0.149914 0.513403
4 4 0.027568 0.101056 0.091041 0.125727 0.654608
4 4 0.011705 0.091514 0.089039 0.046210 0.761532
4 4 0.103674 0.141805 0.151741 0.156470 0.446310
4 4 0.025675 0.108223 0.099903 0.097427 0.668773
4 4 0.016459 0.090434 0.084109 0.080154 0.728845
4 4 0.017977 0.090995 0.083881 0.089704 0.717443
4 4 0.040595 0.111894 0.109593 0.128686 0.609232
4 4 0.029359 0.139853 0.135803 0.060405 0.634580
4 4 0.222143 0.193363 0.202276 0.126654 0.255564
4 4 0.024884 0.189024 0.263448 0.015718 0.506926
4 4 0.010599 0.111305 0.143989 0.022598 0.711508
4 4 0.012527 0.132780 0.229741 0.016053 0.608899
4 4 0.009226 0.098198 0.100393 0.025945 0.766239
4 4 0.009527 0.103606 0.179835 0.022372 0.684660
4 4 0.008552 0.113278 0.166822 0.014668 0.696680
2 4 0.019034 0.152256 0.497319 0.009345 0.322046
4 4 0.022596 0.158525 0.302907 0.021156 0.494816
4 4 0.014397 0.141562 0.282088 0.015065 0.546888
2 2 0.025347 0.162650 0.482467 0.012564 0.316972
4 2 0.014559 0.141771 0.256894 0.016116 0.570659
4 2 0.028381 0.175590 0.291408 0.022770 0.481852
4 2 0.015924 0.160511 0.329072 0.010758 0.483734
4 2 0.033320 0.201529 0.252647 0.020868 0.491637
4 2 0.028639 0.160370 0.187316 0.037435 0.586239
4 2 0.126391 0.264907 0.267780 0.045197 0.295726
4 2 0.068134 0.282211 0.312598 0.015177 0.321880
4 2 0.110577 0.271746 0.280927 0.034824 0.301925
4 2 0.074608 0.267176 0.285793 0.023304 0.349119
4 2 0.184493 0.240184 0.228288 0.088556 0.258479
4 2 0.092535 0.277043 0.293979 0.025565 0.310877
2 2 0.031121 0.167896 0.626059 0.019637 0.155286
4 2 0.109419 0.272118 0.281755 0.034189 0.302519
4 2 0.150879 0.256382 0.252422 0.060692 0.279626
2 2 0.027717 0.173390 0.655215 0.021000 0.122678
4 2 0.061590 0.258011 0.294789 0.019865 0.365744
2 2 0.034704 0.181051 0.627149 0.027548 0.129549
2 2 0.033017 0.162982 0.650913 0.028735 0.124352
2 2 0.006034 0.041748 0.902686 0.032651 0.016881
2 2 0.006783 0.054755 0.887208 0.015832 0.035423
2 2 0.007339 0.047728 0.891616 0.029375 0.023942
2 2 0.007340 0.056819 0.884234 0.019934 0.031672
2 2 0.024817 0.114681 0.749409 0.048107 0.062986
2 2 0.004386 0.031459 0.921480 0.030061 0.012614
2 2 0.004892 0.034572 0.910554 0.038809 0.011173
2 2 0.004611 0.034206 0.920772 0.024279 0.016132
2 2 0.013207 0.090772 0.816509 0.021411 0.058102
2 2 0.004293 0.032707 0.924132 0.024011 0.014857
2 2 0.003843 0.029632 0.928797 0.025343 0.012385
2 2 0.005525 0.043577 0.907801 0.022990 0.020107
2 2 0.008690 0.058408 0.875343 0.028010 0.029549
2 2 0.010873 0.069952 0.852696 0.027591 0.038888
2 2 0.003478 0.027229 0.929163 0.031144 0.008985
2 2 0.009218 0.053920 0.868317 0.048794 0.019751
2 2 0.023749 0.125192 0.736111 0.031235 0.083713
2 2 0.007904 0.044931 0.882780 0.046647 0.017739
2 2 0.010841 0.062801 0.856747 0.042642 0.026969
2 2 0.006562 0.042911 0.898829 0.032595 0.019102
2 2 0.006892 0.048842 0.894188 0.026311 0.023768
2 2 0.004764 0.042585 0.914391 0.017876 0.020384
2 2 0.006954 0.036267 0.894522 0.045860 0.016398
2 2 0.009196 0.062349 0.869131 0.030957 0.028368
2 2 0.004785 0.033376 0.919389 0.026519 0.015932
2 2 0.005599 0.034495 0.901533 0.046779 0.011594
2 2 0.020799 0.100119 0.776335 0.062536 0.040211
2 2 0.026019 0.102889 0.752765 0.059808 0.058519
2 2 0.009733 0.050793 0.857408 0.065449 0.016616
2 2 0.008733 0.048641 0.858667 0.070785 0.013174
2 2 0.004833 0.029852 0.911669 0.042948 0.010698
2 2 0.012768 0.078447 0.836009 0.038702 0.034074
2 2 0.007088 0.042518 0.876377 0.060330 0.013686
2 2 0.003860 0.027284 0.917102 0.044223 0.007531
2 2 0.006376 0.036855 0.892265 0.052052 0.012451
2 2 0.006730 0.037786 0.889983 0.052088 0.013412
2 2 0.005280 0.033401 0.900810 0.050602 0.009907
2 2 0.163409 0.178902 0.250857 0.241412 0.165420
4 2 0.222058 0.219761 0.207474 0.117727 0.232980
4 2 0.162314 0.251215 0.244298 0.069465 0.272708
2 2 0.012474 0.076398 0.746840 0.075827 0.088460
2 2 0.002970 0.024077 0.929723 0.025912 0.017319
2 2 0.010305 0.074137 0.842133 0.022597 0.050827
2 2 0.001487 0.013413 0.957171 0.023773 0.004156
2 2 0.010615 0.068703 0.853275 0.023653 0.043754
2 2 0.010844 0.089959 0.728199 0.025403 0.145596
2 2 0.006354 0.041375 0.844022 0.069679 0.038569
2 2 0.005721 0.046059 0.904679 0.021297 0.022244
2 2 0.013175 0.097261 0.729857 0.024213 0.135495
2 2 0.004281 0.036565 0.919109 0.017318 0.022727
2 2 0.002257 0.017662 0.945361 0.028759 0.005961
2 2 0.015448 0.086281 0.696197 0.071835 0.130238
2 2 0.007395 0.065844 0.756512 0.076212 0.094037
2 2 0.006738 0.037234 0.895471 0.042668 0.017890
2 2 0.006466 0.062541 0.770141 0.052504 0.108347
2 2 0.009231 0.052732 0.753123 0.136509 0.048405
2 2 0.004762 0.034574 0.868852 0.078174 0.013639
2 2 0.002990 0.022769 0.924763 0.041512 0.007965
2 3 0.006965 0.046670 0.748264 0.162625 0.035476
2 3 0.010397 0.048318 0.678320 0.228625 0.034339
2 3 0.008003 0.024492 0.589798 0.363935 0.013771
2 3 0.008828 0.044026 0.655180 0.252653 0.039313
2 3 0.016309 0.068214 0.547214 0.276136 0.092126
2 3 0.007644 0.043657 0.783415 0.142476 0.022808
2 3 0.007973 0.045603 0.770736 0.144653 0.031035
2 3 0.005177 0.037283 0.883209 0.044286 0.030045
2 3 0.007177 0.030340 0.739693 0.208017 0.014772
2 3 0.010630 0.063822 0.694791 0.188899 0.041858
