0 0 0.340674 0.223655 0.145248 0.085755 0.204668
0 0 0.332399 0.259956 0.083281 0.039511 0.284852
4 0 0.252475 0.271555 0.084830 0.034493 0.356647
0 0 0.412699 0.221032 0.025719 0.021852 0.318698
2 0 0.176979 0.256665 0.284471 0.061949 0.219935
0 0 0.489002 0.202250 0.034201 0.034813 0.239734
0 0 0.643947 0.156132 0.014395 0.020199 0.165327
0 0 0.463201 0.207699 0.018019 0.016977 0.294104
4 0 0.270649 0.255249 0.075584 0.040245 0.358272
0 0 0.725662 0.127071 0.009738 0.016733 0.120796
0 0 0.636064 0.158619 0.012816 0.017571 0.174930
0 0 0.578708 0.176064 0.012928 0.015538 0.216762
0 0 0.543284 0.186474 0.014446 0.016098 0.239698
0 0 0.490495 0.202563 0.023613 0.023722 0.259607
0 0 0.570472 0.178363 0.012895 0.015219 0.223050
0 0 0.553554 0.184424 0.016779 0.019176 0.226066
0 0 0.493255 0.201690 0.022246 0.022445 0.260363
4 0 0.311974 0.239661 0.032376 0.021929 0.394059
4 0 0.329007 0.233929 0.022686 0.015950 0.398428
4 0 0.320934 0.236867 0.026954 0.018613 0.396632
4 0 0.305388 0.253017 0.034825 0.019075 0.387695
4 0 0.331775 0.232835 0.021351 0.015106 0.398932
4 0 0.281124 0.270355 0.052350 0.022480 0.373690
4 0 0.237376 0.294730 0.099749 0.027799 0.340346
4 1 0.219128 0.285161 0.108629 0.027213 0.359869
4 1 0.279990 0.273527 0.052723 0.021558 0.372202
4 1 0.309976 0.245548 0.032815 0.020175 0.391487
4 1 0.290896 0.265556 0.044195 0.020283 0.379070
4 1 0.284817 0.264172 0.050138 0.023684 0.377189
4 1 0.289306 0.266273 0.045475 0.020678 0.378269
4 0 0.222814 0.295087 0.122370 0.031692 0.328036
4 0 0.312773 0.241758 0.030186 0.019118 0.396165
4 1 0.271374 0.231986 0.041869 0.023072 0.431699
4 1 0.262796 0.278776 0.070328 0.026332 0.361768
2 0 0.133435 0.236035 0.328549 0.072786 0.229196
4 0 0.311706 0.246075 0.031504 0.019087 0.391627
4 1 0.284805 0.253631 0.043364 0.021328 0.396873
4 0 0.197589 0.295597 0.167397 0.036206 0.303211
4 0 0.238102 0.290662 0.099906 0.029535 0.341794
4 0 0.287417 0.260438 0.044442 0.020965 0.386738
4 0 0.280287 0.270398 0.053178 0.022829 0.373308
4 1 0.260424 0.279552 0.072986 0.026915 0.360122
1 1 0.168533 0.297191 0.228271 0.036219 0.269785
1 1 0.192975 0.306905 0.172543 0.031020 0.296557
1 1 0.157229 0.285256 0.258931 0.041595 0.256988
2 0 0.136724 0.244828 0.319504 0.065778 0.233167
0 0 0.295165 0.236439 0.134907 0.076331 0.257158
0 0 0.291649 0.239424 0.158176 0.076821 0.233930
0 0 0.287047 0.197551 0.203950 0.132525 0.178927
0 0 0.656277 0.148095 0.024631 0.037015 0.133982
0 0 0.460565 0.208947 0.019647 0.018427 0.292415
4 0 0.327406 0.234542 0.023488 0.016454 0.398111
4 0 0.319571 0.237781 0.027661 0.018887 0.396099
0 0 0.472371 0.139099 0.048216 0.088363 0.251950
4 0 0.284692 0.260946 0.050933 0.025322 0.378107
0 0 0.421092 0.219186 0.041928 0.036976 0.280818
4 0 0.351479 0.233675 0.031762 0.023618 0.359466
0 0 0.402043 0.224224 0.034144 0.028554 0.311034
4 0 0.319720 0.239179 0.035251 0.024369 0.381481
4 0 0.192304 0.284890 0.180815 0.042991 0.299000
4 1 0.193124 0.289568 0.177959 0.040082 0.299267
4 1 0.237042 0.283090 0.103528 0.033843 0.342496
0 0 0.491681 0.199401 0.041616 0.043243 0.224060
0 0 0.533532 0.188753 0.033582 0.037874 0.206260
0 0 0.477109 0.206146 0.025385 0.024821 0.266538
0 0 0.477318 0.206037 0.024680 0.024122 0.267844
0 0 0.609479 0.167339 0.019093 0.024929 0.179159
0 0 0.542520 0.185786 0.033612 0.038736 0.199346
0 0 0.591689 0.171771 0.025767 0.032794 0.177979
0 0 0.472273 0.201598 0.052178 0.052765 0.221187
0 0 0.406523 0.225977 0.045315 0.036384 0.285801
0 0 0.592041 0.172763 0.021396 0.026945 0.186855
0 0 0.510286 0.190949 0.061640 0.061192 0.175932
0 0 0.307964 0.177417 0.180587 0.156857 0.177175
3 0 0.129592 0.036431 0.225753 0.538047 0.070178
3 0 0.067526 0.016151 0.219723 0.657755 0.038844
3 0 0.083603 0.023442 0.237783 0.603279 0.051893
3 0 0.268039 0.083428 0.186848 0.339531 0.122154
3 0 0.236519 0.058714 0.187333 0.430614 0.086820
4 0 0.303411 0.251136 0.082035 0.045816 0.317601
0 0 0.584882 0.175201 0.020567 0.025416 0.193934
4 0 0.324760 0.235522 0.024861 0.017313 0.397544
4 0 0.295478 0.256566 0.042087 0.022208 0.383661
4 0 0.281507 0.249827 0.055965 0.033140 0.379561
0 0 0.537530 0.189348 0.025598 0.028650 0.218873
0 0 0.544438 0.185056 0.033858 0.039223 0.197425
0 0 0.596502 0.166864 0.032856 0.043272 0.160506
0 0 0.421746 0.219479 0.027749 0.024094 0.306933
0 0 0.431864 0.213921 0.051663 0.047456 0.255096
0 0 0.577136 0.177626 0.017259 0.020810 0.207169
4 0 0.334659 0.233620 0.023553 0.016781 0.391386
4 1 0.217843 0.292981 0.131318 0.033988 0.323869
2 1 0.149387 0.273924 0.281670 0.047121 0.247899
1 1 0.169234 0.298090 0.226351 0.035797 0.270528
2 2 0.120826 0.272275 0.360694 0.037990 0.208214
2 2 0.133323 0.283703 0.321314 0.036619 0.225042
1 2 0.149056 0.297907 0.274625 0.033446 0.244966
2 2 0.083833 0.237524 0.491050 0.033999 0.153594
2 2 0.070347 0.210786 0.549278 0.036845 0.132745
2 2 0.080954 0.192904 0.507246 0.067283 0.151613
2 2 0.134709 0.279660 0.319002 0.039267 0.227362
2 2 0.097245 0.243335 0.443498 0.041211 0.174712
2 2 0.085804 0.237347 0.484305 0.035724 0.156821
2 2 0.066377 0.202124 0.567207 0.037860 0.126432
2 3 0.106829 0.237523 0.412747 0.052896 0.190004
2 3 0.080945 0.142028 0.506751 0.124686 0.145590
2 3 0.123141 0.235538 0.360001 0.066822 0.214499
2 3 0.068710 0.202026 0.557893 0.040917 0.130455
2 3 0.060715 0.180321 0.594340 0.046864 0.117760
2 3 0.042742 0.161267 0.679431 0.030443 0.086116
2 2 0.049701 0.169710 0.645423 0.036606 0.098560
2 2 0.062811 0.182010 0.584945 0.048884 0.121350
2 2 0.048075 0.167870 0.653234 0.035144 0.095676
2 2 0.042943 0.158164 0.679083 0.032432 0.087378
2 3 0.050447 0.167392 0.642172 0.039206 0.100783
2 3 0.029822 0.093305 0.742314 0.058939 0.075621
2 3 0.076118 0.123240 0.531860 0.141262 0.127519
2 3 0.075303 0.176954 0.526944 0.073823 0.146975
3 3 0.144011 0.067569 0.334268 0.379315 0.074837
2 3 0.097282 0.185250 0.435704 0.093813 0.187951
0 3 0.363612 0.188318 0.161264 0.128242 0.158563
0 0 0.325241 0.184982 0.197034 0.141962 0.150780
4 0 0.194106 0.284544 0.183020 0.043468 0.294862
4 0 0.303877 0.241737 0.037927 0.025260 0.391200
4 1 0.254380 0.262062 0.084148 0.039483 0.359927
0 0 0.344520 0.202501 0.140794 0.112405 0.199780
4 0 0.221454 0.275244 0.129576 0.043552 0.330174
0 0 0.423112 0.219098 0.039070 0.034478 0.284242
0 0 0.579393 0.169128 0.040225 0.051914 0.159341
0 0 0.349040 0.234368 0.061423 0.045268 0.309901
0 0 0.700732 0.136160 0.009483 0.015182 0.138443
4 0 0.354026 0.227118 0.017288 0.012868 0.388699
4 0 0.285740 0.257031 0.050707 0.026813 0.379710
4 1 0.283600 0.258514 0.052459 0.027111 0.378316
1 1 0.192806 0.305644 0.173353 0.031626 0.296571
1 1 0.188921 0.299116 0.183510 0.035158 0.293294
4 0 0.312253 0.239582 0.032196 0.021821 0.394148
4 0 0.327311 0.218498 0.018834 0.014567 0.420790
4 0 0.332518 0.232535 0.021004 0.014885 0.399058
0 0 0.516923 0.189782 0.010024 0.010542 0.272729
0 0 0.492688 0.201173 0.019145 0.019226 0.267767
4 0 0.331162 0.233081 0.021641 0.015290 0.398826
4 1 0.228308 0.291336 0.114637 0.032144 0.333576
4 0 0.284198 0.253096 0.052867 0.029760 0.380080
0 0 0.465776 0.208893 0.032901 0.031702 0.260728
0 0 0.398298 0.220465 0.017702 0.014520 0.349015
4 0 0.322051 0.236483 0.026330 0.018226 0.396910
0 0 0.523434 0.192266 0.015847 0.016943 0.251510
4 1 0.246766 0.281241 0.090188 0.031377 0.350428
0 0 0.508039 0.197869 0.023097 0.024097 0.246897
4 0 0.333662 0.232066 0.020477 0.014550 0.399244
4 0 0.309649 0.258874 0.043945 0.022494 0.365039
4 0 0.288090 0.261339 0.081837 0.039394 0.329339
0 0 0.378434 0.226315 0.057717 0.047056 0.290478
0 0 0.500223 0.199911 0.022534 0.023092 0.254241
0 0 0.379011 0.226939 0.024012 0.018920 0.351118
4 0 0.204868 0.295587 0.153592 0.035179 0.310773
4 0 0.265588 0.274955 0.067995 0.027045 0.364416
4 0 0.316750 0.238235 0.029394 0.020114 0.395507
0 0 0.496270 0.201035 0.028256 0.028945 0.245495
4 1 0.275009 0.266481 0.059500 0.027127 0.371882
0 0 0.496097 0.200814 0.030720 0.031586 0.240784
4 1 0.268008 0.270191 0.066331 0.028416 0.367053
4 1 0.236388 0.288188 0.103145 0.031334 0.340944
0 0 0.398486 0.224500 0.028745 0.023726 0.324543
0 0 0.436245 0.216408 0.030581 0.027500 0.289266
4 0 0.255387 0.283890 0.078115 0.026783 0.355825
0 0 0.614005 0.165526 0.012613 0.016410 0.191446
0 0 0.642721 0.154295 0.022992 0.033064 0.146928
4 0 0.313405 0.242651 0.046160 0.030774 0.367010
4 0 0.283686 0.264290 0.051200 0.024156 0.376668
4 0 0.274950 0.267059 0.059437 0.026859 0.371695
0 0 0.355528 0.242871 0.048275 0.031373 0.321953
0 0 0.629700 0.160230 0.011278 0.015185 0.183606
0 0 0.544057 0.181543 0.041973 0.049645 0.182782
4 0 0.371162 0.156457 0.008944 0.011717 0.451720
0 0 0.374403 0.229535 0.031166 0.024415 0.340481
0 0 0.389194 0.226676 0.031039 0.025141 0.327951
0 0 0.463574 0.208028 0.040856 0.039682 0.247860
4 0 0.338986 0.229795 0.018166 0.013068 0.399985
0 0 0.383380 0.227156 0.051971 0.042064 0.295429
0 0 0.501232 0.199676 0.022860 0.023488 0.252743
4 0 0.325602 0.235214 0.024417 0.017036 0.397730
4 0 0.350134 0.232438 0.026126 0.019306 0.371995
0 0 0.383787 0.224449 0.020236 0.016090 0.355438
0 0 0.472231 0.207195 0.023727 0.022909 0.273938
0 0 0.579553 0.176908 0.017397 0.021097 0.205044
0 0 0.536581 0.189046 0.016549 0.018218 0.239606
4 0 0.294396 0.245109 0.045012 0.028698 0.386784
0 0 0.401223 0.227215 0.033867 0.026883 0.310812
0 0 0.418637 0.230379 0.037734 0.027531 0.285719
4 0 0.277759 0.257520 0.058418 0.030622 0.375681
4 0 0.230169 0.294530 0.110760 0.030008 0.334533
0 0 0.368424 0.237727 0.039461 0.027491 0.326898
0 0 0.547753 0.179277 0.053335 0.058998 0.160637
0 0 0.652375 0.153132 0.011967 0.017039 0.165487
0 0 0.642429 0.156568 0.013017 0.018134 0.169852
0 0 0.600282 0.169921 0.013372 0.016880 0.199545
4 0 0.338334 0.230081 0.018437 0.013243 0.399905
4 0 0.335938 0.231113 0.019462 0.013902 0.399586
4 0 0.321174 0.236785 0.026819 0.018529 0.396693
4 0 0.264764 0.274789 0.068994 0.027481 0.363973
4 1 0.256450 0.276113 0.078750 0.030291 0.358396
1 1 0.181445 0.298196 0.199416 0.035966 0.284976
4 1 0.215489 0.300080 0.133126 0.030906 0.320399
4 0 0.230835 0.258375 0.175523 0.063373 0.271894
0 0 0.485562 0.201164 0.015163 0.014953 0.283158
4 1 0.262860 0.272437 0.071781 0.029517 0.363404
0 0 0.374443 0.208051 0.102831 0.090135 0.224539
0 0 0.556842 0.183690 0.017902 0.020644 0.220921
0 0 0.381832 0.229150 0.076029 0.055068 0.257921
0 0 0.599042 0.168287 0.028052 0.036611 0.168008
0 0 0.629223 0.160693 0.018643 0.025519 0.165922
0 0 0.430620 0.229702 0.039749 0.028564 0.271365
0 0 0.488366 0.203136 0.023851 0.023857 0.260789
0 0 0.412180 0.221697 0.039391 0.033917 0.292814
0 0 0.380910 0.247322 0.049019 0.028595 0.294154
4 0 0.317451 0.238013 0.028974 0.019856 0.395705
0 0 0.419563 0.218568 0.021988 0.018914 0.320967
4 0 0.246039 0.275443 0.092551 0.034872 0.351095
4 0 0.256581 0.276440 0.078508 0.030064 0.358407
4 0 0.246082 0.291767 0.088210 0.026395 0.347545
4 1 0.269752 0.272912 0.063750 0.026263 0.367323
4 1 0.251135 0.285167 0.083285 0.027754 0.352659
1 0 0.156314 0.269758 0.264910 0.051622 0.257397
0 0 0.311655 0.262186 0.094914 0.042915 0.288329
4 1 0.248195 0.277936 0.089057 0.032621 0.352191
4 1 0.280574 0.260248 0.055081 0.027704 0.376393
4 1 0.279907 0.275224 0.052384 0.020860 0.371626
4 1 0.248377 0.270495 0.071095 0.024367 0.385665
4 1 0.246576 0.295788 0.086281 0.024433 0.346923
4 0 0.316437 0.238333 0.029583 0.020229 0.395418
4 1 0.255772 0.290353 0.075774 0.023683 0.354417
4 1 0.268665 0.269384 0.056877 0.022308 0.382766
4 1 0.280699 0.267900 0.049386 0.020911 0.381104
4 4 0.267964 0.162184 0.019958 0.022534 0.527360
4 4 0.316730 0.243999 0.028469 0.017573 0.393229
4 4 0.273169 0.230708 0.039650 0.021974 0.434499
4 4 0.256079 0.147654 0.018037 0.022708 0.555523
4 4 0.258753 0.289281 0.072345 0.023081 0.356539
4 4 0.172049 0.125292 0.044961 0.047533 0.610166
4 4 0.197980 0.234283 0.100567 0.032860 0.434310
4 4 0.176713 0.184176 0.086816 0.040144 0.512151
4 4 0.180707 0.221011 0.121421 0.040695 0.436165
1 1 0.153361 0.291227 0.266490 0.037587 0.251336
2 1 0.141833 0.289075 0.296590 0.036263 0.236239
2 1 0.105083 0.256664 0.413860 0.038486 0.185907
2 1 0.095893 0.247611 0.446624 0.037597 0.172274
2 1 0.129404 0.257007 0.292949 0.037998 0.282643
2 1 0.127709 0.285946 0.325868 0.031518 0.228959
2 1 0.087066 0.201355 0.409255 0.044090 0.258235
2 2 0.094468 0.258610 0.446820 0.030877 0.169225
2 2 0.070410 0.194003 0.495890 0.037057 0.202639
2 2 0.090824 0.252777 0.455300 0.030297 0.170801
2 2 0.086478 0.243014 0.467564 0.030964 0.171980
2 2 0.122790 0.266944 0.331380 0.035752 0.243133
2 2 0.062969 0.190833 0.550239 0.034643 0.161316
2 2 0.033824 0.127609 0.729279 0.033810 0.075477
2 2 0.062590 0.180495 0.538256 0.038671 0.179988
2 2 0.053375 0.179727 0.604594 0.031069 0.131234
2 2 0.024846 0.119517 0.780143 0.020290 0.055204
2 2 0.027921 0.115337 0.753534 0.029172 0.074036
2 2 0.023014 0.114356 0.791673 0.019147 0.051811
2 3 0.021906 0.098106 0.801307 0.025851 0.052830
2 3 0.030242 0.106068 0.724793 0.041528 0.097369
2 3 0.058009 0.166935 0.605963 0.052525 0.116567
0 0 0.392171 0.184387 0.126364 0.124880 0.172198
2 0 0.148024 0.271917 0.285657 0.048124 0.246278
4 0 0.249391 0.284276 0.085847 0.028836 0.351650
4 1 0.228209 0.300032 0.112077 0.027924 0.331758
1 1 0.175599 0.303174 0.210252 0.033477 0.277497
1 1 0.166781 0.305573 0.229047 0.032005 0.266593
2 1 0.113980 0.272062 0.380882 0.034943 0.198133
1 1 0.149024 0.306131 0.271093 0.029748 0.244004
1 1 0.188649 0.314563 0.178143 0.027968 0.290677
1 1 0.167561 0.280571 0.235507 0.045827 0.270534
1 1 0.186969 0.311527 0.182837 0.029367 0.289300
2 1 0.110121 0.203029 0.395522 0.089264 0.202065
4 0 0.215895 0.247527 0.141102 0.067218 0.328259
2 1 0.089749 0.245480 0.467833 0.034297 0.162642
2 1 0.110606 0.268078 0.392579 0.035331 0.193406
2 1 0.082548 0.234654 0.496603 0.034515 0.151679
2 1 0.095007 0.246495 0.449937 0.037606 0.170955
2 2 0.124322 0.278050 0.336541 0.033682 0.227404
2 2 0.021957 0.055977 0.761279 0.099051 0.061736
2 2 0.047898 0.173475 0.650093 0.030429 0.098104
2 2 0.088470 0.248409 0.470890 0.031851 0.160381
2 2 0.053245 0.195469 0.621926 0.025695 0.103664
2 2 0.052876 0.173263 0.630357 0.039358 0.104146
2 2 0.113013 0.220795 0.391111 0.072964 0.202117
2 2 0.113193 0.227607 0.391695 0.067170 0.200334
1 2 0.158129 0.300732 0.251270 0.033480 0.256390
2 2 0.116447 0.274307 0.372698 0.034942 0.201606
2 2 0.050288 0.182496 0.639338 0.028891 0.098986
2 3 0.010626 0.048703 0.877704 0.030241 0.032726
2 3 0.012321 0.060167 0.867882 0.024609 0.035022
2 3 0.014611 0.073235 0.851641 0.021860 0.038653
2 3 0.014371 0.056875 0.842654 0.040999 0.045101
2 3 0.014851 0.059577 0.839221 0.039259 0.047093
2 3 0.015670 0.034430 0.781500 0.122769 0.045632
2 3 0.007640 0.028760 0.878033 0.054439 0.031128
2 3 0.010821 0.025349 0.803222 0.122517 0.038091
3 3 0.023318 0.013697 0.332956 0.565763 0.064266
3 3 0.020216 0.010458 0.238557 0.641023 0.089746
3 3 0.015372 0.004698 0.219404 0.733069 0.027458
3 3 0.018617 0.010998 0.357811 0.564318 0.048256
3 3 0.009585 0.001311 0.082237 0.889885 0.016982
3 3 0.013323 0.004304 0.212972 0.739278 0.030123
3 3 0.008842 0.001281 0.093856 0.881406 0.014615
3 3 0.014214 0.002423 0.090910 0.859872 0.032580
3 3 0.014633 0.002551 0.091863 0.856472 0.034481
3 3 0.010254 0.001208 0.063624 0.905729 0.019185
3 3 0.017401 0.003907 0.135643 0.807111 0.035938
3 3 0.015713 0.003959 0.164329 0.785039 0.030960
3 3 0.016036 0.002596 0.084560 0.861355 0.035453
3 3 0.012054 0.001538 0.069254 0.894359 0.022794
3 3 0.007511 0.000506 0.031264 0.948318 0.012401
3 3 0.008538 0.000734 0.046111 0.931467 0.013150
3 3 0.008250 0.001014 0.063279 0.909168 0.018289
3 3 0.009289 0.000854 0.044529 0.927774 0.017554
3 3 0.009802 0.000985 0.050656 0.920188 0.018369
3 3 0.009599 0.001144 0.062124 0.907569 0.019564
3 3 0.008440 0.000702 0.038065 0.936259 0.016534
3 3 0.009312 0.000839 0.048956 0.926611 0.014282
3 3 0.010569 0.001317 0.062222 0.902509 0.023383
3 3 0.010179 0.000781 0.033950 0.936272 0.018818
3 3 0.007431 0.000552 0.032997 0.944639 0.014381
3 3 0.010971 0.001179 0.051687 0.913334 0.022829
3 3 0.031298 0.005086 0.105348 0.819407 0.038861
3 3 0.007224 0.000288 0.016625 0.966745 0.009117
3 3 0.027466 0.004252 0.102650 0.832413 0.033219
3 3 0.043066 0.016461 0.193363 0.640964 0.106146
2 3 0.197304 0.148549 0.243908 0.206009 0.204229
2 3 0.074663 0.099288 0.379965 0.234840 0.211244
2 3 0.066977 0.169380 0.542009 0.062372 0.159263
2 3 0.044198 0.086815 0.553007 0.143178 0.172801
2 3 0.019563 0.042735 0.718972 0.147746 0.070984
4 3 0.091519 0.168879 0.321168 0.059338 0.359097
2 2 0.033450 0.082018 0.664687 0.100791 0.119053
2 3 0.012320 0.032921 0.782278 0.112864 0.059617
2 3 0.075565 0.114515 0.353777 0.136765 0.319379
2 3 0.063702 0.170170 0.563919 0.054652 0.147558
2 3 0.034211 0.122414 0.726676 0.039276 0.077423
2 3 0.076128 0.167390 0.412207 0.053717 0.290559
2 3 0.105584 0.238617 0.368351 0.038443 0.249005
4 3 0.110262 0.189909 0.256907 0.048523 0.394399
4 2 0.121398 0.151099 0.156503 0.062230 0.508769
4 2 0.115282 0.192144 0.238547 0.047274 0.406754
4 2 0.105495 0.172735 0.246710 0.054095 0.420965
2 2 0.132626 0.278434 0.325130 0.039247 0.224563
4 2 0.111420 0.197606 0.273472 0.049208 0.368294
2 2 0.096276 0.217782 0.389905 0.043016 0.253022
4 2 0.104297 0.180866 0.267689 0.051440 0.395708
2 2 0.123856 0.286744 0.346174 0.031909 0.211317
4 2 0.107141 0.206383 0.304801 0.045462 0.336213
2 2 0.129308 0.279924 0.333778 0.037248 0.219741
4 2 0.145373 0.177831 0.126352 0.044380 0.506064
4 2 0.104081 0.199604 0.307564 0.047055 0.341697
4 2 0.146772 0.176161 0.148841 0.063242 0.464984
2 2 0.107906 0.219598 0.408838 0.070807 0.192850
2 2 0.190865 0.251430 0.283893 0.066683 0.207129
2 2 0.163381 0.252317 0.313217 0.061890 0.209195
0 0 0.432984 0.127877 0.112769 0.185553 0.140817
4 0 0.296955 0.206255 0.026397 0.022051 0.448341
4 0 0.196398 0.297620 0.169071 0.035268 0.301642
2 0 0.128206 0.283228 0.335560 0.035138 0.217868
2 1 0.084652 0.221562 0.492823 0.044986 0.155978
1 1 0.151812 0.285558 0.272266 0.040443 0.249921
2 1 0.144159 0.287422 0.291155 0.037710 0.239553
2 1 0.156341 0.247631 0.266085 0.070044 0.259898
2 1 0.139197 0.277967 0.307410 0.041689 0.233737
1 1 0.170773 0.302725 0.221136 0.033562 0.271805
1 1 0.190664 0.302422 0.178821 0.033360 0.294732
2 1 0.132037 0.273358 0.328409 0.041993 0.224201
2 1 0.142919 0.237562 0.301278 0.076013 0.242229
4 1 0.233016 0.271044 0.112119 0.042536 0.341285
4 1 0.218035 0.304015 0.121393 0.026173 0.330385
4 1 0.231891 0.244365 0.072003 0.027761 0.423980
0 0 0.332536 0.235516 0.065833 0.047866 0.318249
4 1 0.264412 0.167850 0.024087 0.026011 0.517641
1 1 0.205326 0.312995 0.146529 0.026864 0.308285
4 1 0.211603 0.308029 0.137116 0.027980 0.315272
4 1 0.185647 0.217703 0.174703 0.080901 0.341046
4 1 0.321557 0.236654 0.026605 0.018396 0.396788
1 1 0.166760 0.277228 0.238138 0.047969 0.269904
1 1 0.190360 0.306899 0.177779 0.031236 0.293727
1 1 0.190756 0.300507 0.179308 0.034313 0.295115
1 1 0.186830 0.310574 0.183512 0.029794 0.289290
4 1 0.270183 0.278147 0.061973 0.023599 0.366098
2 1 0.144555 0.280233 0.292519 0.041881 0.240812
4 0 0.306069 0.241218 0.036362 0.024327 0.392024
4 1 0.249535 0.292522 0.083279 0.024891 0.349774
4 1 0.225762 0.304709 0.114372 0.026444 0.328713
4 1 0.228150 0.300932 0.111867 0.027528 0.331523
4 1 0.217003 0.303897 0.125543 0.027352 0.326205
4 1 0.175409 0.290706 0.189802 0.031690 0.312393
4 0 0.316496 0.220812 0.023411 0.017862 0.421418
4 0 0.272505 0.181349 0.026882 0.026393 0.492872
0 0 0.314345 0.228306 0.134407 0.083206 0.239735
0 0 0.501649 0.186780 0.060202 0.067193 0.184177
0 0 0.358256 0.241400 0.117410 0.060519 0.222416
0 0 0.340217 0.246476 0.049638 0.030813 0.332856
0 0 0.409630 0.221482 0.024990 0.021079 0.322818
4 0 0.304643 0.241559 0.037374 0.024931 0.391492
4 0 0.304820 0.268630 0.072671 0.031742 0.322137
4 0 0.295151 0.243537 0.049342 0.032411 0.379558
1 0 0.176279 0.281676 0.215431 0.045617 0.280997
4 0 0.296124 0.243325 0.051804 0.034184 0.374563
0 0 0.310186 0.227689 0.102975 0.075188 0.283961
4 0 0.213151 0.294584 0.138950 0.034176 0.319139
4 0 0.234851 0.293064 0.104029 0.029362 0.338695
4 0 0.204027 0.267658 0.161224 0.053259 0.313832
1 0 0.184904 0.302803 0.190497 0.033518 0.288278
4 1 0.210696 0.273114 0.114539 0.030136 0.371515
1 1 0.160776 0.288442 0.249363 0.040256 0.261163
4 1 0.191020 0.223645 0.100318 0.033989 0.451029
4 1 0.198983 0.263675 0.121712 0.030962 0.384668
4 1 0.203399 0.275923 0.123757 0.029464 0.367457
4 1 0.230269 0.303151 0.107772 0.025992 0.332816
4 1 0.209810 0.311394 0.139022 0.026837 0.312938
4 1 0.208510 0.305471 0.138041 0.027644 0.320334
4 1 0.188944 0.290091 0.161092 0.030704 0.329170
4 1 0.194352 0.295429 0.155291 0.029835 0.325092
4 1 0.139296 0.261149 0.260563 0.036994 0.301997
4 2 0.204353 0.285703 0.131958 0.029791 0.348195
4 2 0.156117 0.257330 0.204208 0.036566 0.345779
2 2 0.122471 0.279692 0.335408 0.031087 0.231342
4 2 0.161120 0.265507 0.201735 0.035851 0.335786
4 2 0.175577 0.271332 0.174444 0.034433 0.344214
2 2 0.112821 0.263769 0.387471 0.038856 0.197084
1 0 0.219696 0.257482 0.209431 0.065678 0.247714
1 0 0.153375 0.285440 0.268394 0.040814 0.251978
4 0 0.189756 0.285860 0.185737 0.042603 0.296043
4 0 0.195333 0.282576 0.175329 0.044139 0.302624
4 0 0.219486 0.292740 0.128610 0.033726 0.325438
4 0 0.182658 0.285272 0.200691 0.043325 0.288054
4 0 0.314158 0.239561 0.077527 0.051971 0.316784
4 0 0.235617 0.269150 0.108572 0.042828 0.343834
4 0 0.220342 0.304392 0.123386 0.027842 0.324037
1 0 0.165509 0.300909 0.233836 0.034131 0.265614
1 1 0.183448 0.301745 0.193930 0.034098 0.286779
4 1 0.198874 0.299475 0.163662 0.034014 0.303975
2 1 0.096813 0.224522 0.448367 0.054973 0.175325
2 0 0.134138 0.270646 0.323348 0.044470 0.227398
4 0 0.201532 0.234440 0.180584 0.087378 0.296065
1 1 0.158693 0.292208 0.253122 0.037885 0.258092
4 1 0.203464 0.302686 0.153863 0.031790 0.308197
4 1 0.204833 0.296362 0.153415 0.034775 0.310615
1 1 0.174126 0.298089 0.215365 0.036002 0.276418
1 1 0.161272 0.298999 0.244476 0.034684 0.260569
1 1 0.177201 0.298958 0.208299 0.035602 0.279940
0 1 0.274048 0.233124 0.169127 0.086567 0.237134
1 1 0.172940 0.293812 0.219459 0.038249 0.275540
0 0 0.453809 0.208685 0.048223 0.046392 0.242892
2 0 0.107346 0.244208 0.409995 0.048138 0.190312
4 1 0.200088 0.303128 0.160080 0.032042 0.304663
4 1 0.239392 0.267216 0.103416 0.042644 0.347333
2 0 0.135055 0.251731 0.324101 0.058814 0.230299
1 0 0.216024 0.295458 0.181516 0.037786 0.269217
0 0 0.361260 0.250318 0.159173 0.055233 0.174017
1 0 0.186059 0.294322 0.191632 0.037922 0.290064
4 1 0.328981 0.243661 0.027981 0.017331 0.382045
0 1 0.375060 0.243382 0.034022 0.021135 0.326401
0 1 0.357719 0.242630 0.030957 0.019594 0.349100
4 1 0.302880 0.261722 0.040113 0.019432 0.375853
0 1 0.382217 0.260300 0.064728 0.029579 0.263176
4 2 0.290135 0.273751 0.053118 0.021731 0.361265
4 2 0.262830 0.287764 0.067823 0.022241 0.359342
4 2 0.231685 0.310415 0.102927 0.022641 0.332332
4 2 0.288766 0.267448 0.045702 0.020407 0.377678
4 2 0.268391 0.291059 0.070897 0.022170 0.347483
4 2 0.267271 0.286140 0.067869 0.022860 0.355860
4 2 0.256070 0.292375 0.074782 0.022712 0.354062
4 2 0.297048 0.257704 0.040538 0.020933 0.383777
4 2 0.286277 0.281928 0.065061 0.023505 0.343229
4 2 0.269636 0.283732 0.061083 0.021375 0.364174
4 2 0.294256 0.260421 0.042350 0.021018 0.381955
4 2 0.282227 0.269816 0.051382 0.022239 0.374335
4 2 0.272172 0.273645 0.060907 0.024856 0.368419
4 2 0.216650 0.309339 0.136397 0.027530 0.310084
1 3 0.211635 0.309871 0.165068 0.029823 0.283603
1 3 0.193425 0.297261 0.262760 0.035595 0.210959
2 3 0.052012 0.138041 0.661168 0.057107 0.091672
2 3 0.102297 0.266818 0.418502 0.031550 0.180834
2 3 0.116988 0.285999 0.365925 0.029699 0.201389
2 3 0.067833 0.205877 0.560442 0.037120 0.128727
2 3 0.081222 0.213048 0.507042 0.047816 0.150872
2 0 0.137062 0.282980 0.311472 0.038175 0.230311
2 0 0.119143 0.276298 0.364040 0.035117 0.205403
2 1 0.136816 0.288563 0.310014 0.035181 0.229424
2 1 0.038277 0.156361 0.701645 0.025786 0.077931
2 1 0.040608 0.163463 0.688444 0.025473 0.082012
2 2 0.050336 0.186480 0.637582 0.026730 0.098872
2 2 0.087624 0.248743 0.473551 0.031089 0.158993
2 2 0.032336 0.145418 0.733539 0.021713 0.066994
2 2 0.027775 0.123161 0.763354 0.024182 0.061528
2 2 0.062573 0.208845 0.579800 0.029335 0.119447
2 2 0.039201 0.145248 0.699443 0.033502 0.082607
2 3 0.034368 0.132460 0.726095 0.032133 0.074944
2 3 0.055609 0.180773 0.616938 0.038009 0.108671
2 3 0.099783 0.261822 0.428542 0.032531 0.177321
2 3 0.115503 0.158844 0.451804 0.129038 0.144812
2 3 0.090073 0.091738 0.527860 0.206988 0.083341
2 3 0.041231 0.099635 0.677562 0.088962 0.092610
2 3 0.126518 0.224174 0.394842 0.071134 0.183332
2 3 0.071439 0.197661 0.547191 0.047327 0.136383
2 2 0.095898 0.247278 0.446723 0.037795 0.172306
2 2 0.165231 0.261238 0.382980 0.042126 0.148424
2 1 0.080905 0.201747 0.602355 0.029004 0.085989
2 1 0.176787 0.268780 0.305911 0.049623 0.198899
4 1 0.259256 0.291035 0.071196 0.022157 0.356356
4 1 0.307003 0.253438 0.033534 0.018147 0.387878
0 1 0.307915 0.277819 0.100692 0.035465 0.278109
4 1 0.252112 0.301533 0.115326 0.028234 0.302795
4 1 0.256530 0.292401 0.074189 0.022541 0.354338
4 1 0.291881 0.267763 0.042811 0.018923 0.378623
4 1 0.326924 0.235169 0.023666 0.016423 0.397817
4 1 0.270373 0.279233 0.061478 0.023032 0.365883
4 1 0.270670 0.281570 0.060523 0.021890 0.365346
4 1 0.294303 0.263445 0.041661 0.019672 0.380918
4 1 0.300139 0.257949 0.037950 0.019385 0.384576
4 1 0.287546 0.269172 0.046432 0.020199 0.376652
4 1 0.245168 0.298765 0.087262 0.023606 0.345199
4 1 0.312000 0.269083 0.048816 0.021391 0.348710
4 1 0.318357 0.241642 0.027812 0.017796 0.394393
4 1 0.320254 0.238767 0.027079 0.018114 0.395785
4 1 0.287834 0.267777 0.046488 0.020674 0.377228
4 1 0.277788 0.277956 0.053851 0.020575 0.369830
4 1 0.311686 0.247888 0.031197 0.018310 0.390918
4 1 0.284050 0.269906 0.049581 0.021400 0.375063
4 1 0.273460 0.281766 0.057412 0.020710 0.366652
4 1 0.278501 0.277251 0.053298 0.020581 0.370368
4 1 0.297089 0.261111 0.039797 0.019419 0.382585
4 1 0.297934 0.260385 0.039247 0.019347 0.383087
2 1 0.124211 0.231354 0.437730 0.054053 0.152652
2 1 0.135522 0.115259 0.391343 0.226579 0.131298
1 1 0.184131 0.311932 0.188532 0.029326 0.286079
2 1 0.077669 0.202154 0.472157 0.040363 0.207658
2 1 0.129783 0.293069 0.326980 0.031000 0.219168
2 1 0.066087 0.214477 0.564159 0.030057 0.125220
2 1 0.123186 0.287369 0.347123 0.031261 0.211061
2 1 0.135172 0.283170 0.303659 0.034360 0.243640
1 1 0.148606 0.305314 0.272506 0.030027 0.243547
2 1 0.123334 0.262485 0.321215 0.036016 0.256949
2 1 0.135973 0.268504 0.318811 0.046559 0.230153
2 1 0.109884 0.262163 0.378912 0.034266 0.214775
2 1 0.065963 0.202135 0.568854 0.037331 0.125716
2 2 0.039780 0.145288 0.696461 0.034567 0.083904
2 2 0.064837 0.204403 0.556066 0.031451 0.143244
2 2 0.026888 0.129132 0.766274 0.019712 0.057995
2 2 0.058882 0.208456 0.594027 0.025636 0.112999
2 2 0.066357 0.214800 0.554466 0.028761 0.135616
2 2 0.019197 0.086075 0.819177 0.026989 0.048562
2 2 0.069148 0.218877 0.545476 0.029881 0.136618
2 2 0.016280 0.083460 0.839367 0.019895 0.040998
2 2 0.015645 0.051104 0.818064 0.065151 0.050036
2 2 0.011888 0.046391 0.859197 0.044614 0.037910
2 2 0.014675 0.023065 0.757345 0.175967 0.028948
2 2 0.024582 0.096478 0.779796 0.035237 0.063908
2 2 0.019329 0.064050 0.797554 0.059182 0.059885
2 2 0.017723 0.027787 0.716259 0.194297 0.043935
2 3 0.022410 0.050715 0.724161 0.129837 0.072877
3 3 0.019592 0.010332 0.386810 0.551541 0.031725
2 3 0.020086 0.022872 0.616597 0.289194 0.051251
3 3 0.015407 0.004325 0.215137 0.741778 0.023353
2 3 0.018892 0.020688 0.571866 0.329660 0.058894
3 3 0.013294 0.002617 0.145906 0.819285 0.018899
3 3 0.013136 0.003398 0.200825 0.762981 0.019660
3 3 0.019269 0.006494 0.247032 0.695600 0.031606
3 3 0.009953 0.000916 0.056535 0.920157 0.012439
3 3 0.016864 0.003907 0.136442 0.805308 0.037479
3 3 0.012511 0.002484 0.142031 0.823553 0.019421
3 3 0.010276 0.000857 0.046770 0.928401 0.013696
3 3 0.013451 0.001818 0.081129 0.881919 0.021684
3 3 0.011269 0.000876 0.039112 0.932145 0.016598
3 3 0.009646 0.000772 0.045250 0.931879 0.012453
3 3 0.014668 0.002699 0.103839 0.846981 0.031814
3 3 0.008867 0.000589 0.032686 0.945237 0.012621
3 3 0.008492 0.000720 0.044472 0.932872 0.013445
3 3 0.013777 0.001825 0.083712 0.880777 0.019909
3 3 0.010308 0.000788 0.039738 0.934645 0.014521
3 3 0.007809 0.000563 0.039012 0.942155 0.010462
3 3 0.013398 0.002315 0.101656 0.856029 0.026601
3 3 0.010307 0.000884 0.045629 0.927842 0.015339
3 3 0.010188 0.000864 0.046312 0.928181 0.014455
3 3 0.010416 0.000929 0.050036 0.924015 0.014604
3 3 0.008342 0.000720 0.048044 0.930686 0.012207
3 3 0.009700 0.000767 0.039615 0.934774 0.015144
3 3 0.010537 0.000923 0.050724 0.924058 0.013759
3 3 0.007571 0.000558 0.038037 0.942529 0.011305
3 3 0.009636 0.000943 0.060052 0.916605 0.012763
3 3 0.009800 0.000744 0.040557 0.935603 0.013296
3 3 0.008950 0.000700 0.045054 0.934086 0.011210
3 3 0.009032 0.000620 0.033584 0.943505 0.013259
3 3 0.010018 0.000830 0.040531 0.931835 0.016786
3 3 0.008911 0.000526 0.031326 0.949127 0.010110
3 3 0.007724 0.000376 0.021290 0.960065 0.010546
3 3 0.009121 0.000506 0.024693 0.952631 0.013050
3 3 0.009568 0.000625 0.034862 0.943429 0.011516
3 3 0.008767 0.000518 0.029337 0.950211 0.011166
3 3 0.008646 0.000580 0.034372 0.944709 0.011692
3 3 0.010620 0.000980 0.049111 0.922656 0.016633
3 3 0.008096 0.000461 0.025890 0.953793 0.011760
3 3 0.008380 0.000480 0.026860 0.952761 0.011519
3 3 0.014197 0.001392 0.049657 0.911235 0.023518
3 3 0.009235 0.000541 0.025293 0.950468 0.014464
3 3 0.010998 0.000989 0.048626 0.923080 0.016307
3 3 0.008913 0.000476 0.026332 0.953779 0.010499
3 3 0.008001 0.000443 0.026213 0.954699 0.010644
3 3 0.007819 0.000519 0.031715 0.947901 0.012046
3 3 0.011171 0.000875 0.040890 0.931447 0.015618
3 3 0.007583 0.000374 0.020339 0.960116 0.011587
3 3 0.061977 0.019617 0.186685 0.639544 0.092178
3 3 0.018972 0.003024 0.127393 0.831878 0.018733
3 3 0.067875 0.020275 0.203680 0.635029 0.073142
4 3 0.140098 0.105589 0.078652 0.113263 0.562398
2 3 0.070448 0.160520 0.532328 0.076257 0.160447
2 3 0.139317 0.279956 0.306459 0.040558 0.233711
4 3 0.154286 0.280506 0.246970 0.037469 0.280768
2 3 0.126591 0.255954 0.301848 0.037878 0.277729
4 2 0.133838 0.245890 0.260662 0.039579 0.320031
4 2 0.176831 0.273082 0.174657 0.034612 0.340818
2 2 0.096066 0.192237 0.339088 0.049361 0.323248
2 2 0.113099 0.216224 0.357817 0.065187 0.247672
2 2 0.084116 0.212028 0.496039 0.052050 0.155767
2 2 0.128673 0.262100 0.340928 0.047882 0.220418
2 2 0.101813 0.247332 0.427279 0.042015 0.181561
4 2 0.172651 0.256954 0.167453 0.036349 0.366593
2 2 0.137417 0.285306 0.295800 0.033657 0.247820
4 2 0.196664 0.272993 0.146470 0.036622 0.347251
1 2 0.194609 0.311048 0.167697 0.029000 0.297646
4 2 0.214668 0.233856 0.096272 0.040642 0.414562
4 2 0.154259 0.187333 0.122648 0.042954 0.492807
4 2 0.152854 0.179854 0.132574 0.055088 0.479631
4 2 0.136453 0.150218 0.109404 0.050820 0.553104
4 2 0.198135 0.162674 0.052081 0.038874 0.548235
4 2 0.123085 0.211084 0.246211 0.045153 0.374467
4 2 0.135592 0.192289 0.184971 0.051880 0.435268
4 2 0.163052 0.106366 0.036543 0.050350 0.643690
0 2 0.264611 0.238200 0.175025 0.082039 0.240125
2 2 0.113475 0.234481 0.391003 0.060749 0.200291
4 2 0.177090 0.279422 0.189054 0.037214 0.317219
2 2 0.146733 0.257457 0.277081 0.052848 0.265882
4 1 0.135048 0.222856 0.225473 0.043698 0.372926
4 1 0.173786 0.252592 0.209941 0.060139 0.303542
4 1 0.144102 0.223075 0.200194 0.043812 0.388817
4 1 0.156585 0.254613 0.202207 0.037634 0.348962
4 1 0.159460 0.289629 0.228656 0.032559 0.289696
4 1 0.145045 0.126628 0.065979 0.048758 0.613590
4 1 0.166694 0.229829 0.147206 0.037643 0.418627
4 1 0.165757 0.109716 0.037772 0.050346 0.636409
4 1 0.202527 0.229605 0.094125 0.034026 0.439717
4 1 0.202503 0.238047 0.110666 0.039692 0.409091
4 1 0.170110 0.181866 0.090581 0.039607 0.517836
4 1 0.155729 0.188796 0.121764 0.042633 0.491078
4 1 0.176507 0.211101 0.114129 0.039564 0.458700
4 1 0.163495 0.231307 0.158464 0.039231 0.407503
4 2 0.169861 0.257202 0.172993 0.036301 0.363643
4 2 0.177357 0.208289 0.109377 0.039172 0.465804
4 2 0.149251 0.212513 0.166205 0.041921 0.430111
4 2 0.155489 0.202003 0.139928 0.042569 0.460010
4 2 0.142768 0.238531 0.220019 0.039970 0.358712
2 2 0.117779 0.278596 0.367031 0.033393 0.203201
4 2 0.166289 0.241593 0.164884 0.038394 0.388839
4 2 0.160853 0.225491 0.156812 0.039777 0.417066
4 2 0.175068 0.220008 0.123251 0.038034 0.443638
4 2 0.176479 0.245152 0.144694 0.035554 0.398121
1 2 0.151744 0.279525 0.274227 0.044047 0.250457
4 2 0.176811 0.278577 0.180737 0.034411 0.329464
4 2 0.168180 0.235780 0.170063 0.045966 0.380011
4 2 0.155978 0.213451 0.151947 0.040987 0.437637
4 2 0.159981 0.228150 0.159056 0.038431 0.414382
4 2 0.161227 0.201962 0.147423 0.052949 0.436439
2 1 0.084153 0.182311 0.489775 0.077164 0.166597
4 1 0.155128 0.241157 0.208444 0.046514 0.348756
4 1 0.156634 0.245386 0.190821 0.038481 0.368678
4 1 0.166981 0.272918 0.198678 0.035951 0.325472
2 1 0.136217 0.274016 0.316671 0.043106 0.229990
4 1 0.178083 0.295200 0.195425 0.033516 0.297776
4 0 0.246919 0.239021 0.150992 0.079027 0.284042
2 0 0.135030 0.251236 0.324207 0.059222 0.230304
2 0 0.225446 0.192271 0.290668 0.126699 0.164916
4 0 0.207620 0.181914 0.089750 0.077979 0.442736
4 0 0.209198 0.279979 0.122167 0.030238 0.358418
4 1 0.152738 0.256871 0.215319 0.037610 0.337462
2 1 0.119229 0.244436 0.312655 0.038575 0.285105
1 1 0.166271 0.298939 0.217134 0.030746 0.286910
1 1 0.170186 0.309956 0.216752 0.029489 0.273617
4 1 0.143239 0.225197 0.214744 0.047236 0.369584
4 1 0.172342 0.271024 0.226345 0.052858 0.277431
4 1 0.174056 0.246384 0.223226 0.074548 0.281786
4 0 0.269773 0.233485 0.058507 0.038840 0.399394
4 0 0.251451 0.259816 0.085836 0.040397 0.362499
4 0 0.263685 0.138795 0.012311 0.016689 0.568520
4 0 0.263674 0.136400 0.011533 0.015945 0.572448
4 0 0.224603 0.236290 0.083848 0.036185 0.419074
2 0 0.116317 0.273596 0.359705 0.032414 0.217968
2 1 0.108119 0.252816 0.382045 0.037228 0.219792
2 1 0.118668 0.260472 0.337859 0.035852 0.247148
2 1 0.115840 0.274902 0.362714 0.032027 0.214518
1 1 0.166339 0.301911 0.231532 0.033705 0.266513
2 0 0.139263 0.246636 0.312278 0.065274 0.236550
4 0 0.258340 0.261449 0.079359 0.037991 0.362861
4 0 0.241917 0.129796 0.015055 0.021896 0.591335
4 0 0.181802 0.085601 0.013008 0.028704 0.690886
4 0 0.236481 0.268779 0.092572 0.032967 0.369200
4 0 0.158572 0.221386 0.155686 0.039859 0.424497
2 1 0.113327 0.280793 0.378970 0.030487 0.196422
4 1 0.127810 0.248395 0.287419 0.039363 0.297012
2 1 0.123211 0.239084 0.359891 0.063464 0.214350
1 1 0.161288 0.312647 0.238625 0.028525 0.258914
1 1 0.160420 0.289165 0.249985 0.039798 0.260631
1 0 0.200214 0.304833 0.159228 0.031208 0.304517
1 1 0.168357 0.298439 0.228223 0.035565 0.269415
4 1 0.189601 0.275512 0.165458 0.038892 0.330537
4 1 0.196385 0.266117 0.145247 0.039181 0.353070
1 1 0.183035 0.308846 0.192086 0.030735 0.285298
2 1 0.154458 0.263088 0.270565 0.056281 0.255608
1 1 0.174950 0.307440 0.209994 0.031458 0.276158
2 1 0.132161 0.271827 0.296643 0.034694 0.264674
2 1 0.113885 0.223992 0.314219 0.044885 0.303017
2 1 0.093536 0.222944 0.409829 0.040003 0.233688
2 1 0.138538 0.291199 0.294557 0.032080 0.243626
2 1 0.111502 0.223773 0.322212 0.043992 0.298521
2 1 0.104179 0.239314 0.377318 0.038248 0.240941
2 1 0.114459 0.261649 0.355228 0.034586 0.234078
2 1 0.105003 0.231593 0.361010 0.040017 0.262377
2 1 0.120836 0.244501 0.319094 0.042119 0.273450
2 1 0.090955 0.228445 0.435151 0.038261 0.207188
2 1 0.066839 0.198773 0.543510 0.036098 0.154780
2 1 0.096136 0.246094 0.423731 0.034031 0.200008
2 2 0.099720 0.220066 0.371657 0.042347 0.266211
2 2 0.129158 0.252654 0.296773 0.041078 0.280337
2 2 0.075015 0.206276 0.494664 0.037356 0.186689
2 2 0.052550 0.180444 0.622302 0.031932 0.112772
2 2 0.078716 0.186982 0.447221 0.048908 0.238173
2 2 0.062954 0.199942 0.566935 0.032263 0.137905
2 2 0.126349 0.272903 0.344583 0.040011 0.216154
2 2 0.124901 0.281933 0.345317 0.034589 0.213261
2 2 0.091270 0.243170 0.463584 0.036734 0.165242
2 2 0.132397 0.246638 0.319652 0.056969 0.244345
2 2 0.078269 0.224115 0.502450 0.034234 0.160931
2 2 0.030436 0.112126 0.748063 0.038263 0.071112
2 2 0.064460 0.193269 0.549368 0.035930 0.156973
2 2 0.076378 0.219361 0.503642 0.033896 0.166723
2 2 0.033155 0.137250 0.731820 0.026928 0.070846
2 2 0.057348 0.174429 0.568094 0.036946 0.163183
2 2 0.056039 0.178711 0.582861 0.033707 0.148681
2 2 0.010628 0.043853 0.871445 0.039742 0.034333
2 2 0.029207 0.121927 0.748447 0.027392 0.073028
2 2 0.061955 0.182393 0.542503 0.036727 0.176422
2 2 0.016940 0.079065 0.834746 0.025264 0.043984
2 2 0.052907 0.179382 0.610563 0.031275 0.125873
2 2 0.058989 0.168518 0.601305 0.050352 0.120837
2 2 0.090357 0.238354 0.468295 0.038883 0.164111
2 2 0.087614 0.221286 0.450985 0.040664 0.199451
2 2 0.065838 0.199333 0.570043 0.039127 0.125660
2 2 0.072130 0.222915 0.527313 0.029683 0.147959
2 2 0.066393 0.214689 0.562923 0.030259 0.125736
2 2 0.040674 0.168982 0.685831 0.022629 0.081884
2 2 0.014472 0.061496 0.848598 0.033937 0.041498
2 2 0.017994 0.082691 0.825448 0.025859 0.048009
2 2 0.011762 0.058222 0.872217 0.024041 0.033757
2 2 0.012323 0.066016 0.868904 0.019228 0.033527
2 2 0.007436 0.039685 0.906721 0.022089 0.024068
2 3 0.036028 0.126382 0.697904 0.037354 0.102332
2 3 0.011670 0.058146 0.873022 0.023680 0.033482
2 3 0.011410 0.042525 0.857734 0.050681 0.037651
2 3 0.011205 0.054013 0.875547 0.026126 0.033108
2 3 0.044441 0.156531 0.657632 0.034108 0.107288
2 3 0.060541 0.142854 0.518850 0.068504 0.209252
2 3 0.031532 0.124895 0.742303 0.031055 0.070215
2 3 0.013441 0.035658 0.801822 0.102138 0.046940
2 3 0.037835 0.104080 0.691635 0.073860 0.092591
2 3 0.090338 0.238178 0.468416 0.038976 0.164092
2 3 0.062285 0.188683 0.586766 0.042199 0.120066
2 3 0.096657 0.224653 0.390496 0.039306 0.248888
2 3 0.065723 0.202026 0.551253 0.033487 0.147511
2 3 0.075959 0.196678 0.475160 0.041655 0.210548
2 3 0.055168 0.097421 0.445488 0.130165 0.271758
2 3 0.052155 0.151361 0.576023 0.044988 0.175472
2 3 0.030027 0.134322 0.746768 0.022811 0.066072
2 3 0.021332 0.082651 0.772930 0.036475 0.086612
2 3 0.057707 0.172904 0.579774 0.041369 0.148245
2 3 0.012259 0.034209 0.789779 0.102217 0.061536
2 3 0.024195 0.084487 0.760033 0.047980 0.083305
2 3 0.013524 0.055367 0.849367 0.038223 0.043520
2 3 0.024453 0.065116 0.730739 0.093745 0.085947
2 3 0.012951 0.045680 0.842992 0.056444 0.041934
2 3 0.061675 0.179580 0.542467 0.038133 0.178144
2 3 0.009320 0.035079 0.869342 0.051987 0.034272
2 3 0.043553 0.149127 0.648583 0.035609 0.123128
2 3 0.025380 0.090996 0.760514 0.043887 0.079222
2 3 0.018039 0.060894 0.795677 0.057789 0.067601
2 3 0.010916 0.030776 0.823224 0.095577 0.039507
2 3 0.028495 0.081204 0.730127 0.075571 0.084603
2 3 0.018134 0.060838 0.797405 0.058584 0.065039
2 3 0.030944 0.104285 0.727049 0.046857 0.090866
2 3 0.030466 0.082186 0.702205 0.083806 0.101338
2 3 0.014767 0.054067 0.828867 0.049837 0.052462
2 3 0.046774 0.105106 0.544247 0.087235 0.216638
2 3 0.014271 0.042303 0.805161 0.084891 0.053374
2 3 0.011894 0.051101 0.865907 0.034786 0.036312
2 3 0.013128 0.032896 0.805345 0.108177 0.040454
2 3 0.023223 0.079835 0.784234 0.050750 0.061957
2 3 0.015130 0.020143 0.688178 0.241306 0.035244
2 3 0.013913 0.059469 0.852489 0.033793 0.040336
2 3 0.010266 0.016399 0.701016 0.232316 0.040004
2 3 0.017156 0.059799 0.814606 0.053982 0.054457
2 3 0.010158 0.044572 0.878595 0.034268 0.032406
2 3 0.023221 0.050219 0.738033 0.127990 0.060537
2 3 0.013738 0.022431 0.670807 0.237227 0.055797
2 3 0.007302 0.030743 0.894304 0.041152 0.026498
2 3 0.015031 0.047035 0.815562 0.073223 0.049148
2 3 0.025708 0.024323 0.433491 0.411674 0.104804
3 3 0.017361 0.011133 0.408689 0.517988 0.044828
