0 0 0.778759 0.123935 0.034975 0.027002 0.035330
0 0 0.659318 0.169898 0.064449 0.046231 0.060104
0 0 0.568155 0.198478 0.090750 0.062146 0.080470
0 0 0.649119 0.173369 0.067227 0.047961 0.062324
0 1 0.456464 0.225778 0.127794 0.082993 0.106971
1 1 0.236816 0.248579 0.193146 0.123597 0.197862
4 1 0.138849 0.231280 0.182847 0.131016 0.316008
4 1 0.112311 0.226467 0.230199 0.146060 0.284963
0 4 0.704072 0.153034 0.043766 0.036429 0.062699
0 4 0.331406 0.240913 0.120875 0.094680 0.212126
4 4 0.207881 0.242752 0.158960 0.117812 0.272595
0 4 0.309805 0.244396 0.136566 0.101536 0.207697
1 4 0.193890 0.245239 0.199383 0.130068 0.231420
4 4 0.233850 0.242650 0.142289 0.110215 0.270997
4 4 0.135463 0.230606 0.185808 0.132182 0.315940
4 4 0.186712 0.237580 0.150760 0.116869 0.308080
4 4 0.124922 0.227575 0.190754 0.134500 0.322249
1 4 0.223688 0.248112 0.203498 0.127341 0.197362
0 4 0.442076 0.211987 0.062082 0.062983 0.220871
4 4 0.151328 0.232182 0.165826 0.124640 0.326023
0 4 0.288620 0.245552 0.142818 0.105427 0.217583
0 4 0.513451 0.210243 0.078545 0.064547 0.133214
1 4 0.204820 0.246406 0.231113 0.134773 0.182888
4 4 0.194362 0.241793 0.165629 0.121056 0.277161
1 4 0.212718 0.245953 0.178424 0.122890 0.240015
4 4 0.226686 0.234777 0.117265 0.101408 0.319864
4 4 0.111902 0.225834 0.223213 0.144424 0.294627
2 4 0.113378 0.227772 0.261726 0.152446 0.244679
4 1 0.122965 0.229189 0.211283 0.140379 0.296183
4 1 0.172098 0.241760 0.200319 0.132697 0.253125
4 1 0.111208 0.224706 0.213327 0.141964 0.308796
2 1 0.113469 0.227499 0.279377 0.155351 0.224304
2 1 0.098256 0.195893 0.426401 0.125916 0.153534
2 1 0.106813 0.213306 0.357967 0.143485 0.178430
2 1 0.105241 0.210098 0.371078 0.140070 0.173512
2 1 0.100654 0.200762 0.407887 0.130609 0.160089
2 1 0.094003 0.187274 0.458245 0.117938 0.142540
2 2 0.055486 0.109859 0.710731 0.058373 0.065551
2 2 0.043083 0.085111 0.782776 0.042526 0.046503
2 2 0.029401 0.057907 0.857993 0.026620 0.028079
2 2 0.026965 0.053157 0.869185 0.025438 0.025255
2 2 0.061581 0.122049 0.673928 0.066671 0.075771
2 2 0.017877 0.035695 0.901943 0.028593 0.015893
2 2 0.031234 0.061546 0.848177 0.028653 0.030389
2 2 0.012742 0.025393 0.932156 0.019399 0.010311
2 3 0.013343 0.026750 0.923213 0.025488 0.011205
2 3 0.011512 0.023267 0.925065 0.030505 0.009651
2 3 0.018991 0.037951 0.894599 0.031246 0.017214
2 3 0.028856 0.056903 0.859251 0.027425 0.027565
2 3 0.014936 0.030134 0.905453 0.036205 0.013272
2 3 0.037594 0.074184 0.813491 0.035944 0.038786
2 3 0.012642 0.025444 0.922978 0.028282 0.010654
2 3 0.013166 0.026881 0.896954 0.051050 0.011949
2 3 0.018155 0.036433 0.893624 0.035221 0.016567
2 3 0.018299 0.037211 0.867452 0.059262 0.017776
2 3 0.009434 0.018147 0.850073 0.113208 0.009138
2 3 0.010011 0.018599 0.791865 0.169087 0.010439
2 3 0.011220 0.022974 0.906758 0.049147 0.009901
2 3 0.011514 0.022877 0.854942 0.099452 0.011215
2 3 0.011157 0.022056 0.843667 0.112113 0.011007
2 3 0.014534 0.029878 0.868696 0.072910 0.013982
2 3 0.012138 0.021123 0.745663 0.207471 0.013606
2 3 0.009808 0.018666 0.839296 0.122552 0.009678
2 3 0.010602 0.020237 0.809245 0.149030 0.010885
2 3 0.009949 0.015975 0.650280 0.311909 0.011887
3 3 0.012275 0.015679 0.473972 0.482427 0.015646
3 3 0.016330 0.016184 0.429854 0.521673 0.015960
2 3 0.013951 0.018213 0.511465 0.439581 0.016790
3 3 0.007386 0.008177 0.303010 0.670424 0.011004
3 3 0.013631 0.010334 0.273467 0.688747 0.013822
2 3 0.009562 0.013254 0.502554 0.461716 0.012914
3 3 0.009208 0.005826 0.195430 0.780001 0.009535
3 3 0.016176 0.013935 0.340529 0.613375 0.015986
3 3 0.011933 0.012762 0.371053 0.589397 0.014854
3 3 0.008927 0.005674 0.195425 0.780715 0.009259
3 3 0.011397 0.008101 0.225535 0.742817 0.012151
3 3 0.052148 0.032222 0.302199 0.582161 0.031269
3 3 0.006925 0.004956 0.186855 0.791923 0.009341
3 3 0.019067 0.012769 0.265059 0.687730 0.015376
3 3 0.019067 0.012502 0.239045 0.712060 0.017327
3 3 0.011034 0.006464 0.194533 0.777687 0.010282
3 3 0.017837 0.013946 0.344046 0.608479 0.015692
3 3 0.012635 0.011824 0.292074 0.667742 0.015725
3 3 0.015010 0.006254 0.158319 0.809667 0.010750
3 3 0.007018 0.007519 0.262203 0.711646 0.011614
3 3 0.011671 0.007836 0.220701 0.748206 0.011586
3 3 0.006479 0.003264 0.140549 0.842887 0.006820
3 3 0.007277 0.004410 0.167514 0.812248 0.008551
3 3 0.015877 0.007476 0.177556 0.786968 0.012123
3 3 0.011280 0.007222 0.209355 0.761039 0.011104
3 3 0.024599 0.012437 0.225666 0.721844 0.015454
3 3 0.010802 0.004596 0.147395 0.828782 0.008426
3 3 0.017809 0.008364 0.186095 0.774960 0.012773
3 3 0.008910 0.003928 0.142574 0.837047 0.007541
3 3 0.010747 0.005665 0.177953 0.796252 0.009382
3 3 0.022340 0.008166 0.165909 0.791241 0.012345
3 3 0.014701 0.005889 0.154177 0.815121 0.010112
3 3 0.013817 0.008521 0.212634 0.752186 0.012842
3 3 0.008646 0.005472 0.193394 0.783500 0.008987
3 3 0.039590 0.011538 0.160571 0.771929 0.016373
3 3 0.011111 0.006033 0.169349 0.802144 0.011363
3 3 0.024293 0.009567 0.179289 0.772959 0.013892
3 3 0.011960 0.005280 0.157163 0.816353 0.009244
3 3 0.020476 0.006333 0.136846 0.825379 0.010967
3 3 0.018239 0.009200 0.202390 0.757085 0.013085
3 3 0.006307 0.002803 0.119808 0.864422 0.006661
3 3 0.011877 0.003857 0.117663 0.858657 0.007947
3 3 0.011292 0.003622 0.111586 0.865552 0.007947
3 3 0.012076 0.005788 0.167792 0.804452 0.009892
3 3 0.003487 0.001504 0.093785 0.896806 0.004418
3 3 0.013774 0.004441 0.124999 0.848273 0.008514
3 3 0.015519 0.006509 0.165304 0.802137 0.010531
3 3 0.009977 0.002914 0.096929 0.883110 0.007070
3 3 0.010031 0.003811 0.121144 0.856531 0.008483
3 3 0.027904 0.008675 0.155277 0.795119 0.013025
3 3 0.010468 0.004252 0.139337 0.837841 0.008103
3 3 0.016519 0.008327 0.190170 0.772029 0.012955
3 3 0.009678 0.003129 0.108528 0.871704 0.006963
3 3 0.015421 0.005364 0.134783 0.834331 0.010100
3 3 0.021376 0.009903 0.202410 0.752976 0.013334
3 3 0.024468 0.007411 0.139200 0.816218 0.012702
3 3 0.012696 0.005965 0.161440 0.809084 0.010816
3 3 0.017816 0.005774 0.136063 0.830077 0.010270
3 3 0.018711 0.007598 0.163735 0.797332 0.012624
3 3 0.011317 0.004352 0.128436 0.846722 0.009173
3 3 0.015207 0.006168 0.152736 0.814888 0.011002
3 3 0.011032 0.003891 0.120425 0.856379 0.008273
3 3 0.013177 0.004476 0.121785 0.851179 0.009383
3 3 0.009078 0.003246 0.114883 0.865587 0.007206
3 3 0.006807 0.002343 0.094078 0.890328 0.006444
3 3 0.019353 0.005256 0.117223 0.848009 0.010159
3 3 0.008466 0.003364 0.121714 0.858997 0.007459
3 3 0.016072 0.007827 0.178632 0.784419 0.013050
3 3 0.007672 0.002522 0.101078 0.882683 0.006046
3 3 0.013163 0.004378 0.124230 0.849558 0.008671
2 3 0.168633 0.087601 0.429775 0.261380 0.052611
2 3 0.235704 0.199326 0.388630 0.080331 0.096009
2 2 0.047434 0.093783 0.757927 0.047930 0.052927
2 2 0.026509 0.053647 0.822777 0.069203 0.027864
2 2 0.019154 0.038893 0.864744 0.058500 0.018709
2 2 0.045465 0.089858 0.769225 0.045465 0.049987
2 2 0.173367 0.187804 0.455510 0.083887 0.099432
0 1 0.361821 0.241383 0.164168 0.101860 0.130769
0 1 0.638602 0.176876 0.070134 0.049759 0.064629
0 0 0.568089 0.184770 0.131229 0.051525 0.064387
2 1 0.074443 0.147842 0.592874 0.085404 0.099437
2 1 0.064999 0.128895 0.652857 0.071481 0.081769
0 0 0.625716 0.181073 0.073757 0.051980 0.067475
0 1 0.467705 0.223438 0.123802 0.080828 0.104227
2 1 0.091308 0.181822 0.477847 0.113084 0.135938
2 1 0.042190 0.083333 0.787820 0.041438 0.045219
2 2 0.028313 0.056359 0.848460 0.038811 0.028057
2 2 0.016196 0.032498 0.905343 0.031618 0.014345
2 2 0.013550 0.027481 0.906452 0.040497 0.012020
2 2 0.023742 0.047311 0.872018 0.034390 0.022539
2 2 0.055840 0.110566 0.708620 0.058845 0.066128
2 2 0.053394 0.105679 0.723145 0.055604 0.062178
2 2 0.047575 0.094065 0.757112 0.048109 0.053140
2 2 0.106944 0.213572 0.356864 0.143773 0.178847
2 2 0.091584 0.182381 0.475856 0.113576 0.136603
2 2 0.045570 0.090067 0.768626 0.045595 0.050142
2 2 0.082954 0.164964 0.536288 0.098855 0.116939
2 2 0.060245 0.119376 0.682077 0.064822 0.073480
2 2 0.059530 0.117946 0.686417 0.063840 0.072266
2 2 0.042807 0.084561 0.784340 0.042189 0.046104
2 2 0.049543 0.097991 0.745715 0.050610 0.056141
2 2 0.039453 0.077883 0.803170 0.038144 0.041351
2 2 0.041863 0.083239 0.775459 0.053254 0.046185
2 2 0.033852 0.066746 0.834017 0.031611 0.033775
2 2 0.048660 0.096229 0.750842 0.049483 0.054787
2 2 0.042499 0.083949 0.786076 0.041814 0.045662
2 2 0.088750 0.176655 0.496088 0.108605 0.129901
2 2 0.077301 0.153587 0.574163 0.089817 0.105131
2 2 0.101059 0.201584 0.404717 0.131417 0.161224
2 2 0.087261 0.173649 0.506561 0.106049 0.126480
2 2 0.083559 0.166183 0.532162 0.099849 0.118248
2 2 0.095580 0.190468 0.446572 0.120849 0.146530
1 2 0.208831 0.246258 0.237577 0.135141 0.172193
0 0 0.889246 0.071283 0.013206 0.011319 0.014945
2 1 0.113733 0.226459 0.301329 0.158243 0.200236
2 1 0.057723 0.114331 0.697335 0.061378 0.069233
2 2 0.014468 0.029005 0.916605 0.027519 0.012402
2 2 0.032512 0.064084 0.841286 0.030089 0.032029
2 2 0.019739 0.039301 0.895111 0.028066 0.017783
2 2 0.098847 0.165845 0.538843 0.090273 0.106193
2 2 0.036268 0.071547 0.820803 0.034394 0.036987
2 2 0.027261 0.053904 0.863962 0.028920 0.025952
2 2 0.047160 0.093237 0.759503 0.047585 0.052514
2 2 0.049499 0.097903 0.745971 0.050554 0.056073
2 2 0.028239 0.055600 0.864176 0.025347 0.026639
2 2 0.030158 0.059409 0.853950 0.027456 0.029027
2 2 0.036313 0.071636 0.820557 0.034446 0.037048
2 2 0.036386 0.071781 0.820155 0.034531 0.037146
2 2 0.054461 0.107810 0.716828 0.057011 0.063890
2 2 0.026395 0.051996 0.872825 0.024279 0.024505
2 2 0.049629 0.098082 0.745461 0.050645 0.056183
2 2 0.045699 0.090325 0.767887 0.045756 0.050333
2 2 0.052094 0.103084 0.730802 0.053904 0.060115
2 2 0.051578 0.102052 0.733835 0.053232 0.059303
2 2 0.016098 0.032010 0.916094 0.022113 0.013686
2 2 0.073923 0.141430 0.614549 0.078900 0.091198
2 2 0.051711 0.102318 0.733055 0.053405 0.059512
2 2 0.045126 0.089183 0.771160 0.045044 0.049486
2 2 0.181410 0.232826 0.298385 0.127686 0.159694
2 2 0.070997 0.140921 0.615080 0.080209 0.092793
0 0 0.746857 0.137206 0.042286 0.031940 0.041711
0 0 0.616470 0.184017 0.076396 0.053586 0.069531
2 0 0.075423 0.149811 0.586491 0.086906 0.101369
2 1 0.039111 0.077204 0.805071 0.037738 0.040877
2 1 0.042120 0.083252 0.786857 0.042505 0.045266
2 2 0.048124 0.095160 0.753943 0.048803 0.053971
2 2 0.080646 0.154339 0.573076 0.088465 0.103473
2 2 0.044958 0.088848 0.772120 0.044836 0.049238
2 2 0.096062 0.191444 0.442976 0.121749 0.147769
2 2 0.094792 0.188873 0.452420 0.119389 0.144526
2 2 0.035920 0.070856 0.822713 0.033991 0.036520
2 2 0.051986 0.102868 0.731438 0.053763 0.059945
2 2 0.121724 0.198576 0.427119 0.114167 0.138414
2 2 0.123451 0.207213 0.394268 0.123638 0.151430
2 2 0.059827 0.118540 0.684616 0.064247 0.072769
2 2 0.073589 0.146127 0.598411 0.084104 0.097768
2 2 0.047739 0.094393 0.756163 0.048316 0.053388
2 2 0.020803 0.041343 0.891592 0.027417 0.018846
0 2 0.337558 0.244071 0.174402 0.106889 0.137080
2 2 0.100490 0.200429 0.409166 0.130284 0.159632
2 2 0.048535 0.095980 0.751564 0.049325 0.054597
2 2 0.089507 0.178184 0.490726 0.109918 0.131665
2 2 0.029944 0.059113 0.852299 0.029609 0.029035
2 2 0.043116 0.085177 0.782588 0.042567 0.046551
2 2 0.086897 0.172915 0.509104 0.105430 0.125654
0 2 0.299258 0.247034 0.191474 0.115005 0.147229
2 2 0.168898 0.241165 0.261655 0.144557 0.183725
2 2 0.141945 0.231275 0.299237 0.144952 0.182591
2 2 0.089732 0.174757 0.503855 0.105641 0.126015
0 2 0.415013 0.233548 0.143087 0.091114 0.117237
0 0 0.722061 0.147005 0.048256 0.035882 0.046795
0 0 0.365287 0.240952 0.162740 0.101148 0.129874
2 0 0.145552 0.230272 0.305279 0.141346 0.177551
2 1 0.123580 0.229945 0.293503 0.155734 0.197238
0 1 0.255720 0.248209 0.212493 0.124515 0.159063
2 1 0.158226 0.230827 0.306101 0.135322 0.169525
0 1 0.412262 0.234014 0.144136 0.091661 0.117927
0 1 0.289230 0.247526 0.196151 0.117167 0.149926
0 1 0.317841 0.245803 0.183042 0.111039 0.142275
2 1 0.174371 0.242089 0.258172 0.143244 0.182124
2 1 0.133845 0.206623 0.399184 0.117274 0.143074
0 1 0.267218 0.248150 0.206754 0.121972 0.155906
1 1 0.243228 0.248049 0.218898 0.127305 0.162520
0 0 0.978445 0.017139 0.001248 0.001350 0.001818
0 0 0.981373 0.015011 0.001006 0.001110 0.001498
0 0 0.986461 0.011093 0.000649 0.000789 0.001008
0 0 0.978142 0.017357 0.001274 0.001375 0.001852
0 0 0.976992 0.018180 0.001374 0.001472 0.001981
0 0 0.981384 0.015004 0.001005 0.001110 0.001497
0 0 0.988413 0.009122 0.000596 0.000933 0.000937
0 0 0.982335 0.014304 0.000930 0.001034 0.001397
0 0 0.944272 0.039803 0.004970 0.004699 0.006257
0 0 0.988677 0.009361 0.000507 0.000648 0.000806
0 0 0.911782 0.058948 0.009570 0.008477 0.011224
0 0 0.518002 0.211828 0.106685 0.071324 0.092162
0 0 0.358544 0.241780 0.165526 0.102534 0.131616
0 0 0.333913 0.244721 0.153134 0.103227 0.165006
0 0 0.281732 0.246784 0.152196 0.108755 0.210533
0 0 0.272079 0.248319 0.200051 0.120222 0.159329
0 0 0.299798 0.247172 0.188335 0.114422 0.150273
1 0 0.189666 0.244954 0.236026 0.137724 0.191630
1 0 0.197436 0.246110 0.215009 0.132949 0.208496
4 1 0.138467 0.235396 0.229542 0.143106 0.253488
0 1 0.319822 0.245648 0.182160 0.110620 0.141751
4 1 0.121791 0.228337 0.206980 0.139350 0.303542
2 1 0.130432 0.232116 0.288280 0.154007 0.195165
2 1 0.113298 0.226785 0.293941 0.157409 0.208566
2 1 0.113475 0.227678 0.272853 0.154331 0.231663
4 1 0.112650 0.226963 0.237080 0.147591 0.275717
2 1 0.113421 0.227237 0.285776 0.156292 0.217273
2 1 0.111970 0.223865 0.312572 0.155507 0.196087
2 1 0.141597 0.235256 0.280116 0.151221 0.191810
0 0 0.806586 0.111713 0.028949 0.022829 0.029924
2 0 0.225097 0.227331 0.306233 0.107925 0.133414
0 0 0.820697 0.105270 0.026024 0.020764 0.027245
0 0 0.694598 0.157355 0.055153 0.040348 0.052545
0 0 0.990216 0.008301 0.000385 0.000465 0.000633
0 0 0.958322 0.030882 0.003270 0.003221 0.004304
0 0 0.921194 0.053584 0.008153 0.007339 0.009731
0 0 0.445404 0.227985 0.131785 0.085139 0.109687
0 0 0.911295 0.059221 0.009645 0.008536 0.011302
0 0 0.808860 0.110686 0.028471 0.022493 0.029489
1 0 0.231106 0.247655 0.225296 0.130040 0.165903
1 0 0.216240 0.246825 0.233412 0.133433 0.170090
2 0 0.168257 0.241052 0.262068 0.144711 0.183913
4 0 0.110537 0.223576 0.205281 0.139832 0.320774
4 0 0.108708 0.213462 0.153364 0.122734 0.401731
2 0 0.116484 0.228901 0.257071 0.151210 0.246334
1 0 0.157881 0.240128 0.227778 0.140439 0.233773
4 0 0.126988 0.226731 0.180108 0.131070 0.335103
4 0 0.278421 0.226772 0.086331 0.084364 0.324113
4 0 0.130459 0.228120 0.180854 0.131050 0.329517
4 0 0.163285 0.229639 0.140644 0.114795 0.351637
0 0 0.388671 0.218596 0.068224 0.069165 0.255345
4 0 0.163821 0.227848 0.133983 0.112133 0.362215
4 0 0.133846 0.234205 0.234147 0.144614 0.253188
0 0 0.325384 0.245648 0.161710 0.106110 0.161146
2 0 0.184939 0.243731 0.250516 0.140579 0.180234
0 0 0.322304 0.240241 0.117096 0.094208 0.226151
0 0 0.475539 0.209282 0.062546 0.061135 0.191497
0 0 0.336703 0.231501 0.091401 0.083196 0.257200
4 0 0.119526 0.228597 0.219672 0.142826 0.289379
4 0 0.194388 0.238487 0.148331 0.115441 0.303353
4 0 0.134538 0.218316 0.132869 0.113225 0.401053
2 0 0.159397 0.240097 0.254790 0.145015 0.200701
4 0 0.182775 0.220796 0.102755 0.097271 0.396404
2 0 0.141229 0.235160 0.280379 0.151313 0.191920
2 0 0.143443 0.236922 0.250650 0.146574 0.222410
4 0 0.125922 0.226569 0.181555 0.131606 0.334348
4 0 0.132286 0.226580 0.168544 0.126904 0.345686
4 0 0.115483 0.227357 0.236610 0.145377 0.275173
2 0 0.113288 0.226749 0.294501 0.157482 0.207979
2 0 0.113260 0.227702 0.255397 0.151290 0.252351
4 0 0.113035 0.227469 0.247105 0.149682 0.262710
4 1 0.148571 0.237196 0.211110 0.137807 0.265317
2 1 0.111530 0.224109 0.274416 0.146508 0.243437
2 1 0.112979 0.225941 0.303144 0.158046 0.199890
2 1 0.113118 0.226226 0.301831 0.158401 0.200424
0 0 0.608550 0.184272 0.058563 0.049582 0.099033
2 0 0.113118 0.226226 0.301831 0.158401 0.200424
2 1 0.133733 0.234281 0.259904 0.149454 0.222627
2 1 0.110848 0.218980 0.335303 0.148717 0.186152
0 1 0.248301 0.248143 0.216275 0.126169 0.161113
4 1 0.111879 0.225797 0.222848 0.144337 0.295139
2 1 0.103570 0.206694 0.384720 0.136543 0.168473
2 1 0.113118 0.226226 0.301831 0.158401 0.200424
2 1 0.095610 0.190529 0.446350 0.120904 0.146607
2 1 0.108940 0.217652 0.339735 0.148274 0.185398
2 2 0.073112 0.145167 0.601499 0.083381 0.096841
2 2 0.088353 0.175853 0.498892 0.107920 0.128982
2 2 0.060148 0.119181 0.682670 0.064688 0.073314
2 2 0.045599 0.090125 0.768459 0.045632 0.050185
2 2 0.025908 0.050978 0.876467 0.022833 0.023815
2 2 0.023201 0.045697 0.888902 0.021400 0.020800
2 2 0.032594 0.064246 0.840843 0.030181 0.032135
2 2 0.237662 0.186624 0.422544 0.070298 0.082873
1 1 0.241372 0.248004 0.219866 0.127722 0.163036
0 1 0.524445 0.210210 0.104576 0.070128 0.090641
2 1 0.109310 0.209462 0.377263 0.135987 0.167979
0 0 0.951647 0.035178 0.004052 0.003909 0.005214
1 1 0.225672 0.247397 0.228227 0.131275 0.167428
2 1 0.113118 0.226226 0.301831 0.158401 0.200424
2 2 0.097216 0.193784 0.434299 0.123926 0.150775
2 2 0.042393 0.083737 0.786675 0.041685 0.045510
2 2 0.024901 0.049136 0.878462 0.024571 0.022930
2 2 0.030042 0.059178 0.854573 0.027327 0.028880
2 2 0.069360 0.137637 0.625496 0.077789 0.089718
2 2 0.032350 0.063762 0.842162 0.029906 0.031820
2 2 0.032858 0.064769 0.839417 0.030479 0.032477
2 2 0.061601 0.122089 0.673807 0.066698 0.075805
0 0 0.537838 0.206754 0.100252 0.067659 0.087497
0 0 0.417661 0.233093 0.142083 0.090589 0.116574
0 0 0.447677 0.227539 0.130960 0.084697 0.109127
2 1 0.100325 0.200093 0.410456 0.129955 0.159172
2 1 0.052180 0.103255 0.730300 0.054015 0.060250
2 2 0.032224 0.063512 0.842842 0.029764 0.031658
2 2 0.022189 0.043611 0.895778 0.018936 0.019486
2 2 0.016578 0.033097 0.909353 0.026525 0.014447
2 2 0.042479 0.083907 0.786193 0.041789 0.045632
2 2 0.021602 0.042877 0.888833 0.027032 0.019655
2 2 0.066912 0.132729 0.640919 0.074224 0.085215
2 2 0.038322 0.075633 0.809457 0.036802 0.039785
0 2 0.358360 0.241802 0.165602 0.102572 0.131663
0 2 0.359439 0.241673 0.165154 0.102350 0.131384
2 2 0.106002 0.211650 0.364768 0.141710 0.175869
2 2 0.032449 0.063957 0.841630 0.030017 0.031947
2 2 0.033110 0.065270 0.838051 0.030765 0.032804
0 0 0.315758 0.245961 0.183972 0.111481 0.142828
0 0 0.423136 0.232135 0.140017 0.089506 0.115207
2 1 0.085247 0.168768 0.523597 0.101690 0.120698
2 2 0.030420 0.059929 0.852549 0.027746 0.029356
2 2 0.085364 0.148498 0.594222 0.079612 0.092303
2 2 0.120681 0.217346 0.350566 0.138834 0.172573
2 2 0.106073 0.211795 0.364177 0.141864 0.176091
2 2 0.041004 0.081068 0.792263 0.041895 0.043770
2 2 0.034444 0.067922 0.830792 0.032288 0.034554
2 2 0.042321 0.083593 0.787082 0.041597 0.045406
2 2 0.039433 0.077843 0.803281 0.038120 0.041323
2 2 0.031816 0.062700 0.845049 0.029304 0.031132
2 2 0.040759 0.080482 0.795869 0.039707 0.043183
2 2 0.055489 0.109865 0.710713 0.058377 0.065556
2 2 0.039954 0.078880 0.800373 0.038742 0.042051
2 2 0.041096 0.081155 0.793974 0.040114 0.043660
2 2 0.030027 0.059149 0.854653 0.027310 0.028861
2 2 0.023320 0.046288 0.879662 0.029075 0.021655
2 2 0.033168 0.065386 0.837733 0.030832 0.032880
2 2 0.036445 0.071900 0.819827 0.034601 0.037227
2 2 0.029135 0.057695 0.852176 0.032566 0.028428
2 2 0.027718 0.054704 0.864002 0.027290 0.026286
2 2 0.043015 0.084975 0.783163 0.042443 0.046404
2 2 0.042447 0.083844 0.786373 0.041750 0.045587
2 2 0.029023 0.057700 0.846680 0.037804 0.028793
2 2 0.019161 0.039090 0.852460 0.070148 0.019141
2 2 0.047586 0.094087 0.757047 0.048123 0.053157
2 2 0.024412 0.049104 0.851379 0.050739 0.024366
2 2 0.032508 0.064241 0.837616 0.033241 0.032394
2 3 0.042167 0.083287 0.787950 0.041410 0.045186
2 3 0.019136 0.039141 0.844917 0.077453 0.019353
2 3 0.027927 0.056238 0.826726 0.060019 0.029091
2 3 0.030269 0.059973 0.778408 0.097197 0.034153
2 3 0.025617 0.051678 0.837113 0.059326 0.026265
2 3 0.015845 0.032619 0.852408 0.083419 0.015710
2 3 0.030029 0.060055 0.829928 0.049084 0.030903
2 3 0.021023 0.040094 0.799986 0.115858 0.023038
2 3 0.023211 0.042687 0.753789 0.153215 0.027098
2 3 0.013944 0.025303 0.783698 0.161845 0.015209
2 3 0.022729 0.045594 0.823742 0.083997 0.023938
2 3 0.013443 0.024285 0.789064 0.158660 0.014548
2 3 0.016005 0.027506 0.712705 0.224776 0.019008
2 3 0.022821 0.036090 0.730416 0.187835 0.022837
2 3 0.020156 0.041134 0.843858 0.074405 0.020448
2 3 0.016442 0.023659 0.669995 0.272991 0.016912
2 3 0.013415 0.021501 0.694382 0.255114 0.015588
2 3 0.013711 0.019903 0.538980 0.408706 0.018701
3 3 0.011894 0.013788 0.451009 0.509398 0.013911
2 3 0.011454 0.017312 0.610783 0.346002 0.014449
2 3 0.014469 0.016921 0.497477 0.455034 0.016099
2 3 0.021413 0.025671 0.591594 0.340020 0.021302
3 3 0.009933 0.008276 0.284778 0.685795 0.011219
3 3 0.013145 0.010271 0.270482 0.692217 0.013885
2 3 0.014434 0.023076 0.693441 0.251616 0.017432
3 3 0.024401 0.017430 0.314873 0.623981 0.019315
3 3 0.013543 0.007635 0.194357 0.772190 0.012275
3 3 0.013221 0.010756 0.311794 0.650761 0.013468
3 3 0.018327 0.008254 0.189889 0.771826 0.011702
3 3 0.016533 0.010800 0.236109 0.721751 0.014807
3 3 0.012422 0.007627 0.201479 0.766154 0.012317
3 3 0.009928 0.007020 0.214619 0.757325 0.011108
3 3 0.016919 0.010929 0.231159 0.725502 0.015491
3 3 0.019121 0.012010 0.240366 0.712742 0.015762
3 3 0.019443 0.014120 0.281299 0.668202 0.016936
3 3 0.014035 0.006941 0.177287 0.790191 0.011546
3 3 0.010608 0.005874 0.178269 0.795057 0.010192
3 3 0.016000 0.008290 0.197339 0.766045 0.012326
3 3 0.008862 0.003385 0.124190 0.856530 0.007032
3 3 0.007934 0.003446 0.136518 0.845301 0.006801
3 3 0.013027 0.005622 0.155128 0.816179 0.010044
3 3 0.028165 0.010204 0.173531 0.773258 0.014842
3 3 0.015591 0.006080 0.145957 0.821055 0.011318
3 3 0.025094 0.010317 0.175519 0.772678 0.016392
3 3 0.030186 0.016693 0.249019 0.683693 0.020409
3 3 0.011729 0.007614 0.211005 0.757833 0.011819
3 3 0.036435 0.011023 0.163989 0.773121 0.015433
3 3 0.008183 0.004495 0.166140 0.812985 0.008197
3 3 0.009197 0.005416 0.180967 0.794994 0.009426
3 3 0.012206 0.006380 0.179801 0.791000 0.010613
3 3 0.014933 0.008439 0.206550 0.757624 0.012455
3 3 0.012752 0.006626 0.174510 0.794436 0.011676
3 3 0.011489 0.005553 0.163488 0.809569 0.009901
3 3 0.010258 0.005338 0.167714 0.807117 0.009572
3 3 0.025947 0.008504 0.155069 0.797157 0.013323
3 3 0.009889 0.005711 0.174464 0.799351 0.010584
3 3 0.020884 0.011802 0.219583 0.730973 0.016758
3 3 0.011814 0.007468 0.208508 0.760668 0.011541
3 3 0.010171 0.005010 0.160333 0.815339 0.009147
3 3 0.020109 0.006421 0.139476 0.822906 0.011088
3 3 0.008851 0.003290 0.120411 0.860458 0.006989
3 3 0.010810 0.004835 0.150884 0.824486 0.008985
3 3 0.013851 0.005612 0.148099 0.822126 0.010311
3 3 0.013834 0.006642 0.173890 0.794593 0.011041
2 3 0.076386 0.051636 0.518889 0.319322 0.033767
0 1 0.349406 0.216956 0.255247 0.080034 0.098357
2 1 0.044669 0.088271 0.773771 0.044477 0.048813
2 1 0.047949 0.094812 0.754951 0.048582 0.053707
2 1 0.045732 0.090813 0.757101 0.054843 0.051511
2 1 0.046210 0.091921 0.750019 0.059191 0.052658
2 2 0.036949 0.072901 0.817054 0.035188 0.037908
2 2 0.022488 0.044985 0.873118 0.038001 0.021408
2 2 0.025439 0.050801 0.859108 0.039812 0.024840
2 2 0.024505 0.048550 0.875755 0.028321 0.022870
2 2 0.057094 0.113073 0.701115 0.060528 0.068190
2 2 0.075059 0.149080 0.588866 0.086347 0.100649
2 2 0.084331 0.167739 0.526871 0.101124 0.119934
2 2 0.098987 0.197377 0.420803 0.127330 0.155503
2 2 0.080527 0.160077 0.552696 0.094923 0.111777
2 2 0.062018 0.122924 0.671254 0.067279 0.076526
2 2 0.098405 0.196195 0.425264 0.126203 0.153933
2 2 0.097720 0.194806 0.430480 0.124887 0.152106
2 2 0.091365 0.181939 0.477434 0.113186 0.136076
2 2 0.082005 0.163052 0.542735 0.097307 0.114902
2 2 0.110445 0.220737 0.326430 0.151802 0.190586
2 2 0.105015 0.209638 0.372941 0.139587 0.172819
2 2 0.106475 0.212616 0.360808 0.142743 0.177358
4 1 0.136472 0.218545 0.131427 0.112520 0.401036
0 1 0.349271 0.242847 0.169409 0.104451 0.134022
2 1 0.110199 0.220232 0.328628 0.151217 0.189723
2 1 0.113118 0.226226 0.301831 0.158401 0.200424
2 1 0.107531 0.215532 0.326998 0.138868 0.211071
4 1 0.109064 0.221013 0.190696 0.135657 0.343570
2 1 0.104221 0.208018 0.379446 0.137904 0.170412
2 1 0.098036 0.195447 0.428079 0.125492 0.152946
2 1 0.097114 0.194242 0.415853 0.117641 0.175151
2 1 0.113399 0.227146 0.287626 0.156554 0.215275
2 1 0.108053 0.217682 0.275742 0.133802 0.264721
4 1 0.110321 0.223207 0.202916 0.139183 0.324373
2 1 0.112041 0.224809 0.283852 0.149905 0.229392
4 1 0.107391 0.218012 0.177254 0.131434 0.365909
4 1 0.137976 0.234695 0.218084 0.140582 0.268663
2 1 0.113405 0.227775 0.263660 0.152787 0.242373
2 1 0.114116 0.228040 0.262887 0.152559 0.242397
2 1 0.109804 0.219682 0.324036 0.148114 0.198365
2 1 0.108376 0.216500 0.344623 0.146985 0.183515
4 1 0.110622 0.223721 0.206238 0.140092 0.319326
0 0 0.521553 0.210940 0.105521 0.070664 0.091323
1 1 0.203526 0.245785 0.240612 0.136371 0.173706
2 1 0.095145 0.189587 0.449807 0.120041 0.145420
2 1 0.186059 0.243807 0.250941 0.140466 0.178728
2 1 0.182682 0.243345 0.253002 0.141265 0.179706
2 1 0.104451 0.208488 0.377563 0.138390 0.171107
2 1 0.117203 0.223804 0.318113 0.151009 0.189871
2 1 0.129130 0.231718 0.289260 0.154334 0.195558
2 1 0.113570 0.224236 0.312431 0.154719 0.195044
2 1 0.133070 0.220241 0.344342 0.134828 0.167519
2 1 0.146673 0.236534 0.276533 0.149967 0.190294
2 1 0.093481 0.186217 0.462074 0.116987 0.141241
2 1 0.142476 0.235483 0.279490 0.151004 0.191547
0 1 0.382235 0.238678 0.155869 0.097691 0.125527
0 1 0.248226 0.248142 0.216313 0.126185 0.161133
2 1 0.111899 0.223721 0.313219 0.155333 0.195828
2 1 0.142460 0.235272 0.280514 0.150684 0.191070
2 1 0.155074 0.238461 0.270761 0.147907 0.187797
2 1 0.096613 0.192561 0.438844 0.122784 0.149197
2 1 0.101680 0.202589 0.400930 0.132311 0.162490
2 1 0.080977 0.160982 0.549673 0.095645 0.112722
2 1 0.041748 0.082452 0.790313 0.040901 0.044586
2 2 0.051893 0.102681 0.731986 0.053642 0.059798
2 2 0.130342 0.205543 0.402660 0.117795 0.143660
2 2 0.127805 0.220203 0.342088 0.138059 0.171845
2 2 0.090382 0.179951 0.484489 0.111449 0.133728
2 2 0.061986 0.122860 0.671449 0.067234 0.076471
2 2 0.059039 0.116963 0.689393 0.063168 0.071437
2 2 0.014260 0.028617 0.916661 0.028229 0.012233
2 2 0.027226 0.053591 0.869533 0.024248 0.025402
2 2 0.031087 0.061252 0.848973 0.028488 0.030201
2 2 0.052342 0.103579 0.729346 0.054227 0.060507
2 2 0.025361 0.049894 0.879328 0.022251 0.023165
2 2 0.103440 0.206427 0.385775 0.136271 0.168087
2 2 0.104342 0.201276 0.408515 0.128511 0.157356
0 0 0.272831 0.248053 0.204004 0.120739 0.154373
2 0 0.103836 0.203067 0.400601 0.131303 0.161192
2 1 0.112507 0.203135 0.405867 0.125265 0.153227
2 1 0.059064 0.117013 0.689243 0.063202 0.071479
1 1 0.207007 0.246102 0.238615 0.135564 0.172713
1 1 0.228551 0.247540 0.226669 0.130620 0.166619
2 1 0.133463 0.233015 0.286023 0.153247 0.194251
2 2 0.062382 0.123654 0.669015 0.067788 0.077160
2 2 0.097200 0.184699 0.470313 0.112473 0.135316
2 2 0.087260 0.173647 0.506567 0.106048 0.126478
0 2 0.253789 0.248200 0.213471 0.124945 0.159595
2 2 0.137894 0.234266 0.282779 0.152141 0.192919
0 1 0.351178 0.242635 0.168606 0.104056 0.133526
2 1 0.101554 0.202591 0.400819 0.132412 0.162625
0 1 0.425402 0.231731 0.139167 0.089059 0.114642
0 1 0.562151 0.200167 0.092601 0.063229 0.081852
0 0 0.728536 0.144360 0.043266 0.034005 0.049834
0 0 0.991770 0.007036 0.000259 0.000351 0.000584
0 0 0.677561 0.163517 0.059581 0.043169 0.056172
0 0 0.836358 0.097914 0.022886 0.018516 0.024325
0 0 0.820399 0.105408 0.026085 0.020807 0.027301
0 0 0.284051 0.247731 0.198603 0.118290 0.151325
2 0 0.111932 0.223788 0.312919 0.155414 0.195948
2 1 0.113475 0.227552 0.277743 0.155101 0.226129
2 1 0.088011 0.175163 0.501300 0.107332 0.128194
2 1 0.048146 0.095204 0.753814 0.048831 0.054005
2 1 0.113118 0.226226 0.301831 0.158401 0.200424
2 1 0.112867 0.225709 0.304204 0.157760 0.199460
2 1 0.101302 0.202080 0.402800 0.131906 0.161912
2 1 0.058222 0.115329 0.694327 0.062055 0.070066
2 2 0.023810 0.047164 0.879641 0.027353 0.022032
2 2 0.060978 0.120843 0.677612 0.065834 0.074733
2 2 0.104057 0.172633 0.516568 0.094695 0.112047
2 2 0.171932 0.241687 0.259716 0.143828 0.182836
2 2 0.121205 0.229145 0.295354 0.156337 0.197959
2 2 0.156084 0.238677 0.270080 0.147660 0.187498
2 2 0.170445 0.239382 0.270154 0.141196 0.178823
2 1 0.107789 0.215300 0.349674 0.145657 0.181580
2 1 0.127292 0.220990 0.338356 0.139495 0.173866
2 1 0.109902 0.219623 0.331271 0.150515 0.188688
2 1 0.137197 0.234074 0.283285 0.152315 0.193128
0 1 0.260671 0.248207 0.210004 0.123417 0.157700
1 1 0.237495 0.248186 0.217004 0.127852 0.169463
0 1 0.304521 0.246921 0.185640 0.113319 0.149598
4 1 0.135097 0.232826 0.205500 0.137741 0.288836
2 1 0.113118 0.226226 0.301831 0.158401 0.200424
2 1 0.113118 0.226226 0.301831 0.158401 0.200424
1 1 0.198986 0.245335 0.243246 0.137429 0.175005
0 0 0.422841 0.232187 0.140128 0.089564 0.115280
2 1 0.157951 0.239069 0.268828 0.147206 0.186946
2 1 0.127686 0.222740 0.330776 0.141722 0.177077
2 1 0.113118 0.226226 0.301831 0.158401 0.200424
2 1 0.102486 0.204487 0.393423 0.134306 0.165299
2 1 0.073496 0.145939 0.599015 0.083963 0.097587
2 1 0.106685 0.213044 0.359046 0.143203 0.178022
0 1 0.306351 0.242169 0.205688 0.108298 0.137494
2 1 0.171633 0.241637 0.259906 0.143900 0.182924
2 1 0.115417 0.227088 0.299961 0.157812 0.199722
2 1 0.107905 0.215537 0.348680 0.145918 0.181960
2 1 0.113304 0.216191 0.350458 0.142565 0.177482
2 1 0.168888 0.241163 0.261662 0.144559 0.183728
2 1 0.091799 0.182816 0.474304 0.113959 0.137123
2 1 0.143822 0.229279 0.309091 0.140943 0.176865
1 1 0.203672 0.245799 0.240528 0.136337 0.173664
0 1 0.421153 0.232485 0.140763 0.089898 0.115701
0 1 0.615403 0.182233 0.057429 0.048611 0.096324
2 1 0.124963 0.231447 0.272300 0.152647 0.218643
2 1 0.116813 0.228517 0.282414 0.155317 0.216938
2 1 0.109169 0.218123 0.337728 0.148805 0.186175
1 1 0.233446 0.247750 0.224047 0.129510 0.165248
2 1 0.123513 0.227022 0.307918 0.151113 0.190434
2 1 0.177145 0.242527 0.256431 0.142582 0.181315
0 1 0.283327 0.238088 0.236328 0.107322 0.134935
0 0 0.774428 0.125781 0.035942 0.027663 0.036185
0 0 0.973408 0.020711 0.001700 0.001784 0.002397
0 0 0.967284 0.024926 0.002301 0.002345 0.003143
0 0 0.987732 0.009993 0.000587 0.000771 0.000917
0 0 0.950558 0.035868 0.004184 0.004024 0.005366
0 0 0.981404 0.014989 0.001004 0.001108 0.001495
0 0 0.993441 0.005653 0.000221 0.000302 0.000383
0 0 0.823224 0.099337 0.037507 0.017604 0.022328
0 0 0.463651 0.224293 0.125234 0.081607 0.105215
0 0 0.492091 0.218038 0.115354 0.076182 0.098335
0 0 0.756510 0.133270 0.040030 0.030429 0.039760
0 0 0.800399 0.114484 0.030259 0.023745 0.031112
0 0 0.676484 0.163900 0.059865 0.043349 0.056403
0 0 0.340566 0.244168 0.163076 0.104474 0.147717
2 0 0.195060 0.244910 0.245551 0.138347 0.176132
1 0 0.187637 0.244700 0.237217 0.138204 0.192241
4 0 0.202508 0.232418 0.121505 0.104692 0.338878
4 0 0.139065 0.228938 0.168687 0.126483 0.336827
4 0 0.104630 0.212944 0.159298 0.125188 0.397940
4 1 0.110934 0.224249 0.209905 0.141072 0.313839
4 1 0.231861 0.240736 0.135007 0.107860 0.284535
4 4 0.185850 0.232497 0.131912 0.109957 0.339783
0 4 0.294805 0.245778 0.144496 0.105297 0.209624
0 4 0.306332 0.235628 0.102593 0.089983 0.265463
4 4 0.250530 0.227744 0.093376 0.089315 0.339035
4 4 0.149687 0.233875 0.178290 0.128747 0.309401
4 4 0.248870 0.232744 0.104809 0.094696 0.318881
4 4 0.211959 0.227578 0.104736 0.096773 0.358955
4 4 0.139859 0.233404 0.196629 0.134921 0.295187
4 4 0.238683 0.217653 0.078266 0.082022 0.383376
0 4 0.654391 0.167959 0.044813 0.040932 0.091904
4 4 0.244170 0.243889 0.143748 0.109814 0.258379
0 4 0.723326 0.139888 0.027063 0.028578 0.081145
0 4 0.380879 0.229301 0.088820 0.079025 0.221974
0 4 0.650386 0.166505 0.039862 0.039208 0.104038
4 4 0.191931 0.219365 0.095581 0.093276 0.399847
0 4 0.528646 0.173755 0.029214 0.039233 0.229152
4 4 0.147634 0.203723 0.088451 0.091058 0.469133
4 4 0.118439 0.225731 0.195775 0.136489 0.323565
4 4 0.188581 0.224072 0.107145 0.099103 0.381099
0 4 0.460397 0.218153 0.077823 0.068685 0.174942
4 4 0.251404 0.242439 0.134448 0.106102 0.265607
2 4 0.136203 0.233797 0.284010 0.152563 0.193427
4 4 0.198738 0.242885 0.168222 0.121434 0.268721
0 4 0.495854 0.211110 0.071913 0.063651 0.157472
4 4 0.114567 0.222566 0.185028 0.133508 0.344331
4 4 0.250181 0.185991 0.041460 0.057173 0.465195
0 4 0.757218 0.105750 0.009198 0.015435 0.112398
4 4 0.283952 0.216996 0.069902 0.075338 0.353811
0 4 0.323256 0.245495 0.152586 0.104338 0.174324
4 4 0.118022 0.229098 0.238826 0.147393 0.266661
0 4 0.457503 0.186894 0.035744 0.046584 0.273274
4 4 0.123775 0.213264 0.130042 0.112482 0.420436
0 4 0.344396 0.228108 0.084068 0.079436 0.263992
4 4 0.136198 0.208955 0.106616 0.101054 0.447177
4 4 0.202790 0.183909 0.046135 0.061886 0.505280
2 4 0.097087 0.194591 0.402217 0.114291 0.191813
4 4 0.109880 0.222443 0.198348 0.137898 0.331430
4 4 0.110658 0.223783 0.206655 0.140205 0.318699
2 4 0.113118 0.226226 0.301831 0.158401 0.200424
0 4 0.417817 0.219059 0.071286 0.068894 0.222943
0 4 0.374601 0.236001 0.109243 0.087021 0.193134
4 4 0.107805 0.218761 0.180354 0.132441 0.360639
4 4 0.111648 0.225428 0.219363 0.143487 0.300074
4 1 0.101171 0.206461 0.141240 0.118142 0.432986
4 4 0.223189 0.236709 0.124556 0.104580 0.310965
4 4 0.102135 0.208278 0.145900 0.120039 0.423648
2 4 0.121273 0.223668 0.319702 0.146671 0.188686
4 4 0.152571 0.223819 0.131369 0.111687 0.380553
4 4 0.105443 0.214449 0.164177 0.126957 0.388974
4 4 0.112539 0.225050 0.211049 0.141244 0.310118
2 4 0.110666 0.221190 0.324446 0.152330 0.191367
4 4 0.106902 0.217124 0.173759 0.130274 0.371941
4 4 0.145022 0.222208 0.133771 0.113084 0.385915
2 4 0.113476 0.227568 0.277210 0.155019 0.226727
4 4 0.261443 0.173534 0.031731 0.048647 0.484645
4 4 0.153175 0.233220 0.168555 0.125398 0.319651
2 4 0.113302 0.227734 0.257393 0.151661 0.249909
4 4 0.172327 0.214374 0.094899 0.093729 0.424671
4 4 0.113942 0.211068 0.136227 0.115548 0.423215
4 4 0.133355 0.234081 0.234921 0.144832 0.252810
4 1 0.112501 0.226749 0.233905 0.146894 0.279951
2 1 0.113458 0.227738 0.269256 0.153741 0.235807
4 1 0.189325 0.243873 0.189255 0.128119 0.249427
4 1 0.110854 0.224115 0.208944 0.140817 0.315270
4 1 0.109491 0.221765 0.194593 0.136813 0.337337
4 4 0.109739 0.222198 0.196961 0.137500 0.333602
4 4 0.200481 0.208522 0.074390 0.081230 0.435377
4 4 0.107533 0.218271 0.178309 0.131779 0.364108
4 1 0.111394 0.225013 0.215791 0.142593 0.305209
4 1 0.111732 0.225562 0.220592 0.143789 0.298325
4 1 0.113070 0.227510 0.248231 0.149906 0.261283
0 0 0.398268 0.236286 0.149537 0.094457 0.121453
4 1 0.111347 0.224937 0.215162 0.142434 0.306120
4 1 0.108484 0.219981 0.185744 0.134144 0.351646
2 1 0.113390 0.227775 0.262597 0.152600 0.243638
2 1 0.110291 0.220894 0.312393 0.147628 0.208794
2 1 0.103782 0.207125 0.383006 0.136985 0.169102
0 1 0.258893 0.248537 0.205184 0.122915 0.164471
0 1 0.372518 0.240356 0.150209 0.097909 0.139008
1 1 0.214613 0.246709 0.234320 0.133807 0.170551
1 1 0.203116 0.246148 0.234122 0.135485 0.181129
0 1 0.251310 0.248542 0.178948 0.118760 0.202439
2 1 0.111686 0.223282 0.315184 0.154806 0.195042
2 1 0.113118 0.226226 0.301831 0.158401 0.200424
2 1 0.100781 0.201021 0.406888 0.130863 0.160446
2 1 0.112045 0.224020 0.311873 0.155695 0.196367
2 1 0.110980 0.221833 0.321617 0.153085 0.192485
2 1 0.108551 0.216858 0.343108 0.147384 0.184097
2 1 0.109174 0.218132 0.337687 0.148815 0.186191
2 1 0.104442 0.208470 0.377637 0.138371 0.171080
2 2 0.066429 0.131760 0.643945 0.073527 0.084338
2 2 0.091841 0.182900 0.474002 0.114033 0.137224
2 2 0.036771 0.072547 0.818035 0.034980 0.037667
2 2 0.043006 0.084958 0.783210 0.042433 0.046392
2 2 0.021188 0.041822 0.896859 0.021406 0.018725
2 2 0.028205 0.055534 0.864353 0.025310 0.026598
2 2 0.039173 0.077327 0.804726 0.037811 0.040963
2 2 0.028416 0.055952 0.863235 0.025540 0.026857
2 2 0.016713 0.033102 0.916466 0.019617 0.014102
2 2 0.034722 0.068475 0.829273 0.032607 0.034922
2 2 0.029991 0.059078 0.854844 0.027271 0.028817
2 2 0.024348 0.047888 0.884609 0.021182 0.021973
2 2 0.180561 0.162379 0.523186 0.062177 0.071696
0 1 0.274788 0.248009 0.203053 0.120311 0.153840
1 1 0.243702 0.248564 0.209035 0.125680 0.173019
2 2 0.062629 0.124147 0.667502 0.068133 0.077589
2 2 0.009299 0.018810 0.938721 0.025754 0.007416
2 2 0.035003 0.069032 0.827742 0.032930 0.035294
2 2 0.036279 0.071569 0.820744 0.034407 0.037002
2 2 0.019062 0.037575 0.908643 0.018422 0.016298
2 2 0.034079 0.067196 0.832784 0.031869 0.034072
2 2 0.032399 0.063859 0.841896 0.029962 0.031884
2 2 0.031964 0.062995 0.844247 0.029471 0.031323
2 2 0.015762 0.031329 0.918278 0.021328 0.013304
2 2 0.139133 0.224857 0.326831 0.137515 0.171665
2 2 0.048202 0.095315 0.753493 0.048901 0.054089
0 0 0.570652 0.197769 0.089985 0.061697 0.079897
2 1 0.067038 0.132981 0.640134 0.074405 0.085443
0 2 0.290758 0.247459 0.195432 0.116837 0.149514
2 2 0.062637 0.124163 0.667453 0.068144 0.077603
2 2 0.041583 0.082125 0.791238 0.040702 0.044352
2 2 0.076969 0.152919 0.576351 0.089299 0.104461
0 2 0.337915 0.244036 0.174248 0.106815 0.136986
4 2 0.202802 0.245065 0.181416 0.124699 0.246019
2 2 0.142910 0.236613 0.258860 0.148010 0.213606
2 2 0.110957 0.221861 0.319479 0.152394 0.195308
2 2 0.060501 0.119889 0.680518 0.065175 0.073917
2 2 0.053399 0.105689 0.723116 0.055610 0.062185
2 2 0.019889 0.039203 0.904587 0.019133 0.017189
2 2 0.028308 0.055943 0.859274 0.029315 0.027159
2 2 0.025740 0.050646 0.877343 0.022655 0.023616
2 2 0.025319 0.049811 0.879549 0.022207 0.023115
2 2 0.025423 0.050143 0.876349 0.024592 0.023493
2 2 0.041999 0.082951 0.788900 0.041205 0.044944
2 2 0.033510 0.066065 0.835878 0.031220 0.033326
2 2 0.059322 0.117529 0.687682 0.063554 0.071914
2 2 0.043029 0.085003 0.783082 0.042460 0.046425
0 2 0.369022 0.240474 0.161209 0.100383 0.128913
2 2 0.077398 0.153781 0.573525 0.089968 0.105327
2 2 0.038291 0.075572 0.809628 0.036766 0.039743
2 2 0.045067 0.089065 0.771497 0.044971 0.049399
0 2 0.380591 0.238910 0.156527 0.098025 0.125947
0 1 0.286700 0.247630 0.197345 0.117716 0.150609
2 1 0.122434 0.229562 0.294393 0.156025 0.197586
2 1 0.099635 0.198691 0.415812 0.128595 0.157268
2 2 0.099887 0.199204 0.413857 0.129091 0.157961
2 2 0.035128 0.069281 0.827056 0.033074 0.035461
2 2 0.031441 0.061956 0.847065 0.028885 0.030653
2 2 0.020506 0.040852 0.890171 0.029764 0.018707
2 2 0.028175 0.055474 0.864512 0.025278 0.026561
2 2 0.033006 0.065064 0.838613 0.030648 0.032669
2 2 0.024105 0.047406 0.885873 0.020926 0.021689
2 2 0.023701 0.046775 0.884362 0.023606 0.021555
2 2 0.028952 0.057016 0.860385 0.026127 0.027520
2 2 0.030103 0.059299 0.854247 0.027394 0.028957
2 2 0.027019 0.053186 0.870525 0.024109 0.025161
2 2 0.051320 0.101537 0.735347 0.052898 0.058898
2 2 0.020378 0.040678 0.888269 0.031952 0.018723
2 2 0.032240 0.063543 0.842757 0.029782 0.031678
2 2 0.029543 0.058188 0.857237 0.026776 0.028255
2 2 0.034678 0.068387 0.829516 0.032556 0.034864
2 2 0.032871 0.064796 0.839343 0.030495 0.032494
2 3 0.026805 0.053047 0.865227 0.029425 0.025497
2 3 0.027437 0.054572 0.854572 0.036559 0.026860
2 3 0.035704 0.070425 0.823903 0.033739 0.036229
2 3 0.019699 0.039488 0.886109 0.036429 0.018275
2 3 0.016672 0.033639 0.894218 0.040223 0.015247
2 3 0.018942 0.037983 0.890064 0.035591 0.017420
2 3 0.046228 0.091378 0.764860 0.046416 0.051119
2 3 0.066728 0.119583 0.683031 0.061346 0.069312
2 3 0.023878 0.047070 0.884664 0.022738 0.021651
2 3 0.038836 0.076655 0.806604 0.037411 0.040495
2 3 0.029576 0.058254 0.857061 0.026812 0.028297
2 2 0.021888 0.043466 0.886723 0.027894 0.020028
2 2 0.013718 0.027538 0.919553 0.027523 0.011667
2 2 0.030020 0.059183 0.853664 0.028178 0.028956
2 2 0.035237 0.069498 0.826458 0.033200 0.035607
2 2 0.031429 0.061932 0.847132 0.028871 0.030637
2 2 0.015131 0.030522 0.904461 0.036406 0.013480
