0 0 0.603547 0.016860 0.011663 0.002678 0.365252
0 0 0.785637 0.008876 0.005595 0.006705 0.193187
0 0 0.775920 0.012058 0.007846 0.012727 0.191449
0 0 0.777491 0.008843 0.005588 0.005504 0.202573
0 0 0.767309 0.010079 0.006469 0.006187 0.209956
0 0 0.716186 0.015553 0.010569 0.007005 0.250686
0 0 0.588142 0.045771 0.035727 0.019749 0.310612
4 0 0.327218 0.085711 0.074021 0.012209 0.500840
0 0 0.763083 0.010179 0.006549 0.005797 0.214392
0 0 0.504386 0.077971 0.065439 0.041551 0.310653
0 0 0.689426 0.020752 0.014607 0.009540 0.265675
0 0 0.897576 0.001380 0.000697 0.001983 0.098364
0 0 0.786744 0.008936 0.005635 0.007014 0.191671
0 0 0.459000 0.096922 0.084070 0.056851 0.303156
0 0 0.600708 0.043706 0.033835 0.021135 0.300617
0 0 0.352735 0.142772 0.132655 0.102306 0.269532
4 0 0.283383 0.161556 0.153718 0.065251 0.336092
4 0 0.220537 0.201148 0.201769 0.111558 0.264988
0 0 0.441165 0.104532 0.091781 0.063527 0.298995
0 0 0.386283 0.128237 0.116680 0.086454 0.282345
0 0 0.680716 0.024077 0.017227 0.012682 0.265298
0 0 0.731515 0.013699 0.009155 0.006680 0.238950
4 0 0.445720 0.052500 0.042006 0.009085 0.450689
4 0 0.194592 0.185520 0.183672 0.039535 0.396681
0 0 0.414461 0.116030 0.103689 0.074228 0.291592
4 0 0.234361 0.193685 0.192267 0.104129 0.275558
4 1 0.147909 0.237494 0.250103 0.085428 0.279066
0 1 0.476466 0.089548 0.076723 0.050677 0.306586
4 1 0.140466 0.211775 0.218428 0.034530 0.394802
4 1 0.265847 0.175704 0.170231 0.085002 0.303216
4 1 0.287310 0.157348 0.148946 0.059787 0.346610
4 1 0.299304 0.160291 0.152190 0.081123 0.307091
4 1 0.153718 0.234758 0.246243 0.089417 0.275863
4 1 0.219041 0.201626 0.202312 0.108204 0.268816
4 1 0.158006 0.232721 0.243408 0.092386 0.273479
4 1 0.208647 0.207412 0.209887 0.116084 0.257969
4 1 0.183542 0.220310 0.226727 0.110479 0.258942
4 1 0.254514 0.185359 0.182344 0.121293 0.256491
4 1 0.159741 0.231893 0.242264 0.093592 0.272509
4 1 0.097101 0.260080 0.285203 0.052153 0.305463
4 1 0.136068 0.242985 0.258046 0.077412 0.285489
4 1 0.092307 0.262057 0.288697 0.049171 0.307768
4 1 0.139776 0.241278 0.255546 0.079906 0.283493
4 1 0.146426 0.238189 0.251092 0.084415 0.279878
4 2 0.154786 0.234252 0.245537 0.090154 0.275271
4 2 0.145433 0.238652 0.251755 0.083739 0.280421
0 2 0.327600 0.153127 0.144298 0.108006 0.266969
4 2 0.197138 0.213517 0.217956 0.120407 0.250981
2 2 0.128674 0.227896 0.327033 0.082173 0.234223
4 2 0.205827 0.209112 0.212382 0.126861 0.245818
2 2 0.091196 0.208873 0.454654 0.065256 0.180021
2 2 0.130561 0.227716 0.323474 0.083278 0.234970
2 2 0.088015 0.255207 0.326722 0.049452 0.280604
2 2 0.065443 0.196490 0.531183 0.053369 0.153514
2 2 0.093590 0.189032 0.488350 0.080383 0.148645
2 2 0.068812 0.130517 0.623300 0.102152 0.075218
2 2 0.051197 0.171041 0.612502 0.047414 0.117846
2 2 0.022599 0.058733 0.757285 0.142108 0.019276
2 2 0.091324 0.241145 0.367099 0.055683 0.244749
2 2 0.045944 0.082377 0.626856 0.210359 0.034464
2 2 0.043226 0.071415 0.636710 0.220995 0.027654
2 2 0.045481 0.163566 0.634995 0.048549 0.107409
2 2 0.012258 0.031375 0.752596 0.196580 0.007192
2 2 0.020592 0.048924 0.727318 0.188676 0.014490
2 2 0.051809 0.102664 0.579848 0.216793 0.048885
2 2 0.021095 0.056475 0.770414 0.133907 0.018110
2 2 0.060515 0.103385 0.554319 0.230999 0.050783
2 2 0.089787 0.151253 0.474653 0.185381 0.098925
3 2 0.033295 0.053395 0.277407 0.614993 0.020910
2 2 0.083937 0.111235 0.388354 0.353513 0.062961
2 2 0.019063 0.045189 0.738858 0.184086 0.012804
2 2 0.018318 0.040705 0.744780 0.185238 0.010958
2 2 0.084110 0.113604 0.421921 0.316372 0.063992
2 2 0.047235 0.083336 0.544213 0.289428 0.035788
2 3 0.029770 0.059044 0.511520 0.379196 0.020470
3 3 0.014759 0.028467 0.250681 0.698134 0.007960
2 3 0.044523 0.130359 0.643593 0.111429 0.070095
3 3 0.019666 0.035755 0.229494 0.703315 0.011771
3 3 0.049797 0.079802 0.355994 0.477612 0.036796
3 3 0.019451 0.040811 0.346103 0.581067 0.012568
3 3 0.026571 0.049500 0.384020 0.523275 0.016633
2 3 0.035761 0.068367 0.528726 0.341307 0.025839
3 3 0.024635 0.043915 0.360933 0.556475 0.014043
3 3 0.017802 0.038816 0.417109 0.515295 0.010977
3 3 0.022332 0.038514 0.215368 0.710222 0.013564
3 3 0.024263 0.045395 0.352002 0.563465 0.014875
2 3 0.041801 0.073155 0.461049 0.394237 0.029758
3 3 0.029856 0.054814 0.400822 0.495167 0.019340
2 3 0.042188 0.073986 0.462302 0.391237 0.030286
2 3 0.013228 0.031850 0.515355 0.431975 0.007591
3 3 0.018377 0.034581 0.239770 0.696290 0.010983
3 3 0.014839 0.029644 0.270911 0.676359 0.008247
3 3 0.030614 0.057631 0.404989 0.485903 0.020862
2 3 0.026579 0.053545 0.515998 0.386421 0.017457
2 3 0.020389 0.047121 0.577479 0.341143 0.013868
3 3 0.019322 0.039441 0.391143 0.538594 0.011499
3 3 0.025301 0.045851 0.275706 0.636779 0.016363
2 3 0.027701 0.054395 0.473853 0.425799 0.018251
3 3 0.016635 0.029780 0.188984 0.755129 0.009471
3 3 0.022613 0.043526 0.359050 0.560993 0.013817
3 3 0.021573 0.040190 0.264796 0.659986 0.013455
3 3 0.029279 0.044694 0.222438 0.686533 0.017056
3 3 0.021284 0.024092 0.086815 0.858523 0.009287
0 3 0.507314 0.080796 0.067889 0.079246 0.264755
2 3 0.073661 0.267654 0.310521 0.038353 0.309811
4 2 0.194338 0.183761 0.239896 0.096958 0.285048
0 0 0.478686 0.088748 0.075801 0.054468 0.302298
0 0 0.714488 0.017978 0.012389 0.010217 0.244928
0 0 0.730378 0.016772 0.011425 0.011626 0.229799
0 0 0.700628 0.019225 0.013390 0.009447 0.257311
0 0 0.743145 0.010546 0.006851 0.004245 0.235213
0 0 0.735646 0.012588 0.008335 0.005784 0.237646
0 0 0.702784 0.017723 0.012243 0.007804 0.259447
4 1 0.291677 0.105450 0.094136 0.015771 0.492965
4 1 0.124114 0.229930 0.242423 0.040394 0.363139
0 1 0.508238 0.042162 0.032676 0.008699 0.408224
0 0 0.780836 0.008732 0.005505 0.005743 0.199183
0 0 0.756282 0.011582 0.007559 0.007064 0.217513
0 0 0.751341 0.010020 0.006461 0.004378 0.227801
0 0 0.802331 0.005742 0.003453 0.003293 0.185181
0 0 0.737952 0.009548 0.006153 0.003016 0.243331
0 0 0.721773 0.012067 0.007992 0.004006 0.254162
0 0 0.743569 0.010624 0.006905 0.004360 0.234541
0 0 0.754063 0.011040 0.007178 0.005932 0.221787
0 0 0.779978 0.006961 0.004295 0.003199 0.205566
0 0 0.721059 0.011343 0.007469 0.003392 0.256737
0 0 0.730641 0.012448 0.008247 0.005104 0.243561
0 0 0.788783 0.007527 0.004667 0.004704 0.194319
0 0 0.741668 0.010872 0.007086 0.004456 0.235918
0 0 0.569410 0.018569 0.013010 0.002539 0.396472
0 0 0.513797 0.021405 0.015301 0.002304 0.447193
4 0 0.473463 0.026979 0.019883 0.002774 0.476901
4 0 0.281748 0.075034 0.064294 0.006366 0.572558
4 0 0.390570 0.063200 0.052053 0.009388 0.484789
4 1 0.094330 0.258339 0.283348 0.046363 0.317620
4 1 0.072314 0.255620 0.284729 0.026454 0.360883
4 1 0.074439 0.269099 0.302178 0.038315 0.315970
2 1 0.091255 0.259989 0.300241 0.049457 0.299057
2 2 0.087484 0.261064 0.304969 0.047242 0.299241
4 2 0.081191 0.244632 0.268174 0.025334 0.380669
4 2 0.085211 0.256593 0.282846 0.036055 0.339296
4 2 0.092997 0.245029 0.266212 0.032364 0.363399
2 2 0.102721 0.244696 0.330761 0.060942 0.260879
2 2 0.039770 0.181905 0.616539 0.029886 0.131899
4 2 0.117491 0.251340 0.270760 0.065151 0.295258
2 2 0.082689 0.252144 0.349648 0.047476 0.268043
4 2 0.108726 0.252976 0.286083 0.060531 0.291684
2 2 0.102747 0.240206 0.345450 0.062609 0.248988
4 2 0.165121 0.229007 0.238290 0.095226 0.272356
4 2 0.213171 0.203100 0.204023 0.096092 0.283614
2 2 0.133129 0.233305 0.300292 0.081732 0.251543
2 2 0.110141 0.197849 0.439814 0.085222 0.166974
2 2 0.053540 0.177026 0.599941 0.042541 0.126951
2 2 0.132690 0.234772 0.296421 0.080737 0.255379
2 2 0.074932 0.201043 0.492726 0.071141 0.160159
2 2 0.102080 0.220168 0.403788 0.069906 0.204059
4 2 0.108999 0.249723 0.269646 0.050549 0.321084
2 2 0.043574 0.119647 0.703071 0.070556 0.063152
2 2 0.100133 0.246931 0.328911 0.058726 0.265299
2 2 0.068169 0.209312 0.499568 0.048030 0.174921
2 2 0.134662 0.236228 0.286898 0.080859 0.261352
2 2 0.064163 0.212866 0.494917 0.050425 0.177629
3 2 0.027378 0.051636 0.361737 0.541163 0.018087
2 2 0.055701 0.195565 0.542360 0.059626 0.146748
2 2 0.021806 0.108071 0.777642 0.040254 0.052227
2 2 0.045742 0.197676 0.570272 0.032653 0.153658
2 2 0.065495 0.217886 0.483804 0.044284 0.188530
2 2 0.033385 0.161421 0.667870 0.032362 0.104961
2 2 0.074199 0.238611 0.410427 0.045807 0.230957
2 2 0.116212 0.243530 0.304116 0.068397 0.267745
2 2 0.071735 0.223566 0.456920 0.047534 0.200244
2 2 0.092490 0.223602 0.414958 0.061722 0.207229
2 2 0.097162 0.181158 0.468384 0.116585 0.136711
2 2 0.036660 0.115097 0.678009 0.113964 0.056269
2 2 0.110887 0.139283 0.476041 0.183774 0.090015
2 2 0.139377 0.222997 0.318296 0.090394 0.228936
2 2 0.062202 0.215984 0.495014 0.042254 0.184546
0 0 0.435465 0.105920 0.093215 0.071077 0.294322
4 0 0.231975 0.174004 0.168948 0.047443 0.377631
2 1 0.074575 0.265936 0.315678 0.039295 0.304515
4 1 0.111187 0.254095 0.275162 0.061080 0.298476
2 2 0.128645 0.221363 0.345855 0.085269 0.218868
4 2 0.146638 0.238089 0.250951 0.084560 0.279762
2 2 0.120134 0.240812 0.304601 0.071595 0.262858
0 2 0.363133 0.138273 0.127649 0.097238 0.273707
4 2 0.163522 0.228196 0.246840 0.097741 0.263701
2 2 0.145029 0.230484 0.282499 0.088883 0.253105
4 2 0.132148 0.244775 0.260701 0.074793 0.287584
2 2 0.135850 0.199551 0.385737 0.100306 0.178556
2 0 0.057193 0.080608 0.586909 0.238534 0.036757
4 0 0.346801 0.115600 0.103591 0.033175 0.400833
4 1 0.082522 0.264533 0.294021 0.041495 0.317430
2 1 0.048129 0.229352 0.487614 0.030092 0.204813
4 2 0.263575 0.131782 0.121919 0.023573 0.459151
4 2 0.094903 0.260991 0.286800 0.050782 0.306525
2 2 0.134040 0.237472 0.283981 0.079879 0.264627
2 2 0.099399 0.241234 0.349449 0.060346 0.249571
2 2 0.066785 0.225775 0.460936 0.043621 0.202882
2 2 0.060616 0.191688 0.554770 0.045714 0.147212
2 2 0.088205 0.237186 0.385707 0.054972 0.233930
2 2 0.071815 0.221566 0.461951 0.048031 0.196637
2 2 0.033271 0.137459 0.704218 0.046664 0.078388
2 2 0.014952 0.056698 0.838020 0.072046 0.018283
4 2 0.129651 0.245908 0.262399 0.073133 0.288909
2 2 0.076660 0.193664 0.506705 0.072784 0.150187
2 2 0.060215 0.124896 0.612765 0.134186 0.067937
2 2 0.077149 0.169889 0.537043 0.098132 0.117788
2 2 0.114448 0.185823 0.438399 0.112714 0.148616
2 2 0.038644 0.071671 0.634689 0.227590 0.027407
2 2 0.083230 0.201939 0.461174 0.091214 0.162443
2 2 0.042223 0.072622 0.616344 0.240482 0.028329
2 2 0.039850 0.090912 0.709962 0.119563 0.039714
2 2 0.097334 0.219934 0.408898 0.073215 0.200617
2 2 0.060085 0.167523 0.583288 0.077096 0.112007
2 2 0.058170 0.090074 0.558460 0.252224 0.041072
2 2 0.033823 0.127032 0.708908 0.062577 0.067660
2 2 0.028798 0.056843 0.470101 0.424649 0.019610
2 2 0.030253 0.087148 0.722703 0.123964 0.035933
2 2 0.034552 0.075533 0.638732 0.222000 0.029183
2 2 0.070507 0.203753 0.491870 0.071745 0.162125
2 2 0.018859 0.041782 0.481171 0.446305 0.011883
0 2 0.517976 0.074710 0.070357 0.043908 0.293050
0 2 0.388530 0.114615 0.107270 0.053861 0.335723
2 2 0.074084 0.190779 0.503761 0.087751 0.143625
4 2 0.129077 0.237716 0.273551 0.062950 0.296706
0 0 0.450168 0.095355 0.082493 0.047643 0.324341
0 0 0.670407 0.027437 0.019928 0.015829 0.266399
0 0 0.760522 0.010316 0.006651 0.005686 0.216824
0 0 0.702632 0.018289 0.012672 0.008504 0.257903
0 0 0.716602 0.012787 0.008529 0.004227 0.257855
0 0 0.762542 0.011725 0.007645 0.008394 0.209695
0 0 0.690266 0.021065 0.014844 0.010131 0.263694
0 0 0.613232 0.042435 0.032625 0.024449 0.287259
0 0 0.779661 0.007944 0.004965 0.004396 0.203034
0 0 0.690819 0.020175 0.014158 0.009021 0.265826
0 0 0.700874 0.015095 0.010257 0.005161 0.268612
0 0 0.680095 0.022319 0.015862 0.009931 0.271793
0 0 0.766450 0.009294 0.005922 0.004923 0.213411
0 0 0.799514 0.006909 0.004233 0.004866 0.184478
0 0 0.688877 0.021926 0.015514 0.011128 0.262555
0 0 0.668709 0.023318 0.016698 0.009184 0.282092
0 0 0.630714 0.015668 0.010738 0.002837 0.340043
0 0 0.631940 0.030942 0.022993 0.011445 0.302680
4 0 0.191444 0.130969 0.123477 0.011853 0.542257
0 0 0.633405 0.021749 0.015456 0.005832 0.323558
0 0 0.669750 0.026210 0.018964 0.013410 0.271665
0 0 0.567375 0.042973 0.033289 0.014183 0.342179
0 0 0.703165 0.014559 0.009868 0.004686 0.267721
0 0 0.682659 0.020693 0.014593 0.008353 0.273703
0 0 0.505587 0.027553 0.020300 0.003560 0.443000
4 0 0.409840 0.035980 0.027622 0.003250 0.523307
0 0 0.512405 0.035351 0.026815 0.006162 0.419267
0 0 0.679808 0.018662 0.013045 0.005971 0.282514
0 0 0.702967 0.014230 0.009628 0.004367 0.268808
0 0 0.616966 0.026934 0.019684 0.007502 0.328915
0 0 0.618910 0.014102 0.009549 0.002132 0.355307
0 0 0.499777 0.076256 0.063797 0.036682 0.323488
0 0 0.474579 0.029133 0.021663 0.003246 0.471378
4 0 0.451385 0.044450 0.034833 0.006581 0.462751
0 0 0.696161 0.016179 0.011103 0.005412 0.271146
0 0 0.733720 0.013462 0.008976 0.006657 0.237185
0 0 0.698829 0.019100 0.013303 0.008957 0.259811
0 0 0.709220 0.016450 0.011262 0.007161 0.255906
0 0 0.745619 0.011770 0.007720 0.005907 0.228984
0 0 0.752471 0.012037 0.007895 0.007229 0.220368
0 0 0.708820 0.012606 0.008409 0.003643 0.266522
0 0 0.599843 0.029092 0.021467 0.007719 0.341879
0 0 0.625958 0.019298 0.013554 0.004097 0.337094
0 0 0.561755 0.023165 0.016662 0.003693 0.394725
0 0 0.466609 0.039529 0.030499 0.005699 0.457664
0 0 0.608933 0.015307 0.010468 0.002317 0.362975
4 0 0.465744 0.031715 0.023840 0.003626 0.475075
4 0 0.290383 0.070756 0.060082 0.005950 0.572829
4 0 0.400646 0.065756 0.054357 0.011047 0.468194
4 0 0.444618 0.044051 0.034507 0.006170 0.470654
0 0 0.630819 0.027795 0.020387 0.008966 0.312034
0 0 0.688867 0.021550 0.015224 0.010558 0.263801
0 0 0.668902 0.025531 0.018434 0.012131 0.275002
0 0 0.713055 0.016735 0.011462 0.008079 0.250670
0 0 0.755952 0.010783 0.006991 0.005800 0.220474
0 0 0.503938 0.042714 0.033166 0.008680 0.411502
0 0 0.711144 0.015766 0.010745 0.006612 0.255733
4 0 0.413357 0.033452 0.025451 0.002878 0.524862
4 1 0.317833 0.059753 0.049436 0.005006 0.567971
4 1 0.139776 0.162573 0.161226 0.012828 0.523598
4 1 0.109174 0.177380 0.181194 0.011349 0.520904
4 1 0.144332 0.239165 0.252491 0.082991 0.281021
4 1 0.161313 0.230641 0.240520 0.091614 0.275912
4 1 0.278470 0.139160 0.129371 0.032511 0.420489
0 1 0.479879 0.087547 0.074750 0.048256 0.309568
4 1 0.207901 0.206364 0.208244 0.099959 0.277532
4 1 0.189111 0.216213 0.221083 0.099527 0.274065
4 1 0.135193 0.216492 0.224659 0.035429 0.388227
4 1 0.093334 0.202233 0.212924 0.013999 0.477509
4 1 0.155042 0.234131 0.245367 0.090331 0.275129
0 1 0.335340 0.146213 0.136270 0.082527 0.299650
4 1 0.203583 0.210255 0.213820 0.125186 0.247157
4 1 0.116623 0.236801 0.251986 0.041773 0.352818
4 1 0.112669 0.189062 0.194464 0.014783 0.489022
4 1 0.156025 0.161900 0.159263 0.015312 0.507500
4 1 0.090239 0.213605 0.227320 0.016374 0.452461
4 1 0.159182 0.137158 0.131738 0.009715 0.562207
4 1 0.097075 0.211691 0.223804 0.017727 0.449703
4 1 0.099424 0.249082 0.270289 0.040558 0.340646
4 1 0.117668 0.220141 0.231131 0.029162 0.401899
4 1 0.135924 0.234695 0.247182 0.057116 0.325084
4 1 0.123710 0.157665 0.157043 0.009586 0.551996
4 1 0.166692 0.201580 0.204099 0.039893 0.387736
4 1 0.083047 0.245295 0.268607 0.026680 0.376372
4 4 0.112154 0.172089 0.174707 0.010743 0.530307
4 4 0.187660 0.182249 0.180290 0.033624 0.416177
4 4 0.102323 0.181497 0.186870 0.011070 0.518240
4 4 0.223913 0.145530 0.137813 0.022176 0.470567
4 4 0.108072 0.238832 0.255756 0.037439 0.359901
0 4 0.403856 0.115340 0.102921 0.061073 0.316810
4 4 0.147394 0.235876 0.247915 0.077694 0.291121
4 4 0.169909 0.226995 0.235593 0.100730 0.266772
4 4 0.156737 0.221504 0.228921 0.057355 0.335482
4 4 0.143610 0.239501 0.252974 0.082500 0.281414
4 4 0.134579 0.243666 0.259053 0.076415 0.286287
4 4 0.152475 0.235346 0.247067 0.088561 0.276551
4 4 0.159787 0.231872 0.242234 0.093624 0.272484
4 4 0.110396 0.251742 0.286967 0.061860 0.289036
4 4 0.181096 0.221519 0.228312 0.108715 0.260358
4 4 0.191117 0.216541 0.221833 0.115984 0.254525
4 4 0.111862 0.253802 0.274688 0.061514 0.298134
4 2 0.186400 0.218893 0.224878 0.112549 0.257281
4 2 0.154185 0.234537 0.245934 0.089739 0.275605
4 2 0.190968 0.216615 0.221929 0.115876 0.254612
4 2 0.132766 0.244494 0.260281 0.075204 0.287255
4 2 0.173605 0.225195 0.233181 0.103353 0.264665
4 2 0.156808 0.233292 0.244199 0.091554 0.274147
4 2 0.178763 0.222668 0.229826 0.107038 0.261705
4 2 0.155614 0.233859 0.244988 0.090727 0.274811
4 2 0.184772 0.219701 0.225931 0.111369 0.258228
2 2 0.074548 0.212733 0.478670 0.052015 0.182034
2 2 0.082758 0.242305 0.381619 0.050215 0.243104
2 2 0.071351 0.235260 0.425870 0.044717 0.222802
2 2 0.139608 0.231136 0.292718 0.086022 0.250516
2 2 0.082194 0.238168 0.395299 0.050965 0.233375
2 2 0.102740 0.240886 0.343287 0.062357 0.250729
2 2 0.056796 0.212428 0.514286 0.038892 0.177599
2 2 0.050531 0.157171 0.641253 0.048869 0.102176
2 2 0.118784 0.235811 0.324263 0.073190 0.247952
2 2 0.069409 0.216845 0.478700 0.047336 0.187710
2 2 0.038127 0.165986 0.646737 0.039700 0.109450
2 2 0.054926 0.175827 0.588956 0.057834 0.122457
2 2 0.080101 0.233277 0.413743 0.050889 0.221991
2 2 0.064299 0.223433 0.471976 0.042343 0.197950
2 2 0.077953 0.227372 0.434383 0.050926 0.209365
2 2 0.082532 0.222589 0.437840 0.055257 0.201783
2 2 0.056445 0.170347 0.597908 0.058795 0.116505
2 2 0.051968 0.175423 0.596094 0.055027 0.121487
2 2 0.078388 0.179885 0.538052 0.070811 0.132864
2 2 0.088021 0.179532 0.508680 0.090564 0.133203
2 2 0.062099 0.177261 0.575552 0.058671 0.126418
2 2 0.053851 0.135480 0.623849 0.110271 0.076547
2 2 0.112831 0.223648 0.372809 0.074805 0.215906
2 2 0.021701 0.075317 0.794823 0.079497 0.028662
2 2 0.038810 0.093133 0.702918 0.124183 0.040956
2 2 0.044701 0.102397 0.652674 0.152456 0.047772
2 2 0.044426 0.109823 0.645685 0.146902 0.053164
2 2 0.092978 0.214274 0.434645 0.068948 0.189154
2 2 0.024938 0.052178 0.611718 0.294849 0.016318
2 2 0.066077 0.140948 0.585629 0.123680 0.083667
2 2 0.052197 0.083949 0.594781 0.232880 0.036193
2 2 0.030376 0.101534 0.733967 0.087946 0.046177
2 3 0.021769 0.045746 0.710726 0.208539 0.013220
2 3 0.086142 0.124588 0.457897 0.258332 0.073040
2 3 0.027036 0.051021 0.610538 0.295570 0.015834
2 3 0.035934 0.091292 0.697642 0.135941 0.039191
2 3 0.017472 0.040524 0.570490 0.360589 0.010924
2 3 0.032923 0.087308 0.729126 0.114062 0.036580
2 3 0.030917 0.087291 0.734752 0.110693 0.036347
2 3 0.040587 0.070660 0.514902 0.346315 0.027536
2 3 0.021200 0.046544 0.573109 0.345497 0.013649
2 3 0.024005 0.052558 0.649330 0.257680 0.016426
2 3 0.033321 0.065022 0.613375 0.264868 0.023414
2 3 0.046274 0.094417 0.615748 0.201221 0.042340
2 3 0.036158 0.071864 0.602963 0.261741 0.027274
2 3 0.025497 0.051673 0.563986 0.342604 0.016239
2 3 0.074063 0.138880 0.473534 0.229668 0.083856
2 3 0.038754 0.073577 0.570117 0.288690 0.028862
2 3 0.015516 0.039034 0.696204 0.239133 0.010115
2 3 0.053760 0.089398 0.475041 0.340612 0.041189
3 3 0.022621 0.042614 0.339837 0.581326 0.013602
2 3 0.035690 0.065780 0.457826 0.415674 0.025030
2 3 0.015831 0.035367 0.471061 0.468568 0.009173
2 3 0.023617 0.049146 0.575232 0.337082 0.014924
3 3 0.020712 0.042063 0.379270 0.545110 0.012846
3 3 0.026781 0.051722 0.383941 0.519754 0.017802
3 3 0.026124 0.048284 0.345690 0.563401 0.016502
3 3 0.017528 0.037707 0.389892 0.544178 0.010694
2 3 0.022605 0.048262 0.489575 0.424650 0.014908
3 3 0.023558 0.041229 0.250464 0.670431 0.014318
3 3 0.038380 0.065660 0.396168 0.473803 0.025989
2 3 0.028321 0.057538 0.501494 0.392958 0.019689
2 3 0.021147 0.045479 0.485201 0.434586 0.013587
2 3 0.023443 0.049535 0.509694 0.401914 0.015415
2 3 0.050118 0.092023 0.583422 0.233096 0.041342
3 3 0.019222 0.034667 0.226476 0.708366 0.011269
3 3 0.022097 0.041884 0.311828 0.610595 0.013596
2 3 0.017476 0.040170 0.563443 0.368113 0.010799
2 3 0.024866 0.050946 0.499550 0.408423 0.016214
3 3 0.016143 0.036592 0.452662 0.484834 0.009769
3 3 0.016440 0.032053 0.251114 0.690814 0.009578
3 3 0.040471 0.066398 0.363022 0.502930 0.027178
2 3 0.066869 0.128317 0.510898 0.221774 0.072143
2 3 0.024488 0.051038 0.474318 0.433723 0.016433
3 3 0.017314 0.034148 0.291487 0.646994 0.010057
3 3 0.019823 0.031147 0.150713 0.787211 0.011106
3 3 0.228364 0.116508 0.200674 0.310285 0.144169
2 3 0.065846 0.206706 0.494121 0.068433 0.164893
2 2 0.081861 0.238264 0.394751 0.052305 0.232819
2 2 0.059343 0.206383 0.523836 0.041891 0.168546
2 2 0.035352 0.151505 0.679503 0.040186 0.093453
2 2 0.054564 0.223962 0.489555 0.035373 0.196546
2 2 0.050924 0.217334 0.513454 0.033774 0.184514
2 2 0.055538 0.209328 0.524218 0.038470 0.172447
2 2 0.025832 0.084066 0.767523 0.088444 0.034136
2 2 0.018893 0.061993 0.794154 0.104174 0.020786
2 2 0.047828 0.170988 0.614868 0.050379 0.115937
2 2 0.039102 0.139654 0.689093 0.050719 0.081432
2 2 0.043340 0.153465 0.643138 0.066443 0.093615
2 2 0.054088 0.170513 0.588407 0.073087 0.113905
2 2 0.061552 0.219599 0.487205 0.041108 0.190536
2 2 0.032353 0.139911 0.703677 0.043149 0.080909
2 2 0.061976 0.155231 0.580142 0.105193 0.097459
2 2 0.045121 0.130173 0.668566 0.084877 0.071264
2 2 0.062091 0.199020 0.528398 0.055404 0.155087
2 2 0.072545 0.222242 0.453274 0.056589 0.195351
2 2 0.068087 0.219880 0.466678 0.056300 0.189055
2 2 0.030250 0.100881 0.731054 0.092264 0.045551
2 2 0.188774 0.175824 0.322403 0.096447 0.216551
4 2 0.123707 0.238232 0.252938 0.049607 0.335515
4 0 0.090738 0.262696 0.289850 0.048201 0.308514
0 0 0.671053 0.027884 0.020277 0.016975 0.263811
0 0 0.649156 0.032566 0.024182 0.018662 0.275435
0 0 0.683355 0.022582 0.016050 0.010941 0.267071
0 0 0.675306 0.025804 0.018610 0.014237 0.266043
0 0 0.748171 0.012650 0.008347 0.007557 0.223275
0 0 0.678590 0.024763 0.017774 0.013298 0.265575
0 0 0.671382 0.024058 0.017264 0.010581 0.276715
0 0 0.512017 0.045182 0.035272 0.010679 0.396850
0 0 0.513704 0.045586 0.035656 0.010752 0.394301
0 0 0.643122 0.033172 0.024722 0.017611 0.281373
0 0 0.740809 0.013256 0.008806 0.007366 0.229762
0 0 0.720955 0.016124 0.010978 0.008495 0.243449
0 0 0.713722 0.015879 0.010820 0.007076 0.252502
0 0 0.624893 0.027098 0.019815 0.008093 0.320101
0 0 0.708279 0.018402 0.012734 0.009658 0.250926
0 0 0.752408 0.009725 0.006251 0.004148 0.227469
0 0 0.744626 0.011161 0.007286 0.005045 0.231882
0 0 0.714445 0.016452 0.011245 0.007911 0.249947
0 0 0.685346 0.021235 0.014998 0.009455 0.268967
0 0 0.739506 0.013603 0.009062 0.007699 0.230129
0 0 0.729580 0.013425 0.008961 0.006095 0.241939
0 0 0.432209 0.068628 0.056846 0.015416 0.426900
0 0 0.706796 0.014750 0.010002 0.005122 0.263330
0 0 0.521115 0.041789 0.032326 0.009357 0.395413
0 0 0.477920 0.042259 0.032835 0.007078 0.439907
0 0 0.669191 0.023335 0.016709 0.009284 0.281481
0 0 0.665609 0.011705 0.007736 0.002234 0.312716
0 0 0.588649 0.030640 0.022758 0.007905 0.350047
4 0 0.354283 0.085058 0.073078 0.014692 0.472889
0 0 0.529474 0.039420 0.030263 0.008752 0.392091
0 0 0.677232 0.019656 0.013818 0.006577 0.282717
0 0 0.643340 0.018931 0.013261 0.004508 0.319960
0 0 0.742590 0.011686 0.007667 0.005458 0.232599
0 0 0.551915 0.015549 0.010682 0.001617 0.420236
4 0 0.239208 0.060364 0.050909 0.002888 0.646632
0 0 0.707137 0.012804 0.008563 0.003633 0.267863
4 0 0.189470 0.102642 0.093843 0.006212 0.607833
4 0 0.322159 0.091920 0.080164 0.014004 0.491752
4 1 0.169355 0.208709 0.212426 0.049575 0.359934
4 1 0.118117 0.251064 0.270326 0.065558 0.294935
4 1 0.134329 0.243780 0.259222 0.076248 0.286420
4 1 0.080173 0.247674 0.272341 0.026451 0.373362
4 1 0.150807 0.192077 0.194160 0.026196 0.436761
4 1 0.060333 0.222864 0.245884 0.010773 0.460147
4 1 0.072547 0.269810 0.303657 0.037191 0.316796
4 1 0.127696 0.171955 0.172956 0.013183 0.514210
4 1 0.113803 0.250158 0.269592 0.057111 0.309336
4 1 0.064880 0.237971 0.263873 0.015721 0.417555
4 1 0.057002 0.274130 0.314690 0.027372 0.326807
4 1 0.082515 0.259720 0.287585 0.036641 0.333540
4 1 0.129158 0.243913 0.259759 0.066730 0.300441
4 4 0.305554 0.119565 0.108280 0.025428 0.441173
4 4 0.189349 0.098013 0.089098 0.005557 0.617983
4 4 0.156561 0.141793 0.136951 0.010366 0.554329
4 4 0.063744 0.220090 0.241363 0.011065 0.463738
4 4 0.110100 0.086473 0.080467 0.001804 0.721157
4 4 0.123641 0.197245 0.202850 0.020150 0.456114
4 4 0.063054 0.273251 0.311273 0.031631 0.320792
4 4 0.063807 0.176178 0.187077 0.005166 0.567772
4 4 0.125399 0.227083 0.238730 0.038587 0.370202
4 4 0.067046 0.264112 0.297568 0.028223 0.343050
4 4 0.061182 0.268308 0.305173 0.026769 0.338569
4 4 0.060285 0.203480 0.221470 0.007670 0.507095
4 4 0.053737 0.276388 0.319142 0.026309 0.324424
4 4 0.062754 0.183595 0.196318 0.005745 0.551588
4 4 0.055287 0.227650 0.253652 0.010414 0.452997
4 4 0.036350 0.257017 0.301546 0.010280 0.394808
4 4 0.063124 0.242769 0.270627 0.016549 0.406932
4 4 0.056148 0.261745 0.298168 0.020348 0.363591
4 4 0.083202 0.219644 0.236134 0.016162 0.444857
4 4 0.039084 0.240790 0.277924 0.008366 0.433836
4 4 0.053349 0.276512 0.319480 0.026091 0.324568
4 4 0.077284 0.268017 0.299975 0.040015 0.314710
4 4 0.109319 0.254903 0.276476 0.059883 0.299420
4 4 0.103519 0.257384 0.280589 0.056191 0.302317
4 4 0.108246 0.255364 0.277233 0.059197 0.299959
4 4 0.050367 0.277450 0.322112 0.024420 0.325651
4 4 0.043712 0.253704 0.292851 0.012257 0.397477
4 4 0.055867 0.238039 0.266904 0.012744 0.426446
4 4 0.117508 0.247973 0.279706 0.064173 0.290640
4 4 0.161508 0.155429 0.151680 0.014337 0.517047
4 4 0.054236 0.257324 0.292984 0.017678 0.377778
4 4 0.098081 0.259672 0.284494 0.052767 0.304987
4 4 0.055935 0.274456 0.315563 0.026770 0.327275
4 0 0.208980 0.127360 0.118948 0.012951 0.531762
0 0 0.575034 0.033026 0.024765 0.008365 0.358810
4 0 0.352667 0.098944 0.086723 0.021719 0.439948
4 0 0.240168 0.111506 0.101440 0.011935 0.534951
4 0 0.257444 0.145755 0.136970 0.031036 0.428796
4 0 0.258302 0.123025 0.112883 0.018288 0.487502
4 0 0.341389 0.089325 0.077375 0.015088 0.476823
0 0 0.721160 0.013699 0.009185 0.005481 0.250475
0 0 0.700734 0.016807 0.011560 0.006496 0.264404
4 1 0.211007 0.061807 0.052717 0.002425 0.672044
4 1 0.114689 0.238822 0.254806 0.042371 0.349312
4 1 0.048127 0.243251 0.276799 0.011459 0.420365
2 1 0.038774 0.278632 0.342456 0.018352 0.321785
2 1 0.037790 0.273931 0.364308 0.018401 0.305570
4 0 0.441000 0.052487 0.042013 0.008787 0.455713
4 0 0.187421 0.128510 0.121027 0.010822 0.552221
0 0 0.658420 0.026905 0.019585 0.011747 0.283342
0 0 0.657209 0.025987 0.018864 0.010327 0.287613
4 1 0.192205 0.194490 0.194216 0.047881 0.371208
4 1 0.143117 0.239730 0.253304 0.082166 0.281682
4 1 0.069971 0.270764 0.305689 0.035669 0.317906
4 1 0.039215 0.269456 0.316941 0.014462 0.359926
4 1 0.032686 0.271548 0.324331 0.011927 0.359509
2 2 0.037611 0.212039 0.551543 0.024662 0.174145
2 2 0.025572 0.166277 0.676218 0.019383 0.112549
2 2 0.038059 0.258481 0.420011 0.020221 0.263229
2 2 0.022480 0.133656 0.741679 0.026403 0.075783
2 2 0.025002 0.181515 0.644869 0.017666 0.130949
2 2 0.018154 0.177962 0.664600 0.012414 0.126870
2 2 0.043233 0.231587 0.490784 0.026461 0.207935
2 2 0.027556 0.161448 0.682371 0.021577 0.107047
2 2 0.033926 0.242511 0.477071 0.019210 0.227283
2 2 0.024121 0.154853 0.701947 0.019452 0.099627
2 2 0.029163 0.214718 0.560096 0.018284 0.177739
2 2 0.018613 0.149348 0.723270 0.014539 0.094230
2 2 0.036054 0.251386 0.446528 0.019724 0.246308
2 2 0.041429 0.168770 0.640738 0.033155 0.115908
2 2 0.039333 0.181446 0.617373 0.031418 0.130429
2 2 0.026642 0.189017 0.625316 0.018395 0.140631
2 2 0.059905 0.216390 0.498484 0.040496 0.184724
2 2 0.035018 0.186449 0.615669 0.025384 0.137480
2 2 0.031179 0.215237 0.555246 0.019683 0.178654
2 2 0.013488 0.076353 0.851764 0.027753 0.030642
2 2 0.021803 0.113567 0.776303 0.030360 0.057966
2 2 0.038390 0.215692 0.541079 0.024844 0.179995
2 2 0.042624 0.215424 0.533904 0.027962 0.180086
2 2 0.039192 0.172960 0.636507 0.030572 0.120769
2 2 0.023932 0.130504 0.747644 0.023301 0.074620
2 2 0.015341 0.077896 0.832251 0.043982 0.030529
2 2 0.027318 0.169048 0.667228 0.020648 0.115758
2 2 0.019341 0.103304 0.790435 0.038605 0.048315
2 2 0.075162 0.233575 0.422939 0.047593 0.220731
2 2 0.044187 0.253227 0.425505 0.024481 0.252599
2 2 0.024398 0.124851 0.745036 0.039692 0.066023
2 2 0.038369 0.211975 0.550307 0.025228 0.174122
2 2 0.063260 0.211553 0.503820 0.043885 0.177482
2 2 0.050106 0.207619 0.538756 0.034610 0.168908
2 2 0.058214 0.221846 0.487965 0.038315 0.193660
2 2 0.028130 0.136308 0.718524 0.040184 0.076855
2 2 0.045339 0.149160 0.648704 0.066810 0.089987
2 2 0.020541 0.048530 0.775291 0.141188 0.014450
2 2 0.017851 0.088605 0.817658 0.037726 0.038160
2 2 0.040320 0.136959 0.660302 0.086551 0.075868
2 2 0.246424 0.154654 0.272724 0.151670 0.174529
4 2 0.060879 0.274007 0.313070 0.030376 0.321668
2 2 0.028388 0.138509 0.717327 0.036001 0.079776
2 2 0.050540 0.258612 0.395311 0.027545 0.267992
2 2 0.025434 0.120682 0.753795 0.036560 0.063529
2 2 0.056309 0.230555 0.468670 0.035528 0.208939
2 2 0.042617 0.243818 0.457320 0.024624 0.231621
2 2 0.039374 0.261029 0.408936 0.020717 0.269943
2 2 0.027166 0.148496 0.707979 0.023889 0.092470
2 2 0.012379 0.077908 0.848531 0.030203 0.030978
2 2 0.017187 0.120141 0.779784 0.017772 0.065116
2 2 0.037860 0.198199 0.583946 0.026360 0.153636
2 2 0.018434 0.117974 0.778528 0.023031 0.062033
2 2 0.010582 0.057377 0.872944 0.040188 0.018908
2 2 0.039991 0.206402 0.560769 0.027066 0.165772
2 2 0.022135 0.140153 0.731035 0.024629 0.082048
2 2 0.022180 0.091832 0.784856 0.061767 0.039365
2 2 0.030096 0.154048 0.686107 0.034239 0.095510
2 2 0.030006 0.118912 0.742436 0.046796 0.061851
2 2 0.050149 0.242478 0.446937 0.029630 0.230806
2 2 0.033238 0.125415 0.724227 0.049502 0.067619
2 2 0.018339 0.106730 0.792543 0.030753 0.051635
2 2 0.042299 0.188477 0.592570 0.039456 0.137199
2 2 0.019351 0.092728 0.802643 0.044767 0.040511
2 2 0.033436 0.199333 0.589487 0.022798 0.154946
2 2 0.022363 0.112936 0.770582 0.037765 0.056354
2 2 0.050238 0.229439 0.483366 0.031532 0.205424
2 2 0.028816 0.155525 0.685404 0.033652 0.096603
2 2 0.024041 0.110687 0.762628 0.048896 0.053747
2 2 0.042057 0.178637 0.609074 0.047126 0.123106
2 2 0.011617 0.038411 0.836246 0.103882 0.009844
0 2 0.471463 0.070320 0.058252 0.022337 0.377628
0 0 0.755972 0.011236 0.007313 0.006468 0.219010
0 0 0.705131 0.020399 0.014264 0.012367 0.247840
4 0 0.365799 0.078841 0.066975 0.013249 0.475137
4 1 0.055087 0.268782 0.308122 0.022988 0.345022
2 1 0.043308 0.279520 0.328609 0.020531 0.328033
2 1 0.041647 0.279971 0.330201 0.019630 0.328551
2 1 0.041795 0.216493 0.532784 0.027230 0.181699
2 1 0.018656 0.163532 0.694456 0.013655 0.109702
2 2 0.019041 0.118947 0.778110 0.019762 0.064141
2 2 0.013155 0.119811 0.789509 0.011299 0.066226
2 2 0.013308 0.080381 0.849261 0.023440 0.033610
2 2 0.027254 0.154050 0.697717 0.022043 0.098935
2 2 0.028088 0.152213 0.696610 0.028304 0.094785
2 2 0.025710 0.112430 0.759256 0.046894 0.055710
2 2 0.018702 0.091842 0.816642 0.031593 0.041221
2 2 0.040902 0.204111 0.564499 0.028033 0.162456
2 2 0.036874 0.194431 0.594387 0.026003 0.148304
2 2 0.036028 0.206669 0.567451 0.024042 0.165810
0 2 0.575656 0.042586 0.032944 0.014857 0.333957
4 2 0.076287 0.233161 0.254657 0.018259 0.417636
2 2 0.071194 0.247155 0.390610 0.042007 0.249034
2 2 0.050515 0.261487 0.385400 0.027100 0.275499
2 2 0.039219 0.198375 0.581002 0.027406 0.153997
2 2 0.027074 0.191966 0.617887 0.018502 0.144571
2 2 0.049153 0.237566 0.463019 0.029664 0.220597
2 2 0.024420 0.121680 0.757386 0.031496 0.065019
2 2 0.025129 0.180443 0.646981 0.017851 0.129596
2 2 0.016640 0.102420 0.802841 0.029980 0.048118
2 2 0.049260 0.232019 0.478243 0.030502 0.209977
2 2 0.034230 0.171144 0.649071 0.027879 0.117675
2 2 0.035349 0.165543 0.658277 0.029608 0.111223
2 2 0.028140 0.148072 0.704400 0.028793 0.090594
2 2 0.044153 0.239013 0.468382 0.026186 0.222265
2 2 0.048047 0.181033 0.602381 0.037070 0.131469
4 1 0.099603 0.211297 0.222919 0.018339 0.447842
0 2 0.598241 0.042256 0.032647 0.017696 0.309159
4 1 0.085863 0.246879 0.270034 0.029232 0.367992
2 1 0.035666 0.104806 0.720382 0.089786 0.049360
2 1 0.044508 0.238465 0.469276 0.026486 0.221265
2 2 0.051064 0.218443 0.510400 0.033711 0.186382
4 2 0.084739 0.265107 0.294309 0.044522 0.311323
2 2 0.049420 0.145041 0.653813 0.064321 0.087405
2 2 0.007560 0.048045 0.905626 0.023879 0.014891
2 2 0.072947 0.237364 0.416608 0.045288 0.227794
2 2 0.033609 0.146228 0.696083 0.035082 0.088997
2 2 0.057790 0.208663 0.521445 0.040294 0.171808
2 2 0.020724 0.109237 0.788954 0.025799 0.055286
4 2 0.072327 0.269891 0.303829 0.037061 0.316891
2 2 0.024483 0.107628 0.765313 0.051166 0.051410
2 2 0.027618 0.110773 0.761604 0.044809 0.055195
2 2 0.043726 0.149350 0.657611 0.058589 0.090724
2 2 0.052392 0.209622 0.529577 0.036040 0.172370
2 2 0.041967 0.153442 0.665426 0.041987 0.097179
2 2 0.051836 0.190579 0.574411 0.038684 0.144490
2 2 0.025004 0.116776 0.754866 0.044201 0.059153
2 2 0.048532 0.081591 0.599127 0.236409 0.034340
2 2 0.054562 0.253177 0.405307 0.030776 0.256179
2 2 0.037888 0.121663 0.713829 0.062350 0.064270
2 2 0.068981 0.255860 0.366475 0.038767 0.269917
2 2 0.028080 0.095743 0.747981 0.086265 0.041932
2 2 0.040637 0.195161 0.585053 0.030310 0.148839
2 2 0.047995 0.165857 0.614464 0.063592 0.108091
2 2 0.048311 0.178886 0.603874 0.041392 0.127537
2 2 0.029618 0.135020 0.718810 0.040362 0.076190
2 2 0.068997 0.206720 0.504090 0.049218 0.170974
2 2 0.082973 0.227344 0.424308 0.054309 0.211066
2 2 0.026911 0.095076 0.735414 0.101794 0.040804
2 2 0.094207 0.218158 0.413234 0.079490 0.194910
4 2 0.156252 0.214491 0.270147 0.062008 0.297103
2 2 0.060950 0.228908 0.459786 0.047141 0.203214
2 2 0.074351 0.250011 0.374800 0.043236 0.257602
2 2 0.047257 0.214106 0.528452 0.031540 0.178644
2 2 0.024528 0.111036 0.771121 0.037777 0.055539
2 2 0.034691 0.163572 0.664393 0.027775 0.109569
2 2 0.047981 0.178493 0.607153 0.038499 0.127873
2 2 0.044177 0.243264 0.456021 0.025688 0.230850
2 2 0.020150 0.101589 0.796664 0.033561 0.048035
2 2 0.060053 0.217175 0.495341 0.042102 0.185330
2 2 0.029179 0.168991 0.661822 0.026576 0.113432
2 2 0.045566 0.184211 0.596518 0.040659 0.133047
2 2 0.034065 0.154637 0.676114 0.038759 0.096424
2 2 0.034699 0.186890 0.614482 0.027060 0.136870
4 0 0.417941 0.077363 0.065162 0.018743 0.420790
0 0 0.574453 0.050686 0.040092 0.022731 0.312038
0 0 0.686636 0.024329 0.017389 0.014808 0.256838
0 1 0.741171 0.010382 0.006738 0.003932 0.237777
4 1 0.090120 0.210929 0.224059 0.015552 0.459341
4 1 0.070788 0.246645 0.273404 0.021200 0.387964
2 1 0.037259 0.240448 0.477031 0.021540 0.223722
4 1 0.040917 0.268012 0.313922 0.014859 0.362290
2 2 0.015721 0.099325 0.814082 0.024133 0.046739
2 2 0.027058 0.112490 0.766144 0.036831 0.057476
2 2 0.040862 0.245829 0.454625 0.023281 0.235403
2 2 0.022684 0.143961 0.723902 0.022972 0.086481
2 2 0.031471 0.146150 0.701987 0.031102 0.089290
2 2 0.038473 0.187180 0.607559 0.028141 0.138646
2 2 0.033581 0.166229 0.661161 0.026452 0.112577
2 2 0.047230 0.197390 0.568076 0.033880 0.153424
2 2 0.020762 0.103554 0.792845 0.033166 0.049672
2 2 0.028160 0.151438 0.700567 0.024111 0.095724
2 2 0.044748 0.223769 0.508728 0.028462 0.194293
2 2 0.037477 0.196397 0.588790 0.026261 0.151075
2 2 0.020446 0.137905 0.740795 0.019535 0.081319
2 2 0.050027 0.261094 0.387771 0.026878 0.274230
2 2 0.040735 0.193193 0.589680 0.029789 0.146602
2 2 0.039237 0.216128 0.538432 0.025412 0.180791
0 0 0.483497 0.086868 0.078001 0.048918 0.302717
4 0 0.138029 0.242084 0.256723 0.078729 0.284436
0 0 0.298443 0.166000 0.159506 0.131172 0.244878
0 0 0.448754 0.101285 0.088475 0.060641 0.300845
0 0 0.686679 0.018534 0.012921 0.006599 0.275268
0 0 0.715928 0.016915 0.011586 0.008810 0.246760
4 0 0.462372 0.023031 0.016680 0.001909 0.496008
0 0 0.700582 0.013866 0.009365 0.003926 0.272261
4 0 0.328304 0.034423 0.026622 0.001760 0.608891
4 0 0.207809 0.083165 0.073609 0.004477 0.630939
4 1 0.065503 0.238474 0.264336 0.016093 0.415594
4 1 0.040786 0.247956 0.286628 0.010060 0.414570
4 1 0.048784 0.253287 0.289877 0.014089 0.393964
4 1 0.056792 0.240217 0.269415 0.013572 0.420004
4 1 0.066454 0.254864 0.285438 0.022748 0.370496
4 1 0.069714 0.262120 0.294095 0.028774 0.345297
4 1 0.094040 0.261346 0.287428 0.050246 0.306939
4 1 0.079782 0.204490 0.218130 0.011537 0.486060
4 1 0.086789 0.240113 0.261155 0.025774 0.386168
4 1 0.057469 0.226351 0.251248 0.010724 0.454208
4 1 0.116659 0.193873 0.199665 0.017119 0.472685
4 1 0.102034 0.258012 0.281650 0.055253 0.303050
4 1 0.264761 0.059597 0.049853 0.003408 0.622380
4 4 0.359976 0.076485 0.064778 0.011789 0.486972
4 4 0.143320 0.205708 0.210889 0.031518 0.408564
4 4 0.163544 0.055585 0.047658 0.001286 0.731927
4 4 0.075590 0.174777 0.183037 0.006341 0.560255
4 4 0.169382 0.120467 0.113276 0.007636 0.589238
4 4 0.123162 0.107124 0.101515 0.003456 0.664743
4 4 0.089825 0.236968 0.256539 0.025593 0.391074
4 4 0.126546 0.111205 0.105670 0.003936 0.652644
4 4 0.320800 0.077278 0.065948 0.009078 0.526897
4 4 0.167183 0.169975 0.167597 0.020411 0.474834
4 4 0.164803 0.073240 0.064865 0.002303 0.694789
4 4 0.308807 0.044262 0.035392 0.002532 0.609006
4 4 0.165200 0.127376 0.120850 0.008467 0.578107
4 4 0.115423 0.127021 0.123581 0.004773 0.629201
4 4 0.157899 0.137441 0.132121 0.009638 0.562902
4 4 0.174467 0.084707 0.076054 0.003465 0.661306
4 4 0.156566 0.083367 0.075278 0.002812 0.681977
4 4 0.157118 0.150538 0.146538 0.012402 0.533403
4 4 0.116288 0.114701 0.110094 0.003742 0.655174
4 4 0.144012 0.171596 0.171118 0.016050 0.497223
4 4 0.092109 0.225132 0.241234 0.021052 0.420473
4 4 0.050051 0.227608 0.255512 0.009112 0.457716
4 4 0.123471 0.169428 0.170463 0.011906 0.524732
4 4 0.044516 0.240312 0.274536 0.009802 0.430835
4 4 0.088550 0.263582 0.291467 0.046854 0.309547
4 4 0.052918 0.233897 0.262590 0.010977 0.439619
4 4 0.310351 0.067851 0.057091 0.006262 0.558445
4 4 0.130691 0.195271 0.199762 0.021381 0.452895
4 4 0.240012 0.064472 0.054793 0.003337 0.637386
4 4 0.104002 0.139585 0.138527 0.005241 0.612645
4 4 0.093379 0.205204 0.216517 0.014790 0.470110
4 4 0.075516 0.223144 0.242188 0.014904 0.444248
4 4 0.117030 0.112808 0.108000 0.003628 0.658533
4 4 0.061449 0.270097 0.307514 0.028096 0.332844
4 4 0.110508 0.254389 0.275639 0.060644 0.298820
4 4 0.102700 0.247995 0.268338 0.042210 0.338757
4 4 0.085237 0.263726 0.292340 0.043369 0.315328
4 4 0.068659 0.254105 0.283774 0.023564 0.369898
4 4 0.086413 0.233999 0.253466 0.022593 0.403529
4 4 0.179834 0.198878 0.200058 0.044962 0.376268
4 4 0.103877 0.206087 0.215950 0.017797 0.456289
4 4 0.050282 0.277476 0.322188 0.024373 0.325681
4 4 0.126897 0.234813 0.248236 0.048065 0.341989
4 4 0.041374 0.244223 0.281303 0.009571 0.423529
4 4 0.042113 0.264950 0.309021 0.014518 0.369399
4 4 0.059853 0.231054 0.256515 0.012341 0.440237
4 4 0.053128 0.262923 0.300971 0.019234 0.363744
4 4 0.051483 0.277103 0.321120 0.025044 0.325250
4 4 0.043502 0.255410 0.295264 0.012581 0.393243
4 4 0.047845 0.238173 0.270216 0.010366 0.433401
4 4 0.146581 0.141663 0.137435 0.009260 0.565061
4 0 0.266082 0.151442 0.142896 0.039130 0.400449
4 0 0.150300 0.179728 0.179913 0.020304 0.469756
4 0 0.072530 0.205084 0.220402 0.010171 0.491813
4 1 0.065251 0.249766 0.279100 0.019931 0.385952
4 1 0.059407 0.258910 0.293150 0.020859 0.367674
2 1 0.039556 0.280518 0.332248 0.018503 0.329176
2 1 0.040006 0.280402 0.331803 0.018745 0.329044
4 1 0.056427 0.232364 0.259342 0.011651 0.440217
4 1 0.077894 0.233114 0.254215 0.018835 0.415942
4 1 0.063113 0.212436 0.231894 0.009536 0.483021
2 1 0.038063 0.280891 0.333739 0.017705 0.329602
2 1 0.041142 0.242853 0.462911 0.023789 0.229305
4 1 0.119044 0.166825 0.167918 0.010703 0.535511
4 1 0.284483 0.147988 0.138722 0.043658 0.385148
4 1 0.085016 0.185483 0.194168 0.009034 0.526300
4 1 0.110106 0.216587 0.227805 0.024045 0.421458
2 1 0.046543 0.273680 0.347163 0.023077 0.309538
2 2 0.033200 0.195009 0.599872 0.023036 0.148883
2 2 0.025845 0.238696 0.502012 0.014363 0.219084
2 2 0.024611 0.184256 0.639538 0.017146 0.134448
2 2 0.007297 0.050924 0.905507 0.019802 0.016470
