1 0 0.277097 0.652641 0.019306 0.005684 0.045271
1 1 0.116640 0.622313 0.052087 0.044917 0.164044
1 1 0.129040 0.408197 0.057605 0.062080 0.343078
1 1 0.143373 0.448782 0.025767 0.072102 0.309977
1 1 0.160120 0.406470 0.020377 0.054950 0.358083
4 1 0.155107 0.337192 0.024311 0.068730 0.414660
1 1 0.165536 0.417677 0.023687 0.059212 0.333888
4 4 0.178604 0.132338 0.020911 0.026676 0.641471
4 4 0.212122 0.267363 0.021101 0.028654 0.470760
1 4 0.336015 0.352037 0.040915 0.021452 0.249582
4 4 0.267778 0.316431 0.019391 0.016350 0.380049
1 4 0.121332 0.536714 0.054554 0.050228 0.237171
1 4 0.219912 0.412726 0.029159 0.041315 0.296887
4 4 0.234413 0.269325 0.025297 0.028521 0.442444
4 4 0.279624 0.228923 0.032097 0.023506 0.435850
4 4 0.223106 0.306910 0.023671 0.030852 0.415460
1 4 0.145911 0.574281 0.020121 0.056741 0.202946
1 4 0.208591 0.501961 0.025481 0.037351 0.226616
0 4 0.625893 0.206637 0.028949 0.001691 0.136830
1 4 0.254567 0.594608 0.029521 0.019391 0.101913
0 4 0.674097 0.129085 0.027448 0.001062 0.168307
4 4 0.317119 0.093275 0.016981 0.004638 0.567989
1 4 0.177694 0.483901 0.021042 0.044503 0.272861
1 4 0.254404 0.424401 0.023493 0.023134 0.274568
1 4 0.221633 0.438835 0.032356 0.044543 0.262634
4 4 0.223924 0.280390 0.026191 0.033294 0.436201
1 4 0.256449 0.355914 0.022569 0.021994 0.343075
1 4 0.220176 0.391615 0.019774 0.027009 0.341426
1 4 0.212002 0.440420 0.020708 0.030594 0.296275
1 4 0.175723 0.410713 0.030193 0.061500 0.321871
1 4 0.171919 0.377818 0.025445 0.060170 0.364647
1 4 0.181104 0.444416 0.027225 0.057440 0.289815
1 4 0.181597 0.464818 0.024618 0.050838 0.278129
1 1 0.208777 0.497973 0.021966 0.032083 0.239200
1 1 0.174400 0.456091 0.025640 0.057983 0.285886
1 1 0.370441 0.448247 0.053754 0.016676 0.110882
1 1 0.178272 0.614048 0.017833 0.029590 0.160258
1 1 0.154888 0.686275 0.015605 0.028042 0.115190
1 1 0.243265 0.443128 0.026011 0.028416 0.259181
1 1 0.206912 0.707906 0.016572 0.010617 0.057994
1 1 0.155870 0.723348 0.016327 0.023458 0.080997
1 1 0.183241 0.720583 0.016081 0.014388 0.065707
1 1 0.209580 0.654401 0.040973 0.014785 0.080261
1 1 0.199598 0.698895 0.026636 0.010628 0.064243
1 1 0.207504 0.708984 0.021596 0.007852 0.054065
1 1 0.138517 0.696206 0.085482 0.007816 0.071979
1 2 0.130313 0.594178 0.183957 0.008241 0.083310
1 2 0.071551 0.530606 0.295865 0.009410 0.092568
1 2 0.145809 0.685049 0.073271 0.012101 0.083770
1 2 0.092090 0.497466 0.334856 0.004834 0.070753
1 2 0.122946 0.500223 0.270301 0.010581 0.095948
2 2 0.017217 0.135703 0.781928 0.005947 0.059206
2 2 0.024804 0.169263 0.729262 0.007353 0.069317
2 2 0.025731 0.169472 0.725252 0.007919 0.071625
2 2 0.007799 0.056088 0.888890 0.008068 0.039155
2 2 0.005606 0.039850 0.918297 0.007889 0.028358
2 2 0.025977 0.178387 0.719380 0.007077 0.069179
2 2 0.007496 0.047429 0.899939 0.010084 0.035052
2 2 0.013579 0.082811 0.837930 0.010891 0.054789
2 2 0.019583 0.150063 0.762766 0.006065 0.061524
2 2 0.031675 0.214284 0.676753 0.006630 0.070658
2 2 0.019993 0.116773 0.790580 0.010787 0.061867
2 2 0.042298 0.247902 0.621574 0.008137 0.080089
2 2 0.003684 0.028153 0.942641 0.006404 0.019119
2 2 0.035746 0.220401 0.659121 0.007905 0.076827
2 2 0.006524 0.040952 0.912735 0.009928 0.029861
2 2 0.005059 0.027380 0.936026 0.011848 0.019687
2 2 0.006939 0.030229 0.922161 0.017877 0.022794
2 2 0.003701 0.014568 0.953304 0.018008 0.010419
2 3 0.009866 0.043886 0.893375 0.018648 0.034226
2 3 0.008277 0.019603 0.908741 0.047593 0.015786
2 3 0.006993 0.027315 0.923676 0.021229 0.020787
2 3 0.006660 0.017311 0.923214 0.039272 0.013544
2 3 0.012551 0.016562 0.832595 0.123662 0.014630
2 3 0.008692 0.012884 0.871099 0.096469 0.010857
2 3 0.007856 0.012910 0.887468 0.081094 0.010672
2 3 0.014370 0.011701 0.719503 0.243406 0.011020
2 3 0.019182 0.010460 0.554311 0.405350 0.010696
3 3 0.017167 0.012947 0.415040 0.540321 0.014524
2 3 0.015737 0.011271 0.672393 0.289718 0.010881
3 3 0.024140 0.016560 0.458252 0.482699 0.018349
2 3 0.024855 0.014040 0.541148 0.405263 0.014694
3 3 0.011207 0.011214 0.298133 0.665979 0.013467
3 3 0.015442 0.011338 0.424640 0.536030 0.012550
2 3 0.020577 0.011328 0.550953 0.405487 0.011656
3 3 0.017927 0.016400 0.338197 0.607899 0.019578
2 3 0.018046 0.010728 0.516838 0.443166 0.011222
3 3 0.007645 0.009663 0.216570 0.753837 0.012285
3 3 0.010395 0.009141 0.344614 0.625350 0.010501
3 3 0.018089 0.016495 0.339552 0.606183 0.019680
2 3 0.019488 0.022272 0.772252 0.165122 0.020866
2 3 0.006054 0.012687 0.918111 0.053135 0.010013
2 3 0.007018 0.012250 0.898516 0.072253 0.009963
2 3 0.009619 0.046026 0.892225 0.016528 0.035602
2 2 0.006509 0.029900 0.925053 0.016223 0.022314
2 2 0.009644 0.011164 0.829137 0.140325 0.009730
2 2 0.004720 0.010654 0.931762 0.044704 0.008159
3 3 0.013233 0.009614 0.426424 0.540200 0.010528
2 3 0.027666 0.029028 0.717341 0.197485 0.028480
2 3 0.009861 0.017262 0.880498 0.077868 0.014510
2 3 0.004730 0.024833 0.940429 0.012228 0.017780
2 3 0.004652 0.014763 0.943061 0.026545 0.010979
2 3 0.006806 0.016931 0.920745 0.042196 0.013322
2 3 0.006662 0.013089 0.909883 0.059882 0.010484
2 3 0.009041 0.009520 0.815471 0.157645 0.008322
3 3 0.015417 0.012230 0.392647 0.565844 0.013863
2 3 0.016321 0.009985 0.503180 0.460032 0.010483
2 3 0.014537 0.008729 0.618070 0.350116 0.008548
3 3 0.014506 0.011335 0.397829 0.563578 0.012751
2 3 0.020183 0.012820 0.489735 0.463507 0.013755
2 3 0.016251 0.008737 0.558298 0.407889 0.008824
3 3 0.013768 0.009489 0.449399 0.517101 0.010244
2 3 0.023090 0.012912 0.545113 0.405461 0.013424
2 3 0.020709 0.011410 0.550639 0.405494 0.011748
2 3 0.016548 0.010476 0.488705 0.473151 0.011120
2 3 0.012843 0.012938 0.782013 0.180438 0.011768
2 3 0.014370 0.009512 0.654145 0.312786 0.009186
3 3 0.013308 0.009713 0.424574 0.541751 0.010655
2 3 0.010651 0.009621 0.770438 0.200603 0.008687
2 3 0.024484 0.015679 0.487657 0.455155 0.017025
3 3 0.008437 0.011080 0.207325 0.758829 0.014329
3 3 0.015062 0.010611 0.441674 0.521071 0.011582
3 3 0.014052 0.012133 0.357232 0.602525 0.014058
3 3 0.011920 0.011033 0.327718 0.636364 0.012964
3 3 0.011219 0.010275 0.330597 0.635911 0.011999
3 3 0.008789 0.011210 0.216146 0.749467 0.014388
3 3 0.008232 0.009913 0.231965 0.737438 0.012451
3 3 0.012663 0.010662 0.365380 0.599100 0.012195
3 3 0.011801 0.010575 0.339818 0.625514 0.012293
3 3 0.007160 0.011427 0.156515 0.809266 0.015632
3 3 0.011845 0.012094 0.291937 0.669470 0.014655
3 3 0.009015 0.011198 0.224214 0.741305 0.014267
3 3 0.009764 0.011267 0.247926 0.716974 0.014070
3 3 0.009955 0.013521 0.200410 0.758299 0.017815
3 3 0.006838 0.009841 0.180197 0.790138 0.012986
3 3 0.013362 0.016700 0.227752 0.720467 0.021718
3 3 0.007201 0.013417 0.125214 0.834846 0.019322
3 3 0.012631 0.012028 0.318164 0.642879 0.014299
3 3 0.009423 0.009802 0.281492 0.687463 0.011820
3 3 0.007974 0.011017 0.192817 0.773745 0.014447
3 3 0.019356 0.015052 0.403862 0.544586 0.017144
3 3 0.007463 0.011767 0.159757 0.804950 0.016063
3 3 0.006497 0.012269 0.121794 0.841777 0.017664
3 3 0.006271 0.011940 0.119997 0.844584 0.017209
3 3 0.005894 0.011809 0.110707 0.854329 0.017261
3 3 0.006369 0.011792 0.125177 0.839813 0.016850
3 3 0.007628 0.014448 0.122763 0.834183 0.020977
3 3 0.006422 0.011217 0.136374 0.830258 0.015728
3 3 0.005937 0.012969 0.097286 0.864292 0.019517
3 3 0.006180 0.013241 0.100515 0.860229 0.019835
3 3 0.007992 0.011984 0.172269 0.791612 0.016144
3 3 0.009171 0.012382 0.200909 0.761317 0.016221
3 3 0.005909 0.012337 0.104115 0.859354 0.018284
3 3 0.004954 0.011564 0.086666 0.879171 0.017645
3 3 0.006146 0.010594 0.138497 0.830002 0.014761
3 3 0.006360 0.013739 0.099486 0.859751 0.020665
3 3 0.006614 0.012280 0.125051 0.838459 0.017595
3 3 0.006676 0.012438 0.124505 0.838533 0.017849
3 3 0.005875 0.011971 0.107920 0.856641 0.017594
3 3 0.006536 0.012747 0.116183 0.845981 0.018554
3 3 0.006003 0.014050 0.087669 0.870630 0.021649
3 3 0.006439 0.012095 0.122659 0.841433 0.017375
3 3 0.007024 0.014541 0.106884 0.849889 0.021662
3 3 0.009827 0.013833 0.190713 0.767197 0.018430
3 3 0.007918 0.012330 0.163286 0.799657 0.016810
3 3 0.005281 0.012397 0.086365 0.876949 0.019008
3 3 0.008278 0.015343 0.127485 0.826694 0.022201
3 3 0.007483 0.013138 0.136990 0.823804 0.018584
3 3 0.009086 0.014069 0.166214 0.791364 0.019268
3 3 0.006772 0.013941 0.107495 0.851098 0.020694
3 3 0.005229 0.009931 0.118600 0.852057 0.014183
3 3 0.012860 0.017898 0.196785 0.748397 0.024061
2 3 0.064337 0.056642 0.572276 0.253875 0.052870
2 3 0.019733 0.023736 0.780148 0.154229 0.022153
2 3 0.013637 0.012460 0.754531 0.207849 0.011522
2 3 0.014281 0.029746 0.865293 0.065120 0.025559
2 3 0.013050 0.039798 0.878642 0.035648 0.032862
2 3 0.005239 0.010780 0.922864 0.052713 0.008404
2 3 0.003864 0.017501 0.951555 0.014650 0.012430
2 3 0.044110 0.114972 0.718734 0.045535 0.076648
2 2 0.032953 0.235176 0.658966 0.005611 0.067294
2 2 0.039073 0.269731 0.616808 0.005487 0.068900
2 2 0.023745 0.170987 0.732727 0.006534 0.066008
2 2 0.005058 0.022939 0.939676 0.015608 0.016719
2 2 0.002475 0.011884 0.965627 0.011961 0.008053
2 2 0.006813 0.039280 0.916882 0.010889 0.026136
2 2 0.004827 0.034399 0.929052 0.007607 0.024114
2 2 0.009833 0.067266 0.871885 0.008565 0.042452
1 2 0.053448 0.433488 0.347718 0.026232 0.139115
4 2 0.149650 0.228132 0.048540 0.069681 0.503997
4 4 0.124221 0.322837 0.070464 0.058286 0.424191
4 4 0.153401 0.200497 0.024573 0.056989 0.564540
1 4 0.105688 0.535200 0.057556 0.054283 0.247273
1 4 0.145253 0.555071 0.018536 0.054550 0.226590
1 4 0.144685 0.468149 0.036186 0.053688 0.297292
4 4 0.136330 0.097170 0.021205 0.037147 0.708147
1 4 0.102816 0.646397 0.051585 0.042884 0.156318
4 4 0.131733 0.343443 0.035727 0.070461 0.418635
1 4 0.118438 0.441451 0.046497 0.060425 0.333189
1 4 0.103636 0.490371 0.060524 0.055694 0.289774
1 4 0.122443 0.632004 0.032872 0.051518 0.161164
4 4 0.221185 0.107606 0.023090 0.016557 0.631562
1 4 0.173801 0.398787 0.029234 0.064515 0.333663
1 4 0.082073 0.647857 0.083374 0.040000 0.146696
1 4 0.184565 0.423682 0.034840 0.053275 0.303639
1 4 0.155001 0.472369 0.044676 0.056163 0.271791
1 4 0.104446 0.601982 0.051482 0.051339 0.190751
1 4 0.126456 0.599333 0.045579 0.042692 0.185941
1 4 0.163126 0.667137 0.053401 0.019903 0.096433
1 1 0.097822 0.714347 0.060747 0.022514 0.104571
1 1 0.120389 0.719461 0.063675 0.012796 0.083679
1 1 0.065558 0.516021 0.322665 0.008144 0.087611
2 1 0.029115 0.211475 0.687453 0.005756 0.066201
1 1 0.117188 0.692994 0.072844 0.018063 0.098912
1 2 0.087589 0.625194 0.195357 0.008117 0.083744
1 2 0.157862 0.718973 0.050264 0.007874 0.065027
1 2 0.131913 0.731592 0.051193 0.010756 0.074546
1 2 0.197250 0.681553 0.028653 0.015743 0.076800
1 2 0.150359 0.704754 0.027225 0.025028 0.092635
1 1 0.217635 0.691976 0.018514 0.011230 0.060646
1 1 0.157323 0.721675 0.034329 0.012852 0.073821
1 1 0.105418 0.649343 0.149279 0.009594 0.086366
2 2 0.010110 0.082751 0.852279 0.006228 0.048631
2 2 0.023786 0.173290 0.731228 0.006334 0.065363
2 2 0.021324 0.148470 0.755518 0.007471 0.067218
2 2 0.006301 0.045826 0.912332 0.007229 0.028312
2 2 0.038546 0.243311 0.635984 0.007080 0.075079
2 2 0.033731 0.231996 0.658560 0.006111 0.069602
2 2 0.023358 0.143806 0.748759 0.009771 0.074306
2 2 0.064207 0.348639 0.490575 0.008663 0.087917
2 2 0.041121 0.254237 0.621166 0.007173 0.076304
2 2 0.015763 0.114679 0.805266 0.007211 0.057081
2 2 0.036073 0.254535 0.631487 0.006229 0.071676
2 2 0.031364 0.184202 0.694882 0.009652 0.079900
2 2 0.008968 0.069543 0.873341 0.006744 0.041404
2 2 0.009181 0.076416 0.865820 0.005859 0.042725
2 2 0.032920 0.201002 0.680157 0.008503 0.077418
2 2 0.071975 0.391303 0.437364 0.008957 0.090401
2 2 0.013270 0.109303 0.816532 0.005852 0.055043
2 2 0.023553 0.164641 0.737086 0.007080 0.067640
2 2 0.010311 0.058389 0.884750 0.011352 0.035199
2 2 0.027199 0.195519 0.704481 0.006138 0.066663
1 2 0.110401 0.476863 0.295532 0.012818 0.104386
1 2 0.136473 0.502654 0.259567 0.009603 0.091704
1 2 0.214806 0.568704 0.110272 0.013518 0.092700
1 2 0.372178 0.535230 0.034820 0.006268 0.051504
1 2 0.200018 0.663438 0.055602 0.009566 0.071376
2 2 0.102243 0.376420 0.402551 0.013265 0.105520
2 2 0.033803 0.193286 0.680968 0.009945 0.081999
1 2 0.102803 0.459216 0.334776 0.009640 0.093565
1 2 0.157568 0.624522 0.095986 0.018209 0.103715
1 2 0.176923 0.642519 0.056212 0.022421 0.101925
2 2 0.056539 0.307663 0.540298 0.008803 0.086696
2 2 0.015520 0.122866 0.797318 0.006117 0.058179
2 2 0.021124 0.129974 0.774183 0.009646 0.065073
2 2 0.060837 0.280845 0.549597 0.011905 0.096816
2 2 0.033123 0.193289 0.683528 0.009537 0.080524
1 2 0.093756 0.427360 0.384047 0.008007 0.086830
2 2 0.023389 0.159674 0.740439 0.007546 0.068951
1 2 0.194630 0.619546 0.094962 0.010113 0.080749
1 2 0.095677 0.517182 0.282499 0.010028 0.094613
2 2 0.042409 0.279385 0.600723 0.005886 0.071597
2 2 0.079464 0.377837 0.446713 0.008362 0.087624
1 2 0.120999 0.497637 0.270228 0.011583 0.099553
2 2 0.084141 0.349753 0.454635 0.011723 0.099747
2 2 0.059559 0.288005 0.548911 0.010656 0.092867
2 2 0.014931 0.108045 0.807119 0.007764 0.062141
2 2 0.021609 0.150155 0.753345 0.007467 0.067423
2 2 0.065550 0.349033 0.495653 0.007391 0.082372
2 2 0.073942 0.387475 0.451368 0.006759 0.080456
2 2 0.023203 0.155688 0.743297 0.007915 0.069897
2 2 0.069983 0.353366 0.482976 0.008068 0.085607
2 2 0.046876 0.262816 0.598867 0.008543 0.082898
1 2 0.142768 0.534063 0.203541 0.014327 0.105301
1 2 0.327072 0.425046 0.112917 0.014037 0.120928
2 2 0.050761 0.266199 0.585702 0.009672 0.087666
1 2 0.093025 0.415694 0.395330 0.008236 0.087715
1 2 0.102645 0.463517 0.345926 0.006775 0.081137
2 2 0.078072 0.345648 0.470196 0.010581 0.095502
1 2 0.170172 0.475146 0.239211 0.013134 0.102337
1 2 0.103731 0.487161 0.298449 0.011285 0.099374
2 2 0.075733 0.409479 0.414527 0.009065 0.091196
1 2 0.107069 0.498667 0.306592 0.006784 0.080888
2 2 0.035450 0.239826 0.647930 0.006194 0.070599
2 2 0.070496 0.349745 0.484235 0.008436 0.087087
2 2 0.028718 0.179432 0.707798 0.008601 0.075450
1 2 0.134856 0.407671 0.327636 0.016158 0.113679
1 2 0.220535 0.596010 0.075661 0.015665 0.092129
1 2 0.216753 0.637840 0.060204 0.010420 0.074784
0 2 0.637117 0.190217 0.031189 0.001695 0.139782
0 0 0.819387 0.102719 0.006013 0.000047 0.071834
0 0 0.777498 0.128736 0.009409 0.000126 0.084232
0 1 0.673888 0.242430 0.014102 0.000411 0.069169
1 1 0.272778 0.652314 0.025801 0.004685 0.044422
1 1 0.192010 0.642506 0.083971 0.008377 0.073136
1 1 0.289205 0.622861 0.030643 0.006101 0.051191
1 1 0.116930 0.645590 0.153290 0.007209 0.076982
2 1 0.075371 0.384005 0.450873 0.007206 0.082544
2 1 0.006559 0.046297 0.906953 0.008076 0.032115
2 2 0.037687 0.248600 0.635216 0.006375 0.072121
2 2 0.022437 0.167318 0.740338 0.006128 0.063779
2 2 0.005309 0.035954 0.926629 0.008153 0.023955
2 2 0.003672 0.025638 0.945791 0.007374 0.017525
1 2 0.112577 0.573180 0.225540 0.007304 0.081400
2 2 0.040708 0.245288 0.628053 0.007746 0.078205
2 2 0.021244 0.154999 0.752479 0.006641 0.064636
2 2 0.022150 0.154000 0.748913 0.007377 0.067560
2 2 0.039446 0.173728 0.668817 0.017697 0.100312
1 2 0.231746 0.654059 0.046472 0.007155 0.060568
1 2 0.421764 0.471114 0.028436 0.004537 0.074149
1 2 0.277584 0.636917 0.023182 0.008001 0.054316
1 2 0.334590 0.518239 0.048553 0.016155 0.082464
0 0 0.722612 0.180886 0.013143 0.000293 0.083067
0 0 0.824581 0.119623 0.004345 0.000028 0.051423
0 0 0.670828 0.228957 0.015705 0.000522 0.083987
1 0 0.228657 0.693153 0.017174 0.008372 0.052644
1 1 0.249422 0.606064 0.031680 0.020716 0.092118
1 1 0.293162 0.603602 0.027412 0.009835 0.065989
1 1 0.242872 0.677310 0.018725 0.008179 0.052915
1 1 0.242904 0.663884 0.022523 0.010241 0.060448
1 1 0.230016 0.654009 0.024785 0.016257 0.074933
1 1 0.136730 0.651581 0.110867 0.011713 0.089109
1 1 0.098185 0.579632 0.166903 0.025335 0.129945
1 1 0.127443 0.665071 0.094689 0.015479 0.097318
1 1 0.123642 0.610648 0.153241 0.013359 0.099111
2 1 0.039764 0.234856 0.637349 0.008301 0.079730
2 1 0.014299 0.115604 0.807599 0.005976 0.056521
2 2 0.010340 0.069229 0.875181 0.008222 0.037029
2 2 0.038510 0.241321 0.637354 0.007225 0.075590
2 2 0.004983 0.037164 0.924681 0.007126 0.026046
2 2 0.005648 0.040942 0.916634 0.007661 0.029115
2 2 0.076025 0.330134 0.483593 0.011623 0.098624
2 2 0.013791 0.097656 0.822636 0.008116 0.057801
2 2 0.024908 0.167312 0.729869 0.007643 0.070269
2 2 0.043140 0.276685 0.600530 0.006263 0.073383
1 2 0.215120 0.607481 0.089295 0.009771 0.078332
0 2 0.769778 0.129611 0.010438 0.000154 0.090019
0 0 0.896276 0.053357 0.001923 0.000004 0.048439
0 0 0.626855 0.277339 0.019184 0.000835 0.075786
1 1 0.193127 0.651057 0.036388 0.023834 0.095594
1 1 0.146380 0.643138 0.098090 0.015269 0.097122
1 1 0.138893 0.642104 0.117220 0.011751 0.090032
1 1 0.118242 0.623648 0.160089 0.009862 0.088159
2 1 0.023478 0.159740 0.740014 0.007599 0.069169
2 2 0.023804 0.173671 0.730930 0.006309 0.065287
2 2 0.032867 0.191999 0.685154 0.009550 0.080429
1 2 0.243616 0.574417 0.078872 0.014299 0.088795
1 2 0.121264 0.556703 0.237986 0.006442 0.077605
2 2 0.064929 0.344246 0.495938 0.008365 0.086521
1 2 0.205897 0.600238 0.106191 0.009103 0.078572
1 2 0.176246 0.593987 0.132067 0.010555 0.087145
2 2 0.013149 0.079013 0.846258 0.010952 0.050629
2 2 0.009917 0.072644 0.868259 0.007353 0.041828
2 2 0.017835 0.124485 0.789898 0.007654 0.060129
0 2 0.423598 0.388392 0.068168 0.007710 0.112132
1 2 0.409181 0.521819 0.015790 0.001909 0.051301
1 2 0.175627 0.689916 0.059996 0.007753 0.066708
2 2 0.020178 0.143133 0.763602 0.007291 0.065795
2 2 0.005016 0.040339 0.920250 0.006327 0.028068
2 2 0.023688 0.172356 0.732175 0.006367 0.065413
2 2 0.038076 0.232038 0.644463 0.007845 0.077577
2 2 0.005506 0.037891 0.921347 0.008275 0.026981
1 2 0.142806 0.372880 0.331214 0.023145 0.129955
2 2 0.050084 0.281544 0.578184 0.008066 0.082121
2 2 0.090600 0.380856 0.422491 0.010360 0.095693
2 2 0.063288 0.363797 0.490438 0.006089 0.076388
2 2 0.010898 0.091733 0.841708 0.005775 0.049886
2 2 0.019007 0.138210 0.771745 0.007015 0.064023
1 2 0.315914 0.480523 0.091327 0.017116 0.095120
2 2 0.065894 0.375613 0.451809 0.010537 0.096148
2 2 0.029155 0.177089 0.707229 0.009182 0.077345
2 2 0.003801 0.026822 0.943687 0.007310 0.018380
2 2 0.004544 0.030568 0.935278 0.008216 0.021394
2 2 0.008954 0.058313 0.884964 0.009342 0.038426
2 2 0.063836 0.323867 0.516251 0.008739 0.087307
2 2 0.004616 0.032972 0.931901 0.007502 0.023008
2 2 0.014056 0.110123 0.811515 0.006503 0.057804
2 2 0.024039 0.173206 0.730232 0.006486 0.066037
2 2 0.088261 0.385264 0.424295 0.009540 0.092641
1 2 0.316507 0.409685 0.122347 0.021840 0.129622
2 2 0.005348 0.038436 0.921339 0.007675 0.027202
2 2 0.012559 0.091188 0.842060 0.007238 0.046954
1 2 0.119035 0.432506 0.339348 0.010977 0.098134
2 2 0.017299 0.123128 0.787551 0.007676 0.064346
2 2 0.009801 0.073230 0.871973 0.006779 0.038217
2 2 0.014696 0.111487 0.807165 0.006940 0.059713
0 2 0.624611 0.173063 0.036397 0.002213 0.163717
0 2 0.479897 0.348560 0.051942 0.007565 0.112036
1 2 0.125424 0.532205 0.247329 0.008378 0.086664
2 2 0.007484 0.046620 0.902603 0.010137 0.033156
2 2 0.003890 0.026689 0.943371 0.007681 0.018370
2 2 0.014333 0.104561 0.818170 0.007366 0.055570
2 2 0.003513 0.023847 0.948751 0.007623 0.016266
2 2 0.005958 0.036168 0.921410 0.010264 0.026200
2 2 0.091203 0.338164 0.446077 0.014948 0.109607
1 2 0.199299 0.535737 0.165614 0.010425 0.088925
2 2 0.010210 0.068436 0.871246 0.008705 0.041403
2 2 0.045232 0.255188 0.608324 0.008615 0.082641
2 2 0.054587 0.302609 0.552755 0.007815 0.082233
1 2 0.139827 0.379470 0.333317 0.021299 0.126087
2 2 0.006483 0.050671 0.903093 0.006671 0.033082
2 2 0.003490 0.019038 0.953566 0.010708 0.013198
2 2 0.013836 0.080330 0.851689 0.010717 0.043427
2 2 0.056346 0.304071 0.547334 0.008207 0.084042
2 2 0.071620 0.359343 0.475441 0.008017 0.085580
0 2 0.484235 0.303618 0.061733 0.010111 0.140304
0 2 0.703220 0.166349 0.018608 0.000551 0.111273
1 2 0.301184 0.554990 0.035807 0.015645 0.092374
0 2 0.546310 0.271825 0.045462 0.004749 0.131653
1 2 0.150321 0.566992 0.206386 0.005438 0.070863
1 2 0.203113 0.587289 0.107529 0.012456 0.089613
0 2 0.559256 0.231583 0.030987 0.003044 0.175130
1 2 0.253931 0.665521 0.022477 0.006926 0.051145
0 2 0.668857 0.156829 0.017682 0.000699 0.155933
0 0 0.639581 0.257390 0.019747 0.000832 0.082450
1 1 0.258405 0.648419 0.023145 0.010027 0.060004
0 1 0.886732 0.050563 0.002482 0.000006 0.060217
1 1 0.464435 0.478708 0.017039 0.001230 0.038588
0 1 0.529528 0.393966 0.020126 0.001304 0.055077
1 1 0.269051 0.627298 0.041014 0.006499 0.056138
1 1 0.135283 0.644162 0.143726 0.006060 0.070770
4 1 0.205455 0.160664 0.031004 0.036069 0.566809
4 1 0.234424 0.186181 0.021192 0.019188 0.539015
4 4 0.199003 0.034668 0.014485 0.004723 0.747122
4 4 0.239586 0.199388 0.020162 0.017967 0.522897
4 4 0.324619 0.057915 0.018212 0.003293 0.595962
4 4 0.356775 0.090125 0.020360 0.004268 0.528471
4 4 0.262327 0.035378 0.015480 0.002892 0.683923
1 4 0.221739 0.415367 0.043461 0.055686 0.263747
0 4 0.572560 0.134988 0.025411 0.001936 0.265104
4 4 0.193444 0.034264 0.013560 0.004576 0.754155
4 4 0.282672 0.061052 0.037187 0.011067 0.608023
4 4 0.356045 0.011940 0.007884 0.000249 0.623882
0 4 0.515505 0.201322 0.026215 0.003382 0.253576
4 4 0.397984 0.012549 0.006487 0.000157 0.582822
4 4 0.369724 0.059487 0.031736 0.004836 0.534216
4 4 0.396480 0.013765 0.005628 0.000144 0.583983
4 4 0.368530 0.173408 0.031020 0.010093 0.416950
1 4 0.257712 0.360722 0.034301 0.034575 0.312690
4 4 0.255424 0.083793 0.019418 0.008159 0.633205
0 4 0.545422 0.233556 0.029007 0.003138 0.188877
4 4 0.209015 0.117627 0.020030 0.016811 0.636517
4 4 0.250168 0.170466 0.024150 0.018402 0.536815
4 4 0.201852 0.253664 0.032729 0.051023 0.460733
1 4 0.184905 0.468110 0.028783 0.057200 0.261001
0 4 0.435087 0.115260 0.014988 0.002136 0.432529
1 4 0.178739 0.494418 0.026942 0.055990 0.243911
1 4 0.176681 0.584592 0.020838 0.038178 0.179711
4 4 0.289557 0.043048 0.013734 0.002369 0.651293
4 4 0.179144 0.137495 0.026679 0.036214 0.620468
4 4 0.328290 0.053430 0.017640 0.002891 0.597748
4 4 0.317777 0.269652 0.023367 0.012843 0.376361
0 4 0.592503 0.036036 0.006874 0.000141 0.364446
4 4 0.302767 0.247986 0.020091 0.011723 0.417434
1 4 0.286202 0.478214 0.020971 0.014047 0.200566
1 4 0.248059 0.482986 0.019847 0.019258 0.229849
1 4 0.159588 0.629155 0.038708 0.037124 0.135425
1 4 0.169054 0.633277 0.024431 0.042559 0.130679
1 4 0.163130 0.608334 0.023978 0.049042 0.155516
1 4 0.175159 0.504387 0.024797 0.053170 0.242488
0 4 0.582907 0.149235 0.013395 0.000892 0.253571
0 0 0.773577 0.111366 0.011093 0.000161 0.103803
1 0 0.169364 0.734459 0.014691 0.015271 0.066214
1 1 0.132698 0.705263 0.055200 0.016517 0.090322
1 1 0.146214 0.675458 0.059923 0.019783 0.098622
1 1 0.100629 0.669755 0.110369 0.016500 0.102747
1 1 0.123251 0.696883 0.038096 0.031969 0.109801
1 1 0.114144 0.665129 0.069192 0.030506 0.121030
1 1 0.079981 0.554923 0.215294 0.022318 0.127484
1 1 0.072027 0.574003 0.199757 0.024040 0.130172
1 1 0.071671 0.533423 0.164627 0.046266 0.184012
1 1 0.066972 0.551339 0.217772 0.026825 0.137093
1 1 0.288265 0.456539 0.091939 0.022917 0.140340
1 1 0.117817 0.556598 0.062674 0.050294 0.212617
1 1 0.100866 0.623984 0.088674 0.039737 0.146739
1 1 0.116448 0.607714 0.055045 0.041463 0.179330
0 0 0.613822 0.217730 0.033753 0.002171 0.132524
1 1 0.327473 0.552142 0.050050 0.007992 0.062343
1 1 0.121348 0.698563 0.101272 0.007157 0.071660
1 1 0.162039 0.710177 0.046312 0.010214 0.071258
1 1 0.094792 0.637088 0.185249 0.006588 0.076283
2 2 0.040341 0.327741 0.536555 0.008731 0.086633
1 2 0.080153 0.561266 0.261086 0.008683 0.088811
2 2 0.016000 0.129984 0.791140 0.005666 0.057210
2 2 0.022623 0.166601 0.739963 0.006306 0.064508
2 2 0.003080 0.025956 0.948507 0.005263 0.017195
2 2 0.008005 0.068461 0.881983 0.005368 0.036183
2 2 0.017125 0.144427 0.777477 0.005017 0.055953
2 2 0.062513 0.282586 0.544187 0.012333 0.098382
2 2 0.018563 0.152306 0.766148 0.005207 0.057776
2 2 0.002484 0.021388 0.957439 0.004833 0.013856
2 2 0.011996 0.091137 0.835918 0.007152 0.053796
2 2 0.002924 0.024063 0.951724 0.005397 0.015891
2 2 0.003832 0.032270 0.936513 0.005545 0.021839
2 2 0.001696 0.013846 0.971006 0.004767 0.008685
2 2 0.002336 0.019543 0.960531 0.004977 0.012614
2 2 0.002920 0.023604 0.952325 0.005546 0.015606
2 2 0.002130 0.015289 0.966508 0.006174 0.009898
2 2 0.002117 0.015496 0.966394 0.005981 0.010011
2 2 0.003122 0.023811 0.950974 0.006177 0.015915
2 2 0.002138 0.014642 0.967052 0.006650 0.009518
2 2 0.005607 0.022018 0.935979 0.020004 0.016392
2 2 0.002727 0.022240 0.955054 0.005381 0.014598
2 2 0.003117 0.021716 0.953440 0.007114 0.014613
2 2 0.005015 0.036145 0.925894 0.007534 0.025412
2 2 0.003357 0.024508 0.948855 0.006729 0.016551
2 2 0.003410 0.022912 0.950393 0.007690 0.015595
2 2 0.003002 0.014715 0.959968 0.012175 0.010140
2 2 0.005120 0.022899 0.939254 0.015999 0.016728
2 2 0.002711 0.008791 0.959901 0.022398 0.006199
2 2 0.002634 0.012547 0.963955 0.012307 0.008558
2 2 0.004742 0.009371 0.924009 0.054618 0.007261
2 2 0.002820 0.010331 0.960837 0.018770 0.007242
2 3 0.004249 0.012747 0.945279 0.028284 0.009441
2 3 0.009506 0.009422 0.799716 0.173026 0.008329
2 3 0.007643 0.013484 0.895252 0.072574 0.011047
2 3 0.003776 0.008894 0.941043 0.039643 0.006644
2 3 0.006252 0.009214 0.886968 0.090041 0.007524
2 3 0.011172 0.009279 0.745186 0.225866 0.008497
2 3 0.004951 0.011821 0.932613 0.041564 0.009051
2 3 0.011409 0.011605 0.792808 0.173758 0.010420
2 3 0.017965 0.017867 0.751202 0.196125 0.016840
2 3 0.013462 0.009041 0.664862 0.303980 0.008656
2 3 0.005490 0.008733 0.900719 0.078065 0.006993
2 3 0.009242 0.008668 0.789203 0.185203 0.007685
2 3 0.007029 0.010189 0.879516 0.094840 0.008427
2 3 0.014327 0.009251 0.645707 0.321756 0.008959
2 3 0.016413 0.010166 0.497938 0.464767 0.010716
2 3 0.010625 0.009553 0.769494 0.201700 0.008629
2 3 0.020711 0.011738 0.561680 0.393835 0.012036
2 3 0.013763 0.009907 0.685872 0.281032 0.009426
2 3 0.016244 0.010091 0.620280 0.343430 0.009954
2 3 0.016056 0.009564 0.514364 0.450063 0.009953
2 3 0.019891 0.010900 0.552592 0.405435 0.011182
3 3 0.011314 0.010366 0.330634 0.635575 0.012111
2 3 0.018078 0.010946 0.508981 0.450481 0.011514
3 3 0.009780 0.008607 0.343087 0.628663 0.009861
3 3 0.014327 0.009613 0.461476 0.504269 0.010314
2 3 0.018011 0.011577 0.483340 0.474675 0.012397
3 3 0.016482 0.011981 0.429836 0.528439 0.013262
2 3 0.016599 0.009254 0.543154 0.421534 0.009458
2 3 0.018930 0.012311 0.478935 0.476562 0.013262
2 3 0.015905 0.008458 0.562635 0.404496 0.008506
3 3 0.011947 0.010657 0.341792 0.623226 0.012378
2 3 0.014982 0.009459 0.488303 0.477273 0.009984
3 3 0.010458 0.008969 0.354441 0.615906 0.010226
3 3 0.008406 0.011069 0.206519 0.759680 0.014325
3 3 0.009130 0.010395 0.251064 0.716526 0.012885
3 3 0.012375 0.012950 0.284058 0.674770 0.015848
3 3 0.007936 0.009455 0.234601 0.736194 0.011814
2 3 0.014690 0.008308 0.535201 0.433324 0.008476
3 3 0.012235 0.009016 0.419001 0.549870 0.009879
3 3 0.006589 0.010813 0.149456 0.818270 0.014872
3 3 0.006344 0.009850 0.161156 0.809371 0.013279
3 3 0.008463 0.010573 0.221557 0.745951 0.013456
3 3 0.008524 0.009848 0.245288 0.724114 0.012225
3 3 0.009888 0.009510 0.310137 0.659256 0.011210
3 3 0.010526 0.011400 0.269773 0.694302 0.013999
3 3 0.007178 0.010725 0.171743 0.795996 0.014358
3 3 0.008238 0.009734 0.237745 0.732131 0.012152
3 3 0.009437 0.009537 0.291538 0.678091 0.011397
3 3 0.012665 0.011445 0.337837 0.624667 0.013386
3 3 0.009260 0.012155 0.208792 0.754007 0.015786
3 3 0.007520 0.010194 0.196989 0.772049 0.013248
3 3 0.006832 0.011180 0.150498 0.816102 0.015387
3 3 0.013018 0.010962 0.365830 0.597634 0.012556
3 3 0.008971 0.010970 0.228777 0.737379 0.013903
3 3 0.008518 0.010043 0.238964 0.729928 0.012548
3 3 0.012202 0.009614 0.391353 0.576078 0.010753
3 3 0.009073 0.012192 0.202043 0.760753 0.015939
3 3 0.006349 0.009789 0.162749 0.807945 0.013167
3 3 0.007568 0.010248 0.197374 0.771492 0.013318
3 3 0.011679 0.013615 0.247444 0.710062 0.017201
3 3 0.008142 0.008638 0.272071 0.700739 0.010411
3 3 0.013137 0.010078 0.403684 0.561882 0.011219
3 3 0.010270 0.010782 0.279889 0.685966 0.013093
3 3 0.012010 0.009588 0.385691 0.581951 0.010760
3 3 0.008593 0.009311 0.266066 0.704704 0.011326
3 3 0.007061 0.011023 0.161299 0.805656 0.014961
2 3 0.027223 0.016673 0.506927 0.431219 0.017958
2 3 0.037262 0.095613 0.748897 0.048545 0.069683
2 3 0.004593 0.020856 0.944270 0.015224 0.015058
2 3 0.042725 0.168042 0.678294 0.020772 0.090167
2 2 0.009465 0.040364 0.898961 0.019764 0.031446
2 2 0.004097 0.012360 0.946637 0.027786 0.009119
2 2 0.003204 0.018938 0.955663 0.009254 0.012941
2 2 0.013617 0.076905 0.845703 0.012383 0.051392
2 2 0.014824 0.064499 0.865019 0.017760 0.037898
2 2 0.003534 0.019320 0.953038 0.010702 0.013407
2 2 0.004062 0.021673 0.947496 0.011499 0.015271
2 2 0.003291 0.017351 0.956243 0.011124 0.011992
2 2 0.011384 0.085360 0.851189 0.006899 0.045168
2 2 0.003586 0.021347 0.950921 0.009409 0.014737
2 2 0.005669 0.040254 0.917474 0.007923 0.028680
2 2 0.030184 0.233436 0.607240 0.018665 0.110475
4 2 0.064384 0.348099 0.150027 0.057609 0.379881
1 2 0.062566 0.484518 0.209059 0.039571 0.204285
1 2 0.069841 0.509357 0.184786 0.039894 0.196121
1 2 0.075881 0.397212 0.130534 0.047436 0.348937
1 1 0.173756 0.618878 0.045335 0.039478 0.122553
4 1 0.113981 0.260974 0.068696 0.057777 0.498572
4 1 0.124246 0.320825 0.052146 0.064548 0.438235
4 4 0.154470 0.165533 0.022661 0.045633 0.611703
0 4 0.317331 0.312734 0.034640 0.020882 0.314412
1 4 0.086489 0.441011 0.131372 0.055216 0.285912
4 4 0.158369 0.360156 0.037499 0.070429 0.373546
4 4 0.108152 0.297091 0.078227 0.063519 0.453011
4 4 0.174342 0.149370 0.025860 0.039027 0.611400
1 4 0.143383 0.494397 0.242278 0.013989 0.105953
4 4 0.184827 0.236394 0.030114 0.053929 0.494736
4 4 0.212915 0.080357 0.023111 0.014380 0.669237
4 4 0.142383 0.166161 0.034190 0.057891 0.599375
4 4 0.108707 0.345412 0.082863 0.058998 0.404020
0 4 0.684421 0.148564 0.024144 0.000875 0.141997
4 4 0.189303 0.343700 0.067268 0.047315 0.352414
1 4 0.145202 0.537879 0.078497 0.046655 0.191768
1 4 0.112105 0.597048 0.117854 0.034207 0.138786
1 4 0.213583 0.361226 0.030017 0.045585 0.349588
0 4 0.697329 0.187423 0.017339 0.000515 0.097394
1 4 0.264968 0.624933 0.027827 0.012991 0.069281
1 4 0.296059 0.601250 0.032555 0.009079 0.061056
1 4 0.259898 0.572347 0.062006 0.016388 0.089361
1 4 0.314946 0.562939 0.037568 0.012745 0.071802
1 4 0.219348 0.659075 0.038914 0.011422 0.071240
1 4 0.162638 0.666787 0.057645 0.018314 0.094616
1 4 0.271530 0.617515 0.028836 0.012830 0.069290
1 0 0.384974 0.520232 0.018546 0.003413 0.072834
1 1 0.266434 0.585824 0.028259 0.016731 0.102752
0 4 0.779102 0.072064 0.011250 0.000136 0.137448
0 4 0.440498 0.360082 0.037531 0.008125 0.153764
1 4 0.268325 0.595752 0.037875 0.016594 0.081454
1 4 0.119194 0.652979 0.073908 0.030877 0.123042
1 4 0.242274 0.621654 0.027363 0.018380 0.090329
0 0 0.457409 0.455367 0.027596 0.002961 0.056667
1 1 0.131351 0.695366 0.071610 0.013710 0.087964
1 1 0.127657 0.661681 0.095328 0.016165 0.099169
1 1 0.134484 0.645536 0.110798 0.013816 0.095365
0 1 0.658451 0.213642 0.022495 0.000941 0.104471
1 1 0.399116 0.441428 0.058903 0.010307 0.090245
0 4 0.482455 0.413620 0.031340 0.003356 0.069229
1 4 0.153991 0.639313 0.129497 0.006364 0.070835
1 4 0.120688 0.558459 0.243788 0.005301 0.071765
1 4 0.101002 0.487896 0.319797 0.007378 0.083926
0 4 0.492738 0.354156 0.038086 0.005101 0.109919
0 4 0.648645 0.265989 0.015797 0.000551 0.069018
1 4 0.190535 0.639438 0.096608 0.006390 0.067028
1 4 0.281218 0.548890 0.078299 0.010651 0.080942
1 4 0.448722 0.472893 0.025097 0.002591 0.050697
1 4 0.139752 0.527119 0.236611 0.008784 0.087734
1 4 0.385271 0.507924 0.039362 0.007346 0.060097
1 4 0.211266 0.635904 0.076798 0.007528 0.068504
1 4 0.194378 0.625497 0.087366 0.010847 0.081912
1 4 0.117059 0.536113 0.262694 0.006337 0.077796
1 4 0.135205 0.616062 0.175931 0.005079 0.067722
1 4 0.227600 0.630138 0.071059 0.006792 0.064411
0 4 0.603644 0.284250 0.024268 0.001358 0.086480
1 4 0.397026 0.508539 0.032205 0.005199 0.057030
1 4 0.190069 0.654893 0.085434 0.005950 0.063653
1 4 0.116277 0.538527 0.256622 0.007117 0.081458
1 4 0.188239 0.582980 0.132678 0.010240 0.085863
1 4 0.208745 0.609911 0.094173 0.009360 0.077811
1 4 0.146004 0.621032 0.159473 0.005352 0.068139
1 4 0.182455 0.606333 0.115230 0.010617 0.085365
0 4 0.574878 0.301598 0.029228 0.002078 0.092218
1 4 0.400532 0.516213 0.026718 0.003865 0.052672
1 4 0.202053 0.661338 0.067676 0.006374 0.062558
1 4 0.221551 0.648919 0.058179 0.007310 0.064042
1 4 0.346868 0.424978 0.099826 0.011837 0.116490
0 4 0.525767 0.349532 0.033910 0.003243 0.087549
1 4 0.415014 0.471030 0.039792 0.006615 0.067549
1 4 0.124924 0.639562 0.154003 0.006726 0.074786
1 4 0.422157 0.456236 0.040809 0.006883 0.073915
1 4 0.157306 0.594942 0.145904 0.011112 0.090736
1 4 0.108676 0.607434 0.195350 0.007511 0.081029
1 1 0.247465 0.565352 0.088516 0.012634 0.086033
1 1 0.112649 0.583256 0.193401 0.012159 0.098536
1 1 0.144000 0.646902 0.084902 0.019526 0.104670
1 1 0.101273 0.527810 0.261731 0.011117 0.098068
2 2 0.057638 0.303813 0.542094 0.009023 0.087433
2 2 0.002693 0.018330 0.959677 0.007115 0.012185
2 2 0.006095 0.040494 0.917323 0.008664 0.027424
2 2 0.018082 0.120402 0.792028 0.008470 0.061018
2 2 0.003473 0.024864 0.947794 0.006997 0.016872
2 2 0.012387 0.085082 0.844108 0.008426 0.049997
2 2 0.015674 0.122401 0.796709 0.006308 0.058907
2 2 0.012520 0.084701 0.841608 0.008851 0.052319
2 2 0.015595 0.104084 0.810682 0.008949 0.060690
1 2 0.223465 0.469010 0.178876 0.017988 0.110662
0 0 0.534486 0.339377 0.033507 0.003070 0.089560
1 1 0.213692 0.641940 0.076952 0.005834 0.061582
2 2 0.051828 0.346350 0.528857 0.004755 0.068211
1 2 0.143600 0.564265 0.202481 0.007738 0.081916
0 0 0.875344 0.049291 0.003134 0.000010 0.072222
0 0 0.846826 0.069990 0.004787 0.000025 0.078372
1 0 0.314151 0.592631 0.028917 0.008031 0.056270
1 1 0.209818 0.702797 0.026859 0.006908 0.053619
1 1 0.211903 0.657147 0.054682 0.008552 0.067716
1 1 0.187867 0.665481 0.074270 0.006793 0.065590
0 1 0.451456 0.402487 0.047339 0.007654 0.091064
1 1 0.314079 0.519028 0.076777 0.011460 0.078655
1 1 0.199841 0.630899 0.080634 0.010155 0.078471
1 1 0.186951 0.667930 0.055013 0.011904 0.078202
1 1 0.251379 0.500043 0.136252 0.014684 0.097642
1 1 0.196931 0.580563 0.122608 0.011419 0.088479
1 1 0.143187 0.668510 0.103484 0.008341 0.076478
1 1 0.140011 0.639169 0.136453 0.007542 0.076826
1 1 0.085770 0.500061 0.321167 0.007648 0.085354
1 1 0.119107 0.592683 0.196577 0.008097 0.083538
1 1 0.144742 0.607368 0.134219 0.014249 0.099421
1 1 0.201529 0.606276 0.094989 0.011681 0.085526
1 1 0.141136 0.609381 0.160182 0.008133 0.081168
1 1 0.108984 0.563273 0.234444 0.008080 0.085219
1 1 0.078935 0.477954 0.358624 0.006158 0.078329
2 1 0.024190 0.171117 0.730800 0.006782 0.067110
2 1 0.045873 0.304940 0.573542 0.005392 0.070254
2 2 0.019906 0.138121 0.767334 0.007753 0.066886
2 2 0.023346 0.159659 0.741588 0.007473 0.067935
2 2 0.005960 0.047825 0.909469 0.006247 0.030499
2 2 0.006862 0.046356 0.906988 0.008579 0.031215
2 2 0.006317 0.044692 0.908641 0.008152 0.032199
2 2 0.039829 0.234336 0.637449 0.008378 0.080007
2 2 0.013172 0.093201 0.835907 0.007728 0.049992
2 2 0.021373 0.154804 0.752004 0.006749 0.065070
2 2 0.095744 0.325490 0.442693 0.018155 0.117917
2 2 0.025870 0.170867 0.723938 0.007842 0.071483
2 2 0.011531 0.085270 0.848415 0.007244 0.047540
2 2 0.043420 0.258959 0.611343 0.007620 0.078658
2 2 0.077084 0.357495 0.464921 0.009349 0.091151
2 2 0.068434 0.345865 0.491365 0.008240 0.086096
1 2 0.216582 0.575875 0.121818 0.008368 0.077356
2 2 0.043349 0.274610 0.601343 0.006459 0.074239
2 2 0.019154 0.147090 0.766401 0.006088 0.061266
2 2 0.017223 0.125013 0.795871 0.006857 0.055035
2 2 0.053893 0.244987 0.587987 0.013619 0.099514
1 2 0.154312 0.527968 0.227576 0.007684 0.082460
1 2 0.157932 0.497802 0.241950 0.010030 0.092285
2 2 0.060093 0.294139 0.543910 0.010223 0.091635
1 2 0.148164 0.446043 0.286032 0.013746 0.106016
2 2 0.024703 0.156152 0.736319 0.008962 0.073864
2 2 0.053987 0.291574 0.561391 0.008491 0.084557
1 2 0.220112 0.448115 0.191993 0.021070 0.118710
1 2 0.281316 0.471020 0.122316 0.019353 0.105995
1 2 0.226177 0.411503 0.200826 0.028832 0.132663
2 2 0.061978 0.319731 0.523350 0.008565 0.086377
2 2 0.025593 0.182994 0.718234 0.006420 0.066759
2 2 0.050657 0.259375 0.589951 0.010340 0.089678
2 2 0.021295 0.150202 0.754780 0.007232 0.066492
2 2 0.008212 0.056442 0.890865 0.008360 0.036120
2 2 0.018099 0.120362 0.792391 0.008468 0.060681
2 2 0.066881 0.268352 0.539660 0.016145 0.108962
1 2 0.156508 0.503849 0.240088 0.009457 0.090098
2 2 0.034807 0.201977 0.672765 0.009419 0.081031
2 2 0.041667 0.249986 0.622205 0.007715 0.078427
2 2 0.020852 0.119158 0.783625 0.011353 0.065012
2 2 0.021997 0.143298 0.754760 0.008728 0.071219
2 2 0.039127 0.250250 0.629748 0.006764 0.074112
1 2 0.107868 0.444685 0.350090 0.008505 0.088853
1 2 0.119784 0.456769 0.322825 0.009205 0.091416
2 2 0.038769 0.220889 0.648660 0.009282 0.082400
2 2 0.027273 0.178636 0.714027 0.007811 0.072254
2 2 0.049073 0.280407 0.581670 0.007831 0.081018
2 2 0.021064 0.121671 0.783421 0.010885 0.062959
2 2 0.006996 0.048454 0.904220 0.008213 0.032117
2 2 0.027110 0.166024 0.721129 0.009311 0.076426
2 2 0.004749 0.031860 0.932656 0.008335 0.022400
2 2 0.025674 0.148045 0.745038 0.010527 0.070716
2 2 0.010414 0.072911 0.868548 0.007793 0.040333
2 2 0.013364 0.081115 0.843146 0.010757 0.051617
2 2 0.005775 0.033806 0.925147 0.010793 0.024479
2 2 0.005972 0.032560 0.925524 0.012163 0.023782
2 2 0.014882 0.093644 0.835020 0.009171 0.047282
2 2 0.008519 0.057589 0.892329 0.008210 0.033353
2 2 0.005623 0.035822 0.923457 0.009391 0.025707
2 2 0.013988 0.074290 0.853070 0.013139 0.045512
2 2 0.021025 0.135939 0.767650 0.008785 0.066600
2 2 0.004030 0.026428 0.942913 0.008314 0.018315
2 2 0.011408 0.076937 0.858589 0.008542 0.044524
2 2 0.017243 0.119042 0.794980 0.007988 0.060747
2 2 0.012940 0.079780 0.848653 0.010222 0.048404
2 2 0.005934 0.037003 0.920496 0.009827 0.026740
2 2 0.023926 0.126988 0.771947 0.012475 0.064664
2 2 0.005701 0.026374 0.932943 0.015565 0.019418
0 0 0.627997 0.204334 0.031763 0.001838 0.134067
0 0 0.716804 0.199671 0.011780 0.000252 0.071493
1 1 0.195202 0.617197 0.118843 0.005188 0.063570
1 1 0.087607 0.466725 0.363715 0.005769 0.076185
1 1 0.156153 0.469816 0.261058 0.012284 0.100689
1 1 0.115426 0.539336 0.270664 0.004833 0.069741
1 1 0.138995 0.619036 0.164457 0.005942 0.071569
2 1 0.083343 0.381398 0.436538 0.008869 0.089852
1 1 0.101490 0.496791 0.095423 0.053053 0.253244
4 1 0.228327 0.284472 0.029349 0.036468 0.421383
4 4 0.257468 0.053545 0.016715 0.004671 0.667601
4 4 0.192860 0.347269 0.032418 0.060942 0.366511
4 4 0.229102 0.299986 0.033021 0.041933 0.395959
1 4 0.206046 0.528071 0.031476 0.045287 0.189120
1 4 0.236463 0.397871 0.038972 0.047686 0.279007
1 4 0.127358 0.410557 0.059091 0.056892 0.346101
4 4 0.218783 0.030197 0.015228 0.003659 0.732132
0 4 0.574845 0.102490 0.031821 0.002126 0.288718
0 4 0.415297 0.406013 0.037246 0.008932 0.132511
4 4 0.185044 0.344056 0.031950 0.058867 0.380082
1 4 0.143333 0.516917 0.038073 0.054134 0.247543
1 4 0.170923 0.435231 0.035705 0.052407 0.305733
4 4 0.174615 0.241024 0.035300 0.058584 0.490477
4 4 0.366752 0.061918 0.021011 0.003103 0.547215
4 4 0.315923 0.145515 0.025359 0.010390 0.502812
4 4 0.282807 0.029964 0.013769 0.001846 0.671615
4 4 0.251245 0.035708 0.010942 0.002092 0.700012
4 4 0.419956 0.042665 0.016608 0.001238 0.519533
4 4 0.204864 0.070753 0.018510 0.010794 0.695078
1 4 0.171580 0.499930 0.034374 0.054366 0.239750
4 4 0.305196 0.106386 0.025189 0.008981 0.554247
0 4 0.471435 0.132564 0.016314 0.002080 0.377607
4 4 0.427678 0.023984 0.009514 0.000369 0.538454
4 4 0.243135 0.017699 0.009264 0.001003 0.728900
