0 0 0.348542 0.138950 0.128102 0.159513 0.224893
0 0 0.356864 0.114217 0.120519 0.189552 0.218848
0 0 0.358168 0.114234 0.116678 0.183684 0.227236
0 0 0.360374 0.113985 0.107746 0.170007 0.247888
0 0 0.361320 0.113219 0.098105 0.155188 0.272168
0 0 0.361321 0.113070 0.096776 0.153142 0.275690
0 0 0.358739 0.114215 0.114767 0.180763 0.231516
0 0 0.361132 0.112565 0.092868 0.147115 0.286319
0 0 0.360548 0.113929 0.106729 0.168447 0.250348
0 0 0.360945 0.112302 0.091090 0.144370 0.291292
0 0 0.361297 0.113324 0.099102 0.156724 0.269552
0 0 0.360886 0.113777 0.104358 0.164805 0.256173
0 0 0.360774 0.113836 0.105223 0.166135 0.254033
0 0 0.358964 0.114202 0.113965 0.179536 0.233334
0 0 0.361218 0.113488 0.100791 0.159323 0.265180
0 0 0.360550 0.113928 0.106715 0.168425 0.250382
0 0 0.357173 0.114227 0.119662 0.188244 0.220694
0 0 0.355291 0.114125 0.124531 0.195671 0.210382
0 0 0.357563 0.114235 0.118536 0.186525 0.223141
0 0 0.357993 0.114236 0.117231 0.184531 0.226009
0 0 0.360076 0.114058 0.109305 0.172398 0.244161
0 0 0.355487 0.114139 0.124061 0.194954 0.211360
0 0 0.358809 0.114212 0.114523 0.180389 0.232068
0 0 0.357568 0.114235 0.118521 0.186502 0.223174
0 0 0.356010 0.114175 0.122765 0.192979 0.214072
0 0 0.356706 0.114211 0.120950 0.190210 0.217923
0 0 0.359736 0.114120 0.110884 0.174819 0.240441
0 0 0.355198 0.114117 0.124754 0.196010 0.209921
0 0 0.358817 0.114211 0.114492 0.180342 0.232138
0 0 0.355262 0.114122 0.124601 0.195778 0.210237
0 0 0.352288 0.113818 0.131075 0.205629 0.197191
0 0 0.357107 0.114225 0.119848 0.188528 0.220293
0 0 0.354998 0.114101 0.125225 0.196728 0.208948
0 0 0.357965 0.114236 0.117317 0.184662 0.225819
0 0 0.350704 0.113610 0.134141 0.210287 0.191257
0 0 0.357309 0.114230 0.119273 0.187650 0.221536
0 0 0.360946 0.113741 0.103858 0.164038 0.257416
0 0 0.356022 0.114175 0.122735 0.192933 0.214135
0 0 0.359242 0.114180 0.112916 0.177930 0.235731
0 0 0.359569 0.114143 0.111599 0.175914 0.238774
0 0 0.359765 0.114115 0.110758 0.174625 0.240736
0 0 0.356885 0.114218 0.120461 0.189464 0.218971
0 0 0.358994 0.114200 0.113854 0.179366 0.233586
0 0 0.358536 0.114224 0.115469 0.181836 0.229935
0 0 0.354566 0.114063 0.126222 0.198247 0.206902
0 0 0.356517 0.114202 0.121453 0.190978 0.216850
0 0 0.358398 0.114229 0.115928 0.182538 0.228907
0 0 0.357306 0.114230 0.119283 0.187665 0.221515
0 0 0.360575 0.113919 0.106558 0.168184 0.250764
0 0 0.358136 0.114234 0.116781 0.183843 0.227006
0 0 0.357457 0.114233 0.118846 0.186998 0.222465
0 0 0.355839 0.114164 0.123195 0.193634 0.213169
0 0 0.359697 0.114126 0.111057 0.175083 0.240038
0 0 0.357773 0.114236 0.117907 0.185564 0.224520
0 0 0.359219 0.114182 0.113006 0.178068 0.235525
0 0 0.358129 0.114235 0.116802 0.183875 0.226960
0 0 0.356745 0.114212 0.120843 0.190047 0.218152
0 0 0.357334 0.114231 0.119203 0.187542 0.221690
0 0 0.358513 0.114225 0.115544 0.181952 0.229765
0 0 0.357109 0.114225 0.119840 0.188516 0.220309
0 0 0.359143 0.114188 0.113299 0.178516 0.234854
0 0 0.359677 0.114129 0.111143 0.175214 0.239838
0 0 0.361170 0.113550 0.101486 0.160392 0.263402
0 0 0.361315 0.113020 0.096351 0.152485 0.276829
0 0 0.360808 0.113820 0.104971 0.165748 0.254653
0 0 0.360412 0.113973 0.107531 0.169678 0.248406
0 0 0.360327 0.113998 0.108006 0.170406 0.247263
0 0 0.354176 0.114027 0.127098 0.199580 0.205119
0 0 0.354864 0.114090 0.125537 0.197203 0.208306
0 0 0.358583 0.114222 0.115308 0.181591 0.230295
0 0 0.350026 0.137292 0.123942 0.156636 0.232104
0 0 0.359894 0.114094 0.110174 0.173730 0.242108
0 0 0.359012 0.114199 0.113786 0.179262 0.233741
0 0 0.356978 0.114221 0.120206 0.189074 0.219521
0 0 0.360529 0.113936 0.106845 0.168625 0.250066
0 0 0.359360 0.114168 0.112456 0.177226 0.236790
0 0 0.360749 0.113848 0.105402 0.166410 0.253592
0 0 0.359286 0.114175 0.112747 0.177672 0.236119
0 0 0.354190 0.114028 0.127067 0.199532 0.205183
0 0 0.356224 0.114187 0.122219 0.192145 0.215225
0 0 0.360891 0.113775 0.104323 0.164752 0.256260
0 0 0.361125 0.113600 0.102065 0.161282 0.261929
0 0 0.360694 0.113872 0.105780 0.166990 0.252664
0 0 0.360265 0.114014 0.108341 0.170919 0.246461
0 0 0.360215 0.114027 0.108606 0.171326 0.245827
0 0 0.356852 0.114217 0.120553 0.189604 0.218775
0 0 0.359693 0.114126 0.111074 0.175109 0.239997
0 0 0.360660 0.113887 0.106013 0.167348 0.252093
0 0 0.358164 0.114234 0.116691 0.183705 0.227206
0 0 0.360273 0.114012 0.108297 0.170852 0.246566
0 0 0.359591 0.114141 0.111509 0.175776 0.238983
0 0 0.358322 0.114231 0.116179 0.182922 0.228346
0 0 0.358593 0.114222 0.115273 0.181537 0.230374
0 0 0.359531 0.114148 0.111762 0.176163 0.238396
0 0 0.356920 0.114219 0.120366 0.189319 0.219175
0 0 0.358156 0.114234 0.116716 0.183743 0.227151
0 0 0.361225 0.113477 0.100675 0.159145 0.265478
0 0 0.361246 0.113442 0.100296 0.158561 0.266455
0 0 0.359678 0.114129 0.111139 0.175208 0.239846
0 0 0.360812 0.113817 0.104937 0.165696 0.254738
0 0 0.360583 0.113916 0.106510 0.168111 0.250879
0 0 0.359846 0.114102 0.110392 0.174064 0.241596
0 0 0.357883 0.114236 0.117570 0.185048 0.225262
0 0 0.354060 0.114015 0.127355 0.199971 0.204599
0 0 0.358553 0.114224 0.115409 0.181745 0.230070
0 0 0.360551 0.113928 0.106705 0.168409 0.250407
0 0 0.356731 0.114212 0.120883 0.190107 0.218068
0 0 0.356669 0.114209 0.121048 0.190360 0.217714
0 0 0.355547 0.114144 0.123913 0.194729 0.211667
0 0 0.352100 0.113794 0.131450 0.206199 0.196456
0 0 0.359279 0.114176 0.112772 0.177710 0.236062
0 0 0.357816 0.114237 0.117777 0.185365 0.224806
0 0 0.360322 0.113999 0.108034 0.170449 0.247195
0 0 0.359964 0.114081 0.109847 0.173229 0.242879
0 0 0.357794 0.114236 0.117845 0.185468 0.224657
0 0 0.355975 0.114172 0.122853 0.193113 0.213887
0 0 0.360348 0.113992 0.107889 0.170227 0.247544
0 0 0.354069 0.114016 0.127334 0.199939 0.204641
0 0 0.357473 0.114234 0.118798 0.186925 0.222570
0 0 0.358599 0.114222 0.115252 0.181504 0.230423
0 0 0.356549 0.114204 0.121368 0.190847 0.217032
0 0 0.353345 0.113941 0.128899 0.202321 0.201494
0 0 0.358622 0.114221 0.115175 0.181386 0.230596
0 0 0.360865 0.113789 0.104527 0.165066 0.255752
0 0 0.359521 0.114150 0.111803 0.176227 0.238300
0 0 0.359429 0.114160 0.112179 0.176802 0.237429
0 0 0.353713 0.113980 0.128111 0.201123 0.203073
0 0 0.348512 0.138615 0.128633 0.160638 0.223602
0 0 0.360821 0.113813 0.104867 0.165588 0.254910
0 0 0.338589 0.162420 0.135171 0.138374 0.225446
0 0 0.359913 0.114090 0.110083 0.173591 0.242321
0 0 0.355549 0.114144 0.123908 0.194721 0.211678
0 0 0.355466 0.114138 0.124111 0.195030 0.211255
0 0 0.359891 0.114094 0.110188 0.173752 0.242075
0 0 0.360844 0.113801 0.104693 0.165321 0.255341
0 0 0.345064 0.149606 0.126674 0.143881 0.234775
0 0 0.354652 0.114071 0.126025 0.197947 0.207304
0 0 0.355603 0.114148 0.123777 0.194522 0.211951
0 0 0.357363 0.114232 0.119118 0.187414 0.221873
0 0 0.360334 0.113996 0.107969 0.170349 0.247353
0 0 0.335267 0.167691 0.141305 0.138786 0.216951
0 0 0.350817 0.120979 0.133003 0.194576 0.200625
0 0 0.360456 0.113960 0.107278 0.169288 0.249018
0 0 0.358703 0.114217 0.114893 0.180956 0.231230
0 0 0.356259 0.114189 0.122129 0.192008 0.215415
0 0 0.352387 0.113830 0.130876 0.205326 0.197581
0 0 0.330121 0.174947 0.150770 0.139897 0.204265
0 0 0.352246 0.113813 0.131159 0.205757 0.197025
0 0 0.347216 0.130793 0.138001 0.183983 0.200007
0 0 0.354551 0.114062 0.126256 0.198298 0.206833
0 0 0.356642 0.114208 0.121120 0.190469 0.217560
0 0 0.307143 0.220623 0.167067 0.112698 0.192469
0 0 0.354391 0.114047 0.126619 0.198850 0.206093
0 0 0.313919 0.214431 0.144939 0.101959 0.224753
0 0 0.331609 0.153473 0.163152 0.176620 0.175146
0 0 0.326857 0.179812 0.155797 0.139244 0.198289
0 0 0.303314 0.227655 0.169915 0.109499 0.189617
0 0 0.361153 0.113570 0.101713 0.160740 0.262824
0 0 0.352373 0.113828 0.130904 0.205369 0.197525
0 0 0.358160 0.114234 0.116702 0.183722 0.227182
0 0 0.356646 0.116803 0.119865 0.183768 0.222918
0 0 0.361105 0.113619 0.102297 0.161639 0.261341
0 0 0.329529 0.182848 0.137553 0.120503 0.229567
0 0 0.309141 0.224343 0.143176 0.094288 0.229053
0 0 0.282580 0.275657 0.141584 0.067880 0.232298
0 0 0.335242 0.172125 0.127964 0.121171 0.243497
1 0 0.241022 0.355906 0.161235 0.050257 0.191580
1 1 0.153677 0.536361 0.134286 0.016682 0.158995
1 1 0.095155 0.594535 0.124427 0.006426 0.179457
1 2 0.093777 0.558054 0.108512 0.005405 0.234252
1 2 0.050182 0.474554 0.237072 0.004580 0.233612
4 1 0.074709 0.375350 0.090858 0.003512 0.455571
1 2 0.171262 0.456798 0.093246 0.014401 0.264293
1 2 0.068434 0.544312 0.153136 0.004570 0.229549
1 2 0.032587 0.416079 0.388755 0.005032 0.157547
1 2 0.159541 0.437859 0.112572 0.014813 0.275214
1 2 0.083632 0.468139 0.101113 0.004234 0.342882
4 1 0.239425 0.304877 0.090028 0.030465 0.335205
4 1 0.112329 0.386998 0.088345 0.006781 0.405548
4 1 0.092265 0.306452 0.089441 0.005517 0.506325
4 1 0.083648 0.300358 0.084292 0.004535 0.527167
1 1 0.082059 0.462985 0.100034 0.004076 0.350846
1 1 0.171308 0.406428 0.112150 0.017160 0.292955
1 1 0.187369 0.461814 0.128344 0.022880 0.199593
1 1 0.179317 0.479302 0.128815 0.021094 0.191472
4 1 0.085532 0.373864 0.085544 0.004224 0.450836
1 0 0.209672 0.388394 0.110770 0.025454 0.265709
0 0 0.334865 0.173073 0.123639 0.115923 0.252499
0 1 0.356155 0.122595 0.116665 0.169033 0.235552
1 1 0.158784 0.523694 0.124959 0.016377 0.176186
1 1 0.099898 0.651082 0.099485 0.006114 0.143421
1 2 0.041375 0.524483 0.320956 0.005937 0.107249
2 2 0.044958 0.358826 0.458136 0.012367 0.125714
2 2 0.013689 0.086508 0.834941 0.037874 0.026989
2 2 0.013290 0.113869 0.810829 0.021431 0.040581
2 2 0.007145 0.051178 0.890594 0.027518 0.023565
2 2 0.007052 0.032343 0.889220 0.057039 0.014346
2 2 0.013297 0.081147 0.833739 0.029900 0.041917
2 2 0.013124 0.041376 0.839110 0.085555 0.020835
2 2 0.026346 0.067716 0.762323 0.116369 0.027247
2 2 0.020412 0.039301 0.760892 0.158430 0.020966
2 2 0.057401 0.038125 0.446008 0.437501 0.020965
2 2 0.018992 0.023045 0.624367 0.324416 0.009181
2 2 0.023767 0.035421 0.684509 0.241313 0.014989
3 1 0.021421 0.016021 0.463888 0.491915 0.006755
2 2 0.158246 0.088465 0.347993 0.342905 0.062390
2 2 0.068628 0.203435 0.586489 0.075825 0.065624
2 1 0.093944 0.358361 0.409028 0.036789 0.101878
2 2 0.086488 0.333342 0.447353 0.040911 0.091905
2 2 0.017498 0.050307 0.807316 0.103184 0.021695
2 2 0.066052 0.115438 0.611221 0.161931 0.045357
2 2 0.034544 0.156700 0.699527 0.041736 0.067494
2 2 0.022086 0.037888 0.722592 0.200800 0.016634
2 2 0.076741 0.274474 0.502730 0.043835 0.102219
3 2 0.025218 0.013668 0.361349 0.593556 0.006209
3 2 0.050683 0.025537 0.359027 0.550814 0.013939
3 2 0.033783 0.017498 0.357040 0.583088 0.008591
3 2 0.025031 0.013582 0.361439 0.593790 0.006158
3 2 0.050251 0.024438 0.348067 0.563879 0.013365
3 3 0.023186 0.012730 0.362310 0.596117 0.005657
3 3 0.017683 0.010119 0.364730 0.603279 0.004189
3 3 0.020695 0.011562 0.363443 0.599312 0.004987
3 3 0.017267 0.009917 0.364899 0.603837 0.004080
3 3 0.023152 0.012714 0.362326 0.596161 0.005647
3 3 0.025882 0.013972 0.361029 0.592726 0.006391
3 3 0.021777 0.012072 0.362958 0.597916 0.005277
3 3 0.018373 0.010453 0.364445 0.602359 0.004371
3 3 0.013794 0.008196 0.366200 0.608628 0.003181
3 3 0.022314 0.012324 0.362713 0.597228 0.005421
3 3 0.026135 0.014087 0.360906 0.592411 0.006460
3 3 0.020713 0.011570 0.363436 0.599290 0.004992
3 3 0.014932 0.008767 0.365798 0.607030 0.003473
3 3 0.016897 0.009736 0.365047 0.604336 0.003983
3 3 0.013382 0.007988 0.366339 0.609214 0.003076
3 3 0.019246 0.010872 0.364076 0.601205 0.004601
3 3 0.015668 0.009132 0.365524 0.606011 0.003664
3 3 0.013375 0.007984 0.366341 0.609225 0.003074
3 3 0.012795 0.007689 0.366530 0.610059 0.002927
3 3 0.016547 0.009565 0.365186 0.604810 0.003892
3 3 0.017119 0.009844 0.364959 0.604037 0.004041
3 3 0.016106 0.009348 0.365357 0.605411 0.003777
3 3 0.016201 0.009395 0.365321 0.605282 0.003802
3 3 0.016381 0.009483 0.365251 0.605037 0.003849
3 3 0.017266 0.009916 0.364900 0.603839 0.004080
3 3 0.017561 0.010060 0.364780 0.603442 0.004157
3 3 0.012263 0.007417 0.366695 0.610833 0.002793
3 3 0.016448 0.009516 0.365224 0.604945 0.003866
3 3 0.013066 0.007827 0.366443 0.609668 0.002996
3 3 0.014840 0.008721 0.365832 0.607158 0.003450
3 3 0.012428 0.007502 0.366644 0.610591 0.002834
3 3 0.013725 0.008162 0.366224 0.608725 0.003164
3 3 0.017762 0.010157 0.364698 0.603173 0.004210
3 3 0.014376 0.008489 0.365998 0.607807 0.003330
3 3 0.024208 0.013203 0.361831 0.594825 0.005934
3 2 0.031377 0.016440 0.358285 0.585984 0.007914
3 2 0.051023 0.024753 0.347632 0.562998 0.013594
3 2 0.033919 0.017557 0.356969 0.582925 0.008630
2 1 0.106285 0.236263 0.484691 0.089477 0.083284
2 2 0.084219 0.068877 0.480947 0.327884 0.038074
3 2 0.075936 0.044032 0.393420 0.462031 0.024581
3 2 0.093626 0.046284 0.351159 0.479994 0.028938
3 2 0.030002 0.018681 0.413133 0.529463 0.008721
3 2 0.039841 0.020107 0.353818 0.575914 0.010321
3 2 0.018123 0.010332 0.364549 0.602691 0.004305
3 2 0.068777 0.031771 0.337422 0.543056 0.018974
3 2 0.077122 0.034947 0.332515 0.533845 0.021571
3 2 0.154636 0.065593 0.298773 0.430992 0.050006
2 2 0.080710 0.248361 0.528912 0.065012 0.077005
2 2 0.103254 0.276330 0.464737 0.069339 0.086340
2 2 0.070494 0.309968 0.495540 0.037518 0.086480
2 3 0.054743 0.193373 0.628292 0.067795 0.055798
2 3 0.040344 0.038976 0.568234 0.331773 0.020675
3 2 0.035669 0.024227 0.447131 0.481250 0.011724
3 2 0.027277 0.014606 0.360348 0.590995 0.006774
3 2 0.095231 0.050579 0.358711 0.466575 0.028904
3 2 0.057155 0.028299 0.355772 0.542806 0.015968
3 3 0.031728 0.016595 0.358105 0.585559 0.008013
3 2 0.021559 0.011970 0.363057 0.598196 0.005218
3 2 0.042003 0.021021 0.352642 0.573387 0.010946
3 2 0.040372 0.020332 0.353530 0.575292 0.010474
3 2 0.033351 0.017309 0.357265 0.583606 0.008469
3 2 0.035843 0.018393 0.355957 0.580631 0.009176
3 2 0.040747 0.020491 0.353326 0.574853 0.010582
3 2 0.044473 0.022056 0.351286 0.570520 0.011665
3 3 0.029611 0.015655 0.359183 0.588129 0.007421
3 3 0.018908 0.010710 0.364220 0.601651 0.004512
3 3 0.020052 0.011257 0.363727 0.600150 0.004815
3 3 0.019018 0.010763 0.364173 0.601506 0.004541
3 3 0.023229 0.012750 0.362290 0.596063 0.005668
3 2 0.020089 0.011274 0.363711 0.600101 0.004825
3 2 0.138745 0.058797 0.301348 0.458881 0.042228
2 2 0.061279 0.055259 0.522979 0.332283 0.028201
2 2 0.037528 0.038490 0.579311 0.326197 0.018475
3 2 0.026068 0.014057 0.360939 0.592495 0.006442
2 2 0.059112 0.044178 0.472716 0.401116 0.022878
2 2 0.104189 0.109733 0.488022 0.246953 0.051103
3 2 0.033640 0.023657 0.457270 0.474189 0.011244
3 2 0.026362 0.014190 0.360796 0.592129 0.006523
3 2 0.048923 0.023895 0.348812 0.565398 0.012972
3 1 0.080856 0.039596 0.354435 0.500559 0.024554
1 1 0.230853 0.272671 0.269044 0.105058 0.122373
2 2 0.232905 0.237790 0.280964 0.125761 0.122580
2 1 0.081631 0.197518 0.558669 0.092085 0.070098
0 2 0.293655 0.147840 0.215724 0.222589 0.120191
1 1 0.128561 0.444940 0.288967 0.033469 0.104062
0 1 0.264454 0.190091 0.251479 0.165919 0.128058
2 2 0.087432 0.273203 0.497590 0.061383 0.080392
2 2 0.008808 0.039093 0.871985 0.066677 0.013438
2 2 0.016342 0.051229 0.810642 0.104323 0.017465
2 2 0.017222 0.108751 0.803959 0.036326 0.033742
2 2 0.012237 0.027055 0.777610 0.173432 0.009666
2 2 0.025492 0.190615 0.699795 0.023282 0.060816
2 2 0.006057 0.025841 0.880155 0.079985 0.007962
2 2 0.014195 0.124750 0.802220 0.023169 0.035666
2 2 0.029356 0.223854 0.651499 0.020163 0.075127
2 2 0.052391 0.419095 0.431393 0.016237 0.080884
2 2 0.025379 0.053318 0.740823 0.159659 0.020822
1 1 0.069197 0.445604 0.377937 0.019315 0.087946
1 1 0.150870 0.439302 0.263874 0.038409 0.107545
2 1 0.033810 0.282794 0.604871 0.021755 0.056770
2 2 0.022327 0.181793 0.727591 0.025278 0.043012
2 2 0.026529 0.170073 0.726147 0.036155 0.041097
2 2 0.012985 0.058503 0.846082 0.063112 0.019316
2 2 0.026920 0.277539 0.615154 0.014592 0.065796
2 2 0.033676 0.212184 0.670479 0.034745 0.048915
2 2 0.009935 0.036106 0.856114 0.083700 0.014145
2 2 0.024333 0.185124 0.715308 0.025633 0.049602
2 2 0.012839 0.041636 0.830560 0.100212 0.014753
2 2 0.018997 0.036522 0.744961 0.184879 0.014641
2 2 0.040375 0.310113 0.556623 0.020441 0.072449
2 2 0.023415 0.118190 0.773328 0.053776 0.031290
2 0 0.029639 0.044604 0.682946 0.222728 0.020083
0 1 0.351077 0.113661 0.133439 0.209220 0.192603
1 2 0.148885 0.508376 0.214486 0.027871 0.100382
2 2 0.031491 0.149332 0.724943 0.050122 0.044112
2 2 0.058504 0.419648 0.420360 0.018341 0.083147
2 2 0.033119 0.112190 0.736425 0.081963 0.036303
2 2 0.026445 0.149033 0.742714 0.044444 0.037364
2 2 0.069174 0.288063 0.520677 0.043481 0.078605
2 1 0.033409 0.210113 0.672490 0.034359 0.049628
1 1 0.105744 0.414724 0.345582 0.032463 0.101487
2 2 0.050014 0.266380 0.581036 0.035732 0.066838
2 2 0.026968 0.174821 0.720731 0.035098 0.042382
2 2 0.012591 0.063481 0.850022 0.051608 0.022298
2 2 0.019562 0.092530 0.802646 0.057621 0.027640
2 2 0.022429 0.122179 0.774152 0.043190 0.038050
2 2 0.029584 0.027448 0.546688 0.383884 0.012396
2 2 0.051526 0.294304 0.554808 0.032660 0.066702
2 2 0.058048 0.323433 0.514133 0.031060 0.073325
2 2 0.031494 0.147136 0.726568 0.056265 0.038537
2 2 0.038241 0.210881 0.658966 0.039925 0.051987
2 2 0.028413 0.099116 0.759569 0.079804 0.033098
3 2 0.034725 0.020727 0.403640 0.530824 0.010084
2 2 0.020350 0.040241 0.748881 0.174058 0.016469
3 1 0.080286 0.040859 0.365435 0.488227 0.025193
0 1 0.271887 0.229048 0.226100 0.127764 0.145201
0 1 0.320767 0.167156 0.179432 0.172353 0.160293
1 1 0.251478 0.301218 0.225960 0.090671 0.130674
1 2 0.067431 0.511203 0.323610 0.014491 0.083264
1 2 0.066289 0.420490 0.404786 0.020470 0.087965
2 2 0.033045 0.151903 0.718430 0.055321 0.041301
2 2 0.039806 0.262078 0.598317 0.024910 0.074888
2 2 0.049216 0.236556 0.603128 0.038983 0.072118
2 2 0.119159 0.293414 0.408507 0.066009 0.112911
2 2 0.068179 0.216610 0.579966 0.072724 0.062521
2 2 0.046844 0.257216 0.579474 0.028651 0.087815
2 2 0.026054 0.153426 0.738591 0.039051 0.042877
2 2 0.036603 0.223630 0.646774 0.031463 0.061530
1 2 0.094227 0.487200 0.301578 0.021352 0.095645
2 2 0.061925 0.248279 0.562239 0.045280 0.082277
2 2 0.081528 0.176352 0.566666 0.114809 0.060646
2 2 0.058146 0.214681 0.605087 0.062984 0.059101
2 2 0.076666 0.215769 0.560433 0.080464 0.066668
2 2 0.075084 0.156763 0.588814 0.122393 0.056947
2 2 0.089778 0.231058 0.521960 0.082038 0.075166
2 2 0.048181 0.076755 0.642024 0.202861 0.030179
3 2 0.031638 0.016555 0.358151 0.585668 0.007987
3 2 0.056166 0.026826 0.344714 0.557163 0.015131
2 2 0.061129 0.059943 0.542073 0.307013 0.029843
2 2 0.080663 0.093359 0.531995 0.254562 0.039421
2 2 0.104218 0.127727 0.503327 0.208741 0.055986
2 2 0.074583 0.078671 0.525117 0.287462 0.034167
2 2 0.088876 0.326053 0.453263 0.046730 0.085078
3 2 0.038776 0.019653 0.354392 0.577165 0.010014
3 1 0.075763 0.034435 0.333318 0.535339 0.021145
2 1 0.227756 0.196579 0.299403 0.160372 0.115890
0 1 0.274498 0.260367 0.213046 0.109073 0.143015
1 2 0.170360 0.473191 0.215370 0.035379 0.105700
2 2 0.039552 0.178271 0.678762 0.050628 0.052786
1 2 0.175486 0.485070 0.170598 0.027588 0.141259
2 2 0.055217 0.165669 0.641348 0.086326 0.051439
1 2 0.088633 0.400209 0.388105 0.031018 0.092035
1 2 0.225191 0.341961 0.215677 0.064451 0.152720
2 2 0.079786 0.361847 0.435646 0.033306 0.089415
2 2 0.028082 0.102443 0.757522 0.082281 0.029673
2 2 0.056067 0.374473 0.472771 0.023721 0.072968
2 2 0.048048 0.248881 0.589216 0.032611 0.081243
2 2 0.040295 0.246877 0.612685 0.029113 0.071029
2 2 0.043764 0.094769 0.683047 0.145557 0.032862
2 2 0.040464 0.119010 0.706055 0.094520 0.039951
2 1 0.072003 0.125450 0.594746 0.159542 0.048260
1 1 0.140074 0.350118 0.343840 0.053883 0.112084
2 1 0.161023 0.300721 0.346602 0.074834 0.116821
1 2 0.274631 0.279527 0.188211 0.088320 0.169312
2 2 0.113770 0.314232 0.417545 0.060032 0.094421
2 2 0.019111 0.120953 0.788233 0.037239 0.034463
2 2 0.032270 0.071503 0.718632 0.153201 0.024395
2 2 0.025008 0.122992 0.764518 0.053884 0.033597
2 2 0.015340 0.083077 0.827289 0.051073 0.023221
2 2 0.013828 0.075410 0.838829 0.042973 0.028960
2 2 0.010956 0.060025 0.860229 0.050460 0.018330
2 2 0.018815 0.089212 0.807958 0.054739 0.029277
2 2 0.012801 0.041324 0.832707 0.097827 0.015341
2 2 0.046534 0.400102 0.444214 0.013307 0.095842
2 0 0.094195 0.057517 0.412443 0.399226 0.036620
0 0 0.361299 0.113317 0.099028 0.156610 0.269746
0 0 0.361234 0.112758 0.094269 0.149277 0.282462
0 0 0.358128 0.110076 0.079721 0.126768 0.325306
0 0 0.361017 0.113692 0.103208 0.163039 0.259045
0 0 0.360472 0.113955 0.107186 0.169149 0.249239
0 0 0.358726 0.114216 0.114814 0.180834 0.231410
0 0 0.288185 0.262614 0.163109 0.085076 0.201016
1 0 0.267050 0.305568 0.156709 0.063898 0.206776
1 0 0.229923 0.375570 0.172588 0.048616 0.173303
0 0 0.329143 0.170283 0.158694 0.151833 0.190046
0 0 0.335370 0.161116 0.149187 0.153797 0.200530
1 0 0.241835 0.353045 0.168598 0.053389 0.183134
1 0 0.255382 0.325704 0.171280 0.062687 0.184947
1 0 0.236631 0.364024 0.164763 0.049263 0.185319
1 0 0.207574 0.420475 0.170341 0.038186 0.163425
1 0 0.244203 0.348664 0.167291 0.054204 0.185638
1 0 0.234891 0.367747 0.162830 0.047742 0.186790
1 0 0.223447 0.390463 0.162063 0.042287 0.181740
1 0 0.262583 0.309897 0.176066 0.070144 0.181310
0 0 0.348975 0.113358 0.137275 0.215040 0.185351
0 0 0.346641 0.112984 0.141226 0.221025 0.178123
0 0 0.276750 0.275558 0.187309 0.089947 0.170437
1 0 0.277704 0.278170 0.178594 0.084854 0.180678
0 0 0.293039 0.250350 0.169255 0.094895 0.192461
1 0 0.267287 0.301744 0.172409 0.071886 0.186674
0 1 0.297036 0.240759 0.171388 0.101777 0.189041
1 1 0.220533 0.396887 0.155103 0.039091 0.188386
1 0 0.229759 0.378108 0.143918 0.039634 0.208581
1 1 0.259324 0.320817 0.150486 0.056287 0.213086
1 1 0.240377 0.357481 0.146739 0.045054 0.210349
1 1 0.217581 0.402865 0.151075 0.036872 0.191607
1 1 0.237549 0.363161 0.148535 0.044333 0.206422
1 0 0.233915 0.369863 0.161378 0.046789 0.188055
0 1 0.284178 0.269886 0.165882 0.082901 0.197153
1 1 0.220025 0.397873 0.155643 0.039040 0.187418
1 1 0.241362 0.355391 0.159911 0.049961 0.193375
1 1 0.236516 0.364797 0.160935 0.047894 0.189859
1 1 0.215351 0.407254 0.147887 0.035237 0.194270
1 1 0.243499 0.341150 0.117386 0.037754 0.260211
1 1 0.211272 0.412776 0.131914 0.030100 0.213938
1 1 0.223733 0.386556 0.129388 0.033569 0.226754
0 1 0.281510 0.268077 0.115068 0.055727 0.279617
1 0 0.196986 0.443103 0.134630 0.026521 0.198760
0 0 0.345270 0.114629 0.143673 0.220743 0.175685
0 1 0.313972 0.211140 0.155447 0.111860 0.207580
1 1 0.161485 0.519355 0.142433 0.019365 0.157362
1 1 0.168440 0.504066 0.135215 0.019742 0.172536
1 1 0.143536 0.558785 0.129378 0.014297 0.154003
1 1 0.179531 0.480878 0.144978 0.023909 0.170704
1 1 0.185602 0.468140 0.144755 0.025425 0.176078
1 1 0.245557 0.322815 0.100732 0.034290 0.296605
1 1 0.128080 0.450802 0.083481 0.007745 0.329891
1 1 0.272395 0.287351 0.119222 0.051905 0.269128
1 1 0.277056 0.285233 0.136039 0.061388 0.240285
0 1 0.280673 0.272764 0.120477 0.057288 0.268797
4 1 0.291342 0.233306 0.095213 0.054750 0.325388
1 1 0.189138 0.429108 0.098661 0.018442 0.264651
1 1 0.142851 0.386760 0.081325 0.009710 0.379354
1 1 0.188143 0.434040 0.092628 0.017290 0.267898
1 0 0.202768 0.429037 0.127842 0.026755 0.213598
4 1 0.268559 0.256078 0.083082 0.039294 0.352987
1 1 0.155120 0.378361 0.086211 0.011868 0.368439
1 1 0.172945 0.397255 0.083344 0.013852 0.332604
4 1 0.192097 0.267970 0.081491 0.019940 0.438502
1 1 0.170712 0.480535 0.097832 0.014868 0.236053
1 1 0.117822 0.450519 0.096691 0.007490 0.327479
1 1 0.133611 0.450746 0.100679 0.009684 0.305280
4 1 0.204100 0.305062 0.081621 0.020781 0.388436
1 1 0.102023 0.415985 0.101001 0.006179 0.374812
4 1 0.100986 0.309818 0.101356 0.007009 0.480831
4 0 0.090789 0.301996 0.088879 0.005391 0.512947
1 0 0.236870 0.364569 0.150110 0.044522 0.203929
0 1 0.348685 0.113314 0.137782 0.215809 0.184410
1 1 0.223885 0.387662 0.171985 0.045536 0.170932
1 1 0.213067 0.410876 0.163675 0.038518 0.173864
1 1 0.192792 0.451213 0.165809 0.031856 0.158330
1 1 0.175842 0.488433 0.149980 0.023874 0.161872
1 1 0.149634 0.544868 0.128028 0.015158 0.162312
1 1 0.115455 0.551450 0.127911 0.009145 0.196039
1 1 0.088060 0.579883 0.178416 0.008732 0.144910
1 1 0.119858 0.536096 0.110443 0.008515 0.225088
1 1 0.081887 0.554762 0.247668 0.012750 0.102933
2 2 0.013503 0.151094 0.737741 0.009452 0.088210
2 2 0.047845 0.360286 0.454298 0.013488 0.124082
1 1 0.173691 0.444687 0.137363 0.020850 0.223409
1 1 0.186097 0.467033 0.142956 0.025217 0.178697
1 2 0.072554 0.530903 0.292550 0.013449 0.090544
1 2 0.119266 0.554600 0.203562 0.018142 0.104429
2 2 0.018603 0.180894 0.705853 0.012936 0.081715
2 2 0.006088 0.047017 0.900386 0.025315 0.021194
2 2 0.009643 0.097654 0.836978 0.016088 0.039637
2 2 0.004955 0.043677 0.907355 0.017687 0.026327
2 2 0.005655 0.038840 0.907241 0.028194 0.020070
2 2 0.015343 0.143576 0.774122 0.018047 0.048913
2 2 0.021729 0.195234 0.658220 0.011644 0.113173
2 2 0.006962 0.071356 0.872836 0.015286 0.033560
2 2 0.009892 0.077665 0.856178 0.024129 0.032135
2 2 0.007698 0.047953 0.888297 0.032652 0.023400
2 2 0.004271 0.047723 0.908938 0.013340 0.025727
2 2 0.013461 0.074425 0.841205 0.039141 0.031768
2 2 0.009065 0.070902 0.865133 0.023750 0.031150
2 2 0.019414 0.144247 0.761080 0.024850 0.050409
2 2 0.013707 0.093796 0.824694 0.027694 0.040110
2 2 0.009405 0.057686 0.872107 0.032520 0.028282
2 2 0.017854 0.164302 0.748824 0.018905 0.050115
2 2 0.008978 0.062343 0.872728 0.029081 0.026870
2 2 0.028515 0.194743 0.690164 0.026980 0.059599
2 2 0.016783 0.051228 0.815684 0.094953 0.021352
2 2 0.018731 0.144135 0.771070 0.027958 0.038106
2 2 0.022953 0.114904 0.772533 0.040260 0.049350
2 2 0.046080 0.326295 0.485352 0.014689 0.127583
2 2 0.008146 0.034777 0.874062 0.070722 0.012293
2 2 0.022669 0.143031 0.746789 0.027852 0.059658
2 2 0.027637 0.035660 0.645865 0.275131 0.015706
2 2 0.012206 0.062872 0.852747 0.043036 0.029139
2 2 0.009561 0.065734 0.867275 0.029832 0.027598
2 1 0.022381 0.065491 0.783152 0.105330 0.023646
1 0 0.262231 0.264106 0.220188 0.103076 0.150399
0 1 0.357031 0.114223 0.120060 0.188851 0.219835
1 1 0.205128 0.425188 0.171014 0.037432 0.161237
1 2 0.224611 0.359029 0.224820 0.066357 0.125184
1 2 0.177280 0.361257 0.285196 0.060262 0.116006
1 2 0.167616 0.399653 0.255090 0.044805 0.132836
1 2 0.232609 0.359680 0.198834 0.060094 0.148784
2 2 0.138015 0.303792 0.382858 0.070266 0.105069
1 2 0.085111 0.444135 0.353243 0.023675 0.093835
1 2 0.134725 0.415553 0.294880 0.037619 0.117223
2 2 0.093894 0.278108 0.477499 0.059546 0.090953
2 2 0.041029 0.092831 0.694108 0.140421 0.031612
2 2 0.080938 0.380169 0.412667 0.029540 0.096687
1 2 0.190309 0.360825 0.251991 0.057173 0.139701
2 2 0.037639 0.181414 0.683811 0.049026 0.048110
2 2 0.025953 0.149367 0.742873 0.040129 0.041678
2 2 0.091114 0.346287 0.432172 0.042819 0.087608
2 2 0.050659 0.227780 0.603794 0.041040 0.076727
2 2 0.052266 0.264096 0.580030 0.039841 0.063767
2 2 0.072267 0.160354 0.595526 0.115816 0.056038
2 2 0.064661 0.280315 0.525699 0.037003 0.092323
2 2 0.049929 0.218526 0.622662 0.050581 0.058302
2 2 0.030595 0.122625 0.742099 0.067471 0.037210
2 3 0.021067 0.055923 0.780831 0.121542 0.020637
3 2 0.032476 0.017862 0.374956 0.566083 0.008622
2 2 0.055954 0.182777 0.630671 0.071230 0.059368
2 2 0.031454 0.226406 0.658156 0.026200 0.057783
2 2 0.024490 0.030259 0.633515 0.298838 0.012897
2 2 0.029760 0.123033 0.745818 0.063114 0.038274
2 2 0.042570 0.202513 0.648471 0.042187 0.064260
2 2 0.033400 0.057972 0.698430 0.184359 0.025839
2 2 0.036482 0.114201 0.721561 0.090316 0.037440
2 1 0.049909 0.036948 0.479566 0.414155 0.019421
1 1 0.215702 0.303553 0.271959 0.087684 0.121102
1 2 0.232293 0.359638 0.200075 0.060423 0.147570
2 1 0.089341 0.306492 0.464161 0.048273 0.091733
1 1 0.269964 0.271317 0.212806 0.102394 0.143519
1 2 0.152532 0.371591 0.310966 0.052154 0.112757
1 2 0.195091 0.422071 0.219206 0.046889 0.116743
2 2 0.085210 0.261255 0.506412 0.057870 0.089253
1 2 0.138907 0.368315 0.332406 0.049418 0.110954
2 2 0.119893 0.311053 0.402840 0.056629 0.109585
2 2 0.094461 0.373238 0.399132 0.036065 0.097105
2 2 0.105454 0.281740 0.457301 0.069301 0.086203
1 2 0.195724 0.395112 0.240144 0.054491 0.114530
2 2 0.055646 0.203356 0.619089 0.062504 0.059404
1 1 0.109984 0.387221 0.361131 0.037770 0.103894
1 2 0.256080 0.317280 0.189365 0.072095 0.165180
1 2 0.212678 0.383751 0.224057 0.058156 0.121358
1 1 0.221698 0.380929 0.199810 0.054036 0.143527
1 2 0.209248 0.406732 0.197681 0.046887 0.139452
1 2 0.185942 0.311116 0.305588 0.078122 0.119232
2 2 0.076660 0.230795 0.547180 0.063441 0.081924
1 2 0.125766 0.384130 0.339688 0.042700 0.107716
2 2 0.014821 0.085457 0.828164 0.037246 0.034311
1 2 0.088875 0.436338 0.353859 0.025434 0.095494
1 2 0.171722 0.474669 0.198404 0.032127 0.123078
1 2 0.163097 0.329262 0.323658 0.065496 0.118488
1 0 0.262572 0.294793 0.204167 0.086930 0.151538
0 0 0.337069 0.157041 0.147883 0.157482 0.200525
0 1 0.348618 0.134623 0.132104 0.170747 0.213908
1 1 0.191967 0.453034 0.165111 0.031434 0.158454
1 1 0.120850 0.607071 0.147319 0.012617 0.112142
1 1 0.124663 0.601040 0.136935 0.012165 0.125198
1 2 0.098612 0.630268 0.153276 0.009663 0.108181
2 2 0.033232 0.366035 0.488480 0.009287 0.102967
2 1 0.043041 0.142700 0.685290 0.062060 0.066909
1 1 0.082100 0.526766 0.287724 0.016332 0.087078
1 1 0.046339 0.521529 0.321157 0.007185 0.103790
2 2 0.032175 0.377835 0.481578 0.008633 0.099779
2 2 0.021189 0.192827 0.674217 0.012478 0.099288
2 2 0.018929 0.203291 0.689471 0.012181 0.076129
2 2 0.012852 0.118944 0.809859 0.020306 0.038039
1 2 0.140914 0.549330 0.155787 0.016851 0.137119
2 2 0.032489 0.367947 0.488348 0.008973 0.102243
2 2 0.012052 0.078951 0.843192 0.029210 0.036595
1 2 0.073026 0.395592 0.235313 0.008741 0.287328
1 2 0.071652 0.475752 0.215874 0.007504 0.229218
2 2 0.034454 0.344189 0.479237 0.008787 0.133333
2 2 0.034629 0.346539 0.426577 0.006623 0.185632
2 2 0.046089 0.256868 0.549208 0.021056 0.126779
4 1 0.226748 0.310806 0.099715 0.029459 0.333273
1 1 0.147171 0.549411 0.149355 0.017444 0.136619
1 1 0.157317 0.522673 0.169335 0.022574 0.128102
1 1 0.121535 0.581025 0.160875 0.014026 0.122540
1 1 0.126690 0.410889 0.115918 0.010114 0.336388
1 1 0.188239 0.460683 0.130948 0.023555 0.196575
1 1 0.213023 0.404238 0.120259 0.028104 0.234376
1 0 0.106495 0.430616 0.117441 0.007415 0.338033
1 4 0.168517 0.496541 0.112062 0.016393 0.206487
0 4 0.341435 0.151010 0.096150 0.104617 0.306787
4 0 0.245151 0.202376 0.077103 0.035857 0.439514
4 0 0.305652 0.154582 0.093463 0.078096 0.368207
1 4 0.213849 0.404927 0.125097 0.029387 0.226740
4 4 0.171087 0.306415 0.098186 0.017279 0.407033
4 4 0.263180 0.168137 0.074420 0.045392 0.448871
1 4 0.117801 0.391492 0.093036 0.007622 0.390049
4 4 0.156499 0.341738 0.080489 0.011981 0.409293
4 4 0.221468 0.307919 0.091891 0.026471 0.352252
1 4 0.233641 0.342209 0.097178 0.029422 0.297550
1 4 0.178448 0.473947 0.111963 0.018264 0.217378
1 4 0.163665 0.500976 0.101992 0.014237 0.219130
1 4 0.222027 0.369773 0.100591 0.026644 0.280965
4 4 0.151520 0.252507 0.084223 0.013882 0.497869
4 4 0.184434 0.310305 0.089491 0.018328 0.397442
4 4 0.204071 0.214424 0.077211 0.024577 0.479716
1 4 0.141413 0.444160 0.109547 0.011540 0.293339
1 4 0.118026 0.485816 0.095306 0.007317 0.293536
1 4 0.193817 0.427976 0.098381 0.019313 0.260512
1 4 0.223264 0.377922 0.112234 0.029447 0.257132
4 4 0.183402 0.235709 0.090684 0.021487 0.468718
4 4 0.190382 0.330535 0.101483 0.020795 0.356805
1 4 0.163753 0.474122 0.083280 0.012017 0.266827
4 4 0.111107 0.318755 0.094799 0.007723 0.467616
4 0 0.142969 0.291138 0.083103 0.011397 0.471393
1 4 0.156949 0.529202 0.141458 0.018294 0.154097
1 4 0.107445 0.487942 0.105954 0.006741 0.291917
1 4 0.141731 0.385593 0.105497 0.011719 0.355460
4 4 0.212340 0.304719 0.113552 0.029103 0.340286
4 1 0.118182 0.110278 0.056767 0.012413 0.702360
1 4 0.177601 0.468786 0.102462 0.016716 0.234436
4 4 0.202302 0.289284 0.086519 0.021978 0.399917
4 4 0.112232 0.271413 0.079671 0.007599 0.529085
4 4 0.117442 0.357046 0.113638 0.009213 0.402661
4 4 0.269049 0.278735 0.100803 0.044210 0.307203
4 4 0.084357 0.210499 0.070306 0.005090 0.629748
4 4 0.215264 0.309034 0.086918 0.023957 0.364828
1 4 0.177580 0.378384 0.083343 0.014801 0.345892
1 4 0.191878 0.354760 0.095793 0.019557 0.338013
4 4 0.149108 0.246407 0.077494 0.012898 0.514093
4 4 0.283387 0.233997 0.085332 0.047141 0.350143
1 4 0.239653 0.331560 0.098264 0.031631 0.298893
1 4 0.241885 0.333672 0.104290 0.033813 0.286341
4 4 0.120126 0.352876 0.117117 0.009866 0.400016
1 4 0.081259 0.436226 0.135064 0.005482 0.341969
4 0 0.128058 0.335775 0.162373 0.015676 0.358118
0 1 0.330805 0.170095 0.154117 0.148042 0.196940
1 1 0.232985 0.370649 0.167761 0.048481 0.180124
1 1 0.150994 0.540434 0.153345 0.018756 0.136471
1 1 0.186223 0.466142 0.157121 0.028003 0.162510
1 1 0.278911 0.281288 0.162774 0.076171 0.200857
1 1 0.222971 0.385211 0.185109 0.049437 0.157271
1 1 0.180343 0.478076 0.158219 0.026566 0.156796
0 1 0.288366 0.262660 0.161643 0.084288 0.203043
1 1 0.225078 0.386040 0.168838 0.045084 0.174959
1 1 0.199564 0.437136 0.167716 0.034580 0.161005
1 1 0.249584 0.334716 0.179084 0.062371 0.174246
1 0 0.156324 0.528820 0.154852 0.020106 0.139898
0 0 0.317839 0.205419 0.148021 0.110705 0.218015
1 1 0.272335 0.295455 0.154886 0.066777 0.210547
1 1 0.151293 0.536174 0.166291 0.020691 0.125550
1 1 0.128708 0.588227 0.153073 0.014510 0.115482
1 1 0.104863 0.630181 0.171719 0.012376 0.080861
1 1 0.066502 0.646218 0.207753 0.008024 0.071502
1 1 0.048851 0.579738 0.292932 0.007996 0.070483
1 1 0.104101 0.619187 0.178144 0.012698 0.085869
1 1 0.082451 0.620562 0.207842 0.010860 0.078285
1 2 0.035624 0.477107 0.399193 0.007587 0.080488
2 2 0.003504 0.030520 0.929760 0.022340 0.013876
2 2 0.005376 0.052311 0.901420 0.017984 0.022909
2 2 0.003753 0.030810 0.927019 0.025361 0.013058
2 2 0.009068 0.096500 0.834733 0.013574 0.046124
2 2 0.007834 0.054530 0.884400 0.028935 0.024302
2 2 0.009550 0.116695 0.803008 0.009974 0.060773
2 2 0.008782 0.076352 0.866372 0.024834 0.023659
2 2 0.008274 0.073229 0.868587 0.021313 0.028597
2 2 0.014542 0.152168 0.753658 0.012739 0.066894
2 1 0.044519 0.370277 0.453352 0.012044 0.119809
1 1 0.185528 0.451923 0.200985 0.037649 0.123915
1 1 0.056458 0.422256 0.410713 0.015654 0.094918
2 1 0.032784 0.275905 0.571969 0.014088 0.105254
2 1 0.010153 0.084470 0.848574 0.021926 0.034877
1 2 0.077490 0.434893 0.369476 0.021644 0.096498
2 2 0.028370 0.271094 0.596869 0.012998 0.090669
2 2 0.015081 0.133978 0.780059 0.018301 0.052581
2 2 0.044968 0.331759 0.500717 0.016153 0.106403
2 2 0.021229 0.180086 0.718221 0.018929 0.061535
2 2 0.006330 0.030280 0.888391 0.065350 0.009648
2 2 0.017442 0.132802 0.786810 0.030409 0.032537
2 2 0.034505 0.284184 0.588355 0.018461 0.074494
2 2 0.015288 0.144571 0.777625 0.019520 0.042996
2 2 0.013910 0.085177 0.833220 0.035511 0.032182
2 2 0.042743 0.323503 0.530919 0.018581 0.084253
2 2 0.011265 0.069943 0.855806 0.035980 0.027007
2 2 0.015350 0.097237 0.820602 0.039088 0.027723
2 2 0.083065 0.288823 0.486668 0.047363 0.094081
1 1 0.247950 0.311422 0.223144 0.085022 0.132462
1 2 0.233825 0.335170 0.230788 0.076659 0.123558
2 2 0.056213 0.419878 0.423612 0.017414 0.082883
2 2 0.013357 0.151674 0.777630 0.015521 0.041819
2 2 0.024419 0.148646 0.745028 0.034276 0.047631
2 2 0.020679 0.153136 0.754992 0.027923 0.043270
2 2 0.035471 0.279730 0.575229 0.016701 0.092868
2 2 0.010799 0.063831 0.861457 0.044185 0.019728
2 2 0.042884 0.372645 0.494919 0.016666 0.072886
2 2 0.022548 0.114388 0.779556 0.049334 0.034174
2 2 0.024495 0.113005 0.771653 0.058759 0.032088
2 1 0.040400 0.068252 0.676086 0.186222 0.029041
2 1 0.119214 0.337755 0.384486 0.049999 0.108546
1 1 0.092580 0.630357 0.180550 0.010825 0.085688
2 1 0.039530 0.338074 0.521307 0.015480 0.085609
0 1 0.312632 0.217080 0.144879 0.100136 0.225273
0 1 0.287894 0.256167 0.179515 0.096855 0.179569
1 1 0.146418 0.540676 0.179814 0.021579 0.111513
1 1 0.198213 0.430189 0.194416 0.040995 0.136188
1 1 0.129594 0.572991 0.183466 0.018286 0.095664
1 2 0.092490 0.602827 0.209423 0.012933 0.082327
2 2 0.034544 0.257355 0.624128 0.024391 0.059583
2 2 0.019466 0.216001 0.690497 0.013542 0.060495
2 2 0.008050 0.080020 0.862287 0.016895 0.032748
2 2 0.019245 0.233974 0.687851 0.014857 0.044072
2 2 0.010517 0.104580 0.827689 0.016631 0.040583
2 2 0.016532 0.094975 0.816687 0.044050 0.027756
2 2 0.048197 0.403396 0.437680 0.013602 0.097125
2 2 0.009689 0.067531 0.867049 0.033836 0.021893
2 2 0.021434 0.085126 0.796225 0.067990 0.029226
2 2 0.010374 0.037155 0.850259 0.089101 0.013111
2 2 0.020480 0.099697 0.795731 0.048775 0.035317
2 2 0.007747 0.028814 0.861972 0.092072 0.009395
2 2 0.013948 0.040183 0.817353 0.113373 0.015143
2 2 0.030228 0.037448 0.634216 0.281202 0.016905
2 2 0.027601 0.022023 0.494681 0.445842 0.009853
2 2 0.026786 0.110079 0.763687 0.065433 0.034015
3 2 0.027646 0.014773 0.360165 0.590540 0.006876
2 2 0.034849 0.044730 0.641258 0.258148 0.021016
3 2 0.034317 0.022894 0.440178 0.491625 0.010986
2 3 0.028251 0.030335 0.592481 0.335467 0.013466
3 2 0.021675 0.012024 0.363004 0.598047 0.005249
2 2 0.028315 0.029479 0.582907 0.346195 0.013104
3 2 0.040103 0.020503 0.358032 0.570837 0.010525
3 2 0.042882 0.021391 0.352161 0.572365 0.011201
3 2 0.024376 0.013281 0.361751 0.594613 0.005980
3 2 0.023306 0.012786 0.362254 0.595965 0.005689
3 2 0.040396 0.020775 0.360067 0.568085 0.010676
3 3 0.021616 0.011996 0.363031 0.598123 0.005234
3 3 0.021348 0.011870 0.363152 0.598469 0.005162
3 3 0.021175 0.011789 0.363230 0.598691 0.005115
3 2 0.017432 0.009997 0.364833 0.603616 0.004123
3 2 0.027906 0.014890 0.360037 0.590220 0.006948
3 2 0.023223 0.012747 0.362293 0.596070 0.005667
3 3 0.019959 0.011213 0.363767 0.600270 0.004791
3 3 0.017415 0.009989 0.364839 0.603638 0.004119
3 3 0.033827 0.017517 0.357017 0.583035 0.008604
3 3 0.019271 0.010884 0.364065 0.601172 0.004608
3 3 0.021054 0.011732 0.363284 0.598848 0.005083
3 3 0.021301 0.011848 0.363173 0.598529 0.005149
3 3 0.019417 0.010954 0.364002 0.600980 0.004647
3 3 0.017874 0.010211 0.364652 0.603024 0.004239
3 3 0.015557 0.009077 0.365567 0.606165 0.003635
3 3 0.020593 0.011514 0.363489 0.599445 0.004960
3 3 0.019463 0.010976 0.363982 0.600920 0.004659
3 3 0.015596 0.009096 0.365552 0.606111 0.003645
3 3 0.016104 0.009347 0.365358 0.605414 0.003777
3 3 0.020722 0.011575 0.363432 0.599278 0.004994
3 3 0.024911 0.013527 0.361496 0.593940 0.006126
3 3 0.015857 0.009226 0.365453 0.605752 0.003713
3 3 0.015628 0.009112 0.365540 0.606068 0.003653
3 3 0.015309 0.008954 0.365659 0.606507 0.003571
3 3 0.017499 0.010030 0.364805 0.603525 0.004141
3 3 0.019469 0.010979 0.363980 0.600913 0.004660
3 3 0.024268 0.013231 0.361802 0.594748 0.005950
3 3 0.020763 0.011594 0.363413 0.599224 0.005005
3 3 0.017188 0.009878 0.364931 0.603944 0.004059
3 3 0.017162 0.009866 0.364941 0.603979 0.004052
3 3 0.017637 0.010097 0.364749 0.603340 0.004177
3 3 0.016870 0.009723 0.365058 0.604372 0.003976
3 3 0.012827 0.007706 0.366520 0.610012 0.002935
3 3 0.019606 0.011044 0.363920 0.600732 0.004697
3 3 0.016110 0.009350 0.365356 0.605406 0.003778
3 3 0.014325 0.008463 0.366016 0.607878 0.003317
3 3 0.015649 0.009123 0.365532 0.606038 0.003658
3 2 0.022436 0.012381 0.362657 0.597072 0.005454
3 3 0.030262 0.015945 0.358854 0.587336 0.007602
3 2 0.018969 0.010740 0.364194 0.601569 0.004528
3 2 0.069150 0.031915 0.337204 0.542642 0.019090
3 2 0.045108 0.022320 0.350936 0.569786 0.011850
3 2 0.034003 0.023544 0.452343 0.478874 0.011235
3 2 0.059163 0.028019 0.342997 0.553786 0.016035
2 2 0.025502 0.077555 0.776147 0.086205 0.034591
3 3 0.048864 0.023871 0.348845 0.565466 0.012955
3 2 0.030090 0.015869 0.358941 0.587546 0.007554
3 2 0.043014 0.021446 0.352089 0.572211 0.011240
2 2 0.073067 0.088522 0.559215 0.239295 0.039901
2 3 0.065203 0.052145 0.488619 0.366734 0.027300
