0 0 0.271967 0.173532 0.219697 0.154424 0.180380
0 0 0.292031 0.162018 0.190609 0.177432 0.177910
0 0 0.292031 0.162018 0.190609 0.177432 0.177910
0 0 0.292031 0.162018 0.190609 0.177432 0.177910
0 0 0.290847 0.162645 0.190511 0.176319 0.179679
0 0 0.268020 0.173754 0.187563 0.155871 0.214792
0 0 0.292031 0.162018 0.190609 0.177432 0.177910
0 0 0.292031 0.162018 0.190609 0.177432 0.177910
0 0 0.292031 0.162018 0.190609 0.177432 0.177910
4 0 0.200876 0.195885 0.168753 0.104160 0.330327
0 0 0.259589 0.177397 0.185999 0.148748 0.228266
4 0 0.126906 0.200400 0.133840 0.057341 0.481513
4 1 0.146519 0.201125 0.143440 0.069014 0.439902
4 0 0.091491 0.190458 0.107915 0.038336 0.571801
4 0 0.150154 0.214263 0.185829 0.067153 0.382601
4 0 0.075963 0.183123 0.095680 0.030543 0.614691
4 1 0.045985 0.159900 0.068238 0.016681 0.709196
4 0 0.141216 0.200907 0.140479 0.065851 0.451548
4 0 0.227164 0.189119 0.177799 0.123144 0.282773
4 0 0.064882 0.233912 0.162025 0.024450 0.514731
4 0 0.115103 0.197514 0.124520 0.050920 0.511943
0 0 0.292031 0.162018 0.190609 0.177432 0.177910
4 0 0.206981 0.194540 0.171040 0.108442 0.318996
0 0 0.279947 0.168179 0.189346 0.166329 0.196199
2 0 0.202517 0.205858 0.294837 0.093897 0.202891
4 0 0.216738 0.192104 0.174462 0.115442 0.301254
4 0 0.149282 0.227162 0.200736 0.071969 0.350850
0 0 0.292031 0.162018 0.190609 0.177432 0.177910
0 0 0.292031 0.162018 0.190609 0.177432 0.177910
0 0 0.292031 0.162018 0.190609 0.177432 0.177910
0 0 0.292031 0.162018 0.190609 0.177432 0.177910
0 0 0.292031 0.162018 0.190609 0.177432 0.177910
4 0 0.235322 0.186514 0.180178 0.129340 0.268646
4 0 0.083568 0.189170 0.101558 0.035115 0.590589
4 4 0.069973 0.179577 0.090638 0.027645 0.632167
4 4 0.078489 0.184490 0.097749 0.031784 0.607487
4 4 0.072087 0.196814 0.093403 0.033070 0.604626
4 4 0.043902 0.157653 0.066093 0.015782 0.716570
4 4 0.048686 0.162659 0.070965 0.017861 0.699830
4 4 0.025479 0.131676 0.045144 0.008269 0.789431
4 4 0.045373 0.263822 0.221576 0.015027 0.454202
4 4 0.040859 0.159837 0.068820 0.014140 0.716344
4 4 0.062187 0.272920 0.310373 0.021210 0.333310
4 4 0.039906 0.225830 0.141720 0.013160 0.579384
4 4 0.048180 0.284990 0.302436 0.016313 0.348082
4 4 0.046718 0.279968 0.329136 0.014633 0.329545
4 4 0.040322 0.261182 0.199060 0.013497 0.485939
4 4 0.031557 0.144034 0.054606 0.010541 0.759261
2 4 0.055461 0.279029 0.340187 0.018446 0.306877
2 4 0.059987 0.259235 0.508631 0.020844 0.151303
4 4 0.042789 0.281631 0.320203 0.013208 0.342169
4 4 0.053619 0.280957 0.306225 0.018327 0.340872
4 4 0.041788 0.276415 0.286395 0.012805 0.382597
2 4 0.058152 0.263226 0.498921 0.020079 0.159621
4 4 0.041306 0.248454 0.190597 0.013058 0.506585
2 4 0.059202 0.267939 0.462073 0.019880 0.190907
2 4 0.045831 0.240495 0.552879 0.012390 0.148405
2 4 0.057069 0.282749 0.386623 0.019827 0.253732
2 4 0.061098 0.269637 0.482314 0.022394 0.164556
2 1 0.046117 0.241544 0.584047 0.014566 0.113726
2 1 0.049336 0.259342 0.429162 0.013248 0.248911
2 1 0.048740 0.268436 0.467433 0.014868 0.200523
2 1 0.052171 0.283507 0.373134 0.017393 0.273796
2 1 0.048823 0.208465 0.653934 0.015659 0.073119
2 2 0.039392 0.197270 0.674754 0.010104 0.078480
2 2 0.043069 0.273483 0.434857 0.012427 0.236163
2 2 0.027699 0.102924 0.839488 0.010264 0.019625
2 2 0.036012 0.122225 0.797104 0.012936 0.031723
2 2 0.006386 0.017645 0.960602 0.012904 0.002462
2 2 0.006417 0.022196 0.963900 0.005238 0.002248
2 2 0.004962 0.015158 0.968368 0.009659 0.001853
2 2 0.006216 0.019098 0.963842 0.008550 0.002294
2 2 0.006730 0.019368 0.960639 0.010719 0.002544
2 2 0.006566 0.013376 0.866889 0.110720 0.002449
2 2 0.004762 0.012328 0.950589 0.030545 0.001777
2 2 0.007981 0.018524 0.930788 0.039683 0.003023
2 3 0.008919 0.015657 0.792225 0.179782 0.003417
2 2 0.005712 0.012543 0.893184 0.086469 0.002092
2 3 0.008647 0.014009 0.727200 0.246774 0.003370
2 2 0.008349 0.015398 0.813685 0.159430 0.003138
2 2 0.006283 0.013523 0.895863 0.081986 0.002345
2 3 0.006537 0.009735 0.560773 0.420478 0.002477
2 2 0.005287 0.010270 0.812820 0.169667 0.001956
2 3 0.009350 0.016782 0.816433 0.153843 0.003593
2 3 0.007092 0.013725 0.851398 0.125081 0.002704
2 3 0.007114 0.011372 0.686157 0.292599 0.002756
2 3 0.005349 0.011080 0.866737 0.114842 0.001992
3 3 0.006510 0.008615 0.415116 0.567287 0.002471
3 3 0.007809 0.009983 0.424126 0.555042 0.003039
2 3 0.007491 0.012354 0.694329 0.283006 0.002819
3 3 0.006935 0.009057 0.426720 0.554610 0.002678
3 3 0.008261 0.010913 0.478616 0.498975 0.003236
3 3 0.007753 0.010033 0.387234 0.592113 0.002867
3 3 0.007074 0.009225 0.410897 0.570110 0.002694
3 3 0.008983 0.011644 0.467482 0.508364 0.003527
3 3 0.008560 0.011035 0.458598 0.518437 0.003371
2 3 0.010957 0.015976 0.636228 0.332541 0.004297
2 3 0.010201 0.014629 0.621134 0.349993 0.004043
3 3 0.009346 0.011554 0.428612 0.546774 0.003714
3 3 0.010278 0.012505 0.417578 0.555565 0.004075
3 3 0.008324 0.010557 0.396204 0.581745 0.003169
3 3 0.007493 0.009685 0.398231 0.581759 0.002832
3 3 0.005217 0.008038 0.136198 0.849467 0.001080
3 3 0.010342 0.012597 0.400822 0.572204 0.004034
3 3 0.006805 0.009124 0.352964 0.628749 0.002358
3 3 0.007035 0.009804 0.240116 0.741076 0.001970
3 3 0.008516 0.010881 0.366699 0.610809 0.003094
3 3 0.008040 0.011005 0.228192 0.750553 0.002210
3 3 0.008208 0.011067 0.261614 0.716695 0.002416
3 3 0.006505 0.009340 0.214835 0.767632 0.001688
3 3 0.005927 0.007982 0.411642 0.572225 0.002224
3 3 0.008002 0.010202 0.411890 0.566821 0.003084
3 3 0.006547 0.009353 0.213793 0.768595 0.001712
2 3 0.006998 0.010491 0.575695 0.404169 0.002647
3 3 0.007746 0.009952 0.398715 0.580649 0.002938
3 3 0.007837 0.010313 0.344741 0.634422 0.002686
3 3 0.008624 0.010842 0.414128 0.563053 0.003353
3 3 0.006865 0.009494 0.266895 0.714712 0.002035
3 3 0.007418 0.009612 0.393891 0.586289 0.002789
3 3 0.006919 0.009391 0.317012 0.664431 0.002247
3 3 0.011400 0.014293 0.293212 0.677417 0.003678
3 3 0.009182 0.011616 0.364166 0.611715 0.003321
3 3 0.009019 0.011553 0.348583 0.627697 0.003149
3 3 0.006488 0.009600 0.154118 0.828371 0.001424
3 3 0.010550 0.013972 0.196278 0.776466 0.002734
3 3 0.014541 0.016532 0.439478 0.523358 0.006090
3 3 0.010946 0.013179 0.409270 0.562276 0.004329
3 3 0.008803 0.011461 0.311656 0.665191 0.002889
3 3 0.009375 0.012511 0.227544 0.747975 0.002594
3 3 0.011996 0.014198 0.410183 0.558833 0.004789
3 3 0.009120 0.012013 0.268553 0.707558 0.002756
3 3 0.008162 0.011077 0.237849 0.740606 0.002305
3 3 0.010254 0.012462 0.427931 0.545246 0.004107
3 3 0.008717 0.011433 0.303227 0.673823 0.002799
3 3 0.007285 0.010312 0.189191 0.791400 0.001811
3 3 0.012615 0.014948 0.383535 0.584056 0.004845
3 3 0.009468 0.011716 0.403771 0.571370 0.003674
2 3 0.009256 0.014844 0.712303 0.260023 0.003574
2 1 0.026801 0.061790 0.878349 0.020061 0.012999
2 1 0.081040 0.254927 0.485514 0.031814 0.146705
2 1 0.071268 0.257861 0.508068 0.028077 0.134725
4 1 0.130219 0.259409 0.248694 0.068456 0.293223
2 1 0.147406 0.248919 0.339768 0.077631 0.186276
2 0 0.210527 0.205728 0.268985 0.105460 0.209300
4 1 0.108255 0.256008 0.203542 0.053552 0.378643
2 1 0.056184 0.250562 0.555658 0.020250 0.117346
2 2 0.053938 0.211044 0.645393 0.018760 0.070864
2 1 0.072301 0.257872 0.505208 0.028534 0.136084
4 0 0.194959 0.197053 0.166430 0.100079 0.341478
4 1 0.216995 0.192035 0.174548 0.115629 0.300793
0 0 0.292031 0.162018 0.190609 0.177432 0.177910
0 0 0.292031 0.162018 0.190609 0.177432 0.177910
0 0 0.292031 0.162018 0.190609 0.177432 0.177910
0 0 0.292031 0.162018 0.190609 0.177432 0.177910
0 0 0.292031 0.162018 0.190609 0.177432 0.177910
0 0 0.292031 0.162018 0.190609 0.177432 0.177910
0 0 0.292031 0.162018 0.190609 0.177432 0.177910
0 0 0.292031 0.162018 0.190609 0.177432 0.177910
0 0 0.292031 0.162018 0.190609 0.177432 0.177910
0 0 0.292031 0.162018 0.190609 0.177432 0.177910
0 0 0.277855 0.169193 0.189071 0.164460 0.199421
0 0 0.292031 0.162018 0.190609 0.177432 0.177910
0 0 0.292031 0.162018 0.190609 0.177432 0.177910
0 0 0.292031 0.162018 0.190609 0.177432 0.177910
0 0 0.292031 0.162018 0.190609 0.177432 0.177910
0 0 0.292031 0.162018 0.190609 0.177432 0.177910
0 0 0.292031 0.162018 0.190609 0.177432 0.177910
0 0 0.292031 0.162018 0.190609 0.177432 0.177910
0 0 0.292031 0.162018 0.190609 0.177432 0.177910
0 0 0.292031 0.162018 0.190609 0.177432 0.177910
0 0 0.292031 0.162018 0.190609 0.177432 0.177910
0 0 0.256517 0.178664 0.185369 0.146204 0.233245
0 0 0.292031 0.162018 0.190609 0.177432 0.177910
0 0 0.292031 0.162018 0.190609 0.177432 0.177910
0 0 0.292031 0.162018 0.190609 0.177432 0.177910
0 0 0.279712 0.168294 0.189316 0.166118 0.196561
4 0 0.236132 0.186243 0.180403 0.129964 0.267259
0 0 0.280871 0.167726 0.189463 0.167158 0.194782
0 0 0.292031 0.162018 0.190609 0.177432 0.177910
4 0 0.222125 0.190610 0.176228 0.119391 0.291646
4 0 0.230506 0.188080 0.178798 0.125663 0.276953
4 0 0.233499 0.187117 0.179664 0.127942 0.271779
4 0 0.227842 0.188912 0.178005 0.123652 0.281590
4 1 0.156724 0.220406 0.143684 0.095492 0.383695
4 1 0.136977 0.228579 0.149745 0.078208 0.406491
4 1 0.143502 0.225045 0.146284 0.083703 0.401466
4 1 0.175557 0.216152 0.152603 0.108668 0.347020
0 0 0.248797 0.181703 0.183647 0.139926 0.245927
0 0 0.292031 0.162018 0.190609 0.177432 0.177910
0 0 0.292031 0.162018 0.190609 0.177432 0.177910
4 1 0.130125 0.202218 0.133547 0.060918 0.473192
4 1 0.113601 0.222463 0.136057 0.058570 0.469310
4 1 0.096694 0.272358 0.268750 0.044070 0.318128
2 1 0.068584 0.250230 0.517076 0.024446 0.139664
2 1 0.060647 0.271813 0.462208 0.021548 0.183784
2 1 0.055371 0.242261 0.574280 0.019378 0.108711
2 1 0.051466 0.254588 0.559324 0.018617 0.116006
2 1 0.059716 0.259050 0.534492 0.022947 0.123796
2 2 0.027892 0.116692 0.822796 0.009306 0.023315
2 1 0.106729 0.252051 0.412931 0.043653 0.184636
4 1 0.227756 0.188938 0.177979 0.123588 0.281739
0 0 0.292031 0.162018 0.190609 0.177432 0.177910
0 0 0.292031 0.162018 0.190609 0.177432 0.177910
4 1 0.176362 0.210924 0.154759 0.101844 0.356111
4 1 0.237985 0.185614 0.180909 0.131396 0.264097
4 1 0.201642 0.206939 0.163792 0.125289 0.302338
4 1 0.207742 0.197802 0.169672 0.115204 0.309580
4 1 0.154533 0.219372 0.149107 0.089004 0.387985
2 1 0.133784 0.263219 0.306561 0.071903 0.224534
2 2 0.099556 0.275085 0.350763 0.045628 0.228969
2 2 0.097141 0.264994 0.400538 0.041183 0.196144
2 2 0.085395 0.271136 0.445027 0.038008 0.160434
2 2 0.093917 0.263525 0.421187 0.039405 0.181966
2 2 0.086148 0.228102 0.552460 0.034475 0.098815
2 1 0.117492 0.193867 0.558683 0.044281 0.085677
4 1 0.214925 0.200451 0.169466 0.131125 0.284033
0 1 0.252329 0.180338 0.184459 0.142779 0.240094
4 1 0.202237 0.200617 0.167020 0.113674 0.316452
4 1 0.120593 0.263655 0.230334 0.064176 0.321241
2 1 0.118264 0.264652 0.281082 0.057498 0.278504
2 2 0.040113 0.130980 0.786507 0.014090 0.028310
2 2 0.060588 0.211458 0.627115 0.020342 0.080497
4 1 0.206486 0.205573 0.182000 0.119950 0.285991
4 2 0.176749 0.228388 0.197471 0.104660 0.292732
4 1 0.164212 0.216212 0.148192 0.097212 0.374172
4 1 0.176769 0.230035 0.207171 0.103645 0.282380
4 1 0.151179 0.246046 0.204525 0.089111 0.309139
2 1 0.091932 0.267782 0.380169 0.037339 0.222779
2 2 0.054934 0.229116 0.612777 0.020321 0.082852
2 2 0.081462 0.247993 0.507810 0.032071 0.130665
2 2 0.028840 0.125687 0.812648 0.008473 0.024353
2 2 0.061373 0.245130 0.563928 0.023250 0.106319
2 2 0.054038 0.163819 0.718008 0.019401 0.044735
2 1 0.057294 0.240959 0.579852 0.021036 0.100858
2 1 0.110660 0.260003 0.367807 0.048161 0.213370
2 2 0.068815 0.260382 0.511912 0.027595 0.131296
2 2 0.017881 0.059236 0.905309 0.009003 0.008571
2 2 0.044919 0.181943 0.708525 0.014029 0.050585
2 2 0.049501 0.209216 0.655940 0.016768 0.068575
2 2 0.032249 0.129724 0.803301 0.010209 0.024516
2 2 0.065777 0.149106 0.707941 0.024572 0.052603
2 1 0.092576 0.269752 0.391352 0.039086 0.207234
4 1 0.168847 0.211398 0.167005 0.088021 0.364728
2 1 0.108104 0.269065 0.332800 0.049734 0.240296
4 1 0.193395 0.216226 0.210390 0.106714 0.273274
2 1 0.069061 0.219813 0.594181 0.024066 0.092880
2 2 0.117981 0.240919 0.446575 0.052091 0.142433
2 2 0.055793 0.203921 0.649001 0.018022 0.073263
2 2 0.024286 0.089802 0.855661 0.009794 0.020457
2 2 0.058198 0.165018 0.712505 0.020555 0.043725
2 2 0.064942 0.236186 0.570158 0.023537 0.105177
2 2 0.041104 0.166320 0.728042 0.013745 0.050789
2 2 0.062354 0.215513 0.617666 0.021542 0.082924
2 2 0.030960 0.115663 0.817597 0.011366 0.024414
2 2 0.065839 0.206951 0.624798 0.021948 0.080465
2 2 0.036900 0.143818 0.774233 0.013717 0.031332
2 2 0.028722 0.094654 0.845696 0.012957 0.017970
2 2 0.021371 0.077868 0.876595 0.009520 0.014646
2 2 0.026741 0.082303 0.863934 0.013262 0.013760
2 2 0.010476 0.039558 0.938745 0.006385 0.004835
2 2 0.044482 0.154231 0.739186 0.016047 0.046055
2 1 0.025490 0.065079 0.881144 0.015878 0.012409
2 1 0.109449 0.231559 0.467617 0.040897 0.150479
2 2 0.023982 0.094781 0.857291 0.008678 0.015268
2 2 0.008503 0.028126 0.954445 0.005978 0.002949
2 2 0.013389 0.046596 0.927101 0.007302 0.005611
2 1 0.008329 0.027183 0.955067 0.006528 0.002893
4 1 0.156545 0.235255 0.217535 0.081874 0.308791
2 1 0.065586 0.229464 0.583871 0.023606 0.097473
2 2 0.038888 0.166303 0.737361 0.011829 0.045619
2 2 0.029962 0.133588 0.799466 0.009711 0.027272
2 2 0.017968 0.069593 0.894420 0.008116 0.009902
2 2 0.026853 0.090167 0.849495 0.013162 0.020322
2 2 0.010257 0.033712 0.945688 0.006374 0.003969
2 2 0.027159 0.107413 0.835120 0.009906 0.020402
2 2 0.009720 0.035066 0.945901 0.005289 0.004024
2 2 0.039633 0.170135 0.735655 0.011866 0.042711
2 2 0.011145 0.039240 0.938395 0.006738 0.004482
2 2 0.015068 0.051274 0.917818 0.008540 0.007300
2 2 0.016414 0.048350 0.919104 0.009686 0.006446
2 2 0.010678 0.029851 0.945323 0.010177 0.003971
2 2 0.057343 0.207865 0.644664 0.019979 0.070149
2 2 0.035628 0.153541 0.765526 0.010593 0.034712
2 1 0.054004 0.115564 0.767290 0.025408 0.037734
2 1 0.037335 0.151724 0.767638 0.010970 0.032332
2 2 0.009209 0.032393 0.949244 0.005798 0.003356
2 2 0.009220 0.031558 0.949368 0.006278 0.003576
2 2 0.010588 0.033217 0.945297 0.007144 0.003753
2 2 0.025879 0.122534 0.817829 0.007998 0.025760
2 2 0.020408 0.051891 0.907700 0.012562 0.007439
2 2 0.016097 0.060359 0.907181 0.007796 0.008567
2 1 0.026621 0.097673 0.845860 0.011196 0.018651
2 1 0.094791 0.252401 0.468477 0.040060 0.144271
2 1 0.013396 0.054064 0.917599 0.006847 0.008095
2 1 0.031541 0.078522 0.860421 0.015770 0.013746
2 2 0.004430 0.016576 0.972968 0.004501 0.001525
2 2 0.019860 0.082514 0.876194 0.008297 0.013135
2 2 0.013159 0.045581 0.928201 0.007388 0.005671
2 2 0.003670 0.012777 0.975716 0.006524 0.001313
2 2 0.014493 0.058093 0.912665 0.006806 0.007943
2 2 0.014255 0.058027 0.911840 0.007607 0.008270
2 2 0.004628 0.017077 0.972023 0.004671 0.001600
2 2 0.008806 0.027504 0.953675 0.006836 0.003179
2 2 0.008121 0.025982 0.956543 0.006443 0.002912
2 2 0.008106 0.025719 0.955959 0.007359 0.002856
2 2 0.009003 0.030288 0.951229 0.006502 0.002977
2 2 0.012925 0.050355 0.923678 0.006629 0.006414
2 2 0.007095 0.023913 0.960935 0.005555 0.002502
2 2 0.011973 0.041253 0.935106 0.006626 0.005042
2 2 0.006120 0.020416 0.965078 0.006204 0.002181
2 2 0.010999 0.033337 0.944731 0.006950 0.003983
2 2 0.006019 0.018760 0.964823 0.008188 0.002210
2 2 0.006285 0.020303 0.964182 0.006961 0.002269
2 3 0.004022 0.012995 0.971614 0.009924 0.001445
2 2 0.010400 0.030552 0.947127 0.008095 0.003826
2 2 0.020379 0.052528 0.903612 0.014759 0.008721
2 1 0.037938 0.152839 0.762170 0.011727 0.035327
2 1 0.072240 0.207257 0.614160 0.024921 0.081421
0 1 0.267791 0.173856 0.187524 0.155674 0.215153
4 1 0.144023 0.237691 0.160733 0.088581 0.368971
2 1 0.139146 0.255697 0.276659 0.072556 0.255941
2 1 0.066324 0.250056 0.545599 0.026289 0.111731
2 2 0.041231 0.171785 0.730189 0.012373 0.044421
2 2 0.031320 0.112454 0.820480 0.012414 0.023331
2 2 0.045172 0.179175 0.714653 0.014621 0.046378
2 2 0.036428 0.163940 0.749306 0.010438 0.039888
2 2 0.009553 0.029342 0.950602 0.007042 0.003461
2 2 0.014310 0.050866 0.919794 0.007131 0.007900
2 2 0.015612 0.055043 0.913929 0.007959 0.007457
2 2 0.010091 0.033152 0.947448 0.005849 0.003461
2 2 0.016118 0.065599 0.900185 0.007525 0.010573
2 2 0.009574 0.032690 0.948368 0.005569 0.003799
2 2 0.039856 0.143086 0.771667 0.013307 0.032084
2 1 0.049047 0.168201 0.723677 0.015179 0.043896
2 2 0.008066 0.027270 0.955440 0.006498 0.002727
2 1 0.100384 0.262757 0.416786 0.044248 0.175825
2 2 0.035518 0.095147 0.834195 0.015214 0.019926
2 2 0.048023 0.171414 0.720303 0.014906 0.045354
2 2 0.034347 0.124911 0.801645 0.012656 0.026440
2 2 0.022419 0.091430 0.861547 0.009197 0.015408
2 1 0.161034 0.238103 0.308995 0.081297 0.210570
2 1 0.094739 0.264971 0.376661 0.038173 0.225456
2 2 0.014488 0.066181 0.902257 0.006352 0.010722
2 2 0.004799 0.016128 0.970658 0.006691 0.001723
2 2 0.008240 0.027440 0.954788 0.006720 0.002811
2 2 0.040391 0.185271 0.706535 0.011692 0.056112
2 2 0.037828 0.179464 0.723419 0.011286 0.048002
2 1 0.093866 0.253136 0.470277 0.039896 0.142825
2 1 0.099632 0.278758 0.287014 0.048035 0.286561
2 1 0.128278 0.260105 0.301573 0.063412 0.246632
2 1 0.087814 0.283004 0.347962 0.039325 0.241895
2 2 0.099381 0.276441 0.363223 0.046560 0.214394
2 1 0.102123 0.276916 0.331998 0.048432 0.240530
2 2 0.044512 0.202186 0.675458 0.014348 0.063495
2 1 0.054556 0.225831 0.612672 0.018811 0.088130
2 2 0.047690 0.220940 0.639094 0.016531 0.075746
2 2 0.032844 0.140671 0.788131 0.009117 0.029237
2 2 0.055832 0.237294 0.590876 0.020327 0.095670
2 2 0.038745 0.164549 0.744957 0.011285 0.040465
2 2 0.033355 0.162293 0.755096 0.009082 0.040174
2 2 0.039348 0.192975 0.699443 0.012158 0.056076
2 2 0.132715 0.252863 0.365475 0.065517 0.183430
4 0 0.182355 0.205276 0.158968 0.099782 0.353619
2 1 0.056059 0.265578 0.512773 0.020311 0.145279
2 2 0.044395 0.201255 0.673857 0.013698 0.066795
2 2 0.015139 0.055456 0.914000 0.007228 0.008178
2 2 0.009365 0.029890 0.950739 0.006650 0.003356
2 2 0.006705 0.022613 0.962625 0.005687 0.002370
2 2 0.015746 0.055320 0.913760 0.007306 0.007868
2 2 0.019669 0.078914 0.880957 0.008111 0.012348
2 2 0.007574 0.030979 0.953009 0.005066 0.003371
2 2 0.004595 0.016401 0.972041 0.005353 0.001611
2 2 0.007774 0.026804 0.957069 0.005742 0.002611
2 2 0.020052 0.084820 0.872994 0.007630 0.014503
2 2 0.002543 0.010019 0.981912 0.004649 0.000877
2 2 0.045029 0.227653 0.625575 0.014803 0.086939
2 4 0.020817 0.084436 0.871823 0.008560 0.014363
4 4 0.034818 0.146429 0.056256 0.011973 0.750525
4 4 0.012319 0.100762 0.026805 0.003514 0.856601
4 4 0.013100 0.103156 0.028025 0.003777 0.851942
4 4 0.015467 0.109834 0.031593 0.004591 0.838515
4 4 0.031483 0.205774 0.140508 0.008196 0.614038
4 4 0.020248 0.121309 0.038329 0.006304 0.813811
2 4 0.061154 0.250428 0.476386 0.017911 0.194120
4 4 0.037313 0.216913 0.145853 0.010922 0.588999
4 4 0.032083 0.142888 0.053465 0.010846 0.760718
4 4 0.032670 0.194236 0.118066 0.009017 0.646012
4 4 0.033988 0.177187 0.091370 0.010179 0.687276
4 4 0.046325 0.213842 0.125471 0.016122 0.598240
4 4 0.058159 0.258704 0.211473 0.021011 0.450654
4 4 0.091170 0.260055 0.212363 0.040973 0.395439
4 4 0.029437 0.185821 0.100075 0.008435 0.676232
4 4 0.034763 0.239928 0.190640 0.009707 0.524962
4 4 0.023929 0.136069 0.049187 0.007411 0.783404
4 4 0.048080 0.162054 0.070358 0.017595 0.701913
4 4 0.062868 0.178368 0.084056 0.025275 0.649434
4 4 0.044044 0.263416 0.267912 0.012863 0.411765
4 4 0.036057 0.212794 0.134030 0.010822 0.606297
4 4 0.021077 0.123084 0.039444 0.006609 0.809786
4 4 0.075714 0.182985 0.095474 0.030422 0.615405
4 4 0.029889 0.140021 0.050488 0.010104 0.769498
4 4 0.051385 0.165254 0.073632 0.019054 0.690676
4 4 0.027224 0.134749 0.047313 0.008943 0.781771
4 4 0.041515 0.236472 0.168124 0.013164 0.540725
4 4 0.056370 0.238960 0.158106 0.021356 0.525208
4 1 0.056451 0.195155 0.097136 0.022410 0.628847
4 1 0.046920 0.210787 0.128042 0.015703 0.598548
4 1 0.058361 0.197611 0.102455 0.022853 0.618721
4 0 0.126980 0.199563 0.132072 0.057579 0.483807
4 1 0.120268 0.210328 0.125769 0.061274 0.482360
0 0 0.255978 0.178883 0.185255 0.145761 0.234123
4 0 0.223728 0.190146 0.176736 0.120579 0.288811
4 1 0.115371 0.235924 0.154700 0.060983 0.433022
4 1 0.126856 0.217521 0.128547 0.070283 0.456793
4 1 0.095042 0.272032 0.246633 0.044420 0.341872
4 1 0.108723 0.262295 0.221907 0.054011 0.353064
4 1 0.125449 0.235623 0.157315 0.068977 0.412636
4 1 0.089719 0.280009 0.279362 0.041044 0.309866
4 1 0.098893 0.277362 0.271382 0.047682 0.304680
4 1 0.139411 0.249035 0.205099 0.078060 0.328395
2 1 0.114019 0.269541 0.311394 0.055355 0.249690
2 1 0.089086 0.284456 0.325288 0.040825 0.260345
2 1 0.086807 0.279674 0.326620 0.037364 0.269535
2 1 0.074247 0.276944 0.431129 0.030182 0.187499
2 1 0.066301 0.277947 0.456715 0.026462 0.172575
2 1 0.065712 0.276318 0.449660 0.025182 0.183129
4 1 0.130454 0.257177 0.228767 0.069964 0.313639
4 1 0.106784 0.266686 0.248910 0.051223 0.326397
2 1 0.094334 0.284673 0.296976 0.045742 0.278276
4 0 0.198303 0.198620 0.166832 0.105838 0.330407
2 1 0.079533 0.286563 0.359797 0.034460 0.239646
2 1 0.058456 0.264741 0.517210 0.022017 0.137576
2 1 0.083486 0.280416 0.380702 0.035798 0.219598
2 1 0.071923 0.280298 0.418883 0.028945 0.199951
2 1 0.054327 0.256774 0.541940 0.019381 0.127578
2 1 0.033052 0.142150 0.786050 0.009545 0.029203
2 2 0.007380 0.024895 0.959421 0.005734 0.002569
2 2 0.012520 0.049835 0.925972 0.005751 0.005922
2 2 0.007900 0.026113 0.957177 0.006045 0.002764
2 2 0.007941 0.027661 0.956152 0.005378 0.002867
2 2 0.007644 0.026749 0.957813 0.005216 0.002577
2 2 0.019919 0.080884 0.878013 0.008270 0.012915
2 2 0.003898 0.014957 0.975506 0.004303 0.001335
2 2 0.007766 0.027971 0.956658 0.004835 0.002770
2 2 0.008160 0.027805 0.955548 0.005454 0.003033
2 2 0.013519 0.040348 0.933265 0.007995 0.004874
2 2 0.006154 0.021568 0.965067 0.005063 0.002148
2 2 0.005193 0.019342 0.969251 0.004450 0.001764
2 2 0.006236 0.021585 0.964701 0.005291 0.002187
2 2 0.005282 0.019545 0.968737 0.004648 0.001788
2 2 0.009751 0.032846 0.947819 0.006108 0.003476
2 2 0.005299 0.017459 0.968398 0.006934 0.001911
2 0 0.161438 0.230196 0.347161 0.076055 0.185150
2 0 0.104494 0.258583 0.415192 0.045527 0.176204
2 1 0.084011 0.285762 0.363727 0.037660 0.228840
2 1 0.051797 0.210218 0.646260 0.017001 0.074724
2 1 0.059139 0.250591 0.559436 0.022855 0.107979
2 2 0.021953 0.096794 0.857388 0.007298 0.016567
2 2 0.017461 0.077273 0.885495 0.007304 0.012467
2 2 0.046018 0.191523 0.686947 0.013865 0.061647
2 1 0.082994 0.253661 0.500104 0.034983 0.128258
4 0 0.155884 0.250190 0.223143 0.094892 0.275891
2 1 0.096643 0.269314 0.390176 0.042133 0.201734
2 1 0.039485 0.160456 0.749740 0.011383 0.038936
2 2 0.007150 0.025149 0.960290 0.004969 0.002442
2 2 0.013860 0.045348 0.927569 0.007559 0.005664
2 2 0.007156 0.024796 0.959937 0.005548 0.002563
2 2 0.007232 0.025368 0.959611 0.005353 0.002436
2 2 0.006469 0.021718 0.963632 0.005885 0.002295
2 2 0.004153 0.015889 0.974302 0.004235 0.001420
2 2 0.006981 0.025056 0.960289 0.005380 0.002293
2 2 0.006943 0.023335 0.961595 0.005674 0.002454
2 2 0.004613 0.016186 0.971847 0.005725 0.001629
2 2 0.004387 0.015468 0.972857 0.005739 0.001549
2 2 0.004985 0.018267 0.970378 0.004647 0.001723
2 2 0.004334 0.016025 0.973374 0.004766 0.001501
2 2 0.007819 0.025225 0.957789 0.006372 0.002795
2 2 0.007501 0.024833 0.959078 0.005939 0.002649
2 2 0.004851 0.016674 0.970667 0.006083 0.001725
2 2 0.010593 0.030314 0.946154 0.009010 0.003929
2 2 0.004099 0.013267 0.972244 0.008897 0.001491
2 2 0.004679 0.015318 0.970790 0.007512 0.001701
2 2 0.004506 0.015850 0.972325 0.005727 0.001591
2 2 0.004636 0.014464 0.969127 0.010078 0.001696
2 2 0.006660 0.019001 0.959252 0.012605 0.002483
2 2 0.003585 0.010499 0.962006 0.022638 0.001273
2 2 0.009851 0.028730 0.949227 0.008549 0.003644
2 2 0.004058 0.011044 0.952946 0.030486 0.001465
2 2 0.010134 0.027033 0.946886 0.012059 0.003888
2 2 0.005627 0.016783 0.965208 0.010276 0.002105
2 2 0.006828 0.018581 0.956315 0.015698 0.002578
2 2 0.004926 0.013851 0.959991 0.019429 0.001804
2 2 0.005150 0.013897 0.952680 0.026404 0.001869
2 2 0.006372 0.014752 0.920359 0.056171 0.002346
2 2 0.004658 0.010363 0.878937 0.104376 0.001665
2 2 0.009804 0.016115 0.753339 0.216920 0.003822
2 2 0.005762 0.012782 0.894722 0.084639 0.002094
2 3 0.006580 0.012425 0.805951 0.172604 0.002440
2 2 0.006981 0.014732 0.880176 0.095549 0.002561
2 2 0.006298 0.013264 0.885373 0.092712 0.002353
2 2 0.013453 0.019034 0.647253 0.314866 0.005393
2 2 0.008261 0.012897 0.663170 0.312500 0.003171
2 2 0.009727 0.014819 0.670880 0.300777 0.003797
3 3 0.009149 0.011367 0.420974 0.554908 0.003601
2 3 0.008167 0.012300 0.621365 0.355024 0.003144
3 2 0.010038 0.012282 0.408011 0.565736 0.003933
3 3 0.009083 0.011464 0.446164 0.529694 0.003596
2 3 0.007667 0.011832 0.638914 0.338648 0.002939
3 3 0.006775 0.008893 0.420973 0.560764 0.002596
2 3 0.009754 0.017400 0.819381 0.149692 0.003774
3 3 0.010895 0.013238 0.456396 0.515026 0.004444
3 3 0.008506 0.010759 0.386269 0.591253 0.003213
3 3 0.008898 0.011571 0.454788 0.521294 0.003449
2 3 0.010799 0.017626 0.759342 0.208000 0.004233
3 3 0.011499 0.013814 0.457638 0.512322 0.004726
2 3 0.008433 0.013569 0.705414 0.269334 0.003251
3 3 0.011837 0.014037 0.413990 0.555398 0.004738
2 3 0.008500 0.011563 0.505551 0.471092 0.003294
2 3 0.007097 0.011111 0.624823 0.354300 0.002669
3 3 0.011856 0.014465 0.474587 0.494242 0.004851
2 3 0.009403 0.012236 0.508332 0.466244 0.003785
2 3 0.008889 0.013437 0.623397 0.350889 0.003389
2 3 0.010257 0.013952 0.556498 0.415224 0.004069
3 3 0.009481 0.011742 0.395014 0.580115 0.003648
3 3 0.006421 0.008733 0.329866 0.652830 0.002152
3 3 0.010899 0.013178 0.393540 0.578155 0.004228
2 3 0.010086 0.014418 0.586745 0.384847 0.003904
3 3 0.010355 0.012614 0.398872 0.574129 0.004030
3 3 0.009242 0.011495 0.399231 0.576469 0.003563
3 3 0.008956 0.011134 0.442771 0.533544 0.003595
3 3 0.010044 0.012565 0.344679 0.629151 0.003562
2 3 0.007050 0.012027 0.733188 0.245065 0.002670
3 3 0.007108 0.009268 0.405833 0.575096 0.002694
2 3 0.008292 0.011142 0.508492 0.468805 0.003269
3 3 0.012095 0.014744 0.465533 0.502721 0.004907
2 3 0.010235 0.015828 0.690452 0.279499 0.003985
3 3 0.007297 0.009452 0.419104 0.561338 0.002809
3 3 0.005649 0.008339 0.191983 0.792635 0.001394
3 3 0.008713 0.010945 0.405917 0.571063 0.003363
3 3 0.008333 0.010536 0.417778 0.560111 0.003242
3 3 0.008012 0.010212 0.412294 0.566393 0.003089
3 3 0.007372 0.010018 0.272802 0.707572 0.002236
3 3 0.007250 0.009393 0.425449 0.555101 0.002807
3 3 0.006485 0.008818 0.334982 0.647537 0.002177
3 3 0.008554 0.010730 0.440043 0.537262 0.003410
2 3 0.012078 0.016219 0.566170 0.400712 0.004820
3 3 0.010785 0.012984 0.428947 0.542940 0.004344
3 3 0.009797 0.012044 0.405881 0.568456 0.003822
3 3 0.009359 0.011620 0.394422 0.581003 0.003595
3 3 0.010183 0.012413 0.416146 0.557229 0.004028
3 3 0.008175 0.010617 0.331883 0.646508 0.002817
3 3 0.010774 0.013352 0.453905 0.517666 0.004304
3 3 0.008323 0.010566 0.388907 0.589059 0.003146
2 3 0.010608 0.015616 0.653336 0.316249 0.004191
2 3 0.010425 0.018049 0.792978 0.174543 0.004005
2 3 0.013142 0.017080 0.549284 0.415186 0.005308
3 3 0.005832 0.008372 0.244982 0.739182 0.001633
3 3 0.010504 0.012725 0.419141 0.553451 0.004179
3 3 0.008206 0.010371 0.440401 0.537762 0.003260
3 3 0.010901 0.013127 0.413258 0.558388 0.004327
2 3 0.008124 0.014016 0.765245 0.209514 0.003101
3 3 0.013191 0.015476 0.384447 0.581774 0.005111
3 3 0.006990 0.009148 0.400253 0.580979 0.002631
3 3 0.009391 0.011641 0.402050 0.573283 0.003635
2 3 0.012425 0.015450 0.504356 0.462681 0.005087
2 2 0.016237 0.042553 0.922735 0.012579 0.005895
2 1 0.025992 0.091809 0.853411 0.011913 0.016876
2 1 0.068421 0.235089 0.561098 0.024332 0.111059
2 1 0.115498 0.230504 0.466255 0.045487 0.142256
2 1 0.075799 0.269609 0.460885 0.030990 0.162717
2 1 0.083051 0.254726 0.487080 0.033559 0.141584
2 1 0.093664 0.270371 0.386671 0.039979 0.209316
2 1 0.094943 0.247498 0.477790 0.038914 0.140855
2 1 0.092059 0.278757 0.357939 0.041192 0.230053
2 2 0.042160 0.188439 0.701828 0.013019 0.054555
2 2 0.028472 0.115550 0.825219 0.009713 0.021045
2 0 0.090881 0.242304 0.486604 0.034057 0.146153
2 1 0.056174 0.231190 0.597155 0.019429 0.096052
2 2 0.007150 0.024698 0.960089 0.005628 0.002434
2 1 0.051446 0.204992 0.652945 0.016096 0.074520
2 1 0.013749 0.040039 0.932357 0.009061 0.004794
2 1 0.092402 0.255139 0.426763 0.035023 0.190673
2 1 0.063659 0.268777 0.491496 0.024514 0.151554
2 2 0.029446 0.120847 0.816590 0.009601 0.023516
2 1 0.064959 0.235745 0.568819 0.023180 0.107297
2 1 0.068657 0.271564 0.466861 0.026897 0.166021
2 1 0.019952 0.082166 0.878183 0.007907 0.011791
2 2 0.067834 0.260762 0.507257 0.026435 0.137712
2 2 0.064877 0.255983 0.518097 0.023869 0.137173
2 2 0.014612 0.055346 0.915891 0.007403 0.006747
2 2 0.037751 0.165007 0.747028 0.011258 0.038957
2 1 0.096671 0.262703 0.380611 0.038805 0.221210
2 1 0.052656 0.227414 0.614456 0.018275 0.087199
2 2 0.007040 0.025410 0.960232 0.004988 0.002330
2 1 0.146264 0.243242 0.271448 0.070388 0.268658
4 1 0.097278 0.273411 0.276239 0.044466 0.308605
2 1 0.087703 0.276878 0.347946 0.036998 0.250476
2 1 0.099622 0.272624 0.340559 0.044380 0.242815
4 1 0.144888 0.229369 0.154014 0.085222 0.386507
4 1 0.171030 0.218214 0.150242 0.106788 0.353726
0 1 0.274791 0.170650 0.188639 0.161749 0.204171
4 1 0.235341 0.192723 0.175292 0.148282 0.248363
4 1 0.193509 0.213008 0.159079 0.126057 0.308347
4 1 0.202825 0.211112 0.161677 0.136928 0.287458
4 1 0.128706 0.263641 0.237422 0.071371 0.298859
0 0 0.292031 0.162018 0.190609 0.177432 0.177910
4 1 0.189155 0.215086 0.157096 0.123936 0.314728
4 1 0.176737 0.219240 0.160059 0.109843 0.334122
4 1 0.171113 0.229046 0.174711 0.107143 0.317988
4 1 0.162522 0.235307 0.191874 0.096081 0.314216
4 1 0.175663 0.234427 0.207591 0.107915 0.274404
4 1 0.187600 0.222520 0.184292 0.117726 0.287863
4 1 0.220339 0.201496 0.169067 0.144063 0.265035
0 1 0.289832 0.163178 0.190422 0.175370 0.181198
0 0 0.292031 0.162018 0.190609 0.177432 0.177910
4 1 0.150656 0.215364 0.142173 0.084802 0.407006
4 1 0.133127 0.234246 0.161140 0.073988 0.397499
4 1 0.134705 0.247219 0.183134 0.077699 0.357243
4 1 0.178505 0.218572 0.161079 0.110787 0.331058
4 1 0.189290 0.212778 0.158178 0.119664 0.320090
4 1 0.216637 0.201377 0.169035 0.136470 0.276482
4 1 0.240091 0.189778 0.177347 0.148876 0.243908
4 1 0.158138 0.228991 0.157497 0.098614 0.356760
4 1 0.183327 0.222685 0.170396 0.118500 0.305093
4 1 0.203688 0.204126 0.165640 0.122334 0.304212
4 1 0.203508 0.205919 0.164675 0.125862 0.300036
4 1 0.196417 0.212055 0.160151 0.128438 0.302939
4 1 0.240404 0.187483 0.179369 0.141555 0.251189
0 0 0.263368 0.177322 0.184718 0.159445 0.215147
0 0 0.292031 0.162018 0.190609 0.177432 0.177910
4 0 0.209590 0.193924 0.171983 0.110294 0.314210
4 1 0.149607 0.227396 0.150701 0.090313 0.381983
0 1 0.292031 0.162018 0.190609 0.177432 0.177910
0 1 0.289943 0.163120 0.190432 0.175473 0.181032
0 1 0.266152 0.174982 0.186700 0.156266 0.215898
0 1 0.292031 0.162018 0.190609 0.177432 0.177910
4 1 0.233015 0.191387 0.176563 0.138887 0.260148
4 1 0.185937 0.206848 0.159629 0.105674 0.341913
0 1 0.279912 0.169017 0.187539 0.172947 0.190584
0 1 0.269590 0.173395 0.187317 0.159109 0.210589
0 1 0.250440 0.181982 0.183171 0.144462 0.239945
0 0 0.292031 0.162018 0.190609 0.177432 0.177910
0 0 0.259625 0.177383 0.186007 0.148777 0.228209
4 1 0.199451 0.201574 0.165865 0.112065 0.321045
4 1 0.163232 0.229548 0.173067 0.098060 0.336093
0 0 0.269908 0.172905 0.187880 0.157495 0.211812
0 0 0.292031 0.162018 0.190609 0.177432 0.177910
0 0 0.292031 0.162018 0.190609 0.177432 0.177910
0 0 0.292031 0.162018 0.190609 0.177432 0.177910
0 0 0.292031 0.162018 0.190609 0.177432 0.177910
0 0 0.292031 0.162018 0.190609 0.177432 0.177910
0 0 0.292031 0.162018 0.190609 0.177432 0.177910
0 0 0.292031 0.162018 0.190609 0.177432 0.177910
0 0 0.292031 0.162018 0.190609 0.177432 0.177910
0 0 0.292031 0.162018 0.190609 0.177432 0.177910
0 0 0.292031 0.162018 0.190609 0.177432 0.177910
0 0 0.292031 0.162018 0.190609 0.177432 0.177910
0 0 0.292031 0.162018 0.190609 0.177432 0.177910
0 0 0.265548 0.174848 0.187130 0.153759 0.218714
0 0 0.292031 0.162018 0.190609 0.177432 0.177910
0 0 0.292031 0.162018 0.190609 0.177432 0.177910
0 0 0.292031 0.162018 0.190609 0.177432 0.177910
0 0 0.292031 0.162018 0.190609 0.177432 0.177910
0 0 0.292031 0.162018 0.190609 0.177432 0.177910
0 0 0.292031 0.162018 0.190609 0.177432 0.177910
0 0 0.292031 0.162018 0.190609 0.177432 0.177910
0 0 0.292031 0.162018 0.190609 0.177432 0.177910
0 0 0.292031 0.162018 0.190609 0.177432 0.177910
0 0 0.292031 0.162018 0.190609 0.177432 0.177910
0 0 0.288836 0.163698 0.190331 0.174442 0.182694
0 0 0.248939 0.181649 0.183680 0.140041 0.245691
4 0 0.206856 0.195277 0.170666 0.109576 0.317625
0 0 0.292031 0.162018 0.190609 0.177432 0.177910
0 0 0.292031 0.162018 0.190609 0.177432 0.177910
0 0 0.292031 0.162018 0.190609 0.177432 0.177910
0 0 0.292031 0.162018 0.190609 0.177432 0.177910
0 0 0.292031 0.162018 0.190609 0.177432 0.177910
0 0 0.292031 0.162018 0.190609 0.177432 0.177910
0 0 0.292031 0.162018 0.190609 0.177432 0.177910
0 0 0.292031 0.162018 0.190609 0.177432 0.177910
0 0 0.292031 0.162018 0.190609 0.177432 0.177910
0 0 0.292031 0.162018 0.190609 0.177432 0.177910
0 0 0.292031 0.162018 0.190609 0.177432 0.177910
0 0 0.292031 0.162018 0.190609 0.177432 0.177910
0 0 0.292031 0.162018 0.190609 0.177432 0.177910
0 0 0.292031 0.162018 0.190609 0.177432 0.177910
0 0 0.292031 0.162018 0.190609 0.177432 0.177910
0 0 0.292031 0.162018 0.190609 0.177432 0.177910
0 0 0.292031 0.162018 0.190609 0.177432 0.177910
0 0 0.292031 0.162018 0.190609 0.177432 0.177910
0 0 0.292031 0.162018 0.190609 0.177432 0.177910
0 0 0.292031 0.162018 0.190609 0.177432 0.177910
0 0 0.292031 0.162018 0.190609 0.177432 0.177910
0 0 0.292031 0.162018 0.190609 0.177432 0.177910
0 0 0.292031 0.162018 0.190609 0.177432 0.177910
0 0 0.292031 0.162018 0.190609 0.177432 0.177910
0 0 0.292031 0.162018 0.190609 0.177432 0.177910
0 0 0.292031 0.162018 0.190609 0.177432 0.177910
0 0 0.292031 0.162018 0.190609 0.177432 0.177910
0 0 0.292031 0.162018 0.190609 0.177432 0.177910
0 0 0.292031 0.162018 0.190609 0.177432 0.177910
0 0 0.292031 0.162018 0.190609 0.177432 0.177910
0 0 0.292031 0.162018 0.190609 0.177432 0.177910
0 0 0.269871 0.172922 0.187874 0.157463 0.211870
0 0 0.292031 0.162018 0.190609 0.177432 0.177910
0 0 0.292031 0.162018 0.190609 0.177432 0.177910
0 0 0.292031 0.162018 0.190609 0.177432 0.177910
0 0 0.292031 0.162018 0.190609 0.177432 0.177910
0 0 0.292031 0.162018 0.190609 0.177432 0.177910
0 0 0.292031 0.162018 0.190609 0.177432 0.177910
0 0 0.292031 0.162018 0.190609 0.177432 0.177910
0 0 0.292031 0.162018 0.190609 0.177432 0.177910
0 0 0.292031 0.162018 0.190609 0.177432 0.177910
0 0 0.292031 0.162018 0.190609 0.177432 0.177910
0 0 0.292031 0.162018 0.190609 0.177432 0.177910
0 0 0.292031 0.162018 0.190609 0.177432 0.177910
0 0 0.292031 0.162018 0.190609 0.177432 0.177910
0 0 0.292031 0.162018 0.190609 0.177432 0.177910
0 0 0.264957 0.175106 0.187024 0.153258 0.219654
0 0 0.292031 0.162018 0.190609 0.177432 0.177910
0 0 0.292031 0.162018 0.190609 0.177432 0.177910
0 0 0.292031 0.162018 0.190609 0.177432 0.177910
0 0 0.292031 0.162018 0.190609 0.177432 0.177910
0 0 0.292031 0.162018 0.190609 0.177432 0.177910
0 0 0.292031 0.162018 0.190609 0.177432 0.177910
0 0 0.292031 0.162018 0.190609 0.177432 0.177910
0 0 0.292031 0.162018 0.190609 0.177432 0.177910
0 0 0.292031 0.162018 0.190609 0.177432 0.177910
0 0 0.292031 0.162018 0.190609 0.177432 0.177910
0 0 0.292031 0.162018 0.190609 0.177432 0.177910
0 0 0.292031 0.162018 0.190609 0.177432 0.177910
0 0 0.292031 0.162018 0.190609 0.177432 0.177910
0 0 0.292031 0.162018 0.190609 0.177432 0.177910
0 0 0.292031 0.162018 0.190609 0.177432 0.177910
0 0 0.292031 0.162018 0.190609 0.177432 0.177910
0 0 0.292031 0.162018 0.190609 0.177432 0.177910
0 0 0.292031 0.162018 0.190609 0.177432 0.177910
0 0 0.292031 0.162018 0.190609 0.177432 0.177910
0 0 0.292031 0.162018 0.190609 0.177432 0.177910
0 1 0.260063 0.177545 0.185695 0.150624 0.226072
4 1 0.187599 0.211243 0.158376 0.114727 0.328054
0 0 0.276587 0.169800 0.188896 0.163334 0.201383
0 0 0.292031 0.162018 0.190609 0.177432 0.177910
0 0 0.292031 0.162018 0.190609 0.177432 0.177910
0 0 0.292031 0.162018 0.190609 0.177432 0.177910
0 0 0.292031 0.162018 0.190609 0.177432 0.177910
0 0 0.292031 0.162018 0.190609 0.177432 0.177910
0 0 0.292031 0.162018 0.190609 0.177432 0.177910
0 0 0.292031 0.162018 0.190609 0.177432 0.177910
0 0 0.292031 0.162018 0.190609 0.177432 0.177910
0 1 0.278211 0.169021 0.189119 0.164777 0.198872
4 1 0.222733 0.193250 0.174751 0.126167 0.283100
4 1 0.157787 0.216664 0.145232 0.092012 0.388305
4 1 0.167860 0.212013 0.151029 0.095262 0.373836
0 1 0.292031 0.162018 0.190609 0.177432 0.177910
0 0 0.292031 0.162018 0.190609 0.177432 0.177910
0 1 0.292031 0.162018 0.190609 0.177432 0.177910
0 0 0.292031 0.162018 0.190609 0.177432 0.177910
0 0 0.292031 0.162018 0.190609 0.177432 0.177910
0 0 0.292031 0.162018 0.190609 0.177432 0.177910
0 0 0.292031 0.162018 0.190609 0.177432 0.177910
0 0 0.292031 0.162018 0.190609 0.177432 0.177910
0 0 0.292031 0.162018 0.190609 0.177432 0.177910
0 0 0.292031 0.162018 0.190609 0.177432 0.177910
0 0 0.292031 0.162018 0.190609 0.177432 0.177910
0 0 0.292031 0.162018 0.190609 0.177432 0.177910
0 0 0.292031 0.162018 0.190609 0.177432 0.177910
0 0 0.292031 0.162018 0.190609 0.177432 0.177910
0 0 0.292031 0.162018 0.190609 0.177432 0.177910
0 0 0.292031 0.162018 0.190609 0.177432 0.177910
0 0 0.292031 0.162018 0.190609 0.177432 0.177910
0 0 0.292031 0.162018 0.190609 0.177432 0.177910
0 0 0.292031 0.162018 0.190609 0.177432 0.177910
0 0 0.292031 0.162018 0.190609 0.177432 0.177910
0 0 0.292031 0.162018 0.190609 0.177432 0.177910
0 0 0.292031 0.162018 0.190609 0.177432 0.177910
0 0 0.292031 0.162018 0.190609 0.177432 0.177910
0 0 0.292031 0.162018 0.190609 0.177432 0.177910
0 0 0.292031 0.162018 0.190609 0.177432 0.177910
0 0 0.292031 0.162018 0.190609 0.177432 0.177910
0 0 0.292031 0.162018 0.190609 0.177432 0.177910
0 0 0.292031 0.162018 0.190609 0.177432 0.177910
0 0 0.292031 0.162018 0.190609 0.177432 0.177910
0 0 0.292031 0.162018 0.190609 0.177432 0.177910
0 0 0.292031 0.162018 0.190609 0.177432 0.177910
0 0 0.292031 0.162018 0.190609 0.177432 0.177910
0 0 0.292031 0.162018 0.190609 0.177432 0.177910
0 0 0.292031 0.162018 0.190609 0.177432 0.177910
0 0 0.292031 0.162018 0.190609 0.177432 0.177910
0 0 0.292031 0.162018 0.190609 0.177432 0.177910
0 0 0.292031 0.162018 0.190609 0.177432 0.177910
0 0 0.292031 0.162018 0.190609 0.177432 0.177910
0 0 0.292031 0.162018 0.190609 0.177432 0.177910
0 0 0.292031 0.162018 0.190609 0.177432 0.177910
0 0 0.292031 0.162018 0.190609 0.177432 0.177910
0 0 0.292031 0.162018 0.190609 0.177432 0.177910
0 0 0.292031 0.162018 0.190609 0.177432 0.177910
0 0 0.292031 0.162018 0.190609 0.177432 0.177910
0 0 0.292031 0.162018 0.190609 0.177432 0.177910
0 0 0.292031 0.162018 0.190609 0.177432 0.177910
0 0 0.292031 0.162018 0.190609 0.177432 0.177910
0 0 0.292031 0.162018 0.190609 0.177432 0.177910
0 0 0.292031 0.162018 0.190609 0.177432 0.177910
0 0 0.292031 0.162018 0.190609 0.177432 0.177910
0 0 0.292031 0.162018 0.190609 0.177432 0.177910
0 0 0.292031 0.162018 0.190609 0.177432 0.177910
0 0 0.292031 0.162018 0.190609 0.177432 0.177910
0 0 0.292031 0.162018 0.190609 0.177432 0.177910
0 0 0.292031 0.162018 0.190609 0.177432 0.177910
0 0 0.292031 0.162018 0.190609 0.177432 0.177910
0 0 0.292031 0.162018 0.190609 0.177432 0.177910
0 0 0.292031 0.162018 0.190609 0.177432 0.177910
0 0 0.292031 0.162018 0.190609 0.177432 0.177910
0 0 0.292031 0.162018 0.190609 0.177432 0.177910
0 0 0.257900 0.178098 0.185657 0.147346 0.230999
0 0 0.292031 0.162018 0.190609 0.177432 0.177910
