1 0 0.199136 0.231694 0.218927 0.140477 0.209766
2 0 0.052020 0.199149 0.550449 0.063151 0.135231
2 0 0.069897 0.215963 0.481457 0.077543 0.155140
2 0 0.146095 0.228842 0.325430 0.112359 0.187274
2 0 0.086430 0.226431 0.427816 0.089461 0.169862
2 0 0.070011 0.216049 0.481057 0.077630 0.155253
2 0 0.082244 0.221374 0.448049 0.084859 0.163474
1 0 0.188485 0.237312 0.215019 0.143383 0.215801
2 0 0.151480 0.240558 0.275103 0.127043 0.205815
2 0 0.131857 0.239598 0.313649 0.117029 0.197867
2 0 0.091151 0.228737 0.413912 0.092656 0.173544
1 0 0.188485 0.237312 0.215019 0.143383 0.215801
2 0 0.088487 0.227469 0.421689 0.090864 0.171492
1 0 0.186175 0.237672 0.218357 0.142452 0.215344
1 0 0.188485 0.237312 0.215019 0.143383 0.215801
1 0 0.188485 0.237312 0.215019 0.143383 0.215801
1 0 0.188485 0.237312 0.215019 0.143383 0.215801
0 0 0.247765 0.214847 0.198221 0.140529 0.198638
1 0 0.188485 0.237312 0.215019 0.143383 0.215801
1 0 0.213994 0.228335 0.203127 0.144224 0.210319
2 0 0.159180 0.240371 0.261351 0.130705 0.208393
0 0 0.689578 0.078783 0.054718 0.090636 0.086285
0 0 0.975526 0.004337 0.002102 0.011925 0.006109
0 0 0.666642 0.085374 0.060050 0.095254 0.092680
0 0 0.976824 0.004070 0.001959 0.011386 0.005761
0 0 0.986163 0.002219 0.000998 0.007325 0.003295
0 0 0.991262 0.001285 0.000543 0.004918 0.001991
0 0 0.885085 0.025669 0.015316 0.042665 0.031265
0 0 0.921576 0.016623 0.009410 0.031385 0.021006
0 0 0.930113 0.014573 0.008122 0.028574 0.018618
0 0 0.940067 0.012223 0.006673 0.025196 0.015842
0 0 0.868996 0.029777 0.018098 0.047326 0.035803
0 0 0.830355 0.039880 0.025162 0.057892 0.046711
0 0 0.968739 0.005768 0.002888 0.014662 0.007943
0 0 0.783251 0.052570 0.034422 0.069758 0.059999
0 0 0.451916 0.149992 0.117239 0.129609 0.151243
0 0 0.772247 0.055586 0.036680 0.072389 0.063098
0 0 0.859870 0.032135 0.019720 0.049897 0.038378
0 0 0.805043 0.046653 0.030054 0.064395 0.053855
0 0 0.902885 0.021205 0.012360 0.037297 0.026253
0 0 0.658040 0.087862 0.062086 0.096939 0.095073
0 0 0.949048 0.010144 0.005419 0.022040 0.013349
0 0 0.639859 0.093149 0.066456 0.100415 0.100121
0 0 0.426414 0.142897 0.138323 0.142823 0.149544
0 0 0.630562 0.084489 0.058946 0.140149 0.085854
0 0 0.928688 0.014913 0.008334 0.029048 0.019016
0 0 0.347018 0.183515 0.151040 0.139942 0.178485
1 0 0.188485 0.237312 0.215019 0.143383 0.215801
2 0 0.141775 0.240359 0.293506 0.122216 0.202144
2 0 0.127030 0.232807 0.343963 0.108796 0.187404
2 0 0.181773 0.227718 0.268855 0.125590 0.196063
0 0 0.570711 0.113602 0.083906 0.112601 0.119180
0 0 0.976639 0.004108 0.001979 0.011463 0.005811
0 0 0.850177 0.034659 0.021474 0.052575 0.041115
0 0 0.919389 0.017153 0.009746 0.032093 0.021619
0 0 0.957655 0.008196 0.004272 0.018902 0.010974
0 0 0.989542 0.001592 0.000690 0.005750 0.002426
0 0 0.975535 0.004336 0.002101 0.011921 0.006107
0 0 0.985148 0.002413 0.001095 0.007785 0.003559
0 0 0.984770 0.002485 0.001132 0.007955 0.003658
0 0 0.975589 0.004324 0.002095 0.011899 0.006092
0 0 0.981920 0.003042 0.001417 0.009215 0.004407
0 0 0.949573 0.010024 0.005347 0.021852 0.013204
0 0 0.992263 0.001111 0.000462 0.004422 0.001741
0 0 0.955612 0.008654 0.004539 0.019658 0.011536
0 0 0.934191 0.013605 0.007521 0.027204 0.017479
0 0 0.954582 0.008887 0.004675 0.020037 0.011820
0 0 0.955887 0.008593 0.004503 0.019557 0.011460
0 0 0.973540 0.004751 0.002327 0.012739 0.006643
0 0 0.977957 0.003838 0.001835 0.010911 0.005458
0 0 0.931177 0.014320 0.007964 0.028218 0.018320
0 0 0.853453 0.033803 0.020878 0.051676 0.040190
0 0 0.766855 0.057070 0.037799 0.073660 0.064616
0 0 0.606355 0.102992 0.074744 0.106524 0.109385
0 0 0.965026 0.006570 0.003339 0.016111 0.008954
0 0 0.944058 0.011294 0.006109 0.023807 0.014733
0 0 0.616396 0.100029 0.072228 0.104734 0.106614
0 0 0.555592 0.118145 0.087903 0.115047 0.123313
0 0 0.972995 0.004865 0.002389 0.012961 0.006790
0 0 0.594301 0.106564 0.077802 0.108628 0.112705
0 0 0.480771 0.141006 0.108716 0.125956 0.143552
0 1 0.939328 0.012396 0.006778 0.025450 0.016048
0 1 0.656240 0.088384 0.062515 0.097288 0.095574
2 1 0.151049 0.240560 0.275894 0.126834 0.205662
1 2 0.188485 0.237312 0.215019 0.143383 0.215801
2 2 0.061529 0.208940 0.512090 0.071024 0.146418
2 2 0.078438 0.221872 0.452717 0.083848 0.163124
2 2 0.127187 0.239023 0.323643 0.114492 0.195655
2 2 0.095940 0.230812 0.400368 0.095811 0.177069
2 2 0.094823 0.230351 0.403479 0.095083 0.176265
2 2 0.047517 0.193698 0.570179 0.059227 0.129379
2 2 0.036943 0.178261 0.621459 0.049429 0.113909
2 2 0.047767 0.194016 0.569055 0.059448 0.129714
2 2 0.043018 0.187627 0.591074 0.055165 0.123117
2 2 0.046122 0.191886 0.576527 0.057983 0.127483
2 2 0.028932 0.163306 0.666271 0.041348 0.100143
2 3 0.025185 0.154987 0.689595 0.037324 0.092909
2 3 0.028924 0.076950 0.662686 0.181362 0.050079
2 3 0.022972 0.054853 0.643025 0.244970 0.034179
2 3 0.043304 0.148411 0.607638 0.101345 0.099302
2 3 0.058532 0.168071 0.538350 0.119307 0.115740
2 3 0.051948 0.076212 0.460475 0.357190 0.054175
3 3 0.021962 0.024475 0.221693 0.717483 0.014387
2 3 0.088154 0.213244 0.373147 0.185394 0.140062
3 3 0.044890 0.049459 0.243334 0.630486 0.031831
3 3 0.019554 0.025720 0.321992 0.617621 0.015113
3 3 0.034798 0.039923 0.237360 0.663333 0.024586
2 3 0.056332 0.130836 0.499430 0.227940 0.085462
3 3 0.058676 0.087874 0.303576 0.495034 0.054840
3 3 0.058437 0.080603 0.313473 0.494352 0.053134
3 3 0.033220 0.045913 0.340379 0.551903 0.028585
3 3 0.023846 0.027800 0.239719 0.692147 0.016489
3 3 0.066693 0.102923 0.337517 0.425743 0.067125
3 3 0.072854 0.085710 0.256108 0.527409 0.057919
3 3 0.051761 0.077975 0.344249 0.476290 0.049725
3 3 0.013906 0.015912 0.128182 0.833940 0.008059
3 3 0.008856 0.010598 0.096099 0.879650 0.004797
3 3 0.022549 0.023921 0.179400 0.760353 0.013778
3 3 0.006691 0.008238 0.079977 0.901592 0.003502
3 3 0.011815 0.012842 0.126602 0.842278 0.006463
3 3 0.007292 0.008130 0.095648 0.885187 0.003743
3 3 0.009495 0.010445 0.166678 0.807953 0.005429
3 3 0.007427 0.007767 0.109718 0.871309 0.003779
3 3 0.006275 0.006592 0.095850 0.888190 0.003092
3 3 0.026483 0.033767 0.317427 0.601179 0.021144
3 3 0.012791 0.015841 0.227305 0.735584 0.008479
3 3 0.043412 0.055572 0.344804 0.519029 0.037182
3 3 0.007905 0.008097 0.111626 0.868305 0.004067
3 3 0.008741 0.010063 0.100533 0.875946 0.004717
3 3 0.008905 0.009972 0.143875 0.832210 0.005038
3 3 0.034820 0.044540 0.324827 0.566864 0.028950
3 3 0.004579 0.005590 0.066222 0.921331 0.002279
3 3 0.014390 0.016980 0.125103 0.834962 0.008565
3 3 0.010917 0.011082 0.148658 0.823361 0.005983
3 3 0.004425 0.004694 0.078812 0.909997 0.002072
3 3 0.019172 0.019788 0.171428 0.778036 0.011575
3 3 0.003915 0.004851 0.059750 0.929588 0.001896
3 3 0.012690 0.014180 0.126350 0.839544 0.007236
3 3 0.014785 0.016301 0.138785 0.821571 0.008559
3 3 0.022826 0.026596 0.159076 0.776820 0.014682
3 0 0.011471 0.011403 0.153787 0.817020 0.006320
3 3 0.061255 0.060130 0.296772 0.537941 0.043902
2 3 0.023157 0.062495 0.672134 0.203244 0.038969
2 3 0.011141 0.017596 0.485227 0.475541 0.010494
2 3 0.026972 0.065742 0.635708 0.229545 0.042032
2 3 0.019320 0.041566 0.631867 0.281283 0.025964
2 3 0.015013 0.037245 0.680110 0.245247 0.022385
2 3 0.007463 0.016499 0.703251 0.262984 0.009802
3 3 0.006341 0.009177 0.369599 0.609890 0.004994
2 3 0.009413 0.017035 0.524478 0.439384 0.009689
3 3 0.008867 0.013133 0.323505 0.647462 0.007033
3 3 0.004820 0.005266 0.227128 0.759966 0.002819
3 3 0.007762 0.008913 0.183937 0.794776 0.004612
3 3 0.006005 0.008018 0.272656 0.709224 0.004096
3 3 0.007405 0.008201 0.205071 0.774944 0.004378
3 3 0.004617 0.005515 0.268562 0.718401 0.002905
3 3 0.008753 0.013817 0.461787 0.507764 0.007879
3 3 0.007466 0.009086 0.226111 0.752615 0.004722
3 3 0.011144 0.011422 0.132771 0.838643 0.006019
3 3 0.007896 0.008741 0.215737 0.762865 0.004760
3 3 0.011820 0.013193 0.189741 0.778076 0.007170
3 3 0.010371 0.011468 0.198816 0.773127 0.006219
3 3 0.006209 0.006338 0.140702 0.843523 0.003228
3 3 0.005287 0.005444 0.090046 0.896686 0.002537
3 3 0.006023 0.006713 0.086615 0.897632 0.003016
3 3 0.004231 0.004746 0.071325 0.917687 0.002011
3 3 0.002503 0.002831 0.053337 0.940239 0.001090
3 3 0.003727 0.004411 0.061972 0.928119 0.001772
3 3 0.009169 0.010853 0.219895 0.754203 0.005880
3 3 0.017937 0.021457 0.261740 0.686218 0.012649
3 -1 0.010456 0.012251 0.107604 0.863862 0.005828
3 0 0.015686 0.016997 0.146018 0.811986 0.009314
2 0 0.106381 0.228920 0.378366 0.104387 0.181946
2 0 0.133371 0.204791 0.332409 0.149811 0.179619
2 0 0.037281 0.178822 0.619695 0.049757 0.114446
2 0 0.124701 0.164659 0.354633 0.216348 0.139660
2 1 0.030275 0.166059 0.658316 0.042749 0.102600
2 1 0.018990 0.138682 0.732605 0.030243 0.079480
2 1 0.017821 0.135150 0.741503 0.028835 0.076692
2 1 0.006062 0.041218 0.906239 0.018683 0.027798
2 1 0.017975 0.135626 0.740311 0.029022 0.077066
2 0 0.012095 0.112401 0.792972 0.021788 0.060744
2 1 0.089007 0.227723 0.420156 0.091216 0.171898
2 2 0.045537 0.191108 0.579221 0.057457 0.126677
2 2 0.018638 0.137636 0.735255 0.029821 0.078650
2 2 0.085132 0.225748 0.431741 0.088567 0.168812
2 2 0.019987 0.141565 0.725238 0.031424 0.081787
2 2 0.009318 0.077034 0.847633 0.020702 0.045313
2 2 0.017203 0.130711 0.749252 0.028399 0.074435
2 2 0.029703 0.164899 0.661683 0.042154 0.101561
2 2 0.008490 0.070727 0.859163 0.019735 0.041885
2 2 0.006526 0.061872 0.879862 0.016226 0.035514
2 2 0.006903 0.068460 0.870122 0.016266 0.038249
2 2 0.012045 0.086205 0.823838 0.025229 0.052683
2 2 0.016214 0.112312 0.774901 0.029268 0.067306
2 2 0.008304 0.058120 0.874708 0.021464 0.037404
2 3 0.019172 0.139215 0.731249 0.030459 0.079905
2 3 0.010060 0.026854 0.857428 0.085849 0.019809
2 3 0.124521 0.150771 0.355443 0.237627 0.131638
2 2 0.020635 0.083490 0.788767 0.045634 0.061474
2 2 0.022048 0.147187 0.710587 0.033812 0.086367
2 2 0.013730 0.089296 0.812531 0.028229 0.056214
2 3 0.007439 0.055000 0.882879 0.019761 0.034921
2 2 0.027856 0.161015 0.672796 0.040210 0.098123
2 2 0.035412 0.175657 0.629562 0.047934 0.111434
2 4 0.028605 0.162617 0.668241 0.041003 0.099533
2 4 0.112359 0.236162 0.357750 0.106015 0.187714
2 4 0.077934 0.221555 0.454348 0.083486 0.162677
2 4 0.071569 0.217212 0.475643 0.078804 0.156772
2 4 0.065612 0.212533 0.496812 0.074249 0.150794
2 4 0.087566 0.227011 0.424417 0.090238 0.170768
2 4 0.064300 0.211415 0.501649 0.073223 0.149414
2 4 0.088453 0.227452 0.421788 0.090841 0.171466
2 4 0.086239 0.226332 0.428390 0.089330 0.169709
2 4 0.090588 0.228476 0.415540 0.092280 0.173116
2 4 0.103854 0.233710 0.379128 0.100843 0.182464
2 4 0.126740 0.238961 0.324617 0.114246 0.195437
2 4 0.088531 0.227490 0.421559 0.090893 0.171527
2 4 0.087754 0.227105 0.423859 0.090366 0.170916
2 4 0.097499 0.231434 0.396074 0.096820 0.178173
2 4 0.124410 0.238612 0.329747 0.112954 0.194277
2 4 0.095473 0.230621 0.401666 0.095507 0.176734
2 4 0.103495 0.233592 0.380063 0.100620 0.182230
2 4 0.075133 0.219722 0.463562 0.081447 0.160136
1 4 0.182804 0.238164 0.223318 0.141074 0.214640
2 4 0.045453 0.190995 0.579611 0.057381 0.126560
2 4 0.079357 0.222441 0.449760 0.084508 0.163934
2 4 0.170240 0.239624 0.242803 0.135717 0.211615
2 4 0.140602 0.240300 0.295814 0.121617 0.201667
2 4 0.100536 0.232572 0.387869 0.098760 0.180264
2 4 0.079186 0.222336 0.450309 0.084385 0.163784
2 4 0.059487 0.207014 0.519983 0.069377 0.144139
1 1 0.188485 0.237312 0.215019 0.143383 0.215801
2 4 0.098437 0.231795 0.393519 0.097422 0.178827
2 4 0.053064 0.200332 0.546029 0.064042 0.136534
2 4 0.125610 0.238796 0.327094 0.113621 0.194878
2 4 0.159137 0.240373 0.261425 0.130685 0.208380
1 4 0.188485 0.237312 0.215019 0.143383 0.215801
2 4 0.101807 0.233020 0.384493 0.099562 0.181117
2 4 0.051163 0.198156 0.554119 0.062415 0.134148
2 4 0.042683 0.187147 0.592680 0.054856 0.122634
2 4 0.096269 0.230946 0.399458 0.096024 0.177303
2 4 0.063033 0.210303 0.506383 0.072223 0.148058
2 4 0.047478 0.193647 0.570356 0.059192 0.129326
2 4 0.054587 0.202007 0.539677 0.065329 0.138400
2 4 0.081031 0.223447 0.444441 0.085698 0.165383
2 4 0.060165 0.207664 0.517342 0.069927 0.144902
2 4 0.092418 0.229311 0.410276 0.093499 0.174496
2 4 0.054376 0.201779 0.540549 0.065152 0.138144
2 1 0.122901 0.238365 0.333117 0.112109 0.193508
1 1 0.188485 0.237312 0.215019 0.143383 0.215801
2 1 0.037290 0.178837 0.619648 0.049765 0.114461
2 2 0.019528 0.140250 0.728608 0.030882 0.080732
2 2 0.014513 0.124134 0.768404 0.024700 0.068250
2 2 0.035974 0.176625 0.626566 0.048485 0.112350
2 2 0.028418 0.162220 0.669373 0.040806 0.099183
2 1 0.065456 0.212402 0.497384 0.074128 0.150631
2 1 0.116793 0.237194 0.347151 0.108620 0.190242
2 1 0.032133 0.169692 0.647626 0.044655 0.105894
2 1 0.014816 0.125214 0.765820 0.025089 0.069061
2 1 0.011249 0.105721 0.804730 0.020977 0.057322
2 1 0.006429 0.050727 0.893322 0.017775 0.031746
2 2 0.026272 0.157503 0.682649 0.038509 0.095067
2 2 0.003778 0.041268 0.919997 0.011467 0.023491
2 2 0.016268 0.129832 0.754468 0.026834 0.072599
2 2 0.014202 0.080517 0.820505 0.030943 0.053833
2 2 0.032678 0.170722 0.644554 0.045208 0.106838
2 1 0.027753 0.160793 0.673427 0.040100 0.097928
2 1 0.027295 0.159792 0.676249 0.039611 0.097053
2 1 0.018452 0.137077 0.736666 0.029598 0.078208
2 2 0.015763 0.119810 0.768069 0.027400 0.068958
2 2 0.022184 0.147544 0.709643 0.033968 0.086661
2 2 0.005831 0.053057 0.893996 0.015702 0.031414
2 1 0.010801 0.086643 0.829194 0.022531 0.050832
2 1 0.024564 0.137558 0.712135 0.039190 0.086553
2 2 0.014355 0.117235 0.777176 0.025265 0.065970
2 2 0.020780 0.133866 0.731061 0.033781 0.080511
2 2 0.003600 0.021987 0.942818 0.015162 0.016433
2 2 0.021915 0.146838 0.711505 0.033661 0.086080
2 2 0.013226 0.101761 0.800295 0.025248 0.059471
2 2 0.010117 0.055252 0.868638 0.026960 0.039034
2 2 0.023471 0.150831 0.700880 0.035423 0.089395
2 3 0.023000 0.130999 0.725709 0.037832 0.082461
2 2 0.010671 0.055525 0.865540 0.028382 0.039882
2 2 0.026206 0.157355 0.683061 0.038439 0.094939
2 3 0.005819 0.037484 0.911841 0.018830 0.026026
2 2 0.030845 0.162095 0.660884 0.044200 0.101977
2 2 0.032860 0.171064 0.643531 0.045392 0.107153
2 2 0.016752 0.131769 0.749894 0.027525 0.074060
2 2 0.024887 0.152825 0.693219 0.037216 0.091854
2 2 0.021710 0.136464 0.724383 0.034870 0.082574
2 3 0.009146 0.057334 0.871242 0.023855 0.038422
2 2 0.005046 0.023349 0.924324 0.030792 0.016488
2 2 0.015855 0.080599 0.813021 0.034540 0.055985
2 2 0.025915 0.156687 0.684911 0.038122 0.094365
2 2 0.014397 0.047819 0.837831 0.064618 0.035335
2 2 0.006842 0.036945 0.906088 0.023294 0.026831
2 2 0.021606 0.104630 0.761516 0.040578 0.071670
2 2 0.009428 0.036029 0.885004 0.042635 0.026904
2 3 0.015085 0.031859 0.735391 0.195597 0.022067
2 2 0.015419 0.035057 0.750549 0.174684 0.024291
2 2 0.032051 0.169536 0.648090 0.044572 0.105751
2 2 0.016212 0.080269 0.811820 0.035399 0.056300
2 2 0.028050 0.119508 0.719741 0.048536 0.084166
2 2 0.013436 0.048341 0.838392 0.065941 0.033889
2 2 0.011180 0.073714 0.842388 0.025517 0.047201
2 2 0.004886 0.013197 0.878781 0.093999 0.009138
2 2 0.013736 0.079424 0.823872 0.030149 0.052818
2 2 0.006947 0.025037 0.892547 0.058053 0.017416
2 3 0.008748 0.025783 0.848091 0.099995 0.017384
2 3 0.007008 0.025934 0.892409 0.056755 0.017894
2 2 0.017351 0.041924 0.688672 0.225798 0.026255
2 3 0.017228 0.059577 0.797232 0.085485 0.040477
2 3 0.013973 0.041280 0.791856 0.125805 0.027086
2 3 0.016109 0.042903 0.757027 0.155584 0.028377
2 3 0.010162 0.032069 0.861951 0.073250 0.022568
2 3 0.009752 0.036212 0.854413 0.075933 0.023690
2 3 0.006949 0.013452 0.648610 0.322878 0.008111
2 3 0.014075 0.054874 0.819618 0.075965 0.035468
2 3 0.004836 0.010432 0.783801 0.194301 0.006630
2 3 0.008378 0.019897 0.769671 0.189454 0.012599
2 3 0.013485 0.030417 0.721568 0.214741 0.019789
3 3 0.013922 0.020307 0.390511 0.563460 0.011799
2 3 0.011191 0.032856 0.812144 0.122356 0.021454
2 3 0.008162 0.015067 0.589895 0.377939 0.008937
2 3 0.008760 0.019628 0.749892 0.209099 0.012621
2 3 0.008731 0.020469 0.750231 0.207732 0.012838
2 3 0.009514 0.017003 0.636216 0.326518 0.010749
2 3 0.012774 0.020899 0.481850 0.472051 0.012426
2 3 0.018926 0.031536 0.535840 0.393574 0.020124
2 3 0.009551 0.014655 0.522291 0.444611 0.008892
2 3 0.009619 0.017893 0.595161 0.366603 0.010725
2 3 0.009005 0.017066 0.629309 0.334311 0.010308
2 3 0.020001 0.037350 0.519308 0.400941 0.022400
3 3 0.008063 0.011728 0.404220 0.569412 0.006577
3 3 0.004988 0.004767 0.116906 0.870982 0.002357
3 3 0.020971 0.032034 0.394669 0.533333 0.018993
2 3 0.011367 0.019547 0.514039 0.443614 0.011432
3 3 0.009342 0.013092 0.334166 0.636228 0.007172
3 3 0.012227 0.018465 0.423113 0.535547 0.010648
3 3 0.017115 0.023111 0.341361 0.604593 0.013819
3 3 0.021132 0.023910 0.263261 0.676850 0.014848
3 3 0.022135 0.027569 0.306320 0.627012 0.016963
3 3 0.013043 0.015781 0.279541 0.682553 0.009082
3 3 0.010584 0.011971 0.202922 0.768003 0.006521
3 3 0.019749 0.022162 0.234022 0.710845 0.013222
2 3 0.049984 0.072252 0.416058 0.411524 0.050182
3 3 0.011224 0.011299 0.181738 0.789349 0.006390
3 3 0.033100 0.046136 0.430159 0.459858 0.030748
3 3 0.023143 0.028620 0.317130 0.613124 0.017984
3 3 0.018942 0.022817 0.250268 0.694565 0.013409
3 3 0.016101 0.016837 0.154979 0.802635 0.009448
3 3 0.016804 0.018407 0.216628 0.737289 0.010872
3 3 0.015543 0.016545 0.194043 0.764359 0.009510
3 3 0.017487 0.023653 0.298592 0.646675 0.013593
3 3 0.008543 0.008712 0.116886 0.861467 0.004392
3 3 0.022593 0.028046 0.274402 0.658085 0.016875
3 3 0.017339 0.022151 0.278585 0.669000 0.012925
3 3 0.019530 0.020260 0.197659 0.750457 0.012094
3 3 0.028744 0.032370 0.212620 0.706425 0.019841
3 3 0.015001 0.015173 0.156530 0.804850 0.008446
3 3 0.007508 0.008146 0.100706 0.879799 0.003841
3 3 0.017094 0.019121 0.146010 0.807325 0.010450
3 3 0.003850 0.004464 0.064867 0.925006 0.001813
3 3 0.010639 0.011334 0.123232 0.849016 0.005779
3 3 0.015294 0.018907 0.281827 0.673021 0.010952
3 3 0.005659 0.006089 0.087963 0.897545 0.002745
3 3 0.038515 0.046360 0.285216 0.599781 0.030128
3 3 0.005159 0.005329 0.088448 0.898568 0.002497
3 3 0.013241 0.013392 0.147163 0.818815 0.007388
3 3 0.014523 0.017019 0.249299 0.709393 0.009767
3 3 0.007733 0.008154 0.106224 0.873926 0.003963
3 3 0.019839 0.021782 0.160866 0.785342 0.012170
3 3 0.012473 0.012861 0.139314 0.828440 0.006912
3 3 0.039045 0.043507 0.233422 0.655871 0.028155
3 3 0.012670 0.013059 0.140501 0.826758 0.007011
3 3 0.021854 0.025869 0.152693 0.785647 0.013937
3 3 0.016807 0.020402 0.208096 0.743445 0.011250
3 3 0.010669 0.012599 0.107551 0.863174 0.006007
3 3 0.017497 0.017823 0.166979 0.787421 0.010281
3 3 0.011073 0.011785 0.166396 0.804362 0.006385
2 3 0.026432 0.040368 0.496959 0.408967 0.027275
3 3 0.020111 0.021874 0.163713 0.781685 0.012617
3 3 0.009977 0.009683 0.134966 0.840161 0.005213
3 3 0.020921 0.021457 0.198124 0.746603 0.012895
3 3 0.023158 0.025096 0.205025 0.731761 0.014960
3 3 0.006810 0.008320 0.081499 0.899759 0.003613
3 3 0.014009 0.014747 0.191618 0.771139 0.008486
3 3 0.012938 0.012579 0.153091 0.814171 0.007222
3 3 0.005497 0.005761 0.089745 0.896334 0.002663
3 3 0.008074 0.007857 0.120862 0.859162 0.004045
3 3 0.010024 0.009999 0.130453 0.844214 0.005310
3 3 0.020226 0.025354 0.303973 0.635161 0.015286
2 3 0.041251 0.089259 0.613522 0.191328 0.064639
3 3 0.022910 0.027788 0.367257 0.564015 0.018030
2 2 0.027829 0.139020 0.692365 0.055409 0.085377
2 3 0.018051 0.135858 0.739730 0.029114 0.077248
2 3 0.007003 0.040759 0.892492 0.034305 0.025441
2 3 0.017980 0.135642 0.740272 0.029028 0.077078
2 2 0.012291 0.048768 0.851597 0.053714 0.033630
2 2 0.010517 0.108154 0.805333 0.019341 0.056656
2 2 0.064511 0.211597 0.500866 0.073388 0.149637
2 3 0.031247 0.167986 0.652676 0.043752 0.104340
2 2 0.015908 0.092774 0.798870 0.032033 0.060415
2 3 0.043591 0.188438 0.588342 0.055690 0.123940
2 2 0.015980 0.098442 0.792016 0.031115 0.062448
2 2 0.027898 0.161107 0.672537 0.040255 0.098204
2 2 0.019684 0.128782 0.741352 0.032766 0.077416
2 2 0.030371 0.166251 0.657756 0.042849 0.102773
2 2 0.025747 0.156299 0.685984 0.037939 0.094031
2 2 0.018858 0.138292 0.733595 0.030085 0.079170
2 2 0.022571 0.148548 0.706980 0.034408 0.087493
2 2 0.029307 0.164085 0.664032 0.041741 0.100835
2 2 0.028519 0.162436 0.668759 0.040913 0.099373
2 2 0.025254 0.155150 0.689150 0.037400 0.093047
2 2 0.019412 0.139915 0.729465 0.030745 0.080464
2 2 0.010755 0.070577 0.848052 0.025127 0.045488
2 2 0.013488 0.062044 0.844612 0.033878 0.045978
2 4 0.040542 0.183985 0.603132 0.052864 0.119477
2 4 0.070162 0.216164 0.480529 0.077744 0.155401
2 4 0.087586 0.227021 0.424358 0.090252 0.170784
2 4 0.118269 0.237503 0.343699 0.109474 0.191055
2 4 0.168684 0.239761 0.245332 0.135029 0.211195
2 4 0.129849 0.239369 0.317905 0.115945 0.196932
2 4 0.066818 0.213533 0.492421 0.075186 0.152042
2 4 0.065255 0.212233 0.498120 0.073971 0.150421
2 4 0.156906 0.240456 0.265339 0.129638 0.207661
2 4 0.108829 0.235222 0.366452 0.103897 0.185600
2 4 0.094963 0.230409 0.403088 0.095174 0.176366
2 4 0.079695 0.222648 0.448679 0.084749 0.164229
2 4 0.128405 0.239187 0.321004 0.115159 0.196245
2 1 0.137209 0.240083 0.302605 0.119861 0.200243
2 4 0.095231 0.230521 0.402339 0.095349 0.176560
1 4 0.180190 0.238517 0.227241 0.139988 0.214064
1 4 0.188485 0.237312 0.215019 0.143383 0.215801
2 4 0.129120 0.239279 0.319465 0.115550 0.196587
2 4 0.128337 0.239178 0.321150 0.115122 0.196212
2 4 0.117218 0.237285 0.346153 0.108866 0.190478
2 4 0.119630 0.237773 0.340552 0.110255 0.191790
1 4 0.175394 0.239099 0.234615 0.137957 0.212935
1 4 0.188485 0.237312 0.215019 0.143383 0.215801
1 4 0.188485 0.237312 0.215019 0.143383 0.215801
2 4 0.120205 0.237883 0.339233 0.110583 0.192097
2 4 0.104994 0.234076 0.376181 0.101550 0.183199
1 4 0.188485 0.237312 0.215019 0.143383 0.215801
2 4 0.125305 0.238750 0.327767 0.113452 0.194726
1 4 0.188485 0.237312 0.215019 0.143383 0.215801
2 4 0.170191 0.239628 0.242884 0.135695 0.211602
1 4 0.188485 0.237312 0.215019 0.143383 0.215801
1 4 0.188485 0.237312 0.215019 0.143383 0.215801
2 4 0.164159 0.240101 0.252832 0.132997 0.209911
1 4 0.188485 0.237312 0.215019 0.143383 0.215801
2 4 0.110139 0.235583 0.363194 0.104688 0.186395
2 4 0.147596 0.240539 0.282320 0.125140 0.204404
2 4 0.104133 0.233801 0.378404 0.101017 0.182645
2 4 0.089447 0.227936 0.418864 0.091513 0.172240
2 4 0.117498 0.237344 0.345497 0.109029 0.190632
2 4 0.147375 0.240536 0.282736 0.125031 0.204322
2 4 0.087041 0.226744 0.425985 0.089879 0.170351
1 4 0.188485 0.237312 0.215019 0.143383 0.215801
1 4 0.188485 0.237312 0.215019 0.143383 0.215801
1 4 0.188485 0.237312 0.215019 0.143383 0.215801
1 4 0.188485 0.237312 0.215019 0.143383 0.215801
1 4 0.204380 0.231701 0.207510 0.143990 0.212419
1 4 0.188485 0.237312 0.215019 0.143383 0.215801
1 4 0.188485 0.237312 0.215019 0.143383 0.215801
1 4 0.180949 0.238417 0.226095 0.140305 0.214234
1 4 0.188485 0.237312 0.215019 0.143383 0.215801
2 4 0.154869 0.240512 0.268962 0.128672 0.206985
1 4 0.188485 0.237312 0.215019 0.143383 0.215801
1 4 0.188485 0.237312 0.215019 0.143383 0.215801
1 4 0.188485 0.237312 0.215019 0.143383 0.215801
1 4 0.188485 0.237312 0.215019 0.143383 0.215801
2 4 0.147335 0.240535 0.282811 0.125011 0.204307
1 4 0.188485 0.237312 0.215019 0.143383 0.215801
2 4 0.108109 0.235017 0.368256 0.103460 0.185158
2 4 0.153013 0.240544 0.272308 0.127784 0.206351
2 4 0.128333 0.239178 0.321159 0.115120 0.196210
1 4 0.180964 0.238415 0.226072 0.140311 0.214237
1 4 0.188485 0.237312 0.215019 0.143383 0.215801
1 4 0.187491 0.237469 0.216449 0.142984 0.215607
2 4 0.133771 0.239792 0.309651 0.118051 0.198736
2 4 0.081837 0.223917 0.441907 0.086268 0.166071
2 4 0.139888 0.240260 0.297231 0.121250 0.201372
1 4 0.188198 0.237357 0.215431 0.143268 0.215746
1 4 0.183417 0.238077 0.222408 0.141326 0.214771
2 4 0.069394 0.215577 0.483224 0.077161 0.154643
2 4 0.150507 0.240561 0.276893 0.126570 0.205469
2 4 0.129275 0.239298 0.319133 0.115634 0.196660
2 4 0.096640 0.231094 0.398435 0.096265 0.177566
2 4 0.107651 0.234884 0.369409 0.103182 0.184875
2 4 0.135711 0.239965 0.305654 0.119076 0.199594
1 4 0.188485 0.237312 0.215019 0.143383 0.215801
1 4 0.188485 0.237312 0.215019 0.143383 0.215801
2 4 0.113757 0.236505 0.354369 0.106843 0.188526
1 4 0.188485 0.237312 0.215019 0.143383 0.215801
2 4 0.080786 0.223302 0.445212 0.085525 0.165174
2 4 0.115748 0.236965 0.349616 0.108012 0.189659
2 4 0.107570 0.234861 0.369612 0.103132 0.184825
2 4 0.063407 0.210634 0.504981 0.072518 0.148460
2 4 0.141099 0.240326 0.294834 0.121871 0.201870
2 2 0.067678 0.214228 0.489327 0.075848 0.152919
2 2 0.156064 0.240482 0.266829 0.129241 0.207384
2 2 0.045847 0.191522 0.577789 0.057736 0.127106
2 2 0.025769 0.156351 0.685841 0.037963 0.094076
2 2 0.023823 0.151704 0.698530 0.035816 0.090127
2 2 0.027323 0.159855 0.676072 0.039642 0.097108
2 2 0.049790 0.196522 0.560082 0.061224 0.132382
2 2 0.014834 0.122242 0.769222 0.025479 0.068223
2 2 0.036934 0.178247 0.621503 0.049421 0.113895
2 2 0.029552 0.164591 0.662572 0.041998 0.101286
2 2 0.126842 0.238975 0.324394 0.114302 0.195487
2 2 0.024478 0.153303 0.694197 0.036545 0.091477
2 2 0.031148 0.167792 0.653246 0.043650 0.104164
2 2 0.050737 0.197654 0.555958 0.062047 0.133603
2 2 0.049776 0.196505 0.560142 0.061212 0.132364
2 2 0.051786 0.198879 0.551449 0.062950 0.134936
2 2 0.054270 0.201663 0.540990 0.065062 0.138014
2 2 0.044189 0.189272 0.585514 0.056236 0.124789
2 2 0.024678 0.153784 0.692887 0.036766 0.091885
2 2 0.043613 0.188468 0.588238 0.055710 0.123971
2 2 0.013935 0.102244 0.796556 0.026539 0.060726
2 2 0.026394 0.157781 0.681876 0.038642 0.095307
2 2 0.039868 0.182954 0.606489 0.052229 0.118460
2 2 0.008308 0.064450 0.867387 0.020308 0.039546
2 2 0.048656 0.195132 0.565083 0.060232 0.130896
2 2 0.031208 0.167909 0.652901 0.043711 0.104270
2 2 0.034607 0.174241 0.633910 0.047138 0.110104
2 2 0.032907 0.171151 0.643268 0.045440 0.107234
2 2 0.026611 0.158270 0.680512 0.038876 0.095731
2 2 0.017394 0.133818 0.744824 0.028314 0.075651
2 2 0.018664 0.137714 0.735057 0.029853 0.078712
2 2 0.021894 0.146783 0.711652 0.033637 0.086034
2 2 0.044129 0.189189 0.585795 0.056182 0.124705
2 2 0.011939 0.107439 0.799511 0.022072 0.059040
2 2 0.022017 0.147107 0.710797 0.033777 0.086301
2 2 0.021959 0.146953 0.711202 0.033711 0.086175
2 2 0.019587 0.140423 0.728168 0.030952 0.080870
2 2 0.012614 0.104139 0.800285 0.023754 0.059208
2 2 0.012829 0.106118 0.796994 0.023902 0.060158
2 2 0.024929 0.154383 0.691251 0.037043 0.092394
2 2 0.014701 0.116561 0.776453 0.025963 0.066321
2 2 0.013872 0.110114 0.787641 0.025315 0.063058
2 2 0.032695 0.170755 0.644456 0.045225 0.106869
2 4 0.047322 0.193448 0.571061 0.059053 0.129116
2 2 0.022558 0.148514 0.707071 0.034393 0.087464
2 2 0.053228 0.200515 0.545338 0.064181 0.136737
2 2 0.014602 0.106298 0.788882 0.027202 0.063016
2 2 0.015059 0.100011 0.794200 0.029054 0.061676
2 2 0.008589 0.079004 0.848991 0.018792 0.044623
2 2 0.025734 0.156269 0.686068 0.037925 0.094005
2 2 0.031077 0.167651 0.653659 0.043576 0.104037
2 2 0.014420 0.118144 0.775828 0.025265 0.066344
2 2 0.029797 0.165091 0.661126 0.042253 0.101733
2 2 0.021802 0.146538 0.712296 0.033531 0.085833
2 2 0.023341 0.150505 0.701756 0.035277 0.089122
2 2 0.006546 0.050970 0.892390 0.018061 0.032033
2 2 0.022562 0.148525 0.707041 0.034398 0.087474
2 2 0.031449 0.168379 0.651517 0.043958 0.104696
2 2 0.027096 0.157377 0.679770 0.039708 0.096048
2 2 0.006803 0.058874 0.881842 0.017389 0.035092
2 2 0.009626 0.084220 0.837714 0.020367 0.048074
2 2 0.006971 0.061019 0.880648 0.016258 0.035104
2 2 0.023862 0.151800 0.698270 0.035860 0.090208
2 2 0.023970 0.151935 0.697704 0.036000 0.090392
2 2 0.020919 0.141189 0.721986 0.032927 0.082980
2 3 0.021530 0.145814 0.714200 0.033218 0.085238
2 2 0.016860 0.092151 0.795471 0.034081 0.061437
2 3 0.055110 0.202569 0.537521 0.065768 0.139031
2 3 0.033988 0.173134 0.637284 0.046524 0.109070
2 3 0.009170 0.075104 0.850619 0.020656 0.044450
2 3 0.014374 0.123634 0.769594 0.024521 0.067876
2 3 0.026208 0.157358 0.683052 0.038440 0.094942
2 2 0.011850 0.104648 0.803196 0.022239 0.058068
2 2 0.027260 0.159716 0.676462 0.039574 0.096987
2 2 0.008492 0.060115 0.871439 0.021563 0.038391
2 2 0.011266 0.092777 0.819821 0.022627 0.053509
2 2 0.014947 0.116729 0.775189 0.026376 0.066759
2 2 0.016859 0.132113 0.749046 0.027656 0.074326
2 2 0.009154 0.082765 0.841750 0.019541 0.046789
2 2 0.023970 0.152066 0.697551 0.035981 0.090432
2 2 0.029756 0.165007 0.661369 0.042210 0.101658
2 2 0.029071 0.163596 0.665438 0.041494 0.100400
2 2 0.008066 0.055931 0.878468 0.021271 0.036264
2 2 0.011892 0.086233 0.824519 0.024901 0.052455
2 2 0.016427 0.130708 0.752501 0.027122 0.073242
2 2 0.011673 0.090605 0.820451 0.023769 0.053503
2 1 0.041386 0.185253 0.598972 0.053654 0.120735
2 2 0.040217 0.183490 0.604747 0.052558 0.118988
2 2 0.024749 0.153953 0.692425 0.036845 0.092029
2 2 0.014643 0.104777 0.790476 0.027505 0.062599
2 2 0.048890 0.195422 0.564046 0.060438 0.131205
2 2 0.016959 0.124246 0.757824 0.028855 0.072116
2 2 0.059354 0.206885 0.520505 0.069269 0.143987
2 2 0.030347 0.166205 0.657892 0.042824 0.102731
2 2 0.020571 0.143202 0.721009 0.032108 0.083110
2 2 0.025540 0.155820 0.687306 0.037713 0.093620
2 2 0.017462 0.126344 0.753278 0.029415 0.073501
2 2 0.011532 0.073496 0.840956 0.026372 0.047644
2 2 0.025203 0.155031 0.689475 0.037344 0.092946
2 2 0.014714 0.065741 0.834809 0.035835 0.048901
2 2 0.020932 0.139118 0.724348 0.033244 0.082358
2 2 0.007222 0.054751 0.884337 0.019219 0.034472
2 2 0.013648 0.086357 0.816297 0.028592 0.055105
2 2 0.012614 0.083029 0.824878 0.026993 0.052486
2 2 0.007505 0.041773 0.897173 0.023793 0.029756
2 2 0.023058 0.135270 0.720538 0.037201 0.083934
2 2 0.025711 0.156216 0.686214 0.037900 0.093960
2 2 0.026633 0.146712 0.693817 0.040783 0.092055
2 2 0.005622 0.034154 0.916691 0.019084 0.024449
2 2 0.030404 0.166318 0.657563 0.042883 0.102833
2 2 0.008833 0.066507 0.862313 0.021248 0.041099
2 2 0.009850 0.043028 0.881585 0.033593 0.031944
2 2 0.033357 0.171983 0.640768 0.045891 0.108001
2 2 0.019481 0.123203 0.748663 0.033293 0.075360
2 2 0.014647 0.104174 0.791161 0.027604 0.062414
2 2 0.012874 0.047933 0.849976 0.055097 0.034120
2 2 0.028185 0.161724 0.670786 0.040559 0.098746
2 3 0.028384 0.162149 0.669577 0.040770 0.099120
2 3 0.020878 0.102936 0.766329 0.039659 0.070199
2 3 0.012659 0.048561 0.843951 0.061470 0.033359
2 3 0.015151 0.073256 0.824450 0.034787 0.052356
2 3 0.016417 0.075285 0.813792 0.041710 0.052797
2 3 0.033738 0.097285 0.667707 0.135986 0.065284
2 2 0.011623 0.060557 0.854486 0.031796 0.041538
2 2 0.026841 0.158786 0.679071 0.039124 0.096178
2 2 0.007572 0.068095 0.866990 0.017930 0.039412
2 2 0.008049 0.076020 0.855245 0.017966 0.042720
2 2 0.010747 0.083858 0.832697 0.022830 0.049867
2 2 0.003788 0.037567 0.924181 0.012100 0.022364
2 2 0.009407 0.081841 0.841579 0.020214 0.046959
2 2 0.014440 0.123872 0.769028 0.024606 0.068054
2 2 0.007569 0.040981 0.897482 0.024697 0.029271
2 2 0.008430 0.068911 0.861580 0.019875 0.041203
2 2 0.011866 0.070686 0.842285 0.029217 0.045946
2 2 0.011840 0.055996 0.857432 0.035085 0.039647
2 2 0.006537 0.044425 0.899910 0.019399 0.029730
2 2 0.005832 0.055077 0.891643 0.015395 0.032054
2 2 0.006655 0.041053 0.901065 0.024282 0.026944
2 2 0.007328 0.047790 0.891703 0.020975 0.032204
2 2 0.010745 0.083411 0.833231 0.022892 0.049721
2 2 0.008118 0.059453 0.874151 0.020719 0.037559
2 2 0.008480 0.065136 0.865707 0.020617 0.040060
2 2 0.016387 0.110177 0.776651 0.029910 0.066875
2 2 0.006969 0.055315 0.885058 0.018431 0.034227
2 2 0.007041 0.061209 0.877839 0.017638 0.036273
2 2 0.006153 0.047233 0.898887 0.017651 0.030076
2 2 0.010388 0.091477 0.825518 0.021008 0.051609
2 2 0.012804 0.099574 0.804761 0.024740 0.058121
2 2 0.007408 0.056807 0.880962 0.019341 0.035482
2 2 0.007080 0.054468 0.885430 0.018887 0.034135
2 2 0.008830 0.049926 0.880542 0.026750 0.033953
2 3 0.009340 0.066030 0.860291 0.022580 0.041758
2 2 0.008758 0.043765 0.886070 0.031014 0.030394
2 2 0.010636 0.087344 0.829164 0.022082 0.050775
2 3 0.006843 0.039307 0.898593 0.029721 0.025536
2 3 0.007308 0.030965 0.888532 0.052804 0.020391
2 2 0.025039 0.154642 0.690541 0.037164 0.092615
2 2 0.009607 0.081026 0.841543 0.020766 0.047058
2 2 0.006039 0.044135 0.903072 0.017950 0.028804
2 3 0.006950 0.061283 0.878245 0.017393 0.036129
2 2 0.005522 0.035112 0.915761 0.019726 0.023879
2 2 0.061093 0.208536 0.513760 0.070674 0.145936
2 2 0.046584 0.192493 0.574410 0.058397 0.128116
2 2 0.011058 0.072977 0.843822 0.025376 0.046767
2 2 0.034237 0.173581 0.635925 0.046771 0.109487
2 2 0.033419 0.172097 0.640421 0.045954 0.108108
2 2 0.027858 0.161021 0.672782 0.040212 0.098128
2 2 0.015961 0.129159 0.756289 0.026539 0.072053
2 2 0.011761 0.079424 0.833029 0.025778 0.050008
2 2 0.017608 0.130945 0.747296 0.029036 0.075114
2 2 0.051896 0.199006 0.550978 0.063044 0.135075
2 2 0.044692 0.189964 0.583153 0.056693 0.125498
2 2 0.017453 0.134004 0.744360 0.028386 0.075796
2 3 0.022893 0.149372 0.704785 0.034772 0.088177
2 2 0.008550 0.066338 0.863955 0.020585 0.040573
2 2 0.035044 0.175013 0.631543 0.047571 0.110828
2 2 0.022694 0.148865 0.706138 0.034548 0.087755
2 2 0.039904 0.183009 0.606309 0.052263 0.118514
2 2 0.026454 0.157916 0.681499 0.038707 0.095424
2 4 0.073005 0.218248 0.470725 0.079876 0.158146
2 4 0.032955 0.171241 0.643000 0.045488 0.107316
2 4 0.049784 0.196515 0.560108 0.061219 0.132374
2 4 0.144813 0.240477 0.287611 0.123754 0.203346
2 4 0.074883 0.219552 0.464396 0.081264 0.159905
1 4 0.188485 0.237312 0.215019 0.143383 0.215801
2 1 0.161550 0.240257 0.257261 0.131803 0.209130
1 4 0.223338 0.225083 0.198972 0.144365 0.208242
2 4 0.069917 0.215978 0.481388 0.077558 0.155160
2 4 0.112139 0.236106 0.358287 0.105884 0.187584
1 4 0.177413 0.238865 0.231483 0.138818 0.213421
1 4 0.174822 0.239162 0.235511 0.137711 0.212794
2 4 0.082131 0.224087 0.440986 0.086475 0.166321
2 4 0.118148 0.237479 0.343981 0.109404 0.190988
2 4 0.156575 0.240467 0.265924 0.129482 0.207553
1 4 0.184594 0.237908 0.220671 0.141809 0.215019
1 4 0.188485 0.237312 0.215019 0.143383 0.215801
1 4 0.188485 0.237312 0.215019 0.143383 0.215801
1 4 0.188485 0.237312 0.215019 0.143383 0.215801
2 4 0.145404 0.240493 0.286480 0.124049 0.203574
2 4 0.151706 0.240557 0.274689 0.127153 0.205895
1 4 0.188485 0.237312 0.215019 0.143383 0.215801
1 4 0.188485 0.237312 0.215019 0.143383 0.215801
2 4 0.168678 0.239761 0.245341 0.135026 0.211193
2 4 0.135074 0.239911 0.306960 0.118741 0.199315
1 4 0.188485 0.237312 0.215019 0.143383 0.215801
1 4 0.188485 0.237312 0.215019 0.143383 0.215801
1 4 0.188485 0.237312 0.215019 0.143383 0.215801
1 4 0.193307 0.235603 0.212704 0.143597 0.214788
1 4 0.188485 0.237312 0.215019 0.143383 0.215801
2 4 0.119799 0.237806 0.340164 0.110351 0.191880
1 4 0.186433 0.237632 0.217982 0.142557 0.215396
1 4 0.188485 0.237312 0.215019 0.143383 0.215801
0 4 0.263218 0.211396 0.182231 0.144104 0.199051
1 4 0.188485 0.237312 0.215019 0.143383 0.215801
2 4 0.141000 0.240321 0.295029 0.121821 0.201829
2 4 0.082642 0.224378 0.439395 0.086834 0.166751
2 4 0.115488 0.236907 0.350234 0.107859 0.189512
2 4 0.104811 0.234018 0.376652 0.101437 0.183082
2 4 0.126876 0.238980 0.324320 0.114321 0.195503
2 4 0.086562 0.226499 0.427419 0.089552 0.169968
1 4 0.188485 0.237312 0.215019 0.143383 0.215801
1 4 0.174592 0.239187 0.235871 0.137613 0.212737
1 4 0.188485 0.237312 0.215019 0.143383 0.215801
1 4 0.188485 0.237312 0.215019 0.143383 0.215801
1 4 0.188485 0.237312 0.215019 0.143383 0.215801
1 4 0.188485 0.237312 0.215019 0.143383 0.215801
2 4 0.105829 0.234337 0.374037 0.102065 0.183732
1 4 0.188485 0.237312 0.215019 0.143383 0.215801
1 4 0.172464 0.239410 0.239237 0.136691 0.212198
2 4 0.120820 0.237998 0.337825 0.110933 0.192423
1 4 0.188485 0.237312 0.215019 0.143383 0.215801
2 1 0.124970 0.238699 0.328505 0.113266 0.194559
2 1 0.133253 0.239742 0.310728 0.117775 0.198502
2 1 0.069699 0.215811 0.482152 0.077393 0.154945
2 1 0.060413 0.207899 0.516380 0.070127 0.145180
2 1 0.053899 0.201258 0.542531 0.064749 0.137562
2 1 0.074499 0.219291 0.465679 0.080982 0.159549
2 1 0.025338 0.155347 0.688607 0.037492 0.093216
2 1 0.040235 0.183518 0.604656 0.052576 0.119015
2 1 0.095565 0.230659 0.401410 0.095567 0.176800
2 1 0.032168 0.169759 0.647427 0.044691 0.105955
2 1 0.034100 0.173335 0.636672 0.046635 0.109258
2 1 0.126908 0.238985 0.324249 0.114339 0.195519
2 1 0.070765 0.216617 0.478428 0.078199 0.155991
2 1 0.103485 0.233589 0.380088 0.100614 0.182224
2 1 0.055088 0.202546 0.537612 0.065750 0.139005
2 1 0.055181 0.202645 0.537231 0.065827 0.139116
2 2 0.023929 0.151965 0.697824 0.035935 0.090347
2 1 0.030903 0.167310 0.654661 0.043398 0.103728
2 2 0.038367 0.180591 0.614086 0.050802 0.116153
2 2 0.050678 0.197584 0.556216 0.061995 0.133527
2 2 0.020481 0.142952 0.721657 0.032003 0.082907
2 2 0.073786 0.218798 0.468078 0.080456 0.158883
2 2 0.016029 0.120294 0.766368 0.027797 0.069511
2 2 0.041858 0.185949 0.596669 0.054093 0.121430
2 2 0.007388 0.080560 0.853362 0.015943 0.042746
2 2 0.013642 0.120939 0.775976 0.023570 0.065872
2 2 0.015484 0.127541 0.760217 0.025938 0.070820
2 2 0.034853 0.174677 0.632576 0.047382 0.110512
2 2 0.035032 0.174992 0.631608 0.047559 0.110809
2 2 0.014434 0.123850 0.769080 0.024599 0.068038
2 2 0.021850 0.146665 0.711962 0.033586 0.085937
2 2 0.009179 0.101891 0.819186 0.017431 0.052314
2 1 0.012965 0.118352 0.782037 0.022678 0.063968
2 1 0.048566 0.195020 0.565484 0.060153 0.130777
2 2 0.036666 0.177798 0.622909 0.049161 0.113466
2 2 0.023188 0.150120 0.702786 0.035105 0.088801
2 1 0.005677 0.052303 0.895749 0.015394 0.030877
2 2 0.043564 0.188400 0.588468 0.055666 0.123902
2 1 0.020662 0.143454 0.720356 0.032214 0.083314
2 0 0.093290 0.225900 0.418397 0.091514 0.170898
1 1 0.194152 0.235305 0.212302 0.143632 0.214609
2 1 0.117016 0.237242 0.346627 0.108749 0.190366
2 1 0.068745 0.215073 0.485520 0.076666 0.153995
2 2 0.030677 0.166863 0.655971 0.043165 0.103324
2 2 0.022857 0.149282 0.705028 0.034732 0.088102
2 2 0.026867 0.158845 0.678907 0.039152 0.096229
2 2 0.025900 0.156652 0.685009 0.038105 0.094334
2 2 0.017674 0.134695 0.742639 0.028656 0.076336
2 2 0.041449 0.185346 0.598664 0.053713 0.120828
2 2 0.035515 0.175834 0.629013 0.048035 0.111602
2 2 0.013443 0.114731 0.784140 0.023951 0.063735
2 2 0.064847 0.211885 0.499624 0.073652 0.149992
2 2 0.023006 0.149661 0.704015 0.034900 0.088418
2 2 0.021871 0.134152 0.726441 0.035488 0.082048
2 2 0.082603 0.224356 0.439515 0.086807 0.166719
2 2 0.013932 0.105161 0.793164 0.026109 0.061634
2 2 0.021127 0.144729 0.717038 0.032754 0.084351
2 2 0.017369 0.124260 0.756095 0.029549 0.072725
2 2 0.028112 0.161567 0.671233 0.040482 0.098608
2 2 0.015969 0.128578 0.756934 0.026623 0.071896
2 2 0.024596 0.153587 0.693422 0.036676 0.091718
2 2 0.016017 0.110592 0.777745 0.029171 0.066474
2 2 0.032648 0.170667 0.644718 0.045178 0.106788
2 2 0.007034 0.060567 0.878625 0.017720 0.036055
2 2 0.009054 0.072753 0.853940 0.020749 0.043504
2 2 0.021884 0.143789 0.715179 0.034048 0.085100
2 2 0.019281 0.139029 0.731024 0.030657 0.080008
2 2 0.005960 0.047319 0.899886 0.017068 0.029767
2 2 0.023482 0.150858 0.700807 0.035435 0.089418
2 2 0.013231 0.110763 0.789739 0.024056 0.062210
2 2 0.013722 0.114225 0.783494 0.024513 0.064046
2 2 0.011498 0.065549 0.850197 0.027991 0.044765
2 2 0.027602 0.160465 0.674353 0.039939 0.097641
2 2 0.010293 0.091815 0.825577 0.020771 0.051544
2 2 0.009133 0.065057 0.862461 0.022249 0.041100
2 2 0.018374 0.080221 0.802475 0.040127 0.058803
2 2 0.004902 0.041585 0.912659 0.014954 0.025899
2 2 0.018919 0.127214 0.746275 0.031730 0.075862
2 2 0.018757 0.137990 0.734359 0.029964 0.078931
2 2 0.023268 0.106437 0.752856 0.043230 0.074210
2 2 0.016147 0.107756 0.780489 0.029854 0.065753
2 2 0.026590 0.158223 0.680644 0.038853 0.095690
2 2 0.013092 0.060561 0.840407 0.044647 0.041292
2 2 0.027959 0.146104 0.689654 0.042873 0.093410
