0 0 0.858466 0.081415 0.004759 0.002293 0.053067
0 0 0.847759 0.087944 0.006314 0.003942 0.054041
0 0 0.909103 0.058136 0.002161 0.001415 0.029185
0 0 0.914704 0.053551 0.001581 0.000733 0.029432
0 0 0.896412 0.063043 0.002411 0.001131 0.037002
0 0 0.920001 0.050688 0.001371 0.000630 0.027310
0 0 0.890490 0.066027 0.002722 0.001283 0.039478
0 0 0.892202 0.065169 0.002630 0.001238 0.038761
0 0 0.923428 0.048826 0.001246 0.000570 0.025930
0 0 0.891068 0.065737 0.002691 0.001268 0.039236
0 0 0.923771 0.048639 0.001234 0.000564 0.025792
0 0 0.922423 0.049374 0.001282 0.000587 0.026334
0 0 0.891081 0.065731 0.002690 0.001267 0.039231
0 0 0.896191 0.063155 0.002423 0.001137 0.037094
0 0 0.894574 0.063974 0.002506 0.001177 0.037769
0 0 0.889204 0.066669 0.002792 0.001317 0.040018
0 0 0.908819 0.056642 0.001825 0.000847 0.031866
0 0 0.907384 0.057394 0.001889 0.000878 0.032457
0 0 0.887000 0.067764 0.002915 0.001377 0.040944
0 0 0.899363 0.061540 0.002264 0.001059 0.035774
0 0 0.923323 0.048884 0.001250 0.000572 0.025972
0 0 0.893484 0.064524 0.002563 0.001205 0.038225
0 0 0.913145 0.054361 0.001641 0.000759 0.030095
0 0 0.894856 0.063831 0.002491 0.001170 0.037651
0 0 0.842600 0.088605 0.005997 0.002915 0.059883
0 0 0.921777 0.049726 0.001306 0.000598 0.026594
0 0 0.900483 0.060966 0.002209 0.001033 0.035309
0 0 0.923461 0.050151 0.001467 0.000922 0.024000
0 0 0.917559 0.052004 0.001465 0.000674 0.028299
0 0 0.905807 0.058216 0.001960 0.000912 0.033106
0 0 0.889308 0.066617 0.002787 0.001315 0.039974
0 0 0.820913 0.100218 0.009333 0.006489 0.063048
0 0 0.888131 0.067203 0.002852 0.001346 0.040469
0 0 0.784740 0.115051 0.014204 0.010779 0.075225
0 0 0.899913 0.063290 0.002746 0.001929 0.032122
0 0 0.906766 0.059910 0.002425 0.001802 0.029098
0 0 0.909725 0.056167 0.001786 0.000828 0.031495
0 0 0.885020 0.068743 0.003027 0.001433 0.041777
0 0 0.874881 0.073679 0.003639 0.001735 0.046066
0 0 0.887168 0.067681 0.002905 0.001373 0.040873
0 0 0.868559 0.076695 0.004051 0.001939 0.048754
0 0 0.846491 0.086867 0.005679 0.002755 0.058208
0 0 0.885319 0.068595 0.003010 0.001424 0.041651
0 0 0.896067 0.063218 0.002429 0.001140 0.037146
0 0 0.878515 0.071924 0.003413 0.001623 0.044525
0 0 0.866651 0.077838 0.004260 0.002117 0.049134
0 0 0.882704 0.070655 0.003380 0.001823 0.041438
0 0 0.865830 0.078802 0.004519 0.002459 0.048390
0 0 0.868547 0.076701 0.004052 0.001940 0.048760
0 0 0.913333 0.056190 0.002029 0.001438 0.027010
0 0 0.853794 0.083561 0.005108 0.002467 0.055070
0 0 0.828903 0.094595 0.007190 0.003521 0.065792
0 0 0.856110 0.082500 0.004933 0.002380 0.054077
0 0 0.872468 0.074836 0.003794 0.001811 0.047091
0 0 0.848735 0.085857 0.005500 0.002665 0.057243
0 0 0.846145 0.087022 0.005707 0.002769 0.058357
0 4 0.837463 0.092395 0.006389 0.002952 0.060801
0 4 0.415488 0.193187 0.027789 0.007067 0.356469
0 4 0.379410 0.207593 0.034048 0.007828 0.371122
0 4 0.440236 0.250024 0.045390 0.008316 0.256034
4 4 0.281668 0.295108 0.076607 0.009652 0.336965
4 4 0.251274 0.311767 0.097308 0.011187 0.328464
4 4 0.306463 0.259930 0.059396 0.009512 0.364700
0 4 0.328177 0.280516 0.064809 0.009377 0.317121
4 4 0.215627 0.312581 0.100245 0.010302 0.361245
4 4 0.210754 0.324725 0.114600 0.011251 0.338669
4 4 0.158327 0.326497 0.141472 0.011976 0.361728
4 4 0.254735 0.307599 0.087312 0.009871 0.340483
4 4 0.232649 0.305340 0.093698 0.010493 0.357820
1 4 0.228976 0.323388 0.115796 0.012360 0.319480
1 4 0.280559 0.318072 0.097332 0.011458 0.292579
4 4 0.290434 0.239586 0.052320 0.009157 0.408504
4 4 0.249790 0.314514 0.101260 0.011575 0.322860
0 4 0.348944 0.280469 0.064421 0.009641 0.296525
1 4 0.224855 0.336433 0.124960 0.012270 0.301481
0 4 0.338882 0.265061 0.054939 0.008511 0.332607
0 4 0.415254 0.254281 0.047747 0.008441 0.274278
0 4 0.421959 0.250258 0.048588 0.009131 0.270065
0 4 0.369909 0.268203 0.057907 0.009464 0.294516
0 1 0.442259 0.249102 0.045751 0.008522 0.254366
0 4 0.637869 0.206563 0.035446 0.008699 0.111423
4 4 0.303450 0.287259 0.073112 0.010149 0.326029
0 4 0.327632 0.275662 0.063321 0.009456 0.323928
0 4 0.591226 0.218848 0.036927 0.008460 0.144539
0 4 0.542090 0.230116 0.039825 0.008608 0.179361
0 4 0.337027 0.281848 0.062546 0.008884 0.309696
0 4 0.452975 0.268855 0.055120 0.009342 0.213707
0 1 0.424467 0.272062 0.056403 0.009240 0.237827
1 1 0.277967 0.356178 0.131587 0.012919 0.221349
0 1 0.429645 0.335114 0.097804 0.011170 0.126268
0 1 0.399843 0.339394 0.113596 0.013335 0.133832
0 1 0.516174 0.294825 0.064832 0.008684 0.115485
0 1 0.602325 0.241532 0.041865 0.007414 0.106863
0 0 0.539867 0.269716 0.059609 0.009926 0.120882
0 1 0.677427 0.196584 0.026388 0.005768 0.093834
0 0 0.599533 0.249075 0.041672 0.006694 0.103026
0 1 0.772169 0.128696 0.013064 0.004940 0.081131
0 1 0.684332 0.192824 0.025133 0.005560 0.092151
0 1 0.521313 0.284282 0.064610 0.009681 0.120114
0 1 0.452573 0.314500 0.090272 0.012135 0.130521
0 1 0.491648 0.291746 0.075986 0.011694 0.128926
0 1 0.368888 0.351113 0.129803 0.014292 0.135905
1 2 0.252038 0.390957 0.208320 0.016293 0.132391
0 2 0.407620 0.338194 0.109363 0.012781 0.132041
0 2 0.317974 0.316311 0.171056 0.027483 0.167176
2 4 0.126927 0.363132 0.364635 0.022838 0.122468
0 4 0.492026 0.289239 0.076233 0.012076 0.130426
0 4 0.546743 0.242754 0.060379 0.013924 0.136200
0 2 0.435754 0.310936 0.099522 0.014585 0.139203
2 4 0.114508 0.342722 0.391463 0.026569 0.124738
1 4 0.295598 0.374972 0.175984 0.016293 0.137153
0 4 0.437170 0.312770 0.098455 0.014090 0.137515
1 0 0.314981 0.367221 0.163118 0.016176 0.138503
0 1 0.680237 0.148009 0.028104 0.014571 0.129080
1 1 0.347792 0.364062 0.140458 0.013991 0.133697
1 2 0.244039 0.374901 0.220716 0.019712 0.140631
1 2 0.178026 0.370741 0.292495 0.022789 0.135948
1 2 0.354880 0.355206 0.137956 0.014867 0.137092
2 2 0.042481 0.241777 0.585861 0.034879 0.095002
1 2 0.191449 0.370387 0.276757 0.022725 0.138683
2 2 0.013551 0.100767 0.819886 0.027770 0.038025
2 2 0.026572 0.184444 0.687406 0.032171 0.069407
2 2 0.010649 0.030944 0.878794 0.063610 0.016004
2 2 0.029470 0.213698 0.642150 0.033579 0.081103
2 2 0.101118 0.302658 0.411985 0.036524 0.147716
2 2 0.044624 0.236486 0.573329 0.039385 0.106175
2 2 0.027402 0.203912 0.653228 0.035354 0.080104
2 2 0.022833 0.172210 0.708370 0.031914 0.064674
2 2 0.008068 0.036571 0.909746 0.027940 0.017675
2 2 0.010869 0.054984 0.878361 0.030415 0.025371
2 2 0.012269 0.053945 0.872481 0.034250 0.027055
2 3 0.018493 0.125777 0.772270 0.032776 0.050684
2 3 0.016599 0.030008 0.749302 0.188411 0.015679
2 3 0.019653 0.071420 0.810989 0.061606 0.036332
2 3 0.018895 0.042870 0.783299 0.132368 0.022568
2 3 0.024017 0.035420 0.633583 0.287555 0.019425
2 3 0.019127 0.030848 0.678887 0.255247 0.015891
3 3 0.022068 0.019319 0.321608 0.626815 0.010191
3 3 0.018829 0.017595 0.342103 0.612791 0.008682
3 3 0.028257 0.025969 0.364200 0.566742 0.014832
2 3 0.031466 0.044701 0.537707 0.362121 0.024005
3 3 0.021385 0.016289 0.127371 0.827540 0.007416
3 3 0.024310 0.018706 0.156567 0.791284 0.009132
3 3 0.016244 0.012194 0.104724 0.861805 0.005033
3 3 0.015406 0.011536 0.102023 0.866352 0.004684
3 3 0.016240 0.012315 0.154339 0.811644 0.005461
3 3 0.017109 0.012980 0.147018 0.817124 0.005770
3 3 0.021549 0.016362 0.111606 0.843197 0.007285
3 3 0.022648 0.017437 0.174096 0.777262 0.008557
3 3 0.013850 0.010200 0.057521 0.914745 0.003684
3 3 0.018207 0.013607 0.073272 0.889484 0.005430
3 3 0.020969 0.016059 0.159498 0.795873 0.007601
3 3 0.014629 0.010831 0.067602 0.902877 0.004062
3 3 0.018432 0.014052 0.159463 0.801596 0.006456
3 3 0.022390 0.017071 0.124382 0.828336 0.007821
3 3 0.024880 0.019108 0.141943 0.804869 0.009200
3 3 0.025100 0.019292 0.144469 0.801800 0.009340
3 3 0.021755 0.016587 0.129392 0.824662 0.007604
3 3 0.020625 0.015527 0.083540 0.873796 0.006512
3 3 0.011338 0.008222 0.038001 0.939768 0.002670
3 3 0.021183 0.016177 0.142441 0.812693 0.007506
3 3 0.018569 0.013923 0.082103 0.879719 0.005685
3 3 0.009552 0.006862 0.031736 0.949758 0.002091
3 3 0.017510 0.013065 0.072502 0.891764 0.005159
3 3 0.023682 0.017957 0.092107 0.858350 0.007904
3 3 0.021900 0.016713 0.132726 0.820951 0.007710
3 3 0.012719 0.009307 0.048612 0.926146 0.003215
3 3 0.014025 0.010343 0.060015 0.911845 0.003771
3 3 0.019529 0.014606 0.067877 0.892138 0.005850
3 3 0.018670 0.013928 0.065164 0.896752 0.005486
3 3 0.013164 0.009588 0.036739 0.937307 0.003202
3 3 0.016431 0.012213 0.067056 0.899606 0.004694
3 3 0.012595 0.009153 0.035508 0.939731 0.003013
3 3 0.015201 0.011162 0.043077 0.926621 0.003941
3 3 0.016545 0.012294 0.065698 0.900744 0.004718
3 3 0.014978 0.011033 0.051475 0.918526 0.003988
3 3 0.013228 0.009703 0.051307 0.922353 0.003409
3 3 0.018454 0.013997 0.132103 0.829244 0.006202
3 3 0.015218 0.011226 0.053604 0.915854 0.004097
3 3 0.015265 0.011290 0.060312 0.908934 0.004199
3 3 0.018288 0.013663 0.071579 0.891033 0.005437
3 3 0.012970 0.009487 0.046313 0.927963 0.003268
3 3 0.020342 0.015264 0.073839 0.884301 0.006254
3 3 0.014482 0.010652 0.050497 0.920560 0.003810
3 3 0.016989 0.012629 0.064079 0.901447 0.004856
3 3 0.019322 0.014547 0.092250 0.867769 0.006111
3 3 0.014083 0.010277 0.036082 0.936082 0.003475
3 3 0.013310 0.009795 0.059196 0.914176 0.003523
3 3 0.012107 0.008823 0.043288 0.932819 0.002963
3 3 0.016253 0.011978 0.046105 0.921328 0.004336
3 3 0.012946 0.009452 0.042669 0.931717 0.003215
3 3 0.011182 0.008080 0.032498 0.945683 0.002557
3 3 0.009337 0.006677 0.026209 0.955807 0.001970
3 3 0.016452 0.012110 0.042548 0.924546 0.004344
3 3 0.010582 0.007648 0.036069 0.943274 0.002428
3 3 0.011753 0.008504 0.032142 0.944884 0.002717
3 3 0.015063 0.011188 0.074553 0.894906 0.004290
3 3 0.013065 0.009591 0.054193 0.919763 0.003389
3 3 0.012205 0.008888 0.041351 0.934586 0.002970
3 3 0.009292 0.006677 0.033566 0.948427 0.002039
3 3 0.016127 0.011913 0.051986 0.915590 0.004384
3 3 0.018715 0.014018 0.077608 0.883978 0.005681
3 3 0.016557 0.012484 0.121730 0.843913 0.005316
3 3 0.015659 0.011629 0.069643 0.898620 0.004449
3 3 0.014818 0.010944 0.058906 0.911304 0.004028
3 2 0.045466 0.048317 0.383273 0.493428 0.029516
1 2 0.199531 0.328898 0.230696 0.027962 0.212912
1 2 0.175995 0.343146 0.302382 0.029781 0.148697
2 2 0.069007 0.296250 0.496317 0.029890 0.108536
2 2 0.034902 0.209644 0.618822 0.042678 0.093954
2 2 0.035601 0.223716 0.581451 0.037908 0.121324
2 2 0.109606 0.345124 0.356216 0.024056 0.164999
2 2 0.083498 0.313333 0.411066 0.028368 0.163735
2 2 0.071349 0.285830 0.489572 0.034380 0.118869
2 2 0.031650 0.231954 0.628631 0.028626 0.079139
2 2 0.074670 0.296964 0.471821 0.031749 0.124795
2 2 0.095493 0.290623 0.438684 0.040260 0.134939
2 0 0.049342 0.244029 0.562349 0.039406 0.104874
1 1 0.219198 0.332170 0.235733 0.029425 0.183475
1 0 0.296572 0.349145 0.181711 0.021381 0.151190
0 0 0.339032 0.280276 0.159038 0.036235 0.185420
1 0 0.273832 0.305245 0.204395 0.035698 0.180831
0 0 0.664940 0.157046 0.031184 0.014969 0.131860
0 1 0.635605 0.194218 0.036946 0.011220 0.122011
1 1 0.228239 0.362541 0.188483 0.017821 0.202917
1 2 0.173878 0.372978 0.259554 0.019923 0.173666
2 2 0.038834 0.244031 0.589353 0.031380 0.096402
2 2 0.121863 0.349943 0.369950 0.025340 0.132904
2 2 0.031333 0.207237 0.634650 0.039249 0.087531
2 2 0.057858 0.260856 0.533828 0.037654 0.109803
2 2 0.079094 0.312095 0.468462 0.028326 0.112023
2 2 0.079230 0.285853 0.474697 0.037246 0.122974
2 2 0.101255 0.330690 0.418483 0.027913 0.121658
2 2 0.020313 0.128356 0.761954 0.035245 0.054131
2 2 0.118090 0.338222 0.386854 0.028194 0.128640
1 2 0.200459 0.361897 0.268589 0.024455 0.144600
2 2 0.063629 0.269739 0.516277 0.037101 0.113255
1 2 0.231745 0.359771 0.223237 0.022367 0.162879
2 2 0.086757 0.313439 0.450470 0.029950 0.119385
2 2 0.056763 0.260766 0.537010 0.037044 0.108417
1 2 0.206202 0.363183 0.262296 0.024003 0.144316
1 2 0.169970 0.365645 0.304021 0.023936 0.136429
2 2 0.118016 0.346631 0.384396 0.025958 0.124999
1 2 0.251359 0.359151 0.218075 0.022650 0.148765
1 1 0.309082 0.356059 0.170413 0.018803 0.145643
0 1 0.458532 0.295774 0.090639 0.014804 0.140250
1 2 0.294601 0.347054 0.183724 0.022033 0.152589
1 2 0.314827 0.317171 0.173253 0.027609 0.167140
0 2 0.552691 0.248879 0.057627 0.011947 0.128855
0 2 0.439162 0.298847 0.099752 0.016556 0.145683
0 2 0.439283 0.303364 0.098989 0.015628 0.142737
0 2 0.458445 0.291153 0.091371 0.015730 0.143301
0 2 0.411160 0.314187 0.112171 0.016776 0.145706
0 2 0.570812 0.241708 0.052145 0.010963 0.124372
0 2 0.443604 0.298430 0.097573 0.016093 0.144300
0 0 0.433507 0.306318 0.101482 0.015730 0.142963
0 1 0.485556 0.220030 0.083725 0.030839 0.179852
0 1 0.366507 0.336751 0.134556 0.017166 0.145019
1 1 0.314847 0.345107 0.168514 0.020594 0.150937
0 1 0.410459 0.320302 0.111469 0.015649 0.142122
0 1 0.500618 0.287234 0.072814 0.011449 0.127886
1 1 0.298325 0.346943 0.180798 0.021722 0.152212
1 1 0.191924 0.367073 0.277186 0.023466 0.140352
1 2 0.293000 0.355979 0.183015 0.020195 0.147811
1 2 0.211027 0.360802 0.257716 0.024399 0.146056
1 2 0.280791 0.346262 0.195142 0.023434 0.154371
0 2 0.367056 0.335905 0.134379 0.017277 0.145382
1 2 0.189951 0.365729 0.279850 0.023811 0.140660
2 2 0.065234 0.289486 0.507539 0.030599 0.107142
1 2 0.150567 0.355688 0.332612 0.025933 0.135200
1 2 0.146325 0.362979 0.336262 0.024002 0.130432
0 2 0.369217 0.321801 0.135639 0.020031 0.153312
2 2 0.119928 0.328648 0.386376 0.031189 0.133859
1 2 0.334253 0.343839 0.154711 0.018986 0.148212
1 2 0.270026 0.359454 0.201327 0.021267 0.147927
0 2 0.457730 0.262964 0.094689 0.022458 0.162159
1 2 0.322939 0.342611 0.163065 0.020361 0.151023
1 2 0.282024 0.357524 0.191614 0.020761 0.148077
0 2 0.475989 0.288350 0.083573 0.014118 0.137971
0 2 0.492452 0.275805 0.078016 0.014500 0.139228
0 2 0.498776 0.275713 0.075324 0.013719 0.136467
0 2 0.568652 0.243051 0.052726 0.010994 0.124576
0 2 0.389278 0.317378 0.124167 0.018667 0.150509
0 2 0.414813 0.303820 0.110268 0.018193 0.152906
0 2 0.462849 0.293894 0.088862 0.014647 0.139748
0 2 0.589559 0.224829 0.047755 0.011633 0.126224
1 2 0.195454 0.334157 0.280805 0.032193 0.157391
2 2 0.156100 0.321628 0.332659 0.036254 0.153359
0 2 0.381163 0.320635 0.128473 0.018907 0.150823
0 2 0.537224 0.256291 0.062426 0.012538 0.131520
0 2 0.610365 0.217501 0.042146 0.010258 0.119731
0 2 0.535199 0.249763 0.062345 0.013582 0.139111
0 2 0.571559 0.234476 0.052642 0.012195 0.129128
0 0 0.621324 0.208220 0.039806 0.010508 0.120142
0 1 0.622416 0.184335 0.040685 0.015464 0.137099
0 1 0.470220 0.239213 0.042017 0.008426 0.240125
1 1 0.342746 0.343260 0.131714 0.015648 0.166632
0 0 0.461549 0.309014 0.086895 0.012094 0.130448
0 0 0.660232 0.189090 0.031160 0.008854 0.110664
0 0 0.769879 0.118255 0.013701 0.006888 0.091277
0 0 0.638678 0.177018 0.025442 0.008077 0.150786
0 0 0.635310 0.183616 0.026331 0.007733 0.147011
0 0 0.762267 0.122747 0.014678 0.007107 0.093201
0 0 0.595804 0.206826 0.035038 0.009132 0.153199
0 1 0.588279 0.193550 0.027668 0.007569 0.182934
1 1 0.298268 0.327428 0.115507 0.014218 0.244579
1 1 0.331384 0.353031 0.145239 0.016132 0.154214
0 1 0.433608 0.312931 0.100284 0.014457 0.138721
0 1 0.550943 0.257817 0.057158 0.010595 0.123488
0 1 0.646732 0.210450 0.032706 0.007088 0.103023
0 1 0.619252 0.223747 0.038925 0.008164 0.109912
0 1 0.577177 0.242781 0.049884 0.010007 0.120151
0 1 0.539270 0.264536 0.060591 0.010832 0.124770
0 1 0.578489 0.245290 0.049136 0.009447 0.117637
0 0 0.771664 0.121035 0.013397 0.006175 0.087730
0 1 0.538479 0.223105 0.064524 0.019825 0.154066
0 1 0.493132 0.280427 0.072124 0.012296 0.142021
0 1 0.509191 0.276809 0.070797 0.012250 0.130953
0 1 0.578106 0.242085 0.049657 0.010013 0.120139
0 1 0.462056 0.304698 0.087444 0.012768 0.133033
0 1 0.482757 0.290500 0.080167 0.012919 0.133657
0 1 0.581672 0.235318 0.049244 0.010736 0.123030
0 1 0.592239 0.233764 0.046025 0.009710 0.118263
0 0 0.525056 0.255440 0.067140 0.014299 0.138065
0 0 0.806003 0.104179 0.009449 0.004678 0.075691
0 0 0.828497 0.094769 0.007227 0.003540 0.065967
0 0 0.835414 0.091772 0.006608 0.003225 0.062981
0 0 0.797381 0.107652 0.010386 0.005162 0.079418
0 0 0.740805 0.140986 0.017452 0.006758 0.093999
0 0 0.654334 0.194793 0.032182 0.008628 0.110063
0 0 0.637806 0.208716 0.035266 0.008359 0.109853
0 0 0.641913 0.206837 0.034345 0.008173 0.108732
0 0 0.355692 0.326856 0.143437 0.020430 0.153584
0 0 0.676550 0.149080 0.028820 0.014959 0.130592
0 4 0.455066 0.287791 0.076795 0.012741 0.167606
4 4 0.222141 0.302409 0.101471 0.011771 0.362207
4 4 0.222770 0.297811 0.094970 0.011062 0.373387
4 4 0.200404 0.320894 0.125094 0.012769 0.340839
0 4 0.567350 0.170738 0.027946 0.010873 0.223093
0 4 0.405639 0.278285 0.065350 0.010806 0.239919
4 4 0.208402 0.249461 0.069908 0.010057 0.462172
4 4 0.141794 0.246616 0.079471 0.008865 0.523254
4 4 0.175315 0.239775 0.072302 0.010011 0.502597
4 4 0.141146 0.263876 0.095445 0.010042 0.489491
4 4 0.144748 0.272568 0.101675 0.010497 0.470513
4 4 0.183523 0.301714 0.114666 0.012190 0.387906
4 4 0.086563 0.280121 0.162815 0.012368 0.458133
4 4 0.157361 0.310965 0.136053 0.012786 0.382834
4 4 0.254070 0.180235 0.031000 0.006936 0.527759
4 4 0.118132 0.313860 0.169017 0.013260 0.385731
4 4 0.105603 0.249101 0.103914 0.009981 0.531401
4 4 0.183561 0.192262 0.041343 0.007109 0.575725
4 4 0.146601 0.152401 0.028610 0.005356 0.667033
4 4 0.152660 0.250836 0.080550 0.009338 0.506615
4 4 0.120526 0.158770 0.045954 0.008903 0.665848
0 4 0.394239 0.282851 0.069730 0.011321 0.241859
0 4 0.612769 0.164045 0.025032 0.009929 0.188225
4 4 0.321058 0.193205 0.030292 0.006836 0.448610
4 4 0.138736 0.281563 0.107270 0.010100 0.462331
4 4 0.196831 0.230794 0.059467 0.008885 0.504024
4 4 0.144065 0.254253 0.083317 0.009011 0.509353
0 4 0.446614 0.253167 0.052028 0.010065 0.238126
4 4 0.252037 0.239692 0.053609 0.008475 0.446187
4 4 0.211991 0.228837 0.048911 0.007006 0.503255
0 4 0.438029 0.248843 0.048500 0.009371 0.255257
4 4 0.322784 0.245545 0.049800 0.008568 0.373303
4 4 0.207253 0.271516 0.077649 0.009561 0.434021
4 0 0.360041 0.214840 0.034967 0.007238 0.382914
0 0 0.396120 0.314831 0.106473 0.015580 0.166996
0 0 0.472947 0.292415 0.084351 0.013720 0.136567
0 4 0.587830 0.231300 0.047684 0.010672 0.122513
4 4 0.352301 0.222124 0.041777 0.008821 0.374978
4 1 0.267299 0.228041 0.044376 0.007372 0.452912
0 4 0.457744 0.267654 0.055386 0.009548 0.209668
4 4 0.197334 0.255117 0.070343 0.009126 0.468080
4 4 0.184391 0.281522 0.088078 0.009615 0.436394
4 0 0.165230 0.239122 0.065189 0.008012 0.522448
0 0 0.540307 0.248731 0.053465 0.010871 0.146627
0 4 0.608432 0.227790 0.041685 0.008772 0.113320
4 4 0.184058 0.255642 0.070304 0.008499 0.481497
4 1 0.178141 0.251220 0.066245 0.007805 0.496589
0 4 0.530192 0.198515 0.026897 0.006824 0.237572
0 4 0.394147 0.283474 0.069945 0.011305 0.241130
4 1 0.360070 0.226498 0.038324 0.007365 0.367743
0 1 0.538379 0.267408 0.060522 0.010461 0.123231
1 1 0.297569 0.338144 0.116999 0.013177 0.234111
1 1 0.265288 0.363593 0.154826 0.014838 0.201455
0 0 0.423972 0.319038 0.099558 0.013533 0.143899
0 0 0.421463 0.247142 0.112185 0.033833 0.185377
0 0 0.731033 0.130031 0.014189 0.006249 0.118498
0 1 0.784661 0.119338 0.011674 0.004885 0.079442
0 1 0.446375 0.277585 0.063648 0.010665 0.201728
0 1 0.341161 0.293083 0.073315 0.010379 0.282063
0 0 0.506033 0.265613 0.059660 0.010849 0.157844
0 0 0.587566 0.227710 0.041778 0.009157 0.133788
0 1 0.747022 0.137335 0.016576 0.006581 0.092487
0 1 0.518555 0.273181 0.065402 0.011259 0.131603
0 0 0.645538 0.204128 0.033640 0.008174 0.108520
0 0 0.840725 0.089436 0.006153 0.002994 0.060691
0 0 0.842374 0.088705 0.006016 0.002925 0.059980
0 0 0.854518 0.083230 0.005053 0.002440 0.054759
0 0 0.850627 0.085002 0.005352 0.002590 0.056430
0 0 0.872369 0.074884 0.003800 0.001814 0.047133
0 0 0.814970 0.100489 0.008525 0.004203 0.071814
0 0 0.841491 0.089097 0.006089 0.002962 0.060360
0 0 0.879661 0.071368 0.003343 0.001588 0.044040
0 0 0.858562 0.081907 0.004948 0.002580 0.052003
0 0 0.737750 0.129748 0.018216 0.009268 0.105018
0 0 0.779658 0.120785 0.012304 0.005244 0.082010
0 0 0.814576 0.100653 0.008564 0.004223 0.071984
0 0 0.800409 0.110837 0.009932 0.004347 0.074474
0 0 0.732308 0.148865 0.018562 0.006532 0.093732
0 0 0.816657 0.099786 0.008357 0.004117 0.071084
0 0 0.716096 0.157842 0.021075 0.007072 0.097915
0 0 0.823989 0.096902 0.007642 0.003726 0.067742
0 0 0.755848 0.123391 0.015586 0.007878 0.097298
0 0 0.852223 0.084277 0.005228 0.002528 0.055744
0 0 0.817028 0.099631 0.008320 0.004098 0.070924
0 0 0.811392 0.101971 0.008887 0.004389 0.073361
0 0 0.808464 0.103174 0.009190 0.004545 0.074627
0 0 0.793301 0.109925 0.010832 0.005297 0.080645
0 0 0.821995 0.096547 0.006865 0.003187 0.071407
0 0 0.827709 0.095108 0.007300 0.003577 0.066307
0 0 0.783877 0.118877 0.011795 0.005041 0.080409
0 1 0.660812 0.199121 0.030202 0.007183 0.102681
0 1 0.534277 0.266659 0.062205 0.011056 0.125802
0 1 0.565306 0.234855 0.041941 0.008642 0.149255
0 1 0.625608 0.219727 0.037533 0.008058 0.109074
0 1 0.483347 0.292100 0.078591 0.012336 0.133626
0 1 0.503219 0.293509 0.070610 0.010171 0.122491
0 1 0.537210 0.270143 0.060566 0.010152 0.121929
0 1 0.490724 0.295828 0.075692 0.011127 0.126629
0 0 0.519983 0.281265 0.065660 0.010285 0.122807
0 0 0.575352 0.222592 0.052388 0.014075 0.135594
0 1 0.803747 0.105095 0.009689 0.004802 0.076666
0 1 0.466555 0.293844 0.075508 0.011597 0.152496
1 1 0.268575 0.352256 0.140881 0.014439 0.223849
1 1 0.280098 0.368006 0.167762 0.016201 0.167933
0 1 0.509098 0.281425 0.070140 0.011465 0.127872
0 1 0.387461 0.336399 0.119410 0.014735 0.141995
0 1 0.348767 0.341390 0.140259 0.017291 0.152293
1 1 0.318275 0.343586 0.166285 0.020601 0.151254
0 1 0.544966 0.266643 0.058133 0.009846 0.120412
0 1 0.375926 0.345708 0.126630 0.014563 0.137174
1 2 0.231679 0.384705 0.229640 0.018433 0.135544
1 2 0.199255 0.361747 0.270350 0.024551 0.144096
0 2 0.454930 0.311911 0.089599 0.012315 0.131245
0 2 0.588131 0.237251 0.046941 0.009623 0.118054
0 2 0.396535 0.316340 0.109214 0.015897 0.162013
0 2 0.381140 0.340934 0.124479 0.014899 0.138548
0 0 0.450504 0.308525 0.091918 0.013272 0.135780
0 1 0.263449 0.257970 0.216411 0.057791 0.204378
0 1 0.450527 0.262171 0.053634 0.009600 0.224067
1 1 0.269889 0.312164 0.101172 0.012485 0.304290
1 2 0.078751 0.333362 0.325421 0.018429 0.244038
2 2 0.054221 0.296281 0.451441 0.024063 0.173994
2 2 0.054047 0.251730 0.491974 0.030643 0.171606
2 2 0.031230 0.234732 0.593351 0.029115 0.111573
1 2 0.087338 0.323031 0.271110 0.017878 0.300643
2 2 0.076534 0.329408 0.399337 0.022285 0.172436
2 2 0.024780 0.085024 0.787834 0.051681 0.050681
1 2 0.095604 0.342676 0.298101 0.018496 0.245123
2 2 0.097687 0.330579 0.398017 0.026845 0.146872
1 2 0.110256 0.356339 0.325554 0.020392 0.187459
1 2 0.239186 0.366802 0.197739 0.018674 0.177598
1 2 0.148542 0.362629 0.276944 0.020854 0.191031
2 2 0.069948 0.313478 0.472634 0.025445 0.118495
2 2 0.055731 0.274255 0.536958 0.031304 0.101752
2 2 0.026869 0.180432 0.695739 0.030686 0.066275
1 2 0.302413 0.321550 0.098504 0.011865 0.265668
1 2 0.309908 0.368588 0.166592 0.016338 0.138574
2 2 0.101709 0.337582 0.402577 0.025975 0.132157
1 2 0.186846 0.366286 0.283312 0.023728 0.139829
2 2 0.042827 0.256547 0.581084 0.029469 0.090073
1 2 0.162577 0.362556 0.314430 0.024575 0.135862
1 2 0.314714 0.359403 0.165338 0.017654 0.142891
1 2 0.204002 0.383836 0.258501 0.019627 0.134034
0 1 0.450776 0.254483 0.098301 0.026034 0.170406
1 2 0.281617 0.372024 0.188211 0.017852 0.140295
2 2 0.081401 0.329817 0.457428 0.024167 0.107187
2 2 0.054405 0.289474 0.535799 0.025842 0.094481
1 2 0.129807 0.367764 0.358574 0.022031 0.121824
2 2 0.020686 0.134352 0.758785 0.032621 0.053556
2 2 0.016578 0.132123 0.774085 0.028836 0.048378
2 1 0.068494 0.293514 0.498346 0.030575 0.109071
1 2 0.245100 0.366452 0.222055 0.021416 0.144976
2 2 0.096534 0.341646 0.394454 0.023883 0.143483
2 2 0.078813 0.322267 0.465634 0.025444 0.107841
2 2 0.057745 0.290191 0.526615 0.027160 0.098289
2 2 0.079280 0.305180 0.470113 0.030476 0.114950
2 2 0.117119 0.348007 0.385419 0.025516 0.123940
2 2 0.027254 0.178221 0.687044 0.035556 0.071924
2 2 0.039703 0.256871 0.591388 0.027068 0.084971
2 2 0.027679 0.218969 0.648884 0.029086 0.075382
2 2 0.055484 0.281554 0.535522 0.028745 0.098695
2 2 0.062970 0.293843 0.511928 0.028294 0.102965
2 2 0.029639 0.223719 0.639173 0.029559 0.077910
2 2 0.016693 0.145408 0.761154 0.026837 0.049908
2 2 0.049944 0.273904 0.553678 0.028238 0.094236
2 2 0.042962 0.240002 0.584503 0.036053 0.096480
2 2 0.080517 0.323054 0.456808 0.025716 0.113905
2 2 0.025566 0.210874 0.660558 0.029590 0.073411
2 1 0.131197 0.323741 0.361668 0.033581 0.149812
1 1 0.226734 0.358970 0.190138 0.018496 0.205662
2 0 0.093682 0.330464 0.427538 0.026591 0.121726
0 1 0.388682 0.247184 0.128892 0.040252 0.194989
0 1 0.375151 0.334647 0.128205 0.016466 0.145531
1 2 0.149098 0.364049 0.332056 0.023862 0.130935
2 2 0.014555 0.110050 0.805756 0.028333 0.041305
2 2 0.036362 0.233372 0.601003 0.031782 0.097481
2 2 0.016597 0.128781 0.777226 0.029400 0.047995
2 2 0.014324 0.112893 0.803829 0.027570 0.041384
2 2 0.017423 0.127461 0.775059 0.030867 0.049190
2 2 0.016121 0.099374 0.809865 0.032689 0.041951
2 2 0.008725 0.063186 0.881104 0.023324 0.023661
2 2 0.024361 0.182005 0.688034 0.034061 0.071539
2 2 0.017119 0.116144 0.788190 0.031881 0.046667
2 2 0.015174 0.106023 0.807184 0.029972 0.041647
2 2 0.030774 0.215437 0.621408 0.035503 0.096879
2 2 0.011532 0.071537 0.858996 0.028355 0.029581
2 2 0.036993 0.239656 0.606032 0.030912 0.086407
2 2 0.029139 0.218006 0.642724 0.031279 0.078852
2 2 0.024136 0.182404 0.689147 0.033829 0.070485
2 2 0.040572 0.189084 0.619731 0.054647 0.095967
2 2 0.016706 0.077659 0.829195 0.038079 0.038361
2 2 0.037468 0.236104 0.605120 0.032761 0.088547
2 2 0.036287 0.206937 0.629314 0.039177 0.088285
2 2 0.044117 0.260601 0.575685 0.028983 0.090614
2 2 0.010369 0.063260 0.872823 0.027288 0.026261
2 2 0.048594 0.245445 0.564601 0.038187 0.103174
2 2 0.053745 0.267003 0.544494 0.032807 0.101951
2 1 0.087848 0.307990 0.451042 0.031938 0.121181
1 1 0.231322 0.341420 0.228607 0.026948 0.171703
2 2 0.037429 0.254772 0.599866 0.026015 0.081917
2 2 0.022846 0.188083 0.690413 0.030758 0.067900
2 2 0.023773 0.201727 0.682973 0.026195 0.065331
2 2 0.024802 0.211577 0.663954 0.028260 0.071407
2 2 0.020715 0.158675 0.728293 0.032006 0.060310
2 2 0.013322 0.077094 0.845044 0.031175 0.033365
2 2 0.023161 0.206084 0.673323 0.028113 0.069318
2 2 0.024552 0.200955 0.667601 0.032441 0.074451
2 2 0.042808 0.267176 0.577696 0.025996 0.086325
2 2 0.037017 0.229777 0.608099 0.035012 0.090095
2 2 0.017178 0.096087 0.808622 0.035182 0.042931
2 2 0.036330 0.234416 0.609779 0.032361 0.087113
2 2 0.023660 0.162233 0.712568 0.035526 0.066014
2 2 0.029445 0.221678 0.640525 0.030141 0.078212
2 3 0.036431 0.210524 0.612306 0.044118 0.096620
2 2 0.023006 0.124349 0.755134 0.039989 0.057522
2 2 0.068973 0.280384 0.500378 0.035386 0.114878
2 2 0.071897 0.279687 0.493256 0.036878 0.118282
2 2 0.042221 0.244797 0.586139 0.033415 0.093428
2 2 0.067922 0.292000 0.500166 0.030849 0.109063
2 2 0.064634 0.295561 0.507216 0.028437 0.104151
2 2 0.041119 0.245389 0.589827 0.032271 0.091394
2 2 0.020146 0.170607 0.717955 0.029996 0.061296
2 2 0.028775 0.211055 0.645740 0.033873 0.080557
2 2 0.015756 0.089816 0.821230 0.033665 0.039533
2 2 0.027781 0.211265 0.650227 0.032439 0.078288
2 2 0.014438 0.089983 0.826943 0.031096 0.037540
2 2 0.024127 0.190587 0.680418 0.032967 0.071900
2 2 0.022935 0.206849 0.674223 0.027478 0.068516
2 2 0.025347 0.210807 0.661602 0.029316 0.072928
2 2 0.013657 0.087461 0.833050 0.029990 0.035843
2 2 0.031547 0.219240 0.632109 0.033671 0.083433
2 2 0.028518 0.204937 0.647820 0.036473 0.082252
2 2 0.037691 0.205029 0.613707 0.046130 0.097442
2 2 0.035951 0.135140 0.694388 0.056262 0.078259
2 2 0.021477 0.089168 0.791119 0.054222 0.044013
2 2 0.019713 0.066074 0.807534 0.073332 0.033347
2 2 0.028623 0.171193 0.683617 0.040655 0.075912
2 2 0.030221 0.154696 0.695092 0.045085 0.074906
2 3 0.034683 0.209511 0.619767 0.042471 0.093568
2 2 0.024039 0.124877 0.749985 0.042443 0.058657
2 2 0.014199 0.070628 0.846536 0.035799 0.032838
2 2 0.024036 0.121038 0.754438 0.042142 0.058347
2 2 0.031451 0.193319 0.649198 0.041059 0.084972
2 2 0.031162 0.113371 0.722797 0.073663 0.059007
2 2 0.018430 0.082365 0.814304 0.044712 0.040190
2 2 0.033969 0.209064 0.622873 0.041791 0.092302
2 2 0.030813 0.136261 0.711297 0.051242 0.070386
2 2 0.018289 0.095690 0.804239 0.037282 0.044500
2 2 0.018454 0.099597 0.799551 0.036842 0.045556
2 2 0.023402 0.109827 0.762786 0.053275 0.050711
2 3 0.030338 0.120467 0.725847 0.060104 0.063244
2 2 0.037555 0.211120 0.607608 0.045167 0.098550
2 2 0.025653 0.143561 0.724454 0.040761 0.065570
2 2 0.024728 0.108805 0.760726 0.051923 0.053817
2 3 0.021074 0.079798 0.785380 0.077142 0.036606
2 0 0.035568 0.132102 0.691773 0.069612 0.070946
2 2 0.168760 0.287106 0.317753 0.050768 0.175613
2 2 0.065400 0.299574 0.477530 0.027847 0.129649
2 2 0.066702 0.314678 0.456271 0.024155 0.138194
2 2 0.011678 0.080060 0.849739 0.027172 0.031351
2 2 0.014515 0.106058 0.810076 0.028795 0.040555
2 2 0.028334 0.203609 0.649958 0.036414 0.081686
2 2 0.048366 0.264147 0.561324 0.030564 0.095599
2 2 0.040800 0.236843 0.592743 0.035529 0.094084
2 1 0.033566 0.237302 0.619574 0.028581 0.080977
1 2 0.154719 0.349175 0.299545 0.025938 0.170622
2 2 0.053056 0.273764 0.544689 0.030025 0.098466
2 2 0.107145 0.339531 0.405117 0.026445 0.121761
1 2 0.188965 0.370138 0.279700 0.022821 0.138376
2 2 0.070705 0.303203 0.490169 0.028355 0.107568
2 2 0.013548 0.096815 0.823975 0.028322 0.037340
2 2 0.029829 0.221370 0.638958 0.030720 0.079123
2 2 0.041355 0.256442 0.585989 0.028431 0.087783
2 2 0.030483 0.172022 0.702988 0.030463 0.064044
2 2 0.041828 0.215848 0.625513 0.033290 0.083522
2 2 0.021752 0.155809 0.738578 0.028408 0.055453
2 2 0.009372 0.071498 0.869539 0.023483 0.026108
2 2 0.020705 0.157924 0.729134 0.032075 0.060161
2 2 0.032980 0.217966 0.626263 0.035973 0.086817
2 2 0.015597 0.143644 0.766152 0.026147 0.048460
2 2 0.010795 0.056269 0.877503 0.029904 0.025529
2 2 0.028077 0.216561 0.647737 0.030553 0.077073
2 2 0.022785 0.207513 0.674764 0.027002 0.067936
2 2 0.058598 0.278746 0.527829 0.031217 0.103610
2 2 0.032676 0.231587 0.624651 0.029823 0.081263
2 2 0.016950 0.067722 0.830190 0.051842 0.033296
2 2 0.046841 0.261341 0.566828 0.030566 0.094423
2 2 0.025327 0.202421 0.663507 0.032953 0.075793
2 2 0.022012 0.161724 0.719751 0.033407 0.063106
2 2 0.030435 0.152881 0.696205 0.045655 0.074824
2 2 0.031472 0.171195 0.672836 0.044095 0.080403
2 2 0.030023 0.209374 0.640342 0.036363 0.083898
2 2 0.035635 0.210077 0.615679 0.043371 0.095238
2 2 0.040321 0.208997 0.600057 0.048198 0.102427
2 2 0.037087 0.177705 0.644176 0.052902 0.088129
2 2 0.019374 0.123255 0.771201 0.034520 0.051650
2 2 0.027794 0.159196 0.699579 0.041290 0.072141
2 2 0.034651 0.166571 0.665434 0.050230 0.083114
2 2 0.032321 0.207956 0.630176 0.040208 0.089338
2 2 0.018551 0.116522 0.781683 0.034190 0.049054
2 2 0.035376 0.173179 0.656308 0.048367 0.086769
2 2 0.035843 0.174209 0.653511 0.048736 0.087700
2 3 0.020834 0.095385 0.792825 0.043614 0.047341
2 2 0.045714 0.140506 0.639838 0.092541 0.081401
2 2 0.056703 0.155024 0.578228 0.117563 0.092482
2 2 0.025078 0.135380 0.735326 0.041239 0.062977
2 2 0.016603 0.087605 0.819728 0.035717 0.040346
2 2 0.017436 0.113686 0.789384 0.032763 0.046732
2 2 0.020813 0.153904 0.732955 0.032682 0.059647
2 2 0.035714 0.210122 0.615344 0.043445 0.095375
2 0 0.037930 0.217166 0.605954 0.042194 0.096756
2 0 0.145066 0.225851 0.355329 0.083828 0.189925
0 0 0.364026 0.305267 0.097467 0.014796 0.218444
0 1 0.340867 0.294316 0.077756 0.011256 0.275805
4 1 0.297464 0.292258 0.079967 0.011033 0.319278
4 1 0.155966 0.312327 0.131217 0.011847 0.388642
4 1 0.157713 0.332062 0.155247 0.013125 0.341853
2 1 0.081592 0.332864 0.398943 0.022783 0.163818
2 1 0.063567 0.311262 0.446381 0.023832 0.154958
2 2 0.060485 0.298637 0.487813 0.026371 0.126694
2 2 0.096614 0.346959 0.388133 0.022581 0.145713
2 0 0.090996 0.327781 0.438872 0.026792 0.115559
0 0 0.499512 0.203976 0.077791 0.033870 0.184851
0 1 0.518178 0.267748 0.063325 0.011446 0.139303
1 1 0.289359 0.321915 0.107547 0.013175 0.268004
1 1 0.163599 0.332036 0.159056 0.014062 0.331248
1 1 0.196751 0.343647 0.163672 0.015537 0.280393
2 1 0.060432 0.306401 0.425266 0.023292 0.184608
1 1 0.151831 0.367606 0.257708 0.018835 0.204021
2 1 0.094165 0.338566 0.398683 0.024233 0.144352
2 1 0.054276 0.289595 0.504488 0.026442 0.125197
2 2 0.078866 0.323990 0.464895 0.025013 0.107235
2 2 0.045272 0.260989 0.571881 0.029637 0.092221
2 2 0.049352 0.278791 0.553764 0.026401 0.091691
2 2 0.061820 0.295493 0.514293 0.027333 0.101061
1 2 0.147208 0.373071 0.331596 0.021792 0.126333
2 2 0.080286 0.313367 0.465487 0.028285 0.112575
2 2 0.033067 0.240065 0.620626 0.027136 0.079105
2 2 0.039643 0.262097 0.589763 0.025392 0.083105
2 2 0.030580 0.204260 0.665107 0.028823 0.071229
2 2 0.026926 0.186421 0.691064 0.029354 0.066235
1 2 0.147677 0.361543 0.334835 0.024394 0.131552
2 2 0.067556 0.309329 0.495468 0.025559 0.102089
2 2 0.029497 0.240573 0.634221 0.023606 0.072103
2 2 0.078861 0.327312 0.463666 0.024177 0.105984
2 1 0.139728 0.341647 0.352020 0.029135 0.137469
0 0 0.351911 0.242168 0.134756 0.043825 0.227340
0 0 0.763868 0.120442 0.014417 0.007248 0.094024
0 0 0.559587 0.233186 0.050789 0.011943 0.144496
0 0 0.540379 0.240569 0.056453 0.013042 0.149557
0 0 0.697618 0.161907 0.024474 0.008760 0.107240
0 0 0.402064 0.235288 0.121186 0.042543 0.198919
0 0 0.502761 0.266048 0.068128 0.013197 0.149867
0 0 0.596067 0.222934 0.045921 0.011126 0.123951
0 1 0.448622 0.309178 0.093261 0.013466 0.135473
1 4 0.183964 0.361826 0.194104 0.016105 0.244002
1 4 0.110624 0.341981 0.264961 0.018470 0.263964
4 4 0.094062 0.317938 0.206069 0.013752 0.368179
4 4 0.123659 0.302513 0.145285 0.012117 0.416426
4 4 0.071473 0.275535 0.168471 0.011161 0.473360
4 4 0.073540 0.278429 0.169943 0.011345 0.466745
4 4 0.078525 0.290308 0.193097 0.013245 0.424825
1 4 0.091250 0.326464 0.260944 0.017237 0.304105
4 4 0.083394 0.266562 0.146414 0.011445 0.492185
4 4 0.141145 0.271263 0.109298 0.011658 0.466636
4 4 0.064621 0.231569 0.127569 0.010017 0.566224
4 4 0.045650 0.271783 0.265163 0.014211 0.403193
4 4 0.051265 0.228970 0.146893 0.010098 0.562774
4 4 0.082663 0.277728 0.179702 0.014047 0.445859
4 4 0.090076 0.262247 0.148316 0.013189 0.486173
4 4 0.155980 0.268209 0.097457 0.010981 0.467373
4 4 0.066626 0.153384 0.050763 0.006113 0.723114
4 4 0.055426 0.208605 0.103005 0.007760 0.625204
4 4 0.053957 0.270829 0.227599 0.013722 0.433893
4 4 0.076336 0.190850 0.077580 0.008498 0.646736
4 4 0.088017 0.286472 0.164667 0.012080 0.448763
4 4 0.047278 0.210613 0.128333 0.009157 0.604618
4 4 0.069763 0.194858 0.074339 0.006826 0.654214
4 4 0.067702 0.231592 0.117324 0.009182 0.574200
4 4 0.080183 0.301262 0.202763 0.013205 0.402587
4 4 0.084842 0.241703 0.113586 0.009928 0.549942
4 4 0.072237 0.176512 0.059661 0.006232 0.685357
4 4 0.067410 0.284522 0.203171 0.012871 0.432026
4 4 0.080852 0.225627 0.093133 0.008090 0.592297
4 4 0.077430 0.249035 0.122214 0.009422 0.541898
4 4 0.091238 0.266414 0.140387 0.011765 0.490196
4 4 0.082638 0.278284 0.168340 0.012633 0.458105
4 4 0.073977 0.269663 0.152736 0.010485 0.493139
4 4 0.081710 0.237493 0.103077 0.008508 0.569212
4 4 0.061938 0.162019 0.062027 0.006950 0.707066
4 4 0.111205 0.302866 0.150291 0.011471 0.424167
4 4 0.057702 0.210579 0.103621 0.007995 0.620103
4 4 0.102323 0.293340 0.156678 0.012247 0.435412
4 4 0.114466 0.276560 0.126504 0.011399 0.471071
4 4 0.023292 0.081813 0.034002 0.004371 0.856523
4 4 0.047206 0.195476 0.116049 0.009323 0.631946
4 4 0.102505 0.256097 0.228889 0.030677 0.381831
4 4 0.077891 0.175603 0.067146 0.008354 0.671005
4 4 0.049181 0.230041 0.152394 0.010124 0.558260
4 4 0.044782 0.203980 0.122916 0.008710 0.619612
4 4 0.072275 0.185972 0.068438 0.006919 0.666396
4 4 0.140392 0.327529 0.169127 0.013933 0.349018
4 4 0.046459 0.141269 0.060047 0.006705 0.745521
4 4 0.100822 0.299945 0.161785 0.011962 0.425486
4 4 0.070819 0.290412 0.200675 0.012605 0.425490
4 4 0.081892 0.293400 0.183082 0.012407 0.429218
4 4 0.071056 0.295995 0.214802 0.013311 0.404836
4 4 0.056776 0.290568 0.255313 0.014211 0.383131
4 4 0.080972 0.290426 0.179837 0.012256 0.436508
4 4 0.074232 0.261531 0.139205 0.009818 0.515214
4 4 0.083563 0.285428 0.158731 0.010919 0.461358
4 4 0.116935 0.316251 0.165183 0.012426 0.389205
4 4 0.087127 0.298833 0.176406 0.011902 0.425731
2 4 0.039041 0.270563 0.363850 0.018425 0.308120
4 4 0.089790 0.274228 0.148463 0.011740 0.475779
2 4 0.057168 0.297742 0.325920 0.018485 0.300685
4 1 0.077995 0.302240 0.202415 0.012695 0.404654
4 1 0.046696 0.273612 0.286045 0.015888 0.377759
4 1 0.077396 0.305897 0.230030 0.014700 0.371976
2 1 0.035284 0.271360 0.430138 0.019581 0.243637
2 1 0.048434 0.289765 0.409720 0.021499 0.230582
2 1 0.044208 0.273524 0.336740 0.018565 0.326964
4 1 0.101946 0.291293 0.166147 0.013608 0.427007
4 1 0.054024 0.278500 0.261635 0.015617 0.390224
4 1 0.089265 0.295948 0.187458 0.013723 0.413605
4 1 0.058236 0.275646 0.231118 0.014526 0.420474
4 0 0.094148 0.305969 0.178397 0.012305 0.409181
2 1 0.096999 0.185720 0.501346 0.077605 0.138329
4 1 0.138431 0.323505 0.157997 0.012839 0.367228
4 1 0.111898 0.326550 0.190830 0.013552 0.357171
1 1 0.104682 0.331181 0.223136 0.015299 0.325702
2 1 0.065050 0.319163 0.426021 0.022066 0.167699
2 2 0.016727 0.129356 0.776062 0.029536 0.048319
2 2 0.098040 0.339601 0.380765 0.024200 0.157395
2 2 0.037991 0.250336 0.588046 0.028546 0.095081
2 2 0.015711 0.111629 0.803504 0.027740 0.041416
2 2 0.062688 0.310653 0.466579 0.023961 0.136120
2 2 0.061944 0.308491 0.493880 0.024172 0.111514
2 2 0.045824 0.272351 0.566506 0.026314 0.089005
2 2 0.004713 0.030422 0.934556 0.018518 0.011791
2 2 0.019631 0.147222 0.748845 0.029921 0.054381
2 2 0.009246 0.061574 0.880067 0.024895 0.024218
2 2 0.009463 0.078299 0.862204 0.022682 0.027353
2 2 0.017232 0.124622 0.783652 0.028478 0.046016
2 2 0.020981 0.154355 0.736446 0.030674 0.057545
2 2 0.013149 0.077968 0.844970 0.030642 0.033271
2 2 0.032689 0.226867 0.625776 0.031710 0.082958
2 2 0.008662 0.051935 0.892433 0.025393 0.021577
2 2 0.009888 0.070561 0.867934 0.024815 0.026803
2 2 0.012086 0.070880 0.857015 0.029718 0.030302
2 2 0.009422 0.046402 0.893711 0.028884 0.021581
2 2 0.010660 0.039511 0.887102 0.042748 0.019979
2 2 0.008974 0.040289 0.901590 0.029471 0.019675
2 2 0.018224 0.084911 0.815373 0.039412 0.042080
2 2 0.007099 0.035533 0.916031 0.025177 0.016159
2 2 0.009196 0.044054 0.897041 0.028931 0.020779
2 2 0.018395 0.093387 0.806119 0.037930 0.044169
2 2 0.018932 0.050022 0.804436 0.100273 0.026338
2 2 0.023520 0.049530 0.756557 0.142357 0.028035
2 2 0.013396 0.056419 0.862155 0.039986 0.028044
2 3 0.027598 0.077755 0.749035 0.103909 0.041703
2 3 0.015701 0.024288 0.695434 0.252168 0.012409
2 3 0.016668 0.036769 0.771471 0.157165 0.017927
2 3 0.013464 0.031449 0.819338 0.120113 0.015636
2 3 0.018993 0.034040 0.714148 0.215385 0.017434
2 3 0.016930 0.050509 0.819878 0.087632 0.025051
2 3 0.021202 0.033024 0.658775 0.269572 0.017428
2 3 0.017493 0.025121 0.602556 0.342725 0.012105
3 3 0.027087 0.030696 0.461227 0.464327 0.016663
3 3 0.029753 0.024508 0.284594 0.647081 0.014065
3 3 0.026401 0.020802 0.270861 0.670195 0.011741
3 3 0.021497 0.017660 0.298769 0.652632 0.009443
3 3 0.031819 0.037313 0.440899 0.469667 0.020302
3 3 0.020135 0.015386 0.155208 0.802095 0.007176
2 2 0.032857 0.075618 0.714607 0.132676 0.044242
2 2 0.025673 0.170387 0.695908 0.037108 0.070923
2 2 0.028441 0.205400 0.648125 0.036128 0.081906
2 2 0.029427 0.219132 0.641215 0.031160 0.079065
2 2 0.017032 0.115915 0.788802 0.031768 0.046482
2 2 0.025482 0.164597 0.702828 0.037593 0.069499
2 2 0.019774 0.112057 0.781166 0.036915 0.050088
2 2 0.012378 0.052068 0.866833 0.044233 0.024489
