4 0 0.280903 0.247856 0.069776 0.018702 0.382764
4 1 0.018166 0.232053 0.134804 0.002092 0.612884
4 1 0.029278 0.244711 0.119263 0.002782 0.603967
4 4 0.120774 0.253610 0.041867 0.002519 0.581231
4 4 0.104747 0.267852 0.087539 0.006808 0.533054
4 4 0.018513 0.230796 0.112673 0.001586 0.636432
4 4 0.019897 0.231696 0.103053 0.001476 0.643879
4 4 0.012504 0.216337 0.093495 0.000794 0.676870
4 4 0.013372 0.187414 0.053900 0.000439 0.744874
4 4 0.019192 0.228834 0.092171 0.001190 0.658613
4 4 0.034711 0.248894 0.113753 0.003072 0.599569
4 4 0.036898 0.238598 0.059820 0.001180 0.663504
4 4 0.029287 0.243416 0.106836 0.002322 0.618138
4 4 0.029908 0.241593 0.091316 0.001842 0.635342
4 4 0.029970 0.242914 0.098643 0.002090 0.626383
4 4 0.021390 0.237149 0.142797 0.002723 0.595941
4 4 0.024547 0.236497 0.094527 0.001590 0.642839
4 4 0.026108 0.236331 0.084670 0.001421 0.651470
4 4 0.035170 0.249905 0.121418 0.003470 0.590036
4 4 0.025981 0.176634 0.034558 0.000527 0.762301
4 4 0.032724 0.168986 0.039426 0.000965 0.757900
4 4 0.176563 0.261976 0.061623 0.007484 0.492354
4 4 0.024107 0.240760 0.152378 0.003442 0.579313
4 4 0.037324 0.223222 0.050260 0.001008 0.688186
4 4 0.054968 0.260761 0.119939 0.005492 0.558839
4 1 0.103503 0.270032 0.127896 0.012764 0.485805
4 1 0.038332 0.252704 0.130500 0.004291 0.574173
4 1 0.056987 0.260945 0.171649 0.010715 0.499704
4 1 0.133167 0.269356 0.092872 0.010113 0.494491
4 1 0.034260 0.248388 0.197313 0.007914 0.512125
4 1 0.026713 0.243055 0.132828 0.003028 0.594375
4 1 0.054326 0.260151 0.170592 0.010038 0.504892
4 4 0.050762 0.244891 0.054946 0.001447 0.647955
4 4 0.032402 0.196920 0.047961 0.000993 0.721724
4 4 0.169448 0.256537 0.046274 0.004500 0.523240
4 4 0.119798 0.269736 0.135435 0.017009 0.458022
4 4 0.048585 0.257122 0.183098 0.010090 0.501105
4 1 0.075281 0.263517 0.184091 0.016885 0.460225
4 1 0.042840 0.254671 0.116814 0.004011 0.581663
4 1 0.100675 0.243716 0.263487 0.053289 0.338832
4 1 0.083638 0.265697 0.172401 0.016929 0.461335
4 1 0.078761 0.253711 0.105395 0.007285 0.554847
4 1 0.063521 0.264098 0.143604 0.008797 0.519979
4 2 0.133186 0.269884 0.100540 0.011567 0.484823
4 2 0.073975 0.262049 0.194159 0.018323 0.451495
0 0 0.506561 0.181591 0.029178 0.008430 0.274240
0 0 0.442469 0.199271 0.029864 0.007363 0.321034
4 1 0.023229 0.233268 0.086228 0.001299 0.655976
4 1 0.033114 0.245032 0.094515 0.002163 0.625176
4 2 0.028566 0.243060 0.109722 0.002364 0.616288
2 2 0.043985 0.217032 0.373764 0.043304 0.321915
4 2 0.029900 0.245718 0.124734 0.003063 0.596584
4 2 0.026347 0.237969 0.239808 0.008684 0.487191
4 2 0.029046 0.244868 0.189207 0.006142 0.530737
2 2 0.018614 0.125135 0.672461 0.027019 0.156771
2 2 0.014144 0.142437 0.615457 0.019893 0.208069
2 2 0.006617 0.047603 0.888318 0.010607 0.046856
2 2 0.006372 0.032148 0.925083 0.010020 0.026378
2 2 0.005159 0.032805 0.924963 0.008371 0.028702
4 2 0.033949 0.249777 0.168190 0.005858 0.542227
2 2 0.008331 0.051633 0.877190 0.012987 0.049859
2 2 0.013508 0.126343 0.666532 0.020522 0.173094
2 2 0.005729 0.041720 0.903310 0.009299 0.039942
2 2 0.007241 0.057422 0.863117 0.011587 0.060633
2 2 0.008262 0.067069 0.837530 0.013089 0.074049
2 2 0.004062 0.028461 0.935987 0.006758 0.024732
2 2 0.007484 0.036057 0.914865 0.011587 0.030008
2 2 0.012875 0.064720 0.840704 0.019110 0.062591
2 2 0.030981 0.157639 0.569850 0.042008 0.199522
2 2 0.023716 0.120253 0.684449 0.033210 0.138371
2 2 0.022082 0.112312 0.707816 0.031163 0.126628
2 2 0.010112 0.068828 0.832387 0.015588 0.073084
2 2 0.005651 0.024138 0.943539 0.008872 0.017799
2 2 0.002666 0.028795 0.935766 0.004712 0.028062
2 2 0.005086 0.023265 0.943270 0.009331 0.019048
2 2 0.008190 0.073408 0.781462 0.020589 0.116351
2 2 0.010574 0.060238 0.854019 0.016076 0.059093
2 2 0.006338 0.024337 0.940475 0.010514 0.018337
2 2 0.008900 0.065270 0.842184 0.013931 0.069714
2 2 0.008982 0.040673 0.902440 0.013651 0.034253
2 2 0.019450 0.095562 0.755356 0.027763 0.101868
2 2 0.011784 0.051121 0.874686 0.017471 0.044938
2 2 0.010836 0.045088 0.889879 0.016135 0.038062
2 2 0.014141 0.063095 0.843272 0.020678 0.058814
2 2 0.011095 0.024818 0.903723 0.034229 0.026135
2 2 0.008857 0.054981 0.865504 0.014565 0.056093
2 2 0.006895 0.030327 0.928389 0.010680 0.023708
2 2 0.027875 0.118976 0.684393 0.038119 0.130637
2 2 0.039995 0.156330 0.566747 0.052247 0.184681
2 2 0.014413 0.136450 0.635093 0.021443 0.192601
2 2 0.013021 0.071484 0.823576 0.019400 0.072519
2 2 0.005632 0.026412 0.938706 0.008899 0.020352
2 2 0.004002 0.025845 0.942000 0.006630 0.021523
2 2 0.011437 0.045091 0.889029 0.016899 0.037545
2 2 0.005872 0.040905 0.905199 0.009486 0.038538
2 2 0.009757 0.048515 0.883296 0.014815 0.043617
2 2 0.010671 0.019849 0.917807 0.032687 0.018986
2 2 0.028709 0.139025 0.627082 0.039276 0.165908
2 2 0.006750 0.019992 0.940004 0.015936 0.017318
2 3 0.017698 0.032443 0.854811 0.057777 0.037271
2 3 0.015332 0.041601 0.876761 0.028803 0.037504
2 3 0.012495 0.041566 0.882131 0.024264 0.039544
2 3 0.028785 0.098290 0.737673 0.038872 0.096379
2 3 0.012934 0.041605 0.885016 0.023159 0.037286
2 3 0.012326 0.039672 0.882890 0.025975 0.039137
2 3 0.021506 0.027570 0.799542 0.111936 0.039446
2 3 0.033659 0.038251 0.683516 0.182290 0.062284
2 3 0.024635 0.017461 0.715822 0.213548 0.028535
2 3 0.042223 0.046337 0.646464 0.193596 0.071380
2 3 0.024601 0.025679 0.745443 0.162874 0.041403
2 3 0.013184 0.033073 0.863805 0.047272 0.042665
2 3 0.015638 0.030374 0.863872 0.054185 0.035931
2 2 0.025889 0.105771 0.726988 0.020958 0.120393
4 1 0.230236 0.254226 0.062985 0.009348 0.443206
4 1 0.130829 0.204527 0.030803 0.002489 0.631352
4 1 0.023254 0.202975 0.063181 0.000994 0.709597
4 1 0.030569 0.246938 0.173007 0.005513 0.543972
4 2 0.020321 0.223016 0.303846 0.010750 0.442067
2 2 0.007399 0.071861 0.824192 0.011951 0.084596
2 2 0.013358 0.065775 0.837593 0.019740 0.063534
2 2 0.005066 0.031320 0.928475 0.008218 0.026921
2 2 0.003511 0.018013 0.956019 0.007265 0.015192
2 2 0.002936 0.021899 0.948029 0.006188 0.020949
2 2 0.018029 0.070246 0.821108 0.025612 0.065005
2 2 0.010186 0.077592 0.808948 0.015786 0.087488
2 2 0.013803 0.068586 0.830150 0.020349 0.067111
2 2 0.005752 0.058068 0.861207 0.009516 0.065456
2 2 0.008194 0.018831 0.927727 0.026313 0.018934
2 2 0.003701 0.019493 0.956245 0.006085 0.014476
2 2 0.012194 0.032750 0.907747 0.021198 0.026111
2 2 0.011345 0.074246 0.817561 0.017275 0.079574
2 2 0.009272 0.041351 0.894737 0.016245 0.038394
2 2 0.013447 0.033851 0.881064 0.035739 0.035898
2 2 0.010467 0.028247 0.900308 0.030442 0.030536
2 2 0.006703 0.025057 0.932698 0.013732 0.021810
2 3 0.012424 0.020188 0.880618 0.060697 0.026072
2 3 0.009187 0.026926 0.910380 0.025397 0.028110
2 3 0.016891 0.026482 0.853128 0.070483 0.033015
2 2 0.006530 0.046676 0.890664 0.010475 0.045655
2 2 0.011134 0.029828 0.903041 0.027031 0.028967
2 2 0.012595 0.047673 0.812219 0.049507 0.078006
2 2 0.031599 0.079656 0.725212 0.067689 0.095844
2 2 0.013272 0.025347 0.890140 0.043803 0.027439
2 2 0.020644 0.083612 0.784917 0.029027 0.081800
2 2 0.012028 0.029310 0.896715 0.032162 0.029785
2 2 0.009844 0.035331 0.906877 0.017435 0.030514
2 2 0.010753 0.051319 0.875502 0.016156 0.046270
2 2 0.019125 0.059194 0.818400 0.039081 0.064200
2 2 0.022287 0.130067 0.656957 0.031566 0.159122
2 2 0.004568 0.014758 0.925135 0.031239 0.024300
2 2 0.025823 0.091334 0.735732 0.043994 0.103117
2 2 0.006969 0.008013 0.873541 0.096291 0.015185
2 2 0.033332 0.095784 0.699980 0.059924 0.110980
2 2 0.013461 0.022725 0.892854 0.046740 0.024219
2 3 0.006057 0.009451 0.916833 0.053160 0.014499
2 3 0.014445 0.010804 0.730996 0.220938 0.022817
3 3 0.025686 0.007789 0.299610 0.644699 0.022217
2 3 0.016167 0.023263 0.834745 0.091727 0.034098
2 3 0.008794 0.023490 0.922141 0.023099 0.022475
2 3 0.021338 0.057313 0.819737 0.042461 0.059151
2 3 0.007259 0.038497 0.889048 0.018643 0.046553
2 2 0.009845 0.031581 0.893055 0.028997 0.036524
2 2 0.006870 0.020888 0.940040 0.014856 0.017345
2 2 0.006668 0.017233 0.909181 0.040493 0.026424
2 2 0.009950 0.015175 0.894960 0.059464 0.020451
2 2 0.013394 0.055195 0.863043 0.019586 0.048782
2 2 0.015902 0.045269 0.860807 0.032962 0.045060
2 2 0.008521 0.026937 0.923890 0.017409 0.023243
2 2 0.007495 0.026614 0.922936 0.017481 0.025475
2 2 0.015505 0.028079 0.875367 0.050328 0.030722
2 2 0.060070 0.201333 0.406971 0.073554 0.258073
4 2 0.063639 0.257956 0.212499 0.018288 0.447618
4 2 0.026355 0.220601 0.330552 0.011686 0.410806
2 2 0.017951 0.056837 0.852680 0.025210 0.047322
2 2 0.007054 0.037015 0.913220 0.011032 0.031679
2 2 0.021712 0.123912 0.675194 0.030821 0.148360
4 2 0.050919 0.253960 0.219631 0.015068 0.460422
4 2 0.034837 0.250453 0.136426 0.004182 0.574103
4 2 0.038003 0.233620 0.308588 0.022233 0.397556
2 2 0.006400 0.033109 0.918157 0.011782 0.030551
2 2 0.009967 0.062999 0.847529 0.015322 0.064184
2 2 0.005310 0.021143 0.946659 0.010050 0.016838
2 2 0.003695 0.022740 0.932833 0.012124 0.028607
2 2 0.002887 0.015992 0.964742 0.004853 0.011526
2 2 0.006750 0.035909 0.916110 0.010603 0.030628
2 2 0.004349 0.019088 0.953563 0.008117 0.014883
2 2 0.006883 0.047449 0.888542 0.010970 0.046156
2 2 0.002917 0.022164 0.951307 0.005004 0.018609
2 2 0.004627 0.014631 0.957017 0.011524 0.012201
2 2 0.003796 0.022412 0.949614 0.006356 0.017822
2 2 0.009196 0.022247 0.912781 0.031243 0.024532
2 2 0.003670 0.024219 0.945988 0.006130 0.019993
2 2 0.009430 0.015767 0.899379 0.054168 0.021257
2 2 0.011697 0.081586 0.797778 0.017820 0.091119
2 2 0.004859 0.015611 0.950584 0.014185 0.014761
2 2 0.005969 0.010562 0.927529 0.041371 0.014570
2 2 0.010278 0.026158 0.920099 0.021493 0.021971
2 2 0.042548 0.223316 0.353296 0.035545 0.345295
4 2 0.036838 0.225040 0.343636 0.027787 0.366699
2 2 0.011416 0.052671 0.868412 0.018115 0.049385
2 2 0.005419 0.029400 0.931751 0.008906 0.024524
2 2 0.003124 0.019536 0.956904 0.005263 0.015172
2 2 0.017661 0.090268 0.770915 0.025493 0.095663
2 2 0.005186 0.016965 0.954913 0.010246 0.012690
2 2 0.009415 0.036957 0.910154 0.014127 0.029348
2 2 0.005442 0.038018 0.912448 0.008847 0.035244
2 2 0.019688 0.093625 0.760251 0.028027 0.098410
2 2 0.010908 0.062746 0.847463 0.016549 0.062334
2 2 0.004598 0.010019 0.950206 0.023653 0.011525
2 2 0.004631 0.020239 0.950480 0.008637 0.016012
2 2 0.011050 0.065037 0.841570 0.016767 0.065576
2 2 0.006112 0.015901 0.944701 0.018386 0.014901
4 4 0.052532 0.186626 0.158784 0.016211 0.585846
4 4 0.024423 0.230199 0.279778 0.008807 0.456792
2 4 0.022370 0.183446 0.489130 0.014835 0.290219
2 2 0.002599 0.017188 0.962586 0.004456 0.013171
2 2 0.005067 0.016009 0.956099 0.010627 0.012198
2 2 0.017584 0.128839 0.661180 0.025753 0.166644
2 2 0.009865 0.051821 0.875301 0.015014 0.047999
2 2 0.024966 0.138070 0.632108 0.034844 0.170012
2 2 0.006214 0.040195 0.906644 0.009947 0.037000
4 2 0.038952 0.204568 0.108623 0.004803 0.643053
4 2 0.020133 0.233684 0.212773 0.005202 0.528208
4 2 0.029790 0.245787 0.184259 0.006010 0.534153
4 2 0.027908 0.239808 0.235682 0.008924 0.487677
4 2 0.036366 0.243099 0.253597 0.013795 0.453143
2 2 0.017421 0.154692 0.581219 0.019162 0.227506
4 2 0.033642 0.248510 0.189542 0.007204 0.521102
4 2 0.028732 0.230783 0.300305 0.015249 0.424931
4 2 0.038027 0.246011 0.239590 0.012911 0.463461
4 2 0.021772 0.237893 0.153249 0.003130 0.583956
4 2 0.031165 0.222792 0.345217 0.023123 0.377702
2 2 0.005799 0.028490 0.926193 0.012195 0.027323
2 2 0.033715 0.178722 0.501421 0.045151 0.240991
4 2 0.018223 0.213955 0.342747 0.012552 0.412523
2 2 0.005811 0.042823 0.900564 0.009428 0.041373
2 2 0.021116 0.154299 0.581712 0.030234 0.212639
2 2 0.007338 0.062144 0.850689 0.011773 0.068057
2 2 0.008551 0.062028 0.850770 0.013423 0.065228
2 2 0.006694 0.048474 0.886109 0.010725 0.047999
2 2 0.007542 0.040091 0.905560 0.011741 0.035066
2 2 0.005806 0.027079 0.937013 0.009150 0.020952
2 2 0.010755 0.073388 0.820097 0.016491 0.079269
2 2 0.010299 0.058165 0.859405 0.015686 0.056445
2 2 0.012974 0.053399 0.867802 0.019021 0.046804
2 2 0.006743 0.045231 0.894078 0.010747 0.043200
2 2 0.016407 0.103091 0.736817 0.024077 0.119608
4 2 0.032782 0.233659 0.297519 0.017295 0.418744
4 2 0.049540 0.246575 0.261644 0.020943 0.421299
4 2 0.043655 0.252582 0.208793 0.011478 0.483493
2 2 0.035007 0.187552 0.471402 0.046581 0.259459
2 2 0.021317 0.149265 0.598066 0.030471 0.200881
2 2 0.046495 0.153330 0.573886 0.053197 0.173092
2 2 0.033536 0.156595 0.571460 0.044952 0.193457
2 2 0.012567 0.074975 0.814926 0.018868 0.078663
4 2 0.029326 0.241633 0.229815 0.008957 0.490268
4 2 0.035155 0.248620 0.201827 0.008489 0.505908
2 2 0.008000 0.082724 0.793683 0.012871 0.102723
4 2 0.087995 0.268747 0.134994 0.011526 0.496737
4 4 0.073007 0.173717 0.038131 0.002371 0.712775
4 4 0.296225 0.234596 0.037050 0.005715 0.426415
4 4 0.080128 0.252789 0.050440 0.002086 0.614556
4 0 0.187071 0.152643 0.030395 0.006621 0.623269
0 0 0.663372 0.131831 0.026029 0.011525 0.167243
4 0 0.159604 0.179112 0.031212 0.004241 0.625831
0 0 0.562782 0.139030 0.028109 0.011658 0.258421
0 0 0.583244 0.153249 0.022800 0.007326 0.233380
4 0 0.336205 0.169591 0.023638 0.005454 0.465112
4 1 0.067584 0.260060 0.081289 0.003645 0.587422
4 1 0.066275 0.260704 0.086336 0.003929 0.582755
4 4 0.079757 0.254503 0.066149 0.003276 0.596316
4 4 0.065251 0.255773 0.068009 0.002642 0.608325
4 4 0.237060 0.254151 0.057678 0.010296 0.440814
4 4 0.021301 0.236577 0.190222 0.004485 0.547416
4 4 0.016113 0.227897 0.208394 0.003979 0.543616
4 1 0.027455 0.231199 0.292970 0.013739 0.434637
4 1 0.018391 0.232420 0.192377 0.003935 0.552878
4 1 0.033523 0.247396 0.108634 0.002746 0.607700
4 1 0.017990 0.232457 0.156623 0.002674 0.590256
4 1 0.017236 0.230675 0.190742 0.003625 0.557722
4 1 0.014946 0.226833 0.146486 0.001977 0.609758
4 1 0.019610 0.227942 0.263456 0.007672 0.481320
4 1 0.032113 0.246208 0.205175 0.007943 0.508561
4 1 0.028815 0.237932 0.256191 0.010917 0.466144
4 2 0.021444 0.211776 0.369054 0.017910 0.379817
4 2 0.025643 0.220300 0.343307 0.018297 0.392453
4 2 0.034047 0.250049 0.159667 0.005359 0.550877
4 2 0.023266 0.239075 0.131842 0.002594 0.603223
4 2 0.027486 0.244383 0.161257 0.004353 0.562521
4 2 0.020830 0.236193 0.184820 0.004160 0.553997
4 2 0.028580 0.245188 0.138674 0.003494 0.584065
4 2 0.025721 0.242198 0.137376 0.003083 0.591622
4 2 0.027950 0.235813 0.266367 0.011444 0.458425
4 2 0.023236 0.239758 0.161034 0.003647 0.572325
2 2 0.020586 0.188636 0.460419 0.027726 0.302633
4 2 0.021695 0.237527 0.178878 0.004091 0.557809
4 2 0.026794 0.242377 0.121240 0.002608 0.606982
4 2 0.028657 0.243325 0.206476 0.007119 0.514422
4 2 0.032394 0.242729 0.239421 0.010812 0.474644
2 2 0.032579 0.193283 0.451644 0.043753 0.278740
2 2 0.018178 0.104343 0.734709 0.023514 0.119256
2 2 0.014737 0.135706 0.637724 0.022155 0.189678
2 2 0.009983 0.055210 0.866964 0.015226 0.052617
2 2 0.028767 0.158441 0.568767 0.029423 0.214602
2 2 0.011234 0.112468 0.707658 0.017453 0.151187
4 2 0.042628 0.246979 0.247004 0.015610 0.447780
2 2 0.015336 0.187172 0.452898 0.015352 0.329243
2 2 0.014519 0.087372 0.780898 0.021520 0.095690
4 2 0.028308 0.225342 0.327026 0.018210 0.401114
2 2 0.004686 0.040530 0.906674 0.007812 0.040298
2 2 0.013413 0.064994 0.839461 0.019796 0.062335
2 2 0.005680 0.023454 0.941530 0.010415 0.018920
2 2 0.007066 0.084578 0.786993 0.011582 0.109782
2 2 0.008038 0.053931 0.871690 0.012627 0.053715
2 2 0.005384 0.034798 0.920116 0.008716 0.030986
2 2 0.003350 0.030513 0.931562 0.005753 0.028822
2 2 0.011831 0.049996 0.877241 0.017507 0.043424
2 2 0.019479 0.045545 0.870516 0.029126 0.035334
2 2 0.009853 0.072066 0.823920 0.015283 0.078878
2 2 0.009091 0.038197 0.907872 0.013739 0.031101
2 2 0.016773 0.055062 0.858517 0.023741 0.045907
2 2 0.006221 0.017650 0.948430 0.013690 0.014009
2 2 0.019748 0.081442 0.772539 0.034428 0.091843
2 2 0.012456 0.020481 0.886508 0.055550 0.025005
2 2 0.018765 0.046773 0.811435 0.060584 0.062443
2 2 0.030080 0.178182 0.503923 0.040947 0.246868
2 2 0.009044 0.036175 0.912019 0.013799 0.028963
2 2 0.018820 0.083302 0.787799 0.026812 0.083267
4 2 0.096737 0.251292 0.242650 0.041277 0.368043
4 2 0.025060 0.236876 0.238833 0.008168 0.491063
2 2 0.008479 0.039979 0.904680 0.012979 0.033883
2 2 0.006244 0.031892 0.924290 0.010396 0.027178
2 2 0.015119 0.116420 0.698240 0.022551 0.147668
2 2 0.005815 0.032827 0.924224 0.009276 0.027858
2 2 0.007943 0.038701 0.908277 0.012247 0.032832
2 2 0.011720 0.034484 0.910730 0.017501 0.025566
2 2 0.005502 0.017162 0.942123 0.017601 0.017611
2 2 0.012161 0.054546 0.866153 0.018019 0.049121
2 2 0.008006 0.025827 0.916177 0.022575 0.027416
2 2 0.052351 0.117215 0.602552 0.089731 0.138151
2 2 0.008523 0.020370 0.923889 0.026571 0.020648
2 2 0.018699 0.069448 0.820802 0.026916 0.064134
2 2 0.007876 0.012716 0.908819 0.052803 0.017786
2 2 0.014807 0.057102 0.856669 0.021385 0.050036
2 2 0.007791 0.027898 0.902249 0.026850 0.035213
2 2 0.029299 0.107787 0.697779 0.044702 0.120433
2 2 0.057607 0.199213 0.416467 0.071080 0.255632
2 2 0.053644 0.117876 0.652060 0.066565 0.109856
2 2 0.008227 0.016892 0.908803 0.043450 0.022628
2 2 0.016270 0.058741 0.850796 0.023220 0.050972
2 2 0.016232 0.052441 0.859496 0.025598 0.046233
2 2 0.017794 0.055088 0.850605 0.027823 0.048690
2 2 0.041251 0.184343 0.490488 0.040125 0.243792
2 2 0.029933 0.172159 0.517969 0.035165 0.244774
4 2 0.054193 0.241341 0.289252 0.029172 0.386042
0 0 0.392420 0.217750 0.065971 0.023333 0.300527
4 1 0.049248 0.252419 0.226763 0.015459 0.456111
2 1 0.035052 0.220435 0.359800 0.029463 0.355251
2 2 0.035111 0.133722 0.636277 0.046601 0.148290
2 2 0.040987 0.171334 0.520647 0.053374 0.213657
2 2 0.003628 0.015789 0.958278 0.008604 0.013700
2 2 0.026763 0.149556 0.596630 0.037037 0.190014
2 2 0.009166 0.030704 0.916229 0.017448 0.026454
2 2 0.004686 0.014944 0.953644 0.013145 0.013581
2 2 0.005610 0.018835 0.949593 0.011259 0.014703
2 2 0.007825 0.044095 0.895863 0.012190 0.040027
2 2 0.020487 0.052764 0.857695 0.028101 0.040954
2 2 0.006245 0.012258 0.945451 0.023994 0.012052
2 2 0.005620 0.013598 0.951075 0.017399 0.012308
2 2 0.014011 0.014818 0.763646 0.175987 0.031538
3 3 0.009307 0.003791 0.404252 0.566844 0.015806
2 3 0.007451 0.012145 0.913728 0.049894 0.016782
2 3 0.012363 0.015306 0.818938 0.124647 0.028747
2 3 0.020580 0.017348 0.626779 0.293157 0.042135
3 3 0.028477 0.009508 0.213770 0.716408 0.031837
3 3 0.021892 0.010350 0.431513 0.506395 0.029850
3 3 0.005306 0.000398 0.023860 0.967563 0.002873
3 3 0.024614 0.007320 0.209612 0.733283 0.025171
3 3 0.011878 0.001573 0.060343 0.918147 0.008059
3 3 0.010533 0.000913 0.034989 0.948795 0.004770
3 3 0.013909 0.001735 0.052262 0.923630 0.008463
3 3 0.006701 0.000614 0.030132 0.958423 0.004130
3 3 0.009608 0.001045 0.039273 0.943999 0.006075
3 3 0.008367 0.000703 0.031155 0.955660 0.004115
3 3 0.007295 0.000712 0.032693 0.954647 0.004654
3 3 0.018975 0.003206 0.069218 0.894189 0.014412
3 3 0.004819 0.000320 0.021088 0.971420 0.002353
3 3 0.008344 0.000620 0.028627 0.958889 0.003520
3 3 0.009623 0.000853 0.034226 0.950597 0.004702
3 3 0.009263 0.000671 0.029379 0.957105 0.003582
3 3 0.008687 0.000795 0.033528 0.952326 0.004664
3 3 0.013365 0.001283 0.041326 0.937963 0.006063
3 3 0.011742 0.000975 0.035529 0.947002 0.004753
3 3 0.004348 0.000279 0.019725 0.973503 0.002145
3 3 0.009746 0.000764 0.031668 0.953766 0.004055
3 3 0.010625 0.001184 0.041614 0.940007 0.006570
3 3 0.009694 0.000734 0.030862 0.954838 0.003872
3 3 0.005219 0.000342 0.021593 0.970446 0.002401
3 3 0.005811 0.000327 0.020359 0.971418 0.002086
3 3 0.005132 0.000218 0.015920 0.977355 0.001375
3 3 0.003001 0.000126 0.012633 0.983186 0.001053
3 3 0.003694 0.000167 0.014497 0.980366 0.001276
3 3 0.009236 0.001023 0.039133 0.944502 0.006106
3 3 0.007221 0.000539 0.027027 0.961910 0.003303
3 3 0.005863 0.000340 0.020867 0.970752 0.002178
3 3 0.004612 0.000224 0.016681 0.976936 0.001547
3 3 0.006138 0.000385 0.022456 0.968560 0.002460
3 3 0.007765 0.000516 0.025736 0.963030 0.002953
3 3 0.006669 0.000416 0.023152 0.967224 0.002540
3 3 0.005732 0.000316 0.019952 0.971982 0.002018
3 3 0.006472 0.000338 0.020248 0.970941 0.002000
3 3 0.010628 0.000934 0.035443 0.948122 0.004873
3 3 0.013729 0.001128 0.037628 0.942463 0.005052
3 3 0.005224 0.000291 0.019330 0.973198 0.001957
3 3 0.006185 0.000347 0.020836 0.970495 0.002138
3 3 0.003296 0.000147 0.013642 0.981735 0.001180
3 3 0.002981 0.000111 0.011541 0.984474 0.000894
3 3 0.007469 0.000468 0.024336 0.965034 0.002693
3 3 0.006762 0.000353 0.020587 0.970263 0.002036
3 3 0.005367 0.000253 0.017442 0.975332 0.001606
3 3 0.007254 0.000552 0.027446 0.961354 0.003394
3 3 0.004199 0.000191 0.015333 0.978916 0.001362
3 3 0.005444 0.000364 0.022308 0.969366 0.002518
3 3 0.006314 0.000374 0.021850 0.969143 0.002319
3 3 0.011423 0.000585 0.025314 0.960121 0.002556
3 3 0.003882 0.000178 0.014907 0.979710 0.001323
3 3 0.005175 0.000312 0.020343 0.972013 0.002156
3 3 0.005116 0.000257 0.017869 0.975056 0.001703
3 3 0.007394 0.000507 0.025775 0.963320 0.003004
3 3 0.009907 0.000721 0.030303 0.955350 0.003719
3 3 0.009030 0.000633 0.028421 0.958523 0.003394
4 1 0.179659 0.255675 0.164464 0.044377 0.355826
4 1 0.073762 0.165756 0.221610 0.056171 0.482701
4 1 0.046183 0.233333 0.155818 0.008630 0.556036
4 1 0.039013 0.237155 0.293483 0.020436 0.409913
2 1 0.038906 0.176175 0.507033 0.051042 0.226845
2 2 0.048286 0.101444 0.661794 0.079797 0.108679
2 2 0.012012 0.032830 0.905849 0.022059 0.027250
2 2 0.025998 0.066290 0.773218 0.057705 0.076790
2 2 0.022729 0.058798 0.810220 0.046366 0.061886
2 2 0.011158 0.042983 0.894095 0.016532 0.035231
2 2 0.005235 0.014470 0.946564 0.018742 0.014989
2 2 0.013163 0.028420 0.876590 0.047436 0.034391
2 2 0.008147 0.046705 0.889322 0.012664 0.043162
2 2 0.005675 0.014252 0.957039 0.012535 0.010498
2 2 0.005491 0.018311 0.950342 0.011380 0.014476
2 2 0.005748 0.014815 0.949554 0.016632 0.013252
2 2 0.012545 0.036587 0.894361 0.023990 0.032518
2 2 0.009561 0.040002 0.903166 0.014387 0.032884
2 2 0.008330 0.048468 0.884906 0.012936 0.045359
2 2 0.007516 0.030774 0.925834 0.011793 0.024083
2 2 0.009624 0.031031 0.911260 0.019906 0.028179
2 2 0.003183 0.016884 0.962141 0.005423 0.012369
2 2 0.010492 0.033502 0.915926 0.015404 0.024676
2 2 0.005310 0.014587 0.955619 0.012836 0.011648
2 2 0.005856 0.010338 0.926821 0.042392 0.014593
2 2 0.005465 0.017026 0.951201 0.012425 0.013883
2 2 0.006681 0.012778 0.937278 0.029426 0.013837
2 2 0.007596 0.009306 0.903188 0.066336 0.013574
2 2 0.024433 0.059201 0.827217 0.037887 0.051262
2 2 0.004579 0.018023 0.956480 0.007955 0.012963
2 2 0.006513 0.019267 0.933743 0.020476 0.020001
2 2 0.006542 0.022101 0.933100 0.016907 0.021350
2 2 0.010407 0.048696 0.882097 0.015660 0.043139
2 2 0.006455 0.012978 0.943746 0.024070 0.012752
2 2 0.022569 0.070365 0.813831 0.031299 0.061936
2 2 0.007486 0.010561 0.893523 0.071082 0.017348
2 2 0.017217 0.067531 0.769783 0.047685 0.097783
2 2 0.026364 0.053432 0.824100 0.047649 0.048455
2 2 0.017860 0.024553 0.827942 0.094927 0.034717
2 2 0.037160 0.051751 0.730431 0.115981 0.064677
2 2 0.023658 0.039585 0.815450 0.074662 0.046645
2 2 0.007810 0.012813 0.891186 0.066889 0.021303
2 3 0.005688 0.010527 0.941995 0.029707 0.012083
2 3 0.007804 0.031341 0.923508 0.012471 0.024876
2 3 0.024060 0.061185 0.768969 0.065923 0.079862
2 3 0.007130 0.013199 0.934135 0.031217 0.014319
2 2 0.009218 0.023419 0.916322 0.027091 0.023950
2 2 0.026885 0.033230 0.784598 0.112253 0.043034
2 2 0.018710 0.030816 0.858037 0.058942 0.033495
2 2 0.006515 0.007245 0.872884 0.099184 0.014172
2 2 0.015123 0.031854 0.878214 0.041697 0.033112
2 2 0.007671 0.015338 0.888008 0.062318 0.026665
2 2 0.012481 0.008617 0.757641 0.203788 0.017473
2 2 0.010222 0.015855 0.884676 0.066286 0.022962
2 2 0.015445 0.020674 0.834133 0.098442 0.031305
2 2 0.033712 0.100365 0.725679 0.044527 0.095717
2 2 0.010375 0.029639 0.914253 0.020475 0.025257
2 2 0.011527 0.042302 0.895156 0.016945 0.034070
2 2 0.010489 0.032810 0.895594 0.026578 0.034530
2 2 0.008574 0.037265 0.910359 0.013172 0.030629
2 2 0.006444 0.013321 0.929522 0.034005 0.016707
2 2 0.005946 0.010809 0.936437 0.033657 0.013151
2 2 0.002840 0.015461 0.950895 0.011294 0.019511
2 2 0.010932 0.047403 0.878390 0.018587 0.044687
2 2 0.004158 0.006797 0.927951 0.049337 0.011757
2 2 0.015720 0.075618 0.810545 0.022868 0.075249
2 2 0.006706 0.034707 0.918900 0.010520 0.029167
2 2 0.004940 0.012689 0.935348 0.029409 0.017614
2 2 0.021855 0.057270 0.834467 0.035327 0.051082
2 2 0.003799 0.019116 0.950168 0.009022 0.017895
2 2 0.011090 0.037753 0.894541 0.021549 0.035067
2 2 0.019991 0.063525 0.834237 0.027820 0.054427
2 2 0.007111 0.026512 0.923776 0.016816 0.025785
2 2 0.008451 0.021339 0.929426 0.021499 0.019286
2 2 0.013896 0.036744 0.903303 0.019710 0.026348
2 2 0.014576 0.059071 0.852352 0.021141 0.052859
2 2 0.018571 0.051247 0.864204 0.025792 0.040186
2 2 0.004985 0.014475 0.948593 0.017199 0.014747
2 2 0.005657 0.020688 0.935088 0.016778 0.021789
2 2 0.008713 0.039126 0.906308 0.013268 0.032585
2 2 0.002972 0.011925 0.965554 0.008675 0.010874
2 2 0.013243 0.060943 0.849539 0.019509 0.056766
2 2 0.006390 0.009044 0.917321 0.054106 0.013140
2 2 0.005687 0.017420 0.951057 0.012156 0.013681
2 2 0.004356 0.013553 0.951871 0.015950 0.014269
2 2 0.004742 0.008780 0.944481 0.030877 0.011120
2 2 0.005009 0.020023 0.952144 0.008361 0.014463
2 2 0.006098 0.014096 0.954183 0.014765 0.010859
2 2 0.008731 0.011355 0.860165 0.098553 0.021197
2 2 0.009883 0.033770 0.916351 0.014641 0.025355
2 2 0.012213 0.025465 0.907141 0.031496 0.023684
2 2 0.022222 0.035962 0.853762 0.053890 0.034163
2 2 0.009539 0.050891 0.877877 0.014573 0.047121
2 2 0.004871 0.031243 0.928846 0.007944 0.027097
2 2 0.005916 0.015715 0.944470 0.018684 0.015214
2 2 0.005235 0.012124 0.956624 0.015680 0.010337
2 2 0.007970 0.021702 0.930558 0.020004 0.019765
2 2 0.006552 0.014358 0.948479 0.018433 0.012179
2 2 0.022071 0.080324 0.730205 0.054527 0.112873
2 2 0.046109 0.186869 0.467356 0.058946 0.240720
2 2 0.017967 0.075627 0.808021 0.025639 0.072747
2 2 0.004108 0.016941 0.954110 0.009867 0.014974
2 2 0.003912 0.013649 0.963801 0.008372 0.010265
2 2 0.006418 0.035296 0.917899 0.010143 0.030244
2 2 0.019820 0.079691 0.772827 0.036088 0.091574
2 2 0.004447 0.012399 0.961055 0.011922 0.010177
2 2 0.005016 0.018666 0.949125 0.011265 0.015928
2 2 0.009317 0.061452 0.851881 0.014440 0.062909
2 2 0.007592 0.030974 0.925955 0.011616 0.023863
2 2 0.007435 0.047401 0.888267 0.011719 0.045179
4 2 0.027316 0.216313 0.365360 0.022916 0.368094
2 2 0.027653 0.212882 0.379966 0.025732 0.353767
2 2 0.017681 0.146395 0.605577 0.025943 0.204405
2 2 0.036250 0.202140 0.419768 0.047848 0.293994
2 2 0.017014 0.074501 0.811930 0.024451 0.072104
4 2 0.041342 0.245820 0.251014 0.015589 0.446234
4 4 0.018315 0.127258 0.064247 0.001884 0.788294
4 4 0.051534 0.156033 0.070705 0.005500 0.716228
4 4 0.129841 0.269712 0.096702 0.010480 0.493265
4 4 0.025735 0.218163 0.353482 0.019721 0.382898
4 4 0.017419 0.217117 0.318930 0.010154 0.436380
4 1 0.018381 0.219053 0.314474 0.010419 0.437672
4 1 0.016612 0.220958 0.285755 0.007624 0.469051
4 1 0.020356 0.223681 0.299909 0.010468 0.445586
4 2 0.021206 0.228194 0.275890 0.009159 0.465551
4 2 0.019100 0.216353 0.334962 0.012516 0.417070
4 2 0.064737 0.263438 0.165801 0.011631 0.494393
4 2 0.020993 0.226719 0.284553 0.009668 0.458066
2 2 0.022442 0.209205 0.383704 0.020806 0.363844
2 2 0.036865 0.203606 0.415385 0.047302 0.296841
2 2 0.047782 0.206012 0.401680 0.060530 0.283996
4 2 0.019185 0.222785 0.296970 0.009624 0.451435
2 2 0.029582 0.198557 0.431489 0.040220 0.300152
4 2 0.019872 0.231144 0.237971 0.006355 0.504658
4 2 0.020152 0.225424 0.286916 0.009421 0.458086
4 2 0.021814 0.176824 0.143279 0.004975 0.653109
4 2 0.020090 0.227983 0.267812 0.008137 0.475977
4 2 0.018833 0.225353 0.275867 0.008080 0.471867
4 2 0.022384 0.223459 0.313614 0.012787 0.427755
4 2 0.021882 0.216132 0.350003 0.016083 0.395900
4 2 0.015410 0.220587 0.274051 0.006467 0.483486
2 2 0.028931 0.198135 0.432701 0.039461 0.300772
4 2 0.023002 0.237466 0.209453 0.005802 0.524276
4 1 0.024713 0.215338 0.179681 0.005880 0.574387
4 1 0.021138 0.235667 0.202930 0.005009 0.535255
4 1 0.036476 0.238679 0.172180 0.007298 0.545367
4 4 0.024527 0.237873 0.224099 0.007055 0.506447
4 4 0.019882 0.233764 0.206778 0.004868 0.534708
4 4 0.033875 0.209460 0.071823 0.001876 0.682967
4 0 0.201374 0.260900 0.114392 0.022841 0.400492
4 1 0.020210 0.223349 0.300986 0.010469 0.444986
4 1 0.019809 0.213073 0.355973 0.015025 0.396120
4 1 0.021408 0.213456 0.361047 0.016931 0.387159
4 1 0.017491 0.227240 0.243783 0.005834 0.505652
4 1 0.023553 0.231018 0.273149 0.010031 0.462249
4 1 0.019021 0.217516 0.327963 0.011873 0.423628
4 1 0.023815 0.236334 0.232190 0.007324 0.500337
4 1 0.018235 0.232740 0.150002 0.002517 0.596506
4 4 0.025210 0.241488 0.182541 0.004959 0.545803
4 4 0.024030 0.216860 0.354370 0.018379 0.386362
4 4 0.025104 0.231561 0.279147 0.011241 0.452947
4 4 0.013761 0.222376 0.225565 0.003928 0.534370
4 2 0.024263 0.231658 0.273392 0.010374 0.460314
4 2 0.024193 0.234274 0.253573 0.008864 0.479096
4 2 0.021320 0.210708 0.373492 0.018337 0.376142
4 2 0.024079 0.239021 0.204555 0.005823 0.526522
4 2 0.029379 0.244720 0.196135 0.006642 0.523125
4 2 0.032424 0.238267 0.270249 0.013873 0.445186
4 1 0.029502 0.246222 0.165119 0.004888 0.554269
4 1 0.060736 0.236505 0.050946 0.001703 0.650110
4 4 0.038610 0.132839 0.038723 0.001842 0.787985
4 4 0.044787 0.251095 0.084054 0.002461 0.617602
4 4 0.030266 0.246750 0.138369 0.003695 0.580920
4 4 0.026648 0.243148 0.178048 0.005024 0.547132
4 4 0.029818 0.237324 0.073545 0.001305 0.658008
4 4 0.031043 0.242306 0.089547 0.001855 0.635249
4 4 0.060402 0.254604 0.069704 0.002524 0.612765
4 4 0.075973 0.258604 0.067271 0.003075 0.595077
4 4 0.039585 0.216357 0.056367 0.001407 0.686285
4 4 0.055194 0.252068 0.068292 0.002217 0.622229
4 4 0.029283 0.246102 0.149797 0.004091 0.570728
4 4 0.029608 0.245852 0.131463 0.003312 0.589766
4 4 0.034595 0.238889 0.273841 0.015330 0.437344
4 4 0.033228 0.247965 0.116481 0.003052 0.599275
4 4 0.108067 0.263916 0.067873 0.004685 0.555459
4 4 0.038517 0.192579 0.051763 0.001472 0.715671
4 4 0.045751 0.151490 0.034723 0.001461 0.766575
4 4 0.038833 0.136546 0.030297 0.001149 0.793174
4 4 0.032016 0.187137 0.041213 0.000830 0.738803
4 4 0.072151 0.262221 0.085561 0.004257 0.575810
4 4 0.028490 0.242997 0.109830 0.002361 0.616321
0 0 0.476838 0.192164 0.057096 0.021627 0.252276
4 1 0.150278 0.233911 0.034189 0.002665 0.578957
4 1 0.048714 0.256850 0.106604 0.003957 0.583876
4 1 0.028526 0.244023 0.119758 0.002726 0.604966
4 1 0.018322 0.232809 0.178344 0.003421 0.567105
4 1 0.016627 0.228288 0.215665 0.004380 0.535040
4 1 0.017853 0.230942 0.204877 0.004283 0.542045
4 1 0.022817 0.232029 0.260250 0.008780 0.476125
4 1 0.025397 0.241732 0.134927 0.002951 0.594993
4 1 0.026276 0.240981 0.208497 0.006615 0.517631
4 1 0.029037 0.237680 0.259172 0.011272 0.462839
4 4 0.023626 0.238139 0.209813 0.005986 0.522437
4 4 0.027637 0.242759 0.202018 0.006577 0.521010
4 4 0.037621 0.238763 0.094432 0.002668 0.626517
4 4 0.034489 0.232679 0.092273 0.002415 0.638144
4 4 0.037085 0.250073 0.108140 0.003030 0.601673
4 4 0.038328 0.249441 0.097039 0.002629 0.612562
4 4 0.038878 0.253437 0.154946 0.005857 0.546883
4 4 0.061626 0.254475 0.067864 0.002474 0.613562
4 4 0.073800 0.230388 0.039314 0.001462 0.655036
4 4 0.061049 0.257181 0.078196 0.003063 0.600512
4 4 0.059380 0.256676 0.078659 0.002999 0.602286
4 4 0.045654 0.255025 0.104586 0.003576 0.591160
4 4 0.098200 0.254230 0.046878 0.002349 0.598343
4 4 0.104620 0.195018 0.031187 0.002103 0.667071
4 4 0.041386 0.250763 0.092785 0.002652 0.612414
4 4 0.031814 0.244934 0.100908 0.002306 0.620039
4 4 0.068620 0.240370 0.059220 0.002499 0.629291
4 4 0.083244 0.255418 0.054512 0.002454 0.604372
4 4 0.085716 0.262290 0.072723 0.003988 0.575282
4 1 0.034688 0.248081 0.106554 0.002757 0.607920
4 1 0.020230 0.235505 0.181340 0.003901 0.559024
4 1 0.020443 0.235903 0.177849 0.003809 0.561997
4 4 0.026517 0.242919 0.180560 0.005126 0.544879
4 4 0.045426 0.172313 0.047126 0.001912 0.733223
4 4 0.022798 0.238894 0.140431 0.002826 0.595051
4 4 0.023021 0.236397 0.222643 0.006518 0.511421
4 4 0.025404 0.238616 0.225506 0.007410 0.503064
4 4 0.034195 0.235781 0.290064 0.017143 0.422818
4 4 0.019608 0.230876 0.100451 0.001395 0.647669
4 4 0.027195 0.221224 0.091480 0.001946 0.658154
4 4 0.026343 0.242650 0.132610 0.002977 0.595421
4 4 0.029364 0.243558 0.107389 0.002348 0.617340
4 4 0.048319 0.256124 0.102229 0.003661 0.589666
4 4 0.036959 0.250326 0.111250 0.003163 0.598302
4 4 0.041549 0.234595 0.060735 0.001454 0.661667
4 4 0.048018 0.149620 0.037522 0.001820 0.763021
4 4 0.035546 0.245827 0.088280 0.002087 0.628259
4 4 0.021746 0.142764 0.062454 0.001779 0.771257
4 4 0.027864 0.244065 0.184134 0.005594 0.538343
4 4 0.021699 0.237645 0.174852 0.003929 0.561874
4 4 0.028835 0.245467 0.139663 0.003569 0.582466
4 4 0.036583 0.185908 0.117352 0.006116 0.654040
4 4 0.027051 0.226179 0.318886 0.016332 0.411552
4 4 0.033333 0.249249 0.135464 0.003944 0.578010
4 4 0.024354 0.240878 0.143734 0.003147 0.587887
4 4 0.023039 0.236555 0.221094 0.006437 0.512876
4 4 0.034854 0.243705 0.081102 0.001787 0.638552
4 4 0.030538 0.153874 0.050753 0.001645 0.763191
0 0 0.582942 0.123174 0.106551 0.080371 0.106962
4 1 0.068159 0.260380 0.081971 0.003729 0.585761
4 1 0.014531 0.223993 0.116209 0.001307 0.643959
4 1 0.018313 0.232594 0.141289 0.002283 0.605521
4 1 0.037274 0.251020 0.188391 0.007954 0.515361
4 1 0.014285 0.222444 0.237379 0.004499 0.521393
4 1 0.018486 0.226156 0.266047 0.007357 0.481955
4 1 0.020650 0.224708 0.121375 0.002181 0.631086
4 1 0.118508 0.269488 0.139296 0.017652 0.455056
4 1 0.023061 0.238953 0.185579 0.004656 0.547751
4 1 0.017664 0.202724 0.120449 0.002161 0.657002
4 1 0.021689 0.236238 0.120601 0.002082 0.619390
4 1 0.017891 0.222874 0.147498 0.002597 0.609141
4 1 0.029159 0.192211 0.060007 0.001344 0.717278
4 1 0.016132 0.180809 0.070559 0.000952 0.731548
4 1 0.027679 0.244545 0.163562 0.004496 0.559718
4 1 0.034162 0.224530 0.342585 0.025236 0.373487
4 2 0.015539 0.212635 0.330498 0.009748 0.431581
4 2 0.022923 0.236108 0.224600 0.006599 0.509770
4 2 0.016748 0.228745 0.121848 0.001629 0.631029
2 2 0.060288 0.208056 0.384132 0.073704 0.273819
4 2 0.022305 0.237953 0.133517 0.002538 0.603687
4 2 0.020302 0.227653 0.272251 0.008510 0.471284
4 2 0.021671 0.229831 0.267648 0.008803 0.472047
4 2 0.041902 0.252257 0.204065 0.010499 0.491277
2 2 0.032236 0.200135 0.426683 0.043286 0.297660
4 2 0.070997 0.239486 0.294541 0.043051 0.351925
4 2 0.028368 0.236330 0.265027 0.011509 0.458766
4 2 0.045995 0.253012 0.213617 0.012717 0.474660
2 2 0.031146 0.212999 0.383914 0.030426 0.341515
4 2 0.031573 0.248116 0.149014 0.004387 0.566909
4 2 0.026975 0.232177 0.284967 0.012695 0.443186
4 2 0.017927 0.223176 0.283107 0.008097 0.467692
2 2 0.018412 0.131721 0.652493 0.026806 0.170567
4 2 0.017466 0.228631 0.228447 0.005138 0.520317
4 2 0.022928 0.221225 0.328538 0.014585 0.412723
4 2 0.043381 0.249587 0.231641 0.013974 0.461417
4 2 0.095412 0.266661 0.168858 0.019153 0.449917
4 2 0.032457 0.244937 0.221002 0.009259 0.492345
4 2 0.043596 0.255899 0.129828 0.004881 0.565796
0 2 0.305224 0.210631 0.178079 0.073238 0.232828
2 2 0.052757 0.207042 0.394488 0.065836 0.279877
2 2 0.112464 0.181102 0.439944 0.077415 0.189074
4 2 0.027967 0.241073 0.224485 0.008135 0.498340
4 2 0.026880 0.243696 0.167008 0.004524 0.557893
4 2 0.021408 0.214721 0.354959 0.016243 0.392669
2 2 0.046104 0.205590 0.404178 0.058720 0.285409
2 2 0.053425 0.198255 0.423720 0.066691 0.257909
2 2 0.025045 0.195281 0.440239 0.034877 0.304558
2 2 0.012475 0.046726 0.883831 0.018244 0.038725
4 2 0.015662 0.221629 0.268838 0.006324 0.487547
2 2 0.004509 0.027280 0.933792 0.008861 0.025558
2 2 0.012320 0.071300 0.824612 0.018500 0.073269
2 2 0.019211 0.092911 0.762572 0.027435 0.097870
2 2 0.004114 0.024970 0.943833 0.006774 0.020309
2 2 0.009136 0.051940 0.875740 0.014060 0.049124
2 2 0.027093 0.070009 0.808230 0.036274 0.058394
2 2 0.011971 0.043766 0.878787 0.022947 0.042529
2 2 0.002306 0.014239 0.965088 0.005537 0.012830
2 2 0.004187 0.014607 0.961149 0.008912 0.011145
2 2 0.010949 0.047576 0.876148 0.019304 0.046023
2 2 0.003504 0.014033 0.960736 0.009239 0.012488
2 2 0.005955 0.018671 0.948456 0.012278 0.014641
2 2 0.004385 0.010339 0.953021 0.020763 0.011491
2 2 0.006487 0.021613 0.942902 0.012224 0.016774
2 2 0.003870 0.011447 0.960412 0.013311 0.010960
2 2 0.007534 0.018414 0.930025 0.025024 0.019004
2 2 0.008472 0.024601 0.906416 0.030594 0.029917
2 2 0.004559 0.008518 0.946388 0.029795 0.010741
2 2 0.014533 0.046703 0.857180 0.031892 0.049692
2 2 0.004519 0.008347 0.943316 0.032644 0.011175
2 2 0.005458 0.007025 0.907736 0.067665 0.012116
2 2 0.009760 0.012363 0.858669 0.097547 0.021661
2 2 0.014526 0.023313 0.875699 0.058908 0.027554
2 3 0.007226 0.012105 0.902963 0.058577 0.019130
2 3 0.008225 0.005551 0.686924 0.282511 0.016790
2 3 0.007748 0.008025 0.844543 0.123177 0.016507
2 3 0.009347 0.011414 0.822514 0.131987 0.024738
2 3 0.008343 0.006091 0.703067 0.264438 0.018062
2 3 0.037296 0.027771 0.472141 0.396752 0.066040
3 3 0.031250 0.016018 0.356193 0.550391 0.046149
3 3 0.012467 0.004542 0.330092 0.634721 0.018179
3 3 0.009933 0.003249 0.306853 0.665691 0.014274
3 3 0.037396 0.016820 0.268931 0.627015 0.049838
3 3 0.019094 0.006225 0.190591 0.758180 0.025911
3 3 0.009443 0.003775 0.323776 0.645096 0.017909
3 3 0.020756 0.004228 0.105832 0.851883 0.017301
3 3 0.011750 0.002081 0.093172 0.882368 0.010630
3 3 0.016022 0.004927 0.169481 0.786919 0.022650
3 3 0.027570 0.008079 0.132682 0.800193 0.031476
3 3 0.005705 0.000774 0.059757 0.928318 0.005445
3 3 0.011702 0.001453 0.049272 0.929837 0.007736
3 3 0.009484 0.001026 0.038925 0.944567 0.005998
3 3 0.010348 0.001150 0.041077 0.940962 0.006462
3 3 0.010314 0.000937 0.035816 0.947920 0.005012
3 3 0.008383 0.000778 0.033350 0.952823 0.004667
3 3 0.014844 0.002149 0.056737 0.915632 0.010639
3 3 0.008021 0.000684 0.030922 0.956263 0.004109
3 3 0.016678 0.002653 0.071237 0.897274 0.012159
3 3 0.014774 0.002189 0.057495 0.914620 0.010922
3 3 0.012338 0.001536 0.047614 0.930427 0.008085
3 3 0.005204 0.000415 0.026109 0.965241 0.003030
3 3 0.009832 0.001005 0.038014 0.945471 0.005679
3 3 0.009592 0.001056 0.039575 0.943611 0.006165
3 3 0.010112 0.001375 0.054317 0.926328 0.007868
3 3 0.007055 0.000534 0.027031 0.962054 0.003327
3 3 0.006142 0.000454 0.025112 0.965267 0.003024
3 3 0.011822 0.001570 0.049292 0.928743 0.008572
3 3 0.008863 0.000739 0.031746 0.954462 0.004189
3 3 0.004107 0.000224 0.017199 0.976776 0.001694
3 3 0.005819 0.000393 0.023064 0.968098 0.002626
3 3 0.005543 0.000423 0.024594 0.966441 0.003000
3 3 0.005494 0.000431 0.024969 0.966013 0.003093
3 3 0.010155 0.001026 0.038223 0.944913 0.005683
3 3 0.005751 0.000432 0.024703 0.966122 0.002992
3 3 0.004827 0.000270 0.018770 0.974236 0.001897
3 3 0.011307 0.001053 0.037820 0.944421 0.005399
3 3 0.006514 0.000456 0.024808 0.965315 0.002906
3 3 0.012796 0.001395 0.044218 0.934625 0.006966
3 3 0.015583 0.001743 0.048735 0.926051 0.007888
3 3 0.008648 0.000854 0.035243 0.950131 0.005123
3 3 0.008441 0.000638 0.029085 0.958224 0.003613
3 3 0.006381 0.000475 0.025623 0.964418 0.003104
3 3 0.007077 0.000401 0.022200 0.968013 0.002309
3 3 0.008246 0.000599 0.028042 0.959713 0.003400
3 3 0.004820 0.000240 0.017293 0.976016 0.001632
3 3 0.006406 0.000392 0.022475 0.968294 0.002433
3 3 0.005894 0.000388 0.022807 0.968348 0.002562
3 3 0.005555 0.000350 0.021570 0.970174 0.002352
3 3 0.015117 0.001594 0.046264 0.929806 0.007220
3 3 0.009981 0.000757 0.031254 0.954078 0.003930
3 3 0.009232 0.000866 0.034949 0.950006 0.004948
3 3 0.008696 0.000704 0.030873 0.955726 0.004001
3 3 0.009124 0.000558 0.026027 0.961416 0.002875
3 3 0.124716 0.024640 0.167060 0.647819 0.035766
