0 0 0.931757 0.014296 0.026095 0.005728 0.022123
0 0 0.918285 0.017759 0.036311 0.007183 0.020463
0 0 0.904749 0.022008 0.040360 0.007315 0.025568
0 0 0.926253 0.014607 0.023376 0.006196 0.029568
0 0 0.930616 0.014887 0.029574 0.005828 0.019096
0 0 0.844376 0.036994 0.090782 0.010045 0.017803
0 0 0.913047 0.018646 0.048610 0.006953 0.012745
0 0 0.929141 0.015233 0.038273 0.005477 0.011876
0 0 0.889507 0.023469 0.064394 0.009101 0.013529
0 0 0.892508 0.030080 0.049422 0.004298 0.023692
0 0 0.860258 0.029480 0.083265 0.012006 0.014992
0 0 0.794859 0.055337 0.116374 0.009840 0.023591
0 0 0.567346 0.155675 0.216613 0.010457 0.049909
0 0 0.841988 0.041179 0.090443 0.007568 0.018822
0 0 0.750852 0.077800 0.125840 0.008925 0.036583
0 0 0.663267 0.120781 0.152398 0.008358 0.055196
0 0 0.441736 0.216921 0.260049 0.012738 0.068556
2 0 0.293613 0.287086 0.306032 0.019246 0.094023
1 1 0.171547 0.382391 0.247129 0.016321 0.182612
1 1 0.072013 0.395529 0.142112 0.014741 0.375605
4 1 0.041574 0.352827 0.099190 0.015315 0.491093
4 4 0.041121 0.343093 0.101304 0.018569 0.495913
1 4 0.077688 0.384450 0.155948 0.019782 0.362133
1 4 0.083873 0.371170 0.171450 0.026967 0.346540
4 4 0.052041 0.361402 0.119107 0.019032 0.448417
4 4 0.046375 0.352521 0.110146 0.018903 0.472055
4 4 0.037296 0.340608 0.092885 0.016150 0.513060
4 4 0.042177 0.345076 0.103129 0.018661 0.490957
4 4 0.058787 0.373713 0.127842 0.017753 0.421905
4 4 0.039870 0.238677 0.045097 0.007542 0.668814
4 4 0.062003 0.366407 0.136793 0.022127 0.412669
4 4 0.157633 0.227194 0.080883 0.015999 0.518291
4 4 0.052541 0.355864 0.122188 0.021677 0.447730
4 4 0.055216 0.299851 0.083718 0.015227 0.545988
4 4 0.115771 0.258047 0.083770 0.014700 0.527712
4 4 0.215556 0.282450 0.131884 0.015911 0.354199
4 4 0.300190 0.155888 0.060930 0.012473 0.470520
4 4 0.141131 0.211273 0.060073 0.009920 0.577604
4 4 0.378197 0.093348 0.034600 0.009967 0.483889
4 4 0.130872 0.264651 0.091911 0.015227 0.497340
1 4 0.071195 0.360519 0.183408 0.029738 0.355140
4 4 0.057710 0.360733 0.130798 0.022533 0.428227
1 4 0.081198 0.371061 0.167437 0.026451 0.353854
4 4 0.056898 0.350681 0.201049 0.030286 0.361086
4 4 0.039318 0.341164 0.097626 0.017752 0.504140
4 4 0.036005 0.340122 0.089847 0.015166 0.518860
4 4 0.050692 0.359317 0.117054 0.019052 0.453885
4 4 0.036747 0.339314 0.206047 0.025616 0.392276
1 4 0.039428 0.337572 0.260478 0.026432 0.336090
2 4 0.034246 0.231422 0.561725 0.034050 0.138557
2 4 0.037874 0.303315 0.357583 0.035177 0.266051
2 4 0.015499 0.058831 0.879328 0.030745 0.015598
2 4 0.004722 0.026666 0.953477 0.010277 0.004858
2 4 0.014965 0.059425 0.872230 0.037045 0.016335
2 4 0.011188 0.050827 0.899275 0.025473 0.013237
2 2 0.006235 0.027637 0.931893 0.029633 0.004603
2 2 0.007746 0.034530 0.936845 0.014201 0.006678
2 2 0.009173 0.034454 0.931305 0.018970 0.006098
2 2 0.008761 0.030968 0.916164 0.039113 0.004994
2 2 0.014127 0.052388 0.882513 0.038314 0.012657
2 2 0.011611 0.038154 0.867095 0.076074 0.007066
2 2 0.014348 0.041157 0.580804 0.353925 0.009766
2 2 0.024422 0.060979 0.737733 0.161955 0.014911
2 3 0.016627 0.040971 0.719430 0.215230 0.007743
3 3 0.026255 0.040572 0.233590 0.686923 0.012660
2 3 0.124768 0.158867 0.490113 0.163854 0.062398
2 3 0.019430 0.090717 0.804927 0.049565 0.035362
2 3 0.013809 0.042399 0.615087 0.318466 0.010240
2 3 0.012573 0.039632 0.820773 0.119380 0.007641
2 3 0.014185 0.043033 0.700242 0.232980 0.009560
3 3 0.019869 0.043172 0.371549 0.553086 0.012324
3 3 0.022306 0.048089 0.380452 0.534687 0.014466
2 3 0.024651 0.056639 0.519450 0.383299 0.015960
3 3 0.023436 0.037542 0.238482 0.689363 0.011177
3 3 0.021172 0.023698 0.117903 0.830356 0.006871
3 3 0.013424 0.014282 0.087253 0.881530 0.003510
3 3 0.014433 0.015477 0.091578 0.874608 0.003903
3 3 0.012202 0.012848 0.081848 0.890049 0.003053
3 3 0.013987 0.014948 0.089681 0.877656 0.003728
3 3 0.009521 0.009762 0.069241 0.909348 0.002128
3 3 0.013402 0.014256 0.087159 0.881680 0.003502
3 3 0.014881 0.016011 0.093460 0.871566 0.004082
3 3 0.009009 0.009183 0.066696 0.913148 0.001964
3 3 0.011293 0.011793 0.077701 0.896486 0.002728
3 3 0.019178 0.027133 0.176227 0.770013 0.007449
3 3 0.012603 0.013317 0.083644 0.887236 0.003201
3 3 0.014112 0.015096 0.090216 0.876799 0.003777
3 3 0.013045 0.013835 0.085597 0.884157 0.003366
3 3 0.011565 0.012107 0.078954 0.894549 0.002824
3 3 0.011221 0.011709 0.077365 0.897003 0.002702
3 3 0.009164 0.009359 0.067476 0.911987 0.002013
3 3 0.006454 0.006353 0.053146 0.932834 0.001212
3 3 0.009848 0.010134 0.070842 0.906941 0.002235
3 3 0.009092 0.009277 0.067112 0.912530 0.001990
3 3 0.007202 0.007171 0.057280 0.926926 0.001421
3 3 0.006165 0.006040 0.051510 0.935150 0.001135
3 3 0.008013 0.008068 0.061599 0.920662 0.001658
3 3 0.007624 0.007636 0.059546 0.923651 0.001542
3 3 0.010617 0.011014 0.074535 0.901341 0.002493
3 3 0.006157 0.006031 0.051463 0.935216 0.001133
3 3 0.007846 0.007883 0.060722 0.921941 0.001608
3 3 0.007692 0.007712 0.059908 0.923125 0.001562
3 3 0.018138 0.019950 0.106546 0.849902 0.005464
3 3 0.026837 0.030882 0.137396 0.795087 0.009797
2 3 0.016135 0.064575 0.732658 0.165444 0.021187
2 3 0.026053 0.073320 0.767810 0.111760 0.021057
2 3 0.016623 0.048368 0.860543 0.064566 0.009900
2 3 0.017280 0.056762 0.869536 0.042716 0.013706
2 3 0.012880 0.043918 0.864082 0.069979 0.009140
2 2 0.037725 0.088783 0.815986 0.035283 0.022223
2 2 0.030639 0.068606 0.801274 0.083266 0.016215
0 0 0.895554 0.023003 0.049438 0.009743 0.022261
1 0 0.236809 0.322222 0.305293 0.021052 0.114624
1 1 0.271354 0.310488 0.273211 0.018055 0.126893
2 1 0.051037 0.251766 0.519629 0.036558 0.141011
2 1 0.067175 0.254989 0.527683 0.031038 0.119115
2 1 0.015415 0.063156 0.868188 0.034793 0.018448
2 2 0.060941 0.183884 0.630686 0.048493 0.075996
1 2 0.129832 0.365489 0.229135 0.030268 0.245275
1 2 0.077347 0.367049 0.276216 0.021984 0.257404
2 2 0.102008 0.274051 0.457724 0.038545 0.127672
2 2 0.050131 0.176547 0.676701 0.031453 0.065168
2 2 0.039329 0.092301 0.799969 0.043292 0.025108
2 2 0.072454 0.272283 0.490142 0.031345 0.133777
2 2 0.007449 0.031112 0.915960 0.039980 0.005500
2 2 0.013594 0.045007 0.912411 0.019948 0.009040
2 2 0.027313 0.100394 0.802813 0.036969 0.032511
2 2 0.011414 0.034712 0.932085 0.016272 0.005517
2 2 0.010123 0.034375 0.930112 0.019627 0.005763
2 2 0.045905 0.234888 0.562382 0.033614 0.123212
2 2 0.019154 0.053959 0.880419 0.034959 0.011509
2 2 0.022971 0.063544 0.844522 0.053555 0.015407
2 2 0.017725 0.050731 0.897961 0.023251 0.010332
2 2 0.020081 0.067062 0.852177 0.042155 0.018525
2 2 0.019899 0.057780 0.865234 0.043820 0.013267
2 2 0.020126 0.062008 0.870494 0.032024 0.015347
2 2 0.019603 0.054477 0.773951 0.139312 0.012657
2 2 0.051868 0.177543 0.652175 0.044532 0.073882
2 2 0.025064 0.070313 0.838654 0.047495 0.018474
2 2 0.021713 0.071904 0.809545 0.075390 0.021447
2 2 0.021176 0.062607 0.803616 0.096504 0.016096
2 2 0.016652 0.047905 0.872932 0.052919 0.009591
2 2 0.019035 0.058042 0.866742 0.042477 0.013704
2 2 0.015329 0.051683 0.887976 0.033297 0.011715
2 2 0.016548 0.045915 0.644655 0.282141 0.010742
2 3 0.021173 0.044950 0.469466 0.453283 0.011128
2 3 0.021431 0.053789 0.550245 0.359774 0.014761
3 3 0.015732 0.037714 0.400216 0.536486 0.009852
2 3 0.027630 0.074342 0.629721 0.244269 0.024038
3 3 0.018114 0.019920 0.106451 0.850063 0.005453
3 3 0.034066 0.047015 0.210611 0.691954 0.016355
3 3 0.020309 0.022625 0.114747 0.835859 0.006460
3 3 0.028226 0.036393 0.173448 0.750221 0.011711
3 3 0.022830 0.033027 0.196898 0.737526 0.009719
3 3 0.028115 0.043484 0.267453 0.647963 0.012986
3 3 0.024168 0.030299 0.154684 0.781677 0.009171
3 3 0.024488 0.034368 0.191559 0.739171 0.010413
3 3 0.029553 0.043755 0.226342 0.686007 0.014343
3 3 0.018500 0.020393 0.107938 0.847544 0.005626
3 3 0.017277 0.018900 0.103184 0.855554 0.005085
3 3 0.015406 0.016640 0.095642 0.868016 0.004296
3 3 0.014732 0.015834 0.092837 0.872575 0.004023
3 3 0.013905 0.014850 0.089329 0.878220 0.003696
3 3 0.010177 0.010510 0.072436 0.904532 0.002344
3 3 0.008700 0.008836 0.065139 0.915458 0.001867
3 3 0.011400 0.011916 0.078194 0.895725 0.002765
3 3 0.011070 0.011534 0.076661 0.898085 0.002649
3 3 0.007766 0.007793 0.060298 0.922559 0.001584
3 3 0.009606 0.009858 0.069658 0.908722 0.002155
3 3 0.011162 0.011641 0.077092 0.897423 0.002682
3 3 0.008431 0.008534 0.063763 0.917487 0.001784
3 3 0.005744 0.005587 0.049076 0.938568 0.001025
3 3 0.005926 0.005782 0.050135 0.937084 0.001072
3 3 0.005296 0.005108 0.046418 0.942266 0.000912
3 3 0.005986 0.005847 0.050481 0.936598 0.001088
3 3 0.008733 0.008873 0.065303 0.915214 0.001877
3 3 0.007024 0.006975 0.056309 0.928322 0.001370
3 3 0.009995 0.010302 0.071558 0.905860 0.002284
3 3 0.008206 0.008283 0.062603 0.919192 0.001716
3 3 0.006026 0.005889 0.050708 0.936279 0.001098
3 3 0.005295 0.005106 0.046410 0.942277 0.000912
3 3 0.010031 0.010343 0.071733 0.905597 0.002296
3 3 0.006484 0.006386 0.053317 0.932593 0.001221
3 3 0.007006 0.006955 0.056209 0.928465 0.001365
3 3 0.008025 0.008081 0.061659 0.920574 0.001661
3 3 0.009919 0.010215 0.071190 0.906417 0.002258
3 3 0.006052 0.005917 0.050858 0.936068 0.001105
3 3 0.007506 0.007506 0.058915 0.924566 0.001508
3 3 0.006667 0.006585 0.054340 0.931137 0.001271
3 3 0.008170 0.008243 0.062415 0.919468 0.001705
3 3 0.005709 0.005549 0.048870 0.938855 0.001016
3 3 0.006010 0.005872 0.050620 0.936404 0.001094
3 3 0.013174 0.013987 0.086163 0.883260 0.003415
3 3 0.005624 0.005458 0.048369 0.939554 0.000994
3 3 0.008434 0.008538 0.063778 0.917466 0.001785
3 3 0.007672 0.007689 0.059798 0.923285 0.001556
3 3 0.009116 0.009304 0.067233 0.912349 0.001998
3 3 0.007453 0.007448 0.058635 0.924971 0.001493
3 3 0.007800 0.007831 0.060476 0.922299 0.001594
3 3 0.006074 0.005941 0.050984 0.935891 0.001111
3 3 0.007529 0.007531 0.059037 0.924389 0.001515
3 3 0.008070 0.008132 0.061895 0.920229 0.001675
3 3 0.007400 0.007389 0.058350 0.925383 0.001477
3 3 0.009187 0.009384 0.067588 0.911820 0.002021
3 3 0.006251 0.006133 0.051998 0.934460 0.001158
3 3 0.004696 0.004474 0.042740 0.947322 0.000767
3 3 0.011109 0.011579 0.076843 0.897806 0.002663
3 3 0.007480 0.007477 0.058777 0.924766 0.001500
3 3 0.005783 0.005628 0.049303 0.938251 0.001035
3 3 0.005496 0.005321 0.047612 0.940608 0.000962
3 3 0.007062 0.007017 0.056515 0.928026 0.001381
3 3 0.007451 0.007445 0.058621 0.924991 0.001492
3 3 0.005662 0.005499 0.048595 0.939240 0.001004
3 3 0.006004 0.005865 0.050582 0.936457 0.001092
3 3 0.006047 0.005913 0.050834 0.936102 0.001104
3 3 0.007989 0.008041 0.061471 0.920849 0.001650
3 3 0.008599 0.008723 0.064624 0.916219 0.001836
3 3 0.008759 0.008902 0.065436 0.915017 0.001885
3 3 0.006304 0.006191 0.052302 0.934031 0.001172
3 3 0.005336 0.005150 0.046657 0.941935 0.000922
3 3 0.007328 0.007310 0.057962 0.925943 0.001457
3 3 0.006618 0.006531 0.054065 0.931529 0.001257
3 3 0.006593 0.006504 0.053927 0.931725 0.001250
3 3 0.006356 0.006246 0.052592 0.933621 0.001186
3 3 0.004977 0.004769 0.044476 0.944945 0.000834
3 3 0.010624 0.011021 0.074567 0.901292 0.002495
3 3 0.004405 0.004168 0.040897 0.949830 0.000700
3 3 0.006592 0.006504 0.053924 0.931730 0.001250
3 3 0.008657 0.008788 0.064919 0.915782 0.001854
3 3 0.008561 0.008680 0.064430 0.916505 0.001824
3 3 0.006798 0.006728 0.055068 0.930099 0.001307
3 3 0.005273 0.005082 0.046275 0.942464 0.000906
3 3 0.007464 0.007460 0.058692 0.924888 0.001496
3 3 0.005882 0.005734 0.049877 0.937447 0.001061
3 3 0.005898 0.005751 0.049968 0.937318 0.001065
3 3 0.006553 0.006460 0.053702 0.932045 0.001239
3 3 0.007264 0.007239 0.057616 0.926443 0.001438
3 3 0.008222 0.008301 0.062685 0.919071 0.001720
3 3 0.009259 0.009466 0.067947 0.911285 0.002044
3 3 0.006774 0.006701 0.054933 0.930291 0.001300
3 3 0.008404 0.008504 0.063623 0.917693 0.001776
3 3 0.011517 0.012051 0.078732 0.894893 0.002807
3 3 0.006584 0.006494 0.053874 0.931801 0.001248
3 3 0.007305 0.007284 0.057835 0.926126 0.001450
3 3 0.007869 0.007908 0.060840 0.921769 0.001614
3 3 0.008900 0.009061 0.066149 0.913961 0.001930
3 3 0.008650 0.008780 0.064883 0.915836 0.001852
3 3 0.010192 0.010526 0.072504 0.904429 0.002349
3 3 0.011299 0.011799 0.077727 0.896445 0.002730
3 3 0.012084 0.012711 0.081319 0.890875 0.003010
3 3 0.008412 0.008513 0.063665 0.917632 0.001778
3 3 0.009548 0.009793 0.069374 0.909150 0.002137
3 3 0.007964 0.008014 0.061342 0.921038 0.001643
3 3 0.011537 0.012075 0.078825 0.894749 0.002814
2 3 0.247760 0.209414 0.371997 0.091536 0.079294
2 3 0.272625 0.267318 0.289510 0.039129 0.131418
2 3 0.266539 0.247538 0.363969 0.042208 0.079746
2 3 0.056296 0.247408 0.515339 0.042751 0.138205
0 3 0.498544 0.159534 0.215807 0.032088 0.094027
0 0 0.491912 0.174515 0.244093 0.020572 0.068909
0 0 0.691287 0.068692 0.172781 0.034510 0.032730
0 0 0.888327 0.024056 0.062700 0.009573 0.015343
0 0 0.329433 0.272813 0.288266 0.016919 0.092570
2 1 0.014360 0.050972 0.895021 0.027945 0.011702
2 1 0.025441 0.117224 0.774316 0.038178 0.044841
2 1 0.047272 0.283195 0.437354 0.036872 0.195306
4 4 0.087515 0.348515 0.128637 0.017382 0.417952
4 4 0.075174 0.359540 0.162934 0.030928 0.371424
2 4 0.041103 0.303674 0.340210 0.040147 0.274867
4 4 0.052735 0.350909 0.129718 0.024780 0.441857
4 4 0.038238 0.340897 0.095096 0.016887 0.508881
4 4 0.043632 0.333073 0.100364 0.019678 0.503253
4 4 0.040992 0.321880 0.270074 0.036129 0.330925
4 4 0.045137 0.341505 0.111177 0.022793 0.479388
4 4 0.047966 0.351967 0.163498 0.024884 0.411684
4 4 0.049929 0.278348 0.072766 0.014865 0.584092
4 4 0.056387 0.353247 0.131053 0.025370 0.433943
2 4 0.040419 0.245949 0.497416 0.047597 0.168618
4 4 0.053362 0.353669 0.132450 0.024103 0.436416
4 4 0.043963 0.342071 0.108285 0.021494 0.484187
2 4 0.061149 0.297501 0.395458 0.040925 0.204967
2 4 0.055258 0.319895 0.359976 0.031260 0.233611
2 0 0.217435 0.263873 0.383780 0.040921 0.093992
2 1 0.035292 0.176962 0.665160 0.039081 0.083505
2 1 0.014553 0.052322 0.895373 0.025446 0.012305
2 1 0.052377 0.196579 0.630112 0.037193 0.083740
2 1 0.043606 0.215002 0.578619 0.044932 0.117841
4 1 0.050650 0.351850 0.200769 0.027002 0.369730
1 1 0.080584 0.347918 0.281421 0.031958 0.258119
2 1 0.048099 0.257624 0.509643 0.034815 0.149818
1 1 0.061285 0.365056 0.188914 0.024588 0.360157
2 1 0.085513 0.328465 0.343670 0.033627 0.208725
2 1 0.044665 0.240185 0.550575 0.033600 0.130975
2 1 0.011419 0.044189 0.914891 0.019993 0.009508
1 1 0.054129 0.340444 0.298496 0.028063 0.278868
4 1 0.050090 0.351421 0.182943 0.026839 0.388707
1 1 0.068934 0.361043 0.229101 0.027478 0.313443
2 1 0.041968 0.275326 0.451557 0.037070 0.194080
2 1 0.042405 0.200569 0.633379 0.032431 0.091216
2 2 0.022589 0.105763 0.799685 0.034113 0.037851
2 2 0.066771 0.269297 0.479857 0.037645 0.146430
2 2 0.019946 0.084775 0.835239 0.033178 0.026862
0 2 0.477244 0.163515 0.181679 0.035564 0.141998
0 0 0.768003 0.050248 0.138244 0.021733 0.021772
1 0 0.218438 0.334904 0.289153 0.021882 0.135624
1 1 0.160637 0.354344 0.259157 0.029635 0.196228
2 1 0.074384 0.215221 0.601271 0.030065 0.079059
2 2 0.016262 0.048757 0.903020 0.022089 0.009873
2 2 0.042847 0.199254 0.631241 0.034713 0.091945
2 2 0.115265 0.194035 0.595703 0.036867 0.058129
2 2 0.084627 0.157102 0.681144 0.034180 0.042948
2 2 0.064104 0.181000 0.656111 0.035057 0.063729
2 2 0.057132 0.178209 0.668999 0.032412 0.063248
2 2 0.052285 0.154356 0.713208 0.030815 0.049336
2 2 0.061074 0.169197 0.681128 0.032738 0.055863
2 2 0.115081 0.227705 0.535486 0.039524 0.082203
2 2 0.057390 0.178605 0.667270 0.032956 0.063778
2 2 0.060497 0.141113 0.722341 0.034994 0.041055
2 2 0.065367 0.142978 0.717784 0.033744 0.040128
2 2 0.052041 0.111332 0.779255 0.030203 0.027169
2 2 0.085682 0.124656 0.695720 0.060041 0.033901
2 2 0.080359 0.215231 0.586393 0.036064 0.081953
2 2 0.063580 0.101927 0.778798 0.033596 0.022099
0 0 0.418254 0.216026 0.199760 0.021071 0.144890
0 0 0.380084 0.220808 0.296628 0.025405 0.077076
0 0 0.904393 0.020975 0.047204 0.008524 0.018903
0 0 0.916379 0.018233 0.042321 0.007068 0.015998
0 0 0.925563 0.016151 0.038083 0.006038 0.014164
0 0 0.943478 0.012112 0.025599 0.004401 0.014410
0 0 0.930861 0.014957 0.031545 0.005728 0.016910
0 0 0.897107 0.022649 0.049464 0.009495 0.021285
0 0 0.881849 0.024909 0.070166 0.009713 0.013363
0 0 0.457289 0.206963 0.251230 0.013795 0.070723
1 0 0.223786 0.347274 0.285856 0.016213 0.126871
1 1 0.187837 0.345757 0.278277 0.026175 0.161954
1 1 0.116949 0.417679 0.187917 0.012090 0.265366
1 1 0.167660 0.383168 0.244779 0.016735 0.187659
1 1 0.176359 0.353258 0.278060 0.024044 0.168279
2 1 0.118373 0.223342 0.554591 0.031817 0.071876
2 1 0.060476 0.189072 0.652630 0.030382 0.067441
2 1 0.032753 0.075206 0.851755 0.024625 0.015660
2 1 0.053632 0.127780 0.753120 0.030888 0.034580
2 1 0.090841 0.267876 0.491038 0.032225 0.118020
2 1 0.048964 0.135383 0.747804 0.028834 0.039015
2 1 0.046637 0.063799 0.853740 0.025625 0.010199
2 2 0.013515 0.042458 0.912632 0.023423 0.007973
2 2 0.049049 0.122914 0.767341 0.028203 0.032494
2 2 0.031515 0.077911 0.846390 0.026751 0.017433
2 2 0.030648 0.104956 0.801043 0.031741 0.031611
2 2 0.028883 0.079210 0.843466 0.029199 0.019242
2 2 0.042020 0.128366 0.758052 0.032126 0.039436
2 2 0.052280 0.090660 0.814144 0.025189 0.017726
2 2 0.071136 0.139186 0.717450 0.034930 0.037298
2 2 0.021931 0.058413 0.878078 0.028799 0.012780
2 2 0.022608 0.059970 0.874485 0.029575 0.013362
2 2 0.026895 0.071097 0.845432 0.038439 0.018137
2 2 0.082553 0.161914 0.661483 0.043772 0.050277
2 2 0.189263 0.278383 0.397906 0.033537 0.100911
2 2 0.165563 0.159617 0.597362 0.040901 0.036557
2 2 0.033861 0.075350 0.734178 0.136562 0.020048
2 2 0.009903 0.041982 0.914477 0.024476 0.009162
2 2 0.077916 0.104864 0.751888 0.042224 0.023108
2 2 0.026163 0.081744 0.830001 0.038634 0.023459
2 2 0.015286 0.048382 0.904254 0.022058 0.010021
2 2 0.013800 0.037422 0.928314 0.014562 0.005902
2 2 0.018581 0.053110 0.892195 0.024919 0.011195
2 2 0.013815 0.047561 0.906617 0.021842 0.010166
2 2 0.015770 0.056278 0.885613 0.028391 0.013948
2 2 0.021998 0.061236 0.871722 0.030817 0.014227
2 2 0.010142 0.039869 0.922962 0.019002 0.008024
2 2 0.040928 0.129136 0.705946 0.075104 0.048886
2 2 0.028326 0.080846 0.844504 0.026794 0.019529
2 2 0.021753 0.084117 0.835352 0.033293 0.025484
2 2 0.017046 0.053925 0.890900 0.025998 0.012132
2 2 0.015539 0.055923 0.882416 0.032225 0.013897
2 2 0.032209 0.084015 0.824519 0.037179 0.022078
2 2 0.022003 0.063429 0.866387 0.032745 0.015436
2 2 0.024347 0.070840 0.745142 0.139026 0.020644
2 2 0.017268 0.064182 0.865515 0.035003 0.018033
2 2 0.012280 0.039165 0.923397 0.018191 0.006967
2 2 0.020196 0.064247 0.869083 0.030464 0.016010
2 2 0.011353 0.043684 0.916043 0.019629 0.009291
2 2 0.011019 0.040524 0.922195 0.018299 0.007963
2 2 0.015737 0.044334 0.844762 0.086649 0.008517
2 2 0.021811 0.080334 0.839784 0.034332 0.023739
2 2 0.014281 0.048900 0.903421 0.022754 0.010644
2 2 0.015163 0.042495 0.898428 0.036321 0.007593
2 2 0.015251 0.051570 0.894116 0.027426 0.011636
2 2 0.027336 0.069859 0.822181 0.063002 0.017623
2 2 0.018385 0.055720 0.886218 0.027106 0.012571
2 2 0.014033 0.046198 0.909284 0.021047 0.009437
2 2 0.012912 0.045482 0.908663 0.023408 0.009535
2 2 0.011391 0.043208 0.906432 0.029853 0.009117
2 2 0.017162 0.051386 0.856871 0.063426 0.011155
2 2 0.010433 0.040315 0.864502 0.076288 0.008462
2 2 0.015216 0.044518 0.883208 0.048564 0.008494
2 2 0.017033 0.051579 0.883493 0.036831 0.011064
2 2 0.027074 0.067220 0.566573 0.318239 0.020894
2 2 0.020440 0.075271 0.816612 0.063320 0.024357
2 2 0.062395 0.096799 0.773852 0.044479 0.022475
2 2 0.015494 0.055567 0.881568 0.033639 0.013732
2 2 0.007039 0.033302 0.918783 0.034303 0.006572
2 2 0.018234 0.049263 0.900986 0.021999 0.009518
2 2 0.019080 0.057819 0.880997 0.028679 0.013425
2 2 0.023256 0.076054 0.775246 0.101352 0.024091
2 2 0.024036 0.076531 0.844007 0.034525 0.020900
2 2 0.018465 0.059258 0.875405 0.032389 0.014483
2 2 0.013560 0.055443 0.887913 0.028486 0.014598
2 2 0.014512 0.060916 0.834210 0.072295 0.018067
2 2 0.021407 0.068824 0.852895 0.037925 0.018948
2 2 0.017455 0.071334 0.846240 0.041996 0.022975
2 2 0.031034 0.084289 0.808432 0.051958 0.024287
2 2 0.015403 0.056807 0.884133 0.029223 0.014434
2 2 0.020517 0.062147 0.870955 0.031241 0.015140
2 2 0.034751 0.086080 0.662598 0.188161 0.028410
2 2 0.033149 0.080203 0.704271 0.158451 0.023926
2 2 0.015082 0.051144 0.886022 0.036190 0.011563
2 2 0.027617 0.069464 0.725688 0.158410 0.018822
2 2 0.034606 0.095553 0.747338 0.089443 0.033060
2 2 0.016880 0.042352 0.808521 0.124607 0.007640
2 2 0.029331 0.076655 0.821871 0.051307 0.020836
2 2 0.013198 0.051380 0.860277 0.062356 0.012789
2 2 0.017926 0.054325 0.883917 0.031764 0.012068
2 2 0.021589 0.070258 0.857497 0.032186 0.018471
2 2 0.024417 0.072978 0.844458 0.038330 0.019818
2 2 0.016993 0.055258 0.750943 0.162426 0.014380
2 2 0.013386 0.055343 0.888164 0.028469 0.014638
2 2 0.012393 0.049609 0.893282 0.032780 0.011936
2 2 0.012970 0.047602 0.890665 0.038106 0.010658
2 2 0.027532 0.059498 0.873007 0.028124 0.011838
2 2 0.021102 0.066242 0.859614 0.035583 0.017458
2 2 0.081080 0.096347 0.746947 0.054205 0.021422
2 2 0.092638 0.281351 0.481274 0.025632 0.119105
2 2 0.011541 0.045455 0.880486 0.052195 0.010322
2 2 0.015686 0.048106 0.851742 0.074308 0.010159
2 2 0.012060 0.043250 0.916817 0.019077 0.008796
2 2 0.009566 0.036249 0.928476 0.019025 0.006684
2 2 0.015435 0.044174 0.913423 0.018865 0.008103
2 2 0.011447 0.040265 0.904471 0.036024 0.007794
2 2 0.010368 0.036516 0.925866 0.020729 0.006521
2 2 0.019592 0.059419 0.876981 0.029907 0.014101
2 2 0.027996 0.078501 0.844720 0.029500 0.019284
2 2 0.018072 0.052924 0.892836 0.024900 0.011268
2 2 0.012541 0.041316 0.912559 0.025771 0.007813
2 2 0.015542 0.051749 0.894266 0.026836 0.011607
2 2 0.014385 0.051681 0.896928 0.024971 0.012036
2 2 0.017367 0.063289 0.879192 0.024607 0.015544
2 2 0.025229 0.058256 0.485796 0.413172 0.017547
2 2 0.014790 0.057350 0.855694 0.056772 0.015394
2 2 0.098772 0.098372 0.742849 0.041423 0.018584
2 2 0.040339 0.136079 0.744503 0.033662 0.045417
2 2 0.008063 0.032749 0.940266 0.013120 0.005803
2 2 0.010659 0.045354 0.868747 0.064428 0.010811
2 2 0.009371 0.035865 0.862375 0.085455 0.006934
2 2 0.017416 0.061644 0.871108 0.033479 0.016352
2 2 0.013570 0.060221 0.847102 0.061038 0.018069
2 2 0.028814 0.077843 0.827202 0.044476 0.021666
2 2 0.061794 0.296487 0.421694 0.034503 0.185522
2 2 0.057509 0.295143 0.427095 0.033284 0.186969
2 1 0.054570 0.264293 0.499712 0.033862 0.147563
2 1 0.042691 0.311419 0.342187 0.035042 0.268660
1 4 0.090094 0.370125 0.180980 0.028554 0.330248
4 4 0.053128 0.339376 0.129564 0.030806 0.447127
4 4 0.089885 0.350589 0.133274 0.018057 0.408196
4 4 0.087497 0.269446 0.086504 0.017659 0.538894
4 4 0.061593 0.307051 0.087401 0.014262 0.529693
1 4 0.076070 0.378431 0.172894 0.022221 0.350384
4 4 0.186737 0.178261 0.051727 0.008883 0.574391
4 4 0.048537 0.172802 0.028847 0.005480 0.744334
4 4 0.076070 0.302025 0.090305 0.014032 0.517568
4 4 0.060251 0.237722 0.055384 0.010557 0.636086
4 4 0.069299 0.285181 0.083347 0.015368 0.546804
1 4 0.114133 0.377427 0.207022 0.025859 0.275559
1 4 0.079293 0.362279 0.168422 0.030623 0.359384
1 4 0.104943 0.375709 0.197511 0.026817 0.295020
4 4 0.054472 0.359196 0.124913 0.021385 0.440035
4 4 0.054198 0.356903 0.153795 0.024776 0.410328
4 4 0.050142 0.308905 0.076202 0.010961 0.553791
4 4 0.070461 0.341597 0.124846 0.021511 0.441585
4 4 0.068199 0.174286 0.037099 0.009080 0.711336
1 4 0.078511 0.383638 0.157590 0.020278 0.359984
4 4 0.041284 0.340439 0.213898 0.027896 0.376484
1 4 0.094062 0.370584 0.186236 0.028791 0.320327
4 4 0.050211 0.214483 0.043355 0.008524 0.683427
4 4 0.064097 0.235826 0.062456 0.014999 0.622622
1 4 0.083571 0.388554 0.162940 0.019346 0.345590
4 4 0.098148 0.252288 0.069627 0.010928 0.569010
4 4 0.265125 0.146410 0.046979 0.008793 0.532692
1 4 0.070751 0.361862 0.180476 0.028879 0.358032
2 4 0.056743 0.323808 0.354885 0.030136 0.234428
1 4 0.166578 0.372697 0.251042 0.020445 0.189238
1 4 0.158901 0.345495 0.263344 0.034783 0.197477
2 4 0.049086 0.302521 0.391548 0.034536 0.222309
2 4 0.027581 0.157065 0.707837 0.035473 0.072044
2 4 0.019288 0.095274 0.815480 0.035599 0.034358
2 2 0.019537 0.077595 0.846717 0.032969 0.023182
2 2 0.017463 0.079603 0.847557 0.030520 0.024858
2 2 0.020068 0.079324 0.841393 0.034934 0.024281
2 2 0.010181 0.045611 0.911779 0.021568 0.010861
2 2 0.011219 0.045796 0.911258 0.021315 0.010411
2 2 0.011911 0.042142 0.919299 0.018300 0.008347
2 2 0.014282 0.050032 0.900811 0.023659 0.011215
2 2 0.009865 0.036620 0.931839 0.014967 0.006709
2 2 0.013739 0.055736 0.887177 0.028673 0.014675
2 2 0.012792 0.042422 0.918369 0.018256 0.008160
2 2 0.008781 0.039679 0.925459 0.017524 0.008557
2 2 0.012949 0.054746 0.892824 0.025442 0.014039
2 2 0.019438 0.074906 0.854243 0.030214 0.021199
2 2 0.010529 0.045122 0.912899 0.021040 0.010410
2 2 0.015819 0.052323 0.895038 0.025045 0.011775
2 2 0.237079 0.310578 0.313682 0.025560 0.113101
2 0 0.204582 0.183304 0.517605 0.047353 0.047156
2 0 0.238085 0.293102 0.325774 0.033443 0.109597
2 0 0.015870 0.050674 0.900062 0.022640 0.010755
2 1 0.009190 0.038404 0.927893 0.016755 0.007758
2 1 0.016558 0.043489 0.914285 0.018131 0.007537
2 1 0.013802 0.049154 0.902971 0.023106 0.010967
2 2 0.020395 0.063757 0.874540 0.026346 0.014962
2 2 0.023122 0.106573 0.804668 0.029558 0.036080
2 2 0.017246 0.050346 0.899038 0.023070 0.010300
2 2 0.015595 0.058611 0.875267 0.035061 0.015466
2 2 0.017682 0.053167 0.892431 0.025200 0.011519
2 2 0.015936 0.051401 0.897140 0.024262 0.011260
2 2 0.022438 0.090482 0.833036 0.027377 0.026667
2 2 0.025536 0.102825 0.809901 0.029448 0.032290
2 2 0.034587 0.086007 0.831527 0.027768 0.020111
2 2 0.019951 0.065453 0.861885 0.035225 0.017487
2 2 0.015396 0.049553 0.901563 0.022943 0.010545
2 2 0.153218 0.215670 0.521423 0.041867 0.067822
2 2 0.010738 0.040541 0.923162 0.017483 0.008075
2 2 0.008733 0.036244 0.932974 0.015057 0.006992
2 2 0.014414 0.051196 0.898061 0.024563 0.011765
2 2 0.012078 0.045203 0.912444 0.020555 0.009719
2 2 0.012606 0.048335 0.905141 0.022847 0.011071
2 2 0.013070 0.054150 0.883708 0.034896 0.014176
2 2 0.012139 0.043685 0.915829 0.019379 0.008968
2 2 0.009158 0.039872 0.924983 0.017526 0.008461
2 2 0.013293 0.041553 0.888536 0.048810 0.007808
2 2 0.022991 0.100520 0.810131 0.032607 0.033751
2 2 0.008206 0.035063 0.933386 0.016629 0.006716
2 2 0.010741 0.041533 0.920567 0.018627 0.008532
2 2 0.019857 0.088335 0.823032 0.038328 0.030448
2 2 0.011292 0.047680 0.906339 0.023308 0.011381
2 2 0.016780 0.057966 0.875894 0.034850 0.014510
2 2 0.010748 0.045375 0.911546 0.021896 0.010435
2 2 0.018498 0.071150 0.833585 0.054391 0.022375
2 2 0.010337 0.040167 0.924090 0.017337 0.008069
2 2 0.013310 0.052547 0.895037 0.026077 0.013029
2 2 0.009627 0.037461 0.902494 0.043119 0.007299
2 2 0.014792 0.071623 0.843446 0.044770 0.025370
2 2 0.010091 0.036677 0.921052 0.025476 0.006703
2 2 0.018079 0.055875 0.885960 0.027322 0.012763
2 2 0.011645 0.048931 0.861109 0.066049 0.012266
2 2 0.015928 0.055543 0.765407 0.148261 0.014861
2 2 0.021703 0.081327 0.804378 0.064326 0.028265
2 2 0.011119 0.042542 0.910320 0.027121 0.008898
2 2 0.012117 0.048855 0.837560 0.089274 0.012193
2 2 0.016393 0.067041 0.851034 0.044893 0.020639
2 2 0.023878 0.069632 0.724166 0.161852 0.020472
2 2 0.014583 0.057975 0.830051 0.081178 0.016212
2 2 0.024198 0.070972 0.570855 0.309101 0.024874
2 2 0.017765 0.066111 0.762749 0.132739 0.020636
2 2 0.019368 0.061836 0.777843 0.124166 0.016787
3 2 0.017324 0.039508 0.395642 0.537075 0.010450
2 2 0.030444 0.078231 0.565543 0.298324 0.027459
3 2 0.021285 0.049437 0.418218 0.496268 0.014792
3 2 0.027972 0.048513 0.290534 0.617305 0.015676
3 2 0.020214 0.044021 0.374822 0.548271 0.012672
3 2 0.018355 0.034032 0.280145 0.658268 0.009199
3 2 0.026433 0.041877 0.244529 0.674045 0.013117
3 2 0.033314 0.039354 0.157466 0.756268 0.013597
2 3 0.021989 0.063089 0.642702 0.253576 0.018643
2 3 0.008084 0.037798 0.898958 0.046970 0.008190
2 3 0.012490 0.042402 0.724768 0.210665 0.009675
2 3 0.014597 0.051542 0.768187 0.152504 0.013170
3 3 0.017081 0.043556 0.447944 0.479410 0.012009
2 3 0.032514 0.091549 0.637442 0.203895 0.034601
2 2 0.013924 0.043449 0.776959 0.156471 0.009196
3 2 0.026660 0.048972 0.313949 0.594833 0.015586
2 0 0.178382 0.141832 0.592105 0.055534 0.032147
2 0 0.084636 0.198672 0.599088 0.043875 0.073728
2 1 0.019989 0.062989 0.857173 0.043739 0.016110
2 2 0.006756 0.030885 0.931824 0.024899 0.005636
2 2 0.024722 0.081484 0.800475 0.066745 0.026574
2 2 0.009702 0.036214 0.932750 0.014735 0.006600
2 2 0.011149 0.048104 0.905011 0.024041 0.011696
2 2 0.019438 0.081017 0.842483 0.032211 0.024852
2 2 0.009582 0.035365 0.934563 0.014192 0.006297
2 2 0.023196 0.068183 0.861996 0.030056 0.016569
2 2 0.081613 0.115844 0.731407 0.043734 0.027402
1 2 0.209351 0.329973 0.295671 0.026518 0.138488
2 2 0.014293 0.050172 0.900483 0.023769 0.011283
2 2 0.006507 0.029768 0.939784 0.018671 0.005271
2 2 0.013250 0.041784 0.919551 0.017675 0.007739
2 2 0.013188 0.045836 0.910704 0.020696 0.009576
2 2 0.016302 0.057927 0.883380 0.028022 0.014369
2 2 0.011746 0.046205 0.910231 0.021449 0.010369
2 2 0.019060 0.065618 0.870174 0.028485 0.016664
2 2 0.007553 0.036271 0.927826 0.020758 0.007592
2 2 0.011801 0.046125 0.910404 0.021367 0.010303
2 2 0.025592 0.056394 0.881140 0.026005 0.010869
2 2 0.014961 0.044722 0.912467 0.019378 0.008471
2 2 0.015585 0.055694 0.879354 0.035585 0.013782
2 2 0.019187 0.070120 0.852271 0.037849 0.020573
2 2 0.014395 0.047643 0.906240 0.021735 0.009987
2 2 0.020475 0.067681 0.860412 0.033450 0.017981
2 2 0.026567 0.057690 0.877659 0.026851 0.011232
2 2 0.016686 0.060201 0.880766 0.027295 0.015052
2 2 0.011762 0.044370 0.891022 0.043235 0.009611
2 2 0.021650 0.054980 0.886494 0.025688 0.011188
2 2 0.009905 0.039010 0.926181 0.017176 0.007727
2 2 0.068977 0.201342 0.584514 0.054815 0.090352
1 2 0.238732 0.315634 0.310190 0.022947 0.112498
2 2 0.016541 0.059728 0.876959 0.031165 0.015606
2 2 0.017758 0.060170 0.875643 0.031139 0.015291
2 2 0.009391 0.031283 0.942376 0.012121 0.004830
1 2 0.231214 0.325944 0.302176 0.021340 0.119325
2 2 0.048471 0.222257 0.587189 0.034310 0.107773
2 2 0.012253 0.038262 0.924616 0.018248 0.006620
2 2 0.015672 0.054319 0.890363 0.026749 0.012897
2 2 0.012681 0.036045 0.931712 0.013892 0.005670
2 2 0.048492 0.075552 0.822109 0.038400 0.015446
2 2 0.023674 0.061490 0.870402 0.030612 0.013822
2 2 0.010046 0.033778 0.937619 0.013020 0.005538
2 2 0.011438 0.036960 0.913102 0.032085 0.006415
2 2 0.020776 0.077949 0.827973 0.047461 0.025841
2 2 0.016569 0.051428 0.894616 0.026324 0.011063
1 2 0.077774 0.365258 0.169166 0.028685 0.359117
1 4 0.063629 0.328473 0.289804 0.040212 0.277882
4 4 0.041511 0.333145 0.224703 0.031930 0.368710
4 4 0.048877 0.340851 0.119813 0.026381 0.464078
1 4 0.055181 0.333815 0.284138 0.034214 0.292651
4 4 0.046575 0.342027 0.215659 0.030042 0.365697
4 4 0.043836 0.342604 0.153336 0.026559 0.433666
4 4 0.040771 0.325811 0.256485 0.034435 0.342497
4 4 0.054702 0.322661 0.103885 0.020793 0.497960
4 4 0.047601 0.324566 0.101300 0.021107 0.505425
4 4 0.051477 0.342897 0.124731 0.027406 0.453489
4 4 0.046814 0.238400 0.050397 0.009506 0.654883
4 4 0.060532 0.361410 0.123735 0.018564 0.435759
4 4 0.041326 0.269887 0.059006 0.010329 0.619451
4 4 0.070099 0.232781 0.065343 0.016818 0.614959
4 4 0.072349 0.312914 0.107957 0.020872 0.485909
4 4 0.084106 0.089875 0.014547 0.004255 0.807217
1 4 0.073153 0.340743 0.257728 0.038408 0.289968
1 4 0.070113 0.356670 0.191690 0.031560 0.349966
1 4 0.076287 0.373051 0.158809 0.024268 0.367584
4 4 0.035542 0.319826 0.076457 0.012459 0.555716
4 4 0.080731 0.363536 0.141789 0.019788 0.394157
4 4 0.060828 0.312413 0.092466 0.015752 0.518541
4 4 0.236589 0.229320 0.097053 0.015053 0.421986
4 4 0.105895 0.099499 0.018153 0.004965 0.771488
4 4 0.089375 0.302693 0.103856 0.017864 0.486212
4 4 0.140841 0.141905 0.034139 0.007846 0.675269
4 4 0.154650 0.186501 0.052472 0.009680 0.596696
4 4 0.058714 0.277788 0.078667 0.016603 0.568228
4 4 0.044185 0.346112 0.097945 0.015355 0.496403
4 4 0.097501 0.332131 0.150904 0.028917 0.390547
1 4 0.084250 0.371218 0.170202 0.026410 0.347919
1 4 0.074918 0.360350 0.178328 0.030791 0.355613
1 4 0.055090 0.332521 0.291696 0.034074 0.286618
4 4 0.039837 0.337868 0.205660 0.028416 0.388219
4 4 0.049913 0.341590 0.200382 0.032285 0.375830
4 4 0.048440 0.342971 0.192664 0.030668 0.385257
4 4 0.055213 0.361779 0.125434 0.020695 0.436880
1 4 0.054613 0.345127 0.244635 0.030743 0.324882
4 4 0.049993 0.346355 0.154286 0.028058 0.421308
4 4 0.056505 0.362997 0.127547 0.020883 0.432068
4 4 0.058372 0.340696 0.121173 0.023617 0.456142
1 4 0.146734 0.383265 0.232347 0.020009 0.217645
1 4 0.072807 0.335657 0.294415 0.036706 0.260415
1 4 0.178542 0.340750 0.277414 0.031370 0.171925
4 4 0.041381 0.335912 0.211758 0.030479 0.380470
2 4 0.033099 0.253701 0.489406 0.039152 0.184643
4 4 0.041605 0.340841 0.181281 0.027617 0.408656
4 4 0.066257 0.155660 0.029897 0.007146 0.741039
4 4 0.072021 0.376862 0.150147 0.021366 0.379603
4 4 0.075384 0.311272 0.113062 0.023353 0.476929
4 4 0.081072 0.306165 0.100041 0.016754 0.495968
4 4 0.093967 0.115517 0.023425 0.007337 0.759754
4 4 0.086756 0.097774 0.016186 0.004331 0.794953
4 4 0.037839 0.278878 0.059229 0.009759 0.614295
4 4 0.082732 0.120485 0.022879 0.006495 0.767410
4 4 0.056312 0.348229 0.120900 0.021950 0.452609
4 4 0.090115 0.125604 0.026046 0.007878 0.750357
4 4 0.085936 0.187739 0.043041 0.008985 0.674299
4 4 0.053241 0.240602 0.056389 0.011750 0.638017
4 4 0.069699 0.128162 0.022428 0.005588 0.774122
4 4 0.076969 0.236754 0.061138 0.011856 0.613283
4 4 0.057987 0.246157 0.063022 0.014092 0.618742
4 4 0.070197 0.357047 0.155507 0.030495 0.386754
4 4 0.044978 0.341518 0.110808 0.022646 0.480050
4 4 0.045678 0.300311 0.080500 0.015674 0.557836
4 4 0.358472 0.047032 0.015003 0.009066 0.570427
1 4 0.101423 0.379694 0.191213 0.024858 0.302812
4 4 0.074727 0.368945 0.158078 0.025779 0.372471
4 4 0.068209 0.359718 0.150869 0.028168 0.393035
4 4 0.061205 0.359675 0.137981 0.024887 0.416253
4 4 0.063188 0.354512 0.174449 0.030369 0.377482
4 4 0.042447 0.337975 0.101538 0.019484 0.498557
4 4 0.073048 0.301238 0.091096 0.015084 0.519534
4 4 0.100128 0.113207 0.022363 0.006425 0.757877
1 4 0.111684 0.385198 0.200226 0.022541 0.280352
4 4 0.067875 0.349666 0.186018 0.035072 0.361368
4 4 0.059381 0.347871 0.209041 0.032762 0.350946
2 4 0.037689 0.304680 0.331108 0.038491 0.288033
4 4 0.038038 0.337502 0.092212 0.016223 0.516026
4 4 0.038611 0.320327 0.280954 0.034460 0.325647
4 4 0.036869 0.321524 0.280864 0.032413 0.328329
1 4 0.064647 0.332197 0.316128 0.033628 0.253401
2 2 0.036496 0.217023 0.562543 0.048536 0.135402
2 2 0.025173 0.152628 0.710421 0.038381 0.073397
2 1 0.015659 0.069782 0.866228 0.028118 0.020214
2 1 0.025309 0.099115 0.812182 0.032086 0.031309
2 1 0.017574 0.065614 0.855556 0.042356 0.018901
2 2 0.010707 0.036040 0.932713 0.014344 0.006197
2 2 0.024516 0.130689 0.761612 0.031386 0.051798
2 2 0.015941 0.049006 0.902595 0.022365 0.010093
2 2 0.022801 0.091039 0.822385 0.034705 0.029071
2 2 0.007720 0.028700 0.948747 0.010419 0.004413
2 2 0.017986 0.062675 0.879622 0.024666 0.015051
2 2 0.026266 0.082432 0.839482 0.030058 0.021761
2 2 0.022624 0.054963 0.887755 0.023958 0.010700
2 2 0.026325 0.114620 0.787938 0.031531 0.039585
2 2 0.018671 0.062193 0.880709 0.023971 0.014456
2 2 0.022056 0.081564 0.839800 0.032729 0.023850
2 2 0.008531 0.035002 0.935662 0.014262 0.006543
2 2 0.018780 0.047810 0.903866 0.020791 0.008753
2 2 0.008369 0.029116 0.947637 0.010510 0.004368
2 2 0.014205 0.047558 0.906498 0.021723 0.010016
2 2 0.008556 0.031732 0.942385 0.012089 0.005237
2 2 0.013753 0.043959 0.914647 0.019125 0.008516
2 2 0.008134 0.029846 0.946318 0.011014 0.004687
2 2 0.016114 0.052900 0.893598 0.025429 0.011958
2 2 0.015204 0.044171 0.913542 0.018917 0.008166
2 2 0.015683 0.050482 0.899487 0.023471 0.010876
2 2 0.006455 0.027607 0.945412 0.016060 0.004466
2 2 0.020134 0.052461 0.892936 0.024035 0.010435
2 2 0.016017 0.046057 0.909080 0.020108 0.008738
2 2 0.008321 0.030504 0.944938 0.011374 0.004864
2 2 0.013959 0.047390 0.906959 0.021665 0.010027
2 2 0.010398 0.036528 0.931832 0.014754 0.006488
2 2 0.011354 0.041892 0.919349 0.018955 0.008450
2 2 0.019632 0.058749 0.882130 0.026275 0.013215
2 2 0.009976 0.032859 0.939495 0.012447 0.005223
2 2 0.008549 0.034521 0.936667 0.013928 0.006335
2 2 0.010452 0.035597 0.915086 0.032680 0.006186
2 2 0.010329 0.040036 0.924379 0.017244 0.008012
2 2 0.019769 0.056683 0.851193 0.059452 0.012903
0 0 0.744765 0.054046 0.151919 0.026208 0.023062
0 0 0.903074 0.020566 0.036351 0.009136 0.030873
0 0 0.797060 0.054689 0.092898 0.013426 0.041927
0 0 0.771723 0.053124 0.119286 0.022878 0.032990
0 0 0.816659 0.041552 0.062408 0.017884 0.061497
0 0 0.649507 0.109764 0.102856 0.013489 0.124384
1 0 0.196583 0.360058 0.271547 0.018434 0.153378
1 1 0.227158 0.311731 0.195337 0.021049 0.244726
0 0 0.332059 0.278463 0.276445 0.015069 0.097963
0 0 0.428094 0.196970 0.275920 0.025272 0.073745
0 0 0.613194 0.116013 0.182854 0.024170 0.063770
1 0 0.289378 0.315170 0.273978 0.012603 0.108871
1 0 0.171290 0.376677 0.250788 0.018167 0.183079
1 0 0.096528 0.364946 0.292931 0.022174 0.223422
2 0 0.102930 0.315779 0.396976 0.027926 0.156388
2 1 0.040127 0.128691 0.757061 0.033194 0.040927
2 1 0.043413 0.154462 0.723089 0.027481 0.051556
2 1 0.026418 0.086879 0.832618 0.030243 0.023843
2 2 0.017926 0.046730 0.906655 0.020176 0.008514
2 2 0.029358 0.091387 0.831678 0.024500 0.023077
2 2 0.029553 0.060874 0.875450 0.022993 0.011129
2 2 0.032472 0.098801 0.818139 0.025098 0.025489
2 2 0.027216 0.061745 0.874961 0.024055 0.012024
2 2 0.026974 0.071450 0.859541 0.026070 0.015964
2 2 0.018176 0.049728 0.899988 0.022367 0.009741
2 2 0.028526 0.095634 0.822281 0.027276 0.026283
2 2 0.017064 0.041927 0.917233 0.016947 0.006828
2 2 0.025685 0.097471 0.819159 0.028664 0.029021
2 2 0.027748 0.090118 0.831014 0.027171 0.023948
2 2 0.027232 0.080143 0.833558 0.037127 0.021940
2 2 0.014173 0.045819 0.910396 0.020401 0.009211
2 2 0.010543 0.033698 0.937540 0.012849 0.005370
2 2 0.009008 0.033167 0.939303 0.012892 0.005630
2 2 0.021883 0.079996 0.848319 0.027910 0.021892
2 2 0.006641 0.029863 0.946809 0.011462 0.005226
2 2 0.021733 0.052345 0.893553 0.022548 0.009821
2 2 0.013624 0.047459 0.906905 0.021820 0.010191
2 2 0.008670 0.032745 0.940292 0.012711 0.005582
2 2 0.011548 0.048890 0.903963 0.023692 0.011906
2 2 0.015540 0.049265 0.902166 0.022676 0.010354
2 2 0.017329 0.053161 0.890793 0.027062 0.011655
2 2 0.012181 0.039282 0.925323 0.016181 0.007034
2 2 0.018378 0.058081 0.880596 0.029109 0.013836
2 2 0.011201 0.041787 0.919497 0.019051 0.008464
2 2 0.013763 0.044374 0.913738 0.019429 0.008696
2 2 0.014151 0.048941 0.903365 0.022827 0.010716
2 2 0.014404 0.053153 0.893421 0.026193 0.012828
2 2 0.018792 0.071792 0.858503 0.030782 0.020131
2 2 0.012513 0.049251 0.903008 0.023624 0.011603
2 2 0.008653 0.032079 0.941649 0.012284 0.005335
2 2 0.009712 0.038655 0.905735 0.038131 0.007767
2 2 0.015310 0.052227 0.895412 0.025122 0.011930
2 2 0.009272 0.040994 0.922457 0.018324 0.008952
2 2 0.006779 0.031158 0.944118 0.012259 0.005686
2 2 0.010031 0.038092 0.928663 0.015944 0.007270
2 2 0.008862 0.034556 0.936497 0.013856 0.006229
2 2 0.008493 0.043236 0.917223 0.020460 0.010588
2 2 0.007828 0.036711 0.923692 0.024096 0.007673
2 2 0.009566 0.042858 0.918196 0.019639 0.009741
2 2 0.007147 0.027572 0.945549 0.015514 0.004218
2 2 0.010328 0.042397 0.882355 0.055542 0.009378
2 2 0.008388 0.032156 0.904971 0.048886 0.005599
2 2 0.008864 0.039750 0.925292 0.017545 0.008549
2 2 0.007652 0.029287 0.914008 0.044301 0.004752
2 2 0.015426 0.046925 0.866290 0.061766 0.009593
2 2 0.011663 0.047388 0.907499 0.022423 0.011027
2 2 0.011837 0.044471 0.775724 0.157405 0.010564
