0 0 0.285930 0.193644 0.189582 0.132317 0.198528
0 0 0.285930 0.193644 0.189582 0.132317 0.198528
0 0 0.285930 0.193644 0.189582 0.132317 0.198528
0 0 0.255425 0.211570 0.182644 0.104665 0.245695
0 0 0.285930 0.193644 0.189582 0.132317 0.198528
0 0 0.285930 0.193644 0.189582 0.132317 0.198528
0 0 0.285930 0.193644 0.189582 0.132317 0.198528
0 0 0.285930 0.193644 0.189582 0.132317 0.198528
0 0 0.285930 0.193644 0.189582 0.132317 0.198528
4 0 0.082469 0.251516 0.104420 0.016721 0.544873
0 0 0.285930 0.193644 0.189582 0.132317 0.198528
4 0 0.225141 0.225397 0.172852 0.082277 0.294332
0 0 0.285930 0.193644 0.189582 0.132317 0.198528
0 0 0.285930 0.193644 0.189582 0.132317 0.198528
0 0 0.285930 0.193644 0.189582 0.132317 0.198528
0 0 0.285930 0.193644 0.189582 0.132317 0.198528
0 0 0.285930 0.193644 0.189582 0.132317 0.198528
0 0 0.285930 0.193644 0.189582 0.132317 0.198528
0 0 0.285930 0.193644 0.189582 0.132317 0.198528
0 0 0.285930 0.193644 0.189582 0.132317 0.198528
0 0 0.285930 0.193644 0.189582 0.132317 0.198528
0 0 0.285930 0.193644 0.189582 0.132317 0.198528
0 0 0.285930 0.193644 0.189582 0.132317 0.198528
0 0 0.285930 0.193644 0.189582 0.132317 0.198528
0 0 0.285930 0.193644 0.189582 0.132317 0.198528
0 0 0.285930 0.193644 0.189582 0.132317 0.198528
4 1 0.095503 0.237297 0.103120 0.020156 0.543924
4 0 0.167127 0.241342 0.147214 0.048953 0.395364
0 0 0.285930 0.193644 0.189582 0.132317 0.198528
0 0 0.285930 0.193644 0.189582 0.132317 0.198528
4 1 0.160788 0.242184 0.143888 0.045913 0.407227
4 1 0.070438 0.226049 0.083718 0.012737 0.607058
4 1 0.119353 0.242375 0.119477 0.028453 0.490342
4 1 0.046469 0.206404 0.062392 0.006905 0.677830
4 1 0.021649 0.168194 0.060494 0.001953 0.747709
4 1 0.030419 0.184590 0.045915 0.003744 0.735331
4 1 0.061780 0.220221 0.076378 0.010485 0.631136
4 1 0.178575 0.239345 0.152959 0.054716 0.374405
4 4 0.053379 0.213283 0.068880 0.008455 0.656002
4 4 0.052883 0.212828 0.068425 0.008341 0.657524
4 4 0.046652 0.206603 0.062569 0.006945 0.677232
4 4 0.064784 0.222382 0.078967 0.011248 0.622619
4 4 0.117480 0.242134 0.118258 0.027757 0.494370
4 4 0.151874 0.238157 0.165515 0.040018 0.404436
4 4 0.076707 0.230060 0.089073 0.014481 0.589680
4 4 0.068729 0.224993 0.082299 0.012280 0.611700
4 4 0.038325 0.196558 0.054310 0.005221 0.705585
4 4 0.055712 0.215354 0.071003 0.009003 0.648927
4 4 0.048980 0.209043 0.064786 0.007456 0.669735
4 4 0.024493 0.174083 0.070756 0.002285 0.728383
4 4 0.043810 0.201786 0.099097 0.005446 0.649861
4 4 0.055334 0.215026 0.070661 0.008914 0.650065
4 4 0.028580 0.181772 0.058259 0.003134 0.728255
4 4 0.054715 0.214483 0.070100 0.008768 0.651934
4 4 0.031767 0.187067 0.063449 0.003639 0.714077
4 4 0.036183 0.193643 0.055568 0.004710 0.709897
4 4 0.099824 0.238566 0.106223 0.021569 0.533818
4 4 0.052955 0.212894 0.068491 0.008357 0.657303
4 4 0.065490 0.222867 0.079569 0.011430 0.620644
4 4 0.075392 0.249046 0.100957 0.014539 0.560066
4 4 0.032974 0.185293 0.129964 0.003135 0.648634
4 4 0.025417 0.175326 0.088637 0.002270 0.708350
4 4 0.055715 0.215054 0.078231 0.008745 0.642254
4 4 0.034890 0.195360 0.129223 0.003545 0.636982
4 4 0.039666 0.198330 0.055677 0.005487 0.700840
4 4 0.043585 0.203129 0.063500 0.006169 0.683617
4 4 0.034046 0.190341 0.074692 0.003887 0.697035
4 4 0.049895 0.209963 0.065647 0.007660 0.666835
4 4 0.098137 0.238091 0.105019 0.021012 0.537740
4 4 0.150413 0.243131 0.138217 0.041157 0.427082
4 4 0.043435 0.202982 0.059441 0.006259 0.687882
4 1 0.083356 0.301712 0.138845 0.018820 0.457268
4 1 0.049857 0.209557 0.077032 0.007289 0.656266
4 1 0.035792 0.192816 0.076233 0.004199 0.690960
4 1 0.049132 0.209197 0.064930 0.007490 0.669251
4 1 0.053310 0.213220 0.068817 0.008439 0.656214
4 1 0.054373 0.213585 0.083185 0.008241 0.640616
2 0 0.236154 0.193913 0.271318 0.084190 0.214425
0 0 0.279718 0.197649 0.188439 0.126166 0.208027
0 0 0.283824 0.195024 0.189211 0.130197 0.201744
0 0 0.285930 0.193644 0.189582 0.132317 0.198528
0 0 0.285930 0.193644 0.189582 0.132317 0.198528
0 0 0.252479 0.213081 0.181810 0.102295 0.250335
0 0 0.284623 0.194503 0.189354 0.130997 0.200523
0 0 0.285930 0.193644 0.189582 0.132317 0.198528
0 0 0.269424 0.203875 0.186230 0.116597 0.223875
0 0 0.285930 0.193644 0.189582 0.132317 0.198528
0 0 0.273322 0.201576 0.187111 0.120135 0.217856
4 0 0.095205 0.237203 0.102903 0.020060 0.544629
1 0 0.157662 0.308837 0.239423 0.059481 0.234597
2 0 0.097695 0.319013 0.429883 0.038082 0.115327
1 0 0.230500 0.244687 0.241176 0.108906 0.174732
4 0 0.251073 0.213790 0.181403 0.101179 0.252555
0 0 0.285930 0.193644 0.189582 0.132317 0.198528
0 0 0.285930 0.193644 0.189582 0.132317 0.198528
2 0 0.205039 0.268354 0.278357 0.102700 0.145550
0 0 0.285930 0.193644 0.189582 0.132317 0.198528
0 0 0.285930 0.193644 0.189582 0.132317 0.198528
0 0 0.285930 0.193644 0.189582 0.132317 0.198528
0 0 0.285930 0.193644 0.189582 0.132317 0.198528
4 0 0.238146 0.219919 0.177380 0.091380 0.273175
0 0 0.285930 0.193644 0.189582 0.132317 0.198528
0 0 0.285930 0.193644 0.189582 0.132317 0.198528
0 0 0.285930 0.193644 0.189582 0.132317 0.198528
0 0 0.285930 0.193644 0.189582 0.132317 0.198528
0 0 0.285930 0.193644 0.189582 0.132317 0.198528
0 0 0.277576 0.198986 0.188011 0.124114 0.211313
0 0 0.285930 0.193644 0.189582 0.132317 0.198528
0 0 0.285930 0.193644 0.189582 0.132317 0.198528
0 0 0.285930 0.193644 0.189582 0.132317 0.198528
0 0 0.270879 0.203025 0.186565 0.117906 0.221626
4 1 0.118032 0.242207 0.118619 0.027962 0.493181
4 1 0.138317 0.243516 0.131241 0.035944 0.450983
4 1 0.107945 0.240513 0.111884 0.024332 0.515327
4 0 0.169880 0.240917 0.148627 0.050307 0.390269
0 0 0.285930 0.193644 0.189582 0.132317 0.198528
0 0 0.285930 0.193644 0.189582 0.132317 0.198528
0 0 0.285930 0.193644 0.189582 0.132317 0.198528
0 0 0.285930 0.193644 0.189582 0.132317 0.198528
0 0 0.285930 0.193644 0.189582 0.132317 0.198528
4 1 0.130523 0.243320 0.126531 0.032767 0.466860
4 4 0.060592 0.219324 0.075343 0.010188 0.634553
4 4 0.052732 0.203480 0.170184 0.006406 0.567197
4 4 0.065141 0.221120 0.100317 0.010582 0.602841
0 0 0.261911 0.208112 0.184385 0.110050 0.235543
4 0 0.156026 0.242686 0.141320 0.043696 0.416272
4 0 0.221398 0.226848 0.171463 0.079784 0.300507
1 0 0.185144 0.285765 0.247257 0.077523 0.204311
1 0 0.128970 0.345336 0.263007 0.048251 0.214436
0 0 0.261317 0.208436 0.184231 0.109547 0.236469
0 0 0.282668 0.195771 0.189000 0.129049 0.203511
0 0 0.285930 0.193644 0.189582 0.132317 0.198528
4 0 0.223584 0.226008 0.172279 0.081233 0.296897
0 0 0.285930 0.193644 0.189582 0.132317 0.198528
4 0 0.211030 0.230570 0.167420 0.073154 0.317827
4 4 0.103331 0.239474 0.108695 0.022745 0.525755
4 4 0.100807 0.238831 0.106920 0.021895 0.531547
4 4 0.016751 0.155969 0.049293 0.001362 0.776625
4 4 0.019179 0.162127 0.082542 0.001454 0.734697
4 4 0.032989 0.205446 0.188575 0.003141 0.569849
4 4 0.018340 0.160064 0.082101 0.001352 0.738143
2 2 0.034041 0.180733 0.485973 0.003277 0.295976
4 2 0.033686 0.225224 0.284604 0.003379 0.453107
4 2 0.045642 0.209006 0.353507 0.005140 0.386705
4 2 0.027557 0.177418 0.119499 0.002381 0.673145
4 2 0.022853 0.163245 0.188358 0.001546 0.623997
2 2 0.022353 0.139014 0.767447 0.003271 0.067915
4 2 0.028069 0.167544 0.227657 0.002075 0.574655
4 2 0.023804 0.172476 0.079781 0.002101 0.721838
2 2 0.020916 0.088520 0.824060 0.002361 0.064142
2 2 0.038974 0.183705 0.591129 0.005076 0.181116
2 2 0.026131 0.109959 0.803073 0.003974 0.056862
4 2 0.021082 0.165841 0.035075 0.002218 0.775784
2 2 0.028796 0.148691 0.685128 0.003345 0.134039
2 2 0.010213 0.041873 0.932374 0.001369 0.014172
4 2 0.021577 0.167007 0.035681 0.002292 0.773443
2 2 0.042719 0.198258 0.493953 0.005149 0.259922
2 2 0.039109 0.116045 0.735153 0.005191 0.104503
2 2 0.026747 0.190053 0.465025 0.002318 0.315858
2 2 0.017144 0.074022 0.875162 0.002460 0.031212
4 1 0.167235 0.240028 0.248785 0.048446 0.295506
4 1 0.028084 0.181392 0.148094 0.002365 0.640065
2 2 0.022614 0.092287 0.820941 0.002780 0.061377
4 1 0.079541 0.230992 0.091060 0.015278 0.583130
2 2 0.020069 0.111221 0.823880 0.003284 0.041546
2 2 0.007735 0.019800 0.966744 0.001236 0.004485
2 2 0.011231 0.054936 0.921483 0.002245 0.010104
2 2 0.020532 0.052303 0.905700 0.011969 0.009497
2 2 0.027729 0.104319 0.824638 0.005354 0.037959
2 2 0.053513 0.289686 0.337395 0.008963 0.310442
4 1 0.107500 0.240420 0.111579 0.024177 0.516323
4 1 0.184378 0.238106 0.155743 0.057777 0.363996
4 4 0.071228 0.226523 0.084369 0.012950 0.604930
4 0 0.226453 0.224876 0.173330 0.083164 0.292178
0 0 0.285930 0.193644 0.189582 0.132317 0.198528
2 0 0.229130 0.214831 0.327836 0.124838 0.103363
4 0 0.246162 0.216200 0.179932 0.097362 0.260345
0 0 0.285187 0.194134 0.189453 0.131564 0.199663
2 0 0.220734 0.204237 0.355990 0.105456 0.113583
0 0 0.285930 0.193644 0.189582 0.132317 0.198528
2 0 0.216387 0.257219 0.273001 0.110611 0.142782
0 0 0.278222 0.198585 0.188142 0.124729 0.210321
4 1 0.152073 0.243016 0.139143 0.041900 0.423869
4 1 0.076770 0.229603 0.088863 0.014486 0.590278
4 1 0.175694 0.239943 0.151588 0.053239 0.379536
4 1 0.035012 0.191996 0.060325 0.004347 0.708320
4 1 0.101550 0.239026 0.107444 0.022144 0.529836
4 1 0.031623 0.186847 0.061723 0.003643 0.716164
4 1 0.015760 0.153372 0.056813 0.001178 0.772877
4 1 0.032127 0.186938 0.087260 0.003368 0.690308
4 2 0.030182 0.193064 0.317702 0.002542 0.456509
4 2 0.025757 0.175639 0.095639 0.002269 0.700695
2 2 0.036656 0.199775 0.483021 0.004020 0.276529
4 2 0.019007 0.162027 0.064945 0.001541 0.752480
4 2 0.036683 0.189462 0.143657 0.003647 0.626551
2 2 0.014435 0.079244 0.851661 0.001444 0.053217
2 2 0.031031 0.195866 0.628389 0.004326 0.140388
2 2 0.032573 0.216810 0.504814 0.003783 0.242019
2 2 0.043556 0.242120 0.595724 0.009412 0.109188
4 2 0.028773 0.189290 0.344133 0.002348 0.435457
4 2 0.030772 0.200921 0.265961 0.002691 0.499655
2 2 0.020448 0.088206 0.860099 0.003795 0.027452
4 2 0.030016 0.183731 0.083248 0.003050 0.699955
2 2 0.015408 0.068704 0.890591 0.002441 0.022856
4 2 0.034869 0.253940 0.304264 0.003974 0.402954
4 1 0.081104 0.275878 0.118726 0.017114 0.507179
2 2 0.011496 0.041167 0.937678 0.002436 0.007223
2 2 0.016528 0.055250 0.916646 0.005290 0.006285
2 2 0.012032 0.051767 0.920706 0.002011 0.013485
2 2 0.014016 0.036245 0.940978 0.003838 0.004924
2 2 0.009659 0.026065 0.958186 0.002654 0.003436
2 2 0.019522 0.068159 0.896565 0.005780 0.009974
2 2 0.014789 0.038019 0.937940 0.004183 0.005070
2 2 0.011108 0.020963 0.952354 0.013185 0.002391
2 2 0.010785 0.020594 0.957499 0.007773 0.003349
2 2 0.079275 0.276592 0.472883 0.021455 0.149795
2 2 0.024045 0.134068 0.744121 0.002933 0.094833
2 2 0.005376 0.011896 0.976469 0.005003 0.001255
2 2 0.009226 0.020898 0.960128 0.007746 0.002002
2 2 0.006512 0.012832 0.970143 0.009210 0.001303
2 2 0.009355 0.014250 0.955096 0.019225 0.002075
2 3 0.014866 0.019183 0.911761 0.050843 0.003347
2 3 0.018416 0.018983 0.873340 0.083080 0.006181
2 2 0.007896 0.012926 0.960245 0.017330 0.001602
2 2 0.012474 0.010501 0.834580 0.138382 0.004062
2 3 0.011224 0.009448 0.860281 0.115086 0.003961
2 3 0.015518 0.018203 0.895294 0.066453 0.004533
2 3 0.011050 0.006142 0.589734 0.387733 0.005340
2 3 0.010070 0.007655 0.815520 0.163373 0.003381
3 3 0.011694 0.005942 0.468253 0.508118 0.005993
3 3 0.010605 0.005168 0.473236 0.504726 0.006266
2 3 0.008474 0.007493 0.869410 0.112159 0.002464
2 3 0.015495 0.008184 0.535844 0.431984 0.008493
3 3 0.009644 0.004170 0.374831 0.604336 0.007018
2 3 0.010691 0.006691 0.731138 0.246041 0.005439
2 3 0.029913 0.020037 0.662078 0.274815 0.013158
2 2 0.041223 0.108155 0.816450 0.014667 0.019505
2 3 0.012885 0.008244 0.655814 0.318102 0.004955
2 3 0.009420 0.007099 0.849854 0.130224 0.003404
2 3 0.015182 0.025385 0.936735 0.019111 0.003587
2 3 0.019804 0.017941 0.786373 0.169505 0.006377
2 3 0.009722 0.008453 0.873185 0.105510 0.003131
2 3 0.013760 0.009024 0.652465 0.319603 0.005148
2 3 0.011205 0.006604 0.595243 0.381780 0.005169
2 3 0.012264 0.009467 0.783194 0.190316 0.004760
2 3 0.016846 0.011079 0.584443 0.381021 0.006611
3 3 0.013156 0.005465 0.246861 0.726170 0.008348
3 3 0.012165 0.005815 0.432941 0.542214 0.006866
2 3 0.015291 0.008974 0.579217 0.389152 0.007366
3 3 0.009112 0.003905 0.365435 0.615374 0.006174
3 3 0.007691 0.003140 0.348680 0.634581 0.005909
3 3 0.012919 0.005147 0.236332 0.736695 0.008907
3 3 0.012561 0.005514 0.314289 0.659968 0.007668
3 3 0.010366 0.004494 0.369029 0.608150 0.007960
2 3 0.030911 0.023036 0.609924 0.322942 0.013188
4 2 0.093025 0.236491 0.101310 0.019363 0.549812
2 1 0.050433 0.254030 0.599164 0.014197 0.082177
2 2 0.037160 0.173109 0.742817 0.011623 0.035291
2 2 0.024210 0.170975 0.720327 0.003768 0.080720
4 1 0.120431 0.242502 0.120175 0.028858 0.488034
4 1 0.180319 0.238988 0.153805 0.055626 0.371262
4 0 0.201183 0.242535 0.175976 0.069901 0.310406
4 1 0.098001 0.238051 0.104922 0.020968 0.538059
4 1 0.059345 0.255520 0.095369 0.010423 0.579343
4 1 0.045044 0.292829 0.184993 0.006744 0.470391
4 1 0.147439 0.274030 0.167612 0.043647 0.367273
4 1 0.184096 0.238170 0.155610 0.057625 0.364500
4 1 0.131126 0.276795 0.156722 0.036030 0.399327
4 1 0.027539 0.179626 0.046089 0.003169 0.743577
4 1 0.026199 0.177469 0.060937 0.002675 0.732720
4 1 0.113137 0.241480 0.115390 0.026172 0.503821
4 1 0.083913 0.232994 0.094460 0.016560 0.572073
4 1 0.070262 0.225942 0.083572 0.012690 0.607534
4 0 0.198651 0.234440 0.162224 0.065730 0.338956
4 0 0.175256 0.239986 0.151328 0.053008 0.380422
4 0 0.082893 0.232546 0.093674 0.016257 0.574630
4 1 0.022489 0.169805 0.048676 0.002226 0.756804
4 1 0.028309 0.180895 0.043988 0.003367 0.743441
4 1 0.022391 0.169481 0.081387 0.001887 0.724855
4 1 0.027136 0.179020 0.074666 0.002665 0.716514
4 1 0.034710 0.191492 0.067341 0.004142 0.702315
4 1 0.052491 0.229202 0.075254 0.008479 0.634574
4 1 0.042658 0.234591 0.083008 0.006146 0.633597
4 1 0.029899 0.184027 0.063227 0.003294 0.719553
4 1 0.024863 0.181465 0.087355 0.002260 0.704057
4 4 0.029842 0.180919 0.045490 0.003789 0.739961
4 4 0.032025 0.189780 0.064862 0.003695 0.709638
4 4 0.027860 0.180414 0.070578 0.002832 0.718316
4 4 0.034993 0.191853 0.050846 0.004579 0.717729
4 4 0.020669 0.164851 0.034567 0.002157 0.777755
4 4 0.019906 0.163842 0.083393 0.001541 0.731318
4 4 0.065090 0.284251 0.111833 0.012636 0.526191
4 4 0.025810 0.176556 0.049621 0.002781 0.745233
4 4 0.020471 0.165459 0.054474 0.001839 0.757756
4 4 0.032308 0.187712 0.047977 0.004082 0.727922
4 4 0.032502 0.188149 0.068695 0.003690 0.706964
4 4 0.083711 0.232906 0.094305 0.016500 0.572577
4 4 0.046049 0.205937 0.062928 0.006783 0.678303
4 4 0.041254 0.225062 0.116265 0.005184 0.612236
4 4 0.028810 0.181777 0.044127 0.003463 0.741823
4 4 0.033098 0.188965 0.048828 0.004226 0.724883
4 4 0.040285 0.192279 0.157572 0.004158 0.605706
4 4 0.022545 0.093046 0.043749 0.011440 0.829221
4 4 0.018626 0.070423 0.040158 0.015063 0.855729
4 4 0.067189 0.291597 0.117958 0.013414 0.509842
4 4 0.042607 0.201508 0.079583 0.005546 0.670756
4 4 0.046711 0.204182 0.062877 0.007190 0.679040
4 4 0.033091 0.195477 0.076397 0.003772 0.691263
4 4 0.028981 0.182401 0.069112 0.003043 0.716463
4 4 0.065885 0.223135 0.079905 0.011533 0.619542
4 0 0.111427 0.241184 0.114245 0.025560 0.507585
4 0 0.183776 0.238241 0.155458 0.057455 0.365069
4 0 0.181094 0.238825 0.154178 0.056032 0.369870
0 0 0.257802 0.210323 0.183298 0.106611 0.241965
0 0 0.285930 0.193644 0.189582 0.132317 0.198528
0 0 0.285930 0.193644 0.189582 0.132317 0.198528
4 0 0.111163 0.241136 0.114067 0.025466 0.508168
4 0 0.203338 0.233049 0.164238 0.068481 0.330895
4 1 0.089172 0.235118 0.098452 0.018157 0.559101
4 1 0.052123 0.212119 0.067723 0.008165 0.659870
4 0 0.096697 0.257649 0.117018 0.021390 0.507246
4 1 0.032685 0.188244 0.076113 0.003611 0.699348
4 1 0.024723 0.174622 0.062180 0.002414 0.736062
4 2 0.032400 0.217828 0.161761 0.003283 0.584728
4 2 0.024501 0.165108 0.194948 0.001717 0.613726
2 2 0.035594 0.197278 0.532396 0.004135 0.230597
2 2 0.010112 0.037770 0.945210 0.002687 0.004220
2 2 0.030832 0.166684 0.567028 0.002988 0.232468
4 2 0.030329 0.215008 0.171773 0.002915 0.579974
2 2 0.011221 0.063361 0.890830 0.001169 0.033419
2 2 0.017417 0.100771 0.818492 0.002001 0.061320
2 2 0.018984 0.098020 0.845805 0.003177 0.034014
4 2 0.028614 0.191142 0.128734 0.002605 0.648906
2 2 0.010695 0.034952 0.946100 0.002247 0.006006
2 2 0.007821 0.020527 0.966098 0.001329 0.004226
2 2 0.009206 0.034341 0.947286 0.001547 0.007620
2 2 0.018860 0.071932 0.873121 0.002668 0.033420
2 2 0.006953 0.024236 0.961612 0.000964 0.006235
2 2 0.014686 0.071684 0.851474 0.001292 0.060863
2 2 0.011406 0.034466 0.946930 0.003319 0.003879
0 0 0.283098 0.195494 0.189080 0.129475 0.202853
4 1 0.025839 0.179255 0.056421 0.002703 0.735782
2 2 0.017358 0.088204 0.866760 0.003206 0.024471
2 2 0.014565 0.075533 0.888808 0.002709 0.018385
2 2 0.018922 0.104240 0.813261 0.002303 0.061274
2 2 0.034546 0.170415 0.535263 0.003425 0.256351
2 2 0.023001 0.111592 0.818699 0.003945 0.042764
2 2 0.013748 0.050887 0.919680 0.002445 0.013240
2 2 0.020476 0.128729 0.708063 0.001813 0.140918
2 2 0.042304 0.241758 0.411987 0.005528 0.298422
2 2 0.008012 0.024725 0.962307 0.001834 0.003124
2 2 0.023876 0.159133 0.708155 0.003026 0.105809
2 1 0.099467 0.226849 0.535601 0.031667 0.106415
4 2 0.069224 0.253538 0.207423 0.011337 0.458478
2 1 0.052923 0.273573 0.333512 0.008247 0.331746
2 2 0.011198 0.021474 0.957928 0.003137 0.006263
2 2 0.016926 0.061551 0.906956 0.004297 0.010270
2 2 0.015047 0.063081 0.897486 0.002296 0.022091
2 2 0.008845 0.025315 0.960416 0.002650 0.002773
2 2 0.014851 0.067176 0.887786 0.002012 0.028175
2 2 0.010125 0.031774 0.951277 0.002962 0.003861
2 2 0.013754 0.032287 0.944583 0.004134 0.005242
2 2 0.025490 0.046709 0.904201 0.005220 0.018380
2 2 0.020803 0.118251 0.806346 0.003156 0.051444
2 2 0.008960 0.021488 0.962906 0.003765 0.002880
2 2 0.017816 0.052511 0.914513 0.004036 0.011124
2 1 0.031452 0.060892 0.880549 0.015925 0.011183
2 2 0.015371 0.052139 0.920284 0.003874 0.008332
2 2 0.014880 0.035748 0.939518 0.003577 0.006276
2 2 0.014407 0.038634 0.938120 0.004423 0.004417
2 0 0.053901 0.168368 0.720374 0.018755 0.038602
4 1 0.028206 0.180719 0.081422 0.002768 0.706884
2 2 0.005419 0.014595 0.976304 0.001686 0.001997
2 2 0.022686 0.158755 0.660733 0.002267 0.155559
2 2 0.039988 0.215077 0.436558 0.004639 0.303738
2 2 0.012496 0.057263 0.901697 0.001468 0.027076
2 2 0.010803 0.035248 0.946224 0.002847 0.004879
2 2 0.008000 0.041925 0.933783 0.000914 0.015378
2 2 0.009533 0.028577 0.955125 0.001955 0.004811
2 2 0.009504 0.036157 0.945810 0.001799 0.006730
2 2 0.077623 0.203032 0.538543 0.015880 0.164921
2 1 0.039828 0.270461 0.408393 0.005666 0.275652
2 2 0.048919 0.180007 0.693218 0.012351 0.065505
2 2 0.016736 0.086199 0.851658 0.002125 0.043283
4 1 0.207494 0.231739 0.165976 0.070981 0.323809
4 1 0.039228 0.197759 0.055232 0.005400 0.702382
2 2 0.032836 0.171691 0.725173 0.006788 0.063513
2 2 0.019689 0.062908 0.900351 0.004883 0.012170
2 2 0.018394 0.046371 0.921708 0.008155 0.005372
4 1 0.045717 0.258171 0.240615 0.006031 0.449467
4 0 0.226605 0.224815 0.173385 0.083267 0.291927
4 0 0.251337 0.213657 0.181480 0.101388 0.252138
4 0 0.126604 0.243081 0.124098 0.031222 0.474995
4 1 0.079100 0.280741 0.120431 0.016659 0.503069
4 1 0.041601 0.253811 0.103863 0.005929 0.594796
2 1 0.055129 0.332205 0.345078 0.011237 0.256351
4 1 0.027494 0.209697 0.121705 0.002662 0.638443
4 1 0.032607 0.217302 0.142137 0.003396 0.604558
4 1 0.068756 0.267214 0.104706 0.013245 0.546079
4 2 0.033733 0.235985 0.301625 0.003536 0.425121
2 2 0.019380 0.091767 0.853079 0.003238 0.032535
2 2 0.005217 0.013966 0.977015 0.002225 0.001578
2 1 0.040142 0.292912 0.470948 0.007178 0.188820
2 2 0.033777 0.181735 0.654332 0.004971 0.125185
2 2 0.010623 0.029064 0.953754 0.002968 0.003591
2 2 0.010732 0.032452 0.949169 0.002908 0.004740
2 2 0.011783 0.029157 0.951116 0.002487 0.005457
2 2 0.006154 0.018152 0.971459 0.002699 0.001535
2 2 0.010540 0.021782 0.959407 0.003501 0.004770
2 2 0.010648 0.027381 0.955032 0.002453 0.004487
2 2 0.020565 0.062019 0.903368 0.007732 0.006316
2 2 0.017383 0.048569 0.913789 0.002832 0.017428
2 2 0.014485 0.028791 0.944344 0.007623 0.004758
2 2 0.009508 0.022911 0.957813 0.007875 0.001893
2 2 0.008161 0.021314 0.964224 0.004265 0.002037
2 2 0.009361 0.017894 0.960027 0.010604 0.002115
2 2 0.007816 0.013980 0.969947 0.005441 0.002816
2 2 0.011501 0.012235 0.937662 0.033245 0.005357
2 2 0.016998 0.044410 0.925765 0.003948 0.008879
2 2 0.013303 0.022384 0.942953 0.018425 0.002935
2 2 0.010957 0.022549 0.955584 0.008010 0.002899
2 2 0.013204 0.025376 0.947153 0.010834 0.003434
2 2 0.012498 0.034661 0.944641 0.005102 0.003098
2 2 0.010733 0.025067 0.955417 0.005904 0.002879
2 2 0.010423 0.023083 0.957978 0.005320 0.003196
2 2 0.007461 0.018194 0.966968 0.005772 0.001606
2 2 0.018487 0.034362 0.927248 0.015206 0.004697
2 2 0.007634 0.020883 0.965777 0.003859 0.001847
2 2 0.011652 0.024649 0.954307 0.003273 0.006120
2 2 0.013797 0.031633 0.944909 0.003263 0.006398
2 2 0.009337 0.014002 0.949396 0.025259 0.002006
2 2 0.014875 0.034565 0.938797 0.007035 0.004727
2 2 0.005798 0.010701 0.973480 0.008774 0.001247
2 2 0.007762 0.011706 0.961019 0.017660 0.001852
2 2 0.010671 0.013323 0.929041 0.044132 0.002833
2 2 0.024702 0.062048 0.894331 0.007277 0.011642
2 2 0.011301 0.012812 0.927344 0.045001 0.003541
2 2 0.014437 0.050838 0.924668 0.005236 0.004821
2 2 0.015639 0.025799 0.932896 0.021872 0.003794
2 2 0.019933 0.042792 0.916902 0.016318 0.004054
2 2 0.012348 0.022698 0.949022 0.013000 0.002932
2 3 0.008610 0.021511 0.962363 0.005549 0.001967
2 2 0.020495 0.090547 0.860360 0.004147 0.024452
2 2 0.010054 0.026281 0.957164 0.002317 0.004184
2 2 0.008500 0.019005 0.963480 0.007096 0.001919
2 2 0.096991 0.112568 0.688550 0.038725 0.063165
2 0 0.223668 0.250702 0.265170 0.113727 0.146733
4 1 0.051070 0.280101 0.159573 0.008007 0.501249
2 2 0.030081 0.149593 0.702902 0.003926 0.113498
2 1 0.028171 0.154623 0.778664 0.007863 0.030678
2 2 0.033736 0.081876 0.860171 0.013311 0.010905
2 2 0.030442 0.207355 0.600630 0.004106 0.157467
4 2 0.057871 0.263654 0.182415 0.009013 0.487048
4 1 0.141034 0.273044 0.161022 0.040281 0.384619
4 1 0.048733 0.274190 0.113033 0.007852 0.556193
2 1 0.026913 0.142864 0.777599 0.005409 0.047215
2 2 0.050727 0.173735 0.680433 0.011019 0.084086
4 1 0.073826 0.228018 0.086493 0.013662 0.598001
4 1 0.052143 0.270735 0.124940 0.008414 0.543768
4 1 0.035277 0.237427 0.175200 0.003931 0.548166
2 2 0.022299 0.128572 0.819646 0.005869 0.023614
2 2 0.015652 0.053117 0.919484 0.004310 0.007437
2 2 0.009871 0.032310 0.951712 0.002741 0.003365
4 1 0.075382 0.281080 0.117852 0.015535 0.510151
2 2 0.025376 0.132477 0.782564 0.004321 0.055262
2 2 0.010699 0.055594 0.914438 0.001490 0.017778
2 2 0.022666 0.135171 0.753595 0.002867 0.085701
4 2 0.032913 0.225406 0.278180 0.003264 0.460236
2 2 0.024650 0.136294 0.748880 0.003229 0.086947
4 2 0.045035 0.294188 0.260780 0.006674 0.393323
2 2 0.007654 0.039306 0.945467 0.001459 0.006114
2 2 0.029878 0.181225 0.679682 0.004581 0.104634
2 2 0.013847 0.053722 0.920417 0.003289 0.008725
2 2 0.007074 0.025781 0.959838 0.001017 0.006290
2 2 0.035350 0.226415 0.470588 0.004241 0.263406
2 2 0.035455 0.162262 0.740593 0.008115 0.053575
2 2 0.019631 0.079326 0.882398 0.005212 0.013433
2 2 0.026467 0.161987 0.716011 0.003858 0.091677
2 2 0.010564 0.049707 0.928240 0.002024 0.009465
4 2 0.046477 0.231047 0.136650 0.006096 0.579730
2 2 0.032018 0.208982 0.500324 0.003514 0.255163
2 2 0.008958 0.031285 0.954366 0.002664 0.002727
2 2 0.045778 0.285592 0.375608 0.007188 0.285834
2 2 0.031592 0.166329 0.694197 0.004751 0.103131
2 2 0.044338 0.273121 0.381772 0.006545 0.294224
4 1 0.102008 0.311526 0.164321 0.026382 0.395763
4 1 0.104686 0.333299 0.190808 0.029462 0.341745
4 1 0.065553 0.235458 0.085767 0.011696 0.601526
4 1 0.069157 0.324681 0.185361 0.014486 0.406315
4 1 0.053517 0.277648 0.106197 0.009286 0.553352
2 1 0.042819 0.218446 0.582279 0.007226 0.149230
2 2 0.065927 0.313881 0.482511 0.020289 0.117393
4 2 0.035699 0.225448 0.314008 0.003713 0.421133
1 1 0.073752 0.347240 0.246583 0.017405 0.315019
4 1 0.045395 0.243166 0.098098 0.006630 0.606712
2 2 0.032802 0.175009 0.686699 0.005267 0.100223
2 2 0.025600 0.124356 0.805419 0.005156 0.039469
2 2 0.041350 0.264963 0.374966 0.005639 0.313082
2 2 0.016225 0.072440 0.893447 0.003616 0.014272
4 1 0.062908 0.272968 0.153132 0.010851 0.500141
2 2 0.044376 0.251178 0.409859 0.006186 0.288401
2 2 0.042411 0.216887 0.624269 0.008457 0.107975
2 2 0.020127 0.114122 0.808021 0.002834 0.054895
2 2 0.010015 0.036827 0.945732 0.002325 0.005102
4 2 0.038907 0.278683 0.337300 0.005237 0.339873
2 0 0.248622 0.194328 0.251726 0.094159 0.211165
4 4 0.122622 0.267323 0.141491 0.031494 0.437070
4 4 0.040144 0.234370 0.185622 0.004678 0.535186
4 4 0.038671 0.249628 0.200188 0.004612 0.506900
4 4 0.029046 0.207406 0.183299 0.002631 0.577619
4 4 0.034893 0.192418 0.142891 0.003428 0.626369
4 4 0.033117 0.189172 0.058023 0.004010 0.715679
4 4 0.040759 0.220664 0.162146 0.004667 0.571763
4 4 0.059290 0.218309 0.074197 0.009867 0.638336
4 4 0.022178 0.169179 0.075885 0.001897 0.730861
4 4 0.060712 0.219415 0.075447 0.010218 0.634209
4 4 0.132633 0.208873 0.133861 0.050250 0.474383
4 4 0.062452 0.220718 0.076962 0.010654 0.629214
4 4 0.048444 0.254067 0.146006 0.006909 0.544574
4 4 0.025233 0.149068 0.042063 0.004377 0.779258
4 4 0.050390 0.210452 0.066112 0.007771 0.665274
4 4 0.027187 0.178785 0.042292 0.003187 0.748549
4 4 0.069104 0.225228 0.082611 0.012380 0.610677
4 4 0.044154 0.203818 0.060147 0.006410 0.685471
4 4 0.025917 0.161637 0.041959 0.003752 0.766735
4 4 0.048538 0.180025 0.067488 0.010930 0.693020
4 4 0.046468 0.206403 0.062392 0.006905 0.677833
4 4 0.030588 0.184877 0.046101 0.003774 0.734661
4 4 0.043332 0.202861 0.059340 0.006238 0.688230
4 4 0.036889 0.194584 0.052829 0.004941 0.710758
4 4 0.085406 0.241325 0.100073 0.017256 0.555939
4 4 0.029934 0.183910 0.073815 0.003148 0.709194
4 4 0.030663 0.185255 0.066839 0.003377 0.713865
4 4 0.100688 0.238799 0.106835 0.021856 0.531822
4 4 0.026355 0.177555 0.075762 0.002527 0.717800
4 4 0.026383 0.123579 0.046080 0.007854 0.796104
4 4 0.019692 0.120204 0.036467 0.004422 0.819215
4 4 0.062199 0.197475 0.079573 0.014279 0.646474
4 4 0.029426 0.182871 0.044814 0.003570 0.739320
4 4 0.066508 0.223553 0.080432 0.011695 0.617812
4 4 0.031098 0.185734 0.046661 0.003864 0.732643
4 4 0.035106 0.191912 0.073896 0.004104 0.694982
4 4 0.043702 0.203294 0.059703 0.006315 0.686987
4 4 0.033092 0.188956 0.048822 0.004225 0.724906
4 4 0.048519 0.208570 0.064350 0.007354 0.671207
4 4 0.045880 0.220268 0.120494 0.005929 0.607430
4 4 0.075603 0.228988 0.087928 0.014157 0.593323
4 4 0.049034 0.209097 0.064837 0.007468 0.669564
4 1 0.135925 0.243494 0.129813 0.034954 0.455815
4 4 0.043191 0.231235 0.097729 0.005924 0.621922
4 4 0.078062 0.230062 0.092361 0.014736 0.584778
0 0 0.285930 0.193644 0.189582 0.132317 0.198528
4 0 0.195971 0.235194 0.161047 0.064188 0.343600
4 0 0.171024 0.240730 0.149208 0.050875 0.388162
4 0 0.150982 0.243093 0.138535 0.041411 0.425979
4 0 0.181532 0.238732 0.154389 0.056263 0.369084
4 0 0.115484 0.241850 0.116948 0.027024 0.498694
4 0 0.132914 0.243419 0.127994 0.033727 0.461946
4 4 0.071211 0.226513 0.084356 0.012946 0.604975
4 4 0.074322 0.310356 0.184448 0.015510 0.415364
4 4 0.073023 0.252921 0.099451 0.014066 0.560539
4 0 0.216515 0.228655 0.169594 0.076612 0.308624
4 1 0.080823 0.231602 0.092065 0.015650 0.579859
4 1 0.068604 0.239241 0.089439 0.012556 0.590160
4 1 0.030997 0.185565 0.046550 0.003846 0.733042
4 1 0.033396 0.189393 0.073932 0.003776 0.699504
4 1 0.030546 0.203030 0.142799 0.002927 0.620698
4 1 0.036894 0.230820 0.167087 0.004142 0.561057
4 1 0.130447 0.249276 0.131343 0.033213 0.455720
4 0 0.228456 0.232571 0.190355 0.089247 0.259371
4 1 0.045157 0.251834 0.179686 0.005952 0.517371
4 1 0.038001 0.220812 0.133270 0.004378 0.603538
2 1 0.043928 0.272986 0.354969 0.006269 0.321848
4 1 0.042102 0.263322 0.331948 0.005557 0.357071
4 2 0.030047 0.184934 0.122084 0.002770 0.660166
4 2 0.027836 0.179591 0.204782 0.002184 0.585608
2 2 0.053262 0.274545 0.361776 0.008586 0.301830
2 2 0.033855 0.197631 0.464536 0.003432 0.300546
2 2 0.033722 0.174228 0.597771 0.003866 0.190414
4 2 0.057135 0.278562 0.205630 0.009171 0.449502
1 1 0.069957 0.340926 0.298268 0.016235 0.274614
4 1 0.031509 0.208936 0.238714 0.002891 0.517951
2 2 0.015088 0.062996 0.906710 0.003376 0.011830
2 1 0.048708 0.268632 0.472310 0.008697 0.201653
2 2 0.013837 0.048992 0.924361 0.002885 0.009924
2 2 0.015666 0.063721 0.901250 0.002934 0.016429
2 2 0.010907 0.026693 0.954987 0.003440 0.003972
2 2 0.015713 0.080844 0.881290 0.003073 0.019079
2 2 0.009362 0.027149 0.957079 0.001937 0.004472
2 1 0.044048 0.242849 0.457390 0.006322 0.249392
2 2 0.007414 0.020572 0.967165 0.001394 0.003455
2 2 0.018357 0.097148 0.849100 0.003106 0.032289
2 2 0.014249 0.047373 0.927022 0.003382 0.007974
2 2 0.015241 0.066343 0.898647 0.002829 0.016940
4 1 0.073458 0.318876 0.215069 0.015544 0.377052
2 2 0.011444 0.035455 0.944553 0.002484 0.006063
2 2 0.021298 0.098036 0.846204 0.004017 0.030444
2 2 0.010147 0.028798 0.954970 0.002641 0.003444
2 2 0.018213 0.088801 0.868053 0.003771 0.021161
2 1 0.023823 0.104288 0.833557 0.004607 0.033725
2 2 0.019719 0.057999 0.903539 0.004191 0.014551
2 0 0.184987 0.204846 0.437352 0.100155 0.072659
4 1 0.103016 0.275333 0.134073 0.024463 0.463115
4 1 0.037192 0.227745 0.126940 0.004389 0.603733
4 1 0.025364 0.186484 0.194256 0.001972 0.591925
4 1 0.026545 0.176289 0.109634 0.002293 0.685240
2 1 0.039093 0.244847 0.400144 0.004891 0.311025
2 2 0.022373 0.155889 0.617333 0.001916 0.202490
4 2 0.045710 0.255076 0.105301 0.006834 0.587078
2 2 0.024733 0.126772 0.774192 0.003503 0.070800
2 2 0.005648 0.015334 0.975024 0.002287 0.001707
2 2 0.010035 0.032133 0.948633 0.001709 0.007490
2 2 0.008814 0.026010 0.957871 0.001472 0.005833
2 2 0.006425 0.021406 0.968598 0.001680 0.001891
2 2 0.005320 0.016840 0.974397 0.002131 0.001312
2 2 0.006003 0.018164 0.972042 0.001127 0.002664
2 2 0.011825 0.025449 0.953751 0.004440 0.004536
2 2 0.009118 0.036380 0.938889 0.001058 0.014555
2 2 0.005576 0.016566 0.974265 0.000974 0.002619
2 2 0.009186 0.026389 0.958916 0.002261 0.003248
2 2 0.009986 0.025858 0.955633 0.001580 0.006942
2 2 0.006948 0.018946 0.969535 0.002223 0.002347
2 2 0.016217 0.053553 0.899724 0.002001 0.028503
2 2 0.005169 0.011441 0.978147 0.003822 0.001421
2 2 0.007011 0.015985 0.971400 0.003190 0.002414
2 2 0.017120 0.032954 0.936084 0.007248 0.006595
2 2 0.015685 0.066294 0.898514 0.002995 0.016513
2 2 0.014532 0.032864 0.941739 0.004561 0.006304
2 2 0.005892 0.014521 0.974584 0.003406 0.001596
2 2 0.007671 0.016599 0.964736 0.009583 0.001410
2 2 0.014965 0.036106 0.938672 0.005635 0.004622
2 2 0.007100 0.014270 0.968985 0.008073 0.001573
2 2 0.010775 0.020865 0.956651 0.008813 0.002896
2 2 0.013539 0.031449 0.943451 0.008327 0.003234
2 2 0.022050 0.079533 0.880313 0.006920 0.011184
2 2 0.035012 0.196521 0.686043 0.007362 0.075062
2 2 0.009562 0.024988 0.959190 0.002087 0.004173
2 2 0.008803 0.027182 0.958161 0.003983 0.001871
2 2 0.011773 0.025171 0.953613 0.005515 0.003928
2 2 0.009640 0.022149 0.959981 0.005633 0.002598
2 2 0.012557 0.030357 0.947055 0.006938 0.003092
2 2 0.009265 0.020785 0.961637 0.005836 0.002477
2 2 0.007895 0.015186 0.965822 0.009317 0.001780
2 2 0.013383 0.025995 0.945570 0.011796 0.003255
2 2 0.025725 0.046115 0.907398 0.010273 0.010490
2 2 0.032825 0.089566 0.850443 0.011501 0.015665
2 1 0.033818 0.190865 0.697467 0.007109 0.070741
2 2 0.009823 0.028267 0.955688 0.003625 0.002597
2 2 0.014735 0.037870 0.938002 0.003993 0.005399
2 2 0.007513 0.016397 0.968706 0.005388 0.001997
2 2 0.012978 0.030921 0.945177 0.007884 0.003040
2 2 0.016029 0.040127 0.933692 0.004557 0.005596
2 2 0.012078 0.030593 0.947623 0.002168 0.007538
2 2 0.005375 0.012893 0.977584 0.002198 0.001950
2 2 0.010469 0.026376 0.956225 0.002977 0.003953
2 2 0.026299 0.176169 0.662645 0.003287 0.131601
2 2 0.015747 0.040344 0.934055 0.004668 0.005187
2 2 0.005360 0.010697 0.977742 0.004683 0.001519
2 2 0.006413 0.013153 0.972241 0.006701 0.001491
2 3 0.004939 0.010683 0.977675 0.005649 0.001054
2 2 0.015029 0.069955 0.899690 0.003574 0.011753
2 2 0.008878 0.020045 0.962796 0.006026 0.002255
2 2 0.014746 0.039077 0.937085 0.004486 0.004606
2 2 0.020462 0.098141 0.847448 0.003815 0.030134
2 1 0.155122 0.232711 0.413459 0.055815 0.142893
2 1 0.050833 0.274813 0.519655 0.011163 0.143535
2 2 0.007011 0.020725 0.967817 0.002483 0.001963
2 2 0.008317 0.026604 0.960356 0.002453 0.002271
2 2 0.012774 0.035508 0.944007 0.003858 0.003854
2 1 0.068452 0.232328 0.578409 0.018639 0.102172
1 1 0.101882 0.357003 0.244912 0.031454 0.264750
4 1 0.024200 0.185384 0.172134 0.001871 0.616411
2 2 0.009782 0.031425 0.952272 0.002325 0.004196
2 2 0.013925 0.063749 0.908054 0.003139 0.011133
2 1 0.048993 0.262546 0.557092 0.011247 0.120121
2 2 0.015366 0.049431 0.923677 0.004005 0.007521
2 2 0.009280 0.037703 0.943462 0.001604 0.007952
2 2 0.006517 0.016454 0.969548 0.006302 0.001178
4 0 0.155211 0.216553 0.146695 0.058036 0.423505
1 0 0.195984 0.274079 0.237893 0.082073 0.209971
4 1 0.026951 0.179309 0.104787 0.002401 0.686551
4 1 0.040754 0.282513 0.229256 0.005509 0.441968
4 1 0.048858 0.293725 0.303146 0.007685 0.346586
4 1 0.042484 0.241498 0.278745 0.005088 0.432186
4 1 0.044137 0.259508 0.161896 0.005995 0.528463
2 1 0.040977 0.228608 0.448469 0.005208 0.276737
2 2 0.022266 0.079233 0.874102 0.004995 0.019404
2 2 0.007459 0.022672 0.963943 0.001226 0.004700
2 1 0.045839 0.294897 0.449581 0.008534 0.201149
4 1 0.058676 0.323668 0.130276 0.011742 0.475638
2 2 0.026008 0.137500 0.723240 0.003066 0.110186
2 2 0.011703 0.049643 0.919885 0.001630 0.017139
4 4 0.031052 0.185893 0.066384 0.003456 0.713215
4 4 0.008321 0.077674 0.019936 0.001939 0.892130
4 4 0.016525 0.084772 0.034677 0.007280 0.856746
4 4 0.012834 0.080951 0.028418 0.004647 0.873149
4 4 0.033258 0.189914 0.078397 0.003696 0.694736
4 4 0.021306 0.153724 0.039014 0.002722 0.783234
4 4 0.018908 0.118747 0.035376 0.004168 0.822801
4 4 0.035312 0.244578 0.191636 0.003979 0.524495
4 4 0.029780 0.182195 0.104905 0.002812 0.680309
4 4 0.042546 0.201927 0.058563 0.006074 0.690890
4 4 0.030064 0.183982 0.045523 0.003681 0.736749
4 4 0.038308 0.196482 0.068057 0.004868 0.692287
4 4 0.086312 0.225305 0.164707 0.014921 0.508754
1 0 0.180653 0.289359 0.245122 0.074117 0.210748
4 4 0.034850 0.210295 0.118493 0.003814 0.632548
4 4 0.015725 0.152977 0.046192 0.001252 0.783855
4 4 0.032437 0.193577 0.126306 0.003178 0.644501
4 4 0.032711 0.211719 0.215185 0.003118 0.537266
4 4 0.021675 0.167944 0.046487 0.002125 0.761769
4 4 0.025538 0.184343 0.066984 0.002569 0.720567
4 4 0.033390 0.189421 0.049142 0.004280 0.723767
4 4 0.029499 0.188026 0.062773 0.003285 0.716417
4 4 0.037796 0.195841 0.053767 0.005117 0.707478
4 4 0.025489 0.170557 0.040700 0.003136 0.760119
4 4 0.031684 0.180261 0.047834 0.004361 0.735859
4 4 0.032736 0.188395 0.048439 0.004160 0.726271
4 4 0.034843 0.189669 0.050856 0.004678 0.719954
4 4 0.017448 0.094875 0.035207 0.006183 0.846287
4 4 0.038686 0.197041 0.054679 0.005292 0.704301
4 4 0.039777 0.198474 0.055789 0.005509 0.700451
4 4 0.033166 0.154259 0.052095 0.007277 0.753203
4 4 0.006450 0.051527 0.017882 0.003042 0.921099
4 4 0.033956 0.129122 0.055903 0.012138 0.768881
4 4 0.052325 0.268869 0.093616 0.009017 0.576173
4 4 0.018678 0.154076 0.032434 0.002058 0.792754
4 4 0.026109 0.123981 0.045644 0.007612 0.796654
4 4 0.022901 0.136014 0.039889 0.004489 0.796707
4 4 0.016708 0.127775 0.031240 0.002617 0.821660
4 4 0.011571 0.090849 0.025252 0.002749 0.869579
4 4 0.038239 0.152557 0.058649 0.010181 0.740375
4 4 0.029997 0.102711 0.053800 0.016601 0.796892
4 4 0.020378 0.099568 0.039530 0.007719 0.832806
4 4 0.067409 0.224146 0.081192 0.011931 0.615322
4 4 0.025604 0.176269 0.069704 0.002471 0.725952
4 4 0.025154 0.172535 0.126457 0.002013 0.673841
4 4 0.023791 0.172698 0.055155 0.002350 0.746006
4 4 0.046129 0.206034 0.062065 0.006832 0.678939
4 4 0.030824 0.190233 0.139408 0.002845 0.636690
4 4 0.036151 0.222989 0.163527 0.003927 0.573407
4 4 0.038790 0.224394 0.309610 0.004186 0.423020
4 2 0.045656 0.288996 0.255352 0.006690 0.403306
4 2 0.050870 0.332630 0.228741 0.009117 0.378641
4 2 0.042413 0.259537 0.206799 0.005461 0.485791
2 2 0.047055 0.274481 0.377842 0.007190 0.293432
4 2 0.045647 0.316782 0.276967 0.007403 0.353201
4 2 0.031091 0.222384 0.261656 0.002965 0.481904
2 2 0.045224 0.311726 0.342411 0.007531 0.293108
2 2 0.047241 0.250931 0.480963 0.007703 0.213162
4 2 0.047605 0.290650 0.229930 0.007169 0.424646
4 2 0.040876 0.269464 0.333454 0.005441 0.350766
4 2 0.042198 0.257277 0.274257 0.005327 0.420941
2 0 0.230085 0.187652 0.297704 0.079138 0.205421
4 0 0.179178 0.239223 0.153253 0.055030 0.373316
4 1 0.053925 0.290293 0.146130 0.009120 0.500531
4 1 0.049842 0.286960 0.253499 0.007600 0.402099
4 1 0.038489 0.261989 0.242011 0.004708 0.452803
4 1 0.049545 0.298742 0.262147 0.007854 0.381712
4 1 0.028857 0.201838 0.202697 0.002514 0.564094
2 2 0.008087 0.022732 0.964108 0.001691 0.003382
2 2 0.023926 0.092173 0.831945 0.003471 0.048485
2 2 0.030944 0.189799 0.488684 0.002976 0.287597
0 0 0.280259 0.200391 0.205646 0.136278 0.177427
0 1 0.258625 0.209886 0.183520 0.107292 0.240677
4 1 0.092392 0.236275 0.100844 0.019163 0.551327
4 1 0.041842 0.207987 0.147452 0.004727 0.597992
2 2 0.042147 0.204074 0.557727 0.005956 0.190095
2 2 0.038425 0.165934 0.723195 0.008326 0.064120
2 2 0.014709 0.068956 0.903134 0.003991 0.009210
2 2 0.008291 0.027357 0.959288 0.002104 0.002960
2 2 0.016086 0.081009 0.865376 0.002188 0.035341
2 2 0.013754 0.047960 0.926064 0.002947 0.009275
4 1 0.071070 0.241139 0.187907 0.011425 0.488459
2 2 0.026141 0.107700 0.804855 0.003907 0.057397
4 1 0.199264 0.234263 0.162490 0.066085 0.337897
2 2 0.020621 0.091724 0.859758 0.004308 0.023589
2 2 0.011879 0.044052 0.936098 0.003629 0.004342
2 2 0.010595 0.038726 0.943426 0.002833 0.004420
2 2 0.009896 0.031887 0.951534 0.002329 0.004354
2 2 0.006922 0.021100 0.967893 0.001548 0.002537
2 2 0.010250 0.029251 0.954377 0.002728 0.003393
2 2 0.007334 0.026264 0.960903 0.001411 0.004088
2 2 0.006854 0.022641 0.966547 0.002209 0.001749
2 2 0.009356 0.031648 0.953422 0.002870 0.002704
2 2 0.009162 0.028730 0.956041 0.002077 0.003989
2 2 0.013122 0.032610 0.945691 0.003073 0.005504
2 2 0.007713 0.029179 0.955809 0.001265 0.006034
2 2 0.011837 0.038133 0.940918 0.002597 0.006515
2 2 0.011282 0.035905 0.945292 0.002895 0.004627
2 2 0.018364 0.043852 0.923616 0.004047 0.010122
2 0 0.058223 0.122058 0.741447 0.012593 0.065678
2 1 0.122017 0.264988 0.476612 0.058404 0.077979
2 2 0.007791 0.024651 0.963127 0.002114 0.002317
2 2 0.008778 0.029436 0.953965 0.001488 0.006333
2 2 0.005011 0.013938 0.977135 0.002674 0.001242
2 2 0.005444 0.013330 0.975948 0.003990 0.001288
2 2 0.010018 0.027722 0.956120 0.002422 0.003718
2 2 0.007240 0.015678 0.969725 0.005297 0.002059
2 2 0.007108 0.013915 0.970206 0.006960 0.001811
2 2 0.005968 0.012122 0.973300 0.007329 0.001280
2 2 0.013433 0.021872 0.943043 0.018544 0.003109
2 2 0.009084 0.020265 0.961509 0.006999 0.002143
2 2 0.007252 0.012763 0.969016 0.009104 0.001866
2 2 0.010901 0.021066 0.952990 0.012744 0.002300
2 2 0.013652 0.032360 0.944441 0.005133 0.004415
2 2 0.006559 0.013264 0.969735 0.009170 0.001272
2 2 0.019925 0.025187 0.915131 0.032866 0.006891
2 3 0.014824 0.028395 0.933969 0.020128 0.002685
2 3 0.015769 0.027485 0.937898 0.014463 0.004385
2 0 0.046722 0.192400 0.697793 0.014339 0.048746
2 2 0.014835 0.037178 0.936954 0.007465 0.003568
2 2 0.015262 0.055581 0.918521 0.005128 0.005508
2 2 0.003678 0.009125 0.984181 0.001804 0.001212
2 2 0.013037 0.036872 0.940683 0.002950 0.006458
2 2 0.009012 0.025096 0.960307 0.002021 0.003565
