4 0 0.179515 0.167797 0.080732 0.025819 0.546137
4 0 0.163956 0.197993 0.112610 0.043124 0.482317
4 0 0.251456 0.091287 0.020600 0.006169 0.630488
4 0 0.289986 0.172477 0.074961 0.020177 0.442400
4 0 0.155268 0.151088 0.082677 0.017503 0.593465
4 1 0.147510 0.130999 0.070974 0.011374 0.639143
4 0 0.207951 0.171277 0.069198 0.030088 0.521486
4 0 0.211395 0.134661 0.047552 0.014958 0.591434
4 0 0.162459 0.130746 0.062997 0.011832 0.631966
4 0 0.198931 0.136019 0.052132 0.014783 0.598135
4 1 0.149230 0.160761 0.094858 0.020758 0.574394
4 1 0.129015 0.154289 0.106017 0.017388 0.593290
4 1 0.118825 0.163989 0.127050 0.020568 0.569567
4 1 0.095639 0.171225 0.171332 0.023021 0.538782
4 1 0.085648 0.176345 0.200089 0.025585 0.512333
4 1 0.106361 0.155565 0.133658 0.017004 0.587412
4 1 0.113757 0.170275 0.140554 0.023043 0.552371
4 1 0.122158 0.176918 0.136643 0.026560 0.537721
4 1 0.116314 0.177162 0.144637 0.026433 0.535454
4 1 0.120772 0.156099 0.116321 0.017683 0.589125
4 1 0.103730 0.161665 0.145038 0.019148 0.570419
4 1 0.090617 0.165262 0.173203 0.020348 0.550570
4 1 0.092450 0.164330 0.168222 0.019980 0.555017
4 1 0.103305 0.172166 0.158719 0.023592 0.542219
4 1 0.120181 0.166718 0.128342 0.021748 0.563011
4 1 0.077196 0.171520 0.215106 0.023362 0.512815
4 1 0.060065 0.183646 0.297365 0.033026 0.425899
2 2 0.035289 0.196067 0.461835 0.083418 0.223391
4 2 0.096527 0.196053 0.201005 0.037899 0.468517
2 2 0.036369 0.175389 0.430522 0.039587 0.318133
2 2 0.015232 0.133678 0.622052 0.037858 0.191179
2 2 0.005769 0.062484 0.852173 0.022768 0.056807
2 2 0.006409 0.083059 0.769353 0.029593 0.111585
2 2 0.007471 0.103612 0.735514 0.036173 0.117231
2 2 0.003058 0.052821 0.853854 0.047193 0.043073
2 2 0.010469 0.117624 0.678116 0.030903 0.162889
2 2 0.032288 0.175833 0.467197 0.046830 0.277851
2 2 0.018655 0.144025 0.573561 0.034354 0.229405
2 2 0.016752 0.140860 0.598085 0.036705 0.207598
2 2 0.004697 0.040496 0.796382 0.125033 0.033392
2 2 0.012202 0.118597 0.666226 0.035816 0.167158
2 3 0.019673 0.156568 0.585531 0.096178 0.142050
2 3 0.026246 0.173206 0.520930 0.060184 0.219434
2 3 0.042461 0.139362 0.458866 0.221688 0.137622
2 3 0.025486 0.069792 0.462562 0.382316 0.059843
3 3 0.047393 0.071327 0.283935 0.534293 0.063051
3 3 0.031836 0.052627 0.324826 0.545549 0.045163
3 3 0.037628 0.041390 0.206564 0.679258 0.035159
3 3 0.027417 0.028110 0.192757 0.728400 0.023315
3 3 0.102861 0.102639 0.218691 0.455599 0.120210
3 3 0.014639 0.004964 0.038264 0.938298 0.003835
3 3 0.021415 0.012440 0.088099 0.868081 0.009966
3 3 0.022892 0.011032 0.066681 0.890565 0.008830
3 3 0.024622 0.015249 0.096869 0.850915 0.012345
3 3 0.020954 0.008983 0.055693 0.907238 0.007131
3 3 0.017520 0.006390 0.043147 0.927944 0.004998
3 3 0.019173 0.007024 0.043563 0.924716 0.005525
3 3 0.017642 0.004246 0.022360 0.952459 0.003294
3 3 0.019517 0.006186 0.034734 0.934708 0.004856
3 3 0.017094 0.005760 0.038090 0.934565 0.004491
3 3 0.017138 0.005228 0.032566 0.941000 0.004068
3 3 0.014287 0.004008 0.028328 0.950297 0.003079
3 3 0.024569 0.007428 0.032430 0.929666 0.005907
3 3 0.019547 0.005093 0.025465 0.945913 0.003982
3 3 0.019988 0.004297 0.018740 0.953624 0.003351
3 3 0.013708 0.003665 0.026201 0.953619 0.002806
3 3 0.013361 0.003282 0.022859 0.957992 0.002505
3 3 0.023795 0.007696 0.036034 0.926359 0.006117
3 3 0.014403 0.003049 0.018057 0.962161 0.002330
3 3 0.028648 0.010448 0.043604 0.908878 0.008422
3 3 0.017074 0.005233 0.032805 0.940817 0.004072
3 3 0.021792 0.005757 0.026117 0.941802 0.004532
3 3 0.015176 0.004240 0.028205 0.949109 0.003269
3 3 0.025509 0.007588 0.031636 0.929222 0.006046
3 3 0.024938 0.007922 0.035066 0.925763 0.006312
3 3 0.019550 0.006336 0.035969 0.933169 0.004976
3 3 0.027277 0.008055 0.031314 0.926911 0.006443
3 3 0.014062 0.003705 0.025616 0.953777 0.002840
3 3 0.020042 0.004804 0.022309 0.949089 0.003755
3 3 0.015026 0.003163 0.017933 0.961454 0.002424
3 3 0.017159 0.004717 0.027612 0.946850 0.003663
3 3 0.015957 0.003782 0.021739 0.955606 0.002915
3 3 0.015868 0.003132 0.016195 0.962401 0.002404
3 3 0.014749 0.003542 0.022130 0.956862 0.002718
3 3 0.021048 0.006603 0.034245 0.932899 0.005205
3 3 0.016134 0.004012 0.023477 0.953280 0.003097
3 3 0.013774 0.003237 0.021324 0.959192 0.002473
3 3 0.021343 0.004555 0.018560 0.951977 0.003565
3 3 0.018045 0.003958 0.019283 0.955645 0.003068
3 3 0.016341 0.004156 0.024351 0.951939 0.003212
3 3 0.014879 0.003357 0.020033 0.959158 0.002574
3 3 0.014050 0.003239 0.020692 0.959542 0.002476
3 3 0.017706 0.004875 0.027708 0.945920 0.003792
3 3 0.017099 0.004092 0.022133 0.953507 0.003168
3 3 0.018626 0.004944 0.026186 0.946390 0.003855
3 3 0.017748 0.003610 0.017077 0.958773 0.002792
3 3 0.015542 0.003418 0.019258 0.959155 0.002626
3 3 0.014265 0.003424 0.022087 0.957602 0.002622
3 3 0.014494 0.002426 0.012366 0.968867 0.001847
3 3 0.015856 0.003258 0.017277 0.961106 0.002503
3 3 0.018554 0.004326 0.021293 0.952462 0.003364
3 3 0.016141 0.003793 0.021448 0.955694 0.002925
3 3 0.015658 0.003230 0.017380 0.961253 0.002480
3 3 0.018147 0.003670 0.016933 0.958408 0.002842
3 3 0.017702 0.003801 0.018622 0.956933 0.002942
3 3 0.017048 0.004032 0.021718 0.954083 0.003120
3 3 0.014353 0.002495 0.013146 0.968106 0.001900
3 3 0.015248 0.003193 0.017789 0.961321 0.002448
3 3 0.013587 0.002833 0.017587 0.963835 0.002158
3 3 0.015740 0.003034 0.015590 0.963307 0.002327
3 3 0.016440 0.002556 0.011034 0.968012 0.001958
3 3 0.014959 0.002741 0.014333 0.965873 0.002094
3 3 0.014251 0.002874 0.016699 0.963982 0.002193
3 3 0.015362 0.002872 0.014823 0.964745 0.002198
3 3 0.015394 0.002893 0.014952 0.964545 0.002215
3 3 0.017142 0.003375 0.016183 0.960697 0.002603
3 3 0.014327 0.002518 0.013378 0.967861 0.001917
3 3 0.015847 0.002783 0.013412 0.965827 0.002131
3 3 0.014826 0.002297 0.010925 0.970204 0.001748
3 3 0.015221 0.003270 0.018539 0.960460 0.002509
3 3 0.014641 0.002806 0.015403 0.965007 0.002143
3 3 0.014674 0.002332 0.011374 0.969846 0.001774
3 3 0.015609 0.003679 0.021523 0.956359 0.002831
3 3 0.014583 0.002588 0.013597 0.967259 0.001973
3 3 0.015818 0.002743 0.013141 0.966199 0.002100
3 3 0.017095 0.003685 0.018715 0.957659 0.002846
3 3 0.013929 0.002384 0.012801 0.969074 0.001811
3 3 0.014494 0.002564 0.013524 0.967464 0.001954
3 3 0.014980 0.002775 0.014590 0.965535 0.002120
3 3 0.014884 0.002641 0.013610 0.966849 0.002016
3 3 0.015047 0.002469 0.011996 0.968606 0.001883
3 3 0.014462 0.002239 0.010896 0.970702 0.001701
3 3 0.015220 0.002337 0.010774 0.969889 0.001781
3 3 0.016722 0.003141 0.014988 0.962732 0.002417
3 3 0.015424 0.002597 0.012521 0.967473 0.001985
3 3 0.015161 0.002423 0.011500 0.969067 0.001848
3 3 0.014356 0.002031 0.009412 0.972661 0.001540
3 3 0.012563 0.001992 0.011258 0.972686 0.001502
3 3 0.014431 0.001992 0.009044 0.973024 0.001510
3 3 0.015030 0.002484 0.012139 0.968452 0.001895
3 3 0.015440 0.002157 0.009249 0.971512 0.001642
3 3 0.012937 0.001962 0.010492 0.973127 0.001481
3 3 0.012802 0.001897 0.010093 0.973779 0.001430
3 3 0.015227 0.002567 0.012534 0.967712 0.001960
3 3 0.015963 0.002982 0.014828 0.963940 0.002288
3 3 0.014617 0.002397 0.011968 0.969193 0.001825
3 3 0.014796 0.002783 0.014949 0.965346 0.002126
3 3 0.014920 0.002238 0.010367 0.970772 0.001703
3 3 0.014395 0.002129 0.010117 0.971744 0.001616
3 3 0.013620 0.001921 0.009345 0.973661 0.001452
3 3 0.014541 0.002145 0.010082 0.971602 0.001629
3 3 0.013308 0.001893 0.009467 0.973902 0.001429
3 3 0.015452 0.002474 0.011538 0.968649 0.001888
3 3 0.013251 0.002102 0.011292 0.971765 0.001590
3 3 0.014702 0.002328 0.011310 0.969889 0.001771
3 3 0.015082 0.002524 0.012383 0.968085 0.001926
3 3 0.012711 0.001730 0.008791 0.975468 0.001301
3 3 0.013610 0.002509 0.014413 0.967562 0.001906
3 3 0.011504 0.001589 0.008964 0.976754 0.001189
3 3 0.015438 0.003028 0.016021 0.963192 0.002321
3 3 0.012841 0.002014 0.011075 0.972549 0.001520
3 3 0.012382 0.001634 0.008353 0.976404 0.001227
3 3 0.015268 0.002384 0.011073 0.969457 0.001818
3 3 0.019386 0.004801 0.023479 0.948586 0.003748
3 3 0.016994 0.003171 0.014836 0.962556 0.002442
3 3 0.120543 0.171128 0.221093 0.293327 0.193909
1 2 0.093245 0.252157 0.243771 0.161892 0.248936
2 2 0.078790 0.244560 0.282606 0.141375 0.252670
2 2 0.071727 0.237230 0.305519 0.119823 0.265702
4 2 0.109908 0.253495 0.212947 0.147973 0.275676
4 2 0.154438 0.233643 0.146704 0.083341 0.381873
4 1 0.097752 0.224497 0.228071 0.068888 0.380793
4 1 0.102802 0.221966 0.214775 0.064408 0.396049
4 1 0.052737 0.191325 0.346587 0.043329 0.366021
2 1 0.043480 0.194175 0.406303 0.056696 0.299346
4 1 0.089978 0.194694 0.214382 0.037137 0.463808
4 1 0.067419 0.194389 0.283583 0.040149 0.414459
2 1 0.034260 0.183019 0.460009 0.054738 0.267974
4 1 0.084421 0.185863 0.216665 0.031210 0.481841
4 1 0.126912 0.255606 0.210900 0.126507 0.280075
4 1 0.130115 0.183163 0.133237 0.030332 0.523153
4 1 0.093936 0.220530 0.233562 0.063718 0.388253
4 1 0.120580 0.180999 0.142932 0.028637 0.526852
4 1 0.133053 0.245901 0.176470 0.110862 0.333715
4 1 0.123258 0.237602 0.188120 0.089784 0.361236
4 1 0.218184 0.155203 0.056498 0.022980 0.547134
0 1 0.398967 0.202398 0.153770 0.027206 0.217661
0 1 0.723296 0.089895 0.077355 0.017779 0.091674
0 0 0.694987 0.094389 0.066614 0.015835 0.128175
4 0 0.178929 0.186416 0.093711 0.036335 0.504608
4 0 0.192757 0.189639 0.087449 0.040193 0.489962
0 0 0.703551 0.078323 0.038319 0.006782 0.173025
4 0 0.229345 0.135872 0.043430 0.016254 0.575100
0 0 0.888559 0.032699 0.022419 0.005766 0.050558
0 0 0.939023 0.017870 0.017340 0.006951 0.018816
0 0 0.862992 0.034607 0.017840 0.004514 0.080047
0 0 0.937783 0.018071 0.013400 0.004075 0.026671
0 0 0.836285 0.045300 0.027412 0.007701 0.083303
0 0 0.377054 0.170830 0.087706 0.021123 0.343287
0 0 0.627563 0.068779 0.022920 0.005135 0.275603
4 0 0.291826 0.122742 0.039146 0.014676 0.531610
4 0 0.216258 0.115308 0.036322 0.009997 0.622115
4 0 0.212853 0.163768 0.063035 0.026572 0.533773
4 0 0.071841 0.220740 0.298696 0.073096 0.335627
4 0 0.196046 0.188109 0.084712 0.039486 0.491647
0 0 0.394000 0.181355 0.100825 0.017479 0.306340
4 0 0.263868 0.154769 0.057936 0.018034 0.505393
0 0 0.807844 0.056603 0.035062 0.007036 0.093455
4 0 0.227620 0.196078 0.095228 0.035809 0.445264
4 0 0.156371 0.230596 0.140951 0.079900 0.392182
4 0 0.148700 0.221738 0.143943 0.065490 0.420129
4 0 0.342048 0.148572 0.057463 0.012158 0.439759
0 0 0.558980 0.129000 0.075908 0.017185 0.218928
4 0 0.218876 0.182687 0.080299 0.032379 0.485760
0 0 0.416992 0.143030 0.061337 0.012303 0.366338
0 0 0.677416 0.094865 0.055156 0.010139 0.162423
0 0 0.484555 0.174443 0.125331 0.017288 0.198383
0 0 0.557259 0.145473 0.101876 0.016176 0.179216
4 0 0.138049 0.204380 0.143067 0.045875 0.468628
4 0 0.134285 0.189572 0.134443 0.034483 0.507217
4 0 0.117879 0.212758 0.178422 0.052753 0.438188
4 0 0.150589 0.235071 0.149617 0.087038 0.377685
1 0 0.189555 0.257775 0.216565 0.078607 0.257498
1 0 0.105222 0.255920 0.231277 0.158435 0.249146
4 0 0.310105 0.200794 0.110999 0.025525 0.352577
0 0 0.303831 0.223861 0.151693 0.032759 0.287856
4 0 0.137022 0.243818 0.170323 0.105170 0.343667
4 0 0.105144 0.244932 0.223660 0.112388 0.313876
1 0 0.114623 0.258829 0.237336 0.146068 0.243144
4 0 0.097208 0.250770 0.238288 0.144411 0.269324
1 1 0.156243 0.265026 0.257037 0.104703 0.216991
4 1 0.105654 0.253905 0.235083 0.141626 0.263732
2 1 0.059297 0.233312 0.343095 0.139977 0.224320
1 1 0.170241 0.260282 0.224810 0.091438 0.253230
0 0 0.265435 0.244798 0.197191 0.046489 0.246086
0 0 0.407246 0.201946 0.162173 0.028322 0.200314
4 0 0.236391 0.229846 0.147128 0.047536 0.339098
4 0 0.297968 0.156634 0.061229 0.015891 0.468277
0 0 0.378399 0.170132 0.082302 0.014897 0.354269
0 0 0.287345 0.237113 0.181415 0.039456 0.254670
1 0 0.154983 0.264130 0.249024 0.105217 0.226646
1 1 0.104794 0.255771 0.230984 0.159033 0.249418
4 1 0.133478 0.245688 0.175810 0.110244 0.334780
0 0 0.468684 0.174801 0.130455 0.025834 0.200225
0 0 0.705908 0.091084 0.059266 0.010770 0.132971
4 0 0.179137 0.208733 0.107917 0.054953 0.449260
4 0 0.161458 0.226297 0.133413 0.073896 0.404936
4 1 0.147098 0.237558 0.154897 0.091514 0.368932
4 1 0.227670 0.174871 0.073273 0.028102 0.496083
0 0 0.539437 0.112702 0.049821 0.010644 0.287396
0 0 0.663086 0.109531 0.074550 0.010817 0.142016
0 0 0.362204 0.198948 0.125932 0.026773 0.286144
0 0 0.438079 0.192417 0.145634 0.021205 0.202665
0 0 0.536004 0.129263 0.066676 0.012439 0.255617
4 0 0.202943 0.178596 0.075633 0.033893 0.508935
0 0 0.657999 0.100843 0.056650 0.008913 0.175595
0 0 0.813713 0.051327 0.029494 0.007180 0.098285
0 0 0.640086 0.089407 0.041797 0.009824 0.218886
0 0 0.692408 0.097575 0.067239 0.012240 0.130537
4 0 0.228107 0.138112 0.044835 0.016946 0.572000
4 0 0.246980 0.147438 0.051760 0.017656 0.536166
4 0 0.186933 0.195362 0.094411 0.043855 0.479438
4 0 0.137985 0.242123 0.168432 0.100820 0.350639
4 0 0.175844 0.212312 0.112577 0.058262 0.441005
4 0 0.336843 0.171687 0.081313 0.020872 0.389285
4 0 0.178647 0.215990 0.117846 0.059220 0.428297
4 0 0.143547 0.241001 0.162766 0.097075 0.355611
4 0 0.138281 0.249915 0.187050 0.109212 0.315542
4 0 0.146307 0.254091 0.199495 0.105283 0.294824
1 0 0.210870 0.255661 0.214518 0.067710 0.251241
1 0 0.206979 0.258060 0.224750 0.070503 0.239708
4 0 0.171963 0.247306 0.178000 0.081894 0.320837
1 1 0.142111 0.263939 0.251472 0.116753 0.225725
1 1 0.172350 0.259848 0.222864 0.089786 0.255152
4 1 0.157237 0.250454 0.186729 0.093741 0.311839
1 1 0.111386 0.256879 0.228930 0.149148 0.253658
1 1 0.112191 0.258143 0.235836 0.149132 0.244698
1 1 0.166232 0.265295 0.260391 0.097141 0.210941
2 1 0.070478 0.241647 0.304646 0.148629 0.234600
4 1 0.127321 0.248517 0.185409 0.119410 0.319343
4 1 0.245402 0.242433 0.179856 0.050466 0.281843
4 2 0.158627 0.256141 0.206038 0.096839 0.282355
0 2 0.365555 0.203868 0.129845 0.021932 0.278800
4 2 0.172413 0.215891 0.117478 0.061814 0.432403
1 2 0.190687 0.261501 0.237558 0.080015 0.230239
0 2 0.279754 0.239243 0.184645 0.041565 0.254792
0 0 0.578469 0.132906 0.083022 0.012633 0.192970
0 0 0.525425 0.125662 0.063443 0.015756 0.269714
4 0 0.263417 0.192112 0.093641 0.028583 0.422246
4 0 0.223554 0.220622 0.128543 0.046859 0.380423
4 0 0.151230 0.238266 0.156208 0.088996 0.365300
4 0 0.148754 0.236399 0.152389 0.089375 0.373083
4 0 0.106985 0.253869 0.217615 0.153187 0.268345
0 0 0.461740 0.167474 0.104671 0.019886 0.246229
4 0 0.315619 0.210704 0.128210 0.027575 0.317892
4 0 0.378535 0.130972 0.047760 0.010729 0.432004
4 0 0.268525 0.223413 0.141041 0.038198 0.328823
0 0 0.814270 0.046963 0.022615 0.004348 0.111804
4 0 0.392233 0.138118 0.055441 0.013285 0.400923
4 0 0.132516 0.218576 0.161554 0.059934 0.427420
4 1 0.112820 0.234757 0.204522 0.084611 0.363289
0 0 0.534896 0.126693 0.068109 0.018287 0.252016
4 0 0.300460 0.168170 0.071632 0.018290 0.441447
4 0 0.374776 0.127232 0.044875 0.010342 0.442775
0 0 0.769827 0.076268 0.061080 0.010222 0.082604
0 0 0.750858 0.069220 0.035923 0.005520 0.138478
4 0 0.203128 0.178333 0.075393 0.033749 0.509398
0 0 0.778374 0.066540 0.042603 0.008663 0.103820
0 0 0.434486 0.181982 0.129230 0.028121 0.226181
4 0 0.222086 0.210643 0.113330 0.042911 0.411031
0 0 0.743839 0.083778 0.063075 0.010667 0.098640
4 0 0.174422 0.237107 0.153981 0.073936 0.360554
4 0 0.211428 0.251166 0.196623 0.065274 0.275509
1 0 0.100520 0.254191 0.227967 0.165188 0.252134
4 0 0.335764 0.193106 0.104293 0.021263 0.345574
4 0 0.174633 0.256027 0.206316 0.085948 0.277076
1 1 0.139489 0.262494 0.241545 0.118367 0.238105
1 1 0.134040 0.259878 0.228041 0.122076 0.255965
4 2 0.125307 0.249325 0.188566 0.122509 0.314292
4 2 0.160717 0.226943 0.134505 0.074754 0.403079
0 0 0.417350 0.187081 0.122836 0.022072 0.250660
0 0 0.504282 0.154660 0.095056 0.015946 0.230055
0 0 0.489298 0.174001 0.126138 0.016633 0.193931
0 0 0.815137 0.049794 0.026243 0.005049 0.103777
0 0 0.699412 0.068819 0.028383 0.005359 0.198027
4 0 0.238143 0.119201 0.033799 0.011715 0.597143
4 1 0.168347 0.219936 0.123343 0.066167 0.422208
4 1 0.145854 0.238406 0.156788 0.093141 0.365812
4 1 0.102138 0.239101 0.228048 0.096668 0.334044
4 1 0.147730 0.237120 0.153939 0.090694 0.370517
4 0 0.321619 0.168466 0.073641 0.016849 0.419424
0 0 0.539756 0.125105 0.063393 0.013014 0.258731
4 0 0.336838 0.099594 0.027356 0.008488 0.527724
0 0 0.353934 0.213466 0.145798 0.024407 0.262395
0 0 0.480399 0.154264 0.085406 0.014230 0.265701
0 0 0.826643 0.053597 0.034283 0.005069 0.080407
0 0 0.724412 0.075790 0.043747 0.012310 0.143740
4 0 0.278902 0.215950 0.129497 0.033954 0.341698
1 0 0.100520 0.254191 0.227967 0.165188 0.252134
1 0 0.109478 0.257324 0.234109 0.152659 0.246431
1 1 0.130742 0.262363 0.246207 0.127809 0.232878
0 1 0.364538 0.217327 0.196630 0.038320 0.183186
1 0 0.180118 0.263903 0.251313 0.087226 0.217441
0 0 0.809310 0.062468 0.050351 0.009035 0.068835
0 0 0.630234 0.119320 0.084356 0.015153 0.150937
2 0 0.206310 0.263123 0.269864 0.072855 0.187848
1 0 0.246004 0.249214 0.204007 0.053042 0.247733
4 0 0.157657 0.229542 0.139038 0.078358 0.395406
4 1 0.142476 0.235303 0.159492 0.086275 0.376453
4 1 0.116888 0.241376 0.200581 0.099013 0.342142
4 1 0.166845 0.208175 0.117244 0.052538 0.455198
4 1 0.125652 0.218162 0.170965 0.059046 0.426175
4 1 0.147857 0.200597 0.129259 0.043551 0.478737
0 1 0.362571 0.193641 0.110252 0.019377 0.314159
0 0 0.445026 0.181361 0.115019 0.015238 0.243356
0 0 0.892017 0.034603 0.025987 0.004234 0.043158
0 0 0.909468 0.029071 0.024898 0.005038 0.031525
0 0 0.886492 0.036689 0.029591 0.005340 0.041889
0 0 0.584703 0.104240 0.047941 0.010150 0.252965
0 0 0.416256 0.136425 0.057413 0.014587 0.375318
0 0 0.445115 0.165525 0.091355 0.014940 0.283065
0 0 0.588522 0.134500 0.094758 0.015613 0.166607
0 0 0.676211 0.104148 0.070670 0.011032 0.137940
0 0 0.396589 0.166648 0.083529 0.016626 0.336608
0 0 0.881751 0.036886 0.025095 0.003900 0.052368
0 0 0.606422 0.129613 0.091034 0.013674 0.159257
0 0 0.693091 0.094748 0.058051 0.008728 0.145382
0 0 0.628446 0.114634 0.070202 0.011343 0.175375
0 0 0.779161 0.070958 0.050572 0.008295 0.091015
0 0 0.515830 0.129992 0.063170 0.011750 0.279258
0 0 0.747085 0.070931 0.038325 0.006743 0.136915
0 0 0.667934 0.103333 0.068351 0.013131 0.147251
4 0 0.392111 0.143557 0.058630 0.011898 0.393804
4 0 0.281472 0.110610 0.030109 0.008103 0.569706
4 0 0.216903 0.157300 0.058053 0.023821 0.543923
0 0 0.805096 0.057222 0.035194 0.007078 0.095409
4 0 0.224943 0.177293 0.075394 0.029371 0.493000
0 0 0.588816 0.117734 0.065804 0.013755 0.213890
0 0 0.408704 0.133586 0.052116 0.010717 0.394878
4 0 0.241472 0.177332 0.076334 0.026904 0.477958
4 0 0.368824 0.145523 0.059171 0.014232 0.412251
0 0 0.438277 0.127549 0.051629 0.012433 0.370111
0 0 0.485910 0.142475 0.070978 0.012143 0.288494
0 0 0.331539 0.203871 0.121871 0.026049 0.316670
4 0 0.221142 0.150267 0.052950 0.021093 0.554547
0 0 0.384649 0.152080 0.065594 0.013373 0.384303
4 0 0.251491 0.159424 0.061074 0.020396 0.507615
0 0 0.684329 0.100349 0.064316 0.009022 0.141983
0 0 0.516238 0.102702 0.038578 0.008519 0.333964
0 0 0.339559 0.198961 0.113750 0.022303 0.325427
4 0 0.205054 0.194293 0.091762 0.039989 0.468902
0 0 0.734715 0.082345 0.053245 0.008992 0.120703
0 0 0.802576 0.058037 0.035075 0.006524 0.097788
4 0 0.198967 0.184159 0.080837 0.037067 0.498970
4 0 0.173486 0.218132 0.120783 0.062677 0.424923
4 0 0.167508 0.220743 0.124560 0.067083 0.420106
4 1 0.164229 0.223812 0.129343 0.070732 0.411884
4 1 0.183711 0.211242 0.111441 0.054617 0.438989
4 0 0.222371 0.243301 0.175366 0.057567 0.301394
4 0 0.183515 0.256188 0.208312 0.080914 0.271071
4 0 0.276523 0.207910 0.116120 0.031730 0.367717
0 0 0.531467 0.128812 0.062784 0.009700 0.267237
0 0 0.933362 0.020698 0.014457 0.002217 0.029265
0 0 0.701895 0.082773 0.044462 0.008699 0.162172
0 0 0.452790 0.150924 0.072441 0.010909 0.312935
0 0 0.501717 0.151792 0.090937 0.016879 0.238674
0 0 0.856639 0.045203 0.037537 0.009147 0.051473
0 0 0.491869 0.149501 0.081530 0.013482 0.263618
0 0 0.500258 0.135869 0.067301 0.012781 0.283791
0 0 0.510680 0.144973 0.081184 0.014072 0.249091
0 0 0.438252 0.164593 0.091990 0.018530 0.286635
0 0 0.378350 0.181541 0.097691 0.018074 0.324343
4 0 0.158559 0.228788 0.137698 0.077285 0.397669
4 1 0.168151 0.220125 0.123628 0.066381 0.421716
4 1 0.127522 0.241525 0.183245 0.098757 0.348952
0 0 0.394301 0.155224 0.070533 0.014672 0.365270
0 0 0.648941 0.092606 0.044885 0.008158 0.205410
0 0 0.798014 0.062767 0.041252 0.006758 0.091210
0 0 0.653194 0.111507 0.075893 0.012282 0.147125
0 0 0.843086 0.035194 0.015000 0.003184 0.103537
0 0 0.940559 0.018506 0.014868 0.003201 0.022867
0 0 0.793154 0.062029 0.038066 0.006499 0.100251
0 0 0.765300 0.074220 0.052312 0.009688 0.098480
0 0 0.629499 0.120254 0.085721 0.014991 0.149534
0 0 0.744730 0.078296 0.047124 0.006530 0.123321
0 0 0.527539 0.122517 0.056818 0.010519 0.282607
4 0 0.305234 0.195218 0.102423 0.024556 0.372568
0 0 0.533964 0.125554 0.060263 0.010012 0.270206
0 0 0.717285 0.071465 0.033439 0.006338 0.171473
0 0 0.599219 0.074453 0.025133 0.006121 0.295075
0 0 0.530256 0.132026 0.073995 0.019009 0.244714
0 0 0.458157 0.166473 0.100566 0.018718 0.256086
0 0 0.659565 0.102003 0.067213 0.017298 0.153921
0 0 0.723780 0.077280 0.041925 0.007901 0.149114
0 0 0.881677 0.028948 0.014162 0.003289 0.071924
4 0 0.235538 0.124274 0.036583 0.012987 0.590618
4 0 0.230047 0.134588 0.042638 0.015866 0.576861
4 0 0.200602 0.181899 0.078687 0.035746 0.503066
4 1 0.158876 0.183341 0.105762 0.032488 0.519534
0 0 0.577681 0.075315 0.024217 0.005676 0.317112
0 0 0.681850 0.061925 0.021795 0.004645 0.229786
0 0 0.835973 0.047589 0.028009 0.004899 0.083530
0 0 0.766546 0.053215 0.023173 0.005700 0.151366
4 0 0.320921 0.168372 0.073488 0.016876 0.420342
4 0 0.210818 0.181551 0.078789 0.033476 0.495367
0 0 0.846181 0.042425 0.023232 0.004259 0.083903
0 0 0.425308 0.155561 0.077785 0.017290 0.324057
4 0 0.206523 0.173400 0.071018 0.031151 0.517907
4 0 0.174693 0.191158 0.099736 0.039156 0.495257
4 0 0.158853 0.195662 0.115183 0.040770 0.489532
4 0 0.162990 0.203017 0.116985 0.047221 0.469787
4 0 0.138308 0.212415 0.149288 0.053530 0.446459
4 1 0.160286 0.200258 0.117339 0.044553 0.477564
4 1 0.164459 0.194195 0.109470 0.040258 0.491618
4 1 0.190559 0.188902 0.088252 0.039383 0.492903
4 1 0.184770 0.182378 0.087478 0.034332 0.511043
4 1 0.184982 0.163797 0.075174 0.024353 0.551693
4 1 0.163732 0.175178 0.095879 0.028305 0.536907
4 1 0.209087 0.169566 0.067756 0.029255 0.524335
4 1 0.221688 0.149343 0.052302 0.020753 0.555914
4 4 0.224895 0.151248 0.053776 0.020946 0.549136
4 4 0.228854 0.136763 0.043986 0.016527 0.573871
4 4 0.260079 0.071230 0.013156 0.003465 0.652071
4 4 0.352920 0.083295 0.020380 0.006917 0.536488
4 4 0.207722 0.162674 0.064396 0.025602 0.539606
4 4 0.199044 0.184055 0.080736 0.037005 0.499161
4 4 0.281617 0.105466 0.027954 0.008355 0.576609
4 4 0.201056 0.162389 0.066931 0.024929 0.544696
4 2 0.228128 0.138075 0.044812 0.016935 0.572051
4 2 0.237147 0.121155 0.034856 0.012194 0.594648
4 2 0.233789 0.127615 0.038484 0.013876 0.586236
4 0 0.212618 0.162051 0.062175 0.025707 0.537450
4 0 0.223775 0.145762 0.049841 0.019476 0.561145
4 0 0.189309 0.161109 0.071335 0.023459 0.554789
4 1 0.124357 0.189018 0.146089 0.033551 0.506985
4 1 0.131153 0.185804 0.134548 0.031940 0.516554
4 1 0.179420 0.181786 0.090292 0.033426 0.515076
4 1 0.192267 0.183035 0.083680 0.035553 0.505466
4 1 0.159160 0.193676 0.113431 0.039333 0.494400
4 1 0.169773 0.199812 0.109245 0.045298 0.475872
4 1 0.088165 0.190516 0.213433 0.034165 0.473721
4 0 0.209066 0.169598 0.067783 0.029270 0.524283
4 0 0.139093 0.169261 0.110822 0.023786 0.557039
4 0 0.358453 0.105872 0.029525 0.005449 0.500701
4 0 0.346241 0.137601 0.049055 0.009980 0.457123
4 0 0.226438 0.141095 0.046747 0.017902 0.567818
4 1 0.110280 0.158726 0.132034 0.018245 0.580715
4 1 0.089290 0.176536 0.191806 0.025628 0.516739
4 1 0.090683 0.191625 0.208768 0.034835 0.474090
4 1 0.081986 0.190987 0.230394 0.034926 0.461707
4 1 0.079425 0.181894 0.224633 0.028994 0.485054
2 1 0.028448 0.163806 0.484703 0.037191 0.285852
2 1 0.019125 0.148966 0.575232 0.040589 0.216088
2 2 0.093127 0.233719 0.380920 0.065051 0.227183
2 2 0.024807 0.162642 0.523627 0.044098 0.244826
2 2 0.009067 0.088486 0.788799 0.038779 0.074869
2 2 0.003543 0.041580 0.895692 0.030977 0.028208
2 2 0.007664 0.077333 0.829507 0.031585 0.053911
2 2 0.006044 0.074464 0.804435 0.043816 0.071241
2 2 0.007514 0.079441 0.817797 0.028312 0.066936
2 2 0.003127 0.035938 0.905924 0.031026 0.023986
2 2 0.004048 0.050504 0.866195 0.041151 0.038102
2 2 0.007699 0.096114 0.767901 0.045737 0.082549
2 2 0.007275 0.064873 0.848926 0.032283 0.046642
2 2 0.002837 0.044439 0.869375 0.048287 0.035062
2 2 0.004116 0.058959 0.846138 0.044676 0.046112
2 2 0.019730 0.163122 0.578890 0.086415 0.151842
2 2 0.059827 0.233529 0.344982 0.138272 0.223390
2 2 0.025902 0.166717 0.613076 0.061502 0.132803
2 2 0.004690 0.066444 0.808677 0.064055 0.056134
2 2 0.004747 0.048768 0.876733 0.036255 0.033497
2 2 0.008367 0.065289 0.853796 0.030546 0.042002
2 2 0.002727 0.028138 0.918852 0.032179 0.018105
2 2 0.005254 0.070429 0.811101 0.055660 0.057555
2 2 0.003639 0.040174 0.864130 0.061636 0.030420
2 2 0.005054 0.053154 0.851670 0.050773 0.039349
2 2 0.002585 0.032350 0.913211 0.030145 0.021709
2 2 0.006574 0.072726 0.823633 0.042714 0.054353
2 2 0.005135 0.054099 0.822952 0.074638 0.043175
2 2 0.006220 0.066067 0.837830 0.041649 0.048234
2 2 0.002191 0.029135 0.903450 0.044162 0.021062
2 2 0.002304 0.021040 0.835326 0.124671 0.016659
2 2 0.002952 0.037302 0.849048 0.080271 0.030427
2 2 0.004653 0.043489 0.803019 0.112868 0.035971
2 2 0.006476 0.059436 0.773905 0.110023 0.050161
2 2 0.004310 0.051955 0.819079 0.081362 0.043293
2 2 0.005634 0.046127 0.779448 0.130411 0.038380
2 2 0.006162 0.056430 0.778684 0.111258 0.047466
2 2 0.003852 0.025342 0.773104 0.177289 0.020414
2 3 0.015822 0.067988 0.606836 0.251146 0.058208
2 3 0.005138 0.056791 0.801365 0.089055 0.047651
2 3 0.005097 0.034950 0.766907 0.164364 0.028681
2 3 0.004251 0.039063 0.807917 0.116664 0.032105
2 3 0.004437 0.048410 0.814255 0.092682 0.040216
2 3 0.021020 0.054233 0.470261 0.408327 0.046159
2 3 0.006182 0.056696 0.778443 0.110975 0.047704
2 3 0.004641 0.037613 0.791492 0.135346 0.030908
2 3 0.016714 0.056446 0.559178 0.319508 0.048154
2 3 0.006421 0.056971 0.773410 0.115223 0.047976
2 2 0.007234 0.051294 0.746399 0.152065 0.043008
3 3 0.029583 0.047241 0.316493 0.566430 0.040253
2 3 0.007929 0.080846 0.750262 0.091444 0.069519
2 3 0.006900 0.047378 0.742112 0.164321 0.039289
2 3 0.008157 0.049768 0.722039 0.178183 0.041853
2 3 0.006074 0.051681 0.776188 0.122776 0.043282
2 2 0.005915 0.050555 0.778706 0.122549 0.042276
2 2 0.013370 0.049634 0.590466 0.304799 0.041731
2 2 0.002167 0.024344 0.871519 0.083145 0.018825
2 2 0.007164 0.068928 0.774914 0.091504 0.057489
2 2 0.005232 0.050667 0.795807 0.106005 0.042289
4 0 0.164932 0.253006 0.208312 0.083498 0.290251
4 0 0.106206 0.191650 0.176783 0.034665 0.490697
2 1 0.020697 0.130218 0.605946 0.113666 0.129473
2 2 0.007195 0.068607 0.774672 0.084065 0.065462
2 2 0.006525 0.070768 0.813949 0.053911 0.054847
2 2 0.004627 0.053764 0.812080 0.084608 0.044921
2 2 0.031046 0.185215 0.487854 0.069957 0.225929
2 2 0.008294 0.086853 0.762162 0.070720 0.071971
2 2 0.006214 0.064338 0.830848 0.050348 0.048252
2 2 0.004668 0.061625 0.811014 0.070838 0.051854
2 2 0.008099 0.077375 0.755107 0.088144 0.071275
2 2 0.001727 0.024370 0.884389 0.070312 0.019201
2 2 0.007119 0.083923 0.762078 0.074933 0.071947
2 2 0.007343 0.084194 0.775165 0.063769 0.069529
2 2 0.010370 0.103697 0.707644 0.087527 0.090762
2 2 0.008519 0.092517 0.736706 0.082037 0.080221
2 2 0.007890 0.076659 0.751768 0.097952 0.065731
2 2 0.008377 0.055893 0.729438 0.159030 0.047262
3 2 0.133461 0.132910 0.257845 0.340171 0.135613
2 2 0.053693 0.182610 0.396915 0.074472 0.292309
4 2 0.066266 0.205480 0.303405 0.052660 0.372189
2 2 0.038439 0.200621 0.443461 0.084522 0.232957
2 2 0.014283 0.131734 0.650510 0.068435 0.135038
2 2 0.007561 0.072401 0.764576 0.088960 0.066502
2 2 0.004218 0.051547 0.839647 0.063540 0.041048
2 2 0.007816 0.087025 0.756073 0.061993 0.087093
2 2 0.019269 0.159494 0.582720 0.064604 0.173913
2 2 0.008964 0.096377 0.728747 0.082091 0.083822
4 2 0.128030 0.240844 0.185028 0.104551 0.341546
2 2 0.029025 0.170266 0.489924 0.045262 0.265524
2 2 0.005782 0.056939 0.787359 0.102054 0.047866
2 2 0.003160 0.043927 0.848988 0.067975 0.035949
2 2 0.016382 0.136951 0.620831 0.048736 0.177101
2 2 0.002897 0.043387 0.859136 0.056293 0.038287
2 2 0.008222 0.089717 0.745641 0.074173 0.082248
2 2 0.002759 0.048620 0.857087 0.051377 0.040157
2 2 0.003110 0.040173 0.846364 0.077445 0.032909
2 2 0.006783 0.080307 0.770110 0.070790 0.072009
2 2 0.015609 0.139300 0.620596 0.044900 0.179595
2 2 0.008821 0.071974 0.746069 0.106571 0.066565
2 2 0.033283 0.181114 0.476822 0.064015 0.244765
2 2 0.008415 0.082136 0.746649 0.088912 0.073888
2 2 0.018691 0.060173 0.534803 0.334969 0.051364
2 2 0.029941 0.148968 0.539540 0.118932 0.162619
2 2 0.038906 0.209236 0.436430 0.118640 0.196787
2 2 0.010680 0.102670 0.704864 0.091931 0.089855
2 2 0.011383 0.113493 0.689840 0.085285 0.099999
2 2 0.008516 0.091095 0.737588 0.083880 0.078921
2 2 0.010748 0.104589 0.702908 0.090117 0.091639
2 2 0.007024 0.064992 0.804739 0.072271 0.050975
2 2 0.010687 0.112647 0.697461 0.080093 0.099113
2 2 0.011132 0.103623 0.699281 0.095167 0.090797
2 2 0.006117 0.068486 0.787492 0.080362 0.057543
2 2 0.019943 0.145446 0.593311 0.109921 0.131379
2 2 0.009841 0.093619 0.719552 0.095576 0.081412
2 2 0.019200 0.144804 0.599160 0.106172 0.130664
2 2 0.006096 0.065105 0.783092 0.090567 0.055141
2 2 0.012460 0.092556 0.687185 0.127023 0.080776
2 2 0.012404 0.086608 0.687270 0.138389 0.075328
2 2 0.010974 0.075552 0.703192 0.145161 0.065121
2 2 0.009358 0.060322 0.716089 0.162934 0.051296
2 2 0.017482 0.061811 0.559318 0.308698 0.052690
2 2 0.011156 0.066029 0.690140 0.176139 0.056536
2 2 0.013907 0.096627 0.669708 0.135058 0.084699
2 3 0.005077 0.040423 0.784198 0.136927 0.033375
2 3 0.020499 0.137114 0.594856 0.124045 0.123486
3 3 0.030900 0.036420 0.227206 0.674844 0.030631
2 3 0.008585 0.065837 0.736933 0.132535 0.056111
2 3 0.007526 0.052550 0.742861 0.152844 0.044219
2 3 0.010520 0.090316 0.712051 0.108636 0.078477
2 3 0.008393 0.070981 0.743023 0.116913 0.060689
2 3 0.003282 0.032809 0.829477 0.107789 0.026642
2 3 0.005659 0.065015 0.791303 0.083022 0.055001
2 3 0.021171 0.078238 0.555532 0.277033 0.068026
2 3 0.015402 0.098685 0.652668 0.146464 0.086781
2 3 0.010166 0.064825 0.706929 0.162683 0.055397
2 3 0.007079 0.044209 0.735108 0.176722 0.036883
2 3 0.017017 0.084026 0.623722 0.201881 0.073355
2 3 0.011918 0.056418 0.651312 0.232540 0.047812
2 3 0.011896 0.045768 0.608125 0.295872 0.038339
3 3 0.017955 0.021001 0.229128 0.714866 0.017050
4 3 0.144636 0.204224 0.182917 0.223821 0.244402
4 0 0.123258 0.252431 0.200001 0.127987 0.296323
2 0 0.223410 0.260591 0.263108 0.064744 0.188148
0 0 0.256225 0.249508 0.212084 0.050418 0.231765
4 0 0.059846 0.204670 0.329879 0.055409 0.350195
2 0 0.043667 0.194698 0.405727 0.057301 0.298607
2 1 0.019976 0.163898 0.575647 0.073330 0.167149
2 1 0.004882 0.056098 0.806854 0.085160 0.047006
2 1 0.005040 0.063575 0.803293 0.074457 0.053635
2 2 0.008405 0.078803 0.801081 0.052266 0.059444
2 2 0.005053 0.057487 0.834392 0.058295 0.044773
2 2 0.002499 0.031298 0.907166 0.037269 0.021767
2 2 0.002326 0.026571 0.911797 0.041107 0.018198
2 2 0.002292 0.031521 0.882934 0.058890 0.024363
2 2 0.003511 0.042665 0.835907 0.082806 0.035111
2 2 0.006255 0.061515 0.779381 0.100875 0.051973
2 2 0.004917 0.040918 0.790347 0.130035 0.033783
2 2 0.003899 0.038967 0.819360 0.105796 0.031978
2 2 0.002532 0.033950 0.860585 0.075421 0.027512
2 2 0.004171 0.042606 0.816127 0.101950 0.035146
2 2 0.008440 0.098117 0.743855 0.066194 0.083394
2 2 0.007623 0.095067 0.745919 0.068963 0.082429
2 2 0.009255 0.094856 0.739285 0.076335 0.080268
2 2 0.010978 0.112999 0.694260 0.082281 0.099482
2 2 0.007645 0.063539 0.753032 0.121836 0.053948
2 2 0.008551 0.083651 0.740412 0.095240 0.072145
2 2 0.004092 0.039158 0.813338 0.111245 0.032167
2 2 0.006635 0.045962 0.751858 0.157190 0.038355
2 2 0.009045 0.083078 0.733522 0.102665 0.071690
2 2 0.006878 0.055860 0.762312 0.127896 0.047054
2 2 0.006066 0.049969 0.774143 0.128040 0.041782
2 2 0.004580 0.040123 0.799360 0.122880 0.033057
2 2 0.007272 0.064958 0.760880 0.111725 0.055164
2 2 0.011138 0.049947 0.644025 0.252962 0.041929
2 2 0.009840 0.032862 0.573620 0.356781 0.026896
2 3 0.023132 0.063923 0.482724 0.375269 0.054952
2 3 0.020756 0.088694 0.578091 0.234940 0.077519
2 3 0.015214 0.055393 0.574309 0.308297 0.046787
3 3 0.020001 0.032598 0.329273 0.591077 0.027051
2 3 0.006319 0.038542 0.736590 0.186741 0.031808
2 3 0.012440 0.057730 0.648116 0.232514 0.049200
2 3 0.006820 0.033354 0.690166 0.242356 0.027304
2 3 0.011334 0.072062 0.694807 0.159779 0.062019
2 3 0.020623 0.066806 0.526254 0.329016 0.057300
2 3 0.010841 0.054639 0.668675 0.219703 0.046142
2 3 0.023678 0.092480 0.551324 0.251183 0.081335
2 3 0.011126 0.033873 0.540913 0.386297 0.027791
3 3 0.025683 0.040840 0.318753 0.580263 0.034461
2 3 0.013215 0.036196 0.502078 0.418658 0.029854
3 3 0.019829 0.039721 0.400866 0.506199 0.033385
3 3 0.017422 0.035138 0.403391 0.514816 0.029233
3 3 0.018486 0.034190 0.376057 0.542782 0.028485
2 3 0.021702 0.052605 0.447508 0.433566 0.044618
3 3 0.012941 0.014802 0.222972 0.737521 0.011763
3 3 0.017705 0.018311 0.196383 0.752825 0.014777
3 3 0.013356 0.011024 0.144793 0.822157 0.008671
3 3 0.012454 0.008686 0.113861 0.858231 0.006767
3 3 0.012105 0.007030 0.086928 0.888499 0.005439
3 3 0.018801 0.012546 0.107704 0.850939 0.010010
3 3 0.016054 0.004760 0.031059 0.944441 0.003687
3 3 0.014175 0.005915 0.052843 0.922485 0.004582
3 3 0.016224 0.007394 0.060782 0.909813 0.005787
3 3 0.017279 0.011660 0.109329 0.852473 0.009258
3 3 0.011659 0.004917 0.053336 0.926324 0.003765
3 3 0.015607 0.007513 0.066006 0.905000 0.005874
3 3 0.017141 0.009737 0.084911 0.880521 0.007690
3 3 0.015576 0.006638 0.054760 0.917851 0.005174
3 3 0.012078 0.005123 0.053893 0.924974 0.003932
3 3 0.013004 0.004973 0.046000 0.932198 0.003825
3 3 0.012445 0.004997 0.049559 0.929161 0.003838
3 3 0.016766 0.005464 0.036114 0.937404 0.004252
3 3 0.016143 0.005018 0.033477 0.941471 0.003892
3 3 0.015592 0.005565 0.041559 0.932963 0.004320
3 3 0.019967 0.008331 0.053359 0.911754 0.006589
3 3 0.014515 0.004165 0.029375 0.948741 0.003204
3 3 0.013482 0.004138 0.032605 0.946600 0.003175
3 3 0.014833 0.004292 0.029792 0.947776 0.003307
3 3 0.015806 0.007144 0.059968 0.911501 0.005581
3 3 0.014739 0.003904 0.025889 0.952466 0.003002
3 3 0.014737 0.004022 0.027145 0.951002 0.003094
3 3 0.018238 0.007096 0.047779 0.921315 0.005572
3 3 0.012280 0.003318 0.026518 0.955361 0.002524
3 3 0.013918 0.004056 0.030058 0.948855 0.003114
3 3 0.015048 0.005012 0.037246 0.938817 0.003877
3 3 0.013028 0.002982 0.020387 0.961335 0.002269
3 3 0.015897 0.004294 0.026780 0.949710 0.003318
3 3 0.011813 0.002765 0.021042 0.962288 0.002092
3 3 0.011838 0.002892 0.022545 0.960533 0.002191
3 3 0.013214 0.003689 0.028023 0.952254 0.002821
3 3 0.014710 0.003054 0.017518 0.962382 0.002336
3 3 0.014563 0.004189 0.029498 0.948527 0.003224
3 3 0.013350 0.002882 0.018580 0.962993 0.002194
3 3 0.015199 0.002615 0.012959 0.967229 0.001997
3 3 0.015825 0.003656 0.020863 0.956840 0.002816
3 3 0.016194 0.003783 0.021252 0.955853 0.002918
3 3 0.015751 0.004153 0.025755 0.951136 0.003205
3 3 0.015426 0.003136 0.016968 0.962064 0.002405
3 3 0.012896 0.002849 0.019254 0.962836 0.002165
3 3 0.015482 0.004315 0.028119 0.948754 0.003331
3 3 0.018076 0.003039 0.012570 0.963970 0.002345
3 3 0.013948 0.002815 0.016702 0.964390 0.002145
3 3 0.016257 0.003718 0.020545 0.956613 0.002867
3 3 0.017138 0.003427 0.016591 0.960200 0.002644
3 3 0.015982 0.004152 0.025168 0.951492 0.003206
3 3 0.016702 0.004210 0.024030 0.951800 0.003258
3 3 0.012705 0.002860 0.019830 0.962433 0.002172
3 3 0.021550 0.007528 0.040572 0.924392 0.005958
3 3 0.015061 0.002929 0.015781 0.963989 0.002241
3 3 0.014971 0.002867 0.015392 0.964579 0.002192
3 3 0.013085 0.002811 0.018422 0.963544 0.002137
3 3 0.013086 0.002412 0.014395 0.968278 0.001829
3 3 0.013798 0.002102 0.010596 0.971911 0.001592
3 3 0.017052 0.003211 0.015058 0.962205 0.002474
3 3 0.012785 0.002360 0.014412 0.968656 0.001787
3 3 0.015351 0.005176 0.037989 0.937474 0.004010
3 3 0.013756 0.002669 0.015667 0.965877 0.002031
3 3 0.014544 0.003273 0.019937 0.959739 0.002506
3 3 0.012393 0.002106 0.012588 0.971324 0.001589
3 3 0.014645 0.003904 0.026140 0.952310 0.003001
3 3 0.015168 0.002889 0.015270 0.964462 0.002211
3 3 0.014750 0.002758 0.014798 0.965588 0.002106
3 3 0.012659 0.002565 0.016736 0.966097 0.001944
3 3 0.013020 0.002535 0.015714 0.966809 0.001923
3 3 0.015097 0.002574 0.012761 0.967604 0.001964
3 3 0.013624 0.002074 0.010577 0.972154 0.001570
3 3 0.024225 0.011637 0.066402 0.888389 0.009346
3 3 0.054397 0.068836 0.236642 0.578729 0.061397
4 2 0.166843 0.221377 0.125528 0.067816 0.418437
4 2 0.054987 0.190261 0.332965 0.040887 0.380899
4 2 0.070454 0.207123 0.289346 0.052852 0.380224
4 2 0.069094 0.189437 0.269772 0.035501 0.436197
4 2 0.059472 0.186864 0.305486 0.035838 0.412341
4 2 0.079624 0.208000 0.259463 0.050939 0.401974
4 2 0.114589 0.234920 0.201391 0.084756 0.364343
4 2 0.080418 0.217156 0.267137 0.062570 0.372720
4 2 0.076580 0.203238 0.263219 0.046482 0.410481
4 4 0.230624 0.077126 0.017524 0.003818 0.670908
4 4 0.261459 0.067856 0.012062 0.003100 0.655524
4 4 0.264029 0.175785 0.076281 0.023624 0.460280
4 4 0.219331 0.177811 0.075607 0.030496 0.496754
1 4 0.213087 0.256850 0.221450 0.067378 0.241236
4 4 0.132831 0.160140 0.108121 0.019677 0.579231
4 4 0.165551 0.121711 0.055133 0.009827 0.647777
4 4 0.214998 0.133075 0.045706 0.014644 0.591577
4 4 0.150660 0.218490 0.139615 0.061643 0.429592
4 4 0.235430 0.124483 0.036700 0.013042 0.590346
4 4 0.220952 0.150589 0.053176 0.021212 0.554071
4 4 0.113536 0.161154 0.130536 0.019260 0.575515
4 4 0.195980 0.135397 0.052747 0.014460 0.601415
4 4 0.238693 0.079978 0.017788 0.004278 0.659263
4 4 0.219869 0.152409 0.054471 0.021896 0.551356
4 4 0.227251 0.095149 0.025111 0.006328 0.646162
4 4 0.212831 0.163802 0.063063 0.026587 0.533718
4 4 0.186660 0.133763 0.055018 0.013578 0.610981
4 4 0.171478 0.178414 0.093000 0.030705 0.526404
4 4 0.160769 0.103806 0.044497 0.006373 0.684555
0 4 0.466673 0.150253 0.080774 0.018029 0.284270
4 4 0.184827 0.137677 0.058195 0.014632 0.604668
4 4 0.256939 0.078733 0.015750 0.004366 0.644212
4 4 0.211276 0.143707 0.052509 0.017956 0.574551
4 4 0.143477 0.179723 0.116076 0.029251 0.531473
4 4 0.277099 0.129701 0.040888 0.011629 0.540684
4 4 0.282509 0.064983 0.011710 0.003521 0.637277
4 4 0.324962 0.044590 0.006497 0.002147 0.621804
4 4 0.266909 0.054035 0.008051 0.001848 0.669158
4 4 0.446544 0.067070 0.015311 0.003975 0.467100
2 4 0.102475 0.145606 0.353335 0.231957 0.166626
4 4 0.143446 0.201627 0.213870 0.100761 0.340296
4 4 0.137313 0.153773 0.098117 0.017572 0.593225
4 4 0.218971 0.088477 0.023419 0.005143 0.663990
0 4 0.425499 0.146075 0.064485 0.011657 0.352284
0 4 0.481242 0.122492 0.052970 0.013664 0.329631
4 4 0.218286 0.155036 0.056376 0.022915 0.547388
4 4 0.194854 0.212985 0.114444 0.051659 0.426058
4 4 0.139052 0.198706 0.137117 0.041293 0.483832
4 4 0.229617 0.085330 0.020779 0.004867 0.659407
4 4 0.257651 0.077051 0.015149 0.004153 0.645996
4 4 0.265859 0.056761 0.008783 0.002065 0.666532
4 4 0.286139 0.150270 0.056276 0.016906 0.490409
4 4 0.209057 0.080414 0.021268 0.003942 0.685319
4 4 0.264168 0.061087 0.010004 0.002440 0.662302
4 4 0.265172 0.058529 0.009273 0.002214 0.664813
4 4 0.232735 0.101898 0.027177 0.007658 0.630532
4 4 0.250384 0.071029 0.013763 0.003337 0.661487
4 4 0.224618 0.070106 0.015501 0.002979 0.686795
