4 0 0.178849 0.143533 0.076842 0.006557 0.594220
4 0 0.099595 0.124022 0.074190 0.003298 0.698895
4 0 0.148243 0.242064 0.210683 0.054957 0.344053
4 1 0.042983 0.214318 0.266688 0.022646 0.453365
4 1 0.051316 0.223510 0.269026 0.028098 0.428051
4 1 0.036778 0.165635 0.177587 0.007325 0.612674
4 1 0.042879 0.229606 0.307341 0.034653 0.385521
4 1 0.028451 0.197491 0.271326 0.015728 0.487004
4 4 0.045871 0.200741 0.229237 0.016239 0.507912
4 4 0.023624 0.169331 0.221058 0.008035 0.577952
4 4 0.032043 0.178367 0.214047 0.009802 0.565741
4 4 0.032122 0.154928 0.166946 0.005702 0.640302
4 4 0.174394 0.250912 0.222433 0.100020 0.252241
4 4 0.040108 0.133676 0.118952 0.003510 0.703754
4 4 0.033150 0.169333 0.192482 0.007954 0.597080
4 1 0.065969 0.213222 0.221582 0.021706 0.477521
4 1 0.027381 0.173267 0.216743 0.008754 0.573854
4 1 0.043408 0.193105 0.218308 0.013646 0.531534
4 1 0.037324 0.200942 0.250060 0.016526 0.495148
4 1 0.041911 0.188244 0.211420 0.012224 0.546202
4 1 0.022452 0.182813 0.259540 0.011258 0.523938
4 1 0.026898 0.176094 0.224774 0.009372 0.562861
4 1 0.049926 0.212535 0.246552 0.021371 0.469617
4 1 0.034274 0.215407 0.296814 0.024325 0.429180
4 1 0.036903 0.212753 0.280454 0.022277 0.447613
4 1 0.071631 0.248367 0.294095 0.057723 0.328185
4 1 0.073334 0.249086 0.294194 0.059095 0.324290
4 1 0.050849 0.237041 0.314810 0.041250 0.356049
4 2 0.023968 0.182283 0.251136 0.011012 0.531602
4 2 0.044179 0.230937 0.307140 0.035801 0.381943
4 2 0.023073 0.181858 0.254095 0.010949 0.530024
4 2 0.024230 0.197920 0.291935 0.016430 0.469484
4 2 0.064694 0.245199 0.297751 0.052197 0.340159
2 2 0.092084 0.246859 0.396929 0.076346 0.187782
2 2 0.034189 0.221198 0.410814 0.028435 0.305364
4 2 0.027175 0.209777 0.311538 0.022139 0.429372
2 2 0.065431 0.238507 0.436412 0.054671 0.204979
4 1 0.041491 0.195424 0.227283 0.014407 0.521396
4 1 0.030136 0.213460 0.308319 0.023850 0.424235
2 1 0.035017 0.222959 0.374373 0.028882 0.338769
4 1 0.035991 0.222256 0.309868 0.029233 0.402652
2 1 0.035802 0.206348 0.554262 0.030755 0.172833
4 1 0.027695 0.210631 0.311491 0.022558 0.427625
2 2 0.032759 0.215897 0.467465 0.027596 0.256283
4 2 0.052324 0.238029 0.311742 0.042407 0.355498
4 2 0.032640 0.219636 0.346034 0.026762 0.374927
4 2 0.024861 0.207881 0.353090 0.020468 0.393700
2 2 0.033303 0.220815 0.383994 0.027538 0.334349
2 2 0.030288 0.212598 0.472937 0.025556 0.258621
2 2 0.025222 0.198483 0.541318 0.021625 0.213353
2 2 0.036920 0.187384 0.618357 0.034581 0.122758
2 2 0.018973 0.094510 0.821707 0.029006 0.035804
2 2 0.023278 0.167112 0.681719 0.020668 0.107223
2 2 0.027585 0.185128 0.625555 0.024122 0.137609
2 3 0.020599 0.078315 0.825264 0.045761 0.030061
2 3 0.047347 0.205455 0.577787 0.040949 0.128462
2 3 0.003520 0.022445 0.944256 0.020783 0.008996
2 3 0.070666 0.226849 0.499356 0.060052 0.143077
2 3 0.018701 0.073767 0.836621 0.042963 0.027949
2 3 0.040010 0.196146 0.606148 0.034836 0.122860
2 3 0.037826 0.111653 0.732858 0.069839 0.047824
2 3 0.054763 0.153653 0.640233 0.076035 0.075315
2 3 0.045288 0.109474 0.565716 0.210744 0.068777
2 3 0.064062 0.223293 0.514166 0.054600 0.143879
2 3 0.014432 0.056643 0.689179 0.205605 0.034141
2 3 0.062383 0.133061 0.528060 0.192497 0.083999
2 3 0.022476 0.078620 0.668686 0.187370 0.042848
2 3 0.038171 0.107181 0.396039 0.380927 0.077682
2 3 0.025996 0.074780 0.493568 0.352333 0.053323
3 3 0.036965 0.113208 0.381382 0.409837 0.058607
2 3 0.018933 0.066939 0.626485 0.246399 0.041245
3 3 0.015133 0.054766 0.213983 0.681966 0.034152
3 3 0.017046 0.059833 0.138246 0.751953 0.032921
3 3 0.019528 0.061186 0.198289 0.680859 0.040137
3 3 0.010356 0.043319 0.117810 0.805144 0.023371
3 3 0.016021 0.055932 0.191212 0.702110 0.034724
3 3 0.009683 0.042163 0.103756 0.822866 0.021531
3 3 0.031195 0.083722 0.284467 0.544141 0.056475
3 3 0.021232 0.063272 0.220048 0.651873 0.043576
2 3 0.018714 0.066640 0.806862 0.074684 0.033100
2 3 0.042481 0.107381 0.505586 0.276996 0.067556
2 3 0.045859 0.119923 0.535802 0.224838 0.073578
2 3 0.024490 0.081664 0.794282 0.062679 0.036884
2 3 0.034527 0.094687 0.611303 0.201546 0.057937
3 3 0.011049 0.048404 0.274513 0.637393 0.028641
2 3 0.064524 0.152475 0.453831 0.228290 0.100880
3 3 0.018733 0.065650 0.284914 0.590465 0.040239
3 3 0.016336 0.058902 0.272202 0.615420 0.037140
2 3 0.033855 0.097575 0.478526 0.331249 0.058795
3 3 0.019008 0.063786 0.147344 0.734044 0.035817
3 3 0.005561 0.029332 0.082882 0.867779 0.014446
3 3 0.008338 0.036764 0.124846 0.809039 0.021013
3 3 0.026121 0.081865 0.166290 0.682106 0.043618
3 3 0.014379 0.051619 0.161222 0.741374 0.031406
3 3 0.012686 0.050892 0.105936 0.805122 0.025364
3 3 0.006436 0.032966 0.076524 0.868767 0.015307
3 3 0.006750 0.035505 0.057552 0.885919 0.014275
3 3 0.007860 0.038354 0.072416 0.864495 0.016875
3 3 0.011028 0.048030 0.081101 0.838485 0.021355
3 3 0.010879 0.046128 0.099182 0.821123 0.022688
3 3 0.008686 0.038938 0.105145 0.826926 0.020305
3 3 0.009492 0.043658 0.075092 0.852693 0.019066
3 3 0.004460 0.027864 0.037450 0.920553 0.009673
3 3 0.004275 0.027414 0.033417 0.925821 0.009073
3 3 0.008339 0.040640 0.064856 0.869347 0.016818
3 3 0.004308 0.026598 0.044263 0.914789 0.010041
3 3 0.005795 0.033267 0.041080 0.908226 0.011632
3 3 0.002506 0.019428 0.023507 0.948674 0.005884
3 3 0.003286 0.023023 0.029360 0.936890 0.007442
3 3 0.008232 0.042912 0.040275 0.894409 0.014172
3 3 0.004695 0.029299 0.033750 0.922641 0.009615
3 3 0.005800 0.033778 0.036624 0.912611 0.011187
3 3 0.002360 0.018666 0.022807 0.950544 0.005622
3 3 0.003217 0.023534 0.021572 0.945070 0.006607
3 3 0.002325 0.018797 0.019624 0.953964 0.005290
3 3 0.002656 0.020286 0.023329 0.947658 0.006071
3 3 0.002379 0.018913 0.021451 0.951727 0.005530
3 3 0.002241 0.018148 0.021034 0.953275 0.005303
3 3 0.005085 0.030406 0.039716 0.914137 0.010655
3 3 0.001927 0.016717 0.016676 0.960197 0.004482
3 3 0.003118 0.023201 0.020096 0.947254 0.006330
3 3 0.002622 0.020549 0.019358 0.951824 0.005648
3 3 0.002633 0.020528 0.020063 0.951042 0.005733
3 3 0.003487 0.023577 0.034296 0.930511 0.008129
3 3 0.001817 0.016162 0.015416 0.962392 0.004214
3 3 0.004438 0.028285 0.032323 0.925786 0.009168
3 3 0.023085 0.071837 0.159297 0.704660 0.041120
3 3 0.019647 0.065851 0.140353 0.738231 0.035918
3 3 0.060200 0.136326 0.275818 0.449271 0.078386
2 2 0.077793 0.234194 0.466583 0.065597 0.155832
4 2 0.052181 0.237205 0.302828 0.041734 0.366053
2 2 0.033388 0.217044 0.462175 0.028090 0.259302
2 2 0.034999 0.221942 0.414772 0.029130 0.299157
2 2 0.037801 0.222599 0.448163 0.031685 0.259752
4 2 0.042577 0.228441 0.312610 0.033013 0.383358
2 2 0.023830 0.206352 0.413384 0.019888 0.336546
2 2 0.036193 0.214562 0.506822 0.030746 0.211677
2 2 0.052095 0.230000 0.465371 0.043813 0.208720
2 2 0.022105 0.134138 0.750640 0.024703 0.068414
4 2 0.039118 0.199137 0.241123 0.015765 0.504858
4 2 0.072949 0.202454 0.193457 0.017224 0.513916
0 2 0.411572 0.196784 0.139595 0.066114 0.185935
0 1 0.571550 0.074394 0.019324 0.003787 0.330945
4 1 0.108504 0.160691 0.111035 0.007772 0.611999
4 1 0.029036 0.201712 0.280101 0.017469 0.471681
4 1 0.047763 0.177688 0.180973 0.009699 0.583878
4 1 0.040608 0.183014 0.203552 0.010863 0.561963
4 1 0.072408 0.171819 0.145036 0.008957 0.601779
4 1 0.031249 0.186159 0.233668 0.011783 0.537141
4 1 0.042082 0.228924 0.307917 0.034120 0.386957
4 1 0.041298 0.205536 0.250206 0.018296 0.484664
4 1 0.040746 0.223791 0.297668 0.029532 0.408263
4 1 0.048028 0.208225 0.240930 0.019315 0.483503
4 1 0.040228 0.203155 0.247437 0.017314 0.491866
4 1 0.041510 0.219900 0.284856 0.026373 0.427361
4 1 0.036322 0.217232 0.294398 0.025230 0.426816
4 1 0.038030 0.219040 0.293483 0.026245 0.423202
2 1 0.034403 0.222233 0.371628 0.028362 0.343374
4 1 0.036822 0.213689 0.283173 0.022846 0.443470
2 2 0.043848 0.231530 0.387642 0.036226 0.300753
4 2 0.054459 0.209908 0.232381 0.020023 0.483229
4 2 0.160978 0.192626 0.132203 0.017728 0.496465
4 2 0.057724 0.231041 0.274005 0.033985 0.403245
4 2 0.066273 0.245980 0.296934 0.053455 0.337358
4 2 0.078946 0.249474 0.285414 0.059485 0.326681
4 2 0.053871 0.236756 0.297378 0.040790 0.371205
4 2 0.142838 0.176314 0.117954 0.011921 0.550974
0 2 0.431213 0.165210 0.078196 0.031377 0.294004
0 4 0.550975 0.112337 0.038800 0.013175 0.284712
4 4 0.338672 0.149814 0.068301 0.013128 0.430085
0 4 0.515391 0.110625 0.037851 0.010160 0.325972
4 4 0.297539 0.121609 0.049626 0.005635 0.525591
4 4 0.134971 0.228768 0.193392 0.036318 0.406552
0 4 0.447965 0.154173 0.068591 0.025219 0.304052
0 4 0.541403 0.085204 0.024286 0.004936 0.344171
4 4 0.135055 0.231522 0.198017 0.038917 0.396489
4 4 0.072885 0.220730 0.227500 0.026014 0.452871
4 4 0.062308 0.202310 0.205571 0.016920 0.512890
4 4 0.031689 0.194518 0.251943 0.014386 0.507465
4 4 0.245650 0.218464 0.147134 0.045610 0.343143
4 4 0.094300 0.218168 0.201299 0.025373 0.460860
4 1 0.047654 0.212377 0.250981 0.021353 0.467634
4 1 0.041526 0.160840 0.160779 0.006614 0.630242
4 1 0.030490 0.186381 0.236578 0.011868 0.534683
4 1 0.027527 0.185109 0.243779 0.011618 0.531967
4 1 0.026724 0.199831 0.285073 0.016912 0.471459
4 1 0.036473 0.194075 0.236621 0.014054 0.518777
4 1 0.023936 0.191765 0.276229 0.014003 0.494067
4 1 0.040972 0.183565 0.203914 0.010999 0.560550
4 1 0.022703 0.189488 0.276238 0.013332 0.498239
4 1 0.029813 0.189702 0.246690 0.012881 0.520914
4 1 0.064156 0.215191 0.228000 0.022692 0.469960
4 1 0.044996 0.218414 0.271531 0.025009 0.440050
4 1 0.031171 0.203406 0.276149 0.018013 0.471261
4 1 0.229301 0.184779 0.109567 0.019027 0.457326
4 1 0.087028 0.230645 0.231282 0.033698 0.417347
4 1 0.260375 0.150497 0.073857 0.009964 0.505306
4 1 0.061038 0.213960 0.230087 0.022021 0.472894
4 1 0.033632 0.207507 0.277871 0.019756 0.461235
4 1 0.047751 0.222259 0.274195 0.027439 0.428356
4 1 0.057418 0.232843 0.279125 0.035792 0.394822
4 1 0.095672 0.221395 0.205870 0.027397 0.449667
4 1 0.041190 0.205118 0.249515 0.018116 0.486061
4 1 0.037477 0.224006 0.309439 0.030426 0.398652
4 1 0.028535 0.207454 0.298170 0.020451 0.445391
4 1 0.035801 0.222026 0.309920 0.029080 0.403172
4 1 0.035157 0.202008 0.258982 0.017075 0.486779
4 2 0.026600 0.205752 0.302483 0.019877 0.445288
2 2 0.079649 0.240465 0.435246 0.066619 0.178020
4 2 0.046152 0.232717 0.306369 0.037382 0.377380
2 2 0.037186 0.212856 0.522992 0.031707 0.195259
2 2 0.056052 0.241052 0.354057 0.045896 0.302943
4 2 0.051960 0.216702 0.251779 0.023601 0.455958
4 2 0.121442 0.256154 0.260649 0.088965 0.272790
4 2 0.035279 0.221386 0.310061 0.028660 0.404614
4 2 0.130769 0.239351 0.214472 0.047311 0.368098
4 2 0.054813 0.221431 0.256913 0.026466 0.440377
4 2 0.232742 0.183527 0.107769 0.018753 0.457209
4 2 0.188811 0.202445 0.137179 0.024071 0.447495
2 2 0.082286 0.251544 0.342690 0.067185 0.256295
4 2 0.129326 0.235670 0.208438 0.042533 0.384033
4 2 0.177375 0.244838 0.205302 0.071292 0.301193
4 2 0.089382 0.219806 0.208401 0.026080 0.456330
4 2 0.064259 0.240992 0.286819 0.045142 0.362788
4 2 0.056147 0.239605 0.300031 0.044341 0.359876
4 2 0.109341 0.256212 0.270332 0.084531 0.279583
4 2 0.080720 0.238510 0.255274 0.041334 0.384163
0 1 0.398831 0.178130 0.090768 0.037185 0.295086
4 1 0.052512 0.223543 0.266521 0.028050 0.429374
4 1 0.069260 0.231996 0.256306 0.034461 0.407978
4 1 0.051004 0.227161 0.278753 0.031032 0.412050
4 1 0.026824 0.209190 0.311564 0.021856 0.430566
4 1 0.037330 0.225498 0.352337 0.030620 0.354215
2 2 0.042740 0.231021 0.366275 0.035140 0.324824
2 2 0.016835 0.086979 0.826449 0.030981 0.038755
2 2 0.027487 0.197046 0.567395 0.023699 0.184373
0 2 0.288551 0.226827 0.158596 0.096019 0.230007
2 1 0.202236 0.239864 0.248253 0.162909 0.146739
4 1 0.061679 0.243603 0.299281 0.049792 0.345644
4 1 0.027726 0.212828 0.358159 0.022829 0.378457
2 1 0.033952 0.221682 0.370801 0.027987 0.345578
2 1 0.044810 0.226680 0.461150 0.037651 0.229709
4 1 0.030874 0.216513 0.328444 0.025223 0.398946
2 1 0.023817 0.206559 0.384053 0.019751 0.365821
4 2 0.043429 0.231021 0.323507 0.035340 0.366703
2 2 0.037574 0.184498 0.643400 0.033050 0.101478
2 2 0.020363 0.126283 0.751843 0.026714 0.074797
2 2 0.089938 0.253935 0.319920 0.073009 0.263198
4 2 0.037352 0.225320 0.342423 0.030566 0.364340
4 2 0.048364 0.234845 0.310341 0.039201 0.367249
2 2 0.024277 0.199930 0.519686 0.020721 0.235386
2 2 0.042784 0.209433 0.556683 0.036782 0.154318
4 2 0.031006 0.215691 0.311024 0.025224 0.417056
2 2 0.012339 0.070711 0.861531 0.025587 0.029832
2 2 0.011343 0.088900 0.835941 0.017579 0.046237
2 2 0.007992 0.062936 0.884463 0.016125 0.028484
2 2 0.019802 0.130979 0.751456 0.023268 0.074495
2 2 0.011461 0.062944 0.858020 0.033234 0.034341
2 2 0.003610 0.023231 0.944259 0.019927 0.008973
2 2 0.043357 0.202058 0.587511 0.037576 0.129498
2 2 0.036151 0.195425 0.603910 0.031445 0.133069
2 2 0.032177 0.153435 0.720505 0.030484 0.063399
2 2 0.011583 0.050403 0.876058 0.040565 0.021391
2 2 0.011224 0.064594 0.876830 0.023291 0.024062
2 2 0.005735 0.036694 0.925212 0.019193 0.013166
2 2 0.023976 0.151076 0.724014 0.022832 0.078102
2 2 0.010461 0.066259 0.870543 0.022891 0.029846
2 2 0.011894 0.067062 0.859593 0.029067 0.032385
2 2 0.019035 0.144615 0.723243 0.019767 0.093340
2 2 0.005275 0.029510 0.926630 0.026441 0.012144
2 2 0.009108 0.063322 0.879505 0.019651 0.028414
2 2 0.052638 0.207757 0.571389 0.045484 0.122733
2 2 0.042958 0.204141 0.579110 0.037145 0.136646
2 2 0.031896 0.119974 0.760710 0.043081 0.044339
2 2 0.025506 0.181742 0.632769 0.022347 0.137637
2 2 0.029691 0.119354 0.756924 0.042986 0.051045
2 2 0.038346 0.190601 0.624059 0.033546 0.113447
2 2 0.130718 0.256108 0.278019 0.095953 0.239202
2 2 0.068065 0.238520 0.440042 0.056935 0.196439
2 2 0.053589 0.193382 0.615871 0.046925 0.090232
2 2 0.060858 0.231351 0.474363 0.051319 0.182108
2 2 0.107055 0.256479 0.295192 0.086389 0.254886
4 2 0.101582 0.255959 0.276907 0.081504 0.284048
1 2 0.220406 0.239459 0.202207 0.161616 0.176311
0 2 0.546152 0.113258 0.039351 0.013182 0.288058
4 2 0.091650 0.226951 0.219564 0.030992 0.430843
4 2 0.054803 0.231708 0.281768 0.034882 0.396838
0 1 0.285531 0.225668 0.171475 0.068099 0.249227
4 1 0.173137 0.219447 0.164024 0.033344 0.410048
4 1 0.069220 0.237709 0.269776 0.040451 0.382844
4 1 0.033462 0.204506 0.270729 0.018305 0.472998
4 1 0.025261 0.192087 0.270801 0.013983 0.497868
4 1 0.022090 0.198474 0.305909 0.017075 0.456452
4 1 0.024287 0.203132 0.306903 0.018951 0.446727
4 1 0.027574 0.210597 0.313883 0.022473 0.425473
4 1 0.029303 0.196465 0.265309 0.015252 0.493670
2 1 0.022459 0.203700 0.420546 0.018782 0.334514
4 1 0.032331 0.190094 0.239407 0.012905 0.525263
4 1 0.021986 0.193515 0.291550 0.014931 0.478018
4 1 0.029611 0.197270 0.266189 0.015540 0.491390
4 1 0.075077 0.249706 0.292219 0.060466 0.322531
4 1 0.074757 0.205977 0.197775 0.018656 0.502836
4 1 0.118346 0.255163 0.259407 0.081874 0.285210
4 1 0.046583 0.214319 0.257855 0.022443 0.458799
4 1 0.038738 0.182986 0.207419 0.010856 0.560000
4 1 0.042587 0.187800 0.209157 0.012102 0.548353
4 1 0.032370 0.190892 0.241144 0.013152 0.522441
4 1 0.025135 0.206249 0.311637 0.020494 0.436485
4 1 0.024015 0.192939 0.279058 0.014428 0.489560
4 1 0.024636 0.207138 0.343698 0.020242 0.404286
4 1 0.033193 0.190167 0.236976 0.012900 0.526765
4 1 0.020802 0.195578 0.304898 0.016026 0.462696
2 1 0.022621 0.204207 0.410299 0.018875 0.343997
4 1 0.031717 0.216700 0.310889 0.025797 0.414898
4 4 0.020571 0.188224 0.284570 0.013155 0.493481
4 4 0.031410 0.205660 0.281188 0.019071 0.462671
2 4 0.085877 0.253334 0.305313 0.069421 0.286055
4 4 0.084929 0.157244 0.117228 0.006766 0.633833
4 4 0.018584 0.188238 0.311712 0.012951 0.468515
4 4 0.021009 0.200924 0.371608 0.017398 0.389060
4 4 0.023487 0.188494 0.269573 0.012915 0.505531
2 4 0.043364 0.226918 0.450048 0.036345 0.243326
4 4 0.028875 0.149104 0.163095 0.004954 0.653972
4 4 0.029984 0.153853 0.169569 0.005548 0.641047
4 4 0.021590 0.188802 0.280329 0.013224 0.496055
4 4 0.027269 0.203352 0.292367 0.018494 0.458519
4 4 0.051999 0.225870 0.324720 0.026629 0.370782
4 4 0.021936 0.186499 0.272059 0.012416 0.507091
4 4 0.031597 0.164804 0.187123 0.007164 0.609312
4 1 0.041042 0.214117 0.271440 0.022675 0.450726
2 1 0.021438 0.201985 0.404845 0.017876 0.353857
2 2 0.062011 0.243171 0.378743 0.051076 0.264999
4 1 0.045682 0.224104 0.284139 0.029059 0.417017
4 1 0.054253 0.211295 0.235658 0.020686 0.478108
2 1 0.017423 0.192842 0.428727 0.014632 0.346376
2 1 0.029290 0.215444 0.376484 0.024204 0.354579
4 1 0.021974 0.200149 0.311485 0.017943 0.448449
2 1 0.023594 0.205648 0.424743 0.019740 0.326276
4 1 0.024431 0.206285 0.333196 0.020027 0.416061
4 1 0.090227 0.220869 0.209572 0.026770 0.452562
4 1 0.031694 0.207700 0.285559 0.020088 0.454958
4 1 0.021615 0.186469 0.273694 0.012439 0.505783
4 1 0.018464 0.195457 0.382301 0.015346 0.388432
4 1 0.020690 0.198463 0.326896 0.016966 0.436986
4 1 0.021330 0.201283 0.359286 0.017613 0.400487
4 1 0.021782 0.201374 0.337960 0.017897 0.420987
4 1 0.022617 0.201460 0.311550 0.018462 0.445910
2 1 0.080617 0.250709 0.351283 0.065967 0.251423
4 1 0.021953 0.187553 0.274865 0.012758 0.502872
4 1 0.031162 0.204801 0.279857 0.018677 0.465503
4 1 0.030527 0.208842 0.293389 0.020889 0.446353
4 1 0.021421 0.198990 0.311412 0.017495 0.450682
4 1 0.021150 0.200288 0.342846 0.017402 0.418314
4 1 0.022667 0.187598 0.271249 0.012699 0.505787
4 1 0.057372 0.241879 0.326432 0.046652 0.327666
4 1 0.063107 0.245012 0.318701 0.051200 0.321979
4 1 0.038228 0.214053 0.279606 0.022905 0.445209
2 2 0.073534 0.243141 0.414626 0.061139 0.207559
4 2 0.031919 0.209713 0.290152 0.021167 0.447048
4 2 0.028535 0.209566 0.304268 0.021689 0.435943
4 2 0.027994 0.212745 0.341658 0.022961 0.394641
4 2 0.023632 0.205042 0.343117 0.019272 0.408937
4 2 0.027088 0.210528 0.325796 0.022144 0.414444
4 2 0.027256 0.207086 0.303145 0.020492 0.442021
4 2 0.074290 0.217070 0.218674 0.023914 0.466052
4 2 0.060280 0.242814 0.299978 0.048676 0.348252
4 2 0.071142 0.217856 0.223986 0.024273 0.462743
2 2 0.052813 0.238833 0.364019 0.043357 0.300977
4 2 0.032197 0.215413 0.305075 0.024741 0.422575
4 2 0.045578 0.195112 0.218104 0.014276 0.526930
4 2 0.023474 0.203148 0.311609 0.019154 0.442616
4 2 0.040072 0.221339 0.293088 0.027651 0.417850
2 2 0.070924 0.248275 0.344357 0.057916 0.278528
4 2 0.031598 0.217866 0.335800 0.025853 0.388884
4 2 0.041810 0.222162 0.309079 0.026776 0.400173
2 2 0.028623 0.212176 0.451106 0.024046 0.284049
2 2 0.081454 0.249307 0.371644 0.067012 0.230583
2 2 0.028101 0.213663 0.388078 0.023290 0.346868
2 2 0.037487 0.225313 0.396165 0.031058 0.309977
2 2 0.037829 0.206572 0.559253 0.032536 0.163811
2 2 0.090895 0.252824 0.296206 0.066948 0.293127
2 2 0.024661 0.207407 0.426960 0.020634 0.320338
4 2 0.029692 0.215345 0.341514 0.024340 0.389109
2 2 0.086317 0.239036 0.441438 0.072382 0.160828
2 2 0.109917 0.238547 0.423357 0.092093 0.136086
2 2 0.114132 0.250182 0.335156 0.063759 0.236770
2 2 0.140822 0.255537 0.274225 0.113290 0.216126
4 2 0.076527 0.250227 0.291420 0.061619 0.320207
2 1 0.129293 0.248242 0.354407 0.106489 0.161569
0 1 0.618179 0.116053 0.041930 0.025667 0.198171
0 1 0.317487 0.222158 0.182976 0.104100 0.173279
4 1 0.032157 0.218908 0.343403 0.026353 0.379180
2 1 0.036821 0.206309 0.545848 0.032599 0.178423
2 1 0.077411 0.242417 0.422944 0.064522 0.192705
4 1 0.070683 0.247972 0.294604 0.056968 0.329772
2 1 0.047048 0.224320 0.487880 0.039779 0.200974
2 1 0.029263 0.163956 0.693440 0.027196 0.086146
2 2 0.038611 0.190446 0.624786 0.033786 0.112371
2 2 0.009263 0.072242 0.868209 0.016625 0.033661
2 2 0.024983 0.124905 0.760450 0.031912 0.057750
2 2 0.007509 0.053164 0.901486 0.017210 0.020632
2 2 0.004741 0.038768 0.925780 0.014435 0.016276
2 2 0.010679 0.063707 0.876963 0.023167 0.025484
2 2 0.009603 0.049891 0.889857 0.029977 0.020672
2 2 0.007039 0.042044 0.910997 0.023208 0.016712
2 2 0.008484 0.046858 0.901310 0.025512 0.017836
2 2 0.009658 0.063600 0.877620 0.021151 0.027972
2 2 0.016021 0.071777 0.845301 0.037334 0.029568
2 2 0.002927 0.019613 0.950294 0.019226 0.007940
2 2 0.013939 0.056289 0.858158 0.046801 0.024813
2 2 0.010245 0.048721 0.886598 0.034400 0.020036
2 2 0.008961 0.036290 0.845326 0.086161 0.023263
2 3 0.023298 0.080759 0.620477 0.230495 0.044970
2 3 0.010385 0.046068 0.883054 0.040318 0.020174
2 3 0.014419 0.053404 0.595006 0.300424 0.036748
2 3 0.011604 0.043309 0.840763 0.077795 0.026529
2 3 0.009338 0.038412 0.876945 0.054024 0.021281
2 3 0.004802 0.027147 0.929723 0.026717 0.011611
2 3 0.010059 0.039570 0.488081 0.431184 0.031106
2 3 0.077242 0.147553 0.465557 0.216972 0.092676
2 3 0.041229 0.192661 0.619048 0.036034 0.111029
2 3 0.139417 0.234131 0.397062 0.116668 0.112723
2 3 0.214049 0.238605 0.272896 0.131404 0.143046
2 3 0.168372 0.245048 0.301077 0.137319 0.148184
2 1 0.094345 0.246288 0.399809 0.078305 0.181253
2 1 0.074321 0.247301 0.378300 0.061225 0.238854
2 1 0.038113 0.222989 0.446895 0.031936 0.260067
2 1 0.033346 0.197094 0.590999 0.028905 0.149656
2 1 0.014675 0.071144 0.837613 0.039199 0.037369
2 2 0.009435 0.057378 0.887433 0.022648 0.023106
2 2 0.010645 0.051131 0.882709 0.034181 0.021334
2 2 0.011107 0.050567 0.882528 0.035812 0.019987
2 2 0.023572 0.164717 0.686846 0.021399 0.103466
2 2 0.015804 0.060935 0.845286 0.050711 0.027264
2 2 0.013853 0.059812 0.865399 0.037974 0.022961
2 2 0.009839 0.043850 0.881377 0.043454 0.021480
2 3 0.008509 0.040019 0.896971 0.036890 0.017610
2 3 0.020072 0.085291 0.815147 0.041980 0.037509
2 3 0.006858 0.032226 0.903458 0.041071 0.016388
2 3 0.020896 0.061233 0.768843 0.108002 0.041027
2 3 0.029698 0.096102 0.744949 0.074862 0.054390
2 3 0.004121 0.022512 0.929807 0.032082 0.011479
2 3 0.015773 0.056904 0.817259 0.079129 0.030935
2 3 0.010444 0.044437 0.726846 0.190047 0.028226
2 3 0.015547 0.058667 0.778679 0.114673 0.032434
2 3 0.009726 0.040911 0.700175 0.221035 0.028153
3 3 0.012514 0.050388 0.360105 0.544086 0.032907
2 3 0.026672 0.079235 0.679056 0.166231 0.048806
3 3 0.013135 0.054418 0.427416 0.471265 0.033766
2 3 0.020109 0.063994 0.698193 0.175343 0.042361
3 3 0.011239 0.043593 0.276020 0.638558 0.030589
2 3 0.010287 0.043212 0.658790 0.258236 0.029475
2 3 0.011960 0.051639 0.676779 0.229051 0.030571
2 3 0.008909 0.034232 0.848529 0.084636 0.023693
2 3 0.019435 0.066096 0.545155 0.325706 0.043607
3 3 0.007568 0.039509 0.156522 0.776716 0.019685
3 3 0.012781 0.046276 0.184131 0.726156 0.030656
3 3 0.012001 0.047585 0.421453 0.485820 0.033141
3 3 0.015637 0.055753 0.403830 0.485931 0.038849
3 3 0.009042 0.036299 0.182443 0.747214 0.025002
2 3 0.018892 0.065025 0.594685 0.279077 0.042321
3 3 0.011677 0.045371 0.146984 0.768977 0.026991
3 3 0.012367 0.053704 0.359739 0.542607 0.031583
3 3 0.006328 0.032765 0.144516 0.798512 0.017879
3 3 0.014237 0.050013 0.227830 0.673734 0.034186
3 3 0.007288 0.035302 0.088090 0.852055 0.017265
3 3 0.003424 0.021822 0.056123 0.909104 0.009528
3 3 0.003163 0.020968 0.049230 0.917942 0.008697
3 3 0.005050 0.027955 0.071528 0.882480 0.012988
3 3 0.004118 0.025275 0.050910 0.909434 0.010263
3 3 0.006151 0.032875 0.061974 0.885129 0.013870
3 3 0.003488 0.022903 0.043109 0.921703 0.008797
3 3 0.003079 0.021058 0.041000 0.926822 0.008040
3 3 0.003471 0.023328 0.036318 0.928613 0.008269
3 3 0.003218 0.021843 0.039550 0.927241 0.008148
3 3 0.002780 0.020467 0.028477 0.941595 0.006680
3 3 0.002629 0.019851 0.026204 0.945034 0.006282
3 3 0.001368 0.013260 0.014225 0.967675 0.003471
3 3 0.002408 0.018685 0.025495 0.947501 0.005911
3 3 0.003137 0.021911 0.033361 0.934020 0.007570
3 3 0.002846 0.020297 0.034873 0.934723 0.007261
3 3 0.002443 0.018622 0.028537 0.944201 0.006198
3 3 0.003576 0.023502 0.040611 0.923566 0.008745
3 3 0.004175 0.026554 0.037556 0.922399 0.009316
3 3 0.002132 0.017630 0.019818 0.955373 0.005047
3 3 0.003372 0.022629 0.039129 0.926528 0.008342
3 3 0.001846 0.016279 0.016017 0.961549 0.004310
3 3 0.001470 0.013797 0.015864 0.965109 0.003760
3 3 0.001898 0.016721 0.015135 0.961951 0.004295
3 3 0.001157 0.012015 0.011632 0.972260 0.002936
3 3 0.001653 0.014935 0.016767 0.962540 0.004105
3 3 0.001691 0.015272 0.015955 0.962994 0.004088
3 3 0.001617 0.014822 0.015616 0.963991 0.003954
3 3 0.001631 0.015052 0.014425 0.965027 0.003866
3 3 0.002096 0.017230 0.021597 0.953930 0.005147
3 3 0.001790 0.015701 0.017974 0.960129 0.004406
3 3 0.002189 0.018084 0.018776 0.955921 0.005030
3 3 0.001823 0.016058 0.016607 0.961180 0.004332
3 3 0.001154 0.011960 0.011893 0.972039 0.002954
3 3 0.001570 0.014640 0.014431 0.965578 0.003781
3 3 0.001484 0.014063 0.014299 0.966507 0.003647
3 3 0.001236 0.012642 0.011371 0.971722 0.003028
3 3 0.003178 0.022354 0.030592 0.936474 0.007402
3 3 0.001542 0.014425 0.014671 0.965597 0.003764
3 3 0.000982 0.010859 0.009868 0.975771 0.002520
3 3 0.001147 0.012070 0.010597 0.973357 0.002829
3 3 0.001428 0.013748 0.013691 0.967620 0.003513
3 3 0.001253 0.012725 0.011719 0.971218 0.003084
3 3 0.001198 0.012413 0.010926 0.972531 0.002932
3 3 0.001327 0.013218 0.012077 0.970157 0.003222
3 3 0.001327 0.013062 0.013402 0.968868 0.003341
3 3 0.001325 0.013284 0.011478 0.970749 0.003163
3 3 0.001734 0.015636 0.015259 0.963287 0.004085
3 3 0.001366 0.013441 0.012564 0.969306 0.003323
3 3 0.002011 0.017049 0.018369 0.957819 0.004751
3 3 0.001502 0.014293 0.013425 0.967188 0.003593
3 3 0.001594 0.014619 0.016046 0.963785 0.003958
3 3 0.000965 0.010906 0.008534 0.977222 0.002372
3 3 0.001529 0.014539 0.012989 0.967352 0.003590
3 3 0.001314 0.013176 0.011708 0.970631 0.003170
3 3 0.001708 0.015442 0.015501 0.963275 0.004073
3 3 0.001416 0.013819 0.012414 0.968971 0.003379
3 3 0.002540 0.019684 0.022867 0.949036 0.005874
3 3 0.002675 0.020074 0.026535 0.944343 0.006373
3 3 0.002061 0.017241 0.019402 0.956385 0.004911
3 3 0.001979 0.016701 0.019799 0.956690 0.004831
3 3 0.001168 0.012165 0.011098 0.972663 0.002905
3 3 0.001335 0.013218 0.012565 0.969603 0.003279
3 3 0.002707 0.020640 0.022633 0.947946 0.006074
3 3 0.001139 0.011969 0.010877 0.973173 0.002842
3 3 0.001847 0.016186 0.016843 0.960738 0.004387
3 3 0.001433 0.013898 0.012755 0.968477 0.003436
3 3 0.002127 0.017761 0.018321 0.956887 0.004904
3 3 0.001392 0.013591 0.012854 0.968777 0.003386
3 3 0.001341 0.013096 0.013979 0.968174 0.003411
3 3 0.001938 0.016710 0.017330 0.959464 0.004557
3 3 0.002047 0.017047 0.020445 0.955480 0.004981
3 3 0.001634 0.014944 0.015513 0.963942 0.003968
3 3 0.001308 0.012609 0.016561 0.965956 0.003565
3 3 0.001517 0.014473 0.012872 0.967574 0.003563
3 3 0.002087 0.017186 0.021523 0.954075 0.005129
3 3 0.011123 0.048643 0.077524 0.841577 0.021134
2 2 0.169528 0.244920 0.323033 0.107051 0.155467
2 2 0.047386 0.225921 0.478315 0.039974 0.208404
2 2 0.042424 0.226076 0.451636 0.035572 0.244292
2 2 0.027200 0.209332 0.463971 0.022922 0.276576
2 2 0.041607 0.229989 0.359453 0.034159 0.334792
2 2 0.027099 0.212112 0.389113 0.022471 0.349205
2 2 0.032183 0.217008 0.445456 0.026982 0.278371
4 2 0.058187 0.223307 0.254880 0.027655 0.435970
4 2 0.028190 0.197549 0.272545 0.015776 0.485940
2 2 0.036405 0.224530 0.358683 0.029910 0.350471
4 2 0.046871 0.191422 0.208285 0.013137 0.540284
4 4 0.050767 0.189658 0.198369 0.012660 0.548547
4 4 0.045633 0.226430 0.290394 0.031028 0.406514
2 4 0.164626 0.248604 0.287599 0.133533 0.165638
4 4 0.183737 0.157038 0.088663 0.008972 0.561589
2 4 0.072154 0.246114 0.385683 0.059546 0.236503
2 1 0.047769 0.235281 0.362727 0.039220 0.315004
4 1 0.041111 0.229264 0.339754 0.033599 0.356272
2 1 0.031085 0.217771 0.397065 0.025792 0.328287
4 1 0.029675 0.214865 0.330753 0.024265 0.400442
2 1 0.045349 0.232380 0.396504 0.037538 0.288229
2 1 0.056817 0.222775 0.513481 0.048371 0.158556
2 1 0.057149 0.241781 0.348623 0.046729 0.305718
4 1 0.031581 0.217669 0.331713 0.025815 0.393222
4 1 0.025932 0.195377 0.276552 0.015145 0.486992
2 1 0.075886 0.245544 0.398701 0.062848 0.217021
4 1 0.034301 0.220157 0.310312 0.027875 0.407356
4 1 0.027986 0.177151 0.223520 0.009587 0.561755
4 4 0.026908 0.160639 0.190946 0.006500 0.615006
4 4 0.033789 0.186490 0.226987 0.011817 0.540918
4 4 0.026518 0.209862 0.331215 0.021710 0.410695
4 4 0.059766 0.202980 0.210279 0.017132 0.509843
4 4 0.159634 0.236201 0.195084 0.048472 0.360610
4 4 0.039377 0.181148 0.202357 0.010413 0.566704
4 4 0.026754 0.186233 0.249470 0.011979 0.525564
4 4 0.042251 0.057558 0.029399 0.000318 0.870475
4 4 0.039097 0.164089 0.170491 0.007091 0.619232
4 4 0.023541 0.179041 0.244844 0.010185 0.542388
4 4 0.020135 0.186649 0.282670 0.012674 0.497873
4 4 0.022716 0.203921 0.354449 0.018725 0.400189
4 4 0.024131 0.173215 0.228225 0.008813 0.565615
4 4 0.026481 0.191135 0.262957 0.013546 0.505880
4 4 0.031578 0.214250 0.304314 0.024066 0.425792
4 4 0.034847 0.180976 0.212297 0.010386 0.561494
2 4 0.058788 0.238707 0.389998 0.043510 0.268998
4 4 0.023699 0.200414 0.302073 0.017687 0.456127
4 4 0.023178 0.203871 0.332249 0.019006 0.421694
4 4 0.028102 0.201630 0.283846 0.017547 0.468875
4 4 0.037791 0.225794 0.341685 0.030917 0.363812
4 4 0.031045 0.205464 0.282081 0.019018 0.462392
4 4 0.042634 0.219008 0.279323 0.025619 0.433416
4 4 0.089601 0.161604 0.120377 0.007526 0.620893
4 4 0.116326 0.233598 0.212641 0.038718 0.398716
4 4 0.038645 0.149559 0.145989 0.005088 0.660719
4 4 0.036470 0.128073 0.114907 0.003029 0.717521
4 4 0.035658 0.190924 0.231748 0.013069 0.528602
4 4 0.027343 0.210055 0.311523 0.022274 0.428805
4 4 0.026213 0.208062 0.320822 0.020883 0.424020
4 4 0.056306 0.231587 0.295314 0.033116 0.383677
4 4 0.023307 0.198407 0.298339 0.016809 0.463139
4 4 0.053138 0.222383 0.307728 0.023914 0.392837
4 4 0.068934 0.244443 0.287637 0.050171 0.348814
2 4 0.032974 0.220264 0.393309 0.027325 0.326128
2 4 0.121350 0.255598 0.308539 0.098449 0.216064
4 4 0.079794 0.251314 0.289599 0.064217 0.315076
4 4 0.092097 0.254441 0.282531 0.073986 0.296945
4 4 0.068334 0.223442 0.239037 0.027688 0.441499
2 4 0.082824 0.251418 0.346957 0.067703 0.251097
4 4 0.082965 0.185276 0.157066 0.012197 0.562497
4 4 0.128088 0.101331 0.048538 0.001974 0.720068
0 4 0.454848 0.112709 0.039629 0.008061 0.384753
0 0 0.751795 0.050110 0.010411 0.003751 0.183933
0 0 0.688938 0.090749 0.027881 0.017266 0.175166
2 0 0.251274 0.234194 0.255271 0.106281 0.152980
0 0 0.586739 0.080904 0.022202 0.005317 0.304838
0 0 0.738531 0.028086 0.004012 0.000639 0.228733
0 0 0.743043 0.061446 0.014605 0.006741 0.174165
0 0 0.584553 0.086060 0.024625 0.006400 0.298361
4 0 0.175461 0.160899 0.093858 0.009506 0.560276
0 0 0.614361 0.030199 0.004449 0.000380 0.350611
0 0 0.527843 0.083593 0.023580 0.004361 0.360623
4 0 0.152808 0.119984 0.060185 0.003477 0.663546
4 0 0.177688 0.086883 0.033660 0.001471 0.700299
4 0 0.048550 0.195874 0.214118 0.014525 0.526933
4 1 0.039273 0.190039 0.220859 0.012749 0.537081
4 1 0.043118 0.166566 0.168304 0.007537 0.614475
4 4 0.066652 0.128013 0.090925 0.003303 0.711107
4 4 0.437401 0.074996 0.020325 0.002183 0.465095
0 4 0.831891 0.035406 0.006238 0.003037 0.123428
0 4 0.681300 0.093845 0.029474 0.018427 0.176955
0 4 0.816633 0.036804 0.006545 0.002820 0.137199
0 4 0.693426 0.084014 0.024346 0.013100 0.185114
4 4 0.267202 0.106138 0.040880 0.003384 0.582396
4 4 0.159805 0.122861 0.061620 0.003811 0.651903
4 4 0.085037 0.204305 0.185375 0.018338 0.506945
4 4 0.066652 0.111585 0.072430 0.002179 0.747154
4 4 0.026684 0.127142 0.128391 0.002880 0.714903
4 4 0.034407 0.155686 0.163795 0.005819 0.640292
4 4 0.026488 0.175213 0.224172 0.009186 0.564941
4 4 0.035460 0.179408 0.207530 0.010015 0.567587
4 4 0.025077 0.174211 0.226947 0.009002 0.564763
4 4 0.026228 0.182999 0.243574 0.011092 0.536106
4 4 0.025617 0.179242 0.236841 0.010148 0.548153
4 2 0.025116 0.176330 0.231804 0.009473 0.557277
4 2 0.030025 0.158479 0.178404 0.006182 0.626910
4 2 0.028487 0.172810 0.212247 0.008645 0.577811
4 2 0.023162 0.187782 0.269263 0.012712 0.507082
4 2 0.042071 0.194590 0.224228 0.014127 0.524984
4 2 0.041761 0.180306 0.195978 0.010225 0.571730
4 2 0.026906 0.170915 0.213043 0.008287 0.580848
4 2 0.029392 0.193712 0.258021 0.014234 0.504641
4 2 0.027534 0.164293 0.196786 0.007083 0.604303
4 2 0.024297 0.187111 0.262082 0.012401 0.514109
4 2 0.057648 0.112370 0.077438 0.002163 0.750381
4 2 0.024275 0.187330 0.262756 0.012472 0.513167
4 2 0.026830 0.173605 0.219327 0.008834 0.571405
4 2 0.028241 0.186337 0.244137 0.011939 0.529347
4 4 0.020366 0.188524 0.286669 0.013290 0.491151
4 4 0.031197 0.215965 0.310989 0.025378 0.416472
4 4 0.035369 0.197872 0.248449 0.015425 0.502885
4 4 0.055179 0.187310 0.187659 0.012081 0.557770
4 4 0.026858 0.173934 0.219977 0.008903 0.570327
4 4 0.026966 0.140140 0.150747 0.003983 0.678165
4 4 0.030279 0.196446 0.261608 0.015172 0.496494
4 4 0.041253 0.214883 0.272764 0.023111 0.447989
4 1 0.101431 0.255940 0.276997 0.081384 0.284247
4 1 0.027875 0.197448 0.273589 0.015766 0.485321
4 1 0.022622 0.193856 0.288947 0.014969 0.479607
4 1 0.049073 0.149779 0.133239 0.005233 0.662676
4 1 0.035293 0.169529 0.188058 0.007995 0.599125
4 1 0.033098 0.211904 0.291592 0.022276 0.441131
4 1 0.023018 0.201308 0.308677 0.018286 0.448711
4 1 0.027685 0.198156 0.276273 0.016076 0.481810
4 1 0.027699 0.197563 0.274633 0.015831 0.484274
4 1 0.023457 0.199084 0.299496 0.017096 0.460868
4 1 0.026873 0.211339 0.353663 0.022111 0.386015
4 1 0.088728 0.204074 0.182014 0.018391 0.506794
2 1 0.168560 0.250637 0.282570 0.102347 0.195885
4 1 0.116202 0.256418 0.265431 0.088244 0.273704
2 1 0.033682 0.220969 0.399902 0.027948 0.317499
2 1 0.030775 0.216912 0.413565 0.025630 0.313118
2 1 0.029952 0.216146 0.401626 0.024884 0.327392
2 1 0.031094 0.215563 0.447668 0.026087 0.279589
2 1 0.035617 0.221504 0.434595 0.029773 0.278510
2 2 0.031622 0.163640 0.675567 0.033082 0.096088
2 2 0.041651 0.229556 0.389553 0.034435 0.304806
2 2 0.017382 0.140630 0.725194 0.018887 0.097906
2 2 0.026955 0.183013 0.632303 0.023612 0.134117
2 2 0.031321 0.174468 0.664502 0.028607 0.101101
2 2 0.036940 0.209113 0.543560 0.031650 0.178737
4 2 0.151721 0.237744 0.201066 0.048974 0.360495
2 2 0.038555 0.210545 0.541255 0.033016 0.176629
2 2 0.047188 0.218603 0.520972 0.040218 0.173018
2 2 0.023136 0.165666 0.686328 0.020569 0.104301
2 2 0.005611 0.047030 0.908118 0.015770 0.023472
2 2 0.021843 0.161685 0.684800 0.020734 0.110937
2 2 0.026323 0.199448 0.544181 0.022578 0.207470
2 2 0.005565 0.049802 0.905236 0.014261 0.025137
2 2 0.024921 0.187651 0.603308 0.021676 0.162445
2 2 0.010054 0.062811 0.867930 0.026242 0.032963
2 2 0.060741 0.221422 0.521277 0.051843 0.144716
2 2 0.025026 0.160185 0.704008 0.022802 0.087980
2 2 0.020670 0.168658 0.667660 0.018281 0.124731
2 2 0.025634 0.205267 0.486581 0.021716 0.260802
2 2 0.024708 0.130129 0.735457 0.034014 0.075692
2 2 0.024548 0.194777 0.560716 0.021142 0.198817
2 2 0.018116 0.169235 0.651986 0.015964 0.144698
2 2 0.022808 0.189746 0.578085 0.019727 0.189634
2 2 0.009474 0.056552 0.883584 0.025178 0.025212
2 2 0.022366 0.181989 0.617309 0.019526 0.158809
2 2 0.012819 0.127169 0.746742 0.014874 0.098396
2 2 0.011162 0.074210 0.851495 0.023699 0.039434
2 2 0.018850 0.167980 0.661897 0.016650 0.134622
2 2 0.022123 0.154769 0.696896 0.022657 0.103555
2 2 0.026748 0.205244 0.502511 0.022731 0.242766
2 2 0.010737 0.085611 0.827872 0.020112 0.055668
2 2 0.015897 0.090405 0.807887 0.032316 0.053495
2 2 0.012491 0.073506 0.847189 0.028501 0.038312
2 2 0.028346 0.185906 0.614822 0.025661 0.145265
2 2 0.015867 0.125230 0.761190 0.018894 0.078819
2 2 0.011178 0.061433 0.859090 0.033877 0.034421
2 2 0.014644 0.086746 0.823194 0.028533 0.046884
2 2 0.013790 0.076615 0.831798 0.033536 0.044261
2 2 0.007834 0.057351 0.880629 0.021576 0.032610
2 2 0.005054 0.025392 0.884879 0.069141 0.015534
2 2 0.025157 0.112573 0.729845 0.051779 0.080646
2 2 0.046943 0.145774 0.626245 0.081293 0.099745
2 2 0.009579 0.039278 0.875706 0.053894 0.021543
2 2 0.064835 0.206730 0.570954 0.056165 0.101315
2 2 0.019101 0.073553 0.795397 0.064609 0.047340
2 2 0.006519 0.031685 0.908576 0.037749 0.015472
2 2 0.015987 0.137285 0.717827 0.018871 0.110031
2 2 0.026099 0.153280 0.677034 0.031660 0.111927
2 2 0.013213 0.053622 0.857363 0.049803 0.025999
2 2 0.014765 0.082353 0.811507 0.036549 0.054826
2 2 0.037012 0.150005 0.641539 0.057719 0.113726
2 2 0.015909 0.087383 0.804885 0.036114 0.055709
2 2 0.026836 0.081396 0.708987 0.135986 0.046795
2 2 0.012954 0.082341 0.826150 0.028006 0.050548
2 2 0.027018 0.081272 0.698660 0.144965 0.048085
2 2 0.007985 0.035866 0.893830 0.044112 0.018208
2 2 0.025249 0.076725 0.684558 0.166265 0.047203
2 2 0.028216 0.076932 0.515861 0.322677 0.056314
2 3 0.064119 0.199456 0.563220 0.063241 0.109964
2 3 0.043148 0.109413 0.579873 0.201965 0.065601
2 3 0.018041 0.135929 0.719719 0.022649 0.103663
2 3 0.010324 0.074313 0.850983 0.021936 0.042445
2 3 0.015480 0.052104 0.822731 0.078066 0.031618
2 3 0.121746 0.245855 0.376979 0.100827 0.154593
2 2 0.074379 0.227612 0.495284 0.063176 0.139549
2 2 0.040068 0.174325 0.595277 0.050436 0.139895
2 2 0.028105 0.132649 0.733255 0.037280 0.068712
2 2 0.039497 0.117386 0.728727 0.066414 0.047977
2 2 0.018518 0.100121 0.793609 0.032824 0.054929
2 2 0.027843 0.103398 0.752466 0.059146 0.057147
2 2 0.041859 0.191760 0.622267 0.036622 0.107492
2 2 0.050782 0.221145 0.514389 0.043221 0.170463
2 2 0.037701 0.218513 0.486321 0.031874 0.225591
2 2 0.032261 0.196535 0.590414 0.027960 0.152830
2 2 0.027509 0.160989 0.681962 0.028557 0.100983
2 2 0.020824 0.091187 0.793761 0.045526 0.048702
2 2 0.063797 0.199100 0.593253 0.055633 0.088216
2 2 0.019602 0.120994 0.774013 0.024337 0.061053
2 2 0.032751 0.176722 0.656899 0.030128 0.103499
2 2 0.004950 0.034051 0.923805 0.021029 0.016165
2 2 0.020311 0.177463 0.620530 0.018141 0.163556
2 2 0.021617 0.173232 0.623111 0.021152 0.160887
2 2 0.005648 0.045047 0.908675 0.017492 0.023138
2 2 0.009233 0.071402 0.851171 0.021552 0.046641
2 2 0.016468 0.102773 0.780276 0.030217 0.070266
2 2 0.012191 0.066858 0.857042 0.030897 0.033012
2 2 0.019688 0.127946 0.752828 0.024544 0.074994
2 2 0.016872 0.131509 0.747801 0.019344 0.084474
2 2 0.014055 0.121767 0.762634 0.017385 0.084160
2 2 0.061116 0.225145 0.505445 0.051949 0.156344
2 0 0.076199 0.230860 0.481489 0.064498 0.146954
2 1 0.133685 0.256473 0.272391 0.107393 0.230058
4 1 0.044930 0.231630 0.306884 0.036403 0.380153
4 1 0.054826 0.229642 0.294408 0.031338 0.389786
4 1 0.095545 0.231268 0.224307 0.034731 0.414149
2 1 0.077936 0.226899 0.496360 0.066261 0.132545
2 1 0.047586 0.232342 0.422221 0.039619 0.258233
4 1 0.041728 0.229592 0.329762 0.034017 0.364900
2 1 0.060118 0.239921 0.410276 0.049899 0.239786
2 1 0.039276 0.227466 0.383388 0.032437 0.317433
4 1 0.049478 0.191344 0.203648 0.013130 0.542400
4 1 0.026207 0.194379 0.272643 0.014733 0.492038
4 1 0.022125 0.202710 0.353257 0.018238 0.403671
4 1 0.027272 0.193681 0.266240 0.014378 0.498430
4 1 0.028008 0.211138 0.311459 0.022810 0.426585
2 1 0.063216 0.244486 0.363448 0.051871 0.276979
4 1 0.068981 0.194487 0.183857 0.014405 0.538269
4 1 0.029883 0.213701 0.310188 0.024079 0.422149
4 1 0.054572 0.177670 0.171642 0.009791 0.586324
4 1 0.035728 0.188854 0.226987 0.012451 0.535980
4 1 0.021776 0.201754 0.346708 0.017927 0.411836
2 1 0.072864 0.246887 0.378912 0.060030 0.241307
4 1 0.039127 0.225852 0.308926 0.031750 0.394346
4 1 0.034991 0.140911 0.137196 0.004123 0.682779
4 1 0.022891 0.186405 0.266908 0.012296 0.511500
4 1 0.026196 0.200468 0.289325 0.017277 0.466734
4 1 0.024978 0.193980 0.277213 0.014711 0.489118
4 1 0.028812 0.209091 0.301606 0.021346 0.439145
2 1 0.031974 0.216572 0.448233 0.026825 0.276395
4 1 0.038119 0.194158 0.232535 0.014044 0.521144
4 1 0.024948 0.203274 0.303720 0.018882 0.449176
2 1 0.042487 0.229212 0.412975 0.035312 0.280015
4 1 0.027261 0.212229 0.365161 0.022485 0.372865
2 1 0.021253 0.201617 0.385140 0.017649 0.374341
4 1 0.017868 0.185060 0.292865 0.012473 0.491734
4 1 0.060047 0.122578 0.088037 0.002834 0.726504
4 1 0.031513 0.200198 0.266617 0.016569 0.485103
4 1 0.020378 0.198686 0.344167 0.016778 0.419991
2 1 0.024205 0.207182 0.403101 0.020153 0.345359
