0 0 0.755443 0.073270 0.137155 0.017307 0.016825
0 0 0.872658 0.033022 0.085409 0.005042 0.003869
0 0 0.758417 0.075279 0.138866 0.010774 0.016665
0 0 0.944287 0.011259 0.043138 0.000755 0.000561
0 0 0.849925 0.040440 0.096753 0.007268 0.005614
0 0 0.845669 0.041840 0.098780 0.007732 0.005979
0 0 0.659412 0.111968 0.171754 0.020493 0.036373
0 0 0.606763 0.133666 0.186904 0.021662 0.051005
0 0 0.629852 0.124432 0.180802 0.020650 0.044264
0 0 0.523409 0.165595 0.204007 0.026620 0.080369
0 0 0.570340 0.146966 0.194700 0.025334 0.062659
0 0 0.759779 0.071912 0.135706 0.016414 0.016189
0 0 0.677983 0.104747 0.166077 0.019232 0.031961
0 0 0.853107 0.039395 0.095217 0.006931 0.005349
0 0 0.667279 0.109968 0.170201 0.017947 0.034604
0 0 0.570729 0.145294 0.193600 0.028174 0.062203
4 0 0.079937 0.241841 0.134826 0.029477 0.513919
0 1 0.489787 0.177754 0.208769 0.029005 0.094684
0 1 0.656138 0.111817 0.171615 0.023492 0.036938
0 1 0.643476 0.119604 0.177412 0.018870 0.040637
0 1 0.507210 0.171990 0.206737 0.026892 0.087171
0 1 0.625282 0.125875 0.181776 0.021573 0.045494
0 1 0.554325 0.151941 0.197204 0.028445 0.068085
0 1 0.395884 0.207476 0.214682 0.038762 0.143197
4 1 0.152728 0.251960 0.174612 0.047114 0.373586
4 1 0.193207 0.254048 0.190306 0.042418 0.320022
4 1 0.224198 0.254774 0.200339 0.035186 0.285502
2 1 0.029469 0.145023 0.666995 0.029520 0.128992
2 1 0.019344 0.104027 0.777737 0.023963 0.074930
2 1 0.023074 0.080899 0.828166 0.023298 0.044564
2 1 0.065436 0.153441 0.650791 0.030311 0.100022
2 1 0.009793 0.015891 0.956439 0.013379 0.004498
2 2 0.005559 0.012115 0.966991 0.011696 0.003638
2 2 0.037753 0.057628 0.871973 0.015699 0.016947
2 2 0.015969 0.073879 0.819118 0.037022 0.054013
2 2 0.003744 0.011329 0.970173 0.011081 0.003672
2 2 0.009077 0.018920 0.954847 0.011885 0.005271
2 2 0.002421 0.006727 0.853686 0.133012 0.004154
2 2 0.014672 0.021840 0.851973 0.095941 0.015575
2 2 0.016252 0.034247 0.871748 0.058311 0.019442
2 2 0.001131 0.005415 0.848536 0.141282 0.003637
2 2 0.006071 0.013041 0.942381 0.032135 0.006371
2 2 0.002325 0.007603 0.858667 0.126083 0.005322
2 2 0.002771 0.008503 0.902414 0.079749 0.006563
2 2 0.002172 0.009762 0.565406 0.416841 0.005820
2 3 0.003656 0.013658 0.492034 0.477404 0.013248
3 3 0.000926 0.006298 0.229344 0.759025 0.004408
3 3 0.001601 0.006437 0.037562 0.951693 0.002707
3 3 0.001357 0.007651 0.288285 0.695898 0.006810
3 3 0.000628 0.003574 0.028849 0.964843 0.002106
3 3 0.000318 0.002550 0.011886 0.984380 0.000865
3 3 0.000713 0.004372 0.020244 0.972797 0.001873
3 3 0.000291 0.002186 0.016133 0.980421 0.000969
3 3 0.000358 0.002522 0.018110 0.977842 0.001167
3 3 0.000137 0.001413 0.007448 0.990598 0.000405
3 3 0.000108 0.001408 0.003457 0.994797 0.000231
3 3 0.000255 0.002396 0.007328 0.989440 0.000582
3 3 0.000196 0.002095 0.005229 0.992066 0.000414
3 3 0.000243 0.002040 0.011734 0.985251 0.000731
3 3 0.000233 0.002264 0.006816 0.990158 0.000530
3 3 0.000164 0.001899 0.004316 0.993285 0.000336
3 3 0.000290 0.002690 0.007123 0.989278 0.000619
3 3 0.000302 0.002944 0.005776 0.990411 0.000567
3 3 0.000224 0.002115 0.007791 0.989314 0.000557
3 3 0.000142 0.001749 0.003689 0.994137 0.000283
3 3 0.000125 0.001574 0.003619 0.994423 0.000259
3 3 0.000115 0.001497 0.003358 0.994793 0.000236
3 3 0.000113 0.001421 0.003892 0.994320 0.000254
3 3 0.000172 0.001971 0.004363 0.993146 0.000348
3 3 0.000090 0.001276 0.002789 0.995661 0.000185
3 3 0.000220 0.002353 0.004880 0.992119 0.000428
3 3 0.000127 0.001540 0.004229 0.993819 0.000285
3 3 0.000090 0.001263 0.002944 0.995512 0.000191
3 3 0.000126 0.001630 0.003291 0.994705 0.000248
3 3 0.000069 0.001043 0.002564 0.996174 0.000150
3 3 0.000253 0.002986 0.003061 0.993338 0.000361
3 3 0.000224 0.002480 0.004228 0.992668 0.000400
3 3 0.000081 0.001217 0.002413 0.996128 0.000161
3 3 0.001136 0.007048 0.014637 0.975103 0.002076
3 3 0.000430 0.003297 0.011743 0.983501 0.001029
3 3 0.000422 0.002816 0.020193 0.975202 0.001367
3 3 0.000544 0.003853 0.013826 0.980482 0.001295
3 3 0.001939 0.007472 0.062077 0.922205 0.006306
3 3 0.001809 0.007651 0.044496 0.941204 0.004839
3 3 0.001070 0.005551 0.029810 0.960617 0.002952
3 3 0.003965 0.012104 0.092318 0.879537 0.012077
3 3 0.001874 0.008944 0.154525 0.827330 0.007327
2 3 0.003263 0.012785 0.794313 0.174150 0.015489
3 3 0.004426 0.014964 0.225441 0.742239 0.012929
3 3 0.001069 0.005329 0.034551 0.955854 0.003197
3 3 0.000789 0.004442 0.026363 0.966105 0.002300
3 3 0.002143 0.010415 0.349516 0.627944 0.009981
3 3 0.000849 0.005203 0.088988 0.901497 0.003462
3 3 0.003338 0.012670 0.119639 0.853920 0.010434
2 3 0.002487 0.007418 0.856417 0.127924 0.005755
3 3 0.002846 0.011467 0.386934 0.590877 0.007875
2 3 0.002847 0.010798 0.637711 0.339978 0.008666
2 3 0.003223 0.012673 0.694654 0.273394 0.016056
3 3 0.002299 0.010499 0.479553 0.498984 0.008665
2 3 0.001558 0.008439 0.522514 0.460480 0.007009
3 3 0.009515 0.022774 0.124734 0.818729 0.024248
3 3 0.000988 0.005527 0.094780 0.894648 0.004058
3 3 0.000470 0.003009 0.022075 0.972916 0.001530
3 3 0.002076 0.009691 0.161523 0.818816 0.007893
3 3 0.001918 0.008436 0.038820 0.945986 0.004840
3 3 0.002112 0.010154 0.243608 0.735526 0.008600
2 3 0.003407 0.011221 0.757031 0.221606 0.006734
3 3 0.001435 0.006457 0.042330 0.945514 0.004264
2 3 0.001340 0.007273 0.614566 0.370492 0.006329
2 3 0.002089 0.008022 0.802505 0.180272 0.007113
3 3 0.009253 0.019301 0.218280 0.741163 0.012004
2 3 0.224383 0.072679 0.604851 0.071439 0.026649
3 3 0.001235 0.005937 0.036320 0.952923 0.003584
3 3 0.007726 0.019800 0.466913 0.492322 0.013239
3 3 0.001472 0.006565 0.053284 0.933965 0.004715
2 3 0.007352 0.016122 0.743515 0.222444 0.010567
2 3 0.004954 0.015148 0.551457 0.417109 0.011332
2 3 0.005509 0.014963 0.630206 0.334296 0.015026
2 3 0.011578 0.027165 0.629356 0.301685 0.030216
2 3 0.002678 0.010427 0.711955 0.266024 0.008915
2 3 0.002854 0.010104 0.632226 0.345702 0.009114
2 3 0.002718 0.009727 0.746454 0.232200 0.008901
2 3 0.003675 0.010691 0.836247 0.140537 0.008851
3 3 0.011447 0.028681 0.368950 0.556324 0.034598
3 3 0.002903 0.012032 0.457348 0.518667 0.009052
2 3 0.005765 0.009047 0.917679 0.062174 0.005335
2 3 0.009183 0.021420 0.794631 0.152448 0.022318
2 3 0.002817 0.010874 0.708098 0.269789 0.008421
3 3 0.006319 0.018429 0.312682 0.639279 0.023291
2 3 0.001795 0.006548 0.842011 0.144328 0.005318
2 3 0.002226 0.005496 0.946364 0.042486 0.003428
3 3 0.001549 0.006859 0.046768 0.940187 0.004638
2 3 0.003127 0.010052 0.762940 0.216081 0.007800
2 3 0.005538 0.017974 0.671611 0.285813 0.019065
3 3 0.000730 0.003982 0.035911 0.956851 0.002527
3 3 0.001495 0.007671 0.229625 0.755344 0.005865
3 3 0.000564 0.003540 0.021402 0.972814 0.001679
3 3 0.002549 0.010402 0.043135 0.937831 0.006083
3 3 0.001856 0.007966 0.043233 0.941911 0.005033
2 3 0.100752 0.158817 0.498064 0.071898 0.170469
0 1 0.256000 0.251152 0.208504 0.031918 0.252426
0 1 0.723386 0.084857 0.148704 0.020844 0.022210
2 1 0.033464 0.070796 0.518068 0.267779 0.109894
2 1 0.005241 0.014593 0.813919 0.149497 0.016751
2 2 0.018326 0.049486 0.793735 0.094278 0.044175
2 2 0.004208 0.011700 0.920430 0.055426 0.008237
2 2 0.013175 0.066601 0.844002 0.030345 0.045878
2 2 0.050670 0.199981 0.435392 0.043295 0.270663
2 2 0.015872 0.067778 0.870400 0.013865 0.032085
4 2 0.045474 0.239415 0.220854 0.018137 0.476120
2 4 0.054639 0.206362 0.489241 0.027513 0.222244
2 4 0.098061 0.239672 0.358258 0.032786 0.271223
4 4 0.061453 0.242345 0.186683 0.026450 0.483069
2 4 0.027060 0.143557 0.678997 0.023308 0.127078
4 4 0.058705 0.232779 0.117518 0.019921 0.571077
4 4 0.055157 0.230936 0.114249 0.017964 0.581694
2 4 0.066748 0.208296 0.482604 0.031749 0.210603
4 4 0.111103 0.255850 0.156696 0.028058 0.448293
0 4 0.588497 0.142137 0.192140 0.020306 0.056919
4 4 0.058636 0.241560 0.243891 0.028505 0.427408
4 4 0.062350 0.240182 0.156121 0.024802 0.516544
2 4 0.097797 0.240124 0.346825 0.035417 0.279837
4 4 0.130499 0.260960 0.167784 0.027032 0.413724
4 4 0.065359 0.242154 0.239932 0.033533 0.419021
4 4 0.054465 0.241601 0.227095 0.024346 0.452494
4 4 0.061765 0.234083 0.120193 0.021806 0.562154
4 4 0.098884 0.255213 0.249905 0.029311 0.366688
2 4 0.116232 0.241903 0.347915 0.034058 0.259891
2 4 0.086079 0.217468 0.462326 0.028824 0.205304
2 4 0.042425 0.201514 0.481530 0.030333 0.244198
4 4 0.056723 0.236494 0.300277 0.031038 0.375468
2 4 0.034512 0.116908 0.763545 0.016203 0.068832
2 4 0.022519 0.110200 0.775649 0.016726 0.074906
2 4 0.017511 0.105829 0.777034 0.020014 0.079613
2 4 0.006239 0.016219 0.962318 0.010576 0.004649
2 2 0.014614 0.073488 0.850311 0.019454 0.042133
2 2 0.012699 0.058077 0.870118 0.024983 0.034123
2 2 0.002377 0.007999 0.973133 0.013388 0.003103
2 2 0.083774 0.036453 0.857514 0.015389 0.006871
4 2 0.190780 0.253758 0.228592 0.039046 0.287824
2 2 0.099219 0.211341 0.478888 0.030927 0.179624
2 2 0.019748 0.084129 0.831157 0.018232 0.046734
0 2 0.527203 0.163288 0.202837 0.028010 0.078663
4 2 0.094315 0.247365 0.312588 0.031175 0.314557
0 2 0.420246 0.205569 0.216873 0.026783 0.130529
0 2 0.539927 0.159713 0.201375 0.025056 0.073929
0 2 0.522863 0.167780 0.205270 0.023171 0.080916
0 2 0.269426 0.247458 0.209563 0.033468 0.240084
4 2 0.119480 0.256511 0.259095 0.031016 0.333897
2 2 0.042960 0.174525 0.580546 0.033657 0.168312
2 2 0.006205 0.016462 0.951572 0.019372 0.006389
2 2 0.010513 0.023731 0.948322 0.011119 0.006315
2 2 0.005350 0.011526 0.971222 0.008869 0.003034
2 2 0.009440 0.017690 0.961654 0.007392 0.003824
2 2 0.008965 0.022906 0.951788 0.010247 0.006095
2 2 0.009478 0.022648 0.950765 0.010979 0.006130
0 2 0.619923 0.125625 0.181479 0.026394 0.046579
2 2 0.024737 0.094475 0.776587 0.040894 0.063308
2 2 0.029576 0.026378 0.878987 0.053344 0.011715
2 2 0.004343 0.013609 0.957126 0.019237 0.005684
2 2 0.008723 0.015391 0.957572 0.013768 0.004546
2 2 0.002147 0.006555 0.977456 0.011474 0.002368
2 2 0.002587 0.007180 0.977356 0.010496 0.002381
2 2 0.001450 0.004951 0.964864 0.025845 0.002890
2 2 0.002271 0.006572 0.970924 0.017364 0.002869
2 2 0.003639 0.010497 0.971761 0.010754 0.003349
2 2 0.002422 0.008410 0.931521 0.051260 0.006386
2 2 0.001741 0.005721 0.974518 0.015515 0.002505
2 2 0.001627 0.004895 0.959919 0.030555 0.003004
3 2 0.012023 0.025715 0.430323 0.511133 0.020806
2 2 0.002676 0.006762 0.933037 0.052597 0.004928
2 3 0.005482 0.019151 0.947696 0.019752 0.007918
2 3 0.002080 0.005802 0.945998 0.042136 0.003984
2 3 0.001475 0.005570 0.963982 0.025701 0.003273
2 3 0.001544 0.004688 0.929083 0.061624 0.003062
2 3 0.002552 0.008590 0.827855 0.154440 0.006562
2 3 0.001799 0.007668 0.834176 0.148735 0.007622
3 3 0.002467 0.010208 0.080601 0.899328 0.007397
2 3 0.001056 0.005094 0.864106 0.125010 0.004735
2 3 0.002136 0.006342 0.952043 0.035473 0.004006
2 3 0.003948 0.010932 0.832806 0.141052 0.011261
2 3 0.001917 0.006018 0.925516 0.062396 0.004153
2 3 0.002149 0.008088 0.810294 0.172570 0.006899
2 3 0.001387 0.007124 0.596129 0.388598 0.006763
3 3 0.001345 0.007369 0.442788 0.544461 0.004037
3 3 0.000451 0.003110 0.027350 0.967551 0.001538
3 3 0.001030 0.006118 0.163195 0.826071 0.003586
3 3 0.001837 0.008192 0.104916 0.878392 0.006663
3 3 0.000265 0.002198 0.011661 0.985108 0.000768
3 3 0.004356 0.016478 0.339836 0.623585 0.015746
3 3 0.000649 0.003782 0.026015 0.967522 0.002031
3 3 0.001644 0.009271 0.251143 0.731537 0.006404
3 3 0.000745 0.004434 0.061328 0.930770 0.002723
3 3 0.000364 0.002705 0.014683 0.981195 0.001052
3 3 0.001406 0.006481 0.059042 0.928399 0.004673
3 3 0.000757 0.004232 0.027692 0.965015 0.002304
3 3 0.000276 0.002281 0.011542 0.985118 0.000782
3 3 0.000503 0.003288 0.019634 0.975078 0.001496
3 3 0.000255 0.002054 0.013333 0.983551 0.000807
3 3 0.000169 0.001705 0.007165 0.990512 0.000450
3 3 0.000627 0.004398 0.013117 0.980488 0.001370
3 3 0.000148 0.001725 0.004423 0.993386 0.000319
3 3 0.000509 0.004187 0.008075 0.986301 0.000929
3 3 0.000166 0.001862 0.004855 0.992756 0.000361
3 3 0.000355 0.002914 0.010105 0.985782 0.000845
3 3 0.000181 0.002181 0.003477 0.993845 0.000317
3 3 0.000277 0.002817 0.005173 0.991226 0.000507
3 3 0.000082 0.001239 0.002359 0.996160 0.000160
3 3 0.000074 0.001112 0.002579 0.996076 0.000158
3 3 0.000174 0.002122 0.003393 0.994005 0.000305
3 3 0.000603 0.004852 0.007948 0.985576 0.001020
3 3 0.000233 0.002575 0.004144 0.992644 0.000405
3 3 0.000230 0.002558 0.004099 0.992713 0.000400
3 3 0.000350 0.003239 0.006433 0.989322 0.000656
3 3 0.000195 0.002411 0.002968 0.994122 0.000303
3 3 0.000175 0.001936 0.004895 0.992621 0.000373
3 3 0.000357 0.003791 0.003747 0.991610 0.000495
3 3 0.000562 0.004630 0.006649 0.987369 0.000790
3 3 0.000131 0.001769 0.002724 0.995147 0.000229
3 3 0.000145 0.002023 0.002255 0.995357 0.000219
3 3 0.000085 0.001326 0.002007 0.996433 0.000149
3 3 0.000479 0.004376 0.004513 0.990093 0.000538
3 3 0.000112 0.001601 0.002360 0.995735 0.000192
3 3 0.000138 0.001979 0.002085 0.995594 0.000204
3 3 0.000472 0.004650 0.004200 0.990057 0.000622
3 3 0.000061 0.001049 0.001678 0.997101 0.000111
3 3 0.000196 0.002557 0.002408 0.994568 0.000272
3 3 0.000554 0.005093 0.005004 0.988595 0.000754
3 3 0.000147 0.002036 0.002277 0.995318 0.000222
3 3 0.003638 0.014176 0.018723 0.961212 0.002251
3 3 0.000116 0.001529 0.003163 0.994962 0.000230
3 3 0.001373 0.008197 0.009198 0.980085 0.001147
3 3 0.000136 0.001738 0.003309 0.994556 0.000260
3 3 0.000075 0.001230 0.001794 0.996770 0.000131
3 3 0.000072 0.001186 0.001834 0.996778 0.000129
3 3 0.000429 0.004184 0.004631 0.990136 0.000620
3 3 0.000103 0.001584 0.001916 0.996233 0.000164
3 3 0.000256 0.002888 0.003615 0.992843 0.000398
3 3 0.000130 0.001702 0.003027 0.994900 0.000240
3 3 0.000038 0.000788 0.001115 0.997991 0.000067
3 3 0.000114 0.001519 0.003127 0.995013 0.000227
3 3 0.000215 0.002546 0.003108 0.993821 0.000311
3 3 0.000090 0.001406 0.001960 0.996390 0.000153
3 3 0.000077 0.001250 0.001824 0.996715 0.000134
3 3 0.000090 0.001441 0.001770 0.996553 0.000145
3 3 0.000321 0.003601 0.003228 0.992421 0.000429
3 3 0.000203 0.002378 0.003606 0.993467 0.000346
3 3 0.000083 0.001340 0.001760 0.996680 0.000137
3 3 0.000096 0.001564 0.001555 0.996646 0.000140
3 3 0.000084 0.001320 0.001951 0.996500 0.000146
3 3 0.000222 0.002694 0.002991 0.993762 0.000330
3 3 0.000157 0.001975 0.003189 0.994402 0.000277
3 3 0.000325 0.003520 0.003317 0.992436 0.000401
3 3 0.000190 0.002360 0.002964 0.994188 0.000298
3 3 0.000139 0.001965 0.002200 0.995485 0.000211
3 3 0.000067 0.001140 0.001687 0.996988 0.000118
3 3 0.000079 0.001255 0.001950 0.996576 0.000141
3 3 0.000379 0.003636 0.005325 0.990040 0.000621
3 3 0.000182 0.002246 0.003118 0.994155 0.000299
0 3 0.817512 0.054828 0.103461 0.020345 0.003853
0 3 0.304322 0.125528 0.265088 0.253774 0.051289
2 3 0.102588 0.105827 0.466724 0.262704 0.062157
3 3 0.019310 0.030688 0.147558 0.784755 0.017689
3 3 0.007793 0.019458 0.219736 0.741915 0.011098
2 3 0.339532 0.134107 0.362995 0.100169 0.063197
3 3 0.013031 0.025607 0.242088 0.704158 0.015116
0 3 0.456515 0.154067 0.259411 0.058551 0.071456
2 3 0.306674 0.137238 0.398793 0.092829 0.064466
0 2 0.469398 0.180512 0.208507 0.038756 0.102828
0 2 0.433650 0.153444 0.282925 0.060460 0.069521
0 2 0.802831 0.056001 0.117630 0.013216 0.010321
0 2 0.767668 0.067575 0.131138 0.018822 0.014797
0 2 0.792717 0.059342 0.121688 0.014727 0.011525
0 2 0.774099 0.065469 0.128792 0.017723 0.013917
0 1 0.671904 0.097890 0.160040 0.039034 0.031131
0 1 0.756881 0.071094 0.134953 0.020738 0.016334
0 1 0.680550 0.095256 0.157871 0.036915 0.029408
0 1 0.594926 0.128891 0.182895 0.041107 0.052181
0 1 0.902086 0.023671 0.069344 0.002785 0.002115
0 1 0.472874 0.168693 0.201177 0.061625 0.095631
0 1 0.817297 0.051214 0.111572 0.011198 0.008719
0 1 0.675824 0.101334 0.163227 0.027992 0.031622
0 1 0.352704 0.219379 0.213958 0.043271 0.170688
4 1 0.223026 0.253782 0.199620 0.037179 0.286394
4 1 0.116842 0.252434 0.158648 0.036210 0.435867
4 1 0.080510 0.239186 0.134498 0.034618 0.511189
4 1 0.180610 0.255697 0.186533 0.040576 0.336584
4 1 0.134606 0.253169 0.167285 0.041171 0.403770
4 4 0.188868 0.258604 0.190459 0.034803 0.327266
4 4 0.211552 0.255430 0.196756 0.036857 0.299406
4 4 0.140377 0.256455 0.170893 0.036562 0.395712
4 4 0.131128 0.257959 0.167188 0.031810 0.411914
4 4 0.239299 0.249455 0.202584 0.040368 0.268293
4 4 0.066832 0.235974 0.124409 0.024987 0.547798
4 4 0.070514 0.237094 0.127301 0.027428 0.537663
4 4 0.105682 0.249220 0.151935 0.036277 0.456887
0 4 0.282375 0.242424 0.210533 0.036987 0.227682
4 4 0.246184 0.245686 0.202922 0.045136 0.260073
0 4 0.331752 0.228716 0.214680 0.037751 0.187101
4 4 0.225725 0.248028 0.198167 0.047138 0.280941
4 4 0.194129 0.252362 0.189991 0.045504 0.318015
4 4 0.165113 0.256982 0.181228 0.038498 0.358179
4 4 0.083636 0.239582 0.136566 0.037039 0.503177
0 4 0.301741 0.238736 0.213216 0.034906 0.211400
4 4 0.237328 0.250821 0.202578 0.038512 0.270762
0 4 0.334649 0.227378 0.214594 0.038621 0.184758
4 4 0.236635 0.251666 0.202715 0.037225 0.271759
0 4 0.582004 0.143045 0.192551 0.023580 0.058821
0 4 0.381795 0.212286 0.215099 0.038768 0.152052
4 4 0.141379 0.257388 0.171626 0.035146 0.394460
4 4 0.124866 0.251376 0.162227 0.041434 0.420097
4 4 0.077421 0.238678 0.132371 0.032307 0.519223
4 4 0.214110 0.257213 0.198201 0.033332 0.297144
0 4 0.368554 0.217355 0.215589 0.037526 0.160976
0 4 0.313903 0.231796 0.212635 0.041484 0.200181
0 4 0.311983 0.236099 0.214179 0.034684 0.203054
4 4 0.254212 0.251275 0.207277 0.032444 0.254791
4 4 0.188043 0.255950 0.189235 0.039513 0.327258
4 4 0.224020 0.254580 0.200214 0.035560 0.285627
4 4 0.083224 0.239536 0.136298 0.036715 0.504228
4 4 0.059171 0.242270 0.194307 0.025452 0.478800
4 4 0.067300 0.243079 0.219312 0.033311 0.436998
4 4 0.066187 0.244683 0.266323 0.028604 0.394202
4 1 0.058075 0.237339 0.293363 0.031694 0.379529
4 1 0.071138 0.242027 0.163942 0.031203 0.491689
4 1 0.065759 0.243014 0.191432 0.029801 0.469994
2 2 0.052643 0.226545 0.365672 0.032229 0.322911
4 2 0.057775 0.237424 0.292567 0.031372 0.380862
4 2 0.056061 0.241094 0.247439 0.026793 0.428613
4 2 0.062807 0.241943 0.242197 0.031651 0.421402
2 2 0.040821 0.144328 0.690410 0.020992 0.103449
4 2 0.052174 0.241177 0.207022 0.021644 0.477984
2 2 0.042907 0.214897 0.425379 0.026797 0.290020
2 2 0.049869 0.221047 0.397977 0.030835 0.300272
2 2 0.046106 0.223810 0.380892 0.027014 0.322178
2 2 0.052316 0.209674 0.460944 0.031627 0.245439
2 2 0.042349 0.135249 0.719464 0.017129 0.085809
2 2 0.041351 0.222504 0.385976 0.023004 0.327165
2 2 0.017144 0.076775 0.831856 0.029739 0.044486
2 2 0.040672 0.179886 0.571919 0.027251 0.180272
2 2 0.090999 0.203489 0.514476 0.026514 0.164522
2 2 0.035416 0.147992 0.672042 0.024616 0.119934
2 2 0.105349 0.209938 0.475449 0.034241 0.175023
2 2 0.032322 0.186580 0.540152 0.022812 0.218134
0 2 0.684407 0.107174 0.167638 0.010018 0.030763
0 1 0.523036 0.167803 0.205293 0.023012 0.080857
4 1 0.052129 0.229202 0.111339 0.016319 0.591011
0 1 0.373184 0.212292 0.236849 0.033991 0.143684
0 1 0.502258 0.173576 0.207309 0.027604 0.089253
4 1 0.161810 0.264169 0.238556 0.024165 0.311300
2 1 0.089412 0.231877 0.395737 0.031887 0.251088
2 1 0.034606 0.191013 0.523724 0.024360 0.226297
2 1 0.056284 0.202882 0.511271 0.024844 0.204719
2 1 0.022226 0.091168 0.813420 0.020832 0.052354
2 1 0.011630 0.065753 0.855653 0.023497 0.043468
2 1 0.009163 0.046554 0.888026 0.028364 0.027892
2 1 0.010586 0.033935 0.922530 0.020241 0.012707
2 1 0.007814 0.028784 0.889120 0.055226 0.019056
2 2 0.004738 0.014411 0.969218 0.007839 0.003794
2 2 0.003327 0.009312 0.978789 0.006270 0.002302
2 2 0.003136 0.009111 0.979768 0.005789 0.002196
2 2 0.006224 0.014765 0.960856 0.013442 0.004713
2 2 0.003782 0.011933 0.970466 0.010110 0.003709
2 2 0.008148 0.043099 0.910934 0.016469 0.021350
2 2 0.012895 0.036291 0.927253 0.011328 0.012233
2 2 0.003301 0.008342 0.978167 0.007904 0.002286
2 2 0.004247 0.015279 0.960326 0.014488 0.005659
2 2 0.009952 0.024153 0.950532 0.008985 0.006378
2 2 0.004912 0.015470 0.962450 0.012124 0.005044
2 2 0.002401 0.008993 0.971798 0.013293 0.003515
2 2 0.003849 0.010402 0.970242 0.012055 0.003452
2 2 0.003085 0.011346 0.941962 0.036570 0.007036
2 2 0.004853 0.014229 0.964860 0.011558 0.004500
2 2 0.003397 0.014058 0.945893 0.028911 0.007741
2 2 0.004909 0.010714 0.968570 0.012425 0.003382
2 2 0.002049 0.006051 0.976018 0.013503 0.002378
2 2 0.005156 0.023512 0.924503 0.033589 0.013239
2 2 0.003673 0.010738 0.969187 0.012685 0.003717
2 2 0.001793 0.005823 0.978748 0.011456 0.002181
2 2 0.218177 0.081288 0.568619 0.096032 0.035883
2 2 0.022537 0.038190 0.869903 0.049692 0.019677
2 2 0.002304 0.005871 0.972296 0.017034 0.002495
2 2 0.001696 0.005021 0.977024 0.014173 0.002085
2 2 0.005845 0.013190 0.958544 0.017591 0.004829
2 2 0.002641 0.010364 0.956103 0.025364 0.005529
2 2 0.003336 0.009400 0.969536 0.014243 0.003484
2 2 0.002673 0.010423 0.955542 0.025772 0.005590
2 2 0.001141 0.003888 0.943259 0.048814 0.002899
2 2 0.003382 0.011551 0.912519 0.063305 0.009243
2 2 0.028623 0.028908 0.847859 0.078594 0.016017
2 2 0.021452 0.031084 0.812297 0.112959 0.022207
2 2 0.002201 0.006098 0.953575 0.034383 0.003742
2 2 0.003660 0.013662 0.952146 0.023863 0.006669
2 2 0.001406 0.004550 0.971409 0.020282 0.002352
2 2 0.004414 0.012319 0.950896 0.026442 0.005929
2 2 0.002867 0.009737 0.965469 0.017712 0.004214
2 2 0.001974 0.007538 0.876032 0.107470 0.006986
2 2 0.002886 0.006729 0.973524 0.014355 0.002506
2 2 0.001554 0.005322 0.961047 0.028831 0.003246
2 2 0.002064 0.008045 0.913835 0.068674 0.007382
2 2 0.002285 0.008895 0.872197 0.108483 0.008140
2 2 0.001102 0.003883 0.970329 0.022467 0.002220
2 2 0.005073 0.018771 0.924316 0.040502 0.011339
2 2 0.002613 0.010676 0.921748 0.056386 0.008576
2 2 0.002246 0.006553 0.912358 0.073717 0.005127
2 2 0.001842 0.006115 0.942223 0.045286 0.004535
2 2 0.003255 0.010385 0.959396 0.022088 0.004876
2 2 0.001828 0.006040 0.940486 0.048219 0.003427
2 2 0.005552 0.015082 0.942677 0.029341 0.007349
2 2 0.001292 0.004574 0.933799 0.056707 0.003628
2 2 0.002280 0.008921 0.886516 0.092853 0.009429
2 2 0.001432 0.005686 0.880757 0.106546 0.005580
2 2 0.001876 0.007990 0.923555 0.059582 0.006998
2 2 0.002448 0.006446 0.936275 0.050307 0.004525
2 2 0.001982 0.008251 0.868870 0.112646 0.008251
2 3 0.001459 0.007678 0.640242 0.341708 0.008914
3 3 0.007941 0.021472 0.383295 0.558303 0.028989
2 3 0.001254 0.006085 0.616434 0.372528 0.003700
2 3 0.001324 0.007293 0.685438 0.297668 0.008276
3 3 0.005607 0.013800 0.092046 0.880399 0.008148
3 3 0.000845 0.004904 0.022561 0.969488 0.002201
3 3 0.061808 0.082478 0.313517 0.461047 0.081150
2 3 0.031070 0.059511 0.849061 0.029504 0.030854
3 3 0.001906 0.009805 0.267217 0.712704 0.008368
2 3 0.004651 0.015450 0.766806 0.191829 0.021264
2 3 0.002752 0.010369 0.653074 0.324271 0.009533
2 3 0.002822 0.009890 0.943757 0.037285 0.006246
2 3 0.004148 0.015016 0.896757 0.071593 0.012486
2 3 0.001600 0.005550 0.957651 0.031663 0.003536
2 3 0.003286 0.012682 0.934104 0.041573 0.008355
2 3 0.001848 0.006246 0.917594 0.068580 0.005732
2 3 0.001494 0.004645 0.934324 0.055635 0.003902
2 3 0.002136 0.007007 0.940411 0.045376 0.005070
2 3 0.001591 0.005805 0.948180 0.040224 0.004199
2 3 0.001618 0.004393 0.965780 0.025761 0.002448
2 3 0.001614 0.008880 0.601092 0.380544 0.007870
3 3 0.003486 0.013911 0.469807 0.497158 0.015638
2 3 0.001351 0.005155 0.895470 0.094012 0.004012
2 3 0.002568 0.011274 0.709599 0.267398 0.009161
3 3 0.003373 0.013915 0.428505 0.539496 0.014712
3 3 0.004102 0.015395 0.285538 0.679531 0.015435
2 3 0.002247 0.006062 0.909775 0.077600 0.004316
2 3 0.003813 0.012457 0.913248 0.060943 0.009539
2 3 0.004793 0.014165 0.742649 0.226879 0.011514
2 3 0.001964 0.007534 0.894845 0.087757 0.007900
3 3 0.005551 0.018239 0.271168 0.690197 0.014845
2 3 0.003026 0.010461 0.721479 0.253894 0.011140
2 3 0.003916 0.013478 0.883350 0.086830 0.012426
3 3 0.002915 0.011296 0.130384 0.845490 0.009915
2 3 0.003707 0.011001 0.918665 0.058442 0.008185
2 3 0.003941 0.015030 0.679851 0.284925 0.016252
2 3 0.002955 0.008037 0.938771 0.044873 0.005364
2 3 0.002091 0.005706 0.965323 0.023938 0.002941
2 3 0.003342 0.009032 0.927896 0.053286 0.006444
3 3 0.001643 0.009272 0.431942 0.548782 0.008361
3 3 0.004490 0.015783 0.319582 0.642693 0.017452
2 3 0.008195 0.023350 0.676854 0.265672 0.025929
2 3 0.003261 0.012217 0.642066 0.329610 0.012847
3 3 0.007759 0.022128 0.191589 0.756087 0.022437
2 3 0.069507 0.049204 0.691579 0.156005 0.033704
3 3 0.087096 0.087538 0.314539 0.389360 0.121467
2 3 0.043058 0.088132 0.537413 0.220454 0.110943
2 3 0.058793 0.051232 0.812667 0.053700 0.023608
2 3 0.009024 0.025918 0.859713 0.085022 0.020324
2 3 0.003792 0.011758 0.778224 0.195691 0.010535
2 3 0.002739 0.007677 0.957612 0.027873 0.004099
2 3 0.003334 0.008890 0.934317 0.047660 0.005799
2 3 0.042627 0.032676 0.865654 0.046444 0.012599
2 3 0.087342 0.110510 0.738177 0.018315 0.045656
3 3 0.009355 0.023821 0.422586 0.510743 0.033494
2 3 0.005422 0.010784 0.896680 0.078730 0.008384
2 3 0.002131 0.007134 0.930754 0.054311 0.005670
2 3 0.002983 0.008108 0.964615 0.020633 0.003662
0 3 0.491053 0.173991 0.206641 0.035079 0.093236
2 3 0.027075 0.117098 0.706077 0.043382 0.106368
2 3 0.012001 0.025053 0.883166 0.064183 0.015598
2 3 0.002992 0.007059 0.968852 0.018156 0.002941
2 3 0.003570 0.007366 0.955571 0.029741 0.003752
2 3 0.003278 0.012067 0.888232 0.085014 0.011409
2 3 0.010379 0.016650 0.915064 0.048985 0.008923
2 2 0.012057 0.041959 0.846325 0.070305 0.029353
2 2 0.009775 0.014350 0.924511 0.044086 0.007278
2 2 0.091126 0.097663 0.758759 0.015532 0.036919
2 2 0.076581 0.145842 0.672428 0.024391 0.080758
2 2 0.008687 0.028189 0.896134 0.049728 0.017263
2 2 0.002786 0.007372 0.882559 0.103298 0.003986
2 2 0.002627 0.006275 0.962445 0.025488 0.003165
2 2 0.004459 0.012886 0.964854 0.013369 0.004431
2 2 0.004347 0.008295 0.969567 0.014914 0.002876
2 2 0.003286 0.010694 0.893079 0.085245 0.007695
2 2 0.003358 0.010333 0.966992 0.015310 0.004007
2 2 0.015414 0.024794 0.934856 0.017475 0.007461
2 2 0.032674 0.120752 0.732904 0.029935 0.083734
2 2 0.002158 0.005397 0.960737 0.028709 0.002999
2 2 0.002526 0.007856 0.962666 0.023039 0.003913
2 2 0.008234 0.019462 0.926074 0.036456 0.009773
2 2 0.003775 0.008915 0.973850 0.010705 0.002754
2 2 0.002737 0.006710 0.973871 0.014163 0.002519
2 2 0.058026 0.035638 0.861832 0.033627 0.010878
0 2 0.547780 0.124241 0.267847 0.021884 0.038249
2 2 0.141261 0.219818 0.415020 0.041082 0.182818
2 2 0.034500 0.120035 0.750153 0.017933 0.077379
2 2 0.003846 0.008854 0.953467 0.029349 0.004484
2 2 0.002441 0.006923 0.956216 0.030476 0.003943
2 2 0.006110 0.008884 0.956360 0.024999 0.003648
2 2 0.006795 0.031550 0.897513 0.042782 0.021360
0 2 0.387854 0.149247 0.357628 0.039323 0.065948
0 2 0.515468 0.169779 0.205994 0.024915 0.083844
2 2 0.058089 0.098769 0.768195 0.032957 0.041990
2 2 0.017507 0.033156 0.909685 0.027185 0.012467
2 2 0.007374 0.012203 0.964742 0.012219 0.003462
2 2 0.002457 0.007181 0.958940 0.027524 0.003897
2 2 0.017903 0.025421 0.927395 0.021180 0.008101
2 2 0.024706 0.037647 0.888844 0.034127 0.014677
2 2 0.005030 0.012032 0.968364 0.010976 0.003598
0 2 0.890196 0.027404 0.076033 0.003612 0.002756
0 2 0.441354 0.192432 0.219336 0.032685 0.114194
2 2 0.188664 0.225259 0.392893 0.028164 0.165020
2 2 0.194699 0.233518 0.353125 0.031604 0.187054
2 2 0.037228 0.188312 0.532161 0.028088 0.214211
2 2 0.036170 0.047672 0.878318 0.021409 0.016431
2 2 0.005302 0.024120 0.910003 0.044916 0.015660
2 2 0.003656 0.014960 0.955479 0.019265 0.006641
2 2 0.056168 0.160232 0.638032 0.028338 0.117230
2 2 0.043815 0.199731 0.490889 0.031027 0.234538
2 2 0.055273 0.170819 0.619410 0.022338 0.132159
4 2 0.060333 0.242518 0.222701 0.028262 0.446186
2 2 0.066702 0.228945 0.380268 0.034086 0.289999
4 2 0.069588 0.242140 0.167038 0.030413 0.490821
2 4 0.061386 0.223017 0.442052 0.021975 0.251570
4 4 0.111924 0.252546 0.156182 0.033753 0.445595
4 4 0.062560 0.234408 0.120874 0.022292 0.559866
4 4 0.091216 0.249496 0.143831 0.026595 0.488862
4 4 0.048509 0.226856 0.107691 0.014446 0.602498
4 4 0.062594 0.239125 0.147247 0.024294 0.526740
4 4 0.190928 0.264063 0.193019 0.026134 0.325854
4 4 0.189836 0.263138 0.192336 0.027568 0.327122
4 4 0.046388 0.225330 0.105462 0.013396 0.609424
4 4 0.042933 0.222580 0.101673 0.011761 0.621054
4 4 0.043993 0.223461 0.102857 0.012253 0.617436
0 4 0.328016 0.222242 0.255208 0.034315 0.160219
4 4 0.048369 0.226759 0.107546 0.014375 0.602951
4 4 0.056792 0.231793 0.115770 0.018883 0.576762
4 4 0.118612 0.260058 0.161738 0.024853 0.434739
4 4 0.046285 0.225254 0.105353 0.013346 0.609762
4 4 0.194536 0.258422 0.192328 0.034490 0.320224
4 4 0.036673 0.216626 0.094249 0.009039 0.643413
4 4 0.128348 0.258839 0.166147 0.029651 0.417016
4 4 0.066855 0.235981 0.124427 0.025002 0.547735
0 4 0.344384 0.231029 0.217979 0.027331 0.179276
4 4 0.041522 0.221354 0.100065 0.011121 0.625939
4 4 0.044808 0.224115 0.103754 0.012637 0.614687
4 4 0.054853 0.230944 0.114000 0.017594 0.582609
4 4 0.054433 0.230540 0.113565 0.017564 0.583897
4 4 0.038978 0.218978 0.097073 0.010005 0.634965
4 4 0.058162 0.232470 0.117018 0.019668 0.572682
4 4 0.207242 0.260275 0.197140 0.029691 0.305652
4 4 0.046982 0.225770 0.106094 0.013686 0.607467
4 4 0.066329 0.241151 0.159647 0.027600 0.505273
4 4 0.101933 0.249640 0.150022 0.033300 0.465104
4 4 0.057064 0.231931 0.116020 0.019037 0.575948
0 4 0.312490 0.238228 0.215201 0.030861 0.203221
4 4 0.041545 0.221374 0.100092 0.011131 0.625859
4 4 0.071120 0.238862 0.137006 0.028702 0.524310
4 4 0.069773 0.236884 0.126730 0.026928 0.539685
0 4 0.329718 0.229082 0.214469 0.038174 0.188558
4 4 0.063429 0.234751 0.121609 0.022828 0.557383
4 4 0.055739 0.231248 0.114795 0.018289 0.579930
4 4 0.053993 0.230293 0.113145 0.017323 0.585245
4 4 0.137901 0.257819 0.170226 0.033695 0.400359
4 4 0.063755 0.234876 0.121883 0.023031 0.556455
4 4 0.050786 0.228368 0.110008 0.015612 0.595226
4 4 0.065053 0.243131 0.202677 0.030202 0.458936
0 4 0.340816 0.223902 0.252736 0.026585 0.155961
4 4 0.070713 0.237149 0.127454 0.027563 0.537121
2 4 0.103273 0.244336 0.328615 0.034362 0.289414
4 4 0.079387 0.239561 0.137331 0.034172 0.509548
4 4 0.068272 0.243330 0.199757 0.032348 0.456292
2 4 0.129512 0.251823 0.294020 0.033123 0.291522
4 4 0.221292 0.251701 0.198309 0.041341 0.287357
0 4 0.900375 0.024203 0.070324 0.002897 0.002201
0 4 0.926699 0.016232 0.054562 0.001432 0.001075
0 4 0.279434 0.245480 0.211126 0.032944 0.231017
4 4 0.081570 0.240838 0.135609 0.032728 0.509255
4 4 0.068957 0.241378 0.158839 0.029263 0.501562
2 4 0.054068 0.229285 0.349770 0.032380 0.334497
2 4 0.045994 0.215766 0.420970 0.029650 0.287620
4 4 0.061888 0.242819 0.202915 0.027938 0.464440
2 4 0.023678 0.062108 0.867047 0.020646 0.026521
4 4 0.073912 0.241159 0.249576 0.041941 0.393411
2 4 0.044578 0.214525 0.426932 0.028606 0.285359
4 4 0.111725 0.254018 0.283602 0.029954 0.320701
4 4 0.065064 0.238469 0.139832 0.025209 0.531426
2 4 0.014537 0.077869 0.838671 0.022047 0.046875
2 4 0.024592 0.128517 0.714462 0.026353 0.106076
2 4 0.019084 0.087624 0.820781 0.020647 0.051864
2 4 0.020211 0.103181 0.788572 0.018404 0.069632
2 4 0.080543 0.192075 0.560997 0.021185 0.145200
2 4 0.021748 0.093800 0.814142 0.016066 0.054243
0 4 0.274796 0.246496 0.213608 0.032359 0.232742
0 4 0.283562 0.241532 0.256510 0.024770 0.193626
0 4 0.342582 0.230021 0.217225 0.029849 0.180322
4 4 0.217501 0.255129 0.198471 0.036128 0.292771
0 4 0.781597 0.063661 0.126670 0.015057 0.013014
0 4 0.327513 0.211532 0.302324 0.028450 0.130182
4 1 0.056823 0.241530 0.186270 0.023387 0.491991
2 1 0.011005 0.051786 0.864360 0.036136 0.036713
2 1 0.066585 0.090551 0.781326 0.025020 0.036517
2 1 0.011974 0.044337 0.863512 0.053094 0.027083
2 1 0.037923 0.146951 0.647933 0.042896 0.124298
2 1 0.010523 0.052628 0.882624 0.025399 0.028826
2 1 0.004731 0.014342 0.962851 0.013193 0.004882
2 2 0.011178 0.035951 0.921064 0.016358 0.015450
2 2 0.002495 0.006220 0.976738 0.012328 0.002218
2 2 0.010628 0.022489 0.952171 0.009289 0.005423
2 2 0.004762 0.017177 0.921068 0.045868 0.011125
2 2 0.005423 0.012366 0.964883 0.013329 0.003999
2 2 0.003785 0.013595 0.960978 0.016218 0.005423
2 2 0.001916 0.005968 0.975594 0.014085 0.002437
2 2 0.005839 0.015578 0.932404 0.037661 0.008517
2 2 0.010322 0.025680 0.942074 0.014116 0.007808
2 2 0.002700 0.007699 0.976570 0.010488 0.002543
2 2 0.005911 0.020632 0.949418 0.016362 0.007677
2 2 0.005480 0.015696 0.958128 0.015145 0.005550
2 2 0.003476 0.007882 0.968012 0.017499 0.003131
2 2 0.002525 0.006740 0.963263 0.024100 0.003371
2 2 0.007221 0.023732 0.912684 0.041440 0.014924
2 2 0.005929 0.015167 0.963358 0.011072 0.004474
2 2 0.001390 0.003334 0.974776 0.018890 0.001609
2 2 0.003781 0.011182 0.961052 0.019241 0.004742
2 2 0.001675 0.007420 0.901540 0.081548 0.007818
2 2 0.001935 0.006256 0.954807 0.033085 0.003917
2 2 0.002415 0.008220 0.952704 0.031767 0.004895
2 2 0.003740 0.009065 0.953941 0.028668 0.004586
2 2 0.003151 0.009176 0.881743 0.096849 0.009082
2 2 0.002359 0.007348 0.942286 0.042951 0.005057
2 3 0.003160 0.011052 0.731085 0.245759 0.008943
2 3 0.002712 0.008711 0.876409 0.102937 0.009230
3 3 0.002129 0.009095 0.198479 0.781149 0.009148
3 3 0.005485 0.019994 0.405360 0.549600 0.019561
3 3 0.002264 0.009669 0.242742 0.735269 0.010056
3 3 0.001771 0.006833 0.065065 0.920201 0.006130
3 3 0.006785 0.019755 0.365402 0.582849 0.025210
3 3 0.002994 0.010910 0.128764 0.846890 0.010441
3 3 0.003341 0.010856 0.094762 0.880305 0.010736
3 3 0.001976 0.009412 0.482285 0.497348 0.008979
3 3 0.001017 0.005105 0.034683 0.956086 0.003110
3 3 0.004489 0.014569 0.069913 0.899876 0.011153
3 3 0.000486 0.003143 0.020842 0.974015 0.001513
3 3 0.005305 0.017236 0.063170 0.902629 0.011661
3 3 0.000540 0.003772 0.014649 0.979709 0.001331
3 3 0.001142 0.006704 0.017991 0.971833 0.002330
3 3 0.000479 0.003491 0.013315 0.981541 0.001175
3 3 0.003093 0.013363 0.031129 0.946700 0.005715
3 3 0.001062 0.006406 0.016944 0.973430 0.002159
3 3 0.000515 0.003626 0.014599 0.979968 0.001291
3 3 0.000496 0.003895 0.009786 0.984809 0.001015
3 3 0.000556 0.003683 0.017533 0.976736 0.001492
3 3 0.000608 0.004566 0.010324 0.983321 0.001181
3 3 0.000473 0.003602 0.011346 0.983510 0.001069
3 3 0.001007 0.006032 0.017966 0.972837 0.002159
3 3 0.000241 0.002205 0.008408 0.988540 0.000606
3 3 0.000905 0.005514 0.017960 0.973596 0.002024
3 3 0.000107 0.001405 0.003363 0.994899 0.000226
3 3 0.000623 0.004479 0.011993 0.981606 0.001300
3 3 0.000612 0.004628 0.009971 0.983627 0.001163
3 3 0.000324 0.002905 0.007633 0.988452 0.000687
3 3 0.007511 0.026218 0.039504 0.915657 0.011110
3 3 0.001051 0.006332 0.017137 0.973323 0.002159
3 3 0.000685 0.004925 0.011345 0.981709 0.001335
3 3 0.000659 0.004806 0.010993 0.982258 0.001283
3 3 0.002763 0.010472 0.053685 0.925879 0.007201
0 3 0.406866 0.125919 0.392591 0.033089 0.041535
2 3 0.051954 0.083588 0.651703 0.128942 0.083813
2 3 0.008555 0.028704 0.822159 0.113556 0.027026
2 3 0.005600 0.014531 0.875183 0.092079 0.012608
2 3 0.008931 0.018984 0.869436 0.088050 0.014599
2 3 0.009083 0.021761 0.925397 0.033436 0.010324
2 3 0.010434 0.024882 0.927742 0.026637 0.010305
2 3 0.005099 0.011297 0.957060 0.021846 0.004697
2 3 0.006935 0.028287 0.886921 0.058035 0.019822
2 3 0.002366 0.007119 0.963694 0.023236 0.003585
2 2 0.001832 0.005663 0.978517 0.011852 0.002137
2 2 0.008156 0.032266 0.880598 0.057163 0.021817
2 2 0.002516 0.007898 0.975993 0.010876 0.002717
2 2 0.033618 0.029610 0.900541 0.027079 0.009152
2 2 0.006314 0.019409 0.930605 0.033597 0.010075
2 2 0.032988 0.044042 0.853266 0.050018 0.019686
2 2 0.003770 0.010482 0.972433 0.010104 0.003210
2 2 0.006916 0.025903 0.901517 0.049170 0.016493
2 2 0.004715 0.009448 0.974661 0.008686 0.002490
2 2 0.003997 0.010252 0.960060 0.021241 0.004449
2 2 0.003316 0.011703 0.919914 0.056194 0.008874
2 2 0.014449 0.045886 0.899722 0.019815 0.020128
2 2 0.007682 0.018735 0.959718 0.009083 0.004783
2 2 0.006383 0.019286 0.946600 0.020030 0.007700
2 2 0.006971 0.024916 0.924098 0.031453 0.012562
2 2 0.002871 0.008157 0.969561 0.016115 0.003296
2 2 0.003278 0.010483 0.957257 0.023870 0.005112
2 2 0.002367 0.008143 0.934905 0.048553 0.006032
2 2 0.002790 0.007602 0.972556 0.014170 0.002882
2 2 0.004686 0.016260 0.845089 0.116882 0.017083
2 2 0.011417 0.028449 0.631597 0.288635 0.039902
2 2 0.002360 0.007860 0.933359 0.050503 0.005919
2 2 0.012058 0.036788 0.835857 0.087044 0.028253
2 2 0.009446 0.027183 0.901974 0.045977 0.015421
2 2 0.002954 0.007384 0.969898 0.016779 0.002984
2 2 0.003605 0.013951 0.921929 0.050515 0.010000
2 2 0.009625 0.022979 0.932890 0.025143 0.009362
2 2 0.007160 0.018603 0.933523 0.031708 0.009006
2 2 0.002107 0.006115 0.959057 0.029218 0.003503
2 2 0.004460 0.014998 0.560628 0.404449 0.015464
2 2 0.006763 0.014129 0.903276 0.066083 0.009749
2 2 0.007236 0.025724 0.912532 0.039965 0.014542
2 2 0.002988 0.008072 0.945518 0.038451 0.004971
2 2 0.026551 0.033834 0.799531 0.116038 0.024046
2 2 0.014350 0.027211 0.832537 0.104829 0.021073
2 2 0.006967 0.021208 0.900903 0.056790 0.014133
2 2 0.005989 0.013443 0.903279 0.067635 0.009654
2 2 0.002436 0.008386 0.764894 0.219770 0.004515
2 2 0.004435 0.010203 0.971948 0.010396 0.003017
2 2 0.004449 0.012531 0.815212 0.154502 0.013305
2 2 0.007329 0.017735 0.927959 0.037724 0.009253
2 2 0.003452 0.010019 0.963451 0.018823 0.004255
2 2 0.003136 0.009638 0.936773 0.044047 0.006406
2 2 0.007708 0.011373 0.938380 0.037050 0.005489
2 2 0.003331 0.013604 0.897590 0.073431 0.012045
2 2 0.003365 0.007473 0.960847 0.024776 0.003539
2 2 0.002741 0.010683 0.940435 0.039109 0.007033
2 2 0.004860 0.019566 0.903645 0.057549 0.014380
2 2 0.007513 0.022710 0.911742 0.044791 0.013244
2 2 0.022548 0.114130 0.759131 0.021081 0.083111
2 2 0.047716 0.223953 0.380318 0.028500 0.319514
2 2 0.076019 0.242810 0.327147 0.028845 0.325180
4 4 0.069939 0.237658 0.127036 0.025923 0.539445
4 4 0.052823 0.236565 0.297841 0.027551 0.385220
4 4 0.097775 0.254001 0.148867 0.024151 0.475205
4 4 0.160143 0.266142 0.182213 0.023948 0.367553
4 4 0.047613 0.226226 0.106758 0.013998 0.605406
0 4 0.759102 0.072273 0.136079 0.016238 0.016307
4 4 0.047182 0.225915 0.106305 0.013784 0.606814
4 4 0.045572 0.224712 0.104586 0.013001 0.612129
4 4 0.072953 0.243311 0.130507 0.020969 0.532260
4 4 0.228400 0.258908 0.203078 0.027619 0.281995
4 4 0.031241 0.210204 0.087116 0.006930 0.664510
0 4 0.264552 0.250813 0.209701 0.029753 0.245181
4 4 0.032636 0.211982 0.089017 0.007449 0.658916
0 4 0.310936 0.237479 0.214568 0.032820 0.204198
4 4 0.029526 0.207877 0.084706 0.006313 0.671578
4 4 0.043814 0.223314 0.102658 0.012169 0.618045
4 4 0.057818 0.232304 0.116708 0.019470 0.573700
4 4 0.051805 0.229005 0.111020 0.016147 0.592023
4 4 0.163379 0.263978 0.182835 0.027098 0.362710
4 4 0.033390 0.212906 0.090025 0.007736 0.655943
4 4 0.024588 0.200178 0.077264 0.004674 0.693296
4 4 0.103723 0.254911 0.152465 0.025983 0.462918
4 4 0.050355 0.228092 0.109576 0.015388 0.596588
4 4 0.051331 0.228712 0.110551 0.015897 0.593510
4 4 0.054933 0.230815 0.114038 0.017840 0.582375
4 4 0.068558 0.242334 0.171071 0.030057 0.487981
4 4 0.239818 0.252817 0.204040 0.034324 0.269001
4 4 0.095460 0.246390 0.165960 0.040172 0.452018
4 4 0.069188 0.236714 0.126276 0.026537 0.541286
4 4 0.055711 0.231233 0.114768 0.018273 0.580015
0 4 0.265170 0.247839 0.208679 0.034393 0.243920
4 4 0.166176 0.254716 0.217696 0.041388 0.320025
4 4 0.062501 0.239560 0.150682 0.024493 0.522765
4 4 0.053100 0.240284 0.179495 0.020678 0.506443
4 4 0.059645 0.242501 0.201135 0.026243 0.470476
4 4 0.056768 0.242029 0.201098 0.024294 0.475811
4 4 0.065020 0.235875 0.125455 0.024030 0.549619
4 4 0.067650 0.239298 0.142763 0.027035 0.523253
4 4 0.055788 0.231274 0.114841 0.018316 0.579781
4 4 0.109423 0.256847 0.282745 0.025493 0.325493
4 4 0.064829 0.241225 0.162539 0.026858 0.504548
4 4 0.053780 0.237386 0.290993 0.027886 0.389955
