0 0 0.966769 0.003626 0.000522 0.000171 0.028913
0 0 0.961226 0.004657 0.000718 0.000243 0.033155
0 0 0.949833 0.007031 0.001215 0.000435 0.041485
0 0 0.879601 0.026619 0.006719 0.002896 0.084165
0 0 0.644603 0.115939 0.047273 0.025746 0.166438
0 0 0.790198 0.058132 0.018635 0.009026 0.124009
0 0 0.941438 0.008968 0.001659 0.000614 0.047321
0 0 0.951873 0.006583 0.001117 0.000397 0.040030
0 0 0.982474 0.001251 0.000135 0.000038 0.016102
0 0 0.959151 0.005065 0.000799 0.000274 0.034710
0 0 0.944232 0.008307 0.001504 0.000551 0.045405
0 0 0.973307 0.002529 0.000330 0.000103 0.023730
0 0 0.938826 0.009600 0.001810 0.000677 0.049088
0 0 0.966772 0.003625 0.000522 0.000171 0.028911
0 0 0.970251 0.003024 0.000414 0.000132 0.026177
0 0 0.955395 0.005833 0.000957 0.000334 0.037481
0 0 0.960873 0.004726 0.000732 0.000248 0.033421
0 0 0.957192 0.005461 0.000880 0.000305 0.036163
0 0 0.965809 0.003798 0.000554 0.000183 0.029657
0 0 0.966321 0.003706 0.000537 0.000176 0.029260
0 0 0.951330 0.006701 0.001143 0.000407 0.040419
0 0 0.959980 0.004901 0.000766 0.000262 0.034091
0 0 0.966396 0.003692 0.000534 0.000175 0.029202
0 0 0.954010 0.006124 0.001019 0.000358 0.038489
0 0 0.961245 0.004654 0.000717 0.000243 0.033141
0 0 0.960805 0.004739 0.000734 0.000249 0.033472
0 0 0.950506 0.006882 0.001182 0.000422 0.041007
0 0 0.952798 0.006383 0.001074 0.000380 0.039365
0 0 0.967586 0.003481 0.000495 0.000161 0.028276
0 0 0.969789 0.003102 0.000428 0.000137 0.026543
0 0 0.954797 0.005958 0.000983 0.000345 0.037917
0 0 0.974870 0.002289 0.000290 0.000090 0.022461
0 0 0.967404 0.003513 0.000501 0.000164 0.028418
0 0 0.968297 0.003357 0.000473 0.000153 0.027720
0 0 0.958334 0.005229 0.000832 0.000287 0.035318
0 0 0.971380 0.002838 0.000382 0.000121 0.025279
0 0 0.961677 0.004570 0.000701 0.000237 0.032815
0 0 0.962283 0.004454 0.000678 0.000229 0.032356
0 0 0.965214 0.003906 0.000574 0.000190 0.030116
0 0 0.966702 0.003637 0.000524 0.000172 0.028965
0 0 0.966679 0.003642 0.000525 0.000172 0.028982
0 0 0.974622 0.002327 0.000297 0.000092 0.022664
0 0 0.972495 0.002658 0.000351 0.000110 0.024385
0 0 0.967792 0.003445 0.000489 0.000159 0.028115
0 0 0.965141 0.003919 0.000576 0.000191 0.030173
0 0 0.965813 0.003797 0.000553 0.000183 0.029654
0 0 0.959518 0.004992 0.000785 0.000268 0.034436
0 0 0.969059 0.003226 0.000450 0.000145 0.027121
0 0 0.954208 0.006082 0.001010 0.000355 0.038346
0 0 0.931808 0.011358 0.002245 0.000859 0.053731
0 0 0.972214 0.002703 0.000359 0.000113 0.024612
0 0 0.973046 0.002571 0.000337 0.000105 0.023941
0 0 0.965167 0.003915 0.000575 0.000191 0.030153
0 0 0.967044 0.003577 0.000513 0.000168 0.028699
0 0 0.975443 0.002203 0.000277 0.000085 0.021993
0 0 0.964684 0.004003 0.000592 0.000197 0.030524
0 0 0.969871 0.003088 0.000425 0.000136 0.026479
0 0 0.954536 0.006013 0.000995 0.000349 0.038107
0 0 0.948505 0.007328 0.001281 0.000462 0.042425
0 0 0.968446 0.003331 0.000468 0.000152 0.027602
0 0 0.953290 0.006278 0.001051 0.000371 0.039010
0 0 0.967746 0.003453 0.000490 0.000160 0.028151
0 0 0.968278 0.003360 0.000474 0.000154 0.027734
0 0 0.961872 0.004532 0.000694 0.000234 0.032667
0 0 0.971952 0.002745 0.000366 0.000116 0.024821
0 0 0.966323 0.003705 0.000536 0.000176 0.029259
0 0 0.957750 0.005347 0.000857 0.000296 0.035750
0 0 0.961491 0.004606 0.000708 0.000240 0.032955
0 0 0.907465 0.018056 0.004071 0.001661 0.068747
0 0 0.866773 0.030812 0.008122 0.003576 0.090718
0 0 0.930350 0.011734 0.002340 0.000899 0.054676
0 0 0.915459 0.015764 0.003419 0.001369 0.063989
0 0 0.929009 0.012083 0.002430 0.000938 0.055540
0 0 0.862400 0.032272 0.008625 0.003823 0.092880
0 0 0.952316 0.006487 0.001096 0.000389 0.039712
0 0 0.924008 0.013410 0.002778 0.001087 0.058717
0 0 0.700547 0.093182 0.035031 0.018338 0.152901
0 0 0.665262 0.107484 0.042579 0.022865 0.161810
0 0 0.709769 0.089481 0.033158 0.017236 0.150357
0 0 0.941356 0.008988 0.001663 0.000616 0.047376
0 0 0.947471 0.007561 0.001333 0.000483 0.043152
0 0 0.957065 0.005487 0.000885 0.000307 0.036256
0 1 0.855535 0.034594 0.009440 0.004227 0.096203
1 1 0.222557 0.272389 0.186969 0.110432 0.207653
0 0 0.715383 0.087236 0.032038 0.016581 0.148763
0 1 0.895177 0.021731 0.005169 0.002165 0.075759
0 4 0.779753 0.062086 0.020331 0.009950 0.127881
0 4 0.765422 0.067576 0.022752 0.011287 0.132964
0 4 0.425965 0.205873 0.109519 0.067907 0.190736
0 4 0.640513 0.103498 0.041215 0.018451 0.196323
0 4 0.723060 0.059035 0.019668 0.006695 0.191542
0 4 0.811369 0.028508 0.007589 0.002116 0.150417
0 4 0.660580 0.086360 0.032590 0.012670 0.207800
0 4 0.606987 0.085421 0.033091 0.010394 0.264106
0 4 0.762197 0.058408 0.019025 0.007787 0.152583
0 4 0.532520 0.162284 0.076256 0.044506 0.184435
0 4 0.690593 0.066149 0.023037 0.007631 0.212589
0 4 0.612706 0.124040 0.052311 0.027074 0.183869
0 4 0.656834 0.110927 0.044469 0.024019 0.163750
0 4 0.709826 0.065372 0.022479 0.007985 0.194337
0 4 0.862962 0.032084 0.008560 0.003791 0.092604
0 4 0.791363 0.036682 0.010502 0.003232 0.158221
0 4 0.801438 0.047282 0.014336 0.005930 0.131015
0 4 0.707829 0.062537 0.021294 0.007174 0.201167
0 4 0.557588 0.151900 0.069256 0.039830 0.181426
0 4 0.548857 0.097176 0.040140 0.011949 0.301878
0 4 0.397498 0.217218 0.119436 0.075258 0.190590
0 4 0.612182 0.081379 0.031067 0.009459 0.265913
0 4 0.660422 0.085740 0.032303 0.012446 0.209089
0 4 0.530806 0.162993 0.076746 0.044836 0.184619
0 4 0.473473 0.186602 0.093965 0.056723 0.189237
0 4 0.818832 0.047536 0.014297 0.006713 0.112622
0 4 0.443227 0.198913 0.103727 0.063693 0.190440
0 4 0.532682 0.142860 0.065283 0.029853 0.229322
0 4 0.388797 0.220646 0.122561 0.077612 0.190384
0 4 0.881184 0.024311 0.005995 0.002412 0.086097
0 4 0.882395 0.025725 0.006428 0.002757 0.082695
0 4 0.696631 0.094759 0.035839 0.018816 0.153955
0 4 0.819336 0.037243 0.010552 0.003875 0.128994
0 4 0.643971 0.068261 0.024540 0.007038 0.256191
4 4 0.034796 0.045432 0.034153 0.001554 0.884065
4 4 0.043432 0.029533 0.018698 0.000684 0.907653
4 4 0.036462 0.066228 0.054068 0.003207 0.840035
4 4 0.041414 0.112231 0.100938 0.009220 0.736197
4 4 0.141596 0.050919 0.026567 0.001933 0.778984
4 4 0.057305 0.034902 0.021336 0.000930 0.885528
4 4 0.094205 0.071800 0.045848 0.003693 0.784453
4 4 0.067946 0.061932 0.041758 0.002767 0.825597
4 4 0.062857 0.188772 0.171537 0.029115 0.547719
4 4 0.042492 0.161824 0.158093 0.020553 0.617038
4 4 0.089861 0.217134 0.184448 0.041542 0.467015
4 4 0.036191 0.076109 0.064488 0.004216 0.818996
4 4 0.020238 0.029199 0.022820 0.000691 0.927052
4 4 0.073042 0.150814 0.124477 0.017109 0.634559
4 4 0.038863 0.128287 0.121399 0.012292 0.699160
4 0 0.052325 0.185051 0.176158 0.027975 0.558491
4 1 0.075356 0.111829 0.084981 0.008991 0.718843
4 2 0.053719 0.189238 0.179779 0.029531 0.547733
4 2 0.027750 0.183756 0.208353 0.029012 0.551129
4 2 0.021466 0.164179 0.194638 0.022568 0.597149
4 2 0.018480 0.153363 0.186463 0.019490 0.622204
4 1 0.044924 0.232885 0.264566 0.043571 0.414054
4 1 0.042284 0.238100 0.303229 0.038172 0.378215
4 1 0.027560 0.177613 0.200159 0.026655 0.568013
2 1 0.036762 0.245519 0.413788 0.027567 0.276364
4 1 0.045909 0.249122 0.327639 0.039888 0.337442
4 1 0.023617 0.187435 0.257336 0.022178 0.509435
2 1 0.026449 0.217943 0.377342 0.020648 0.357617
2 2 0.033968 0.242088 0.438088 0.024457 0.261399
2 2 0.033127 0.242045 0.465003 0.022846 0.236980
4 2 0.024822 0.197223 0.285531 0.022295 0.470130
2 2 0.036823 0.249242 0.532068 0.022704 0.159162
2 2 0.028896 0.223894 0.375827 0.022733 0.348650
4 2 0.026066 0.200718 0.286755 0.023455 0.463006
2 2 0.039068 0.245942 0.595870 0.021180 0.097940
2 2 0.031379 0.225644 0.629502 0.016798 0.096677
2 2 0.030769 0.156559 0.699881 0.026691 0.086101
2 2 0.021449 0.191302 0.492954 0.016916 0.277379
2 2 0.021166 0.116095 0.774335 0.020277 0.068127
2 2 0.028923 0.203208 0.606200 0.020008 0.141661
2 2 0.036366 0.204844 0.563737 0.030325 0.164729
2 2 0.029664 0.039162 0.826720 0.090707 0.013747
2 2 0.040268 0.118427 0.696615 0.067972 0.076718
2 2 0.031600 0.201560 0.435118 0.029937 0.301785
2 2 0.049141 0.099737 0.742834 0.078590 0.029698
3 2 0.059592 0.068642 0.391343 0.447307 0.033116
3 2 0.043707 0.044889 0.422618 0.467548 0.021238
2 3 0.088430 0.200406 0.488619 0.136748 0.085797
2 3 0.062544 0.095015 0.440622 0.362754 0.039065
3 3 0.028684 0.032918 0.201767 0.720039 0.016593
2 3 0.090111 0.207610 0.387940 0.222494 0.091845
3 3 0.011734 0.015655 0.103858 0.861878 0.006876
3 3 0.013263 0.016781 0.117947 0.844394 0.007614
3 3 0.004098 0.005803 0.051453 0.936345 0.002300
3 3 0.012931 0.015325 0.124281 0.840322 0.007141
3 3 0.007365 0.009179 0.084248 0.895198 0.004011
3 3 0.007457 0.010251 0.076645 0.901349 0.004297
3 3 0.010920 0.011944 0.122110 0.849334 0.005691
3 3 0.003088 0.004087 0.046359 0.944832 0.001635
3 3 0.014490 0.022365 0.101180 0.852597 0.009368
3 3 0.005428 0.007298 0.064615 0.919640 0.003018
3 3 0.005480 0.007484 0.063926 0.920034 0.003076
3 3 0.001762 0.002802 0.026896 0.967544 0.000996
3 3 0.002695 0.004099 0.036780 0.954898 0.001529
3 3 0.003655 0.004812 0.051766 0.937814 0.001952
3 3 0.010923 0.016178 0.089273 0.876874 0.006753
3 3 0.007939 0.011891 0.072786 0.902559 0.004824
3 3 0.004400 0.006656 0.050151 0.936216 0.002577
3 3 0.002704 0.003935 0.038610 0.953255 0.001497
3 3 0.002480 0.003688 0.035773 0.956677 0.001381
3 3 0.003600 0.004992 0.048554 0.940875 0.001978
3 3 0.006485 0.008565 0.073398 0.907935 0.003616
3 3 0.002517 0.003523 0.038486 0.954117 0.001356
3 3 0.002159 0.003218 0.032706 0.960725 0.001192
3 3 0.003780 0.005424 0.048272 0.940398 0.002125
3 3 0.001224 0.001946 0.021404 0.974752 0.000674
3 3 0.002684 0.004374 0.034101 0.957257 0.001584
3 3 0.001950 0.002808 0.031844 0.962350 0.001049
3 3 0.001747 0.002711 0.027447 0.967122 0.000973
3 3 0.002958 0.004367 0.040225 0.950789 0.001661
3 3 0.002849 0.004472 0.036817 0.954210 0.001652
3 3 0.001179 0.001991 0.019610 0.976550 0.000670
3 3 0.003512 0.004844 0.048082 0.941641 0.001921
3 3 0.001975 0.002848 0.032042 0.962072 0.001064
3 3 0.001892 0.003054 0.027684 0.966286 0.001083
3 3 0.002150 0.003335 0.031264 0.962037 0.001214
3 3 0.004159 0.005923 0.051625 0.935949 0.002344
3 3 0.003659 0.005684 0.043498 0.945012 0.002147
3 3 0.001698 0.002881 0.024517 0.969911 0.000993
3 3 0.002579 0.004396 0.031701 0.959768 0.001556
3 3 0.001461 0.002352 0.023601 0.971765 0.000821
3 3 0.002107 0.003345 0.030138 0.963207 0.001204
3 3 0.001605 0.002673 0.024134 0.970663 0.000925
3 3 0.002385 0.004019 0.030562 0.961613 0.001422
3 3 0.001662 0.002607 0.026293 0.968510 0.000928
3 3 0.001249 0.002090 0.020517 0.975435 0.000709
3 3 0.020060 0.028319 0.134071 0.804900 0.012650
3 2 0.015333 0.015826 0.157969 0.802931 0.007942
2 3 0.090700 0.147439 0.425563 0.275096 0.061201
3 3 0.073846 0.091555 0.294673 0.491062 0.048863
2 2 0.085385 0.221902 0.439136 0.124845 0.128733
2 2 0.045455 0.255109 0.367542 0.036936 0.294957
2 2 0.069840 0.231115 0.283428 0.152724 0.262893
3 2 0.065608 0.134881 0.230666 0.493019 0.075826
2 2 0.114046 0.218479 0.420290 0.168593 0.078593
2 2 0.057266 0.111820 0.733518 0.071408 0.025989
2 2 0.051470 0.260388 0.344093 0.043612 0.300436
2 2 0.075895 0.204883 0.556950 0.080243 0.082029
3 2 0.046129 0.046796 0.289881 0.591158 0.026035
2 2 0.073167 0.155321 0.514707 0.171351 0.085454
2 2 0.053375 0.195164 0.597748 0.050541 0.103172
2 2 0.073871 0.152512 0.479793 0.201817 0.092008
3 2 0.036083 0.036748 0.370323 0.539381 0.017465
3 3 0.050531 0.068460 0.297968 0.552302 0.030739
3 2 0.040988 0.047740 0.405940 0.484923 0.020410
2 2 0.081235 0.231590 0.507088 0.081311 0.098777
2 2 0.078399 0.178731 0.578107 0.093592 0.071171
3 3 0.077093 0.105167 0.278112 0.484651 0.054977
3 2 0.020876 0.023147 0.175240 0.769200 0.011537
3 3 0.084634 0.149074 0.218479 0.478633 0.069180
3 3 0.025518 0.023651 0.233637 0.704212 0.012983
3 2 0.105558 0.164714 0.264972 0.381412 0.083344
3 2 0.054525 0.072566 0.241542 0.595044 0.036323
2 2 0.097179 0.160776 0.402188 0.275235 0.064622
2 2 0.078327 0.158227 0.596160 0.124194 0.043092
2 2 0.065840 0.088657 0.418223 0.389499 0.037781
2 3 0.039802 0.206261 0.552826 0.034835 0.166276
2 2 0.060193 0.086138 0.612314 0.210658 0.030697
2 2 0.049094 0.103923 0.763705 0.062007 0.021271
2 2 0.069738 0.287618 0.470134 0.046439 0.126071
2 2 0.076368 0.184350 0.613147 0.078678 0.047457
2 2 0.048200 0.146880 0.715123 0.045718 0.044079
2 2 0.088224 0.264545 0.370727 0.099994 0.176509
2 2 0.097244 0.225978 0.437245 0.141188 0.098346
2 2 0.073656 0.222925 0.345215 0.157159 0.201044
3 2 0.059769 0.074152 0.269648 0.557769 0.038662
3 2 0.061222 0.080691 0.398552 0.423035 0.036500
2 2 0.091453 0.300696 0.421435 0.065424 0.120992
3 3 0.075545 0.186593 0.284793 0.307230 0.145839
2 3 0.086707 0.241677 0.423568 0.109015 0.139034
3 3 0.026695 0.028576 0.207905 0.722058 0.014766
3 3 0.044411 0.061936 0.208824 0.655060 0.029769
3 3 0.083004 0.127616 0.249404 0.477263 0.062713
3 0 0.026038 0.036112 0.158176 0.763068 0.016605
2 2 0.090924 0.220794 0.558296 0.075963 0.054024
2 2 0.058722 0.066446 0.446412 0.397619 0.030801
2 2 0.066011 0.214154 0.538859 0.064598 0.116378
3 2 0.066627 0.087925 0.296605 0.498780 0.050062
2 2 0.049427 0.140730 0.701445 0.055383 0.053015
2 2 0.061814 0.104678 0.648054 0.153497 0.031957
2 2 0.067014 0.207954 0.573262 0.062389 0.089381
2 2 0.057460 0.224222 0.444656 0.069872 0.203790
2 3 0.077079 0.108177 0.378567 0.378428 0.057749
3 2 0.043838 0.053822 0.340630 0.537739 0.023972
2 2 0.089520 0.197417 0.500005 0.119371 0.093687
3 2 0.077204 0.109428 0.305024 0.455922 0.052421
2 3 0.064113 0.134262 0.673992 0.092713 0.034920
2 2 0.066119 0.134881 0.588299 0.151882 0.058820
2 3 0.073991 0.177725 0.450658 0.174730 0.122897
3 2 0.078837 0.110234 0.306723 0.450651 0.053555
3 3 0.048091 0.060772 0.246390 0.613198 0.031549
3 3 0.043790 0.045535 0.293536 0.592749 0.024390
3 2 0.087556 0.148072 0.230504 0.463628 0.070240
3 3 0.036634 0.040635 0.237373 0.664109 0.021249
2 2 0.064422 0.089840 0.425498 0.371427 0.048812
3 0 0.056038 0.071521 0.254845 0.581020 0.036577
2 2 0.064959 0.252819 0.616012 0.030339 0.035871
2 2 0.100778 0.256354 0.433817 0.120746 0.088305
2 2 0.078573 0.271953 0.447353 0.075640 0.126481
2 2 0.086187 0.296910 0.389889 0.068205 0.158809
2 2 0.090683 0.167530 0.401759 0.279388 0.060640
2 2 0.057279 0.276906 0.486626 0.037629 0.141560
2 2 0.069455 0.125988 0.650475 0.119081 0.035000
3 2 0.023759 0.019844 0.248618 0.696435 0.011345
3 2 0.034723 0.037864 0.262358 0.645959 0.019097
2 2 0.126572 0.285669 0.310590 0.144655 0.132513
3 2 0.087960 0.146453 0.348611 0.356425 0.060551
3 2 0.073308 0.093927 0.309342 0.475530 0.047892
2 2 0.077015 0.207304 0.297742 0.236438 0.181501
3 2 0.072307 0.099919 0.390699 0.393248 0.043827
3 2 0.084353 0.176049 0.276521 0.347136 0.115942
2 3 0.085189 0.240274 0.330279 0.161365 0.182893
3 2 0.070129 0.127235 0.275752 0.448458 0.078427
2 3 0.084459 0.178234 0.339349 0.270636 0.127322
3 3 0.024472 0.029890 0.173786 0.757390 0.014461
3 3 0.029736 0.043928 0.159594 0.746875 0.019866
3 3 0.024325 0.028897 0.178097 0.754535 0.014146
3 3 0.030055 0.035599 0.200512 0.716068 0.017765
3 0 0.049766 0.087087 0.175452 0.649407 0.038288
3 3 0.043494 0.048678 0.292667 0.590577 0.024585
2 2 0.054123 0.088319 0.512521 0.312851 0.032187
2 2 0.077725 0.229660 0.524186 0.072777 0.095652
3 2 0.075584 0.114595 0.273561 0.482435 0.053826
2 2 0.038497 0.040694 0.552077 0.352348 0.016383
2 3 0.079384 0.290443 0.348167 0.066272 0.215734
2 3 0.070395 0.094664 0.420197 0.373754 0.040989
2 3 0.071470 0.169793 0.339793 0.316681 0.102263
3 2 0.069177 0.097825 0.309568 0.478005 0.045424
2 2 0.081987 0.234300 0.418240 0.102323 0.163150
2 2 0.066050 0.137477 0.616646 0.119969 0.059858
2 3 0.086066 0.140895 0.370735 0.337864 0.064439
3 3 0.035129 0.036651 0.346117 0.564711 0.017391
3 0 0.058236 0.083978 0.236092 0.581238 0.040457
2 2 0.063478 0.144102 0.698787 0.062725 0.030907
2 2 0.038341 0.252074 0.467521 0.026391 0.215672
2 2 0.038505 0.052455 0.521074 0.370279 0.017687
2 2 0.053921 0.072282 0.630243 0.218797 0.024758
2 2 0.038983 0.082126 0.804625 0.053636 0.020630
2 2 0.082621 0.149707 0.534420 0.181361 0.051891
2 2 0.062005 0.232696 0.589272 0.043024 0.073002
2 2 0.054497 0.103736 0.731492 0.085757 0.024518
2 2 0.064353 0.212447 0.620723 0.046759 0.055717
2 2 0.053912 0.101539 0.698999 0.120613 0.024937
2 2 0.033087 0.242995 0.516510 0.020982 0.186425
2 2 0.035643 0.197578 0.641948 0.025502 0.099328
2 2 0.072313 0.185405 0.638893 0.061176 0.042212
2 2 0.078342 0.289093 0.494906 0.048523 0.089136
4 2 0.079819 0.228048 0.202513 0.047744 0.441876
4 2 0.058783 0.258376 0.288062 0.055127 0.339651
2 1 0.033509 0.235754 0.614072 0.017667 0.098998
4 1 0.136275 0.272907 0.216436 0.089751 0.284631
2 1 0.057298 0.274168 0.389810 0.044883 0.233841
2 0 0.088973 0.289522 0.301450 0.080778 0.239277
2 1 0.173860 0.302234 0.344017 0.074770 0.105118
4 0 0.096425 0.207068 0.170562 0.036597 0.489347
4 4 0.059125 0.149425 0.130557 0.016850 0.644043
4 4 0.088777 0.100532 0.071043 0.007223 0.732425
4 4 0.034333 0.106315 0.099409 0.008316 0.751627
4 4 0.040931 0.094901 0.082120 0.006528 0.775520
4 4 0.039931 0.055570 0.042306 0.002273 0.859921
4 4 0.079220 0.151084 0.121944 0.017161 0.630591
4 4 0.069529 0.218598 0.199838 0.042553 0.469482
4 0 0.128566 0.170863 0.123979 0.023036 0.553557
0 0 0.535540 0.161034 0.075397 0.043927 0.184103
4 0 0.290047 0.208948 0.125733 0.047194 0.328078
4 0 0.158638 0.230658 0.169127 0.051388 0.390190
4 1 0.091415 0.265317 0.234316 0.077826 0.331127
4 1 0.035813 0.216555 0.263162 0.034363 0.450107
4 1 0.031968 0.192648 0.212361 0.032268 0.530755
2 1 0.024613 0.218507 0.424001 0.017845 0.315033
2 2 0.040825 0.256553 0.499131 0.026625 0.176866
2 2 0.045345 0.221260 0.604064 0.031598 0.097733
2 2 0.033227 0.130495 0.731528 0.035909 0.068841
2 2 0.025622 0.189741 0.654132 0.016694 0.113810
2 2 0.027733 0.102941 0.790195 0.032032 0.047099
2 2 0.040715 0.125986 0.745812 0.043437 0.044049
2 2 0.035800 0.210897 0.660460 0.020463 0.072380
2 2 0.039413 0.107070 0.774199 0.046086 0.033233
2 2 0.042222 0.244821 0.537916 0.028264 0.146777
2 2 0.036427 0.202667 0.621548 0.026744 0.112614
2 2 0.036566 0.201444 0.663115 0.023116 0.075760
2 2 0.031156 0.238788 0.488032 0.020687 0.221337
2 2 0.038570 0.172200 0.685704 0.031184 0.072342
2 2 0.047256 0.177990 0.672089 0.039091 0.063575
2 2 0.036631 0.204910 0.592584 0.028659 0.137216
2 2 0.025707 0.130815 0.755770 0.022949 0.064759
2 2 0.043744 0.105047 0.759007 0.059955 0.032248
2 2 0.050595 0.269911 0.452568 0.035621 0.191306
2 2 0.030948 0.093283 0.809517 0.036254 0.029999
2 2 0.056427 0.117811 0.657507 0.118584 0.049670
3 2 0.058167 0.085542 0.398210 0.415009 0.043073
2 2 0.063275 0.275236 0.539124 0.036744 0.085621
2 2 0.028725 0.094832 0.808416 0.033392 0.034636
2 2 0.033767 0.121755 0.734767 0.040763 0.068949
2 2 0.049603 0.173440 0.649404 0.048126 0.079428
2 2 0.050504 0.067994 0.610136 0.243608 0.027759
2 2 0.044205 0.111635 0.736672 0.060571 0.046917
2 2 0.059487 0.117971 0.686399 0.107547 0.028596
2 2 0.031102 0.035409 0.755770 0.166742 0.010978
2 2 0.054296 0.214565 0.634541 0.036282 0.060317
2 0 0.051482 0.151049 0.727230 0.040935 0.029303
2 1 0.172314 0.292842 0.399118 0.050192 0.085535
2 2 0.050539 0.264138 0.378286 0.040402 0.266634
2 2 0.043829 0.128054 0.731919 0.050900 0.045298
2 2 0.051026 0.117094 0.712894 0.079367 0.039619
2 2 0.063621 0.149154 0.685708 0.064622 0.036894
2 2 0.039329 0.071739 0.803355 0.070220 0.015356
2 2 0.029495 0.083246 0.805807 0.043623 0.037829
2 2 0.043147 0.158053 0.719885 0.034485 0.044430
2 2 0.064136 0.225163 0.567942 0.052042 0.090717
2 2 0.040896 0.185928 0.646789 0.033884 0.092503
2 2 0.019314 0.090974 0.817837 0.021739 0.050136
2 2 0.037722 0.088034 0.795614 0.051744 0.026886
2 2 0.036210 0.104597 0.773316 0.045292 0.040584
2 2 0.052801 0.180348 0.635885 0.050502 0.080464
2 2 0.072748 0.156322 0.623103 0.100177 0.047650
2 2 0.043160 0.139617 0.710011 0.047002 0.060211
2 2 0.046400 0.051447 0.618558 0.263663 0.019931
2 3 0.030923 0.031842 0.676699 0.249237 0.011299
2 2 0.064300 0.096128 0.427340 0.375085 0.037148
2 2 0.093174 0.234550 0.475358 0.102698 0.094220
2 2 0.039474 0.043891 0.453834 0.444328 0.018473
2 2 0.053521 0.170396 0.572599 0.069888 0.133597
2 2 0.063189 0.089510 0.590944 0.224963 0.031394
2 2 0.078652 0.131933 0.364349 0.355089 0.069977
2 2 0.107430 0.249921 0.293182 0.196761 0.152706
3 2 0.061757 0.082213 0.365659 0.442450 0.047921
2 2 0.081533 0.139012 0.426405 0.279138 0.073911
3 3 0.073801 0.093782 0.367011 0.420140 0.045266
3 3 0.022747 0.025980 0.178482 0.759920 0.012870
3 2 0.022720 0.024302 0.190435 0.750151 0.012392
2 2 0.117166 0.285776 0.394316 0.116894 0.085848
2 3 0.077696 0.186013 0.363177 0.244680 0.128434
3 3 0.093744 0.154166 0.334629 0.344842 0.072619
3 3 0.033693 0.043913 0.193747 0.707434 0.021214
3 3 0.022826 0.028347 0.164376 0.770913 0.013537
3 3 0.091792 0.149633 0.243015 0.442994 0.072567
3 3 0.034211 0.043541 0.200010 0.700953 0.021285
3 3 0.015350 0.017538 0.142604 0.816091 0.008417
3 3 0.026158 0.032083 0.179549 0.746631 0.015580
3 3 0.093017 0.155756 0.253896 0.424333 0.072999
3 3 0.006708 0.007006 0.095648 0.887354 0.003284
3 3 0.033740 0.039464 0.215907 0.690883 0.020006
3 3 0.021166 0.027407 0.150980 0.787676 0.012770
3 3 0.004879 0.005974 0.066741 0.919853 0.002553
3 3 0.023981 0.023104 0.217528 0.722988 0.012399
3 3 0.015730 0.016465 0.158070 0.801507 0.008228
3 3 0.006640 0.009632 0.067494 0.912323 0.003911
3 3 0.027973 0.040878 0.156037 0.756633 0.018480
3 3 0.003985 0.005562 0.051349 0.936891 0.002214
3 3 0.005419 0.007597 0.061760 0.922139 0.003085
3 3 0.032806 0.043644 0.187120 0.715585 0.020845
3 3 0.005754 0.008511 0.060585 0.921758 0.003392
3 3 0.013768 0.016184 0.130024 0.832418 0.007606
3 3 0.003893 0.005424 0.050708 0.937818 0.002157
3 3 0.005278 0.007790 0.057588 0.926256 0.003088
3 3 0.002447 0.003566 0.036237 0.956404 0.001346
3 3 0.046801 0.065316 0.214178 0.642167 0.031539
3 3 0.034399 0.048548 0.210719 0.680486 0.025847
3 3 0.011734 0.013296 0.122883 0.845815 0.006272
3 3 0.013019 0.019297 0.099045 0.860479 0.008159
3 3 0.062079 0.108908 0.193990 0.586129 0.048894
3 3 0.031137 0.031316 0.239921 0.680762 0.016863
2 3 0.067588 0.087613 0.424120 0.382147 0.038531
2 3 0.079167 0.122851 0.500904 0.251693 0.045386
3 3 0.063279 0.074720 0.289814 0.532110 0.040077
3 3 0.022503 0.025147 0.181338 0.758445 0.012567
3 3 0.015382 0.021365 0.116890 0.836950 0.009413
3 3 0.043254 0.057542 0.216007 0.655024 0.028173
3 3 0.044244 0.066049 0.194648 0.664265 0.030794
3 3 0.024778 0.031035 0.170608 0.758714 0.014865
3 3 0.009235 0.013044 0.084802 0.887430 0.005489
3 3 0.017391 0.028221 0.106908 0.835751 0.011729
3 3 0.008416 0.010106 0.094935 0.882010 0.004533
3 3 0.005927 0.009868 0.054465 0.925996 0.003744
3 3 0.004389 0.005945 0.056249 0.931003 0.002414
3 3 0.007235 0.009782 0.076558 0.902304 0.004121
3 3 0.007096 0.009730 0.074556 0.904550 0.004068
3 3 0.003651 0.005496 0.044915 0.943833 0.002104
3 3 0.008105 0.011103 0.080898 0.895205 0.004690
3 3 0.004664 0.006375 0.057833 0.928539 0.002589
3 3 0.009145 0.014693 0.073673 0.896647 0.005842
3 3 0.003798 0.004314 0.061908 0.928109 0.001871
3 3 0.002428 0.003666 0.034719 0.957826 0.001362
3 3 0.004593 0.006777 0.052880 0.933090 0.002660
3 3 0.003167 0.004535 0.043344 0.947198 0.001756
3 3 0.003375 0.004616 0.047324 0.942854 0.001832
3 3 0.004131 0.005804 0.052137 0.935620 0.002309
3 3 0.004351 0.006731 0.048642 0.937698 0.002578
3 3 0.002521 0.003891 0.034734 0.957417 0.001436
3 3 0.007473 0.011211 0.070034 0.906757 0.004525
3 3 0.005158 0.008843 0.048480 0.934238 0.003280
3 3 0.005874 0.009355 0.056762 0.924393 0.003616
3 3 0.005862 0.008592 0.061872 0.920232 0.003442
3 3 0.005911 0.009319 0.057581 0.923570 0.003619
3 3 0.008157 0.012060 0.075003 0.899849 0.004930
3 3 0.001576 0.002561 0.024506 0.970463 0.000894
3 3 0.004426 0.006405 0.052741 0.933899 0.002529
3 0 0.005652 0.008895 0.056131 0.925876 0.003446
3 0 0.054994 0.078816 0.241202 0.587682 0.037306
0 2 0.292486 0.271112 0.237260 0.062431 0.136710
2 2 0.095823 0.244988 0.379382 0.147291 0.132516
3 3 0.066657 0.085780 0.285350 0.518415 0.043798
2 3 0.047294 0.062937 0.547665 0.319762 0.022342
2 3 0.061004 0.132039 0.689991 0.087254 0.029711
2 2 0.077366 0.293949 0.433521 0.054829 0.140335
2 2 0.108810 0.305913 0.412623 0.075974 0.096680
2 4 0.083884 0.296631 0.447513 0.057078 0.114895
4 4 0.043021 0.132716 0.123102 0.013157 0.688005
2 4 0.086217 0.276179 0.335270 0.047020 0.255315
4 4 0.273894 0.079009 0.038163 0.005030 0.603903
4 4 0.108730 0.241902 0.199538 0.057089 0.392741
4 4 0.297789 0.213913 0.128371 0.051569 0.308358
4 4 0.369955 0.126203 0.062715 0.015165 0.425960
0 4 0.270102 0.264601 0.170232 0.115804 0.179261
4 4 0.252305 0.121529 0.066928 0.011966 0.547272
4 4 0.106571 0.032739 0.016540 0.000827 0.843324
4 4 0.224988 0.065371 0.031854 0.003311 0.674476
4 4 0.107428 0.173692 0.133114 0.023724 0.562043
4 4 0.173665 0.066325 0.034922 0.003279 0.721808
4 4 0.135354 0.058486 0.032013 0.002515 0.771632
4 4 0.376070 0.103660 0.048841 0.009949 0.461480
4 4 0.217331 0.189023 0.120955 0.031923 0.440768
4 4 0.207262 0.199723 0.131242 0.036377 0.425396
4 4 0.239605 0.064461 0.030740 0.003261 0.661933
4 4 0.199966 0.190638 0.125201 0.031956 0.452238
4 4 0.167348 0.125321 0.078218 0.011840 0.617273
4 4 0.089463 0.185317 0.151868 0.027621 0.545732
4 4 0.157871 0.056962 0.029650 0.002419 0.753099
4 4 0.151024 0.068038 0.037514 0.003400 0.740024
4 4 0.181679 0.112349 0.066668 0.009502 0.629802
4 0 0.262826 0.097370 0.050155 0.007597 0.582052
0 4 0.678112 0.089256 0.033630 0.014727 0.184274
0 4 0.491197 0.156556 0.075017 0.033889 0.243341
4 4 0.220741 0.151375 0.091433 0.018801 0.517651
4 4 0.085331 0.141217 0.109795 0.014774 0.648883
4 4 0.094424 0.246707 0.212658 0.060527 0.385684
4 4 0.144804 0.183074 0.130582 0.027449 0.514090
4 4 0.161162 0.094212 0.055354 0.006526 0.682747
4 4 0.273950 0.216769 0.133756 0.051081 0.324443
4 4 0.066888 0.139916 0.116210 0.014514 0.662472
4 4 0.190692 0.155434 0.098541 0.019388 0.535944
4 4 0.157823 0.195197 0.137942 0.032529 0.476509
4 4 0.345157 0.075907 0.033937 0.005021 0.539978
4 4 0.154870 0.051446 0.026238 0.001986 0.765460
4 4 0.142192 0.146309 0.099357 0.016302 0.595839
4 4 0.297842 0.146550 0.080516 0.019170 0.455922
4 4 0.236545 0.119266 0.066604 0.011310 0.566275
4 4 0.415303 0.097112 0.043709 0.009188 0.434687
4 4 0.250467 0.151889 0.088531 0.019590 0.489523
4 4 0.217200 0.113928 0.064465 0.010078 0.594329
4 4 0.144668 0.063441 0.034786 0.002957 0.754148
4 4 0.174667 0.148165 0.095198 0.017159 0.564811
4 4 0.275339 0.128733 0.070112 0.013915 0.511900
4 4 0.184855 0.168903 0.110229 0.023391 0.512621
4 4 0.295040 0.098649 0.049300 0.008079 0.548932
4 4 0.344090 0.171089 0.093454 0.030117 0.361250
0 4 0.476936 0.098171 0.042481 0.010468 0.371944
0 4 0.533227 0.092128 0.037908 0.010227 0.326509
0 4 0.370327 0.163293 0.086296 0.028085 0.351999
4 4 0.171166 0.144592 0.092884 0.016205 0.575153
0 4 0.522832 0.123478 0.054880 0.019708 0.279101
4 4 0.158770 0.178114 0.122953 0.025954 0.514209
4 4 0.221522 0.209836 0.136805 0.042419 0.389417
0 4 0.397281 0.159766 0.082226 0.028056 0.332671
4 0 0.326780 0.171827 0.095413 0.029506 0.376474
0 0 0.723350 0.084062 0.030475 0.015673 0.146440
0 0 0.845654 0.037995 0.010667 0.004843 0.100841
0 0 0.696298 0.094893 0.035908 0.018857 0.154043
0 0 0.388445 0.178717 0.095041 0.037260 0.300538
0 0 0.441425 0.199642 0.104324 0.064124 0.190484
4 1 0.211958 0.204994 0.134646 0.039248 0.409155
4 1 0.062331 0.225780 0.214368 0.046892 0.450630
4 1 0.155341 0.233247 0.172481 0.052952 0.385979
4 1 0.230379 0.237233 0.157099 0.062619 0.312670
0 0 0.392426 0.176300 0.093173 0.036197 0.301904
0 1 0.636197 0.119393 0.049241 0.026968 0.168201
0 1 0.374125 0.184080 0.099696 0.039182 0.302917
4 0 0.305694 0.202816 0.119348 0.044608 0.327534
0 0 0.651698 0.113030 0.045638 0.024737 0.164897
0 0 0.782677 0.060975 0.019850 0.009687 0.126812
0 0 0.679386 0.101735 0.039486 0.020994 0.158399
0 0 0.772578 0.057582 0.018590 0.007953 0.143297
0 0 0.688015 0.098238 0.037643 0.019890 0.156214
0 0 0.686664 0.098785 0.037930 0.020061 0.156561
0 0 0.944215 0.008311 0.001505 0.000552 0.045417
0 0 0.836621 0.041161 0.011841 0.005440 0.104937
0 0 0.788992 0.058587 0.018828 0.009130 0.124463
0 0 0.835618 0.041516 0.011975 0.005509 0.105384
0 0 0.900151 0.020222 0.004711 0.001953 0.072963
0 0 0.889558 0.023466 0.005708 0.002417 0.078851
0 0 0.940735 0.009137 0.001699 0.000631 0.047799
0 0 0.918568 0.014896 0.003179 0.001263 0.062094
0 0 0.946864 0.007699 0.001365 0.000495 0.043577
0 0 0.913499 0.016318 0.003574 0.001438 0.065170
0 0 0.922781 0.007474 0.001338 0.000334 0.068073
0 0 0.897231 0.010115 0.001984 0.000469 0.090200
0 0 0.854138 0.015964 0.003595 0.000841 0.125462
0 0 0.925166 0.013099 0.002695 0.001052 0.057988
0 0 0.785285 0.059987 0.019425 0.009455 0.125848
0 0 0.841871 0.039315 0.011152 0.005089 0.102573
0 0 0.906979 0.018198 0.004113 0.001680 0.069031
0 0 0.910171 0.017271 0.003845 0.001559 0.067154
0 0 0.919919 0.014523 0.003077 0.001218 0.061263
0 0 0.914765 0.015960 0.003474 0.001393 0.064408
0 0 0.944324 0.008286 0.001499 0.000549 0.045342
0 0 0.940419 0.009213 0.001717 0.000638 0.048013
0 0 0.950324 0.006922 0.001191 0.000426 0.041137
0 0 0.892620 0.013496 0.002855 0.000794 0.090235
0 0 0.939841 0.009353 0.001750 0.000652 0.048404
0 0 0.813478 0.037218 0.010575 0.003740 0.134988
0 0 0.849973 0.021314 0.005174 0.001456 0.122083
4 1 0.248933 0.111721 0.060492 0.009971 0.568882
4 1 0.033292 0.179991 0.193068 0.027046 0.566603
4 0 0.041603 0.209835 0.219281 0.039459 0.489822
4 1 0.153416 0.175538 0.121936 0.024958 0.524153
4 1 0.059936 0.246485 0.241212 0.061514 0.390854
4 1 0.059185 0.245478 0.240859 0.060764 0.393714
4 1 0.035606 0.217748 0.269270 0.033778 0.443597
4 1 0.042927 0.244697 0.330009 0.037056 0.345311
4 2 0.030642 0.225456 0.358564 0.024843 0.360495
2 1 0.048241 0.265042 0.526679 0.029684 0.130354
4 1 0.045128 0.223301 0.231385 0.046650 0.453536
4 1 0.048382 0.229054 0.234126 0.049928 0.438511
4 1 0.035590 0.203728 0.220830 0.036998 0.502855
2 1 0.040389 0.246855 0.369391 0.032608 0.310757
2 1 0.047194 0.254674 0.347347 0.039697 0.311088
4 1 0.050179 0.232058 0.235484 0.051736 0.430543
4 1 0.044083 0.221363 0.230422 0.045596 0.458535
2 2 0.047257 0.265729 0.461483 0.032812 0.192719
2 2 0.035445 0.245535 0.556433 0.020923 0.141663
2 2 0.041624 0.257113 0.454856 0.029266 0.217142
2 2 0.040731 0.251190 0.574105 0.023054 0.110922
4 2 0.042411 0.244058 0.331266 0.036516 0.345749
2 1 0.143573 0.289521 0.324376 0.053947 0.188583
4 1 0.063897 0.211077 0.195987 0.038822 0.490217
4 1 0.046585 0.245540 0.305158 0.042089 0.360628
4 1 0.041688 0.237821 0.306630 0.037389 0.376471
2 1 0.035392 0.243259 0.418165 0.026326 0.276858
2 2 0.050071 0.267535 0.520365 0.031111 0.130918
2 2 0.047775 0.254541 0.593983 0.025429 0.078272
2 2 0.027439 0.147523 0.750602 0.019916 0.054520
2 2 0.025521 0.222459 0.535951 0.016119 0.199949
2 2 0.025398 0.222666 0.603127 0.013840 0.134970
2 2 0.030364 0.231230 0.611911 0.016176 0.110320
2 2 0.034240 0.140769 0.755443 0.027401 0.042147
2 1 0.053933 0.273089 0.497430 0.034855 0.140693
4 1 0.035753 0.207147 0.230696 0.036459 0.489945
2 1 0.055785 0.257094 0.329430 0.041441 0.316250
4 1 0.037494 0.224745 0.282769 0.034843 0.420150
2 2 0.042525 0.259216 0.484287 0.028439 0.185534
4 2 0.059925 0.255260 0.270746 0.058067 0.356002
4 2 0.027034 0.207139 0.305389 0.023653 0.436786
2 0 0.173384 0.281224 0.306063 0.045760 0.193568
4 1 0.244058 0.206855 0.130682 0.042175 0.376230
4 2 0.028841 0.192530 0.229032 0.029025 0.520572
2 2 0.032034 0.240845 0.497843 0.020946 0.208331
2 2 0.039441 0.254362 0.500242 0.025688 0.180267
2 2 0.036245 0.241587 0.387882 0.028299 0.305987
2 2 0.037093 0.248027 0.557530 0.021814 0.135536
2 2 0.021824 0.033477 0.893494 0.044639 0.006567
2 2 0.057133 0.182631 0.624306 0.056057 0.079872
2 2 0.022603 0.127574 0.778992 0.017710 0.053122
2 2 0.036168 0.170710 0.675281 0.030728 0.087114
2 2 0.039747 0.253976 0.454652 0.027950 0.223675
2 2 0.036284 0.246634 0.437370 0.026201 0.253512
2 2 0.022983 0.138820 0.748174 0.018296 0.071727
2 2 0.038100 0.250669 0.447062 0.027113 0.237056
2 2 0.047255 0.236328 0.603749 0.028763 0.083905
2 2 0.034080 0.049610 0.759519 0.143903 0.012888
2 2 0.019805 0.083971 0.838765 0.021884 0.035575
2 2 0.023316 0.080969 0.839975 0.027305 0.028436
2 2 0.025290 0.165562 0.715240 0.017024 0.076885
2 1 0.022244 0.100354 0.819648 0.020836 0.036919
2 1 0.037687 0.247495 0.416048 0.028179 0.270592
2 1 0.026412 0.073917 0.857701 0.027917 0.014054
4 2 0.033344 0.224987 0.321885 0.028804 0.390980
2 0 0.056891 0.277213 0.462539 0.039141 0.164216
2 0 0.159569 0.296534 0.399959 0.055056 0.088881
0 1 0.436360 0.201689 0.106012 0.065348 0.190592
4 2 0.066186 0.268325 0.294302 0.061425 0.309762
2 2 0.046500 0.262978 0.527793 0.028621 0.134108
2 2 0.043245 0.105954 0.743039 0.062203 0.045559
2 2 0.050058 0.073271 0.696097 0.158747 0.021827
2 2 0.041482 0.208048 0.637771 0.028275 0.084425
2 2 0.021330 0.032746 0.894261 0.045281 0.006382
2 2 0.032283 0.060407 0.848284 0.047486 0.011541
2 2 0.030997 0.237324 0.461705 0.021450 0.248523
2 2 0.035018 0.245698 0.542763 0.021203 0.155318
2 2 0.018108 0.059141 0.883617 0.022352 0.016783
2 2 0.031341 0.113998 0.758468 0.037182 0.059011
2 2 0.040430 0.247624 0.553561 0.024993 0.133392
2 2 0.038383 0.139759 0.748579 0.032776 0.040502
2 2 0.024032 0.114337 0.784183 0.023164 0.054284
2 2 0.018860 0.031884 0.909107 0.034689 0.005459
2 2 0.035060 0.088963 0.802995 0.045627 0.027356
2 2 0.027402 0.089478 0.839129 0.025495 0.018496
2 2 0.047166 0.178691 0.671942 0.038721 0.063479
2 2 0.025592 0.077090 0.846834 0.029702 0.020781
2 2 0.025534 0.048525 0.867416 0.045834 0.012692
2 2 0.061799 0.144329 0.544811 0.152063 0.096997
2 2 0.023617 0.029761 0.869175 0.070249 0.007198
2 2 0.038261 0.250845 0.543789 0.023065 0.144040
2 2 0.040209 0.062315 0.800911 0.078475 0.018089
2 2 0.059557 0.173887 0.622310 0.067668 0.076579
2 2 0.061749 0.179957 0.553575 0.081263 0.123457
2 2 0.034717 0.048433 0.675118 0.222664 0.019068
2 2 0.040748 0.111593 0.756034 0.050339 0.041285
2 2 0.039251 0.043642 0.628855 0.272210 0.016041
2 2 0.025985 0.032063 0.815805 0.117650 0.008496
2 2 0.070260 0.093634 0.437258 0.358660 0.040187
2 3 0.050840 0.164292 0.633256 0.057908 0.093704
3 2 0.031921 0.032386 0.241022 0.677261 0.017410
2 3 0.095917 0.188247 0.346104 0.270213 0.099518
2 3 0.034608 0.039919 0.618818 0.292765 0.013891
3 3 0.073418 0.100614 0.266920 0.507749 0.051300
3 3 0.034472 0.039118 0.342434 0.566626 0.017351
3 3 0.009341 0.011294 0.100359 0.873915 0.005090
3 3 0.014459 0.017110 0.132896 0.827487 0.008048
3 3 0.059928 0.079564 0.339509 0.484798 0.036201
3 3 0.016037 0.020602 0.129776 0.824161 0.009423
3 3 0.009380 0.011608 0.098200 0.875632 0.005181
3 3 0.006870 0.009016 0.076518 0.903763 0.003833
3 3 0.007472 0.008817 0.089958 0.889803 0.003950
3 3 0.017331 0.018811 0.161097 0.793438 0.009323
3 3 0.004050 0.006054 0.048255 0.939299 0.002342
3 3 0.008248 0.013141 0.069819 0.903587 0.005205
3 3 0.016887 0.023481 0.123295 0.825921 0.010416
3 3 0.003315 0.004004 0.053353 0.937653 0.001675
3 3 0.003557 0.004231 0.056632 0.933789 0.001790
3 3 0.026467 0.033001 0.177747 0.746859 0.015925
3 3 0.008325 0.009859 0.095674 0.881696 0.004446
3 3 0.026961 0.040631 0.148153 0.766190 0.018066
3 3 0.003599 0.005067 0.047754 0.941585 0.001995
3 3 0.012177 0.013983 0.123901 0.843363 0.006576
3 3 0.003825 0.006527 0.040487 0.946786 0.002375
3 3 0.005433 0.007104 0.066564 0.917924 0.002974
3 3 0.010358 0.012224 0.109458 0.862349 0.005611
3 3 0.005332 0.006269 0.073552 0.912103 0.002745
3 3 0.010131 0.014174 0.090551 0.879113 0.006031
3 3 0.004122 0.005658 0.053356 0.934590 0.002274
3 3 0.001886 0.003037 0.027688 0.966311 0.001078
3 3 0.004065 0.005331 0.055494 0.932928 0.002183
3 3 0.006780 0.009213 0.073203 0.906949 0.003855
3 3 0.008327 0.013516 0.068859 0.903984 0.005314
3 3 0.003339 0.004615 0.046503 0.943722 0.001822
3 3 0.002613 0.004173 0.034240 0.957453 0.001521
3 3 0.005637 0.008488 0.058697 0.923827 0.003351
3 3 0.002220 0.003424 0.032089 0.961015 0.001252
3 3 0.008470 0.011904 0.080899 0.893740 0.004988
3 3 0.007944 0.010322 0.084456 0.892824 0.004454
3 3 0.003306 0.004372 0.048412 0.942152 0.001758
2 0 0.085096 0.187240 0.357659 0.256743 0.113262
2 1 0.106678 0.300737 0.451486 0.068099 0.073000
4 2 0.029176 0.160905 0.174312 0.020877 0.614729
2 2 0.067733 0.140167 0.658970 0.086253 0.046878
2 2 0.093682 0.221815 0.450286 0.121727 0.112490
2 1 0.039115 0.253638 0.475228 0.026584 0.205435
4 1 0.042626 0.244390 0.331086 0.036720 0.345178
4 1 0.024979 0.164283 0.186758 0.022254 0.601726
4 1 0.088862 0.247871 0.217555 0.061451 0.384261
4 4 0.062226 0.149250 0.128515 0.016777 0.643233
4 4 0.051531 0.250067 0.325095 0.038048 0.335258
4 4 0.106656 0.267243 0.260893 0.056680 0.308528
4 4 0.062779 0.187117 0.169736 0.028488 0.551879
4 4 0.108430 0.093500 0.061333 0.006263 0.730473
4 0 0.042500 0.084766 0.070555 0.005189 0.796990
4 0 0.209727 0.254683 0.183450 0.069362 0.282778
4 4 0.365827 0.093935 0.043545 0.007968 0.488725
4 4 0.103117 0.189610 0.150116 0.029285 0.527872
4 4 0.093924 0.124914 0.091715 0.011351 0.678096
4 4 0.047615 0.024872 0.014688 0.000495 0.912329
4 4 0.355530 0.102294 0.048845 0.009397 0.483934
0 4 0.636371 0.108523 0.043796 0.020578 0.190733
4 4 0.208968 0.109393 0.061959 0.009189 0.610491
4 4 0.112926 0.126022 0.088042 0.011625 0.661385
4 4 0.093597 0.051217 0.030077 0.001922 0.823187
4 4 0.119474 0.162493 0.118922 0.020407 0.578703
4 4 0.077156 0.036043 0.020436 0.000985 0.865381
4 4 0.203662 0.055689 0.026808 0.002386 0.711455
4 4 0.135389 0.083702 0.050155 0.005073 0.725682
4 4 0.084838 0.130507 0.099677 0.012452 0.672526
4 0 0.071049 0.119437 0.093796 0.010324 0.705395
0 0 0.519846 0.167525 0.079911 0.046982 0.185736
0 4 0.476424 0.093927 0.040217 0.009502 0.379930
4 4 0.067160 0.086046 0.063245 0.005280 0.778268
4 4 0.101179 0.123252 0.088326 0.011050 0.676192
4 4 0.070474 0.139406 0.114002 0.014384 0.661735
4 4 0.047706 0.140973 0.128938 0.014939 0.667444
4 4 0.075252 0.154045 0.126739 0.017936 0.626028
4 4 0.115084 0.161959 0.119695 0.020216 0.583046
4 4 0.094102 0.105595 0.074317 0.007994 0.717993
4 4 0.061601 0.042800 0.027006 0.001365 0.867228
4 4 0.168123 0.051853 0.025888 0.002031 0.752105
4 4 0.103551 0.082532 0.053152 0.004872 0.755894
4 4 0.187672 0.076866 0.041092 0.004423 0.689948
4 4 0.138372 0.033421 0.015768 0.000870 0.811569
4 4 0.055699 0.037528 0.023556 0.001067 0.882149
4 4 0.040613 0.010923 0.005464 0.000109 0.942892
4 4 0.083676 0.024457 0.012277 0.000477 0.879113
4 4 0.057070 0.049322 0.032963 0.001790 0.858856
4 4 0.049180 0.046135 0.031604 0.001582 0.871500
4 4 0.062836 0.150158 0.129136 0.017002 0.640868
4 4 0.139747 0.162238 0.113542 0.020556 0.563916
0 4 0.544831 0.107544 0.045635 0.014951 0.287040
4 4 0.359290 0.124281 0.062067 0.014412 0.439950
4 4 0.076700 0.157675 0.129768 0.018903 0.616954
4 4 0.093333 0.158619 0.123724 0.019161 0.605164
4 4 0.058495 0.067695 0.048686 0.003296 0.821828
4 4 0.071781 0.115847 0.090030 0.009682 0.712661
4 4 0.029542 0.127616 0.130197 0.012367 0.700277
4 4 0.071980 0.083986 0.060174 0.005027 0.778832
4 4 0.052233 0.065166 0.047914 0.003069 0.831618
4 4 0.064056 0.138076 0.115703 0.014115 0.668049
4 4 0.098624 0.134820 0.099498 0.013379 0.653680
4 0 0.156447 0.083295 0.047850 0.005081 0.707327
0 0 0.817626 0.047974 0.014471 0.006804 0.113125
4 1 0.318962 0.102854 0.050772 0.009066 0.518347
4 1 0.059951 0.155393 0.136544 0.018398 0.629715
4 1 0.053360 0.143818 0.128111 0.015535 0.659177
4 1 0.035644 0.144615 0.144378 0.016086 0.659278
4 2 0.035900 0.174184 0.181536 0.024789 0.583590
4 2 0.037026 0.183369 0.191803 0.028057 0.559744
4 2 0.041589 0.167127 0.165538 0.022201 0.603545
4 2 0.034855 0.198547 0.215176 0.034612 0.516810
4 1 0.024657 0.144349 0.159620 0.016484 0.654890
