0 0 0.663998 0.122113 0.110990 0.015484 0.087416
0 0 0.504993 0.172242 0.152683 0.031338 0.138745
0 0 0.743882 0.098041 0.050607 0.013330 0.094140
2 0 0.207233 0.212086 0.383555 0.065298 0.131828
4 0 0.158670 0.249164 0.168468 0.117959 0.305739
4 1 0.184101 0.252556 0.135819 0.077208 0.350316
4 1 0.166895 0.251164 0.158010 0.103610 0.320320
4 1 0.167298 0.251240 0.157495 0.102937 0.321030
4 1 0.178862 0.252537 0.142598 0.084742 0.341260
4 1 0.222802 0.241256 0.086901 0.034298 0.414743
4 1 0.245711 0.224721 0.060805 0.018496 0.450268
4 1 0.169282 0.251584 0.154951 0.099660 0.324523
2 1 0.171416 0.240782 0.254835 0.113447 0.219521
2 1 0.200989 0.220668 0.354345 0.074667 0.149330
2 2 0.217690 0.222981 0.343136 0.062853 0.153339
2 2 0.218924 0.182999 0.466104 0.042927 0.089046
2 2 0.213814 0.199270 0.422212 0.054102 0.110603
2 2 0.288293 0.156353 0.449933 0.039956 0.065465
0 2 0.463606 0.176653 0.214919 0.025447 0.119375
4 2 0.178966 0.252541 0.142464 0.084589 0.341440
4 2 0.176204 0.252391 0.146034 0.088732 0.336639
4 2 0.239132 0.250777 0.191353 0.050403 0.268335
4 4 0.229017 0.239682 0.091234 0.045126 0.394941
2 4 0.199944 0.234305 0.300214 0.081130 0.184408
2 4 0.205574 0.214622 0.375274 0.067872 0.136659
1 4 0.164023 0.242641 0.235262 0.122560 0.235515
4 4 0.176707 0.252426 0.145385 0.087969 0.337513
4 1 0.144798 0.243877 0.185665 0.144828 0.280832
4 1 0.159415 0.243332 0.223747 0.128195 0.245312
2 1 0.162934 0.151242 0.577060 0.042062 0.066702
2 1 0.189614 0.244323 0.248156 0.092329 0.225577
2 1 0.204796 0.215741 0.371533 0.069055 0.138874
4 1 0.179309 0.250009 0.200991 0.099313 0.270377
2 1 0.220049 0.178174 0.478141 0.040130 0.083507
4 1 0.178038 0.249849 0.200971 0.100762 0.270379
2 1 0.209108 0.208943 0.393488 0.062294 0.126167
4 1 0.218040 0.251032 0.141489 0.060565 0.328874
4 4 0.377179 0.175602 0.033357 0.025094 0.388768
4 4 0.166686 0.251124 0.158278 0.103961 0.319951
4 4 0.180979 0.252588 0.139860 0.081646 0.344927
4 4 0.146706 0.244745 0.183341 0.140928 0.284279
4 4 0.247223 0.245776 0.132492 0.051305 0.323204
4 4 0.148563 0.245548 0.181065 0.137195 0.287630
4 4 0.148959 0.245713 0.180577 0.136406 0.288343
2 4 0.187771 0.226734 0.330013 0.087460 0.168022
4 4 0.143477 0.243249 0.187266 0.147569 0.278440
2 4 0.110951 0.136892 0.628632 0.057720 0.065805
2 4 0.127770 0.147499 0.596771 0.056191 0.071769
2 2 0.115526 0.146405 0.599634 0.063769 0.074666
2 2 0.170157 0.241167 0.251399 0.115006 0.222270
2 2 0.178182 0.238181 0.274137 0.104990 0.204511
2 2 0.041278 0.046412 0.881665 0.018414 0.012230
2 2 0.031099 0.036019 0.909111 0.015126 0.008644
2 2 0.200023 0.221792 0.350235 0.076052 0.151898
2 2 0.083064 0.099457 0.737252 0.041162 0.039065
2 2 0.028280 0.029184 0.926011 0.010513 0.006012
2 2 0.035290 0.037961 0.903503 0.014301 0.008945
2 2 0.027834 0.030163 0.923899 0.011631 0.006473
2 2 0.021299 0.022241 0.944069 0.008269 0.004121
2 2 0.022827 0.024840 0.937032 0.010284 0.005017
2 2 0.017274 0.017793 0.951308 0.010172 0.003452
2 2 0.020527 0.023139 0.940571 0.011002 0.004760
2 2 0.010345 0.014354 0.953500 0.018391 0.003409
2 2 0.024192 0.029147 0.923044 0.016550 0.007068
2 2 0.010037 0.015278 0.948787 0.021992 0.003905
2 2 0.009720 0.015543 0.938964 0.031273 0.004500
2 2 0.018098 0.021390 0.939349 0.016180 0.004983
2 2 0.006276 0.012957 0.906389 0.069399 0.004979
2 2 0.009539 0.015764 0.938748 0.031362 0.004587
2 2 0.023096 0.030133 0.918477 0.020383 0.007912
2 2 0.016039 0.024003 0.927504 0.025717 0.006736
2 2 0.007496 0.014979 0.907696 0.064174 0.005654
2 3 0.013693 0.018120 0.943032 0.020606 0.004548
2 3 0.007316 0.022076 0.645867 0.307701 0.017041
2 3 0.006872 0.015023 0.883311 0.088377 0.006417
2 3 0.005354 0.015535 0.729287 0.239618 0.010206
3 3 0.008647 0.017787 0.243925 0.709438 0.020202
2 3 0.008273 0.022403 0.716031 0.238162 0.015130
2 3 0.008228 0.021549 0.559216 0.393307 0.017700
3 3 0.007915 0.017888 0.270856 0.683316 0.020024
3 3 0.016745 0.028774 0.230746 0.690770 0.032965
3 3 0.010672 0.013746 0.129012 0.829633 0.016937
2 3 0.005654 0.019363 0.630483 0.329057 0.015443
3 3 0.009901 0.011484 0.106903 0.857309 0.014403
3 3 0.009208 0.009437 0.084148 0.884955 0.012252
3 3 0.013339 0.012269 0.080975 0.877407 0.016010
3 3 0.010712 0.008181 0.056639 0.913601 0.010867
3 3 0.009978 0.023036 0.386367 0.557940 0.022679
3 3 0.011441 0.014555 0.128870 0.827117 0.018017
3 3 0.010935 0.016051 0.157571 0.795972 0.019471
3 3 0.014921 0.006513 0.024982 0.944124 0.009460
3 3 0.015718 0.012482 0.069140 0.886315 0.016344
3 3 0.012850 0.008060 0.043631 0.924434 0.011025
3 3 0.011404 0.010996 0.083094 0.880266 0.014239
3 3 0.014076 0.008896 0.045100 0.919687 0.012242
3 3 0.015922 0.009364 0.042515 0.919347 0.012852
3 3 0.012967 0.012565 0.089779 0.868781 0.015908
3 3 0.013231 0.013118 0.094025 0.863120 0.016505
3 3 0.012635 0.010196 0.064452 0.899140 0.013576
3 3 0.014644 0.012219 0.072108 0.884969 0.016060
3 3 0.014374 0.030190 0.346643 0.577839 0.030954
3 3 0.008696 0.016451 0.211382 0.744096 0.019374
2 3 0.050361 0.069937 0.803048 0.048962 0.027692
2 3 0.008392 0.021580 0.814466 0.143912 0.011650
2 3 0.013053 0.022358 0.901650 0.054763 0.008176
2 3 0.038096 0.068778 0.693300 0.156648 0.043178
2 3 0.049703 0.064679 0.833129 0.031007 0.021482
2 3 0.015971 0.021522 0.940547 0.016822 0.005137
2 3 0.019774 0.024563 0.932707 0.017032 0.005924
2 3 0.025152 0.035263 0.897935 0.030761 0.010888
2 3 0.009781 0.019915 0.879758 0.082099 0.008447
2 3 0.008477 0.020319 0.833548 0.127327 0.010329
2 3 0.012823 0.022346 0.921733 0.036024 0.007074
2 3 0.013381 0.020421 0.935175 0.025395 0.005628
2 3 0.009361 0.025083 0.720316 0.228439 0.016801
2 3 0.007102 0.023544 0.581435 0.367555 0.020363
2 3 0.013290 0.023630 0.904345 0.050278 0.008456
2 3 0.014997 0.026973 0.874960 0.071950 0.011121
2 3 0.009153 0.020862 0.838764 0.120848 0.010374
3 3 0.006275 0.019833 0.387359 0.565268 0.021266
2 3 0.007382 0.021625 0.495967 0.455101 0.019925
2 3 0.024185 0.046468 0.546688 0.345651 0.037007
2 3 0.007498 0.023753 0.624232 0.325421 0.019096
2 3 0.014552 0.026596 0.882494 0.065745 0.010614
2 3 0.049458 0.060382 0.841784 0.029039 0.019337
2 3 0.022504 0.023338 0.939166 0.010319 0.004673
2 3 0.013558 0.023470 0.904816 0.049808 0.008348
2 3 0.009403 0.020945 0.867180 0.093053 0.009419
2 3 0.007831 0.019085 0.832881 0.130454 0.009749
2 3 0.010562 0.026970 0.782588 0.164175 0.015705
2 3 0.013234 0.023848 0.908022 0.046571 0.008326
2 3 0.014234 0.027309 0.838205 0.107119 0.013133
2 3 0.020579 0.028528 0.917061 0.025735 0.008098
2 3 0.099857 0.111489 0.702381 0.041410 0.044862
2 3 0.166417 0.161849 0.547150 0.047820 0.076764
2 3 0.198976 0.222959 0.345878 0.077538 0.154649
2 3 0.074789 0.089655 0.764748 0.037433 0.033375
2 3 0.017117 0.024247 0.929434 0.022701 0.006501
2 3 0.020569 0.032565 0.898292 0.037775 0.010799
2 3 0.020313 0.029940 0.910092 0.030556 0.009099
2 3 0.024663 0.034556 0.902487 0.027986 0.010307
2 3 0.023637 0.034003 0.902649 0.029395 0.010316
2 3 0.014089 0.020377 0.937749 0.022425 0.005360
2 3 0.024555 0.030418 0.921201 0.016421 0.007405
2 3 0.014982 0.022094 0.928363 0.028220 0.006340
2 3 0.007943 0.018658 0.869011 0.095955 0.008433
2 3 0.019257 0.030085 0.908189 0.033031 0.009438
2 3 0.026395 0.037596 0.891924 0.032196 0.011889
2 3 0.021039 0.032221 0.900036 0.036212 0.010491
2 3 0.010540 0.019778 0.906192 0.056221 0.007269
2 3 0.132064 0.134173 0.633559 0.042917 0.057287
2 3 0.015401 0.022782 0.925931 0.029248 0.006639
2 3 0.199172 0.186342 0.465974 0.051301 0.097210
2 3 0.214305 0.198057 0.425650 0.053169 0.108818
2 3 0.205605 0.220151 0.355839 0.070598 0.147807
2 3 0.211210 0.204990 0.405528 0.058772 0.119499
2 2 0.211700 0.203992 0.408501 0.057922 0.117885
2 2 0.205241 0.215107 0.373661 0.068380 0.137611
2 2 0.103148 0.107934 0.711115 0.036625 0.041178
2 2 0.045473 0.047372 0.878243 0.016832 0.012079
2 2 0.057141 0.063728 0.835305 0.024527 0.019300
2 2 0.029823 0.030741 0.921942 0.011024 0.006469
2 2 0.110839 0.096969 0.734806 0.025656 0.031731
2 2 0.051056 0.046607 0.877638 0.013722 0.010978
2 2 0.031734 0.034027 0.913761 0.012839 0.007638
0 0 0.677348 0.111619 0.131324 0.012842 0.066867
0 0 0.252804 0.239287 0.216765 0.065531 0.225613
0 0 0.400700 0.191359 0.252180 0.027883 0.127878
0 0 0.878329 0.044585 0.047728 0.006229 0.023129
0 0 0.898587 0.038840 0.032807 0.007107 0.022658
0 0 0.923121 0.031601 0.022526 0.002962 0.019790
0 0 0.919812 0.033086 0.011830 0.003217 0.032055
0 0 0.843611 0.060893 0.048808 0.006455 0.040232
0 0 0.670601 0.125618 0.088052 0.009268 0.106460
0 0 0.355607 0.214262 0.190789 0.050062 0.189280
0 0 0.466123 0.192894 0.134605 0.019154 0.187224
2 0 0.230606 0.227881 0.301960 0.068749 0.170805
0 1 0.420547 0.203723 0.132402 0.031822 0.211506
2 1 0.221293 0.234692 0.296248 0.064126 0.183640
0 0 0.543414 0.157613 0.174618 0.016322 0.108033
0 0 0.422430 0.196854 0.202533 0.025270 0.152913
1 0 0.214213 0.243344 0.232485 0.081322 0.228637
4 0 0.166521 0.246821 0.210379 0.116530 0.259749
4 0 0.158171 0.243460 0.220722 0.129711 0.247935
4 0 0.148108 0.243648 0.197383 0.141946 0.268914
0 0 0.415609 0.204667 0.106904 0.028565 0.244255
0 0 0.503682 0.181865 0.106753 0.015458 0.192242
4 1 0.156398 0.243602 0.216465 0.131871 0.251664
4 1 0.176207 0.252392 0.146031 0.088728 0.336643
4 1 0.154524 0.247834 0.173674 0.125632 0.298336
2 1 0.184103 0.235094 0.292354 0.097453 0.190996
4 1 0.145310 0.243442 0.191226 0.145343 0.274678
2 2 0.179848 0.237394 0.279127 0.102884 0.200747
2 2 0.116499 0.140953 0.616600 0.057651 0.068297
2 2 0.133211 0.175649 0.506716 0.079546 0.104879
2 2 0.043407 0.047095 0.879510 0.017741 0.012247
2 2 0.083636 0.096187 0.746208 0.037668 0.036301
2 2 0.176667 0.238844 0.269686 0.106896 0.207908
2 2 0.108986 0.128572 0.653364 0.051108 0.057969
2 2 0.019616 0.022506 0.943896 0.009567 0.004414
2 2 0.067138 0.072806 0.810230 0.026698 0.023129
2 2 0.035046 0.038619 0.902000 0.015045 0.009290
2 2 0.084884 0.092323 0.756242 0.033475 0.033077
2 2 0.094656 0.109346 0.708948 0.042705 0.044345
2 2 0.048614 0.053117 0.863565 0.020071 0.014632
2 2 0.056902 0.056931 0.851857 0.018888 0.015423
2 2 0.028511 0.030024 0.924019 0.011116 0.006330
2 2 0.043514 0.053338 0.863713 0.023749 0.015685
2 2 0.037163 0.039832 0.898553 0.014888 0.009564
2 2 0.024308 0.028675 0.928185 0.012519 0.006314
2 2 0.039836 0.046739 0.881076 0.019700 0.012648
2 2 0.029118 0.036075 0.903787 0.021262 0.009757
2 2 0.091168 0.088485 0.763848 0.027336 0.029163
2 2 0.214063 0.198661 0.423942 0.053631 0.109703
2 2 0.158268 0.167158 0.534351 0.055412 0.084811
2 2 0.197801 0.195225 0.440052 0.057711 0.109211
2 2 0.047985 0.054483 0.860308 0.021717 0.015506
2 2 0.023164 0.028292 0.928102 0.013972 0.006470
2 2 0.101912 0.106991 0.713907 0.036499 0.040692
2 2 0.067677 0.063113 0.833133 0.018816 0.017261
2 2 0.082775 0.079922 0.787679 0.024673 0.024951
2 2 0.047201 0.050437 0.870435 0.018517 0.013410
2 2 0.024569 0.027796 0.930281 0.011450 0.005903
2 2 0.041215 0.044178 0.887094 0.016416 0.011096
2 2 0.018071 0.023452 0.938417 0.014683 0.005377
2 2 0.017299 0.022919 0.935945 0.018194 0.005642
2 2 0.017063 0.022528 0.936851 0.018039 0.005519
2 2 0.026711 0.033036 0.917017 0.015312 0.007925
2 2 0.021183 0.031296 0.903622 0.033988 0.009912
2 2 0.036193 0.040755 0.896572 0.016325 0.010155
2 2 0.212519 0.202249 0.413625 0.056476 0.115132
2 2 0.092419 0.098439 0.738587 0.034488 0.036066
2 2 0.026107 0.034228 0.910925 0.019726 0.009014
2 2 0.051858 0.056402 0.854717 0.021097 0.015925
2 2 0.034904 0.034977 0.910504 0.011961 0.007654
2 2 0.034823 0.037113 0.905632 0.013815 0.008617
2 2 0.027351 0.030580 0.922351 0.012899 0.006818
2 2 0.050533 0.061272 0.842475 0.026640 0.019080
2 2 0.009608 0.017736 0.930612 0.036498 0.005546
2 2 0.039480 0.045396 0.884510 0.018621 0.011994
2 2 0.016449 0.023542 0.930878 0.022820 0.006310
2 2 0.027535 0.038264 0.891591 0.030703 0.011906
2 2 0.022646 0.032694 0.911763 0.023712 0.009185
2 2 0.064169 0.063134 0.834598 0.020322 0.017777
2 2 0.175255 0.181698 0.487245 0.058136 0.097666
2 2 0.118819 0.131495 0.644022 0.047619 0.058045
2 2 0.051471 0.070438 0.815428 0.037315 0.025347
2 2 0.011126 0.017960 0.934444 0.031201 0.005269
2 2 0.019166 0.026297 0.929044 0.018835 0.006658
2 2 0.024951 0.029337 0.926471 0.012732 0.006509
2 2 0.022872 0.025826 0.935337 0.010651 0.005314
2 2 0.060972 0.075157 0.804818 0.033034 0.026019
2 2 0.019241 0.025865 0.927949 0.020256 0.006688
2 2 0.044084 0.046159 0.881542 0.016546 0.011668
2 2 0.024660 0.030573 0.923380 0.014280 0.007108
2 2 0.027597 0.033696 0.915298 0.015316 0.008093
2 2 0.208627 0.209780 0.390876 0.063075 0.127642
2 2 0.111131 0.128278 0.654087 0.049437 0.057067
2 2 0.028366 0.034684 0.912739 0.015771 0.008440
2 2 0.035348 0.041856 0.893960 0.017988 0.010848
2 2 0.044052 0.053102 0.864149 0.023226 0.015471
2 2 0.050568 0.051465 0.866922 0.017601 0.013444
2 2 0.026739 0.034767 0.908046 0.021076 0.009372
2 2 0.033332 0.047403 0.864839 0.038102 0.016323
2 2 0.035836 0.044534 0.887014 0.020436 0.012180
2 2 0.038976 0.041264 0.894645 0.015123 0.009992
2 2 0.168935 0.165597 0.535863 0.049372 0.080232
2 2 0.096267 0.118787 0.681904 0.050664 0.052379
2 2 0.195773 0.194276 0.443565 0.057917 0.108470
2 2 0.202331 0.219028 0.360211 0.072719 0.145711
2 2 0.202592 0.218697 0.361375 0.072337 0.144999
2 2 0.180830 0.196767 0.438897 0.066837 0.116670
2 2 0.121610 0.138956 0.622365 0.052435 0.064634
2 2 0.023706 0.028935 0.927586 0.013256 0.006517
2 2 0.115969 0.123296 0.667145 0.042375 0.051214
0 2 0.320950 0.219217 0.270108 0.027153 0.162572
2 2 0.216459 0.244755 0.248723 0.068601 0.221462
2 2 0.171940 0.240613 0.256278 0.112797 0.218373
0 2 0.363547 0.191679 0.305121 0.023630 0.116023
2 2 0.202831 0.218391 0.362449 0.071985 0.144344
2 2 0.185139 0.238471 0.276848 0.097028 0.202514
2 2 0.198975 0.222960 0.345875 0.077539 0.154651
0 2 0.267247 0.240722 0.238928 0.039565 0.213537
0 0 0.494869 0.168517 0.194832 0.026565 0.115217
0 0 0.327471 0.213028 0.247919 0.050109 0.161473
0 0 0.293218 0.234259 0.213385 0.044666 0.214472
4 0 0.188363 0.251413 0.196144 0.088868 0.275212
2 0 0.176559 0.239979 0.263736 0.107096 0.212630
2 1 0.184647 0.234768 0.294100 0.096752 0.189733
2 1 0.214417 0.197774 0.426448 0.052954 0.108406
2 0 0.234912 0.211880 0.365407 0.054866 0.132934
2 0 0.258385 0.199621 0.361898 0.062019 0.118077
2 0 0.202437 0.227755 0.320218 0.081594 0.167995
2 0 0.246885 0.223710 0.302362 0.063769 0.163274
2 0 0.206117 0.232914 0.306318 0.075296 0.179354
1 0 0.224667 0.246129 0.238302 0.062457 0.228446
2 0 0.236669 0.224392 0.317484 0.060970 0.160485
2 0 0.182873 0.244067 0.245828 0.099495 0.227737
2 0 0.186872 0.242050 0.259418 0.095392 0.216269
1 0 0.196444 0.245174 0.243346 0.086531 0.228504
2 0 0.227629 0.198939 0.399823 0.060865 0.112743
2 0 0.205111 0.215292 0.373040 0.068577 0.137979
2 1 0.192120 0.229465 0.319532 0.086946 0.171937
2 0 0.223119 0.226409 0.328789 0.060472 0.161211
0 0 0.261864 0.228035 0.259147 0.066915 0.184039
2 0 0.212506 0.202277 0.413543 0.056499 0.115176
2 0 0.207444 0.211748 0.384639 0.064966 0.131203
2 1 0.204521 0.216127 0.370231 0.069471 0.139651
2 1 0.201401 0.220175 0.356126 0.074072 0.148226
2 1 0.201903 0.219562 0.358317 0.073345 0.146874
2 1 0.174870 0.239569 0.264506 0.109147 0.211908
2 1 0.200755 0.220945 0.353340 0.075004 0.149956
2 1 0.205464 0.214783 0.374740 0.068040 0.136974
2 1 0.200939 0.227123 0.329907 0.077663 0.164368
2 1 0.202019 0.219418 0.358829 0.073175 0.146558
2 1 0.209605 0.208052 0.396243 0.061477 0.124623
2 1 0.172773 0.161318 0.546184 0.044969 0.074757
2 2 0.130979 0.136906 0.626471 0.045535 0.060110
2 2 0.145908 0.149534 0.587697 0.047982 0.068879
2 2 0.156516 0.173924 0.514259 0.061753 0.093549
2 2 0.123966 0.129354 0.648802 0.043117 0.054760
2 2 0.051065 0.054116 0.860484 0.019552 0.014783
2 2 0.090018 0.096491 0.744231 0.034160 0.035100
2 2 0.118348 0.118080 0.680178 0.037177 0.046216
2 2 0.051537 0.053796 0.861105 0.019027 0.014535
2 2 0.051364 0.055987 0.855860 0.021017 0.015774
2 2 0.097602 0.090656 0.755935 0.026255 0.029552
2 2 0.027233 0.026879 0.931541 0.009126 0.005221
2 2 0.049004 0.051810 0.866621 0.018704 0.013861
2 2 0.046655 0.042908 0.887822 0.012830 0.009785
2 2 0.212183 0.202976 0.411494 0.057074 0.116272
2 2 0.140123 0.130090 0.641161 0.036660 0.051966
2 2 0.135227 0.128897 0.646220 0.037751 0.051904
2 2 0.209922 0.207472 0.398023 0.060952 0.123631
2 2 0.195791 0.226208 0.333210 0.081971 0.162821
2 2 0.190892 0.230450 0.315148 0.088584 0.174925
2 2 0.027855 0.033150 0.916659 0.014540 0.007796
2 2 0.075962 0.082596 0.783328 0.030159 0.027956
2 2 0.026771 0.032927 0.917295 0.015143 0.007863
2 2 0.026648 0.031253 0.921522 0.013467 0.007111
2 2 0.061311 0.069002 0.821112 0.026772 0.021803
2 2 0.027739 0.030554 0.923004 0.012051 0.006652
2 2 0.044381 0.050375 0.871244 0.020163 0.013838
2 2 0.014345 0.017390 0.953484 0.011253 0.003528
2 2 0.034499 0.042692 0.891853 0.019520 0.011436
2 2 0.021962 0.028146 0.926880 0.016224 0.006788
2 2 0.024094 0.032805 0.913448 0.020865 0.008789
2 2 0.009286 0.015883 0.939663 0.030570 0.004598
2 2 0.015103 0.020654 0.943740 0.015698 0.004804
2 2 0.019036 0.024467 0.933015 0.017511 0.005971
2 2 0.030521 0.036736 0.907379 0.016282 0.009082
2 2 0.027425 0.034134 0.912630 0.017255 0.008557
2 2 0.007231 0.013904 0.930334 0.043979 0.004551
2 2 0.036567 0.041252 0.895282 0.016556 0.010343
2 2 0.020228 0.031333 0.901645 0.036577 0.010216
2 2 0.018147 0.029731 0.904860 0.037494 0.009767
2 2 0.008447 0.016802 0.920783 0.048177 0.005791
2 2 0.028530 0.035869 0.905900 0.020167 0.009534
2 2 0.023797 0.035980 0.886564 0.041268 0.012392
2 2 0.012731 0.024840 0.877152 0.074902 0.010374
2 2 0.024960 0.038175 0.886143 0.037866 0.012857
2 2 0.015659 0.025329 0.915277 0.035693 0.008042
2 2 0.010502 0.020905 0.900121 0.060506 0.007966
2 2 0.006823 0.013896 0.920469 0.053905 0.004907
2 2 0.007389 0.018440 0.832664 0.132055 0.009453
2 2 0.007687 0.022354 0.747224 0.208442 0.014294
2 2 0.015359 0.038298 0.727765 0.193727 0.024852
2 2 0.005602 0.018273 0.687610 0.275353 0.013162
3 3 0.009595 0.026138 0.352815 0.582516 0.028936
2 3 0.008230 0.022122 0.759701 0.196275 0.013672
2 3 0.009963 0.025511 0.475286 0.466043 0.023198
2 3 0.008664 0.027482 0.569598 0.370042 0.024214
3 3 0.012313 0.013778 0.104410 0.851638 0.017861
2 3 0.005307 0.018939 0.553224 0.405451 0.017079
3 3 0.013694 0.025438 0.312667 0.622281 0.025919
3 3 0.007571 0.022769 0.384559 0.560663 0.024438
3 3 0.009611 0.017048 0.201404 0.751928 0.020010
2 3 0.007660 0.019484 0.797794 0.164089 0.010973
3 3 0.010313 0.014832 0.146896 0.809587 0.018372
3 3 0.013319 0.022160 0.219185 0.720076 0.025260
3 3 0.016232 0.013980 0.077618 0.873752 0.018418
3 3 0.008992 0.020470 0.281849 0.665753 0.022936
3 3 0.014291 0.016932 0.125147 0.822656 0.020973
3 3 0.012311 0.012107 0.087904 0.872052 0.015626
3 3 0.014446 0.016432 0.118854 0.829911 0.020357
3 3 0.012263 0.017291 0.155709 0.793882 0.020855
3 3 0.012025 0.010449 0.072334 0.891557 0.013635
3 3 0.020047 0.013094 0.055002 0.894319 0.017538
3 3 0.010890 0.014482 0.134321 0.822342 0.017966
3 3 0.018178 0.007812 0.026010 0.936620 0.011380
3 3 0.015301 0.008621 0.038219 0.925750 0.012109
3 3 0.015119 0.007902 0.033620 0.932133 0.011227
3 3 0.013053 0.006891 0.032288 0.937939 0.009829
3 3 0.014128 0.004010 0.011742 0.963839 0.006281
3 3 0.016135 0.009788 0.043763 0.916681 0.013633
3 3 0.017514 0.008119 0.028821 0.933763 0.011783
3 3 0.010447 0.016910 0.178487 0.773834 0.020322
2 3 0.022033 0.040192 0.851108 0.069556 0.017111
2 3 0.153727 0.141192 0.607060 0.038912 0.059108
2 3 0.207009 0.212441 0.382410 0.065650 0.132489
2 2 0.213452 0.200132 0.419749 0.054776 0.111891
2 2 0.189641 0.225364 0.335906 0.085071 0.164018
2 2 0.202358 0.218994 0.360332 0.072680 0.145637
2 2 0.207333 0.211927 0.384066 0.065141 0.131533
2 2 0.195529 0.226456 0.332206 0.082329 0.163480
2 2 0.194759 0.225717 0.335075 0.082189 0.162260
4 2 0.170438 0.251762 0.153465 0.097780 0.326555
4 2 0.178011 0.252501 0.143699 0.086008 0.339781
4 4 0.188728 0.252273 0.129832 0.070910 0.358257
4 4 0.153236 0.247378 0.175282 0.128077 0.296028
4 4 0.156828 0.243572 0.217490 0.131348 0.250761
1 4 0.163515 0.242734 0.233968 0.123183 0.236601
4 4 0.155255 0.248085 0.172759 0.124256 0.299644
4 4 0.163377 0.250413 0.162501 0.109606 0.314103
1 4 0.162432 0.242918 0.231231 0.124509 0.238911
4 4 0.191430 0.251976 0.126343 0.067385 0.362866
2 4 0.172427 0.240450 0.257629 0.112191 0.217302
4 4 0.184049 0.252557 0.135886 0.077280 0.350227
4 4 0.152427 0.246155 0.186526 0.132418 0.282473
4 4 0.188294 0.252311 0.130394 0.071486 0.357515
4 4 0.261441 0.209132 0.045099 0.011158 0.473169
4 4 0.222015 0.241692 0.087849 0.034960 0.413483
4 4 0.199765 0.250445 0.115627 0.057206 0.376957
4 4 0.185884 0.252480 0.133511 0.074742 0.353383
4 4 0.209402 0.247497 0.103405 0.046713 0.392983
4 4 0.158387 0.249080 0.168825 0.118473 0.305235
4 4 0.249400 0.221368 0.056936 0.016538 0.455759
4 4 0.248257 0.222427 0.058123 0.017128 0.454065
4 4 0.209072 0.247619 0.103820 0.047051 0.392439
4 4 0.147771 0.245211 0.182038 0.138780 0.286201
4 4 0.215244 0.245085 0.096125 0.040996 0.402549
4 4 0.189184 0.252229 0.129244 0.070308 0.359035
4 4 0.204285 0.249221 0.109867 0.052118 0.384510
4 4 0.225508 0.239690 0.083660 0.032086 0.419056
4 0 0.287516 0.237976 0.108370 0.027741 0.338398
2 1 0.216184 0.234220 0.299527 0.067694 0.182376
2 1 0.171414 0.240782 0.254828 0.113450 0.219526
2 1 0.200643 0.242563 0.261076 0.081822 0.213896
2 1 0.194278 0.235867 0.292377 0.086939 0.190539
2 1 0.240614 0.238346 0.257047 0.060622 0.203371
0 0 0.493258 0.159228 0.241643 0.014332 0.091539
4 0 0.151964 0.246906 0.176863 0.130520 0.293747
4 1 0.188798 0.252266 0.129742 0.070817 0.358376
4 1 0.181872 0.252592 0.138703 0.080360 0.346472
4 1 0.166226 0.244717 0.225022 0.118681 0.245354
4 4 0.193023 0.251756 0.124288 0.065359 0.365575
4 4 0.170768 0.250290 0.185391 0.106477 0.287073
4 4 0.156898 0.245594 0.202461 0.128944 0.266104
4 4 0.168767 0.249480 0.190622 0.110125 0.281006
4 4 0.163014 0.250327 0.162963 0.110237 0.313459
4 4 0.168567 0.249280 0.192323 0.110731 0.279100
4 4 0.155114 0.243675 0.213420 0.133435 0.254356
4 4 0.164800 0.250736 0.160687 0.107156 0.316621
2 4 0.221372 0.204234 0.392767 0.061554 0.120073
2 0 0.192608 0.229059 0.321300 0.086292 0.170741
2 1 0.188823 0.232005 0.307954 0.091319 0.179900
2 1 0.202094 0.244089 0.253042 0.080455 0.220320
2 1 0.192956 0.241369 0.265499 0.089113 0.211063
2 1 0.173016 0.240249 0.259269 0.111459 0.216007
4 1 0.160335 0.246707 0.200306 0.123487 0.269165
2 1 0.184660 0.234760 0.294143 0.096735 0.189702
0 1 0.315950 0.219992 0.255400 0.039323 0.169334
2 0 0.217824 0.237205 0.266016 0.078625 0.200330
2 1 0.181680 0.236456 0.284735 0.100555 0.196574
2 1 0.186097 0.233862 0.298818 0.094877 0.186346
1 1 0.169758 0.244303 0.232303 0.114605 0.239031
2 1 0.179259 0.237679 0.277351 0.103630 0.202081
2 1 0.190750 0.230561 0.314647 0.088773 0.175269
2 1 0.206581 0.213108 0.380249 0.066318 0.133744
2 1 0.181784 0.236400 0.285057 0.100422 0.196336
2 1 0.191980 0.241056 0.266779 0.090077 0.210108
2 1 0.232182 0.223789 0.316494 0.067117 0.160418
2 1 0.170786 0.242220 0.246077 0.114031 0.226886
2 1 0.187603 0.232862 0.303820 0.092916 0.182798
4 1 0.160732 0.243455 0.225109 0.126405 0.244298
4 1 0.195295 0.253089 0.179904 0.079380 0.292332
4 1 0.156263 0.248418 0.171497 0.122377 0.301445
2 1 0.190634 0.230651 0.314238 0.088927 0.175550
2 1 0.182982 0.243054 0.251689 0.099540 0.222735
4 1 0.147687 0.243624 0.196448 0.142458 0.269784
2 1 0.195276 0.226694 0.331238 0.082676 0.164116
2 1 0.179024 0.237790 0.276647 0.103927 0.202612
0 0 0.560977 0.154050 0.157621 0.017533 0.109819
2 0 0.231491 0.218116 0.321997 0.076944 0.151452
2 0 0.199327 0.237121 0.287547 0.082404 0.193600
2 0 0.166938 0.242022 0.242809 0.118979 0.229252
2 0 0.186387 0.233674 0.299772 0.094500 0.185666
2 0 0.210498 0.206386 0.401330 0.059986 0.121801
2 1 0.087131 0.088968 0.764138 0.029545 0.030218
2 1 0.210077 0.207182 0.398909 0.060692 0.123139
2 1 0.173736 0.146632 0.583612 0.035671 0.060350
2 1 0.067083 0.066648 0.825236 0.021681 0.019352
2 1 0.209229 0.162884 0.523323 0.034922 0.069641
2 1 0.106259 0.095181 0.741255 0.026082 0.031224
2 1 0.049107 0.045047 0.881984 0.013382 0.010480
2 1 0.083836 0.074999 0.798541 0.020842 0.021782
2 1 0.112072 0.101741 0.723064 0.028287 0.034837
2 1 0.086566 0.077642 0.791215 0.021608 0.022969
2 1 0.074677 0.068280 0.818174 0.019693 0.019175
2 1 0.100094 0.083586 0.770718 0.020898 0.024705
2 0 0.243204 0.169593 0.469887 0.041402 0.075913
2 1 0.141664 0.131394 0.637207 0.036947 0.052788
2 1 0.157512 0.139834 0.608752 0.036733 0.057170
2 1 0.220047 0.177274 0.480613 0.039572 0.082494
2 1 0.171164 0.127760 0.629497 0.026357 0.045222
2 2 0.067243 0.057828 0.844957 0.015434 0.014537
2 2 0.156411 0.122093 0.651579 0.026962 0.042955
2 2 0.181782 0.143508 0.586605 0.031774 0.056331
2 2 0.149018 0.118790 0.663557 0.027094 0.041542
2 2 0.138478 0.106079 0.698346 0.023047 0.034051
2 2 0.147757 0.123638 0.653078 0.030138 0.045388
2 2 0.128941 0.114783 0.683898 0.030755 0.041623
2 2 0.221670 0.155761 0.532200 0.028935 0.061434
2 2 0.258552 0.185569 0.403863 0.055206 0.096809
2 2 0.219774 0.178821 0.476731 0.040454 0.084220
2 2 0.038757 0.041045 0.895225 0.015055 0.009918
2 2 0.088164 0.083984 0.775820 0.025348 0.026684
2 2 0.061692 0.059268 0.844534 0.018508 0.015998
2 2 0.032782 0.033722 0.914129 0.011996 0.007371
2 2 0.060948 0.054291 0.855951 0.015297 0.013513
2 2 0.039005 0.041587 0.893876 0.015390 0.010144
2 2 0.084562 0.074753 0.798721 0.020426 0.021539
2 2 0.032313 0.036267 0.908279 0.014562 0.008580
2 2 0.045048 0.045144 0.883560 0.015217 0.011032
2 2 0.032430 0.032240 0.917596 0.010949 0.006785
2 2 0.046158 0.039637 0.895000 0.010792 0.008412
2 2 0.051160 0.052163 0.865082 0.017872 0.013722
2 2 0.070642 0.064695 0.828173 0.018765 0.017725
2 2 0.049525 0.049155 0.872650 0.016262 0.012408
2 2 0.030799 0.029500 0.924294 0.009547 0.005860
2 2 0.048982 0.055989 0.856342 0.022495 0.016192
2 2 0.088476 0.082019 0.780281 0.023846 0.025379
2 2 0.029080 0.031930 0.919413 0.012507 0.007069
2 2 0.032849 0.030910 0.920313 0.009727 0.006201
2 2 0.070667 0.065058 0.827346 0.019006 0.017923
2 2 0.057981 0.062963 0.835568 0.024493 0.018995
2 2 0.023255 0.031109 0.908607 0.027896 0.009132
2 2 0.041099 0.040885 0.894771 0.013715 0.009530
2 2 0.033469 0.039923 0.899046 0.017385 0.010178
2 2 0.062630 0.062860 0.835831 0.020824 0.017856
2 2 0.102738 0.088971 0.757279 0.023336 0.027676
2 2 0.045821 0.046719 0.879649 0.016110 0.011701
2 2 0.017913 0.025837 0.924708 0.024391 0.007152
2 2 0.085608 0.090029 0.761942 0.031161 0.031260
2 2 0.051250 0.046837 0.877043 0.013808 0.011063
2 2 0.045135 0.052813 0.863013 0.023608 0.015431
2 2 0.035317 0.047288 0.869812 0.032279 0.015305
2 2 0.033680 0.043932 0.879581 0.029214 0.013592
0 2 0.568996 0.118149 0.240451 0.020170 0.052234
2 2 0.241752 0.222755 0.316851 0.060628 0.158014
2 0 0.199976 0.240023 0.273865 0.082283 0.203853
2 0 0.175315 0.239395 0.265779 0.108590 0.210920
2 0 0.174840 0.239580 0.264421 0.109184 0.211975
2 0 0.114466 0.134596 0.635560 0.053056 0.062322
2 0 0.201774 0.219721 0.357753 0.073532 0.147221
2 2 0.200428 0.221327 0.351944 0.075474 0.150827
2 2 0.071249 0.085051 0.777527 0.035422 0.030751
2 2 0.165888 0.185370 0.477348 0.065882 0.105512
2 2 0.042272 0.047457 0.878888 0.018764 0.012619
2 2 0.048986 0.055563 0.857417 0.022089 0.015945
2 2 0.036405 0.041365 0.895035 0.016770 0.010425
2 2 0.074345 0.085437 0.776210 0.033690 0.030319
2 2 0.051654 0.048359 0.873518 0.014730 0.011739
2 2 0.044945 0.053325 0.863669 0.022663 0.015399
2 2 0.028642 0.028373 0.927681 0.009655 0.005648
2 2 0.017761 0.022527 0.942519 0.012346 0.004847
2 2 0.213779 0.199354 0.421971 0.054168 0.110729
2 2 0.075605 0.092191 0.757689 0.039368 0.035147
2 2 0.066179 0.073888 0.807690 0.028221 0.024021
2 2 0.016778 0.020645 0.946998 0.011311 0.004269
2 2 0.079711 0.081305 0.785495 0.027120 0.026370
2 2 0.038862 0.044974 0.885660 0.018629 0.011876
2 2 0.033161 0.036138 0.908395 0.013908 0.008398
2 2 0.033626 0.034084 0.913002 0.011865 0.007423
2 2 0.022159 0.024052 0.939675 0.009412 0.004702
2 2 0.030254 0.034171 0.913784 0.013884 0.007908
2 2 0.011364 0.019317 0.932579 0.031021 0.005719
2 2 0.033731 0.035016 0.910844 0.012593 0.007816
2 2 0.008414 0.015445 0.931785 0.039460 0.004897
2 2 0.028736 0.036117 0.909024 0.017044 0.009079
2 2 0.012701 0.017127 0.951177 0.015132 0.003863
2 2 0.028103 0.035368 0.910969 0.016742 0.008818
2 2 0.010620 0.019879 0.920285 0.042583 0.006632
2 2 0.015402 0.023313 0.932550 0.022494 0.006241
2 2 0.009454 0.014054 0.955754 0.017446 0.003292
2 2 0.024248 0.029935 0.924392 0.014455 0.006970
2 2 0.011056 0.018440 0.934344 0.030749 0.005411
2 2 0.016219 0.028439 0.904938 0.040777 0.009627
2 2 0.011011 0.019276 0.926964 0.036692 0.006058
2 2 0.012014 0.016171 0.951627 0.016457 0.003731
2 2 0.042234 0.047632 0.878464 0.018953 0.012718
2 2 0.007348 0.012912 0.947054 0.029070 0.003616
2 2 0.012528 0.017316 0.950560 0.015635 0.003960
2 2 0.036266 0.049054 0.874737 0.025266 0.014677
2 2 0.013036 0.020318 0.937486 0.023685 0.005476
2 2 0.014560 0.021168 0.936044 0.022621 0.005607
2 2 0.011189 0.020230 0.923153 0.038895 0.006533
2 3 0.018364 0.026455 0.924802 0.023166 0.007213
2 3 0.009324 0.019094 0.902687 0.061616 0.007279
2 3 0.009064 0.015961 0.934765 0.035340 0.004870
2 3 0.027197 0.038094 0.888001 0.034383 0.012324
2 3 0.010989 0.015921 0.952158 0.017187 0.003744
2 3 0.012663 0.018543 0.939667 0.024165 0.004963
2 3 0.006885 0.015210 0.904332 0.067663 0.005909
2 3 0.024954 0.032044 0.919558 0.015697 0.007748
2 3 0.009029 0.016353 0.933371 0.036194 0.005053
2 3 0.086463 0.081245 0.782993 0.024098 0.025202
2 3 0.203226 0.217877 0.364237 0.071403 0.143258
2 3 0.199681 0.222179 0.348800 0.076539 0.152801
2 2 0.188255 0.232409 0.306020 0.092064 0.181252
2 2 0.073575 0.092426 0.756952 0.041176 0.035872
2 2 0.067774 0.079101 0.793831 0.032051 0.027243
2 2 0.191420 0.230032 0.317022 0.087881 0.173644
2 2 0.197375 0.196104 0.437475 0.058494 0.110551
2 2 0.202960 0.202024 0.417390 0.060184 0.117442
2 2 0.167382 0.204477 0.412164 0.081529 0.134448
2 2 0.174423 0.239739 0.263235 0.109705 0.212898
2 2 0.197119 0.224905 0.338394 0.080137 0.159446
2 2 0.200090 0.221715 0.350517 0.075956 0.151721
2 2 0.150469 0.159637 0.557954 0.053501 0.078440
2 2 0.055352 0.059226 0.846895 0.021578 0.016948
2 2 0.032941 0.036824 0.906806 0.014682 0.008748
2 2 0.046662 0.046431 0.879994 0.015468 0.011444
2 2 0.037387 0.039725 0.898740 0.014666 0.009481
2 2 0.040166 0.036006 0.905841 0.010482 0.007505
2 2 0.072510 0.083560 0.781434 0.033129 0.029367
2 2 0.011723 0.018367 0.938285 0.026527 0.005097
2 2 0.045510 0.047592 0.877714 0.016998 0.012186
2 2 0.024272 0.028278 0.929167 0.012136 0.006147
2 2 0.049913 0.055388 0.857672 0.021345 0.015682
2 2 0.036996 0.046071 0.882967 0.021162 0.012804
2 2 0.030474 0.034311 0.913399 0.013875 0.007940
2 2 0.069101 0.069511 0.817699 0.022958 0.020730
2 2 0.202973 0.218207 0.363089 0.071776 0.143954
2 2 0.170654 0.182244 0.486530 0.060818 0.099754
2 2 0.201555 0.219989 0.356794 0.073850 0.147813
2 2 0.200070 0.221739 0.350430 0.075986 0.151776
2 0 0.282170 0.185358 0.394381 0.041266 0.096825
4 0 0.265958 0.204050 0.040999 0.009511 0.479482
0 0 0.550752 0.160765 0.096925 0.031472 0.160087
4 0 0.193681 0.249906 0.127189 0.074171 0.355052
4 0 0.169973 0.251693 0.154063 0.098533 0.325738
4 0 0.155059 0.248018 0.173006 0.124625 0.299292
4 1 0.194426 0.251533 0.122480 0.063607 0.367954
4 4 0.238983 0.230345 0.068122 0.022469 0.440080
4 4 0.257598 0.213249 0.048739 0.012714 0.467701
4 4 0.204132 0.249267 0.110061 0.052285 0.384255
0 0 0.628506 0.138811 0.062501 0.011037 0.159145
0 0 0.411036 0.202405 0.200991 0.023175 0.162394
2 0 0.207386 0.236519 0.290609 0.075180 0.190306
4 1 0.179022 0.251958 0.178214 0.095194 0.295612
4 1 0.205473 0.248853 0.108360 0.050829 0.386485
4 2 0.212948 0.246090 0.098972 0.043186 0.398804
4 4 0.222204 0.241588 0.087621 0.034800 0.413786
4 4 0.231996 0.235512 0.076046 0.027170 0.429276
4 4 0.244025 0.226190 0.062608 0.019442 0.447735
4 4 0.176419 0.252407 0.145756 0.088406 0.337012
4 4 0.239847 0.229659 0.067165 0.021929 0.441400
4 4 0.260449 0.210214 0.046026 0.011546 0.471765
4 4 0.180317 0.252844 0.159655 0.088902 0.318282
4 4 0.335853 0.204262 0.053498 0.016858 0.389528
4 4 0.173754 0.252176 0.149196 0.092511 0.332363
4 4 0.201907 0.249900 0.112892 0.054758 0.380543
4 4 0.245956 0.224504 0.060544 0.018361 0.450635
4 4 0.243817 0.226369 0.062832 0.019561 0.447422
4 4 0.231284 0.235999 0.076869 0.027683 0.428164
4 4 0.165612 0.249269 0.186581 0.113355 0.285183
4 4 0.180615 0.252583 0.140331 0.082173 0.344298
4 4 0.277427 0.190021 0.031504 0.006136 0.494913
4 4 0.283267 0.182305 0.027198 0.004812 0.502417
4 4 0.377072 0.145378 0.015157 0.004272 0.458121
4 4 0.305552 0.183605 0.029745 0.007723 0.473374
4 4 0.156469 0.248485 0.171238 0.121995 0.301813
4 4 0.226791 0.238911 0.082137 0.031071 0.421090
4 4 0.247293 0.223306 0.059132 0.017637 0.452632
4 4 0.253893 0.217031 0.052371 0.014354 0.462350
0 4 0.471647 0.186354 0.157791 0.025466 0.158741
4 4 0.223218 0.244812 0.191882 0.081556 0.258532
4 0 0.156265 0.247274 0.185588 0.126293 0.284581
4 0 0.183276 0.252577 0.136887 0.078366 0.348895
4 0 0.148004 0.245311 0.181751 0.138312 0.286622
4 0 0.261724 0.225309 0.070081 0.035240 0.407645
4 0 0.183940 0.252561 0.136028 0.077433 0.350039
4 0 0.155701 0.248234 0.172201 0.123423 0.300441
4 0 0.149811 0.246063 0.179528 0.134722 0.289876
2 1 0.188165 0.236216 0.288917 0.093297 0.193405
4 1 0.198711 0.250690 0.116976 0.058436 0.375187
4 1 0.186012 0.252473 0.133346 0.074567 0.353602
4 2 0.219268 0.243147 0.091184 0.037334 0.409067
4 2 0.245206 0.225165 0.061343 0.018776 0.449510
4 2 0.224504 0.240283 0.084859 0.032896 0.417458
4 2 0.212855 0.246129 0.099088 0.043276 0.398652
4 4 0.253828 0.217096 0.052437 0.014384 0.462255
4 4 0.227207 0.238653 0.081644 0.030746 0.421750
4 4 0.198305 0.250781 0.117497 0.058915 0.374502
4 4 0.255913 0.214992 0.050376 0.013442 0.465276
4 4 0.211023 0.246876 0.101374 0.045079 0.395648
4 4 0.176781 0.252431 0.145289 0.087857 0.337642
4 4 0.160016 0.249550 0.166767 0.115531 0.308136
4 4 0.174318 0.252232 0.148468 0.091632 0.333349
0 0 0.280875 0.237634 0.151833 0.056363 0.273294
4 0 0.165162 0.250814 0.160226 0.106538 0.317260
4 1 0.175825 0.252363 0.146523 0.089310 0.335978
4 1 0.152676 0.247173 0.175978 0.129149 0.295024
4 1 0.143477 0.243249 0.187266 0.147569 0.278440
4 2 0.172707 0.252060 0.150546 0.094155 0.330532
4 2 0.223801 0.240690 0.085700 0.033470 0.416338
2 2 0.223513 0.238054 0.253830 0.077922 0.206680
4 0 0.157775 0.243496 0.219764 0.130194 0.248770
4 0 0.161481 0.249944 0.164910 0.112925 0.310740
4 0 0.159243 0.243351 0.223327 0.128405 0.245675
4 1 0.195025 0.251430 0.121709 0.062867 0.368968
4 1 0.174162 0.252217 0.148669 0.091874 0.333077
4 1 0.179274 0.252552 0.142066 0.084135 0.341974
4 1 0.167707 0.251315 0.156971 0.102256 0.321751
4 1 0.174799 0.252277 0.147848 0.090887 0.334189
4 1 0.201750 0.249942 0.113092 0.054935 0.380281
4 1 0.152761 0.247204 0.175872 0.128985 0.295177
4 1 0.164989 0.250777 0.160447 0.106834 0.316954
4 1 0.143703 0.243358 0.186992 0.147098 0.278849
4 1 0.152891 0.247252 0.175711 0.128737 0.295410
4 1 0.146463 0.243540 0.193747 0.143944 0.272307
4 1 0.149149 0.243697 0.199708 0.140683 0.266763
4 2 0.143477 0.243249 0.187266 0.147569 0.278440
4 2 0.148833 0.243684 0.199001 0.141066 0.267416
2 2 0.072296 0.092723 0.755972 0.042542 0.036467
1 2 0.164587 0.241733 0.241700 0.121043 0.230937
4 2 0.160238 0.243233 0.225770 0.127190 0.243569
4 2 0.143477 0.243249 0.187266 0.147569 0.278440
4 2 0.268604 0.246622 0.152569 0.037709 0.294496
4 2 0.177632 0.252481 0.144189 0.086575 0.339123
4 2 0.157293 0.248608 0.172330 0.121129 0.300640
4 0 0.164851 0.250747 0.160623 0.107069 0.316710
2 0 0.181448 0.241375 0.243463 0.109002 0.224712
2 0 0.186122 0.233847 0.298897 0.094845 0.186289
4 2 0.153877 0.247608 0.174482 0.126855 0.297178
4 2 0.144146 0.243325 0.188704 0.146757 0.277069
2 2 0.178781 0.237905 0.275921 0.104234 0.203160
2 2 0.194208 0.227671 0.327202 0.084131 0.166787
1 2 0.161535 0.243056 0.228985 0.125605 0.240818
2 2 0.086097 0.107140 0.715388 0.046607 0.044768
2 2 0.148376 0.193281 0.448558 0.085080 0.124704
2 2 0.086742 0.113646 0.696109 0.052980 0.050522
2 2 0.137201 0.182709 0.483077 0.083552 0.113461
2 2 0.039090 0.051863 0.867408 0.025901 0.015738
0 2 0.344644 0.197200 0.304768 0.030326 0.123062
2 0 0.180173 0.238358 0.274591 0.102655 0.204223
2 0 0.186147 0.233830 0.298980 0.094813 0.186230
2 0 0.207432 0.211767 0.384579 0.064984 0.131238
2 0 0.133312 0.135910 0.628523 0.043643 0.058612
2 2 0.212453 0.202392 0.413208 0.056593 0.115355
2 2 0.061698 0.063507 0.834621 0.021798 0.018377
2 2 0.120443 0.107196 0.706113 0.028861 0.037387
2 2 0.170609 0.155584 0.562351 0.042072 0.069385
2 2 0.082768 0.079032 0.789780 0.024030 0.024390
2 2 0.065435 0.060050 0.841058 0.017549 0.015908
2 2 0.036504 0.033909 0.912140 0.010422 0.007025
2 2 0.041828 0.040563 0.895191 0.013126 0.009292
2 2 0.023606 0.022907 0.941705 0.007657 0.004126
2 2 0.034360 0.031353 0.918631 0.009434 0.006222
2 2 0.018112 0.019921 0.949887 0.008394 0.003685
2 2 0.022656 0.026210 0.934453 0.011183 0.005499
2 2 0.041486 0.038705 0.899422 0.011881 0.008506
2 2 0.009977 0.015702 0.937965 0.031786 0.004570
2 2 0.021298 0.024490 0.933530 0.015051 0.005631
2 2 0.014137 0.018909 0.936238 0.025585 0.005131
2 3 0.011347 0.023861 0.840186 0.112969 0.011637
2 3 0.012141 0.019657 0.915683 0.045877 0.006642
2 3 0.010790 0.019224 0.915667 0.047695 0.006623
2 3 0.008002 0.018528 0.836001 0.128137 0.009331
2 3 0.007793 0.015322 0.911752 0.059499 0.005634
2 3 0.011910 0.021520 0.877754 0.079805 0.009012
2 3 0.006181 0.019852 0.668832 0.290349 0.014786
2 3 0.010672 0.027186 0.740338 0.204407 0.017398
2 3 0.005568 0.018600 0.625383 0.335549 0.014899
3 3 0.007584 0.018534 0.292672 0.660428 0.020782
3 3 0.008017 0.023228 0.409022 0.535594 0.024140
3 3 0.009287 0.022150 0.389728 0.556955 0.021881
3 3 0.009910 0.021353 0.266524 0.677927 0.024286
3 3 0.014497 0.029244 0.451396 0.478738 0.026126
3 3 0.010132 0.020112 0.238812 0.707693 0.023250
3 3 0.009048 0.016684 0.207344 0.747302 0.019623
3 3 0.015734 0.017497 0.116250 0.828549 0.021970
3 3 0.011383 0.012492 0.101854 0.858403 0.015868
3 3 0.011323 0.021305 0.271092 0.673162 0.023118
3 3 0.008616 0.020503 0.291552 0.656230 0.023099
3 3 0.013462 0.011936 0.078379 0.880831 0.015392
3 3 0.010219 0.012248 0.113229 0.848974 0.015329
3 3 0.011341 0.019022 0.194632 0.752488 0.022517
3 3 0.010401 0.009430 0.072711 0.895086 0.012373
3 3 0.011607 0.019797 0.203663 0.741848 0.023085
3 3 0.011958 0.015648 0.137933 0.815352 0.019110
3 3 0.009219 0.014876 0.172230 0.785862 0.017812
3 3 0.011678 0.012816 0.103336 0.855969 0.016201
3 3 0.010828 0.008388 0.056684 0.912768 0.011332
3 3 0.014478 0.014113 0.090612 0.862467 0.018330
3 3 0.015160 0.013617 0.082549 0.871063 0.017610
3 3 0.011819 0.015518 0.137570 0.816090 0.019005
3 3 0.016561 0.016621 0.102175 0.843684 0.020958
3 3 0.013527 0.011657 0.073835 0.885705 0.015276
3 3 0.012692 0.007426 0.038378 0.931166 0.010337
3 3 0.011277 0.014347 0.129960 0.826835 0.017581
3 3 0.012790 0.009513 0.056876 0.908028 0.012793
3 3 0.015194 0.010231 0.051228 0.909386 0.013960
3 3 0.013741 0.011168 0.067759 0.892602 0.014729
3 3 0.014682 0.011453 0.063896 0.894609 0.015360
3 3 0.013430 0.013250 0.091971 0.864424 0.016926
3 3 0.013607 0.007967 0.039311 0.928021 0.011093
3 3 0.012916 0.010301 0.063609 0.899417 0.013756
3 3 0.011944 0.020390 0.290795 0.656095 0.020777
3 3 0.018711 0.018912 0.107665 0.830981 0.023731
3 3 0.011664 0.009447 0.063065 0.903237 0.012587
3 3 0.015898 0.006102 0.020569 0.948385 0.009046
3 3 0.014708 0.014295 0.091887 0.860727 0.018383
3 3 0.013469 0.018834 0.161304 0.783867 0.022527
3 3 0.014011 0.008741 0.043469 0.921602 0.012177
