0 0 0.914195 0.053576 0.007947 0.000061 0.024222
0 0 0.901920 0.067611 0.009520 0.000040 0.020910
0 0 0.905175 0.029477 0.042262 0.011467 0.011618
0 0 0.845083 0.117459 0.017230 0.000037 0.020191
0 0 0.926377 0.046935 0.006330 0.000037 0.020321
0 0 0.963219 0.021079 0.002218 0.000012 0.013472
0 0 0.954086 0.026066 0.003082 0.000022 0.016745
0 0 0.938037 0.033114 0.004732 0.000062 0.024056
0 0 0.887377 0.050628 0.042858 0.003693 0.015444
0 0 0.967028 0.017744 0.001843 0.000012 0.013373
0 0 0.972697 0.013239 0.001323 0.000011 0.012730
0 0 0.956931 0.022259 0.004717 0.000105 0.015989
0 0 0.873756 0.039795 0.052716 0.016387 0.017347
0 0 0.932049 0.032835 0.007037 0.000240 0.027839
0 0 0.967149 0.018131 0.001851 0.000010 0.012859
0 0 0.971181 0.014695 0.001471 0.000010 0.012642
0 0 0.958841 0.022100 0.002568 0.000021 0.016470
0 0 0.951082 0.027221 0.004046 0.000044 0.017607
0 0 0.922556 0.042318 0.006661 0.000099 0.028366
0 0 0.923417 0.044687 0.006661 0.000069 0.025165
0 0 0.954112 0.019901 0.003629 0.000122 0.022236
0 0 0.919511 0.042720 0.006988 0.000124 0.030656
0 0 0.915572 0.039469 0.007101 0.000230 0.037628
0 0 0.968026 0.016800 0.001743 0.000012 0.013420
0 0 0.974433 0.011480 0.001147 0.000011 0.012928
0 0 0.978942 0.008510 0.000800 0.000009 0.011740
0 0 0.981950 0.007259 0.000632 0.000006 0.010153
0 0 0.974731 0.010265 0.001057 0.000014 0.013932
0 0 0.985844 0.005646 0.000436 0.000003 0.008071
0 0 0.966409 0.013745 0.001632 0.000030 0.018184
0 0 0.900952 0.059062 0.009811 0.000116 0.030059
0 0 0.970755 0.014844 0.002084 0.000025 0.012292
0 0 0.964362 0.018713 0.002050 0.000016 0.014858
0 0 0.952940 0.026481 0.003189 0.000024 0.017366
0 0 0.932570 0.036462 0.005394 0.000073 0.025502
0 0 0.971806 0.011487 0.001250 0.000019 0.015438
0 0 0.972969 0.012427 0.001265 0.000012 0.013326
0 0 0.978231 0.010713 0.000949 0.000005 0.010103
0 0 0.981962 0.007254 0.000632 0.000006 0.010147
0 0 0.972257 0.011299 0.001219 0.000018 0.015207
0 0 0.980015 0.008063 0.000739 0.000008 0.011176
0 0 0.971535 0.011600 0.001268 0.000019 0.015577
0 0 0.975953 0.010795 0.001046 0.000010 0.012196
0 0 0.982032 0.007225 0.000628 0.000006 0.010110
0 0 0.965160 0.016290 0.001871 0.000023 0.016656
0 0 0.966494 0.015445 0.001750 0.000021 0.016290
0 0 0.982507 0.007028 0.000603 0.000005 0.009858
0 0 0.962855 0.015233 0.001902 0.000039 0.019971
0 0 0.975603 0.009901 0.001002 0.000013 0.013481
0 0 0.975064 0.010954 0.001090 0.000011 0.012881
0 0 0.989185 0.004271 0.000288 0.000002 0.006254
0 0 0.986029 0.005570 0.000427 0.000003 0.007971
0 0 0.985727 0.005695 0.000441 0.000003 0.008134
0 0 0.986116 0.005534 0.000423 0.000003 0.007924
0 0 0.973009 0.010985 0.001169 0.000017 0.014821
0 0 0.978499 0.008694 0.000826 0.000009 0.011972
0 0 0.979888 0.008814 0.000788 0.000006 0.010505
0 0 0.981983 0.008322 0.000689 0.000004 0.009002
0 0 0.964714 0.022448 0.002125 0.000006 0.010707
0 0 0.985154 0.006823 0.000513 0.000002 0.007508
0 0 0.977580 0.013544 0.001073 0.000003 0.007800
0 0 0.983052 0.006940 0.000582 0.000005 0.009420
0 0 0.982856 0.006883 0.000584 0.000005 0.009672
0 0 0.979166 0.009048 0.000826 0.000007 0.010954
0 0 0.973117 0.010940 0.001162 0.000017 0.014765
0 0 0.976089 0.012182 0.001111 0.000006 0.010612
0 0 0.974320 0.013238 0.001244 0.000007 0.011191
0 0 0.972918 0.014535 0.001371 0.000007 0.011169
0 0 0.974967 0.012386 0.001173 0.000008 0.011466
0 0 0.967202 0.019388 0.001885 0.000007 0.011517
0 0 0.968695 0.014782 0.001602 0.000016 0.014905
0 0 0.977536 0.010165 0.000949 0.000008 0.011342
0 0 0.981741 0.008316 0.000697 0.000004 0.009241
0 0 0.970338 0.013707 0.001459 0.000015 0.014481
0 0 0.969551 0.017401 0.001671 0.000007 0.011370
0 0 0.990471 0.003745 0.000237 0.000001 0.005546
0 0 0.986869 0.005223 0.000388 0.000003 0.007517
0 0 0.989035 0.004333 0.000295 0.000002 0.006336
0 0 0.988964 0.004362 0.000297 0.000002 0.006375
0 0 0.994720 0.002024 0.000096 0.000000 0.003160
0 0 0.986270 0.005470 0.000416 0.000003 0.007841
0 0 0.986624 0.005324 0.000400 0.000003 0.007649
0 0 0.983341 0.006682 0.000559 0.000005 0.009413
0 0 0.983180 0.006749 0.000568 0.000005 0.009499
0 0 0.988680 0.004478 0.000309 0.000002 0.006531
0 0 0.985052 0.005973 0.000474 0.000004 0.008497
0 0 0.968091 0.013041 0.001509 0.000026 0.017332
0 0 0.971707 0.011529 0.001256 0.000019 0.015489
0 0 0.977900 0.008943 0.000862 0.000010 0.012285
0 0 0.980646 0.007801 0.000703 0.000007 0.010843
0 0 0.985946 0.005604 0.000431 0.000003 0.008016
0 0 0.982674 0.006958 0.000594 0.000005 0.009769
0 0 0.983946 0.006431 0.000528 0.000004 0.009090
0 0 0.989446 0.004164 0.000278 0.000001 0.006111
0 0 0.978873 0.008538 0.000804 0.000009 0.011776
0 0 0.966550 0.017018 0.001838 0.000015 0.014579
0 0 0.983074 0.007647 0.000619 0.000004 0.008657
0 0 0.984331 0.008139 0.000595 0.000002 0.006933
0 0 0.957064 0.024785 0.002801 0.000017 0.015333
0 0 0.958330 0.021201 0.009367 0.000420 0.010681
0 0 0.932990 0.030755 0.026066 0.001619 0.008571
0 0 0.971689 0.017812 0.002974 0.000017 0.007508
0 0 0.970637 0.016517 0.003235 0.000040 0.009572
0 0 0.985301 0.008333 0.000610 0.000001 0.005755
0 0 0.984540 0.009488 0.000702 0.000001 0.005269
0 0 0.969541 0.022081 0.001672 0.000002 0.006704
0 0 0.975000 0.016286 0.001274 0.000002 0.007438
0 0 0.985329 0.009497 0.000802 0.000001 0.004371
0 0 0.975465 0.016614 0.001237 0.000002 0.006683
0 0 0.977612 0.015691 0.001307 0.000002 0.005388
0 1 0.826411 0.141848 0.017814 0.000013 0.013914
1 1 0.405312 0.449887 0.117354 0.000258 0.027188
0 1 0.684384 0.249996 0.043772 0.000059 0.021789
0 0 0.967603 0.022041 0.002194 0.000004 0.008157
0 1 0.790200 0.153379 0.027739 0.000109 0.028573
0 1 0.897113 0.071284 0.010191 0.000042 0.021369
0 0 0.919833 0.055107 0.007086 0.000025 0.017949
0 1 0.570371 0.327093 0.073090 0.000185 0.029262
1 1 0.371180 0.452743 0.139988 0.000650 0.035439
0 2 0.465527 0.387940 0.108686 0.000520 0.037327
1 2 0.125006 0.571915 0.232570 0.001223 0.069286
1 2 0.015825 0.503250 0.396651 0.003499 0.080776
2 2 0.040419 0.413840 0.418330 0.010354 0.117057
1 2 0.027363 0.491997 0.357119 0.002048 0.121472
1 2 0.013847 0.410236 0.377955 0.003835 0.194127
2 2 0.001416 0.175200 0.712038 0.001291 0.110056
2 2 0.003549 0.316182 0.572962 0.000981 0.106326
2 2 0.001975 0.183826 0.604394 0.002134 0.207671
2 2 0.001104 0.095615 0.728199 0.002932 0.172151
2 2 0.001125 0.059955 0.884907 0.004517 0.049496
2 2 0.001356 0.045676 0.874285 0.028879 0.049803
2 2 0.001682 0.041241 0.902347 0.021133 0.033596
2 2 0.000754 0.038839 0.927152 0.015040 0.018215
2 2 0.000592 0.017628 0.954429 0.013399 0.013952
2 2 0.002023 0.063583 0.871161 0.031396 0.031836
2 2 0.000087 0.006531 0.980699 0.011593 0.001090
2 2 0.000131 0.003731 0.988261 0.006955 0.000922
2 2 0.000088 0.006232 0.986026 0.006228 0.001426
2 2 0.000827 0.026288 0.925338 0.039899 0.007649
2 2 0.000075 0.002606 0.992859 0.004147 0.000312
2 2 0.001188 0.022672 0.847113 0.120219 0.008807
2 2 0.000726 0.012165 0.826537 0.146252 0.014320
2 2 0.000743 0.014007 0.858342 0.120828 0.006080
2 2 0.001077 0.015818 0.835786 0.140960 0.006359
2 3 0.001352 0.014194 0.778316 0.198076 0.008062
3 3 0.000320 0.002339 0.431262 0.565906 0.000174
3 3 0.001122 0.005229 0.400588 0.592292 0.000768
2 3 0.000169 0.001685 0.526332 0.471657 0.000156
3 3 0.000530 0.002765 0.366328 0.629915 0.000461
3 3 0.000194 0.001071 0.439431 0.559226 0.000078
3 3 0.001669 0.005496 0.256266 0.735630 0.000939
3 3 0.001582 0.003797 0.180480 0.813196 0.000945
3 3 0.001925 0.005179 0.444740 0.547215 0.000940
3 3 0.002409 0.009984 0.376233 0.608732 0.002643
3 3 0.002181 0.006987 0.271790 0.715807 0.003235
2 3 0.002190 0.013283 0.683599 0.296079 0.004849
2 2 0.194265 0.176158 0.507536 0.027407 0.094634
0 0 0.573301 0.185389 0.198169 0.005346 0.037795
0 0 0.606916 0.243064 0.116625 0.001712 0.031683
0 0 0.733209 0.175079 0.059422 0.000717 0.031573
0 0 0.953005 0.030539 0.003252 0.000011 0.013193
0 0 0.952264 0.028127 0.003297 0.000020 0.016292
0 0 0.973937 0.018316 0.001343 0.000001 0.006403
0 0 0.928259 0.056434 0.005453 0.000004 0.009849
0 0 0.953842 0.031721 0.003143 0.000007 0.011288
0 0 0.889562 0.086210 0.010227 0.000012 0.013989
0 0 0.951802 0.037305 0.003125 0.000002 0.007765
0 1 0.589873 0.326809 0.061893 0.000070 0.021354
0 0 0.940664 0.047145 0.004094 0.000002 0.008095
0 0 0.879695 0.095623 0.011243 0.000011 0.013428
0 0 0.953221 0.037083 0.002912 0.000002 0.006783
0 1 0.788955 0.178328 0.021194 0.000008 0.011516
0 0 0.945418 0.040675 0.003871 0.000005 0.010031
0 0 0.850265 0.123999 0.014051 0.000007 0.011677
0 0 0.953915 0.031416 0.003141 0.000007 0.011520
0 1 0.868747 0.111289 0.010975 0.000003 0.008986
0 1 0.660504 0.271084 0.047511 0.000055 0.020846
0 0 0.952254 0.033776 0.003274 0.000006 0.010690
0 1 0.880597 0.095050 0.011096 0.000010 0.013248
0 1 0.876930 0.097270 0.011718 0.000012 0.014070
0 1 0.529464 0.370385 0.077108 0.000102 0.022941
1 2 0.374957 0.464246 0.107359 0.000227 0.053211
0 2 0.802634 0.132978 0.021803 0.000098 0.042487
1 2 0.407703 0.442691 0.109628 0.000270 0.039709
0 1 0.694715 0.243592 0.039483 0.000043 0.022168
2 2 0.004074 0.460779 0.463357 0.000503 0.071288
2 2 0.007844 0.301590 0.425855 0.000111 0.264601
2 2 0.008620 0.415570 0.446090 0.001687 0.128033
1 2 0.009250 0.412307 0.411153 0.000637 0.166653
2 2 0.001546 0.260961 0.522939 0.000237 0.214316
2 2 0.000120 0.053665 0.928481 0.000451 0.017284
2 2 0.000297 0.053213 0.930192 0.001591 0.014706
2 2 0.000070 0.012885 0.975777 0.001902 0.009365
2 2 0.000603 0.016897 0.973797 0.000524 0.008180
2 2 0.000044 0.018113 0.972674 0.001008 0.008161
2 2 0.000080 0.005778 0.987692 0.005548 0.000902
2 2 0.000098 0.004636 0.986885 0.007913 0.000467
2 2 0.000038 0.003005 0.990391 0.006021 0.000546
2 2 0.000047 0.005802 0.987621 0.004954 0.001576
2 2 0.000187 0.006044 0.990675 0.002163 0.000932
2 2 0.000679 0.001690 0.968658 0.028931 0.000042
2 2 0.000091 0.005453 0.966511 0.026076 0.001868
2 2 0.000042 0.001725 0.963292 0.034618 0.000324
2 2 0.000563 0.021323 0.948434 0.027621 0.002060
2 2 0.000023 0.001572 0.952925 0.045291 0.000189
3 2 0.000222 0.001726 0.470953 0.526872 0.000226
2 2 0.001753 0.007376 0.622063 0.366941 0.001867
3 3 0.000243 0.001804 0.408687 0.588814 0.000452
3 3 0.002507 0.008688 0.349140 0.636198 0.003466
3 3 0.000108 0.001028 0.451432 0.547105 0.000327
3 3 0.002439 0.008642 0.432892 0.553453 0.002574
3 3 0.003379 0.006819 0.178119 0.808831 0.002852
3 3 0.003006 0.007081 0.240875 0.746770 0.002269
3 3 0.000960 0.001962 0.119967 0.876541 0.000569
3 3 0.001996 0.006168 0.269525 0.720101 0.002210
3 3 0.000560 0.001956 0.206647 0.790540 0.000296
3 3 0.000421 0.001478 0.172739 0.825176 0.000186
3 3 0.000252 0.000682 0.086513 0.912467 0.000086
3 3 0.000873 0.002045 0.106230 0.890538 0.000314
3 3 0.000424 0.000833 0.073475 0.925090 0.000178
3 3 0.000562 0.001004 0.063052 0.935177 0.000204
3 3 0.002548 0.003713 0.075126 0.917674 0.000939
3 3 0.003251 0.005656 0.120136 0.870213 0.000744
3 3 0.001434 0.002339 0.078599 0.917056 0.000573
3 3 0.002041 0.003185 0.082425 0.911526 0.000823
3 3 0.001982 0.003057 0.078379 0.915811 0.000770
3 3 0.002049 0.003170 0.080517 0.913453 0.000811
3 3 0.000991 0.001454 0.046831 0.950448 0.000275
3 3 0.002520 0.003852 0.086279 0.906314 0.001035
3 3 0.001171 0.001668 0.046763 0.950077 0.000321
3 3 0.006672 0.008165 0.072757 0.910180 0.002226
3 3 0.005808 0.007321 0.074110 0.910776 0.001986
3 3 0.002734 0.003726 0.063608 0.929051 0.000881
3 3 0.010430 0.013154 0.092834 0.879716 0.003867
3 3 0.023051 0.041637 0.202803 0.722662 0.009847
2 2 0.015590 0.116841 0.757096 0.092719 0.017754
2 2 0.025690 0.184044 0.715493 0.057612 0.017161
2 2 0.003584 0.051073 0.844300 0.091975 0.009068
2 2 0.034682 0.389360 0.519098 0.022208 0.034653
2 2 0.014884 0.062123 0.891784 0.023727 0.007483
2 2 0.011882 0.034327 0.946211 0.002572 0.005008
2 2 0.011804 0.198772 0.745762 0.005020 0.038641
2 2 0.003087 0.159722 0.811840 0.003558 0.021793
2 2 0.002481 0.098182 0.880127 0.004802 0.014407
2 2 0.001660 0.027595 0.932656 0.021570 0.016519
2 2 0.004042 0.145489 0.817537 0.006512 0.026420
2 2 0.002820 0.010867 0.971154 0.011647 0.003512
2 2 0.002769 0.099489 0.855841 0.007792 0.034109
2 2 0.002792 0.093154 0.836421 0.015442 0.052190
2 2 0.002357 0.048428 0.937131 0.005299 0.006785
2 2 0.007494 0.052167 0.934103 0.001178 0.005058
2 2 0.001547 0.037485 0.930002 0.008193 0.022773
2 2 0.011149 0.120632 0.845432 0.004502 0.018285
2 2 0.003628 0.063488 0.921478 0.002577 0.008829
2 2 0.003431 0.042936 0.939393 0.006377 0.007863
2 2 0.001738 0.079060 0.913879 0.001339 0.003984
2 2 0.000160 0.025146 0.970357 0.001093 0.003244
2 2 0.006845 0.041568 0.943143 0.001413 0.007031
2 2 0.001279 0.010909 0.986001 0.000759 0.001052
2 2 0.001205 0.069240 0.915258 0.004142 0.010155
2 2 0.004450 0.028685 0.952581 0.004781 0.009502
2 2 0.000938 0.024083 0.946831 0.012462 0.015686
2 2 0.014316 0.046727 0.924959 0.003802 0.010196
2 2 0.023222 0.093734 0.864119 0.003440 0.015485
1 0 0.229364 0.465760 0.279007 0.001648 0.024221
0 0 0.970083 0.019933 0.001662 0.000003 0.008318
0 0 0.957156 0.028024 0.002835 0.000008 0.011978
0 0 0.896069 0.069510 0.011441 0.000070 0.022909
0 0 0.972706 0.017465 0.001451 0.000003 0.008375
0 0 0.963703 0.025411 0.002193 0.000003 0.008689
0 0 0.981337 0.013304 0.000815 0.000001 0.004543
0 0 0.975443 0.015557 0.001239 0.000002 0.007759
0 0 0.974318 0.017816 0.001318 0.000001 0.006546
0 0 0.898361 0.072371 0.009877 0.000032 0.019360
0 0 0.975274 0.018727 0.001199 0.000001 0.004799
0 0 0.977783 0.016929 0.001020 0.000000 0.004267
0 0 0.969015 0.022711 0.001705 0.000001 0.006568
0 0 0.968895 0.024128 0.001647 0.000001 0.005330
0 0 0.975190 0.018397 0.001222 0.000001 0.005191
0 0 0.980990 0.014494 0.000810 0.000000 0.003705
0 0 0.944645 0.041808 0.003911 0.000004 0.009633
0 1 0.810680 0.152793 0.020665 0.000019 0.015843
1 1 0.285649 0.547634 0.127359 0.000148 0.039210
1 1 0.387376 0.473588 0.116245 0.000163 0.022628
1 1 0.270232 0.552883 0.140701 0.000204 0.035980
1 1 0.131473 0.610622 0.205990 0.000112 0.051803
0 2 0.399222 0.382208 0.109530 0.000056 0.108984
1 2 0.070025 0.635879 0.255941 0.000186 0.037968
1 2 0.034736 0.519402 0.380330 0.000699 0.064833
2 2 0.023522 0.325804 0.496428 0.000925 0.153320
2 2 0.005356 0.191198 0.783930 0.000641 0.018875
2 2 0.000595 0.145390 0.832173 0.000436 0.021405
2 2 0.013047 0.263007 0.688992 0.000244 0.034710
2 2 0.000843 0.052366 0.931558 0.001839 0.013395
2 2 0.000362 0.069708 0.919278 0.000545 0.010107
2 2 0.003979 0.146683 0.830113 0.000426 0.018800
2 2 0.000825 0.054832 0.919665 0.006535 0.018143
2 2 0.000555 0.051250 0.921500 0.002596 0.024099
2 2 0.004806 0.108348 0.868343 0.001228 0.017275
2 2 0.000550 0.034465 0.952857 0.001605 0.010523
2 2 0.000054 0.019910 0.973711 0.000722 0.005603
2 2 0.000080 0.021066 0.974124 0.000843 0.003887
2 2 0.000022 0.002540 0.995853 0.000950 0.000635
2 2 0.004789 0.222518 0.756552 0.000856 0.015285
2 2 0.000028 0.005776 0.991179 0.001536 0.001481
2 2 0.000582 0.059253 0.929060 0.002331 0.008775
2 2 0.000230 0.027252 0.963556 0.002103 0.006860
2 2 0.000051 0.001785 0.993937 0.003810 0.000417
2 2 0.000500 0.049159 0.940567 0.001696 0.008078
2 2 0.000083 0.011888 0.976292 0.005131 0.006606
2 2 0.002636 0.025471 0.966757 0.001812 0.003325
2 2 0.001280 0.065463 0.921302 0.005036 0.006918
2 2 0.000218 0.006552 0.981303 0.010344 0.001583
2 2 0.001442 0.011275 0.982364 0.003713 0.001206
2 2 0.000406 0.016323 0.973795 0.007567 0.001909
2 2 0.001048 0.020522 0.966915 0.004103 0.007412
1 1 0.311375 0.476992 0.189761 0.000440 0.021433
2 1 0.019234 0.474072 0.489514 0.000774 0.016407
2 2 0.002648 0.182653 0.793290 0.001920 0.019489
2 2 0.016616 0.195479 0.763279 0.000495 0.024132
2 2 0.023081 0.175434 0.793592 0.000509 0.007385
2 2 0.006067 0.098679 0.883188 0.000797 0.011269
2 2 0.009329 0.117073 0.860445 0.001663 0.011489
2 2 0.014428 0.165919 0.810334 0.000804 0.008515
2 2 0.000616 0.039872 0.949781 0.002318 0.007414
2 2 0.023048 0.127084 0.839237 0.000662 0.009969
2 2 0.000707 0.019835 0.974174 0.001884 0.003400
2 2 0.024733 0.090389 0.879587 0.000917 0.004375
2 2 0.004021 0.116743 0.871668 0.000558 0.007010
2 2 0.011015 0.098861 0.884171 0.001147 0.004806
0 2 0.805115 0.151148 0.023164 0.000041 0.020533
0 0 0.962567 0.027259 0.002260 0.000002 0.007912
0 0 0.946247 0.039194 0.003840 0.000006 0.010714
0 0 0.954873 0.032885 0.002972 0.000004 0.009266
0 0 0.964192 0.024423 0.002163 0.000004 0.009218
0 0 0.964847 0.026253 0.002030 0.000002 0.006868
0 0 0.972391 0.019803 0.001453 0.000001 0.006352
0 0 0.973380 0.019079 0.001377 0.000001 0.006163
0 0 0.958188 0.033053 0.002483 0.000001 0.006274
0 0 0.969133 0.022971 0.001681 0.000001 0.006213
0 0 0.935837 0.049249 0.004774 0.000005 0.010134
0 0 0.966055 0.024627 0.001960 0.000002 0.007356
0 0 0.958393 0.031995 0.002539 0.000002 0.007071
0 0 0.962777 0.026636 0.002259 0.000003 0.008325
0 0 0.926748 0.058645 0.005480 0.000003 0.009123
0 1 0.761528 0.200280 0.025495 0.000011 0.012686
0 0 0.880660 0.063552 0.049088 0.000607 0.006093
0 0 0.953912 0.034854 0.002991 0.000003 0.008241
0 0 0.970648 0.021758 0.001565 0.000001 0.006028
0 0 0.965443 0.025495 0.001995 0.000002 0.007066
0 0 0.971999 0.014994 0.001858 0.000015 0.011134
0 0 0.981257 0.011662 0.000826 0.000001 0.006254
0 0 0.982458 0.011301 0.000751 0.000001 0.005489
0 0 0.984823 0.009632 0.000604 0.000001 0.004940
0 0 0.982673 0.011404 0.000738 0.000001 0.005184
0 0 0.972073 0.019655 0.001684 0.000002 0.006585
0 0 0.981186 0.013204 0.000829 0.000001 0.004781
0 0 0.980748 0.013967 0.000849 0.000000 0.004435
0 0 0.986064 0.009806 0.000530 0.000000 0.003599
0 0 0.929021 0.042353 0.016130 0.000290 0.012206
0 0 0.972526 0.018905 0.001459 0.000002 0.007108
0 0 0.956574 0.028274 0.004601 0.000024 0.010527
0 0 0.975008 0.016805 0.001272 0.000002 0.006913
0 0 0.969140 0.019690 0.002115 0.000007 0.009048
0 0 0.985005 0.009783 0.000595 0.000001 0.004616
0 0 0.967713 0.022373 0.003165 0.000009 0.006741
0 0 0.973158 0.018172 0.001805 0.000004 0.006861
0 0 0.961196 0.024693 0.005872 0.000048 0.008191
0 0 0.986747 0.009042 0.001238 0.000003 0.002970
0 0 0.984874 0.010356 0.000775 0.000001 0.003995
0 0 0.981049 0.012264 0.000843 0.000001 0.005842
0 0 0.984530 0.010646 0.000622 0.000000 0.004201
0 0 0.989825 0.006390 0.000332 0.000000 0.003452
0 0 0.980092 0.013322 0.000907 0.000001 0.005678
0 0 0.980575 0.012556 0.000875 0.000001 0.005993
0 0 0.987299 0.008921 0.000724 0.000001 0.003056
0 0 0.972031 0.020092 0.001480 0.000001 0.006396
0 0 0.982912 0.013058 0.000691 0.000000 0.003339
0 0 0.964997 0.027468 0.001934 0.000001 0.005600
0 0 0.901579 0.079417 0.008241 0.000006 0.010757
0 1 0.901288 0.082489 0.007689 0.000003 0.008531
0 1 0.910272 0.070345 0.007553 0.000007 0.011823
0 1 0.659817 0.263172 0.051025 0.000104 0.025883
0 0 0.944983 0.043641 0.003679 0.000002 0.007695
0 0 0.974444 0.017795 0.001307 0.000001 0.006453
0 0 0.929807 0.034810 0.022137 0.001224 0.012022
0 0 0.987779 0.007442 0.000434 0.000000 0.004344
0 0 0.981447 0.012604 0.000816 0.000001 0.005132
0 0 0.966450 0.024657 0.001914 0.000002 0.006977
0 0 0.977783 0.015233 0.001065 0.000001 0.005917
0 0 0.962811 0.027243 0.002231 0.000002 0.007713
0 0 0.946549 0.040994 0.003666 0.000003 0.008789
0 0 0.939602 0.044805 0.004503 0.000006 0.011084
0 1 0.770719 0.187451 0.026127 0.000019 0.015683
0 1 0.834615 0.128134 0.018381 0.000030 0.018841
0 1 0.470106 0.412290 0.074915 0.000076 0.042614
0 1 0.541114 0.364479 0.059353 0.000045 0.035008
1 2 0.024717 0.542256 0.359128 0.001200 0.072699
1 2 0.078871 0.410530 0.340983 0.001320 0.168296
1 2 0.369628 0.446467 0.116812 0.000096 0.066998
0 2 0.822509 0.133195 0.027708 0.000068 0.016520
1 2 0.349433 0.503153 0.126204 0.000157 0.021052
1 2 0.366335 0.415027 0.174389 0.000475 0.043774
0 0 0.940940 0.045401 0.004227 0.000004 0.009428
0 0 0.911817 0.068504 0.007895 0.000009 0.011776
0 0 0.963763 0.028115 0.002058 0.000001 0.006062
0 0 0.977272 0.016005 0.001096 0.000001 0.005627
0 0 0.961906 0.027542 0.002327 0.000003 0.008223
0 0 0.935329 0.048003 0.004972 0.000007 0.011688
0 0 0.958837 0.031206 0.002531 0.000002 0.007425
0 1 0.773941 0.189566 0.023838 0.000010 0.012645
0 1 0.553368 0.357557 0.068665 0.000067 0.020343
0 1 0.942188 0.043837 0.004919 0.000006 0.009051
0 0 0.961638 0.029930 0.002224 0.000001 0.006207
0 1 0.573524 0.346839 0.061618 0.000044 0.017975
0 1 0.632124 0.288083 0.055521 0.000090 0.024183
1 2 0.243028 0.550225 0.181203 0.000484 0.025059
1 2 0.208197 0.573970 0.194878 0.000461 0.022494
0 0 0.612467 0.304607 0.059187 0.000089 0.023650
0 0 0.902337 0.079078 0.008100 0.000005 0.010480
1 1 0.130213 0.586404 0.256747 0.000248 0.026388
1 2 0.011957 0.481547 0.457345 0.000831 0.048320
2 2 0.007360 0.287517 0.637081 0.000355 0.067687
2 2 0.003778 0.250832 0.689897 0.001365 0.054129
2 2 0.002240 0.184754 0.710538 0.002030 0.100438
2 2 0.006404 0.200740 0.780905 0.000351 0.011599
2 2 0.010080 0.320973 0.644220 0.000141 0.024587
2 2 0.006027 0.278232 0.694259 0.000162 0.021320
2 2 0.004743 0.076361 0.903421 0.000598 0.014877
2 2 0.002077 0.058394 0.933110 0.000326 0.006093
2 2 0.005123 0.079977 0.911313 0.000171 0.003416
2 2 0.000433 0.045981 0.949292 0.000308 0.003986
2 2 0.000103 0.025648 0.969686 0.000812 0.003752
2 2 0.003881 0.107419 0.882591 0.000344 0.005765
2 2 0.000225 0.028572 0.960436 0.000785 0.009982
2 2 0.000282 0.010738 0.986300 0.001648 0.001031
2 2 0.001742 0.040630 0.954436 0.000361 0.002831
2 2 0.000017 0.005167 0.992007 0.001726 0.001084
2 2 0.000105 0.003944 0.994343 0.000705 0.000903
2 2 0.001395 0.011363 0.984940 0.000669 0.001633
2 2 0.000066 0.007060 0.979833 0.006775 0.006265
2 2 0.000036 0.003337 0.989135 0.005866 0.001626
2 2 0.000072 0.005864 0.978911 0.011069 0.004084
2 2 0.002117 0.016295 0.964573 0.013231 0.003784
2 2 0.000257 0.009429 0.949653 0.034879 0.005782
2 2 0.000115 0.004325 0.987024 0.007103 0.001433
2 2 0.000011 0.001776 0.980476 0.016922 0.000815
2 2 0.000028 0.003021 0.978042 0.017663 0.001246
2 2 0.000022 0.002345 0.971436 0.025410 0.000787
2 2 0.000315 0.014623 0.965386 0.017750 0.001926
2 2 0.000067 0.004602 0.972723 0.019781 0.002826
2 2 0.000024 0.001347 0.917975 0.080196 0.000458
2 2 0.000326 0.010969 0.951038 0.034924 0.002743
2 2 0.000282 0.009602 0.954316 0.033570 0.002230
2 2 0.000381 0.008554 0.966271 0.022912 0.001882
2 3 0.000039 0.000849 0.724995 0.274044 0.000073
2 3 0.000250 0.002089 0.676332 0.320993 0.000335
2 3 0.000125 0.002166 0.704754 0.292652 0.000303
2 3 0.000151 0.002289 0.678901 0.317988 0.000672
2 2 0.000186 0.003946 0.844610 0.150668 0.000590
2 2 0.085092 0.110617 0.720459 0.066636 0.017196
2 2 0.082447 0.283982 0.589786 0.013383 0.030402
2 2 0.036752 0.070354 0.869876 0.011606 0.011411
2 2 0.016839 0.097456 0.858853 0.018763 0.008090
2 2 0.005968 0.049670 0.911145 0.025098 0.008119
2 2 0.001565 0.023081 0.958946 0.015289 0.001119
2 2 0.000023 0.000962 0.991191 0.007743 0.000081
2 2 0.010478 0.020751 0.959831 0.008192 0.000748
2 2 0.000604 0.026527 0.965095 0.006548 0.001226
2 2 0.000470 0.003349 0.988930 0.007066 0.000184
2 2 0.086932 0.206985 0.688323 0.008651 0.009108
2 2 0.003186 0.054364 0.934586 0.005218 0.002646
2 2 0.005226 0.035731 0.955543 0.002572 0.000928
2 2 0.000417 0.006004 0.987730 0.005671 0.000177
2 2 0.000616 0.004944 0.984542 0.009800 0.000098
2 2 0.000780 0.014859 0.981561 0.002186 0.000613
2 2 0.019625 0.116435 0.851025 0.003825 0.009090
2 2 0.000516 0.022777 0.973553 0.002009 0.001146
2 2 0.000258 0.007767 0.990164 0.001019 0.000793
2 2 0.000197 0.009375 0.975258 0.013613 0.001558
2 2 0.000177 0.003450 0.989404 0.006850 0.000119
2 2 0.000161 0.001673 0.992344 0.005794 0.000028
2 2 0.000137 0.003448 0.989149 0.007127 0.000139
2 3 0.000004 0.000346 0.950461 0.049183 0.000006
2 3 0.000007 0.000704 0.961625 0.037646 0.000018
3 3 0.000318 0.002173 0.489666 0.507668 0.000175
2 3 0.002678 0.008668 0.562300 0.424706 0.001648
2 3 0.008840 0.048430 0.645240 0.287440 0.010051
2 3 0.016485 0.028358 0.733266 0.215319 0.006573
2 0 0.195588 0.152879 0.617677 0.022392 0.011464
0 0 0.469230 0.349066 0.119470 0.000070 0.062165
1 1 0.039983 0.444258 0.413884 0.000303 0.101571
1 1 0.187372 0.494757 0.253726 0.000055 0.064090
1 1 0.254560 0.505481 0.165941 0.000100 0.073918
2 2 0.012859 0.414079 0.510114 0.000180 0.062768
1 2 0.303188 0.464619 0.179768 0.000185 0.052240
2 2 0.046208 0.227869 0.695858 0.000267 0.029798
0 2 0.816311 0.144846 0.020727 0.000028 0.018088
0 1 0.530844 0.351009 0.075837 0.000192 0.042119
0 0 0.733689 0.204441 0.036632 0.000082 0.025156
2 1 0.001871 0.287704 0.626951 0.000269 0.083205
2 2 0.001274 0.207941 0.741280 0.000348 0.049157
2 2 0.000536 0.096505 0.834813 0.000482 0.067664
2 2 0.000125 0.028821 0.949963 0.001218 0.019873
2 2 0.000207 0.031130 0.953631 0.000994 0.014038
2 2 0.003037 0.318327 0.635267 0.000519 0.042850
2 2 0.000277 0.039586 0.941802 0.001619 0.016715
2 2 0.000095 0.016010 0.972335 0.001983 0.009577
2 2 0.000131 0.026964 0.960582 0.001109 0.011214
2 2 0.013902 0.223111 0.733108 0.001158 0.028720
2 2 0.000487 0.027076 0.955945 0.011188 0.005305
2 2 0.000061 0.008412 0.982988 0.004320 0.004218
2 2 0.004292 0.053651 0.932467 0.002825 0.006765
2 2 0.000299 0.016400 0.953841 0.021150 0.008310
2 2 0.000150 0.012134 0.973558 0.010063 0.004096
2 2 0.000141 0.013444 0.971432 0.010793 0.004190
2 2 0.000108 0.009229 0.984844 0.002775 0.003045
2 2 0.000052 0.007512 0.981769 0.005540 0.005128
2 2 0.000115 0.008340 0.985603 0.003120 0.002823
2 2 0.000077 0.005894 0.971724 0.018880 0.003425
2 2 0.002338 0.035383 0.904970 0.044343 0.012965
2 2 0.000565 0.021513 0.941994 0.029816 0.006113
2 2 0.000097 0.005974 0.964625 0.025867 0.003437
2 2 0.000538 0.014367 0.931035 0.051129 0.002931
2 2 0.002758 0.074303 0.887410 0.015599 0.019930
4 2 0.012270 0.155673 0.177655 0.000023 0.654380
4 4 0.031813 0.096256 0.109435 0.000016 0.762480
4 4 0.009558 0.108379 0.125913 0.000015 0.756134
4 4 0.004936 0.152549 0.229054 0.000190 0.613271
4 4 0.002188 0.125882 0.266823 0.000088 0.605018
4 4 0.013809 0.013285 0.004847 0.000000 0.968060
4 4 0.005427 0.010218 0.007635 0.000001 0.976719
4 4 0.011599 0.017781 0.007877 0.000002 0.962740
4 4 0.005650 0.009774 0.007164 0.000001 0.977412
4 4 0.018970 0.010702 0.006062 0.000000 0.964265
4 4 0.015664 0.050375 0.033159 0.000013 0.900790
4 4 0.024267 0.043159 0.029894 0.000008 0.902672
4 4 0.025132 0.047315 0.026856 0.000019 0.900678
4 4 0.020859 0.046779 0.029062 0.000010 0.903290
4 4 0.021245 0.033774 0.024923 0.000036 0.920022
4 4 0.030785 0.080415 0.046645 0.000016 0.842139
4 4 0.015205 0.051597 0.034768 0.000001 0.898429
4 4 0.013389 0.098739 0.058010 0.000003 0.829858
4 4 0.016716 0.065288 0.042703 0.000003 0.875290
4 4 0.025390 0.076454 0.040978 0.000004 0.857174
4 4 0.020165 0.006908 0.001902 0.000000 0.971025
4 4 0.039293 0.012947 0.003300 0.000000 0.944460
4 4 0.013204 0.008553 0.003114 0.000000 0.975129
4 4 0.061553 0.020857 0.004239 0.000001 0.913350
4 4 0.019733 0.019919 0.005548 0.000003 0.954797
4 4 0.023185 0.018404 0.007981 0.000000 0.950429
4 4 0.065141 0.022196 0.006206 0.000001 0.906456
4 4 0.105562 0.023651 0.004427 0.000000 0.866360
4 4 0.038340 0.028683 0.007250 0.000001 0.925726
4 4 0.024321 0.016144 0.007026 0.000001 0.952508
4 4 0.092873 0.080459 0.031290 0.000010 0.795368
4 4 0.032121 0.031840 0.023126 0.000001 0.912912
4 4 0.031992 0.075511 0.022798 0.000001 0.869698
4 4 0.074744 0.060826 0.015424 0.000001 0.849005
4 4 0.098312 0.140745 0.029816 0.000006 0.731120
4 4 0.009902 0.203671 0.148507 0.000000 0.637919
4 4 0.032782 0.167183 0.094079 0.000004 0.705953
4 4 0.030787 0.205996 0.160274 0.000003 0.602940
4 4 0.002929 0.129894 0.193430 0.000016 0.673731
4 4 0.031438 0.139353 0.091129 0.000001 0.738080
4 4 0.016552 0.052907 0.018032 0.000004 0.912505
4 4 0.008076 0.024888 0.019565 0.000003 0.947467
4 4 0.035759 0.024078 0.007715 0.000003 0.932446
4 4 0.026463 0.041414 0.016720 0.000026 0.915377
4 4 0.016608 0.031078 0.017461 0.000026 0.934828
4 4 0.059186 0.017541 0.004441 0.000000 0.918831
4 4 0.031939 0.018796 0.005919 0.000001 0.943345
4 4 0.044175 0.018485 0.002800 0.000001 0.934539
4 4 0.013270 0.014180 0.005882 0.000001 0.966666
4 4 0.011375 0.009472 0.004991 0.000000 0.974160
4 4 0.022287 0.013950 0.007149 0.000000 0.956614
4 4 0.015020 0.031865 0.012742 0.000001 0.940372
4 4 0.029461 0.024874 0.005630 0.000004 0.940031
4 4 0.053698 0.023334 0.007691 0.000002 0.915276
4 4 0.013558 0.015974 0.005103 0.000001 0.965364
4 4 0.003014 0.023162 0.026911 0.000003 0.946910
4 4 0.012046 0.062340 0.027869 0.000001 0.897744
4 4 0.005750 0.037861 0.032387 0.000000 0.924001
4 4 0.007397 0.042344 0.033576 0.000011 0.916672
4 4 0.010117 0.067483 0.039455 0.000001 0.882944
4 4 0.025516 0.168792 0.068571 0.000010 0.737111
4 4 0.188895 0.275829 0.042846 0.000003 0.492427
4 4 0.138315 0.145230 0.036529 0.000004 0.679922
4 4 0.093629 0.154010 0.054416 0.000004 0.697940
4 2 0.086721 0.165764 0.062668 0.000006 0.684841
2 2 0.005608 0.273336 0.458831 0.000142 0.262083
2 2 0.001306 0.223952 0.610254 0.000211 0.164276
2 2 0.002543 0.242786 0.537880 0.000134 0.216658
2 2 0.001143 0.201547 0.554908 0.000198 0.242204
2 2 0.001524 0.144881 0.631491 0.000130 0.221973
2 2 0.002817 0.165321 0.714903 0.001211 0.115747
2 2 0.000488 0.048258 0.911773 0.002869 0.036613
2 2 0.003309 0.115657 0.842162 0.000670 0.038202
2 2 0.000610 0.051877 0.914860 0.002361 0.030293
2 2 0.005215 0.118607 0.734912 0.001607 0.139659
2 2 0.000410 0.052546 0.888837 0.001876 0.056331
2 2 0.001053 0.081519 0.859580 0.003158 0.054690
2 2 0.001468 0.105841 0.816069 0.002251 0.074371
2 2 0.000463 0.037070 0.919074 0.004620 0.038772
2 2 0.000431 0.031821 0.939900 0.004415 0.023432
2 2 0.000118 0.011370 0.977190 0.006607 0.004714
2 2 0.000113 0.011042 0.978809 0.005508 0.004527
2 2 0.000116 0.009722 0.982475 0.002635 0.005052
2 2 0.000176 0.008997 0.979107 0.007980 0.003740
2 2 0.000078 0.010436 0.979254 0.003767 0.006465
2 2 0.000028 0.003468 0.986359 0.009014 0.001132
2 2 0.000037 0.005577 0.988413 0.004082 0.001890
2 2 0.000049 0.002259 0.991674 0.005200 0.000818
2 2 0.000055 0.005813 0.981021 0.010835 0.002275
2 2 0.000025 0.003391 0.987056 0.008006 0.001522
2 2 0.000172 0.004875 0.897371 0.094295 0.003286
2 2 0.000174 0.004564 0.894075 0.098436 0.002752
2 2 0.000266 0.005973 0.843223 0.146021 0.004517
2 2 0.000163 0.004490 0.843348 0.149589 0.002410
2 2 0.000365 0.009106 0.872534 0.109376 0.008619
2 2 0.001459 0.005136 0.730824 0.260641 0.001940
2 2 0.000929 0.005728 0.496170 0.495482 0.001691
3 2 0.004118 0.011860 0.324749 0.651016 0.008256
2 2 0.024369 0.152149 0.645712 0.163481 0.014289
2 2 0.002019 0.019771 0.777581 0.191601 0.009028
2 2 0.005403 0.027043 0.893461 0.071279 0.002814
2 2 0.000936 0.013840 0.811608 0.170874 0.002742
2 2 0.003398 0.025826 0.883539 0.081776 0.005461
2 2 0.001739 0.015191 0.925643 0.053559 0.003868
2 2 0.001335 0.021927 0.886066 0.087008 0.003664
2 2 0.000708 0.005891 0.872029 0.120719 0.000653
2 2 0.000317 0.003367 0.894825 0.101034 0.000457
2 3 0.000048 0.001481 0.841823 0.156373 0.000275
2 3 0.001140 0.005269 0.761122 0.231707 0.000762
2 3 0.000179 0.004006 0.852065 0.142557 0.001193
3 3 0.000560 0.002002 0.278142 0.718940 0.000355
3 3 0.000402 0.001503 0.223386 0.774322 0.000386
3 3 0.000477 0.001153 0.120304 0.877810 0.000255
3 3 0.000647 0.001437 0.112926 0.884661 0.000329
3 3 0.001341 0.002837 0.129674 0.865439 0.000709
3 3 0.001334 0.002491 0.080037 0.915715 0.000422
3 3 0.001859 0.005013 0.247477 0.744293 0.001358
3 3 0.000297 0.000921 0.148262 0.850360 0.000159
3 3 0.001205 0.002249 0.107593 0.888328 0.000625
3 3 0.002699 0.005095 0.123116 0.867925 0.001165
3 3 0.001902 0.002864 0.071348 0.923196 0.000690
3 3 0.001110 0.001673 0.053978 0.942899 0.000340
3 3 0.006548 0.008599 0.089126 0.893165 0.002562
3 3 0.002496 0.003289 0.050085 0.943494 0.000635
3 3 0.001426 0.002092 0.056682 0.939356 0.000444
3 3 0.002750 0.003441 0.049141 0.943939 0.000729
3 3 0.001596 0.002048 0.039877 0.956102 0.000378
3 3 0.001542 0.001958 0.037866 0.958281 0.000353
3 3 0.002851 0.003753 0.058500 0.934037 0.000860
3 3 0.000961 0.001443 0.049462 0.947856 0.000279
3 3 0.001995 0.002529 0.043208 0.951775 0.000493
3 3 0.002223 0.002796 0.044663 0.949759 0.000558
3 3 0.002952 0.003698 0.051178 0.941370 0.000802
3 3 0.001481 0.001999 0.044793 0.951342 0.000385
3 3 0.001058 0.001355 0.031908 0.965459 0.000220
3 3 0.002574 0.003226 0.047701 0.945829 0.000671
3 3 0.002490 0.003123 0.046995 0.946749 0.000643
3 3 0.002216 0.002787 0.044594 0.949848 0.000555
3 3 0.001978 0.002658 0.051453 0.943353 0.000557
3 3 0.001823 0.002305 0.040844 0.954593 0.000435
3 3 0.000887 0.001141 0.029447 0.968348 0.000176
3 3 0.004291 0.005310 0.059923 0.929200 0.001276
3 3 0.001732 0.002192 0.039901 0.955768 0.000408
3 3 0.002160 0.002719 0.044091 0.950491 0.000538
3 3 0.002253 0.002833 0.044928 0.949420 0.000567
3 3 0.002694 0.003554 0.057151 0.935800 0.000802
3 3 0.001734 0.002272 0.044436 0.951115 0.000442
3 3 0.002683 0.003359 0.048597 0.944656 0.000706
3 3 0.003539 0.005014 0.081826 0.908264 0.001357
3 3 0.001474 0.001935 0.041013 0.955218 0.000359
3 3 0.001218 0.001555 0.034022 0.962942 0.000262
3 3 0.001946 0.002456 0.042059 0.953068 0.000472
3 3 0.003567 0.004435 0.055199 0.935788 0.001011
3 3 0.001090 0.001396 0.032344 0.964942 0.000228
3 3 0.002724 0.003409 0.048930 0.944218 0.000720
3 3 0.001458 0.001853 0.036914 0.959445 0.000329
3 3 0.002284 0.002871 0.045209 0.949059 0.000577
3 3 0.003221 0.004060 0.053489 0.938344 0.000886
3 3 0.001996 0.002518 0.042549 0.952449 0.000487
3 3 0.001978 0.002495 0.042369 0.952677 0.000482
3 3 0.002678 0.003353 0.048561 0.944703 0.000705
3 3 0.001073 0.001374 0.032114 0.965215 0.000224
3 3 0.000877 0.001129 0.029294 0.968526 0.000174
3 3 0.031848 0.059398 0.237058 0.656764 0.014932
3 3 0.011906 0.027267 0.245755 0.709594 0.005478
2 2 0.024792 0.101124 0.796457 0.049192 0.028435
2 2 0.014269 0.083047 0.660841 0.211145 0.030698
2 2 0.014496 0.040875 0.890853 0.042124 0.011652
2 2 0.007552 0.080121 0.791387 0.091067 0.029873
2 2 0.033909 0.107653 0.770792 0.070050 0.017597
2 2 0.001776 0.080053 0.885692 0.013008 0.019471
2 2 0.040203 0.369633 0.516692 0.004172 0.069300
2 2 0.013775 0.156249 0.788295 0.007214 0.034466
2 2 0.003001 0.120093 0.823106 0.009946 0.043855
2 2 0.003428 0.055187 0.902617 0.014080 0.024688
2 2 0.001637 0.035712 0.920338 0.020834 0.021480
2 2 0.001175 0.056160 0.908316 0.018273 0.016076
2 2 0.000342 0.015942 0.948108 0.024255 0.011353
2 2 0.001138 0.076828 0.891602 0.006315 0.024117
2 2 0.000472 0.021953 0.935407 0.026215 0.015953
2 2 0.000091 0.004170 0.959132 0.036337 0.000271
2 2 0.000688 0.003450 0.964936 0.030676 0.000250
2 2 0.001664 0.006194 0.973804 0.017981 0.000356
2 2 0.000217 0.007465 0.966114 0.025495 0.000709
2 2 0.000612 0.007796 0.949781 0.041168 0.000643
2 2 0.000184 0.011288 0.973484 0.005048 0.009996
2 2 0.001418 0.024120 0.950304 0.005429 0.018729
2 2 0.002897 0.161282 0.754001 0.003191 0.078630
2 2 0.000497 0.038581 0.927156 0.005504 0.028261
2 2 0.004703 0.180679 0.717946 0.004201 0.092471
2 2 0.002190 0.092428 0.493123 0.003679 0.408580
2 2 0.001413 0.066799 0.682122 0.006775 0.242891
4 2 0.004709 0.173335 0.234033 0.001694 0.586229
4 2 0.004683 0.089647 0.219527 0.003130 0.683014
4 2 0.003379 0.101975 0.337223 0.001962 0.555462
4 2 0.004961 0.107057 0.183362 0.000243 0.704376
4 2 0.012781 0.112790 0.156711 0.000169 0.717549
4 4 0.012028 0.245342 0.246671 0.000958 0.495001
4 4 0.014432 0.086008 0.120923 0.000188 0.778449
4 4 0.031218 0.119350 0.134042 0.000079 0.715311
4 4 0.005932 0.086491 0.147150 0.000273 0.760154
4 4 0.006102 0.092151 0.137146 0.000027 0.764574
4 4 0.001099 0.078359 0.244957 0.000409 0.675177
4 4 0.003611 0.103843 0.202313 0.000238 0.689995
4 4 0.001902 0.100990 0.195526 0.000434 0.701149
2 4 0.000793 0.138241 0.450489 0.000164 0.410313
4 4 0.000764 0.101147 0.403254 0.000206 0.494628
4 4 0.002002 0.129901 0.297559 0.000034 0.570504
2 4 0.000395 0.131072 0.486391 0.000061 0.382082
4 4 0.000784 0.127438 0.431240 0.000074 0.440464
4 4 0.000424 0.150203 0.406282 0.000058 0.443033
4 4 0.002013 0.138910 0.272962 0.000024 0.586092
4 4 0.001384 0.160200 0.308919 0.000006 0.529492
4 4 0.009602 0.163813 0.163298 0.000001 0.663286
4 4 0.001634 0.138655 0.251178 0.000002 0.608531
4 4 0.003711 0.037530 0.035551 0.000002 0.923206
4 4 0.004283 0.030906 0.026094 0.000002 0.938714
4 4 0.007577 0.035356 0.031953 0.000001 0.925113
4 4 0.016891 0.038478 0.016044 0.000001 0.928586
4 4 0.020170 0.055093 0.027643 0.000001 0.897094
4 4 0.022628 0.225275 0.273378 0.000021 0.478698
4 4 0.023817 0.235928 0.210892 0.000019 0.529344
4 4 0.016111 0.262366 0.302484 0.000030 0.419010
4 4 0.010859 0.217236 0.280536 0.000021 0.491348
1 4 0.059303 0.370059 0.206867 0.000010 0.363763
2 4 0.007386 0.207028 0.715083 0.003086 0.067418
2 2 0.001164 0.055883 0.891969 0.007682 0.043302
2 2 0.001253 0.041161 0.929271 0.004231 0.024085
2 2 0.000966 0.055083 0.907215 0.002525 0.034211
1 0 0.250130 0.366443 0.330930 0.005126 0.047372
0 0 0.478702 0.383234 0.102643 0.000412 0.035009
0 0 0.810080 0.157560 0.017341 0.000007 0.015012
1 1 0.292203 0.576127 0.075556 0.000012 0.056102
1 1 0.367435 0.515125 0.067421 0.000015 0.050004
1 1 0.244713 0.581769 0.104577 0.000014 0.068926
0 0 0.484904 0.338848 0.063203 0.000190 0.112854
1 1 0.178119 0.558871 0.171543 0.000091 0.091376
1 1 0.061642 0.522865 0.312235 0.000282 0.102976
1 2 0.184848 0.566031 0.192732 0.000319 0.056069
2 2 0.015201 0.430028 0.459718 0.000536 0.094517
0 2 0.677608 0.233357 0.057594 0.000079 0.031363
0 0 0.936565 0.041740 0.004281 0.000010 0.017404
0 0 0.707907 0.212129 0.045082 0.000221 0.034661
0 0 0.948819 0.035680 0.003645 0.000008 0.011849
0 0 0.888936 0.087798 0.010123 0.000010 0.013133
0 1 0.469033 0.404319 0.055103 0.000029 0.071516
1 1 0.245580 0.555896 0.135709 0.000236 0.062580
0 1 0.737435 0.191896 0.028327 0.000050 0.042292
1 1 0.274803 0.548514 0.091587 0.000055 0.085042
1 1 0.368391 0.414272 0.070206 0.000035 0.147096
1 1 0.084883 0.567338 0.288837 0.000149 0.058793
1 2 0.038453 0.586376 0.334150 0.000391 0.040630
1 2 0.117798 0.452633 0.407145 0.000222 0.022202
1 2 0.102535 0.578724 0.279258 0.000179 0.039303
1 2 0.137936 0.525132 0.299799 0.000144 0.036989
1 2 0.147919 0.586466 0.249848 0.000104 0.015663
1 2 0.229263 0.496298 0.254757 0.000248 0.019434
1 2 0.222857 0.458846 0.299750 0.000077 0.018469
2 2 0.114799 0.307822 0.568483 0.000218 0.008677
1 2 0.197574 0.432359 0.353445 0.000323 0.016298
2 2 0.150716 0.242635 0.590633 0.001720 0.014297
1 2 0.338197 0.464235 0.175744 0.000221 0.021603
2 2 0.186147 0.274226 0.529923 0.000337 0.009367
2 2 0.309274 0.298969 0.369606 0.001938 0.020214
2 2 0.246862 0.327443 0.411058 0.000760 0.013876
1 2 0.206445 0.470843 0.306162 0.000215 0.016335
1 2 0.178565 0.483783 0.321936 0.000172 0.015543
1 2 0.168462 0.439921 0.381481 0.000083 0.010051
2 2 0.047685 0.361055 0.575499 0.000326 0.015436
2 2 0.005097 0.182855 0.802085 0.000319 0.009644
2 2 0.002269 0.022499 0.974220 0.000311 0.000701
2 2 0.000292 0.010506 0.988148 0.000495 0.000558
2 2 0.012561 0.049816 0.935457 0.000686 0.001479
2 2 0.000038 0.011104 0.986826 0.000766 0.001266
2 2 0.000023 0.005797 0.992392 0.001328 0.000459
2 2 0.000003 0.002265 0.996584 0.000620 0.000529
2 2 0.000013 0.005309 0.993053 0.000807 0.000818
2 2 0.000003 0.001712 0.996439 0.001704 0.000142
2 2 0.000012 0.002077 0.995133 0.001457 0.001320
2 2 0.000022 0.002453 0.995890 0.001432 0.000203
2 2 0.000039 0.001792 0.996289 0.001708 0.000172
2 2 0.000039 0.007983 0.987403 0.003304 0.001272
2 2 0.000153 0.003129 0.994085 0.002138 0.000495
2 2 0.000031 0.006555 0.990211 0.002144 0.001060
2 2 0.000035 0.002519 0.990075 0.007259 0.000112
2 2 0.000995 0.044355 0.947707 0.001979 0.004964
2 2 0.000025 0.006303 0.990649 0.001874 0.001150
2 2 0.000005 0.001625 0.996018 0.002035 0.000317
2 2 0.000020 0.003449 0.990079 0.004965 0.001487
2 2 0.000013 0.002835 0.992939 0.003399 0.000814
2 2 0.005542 0.029764 0.955830 0.003861 0.005002
