0 0 0.923546 0.031518 0.022313 0.004641 0.017983
0 0 0.922213 0.024518 0.020749 0.000709 0.031810
0 0 0.873685 0.040691 0.012477 0.000045 0.073101
0 0 0.971520 0.015135 0.008060 0.000459 0.004827
0 0 0.938890 0.036143 0.016036 0.000445 0.008486
0 0 0.982122 0.009015 0.005094 0.000354 0.003415
0 0 0.979565 0.005660 0.002263 0.000023 0.012489
0 0 0.985851 0.006077 0.003044 0.000103 0.004926
0 0 0.981205 0.009912 0.004528 0.000116 0.004240
0 0 0.882460 0.082706 0.024984 0.000141 0.009709
0 0 0.936545 0.032410 0.021664 0.000715 0.008667
0 0 0.987533 0.004108 0.001587 0.000011 0.006761
0 0 0.974386 0.009295 0.004543 0.000133 0.011643
0 0 0.968013 0.020498 0.007849 0.000110 0.003530
0 0 0.986717 0.004773 0.002064 0.000032 0.006415
0 0 0.884686 0.013142 0.006307 0.000025 0.095840
0 0 0.984025 0.007248 0.003939 0.000206 0.004582
0 0 0.952022 0.025384 0.015049 0.000876 0.006670
0 0 0.899845 0.070330 0.021491 0.000123 0.008210
0 0 0.939402 0.037766 0.015190 0.000277 0.007365
0 0 0.913936 0.053525 0.024128 0.000418 0.007993
0 0 0.843919 0.106456 0.034693 0.000279 0.014653
0 0 0.917995 0.059741 0.016438 0.000060 0.005766
0 0 0.960669 0.025124 0.009661 0.000140 0.004405
0 0 0.690169 0.234470 0.058053 0.000106 0.017201
0 0 0.530278 0.156082 0.089165 0.000121 0.224354
0 1 0.430522 0.359663 0.144197 0.000585 0.065032
0 1 0.450468 0.302753 0.104412 0.000164 0.142203
1 1 0.143837 0.463567 0.179889 0.000477 0.212230
1 2 0.119866 0.464064 0.201690 0.000163 0.214218
4 2 0.117036 0.350209 0.153841 0.001284 0.377630
1 2 0.088499 0.408246 0.267805 0.003353 0.232098
1 2 0.108516 0.379191 0.277984 0.000194 0.234115
1 1 0.342587 0.467680 0.121656 0.000190 0.067887
1 2 0.035582 0.486246 0.301500 0.001898 0.174774
2 2 0.030964 0.315377 0.429937 0.001782 0.221941
2 2 0.003969 0.151979 0.535478 0.002128 0.306446
2 2 0.031306 0.342837 0.432030 0.004406 0.189421
2 2 0.006817 0.233673 0.606098 0.003246 0.150165
2 2 0.004302 0.072097 0.808790 0.001220 0.113591
1 2 0.341268 0.460248 0.153968 0.000204 0.044313
2 2 0.025861 0.317905 0.412625 0.002958 0.240651
2 2 0.004299 0.059675 0.902212 0.011306 0.022508
2 2 0.000148 0.006152 0.978383 0.001147 0.014171
2 2 0.003608 0.045027 0.940448 0.001481 0.009436
2 2 0.000196 0.010866 0.976180 0.002981 0.009777
2 2 0.000166 0.003961 0.984809 0.002509 0.008554
2 2 0.000567 0.010027 0.956577 0.003430 0.029399
2 2 0.000991 0.014756 0.924575 0.020503 0.039175
2 2 0.000186 0.003068 0.969022 0.017003 0.010722
2 2 0.001200 0.006815 0.957711 0.022903 0.011371
2 2 0.000555 0.006643 0.973652 0.011727 0.007423
2 2 0.000339 0.005631 0.982785 0.008976 0.002268
2 2 0.004297 0.030338 0.892816 0.036757 0.035792
2 2 0.000721 0.003707 0.973855 0.020852 0.000865
2 2 0.001331 0.007663 0.915617 0.072724 0.002665
2 2 0.000110 0.001049 0.978290 0.020349 0.000201
2 2 0.000664 0.004761 0.868683 0.121385 0.004507
2 2 0.000541 0.002967 0.882391 0.113638 0.000463
2 2 0.000224 0.001408 0.804588 0.193038 0.000742
2 2 0.000053 0.001312 0.914344 0.083282 0.001009
2 2 0.000732 0.002273 0.827336 0.168260 0.001400
2 2 0.000998 0.004525 0.545453 0.445398 0.003625
2 3 0.000150 0.001155 0.847616 0.150779 0.000300
2 3 0.003978 0.007657 0.599910 0.382878 0.005577
2 3 0.000218 0.002169 0.931548 0.056167 0.009899
2 3 0.000383 0.006712 0.753463 0.229785 0.009657
3 3 0.000105 0.001576 0.496660 0.500394 0.001264
3 3 0.000175 0.001767 0.342329 0.655221 0.000508
3 3 0.000300 0.002325 0.183229 0.812600 0.001545
3 3 0.000055 0.000766 0.438744 0.560284 0.000152
2 3 0.000227 0.004373 0.659032 0.334326 0.002041
3 3 0.000254 0.003418 0.254504 0.735729 0.006096
3 3 0.000071 0.001236 0.058212 0.939287 0.001194
3 3 0.000139 0.001437 0.300835 0.696858 0.000730
3 3 0.000565 0.008095 0.189431 0.777069 0.024840
3 3 0.000003 0.000276 0.188507 0.811161 0.000052
3 3 0.000062 0.000483 0.088159 0.911245 0.000051
3 3 0.000028 0.000416 0.147729 0.851757 0.000070
3 3 0.000013 0.000165 0.058720 0.941086 0.000016
3 3 0.000048 0.000757 0.053912 0.944994 0.000288
3 3 0.000643 0.005718 0.092081 0.892153 0.009405
3 3 0.000066 0.000902 0.031441 0.967293 0.000298
3 3 0.000017 0.000607 0.066013 0.932767 0.000597
3 3 0.000085 0.000191 0.033083 0.966626 0.000015
3 3 0.001474 0.005792 0.045532 0.943069 0.004134
3 3 0.001247 0.007325 0.076882 0.905235 0.009312
2 2 0.091807 0.145242 0.514221 0.162253 0.086478
2 2 0.003787 0.057289 0.630817 0.177687 0.130420
2 2 0.065399 0.133447 0.717423 0.034848 0.048884
2 2 0.042253 0.104484 0.506042 0.015021 0.332199
2 2 0.003524 0.081820 0.644986 0.052438 0.217232
2 2 0.017343 0.089880 0.791999 0.049960 0.050817
2 2 0.015943 0.136342 0.629790 0.036128 0.181798
0 0 0.804024 0.126446 0.056427 0.000613 0.012490
0 0 0.751858 0.196874 0.039911 0.000044 0.011314
0 0 0.691185 0.222010 0.060062 0.000226 0.026517
0 0 0.836084 0.101149 0.051510 0.000200 0.011058
0 1 0.735988 0.179210 0.065881 0.000500 0.018421
2 1 0.120799 0.335010 0.467596 0.017320 0.059275
2 2 0.028270 0.257617 0.503030 0.033147 0.177937
2 2 0.018859 0.172442 0.694701 0.005922 0.108076
4 2 0.098555 0.317993 0.156151 0.000581 0.426720
2 2 0.009887 0.260930 0.654802 0.008578 0.065804
2 2 0.002625 0.102439 0.707609 0.004305 0.183021
1 2 0.082491 0.357456 0.323441 0.002011 0.234600
2 2 0.034712 0.166527 0.628177 0.020891 0.149692
2 2 0.001076 0.020402 0.936254 0.008723 0.033546
4 2 0.024240 0.259329 0.254142 0.001558 0.460730
0 1 0.531837 0.351756 0.085975 0.000228 0.030204
0 1 0.498229 0.319887 0.138817 0.000855 0.042212
0 1 0.646395 0.267546 0.064209 0.000151 0.021698
1 2 0.130808 0.501412 0.263724 0.000437 0.103619
0 1 0.719238 0.231342 0.041675 0.000012 0.007733
1 2 0.027654 0.447022 0.337031 0.001599 0.186694
2 2 0.008288 0.089433 0.792954 0.021308 0.088017
2 2 0.021508 0.210605 0.607373 0.008722 0.151792
2 2 0.000979 0.025441 0.943649 0.005203 0.024728
2 2 0.004419 0.058566 0.817266 0.031589 0.088160
2 2 0.000156 0.014095 0.969322 0.001404 0.015022
2 2 0.000764 0.036868 0.933308 0.018300 0.010759
2 2 0.000563 0.017628 0.973813 0.004205 0.003792
2 2 0.001056 0.039537 0.921409 0.008296 0.029702
2 2 0.000005 0.000597 0.996292 0.002898 0.000209
2 2 0.001713 0.051765 0.905640 0.013295 0.027587
2 2 0.000294 0.019087 0.924977 0.035599 0.020043
2 2 0.004259 0.033617 0.924506 0.005160 0.032458
2 1 0.224883 0.213968 0.495841 0.012110 0.053199
1 1 0.370658 0.389326 0.190015 0.000981 0.049021
2 2 0.097581 0.314956 0.433283 0.001266 0.152914
2 2 0.023281 0.133436 0.724979 0.063007 0.055296
1 2 0.306314 0.499486 0.155710 0.000275 0.038215
1 2 0.190640 0.479401 0.254909 0.001289 0.073761
2 2 0.009009 0.110072 0.764516 0.003371 0.113032
2 2 0.008751 0.085771 0.837858 0.003576 0.064044
1 2 0.257927 0.421308 0.272210 0.000228 0.048328
1 2 0.112373 0.557707 0.273235 0.000762 0.055923
1 2 0.206515 0.469542 0.227921 0.000438 0.095584
1 2 0.230603 0.457418 0.223996 0.000411 0.087570
2 2 0.004433 0.117194 0.787791 0.006874 0.083709
2 2 0.008017 0.111414 0.751154 0.001839 0.127576
2 2 0.001027 0.064002 0.884565 0.014436 0.035969
2 2 0.000079 0.001514 0.989727 0.008223 0.000457
2 2 0.000017 0.002958 0.984726 0.008384 0.003915
2 2 0.000019 0.001487 0.995457 0.000906 0.002130
2 2 0.002765 0.010665 0.959446 0.024083 0.003041
2 2 0.000226 0.004929 0.968249 0.024388 0.002208
2 2 0.000307 0.010732 0.966116 0.017649 0.005196
2 2 0.000164 0.002001 0.985881 0.011537 0.000417
2 2 0.000154 0.005452 0.982296 0.008132 0.003965
2 2 0.000011 0.000561 0.983786 0.015480 0.000162
2 2 0.000014 0.000929 0.993186 0.005649 0.000222
2 2 0.000989 0.014056 0.964314 0.015861 0.004781
2 2 0.000085 0.000893 0.938960 0.059727 0.000335
2 2 0.000451 0.002438 0.978204 0.018435 0.000473
2 2 0.000946 0.009838 0.878429 0.097227 0.013561
2 2 0.000037 0.000752 0.991612 0.007100 0.000499
2 2 0.000028 0.000900 0.965741 0.033109 0.000221
2 2 0.000059 0.001613 0.913235 0.082954 0.002140
2 2 0.000071 0.003549 0.793735 0.200418 0.002227
2 2 0.001954 0.007359 0.934980 0.046087 0.009621
2 2 0.000088 0.002437 0.790356 0.206231 0.000889
2 3 0.000222 0.002024 0.846679 0.149016 0.002060
2 3 0.000565 0.004614 0.903087 0.090034 0.001700
2 3 0.000120 0.002055 0.800249 0.194163 0.003412
2 3 0.000103 0.002494 0.662501 0.331234 0.003668
2 3 0.000323 0.002747 0.645062 0.347871 0.003997
3 3 0.000415 0.005044 0.259925 0.726673 0.007942
3 3 0.000084 0.001292 0.241604 0.756189 0.000830
3 3 0.000394 0.002078 0.115581 0.881011 0.000936
3 3 0.000387 0.002702 0.171841 0.822987 0.002083
3 3 0.000089 0.001167 0.144559 0.853244 0.000940
3 3 0.000154 0.001318 0.055744 0.942270 0.000514
3 3 0.000261 0.003313 0.095304 0.899037 0.002084
3 3 0.000127 0.002636 0.136121 0.857462 0.003654
3 3 0.000010 0.000140 0.055292 0.944549 0.000009
3 3 0.000239 0.002331 0.051219 0.943882 0.002329
3 3 0.000014 0.000446 0.101326 0.897974 0.000240
3 3 0.000072 0.000799 0.040447 0.958299 0.000384
3 3 0.000218 0.002138 0.043892 0.951239 0.002513
3 3 0.000030 0.000701 0.050995 0.947677 0.000597
3 3 0.000082 0.000509 0.009487 0.989754 0.000169
3 3 0.000249 0.001159 0.014891 0.983304 0.000398
3 3 0.000215 0.001018 0.054650 0.943884 0.000233
3 3 0.000090 0.001104 0.053594 0.944354 0.000857
3 3 0.000251 0.001767 0.026407 0.970028 0.001547
3 3 0.000039 0.000266 0.006066 0.993562 0.000068
3 3 0.132831 0.098744 0.209135 0.468155 0.091135
3 3 0.000865 0.018121 0.442373 0.530406 0.008234
2 2 0.183108 0.164467 0.528841 0.093747 0.029838
1 2 0.255020 0.361552 0.327033 0.005735 0.050661
2 2 0.015042 0.172220 0.550520 0.065890 0.196328
2 2 0.005575 0.100699 0.675304 0.065178 0.153244
2 2 0.002539 0.055437 0.596386 0.089013 0.256625
2 2 0.000582 0.033368 0.848352 0.083439 0.034259
2 2 0.000569 0.014322 0.714245 0.235369 0.035495
2 2 0.000194 0.011165 0.945422 0.014366 0.028852
2 2 0.000262 0.005604 0.972293 0.005952 0.015889
2 2 0.000004 0.001668 0.967553 0.028012 0.002762
2 2 0.000098 0.002455 0.971800 0.022462 0.003184
2 2 0.000415 0.004505 0.976241 0.007352 0.011487
2 2 0.000174 0.015338 0.858904 0.100934 0.024650
2 2 0.000165 0.010561 0.738749 0.242768 0.007757
2 2 0.000034 0.001668 0.987610 0.007920 0.002768
2 2 0.000019 0.001732 0.970547 0.022621 0.005082
2 2 0.000017 0.001718 0.974483 0.022719 0.001064
2 2 0.000025 0.003055 0.757039 0.237714 0.002168
2 2 0.000343 0.005507 0.950998 0.030303 0.012850
2 2 0.000063 0.001194 0.784293 0.214039 0.000412
2 3 0.000625 0.004214 0.599937 0.392019 0.003206
2 3 0.000028 0.000674 0.947312 0.051474 0.000512
2 3 0.000819 0.007458 0.561321 0.419495 0.010908
2 3 0.000012 0.000916 0.931912 0.066198 0.000962
2 3 0.000125 0.003533 0.623170 0.368018 0.005153
2 3 0.000064 0.002426 0.591658 0.401887 0.003965
3 3 0.000045 0.001056 0.441116 0.557136 0.000647
2 3 0.000230 0.004229 0.749591 0.236569 0.009381
3 3 0.000106 0.001169 0.240378 0.758082 0.000264
3 3 0.000397 0.004666 0.124986 0.864493 0.005458
3 3 0.000205 0.003887 0.263505 0.726930 0.005472
3 3 0.000105 0.002480 0.399967 0.593876 0.003572
3 3 0.000469 0.005705 0.151554 0.834604 0.007668
3 3 0.000039 0.000849 0.076672 0.922207 0.000233
3 3 0.003079 0.011280 0.399761 0.572257 0.013623
3 3 0.005030 0.026899 0.211537 0.700954 0.055580
3 3 0.000141 0.000966 0.103278 0.895223 0.000392
3 3 0.000061 0.000512 0.014190 0.985069 0.000168
3 3 0.000486 0.007117 0.274620 0.702164 0.015614
3 3 0.000514 0.002609 0.032679 0.962890 0.001309
3 3 0.054521 0.051218 0.226485 0.657305 0.010471
2 2 0.025430 0.042517 0.501185 0.399686 0.031181
2 2 0.001604 0.023118 0.652702 0.307532 0.015044
2 2 0.001055 0.031174 0.837900 0.079847 0.050024
2 2 0.002202 0.012021 0.868390 0.114613 0.002774
2 2 0.000030 0.001019 0.833626 0.165202 0.000122
2 2 0.000670 0.007400 0.939165 0.049784 0.002981
2 2 0.000060 0.002992 0.985803 0.006333 0.004812
2 2 0.001831 0.036288 0.740972 0.187090 0.033819
2 2 0.000405 0.003296 0.885249 0.110587 0.000463
2 2 0.000054 0.003470 0.812842 0.178962 0.004672
2 2 0.000208 0.002796 0.925498 0.070809 0.000689
2 2 0.000090 0.002931 0.966617 0.028618 0.001743
2 2 0.000595 0.005853 0.940539 0.047226 0.005787
2 2 0.000176 0.002756 0.919753 0.076211 0.001104
2 2 0.000356 0.003900 0.581247 0.414092 0.000405
2 2 0.000014 0.000817 0.992362 0.006043 0.000765
2 2 0.000399 0.007356 0.864026 0.125288 0.002931
2 2 0.000234 0.001945 0.915165 0.082541 0.000116
2 2 0.001547 0.013805 0.928914 0.044324 0.011410
2 2 0.001169 0.006775 0.916341 0.073108 0.002607
2 2 0.000153 0.001106 0.906023 0.092386 0.000332
2 2 0.000097 0.004986 0.972543 0.015007 0.007368
2 2 0.001447 0.020455 0.891349 0.005703 0.081046
4 2 0.004623 0.051344 0.199521 0.001989 0.742523
4 2 0.007322 0.124148 0.355688 0.002345 0.510496
4 2 0.002220 0.049077 0.280907 0.000924 0.666872
4 2 0.036033 0.224331 0.353616 0.000309 0.385711
4 2 0.006810 0.150478 0.173880 0.000094 0.668738
4 2 0.016250 0.187138 0.152508 0.000464 0.643640
4 4 0.005231 0.021000 0.037066 0.000410 0.936293
4 4 0.013110 0.026272 0.019942 0.001152 0.939525
4 4 0.019705 0.029088 0.015747 0.000671 0.934789
4 4 0.009308 0.042129 0.030356 0.000200 0.918007
4 4 0.007800 0.106925 0.198051 0.000545 0.686680
4 4 0.025617 0.251026 0.225137 0.000984 0.497236
4 2 0.029991 0.178120 0.224221 0.000054 0.567613
2 2 0.000352 0.024621 0.796841 0.011987 0.166199
2 2 0.003109 0.075960 0.499691 0.000790 0.420450
4 2 0.002681 0.056929 0.151133 0.000196 0.789062
4 2 0.012114 0.095390 0.115950 0.000638 0.775908
4 4 0.005151 0.014156 0.012841 0.000147 0.967705
4 4 0.028555 0.052389 0.026832 0.001007 0.891216
4 4 0.026976 0.059586 0.036023 0.001137 0.876276
4 4 0.007266 0.168337 0.160984 0.000056 0.663358
4 4 0.011790 0.287157 0.286789 0.000358 0.413905
2 2 0.064613 0.351996 0.423084 0.000256 0.160051
2 2 0.024026 0.233303 0.490660 0.002586 0.249425
2 2 0.000290 0.030226 0.827685 0.000801 0.140999
2 2 0.000818 0.049330 0.890169 0.000198 0.059485
2 2 0.009803 0.055787 0.903730 0.011316 0.019364
2 2 0.000180 0.007885 0.978124 0.001963 0.011847
2 2 0.000237 0.008106 0.962734 0.000763 0.028160
2 2 0.000104 0.006274 0.977395 0.001626 0.014601
2 2 0.000215 0.012389 0.931903 0.000496 0.054997
2 2 0.000096 0.005210 0.957507 0.001709 0.035478
2 2 0.000828 0.008415 0.955492 0.026022 0.009243
2 2 0.000144 0.008828 0.943817 0.022851 0.024361
2 2 0.000069 0.004312 0.966446 0.000762 0.028412
2 2 0.000007 0.000473 0.994126 0.004177 0.001218
2 2 0.000395 0.006577 0.948487 0.004426 0.040116
2 2 0.000012 0.001651 0.992200 0.002462 0.003675
2 2 0.000010 0.000738 0.974182 0.023046 0.002025
2 2 0.000416 0.006070 0.931326 0.043980 0.018208
2 2 0.000020 0.000975 0.948087 0.048120 0.002798
2 2 0.000011 0.000978 0.993877 0.002701 0.002434
2 2 0.000104 0.003098 0.945586 0.024903 0.026309
2 2 0.000467 0.007546 0.928361 0.050841 0.012786
2 2 0.000036 0.002724 0.865679 0.126595 0.004966
2 2 0.000090 0.003183 0.918762 0.067217 0.010749
2 2 0.000272 0.011271 0.643262 0.340988 0.004207
2 2 0.000402 0.007053 0.757720 0.222365 0.012460
2 2 0.000019 0.001504 0.966100 0.027622 0.004756
2 2 0.000067 0.001264 0.959100 0.036259 0.003309
2 2 0.000037 0.000889 0.941608 0.055212 0.002254
2 2 0.000606 0.006493 0.874157 0.097667 0.021078
2 2 0.000940 0.005914 0.643209 0.341212 0.008725
2 2 0.001192 0.019347 0.828491 0.093801 0.057169
3 2 0.000023 0.000341 0.483033 0.516581 0.000022
2 2 0.004924 0.009429 0.801178 0.171381 0.013088
2 2 0.000640 0.003107 0.540612 0.453470 0.002172
2 2 0.000054 0.002200 0.527000 0.467962 0.002784
2 2 0.000210 0.001563 0.836129 0.161308 0.000790
3 3 0.000377 0.002848 0.405864 0.588857 0.002054
2 3 0.000262 0.005325 0.518462 0.460808 0.015142
3 3 0.000080 0.001450 0.297048 0.700871 0.000551
3 3 0.000068 0.000955 0.207484 0.790997 0.000496
3 3 0.000047 0.000606 0.037979 0.961091 0.000277
3 3 0.000047 0.000674 0.047438 0.951506 0.000335
3 3 0.000972 0.005623 0.050925 0.939924 0.002556
3 3 0.000044 0.001105 0.137666 0.859892 0.001293
3 3 0.002507 0.013005 0.092767 0.876061 0.015661
3 3 0.000037 0.000444 0.038531 0.960817 0.000171
3 3 0.000383 0.002408 0.035912 0.960498 0.000799
3 3 0.000063 0.000692 0.090834 0.908106 0.000305
3 3 0.000011 0.000227 0.024657 0.975025 0.000080
3 3 0.000011 0.000204 0.022323 0.977398 0.000064
3 3 0.000083 0.000483 0.008730 0.990566 0.000139
3 3 0.000009 0.000161 0.028091 0.971697 0.000042
3 3 0.000026 0.000730 0.099650 0.899414 0.000180
3 3 0.000028 0.000580 0.039251 0.959741 0.000399
3 3 0.000814 0.004527 0.046685 0.943086 0.004888
3 3 0.000050 0.000467 0.017729 0.981629 0.000125
3 3 0.000092 0.000524 0.009178 0.990053 0.000153
2 2 0.161669 0.093196 0.398587 0.326471 0.020077
2 2 0.002667 0.050793 0.586577 0.301034 0.058929
2 2 0.001600 0.012833 0.724266 0.254727 0.006575
2 2 0.000498 0.006365 0.900360 0.087679 0.005098
2 2 0.000506 0.005221 0.930242 0.060761 0.003269
2 2 0.000175 0.004599 0.888431 0.099873 0.006922
2 2 0.000337 0.007724 0.822347 0.144577 0.025015
3 2 0.000912 0.008449 0.412268 0.568927 0.009444
3 2 0.000038 0.001490 0.320945 0.676693 0.000834
2 3 0.000134 0.003787 0.693010 0.300975 0.002094
3 3 0.000051 0.001807 0.312388 0.684055 0.001700
2 3 0.000428 0.005390 0.550968 0.441292 0.001922
3 3 0.000461 0.008425 0.296450 0.687611 0.007052
3 3 0.000073 0.000999 0.318658 0.679673 0.000597
3 3 0.001091 0.003390 0.107341 0.886542 0.001636
3 3 0.000251 0.002871 0.055335 0.940332 0.001211
3 3 0.000019 0.000958 0.239982 0.758802 0.000240
3 3 0.000179 0.005323 0.476644 0.512090 0.005763
2 3 0.000063 0.006246 0.755431 0.226457 0.011803
2 3 0.002290 0.006938 0.571966 0.413384 0.005423
3 3 0.000769 0.004466 0.408501 0.585034 0.001230
3 3 0.000327 0.005016 0.379178 0.609378 0.006102
3 3 0.000576 0.006666 0.369419 0.615637 0.007701
2 3 0.000285 0.005165 0.573915 0.408957 0.011677
2 3 0.000050 0.001891 0.561361 0.433369 0.003329
3 3 0.000196 0.003049 0.130390 0.863612 0.002753
3 3 0.000235 0.003752 0.160207 0.829983 0.005824
3 3 0.000036 0.001014 0.140656 0.857390 0.000905
3 3 0.000220 0.003683 0.145953 0.845063 0.005081
3 3 0.000260 0.001284 0.017816 0.980192 0.000447
3 3 0.000308 0.002479 0.046375 0.948837 0.002000
3 3 0.000032 0.001202 0.115249 0.881270 0.002246
3 3 0.000023 0.000273 0.012240 0.987382 0.000081
3 3 0.000180 0.001625 0.063865 0.933670 0.000660
3 3 0.000274 0.002133 0.034012 0.961356 0.002226
3 3 0.000045 0.000333 0.008498 0.991037 0.000088
3 3 0.000446 0.001976 0.021663 0.975045 0.000871
3 3 0.000032 0.000410 0.030164 0.969315 0.000080
3 3 0.251640 0.038747 0.152072 0.547140 0.010401
3 3 0.001295 0.009507 0.148863 0.835899 0.004435
3 3 0.003775 0.044322 0.364428 0.546243 0.041232
2 3 0.037591 0.128172 0.627040 0.126884 0.080313
2 3 0.009334 0.026424 0.756192 0.188165 0.019885
2 3 0.005574 0.019020 0.794518 0.177272 0.003617
2 3 0.005716 0.051154 0.797148 0.126655 0.019328
2 3 0.003242 0.013868 0.944664 0.036801 0.001424
2 3 0.000038 0.001044 0.992495 0.006168 0.000255
2 3 0.000337 0.010789 0.956241 0.029671 0.002961
2 2 0.008766 0.028720 0.823089 0.114922 0.024503
2 2 0.000224 0.004391 0.876814 0.117932 0.000638
2 2 0.000999 0.005705 0.863134 0.129719 0.000443
2 2 0.000926 0.005831 0.788628 0.203121 0.001494
2 2 0.000051 0.003777 0.914417 0.078950 0.002806
2 2 0.000115 0.003002 0.625440 0.370985 0.000458
2 2 0.000713 0.007121 0.718547 0.271539 0.002080
2 2 0.000556 0.010801 0.519157 0.459023 0.010464
3 3 0.000998 0.015073 0.322508 0.648041 0.013380
2 3 0.000534 0.010628 0.905156 0.074474 0.009208
2 3 0.000200 0.005519 0.587163 0.401171 0.005947
3 3 0.000110 0.002054 0.412755 0.584623 0.000458
3 3 0.000047 0.002473 0.244243 0.752508 0.000728
3 3 0.000529 0.005945 0.233611 0.755991 0.003924
2 3 0.001592 0.009284 0.520592 0.464177 0.004355
3 3 0.000519 0.006011 0.174200 0.816541 0.002730
3 3 0.000087 0.001650 0.154284 0.843509 0.000470
3 3 0.000172 0.001687 0.110316 0.887543 0.000281
3 3 0.000399 0.001967 0.163168 0.834155 0.000311
3 2 0.018231 0.025958 0.267212 0.682528 0.006070
3 2 0.001469 0.019668 0.341804 0.626592 0.010467
2 2 0.002590 0.012521 0.802566 0.174130 0.008192
2 2 0.009807 0.028092 0.550970 0.381556 0.029575
2 2 0.000116 0.001849 0.901686 0.094966 0.001384
2 2 0.000137 0.008719 0.581462 0.407349 0.002332
2 3 0.000329 0.004797 0.568664 0.423664 0.002547
2 3 0.000329 0.007003 0.585174 0.392627 0.014868
2 3 0.000393 0.002992 0.683792 0.309956 0.002867
2 3 0.000264 0.003148 0.798908 0.189883 0.007797
3 3 0.000115 0.003043 0.456803 0.537014 0.003025
3 3 0.000581 0.003800 0.275593 0.718855 0.001171
3 3 0.000293 0.005347 0.247275 0.738249 0.008836
2 3 0.000070 0.001697 0.740986 0.255538 0.001709
3 3 0.000825 0.003647 0.284472 0.709280 0.001776
3 3 0.000011 0.001269 0.355966 0.642272 0.000481
3 3 0.000099 0.000861 0.185041 0.813805 0.000194
3 3 0.000074 0.000730 0.131031 0.867932 0.000233
2 3 0.000335 0.008890 0.609778 0.332901 0.048096
3 3 0.000383 0.002684 0.369032 0.626344 0.001558
3 3 0.001248 0.008762 0.096975 0.887274 0.005741
3 3 0.000042 0.000725 0.087782 0.911088 0.000364
3 3 0.000119 0.001901 0.175267 0.821394 0.001318
3 3 0.000108 0.003090 0.176817 0.816998 0.002987
3 3 0.000174 0.005101 0.477371 0.499731 0.017623
3 3 0.000088 0.001096 0.181043 0.817371 0.000402
3 3 0.000021 0.000309 0.033130 0.966456 0.000083
3 3 0.000241 0.001960 0.047136 0.949846 0.000817
3 3 0.000078 0.000862 0.091641 0.907186 0.000233
3 2 0.163565 0.039259 0.289474 0.500377 0.007324
0 2 0.592730 0.049138 0.229475 0.108848 0.019809
2 1 0.303072 0.097622 0.500191 0.087444 0.011671
2 2 0.006009 0.071798 0.738585 0.025232 0.158375
2 2 0.001399 0.004600 0.981750 0.011633 0.000617
2 2 0.000741 0.005988 0.901531 0.090549 0.001191
2 2 0.000222 0.002937 0.947455 0.048713 0.000674
2 2 0.000367 0.004969 0.830491 0.162347 0.001826
2 2 0.001625 0.033893 0.844058 0.051324 0.069100
4 2 0.015829 0.047697 0.439027 0.016050 0.481395
4 2 0.003400 0.067616 0.363275 0.005898 0.559811
4 2 0.006498 0.058886 0.046258 0.000126 0.888232
4 2 0.005616 0.039009 0.051685 0.000464 0.903226
4 2 0.001298 0.048599 0.295977 0.000702 0.653425
4 2 0.004128 0.023192 0.064929 0.001707 0.906045
4 4 0.016885 0.039505 0.044357 0.002326 0.896927
4 4 0.008510 0.034569 0.020246 0.000126 0.936549
2 4 0.034876 0.198666 0.454863 0.000232 0.311362
4 4 0.006867 0.028726 0.038952 0.000391 0.925064
4 4 0.006354 0.035933 0.067591 0.000833 0.889290
4 4 0.015135 0.068472 0.053106 0.000507 0.862781
4 4 0.009679 0.030580 0.025184 0.000318 0.934238
4 4 0.002079 0.028942 0.176082 0.001783 0.791114
4 4 0.013579 0.021252 0.010886 0.000326 0.953956
4 4 0.024099 0.209141 0.216628 0.001648 0.548484
4 4 0.008868 0.064280 0.074073 0.000352 0.852428
4 4 0.006808 0.129842 0.142557 0.000147 0.720646
4 4 0.004584 0.152291 0.276793 0.000061 0.566271
4 2 0.008453 0.076103 0.416482 0.001019 0.497943
4 2 0.004065 0.100036 0.355907 0.002400 0.537591
4 2 0.003844 0.066659 0.098060 0.000097 0.831340
4 2 0.002662 0.098508 0.121383 0.000034 0.777413
4 2 0.010061 0.156891 0.263113 0.000301 0.569635
4 2 0.015845 0.234146 0.258481 0.000174 0.491354
4 2 0.014617 0.149859 0.122452 0.000421 0.712651
4 2 0.003930 0.223008 0.305069 0.000069 0.467924
2 2 0.001506 0.068217 0.529017 0.003320 0.397940
4 2 0.027900 0.077260 0.099781 0.005835 0.789224
2 2 0.008752 0.118616 0.513130 0.000472 0.359030
4 2 0.003949 0.047686 0.376162 0.000415 0.571788
4 2 0.006833 0.064910 0.031284 0.000043 0.896931
4 2 0.007984 0.117546 0.234323 0.000174 0.639973
4 2 0.008430 0.096434 0.124968 0.000182 0.769986
4 2 0.002430 0.079703 0.340951 0.000338 0.576578
4 2 0.006782 0.247734 0.260623 0.000124 0.484737
4 2 0.005924 0.134011 0.371455 0.001241 0.487369
2 2 0.000431 0.032678 0.524514 0.000769 0.441608
4 2 0.001189 0.066517 0.310408 0.000189 0.621696
4 2 0.006176 0.154643 0.359444 0.000841 0.478896
4 2 0.007220 0.117028 0.354216 0.004284 0.517252
2 2 0.002241 0.057443 0.759383 0.016622 0.164311
2 2 0.001041 0.026048 0.904892 0.013516 0.054503
2 2 0.007064 0.064547 0.630284 0.001578 0.296527
4 2 0.004992 0.072350 0.280806 0.000402 0.641449
2 2 0.000148 0.006161 0.989643 0.000572 0.003475
2 2 0.000489 0.026073 0.922687 0.002093 0.048658
2 2 0.000278 0.009697 0.977791 0.001133 0.011100
2 2 0.001180 0.027164 0.951404 0.002165 0.018087
2 2 0.001140 0.032162 0.951523 0.006128 0.009047
2 2 0.000123 0.003934 0.994269 0.000184 0.001491
2 2 0.003630 0.019762 0.953438 0.015235 0.007936
2 2 0.000137 0.003223 0.962208 0.032709 0.001723
2 2 0.000490 0.007130 0.970695 0.000746 0.020939
2 2 0.001134 0.025345 0.910322 0.005790 0.057407
2 2 0.000270 0.004430 0.983997 0.002835 0.008467
2 2 0.000372 0.008023 0.977484 0.008547 0.005574
2 2 0.000216 0.005388 0.968278 0.021864 0.004253
2 2 0.001496 0.020412 0.929480 0.001952 0.046659
2 2 0.000237 0.003228 0.982067 0.011317 0.003151
2 2 0.001344 0.014220 0.950894 0.008124 0.025418
2 2 0.000221 0.003327 0.968658 0.026800 0.000995
2 2 0.000787 0.009842 0.951959 0.014101 0.023311
2 2 0.001446 0.012724 0.898033 0.063781 0.024016
2 2 0.000417 0.008862 0.978873 0.007565 0.004283
2 2 0.000455 0.009089 0.971690 0.012558 0.006208
2 2 0.000069 0.001078 0.979428 0.019053 0.000372
2 2 0.000938 0.006853 0.922354 0.052206 0.017649
2 2 0.002281 0.013246 0.852971 0.116355 0.015147
2 2 0.000032 0.001151 0.982799 0.015201 0.000817
2 2 0.000384 0.016249 0.725194 0.227900 0.030273
2 2 0.000084 0.002038 0.946576 0.048463 0.002839
2 2 0.004824 0.016813 0.912080 0.060876 0.005406
2 2 0.001819 0.023208 0.849970 0.120699 0.004304
2 2 0.001541 0.012478 0.878384 0.107206 0.000392
2 2 0.001429 0.010994 0.956665 0.027784 0.003127
2 2 0.000043 0.001085 0.992529 0.006162 0.000181
2 2 0.000016 0.000626 0.980204 0.018930 0.000224
2 2 0.000213 0.016212 0.905249 0.051107 0.027220
2 2 0.001233 0.011296 0.901398 0.064222 0.021852
2 2 0.000227 0.003915 0.972355 0.022480 0.001022
2 2 0.000040 0.001008 0.988739 0.009221 0.000992
2 2 0.000376 0.001463 0.953148 0.044884 0.000129
2 2 0.001214 0.007001 0.767138 0.223929 0.000718
2 2 0.000225 0.004729 0.938644 0.049151 0.007251
2 2 0.000118 0.000876 0.924506 0.072826 0.001674
2 2 0.001251 0.004753 0.935151 0.057615 0.001231
2 2 0.000100 0.001011 0.653482 0.345141 0.000266
2 2 0.000413 0.002519 0.849892 0.145494 0.001683
2 2 0.000241 0.001606 0.842920 0.154428 0.000805
3 2 0.000197 0.003974 0.418210 0.576347 0.001273
3 2 0.000238 0.001523 0.385126 0.612755 0.000358
3 3 0.000140 0.001783 0.406798 0.591074 0.000205
2 3 0.000960 0.021138 0.820831 0.146853 0.010218
2 3 0.000071 0.000356 0.568596 0.430972 0.000005
2 3 0.000068 0.000725 0.701497 0.297471 0.000238
2 3 0.000386 0.003916 0.538222 0.450600 0.006876
3 3 0.002592 0.012620 0.318520 0.662802 0.003465
3 3 0.000031 0.000403 0.290410 0.709124 0.000032
3 3 0.000089 0.000858 0.243016 0.755734 0.000303
3 3 0.000321 0.002270 0.076863 0.919394 0.001152
3 3 0.000093 0.002236 0.164627 0.830164 0.002880
3 3 0.000093 0.000721 0.162096 0.836911 0.000179
3 3 0.000054 0.000944 0.080250 0.918149 0.000603
3 3 0.000131 0.001014 0.023479 0.975046 0.000330
3 3 0.000064 0.000847 0.036672 0.962004 0.000414
3 3 0.000029 0.000443 0.024899 0.974475 0.000153
3 3 0.000020 0.000248 0.012710 0.986958 0.000065
3 3 0.000225 0.002005 0.044284 0.952081 0.001405
3 3 0.000579 0.002841 0.030407 0.964313 0.001859
3 3 0.000020 0.000272 0.031798 0.967823 0.000087
3 3 0.000073 0.001269 0.066512 0.931166 0.000979
3 3 0.002548 0.009997 0.064108 0.917321 0.006026
3 3 0.000042 0.000510 0.020968 0.978267 0.000213
3 3 0.000105 0.000579 0.009757 0.989386 0.000173
3 3 0.000017 0.000135 0.029469 0.970370 0.000010
3 3 0.000117 0.000634 0.010308 0.988748 0.000193
3 3 0.000040 0.000403 0.035116 0.964376 0.000065
3 3 0.000090 0.000562 0.032480 0.966808 0.000059
3 3 0.003055 0.015995 0.131873 0.844434 0.004644
3 2 0.004572 0.049873 0.433607 0.497889 0.014059
2 2 0.008736 0.045505 0.659214 0.255625 0.030921
2 2 0.012361 0.060937 0.832407 0.023143 0.071153
2 2 0.000072 0.009336 0.925732 0.034268 0.030592
2 2 0.000054 0.003333 0.958143 0.034586 0.003884
2 2 0.000429 0.012001 0.955215 0.025970 0.006386
2 2 0.000462 0.017118 0.945803 0.005410 0.031207
2 2 0.000409 0.015286 0.839209 0.030009 0.115087
2 2 0.000047 0.007836 0.906610 0.076249 0.009258
2 2 0.000253 0.005606 0.960118 0.027221 0.006802
2 2 0.000223 0.009445 0.966906 0.009769 0.013657
2 2 0.000063 0.005698 0.956589 0.034752 0.002898
2 2 0.000822 0.013640 0.914734 0.043285 0.027518
2 2 0.000042 0.002469 0.949928 0.038611 0.008951
2 2 0.000527 0.010508 0.881183 0.097538 0.010243
2 2 0.000328 0.006221 0.931601 0.055486 0.006365
2 2 0.000354 0.009752 0.924935 0.056993 0.007965
2 2 0.000219 0.003171 0.702028 0.283464 0.011118
2 2 0.000052 0.004620 0.762386 0.230057 0.002885
2 2 0.000220 0.003165 0.765965 0.223938 0.006712
2 2 0.000691 0.007612 0.889870 0.064580 0.037247
2 2 0.000024 0.001534 0.831653 0.165585 0.001203
2 2 0.000124 0.002951 0.599551 0.396284 0.001089
2 2 0.000838 0.004354 0.555598 0.437141 0.002068
2 2 0.000210 0.009806 0.623850 0.356115 0.010020
3 1 0.142269 0.035577 0.276909 0.539185 0.006060
0 1 0.928605 0.024357 0.028087 0.009993 0.008958
2 1 0.006944 0.078831 0.729837 0.099171 0.085218
2 2 0.091431 0.152145 0.705188 0.033024 0.018212
2 2 0.001171 0.012614 0.951743 0.027813 0.006659
2 2 0.009571 0.042753 0.876471 0.052009 0.019195
2 2 0.018451 0.060759 0.762154 0.144672 0.013964
2 2 0.000166 0.001961 0.992288 0.005016 0.000569
2 2 0.000454 0.006104 0.968221 0.023051 0.002170
2 2 0.000070 0.003671 0.967259 0.025231 0.003768
2 2 0.001120 0.015449 0.951764 0.017542 0.014125
2 2 0.000004 0.000720 0.995375 0.003501 0.000400
2 2 0.000037 0.002949 0.990381 0.002774 0.003858
2 2 0.000005 0.001072 0.991192 0.006725 0.001006
2 2 0.001654 0.018435 0.933586 0.028761 0.017564
2 2 0.000055 0.001324 0.983834 0.012878 0.001910
2 2 0.000043 0.005192 0.982331 0.006722 0.005713
2 2 0.000168 0.002338 0.979548 0.017190 0.000756
2 2 0.000999 0.009934 0.920165 0.059181 0.009721
2 2 0.003201 0.016343 0.850953 0.051775 0.077728
2 2 0.000554 0.006069 0.961817 0.019074 0.012487
2 2 0.000359 0.001027 0.883277 0.115277 0.000060
2 2 0.001145 0.012736 0.889480 0.025871 0.070769
2 2 0.001094 0.006765 0.809867 0.179343 0.002932
2 2 0.010137 0.041584 0.819003 0.126878 0.002397
2 2 0.008017 0.040857 0.930623 0.012299 0.008203
0 0 0.819628 0.063062 0.102639 0.008625 0.006046
0 1 0.533804 0.336639 0.106929 0.000139 0.022489
2 2 0.023523 0.076351 0.847723 0.048477 0.003926
2 2 0.001543 0.024021 0.950800 0.020642 0.002994
2 2 0.001240 0.014567 0.950039 0.032306 0.001847
2 2 0.000777 0.008990 0.969960 0.019866 0.000408
2 2 0.132162 0.191099 0.661875 0.003482 0.011382
2 2 0.002130 0.019399 0.962311 0.015596 0.000565
2 2 0.001054 0.005039 0.981147 0.012547 0.000213
2 2 0.111743 0.298047 0.576897 0.000885 0.012428
2 2 0.005106 0.052986 0.888008 0.050201 0.003700
2 2 0.002202 0.021759 0.954431 0.021215 0.000394
2 2 0.000099 0.001697 0.950712 0.047480 0.000012
2 2 0.000003 0.000706 0.997322 0.001782 0.000187
0 2 0.630150 0.164285 0.188122 0.001371 0.016072
0 0 0.916396 0.046799 0.022679 0.000944 0.013182
0 0 0.957586 0.023209 0.011765 0.000560 0.006878
0 0 0.797895 0.090128 0.028595 0.000147 0.083236
1 1 0.320040 0.493705 0.126361 0.000422 0.059472
0 1 0.951932 0.030019 0.010191 0.000079 0.007779
0 1 0.456013 0.422456 0.091891 0.000151 0.029490
0 0 0.952256 0.030079 0.011874 0.000196 0.005595
0 0 0.891922 0.075630 0.023205 0.000139 0.009104
1 1 0.351174 0.491621 0.133627 0.000078 0.023500
1 1 0.410879 0.438328 0.120747 0.000170 0.029876
0 0 0.942039 0.036016 0.014579 0.000272 0.007093
0 0 0.981301 0.008864 0.005349 0.000490 0.003996
0 0 0.936634 0.040033 0.016327 0.000260 0.006746
0 1 0.653894 0.263168 0.062139 0.000136 0.020662
1 1 0.062963 0.409612 0.374796 0.002248 0.150381
1 1 0.166935 0.557541 0.232369 0.000362 0.042794
2 2 0.052604 0.248896 0.639881 0.008259 0.050361
2 2 0.000165 0.022480 0.833719 0.007077 0.136559
4 2 0.005900 0.057289 0.171822 0.001488 0.763502
4 2 0.002126 0.040321 0.165484 0.000370 0.791699
4 2 0.010952 0.105549 0.143054 0.001594 0.738851
4 2 0.019271 0.043112 0.019341 0.000385 0.917891
4 2 0.010872 0.218022 0.135756 0.000119 0.635231
4 4 0.019017 0.031707 0.020695 0.001183 0.927397
4 4 0.016060 0.025170 0.015936 0.000366 0.942469
4 4 0.032886 0.026059 0.012493 0.000283 0.928279
4 4 0.014591 0.029233 0.023654 0.000774 0.931747
4 4 0.009477 0.016001 0.008051 0.000172 0.966298
4 4 0.010695 0.010712 0.004359 0.000040 0.974193
4 4 0.036633 0.021794 0.009602 0.000139 0.931832
4 4 0.017635 0.026912 0.015954 0.000536 0.938964
4 4 0.026114 0.023319 0.011096 0.000241 0.939231
4 4 0.025802 0.256218 0.334404 0.000379 0.383197
4 4 0.003277 0.090982 0.145987 0.000073 0.759681
4 4 0.052420 0.121215 0.058026 0.001913 0.766426
4 4 0.012399 0.030358 0.030629 0.000761 0.925853
4 4 0.010794 0.017344 0.008453 0.000205 0.963204
4 4 0.025358 0.043707 0.022696 0.000874 0.907365
4 4 0.136734 0.039555 0.018233 0.000346 0.805132
4 4 0.007714 0.019556 0.018235 0.000304 0.954191
4 4 0.026549 0.027532 0.016149 0.000382 0.929389
4 4 0.062525 0.055509 0.030765 0.000290 0.850912
4 4 0.005581 0.010790 0.005525 0.000072 0.978032
4 4 0.014839 0.017168 0.011438 0.000116 0.956440
4 4 0.043088 0.042233 0.022249 0.000869 0.891561
4 4 0.007612 0.026125 0.024923 0.000270 0.941069
4 4 0.010882 0.101946 0.059357 0.000131 0.827683
4 4 0.006566 0.090565 0.084860 0.000114 0.817894
4 4 0.006357 0.082338 0.184447 0.000150 0.726708
4 4 0.005122 0.049941 0.142743 0.001013 0.801181
4 4 0.010488 0.141221 0.113198 0.000195 0.734899
4 4 0.012752 0.069078 0.037976 0.000180 0.880014
4 4 0.002033 0.051892 0.194706 0.000224 0.751146
4 4 0.006426 0.069632 0.046145 0.000065 0.877732
4 4 0.015457 0.096864 0.044784 0.000183 0.842712
4 4 0.005275 0.060771 0.076475 0.000183 0.857297
4 4 0.009174 0.064497 0.086990 0.000744 0.838594
4 4 0.004450 0.027352 0.037304 0.000165 0.930729
4 4 0.012109 0.059358 0.047142 0.000398 0.880994
4 4 0.015806 0.078381 0.057131 0.000470 0.848212
4 4 0.012106 0.064654 0.028501 0.000120 0.894618
4 4 0.014929 0.025197 0.015302 0.000495 0.944077
4 4 0.008601 0.018732 0.014049 0.000264 0.958353
4 4 0.019464 0.037225 0.017917 0.000475 0.924920
4 4 0.008383 0.023746 0.022665 0.000344 0.944863
4 4 0.014204 0.021956 0.011215 0.000351 0.952275
4 4 0.007229 0.012282 0.005594 0.000094 0.974802
4 4 0.008195 0.018496 0.014460 0.000259 0.958590
4 4 0.008113 0.016363 0.007313 0.000100 0.968110
4 4 0.014110 0.021831 0.011139 0.000346 0.952573
4 4 0.015332 0.023443 0.012134 0.000408 0.948683
4 4 0.017466 0.225438 0.089192 0.000135 0.667769
4 4 0.015185 0.102477 0.029596 0.000075 0.852668
4 4 0.012782 0.039759 0.018097 0.000175 0.929187
4 4 0.011039 0.057069 0.058317 0.000467 0.873109
4 4 0.019831 0.031848 0.019877 0.001083 0.927361
4 4 0.002575 0.092753 0.310279 0.000227 0.594166
4 4 0.001183 0.052595 0.288953 0.000307 0.656961
2 2 0.000748 0.041166 0.613161 0.001781 0.343144
2 2 0.000500 0.033438 0.782615 0.002408 0.181040
2 2 0.000528 0.069402 0.700503 0.000631 0.228937
2 2 0.001924 0.073124 0.487833 0.000296 0.436823
2 2 0.000334 0.045682 0.767779 0.001113 0.185092
2 2 0.000753 0.040772 0.715024 0.000254 0.243197
2 2 0.000929 0.047564 0.557355 0.001460 0.392693
2 2 0.000085 0.020993 0.902186 0.001955 0.074780
2 2 0.000558 0.036436 0.679227 0.000382 0.283396
2 2 0.001004 0.062775 0.511041 0.000587 0.424592
4 2 0.003558 0.064720 0.358703 0.001222 0.571797
2 2 0.000145 0.027016 0.882314 0.001772 0.088752
2 2 0.000195 0.017451 0.889978 0.001001 0.091376
2 2 0.000221 0.014897 0.930980 0.003810 0.050091
2 2 0.001737 0.055311 0.768252 0.002510 0.172189
2 2 0.000352 0.030439 0.841892 0.003711 0.123606
2 2 0.000100 0.009058 0.916700 0.000590 0.073551
2 2 0.000017 0.002178 0.989730 0.002166 0.005909
2 2 0.000510 0.025396 0.764706 0.000231 0.209156
2 2 0.000021 0.002904 0.965559 0.001098 0.030418
2 2 0.000005 0.001168 0.996864 0.000044 0.001919
2 2 0.000076 0.004258 0.988262 0.000134 0.007270
2 2 0.000034 0.007239 0.927050 0.000706 0.064971
2 2 0.000005 0.000655 0.996458 0.000300 0.002582
2 2 0.000004 0.000546 0.996063 0.000295 0.003092
2 2 0.000002 0.000303 0.997300 0.002129 0.000266
2 2 0.000635 0.015918 0.939253 0.006810 0.037384
2 2 0.000027 0.002419 0.981831 0.000573 0.015151
2 2 0.000020 0.001002 0.997857 0.000346 0.000776
2 2 0.000367 0.004936 0.956247 0.026246 0.012204
2 2 0.000081 0.003335 0.977896 0.007402 0.011287
2 2 0.000007 0.000317 0.998086 0.001385 0.000205
2 2 0.000159 0.005366 0.971314 0.005885 0.017276
2 2 0.001504 0.016976 0.899121 0.011361 0.071038
2 2 0.000200 0.001816 0.994102 0.001994 0.001888
2 2 0.000018 0.000748 0.993752 0.003595 0.001887
2 2 0.000038 0.001513 0.990773 0.002854 0.004822
2 2 0.000341 0.005872 0.955388 0.014659 0.023740
2 2 0.000566 0.004750 0.977982 0.008217 0.008485
2 2 0.000049 0.003907 0.973500 0.014058 0.008486
2 2 0.000156 0.002014 0.993471 0.001605 0.002755
2 2 0.000012 0.002241 0.971654 0.020115 0.005978
2 2 0.000120 0.001666 0.992867 0.003687 0.001660
2 2 0.000078 0.002196 0.990925 0.002021 0.004780
2 2 0.000029 0.001336 0.987169 0.001536 0.009930
2 2 0.000091 0.001903 0.985139 0.010938 0.001929
2 2 0.000036 0.001666 0.941335 0.055651 0.001313
2 2 0.000091 0.001720 0.577542 0.417957 0.002690
2 2 0.000019 0.001039 0.962413 0.036038 0.000492
2 2 0.000347 0.004421 0.939859 0.040131 0.015242
2 2 0.000360 0.008318 0.782287 0.143608 0.065427
2 2 0.000083 0.000849 0.984882 0.013755 0.000432
2 2 0.000099 0.001767 0.891869 0.103873 0.002392
2 2 0.000316 0.001947 0.737464 0.258343 0.001930
2 2 0.000280 0.003455 0.782990 0.209579 0.003696
3 2 0.000193 0.000821 0.405793 0.593013 0.000180
2 2 0.000736 0.004872 0.844271 0.143759 0.006361
2 3 0.000005 0.000233 0.852606 0.147099 0.000056
2 3 0.000261 0.002480 0.641990 0.354293 0.000976
3 3 0.000205 0.002653 0.373207 0.622849 0.001087
2 3 0.000021 0.000716 0.959648 0.038702 0.000913
2 3 0.000914 0.013439 0.753246 0.190188 0.042213
2 3 0.000008 0.000266 0.875112 0.124561 0.000053
2 3 0.000144 0.002491 0.813565 0.181299 0.002501
2 3 0.000037 0.000702 0.509893 0.488997 0.000370
3 3 0.000210 0.001411 0.469726 0.527601 0.001052
3 3 0.000197 0.001687 0.310761 0.686315 0.001040
3 3 0.000068 0.000661 0.218722 0.780065 0.000485
2 3 0.000066 0.001852 0.687022 0.303830 0.007229
3 3 0.000378 0.002535 0.114717 0.881338 0.001032
3 3 0.001090 0.005326 0.258293 0.730914 0.004377
3 3 0.000032 0.000272 0.468905 0.530781 0.000010
3 3 0.000023 0.000269 0.151984 0.847671 0.000053
3 3 0.000054 0.000276 0.100554 0.899101 0.000015
3 3 0.000146 0.001079 0.086335 0.912016 0.000424
3 3 0.000003 0.000111 0.045023 0.954836 0.000028
3 3 0.000056 0.000328 0.077521 0.922019 0.000075
3 3 0.000021 0.000439 0.213895 0.785314 0.000331
3 3 0.000081 0.000810 0.033187 0.965618 0.000304
3 3 0.001116 0.005130 0.227624 0.761073 0.005057
3 3 0.000926 0.002989 0.176237 0.819234 0.000615
3 3 0.000142 0.001272 0.034940 0.963086 0.000560
3 3 0.000033 0.000207 0.012789 0.986938 0.000034
3 3 0.000010 0.000304 0.038584 0.960984 0.000118
3 3 0.000084 0.000751 0.077950 0.921041 0.000174
3 3 0.000010 0.000382 0.047302 0.952062 0.000244
3 3 0.000046 0.000373 0.014303 0.985184 0.000093
3 3 0.000151 0.001582 0.052263 0.945046 0.000958
3 3 0.000017 0.000190 0.027944 0.971801 0.000047
3 3 0.000101 0.000605 0.011187 0.987927 0.000180
3 3 0.000204 0.000989 0.013504 0.984974 0.000329
3 3 0.000046 0.000349 0.028231 0.971296 0.000078
3 3 0.000077 0.000300 0.037545 0.962044 0.000035
3 3 0.000111 0.001143 0.030771 0.967168 0.000808
3 3 0.000006 0.000094 0.045582 0.954301 0.000018
3 3 0.000017 0.000274 0.044355 0.955218 0.000136
3 3 0.000059 0.000571 0.017614 0.981524 0.000233
3 3 0.000082 0.000764 0.021255 0.977550 0.000349
3 3 0.000510 0.002503 0.097150 0.898525 0.001312
3 2 0.017896 0.022285 0.108085 0.844191 0.007543
2 2 0.029197 0.178529 0.411848 0.202597 0.177830
2 2 0.065827 0.183581 0.490350 0.036893 0.223348
2 2 0.010298 0.063035 0.856301 0.030666 0.039700
2 2 0.011887 0.062777 0.728528 0.086018 0.110790
2 2 0.002283 0.023193 0.906089 0.026162 0.042274
2 2 0.000455 0.004936 0.973973 0.018072 0.002564
2 2 0.000321 0.017814 0.886782 0.017121 0.077963
2 2 0.000567 0.017564 0.846335 0.110267 0.025266
2 2 0.000779 0.021176 0.900820 0.016954 0.060270
2 2 0.000420 0.004606 0.978900 0.013841 0.002234
2 2 0.000260 0.013154 0.928411 0.032028 0.026148
2 2 0.003465 0.008338 0.951525 0.028086 0.008586
2 2 0.000598 0.008198 0.940070 0.026014 0.025120
2 2 0.000106 0.004573 0.930029 0.063538 0.001754
