0 0 0.919637 0.049181 0.026474 0.002633 0.002075
0 0 0.935707 0.040736 0.020256 0.001504 0.001796
0 0 0.957199 0.028392 0.012368 0.000665 0.001375
0 0 0.960803 0.026344 0.011331 0.000383 0.001138
0 0 0.932625 0.043647 0.020984 0.000858 0.001886
0 0 0.943957 0.037907 0.015187 0.000550 0.002399
0 0 0.950585 0.033506 0.012739 0.000668 0.002503
0 0 0.951879 0.032847 0.012864 0.000413 0.001998
0 0 0.946909 0.036375 0.015037 0.000151 0.001528
0 0 0.922352 0.048791 0.025064 0.001683 0.002110
0 0 0.871902 0.061401 0.057246 0.006645 0.002806
0 0 0.776520 0.088116 0.119351 0.010111 0.005903
0 0 0.879117 0.071146 0.042560 0.004398 0.002779
0 0 0.928748 0.045349 0.024109 0.000494 0.001299
0 0 0.829554 0.089076 0.070439 0.008936 0.001994
0 0 0.907627 0.055497 0.034183 0.001306 0.001389
0 0 0.928274 0.044011 0.025803 0.000839 0.001073
0 0 0.909475 0.055858 0.032254 0.000881 0.001533
0 0 0.909770 0.055385 0.032645 0.000802 0.001398
0 0 0.863729 0.080268 0.051200 0.002455 0.002348
0 0 0.911133 0.052545 0.034009 0.001210 0.001104
0 0 0.959039 0.025633 0.014413 0.000401 0.000515
0 0 0.943615 0.034572 0.020773 0.000416 0.000624
0 0 0.936621 0.039373 0.022606 0.000518 0.000882
0 0 0.917149 0.048676 0.032502 0.000836 0.000838
0 0 0.893487 0.060796 0.043432 0.001271 0.001014
0 0 0.864382 0.076921 0.055720 0.001586 0.001391
0 0 0.889110 0.064214 0.044246 0.001233 0.001197
0 0 0.945070 0.032577 0.021281 0.000579 0.000493
0 0 0.944233 0.032183 0.022474 0.000691 0.000419
0 0 0.859693 0.075347 0.062333 0.001685 0.000941
0 0 0.686975 0.160232 0.146718 0.003702 0.002372
0 0 0.951794 0.028851 0.018717 0.000276 0.000362
0 0 0.854682 0.083742 0.057904 0.001834 0.001837
0 0 0.907555 0.053041 0.036709 0.001696 0.001000
0 0 0.936143 0.038291 0.024006 0.000821 0.000739
0 0 0.914877 0.049282 0.033510 0.001414 0.000917
0 0 0.923608 0.043795 0.031266 0.000742 0.000589
0 0 0.889872 0.064054 0.043308 0.001456 0.001311
0 0 0.965243 0.021576 0.012491 0.000326 0.000364
0 0 0.826558 0.089159 0.079739 0.003429 0.001116
0 0 0.866734 0.067046 0.062829 0.002752 0.000638
0 0 0.939776 0.033882 0.025086 0.000858 0.000398
0 0 0.902794 0.051220 0.043565 0.001877 0.000543
0 0 0.889179 0.055025 0.053053 0.002305 0.000437
0 0 0.560916 0.198068 0.231443 0.007584 0.001988
0 0 0.518021 0.215430 0.255198 0.009058 0.002294
0 0 0.840033 0.081950 0.076315 0.001035 0.000667
2 0 0.215914 0.330999 0.441495 0.007620 0.003972
2 1 0.269498 0.333456 0.374934 0.015142 0.006971
0 1 0.468043 0.236003 0.285311 0.007750 0.002893
0 0 0.788351 0.099331 0.108567 0.003041 0.000710
0 0 0.508338 0.212206 0.271756 0.005977 0.001724
2 1 0.243552 0.307149 0.422474 0.022748 0.004076
0 1 0.640051 0.166321 0.188521 0.003718 0.001390
0 0 0.785215 0.106349 0.105218 0.002259 0.000960
2 1 0.325766 0.279485 0.379861 0.012067 0.002821
2 1 0.168966 0.319293 0.486216 0.021785 0.003739
2 1 0.189881 0.343385 0.452468 0.009456 0.004810
2 1 0.102882 0.271787 0.590724 0.028403 0.006204
2 2 0.119452 0.290634 0.577819 0.006935 0.005160
2 2 0.044517 0.135180 0.791678 0.026734 0.001891
0 2 0.502763 0.208759 0.284438 0.002902 0.001139
2 2 0.067517 0.164295 0.752201 0.013484 0.002503
2 2 0.010911 0.102105 0.867037 0.018142 0.001805
2 2 0.001604 0.082265 0.914250 0.001098 0.000782
2 2 0.000489 0.025676 0.971972 0.001665 0.000199
2 2 0.000021 0.001489 0.995331 0.003152 0.000007
2 2 0.000801 0.059014 0.938561 0.000935 0.000689
2 2 0.000009 0.000796 0.995831 0.003361 0.000004
2 2 0.000000 0.000016 0.987380 0.012604 0.000000
2 2 0.000391 0.010145 0.984781 0.004639 0.000044
2 2 0.000000 0.000070 0.996316 0.003613 0.000001
2 2 0.000003 0.000242 0.985995 0.013757 0.000003
2 2 0.000005 0.000765 0.993832 0.005382 0.000016
2 2 0.000004 0.000092 0.910774 0.089130 0.000001
2 2 0.000005 0.000114 0.899148 0.100731 0.000001
2 3 0.000001 0.000042 0.921421 0.078535 0.000001
2 3 0.000036 0.000930 0.925680 0.073329 0.000025
2 3 0.000000 0.000006 0.802527 0.197466 0.000000
2 3 0.000044 0.000576 0.613190 0.386141 0.000049
2 3 0.000097 0.001116 0.677218 0.321489 0.000079
2 3 0.001655 0.011131 0.624397 0.361131 0.001686
2 0 0.399139 0.096065 0.464639 0.039167 0.000990
0 0 0.744499 0.101860 0.141320 0.011798 0.000523
2 1 0.253376 0.326395 0.414472 0.002545 0.003213
2 1 0.084720 0.230997 0.673464 0.006334 0.004484
2 2 0.070208 0.250161 0.669518 0.003961 0.006152
2 2 0.107317 0.200760 0.681945 0.005437 0.004542
0 1 0.385832 0.285271 0.323013 0.002717 0.003167
2 2 0.103119 0.264947 0.608869 0.014358 0.008706
2 2 0.107675 0.313546 0.550124 0.015582 0.013072
0 0 0.718094 0.152387 0.126512 0.000926 0.002080
0 0 0.727012 0.136222 0.134335 0.001251 0.001180
0 0 0.581282 0.217265 0.195477 0.002434 0.003542
0 0 0.666557 0.186450 0.139780 0.002516 0.004698
0 0 0.844151 0.077639 0.074211 0.003240 0.000760
0 0 0.646542 0.176658 0.169595 0.004668 0.002537
0 0 0.410520 0.305256 0.269537 0.006315 0.008371
0 1 0.549246 0.239012 0.200957 0.004909 0.005876
2 1 0.119620 0.328792 0.532561 0.010593 0.008434
2 2 0.104931 0.348094 0.533934 0.006479 0.006562
2 2 0.043233 0.220460 0.721745 0.009596 0.004966
2 2 0.021203 0.157714 0.803980 0.013132 0.003971
0 2 0.426155 0.269895 0.297716 0.003092 0.003142
0 1 0.447680 0.241786 0.298998 0.009039 0.002497
2 2 0.199465 0.302656 0.476789 0.015385 0.005706
0 1 0.359917 0.264976 0.356333 0.014961 0.003813
0 1 0.867273 0.066130 0.064523 0.001521 0.000553
0 0 0.800808 0.102432 0.092389 0.003093 0.001278
0 0 0.675471 0.153272 0.166220 0.003650 0.001387
2 1 0.174275 0.349740 0.460994 0.009829 0.005162
0 0 0.791862 0.106214 0.098207 0.002436 0.001281
2 1 0.185619 0.339444 0.457775 0.012380 0.004782
2 1 0.153888 0.341491 0.486262 0.011856 0.006503
2 2 0.172878 0.331322 0.484685 0.005834 0.005281
2 2 0.180773 0.171435 0.629350 0.014705 0.003737
2 2 0.059161 0.178001 0.730577 0.028876 0.003384
2 2 0.060527 0.146700 0.758685 0.031033 0.003054
0 2 0.517148 0.207574 0.266846 0.006813 0.001619
2 2 0.003334 0.148222 0.844717 0.001161 0.002566
2 2 0.002062 0.054764 0.939477 0.003198 0.000499
2 2 0.000667 0.023748 0.972481 0.002663 0.000441
2 2 0.000325 0.014962 0.979591 0.004881 0.000241
2 2 0.000132 0.008029 0.986993 0.004713 0.000132
2 2 0.000000 0.000113 0.995977 0.003908 0.000001
2 2 0.000000 0.000003 0.994212 0.005785 0.000000
2 2 0.000000 0.000039 0.991649 0.008310 0.000001
2 2 0.000000 0.000005 0.990772 0.009223 0.000000
2 2 0.000000 0.000025 0.985894 0.014080 0.000001
2 2 0.000009 0.000107 0.559254 0.440626 0.000004
2 2 0.000023 0.000333 0.697594 0.302036 0.000014
2 2 0.000055 0.001197 0.788410 0.210225 0.000113
3 3 0.000017 0.000173 0.463128 0.536671 0.000011
3 3 0.000005 0.000072 0.451628 0.548289 0.000005
3 3 0.000028 0.000122 0.143541 0.856291 0.000019
3 3 0.000004 0.000020 0.094851 0.905121 0.000004
3 3 0.000614 0.001410 0.121096 0.876443 0.000437
3 3 0.000047 0.000143 0.087070 0.912707 0.000033
3 3 0.000070 0.000228 0.132973 0.866692 0.000037
2 3 0.164528 0.048994 0.523000 0.258731 0.004746
0 2 0.497762 0.153576 0.314208 0.028844 0.005610
0 2 0.517188 0.184816 0.274761 0.019746 0.003489
0 0 0.890050 0.057093 0.049850 0.002392 0.000614
0 0 0.794565 0.088292 0.112505 0.004212 0.000426
0 0 0.503179 0.228809 0.262067 0.003717 0.002228
2 0 0.212046 0.361429 0.414467 0.005642 0.006416
2 1 0.161636 0.367791 0.459268 0.003963 0.007342
2 1 0.229999 0.348689 0.413371 0.003236 0.004704
0 0 0.742213 0.146782 0.108822 0.000234 0.001950
0 0 0.886075 0.068694 0.042618 0.000956 0.001658
0 0 0.907415 0.056815 0.033377 0.000897 0.001497
0 0 0.907620 0.055118 0.034883 0.001145 0.001234
0 0 0.824881 0.094275 0.077099 0.002334 0.001411
0 0 0.885096 0.066605 0.045965 0.001116 0.001219
0 0 0.699524 0.146787 0.147853 0.004182 0.001653
0 0 0.621028 0.178077 0.194063 0.004991 0.001841
0 0 0.746332 0.119429 0.130513 0.002829 0.000898
0 0 0.532466 0.232413 0.227127 0.004363 0.003631
0 1 0.477887 0.262771 0.245938 0.007654 0.005749
0 1 0.481527 0.274299 0.232978 0.004256 0.006939
0 1 0.445643 0.257036 0.282782 0.007984 0.006555
0 1 0.528881 0.256260 0.205146 0.003030 0.006683
0 0 0.864599 0.074777 0.058225 0.001349 0.001050
0 0 0.813233 0.103375 0.079780 0.001837 0.001775
0 0 0.890725 0.061369 0.046333 0.000791 0.000782
0 0 0.823050 0.095874 0.078187 0.001567 0.001322
0 0 0.764341 0.123696 0.106969 0.003132 0.001863
0 0 0.825986 0.093887 0.076705 0.002056 0.001365
0 0 0.818244 0.098661 0.079398 0.002157 0.001539
0 0 0.841698 0.083515 0.071766 0.002013 0.001009
0 0 0.840044 0.084831 0.070978 0.002931 0.001216
0 0 0.914695 0.046572 0.037486 0.000789 0.000458
0 0 0.721254 0.133946 0.138513 0.004885 0.001402
0 0 0.770478 0.107527 0.116828 0.004294 0.000874
0 1 0.359902 0.301957 0.313912 0.017250 0.006979
0 1 0.360916 0.296788 0.321724 0.014745 0.005826
0 0 0.960941 0.023375 0.015166 0.000247 0.000271
0 0 0.871439 0.066948 0.059593 0.001394 0.000626
0 0 0.835235 0.089489 0.069429 0.004095 0.001753
0 0 0.773028 0.104341 0.119372 0.002615 0.000644
0 0 0.677843 0.147339 0.168932 0.004693 0.001193
2 0 0.237537 0.240016 0.506260 0.012507 0.003681
0 0 0.852616 0.072585 0.072818 0.001479 0.000502
0 0 0.626530 0.165679 0.203342 0.003365 0.001085
2 1 0.101123 0.390646 0.495699 0.005231 0.007301
2 1 0.119116 0.383708 0.483440 0.006594 0.007142
2 2 0.271461 0.330921 0.386064 0.006499 0.005055
2 2 0.097449 0.326545 0.561037 0.007028 0.007941
0 0 0.721052 0.138867 0.137129 0.001660 0.001293
0 0 0.923381 0.045652 0.029180 0.000896 0.000891
0 0 0.842871 0.086253 0.066636 0.002711 0.001530
0 0 0.933000 0.042013 0.023228 0.000638 0.001121
0 0 0.908761 0.057180 0.030666 0.001265 0.002128
0 0 0.911138 0.055838 0.029454 0.001365 0.002206
0 0 0.919512 0.051318 0.025499 0.001333 0.002339
0 0 0.889879 0.065544 0.040571 0.002106 0.001899
0 0 0.802044 0.105999 0.085086 0.004802 0.002070
0 0 0.828541 0.095478 0.070048 0.003743 0.002189
0 0 0.904622 0.053982 0.039678 0.000966 0.000752
0 0 0.832752 0.085604 0.078251 0.002474 0.000919
0 0 0.591076 0.189456 0.208208 0.008977 0.002283
0 0 0.627889 0.176467 0.186919 0.006621 0.002104
0 0 0.742935 0.127646 0.123767 0.004143 0.001509
0 0 0.522849 0.245696 0.220161 0.005887 0.005406
0 0 0.777696 0.110217 0.109369 0.001776 0.000943
0 0 0.461704 0.257658 0.269658 0.006943 0.004039
0 1 0.531918 0.236994 0.219477 0.006783 0.004828
0 1 0.569210 0.230735 0.189442 0.004737 0.005877
0 0 0.811260 0.102751 0.083220 0.001345 0.001424
0 0 0.882370 0.062337 0.053112 0.001520 0.000661
0 0 0.811949 0.097952 0.085476 0.003283 0.001341
0 0 0.788496 0.101933 0.105561 0.003147 0.000863
0 0 0.701728 0.140244 0.152348 0.004408 0.001272
0 1 0.836966 0.081912 0.079209 0.001282 0.000631
0 1 0.794710 0.111115 0.089589 0.002693 0.001893
0 1 0.528377 0.227882 0.234537 0.005909 0.003295
0 1 0.717687 0.146973 0.129367 0.003640 0.002334
0 0 0.817223 0.093534 0.082877 0.005028 0.001339
0 0 0.886958 0.062778 0.047435 0.001844 0.000984
0 0 0.725864 0.140166 0.128839 0.003250 0.001882
0 1 0.452234 0.288208 0.242933 0.007687 0.008938
0 0 0.697401 0.159263 0.137178 0.003422 0.002737
0 0 0.851516 0.082244 0.063292 0.001657 0.001291
0 0 0.587619 0.190848 0.213324 0.006196 0.002013
2 1 0.033123 0.387164 0.573662 0.000575 0.005477
2 2 0.007248 0.102005 0.888305 0.000613 0.001829
2 2 0.003368 0.090424 0.902046 0.001153 0.003010
2 2 0.024402 0.077604 0.892404 0.004266 0.001324
2 2 0.001393 0.056746 0.938132 0.001013 0.002716
2 2 0.000014 0.001746 0.994867 0.003345 0.000028
2 2 0.000504 0.031555 0.966241 0.001387 0.000314
2 2 0.000131 0.008190 0.989244 0.002367 0.000068
2 1 0.173588 0.344960 0.478942 0.000434 0.002075
2 1 0.011154 0.196536 0.788671 0.001225 0.002414
2 2 0.001081 0.052326 0.945093 0.001046 0.000454
2 2 0.000431 0.022299 0.976288 0.000829 0.000153
2 2 0.000155 0.017812 0.981166 0.000707 0.000160
2 2 0.000496 0.022793 0.975319 0.001079 0.000313
2 2 0.000234 0.025314 0.973138 0.000955 0.000358
2 2 0.000029 0.001041 0.989111 0.009814 0.000005
2 2 0.001195 0.018744 0.973659 0.006254 0.000148
2 2 0.001223 0.014996 0.979054 0.004609 0.000117
2 2 0.000234 0.007401 0.985253 0.007052 0.000060
2 2 0.000502 0.007250 0.984582 0.007644 0.000022
2 2 0.000038 0.003434 0.993486 0.003005 0.000037
2 2 0.000000 0.000005 0.994836 0.005159 0.000000
2 2 0.000009 0.000872 0.995070 0.004043 0.000006
2 2 0.000010 0.000840 0.994463 0.004682 0.000006
2 2 0.000000 0.000005 0.984236 0.015758 0.000000
2 2 0.000031 0.002656 0.995178 0.002117 0.000018
2 2 0.000002 0.000104 0.990341 0.009553 0.000000
2 2 0.000000 0.000017 0.995887 0.004096 0.000000
2 2 0.000049 0.003402 0.984817 0.011607 0.000125
2 2 0.000030 0.002965 0.992280 0.004666 0.000059
2 2 0.000004 0.000420 0.992726 0.006841 0.000009
2 2 0.000008 0.002210 0.996347 0.001382 0.000053
2 2 0.000015 0.000904 0.996576 0.002498 0.000008
2 2 0.000000 0.000139 0.997091 0.002763 0.000006
2 2 0.000001 0.000534 0.998381 0.001071 0.000013
2 2 0.000234 0.014080 0.978737 0.006456 0.000493
2 2 0.002267 0.017157 0.977851 0.002155 0.000570
2 2 0.000052 0.002515 0.994821 0.002561 0.000051
2 2 0.000790 0.058506 0.935347 0.001284 0.004072
2 2 0.002691 0.036704 0.958419 0.001141 0.001045
2 2 0.006047 0.173962 0.806397 0.000113 0.013480
2 2 0.000333 0.043169 0.952270 0.000243 0.003984
2 2 0.002569 0.090109 0.888212 0.000184 0.018926
2 2 0.002611 0.113124 0.867928 0.000112 0.016225
2 2 0.011452 0.147616 0.772861 0.000473 0.067598
2 2 0.028402 0.292277 0.620174 0.003053 0.056094
0 0 0.576854 0.247109 0.166730 0.001223 0.008084
1 1 0.271057 0.382359 0.329107 0.000762 0.016715
2 2 0.015535 0.192829 0.759956 0.003413 0.028268
2 2 0.043371 0.166434 0.709947 0.001763 0.078485
0 1 0.407908 0.192584 0.377757 0.001035 0.020716
2 1 0.053740 0.279828 0.645901 0.000107 0.020424
2 2 0.000675 0.049071 0.940473 0.000549 0.009232
2 2 0.001421 0.051610 0.935865 0.000868 0.010236
2 2 0.028704 0.190776 0.757780 0.000250 0.022490
2 2 0.000650 0.100149 0.892601 0.000006 0.006593
2 2 0.000158 0.039365 0.957552 0.000017 0.002907
2 2 0.000017 0.007193 0.992345 0.000064 0.000381
2 2 0.000019 0.012579 0.986240 0.000010 0.001152
2 2 0.000000 0.000319 0.999501 0.000156 0.000025
2 2 0.000005 0.000626 0.997586 0.001777 0.000007
2 2 0.000000 0.000099 0.998812 0.001088 0.000001
2 2 0.000000 0.000021 0.997059 0.002920 0.000000
2 2 0.000051 0.004135 0.992863 0.002907 0.000044
2 2 0.000000 0.000033 0.996109 0.003858 0.000001
2 2 0.000000 0.000002 0.895093 0.104904 0.000000
2 2 0.000000 0.000018 0.938680 0.061301 0.000000
2 2 0.000000 0.000006 0.872861 0.127133 0.000000
2 3 0.000004 0.000146 0.822523 0.177320 0.000006
2 3 0.000000 0.000012 0.851859 0.148128 0.000000
3 3 0.000024 0.000193 0.346629 0.653136 0.000017
3 3 0.000608 0.001719 0.228661 0.768762 0.000251
3 3 0.000129 0.000475 0.142531 0.856744 0.000122
3 3 0.000059 0.000291 0.160070 0.839508 0.000072
3 3 0.000220 0.000799 0.211475 0.787377 0.000129
3 3 0.000076 0.000335 0.087157 0.912206 0.000227
3 3 0.000058 0.000160 0.065115 0.934611 0.000056
3 3 0.000460 0.000855 0.098190 0.900285 0.000210
3 3 0.000070 0.000170 0.053489 0.946200 0.000071
3 3 0.000088 0.000257 0.063988 0.935533 0.000134
3 3 0.000399 0.000682 0.060583 0.938038 0.000298
3 3 0.000060 0.000146 0.042364 0.957348 0.000082
3 3 0.000046 0.000135 0.046112 0.953620 0.000088
3 3 0.000086 0.000156 0.038801 0.960888 0.000070
3 3 0.000204 0.000399 0.054005 0.945199 0.000193
3 3 0.000039 0.000100 0.038481 0.961320 0.000060
3 3 0.000010 0.000024 0.022083 0.977869 0.000014
3 3 0.000018 0.000044 0.028470 0.971441 0.000027
3 3 0.000052 0.000088 0.029455 0.970364 0.000041
3 3 0.000018 0.000040 0.025722 0.974197 0.000022
3 3 0.000143 0.000192 0.034394 0.965197 0.000075
3 3 0.000122 0.000226 0.042999 0.956546 0.000107
3 3 0.000017 0.000030 0.020871 0.979067 0.000015
3 3 0.000100 0.000169 0.037178 0.962476 0.000077
3 3 0.000054 0.000118 0.037661 0.962103 0.000064
3 3 0.000476 0.000789 0.062744 0.935654 0.000337
3 3 0.000082 0.000174 0.042258 0.957396 0.000091
3 3 0.000633 0.000922 0.061926 0.936157 0.000362
3 3 0.000101 0.000212 0.044852 0.954726 0.000109
3 3 0.000136 0.000238 0.042498 0.957019 0.000109
3 3 0.000172 0.000226 0.036074 0.963441 0.000087
3 3 0.000158 0.000230 0.038315 0.961203 0.000094
3 3 0.000087 0.000147 0.035260 0.964440 0.000067
3 3 0.000257 0.000377 0.045601 0.953613 0.000153
3 3 0.000173 0.000264 0.041105 0.958347 0.000111
3 3 0.000083 0.000144 0.035503 0.964205 0.000066
3 3 0.000085 0.000139 0.034029 0.965686 0.000062
3 3 0.000666 0.000785 0.052469 0.945809 0.000271
3 3 0.000431 0.000520 0.046035 0.952829 0.000185
3 3 0.000199 0.000273 0.039326 0.960094 0.000107
3 3 0.000114 0.000169 0.034632 0.965015 0.000071
3 3 0.000051 0.000077 0.026602 0.973237 0.000033
3 3 0.000070 0.000106 0.029598 0.970181 0.000045
3 3 0.000124 0.000170 0.033329 0.966309 0.000068
3 3 0.000235 0.000316 0.040968 0.958359 0.000122
3 3 0.000017 0.000040 0.026526 0.973394 0.000023
3 3 0.000026 0.000065 0.032723 0.967147 0.000039
3 3 0.000018 0.000043 0.027248 0.972666 0.000025
3 3 0.000032 0.000069 0.030500 0.969362 0.000037
3 3 0.000051 0.000103 0.034002 0.965791 0.000052
3 3 0.000090 0.000173 0.039959 0.959693 0.000085
3 3 0.000127 0.000199 0.037807 0.961781 0.000086
3 3 0.000105 0.000171 0.036575 0.963073 0.000076
3 3 0.000084 0.000130 0.032291 0.967440 0.000056
3 3 0.000075 0.000149 0.038642 0.961059 0.000075
3 3 0.007192 0.007063 0.129327 0.853693 0.002725
2 1 0.293145 0.071979 0.460305 0.173223 0.001347
2 1 0.085493 0.063495 0.524844 0.323977 0.002191
2 1 0.087518 0.085697 0.569000 0.255086 0.002699
2 1 0.047984 0.049026 0.645466 0.256373 0.001151
2 1 0.035345 0.056841 0.814837 0.091690 0.001288
2 1 0.055034 0.109578 0.785242 0.049143 0.001003
2 2 0.063767 0.112159 0.778383 0.044306 0.001385
2 2 0.033326 0.064615 0.849022 0.052507 0.000530
2 2 0.011334 0.043729 0.871549 0.072781 0.000607
2 2 0.001033 0.004877 0.957441 0.036618 0.000032
2 2 0.011056 0.053720 0.916990 0.017753 0.000480
2 2 0.000031 0.001047 0.966945 0.031959 0.000017
2 2 0.000050 0.001455 0.965816 0.032656 0.000022
2 2 0.000484 0.004326 0.959424 0.035728 0.000038
2 2 0.000413 0.004373 0.906647 0.088477 0.000089
2 2 0.000198 0.001990 0.930013 0.067782 0.000016
2 2 0.001158 0.006200 0.919650 0.072901 0.000091
2 2 0.000012 0.000164 0.808440 0.191382 0.000002
2 2 0.000376 0.003506 0.875244 0.120800 0.000074
2 3 0.000839 0.004502 0.757514 0.237025 0.000121
2 3 0.000295 0.001272 0.747742 0.250675 0.000015
2 3 0.000205 0.001481 0.797619 0.200669 0.000026
2 3 0.011495 0.014950 0.807051 0.166177 0.000326
2 3 0.008558 0.021613 0.848844 0.120667 0.000319
2 3 0.009017 0.017451 0.937025 0.036302 0.000205
2 3 0.002136 0.008234 0.922251 0.067157 0.000222
2 3 0.005495 0.015634 0.884696 0.093851 0.000324
2 1 0.238879 0.143458 0.567967 0.047321 0.002376
2 1 0.210931 0.182484 0.594792 0.010641 0.001151
0 1 0.459562 0.098515 0.426613 0.014816 0.000494
2 1 0.298504 0.153129 0.531834 0.015154 0.001380
2 2 0.092804 0.142970 0.733328 0.029517 0.001380
2 2 0.067910 0.044611 0.822452 0.064509 0.000518
2 2 0.026553 0.027784 0.881733 0.063706 0.000223
2 2 0.177155 0.124815 0.683483 0.013028 0.001519
2 2 0.029343 0.100648 0.849611 0.018987 0.001411
2 2 0.027857 0.045082 0.910730 0.015591 0.000739
2 2 0.007800 0.013546 0.948236 0.030132 0.000286
2 2 0.010975 0.025451 0.922318 0.040642 0.000613
2 2 0.002228 0.012823 0.962061 0.022716 0.000173
2 2 0.004860 0.016668 0.968142 0.010209 0.000121
2 2 0.003883 0.011058 0.963504 0.021421 0.000134
2 2 0.005024 0.026512 0.950609 0.017681 0.000174
2 2 0.003353 0.018235 0.966845 0.011339 0.000229
2 2 0.162446 0.100462 0.724290 0.010714 0.002089
2 2 0.050908 0.052666 0.876138 0.018443 0.001845
2 2 0.012057 0.034290 0.933508 0.019292 0.000853
0 0 0.690052 0.156887 0.150241 0.001255 0.001565
2 0 0.343262 0.292689 0.354445 0.006148 0.003457
2 1 0.104220 0.240388 0.642143 0.010353 0.002896
2 1 0.146043 0.173296 0.666264 0.012222 0.002175
2 2 0.059751 0.084023 0.840435 0.015083 0.000709
2 2 0.067464 0.151255 0.770374 0.009151 0.001755
2 2 0.014006 0.056870 0.898950 0.029237 0.000937
0 0 0.693225 0.177306 0.121376 0.002478 0.005615
0 0 0.805776 0.108136 0.081664 0.002307 0.002117
0 0 0.634830 0.191321 0.165395 0.004644 0.003810
2 1 0.193469 0.290276 0.490994 0.010252 0.015009
2 1 0.233030 0.259266 0.483026 0.008935 0.015744
2 2 0.319614 0.191107 0.469629 0.013821 0.005829
2 2 0.095328 0.129713 0.733782 0.035390 0.005787
2 2 0.237223 0.137363 0.606792 0.015243 0.003378
0 0 0.737053 0.144837 0.107799 0.006150 0.004161
0 1 0.694002 0.154699 0.142853 0.005972 0.002475
2 2 0.003878 0.073585 0.916027 0.005669 0.000841
2 2 0.002077 0.032769 0.955326 0.009531 0.000298
2 2 0.001160 0.013542 0.969322 0.015866 0.000110
2 2 0.001157 0.015354 0.969593 0.013789 0.000108
2 2 0.000009 0.000559 0.985555 0.013871 0.000007
2 2 0.000047 0.002133 0.994293 0.003520 0.000007
2 2 0.000002 0.000082 0.986595 0.013321 0.000000
2 2 0.000532 0.013187 0.983289 0.002935 0.000056
2 2 0.000005 0.000638 0.995563 0.003788 0.000007
2 2 0.000021 0.000635 0.973741 0.025597 0.000005
2 2 0.000025 0.001260 0.992377 0.006330 0.000007
2 2 0.000171 0.005991 0.983050 0.010702 0.000085
2 2 0.006081 0.023261 0.966582 0.003848 0.000229
2 2 0.000311 0.006914 0.991380 0.001348 0.000046
2 2 0.004375 0.015898 0.978024 0.001621 0.000081
2 2 0.002164 0.022174 0.973828 0.000570 0.001264
2 2 0.005967 0.194632 0.777379 0.000032 0.021990
2 2 0.004492 0.104555 0.881354 0.000052 0.009547
2 2 0.001468 0.095697 0.881342 0.000238 0.021255
2 2 0.038464 0.127973 0.824285 0.000277 0.009000
4 2 0.023457 0.162048 0.273511 0.000251 0.540733
4 2 0.055148 0.231269 0.148558 0.000027 0.564998
4 2 0.024535 0.210854 0.255268 0.000120 0.509223
4 4 0.037927 0.225659 0.178095 0.000051 0.558269
4 4 0.039468 0.128254 0.110166 0.000302 0.721810
4 4 0.068291 0.134236 0.096288 0.000857 0.700327
4 4 0.096280 0.069179 0.047733 0.000304 0.786503
4 4 0.232640 0.159786 0.023728 0.000109 0.583736
4 4 0.287392 0.150313 0.026005 0.000044 0.536247
4 4 0.070273 0.062418 0.052030 0.000360 0.814919
4 4 0.064026 0.073346 0.046462 0.000339 0.815827
4 4 0.037244 0.061084 0.129307 0.001025 0.771340
0 4 0.549513 0.143221 0.019360 0.000031 0.287874
4 4 0.099664 0.172355 0.051311 0.000062 0.676607
4 4 0.086643 0.221773 0.108482 0.000261 0.582840
2 4 0.052388 0.334431 0.405889 0.000460 0.206833
2 4 0.208009 0.326409 0.329577 0.000081 0.135923
2 4 0.015762 0.197506 0.596071 0.000286 0.190375
2 4 0.044142 0.240722 0.533502 0.000092 0.181542
2 4 0.040973 0.141546 0.470744 0.000774 0.345962
2 4 0.046545 0.299589 0.342899 0.000141 0.310826
2 4 0.027283 0.248411 0.451626 0.000353 0.272326
2 4 0.051054 0.272930 0.338982 0.000060 0.336973
2 4 0.096194 0.256490 0.353956 0.000336 0.293025
1 4 0.090342 0.359427 0.252454 0.000035 0.297742
0 4 0.312093 0.269462 0.164859 0.003034 0.250552
0 4 0.322105 0.308421 0.205535 0.004079 0.159860
0 4 0.519837 0.253399 0.123186 0.001335 0.102243
4 4 0.128828 0.243041 0.226326 0.004114 0.397689
0 4 0.287864 0.211222 0.259258 0.008152 0.233504
0 4 0.414994 0.299576 0.053894 0.000011 0.231524
4 4 0.106777 0.083343 0.078545 0.000784 0.730552
4 4 0.197957 0.326019 0.086311 0.000679 0.389033
4 4 0.281809 0.145049 0.045579 0.000145 0.527418
4 4 0.048087 0.060675 0.097024 0.000714 0.793500
2 4 0.133272 0.173773 0.347784 0.000970 0.344202
0 4 0.512160 0.287767 0.061003 0.000016 0.139054
0 4 0.462226 0.242333 0.173752 0.000081 0.121608
2 4 0.088492 0.310356 0.322307 0.000053 0.278793
2 4 0.036632 0.198091 0.387159 0.000745 0.377373
0 4 0.424805 0.249481 0.251902 0.000748 0.073063
1 4 0.271864 0.331258 0.186940 0.000546 0.209393
0 4 0.340689 0.275487 0.266827 0.000787 0.116209
0 4 0.584144 0.193000 0.106875 0.001114 0.114866
0 0 0.798101 0.138320 0.036627 0.000088 0.026865
2 1 0.010238 0.146331 0.774023 0.000038 0.069369
2 2 0.003393 0.065295 0.914086 0.000330 0.016896
2 2 0.007584 0.156899 0.753843 0.000123 0.081550
2 2 0.054409 0.228891 0.615548 0.000065 0.101087
2 2 0.159872 0.282675 0.501933 0.000131 0.055390
2 2 0.055859 0.157027 0.777884 0.000384 0.008847
2 2 0.001905 0.050955 0.937589 0.000192 0.009358
2 2 0.003402 0.125202 0.866084 0.000137 0.005175
2 2 0.001541 0.034354 0.959238 0.001036 0.003831
2 2 0.000302 0.026843 0.970012 0.001226 0.001617
2 2 0.000096 0.007088 0.992500 0.000064 0.000251
2 2 0.000063 0.005919 0.993652 0.000187 0.000180
2 2 0.000001 0.000775 0.998753 0.000456 0.000015
2 2 0.000289 0.016665 0.982334 0.000103 0.000609
2 2 0.000001 0.001977 0.997900 0.000057 0.000066
0 0 0.979598 0.014795 0.004185 0.000094 0.001329
0 0 0.976218 0.016892 0.004035 0.000125 0.002729
0 0 0.990244 0.007330 0.001554 0.000017 0.000855
0 0 0.976792 0.017119 0.003895 0.000025 0.002169
0 0 0.964576 0.025993 0.006270 0.000027 0.003135
0 0 0.927523 0.049667 0.019645 0.000256 0.002909
0 0 0.966585 0.023115 0.008063 0.000425 0.001813
0 0 0.965662 0.023944 0.007215 0.000376 0.002803
0 0 0.938144 0.041426 0.016440 0.000894 0.003095
0 0 0.920557 0.054434 0.019760 0.000454 0.004796
0 0 0.907197 0.062433 0.026418 0.000396 0.003555
0 0 0.960304 0.027200 0.010281 0.000439 0.001776
0 0 0.956172 0.029509 0.011896 0.000638 0.001785
0 0 0.932499 0.044464 0.019754 0.000860 0.002423
0 0 0.948759 0.034953 0.013804 0.000396 0.002087
0 0 0.893154 0.069922 0.032503 0.000756 0.003664
0 0 0.889825 0.072222 0.033351 0.000735 0.003866
0 0 0.956262 0.029646 0.011567 0.000590 0.001936
0 0 0.940411 0.038899 0.016834 0.001088 0.002768
0 0 0.949882 0.032595 0.015698 0.000621 0.001204
0 0 0.921785 0.047862 0.027446 0.001457 0.001451
0 0 0.938874 0.038059 0.020700 0.001167 0.001199
0 0 0.898768 0.062953 0.033450 0.002053 0.002776
0 0 0.885399 0.071420 0.035159 0.003427 0.004595
0 0 0.850534 0.085118 0.060889 0.001769 0.001689
0 0 0.654400 0.170552 0.170266 0.002862 0.001920
0 0 0.878012 0.070442 0.049789 0.000673 0.001084
0 0 0.586752 0.203065 0.204508 0.003174 0.002500
0 0 0.771769 0.126429 0.097958 0.001614 0.002230
0 0 0.819904 0.098608 0.079116 0.001063 0.001309
0 0 0.761383 0.144795 0.090220 0.000296 0.003306
0 0 0.673133 0.194878 0.126991 0.000359 0.004639
0 0 0.708664 0.179452 0.107555 0.000144 0.004185
0 1 0.447688 0.341835 0.192940 0.000346 0.017191
2 1 0.223957 0.374904 0.377040 0.000606 0.023494
1 1 0.073323 0.527949 0.367129 0.000037 0.031562
0 1 0.475516 0.336332 0.178370 0.000021 0.009762
1 1 0.167891 0.541549 0.256173 0.000011 0.034376
2 2 0.020017 0.248776 0.699567 0.000083 0.031557
2 2 0.036450 0.427424 0.512590 0.000048 0.023488
2 2 0.011164 0.306323 0.665830 0.000018 0.016665
2 2 0.004045 0.161466 0.820084 0.000023 0.014382
2 2 0.006270 0.209059 0.767176 0.000026 0.017469
2 2 0.005712 0.194315 0.786870 0.000039 0.013065
2 2 0.005824 0.198288 0.775156 0.000024 0.020708
2 2 0.000151 0.042256 0.957034 0.000021 0.000538
2 2 0.000056 0.027096 0.972372 0.000036 0.000441
2 2 0.000076 0.027566 0.971651 0.000062 0.000645
2 2 0.000002 0.002219 0.997593 0.000137 0.000049
2 2 0.000000 0.000117 0.999818 0.000061 0.000004
2 2 0.000000 0.000208 0.999723 0.000062 0.000006
2 2 0.000014 0.010266 0.989241 0.000062 0.000417
2 2 0.000002 0.002467 0.997304 0.000165 0.000061
2 2 0.000000 0.000128 0.999765 0.000102 0.000004
2 2 0.000055 0.013242 0.986325 0.000069 0.000309
2 2 0.000003 0.000619 0.996850 0.002520 0.000008
2 2 0.000000 0.000052 0.998551 0.001395 0.000001
2 2 0.000002 0.000380 0.997574 0.002041 0.000003
2 2 0.000001 0.000727 0.998661 0.000597 0.000015
2 2 0.000000 0.000045 0.998111 0.001844 0.000001
2 2 0.000026 0.007627 0.991749 0.000473 0.000125
2 2 0.000000 0.000257 0.999140 0.000598 0.000005
2 2 0.000000 0.000002 0.999091 0.000907 0.000000
2 2 0.000000 0.000149 0.998901 0.000946 0.000003
2 2 0.000001 0.000435 0.998586 0.000965 0.000014
2 2 0.000000 0.000004 0.993591 0.006405 0.000000
2 2 0.000001 0.000069 0.986836 0.013093 0.000001
2 2 0.000000 0.000009 0.990194 0.009797 0.000000
2 2 0.000000 0.000104 0.985153 0.014738 0.000004
2 2 0.000000 0.000023 0.989972 0.010004 0.000001
2 3 0.000000 0.000006 0.742746 0.257247 0.000000
2 3 0.000000 0.000014 0.686831 0.313154 0.000000
2 3 0.000006 0.000127 0.781334 0.218530 0.000003
2 3 0.000003 0.000090 0.806456 0.193448 0.000003
2 3 0.000010 0.000154 0.632933 0.366897 0.000006
3 3 0.000009 0.000078 0.291711 0.708195 0.000007
3 3 0.000000 0.000006 0.238011 0.761982 0.000001
3 3 0.000009 0.000098 0.245842 0.754031 0.000020
3 3 0.000124 0.000688 0.318418 0.680685 0.000085
3 3 0.000003 0.000044 0.247549 0.752396 0.000008
3 3 0.000026 0.000120 0.180564 0.819277 0.000013
3 3 0.000013 0.000080 0.158245 0.841648 0.000014
3 3 0.000020 0.000074 0.096574 0.903318 0.000013
3 3 0.000056 0.000219 0.113835 0.885831 0.000060
3 3 0.000110 0.000443 0.179969 0.819397 0.000082
3 3 0.000030 0.000109 0.068080 0.931738 0.000043
3 3 0.000054 0.000134 0.062816 0.936956 0.000040
3 3 0.000152 0.000311 0.068565 0.930879 0.000094
3 3 0.000176 0.000275 0.044688 0.954754 0.000107
3 3 0.000144 0.000284 0.048236 0.951196 0.000139
3 3 0.000132 0.000185 0.035791 0.963821 0.000071
3 3 0.000017 0.000048 0.031598 0.968306 0.000032
3 3 0.000158 0.000273 0.044358 0.955086 0.000124
3 3 0.000682 0.001214 0.075409 0.922161 0.000534
3 3 0.000250 0.000337 0.041913 0.957371 0.000130
3 3 0.000107 0.000197 0.041019 0.958583 0.000094
3 3 0.000122 0.000240 0.045367 0.954153 0.000118
3 3 0.000056 0.000109 0.034015 0.965766 0.000054
3 3 0.000293 0.000356 0.040534 0.958688 0.000129
3 3 0.000087 0.000151 0.038563 0.961137 0.000063
3 3 0.000178 0.000245 0.037910 0.961570 0.000097
3 3 0.000116 0.000224 0.043872 0.955679 0.000109
3 3 0.000020 0.000032 0.019697 0.980236 0.000014
3 3 0.000077 0.000154 0.039162 0.960528 0.000078
3 3 0.000081 0.000105 0.027304 0.972469 0.000041
3 3 0.000022 0.000045 0.027029 0.972881 0.000022
3 3 0.000045 0.000093 0.033416 0.966399 0.000048
3 3 0.000061 0.000102 0.030974 0.968816 0.000047
3 3 0.000052 0.000097 0.032069 0.967735 0.000047
3 3 0.000068 0.000157 0.042609 0.957079 0.000087
3 3 0.000060 0.000110 0.033269 0.966507 0.000053
3 3 0.000082 0.000146 0.036287 0.963416 0.000069
3 3 0.000175 0.000258 0.040014 0.959448 0.000106
3 3 0.000050 0.000097 0.032938 0.966866 0.000049
3 3 0.000597 0.000667 0.048214 0.950297 0.000224
3 3 0.003827 0.006542 0.162426 0.823590 0.003616
2 3 0.264509 0.074147 0.463302 0.195453 0.002589
0 1 0.470168 0.142884 0.344804 0.040332 0.001813
2 1 0.042032 0.033247 0.750574 0.172355 0.001793
2 2 0.024847 0.016068 0.739734 0.218181 0.001171
2 2 0.000343 0.001144 0.926476 0.072020 0.000016
2 2 0.000969 0.008201 0.910920 0.079580 0.000330
2 2 0.000940 0.004748 0.918884 0.075387 0.000041
2 2 0.000827 0.003465 0.922089 0.073581 0.000039
2 2 0.003276 0.013221 0.948920 0.034375 0.000208
2 2 0.005861 0.008993 0.939285 0.045749 0.000112
2 2 0.044819 0.066841 0.872054 0.015245 0.001041
2 2 0.028287 0.036405 0.893184 0.041720 0.000405
2 2 0.021526 0.053189 0.913082 0.011647 0.000557
2 2 0.003784 0.011485 0.967860 0.016770 0.000102
2 2 0.019773 0.033016 0.927785 0.019158 0.000269
2 2 0.005790 0.027612 0.962068 0.004405 0.000124
2 2 0.000009 0.000232 0.952702 0.047056 0.000002
2 2 0.000567 0.008360 0.973558 0.017456 0.000058
2 2 0.002695 0.010912 0.974896 0.011445 0.000052
2 2 0.000065 0.001012 0.979856 0.019063 0.000004
2 2 0.000002 0.000122 0.986326 0.013550 0.000001
2 2 0.000000 0.000012 0.972854 0.027134 0.000000
2 2 0.001729 0.008041 0.971979 0.018204 0.000047
2 2 0.000000 0.000010 0.959860 0.040130 0.000000
2 2 0.002593 0.018794 0.970154 0.008301 0.000159
2 2 0.000146 0.003384 0.984984 0.011448 0.000038
2 2 0.000285 0.003637 0.989565 0.006487 0.000026
2 2 0.000119 0.001576 0.980816 0.017480 0.000009
2 2 0.000148 0.007912 0.984120 0.007634 0.000186
2 2 0.021462 0.073066 0.899781 0.004026 0.001666
2 2 0.175570 0.176250 0.641600 0.001162 0.005418
2 2 0.003459 0.045278 0.947482 0.000819 0.002962
2 2 0.000934 0.023098 0.972992 0.001919 0.001057
2 2 0.001440 0.034541 0.959483 0.002300 0.002237
2 2 0.016201 0.080048 0.891543 0.000781 0.011426
2 2 0.002653 0.099367 0.871270 0.000502 0.026208
2 2 0.059836 0.173184 0.731788 0.001246 0.033945
2 2 0.402982 0.176875 0.405231 0.000609 0.014303
2 2 0.073638 0.177888 0.719913 0.000325 0.028237
2 2 0.007123 0.188518 0.747675 0.000027 0.056657
2 2 0.000362 0.060126 0.920480 0.000132 0.018900
2 2 0.008095 0.219441 0.706974 0.000037 0.065453
2 2 0.016165 0.230198 0.687087 0.000007 0.066543
2 2 0.006116 0.206507 0.731515 0.000043 0.055818
0 2 0.615825 0.235271 0.117683 0.000082 0.031138
1 2 0.353798 0.390327 0.191514 0.000066 0.064296
2 2 0.026091 0.134800 0.745129 0.000798 0.093183
2 4 0.048678 0.286990 0.413434 0.000731 0.250167
2 4 0.211658 0.218498 0.386850 0.001534 0.181460
0 4 0.680039 0.185114 0.065294 0.000282 0.069270
0 4 0.471952 0.263799 0.111562 0.000981 0.151706
1 4 0.248204 0.280127 0.214461 0.001868 0.255339
0 4 0.714524 0.196197 0.057843 0.000072 0.031364
2 4 0.085712 0.340629 0.347030 0.002310 0.224320
1 4 0.137098 0.340116 0.208138 0.001014 0.313633
4 4 0.146472 0.104350 0.157387 0.002803 0.588988
0 4 0.359266 0.236431 0.130664 0.001549 0.272090
0 4 0.574360 0.261588 0.060540 0.000044 0.103468
0 4 0.430877 0.209073 0.169460 0.000245 0.190346
4 4 0.056859 0.144813 0.352389 0.004523 0.441416
0 4 0.428243 0.304895 0.076522 0.000189 0.190150
4 4 0.112929 0.117708 0.161352 0.003827 0.604184
0 4 0.384602 0.195804 0.088832 0.001293 0.329468
0 4 0.426964 0.295633 0.063926 0.000073 0.213404
2 4 0.029996 0.252892 0.447281 0.000345 0.269486
0 1 0.633587 0.257703 0.085696 0.000019 0.022996
1 1 0.318841 0.347299 0.179392 0.000035 0.154433
2 2 0.046985 0.241680 0.434145 0.000041 0.277150
2 2 0.081237 0.266437 0.431047 0.000068 0.221210
0 2 0.386453 0.206780 0.348530 0.000128 0.058109
2 2 0.011955 0.119244 0.798979 0.000277 0.069545
2 2 0.105849 0.232933 0.537768 0.000078 0.123373
2 2 0.019449 0.186299 0.659178 0.000486 0.134588
2 2 0.068301 0.162259 0.680503 0.000317 0.088620
2 2 0.018934 0.209603 0.420066 0.000066 0.351332
4 4 0.027042 0.190651 0.337443 0.000111 0.444752
2 4 0.016441 0.185413 0.403468 0.000340 0.394337
4 4 0.026615 0.219077 0.364921 0.000057 0.389331
1 4 0.138348 0.493845 0.138563 0.000007 0.229237
0 4 0.412026 0.269755 0.058058 0.000050 0.260110
4 4 0.250409 0.248451 0.062562 0.000282 0.438296
0 4 0.603025 0.141984 0.022688 0.000018 0.232285
4 4 0.212740 0.117863 0.079756 0.000498 0.589144
4 4 0.370219 0.135979 0.046543 0.000202 0.447057
0 4 0.816305 0.121069 0.029720 0.000115 0.032791
1 4 0.318358 0.375054 0.176191 0.000078 0.130318
4 4 0.235989 0.176730 0.197934 0.003297 0.386050
0 4 0.634559 0.252003 0.067814 0.000021 0.045603
0 4 0.291647 0.241793 0.210339 0.000065 0.256156
4 4 0.031874 0.227988 0.341763 0.000203 0.398172
4 4 0.023165 0.182387 0.395433 0.000323 0.398692
4 4 0.042817 0.274829 0.302684 0.000239 0.379432
4 4 0.108512 0.162070 0.138678 0.000515 0.590225
0 4 0.430918 0.273189 0.052575 0.000054 0.243263
0 4 0.572919 0.216459 0.184939 0.000375 0.025308
0 4 0.402199 0.372621 0.199153 0.000352 0.025675
2 4 0.150502 0.325414 0.479662 0.002559 0.041863
0 1 0.393254 0.206738 0.365743 0.000865 0.033400
0 0 0.846046 0.101499 0.046573 0.000448 0.005433
0 0 0.727419 0.191059 0.067755 0.000025 0.013742
1 1 0.166866 0.449992 0.278151 0.000017 0.104973
2 1 0.078174 0.260540 0.547396 0.000078 0.113812
2 1 0.009736 0.109195 0.781192 0.000413 0.099464
2 2 0.024178 0.166577 0.703409 0.000296 0.105540
2 2 0.000099 0.027068 0.968097 0.000017 0.004718
2 2 0.000130 0.024526 0.972472 0.000033 0.002839
2 2 0.000122 0.036432 0.959046 0.000034 0.004365
2 2 0.000054 0.018795 0.979187 0.000029 0.001935
2 2 0.000049 0.017896 0.979306 0.000024 0.002725
2 2 0.000062 0.018267 0.979488 0.000150 0.002032
2 2 0.000098 0.006199 0.992563 0.000818 0.000323
2 2 0.000436 0.032770 0.961758 0.000085 0.004952
2 2 0.000738 0.040882 0.953994 0.000126 0.004260
2 2 0.000012 0.009218 0.990009 0.000191 0.000569
2 2 0.000168 0.020674 0.976005 0.000255 0.002898
2 2 0.001766 0.085308 0.901778 0.000163 0.010986
2 2 0.001045 0.061631 0.926738 0.000107 0.010479
2 2 0.000432 0.010840 0.987909 0.000341 0.000478
2 2 0.000661 0.056890 0.939340 0.000058 0.003050
2 2 0.000061 0.016936 0.978507 0.000445 0.004050
2 2 0.003872 0.149340 0.792304 0.000053 0.054431
2 2 0.002659 0.149956 0.762517 0.000242 0.084626
2 2 0.002653 0.118990 0.833875 0.000028 0.044454
2 2 0.000470 0.062043 0.909994 0.000093 0.027400
2 2 0.103327 0.228569 0.646084 0.000634 0.021387
2 2 0.010800 0.221081 0.757371 0.000234 0.010513
2 2 0.003607 0.047920 0.941504 0.000538 0.006431
2 1 0.112016 0.241972 0.634075 0.005113 0.006824
2 2 0.015230 0.142336 0.822278 0.000172 0.019983
2 2 0.007202 0.243005 0.676472 0.000009 0.073312
2 2 0.005827 0.181761 0.724160 0.000003 0.088249
2 2 0.012482 0.238578 0.680497 0.000016 0.068426
2 2 0.004690 0.167583 0.757289 0.000009 0.070429
2 2 0.007129 0.238989 0.651675 0.000006 0.102201
2 2 0.002152 0.131767 0.839038 0.000003 0.027040
2 2 0.000232 0.036516 0.954165 0.000025 0.009061
2 2 0.000215 0.035522 0.948758 0.000010 0.015496
2 2 0.002676 0.125792 0.840905 0.000013 0.030614
2 2 0.000519 0.086704 0.897201 0.000021 0.015555
2 2 0.008320 0.203650 0.738981 0.000051 0.048999
2 2 0.003512 0.099220 0.852807 0.000101 0.044359
1 1 0.127750 0.515074 0.328817 0.000081 0.028278
2 1 0.012689 0.238079 0.727183 0.000040 0.022010
2 2 0.017645 0.172132 0.791773 0.000084 0.018365
2 2 0.004924 0.086370 0.890875 0.000590 0.017241
2 2 0.009004 0.156763 0.663159 0.000449 0.170625
2 2 0.013012 0.169010 0.688980 0.000300 0.128697
2 2 0.074085 0.287994 0.535586 0.000057 0.102278
2 2 0.015836 0.181226 0.708731 0.000061 0.094146
2 2 0.001399 0.087296 0.896845 0.000109 0.014350
2 2 0.004916 0.039580 0.950487 0.000103 0.004914
2 2 0.002759 0.029785 0.963691 0.001319 0.002447
2 2 0.000463 0.031061 0.964990 0.000287 0.003199
2 2 0.000157 0.015908 0.980978 0.000844 0.002114
2 2 0.001289 0.054587 0.939501 0.000139 0.004483
2 2 0.010671 0.074802 0.909889 0.000229 0.004410
2 2 0.000194 0.009487 0.989551 0.000167 0.000601
2 2 0.000997 0.026093 0.970976 0.000133 0.001800
2 2 0.000037 0.001312 0.996415 0.002162 0.000074
2 2 0.000172 0.058877 0.918329 0.000124 0.022498
2 2 0.001427 0.096343 0.857761 0.000063 0.044406
2 2 0.000961 0.086943 0.845661 0.000143 0.066292
2 2 0.002510 0.140678 0.764200 0.000054 0.092558
2 2 0.001926 0.092617 0.846257 0.000087 0.059113
2 2 0.002412 0.064139 0.921056 0.001059 0.011334
1 1 0.307794 0.369296 0.313102 0.001023 0.008786
2 1 0.022299 0.096902 0.873102 0.001966 0.005731
2 2 0.000685 0.028048 0.966794 0.001823 0.002649
2 2 0.010943 0.103437 0.874493 0.000287 0.010840
2 2 0.000061 0.015387 0.983653 0.000134 0.000765
2 2 0.000468 0.070663 0.924213 0.000055 0.004602
2 2 0.000002 0.001558 0.998204 0.000195 0.000041
2 2 0.000001 0.000886 0.998954 0.000129 0.000030
2 4 0.000753 0.027495 0.968462 0.000158 0.003132
2 4 0.007853 0.183915 0.712380 0.000046 0.095807
2 4 0.001078 0.065346 0.892774 0.000137 0.040665
2 4 0.010587 0.203979 0.643469 0.000140 0.141825
2 4 0.036389 0.299423 0.556339 0.000027 0.107821
4 4 0.128497 0.323837 0.218439 0.000016 0.329211
0 4 0.703775 0.146748 0.059055 0.000772 0.089650
0 4 0.674407 0.165497 0.055996 0.000801 0.103298
0 4 0.578767 0.280103 0.093518 0.000221 0.047390
0 1 0.922189 0.056816 0.014118 0.000017 0.006860
0 1 0.935953 0.045936 0.010614 0.000027 0.007470
2 1 0.041962 0.312177 0.564341 0.000036 0.081485
2 1 0.036990 0.233741 0.639319 0.000038 0.089912
2 2 0.008759 0.170402 0.766962 0.000044 0.053834
1 2 0.250844 0.475234 0.230171 0.000017 0.043733
2 2 0.021730 0.146066 0.770760 0.000090 0.061354
2 2 0.000010 0.004743 0.994971 0.000094 0.000182
2 2 0.000005 0.004036 0.995696 0.000074 0.000189
2 2 0.000001 0.000740 0.999175 0.000035 0.000050
2 2 0.000003 0.001744 0.997950 0.000198 0.000104
2 2 0.000086 0.022314 0.976436 0.000091 0.001072
2 2 0.000004 0.000450 0.998533 0.001003 0.000009
2 2 0.000001 0.000341 0.998483 0.001167 0.000008
2 2 0.000893 0.029548 0.968276 0.000883 0.000400
2 2 0.000023 0.002143 0.997508 0.000298 0.000028
2 2 0.000001 0.000072 0.996261 0.003665 0.000001
2 2 0.000000 0.000060 0.981405 0.018534 0.000001
2 2 0.000067 0.002986 0.977132 0.019728 0.000087
2 2 0.000001 0.000164 0.990800 0.009029 0.000007
2 2 0.000014 0.001508 0.988060 0.010359 0.000058
2 2 0.001464 0.023433 0.971447 0.003329 0.000328
2 2 0.002940 0.012515 0.976783 0.006704 0.001057
