0 0 0.888640 0.054222 0.005963 0.000018 0.051157
0 0 0.931509 0.022207 0.003794 0.000063 0.042428
0 0 0.937480 0.023744 0.003112 0.000024 0.035640
0 0 0.957002 0.019770 0.002463 0.000017 0.020748
0 0 0.971799 0.012053 0.001183 0.000006 0.014959
0 0 0.963449 0.015962 0.001870 0.000012 0.018706
0 0 0.966803 0.014859 0.001568 0.000008 0.016761
0 0 0.953910 0.022639 0.002719 0.000016 0.020717
0 0 0.979306 0.009132 0.000747 0.000002 0.010813
0 0 0.985366 0.005068 0.000365 0.000001 0.009200
0 0 0.977924 0.007861 0.000768 0.000005 0.013442
0 0 0.959876 0.018973 0.002161 0.000012 0.018979
0 0 0.976461 0.009271 0.000863 0.000004 0.013400
0 0 0.973389 0.014468 0.001165 0.000001 0.010976
0 0 0.978571 0.007925 0.000739 0.000004 0.012762
0 0 0.987499 0.004299 0.000457 0.000001 0.007745
0 0 0.988047 0.004096 0.000532 0.000000 0.007325
0 0 0.989025 0.003725 0.000238 0.000000 0.007011
0 0 0.988830 0.003814 0.000385 0.000000 0.006971
0 0 0.988337 0.003709 0.000511 0.000000 0.007442
0 0 0.985008 0.005212 0.000604 0.000001 0.009174
0 0 0.980413 0.006803 0.001578 0.000002 0.011204
0 0 0.987744 0.004209 0.000433 0.000001 0.007613
0 0 0.951896 0.026770 0.003055 0.000008 0.018270
0 0 0.909241 0.063706 0.006070 0.000010 0.020973
0 0 0.981447 0.007936 0.000559 0.000001 0.010057
0 0 0.993358 0.002193 0.000095 0.000000 0.004353
0 0 0.988540 0.003902 0.000254 0.000001 0.007304
0 0 0.977182 0.007199 0.000678 0.000002 0.014938
0 0 0.989143 0.003695 0.000299 0.000000 0.006863
0 0 0.990030 0.003367 0.000232 0.000000 0.006370
0 0 0.988573 0.003894 0.000269 0.000001 0.007264
0 0 0.972085 0.008636 0.001049 0.000003 0.018228
0 0 0.982190 0.009133 0.000577 0.000000 0.008099
0 0 0.993484 0.002133 0.000120 0.000000 0.004263
0 0 0.989326 0.003612 0.000216 0.000000 0.006846
0 0 0.989489 0.003549 0.000200 0.000000 0.006761
0 0 0.987618 0.004726 0.000217 0.000000 0.007440
0 0 0.988562 0.004084 0.000234 0.000000 0.007119
0 0 0.990799 0.003074 0.000157 0.000000 0.005970
0 0 0.980569 0.012337 0.000485 0.000000 0.006610
0 1 0.840381 0.111665 0.008667 0.000006 0.039281
0 1 0.713305 0.184307 0.010816 0.000003 0.091569
0 1 0.715456 0.212166 0.023027 0.000026 0.049324
0 1 0.622581 0.233538 0.021834 0.000018 0.122030
0 1 0.614978 0.265766 0.034789 0.000041 0.084425
0 1 0.494377 0.257731 0.050167 0.000265 0.197461
0 1 0.561379 0.359494 0.017723 0.000002 0.061402
4 2 0.143351 0.284151 0.121236 0.000612 0.450651
4 2 0.084160 0.361190 0.144621 0.000294 0.409735
4 2 0.035121 0.221160 0.177029 0.009957 0.556734
2 2 0.009636 0.111071 0.654024 0.012214 0.213055
2 2 0.003505 0.111698 0.795912 0.000613 0.088272
0 1 0.883971 0.083067 0.011840 0.000008 0.021113
1 1 0.279237 0.507047 0.146704 0.000092 0.066921
0 1 0.845925 0.104316 0.013557 0.000002 0.036200
0 1 0.795488 0.164905 0.012542 0.000004 0.027061
0 1 0.765601 0.166411 0.036835 0.000013 0.031140
0 1 0.475507 0.326280 0.097831 0.000003 0.100379
1 1 0.166548 0.475316 0.152022 0.001270 0.204844
1 1 0.257010 0.502984 0.198664 0.000025 0.041317
2 2 0.024725 0.190627 0.420355 0.014650 0.349643
2 2 0.020435 0.171881 0.607796 0.003437 0.196451
2 2 0.023719 0.285975 0.519011 0.000102 0.171192
2 2 0.019222 0.311782 0.487875 0.000038 0.181084
2 2 0.000005 0.002744 0.955149 0.031266 0.010836
2 2 0.000015 0.006446 0.973312 0.001415 0.018812
1 1 0.222926 0.530723 0.201156 0.001991 0.043205
2 2 0.000694 0.048034 0.919699 0.001420 0.030153
1 2 0.091764 0.528803 0.353560 0.001585 0.024288
2 2 0.015427 0.165316 0.689197 0.000524 0.129535
1 2 0.061577 0.407734 0.381767 0.001301 0.147620
2 2 0.000042 0.009675 0.964365 0.002613 0.023304
0 0 0.818574 0.119808 0.024667 0.000087 0.036863
0 0 0.932735 0.049211 0.004279 0.000002 0.013774
0 0 0.906118 0.080235 0.003555 0.000000 0.010091
0 0 0.953103 0.037608 0.001955 0.000000 0.007334
0 0 0.986808 0.006808 0.000295 0.000000 0.006089
0 0 0.974005 0.012812 0.000985 0.000002 0.012195
0 0 0.977180 0.012303 0.000747 0.000001 0.009769
0 0 0.913255 0.052092 0.007516 0.000031 0.027105
0 0 0.892894 0.055837 0.019798 0.000461 0.031009
0 0 0.859683 0.088890 0.017536 0.000125 0.033767
0 0 0.902824 0.056051 0.008919 0.000064 0.032142
0 0 0.923923 0.049586 0.006450 0.000008 0.020032
0 0 0.953475 0.025775 0.002583 0.000008 0.018158
0 0 0.965302 0.021362 0.001403 0.000002 0.011931
0 0 0.960827 0.027198 0.001459 0.000001 0.010515
0 0 0.960887 0.023809 0.001754 0.000002 0.013548
0 0 0.975250 0.013975 0.000836 0.000001 0.009938
0 0 0.968457 0.017661 0.001293 0.000002 0.012586
0 0 0.961461 0.019207 0.001972 0.000008 0.017352
0 0 0.968715 0.016270 0.001555 0.000003 0.013458
0 0 0.920443 0.051037 0.005604 0.000015 0.022901
0 0 0.964033 0.018938 0.001698 0.000005 0.015326
0 0 0.933099 0.034309 0.005107 0.000041 0.027444
0 0 0.940035 0.028399 0.004373 0.000043 0.027149
0 0 0.944615 0.031696 0.003414 0.000012 0.020264
0 0 0.974140 0.015796 0.000844 0.000001 0.009220
0 0 0.964505 0.020487 0.001883 0.000002 0.013122
0 0 0.971915 0.014511 0.001107 0.000002 0.012464
0 0 0.980263 0.010505 0.000581 0.000001 0.008651
0 0 0.975782 0.013604 0.000807 0.000001 0.009806
0 0 0.975328 0.013066 0.000867 0.000001 0.010737
0 0 0.959035 0.016751 0.002312 0.000023 0.021878
0 0 0.956443 0.027576 0.002024 0.000003 0.013955
0 0 0.951055 0.031267 0.002451 0.000004 0.015223
0 0 0.953243 0.029385 0.002543 0.000003 0.014826
0 0 0.933149 0.035955 0.004957 0.000031 0.025907
0 0 0.885456 0.071471 0.012748 0.000043 0.030282
0 0 0.967140 0.025012 0.001188 0.000000 0.006659
0 0 0.977948 0.012697 0.000670 0.000001 0.008684
0 0 0.978199 0.010770 0.000769 0.000001 0.010260
0 0 0.976989 0.009576 0.000825 0.000003 0.012606
0 0 0.986821 0.004536 0.000338 0.000001 0.008304
0 0 0.962722 0.019405 0.002032 0.000005 0.015836
0 0 0.971636 0.017408 0.001232 0.000001 0.009723
0 0 0.984286 0.007520 0.000516 0.000000 0.007677
0 0 0.983820 0.007895 0.000423 0.000000 0.007861
0 0 0.957422 0.025138 0.002098 0.000004 0.015338
0 0 0.987866 0.006718 0.000519 0.000000 0.004897
0 0 0.863431 0.072247 0.029098 0.000763 0.034461
0 0 0.722694 0.160963 0.075859 0.001553 0.038931
0 0 0.940011 0.036462 0.004428 0.000008 0.019091
0 0 0.911935 0.060941 0.006471 0.000009 0.020644
0 0 0.937628 0.042056 0.003766 0.000004 0.016547
0 0 0.976819 0.013606 0.000792 0.000001 0.008783
0 0 0.985093 0.008137 0.000346 0.000000 0.006423
0 0 0.979041 0.012720 0.000752 0.000000 0.007487
0 0 0.986139 0.006165 0.000422 0.000000 0.007273
0 0 0.981799 0.008128 0.000536 0.000001 0.009536
0 0 0.986118 0.005818 0.000333 0.000001 0.007731
0 0 0.977538 0.013270 0.000711 0.000000 0.008481
0 0 0.989928 0.003940 0.000187 0.000000 0.005945
0 0 0.987556 0.006731 0.000283 0.000000 0.005430
0 0 0.974074 0.016498 0.001321 0.000000 0.008106
0 0 0.987514 0.005886 0.000476 0.000000 0.006124
0 0 0.985443 0.008904 0.000549 0.000000 0.005104
0 0 0.967341 0.019512 0.001490 0.000001 0.011655
0 0 0.982731 0.010114 0.000826 0.000000 0.006329
0 0 0.991542 0.004009 0.000157 0.000000 0.004293
0 0 0.987309 0.005199 0.000420 0.000000 0.007071
0 0 0.980441 0.011622 0.000708 0.000000 0.007228
0 0 0.990236 0.004042 0.000273 0.000000 0.005449
0 0 0.982481 0.008730 0.000713 0.000000 0.008075
0 0 0.983496 0.007811 0.000483 0.000001 0.008209
0 0 0.973747 0.015982 0.001599 0.000000 0.008671
0 0 0.966628 0.014912 0.001584 0.000008 0.016868
0 0 0.982179 0.008333 0.000519 0.000001 0.008968
0 0 0.980110 0.011655 0.000724 0.000000 0.007510
0 0 0.956113 0.028131 0.003110 0.000002 0.012644
0 0 0.970891 0.021536 0.000938 0.000000 0.006635
0 0 0.974326 0.015573 0.000878 0.000001 0.009223
0 0 0.981315 0.009623 0.000536 0.000001 0.008526
0 0 0.957920 0.033197 0.001299 0.000000 0.007584
0 0 0.970563 0.017959 0.001060 0.000001 0.010416
0 0 0.980242 0.011834 0.000532 0.000000 0.007392
0 0 0.935538 0.050319 0.002586 0.000001 0.011556
0 0 0.974005 0.016911 0.000787 0.000000 0.008297
0 0 0.952521 0.038660 0.001536 0.000000 0.007282
0 0 0.917401 0.045289 0.007043 0.000054 0.030213
0 0 0.954759 0.022907 0.002596 0.000013 0.019725
0 0 0.947342 0.033489 0.002799 0.000005 0.016365
0 0 0.947125 0.037781 0.002323 0.000002 0.012770
0 0 0.970086 0.012867 0.001327 0.000007 0.015714
0 0 0.975881 0.014737 0.000756 0.000000 0.008626
0 0 0.967603 0.014003 0.001572 0.000008 0.016814
0 0 0.958519 0.028398 0.002337 0.000001 0.010745
0 0 0.950991 0.027781 0.002780 0.000008 0.018440
0 0 0.977736 0.009852 0.000771 0.000002 0.011639
0 0 0.973026 0.015652 0.000953 0.000001 0.010369
0 0 0.961061 0.026411 0.001505 0.000001 0.011022
0 0 0.906551 0.072701 0.006706 0.000000 0.014041
0 0 0.975154 0.014874 0.000832 0.000001 0.009139
0 0 0.884888 0.084610 0.008423 0.000011 0.022068
0 0 0.969254 0.018906 0.001539 0.000001 0.010301
0 0 0.948820 0.031676 0.002820 0.000005 0.016679
0 0 0.972921 0.016794 0.001037 0.000001 0.009248
0 0 0.918208 0.053725 0.008743 0.000002 0.019322
0 0 0.968469 0.018480 0.001630 0.000001 0.011419
0 0 0.968416 0.021280 0.001053 0.000001 0.009250
0 0 0.940325 0.048607 0.002703 0.000000 0.008364
0 0 0.942515 0.042204 0.003198 0.000001 0.012082
0 0 0.883183 0.085616 0.009873 0.000005 0.021324
0 0 0.900810 0.079548 0.005645 0.000000 0.013997
0 1 0.533313 0.394804 0.033168 0.000005 0.038709
0 1 0.909036 0.077108 0.004336 0.000000 0.009520
0 1 0.500986 0.336831 0.052238 0.000115 0.109830
0 1 0.445761 0.366696 0.073169 0.000063 0.114312
0 1 0.534204 0.369333 0.032833 0.000001 0.063629
0 1 0.602708 0.309095 0.040550 0.000049 0.047599
0 1 0.511432 0.294888 0.046634 0.000036 0.147011
0 1 0.331060 0.313919 0.122476 0.000004 0.232540
0 1 0.435464 0.336148 0.091235 0.000002 0.137150
1 1 0.210112 0.492382 0.106027 0.000014 0.191466
1 1 0.226333 0.443203 0.189050 0.000006 0.141409
1 1 0.249471 0.442586 0.155378 0.000337 0.152229
1 2 0.144166 0.486897 0.153489 0.000224 0.215223
2 2 0.007212 0.077241 0.689043 0.004940 0.221564
1 2 0.084647 0.388606 0.225556 0.000143 0.301048
2 2 0.000495 0.065518 0.875338 0.000179 0.058470
1 2 0.126504 0.509527 0.282304 0.000061 0.081604
2 2 0.000852 0.085230 0.837644 0.011220 0.065054
2 2 0.001250 0.063522 0.896860 0.003878 0.034490
2 2 0.000004 0.001722 0.984139 0.008764 0.005370
2 2 0.000000 0.000202 0.974842 0.024791 0.000164
2 2 0.000016 0.003799 0.979526 0.014155 0.002503
2 2 0.002227 0.076106 0.903235 0.000043 0.018388
2 2 0.000005 0.001699 0.940694 0.055005 0.002596
2 2 0.000015 0.003265 0.987621 0.007033 0.002066
2 2 0.009011 0.075892 0.902307 0.005014 0.007776
2 2 0.000000 0.000758 0.994750 0.003106 0.001386
2 2 0.000017 0.001239 0.976741 0.016742 0.005261
2 2 0.000086 0.005675 0.967964 0.016305 0.009970
2 2 0.001125 0.075295 0.884560 0.011664 0.027355
2 2 0.000000 0.000028 0.736333 0.263636 0.000002
2 2 0.000001 0.000139 0.837464 0.162385 0.000011
2 2 0.000000 0.000016 0.794134 0.205847 0.000004
2 3 0.000001 0.000346 0.721025 0.278533 0.000094
2 3 0.000000 0.000091 0.593774 0.406112 0.000023
3 3 0.000001 0.000102 0.414743 0.585139 0.000015
3 3 0.000000 0.000021 0.280667 0.719309 0.000002
3 3 0.000002 0.000052 0.134981 0.864959 0.000006
3 3 0.000001 0.000027 0.095125 0.904843 0.000004
3 3 0.000010 0.000206 0.204787 0.794966 0.000031
3 3 0.000002 0.000028 0.072376 0.927591 0.000003
3 3 0.000030 0.000249 0.053794 0.945855 0.000073
3 3 0.000001 0.000056 0.144897 0.855022 0.000024
3 3 0.000003 0.000032 0.029062 0.970899 0.000005
3 3 0.000008 0.000060 0.025044 0.974879 0.000009
3 3 0.000041 0.000194 0.022330 0.977398 0.000038
3 3 0.000004 0.000086 0.057620 0.942278 0.000013
3 3 0.000007 0.000079 0.026284 0.973612 0.000018
3 3 0.000011 0.000091 0.019883 0.979997 0.000019
3 3 0.000010 0.000054 0.021230 0.978699 0.000006
3 3 0.000041 0.000253 0.032599 0.967041 0.000065
3 3 0.000004 0.000033 0.012567 0.987391 0.000005
3 3 0.000003 0.000023 0.013588 0.986384 0.000002
3 3 0.000003 0.000033 0.015828 0.984131 0.000005
3 3 0.000000 0.000006 0.011579 0.988414 0.000001
3 3 0.000016 0.000058 0.007735 0.992186 0.000006
3 3 0.000039 0.000186 0.016485 0.983251 0.000038
3 3 0.000031 0.000126 0.023748 0.976078 0.000017
3 3 0.000009 0.000045 0.010103 0.989838 0.000005
3 3 0.000017 0.000093 0.012642 0.987234 0.000015
3 3 0.000098 0.000579 0.030834 0.968262 0.000227
3 3 0.000013 0.000088 0.014119 0.985764 0.000016
3 3 0.000045 0.000199 0.016100 0.983616 0.000040
3 3 0.000005 0.000047 0.018897 0.981043 0.000008
3 3 0.000033 0.000143 0.013334 0.986465 0.000025
3 3 0.000005 0.000027 0.005597 0.994368 0.000003
3 3 0.000000 0.000002 0.011951 0.988046 0.000000
3 3 0.000008 0.000034 0.005887 0.994069 0.000003
3 3 0.000001 0.000009 0.003489 0.996501 0.000001
3 3 0.000003 0.000014 0.003948 0.996034 0.000001
3 3 0.000003 0.000023 0.010276 0.989695 0.000002
3 3 0.000179 0.000417 0.021036 0.978296 0.000071
3 3 0.000104 0.000268 0.016823 0.982764 0.000041
3 3 0.000003 0.000038 0.023203 0.976749 0.000006
3 3 0.000012 0.000053 0.008966 0.990963 0.000006
3 3 0.000004 0.000022 0.005426 0.994546 0.000002
3 3 0.000019 0.000070 0.008607 0.991297 0.000008
3 3 0.000001 0.000008 0.004591 0.995399 0.000000
3 3 0.000002 0.000013 0.004573 0.995411 0.000001
3 3 0.000002 0.000011 0.003766 0.996219 0.000001
3 3 0.000133 0.000489 0.025358 0.973894 0.000126
3 3 0.000034 0.000146 0.013456 0.986339 0.000025
3 3 0.000015 0.000057 0.007685 0.992238 0.000006
3 3 0.000028 0.000128 0.012666 0.987157 0.000022
3 3 0.000020 0.000072 0.008651 0.991249 0.000008
3 3 0.000133 0.000328 0.018630 0.980857 0.000053
3 3 0.000009 0.000038 0.006301 0.993647 0.000004
3 3 0.000018 0.000064 0.008187 0.991724 0.000007
3 3 0.000004 0.000019 0.005458 0.994518 0.000001
3 3 0.000002 0.000012 0.004342 0.995643 0.000001
3 3 0.000002 0.000010 0.004488 0.995499 0.000001
3 3 0.000001 0.000009 0.011129 0.988860 0.000001
3 3 0.000005 0.000022 0.005164 0.994808 0.000002
3 3 0.000015 0.000055 0.007586 0.992338 0.000006
3 3 0.000005 0.000024 0.004966 0.995003 0.000002
3 3 0.000013 0.000051 0.010821 0.989110 0.000005
3 3 0.000105 0.000401 0.022913 0.976484 0.000097
3 3 0.000021 0.000086 0.012286 0.987596 0.000011
3 3 0.000308 0.000648 0.026237 0.972683 0.000124
3 3 0.000009 0.000041 0.006857 0.993089 0.000004
3 3 0.000753 0.002338 0.057581 0.938298 0.001031
3 3 0.003049 0.004981 0.075510 0.914561 0.001899
0 2 0.328621 0.076114 0.264683 0.294535 0.036048
2 2 0.026118 0.128402 0.622025 0.197916 0.025539
2 2 0.001120 0.028876 0.841874 0.123263 0.004867
2 2 0.018106 0.389560 0.536397 0.002236 0.053701
2 2 0.034824 0.334698 0.598912 0.000959 0.030607
2 2 0.000458 0.015175 0.959275 0.009777 0.015316
2 2 0.000149 0.014217 0.974082 0.004870 0.006682
2 2 0.000042 0.016251 0.963479 0.002877 0.017351
2 2 0.006279 0.187697 0.766063 0.004973 0.034989
2 2 0.002357 0.051130 0.927027 0.002151 0.017335
2 2 0.000068 0.023280 0.965642 0.000349 0.010661
2 2 0.000195 0.013491 0.966526 0.003740 0.016048
2 2 0.001312 0.032471 0.939500 0.003197 0.023521
2 2 0.000002 0.000879 0.993827 0.004668 0.000624
2 2 0.000834 0.021328 0.914434 0.057812 0.005591
2 2 0.000115 0.008875 0.979617 0.009873 0.001519
2 2 0.000001 0.001060 0.990735 0.007890 0.000313
2 2 0.000001 0.000912 0.966076 0.031693 0.001319
2 2 0.000186 0.009285 0.960506 0.008363 0.021660
2 2 0.000673 0.023983 0.902266 0.013125 0.059954
2 2 0.001069 0.056795 0.822787 0.007394 0.111956
2 2 0.000250 0.033618 0.903195 0.002192 0.060745
2 2 0.000296 0.035193 0.910782 0.000137 0.053592
4 4 0.004242 0.142821 0.275281 0.000011 0.577645
4 4 0.008573 0.165953 0.238521 0.000004 0.586948
4 4 0.012222 0.156009 0.237540 0.000005 0.594224
4 4 0.054309 0.172164 0.073770 0.000026 0.699731
4 4 0.003976 0.147018 0.190090 0.000061 0.658854
4 4 0.058981 0.189285 0.061897 0.000052 0.689786
4 4 0.079540 0.295224 0.080562 0.000540 0.544135
4 4 0.048138 0.182148 0.151111 0.000005 0.618599
4 4 0.006686 0.109251 0.151164 0.000026 0.732873
4 4 0.015822 0.160602 0.141811 0.000001 0.681765
1 4 0.039262 0.428715 0.197105 0.000002 0.334916
4 4 0.025823 0.320123 0.174235 0.000004 0.479815
4 4 0.016506 0.299695 0.228164 0.000039 0.455595
4 4 0.052564 0.263282 0.188286 0.000034 0.495833
4 4 0.007547 0.206127 0.258822 0.000043 0.527460
2 4 0.001168 0.148969 0.695400 0.000161 0.154303
2 2 0.000521 0.034293 0.907254 0.001036 0.056896
2 2 0.000149 0.016602 0.935868 0.000375 0.047006
2 2 0.000032 0.012881 0.963092 0.000110 0.023885
2 2 0.006910 0.302681 0.526448 0.000246 0.163716
4 2 0.007575 0.121095 0.277490 0.000021 0.593819
4 4 0.003609 0.119456 0.346062 0.000031 0.530843
4 4 0.027858 0.145628 0.257196 0.000024 0.569294
4 4 0.033646 0.237770 0.201659 0.000004 0.526922
4 4 0.005358 0.172662 0.286417 0.000035 0.535527
4 4 0.023590 0.092828 0.163548 0.000007 0.720028
4 4 0.021536 0.120732 0.094192 0.000288 0.763253
4 4 0.063063 0.361308 0.080676 0.000005 0.494948
4 4 0.051193 0.077676 0.074376 0.000219 0.796536
4 4 0.042126 0.045492 0.020394 0.000277 0.891710
1 4 0.022391 0.608385 0.234508 0.000037 0.134678
2 4 0.027120 0.347831 0.406001 0.000021 0.219027
2 4 0.006978 0.295621 0.362490 0.000658 0.334253
2 4 0.001409 0.102948 0.637380 0.000028 0.258234
2 2 0.001105 0.053691 0.797240 0.000012 0.147951
2 2 0.000016 0.009901 0.973274 0.000611 0.016198
2 2 0.000394 0.026309 0.957860 0.001769 0.013668
2 2 0.000191 0.015611 0.970479 0.000333 0.013386
2 2 0.001042 0.037750 0.926559 0.001712 0.032937
2 2 0.000065 0.016131 0.957943 0.000016 0.025845
2 2 0.000076 0.013742 0.973883 0.000878 0.011421
2 2 0.000023 0.007039 0.972146 0.011239 0.009552
2 2 0.000007 0.004104 0.986651 0.002248 0.006989
2 2 0.000052 0.005872 0.985347 0.002750 0.005980
2 2 0.000030 0.005913 0.985977 0.000493 0.007587
2 2 0.000327 0.016999 0.968519 0.000171 0.013983
2 2 0.000018 0.003757 0.973149 0.019269 0.003807
2 2 0.000255 0.007986 0.973061 0.010101 0.008597
2 2 0.000044 0.007761 0.967008 0.008517 0.016670
2 2 0.000253 0.013452 0.969375 0.000496 0.016424
2 2 0.000018 0.002061 0.983352 0.010812 0.003758
2 2 0.000003 0.001179 0.988911 0.008774 0.001133
2 2 0.000012 0.001188 0.953963 0.043492 0.001346
2 2 0.000031 0.003235 0.987488 0.008084 0.001162
2 2 0.001116 0.012459 0.962217 0.019693 0.004516
2 2 0.000007 0.000958 0.966960 0.031647 0.000428
2 2 0.000020 0.002122 0.914961 0.081109 0.001788
2 2 0.000008 0.001183 0.881219 0.116645 0.000944
2 2 0.000408 0.003379 0.971604 0.024335 0.000275
2 2 0.000007 0.000649 0.865891 0.133269 0.000184
2 2 0.000306 0.008473 0.906181 0.079522 0.005517
2 2 0.000024 0.002740 0.870215 0.124712 0.002310
2 2 0.000005 0.001668 0.966089 0.030903 0.001335
2 2 0.000200 0.003584 0.816484 0.174111 0.005621
2 2 0.000006 0.000919 0.909053 0.089583 0.000438
2 2 0.000316 0.006854 0.682747 0.304654 0.005429
2 2 0.000109 0.002382 0.803946 0.192753 0.000811
2 2 0.000011 0.000976 0.597519 0.400387 0.001107
2 2 0.000641 0.003314 0.725575 0.270233 0.000238
2 2 0.000003 0.000489 0.593915 0.405356 0.000238
2 2 0.000335 0.013333 0.893836 0.059935 0.032561
2 2 0.015522 0.060905 0.654027 0.162213 0.107333
2 2 0.018182 0.048527 0.657325 0.156915 0.119050
0 2 0.360625 0.239158 0.355751 0.020443 0.024022
0 2 0.823219 0.111352 0.034349 0.000213 0.030868
2 2 0.000003 0.000616 0.994880 0.004439 0.000062
2 2 0.000011 0.002219 0.917505 0.080068 0.000196
2 2 0.000041 0.001746 0.983355 0.014680 0.000178
2 2 0.000007 0.001260 0.970610 0.027812 0.000311
2 2 0.000049 0.003197 0.836806 0.157527 0.002421
2 2 0.000097 0.003170 0.936134 0.060334 0.000265
2 2 0.000338 0.012904 0.904467 0.078048 0.004242
2 2 0.000009 0.001031 0.730181 0.268154 0.000626
2 2 0.002266 0.011096 0.670605 0.313123 0.002910
3 2 0.000449 0.004601 0.480165 0.513550 0.001235
3 3 0.000000 0.000046 0.376923 0.623029 0.000001
3 3 0.000026 0.000485 0.200068 0.799356 0.000065
3 3 0.000042 0.000456 0.127922 0.871473 0.000107
3 3 0.000024 0.000191 0.071245 0.928518 0.000022
3 3 0.000009 0.000104 0.090574 0.909298 0.000015
3 3 0.000543 0.001083 0.034418 0.963709 0.000248
3 3 0.000047 0.000144 0.020983 0.978808 0.000017
3 3 0.000589 0.001097 0.035386 0.962690 0.000238
3 3 0.000004 0.000020 0.012442 0.987533 0.000001
3 3 0.000029 0.000097 0.013240 0.986622 0.000011
3 3 0.000355 0.000737 0.038360 0.960409 0.000139
3 3 0.000307 0.000846 0.032232 0.966394 0.000222
3 3 0.000112 0.000286 0.020210 0.979349 0.000044
3 3 0.000448 0.001539 0.046881 0.950520 0.000611
3 3 0.000092 0.000252 0.023306 0.976313 0.000037
3 3 0.000873 0.001505 0.039958 0.957308 0.000356
3 3 0.000032 0.000125 0.020701 0.979125 0.000017
3 3 0.000007 0.000031 0.007681 0.992279 0.000003
3 3 0.000006 0.000027 0.008503 0.991462 0.000002
3 3 0.000032 0.000115 0.014045 0.985793 0.000015
3 3 0.000035 0.000112 0.010838 0.989001 0.000014
3 3 0.000382 0.000770 0.028613 0.970081 0.000154
3 3 0.000014 0.000062 0.009793 0.990124 0.000007
3 3 0.000066 0.000202 0.015047 0.984655 0.000031
3 3 0.000021 0.000085 0.011945 0.987938 0.000011
3 3 0.000025 0.000084 0.011189 0.988693 0.000009
3 3 0.001319 0.002102 0.047144 0.948895 0.000541
3 3 0.001422 0.002233 0.048578 0.947184 0.000584
3 3 0.000142 0.000356 0.019558 0.979884 0.000060
3 3 0.000132 0.000420 0.022588 0.976769 0.000091
3 3 0.000058 0.000167 0.013276 0.986476 0.000023
3 3 0.000191 0.000439 0.021579 0.977715 0.000076
3 3 0.000035 0.000166 0.019465 0.980303 0.000031
3 3 0.000147 0.000457 0.023543 0.975752 0.000101
3 3 0.000256 0.000575 0.024909 0.974150 0.000110
3 3 0.000119 0.000365 0.020751 0.978692 0.000073
3 3 0.000148 0.000527 0.026241 0.972948 0.000136
3 3 0.000182 0.000423 0.021187 0.978134 0.000073
3 3 0.000033 0.000125 0.014367 0.985458 0.000018
3 3 0.000132 0.000332 0.018858 0.980622 0.000055
3 3 0.000027 0.000090 0.011798 0.988075 0.000010
3 3 0.000012 0.000047 0.007586 0.992351 0.000005
3 3 0.000129 0.000320 0.018411 0.981089 0.000051
3 3 0.000126 0.000314 0.018228 0.981281 0.000050
3 3 0.000162 0.000384 0.020181 0.979208 0.000064
3 3 0.000184 0.000427 0.021274 0.978042 0.000073
3 3 0.000056 0.000163 0.013110 0.986648 0.000022
3 3 0.000068 0.000190 0.014169 0.985545 0.000027
3 3 0.000058 0.000167 0.013249 0.986503 0.000023
3 3 0.000169 0.000398 0.020551 0.978814 0.000067
3 3 0.000080 0.000217 0.015151 0.984520 0.000032
3 3 0.000016 0.000058 0.007808 0.992113 0.000006
3 3 0.000023 0.000080 0.009125 0.990763 0.000009
3 3 0.000139 0.000340 0.018968 0.980498 0.000055
3 3 0.000203 0.000462 0.022139 0.977115 0.000081
3 3 0.000167 0.000393 0.020415 0.978959 0.000066
3 3 0.000041 0.000126 0.011523 0.988293 0.000016
3 3 0.000055 0.000261 0.019582 0.980041 0.000061
3 3 0.000029 0.000122 0.014921 0.984910 0.000018
3 3 0.000122 0.000306 0.017984 0.981540 0.000048
3 3 0.000509 0.000973 0.032152 0.966160 0.000206
3 3 0.000062 0.000177 0.013645 0.986092 0.000024
3 3 0.000012 0.000047 0.014211 0.985726 0.000004
3 3 0.000111 0.000283 0.017311 0.982251 0.000044
3 3 0.000066 0.000185 0.013966 0.985758 0.000026
3 3 0.000269 0.000581 0.024837 0.974205 0.000108
3 3 0.000022 0.000075 0.008836 0.991059 0.000008
3 3 0.000096 0.000252 0.016332 0.983281 0.000038
3 3 0.000084 0.000226 0.015439 0.984218 0.000033
3 3 0.000115 0.000292 0.017576 0.981971 0.000046
3 3 0.009094 0.019665 0.167442 0.786375 0.017423
0 2 0.397851 0.143095 0.312966 0.105068 0.041020
2 2 0.104612 0.296774 0.487594 0.075416 0.035604
2 2 0.004906 0.073654 0.902219 0.010830 0.008392
2 2 0.000778 0.016541 0.890720 0.058077 0.033883
2 2 0.000084 0.013163 0.963097 0.007627 0.016028
2 2 0.000078 0.012858 0.964301 0.015245 0.007519
2 2 0.015547 0.094965 0.833299 0.007201 0.048987
2 2 0.006443 0.081294 0.864201 0.008409 0.039654
2 2 0.000224 0.016263 0.958356 0.002623 0.022533
2 2 0.001302 0.051682 0.909979 0.003685 0.033353
2 2 0.000119 0.013159 0.978824 0.001339 0.006558
2 2 0.000174 0.022309 0.966705 0.001482 0.009330
2 2 0.000252 0.016634 0.962636 0.007415 0.013063
2 2 0.000082 0.015595 0.975063 0.000164 0.009096
2 2 0.002692 0.078099 0.856418 0.005539 0.057252
2 2 0.000340 0.024699 0.908445 0.004893 0.061622
2 2 0.000834 0.092232 0.833760 0.000239 0.072935
2 2 0.001973 0.060570 0.899645 0.005319 0.032492
2 2 0.002349 0.033572 0.922670 0.007695 0.033714
2 2 0.000142 0.027951 0.955053 0.002666 0.014188
2 2 0.001216 0.030786 0.953256 0.003356 0.011385
2 2 0.003083 0.050204 0.896526 0.013269 0.036918
2 2 0.000043 0.006240 0.985117 0.005022 0.003578
2 2 0.000983 0.024819 0.941907 0.021017 0.011274
2 2 0.001381 0.039624 0.928128 0.017250 0.013617
2 2 0.008761 0.043281 0.937495 0.005531 0.004933
2 2 0.026420 0.070976 0.845282 0.045792 0.011530
2 2 0.020809 0.098417 0.847643 0.024039 0.009094
2 2 0.000487 0.013756 0.939440 0.036854 0.009464
2 2 0.011149 0.052148 0.895374 0.037845 0.003483
2 2 0.001223 0.020518 0.968694 0.006629 0.002936
2 2 0.000075 0.005413 0.983186 0.010643 0.000683
2 2 0.000001 0.000715 0.995532 0.003659 0.000093
2 2 0.000254 0.006387 0.981680 0.011023 0.000656
2 2 0.000013 0.005506 0.988918 0.004356 0.001208
2 2 0.000049 0.009242 0.977221 0.010190 0.003297
2 2 0.000001 0.000955 0.997488 0.001328 0.000228
2 2 0.000032 0.005318 0.984223 0.009206 0.001222
2 2 0.000018 0.004194 0.987492 0.007050 0.001247
2 2 0.000022 0.002107 0.985506 0.012097 0.000268
2 2 0.000003 0.002216 0.986968 0.010495 0.000318
2 2 0.000001 0.000623 0.972361 0.026879 0.000136
2 2 0.000339 0.010849 0.959902 0.026033 0.002877
2 2 0.000045 0.002433 0.975612 0.021718 0.000192
2 2 0.000038 0.008329 0.976444 0.011461 0.003729
2 2 0.000072 0.006089 0.989253 0.003943 0.000643
2 2 0.000090 0.008551 0.971099 0.016466 0.003794
2 2 0.000749 0.013973 0.958638 0.023390 0.003251
2 2 0.000056 0.003721 0.989843 0.005766 0.000614
2 2 0.000132 0.007570 0.973612 0.016862 0.001824
2 2 0.001472 0.014098 0.972232 0.010124 0.002074
2 2 0.000032 0.005046 0.962682 0.030131 0.002109
2 2 0.000015 0.002216 0.978709 0.018157 0.000903
2 2 0.000658 0.009771 0.961993 0.025508 0.002070
2 2 0.000106 0.016079 0.976146 0.004777 0.002892
2 2 0.000009 0.001305 0.986549 0.011918 0.000220
2 2 0.000006 0.003248 0.981778 0.014318 0.000650
2 2 0.000055 0.003103 0.983119 0.013653 0.000070
2 2 0.000038 0.003399 0.982641 0.013599 0.000323
2 2 0.001101 0.004998 0.923910 0.069728 0.000263
2 2 0.001513 0.013105 0.945321 0.038358 0.001704
2 2 0.000042 0.002864 0.969138 0.027545 0.000411
2 2 0.000009 0.003479 0.984376 0.010420 0.001715
2 2 0.000026 0.003162 0.960766 0.035342 0.000703
2 2 0.000019 0.005081 0.977062 0.015290 0.002548
2 2 0.000059 0.005038 0.990223 0.003880 0.000801
2 2 0.003239 0.028527 0.927186 0.032695 0.008353
2 2 0.063498 0.074941 0.803052 0.053732 0.004776
2 2 0.029992 0.112289 0.831437 0.016474 0.009808
2 2 0.001952 0.056465 0.865615 0.003864 0.072104
2 2 0.002308 0.032498 0.895844 0.012301 0.057049
2 2 0.003884 0.178128 0.649876 0.000016 0.168097
2 4 0.002831 0.117542 0.727740 0.001622 0.150265
2 4 0.008834 0.261426 0.607154 0.000032 0.122554
4 4 0.008149 0.097786 0.253952 0.000001 0.640112
4 4 0.024529 0.254604 0.180922 0.000000 0.539945
4 4 0.020738 0.231117 0.159050 0.000001 0.589093
4 4 0.041220 0.241989 0.110981 0.000040 0.605770
4 4 0.025947 0.159827 0.154838 0.000014 0.659375
1 4 0.141434 0.397892 0.123266 0.000036 0.337372
1 4 0.249491 0.413315 0.138962 0.000002 0.198230
4 4 0.028750 0.247919 0.199289 0.000002 0.524040
0 0 0.840568 0.117269 0.008987 0.000001 0.033175
1 1 0.239048 0.614825 0.099578 0.000000 0.046548
1 1 0.166175 0.588633 0.187908 0.000020 0.057263
1 2 0.045003 0.583219 0.242861 0.000002 0.128916
2 2 0.013779 0.374779 0.387140 0.000003 0.224299
2 2 0.009042 0.221862 0.504192 0.000028 0.264877
2 2 0.001298 0.089417 0.729980 0.000409 0.178896
4 4 0.002190 0.047784 0.225890 0.000000 0.724136
4 4 0.014733 0.080572 0.109029 0.000001 0.795666
4 4 0.039118 0.063835 0.032580 0.002378 0.862089
4 4 0.037977 0.214028 0.092978 0.000001 0.655016
4 4 0.099486 0.046581 0.016596 0.000074 0.837262
4 4 0.142189 0.049607 0.009036 0.000090 0.799078
4 4 0.096842 0.059928 0.017068 0.000412 0.825749
4 4 0.372860 0.058319 0.009582 0.000091 0.559148
4 4 0.375671 0.079805 0.020534 0.000511 0.523479
4 4 0.041451 0.171397 0.059758 0.000000 0.727394
4 4 0.060969 0.124826 0.059590 0.000000 0.754615
4 4 0.009140 0.134990 0.116919 0.000005 0.738946
4 4 0.070497 0.057914 0.033436 0.000399 0.837754
4 4 0.012555 0.127159 0.105539 0.000002 0.754745
4 4 0.083864 0.094848 0.056282 0.000075 0.764931
4 4 0.026145 0.077396 0.039380 0.000001 0.857078
4 4 0.068975 0.097113 0.053309 0.000005 0.780598
4 4 0.038226 0.090870 0.051085 0.000212 0.819606
4 4 0.103036 0.184652 0.020255 0.000009 0.692048
4 4 0.011575 0.076030 0.050961 0.000183 0.861250
4 4 0.028892 0.023925 0.006631 0.000016 0.940537
4 4 0.085064 0.045367 0.007493 0.000050 0.862025
4 4 0.134538 0.055803 0.012250 0.000179 0.797230
4 4 0.052812 0.142284 0.028148 0.000033 0.776723
4 4 0.136975 0.356972 0.032526 0.000003 0.473524
4 4 0.047305 0.056817 0.024009 0.000006 0.871864
4 4 0.063567 0.120015 0.062445 0.000000 0.753973
4 4 0.030063 0.050313 0.060243 0.000001 0.859381
4 4 0.094267 0.078335 0.033015 0.001831 0.792552
4 4 0.115446 0.043601 0.007397 0.000060 0.833496
4 4 0.180180 0.102361 0.017210 0.000095 0.700155
4 4 0.123382 0.115056 0.028673 0.000000 0.732889
4 4 0.070970 0.045827 0.014586 0.000002 0.868615
4 4 0.048537 0.123213 0.088220 0.000001 0.740029
4 4 0.159557 0.112809 0.013909 0.000031 0.713695
4 4 0.187289 0.044298 0.006130 0.000036 0.762248
4 4 0.126753 0.051504 0.010424 0.000127 0.811191
4 4 0.089257 0.097078 0.015103 0.000037 0.798525
4 4 0.215593 0.068488 0.016310 0.000308 0.699302
4 4 0.042900 0.082940 0.059196 0.000000 0.814964
4 4 0.056309 0.142260 0.088282 0.000001 0.713148
4 4 0.018214 0.112604 0.123825 0.000002 0.745355
4 4 0.041756 0.188415 0.059381 0.000088 0.710360
4 4 0.058076 0.113926 0.051689 0.000024 0.776284
4 4 0.010181 0.137422 0.165328 0.000049 0.687019
4 4 0.013454 0.126091 0.142560 0.000024 0.717871
4 4 0.005024 0.129501 0.200434 0.000005 0.665037
4 4 0.036688 0.076696 0.054978 0.000410 0.831229
4 4 0.017548 0.122041 0.169468 0.000001 0.690942
4 4 0.005335 0.079393 0.202371 0.000008 0.712893
4 4 0.009963 0.136167 0.174633 0.000005 0.679233
4 4 0.012460 0.151337 0.147421 0.000071 0.688711
4 4 0.048606 0.117810 0.096973 0.000100 0.736511
4 4 0.009313 0.150668 0.167473 0.000010 0.672536
4 4 0.062026 0.208638 0.045459 0.000085 0.683792
4 4 0.007419 0.103239 0.253767 0.000038 0.635536
4 4 0.004915 0.141265 0.287844 0.000004 0.565972
4 4 0.003729 0.111138 0.272522 0.000005 0.612606
4 4 0.017390 0.202633 0.185872 0.000004 0.594101
4 4 0.009953 0.177611 0.194664 0.000011 0.617762
4 4 0.013926 0.177858 0.081796 0.000001 0.726419
4 4 0.045977 0.051628 0.023809 0.000153 0.878433
4 4 0.063525 0.070637 0.017583 0.000203 0.848054
4 4 0.025382 0.159246 0.071825 0.000003 0.743543
4 4 0.020014 0.067992 0.118248 0.000002 0.793744
4 4 0.056684 0.199459 0.072660 0.000141 0.671056
4 4 0.003832 0.143954 0.267762 0.000031 0.584421
4 4 0.008011 0.170949 0.216410 0.000085 0.604545
4 4 0.003351 0.124988 0.327882 0.000010 0.543769
4 4 0.001018 0.076557 0.364391 0.000016 0.558018
2 2 0.000602 0.099308 0.598934 0.000013 0.301143
2 2 0.001215 0.167886 0.446481 0.000207 0.384211
2 2 0.000422 0.029720 0.773854 0.000010 0.195995
2 2 0.001275 0.056179 0.775452 0.000105 0.166990
2 2 0.006291 0.265438 0.484531 0.000038 0.243702
2 2 0.000010 0.009940 0.961651 0.000021 0.028378
2 2 0.000012 0.010655 0.968311 0.000100 0.020922
2 2 0.000041 0.012249 0.959620 0.000035 0.028054
2 2 0.000029 0.008170 0.971278 0.000016 0.020506
2 2 0.000040 0.025037 0.795151 0.000000 0.179772
2 2 0.000045 0.009988 0.981646 0.000515 0.007805
2 2 0.000070 0.009747 0.980516 0.000006 0.009662
2 2 0.000001 0.002064 0.994176 0.000022 0.003737
2 2 0.000013 0.006470 0.980081 0.000017 0.013419
2 2 0.000005 0.002226 0.988411 0.000537 0.008821
2 2 0.000105 0.012628 0.979571 0.000838 0.006858
2 2 0.000004 0.004882 0.988821 0.000024 0.006268
2 2 0.000003 0.003055 0.992101 0.000168 0.004672
2 2 0.000012 0.003011 0.989523 0.000283 0.007171
2 2 0.000063 0.010507 0.978136 0.000264 0.011031
2 2 0.000002 0.002182 0.994323 0.000852 0.002641
2 2 0.000002 0.001279 0.995953 0.001021 0.001745
2 2 0.000010 0.003495 0.991006 0.001294 0.004195
2 2 0.000003 0.001816 0.994828 0.000423 0.002930
2 2 0.000002 0.001820 0.994965 0.000134 0.003078
2 2 0.000000 0.000241 0.999116 0.000554 0.000089
2 2 0.000000 0.000182 0.995642 0.004125 0.000051
2 2 0.000001 0.000445 0.990487 0.008892 0.000176
2 2 0.000000 0.000334 0.974729 0.024825 0.000112
2 2 0.000001 0.000583 0.992800 0.006384 0.000232
2 2 0.000003 0.002214 0.991329 0.002217 0.004237
2 2 0.000014 0.002208 0.987653 0.006743 0.003382
2 2 0.000002 0.000879 0.990187 0.007873 0.001058
2 2 0.000031 0.004664 0.970099 0.014619 0.010586
2 2 0.193283 0.325267 0.450621 0.005801 0.025029
2 2 0.000174 0.038101 0.933997 0.000138 0.027589
2 2 0.000003 0.003486 0.992516 0.000681 0.003315
2 2 0.000002 0.002091 0.993364 0.000034 0.004510
2 2 0.000100 0.017895 0.960981 0.001134 0.019890
2 2 0.000003 0.007505 0.981765 0.000005 0.010721
2 2 0.000023 0.018591 0.933461 0.000029 0.047896
2 2 0.000141 0.016418 0.966559 0.000095 0.016787
2 2 0.000058 0.010866 0.969270 0.004586 0.015220
2 2 0.000404 0.032705 0.929726 0.000699 0.036466
2 2 0.000243 0.028965 0.920548 0.000338 0.049905
2 2 0.000002 0.002575 0.994162 0.000331 0.002930
2 2 0.000030 0.013913 0.964959 0.001380 0.019718
2 2 0.000010 0.007889 0.984036 0.000430 0.007636
2 2 0.000030 0.010940 0.972629 0.000788 0.015613
2 2 0.000012 0.007154 0.981556 0.002020 0.009258
2 2 0.000090 0.018150 0.962673 0.000142 0.018945
2 2 0.000074 0.011627 0.960957 0.000524 0.026818
2 2 0.000041 0.012868 0.970967 0.000209 0.015915
2 2 0.000174 0.015611 0.970830 0.001561 0.011823
2 2 0.000222 0.012647 0.950072 0.011739 0.025320
2 2 0.000005 0.001191 0.991691 0.006987 0.000126
2 2 0.000002 0.000762 0.945000 0.053789 0.000448
2 2 0.000000 0.000415 0.974107 0.025358 0.000120
2 2 0.000024 0.002367 0.954008 0.043045 0.000556
2 2 0.000017 0.002751 0.914061 0.082803 0.000368
2 2 0.000009 0.001115 0.821655 0.176866 0.000356
2 2 0.000004 0.001085 0.819524 0.178181 0.001205
2 2 0.000003 0.000295 0.532746 0.466810 0.000146
2 2 0.000259 0.007100 0.760570 0.228812 0.003259
2 3 0.000002 0.000398 0.805428 0.193901 0.000272
2 3 0.000012 0.001105 0.594410 0.403665 0.000809
3 3 0.000139 0.002792 0.341057 0.651488 0.004524
2 3 0.000240 0.006146 0.574156 0.412619 0.006839
2 3 0.000267 0.003510 0.506877 0.487227 0.002118
3 3 0.000050 0.001216 0.266658 0.730590 0.001485
3 3 0.000215 0.005013 0.488783 0.496702 0.009287
2 3 0.001089 0.016208 0.591649 0.372698 0.018356
3 3 0.000205 0.004483 0.404979 0.580342 0.009991
3 3 0.001835 0.009524 0.190963 0.786739 0.010940
3 3 0.000227 0.003886 0.468220 0.520990 0.006676
3 3 0.000079 0.001776 0.247726 0.747894 0.002526
3 3 0.000167 0.001864 0.150813 0.845480 0.001675
3 3 0.000412 0.006367 0.459862 0.529805 0.003554
3 3 0.000604 0.004624 0.135035 0.854621 0.005116
3 3 0.000039 0.001357 0.326190 0.670117 0.002296
3 3 0.000079 0.002367 0.381561 0.614853 0.001141
3 3 0.000229 0.001297 0.062610 0.935205 0.000659
3 3 0.000282 0.005252 0.262503 0.725426 0.006537
3 3 0.000006 0.000195 0.213117 0.786621 0.000062
3 3 0.000214 0.001273 0.065226 0.932626 0.000660
3 3 0.000740 0.004418 0.197003 0.794111 0.003728
2 3 0.000113 0.003449 0.576301 0.419100 0.001036
3 3 0.000512 0.003662 0.211174 0.781364 0.003288
2 3 0.000017 0.000818 0.561479 0.437191 0.000495
2 3 0.000166 0.002535 0.584146 0.412471 0.000682
2 3 0.000015 0.001218 0.771901 0.226129 0.000738
2 3 0.000290 0.004426 0.750620 0.242650 0.002013
2 2 0.001720 0.027524 0.669817 0.291738 0.009202
2 2 0.000193 0.005558 0.970326 0.023623 0.000301
2 2 0.000044 0.003665 0.956310 0.039630 0.000351
2 2 0.000001 0.001191 0.990880 0.006740 0.001188
2 2 0.000029 0.005191 0.972397 0.019312 0.003072
2 2 0.000039 0.005227 0.976877 0.015309 0.002549
2 2 0.000095 0.009665 0.932755 0.051112 0.006374
2 2 0.000010 0.005448 0.992216 0.000836 0.001490
2 2 0.001470 0.047726 0.759269 0.006988 0.184547
4 1 0.297688 0.189942 0.128532 0.002075 0.381763
1 2 0.022593 0.389833 0.370761 0.000043 0.216770
2 2 0.000978 0.091178 0.558816 0.000051 0.348976
2 2 0.004458 0.079964 0.559364 0.001824 0.354390
4 4 0.008698 0.201539 0.314983 0.000011 0.474768
4 4 0.005149 0.209037 0.298732 0.000021 0.487062
4 4 0.009821 0.169886 0.198033 0.000350 0.621911
4 4 0.022724 0.250291 0.227843 0.000052 0.499089
4 4 0.073593 0.316080 0.118072 0.000390 0.491865
4 4 0.016025 0.129817 0.138971 0.000150 0.715038
4 4 0.007207 0.162041 0.224164 0.000000 0.606587
4 4 0.010109 0.088925 0.115615 0.000184 0.785166
4 4 0.010512 0.121744 0.202802 0.000006 0.664936
4 4 0.090160 0.238227 0.097199 0.000002 0.574412
4 4 0.078764 0.309899 0.165018 0.000053 0.446267
4 4 0.077824 0.118880 0.109069 0.000075 0.694151
4 4 0.016981 0.169587 0.185783 0.000001 0.627648
4 4 0.012735 0.164795 0.187988 0.000003 0.634479
4 4 0.136966 0.235902 0.083471 0.000082 0.543579
4 4 0.011447 0.158066 0.320193 0.000010 0.510284
4 4 0.005132 0.160177 0.284897 0.000036 0.549758
4 4 0.004377 0.102385 0.319955 0.000046 0.573237
4 4 0.037157 0.231299 0.175493 0.000015 0.556037
4 4 0.012930 0.130188 0.130486 0.000063 0.726333
4 4 0.223013 0.270260 0.052913 0.000235 0.453579
4 4 0.054653 0.256699 0.086110 0.000105 0.602432
4 4 0.056693 0.207085 0.127462 0.000020 0.608740
4 4 0.011288 0.191913 0.178458 0.000000 0.618341
4 4 0.028405 0.166729 0.141718 0.000000 0.663148
4 4 0.106259 0.338330 0.062362 0.000018 0.493030
4 4 0.231998 0.354180 0.039284 0.000006 0.374532
4 4 0.025478 0.139483 0.116782 0.000001 0.718256
4 4 0.093795 0.222360 0.057938 0.000055 0.625852
4 4 0.210699 0.264926 0.047621 0.000039 0.476715
4 1 0.099582 0.231898 0.061571 0.000001 0.606948
4 2 0.009389 0.106594 0.185493 0.000001 0.698523
4 4 0.016919 0.141085 0.152558 0.000008 0.689430
4 4 0.134941 0.179065 0.061888 0.000130 0.623976
4 4 0.074415 0.143914 0.049451 0.000072 0.732148
4 4 0.067300 0.154148 0.052451 0.000178 0.725923
4 4 0.066862 0.133573 0.045983 0.000021 0.753561
4 4 0.010643 0.111084 0.202529 0.000000 0.675743
4 4 0.013084 0.086842 0.086335 0.000027 0.813712
4 4 0.123620 0.253622 0.049193 0.000032 0.573534
4 4 0.212384 0.045281 0.005966 0.000008 0.736361
4 4 0.445034 0.060702 0.010493 0.000116 0.483654
4 4 0.404930 0.121574 0.011983 0.000019 0.461494
4 4 0.147992 0.074806 0.010506 0.000018 0.766677
0 4 0.769130 0.038893 0.006816 0.000040 0.185121
4 4 0.152081 0.092116 0.018106 0.000000 0.737697
4 4 0.085197 0.033620 0.011824 0.000014 0.869345
4 4 0.106443 0.057710 0.014873 0.000295 0.820679
4 4 0.420532 0.063451 0.011659 0.000145 0.504212
4 4 0.282948 0.069608 0.012431 0.000121 0.634892
4 4 0.112933 0.032516 0.009062 0.000008 0.845481
4 4 0.205316 0.067249 0.015904 0.000293 0.711238
4 4 0.098139 0.051483 0.011823 0.000181 0.838374
4 4 0.133894 0.069528 0.020757 0.000584 0.775237
4 4 0.093036 0.046538 0.009575 0.000115 0.850736
4 4 0.195825 0.052695 0.009063 0.000084 0.742334
4 4 0.121594 0.031169 0.009468 0.000005 0.837764
4 4 0.167679 0.085080 0.014528 0.000034 0.732679
4 4 0.062867 0.161367 0.030251 0.000002 0.745513
4 4 0.116001 0.062438 0.031633 0.000002 0.789926
4 4 0.170832 0.080453 0.018875 0.000000 0.729840
4 4 0.107453 0.040836 0.006549 0.000047 0.845114
4 4 0.182417 0.065910 0.015895 0.000299 0.735479
4 4 0.271376 0.065151 0.013383 0.000192 0.649897
4 4 0.096930 0.041568 0.007192 0.000060 0.854249
4 4 0.171759 0.057606 0.011826 0.000156 0.758653
4 4 0.072433 0.065488 0.012551 0.000012 0.849516
0 4 0.537832 0.059572 0.010435 0.000126 0.392035
4 4 0.021407 0.068431 0.043884 0.000003 0.866275
4 4 0.052342 0.036391 0.007310 0.000077 0.903881
4 4 0.130743 0.057744 0.009019 0.000053 0.802442
4 4 0.026510 0.135481 0.051659 0.000002 0.786347
4 4 0.036053 0.116143 0.084499 0.000001 0.763304
4 4 0.036481 0.128948 0.074635 0.000000 0.759936
4 4 0.042879 0.101202 0.073826 0.000003 0.782091
4 4 0.020930 0.228657 0.133398 0.000004 0.617011
4 4 0.019811 0.138877 0.165050 0.000011 0.676252
4 4 0.069483 0.061896 0.029571 0.000683 0.838366
4 4 0.027903 0.159762 0.138307 0.000023 0.674005
4 1 0.068534 0.203036 0.142528 0.000001 0.585901
4 1 0.026689 0.137084 0.142909 0.000003 0.693314
4 4 0.016413 0.149482 0.180648 0.000007 0.653450
4 4 0.029753 0.247445 0.120148 0.000509 0.602145
4 4 0.030408 0.372982 0.107085 0.000003 0.489521
4 4 0.002278 0.135758 0.255039 0.000002 0.606923
4 4 0.002433 0.110816 0.354377 0.000058 0.532316
