0 0 0.961260 0.025576 0.005076 0.000281 0.007807
0 0 0.891582 0.056408 0.010577 0.000830 0.040604
0 0 0.956157 0.015922 0.004532 0.002421 0.020968
0 0 0.968527 0.013988 0.003307 0.000944 0.013234
0 0 0.867971 0.081796 0.019623 0.001144 0.029466
0 0 0.737437 0.168893 0.044318 0.001752 0.047601
0 0 0.696132 0.194867 0.043116 0.001298 0.064588
0 0 0.708314 0.184124 0.041938 0.001444 0.064180
0 0 0.677867 0.218363 0.051451 0.001207 0.051112
0 0 0.587669 0.306124 0.068476 0.000653 0.037078
0 0 0.690418 0.214929 0.053907 0.001164 0.039581
0 0 0.752851 0.173052 0.040282 0.000867 0.032949
0 0 0.570235 0.333181 0.066207 0.000361 0.030016
0 0 0.756836 0.149949 0.044819 0.002624 0.045771
0 0 0.824866 0.099711 0.035810 0.003836 0.035777
0 0 0.772505 0.130252 0.031358 0.001959 0.063926
0 0 0.949990 0.024777 0.005803 0.001033 0.018397
0 0 0.815035 0.078389 0.020348 0.003729 0.082499
0 0 0.823287 0.118226 0.022777 0.000605 0.035104
0 0 0.877175 0.070089 0.016486 0.001329 0.034922
0 0 0.939830 0.034249 0.008694 0.001053 0.016174
0 0 0.942738 0.027592 0.008002 0.002020 0.019649
0 0 0.923116 0.036910 0.009942 0.002032 0.027999
0 0 0.892818 0.050206 0.013171 0.002418 0.041388
0 0 0.945037 0.028637 0.007190 0.001189 0.017947
0 0 0.856881 0.047622 0.012150 0.004064 0.079283
0 0 0.953711 0.019846 0.005235 0.001679 0.019529
0 0 0.954808 0.021307 0.005550 0.001387 0.016948
0 0 0.923176 0.030283 0.008978 0.003467 0.034097
0 0 0.849412 0.091212 0.024190 0.001672 0.033514
0 0 0.762389 0.138045 0.033611 0.001982 0.063972
0 0 0.806288 0.117058 0.027784 0.001494 0.047376
0 0 0.932098 0.032904 0.007739 0.001308 0.025951
0 0 0.890200 0.062161 0.014764 0.001302 0.031574
0 0 0.874921 0.055854 0.014898 0.002980 0.051347
0 0 0.985659 0.004866 0.001516 0.001553 0.006405
0 0 0.988999 0.005082 0.001093 0.000358 0.004468
0 0 0.991131 0.004116 0.000686 0.000157 0.003910
0 0 0.992327 0.003714 0.000747 0.000223 0.002989
0 0 0.986629 0.005940 0.001370 0.000515 0.005546
0 0 0.981733 0.007446 0.002210 0.001321 0.007290
0 0 0.978418 0.010636 0.003480 0.001347 0.006119
0 0 0.963535 0.017836 0.005416 0.001641 0.011572
0 0 0.970981 0.014019 0.004471 0.001616 0.008913
0 0 0.947405 0.021044 0.007502 0.004059 0.019990
0 0 0.947626 0.028487 0.007027 0.001007 0.015853
0 0 0.918677 0.044896 0.012818 0.001804 0.021804
0 0 0.971949 0.010812 0.002997 0.001588 0.012654
0 0 0.943849 0.027237 0.007229 0.001585 0.020099
0 0 0.945364 0.030851 0.007676 0.000965 0.015144
0 0 0.958851 0.021032 0.005610 0.001198 0.013309
0 0 0.932026 0.035444 0.008654 0.001260 0.022616
0 0 0.948024 0.024902 0.007914 0.002381 0.016780
0 0 0.949368 0.023362 0.005880 0.001412 0.019978
0 0 0.954094 0.024457 0.005722 0.000851 0.014877
0 0 0.970135 0.012621 0.002873 0.000885 0.013487
0 0 0.953598 0.019900 0.004688 0.001251 0.020563
0 0 0.955605 0.015938 0.005060 0.003244 0.020153
0 0 0.981061 0.009562 0.002817 0.000939 0.005621
0 0 0.970458 0.012916 0.002975 0.000866 0.012785
0 0 0.956173 0.019394 0.004382 0.001035 0.019016
0 0 0.973031 0.012518 0.002224 0.000373 0.011854
0 0 0.984825 0.006283 0.001049 0.000255 0.007588
0 0 0.957438 0.020075 0.004249 0.000776 0.017462
0 0 0.936406 0.028869 0.006246 0.001114 0.027365
0 0 0.967310 0.016828 0.005113 0.001379 0.009370
0 0 0.959292 0.019867 0.006171 0.001864 0.012806
0 0 0.946540 0.028605 0.008240 0.001534 0.015081
0 0 0.964420 0.018736 0.005944 0.001519 0.009380
0 0 0.961706 0.019197 0.005686 0.001524 0.011887
0 0 0.934917 0.032890 0.009909 0.002184 0.020099
0 0 0.930240 0.035404 0.009606 0.001759 0.022991
0 0 0.965809 0.017649 0.003784 0.000603 0.012155
0 0 0.963193 0.018311 0.004751 0.001099 0.012647
0 0 0.956675 0.021211 0.005278 0.001128 0.015708
0 0 0.951557 0.021880 0.006259 0.001961 0.018343
0 0 0.975493 0.012282 0.003475 0.001028 0.007721
0 0 0.973004 0.014245 0.003300 0.000608 0.008843
0 0 0.966471 0.014997 0.004844 0.002095 0.011593
0 0 0.985189 0.009151 0.002128 0.000281 0.003251
0 0 0.903860 0.060498 0.014509 0.000900 0.020233
0 0 0.890566 0.049429 0.010578 0.001503 0.047924
0 0 0.766543 0.144146 0.027799 0.000921 0.060591
0 0 0.836682 0.107968 0.015826 0.000304 0.039221
0 0 0.829555 0.115855 0.014827 0.000198 0.039564
0 0 0.977056 0.010200 0.001867 0.000389 0.010487
0 0 0.975981 0.011975 0.003087 0.000821 0.008137
0 0 0.982710 0.009671 0.002260 0.000413 0.004948
0 0 0.978104 0.009010 0.001197 0.000167 0.011522
0 0 0.963175 0.015915 0.003369 0.000805 0.016735
0 0 0.959049 0.016195 0.003050 0.000693 0.021014
0 0 0.954915 0.014283 0.002170 0.000493 0.028138
0 0 0.944897 0.020651 0.002966 0.000405 0.031081
0 0 0.978071 0.011070 0.001617 0.000168 0.009074
0 0 0.941710 0.034796 0.006882 0.000492 0.016121
0 0 0.969002 0.012088 0.001686 0.000252 0.016972
0 0 0.964218 0.018429 0.002293 0.000139 0.014921
0 0 0.970019 0.014840 0.001923 0.000149 0.013070
0 0 0.977272 0.012019 0.001757 0.000159 0.008792
0 0 0.971985 0.014893 0.002269 0.000201 0.010652
0 0 0.978835 0.010970 0.001790 0.000214 0.008192
0 0 0.961627 0.014722 0.002148 0.000333 0.021170
0 0 0.957888 0.020380 0.003545 0.000434 0.017754
0 0 0.953934 0.030409 0.004453 0.000146 0.011058
0 0 0.955904 0.021300 0.004576 0.000795 0.017425
0 0 0.956542 0.013632 0.002080 0.000492 0.027255
0 0 0.972716 0.009586 0.001162 0.000172 0.016364
0 0 0.885686 0.033863 0.006038 0.001436 0.072979
0 0 0.966526 0.015942 0.001238 0.000038 0.016255
0 0 0.967858 0.015281 0.001506 0.000074 0.015282
0 0 0.912137 0.052460 0.012284 0.000956 0.022163
0 0 0.928310 0.043859 0.007115 0.000311 0.020405
0 0 0.899439 0.071252 0.012966 0.000299 0.016044
0 0 0.915560 0.053377 0.010902 0.000562 0.019599
0 0 0.949004 0.029145 0.005594 0.000467 0.015789
0 0 0.788692 0.111940 0.031784 0.003422 0.064163
0 0 0.905043 0.070528 0.011821 0.000185 0.012423
0 0 0.820629 0.134065 0.021289 0.000226 0.023791
0 0 0.779212 0.173865 0.021765 0.000104 0.025054
0 0 0.832760 0.127083 0.023086 0.000252 0.016819
0 0 0.723283 0.214388 0.034952 0.000228 0.027150
1 0 0.443352 0.456999 0.068139 0.000130 0.031380
0 1 0.462826 0.446472 0.058869 0.000093 0.031741
1 1 0.398972 0.452602 0.095631 0.000575 0.052220
1 1 0.248240 0.435544 0.247089 0.006411 0.062717
1 1 0.184688 0.518676 0.237882 0.001239 0.057515
1 2 0.147857 0.463219 0.328839 0.005320 0.054766
1 2 0.205031 0.489324 0.239397 0.002698 0.063549
1 2 0.196272 0.525592 0.225933 0.001018 0.051186
2 2 0.010952 0.189189 0.708682 0.030712 0.060464
2 2 0.068761 0.397080 0.461280 0.007500 0.065379
2 2 0.011771 0.165028 0.725430 0.065215 0.032555
2 2 0.004092 0.077672 0.866461 0.035903 0.015872
2 2 0.012910 0.221360 0.731714 0.008694 0.025323
2 2 0.001617 0.052272 0.872737 0.059760 0.013614
2 2 0.002358 0.050772 0.922525 0.021661 0.002684
2 2 0.002581 0.049583 0.894247 0.049766 0.003823
2 2 0.001054 0.013505 0.826177 0.157590 0.001674
2 2 0.004833 0.084666 0.867346 0.037656 0.005498
2 2 0.000513 0.011199 0.893756 0.093967 0.000565
2 2 0.002308 0.028267 0.890069 0.077325 0.002031
2 2 0.001849 0.033602 0.881353 0.081143 0.002054
2 2 0.000547 0.018898 0.887570 0.090579 0.002407
2 2 0.003019 0.036994 0.824736 0.126594 0.008657
2 2 0.000405 0.011344 0.858792 0.128480 0.000980
2 2 0.000365 0.005193 0.563315 0.430513 0.000614
3 2 0.000148 0.002645 0.476349 0.520589 0.000268
2 2 0.000609 0.005912 0.573736 0.419380 0.000363
3 2 0.000117 0.002159 0.424115 0.573210 0.000400
3 2 0.000057 0.001270 0.279914 0.718561 0.000197
3 3 0.000241 0.002349 0.270579 0.726230 0.000601
3 3 0.000312 0.002777 0.365053 0.631563 0.000296
3 3 0.000178 0.002336 0.392414 0.604798 0.000274
3 3 0.000026 0.000414 0.123127 0.876367 0.000065
3 3 0.000196 0.002153 0.172257 0.824336 0.001058
3 3 0.000042 0.000649 0.179693 0.819504 0.000111
3 3 0.000066 0.000795 0.134749 0.864158 0.000232
3 3 0.000080 0.000606 0.113181 0.886047 0.000085
3 3 0.000019 0.000187 0.060986 0.938771 0.000037
3 3 0.000040 0.000518 0.119222 0.880085 0.000134
3 3 0.000297 0.000354 0.023816 0.975307 0.000226
3 3 0.000081 0.000118 0.016494 0.983244 0.000063
3 3 0.000723 0.000673 0.025255 0.972357 0.000992
3 3 0.000203 0.000302 0.021718 0.977515 0.000261
3 3 0.000134 0.000149 0.017124 0.982533 0.000060
3 3 0.000455 0.000634 0.029495 0.968771 0.000645
3 3 0.000618 0.000647 0.029162 0.968962 0.000611
3 3 0.000534 0.000506 0.022140 0.976084 0.000736
3 3 0.000559 0.000562 0.026083 0.972070 0.000725
3 3 0.000185 0.000377 0.031168 0.967958 0.000312
3 3 0.000176 0.000223 0.019113 0.980338 0.000150
3 3 0.000326 0.000298 0.018756 0.980340 0.000280
3 3 0.000515 0.000479 0.020729 0.977470 0.000808
3 3 0.000290 0.000290 0.018114 0.980974 0.000332
3 3 0.000251 0.000314 0.019191 0.979829 0.000416
3 3 0.000433 0.000458 0.024650 0.974079 0.000381
3 3 0.000343 0.000397 0.022675 0.976197 0.000389
3 3 0.000104 0.000189 0.019386 0.980197 0.000124
3 3 0.000366 0.000368 0.020489 0.978366 0.000411
3 3 0.000344 0.000388 0.022250 0.976638 0.000380
3 3 0.000014 0.000032 0.010380 0.989564 0.000009
3 3 0.000023 0.000038 0.010240 0.989688 0.000012
3 3 0.000003 0.000013 0.008157 0.991824 0.000003
3 3 0.000013 0.000039 0.011826 0.988109 0.000013
3 3 0.000011 0.000037 0.013521 0.986424 0.000007
3 3 0.000213 0.000216 0.017263 0.982141 0.000167
3 3 0.000244 0.000278 0.018556 0.980619 0.000301
3 3 0.000068 0.000131 0.017142 0.982588 0.000071
3 3 0.000205 0.000270 0.018804 0.980420 0.000302
3 3 0.000115 0.000165 0.017490 0.982133 0.000098
3 3 0.000563 0.000344 0.015570 0.982883 0.000640
3 3 0.000359 0.000386 0.022901 0.976038 0.000316
3 3 0.000535 0.000513 0.022745 0.975515 0.000692
3 3 0.000190 0.000198 0.016378 0.983070 0.000164
3 3 0.000209 0.000230 0.017422 0.981927 0.000212
3 3 0.000190 0.000270 0.017240 0.981824 0.000476
3 3 0.000170 0.000157 0.013216 0.986280 0.000176
3 3 0.000091 0.000082 0.010943 0.988834 0.000050
3 3 0.000074 0.000112 0.014070 0.985666 0.000078
3 3 0.000107 0.000149 0.014501 0.985087 0.000155
3 3 0.000159 0.000122 0.011477 0.988122 0.000121
3 3 0.000117 0.000099 0.010813 0.988881 0.000090
3 3 0.000020 0.000036 0.009515 0.990414 0.000015
3 3 0.000019 0.000024 0.007470 0.992479 0.000008
3 3 0.000020 0.000041 0.010690 0.989234 0.000016
3 3 0.000138 0.000169 0.015771 0.983784 0.000139
3 3 0.000085 0.000103 0.012107 0.987611 0.000093
3 3 0.014897 0.008080 0.124257 0.849655 0.003111
3 3 0.003663 0.001740 0.042886 0.950503 0.001208
3 3 0.001902 0.001403 0.054051 0.942172 0.000472
3 3 0.001631 0.003564 0.185698 0.808861 0.000246
3 2 0.004534 0.008934 0.313194 0.672925 0.000413
3 2 0.001575 0.004071 0.291449 0.702784 0.000122
3 2 0.002321 0.004291 0.235323 0.757897 0.000169
2 2 0.027329 0.038921 0.632553 0.300127 0.001071
2 2 0.032145 0.055376 0.701535 0.208666 0.002278
2 2 0.016476 0.041879 0.564777 0.374306 0.002562
2 2 0.027266 0.050083 0.572014 0.347595 0.003042
2 2 0.178539 0.093788 0.594403 0.130408 0.002862
0 0 0.424621 0.369210 0.188612 0.001550 0.016007
0 0 0.465681 0.413866 0.090323 0.000401 0.029729
1 2 0.301351 0.393838 0.271699 0.004854 0.028257
0 2 0.384647 0.337750 0.244332 0.006656 0.026615
1 2 0.186999 0.507701 0.271262 0.001862 0.032176
1 2 0.246008 0.497630 0.212492 0.001792 0.042078
0 2 0.410643 0.394965 0.161523 0.001848 0.031021
2 2 0.130704 0.412038 0.423521 0.006919 0.026818
2 2 0.118440 0.389235 0.457542 0.009000 0.025783
0 0 0.601427 0.297640 0.079909 0.000642 0.020382
0 0 0.649262 0.273624 0.060891 0.000315 0.015907
0 0 0.582696 0.311569 0.072651 0.000648 0.032436
0 0 0.586303 0.311529 0.079738 0.000590 0.021840
0 0 0.449648 0.425254 0.098736 0.000380 0.025983
1 2 0.371624 0.444967 0.159482 0.000809 0.023118
1 2 0.322448 0.406934 0.240443 0.003206 0.026969
1 2 0.315683 0.527853 0.133683 0.000267 0.022514
1 2 0.190064 0.471302 0.308248 0.002719 0.027668
1 2 0.199433 0.466785 0.307892 0.002373 0.023518
2 2 0.064079 0.249258 0.644886 0.028054 0.013722
2 2 0.106440 0.279005 0.560597 0.032434 0.021524
2 2 0.002639 0.075006 0.902237 0.016024 0.004095
2 2 0.034337 0.197526 0.736735 0.024527 0.006874
2 2 0.043817 0.205878 0.723633 0.020595 0.006077
2 2 0.010936 0.059876 0.802110 0.123966 0.003112
2 2 0.016931 0.071302 0.808861 0.099856 0.003051
2 2 0.007945 0.122827 0.851748 0.009512 0.007968
2 2 0.026490 0.230160 0.716656 0.013548 0.013146
2 2 0.027461 0.166642 0.770503 0.021688 0.013705
2 2 0.026288 0.312625 0.633597 0.004697 0.022793
2 2 0.016933 0.134953 0.805755 0.034182 0.008177
2 2 0.136508 0.247333 0.562369 0.038195 0.015595
2 2 0.107615 0.177324 0.593936 0.106006 0.015119
0 2 0.381691 0.273318 0.310527 0.015552 0.018912
0 0 0.807622 0.135872 0.041796 0.000990 0.013719
0 0 0.693373 0.206653 0.060245 0.001789 0.037941
0 0 0.877760 0.078785 0.019861 0.001053 0.022541
0 0 0.857961 0.104438 0.020524 0.000342 0.016736
0 0 0.796648 0.154707 0.019883 0.000134 0.028627
0 1 0.448800 0.422918 0.083886 0.000433 0.043964
0 2 0.468958 0.397087 0.102305 0.000653 0.030997
1 2 0.222496 0.434168 0.305511 0.004724 0.033102
1 2 0.166348 0.499413 0.300925 0.002252 0.031062
1 2 0.157301 0.470545 0.323774 0.004721 0.043660
1 2 0.143878 0.466394 0.347203 0.004604 0.037921
2 2 0.093936 0.420451 0.446771 0.007312 0.031530
2 2 0.015524 0.244567 0.711463 0.008272 0.020174
2 2 0.013232 0.183355 0.787255 0.004917 0.011242
2 2 0.005333 0.183672 0.796380 0.002989 0.011626
2 2 0.000612 0.057751 0.928464 0.007780 0.005393
2 2 0.000445 0.036720 0.937117 0.019823 0.005895
2 2 0.114866 0.242001 0.591832 0.029475 0.021826
1 1 0.259707 0.524839 0.185316 0.000732 0.029407
2 1 0.095279 0.398645 0.484849 0.004877 0.016349
2 2 0.088210 0.389326 0.488906 0.008516 0.025043
2 2 0.034049 0.200501 0.682668 0.063546 0.019237
2 2 0.022323 0.152637 0.791883 0.027000 0.006157
2 2 0.009006 0.080633 0.870192 0.035743 0.004425
2 2 0.017739 0.108817 0.798525 0.070063 0.004855
2 2 0.008342 0.057822 0.899422 0.032712 0.001702
2 2 0.003032 0.057207 0.888835 0.046112 0.004815
2 2 0.085103 0.326604 0.567871 0.008604 0.011817
2 2 0.013697 0.119572 0.828897 0.032838 0.004997
2 2 0.010421 0.086779 0.867076 0.031876 0.003848
2 2 0.031254 0.118857 0.817097 0.028295 0.004498
2 2 0.011936 0.094185 0.856981 0.032211 0.004688
2 2 0.018802 0.082056 0.836277 0.060135 0.002728
2 2 0.040943 0.097088 0.802392 0.055888 0.003690
2 2 0.037375 0.097159 0.783629 0.076336 0.005500
1 1 0.310107 0.480627 0.189227 0.000691 0.019348
2 1 0.073208 0.424597 0.484028 0.003070 0.015097
2 2 0.016801 0.156969 0.778822 0.037282 0.010127
2 2 0.032260 0.355819 0.584737 0.002475 0.024709
2 2 0.002743 0.053788 0.921881 0.018121 0.003467
2 2 0.002541 0.063516 0.895765 0.031835 0.006343
2 2 0.002972 0.074595 0.906489 0.011948 0.003995
2 2 0.000211 0.015761 0.975700 0.007640 0.000688
2 2 0.000175 0.010186 0.974015 0.015348 0.000276
2 2 0.000064 0.016151 0.978349 0.004546 0.000891
2 2 0.000097 0.005527 0.979164 0.015079 0.000133
2 2 0.000157 0.013871 0.970298 0.014921 0.000753
2 2 0.007110 0.043590 0.839744 0.105230 0.004325
2 2 0.039878 0.089644 0.804606 0.059039 0.006834
0 2 0.476563 0.427285 0.080633 0.000127 0.015393
2 2 0.104105 0.320242 0.546450 0.013379 0.015824
2 2 0.068802 0.253821 0.646260 0.020489 0.010628
1 1 0.244555 0.393315 0.335562 0.005139 0.021429
2 2 0.066503 0.309359 0.594723 0.013768 0.015647
2 2 0.031909 0.090318 0.745840 0.122516 0.009416
2 2 0.006857 0.052502 0.789773 0.146083 0.004785
2 2 0.040889 0.112888 0.722309 0.111519 0.012395
0 2 0.833498 0.123735 0.021039 0.000261 0.021468
0 0 0.848088 0.099965 0.027973 0.001328 0.022646
0 0 0.938150 0.035392 0.006474 0.000461 0.019523
0 0 0.813240 0.124553 0.033174 0.001269 0.027764
0 0 0.899998 0.067112 0.012177 0.000376 0.020338
0 0 0.806465 0.147153 0.027653 0.000286 0.018443
0 0 0.848759 0.104793 0.022265 0.000592 0.023591
0 0 0.565644 0.343833 0.062833 0.000255 0.027434
1 1 0.401505 0.452240 0.093961 0.000544 0.051750
0 2 0.459302 0.384057 0.115891 0.001290 0.039460
2 2 0.069064 0.435029 0.471394 0.002441 0.022072
2 2 0.030645 0.320451 0.618032 0.006031 0.024841
2 2 0.010864 0.148683 0.801552 0.021513 0.017388
2 2 0.009813 0.211193 0.748074 0.007801 0.023119
2 2 0.001479 0.092855 0.864997 0.015324 0.025345
2 2 0.018728 0.183224 0.772491 0.015185 0.010372
2 2 0.003568 0.042975 0.886751 0.064608 0.002097
2 2 0.002443 0.033315 0.861582 0.099866 0.002794
2 2 0.002281 0.043941 0.886928 0.062685 0.004165
2 2 0.003521 0.042315 0.845117 0.105489 0.003557
2 2 0.006507 0.040188 0.815918 0.135438 0.001949
2 2 0.006928 0.044166 0.832206 0.114606 0.002095
2 2 0.015774 0.060839 0.792129 0.128880 0.002378
2 2 0.005258 0.040672 0.833655 0.119350 0.001065
2 2 0.026539 0.156709 0.788074 0.021283 0.007395
2 2 0.002669 0.091322 0.889319 0.009746 0.006944
2 2 0.000483 0.023772 0.954047 0.020615 0.001082
2 2 0.008895 0.170786 0.804806 0.007022 0.008491
2 2 0.000992 0.023343 0.937858 0.036792 0.001015
2 2 0.000749 0.024031 0.935569 0.037830 0.001820
2 2 0.002040 0.023883 0.898389 0.074386 0.001302
2 2 0.000310 0.009700 0.951354 0.038406 0.000230
2 2 0.001070 0.022936 0.892693 0.081625 0.001676
2 2 0.169584 0.329803 0.484581 0.006387 0.009645
2 2 0.000923 0.053803 0.918691 0.022035 0.004549
2 2 0.000006 0.004836 0.978797 0.015616 0.000745
2 2 0.000228 0.018594 0.975242 0.005062 0.000874
2 2 0.000013 0.003437 0.965751 0.030365 0.000434
2 2 0.000050 0.007124 0.970389 0.021821 0.000616
2 2 0.000061 0.007142 0.970063 0.022071 0.000662
2 2 0.000006 0.001608 0.967100 0.031243 0.000043
2 2 0.000009 0.001294 0.941642 0.057013 0.000043
2 2 0.000120 0.006265 0.977039 0.016391 0.000185
2 2 0.000002 0.000521 0.925096 0.074375 0.000006
2 2 0.000022 0.003313 0.954405 0.042112 0.000148
2 2 0.000466 0.063861 0.924906 0.004037 0.006730
2 2 0.000027 0.004518 0.972884 0.021873 0.000699
2 2 0.000024 0.009530 0.964010 0.024380 0.002056
2 2 0.000124 0.025910 0.965255 0.005140 0.003571
2 2 0.000089 0.036090 0.958680 0.001331 0.003809
2 2 0.000336 0.064533 0.894344 0.003395 0.037392
2 2 0.000426 0.095279 0.864452 0.000448 0.039394
2 2 0.000561 0.099455 0.823733 0.000876 0.075375
2 4 0.002899 0.212847 0.733776 0.000305 0.050173
2 4 0.005213 0.257943 0.620311 0.000365 0.116168
2 4 0.012552 0.388765 0.523641 0.000114 0.074929
2 4 0.001596 0.181972 0.659474 0.000186 0.156772
2 4 0.000481 0.098037 0.842000 0.000589 0.058892
2 4 0.003795 0.238603 0.586698 0.000237 0.170668
2 4 0.006250 0.367469 0.518857 0.000026 0.107398
1 4 0.032091 0.540305 0.254743 0.000014 0.172847
2 4 0.007530 0.340707 0.356430 0.000026 0.295307
4 4 0.013827 0.336127 0.286758 0.000074 0.363214
4 4 0.003894 0.217576 0.333684 0.000074 0.444772
2 4 0.003272 0.172207 0.528569 0.001199 0.294753
4 4 0.032768 0.174331 0.254472 0.052592 0.485838
4 4 0.112394 0.317138 0.149161 0.003272 0.418035
4 4 0.036714 0.199710 0.226488 0.018750 0.518338
1 4 0.161441 0.534177 0.161235 0.000218 0.142929
1 4 0.185244 0.460443 0.084428 0.000079 0.269806
1 4 0.053179 0.423100 0.133219 0.000031 0.390471
4 4 0.006086 0.143510 0.181965 0.000422 0.668016
4 4 0.008407 0.240459 0.237634 0.000090 0.513410
4 4 0.063719 0.366147 0.128523 0.000130 0.441480
4 4 0.061223 0.151618 0.076165 0.006046 0.704948
4 4 0.052286 0.201618 0.096411 0.001474 0.648210
1 4 0.140440 0.468596 0.115102 0.000119 0.275742
4 4 0.008670 0.164004 0.205407 0.000778 0.621141
1 4 0.081415 0.443675 0.149872 0.000118 0.324919
1 4 0.371285 0.414032 0.057323 0.000174 0.157186
2 4 0.000566 0.131966 0.574027 0.000062 0.293379
2 4 0.003036 0.338935 0.412039 0.000003 0.245988
4 4 0.004039 0.219820 0.319525 0.000065 0.456552
2 4 0.006776 0.338793 0.366950 0.000022 0.287459
1 4 0.004751 0.374608 0.374606 0.000004 0.246032
1 4 0.029783 0.499441 0.226335 0.000014 0.244427
2 4 0.001530 0.202829 0.440079 0.000022 0.355539
2 2 0.002748 0.191989 0.441626 0.000183 0.363455
2 2 0.004195 0.306130 0.406723 0.000017 0.282934
1 2 0.058015 0.599249 0.164222 0.000006 0.178508
2 2 0.004047 0.358725 0.468176 0.000007 0.169044
1 2 0.027876 0.552446 0.305597 0.000014 0.114067
2 4 0.001606 0.237467 0.519755 0.000015 0.241156
2 4 0.003270 0.317836 0.471361 0.000010 0.207523
2 4 0.001845 0.287950 0.530842 0.000006 0.179357
1 4 0.048206 0.544544 0.241026 0.000034 0.166190
2 4 0.013074 0.339737 0.463758 0.000313 0.183119
1 4 0.021782 0.414987 0.359519 0.000130 0.203582
2 4 0.019129 0.323261 0.330701 0.000433 0.326476
1 4 0.013330 0.436014 0.332106 0.000016 0.218533
2 2 0.006951 0.452528 0.463148 0.000004 0.077368
2 2 0.001607 0.276228 0.611665 0.000007 0.110493
2 2 0.000282 0.112894 0.785169 0.000049 0.101606
2 2 0.001124 0.200494 0.747295 0.000032 0.051055
2 2 0.001218 0.127817 0.745198 0.001347 0.124420
2 2 0.037473 0.360571 0.569254 0.003772 0.028929
2 2 0.000546 0.072287 0.910809 0.003825 0.012533
2 2 0.012486 0.330546 0.624265 0.000436 0.032267
2 2 0.000604 0.058799 0.928030 0.006280 0.006286
2 2 0.000543 0.071583 0.917767 0.003004 0.007102
2 2 0.001498 0.019103 0.896430 0.082190 0.000778
2 2 0.001328 0.022464 0.886492 0.088726 0.000990
2 2 0.030738 0.141685 0.712589 0.104298 0.010690
2 2 0.003147 0.089443 0.851891 0.044803 0.010716
2 2 0.000937 0.037441 0.927765 0.031845 0.002012
2 2 0.004839 0.036904 0.803277 0.153590 0.001390
2 2 0.005587 0.028249 0.644495 0.319165 0.002503
2 2 0.005372 0.040827 0.768123 0.182914 0.002764
2 2 0.008930 0.041359 0.656803 0.290356 0.002551
2 2 0.001180 0.008766 0.576562 0.412593 0.000898
2 2 0.000846 0.036212 0.904971 0.054162 0.003809
2 2 0.002507 0.034242 0.906779 0.053415 0.003057
2 2 0.008104 0.087314 0.851754 0.047667 0.005160
2 2 0.000178 0.018634 0.947312 0.032599 0.001278
2 2 0.000335 0.023564 0.896326 0.076719 0.003056
2 2 0.000808 0.013801 0.846108 0.138384 0.000899
2 2 0.000621 0.012826 0.666944 0.318178 0.001431
2 2 0.002237 0.029162 0.789740 0.175595 0.003266
2 2 0.002039 0.026545 0.824786 0.145291 0.001338
2 2 0.003119 0.023656 0.640211 0.331473 0.001542
3 2 0.000659 0.003903 0.341306 0.653795 0.000337
2 2 0.009532 0.021464 0.548189 0.419889 0.000926
3 2 0.002082 0.009672 0.259637 0.725288 0.003321
2 2 0.004141 0.022554 0.498659 0.472518 0.002128
2 2 0.001062 0.008534 0.496354 0.493557 0.000493
3 2 0.010116 0.011531 0.229201 0.747413 0.001739
3 3 0.000476 0.001074 0.053141 0.944863 0.000446
3 3 0.002342 0.004595 0.138352 0.853156 0.001556
3 3 0.022893 0.021834 0.220709 0.726026 0.008538
3 3 0.002823 0.004465 0.137075 0.854795 0.000841
3 3 0.001731 0.002430 0.073036 0.921687 0.001116
3 3 0.000316 0.001157 0.076110 0.922097 0.000320
3 3 0.002830 0.003172 0.086796 0.905936 0.001266
3 3 0.002428 0.003324 0.083056 0.909437 0.001756
3 3 0.000876 0.001193 0.039808 0.956915 0.001208
3 3 0.005965 0.003420 0.053444 0.933358 0.003812
3 3 0.014519 0.007723 0.080010 0.888460 0.009288
3 3 0.010477 0.005404 0.057895 0.916587 0.009637
3 3 0.018706 0.009146 0.092714 0.869855 0.009578
3 3 0.014973 0.008209 0.088428 0.879803 0.008587
3 3 0.043860 0.022458 0.189792 0.733659 0.010232
3 3 0.004150 0.001774 0.033406 0.958087 0.002583
3 3 0.001228 0.000858 0.026662 0.970025 0.001226
3 3 0.003167 0.001326 0.029345 0.964355 0.001807
3 3 0.013698 0.004256 0.054368 0.922793 0.004885
3 3 0.015165 0.009544 0.110856 0.857501 0.006935
3 3 0.006154 0.004722 0.065121 0.917983 0.006021
3 3 0.064542 0.015177 0.130699 0.781546 0.008035
3 3 0.001540 0.001014 0.033196 0.963504 0.000746
3 3 0.003188 0.003656 0.104892 0.887360 0.000904
3 3 0.001854 0.007238 0.319276 0.670708 0.000924
3 3 0.003301 0.007290 0.178886 0.807581 0.002943
3 3 0.001539 0.008398 0.241705 0.745876 0.002481
3 3 0.000367 0.002009 0.130887 0.866067 0.000670
3 3 0.001191 0.004398 0.121740 0.869955 0.002715
3 3 0.000676 0.000816 0.033682 0.964144 0.000681
3 3 0.001306 0.001815 0.064655 0.931451 0.000773
3 3 0.000945 0.001543 0.079651 0.917466 0.000395
3 3 0.000916 0.000815 0.032053 0.965609 0.000607
3 3 0.001488 0.001743 0.054127 0.941553 0.001089
3 3 0.003775 0.001773 0.035339 0.956881 0.002231
3 3 0.001479 0.001115 0.028742 0.966508 0.002157
3 3 0.001155 0.000681 0.021427 0.975451 0.001286
3 3 0.001480 0.000932 0.024461 0.971066 0.002060
3 3 0.004257 0.002014 0.033792 0.955900 0.004037
3 3 0.001283 0.001558 0.042417 0.952886 0.001855
3 3 0.001270 0.000679 0.022739 0.974421 0.000890
3 3 0.000507 0.000469 0.024277 0.974366 0.000381
3 3 0.000277 0.000286 0.018207 0.980910 0.000320
3 3 0.000537 0.000466 0.022913 0.975636 0.000449
3 3 0.000900 0.000634 0.027894 0.970158 0.000414
3 3 0.000835 0.000563 0.022981 0.975010 0.000611
3 3 0.001866 0.000780 0.022917 0.973419 0.001018
3 3 0.001020 0.000761 0.027216 0.970175 0.000828
3 3 0.000849 0.000522 0.019913 0.977901 0.000814
3 3 0.003008 0.001289 0.028588 0.965219 0.001897
3 3 0.001303 0.000741 0.025270 0.971895 0.000791
3 3 0.001856 0.000937 0.024113 0.971330 0.001763
3 3 0.001979 0.000834 0.023952 0.972188 0.001047
3 3 0.002072 0.001014 0.027085 0.968512 0.001317
3 3 0.000797 0.000355 0.016313 0.982121 0.000414
3 3 0.000748 0.000520 0.022808 0.975415 0.000509
3 3 0.002318 0.000853 0.019892 0.974775 0.002161
3 3 0.000309 0.000292 0.018765 0.980359 0.000275
3 3 0.000678 0.000439 0.021254 0.977249 0.000380
3 3 0.000595 0.000276 0.015259 0.983605 0.000265
3 3 0.000186 0.000151 0.013126 0.986396 0.000141
3 3 0.000289 0.000204 0.015750 0.983617 0.000140
3 3 0.000423 0.000411 0.023392 0.975462 0.000312
3 3 0.000527 0.000301 0.016393 0.982466 0.000314
3 3 0.001657 0.000700 0.020763 0.975751 0.001129
3 3 0.001513 0.000777 0.022546 0.973818 0.001346
3 3 0.001035 0.000816 0.026818 0.970168 0.001163
3 2 0.016243 0.006054 0.104376 0.871691 0.001635
3 2 0.001098 0.000428 0.020082 0.978132 0.000260
3 2 0.012467 0.020868 0.401553 0.563643 0.001468
3 2 0.004708 0.010876 0.315913 0.666989 0.001513
2 2 0.006865 0.024734 0.532387 0.433406 0.002608
3 2 0.001907 0.005558 0.218880 0.772753 0.000902
2 2 0.067093 0.113600 0.697679 0.117091 0.004538
2 2 0.001106 0.023533 0.931969 0.042561 0.000831
2 2 0.000259 0.006249 0.751486 0.241583 0.000422
2 2 0.000311 0.025092 0.916219 0.056044 0.002333
2 2 0.000102 0.006974 0.928835 0.063677 0.000413
2 2 0.000217 0.014282 0.905125 0.079474 0.000902
2 2 0.000108 0.004263 0.702676 0.292675 0.000278
2 2 0.000080 0.003228 0.604535 0.391679 0.000478
2 2 0.000091 0.006434 0.703120 0.289479 0.000877
2 2 0.000172 0.008582 0.811345 0.179443 0.000457
2 2 0.000037 0.001229 0.609045 0.389635 0.000053
3 2 0.000282 0.003557 0.333353 0.662139 0.000668
3 2 0.000618 0.005339 0.329302 0.663246 0.001495
3 2 0.003578 0.017408 0.464410 0.508289 0.006315
2 2 0.036590 0.088592 0.713668 0.155349 0.005801
2 2 0.046773 0.092707 0.737379 0.120259 0.002882
2 2 0.002562 0.029644 0.871361 0.095027 0.001406
2 2 0.001490 0.021965 0.829359 0.145616 0.001570
2 2 0.001190 0.018950 0.780366 0.196914 0.002580
2 2 0.006391 0.046701 0.847460 0.096810 0.002638
2 2 0.004584 0.044418 0.856438 0.092441 0.002118
2 2 0.000034 0.001583 0.953784 0.044585 0.000014
2 2 0.000005 0.001076 0.854407 0.144472 0.000039
2 2 0.000028 0.001733 0.933339 0.064875 0.000025
2 2 0.000005 0.000985 0.750197 0.248767 0.000046
2 2 0.000071 0.005553 0.922746 0.071288 0.000342
3 2 0.000021 0.000569 0.396722 0.602672 0.000016
3 2 0.000023 0.000689 0.327938 0.671329 0.000021
3 2 0.000005 0.000202 0.452614 0.547178 0.000001
2 2 0.000531 0.006740 0.822086 0.170543 0.000100
3 2 0.000003 0.000105 0.305220 0.694671 0.000001
2 2 0.000183 0.002428 0.593488 0.403838 0.000063
2 2 0.000212 0.008114 0.836041 0.155292 0.000341
2 2 0.000030 0.001290 0.623307 0.375331 0.000043
2 2 0.000032 0.001257 0.587273 0.411406 0.000033
2 2 0.000090 0.003132 0.706600 0.290057 0.000122
2 2 0.000079 0.004714 0.897963 0.097012 0.000232
2 2 0.000003 0.000459 0.517505 0.482014 0.000018
2 2 0.000006 0.000473 0.587345 0.412164 0.000012
2 2 0.000062 0.006263 0.876940 0.116207 0.000528
2 2 0.000009 0.001272 0.808837 0.189836 0.000045
2 2 0.001071 0.018468 0.752211 0.225857 0.002393
2 2 0.001324 0.020098 0.750026 0.226394 0.002159
2 2 0.001808 0.013255 0.517943 0.464770 0.002224
2 2 0.000144 0.008600 0.738014 0.252005 0.001236
2 2 0.000292 0.007972 0.732468 0.258391 0.000878
2 2 0.000246 0.004517 0.546233 0.448670 0.000333
2 2 0.000459 0.005579 0.606371 0.387358 0.000233
3 2 0.000115 0.002569 0.331901 0.664964 0.000451
3 2 0.000977 0.007684 0.418601 0.571528 0.001211
2 2 0.001085 0.015676 0.596524 0.384928 0.001787
3 2 0.000082 0.001393 0.402928 0.595557 0.000039
3 2 0.000035 0.001345 0.447320 0.551221 0.000079
3 2 0.000246 0.003524 0.487488 0.508585 0.000157
3 2 0.001320 0.006708 0.408000 0.583507 0.000464
3 2 0.000047 0.001420 0.422628 0.575807 0.000098
3 2 0.000255 0.003434 0.281242 0.714021 0.001048
3 2 0.000217 0.003223 0.336534 0.659318 0.000708
3 2 0.000256 0.002095 0.179979 0.817327 0.000343
3 2 0.000613 0.005843 0.297975 0.693576 0.001994
3 2 0.000077 0.001368 0.282162 0.716140 0.000253
3 2 0.000098 0.001019 0.200349 0.798503 0.000032
3 2 0.000007 0.000135 0.104988 0.894865 0.000005
3 2 0.000103 0.000545 0.120999 0.878320 0.000033
3 2 0.000836 0.004361 0.312850 0.681557 0.000396
3 2 0.000349 0.002606 0.287622 0.709243 0.000180
2 2 0.091682 0.127241 0.673938 0.101976 0.005163
3 2 0.000384 0.002879 0.471244 0.525427 0.000066
2 2 0.008740 0.028068 0.624066 0.338223 0.000902
3 2 0.000354 0.002764 0.470476 0.526320 0.000085
2 2 0.000523 0.004448 0.534062 0.460828 0.000139
2 2 0.000274 0.041752 0.907746 0.027923 0.022304
2 2 0.000107 0.031739 0.943910 0.010371 0.013872
2 2 0.000335 0.052525 0.907570 0.012092 0.027478
2 2 0.001874 0.138727 0.821906 0.002020 0.035474
2 2 0.000572 0.070399 0.899799 0.006873 0.022357
2 2 0.003072 0.135309 0.695704 0.011245 0.154671
2 2 0.002747 0.129735 0.697844 0.011097 0.158576
2 4 0.009381 0.192993 0.531096 0.011190 0.255340
2 4 0.003566 0.152612 0.563945 0.004386 0.275491
2 4 0.015127 0.369747 0.419451 0.000182 0.195494
2 1 0.001506 0.150626 0.815275 0.000560 0.032033
2 1 0.009455 0.395008 0.530919 0.000044 0.064573
2 2 0.001644 0.188552 0.698923 0.000169 0.110713
2 4 0.000413 0.102638 0.797118 0.000297 0.099534
2 4 0.001441 0.134296 0.691619 0.001364 0.171279
2 4 0.000683 0.099779 0.884081 0.000811 0.014645
2 4 0.001052 0.156843 0.816155 0.000134 0.025815
2 2 0.000057 0.034225 0.954268 0.000906 0.010544
2 2 0.000103 0.040475 0.949694 0.001387 0.008340
2 2 0.000025 0.011493 0.979584 0.006666 0.002232
2 2 0.000052 0.016684 0.946539 0.031992 0.004733
2 2 0.000310 0.021330 0.957054 0.019830 0.001475
2 2 0.000023 0.002078 0.803732 0.194032 0.000136
2 2 0.000158 0.012056 0.956660 0.030119 0.001007
2 2 0.001806 0.040844 0.947027 0.008735 0.001587
2 2 0.000150 0.013602 0.980026 0.005757 0.000464
2 2 0.000041 0.008723 0.975693 0.014859 0.000684
2 2 0.000017 0.004795 0.985158 0.009648 0.000382
2 2 0.000131 0.005425 0.973127 0.021206 0.000110
2 2 0.000174 0.018009 0.978561 0.002841 0.000416
2 2 0.001619 0.041309 0.926573 0.025632 0.004867
2 1 0.031236 0.225623 0.686879 0.017000 0.039262
1 2 0.159554 0.518311 0.295657 0.001282 0.025196
2 2 0.020936 0.248534 0.704385 0.006607 0.019538
2 2 0.000904 0.039511 0.929973 0.025506 0.004106
2 2 0.000114 0.018026 0.979398 0.001877 0.000586
2 2 0.000063 0.023059 0.974590 0.001239 0.001050
2 2 0.000130 0.010635 0.980650 0.008308 0.000277
2 2 0.000025 0.009215 0.985677 0.004617 0.000465
2 2 0.000047 0.006347 0.982995 0.010425 0.000186
2 2 0.000000 0.003158 0.996145 0.000306 0.000391
2 2 0.000002 0.006023 0.993195 0.000473 0.000308
2 2 0.000001 0.002628 0.995835 0.001383 0.000151
2 2 0.000002 0.005852 0.993032 0.000837 0.000278
2 2 0.000012 0.018196 0.981108 0.000133 0.000552
2 2 0.000927 0.012856 0.850967 0.134419 0.000832
2 2 0.000469 0.013350 0.941129 0.044568 0.000484
2 2 0.000102 0.009494 0.940289 0.049434 0.000681
2 2 0.000994 0.030533 0.951737 0.015845 0.000891
2 2 0.000156 0.009059 0.891648 0.098521 0.000616
2 2 0.000015 0.002328 0.972072 0.025538 0.000047
2 2 0.000036 0.004161 0.973580 0.022125 0.000098
2 2 0.000098 0.004877 0.944176 0.050743 0.000106
2 2 0.000003 0.001008 0.922511 0.076460 0.000018
2 2 0.000037 0.002700 0.922019 0.075180 0.000063
2 2 0.000278 0.015004 0.932978 0.051138 0.000603
2 2 0.000936 0.008333 0.791908 0.198497 0.000326
2 2 0.000175 0.003557 0.608460 0.387658 0.000150
2 2 0.000931 0.015654 0.828837 0.153919 0.000659
2 2 0.000214 0.003961 0.894700 0.101057 0.000069
2 2 0.001884 0.021997 0.836233 0.138886 0.001000
2 2 0.001390 0.015891 0.807008 0.175109 0.000602
2 2 0.000674 0.007974 0.657900 0.332776 0.000676
2 2 0.000685 0.010808 0.810019 0.178068 0.000419
2 2 0.000619 0.013646 0.744315 0.240033 0.001387
2 2 0.000449 0.009189 0.851039 0.138976 0.000347
2 2 0.000862 0.016844 0.878707 0.102990 0.000597
2 2 0.000046 0.001277 0.515453 0.483172 0.000052
2 2 0.001661 0.013915 0.769907 0.213958 0.000560
3 2 0.000029 0.001520 0.459747 0.538621 0.000083
3 2 0.000222 0.003443 0.482668 0.513499 0.000167
2 2 0.000188 0.002243 0.691727 0.305814 0.000027
3 2 0.000107 0.001714 0.471032 0.527105 0.000043
3 2 0.000041 0.001189 0.420301 0.578420 0.000049
3 2 0.000385 0.004298 0.478505 0.516626 0.000186
2 2 0.000880 0.010286 0.579570 0.408687 0.000578
3 2 0.000264 0.003476 0.466107 0.530009 0.000144
3 2 0.000170 0.001862 0.407440 0.590459 0.000068
3 3 0.000167 0.002257 0.326681 0.670791 0.000104
3 3 0.000040 0.000848 0.236510 0.762564 0.000038
3 3 0.000286 0.002850 0.371568 0.625093 0.000203
3 3 0.000166 0.002116 0.352539 0.645036 0.000143
3 3 0.000371 0.002643 0.241224 0.755464 0.000299
3 3 0.000096 0.001066 0.305177 0.693628 0.000033
3 3 0.000117 0.001012 0.183779 0.815010 0.000081
3 3 0.000559 0.003662 0.215660 0.777918 0.002201
3 3 0.000446 0.003618 0.163394 0.830608 0.001934
3 3 0.001396 0.005448 0.246929 0.744867 0.001360
3 3 0.000301 0.001777 0.138014 0.859216 0.000693
3 3 0.000199 0.001371 0.124853 0.873046 0.000532
3 3 0.001671 0.001896 0.049442 0.945370 0.001621
3 3 0.000745 0.001128 0.041069 0.956066 0.000993
3 3 0.001265 0.001762 0.045904 0.948847 0.002222
3 3 0.001054 0.001130 0.035833 0.960730 0.001253
3 2 0.034042 0.017284 0.166204 0.774308 0.008161
2 2 0.047359 0.057153 0.596549 0.296087 0.002852
2 2 0.113033 0.308275 0.553920 0.012334 0.012438
2 2 0.018367 0.064769 0.686529 0.226856 0.003479
2 2 0.014888 0.052330 0.718901 0.211468 0.002414
2 2 0.008562 0.018660 0.642165 0.330101 0.000512
2 2 0.003829 0.019656 0.823711 0.152222 0.000582
2 2 0.007664 0.045861 0.891702 0.053558 0.001214
2 2 0.000182 0.003092 0.872091 0.124600 0.000035
2 2 0.000642 0.010590 0.916444 0.072107 0.000217
2 2 0.000520 0.015110 0.889559 0.094152 0.000658
2 2 0.000232 0.008760 0.945099 0.045584 0.000324
2 2 0.000283 0.011652 0.948850 0.038795 0.000420
2 2 0.001350 0.043919 0.938477 0.014744 0.001509
2 2 0.000327 0.008923 0.867900 0.122397 0.000453
2 2 0.000770 0.026731 0.912934 0.057194 0.002371
2 2 0.002611 0.026003 0.816763 0.151971 0.002652
1 1 0.246053 0.486151 0.246861 0.001131 0.019804
2 2 0.027189 0.136588 0.791804 0.040642 0.003776
2 2 0.013520 0.061192 0.727772 0.193763 0.003751
2 2 0.022114 0.087636 0.730612 0.155054 0.004584
2 2 0.000141 0.015023 0.977467 0.006749 0.000620
2 2 0.000034 0.010499 0.982377 0.006434 0.000656
2 2 0.000074 0.010954 0.969226 0.018911 0.000835
2 2 0.000085 0.016517 0.978570 0.004129 0.000698
2 2 0.000032 0.011517 0.981075 0.006544 0.000832
2 2 0.000600 0.015063 0.772615 0.209784 0.001938
2 2 0.003451 0.037693 0.846494 0.110167 0.002196
2 2 0.006383 0.042763 0.774864 0.167154 0.008836
0 0 0.551409 0.281211 0.146639 0.002734 0.018006
2 1 0.079550 0.434744 0.466610 0.002965 0.016131
2 2 0.030819 0.042933 0.553324 0.370869 0.002056
1 2 0.133305 0.433995 0.407201 0.004115 0.021384
2 2 0.053309 0.171534 0.716130 0.051615 0.007412
2 2 0.089584 0.146108 0.697591 0.062177 0.004541
2 2 0.021818 0.053746 0.638614 0.282438 0.003384
2 2 0.001532 0.039880 0.939238 0.017605 0.001744
2 2 0.034743 0.238548 0.704778 0.012541 0.009390
2 2 0.001543 0.044818 0.925165 0.025276 0.003198
2 2 0.000691 0.017562 0.964226 0.016729 0.000792
2 2 0.000093 0.015965 0.969266 0.013825 0.000851
2 2 0.000062 0.006933 0.975139 0.017663 0.000202
2 2 0.000155 0.003533 0.928823 0.067409 0.000079
2 2 0.000338 0.015751 0.976658 0.006899 0.000353
2 2 0.000026 0.003174 0.958076 0.038602 0.000122
2 2 0.000076 0.014294 0.979520 0.005396 0.000714
2 2 0.003813 0.037066 0.866814 0.089311 0.002996
2 2 0.001801 0.020823 0.754452 0.219724 0.003200
2 2 0.043697 0.174180 0.730195 0.036753 0.015174
2 2 0.157000 0.200505 0.575615 0.056045 0.010836
2 2 0.227729 0.203612 0.500097 0.056130 0.012431
1 2 0.233241 0.519067 0.214348 0.001125 0.032218
2 2 0.155176 0.292660 0.510513 0.023218 0.018434
2 2 0.087403 0.412322 0.462763 0.007614 0.029899
2 2 0.042629 0.155823 0.681028 0.106075 0.014446
1 1 0.290205 0.454384 0.219095 0.002226 0.034090
2 2 0.053709 0.393747 0.534155 0.003159 0.015230
2 2 0.002305 0.050575 0.913896 0.030413 0.002811
2 2 0.000235 0.015382 0.826893 0.154110 0.003380
2 2 0.007230 0.098116 0.867353 0.019825 0.007476
2 2 0.002299 0.038171 0.881690 0.073007 0.004833
2 2 0.000405 0.057144 0.930315 0.005772 0.006365
2 2 0.000035 0.003756 0.954568 0.041105 0.000536
2 2 0.000119 0.029895 0.956477 0.008792 0.004716
2 2 0.000166 0.037061 0.940243 0.011400 0.011130
2 2 0.000335 0.082328 0.906315 0.000346 0.010675
2 4 0.001352 0.206083 0.499116 0.000022 0.293427
2 4 0.001904 0.246005 0.557590 0.000023 0.194479
2 4 0.001273 0.205873 0.523410 0.000021 0.269423
2 4 0.005607 0.351208 0.416904 0.000015 0.226266
2 4 0.001869 0.157322 0.489141 0.000344 0.351323
4 4 0.004569 0.109604 0.124294 0.000237 0.761296
4 4 0.005736 0.117519 0.129862 0.000343 0.746540
4 4 0.017245 0.159541 0.087093 0.000195 0.735926
4 4 0.042651 0.109820 0.052204 0.003950 0.791374
4 4 0.024190 0.194038 0.109647 0.000355 0.671770
4 4 0.026780 0.075732 0.036487 0.002823 0.858178
1 4 0.185864 0.420934 0.053959 0.000024 0.339218
4 4 0.029283 0.209049 0.074331 0.000072 0.687266
4 4 0.033053 0.274251 0.135818 0.000193 0.556685
4 4 0.074734 0.178803 0.054607 0.000855 0.691002
4 4 0.015818 0.134127 0.132504 0.002870 0.714681
1 4 0.101717 0.517874 0.139558 0.000050 0.240801
1 1 0.200871 0.475327 0.135927 0.000506 0.187369
4 1 0.051236 0.387319 0.170103 0.000146 0.391197
4 4 0.011727 0.223450 0.218208 0.000281 0.546334
2 4 0.003889 0.276883 0.532919 0.000066 0.186243
1 4 0.010246 0.388682 0.366971 0.000026 0.234075
2 4 0.007793 0.407481 0.446725 0.000015 0.137986
2 4 0.002916 0.266278 0.477017 0.000028 0.253761
1 1 0.029967 0.517571 0.400024 0.000055 0.052384
1 1 0.061099 0.587559 0.209664 0.000021 0.141658
4 4 0.005268 0.224603 0.370403 0.000213 0.399514
4 4 0.004112 0.228675 0.355503 0.000078 0.411632
2 4 0.011081 0.303749 0.373709 0.000221 0.311240
4 4 0.006604 0.130441 0.144691 0.000398 0.717865
4 4 0.027190 0.194470 0.229966 0.010112 0.538262
4 4 0.018009 0.296547 0.253457 0.000243 0.431744
4 4 0.015862 0.363235 0.143546 0.000004 0.477353
1 4 0.053787 0.502358 0.179088 0.000029 0.264738
1 4 0.018346 0.403289 0.299768 0.000052 0.278545
4 4 0.031175 0.285653 0.298237 0.002870 0.382065
1 4 0.127393 0.599702 0.156284 0.000039 0.116583
1 4 0.218540 0.494864 0.102821 0.000148 0.183627
4 4 0.033156 0.312249 0.226299 0.000625 0.427672
1 4 0.108270 0.527669 0.209130 0.000234 0.154697
2 2 0.000385 0.138907 0.720884 0.000025 0.139800
2 2 0.000355 0.120200 0.783936 0.000060 0.095448
2 2 0.000556 0.187465 0.711060 0.000008 0.100911
1 2 0.015800 0.568344 0.366167 0.000003 0.049686
2 2 0.000581 0.176166 0.696896 0.000014 0.126343
4 2 0.002465 0.152002 0.283117 0.000123 0.562293
4 2 0.004126 0.226924 0.283427 0.000034 0.485489
4 2 0.002440 0.215215 0.320230 0.000017 0.462098
4 4 0.012253 0.175604 0.175197 0.000691 0.636255
1 4 0.021165 0.371880 0.243966 0.000065 0.362924
1 4 0.008384 0.345341 0.301791 0.000017 0.344467
4 4 0.018649 0.351294 0.252463 0.000078 0.377516
1 4 0.010806 0.441287 0.302151 0.000006 0.245750
2 4 0.004671 0.296259 0.352523 0.000017 0.346529
4 4 0.012444 0.280513 0.280128 0.000183 0.426732
4 4 0.003526 0.208741 0.304192 0.000052 0.483489
4 4 0.003115 0.158400 0.280955 0.000178 0.557352
4 4 0.008744 0.240435 0.270107 0.000169 0.480545
4 4 0.003667 0.134033 0.148334 0.000066 0.713900
4 4 0.002106 0.166542 0.235820 0.000020 0.595513
2 4 0.001437 0.215562 0.522270 0.000022 0.260709
2 4 0.000715 0.200436 0.569724 0.000006 0.229119
2 4 0.000345 0.117649 0.717039 0.000059 0.164908
2 4 0.000598 0.173455 0.627325 0.000014 0.198607
2 4 0.000343 0.117943 0.679651 0.000051 0.202012
1 1 0.048780 0.640932 0.221667 0.000006 0.088615
