0 0 0.898555 0.074956 0.015240 0.000056 0.011192
0 0 0.917002 0.067949 0.000776 0.000000 0.014273
0 0 0.942873 0.017847 0.035821 0.000948 0.002510
0 0 0.958116 0.008913 0.029539 0.001815 0.001617
0 0 0.963469 0.014742 0.018463 0.000500 0.002825
0 0 0.935116 0.028203 0.029096 0.001114 0.006471
0 0 0.763874 0.166947 0.045646 0.000274 0.023260
1 0 0.442102 0.469597 0.039639 0.000058 0.048604
1 0 0.338836 0.562078 0.054985 0.000063 0.044038
1 0 0.413502 0.501386 0.040624 0.000044 0.044443
1 0 0.015349 0.812467 0.141000 0.000001 0.031183
1 0 0.018640 0.756076 0.195215 0.000009 0.030061
1 0 0.035027 0.820599 0.117704 0.000003 0.026668
1 0 0.009280 0.809390 0.152718 0.000000 0.028612
1 0 0.019406 0.740871 0.202259 0.000010 0.037454
1 0 0.000905 0.491241 0.476614 0.000004 0.031236
1 1 0.002253 0.547357 0.403155 0.000006 0.047229
1 1 0.005633 0.622698 0.318761 0.000009 0.052899
1 1 0.001730 0.531807 0.415539 0.000004 0.050919
1 1 0.003815 0.616217 0.336226 0.000006 0.043736
2 1 0.003260 0.360533 0.556741 0.003446 0.076019
2 1 0.003559 0.359488 0.545881 0.002433 0.088640
2 2 0.003976 0.337981 0.539688 0.005767 0.112588
2 2 0.004159 0.349727 0.548121 0.005084 0.092909
2 2 0.000831 0.192083 0.706396 0.005935 0.094755
2 2 0.000441 0.051127 0.935912 0.002355 0.010165
2 2 0.001216 0.049303 0.934438 0.007817 0.007227
2 2 0.000080 0.004562 0.991187 0.000548 0.003622
2 2 0.000681 0.047129 0.940565 0.006276 0.005348
2 1 0.004145 0.396591 0.575492 0.005218 0.018554
1 0 0.039644 0.612673 0.210885 0.000053 0.136744
1 1 0.008331 0.501885 0.446759 0.000333 0.042692
1 1 0.014781 0.641127 0.313673 0.000099 0.030320
1 1 0.006424 0.591226 0.376834 0.000059 0.025456
2 2 0.002061 0.428311 0.545039 0.000122 0.024467
2 2 0.000927 0.229272 0.763928 0.000269 0.005604
2 2 0.001268 0.276657 0.710709 0.000315 0.011052
2 2 0.000642 0.174463 0.812715 0.001102 0.011077
2 2 0.000015 0.003563 0.995867 0.000011 0.000545
2 2 0.000453 0.081063 0.914969 0.000192 0.003322
2 1 0.007563 0.312756 0.669141 0.000423 0.010116
2 1 0.000658 0.280144 0.710892 0.000140 0.008166
2 1 0.000085 0.037525 0.960196 0.000063 0.002130
2 2 0.000126 0.033815 0.964863 0.000065 0.001130
2 2 0.001728 0.135619 0.854649 0.001333 0.006671
2 2 0.001202 0.105225 0.886833 0.004512 0.002228
2 2 0.000068 0.012940 0.985256 0.001348 0.000387
2 2 0.000001 0.000353 0.999355 0.000212 0.000079
2 2 0.000032 0.001499 0.996683 0.001425 0.000360
2 2 0.000010 0.000469 0.998323 0.001099 0.000099
2 2 0.000053 0.000726 0.976635 0.022459 0.000128
2 2 0.000184 0.002471 0.976093 0.021041 0.000210
2 2 0.000207 0.002341 0.978170 0.019109 0.000173
2 2 0.001079 0.013278 0.956895 0.028493 0.000254
2 2 0.000192 0.006807 0.977675 0.015152 0.000175
2 2 0.000023 0.000746 0.993226 0.005946 0.000060
2 2 0.000083 0.002273 0.985931 0.011531 0.000181
2 2 0.000013 0.000214 0.972730 0.026997 0.000047
2 2 0.000142 0.002883 0.961628 0.035081 0.000266
2 2 0.000058 0.000774 0.981172 0.017932 0.000065
2 2 0.000323 0.000759 0.553330 0.445431 0.000157
2 2 0.000255 0.000835 0.527466 0.471112 0.000332
2 2 0.000685 0.003376 0.671724 0.323460 0.000756
2 2 0.000368 0.002194 0.688981 0.307972 0.000486
3 2 0.000405 0.001007 0.478911 0.519395 0.000282
3 3 0.002439 0.007806 0.378338 0.610191 0.001226
3 3 0.001236 0.001802 0.292040 0.704431 0.000491
3 3 0.002354 0.003360 0.195210 0.798364 0.000713
3 3 0.000849 0.002057 0.254797 0.741780 0.000516
3 3 0.001279 0.001936 0.213051 0.783276 0.000458
3 3 0.000963 0.000770 0.099414 0.898642 0.000211
3 3 0.000871 0.000646 0.043754 0.954602 0.000128
3 3 0.001897 0.001884 0.050522 0.945127 0.000570
3 3 0.001245 0.001112 0.108907 0.888377 0.000360
3 3 0.001527 0.001220 0.101617 0.895180 0.000457
3 3 0.001049 0.000878 0.037241 0.960589 0.000243
3 3 0.000600 0.000969 0.018463 0.979526 0.000441
3 3 0.000684 0.000861 0.041795 0.956322 0.000337
3 3 0.003798 0.004361 0.041385 0.948238 0.002218
3 3 0.003906 0.004145 0.046974 0.943069 0.001907
3 3 0.001316 0.001116 0.036178 0.961039 0.000351
3 3 0.002656 0.001662 0.043142 0.951993 0.000547
3 3 0.000402 0.000548 0.019698 0.979163 0.000189
3 3 0.001394 0.001681 0.030932 0.965298 0.000695
3 3 0.002023 0.002091 0.032687 0.962291 0.000908
3 3 0.001552 0.001942 0.029921 0.965717 0.000869
3 3 0.002953 0.004677 0.035903 0.953771 0.002695
3 3 0.001484 0.003297 0.022847 0.970182 0.002191
3 3 0.001685 0.002385 0.033760 0.961089 0.001082
3 3 0.000889 0.000830 0.031476 0.966552 0.000253
3 3 0.001070 0.001126 0.030269 0.967136 0.000399
3 3 0.000816 0.001047 0.025925 0.971814 0.000398
3 3 0.000507 0.000968 0.018457 0.979626 0.000443
3 3 0.000768 0.001804 0.023576 0.972929 0.000923
3 3 0.000587 0.001824 0.019548 0.976981 0.001059
3 3 0.001776 0.008644 0.086462 0.898976 0.004142
3 3 0.000265 0.001063 0.015331 0.982809 0.000532
3 3 0.002904 0.018418 0.180840 0.791508 0.006330
3 3 0.000854 0.006747 0.138159 0.851842 0.002398
2 2 0.006124 0.069663 0.518202 0.387122 0.018889
2 2 0.001064 0.028337 0.937868 0.027042 0.005689
2 2 0.001616 0.078031 0.838219 0.064679 0.017455
2 2 0.001139 0.058916 0.863478 0.056719 0.019747
2 2 0.000613 0.033884 0.908220 0.047202 0.010080
2 2 0.000733 0.068080 0.874218 0.028477 0.028491
2 2 0.000410 0.101932 0.797307 0.007057 0.093295
2 2 0.000798 0.154116 0.709673 0.026258 0.109155
2 2 0.000161 0.079851 0.830761 0.007006 0.082221
2 2 0.000259 0.059759 0.874375 0.003192 0.062415
2 2 0.000887 0.159419 0.707407 0.021199 0.111088
2 2 0.001029 0.132961 0.803696 0.013342 0.048972
2 2 0.000628 0.168346 0.780568 0.002313 0.048145
2 1 0.011183 0.357469 0.540318 0.000057 0.090973
2 1 0.002431 0.331623 0.613409 0.001928 0.050609
2 2 0.001910 0.136850 0.812437 0.009990 0.038814
2 2 0.000166 0.010595 0.978073 0.010138 0.001028
2 2 0.000119 0.009339 0.976394 0.013251 0.000897
2 2 0.000136 0.004195 0.985728 0.009566 0.000375
2 2 0.000035 0.003764 0.990582 0.005035 0.000584
2 2 0.000053 0.002436 0.986837 0.010073 0.000601
2 2 0.000053 0.003598 0.990755 0.005333 0.000261
2 2 0.000030 0.001741 0.992731 0.005201 0.000298
2 2 0.000113 0.001520 0.990949 0.006977 0.000441
2 2 0.000098 0.004711 0.964488 0.030129 0.000574
2 2 0.000040 0.000977 0.985839 0.012790 0.000355
2 2 0.000102 0.005722 0.981912 0.011679 0.000584
2 2 0.000055 0.001435 0.989995 0.008060 0.000455
2 2 0.000038 0.002112 0.992875 0.004328 0.000647
2 2 0.000043 0.000952 0.987604 0.011077 0.000324
2 2 0.000046 0.005108 0.989374 0.004093 0.001378
2 2 0.000264 0.004785 0.961569 0.032679 0.000703
2 2 0.000046 0.000965 0.982763 0.016034 0.000192
2 2 0.000083 0.004165 0.969091 0.026090 0.000571
2 2 0.000029 0.001073 0.973435 0.025127 0.000337
2 2 0.000023 0.001582 0.983466 0.014381 0.000547
2 2 0.000057 0.002080 0.962989 0.034290 0.000584
2 2 0.000097 0.003983 0.958869 0.036309 0.000742
2 2 0.000167 0.003447 0.900250 0.095477 0.000657
2 2 0.000054 0.002397 0.971077 0.025998 0.000474
2 2 0.000038 0.000757 0.972329 0.026627 0.000249
2 2 0.000210 0.000704 0.577256 0.421725 0.000104
3 2 0.000727 0.002366 0.398410 0.598174 0.000323
2 2 0.000260 0.001145 0.642889 0.355473 0.000233
2 2 0.000117 0.000643 0.662608 0.336509 0.000123
2 2 0.000379 0.003233 0.642122 0.353753 0.000514
2 2 0.000644 0.001245 0.549026 0.449005 0.000079
2 2 0.000725 0.003492 0.683950 0.311516 0.000317
2 2 0.000192 0.000546 0.716809 0.282399 0.000053
2 2 0.000690 0.001449 0.705916 0.291785 0.000160
2 2 0.000274 0.000749 0.759661 0.239207 0.000108
3 3 0.001461 0.003528 0.152205 0.841965 0.000841
3 3 0.000372 0.001456 0.407891 0.589689 0.000591
3 3 0.001012 0.002845 0.281957 0.712850 0.001336
3 3 0.001224 0.002028 0.128722 0.867498 0.000528
3 3 0.002919 0.007651 0.299505 0.686871 0.003054
3 3 0.001914 0.005127 0.162814 0.827163 0.002982
3 3 0.001624 0.005494 0.064184 0.925526 0.003172
3 3 0.002270 0.006053 0.194477 0.793969 0.003231
3 3 0.001625 0.007439 0.111947 0.872757 0.006232
3 3 0.001458 0.006181 0.051770 0.938060 0.002531
3 3 0.002813 0.006233 0.084702 0.903712 0.002540
3 3 0.001210 0.002136 0.053078 0.943010 0.000567
3 3 0.001021 0.001838 0.036126 0.960355 0.000660
3 3 0.001771 0.005087 0.066283 0.925268 0.001592
3 3 0.000837 0.001550 0.026116 0.970802 0.000696
3 3 0.001675 0.005446 0.079007 0.911935 0.001937
3 3 0.001992 0.009817 0.088208 0.897055 0.002929
3 3 0.002197 0.005862 0.065734 0.924150 0.002057
3 3 0.001358 0.003160 0.067723 0.926963 0.000797
3 3 0.000508 0.002154 0.026440 0.969964 0.000933
3 3 0.000816 0.001825 0.028379 0.968191 0.000789
3 3 0.001604 0.007046 0.063096 0.925731 0.002523
3 3 0.000804 0.001985 0.033534 0.962936 0.000741
3 3 0.000822 0.002071 0.031388 0.964873 0.000845
3 3 0.002254 0.013454 0.098763 0.881400 0.004131
3 3 0.001669 0.003711 0.043600 0.949432 0.001589
3 3 0.001565 0.004569 0.031700 0.959299 0.002867
3 3 0.003659 0.014208 0.098114 0.878978 0.005041
3 3 0.002573 0.004964 0.044950 0.944960 0.002553
3 3 0.002720 0.004288 0.079431 0.912385 0.001176
3 3 0.001660 0.005679 0.047201 0.942878 0.002582
3 3 0.001925 0.007816 0.061975 0.925184 0.003100
3 3 0.002081 0.008644 0.066764 0.919160 0.003351
3 3 0.002102 0.006271 0.050683 0.938027 0.002917
3 3 0.003624 0.009992 0.059019 0.922000 0.005366
3 3 0.001382 0.007213 0.033305 0.953251 0.004849
3 3 0.001740 0.005007 0.042821 0.947987 0.002444
3 3 0.001256 0.003643 0.028589 0.964292 0.002220
3 3 0.002187 0.009755 0.061756 0.921973 0.004329
3 3 0.001208 0.003928 0.044004 0.949303 0.001557
3 3 0.001691 0.008379 0.050172 0.935663 0.004095
3 3 0.003724 0.013376 0.096946 0.881221 0.004734
3 3 0.002443 0.008775 0.056324 0.928195 0.004262
3 3 0.001771 0.005127 0.031554 0.958168 0.003380
3 3 0.001962 0.006645 0.041179 0.946377 0.003837
3 3 0.001481 0.007511 0.048801 0.938694 0.003513
3 3 0.000829 0.002418 0.023403 0.971942 0.001409
3 3 0.001861 0.006990 0.054696 0.933438 0.003015
3 3 0.001685 0.006466 0.024367 0.961960 0.005522
3 3 0.001095 0.004326 0.035541 0.956886 0.002152
3 3 0.003646 0.010216 0.157130 0.826957 0.002051
3 3 0.003454 0.014459 0.147430 0.831014 0.003644
3 3 0.002134 0.011485 0.222824 0.760457 0.003099
3 2 0.005118 0.033478 0.458755 0.496351 0.006298
2 2 0.001484 0.010783 0.639910 0.343606 0.004218
2 2 0.000845 0.017352 0.951541 0.029092 0.001170
2 2 0.000432 0.008464 0.980797 0.009732 0.000574
2 2 0.000366 0.013541 0.969060 0.015722 0.001311
2 2 0.000447 0.007104 0.978325 0.013632 0.000493
2 0 0.201814 0.267563 0.492141 0.015788 0.022694
1 0 0.094514 0.621501 0.237706 0.001573 0.044706
1 1 0.098255 0.555619 0.291094 0.004189 0.050843
1 1 0.103594 0.627347 0.222181 0.001340 0.045538
1 1 0.039788 0.589331 0.339940 0.002118 0.028823
0 0 0.663235 0.116418 0.171851 0.019702 0.028794
0 0 0.921374 0.018802 0.047589 0.006827 0.005408
0 0 0.915599 0.014699 0.057298 0.008835 0.003570
0 0 0.954852 0.009254 0.030478 0.003213 0.002202
0 0 0.943813 0.027359 0.016698 0.001078 0.011052
0 0 0.892517 0.056071 0.034190 0.001377 0.015845
0 0 0.934067 0.009529 0.047974 0.006428 0.002001
0 0 0.939853 0.014261 0.037411 0.004589 0.003886
0 0 0.922790 0.028000 0.034186 0.004321 0.010702
0 0 0.955857 0.023104 0.007864 0.000463 0.012712
0 0 0.917793 0.038057 0.033613 0.001326 0.009211
1 0 0.413804 0.480091 0.050572 0.000121 0.055412
1 0 0.436424 0.459026 0.047445 0.000124 0.056981
1 0 0.373588 0.495345 0.067609 0.000272 0.063186
0 0 0.857189 0.069913 0.048688 0.002864 0.021347
0 0 0.926746 0.031932 0.029532 0.001888 0.009901
0 0 0.952068 0.028756 0.008535 0.000203 0.010437
0 0 0.943103 0.033420 0.006023 0.000174 0.017280
0 0 0.874674 0.089633 0.011879 0.000090 0.023724
0 0 0.513062 0.406751 0.030510 0.000050 0.049628
0 0 0.582104 0.335201 0.026132 0.000076 0.056486
0 0 0.657122 0.252671 0.059265 0.000271 0.030671
1 0 0.260360 0.603859 0.087016 0.000178 0.048587
1 0 0.353779 0.559727 0.046581 0.000036 0.039877
0 0 0.778637 0.169019 0.027818 0.000102 0.024424
1 0 0.316519 0.577826 0.061176 0.000075 0.044403
1 0 0.030093 0.690168 0.213992 0.000031 0.065716
1 1 0.027386 0.707767 0.223283 0.000040 0.041523
1 1 0.018131 0.659646 0.267256 0.000040 0.054927
1 1 0.013599 0.664460 0.281867 0.000033 0.040040
1 1 0.016056 0.690717 0.257011 0.000029 0.036187
0 0 0.508783 0.365179 0.077105 0.000452 0.048480
0 0 0.813721 0.129136 0.038656 0.000239 0.018249
0 0 0.888070 0.067906 0.029988 0.000454 0.013582
0 0 0.865750 0.082891 0.024104 0.000626 0.026630
0 0 0.736216 0.108078 0.137120 0.003830 0.014756
0 0 0.606921 0.128153 0.115557 0.069727 0.079642
0 0 0.717698 0.104312 0.081787 0.018310 0.077894
0 0 0.474289 0.140106 0.126765 0.157764 0.101076
0 0 0.481542 0.182213 0.093912 0.085557 0.156776
0 0 0.482892 0.161623 0.120072 0.114881 0.120531
0 0 0.779737 0.117613 0.046849 0.003721 0.052080
0 0 0.833034 0.096520 0.029467 0.001385 0.039594
0 0 0.730806 0.203509 0.019366 0.000102 0.046217
0 0 0.474046 0.438128 0.036677 0.000065 0.051083
0 0 0.588893 0.321400 0.035049 0.000148 0.054511
0 0 0.544817 0.369823 0.046414 0.000095 0.038851
1 1 0.107717 0.715693 0.146508 0.000167 0.029915
1 1 0.193357 0.656987 0.106649 0.000167 0.042839
0 0 0.869839 0.092786 0.022251 0.000124 0.014999
0 0 0.677385 0.246565 0.035219 0.000167 0.040663
0 0 0.968733 0.016821 0.006726 0.000278 0.007441
0 0 0.978759 0.010983 0.005136 0.000225 0.004898
0 0 0.983773 0.007994 0.004904 0.000203 0.003126
0 0 0.983058 0.007361 0.007205 0.000265 0.002111
0 0 0.950666 0.029289 0.003043 0.000057 0.016945
0 0 0.952879 0.028665 0.008034 0.000174 0.010248
0 0 0.734715 0.203942 0.012112 0.000042 0.049188
0 0 0.949299 0.027662 0.016248 0.000341 0.006450
0 0 0.696164 0.242615 0.020898 0.000057 0.040267
0 0 0.948524 0.029934 0.015097 0.000219 0.006226
0 0 0.499065 0.385106 0.057560 0.000302 0.057967
0 0 0.489251 0.405864 0.066666 0.000156 0.038064
1 0 0.259803 0.641273 0.063485 0.000041 0.035397
1 0 0.250772 0.637733 0.072757 0.000068 0.038671
1 0 0.210781 0.623570 0.115476 0.000331 0.049842
1 1 0.041150 0.636685 0.265055 0.000283 0.056828
1 1 0.022976 0.601861 0.328559 0.000314 0.046290
1 0 0.049250 0.639145 0.268836 0.000247 0.042522
1 1 0.015895 0.519823 0.409272 0.000660 0.054349
1 1 0.014655 0.498094 0.432113 0.001398 0.053739
2 1 0.002131 0.303926 0.616801 0.010946 0.066196
2 1 0.000873 0.225647 0.641267 0.005128 0.127085
2 1 0.001034 0.248991 0.652331 0.006330 0.091315
2 1 0.000135 0.171702 0.764426 0.000526 0.063210
2 1 0.001146 0.167909 0.740218 0.005020 0.085706
2 1 0.002591 0.117294 0.869664 0.002514 0.007937
2 1 0.001768 0.186463 0.792915 0.001676 0.017178
2 1 0.007367 0.391981 0.567798 0.006936 0.025918
2 1 0.000206 0.062058 0.930042 0.000576 0.007119
1 0 0.052290 0.527248 0.402192 0.000369 0.017901
1 1 0.018067 0.582073 0.368802 0.000518 0.030539
1 1 0.007830 0.506497 0.449232 0.000327 0.036113
1 1 0.021226 0.569045 0.367761 0.000562 0.041407
2 1 0.040781 0.342109 0.587635 0.000528 0.028948
1 0 0.085286 0.764616 0.128890 0.000054 0.021155
1 0 0.139900 0.639864 0.172126 0.000732 0.047378
1 1 0.058531 0.617317 0.286473 0.001533 0.036146
0 0 0.353925 0.303373 0.245013 0.025003 0.072686
0 0 0.360044 0.330644 0.197626 0.020030 0.091657
0 0 0.413179 0.292347 0.222179 0.006512 0.065782
1 0 0.047558 0.515142 0.288981 0.000832 0.147487
2 1 0.004041 0.313302 0.561486 0.016747 0.104424
2 1 0.001722 0.234688 0.600416 0.033862 0.129312
2 1 0.002289 0.266594 0.604758 0.014869 0.111489
2 1 0.000716 0.148074 0.690715 0.042455 0.118039
2 1 0.002853 0.161458 0.803396 0.007702 0.024592
2 0 0.032202 0.304260 0.579498 0.015961 0.068079
2 1 0.003041 0.319072 0.607885 0.009269 0.060732
2 1 0.003834 0.286085 0.637521 0.013786 0.058773
2 0 0.022759 0.213600 0.728749 0.001156 0.033736
1 0 0.097105 0.679281 0.162908 0.000150 0.060555
1 1 0.019774 0.511340 0.419622 0.001940 0.047324
1 1 0.019217 0.499549 0.433644 0.003012 0.044579
1 1 0.015726 0.535111 0.397621 0.000518 0.051024
1 0 0.171727 0.560103 0.220318 0.000382 0.047471
1 1 0.003413 0.483328 0.480393 0.000092 0.032774
1 1 0.080704 0.660105 0.223448 0.000025 0.035718
1 1 0.010155 0.592204 0.366064 0.000122 0.031456
1 1 0.008497 0.553864 0.396705 0.000130 0.040804
1 1 0.047270 0.762040 0.162471 0.000032 0.028187
1 0 0.120635 0.567799 0.281826 0.000426 0.029315
1 0 0.137101 0.578796 0.236530 0.000156 0.047417
1 0 0.295740 0.501583 0.184015 0.000202 0.018460
1 1 0.013531 0.611698 0.350270 0.000203 0.024297
2 1 0.004044 0.468682 0.506574 0.000302 0.020398
2 1 0.001203 0.116146 0.781450 0.077618 0.023584
2 2 0.000302 0.041213 0.933877 0.018427 0.006181
2 2 0.000625 0.074246 0.889291 0.023137 0.012701
2 2 0.000027 0.006360 0.986078 0.005139 0.002396
2 2 0.000073 0.004810 0.973061 0.017459 0.004595
2 2 0.000074 0.007317 0.981877 0.003333 0.007399
2 2 0.000126 0.021699 0.955397 0.010272 0.012506
2 2 0.000190 0.097717 0.834278 0.014837 0.052979
2 2 0.000369 0.064932 0.860608 0.035432 0.038660
2 2 0.000326 0.081066 0.868486 0.012304 0.037818
2 4 0.001347 0.099001 0.720906 0.020393 0.158353
2 4 0.001990 0.064011 0.746905 0.033115 0.153979
2 4 0.001558 0.194967 0.542348 0.031382 0.229745
2 4 0.001714 0.203537 0.540815 0.039951 0.213983
2 4 0.005690 0.222249 0.475054 0.042594 0.254412
4 4 0.055610 0.171950 0.098068 0.037681 0.636691
4 4 0.028272 0.213589 0.179159 0.046518 0.532462
4 4 0.003410 0.113331 0.331862 0.083297 0.468100
4 4 0.021035 0.121304 0.083010 0.003978 0.770673
4 4 0.014202 0.151728 0.350669 0.010052 0.473348
2 4 0.002160 0.171536 0.717128 0.002629 0.106548
2 4 0.004779 0.305329 0.560323 0.000214 0.129356
2 4 0.015406 0.170291 0.755533 0.000595 0.058174
1 1 0.006608 0.542986 0.363787 0.000029 0.086591
2 1 0.012554 0.347367 0.566627 0.000318 0.073133
2 4 0.005160 0.272449 0.472507 0.028762 0.221122
2 4 0.001759 0.201537 0.517672 0.029521 0.249511
2 4 0.003041 0.226474 0.468243 0.019000 0.283242
2 4 0.002317 0.217771 0.488677 0.022165 0.269071
4 4 0.005763 0.193353 0.369827 0.017545 0.413513
2 4 0.007307 0.325979 0.443265 0.005821 0.217629
2 4 0.003532 0.132351 0.622793 0.019379 0.221945
2 4 0.003751 0.241877 0.456814 0.014354 0.283204
2 4 0.005150 0.220091 0.461429 0.023892 0.289438
2 4 0.002635 0.160512 0.627239 0.020481 0.189133
2 4 0.004086 0.381573 0.526801 0.000950 0.086589
2 4 0.001556 0.145918 0.743060 0.014177 0.095288
1 1 0.034281 0.522891 0.341617 0.000165 0.101046
2 1 0.000452 0.169670 0.721982 0.003088 0.104807
2 1 0.000637 0.134107 0.781875 0.002398 0.080983
4 1 0.001392 0.158857 0.291620 0.002079 0.546051
4 1 0.007408 0.332938 0.265083 0.000351 0.394220
1 1 0.006835 0.397150 0.231008 0.000081 0.364926
4 1 0.015792 0.228217 0.125943 0.000181 0.629868
4 1 0.008487 0.301473 0.153894 0.000009 0.536136
4 4 0.012831 0.171314 0.109171 0.000205 0.706479
1 4 0.015125 0.638014 0.198023 0.000003 0.148835
1 4 0.013188 0.554877 0.187429 0.000003 0.244504
4 4 0.002315 0.182079 0.268485 0.000860 0.546262
4 4 0.002992 0.159186 0.252550 0.001589 0.583683
4 4 0.001624 0.205629 0.395625 0.001133 0.395989
2 4 0.002758 0.174457 0.471168 0.006669 0.344948
2 4 0.002943 0.231792 0.391605 0.004379 0.369281
2 4 0.004593 0.269633 0.430038 0.008142 0.287594
2 4 0.006932 0.331707 0.426889 0.013780 0.220691
2 4 0.010113 0.284874 0.342986 0.020670 0.341356
4 4 0.017744 0.213389 0.220012 0.025012 0.523844
4 4 0.019296 0.185045 0.161242 0.005911 0.628507
4 4 0.028111 0.294955 0.242692 0.015168 0.419075
4 4 0.102897 0.158674 0.063682 0.021024 0.653722
4 4 0.009422 0.282216 0.343997 0.009521 0.354844
2 4 0.007504 0.152483 0.462184 0.016158 0.361671
2 4 0.013860 0.341145 0.356194 0.009906 0.278895
4 4 0.005520 0.210485 0.357861 0.032059 0.394075
4 4 0.009899 0.226241 0.280889 0.018466 0.464505
4 4 0.012153 0.231891 0.242162 0.009337 0.504457
4 4 0.010299 0.184054 0.205276 0.016111 0.584260
4 4 0.010173 0.224448 0.257230 0.046783 0.461366
2 4 0.007982 0.287897 0.365410 0.018171 0.320540
4 4 0.003383 0.151248 0.274343 0.022047 0.548980
4 4 0.010308 0.170776 0.133012 0.003069 0.682835
4 4 0.008818 0.257993 0.252533 0.003961 0.476695
4 4 0.006064 0.130649 0.155099 0.006463 0.701725
4 4 0.008701 0.179934 0.165056 0.005142 0.641167
4 4 0.014744 0.117414 0.081056 0.005204 0.781583
4 4 0.006063 0.312021 0.311404 0.000308 0.370204
2 4 0.000715 0.123402 0.465175 0.001156 0.409551
4 4 0.006316 0.165989 0.374150 0.003845 0.449701
4 4 0.004482 0.208780 0.300991 0.003510 0.482237
2 4 0.002025 0.206807 0.417723 0.004309 0.369136
2 4 0.001465 0.258926 0.424566 0.000806 0.314237
2 4 0.001356 0.177005 0.433498 0.003387 0.384754
2 4 0.001706 0.216151 0.410549 0.001348 0.370246
1 4 0.003050 0.403447 0.396611 0.000074 0.196818
1 4 0.014245 0.438976 0.273701 0.000048 0.273030
2 4 0.001855 0.147956 0.750538 0.010803 0.088848
2 4 0.002753 0.288671 0.565166 0.004127 0.139283
1 4 0.009758 0.477792 0.428841 0.000330 0.083279
2 4 0.003546 0.328432 0.505994 0.000707 0.161321
2 1 0.043980 0.310216 0.423026 0.000635 0.222143
2 1 0.001138 0.099161 0.749780 0.033384 0.116537
2 1 0.000470 0.126647 0.734018 0.015397 0.123468
2 1 0.000788 0.183027 0.679348 0.011971 0.124866
2 1 0.001468 0.186814 0.650777 0.024537 0.136405
2 1 0.002417 0.298263 0.579981 0.001990 0.117349
2 1 0.001101 0.194060 0.724815 0.006430 0.073594
2 1 0.001199 0.316498 0.630285 0.000849 0.051169
2 2 0.002344 0.274781 0.595404 0.006601 0.120870
2 2 0.001011 0.265769 0.654983 0.002367 0.075869
2 2 0.000038 0.016624 0.964286 0.001492 0.017560
2 2 0.001419 0.266541 0.678369 0.003656 0.050015
2 2 0.000254 0.047762 0.936145 0.000754 0.015085
2 2 0.000492 0.083433 0.885121 0.002330 0.028624
2 2 0.000235 0.015128 0.973846 0.002074 0.008718
2 2 0.000956 0.108420 0.869085 0.002035 0.019503
2 2 0.000043 0.012303 0.984048 0.000623 0.002984
2 2 0.000046 0.006383 0.990182 0.001063 0.002326
2 2 0.000108 0.011667 0.978073 0.007855 0.002297
2 2 0.000016 0.003308 0.993874 0.000187 0.002615
2 2 0.000246 0.019869 0.964912 0.011683 0.003291
2 2 0.000059 0.004541 0.992263 0.001721 0.001416
2 2 0.000212 0.011782 0.985709 0.000250 0.002048
2 2 0.000179 0.022520 0.973748 0.000907 0.002646
2 2 0.000067 0.016635 0.980104 0.000422 0.002773
2 2 0.000027 0.004059 0.994522 0.000074 0.001317
2 2 0.001788 0.011341 0.942274 0.041679 0.002918
2 2 0.007248 0.047324 0.901672 0.039709 0.004047
2 2 0.001510 0.009289 0.971522 0.014386 0.003293
2 2 0.010518 0.011993 0.741598 0.232808 0.003084
0 0 0.551536 0.126301 0.271839 0.027379 0.022944
0 0 0.972910 0.011314 0.011030 0.000710 0.004036
0 0 0.855328 0.106577 0.003628 0.000010 0.034456
0 0 0.926806 0.043750 0.001615 0.000013 0.027816
0 0 0.766021 0.194915 0.006349 0.000005 0.032709
0 0 0.916413 0.063176 0.005253 0.000017 0.015141
0 0 0.416951 0.389811 0.107479 0.000321 0.085437
1 0 0.101379 0.568039 0.230752 0.000449 0.099381
1 1 0.027047 0.589535 0.313258 0.000285 0.069875
2 1 0.007587 0.410540 0.491604 0.002902 0.087367
2 1 0.002719 0.295804 0.572401 0.004327 0.124749
2 1 0.001214 0.251489 0.646697 0.018773 0.081826
2 1 0.000490 0.201712 0.671916 0.011264 0.114617
2 2 0.000772 0.176567 0.748902 0.009153 0.064605
2 2 0.000423 0.190578 0.686069 0.013542 0.109388
2 2 0.000309 0.109423 0.770859 0.026829 0.092580
2 2 0.000110 0.051733 0.932421 0.002937 0.012799
2 2 0.000093 0.022331 0.970326 0.000672 0.006579
2 2 0.000073 0.026842 0.969245 0.000256 0.003584
2 2 0.000019 0.008782 0.988217 0.000049 0.002933
2 2 0.000304 0.074291 0.912425 0.000805 0.012176
2 2 0.000017 0.006084 0.990517 0.000356 0.003026
2 2 0.000035 0.008499 0.989113 0.000973 0.001380
2 2 0.000027 0.004489 0.991762 0.002384 0.001339
2 2 0.000029 0.003802 0.991368 0.002477 0.002324
2 2 0.000009 0.003078 0.995920 0.000206 0.000787
2 2 0.000024 0.002068 0.993241 0.003889 0.000778
2 2 0.000022 0.003864 0.993104 0.001867 0.001143
2 2 0.000008 0.001976 0.997147 0.000215 0.000655
2 2 0.000014 0.001513 0.994433 0.003049 0.000991
2 2 0.000005 0.001156 0.996864 0.001024 0.000951
2 2 0.000010 0.001414 0.984902 0.012938 0.000736
2 2 0.000015 0.001011 0.972133 0.026523 0.000318
2 2 0.000139 0.003955 0.911718 0.083664 0.000524
2 2 0.000054 0.004767 0.962750 0.031304 0.001125
2 2 0.000007 0.000294 0.989388 0.009893 0.000419
2 2 0.000057 0.002428 0.976347 0.020494 0.000673
2 2 0.000049 0.001937 0.985942 0.011471 0.000601
2 2 0.000022 0.001752 0.987496 0.010358 0.000372
2 2 0.000031 0.001741 0.984934 0.012877 0.000417
2 2 0.000041 0.001615 0.988505 0.009078 0.000760
2 2 0.000602 0.008334 0.925769 0.053290 0.012005
2 2 0.003501 0.049763 0.843110 0.081107 0.022518
2 2 0.002493 0.029046 0.895229 0.045806 0.027427
2 2 0.005505 0.107222 0.782023 0.063408 0.041841
2 2 0.002186 0.036640 0.914196 0.030228 0.016750
2 2 0.001665 0.011745 0.650928 0.328454 0.007209
2 2 0.006429 0.049222 0.709567 0.213813 0.020970
2 2 0.003976 0.027816 0.714000 0.239925 0.014283
2 2 0.007820 0.044047 0.794149 0.129461 0.024522
2 2 0.014586 0.062938 0.496513 0.414032 0.011931
2 2 0.008705 0.055422 0.729365 0.178461 0.028047
2 3 0.006111 0.049323 0.465964 0.461638 0.016964
2 3 0.005299 0.053043 0.705931 0.206818 0.028909
2 3 0.008768 0.057132 0.639293 0.269467 0.025340
2 3 0.004744 0.046974 0.740457 0.174829 0.032996
3 3 0.006724 0.045992 0.459533 0.473002 0.014750
2 3 0.008370 0.044044 0.494651 0.433839 0.019095
3 3 0.009797 0.076895 0.339641 0.552243 0.021423
2 3 0.007857 0.050448 0.492420 0.427246 0.022029
2 3 0.007395 0.043820 0.512523 0.420281 0.015981
3 3 0.007110 0.037348 0.239342 0.695176 0.021024
2 3 0.008216 0.098961 0.451987 0.388855 0.051981
3 3 0.009371 0.051412 0.334869 0.565812 0.038536
3 3 0.006696 0.087329 0.347292 0.494413 0.064270
3 3 0.006922 0.053901 0.269547 0.636413 0.033217
3 3 0.007184 0.048948 0.330241 0.590793 0.022834
3 3 0.005483 0.044840 0.272089 0.653802 0.023786
3 3 0.006147 0.042494 0.310566 0.620936 0.019856
3 3 0.004689 0.040726 0.253137 0.682365 0.019084
3 3 0.006303 0.032922 0.292768 0.655225 0.012781
3 3 0.002239 0.005862 0.067369 0.922515 0.002015
3 3 0.007773 0.052526 0.263819 0.654205 0.021676
3 3 0.005559 0.020100 0.150824 0.816363 0.007153
3 3 0.003996 0.011725 0.081954 0.896880 0.005444
3 3 0.003533 0.013053 0.088102 0.889619 0.005693
3 3 0.001415 0.005300 0.027905 0.961536 0.003845
3 3 0.003480 0.011920 0.058409 0.919566 0.006625
3 3 0.003085 0.008469 0.064019 0.920640 0.003787
3 3 0.002627 0.006427 0.054183 0.933777 0.002986
3 3 0.001210 0.004432 0.024972 0.966189 0.003197
3 3 0.002485 0.006426 0.050527 0.937399 0.003163
3 3 0.004920 0.018703 0.118481 0.847362 0.010534
3 3 0.003930 0.022195 0.143437 0.819491 0.010947
3 3 0.002398 0.008690 0.043643 0.939814 0.005455
3 3 0.002054 0.010959 0.040976 0.938405 0.007607
3 3 0.001416 0.002393 0.034304 0.960804 0.001083
3 3 0.001474 0.004993 0.028652 0.961412 0.003469
3 3 0.001103 0.003922 0.025601 0.966725 0.002649
3 3 0.000708 0.003362 0.018556 0.974759 0.002615
3 3 0.000897 0.003707 0.022405 0.970325 0.002666
3 3 0.000652 0.003085 0.021957 0.972353 0.001954
3 3 0.001812 0.010534 0.050669 0.930496 0.006488
3 3 0.000966 0.003379 0.024151 0.969279 0.002225
3 3 0.001823 0.014656 0.069316 0.907787 0.006417
3 3 0.001169 0.005393 0.028972 0.960836 0.003629
3 3 0.007537 0.026883 0.310752 0.649302 0.005525
3 3 0.005727 0.048212 0.423021 0.513509 0.009531
3 2 0.012702 0.047826 0.362448 0.569073 0.007951
2 2 0.005316 0.088867 0.654914 0.224991 0.025912
2 2 0.008550 0.064892 0.602224 0.310772 0.013562
2 2 0.000536 0.029169 0.853298 0.104058 0.012939
2 2 0.002234 0.085745 0.809888 0.086434 0.015699
2 2 0.004412 0.126619 0.797459 0.049182 0.022328
2 2 0.005243 0.050595 0.882835 0.043725 0.017602
2 2 0.012005 0.068655 0.805467 0.093137 0.020737
2 2 0.007107 0.177808 0.729721 0.045489 0.039875
2 2 0.004147 0.091886 0.774608 0.102390 0.026969
2 2 0.004862 0.170591 0.750417 0.032082 0.042048
2 2 0.007405 0.084172 0.753748 0.126175 0.028499
2 2 0.003874 0.030362 0.846656 0.103995 0.015113
2 2 0.001416 0.048448 0.930086 0.010423 0.009626
2 2 0.002365 0.117713 0.859052 0.008160 0.012710
2 2 0.001940 0.025292 0.951618 0.011489 0.009662
2 2 0.008691 0.206186 0.730849 0.021630 0.032644
2 2 0.003453 0.086161 0.890597 0.008134 0.011655
2 2 0.008405 0.158179 0.773563 0.016463 0.043389
2 2 0.007161 0.172034 0.731171 0.031425 0.058210
2 2 0.004070 0.073659 0.853611 0.036243 0.032417
2 2 0.007377 0.101570 0.830886 0.026153 0.034014
2 2 0.006986 0.075961 0.868980 0.022073 0.026000
2 2 0.003509 0.062925 0.917956 0.008127 0.007483
2 2 0.006224 0.150085 0.803220 0.020700 0.019772
2 2 0.005005 0.079358 0.891693 0.009472 0.014472
2 2 0.000894 0.009888 0.972017 0.013479 0.003722
2 2 0.002519 0.023990 0.926023 0.044934 0.002533
2 2 0.004785 0.084847 0.862961 0.038149 0.009258
2 2 0.003323 0.060753 0.915672 0.010465 0.009787
2 2 0.001983 0.032578 0.951787 0.007954 0.005698
2 2 0.019769 0.259582 0.703290 0.004597 0.012762
2 2 0.001560 0.129219 0.840952 0.010980 0.017289
2 2 0.001262 0.054411 0.911597 0.007161 0.025569
2 2 0.008290 0.199655 0.669402 0.029388 0.093265
2 4 0.004029 0.336668 0.584041 0.007954 0.067308
2 4 0.003068 0.328324 0.593313 0.002712 0.072582
2 4 0.002506 0.260822 0.668010 0.005841 0.062822
2 4 0.001054 0.191727 0.604393 0.011112 0.191713
2 4 0.004622 0.364988 0.503012 0.001376 0.126001
2 4 0.003650 0.255667 0.465250 0.016179 0.259254
2 4 0.001413 0.164810 0.632840 0.018233 0.182704
2 4 0.001373 0.211212 0.588002 0.020999 0.178414
2 4 0.001244 0.085175 0.851297 0.022852 0.039433
1 1 0.005352 0.485799 0.481031 0.000292 0.027525
2 1 0.005367 0.378992 0.555664 0.002958 0.057019
2 1 0.001555 0.238550 0.711208 0.004710 0.043976
2 2 0.000162 0.037511 0.955474 0.000085 0.006768
2 2 0.008436 0.286375 0.592738 0.000497 0.111954
2 4 0.004364 0.315135 0.535084 0.002377 0.143040
2 4 0.001623 0.291731 0.635594 0.002783 0.068269
2 4 0.001695 0.284418 0.636786 0.007783 0.069318
2 4 0.006543 0.292713 0.602800 0.004953 0.092991
2 4 0.003410 0.177479 0.402903 0.021938 0.394270
2 4 0.005062 0.299419 0.484979 0.024276 0.186264
1 4 0.043232 0.343905 0.251318 0.026388 0.335157
2 4 0.017087 0.326891 0.352630 0.042333 0.261060
4 4 0.026893 0.225638 0.191102 0.019291 0.537076
1 4 0.014954 0.531863 0.305717 0.000058 0.147407
1 4 0.010993 0.380187 0.367796 0.002440 0.238584
1 4 0.014891 0.438473 0.290051 0.000110 0.256474
1 4 0.014608 0.422231 0.250845 0.000037 0.312279
2 4 0.003108 0.246084 0.435212 0.003292 0.312304
2 4 0.009062 0.448374 0.448560 0.001231 0.092773
2 4 0.004049 0.199906 0.599289 0.005594 0.191162
2 4 0.006322 0.289527 0.476654 0.026388 0.201109
2 4 0.010723 0.426260 0.428420 0.002437 0.132160
2 4 0.016120 0.398450 0.440555 0.001181 0.143695
2 1 0.004244 0.334504 0.573909 0.010640 0.076703
2 2 0.001219 0.177686 0.710274 0.014896 0.095925
2 2 0.001846 0.219182 0.696786 0.013334 0.068851
2 2 0.000732 0.091505 0.865590 0.007891 0.034282
2 2 0.002638 0.294490 0.631532 0.005863 0.065477
2 2 0.000253 0.012777 0.977657 0.000381 0.008932
2 2 0.003163 0.133172 0.837971 0.000511 0.025182
2 2 0.001160 0.050780 0.912583 0.011873 0.023605
2 2 0.004464 0.089341 0.868435 0.003817 0.033942
2 2 0.002101 0.081055 0.902267 0.000885 0.013692
2 2 0.000195 0.020885 0.969944 0.004137 0.004839
2 2 0.000624 0.027426 0.966752 0.000854 0.004343
2 2 0.000131 0.011660 0.982937 0.001835 0.003437
2 2 0.001190 0.028901 0.953161 0.011257 0.005492
2 2 0.000181 0.011912 0.970924 0.013011 0.003973
2 2 0.000135 0.019920 0.977709 0.000458 0.001778
2 2 0.000012 0.005409 0.992454 0.000953 0.001172
2 2 0.000014 0.002194 0.996522 0.000812 0.000457
2 2 0.000396 0.026009 0.969965 0.000274 0.003356
2 2 0.000071 0.007499 0.987699 0.003302 0.001428
2 2 0.000020 0.002006 0.997489 0.000132 0.000353
2 2 0.000091 0.006665 0.991736 0.000690 0.000818
2 2 0.000069 0.006079 0.992935 0.000380 0.000537
2 2 0.000125 0.006179 0.989904 0.003194 0.000597
2 2 0.000046 0.003294 0.995725 0.000779 0.000156
2 2 0.000066 0.004728 0.992750 0.001817 0.000639
2 2 0.000088 0.005083 0.993232 0.000844 0.000754
2 2 0.000076 0.004578 0.992393 0.002074 0.000878
2 2 0.000289 0.023127 0.970919 0.004204 0.001462
2 2 0.000039 0.001966 0.994086 0.003579 0.000331
2 2 0.000051 0.004397 0.978116 0.016416 0.001019
2 2 0.000046 0.002445 0.992282 0.004378 0.000849
2 2 0.000048 0.003884 0.986059 0.008674 0.001335
2 2 0.000046 0.003740 0.979474 0.015824 0.000917
2 2 0.000043 0.002327 0.980204 0.016886 0.000541
2 2 0.000129 0.008068 0.980272 0.009763 0.001768
2 2 0.000016 0.001212 0.988214 0.009515 0.001043
2 2 0.000037 0.003516 0.957872 0.037186 0.001390
2 2 0.000041 0.003488 0.988314 0.007462 0.000695
2 2 0.000015 0.002036 0.992186 0.004649 0.001113
2 2 0.000068 0.001939 0.959498 0.036977 0.001518
2 2 0.000494 0.011320 0.954739 0.028733 0.004713
2 2 0.001059 0.016507 0.957778 0.017626 0.007030
2 2 0.002036 0.041988 0.928198 0.012392 0.015386
2 2 0.002612 0.041358 0.870679 0.078668 0.006683
2 2 0.001796 0.057302 0.824263 0.108593 0.008045
2 2 0.001114 0.010539 0.937776 0.048890 0.001680
2 2 0.000861 0.015399 0.891153 0.089817 0.002771
2 2 0.003336 0.019869 0.902721 0.071641 0.002433
2 2 0.000198 0.004233 0.877968 0.116991 0.000609
2 2 0.000024 0.001615 0.996170 0.001689 0.000502
2 2 0.000207 0.008854 0.986068 0.004516 0.000354
2 2 0.000100 0.004875 0.982646 0.011726 0.000652
2 2 0.000020 0.002037 0.993228 0.004264 0.000451
2 2 0.000045 0.003530 0.983638 0.012339 0.000449
2 2 0.000052 0.003057 0.983505 0.013042 0.000344
2 2 0.000176 0.001852 0.982601 0.015078 0.000293
2 2 0.000132 0.002315 0.969329 0.028059 0.000165
2 2 0.000413 0.005273 0.970672 0.023376 0.000265
2 2 0.000018 0.000667 0.983357 0.015813 0.000146
2 2 0.000030 0.001032 0.967037 0.031478 0.000423
2 2 0.000026 0.001641 0.980807 0.016944 0.000583
2 2 0.000049 0.002022 0.961271 0.036137 0.000520
2 2 0.000184 0.006927 0.949553 0.042756 0.000580
2 2 0.000044 0.001759 0.957965 0.039794 0.000438
2 2 0.000078 0.001781 0.972022 0.025758 0.000362
2 2 0.000592 0.008500 0.949097 0.040060 0.001750
2 2 0.001092 0.017606 0.958050 0.021045 0.002208
2 2 0.000199 0.005425 0.970824 0.022744 0.000807
2 2 0.000516 0.009963 0.940604 0.047683 0.001234
2 2 0.000019 0.000628 0.982981 0.016029 0.000344
2 2 0.000221 0.003317 0.976123 0.019845 0.000494
2 2 0.000109 0.004330 0.976076 0.019077 0.000408
2 2 0.000109 0.003991 0.979164 0.016417 0.000319
2 2 0.000563 0.008576 0.952504 0.037935 0.000422
2 2 0.000117 0.005603 0.947319 0.046284 0.000677
2 2 0.000031 0.000294 0.964209 0.035322 0.000143
2 2 0.000048 0.001807 0.957906 0.039829 0.000411
2 2 0.001627 0.019988 0.919100 0.058180 0.001106
2 2 0.000728 0.005732 0.905016 0.087657 0.000868
2 2 0.002388 0.017919 0.868770 0.106495 0.004429
2 2 0.004656 0.043985 0.779661 0.161801 0.009897
2 2 0.000757 0.009261 0.922168 0.065250 0.002564
2 2 0.005278 0.036959 0.851683 0.094261 0.011819
2 2 0.003525 0.020893 0.728811 0.242862 0.003910
2 2 0.003943 0.032705 0.656485 0.300669 0.006198
2 2 0.000246 0.001810 0.756305 0.240701 0.000938
2 2 0.004901 0.020401 0.576478 0.393782 0.004439
2 2 0.002401 0.022303 0.572525 0.398107 0.004664
2 2 0.004260 0.023655 0.684261 0.284035 0.003789
2 2 0.001296 0.020923 0.789178 0.177418 0.011185
2 2 0.006114 0.040833 0.647687 0.295205 0.010162
2 2 0.002704 0.017729 0.696354 0.277809 0.005404
2 2 0.001533 0.022744 0.786595 0.179162 0.009966
2 2 0.002745 0.020195 0.717219 0.255716 0.004125
2 2 0.003211 0.016180 0.820107 0.154646 0.005856
2 2 0.005655 0.024034 0.605956 0.361101 0.003254
2 2 0.002251 0.019217 0.799911 0.174047 0.004574
2 2 0.003207 0.022180 0.754975 0.214673 0.004965
2 2 0.004136 0.038103 0.622032 0.330669 0.005060
2 2 0.001571 0.039756 0.931030 0.025862 0.001780
2 2 0.000265 0.007907 0.973848 0.017202 0.000778
2 2 0.000728 0.012701 0.966128 0.019330 0.001112
2 2 0.000543 0.005374 0.943458 0.049578 0.001048
2 0 0.107889 0.252267 0.616149 0.011173 0.012522
1 0 0.021588 0.588411 0.370948 0.001197 0.017856
2 1 0.007859 0.440827 0.535336 0.002008 0.013971
1 0 0.333487 0.417882 0.230199 0.000499 0.017933
2 0 0.009640 0.344966 0.629292 0.001720 0.014382
2 0 0.024896 0.276432 0.686544 0.000739 0.011389
0 0 0.338734 0.327382 0.289590 0.001694 0.042600
2 1 0.011877 0.442039 0.488862 0.004518 0.052705
2 1 0.005365 0.392995 0.546200 0.001695 0.053744
2 1 0.002612 0.230901 0.721847 0.006942 0.037698
2 1 0.007141 0.210094 0.740673 0.006718 0.035375
2 1 0.008724 0.118008 0.832764 0.015974 0.024530
2 1 0.001203 0.173123 0.721342 0.023504 0.080827
2 2 0.001995 0.129277 0.818734 0.022801 0.027193
2 2 0.000884 0.124422 0.838103 0.006610 0.029980
2 2 0.001456 0.150772 0.728830 0.046758 0.072184
2 2 0.000356 0.092283 0.777799 0.006890 0.122671
2 2 0.000752 0.160052 0.652792 0.006314 0.180090
2 2 0.000695 0.097947 0.770029 0.014970 0.116358
2 4 0.000097 0.133871 0.682971 0.003368 0.179693
2 4 0.000578 0.144779 0.703334 0.008637 0.142672
2 4 0.003066 0.158220 0.589516 0.014749 0.234449
1 4 0.013958 0.373100 0.361935 0.002665 0.248342
2 4 0.048305 0.234796 0.529180 0.004330 0.183389
1 1 0.191237 0.371915 0.146714 0.000509 0.289625
2 4 0.002915 0.197543 0.564772 0.018584 0.216186
2 4 0.016967 0.384610 0.457299 0.006555 0.134569
2 4 0.031349 0.257621 0.580827 0.002802 0.127401
0 1 0.382624 0.344110 0.190896 0.001458 0.080912
2 1 0.005586 0.238819 0.598342 0.009521 0.147733
2 1 0.012585 0.187178 0.673652 0.011062 0.115523
4 4 0.023457 0.266695 0.251252 0.015774 0.442822
2 4 0.005614 0.240376 0.421280 0.037083 0.295648
2 4 0.022055 0.317761 0.349735 0.015442 0.295007
4 4 0.042568 0.297019 0.194287 0.007957 0.458170
0 4 0.514876 0.186925 0.111882 0.001275 0.185042
1 0 0.129469 0.519111 0.200723 0.000191 0.150506
2 1 0.018110 0.374245 0.512562 0.001693 0.093389
2 1 0.004446 0.386298 0.529319 0.000309 0.079628
2 1 0.001854 0.165025 0.796468 0.001513 0.035140
2 1 0.000936 0.151500 0.804006 0.000601 0.042958
1 1 0.177077 0.582163 0.139988 0.000409 0.100363
0 0 0.926989 0.043252 0.011707 0.000068 0.017984
0 0 0.722681 0.225918 0.010115 0.000016 0.041270
0 0 0.905713 0.061566 0.018616 0.000226 0.013879
0 0 0.910329 0.060228 0.015916 0.000160 0.013366
1 0 0.107637 0.676032 0.139414 0.000078 0.076838
0 0 0.866766 0.086254 0.024445 0.000281 0.022254
0 0 0.462552 0.399640 0.047080 0.000182 0.090546
0 0 0.714653 0.181307 0.050911 0.000329 0.052800
0 0 0.705513 0.209956 0.020680 0.000204 0.063647
0 0 0.743621 0.207997 0.008702 0.000013 0.039667
0 0 0.820553 0.140576 0.004649 0.000008 0.034214
0 0 0.744868 0.204203 0.009092 0.000017 0.041820
1 0 0.229055 0.607927 0.098940 0.000182 0.063896
0 0 0.910164 0.068014 0.005179 0.000017 0.016627
0 0 0.860974 0.113130 0.002349 0.000002 0.023544
0 0 0.881124 0.093327 0.001937 0.000002 0.023610
0 0 0.627201 0.326451 0.011990 0.000005 0.034353
0 0 0.593186 0.338576 0.020962 0.000033 0.047244
0 0 0.822023 0.145142 0.003919 0.000003 0.028912
0 0 0.939116 0.024176 0.029486 0.001417 0.005805
0 0 0.911562 0.048192 0.025650 0.000858 0.013737
0 0 0.929897 0.022693 0.038514 0.003033 0.005863
0 0 0.807984 0.053642 0.080447 0.033579 0.024348
0 0 0.809217 0.067675 0.072424 0.018433 0.032250
0 0 0.527423 0.157300 0.112878 0.088367 0.114032
0 0 0.459979 0.313195 0.139663 0.006161 0.081002
0 0 0.663477 0.125644 0.085093 0.041780 0.084006
0 0 0.646677 0.107651 0.116388 0.067987 0.061297
0 0 0.496073 0.228177 0.097048 0.033078 0.145624
0 0 0.839017 0.065822 0.047268 0.011436 0.036458
0 0 0.652300 0.131931 0.074420 0.043063 0.098286
0 0 0.787355 0.070125 0.077343 0.029427 0.035751
0 0 0.733970 0.088707 0.079366 0.044398 0.053560
0 0 0.811010 0.056913 0.079104 0.027256 0.025717
0 0 0.591563 0.139688 0.082974 0.074341 0.111433
0 0 0.687855 0.111748 0.073480 0.047536 0.079381
0 0 0.586827 0.117305 0.105371 0.109520 0.080977
0 0 0.680312 0.107050 0.077639 0.059553 0.075446
0 0 0.582097 0.147716 0.074398 0.068740 0.127049
0 0 0.915890 0.048035 0.013537 0.000568 0.021970
0 0 0.861219 0.096370 0.003650 0.000016 0.038745
0 0 0.870530 0.094818 0.006330 0.000029 0.028292
0 0 0.865595 0.099659 0.012742 0.000067 0.021937
0 0 0.783749 0.162633 0.016237 0.000084 0.037298
0 0 0.813266 0.145240 0.011168 0.000034 0.030291
0 0 0.767627 0.183336 0.012445 0.000033 0.036559
0 0 0.768667 0.181798 0.025439 0.000067 0.024029
0 0 0.955448 0.025604 0.008288 0.000262 0.010399
0 0 0.954307 0.024116 0.010345 0.000522 0.010709
0 0 0.872482 0.078148 0.018203 0.000536 0.030632
0 0 0.639901 0.280292 0.023918 0.000099 0.055791
0 0 0.715319 0.225836 0.017943 0.000051 0.040851
1 0 0.352848 0.515864 0.070645 0.000248 0.060395
0 0 0.537607 0.342121 0.077302 0.000415 0.042555
2 1 0.005470 0.383105 0.510826 0.002683 0.097916
