0 0 0.508753 0.307759 0.051942 0.000082 0.131465
1 0 0.185118 0.508161 0.087820 0.000008 0.218893
0 0 0.391736 0.381641 0.037337 0.000014 0.189272
0 0 0.601317 0.247707 0.062125 0.000052 0.088798
0 0 0.481184 0.336892 0.011342 0.000000 0.170583
1 0 0.060854 0.471658 0.300448 0.000315 0.166724
1 0 0.024751 0.425290 0.403907 0.000010 0.146042
2 0 0.028850 0.342411 0.396491 0.000254 0.231994
1 0 0.055781 0.516977 0.318401 0.000009 0.108832
1 0 0.086248 0.541453 0.261152 0.000026 0.111121
1 0 0.154912 0.446034 0.074959 0.000004 0.324091
1 0 0.218902 0.497972 0.051987 0.000000 0.231138
1 0 0.237509 0.491781 0.057618 0.000002 0.213090
4 0 0.078674 0.265416 0.083209 0.000194 0.572507
0 0 0.709174 0.145524 0.009465 0.000004 0.135833
0 0 0.781657 0.128439 0.028322 0.000199 0.061383
0 0 0.790359 0.142992 0.013308 0.000002 0.053338
0 0 0.800754 0.124744 0.020189 0.000010 0.054302
0 0 0.789864 0.147357 0.013788 0.000002 0.048989
0 0 0.495990 0.335091 0.015700 0.000000 0.153219
1 0 0.020325 0.379950 0.302196 0.000005 0.297524
2 0 0.006064 0.182431 0.406332 0.000069 0.405104
1 0 0.029561 0.435303 0.252224 0.000001 0.282912
1 0 0.035728 0.481612 0.236291 0.000000 0.246368
1 0 0.036192 0.428412 0.189519 0.000001 0.345877
1 0 0.037959 0.415049 0.181983 0.000002 0.365007
4 0 0.054209 0.312837 0.123766 0.000032 0.509156
1 0 0.082873 0.497618 0.121225 0.000000 0.298283
1 0 0.074048 0.505627 0.145865 0.000001 0.274459
1 0 0.046207 0.454124 0.215209 0.000006 0.284453
1 0 0.021822 0.425399 0.390217 0.000003 0.162559
1 0 0.025028 0.425192 0.381502 0.000009 0.168269
1 0 0.028945 0.448667 0.384021 0.000006 0.138361
2 0 0.017957 0.392531 0.446374 0.000008 0.143131
1 0 0.030223 0.469574 0.358381 0.000002 0.141821
1 0 0.079864 0.529937 0.157381 0.000001 0.232817
1 0 0.097892 0.522705 0.156903 0.000006 0.222495
1 0 0.060717 0.484323 0.151046 0.000001 0.303914
1 0 0.062799 0.480064 0.170578 0.000003 0.286557
1 0 0.067759 0.504385 0.207232 0.000007 0.220616
0 0 0.684559 0.239118 0.046525 0.000006 0.029792
0 0 0.545726 0.297293 0.100040 0.000292 0.056649
0 0 0.742903 0.190790 0.031778 0.000006 0.034522
1 0 0.364897 0.508385 0.057786 0.000002 0.068930
0 0 0.706585 0.218581 0.039247 0.000006 0.035580
1 0 0.154672 0.431493 0.093027 0.000106 0.320701
1 0 0.237572 0.451613 0.112801 0.000040 0.197974
1 0 0.075467 0.473589 0.190017 0.000043 0.260884
1 0 0.125233 0.513897 0.147176 0.000038 0.213656
1 0 0.254708 0.468221 0.077396 0.000004 0.199672
4 0 0.026814 0.364823 0.139131 0.000000 0.469232
4 0 0.019653 0.361090 0.197637 0.000000 0.421619
4 0 0.011747 0.306064 0.251298 0.000002 0.430890
1 0 0.019919 0.365133 0.254155 0.000003 0.360789
4 0 0.019722 0.362113 0.229527 0.000001 0.388636
0 0 0.626762 0.251702 0.077975 0.000035 0.043526
1 0 0.270784 0.443217 0.189972 0.000393 0.095634
0 0 0.405192 0.396777 0.094738 0.000053 0.103240
0 0 0.582424 0.249291 0.079767 0.001036 0.087482
0 0 0.634499 0.278683 0.052157 0.000006 0.034656
0 0 0.975420 0.018856 0.004302 0.000000 0.001422
0 0 0.965233 0.022855 0.008910 0.000008 0.002994
0 0 0.987938 0.009600 0.001709 0.000000 0.000753
0 0 0.972947 0.021202 0.004209 0.000000 0.001642
0 0 0.982465 0.015190 0.001045 0.000000 0.001300
0 0 0.958479 0.035943 0.002607 0.000000 0.002972
0 0 0.966557 0.024827 0.006876 0.000000 0.001739
0 0 0.970608 0.025473 0.001733 0.000000 0.002185
0 0 0.925527 0.062595 0.006034 0.000000 0.005844
0 0 0.978809 0.018446 0.001422 0.000000 0.001323
0 0 0.896917 0.065884 0.025983 0.000064 0.011151
0 0 0.767864 0.162888 0.043288 0.000028 0.025933
0 0 0.921275 0.057916 0.012880 0.000002 0.007927
0 0 0.885242 0.084544 0.022286 0.000003 0.007926
0 0 0.902839 0.077759 0.008035 0.000000 0.011367
0 0 0.853965 0.087964 0.044814 0.000200 0.013057
0 0 0.817060 0.094954 0.075612 0.000918 0.011457
0 0 0.888240 0.064985 0.040006 0.000114 0.006655
0 0 0.925701 0.045932 0.023354 0.000037 0.004975
0 0 0.822008 0.109059 0.056027 0.000139 0.012768
0 0 0.787925 0.110118 0.082260 0.001885 0.017812
0 0 0.880393 0.053898 0.060806 0.000662 0.004241
0 0 0.937514 0.027777 0.032751 0.000197 0.001761
0 0 0.913090 0.047756 0.035534 0.000075 0.003545
0 0 0.863437 0.066901 0.064254 0.000369 0.005039
0 0 0.990440 0.006976 0.000478 0.000000 0.002107
0 0 0.981637 0.009451 0.000528 0.000000 0.008383
0 0 0.991858 0.004275 0.000205 0.000000 0.003661
0 0 0.992973 0.004158 0.000136 0.000000 0.002734
0 0 0.984188 0.009414 0.000357 0.000000 0.006041
0 0 0.976800 0.008188 0.000068 0.000000 0.014944
0 0 0.986437 0.009968 0.000916 0.000000 0.002679
0 0 0.961458 0.027758 0.003633 0.000001 0.007149
0 0 0.933800 0.047814 0.004602 0.000000 0.013784
0 0 0.972441 0.020629 0.002969 0.000000 0.003961
0 0 0.969118 0.022052 0.005975 0.000002 0.002854
0 0 0.890284 0.078060 0.023981 0.000006 0.007671
0 0 0.926768 0.051738 0.016334 0.000004 0.005156
0 0 0.985672 0.009920 0.003450 0.000001 0.000957
0 0 0.909182 0.063414 0.019995 0.000008 0.007401
0 0 0.984285 0.012192 0.001502 0.000000 0.002020
0 0 0.948947 0.036054 0.003145 0.000000 0.011854
0 0 0.937172 0.042832 0.007923 0.000005 0.012068
0 0 0.921077 0.051549 0.008387 0.000008 0.018979
0 0 0.893779 0.080405 0.009846 0.000001 0.015970
0 0 0.984119 0.011866 0.000473 0.000000 0.003541
0 0 0.982232 0.008916 0.000695 0.000000 0.008157
0 0 0.989959 0.004693 0.000361 0.000000 0.004987
0 0 0.996642 0.001857 0.000051 0.000000 0.001450
0 0 0.996240 0.001928 0.000069 0.000000 0.001763
0 0 0.991585 0.004716 0.000321 0.000000 0.003378
0 0 0.994430 0.003217 0.000393 0.000000 0.001959
0 0 0.995742 0.001927 0.000080 0.000000 0.002250
0 0 0.993038 0.003191 0.000118 0.000000 0.003652
0 0 0.994598 0.002788 0.000128 0.000000 0.002486
0 0 0.992924 0.004168 0.000059 0.000000 0.002848
0 0 0.993964 0.004466 0.000167 0.000000 0.001402
0 0 0.991714 0.004026 0.000382 0.000000 0.003877
0 0 0.992753 0.003478 0.000140 0.000000 0.003629
0 0 0.981112 0.009610 0.000885 0.000001 0.008392
0 0 0.983307 0.006836 0.000278 0.000000 0.009579
0 0 0.991560 0.003178 0.000071 0.000000 0.005191
0 0 0.987385 0.005568 0.000146 0.000000 0.006901
0 0 0.994943 0.002420 0.000137 0.000000 0.002500
0 0 0.993596 0.002613 0.000052 0.000000 0.003739
0 0 0.975800 0.012710 0.001271 0.000002 0.010218
0 0 0.982640 0.009518 0.001730 0.000008 0.006104
0 0 0.981038 0.009756 0.000465 0.000000 0.008740
0 0 0.989382 0.008832 0.000354 0.000000 0.001432
0 0 0.995847 0.003429 0.000047 0.000000 0.000677
0 0 0.975376 0.019400 0.004016 0.000000 0.001208
0 0 0.984467 0.012816 0.002051 0.000000 0.000666
0 0 0.981686 0.012709 0.005001 0.000000 0.000603
0 0 0.988102 0.008845 0.002605 0.000000 0.000447
0 0 0.981947 0.012599 0.004925 0.000000 0.000528
0 0 0.969440 0.024276 0.004804 0.000000 0.001479
0 0 0.934422 0.053847 0.008097 0.000000 0.003634
0 0 0.925076 0.065362 0.003718 0.000000 0.005844
0 0 0.952476 0.036432 0.008515 0.000000 0.002576
0 0 0.637390 0.303449 0.030966 0.000000 0.028195
0 0 0.750215 0.214787 0.009582 0.000000 0.025416
0 0 0.632720 0.291931 0.033460 0.000001 0.041889
1 1 0.315737 0.526582 0.054727 0.000000 0.102954
1 1 0.391858 0.483546 0.035033 0.000000 0.089562
1 1 0.288941 0.523669 0.052355 0.000000 0.135035
1 1 0.169848 0.588354 0.099650 0.000000 0.142147
1 0 0.254805 0.518163 0.044851 0.000000 0.182180
1 1 0.092863 0.506637 0.134251 0.000002 0.266247
1 1 0.150820 0.569228 0.113818 0.000001 0.166133
1 2 0.041742 0.455306 0.306768 0.000037 0.196147
2 2 0.000539 0.102554 0.866606 0.000004 0.030298
2 2 0.000032 0.020563 0.976792 0.000071 0.002543
2 2 0.000006 0.009426 0.987772 0.000090 0.002705
2 2 0.000004 0.007749 0.991273 0.000026 0.000949
2 2 0.000005 0.010186 0.986693 0.000019 0.003097
2 2 0.000001 0.003699 0.995841 0.000028 0.000430
2 2 0.000001 0.001753 0.997561 0.000099 0.000587
2 2 0.000001 0.002186 0.996900 0.000079 0.000834
2 2 0.000001 0.002137 0.997320 0.000073 0.000470
2 2 0.000001 0.001951 0.997511 0.000068 0.000469
2 2 0.000001 0.001501 0.997617 0.000465 0.000417
2 2 0.000002 0.002327 0.996914 0.000176 0.000581
2 2 0.000004 0.002505 0.996206 0.000742 0.000544
2 2 0.000011 0.004301 0.994370 0.000764 0.000555
2 2 0.000018 0.004793 0.990085 0.003506 0.001598
2 2 0.000379 0.002171 0.953698 0.043589 0.000163
2 2 0.000539 0.003357 0.942412 0.053448 0.000244
2 3 0.000238 0.003658 0.966665 0.029043 0.000396
2 3 0.000178 0.003161 0.959311 0.036809 0.000541
2 3 0.000224 0.002730 0.958240 0.038524 0.000282
2 3 0.001467 0.006274 0.833671 0.157582 0.001006
2 3 0.000700 0.005446 0.881592 0.110549 0.001714
2 3 0.001466 0.003058 0.863857 0.131409 0.000211
2 3 0.000476 0.001985 0.885525 0.111802 0.000212
2 3 0.000820 0.002839 0.786198 0.209721 0.000422
2 3 0.004275 0.004131 0.770904 0.220505 0.000184
2 3 0.002245 0.004233 0.573793 0.418955 0.000774
2 3 0.002709 0.002982 0.706456 0.287650 0.000202
2 3 0.001652 0.004296 0.704648 0.288863 0.000541
3 3 0.001362 0.002309 0.484734 0.511090 0.000505
3 3 0.001825 0.002106 0.305467 0.689972 0.000631
3 3 0.003921 0.003527 0.323805 0.668134 0.000613
3 3 0.001626 0.001503 0.387529 0.609105 0.000237
2 3 0.005787 0.003582 0.497631 0.492677 0.000323
3 3 0.002694 0.002257 0.282313 0.712342 0.000393
3 3 0.000994 0.001601 0.322450 0.674484 0.000471
3 3 0.003741 0.006678 0.480598 0.507242 0.001740
3 3 0.001900 0.002071 0.431506 0.564243 0.000280
2 2 0.031855 0.037119 0.653507 0.275781 0.001738
2 2 0.006414 0.035940 0.713068 0.239472 0.005106
2 2 0.003494 0.103306 0.872702 0.006772 0.013726
2 2 0.002372 0.046779 0.931092 0.003966 0.015791
2 2 0.008281 0.193422 0.749081 0.006583 0.042632
1 2 0.062565 0.504253 0.388002 0.000032 0.045148
1 1 0.207692 0.557298 0.170710 0.000119 0.064181
2 2 0.001452 0.150942 0.798746 0.000014 0.048847
2 2 0.000084 0.035371 0.955335 0.000142 0.009067
2 2 0.000045 0.027399 0.968822 0.000010 0.003723
2 2 0.000001 0.003577 0.995520 0.000042 0.000860
2 2 0.000004 0.008921 0.989410 0.000005 0.001659
2 2 0.000008 0.004530 0.994692 0.000310 0.000459
2 2 0.000005 0.003722 0.995601 0.000287 0.000385
2 2 0.000004 0.003191 0.995655 0.000488 0.000663
2 2 0.000003 0.002643 0.996807 0.000253 0.000295
2 2 0.000005 0.004302 0.994978 0.000249 0.000467
2 2 0.000090 0.001859 0.992344 0.005647 0.000060
2 2 0.000155 0.002963 0.969392 0.027107 0.000383
2 2 0.000376 0.003262 0.983649 0.012618 0.000094
2 3 0.000370 0.004388 0.977702 0.017295 0.000245
2 3 0.000346 0.003285 0.974834 0.021405 0.000130
2 3 0.003033 0.004242 0.748220 0.244227 0.000278
2 3 0.002491 0.004401 0.804822 0.187986 0.000300
2 3 0.003192 0.004487 0.670352 0.321562 0.000407
2 3 0.003162 0.004018 0.831175 0.161470 0.000175
2 3 0.011611 0.010858 0.839150 0.137712 0.000669
3 3 0.004696 0.002472 0.414976 0.577616 0.000240
3 3 0.004971 0.004232 0.477512 0.512766 0.000519
3 3 0.003576 0.002760 0.348565 0.644738 0.000361
3 3 0.002987 0.002496 0.347929 0.646201 0.000388
3 3 0.006233 0.005422 0.369321 0.618260 0.000764
3 3 0.005647 0.000909 0.143893 0.849480 0.000072
3 3 0.006485 0.005467 0.297737 0.689429 0.000881
3 3 0.003541 0.001534 0.128561 0.866010 0.000353
3 3 0.002899 0.000948 0.175683 0.820356 0.000114
3 3 0.005036 0.002223 0.117910 0.874367 0.000465
3 3 0.002215 0.002094 0.175089 0.820030 0.000572
3 3 0.006229 0.002663 0.166157 0.824450 0.000500
3 3 0.004402 0.001666 0.127984 0.865621 0.000327
3 3 0.001495 0.000758 0.106175 0.891396 0.000176
3 3 0.003092 0.002282 0.110071 0.883681 0.000875
2 2 0.006227 0.045393 0.900131 0.045840 0.002408
2 2 0.001452 0.016567 0.923072 0.056195 0.002714
2 2 0.001081 0.009120 0.969854 0.019559 0.000386
2 3 0.002022 0.015211 0.938906 0.042630 0.001231
2 3 0.000660 0.005552 0.952463 0.040968 0.000357
3 3 0.005867 0.009909 0.485081 0.497544 0.001598
2 3 0.004326 0.005870 0.565652 0.423505 0.000647
2 3 0.008074 0.011129 0.556335 0.423216 0.001244
2 3 0.007856 0.006836 0.551013 0.433734 0.000561
3 3 0.005705 0.005945 0.315453 0.671955 0.000943
3 3 0.006556 0.002698 0.304527 0.686023 0.000196
3 3 0.014196 0.004087 0.177171 0.804220 0.000326
3 3 0.010548 0.003619 0.122586 0.862565 0.000681
3 3 0.009337 0.003909 0.145858 0.840339 0.000557
3 3 0.021961 0.005898 0.166564 0.804998 0.000579
3 3 0.011750 0.003349 0.112275 0.872153 0.000473
3 3 0.008234 0.004109 0.100562 0.886047 0.001048
3 3 0.004927 0.001245 0.051320 0.942198 0.000310
3 3 0.003925 0.001409 0.053716 0.940517 0.000432
3 3 0.007712 0.002597 0.116609 0.872735 0.000347
3 3 0.004607 0.001731 0.067768 0.925459 0.000436
3 3 0.003107 0.000480 0.035766 0.960553 0.000094
3 3 0.004326 0.001237 0.061208 0.932969 0.000261
3 3 0.004311 0.000797 0.052241 0.942520 0.000131
3 3 0.003222 0.000936 0.042668 0.952888 0.000287
3 3 0.001569 0.000500 0.023428 0.974231 0.000272
3 3 0.008859 0.002343 0.070720 0.917563 0.000515
3 3 0.003590 0.000665 0.034237 0.961329 0.000179
3 3 0.003437 0.001066 0.047860 0.947327 0.000309
3 3 0.003902 0.000835 0.046107 0.948974 0.000182
3 3 0.006583 0.002785 0.086570 0.903397 0.000666
3 3 0.005172 0.002060 0.065252 0.926903 0.000613
3 3 0.005878 0.002847 0.075227 0.915142 0.000907
3 3 0.004153 0.001523 0.046738 0.946993 0.000593
3 3 0.003290 0.000822 0.043224 0.952451 0.000213
3 3 0.001906 0.000801 0.035935 0.960997 0.000361
3 3 0.004212 0.001465 0.062289 0.931668 0.000366
3 3 0.002235 0.000787 0.029350 0.967215 0.000414
3 3 0.005109 0.001884 0.080926 0.911700 0.000381
3 3 0.002871 0.001229 0.036098 0.959127 0.000676
3 3 0.003607 0.000877 0.035506 0.959711 0.000300
3 3 0.004746 0.001215 0.043152 0.950505 0.000382
3 3 0.002721 0.000803 0.031557 0.964571 0.000348
3 3 0.006827 0.002370 0.078443 0.911825 0.000536
3 3 0.002205 0.000665 0.027320 0.969485 0.000325
2 2 0.056375 0.139438 0.460153 0.310693 0.033342
2 2 0.018401 0.139868 0.597139 0.194931 0.049660
1 1 0.102124 0.445068 0.418145 0.003818 0.030845
2 2 0.069102 0.427172 0.465235 0.008148 0.030342
2 2 0.074788 0.423433 0.445360 0.011497 0.044921
1 2 0.085910 0.503330 0.169067 0.000011 0.241683
1 2 0.185468 0.548571 0.127943 0.000023 0.137996
1 2 0.095790 0.541435 0.230290 0.000030 0.132455
1 2 0.147471 0.551661 0.147813 0.000015 0.153041
1 2 0.057912 0.441674 0.215595 0.000108 0.284710
2 2 0.011584 0.321030 0.542880 0.000061 0.124444
2 2 0.002669 0.204147 0.640566 0.000014 0.152605
2 2 0.001401 0.130274 0.830925 0.000189 0.037211
2 2 0.003270 0.203673 0.702486 0.000060 0.090511
2 2 0.001025 0.114388 0.850798 0.000169 0.033621
2 2 0.000538 0.065240 0.927926 0.001131 0.005165
2 2 0.000006 0.005660 0.993727 0.000126 0.000482
2 2 0.000088 0.023715 0.971775 0.000961 0.003461
2 2 0.000243 0.047460 0.946910 0.000667 0.004720
2 2 0.000296 0.042412 0.952664 0.001252 0.003376
2 2 0.000823 0.091477 0.891643 0.000547 0.015511
2 2 0.000011 0.008546 0.989517 0.000331 0.001595
2 2 0.002096 0.118356 0.864543 0.003708 0.011298
2 2 0.005639 0.204374 0.747373 0.001975 0.040639
2 2 0.000002 0.003405 0.996128 0.000101 0.000364
2 2 0.001940 0.134921 0.844364 0.000300 0.018474
2 2 0.000008 0.007942 0.989030 0.000315 0.002704
2 2 0.000005 0.006181 0.993167 0.000086 0.000560
2 2 0.000122 0.034975 0.962110 0.000178 0.002615
2 2 0.004389 0.211362 0.743635 0.000077 0.040537
2 2 0.000306 0.082532 0.828323 0.000030 0.088809
2 2 0.000033 0.029528 0.943453 0.000021 0.026966
2 2 0.000105 0.057688 0.855087 0.000005 0.087115
2 2 0.000503 0.103738 0.658996 0.000031 0.236733
2 2 0.001184 0.149372 0.602092 0.000013 0.247339
4 2 0.001174 0.110350 0.228533 0.000005 0.659938
4 2 0.001289 0.134181 0.332552 0.000005 0.531974
4 2 0.001423 0.126387 0.281255 0.000010 0.590925
4 4 0.002261 0.158901 0.255266 0.000002 0.583570
4 4 0.005742 0.236013 0.317569 0.000008 0.440667
4 4 0.003572 0.167514 0.225814 0.000012 0.603088
4 4 0.001588 0.132402 0.281404 0.000010 0.584596
4 4 0.004137 0.177192 0.205319 0.000005 0.613346
4 4 0.001431 0.131441 0.233099 0.000001 0.634028
4 4 0.002716 0.142165 0.163135 0.000001 0.691982
4 4 0.001703 0.031816 0.147428 0.000976 0.818077
4 4 0.009225 0.189660 0.110748 0.000004 0.690363
4 4 0.004333 0.121857 0.086626 0.000004 0.787180
4 4 0.003305 0.069113 0.100614 0.000049 0.826920
4 4 0.005087 0.110186 0.098041 0.000022 0.786664
4 4 0.000754 0.081454 0.262867 0.000011 0.654915
4 4 0.000984 0.092592 0.177322 0.000004 0.729098
4 4 0.001119 0.129978 0.315333 0.000002 0.553569
4 4 0.001517 0.108455 0.232853 0.000010 0.657165
4 4 0.002405 0.164210 0.277040 0.000003 0.556343
4 4 0.003667 0.113906 0.068860 0.000000 0.813567
4 4 0.001613 0.097034 0.122693 0.000003 0.778656
4 4 0.001376 0.092535 0.156758 0.000002 0.749329
4 4 0.001960 0.091523 0.223434 0.000064 0.683018
4 4 0.002146 0.045330 0.121264 0.000183 0.831076
4 4 0.003308 0.083537 0.112199 0.000034 0.800922
4 4 0.011017 0.179067 0.061525 0.000000 0.748392
4 4 0.005018 0.155015 0.104032 0.000001 0.735934
4 4 0.002475 0.086245 0.104690 0.000010 0.806580
4 4 0.064913 0.251748 0.032070 0.000001 0.651267
4 4 0.000882 0.111947 0.277624 0.000001 0.609545
4 4 0.003636 0.189216 0.313606 0.000018 0.493524
4 4 0.001095 0.128610 0.391978 0.000011 0.478307
2 4 0.003808 0.216015 0.395532 0.000009 0.384637
2 2 0.006604 0.255956 0.412530 0.000037 0.324873
2 2 0.001202 0.126859 0.838566 0.000063 0.033311
2 2 0.000009 0.011784 0.980650 0.000030 0.007527
2 2 0.000195 0.059207 0.924594 0.000016 0.015988
2 2 0.000038 0.026245 0.965379 0.000045 0.008294
2 2 0.000710 0.101539 0.870584 0.000049 0.027118
2 2 0.000043 0.022752 0.970796 0.000118 0.006290
2 2 0.000227 0.044324 0.950461 0.000580 0.004408
2 2 0.009433 0.267896 0.687786 0.000156 0.034729
2 2 0.000178 0.047041 0.945331 0.000145 0.007305
2 2 0.000232 0.048622 0.947997 0.000073 0.003076
2 2 0.000069 0.027119 0.970845 0.000101 0.001865
2 2 0.000005 0.006061 0.992843 0.000155 0.000935
2 2 0.000016 0.010182 0.988446 0.000244 0.001112
2 2 0.000041 0.020131 0.978590 0.000117 0.001122
2 2 0.000082 0.030049 0.967489 0.000087 0.002294
2 2 0.001029 0.065975 0.922366 0.003631 0.007000
2 2 0.000403 0.029393 0.966359 0.001179 0.002666
2 2 0.000900 0.042065 0.946636 0.002821 0.007578
2 2 0.000549 0.026597 0.963476 0.005342 0.004037
2 2 0.000146 0.008714 0.985978 0.003975 0.001188
2 2 0.000602 0.022501 0.967673 0.007917 0.001306
2 2 0.000289 0.008199 0.979107 0.011677 0.000727
2 2 0.001232 0.022533 0.953691 0.020956 0.001588
2 2 0.000590 0.013948 0.931898 0.050220 0.003343
2 2 0.003136 0.032401 0.949641 0.013476 0.001346
2 2 0.000671 0.042173 0.941334 0.009089 0.006733
2 3 0.005732 0.167898 0.808332 0.002756 0.015282
2 3 0.000141 0.009777 0.982599 0.006338 0.001145
2 3 0.004456 0.170463 0.812885 0.000739 0.011458
2 3 0.001474 0.069804 0.893810 0.020364 0.014547
2 3 0.001747 0.033236 0.928538 0.033317 0.003162
2 3 0.000427 0.007255 0.973639 0.018147 0.000532
2 3 0.000936 0.032862 0.949381 0.013886 0.002936
2 3 0.003296 0.042289 0.942418 0.009859 0.002138
2 3 0.001755 0.024344 0.948091 0.024222 0.001589
2 3 0.004487 0.043682 0.874845 0.072475 0.004512
2 3 0.002883 0.023926 0.874645 0.095922 0.002625
2 3 0.004058 0.032711 0.912682 0.046996 0.003553
2 3 0.012484 0.066795 0.855867 0.058124 0.006730
2 3 0.002656 0.035459 0.926058 0.033145 0.002682
2 3 0.023749 0.091304 0.845693 0.030078 0.009175
2 3 0.011468 0.055627 0.879581 0.049543 0.003780
2 3 0.012379 0.060148 0.841007 0.076634 0.009833
2 3 0.006550 0.043023 0.864808 0.080832 0.004787
2 3 0.002765 0.014412 0.733081 0.246692 0.003050
2 3 0.003093 0.014191 0.765700 0.214678 0.002337
2 3 0.002319 0.015334 0.904136 0.076998 0.001214
2 3 0.009989 0.055820 0.771384 0.155952 0.006855
2 3 0.006061 0.022165 0.787661 0.181950 0.002162
2 3 0.015700 0.055875 0.818328 0.104970 0.005127
2 3 0.014535 0.047011 0.743478 0.190809 0.004166
2 3 0.007523 0.035304 0.791933 0.161449 0.003791
2 3 0.008127 0.021185 0.662670 0.305040 0.002979
2 3 0.007870 0.019249 0.744263 0.226437 0.002180
2 3 0.006322 0.020579 0.708828 0.261605 0.002665
2 3 0.007422 0.024865 0.699647 0.264613 0.003452
2 3 0.012228 0.036518 0.713688 0.234373 0.003192
2 3 0.009272 0.023405 0.737145 0.228053 0.002125
3 3 0.015818 0.019221 0.405830 0.556350 0.002781
3 3 0.012789 0.023742 0.432413 0.526575 0.004481
2 3 0.022068 0.072207 0.484667 0.407137 0.013920
2 3 0.011809 0.026332 0.487020 0.469528 0.005310
2 3 0.032673 0.054822 0.561987 0.344852 0.005666
2 3 0.019261 0.036518 0.643780 0.296516 0.003926
2 3 0.006923 0.017504 0.546756 0.425279 0.003538
3 3 0.013610 0.020918 0.357073 0.604413 0.003985
2 3 0.010146 0.019740 0.651679 0.316847 0.001588
3 3 0.019039 0.014636 0.266105 0.698032 0.002189
3 3 0.013613 0.010004 0.200433 0.773921 0.002029
3 3 0.014410 0.016647 0.354622 0.611677 0.002644
2 3 0.009295 0.027923 0.601372 0.354253 0.007157
2 1 0.071598 0.091158 0.641793 0.190985 0.004467
2 2 0.008038 0.041225 0.784829 0.156187 0.009721
2 2 0.054330 0.230723 0.620061 0.072290 0.022596
2 1 0.176866 0.173808 0.596055 0.047494 0.005777
2 1 0.035886 0.435492 0.475145 0.000063 0.053413
2 2 0.042146 0.420459 0.450517 0.001473 0.085405
2 2 0.009296 0.260292 0.638235 0.001916 0.090260
2 2 0.001452 0.087636 0.873043 0.001508 0.036361
2 2 0.046721 0.445089 0.458183 0.000268 0.049739
2 2 0.028765 0.427211 0.455474 0.000032 0.088519
2 2 0.002913 0.191610 0.718558 0.000088 0.086831
2 2 0.002476 0.193115 0.660721 0.000027 0.143660
2 2 0.000096 0.039795 0.948569 0.000063 0.011478
2 2 0.002129 0.166758 0.719058 0.000211 0.111844
2 2 0.000060 0.020828 0.977129 0.000349 0.001634
2 2 0.000041 0.015260 0.981549 0.000751 0.002399
2 2 0.000052 0.020713 0.975804 0.000452 0.002978
2 2 0.000067 0.025660 0.972355 0.000192 0.001726
2 2 0.000005 0.006049 0.993606 0.000038 0.000302
2 2 0.000002 0.004682 0.994825 0.000036 0.000453
2 2 0.000052 0.021050 0.977261 0.000210 0.001428
2 2 0.000002 0.003042 0.996553 0.000068 0.000335
2 2 0.000004 0.005851 0.993436 0.000071 0.000638
2 2 0.004756 0.182218 0.806425 0.000054 0.006548
2 2 0.000027 0.016066 0.983250 0.000069 0.000587
2 2 0.000011 0.011034 0.988304 0.000039 0.000612
2 2 0.000028 0.016297 0.982962 0.000072 0.000641
2 2 0.000005 0.007745 0.991710 0.000022 0.000519
2 2 0.000006 0.006771 0.992579 0.000080 0.000564
2 2 0.000052 0.018961 0.979943 0.000208 0.000836
2 2 0.000010 0.003912 0.991349 0.002554 0.002176
2 2 0.000838 0.060864 0.930436 0.003552 0.004310
2 2 0.000470 0.060233 0.932370 0.001272 0.005654
2 2 0.000674 0.087162 0.895853 0.000274 0.016037
2 2 0.000032 0.005072 0.984697 0.008053 0.002146
2 2 0.004306 0.152442 0.824479 0.001317 0.017455
2 2 0.038868 0.333770 0.591880 0.007543 0.027939
1 1 0.131205 0.562798 0.276537 0.000023 0.029437
2 2 0.014235 0.295158 0.651029 0.000704 0.038875
2 2 0.000138 0.035741 0.961123 0.000363 0.002635
2 2 0.000063 0.025900 0.971525 0.000212 0.002301
2 2 0.000014 0.011410 0.988228 0.000034 0.000315
2 2 0.000003 0.005832 0.993986 0.000010 0.000169
2 2 0.000011 0.010827 0.988524 0.000045 0.000592
2 2 0.000002 0.003721 0.995134 0.000151 0.000992
2 2 0.000013 0.011225 0.987451 0.000102 0.001209
2 2 0.000001 0.003193 0.996546 0.000029 0.000231
2 2 0.000531 0.074556 0.921333 0.000015 0.003565
2 2 0.000004 0.004866 0.993331 0.000332 0.001466
2 2 0.000006 0.006344 0.991845 0.000296 0.001509
2 2 0.000015 0.013005 0.986162 0.000054 0.000765
2 2 0.000000 0.001401 0.997967 0.000126 0.000505
2 2 0.000003 0.004731 0.993680 0.000209 0.001376
2 2 0.000959 0.079078 0.916975 0.000428 0.002560
2 2 0.000259 0.054448 0.940987 0.000039 0.004266
2 2 0.000011 0.011049 0.988281 0.000039 0.000621
2 2 0.000079 0.034593 0.962102 0.000007 0.003219
2 2 0.000000 0.001581 0.997993 0.000056 0.000369
2 2 0.000001 0.002576 0.996972 0.000048 0.000403
2 2 0.000001 0.002739 0.996757 0.000083 0.000419
2 2 0.000361 0.063533 0.930024 0.000070 0.006013
2 2 0.000012 0.009845 0.987523 0.000304 0.002315
2 2 0.000001 0.002059 0.997435 0.000080 0.000425
2 2 0.005673 0.217457 0.749630 0.000160 0.027080
2 2 0.010450 0.306782 0.615033 0.000041 0.067693
2 2 0.000762 0.082782 0.877575 0.000275 0.038606
2 2 0.000897 0.110606 0.848187 0.000163 0.040148
2 2 0.000043 0.014071 0.979386 0.002075 0.004426
2 2 0.024174 0.387640 0.513776 0.000122 0.074289
2 2 0.000071 0.035841 0.956193 0.000013 0.007882
2 2 0.000311 0.064235 0.924616 0.000039 0.010799
2 2 0.000040 0.021628 0.973067 0.000049 0.005215
1 2 0.038349 0.470494 0.405963 0.000015 0.085179
2 2 0.004727 0.238396 0.724490 0.000004 0.032382
1 1 0.166718 0.530907 0.208549 0.001146 0.092680
2 2 0.031795 0.405146 0.454941 0.000495 0.107623
2 2 0.027806 0.381774 0.433511 0.000917 0.155993
2 2 0.000811 0.090572 0.888818 0.000517 0.019283
2 2 0.000583 0.059575 0.895210 0.003736 0.040897
2 2 0.000093 0.030402 0.966924 0.000251 0.002330
2 2 0.000003 0.005742 0.993991 0.000011 0.000253
2 2 0.000000 0.001223 0.998420 0.000033 0.000324
2 2 0.000010 0.011698 0.987296 0.000028 0.000968
2 2 0.000004 0.007258 0.991561 0.000017 0.001161
2 2 0.000001 0.002304 0.997226 0.000104 0.000365
2 2 0.000019 0.014501 0.983880 0.000112 0.001489
2 2 0.000001 0.002633 0.996225 0.000229 0.000912
2 2 0.000001 0.002726 0.996888 0.000040 0.000345
2 2 0.000008 0.006848 0.992458 0.000132 0.000553
2 2 0.000001 0.002375 0.997172 0.000024 0.000428
2 2 0.000000 0.001431 0.998207 0.000037 0.000325
2 2 0.000001 0.002283 0.997056 0.000060 0.000600
2 2 0.000002 0.004406 0.994962 0.000043 0.000586
2 2 0.000001 0.002917 0.996108 0.000067 0.000906
2 2 0.000009 0.006326 0.992682 0.000324 0.000659
2 2 0.000005 0.004590 0.993281 0.000724 0.001400
2 2 0.000013 0.008174 0.989698 0.000565 0.001549
2 2 0.000075 0.026382 0.971906 0.000102 0.001535
2 2 0.000061 0.021231 0.976028 0.000443 0.002237
2 2 0.000006 0.008180 0.991458 0.000021 0.000335
2 2 0.000069 0.025966 0.971144 0.000285 0.002536
2 2 0.000017 0.013697 0.985527 0.000057 0.000702
2 2 0.000003 0.004471 0.995192 0.000055 0.000280
2 2 0.000057 0.021497 0.977056 0.000206 0.001184
2 2 0.000046 0.023210 0.973941 0.000185 0.002618
2 2 0.000002 0.003371 0.996265 0.000050 0.000312
2 2 0.000013 0.012989 0.985760 0.000062 0.001175
2 2 0.000004 0.006786 0.992718 0.000026 0.000466
2 2 0.000005 0.006068 0.993443 0.000072 0.000412
2 2 0.000004 0.004116 0.994784 0.000325 0.000771
2 2 0.000013 0.008301 0.988812 0.000627 0.002248
2 2 0.000012 0.008375 0.990173 0.000283 0.001158
2 2 0.000002 0.002818 0.996136 0.000317 0.000728
2 2 0.000015 0.009926 0.989253 0.000139 0.000668
2 2 0.000411 0.018237 0.968996 0.010063 0.002293
2 2 0.000067 0.004111 0.987845 0.007527 0.000449
2 2 0.000106 0.004210 0.987708 0.007631 0.000345
2 2 0.001048 0.023299 0.971164 0.003614 0.000875
2 2 0.000303 0.013227 0.975674 0.009384 0.001411
2 2 0.000074 0.005135 0.988533 0.005633 0.000625
2 3 0.000036 0.007120 0.989499 0.002431 0.000915
2 3 0.002869 0.076951 0.915180 0.000645 0.004355
2 3 0.000024 0.004415 0.992325 0.002492 0.000744
2 3 0.000054 0.006545 0.987359 0.005093 0.000948
2 3 0.000791 0.005873 0.941282 0.051538 0.000516
2 3 0.002860 0.047087 0.928720 0.017980 0.003353
2 3 0.000679 0.005354 0.942140 0.051423 0.000404
2 3 0.000825 0.011431 0.966181 0.020756 0.000807
2 3 0.003602 0.031946 0.921912 0.040105 0.002434
2 3 0.000765 0.004681 0.921288 0.072931 0.000335
2 3 0.001852 0.011854 0.875320 0.109511 0.001463
2 3 0.003778 0.014956 0.907197 0.073287 0.000783
2 3 0.000765 0.005165 0.908300 0.085069 0.000700
2 3 0.000967 0.008010 0.852380 0.136935 0.001709
2 3 0.000741 0.003330 0.859147 0.136351 0.000431
2 3 0.001522 0.005906 0.801870 0.189962 0.000740
2 3 0.001181 0.005820 0.881700 0.110769 0.000529
2 3 0.004708 0.020073 0.772445 0.200130 0.002644
2 3 0.003274 0.007428 0.778948 0.209687 0.000664
2 3 0.007519 0.018052 0.727312 0.245157 0.001960
2 3 0.014257 0.032657 0.570674 0.376942 0.005470
2 3 0.035612 0.034189 0.839498 0.089149 0.001553
2 0 0.111979 0.201984 0.652949 0.027562 0.005527
2 0 0.084691 0.104382 0.796857 0.011096 0.002974
1 0 0.330357 0.511952 0.085889 0.000011 0.071791
0 0 0.639765 0.308381 0.007070 0.000000 0.044784
0 0 0.702223 0.246786 0.016859 0.000000 0.034132
0 0 0.900437 0.077459 0.014236 0.000001 0.007868
0 0 0.740335 0.172465 0.068049 0.000064 0.019087
0 0 0.757448 0.192171 0.005189 0.000000 0.045192
1 0 0.348963 0.486201 0.049196 0.000002 0.115638
0 0 0.475900 0.425752 0.024689 0.000000 0.073659
0 0 0.610354 0.321557 0.008363 0.000000 0.059727
1 1 0.216840 0.556656 0.128791 0.000029 0.097684
1 1 0.214492 0.527758 0.095518 0.000014 0.162218
4 1 0.032653 0.227317 0.127909 0.000657 0.611465
0 0 0.536232 0.285551 0.052928 0.000199 0.125090
0 0 0.684299 0.219896 0.021006 0.000003 0.074796
0 0 0.871748 0.103272 0.003278 0.000000 0.021702
0 0 0.840574 0.126727 0.022616 0.000000 0.010082
0 0 0.745732 0.182461 0.045383 0.000018 0.026405
0 0 0.462658 0.443065 0.034757 0.000000 0.059520
0 0 0.621521 0.314569 0.014861 0.000000 0.049049
0 0 0.593014 0.347236 0.018819 0.000000 0.040931
1 0 0.384028 0.510769 0.054515 0.000001 0.050688
1 0 0.344826 0.534694 0.072064 0.000001 0.048414
0 0 0.476949 0.445915 0.027914 0.000000 0.049222
1 0 0.457974 0.458272 0.031760 0.000000 0.051994
1 0 0.314396 0.547105 0.087684 0.000003 0.050813
1 0 0.293005 0.568698 0.060089 0.000000 0.078208
1 0 0.366708 0.513272 0.040415 0.000000 0.079605
1 0 0.370026 0.516405 0.033308 0.000000 0.080261
1 0 0.177685 0.589029 0.125740 0.000001 0.107544
1 1 0.212002 0.603366 0.112180 0.000000 0.072453
1 1 0.072665 0.532323 0.181939 0.000001 0.213072
1 1 0.060191 0.520532 0.200167 0.000001 0.219109
1 1 0.084247 0.570095 0.179203 0.000000 0.166454
1 1 0.095594 0.552351 0.127382 0.000000 0.224673
1 2 0.094166 0.454312 0.093038 0.000001 0.358481
1 1 0.253574 0.557812 0.055909 0.000000 0.132706
1 1 0.238922 0.583821 0.060190 0.000000 0.117067
1 1 0.225190 0.565146 0.094195 0.000002 0.115468
1 1 0.211679 0.570533 0.072825 0.000000 0.144963
1 1 0.223066 0.579196 0.071356 0.000000 0.126382
1 1 0.031727 0.500278 0.228595 0.000000 0.239400
1 1 0.019270 0.429864 0.349167 0.000000 0.201698
1 1 0.013658 0.371533 0.347699 0.000001 0.267110
2 2 0.002285 0.195170 0.694249 0.000007 0.108289
2 2 0.001992 0.173996 0.483109 0.000014 0.340889
2 2 0.000008 0.010707 0.985603 0.000112 0.003570
2 2 0.000002 0.006944 0.991240 0.000026 0.001788
2 2 0.000002 0.006478 0.991847 0.000014 0.001660
2 2 0.000006 0.010189 0.987409 0.000050 0.002346
2 2 0.000004 0.009333 0.987505 0.000048 0.003110
2 2 0.000003 0.007657 0.990724 0.000008 0.001608
2 2 0.000003 0.006861 0.991815 0.000023 0.001299
2 2 0.000001 0.002429 0.996644 0.000050 0.000877
2 2 0.000001 0.004472 0.995103 0.000014 0.000409
2 2 0.000002 0.005187 0.994030 0.000014 0.000768
2 2 0.000001 0.004157 0.994863 0.000026 0.000952
2 2 0.000003 0.005445 0.993361 0.000079 0.001112
2 2 0.000001 0.003401 0.996006 0.000018 0.000574
2 2 0.000043 0.028897 0.966638 0.000003 0.004420
2 2 0.000334 0.077589 0.895014 0.000020 0.027044
2 2 0.000055 0.035665 0.939152 0.000036 0.025091
2 2 0.000088 0.043569 0.927750 0.000043 0.028550
2 2 0.000025 0.019364 0.976190 0.000161 0.004260
2 2 0.000158 0.057175 0.893498 0.000086 0.049082
2 2 0.000043 0.030152 0.953704 0.000041 0.016060
2 2 0.000001 0.003319 0.996085 0.000027 0.000568
2 2 0.000003 0.006387 0.993232 0.000015 0.000363
2 2 0.000004 0.006640 0.992913 0.000024 0.000419
2 2 0.000003 0.005472 0.993299 0.000075 0.001152
2 2 0.000002 0.006027 0.993452 0.000015 0.000503
2 2 0.000000 0.001644 0.998129 0.000025 0.000202
2 2 0.000012 0.011934 0.986088 0.000095 0.001871
2 2 0.000002 0.003745 0.995893 0.000051 0.000310
2 2 0.000002 0.003412 0.995636 0.000140 0.000810
2 2 0.000004 0.004671 0.994834 0.000101 0.000390
2 2 0.000004 0.003796 0.993879 0.000728 0.001594
2 2 0.000079 0.035131 0.959940 0.000014 0.004835
2 2 0.000002 0.004761 0.993813 0.000081 0.001342
2 2 0.000001 0.003200 0.995472 0.000075 0.001251
2 2 0.000001 0.001869 0.997761 0.000059 0.000311
2 2 0.000008 0.011392 0.987032 0.000018 0.001550
2 2 0.000001 0.003096 0.996673 0.000007 0.000223
2 2 0.000000 0.001433 0.998420 0.000013 0.000134
2 2 0.000001 0.001938 0.997267 0.000072 0.000723
2 2 0.000001 0.003451 0.996045 0.000035 0.000468
2 2 0.000235 0.056248 0.926751 0.000124 0.016643
2 2 0.000008 0.010122 0.985408 0.000164 0.004299
2 2 0.001834 0.156784 0.813378 0.000013 0.027991
2 2 0.000124 0.055546 0.892864 0.000018 0.051447
2 2 0.000043 0.022606 0.961884 0.000211 0.015256
2 2 0.000001 0.003402 0.996064 0.000044 0.000489
2 2 0.000000 0.002193 0.997629 0.000007 0.000171
2 2 0.000000 0.001149 0.998643 0.000008 0.000200
2 2 0.000367 0.076701 0.912166 0.000005 0.010760
2 2 0.000011 0.014310 0.983216 0.000007 0.002457
2 2 0.004300 0.237552 0.588282 0.000023 0.169842
2 2 0.000570 0.095373 0.865720 0.000064 0.038274
2 2 0.001557 0.154427 0.745434 0.000060 0.098521
1 2 0.046338 0.521019 0.327420 0.000002 0.105222
1 2 0.028712 0.449018 0.372469 0.000005 0.149795
1 1 0.147980 0.533941 0.080861 0.000000 0.237217
1 1 0.186424 0.583888 0.085513 0.000000 0.144176
1 1 0.073280 0.497377 0.197621 0.000015 0.231707
1 1 0.041541 0.443438 0.288955 0.000051 0.226015
1 1 0.025142 0.385542 0.319011 0.000048 0.270258
2 2 0.002465 0.176465 0.717129 0.000188 0.103753
1 2 0.038065 0.424221 0.292031 0.000086 0.245597
1 1 0.150760 0.575256 0.100126 0.000000 0.173857
1 1 0.152007 0.577442 0.106961 0.000000 0.163590
1 0 0.350111 0.470298 0.049795 0.000009 0.129788
0 0 0.962792 0.031489 0.004048 0.000000 0.001671
0 0 0.963666 0.031150 0.003272 0.000000 0.001912
0 0 0.971976 0.023086 0.003671 0.000000 0.001267
0 0 0.904672 0.073949 0.014792 0.000001 0.006587
0 0 0.934486 0.055073 0.004943 0.000000 0.005499
0 0 0.913451 0.068266 0.010373 0.000000 0.007910
0 0 0.886944 0.096408 0.003465 0.000000 0.013182
0 0 0.534551 0.391210 0.016824 0.000000 0.057416
1 1 0.202524 0.574397 0.117260 0.000003 0.105816
1 1 0.294475 0.567890 0.057016 0.000000 0.080619
1 1 0.034724 0.505567 0.254917 0.000000 0.204792
1 1 0.026041 0.457026 0.330722 0.000001 0.186209
2 2 0.006817 0.260999 0.397198 0.000023 0.334963
1 2 0.041663 0.457361 0.125312 0.000000 0.375664
1 2 0.032182 0.458757 0.198964 0.000000 0.310096
2 2 0.000347 0.087914 0.873925 0.000004 0.037811
2 2 0.000092 0.045625 0.931678 0.000011 0.022594
2 2 0.000004 0.006531 0.989449 0.000158 0.003858
2 2 0.000016 0.019275 0.967756 0.000049 0.012904
2 2 0.000054 0.031711 0.956801 0.000047 0.011386
2 2 0.000006 0.010222 0.987505 0.000050 0.002217
2 2 0.000297 0.084589 0.850132 0.000007 0.064974
2 2 0.000009 0.010785 0.988227 0.000042 0.000936
2 2 0.000016 0.020277 0.970609 0.000006 0.009093
2 2 0.000001 0.002563 0.996777 0.000018 0.000642
2 2 0.000002 0.006076 0.992655 0.000019 0.001248
2 2 0.000000 0.001530 0.998258 0.000007 0.000205
2 2 0.000002 0.005222 0.994488 0.000016 0.000272
2 2 0.000013 0.017317 0.974167 0.000017 0.008487
2 2 0.000000 0.001895 0.997968 0.000008 0.000128
2 2 0.000001 0.003872 0.995216 0.000048 0.000863
2 2 0.000001 0.003317 0.996476 0.000005 0.000201
2 2 0.000001 0.002870 0.996978 0.000003 0.000148
2 2 0.000001 0.002981 0.996533 0.000019 0.000467
2 2 0.000003 0.006092 0.993451 0.000015 0.000439
2 2 0.008318 0.301463 0.545870 0.000017 0.144332
1 1 0.166542 0.528392 0.064009 0.000000 0.241057
1 2 0.041725 0.504685 0.270530 0.000001 0.183059
1 2 0.020273 0.369203 0.321056 0.000021 0.289446
1 2 0.061434 0.514567 0.177865 0.000000 0.246134
1 1 0.093932 0.609318 0.143621 0.000000 0.153129
1 1 0.023744 0.443799 0.410912 0.000002 0.121544
2 2 0.009324 0.321873 0.484586 0.000006 0.184210
2 2 0.007065 0.273569 0.493497 0.000039 0.225831
2 2 0.000057 0.027888 0.967548 0.000095 0.004412
2 2 0.001330 0.150388 0.768092 0.000018 0.080172
2 2 0.000003 0.006055 0.993034 0.000035 0.000874
2 2 0.000047 0.030038 0.963056 0.000011 0.006848
2 2 0.000008 0.011481 0.987058 0.000013 0.001440
2 2 0.000031 0.027038 0.961410 0.000009 0.011512
2 2 0.000001 0.003655 0.996140 0.000006 0.000198
2 2 0.000009 0.013194 0.984065 0.000014 0.002718
2 2 0.000001 0.003056 0.996711 0.000004 0.000228
2 2 0.000001 0.002380 0.997369 0.000010 0.000241
2 2 0.000003 0.005783 0.993547 0.000026 0.000642
2 2 0.000000 0.001269 0.998425 0.000047 0.000258
2 2 0.000004 0.006127 0.993349 0.000047 0.000472
2 2 0.000011 0.009357 0.989543 0.000141 0.000948
2 2 0.000001 0.002892 0.996593 0.000072 0.000442
2 2 0.000004 0.005595 0.992339 0.000244 0.001818
2 2 0.000008 0.008591 0.985763 0.000403 0.005235
2 2 0.000000 0.001424 0.998411 0.000020 0.000145
2 2 0.000001 0.002211 0.997599 0.000021 0.000168
2 2 0.000000 0.000912 0.998742 0.000050 0.000295
2 2 0.000000 0.001565 0.998260 0.000012 0.000163
2 2 0.000001 0.001902 0.996680 0.000568 0.000849
2 2 0.000006 0.005226 0.993557 0.000379 0.000831
2 2 0.000015 0.008422 0.989776 0.000531 0.001256
2 2 0.000007 0.005737 0.992284 0.000522 0.001449
2 2 0.000008 0.006950 0.990959 0.000410 0.001673
2 2 0.000021 0.011312 0.964260 0.000626 0.023781
4 2 0.003599 0.080705 0.256381 0.001792 0.657522
4 4 0.009351 0.181110 0.122136 0.000037 0.687366
4 4 0.008306 0.142675 0.217913 0.000941 0.630166
4 4 0.027501 0.086721 0.105438 0.011422 0.768918
4 4 0.005637 0.166266 0.084632 0.000000 0.743465
4 4 0.001159 0.053459 0.135481 0.000024 0.809878
4 4 0.003259 0.065753 0.045276 0.000002 0.885710
4 4 0.001901 0.067534 0.119606 0.000022 0.810937
4 4 0.022099 0.078503 0.038869 0.000154 0.860374
4 4 0.026719 0.132808 0.038161 0.000014 0.802298
4 4 0.024548 0.183308 0.031204 0.000000 0.760939
4 1 0.195387 0.261840 0.009079 0.000000 0.533695
4 1 0.030180 0.168819 0.018178 0.000000 0.782824
4 2 0.004219 0.085462 0.057964 0.000004 0.852351
4 2 0.002863 0.045950 0.009070 0.000000 0.942116
4 4 0.003194 0.015219 0.009121 0.000002 0.972464
4 4 0.006613 0.054363 0.004343 0.000000 0.934681
4 4 0.008885 0.027070 0.017714 0.000045 0.946286
4 4 0.005141 0.049208 0.014872 0.000000 0.930779
4 4 0.006273 0.013908 0.006600 0.000006 0.973214
4 4 0.036659 0.051439 0.001051 0.000000 0.910851
4 4 0.036153 0.081410 0.003726 0.000000 0.878712
4 4 0.006869 0.016128 0.012142 0.000045 0.964817
4 4 0.018286 0.016612 0.001352 0.000000 0.963750
4 4 0.080248 0.026886 0.001564 0.000002 0.891300
4 4 0.066861 0.031079 0.011161 0.000275 0.890625
4 4 0.088060 0.052586 0.005773 0.000027 0.853554
4 4 0.100619 0.081842 0.002444 0.000000 0.815095
4 4 0.052481 0.074020 0.010576 0.000014 0.862908
4 4 0.050165 0.046040 0.003780 0.000002 0.900014
4 4 0.008421 0.053923 0.011615 0.000000 0.926040
4 4 0.018750 0.094356 0.010219 0.000000 0.876675
4 4 0.007455 0.039451 0.014565 0.000002 0.938526
4 4 0.008026 0.078385 0.010110 0.000000 0.903479
4 4 0.001867 0.022026 0.040489 0.000032 0.935587
4 4 0.004940 0.081590 0.031862 0.000001 0.881607
4 4 0.010698 0.056633 0.023533 0.000010 0.909126
4 4 0.005091 0.034063 0.035133 0.000050 0.925663
4 4 0.083834 0.043573 0.001294 0.000000 0.871300
4 4 0.090486 0.053633 0.004458 0.000010 0.851414
4 4 0.140936 0.033376 0.003188 0.000009 0.822491
4 4 0.427269 0.041080 0.000225 0.000000 0.531425
4 4 0.076469 0.038219 0.004638 0.000024 0.880649
4 4 0.106268 0.030116 0.001243 0.000001 0.862372
4 4 0.011336 0.025380 0.011548 0.000022 0.951713
4 4 0.016480 0.032353 0.016569 0.000097 0.934502
4 4 0.024958 0.034007 0.003144 0.000000 0.937890
4 4 0.148270 0.061173 0.000598 0.000000 0.789958
4 4 0.007940 0.019872 0.011768 0.000024 0.960396
4 4 0.071098 0.026614 0.002044 0.000004 0.900240
4 4 0.162726 0.062518 0.000652 0.000000 0.774104
4 4 0.032147 0.024271 0.011775 0.000502 0.931305
4 4 0.140023 0.035496 0.002907 0.000007 0.821568
4 4 0.103561 0.022908 0.004773 0.000036 0.868722
4 4 0.368979 0.055919 0.000229 0.000000 0.574873
4 4 0.017375 0.034015 0.016504 0.000090 0.932016
4 4 0.039231 0.051152 0.006655 0.000005 0.902957
4 4 0.030259 0.027152 0.005446 0.000015 0.937128
4 4 0.262390 0.037670 0.000201 0.000000 0.699739
4 4 0.195362 0.059518 0.011385 0.000119 0.733616
4 4 0.184545 0.015921 0.012243 0.000426 0.786866
4 4 0.106146 0.028254 0.009755 0.000180 0.855665
4 4 0.058657 0.023514 0.007131 0.000118 0.910581
4 4 0.316839 0.066720 0.004160 0.000008 0.612274
4 4 0.027021 0.011197 0.002947 0.000031 0.958803
4 4 0.119612 0.012350 0.001017 0.000001 0.867021
4 4 0.026913 0.023225 0.002850 0.000002 0.947010
4 4 0.159927 0.014288 0.000524 0.000000 0.825261
4 4 0.036204 0.015884 0.002775 0.000018 0.945119
4 4 0.001256 0.100031 0.156966 0.000001 0.741747
4 4 0.001314 0.107539 0.150028 0.000000 0.741118
4 4 0.000452 0.063558 0.154970 0.000000 0.781020
4 4 0.001129 0.083416 0.118919 0.000002 0.796534
4 4 0.000951 0.092900 0.165106 0.000001 0.741042
4 4 0.002262 0.155241 0.215581 0.000001 0.626916
