0 0 0.897386 0.074657 0.023343 0.000638 0.003976
0 0 0.980183 0.011006 0.002147 0.000038 0.006625
0 0 0.986057 0.008323 0.002090 0.000066 0.003464
0 0 0.987916 0.007211 0.001389 0.000024 0.003460
0 0 0.989763 0.005076 0.001259 0.000046 0.003856
0 0 0.986767 0.006000 0.001636 0.000077 0.005519
0 0 0.982883 0.008735 0.002460 0.000113 0.005808
0 0 0.981885 0.007823 0.002356 0.000141 0.007795
0 0 0.984117 0.008148 0.002260 0.000100 0.005375
0 0 0.986392 0.006441 0.001752 0.000080 0.005335
0 0 0.984917 0.007927 0.002150 0.000089 0.004917
0 0 0.967461 0.017088 0.004772 0.000195 0.010484
0 0 0.964668 0.024609 0.004218 0.000041 0.006463
0 0 0.944436 0.038016 0.006986 0.000078 0.010485
0 0 0.980766 0.011856 0.002348 0.000039 0.004990
0 0 0.985731 0.009010 0.001815 0.000032 0.003412
0 0 0.980518 0.011852 0.003039 0.000095 0.004496
0 0 0.948229 0.039653 0.006085 0.000038 0.005995
0 0 0.956815 0.022074 0.006004 0.000228 0.014879
0 0 0.985308 0.006447 0.001824 0.000095 0.006326
0 0 0.965548 0.019216 0.006339 0.000362 0.008534
0 0 0.980547 0.011412 0.003159 0.000122 0.004761
0 0 0.983632 0.009087 0.002466 0.000097 0.004717
0 0 0.983658 0.007992 0.002268 0.000110 0.005973
0 0 0.976220 0.012363 0.003788 0.000201 0.007428
0 0 0.982054 0.010431 0.002691 0.000090 0.004734
0 0 0.982881 0.007962 0.002320 0.000123 0.006714
0 0 0.974038 0.015864 0.003418 0.000068 0.006612
0 0 0.981012 0.009835 0.002855 0.000138 0.006160
0 0 0.982330 0.009510 0.002633 0.000111 0.005416
0 0 0.965217 0.022656 0.004140 0.000051 0.007937
0 0 0.982956 0.009261 0.002543 0.000105 0.005135
0 0 0.976658 0.014171 0.002858 0.000050 0.006264
0 0 0.973509 0.017599 0.003242 0.000041 0.005609
0 0 0.966809 0.020303 0.004370 0.000084 0.008435
0 0 0.977887 0.012946 0.003694 0.000151 0.005322
0 0 0.948143 0.030074 0.007997 0.000254 0.013532
0 0 0.968883 0.022015 0.004466 0.000064 0.004572
0 0 0.968930 0.020924 0.004393 0.000073 0.005679
0 0 0.973360 0.014712 0.004559 0.000234 0.007135
0 0 0.986772 0.005547 0.001537 0.000079 0.006066
0 0 0.988650 0.006183 0.001154 0.000020 0.003993
0 0 0.988970 0.005921 0.001019 0.000014 0.004075
0 0 0.985225 0.006968 0.001941 0.000093 0.005773
0 0 0.984668 0.006931 0.001972 0.000102 0.006328
0 0 0.990687 0.004040 0.000521 0.000004 0.004749
0 0 0.993021 0.002350 0.000557 0.000023 0.004050
0 0 0.986258 0.003247 0.000958 0.000075 0.009462
0 0 0.980587 0.007104 0.002175 0.000147 0.009987
0 0 0.993321 0.002915 0.000559 0.000012 0.003192
0 0 0.915416 0.046157 0.013151 0.000490 0.024786
0 0 0.917531 0.036000 0.008094 0.000199 0.038176
0 1 0.692101 0.256062 0.039088 0.000150 0.012599
0 1 0.574478 0.357096 0.048394 0.000134 0.019898
0 1 0.474967 0.419317 0.070303 0.000326 0.035088
1 1 0.274117 0.503077 0.173208 0.000406 0.049193
1 1 0.120688 0.536260 0.303396 0.000394 0.039261
1 2 0.083744 0.504147 0.373943 0.000472 0.037694
1 2 0.136525 0.560006 0.262066 0.000085 0.041318
2 2 0.026163 0.364161 0.584630 0.000188 0.024857
2 2 0.005150 0.216121 0.768775 0.000021 0.009933
2 2 0.002736 0.120231 0.870048 0.000078 0.006908
2 2 0.006017 0.128845 0.856577 0.000210 0.008352
2 2 0.000791 0.059831 0.932640 0.000296 0.006441
2 2 0.001036 0.072287 0.920633 0.000047 0.005997
2 2 0.000142 0.030249 0.967378 0.000052 0.002179
2 2 0.000117 0.014718 0.983118 0.000451 0.001596
2 2 0.000084 0.022291 0.974382 0.000239 0.003004
2 2 0.000090 0.009615 0.987230 0.001907 0.001157
2 2 0.000142 0.016718 0.979871 0.001215 0.002053
2 2 0.000101 0.005779 0.973674 0.019724 0.000722
2 2 0.000587 0.012346 0.966708 0.019319 0.001040
2 2 0.011692 0.085440 0.892272 0.004871 0.005726
2 2 0.000055 0.005774 0.976090 0.017420 0.000661
2 2 0.000100 0.005074 0.942636 0.051875 0.000315
2 2 0.000003 0.000610 0.819829 0.179474 0.000085
2 2 0.000003 0.000564 0.727581 0.271774 0.000078
2 2 0.000039 0.001515 0.569233 0.429099 0.000114
2 2 0.000004 0.000462 0.776462 0.223041 0.000030
2 2 0.000003 0.000383 0.740956 0.258617 0.000041
3 2 0.000003 0.000288 0.332890 0.666796 0.000023
3 3 0.000002 0.000160 0.181575 0.818243 0.000019
3 3 0.000043 0.001078 0.334114 0.664659 0.000105
3 3 0.000023 0.000732 0.256693 0.742482 0.000070
3 3 0.000051 0.001294 0.283010 0.715573 0.000073
3 3 0.000074 0.000668 0.072472 0.926719 0.000067
3 3 0.000009 0.000135 0.040402 0.959421 0.000032
3 3 0.000382 0.001140 0.073672 0.924350 0.000456
3 3 0.000013 0.000114 0.023570 0.976245 0.000058
3 3 0.000027 0.000268 0.027887 0.971745 0.000074
3 3 0.000011 0.000195 0.046254 0.953524 0.000016
3 3 0.000004 0.000059 0.018073 0.981848 0.000016
3 3 0.000002 0.000080 0.037237 0.962667 0.000013
3 3 0.000007 0.000068 0.013290 0.986608 0.000027
3 3 0.000002 0.000068 0.025472 0.974449 0.000009
3 3 0.000030 0.000137 0.014049 0.985694 0.000091
3 3 0.000003 0.000057 0.024617 0.975307 0.000016
3 3 0.002049 0.005300 0.160264 0.832050 0.000337
3 3 0.000042 0.000347 0.037834 0.961670 0.000107
3 3 0.000008 0.000084 0.023179 0.976692 0.000037
3 3 0.000005 0.000079 0.020645 0.979252 0.000019
3 3 0.000012 0.000111 0.019574 0.980269 0.000034
3 3 0.000007 0.000145 0.028655 0.971172 0.000021
3 3 0.000046 0.000220 0.027679 0.971965 0.000090
3 3 0.000011 0.000094 0.017521 0.982333 0.000041
3 3 0.000007 0.000063 0.009604 0.990307 0.000020
3 3 0.000005 0.000043 0.007926 0.992012 0.000015
3 3 0.000003 0.000046 0.011106 0.988835 0.000010
3 3 0.000005 0.000045 0.008033 0.991901 0.000016
3 3 0.000003 0.000027 0.006556 0.993406 0.000009
3 3 0.000092 0.000227 0.019220 0.980124 0.000337
3 3 0.000338 0.000824 0.040352 0.957844 0.000642
3 2 0.041803 0.023246 0.210577 0.717783 0.006591
3 2 0.000851 0.004255 0.110423 0.884014 0.000457
3 2 0.001175 0.004684 0.148181 0.845453 0.000507
3 2 0.000052 0.000794 0.071779 0.927330 0.000045
3 3 0.000015 0.000400 0.076834 0.922730 0.000022
3 3 0.000026 0.000372 0.045820 0.953746 0.000036
3 3 0.000036 0.000313 0.031613 0.968010 0.000028
3 3 0.000008 0.000102 0.022568 0.977310 0.000012
3 3 0.000201 0.000511 0.026274 0.972811 0.000203
3 3 0.000086 0.000283 0.017827 0.981667 0.000137
3 3 0.000101 0.000297 0.017214 0.982197 0.000190
3 3 0.000102 0.000508 0.044487 0.954781 0.000122
3 3 0.000090 0.000403 0.031411 0.967961 0.000134
3 3 0.000001 0.000046 0.020130 0.979819 0.000005
3 3 0.000002 0.000039 0.013796 0.986156 0.000007
3 3 0.000052 0.000254 0.024041 0.975572 0.000081
3 3 0.000009 0.000310 0.066814 0.932844 0.000022
3 3 0.000017 0.000210 0.020428 0.979307 0.000037
3 3 0.000455 0.001077 0.034734 0.963142 0.000593
3 3 0.000151 0.000410 0.020201 0.978951 0.000287
3 3 0.000177 0.000496 0.026504 0.972547 0.000276
3 3 0.000170 0.000427 0.020053 0.979022 0.000328
3 3 0.000120 0.000225 0.014216 0.985204 0.000234
3 3 0.000079 0.000271 0.017082 0.982430 0.000138
3 3 0.000031 0.000209 0.019595 0.980137 0.000028
3 3 0.000036 0.000192 0.017465 0.982220 0.000088
3 3 0.000023 0.000170 0.016983 0.982773 0.000051
3 3 0.000052 0.000293 0.020030 0.979552 0.000072
3 3 0.000024 0.000183 0.016899 0.982863 0.000030
3 3 0.000022 0.000132 0.013334 0.986478 0.000033
3 3 0.000094 0.000334 0.020146 0.979293 0.000133
3 3 0.000004 0.000048 0.010745 0.989186 0.000016
3 3 0.000015 0.000151 0.023857 0.975950 0.000027
3 3 0.000011 0.000063 0.007752 0.992144 0.000031
3 3 0.000013 0.000070 0.009065 0.990818 0.000035
3 3 0.000005 0.000049 0.008758 0.991173 0.000015
3 3 0.000004 0.000023 0.004498 0.995463 0.000013
3 3 0.000032 0.000080 0.007679 0.992109 0.000101
3 3 0.000010 0.000042 0.005922 0.993996 0.000031
3 3 0.000009 0.000067 0.010813 0.989081 0.000030
3 3 0.000011 0.000046 0.006220 0.993687 0.000036
3 3 0.000010 0.000073 0.010926 0.988961 0.000031
3 3 0.000014 0.000092 0.010214 0.989650 0.000030
3 3 0.000285 0.000207 0.010437 0.988071 0.001000
3 3 0.000468 0.000234 0.010472 0.987089 0.001736
3 3 0.000343 0.000255 0.011729 0.986522 0.001151
3 3 0.000094 0.000213 0.015395 0.984030 0.000268
3 3 0.000415 0.000336 0.014190 0.983884 0.001175
3 3 0.000007 0.000039 0.006313 0.993617 0.000024
3 3 0.000030 0.000085 0.008106 0.991685 0.000093
3 3 0.000005 0.000026 0.004856 0.995095 0.000019
3 3 0.000026 0.000109 0.009855 0.989939 0.000072
3 3 0.000005 0.000066 0.018313 0.981596 0.000019
3 3 0.000022 0.000051 0.005938 0.993914 0.000076
3 3 0.000008 0.000026 0.004383 0.995552 0.000031
3 3 0.000034 0.000081 0.008064 0.991728 0.000093
3 3 0.000028 0.000096 0.008894 0.990900 0.000083
3 3 0.000019 0.000085 0.008726 0.991116 0.000054
3 3 0.000118 0.000129 0.008651 0.990686 0.000415
3 3 0.000046 0.000089 0.007781 0.991932 0.000152
3 3 0.000241 0.000178 0.009654 0.989062 0.000864
3 3 0.000088 0.000109 0.008051 0.991442 0.000311
3 3 0.000252 0.000143 0.008199 0.990409 0.000997
3 3 0.000002 0.000030 0.008034 0.991929 0.000005
3 3 0.000002 0.000022 0.006497 0.993474 0.000006
3 3 0.000001 0.000014 0.005486 0.994496 0.000003
3 3 0.000001 0.000030 0.011320 0.988645 0.000004
3 3 0.000001 0.000015 0.004808 0.995173 0.000003
3 3 0.000029 0.000077 0.007644 0.992159 0.000091
3 3 0.000023 0.000080 0.008144 0.991686 0.000067
3 3 0.000016 0.000113 0.017619 0.982218 0.000034
3 3 0.000014 0.000056 0.006867 0.993018 0.000044
3 3 0.000009 0.000054 0.008923 0.990984 0.000030
3 3 0.000049 0.000052 0.005278 0.994418 0.000203
3 3 0.000076 0.000096 0.007539 0.992015 0.000274
3 3 0.000063 0.000114 0.008817 0.990805 0.000202
3 3 0.000133 0.000147 0.009308 0.989960 0.000453
3 3 0.000143 0.000154 0.009484 0.989730 0.000489
3 3 0.000047 0.000065 0.006238 0.993474 0.000176
3 3 0.000071 0.000090 0.007322 0.992260 0.000257
3 3 0.000179 0.000123 0.007811 0.991189 0.000698
3 3 0.000069 0.000202 0.012994 0.986553 0.000181
3 3 0.000026 0.000051 0.005786 0.994043 0.000095
3 3 0.000065 0.000105 0.008335 0.991277 0.000218
3 3 0.000210 0.000177 0.009839 0.989042 0.000732
3 3 0.000176 0.000123 0.007832 0.991187 0.000683
3 3 0.000063 0.000069 0.006171 0.993451 0.000247
3 3 0.000100 0.000112 0.008054 0.991374 0.000360
3 3 0.000248 0.000383 0.023242 0.975646 0.000481
3 3 0.000083 0.000098 0.010760 0.988646 0.000414
3 3 0.000165 0.000342 0.016301 0.982772 0.000420
3 2 0.000057 0.000653 0.122363 0.876666 0.000262
3 2 0.000236 0.002501 0.364184 0.632406 0.000673
2 2 0.000158 0.011861 0.949582 0.012536 0.025863
2 2 0.002803 0.040209 0.715831 0.070242 0.170915
2 2 0.001529 0.016219 0.772841 0.118638 0.090772
2 2 0.000328 0.013725 0.906389 0.024205 0.055353
2 2 0.000733 0.032104 0.834878 0.010187 0.122098
2 2 0.000923 0.054616 0.833541 0.029108 0.081813
2 2 0.000183 0.011693 0.935492 0.024203 0.028429
2 2 0.000037 0.006408 0.974239 0.009084 0.010231
2 2 0.000130 0.018123 0.933418 0.006896 0.041433
2 2 0.000165 0.010660 0.935853 0.022088 0.031234
2 2 0.000539 0.046838 0.630531 0.002597 0.319496
2 2 0.000661 0.037122 0.650104 0.001910 0.310203
2 2 0.000374 0.025775 0.697041 0.000996 0.275813
2 2 0.000286 0.030573 0.758750 0.001892 0.208499
2 2 0.000266 0.028811 0.759898 0.000982 0.210042
2 2 0.000609 0.028821 0.740538 0.003302 0.226730
2 2 0.000483 0.021940 0.799890 0.005240 0.172447
2 2 0.000579 0.036072 0.570882 0.000638 0.391828
4 2 0.001435 0.042625 0.427842 0.001634 0.526463
2 2 0.004096 0.087324 0.455001 0.002372 0.451207
2 2 0.000452 0.021749 0.812991 0.006495 0.158314
2 2 0.001508 0.034363 0.706453 0.017254 0.240422
2 2 0.000249 0.021723 0.887289 0.008604 0.082135
2 2 0.000742 0.032270 0.794547 0.013883 0.158558
2 2 0.000120 0.009413 0.942203 0.024539 0.023725
2 2 0.000109 0.008726 0.948081 0.024493 0.018590
2 2 0.000020 0.004587 0.980379 0.007666 0.007349
2 2 0.000037 0.007441 0.973604 0.007224 0.011694
2 2 0.000177 0.013965 0.924209 0.004231 0.057417
2 2 0.000031 0.008333 0.969916 0.003104 0.018617
2 2 0.000003 0.001157 0.985620 0.012687 0.000532
2 2 0.000000 0.000946 0.995663 0.003195 0.000195
2 2 0.000003 0.003475 0.993611 0.001232 0.001678
2 2 0.000003 0.001997 0.993670 0.002962 0.001367
2 2 0.000007 0.001298 0.974152 0.023784 0.000759
2 2 0.000053 0.005955 0.970674 0.012707 0.010611
2 2 0.000026 0.006315 0.978416 0.005897 0.009346
2 2 0.000010 0.005824 0.984985 0.001145 0.008035
2 2 0.000018 0.002310 0.978586 0.015646 0.003439
2 2 0.000036 0.003905 0.975278 0.012371 0.008410
2 2 0.000066 0.003928 0.962729 0.024750 0.008527
2 2 0.000095 0.005179 0.960423 0.024578 0.009724
2 2 0.000040 0.003465 0.972563 0.019078 0.004854
2 2 0.000173 0.005011 0.909008 0.073825 0.011983
2 2 0.000010 0.003484 0.986831 0.005131 0.004544
2 2 0.000006 0.000506 0.839006 0.160318 0.000164
2 2 0.000003 0.000325 0.781369 0.218178 0.000125
2 2 0.000005 0.000951 0.911653 0.087083 0.000309
2 2 0.000002 0.000373 0.908400 0.091042 0.000183
2 2 0.000006 0.001482 0.929967 0.068070 0.000475
2 2 0.000021 0.001116 0.850752 0.147296 0.000816
2 2 0.000027 0.001433 0.867300 0.129519 0.001721
2 2 0.000050 0.001613 0.808824 0.187190 0.002323
2 2 0.000036 0.001684 0.846689 0.149779 0.001813
2 2 0.000183 0.003507 0.817680 0.173930 0.004700
2 2 0.000033 0.000949 0.659180 0.338871 0.000967
2 2 0.000184 0.001846 0.522055 0.470754 0.005161
2 2 0.000264 0.002049 0.568484 0.424089 0.005114
2 2 0.000443 0.004562 0.767678 0.220817 0.006500
2 2 0.000049 0.001037 0.630681 0.367107 0.001127
2 2 0.000120 0.002853 0.825576 0.169984 0.001467
2 2 0.000099 0.003736 0.765134 0.228599 0.002432
2 2 0.000012 0.002017 0.906047 0.091353 0.000571
2 2 0.001709 0.015408 0.938582 0.035176 0.009124
2 1 0.028811 0.105194 0.833688 0.026378 0.005928
2 2 0.000020 0.003463 0.960275 0.035264 0.000979
2 2 0.000048 0.004818 0.990129 0.004315 0.000690
2 2 0.000023 0.003666 0.971148 0.024710 0.000453
2 2 0.000980 0.015327 0.961377 0.016939 0.005377
2 2 0.000004 0.001751 0.977102 0.020810 0.000334
2 2 0.001550 0.019723 0.740283 0.221911 0.016533
2 2 0.000668 0.009445 0.824345 0.155654 0.009889
2 2 0.000169 0.006028 0.781988 0.207501 0.004314
2 2 0.001042 0.007632 0.731116 0.256417 0.003793
2 2 0.005081 0.019885 0.748000 0.204536 0.022499
2 2 0.000564 0.005901 0.937519 0.055722 0.000295
2 2 0.000251 0.003590 0.793377 0.202469 0.000314
2 2 0.000149 0.003237 0.728488 0.267942 0.000183
2 2 0.000589 0.005466 0.711732 0.281715 0.000498
2 2 0.000232 0.003309 0.765399 0.230665 0.000395
2 2 0.001124 0.010300 0.624628 0.346509 0.017438
2 2 0.001226 0.013755 0.748949 0.222293 0.013778
2 1 0.194222 0.301091 0.458795 0.009465 0.036427
2 2 0.002161 0.027516 0.820048 0.123115 0.027160
2 2 0.001656 0.012362 0.740514 0.225161 0.020307
2 2 0.000037 0.001916 0.636408 0.361188 0.000451
2 2 0.000128 0.003382 0.778271 0.214837 0.003381
2 2 0.000023 0.001875 0.800808 0.196646 0.000648
2 2 0.000278 0.004200 0.901690 0.093258 0.000574
2 2 0.000110 0.002540 0.659753 0.336722 0.000875
2 2 0.000303 0.005188 0.703976 0.289320 0.001214
2 2 0.000185 0.002439 0.644641 0.351357 0.001378
3 2 0.000173 0.002425 0.480895 0.515477 0.001030
2 3 0.000266 0.002795 0.538004 0.457641 0.001294
3 3 0.000246 0.003045 0.460217 0.535837 0.000654
2 3 0.000121 0.002703 0.607278 0.388610 0.001288
2 3 0.000123 0.002490 0.584727 0.411499 0.001161
3 3 0.000364 0.002785 0.449911 0.545826 0.001115
2 1 0.032106 0.051896 0.778934 0.129235 0.007829
2 2 0.001548 0.011739 0.904558 0.081489 0.000666
2 2 0.000294 0.008824 0.834948 0.151826 0.004109
2 2 0.000117 0.006089 0.825568 0.165696 0.002529
2 2 0.001258 0.008659 0.815043 0.172770 0.002270
2 2 0.001122 0.007912 0.837173 0.151648 0.002145
2 2 0.000280 0.006914 0.752142 0.236526 0.004138
2 2 0.007869 0.012882 0.616108 0.357620 0.005521
3 2 0.062784 0.015705 0.308173 0.537574 0.075764
2 2 0.002333 0.012514 0.640987 0.342305 0.001861
3 2 0.001835 0.004557 0.229955 0.760774 0.002880
2 2 0.001480 0.008068 0.605585 0.383421 0.001447
2 2 0.004202 0.015865 0.717788 0.261362 0.000783
2 1 0.225551 0.093877 0.495293 0.169077 0.016203
2 2 0.013156 0.033933 0.809077 0.142563 0.001270
2 2 0.010143 0.031609 0.753127 0.203424 0.001697
2 2 0.003650 0.015636 0.796043 0.184087 0.000585
2 2 0.006057 0.020164 0.903159 0.068269 0.002352
2 2 0.005186 0.042625 0.924323 0.025533 0.002332
2 2 0.003222 0.018583 0.923898 0.052965 0.001333
2 2 0.003207 0.022126 0.913915 0.059448 0.001304
2 1 0.083550 0.154890 0.709548 0.036454 0.015558
2 2 0.000420 0.006968 0.918767 0.073605 0.000239
2 2 0.000213 0.003776 0.908222 0.087598 0.000190
2 2 0.001167 0.014590 0.911123 0.072461 0.000659
2 2 0.001737 0.016747 0.891631 0.088987 0.000898
2 2 0.000602 0.006663 0.873586 0.118864 0.000284
2 1 0.193872 0.184026 0.588744 0.007829 0.025529
2 2 0.071686 0.235894 0.676731 0.001939 0.013751
0 1 0.476971 0.363133 0.145941 0.000721 0.013234
2 1 0.184547 0.330456 0.465754 0.002258 0.016985
0 1 0.463402 0.286501 0.241529 0.000487 0.008081
2 2 0.124934 0.150764 0.710237 0.005591 0.008475
2 2 0.143893 0.254836 0.595808 0.000433 0.005031
1 2 0.218037 0.397866 0.377288 0.000166 0.006643
0 1 0.566770 0.202744 0.197505 0.000208 0.032773
2 2 0.041423 0.346803 0.604067 0.000098 0.007609
2 2 0.138159 0.237115 0.602282 0.001466 0.020979
1 1 0.419118 0.446907 0.117627 0.000092 0.016257
2 2 0.083621 0.354394 0.546702 0.000499 0.014784
1 1 0.416822 0.428796 0.138343 0.000178 0.015861
1 1 0.120721 0.476415 0.388341 0.000183 0.014340
1 1 0.122460 0.520368 0.343691 0.000052 0.013429
1 1 0.158618 0.536008 0.293466 0.000042 0.011866
1 2 0.101926 0.457126 0.430318 0.000064 0.010566
2 2 0.037055 0.379904 0.570610 0.000023 0.012408
2 2 0.036106 0.273433 0.683488 0.000077 0.006897
2 2 0.118158 0.393323 0.477855 0.000248 0.010417
2 2 0.043221 0.265321 0.685508 0.000154 0.005796
2 2 0.019257 0.176011 0.799702 0.000109 0.004921
2 2 0.029333 0.246344 0.718728 0.000070 0.005526
2 2 0.006323 0.088877 0.901379 0.000375 0.003046
1 2 0.063708 0.486398 0.443412 0.000003 0.006479
1 2 0.102831 0.542940 0.344191 0.000006 0.010031
2 2 0.028796 0.440217 0.520867 0.000003 0.010117
2 2 0.059313 0.368907 0.562678 0.000032 0.009070
2 2 0.046451 0.349916 0.597960 0.000007 0.005665
1 2 0.182843 0.596128 0.210513 0.000010 0.010507
1 2 0.161616 0.564276 0.265329 0.000008 0.008772
1 2 0.090308 0.458664 0.443623 0.000028 0.007377
2 2 0.064811 0.438395 0.489773 0.000020 0.007001
1 2 0.114293 0.464508 0.413773 0.000040 0.007387
2 2 0.109344 0.409306 0.473830 0.000039 0.007481
2 2 0.082621 0.344196 0.565608 0.000044 0.007530
0 2 0.457348 0.437130 0.097649 0.000015 0.007858
1 2 0.228355 0.559052 0.203910 0.000008 0.008674
0 1 0.550882 0.351568 0.089172 0.000098 0.008281
1 1 0.297452 0.526124 0.156798 0.000041 0.019584
1 2 0.305262 0.538701 0.135261 0.000031 0.020745
1 2 0.430911 0.483035 0.072772 0.000017 0.013265
0 0 0.813332 0.134191 0.033528 0.000594 0.018355
0 1 0.732002 0.237439 0.023830 0.000029 0.006700
2 2 0.011879 0.256092 0.724780 0.000046 0.007203
2 2 0.005872 0.163520 0.825748 0.000029 0.004830
2 2 0.034505 0.357993 0.599637 0.000034 0.007831
1 2 0.070074 0.482318 0.436148 0.000025 0.011434
2 2 0.019172 0.189666 0.783694 0.000115 0.007354
1 1 0.133366 0.569851 0.281185 0.000027 0.015571
2 2 0.024801 0.354621 0.608692 0.000042 0.011843
2 2 0.010740 0.170046 0.812174 0.000100 0.006940
2 2 0.007285 0.163924 0.822410 0.000091 0.006291
1 0 0.353181 0.413818 0.211762 0.000431 0.020807
0 0 0.589589 0.350607 0.042804 0.000089 0.016912
1 1 0.267644 0.586139 0.121055 0.000011 0.025151
2 2 0.022510 0.316971 0.639902 0.000059 0.020559
1 2 0.304558 0.451545 0.213399 0.000144 0.030354
0 0 0.719873 0.211973 0.048061 0.000577 0.019516
0 1 0.621118 0.340596 0.029830 0.000011 0.008445
1 2 0.153403 0.516636 0.311729 0.000064 0.018168
1 2 0.377585 0.524528 0.081363 0.000011 0.016513
1 1 0.402212 0.484463 0.090931 0.000031 0.022363
2 2 0.035054 0.292309 0.661425 0.000107 0.011105
2 2 0.000046 0.003446 0.996076 0.000386 0.000045
2 2 0.000011 0.001575 0.997851 0.000540 0.000023
2 2 0.000002 0.000541 0.999290 0.000162 0.000006
2 2 0.000004 0.000365 0.997669 0.001959 0.000003
2 2 0.000000 0.000175 0.999083 0.000739 0.000002
4 2 0.003326 0.133745 0.340641 0.000400 0.521889
4 2 0.001497 0.037666 0.354130 0.000352 0.606355
4 2 0.002641 0.051119 0.204269 0.000177 0.741794
4 4 0.002543 0.033217 0.211147 0.000323 0.752770
4 4 0.004139 0.054745 0.168623 0.000324 0.772169
4 4 0.001397 0.016904 0.043349 0.000021 0.938328
4 4 0.001561 0.017515 0.045383 0.000031 0.935510
4 4 0.001366 0.011774 0.049602 0.000049 0.937209
4 4 0.005639 0.024351 0.013479 0.000095 0.956437
4 4 0.002059 0.008971 0.021418 0.000027 0.967526
4 4 0.004310 0.026993 0.117971 0.001274 0.849453
4 4 0.007510 0.025820 0.040496 0.000550 0.925625
4 4 0.002427 0.030215 0.065723 0.000058 0.901577
4 4 0.001177 0.025719 0.105334 0.000070 0.867700
4 4 0.004054 0.009371 0.018980 0.000085 0.967511
4 4 0.003667 0.021348 0.083301 0.000329 0.891355
4 4 0.002747 0.041626 0.100843 0.000137 0.854648
4 4 0.001548 0.029211 0.076604 0.000046 0.892590
4 4 0.002369 0.032743 0.111435 0.000158 0.853294
4 4 0.004496 0.014229 0.021607 0.000083 0.959586
4 4 0.001304 0.020945 0.099004 0.000029 0.878718
4 4 0.000806 0.027580 0.144394 0.000032 0.827188
4 4 0.000680 0.016725 0.063307 0.000009 0.919279
4 4 0.001605 0.019215 0.040851 0.000036 0.938293
4 4 0.004999 0.041579 0.049955 0.000145 0.903323
4 4 0.028730 0.026334 0.028080 0.000062 0.916793
4 4 0.008341 0.012873 0.023845 0.000207 0.954733
4 4 0.014420 0.023964 0.023395 0.000456 0.937765
4 4 0.010811 0.014516 0.019668 0.000327 0.954678
4 4 0.026200 0.017983 0.012037 0.000805 0.942974
4 4 0.027069 0.007114 0.002523 0.000434 0.962860
4 4 0.020132 0.007002 0.005015 0.000376 0.967476
4 4 0.017947 0.010212 0.004978 0.000320 0.966542
4 4 0.004803 0.008474 0.006908 0.000056 0.979760
4 4 0.004929 0.008308 0.007404 0.000059 0.979299
4 4 0.006332 0.019371 0.021504 0.000135 0.952658
4 4 0.014347 0.026056 0.025686 0.000473 0.933438
4 4 0.002534 0.022328 0.058500 0.000057 0.916580
4 4 0.002588 0.007702 0.015100 0.000032 0.974578
4 4 0.007333 0.010012 0.014103 0.000137 0.968415
4 4 0.021236 0.005816 0.002982 0.000327 0.969641
4 4 0.055247 0.008957 0.004267 0.001525 0.930003
4 4 0.039126 0.006956 0.002903 0.000783 0.950232
4 4 0.035790 0.006533 0.002635 0.000661 0.954381
4 4 0.027886 0.008726 0.003083 0.000494 0.959811
4 4 0.017751 0.017645 0.012564 0.001006 0.951035
4 4 0.004312 0.009581 0.023443 0.000080 0.962584
4 4 0.008101 0.024664 0.020151 0.000431 0.946653
4 4 0.002431 0.013663 0.030736 0.000040 0.953130
4 4 0.007329 0.011935 0.019770 0.000420 0.960546
4 4 0.003796 0.005908 0.004107 0.000032 0.986157
4 4 0.005693 0.004994 0.006057 0.000067 0.983189
4 4 0.001791 0.002562 0.005490 0.000012 0.990144
4 4 0.003247 0.004026 0.004718 0.000029 0.987980
4 4 0.017073 0.007070 0.002472 0.000313 0.973072
4 4 0.043420 0.005181 0.002977 0.000694 0.947729
4 4 0.073412 0.013214 0.006939 0.002863 0.903571
4 4 0.052006 0.017644 0.007760 0.001815 0.920776
4 1 0.279185 0.081651 0.024605 0.000202 0.614358
4 2 0.130981 0.080481 0.030585 0.000388 0.757566
2 2 0.000148 0.051860 0.916690 0.001447 0.029854
2 2 0.000028 0.023507 0.959841 0.000474 0.016150
2 2 0.000106 0.022271 0.953549 0.002120 0.021955
2 2 0.000034 0.017233 0.964236 0.000863 0.017633
2 2 0.000097 0.028793 0.946431 0.001632 0.023046
2 2 0.000084 0.011647 0.970123 0.005630 0.012517
2 2 0.000180 0.036077 0.927718 0.002588 0.033437
2 2 0.005019 0.206433 0.716000 0.001774 0.070772
1 1 0.241362 0.433986 0.246713 0.000808 0.077131
2 2 0.000300 0.044793 0.918469 0.003055 0.033384
2 2 0.000005 0.003540 0.988201 0.007340 0.000914
2 2 0.000007 0.005551 0.990271 0.001494 0.002677
2 2 0.000003 0.002181 0.989102 0.008211 0.000503
2 2 0.000030 0.006206 0.975592 0.014513 0.003659
2 2 0.000005 0.002736 0.991625 0.003693 0.001941
2 2 0.000002 0.004159 0.993611 0.000744 0.001484
2 2 0.000004 0.003169 0.993226 0.002176 0.001424
2 2 0.000006 0.003698 0.990290 0.003604 0.002402
2 2 0.000008 0.002428 0.989219 0.006306 0.002038
2 2 0.000010 0.004819 0.989527 0.003711 0.001934
2 2 0.000008 0.001899 0.983740 0.012773 0.001580
2 2 0.000013 0.004132 0.986862 0.002417 0.006577
2 2 0.000009 0.002719 0.988635 0.006786 0.001850
2 2 0.000012 0.003542 0.987688 0.003970 0.004787
2 2 0.000041 0.002575 0.947880 0.045165 0.004339
2 2 0.000065 0.003669 0.912842 0.079498 0.003926
2 2 0.000069 0.002409 0.858507 0.135697 0.003317
2 2 0.000023 0.001312 0.831658 0.166248 0.000759
2 2 0.000412 0.004427 0.932036 0.059900 0.003225
2 2 0.000028 0.001480 0.874237 0.122980 0.001274
2 2 0.000023 0.000633 0.585001 0.413868 0.000475
2 2 0.000137 0.001781 0.592173 0.402582 0.003327
2 2 0.000018 0.001120 0.781427 0.216807 0.000627
2 2 0.000022 0.001217 0.765397 0.232612 0.000751
2 2 0.000044 0.001223 0.653843 0.343734 0.001157
3 2 0.000153 0.001084 0.349345 0.647407 0.002012
2 2 0.000103 0.001729 0.561823 0.435043 0.001301
3 2 0.000059 0.000435 0.163460 0.835365 0.000681
3 2 0.000079 0.000541 0.209143 0.789229 0.001009
3 2 0.000089 0.000658 0.230176 0.768018 0.001059
3 2 0.000495 0.002795 0.328982 0.665908 0.001820
3 2 0.000116 0.000557 0.149983 0.848141 0.001204
3 2 0.000101 0.000725 0.107794 0.890820 0.000560
3 2 0.000147 0.000580 0.103060 0.895086 0.001127
3 3 0.000101 0.000416 0.079152 0.919591 0.000740
3 3 0.000089 0.000755 0.174144 0.824487 0.000524
3 3 0.000123 0.000473 0.084266 0.914229 0.000908
3 3 0.000135 0.001117 0.146253 0.851981 0.000513
3 3 0.000083 0.000618 0.113561 0.885208 0.000530
3 3 0.000016 0.000224 0.097036 0.902587 0.000136
3 3 0.000162 0.000545 0.051897 0.946665 0.000730
3 3 0.000300 0.000489 0.042607 0.955025 0.001578
3 3 0.000375 0.000524 0.027629 0.970133 0.001339
3 3 0.000477 0.000699 0.033403 0.963779 0.001642
3 3 0.000160 0.000380 0.042109 0.956491 0.000861
3 3 0.000479 0.000711 0.044061 0.952661 0.002089
3 3 0.000947 0.001374 0.101046 0.890881 0.005751
3 3 0.000476 0.000775 0.046489 0.950269 0.001991
3 3 0.001090 0.000809 0.040798 0.952061 0.005243
3 3 0.000909 0.001739 0.098619 0.895014 0.003719
3 3 0.000271 0.000332 0.014699 0.983918 0.000778
3 3 0.000224 0.000513 0.033724 0.964851 0.000689
3 3 0.000373 0.000751 0.046288 0.951276 0.001312
3 3 0.000686 0.000663 0.024539 0.971963 0.002149
3 3 0.000333 0.000602 0.030523 0.967463 0.001080
3 3 0.000042 0.000173 0.019265 0.980367 0.000153
3 3 0.000122 0.000392 0.023813 0.975410 0.000264
3 3 0.000046 0.000182 0.022061 0.977523 0.000188
3 3 0.000075 0.000353 0.031107 0.968217 0.000249
3 3 0.002367 0.004172 0.201732 0.790333 0.001396
3 3 0.000167 0.000156 0.009335 0.989757 0.000585
3 3 0.000211 0.000146 0.008577 0.990267 0.000799
3 3 0.000445 0.000240 0.011282 0.986343 0.001690
3 3 0.000550 0.000406 0.015045 0.982304 0.001694
3 3 0.000226 0.000125 0.007618 0.991110 0.000920
3 3 0.000149 0.000262 0.016271 0.982837 0.000480
3 3 0.000072 0.000231 0.019606 0.979850 0.000241
3 3 0.000618 0.000735 0.031763 0.965906 0.000979
3 3 0.000345 0.000415 0.016514 0.981772 0.000954
3 3 0.000262 0.000246 0.011970 0.986679 0.000842
3 3 0.000259 0.000478 0.019122 0.979506 0.000635
3 3 0.000251 0.000469 0.027818 0.970986 0.000477
3 3 0.000683 0.001470 0.093100 0.903880 0.000867
3 3 0.000133 0.000308 0.019306 0.979847 0.000406
3 3 0.000417 0.000484 0.023360 0.974677 0.001062
3 3 0.000263 0.000472 0.024931 0.973498 0.000836
3 3 0.000761 0.000402 0.014126 0.982185 0.002527
3 3 0.000589 0.000351 0.013404 0.983705 0.001952
3 3 0.001480 0.001064 0.027911 0.966925 0.002621
3 3 0.000528 0.000430 0.015763 0.981703 0.001576
3 3 0.000534 0.000434 0.015833 0.981605 0.001594
3 3 0.000550 0.000445 0.016043 0.981329 0.001633
3 3 0.000626 0.000464 0.016161 0.980867 0.001882
3 3 0.000823 0.000474 0.015677 0.980428 0.002597
3 3 0.001912 0.001548 0.049401 0.944018 0.003121
3 3 0.000185 0.000219 0.011690 0.987327 0.000578
3 3 0.000395 0.000189 0.009270 0.988608 0.001538
3 3 0.000287 0.000333 0.014580 0.983968 0.000832
3 3 0.000170 0.000191 0.010746 0.988341 0.000552
3 3 0.000608 0.000273 0.011182 0.985694 0.002243
3 3 0.001871 0.000948 0.023222 0.969395 0.004564
3 3 0.003325 0.001602 0.029083 0.957307 0.008684
3 3 0.000978 0.000682 0.019663 0.975905 0.002772
3 3 0.002800 0.001580 0.043673 0.946388 0.005559
3 3 0.001298 0.000929 0.026798 0.967053 0.003922
3 3 0.000376 0.001045 0.054434 0.942655 0.001489
3 3 0.001279 0.003265 0.178933 0.813771 0.002751
3 3 0.001766 0.008759 0.420336 0.567667 0.001472
3 3 0.001349 0.006675 0.413002 0.576896 0.002079
2 3 0.001771 0.011886 0.692218 0.293082 0.001043
2 3 0.000942 0.009690 0.907442 0.081518 0.000409
2 3 0.000277 0.006414 0.828832 0.163970 0.000507
2 3 0.000209 0.004437 0.848576 0.146416 0.000362
2 3 0.000779 0.006880 0.930644 0.061523 0.000174
2 3 0.000327 0.004737 0.884133 0.110601 0.000202
2 3 0.001058 0.005686 0.701553 0.286969 0.004734
2 3 0.000249 0.003644 0.638947 0.355083 0.002077
2 2 0.000090 0.003628 0.761064 0.233833 0.001385
2 2 0.000147 0.003157 0.539867 0.455105 0.001724
2 2 0.002830 0.011378 0.800806 0.182381 0.002604
2 2 0.000652 0.008746 0.910788 0.079137 0.000678
2 2 0.000194 0.003558 0.832021 0.163431 0.000796
2 2 0.001033 0.015865 0.865528 0.116358 0.001217
2 2 0.002867 0.015293 0.880164 0.100772 0.000905
2 2 0.000384 0.006938 0.870781 0.121298 0.000598
2 2 0.000456 0.004389 0.864809 0.129623 0.000722
2 2 0.002217 0.012627 0.752077 0.228327 0.004752
2 2 0.001308 0.008016 0.773101 0.214519 0.003056
2 2 0.002989 0.013395 0.848096 0.134076 0.001443
2 2 0.000427 0.010936 0.858871 0.127272 0.002494
2 2 0.000477 0.005660 0.756199 0.236180 0.001484
2 2 0.001017 0.005739 0.661823 0.329761 0.001660
3 2 0.000092 0.001421 0.466018 0.531600 0.000869
2 2 0.000416 0.005578 0.516205 0.476578 0.001222
2 2 0.000372 0.004413 0.805676 0.189100 0.000440
2 2 0.000977 0.027206 0.951672 0.016567 0.003578
0 0 0.544446 0.304666 0.124467 0.001518 0.024903
2 1 0.093491 0.297363 0.590610 0.003648 0.014887
2 2 0.011434 0.074973 0.907305 0.001261 0.005027
2 2 0.000776 0.037314 0.956892 0.000752 0.004266
2 2 0.000290 0.007117 0.986444 0.005796 0.000352
2 2 0.000138 0.006834 0.990406 0.002319 0.000303
2 2 0.000067 0.005876 0.990500 0.003274 0.000283
2 2 0.001106 0.016345 0.980052 0.002024 0.000472
2 2 0.000211 0.005521 0.987095 0.006861 0.000312
2 2 0.000200 0.008082 0.986725 0.004246 0.000747
2 2 0.000064 0.009306 0.987853 0.001798 0.000979
2 2 0.000052 0.005645 0.982028 0.011041 0.001234
2 2 0.000801 0.018479 0.975663 0.003601 0.001456
2 2 0.000455 0.014148 0.978763 0.005672 0.000962
2 2 0.000001 0.000845 0.986399 0.012587 0.000167
2 2 0.000002 0.002944 0.993095 0.003183 0.000776
2 2 0.000007 0.002865 0.967408 0.029098 0.000622
2 2 0.000005 0.002252 0.990987 0.005877 0.000879
2 2 0.000009 0.003917 0.987640 0.006631 0.001803
2 2 0.000250 0.022581 0.811481 0.001559 0.164128
2 2 0.000222 0.016802 0.807370 0.001295 0.174311
2 2 0.000607 0.023057 0.726621 0.001641 0.248073
2 2 0.000666 0.033106 0.643864 0.001423 0.320940
2 2 0.000596 0.028577 0.684496 0.000756 0.285575
4 2 0.003315 0.053248 0.426569 0.000767 0.516102
2 2 0.000811 0.031766 0.623895 0.000721 0.342808
2 2 0.002355 0.061228 0.565110 0.004287 0.367019
4 2 0.005923 0.061843 0.442804 0.001200 0.488230
1 1 0.224672 0.490514 0.156271 0.000221 0.128322
2 2 0.000214 0.033769 0.903515 0.002408 0.060094
2 2 0.001017 0.044305 0.831612 0.006419 0.116648
2 2 0.001103 0.082443 0.777057 0.005794 0.133603
2 2 0.000595 0.037438 0.790844 0.003095 0.168028
2 2 0.000251 0.035459 0.839547 0.000915 0.123828
2 2 0.000139 0.021379 0.790441 0.000199 0.187841
2 2 0.000109 0.027339 0.783633 0.000100 0.188818
2 2 0.000111 0.028218 0.830949 0.000216 0.140506
2 2 0.000166 0.033797 0.685973 0.000099 0.279965
2 2 0.000326 0.029994 0.561674 0.000089 0.407917
4 2 0.001047 0.025777 0.471828 0.000771 0.500577
2 2 0.001387 0.036790 0.591020 0.002276 0.368527
2 2 0.000745 0.028999 0.526642 0.000596 0.443017
4 2 0.001935 0.033465 0.287624 0.000266 0.676710
2 2 0.000884 0.028802 0.603823 0.000848 0.365643
2 2 0.000490 0.036677 0.824043 0.003623 0.135168
2 2 0.001173 0.033373 0.703903 0.002762 0.258789
2 2 0.000801 0.026188 0.831939 0.007561 0.133511
2 2 0.000601 0.022069 0.832963 0.003616 0.140752
2 2 0.001055 0.033190 0.800582 0.002884 0.162290
1 1 0.353835 0.463295 0.134409 0.000070 0.048391
2 2 0.013331 0.289090 0.667198 0.000200 0.030181
2 2 0.001639 0.095347 0.890503 0.000764 0.011747
2 2 0.003424 0.105424 0.881101 0.000366 0.009686
2 2 0.000980 0.056914 0.933313 0.000501 0.008293
2 2 0.000132 0.018505 0.977062 0.001442 0.002859
2 2 0.000111 0.012742 0.985486 0.000765 0.000897
2 2 0.000412 0.035312 0.961320 0.000514 0.002443
2 2 0.000008 0.005243 0.992607 0.000993 0.001150
2 2 0.000039 0.008408 0.988960 0.001394 0.001200
2 2 0.000079 0.014765 0.982162 0.000956 0.002037
2 2 0.000116 0.015848 0.981388 0.000880 0.001768
2 2 0.000006 0.003828 0.992381 0.002620 0.001165
2 2 0.000370 0.021002 0.975156 0.001611 0.001862
2 2 0.000042 0.015919 0.980525 0.000546 0.002968
2 2 0.000073 0.012762 0.985853 0.000389 0.000923
2 2 0.000306 0.016251 0.981313 0.000994 0.001135
2 2 0.000009 0.003157 0.990090 0.006117 0.000626
2 1 0.145460 0.312076 0.518079 0.001511 0.022874
2 2 0.000045 0.009419 0.988197 0.001079 0.001260
2 2 0.000002 0.001780 0.998021 0.000105 0.000092
2 2 0.000005 0.001691 0.997832 0.000389 0.000083
2 2 0.000015 0.003920 0.995781 0.000132 0.000153
2 2 0.000001 0.000522 0.999090 0.000366 0.000021
2 2 0.000016 0.003287 0.995699 0.000737 0.000261
2 2 0.000026 0.006379 0.992624 0.000500 0.000470
2 2 0.000015 0.001728 0.996980 0.001225 0.000052
2 2 0.000088 0.008596 0.990232 0.000759 0.000325
2 2 0.000005 0.001335 0.995733 0.002871 0.000057
2 2 0.000016 0.002183 0.996598 0.001118 0.000085
2 2 0.000352 0.009997 0.979648 0.009484 0.000519
2 2 0.000467 0.009601 0.977739 0.011842 0.000351
2 2 0.001107 0.013460 0.972716 0.012124 0.000595
2 2 0.000836 0.010417 0.979599 0.008725 0.000422
2 1 0.004833 0.046586 0.938529 0.004736 0.005316
2 2 0.008444 0.120176 0.862068 0.000949 0.008363
1 1 0.226292 0.400795 0.337478 0.000696 0.034740
2 2 0.000369 0.026056 0.968667 0.001074 0.003835
2 2 0.002258 0.071290 0.921149 0.000704 0.004599
2 2 0.006437 0.143025 0.840274 0.000522 0.009742
2 2 0.000012 0.004784 0.994356 0.000639 0.000209
2 2 0.000036 0.001929 0.992455 0.005530 0.000049
2 2 0.000026 0.004387 0.994073 0.001263 0.000251
2 2 0.000007 0.001476 0.996912 0.001536 0.000069
2 2 0.000035 0.002759 0.992499 0.004616 0.000091
2 2 0.000075 0.002482 0.994141 0.003247 0.000054
2 2 0.000105 0.006759 0.990261 0.002565 0.000310
2 2 0.000401 0.007589 0.989100 0.002792 0.000117
2 2 0.000197 0.004032 0.991903 0.003773 0.000095
2 2 0.000066 0.003936 0.992216 0.003643 0.000139
2 2 0.000298 0.004289 0.980943 0.014386 0.000083
2 2 0.000044 0.001651 0.975219 0.023032 0.000055
2 2 0.000023 0.002415 0.985695 0.011780 0.000087
2 2 0.000085 0.001732 0.986621 0.011529 0.000033
2 2 0.000019 0.002249 0.982112 0.015507 0.000112
2 2 0.002481 0.015767 0.969747 0.011477 0.000527
2 2 0.000197 0.004885 0.983649 0.011109 0.000160
2 2 0.000805 0.009070 0.970667 0.019247 0.000211
2 2 0.000413 0.008751 0.972726 0.017724 0.000387
2 2 0.000316 0.005216 0.973043 0.021311 0.000113
2 2 0.000164 0.003567 0.975212 0.020946 0.000112
2 2 0.000195 0.006415 0.980703 0.012395 0.000291
2 2 0.000361 0.010294 0.977135 0.011740 0.000471
2 2 0.000866 0.009051 0.979448 0.010292 0.000343
2 2 0.001219 0.014111 0.978141 0.006016 0.000513
2 2 0.000935 0.008438 0.986596 0.003837 0.000194
2 2 0.024339 0.080397 0.890560 0.002543 0.002161
0 1 0.442169 0.269700 0.270188 0.003801 0.014142
2 2 0.000282 0.016278 0.978728 0.003185 0.001527
2 2 0.000436 0.013730 0.984096 0.001020 0.000718
2 2 0.000026 0.005069 0.981455 0.012461 0.000990
2 2 0.000028 0.002523 0.980484 0.016758 0.000207
2 2 0.000038 0.005416 0.979522 0.013752 0.001272
2 2 0.000074 0.005169 0.977592 0.016580 0.000585
2 2 0.002031 0.022307 0.965929 0.008473 0.001261
2 2 0.000017 0.001959 0.981064 0.016820 0.000139
2 2 0.000069 0.003559 0.978622 0.017489 0.000261
2 2 0.000038 0.002018 0.950863 0.046896 0.000185
2 2 0.000047 0.002910 0.969872 0.026889 0.000282
2 2 0.000009 0.001743 0.984245 0.013784 0.000220
2 2 0.000065 0.003048 0.975138 0.021469 0.000281
2 2 0.000018 0.002992 0.977570 0.018934 0.000487
2 2 0.000094 0.003910 0.971596 0.024035 0.000365
2 2 0.000035 0.002451 0.960475 0.036703 0.000335
2 2 0.000080 0.003444 0.969711 0.026420 0.000345
2 2 0.000030 0.002385 0.916822 0.079970 0.000793
2 2 0.000063 0.003114 0.942104 0.054014 0.000705
2 2 0.000024 0.004420 0.971984 0.022457 0.001116
2 2 0.000231 0.006341 0.874634 0.117218 0.001577
2 2 0.000199 0.007028 0.961318 0.030601 0.000855
2 2 0.001017 0.013623 0.967343 0.016628 0.001389
2 2 0.000005 0.001556 0.985423 0.012790 0.000225
2 2 0.000006 0.001224 0.940843 0.057651 0.000276
2 2 0.000002 0.001078 0.967933 0.030758 0.000230
2 2 0.000004 0.000739 0.965491 0.033619 0.000148
2 2 0.000315 0.006571 0.984833 0.007685 0.000596
2 2 0.000159 0.006944 0.982181 0.009538 0.001178
2 2 0.000164 0.011945 0.974661 0.009235 0.003995
2 2 0.000051 0.002870 0.973277 0.022941 0.000860
2 2 0.027280 0.134310 0.804664 0.008092 0.025653
1 2 0.121945 0.456259 0.395662 0.000482 0.025651
2 2 0.008301 0.136142 0.841980 0.001823 0.011754
2 2 0.000364 0.015270 0.977125 0.004578 0.002663
2 2 0.000267 0.009392 0.968986 0.016664 0.004692
2 2 0.000401 0.045052 0.928569 0.008749 0.017229
2 2 0.000297 0.037216 0.813018 0.001362 0.148107
2 2 0.003590 0.085664 0.553511 0.003282 0.353953
2 2 0.000489 0.031197 0.754340 0.001758 0.212215
2 2 0.000109 0.026616 0.897099 0.000653 0.075523
2 2 0.000934 0.030749 0.646825 0.001781 0.319711
4 4 0.003627 0.033460 0.192072 0.001624 0.769217
4 4 0.003953 0.030318 0.178272 0.002348 0.785109
4 4 0.002828 0.036384 0.208206 0.001121 0.751460
4 4 0.004521 0.047631 0.248109 0.001130 0.698609
4 4 0.006401 0.015215 0.056096 0.001577 0.920710
4 4 0.019332 0.023831 0.050140 0.004826 0.901871
4 4 0.010012 0.023853 0.075348 0.001014 0.889773
4 4 0.026583 0.013900 0.020510 0.001022 0.937985
4 4 0.007747 0.029046 0.159955 0.002475 0.800776
4 4 0.012449 0.014469 0.030340 0.002053 0.940688
4 2 0.020016 0.005142 0.005457 0.000544 0.968840
4 2 0.014582 0.004256 0.003150 0.000485 0.977527
4 2 0.014935 0.007341 0.007195 0.001240 0.969290
4 2 0.010683 0.006246 0.007148 0.000557 0.975366
4 2 0.018456 0.003770 0.002179 0.000488 0.975107
4 2 0.041625 0.004785 0.002813 0.000841 0.949937
4 2 0.044749 0.005685 0.002565 0.000902 0.946099
0 1 0.464205 0.103801 0.018068 0.000256 0.413670
4 1 0.025523 0.020991 0.011728 0.000076 0.941682
4 2 0.010700 0.014631 0.018122 0.000263 0.956283
4 2 0.003380 0.017965 0.046288 0.000080 0.932286
4 2 0.003346 0.011579 0.041210 0.000200 0.943664
4 4 0.012496 0.012424 0.018433 0.002933 0.953713
4 4 0.009453 0.031433 0.054879 0.002725 0.901511
4 4 0.007780 0.010761 0.023115 0.000184 0.958160
4 4 0.012297 0.092251 0.128948 0.000877 0.765627
4 4 0.013982 0.040601 0.100616 0.004974 0.839826
4 4 0.011812 0.056196 0.096014 0.000679 0.835299
4 4 0.116935 0.173116 0.101678 0.000179 0.608091
4 4 0.013826 0.074212 0.153859 0.000733 0.757370
4 4 0.001204 0.024743 0.115143 0.000096 0.858815
4 4 0.001590 0.009058 0.039592 0.000037 0.949724
4 4 0.003562 0.015014 0.029949 0.000068 0.951407
4 4 0.005101 0.011619 0.013149 0.000080 0.970052
4 4 0.001538 0.016277 0.057999 0.000028 0.924158
4 4 0.000904 0.048788 0.172412 0.000024 0.777872
4 4 0.001429 0.027200 0.131085 0.000038 0.840248
4 4 0.001405 0.065654 0.152277 0.000039 0.780626
4 1 0.074448 0.188532 0.123424 0.000143 0.613452
4 1 0.003922 0.043016 0.150349 0.000074 0.802639
4 1 0.002903 0.016947 0.012901 0.000036 0.967213
4 4 0.006351 0.004437 0.002814 0.000057 0.986341
4 4 0.012210 0.006405 0.004163 0.000241 0.976980
4 4 0.011745 0.007400 0.003127 0.000143 0.977585
4 4 0.007129 0.010240 0.005681 0.000128 0.976821
4 4 0.008213 0.012675 0.017718 0.000474 0.960919
4 4 0.008692 0.021570 0.031976 0.001452 0.936310
4 4 0.014176 0.058706 0.053983 0.001787 0.871348
4 4 0.003845 0.006399 0.008832 0.000045 0.980879
4 4 0.006336 0.008872 0.010682 0.000100 0.974010
4 4 0.013895 0.024300 0.017206 0.000696 0.943903
4 4 0.005539 0.007481 0.006017 0.000064 0.980900
4 4 0.002146 0.018211 0.062980 0.000136 0.916528
4 4 0.001941 0.009919 0.017867 0.000023 0.970251
4 4 0.011548 0.016959 0.019966 0.000795 0.950733
4 4 0.006484 0.038935 0.035500 0.000593 0.918489
4 4 0.002074 0.022214 0.048855 0.000071 0.926786
4 4 0.004093 0.010569 0.017333 0.000065 0.967939
4 4 0.003339 0.024603 0.059429 0.000240 0.912390
4 4 0.004639 0.031562 0.184274 0.001035 0.778491
4 4 0.009500 0.004038 0.002901 0.000102 0.983459
