4 0 0.368125 0.057889 0.008429 0.000000 0.565558
0 0 0.755535 0.022307 0.002947 0.000005 0.219206
0 0 0.964067 0.009115 0.001119 0.000001 0.025699
0 0 0.960315 0.011042 0.001520 0.000004 0.027119
0 0 0.899072 0.015674 0.002567 0.000009 0.082679
0 0 0.931070 0.032074 0.004966 0.000007 0.031883
0 0 0.930838 0.040778 0.005564 0.000001 0.022818
0 0 0.871690 0.069774 0.011749 0.000013 0.046775
0 0 0.934769 0.040745 0.005763 0.000001 0.018722
0 0 0.932722 0.039127 0.006156 0.000005 0.021990
0 0 0.943859 0.030531 0.004421 0.000002 0.021188
0 1 0.900960 0.062924 0.009523 0.000002 0.026590
0 1 0.904090 0.059834 0.009122 0.000003 0.026952
0 1 0.820259 0.086011 0.013086 0.000005 0.080640
0 1 0.746899 0.129694 0.019971 0.000004 0.103432
0 1 0.821784 0.089209 0.015075 0.000015 0.073917
0 1 0.491719 0.241033 0.056554 0.000010 0.210684
0 1 0.453319 0.306272 0.049297 0.000001 0.191111
0 1 0.391027 0.359311 0.062486 0.000000 0.187176
4 1 0.158544 0.279798 0.089648 0.000004 0.472007
1 1 0.057255 0.401329 0.214354 0.000018 0.327044
1 1 0.047436 0.431028 0.218174 0.000135 0.303227
1 1 0.057502 0.380412 0.271523 0.002090 0.288473
1 1 0.032524 0.373451 0.291241 0.002167 0.300616
1 2 0.019128 0.390720 0.283456 0.005952 0.300744
2 2 0.011020 0.214454 0.543370 0.069801 0.161355
1 2 0.018311 0.421733 0.377588 0.008772 0.173596
2 2 0.010789 0.173665 0.668490 0.024364 0.122692
2 2 0.006259 0.143916 0.721241 0.010695 0.117888
2 2 0.004553 0.143742 0.697586 0.010742 0.143377
2 2 0.003323 0.094525 0.831802 0.020028 0.050322
2 2 0.002861 0.090642 0.842323 0.003065 0.061108
2 2 0.002746 0.060612 0.892167 0.014537 0.029937
2 2 0.003835 0.040397 0.856317 0.023244 0.076207
2 2 0.006532 0.189753 0.687533 0.021971 0.094210
2 2 0.001206 0.043785 0.795351 0.114801 0.044858
2 2 0.000688 0.020004 0.788910 0.163973 0.026426
2 2 0.001331 0.043495 0.855613 0.055984 0.043576
2 2 0.000479 0.014286 0.942120 0.012477 0.030638
2 2 0.000521 0.013482 0.893253 0.078833 0.013910
2 2 0.000474 0.012102 0.754259 0.227975 0.005189
2 3 0.000467 0.008534 0.552196 0.431739 0.007064
2 3 0.000075 0.002163 0.561203 0.435476 0.001082
3 3 0.000998 0.012307 0.391907 0.585478 0.009309
3 3 0.000326 0.002584 0.267686 0.728022 0.001383
3 3 0.000350 0.002995 0.321569 0.674065 0.001021
3 3 0.000080 0.000999 0.263122 0.735341 0.000459
3 3 0.000107 0.000767 0.203895 0.795012 0.000219
3 3 0.000130 0.001149 0.202406 0.795763 0.000552
3 3 0.000133 0.000926 0.155239 0.843293 0.000408
3 3 0.000051 0.000212 0.065836 0.933825 0.000077
3 3 0.000393 0.000676 0.042863 0.955842 0.000225
3 3 0.000036 0.000084 0.029366 0.970488 0.000026
3 3 0.000089 0.000234 0.048829 0.950772 0.000075
3 3 0.000148 0.000241 0.026597 0.972930 0.000083
3 3 0.000237 0.000334 0.024311 0.974996 0.000121
3 3 0.000028 0.000061 0.025338 0.974555 0.000017
3 3 0.000243 0.000482 0.048920 0.950215 0.000140
3 3 0.000169 0.000280 0.030211 0.969251 0.000089
3 3 0.000110 0.000178 0.023850 0.975803 0.000059
3 3 0.000092 0.000169 0.034876 0.964824 0.000039
3 3 0.000156 0.000183 0.015794 0.983802 0.000065
3 3 0.000055 0.000104 0.025052 0.974757 0.000032
3 3 0.000227 0.000280 0.019170 0.980220 0.000102
3 3 0.000180 0.000288 0.028449 0.970988 0.000095
3 3 0.000214 0.000277 0.020371 0.979038 0.000100
3 3 0.001956 0.002355 0.036361 0.958260 0.001067
3 2 0.090911 0.147828 0.262258 0.463841 0.035162
3 2 0.000484 0.003386 0.343290 0.651953 0.000887
3 3 0.000207 0.001175 0.211161 0.787167 0.000290
3 3 0.000095 0.000301 0.089569 0.909973 0.000063
3 3 0.000085 0.000154 0.026501 0.973211 0.000050
3 3 0.000698 0.000850 0.029383 0.968766 0.000303
3 3 0.000096 0.000157 0.026243 0.973460 0.000044
3 3 0.000017 0.000039 0.025432 0.974503 0.000009
3 3 0.000233 0.000395 0.034510 0.964732 0.000130
3 3 0.000212 0.000232 0.015340 0.984131 0.000085
3 3 0.000414 0.000482 0.021131 0.977786 0.000188
3 3 0.000350 0.000425 0.021494 0.977569 0.000162
3 3 0.000123 0.000192 0.024472 0.975153 0.000060
3 3 0.000423 0.000467 0.019483 0.979444 0.000183
3 3 0.000156 0.000195 0.017425 0.982155 0.000069
3 3 0.000074 0.000100 0.015616 0.984177 0.000032
3 3 0.000063 0.000078 0.012692 0.987142 0.000025
3 3 0.000435 0.000412 0.015198 0.983792 0.000164
3 3 0.000033 0.000046 0.012730 0.987177 0.000014
3 3 0.000314 0.000348 0.017771 0.981435 0.000132
3 3 0.000227 0.000251 0.016076 0.983353 0.000093
3 3 0.000162 0.000195 0.016534 0.983040 0.000069
3 3 0.000360 0.000376 0.016863 0.982256 0.000146
3 3 0.000270 0.000314 0.018410 0.980888 0.000117
3 3 0.000072 0.000108 0.018485 0.981300 0.000035
3 3 0.000392 0.000421 0.018196 0.980826 0.000164
3 3 0.001034 0.001046 0.022350 0.975120 0.000450
3 3 0.000322 0.000412 0.022757 0.976353 0.000155
3 3 0.000764 0.000752 0.019412 0.978757 0.000315
3 3 0.000236 0.000253 0.015444 0.983973 0.000094
3 3 0.000093 0.000137 0.019499 0.980226 0.000045
3 3 0.000577 0.000554 0.017035 0.981607 0.000226
3 3 0.000292 0.000357 0.020482 0.978735 0.000134
3 3 0.000398 0.000382 0.015085 0.983986 0.000150
3 3 0.000151 0.000221 0.022516 0.977036 0.000077
3 3 0.000585 0.000562 0.017138 0.981485 0.000230
3 3 0.000235 0.000279 0.018187 0.981197 0.000103
3 3 0.000722 0.000708 0.018913 0.979362 0.000295
3 3 0.000822 0.000815 0.020092 0.977927 0.000344
3 3 0.000438 0.000411 0.015028 0.983958 0.000164
3 3 0.000497 0.000658 0.027689 0.970897 0.000259
3 3 0.040375 0.059711 0.269275 0.621756 0.008882
3 3 0.002076 0.004515 0.124467 0.867635 0.001307
3 3 0.000246 0.000684 0.093312 0.905591 0.000167
3 3 0.001085 0.002754 0.165868 0.829793 0.000501
3 3 0.001443 0.004204 0.241587 0.752108 0.000659
3 3 0.002156 0.004217 0.116692 0.875864 0.001072
3 3 0.000827 0.001769 0.089031 0.907877 0.000495
3 3 0.000584 0.000998 0.055810 0.942333 0.000275
3 3 0.001190 0.002109 0.084610 0.911591 0.000501
3 3 0.001388 0.001959 0.051351 0.944669 0.000633
3 3 0.001838 0.003128 0.090569 0.903690 0.000776
3 3 0.001792 0.002404 0.055527 0.939570 0.000707
3 3 0.001858 0.001982 0.029330 0.965930 0.000901
3 3 0.001129 0.001151 0.023283 0.973937 0.000500
3 3 0.001417 0.001498 0.026549 0.969873 0.000663
3 3 0.001693 0.001791 0.028096 0.967614 0.000807
3 3 0.000951 0.001004 0.025469 0.972199 0.000376
3 3 0.000644 0.000624 0.017925 0.980549 0.000257
3 3 0.001433 0.001592 0.028907 0.967365 0.000703
3 3 0.001998 0.002208 0.031795 0.962991 0.001009
3 3 0.000983 0.001171 0.035735 0.961752 0.000359
3 3 0.002134 0.002306 0.031272 0.963225 0.001062
3 3 0.000246 0.000305 0.019852 0.979485 0.000112
3 3 0.001937 0.002074 0.029902 0.965140 0.000947
3 3 0.001020 0.001031 0.022211 0.975295 0.000443
3 3 0.000967 0.000972 0.021660 0.975985 0.000416
3 3 0.000743 0.000729 0.019157 0.979066 0.000305
3 3 0.000436 0.000558 0.025835 0.972962 0.000208
3 3 0.000871 0.000868 0.020885 0.977014 0.000362
3 3 0.000880 0.000877 0.020730 0.977141 0.000372
3 3 0.000887 0.000885 0.020814 0.977038 0.000376
3 3 0.001939 0.002076 0.029915 0.965122 0.000948
3 3 0.000219 0.000253 0.018172 0.981272 0.000083
3 3 0.000725 0.000711 0.018949 0.979319 0.000296
3 3 0.000342 0.000403 0.020291 0.978811 0.000154
3 3 0.002004 0.002153 0.030379 0.964478 0.000986
3 3 0.001159 0.001184 0.023566 0.973575 0.000516
3 3 0.000699 0.000683 0.018628 0.979705 0.000284
3 3 0.000139 0.000167 0.015724 0.983910 0.000058
3 3 0.001625 0.001713 0.027573 0.968319 0.000769
3 3 0.001514 0.001586 0.026684 0.969508 0.000708
3 3 0.001412 0.001469 0.025833 0.970634 0.000651
3 3 0.002160 0.002336 0.031443 0.962985 0.001077
3 3 0.001855 0.001979 0.029314 0.965952 0.000900
3 3 0.000258 0.000305 0.018726 0.980598 0.000113
3 3 0.000869 0.000866 0.020619 0.977279 0.000367
3 3 0.000814 0.000806 0.020011 0.978030 0.000340
3 3 0.001307 0.001351 0.024924 0.971823 0.000595
3 3 0.000955 0.001076 0.026049 0.971463 0.000456
3 3 0.000974 0.000980 0.021736 0.975891 0.000420
3 3 0.000793 0.000784 0.019757 0.978337 0.000329
3 3 0.001119 0.001140 0.023185 0.974062 0.000495
3 3 0.000539 0.000514 0.016493 0.982246 0.000209
3 3 0.001114 0.001135 0.023139 0.974121 0.000492
3 3 0.000326 0.000356 0.017571 0.981611 0.000136
3 3 0.000371 0.000391 0.017323 0.981764 0.000152
3 3 0.001016 0.001026 0.022170 0.975346 0.000441
3 3 0.000413 0.000384 0.014556 0.984495 0.000152
3 3 0.000507 0.000481 0.016030 0.982788 0.000194
3 3 0.000201 0.000203 0.013329 0.986192 0.000075
3 2 0.039122 0.057334 0.239158 0.654164 0.010222
3 2 0.000181 0.001139 0.160765 0.837416 0.000500
2 2 0.000990 0.021712 0.613063 0.346940 0.017294
2 2 0.000240 0.013917 0.822406 0.151562 0.011876
2 2 0.000387 0.019631 0.780075 0.179157 0.020750
2 2 0.000690 0.031562 0.767797 0.164815 0.035135
2 2 0.000509 0.033815 0.826454 0.099125 0.040096
2 2 0.001356 0.056964 0.778419 0.026936 0.136325
2 2 0.000401 0.066853 0.693318 0.001071 0.238357
2 2 0.000432 0.087772 0.626036 0.003921 0.281839
2 2 0.001036 0.065460 0.629070 0.004911 0.299523
2 2 0.000407 0.054163 0.744632 0.004582 0.196216
2 2 0.000364 0.078880 0.561070 0.001432 0.358253
2 2 0.000357 0.084846 0.469877 0.000746 0.444174
2 2 0.000552 0.104924 0.478319 0.001565 0.414641
2 2 0.000293 0.077032 0.540152 0.000936 0.381587
4 2 0.005548 0.114031 0.321633 0.000881 0.557907
4 2 0.002447 0.138682 0.275446 0.000413 0.583012
4 2 0.000295 0.087301 0.454661 0.000604 0.457139
2 2 0.000299 0.070969 0.555714 0.000796 0.372221
4 2 0.000943 0.128521 0.333648 0.001425 0.535464
4 2 0.000371 0.082153 0.409037 0.000407 0.508031
4 2 0.000562 0.114179 0.326518 0.000652 0.558088
4 2 0.000419 0.076204 0.403281 0.000363 0.519732
4 2 0.000614 0.072133 0.246834 0.000136 0.680283
4 2 0.000441 0.068499 0.372476 0.000271 0.558314
4 2 0.001388 0.107683 0.322431 0.001065 0.567433
2 2 0.000408 0.064502 0.634301 0.001469 0.299319
2 2 0.000379 0.081184 0.615702 0.002471 0.300264
2 2 0.000494 0.092377 0.528612 0.001773 0.376745
2 2 0.000445 0.079868 0.576226 0.001891 0.341570
4 2 0.002023 0.098354 0.441603 0.004249 0.453771
2 2 0.000344 0.067130 0.735073 0.005744 0.191709
4 2 0.018870 0.117322 0.385124 0.001396 0.477288
2 2 0.005637 0.242503 0.551507 0.004974 0.195380
2 2 0.000352 0.057808 0.756637 0.001396 0.183806
2 2 0.000587 0.040691 0.796605 0.000460 0.161657
2 2 0.000057 0.016576 0.954052 0.012766 0.016550
2 2 0.000023 0.004549 0.992306 0.000351 0.002771
2 2 0.000049 0.007422 0.972932 0.014073 0.005525
2 2 0.000095 0.014582 0.944580 0.029522 0.011220
2 2 0.036677 0.231950 0.651416 0.051053 0.028904
2 2 0.000018 0.007572 0.988343 0.002099 0.001968
2 2 0.000527 0.024568 0.966984 0.001111 0.006809
2 2 0.003137 0.100061 0.830413 0.034534 0.031855
2 2 0.003507 0.101703 0.827609 0.035861 0.031320
2 2 0.000018 0.002344 0.996791 0.000102 0.000744
2 2 0.000031 0.001707 0.977496 0.020681 0.000085
2 2 0.000002 0.000285 0.994348 0.005357 0.000009
2 2 0.000010 0.000939 0.994444 0.004585 0.000022
2 2 0.000008 0.000458 0.911012 0.088478 0.000044
2 2 0.000007 0.000550 0.962168 0.037233 0.000042
2 2 0.000094 0.003540 0.865551 0.130063 0.000752
2 2 0.000035 0.001203 0.922050 0.076627 0.000086
2 2 0.000007 0.000756 0.974506 0.024662 0.000070
2 2 0.000112 0.003868 0.932408 0.063209 0.000404
2 2 0.000006 0.000579 0.963889 0.035479 0.000046
2 2 0.000069 0.002479 0.929871 0.067356 0.000224
2 2 0.000258 0.004713 0.828351 0.166097 0.000580
2 2 0.000800 0.014097 0.806188 0.175742 0.003174
2 2 0.000237 0.006094 0.820999 0.171363 0.001307
2 2 0.000520 0.006523 0.832553 0.159847 0.000557
2 2 0.000066 0.002261 0.847843 0.149445 0.000384
2 2 0.000774 0.009912 0.770636 0.217211 0.001466
2 2 0.000921 0.010485 0.659731 0.326541 0.002321
2 2 0.000201 0.003016 0.559711 0.436268 0.000804
2 2 0.001338 0.009729 0.539492 0.447495 0.001946
3 2 0.001905 0.018798 0.484150 0.486381 0.008766
2 2 0.002763 0.029255 0.717855 0.243200 0.006926
3 2 0.001212 0.008685 0.435989 0.551769 0.002346
2 2 0.005878 0.015439 0.528531 0.443049 0.007103
2 1 0.347475 0.113114 0.412211 0.100214 0.026986
2 2 0.005072 0.062657 0.763575 0.151008 0.017687
2 2 0.000129 0.008268 0.815742 0.168522 0.007340
2 2 0.000003 0.000277 0.722585 0.277005 0.000131
2 2 0.000009 0.000860 0.784451 0.214194 0.000486
2 2 0.000009 0.001072 0.858157 0.140161 0.000602
2 2 0.000056 0.003194 0.842429 0.152999 0.001323
2 2 0.000311 0.006070 0.556402 0.434002 0.003215
2 2 0.000134 0.003716 0.535052 0.458460 0.002638
3 2 0.000428 0.005197 0.338878 0.652152 0.003346
3 2 0.000065 0.000990 0.399301 0.599353 0.000291
3 2 0.000265 0.005072 0.481119 0.510209 0.003335
3 2 0.000014 0.000569 0.482370 0.516711 0.000336
2 2 0.000004 0.000270 0.577386 0.422216 0.000124
3 2 0.000036 0.000686 0.309606 0.689316 0.000355
3 2 0.000084 0.000899 0.221731 0.776881 0.000405
3 2 0.000223 0.002672 0.333711 0.662074 0.001321
3 2 0.000043 0.001168 0.380854 0.617133 0.000802
3 2 0.000075 0.000704 0.230170 0.768651 0.000401
3 2 0.000793 0.006492 0.266165 0.722449 0.004101
3 2 0.000293 0.001476 0.120985 0.876509 0.000736
3 3 0.000064 0.000537 0.142933 0.856213 0.000253
3 3 0.000064 0.000772 0.226608 0.772177 0.000378
3 3 0.000130 0.000685 0.106885 0.891997 0.000303
3 3 0.000084 0.001159 0.301733 0.696506 0.000518
3 3 0.000599 0.001771 0.075500 0.921254 0.000876
3 3 0.000167 0.000636 0.071878 0.927033 0.000286
3 3 0.000415 0.001078 0.072605 0.925517 0.000385
3 3 0.000218 0.001353 0.148143 0.849623 0.000663
3 3 0.001442 0.002204 0.041183 0.954090 0.001081
3 3 0.000983 0.001724 0.049254 0.947276 0.000764
3 3 0.003111 0.011107 0.137538 0.840905 0.007338
3 3 0.001235 0.005211 0.135811 0.854627 0.003116
3 3 0.000857 0.001960 0.060590 0.935632 0.000961
3 3 0.003264 0.009681 0.114424 0.866548 0.006083
3 3 0.001447 0.003037 0.067251 0.926838 0.001427
3 3 0.001576 0.002357 0.038740 0.956114 0.001213
3 3 0.001181 0.001340 0.028194 0.968705 0.000580
3 3 0.002030 0.002183 0.030557 0.964229 0.001001
3 3 0.000543 0.000701 0.027296 0.971182 0.000278
3 3 0.001180 0.001208 0.023766 0.973320 0.000527
3 3 0.000700 0.000779 0.023151 0.975048 0.000321
3 3 0.001982 0.002127 0.030220 0.964699 0.000973
3 3 0.000354 0.000363 0.016923 0.982227 0.000133
3 3 0.002264 0.002476 0.032499 0.961614 0.001146
3 3 0.000737 0.000788 0.022017 0.976132 0.000327
3 3 0.001489 0.001627 0.028452 0.967709 0.000722
3 3 0.000768 0.001092 0.036343 0.961363 0.000434
3 3 0.002304 0.002548 0.033282 0.960684 0.001181
3 3 0.002433 0.002660 0.033219 0.960447 0.001241
3 3 0.001292 0.001333 0.024787 0.972001 0.000586
3 3 0.000746 0.000733 0.019202 0.979012 0.000306
3 3 0.000326 0.000397 0.021095 0.978032 0.000150
3 3 0.001516 0.001587 0.026696 0.969492 0.000708
3 3 0.001392 0.001475 0.026484 0.969997 0.000652
3 3 0.001169 0.001195 0.023659 0.973456 0.000521
3 3 0.000414 0.000385 0.014574 0.984475 0.000153
3 3 0.000579 0.000567 0.017654 0.980969 0.000231
3 3 0.003736 0.004248 0.040431 0.949523 0.002062
3 3 0.000857 0.000859 0.020765 0.977155 0.000364
3 3 0.002549 0.002798 0.033933 0.959410 0.001310
3 3 0.000965 0.000970 0.021645 0.976004 0.000415
3 3 0.001845 0.001967 0.029237 0.966057 0.000894
3 3 0.000898 0.000897 0.020929 0.976895 0.000381
3 3 0.001948 0.002087 0.029982 0.965029 0.000953
3 3 0.000981 0.000988 0.021814 0.975793 0.000424
3 3 0.001606 0.001691 0.027423 0.968521 0.000759
3 3 0.002595 0.002914 0.035419 0.957708 0.001365
3 3 0.001117 0.001138 0.023167 0.974085 0.000494
3 3 0.001430 0.001489 0.025981 0.970439 0.000661
3 3 0.001266 0.001305 0.024557 0.972300 0.000573
3 3 0.002993 0.003334 0.036532 0.955555 0.001585
3 3 0.001931 0.002125 0.030706 0.964258 0.000981
3 3 0.002013 0.002163 0.030437 0.964396 0.000991
3 3 0.011374 0.014393 0.078128 0.889996 0.006110
2 2 0.113942 0.197981 0.418882 0.250330 0.018864
2 2 0.008041 0.046172 0.672017 0.265680 0.008091
3 2 0.000304 0.002513 0.420302 0.576369 0.000512
2 2 0.000017 0.000527 0.806960 0.192446 0.000051
3 2 0.000022 0.000382 0.368133 0.631365 0.000098
3 2 0.000049 0.000554 0.470349 0.528986 0.000063
2 2 0.000567 0.007642 0.635397 0.351480 0.004914
2 2 0.000820 0.011526 0.659373 0.325016 0.003265
2 2 0.000787 0.015491 0.691842 0.284846 0.007034
2 4 0.000555 0.055026 0.846720 0.035588 0.062111
2 4 0.000184 0.021511 0.941949 0.023997 0.012360
4 4 0.000686 0.097584 0.427003 0.000877 0.473851
4 4 0.000936 0.079844 0.393655 0.000635 0.524931
2 4 0.000734 0.077241 0.612002 0.002824 0.307199
2 4 0.000750 0.066083 0.578374 0.002523 0.352269
2 4 0.001002 0.077278 0.494806 0.001146 0.425767
4 4 0.000526 0.075243 0.333458 0.000293 0.590479
4 4 0.003480 0.047288 0.360387 0.000396 0.588448
4 4 0.000703 0.076792 0.338181 0.000312 0.584011
4 4 0.000965 0.093642 0.209889 0.000273 0.695230
4 4 0.003898 0.070757 0.234570 0.000670 0.690105
4 4 0.002763 0.039767 0.064776 0.000007 0.892687
4 4 0.093579 0.224505 0.044306 0.000033 0.637578
4 4 0.001428 0.042881 0.089991 0.000015 0.865685
4 4 0.001148 0.051495 0.099383 0.000025 0.847949
4 4 0.004847 0.064685 0.032183 0.000071 0.898214
4 4 0.002176 0.060055 0.189092 0.000159 0.748518
4 4 0.000659 0.062796 0.247501 0.000093 0.688950
4 4 0.000524 0.064578 0.218341 0.000063 0.716495
4 4 0.001258 0.092468 0.265046 0.000625 0.640603
4 4 0.001569 0.066651 0.301089 0.000505 0.630186
4 4 0.007888 0.072937 0.170981 0.001250 0.746944
4 4 0.002788 0.079516 0.107141 0.000028 0.810527
4 4 0.001176 0.085764 0.211874 0.000254 0.700931
4 4 0.000909 0.068686 0.184958 0.000071 0.745375
4 4 0.001596 0.053209 0.156687 0.000040 0.788468
4 1 0.003983 0.109856 0.324606 0.001035 0.560520
4 1 0.002201 0.130701 0.348779 0.000208 0.518111
4 1 0.000648 0.085401 0.396043 0.000456 0.517452
2 1 0.000490 0.076088 0.497198 0.000732 0.425492
4 1 0.001487 0.110395 0.324024 0.000179 0.563915
4 1 0.001208 0.069215 0.138248 0.000071 0.791258
4 1 0.000816 0.066957 0.213633 0.000097 0.718497
4 1 0.008281 0.128412 0.225678 0.000423 0.637206
4 1 0.160670 0.334502 0.119175 0.000562 0.385091
4 1 0.000989 0.078154 0.149997 0.000078 0.770781
4 1 0.002223 0.127449 0.421986 0.005998 0.442345
4 2 0.000585 0.105338 0.326064 0.000518 0.567496
4 2 0.001088 0.105685 0.316520 0.000713 0.575993
4 2 0.000859 0.079942 0.360096 0.000131 0.558972
2 2 0.001102 0.105520 0.609993 0.001316 0.282069
2 2 0.001080 0.097579 0.748757 0.011266 0.141318
2 2 0.000264 0.065468 0.781346 0.014574 0.138348
2 2 0.000631 0.040456 0.872951 0.008167 0.077795
2 2 0.000079 0.019181 0.933022 0.000336 0.047382
2 2 0.024408 0.137501 0.689242 0.009243 0.139606
2 2 0.000028 0.014237 0.956815 0.008977 0.019943
2 2 0.000038 0.008598 0.978840 0.000667 0.011856
2 2 0.000017 0.003722 0.988514 0.000365 0.007382
2 2 0.000086 0.012808 0.978665 0.000796 0.007645
2 2 0.000081 0.012640 0.963624 0.007579 0.016075
2 2 0.000136 0.020630 0.918988 0.036708 0.023539
2 2 0.000012 0.002876 0.992345 0.002954 0.001813
2 2 0.000095 0.022557 0.947096 0.011574 0.018678
2 2 0.000007 0.004313 0.992502 0.001449 0.001729
2 2 0.000025 0.007718 0.979485 0.008844 0.003928
2 2 0.000352 0.055829 0.799486 0.005983 0.138351
2 2 0.019908 0.108830 0.614901 0.004164 0.252198
2 1 0.048135 0.316965 0.535009 0.006201 0.093690
1 1 0.167489 0.389300 0.306204 0.000918 0.136089
2 2 0.001125 0.061871 0.831050 0.010589 0.095365
2 2 0.001586 0.077028 0.894441 0.012202 0.014743
2 2 0.000044 0.003802 0.989629 0.000674 0.005851
2 2 0.000011 0.002271 0.995188 0.000233 0.002299
2 2 0.000008 0.004251 0.986474 0.004165 0.005102
2 2 0.000011 0.004594 0.990726 0.001370 0.003299
2 2 0.000672 0.016119 0.788659 0.000064 0.194485
2 2 0.008907 0.026695 0.694309 0.000217 0.269872
0 0 0.558124 0.163077 0.158655 0.003540 0.116604
0 0 0.801101 0.133756 0.023911 0.000013 0.041220
1 1 0.278961 0.345486 0.082794 0.000002 0.292758
2 1 0.061985 0.399563 0.424330 0.012313 0.101809
1 1 0.036938 0.510696 0.366064 0.002314 0.083989
1 1 0.018068 0.432376 0.402221 0.000384 0.146951
2 1 0.020399 0.293335 0.525313 0.005357 0.155597
2 2 0.002718 0.180104 0.698176 0.006253 0.112750
4 1 0.102219 0.275028 0.118148 0.000068 0.504537
0 1 0.627963 0.218025 0.040937 0.000028 0.113047
0 1 0.508188 0.256170 0.086483 0.000020 0.149139
4 1 0.233798 0.332464 0.086015 0.000112 0.347610
4 1 0.124745 0.249469 0.114344 0.000005 0.511437
1 1 0.016896 0.408311 0.322678 0.002802 0.249314
1 1 0.025076 0.474171 0.274152 0.001487 0.225115
2 2 0.003228 0.195376 0.522047 0.006798 0.272551
2 2 0.001217 0.128307 0.748863 0.008824 0.112790
2 2 0.004113 0.156188 0.677729 0.002049 0.159922
2 2 0.000222 0.027505 0.949845 0.012263 0.010166
2 2 0.005425 0.135713 0.816074 0.019123 0.023665
2 2 0.000179 0.036142 0.943839 0.005086 0.014755
2 2 0.000043 0.012250 0.976508 0.006145 0.005053
2 2 0.000035 0.008113 0.989847 0.000155 0.001850
2 2 0.000160 0.006860 0.989811 0.002081 0.001088
2 2 0.000087 0.015093 0.975171 0.006016 0.003634
2 2 0.000005 0.005688 0.992826 0.000412 0.001068
2 2 0.000133 0.020333 0.974723 0.001803 0.003009
2 2 0.000005 0.002360 0.995984 0.001125 0.000526
2 2 0.000081 0.024736 0.968671 0.001553 0.004959
2 2 0.001258 0.044983 0.902134 0.040543 0.011080
2 2 0.000510 0.038100 0.922790 0.023646 0.014954
2 2 0.000745 0.025587 0.936777 0.033242 0.003649
2 2 0.000581 0.037620 0.927972 0.022146 0.011682
2 2 0.002199 0.055431 0.838718 0.083946 0.019706
2 2 0.000092 0.008550 0.972769 0.017131 0.001458
2 2 0.000200 0.016952 0.967031 0.013033 0.002785
2 2 0.001331 0.032073 0.910018 0.051785 0.004793
2 2 0.001519 0.034506 0.809827 0.140991 0.013157
2 2 0.002798 0.034302 0.842103 0.115920 0.004877
2 2 0.000132 0.005856 0.957508 0.035931 0.000574
2 2 0.001811 0.024532 0.848567 0.121473 0.003617
2 2 0.001160 0.020125 0.851609 0.123755 0.003351
2 2 0.000691 0.008166 0.773670 0.216498 0.000975
2 2 0.000948 0.019262 0.887613 0.089147 0.003031
2 2 0.003615 0.035653 0.732437 0.220863 0.007433
2 2 0.001684 0.034815 0.901477 0.057057 0.004968
2 2 0.000719 0.017094 0.859279 0.119016 0.003891
2 2 0.004274 0.032977 0.684770 0.271634 0.006346
2 2 0.001401 0.030669 0.906512 0.056988 0.004430
2 2 0.002106 0.033136 0.864782 0.095233 0.004743
2 2 0.000295 0.017730 0.937408 0.039322 0.005245
2 2 0.001798 0.024386 0.768255 0.200273 0.005288
2 2 0.001333 0.045203 0.909158 0.035095 0.009210
2 2 0.002629 0.031710 0.799924 0.160091 0.005645
2 2 0.002417 0.025158 0.780493 0.188194 0.003737
2 2 0.001699 0.028849 0.848106 0.115621 0.005726
2 2 0.001585 0.015330 0.629584 0.349832 0.003668
2 2 0.001168 0.009947 0.657432 0.330076 0.001377
2 2 0.002763 0.018882 0.733556 0.242744 0.002054
2 2 0.002415 0.022226 0.703618 0.267481 0.004260
2 2 0.002101 0.015677 0.534528 0.443532 0.004161
2 2 0.003507 0.028845 0.676060 0.285463 0.006125
2 2 0.000693 0.007424 0.689060 0.301831 0.000991
2 2 0.005996 0.061127 0.593255 0.309748 0.029873
3 2 0.000759 0.005504 0.485084 0.507462 0.001191
2 0 0.268191 0.207264 0.342204 0.140815 0.041526
2 1 0.010518 0.126466 0.689162 0.127567 0.046287
2 2 0.000185 0.006987 0.946590 0.044511 0.001727
2 2 0.000872 0.025003 0.867859 0.098884 0.007382
2 2 0.002953 0.044810 0.830752 0.112051 0.009434
2 2 0.000409 0.022834 0.961916 0.012358 0.002484
2 2 0.000269 0.010557 0.922642 0.064453 0.002080
2 2 0.000480 0.013141 0.854984 0.128099 0.003297
2 2 0.000711 0.036756 0.928601 0.024523 0.009410
2 2 0.000790 0.015313 0.802899 0.177449 0.003549
2 2 0.002150 0.037130 0.847622 0.105254 0.007843
2 2 0.001042 0.022855 0.921618 0.051859 0.002626
0 0 0.517499 0.122431 0.303744 0.037093 0.019233
0 0 0.938569 0.029401 0.004829 0.000013 0.027187
0 0 0.979731 0.005287 0.000674 0.000002 0.014306
0 0 0.972036 0.006450 0.000872 0.000004 0.020638
0 0 0.978842 0.008597 0.001168 0.000002 0.011391
0 0 0.983887 0.005899 0.000745 0.000001 0.009469
0 0 0.960832 0.023055 0.003700 0.000006 0.012406
0 0 0.970532 0.019310 0.002901 0.000002 0.007255
0 0 0.968572 0.020566 0.003136 0.000003 0.007723
0 0 0.972071 0.017446 0.002593 0.000002 0.007888
0 0 0.965122 0.018460 0.002873 0.000006 0.013539
0 0 0.895547 0.048430 0.022904 0.000551 0.032567
0 0 0.893378 0.064748 0.011746 0.000024 0.030104
0 0 0.605870 0.215023 0.025293 0.000000 0.153813
4 1 0.148331 0.266712 0.056035 0.000000 0.528922
4 1 0.268197 0.222862 0.037381 0.000000 0.471560
4 1 0.076409 0.335239 0.186827 0.000104 0.401421
1 1 0.278582 0.525945 0.100476 0.000003 0.094994
1 1 0.139783 0.549179 0.133869 0.000007 0.177162
1 1 0.177316 0.470791 0.153507 0.000005 0.198381
1 1 0.123270 0.542716 0.163679 0.000001 0.170335
1 1 0.013079 0.532189 0.373454 0.000016 0.081262
2 1 0.005243 0.339060 0.516404 0.000055 0.139238
2 2 0.005580 0.281481 0.568212 0.007557 0.137169
2 2 0.001615 0.168346 0.706468 0.006769 0.116803
2 2 0.008025 0.304009 0.504868 0.011378 0.171719
2 2 0.000516 0.039459 0.932018 0.015320 0.012686
2 2 0.000038 0.009907 0.970881 0.013157 0.006017
2 2 0.000184 0.023072 0.958732 0.010711 0.007300
2 2 0.000093 0.017132 0.973531 0.004971 0.004273
2 2 0.000070 0.011640 0.977514 0.007914 0.002862
2 2 0.000033 0.006460 0.989083 0.003631 0.000794
2 2 0.000002 0.000658 0.989485 0.009757 0.000097
2 2 0.000049 0.004827 0.981409 0.013111 0.000604
2 2 0.000071 0.007771 0.984019 0.007305 0.000835
2 2 0.000000 0.000213 0.997919 0.001848 0.000020
2 2 0.000000 0.000112 0.997419 0.002462 0.000007
2 2 0.000001 0.000493 0.995537 0.003923 0.000045
2 2 0.000001 0.000564 0.998166 0.001245 0.000025
2 2 0.000045 0.006099 0.983243 0.009626 0.000987
2 2 0.000100 0.008252 0.983484 0.007486 0.000677
2 2 0.000001 0.000221 0.994513 0.005255 0.000010
2 2 0.000000 0.000046 0.995028 0.004925 0.000001
2 2 0.000000 0.000103 0.993285 0.006607 0.000004
2 2 0.000003 0.000550 0.990286 0.009120 0.000040
2 2 0.000000 0.000087 0.992419 0.007491 0.000002
2 2 0.000004 0.000611 0.989456 0.009890 0.000039
2 2 0.000001 0.000324 0.997453 0.002213 0.000009
2 2 0.000000 0.000156 0.995648 0.004188 0.000006
2 2 0.000006 0.000530 0.982822 0.016616 0.000026
2 2 0.000012 0.000872 0.988093 0.010996 0.000026
2 2 0.000030 0.005881 0.990332 0.001771 0.001987
2 2 0.000056 0.004118 0.994024 0.000518 0.001284
2 2 0.017756 0.047218 0.885115 0.033164 0.016747
2 1 0.076323 0.280706 0.621099 0.009646 0.012225
2 2 0.000949 0.068492 0.896899 0.011864 0.021796
2 2 0.000144 0.011960 0.981353 0.004156 0.002387
2 2 0.000086 0.008218 0.983828 0.005520 0.002348
2 2 0.006123 0.045695 0.894714 0.029865 0.023602
2 2 0.003925 0.154601 0.817479 0.005092 0.018903
2 2 0.000472 0.026728 0.946096 0.021255 0.005449
2 2 0.000008 0.003005 0.995679 0.001107 0.000200
2 2 0.000009 0.001750 0.982676 0.015241 0.000324
2 2 0.000000 0.000498 0.998921 0.000516 0.000065
2 2 0.000024 0.002426 0.974792 0.022401 0.000357
2 2 0.000627 0.044141 0.944480 0.005406 0.005347
2 2 0.000003 0.001853 0.997176 0.000797 0.000171
2 2 0.000009 0.001468 0.968766 0.029431 0.000326
2 2 0.000005 0.003223 0.995915 0.000561 0.000296
2 2 0.000013 0.001133 0.959467 0.039255 0.000131
2 2 0.000003 0.000564 0.981027 0.018336 0.000069
2 2 0.000003 0.001320 0.996716 0.001850 0.000112
2 2 0.000032 0.003453 0.985744 0.010459 0.000312
2 2 0.000010 0.001871 0.993562 0.004429 0.000128
2 2 0.000012 0.002387 0.990078 0.007223 0.000301
2 2 0.000012 0.003786 0.992675 0.003009 0.000517
2 2 0.000003 0.000432 0.987296 0.012243 0.000027
2 2 0.000004 0.000349 0.982571 0.017064 0.000012
2 2 0.000019 0.003687 0.984612 0.010875 0.000807
2 2 0.000101 0.004030 0.969302 0.026332 0.000236
2 2 0.000006 0.001400 0.992224 0.006228 0.000142
2 2 0.000069 0.005087 0.956977 0.036911 0.000956
2 2 0.000082 0.005262 0.981128 0.013171 0.000357
2 2 0.000006 0.000920 0.991300 0.007716 0.000058
2 2 0.000003 0.001189 0.996208 0.002493 0.000107
2 2 0.000022 0.001755 0.980105 0.018000 0.000119
2 2 0.000015 0.000914 0.930436 0.068536 0.000098
2 2 0.000009 0.000706 0.961000 0.038225 0.000060
2 2 0.000043 0.002397 0.956152 0.041168 0.000241
2 2 0.000041 0.002063 0.877897 0.119560 0.000438
2 2 0.000294 0.005681 0.905496 0.088092 0.000438
2 2 0.000638 0.009871 0.708519 0.278359 0.002614
2 2 0.000839 0.007622 0.547771 0.442082 0.001686
3 2 0.002482 0.018392 0.472426 0.500225 0.006474
2 2 0.000386 0.007725 0.825707 0.164912 0.001270
2 3 0.000070 0.001276 0.587139 0.411267 0.000247
2 3 0.000243 0.003313 0.539366 0.456208 0.000869
2 3 0.003428 0.021738 0.547340 0.422312 0.005182
3 3 0.001698 0.009276 0.274746 0.710215 0.004065
3 3 0.001524 0.009026 0.388832 0.598138 0.002480
2 3 0.001738 0.012440 0.592635 0.391103 0.002085
3 3 0.001310 0.008268 0.364114 0.623732 0.002576
3 3 0.001541 0.008230 0.296977 0.690433 0.002819
3 3 0.004150 0.016093 0.274365 0.699614 0.005778
3 3 0.007377 0.028544 0.354754 0.600225 0.009100
3 3 0.001678 0.006448 0.280941 0.709432 0.001501
3 3 0.006194 0.017977 0.226019 0.743648 0.006163
3 3 0.002730 0.008370 0.283408 0.703954 0.001538
3 3 0.002096 0.009391 0.381383 0.605325 0.001806
3 3 0.002730 0.007657 0.239934 0.748090 0.001589
3 3 0.000888 0.001729 0.064242 0.932474 0.000666
3 3 0.003645 0.011284 0.231884 0.749969 0.003218
3 3 0.012735 0.028697 0.179134 0.766369 0.013065
3 3 0.005747 0.013343 0.155580 0.820288 0.005042
3 3 0.006383 0.011026 0.086928 0.889893 0.005770
3 3 0.012876 0.017534 0.077692 0.882354 0.009544
3 3 0.009966 0.017975 0.110115 0.852451 0.009493
3 3 0.005838 0.020375 0.335729 0.632944 0.005113
3 3 0.010295 0.026881 0.244500 0.709557 0.008766
3 3 0.007856 0.013871 0.127562 0.845792 0.004919
3 3 0.006455 0.009858 0.086928 0.892686 0.004073
3 3 0.001852 0.003166 0.070562 0.923245 0.001176
3 3 0.007295 0.021299 0.291875 0.673700 0.005831
3 3 0.001104 0.001787 0.050569 0.945818 0.000722
3 3 0.008547 0.018858 0.217870 0.749841 0.004884
3 3 0.005842 0.013954 0.242968 0.734298 0.002937
3 3 0.004051 0.005805 0.060274 0.927074 0.002796
3 3 0.001799 0.003352 0.087926 0.905853 0.001070
3 3 0.004864 0.008423 0.090036 0.892874 0.003803
3 3 0.003255 0.005140 0.074191 0.915406 0.002009
3 3 0.005097 0.007796 0.069597 0.913597 0.003911
3 3 0.012881 0.051164 0.370665 0.509094 0.056196
2 2 0.079164 0.160737 0.676271 0.050152 0.033675
2 2 0.286847 0.309175 0.314973 0.020718 0.068287
2 2 0.008576 0.180082 0.664966 0.055001 0.091375
2 2 0.000109 0.018723 0.967615 0.007594 0.005959
2 2 0.008384 0.216177 0.454912 0.028319 0.292208
2 4 0.009133 0.180423 0.418992 0.002308 0.389145
4 4 0.000934 0.146524 0.335552 0.001551 0.515439
4 4 0.002832 0.218703 0.360637 0.011491 0.406337
4 4 0.011938 0.197853 0.373658 0.001563 0.414988
4 4 0.002762 0.133019 0.178360 0.000072 0.685788
4 4 0.069970 0.187801 0.053893 0.000146 0.688190
4 4 0.001372 0.128446 0.201971 0.000072 0.668139
4 4 0.005059 0.118587 0.152714 0.000613 0.723028
4 4 0.005479 0.198874 0.221059 0.000259 0.574329
4 4 0.010187 0.089657 0.060995 0.000008 0.839152
4 4 0.043172 0.071365 0.022372 0.000184 0.862907
4 4 0.047750 0.093140 0.031768 0.000066 0.827276
4 4 0.053629 0.045340 0.013824 0.000049 0.887157
4 4 0.069907 0.077554 0.031917 0.000037 0.820586
4 4 0.003982 0.190531 0.267885 0.000823 0.536779
4 4 0.003695 0.207330 0.288418 0.000032 0.500526
4 4 0.003357 0.126306 0.176450 0.000835 0.693051
4 4 0.001546 0.167562 0.314656 0.001176 0.515060
4 4 0.029061 0.181106 0.147616 0.000126 0.642090
4 4 0.017112 0.170413 0.132667 0.000077 0.679731
4 4 0.000682 0.058925 0.164177 0.000039 0.776177
4 4 0.001389 0.054649 0.105696 0.000033 0.838234
4 4 0.002637 0.044872 0.120926 0.000107 0.831459
4 4 0.004832 0.097342 0.151375 0.000001 0.746450
4 4 0.021000 0.040805 0.016635 0.000026 0.921535
4 4 0.044100 0.044072 0.010469 0.000057 0.901302
4 4 0.001854 0.026605 0.028367 0.000003 0.943172
4 4 0.002885 0.024781 0.026462 0.000001 0.945871
4 4 0.012689 0.034707 0.022105 0.000013 0.930486
4 4 0.042093 0.103671 0.090717 0.000021 0.763498
4 4 0.005218 0.055527 0.049189 0.000045 0.890021
4 4 0.045962 0.080039 0.023324 0.000272 0.850403
4 4 0.017771 0.074156 0.048618 0.000228 0.859226
4 4 0.002029 0.045016 0.065904 0.000018 0.887032
4 4 0.008527 0.056714 0.060134 0.000055 0.874570
4 4 0.038857 0.248358 0.155142 0.000059 0.557584
4 4 0.005699 0.105988 0.098283 0.000006 0.790024
4 4 0.002006 0.159711 0.172978 0.001314 0.663991
4 4 0.005142 0.077990 0.067727 0.000099 0.849043
4 4 0.007508 0.083851 0.103955 0.000292 0.804393
4 4 0.004060 0.125931 0.122528 0.000662 0.746819
4 4 0.055388 0.258418 0.109590 0.000204 0.576400
4 4 0.012738 0.197138 0.132352 0.000775 0.656998
4 4 0.006587 0.172470 0.174294 0.000183 0.646466
4 4 0.028310 0.037517 0.010456 0.000022 0.923694
4 4 0.014967 0.070651 0.027856 0.000011 0.886515
4 4 0.039090 0.052724 0.010533 0.000071 0.897583
4 4 0.015067 0.054320 0.014515 0.000057 0.916041
4 4 0.021167 0.062619 0.015907 0.000021 0.900285
4 4 0.014910 0.070655 0.028499 0.000063 0.885874
4 4 0.023934 0.052422 0.021170 0.000057 0.902417
4 4 0.017357 0.066081 0.039525 0.000128 0.876909
4 4 0.005073 0.095094 0.076446 0.000045 0.823342
4 4 0.006834 0.072391 0.050313 0.000111 0.870350
4 4 0.057099 0.230623 0.133204 0.000159 0.578915
4 1 0.015156 0.157841 0.149537 0.000002 0.677463
4 4 0.000870 0.073416 0.158741 0.000082 0.766891
4 4 0.002263 0.116442 0.191493 0.000250 0.689552
4 4 0.004533 0.076405 0.070363 0.000121 0.848579
4 4 0.003523 0.039314 0.047171 0.000015 0.909977
4 4 0.005198 0.048344 0.048823 0.000022 0.897613
4 4 0.001751 0.049051 0.102360 0.000014 0.846824
4 4 0.002534 0.048011 0.048595 0.000024 0.900837
4 4 0.002574 0.060782 0.091221 0.000028 0.845395
4 4 0.003956 0.131993 0.147033 0.000305 0.716713
4 4 0.001300 0.088376 0.192650 0.000104 0.717570
4 4 0.002159 0.088950 0.157757 0.000009 0.751124
4 4 0.001074 0.100069 0.180035 0.000102 0.718719
4 4 0.005977 0.166033 0.297555 0.000156 0.530279
4 4 0.000772 0.113171 0.204775 0.000288 0.680994
4 4 0.001152 0.115634 0.178417 0.000411 0.704386
4 4 0.001285 0.101960 0.200179 0.000078 0.696498
4 4 0.007118 0.160137 0.170897 0.000366 0.661483
4 1 0.234924 0.273632 0.165625 0.000432 0.325386
2 1 0.001156 0.208380 0.449519 0.000800 0.340145
2 1 0.004459 0.235284 0.439580 0.001063 0.319614
2 1 0.005585 0.261765 0.393248 0.001087 0.338315
2 4 0.001662 0.225852 0.471830 0.002114 0.298542
2 4 0.004591 0.242237 0.424314 0.000390 0.328468
4 4 0.003691 0.124662 0.190442 0.000886 0.680319
4 4 0.004647 0.201714 0.296472 0.000471 0.496695
4 4 0.005500 0.115721 0.154346 0.000555 0.723878
4 4 0.004216 0.200357 0.306650 0.000355 0.488422
4 4 0.026090 0.244496 0.301067 0.000302 0.428046
4 4 0.000928 0.176345 0.403444 0.000932 0.418350
2 4 0.001351 0.192792 0.403617 0.000854 0.401387
4 4 0.004034 0.169251 0.264438 0.001307 0.560970
4 4 0.003378 0.202571 0.351917 0.000253 0.441881
4 4 0.001728 0.191989 0.391804 0.000630 0.413848
2 4 0.001921 0.221624 0.453650 0.001551 0.321255
4 4 0.003092 0.189297 0.344945 0.000328 0.462338
4 4 0.001220 0.189672 0.376162 0.000461 0.432485
2 4 0.002156 0.201406 0.413182 0.000682 0.382573
4 4 0.003899 0.195997 0.304949 0.000523 0.494631
4 4 0.003769 0.147919 0.207636 0.000756 0.639920
2 4 0.003655 0.220573 0.407366 0.001251 0.367155
4 4 0.003730 0.226788 0.343081 0.000214 0.426187
2 4 0.002292 0.202807 0.397222 0.000602 0.397077
4 4 0.003509 0.208880 0.363298 0.000111 0.424202
4 4 0.004167 0.086035 0.086643 0.000177 0.822977
4 4 0.063180 0.058900 0.016038 0.000117 0.861764
4 4 0.016444 0.082641 0.064661 0.000129 0.836125
4 4 0.015175 0.073359 0.052737 0.000144 0.858585
4 4 0.009435 0.055411 0.039222 0.000052 0.895880
4 4 0.028343 0.042298 0.013656 0.000032 0.915671
4 4 0.027938 0.023847 0.007028 0.000006 0.941182
0 4 0.506569 0.082195 0.027060 0.000036 0.384140
4 4 0.077342 0.107699 0.037416 0.000008 0.777535
4 4 0.004757 0.050672 0.047722 0.000002 0.896847
4 4 0.002683 0.120058 0.160096 0.000039 0.717124
4 4 0.006402 0.130082 0.164695 0.000185 0.698635
4 4 0.011122 0.256164 0.210284 0.000264 0.522166
4 4 0.003078 0.122390 0.144251 0.000105 0.730177
4 4 0.003133 0.197188 0.214443 0.000208 0.585029
4 4 0.002380 0.141124 0.405338 0.003349 0.447809
2 4 0.008624 0.265526 0.386829 0.000074 0.338947
2 4 0.001052 0.185174 0.415861 0.001926 0.395987
4 4 0.001728 0.187967 0.375613 0.001766 0.432926
4 4 0.000822 0.191803 0.390299 0.002581 0.414494
4 4 0.000758 0.181037 0.408284 0.001140 0.408781
2 4 0.001245 0.206624 0.427016 0.002787 0.362328
2 4 0.001153 0.211295 0.400996 0.001131 0.385425
2 2 0.002933 0.219178 0.423775 0.002509 0.351604
4 2 0.000891 0.179055 0.373694 0.003666 0.442695
2 2 0.001028 0.198791 0.421968 0.003202 0.375012
4 2 0.004711 0.183102 0.382485 0.001881 0.427821
4 2 0.001628 0.203804 0.312026 0.005431 0.477111
2 2 0.003161 0.149880 0.537674 0.045960 0.263325
2 2 0.008124 0.145297 0.469090 0.029733 0.347756
2 2 0.001471 0.123038 0.704173 0.023615 0.147702
2 2 0.000137 0.029041 0.947112 0.002072 0.021638
2 2 0.000391 0.051219 0.891891 0.017527 0.038972
2 2 0.001313 0.196421 0.621274 0.003726 0.177267
2 2 0.000916 0.113583 0.734063 0.014015 0.137423
2 2 0.001510 0.140588 0.755488 0.009216 0.093197
2 2 0.000627 0.074436 0.838965 0.018291 0.067681
2 2 0.000062 0.022458 0.961520 0.003007 0.012953
2 2 0.001154 0.072420 0.853055 0.030498 0.042873
2 2 0.000234 0.039798 0.922479 0.011199 0.026291
2 2 0.002492 0.106730 0.705246 0.068631 0.116901
2 2 0.000312 0.039200 0.929169 0.012757 0.018562
2 2 0.000324 0.055919 0.890410 0.009797 0.043549
2 2 0.000496 0.060499 0.901125 0.006738 0.031142
2 2 0.000141 0.023535 0.946681 0.015215 0.014429
2 2 0.000218 0.027112 0.935785 0.020802 0.016083
2 2 0.000002 0.000439 0.998474 0.001003 0.000082
2 2 0.000016 0.004619 0.987396 0.006725 0.001244
2 2 0.000898 0.039323 0.896829 0.048109 0.014840
2 2 0.000004 0.000841 0.990047 0.008923 0.000184
2 2 0.000246 0.045864 0.889696 0.007757 0.056438
2 2 0.000266 0.052704 0.868802 0.010854 0.067374
2 2 0.000547 0.037436 0.940580 0.003307 0.018131
0 1 0.601164 0.103519 0.235374 0.025378 0.034564
2 2 0.010569 0.355337 0.527079 0.005049 0.101967
2 2 0.000970 0.123169 0.808980 0.004728 0.062153
2 2 0.070392 0.088280 0.783937 0.003655 0.053736
2 2 0.004222 0.255907 0.672572 0.003165 0.064134
2 2 0.000256 0.020593 0.965914 0.000003 0.013233
2 2 0.000106 0.025402 0.963113 0.000880 0.010499
2 2 0.000029 0.012408 0.985522 0.000613 0.001428
2 2 0.000135 0.014362 0.968480 0.013573 0.003450
2 2 0.000032 0.006354 0.984950 0.007327 0.001337
2 2 0.000038 0.009935 0.988234 0.000677 0.001116
2 2 0.000090 0.011073 0.983314 0.004094 0.001429
2 2 0.000016 0.010696 0.987088 0.000390 0.001810
2 2 0.000148 0.014439 0.973700 0.009243 0.002470
2 2 0.000022 0.008295 0.990530 0.000157 0.000996
2 2 0.000215 0.017452 0.961795 0.016704 0.003835
2 2 0.000164 0.009976 0.971728 0.016231 0.001901
2 2 0.000157 0.015071 0.971760 0.010516 0.002496
2 2 0.002316 0.086785 0.876393 0.016604 0.017901
2 2 0.000278 0.010612 0.986190 0.001996 0.000923
2 2 0.001263 0.020691 0.778250 0.194101 0.005695
2 2 0.000485 0.021909 0.950726 0.023668 0.003212
2 2 0.000657 0.013352 0.898097 0.086175 0.001720
2 2 0.000103 0.004212 0.958299 0.037041 0.000344
2 2 0.001303 0.020371 0.816931 0.157151 0.004243
2 2 0.000282 0.009646 0.930889 0.057790 0.001393
2 2 0.001429 0.016102 0.935527 0.045541 0.001401
2 2 0.000694 0.014598 0.906188 0.076191 0.002329
2 2 0.001709 0.025029 0.792432 0.174632 0.006198
2 2 0.000555 0.017646 0.902669 0.075016 0.004114
2 2 0.000007 0.000622 0.907929 0.091317 0.000125
2 2 0.000765 0.012716 0.788990 0.192607 0.004921
2 2 0.000313 0.007057 0.875509 0.116108 0.001013
2 2 0.000245 0.011009 0.954969 0.032241 0.001536
2 2 0.001956 0.022483 0.785695 0.185970 0.003895
2 2 0.002134 0.021330 0.670699 0.300362 0.005475
2 2 0.002416 0.014517 0.519094 0.460922 0.003051
2 2 0.001606 0.015620 0.633573 0.345165 0.004037
2 2 0.000377 0.011032 0.859570 0.126098 0.002924
2 2 0.004686 0.028456 0.553816 0.405802 0.007241
2 2 0.001203 0.011752 0.603031 0.380995 0.003019
2 2 0.001144 0.010945 0.632432 0.353221 0.002258
2 2 0.001625 0.018712 0.721646 0.253515 0.004501
2 2 0.001189 0.013159 0.657416 0.324817 0.003419
2 2 0.000685 0.009765 0.653711 0.332867 0.002972
3 2 0.001006 0.005039 0.224162 0.767630 0.002164
3 2 0.000208 0.001636 0.424012 0.573908 0.000236
2 2 0.000794 0.006279 0.557869 0.433479 0.001579
3 2 0.002729 0.018209 0.327808 0.640094 0.011160
3 3 0.001828 0.008913 0.224736 0.759772 0.004751
3 3 0.005575 0.020374 0.242704 0.721205 0.010141
3 3 0.005406 0.023000 0.325300 0.637689 0.008605
2 3 0.002543 0.034114 0.798809 0.156369 0.008165
2 2 0.000026 0.000941 0.798011 0.200871 0.000151
2 2 0.000235 0.004479 0.758452 0.235602 0.001231
3 2 0.000773 0.006655 0.420615 0.569699 0.002258
3 2 0.002374 0.013876 0.444337 0.535657 0.003756
2 2 0.002693 0.022250 0.582163 0.386308 0.006586
