0 0 0.488545 0.108826 0.259308 0.141335 0.001987
0 0 0.489387 0.097617 0.257664 0.153684 0.001648
0 0 0.487080 0.097887 0.257664 0.155721 0.001649
0 0 0.487552 0.098447 0.257339 0.155003 0.001660
0 0 0.480703 0.099264 0.259966 0.158408 0.001659
0 0 0.825769 0.082651 0.067561 0.008462 0.015557
0 0 0.822152 0.084457 0.069135 0.008482 0.015774
0 0 0.490237 0.202030 0.111409 0.011503 0.184821
1 1 0.071003 0.474154 0.278170 0.004949 0.171724
1 1 0.206433 0.374977 0.109678 0.000354 0.308558
4 1 0.018578 0.173764 0.016826 0.000000 0.790832
4 1 0.011269 0.205854 0.021939 0.000000 0.760939
4 1 0.012752 0.268837 0.034936 0.000000 0.683475
4 1 0.015378 0.144771 0.016783 0.000000 0.823068
4 1 0.012778 0.275284 0.036260 0.000000 0.675679
4 1 0.086555 0.272881 0.050590 0.000016 0.589957
4 4 0.077504 0.205983 0.042130 0.000039 0.674345
4 4 0.171977 0.144097 0.015974 0.000002 0.667950
0 4 0.535650 0.033509 0.002428 0.000000 0.428413
0 0 0.526942 0.130842 0.025131 0.000043 0.317042
0 0 0.934005 0.032258 0.014348 0.000515 0.018873
0 0 0.872337 0.045669 0.014300 0.000317 0.067378
0 0 0.734704 0.095528 0.024178 0.000259 0.145331
0 0 0.853885 0.083751 0.014978 0.000010 0.047376
0 0 0.924237 0.043879 0.007155 0.000005 0.024724
1 0 0.231008 0.502475 0.053658 0.000000 0.212860
1 0 0.150267 0.524064 0.097668 0.000009 0.227993
1 0 0.214047 0.554350 0.095020 0.000005 0.136578
1 0 0.082944 0.540116 0.178505 0.000150 0.198285
1 0 0.049296 0.495911 0.214661 0.000573 0.239559
2 1 0.002458 0.280902 0.681769 0.004150 0.030721
2 1 0.002265 0.237814 0.734389 0.002033 0.023499
2 1 0.001890 0.181483 0.788297 0.002853 0.025477
2 1 0.002148 0.165301 0.820248 0.000314 0.011990
2 2 0.003999 0.141507 0.829326 0.000671 0.024498
2 2 0.006863 0.063091 0.927414 0.001188 0.001444
2 2 0.003992 0.054522 0.939482 0.000473 0.001530
2 2 0.008289 0.060159 0.928256 0.001588 0.001707
2 2 0.005859 0.068986 0.922275 0.000578 0.002301
2 2 0.006690 0.041312 0.948514 0.002298 0.001186
2 2 0.001356 0.065522 0.930449 0.000045 0.002628
2 2 0.001016 0.084249 0.910180 0.000046 0.004509
2 2 0.003013 0.075233 0.917933 0.000507 0.003314
2 2 0.000794 0.062792 0.932850 0.000129 0.003436
2 2 0.000599 0.040290 0.956840 0.000058 0.002212
2 2 0.000499 0.022052 0.976528 0.000437 0.000485
2 2 0.000336 0.017109 0.982154 0.000093 0.000309
2 2 0.000219 0.011100 0.986547 0.001824 0.000310
2 2 0.000319 0.017950 0.981272 0.000095 0.000364
2 2 0.000058 0.017590 0.980641 0.000239 0.001471
2 2 0.002106 0.019274 0.972151 0.006031 0.000438
2 2 0.002583 0.031192 0.963481 0.002195 0.000550
2 2 0.034889 0.098587 0.846978 0.018769 0.000778
2 2 0.000316 0.024153 0.969511 0.004599 0.001421
2 2 0.015706 0.048084 0.933568 0.002047 0.000596
2 2 0.000038 0.027806 0.971342 0.000005 0.000809
2 2 0.000225 0.020589 0.978880 0.000044 0.000262
2 2 0.000008 0.007298 0.992308 0.000051 0.000335
2 2 0.000012 0.002994 0.996452 0.000488 0.000053
2 2 0.000100 0.011387 0.988275 0.000096 0.000143
2 2 0.000023 0.000572 0.980549 0.018853 0.000003
2 2 0.000100 0.001177 0.970249 0.028466 0.000007
2 2 0.000057 0.001888 0.975374 0.022665 0.000017
2 2 0.000020 0.000725 0.961568 0.037681 0.000006
2 2 0.000024 0.000613 0.962464 0.036894 0.000005
2 2 0.000022 0.002829 0.979165 0.017814 0.000170
2 2 0.006137 0.030700 0.935865 0.026922 0.000376
2 2 0.000249 0.016363 0.978913 0.003785 0.000691
2 2 0.000425 0.008346 0.987629 0.003511 0.000089
2 2 0.000469 0.010175 0.988042 0.001127 0.000188
2 2 0.003107 0.017685 0.968280 0.010797 0.000131
2 2 0.008476 0.020413 0.962630 0.008351 0.000131
2 2 0.003563 0.012163 0.977051 0.007136 0.000086
2 2 0.003592 0.019945 0.972378 0.003934 0.000150
2 2 0.105371 0.212499 0.675798 0.005358 0.000973
2 0 0.077047 0.194633 0.718864 0.003365 0.006091
2 2 0.011440 0.166958 0.808540 0.000453 0.012609
2 2 0.004029 0.055998 0.937472 0.000496 0.002005
2 2 0.005235 0.190372 0.794023 0.000065 0.010306
2 2 0.000804 0.078172 0.915551 0.000077 0.005396
2 2 0.000697 0.045023 0.951531 0.000242 0.002506
2 2 0.000388 0.029637 0.968717 0.000133 0.001126
2 2 0.003044 0.039218 0.956386 0.000559 0.000793
2 0 0.024361 0.211935 0.759400 0.000392 0.003912
2 0 0.016968 0.279761 0.696574 0.000397 0.006299
2 0 0.047462 0.285331 0.576887 0.001734 0.088586
2 0 0.068845 0.410086 0.416498 0.000374 0.104197
1 0 0.181933 0.417842 0.159357 0.000682 0.240186
1 1 0.079919 0.480002 0.324925 0.002136 0.113018
1 1 0.216790 0.533401 0.151980 0.000106 0.097723
1 0 0.361694 0.408072 0.129971 0.000182 0.100081
1 1 0.043909 0.583586 0.295711 0.000504 0.076290
1 1 0.022536 0.454931 0.415891 0.014512 0.092129
2 1 0.011538 0.338086 0.554154 0.018072 0.078150
1 1 0.074762 0.533595 0.324991 0.000330 0.066323
0 0 0.697937 0.211216 0.047523 0.000024 0.043301
0 0 0.574115 0.289803 0.061135 0.000026 0.074922
0 0 0.945671 0.029688 0.007052 0.000017 0.017572
0 0 0.609668 0.279508 0.037085 0.000001 0.073738
1 0 0.090894 0.539199 0.235954 0.000747 0.133206
0 0 0.757066 0.179528 0.015153 0.000000 0.048254
0 0 0.987979 0.005510 0.000619 0.000000 0.005892
0 0 0.953488 0.017768 0.001752 0.000000 0.026992
0 0 0.914888 0.057314 0.003962 0.000000 0.023836
0 0 0.900877 0.071430 0.008111 0.000000 0.019582
0 0 0.374129 0.367281 0.026670 0.000000 0.231919
1 0 0.304904 0.427884 0.045570 0.000001 0.221641
1 0 0.271019 0.451830 0.072272 0.000007 0.204871
0 0 0.351033 0.339674 0.036280 0.000001 0.273012
0 0 0.426172 0.390947 0.065053 0.000005 0.117822
4 0 0.019572 0.394839 0.026387 0.000000 0.559202
4 0 0.010105 0.304342 0.036193 0.000000 0.649360
4 1 0.011861 0.361874 0.053739 0.000000 0.572527
4 1 0.006747 0.270609 0.023200 0.000000 0.699444
4 1 0.010456 0.395011 0.057675 0.000000 0.536857
4 1 0.005431 0.045068 0.002066 0.000000 0.947435
4 4 0.007210 0.050535 0.002831 0.000000 0.939424
4 4 0.003315 0.028657 0.000890 0.000000 0.967139
4 4 0.005871 0.024997 0.001088 0.000000 0.968045
4 4 0.005583 0.004574 0.000149 0.000000 0.989693
4 4 0.023730 0.056898 0.006998 0.000002 0.912372
4 4 0.028610 0.022514 0.002652 0.000003 0.946222
4 4 0.031781 0.026470 0.003430 0.000006 0.938313
4 4 0.034702 0.028120 0.001787 0.000000 0.935391
0 4 0.555877 0.039099 0.000638 0.000000 0.404386
0 0 0.922868 0.039572 0.003097 0.000000 0.034464
0 0 0.989847 0.002480 0.000155 0.000000 0.007518
0 0 0.996318 0.001101 0.000065 0.000000 0.002516
0 0 0.990815 0.001637 0.000111 0.000000 0.007437
0 0 0.952559 0.020484 0.001194 0.000000 0.025763
1 0 0.059681 0.575813 0.050439 0.000000 0.314066
1 0 0.052776 0.558380 0.049499 0.000000 0.339345
1 0 0.028719 0.503454 0.132707 0.000002 0.335118
4 0 0.054041 0.365891 0.020943 0.000000 0.559125
1 0 0.043186 0.486672 0.054282 0.000000 0.415860
1 0 0.010703 0.621515 0.117059 0.000000 0.250723
1 0 0.007079 0.620581 0.148337 0.000001 0.224003
1 1 0.006676 0.540803 0.083135 0.000000 0.369386
1 1 0.006719 0.492372 0.066136 0.000000 0.434774
1 1 0.008912 0.575788 0.130900 0.000001 0.284399
1 1 0.005850 0.577389 0.183785 0.000002 0.232975
1 1 0.004365 0.459092 0.201675 0.000001 0.334866
1 1 0.008164 0.530307 0.092237 0.000000 0.369292
1 1 0.006806 0.587859 0.109943 0.000000 0.295391
1 1 0.007780 0.533187 0.150398 0.000002 0.308633
1 1 0.006830 0.511227 0.073139 0.000000 0.408804
1 1 0.006875 0.583172 0.107715 0.000000 0.302238
1 1 0.009612 0.556520 0.139256 0.000002 0.294610
1 1 0.009297 0.531598 0.123059 0.000001 0.336045
1 1 0.006120 0.495453 0.154520 0.000001 0.343905
1 1 0.007142 0.520639 0.186420 0.000003 0.285797
1 1 0.004380 0.427118 0.353807 0.000025 0.214670
1 1 0.007331 0.485742 0.264799 0.000021 0.242107
1 1 0.004767 0.440681 0.355444 0.000032 0.199076
2 1 0.003587 0.373823 0.428074 0.000031 0.194485
1 1 0.006554 0.520694 0.292431 0.000025 0.180295
1 1 0.007373 0.452725 0.309019 0.000052 0.230832
1 2 0.007207 0.485819 0.328811 0.000067 0.178097
1 2 0.005231 0.445292 0.392752 0.000082 0.156643
2 2 0.006792 0.391114 0.464777 0.000474 0.136843
1 0 0.202321 0.572929 0.075392 0.000001 0.149357
0 0 0.614575 0.241099 0.075296 0.000094 0.068936
1 0 0.240043 0.509694 0.047357 0.000000 0.202905
1 0 0.038271 0.512977 0.227870 0.000460 0.220423
1 0 0.036204 0.515848 0.288797 0.001463 0.157687
0 0 0.960287 0.021194 0.001848 0.000000 0.016670
0 0 0.976253 0.004412 0.000373 0.000000 0.018962
0 0 0.964884 0.006124 0.000558 0.000000 0.028433
0 0 0.686287 0.214151 0.022052 0.000001 0.077509
0 0 0.465698 0.344676 0.072262 0.000031 0.117335
1 0 0.036588 0.486840 0.405346 0.000542 0.070684
1 0 0.019372 0.461741 0.434191 0.012051 0.072644
2 1 0.012564 0.346320 0.513797 0.012134 0.115184
2 1 0.021751 0.413708 0.499690 0.002312 0.062539
0 0 0.621899 0.242549 0.049497 0.000012 0.086042
1 0 0.039353 0.638230 0.287246 0.000108 0.035063
2 0 0.005787 0.348058 0.570066 0.003371 0.072717
2 1 0.007241 0.355046 0.562507 0.006271 0.068936
2 1 0.002925 0.108058 0.842922 0.000456 0.045639
2 1 0.002235 0.165895 0.787020 0.001697 0.043153
0 0 0.832705 0.115412 0.017535 0.000002 0.034345
0 0 0.947147 0.011445 0.001836 0.000004 0.039569
0 0 0.975348 0.008529 0.001603 0.000005 0.014515
1 0 0.216018 0.477841 0.148575 0.000243 0.157323
1 0 0.137435 0.500343 0.208369 0.001006 0.152848
2 1 0.045044 0.392316 0.439665 0.004759 0.118216
2 2 0.026714 0.252183 0.604827 0.001405 0.114871
0 0 0.652309 0.209594 0.069452 0.000192 0.068452
0 0 0.833382 0.087974 0.017672 0.000010 0.060962
1 0 0.180691 0.504886 0.136447 0.000100 0.177875
0 0 0.936191 0.031116 0.002960 0.000000 0.029734
0 0 0.982880 0.004119 0.000183 0.000000 0.012817
0 0 0.940841 0.021742 0.001052 0.000000 0.036365
0 0 0.981258 0.003509 0.000252 0.000000 0.014981
0 0 0.987222 0.003447 0.000313 0.000000 0.009018
1 0 0.022043 0.482028 0.440098 0.001463 0.054368
2 0 0.006467 0.386559 0.556879 0.005988 0.044107
2 1 0.005585 0.312407 0.619479 0.010127 0.052402
2 2 0.004273 0.177773 0.773669 0.003056 0.041229
2 2 0.008024 0.176274 0.785978 0.000023 0.029701
0 2 0.919031 0.039570 0.005260 0.000001 0.036137
0 0 0.970195 0.006632 0.000798 0.000000 0.022374
0 0 0.942473 0.004995 0.000296 0.000000 0.052236
1 0 0.252034 0.408024 0.081308 0.000034 0.258600
1 2 0.070898 0.402590 0.186489 0.002100 0.337923
1 2 0.235996 0.276669 0.231717 0.004531 0.251087
0 0 0.992159 0.003035 0.000351 0.000000 0.004456
0 0 0.987821 0.002573 0.000214 0.000000 0.009392
0 0 0.945675 0.023224 0.004036 0.000010 0.027055
0 0 0.976507 0.007634 0.000936 0.000001 0.014922
1 0 0.014461 0.505217 0.452511 0.000063 0.027747
2 0 0.011658 0.345548 0.602519 0.000803 0.039472
2 2 0.001750 0.097808 0.875116 0.002190 0.023136
2 2 0.001558 0.148014 0.827876 0.000927 0.021625
2 2 0.010042 0.185460 0.766723 0.000057 0.037717
2 2 0.000150 0.036380 0.961516 0.000014 0.001940
2 2 0.000066 0.024831 0.973513 0.000020 0.001570
2 2 0.000220 0.046310 0.950939 0.000006 0.002525
2 2 0.000015 0.010082 0.988975 0.000010 0.000918
2 2 0.000085 0.016750 0.982008 0.000130 0.001026
2 2 0.000047 0.021317 0.976086 0.000035 0.002514
2 2 0.000071 0.029230 0.967820 0.000090 0.002788
2 2 0.000018 0.014577 0.982385 0.000275 0.002745
2 2 0.000053 0.019936 0.977429 0.000254 0.002327
2 2 0.000017 0.018323 0.980282 0.000027 0.001351
2 2 0.000020 0.015430 0.981836 0.000194 0.002520
2 2 0.000023 0.023896 0.974275 0.000026 0.001780
2 2 0.000094 0.019525 0.978639 0.000225 0.001517
2 2 0.000044 0.021935 0.975720 0.000054 0.002247
2 2 0.000106 0.032567 0.964309 0.000035 0.002982
2 2 0.000012 0.002748 0.995804 0.001234 0.000202
2 2 0.000409 0.002914 0.989600 0.007054 0.000023
2 2 0.000015 0.002169 0.984760 0.012926 0.000130
2 2 0.000037 0.001310 0.994534 0.004094 0.000026
2 2 0.000019 0.001695 0.970218 0.027969 0.000099
2 2 0.001813 0.018203 0.928571 0.049321 0.002092
2 2 0.000849 0.012162 0.965305 0.020467 0.001218
2 2 0.022650 0.053837 0.847386 0.073255 0.002873
2 2 0.100075 0.167030 0.593201 0.132015 0.007679
2 2 0.043160 0.107690 0.681403 0.156765 0.010981
0 0 0.972301 0.011000 0.004219 0.000173 0.012308
2 0 0.099132 0.270314 0.551071 0.028314 0.051169
2 0 0.260799 0.250929 0.386739 0.064464 0.037069
0 0 0.834639 0.102774 0.042880 0.000846 0.018861
0 0 0.986636 0.006964 0.002838 0.000123 0.003439
1 0 0.120696 0.495862 0.282191 0.003859 0.097391
2 2 0.027553 0.217817 0.677712 0.010034 0.066885
1 2 0.337885 0.369881 0.230345 0.004976 0.056912
0 0 0.959329 0.015427 0.006439 0.000370 0.018434
0 0 0.907476 0.048008 0.021151 0.000523 0.022841
2 0 0.000086 0.094203 0.900801 0.000286 0.004624
2 2 0.000618 0.096973 0.893950 0.000293 0.008167
2 2 0.000045 0.045543 0.950068 0.000336 0.004008
2 2 0.000184 0.032192 0.965214 0.000024 0.002386
2 2 0.000288 0.058377 0.937717 0.000008 0.003610
2 2 0.000118 0.003400 0.996361 0.000112 0.000009
2 2 0.000014 0.001361 0.997943 0.000675 0.000007
2 2 0.000006 0.000512 0.998132 0.001348 0.000002
2 2 0.000002 0.000389 0.998975 0.000631 0.000002
2 2 0.000017 0.001955 0.997789 0.000230 0.000009
2 2 0.008543 0.032046 0.942687 0.013498 0.003226
2 2 0.008717 0.038546 0.933424 0.014247 0.005066
2 2 0.005778 0.042964 0.935505 0.011011 0.004743
2 2 0.105047 0.316320 0.506620 0.056016 0.015997
0 0 0.569443 0.178243 0.203963 0.032381 0.015970
0 0 0.894176 0.041497 0.014661 0.000350 0.049316
1 0 0.168216 0.449222 0.213017 0.002309 0.167235
2 2 0.024135 0.144333 0.731090 0.014018 0.086424
2 2 0.176791 0.319520 0.440550 0.009544 0.053595
0 2 0.963460 0.020650 0.007982 0.000089 0.007819
0 0 0.995886 0.001405 0.000119 0.000000 0.002591
0 0 0.995779 0.001681 0.000174 0.000000 0.002365
0 0 0.997219 0.000990 0.000083 0.000000 0.001709
0 0 0.996800 0.001286 0.000105 0.000000 0.001809
0 0 0.993549 0.002146 0.000170 0.000000 0.004134
0 0 0.906317 0.030670 0.007628 0.000053 0.055333
0 0 0.731055 0.127418 0.056911 0.001613 0.083003
1 1 0.063837 0.451245 0.226614 0.002285 0.256020
1 2 0.059494 0.457812 0.298671 0.002876 0.181148
2 2 0.016526 0.194880 0.537907 0.006902 0.243785
2 2 0.066591 0.219969 0.587565 0.058308 0.067567
0 0 0.548413 0.241408 0.142329 0.002847 0.065003
1 0 0.084287 0.466678 0.354075 0.002906 0.092054
2 2 0.024444 0.342047 0.491643 0.009747 0.132119
2 2 0.008946 0.118967 0.794345 0.000774 0.076968
2 2 0.002337 0.182022 0.592454 0.000649 0.222538
1 2 0.010390 0.395518 0.269567 0.000092 0.324433
4 2 0.018139 0.385420 0.150650 0.000044 0.445748
4 4 0.022211 0.396821 0.101419 0.000016 0.479533
4 4 0.020515 0.375576 0.085311 0.000008 0.518590
4 4 0.012477 0.085075 0.007518 0.000000 0.894930
4 4 0.020019 0.025782 0.002464 0.000001 0.951735
4 4 0.021130 0.048253 0.005332 0.000001 0.925284
4 4 0.019663 0.040943 0.004190 0.000001 0.935204
4 4 0.017893 0.113018 0.013498 0.000000 0.855591
4 4 0.023095 0.046499 0.004342 0.000000 0.926063
4 4 0.021495 0.006505 0.000259 0.000000 0.971741
4 4 0.006626 0.001818 0.000050 0.000000 0.991506
4 4 0.039763 0.011120 0.000504 0.000000 0.948613
4 4 0.280474 0.012112 0.000273 0.000000 0.707141
4 4 0.012155 0.006051 0.000332 0.000000 0.981462
4 4 0.071417 0.021587 0.000687 0.000000 0.906308
4 4 0.020511 0.011879 0.000718 0.000000 0.966892
4 4 0.022555 0.015645 0.001490 0.000001 0.960309
4 4 0.009464 0.004197 0.000188 0.000000 0.986151
4 4 0.014424 0.007932 0.000511 0.000000 0.977134
4 4 0.022802 0.060649 0.007362 0.000001 0.909185
4 4 0.008736 0.005796 0.000259 0.000000 0.985208
4 4 0.019177 0.048841 0.005081 0.000000 0.926901
4 4 0.020722 0.013748 0.001215 0.000001 0.964315
4 4 0.033018 0.083066 0.013759 0.000010 0.870147
4 4 0.036946 0.084707 0.015191 0.000019 0.863137
4 4 0.026147 0.202714 0.037584 0.000006 0.733549
4 4 0.021061 0.255467 0.080071 0.000023 0.643379
4 4 0.028317 0.337968 0.089134 0.000033 0.544548
1 4 0.004220 0.423623 0.418413 0.000068 0.153676
1 4 0.003230 0.436310 0.341120 0.000008 0.219332
1 2 0.002661 0.452130 0.420370 0.000018 0.124821
2 2 0.003948 0.376068 0.438135 0.000081 0.181767
2 2 0.004754 0.418714 0.423557 0.000106 0.152869
2 2 0.002333 0.338473 0.512693 0.000062 0.146441
2 2 0.002413 0.380187 0.460000 0.000026 0.157372
1 2 0.002930 0.446180 0.438573 0.000035 0.112281
2 2 0.000988 0.310894 0.574635 0.000014 0.113469
1 2 0.004927 0.543001 0.310700 0.000016 0.141356
1 2 0.032181 0.524850 0.192496 0.000108 0.250364
1 2 0.028111 0.449297 0.237019 0.000832 0.284741
1 2 0.023061 0.454907 0.299710 0.001452 0.220871
1 0 0.085191 0.462545 0.117730 0.000050 0.334485
1 0 0.058074 0.626338 0.168379 0.000019 0.147190
1 0 0.085940 0.411545 0.153875 0.000661 0.347979
0 0 0.651388 0.143347 0.033974 0.000080 0.171211
0 0 0.703794 0.090773 0.018509 0.000052 0.186872
4 0 0.275506 0.291729 0.040345 0.000007 0.392414
4 1 0.104496 0.354362 0.121956 0.000650 0.418537
0 0 0.629741 0.146839 0.030352 0.000030 0.193038
1 0 0.022760 0.508489 0.267670 0.000699 0.200383
1 1 0.019068 0.430874 0.325073 0.001333 0.223652
1 1 0.025738 0.489269 0.309057 0.002400 0.173537
2 1 0.005704 0.253272 0.571410 0.003373 0.166240
2 1 0.000073 0.085639 0.908367 0.000478 0.005443
2 1 0.000052 0.076385 0.916899 0.000217 0.006447
2 2 0.000144 0.057656 0.935253 0.000025 0.006921
2 2 0.000320 0.076187 0.908241 0.000005 0.015248
2 2 0.000043 0.051488 0.940658 0.000049 0.007762
2 2 0.000015 0.019376 0.979033 0.000018 0.001558
2 2 0.000032 0.019687 0.977726 0.000040 0.002514
2 2 0.000002 0.009200 0.989270 0.000194 0.001333
2 2 0.000021 0.017551 0.981201 0.000011 0.001216
2 2 0.000008 0.018207 0.980554 0.000049 0.001182
2 2 0.000002 0.001520 0.997701 0.000688 0.000089
2 2 0.000097 0.005421 0.994340 0.000101 0.000042
2 2 0.000008 0.001881 0.997594 0.000444 0.000074
2 2 0.000001 0.001418 0.998414 0.000041 0.000127
2 2 0.000008 0.001961 0.996053 0.001876 0.000102
2 2 0.000031 0.002638 0.989037 0.008223 0.000071
2 2 0.000005 0.000700 0.975475 0.023787 0.000034
2 2 0.000003 0.000534 0.991518 0.007926 0.000020
2 2 0.000003 0.001483 0.978057 0.020243 0.000214
2 2 0.000023 0.002443 0.993632 0.003773 0.000130
2 2 0.000018 0.000849 0.934254 0.064832 0.000047
2 2 0.000022 0.001858 0.893000 0.104883 0.000237
2 2 0.000048 0.001454 0.917594 0.080850 0.000054
2 2 0.000021 0.001095 0.889453 0.109357 0.000075
2 2 0.000008 0.000481 0.806989 0.192466 0.000056
3 2 0.000219 0.002172 0.456591 0.540388 0.000630
3 2 0.000303 0.002580 0.300738 0.695332 0.001047
3 3 0.000298 0.002291 0.480991 0.515614 0.000806
3 3 0.000222 0.001812 0.185378 0.811652 0.000936
3 3 0.000081 0.000683 0.123801 0.875063 0.000371
3 3 0.000026 0.000247 0.087626 0.911981 0.000120
3 3 0.000051 0.000415 0.074319 0.924996 0.000219
3 3 0.000090 0.000347 0.055567 0.943896 0.000101
3 3 0.000074 0.000384 0.071129 0.928276 0.000137
3 3 0.000055 0.000366 0.072591 0.926830 0.000159
3 3 0.000005 0.000026 0.014705 0.985258 0.000006
3 3 0.000039 0.000180 0.031477 0.968245 0.000059
3 3 0.000019 0.000064 0.017506 0.982398 0.000014
3 3 0.000032 0.000095 0.016818 0.983034 0.000021
3 3 0.000021 0.000078 0.023616 0.976266 0.000018
3 3 0.000040 0.000120 0.018910 0.980903 0.000028
3 3 0.000018 0.000086 0.023499 0.976373 0.000025
3 3 0.000027 0.000106 0.022107 0.977731 0.000028
3 3 0.000013 0.000037 0.010886 0.989057 0.000007
3 3 0.000050 0.000133 0.017907 0.981880 0.000029
3 3 0.000041 0.000094 0.013740 0.986108 0.000018
3 3 0.000006 0.000014 0.006542 0.993436 0.000002
3 3 0.000009 0.000027 0.009851 0.990107 0.000005
3 3 0.000005 0.000021 0.011478 0.988492 0.000004
3 3 0.000007 0.000024 0.010915 0.989050 0.000005
3 3 0.000116 0.000192 0.014565 0.985093 0.000034
3 3 0.000010 0.000018 0.005643 0.994326 0.000002
3 3 0.000076 0.000150 0.014950 0.984796 0.000028
3 3 0.000198 0.000093 0.006164 0.993540 0.000006
3 3 0.000150 0.000105 0.005935 0.993799 0.000010
2 3 0.000022 0.001288 0.872256 0.126287 0.000147
2 3 0.000009 0.000568 0.932945 0.066439 0.000039
2 2 0.000035 0.001499 0.913189 0.085204 0.000073
2 2 0.000047 0.001294 0.953217 0.045365 0.000077
2 2 0.000121 0.003984 0.977747 0.017905 0.000243
2 2 0.002312 0.015456 0.838742 0.140114 0.003375
2 2 0.045015 0.048345 0.534095 0.371086 0.001459
2 0 0.048768 0.058232 0.543240 0.347708 0.002052
2 0 0.289171 0.156641 0.427201 0.121401 0.005585
2 2 0.017694 0.069018 0.867516 0.040394 0.005380
2 2 0.001122 0.015573 0.979878 0.003192 0.000234
2 2 0.000149 0.008012 0.990611 0.000954 0.000273
2 2 0.000098 0.003069 0.994942 0.001840 0.000051
2 2 0.000806 0.016546 0.982153 0.000265 0.000229
2 2 0.000172 0.008603 0.990751 0.000232 0.000242
2 2 0.001898 0.048016 0.941524 0.004791 0.003770
2 2 0.085375 0.300948 0.577227 0.028516 0.007934
2 2 0.024309 0.124318 0.837398 0.008982 0.004994
2 2 0.003582 0.051644 0.939318 0.002095 0.003361
2 2 0.001121 0.016956 0.972764 0.007712 0.001447
2 2 0.002215 0.017620 0.976597 0.003291 0.000277
2 2 0.000477 0.014406 0.983438 0.001222 0.000456
2 2 0.000180 0.008139 0.985332 0.006069 0.000280
2 2 0.000036 0.023227 0.971655 0.000583 0.004499
2 2 0.000131 0.063566 0.921436 0.002888 0.011978
4 2 0.013101 0.364336 0.215148 0.000083 0.407332
1 2 0.013251 0.423274 0.232625 0.000084 0.330766
4 2 0.013979 0.343000 0.228498 0.000153 0.414369
1 2 0.025283 0.421469 0.138051 0.000068 0.415129
4 4 0.016240 0.171909 0.220109 0.001940 0.589802
4 4 0.025421 0.220546 0.110156 0.000215 0.643662
4 4 0.031332 0.237752 0.053719 0.000023 0.677175
4 4 0.036596 0.054298 0.008794 0.000015 0.900297
4 4 0.031773 0.263466 0.063558 0.000030 0.641173
4 4 0.031459 0.265764 0.063980 0.000029 0.638768
4 4 0.033289 0.306514 0.084540 0.000061 0.575596
4 4 0.027003 0.371311 0.103118 0.000038 0.498530
4 4 0.032263 0.389485 0.132825 0.000151 0.445276
4 4 0.019860 0.383234 0.086612 0.000007 0.510287
4 4 0.023124 0.399995 0.106544 0.000022 0.470316
1 4 0.090459 0.490446 0.247336 0.002283 0.169477
0 0 0.846676 0.084813 0.050890 0.002547 0.015075
1 0 0.244134 0.446326 0.198693 0.001086 0.109761
0 0 0.432487 0.300688 0.149932 0.002855 0.114039
0 0 0.709821 0.164463 0.084561 0.001282 0.039872
1 0 0.178604 0.516701 0.162811 0.000218 0.141665
1 0 0.180788 0.517212 0.153681 0.000157 0.148162
0 0 0.668146 0.160571 0.061692 0.001262 0.108329
0 0 0.524578 0.263577 0.096065 0.000410 0.115369
1 0 0.098721 0.509509 0.210345 0.000749 0.180676
1 2 0.042954 0.440027 0.239593 0.002610 0.274816
1 2 0.040687 0.433290 0.284075 0.007231 0.234717
0 2 0.418989 0.335704 0.115329 0.000259 0.129720
0 2 0.764780 0.075803 0.015380 0.000021 0.144016
1 0 0.137585 0.471212 0.159008 0.000392 0.231803
1 0 0.032493 0.398049 0.392347 0.008801 0.168310
2 0 0.025152 0.299023 0.561622 0.002930 0.111273
1 0 0.122468 0.470187 0.282915 0.004556 0.119874
0 0 0.616852 0.177984 0.167110 0.015515 0.022540
1 0 0.106648 0.572075 0.220927 0.000310 0.100041
1 0 0.124546 0.476168 0.158982 0.000332 0.239972
1 0 0.066619 0.404213 0.208099 0.003386 0.317683
0 0 0.796738 0.099170 0.031434 0.000125 0.072533
1 0 0.138074 0.503619 0.208164 0.000847 0.149295
1 2 0.047829 0.425836 0.280776 0.009232 0.236326
2 2 0.001736 0.259520 0.710350 0.003112 0.025283
2 2 0.000826 0.176723 0.798579 0.003087 0.020784
2 2 0.000735 0.063998 0.928711 0.000025 0.006532
2 2 0.004811 0.139342 0.845142 0.000013 0.010692
2 2 0.000783 0.072692 0.920394 0.000018 0.006113
2 2 0.000132 0.042804 0.954904 0.000004 0.002156
2 2 0.000149 0.045247 0.952561 0.000002 0.002041
2 2 0.000140 0.052549 0.944989 0.000001 0.002320
2 2 0.000035 0.015640 0.982492 0.000003 0.001830
2 2 0.000079 0.028279 0.969644 0.000004 0.001993
2 2 0.000097 0.038441 0.958216 0.000002 0.003244
2 2 0.000021 0.021259 0.976620 0.000041 0.002058
2 2 0.000032 0.025788 0.971645 0.000004 0.002531
2 2 0.000146 0.044965 0.950889 0.000005 0.003995
2 2 0.000014 0.015612 0.982933 0.000015 0.001426
2 2 0.000110 0.032560 0.963770 0.000002 0.003558
2 2 0.000012 0.014556 0.983550 0.000066 0.001816
2 2 0.000065 0.028531 0.968255 0.000019 0.003130
2 2 0.000076 0.035568 0.960700 0.000011 0.003646
2 2 0.000017 0.025092 0.971782 0.000040 0.003069
2 2 0.000013 0.009384 0.988457 0.000664 0.001482
2 2 0.000073 0.009086 0.990154 0.000207 0.000479
2 2 0.000018 0.007382 0.992002 0.000022 0.000575
2 2 0.000006 0.008131 0.990777 0.000047 0.001038
2 2 0.000057 0.018570 0.979769 0.000064 0.001540
2 2 0.000046 0.014280 0.983619 0.000055 0.002000
2 2 0.000681 0.021839 0.976286 0.000396 0.000798
2 2 0.000011 0.008766 0.990129 0.000121 0.000975
2 2 0.000069 0.012593 0.986110 0.000386 0.000841
2 2 0.000253 0.010824 0.988009 0.000501 0.000413
2 2 0.000045 0.036805 0.956102 0.001040 0.006008
2 2 0.000125 0.030919 0.966090 0.000134 0.002732
2 2 0.000103 0.022578 0.972606 0.000460 0.004254
2 2 0.000012 0.011106 0.984021 0.001208 0.003653
2 2 0.000092 0.033014 0.961453 0.000375 0.005065
2 2 0.000008 0.001660 0.993982 0.004268 0.000081
2 2 0.000011 0.001466 0.990799 0.007682 0.000041
2 2 0.000017 0.001341 0.997969 0.000650 0.000023
2 2 0.000021 0.002124 0.994835 0.002961 0.000059
2 2 0.000002 0.000915 0.995179 0.003853 0.000050
2 2 0.000038 0.001491 0.992194 0.006254 0.000024
2 2 0.000003 0.000683 0.993082 0.006212 0.000020
2 2 0.000002 0.000598 0.994821 0.004560 0.000019
2 2 0.000001 0.000219 0.991087 0.008688 0.000006
2 2 0.000043 0.002127 0.977365 0.020402 0.000062
2 2 0.000041 0.003835 0.975750 0.020160 0.000214
2 2 0.000018 0.003954 0.977613 0.017873 0.000542
2 2 0.000019 0.006972 0.990314 0.001729 0.000966
2 2 0.000119 0.005260 0.974575 0.019757 0.000290
2 2 0.000028 0.003118 0.971930 0.024596 0.000329
2 2 0.000162 0.006387 0.982109 0.010826 0.000516
2 2 0.000197 0.007643 0.981256 0.010453 0.000452
2 2 0.000039 0.003129 0.971148 0.025341 0.000344
2 2 0.000041 0.004088 0.941390 0.053619 0.000862
2 2 0.000358 0.006396 0.967857 0.025062 0.000329
2 2 0.000092 0.005506 0.969512 0.024258 0.000632
2 2 0.000140 0.004568 0.962748 0.032064 0.000480
2 2 0.000050 0.003259 0.970055 0.026240 0.000396
2 2 0.012458 0.039327 0.796507 0.151000 0.000708
2 2 0.005974 0.038368 0.897982 0.055983 0.001692
2 2 0.000236 0.012366 0.980572 0.006331 0.000495
2 2 0.000353 0.003163 0.976292 0.020153 0.000040
2 2 0.000018 0.001820 0.984837 0.013200 0.000125
2 2 0.000055 0.004325 0.989489 0.005930 0.000201
2 2 0.000667 0.010263 0.980638 0.008205 0.000227
2 2 0.000120 0.003906 0.993616 0.002276 0.000082
2 2 0.000040 0.001596 0.988940 0.009400 0.000024
2 2 0.001108 0.011836 0.978663 0.008180 0.000213
2 2 0.000237 0.005427 0.990132 0.004069 0.000135
2 2 0.000341 0.006980 0.988028 0.004502 0.000150
2 2 0.000361 0.007871 0.977531 0.013851 0.000386
2 2 0.000108 0.007084 0.986488 0.005754 0.000567
2 2 0.000308 0.006852 0.989590 0.003101 0.000149
2 2 0.006823 0.061818 0.915348 0.015050 0.000962
2 2 0.038837 0.137952 0.816456 0.004679 0.002076
2 2 0.055890 0.385447 0.528402 0.009459 0.020802
2 2 0.120470 0.420014 0.430981 0.011380 0.017156
2 2 0.004185 0.144070 0.817425 0.005808 0.028513
2 2 0.004844 0.051178 0.929963 0.008778 0.005237
2 2 0.005072 0.053116 0.928378 0.006036 0.007399
2 2 0.000059 0.007797 0.990816 0.000853 0.000475
2 2 0.000642 0.012365 0.983976 0.002693 0.000324
2 2 0.000078 0.006776 0.991138 0.001754 0.000255
2 2 0.000234 0.009339 0.990017 0.000235 0.000176
2 2 0.000891 0.007829 0.981939 0.009241 0.000099
2 2 0.002439 0.086451 0.902111 0.000510 0.008489
2 2 0.000539 0.057787 0.928748 0.000523 0.012403
2 2 0.000485 0.065771 0.914254 0.004020 0.015470
2 2 0.000436 0.079376 0.903373 0.002003 0.014813
2 2 0.000408 0.100677 0.873359 0.005103 0.020453
4 4 0.031080 0.360385 0.171741 0.000465 0.436329
4 4 0.033532 0.382492 0.131746 0.000173 0.452057
4 4 0.045186 0.291191 0.097896 0.000317 0.565410
4 4 0.049710 0.271893 0.121899 0.001220 0.555278
4 4 0.045771 0.276956 0.090619 0.000291 0.586363
4 4 0.059644 0.236025 0.085595 0.000916 0.617820
4 4 0.051630 0.302446 0.117174 0.000840 0.527911
4 4 0.121888 0.340401 0.114537 0.000343 0.422831
4 4 0.053757 0.196104 0.059584 0.000337 0.690218
4 4 0.057283 0.256924 0.095327 0.000904 0.589562
4 4 0.045484 0.196753 0.053010 0.000131 0.704623
4 4 0.036199 0.032377 0.004730 0.000013 0.926681
4 4 0.038837 0.216979 0.054597 0.000063 0.689523
4 4 0.047126 0.181030 0.048293 0.000140 0.723410
4 4 0.027919 0.228105 0.046596 0.000011 0.697369
4 4 0.044332 0.304922 0.104799 0.000333 0.545613
4 4 0.051156 0.280163 0.101021 0.000594 0.567065
4 4 0.055253 0.155294 0.043759 0.000281 0.745412
4 4 0.046623 0.301028 0.106635 0.000433 0.545281
4 4 0.034833 0.332509 0.101575 0.000108 0.530975
4 4 0.058011 0.092426 0.023030 0.000234 0.826299
4 4 0.025681 0.163342 0.027602 0.000004 0.783371
4 4 0.026660 0.075351 0.010602 0.000003 0.887384
4 4 0.093055 0.064410 0.002886 0.000000 0.839649
4 4 0.048222 0.101398 0.022776 0.000090 0.827514
1 4 0.023268 0.472890 0.167812 0.000091 0.335939
1 4 0.026988 0.473213 0.202834 0.000328 0.296637
1 4 0.018472 0.501783 0.162342 0.000035 0.317368
1 4 0.019462 0.518664 0.205197 0.000111 0.256566
1 4 0.013419 0.466726 0.187491 0.000028 0.332336
4 1 0.043957 0.358516 0.145051 0.000702 0.451775
4 1 0.032303 0.334427 0.096759 0.000070 0.536441
4 2 0.027050 0.382402 0.109797 0.000044 0.480706
1 2 0.031106 0.432988 0.170830 0.000288 0.364788
4 2 0.022201 0.370664 0.088267 0.000012 0.518856
1 2 0.021414 0.426003 0.331730 0.002185 0.218668
1 2 0.020479 0.518859 0.230964 0.000230 0.229468
1 0 0.038924 0.437880 0.254603 0.003462 0.265132
1 0 0.023288 0.463447 0.265734 0.000774 0.246757
1 0 0.025695 0.517381 0.302347 0.001169 0.153409
0 0 0.353338 0.202510 0.097754 0.002416 0.343983
1 0 0.031214 0.423090 0.159713 0.000232 0.385752
1 2 0.036219 0.436963 0.214868 0.001232 0.310717
1 2 0.035568 0.424544 0.186387 0.000660 0.352840
1 2 0.096282 0.438000 0.103092 0.000039 0.362587
1 2 0.183528 0.437999 0.137694 0.000316 0.240464
0 0 0.825025 0.043417 0.005845 0.000004 0.125710
0 0 0.982570 0.004120 0.000551 0.000001 0.012760
0 0 0.686574 0.059443 0.011728 0.000059 0.242196
1 0 0.130526 0.423582 0.130434 0.000285 0.315174
1 0 0.020845 0.497611 0.302646 0.001074 0.177825
1 0 0.022736 0.505205 0.299004 0.001322 0.171733
1 0 0.028167 0.479855 0.242539 0.000854 0.248585
1 0 0.036921 0.516562 0.203428 0.000218 0.242870
1 0 0.103890 0.470697 0.131565 0.000074 0.293774
4 0 0.044527 0.301879 0.103249 0.000330 0.550015
4 0 0.078141 0.348296 0.104987 0.000220 0.468355
4 1 0.047533 0.325998 0.102382 0.000186 0.523901
4 1 0.195668 0.153905 0.014750 0.000001 0.635675
4 0 0.272965 0.027188 0.001920 0.000000 0.697926
1 0 0.329054 0.435876 0.107059 0.000045 0.127966
1 0 0.029849 0.470700 0.314146 0.004326 0.180980
1 1 0.025553 0.482240 0.337342 0.004163 0.150701
1 1 0.025197 0.467590 0.374216 0.008619 0.124377
2 1 0.010679 0.338349 0.527109 0.009008 0.114856
1 1 0.030269 0.462933 0.336154 0.007091 0.163553
1 1 0.072855 0.491998 0.223705 0.001127 0.210315
0 0 0.460480 0.297142 0.105812 0.000236 0.136330
1 1 0.030619 0.471800 0.275921 0.002209 0.219452
1 1 0.033312 0.460666 0.284554 0.003510 0.217957
1 1 0.040770 0.430609 0.305452 0.011171 0.211999
0 0 0.390299 0.215309 0.077082 0.000903 0.316408
0 0 0.516207 0.200578 0.089716 0.002943 0.190555
0 0 0.573449 0.215947 0.079916 0.000826 0.129862
1 4 0.042089 0.432422 0.280042 0.007047 0.238401
2 4 0.006398 0.428885 0.449067 0.000435 0.115215
2 2 0.009495 0.381639 0.483321 0.002630 0.122916
1 2 0.010948 0.500513 0.427100 0.002658 0.058781
1 2 0.009385 0.466148 0.451303 0.002036 0.071129
1 2 0.010890 0.454886 0.446873 0.002601 0.084749
1 2 0.036168 0.435739 0.344620 0.016151 0.167322
1 2 0.091411 0.484995 0.243368 0.002459 0.177768
1 2 0.039692 0.460636 0.334052 0.009346 0.156274
1 2 0.336982 0.401050 0.150935 0.000354 0.110678
0 2 0.424845 0.273909 0.074469 0.000133 0.226644
1 2 0.051542 0.379670 0.203101 0.004037 0.361649
1 2 0.113938 0.412732 0.134791 0.000350 0.338190
4 0 0.221322 0.318647 0.099523 0.000567 0.359941
0 0 0.768706 0.082826 0.016091 0.000028 0.132349
0 0 0.880397 0.015034 0.001913 0.000002 0.102654
1 0 0.150801 0.482127 0.107646 0.000033 0.259392
1 0 0.040687 0.465314 0.216644 0.000861 0.276494
1 0 0.102392 0.366821 0.162372 0.002775 0.365640
0 0 0.457812 0.312515 0.111150 0.000279 0.118244
1 0 0.068077 0.484028 0.289159 0.001084 0.157652
1 0 0.003106 0.483680 0.461507 0.000114 0.051593
1 1 0.004029 0.560268 0.390501 0.000094 0.045107
1 1 0.005088 0.486497 0.450276 0.000376 0.057763
2 1 0.002155 0.358276 0.583991 0.000260 0.055318
2 2 0.000969 0.177468 0.765603 0.000405 0.055554
2 2 0.000289 0.073408 0.914110 0.000261 0.011933
2 2 0.000406 0.074755 0.909735 0.000308 0.014795
2 2 0.000264 0.051680 0.932173 0.000097 0.015785
2 2 0.000423 0.132513 0.845986 0.001860 0.019218
2 2 0.000259 0.057520 0.922446 0.002178 0.017597
2 2 0.000035 0.042577 0.950864 0.000992 0.005531
2 2 0.000041 0.046356 0.949183 0.000370 0.004050
2 2 0.000023 0.024638 0.971768 0.000025 0.003546
2 2 0.000048 0.037455 0.956423 0.000720 0.005354
2 2 0.000042 0.026977 0.967925 0.000023 0.005033
1 2 0.215357 0.462077 0.156599 0.000256 0.165712
0 0 0.464174 0.197422 0.041302 0.000065 0.297038
1 0 0.081615 0.404983 0.186666 0.002311 0.324425
1 2 0.035932 0.450603 0.284121 0.004562 0.224782
1 2 0.061514 0.450399 0.183012 0.000645 0.304430
1 2 0.046379 0.414831 0.294397 0.014301 0.230091
0 0 0.839547 0.090084 0.037668 0.000400 0.032301
1 0 0.203967 0.398440 0.190437 0.002773 0.204383
1 0 0.065437 0.483820 0.248888 0.002139 0.199716
1 1 0.040417 0.421157 0.304265 0.005472 0.228688
2 1 0.035912 0.344893 0.431005 0.016848 0.171341
2 1 0.037221 0.286557 0.523781 0.013735 0.138706
0 1 0.370709 0.346458 0.147135 0.001126 0.134573
0 0 0.792413 0.092653 0.048309 0.002122 0.064503
0 0 0.737846 0.125761 0.035570 0.000137 0.100685
1 0 0.014215 0.503769 0.399019 0.002802 0.080196
1 2 0.009040 0.472014 0.445090 0.001614 0.072242
2 2 0.009908 0.407357 0.495764 0.004559 0.082412
2 2 0.000536 0.090270 0.865441 0.001479 0.042274
2 2 0.003006 0.190597 0.761554 0.003004 0.041839
2 2 0.000403 0.067813 0.926606 0.000112 0.005067
2 2 0.000365 0.027649 0.969553 0.000210 0.002224
2 2 0.000149 0.020800 0.976767 0.000230 0.002054
2 2 0.000721 0.042490 0.954086 0.000126 0.002578
2 2 0.000381 0.040566 0.955824 0.000231 0.002998
2 2 0.000479 0.024114 0.973936 0.000123 0.001348
2 2 0.000413 0.019963 0.977675 0.000773 0.001176
2 2 0.000097 0.034636 0.960877 0.000212 0.004178
2 2 0.000046 0.025940 0.970492 0.000207 0.003315
2 2 0.000401 0.045277 0.949072 0.000694 0.004556
2 2 0.000098 0.026456 0.965428 0.000971 0.007048
2 2 0.000037 0.027564 0.960145 0.003499 0.008754
2 2 0.000499 0.168054 0.815522 0.001622 0.014303
2 2 0.000082 0.027157 0.965639 0.000539 0.006583
2 2 0.000028 0.014400 0.982529 0.000055 0.002988
2 2 0.000038 0.016618 0.980252 0.000176 0.002915
2 2 0.000044 0.029135 0.967694 0.000156 0.002971
2 2 0.000227 0.038369 0.958039 0.000053 0.003311
2 2 0.000326 0.015115 0.983165 0.000238 0.001156
2 2 0.000041 0.017856 0.979686 0.000088 0.002328
2 2 0.000002 0.002583 0.997044 0.000029 0.000342
2 2 0.000011 0.008795 0.990441 0.000008 0.000744
2 2 0.000005 0.005959 0.993273 0.000022 0.000740
2 2 0.000001 0.002225 0.997484 0.000016 0.000275
2 2 0.000002 0.001431 0.998210 0.000284 0.000072
2 2 0.000078 0.026918 0.970134 0.000028 0.002842
2 2 0.000032 0.017376 0.980824 0.000047 0.001721
2 2 0.000115 0.031889 0.964023 0.000066 0.003907
2 2 0.000021 0.013051 0.985345 0.000049 0.001534
2 2 0.000008 0.009684 0.988553 0.000125 0.001630
2 2 0.000062 0.009511 0.989334 0.000421 0.000673
2 2 0.000016 0.004597 0.994495 0.000359 0.000533
2 2 0.000131 0.007361 0.988572 0.003625 0.000311
2 2 0.000031 0.009712 0.973727 0.014466 0.002065
2 2 0.000145 0.014090 0.983324 0.001399 0.001043
2 2 0.000004 0.001084 0.997493 0.001373 0.000046
2 2 0.000008 0.001719 0.992856 0.005330 0.000087
2 2 0.000001 0.001049 0.991316 0.007484 0.000150
2 2 0.000017 0.001419 0.987205 0.011302 0.000057
2 2 0.000005 0.001273 0.984505 0.014115 0.000102
2 2 0.000085 0.002594 0.941906 0.055260 0.000155
2 2 0.000017 0.001864 0.865349 0.132442 0.000329
2 2 0.000093 0.002874 0.930705 0.066144 0.000185
2 2 0.000065 0.002583 0.946449 0.050731 0.000172
2 2 0.000046 0.002294 0.865031 0.132286 0.000342
3 2 0.000008 0.000086 0.188281 0.811603 0.000021
3 3 0.000025 0.000265 0.183848 0.815782 0.000080
3 3 0.000002 0.000042 0.129850 0.870095 0.000011
3 3 0.000002 0.000058 0.083583 0.916335 0.000022
3 3 0.000011 0.000106 0.074923 0.924929 0.000032
3 3 0.000016 0.000104 0.043948 0.955896 0.000035
3 3 0.000027 0.000108 0.026339 0.973498 0.000028
3 3 0.000007 0.000052 0.040521 0.959404 0.000016
3 3 0.000042 0.000135 0.023673 0.976118 0.000033
3 3 0.000015 0.000042 0.014477 0.985459 0.000007
3 3 0.000090 0.000309 0.031568 0.967940 0.000094
3 3 0.000088 0.000214 0.026434 0.973219 0.000045
3 3 0.000143 0.000383 0.032031 0.967343 0.000100
3 3 0.000090 0.000266 0.026377 0.973196 0.000072
3 3 0.000125 0.000373 0.036678 0.962721 0.000102
3 3 0.000026 0.000071 0.013903 0.985986 0.000014
3 3 0.000042 0.000077 0.010669 0.989200 0.000012
3 3 0.000033 0.000051 0.007808 0.992100 0.000007
3 3 0.000044 0.000099 0.013787 0.986052 0.000019
3 3 0.000096 0.000128 0.010329 0.989428 0.000019
3 3 0.000055 0.000133 0.016798 0.982986 0.000028
3 3 0.000044 0.000095 0.013313 0.986530 0.000018
3 3 0.000018 0.000041 0.009826 0.990108 0.000007
3 3 0.000018 0.000048 0.011745 0.988180 0.000009
3 3 0.000019 0.000036 0.008072 0.991868 0.000005
3 3 0.000169 0.000225 0.013166 0.986403 0.000036
3 3 0.000251 0.000187 0.007699 0.991843 0.000020
3 3 0.000255 0.000185 0.007520 0.992020 0.000020
3 3 0.000151 0.000217 0.013822 0.985774 0.000037
3 3 0.000221 0.000214 0.010077 0.989459 0.000028
3 3 0.000036 0.000025 0.003071 0.996865 0.000002
3 3 0.000016 0.000013 0.002584 0.997387 0.000001
3 3 0.000023 0.000017 0.002787 0.997172 0.000001
3 3 0.000073 0.000074 0.006653 0.993192 0.000008
3 3 0.000017 0.000016 0.003135 0.996831 0.000001
3 3 0.000087 0.000078 0.006150 0.993676 0.000008
3 3 0.000013 0.000012 0.002993 0.996982 0.000001
3 3 0.000055 0.000074 0.008125 0.991736 0.000010
3 3 0.000023 0.000043 0.008472 0.991457 0.000006
3 3 0.000031 0.000038 0.005809 0.994118 0.000004
3 3 0.000024 0.000038 0.007104 0.992829 0.000005
3 3 0.000058 0.000059 0.005996 0.993881 0.000006
3 3 0.000026 0.000041 0.007094 0.992834 0.000005
3 3 0.000050 0.000080 0.009836 0.990022 0.000012
3 3 0.000033 0.000054 0.008485 0.991421 0.000008
3 3 0.000007 0.000008 0.002980 0.997004 0.000001
3 3 0.000019 0.000028 0.005803 0.994146 0.000003
3 3 0.000005 0.000008 0.003596 0.996390 0.000001
3 3 0.000022 0.000022 0.003838 0.996117 0.000002
3 3 0.000022 0.000023 0.004088 0.995864 0.000002
3 3 0.000050 0.000029 0.002841 0.997079 0.000002
3 3 0.000034 0.000038 0.005346 0.994579 0.000004
3 3 0.000063 0.000069 0.006880 0.992980 0.000008
3 3 0.000043 0.000061 0.007946 0.991942 0.000008
3 3 0.000052 0.000049 0.005219 0.994676 0.000005
3 3 0.000090 0.000093 0.007379 0.992428 0.000011
3 3 0.000112 0.000133 0.009678 0.990058 0.000018
3 3 0.000154 0.000132 0.007427 0.992273 0.000015
3 3 0.000018 0.000018 0.003505 0.996457 0.000002
3 3 0.000164 0.000186 0.010714 0.988910 0.000026
3 3 0.000105 0.000089 0.006215 0.993582 0.000009
3 3 0.000070 0.000041 0.003353 0.996533 0.000003
3 3 0.000064 0.000065 0.006263 0.993601 0.000007
3 3 0.000032 0.000020 0.002594 0.997353 0.000001
3 3 0.000745 0.000210 0.004563 0.994470 0.000012
3 3 0.016160 0.050290 0.441890 0.472933 0.018726
2 3 0.013465 0.058894 0.712979 0.196799 0.017864
2 3 0.019377 0.121964 0.662673 0.149115 0.046871
2 3 0.008751 0.082438 0.800135 0.080802 0.027874
2 3 0.052046 0.338524 0.493334 0.074597 0.041500
1 2 0.017405 0.424252 0.419075 0.005628 0.133641
2 2 0.012380 0.339738 0.519259 0.012915 0.115709
2 2 0.006917 0.281838 0.606987 0.011490 0.092768
2 2 0.029156 0.380630 0.481531 0.001754 0.106930
1 2 0.024273 0.466521 0.383346 0.009325 0.116535
4 2 0.024722 0.131219 0.020185 0.000003 0.823871
4 2 0.032565 0.166343 0.033214 0.000016 0.767862
4 2 0.029360 0.181390 0.034834 0.000010 0.754406
4 2 0.031028 0.239405 0.053910 0.000022 0.675635
4 4 0.021549 0.059704 0.006964 0.000001 0.911782
4 4 0.029988 0.035750 0.007775 0.000027 0.926459
4 4 0.044533 0.044760 0.007958 0.000041 0.902707
4 4 0.034521 0.039486 0.008223 0.000035 0.917736
4 4 0.026192 0.019662 0.002139 0.000002 0.952004
4 4 0.029164 0.023372 0.002804 0.000004 0.944656
4 4 0.024317 0.017549 0.001787 0.000001 0.956346
4 4 0.016444 0.009675 0.000698 0.000000 0.973182
4 4 0.020074 0.013099 0.001126 0.000001 0.965702
4 4 0.022698 0.015796 0.001513 0.000001 0.959993
4 4 0.021148 0.014181 0.001276 0.000001 0.963395
4 4 0.008750 0.003729 0.000156 0.000000 0.987364
