0 0 0.963282 0.022437 0.007828 0.000010 0.006442
0 0 0.964831 0.016875 0.011786 0.000003 0.006504
0 0 0.937982 0.035580 0.010147 0.000017 0.016274
0 0 0.869675 0.092346 0.014956 0.000011 0.023011
0 0 0.783789 0.173961 0.017842 0.000054 0.024354
0 0 0.920630 0.051859 0.008591 0.000019 0.018902
0 0 0.959182 0.022532 0.004635 0.000004 0.013646
0 0 0.947029 0.022769 0.016383 0.000082 0.013737
0 0 0.912109 0.053525 0.016689 0.000017 0.017659
0 0 0.752892 0.191804 0.024674 0.000020 0.030610
1 0 0.158172 0.679785 0.105696 0.000188 0.056159
1 0 0.279223 0.543268 0.126842 0.000796 0.049872
1 0 0.308770 0.518994 0.111475 0.001228 0.059534
1 0 0.154786 0.700842 0.097204 0.000364 0.046804
1 1 0.165946 0.627078 0.160663 0.000887 0.045426
1 1 0.181277 0.571077 0.141016 0.000061 0.106570
1 1 0.189343 0.555891 0.163649 0.000101 0.091016
1 1 0.139194 0.556188 0.168118 0.000427 0.136073
1 1 0.072194 0.454329 0.367408 0.000606 0.105462
1 1 0.075054 0.566615 0.218978 0.002243 0.137110
4 1 0.075044 0.337044 0.095095 0.000032 0.492784
4 4 0.033431 0.294666 0.036582 0.000026 0.635295
4 4 0.044683 0.329260 0.048225 0.000027 0.577805
1 4 0.065449 0.480366 0.036884 0.000006 0.417296
1 4 0.091152 0.553256 0.048487 0.000007 0.307099
1 4 0.088784 0.530782 0.072841 0.000042 0.307551
4 4 0.032667 0.268692 0.056751 0.000144 0.641747
1 4 0.084336 0.508611 0.105300 0.000259 0.301493
1 4 0.072367 0.472062 0.090283 0.000188 0.365100
4 4 0.053047 0.396753 0.083565 0.000314 0.466321
1 4 0.061474 0.461940 0.088598 0.000395 0.387593
4 4 0.041479 0.356011 0.055757 0.000120 0.546634
1 4 0.072712 0.508918 0.069382 0.000081 0.348907
4 4 0.043126 0.315395 0.065565 0.000111 0.575802
1 4 0.059275 0.438015 0.089866 0.000389 0.412456
1 4 0.077531 0.501060 0.228916 0.006216 0.186276
1 4 0.062985 0.469654 0.286821 0.003291 0.177249
1 4 0.101830 0.586223 0.155225 0.002080 0.154643
1 4 0.111712 0.526517 0.182995 0.001323 0.177452
1 0 0.241583 0.376267 0.153162 0.000164 0.228824
1 0 0.085854 0.594401 0.285668 0.002378 0.031700
1 1 0.094819 0.591108 0.282328 0.002502 0.029243
1 1 0.061605 0.544023 0.326602 0.014020 0.053750
1 2 0.122117 0.589551 0.261962 0.002461 0.023908
1 2 0.125142 0.581968 0.267529 0.001624 0.023738
2 2 0.014120 0.326750 0.625073 0.027992 0.006064
2 2 0.011213 0.264342 0.683179 0.037253 0.004013
2 2 0.008831 0.197839 0.764467 0.026385 0.002478
2 2 0.003313 0.109995 0.869836 0.014631 0.002225
2 2 0.003421 0.116145 0.862742 0.015760 0.001932
2 2 0.000502 0.038927 0.890605 0.069708 0.000258
2 2 0.000798 0.050206 0.873579 0.075171 0.000246
2 2 0.000671 0.020178 0.929188 0.049711 0.000253
2 2 0.000478 0.042332 0.915316 0.041655 0.000219
2 2 0.000635 0.037160 0.863222 0.098698 0.000286
2 2 0.005985 0.201322 0.758021 0.032894 0.001779
2 2 0.028905 0.271771 0.655872 0.042418 0.001034
2 2 0.000935 0.048718 0.860871 0.086775 0.002701
2 2 0.001894 0.101219 0.833152 0.062246 0.001490
2 2 0.001338 0.034275 0.910052 0.053313 0.001022
2 2 0.000552 0.024412 0.833584 0.141276 0.000176
2 2 0.000289 0.009300 0.725802 0.264314 0.000295
2 2 0.000470 0.030637 0.767633 0.200823 0.000437
3 2 0.000216 0.010524 0.487514 0.501435 0.000312
3 2 0.000470 0.009454 0.482409 0.507245 0.000421
3 2 0.000389 0.013160 0.446799 0.539539 0.000113
3 2 0.000124 0.001827 0.106362 0.891595 0.000092
3 2 0.000251 0.008153 0.352585 0.638834 0.000177
3 2 0.000040 0.000877 0.081899 0.917110 0.000075
3 2 0.000077 0.001818 0.088377 0.909619 0.000110
3 2 0.000032 0.000405 0.036457 0.963060 0.000046
3 2 0.000051 0.000863 0.041547 0.957489 0.000049
3 3 0.000068 0.000552 0.018801 0.980544 0.000035
3 3 0.000112 0.001459 0.051412 0.946940 0.000077
3 3 0.000015 0.000251 0.014502 0.985206 0.000026
3 3 0.000053 0.000256 0.006459 0.993204 0.000027
3 3 0.000140 0.000826 0.024759 0.974187 0.000088
3 3 0.000039 0.000271 0.009284 0.990368 0.000038
3 3 0.000070 0.000490 0.016227 0.983168 0.000044
3 3 0.000017 0.000208 0.007874 0.991875 0.000026
3 3 0.000023 0.000159 0.005845 0.993947 0.000025
3 3 0.000045 0.000225 0.006709 0.992992 0.000029
3 3 0.000028 0.000244 0.008217 0.991482 0.000029
3 3 0.000017 0.000104 0.004725 0.995141 0.000013
3 3 0.000018 0.000107 0.003712 0.996144 0.000019
3 3 0.000043 0.000165 0.003065 0.996701 0.000026
3 3 0.000042 0.000218 0.005537 0.994164 0.000039
3 3 0.000058 0.000274 0.007142 0.992467 0.000059
3 3 0.000029 0.000146 0.003619 0.996175 0.000031
3 3 0.000051 0.000212 0.004968 0.994734 0.000035
3 3 0.000076 0.000150 0.002099 0.997648 0.000028
3 3 0.000067 0.000217 0.003810 0.995864 0.000041
3 3 0.000073 0.000211 0.002981 0.996706 0.000030
3 3 0.000036 0.000136 0.003537 0.996257 0.000035
3 3 0.000044 0.000195 0.004811 0.994915 0.000035
3 3 0.000032 0.000144 0.003200 0.996604 0.000021
3 3 0.000043 0.000152 0.003554 0.996219 0.000032
3 3 0.000025 0.000078 0.002068 0.997811 0.000018
3 3 0.000030 0.000088 0.001572 0.998296 0.000014
3 3 0.000055 0.000112 0.002239 0.997564 0.000029
3 3 0.000061 0.000174 0.003245 0.996483 0.000037
3 3 0.000037 0.000092 0.001271 0.998587 0.000013
3 3 0.000046 0.000219 0.003533 0.996166 0.000036
3 3 0.000051 0.000134 0.002332 0.997455 0.000029
3 3 0.000035 0.000056 0.001168 0.998726 0.000014
3 3 0.000045 0.000063 0.001043 0.998834 0.000014
3 3 0.000017 0.000098 0.002797 0.997071 0.000018
3 3 0.000023 0.000055 0.001224 0.998687 0.000011
3 3 0.000020 0.000078 0.002079 0.997810 0.000013
3 3 0.000014 0.000041 0.001533 0.998402 0.000011
3 3 0.000018 0.000081 0.002016 0.997871 0.000014
3 3 0.000021 0.000076 0.002010 0.997878 0.000016
3 3 0.000031 0.000103 0.001928 0.997920 0.000018
3 3 0.000031 0.000086 0.001931 0.997934 0.000019
3 3 0.000027 0.000106 0.002386 0.997459 0.000021
3 3 0.000017 0.000034 0.000979 0.998962 0.000008
3 3 0.000013 0.000079 0.002686 0.997206 0.000016
3 3 0.000021 0.000108 0.002095 0.997762 0.000015
3 3 0.000013 0.000051 0.001661 0.998265 0.000011
3 3 0.000018 0.000067 0.001639 0.998264 0.000012
3 3 0.000063 0.000096 0.001650 0.998167 0.000025
3 3 0.000059 0.000074 0.001287 0.998560 0.000020
3 3 0.000095 0.000160 0.002044 0.997665 0.000036
3 3 0.000060 0.000115 0.001838 0.997960 0.000026
3 3 0.000061 0.000079 0.001602 0.998232 0.000026
3 3 0.000056 0.000108 0.001998 0.997811 0.000028
3 3 0.000073 0.000151 0.002584 0.997152 0.000040
3 3 0.000038 0.000109 0.002094 0.997737 0.000022
3 3 0.000368 0.000183 0.003137 0.996259 0.000053
3 3 0.000068 0.000271 0.004512 0.995119 0.000030
3 3 0.044984 0.020724 0.227049 0.700146 0.007096
3 0 0.070958 0.018462 0.258582 0.645570 0.006428
3 0 0.171580 0.047407 0.315077 0.459335 0.006602
3 1 0.072361 0.031896 0.313296 0.578477 0.003969
3 1 0.057409 0.012545 0.272495 0.650897 0.006653
2 1 0.066690 0.056214 0.578250 0.279202 0.019644
2 1 0.176158 0.031497 0.472197 0.294707 0.025441
0 0 0.429559 0.020616 0.324714 0.196938 0.028173
3 0 0.225762 0.037666 0.281350 0.405223 0.050000
2 0 0.198800 0.036353 0.380729 0.345077 0.039041
3 0 0.039084 0.020767 0.357129 0.574048 0.008973
3 0 0.032527 0.024331 0.328068 0.608849 0.006225
3 0 0.097565 0.066448 0.397002 0.433412 0.005572
3 0 0.008525 0.017776 0.246744 0.721699 0.005256
3 0 0.039714 0.038301 0.233824 0.684335 0.003826
3 0 0.013895 0.013752 0.145499 0.824467 0.002386
3 0 0.032847 0.013961 0.219890 0.730118 0.003184
3 2 0.007731 0.032318 0.369918 0.586555 0.003478
3 2 0.027593 0.023939 0.241947 0.703155 0.003366
3 2 0.045842 0.103334 0.375026 0.470645 0.005152
2 2 0.087168 0.193127 0.480674 0.231164 0.007866
2 0 0.189882 0.102693 0.406720 0.293935 0.006770
3 0 0.102606 0.074199 0.343975 0.466891 0.012330
3 0 0.109770 0.077200 0.308163 0.497202 0.007665
2 0 0.303395 0.132639 0.428731 0.128957 0.006278
2 0 0.257725 0.249044 0.469834 0.013888 0.009509
0 0 0.444207 0.090294 0.417407 0.037818 0.010275
0 0 0.648674 0.027933 0.280710 0.032065 0.010619
0 0 0.723195 0.035113 0.213351 0.017273 0.011068
0 0 0.890918 0.030359 0.071616 0.003195 0.003912
2 0 0.040961 0.257904 0.648721 0.049338 0.003076
2 1 0.008337 0.334898 0.575709 0.077983 0.003073
2 1 0.010102 0.343354 0.546284 0.094678 0.005583
2 2 0.004294 0.163057 0.746603 0.083010 0.003036
2 2 0.009508 0.134399 0.815231 0.039374 0.001488
2 2 0.017605 0.304841 0.647837 0.022402 0.007316
2 2 0.023343 0.444862 0.471124 0.047362 0.013309
2 2 0.140890 0.270849 0.547107 0.026281 0.014873
2 2 0.019383 0.453555 0.483902 0.031657 0.011503
1 2 0.025259 0.552055 0.365619 0.047846 0.009220
2 2 0.008990 0.267616 0.642814 0.076734 0.003845
2 2 0.004553 0.157886 0.796457 0.039071 0.002033
2 2 0.003856 0.097475 0.853199 0.043857 0.001613
2 2 0.018571 0.363126 0.596833 0.015102 0.006368
2 2 0.016722 0.375331 0.578333 0.026583 0.003032
2 2 0.179892 0.350368 0.385300 0.011880 0.072559
1 2 0.074897 0.564935 0.312875 0.003092 0.044200
1 2 0.068729 0.566618 0.318178 0.007741 0.038734
1 2 0.047772 0.598283 0.293095 0.019060 0.041790
1 2 0.049327 0.601974 0.279389 0.026603 0.042706
2 2 0.006306 0.200121 0.704831 0.087001 0.001741
2 2 0.003979 0.052953 0.863747 0.077517 0.001804
2 2 0.004419 0.042171 0.849117 0.101938 0.002354
2 2 0.060593 0.186021 0.703080 0.048397 0.001910
0 0 0.466333 0.125023 0.338052 0.068386 0.002206
0 0 0.618224 0.155902 0.220522 0.000191 0.005162
1 0 0.061726 0.540701 0.383063 0.009246 0.005265
2 0 0.052589 0.454312 0.462175 0.026042 0.004882
2 1 0.015590 0.163792 0.772068 0.041634 0.006916
1 1 0.143237 0.560316 0.287439 0.005958 0.003049
0 1 0.843822 0.096254 0.039505 0.000035 0.020384
0 0 0.442059 0.434368 0.079270 0.001495 0.042808
1 0 0.288552 0.429775 0.178840 0.011124 0.091709
0 0 0.571526 0.343989 0.059184 0.000477 0.024824
0 0 0.455184 0.439245 0.066662 0.001338 0.037571
1 1 0.076456 0.657636 0.205774 0.036622 0.023512
1 1 0.075350 0.681949 0.190428 0.022158 0.030114
1 2 0.088370 0.663858 0.212226 0.010005 0.025541
1 2 0.114205 0.698360 0.163043 0.003278 0.021114
0 0 0.542453 0.265651 0.184747 0.000982 0.006168
0 0 0.634347 0.286380 0.060190 0.000180 0.018903
0 1 0.515166 0.374365 0.075472 0.000514 0.034483
0 1 0.582892 0.309294 0.090221 0.001205 0.016389
0 1 0.582948 0.334511 0.061502 0.000308 0.020732
0 0 0.877394 0.061794 0.043976 0.000296 0.016540
0 0 0.914763 0.038992 0.010517 0.000019 0.035709
0 0 0.934708 0.031438 0.008198 0.000017 0.025639
0 0 0.830788 0.077861 0.045522 0.000119 0.045711
0 0 0.694707 0.194916 0.023701 0.000075 0.086601
1 1 0.355900 0.463736 0.069743 0.001190 0.109430
1 1 0.142728 0.698113 0.123895 0.001626 0.033637
1 1 0.162694 0.637168 0.158033 0.001610 0.040496
0 0 0.710118 0.139179 0.106519 0.000495 0.043689
1 0 0.166651 0.758225 0.059623 0.000099 0.015401
1 0 0.122508 0.754106 0.093725 0.002137 0.027524
0 0 0.675585 0.239381 0.038404 0.000296 0.046333
0 0 0.847195 0.101741 0.025386 0.000143 0.025535
0 1 0.911624 0.054241 0.012130 0.000027 0.021977
0 1 0.953875 0.025967 0.008558 0.000010 0.011590
0 1 0.919294 0.038626 0.023617 0.000127 0.018336
0 1 0.900599 0.045846 0.014560 0.000064 0.038930
0 1 0.917122 0.035294 0.010488 0.000027 0.037069
0 0 0.880516 0.068668 0.015282 0.000026 0.035509
0 0 0.881587 0.050773 0.019300 0.000167 0.048173
0 0 0.863370 0.059922 0.039195 0.000311 0.037202
0 0 0.967167 0.014437 0.013097 0.000258 0.005041
0 0 0.982637 0.009712 0.006264 0.000023 0.001364
0 0 0.969065 0.016719 0.010674 0.000106 0.003436
0 0 0.895436 0.043018 0.048503 0.001101 0.011942
0 0 0.872339 0.093545 0.025236 0.000075 0.008805
0 0 0.931173 0.036625 0.026476 0.000406 0.005319
0 0 0.965148 0.019594 0.012588 0.000069 0.002601
0 0 0.959532 0.014563 0.019190 0.000162 0.006552
0 0 0.956977 0.022395 0.017363 0.000054 0.003211
0 0 0.970107 0.018059 0.008088 0.000024 0.003723
0 0 0.916248 0.045278 0.011987 0.000417 0.026069
0 0 0.985739 0.006636 0.004880 0.000009 0.002736
0 0 0.903761 0.050268 0.021276 0.000460 0.024235
0 0 0.965991 0.015605 0.007942 0.000046 0.010416
0 0 0.961287 0.017438 0.012516 0.000061 0.008698
0 0 0.983681 0.005418 0.006100 0.000002 0.004798
0 0 0.961243 0.007739 0.024981 0.000133 0.005905
0 0 0.961586 0.020605 0.008482 0.000006 0.009321
0 0 0.862681 0.068253 0.034855 0.000533 0.033678
0 0 0.853217 0.091637 0.028369 0.000092 0.026685
0 0 0.852935 0.054184 0.030804 0.000384 0.061692
0 0 0.922191 0.041008 0.010255 0.000034 0.026512
0 0 0.901035 0.044668 0.014942 0.000083 0.039272
0 0 0.847544 0.080772 0.025560 0.000424 0.045700
0 0 0.784642 0.120652 0.033331 0.000413 0.060962
0 0 0.732845 0.182642 0.047540 0.000782 0.036191
0 0 0.916229 0.038299 0.026281 0.000266 0.018926
0 0 0.882122 0.073594 0.021115 0.000135 0.023034
0 0 0.894617 0.063891 0.028407 0.000096 0.012990
0 0 0.989171 0.006043 0.003511 0.000000 0.001276
0 0 0.963900 0.019123 0.016145 0.000014 0.000818
0 0 0.944362 0.031001 0.023749 0.000117 0.000772
0 0 0.964704 0.019481 0.014951 0.000006 0.000857
0 0 0.690056 0.264187 0.044417 0.000068 0.001271
0 0 0.795884 0.125668 0.076561 0.000688 0.001199
0 0 0.821697 0.151527 0.023186 0.000013 0.003577
0 0 0.948999 0.030848 0.016985 0.000007 0.003161
0 0 0.958750 0.021315 0.017538 0.000032 0.002366
0 0 0.952163 0.031426 0.014899 0.000037 0.001475
0 0 0.913647 0.051999 0.021908 0.000907 0.011539
0 0 0.875275 0.064899 0.025227 0.000317 0.034281
0 0 0.843622 0.079328 0.040383 0.000213 0.036455
0 0 0.917698 0.041960 0.016039 0.000042 0.024262
0 0 0.896838 0.061080 0.020168 0.000010 0.021904
0 0 0.888475 0.055554 0.016500 0.000008 0.039463
0 0 0.840513 0.066044 0.045798 0.000426 0.047219
0 0 0.879068 0.072227 0.016490 0.000007 0.032207
0 0 0.829738 0.114722 0.019986 0.000013 0.035542
0 0 0.629050 0.158230 0.155157 0.002679 0.054885
1 1 0.309220 0.545794 0.069709 0.001856 0.073422
1 1 0.068314 0.765881 0.048085 0.000543 0.117176
1 1 0.229678 0.622318 0.025436 0.000004 0.122564
0 0 0.699806 0.197840 0.030440 0.000013 0.071900
0 0 0.875941 0.037736 0.021632 0.000002 0.064689
0 0 0.731127 0.160878 0.045128 0.000101 0.062766
0 0 0.604950 0.038398 0.027190 0.000097 0.329364
0 0 0.714942 0.072903 0.027314 0.000001 0.184840
0 0 0.727995 0.056789 0.028270 0.000006 0.186940
4 0 0.314914 0.065185 0.041306 0.000269 0.578325
4 4 0.206906 0.120976 0.031218 0.001736 0.639164
4 4 0.028691 0.304866 0.055710 0.000520 0.610213
4 4 0.029922 0.097941 0.034748 0.000216 0.837173
4 4 0.038046 0.074962 0.029803 0.000262 0.856926
4 4 0.022776 0.220504 0.048153 0.000245 0.708322
4 4 0.026999 0.258033 0.059500 0.000468 0.655000
1 4 0.051177 0.481814 0.065051 0.000343 0.401615
4 4 0.024605 0.228240 0.052738 0.000271 0.694147
4 4 0.042463 0.239006 0.064263 0.000031 0.654237
4 4 0.022677 0.207450 0.051566 0.000262 0.718045
4 4 0.030738 0.319962 0.061988 0.000705 0.586607
4 4 0.016303 0.183012 0.106076 0.000661 0.693948
1 4 0.064438 0.473022 0.104546 0.000765 0.357228
4 4 0.042174 0.279036 0.108305 0.000745 0.569740
1 4 0.068182 0.462608 0.096607 0.000329 0.372274
4 4 0.037662 0.259515 0.074472 0.000182 0.628169
2 4 0.031169 0.391993 0.418694 0.007168 0.150976
2 4 0.027223 0.375063 0.437190 0.006647 0.153878
1 4 0.033320 0.436803 0.425485 0.007488 0.096904
2 4 0.049539 0.435835 0.446712 0.000907 0.067006
2 4 0.036660 0.373148 0.487812 0.004446 0.097934
2 4 0.021293 0.398026 0.480456 0.020042 0.080184
2 4 0.020080 0.375135 0.532232 0.011388 0.061165
2 4 0.026669 0.404134 0.507924 0.005431 0.055841
2 4 0.028253 0.388739 0.524514 0.004018 0.054475
2 4 0.021161 0.346303 0.587557 0.004216 0.040762
1 4 0.131295 0.598004 0.229284 0.003576 0.037841
0 0 0.572336 0.181072 0.213679 0.002964 0.029949
0 0 0.489933 0.180989 0.263950 0.003835 0.061293
2 1 0.208266 0.253151 0.474909 0.004132 0.059541
1 1 0.114360 0.657375 0.196207 0.005287 0.026770
1 1 0.130823 0.653515 0.186069 0.002006 0.027586
1 1 0.099250 0.460283 0.376972 0.009446 0.054050
1 1 0.315647 0.485724 0.168199 0.000869 0.029561
0 0 0.385623 0.248607 0.331722 0.007399 0.026650
1 0 0.084763 0.595067 0.286915 0.005197 0.028058
0 1 0.592165 0.209780 0.169515 0.005419 0.023121
2 1 0.181223 0.360366 0.405420 0.020952 0.032039
1 1 0.187046 0.509401 0.276083 0.003333 0.024137
0 1 0.441740 0.405446 0.123977 0.001780 0.027058
0 1 0.429526 0.353331 0.170764 0.006996 0.039383
1 1 0.189204 0.443041 0.350530 0.001054 0.016171
2 4 0.195212 0.343914 0.429098 0.005749 0.026027
2 4 0.034888 0.398982 0.529309 0.016487 0.020333
1 4 0.040978 0.482754 0.441986 0.013248 0.021035
2 4 0.025441 0.404010 0.509248 0.036803 0.024498
2 4 0.007827 0.207267 0.758515 0.020777 0.005615
2 4 0.011353 0.208878 0.758651 0.018225 0.002892
2 4 0.008223 0.168264 0.803810 0.014971 0.004733
2 2 0.015573 0.214183 0.763107 0.003928 0.003208
2 2 0.008291 0.158066 0.822026 0.007542 0.004075
2 2 0.008325 0.165792 0.819592 0.005343 0.000948
2 2 0.005457 0.141013 0.843415 0.008842 0.001273
2 2 0.001849 0.089535 0.899034 0.008896 0.000686
2 2 0.003814 0.112628 0.877153 0.005483 0.000923
2 2 0.004065 0.126973 0.857752 0.010080 0.001131
2 2 0.000935 0.046777 0.927046 0.024704 0.000539
2 2 0.000544 0.059412 0.920698 0.018992 0.000354
2 2 0.000984 0.071704 0.914041 0.012931 0.000340
2 2 0.000621 0.061249 0.917130 0.020421 0.000580
2 2 0.001069 0.078204 0.901584 0.018479 0.000664
2 2 0.002430 0.095395 0.849764 0.051549 0.000863
2 2 0.001687 0.096751 0.802104 0.098003 0.001455
2 2 0.002003 0.074497 0.844148 0.078224 0.001128
2 2 0.024452 0.213740 0.675076 0.084927 0.001805
2 2 0.001455 0.071479 0.778706 0.145629 0.002731
2 2 0.002313 0.072031 0.819121 0.104129 0.002406
2 2 0.002239 0.055663 0.842376 0.098560 0.001162
2 2 0.002388 0.070791 0.806299 0.119350 0.001173
2 2 0.003308 0.060910 0.636744 0.296522 0.002515
2 2 0.005370 0.104761 0.759842 0.127345 0.002683
2 2 0.020908 0.097701 0.555247 0.318974 0.007170
3 2 0.026279 0.054399 0.370140 0.540856 0.008325
2 2 0.043754 0.092705 0.538162 0.316859 0.008520
2 2 0.007895 0.056821 0.586498 0.341372 0.007414
2 2 0.016858 0.101877 0.568953 0.304913 0.007399
3 2 0.039156 0.051782 0.388758 0.514436 0.005869
3 2 0.054793 0.017512 0.220904 0.701315 0.005476
3 2 0.035207 0.028219 0.238866 0.693577 0.004131
3 2 0.023591 0.052896 0.294935 0.622079 0.006499
3 2 0.116188 0.074198 0.313747 0.491883 0.003984
2 2 0.184737 0.163784 0.504585 0.141116 0.005778
2 2 0.033127 0.267327 0.503302 0.190345 0.005899
2 2 0.022091 0.338621 0.487299 0.148175 0.003813
2 2 0.017240 0.251190 0.548115 0.180051 0.003404
2 2 0.014162 0.174044 0.627292 0.182151 0.002351
2 2 0.023080 0.246980 0.638109 0.089381 0.002451
2 2 0.014610 0.328326 0.591705 0.058979 0.006380
2 2 0.060464 0.201599 0.677934 0.055933 0.004070
2 2 0.018272 0.315480 0.602742 0.057917 0.005588
2 2 0.007880 0.187511 0.706236 0.093724 0.004649
2 2 0.064220 0.333644 0.549861 0.042235 0.010040
2 2 0.082983 0.370980 0.494813 0.031526 0.019698
2 0 0.292369 0.219163 0.406821 0.068978 0.012669
0 0 0.387509 0.240499 0.342925 0.016155 0.012911
0 0 0.377718 0.201425 0.370942 0.039069 0.010846
2 0 0.016817 0.395499 0.558532 0.020992 0.008159
2 1 0.010077 0.343883 0.592721 0.045583 0.007737
2 1 0.009313 0.285786 0.656032 0.042622 0.006247
2 2 0.003639 0.098079 0.834620 0.059696 0.003966
2 2 0.001758 0.095127 0.843687 0.056026 0.003402
2 2 0.000330 0.020110 0.822401 0.156758 0.000402
2 2 0.000407 0.029708 0.883011 0.086479 0.000396
2 2 0.000276 0.030330 0.807622 0.161374 0.000398
2 2 0.000121 0.013994 0.818436 0.167126 0.000322
2 2 0.000518 0.049392 0.858842 0.090657 0.000591
2 2 0.002160 0.088640 0.821884 0.086455 0.000860
2 2 0.001273 0.077251 0.873224 0.047600 0.000652
2 2 0.000726 0.037720 0.800734 0.160207 0.000612
2 2 0.001291 0.106545 0.812218 0.079143 0.000804
2 2 0.001298 0.072423 0.804992 0.120482 0.000805
2 2 0.001763 0.071947 0.651489 0.273725 0.001075
2 2 0.001502 0.074563 0.582542 0.340208 0.001185
2 2 0.002836 0.047546 0.532946 0.415222 0.001450
2 2 0.001163 0.056122 0.689480 0.251879 0.001355
2 2 0.002560 0.057254 0.546339 0.391505 0.002342
3 2 0.000270 0.009337 0.298164 0.692060 0.000169
3 3 0.008452 0.024166 0.290904 0.675712 0.000766
3 3 0.000264 0.010503 0.391020 0.598052 0.000161
3 3 0.000944 0.008392 0.193394 0.797036 0.000234
2 3 0.001141 0.022961 0.629341 0.346233 0.000323
2 2 0.001488 0.055711 0.762731 0.179768 0.000302
3 2 0.000128 0.008784 0.380175 0.610672 0.000242
2 2 0.000397 0.014813 0.528094 0.456402 0.000294
2 2 0.000615 0.018194 0.580517 0.400451 0.000223
2 2 0.000527 0.013298 0.598239 0.387558 0.000378
3 2 0.000135 0.008847 0.291760 0.699036 0.000223
2 2 0.000725 0.032074 0.537403 0.429305 0.000493
3 2 0.000782 0.012898 0.425478 0.560413 0.000429
3 2 0.000438 0.015757 0.407477 0.575939 0.000389
2 2 0.000493 0.022742 0.531706 0.444684 0.000375
3 2 0.001888 0.018375 0.291498 0.686874 0.001364
3 2 0.003348 0.035372 0.325252 0.633567 0.002461
3 2 0.053173 0.083217 0.394921 0.465406 0.003283
3 2 0.005700 0.084374 0.285866 0.622421 0.001639
3 2 0.003432 0.034612 0.308675 0.651586 0.001694
2 2 0.002603 0.120759 0.645836 0.227805 0.002997
2 2 0.004788 0.186719 0.577294 0.229645 0.001554
2 2 0.003793 0.117990 0.589387 0.287338 0.001492
2 2 0.004004 0.166185 0.706801 0.121999 0.001011
2 2 0.004760 0.193545 0.652933 0.147549 0.001212
2 2 0.001165 0.045893 0.680509 0.271453 0.000980
2 2 0.001698 0.053125 0.814026 0.130270 0.000881
2 2 0.002295 0.084692 0.766232 0.146281 0.000499
2 2 0.001344 0.050142 0.703930 0.243858 0.000726
2 2 0.001693 0.065934 0.716368 0.215261 0.000743
3 2 0.001065 0.065131 0.428606 0.504108 0.001090
2 2 0.001617 0.075924 0.565005 0.356534 0.000921
3 2 0.001033 0.044360 0.389298 0.564052 0.001257
2 2 0.001411 0.047480 0.492945 0.457579 0.000585
3 2 0.001098 0.035632 0.348187 0.613914 0.001169
3 2 0.001573 0.019772 0.248695 0.729271 0.000688
3 2 0.002349 0.016930 0.135310 0.844908 0.000504
3 2 0.013811 0.026397 0.194603 0.764075 0.001114
3 2 0.002453 0.011180 0.122552 0.862734 0.001081
3 2 0.001711 0.019303 0.198275 0.779137 0.001575
3 2 0.214004 0.167435 0.295338 0.318703 0.004520
3 0 0.045321 0.099983 0.363601 0.483838 0.007258
3 0 0.020189 0.051436 0.226519 0.696577 0.005278
3 0 0.016870 0.029647 0.299016 0.649951 0.004516
3 0 0.028408 0.051701 0.421680 0.490852 0.007359
0 4 0.587303 0.275347 0.088125 0.004136 0.045090
0 4 0.809388 0.117520 0.047732 0.000671 0.024690
0 4 0.804891 0.082430 0.076632 0.003858 0.032189
0 1 0.413488 0.355968 0.142945 0.014031 0.073567
1 1 0.159255 0.647478 0.134714 0.012235 0.046318
2 4 0.009572 0.279955 0.646189 0.053770 0.010514
2 4 0.003639 0.173465 0.745252 0.070030 0.007615
2 4 0.003788 0.187211 0.732666 0.070949 0.005387
2 4 0.003797 0.162768 0.682332 0.147437 0.003666
2 4 0.002376 0.106682 0.807536 0.078669 0.004737
2 4 0.024473 0.366979 0.538750 0.036309 0.033489
1 4 0.105516 0.679895 0.187483 0.006858 0.020247
0 4 0.397067 0.325775 0.221920 0.013993 0.041245
0 0 0.504930 0.209460 0.198745 0.053682 0.033183
1 0 0.077883 0.629146 0.238120 0.013502 0.041349
2 0 0.008055 0.295629 0.600354 0.079170 0.016793
2 4 0.006510 0.237496 0.659992 0.085899 0.010103
2 4 0.004803 0.208474 0.681732 0.097438 0.007553
2 4 0.002799 0.151409 0.775656 0.064456 0.005680
2 4 0.000824 0.061595 0.887872 0.046256 0.003453
2 4 0.001168 0.095019 0.823155 0.079390 0.001267
2 2 0.000604 0.043589 0.874684 0.080025 0.001098
2 2 0.000914 0.069336 0.864370 0.063728 0.001652
2 2 0.001353 0.070835 0.862729 0.064075 0.001008
2 2 0.000826 0.061965 0.826804 0.109014 0.001391
1 2 0.209479 0.457305 0.287934 0.010733 0.034550
1 2 0.261349 0.574243 0.107042 0.003418 0.053949
0 0 0.752490 0.151041 0.068379 0.001401 0.026688
1 0 0.132930 0.689796 0.123676 0.004949 0.048648
1 1 0.101951 0.660830 0.166225 0.009240 0.061753
2 1 0.054243 0.380193 0.499808 0.042141 0.023615
2 1 0.086394 0.182887 0.651078 0.049749 0.029892
2 0 0.051324 0.189645 0.512740 0.231465 0.014827
2 0 0.014594 0.100530 0.787848 0.087425 0.009604
2 2 0.017999 0.283956 0.625152 0.055987 0.016906
2 2 0.004765 0.069601 0.802841 0.121023 0.001770
2 2 0.019176 0.188800 0.678338 0.110215 0.003472
2 2 0.015421 0.325552 0.567916 0.087387 0.003723
2 2 0.006206 0.225419 0.689740 0.075847 0.002788
2 2 0.001501 0.045462 0.891017 0.059932 0.002089
2 2 0.035977 0.257046 0.639327 0.045398 0.022252
2 2 0.147459 0.395970 0.412779 0.022720 0.021073
0 2 0.749360 0.134588 0.092120 0.012642 0.011290
0 2 0.436802 0.353736 0.176663 0.015374 0.017425
0 0 0.760747 0.086986 0.131324 0.007681 0.013262
0 0 0.940003 0.035550 0.010788 0.000080 0.013578
0 0 0.928038 0.034894 0.013410 0.000038 0.023620
0 0 0.946129 0.029870 0.011447 0.000032 0.012523
0 0 0.966537 0.014653 0.011696 0.000173 0.006941
0 0 0.945875 0.023824 0.019114 0.000383 0.010804
0 0 0.834902 0.083046 0.063474 0.000368 0.018209
0 0 0.829781 0.068192 0.044948 0.000318 0.056761
1 0 0.287425 0.444783 0.137173 0.007187 0.123432
1 1 0.104879 0.696175 0.122728 0.004531 0.071686
1 1 0.130786 0.687422 0.125224 0.004138 0.052430
4 4 0.023535 0.256372 0.037646 0.000129 0.682319
4 4 0.027415 0.334515 0.044289 0.000371 0.593409
4 4 0.030586 0.351169 0.054400 0.000624 0.563221
4 4 0.018271 0.112714 0.023678 0.000058 0.845280
4 4 0.024203 0.249418 0.041808 0.000155 0.684416
4 4 0.089172 0.082350 0.040150 0.001706 0.786622
4 4 0.073189 0.100610 0.032943 0.000921 0.792338
4 4 0.042572 0.390333 0.060275 0.001425 0.505394
4 4 0.080681 0.092678 0.027030 0.000835 0.798776
4 4 0.090579 0.150629 0.041254 0.001913 0.715625
4 4 0.047589 0.257263 0.048497 0.000449 0.646203
4 4 0.061875 0.079837 0.028248 0.000557 0.829484
4 4 0.086290 0.045896 0.023151 0.000895 0.843768
4 4 0.030778 0.346408 0.056206 0.000654 0.565954
4 4 0.037317 0.405915 0.073821 0.001616 0.481331
4 4 0.085427 0.078507 0.021891 0.000697 0.813478
4 4 0.068654 0.024667 0.011102 0.000214 0.895362
4 4 0.099941 0.058980 0.020255 0.000841 0.819983
4 4 0.078694 0.101696 0.022824 0.000639 0.796146
4 4 0.036939 0.307247 0.048910 0.000665 0.606239
4 4 0.044144 0.295524 0.067868 0.001414 0.591049
4 4 0.095814 0.179370 0.041506 0.000200 0.683110
4 4 0.037652 0.395524 0.077963 0.001731 0.487131
4 4 0.056521 0.146880 0.045946 0.000960 0.749694
4 4 0.057048 0.299348 0.056418 0.000435 0.586752
4 4 0.160141 0.098514 0.038266 0.000156 0.702923
4 4 0.084484 0.341654 0.073140 0.001506 0.499216
4 4 0.057187 0.337836 0.084635 0.003484 0.516858
1 4 0.046610 0.450414 0.097226 0.004392 0.401358
4 4 0.053977 0.307985 0.087576 0.003060 0.547402
4 4 0.048299 0.054452 0.023258 0.000286 0.873704
4 4 0.066421 0.079343 0.022343 0.000460 0.831433
4 4 0.047905 0.154005 0.025815 0.000332 0.771944
4 4 0.032622 0.332432 0.068298 0.000928 0.565719
4 4 0.047004 0.167153 0.036692 0.000525 0.748626
1 4 0.028016 0.403866 0.250625 0.007464 0.310028
1 4 0.021644 0.372138 0.312369 0.004079 0.289770
1 4 0.040667 0.513676 0.226173 0.006314 0.213170
1 4 0.058876 0.543042 0.223870 0.002709 0.171503
1 4 0.026396 0.400494 0.267041 0.007519 0.298551
1 4 0.121281 0.543125 0.275235 0.003965 0.056395
1 4 0.058348 0.668088 0.224665 0.006530 0.042369
1 2 0.034651 0.592209 0.311629 0.008922 0.052589
1 2 0.033486 0.546343 0.327050 0.012189 0.080932
1 2 0.040615 0.574255 0.322985 0.008821 0.053324
2 2 0.058289 0.318672 0.325847 0.008863 0.288330
2 2 0.127598 0.215607 0.402758 0.003723 0.250314
1 2 0.071967 0.604478 0.137981 0.003219 0.182355
1 2 0.056217 0.546754 0.272358 0.008412 0.116259
1 2 0.043764 0.626550 0.222458 0.013448 0.093780
2 2 0.013981 0.349510 0.582826 0.019972 0.033711
2 2 0.019712 0.455205 0.479247 0.027291 0.018545
2 2 0.007388 0.316719 0.574552 0.071481 0.029859
2 2 0.009102 0.329791 0.615984 0.029065 0.016059
2 2 0.014302 0.415503 0.535481 0.025146 0.009568
2 2 0.011816 0.230108 0.635921 0.090345 0.031810
2 2 0.039028 0.325390 0.555826 0.069723 0.010032
2 2 0.015505 0.357854 0.536745 0.073219 0.016677
2 3 0.025420 0.303732 0.571623 0.079543 0.019682
2 3 0.034333 0.368084 0.532210 0.042130 0.023243
2 3 0.037036 0.402300 0.541376 0.003739 0.015549
2 2 0.024150 0.467426 0.478464 0.018796 0.011164
2 2 0.020646 0.386020 0.559762 0.019419 0.014153
2 2 0.016132 0.319183 0.632238 0.015403 0.017044
2 2 0.020449 0.427779 0.516794 0.019693 0.015286
2 2 0.032166 0.457126 0.466976 0.020112 0.023620
2 2 0.018625 0.334238 0.588392 0.013161 0.045583
2 2 0.015233 0.347702 0.588245 0.028021 0.020799
2 2 0.008256 0.305383 0.619924 0.037288 0.029148
2 2 0.008789 0.236202 0.705034 0.030832 0.019143
2 2 0.000091 0.008332 0.973774 0.017563 0.000240
2 2 0.000128 0.011106 0.957653 0.030755 0.000358
2 2 0.000096 0.011590 0.951935 0.035958 0.000421
2 2 0.000051 0.005578 0.916440 0.077658 0.000274
2 2 0.000106 0.010835 0.936984 0.051730 0.000345
2 2 0.000347 0.010092 0.932897 0.056426 0.000238
2 2 0.000040 0.007837 0.873877 0.117967 0.000279
2 2 0.000037 0.007991 0.805176 0.186570 0.000226
2 2 0.000161 0.012329 0.859601 0.127537 0.000373
2 2 0.000113 0.011405 0.880755 0.107344 0.000383
2 2 0.000178 0.007628 0.505836 0.485893 0.000465
3 2 0.000413 0.007640 0.489918 0.501431 0.000599
3 2 0.000171 0.008184 0.337776 0.653458 0.000411
2 2 0.000161 0.006750 0.585005 0.407718 0.000366
2 2 0.000394 0.008058 0.555498 0.435325 0.000724
3 2 0.000185 0.003198 0.229395 0.767027 0.000195
3 2 0.000271 0.005477 0.266152 0.727757 0.000342
3 2 0.000099 0.004909 0.213044 0.781693 0.000254
3 2 0.000144 0.004480 0.248438 0.746567 0.000371
3 2 0.000090 0.001222 0.084419 0.914031 0.000238
3 2 0.000061 0.000792 0.024934 0.974101 0.000111
3 2 0.000154 0.001600 0.060499 0.937573 0.000175
3 2 0.000172 0.000954 0.023134 0.975579 0.000161
3 3 0.000072 0.000643 0.015719 0.983429 0.000137
3 3 0.000086 0.000419 0.011385 0.988043 0.000066
3 3 0.000073 0.000496 0.012378 0.986976 0.000076
3 3 0.000042 0.000262 0.006790 0.992864 0.000042
3 3 0.000022 0.000153 0.004200 0.995602 0.000024
3 3 0.000119 0.000553 0.015915 0.983334 0.000079
3 3 0.000015 0.000141 0.005676 0.994136 0.000031
3 3 0.000034 0.000112 0.002807 0.997021 0.000025
3 3 0.000021 0.000116 0.003174 0.996667 0.000022
3 3 0.000064 0.000458 0.011129 0.988297 0.000053
3 3 0.000203 0.000546 0.010099 0.989084 0.000069
3 3 0.000172 0.000806 0.011345 0.987605 0.000071
3 3 0.000288 0.000754 0.015447 0.983415 0.000096
3 3 0.000310 0.000686 0.010739 0.988166 0.000099
3 3 0.000321 0.000865 0.009442 0.989262 0.000111
3 3 0.000330 0.001257 0.014076 0.984195 0.000143
3 3 0.000290 0.000534 0.005921 0.993167 0.000088
3 3 0.000174 0.000509 0.006236 0.993012 0.000069
3 3 0.000278 0.000886 0.010073 0.988639 0.000123
3 3 0.000365 0.000621 0.006386 0.992535 0.000093
3 3 0.000268 0.000653 0.007517 0.991478 0.000085
3 3 0.000282 0.000711 0.007786 0.991097 0.000124
3 3 0.000409 0.000605 0.002918 0.995973 0.000095
3 3 0.000467 0.000685 0.004889 0.993842 0.000117
3 3 0.000430 0.000609 0.003238 0.995621 0.000102
3 3 0.000446 0.000602 0.004796 0.994047 0.000108
3 3 0.000382 0.000407 0.002444 0.996682 0.000085
3 3 0.000126 0.000177 0.001980 0.997676 0.000041
3 3 0.000111 0.000103 0.001526 0.998225 0.000034
3 3 0.000159 0.000217 0.002067 0.997509 0.000047
3 3 0.000160 0.000206 0.002118 0.997467 0.000050
3 3 0.000185 0.000235 0.002621 0.996906 0.000053
3 3 0.000114 0.000219 0.002510 0.997123 0.000035
3 3 0.000072 0.000078 0.001050 0.998783 0.000018
3 3 0.000051 0.000067 0.001259 0.998605 0.000017
3 3 0.000095 0.000165 0.002177 0.997524 0.000038
3 3 0.000082 0.000082 0.001039 0.998779 0.000018
3 3 0.000208 0.000195 0.001174 0.998391 0.000032
3 3 0.000131 0.000138 0.001550 0.998145 0.000035
3 3 0.000214 0.000151 0.001198 0.998401 0.000036
3 3 0.000251 0.000223 0.001823 0.997647 0.000056
3 3 0.000195 0.000174 0.001733 0.997850 0.000049
3 3 0.000189 0.000257 0.003218 0.996280 0.000056
3 3 0.000170 0.000159 0.001721 0.997906 0.000045
3 3 0.000152 0.000196 0.001872 0.997738 0.000043
3 3 0.000145 0.000237 0.002814 0.996744 0.000060
3 3 0.000127 0.000124 0.001474 0.998241 0.000034
3 3 0.000140 0.000081 0.000811 0.998947 0.000022
3 3 0.000177 0.000176 0.001834 0.997765 0.000048
3 3 0.000186 0.000118 0.000925 0.998745 0.000027
3 3 0.000212 0.000199 0.001722 0.997818 0.000049
3 3 0.000136 0.000193 0.001590 0.998048 0.000033
3 3 0.000075 0.000130 0.002132 0.997629 0.000034
3 3 0.000116 0.000099 0.001063 0.998697 0.000024
3 3 0.000082 0.000113 0.001490 0.998291 0.000025
3 3 0.000070 0.000092 0.001189 0.998630 0.000020
3 3 0.000104 0.000104 0.001063 0.998707 0.000022
3 3 0.000153 0.000234 0.001994 0.997575 0.000043
3 3 0.000125 0.000130 0.000982 0.998743 0.000021
3 3 0.000135 0.000140 0.001207 0.998490 0.000027
3 3 0.000091 0.000086 0.001148 0.998653 0.000022
3 3 0.000146 0.000178 0.001485 0.998159 0.000033
3 3 0.000153 0.000709 0.009207 0.989799 0.000132
3 3 0.000241 0.000447 0.002884 0.996369 0.000058
3 3 0.000627 0.001607 0.022649 0.974908 0.000209
3 3 0.001647 0.003826 0.033020 0.961078 0.000430
3 3 0.000796 0.003530 0.051000 0.944436 0.000237
3 3 0.001822 0.010753 0.348026 0.637902 0.001496
3 3 0.000783 0.015115 0.443200 0.539746 0.001156
2 2 0.000960 0.022097 0.512927 0.462608 0.001407
2 2 0.001038 0.022147 0.647833 0.328143 0.000839
3 2 0.000252 0.009028 0.385098 0.604879 0.000743
2 2 0.005558 0.204428 0.650088 0.081871 0.058056
2 2 0.002302 0.146807 0.690314 0.089633 0.070944
2 2 0.003013 0.151319 0.713726 0.075502 0.056439
2 2 0.004322 0.209897 0.629617 0.090773 0.065391
2 2 0.003496 0.179265 0.706706 0.033812 0.076721
2 2 0.004497 0.218437 0.592530 0.062747 0.121789
2 2 0.005340 0.217021 0.602031 0.072268 0.103339
2 2 0.014965 0.346806 0.525053 0.010853 0.102323
2 2 0.010856 0.283378 0.560888 0.011352 0.133526
2 2 0.008220 0.287549 0.611290 0.018662 0.074279
2 2 0.015926 0.321342 0.373468 0.029596 0.259669
2 2 0.011849 0.267816 0.409748 0.021666 0.288922
2 4 0.006402 0.205793 0.417879 0.008804 0.361122
1 4 0.024734 0.408479 0.345649 0.026406 0.194733
2 4 0.015565 0.319920 0.394050 0.018241 0.252223
2 4 0.007355 0.258257 0.508106 0.045408 0.180874
2 4 0.013738 0.325914 0.470116 0.032912 0.157321
2 4 0.007694 0.246227 0.505730 0.038367 0.201982
2 4 0.010101 0.312704 0.525215 0.031829 0.120151
2 4 0.007682 0.262930 0.543852 0.023339 0.162197
2 4 0.008321 0.263253 0.600471 0.014972 0.112983
2 4 0.006385 0.225147 0.623522 0.015654 0.129293
2 4 0.003479 0.184131 0.635984 0.061765 0.114642
2 4 0.003883 0.192889 0.651799 0.034063 0.117365
2 4 0.004318 0.191085 0.679150 0.027964 0.097484
2 4 0.002980 0.140260 0.802315 0.035630 0.018814
2 4 0.006613 0.211680 0.743871 0.027476 0.010360
2 4 0.002528 0.127235 0.821446 0.042508 0.006282
2 4 0.003170 0.125001 0.825326 0.039044 0.007458
2 4 0.004867 0.117205 0.849827 0.025471 0.002631
2 2 0.010331 0.232284 0.730649 0.023234 0.003502
2 2 0.017808 0.269525 0.669234 0.033203 0.010230
2 2 0.006367 0.179897 0.782913 0.028998 0.001826
2 2 0.002930 0.102293 0.878861 0.013734 0.002181
2 2 0.002607 0.115169 0.852407 0.028106 0.001710
2 2 0.001622 0.052095 0.916010 0.029195 0.001079
2 2 0.003168 0.098487 0.831273 0.065449 0.001623
2 2 0.002306 0.099657 0.851377 0.045626 0.001035
2 2 0.002602 0.097904 0.836567 0.061368 0.001559
2 2 0.059925 0.246073 0.599740 0.089906 0.004356
2 2 0.050837 0.386977 0.542263 0.011297 0.008626
2 2 0.015101 0.375074 0.517945 0.084173 0.007706
2 2 0.008380 0.266353 0.641061 0.072938 0.011268
2 2 0.008380 0.128595 0.802714 0.057122 0.003189
2 2 0.007931 0.238068 0.704630 0.039946 0.009426
2 2 0.000725 0.069288 0.885600 0.043671 0.000717
2 2 0.002096 0.094777 0.830683 0.071793 0.000650
2 2 0.001187 0.047570 0.878322 0.072354 0.000567
2 2 0.002247 0.066443 0.879427 0.051533 0.000349
2 2 0.000547 0.060931 0.858682 0.078824 0.001015
2 2 0.001922 0.046975 0.864463 0.085920 0.000720
2 2 0.002788 0.047378 0.813413 0.135342 0.001079
2 2 0.001014 0.074048 0.744051 0.179880 0.001006
2 2 0.003018 0.120864 0.765254 0.109850 0.001013
2 2 0.002892 0.101879 0.715811 0.178015 0.001403
2 2 0.031134 0.231011 0.676453 0.054020 0.007382
2 2 0.027856 0.378342 0.549316 0.031553 0.012933
1 2 0.017009 0.459670 0.452262 0.055787 0.015273
2 2 0.015023 0.406351 0.531916 0.033664 0.013046
2 2 0.004348 0.088009 0.695184 0.204564 0.007895
2 2 0.000091 0.016468 0.828415 0.154717 0.000308
2 2 0.000260 0.014747 0.921281 0.063446 0.000266
2 2 0.000146 0.015804 0.872993 0.110800 0.000257
2 2 0.000184 0.019187 0.878856 0.101463 0.000310
2 2 0.000094 0.012352 0.888153 0.099029 0.000372
2 2 0.001687 0.055407 0.859329 0.082195 0.001382
2 2 0.001707 0.052057 0.840376 0.104743 0.001117
2 2 0.002027 0.088468 0.781330 0.126527 0.001647
2 2 0.001010 0.039691 0.790711 0.167079 0.001509
2 2 0.001183 0.054577 0.836409 0.106599 0.001233
2 2 0.002398 0.037156 0.625681 0.333842 0.000923
2 2 0.001248 0.030503 0.738246 0.228905 0.001098
2 2 0.000806 0.025433 0.746685 0.226594 0.000482
2 2 0.001282 0.034660 0.700194 0.263009 0.000855
2 2 0.000987 0.023855 0.643734 0.330518 0.000905
2 2 0.005762 0.116135 0.552204 0.320115 0.005785
2 2 0.011956 0.161001 0.587886 0.231907 0.007250
2 2 0.060696 0.167580 0.539252 0.225871 0.006601
2 0 0.090914 0.214564 0.581237 0.109376 0.003909
2 0 0.166131 0.176214 0.544474 0.109206 0.003975
2 0 0.005368 0.199858 0.509578 0.283013 0.002182
2 2 0.005614 0.086094 0.456346 0.448116 0.003830
2 2 0.004314 0.126497 0.665303 0.202479 0.001407
2 2 0.004052 0.092895 0.592916 0.307577 0.002559
2 2 0.001784 0.049987 0.644292 0.302823 0.001114
2 2 0.001393 0.081287 0.757848 0.158466 0.001006
2 2 0.001473 0.072930 0.741905 0.182836 0.000856
2 2 0.002963 0.121377 0.685963 0.188759 0.000938
2 2 0.002134 0.109873 0.696433 0.190553 0.001007
2 2 0.001613 0.056020 0.662610 0.278658 0.001099
2 2 0.085855 0.141695 0.408445 0.361660 0.002345
2 2 0.003318 0.125969 0.554774 0.314667 0.001273
2 2 0.002632 0.025793 0.600958 0.369107 0.001508
3 2 0.001596 0.023669 0.476541 0.497249 0.000945
2 2 0.001944 0.038167 0.609139 0.349866 0.000883
2 2 0.022609 0.185690 0.446256 0.325736 0.019708
0 2 0.689663 0.125284 0.119075 0.059890 0.006088
0 0 0.681740 0.142567 0.144899 0.023181 0.007614
0 0 0.342356 0.309698 0.296372 0.034652 0.016922
1 2 0.074865 0.584049 0.282785 0.043014 0.015287
2 2 0.011746 0.344276 0.592630 0.024261 0.027086
1 4 0.026243 0.524842 0.427444 0.008971 0.012500
2 4 0.031735 0.428808 0.522361 0.005038 0.012058
2 4 0.021594 0.453245 0.492106 0.018318 0.014738
2 4 0.010407 0.333865 0.596773 0.039596 0.019359
2 4 0.003027 0.162574 0.808078 0.023043 0.003278
2 2 0.000668 0.054113 0.844529 0.099682 0.001007
2 2 0.000501 0.055823 0.864874 0.077629 0.001172
2 2 0.000970 0.037213 0.796281 0.164428 0.001108
2 2 0.001171 0.050599 0.895904 0.051453 0.000873
1 2 0.058899 0.595674 0.284851 0.009315 0.051262
1 2 0.127500 0.545807 0.252143 0.013874 0.060675
1 2 0.179865 0.516336 0.240370 0.004893 0.058536
1 2 0.071289 0.692199 0.211079 0.004502 0.020932
1 4 0.063533 0.606828 0.266266 0.017257 0.046116
2 4 0.006653 0.251966 0.700890 0.029230 0.011260
2 4 0.006474 0.245097 0.678040 0.065308 0.005082
2 4 0.007574 0.253099 0.705643 0.025212 0.008472
2 4 0.003054 0.143760 0.801271 0.041410 0.010505
2 4 0.003105 0.135294 0.808198 0.050466 0.002937
2 2 0.000509 0.053695 0.833790 0.111568 0.000437
2 2 0.000549 0.026803 0.881341 0.090956 0.000351
2 2 0.000493 0.020765 0.880281 0.097961 0.000500
2 2 0.000176 0.021902 0.851104 0.126508 0.000309
2 2 0.000655 0.046102 0.904457 0.048424 0.000363
2 2 0.019936 0.205452 0.726112 0.043663 0.004837
1 2 0.027598 0.489776 0.458336 0.018012 0.006278
2 2 0.042640 0.452237 0.491324 0.006990 0.006809
2 2 0.019298 0.430365 0.515298 0.029607 0.005433
2 2 0.016942 0.313913 0.644220 0.019225 0.005699
2 2 0.000384 0.052325 0.916324 0.030450 0.000518
2 2 0.000372 0.052072 0.919120 0.027997 0.000439
2 2 0.000708 0.074198 0.881762 0.042679 0.000653
2 2 0.000223 0.044728 0.902082 0.052603 0.000364
2 2 0.000710 0.072537 0.884423 0.041595 0.000734
2 2 0.001279 0.047949 0.888317 0.061077 0.001378
2 2 0.005901 0.234838 0.730698 0.025749 0.002813
2 2 0.003206 0.139700 0.818303 0.036608 0.002182
2 2 0.004302 0.141472 0.820863 0.031429 0.001934
2 2 0.020021 0.296575 0.640374 0.040556 0.002473
2 2 0.029469 0.418281 0.512630 0.022064 0.017556
1 2 0.037112 0.539518 0.394391 0.016260 0.012720
1 2 0.028081 0.495346 0.437525 0.020088 0.018960
2 2 0.025101 0.400894 0.542134 0.014049 0.017821
2 2 0.016077 0.356093 0.538531 0.036921 0.052378
1 2 0.027043 0.447988 0.447820 0.039883 0.037266
2 2 0.016517 0.285277 0.548629 0.092747 0.056830
1 2 0.055728 0.475066 0.393646 0.035786 0.039773
2 0 0.240969 0.305852 0.383564 0.029243 0.040373
1 0 0.101181 0.422204 0.411790 0.036491 0.028333
1 0 0.030239 0.511977 0.409752 0.012143 0.035889
