0 0 0.976281 0.009953 0.001559 0.000006 0.012201
0 0 0.954278 0.030438 0.002297 0.000003 0.012984
0 0 0.957177 0.029802 0.001765 0.000002 0.011255
0 0 0.978192 0.008294 0.001460 0.000007 0.012047
0 0 0.971111 0.013218 0.002037 0.000008 0.013626
0 0 0.991417 0.003110 0.000258 0.000000 0.005215
0 0 0.994343 0.001145 0.000149 0.000000 0.004363
0 0 0.991636 0.003112 0.000240 0.000000 0.005012
0 0 0.985591 0.003896 0.000826 0.000005 0.009682
0 0 0.988729 0.002410 0.000536 0.000003 0.008321
0 0 0.956449 0.022296 0.003669 0.000017 0.017568
0 0 0.839859 0.123363 0.011664 0.000027 0.025086
0 0 0.899117 0.069413 0.008283 0.000026 0.023161
0 0 0.695161 0.262700 0.016912 0.000023 0.025204
0 0 0.738895 0.214577 0.018416 0.000038 0.028073
0 0 0.868999 0.103426 0.007354 0.000011 0.020210
0 0 0.975985 0.011735 0.001333 0.000003 0.010944
0 0 0.969506 0.012027 0.002613 0.000018 0.015836
0 0 0.963883 0.015826 0.003200 0.000021 0.017072
0 0 0.971857 0.007809 0.002819 0.000042 0.017472
0 0 0.987741 0.001908 0.000696 0.000010 0.009645
0 0 0.964400 0.019418 0.002309 0.000007 0.013866
0 0 0.983420 0.007907 0.000688 0.000001 0.007984
0 0 0.988819 0.005272 0.000329 0.000000 0.005580
0 1 0.991097 0.003467 0.000261 0.000000 0.005175
0 1 0.560427 0.301742 0.021112 0.000001 0.116718
0 1 0.497063 0.358825 0.026614 0.000001 0.117496
0 1 0.424611 0.304152 0.022800 0.000052 0.248384
1 0 0.349768 0.433560 0.018369 0.000002 0.198301
0 0 0.584266 0.170059 0.029602 0.000069 0.216004
0 0 0.981991 0.006264 0.001094 0.000005 0.010647
0 0 0.979798 0.007638 0.001273 0.000006 0.011286
0 0 0.986105 0.005460 0.000609 0.000001 0.007825
0 0 0.985208 0.004651 0.000805 0.000004 0.009332
0 0 0.976684 0.012314 0.001121 0.000002 0.009879
0 1 0.885726 0.072350 0.005920 0.000002 0.036002
1 1 0.365448 0.544387 0.029791 0.000003 0.060371
0 1 0.563466 0.369339 0.017833 0.000003 0.049359
1 1 0.411343 0.485651 0.034483 0.000006 0.068517
1 2 0.281985 0.432829 0.047350 0.000260 0.237577
1 2 0.253154 0.468576 0.208944 0.002506 0.066820
1 2 0.173173 0.501578 0.234712 0.007464 0.083073
1 2 0.324354 0.497236 0.114900 0.000994 0.062517
1 2 0.294933 0.492613 0.169393 0.000851 0.042210
1 2 0.289296 0.483350 0.171362 0.000984 0.055007
1 2 0.271477 0.383762 0.309294 0.005809 0.029658
1 2 0.307571 0.413049 0.245084 0.003392 0.030905
1 2 0.234593 0.367153 0.365835 0.007219 0.025199
2 2 0.193422 0.355460 0.424950 0.007316 0.018852
1 2 0.277806 0.401468 0.288300 0.004362 0.028065
2 2 0.064781 0.176987 0.724403 0.026704 0.007126
2 2 0.077080 0.203106 0.690303 0.021406 0.008106
2 2 0.062980 0.169501 0.730286 0.030018 0.007216
2 2 0.093853 0.220349 0.653092 0.022151 0.010554
2 0 0.094976 0.228270 0.647097 0.019467 0.010190
0 1 0.524419 0.335052 0.094407 0.000988 0.045134
1 2 0.360196 0.468017 0.117059 0.001544 0.053184
1 2 0.271808 0.424300 0.244410 0.005594 0.053888
1 2 0.410693 0.436428 0.115035 0.000901 0.036942
1 2 0.270455 0.391108 0.292370 0.009287 0.036780
2 2 0.209182 0.356380 0.404934 0.007811 0.021694
2 1 0.230077 0.349156 0.384545 0.009420 0.026802
1 2 0.281794 0.394679 0.288924 0.004848 0.029755
2 1 0.186773 0.342734 0.432882 0.014268 0.023344
0 2 0.407284 0.361399 0.184286 0.003321 0.043709
1 2 0.203806 0.521894 0.162083 0.003020 0.109197
1 2 0.151415 0.382986 0.370369 0.022453 0.072776
1 2 0.223329 0.393456 0.342104 0.001662 0.039449
1 2 0.202467 0.452329 0.293615 0.005347 0.046241
1 2 0.118787 0.494747 0.307309 0.006959 0.072197
2 2 0.095312 0.208940 0.655389 0.028469 0.011889
2 2 0.166024 0.289318 0.505422 0.018170 0.021066
2 2 0.151608 0.288910 0.527182 0.015054 0.017246
2 2 0.098811 0.234506 0.637489 0.018647 0.010547
2 2 0.114943 0.246956 0.605476 0.019536 0.013089
2 2 0.197496 0.336757 0.434079 0.009977 0.021690
2 1 0.148661 0.308213 0.517627 0.010703 0.014796
2 2 0.088947 0.207467 0.667318 0.025803 0.010465
2 2 0.108907 0.238389 0.619502 0.020728 0.012474
2 2 0.150438 0.292924 0.526120 0.013939 0.016579
2 2 0.111310 0.256517 0.605092 0.015579 0.011503
2 2 0.093480 0.218274 0.654723 0.022887 0.010636
2 2 0.073232 0.181539 0.705756 0.030694 0.008780
2 2 0.062117 0.167338 0.732650 0.030733 0.007163
2 2 0.179666 0.357529 0.440083 0.006498 0.016224
2 2 0.030940 0.095212 0.807647 0.062033 0.004168
2 2 0.070645 0.169171 0.713208 0.037833 0.009143
2 2 0.034630 0.106673 0.802374 0.051916 0.004408
2 2 0.040582 0.101596 0.761920 0.089151 0.006751
2 2 0.018110 0.058315 0.809432 0.111233 0.002910
2 2 0.115133 0.228582 0.614010 0.027324 0.014951
2 2 0.036916 0.111493 0.796587 0.050313 0.004692
2 2 0.070019 0.174967 0.713914 0.032592 0.008507
2 1 0.067486 0.171891 0.719958 0.032543 0.008122
2 2 0.121028 0.239522 0.599807 0.024373 0.015270
2 2 0.073613 0.171725 0.706373 0.038587 0.009702
2 2 0.048274 0.130706 0.766745 0.047939 0.006336
2 2 0.085973 0.208022 0.672349 0.023929 0.009727
2 2 0.076656 0.165850 0.698884 0.047486 0.011124
2 2 0.066964 0.178087 0.719575 0.027824 0.007549
2 1 0.102357 0.220741 0.638606 0.025768 0.012529
2 2 0.065590 0.170523 0.724359 0.031764 0.007764
2 2 0.098882 0.212912 0.647646 0.028151 0.012409
2 2 0.080813 0.195163 0.686813 0.027681 0.009530
2 2 0.099431 0.229262 0.639404 0.020808 0.011096
2 2 0.018426 0.064259 0.829906 0.084791 0.002617
2 2 0.059679 0.151353 0.739296 0.041923 0.007749
2 2 0.070411 0.185097 0.710356 0.026283 0.007853
2 2 0.044289 0.122657 0.776113 0.051072 0.005868
2 2 0.064293 0.163828 0.728184 0.035746 0.007949
2 2 0.049520 0.118262 0.752701 0.071740 0.007777
2 2 0.049372 0.137652 0.765528 0.041331 0.006116
2 2 0.047481 0.127006 0.767558 0.051550 0.006406
2 2 0.051505 0.135587 0.758554 0.047526 0.006827
2 2 0.042886 0.118834 0.778743 0.053765 0.005772
2 2 0.060920 0.156665 0.736241 0.038503 0.007671
2 2 0.099404 0.197188 0.650477 0.038724 0.014208
2 2 0.102285 0.233960 0.632326 0.020077 0.011352
2 2 0.088025 0.215801 0.665131 0.021443 0.009599
2 2 0.119014 0.267591 0.586694 0.014475 0.012226
2 2 0.113030 0.259373 0.600728 0.015231 0.011638
2 2 0.174995 0.319521 0.475180 0.011298 0.019006
2 2 0.055720 0.151745 0.749547 0.036277 0.006710
2 2 0.131220 0.258934 0.574324 0.019817 0.015705
2 2 0.066397 0.179589 0.720252 0.026443 0.007318
2 2 0.060400 0.161705 0.737482 0.033265 0.007147
2 2 0.120975 0.238893 0.600176 0.024632 0.015324
2 2 0.115137 0.247642 0.604795 0.019355 0.013071
2 2 0.042635 0.138879 0.784433 0.029590 0.004463
2 2 0.113306 0.226642 0.617803 0.027559 0.014690
1 2 0.218909 0.380619 0.374123 0.005600 0.020749
2 2 0.166089 0.311058 0.492771 0.012035 0.018048
2 2 0.157720 0.304609 0.508325 0.012389 0.016956
2 2 0.141380 0.273944 0.550855 0.017313 0.016507
2 2 0.098090 0.230244 0.641026 0.019921 0.010719
2 1 0.163249 0.301117 0.503370 0.013762 0.018501
2 2 0.232953 0.365299 0.369216 0.007398 0.025133
2 2 0.129880 0.291885 0.554543 0.011198 0.012494
2 2 0.209532 0.357828 0.403397 0.007651 0.021593
2 2 0.082366 0.225849 0.662275 0.017541 0.011969
2 2 0.223820 0.371159 0.375752 0.006582 0.022687
2 2 0.189949 0.359192 0.426223 0.006771 0.017864
2 2 0.203729 0.358802 0.409732 0.007339 0.020398
2 2 0.130177 0.264219 0.572805 0.017865 0.014933
2 2 0.180232 0.320191 0.467942 0.011608 0.020027
0 0 0.493963 0.278377 0.188642 0.002927 0.036091
0 1 0.850620 0.096777 0.018627 0.000128 0.033849
0 1 0.560309 0.346432 0.052445 0.000281 0.040534
0 1 0.448491 0.425558 0.081024 0.000710 0.044217
1 2 0.411245 0.447750 0.096776 0.001156 0.043072
0 0 0.470909 0.389954 0.069696 0.002386 0.067056
0 0 0.712246 0.228581 0.026009 0.000085 0.033080
0 0 0.907545 0.054878 0.010348 0.000066 0.027164
0 0 0.925626 0.032659 0.011076 0.000169 0.030471
0 1 0.574191 0.382160 0.019967 0.000020 0.023661
0 1 0.531682 0.417327 0.023265 0.000020 0.027706
1 0 0.388233 0.494811 0.058821 0.000139 0.057996
0 0 0.582837 0.368454 0.022836 0.000030 0.025842
0 1 0.526315 0.375366 0.052620 0.000175 0.045525
1 1 0.309366 0.499324 0.091688 0.001438 0.098184
1 1 0.293654 0.390524 0.278252 0.005102 0.032468
1 1 0.294394 0.405018 0.266383 0.004017 0.030188
0 1 0.466743 0.410998 0.077259 0.000596 0.044404
1 1 0.300637 0.383462 0.275285 0.005649 0.034966
1 1 0.238175 0.386948 0.346184 0.005359 0.023335
1 1 0.357589 0.438027 0.170001 0.001622 0.032761
0 1 0.448501 0.417208 0.090657 0.000750 0.042884
1 1 0.355196 0.417482 0.188317 0.002455 0.036551
1 2 0.398515 0.427149 0.134473 0.001324 0.038538
1 2 0.393392 0.439908 0.130371 0.001063 0.035266
1 1 0.366869 0.428998 0.166884 0.001789 0.035460
2 1 0.171604 0.306058 0.488940 0.013617 0.019782
1 0 0.400441 0.450711 0.114867 0.000746 0.033235
0 1 0.444244 0.395640 0.108939 0.001398 0.049779
1 0 0.374291 0.397811 0.181451 0.003073 0.043374
0 1 0.473271 0.422397 0.063878 0.000351 0.040103
0 1 0.473371 0.422585 0.063666 0.000348 0.040031
1 1 0.397024 0.400986 0.154561 0.002340 0.045088
0 1 0.471237 0.418671 0.068147 0.000420 0.041525
0 1 0.474205 0.424176 0.061878 0.000321 0.039419
0 1 0.724283 0.226637 0.020093 0.000044 0.028942
0 0 0.807522 0.151189 0.014379 0.000034 0.026876
0 0 0.953116 0.025694 0.003748 0.000015 0.017427
0 0 0.962028 0.010993 0.004712 0.000095 0.022172
0 0 0.977450 0.009668 0.001389 0.000005 0.011487
0 0 0.956137 0.018804 0.004615 0.000041 0.020404
0 0 0.895392 0.036435 0.022940 0.000928 0.044304
0 0 0.929173 0.053055 0.003263 0.000004 0.014505
0 0 0.972011 0.012870 0.001911 0.000007 0.013201
0 0 0.963531 0.015624 0.003333 0.000023 0.017489
0 0 0.951433 0.027480 0.002140 0.000001 0.018947
0 4 0.968935 0.016312 0.001109 0.000001 0.013643
0 4 0.929617 0.038626 0.002837 0.000006 0.028914
0 4 0.812419 0.115488 0.007995 0.000030 0.064068
0 4 0.771170 0.121026 0.008607 0.000011 0.099186
0 4 0.661886 0.102552 0.011710 0.000019 0.223833
0 4 0.540371 0.134267 0.014355 0.000029 0.310977
0 4 0.455141 0.128353 0.011623 0.000071 0.404812
0 4 0.656635 0.150497 0.008694 0.000022 0.184151
0 4 0.511807 0.237389 0.015349 0.000011 0.235445
4 4 0.165917 0.118197 0.005703 0.000006 0.710177
4 4 0.387807 0.118133 0.004920 0.000002 0.489138
4 4 0.232638 0.131818 0.004941 0.000002 0.630601
4 4 0.227528 0.028680 0.004283 0.000022 0.739487
4 4 0.280688 0.066224 0.005784 0.000002 0.647302
0 4 0.609318 0.149594 0.036398 0.000085 0.204606
0 4 0.879392 0.027677 0.005350 0.000029 0.087552
0 4 0.866965 0.057639 0.007001 0.000013 0.068382
0 4 0.545484 0.107289 0.030411 0.000429 0.316387
0 1 0.850938 0.052257 0.006841 0.000040 0.089923
0 4 0.855160 0.063404 0.003638 0.000000 0.077797
0 4 0.499306 0.029734 0.004589 0.000068 0.466303
4 4 0.355402 0.059017 0.009705 0.000150 0.575727
0 4 0.505978 0.139836 0.009639 0.000019 0.344528
0 4 0.534475 0.040744 0.005784 0.000035 0.418962
1 4 0.180011 0.457197 0.090308 0.000012 0.272473
1 4 0.212136 0.449938 0.028254 0.000007 0.309666
1 4 0.223314 0.455306 0.028022 0.000003 0.293356
4 4 0.296614 0.306322 0.026248 0.000009 0.370806
4 4 0.117581 0.391574 0.033324 0.000057 0.457464
1 4 0.159853 0.584723 0.082208 0.000059 0.173158
1 4 0.152538 0.555323 0.071564 0.000116 0.220460
1 4 0.083896 0.620718 0.073306 0.000036 0.222044
1 4 0.094469 0.521894 0.059996 0.000040 0.323601
1 2 0.122776 0.578494 0.077832 0.000064 0.220834
2 2 0.145801 0.392187 0.419202 0.004010 0.038800
1 1 0.145277 0.465744 0.356772 0.001450 0.030756
1 2 0.177255 0.427842 0.354285 0.002857 0.037761
1 2 0.212349 0.440811 0.311005 0.002528 0.033307
1 2 0.139582 0.423445 0.391368 0.005013 0.040592
1 2 0.294823 0.398516 0.264806 0.004505 0.037351
1 2 0.257202 0.395867 0.316008 0.004800 0.026123
1 2 0.266746 0.459547 0.237278 0.001799 0.034630
2 2 0.179674 0.355656 0.433010 0.007312 0.024349
1 2 0.212192 0.387975 0.376074 0.004881 0.018879
2 2 0.168382 0.343499 0.465270 0.007396 0.015453
2 2 0.134520 0.295683 0.544756 0.011306 0.013735
2 2 0.098256 0.238596 0.635916 0.017105 0.010127
2 2 0.167272 0.334453 0.473815 0.008427 0.016032
2 2 0.137003 0.302442 0.537211 0.010309 0.013036
2 1 0.150184 0.328483 0.499989 0.007899 0.013446
2 1 0.154783 0.302449 0.513736 0.012475 0.016558
2 2 0.159812 0.295083 0.504181 0.015788 0.025136
2 2 0.202393 0.333093 0.430517 0.010832 0.023165
2 2 0.221618 0.335338 0.404671 0.011354 0.027019
2 2 0.182696 0.340203 0.450065 0.008651 0.018385
2 2 0.124564 0.302366 0.553489 0.008785 0.010796
2 2 0.101711 0.228396 0.636160 0.022045 0.011687
2 1 0.112307 0.255502 0.604285 0.016115 0.011790
2 2 0.212085 0.329113 0.420936 0.012050 0.025815
2 2 0.139045 0.256895 0.563717 0.022506 0.017837
2 2 0.142739 0.285193 0.541802 0.014585 0.015681
2 2 0.114693 0.273192 0.588846 0.012317 0.010952
2 2 0.110841 0.252838 0.608131 0.016498 0.011692
2 2 0.108894 0.250469 0.612503 0.016667 0.011467
2 2 0.145603 0.277085 0.542969 0.017198 0.017144
2 1 0.143055 0.282117 0.543380 0.015397 0.016051
2 2 0.184110 0.315138 0.466394 0.012898 0.021461
2 2 0.195481 0.360933 0.418101 0.006807 0.018678
2 2 0.160752 0.284080 0.517539 0.017732 0.019897
2 2 0.126929 0.275153 0.570453 0.014225 0.013241
2 2 0.138203 0.288806 0.545543 0.013054 0.014394
2 2 0.131078 0.293786 0.551535 0.011024 0.012578
2 2 0.130360 0.295685 0.551066 0.010589 0.012300
2 2 0.113548 0.257161 0.601409 0.015962 0.011919
2 2 0.074903 0.187180 0.700824 0.028347 0.008746
2 2 0.091237 0.208290 0.662915 0.026614 0.010944
2 2 0.062912 0.152484 0.730978 0.045102 0.008524
2 2 0.073193 0.175263 0.707008 0.035253 0.009283
2 2 0.043087 0.124908 0.781363 0.045248 0.005393
2 2 0.171334 0.310196 0.486490 0.012726 0.019254
2 2 0.052103 0.151306 0.758663 0.032051 0.005876
2 2 0.055212 0.139361 0.748777 0.049118 0.007532
2 2 0.057398 0.148290 0.744923 0.041996 0.007394
2 0 0.074558 0.173599 0.704164 0.037894 0.009785
2 1 0.269861 0.277343 0.411573 0.013086 0.028137
1 1 0.264706 0.389927 0.312566 0.005267 0.027534
2 2 0.148079 0.279446 0.538047 0.016970 0.017459
2 0 0.140976 0.277488 0.549236 0.016246 0.016053
0 1 0.394193 0.315787 0.244172 0.005679 0.040169
0 2 0.462503 0.404291 0.085550 0.000793 0.046862
1 2 0.354262 0.407494 0.196724 0.002975 0.038545
1 1 0.336490 0.391135 0.228461 0.004402 0.039511
0 2 0.461185 0.402289 0.088080 0.000861 0.047585
1 1 0.361107 0.395541 0.197631 0.003535 0.042186
1 2 0.253786 0.407024 0.311708 0.004001 0.023480
1 1 0.264486 0.390752 0.312185 0.005199 0.027378
1 2 0.303011 0.427280 0.238971 0.002701 0.028037
1 1 0.299685 0.381645 0.277703 0.005831 0.035136
1 1 0.288022 0.391128 0.284360 0.005096 0.031393
1 2 0.398416 0.431285 0.131542 0.001210 0.037547
1 1 0.250349 0.398922 0.322281 0.004531 0.023916
1 1 0.282075 0.400759 0.283907 0.004393 0.028867
1 1 0.351028 0.447760 0.169435 0.001413 0.030365
1 1 0.257604 0.395925 0.316196 0.004778 0.025497
1 2 0.349754 0.409983 0.199913 0.002927 0.037423
1 1 0.309905 0.385433 0.263082 0.005349 0.036231
1 1 0.322302 0.421921 0.221529 0.002748 0.031500
1 2 0.251918 0.361215 0.349226 0.008182 0.029459
1 0 0.303498 0.422976 0.241874 0.002902 0.028750
0 1 0.469069 0.414885 0.072592 0.000501 0.042954
0 1 0.476900 0.429594 0.055943 0.000244 0.037319
1 1 0.418381 0.428796 0.112708 0.000961 0.039154
0 1 0.452266 0.427093 0.080345 0.000523 0.039774
0 1 0.463917 0.406479 0.082813 0.000724 0.046067
1 1 0.300779 0.399033 0.263615 0.004372 0.032201
0 1 0.451081 0.436445 0.075043 0.000405 0.037025
0 1 0.464180 0.406892 0.082301 0.000711 0.045916
1 1 0.412452 0.432129 0.116371 0.000973 0.038075
1 1 0.387153 0.431195 0.143479 0.001391 0.036782
0 2 0.467471 0.412198 0.075807 0.000565 0.043959
0 1 0.434299 0.401674 0.115103 0.001424 0.047500
0 1 0.460161 0.400755 0.090033 0.000917 0.048134
0 1 0.475587 0.426895 0.058869 0.000280 0.038368
0 1 0.473851 0.423495 0.062640 0.000333 0.039681
1 1 0.390362 0.417683 0.149975 0.001785 0.040195
0 1 0.465151 0.408428 0.080401 0.000666 0.045353
0 1 0.437042 0.424273 0.097116 0.000778 0.040791
1 1 0.309045 0.410560 0.245336 0.003521 0.031538
0 1 0.466977 0.411539 0.076693 0.000583 0.044208
1 1 0.312149 0.408423 0.243445 0.003614 0.032369
1 1 0.398032 0.415642 0.143277 0.001709 0.041340
2 2 0.224454 0.348308 0.392102 0.009380 0.025756
1 1 0.317025 0.408690 0.237697 0.003535 0.033054
1 0 0.388298 0.446105 0.130991 0.000987 0.033619
0 0 0.431560 0.429417 0.098972 0.000754 0.039297
0 1 0.464056 0.406697 0.082543 0.000717 0.045987
0 1 0.422813 0.421622 0.113273 0.001065 0.041227
1 1 0.254882 0.382083 0.330196 0.005926 0.026913
0 1 0.469155 0.415032 0.072417 0.000497 0.042899
1 0 0.413352 0.433890 0.114168 0.000920 0.037671
0 1 0.629147 0.253320 0.065672 0.000789 0.051072
0 1 0.479611 0.435626 0.049633 0.000175 0.034955
1 1 0.329133 0.431075 0.206708 0.002254 0.030830
1 1 0.427123 0.437738 0.097460 0.000658 0.037021
1 1 0.389705 0.451974 0.125004 0.000846 0.032471
1 1 0.421559 0.428233 0.109876 0.000925 0.039407
0 1 0.457404 0.432807 0.071586 0.000387 0.037817
1 1 0.328990 0.442400 0.197816 0.001833 0.028962
1 0 0.426443 0.443954 0.093626 0.000564 0.035413
0 0 0.675266 0.256323 0.032473 0.000127 0.035811
0 0 0.876660 0.107005 0.003335 0.000001 0.012999
0 0 0.601197 0.345555 0.025193 0.000043 0.028012
0 0 0.891774 0.080751 0.006953 0.000013 0.020509
0 0 0.913147 0.057209 0.007303 0.000025 0.022316
0 0 0.896592 0.079432 0.005636 0.000008 0.018331
0 0 0.962999 0.023753 0.001735 0.000002 0.011511
0 0 0.937785 0.024803 0.008985 0.000148 0.028278
0 1 0.777869 0.187401 0.011794 0.000015 0.022922
0 1 0.719309 0.229396 0.021415 0.000051 0.029829
0 1 0.467796 0.412738 0.075157 0.000552 0.043757
0 1 0.474568 0.424879 0.061094 0.000310 0.039148
0 1 0.461982 0.403494 0.086554 0.000820 0.047150
0 1 0.455474 0.393974 0.098833 0.001195 0.050525
1 2 0.322068 0.417774 0.225018 0.002958 0.032182
1 2 0.249816 0.356842 0.354884 0.008733 0.029725
1 2 0.359143 0.410110 0.189406 0.002739 0.038600
2 2 0.202173 0.335127 0.429356 0.010485 0.022860
2 2 0.222040 0.368533 0.379940 0.006813 0.022674
2 2 0.174998 0.301011 0.487701 0.015137 0.021153
2 2 0.170567 0.316643 0.482969 0.011426 0.018395
2 2 0.107267 0.261558 0.607518 0.013331 0.010326
2 2 0.124515 0.253722 0.587219 0.019887 0.014657
2 2 0.159353 0.282090 0.520658 0.018093 0.019805
2 2 0.111313 0.239756 0.615007 0.021017 0.012906
2 2 0.091072 0.230697 0.651868 0.017168 0.009194
2 2 0.060077 0.162897 0.738065 0.031975 0.006986
2 2 0.123621 0.263347 0.582848 0.016627 0.013556
2 2 0.088451 0.184879 0.673608 0.040584 0.012478
2 2 0.113731 0.215018 0.620669 0.034446 0.016136
2 2 0.096156 0.205821 0.654856 0.030764 0.012403
2 2 0.084287 0.187657 0.681922 0.035076 0.011059
2 2 0.116905 0.212979 0.615372 0.037442 0.017303
2 2 0.045171 0.116901 0.768391 0.062961 0.006576
2 3 0.099126 0.198566 0.650843 0.037493 0.013972
2 3 0.030788 0.085676 0.791140 0.087564 0.004832
2 3 0.103002 0.208639 0.641561 0.032877 0.013920
2 3 0.044852 0.118422 0.771009 0.059361 0.006356
2 3 0.042750 0.105395 0.764063 0.080912 0.006879
2 3 0.072279 0.157098 0.707642 0.052219 0.010761
2 3 0.028872 0.079764 0.788794 0.097855 0.004716
2 3 0.037385 0.090544 0.761655 0.103842 0.006574
2 3 0.031630 0.078991 0.765491 0.118152 0.005736
2 3 0.034399 0.086341 0.769141 0.104153 0.005966
2 3 0.036227 0.089446 0.765910 0.102132 0.006285
2 3 0.023981 0.063908 0.769938 0.137704 0.004469
2 3 0.022934 0.059791 0.672024 0.239604 0.005648
2 3 0.032400 0.074526 0.741383 0.145165 0.006526
2 3 0.034311 0.082039 0.756258 0.121006 0.006386
2 3 0.016020 0.047257 0.657670 0.275020 0.004033
2 3 0.027983 0.067553 0.691878 0.206022 0.006564
2 3 0.031270 0.075671 0.732585 0.154041 0.006433
2 3 0.025373 0.067492 0.773121 0.129385 0.004629
2 3 0.021158 0.056275 0.657177 0.260000 0.005390
2 3 0.015379 0.043403 0.497792 0.438123 0.005303
2 3 0.020448 0.054425 0.698549 0.221837 0.004742
2 3 0.008783 0.029296 0.500819 0.458218 0.002884
2 3 0.021053 0.056390 0.685667 0.231870 0.005021
3 3 0.010848 0.032040 0.407801 0.544982 0.004328
2 3 0.026160 0.065273 0.685705 0.216632 0.006230
3 3 0.002420 0.009883 0.319096 0.667598 0.001002
2 3 0.009302 0.028847 0.542265 0.416718 0.002868
3 3 0.005375 0.018357 0.431037 0.543292 0.001938
3 3 0.006872 0.022530 0.415662 0.552335 0.002601
3 3 0.005261 0.019069 0.436330 0.537475 0.001864
3 3 0.009391 0.029059 0.366121 0.591424 0.004004
3 3 0.006080 0.020624 0.435039 0.536061 0.002196
2 3 0.016922 0.048831 0.618542 0.311072 0.004633
2 3 0.014589 0.040500 0.639181 0.301879 0.003851
3 3 0.008031 0.025757 0.330575 0.632009 0.003628
3 3 0.007966 0.021643 0.191074 0.774189 0.005128
3 3 0.004573 0.015636 0.294438 0.683222 0.002131
2 3 0.015154 0.042333 0.499298 0.438000 0.005215
2 3 0.010109 0.032683 0.483481 0.470266 0.003462
3 3 0.006924 0.022072 0.332187 0.635727 0.003090
3 3 0.003472 0.013351 0.312602 0.669067 0.001507
3 3 0.009296 0.031665 0.467997 0.487801 0.003241
2 3 0.010305 0.033373 0.487525 0.465291 0.003505
2 3 0.011405 0.034168 0.598773 0.352446 0.003208
2 3 0.015167 0.042353 0.497947 0.439300 0.005233
3 3 0.012574 0.036237 0.416700 0.529505 0.004983
3 3 0.010817 0.032771 0.391002 0.560970 0.004441
3 3 0.012917 0.040140 0.451847 0.490336 0.004759
3 3 0.010580 0.033835 0.348622 0.602278 0.004684
3 3 0.007745 0.025942 0.339147 0.623752 0.003414
2 3 0.010600 0.033887 0.517709 0.434379 0.003424
3 3 0.004880 0.017247 0.246706 0.728623 0.002543
2 3 0.018883 0.052414 0.561151 0.361734 0.005818
2 3 0.019246 0.054542 0.630980 0.290088 0.005144
3 3 0.012576 0.037216 0.403127 0.541984 0.005097
3 3 0.009953 0.030408 0.381612 0.573890 0.004138
3 3 0.003909 0.014358 0.318145 0.661888 0.001700
3 3 0.004695 0.015989 0.253004 0.723900 0.002412
2 3 0.012630 0.039573 0.543309 0.400559 0.003929
3 3 0.006012 0.019912 0.388566 0.583139 0.002370
3 3 0.002795 0.011783 0.243377 0.740661 0.001384
2 3 0.010258 0.031372 0.488755 0.466111 0.003504
3 3 0.010176 0.033952 0.448340 0.503830 0.003702
3 3 0.005979 0.021142 0.432085 0.538634 0.002159
3 3 0.004333 0.016763 0.322368 0.654664 0.001872
3 3 0.010698 0.031903 0.266656 0.685043 0.005699
3 3 0.011231 0.030562 0.272738 0.679494 0.005974
3 3 0.012795 0.036878 0.302209 0.641741 0.006377
3 3 0.009133 0.029419 0.290668 0.666254 0.004525
3 3 0.006289 0.019924 0.244529 0.725866 0.003392
3 3 0.009713 0.028996 0.345650 0.611302 0.004338
3 3 0.010349 0.027986 0.220150 0.735271 0.006245
3 3 0.008612 0.029156 0.442347 0.516750 0.003135
2 3 0.013234 0.039731 0.498652 0.443884 0.004499
3 3 0.028029 0.069423 0.433556 0.457806 0.011186
3 3 0.010413 0.031603 0.393015 0.560719 0.004250
3 3 0.017314 0.045580 0.461218 0.469424 0.006465
2 3 0.018362 0.051719 0.522155 0.401688 0.006076
3 3 0.013345 0.038916 0.437313 0.505330 0.005096
3 3 0.008953 0.030050 0.435001 0.522683 0.003313
3 3 0.005597 0.018657 0.271573 0.701379 0.002793
3 3 0.010722 0.034458 0.462663 0.488331 0.003826
3 3 0.009440 0.029632 0.434802 0.522596 0.003531
3 3 0.006194 0.021429 0.336239 0.633440 0.002698
3 3 0.009730 0.029763 0.327848 0.628164 0.004495
2 3 0.013847 0.040671 0.610264 0.331380 0.003838
2 3 0.012973 0.037763 0.534211 0.410908 0.004146
3 3 0.003459 0.012749 0.238970 0.743039 0.001784
3 3 0.007474 0.024205 0.318313 0.646564 0.003444
3 3 0.005390 0.020757 0.480288 0.491808 0.001757
2 3 0.006301 0.024304 0.606603 0.361141 0.001651
3 3 0.006029 0.021110 0.387894 0.582600 0.002367
3 3 0.005332 0.019046 0.329706 0.643594 0.002322
3 3 0.005872 0.019796 0.319534 0.652153 0.002645
3 0 0.002114 0.007920 0.082245 0.905849 0.001872
0 0 0.745293 0.098375 0.092196 0.006226 0.057910
0 2 0.834743 0.099218 0.025749 0.000283 0.040007
0 2 0.516656 0.300649 0.090008 0.006510 0.086178
0 1 0.624490 0.228743 0.085330 0.001798 0.059638
0 1 0.476001 0.427733 0.057954 0.000268 0.038043
0 0 0.470711 0.417736 0.069235 0.000439 0.041879
0 0 0.519700 0.356825 0.075393 0.000685 0.047397
0 1 0.598801 0.287655 0.064528 0.000627 0.048389
0 1 0.452957 0.440413 0.052024 0.000674 0.053933
0 1 0.458589 0.398441 0.093008 0.001005 0.048958
1 1 0.426048 0.427189 0.094014 0.000735 0.052015
0 1 0.470043 0.416565 0.070607 0.000463 0.042322
1 1 0.429961 0.440197 0.081067 0.000472 0.048303
0 1 0.459067 0.399141 0.092105 0.000978 0.048709
1 1 0.430630 0.435106 0.084526 0.000544 0.049194
0 1 0.480743 0.438383 0.046858 0.000150 0.033867
0 1 0.473429 0.422696 0.063540 0.000346 0.039988
0 1 0.472582 0.421115 0.065335 0.000374 0.040594
0 1 0.459430 0.399674 0.091418 0.000957 0.048520
0 1 0.469151 0.415025 0.072424 0.000497 0.042901
0 2 0.467383 0.412052 0.075984 0.000569 0.044013
0 2 0.463065 0.405155 0.084466 0.000765 0.046549
0 2 0.473544 0.422912 0.063296 0.000342 0.039905
0 2 0.471848 0.419772 0.066875 0.000399 0.041106
0 2 0.483438 0.445844 0.039714 0.000096 0.030908
0 1 0.463378 0.405640 0.083860 0.000750 0.046373
0 1 0.479909 0.436337 0.048910 0.000169 0.034675
0 1 0.468496 0.413911 0.073750 0.000523 0.043319
0 1 0.477872 0.431678 0.053727 0.000218 0.036506
0 1 0.473285 0.422423 0.063849 0.000351 0.040093
0 1 0.474565 0.424874 0.061100 0.000310 0.039150
0 1 0.458537 0.398365 0.093106 0.001008 0.048984
0 1 0.459397 0.399625 0.091482 0.000959 0.048537
0 1 0.470241 0.416909 0.070202 0.000456 0.042192
0 1 0.479861 0.436220 0.049029 0.000170 0.034721
0 1 0.461196 0.415585 0.079523 0.000594 0.043102
1 1 0.348204 0.411190 0.200746 0.002892 0.036969
0 1 0.466297 0.410272 0.078143 0.000615 0.044673
1 1 0.318985 0.408371 0.235714 0.003527 0.033402
1 1 0.401038 0.413095 0.141895 0.001741 0.042232
2 1 0.227065 0.324201 0.404954 0.013745 0.030035
1 1 0.299534 0.390654 0.271321 0.005033 0.033457
1 1 0.352798 0.447607 0.167642 0.001396 0.030558
1 2 0.336192 0.413506 0.212424 0.002976 0.034901
1 1 0.256564 0.366110 0.340091 0.007622 0.029614
0 1 0.412785 0.407998 0.133071 0.001680 0.044466
1 1 0.365715 0.390679 0.195846 0.003742 0.044018
1 1 0.412994 0.428677 0.118312 0.001048 0.038969
0 1 0.465562 0.409085 0.079594 0.000648 0.045111
0 1 0.475381 0.426483 0.059322 0.000286 0.038528
0 1 0.469110 0.414955 0.072508 0.000499 0.042928
0 1 0.479788 0.436046 0.049205 0.000171 0.034789
0 1 0.449898 0.413449 0.091798 0.000806 0.044049
0 1 0.475070 0.425864 0.060004 0.000295 0.038768
0 1 0.476137 0.428011 0.057652 0.000265 0.037936
0 1 0.467543 0.412316 0.075665 0.000562 0.043915
0 1 0.479635 0.435683 0.049574 0.000175 0.034932
0 1 0.470425 0.417233 0.069823 0.000449 0.042069
1 1 0.375330 0.423254 0.162043 0.001856 0.037517
0 1 0.474153 0.424075 0.061991 0.000323 0.039458
0 1 0.469818 0.416173 0.071068 0.000472 0.042470
1 1 0.345331 0.407717 0.206517 0.003135 0.037302
0 1 0.474741 0.425216 0.060720 0.000305 0.039018
0 1 0.429596 0.415790 0.110421 0.001099 0.043093
0 1 0.474830 0.425392 0.060525 0.000302 0.038950
0 1 0.471338 0.418852 0.067937 0.000416 0.041456
0 1 0.478713 0.433550 0.051768 0.000197 0.035772
0 1 0.410466 0.398387 0.141999 0.002123 0.047026
0 1 0.486040 0.455429 0.031377 0.000051 0.027104
0 0 0.485315 0.452346 0.033951 0.000063 0.028325
0 1 0.636007 0.288063 0.038341 0.000164 0.037425
0 1 0.481387 0.440036 0.045228 0.000136 0.033213
0 2 0.443466 0.420921 0.073060 0.001479 0.061073
0 2 0.455228 0.393627 0.099290 0.001211 0.050645
0 2 0.460243 0.400878 0.089876 0.000912 0.048090
1 2 0.285382 0.433095 0.188088 0.004206 0.089229
1 4 0.221570 0.508381 0.135404 0.006433 0.128212
1 4 0.311386 0.495337 0.081396 0.000555 0.111326
1 4 0.279091 0.362929 0.120149 0.000560 0.237271
1 4 0.207634 0.539734 0.095210 0.000643 0.156779
4 4 0.409791 0.075119 0.005086 0.000003 0.510001
4 4 0.354982 0.080944 0.005853 0.000015 0.558206
0 4 0.612598 0.063330 0.003238 0.000001 0.320833
4 4 0.483007 0.020595 0.005676 0.000079 0.490643
4 4 0.354318 0.093941 0.008815 0.000005 0.542921
4 4 0.147910 0.046209 0.005207 0.000004 0.800669
4 4 0.150361 0.039123 0.002296 0.000005 0.808215
4 4 0.214642 0.015787 0.001981 0.000022 0.767568
4 4 0.404658 0.071015 0.003924 0.000002 0.520401
4 4 0.187061 0.053353 0.004726 0.000004 0.754855
0 4 0.508495 0.050259 0.004600 0.000012 0.436633
0 4 0.680441 0.052859 0.006489 0.000006 0.260205
0 4 0.607327 0.019101 0.003409 0.000017 0.370146
4 4 0.324460 0.043372 0.004890 0.000044 0.627234
0 4 0.498749 0.046630 0.008025 0.000008 0.446589
0 4 0.589641 0.015869 0.002347 0.000040 0.392103
0 4 0.703910 0.014834 0.007153 0.000016 0.274089
0 4 0.538164 0.073577 0.007601 0.000004 0.380654
4 4 0.395508 0.054985 0.005414 0.000003 0.544090
0 4 0.602794 0.014749 0.002118 0.000020 0.380319
4 4 0.276799 0.023296 0.004157 0.000017 0.695730
4 4 0.326344 0.051368 0.007176 0.000003 0.615109
4 4 0.307298 0.034760 0.008071 0.000047 0.649824
4 4 0.401398 0.103383 0.004260 0.000001 0.490957
4 4 0.392460 0.038959 0.003200 0.000012 0.565369
4 4 0.256023 0.029352 0.002548 0.000008 0.712069
4 4 0.194699 0.162905 0.004265 0.000001 0.638130
4 4 0.218882 0.041130 0.003268 0.000013 0.736707
4 4 0.175378 0.073264 0.003213 0.000004 0.748141
4 4 0.230349 0.020580 0.006664 0.000006 0.742401
4 4 0.244943 0.028408 0.004593 0.000001 0.722055
4 4 0.154566 0.012547 0.001717 0.000005 0.831165
4 4 0.414841 0.017301 0.003265 0.000003 0.564591
4 4 0.215994 0.055042 0.002007 0.000000 0.726956
4 4 0.207217 0.056081 0.001823 0.000003 0.734876
4 4 0.169995 0.211613 0.017820 0.000044 0.600528
4 2 0.252832 0.199071 0.015937 0.000021 0.532139
4 2 0.237662 0.312736 0.018288 0.000005 0.431309
4 2 0.293953 0.332709 0.016160 0.000009 0.357170
0 2 0.374278 0.278678 0.014271 0.000005 0.332769
1 2 0.161074 0.595485 0.090561 0.000018 0.152862
1 2 0.168376 0.600226 0.062316 0.000011 0.169071
1 2 0.160685 0.507141 0.071508 0.000069 0.260597
1 2 0.105576 0.559170 0.070400 0.000086 0.264769
1 2 0.095217 0.597144 0.084976 0.000162 0.222501
1 2 0.186980 0.534765 0.172721 0.001484 0.104049
1 2 0.179166 0.554432 0.159279 0.000838 0.106285
1 2 0.088568 0.433717 0.357863 0.012751 0.107101
1 2 0.178944 0.539938 0.222460 0.000497 0.058160
1 2 0.173089 0.508388 0.242574 0.001084 0.074864
2 2 0.030569 0.216173 0.715862 0.008531 0.028866
2 2 0.045194 0.396545 0.523501 0.000806 0.033954
2 2 0.031282 0.260367 0.684771 0.002676 0.020904
2 2 0.023011 0.211423 0.742017 0.003697 0.019852
2 2 0.037254 0.278126 0.654000 0.002885 0.027736
2 2 0.029207 0.366763 0.570746 0.000589 0.032695
2 2 0.026040 0.316762 0.629155 0.000919 0.027124
2 2 0.026070 0.418479 0.523141 0.000255 0.032055
2 2 0.029550 0.340809 0.602024 0.000809 0.026808
2 2 0.025390 0.334333 0.611800 0.000696 0.027781
2 2 0.035717 0.305084 0.614071 0.001988 0.043139
2 2 0.079168 0.383644 0.509100 0.002034 0.026054
2 2 0.047172 0.395746 0.528333 0.000835 0.027913
2 2 0.081360 0.408903 0.486783 0.001462 0.021491
2 2 0.027767 0.259717 0.690000 0.002213 0.020303
2 2 0.086715 0.365449 0.519629 0.002900 0.025307
1 2 0.111963 0.441931 0.418550 0.001361 0.026194
1 2 0.172885 0.496003 0.297454 0.001076 0.032582
2 2 0.145105 0.373211 0.448508 0.004905 0.028271
1 2 0.153137 0.494349 0.309973 0.001051 0.041491
1 2 0.274482 0.416092 0.280460 0.003453 0.025513
1 2 0.425769 0.436639 0.099605 0.000695 0.037292
1 2 0.392033 0.451268 0.123128 0.000833 0.032738
1 2 0.265769 0.414305 0.291922 0.003573 0.024431
1 0 0.396971 0.455697 0.114611 0.000696 0.032025
0 2 0.807809 0.140745 0.019345 0.000081 0.032019
0 0 0.475390 0.426500 0.059303 0.000286 0.038522
0 1 0.518413 0.375315 0.063239 0.000405 0.042628
0 1 0.481187 0.439515 0.045739 0.000140 0.033419
0 1 0.473085 0.422049 0.064272 0.000357 0.040236
1 1 0.383975 0.398766 0.170188 0.002778 0.044293
0 1 0.472507 0.420976 0.065494 0.000376 0.040647
0 1 0.465192 0.408493 0.080322 0.000664 0.045329
0 1 0.468319 0.413613 0.074107 0.000530 0.043431
0 1 0.476819 0.429425 0.056125 0.000246 0.037385
0 1 0.461478 0.402730 0.087520 0.000846 0.047426
0 2 0.456472 0.395388 0.096976 0.001132 0.050032
0 0 0.472421 0.420817 0.065676 0.000379 0.040708
0 1 0.468059 0.413177 0.074629 0.000541 0.043593
0 1 0.471902 0.419870 0.066763 0.000397 0.041069
0 1 0.449260 0.385464 0.110213 0.001634 0.053429
0 1 0.479809 0.436095 0.049155 0.000171 0.034770
0 1 0.464403 0.407242 0.081867 0.000701 0.045788
0 1 0.462397 0.404128 0.085755 0.000799 0.046921
1 1 0.378350 0.414914 0.164895 0.002131 0.039710
0 2 0.467149 0.411665 0.076450 0.000579 0.044157
1 1 0.348256 0.386928 0.218030 0.004461 0.042325
0 1 0.472622 0.421188 0.065252 0.000372 0.040566
0 0 0.466253 0.410200 0.078230 0.000617 0.044700
0 0 0.462955 0.398508 0.089465 0.000909 0.048163
0 1 0.723571 0.210580 0.029518 0.000132 0.036199
1 2 0.453301 0.464442 0.043852 0.000080 0.038325
1 2 0.334989 0.499390 0.090950 0.000641 0.074031
1 2 0.351073 0.463355 0.109793 0.001151 0.074628
0 2 0.462089 0.403658 0.086347 0.000814 0.047091
1 2 0.262335 0.371937 0.323733 0.008934 0.033060
1 2 0.345081 0.440509 0.181669 0.001706 0.031035
1 2 0.332933 0.395804 0.229176 0.004128 0.037959
1 2 0.390607 0.425451 0.144066 0.001512 0.038365
1 2 0.256661 0.396689 0.316692 0.004718 0.025240
1 2 0.251325 0.388101 0.329739 0.005374 0.025462
1 2 0.269551 0.379976 0.314402 0.006169 0.029902
1 2 0.236412 0.373806 0.358574 0.006542 0.024665
1 2 0.291602 0.431037 0.248784 0.002619 0.025958
1 2 0.251225 0.395974 0.323623 0.004750 0.024427
1 2 0.309262 0.416971 0.240102 0.003155 0.030510
1 1 0.321744 0.429470 0.216206 0.002410 0.030170
1 1 0.283240 0.405583 0.278788 0.004056 0.028333
1 1 0.375358 0.463287 0.131104 0.000787 0.029464
1 2 0.372669 0.452037 0.142853 0.001045 0.031395
0 2 0.428928 0.420033 0.108175 0.001002 0.041863
1 2 0.303410 0.407465 0.254153 0.003773 0.031199
0 2 0.440600 0.439907 0.082658 0.000469 0.036365
1 2 0.407047 0.430144 0.123390 0.001104 0.038316
1 2 0.362591 0.433973 0.167718 0.001683 0.034034
2 2 0.211501 0.372018 0.389892 0.006209 0.020382
1 2 0.287620 0.450060 0.237376 0.001915 0.023029
1 1 0.295889 0.420222 0.252696 0.003108 0.028084
1 1 0.308817 0.443412 0.219324 0.001995 0.026451
1 2 0.322755 0.448233 0.199939 0.001706 0.027366
1 2 0.301394 0.427835 0.240347 0.002689 0.027736
1 2 0.389227 0.435668 0.137937 0.001232 0.035936
1 2 0.330928 0.441161 0.196678 0.001854 0.029379
1 2 0.380401 0.462159 0.126727 0.000757 0.029957
1 2 0.380544 0.445187 0.139856 0.001109 0.033304
1 2 0.276550 0.404342 0.287493 0.004168 0.027446
1 2 0.339664 0.436475 0.190800 0.001914 0.031147
1 2 0.293649 0.427724 0.249180 0.002755 0.026692
1 1 0.294590 0.440856 0.237316 0.002198 0.025041
1 2 0.419328 0.441220 0.102740 0.000693 0.036019
0 2 0.439704 0.412194 0.102695 0.001010 0.044398
1 2 0.381633 0.446641 0.137583 0.001060 0.033083
1 0 0.405907 0.428491 0.125774 0.001165 0.038663
0 0 0.612786 0.300128 0.046319 0.000251 0.040516
0 1 0.462923 0.404936 0.084740 0.000772 0.046628
0 0 0.484777 0.450307 0.035710 0.000072 0.029135
0 1 0.908606 0.056200 0.009424 0.000050 0.025720
0 0 0.568729 0.344437 0.045196 0.000252 0.041386
0 1 0.873219 0.072696 0.018455 0.000191 0.035440
0 1 0.599241 0.334324 0.033446 0.000093 0.032896
0 1 0.469511 0.415642 0.071694 0.000484 0.042669
0 1 0.477114 0.430047 0.055458 0.000238 0.037143
0 1 0.482534 0.443165 0.042216 0.000113 0.031972
0 1 0.479332 0.434971 0.050302 0.000182 0.035213
0 1 0.470413 0.420205 0.066878 0.000427 0.042078
0 1 0.419863 0.405686 0.104359 0.002412 0.067681
0 1 0.461567 0.413170 0.079305 0.000613 0.045344
0 1 0.477716 0.431338 0.054086 0.000222 0.036638
0 1 0.459708 0.400084 0.090893 0.000942 0.048374
0 1 0.448156 0.429842 0.076054 0.000466 0.045483
0 1 0.494389 0.377492 0.080070 0.000738 0.047311
0 1 0.513188 0.371580 0.069842 0.000531 0.044859
0 1 0.477151 0.430126 0.055374 0.000237 0.037112
0 1 0.475522 0.426765 0.059012 0.000282 0.038419
0 1 0.484061 0.447833 0.037904 0.000084 0.030118
0 1 0.476751 0.429282 0.056279 0.000248 0.037441
0 4 0.456974 0.396106 0.096039 0.001101 0.049780
0 1 0.459958 0.400455 0.090417 0.000928 0.048241
0 1 0.474412 0.424575 0.061433 0.000315 0.039266
0 1 0.472367 0.420718 0.065789 0.000381 0.040746
0 1 0.461945 0.403438 0.086625 0.000822 0.047171
0 1 0.469984 0.416463 0.070727 0.000466 0.042360
0 1 0.476908 0.429612 0.055924 0.000243 0.037312
0 1 0.467721 0.412612 0.075308 0.000555 0.043804
0 1 0.477318 0.430481 0.054995 0.000232 0.036973
0 1 0.463514 0.405852 0.083595 0.000743 0.046296
0 1 0.478441 0.432937 0.052406 0.000204 0.036012
0 1 0.473785 0.423370 0.062781 0.000335 0.039729
0 1 0.470640 0.417610 0.069382 0.000441 0.041927
0 1 0.460970 0.401964 0.088492 0.000873 0.047701
0 1 0.477270 0.430380 0.055103 0.000234 0.037013
0 1 0.474377 0.424508 0.061507 0.000316 0.039291
0 1 0.451453 0.402300 0.097538 0.001045 0.047665
0 1 0.467629 0.412460 0.075491 0.000558 0.043861
0 0 0.422793 0.405306 0.124491 0.001556 0.045854
0 0 0.880501 0.073021 0.014852 0.000108 0.031518
0 1 0.651146 0.282876 0.031696 0.000103 0.034179
0 1 0.487810 0.468566 0.021626 0.000019 0.021980
0 1 0.484660 0.449888 0.036077 0.000074 0.029301
0 1 0.486063 0.455538 0.031288 0.000050 0.027061
0 1 0.463006 0.405064 0.084579 0.000768 0.046582
0 1 0.479848 0.436188 0.049061 0.000170 0.034733
0 1 0.475056 0.425837 0.060033 0.000296 0.038778
0 1 0.475895 0.427518 0.058188 0.000271 0.038127
0 1 0.476854 0.429498 0.056046 0.000245 0.037357
0 1 0.477404 0.430666 0.054799 0.000230 0.036901
0 1 0.472975 0.421844 0.064505 0.000361 0.040315
0 1 0.478424 0.432898 0.052447 0.000204 0.036027
0 1 0.474206 0.424176 0.061877 0.000321 0.039419
0 1 0.468756 0.414352 0.073225 0.000513 0.043154
0 1 0.460006 0.400525 0.090328 0.000925 0.048216
0 1 0.470254 0.416933 0.070175 0.000456 0.042183
0 2 0.432278 0.409226 0.112152 0.001231 0.045112
1 2 0.341509 0.404908 0.212864 0.003370 0.037350
0 2 0.434974 0.416354 0.104616 0.000990 0.043066
1 2 0.272575 0.381644 0.309583 0.006006 0.030192
1 2 0.301324 0.422331 0.244848 0.002954 0.028543
1 2 0.292696 0.416383 0.259396 0.003339 0.028185
1 2 0.306020 0.426903 0.235884 0.002691 0.028502
1 2 0.233526 0.388845 0.350159 0.005151 0.022320
0 2 0.461436 0.418794 0.077191 0.000538 0.042042
0 2 0.461391 0.420490 0.076115 0.000512 0.041493
0 2 0.457610 0.423050 0.077985 0.000519 0.040836
0 2 0.478677 0.433468 0.051853 0.000198 0.035804
0 2 0.457782 0.418482 0.080861 0.000592 0.042284
0 2 0.469221 0.415145 0.072283 0.000495 0.042857
0 1 0.446995 0.395349 0.106369 0.001344 0.049943
0 2 0.673270 0.177301 0.093997 0.002258 0.053174
0 2 0.691939 0.184012 0.066318 0.001292 0.056439
0 2 0.603378 0.270551 0.072761 0.000933 0.052377
0 1 0.909652 0.031252 0.023843 0.000791 0.034462
0 2 0.916178 0.040235 0.012235 0.000160 0.031193
0 2 0.837975 0.097434 0.024892 0.000266 0.039433
0 2 0.675174 0.252682 0.034739 0.000154 0.037251
0 1 0.622108 0.279178 0.053574 0.000406 0.044734
0 2 0.478135 0.432256 0.053118 0.000211 0.036279
0 2 0.554799 0.328998 0.068498 0.000602 0.047103
0 2 0.798893 0.105068 0.043405 0.000986 0.051648
0 2 0.856208 0.033017 0.073764 0.004621 0.032390
0 2 0.792840 0.112234 0.045454 0.000893 0.048579
0 2 0.871486 0.024751 0.062633 0.005770 0.035360
0 2 0.902766 0.028492 0.030933 0.001504 0.036305
0 2 0.908120 0.024188 0.031320 0.001745 0.034627
0 2 0.906222 0.020943 0.039904 0.002547 0.030384
0 2 0.872596 0.041046 0.049125 0.002000 0.035233
0 2 0.789280 0.103000 0.058486 0.001481 0.047754
0 2 0.538126 0.141657 0.263945 0.014272 0.042001
0 2 0.523409 0.340165 0.085574 0.000969 0.049883
0 2 0.655682 0.095538 0.200144 0.010509 0.038127
0 2 0.463260 0.405457 0.084088 0.000756 0.046439
1 2 0.339822 0.404089 0.215361 0.003451 0.037278
0 2 0.446659 0.406530 0.099529 0.001027 0.046254
1 2 0.325840 0.421306 0.218042 0.002732 0.032080
2 2 0.192951 0.315939 0.454327 0.013449 0.023335
0 2 0.453402 0.391082 0.102661 0.001332 0.051524
0 2 0.509015 0.268863 0.172253 0.003789 0.046081
0 2 0.425085 0.422889 0.110075 0.000996 0.040956
0 2 0.771142 0.143961 0.038649 0.000463 0.045785
0 2 0.671046 0.246315 0.041342 0.000250 0.041047
0 0 0.479434 0.425873 0.056687 0.000255 0.037751
0 0 0.914048 0.039989 0.013216 0.000196 0.032550
0 0 0.901457 0.051827 0.014124 0.000159 0.032434
0 0 0.935192 0.029180 0.008576 0.000103 0.026948
0 0 0.898362 0.058122 0.012978 0.000108 0.030430
0 1 0.865005 0.088028 0.015578 0.000093 0.031296
0 1 0.738212 0.186407 0.034546 0.000237 0.040599
0 1 0.623423 0.260868 0.064756 0.000729 0.050224
0 1 0.796174 0.118928 0.037423 0.000565 0.046910
0 1 0.784059 0.131231 0.037930 0.000506 0.046275
0 1 0.474627 0.424995 0.060966 0.000309 0.039104
0 1 0.493796 0.385572 0.074682 0.000598 0.045351
0 2 0.471426 0.419011 0.067754 0.000413 0.041396
0 1 0.470727 0.417765 0.069202 0.000438 0.041868
0 0 0.475466 0.426653 0.059134 0.000284 0.038462
0 1 0.590163 0.326698 0.044548 0.000201 0.038390
0 1 0.498239 0.363652 0.087098 0.000967 0.050044
