1 0 0.045963 0.748317 0.125120 0.000012 0.080588
4 1 0.046640 0.397544 0.057454 0.000000 0.498362
4 1 0.132609 0.394588 0.030696 0.000000 0.442107
0 4 0.445510 0.213388 0.029280 0.000001 0.311821
1 4 0.299075 0.440011 0.048352 0.000000 0.212562
4 4 0.041261 0.421255 0.049895 0.000000 0.487590
4 4 0.063048 0.413284 0.060544 0.000000 0.463123
1 4 0.029414 0.457320 0.071246 0.000000 0.442021
4 4 0.052951 0.354804 0.049032 0.000000 0.543212
4 4 0.063404 0.394096 0.055696 0.000000 0.486804
1 4 0.132608 0.476365 0.049426 0.000000 0.341601
4 4 0.139895 0.312221 0.050970 0.000000 0.496914
4 4 0.085600 0.387591 0.049139 0.000000 0.477670
4 4 0.114683 0.361052 0.043623 0.000000 0.480643
1 4 0.147902 0.450982 0.047898 0.000000 0.353219
4 4 0.043744 0.423785 0.072673 0.000000 0.459798
4 4 0.074000 0.383579 0.067500 0.000000 0.474922
1 4 0.067109 0.434885 0.085539 0.000000 0.412467
4 4 0.063809 0.398556 0.101202 0.000000 0.436432
4 4 0.099959 0.281995 0.062439 0.000002 0.555605
4 4 0.196970 0.153619 0.022264 0.000000 0.627147
0 4 0.431172 0.288959 0.015755 0.000000 0.264114
4 4 0.105818 0.399950 0.036648 0.000000 0.457584
4 4 0.131550 0.242031 0.031194 0.000001 0.595224
4 4 0.198818 0.375619 0.027139 0.000000 0.398424
1 1 0.142679 0.550178 0.047792 0.000000 0.259351
1 1 0.069838 0.529528 0.083249 0.000000 0.317384
1 1 0.082348 0.453791 0.094532 0.000000 0.369328
1 1 0.232730 0.452793 0.046436 0.000000 0.268041
1 1 0.065602 0.500600 0.088426 0.000000 0.345372
1 1 0.114362 0.459254 0.033565 0.000000 0.392819
1 1 0.139339 0.428970 0.033192 0.000000 0.398498
4 4 0.197846 0.198344 0.018554 0.000000 0.585256
4 4 0.128664 0.145379 0.035688 0.000000 0.690270
4 4 0.385510 0.156503 0.027139 0.000000 0.430847
1 4 0.148576 0.504233 0.074888 0.000000 0.272302
1 4 0.090096 0.519606 0.097931 0.000000 0.292367
1 1 0.129776 0.519499 0.084585 0.000000 0.266139
1 1 0.118533 0.470606 0.116612 0.000000 0.294248
1 1 0.168961 0.458156 0.134469 0.000006 0.238408
1 1 0.108341 0.498158 0.093851 0.000001 0.299649
4 1 0.063703 0.299851 0.120689 0.000183 0.515574
1 1 0.075905 0.528978 0.096337 0.000002 0.298779
1 2 0.163827 0.394325 0.128650 0.000016 0.313183
1 2 0.047800 0.533442 0.131485 0.000014 0.287259
0 0 0.654512 0.131866 0.045577 0.000690 0.167355
0 0 0.711528 0.181833 0.012212 0.000001 0.094426
1 1 0.126013 0.506677 0.039886 0.000000 0.327424
1 1 0.119967 0.409930 0.063510 0.000000 0.406593
1 2 0.059148 0.452355 0.090351 0.000000 0.398146
2 2 0.007919 0.255690 0.666765 0.000615 0.069012
1 2 0.030041 0.501574 0.402074 0.001897 0.064415
1 2 0.009941 0.436288 0.429584 0.003697 0.120489
2 2 0.012360 0.416996 0.486961 0.000504 0.083179
2 2 0.004135 0.168232 0.773437 0.000112 0.054083
2 2 0.002312 0.163152 0.806324 0.000815 0.027396
2 2 0.001270 0.107674 0.873265 0.000776 0.017015
2 2 0.001008 0.081056 0.909799 0.001257 0.006881
2 2 0.004318 0.090664 0.893771 0.003277 0.007971
2 2 0.006420 0.288553 0.629164 0.019224 0.056639
2 2 0.001810 0.107923 0.874334 0.001705 0.014228
2 2 0.001771 0.136551 0.844313 0.001460 0.015906
2 2 0.001317 0.096250 0.891276 0.001547 0.009611
2 2 0.000857 0.079624 0.910847 0.001135 0.007537
2 2 0.001260 0.107698 0.879012 0.001323 0.010707
2 2 0.000581 0.081344 0.908464 0.000650 0.008961
2 2 0.000939 0.048378 0.944162 0.002117 0.004404
2 2 0.001266 0.048405 0.943495 0.003166 0.003668
2 2 0.006045 0.131165 0.839946 0.009343 0.013502
2 2 0.003133 0.103152 0.869913 0.010311 0.013491
2 2 0.002083 0.116233 0.867846 0.002233 0.011604
2 2 0.004553 0.124589 0.853362 0.005352 0.012144
2 2 0.002067 0.081491 0.907518 0.003915 0.005009
2 2 0.000656 0.068411 0.921624 0.000832 0.008478
2 2 0.005465 0.077869 0.898893 0.013211 0.004562
2 2 0.001679 0.116298 0.863191 0.003705 0.015128
2 2 0.004551 0.102955 0.877315 0.007155 0.008024
2 2 0.003128 0.073441 0.911202 0.006042 0.006187
2 2 0.002434 0.090345 0.892615 0.003015 0.011591
2 2 0.004203 0.071269 0.909904 0.009960 0.004663
2 2 0.008099 0.125327 0.844926 0.011516 0.010132
2 2 0.005056 0.110496 0.856238 0.017665 0.010545
2 2 0.004740 0.088298 0.887438 0.012169 0.007355
2 2 0.003800 0.088757 0.891791 0.008058 0.007594
2 2 0.005393 0.065327 0.902154 0.022398 0.004728
2 2 0.006328 0.116879 0.833363 0.028344 0.015086
2 2 0.013054 0.109037 0.853748 0.010265 0.013896
2 2 0.010125 0.115357 0.852743 0.010689 0.011086
2 2 0.006830 0.093808 0.864866 0.024364 0.010131
2 2 0.002186 0.130741 0.846447 0.002528 0.018098
2 2 0.003340 0.111791 0.870994 0.004404 0.009471
2 2 0.003296 0.075040 0.909725 0.007411 0.004528
2 2 0.002068 0.109607 0.875711 0.002425 0.010190
2 2 0.002120 0.074503 0.914642 0.004604 0.004131
2 2 0.001202 0.068854 0.921692 0.001979 0.006273
2 2 0.001440 0.106259 0.883081 0.001878 0.007342
2 2 0.003521 0.048663 0.887960 0.056784 0.003073
2 2 0.003718 0.116128 0.826378 0.037519 0.016257
2 2 0.001202 0.046127 0.939965 0.009319 0.003386
2 3 0.003548 0.041159 0.801261 0.149820 0.004213
2 3 0.001248 0.043191 0.928431 0.023285 0.003845
2 3 0.002606 0.060405 0.881963 0.050571 0.004455
2 3 0.001344 0.062636 0.889878 0.039668 0.006475
2 3 0.002435 0.074680 0.899474 0.018430 0.004982
2 3 0.001655 0.054802 0.865236 0.070641 0.007667
2 3 0.002720 0.031283 0.595759 0.367962 0.002275
3 3 0.001094 0.020190 0.479592 0.497454 0.001670
3 3 0.001386 0.021230 0.470302 0.505214 0.001868
2 3 0.003025 0.047376 0.503987 0.439186 0.006426
3 3 0.002040 0.017606 0.450987 0.527947 0.001420
2 3 0.009810 0.095686 0.864144 0.007183 0.023177
2 3 0.032620 0.145432 0.793055 0.015818 0.013075
2 2 0.062235 0.107786 0.804188 0.009147 0.016643
2 1 0.164225 0.241951 0.468932 0.063886 0.061006
1 1 0.110874 0.404393 0.315075 0.022094 0.147564
1 1 0.020652 0.424255 0.399471 0.023711 0.131911
2 1 0.021011 0.421403 0.458101 0.001867 0.097619
2 2 0.009189 0.227074 0.703212 0.000974 0.059551
2 2 0.020634 0.259126 0.681513 0.000794 0.037933
2 2 0.011483 0.182740 0.782804 0.001101 0.021872
2 2 0.001268 0.102882 0.885532 0.001496 0.008821
2 2 0.000297 0.052190 0.941980 0.000466 0.005068
2 2 0.000342 0.058323 0.932504 0.000411 0.008420
2 2 0.002174 0.087181 0.886139 0.015242 0.009265
2 2 0.003622 0.128435 0.849129 0.005618 0.013196
2 2 0.004010 0.112579 0.867111 0.006766 0.009534
2 2 0.001883 0.099600 0.884344 0.003725 0.010447
2 2 0.001145 0.063831 0.927595 0.002098 0.005331
2 2 0.000549 0.073802 0.916670 0.000658 0.008321
2 2 0.000414 0.025369 0.970970 0.001598 0.001648
2 2 0.000610 0.063084 0.928682 0.000981 0.006642
2 2 0.002624 0.081250 0.879675 0.029807 0.006643
2 2 0.002893 0.049085 0.905254 0.038907 0.003861
2 2 0.001599 0.051336 0.911826 0.029701 0.005538
2 2 0.000608 0.036489 0.949120 0.009969 0.003815
2 3 0.001461 0.028562 0.828928 0.138824 0.002226
2 3 0.000988 0.048653 0.906473 0.038817 0.005069
2 3 0.003578 0.033239 0.765143 0.195594 0.002446
2 2 0.001504 0.058345 0.928933 0.005471 0.005747
2 2 0.000464 0.022703 0.964984 0.010773 0.001076
2 2 0.001386 0.042038 0.918066 0.031891 0.006619
2 2 0.010859 0.112133 0.802898 0.068135 0.005976
2 2 0.005013 0.051042 0.887372 0.052734 0.003839
2 2 0.003702 0.082439 0.848436 0.056904 0.008519
2 2 0.003296 0.051297 0.910505 0.029648 0.005254
2 2 0.002542 0.064902 0.918345 0.008375 0.005836
2 2 0.001017 0.047776 0.943847 0.002047 0.005313
2 2 0.002085 0.053035 0.917700 0.020092 0.007087
2 2 0.001073 0.085164 0.899102 0.004320 0.010340
2 2 0.000712 0.034329 0.952378 0.008731 0.003849
2 2 0.001821 0.046415 0.853240 0.091819 0.006705
2 2 0.000121 0.004719 0.930144 0.064767 0.000250
2 2 0.001709 0.076932 0.790224 0.121794 0.009342
2 2 0.001493 0.030841 0.916628 0.049140 0.001898
2 3 0.000717 0.021815 0.873236 0.102689 0.001544
2 3 0.001510 0.014653 0.703053 0.279394 0.001389
3 3 0.002185 0.011830 0.333281 0.651501 0.001201
2 3 0.002421 0.042674 0.737002 0.213737 0.004166
2 3 0.002486 0.044003 0.922147 0.028971 0.002393
2 3 0.001079 0.028977 0.916802 0.049713 0.003430
2 3 0.003008 0.098506 0.861682 0.023924 0.012879
2 2 0.002248 0.042190 0.941136 0.010043 0.004383
2 2 0.003469 0.061346 0.921841 0.007726 0.005617
2 2 0.002456 0.037112 0.917440 0.040381 0.002611
2 2 0.001678 0.044589 0.894466 0.054547 0.004720
2 2 0.002271 0.055127 0.919735 0.017536 0.005331
2 2 0.000734 0.055329 0.922221 0.011231 0.010484
2 2 0.002031 0.075088 0.905131 0.012811 0.004940
2 2 0.004454 0.079910 0.897959 0.013824 0.003852
2 2 0.005035 0.057395 0.798294 0.135345 0.003932
2 2 0.034216 0.197628 0.737066 0.019895 0.011194
2 2 0.033245 0.414590 0.500533 0.007192 0.044440
2 2 0.013031 0.209708 0.723333 0.018554 0.035375
2 2 0.020510 0.095442 0.866913 0.006038 0.011098
2 2 0.022707 0.184695 0.772816 0.005549 0.014233
2 2 0.013294 0.277931 0.653378 0.000432 0.054965
1 2 0.039051 0.474255 0.430122 0.002358 0.054214
1 2 0.035322 0.472705 0.371903 0.003464 0.116606
2 2 0.030621 0.430857 0.482896 0.001021 0.054605
2 2 0.013729 0.235867 0.702936 0.000433 0.047036
2 2 0.006977 0.151551 0.820441 0.006341 0.014690
2 2 0.002372 0.079638 0.906365 0.003730 0.007895
2 2 0.001517 0.056669 0.932832 0.002870 0.006111
2 2 0.004099 0.054387 0.930015 0.004978 0.006521
2 2 0.000306 0.048416 0.944620 0.000450 0.006209
2 2 0.000840 0.034928 0.958654 0.002364 0.003213
2 2 0.003871 0.117496 0.865970 0.003490 0.009172
2 2 0.001353 0.066327 0.923829 0.002336 0.006155
2 2 0.000748 0.032028 0.962053 0.002225 0.002946
2 2 0.001005 0.052958 0.940310 0.002448 0.003279
2 2 0.000722 0.042021 0.946240 0.007382 0.003635
2 2 0.000057 0.022896 0.974804 0.000137 0.002107
2 2 0.002089 0.040538 0.860555 0.093215 0.003603
2 2 0.000527 0.071857 0.921539 0.000791 0.005284
2 2 0.001148 0.061371 0.927768 0.003854 0.005859
2 2 0.002045 0.032065 0.926946 0.035335 0.003610
2 2 0.006169 0.053418 0.916532 0.020448 0.003434
2 2 0.012513 0.265716 0.701211 0.005926 0.014635
2 2 0.008702 0.232501 0.729267 0.005801 0.023729
2 2 0.005271 0.134082 0.841140 0.006361 0.013146
2 2 0.001368 0.058852 0.931635 0.002108 0.006038
2 2 0.002434 0.087722 0.899895 0.001888 0.008061
2 2 0.004959 0.143204 0.833433 0.005345 0.013058
2 2 0.002714 0.046564 0.938822 0.009159 0.002741
2 2 0.001094 0.049865 0.942426 0.002479 0.004137
2 2 0.004884 0.129550 0.849993 0.005181 0.010393
2 2 0.004512 0.139847 0.840022 0.005472 0.010146
2 2 0.002421 0.080617 0.906884 0.004504 0.005573
2 2 0.000663 0.039414 0.954774 0.001884 0.003264
2 2 0.002167 0.069879 0.918767 0.004285 0.004902
2 2 0.002668 0.144492 0.823889 0.000315 0.028636
2 2 0.005734 0.076168 0.908573 0.002563 0.006961
2 4 0.025048 0.183854 0.608848 0.048077 0.134173
2 4 0.018036 0.254314 0.672307 0.002160 0.053183
2 4 0.013481 0.218628 0.724614 0.001534 0.041743
2 2 0.000928 0.073281 0.913808 0.000743 0.011240
2 2 0.003085 0.050959 0.937320 0.003638 0.004998
2 2 0.005767 0.142198 0.821913 0.006451 0.023671
2 2 0.013750 0.203377 0.764715 0.004680 0.013477
2 2 0.012216 0.253529 0.709502 0.008233 0.016521
1 2 0.055918 0.467303 0.375352 0.000080 0.101347
2 2 0.118328 0.356122 0.367718 0.005632 0.152201
1 2 0.031312 0.596799 0.280290 0.000150 0.091449
1 2 0.030751 0.441071 0.341944 0.000657 0.185577
1 2 0.029873 0.535486 0.318957 0.000309 0.115376
1 2 0.027513 0.508634 0.366997 0.000382 0.096474
2 2 0.031241 0.383975 0.449487 0.000155 0.135142
1 2 0.068926 0.593396 0.234120 0.000281 0.103277
2 2 0.023285 0.405902 0.430278 0.000254 0.140282
1 2 0.045921 0.592291 0.254310 0.000121 0.107358
1 2 0.021252 0.519260 0.393858 0.001908 0.063721
2 2 0.014459 0.349678 0.576520 0.002541 0.056802
2 2 0.010693 0.141054 0.823391 0.001699 0.023163
2 2 0.017174 0.327699 0.607366 0.000734 0.047028
2 2 0.006936 0.323643 0.559757 0.000087 0.109577
2 2 0.008356 0.176968 0.792987 0.001765 0.019924
2 2 0.012821 0.332142 0.614497 0.001373 0.039168
2 2 0.000629 0.069522 0.911868 0.000160 0.017820
2 2 0.007780 0.206851 0.745285 0.001002 0.039082
2 2 0.014095 0.216539 0.743392 0.001686 0.024287
2 2 0.002949 0.083023 0.901202 0.001757 0.011069
2 2 0.009197 0.172582 0.791807 0.002702 0.023712
2 2 0.007829 0.164086 0.805224 0.001897 0.020964
2 2 0.005669 0.162922 0.809901 0.001661 0.019847
2 2 0.007391 0.108395 0.869269 0.002496 0.012449
2 2 0.018063 0.384012 0.497792 0.000069 0.100063
2 2 0.043729 0.339573 0.567291 0.000557 0.048851
1 2 0.016209 0.477795 0.427151 0.000608 0.078236
1 2 0.037659 0.546810 0.329517 0.000501 0.085513
2 2 0.022660 0.397461 0.430259 0.001004 0.148617
2 2 0.004702 0.222692 0.736571 0.001058 0.034978
2 2 0.013679 0.279114 0.668613 0.001189 0.037405
2 2 0.053395 0.272994 0.644652 0.009229 0.019731
2 2 0.008683 0.187193 0.783681 0.002918 0.017525
2 2 0.005903 0.245521 0.708894 0.000286 0.039396
1 2 0.046637 0.637456 0.200985 0.000027 0.114895
1 2 0.060533 0.532629 0.239494 0.000026 0.167318
1 2 0.048358 0.495407 0.285127 0.000034 0.171075
1 2 0.135923 0.641251 0.103463 0.000015 0.119348
1 4 0.108711 0.337548 0.246334 0.006858 0.300550
0 4 0.945848 0.019314 0.000993 0.000000 0.033845
0 4 0.826113 0.091795 0.002195 0.000000 0.079897
0 0 0.896886 0.031962 0.006089 0.000006 0.065057
0 0 0.915414 0.036822 0.005231 0.000019 0.042514
0 0 0.861408 0.048427 0.008565 0.000005 0.081595
0 0 0.896303 0.043309 0.018990 0.000084 0.041314
0 0 0.961439 0.014473 0.000956 0.000001 0.023131
0 0 0.742203 0.032912 0.005341 0.000004 0.219539
0 1 0.801285 0.107278 0.001134 0.000000 0.090302
0 1 0.859755 0.067269 0.000807 0.000000 0.072168
1 4 0.282249 0.387205 0.100460 0.000008 0.230078
1 4 0.292619 0.468813 0.021652 0.000000 0.216916
0 4 0.510245 0.339932 0.016901 0.000000 0.132922
1 4 0.065063 0.520375 0.066110 0.000000 0.348451
1 4 0.037288 0.530655 0.085334 0.000000 0.346722
1 1 0.028525 0.572712 0.221615 0.000003 0.177146
1 1 0.012956 0.471454 0.252878 0.000001 0.262710
1 1 0.025807 0.482378 0.277214 0.000033 0.214568
1 1 0.006492 0.477252 0.242757 0.000026 0.273473
1 1 0.023102 0.560652 0.223276 0.000001 0.192969
1 1 0.016977 0.460145 0.321873 0.000040 0.200966
1 1 0.014894 0.455816 0.400582 0.000035 0.128672
1 1 0.030410 0.586549 0.278794 0.000107 0.104139
1 1 0.015755 0.462920 0.360298 0.000142 0.160885
1 2 0.016041 0.402989 0.386545 0.000006 0.194419
1 2 0.027972 0.540880 0.234956 0.000244 0.195948
1 2 0.036641 0.595958 0.246966 0.000033 0.120402
1 2 0.046032 0.592280 0.209229 0.000040 0.152419
1 2 0.035023 0.535394 0.243549 0.000007 0.186028
1 2 0.034618 0.565324 0.247744 0.000010 0.152304
1 2 0.044272 0.579125 0.238870 0.000091 0.137642
1 2 0.031718 0.567083 0.256904 0.000602 0.143693
1 2 0.026558 0.479460 0.344147 0.000035 0.149800
1 2 0.022368 0.576877 0.299656 0.000082 0.101018
1 2 0.022094 0.494849 0.339669 0.000024 0.143365
1 2 0.035936 0.564425 0.270924 0.000341 0.128373
1 2 0.033085 0.524039 0.319225 0.000233 0.123419
1 2 0.042310 0.591785 0.238508 0.000032 0.127365
1 2 0.033092 0.548796 0.243070 0.001159 0.173884
1 2 0.030573 0.451828 0.373336 0.000096 0.144167
2 2 0.010395 0.191336 0.759728 0.001716 0.036824
2 2 0.005568 0.198325 0.764028 0.000704 0.031376
2 2 0.002669 0.189811 0.776961 0.000448 0.030111
2 2 0.021585 0.194470 0.759817 0.003943 0.020186
2 2 0.008948 0.383207 0.535086 0.000245 0.072514
2 2 0.018595 0.336418 0.581086 0.001514 0.062387
1 2 0.015725 0.481781 0.413557 0.000207 0.088730
2 2 0.012711 0.288581 0.658048 0.000486 0.040174
2 2 0.012077 0.432578 0.453417 0.000122 0.101806
2 2 0.008668 0.266162 0.690434 0.000429 0.034307
2 2 0.001949 0.097363 0.889124 0.002530 0.009034
2 2 0.000824 0.072405 0.919388 0.001249 0.006133
2 2 0.000378 0.123496 0.854836 0.000211 0.021079
2 2 0.000353 0.046161 0.948141 0.000623 0.004722
2 2 0.003230 0.083769 0.900786 0.005845 0.006370
2 2 0.000070 0.040142 0.954410 0.000091 0.005287
2 2 0.000268 0.030777 0.966134 0.000797 0.002025
2 2 0.001240 0.055536 0.923669 0.015391 0.004164
2 2 0.000125 0.048630 0.943955 0.000389 0.006901
2 2 0.000457 0.047364 0.947258 0.000908 0.004013
2 2 0.001228 0.058920 0.923210 0.010807 0.005836
2 2 0.000698 0.037496 0.955139 0.004659 0.002008
2 2 0.000919 0.073749 0.890765 0.022345 0.012222
2 2 0.000501 0.017986 0.969779 0.010468 0.001265
2 2 0.001416 0.036866 0.921962 0.035671 0.004085
2 2 0.003235 0.130750 0.828705 0.007538 0.029771
2 2 0.008179 0.118569 0.853176 0.012025 0.008051
2 2 0.011694 0.141357 0.830381 0.004640 0.011927
2 2 0.066463 0.223138 0.671710 0.021304 0.017385
2 2 0.008780 0.400053 0.524191 0.000942 0.066034
2 2 0.001682 0.069198 0.918876 0.002690 0.007555
2 2 0.000383 0.073552 0.914744 0.000728 0.010593
2 2 0.001329 0.098680 0.887454 0.001441 0.011096
2 2 0.004089 0.107087 0.872674 0.005357 0.010792
2 2 0.002551 0.087394 0.896405 0.002149 0.011502
2 2 0.000366 0.018608 0.972484 0.006558 0.001985
2 2 0.000115 0.024110 0.970931 0.002406 0.002438
2 2 0.000365 0.036344 0.952164 0.006652 0.004475
2 2 0.000421 0.034597 0.957873 0.004950 0.002160
2 2 0.001646 0.060618 0.889510 0.041541 0.006685
2 2 0.000215 0.021849 0.960684 0.015587 0.001664
2 2 0.000701 0.040028 0.950276 0.006255 0.002740
2 2 0.000564 0.014453 0.966957 0.017281 0.000745
2 2 0.000226 0.016974 0.970645 0.010476 0.001678
2 2 0.000822 0.032332 0.937987 0.024668 0.004190
2 2 0.001867 0.085686 0.896108 0.006556 0.009782
2 2 0.012047 0.100357 0.746620 0.133443 0.007533
2 2 0.006797 0.093144 0.860329 0.033591 0.006139
2 2 0.001025 0.040229 0.951109 0.004816 0.002820
2 2 0.003570 0.080800 0.900854 0.007469 0.007308
2 2 0.002479 0.071564 0.916159 0.005039 0.004760
2 2 0.013568 0.091232 0.871333 0.017992 0.005875
2 2 0.014668 0.196632 0.761406 0.002611 0.024682
2 2 0.012059 0.200369 0.762736 0.010260 0.014577
2 2 0.019794 0.264886 0.683803 0.010185 0.021332
0 0 0.505446 0.209111 0.223996 0.006667 0.054779
1 1 0.045720 0.551952 0.294763 0.000268 0.107298
1 1 0.017744 0.449143 0.447316 0.000280 0.085517
2 2 0.010334 0.282131 0.647562 0.000399 0.059574
2 2 0.013913 0.284900 0.646232 0.001422 0.053533
2 2 0.000820 0.034433 0.959225 0.002309 0.003214
2 2 0.000794 0.056234 0.934147 0.003332 0.005493
2 2 0.000316 0.029623 0.966178 0.002164 0.001719
2 2 0.000087 0.020140 0.978285 0.000321 0.001168
2 2 0.000276 0.020849 0.975984 0.000995 0.001895
2 2 0.000456 0.046387 0.945398 0.003835 0.003923
2 2 0.011259 0.128468 0.797318 0.053173 0.009782
2 2 0.000127 0.011850 0.983935 0.002859 0.001229
2 2 0.000147 0.007161 0.986850 0.005293 0.000551
2 2 0.000110 0.004652 0.940468 0.054434 0.000336
3 3 0.000274 0.001224 0.265648 0.732781 0.000073
2 3 0.000119 0.006074 0.897722 0.095618 0.000466
2 3 0.000739 0.007773 0.675880 0.315167 0.000441
2 3 0.000271 0.011992 0.503970 0.482482 0.001285
3 3 0.000364 0.003612 0.229612 0.765995 0.000416
3 3 0.000125 0.002518 0.243985 0.753108 0.000264
3 3 0.000066 0.000201 0.053908 0.945813 0.000011
3 3 0.000311 0.002446 0.154023 0.842993 0.000227
3 3 0.000120 0.000302 0.051991 0.947563 0.000024
3 3 0.000057 0.000208 0.039133 0.960584 0.000018
3 3 0.000102 0.000383 0.065392 0.934096 0.000027
3 3 0.000017 0.000146 0.024996 0.974822 0.000018
3 3 0.000041 0.000293 0.029123 0.970494 0.000050
3 3 0.000088 0.000246 0.030879 0.968754 0.000033
3 3 0.000043 0.000127 0.046986 0.952838 0.000007
3 3 0.000057 0.001404 0.055539 0.942652 0.000348
3 3 0.000018 0.000049 0.014970 0.984958 0.000005
3 3 0.000025 0.000108 0.024237 0.975620 0.000011
3 3 0.000020 0.000107 0.013542 0.986308 0.000022
3 3 0.000029 0.000089 0.019398 0.980474 0.000010
3 3 0.000067 0.000225 0.035468 0.964217 0.000024
3 3 0.000028 0.000219 0.020604 0.979102 0.000047
3 3 0.000041 0.000281 0.019354 0.980246 0.000078
3 3 0.000041 0.000156 0.018769 0.981006 0.000028
3 3 0.000022 0.000104 0.017270 0.982588 0.000016
3 3 0.000092 0.000533 0.021702 0.977471 0.000202
3 3 0.000057 0.000244 0.020424 0.979220 0.000055
3 3 0.000018 0.000052 0.018096 0.981829 0.000004
3 3 0.000026 0.000086 0.011402 0.988467 0.000019
3 3 0.000022 0.000044 0.009270 0.990656 0.000008
3 3 0.000013 0.000029 0.013445 0.986511 0.000002
3 3 0.000010 0.000023 0.007933 0.992030 0.000003
3 3 0.000018 0.000203 0.029561 0.970193 0.000026
3 3 0.000028 0.000105 0.021302 0.978554 0.000012
3 3 0.000029 0.000087 0.015566 0.984305 0.000013
3 3 0.000012 0.000047 0.009416 0.990516 0.000009
3 3 0.000025 0.000107 0.012562 0.987281 0.000025
3 3 0.000052 0.000167 0.010942 0.988775 0.000063
3 3 0.000013 0.000097 0.014340 0.985532 0.000018
3 3 0.000042 0.000118 0.015230 0.984589 0.000022
3 3 0.000060 0.000134 0.020170 0.979617 0.000019
3 3 0.000057 0.000271 0.017002 0.982586 0.000084
3 3 0.000125 0.000778 0.020020 0.978644 0.000434
3 3 0.000021 0.000045 0.014777 0.985152 0.000004
3 3 0.000020 0.000077 0.011110 0.988777 0.000016
3 3 0.000052 0.000085 0.013006 0.986842 0.000015
3 3 0.000004 0.000010 0.003522 0.996463 0.000002
3 3 0.000020 0.000084 0.005812 0.994042 0.000042
3 3 0.000015 0.000056 0.005108 0.994797 0.000025
3 3 0.000019 0.000076 0.007318 0.992560 0.000027
3 3 0.000033 0.000140 0.015851 0.983946 0.000029
3 3 0.000011 0.000024 0.009243 0.990719 0.000003
3 3 0.000039 0.000087 0.016870 0.982992 0.000012
3 3 0.000026 0.000138 0.013428 0.986372 0.000036
3 3 0.000094 0.000231 0.008318 0.991204 0.000153
3 3 0.000010 0.000019 0.007935 0.992034 0.000002
3 3 0.000017 0.000043 0.013946 0.985990 0.000004
3 3 0.000011 0.000035 0.009013 0.990935 0.000005
3 3 0.000025 0.000207 0.008504 0.991133 0.000131
3 3 0.000060 0.000276 0.012729 0.986808 0.000126
3 3 0.006063 0.011791 0.077361 0.892228 0.012557
2 1 0.071728 0.133652 0.601318 0.173465 0.019838
3 1 0.006425 0.109699 0.393390 0.451976 0.038510
2 1 0.017937 0.170181 0.622850 0.121903 0.067129
2 1 0.008139 0.278296 0.612672 0.042460 0.058434
2 1 0.004990 0.173433 0.720473 0.072266 0.028838
2 2 0.002951 0.040120 0.871019 0.081366 0.004544
2 2 0.003383 0.045942 0.929207 0.018231 0.003237
2 2 0.002909 0.057497 0.916436 0.017495 0.005663
2 2 0.003251 0.062664 0.877833 0.048864 0.007388
2 2 0.000772 0.045540 0.944981 0.004075 0.004632
2 2 0.000444 0.022765 0.972945 0.001870 0.001975
2 2 0.001936 0.039748 0.933577 0.021286 0.003453
2 2 0.000898 0.060045 0.932020 0.001640 0.005398
2 2 0.002167 0.027610 0.957562 0.010996 0.001665
2 2 0.002135 0.068182 0.920281 0.004389 0.005013
2 2 0.000538 0.023951 0.970510 0.002831 0.002170
2 2 0.002463 0.044999 0.903469 0.043161 0.005908
2 2 0.001138 0.051121 0.941309 0.002704 0.003728
2 2 0.000710 0.072861 0.919153 0.001035 0.006241
2 2 0.000364 0.033287 0.962056 0.000861 0.003432
2 2 0.002349 0.034809 0.930916 0.028750 0.003175
2 2 0.000249 0.024948 0.971557 0.000710 0.002535
2 2 0.001360 0.042070 0.946198 0.006696 0.003676
2 2 0.000074 0.012924 0.985985 0.000447 0.000570
2 2 0.000759 0.014040 0.946155 0.038080 0.000966
2 2 0.000117 0.008088 0.990278 0.001175 0.000342
2 2 0.000088 0.003327 0.992484 0.003975 0.000125
2 2 0.000348 0.008096 0.944306 0.046494 0.000755
2 2 0.001752 0.033530 0.945689 0.016544 0.002484
2 2 0.001020 0.046404 0.946793 0.003309 0.002474
2 2 0.000269 0.013611 0.983258 0.001972 0.000890
2 2 0.000499 0.023997 0.963757 0.009340 0.002408
2 2 0.000278 0.029781 0.966308 0.001687 0.001946
2 2 0.001653 0.036558 0.948876 0.010836 0.002078
2 2 0.001144 0.042876 0.934191 0.017270 0.004519
2 2 0.002306 0.030598 0.858765 0.104461 0.003869
2 2 0.000925 0.041067 0.920402 0.030241 0.007365
2 2 0.005752 0.070550 0.736116 0.180378 0.007205
2 2 0.002166 0.032406 0.739185 0.222920 0.003323
2 2 0.004226 0.038354 0.782825 0.172555 0.002040
2 2 0.001891 0.026349 0.873376 0.095711 0.002674
2 2 0.001235 0.012475 0.903244 0.081830 0.001216
2 3 0.000846 0.014635 0.956113 0.027749 0.000657
2 3 0.000122 0.016465 0.981415 0.000782 0.001216
2 3 0.001896 0.042679 0.841638 0.106267 0.007521
2 3 0.001970 0.026285 0.940175 0.029970 0.001599
2 2 0.003022 0.055416 0.929490 0.007958 0.004115
2 2 0.004505 0.031873 0.728566 0.233337 0.001719
2 2 0.004600 0.032769 0.884931 0.076084 0.001616
2 2 0.000055 0.001773 0.976954 0.021183 0.000035
2 2 0.000129 0.006681 0.948375 0.044219 0.000596
2 2 0.000089 0.006639 0.966678 0.026244 0.000351
2 2 0.000921 0.011919 0.749122 0.237023 0.001014
2 2 0.000593 0.007985 0.922394 0.068833 0.000195
2 2 0.007155 0.057392 0.823052 0.108591 0.003811
2 2 0.004979 0.084702 0.875716 0.024073 0.010530
2 2 0.003846 0.041008 0.937114 0.015684 0.002347
2 2 0.000924 0.041285 0.952434 0.002734 0.002623
2 2 0.003681 0.050500 0.929700 0.012633 0.003486
2 2 0.000454 0.035557 0.958659 0.001592 0.003738
2 2 0.000453 0.015251 0.977796 0.005755 0.000746
2 2 0.003466 0.036299 0.938315 0.020805 0.001116
2 2 0.002494 0.036652 0.948441 0.010262 0.002150
2 2 0.001032 0.037815 0.955388 0.003390 0.002374
2 2 0.002000 0.012274 0.955181 0.030228 0.000317
2 2 0.001340 0.092103 0.895677 0.001642 0.009238
2 2 0.000448 0.034800 0.960709 0.001186 0.002856
2 2 0.000787 0.017996 0.975309 0.004842 0.001066
2 2 0.002612 0.045771 0.928870 0.018407 0.004341
2 2 0.000812 0.052293 0.941712 0.001910 0.003274
2 2 0.000488 0.059896 0.931249 0.001137 0.007230
2 2 0.020769 0.091699 0.832573 0.050669 0.004291
2 2 0.001064 0.032085 0.960717 0.003723 0.002412
2 2 0.001759 0.037268 0.951902 0.007188 0.001883
2 2 0.001550 0.035551 0.954556 0.006548 0.001795
2 2 0.000207 0.039692 0.955761 0.000925 0.003415
2 2 0.000714 0.032682 0.948744 0.015562 0.002298
2 2 0.000203 0.017276 0.980579 0.001090 0.000852
2 2 0.000863 0.034059 0.958568 0.004748 0.001763
2 2 0.001407 0.048039 0.943637 0.004080 0.002837
2 2 0.000084 0.012728 0.986044 0.000488 0.000655
2 2 0.000336 0.037968 0.954223 0.004270 0.003203
2 2 0.000541 0.007471 0.982210 0.009572 0.000207
2 2 0.000302 0.018548 0.978577 0.001869 0.000704
2 2 0.000118 0.014760 0.983788 0.000698 0.000636
2 2 0.000136 0.005965 0.976994 0.016552 0.000353
2 2 0.000121 0.010390 0.988061 0.000906 0.000522
2 2 0.000037 0.005390 0.993648 0.000697 0.000228
2 2 0.000399 0.007935 0.909231 0.081965 0.000471
2 2 0.000358 0.022959 0.973835 0.001600 0.001248
2 2 0.000593 0.026115 0.964199 0.007456 0.001637
2 2 0.004269 0.032948 0.933856 0.027832 0.001095
2 2 0.000939 0.036244 0.957116 0.002788 0.002913
2 2 0.000468 0.051879 0.941071 0.000751 0.005831
2 2 0.000744 0.024086 0.969837 0.004460 0.000872
2 2 0.000293 0.021323 0.975929 0.001412 0.001044
2 2 0.000281 0.018166 0.979043 0.001369 0.001142
2 2 0.001856 0.037927 0.950294 0.008385 0.001538
2 2 0.000751 0.073209 0.910851 0.004788 0.010402
2 2 0.006006 0.163836 0.801520 0.013764 0.014874
2 2 0.001719 0.065666 0.924714 0.003798 0.004104
2 2 0.000413 0.047127 0.946770 0.000726 0.004965
2 2 0.000629 0.039993 0.954591 0.001589 0.003199
2 2 0.000244 0.053191 0.940634 0.000349 0.005581
2 2 0.007435 0.144506 0.825999 0.010504 0.011556
2 2 0.000206 0.027888 0.967987 0.000466 0.003453
2 2 0.000799 0.056372 0.935968 0.001225 0.005635
2 2 0.000416 0.073047 0.916168 0.000435 0.009935
2 2 0.000957 0.065174 0.927385 0.001777 0.004707
2 2 0.021574 0.296979 0.642344 0.000345 0.038758
1 2 0.018526 0.468262 0.454283 0.000755 0.058175
1 2 0.026127 0.472663 0.408238 0.000396 0.092576
2 2 0.013297 0.327442 0.601085 0.002083 0.056092
2 2 0.012746 0.305846 0.638381 0.001117 0.041911
1 2 0.057243 0.436404 0.342893 0.000026 0.163433
1 2 0.164914 0.501937 0.136113 0.000012 0.197024
1 4 0.130341 0.494319 0.148902 0.000854 0.225583
0 4 0.387414 0.264798 0.127861 0.004154 0.215774
0 4 0.382598 0.371187 0.116204 0.000619 0.129393
1 4 0.014402 0.516142 0.343742 0.000822 0.124893
1 4 0.017484 0.509996 0.362970 0.000061 0.109489
1 1 0.017196 0.556277 0.330004 0.000059 0.096464
1 1 0.014336 0.504341 0.374369 0.000048 0.106907
1 1 0.020334 0.560810 0.328999 0.000126 0.089730
1 2 0.015083 0.416695 0.395045 0.000010 0.173167
1 2 0.009353 0.417461 0.364236 0.000111 0.208839
1 2 0.030641 0.390765 0.277510 0.011355 0.289729
1 2 0.017482 0.548820 0.321941 0.000028 0.111729
1 2 0.014482 0.446383 0.335518 0.000282 0.203334
1 2 0.011035 0.469615 0.363659 0.000420 0.155271
2 2 0.013473 0.374744 0.537089 0.000538 0.074157
1 2 0.010705 0.442589 0.388554 0.000005 0.158146
1 2 0.006827 0.447240 0.404807 0.000539 0.140588
1 2 0.017308 0.542450 0.350097 0.000115 0.090030
1 2 0.015369 0.460950 0.288763 0.000007 0.234911
4 2 0.013743 0.342842 0.247976 0.000235 0.395204
1 2 0.010754 0.382302 0.350909 0.000000 0.256034
1 2 0.007571 0.396635 0.311735 0.000018 0.284041
1 2 0.015218 0.479028 0.324110 0.000014 0.181629
1 2 0.008564 0.425868 0.365479 0.000048 0.200042
2 2 0.006488 0.415914 0.420890 0.000002 0.156706
1 2 0.013368 0.477550 0.386380 0.000026 0.122676
1 2 0.020285 0.582603 0.288135 0.001082 0.107895
1 1 0.037338 0.526379 0.290568 0.001382 0.144333
1 1 0.015928 0.468882 0.237435 0.000018 0.277737
1 1 0.038061 0.491663 0.194504 0.000125 0.275646
1 4 0.125948 0.554102 0.122661 0.000003 0.197285
4 4 0.011659 0.406571 0.169000 0.000004 0.412765
1 4 0.118138 0.475617 0.193287 0.000610 0.212348
0 0 0.626766 0.138861 0.192620 0.006299 0.035454
1 1 0.021551 0.464716 0.359476 0.000023 0.154234
1 1 0.022115 0.472382 0.342180 0.000014 0.163308
1 1 0.008476 0.431227 0.338721 0.000001 0.221575
1 1 0.012193 0.403595 0.352768 0.000001 0.231443
1 1 0.027103 0.445676 0.286626 0.000003 0.240592
1 1 0.018599 0.470049 0.279585 0.000010 0.231758
1 1 0.036108 0.520402 0.220631 0.000005 0.222854
1 1 0.039274 0.591884 0.210701 0.000005 0.158137
1 4 0.030442 0.473377 0.237112 0.000099 0.258970
1 4 0.023768 0.496516 0.341130 0.000034 0.138551
1 4 0.016276 0.487091 0.272168 0.000193 0.224272
1 4 0.011864 0.437176 0.374031 0.000004 0.176924
1 2 0.015782 0.461122 0.315909 0.000100 0.207087
1 2 0.024439 0.433138 0.354533 0.000036 0.187855
1 2 0.015819 0.386705 0.242766 0.000016 0.354693
1 2 0.043696 0.521441 0.196468 0.000035 0.238359
1 2 0.054394 0.564095 0.209448 0.000047 0.172017
1 2 0.037596 0.445497 0.271803 0.000114 0.244989
1 1 0.047357 0.567658 0.201676 0.000047 0.183262
1 1 0.311263 0.351479 0.038860 0.000006 0.298392
0 4 0.417479 0.252559 0.049096 0.000028 0.280838
1 4 0.152531 0.501060 0.042272 0.000001 0.304135
1 4 0.166702 0.467350 0.041497 0.000000 0.324452
4 4 0.096138 0.422360 0.049210 0.000000 0.432291
1 4 0.173713 0.589172 0.045599 0.000000 0.191516
1 4 0.113415 0.408478 0.101607 0.000006 0.376494
0 4 0.410548 0.376182 0.026734 0.000000 0.186537
0 4 0.533323 0.306080 0.020125 0.000000 0.140472
1 4 0.352819 0.382339 0.036804 0.000003 0.228035
1 4 0.106754 0.545142 0.158620 0.000616 0.188868
1 4 0.104140 0.649117 0.110471 0.000005 0.136267
4 4 0.027445 0.386570 0.146780 0.000155 0.439049
1 4 0.053091 0.570532 0.157679 0.000008 0.218690
1 4 0.080643 0.485926 0.139837 0.000007 0.293587
0 4 0.724271 0.170332 0.008189 0.000000 0.097208
0 4 0.650951 0.144426 0.013052 0.000000 0.191571
0 4 0.509369 0.169216 0.015398 0.000000 0.306017
0 4 0.493418 0.139192 0.013532 0.000000 0.353858
4 4 0.379431 0.172205 0.021524 0.000000 0.426840
0 4 0.625469 0.196292 0.006485 0.000000 0.171755
1 4 0.198268 0.452360 0.021426 0.000000 0.327947
0 0 0.861806 0.065241 0.016116 0.000108 0.056728
0 1 0.795288 0.120910 0.007309 0.000001 0.076492
1 1 0.234076 0.438743 0.027401 0.000000 0.299780
1 1 0.035643 0.550678 0.243294 0.000006 0.170379
1 1 0.024833 0.544241 0.290411 0.000014 0.140500
1 1 0.014204 0.460632 0.287266 0.000000 0.237898
1 1 0.012536 0.434043 0.273771 0.000000 0.279650
1 1 0.021737 0.457581 0.277101 0.000001 0.243580
1 1 0.033376 0.545304 0.267906 0.000300 0.153114
1 1 0.019815 0.403852 0.320918 0.000364 0.255051
1 1 0.016779 0.478893 0.372640 0.000053 0.131636
1 4 0.018146 0.522697 0.301880 0.001147 0.156128
1 4 0.029992 0.477426 0.334211 0.000247 0.158125
1 4 0.055304 0.566597 0.135113 0.000080 0.242906
1 4 0.066757 0.473808 0.110515 0.000024 0.348896
1 4 0.111664 0.594594 0.074605 0.000000 0.219137
1 4 0.123999 0.543265 0.087266 0.000002 0.245468
1 4 0.086573 0.506695 0.128711 0.000001 0.278019
1 4 0.267199 0.509363 0.067500 0.000005 0.155934
0 4 0.357532 0.348836 0.039796 0.000001 0.253835
1 4 0.297717 0.359523 0.024105 0.000000 0.318654
1 4 0.236787 0.484461 0.052566 0.000001 0.226186
1 4 0.325571 0.420465 0.032377 0.000000 0.221587
0 4 0.589444 0.270028 0.014262 0.000000 0.126266
0 4 0.364431 0.323035 0.043585 0.000064 0.268885
4 4 0.172673 0.382977 0.056229 0.000002 0.388119
1 4 0.151015 0.409723 0.045351 0.000000 0.393911
0 4 0.528723 0.276783 0.017134 0.000000 0.177359
1 4 0.337989 0.427517 0.039485 0.000001 0.195009
1 4 0.195050 0.605247 0.050658 0.000001 0.149044
1 1 0.092502 0.556183 0.054044 0.000000 0.297271
1 1 0.040629 0.528523 0.103790 0.000000 0.327057
1 1 0.044906 0.510323 0.085897 0.000000 0.358874
1 4 0.054992 0.504443 0.146254 0.000007 0.294303
4 4 0.154000 0.339578 0.112007 0.000589 0.393826
1 4 0.036606 0.502367 0.123650 0.000000 0.337377
1 4 0.037805 0.632452 0.156542 0.000001 0.173199
1 4 0.041310 0.595785 0.165331 0.000001 0.197574
1 4 0.034549 0.530573 0.191586 0.000005 0.243288
1 4 0.052314 0.651381 0.141481 0.000012 0.154812
1 4 0.038984 0.485606 0.210113 0.000092 0.265206
1 4 0.070599 0.611598 0.163566 0.000008 0.154228
1 4 0.065523 0.621414 0.144377 0.000032 0.168654
1 4 0.284508 0.392534 0.032890 0.000001 0.290066
1 4 0.335356 0.412006 0.027963 0.000000 0.224675
1 4 0.261807 0.406564 0.042055 0.000002 0.289572
0 4 0.499976 0.263899 0.031799 0.000011 0.204314
1 4 0.192494 0.483783 0.043750 0.000000 0.279973
4 4 0.100812 0.336165 0.174672 0.000040 0.388311
1 4 0.044012 0.522427 0.118938 0.000004 0.314619
1 4 0.056084 0.549663 0.111391 0.000000 0.282861
4 4 0.029436 0.312275 0.184617 0.000030 0.473643
4 4 0.036111 0.309219 0.149246 0.000647 0.504778
1 4 0.022140 0.515772 0.231431 0.000004 0.230654
1 4 0.047299 0.596688 0.180726 0.000042 0.175244
1 4 0.017439 0.506630 0.207285 0.000039 0.268608
1 4 0.027286 0.510759 0.232387 0.000047 0.229521
1 4 0.075107 0.550557 0.197215 0.000049 0.177072
0 4 0.352499 0.265051 0.088678 0.000035 0.293737
0 0 0.834059 0.061554 0.081955 0.002351 0.020081
1 1 0.227752 0.585628 0.060567 0.000004 0.126049
1 1 0.056310 0.454446 0.097843 0.000000 0.391401
1 1 0.073318 0.488433 0.105013 0.000001 0.333236
1 1 0.050102 0.538437 0.189848 0.000001 0.221612
1 1 0.016937 0.453725 0.226507 0.000000 0.302831
1 1 0.015505 0.463277 0.273761 0.000001 0.247456
1 1 0.027885 0.469812 0.264287 0.000116 0.237900
1 1 0.228545 0.483978 0.162144 0.000628 0.124705
1 1 0.035019 0.492045 0.183725 0.000005 0.289206
1 1 0.035681 0.435111 0.131597 0.000025 0.397586
1 1 0.031327 0.489882 0.117867 0.000026 0.360897
4 1 0.027123 0.337262 0.113981 0.000061 0.521573
1 1 0.093509 0.585171 0.120927 0.000103 0.200290
1 1 0.032459 0.453907 0.220814 0.001503 0.291317
1 1 0.017154 0.478767 0.255443 0.001824 0.246813
1 1 0.005510 0.386443 0.304413 0.000264 0.303370
2 2 0.004625 0.343547 0.361607 0.000003 0.290219
1 2 0.015277 0.475023 0.330726 0.000006 0.178969
1 2 0.009501 0.410939 0.352328 0.000134 0.227097
2 2 0.010786 0.364218 0.441398 0.008668 0.174930
1 2 0.027009 0.609979 0.280722 0.000255 0.082036
1 2 0.012127 0.486569 0.322831 0.000064 0.178409
1 2 0.010425 0.439410 0.388678 0.000309 0.161177
1 2 0.019982 0.450940 0.411058 0.007930 0.110090
2 2 0.005039 0.339889 0.550808 0.000049 0.104215
2 2 0.014221 0.223114 0.657117 0.001446 0.104102
1 2 0.012691 0.493506 0.354918 0.000732 0.138152
1 2 0.013130 0.389994 0.382156 0.005048 0.209671
2 2 0.009215 0.315092 0.522755 0.000208 0.152730
2 2 0.010238 0.325748 0.417238 0.000353 0.246422
1 2 0.029275 0.530611 0.351656 0.000534 0.087924
1 2 0.004229 0.442157 0.438175 0.000020 0.115419
2 2 0.013139 0.284709 0.641742 0.001003 0.059407
1 2 0.015347 0.485245 0.338773 0.000005 0.160629
2 2 0.016578 0.353078 0.426015 0.000046 0.204283
2 2 0.013245 0.297235 0.427368 0.000239 0.261912
1 2 0.137986 0.519142 0.199451 0.000206 0.143214
1 2 0.034752 0.544254 0.287531 0.000270 0.133193
1 2 0.139846 0.574929 0.172453 0.000290 0.112482
1 2 0.299486 0.373153 0.122124 0.001553 0.203684
1 2 0.052051 0.563729 0.212803 0.000208 0.171209
0 2 0.432937 0.288597 0.188432 0.003449 0.086585
1 2 0.031014 0.507936 0.179231 0.000194 0.281626
1 2 0.028241 0.545655 0.336371 0.000349 0.089384
2 2 0.004335 0.374455 0.484394 0.002108 0.134708
2 2 0.009330 0.391722 0.502543 0.003012 0.093392
2 2 0.004524 0.239194 0.690910 0.000738 0.064634
2 2 0.003601 0.265371 0.634459 0.000137 0.096431
2 2 0.003371 0.120421 0.841296 0.000358 0.034553
2 2 0.003926 0.292337 0.623920 0.000434 0.079382
2 2 0.000515 0.076449 0.897525 0.000119 0.025392
2 2 0.000807 0.130428 0.828641 0.000088 0.040036
2 2 0.001658 0.124836 0.847175 0.000748 0.025584
2 2 0.000332 0.028733 0.967479 0.000954 0.002502
2 2 0.000052 0.020945 0.976557 0.000122 0.002325
2 2 0.012041 0.152003 0.784523 0.014448 0.036984
2 2 0.000222 0.026796 0.970482 0.000714 0.001786
2 2 0.000031 0.014812 0.982741 0.000075 0.002341
2 2 0.000022 0.007840 0.991628 0.000166 0.000343
2 2 0.000083 0.013520 0.983865 0.001403 0.001129
2 2 0.000030 0.005959 0.993461 0.000328 0.000222
2 2 0.000099 0.008310 0.990311 0.000872 0.000409
2 2 0.000019 0.002694 0.995875 0.001283 0.000129
2 2 0.000010 0.003392 0.994732 0.001720 0.000146
2 2 0.000008 0.002327 0.996012 0.001533 0.000119
2 2 0.000007 0.002468 0.995468 0.001953 0.000105
2 2 0.000020 0.002616 0.990403 0.006827 0.000134
2 2 0.000015 0.001428 0.986067 0.012463 0.000027
2 2 0.000015 0.003922 0.990965 0.004800 0.000297
2 2 0.000017 0.001633 0.981343 0.016942 0.000064
2 2 0.000036 0.001835 0.939860 0.058163 0.000106
2 2 0.000058 0.004986 0.926577 0.068045 0.000334
2 2 0.002138 0.020377 0.651927 0.323961 0.001598
2 3 0.000146 0.005259 0.950994 0.043259 0.000342
3 3 0.000053 0.001204 0.388123 0.610556 0.000064
2 3 0.000057 0.002341 0.826111 0.171344 0.000148
2 3 0.000126 0.004059 0.759787 0.235678 0.000350
2 3 0.000316 0.001963 0.596326 0.401266 0.000129
3 3 0.000069 0.002291 0.378483 0.619012 0.000145
3 3 0.000059 0.001483 0.293140 0.705229 0.000088
3 3 0.000278 0.001389 0.232710 0.765566 0.000057
3 3 0.000096 0.001017 0.203034 0.795806 0.000046
3 3 0.000161 0.005418 0.250361 0.743495 0.000565
3 3 0.000096 0.001963 0.212627 0.785157 0.000157
3 3 0.000063 0.000663 0.212024 0.787216 0.000034
3 3 0.000453 0.004913 0.153097 0.840760 0.000777
3 3 0.000042 0.000262 0.062725 0.936956 0.000015
3 3 0.000592 0.002571 0.222670 0.774022 0.000145
3 3 0.000173 0.005369 0.193556 0.800214 0.000688
3 3 0.000043 0.000219 0.061500 0.938227 0.000011
3 3 0.000074 0.000427 0.059835 0.939626 0.000038
3 3 0.000091 0.000416 0.052056 0.947394 0.000042
3 3 0.000031 0.000228 0.027277 0.972428 0.000035
3 3 0.000030 0.000163 0.015195 0.984572 0.000041
3 3 0.000043 0.000071 0.032249 0.967634 0.000004
3 3 0.000095 0.001175 0.082743 0.915839 0.000148
3 3 0.000114 0.000499 0.035442 0.963848 0.000096
3 3 0.000147 0.001378 0.066181 0.932036 0.000258
3 3 0.000035 0.000381 0.046603 0.952937 0.000044
3 3 0.000195 0.000513 0.034898 0.964293 0.000100
3 3 0.000036 0.000065 0.042877 0.957019 0.000002
3 3 0.000091 0.000470 0.038981 0.960381 0.000077
3 3 0.000093 0.000613 0.037496 0.961669 0.000129
3 3 0.000070 0.000375 0.056368 0.943155 0.000032
3 3 0.000014 0.000121 0.016233 0.983609 0.000023
3 3 0.000021 0.000072 0.024671 0.975232 0.000005
3 3 0.000102 0.000395 0.048681 0.950780 0.000042
3 3 0.000031 0.000179 0.021127 0.978632 0.000032
3 3 0.000028 0.000090 0.012727 0.987138 0.000018
3 3 0.000032 0.000065 0.016486 0.983410 0.000007
3 3 0.000013 0.000075 0.014026 0.985874 0.000012
3 3 0.000015 0.000059 0.013388 0.986530 0.000008
3 3 0.000077 0.000477 0.038258 0.961107 0.000081
3 3 0.000011 0.000058 0.017068 0.982858 0.000006
3 3 0.000023 0.000049 0.010824 0.989096 0.000007
3 3 0.000109 0.000516 0.027412 0.971822 0.000141
3 3 0.000017 0.000057 0.013318 0.986601 0.000008
3 3 0.000091 0.000422 0.044776 0.954658 0.000053
3 3 0.000077 0.000708 0.021670 0.977207 0.000339
3 3 0.000053 0.000292 0.023628 0.975963 0.000064
3 3 0.000024 0.000162 0.011879 0.987881 0.000055
3 3 0.000043 0.000142 0.021054 0.978740 0.000021
3 3 0.000049 0.000122 0.010462 0.989329 0.000038
3 3 0.000028 0.000137 0.011147 0.988644 0.000044
3 3 0.000029 0.000076 0.007796 0.992076 0.000024
3 3 0.000062 0.000240 0.019242 0.980397 0.000058
3 3 0.000039 0.000190 0.012595 0.987110 0.000067
3 3 0.000031 0.000122 0.018484 0.981345 0.000019
3 3 0.000084 0.000420 0.020608 0.978745 0.000142
3 3 0.000067 0.000246 0.032697 0.966959 0.000031
3 3 0.000037 0.000244 0.013219 0.986401 0.000099
3 3 0.000054 0.000240 0.021419 0.978237 0.000051
3 3 0.000270 0.000345 0.028236 0.971086 0.000064
3 3 0.009983 0.047887 0.271220 0.649959 0.020951
