0 0 0.931015 0.033868 0.009845 0.000682 0.024591
0 0 0.956337 0.022403 0.005910 0.000243 0.015107
0 0 0.971906 0.011723 0.003011 0.000243 0.013117
0 0 0.965771 0.014526 0.003854 0.000332 0.015517
0 1 0.839414 0.100043 0.030511 0.000636 0.029396
0 1 0.859521 0.091536 0.026353 0.000322 0.022268
0 4 0.942676 0.024781 0.007196 0.000803 0.024545
0 4 0.792104 0.133190 0.041741 0.000721 0.032243
0 4 0.906800 0.047730 0.014467 0.000956 0.030048
1 4 0.324987 0.430691 0.179201 0.004376 0.060744
1 4 0.240935 0.534716 0.141001 0.000024 0.083323
1 4 0.157033 0.516947 0.177434 0.000355 0.148231
1 1 0.102515 0.498656 0.184403 0.000502 0.213924
2 1 0.026534 0.328928 0.430934 0.019443 0.194160
2 2 0.013369 0.205639 0.744098 0.001425 0.035468
2 2 0.024654 0.211960 0.668654 0.048508 0.046224
2 2 0.026097 0.141375 0.751102 0.056068 0.025359
2 2 0.040207 0.273228 0.625952 0.012031 0.048582
2 2 0.016755 0.172198 0.759967 0.022251 0.028829
2 2 0.006235 0.098013 0.753969 0.117711 0.024072
2 2 0.016848 0.259284 0.640986 0.004108 0.078774
2 2 0.017219 0.300307 0.508615 0.007812 0.166048
2 3 0.012615 0.205867 0.662707 0.035376 0.083436
4 3 0.012443 0.290614 0.314227 0.009101 0.373615
2 3 0.014425 0.292724 0.425829 0.011988 0.255035
1 3 0.027948 0.376663 0.340614 0.002681 0.252093
4 3 0.015912 0.312965 0.295741 0.007208 0.368174
1 2 0.029515 0.386870 0.262402 0.001759 0.319454
1 2 0.034220 0.405446 0.242118 0.001125 0.317091
4 2 0.030103 0.380765 0.146680 0.000425 0.442027
1 1 0.028621 0.394935 0.211010 0.000557 0.364877
1 1 0.039829 0.425491 0.191588 0.000444 0.342647
4 1 0.012779 0.255030 0.098037 0.000246 0.633908
4 1 0.021703 0.339396 0.136483 0.000539 0.501878
1 1 0.036608 0.433583 0.252249 0.000329 0.277232
1 1 0.037319 0.420530 0.145143 0.000147 0.396860
4 1 0.012271 0.275691 0.114935 0.000527 0.596576
4 1 0.012583 0.249461 0.109762 0.001043 0.627151
4 1 0.012079 0.280436 0.109614 0.000257 0.597614
1 1 0.036278 0.476811 0.244670 0.000024 0.242217
1 1 0.029458 0.376576 0.304282 0.003716 0.285968
1 1 0.037057 0.383927 0.293513 0.007307 0.278195
1 2 0.042758 0.407750 0.363714 0.002291 0.183487
2 2 0.028601 0.364086 0.400213 0.004396 0.202705
2 2 0.022850 0.282286 0.640295 0.000892 0.053677
2 2 0.030834 0.215698 0.660533 0.054772 0.038163
2 2 0.028780 0.190889 0.618256 0.124542 0.037531
2 2 0.018426 0.162446 0.583657 0.192445 0.043027
2 3 0.015891 0.153635 0.690254 0.107379 0.032841
2 3 0.023952 0.170915 0.701284 0.076551 0.027299
2 3 0.023094 0.052347 0.490502 0.424092 0.009965
3 3 0.004719 0.010371 0.205087 0.775453 0.004370
3 3 0.011372 0.012055 0.174604 0.796789 0.005181
3 3 0.004943 0.008209 0.191073 0.793075 0.002700
3 3 0.006871 0.012998 0.241163 0.733891 0.005077
3 3 0.004300 0.003289 0.087655 0.902633 0.002123
3 3 0.003224 0.003408 0.087136 0.904037 0.002196
3 3 0.003786 0.003450 0.090654 0.900341 0.001768
3 3 0.006061 0.002983 0.056452 0.931941 0.002563
3 3 0.014843 0.014098 0.160018 0.804064 0.006977
3 3 0.002668 0.000778 0.024284 0.971091 0.001179
3 3 0.006372 0.002499 0.045619 0.943223 0.002287
3 3 0.011984 0.003316 0.057870 0.923465 0.003365
3 3 0.002575 0.000692 0.016824 0.978984 0.000925
3 3 0.002804 0.000552 0.013205 0.982359 0.001080
3 3 0.002504 0.000312 0.008277 0.988079 0.000828
3 3 0.000819 0.000245 0.012617 0.985883 0.000436
3 3 0.000615 0.000284 0.016603 0.982194 0.000303
3 3 0.002063 0.000317 0.009414 0.987441 0.000766
3 3 0.001415 0.000269 0.010190 0.987432 0.000694
3 3 0.002774 0.000195 0.005026 0.991253 0.000753
3 3 0.001177 0.000155 0.006662 0.991550 0.000457
3 3 0.003474 0.000244 0.005454 0.989896 0.000932
3 3 0.005464 0.000316 0.005326 0.987634 0.001259
3 3 0.002959 0.000211 0.005211 0.990828 0.000792
3 3 0.001034 0.000156 0.007161 0.991258 0.000390
3 3 0.003390 0.000172 0.003989 0.991619 0.000830
3 3 0.000890 0.000099 0.005120 0.993575 0.000317
3 3 0.002754 0.000141 0.003722 0.992709 0.000674
3 3 0.001959 0.000104 0.003463 0.993900 0.000574
3 3 0.003367 0.000225 0.005086 0.990522 0.000800
3 3 0.001966 0.000116 0.003738 0.993722 0.000457
3 3 0.002999 0.000173 0.004263 0.991872 0.000693
3 3 0.001728 0.000094 0.003295 0.994468 0.000415
3 3 0.003802 0.000160 0.003505 0.991612 0.000921
3 3 0.000722 0.000055 0.003303 0.995704 0.000216
3 3 0.001570 0.000095 0.003549 0.994367 0.000420
3 3 0.001675 0.000075 0.002720 0.995158 0.000372
3 3 0.000778 0.000074 0.004188 0.994718 0.000241
3 3 0.001535 0.000081 0.003144 0.994798 0.000441
3 3 0.002116 0.000099 0.003098 0.994211 0.000476
3 3 0.004360 0.000122 0.002488 0.992214 0.000817
3 3 0.004653 0.000136 0.002647 0.991713 0.000851
3 3 0.004843 0.000231 0.004271 0.989578 0.001076
3 3 0.002376 0.000114 0.003292 0.993705 0.000513
3 3 0.003032 0.000214 0.005188 0.990769 0.000797
3 3 0.002905 0.000155 0.003963 0.992219 0.000759
3 3 0.001245 0.000073 0.003197 0.995102 0.000384
3 3 0.005431 0.000193 0.003398 0.989807 0.001171
3 3 0.003614 0.000150 0.003411 0.991939 0.000886
3 3 0.002469 0.000153 0.004385 0.992143 0.000851
3 3 0.004747 0.000142 0.002773 0.991330 0.001007
3 3 0.001622 0.000091 0.003301 0.994629 0.000357
3 3 0.005354 0.000139 0.003182 0.990481 0.000843
3 3 0.004811 0.000236 0.004686 0.989191 0.001076
3 3 0.029404 0.000865 0.012778 0.954130 0.002822
3 3 0.001848 0.000107 0.003555 0.994089 0.000401
3 3 0.004554 0.000333 0.006192 0.987817 0.001104
3 3 0.003772 0.000396 0.008016 0.986884 0.000932
3 3 0.004603 0.000517 0.009069 0.984802 0.001009
3 3 0.018514 0.006089 0.106171 0.865028 0.004198
3 3 0.007698 0.002030 0.026757 0.961458 0.002057
3 3 0.008772 0.001687 0.032324 0.955653 0.001565
3 3 0.004689 0.001234 0.026971 0.965714 0.001392
3 3 0.005894 0.002778 0.045294 0.944223 0.001811
3 3 0.005314 0.004945 0.129784 0.858544 0.001413
3 3 0.013031 0.005062 0.073554 0.904846 0.003507
3 3 0.009929 0.006200 0.088256 0.892705 0.002909
3 3 0.020357 0.016601 0.162649 0.795953 0.004439
3 3 0.006685 0.002656 0.035258 0.952156 0.003244
3 3 0.012926 0.016085 0.189774 0.776231 0.004984
3 3 0.018675 0.007876 0.120216 0.849090 0.004143
3 3 0.008414 0.009876 0.185535 0.793748 0.002428
3 3 0.032494 0.016906 0.183441 0.760776 0.006383
3 3 0.009951 0.009553 0.195447 0.782466 0.002583
3 3 0.004388 0.003587 0.106982 0.883535 0.001508
2 3 0.035013 0.068645 0.522084 0.367611 0.006647
3 3 0.007765 0.007760 0.144175 0.837712 0.002588
3 3 0.021184 0.016848 0.203230 0.752792 0.005946
3 3 0.036287 0.014305 0.149751 0.793185 0.006472
3 3 0.017488 0.007353 0.100554 0.869755 0.004850
3 3 0.007386 0.010708 0.184507 0.794673 0.002726
3 3 0.016089 0.013452 0.190763 0.775608 0.004088
3 3 0.007216 0.004254 0.085627 0.900277 0.002626
3 3 0.012015 0.007997 0.118042 0.858794 0.003151
3 3 0.012470 0.004375 0.062138 0.918378 0.002640
3 3 0.010829 0.003388 0.048745 0.934136 0.002902
3 3 0.006848 0.002636 0.051094 0.937116 0.002306
3 3 0.001396 0.000996 0.050262 0.946877 0.000469
3 3 0.014138 0.005006 0.058456 0.919505 0.002894
3 3 0.007535 0.004646 0.111729 0.874383 0.001707
3 3 0.004761 0.010888 0.212728 0.769725 0.001898
3 3 0.012390 0.008147 0.126954 0.849093 0.003417
3 3 0.014229 0.016458 0.219546 0.746073 0.003694
3 3 0.017212 0.008163 0.105230 0.864894 0.004501
3 3 0.035337 0.011464 0.093943 0.850844 0.008412
3 3 0.005513 0.007282 0.151708 0.833128 0.002368
2 3 0.078162 0.071174 0.437865 0.400416 0.012383
3 3 0.011618 0.009059 0.157781 0.818737 0.002805
3 3 0.006806 0.005999 0.143448 0.841836 0.001911
3 3 0.040142 0.014955 0.139557 0.798432 0.006914
3 3 0.020135 0.014768 0.134329 0.824596 0.006172
3 3 0.007607 0.005518 0.064842 0.918534 0.003499
3 3 0.004160 0.003609 0.086740 0.904159 0.001331
3 3 0.004430 0.003829 0.084754 0.905326 0.001661
3 3 0.035646 0.030214 0.229384 0.696395 0.008361
3 3 0.015121 0.036998 0.395387 0.546695 0.005800
3 3 0.007993 0.010797 0.168976 0.809500 0.002733
3 3 0.006441 0.005111 0.118282 0.868033 0.002133
3 3 0.029099 0.019531 0.182122 0.760624 0.008624
3 3 0.014587 0.006485 0.107430 0.867655 0.003843
3 3 0.002885 0.002279 0.051728 0.941534 0.001573
3 3 0.018658 0.012011 0.128328 0.834924 0.006080
3 3 0.017214 0.019772 0.248665 0.708817 0.005531
3 3 0.015821 0.041490 0.360002 0.576018 0.006669
2 3 0.078750 0.206945 0.576096 0.112997 0.025213
2 3 0.021715 0.099933 0.641733 0.225255 0.011364
3 3 0.029089 0.050819 0.316878 0.587550 0.015665
3 3 0.013359 0.030761 0.357389 0.591356 0.007135
3 3 0.048100 0.045295 0.390872 0.506174 0.009560
2 3 0.018271 0.046701 0.515782 0.412612 0.006634
2 3 0.029956 0.120619 0.576235 0.253785 0.019405
2 3 0.046054 0.180463 0.565707 0.181812 0.025964
2 3 0.030643 0.104813 0.592769 0.257620 0.014155
2 2 0.058417 0.221488 0.604578 0.086723 0.028793
2 2 0.034441 0.226065 0.628586 0.066363 0.044544
2 2 0.089465 0.318319 0.489555 0.047725 0.054936
2 2 0.056509 0.244345 0.587746 0.073774 0.037627
2 2 0.040794 0.236104 0.648256 0.037227 0.037619
1 2 0.328302 0.428134 0.189653 0.002779 0.051132
2 2 0.065845 0.323784 0.532423 0.021177 0.056772
2 2 0.047408 0.316883 0.496645 0.040784 0.098280
2 2 0.078221 0.349606 0.475231 0.027026 0.069916
2 2 0.088455 0.361158 0.469213 0.017737 0.063436
2 2 0.060257 0.295795 0.564303 0.029825 0.049820
2 2 0.039230 0.238982 0.651844 0.031582 0.038362
2 2 0.078986 0.375628 0.429145 0.022332 0.093910
1 2 0.116988 0.399547 0.392234 0.015416 0.075815
1 2 0.209343 0.472886 0.200260 0.004254 0.113256
2 2 0.065487 0.367711 0.431399 0.026510 0.108894
2 2 0.039954 0.229720 0.591731 0.085471 0.053124
2 2 0.073028 0.258195 0.591499 0.045506 0.031773
2 2 0.115183 0.360195 0.445754 0.022832 0.056037
2 2 0.046426 0.285560 0.524867 0.063121 0.080026
2 2 0.055970 0.290974 0.459098 0.112889 0.081069
2 2 0.029590 0.142284 0.516232 0.279082 0.032812
2 2 0.042356 0.207190 0.472746 0.228826 0.048881
2 2 0.055779 0.264968 0.521863 0.099174 0.058216
2 2 0.039178 0.215074 0.558089 0.139503 0.048156
2 2 0.037755 0.194009 0.612563 0.122425 0.033249
2 2 0.078336 0.360555 0.451136 0.025072 0.084901
1 2 0.285147 0.435908 0.182667 0.004955 0.091322
1 2 0.166947 0.470781 0.223122 0.005789 0.133362
2 2 0.091110 0.364248 0.427197 0.033646 0.083798
2 2 0.024288 0.156343 0.672062 0.116469 0.030837
2 2 0.025682 0.160151 0.552578 0.227418 0.034171
2 3 0.023287 0.116065 0.554556 0.285769 0.020323
2 3 0.014724 0.095300 0.736356 0.143743 0.009877
2 3 0.010181 0.090186 0.633840 0.244117 0.021675
2 3 0.024348 0.152725 0.717285 0.085013 0.020629
1 2 0.197072 0.432814 0.259703 0.019500 0.090910
2 2 0.075923 0.302202 0.492409 0.070616 0.058850
2 2 0.086947 0.362122 0.455528 0.024252 0.071151
2 2 0.022442 0.102587 0.711667 0.147895 0.015409
2 3 0.026547 0.122901 0.722082 0.114294 0.014176
2 3 0.026320 0.147814 0.769553 0.041508 0.014805
2 3 0.071090 0.325311 0.529109 0.019407 0.055083
2 1 0.134991 0.373854 0.420953 0.016847 0.053355
1 1 0.287257 0.436895 0.193405 0.008170 0.074272
1 1 0.219203 0.434803 0.271491 0.007862 0.066640
1 1 0.191307 0.449010 0.249797 0.011014 0.098871
1 1 0.130517 0.455084 0.273409 0.008132 0.132858
2 1 0.023962 0.239640 0.609027 0.049047 0.078324
1 2 0.118046 0.449237 0.294541 0.007884 0.130292
2 2 0.088303 0.390792 0.428463 0.010827 0.081615
1 2 0.096417 0.439448 0.338967 0.005126 0.120041
1 2 0.090999 0.410524 0.387031 0.010107 0.101339
1 2 0.102233 0.422315 0.363066 0.009314 0.103071
1 2 0.235149 0.469389 0.194188 0.003502 0.097772
1 2 0.168657 0.447076 0.295330 0.005906 0.083032
1 2 0.287726 0.437524 0.192859 0.007801 0.074089
2 2 0.098326 0.385454 0.419568 0.018263 0.078389
2 2 0.058712 0.291890 0.569129 0.028065 0.052204
2 2 0.104181 0.384449 0.413595 0.017960 0.079815
1 2 0.178184 0.439740 0.288975 0.009725 0.083377
2 2 0.076844 0.372861 0.440012 0.020701 0.089582
2 2 0.060429 0.322252 0.533995 0.019990 0.063335
2 2 0.044122 0.294374 0.502777 0.064967 0.093759
2 2 0.067495 0.323380 0.520549 0.028343 0.060233
2 2 0.013011 0.104572 0.721817 0.146450 0.014150
3 3 0.012975 0.042243 0.361945 0.573568 0.009269
2 3 0.022725 0.083769 0.647943 0.236402 0.009162
2 3 0.027878 0.112210 0.680606 0.166998 0.012309
2 3 0.010920 0.050387 0.608090 0.323954 0.006649
2 3 0.029484 0.143587 0.584464 0.221174 0.021290
2 3 0.023677 0.082002 0.689498 0.194297 0.010525
2 3 0.029177 0.147653 0.706142 0.096086 0.020941
2 3 0.088618 0.302921 0.513609 0.048567 0.046285
1 3 0.202738 0.434156 0.265313 0.014907 0.082886
1 2 0.313650 0.433012 0.183512 0.005273 0.064553
1 2 0.347927 0.424964 0.170443 0.003008 0.053657
1 2 0.181992 0.401053 0.261523 0.026097 0.129335
1 2 0.203679 0.450483 0.214079 0.014873 0.116887
1 2 0.151716 0.468145 0.212089 0.007426 0.160625
2 2 0.030885 0.239574 0.608712 0.056672 0.064157
2 2 0.019507 0.059649 0.492418 0.419843 0.008583
3 3 0.017136 0.025173 0.371375 0.580737 0.005579
2 3 0.011640 0.045708 0.628302 0.309751 0.004600
2 3 0.014902 0.072326 0.751970 0.155948 0.004855
2 3 0.008002 0.027279 0.549608 0.411784 0.003326
3 3 0.010351 0.029947 0.366631 0.587722 0.005349
2 3 0.031175 0.049510 0.493731 0.417172 0.008412
2 3 0.025591 0.068855 0.461685 0.431861 0.012009
2 3 0.007770 0.021913 0.494267 0.473037 0.003013
3 3 0.013576 0.025579 0.360108 0.595954 0.004783
2 3 0.010797 0.046133 0.767243 0.172696 0.003131
2 3 0.011864 0.080400 0.691397 0.207544 0.008796
2 3 0.044395 0.106874 0.541214 0.286858 0.020659
2 2 0.091038 0.280205 0.535309 0.054347 0.039101
1 2 0.214386 0.410732 0.280033 0.023040 0.071810
2 2 0.143462 0.306964 0.445572 0.044047 0.059955
2 2 0.123141 0.358536 0.448415 0.019502 0.050405
1 2 0.279173 0.407360 0.247970 0.011238 0.054259
2 2 0.120839 0.353084 0.431092 0.035977 0.059008
2 2 0.035980 0.218835 0.585121 0.108728 0.051335
2 2 0.048713 0.308787 0.538262 0.029701 0.074537
2 3 0.011571 0.104172 0.562838 0.298127 0.023292
2 3 0.007397 0.070716 0.651688 0.240598 0.029600
2 3 0.017118 0.250802 0.487111 0.042306 0.202663
1 2 0.022458 0.323774 0.318373 0.019467 0.315928
2 2 0.009668 0.284156 0.354386 0.004112 0.347678
4 2 0.021414 0.320809 0.171025 0.004240 0.482512
4 2 0.015805 0.289954 0.132696 0.001774 0.559771
4 4 0.028576 0.165056 0.072965 0.001561 0.731842
4 4 0.022380 0.198098 0.118337 0.000643 0.660542
4 4 0.033237 0.148956 0.057658 0.001041 0.759108
4 4 0.030156 0.092868 0.037547 0.001847 0.837581
4 4 0.024260 0.115149 0.046807 0.001494 0.812291
4 4 0.027681 0.230813 0.104140 0.003272 0.634093
4 4 0.030166 0.136791 0.054036 0.001237 0.777770
4 4 0.012035 0.275118 0.113327 0.000455 0.599064
4 4 0.022058 0.244690 0.122602 0.001221 0.609429
4 4 0.031988 0.384597 0.150886 0.000542 0.431986
4 4 0.029991 0.274120 0.107717 0.000710 0.587463
1 2 0.045357 0.436333 0.162099 0.000277 0.355935
1 2 0.104895 0.450447 0.216294 0.009861 0.218503
2 2 0.040867 0.305708 0.425146 0.062815 0.165464
2 2 0.031290 0.318217 0.436295 0.040803 0.173396
2 2 0.061625 0.348377 0.399705 0.014637 0.175656
2 2 0.010311 0.153099 0.712978 0.072622 0.050989
2 3 0.015824 0.096383 0.593930 0.273939 0.019923
2 3 0.026040 0.156884 0.545604 0.225550 0.045922
2 3 0.029488 0.105626 0.539695 0.283306 0.041885
2 3 0.011129 0.069617 0.609609 0.300566 0.009078
2 3 0.138364 0.371756 0.405800 0.023415 0.060665
1 2 0.216743 0.475695 0.196100 0.003223 0.108239
1 1 0.232014 0.480293 0.187405 0.001824 0.098464
0 1 0.631339 0.229207 0.066149 0.000259 0.073047
1 4 0.332483 0.432612 0.170756 0.002552 0.061597
1 4 0.288854 0.436517 0.200235 0.006449 0.067946
1 4 0.139773 0.385335 0.379690 0.027109 0.068092
1 4 0.271117 0.438061 0.199274 0.010709 0.080839
2 2 0.042916 0.164345 0.495373 0.228011 0.069356
2 2 0.026968 0.179055 0.488591 0.211816 0.093570
2 3 0.020609 0.098784 0.584789 0.268301 0.027518
2 3 0.010077 0.060931 0.600426 0.312836 0.015731
2 2 0.021322 0.097363 0.516200 0.325570 0.039545
2 2 0.098206 0.364845 0.394195 0.051882 0.090872
1 2 0.269969 0.437554 0.195478 0.009132 0.087867
1 2 0.177258 0.463587 0.216415 0.008640 0.134099
1 1 0.243329 0.470294 0.190388 0.002808 0.093182
1 1 0.164889 0.444408 0.256879 0.016622 0.117201
2 1 0.026081 0.250113 0.623952 0.030556 0.069297
2 1 0.041462 0.340333 0.462337 0.024950 0.130918
1 1 0.118403 0.435109 0.310646 0.013498 0.122345
2 1 0.053380 0.286397 0.527315 0.067141 0.065766
2 2 0.054279 0.273095 0.520057 0.092094 0.060476
2 2 0.020999 0.143788 0.585219 0.220840 0.029153
2 3 0.032063 0.259921 0.516382 0.094361 0.097274
2 3 0.048544 0.239959 0.608461 0.064658 0.038378
2 3 0.021605 0.139485 0.716410 0.104418 0.018082
2 3 0.006527 0.054388 0.598771 0.333323 0.006990
2 3 0.036445 0.105594 0.580941 0.243015 0.034005
2 3 0.010598 0.070567 0.623664 0.283706 0.011464
2 3 0.059349 0.182660 0.558784 0.169626 0.029581
1 2 0.268562 0.431175 0.186357 0.007026 0.106881
1 2 0.247222 0.440731 0.225666 0.009255 0.077127
1 2 0.280152 0.443461 0.192708 0.006583 0.077096
0 2 0.381738 0.285424 0.125764 0.006668 0.200407
1 2 0.168037 0.402308 0.326590 0.027383 0.075681
2 2 0.162042 0.364876 0.369977 0.027032 0.076073
1 2 0.220339 0.462490 0.203669 0.006729 0.106773
1 2 0.214108 0.416871 0.169624 0.003908 0.195489
1 0 0.321998 0.431338 0.180340 0.004596 0.061728
0 0 0.512609 0.288552 0.101138 0.001701 0.096000
0 0 0.900327 0.057807 0.016849 0.000512 0.024505
0 0 0.939733 0.033338 0.012509 0.000623 0.013796
0 0 0.965558 0.014031 0.003758 0.000382 0.016271
0 0 0.794788 0.120026 0.058642 0.002388 0.024156
0 0 0.866773 0.078432 0.023921 0.000754 0.030120
0 0 0.642987 0.218652 0.076069 0.001852 0.060441
0 0 0.521649 0.237491 0.086685 0.003662 0.150513
1 0 0.312838 0.401318 0.165028 0.005197 0.115619
0 1 0.352823 0.327048 0.130493 0.005890 0.183745
1 1 0.067973 0.410536 0.269233 0.019475 0.232783
1 1 0.028186 0.329716 0.321867 0.021958 0.298273
4 1 0.044706 0.253760 0.186477 0.018571 0.496485
2 1 0.016371 0.238668 0.532480 0.068914 0.143567
2 1 0.020239 0.243952 0.506182 0.097996 0.131632
2 1 0.037034 0.357954 0.413416 0.013734 0.177862
1 2 0.137423 0.498099 0.200524 0.001089 0.162865
1 2 0.041771 0.390939 0.347607 0.007023 0.212660
1 2 0.122475 0.478020 0.202433 0.003101 0.193971
1 4 0.300092 0.385595 0.115386 0.000214 0.198714
1 4 0.047425 0.386999 0.332405 0.015468 0.217702
2 2 0.059454 0.262614 0.470566 0.145940 0.061425
2 2 0.049391 0.216312 0.488153 0.200032 0.046112
2 3 0.040289 0.138028 0.513618 0.274361 0.033704
2 3 0.015446 0.081177 0.642414 0.245455 0.015507
2 3 0.018726 0.058550 0.663797 0.252204 0.006724
2 3 0.021845 0.059010 0.545713 0.365317 0.008115
2 3 0.011652 0.045983 0.554402 0.382205 0.005757
2 3 0.009720 0.040558 0.679391 0.267042 0.003289
2 3 0.014481 0.036202 0.535306 0.409586 0.004425
2 3 0.009645 0.039551 0.669024 0.278803 0.002977
2 3 0.016181 0.101874 0.816616 0.057244 0.008085
2 3 0.057416 0.279038 0.597014 0.025631 0.040901
2 3 0.088501 0.358402 0.481590 0.013878 0.057629
2 2 0.056664 0.306358 0.560632 0.021189 0.055158
1 2 0.138223 0.425454 0.312695 0.020245 0.103383
2 2 0.058605 0.290826 0.543669 0.050640 0.056260
2 2 0.062178 0.309853 0.555944 0.019694 0.052331
2 2 0.069440 0.350604 0.483015 0.019717 0.077225
1 2 0.121836 0.447404 0.284421 0.010424 0.135915
1 2 0.301088 0.407952 0.169683 0.005599 0.115679
1 2 0.116777 0.478489 0.233400 0.002546 0.168786
1 2 0.131008 0.464953 0.238387 0.006733 0.158919
2 2 0.037257 0.337316 0.485726 0.012042 0.127659
1 2 0.116747 0.457976 0.270134 0.006508 0.148635
1 2 0.205009 0.475394 0.199758 0.003859 0.115980
1 2 0.084323 0.461931 0.270234 0.002412 0.181100
1 2 0.062968 0.440020 0.338451 0.001716 0.156845
1 2 0.160857 0.502937 0.187694 0.000908 0.147604
1 2 0.041873 0.389925 0.368560 0.006284 0.193358
1 2 0.048088 0.408007 0.316658 0.005611 0.221636
2 2 0.058066 0.341143 0.430527 0.033502 0.136761
2 2 0.047535 0.371338 0.454733 0.006878 0.119517
2 2 0.068221 0.350493 0.472687 0.025399 0.083199
2 2 0.022515 0.172064 0.679735 0.093448 0.032238
1 2 0.191615 0.463275 0.236888 0.005749 0.102473
1 2 0.187760 0.473165 0.233901 0.003197 0.101977
1 2 0.211270 0.484218 0.191624 0.002026 0.110863
1 2 0.192051 0.473888 0.203912 0.004833 0.125316
2 2 0.041445 0.272820 0.572243 0.048396 0.065096
2 2 0.086404 0.378615 0.416337 0.022925 0.095719
1 2 0.073112 0.399989 0.395318 0.011475 0.120108
1 2 0.097848 0.428051 0.377032 0.004043 0.093026
2 2 0.057501 0.376548 0.451687 0.008912 0.105352
1 1 0.161174 0.491988 0.195784 0.001845 0.149209
4 1 0.094420 0.321166 0.175622 0.003338 0.405453
1 1 0.132261 0.450762 0.199863 0.005913 0.211200
1 1 0.220021 0.482207 0.190286 0.002007 0.105478
1 1 0.089117 0.462931 0.202900 0.002785 0.242267
1 1 0.218153 0.431986 0.173920 0.003293 0.172649
1 4 0.277429 0.407531 0.143267 0.001010 0.170763
1 4 0.277746 0.437705 0.196886 0.009580 0.078083
2 4 0.078950 0.269332 0.432744 0.158493 0.060481
3 2 0.008284 0.028252 0.285627 0.668995 0.008843
3 3 0.013794 0.036923 0.414472 0.513931 0.020880
3 3 0.013897 0.036895 0.375208 0.556878 0.017122
2 3 0.008422 0.059786 0.631803 0.292719 0.007270
2 3 0.037026 0.185099 0.615455 0.133681 0.028740
2 3 0.028585 0.130192 0.685627 0.140235 0.015361
1 3 0.315528 0.432652 0.182800 0.005112 0.063907
1 3 0.194843 0.403033 0.321935 0.018207 0.061984
1 3 0.218495 0.436103 0.261262 0.010287 0.073853
1 2 0.146271 0.401753 0.363823 0.018375 0.069779
1 2 0.381182 0.386057 0.159426 0.005325 0.068010
1 2 0.160072 0.419614 0.283781 0.033373 0.103159
2 2 0.034408 0.159172 0.726080 0.064709 0.015632
2 2 0.022567 0.109601 0.578217 0.275433 0.014182
2 3 0.010247 0.067180 0.585596 0.328761 0.008215
2 3 0.004164 0.029369 0.705728 0.256159 0.004581
2 3 0.006134 0.037336 0.655437 0.297458 0.003635
2 3 0.007276 0.039044 0.770036 0.181611 0.002033
3 3 0.006051 0.017791 0.427746 0.546420 0.001992
3 3 0.007968 0.017100 0.440982 0.532131 0.001819
3 3 0.003195 0.010432 0.424417 0.560813 0.001144
3 3 0.004790 0.010647 0.281067 0.701698 0.001797
3 3 0.003523 0.011940 0.313146 0.669865 0.001527
3 3 0.002420 0.002348 0.077887 0.916403 0.000941
3 3 0.014187 0.016356 0.265772 0.699885 0.003801
3 3 0.007220 0.007565 0.136050 0.846715 0.002449
3 3 0.002294 0.003013 0.100671 0.893100 0.000922
3 3 0.001110 0.000824 0.035648 0.961883 0.000535
3 3 0.001558 0.000721 0.025836 0.971437 0.000448
3 3 0.001664 0.000554 0.017216 0.980019 0.000546
3 3 0.001465 0.000318 0.011465 0.986132 0.000620
3 3 0.003210 0.000798 0.017647 0.977372 0.000972
3 3 0.001482 0.000278 0.009956 0.987746 0.000538
3 3 0.000572 0.000206 0.012780 0.986195 0.000246
3 3 0.002016 0.000406 0.011800 0.985099 0.000679
3 3 0.003569 0.000320 0.006909 0.988173 0.001029
3 3 0.003345 0.000383 0.008317 0.987113 0.000841
3 3 0.003845 0.000393 0.008201 0.986595 0.000966
3 3 0.002990 0.000281 0.006609 0.989436 0.000684
3 3 0.006615 0.000350 0.005196 0.986546 0.001293
3 3 0.001080 0.000109 0.004946 0.993551 0.000314
3 3 0.006517 0.000397 0.005907 0.985820 0.001359
3 3 0.004661 0.000236 0.004385 0.989813 0.000905
3 3 0.004167 0.000266 0.005301 0.989254 0.001011
3 3 0.001725 0.000141 0.004838 0.992821 0.000475
3 3 0.004495 0.000222 0.004155 0.990406 0.000722
3 3 0.002260 0.000115 0.003397 0.993766 0.000462
3 3 0.004697 0.000186 0.003545 0.990605 0.000966
3 3 0.002157 0.000137 0.004071 0.993199 0.000437
3 3 0.001812 0.000080 0.002710 0.995070 0.000329
3 3 0.002280 0.000107 0.003199 0.993871 0.000544
3 3 0.002544 0.000126 0.003421 0.993433 0.000475
3 3 0.005913 0.000215 0.003495 0.989409 0.000968
3 3 0.004232 0.000214 0.004245 0.990445 0.000864
3 3 0.003299 0.000080 0.001923 0.994255 0.000443
3 3 0.002134 0.000077 0.002377 0.995067 0.000345
3 3 0.004615 0.000168 0.003226 0.991156 0.000835
3 3 0.002925 0.000163 0.004053 0.992245 0.000614
3 3 0.006804 0.000223 0.003342 0.988532 0.001099
3 3 0.002977 0.000099 0.002495 0.993968 0.000461
3 3 0.002728 0.000135 0.003545 0.993017 0.000575
3 3 0.002039 0.000078 0.002472 0.995064 0.000347
3 3 0.004179 0.000129 0.002667 0.992270 0.000756
3 3 0.002332 0.000111 0.003197 0.993914 0.000447
3 3 0.009104 0.000187 0.002379 0.987174 0.001157
3 3 0.008606 0.000195 0.002567 0.987476 0.001156
3 3 0.006073 0.000159 0.002595 0.990274 0.000899
3 3 0.001929 0.000084 0.002752 0.994854 0.000381
3 3 0.003848 0.000103 0.002251 0.993206 0.000592
3 3 0.007484 0.000159 0.002303 0.988997 0.001056
3 3 0.001918 0.000061 0.002064 0.995589 0.000368
3 3 0.002668 0.000075 0.002093 0.994679 0.000484
3 3 0.000777 0.000061 0.003452 0.995523 0.000187
3 3 0.005515 0.000083 0.001493 0.992241 0.000668
3 3 0.003958 0.000139 0.002934 0.992298 0.000670
3 3 0.002054 0.000094 0.002973 0.994457 0.000422
3 3 0.003407 0.000077 0.001822 0.994202 0.000492
3 3 0.002482 0.000117 0.003233 0.993722 0.000446
3 3 0.004123 0.000104 0.002201 0.992883 0.000688
3 3 0.004320 0.000130 0.002594 0.992300 0.000657
3 3 0.003966 0.000106 0.002276 0.993024 0.000628
3 3 0.007050 0.000183 0.002725 0.988952 0.001090
3 3 0.005955 0.000181 0.002988 0.989860 0.001017
3 3 0.005339 0.000136 0.002452 0.991162 0.000910
3 3 0.004044 0.000144 0.003021 0.992029 0.000762
3 3 0.009961 0.000176 0.002179 0.986225 0.001458
3 3 0.004752 0.000165 0.003150 0.990993 0.000940
3 3 0.001151 0.000061 0.002791 0.995727 0.000270
3 3 0.004242 0.000109 0.002258 0.992718 0.000673
3 3 0.005866 0.000138 0.002284 0.991009 0.000702
3 3 0.004627 0.000102 0.002009 0.992593 0.000669
3 3 0.002538 0.000104 0.002902 0.993945 0.000511
3 3 0.009795 0.000216 0.002657 0.985787 0.001545
3 3 0.009666 0.000171 0.002134 0.986768 0.001261
3 3 0.002970 0.000075 0.001922 0.994610 0.000423
3 3 0.004378 0.000092 0.001898 0.992951 0.000681
3 3 0.004154 0.000113 0.002361 0.992708 0.000663
3 3 0.002022 0.000078 0.002512 0.995021 0.000366
3 3 0.003583 0.000131 0.002947 0.992708 0.000631
3 3 0.011676 0.000232 0.002546 0.983984 0.001561
3 3 0.004126 0.000133 0.002719 0.992405 0.000617
3 3 0.005050 0.000100 0.001871 0.992281 0.000697
3 3 0.004640 0.000113 0.002179 0.992452 0.000616
3 3 0.007643 0.000163 0.002323 0.988872 0.000999
3 3 0.006548 0.000201 0.003128 0.988972 0.001151
3 3 0.004548 0.000173 0.003330 0.991132 0.000817
3 3 0.003680 0.000131 0.002889 0.992663 0.000637
3 3 0.002287 0.000163 0.004630 0.992430 0.000490
3 3 0.001947 0.000075 0.002453 0.995178 0.000347
3 3 0.003289 0.000108 0.002531 0.993613 0.000459
3 3 0.005031 0.000128 0.002377 0.991666 0.000798
3 3 0.013668 0.000239 0.002346 0.982283 0.001464
3 3 0.009242 0.000166 0.002130 0.987266 0.001196
3 3 0.004554 0.000126 0.002481 0.992087 0.000752
3 3 0.002131 0.000059 0.001822 0.995719 0.000269
3 3 0.007229 0.000179 0.002598 0.989065 0.000928
3 3 0.004684 0.000118 0.002272 0.992256 0.000670
3 3 0.013218 0.000208 0.002108 0.983048 0.001418
3 3 0.008943 0.000234 0.003033 0.986248 0.001542
3 3 0.014273 0.000512 0.004728 0.978285 0.002202
3 3 0.039366 0.004986 0.032759 0.918688 0.004201
3 3 0.019692 0.001878 0.017845 0.958150 0.002435
3 3 0.006593 0.001317 0.022144 0.968875 0.001071
3 3 0.012744 0.003906 0.050272 0.931251 0.001827
3 3 0.004726 0.000610 0.012174 0.981666 0.000825
3 3 0.012549 0.003312 0.040663 0.941789 0.001687
3 3 0.002552 0.000962 0.030586 0.965290 0.000609
3 3 0.010086 0.000900 0.012341 0.974798 0.001875
3 3 0.018595 0.004569 0.059934 0.914303 0.002599
3 3 0.037370 0.006781 0.062983 0.889982 0.002884
3 3 0.015212 0.003445 0.047846 0.931494 0.002002
3 3 0.022118 0.005203 0.070817 0.899637 0.002224
3 3 0.008089 0.000959 0.019119 0.970724 0.001108
3 3 0.016153 0.004227 0.058474 0.919024 0.002122
3 3 0.025598 0.005831 0.080390 0.885381 0.002801
3 3 0.047941 0.005385 0.046902 0.895279 0.004493
3 3 0.013077 0.002634 0.045253 0.937508 0.001528
3 3 0.064994 0.015188 0.084931 0.828200 0.006687
3 3 0.051739 0.026790 0.159761 0.740072 0.021639
3 3 0.024351 0.025809 0.179238 0.740389 0.030213
3 1 0.031913 0.055020 0.309523 0.519699 0.083846
3 1 0.047841 0.062671 0.271459 0.550267 0.067761
4 1 0.238292 0.182183 0.199012 0.120813 0.259700
2 1 0.021521 0.166491 0.553985 0.146838 0.111165
2 1 0.031446 0.099838 0.381502 0.155879 0.331334
4 1 0.046461 0.142679 0.222817 0.052118 0.535926
4 1 0.037561 0.171235 0.237988 0.030839 0.522377
4 1 0.043874 0.217060 0.132595 0.009677 0.596795
2 1 0.020887 0.288701 0.337923 0.021249 0.331239
4 4 0.041223 0.167215 0.074004 0.004633 0.712926
4 4 0.077217 0.273296 0.120073 0.006043 0.523371
4 4 0.045397 0.180063 0.090339 0.007216 0.676985
4 4 0.059443 0.083559 0.063183 0.011873 0.781942
4 4 0.047196 0.086758 0.035255 0.003497 0.827294
2 4 0.026581 0.290390 0.372495 0.038947 0.271587
4 4 0.031867 0.165946 0.217937 0.021674 0.562576
4 4 0.066438 0.192336 0.099595 0.013055 0.628575
4 4 0.065955 0.179427 0.140021 0.011197 0.603399
4 4 0.030295 0.095256 0.038266 0.001856 0.834327
4 4 0.032168 0.096219 0.072415 0.006287 0.792911
4 4 0.028768 0.197669 0.177103 0.010176 0.586285
4 4 0.032779 0.116888 0.048303 0.002409 0.799621
4 4 0.077974 0.104393 0.041573 0.004193 0.771867
4 4 0.046552 0.162708 0.158245 0.021422 0.611073
4 4 0.091723 0.269152 0.136078 0.010959 0.492088
2 4 0.061316 0.330523 0.364512 0.060235 0.183414
1 4 0.031375 0.342405 0.332449 0.028596 0.265175
2 4 0.024370 0.236740 0.465422 0.063821 0.209646
2 4 0.116498 0.229080 0.386655 0.204289 0.063478
2 2 0.026549 0.084921 0.438208 0.410877 0.039445
2 2 0.027874 0.099989 0.551614 0.293825 0.026698
2 2 0.063110 0.176330 0.514133 0.187411 0.059016
2 2 0.095217 0.211109 0.547281 0.102187 0.044207
1 2 0.136993 0.381941 0.264908 0.017548 0.198609
2 2 0.057689 0.317641 0.380680 0.068505 0.175485
2 2 0.086711 0.318653 0.339455 0.018173 0.237008
2 4 0.078801 0.262111 0.426768 0.106716 0.125604
2 2 0.029754 0.215149 0.533082 0.140160 0.081857
2 2 0.111591 0.345188 0.429240 0.047238 0.066744
2 2 0.033219 0.189220 0.571510 0.165485 0.040566
2 2 0.028116 0.168729 0.661294 0.100918 0.040943
2 2 0.081805 0.319683 0.455858 0.066007 0.076647
1 2 0.322837 0.430477 0.186043 0.003718 0.056926
1 2 0.251214 0.399371 0.253161 0.028765 0.067489
2 2 0.043222 0.186799 0.569861 0.170848 0.029270
2 2 0.006008 0.040785 0.478927 0.467706 0.006575
2 2 0.021225 0.126258 0.585096 0.233777 0.033644
2 2 0.051677 0.219575 0.532569 0.155493 0.040686
2 2 0.039274 0.282547 0.582799 0.026987 0.068392
1 2 0.122861 0.449375 0.273112 0.008612 0.146039
2 2 0.065811 0.398653 0.437283 0.003464 0.094788
2 2 0.062517 0.371869 0.426395 0.017382 0.121837
1 2 0.083370 0.432737 0.211038 0.011456 0.261400
2 2 0.027965 0.124669 0.627536 0.205486 0.014343
2 2 0.018574 0.163272 0.647546 0.129843 0.040764
2 2 0.010066 0.083260 0.632883 0.259238 0.014554
2 2 0.018277 0.145194 0.704022 0.104741 0.027765
2 2 0.053676 0.271104 0.515279 0.095818 0.064123
2 2 0.008961 0.115012 0.756243 0.091344 0.028440
2 2 0.017065 0.127250 0.705873 0.124411 0.025400
2 2 0.045261 0.218920 0.646044 0.058929 0.030846
2 2 0.012838 0.089373 0.709139 0.178030 0.010618
2 2 0.024210 0.136763 0.726009 0.097205 0.015812
2 2 0.020262 0.126474 0.707503 0.129599 0.016162
2 2 0.009869 0.069064 0.731815 0.182715 0.006537
2 2 0.024217 0.110758 0.752198 0.103481 0.009346
2 2 0.016719 0.111515 0.760936 0.098273 0.012556
2 2 0.018813 0.142011 0.654914 0.158138 0.026124
2 2 0.007810 0.050873 0.826839 0.111579 0.002900
2 2 0.003377 0.028235 0.806535 0.160410 0.001443
2 2 0.018940 0.102400 0.730623 0.138422 0.009614
2 2 0.014954 0.073958 0.789547 0.116934 0.004607
2 2 0.027805 0.112923 0.731313 0.117865 0.010093
2 2 0.006413 0.028664 0.590789 0.370979 0.003155
2 2 0.038110 0.132448 0.742561 0.077861 0.009021
2 2 0.034833 0.151984 0.692968 0.104596 0.015619
2 2 0.003927 0.029818 0.841438 0.123486 0.001331
2 2 0.032906 0.143563 0.720330 0.089957 0.013244
2 2 0.084362 0.296533 0.548526 0.031397 0.039182
3 2 0.016772 0.046905 0.415465 0.511971 0.008886
2 2 0.019913 0.102068 0.668339 0.198953 0.010727
2 2 0.015723 0.082658 0.711306 0.183220 0.007093
2 2 0.011554 0.049115 0.587564 0.344397 0.007370
2 2 0.013276 0.081197 0.784922 0.114165 0.006440
2 2 0.007803 0.053931 0.776840 0.157576 0.003850
2 2 0.006357 0.047814 0.798562 0.143889 0.003377
2 2 0.005504 0.037966 0.759603 0.194681 0.002246
2 2 0.009343 0.041951 0.828921 0.118099 0.001685
2 2 0.021620 0.078623 0.715710 0.179292 0.004754
2 2 0.089833 0.176905 0.560487 0.135256 0.037518
2 2 0.042027 0.159533 0.680569 0.102560 0.015310
2 3 0.010267 0.037154 0.535418 0.412116 0.005046
2 3 0.029247 0.141345 0.620649 0.189892 0.018867
2 3 0.015187 0.102123 0.694305 0.175749 0.012635
2 3 0.027382 0.111232 0.663706 0.183133 0.014547
2 3 0.032103 0.132561 0.648467 0.172888 0.013982
2 3 0.015845 0.089113 0.704674 0.181783 0.008585
2 3 0.008472 0.052433 0.760606 0.174564 0.003924
2 3 0.040811 0.154081 0.650916 0.138246 0.015946
2 3 0.013708 0.082883 0.631663 0.262118 0.009628
2 3 0.005256 0.032903 0.695116 0.264844 0.001881
2 3 0.006802 0.028526 0.645428 0.317079 0.002165
2 3 0.038116 0.086071 0.622316 0.244006 0.009491
2 3 0.016471 0.068351 0.728456 0.182597 0.004125
2 3 0.085564 0.246163 0.607109 0.038203 0.022961
2 3 0.051803 0.192206 0.555078 0.173085 0.027829
2 3 0.031814 0.135417 0.644310 0.173492 0.014967
2 3 0.025227 0.102451 0.713335 0.151035 0.007953
2 3 0.025070 0.081227 0.735946 0.151629 0.006128
2 2 0.024876 0.116608 0.737888 0.110554 0.010074
2 2 0.008285 0.044355 0.695185 0.247963 0.004212
2 2 0.025743 0.115496 0.796754 0.054349 0.007657
2 2 0.015825 0.077353 0.776315 0.125429 0.005077
2 2 0.019187 0.076338 0.703800 0.194358 0.006318
2 2 0.010574 0.044364 0.700001 0.241185 0.003876
2 2 0.038729 0.142920 0.648431 0.155752 0.014168
2 2 0.010702 0.050590 0.653647 0.280127 0.004934
2 3 0.015245 0.075106 0.736844 0.167383 0.005422
2 3 0.022561 0.089539 0.700373 0.181006 0.006520
2 3 0.013552 0.044100 0.658685 0.280467 0.003196
2 3 0.025792 0.089604 0.704917 0.172834 0.006853
2 3 0.028506 0.093382 0.546855 0.320549 0.010708
2 3 0.010859 0.033326 0.513604 0.437892 0.004319
2 3 0.040006 0.119247 0.692452 0.140265 0.008029
2 3 0.005767 0.023072 0.532696 0.436554 0.001911
2 3 0.018074 0.035790 0.497867 0.443853 0.004416
3 3 0.021815 0.038438 0.460215 0.473618 0.005914
2 3 0.014566 0.051096 0.605494 0.324850 0.003994
2 3 0.046179 0.078258 0.495814 0.369743 0.010005
2 3 0.017408 0.053577 0.562561 0.362177 0.004277
3 3 0.015397 0.028260 0.303197 0.647897 0.005249
2 3 0.185354 0.234760 0.464865 0.087399 0.027622
3 3 0.009580 0.014361 0.180960 0.790034 0.005066
3 3 0.013719 0.030520 0.317290 0.632671 0.005800
3 3 0.009641 0.017426 0.403482 0.567378 0.002072
2 3 0.051497 0.098524 0.511544 0.323487 0.014949
2 3 0.039114 0.058238 0.545110 0.350549 0.006989
3 3 0.031904 0.066188 0.418460 0.473545 0.009903
2 3 0.043568 0.108287 0.523556 0.300192 0.024397
2 3 0.032140 0.126411 0.681339 0.148648 0.011461
2 3 0.033737 0.091549 0.598363 0.265476 0.010876
1 3 0.182092 0.404484 0.337773 0.014955 0.060696
2 3 0.053573 0.213637 0.573454 0.127187 0.032150
2 2 0.042971 0.200451 0.648615 0.081311 0.026653
2 2 0.066689 0.267141 0.538439 0.072845 0.054885
2 2 0.048023 0.212315 0.594400 0.111820 0.033442
2 2 0.034887 0.179718 0.661473 0.099309 0.024612
2 2 0.009680 0.079549 0.773143 0.129362 0.008266
2 2 0.035139 0.095847 0.617382 0.233669 0.017963
2 3 0.036507 0.181458 0.663325 0.088550 0.030161
2 3 0.023560 0.131110 0.687736 0.140551 0.017042
1 3 0.175213 0.424450 0.271850 0.028993 0.099494
2 3 0.021295 0.111575 0.703521 0.152153 0.011456
2 3 0.018177 0.087220 0.684009 0.202120 0.008474
2 3 0.126879 0.278006 0.501692 0.063472 0.029951
2 3 0.090974 0.199264 0.541058 0.143191 0.025512
0 0 0.492567 0.338395 0.122856 0.001532 0.044649
1 1 0.286222 0.436999 0.193787 0.008312 0.074679
2 1 0.063449 0.384202 0.404064 0.018562 0.129723
2 1 0.027805 0.228896 0.630567 0.057951 0.054781
2 1 0.028529 0.193407 0.634130 0.106971 0.036963
1 1 0.184708 0.436194 0.312359 0.004384 0.062354
2 1 0.034614 0.261083 0.586207 0.049533 0.068562
1 1 0.137857 0.459836 0.256745 0.007839 0.137723
2 1 0.088383 0.402271 0.415561 0.007524 0.086261
1 1 0.055408 0.379022 0.369095 0.026685 0.169791
1 1 0.113412 0.474799 0.208724 0.003140 0.199925
2 1 0.046372 0.375759 0.379421 0.017793 0.180656
2 1 0.016290 0.240975 0.528873 0.066132 0.147729
2 1 0.015000 0.284573 0.407046 0.018589 0.274792
1 2 0.032201 0.387699 0.245992 0.002370 0.331739
4 2 0.068241 0.343063 0.206842 0.003934 0.377920
4 2 0.037281 0.139548 0.059358 0.003354 0.760459
4 4 0.228427 0.250683 0.103449 0.008952 0.408489
4 4 0.085594 0.148035 0.066541 0.013436 0.686394
4 4 0.206909 0.187021 0.075710 0.008569 0.521790
4 4 0.147611 0.067538 0.055283 0.027428 0.702140
0 4 0.928319 0.013539 0.003908 0.001452 0.052782
0 4 0.654914 0.205014 0.075229 0.003488 0.061355
0 4 0.503064 0.291580 0.107370 0.002810 0.095176
1 4 0.111548 0.477033 0.199630 0.002566 0.209223
2 4 0.034330 0.274218 0.357554 0.042232 0.291666
4 4 0.093241 0.252374 0.141467 0.014686 0.498231
2 4 0.065911 0.323613 0.474568 0.021374 0.114534
2 4 0.037752 0.324121 0.443087 0.039392 0.155648
4 4 0.163818 0.218888 0.078256 0.001645 0.537392
4 4 0.093038 0.302158 0.128699 0.004757 0.471348
4 4 0.032647 0.200849 0.089352 0.003696 0.673456
4 4 0.025201 0.247536 0.112514 0.003045 0.611704
4 4 0.013172 0.250466 0.136740 0.001760 0.597862
4 4 0.024300 0.122010 0.049953 0.001559 0.802177
4 4 0.032280 0.159114 0.068380 0.002965 0.737261
4 4 0.027686 0.164002 0.070236 0.002391 0.735685
4 4 0.031678 0.144018 0.061010 0.002661 0.760633
4 4 0.020365 0.190863 0.082298 0.001688 0.704786
4 4 0.078085 0.308819 0.116381 0.001073 0.495643
4 4 0.034718 0.165361 0.071711 0.003430 0.724780
4 4 0.023985 0.204401 0.089773 0.002318 0.679524
4 4 0.156723 0.194456 0.081216 0.009063 0.558542
4 4 0.112413 0.148104 0.056492 0.003042 0.679948
4 4 0.151522 0.102559 0.037739 0.003478 0.704702
1 4 0.227981 0.345203 0.135118 0.003637 0.288062
0 4 0.364441 0.301871 0.120991 0.007030 0.205667
4 4 0.046514 0.092416 0.036618 0.002532 0.821919
4 4 0.024556 0.246490 0.111807 0.002910 0.614237
4 4 0.048155 0.120117 0.050138 0.003912 0.777678
4 4 0.023155 0.038569 0.024549 0.002215 0.911513
4 4 0.033268 0.170148 0.078885 0.003636 0.714062
4 4 0.035362 0.023953 0.008389 0.001075 0.931222
4 4 0.062958 0.132656 0.048432 0.001149 0.754806
4 4 0.042617 0.088256 0.035745 0.003011 0.830371
4 4 0.034429 0.108102 0.044358 0.002464 0.810647
4 4 0.043163 0.083002 0.032399 0.002128 0.839309
0 4 0.542615 0.175684 0.060073 0.002635 0.218994
4 4 0.207898 0.072464 0.023179 0.001278 0.695181
4 4 0.159461 0.084169 0.028666 0.001793 0.725911
4 4 0.086544 0.057774 0.020765 0.002184 0.832732
4 4 0.073576 0.050758 0.018934 0.002974 0.853758
1 4 0.123077 0.431969 0.173205 0.002129 0.269619
1 4 0.264231 0.392923 0.151427 0.002754 0.188665
4 4 0.058165 0.108843 0.061615 0.008153 0.763225
4 4 0.040152 0.102266 0.041013 0.002334 0.814234
4 4 0.037349 0.179715 0.118793 0.008043 0.656100
4 4 0.051126 0.254598 0.133238 0.010759 0.550279
4 4 0.157537 0.182468 0.117440 0.008689 0.533865
4 4 0.046079 0.150423 0.068107 0.005345 0.730045
4 4 0.044321 0.058338 0.022619 0.002487 0.872235
4 4 0.030213 0.159015 0.270821 0.034688 0.505263
4 1 0.059519 0.181176 0.090971 0.009655 0.658678
4 1 0.074572 0.178009 0.233417 0.083875 0.430128
0 1 0.497213 0.211163 0.081023 0.004438 0.206163
2 1 0.118086 0.343696 0.451386 0.032549 0.054282
2 1 0.134705 0.380506 0.396365 0.023088 0.065336
1 1 0.255045 0.460791 0.184544 0.002704 0.096915
1 1 0.088436 0.417763 0.348787 0.014021 0.130993
1 1 0.105788 0.447748 0.288249 0.008294 0.149920
1 1 0.178962 0.388217 0.219474 0.010406 0.202939
1 1 0.226267 0.471262 0.196056 0.003649 0.102766
1 1 0.047509 0.427493 0.210557 0.001292 0.313149
1 1 0.089859 0.480791 0.182333 0.000762 0.246255
1 1 0.072007 0.464835 0.179557 0.000799 0.282803
1 1 0.028281 0.375926 0.268151 0.002782 0.324859
2 1 0.020218 0.305403 0.375415 0.021101 0.277863
2 2 0.011998 0.191670 0.611968 0.083441 0.100924
2 2 0.028969 0.228473 0.420567 0.064006 0.257986
2 2 0.025893 0.315172 0.378825 0.035228 0.244881
2 2 0.035754 0.356708 0.369938 0.016594 0.221007
1 2 0.092888 0.368052 0.204566 0.012030 0.322463
4 2 0.028603 0.345131 0.206840 0.009280 0.410146
1 2 0.060682 0.425078 0.271449 0.006273 0.236518
1 2 0.070662 0.453999 0.255861 0.002208 0.217271
1 2 0.054238 0.412388 0.188668 0.004257 0.340449
1 2 0.047025 0.398339 0.315089 0.008925 0.230622
2 2 0.028706 0.256859 0.558257 0.066918 0.089260
2 2 0.017901 0.232834 0.568492 0.070882 0.109892
2 2 0.021369 0.245080 0.516141 0.087228 0.130181
2 2 0.030296 0.345657 0.363998 0.020984 0.239065
2 2 0.028980 0.315887 0.449166 0.030025 0.175943
2 2 0.027136 0.149959 0.578062 0.163986 0.080858
