0 0 0.928246 0.012656 0.000905 0.000001 0.058191
0 0 0.808020 0.023250 0.001503 0.000001 0.167226
0 0 0.931703 0.009707 0.001678 0.000017 0.056895
0 0 0.816306 0.018062 0.002547 0.000008 0.163076
0 0 0.881959 0.013189 0.003910 0.000143 0.100798
0 0 0.540259 0.011284 0.002520 0.000014 0.445923
0 0 0.881615 0.005514 0.001058 0.000009 0.111804
0 0 0.894080 0.007985 0.000641 0.000000 0.097294
0 0 0.908784 0.005456 0.000698 0.000002 0.085060
0 0 0.879538 0.005473 0.001127 0.000011 0.113852
0 0 0.949048 0.009408 0.001728 0.000025 0.039792
0 0 0.685176 0.039838 0.001440 0.000000 0.273545
0 0 0.901774 0.009551 0.004417 0.000628 0.083629
0 0 0.917837 0.025794 0.001105 0.000000 0.055263
0 0 0.890339 0.028529 0.000967 0.000000 0.080165
4 0 0.247075 0.019806 0.002541 0.000002 0.730576
4 0 0.224840 0.020520 0.003668 0.000007 0.750966
4 1 0.009793 0.131929 0.003361 0.000000 0.854917
4 1 0.002344 0.113950 0.005498 0.000000 0.878208
4 1 0.003099 0.081925 0.005391 0.000000 0.909584
4 1 0.000063 0.102137 0.040518 0.000000 0.857282
4 1 0.000105 0.120470 0.028149 0.000000 0.851276
4 4 0.000115 0.086547 0.022748 0.000000 0.890590
4 4 0.000241 0.034224 0.004346 0.000000 0.961190
4 4 0.000298 0.098889 0.014579 0.000000 0.886234
4 4 0.000494 0.087843 0.022708 0.000000 0.888954
4 4 0.000154 0.119521 0.052040 0.000000 0.828285
4 4 0.000356 0.065976 0.015115 0.000000 0.918553
4 4 0.000107 0.126553 0.063028 0.000000 0.810312
4 4 0.000682 0.159403 0.035622 0.000000 0.804293
4 4 0.000872 0.018553 0.000848 0.000000 0.979728
4 4 0.000471 0.020262 0.001033 0.000000 0.978235
4 4 0.001040 0.030841 0.002700 0.000000 0.965419
4 4 0.000423 0.015338 0.000801 0.000000 0.983438
4 4 0.002036 0.024971 0.001299 0.000000 0.971693
4 4 0.000873 0.016963 0.000724 0.000000 0.981440
4 4 0.004312 0.020051 0.000711 0.000000 0.974927
4 4 0.002387 0.020992 0.000673 0.000000 0.975948
4 4 0.000503 0.030699 0.001462 0.000000 0.967336
4 4 0.000177 0.029012 0.002054 0.000000 0.968757
4 4 0.000170 0.050922 0.008321 0.000000 0.940587
4 4 0.000104 0.082599 0.012252 0.000000 0.905045
4 4 0.000349 0.072860 0.005518 0.000000 0.921273
4 4 0.000237 0.074829 0.011062 0.000000 0.913872
4 4 0.000248 0.083263 0.008561 0.000000 0.907928
4 4 0.017284 0.263305 0.038214 0.000000 0.681196
4 4 0.020933 0.296773 0.047134 0.000000 0.635159
4 4 0.009519 0.276147 0.065816 0.000000 0.648518
4 4 0.172197 0.028171 0.018225 0.001381 0.780025
4 0 0.273583 0.064161 0.014807 0.000083 0.647365
0 0 0.975667 0.002148 0.000567 0.000025 0.021593
0 0 0.955864 0.004296 0.000466 0.000001 0.039373
0 0 0.943752 0.004985 0.000497 0.000001 0.050766
0 0 0.951685 0.005088 0.001029 0.000017 0.042181
0 0 0.972803 0.002902 0.000889 0.000062 0.023344
0 0 0.940930 0.002598 0.000714 0.000022 0.055737
0 0 0.967895 0.000935 0.000868 0.001116 0.029186
0 0 0.977844 0.003160 0.000679 0.000020 0.018297
0 0 0.729538 0.021487 0.000315 0.000000 0.248660
0 0 0.929419 0.005243 0.000258 0.000000 0.065080
4 0 0.088720 0.053938 0.003097 0.000000 0.854245
4 0 0.142156 0.070514 0.002586 0.000000 0.784744
4 0 0.038315 0.090097 0.002322 0.000000 0.869267
4 1 0.027304 0.066799 0.000804 0.000000 0.905093
4 1 0.052891 0.139133 0.004743 0.000000 0.803233
4 1 0.050106 0.345732 0.048469 0.000001 0.555693
4 1 0.099899 0.110857 0.011451 0.000004 0.777788
4 1 0.017876 0.330704 0.074955 0.000001 0.576465
4 1 0.026900 0.298641 0.059355 0.000002 0.615102
4 1 0.017842 0.355119 0.137679 0.000015 0.489346
2 1 0.001097 0.255550 0.634639 0.000105 0.108609
2 1 0.000275 0.213354 0.697260 0.000012 0.089099
2 1 0.001261 0.272723 0.632301 0.000064 0.093651
2 1 0.000262 0.200027 0.691895 0.000025 0.107791
2 1 0.000272 0.210571 0.698581 0.000013 0.090562
2 1 0.000114 0.102556 0.885943 0.000071 0.011315
2 1 0.000621 0.198312 0.775521 0.000068 0.025478
2 2 0.000614 0.165794 0.812401 0.000395 0.020796
2 2 0.000559 0.152600 0.830443 0.000298 0.016100
2 2 0.000692 0.156879 0.819312 0.000673 0.022443
2 2 0.001807 0.107882 0.880507 0.004913 0.004891
2 2 0.001273 0.093479 0.898291 0.003460 0.003496
2 2 0.003935 0.095410 0.873394 0.023153 0.004108
2 2 0.003415 0.075305 0.885367 0.032655 0.003258
2 2 0.006595 0.132645 0.827577 0.025304 0.007879
2 2 0.001115 0.032344 0.938367 0.027731 0.000443
2 2 0.008640 0.084595 0.806127 0.096501 0.004136
2 3 0.002888 0.026301 0.769071 0.200528 0.001212
2 3 0.014221 0.093590 0.721533 0.163474 0.007182
2 3 0.032019 0.145923 0.620937 0.184308 0.016813
3 3 0.007457 0.020490 0.404208 0.565053 0.002793
3 3 0.001898 0.005168 0.291945 0.700393 0.000595
3 3 0.012883 0.024897 0.323491 0.633836 0.004892
3 3 0.002098 0.001918 0.078002 0.917375 0.000607
3 3 0.000688 0.001332 0.141370 0.856416 0.000194
3 3 0.008135 0.008945 0.149396 0.830741 0.002783
3 3 0.005767 0.004930 0.097071 0.890356 0.001877
3 3 0.002396 0.001869 0.066726 0.928325 0.000685
3 3 0.005161 0.003879 0.079730 0.909599 0.001631
3 3 0.004981 0.003683 0.077753 0.912033 0.001551
3 3 0.002264 0.000892 0.028888 0.967413 0.000543
3 3 0.001426 0.000680 0.030544 0.967000 0.000350
3 3 0.001783 0.000894 0.035007 0.961864 0.000453
3 3 0.001241 0.000446 0.021007 0.977030 0.000275
3 3 0.000519 0.000206 0.017272 0.981892 0.000111
3 3 0.003381 0.000954 0.022651 0.972261 0.000753
3 3 0.003239 0.001122 0.028249 0.966622 0.000767
3 3 0.001499 0.000402 0.016002 0.981790 0.000307
3 3 0.001331 0.000303 0.012678 0.985432 0.000257
3 3 0.001276 0.000328 0.014415 0.983726 0.000255
3 3 0.000925 0.000267 0.014680 0.983941 0.000187
3 3 0.001304 0.000455 0.020657 0.977297 0.000288
3 3 0.001064 0.000260 0.012729 0.985740 0.000206
3 3 0.001606 0.000378 0.014093 0.983605 0.000318
3 3 0.000591 0.000136 0.009576 0.989590 0.000107
3 3 0.000940 0.000204 0.010579 0.988104 0.000173
3 3 0.001072 0.000211 0.009921 0.988601 0.000194
3 3 0.000567 0.000112 0.007900 0.991324 0.000097
3 3 0.000340 0.000067 0.006582 0.992956 0.000056
3 3 0.000196 0.000050 0.007202 0.992519 0.000033
3 3 0.000556 0.000115 0.008303 0.990928 0.000097
3 3 0.000881 0.000156 0.008157 0.990654 0.000152
3 3 0.000591 0.000113 0.007720 0.991475 0.000101
3 3 0.000579 0.000102 0.006987 0.992236 0.000096
3 3 0.000451 0.000082 0.006606 0.992787 0.000074
3 3 0.000300 0.000049 0.005090 0.994514 0.000046
3 3 0.000879 0.000176 0.009422 0.989366 0.000157
3 3 0.000261 0.000047 0.005395 0.994256 0.000041
3 3 0.000210 0.000040 0.005360 0.994358 0.000033
3 3 0.000300 0.000053 0.005556 0.994043 0.000047
3 3 0.000144 0.000042 0.007734 0.992054 0.000025
3 3 0.000138 0.000033 0.005996 0.993810 0.000023
3 3 0.000072 0.000015 0.003962 0.995940 0.000011
3 3 0.000064 0.000014 0.003923 0.995990 0.000009
3 3 0.000202 0.000049 0.006901 0.992814 0.000034
3 3 0.000478 0.000097 0.007726 0.991616 0.000082
3 3 0.001139 0.000200 0.008875 0.989586 0.000200
3 3 0.000818 0.000140 0.007639 0.991264 0.000138
3 3 0.000738 0.000094 0.005247 0.993807 0.000113
3 3 0.000343 0.000057 0.005411 0.994135 0.000054
3 3 0.000136 0.000017 0.002805 0.997023 0.000018
3 3 0.000320 0.000067 0.006969 0.992590 0.000054
3 3 0.000163 0.000031 0.004826 0.994955 0.000025
3 3 0.000082 0.000013 0.002927 0.996967 0.000011
3 3 0.000300 0.000045 0.004617 0.994992 0.000045
3 3 0.000358 0.000040 0.003425 0.996128 0.000049
3 3 0.000333 0.000043 0.004032 0.995544 0.000048
3 3 0.000460 0.000069 0.005321 0.994078 0.000071
3 3 0.000479 0.000067 0.004966 0.994416 0.000073
3 3 0.000619 0.000092 0.005877 0.993314 0.000098
3 3 0.000343 0.000038 0.003358 0.996213 0.000047
3 3 0.000245 0.000024 0.002570 0.997129 0.000031
3 3 0.000220 0.000025 0.002950 0.996775 0.000029
3 3 0.000419 0.000052 0.004155 0.995313 0.000061
3 3 0.000225 0.000035 0.004368 0.995339 0.000033
3 3 0.000250 0.000041 0.004784 0.994887 0.000038
3 3 0.000603 0.000065 0.004009 0.995236 0.000086
3 3 0.000226 0.000036 0.004487 0.995217 0.000034
3 3 0.000375 0.000047 0.003986 0.995539 0.000054
3 3 0.000410 0.000052 0.004188 0.995290 0.000060
3 3 0.000750 0.000115 0.006508 0.992506 0.000122
3 3 0.001922 0.000285 0.008791 0.988669 0.000333
3 3 0.000272 0.000038 0.004082 0.995568 0.000040
3 3 0.001056 0.000154 0.006958 0.991658 0.000173
3 3 0.000682 0.000073 0.004136 0.995011 0.000098
3 3 0.010796 0.004688 0.055322 0.926156 0.003037
3 3 0.016281 0.020644 0.222031 0.735207 0.005837
3 3 0.021142 0.043650 0.391504 0.535459 0.008246
3 3 0.032013 0.052513 0.336818 0.565792 0.012863
3 3 0.010996 0.023830 0.356199 0.604914 0.004062
2 3 0.025360 0.171013 0.686208 0.101571 0.015848
2 3 0.039803 0.214056 0.617853 0.106681 0.021606
2 2 0.029662 0.172843 0.662870 0.118870 0.015754
2 2 0.037116 0.272322 0.565800 0.063904 0.060857
2 2 0.030405 0.292249 0.588277 0.038508 0.050562
2 2 0.019447 0.322290 0.390086 0.013351 0.254826
4 4 0.005398 0.251811 0.357786 0.003431 0.381573
2 4 0.002184 0.243827 0.526461 0.001426 0.226102
2 4 0.004755 0.271403 0.472695 0.003149 0.247998
2 4 0.005020 0.274866 0.479854 0.003345 0.236915
2 4 0.002042 0.244071 0.599919 0.001379 0.152590
2 4 0.001306 0.218164 0.705047 0.000925 0.074558
2 4 0.006247 0.289504 0.553747 0.004379 0.146123
2 4 0.004586 0.275401 0.525125 0.003109 0.191778
2 4 0.002361 0.249225 0.612562 0.001621 0.134231
2 2 0.003207 0.261362 0.602467 0.002226 0.130738
2 2 0.000843 0.168815 0.736332 0.001077 0.092934
2 2 0.001889 0.240421 0.678869 0.000920 0.077901
2 2 0.002566 0.251392 0.626703 0.001786 0.117553
2 2 0.005630 0.284870 0.536350 0.003883 0.169267
2 2 0.003217 0.258900 0.604277 0.002310 0.131295
2 2 0.001768 0.224818 0.709029 0.001305 0.063081
2 2 0.001060 0.169487 0.761351 0.001429 0.066672
2 2 0.009363 0.295782 0.620580 0.007096 0.067179
2 2 0.000936 0.114551 0.860756 0.002670 0.021087
2 2 0.006884 0.112087 0.845594 0.031327 0.004108
2 2 0.011963 0.276644 0.704468 0.000948 0.005976
2 2 0.022063 0.312583 0.656490 0.001968 0.006895
2 2 0.032711 0.365320 0.590763 0.001285 0.009922
2 2 0.023152 0.293897 0.668349 0.006365 0.008238
2 2 0.008838 0.247736 0.732246 0.003127 0.008053
2 2 0.008893 0.270186 0.706898 0.002041 0.011982
2 2 0.001503 0.100714 0.887431 0.004989 0.005363
2 2 0.001983 0.100924 0.882584 0.008130 0.006379
2 2 0.013623 0.241311 0.725833 0.012075 0.007158
2 2 0.016042 0.305757 0.650986 0.005642 0.021574
2 2 0.011085 0.221206 0.748837 0.009157 0.009716
2 2 0.034411 0.333537 0.614563 0.006071 0.011418
2 2 0.037836 0.364847 0.578223 0.003668 0.015426
2 2 0.023387 0.298078 0.663377 0.006215 0.008942
2 2 0.004098 0.271863 0.669145 0.001435 0.053459
2 2 0.008413 0.297199 0.598435 0.006203 0.089750
2 2 0.003818 0.233344 0.741586 0.001943 0.019308
2 2 0.003697 0.259094 0.684735 0.001798 0.050676
2 2 0.009598 0.335920 0.608128 0.000984 0.045370
2 2 0.001304 0.177547 0.808467 0.000855 0.011827
2 2 0.004609 0.268019 0.690787 0.001464 0.035122
2 2 0.001955 0.200308 0.776643 0.001562 0.019532
2 2 0.000242 0.091273 0.899196 0.000199 0.009090
2 2 0.003031 0.183394 0.784190 0.004408 0.024977
2 2 0.000681 0.058270 0.933827 0.004902 0.002320
2 2 0.001671 0.106551 0.876429 0.006103 0.009245
2 2 0.001604 0.074520 0.910541 0.010350 0.002984
2 2 0.003157 0.146193 0.834568 0.006633 0.009449
2 2 0.002159 0.088610 0.894312 0.011092 0.003827
2 2 0.009829 0.115688 0.815200 0.054633 0.004650
2 2 0.015061 0.198787 0.750890 0.027110 0.008152
2 2 0.027983 0.289854 0.643239 0.024829 0.014095
2 2 0.033141 0.277949 0.633706 0.038064 0.017139
2 2 0.005269 0.199321 0.783491 0.004616 0.007302
2 2 0.011337 0.230111 0.746526 0.007118 0.004908
2 2 0.008118 0.215985 0.746280 0.011063 0.018553
2 2 0.004584 0.197270 0.780630 0.005279 0.012237
2 2 0.001609 0.106640 0.880376 0.005018 0.006357
2 2 0.009935 0.177484 0.771486 0.025487 0.015608
2 2 0.002941 0.077101 0.900103 0.018396 0.001460
2 2 0.004194 0.066482 0.877288 0.050175 0.001861
2 2 0.003680 0.095109 0.882561 0.016561 0.002089
2 2 0.004817 0.099395 0.871608 0.022081 0.002100
2 2 0.012395 0.135776 0.792136 0.053730 0.005964
2 2 0.012988 0.179971 0.762247 0.033011 0.011783
2 2 0.006205 0.144389 0.832972 0.013213 0.003221
2 2 0.005270 0.109847 0.862749 0.019830 0.002304
2 2 0.006360 0.123348 0.846322 0.020958 0.003011
2 2 0.010898 0.156203 0.798981 0.028829 0.005089
2 2 0.009125 0.190556 0.775371 0.015424 0.009524
2 2 0.007808 0.156760 0.809747 0.019069 0.006617
2 2 0.027846 0.326550 0.635896 0.002359 0.007350
2 2 0.015658 0.222049 0.730484 0.021969 0.009840
2 2 0.005593 0.180462 0.796282 0.008500 0.009163
2 2 0.056675 0.346685 0.533369 0.034833 0.028438
2 2 0.042778 0.353244 0.582910 0.006839 0.014228
2 2 0.032517 0.336756 0.613162 0.005198 0.012367
2 2 0.048160 0.338593 0.563660 0.026660 0.022928
2 2 0.047860 0.347498 0.518080 0.038993 0.047570
2 2 0.028238 0.305979 0.575630 0.030992 0.059161
2 2 0.004126 0.225841 0.734956 0.003599 0.031478
2 2 0.001473 0.191507 0.770536 0.001286 0.035197
2 2 0.007535 0.266148 0.688213 0.006028 0.032076
2 2 0.001452 0.222698 0.748390 0.000292 0.027168
2 2 0.005360 0.278916 0.684058 0.001165 0.030501
2 2 0.019823 0.287435 0.656950 0.017027 0.018766
2 2 0.020123 0.312860 0.651437 0.003501 0.012079
2 2 0.005143 0.225483 0.758131 0.002260 0.008983
2 2 0.006698 0.248496 0.720327 0.004953 0.019527
2 2 0.001925 0.164690 0.821632 0.002164 0.009590
2 2 0.002515 0.125162 0.861922 0.005044 0.005357
2 2 0.001521 0.137366 0.848291 0.002620 0.010202
2 2 0.001667 0.142961 0.842444 0.002693 0.010235
2 2 0.006254 0.237376 0.735022 0.005259 0.016089
2 2 0.016377 0.184871 0.753357 0.037433 0.007962
2 2 0.008655 0.192138 0.787550 0.005550 0.006107
2 2 0.031603 0.314923 0.629442 0.011409 0.012622
2 2 0.013667 0.236758 0.730560 0.012662 0.006354
2 2 0.013397 0.230504 0.731231 0.014429 0.010439
0 2 0.476405 0.266130 0.140530 0.018165 0.098771
0 0 0.754338 0.141487 0.037141 0.001238 0.065796
0 0 0.556345 0.381818 0.047568 0.000001 0.014268
1 0 0.306994 0.512181 0.160971 0.000035 0.019820
1 0 0.269711 0.488294 0.206094 0.000473 0.035429
2 1 0.009775 0.349965 0.616107 0.000262 0.023891
2 1 0.004341 0.256532 0.684925 0.003291 0.050911
2 2 0.003069 0.249647 0.701932 0.001365 0.043987
2 2 0.013308 0.317296 0.566327 0.009910 0.093159
2 2 0.014410 0.323968 0.522792 0.010460 0.128371
2 2 0.005302 0.276437 0.629866 0.003877 0.084518
2 2 0.004297 0.271979 0.608534 0.003048 0.112141
2 2 0.001299 0.218537 0.728289 0.000596 0.051279
2 2 0.002752 0.247775 0.669619 0.001987 0.077867
2 2 0.004132 0.270931 0.603822 0.002915 0.118199
2 2 0.007360 0.285391 0.634876 0.005541 0.066832
2 2 0.008427 0.274492 0.674100 0.006697 0.036284
2 2 0.004391 0.262072 0.701804 0.000895 0.030839
2 2 0.005549 0.234969 0.745153 0.002613 0.011716
1 2 0.078076 0.456629 0.405226 0.003192 0.056877
1 0 0.117481 0.426751 0.177521 0.001586 0.276660
1 0 0.070091 0.511210 0.332137 0.000411 0.086152
2 1 0.025445 0.437279 0.449663 0.000602 0.087011
2 1 0.043223 0.414624 0.462493 0.004914 0.074746
1 2 0.033391 0.455850 0.415405 0.000637 0.094718
1 2 0.057217 0.498892 0.381091 0.000396 0.062404
1 2 0.093455 0.537574 0.292333 0.000220 0.076418
1 2 0.064792 0.530365 0.315087 0.000170 0.089587
1 2 0.098489 0.524653 0.313575 0.000375 0.062907
1 2 0.057715 0.473159 0.340843 0.001095 0.127188
2 2 0.005003 0.294851 0.562942 0.001798 0.135407
2 2 0.011060 0.341340 0.551715 0.002292 0.093594
2 2 0.010598 0.410185 0.514875 0.000110 0.064232
2 2 0.015207 0.367821 0.536720 0.001815 0.078438
2 2 0.017164 0.440310 0.480606 0.000145 0.061775
1 2 0.285754 0.491936 0.190050 0.000265 0.031994
1 0 0.307745 0.512309 0.138513 0.000045 0.041387
0 0 0.548723 0.176558 0.082203 0.011492 0.181024
1 0 0.201662 0.479709 0.278050 0.001784 0.038796
1 0 0.194838 0.493076 0.223492 0.001153 0.087442
2 1 0.008757 0.397939 0.503565 0.000124 0.089616
2 1 0.011230 0.384352 0.465445 0.000470 0.138502
2 1 0.015688 0.410124 0.487938 0.000423 0.085828
2 2 0.007646 0.396504 0.522472 0.000077 0.073301
1 2 0.042215 0.428899 0.386289 0.002891 0.139706
2 2 0.008336 0.320066 0.622485 0.001309 0.047805
2 2 0.007027 0.273896 0.668997 0.005262 0.044817
2 2 0.004262 0.274471 0.679591 0.001036 0.040639
2 2 0.007177 0.320554 0.612812 0.001022 0.058435
2 2 0.015470 0.341367 0.601359 0.002670 0.039133
0 2 0.543707 0.154223 0.034642 0.000446 0.266983
0 0 0.447042 0.344827 0.059248 0.000288 0.148594
0 0 0.684337 0.104690 0.025013 0.000475 0.185485
1 0 0.373851 0.446902 0.070212 0.000022 0.109014
0 0 0.790182 0.077617 0.017929 0.000401 0.113871
0 0 0.686906 0.160865 0.025607 0.000198 0.126422
0 0 0.624744 0.268052 0.013708 0.000000 0.093495
0 0 0.428096 0.418342 0.043905 0.000003 0.109654
0 0 0.610923 0.252924 0.020104 0.000012 0.116037
0 0 0.543564 0.331851 0.023623 0.000001 0.100960
1 0 0.032788 0.429518 0.353883 0.001163 0.182648
2 1 0.005611 0.360617 0.551247 0.000131 0.082393
2 2 0.005086 0.344531 0.571317 0.000179 0.078888
2 2 0.013095 0.328219 0.540092 0.006702 0.111893
2 2 0.008583 0.349518 0.590380 0.000470 0.051049
2 2 0.005068 0.264369 0.711355 0.000931 0.018276
2 2 0.003236 0.262340 0.710279 0.000383 0.023762
2 2 0.002647 0.245275 0.734386 0.000301 0.017392
2 2 0.001581 0.204551 0.778914 0.000413 0.014540
2 2 0.001618 0.225350 0.757130 0.000159 0.015742
2 2 0.006884 0.177946 0.804023 0.008155 0.002992
2 2 0.006987 0.149171 0.826568 0.014186 0.003088
2 2 0.008496 0.150707 0.816924 0.020022 0.003850
2 2 0.009089 0.208434 0.769810 0.008621 0.004045
2 2 0.003201 0.101698 0.884408 0.009375 0.001319
2 2 0.023938 0.287032 0.666385 0.012452 0.010193
2 2 0.032783 0.339531 0.614036 0.003553 0.010097
2 2 0.024523 0.298330 0.661447 0.006866 0.008835
2 2 0.015157 0.280082 0.693240 0.003425 0.008096
2 2 0.067833 0.399339 0.505978 0.006197 0.020653
2 2 0.016807 0.329828 0.628141 0.002616 0.022608
2 2 0.009449 0.305112 0.568702 0.006871 0.109866
2 2 0.004120 0.273846 0.670243 0.001250 0.050542
2 2 0.028985 0.310134 0.632576 0.013564 0.014741
2 2 0.048358 0.389047 0.541085 0.003475 0.018034
1 2 0.212698 0.495648 0.067237 0.000003 0.224414
1 2 0.266357 0.507016 0.102412 0.000029 0.124186
0 2 0.429940 0.378240 0.035555 0.000004 0.156260
0 0 0.844632 0.022731 0.019249 0.017322 0.096065
0 0 0.795428 0.036358 0.027023 0.015313 0.125879
4 0 0.223734 0.049086 0.026151 0.001456 0.699573
4 0 0.088407 0.177299 0.019446 0.000009 0.714839
1 2 0.034585 0.414959 0.136098 0.000017 0.414340
4 2 0.032052 0.373275 0.091113 0.000004 0.503556
4 2 0.055681 0.398311 0.133317 0.000099 0.412592
4 2 0.000622 0.280341 0.310477 0.000001 0.408560
4 2 0.000991 0.251623 0.292349 0.000007 0.455030
4 2 0.000216 0.194214 0.299736 0.000001 0.505833
4 2 0.000255 0.217028 0.271224 0.000000 0.511492
4 2 0.000153 0.207944 0.350268 0.000000 0.441635
4 2 0.003107 0.192222 0.037408 0.000000 0.767263
4 4 0.001961 0.085740 0.020317 0.000000 0.891981
4 4 0.001275 0.157643 0.062936 0.000000 0.778146
4 4 0.001184 0.183109 0.054799 0.000000 0.760908
4 4 0.001895 0.092980 0.023448 0.000000 0.881677
4 4 0.005394 0.112901 0.014697 0.000000 0.867008
4 4 0.004254 0.074212 0.010580 0.000000 0.910954
4 4 0.008545 0.102963 0.013368 0.000000 0.875123
4 4 0.011482 0.103559 0.006366 0.000000 0.878593
4 4 0.007307 0.139245 0.016740 0.000000 0.836707
4 4 0.001327 0.166047 0.027581 0.000000 0.805046
4 4 0.001710 0.204590 0.032591 0.000000 0.761109
4 4 0.000517 0.162014 0.061703 0.000000 0.775765
4 4 0.000851 0.136104 0.070015 0.000001 0.793029
4 4 0.000535 0.122110 0.042160 0.000000 0.835195
4 4 0.000807 0.252275 0.206480 0.000001 0.540438
4 4 0.002265 0.225542 0.186291 0.000023 0.585878
4 4 0.001703 0.259580 0.215366 0.000005 0.523346
4 4 0.005221 0.186466 0.079483 0.000013 0.728818
4 1 0.013607 0.299319 0.067640 0.000001 0.619434
4 1 0.343552 0.231952 0.063863 0.001165 0.359468
4 1 0.117450 0.405141 0.070057 0.000014 0.407339
1 1 0.082219 0.431755 0.105376 0.000029 0.380620
4 0 0.214382 0.348900 0.052631 0.000059 0.384028
1 0 0.101909 0.519644 0.104783 0.000005 0.273659
1 0 0.306639 0.379177 0.068089 0.000191 0.245903
1 0 0.070792 0.513855 0.158240 0.000022 0.257092
1 0 0.168896 0.518160 0.113275 0.000023 0.199645
1 0 0.073321 0.425598 0.077083 0.000004 0.423995
4 0 0.138445 0.222068 0.042113 0.000139 0.597235
1 0 0.053743 0.498081 0.109928 0.000002 0.338247
1 0 0.069741 0.446313 0.177455 0.000238 0.306254
1 1 0.037336 0.493522 0.243690 0.000057 0.225395
4 1 0.022177 0.406862 0.154143 0.000012 0.416806
4 1 0.018883 0.411559 0.140965 0.000004 0.428589
1 0 0.211446 0.422266 0.099306 0.000256 0.266726
1 1 0.055951 0.479786 0.325625 0.000740 0.137898
1 1 0.085575 0.499211 0.257345 0.000514 0.157354
1 1 0.106419 0.365483 0.159027 0.004352 0.364719
1 1 0.126218 0.547531 0.116610 0.000007 0.209635
1 1 0.032216 0.447111 0.414288 0.000813 0.105572
1 1 0.022149 0.460130 0.318955 0.000103 0.198664
1 1 0.013219 0.471687 0.418665 0.000028 0.096402
1 1 0.008524 0.464431 0.418541 0.000010 0.108493
2 1 0.003216 0.382734 0.479866 0.000012 0.134171
2 1 0.004565 0.299761 0.634253 0.000658 0.060763
2 1 0.003502 0.272412 0.698630 0.000331 0.025125
2 1 0.001756 0.228971 0.736103 0.000483 0.032687
2 2 0.003210 0.275910 0.685068 0.000345 0.035467
2 2 0.002277 0.263981 0.698774 0.000205 0.034764
2 2 0.007422 0.324798 0.623070 0.000693 0.044017
2 2 0.003053 0.283916 0.667817 0.000278 0.044936
2 2 0.001594 0.222541 0.745665 0.000444 0.029756
2 2 0.003696 0.261307 0.711419 0.000576 0.023002
2 2 0.001020 0.207820 0.755868 0.000316 0.034976
1 2 0.055593 0.465460 0.446598 0.000656 0.031694
1 2 0.143971 0.473915 0.349822 0.002033 0.030259
1 2 0.181557 0.521073 0.261782 0.000327 0.035261
1 2 0.210661 0.518031 0.233002 0.000297 0.038009
0 2 0.755217 0.106295 0.046555 0.008470 0.083463
1 1 0.284105 0.464568 0.151127 0.000695 0.099503
0 0 0.561264 0.285571 0.073319 0.001283 0.078564
1 0 0.176250 0.518657 0.257761 0.000452 0.046879
1 0 0.139339 0.531464 0.265030 0.000339 0.063828
1 1 0.109310 0.442840 0.384164 0.008363 0.055322
1 1 0.222180 0.496045 0.077605 0.000008 0.204162
1 1 0.184686 0.461056 0.154207 0.000705 0.199347
1 1 0.301512 0.464230 0.079485 0.000030 0.154744
0 0 0.682661 0.044468 0.024174 0.003726 0.244970
0 0 0.657964 0.139799 0.032243 0.000605 0.169389
0 0 0.439631 0.242994 0.088809 0.004840 0.223726
1 0 0.130246 0.386550 0.117818 0.000690 0.364695
1 1 0.095670 0.453299 0.370835 0.005703 0.074492
2 2 0.037975 0.427758 0.436013 0.002487 0.095768
1 2 0.067850 0.497644 0.349867 0.000650 0.083990
2 2 0.023350 0.324825 0.624283 0.006948 0.020594
1 2 0.064152 0.417498 0.405671 0.007475 0.105204
2 2 0.031692 0.355890 0.593073 0.003385 0.015961
1 2 0.081657 0.447759 0.443425 0.002069 0.025090
1 2 0.158823 0.464752 0.321482 0.004525 0.050418
1 2 0.059629 0.447751 0.088800 0.000003 0.403817
4 1 0.070206 0.239309 0.023455 0.000001 0.667029
4 0 0.396297 0.094613 0.017615 0.000076 0.491400
1 0 0.073273 0.510467 0.145551 0.000017 0.270692
1 1 0.050016 0.406689 0.155874 0.000140 0.387282
2 1 0.011992 0.323415 0.599276 0.004249 0.061067
2 1 0.020743 0.317563 0.600750 0.016639 0.044305
2 1 0.092297 0.408224 0.421765 0.021118 0.056596
2 2 0.015860 0.340298 0.612646 0.002065 0.029132
2 2 0.003058 0.269438 0.698737 0.000298 0.028469
2 2 0.019519 0.364375 0.577957 0.001943 0.036206
2 2 0.052155 0.346560 0.551132 0.025809 0.024344
2 2 0.094729 0.412560 0.446518 0.012581 0.033611
1 1 0.113339 0.474094 0.392004 0.000977 0.019586
1 1 0.138429 0.471413 0.338850 0.003305 0.048004
2 2 0.002106 0.187139 0.798145 0.001767 0.010843
2 2 0.022105 0.307193 0.622735 0.018356 0.029610
2 2 0.001354 0.169185 0.821487 0.000767 0.007208
2 2 0.004904 0.211643 0.763165 0.005082 0.015205
2 2 0.001426 0.166544 0.823048 0.001018 0.007964
2 2 0.010719 0.189591 0.778957 0.015820 0.004914
2 2 0.004271 0.110243 0.870589 0.013083 0.001816
2 2 0.002717 0.090551 0.896172 0.009451 0.001108
2 2 0.018152 0.228769 0.720328 0.023963 0.008789
2 2 0.021554 0.243498 0.697293 0.027030 0.010626
2 2 0.006605 0.156711 0.822789 0.011008 0.002886
2 2 0.003498 0.069843 0.893650 0.031500 0.001509
2 2 0.010552 0.151872 0.803231 0.029426 0.004919
2 2 0.009778 0.182927 0.788069 0.014785 0.004441
2 2 0.019190 0.238260 0.709811 0.023409 0.009330
2 2 0.093119 0.399206 0.448494 0.021030 0.038152
1 2 0.131193 0.440563 0.379425 0.008513 0.040306
2 2 0.101463 0.428146 0.431673 0.007612 0.031106
1 2 0.311652 0.389210 0.213581 0.009388 0.076169
0 0 0.781592 0.039122 0.039122 0.081319 0.058846
1 0 0.405946 0.419255 0.120369 0.000509 0.053921
0 0 0.365324 0.341986 0.183383 0.015909 0.093399
0 0 0.525941 0.279127 0.096929 0.004806 0.093197
1 0 0.221512 0.466915 0.260043 0.002957 0.048573
1 1 0.252196 0.484322 0.224095 0.000815 0.038572
2 2 0.049559 0.375897 0.491036 0.021592 0.061916
1 2 0.158789 0.443050 0.338258 0.009950 0.049953
1 2 0.121244 0.468646 0.370902 0.002645 0.036563
1 2 0.199138 0.474685 0.282546 0.002339 0.041292
1 1 0.244371 0.456235 0.234203 0.003818 0.061373
1 1 0.319102 0.450100 0.053169 0.000005 0.177624
0 1 0.517451 0.193235 0.067382 0.003621 0.218311
0 1 0.545955 0.275761 0.024584 0.000020 0.153680
0 0 0.789687 0.041260 0.020680 0.003484 0.144888
0 0 0.916025 0.017561 0.011554 0.007136 0.047723
4 0 0.414378 0.023582 0.008958 0.000227 0.552855
0 0 0.540167 0.022768 0.008322 0.000237 0.428506
4 0 0.287761 0.106087 0.003151 0.000000 0.603001
4 2 0.118201 0.145461 0.002248 0.000000 0.734090
4 2 0.069674 0.148553 0.006559 0.000000 0.775213
4 2 0.000640 0.077172 0.008594 0.000000 0.913594
4 4 0.000262 0.034982 0.004921 0.000000 0.959835
4 4 0.000339 0.042802 0.006624 0.000000 0.950235
4 4 0.000570 0.037708 0.004038 0.000000 0.957684
4 4 0.000431 0.018195 0.002390 0.000000 0.978985
4 4 0.004664 0.052884 0.006506 0.000000 0.935946
4 4 0.002460 0.069524 0.004092 0.000000 0.923924
4 4 0.005556 0.025959 0.002212 0.000000 0.966273
4 4 0.003262 0.065223 0.004921 0.000000 0.926594
4 4 0.011331 0.006153 0.002804 0.000019 0.979693
4 4 0.003564 0.053120 0.002323 0.000000 0.940994
4 4 0.003947 0.013685 0.001136 0.000000 0.981232
4 4 0.004572 0.008245 0.000945 0.000000 0.986238
4 4 0.001565 0.028977 0.001612 0.000000 0.967846
4 4 0.001920 0.016038 0.000577 0.000000 0.981465
4 4 0.005334 0.015984 0.004932 0.000010 0.973741
4 4 0.002382 0.047709 0.009347 0.000001 0.940561
4 4 0.001626 0.081475 0.013982 0.000000 0.902916
4 4 0.003062 0.060520 0.011554 0.000002 0.924863
4 4 0.001230 0.104634 0.018722 0.000000 0.875413
4 4 0.001537 0.055509 0.011092 0.000000 0.931861
4 4 0.003059 0.024941 0.004225 0.000001 0.967773
4 4 0.003155 0.016962 0.004031 0.000002 0.975850
4 4 0.001285 0.131781 0.029248 0.000000 0.837687
4 4 0.000994 0.097531 0.034925 0.000000 0.866550
4 4 0.000397 0.149135 0.121155 0.000001 0.729312
4 4 0.000440 0.182678 0.092083 0.000000 0.724799
4 4 0.000371 0.186653 0.116908 0.000000 0.696068
4 4 0.000640 0.233722 0.140839 0.000000 0.624799
4 4 0.000739 0.094887 0.037736 0.000000 0.866638
4 4 0.000421 0.273007 0.353358 0.000001 0.373213
4 4 0.000450 0.261850 0.290766 0.000000 0.446933
1 4 0.001576 0.360035 0.301395 0.000001 0.336994
2 4 0.000200 0.185682 0.409959 0.000007 0.404152
4 4 0.000401 0.223396 0.360270 0.000005 0.415928
2 4 0.000162 0.213806 0.462742 0.000001 0.323289
2 4 0.000110 0.187652 0.540922 0.000003 0.271313
2 2 0.000099 0.181123 0.558321 0.000004 0.260453
2 2 0.000321 0.229287 0.509978 0.000007 0.260406
2 2 0.000265 0.193766 0.432523 0.000014 0.373432
1 2 0.068225 0.421404 0.096620 0.000014 0.413737
4 2 0.197871 0.339744 0.049239 0.000045 0.413102
0 0 0.632272 0.038618 0.023069 0.003954 0.302087
4 0 0.277620 0.172943 0.023871 0.000041 0.525525
4 0 0.236321 0.305507 0.019281 0.000001 0.438891
4 0 0.105687 0.034259 0.014210 0.000244 0.845600
1 0 0.038186 0.461691 0.076059 0.000000 0.424064
4 2 0.024259 0.233700 0.055936 0.000015 0.686090
4 2 0.015563 0.345580 0.107851 0.000003 0.531003
4 2 0.027248 0.380420 0.070023 0.000000 0.522308
4 0 0.240880 0.028897 0.017962 0.001444 0.710816
4 0 0.361792 0.057851 0.015701 0.000166 0.564489
4 0 0.104612 0.358653 0.034905 0.000001 0.501830
1 1 0.095818 0.403232 0.109497 0.000123 0.391330
4 1 0.064590 0.398465 0.121488 0.000088 0.415368
2 1 0.007218 0.295482 0.535234 0.005047 0.157018
2 1 0.004776 0.309166 0.593223 0.000717 0.092119
2 1 0.001526 0.252086 0.687868 0.000200 0.058320
2 1 0.003102 0.274177 0.652865 0.000727 0.069129
2 2 0.002005 0.280742 0.641766 0.000154 0.075333
2 2 0.001524 0.144372 0.843927 0.002090 0.008087
2 2 0.009469 0.262870 0.698276 0.007876 0.021508
2 2 0.000690 0.132075 0.856645 0.000778 0.009812
2 2 0.001278 0.179169 0.808675 0.000426 0.010452
2 2 0.001763 0.154792 0.833046 0.002151 0.008248
2 2 0.000939 0.111535 0.883237 0.000919 0.003370
2 2 0.001094 0.097586 0.894932 0.002851 0.003537
2 2 0.002265 0.146416 0.842179 0.003311 0.005829
2 2 0.000887 0.095395 0.898109 0.002165 0.003444
2 2 0.002132 0.130438 0.855747 0.004547 0.007137
2 2 0.003062 0.072343 0.901063 0.022239 0.001293
2 2 0.003836 0.080295 0.888477 0.025738 0.001654
2 2 0.003848 0.068274 0.886208 0.039985 0.001684
2 2 0.012450 0.133913 0.791449 0.056187 0.006001
2 2 0.005912 0.098243 0.859630 0.033564 0.002651
2 2 0.001104 0.034342 0.940920 0.023199 0.000436
2 2 0.003394 0.045714 0.864085 0.085320 0.001486
2 2 0.002876 0.046949 0.887406 0.061516 0.001253
2 3 0.004992 0.041030 0.779764 0.172150 0.002065
2 3 0.002632 0.034330 0.857918 0.104015 0.001105
2 3 0.040992 0.107214 0.504855 0.329056 0.017883
3 3 0.018211 0.037007 0.368908 0.568724 0.007151
3 3 0.010893 0.029892 0.441008 0.514030 0.004177
3 3 0.016737 0.026250 0.269323 0.681090 0.006600
3 3 0.009764 0.016116 0.251851 0.718675 0.003594
3 3 0.025311 0.025473 0.180314 0.758965 0.009937
3 3 0.007148 0.008832 0.165582 0.815990 0.002447
3 3 0.010661 0.012022 0.165662 0.807865 0.003791
3 3 0.018171 0.030129 0.300416 0.644311 0.006972
3 3 0.011811 0.008776 0.103233 0.872192 0.003988
3 3 0.002446 0.000738 0.021833 0.974441 0.000542
3 3 0.001206 0.000468 0.022728 0.975325 0.000273
3 3 0.007595 0.004310 0.066382 0.919449 0.002263
3 3 0.001229 0.000319 0.014355 0.983852 0.000245
3 3 0.008547 0.004766 0.067714 0.916417 0.002557
3 3 0.001260 0.000381 0.017283 0.980811 0.000265
3 3 0.001929 0.000648 0.022736 0.974252 0.000434
3 3 0.002543 0.000789 0.022866 0.973231 0.000570
3 3 0.001126 0.000411 0.020638 0.977576 0.000249
3 3 0.001271 0.000507 0.023925 0.974005 0.000292
3 3 0.004721 0.001627 0.032050 0.960450 0.001152
3 3 0.003419 0.000878 0.020400 0.974563 0.000739
3 3 0.002006 0.000507 0.016576 0.980498 0.000413
3 3 0.002084 0.000417 0.012815 0.984284 0.000400
3 3 0.001831 0.000513 0.018081 0.979188 0.000387
3 3 0.002963 0.000973 0.025754 0.969624 0.000685
3 3 0.002713 0.000562 0.014654 0.981533 0.000538
3 3 0.004070 0.000841 0.016864 0.977391 0.000833
3 3 0.004458 0.001058 0.020445 0.973079 0.000961
3 3 0.001692 0.000358 0.012675 0.984951 0.000325
3 3 0.000460 0.000092 0.007423 0.991948 0.000078
3 3 0.003880 0.001094 0.023741 0.970413 0.000873
3 3 0.000914 0.000201 0.010655 0.988061 0.000169
3 3 0.000261 0.000051 0.005953 0.993693 0.000042
3 3 0.001239 0.000267 0.011610 0.986650 0.000233
3 3 0.006686 0.001437 0.021012 0.969423 0.001443
3 3 0.001504 0.000160 0.005449 0.992658 0.000230
3 3 0.000714 0.000099 0.005691 0.993385 0.000112
3 3 0.001411 0.000222 0.008439 0.989685 0.000243
3 3 0.002395 0.000318 0.008352 0.988528 0.000408
3 3 0.001220 0.000214 0.009087 0.989265 0.000215
3 3 0.001160 0.000266 0.012156 0.986196 0.000222
3 3 0.000495 0.000080 0.006016 0.993330 0.000079
3 3 0.001363 0.000217 0.008434 0.989751 0.000235
3 3 0.000894 0.000180 0.009565 0.989200 0.000161
3 3 0.001058 0.000338 0.017327 0.981054 0.000223
3 3 0.001466 0.000443 0.018254 0.979525 0.000312
3 3 0.001083 0.000204 0.009466 0.989054 0.000193
3 3 0.001420 0.000361 0.014745 0.983190 0.000285
3 3 0.000723 0.000143 0.008650 0.990357 0.000127
3 3 0.000632 0.000085 0.005251 0.993935 0.000097
3 3 0.000468 0.000063 0.004693 0.994707 0.000070
3 3 0.001912 0.000363 0.011705 0.985661 0.000358
3 3 0.001779 0.000232 0.007353 0.990342 0.000294
3 3 0.000372 0.000057 0.005079 0.994435 0.000057
3 3 0.000506 0.000075 0.005425 0.993916 0.000079
3 3 0.001403 0.000200 0.007485 0.990679 0.000234
3 3 0.000788 0.000117 0.006408 0.992559 0.000127
3 3 0.000342 0.000047 0.004375 0.995185 0.000050
3 3 0.000769 0.000144 0.008342 0.990611 0.000133
3 3 0.001530 0.000180 0.006180 0.991868 0.000242
3 3 0.001415 0.000158 0.005644 0.992565 0.000218
3 3 0.001494 0.000171 0.005929 0.992173 0.000233
3 3 0.000626 0.000086 0.005410 0.993781 0.000097
3 3 0.000938 0.000114 0.005371 0.993433 0.000144
3 3 0.000373 0.000057 0.005054 0.994459 0.000057
3 3 0.001159 0.000215 0.009515 0.988904 0.000207
3 3 0.000658 0.000105 0.006542 0.992587 0.000107
3 3 0.000452 0.000050 0.003750 0.995684 0.000064
3 3 0.000757 0.000108 0.005998 0.993017 0.000120
3 3 0.000298 0.000035 0.003446 0.996180 0.000041
3 3 0.001588 0.000210 0.007180 0.990761 0.000261
3 3 0.001128 0.000149 0.006318 0.992225 0.000180
3 3 0.000486 0.000071 0.005312 0.994056 0.000075
3 3 0.000314 0.000045 0.004458 0.995136 0.000047
3 3 0.002483 0.000263 0.006515 0.990345 0.000395
3 3 0.001393 0.000188 0.006994 0.991197 0.000228
3 3 0.001525 0.000156 0.005243 0.992845 0.000230
3 3 0.002908 0.000378 0.008727 0.987488 0.000499
3 3 0.004474 0.000535 0.009232 0.984985 0.000775
3 3 0.000923 0.000110 0.005225 0.993601 0.000141
3 3 0.001160 0.000155 0.006516 0.991982 0.000187
3 3 0.001826 0.000308 0.010015 0.987523 0.000328
3 3 0.000930 0.000130 0.006313 0.992478 0.000149
3 3 0.000631 0.000098 0.006215 0.992955 0.000101
3 3 0.000908 0.000098 0.004610 0.994251 0.000134
3 3 0.001647 0.000187 0.006091 0.991816 0.000259
3 3 0.000471 0.000052 0.003771 0.995639 0.000066
3 3 0.001622 0.000243 0.008353 0.989504 0.000278
3 3 0.000616 0.000080 0.004984 0.994227 0.000093
3 3 0.000977 0.000142 0.006717 0.992006 0.000159
3 3 0.001191 0.000132 0.005263 0.993234 0.000181
3 3 0.002436 0.000271 0.006841 0.990059 0.000393
3 3 0.001724 0.000220 0.007083 0.990691 0.000282
3 3 0.002007 0.000261 0.007659 0.989737 0.000335
3 3 0.013095 0.004066 0.040385 0.939093 0.003360
3 3 0.069994 0.089146 0.292455 0.518265 0.030140
2 3 0.060946 0.309819 0.527736 0.068193 0.033305
2 2 0.086315 0.195974 0.576839 0.113611 0.027261
2 2 0.058104 0.295567 0.543328 0.071909 0.031093
2 2 0.072068 0.349717 0.477369 0.059998 0.040848
2 2 0.037928 0.328606 0.569791 0.031752 0.031922
2 2 0.053064 0.357838 0.481620 0.042203 0.065274
2 2 0.063072 0.366752 0.422036 0.048554 0.099586
2 2 0.077865 0.365637 0.413040 0.061195 0.082264
2 2 0.003654 0.266087 0.532896 0.002457 0.194905
2 2 0.005846 0.276770 0.447161 0.003868 0.266355
4 2 0.004912 0.218744 0.273770 0.003013 0.499560
4 4 0.017566 0.261518 0.245188 0.011246 0.464481
2 4 0.000983 0.213571 0.541942 0.000623 0.242881
4 4 0.001394 0.122035 0.081612 0.000022 0.794937
4 4 0.000971 0.096527 0.049641 0.000004 0.852857
4 4 0.001866 0.085684 0.055571 0.000187 0.856693
4 4 0.001751 0.062038 0.033838 0.000075 0.902298
4 4 0.003436 0.031833 0.015271 0.000109 0.949351
4 4 0.004364 0.074212 0.021554 0.000018 0.899851
4 4 0.006038 0.210559 0.046707 0.000000 0.736696
4 4 0.001235 0.075975 0.020950 0.000000 0.901840
4 4 0.003633 0.085627 0.036058 0.000045 0.874637
4 4 0.004451 0.014075 0.011296 0.000338 0.969839
4 4 0.001303 0.097239 0.050149 0.000009 0.851299
4 4 0.003002 0.076781 0.027536 0.000023 0.892659
4 4 0.009603 0.179945 0.054759 0.000012 0.755681
4 4 0.008500 0.025932 0.013940 0.000167 0.951462
4 4 0.006360 0.042500 0.008028 0.000005 0.943107
4 4 0.005497 0.009666 0.002015 0.000001 0.982821
4 4 0.002087 0.010731 0.002790 0.000002 0.984390
4 4 0.004953 0.004359 0.001461 0.000003 0.989224
4 4 0.000501 0.027516 0.004096 0.000000 0.967887
4 4 0.001204 0.018733 0.001307 0.000000 0.978756
4 4 0.000440 0.034120 0.005640 0.000000 0.959800
4 4 0.000958 0.030875 0.005506 0.000000 0.962660
4 4 0.001124 0.027434 0.004881 0.000000 0.966561
4 4 0.002057 0.009800 0.000751 0.000000 0.987392
4 4 0.001498 0.013505 0.001226 0.000000 0.983771
4 4 0.000482 0.011448 0.000746 0.000000 0.987324
4 4 0.006033 0.003806 0.000568 0.000000 0.989592
4 4 0.001981 0.006249 0.000832 0.000000 0.990937
4 4 0.001696 0.008649 0.001783 0.000001 0.987871
4 4 0.002660 0.007758 0.000820 0.000000 0.988761
4 4 0.036732 0.047866 0.027235 0.000841 0.887326
4 4 0.006582 0.217274 0.094712 0.000016 0.681416
4 4 0.008867 0.255798 0.141227 0.000077 0.594031
4 4 0.009299 0.228859 0.087908 0.000017 0.673918
4 4 0.015336 0.237637 0.092617 0.000071 0.654339
4 4 0.010531 0.290741 0.179544 0.000133 0.519052
4 4 0.016657 0.121188 0.035526 0.000130 0.826499
4 1 0.030750 0.348935 0.135368 0.000086 0.484860
4 1 0.008700 0.295564 0.110612 0.000004 0.585121
4 1 0.005949 0.273996 0.199034 0.000080 0.520941
4 1 0.010120 0.254187 0.110213 0.000028 0.625452
4 2 0.017462 0.294795 0.113096 0.000035 0.574612
4 2 0.019891 0.259255 0.086568 0.000041 0.634245
4 2 0.077373 0.324517 0.055795 0.000013 0.542302
4 0 0.325525 0.041441 0.026253 0.002917 0.603864
4 0 0.117694 0.029862 0.016428 0.000657 0.835359
4 0 0.018083 0.347415 0.164643 0.000058 0.469802
4 0 0.016647 0.320377 0.168852 0.000128 0.493996
4 1 0.012437 0.264550 0.146913 0.000191 0.575910
4 1 0.021118 0.341273 0.145300 0.000054 0.492255
4 1 0.004932 0.328318 0.311099 0.000066 0.355585
1 1 0.005665 0.415535 0.328899 0.000008 0.249893
2 4 0.005870 0.364619 0.373616 0.000073 0.255822
1 4 0.007231 0.417500 0.345062 0.000018 0.230189
4 4 0.015564 0.336818 0.282099 0.000992 0.364527
4 4 0.131312 0.186252 0.068714 0.001499 0.612222
4 1 0.058293 0.359122 0.201359 0.003826 0.377400
1 1 0.030806 0.434895 0.277319 0.000315 0.256665
1 1 0.052406 0.409252 0.315904 0.005200 0.217238
1 1 0.041808 0.440555 0.292550 0.000799 0.224289
1 1 0.036523 0.511606 0.342763 0.000098 0.109009
1 1 0.050383 0.436311 0.284373 0.001340 0.227593
4 1 0.172376 0.319310 0.105434 0.001115 0.401765
1 1 0.034654 0.431645 0.361245 0.001344 0.171112
1 1 0.041847 0.481731 0.351771 0.000399 0.124253
1 1 0.061851 0.408032 0.366607 0.012638 0.150873
1 1 0.035883 0.473129 0.341263 0.000332 0.149393
1 1 0.038461 0.426734 0.369319 0.002216 0.163271
2 1 0.020289 0.422741 0.457799 0.000578 0.098593
1 1 0.094165 0.448167 0.271553 0.003663 0.182452
2 1 0.003646 0.339026 0.500959 0.000100 0.156269
2 1 0.003826 0.354645 0.489675 0.000061 0.151792
1 2 0.017889 0.377257 0.375808 0.001388 0.227657
2 2 0.003633 0.303085 0.511982 0.000447 0.180854
2 2 0.004235 0.292270 0.568452 0.001226 0.133817
2 2 0.019296 0.404885 0.438386 0.000989 0.136446
1 2 0.031079 0.432642 0.389329 0.001160 0.145789
2 2 0.035013 0.377350 0.404146 0.011067 0.172424
2 2 0.010523 0.376226 0.503412 0.000532 0.109307
2 2 0.011919 0.435349 0.444208 0.000080 0.108444
2 2 0.000943 0.199545 0.745801 0.000680 0.053030
2 2 0.000575 0.198552 0.744792 0.000168 0.055913
2 2 0.001043 0.205199 0.734355 0.000748 0.058655
2 2 0.000984 0.209844 0.705275 0.000685 0.083213
2 2 0.003015 0.252960 0.657625 0.002169 0.084231
2 2 0.001277 0.207510 0.743235 0.000939 0.047039
2 2 0.001773 0.200588 0.757185 0.001656 0.038798
2 2 0.000354 0.161012 0.800930 0.000255 0.037450
2 2 0.001364 0.204438 0.755725 0.001023 0.037450
2 2 0.001685 0.232420 0.732903 0.000355 0.032637
2 1 0.097684 0.427955 0.438539 0.006735 0.029088
2 1 0.005575 0.273785 0.695495 0.001186 0.023958
2 1 0.009762 0.284485 0.656740 0.007710 0.041303
2 1 0.010283 0.289998 0.645339 0.008057 0.046323
2 2 0.001564 0.206020 0.758379 0.001191 0.032847
2 2 0.002248 0.176657 0.804961 0.002527 0.013606
2 2 0.003467 0.189794 0.789833 0.003930 0.012976
2 2 0.001092 0.175379 0.807043 0.000873 0.015613
2 2 0.001739 0.164176 0.816358 0.002206 0.015520
2 2 0.000498 0.108027 0.885323 0.000725 0.005427
2 2 0.001890 0.153680 0.832930 0.002526 0.008975
2 2 0.001526 0.166595 0.817897 0.001590 0.012392
2 2 0.000839 0.117981 0.872256 0.001436 0.007487
2 2 0.002582 0.172879 0.807422 0.003361 0.013755
2 2 0.001550 0.143929 0.842412 0.002318 0.009791
2 2 0.017860 0.245842 0.709128 0.018591 0.008579
2 2 0.022711 0.214737 0.739253 0.015308 0.007992
2 2 0.002951 0.133481 0.854673 0.005424 0.003470
2 2 0.010789 0.186568 0.776604 0.019006 0.007033
2 2 0.006948 0.182770 0.796574 0.009000 0.004707
2 2 0.002987 0.076984 0.893896 0.023474 0.002659
2 2 0.013016 0.196380 0.763959 0.020540 0.006105
2 2 0.012169 0.225561 0.754696 0.003278 0.004295
2 2 0.007745 0.134512 0.830956 0.023284 0.003502
2 2 0.004937 0.180244 0.798979 0.006962 0.008879
2 2 0.003869 0.085024 0.880732 0.027431 0.002944
