0 0 0.457103 0.334815 0.129469 0.002966 0.075647
1 0 0.224312 0.459072 0.188557 0.008704 0.119354
1 0 0.139313 0.549091 0.226613 0.004410 0.080573
1 1 0.138082 0.596199 0.184030 0.002839 0.078850
1 1 0.185504 0.419441 0.285554 0.030188 0.079313
1 1 0.276414 0.360782 0.233907 0.024122 0.104775
1 1 0.065459 0.619493 0.248079 0.001988 0.064982
1 1 0.029087 0.600202 0.303469 0.003718 0.063524
1 1 0.025244 0.593763 0.316111 0.003075 0.061807
1 1 0.018054 0.578226 0.332311 0.006319 0.065091
2 2 0.010460 0.243929 0.594333 0.141112 0.010166
2 2 0.014911 0.197942 0.545439 0.229876 0.011831
2 2 0.010418 0.147183 0.681896 0.151242 0.009260
2 2 0.018727 0.201193 0.590130 0.180002 0.009948
2 2 0.021406 0.117404 0.634531 0.214109 0.012550
3 2 0.020423 0.058626 0.351513 0.567411 0.002027
3 2 0.020511 0.059189 0.353404 0.563006 0.003889
3 3 0.026870 0.018675 0.317358 0.634374 0.002723
3 3 0.006940 0.031095 0.267983 0.691773 0.002210
3 3 0.023898 0.016152 0.229560 0.728543 0.001847
3 3 0.012739 0.006597 0.076880 0.901993 0.001791
3 3 0.006738 0.004858 0.059507 0.927696 0.001201
3 3 0.006305 0.005097 0.058206 0.928023 0.002370
3 3 0.012097 0.005157 0.053502 0.927896 0.001348
3 3 0.011257 0.014053 0.111186 0.861692 0.001811
2 2 0.049977 0.320252 0.535698 0.070109 0.023964
2 2 0.020067 0.415611 0.512882 0.027522 0.023917
2 2 0.088183 0.180499 0.656866 0.058252 0.016200
2 2 0.035461 0.293791 0.619116 0.031802 0.019830
2 2 0.015070 0.336466 0.615770 0.018970 0.013725
2 2 0.014426 0.058029 0.505152 0.417798 0.004595
2 2 0.011300 0.026817 0.498031 0.462754 0.001098
2 2 0.015869 0.058527 0.547353 0.375502 0.002749
2 3 0.023210 0.015957 0.498625 0.461672 0.000536
3 3 0.034484 0.017334 0.350233 0.595412 0.002536
3 3 0.015597 0.006873 0.045384 0.930989 0.001158
3 3 0.012845 0.005515 0.047795 0.932573 0.001272
3 3 0.014217 0.005821 0.051420 0.927369 0.001173
3 3 0.009397 0.004335 0.035186 0.950058 0.001024
3 3 0.013478 0.008913 0.036840 0.938782 0.001986
3 3 0.006732 0.006455 0.032308 0.953242 0.001263
3 3 0.008015 0.005845 0.029845 0.955112 0.001182
3 3 0.007775 0.004873 0.027208 0.959126 0.001018
3 3 0.006899 0.006943 0.022049 0.962821 0.001287
3 3 0.006516 0.004797 0.022477 0.965450 0.000760
3 3 0.007564 0.004879 0.023677 0.962992 0.000887
3 3 0.003778 0.003544 0.012262 0.979957 0.000460
3 3 0.009039 0.006693 0.026877 0.956365 0.001026
3 3 0.006493 0.002039 0.019321 0.971859 0.000288
3 3 0.005353 0.004068 0.012796 0.977374 0.000408
3 3 0.007729 0.006438 0.022533 0.962067 0.001233
3 3 0.009026 0.005318 0.026862 0.957855 0.000940
3 3 0.006820 0.003643 0.014054 0.975153 0.000331
3 3 0.004397 0.003778 0.018065 0.973283 0.000476
3 3 0.008579 0.005480 0.016607 0.968510 0.000825
3 3 0.005481 0.004301 0.014183 0.975504 0.000531
3 3 0.004790 0.005609 0.011814 0.977145 0.000642
3 3 0.004921 0.004998 0.012248 0.977293 0.000540
3 3 0.005423 0.005713 0.017883 0.970090 0.000891
3 3 0.005150 0.004592 0.014806 0.974911 0.000542
3 3 0.010183 0.010059 0.024675 0.953501 0.001582
3 3 0.006409 0.005776 0.015807 0.971264 0.000744
3 3 0.004274 0.003713 0.014909 0.976626 0.000478
3 3 0.006952 0.005484 0.019101 0.967559 0.000905
3 3 0.004959 0.004217 0.015592 0.974661 0.000572
3 3 0.006584 0.004857 0.012314 0.975785 0.000459
3 3 0.006593 0.004780 0.011886 0.976274 0.000468
3 3 0.006219 0.004987 0.012186 0.976068 0.000540
3 3 0.006006 0.006341 0.011259 0.975670 0.000724
3 3 0.013538 0.007794 0.014247 0.963685 0.000735
3 3 0.004289 0.002660 0.013410 0.979405 0.000237
3 3 0.007296 0.005796 0.013756 0.972473 0.000679
3 3 0.002723 0.004999 0.011404 0.980444 0.000431
3 3 0.003098 0.002796 0.013012 0.980788 0.000306
3 3 0.005076 0.004922 0.015406 0.974065 0.000530
3 3 0.008159 0.005954 0.011751 0.973500 0.000637
3 3 0.003785 0.005200 0.009653 0.980824 0.000539
3 3 0.005610 0.004590 0.010735 0.978621 0.000444
3 3 0.002413 0.003723 0.008431 0.985064 0.000369
3 3 0.003054 0.003779 0.007297 0.985613 0.000257
3 3 0.004974 0.005182 0.010645 0.978703 0.000495
3 3 0.002650 0.003579 0.009646 0.983796 0.000329
3 3 0.008193 0.006531 0.014917 0.969504 0.000855
3 3 0.010655 0.004721 0.010268 0.974031 0.000324
3 3 0.006668 0.006502 0.009098 0.977203 0.000529
3 3 0.004607 0.003638 0.011848 0.979576 0.000331
3 3 0.005440 0.005270 0.013962 0.974679 0.000649
3 3 0.006151 0.005276 0.013421 0.974479 0.000674
3 3 0.005061 0.003308 0.009975 0.981328 0.000328
3 3 0.005043 0.004231 0.014836 0.975493 0.000397
3 3 0.006326 0.005735 0.009425 0.978024 0.000490
3 3 0.007608 0.005494 0.016248 0.970163 0.000488
3 3 0.007523 0.004821 0.012704 0.974475 0.000477
3 3 0.006120 0.007605 0.014030 0.971330 0.000915
3 3 0.006855 0.004602 0.014320 0.973736 0.000487
3 3 0.005604 0.004871 0.011115 0.977896 0.000514
3 3 0.005826 0.004326 0.011004 0.978416 0.000428
3 3 0.005987 0.004008 0.010674 0.979012 0.000319
3 3 0.005554 0.005691 0.010589 0.977597 0.000568
3 3 0.008841 0.004429 0.013416 0.972850 0.000464
3 3 0.009020 0.005750 0.009853 0.974970 0.000407
3 3 0.008937 0.007141 0.009661 0.973671 0.000591
3 3 0.004777 0.004456 0.008065 0.982368 0.000335
3 3 0.010637 0.007025 0.010008 0.971792 0.000537
3 3 0.004895 0.005002 0.007285 0.982514 0.000304
3 3 0.028484 0.022491 0.080157 0.856826 0.012042
3 3 0.037640 0.043813 0.188497 0.716742 0.013309
3 3 0.019286 0.033899 0.228411 0.712290 0.006114
3 3 0.016357 0.025366 0.187344 0.764013 0.006920
3 3 0.033781 0.027071 0.219183 0.714200 0.005765
1 1 0.015705 0.461680 0.441606 0.004826 0.076183
1 1 0.012623 0.496041 0.401122 0.002033 0.088180
1 1 0.009532 0.520393 0.397339 0.001153 0.071582
1 1 0.013242 0.523712 0.369419 0.001116 0.092510
1 1 0.011740 0.488007 0.427374 0.000972 0.071907
1 1 0.023204 0.570322 0.338396 0.001344 0.066734
1 1 0.032932 0.554186 0.335706 0.000630 0.076545
1 1 0.044543 0.544073 0.347639 0.002189 0.061555
1 1 0.084141 0.430256 0.422024 0.001520 0.062059
1 1 0.095133 0.591210 0.220380 0.001122 0.092155
1 1 0.085342 0.610946 0.221258 0.003517 0.078937
1 1 0.146161 0.513523 0.251485 0.006188 0.082642
1 1 0.115256 0.531261 0.218301 0.008232 0.126951
0 0 0.385776 0.348528 0.143147 0.006639 0.115909
1 0 0.315023 0.482717 0.112159 0.001246 0.088856
1 0 0.400769 0.440561 0.089679 0.001117 0.067874
0 0 0.502489 0.365023 0.064535 0.001360 0.066594
0 0 0.835045 0.094940 0.009862 0.003278 0.056874
0 0 0.776794 0.151198 0.017193 0.002145 0.052670
1 0 0.427878 0.434167 0.084560 0.000891 0.052504
1 0 0.242542 0.563817 0.145419 0.000525 0.047698
1 0 0.156037 0.562590 0.238887 0.000477 0.042009
1 0 0.152740 0.614645 0.185571 0.000785 0.046259
1 0 0.173589 0.602609 0.178538 0.000401 0.044863
1 0 0.147721 0.619494 0.194366 0.000308 0.038111
1 0 0.149502 0.600796 0.190875 0.000490 0.058338
1 0 0.135107 0.599637 0.199022 0.000528 0.065706
1 0 0.154938 0.616460 0.189879 0.000318 0.038405
1 0 0.139862 0.618131 0.199077 0.000336 0.042594
1 0 0.123442 0.609572 0.208131 0.000464 0.058391
1 0 0.121826 0.625205 0.211926 0.000298 0.040746
1 0 0.130756 0.619861 0.205157 0.000335 0.043890
1 0 0.083817 0.630030 0.245335 0.000244 0.040573
1 0 0.082115 0.631290 0.247262 0.000233 0.039101
1 0 0.125255 0.619467 0.208856 0.000345 0.046077
1 0 0.079146 0.622162 0.249352 0.000291 0.049049
1 0 0.052789 0.621734 0.285263 0.000192 0.040022
1 0 0.089725 0.624733 0.238696 0.000293 0.046552
1 0 0.048768 0.612957 0.291098 0.000220 0.046957
1 0 0.039864 0.593959 0.304986 0.000276 0.060915
1 0 0.056653 0.594375 0.272687 0.000398 0.075888
1 0 0.080125 0.622409 0.248307 0.000292 0.048867
1 0 0.131326 0.592820 0.199813 0.000604 0.075437
1 0 0.064223 0.619001 0.267379 0.000263 0.049133
1 0 0.120733 0.600155 0.208441 0.000533 0.070137
1 0 0.111723 0.588962 0.211979 0.000646 0.086690
1 0 0.196770 0.543806 0.156868 0.001058 0.101498
1 0 0.152787 0.587753 0.186479 0.000628 0.072354
1 0 0.172463 0.543128 0.165824 0.001153 0.117431
1 0 0.155275 0.576453 0.182546 0.000756 0.084970
1 0 0.131643 0.616501 0.204154 0.000365 0.047337
1 0 0.230477 0.546063 0.146276 0.000850 0.076335
1 0 0.210284 0.568863 0.157608 0.000645 0.062599
1 0 0.235992 0.540792 0.143481 0.000894 0.078842
1 0 0.184358 0.576194 0.169245 0.000669 0.069533
1 0 0.387318 0.415930 0.086697 0.001841 0.108214
1 0 0.306566 0.484440 0.109353 0.003272 0.096370
0 0 0.528434 0.291594 0.049208 0.003104 0.127660
1 0 0.345422 0.466147 0.103255 0.001253 0.083922
1 0 0.240779 0.522419 0.137964 0.001150 0.097687
1 0 0.060660 0.606919 0.269959 0.000330 0.062131
1 0 0.030203 0.587690 0.330216 0.000195 0.051696
1 1 0.014998 0.533168 0.382423 0.000196 0.069215
1 1 0.010702 0.520207 0.413339 0.000134 0.055619
1 1 0.009590 0.516971 0.423748 0.000113 0.049578
1 1 0.011048 0.521044 0.410267 0.000140 0.057501
1 1 0.013377 0.524997 0.391162 0.000190 0.070275
1 1 0.015057 0.526370 0.378776 0.000229 0.079568
1 1 0.012098 0.523165 0.401328 0.000162 0.063247
1 1 0.010734 0.502458 0.418317 0.000165 0.068325
1 1 0.014721 0.526179 0.381172 0.000221 0.077707
1 1 0.016114 0.526730 0.371460 0.000255 0.085442
1 1 0.018242 0.526474 0.357634 0.000311 0.097339
1 1 0.019368 0.525883 0.350739 0.000342 0.103667
1 1 0.018997 0.526109 0.352981 0.000332 0.101580
1 1 0.045471 0.450202 0.226577 0.001574 0.276176
1 1 0.040586 0.481392 0.250294 0.001177 0.226550
1 1 0.037100 0.491661 0.264302 0.001007 0.205929
1 1 0.027782 0.514290 0.305693 0.000618 0.151618
4 4 0.043959 0.319647 0.171042 0.002985 0.462368
1 4 0.047585 0.458481 0.223940 0.001563 0.268431
4 4 0.046635 0.184221 0.089145 0.005932 0.674067
1 4 0.063673 0.396530 0.169865 0.002715 0.367217
1 4 0.046479 0.462286 0.227967 0.001498 0.261769
1 4 0.062867 0.399902 0.172405 0.002647 0.362179
1 4 0.041785 0.412072 0.221950 0.001805 0.322388
4 4 0.042804 0.333885 0.181358 0.002733 0.439219
1 4 0.060734 0.408697 0.179203 0.002473 0.348893
4 4 0.033392 0.231121 0.141463 0.003749 0.590275
4 4 0.080230 0.321527 0.120638 0.004453 0.473153
4 4 0.050238 0.216591 0.103157 0.005305 0.624710
4 4 0.031257 0.180211 0.108032 0.005854 0.674646
4 4 0.035136 0.151053 0.083191 0.005908 0.724711
1 4 0.034180 0.403043 0.232880 0.002767 0.327130
4 4 0.056557 0.364760 0.168460 0.002900 0.407323
1 4 0.016173 0.526740 0.371058 0.000256 0.085772
1 0 0.014133 0.525587 0.378324 0.000367 0.081590
1 0 0.008473 0.504356 0.430581 0.000237 0.056353
1 0 0.017769 0.526633 0.360612 0.000298 0.094688
1 0 0.028214 0.577776 0.334066 0.000221 0.059723
1 0 0.135681 0.448848 0.385315 0.001097 0.029060
1 0 0.123245 0.458925 0.386675 0.003117 0.028038
1 0 0.109092 0.491295 0.362655 0.003355 0.033603
2 0 0.084647 0.323968 0.564236 0.007037 0.020112
1 0 0.079286 0.501695 0.389302 0.004252 0.025465
1 0 0.185171 0.546578 0.204012 0.000764 0.063476
1 0 0.118179 0.541741 0.276799 0.002917 0.060364
1 0 0.345940 0.382813 0.209462 0.004327 0.057458
1 0 0.159943 0.587623 0.182283 0.000657 0.069494
1 0 0.126833 0.588268 0.200772 0.000718 0.083409
1 0 0.125770 0.570902 0.197263 0.000854 0.105212
1 0 0.093931 0.565039 0.217317 0.000978 0.122735
1 0 0.169046 0.556171 0.170895 0.000982 0.102906
1 0 0.204380 0.530056 0.149657 0.001432 0.114476
1 0 0.183611 0.565096 0.167109 0.000815 0.083368
1 0 0.105020 0.571532 0.211688 0.000823 0.110937
1 0 0.109229 0.584598 0.212577 0.000690 0.092907
1 0 0.089180 0.584531 0.229390 0.000646 0.096253
1 0 0.087956 0.574605 0.227250 0.000740 0.109448
1 0 0.166508 0.523439 0.162256 0.001454 0.146343
1 0 0.106196 0.577040 0.212562 0.000766 0.103436
1 0 0.028957 0.559917 0.324836 0.000333 0.085956
1 1 0.053500 0.579529 0.272915 0.000487 0.093570
1 1 0.079726 0.597795 0.243079 0.000490 0.078909
1 1 0.095811 0.585885 0.223786 0.000652 0.093867
1 1 0.031935 0.545752 0.308356 0.000474 0.113482
1 1 0.014371 0.525937 0.383711 0.000213 0.075768
1 1 0.033518 0.539709 0.300479 0.000544 0.125749
1 1 0.016170 0.526739 0.371078 0.000256 0.085756
1 1 0.009143 0.479812 0.433085 0.000262 0.077698
2 1 0.001476 0.296690 0.684274 0.000313 0.017247
2 1 0.001339 0.311350 0.659462 0.004020 0.023830
2 1 0.000925 0.280037 0.709962 0.000224 0.008851
2 1 0.000361 0.058412 0.936083 0.000268 0.004876
2 2 0.001006 0.207790 0.782199 0.000556 0.008450
2 2 0.000306 0.064013 0.931467 0.001510 0.002704
2 2 0.000596 0.083617 0.911336 0.000701 0.003750
2 2 0.000427 0.096489 0.898814 0.000709 0.003560
2 2 0.001502 0.185908 0.808371 0.000418 0.003802
2 2 0.008051 0.302624 0.675906 0.001303 0.012115
1 2 0.045250 0.611078 0.297560 0.000207 0.045905
1 2 0.006731 0.503525 0.455454 0.000065 0.034225
2 2 0.019339 0.394908 0.520684 0.000443 0.064626
1 2 0.015866 0.526590 0.372013 0.000272 0.085258
1 2 0.013621 0.540579 0.395432 0.000133 0.050235
2 2 0.002400 0.371935 0.605556 0.001926 0.018184
2 2 0.001976 0.332120 0.653896 0.000505 0.011502
2 2 0.000327 0.047008 0.947984 0.000335 0.004345
2 2 0.000556 0.080477 0.912595 0.000628 0.005743
2 2 0.000836 0.082190 0.912355 0.000079 0.004540
2 2 0.001855 0.119783 0.872480 0.000048 0.005835
2 2 0.002147 0.318185 0.670313 0.000132 0.009222
2 2 0.001428 0.384370 0.604010 0.000219 0.009974
2 2 0.000526 0.049243 0.947848 0.000175 0.002208
2 2 0.000267 0.048348 0.949373 0.000321 0.001691
2 2 0.000177 0.038082 0.956203 0.004826 0.000711
2 2 0.000258 0.021888 0.973521 0.003990 0.000343
2 2 0.000038 0.014353 0.983457 0.001703 0.000449
2 2 0.000353 0.041320 0.952631 0.004816 0.000880
2 2 0.000618 0.048471 0.947930 0.002094 0.000888
2 2 0.000416 0.064396 0.913754 0.019873 0.001562
2 2 0.000204 0.017716 0.969108 0.012097 0.000875
2 2 0.002013 0.093422 0.872933 0.029349 0.002283
2 2 0.000378 0.029331 0.963358 0.006359 0.000573
2 2 0.000485 0.048542 0.942513 0.007560 0.000901
2 2 0.000445 0.039155 0.890944 0.068660 0.000796
2 2 0.000374 0.032111 0.905546 0.060837 0.001133
2 2 0.001088 0.030037 0.850167 0.116136 0.002571
2 2 0.001466 0.025732 0.871242 0.100181 0.001379
2 2 0.021051 0.123968 0.802071 0.051062 0.001849
2 2 0.006031 0.047023 0.737693 0.206245 0.003008
2 2 0.010149 0.085326 0.731754 0.169064 0.003708
2 2 0.004981 0.020629 0.657412 0.314968 0.002011
2 2 0.016163 0.099503 0.611529 0.267912 0.004894
2 2 0.002916 0.077038 0.737657 0.179203 0.003186
2 2 0.000647 0.016037 0.914555 0.068314 0.000447
2 2 0.002413 0.031872 0.881348 0.083138 0.001228
2 2 0.007373 0.072941 0.773705 0.143839 0.002143
2 2 0.006783 0.105666 0.654353 0.226019 0.007180
2 2 0.003388 0.046369 0.688688 0.258979 0.002577
2 2 0.005960 0.056374 0.606391 0.326367 0.004908
2 2 0.005866 0.041408 0.681320 0.267440 0.003965
2 3 0.030599 0.100530 0.567819 0.295155 0.005898
3 3 0.017106 0.079043 0.428512 0.470990 0.004350
2 3 0.010607 0.048811 0.537276 0.397961 0.005345
2 3 0.001848 0.118926 0.845089 0.030758 0.003378
2 3 0.012743 0.172423 0.759066 0.049756 0.006012
2 3 0.004825 0.174706 0.788589 0.029392 0.002488
2 2 0.005448 0.121870 0.815644 0.049846 0.007192
2 2 0.003512 0.157459 0.830746 0.006431 0.001851
2 2 0.004494 0.053726 0.751876 0.184906 0.004997
2 2 0.000927 0.046920 0.902166 0.048654 0.001333
2 2 0.001097 0.040141 0.878645 0.077787 0.002330
2 2 0.000940 0.050521 0.838467 0.107537 0.002535
2 2 0.003299 0.046764 0.819389 0.126066 0.004483
2 2 0.000862 0.030973 0.863145 0.103689 0.001331
2 2 0.005561 0.030044 0.838062 0.125108 0.001225
2 2 0.005598 0.067401 0.547854 0.372200 0.006947
2 2 0.002968 0.032111 0.842242 0.121342 0.001337
2 2 0.000685 0.018336 0.906633 0.073981 0.000364
2 2 0.001205 0.043230 0.894897 0.060102 0.000566
2 2 0.004644 0.068020 0.860297 0.066237 0.000802
2 2 0.005051 0.079945 0.830721 0.083102 0.001182
2 2 0.002956 0.061755 0.752442 0.179656 0.003192
2 2 0.002052 0.030856 0.880651 0.085465 0.000977
2 2 0.008297 0.193698 0.772236 0.014173 0.011596
2 2 0.003456 0.379994 0.604381 0.003149 0.009020
2 2 0.001137 0.059813 0.932531 0.002243 0.004276
2 2 0.002984 0.259315 0.719149 0.006567 0.011985
2 2 0.004010 0.264893 0.717574 0.002799 0.010724
2 2 0.002027 0.136369 0.789899 0.064562 0.007143
2 2 0.000397 0.049977 0.921053 0.026463 0.002110
2 2 0.006590 0.171035 0.816064 0.003317 0.002994
2 2 0.002849 0.104790 0.879906 0.009456 0.002998
2 2 0.003455 0.140027 0.842893 0.010342 0.003283
2 2 0.002766 0.320735 0.660932 0.000845 0.014722
2 2 0.005551 0.395498 0.587632 0.000435 0.010883
2 2 0.001258 0.299531 0.690040 0.000857 0.008315
2 2 0.001153 0.262678 0.723082 0.001314 0.011774
2 2 0.000488 0.049920 0.943887 0.000888 0.004817
2 2 0.000104 0.021764 0.968120 0.009694 0.000318
2 2 0.003238 0.129093 0.854246 0.012204 0.001219
2 2 0.000898 0.034415 0.946073 0.018155 0.000459
2 2 0.000408 0.018194 0.969747 0.011377 0.000273
2 2 0.005729 0.245834 0.735207 0.010450 0.002780
2 2 0.004508 0.166209 0.824012 0.001793 0.003477
2 2 0.003212 0.302433 0.686691 0.002468 0.005196
2 2 0.000928 0.183180 0.799718 0.008585 0.007589
2 2 0.000495 0.051236 0.937425 0.006111 0.004733
2 2 0.000149 0.057627 0.939239 0.001799 0.001186
2 2 0.000371 0.014021 0.932210 0.053098 0.000300
2 2 0.000404 0.028441 0.878328 0.092386 0.000441
2 2 0.000453 0.015720 0.893034 0.090011 0.000782
2 2 0.001887 0.045192 0.793088 0.159120 0.000712
2 2 0.000216 0.011099 0.897382 0.090984 0.000319
2 2 0.000919 0.111226 0.884546 0.000358 0.002950
1 2 0.013737 0.507436 0.457229 0.000972 0.020627
2 2 0.002478 0.368400 0.608016 0.002296 0.018810
2 2 0.000737 0.090040 0.901375 0.001630 0.006218
2 2 0.001486 0.082377 0.912532 0.000828 0.002777
1 2 0.006770 0.525319 0.439193 0.001026 0.027692
2 2 0.007628 0.464220 0.484566 0.001701 0.041885
2 2 0.005078 0.382523 0.581615 0.001655 0.029128
1 2 0.012558 0.567123 0.375805 0.001517 0.042996
1 2 0.011407 0.543781 0.392986 0.001676 0.050151
2 2 0.002740 0.448399 0.531509 0.000120 0.017232
2 1 0.002638 0.375515 0.606554 0.000297 0.014996
2 1 0.002102 0.436120 0.539444 0.001132 0.021202
2 1 0.002534 0.435071 0.543390 0.000397 0.018607
2 1 0.002346 0.426738 0.549770 0.000407 0.020740
2 2 0.001219 0.100453 0.884361 0.007723 0.006244
2 2 0.002236 0.349724 0.640281 0.001364 0.006395
2 2 0.002153 0.256371 0.733107 0.001870 0.006498
2 2 0.000692 0.143209 0.836219 0.013931 0.005949
2 2 0.000826 0.141729 0.851266 0.002458 0.003720
1 2 0.011598 0.524687 0.439717 0.000983 0.023015
1 2 0.011211 0.567879 0.394230 0.000921 0.025758
2 2 0.010148 0.481187 0.482953 0.000745 0.024967
1 2 0.022596 0.503547 0.440044 0.001343 0.032471
1 0 0.029538 0.560742 0.375783 0.001307 0.032630
0 0 0.409408 0.360037 0.071978 0.002989 0.155587
0 0 0.842621 0.074488 0.022825 0.008153 0.051913
0 0 0.572355 0.211480 0.032096 0.005461 0.178607
0 0 0.712287 0.112387 0.012883 0.007426 0.155017
0 0 0.829620 0.061154 0.021770 0.013684 0.073772
0 0 0.902386 0.047553 0.006393 0.004913 0.038755
0 0 0.884141 0.057702 0.004655 0.003655 0.049848
0 0 0.748530 0.102496 0.011104 0.006726 0.131143
0 0 0.836623 0.075009 0.006866 0.004824 0.076678
0 0 0.830276 0.077173 0.007166 0.004971 0.080413
1 0 0.136195 0.535342 0.179882 0.001306 0.147275
1 0 0.063651 0.572347 0.254379 0.000627 0.108996
1 0 0.053011 0.561522 0.266605 0.000629 0.118233
1 0 0.094115 0.556734 0.215310 0.000954 0.132887
1 0 0.137220 0.521651 0.174649 0.001497 0.164984
0 0 0.469332 0.228148 0.056535 0.008455 0.237531
1 0 0.256973 0.391490 0.097991 0.003698 0.249848
1 0 0.344981 0.351574 0.075959 0.004050 0.223436
1 0 0.226553 0.425581 0.113055 0.003529 0.231282
1 0 0.313911 0.319471 0.070530 0.005351 0.290737
0 0 0.590201 0.132504 0.018605 0.009808 0.248883
0 0 0.562610 0.167548 0.024262 0.008263 0.237317
0 0 0.533510 0.226384 0.036220 0.005661 0.198224
0 0 0.496540 0.221671 0.036592 0.006696 0.238502
0 0 0.483876 0.221461 0.037006 0.006965 0.250692
1 0 0.076292 0.488514 0.191990 0.005247 0.237956
1 0 0.075090 0.526153 0.213852 0.002462 0.182443
1 0 0.065062 0.530972 0.233763 0.001169 0.169034
1 0 0.100982 0.532522 0.200647 0.001265 0.164583
1 0 0.092347 0.505530 0.191116 0.002778 0.208228
1 0 0.124743 0.485766 0.167726 0.001999 0.219765
1 0 0.084799 0.486202 0.185656 0.004470 0.238871
1 0 0.084125 0.542708 0.218890 0.001060 0.153216
1 0 0.116800 0.467121 0.161251 0.003432 0.251396
1 0 0.044878 0.507919 0.241857 0.003558 0.201788
1 0 0.116125 0.539136 0.192714 0.001231 0.150795
1 0 0.071630 0.554428 0.236960 0.000854 0.136127
1 0 0.118110 0.562943 0.199627 0.000942 0.118378
1 0 0.084404 0.559284 0.225116 0.000882 0.130314
1 0 0.094185 0.539722 0.208781 0.001148 0.156164
1 0 0.148285 0.498124 0.159445 0.002364 0.191782
1 0 0.192639 0.469795 0.133247 0.003591 0.200728
1 0 0.187955 0.521871 0.153851 0.001422 0.134901
1 0 0.186154 0.495634 0.143842 0.002699 0.171672
1 0 0.211074 0.518343 0.145398 0.001384 0.123801
1 0 0.078405 0.478697 0.196278 0.001784 0.244837
1 0 0.090903 0.506840 0.198016 0.001531 0.202710
1 0 0.061028 0.507263 0.229195 0.001243 0.201271
1 0 0.034397 0.529100 0.292409 0.000639 0.143455
1 0 0.032812 0.503048 0.282534 0.000816 0.180789
1 0 0.133987 0.527424 0.178308 0.001413 0.158867
1 0 0.269046 0.452905 0.113471 0.002232 0.162347
1 0 0.327315 0.349766 0.077279 0.004286 0.241354
1 0 0.272084 0.488980 0.122270 0.001505 0.115162
1 0 0.319126 0.387191 0.088088 0.003330 0.202265
1 0 0.313532 0.386006 0.088472 0.003414 0.208577
1 0 0.245168 0.493093 0.129412 0.001622 0.130704
1 0 0.318454 0.437931 0.101203 0.002125 0.140286
0 0 0.482672 0.293317 0.052129 0.003933 0.167949
1 0 0.378184 0.428077 0.090450 0.001677 0.101612
1 0 0.298763 0.413499 0.095658 0.004520 0.187560
1 0 0.340600 0.404920 0.088816 0.003444 0.162220
1 0 0.309625 0.492927 0.115333 0.001109 0.081006
1 0 0.261900 0.525771 0.133085 0.000950 0.078294
1 0 0.265978 0.527820 0.132425 0.000887 0.072891
1 0 0.068229 0.586856 0.253400 0.000531 0.090984
1 0 0.170749 0.486391 0.148573 0.002036 0.192251
1 0 0.044588 0.573187 0.287651 0.000450 0.094124
1 0 0.041869 0.573562 0.293843 0.000417 0.090310
1 1 0.045553 0.576557 0.286914 0.000435 0.090541
1 1 0.025485 0.545592 0.331515 0.000360 0.097048
1 1 0.011955 0.522911 0.402513 0.000159 0.062462
1 1 0.012307 0.523517 0.399614 0.000166 0.064394
1 1 0.012957 0.524477 0.394424 0.000180 0.067962
1 1 0.012600 0.523974 0.397253 0.000173 0.066000
2 1 0.007711 0.464283 0.498169 0.000076 0.029762
1 1 0.021202 0.565358 0.358533 0.000177 0.054730
1 1 0.007593 0.508546 0.444960 0.000078 0.038823
1 1 0.008353 0.512217 0.436437 0.000091 0.042902
1 1 0.006350 0.501404 0.459443 0.000066 0.032737
2 1 0.001575 0.399476 0.582409 0.000054 0.016486
2 2 0.001261 0.340824 0.637048 0.000313 0.020555
2 2 0.001617 0.291794 0.690622 0.000628 0.015339
2 2 0.001476 0.399289 0.587673 0.000173 0.011389
2 2 0.001198 0.342969 0.645544 0.000091 0.010199
2 2 0.000189 0.128285 0.869375 0.001104 0.001046
2 2 0.000363 0.129797 0.867984 0.000661 0.001195
2 2 0.000033 0.026792 0.972562 0.000400 0.000213
2 2 0.000142 0.035128 0.963345 0.000732 0.000652
2 2 0.000078 0.015051 0.984414 0.000210 0.000246
2 2 0.000217 0.045187 0.953557 0.000153 0.000886
2 2 0.000579 0.168492 0.827267 0.001361 0.002301
2 2 0.000217 0.033092 0.965727 0.000367 0.000598
2 2 0.000875 0.154736 0.842547 0.000279 0.001562
2 2 0.001226 0.162050 0.833879 0.000993 0.001851
2 2 0.000155 0.041875 0.954040 0.003174 0.000757
2 2 0.000283 0.025721 0.970372 0.002972 0.000653
2 2 0.000346 0.046775 0.951010 0.001312 0.000557
2 2 0.000126 0.051831 0.942545 0.004305 0.001193
2 2 0.000328 0.049125 0.924964 0.022496 0.003087
2 2 0.000109 0.029191 0.963301 0.006811 0.000588
2 2 0.000603 0.101372 0.877397 0.017976 0.002652
2 2 0.000433 0.057905 0.931203 0.008501 0.001958
2 2 0.000127 0.023730 0.962807 0.012516 0.000820
2 0 0.021260 0.216877 0.751612 0.008052 0.002199
2 0 0.002459 0.077935 0.908659 0.010488 0.000459
2 0 0.004787 0.084222 0.872619 0.037805 0.000567
2 0 0.006341 0.079185 0.843527 0.069118 0.001829
2 2 0.002330 0.078873 0.865054 0.052818 0.000924
2 2 0.003099 0.125019 0.824791 0.045497 0.001595
2 2 0.003069 0.032986 0.835437 0.127950 0.000558
2 3 0.005042 0.021317 0.603434 0.369455 0.000752
2 3 0.002445 0.025601 0.723884 0.247294 0.000777
3 3 0.007904 0.028260 0.416957 0.545399 0.001480
2 3 0.006078 0.023487 0.490717 0.478424 0.001294
3 3 0.003692 0.005172 0.248526 0.742161 0.000449
3 3 0.008990 0.009184 0.101649 0.879237 0.000940
3 3 0.006273 0.007902 0.160865 0.824373 0.000587
3 3 0.008291 0.007469 0.149360 0.833531 0.001349
3 3 0.006863 0.005320 0.116650 0.870386 0.000781
3 3 0.007842 0.004037 0.034745 0.952822 0.000553
3 3 0.006319 0.002575 0.032379 0.958282 0.000445
3 3 0.009755 0.005185 0.039083 0.945180 0.000797
3 3 0.006411 0.004253 0.031380 0.957329 0.000627
3 3 0.007271 0.003752 0.040677 0.947660 0.000641
3 3 0.007750 0.004332 0.037011 0.950222 0.000686
3 3 0.012180 0.005256 0.023831 0.958254 0.000479
3 3 0.003893 0.004552 0.015670 0.975375 0.000510
3 3 0.008762 0.005711 0.022376 0.962514 0.000637
3 3 0.006754 0.003895 0.022623 0.966224 0.000505
3 3 0.007394 0.004300 0.021095 0.966655 0.000556
3 3 0.003425 0.002755 0.015715 0.977777 0.000327
3 3 0.004817 0.004058 0.012155 0.978614 0.000356
3 3 0.005218 0.004912 0.021876 0.967282 0.000711
3 3 0.006705 0.005514 0.016415 0.970869 0.000496
3 3 0.004137 0.003866 0.016715 0.974908 0.000373
3 3 0.009886 0.005612 0.020411 0.963428 0.000664
3 3 0.004974 0.004643 0.013626 0.976342 0.000415
3 3 0.002539 0.002564 0.012763 0.981825 0.000309
3 3 0.009630 0.004458 0.017739 0.967642 0.000531
3 3 0.010410 0.007507 0.015752 0.965500 0.000832
3 3 0.006517 0.006167 0.011921 0.974808 0.000587
3 3 0.004509 0.005558 0.013925 0.975549 0.000460
3 3 0.004018 0.005894 0.010693 0.978775 0.000620
3 3 0.007130 0.006357 0.014246 0.971529 0.000738
3 3 0.006046 0.005916 0.009678 0.977938 0.000422
3 3 0.003026 0.004251 0.012480 0.979970 0.000274
3 3 0.005826 0.005099 0.017275 0.971078 0.000721
3 3 0.003227 0.003005 0.011941 0.981569 0.000258
3 3 0.005872 0.004613 0.017850 0.971037 0.000628
3 3 0.005050 0.006130 0.016476 0.971574 0.000771
3 3 0.005630 0.006559 0.013763 0.973387 0.000660
3 3 0.005621 0.004565 0.012920 0.976485 0.000409
3 3 0.004395 0.006318 0.012715 0.975975 0.000597
3 3 0.003414 0.004428 0.009092 0.982770 0.000296
3 3 0.008777 0.005456 0.015360 0.969880 0.000527
3 3 0.009345 0.008449 0.012364 0.969079 0.000763
3 3 0.004408 0.003398 0.007289 0.984722 0.000183
3 3 0.007281 0.008724 0.013287 0.969877 0.000832
3 3 0.003756 0.004788 0.009669 0.981456 0.000332
3 3 0.003317 0.004107 0.011311 0.980937 0.000329
3 3 0.003522 0.003917 0.009913 0.982274 0.000374
3 3 0.002470 0.003317 0.010038 0.983877 0.000297
3 3 0.003566 0.004353 0.011947 0.979763 0.000370
3 3 0.005324 0.005761 0.012136 0.976279 0.000501
3 3 0.007021 0.008354 0.010831 0.973116 0.000678
3 3 0.004436 0.005179 0.010638 0.979334 0.000413
3 3 0.005491 0.006303 0.008580 0.979248 0.000379
3 3 0.003178 0.002784 0.010990 0.982829 0.000218
3 3 0.007662 0.006084 0.012664 0.973190 0.000399
3 3 0.006929 0.006598 0.010652 0.975282 0.000540
3 3 0.006277 0.005713 0.010675 0.976961 0.000373
3 3 0.005775 0.007361 0.010162 0.976206 0.000495
3 3 0.007248 0.005653 0.012889 0.973602 0.000608
3 3 0.009889 0.005725 0.018195 0.965534 0.000658
3 3 0.032949 0.034542 0.070979 0.846949 0.014581
3 3 0.030136 0.064637 0.199434 0.695445 0.010348
2 2 0.074667 0.156799 0.422928 0.334205 0.011401
3 2 0.051511 0.060888 0.343329 0.539649 0.004623
3 2 0.023171 0.058337 0.279525 0.635476 0.003491
2 2 0.013001 0.082661 0.659445 0.236904 0.007989
2 2 0.021753 0.110002 0.572325 0.280002 0.015918
2 2 0.029240 0.053292 0.556830 0.351882 0.008756
2 2 0.028957 0.263906 0.670024 0.027208 0.009905
2 2 0.008289 0.097721 0.708193 0.178091 0.007706
2 2 0.000979 0.119881 0.845371 0.026209 0.007560
2 2 0.001124 0.127003 0.852350 0.010275 0.009248
2 2 0.000544 0.110743 0.875751 0.008612 0.004350
2 2 0.001087 0.212476 0.774739 0.001678 0.010020
2 2 0.003268 0.155904 0.835531 0.001672 0.003625
1 2 0.018405 0.526407 0.356621 0.000315 0.098252
1 1 0.024446 0.497665 0.319785 0.000600 0.157503
1 1 0.014663 0.430012 0.373966 0.000534 0.180825
1 1 0.043537 0.461320 0.228191 0.002227 0.264725
1 1 0.020587 0.524936 0.343553 0.000378 0.110546
1 1 0.038399 0.459000 0.228498 0.004655 0.269448
4 1 0.032480 0.350023 0.193788 0.010322 0.413387
1 0 0.111258 0.452520 0.161560 0.002451 0.272210
4 0 0.062797 0.308085 0.135413 0.004780 0.488926
4 0 0.025522 0.305396 0.199341 0.007633 0.462108
4 0 0.032602 0.145352 0.083023 0.005817 0.733206
4 0 0.024413 0.086206 0.051561 0.007238 0.830582
4 0 0.036344 0.125453 0.064884 0.007038 0.766282
4 0 0.042970 0.136138 0.064859 0.007325 0.748707
4 0 0.014021 0.041807 0.028546 0.008225 0.907401
4 0 0.045529 0.165776 0.079676 0.006432 0.702587
4 0 0.098764 0.246212 0.089414 0.006392 0.559218
4 0 0.076792 0.154084 0.062767 0.008424 0.697933
4 0 0.142401 0.329121 0.099843 0.005691 0.422943
4 0 0.066870 0.161862 0.069699 0.007643 0.693926
4 0 0.045398 0.258813 0.134138 0.004063 0.557587
4 0 0.045938 0.330707 0.172576 0.002925 0.447854
4 2 0.044448 0.328685 0.174784 0.002883 0.449201
4 4 0.048364 0.216164 0.105293 0.005186 0.624992
4 4 0.023520 0.151379 0.105895 0.004515 0.714690
4 4 0.006544 0.025153 0.023410 0.006916 0.937977
4 4 0.022377 0.056904 0.031997 0.009076 0.879646
4 4 0.009543 0.032369 0.025865 0.007548 0.924676
4 4 0.010959 0.035495 0.026809 0.007788 0.918949
4 4 0.035439 0.076748 0.035476 0.009905 0.842432
4 4 0.041189 0.361219 0.193964 0.003354 0.400273
1 4 0.025391 0.367296 0.241465 0.004558 0.361290
1 4 0.018864 0.385404 0.315324 0.000992 0.279416
4 4 0.029017 0.309956 0.209378 0.002272 0.449378
4 4 0.036297 0.337903 0.198003 0.002888 0.424910
4 4 0.017503 0.304319 0.244098 0.005549 0.428532
1 4 0.018052 0.474143 0.315644 0.004429 0.187732
1 4 0.021192 0.519122 0.325390 0.001056 0.133240
1 4 0.017051 0.491135 0.350818 0.000967 0.140029
1 4 0.017744 0.357294 0.284461 0.003325 0.337177
1 4 0.156706 0.499441 0.158250 0.001833 0.183769
1 4 0.036042 0.537327 0.292068 0.000604 0.133959
1 1 0.029459 0.506813 0.291070 0.001007 0.171651
1 1 0.030558 0.508400 0.292645 0.000724 0.167673
1 1 0.039439 0.484862 0.254829 0.001120 0.219750
1 1 0.038874 0.486540 0.257090 0.001092 0.216404
1 1 0.022104 0.522886 0.333554 0.000467 0.120988
1 1 0.017812 0.529442 0.361828 0.000284 0.090634
1 0 0.043316 0.508638 0.259561 0.000970 0.187516
1 0 0.041712 0.454514 0.404531 0.001284 0.097958
1 0 0.025896 0.517790 0.314987 0.000550 0.140778
1 0 0.026923 0.515937 0.309877 0.000586 0.146676
1 0 0.017446 0.526710 0.362673 0.000290 0.092881
1 0 0.015480 0.526557 0.375810 0.000239 0.081914
1 0 0.031105 0.505943 0.288260 0.000833 0.173859
1 0 0.054132 0.563755 0.265616 0.000621 0.115875
1 0 0.029327 0.543672 0.316013 0.000443 0.110544
1 0 0.145457 0.562526 0.179522 0.001613 0.110882
1 0 0.152047 0.589455 0.187241 0.000610 0.070648
1 0 0.220564 0.554889 0.151300 0.000780 0.072467
1 0 0.285862 0.451697 0.110073 0.002126 0.150241
1 0 0.306227 0.480357 0.113335 0.001374 0.098707
0 0 0.634953 0.301246 0.042887 0.000496 0.020419
0 0 0.634960 0.301240 0.042886 0.000496 0.020418
0 0 0.634960 0.301240 0.042886 0.000496 0.020418
1 0 0.415339 0.469626 0.090319 0.000378 0.024339
1 0 0.330158 0.525394 0.114954 0.000381 0.029113
1 1 0.028475 0.496865 0.277586 0.002619 0.194456
1 1 0.074585 0.501921 0.208320 0.001866 0.213308
1 1 0.040450 0.481809 0.250829 0.001170 0.225742
2 1 0.008053 0.424473 0.457312 0.000233 0.109929
2 1 0.007052 0.456208 0.470463 0.000129 0.066148
1 1 0.010084 0.482606 0.428702 0.000184 0.078424
2 1 0.007821 0.437883 0.461492 0.000192 0.092612
2 1 0.004582 0.415919 0.521132 0.000092 0.058275
1 1 0.007440 0.494111 0.453164 0.000090 0.045195
1 1 0.009026 0.514971 0.429374 0.000102 0.046527
1 1 0.008779 0.514010 0.431916 0.000098 0.045197
1 1 0.020814 0.558668 0.354587 0.000280 0.065652
1 1 0.009334 0.516095 0.426273 0.000108 0.048191
1 1 0.006428 0.500714 0.459837 0.000061 0.032960
1 1 0.008982 0.514804 0.429821 0.000102 0.046291
2 1 0.005386 0.461466 0.491497 0.000071 0.041579
1 1 0.012045 0.523072 0.401768 0.000161 0.062955
1 1 0.010218 0.518905 0.417767 0.000124 0.052986
2 1 0.004387 0.384887 0.547262 0.000107 0.063357
2 1 0.003379 0.392763 0.554259 0.000067 0.049532
2 1 0.002246 0.356718 0.586588 0.000160 0.054289
2 1 0.001581 0.304911 0.624127 0.000396 0.068984
2 2 0.001371 0.166053 0.798897 0.000204 0.033476
2 2 0.000219 0.110850 0.885199 0.000487 0.003245
2 2 0.000241 0.039890 0.957988 0.000321 0.001560
2 2 0.000189 0.079531 0.915130 0.001218 0.003932
2 2 0.007332 0.449993 0.533140 0.000294 0.009241
2 2 0.000312 0.040672 0.955896 0.000139 0.002980
2 2 0.000135 0.024932 0.972883 0.000663 0.001387
2 2 0.000123 0.047934 0.949451 0.001077 0.001416
2 2 0.000110 0.048507 0.949156 0.000307 0.001920
2 2 0.000153 0.069651 0.926916 0.000546 0.002734
2 2 0.001431 0.106399 0.870466 0.004210 0.017493
2 2 0.000203 0.060873 0.938082 0.000203 0.000639
2 2 0.000775 0.054651 0.939255 0.001897 0.003422
2 2 0.000141 0.040658 0.953374 0.005068 0.000759
2 2 0.000167 0.079381 0.915741 0.002686 0.002026
2 2 0.000116 0.019331 0.979866 0.000344 0.000343
2 2 0.000400 0.025388 0.970763 0.002616 0.000833
2 2 0.000097 0.046437 0.948462 0.003978 0.001026
2 2 0.000131 0.026325 0.971653 0.001324 0.000567
2 2 0.000085 0.020372 0.973948 0.004919 0.000676
2 2 0.000291 0.084369 0.910680 0.002805 0.001855
2 2 0.001092 0.156745 0.825499 0.013439 0.003225
2 2 0.000397 0.043662 0.949722 0.005525 0.000693
2 2 0.000347 0.026109 0.965556 0.007406 0.000583
2 2 0.000240 0.044226 0.944718 0.009881 0.000935
2 2 0.006080 0.167107 0.776667 0.046101 0.004045
2 2 0.016449 0.203140 0.729137 0.040953 0.010321
2 2 0.005049 0.113469 0.871371 0.005464 0.004647
2 2 0.013129 0.260247 0.661593 0.053950 0.011080
2 2 0.013171 0.296536 0.667291 0.012664 0.010339
2 2 0.004978 0.061659 0.903744 0.024156 0.005463
2 2 0.000250 0.026745 0.960932 0.009912 0.002161
2 2 0.000909 0.056085 0.894502 0.043287 0.005218
2 2 0.000195 0.037436 0.958408 0.002363 0.001598
2 2 0.000965 0.053645 0.933952 0.006622 0.004816
2 2 0.000819 0.040476 0.947694 0.008805 0.002205
2 2 0.002133 0.111022 0.867566 0.013126 0.006154
2 2 0.002033 0.067187 0.925955 0.002538 0.002287
2 2 0.001502 0.065840 0.924598 0.005385 0.002676
2 2 0.031018 0.195656 0.681687 0.064060 0.027579
2 2 0.002276 0.113391 0.835024 0.031694 0.017615
2 2 0.001850 0.115474 0.831424 0.042636 0.008616
2 2 0.000934 0.089410 0.850842 0.050745 0.008069
2 2 0.000189 0.026218 0.968041 0.005004 0.000548
2 2 0.000198 0.028200 0.953777 0.015083 0.002742
2 2 0.000160 0.027819 0.964855 0.006062 0.001104
2 2 0.001580 0.064234 0.928088 0.004060 0.002037
2 2 0.017479 0.181032 0.776538 0.015822 0.009129
2 2 0.018178 0.153034 0.816489 0.007300 0.004999
2 2 0.014141 0.379967 0.578793 0.014363 0.012735
2 1 0.121415 0.350438 0.484042 0.013307 0.030798
2 1 0.003715 0.347309 0.631442 0.000331 0.017204
2 1 0.002317 0.356987 0.624050 0.001094 0.015553
2 1 0.002104 0.354306 0.625360 0.000753 0.017478
2 1 0.001750 0.239018 0.747968 0.000519 0.010745
2 2 0.001065 0.218614 0.758808 0.005754 0.015759
2 2 0.000115 0.032049 0.954428 0.012601 0.000807
2 2 0.000092 0.021627 0.971457 0.006257 0.000567
2 2 0.000330 0.026470 0.959779 0.012902 0.000519
2 2 0.000311 0.049827 0.941048 0.008199 0.000615
2 2 0.000566 0.036037 0.947086 0.015688 0.000622
1 2 0.032693 0.556431 0.310234 0.000443 0.100200
1 2 0.085019 0.591274 0.235571 0.000568 0.087569
1 2 0.015741 0.554277 0.367140 0.000672 0.062169
1 2 0.013193 0.540749 0.387951 0.000334 0.057772
1 2 0.051293 0.587849 0.274661 0.000669 0.085527
1 1 0.032466 0.609836 0.312201 0.000680 0.044817
1 0 0.203725 0.435955 0.275334 0.008761 0.076225
1 0 0.103527 0.612091 0.218352 0.000838 0.065191
1 0 0.074563 0.609025 0.253409 0.000943 0.062061
1 0 0.188507 0.521462 0.247875 0.001728 0.040428
1 0 0.038159 0.579941 0.303881 0.000377 0.077642
1 1 0.009182 0.517959 0.417329 0.000275 0.055255
1 1 0.011623 0.527023 0.401625 0.000220 0.059509
1 1 0.037060 0.567558 0.303326 0.000401 0.091655
1 1 0.015416 0.525198 0.363744 0.000619 0.095024
1 1 0.007441 0.470361 0.461718 0.000121 0.060358
2 1 0.005867 0.402835 0.492391 0.000215 0.098692
2 1 0.004025 0.382832 0.539797 0.000109 0.073236
2 1 0.008595 0.444324 0.450078 0.000211 0.096793
2 1 0.008681 0.432622 0.447633 0.000253 0.110811
1 1 0.013877 0.502042 0.390969 0.000257 0.092855
1 1 0.015489 0.460568 0.374457 0.000446 0.149040
1 1 0.008908 0.456157 0.445445 0.000197 0.089293
1 1 0.028484 0.512879 0.302324 0.000644 0.155669
1 1 0.023209 0.513061 0.328396 0.000495 0.134839
4 1 0.039523 0.270209 0.152468 0.003494 0.534306
4 1 0.031962 0.249204 0.148152 0.006905 0.563777
4 1 0.061349 0.297092 0.130435 0.004178 0.506946
4 1 0.043507 0.301456 0.158538 0.004181 0.492318
4 4 0.020924 0.054451 0.031492 0.008953 0.884180
4 4 0.027158 0.275532 0.253795 0.034269 0.409246
4 4 0.032556 0.124957 0.131813 0.019597 0.691077
4 4 0.022795 0.303884 0.221518 0.014326 0.437477
1 4 0.033971 0.426054 0.211349 0.015035 0.313592
4 4 0.040783 0.312034 0.155040 0.011472 0.480671
4 4 0.016954 0.047405 0.029928 0.008569 0.897145
4 4 0.010783 0.035115 0.026698 0.007760 0.919645
4 4 0.035199 0.093419 0.045468 0.009141 0.816773
4 4 0.031940 0.078098 0.038648 0.009181 0.842134
4 4 0.018675 0.049169 0.030166 0.008799 0.893191
4 4 0.009988 0.033367 0.026173 0.007626 0.922847
4 4 0.017126 0.047724 0.030002 0.008587 0.896560
4 4 0.017040 0.047565 0.029965 0.008578 0.896852
4 4 0.018006 0.049327 0.030372 0.008679 0.893615
4 4 0.062358 0.164169 0.064995 0.007876 0.700602
4 4 0.013475 0.040720 0.028262 0.008154 0.909389
4 4 0.033420 0.087442 0.043403 0.008732 0.827003
4 4 0.074103 0.293826 0.115035 0.004785 0.512252
4 4 0.064429 0.174726 0.069282 0.007564 0.683998
4 4 0.066382 0.297353 0.124538 0.004394 0.507334
4 4 0.013951 0.041669 0.028511 0.008216 0.907653
4 4 0.013671 0.036516 0.026471 0.008388 0.914955
4 4 0.036266 0.071239 0.033917 0.010172 0.848407
4 4 0.039842 0.065778 0.031982 0.010707 0.851690
4 4 0.019932 0.042005 0.027296 0.009321 0.901447
4 4 0.017076 0.047632 0.029981 0.008582 0.896729
4 4 0.044875 0.188982 0.094046 0.005649 0.666449
4 4 0.019474 0.051940 0.030954 0.008822 0.888810
4 4 0.009815 0.032981 0.026055 0.007596 0.923554
4 4 0.017142 0.047752 0.030009 0.008589 0.896508
4 4 0.027167 0.121418 0.072949 0.007256 0.771210
4 4 0.028229 0.216226 0.136868 0.006759 0.611919
4 4 0.027584 0.155935 0.096762 0.006966 0.712754
4 4 0.017322 0.140605 0.103073 0.014356 0.724644
4 4 0.016067 0.215295 0.177497 0.008777 0.582364
4 4 0.024431 0.190490 0.135953 0.003712 0.645415
4 4 0.025068 0.142453 0.094748 0.004975 0.732756
4 4 0.028915 0.310360 0.193132 0.006351 0.461242
4 4 0.022373 0.228170 0.175488 0.002841 0.571129
4 4 0.022177 0.276490 0.206303 0.003930 0.491099
1 4 0.045010 0.399250 0.344216 0.005369 0.206155
1 4 0.017023 0.515745 0.327881 0.003548 0.135803
1 4 0.011053 0.520672 0.372077 0.002898 0.093300
1 4 0.008286 0.484596 0.401335 0.003771 0.102012
1 4 0.014100 0.516891 0.349223 0.003052 0.116734
1 4 0.034760 0.498295 0.274238 0.000899 0.191808
1 4 0.018128 0.509718 0.358998 0.000361 0.112795
1 1 0.010569 0.500589 0.420298 0.000164 0.068380
1 1 0.017487 0.460558 0.357619 0.000525 0.163811
1 1 0.023714 0.489233 0.322291 0.000617 0.164144
2 1 0.005770 0.395462 0.525612 0.006064 0.067092
2 1 0.009818 0.384649 0.515415 0.007827 0.082291
2 1 0.013862 0.291757 0.614291 0.021592 0.058498
2 1 0.007302 0.361258 0.586418 0.004203 0.040820
2 2 0.010132 0.384458 0.501636 0.016292 0.087482
1 2 0.010237 0.502951 0.422771 0.000150 0.063891
1 2 0.014210 0.497315 0.387146 0.000307 0.101022
1 2 0.009296 0.460236 0.422131 0.000667 0.107670
2 2 0.007391 0.414351 0.467435 0.000225 0.110598
1 2 0.009968 0.504752 0.424725 0.000140 0.060416
1 2 0.006339 0.476999 0.445127 0.001071 0.070464
1 2 0.010989 0.472643 0.387825 0.001746 0.126797
1 2 0.015323 0.483856 0.379051 0.000357 0.121414
2 2 0.006515 0.422889 0.446936 0.001547 0.122113
1 2 0.015866 0.492053 0.375089 0.000349 0.116644
1 2 0.010345 0.494372 0.423815 0.000169 0.071298
2 2 0.003546 0.437859 0.509786 0.000512 0.048297
2 2 0.005241 0.359303 0.523277 0.003196 0.108984
1 2 0.011785 0.468595 0.459171 0.000468 0.059981
1 2 0.007070 0.497847 0.447552 0.000188 0.047343
2 1 0.040060 0.235323 0.677947 0.028131 0.018539
2 1 0.027154 0.240605 0.713408 0.003972 0.014861
2 1 0.019161 0.246595 0.712686 0.003839 0.017718
2 1 0.007610 0.408882 0.556929 0.002711 0.023868
2 1 0.006495 0.315173 0.649715 0.003785 0.024832
2 1 0.004796 0.354361 0.613379 0.001524 0.025940
