0 4 0.773942 0.029150 0.002738 0.000024 0.194147
0 4 0.519337 0.190954 0.007271 0.000004 0.282434
0 4 0.541203 0.157814 0.005748 0.000003 0.295231
0 4 0.726108 0.054681 0.005113 0.000038 0.214060
0 4 0.686585 0.071605 0.004388 0.000011 0.237411
0 4 0.398365 0.305995 0.016406 0.000012 0.279221
0 4 0.440568 0.275614 0.009891 0.000004 0.273924
0 4 0.390983 0.296082 0.010569 0.000004 0.302362
0 4 0.398438 0.279576 0.010243 0.000004 0.311740
0 4 0.516593 0.214321 0.008248 0.000005 0.260832
0 4 0.442382 0.301000 0.030386 0.000097 0.226135
1 4 0.337084 0.408801 0.035370 0.000063 0.218681
0 4 0.447385 0.362583 0.026067 0.000056 0.163909
0 4 0.410638 0.404983 0.033031 0.000086 0.151262
0 4 0.525384 0.333458 0.030052 0.000159 0.110947
0 4 0.500192 0.375348 0.047452 0.000585 0.076422
0 4 0.600129 0.311454 0.032625 0.000455 0.055337
0 4 0.476033 0.387690 0.039564 0.000259 0.096454
0 0 0.857208 0.100549 0.008867 0.000238 0.033138
0 1 0.650741 0.270161 0.021298 0.000190 0.057611
1 1 0.248287 0.573359 0.062752 0.000199 0.115403
1 1 0.400854 0.448868 0.043507 0.000197 0.106574
1 1 0.324051 0.497363 0.055756 0.000235 0.122594
1 1 0.358653 0.494739 0.061022 0.000452 0.085134
1 2 0.412837 0.417696 0.051863 0.000358 0.117245
2 2 0.052284 0.390132 0.525474 0.002039 0.030071
2 2 0.067148 0.273224 0.642125 0.005647 0.011855
2 2 0.068666 0.325161 0.583117 0.003203 0.019853
2 2 0.052404 0.306135 0.616626 0.002439 0.022395
2 2 0.094281 0.355953 0.528523 0.004772 0.016471
2 2 0.052447 0.198402 0.718450 0.014438 0.016264
2 2 0.017904 0.120577 0.828183 0.026535 0.006800
2 2 0.083428 0.267769 0.624291 0.010232 0.014280
2 2 0.028146 0.150437 0.799656 0.014649 0.007112
2 2 0.013627 0.085842 0.872048 0.024100 0.004384
2 2 0.012922 0.064497 0.884588 0.034476 0.003517
2 2 0.005137 0.085025 0.889554 0.014554 0.005731
2 2 0.014697 0.070716 0.877896 0.032586 0.004105
2 3 0.015816 0.079029 0.861996 0.038204 0.004955
2 2 0.014591 0.073995 0.873326 0.033803 0.004285
2 3 0.007990 0.025566 0.597530 0.366061 0.002853
2 3 0.021021 0.035502 0.660016 0.279152 0.004309
2 3 0.009102 0.025954 0.587537 0.373859 0.003548
2 3 0.009298 0.028376 0.671626 0.287061 0.003639
2 3 0.006550 0.020425 0.704466 0.266073 0.002485
2 3 0.009612 0.022099 0.505099 0.459205 0.003985
2 3 0.015245 0.017830 0.483218 0.480226 0.003482
2 3 0.023395 0.020240 0.520471 0.432645 0.003248
3 3 0.013059 0.013566 0.383935 0.586629 0.002811
2 3 0.013526 0.029026 0.499617 0.451994 0.005837
3 3 0.003651 0.004250 0.223403 0.767829 0.000867
3 3 0.004168 0.004147 0.164698 0.825983 0.001004
3 3 0.005029 0.004585 0.171143 0.818126 0.001117
3 3 0.003547 0.004101 0.162483 0.828838 0.001031
3 3 0.005209 0.004484 0.215435 0.773970 0.000903
3 3 0.001221 0.001878 0.138720 0.857807 0.000373
3 3 0.003113 0.003216 0.156145 0.836812 0.000714
3 3 0.001677 0.002608 0.142479 0.852629 0.000606
3 3 0.002666 0.002862 0.143762 0.850071 0.000639
3 3 0.001678 0.003365 0.161427 0.832663 0.000867
3 3 0.002718 0.003601 0.171622 0.821221 0.000838
3 3 0.003715 0.003936 0.177989 0.813471 0.000890
3 3 0.005690 0.005279 0.179724 0.807965 0.001342
3 3 0.003904 0.003736 0.164935 0.826577 0.000848
3 3 0.006533 0.006177 0.168148 0.817347 0.001796
3 3 0.002266 0.004466 0.207711 0.784463 0.001094
3 3 0.004040 0.005193 0.255196 0.734480 0.001092
3 3 0.003005 0.006094 0.276746 0.712974 0.001181
3 3 0.001573 0.003671 0.193060 0.800796 0.000901
3 3 0.002236 0.005054 0.242954 0.748523 0.001233
3 3 0.000694 0.002575 0.158975 0.837088 0.000668
3 3 0.001422 0.002273 0.159863 0.835986 0.000456
3 3 0.000450 0.000973 0.115124 0.883284 0.000168
3 3 0.000816 0.001732 0.140258 0.856843 0.000352
3 3 0.001050 0.001886 0.143693 0.852991 0.000380
3 3 0.003445 0.004715 0.196843 0.793842 0.001155
3 3 0.003875 0.003862 0.191457 0.799997 0.000809
3 3 0.003141 0.005333 0.181354 0.808638 0.001535
3 3 0.002981 0.003562 0.157992 0.834610 0.000855
3 3 0.002839 0.003616 0.149759 0.842865 0.000921
3 3 0.001859 0.002648 0.121777 0.873037 0.000680
3 3 0.000614 0.001282 0.112747 0.885099 0.000258
3 3 0.001313 0.002726 0.150373 0.844922 0.000666
3 3 0.000366 0.000921 0.111092 0.887457 0.000164
3 3 0.000788 0.001338 0.106907 0.890694 0.000273
2 3 0.046015 0.087384 0.672196 0.181225 0.013180
2 3 0.051238 0.191591 0.651198 0.083442 0.022532
2 2 0.044387 0.170389 0.684637 0.079659 0.020928
2 3 0.039852 0.179637 0.702949 0.057570 0.019992
2 3 0.037295 0.172440 0.719647 0.052831 0.017786
2 3 0.063250 0.294523 0.605792 0.013622 0.022813
2 3 0.079445 0.303778 0.581271 0.012789 0.022716
2 2 0.104537 0.304211 0.547731 0.016005 0.027515
2 2 0.039830 0.255060 0.667511 0.018638 0.018962
2 2 0.032491 0.230843 0.699752 0.019457 0.017458
2 2 0.063257 0.297467 0.613023 0.005826 0.020426
2 2 0.046131 0.404009 0.512266 0.008086 0.029507
2 2 0.048396 0.306157 0.618071 0.009431 0.017946
2 2 0.091033 0.327654 0.554196 0.007912 0.019204
2 2 0.038735 0.383967 0.546089 0.007256 0.023952
2 2 0.153420 0.384735 0.428073 0.007640 0.026132
1 2 0.170656 0.502215 0.283147 0.004755 0.039227
1 2 0.223267 0.465217 0.269939 0.004930 0.036647
2 2 0.104114 0.413651 0.454145 0.005001 0.023089
1 2 0.130834 0.518126 0.312509 0.004052 0.034479
2 2 0.126746 0.363691 0.479271 0.006895 0.023397
2 2 0.087407 0.372221 0.507438 0.007358 0.025576
1 2 0.125816 0.538854 0.286596 0.004698 0.044036
2 2 0.118705 0.387037 0.466879 0.005495 0.021885
2 2 0.116499 0.406827 0.442419 0.006472 0.027784
2 2 0.107216 0.372318 0.498065 0.004688 0.017713
2 2 0.081079 0.421170 0.464905 0.005805 0.027040
2 2 0.071430 0.362565 0.545706 0.004353 0.015946
1 2 0.068725 0.559273 0.340164 0.002777 0.029060
1 2 0.081362 0.449515 0.439350 0.004510 0.025263
2 2 0.093975 0.272991 0.612860 0.006651 0.013523
2 2 0.081327 0.325461 0.568086 0.006685 0.018441
2 2 0.124473 0.345847 0.503125 0.006460 0.020095
2 2 0.128005 0.365871 0.480990 0.005490 0.019644
1 2 0.199458 0.408972 0.362532 0.004817 0.024221
2 2 0.103709 0.373812 0.493180 0.006372 0.022927
2 2 0.079929 0.399036 0.495082 0.004903 0.021049
1 2 0.189971 0.423423 0.359187 0.004226 0.023194
2 2 0.136065 0.405043 0.432484 0.004762 0.021647
1 2 0.172919 0.402070 0.397206 0.004939 0.022865
1 2 0.169827 0.626159 0.148292 0.002426 0.053296
1 2 0.303427 0.529451 0.110726 0.002611 0.053785
1 2 0.265762 0.561236 0.117470 0.002432 0.053101
1 2 0.317684 0.538102 0.094592 0.001853 0.047768
1 2 0.345634 0.510344 0.092840 0.002081 0.049100
1 2 0.197118 0.431851 0.334745 0.005491 0.030795
2 2 0.246734 0.349833 0.368718 0.007594 0.027120
1 2 0.212174 0.508911 0.237155 0.003832 0.037928
1 2 0.151240 0.571831 0.235705 0.002983 0.038240
1 2 0.232252 0.505480 0.210242 0.004600 0.047426
1 2 0.371841 0.485585 0.090414 0.002266 0.049893
1 2 0.387878 0.491355 0.075680 0.001548 0.043539
1 2 0.307026 0.556934 0.089743 0.001514 0.044783
1 2 0.421785 0.480527 0.059688 0.001018 0.036983
1 2 0.325738 0.572439 0.065934 0.000764 0.035126
1 2 0.309205 0.571447 0.078408 0.001079 0.039861
0 2 0.505407 0.416182 0.045237 0.000823 0.032351
1 2 0.333326 0.556739 0.071026 0.000962 0.037947
1 2 0.389974 0.494750 0.072082 0.001379 0.041815
1 2 0.356386 0.534656 0.069417 0.001033 0.038508
1 2 0.306576 0.569885 0.081359 0.001169 0.041011
1 2 0.202879 0.650098 0.103927 0.001176 0.041920
1 2 0.267894 0.595054 0.092665 0.001306 0.043082
1 2 0.274825 0.578584 0.098794 0.001611 0.046185
1 2 0.307415 0.491012 0.166666 0.002428 0.032479
0 2 0.510059 0.394867 0.054986 0.001399 0.038689
1 2 0.433225 0.465548 0.061488 0.001173 0.038566
1 2 0.344024 0.543612 0.072175 0.001064 0.039124
1 2 0.331925 0.543554 0.080764 0.001327 0.042428
1 2 0.345159 0.553289 0.064997 0.000821 0.035734
1 2 0.321759 0.541783 0.089209 0.001624 0.045624
1 2 0.309062 0.570730 0.078994 0.001099 0.040115
1 2 0.313429 0.555009 0.086395 0.001422 0.043745
1 2 0.434449 0.465250 0.060866 0.001151 0.038284
1 2 0.357617 0.515716 0.080915 0.001547 0.044205
1 2 0.244518 0.584687 0.122771 0.001961 0.046063
1 2 0.208162 0.591435 0.154957 0.002221 0.043225
1 2 0.420933 0.437851 0.098531 0.002297 0.040388
1 2 0.246984 0.443768 0.278732 0.003755 0.026761
1 2 0.224124 0.448534 0.294949 0.004133 0.028262
2 2 0.055312 0.237916 0.687134 0.008694 0.010945
2 2 0.112148 0.403123 0.463642 0.003748 0.017339
2 2 0.098853 0.400624 0.478144 0.004088 0.018291
2 2 0.109396 0.408450 0.459202 0.004040 0.018913
2 2 0.142093 0.288682 0.552001 0.005116 0.012108
1 2 0.179503 0.493558 0.293637 0.003599 0.029704
1 2 0.192499 0.480864 0.284748 0.004877 0.037012
1 2 0.199115 0.426157 0.345242 0.004457 0.025029
1 2 0.180613 0.518111 0.265583 0.003332 0.032360
1 2 0.190344 0.448227 0.330865 0.004164 0.026400
2 2 0.040004 0.214261 0.729445 0.006546 0.009745
1 2 0.070890 0.519558 0.380106 0.003128 0.026318
2 2 0.026017 0.176009 0.774098 0.007500 0.016376
2 2 0.042863 0.202756 0.739739 0.005115 0.009528
2 2 0.025319 0.165481 0.789537 0.006772 0.012891
2 2 0.058086 0.294195 0.625612 0.006555 0.015552
2 2 0.028301 0.115921 0.833820 0.016438 0.005520
2 2 0.056028 0.195113 0.726467 0.007313 0.015080
2 2 0.058273 0.273238 0.649806 0.005951 0.012731
2 2 0.068648 0.344325 0.566665 0.004755 0.015608
2 2 0.100790 0.412706 0.464640 0.003747 0.018117
2 2 0.094134 0.399859 0.472440 0.002548 0.031019
1 2 0.075793 0.516055 0.376167 0.003506 0.028479
2 2 0.037905 0.356114 0.585693 0.002646 0.017642
2 2 0.067207 0.390428 0.518635 0.003745 0.019986
1 2 0.325152 0.524177 0.071944 0.000623 0.078104
1 2 0.384939 0.457425 0.052182 0.000308 0.105145
0 4 0.444628 0.364338 0.048706 0.000367 0.141962
1 4 0.407184 0.481435 0.053244 0.000499 0.057637
1 4 0.305751 0.569415 0.067249 0.000524 0.057061
0 4 0.478243 0.423738 0.057879 0.001312 0.038828
1 4 0.375890 0.516926 0.067471 0.001072 0.038641
1 4 0.366303 0.518063 0.069693 0.001013 0.044928
0 4 0.487761 0.426148 0.050363 0.000971 0.034757
0 4 0.479220 0.433685 0.051235 0.000964 0.034896
0 4 0.808496 0.142430 0.012483 0.000272 0.036319
0 4 0.792560 0.151652 0.015605 0.000413 0.039771
0 0 0.846430 0.103248 0.009091 0.000202 0.041030
1 4 0.440623 0.442634 0.039256 0.000213 0.077273
0 4 0.445825 0.431583 0.042366 0.000275 0.079951
0 4 0.533229 0.368091 0.026340 0.000127 0.072212
1 4 0.440999 0.447595 0.036471 0.000174 0.074760
0 4 0.469005 0.423729 0.035745 0.000202 0.071319
0 4 0.524272 0.374198 0.032084 0.000219 0.069227
0 4 0.610678 0.296403 0.023512 0.000169 0.069239
0 4 0.815047 0.149227 0.015417 0.000740 0.019568
0 4 0.535209 0.387545 0.043718 0.000907 0.032621
0 4 0.648293 0.301490 0.025871 0.000526 0.023819
0 1 0.542069 0.382469 0.042488 0.000882 0.032092
0 0 0.942121 0.039526 0.005523 0.001029 0.011801
0 1 0.615498 0.325777 0.031188 0.000661 0.026877
0 1 0.459424 0.447346 0.055619 0.001057 0.036554
0 1 0.596925 0.338226 0.035021 0.000777 0.029051
0 1 0.695528 0.260420 0.021742 0.000497 0.021813
0 0 0.914346 0.062263 0.008066 0.000997 0.014328
1 1 0.385626 0.522242 0.057399 0.000752 0.033981
1 1 0.384312 0.515119 0.062879 0.000939 0.036751
0 1 0.444272 0.442871 0.068248 0.001646 0.042964
1 1 0.384093 0.484160 0.082858 0.001926 0.046962
0 1 0.456141 0.452137 0.054802 0.000999 0.035921
1 1 0.398036 0.490536 0.069288 0.001303 0.040836
0 1 0.520200 0.404341 0.043079 0.000796 0.031584
0 1 0.560606 0.366380 0.040573 0.000884 0.031557
0 0 0.692420 0.242761 0.032479 0.001356 0.030983
1 1 0.378009 0.514861 0.067351 0.001080 0.038699
1 1 0.257779 0.550611 0.144928 0.002484 0.044197
1 1 0.146237 0.498170 0.315978 0.004562 0.035053
1 4 0.182057 0.505176 0.269496 0.004459 0.038813
1 2 0.348182 0.468844 0.144032 0.002631 0.036311
1 2 0.257898 0.371087 0.344432 0.004866 0.021717
1 2 0.171629 0.474670 0.319526 0.004213 0.029962
2 2 0.123703 0.398882 0.446463 0.005961 0.024992
1 2 0.166474 0.466121 0.338315 0.003710 0.025380
1 2 0.272266 0.430468 0.259737 0.004812 0.032717
1 2 0.189168 0.413475 0.366677 0.005089 0.025591
1 2 0.133628 0.521584 0.302926 0.004337 0.037525
2 2 0.196052 0.314026 0.464485 0.006844 0.018593
2 2 0.116932 0.343193 0.516008 0.005795 0.018072
1 2 0.159666 0.489983 0.317426 0.003781 0.029143
2 2 0.187034 0.374198 0.408712 0.006148 0.023907
1 2 0.232232 0.445519 0.283945 0.004983 0.033320
1 2 0.176319 0.414008 0.381938 0.004601 0.023134
2 2 0.116165 0.378292 0.478462 0.005668 0.021412
1 2 0.211419 0.404088 0.349588 0.005990 0.028915
2 2 0.171033 0.329526 0.469217 0.007889 0.022335
2 2 0.083516 0.175222 0.712118 0.017430 0.011715
2 2 0.096016 0.252702 0.617467 0.015122 0.018694
2 2 0.066579 0.150598 0.739906 0.030766 0.012151
2 2 0.137345 0.326401 0.509553 0.007098 0.019603
2 2 0.100002 0.161164 0.709103 0.019503 0.010228
2 2 0.059682 0.267321 0.644052 0.011805 0.017140
1 2 0.137962 0.482726 0.339218 0.005113 0.034982
1 2 0.152619 0.456203 0.358817 0.004530 0.027830
1 2 0.322067 0.392865 0.239306 0.006619 0.039142
2 2 0.164287 0.388577 0.416819 0.005917 0.024401
2 2 0.090065 0.350388 0.532542 0.006482 0.020523
2 2 0.061122 0.197571 0.724904 0.007342 0.009061
2 2 0.077843 0.303080 0.596325 0.007573 0.015178
2 2 0.100565 0.323460 0.556204 0.005124 0.014647
2 2 0.112307 0.320188 0.543506 0.006515 0.017484
1 2 0.250512 0.440893 0.257780 0.006639 0.044176
1 2 0.306742 0.433008 0.216519 0.004965 0.038767
1 2 0.351282 0.405100 0.203105 0.004765 0.035748
1 2 0.322057 0.381227 0.257475 0.006085 0.033156
1 2 0.284913 0.548999 0.114795 0.002249 0.049045
0 2 0.560591 0.369557 0.038757 0.000787 0.030308
0 2 0.592222 0.333845 0.040227 0.001072 0.032635
0 1 0.466689 0.434173 0.058976 0.001284 0.038878
1 1 0.401992 0.489586 0.067217 0.001232 0.039973
1 2 0.438840 0.477087 0.050607 0.000739 0.032727
1 2 0.274184 0.380315 0.313897 0.005433 0.026172
0 2 0.365224 0.343375 0.259981 0.005447 0.025973
1 2 0.322486 0.483178 0.154261 0.002759 0.037316
1 2 0.322141 0.420309 0.225640 0.003666 0.028244
0 2 0.502028 0.349003 0.100448 0.003958 0.044563
0 2 0.686627 0.236340 0.038836 0.002094 0.036103
0 2 0.777526 0.162439 0.027344 0.002136 0.030555
0 1 0.643118 0.296850 0.031272 0.000815 0.027944
0 0 0.942464 0.038040 0.005871 0.001278 0.012347
0 1 0.889083 0.078901 0.011889 0.001465 0.018661
1 1 0.446095 0.457441 0.058069 0.001092 0.037304
1 1 0.451334 0.456074 0.055497 0.001003 0.036092
1 1 0.424821 0.482497 0.056438 0.000898 0.035347
0 1 0.510746 0.394970 0.054496 0.001372 0.038416
0 1 0.531001 0.395138 0.041850 0.000791 0.031220
1 1 0.346807 0.532559 0.077491 0.001298 0.041845
1 1 0.311056 0.530480 0.104460 0.002330 0.051674
1 1 0.345986 0.519597 0.086560 0.001728 0.046130
1 1 0.346493 0.510818 0.091924 0.002037 0.048728
1 2 0.399978 0.469922 0.081013 0.001993 0.047094
1 2 0.344314 0.510690 0.093551 0.002108 0.049337
1 2 0.273115 0.593857 0.089592 0.001234 0.042201
1 2 0.259328 0.586028 0.105344 0.001739 0.047561
1 2 0.319402 0.534101 0.096004 0.001948 0.048544
1 2 0.338594 0.478977 0.121990 0.003482 0.056957
2 2 0.081614 0.327418 0.570988 0.005072 0.014907
2 2 0.186109 0.357217 0.426523 0.006746 0.023405
2 2 0.045313 0.328916 0.607187 0.004462 0.014122
2 2 0.116097 0.293495 0.571039 0.005766 0.013603
1 2 0.111676 0.511904 0.342872 0.003686 0.029863
2 2 0.130603 0.419699 0.427282 0.003663 0.018752
1 2 0.112136 0.430110 0.429275 0.004665 0.023814
2 2 0.105117 0.253325 0.621224 0.007369 0.012965
2 2 0.036359 0.155567 0.790736 0.009726 0.007611
2 2 0.065938 0.396911 0.512361 0.004663 0.020126
1 2 0.238150 0.535624 0.183709 0.002885 0.039632
1 2 0.355598 0.512489 0.084425 0.001711 0.045776
1 2 0.322681 0.513142 0.116944 0.002341 0.044893
1 2 0.291258 0.536467 0.130342 0.002068 0.039866
1 2 0.220130 0.599203 0.126529 0.002225 0.051914
0 2 0.694113 0.248601 0.028589 0.000984 0.027715
0 2 0.876468 0.084247 0.014963 0.002121 0.022201
0 0 0.978610 0.012068 0.001951 0.001010 0.006361
0 0 0.984810 0.008673 0.001221 0.000676 0.004619
0 0 0.973570 0.012396 0.002909 0.002292 0.008833
0 0 0.974702 0.014497 0.002402 0.001127 0.007272
0 0 0.996041 0.001691 0.000233 0.000390 0.001645
0 0 0.995976 0.001634 0.000205 0.000257 0.001928
0 0 0.996323 0.001575 0.000211 0.000357 0.001534
0 0 0.993116 0.003315 0.000474 0.000519 0.002576
0 0 0.925691 0.050186 0.004504 0.000235 0.019384
0 0 0.951362 0.032243 0.003430 0.000386 0.012579
0 0 0.905049 0.066356 0.005091 0.000159 0.023345
0 4 0.778767 0.137814 0.015886 0.000343 0.067189
0 4 0.808837 0.133057 0.014163 0.000388 0.043553
4 4 0.304514 0.219307 0.008901 0.000005 0.467272
0 4 0.655148 0.095590 0.004382 0.000006 0.244875
0 4 0.574232 0.135117 0.007019 0.000008 0.283624
0 4 0.608931 0.061902 0.004402 0.000010 0.324755
0 4 0.496130 0.111907 0.005645 0.000004 0.386313
4 4 0.233330 0.105553 0.006141 0.000010 0.654965
4 4 0.329486 0.052171 0.004803 0.000023 0.613517
4 4 0.287027 0.024489 0.004075 0.000154 0.684255
4 4 0.401128 0.026533 0.004558 0.000159 0.567622
4 4 0.324959 0.041043 0.005759 0.000071 0.628168
0 4 0.726558 0.013517 0.001579 0.000033 0.258313
0 4 0.816387 0.007772 0.000605 0.000005 0.175231
0 4 0.628064 0.014115 0.001596 0.000022 0.356203
0 4 0.739012 0.021190 0.001916 0.000013 0.237868
0 4 0.775738 0.015201 0.001306 0.000010 0.207744
0 4 0.743127 0.024611 0.002735 0.000028 0.229500
0 4 0.598071 0.074411 0.005085 0.000011 0.322423
0 4 0.664364 0.033904 0.002718 0.000010 0.299003
0 4 0.725160 0.034025 0.001218 0.000001 0.239596
0 4 0.668345 0.018641 0.002255 0.000020 0.310739
0 4 0.687389 0.023621 0.003009 0.000034 0.285947
0 4 0.499971 0.074392 0.004826 0.000006 0.420805
4 4 0.429959 0.075837 0.006278 0.000023 0.487903
4 4 0.437930 0.025369 0.004470 0.000126 0.532105
0 4 0.643968 0.039895 0.002866 0.000008 0.313263
0 4 0.497395 0.029456 0.004773 0.000240 0.468137
0 4 0.889418 0.010045 0.001170 0.000036 0.099330
0 4 0.802817 0.013926 0.000890 0.000007 0.182360
0 4 0.802009 0.014133 0.001772 0.000033 0.182052
0 4 0.674034 0.015805 0.002065 0.000054 0.308042
0 4 0.766406 0.012390 0.000926 0.000006 0.220272
0 4 0.660663 0.018976 0.003052 0.000198 0.317111
0 4 0.708885 0.018273 0.002206 0.000033 0.270602
0 4 0.816005 0.012593 0.001468 0.000026 0.169908
0 4 0.710973 0.039959 0.001688 0.000002 0.247378
0 4 0.610385 0.042577 0.003643 0.000023 0.343372
0 4 0.501369 0.074717 0.003378 0.000003 0.420533
0 4 0.557350 0.022405 0.004040 0.000260 0.415946
0 4 0.741471 0.015965 0.002205 0.000074 0.240284
0 4 0.743518 0.013874 0.001454 0.000014 0.241140
0 4 0.826689 0.010925 0.001059 0.000014 0.161313
0 4 0.841583 0.010881 0.000859 0.000009 0.146667
0 4 0.926583 0.006632 0.000640 0.000022 0.066124
0 4 0.914532 0.004673 0.000315 0.000005 0.080475
0 4 0.907644 0.005428 0.000403 0.000007 0.086518
0 4 0.421573 0.170224 0.013574 0.000019 0.394609
4 4 0.275230 0.338580 0.021891 0.000017 0.364282
4 4 0.353063 0.210291 0.012679 0.000008 0.423959
0 4 0.485137 0.163101 0.009818 0.000011 0.341933
0 4 0.466518 0.180983 0.013029 0.000019 0.339451
0 4 0.380907 0.277278 0.012258 0.000006 0.329551
4 4 0.271886 0.277579 0.018523 0.000017 0.431996
4 4 0.282710 0.307952 0.019754 0.000017 0.389566
4 4 0.309295 0.307388 0.018167 0.000010 0.365140
1 4 0.258021 0.400458 0.027611 0.000020 0.313890
0 4 0.512682 0.251616 0.020200 0.000053 0.215449
0 1 0.455243 0.350063 0.024450 0.000050 0.170194
0 4 0.603092 0.193678 0.013966 0.000041 0.189222
1 4 0.324020 0.408523 0.038516 0.000075 0.228866
0 4 0.424479 0.293504 0.018428 0.000021 0.263567
1 4 0.093450 0.459569 0.036260 0.000027 0.410694
4 4 0.146800 0.402848 0.025316 0.000007 0.425029
4 4 0.063865 0.356863 0.031198 0.000016 0.548059
4 4 0.123368 0.401662 0.031207 0.000034 0.443730
4 4 0.057196 0.437555 0.049908 0.000116 0.455225
0 4 0.432098 0.267716 0.016332 0.000017 0.283837
0 4 0.432259 0.303323 0.017819 0.000019 0.246581
0 4 0.458062 0.203492 0.018576 0.000042 0.319828
0 4 0.344698 0.342666 0.027864 0.000038 0.284734
0 4 0.529208 0.094246 0.009250 0.000029 0.367268
1 4 0.330079 0.365539 0.032359 0.000051 0.271972
1 4 0.288819 0.392685 0.031704 0.000039 0.286753
1 4 0.191940 0.447382 0.049742 0.000120 0.310816
1 4 0.215942 0.390005 0.036270 0.000033 0.357751
1 4 0.182184 0.397605 0.037880 0.000093 0.382237
0 4 0.538499 0.334355 0.025121 0.000104 0.101921
1 4 0.380702 0.433026 0.047719 0.000213 0.138340
1 4 0.423804 0.426328 0.035349 0.000121 0.114399
0 0 0.757372 0.151271 0.013914 0.000170 0.077274
0 4 0.771074 0.156461 0.009626 0.000067 0.062772
1 4 0.256842 0.495366 0.044901 0.000068 0.202823
1 4 0.359748 0.448035 0.040264 0.000109 0.151845
1 4 0.310977 0.435613 0.035010 0.000050 0.218351
1 4 0.271068 0.494935 0.054880 0.000141 0.178976
1 4 0.239203 0.547130 0.060426 0.000151 0.153090
0 4 0.463287 0.355214 0.036260 0.000171 0.145069
1 4 0.342622 0.452153 0.060967 0.000342 0.143916
0 4 0.470582 0.336717 0.045751 0.000371 0.146577
0 1 0.431607 0.386592 0.044032 0.000243 0.137526
1 1 0.345242 0.433526 0.063334 0.000390 0.157507
1 1 0.122308 0.639703 0.167760 0.001967 0.068262
1 2 0.238833 0.499253 0.124138 0.000968 0.136808
1 2 0.173131 0.556525 0.193028 0.002628 0.074689
1 4 0.292745 0.508533 0.112443 0.002007 0.084271
1 4 0.358814 0.401136 0.103940 0.001997 0.134113
0 0 0.579399 0.316354 0.038359 0.000592 0.065295
1 1 0.356820 0.488152 0.083468 0.001310 0.070250
1 2 0.348059 0.466482 0.107976 0.002780 0.074703
0 2 0.449263 0.379496 0.095707 0.003993 0.071541
0 1 0.504147 0.346845 0.055208 0.000914 0.092886
1 2 0.077420 0.507334 0.374031 0.001468 0.039747
2 2 0.032806 0.422330 0.515514 0.001873 0.027478
2 2 0.048703 0.340790 0.560168 0.000902 0.049438
2 2 0.063674 0.405439 0.497813 0.002653 0.030420
2 2 0.041646 0.392777 0.543910 0.003925 0.017742
2 2 0.039525 0.278120 0.663520 0.002059 0.016776
2 2 0.015764 0.119552 0.849959 0.008267 0.006458
1 2 0.046079 0.485634 0.433382 0.004098 0.030807
1 1 0.214214 0.387914 0.346913 0.009949 0.041009
2 2 0.074262 0.374478 0.528720 0.002353 0.020187
2 2 0.012391 0.165942 0.808842 0.003924 0.008901
2 2 0.015173 0.195175 0.767692 0.007871 0.014089
2 2 0.005102 0.109138 0.869298 0.008529 0.007933
2 2 0.011625 0.204964 0.760308 0.004581 0.018522
2 2 0.008123 0.160382 0.808374 0.006320 0.016800
2 2 0.076521 0.251266 0.635653 0.017178 0.019382
2 2 0.052433 0.337905 0.560983 0.008969 0.039709
2 2 0.077799 0.369469 0.516742 0.007149 0.028840
2 2 0.104570 0.350549 0.504954 0.004113 0.035814
2 2 0.046246 0.300815 0.621076 0.010889 0.020973
2 2 0.020957 0.234233 0.721329 0.001620 0.021860
2 2 0.013846 0.200746 0.768906 0.003243 0.013258
2 2 0.019922 0.244841 0.720151 0.002415 0.012671
1 2 0.126548 0.458436 0.386034 0.004070 0.024912
2 2 0.014095 0.247235 0.722796 0.003750 0.012124
1 2 0.151154 0.503285 0.308860 0.004026 0.032675
2 2 0.150808 0.348946 0.465769 0.008466 0.026010
2 2 0.056025 0.334062 0.582806 0.006985 0.020122
2 2 0.031328 0.291772 0.651005 0.004104 0.021791
2 2 0.022858 0.174335 0.787340 0.007550 0.007918
2 2 0.078157 0.225836 0.664343 0.015436 0.016228
2 2 0.063624 0.280644 0.624602 0.011404 0.019726
2 2 0.223605 0.310939 0.428510 0.010342 0.026604
2 2 0.202566 0.365465 0.387860 0.009809 0.034300
2 2 0.082861 0.438291 0.444123 0.005699 0.029027
2 2 0.063519 0.402402 0.499839 0.006614 0.027625
2 2 0.043059 0.345876 0.580172 0.003187 0.027705
2 2 0.030107 0.212582 0.741128 0.006957 0.009226
2 2 0.024531 0.160148 0.795482 0.010781 0.009057
2 2 0.063167 0.413049 0.481882 0.009835 0.032068
2 2 0.009899 0.129692 0.823624 0.027866 0.008918
2 2 0.018676 0.148969 0.795063 0.026746 0.010546
2 2 0.015009 0.171270 0.775585 0.024427 0.013708
2 2 0.012639 0.137678 0.815639 0.022339 0.011705
2 2 0.005457 0.080684 0.886686 0.021579 0.005595
2 2 0.016302 0.179065 0.767795 0.023584 0.013254
2 2 0.019599 0.182466 0.762208 0.022953 0.012774
2 2 0.012639 0.091755 0.868579 0.022020 0.005008
2 2 0.010492 0.094833 0.860817 0.026531 0.007327
2 2 0.018343 0.146117 0.800083 0.025485 0.009972
2 2 0.011844 0.056996 0.858342 0.068350 0.004468
2 2 0.015462 0.092464 0.788409 0.093673 0.009992
2 2 0.006040 0.049808 0.876248 0.063655 0.004249
2 2 0.017956 0.088286 0.814365 0.071167 0.008227
2 2 0.025247 0.092028 0.818926 0.055759 0.008040
2 2 0.012023 0.110213 0.791815 0.073845 0.012104
2 2 0.011500 0.114509 0.811638 0.047398 0.014956
2 2 0.007719 0.065681 0.875833 0.045866 0.004901
2 2 0.013454 0.082464 0.860452 0.037433 0.006197
2 2 0.016537 0.160814 0.768818 0.038620 0.015211
2 3 0.034304 0.141361 0.765572 0.044762 0.014001
2 3 0.062885 0.203202 0.684901 0.030159 0.018852
2 2 0.035035 0.223434 0.696400 0.024923 0.020208
2 2 0.031957 0.162115 0.760256 0.031307 0.014366
2 2 0.048212 0.225750 0.678314 0.026925 0.020799
2 2 0.031634 0.154332 0.780163 0.022822 0.011048
2 2 0.053029 0.274175 0.634567 0.016375 0.021854
2 2 0.030293 0.217849 0.720387 0.016542 0.014929
2 2 0.015873 0.147639 0.797705 0.027880 0.010904
2 2 0.016824 0.177173 0.772627 0.018615 0.014761
2 2 0.056246 0.217870 0.663116 0.040674 0.022094
2 2 0.031794 0.171347 0.747851 0.034218 0.014790
2 2 0.027043 0.193092 0.738880 0.023677 0.017308
2 2 0.025969 0.241536 0.661198 0.043428 0.027869
2 2 0.016931 0.104672 0.847255 0.023864 0.007277
2 2 0.026898 0.151361 0.778792 0.030706 0.012243
2 2 0.028482 0.201442 0.725088 0.026631 0.018357
2 2 0.038585 0.209940 0.706849 0.026991 0.017636
2 2 0.047988 0.242202 0.668416 0.019232 0.022162
2 2 0.029562 0.080968 0.845941 0.037153 0.006376
2 2 0.035021 0.248924 0.672529 0.022409 0.021117
2 2 0.018591 0.112152 0.829400 0.031421 0.008436
2 2 0.031564 0.129887 0.791935 0.035102 0.011512
2 2 0.019446 0.156379 0.781171 0.030639 0.012365
2 2 0.025503 0.144387 0.794824 0.025048 0.010237
2 2 0.022683 0.163626 0.765017 0.034277 0.014397
2 2 0.011781 0.148149 0.800309 0.028849 0.010912
2 2 0.008305 0.115601 0.824079 0.043035 0.008980
2 2 0.014995 0.133387 0.814737 0.026548 0.010333
2 2 0.033579 0.108720 0.811885 0.037966 0.007851
2 2 0.007856 0.102033 0.837667 0.044276 0.008169
2 2 0.010484 0.093212 0.847016 0.041861 0.007427
2 3 0.025304 0.096143 0.825082 0.046090 0.007382
2 3 0.011759 0.061586 0.827280 0.093235 0.006140
2 2 0.016430 0.158548 0.787700 0.025065 0.012257
2 2 0.018460 0.164596 0.776145 0.027254 0.013545
2 2 0.041688 0.296134 0.598767 0.032411 0.031000
2 2 0.065642 0.260271 0.630112 0.020095 0.023880
2 2 0.041678 0.206647 0.709305 0.023379 0.018992
2 2 0.037157 0.213277 0.712699 0.020548 0.016319
2 2 0.027675 0.209004 0.741922 0.010513 0.010887
2 2 0.032139 0.255653 0.686030 0.009959 0.016219
2 2 0.052833 0.373353 0.546986 0.005642 0.021187
2 2 0.065335 0.338677 0.573183 0.005562 0.017244
2 2 0.028786 0.210830 0.745047 0.006048 0.009289
2 2 0.040033 0.256099 0.684594 0.006502 0.012772
2 2 0.018601 0.178039 0.789977 0.005881 0.007502
2 2 0.054396 0.165043 0.763455 0.008900 0.008206
2 2 0.037200 0.237715 0.702740 0.008721 0.013624
2 2 0.049691 0.336175 0.584227 0.007575 0.022331
2 2 0.114413 0.374094 0.484896 0.005669 0.020928
2 2 0.062657 0.253971 0.662180 0.007561 0.013631
2 2 0.082817 0.399364 0.481805 0.007170 0.028844
1 1 0.080775 0.530823 0.347553 0.004287 0.036562
1 2 0.104044 0.523097 0.329927 0.004629 0.038302
1 2 0.161867 0.569827 0.204529 0.004557 0.059220
1 2 0.207298 0.553296 0.180346 0.003981 0.055079
1 1 0.075097 0.696108 0.181593 0.001770 0.045432
1 1 0.195041 0.598517 0.147230 0.002857 0.056356
1 4 0.119114 0.660259 0.167347 0.002243 0.051037
1 4 0.238759 0.600419 0.111099 0.001764 0.047960
1 4 0.269937 0.545056 0.125277 0.002988 0.056741
1 4 0.255624 0.588367 0.104420 0.001595 0.049993
1 1 0.288540 0.564179 0.092073 0.001289 0.053919
1 1 0.179190 0.616979 0.136277 0.001755 0.065799
1 2 0.237596 0.528599 0.157095 0.003408 0.073301
1 4 0.136224 0.627277 0.176649 0.003045 0.056805
1 4 0.133981 0.624074 0.181044 0.003207 0.057694
1 4 0.110098 0.651464 0.182389 0.002629 0.053420
1 4 0.228764 0.573965 0.137349 0.002961 0.056961
1 1 0.289864 0.588906 0.080625 0.001037 0.039568
1 1 0.242216 0.603541 0.106250 0.001601 0.046393
1 1 0.232317 0.630600 0.094846 0.001118 0.041119
1 1 0.271534 0.614398 0.076605 0.000820 0.036644
1 4 0.391072 0.511545 0.056886 0.000684 0.039813
1 4 0.190761 0.516057 0.208088 0.007898 0.077195
2 2 0.140270 0.381183 0.435384 0.009402 0.033761
1 4 0.085670 0.589459 0.253800 0.005490 0.065580
1 2 0.156757 0.487171 0.300129 0.005894 0.050048
1 2 0.173892 0.495333 0.286049 0.005013 0.039713
1 2 0.207421 0.599466 0.141578 0.002322 0.049212
1 2 0.136135 0.502378 0.323929 0.004268 0.033291
1 2 0.199646 0.430378 0.336564 0.005018 0.028395
1 2 0.152097 0.587514 0.208882 0.003364 0.048144
1 2 0.084913 0.668443 0.195628 0.002299 0.048717
1 2 0.124990 0.513435 0.328434 0.003539 0.029603
1 2 0.147981 0.660627 0.144988 0.001687 0.044717
1 2 0.203031 0.482694 0.282270 0.003475 0.028530
1 2 0.132803 0.670160 0.147571 0.001786 0.047680
2 2 0.087135 0.429500 0.451835 0.005317 0.026213
1 2 0.111489 0.436363 0.431285 0.003135 0.017729
2 2 0.022183 0.162193 0.802470 0.006500 0.006654
1 2 0.079760 0.479030 0.414479 0.003431 0.023299
2 2 0.036388 0.373667 0.567167 0.004499 0.018279
2 2 0.064260 0.420320 0.486635 0.004966 0.023820
2 2 0.124202 0.382350 0.470325 0.004602 0.018521
2 2 0.071908 0.356937 0.541348 0.007007 0.022800
1 2 0.120636 0.597573 0.242915 0.002570 0.036306
1 2 0.112704 0.668593 0.174756 0.001785 0.042163
2 2 0.087218 0.421717 0.458880 0.005656 0.026529
1 2 0.238767 0.578681 0.126230 0.002497 0.053824
0 0 0.551085 0.344271 0.058932 0.002217 0.043496
1 1 0.125832 0.667363 0.155881 0.001955 0.048969
1 2 0.256230 0.550712 0.131915 0.003166 0.057978
1 1 0.139068 0.628833 0.172954 0.002936 0.056210
2 2 0.051128 0.369632 0.541199 0.003365 0.034676
1 2 0.042551 0.488588 0.437845 0.003796 0.027220
2 2 0.052682 0.400974 0.514310 0.006096 0.025938
1 2 0.042707 0.503454 0.413588 0.002847 0.037404
2 2 0.104335 0.384105 0.468010 0.003391 0.040159
1 1 0.174026 0.650003 0.110851 0.000868 0.064251
1 2 0.171737 0.614480 0.131341 0.001296 0.081147
1 2 0.209593 0.626735 0.091221 0.000590 0.071860
1 2 0.194179 0.583244 0.112960 0.000841 0.108775
1 2 0.136066 0.680774 0.098709 0.000361 0.084090
1 2 0.086984 0.562396 0.300998 0.004443 0.045179
1 2 0.130262 0.449563 0.387211 0.004930 0.028033
1 2 0.151285 0.543319 0.247344 0.005173 0.052879
1 2 0.224007 0.486105 0.243906 0.004780 0.041202
1 2 0.082811 0.568886 0.298464 0.004320 0.045519
2 2 0.132463 0.397417 0.428903 0.008285 0.032933
1 2 0.098565 0.515034 0.345565 0.004600 0.036236
1 2 0.091077 0.602204 0.256696 0.003503 0.046521
2 2 0.108403 0.345013 0.524701 0.005202 0.016682
1 2 0.102296 0.560009 0.297597 0.003486 0.036612
1 1 0.313774 0.487057 0.130851 0.004496 0.063823
1 1 0.129797 0.542405 0.271638 0.005304 0.050857
1 2 0.154544 0.609617 0.180139 0.003032 0.052667
2 2 0.109176 0.352191 0.501544 0.009251 0.027839
1 2 0.129494 0.538552 0.285204 0.004466 0.042284
1 2 0.208442 0.607272 0.130138 0.002222 0.051925
1 2 0.222980 0.604066 0.120852 0.002000 0.050103
1 2 0.196477 0.625271 0.126926 0.001914 0.049413
1 2 0.215259 0.578524 0.144927 0.003146 0.058143
1 2 0.199711 0.616513 0.130586 0.002114 0.051076
1 2 0.226666 0.564574 0.147434 0.003356 0.057969
1 2 0.293230 0.513174 0.129026 0.003775 0.060795
1 2 0.121493 0.654528 0.169524 0.002377 0.052078
1 2 0.199562 0.624240 0.125173 0.001882 0.049143
1 2 0.191910 0.624797 0.130976 0.002019 0.050297
1 2 0.325530 0.450654 0.156859 0.005914 0.061043
1 4 0.253485 0.586956 0.109149 0.001845 0.048566
0 4 0.450039 0.433947 0.069933 0.001819 0.044262
1 4 0.261666 0.577206 0.109646 0.001965 0.049517
1 4 0.363662 0.510653 0.079983 0.001555 0.044148
1 4 0.364563 0.517925 0.074641 0.001304 0.041567
0 4 0.527723 0.384096 0.050336 0.001243 0.036602
0 4 0.489515 0.433345 0.044912 0.000735 0.031494
0 4 0.472164 0.441598 0.050933 0.000911 0.034394
0 4 0.770781 0.192123 0.016928 0.000545 0.019623
0 4 0.624318 0.301801 0.019021 0.000110 0.054749
0 4 0.614483 0.306068 0.031197 0.000477 0.047776
0 4 0.452235 0.439600 0.050200 0.000565 0.057400
0 4 0.518183 0.374954 0.047398 0.000745 0.058720
0 4 0.493520 0.421897 0.039798 0.000423 0.044362
1 4 0.204358 0.640459 0.108936 0.001322 0.044925
1 4 0.366828 0.504407 0.076640 0.001274 0.050852
1 4 0.396067 0.490730 0.070500 0.001348 0.041355
1 4 0.212199 0.613916 0.122418 0.001929 0.049538
1 4 0.252505 0.581003 0.114012 0.002062 0.050417
1 4 0.320103 0.553055 0.068870 0.000620 0.057353
1 4 0.405182 0.470734 0.046148 0.000274 0.077662
1 4 0.216445 0.617263 0.065680 0.000190 0.100423
1 4 0.249346 0.549666 0.065677 0.000219 0.135093
1 4 0.256389 0.490502 0.070470 0.000273 0.182365
1 4 0.158246 0.511235 0.072802 0.000305 0.257411
1 4 0.211570 0.468803 0.050672 0.000072 0.268884
1 4 0.183204 0.431122 0.050050 0.000060 0.335564
1 4 0.252659 0.473004 0.064204 0.000279 0.209855
1 4 0.277788 0.452883 0.037555 0.000048 0.231725
0 4 0.716724 0.026963 0.004234 0.000072 0.252006
0 4 0.700553 0.032009 0.005331 0.000131 0.261975
0 4 0.511823 0.045913 0.009816 0.000381 0.432066
0 4 0.469133 0.086695 0.011775 0.000162 0.432235
0 4 0.467154 0.154128 0.015146 0.000038 0.363534
0 4 0.633529 0.070461 0.009685 0.000093 0.286233
0 4 0.661861 0.078185 0.006796 0.000029 0.253129
0 4 0.407881 0.305217 0.032932 0.000100 0.253869
0 4 0.715200 0.074016 0.009225 0.000101 0.201458
0 4 0.725669 0.062825 0.005999 0.000041 0.205466
4 4 0.447961 0.078033 0.004347 0.000004 0.469656
4 4 0.255149 0.042683 0.004358 0.000014 0.697797
4 4 0.372615 0.028325 0.003117 0.000007 0.595936
4 4 0.418704 0.020581 0.003549 0.000165 0.557001
4 4 0.257473 0.039914 0.004895 0.000046 0.697672
0 4 0.812110 0.019395 0.003254 0.000106 0.165135
0 4 0.833122 0.021900 0.001625 0.000013 0.143340
0 4 0.886427 0.009061 0.000956 0.000024 0.103532
0 4 0.770779 0.017794 0.002519 0.000048 0.208860
0 4 0.596319 0.032190 0.006169 0.000311 0.365010
0 4 0.770298 0.014607 0.001794 0.000027 0.213275
0 4 0.692790 0.028734 0.001910 0.000007 0.276560
0 4 0.815936 0.014512 0.000899 0.000005 0.168647
0 4 0.635258 0.017981 0.002620 0.000090 0.344051
0 4 0.698416 0.012869 0.001387 0.000020 0.287308
0 4 0.751067 0.033977 0.002979 0.000020 0.211956
0 4 0.825528 0.014159 0.001859 0.000043 0.158411
0 4 0.697882 0.044772 0.002590 0.000006 0.254749
0 4 0.865110 0.009407 0.000602 0.000005 0.124876
0 4 0.729044 0.033826 0.002140 0.000007 0.234982
0 4 0.846150 0.011451 0.001313 0.000028 0.141057
0 4 0.676296 0.016576 0.002341 0.000100 0.304687
0 4 0.828857 0.012965 0.001647 0.000051 0.156480
0 4 0.685692 0.032193 0.002669 0.000012 0.279434
0 4 0.662524 0.014761 0.001769 0.000031 0.320915
0 4 0.456444 0.244338 0.020299 0.000041 0.278878
0 4 0.707583 0.105690 0.005826 0.000014 0.180886
4 4 0.316973 0.287148 0.018588 0.000013 0.377278
0 4 0.580515 0.137323 0.012643 0.000045 0.269474
0 4 0.617488 0.095243 0.007530 0.000023 0.279716
0 4 0.859880 0.019100 0.003551 0.000194 0.117275
0 4 0.784577 0.030307 0.002965 0.000029 0.182122
0 4 0.771396 0.060221 0.002845 0.000007 0.165531
0 4 0.777376 0.046763 0.002728 0.000010 0.173124
0 4 0.870024 0.039769 0.001860 0.000009 0.088338
1 4 0.373155 0.465805 0.047710 0.000211 0.113120
1 4 0.179563 0.555574 0.111355 0.000631 0.152876
1 4 0.248034 0.521291 0.080720 0.000402 0.149552
1 4 0.257705 0.549080 0.078317 0.000425 0.114473
1 4 0.175199 0.610906 0.093155 0.000369 0.120370
1 4 0.398003 0.487736 0.065730 0.001007 0.047524
1 4 0.235401 0.603197 0.108826 0.001548 0.051028
1 4 0.340116 0.522032 0.089123 0.001805 0.046925
1 4 0.417043 0.481920 0.054085 0.000633 0.046319
1 4 0.394707 0.478086 0.063794 0.000769 0.062644
0 4 0.477907 0.414564 0.063621 0.001679 0.042230
1 4 0.418659 0.466097 0.070822 0.001557 0.042865
1 4 0.389503 0.501782 0.067907 0.001178 0.039630
1 4 0.383793 0.496329 0.075299 0.001491 0.043088
1 4 0.262520 0.560825 0.120214 0.002540 0.053901
1 4 0.266035 0.529297 0.050924 0.000110 0.153633
0 0 0.771496 0.102419 0.013694 0.000273 0.112118
1 4 0.395795 0.440401 0.041529 0.000159 0.122115
1 4 0.183004 0.583750 0.078098 0.000210 0.154938
1 4 0.355359 0.437175 0.049782 0.000199 0.157485
1 4 0.292444 0.504700 0.067494 0.000329 0.135033
1 4 0.341371 0.436560 0.055845 0.000255 0.165968
1 4 0.292309 0.503857 0.063363 0.000268 0.140203
0 4 0.506240 0.285187 0.035748 0.000244 0.172581
0 4 0.688223 0.147861 0.013414 0.000086 0.150416
0 0 0.675740 0.236353 0.010767 0.000029 0.077109
0 4 0.567773 0.252582 0.027981 0.000193 0.151471
0 4 0.428945 0.301254 0.044842 0.000287 0.224671
0 4 0.496679 0.378103 0.039597 0.000314 0.085307
1 4 0.405257 0.447836 0.049180 0.000304 0.097423
0 4 0.649717 0.175901 0.016638 0.000102 0.157642
0 4 0.721733 0.099456 0.009893 0.000078 0.168840
0 4 0.725632 0.075914 0.009319 0.000105 0.189030
0 4 0.678058 0.168382 0.019250 0.000200 0.134110
0 4 0.407503 0.396552 0.035757 0.000107 0.160082
1 4 0.289011 0.520503 0.067640 0.000332 0.122514
1 4 0.306967 0.451704 0.061660 0.000267 0.179401
1 4 0.264866 0.539421 0.085185 0.000594 0.109934
1 4 0.268235 0.527832 0.088636 0.000681 0.114616
1 4 0.264816 0.486546 0.086456 0.000565 0.161618
1 2 0.107974 0.621297 0.191314 0.002442 0.076974
1 4 0.175589 0.509678 0.188435 0.003918 0.122381
1 2 0.146585 0.575173 0.205379 0.005226 0.067637
1 2 0.116223 0.624061 0.184855 0.002476 0.072385
1 2 0.214180 0.406954 0.300790 0.003063 0.075014
1 2 0.098129 0.451907 0.389943 0.005409 0.054613
2 1 0.075751 0.437277 0.443057 0.007494 0.036422
2 2 0.044517 0.398134 0.518395 0.004554 0.034399
2 2 0.051821 0.274632 0.641669 0.007548 0.024330
2 2 0.029376 0.188992 0.765979 0.006902 0.008751
2 2 0.011497 0.151218 0.823652 0.005182 0.008450
2 2 0.004836 0.133475 0.849619 0.000787 0.011282
2 2 0.008891 0.170447 0.807144 0.002323 0.011194
2 2 0.010625 0.172410 0.804493 0.003821 0.008651
2 1 0.082667 0.434747 0.449801 0.005424 0.027361
2 2 0.011871 0.227087 0.750642 0.003708 0.006692
2 2 0.003656 0.123076 0.858189 0.004822 0.010256
2 2 0.009289 0.189630 0.781086 0.010500 0.009494
2 2 0.010651 0.188567 0.787782 0.003661 0.009340
2 2 0.004023 0.061468 0.918423 0.012356 0.003731
2 2 0.007664 0.127433 0.845082 0.009205 0.010616
2 2 0.003107 0.076504 0.903587 0.009092 0.007710
2 2 0.003734 0.083330 0.889439 0.019268 0.004228
2 1 0.012710 0.199052 0.742590 0.020390 0.025257
2 2 0.007885 0.113175 0.856966 0.012982 0.008992
2 2 0.007222 0.098622 0.864708 0.020062 0.009387
2 2 0.009564 0.106057 0.853709 0.022993 0.007676
2 2 0.005260 0.092995 0.871860 0.024857 0.005028
2 2 0.001966 0.071067 0.909707 0.011739 0.005522
2 2 0.008120 0.097037 0.851122 0.036507 0.007214
2 2 0.013715 0.178718 0.770550 0.021800 0.015216
2 2 0.003947 0.075274 0.884704 0.027985 0.008090
2 3 0.003287 0.051471 0.899384 0.041307 0.004551
2 2 0.009062 0.133822 0.817183 0.028428 0.011505
2 2 0.004206 0.090703 0.863825 0.030804 0.010461
2 2 0.025293 0.151164 0.786884 0.024391 0.012269
2 1 0.110441 0.419493 0.437707 0.005711 0.026648
2 2 0.016119 0.120563 0.828481 0.026071 0.008767
2 2 0.016535 0.213001 0.715529 0.031618 0.023317
2 2 0.049462 0.179958 0.727357 0.025878 0.017344
2 2 0.006020 0.110921 0.852075 0.020577 0.010406
2 2 0.004088 0.057228 0.907897 0.027643 0.003144
2 3 0.008820 0.072815 0.886408 0.027108 0.004849
2 2 0.007908 0.162672 0.780580 0.032883 0.015957
2 3 0.005650 0.088916 0.873158 0.025523 0.006752
2 3 0.013167 0.127677 0.830016 0.020674 0.008465
2 2 0.021665 0.215485 0.733218 0.015069 0.014562
2 2 0.013661 0.147149 0.814783 0.015734 0.008672
2 2 0.011629 0.168527 0.792159 0.017803 0.009883
2 2 0.013199 0.139458 0.818034 0.020199 0.009111
2 2 0.015569 0.099985 0.856964 0.021134 0.006348
2 2 0.044872 0.246695 0.674195 0.016152 0.018086
2 2 0.035718 0.290830 0.634373 0.015947 0.023132
2 2 0.017529 0.178383 0.769192 0.021715 0.013181
2 2 0.022502 0.169058 0.784817 0.013680 0.009943
2 3 0.012358 0.066262 0.850480 0.065499 0.005401
2 2 0.008690 0.100793 0.856064 0.027792 0.006661
2 3 0.006617 0.058842 0.878627 0.051581 0.004333
2 2 0.019802 0.157705 0.768632 0.038070 0.015792
2 2 0.022478 0.171314 0.762622 0.028733 0.014854
2 2 0.018234 0.116177 0.823046 0.033473 0.009070
2 2 0.008479 0.096479 0.837586 0.049095 0.008361
2 2 0.017577 0.187243 0.739934 0.037959 0.017287
2 2 0.011526 0.099463 0.852776 0.028779 0.007457
2 2 0.009133 0.092993 0.850273 0.040061 0.007540
2 2 0.016680 0.106118 0.838501 0.030918 0.007783
2 2 0.014931 0.129754 0.792966 0.049938 0.012411
2 2 0.010754 0.095389 0.865454 0.022278 0.006126
2 2 0.016260 0.107710 0.830078 0.037253 0.008699
2 3 0.016486 0.087675 0.843036 0.045142 0.007661
2 2 0.006542 0.080889 0.817468 0.086520 0.008581
