2 2 0.028745 0.309919 0.563648 0.002594 0.095094
2 2 0.007701 0.187509 0.707943 0.002450 0.094397
1 4 0.098967 0.460478 0.390885 0.001299 0.048370
1 4 0.214270 0.510973 0.200655 0.004211 0.069891
1 4 0.126637 0.474312 0.233957 0.003436 0.161658
4 4 0.075147 0.070154 0.012663 0.000032 0.842004
1 4 0.055889 0.486032 0.241778 0.000001 0.216300
1 4 0.051730 0.451382 0.199448 0.000001 0.297440
4 4 0.046700 0.298397 0.082338 0.000006 0.572559
4 4 0.080207 0.073688 0.013187 0.000045 0.832873
4 4 0.065175 0.354402 0.101019 0.000018 0.479386
1 4 0.102626 0.514439 0.220353 0.000034 0.162549
1 4 0.084166 0.425074 0.135711 0.000033 0.355016
4 4 0.068927 0.375318 0.111511 0.000019 0.444225
4 4 0.062246 0.392003 0.128689 0.000007 0.417055
4 4 0.058777 0.344977 0.099961 0.000011 0.496274
4 4 0.047545 0.296676 0.080722 0.000007 0.575050
4 4 0.055723 0.284566 0.069125 0.000025 0.590561
1 4 0.050020 0.401546 0.150716 0.000001 0.397717
4 4 0.084069 0.370084 0.107002 0.000038 0.438808
1 4 0.097623 0.499230 0.199653 0.000031 0.203463
4 4 0.102675 0.337961 0.085962 0.000145 0.473256
4 4 0.112798 0.119653 0.022365 0.000187 0.744997
4 4 0.099478 0.297265 0.069322 0.000184 0.533751
1 4 0.104085 0.529747 0.280433 0.000028 0.085708
1 4 0.114108 0.501805 0.359901 0.000055 0.024131
1 4 0.337519 0.400547 0.215300 0.001146 0.045488
1 4 0.294852 0.435139 0.207774 0.001389 0.060846
1 4 0.134210 0.527658 0.232238 0.000164 0.105729
1 4 0.135069 0.511554 0.306125 0.000379 0.046873
2 4 0.093138 0.407047 0.488637 0.000782 0.010396
1 4 0.180039 0.486030 0.308403 0.003152 0.022376
2 2 0.017059 0.218857 0.636891 0.063279 0.063913
2 2 0.029589 0.284158 0.649576 0.003971 0.032707
2 2 0.017985 0.227985 0.706344 0.013318 0.034368
2 2 0.002179 0.065426 0.808195 0.118068 0.006132
2 2 0.003431 0.083204 0.819155 0.088394 0.005816
2 2 0.000637 0.023564 0.813685 0.159999 0.002115
2 2 0.002078 0.062389 0.673541 0.252999 0.008993
2 2 0.002373 0.060139 0.772956 0.157856 0.006676
2 3 0.001491 0.015173 0.495449 0.484436 0.003451
2 3 0.003285 0.023828 0.484638 0.482792 0.005458
3 3 0.002521 0.026419 0.272242 0.687286 0.011533
3 3 0.004067 0.053247 0.329691 0.595332 0.017663
3 3 0.001632 0.035769 0.300054 0.649151 0.013395
3 3 0.005611 0.048789 0.416878 0.514039 0.014683
2 3 0.008170 0.116486 0.425124 0.417649 0.032571
3 3 0.001582 0.043050 0.446860 0.497699 0.010809
2 3 0.001766 0.052505 0.495094 0.439211 0.011425
3 3 0.002008 0.033541 0.448773 0.507448 0.008230
3 3 0.000844 0.010262 0.137638 0.844762 0.006493
3 3 0.001205 0.003830 0.074569 0.916938 0.003457
3 3 0.001327 0.018952 0.153158 0.815411 0.011152
3 3 0.006326 0.008033 0.066562 0.910812 0.008266
3 3 0.000626 0.008547 0.147491 0.838764 0.004573
3 3 0.001355 0.006256 0.089297 0.897967 0.005126
3 3 0.003200 0.013193 0.100454 0.872812 0.010341
3 3 0.000488 0.008110 0.112156 0.873941 0.005305
3 3 0.001587 0.008370 0.111257 0.873126 0.005659
3 3 0.003147 0.022881 0.116826 0.841413 0.015733
3 3 0.002507 0.007352 0.076421 0.907105 0.006616
3 3 0.002950 0.007991 0.056353 0.924809 0.007897
3 3 0.002027 0.007172 0.090957 0.893958 0.005885
3 3 0.001169 0.006986 0.077623 0.908456 0.005767
3 3 0.002189 0.010475 0.075893 0.902618 0.008825
3 3 0.001443 0.019564 0.123190 0.843420 0.012383
3 3 0.003126 0.016931 0.098680 0.868448 0.012815
3 3 0.004256 0.036540 0.125978 0.809615 0.023611
3 3 0.001328 0.025146 0.133179 0.825541 0.014805
3 3 0.004161 0.016837 0.092417 0.873142 0.013443
3 3 0.001037 0.021588 0.157088 0.808286 0.012002
3 3 0.000313 0.002588 0.080990 0.914021 0.002087
3 3 0.002148 0.005647 0.061288 0.925393 0.005524
3 3 0.002404 0.009366 0.079410 0.900814 0.008005
3 3 0.005563 0.014259 0.077025 0.890423 0.012731
3 3 0.002704 0.009595 0.069674 0.909424 0.008603
3 3 0.001307 0.013544 0.109073 0.866782 0.009294
3 3 0.002593 0.008446 0.058172 0.922706 0.008083
3 3 0.000872 0.008178 0.100706 0.884337 0.005906
3 3 0.001927 0.015020 0.095236 0.876760 0.011058
3 3 0.004593 0.005725 0.048334 0.934818 0.006530
3 3 0.000432 0.003150 0.066891 0.926816 0.002710
3 3 0.001205 0.003358 0.050810 0.941135 0.003491
3 3 0.001180 0.008597 0.076076 0.907215 0.006932
3 3 0.001847 0.007432 0.060674 0.923164 0.006883
3 3 0.004242 0.010676 0.065384 0.909588 0.010110
3 3 0.001069 0.009372 0.077103 0.905108 0.007348
3 3 0.001114 0.006138 0.071796 0.915700 0.005252
3 3 0.002563 0.008904 0.063247 0.917040 0.008246
3 3 0.005209 0.010238 0.057090 0.917081 0.010382
3 3 0.001708 0.004345 0.044504 0.944740 0.004703
3 3 0.001163 0.009089 0.079855 0.902736 0.007156
3 3 0.002239 0.007619 0.064323 0.918745 0.007073
3 3 0.004401 0.012057 0.060980 0.911075 0.011486
3 3 0.003577 0.005091 0.041451 0.943892 0.005989
3 3 0.010261 0.011141 0.055999 0.910472 0.012127
3 3 0.005023 0.011015 0.081197 0.892818 0.009948
3 3 0.003047 0.015904 0.118720 0.850868 0.011461
3 0 0.280581 0.016334 0.048401 0.635691 0.018992
3 1 0.397406 0.017806 0.028070 0.528119 0.028600
0 2 0.483099 0.106044 0.193661 0.149645 0.067550
0 0 0.960056 0.014693 0.010856 0.008543 0.005852
0 0 0.953921 0.018611 0.015655 0.006932 0.004881
0 0 0.561234 0.233337 0.156831 0.019397 0.029201
2 0 0.126817 0.271469 0.579569 0.008645 0.013501
2 0 0.033537 0.292354 0.646974 0.002682 0.024453
2 0 0.016195 0.210066 0.745805 0.002168 0.025767
2 1 0.082493 0.370257 0.524794 0.008187 0.014268
2 1 0.039680 0.292594 0.635512 0.010216 0.021999
2 1 0.083567 0.377301 0.516901 0.006825 0.015405
2 1 0.061798 0.360775 0.535979 0.008839 0.032610
2 1 0.016301 0.214946 0.755545 0.000513 0.012695
2 1 0.033239 0.281759 0.670117 0.001305 0.013580
2 2 0.061577 0.359467 0.554620 0.003368 0.020968
2 2 0.052480 0.344520 0.557062 0.008663 0.037275
2 2 0.013179 0.173180 0.775454 0.024811 0.013376
2 2 0.009502 0.158677 0.819406 0.002650 0.009765
2 2 0.028215 0.238558 0.723094 0.002747 0.007385
2 2 0.007904 0.138010 0.849697 0.000317 0.004072
2 2 0.066484 0.332624 0.590733 0.003034 0.007125
2 1 0.004479 0.094714 0.839402 0.055800 0.005605
2 2 0.002110 0.063819 0.852740 0.077518 0.003813
2 2 0.000528 0.029261 0.930164 0.038974 0.001073
2 2 0.000876 0.038090 0.927966 0.031806 0.001263
2 2 0.001681 0.055230 0.897256 0.043505 0.002328
2 2 0.001634 0.057218 0.932788 0.006378 0.001981
2 2 0.005862 0.110104 0.854779 0.023160 0.006094
2 2 0.005638 0.101910 0.870672 0.018651 0.003128
2 2 0.007141 0.114659 0.858488 0.016102 0.003609
2 2 0.005165 0.099732 0.859811 0.030936 0.004356
2 2 0.007875 0.073651 0.904430 0.011935 0.002110
2 1 0.025217 0.218878 0.731118 0.016378 0.008408
2 2 0.005964 0.066823 0.892623 0.030584 0.004006
2 2 0.018196 0.182283 0.792251 0.003596 0.003674
2 2 0.021206 0.202123 0.750293 0.018468 0.007909
2 2 0.000657 0.031753 0.924889 0.041472 0.001229
2 2 0.000819 0.038200 0.870018 0.088672 0.002292
2 2 0.009862 0.137674 0.826192 0.020974 0.005298
2 2 0.003509 0.074942 0.913171 0.007263 0.001116
2 2 0.019840 0.112915 0.829006 0.033478 0.004761
2 2 0.020004 0.193483 0.767210 0.013641 0.005663
2 2 0.024845 0.215374 0.738743 0.013605 0.007433
2 2 0.001723 0.055985 0.896396 0.043742 0.002154
2 2 0.001917 0.047820 0.913504 0.035163 0.001597
2 2 0.003392 0.081604 0.855050 0.055801 0.004154
2 2 0.004328 0.093657 0.826097 0.069674 0.006243
2 2 0.010875 0.152535 0.722899 0.099431 0.014260
2 2 0.004801 0.099722 0.786226 0.100944 0.008307
2 2 0.010186 0.083193 0.768505 0.130312 0.007804
2 2 0.006459 0.087842 0.754026 0.143038 0.008634
2 2 0.016874 0.183923 0.770427 0.019991 0.008785
2 2 0.008593 0.143416 0.841351 0.000874 0.005766
2 2 0.038128 0.259959 0.684108 0.009502 0.008304
2 2 0.118017 0.412375 0.447842 0.008040 0.013726
2 2 0.018335 0.179362 0.798699 0.001176 0.002427
2 2 0.014547 0.191428 0.784824 0.000629 0.008571
2 2 0.072505 0.333919 0.582829 0.004430 0.006317
2 2 0.193599 0.336084 0.456465 0.001987 0.011866
0 1 0.409432 0.334354 0.241334 0.004491 0.010388
1 1 0.226623 0.482145 0.266495 0.006578 0.018159
1 1 0.159725 0.452560 0.361291 0.008662 0.017762
2 1 0.080389 0.361258 0.542807 0.005327 0.010219
2 1 0.049844 0.307952 0.629904 0.002911 0.009390
2 0 0.157664 0.330253 0.465209 0.019333 0.027541
1 1 0.221577 0.479189 0.277676 0.005706 0.015851
1 1 0.116408 0.468972 0.383409 0.001048 0.030163
2 1 0.058591 0.392956 0.522628 0.000291 0.025533
1 1 0.176187 0.507687 0.287097 0.000979 0.028050
2 1 0.071228 0.423673 0.474753 0.000317 0.030030
1 1 0.199135 0.503881 0.265995 0.002336 0.028653
2 1 0.074222 0.350804 0.563490 0.003198 0.008286
2 1 0.121816 0.412991 0.447554 0.006256 0.011384
2 0 0.034729 0.262229 0.692972 0.002459 0.007610
1 1 0.225446 0.483062 0.260170 0.008655 0.022667
1 1 0.214967 0.478472 0.287199 0.004630 0.014733
1 1 0.189028 0.506142 0.274540 0.001605 0.028685
1 1 0.162287 0.491100 0.329247 0.000618 0.016748
1 1 0.180222 0.491458 0.309488 0.001256 0.017577
1 1 0.210395 0.487657 0.279668 0.003752 0.018528
1 1 0.203814 0.472457 0.308673 0.003332 0.011725
2 2 0.027934 0.230142 0.733846 0.002577 0.005501
2 2 0.014339 0.167616 0.814326 0.000765 0.002954
2 2 0.074539 0.299271 0.615902 0.002545 0.007742
1 1 0.153986 0.446020 0.377614 0.007316 0.015064
1 1 0.177640 0.454090 0.354048 0.004050 0.010173
1 1 0.215259 0.493116 0.264420 0.004276 0.022928
1 1 0.209631 0.496935 0.257386 0.005150 0.030897
1 1 0.187156 0.503418 0.278827 0.001874 0.028726
1 1 0.191244 0.486443 0.304370 0.001949 0.015994
1 1 0.210843 0.479140 0.281242 0.008169 0.020607
2 2 0.096573 0.376308 0.514107 0.004909 0.008103
1 2 0.219665 0.479662 0.277224 0.006314 0.017136
2 2 0.055675 0.322836 0.567767 0.031185 0.022537
2 2 0.001405 0.028937 0.962421 0.006336 0.000902
2 2 0.006043 0.099311 0.892554 0.001003 0.001088
2 2 0.051064 0.300363 0.633086 0.006342 0.009146
2 2 0.062926 0.315282 0.611937 0.004046 0.005809
1 1 0.212351 0.472807 0.298006 0.004420 0.012416
2 2 0.111213 0.409592 0.448680 0.012042 0.018474
2 2 0.003965 0.093434 0.897341 0.001778 0.003481
2 2 0.027748 0.270220 0.691128 0.000290 0.010613
0 0 0.788190 0.113835 0.068618 0.001117 0.028240
0 0 0.571061 0.256851 0.119352 0.007172 0.045564
1 1 0.204723 0.494244 0.276362 0.002980 0.021692
1 1 0.221661 0.497651 0.246370 0.005176 0.029142
2 1 0.071330 0.360172 0.548111 0.005345 0.015041
1 1 0.294483 0.417133 0.246249 0.003060 0.039075
0 1 0.431234 0.337747 0.207258 0.004383 0.019377
1 1 0.117989 0.450503 0.398316 0.003828 0.029365
1 2 0.122656 0.446413 0.365172 0.015802 0.049957
2 2 0.002357 0.053943 0.881364 0.059746 0.002591
2 2 0.000178 0.013485 0.875201 0.110291 0.000845
2 2 0.000450 0.018771 0.916569 0.063460 0.000750
2 2 0.000299 0.022007 0.807410 0.168502 0.001781
2 2 0.000300 0.022075 0.822892 0.152984 0.001749
2 2 0.003944 0.105758 0.865296 0.012805 0.012197
2 2 0.004179 0.097228 0.879236 0.013377 0.005981
2 2 0.002210 0.083282 0.905910 0.001111 0.007488
2 4 0.070598 0.346931 0.552490 0.014001 0.015981
1 4 0.154204 0.454856 0.316609 0.027907 0.046423
4 4 0.058982 0.358747 0.108478 0.000009 0.473784
4 4 0.095372 0.138380 0.025128 0.000223 0.740897
1 4 0.050144 0.457610 0.210841 0.000001 0.281404
4 4 0.134429 0.150829 0.032150 0.000140 0.682451
4 4 0.033793 0.185818 0.043036 0.000032 0.737321
4 4 0.091910 0.066742 0.012286 0.000040 0.829022
4 4 0.057160 0.055973 0.009581 0.000018 0.877268
4 4 0.048855 0.093442 0.016832 0.000021 0.840850
4 4 0.130210 0.061396 0.011919 0.000049 0.796426
4 4 0.063869 0.029302 0.005203 0.000005 0.901621
4 4 0.198811 0.094213 0.019447 0.000203 0.687327
1 4 0.105371 0.505454 0.202166 0.000047 0.186962
1 4 0.098633 0.504635 0.206865 0.000031 0.189837
1 4 0.113645 0.448325 0.136472 0.000174 0.301383
1 4 0.078286 0.461835 0.173529 0.000012 0.286338
1 4 0.190985 0.519100 0.229422 0.001713 0.058780
2 4 0.066588 0.416981 0.470429 0.000677 0.045325
1 4 0.128929 0.487243 0.309619 0.002603 0.071607
2 4 0.068809 0.406480 0.452152 0.004051 0.068507
2 4 0.053256 0.387318 0.481755 0.001733 0.075939
2 4 0.047237 0.283655 0.654055 0.007434 0.007618
2 2 0.012405 0.156707 0.797023 0.026395 0.007470
2 2 0.076536 0.349358 0.556942 0.007330 0.009833
2 2 0.000440 0.031132 0.954786 0.011506 0.002137
2 2 0.000506 0.030017 0.912498 0.053712 0.003267
2 2 0.001292 0.047596 0.910414 0.038737 0.001961
2 2 0.000169 0.017213 0.942989 0.038649 0.000981
2 2 0.000790 0.035490 0.938349 0.024377 0.000994
2 0 0.064595 0.320178 0.603396 0.005143 0.006689
0 0 0.436254 0.240341 0.297375 0.011826 0.014204
1 1 0.205324 0.502560 0.260260 0.002919 0.028938
1 1 0.147465 0.463320 0.358309 0.005700 0.025205
1 1 0.159163 0.476915 0.334904 0.003775 0.025243
1 1 0.213092 0.491061 0.270801 0.004024 0.021022
1 1 0.348770 0.398948 0.220603 0.003573 0.028107
0 0 0.386594 0.373915 0.211061 0.007318 0.021112
2 1 0.183959 0.370419 0.407253 0.003427 0.034942
1 1 0.216206 0.495236 0.259303 0.004366 0.024889
1 1 0.201453 0.511590 0.243367 0.002483 0.041107
1 1 0.139934 0.434603 0.403103 0.007662 0.014698
1 1 0.131744 0.447329 0.409460 0.000907 0.010560
2 1 0.052996 0.333332 0.595077 0.002803 0.015793
2 2 0.028085 0.252960 0.710696 0.000669 0.007590
2 1 0.038867 0.309662 0.639137 0.000400 0.011934
2 1 0.022401 0.241991 0.726893 0.000255 0.008460
2 1 0.021469 0.196386 0.778248 0.001092 0.002806
2 2 0.057535 0.297046 0.640120 0.001829 0.003470
2 2 0.106496 0.385024 0.498251 0.003587 0.006642
2 2 0.007640 0.126061 0.857827 0.004355 0.004117
2 2 0.001407 0.060623 0.929412 0.004459 0.004099
2 2 0.000233 0.021184 0.974948 0.002828 0.000806
2 2 0.007071 0.115110 0.854636 0.019225 0.003959
2 2 0.003887 0.082399 0.896805 0.014521 0.002388
2 2 0.005048 0.089343 0.899153 0.005101 0.001355
2 2 0.028211 0.222935 0.734941 0.007843 0.006071
2 2 0.003666 0.076512 0.911666 0.006875 0.001281
2 2 0.002377 0.056834 0.911873 0.027107 0.001808
2 1 0.010200 0.136568 0.836484 0.012719 0.004030
2 2 0.001569 0.053014 0.903049 0.040313 0.002055
2 2 0.001043 0.042723 0.906380 0.047920 0.001934
2 2 0.000507 0.029498 0.837567 0.130257 0.002171
2 2 0.000400 0.025453 0.910113 0.062987 0.001046
2 2 0.001619 0.055713 0.797131 0.140319 0.005216
2 2 0.000592 0.032072 0.855982 0.109228 0.002125
2 2 0.001124 0.023890 0.863242 0.110226 0.001518
2 2 0.002688 0.073268 0.781045 0.135103 0.007896
2 2 0.013288 0.057415 0.814028 0.110912 0.004357
2 1 0.003339 0.066012 0.848386 0.078227 0.004036
2 1 0.001828 0.057837 0.894060 0.043926 0.002349
2 2 0.003282 0.019123 0.749511 0.225779 0.002306
2 2 0.002390 0.063655 0.916290 0.016073 0.001593
2 2 0.001739 0.056005 0.900706 0.039099 0.002451
2 2 0.001323 0.048471 0.904302 0.043595 0.002309
2 2 0.000172 0.016544 0.932794 0.049619 0.000871
2 2 0.004584 0.092382 0.875947 0.023787 0.003301
2 2 0.001036 0.037145 0.828554 0.130543 0.002722
2 2 0.000685 0.030374 0.895732 0.071645 0.001565
2 2 0.007180 0.122173 0.671066 0.182174 0.017407
2 2 0.001421 0.044125 0.847216 0.104384 0.002854
2 2 0.004765 0.063055 0.751985 0.172572 0.007623
2 2 0.001361 0.038335 0.745861 0.210466 0.003977
3 2 0.004023 0.020815 0.326060 0.641920 0.007182
2 2 0.000506 0.008786 0.706318 0.283426 0.000965
2 2 0.001430 0.017849 0.731427 0.247194 0.002100
2 2 0.001624 0.038900 0.616104 0.336390 0.006983
3 2 0.000805 0.015644 0.486483 0.493734 0.003335
2 2 0.000782 0.031025 0.533496 0.428606 0.006092
2 2 0.003255 0.015424 0.496091 0.482022 0.003209
2 2 0.000822 0.021538 0.590893 0.382832 0.003916
2 2 0.001089 0.042077 0.581067 0.368528 0.007239
2 2 0.001644 0.028879 0.507613 0.455359 0.006504
2 2 0.001519 0.048602 0.505378 0.433703 0.010798
2 2 0.001174 0.044333 0.603373 0.343674 0.007446
2 2 0.001059 0.029710 0.756856 0.209481 0.002894
2 2 0.002413 0.048717 0.564419 0.375300 0.009150
2 2 0.000733 0.014955 0.585500 0.396497 0.002315
2 2 0.001473 0.048120 0.517547 0.423686 0.009175
2 2 0.001570 0.041500 0.507787 0.440661 0.008482
3 2 0.001394 0.018277 0.355896 0.618775 0.005658
3 3 0.001783 0.017759 0.224067 0.748472 0.007918
2 2 0.001774 0.027040 0.502085 0.463297 0.005805
3 2 0.003017 0.023749 0.301303 0.662813 0.009118
2 2 0.001738 0.020798 0.508240 0.464942 0.004283
3 2 0.001659 0.032787 0.373490 0.581322 0.010743
3 3 0.003468 0.057011 0.345678 0.573404 0.020439
3 2 0.002157 0.056281 0.433629 0.491634 0.016300
3 3 0.002622 0.009512 0.214447 0.768877 0.004542
3 2 0.012351 0.051514 0.457212 0.467223 0.011700
3 3 0.004701 0.013500 0.202626 0.771186 0.007988
3 3 0.003079 0.030982 0.468485 0.489985 0.007470
2 2 0.007734 0.058603 0.540388 0.379308 0.013967
2 2 0.003337 0.080756 0.726215 0.179634 0.010058
2 2 0.002763 0.072446 0.651903 0.262453 0.010434
2 2 0.013790 0.073849 0.866695 0.042469 0.003197
2 0 0.076885 0.167942 0.696691 0.045549 0.012933
2 1 0.035214 0.264976 0.677928 0.008984 0.012899
2 2 0.016183 0.190007 0.784838 0.001818 0.007154
2 1 0.110642 0.348017 0.514680 0.009570 0.017091
2 1 0.173286 0.240557 0.571630 0.006397 0.008131
1 1 0.223803 0.480543 0.272754 0.006074 0.016826
0 1 0.441047 0.276751 0.235695 0.005838 0.040669
1 1 0.160668 0.451214 0.369370 0.005282 0.013466
2 1 0.094528 0.397255 0.461598 0.018376 0.028243
2 1 0.052155 0.331089 0.598495 0.002735 0.015526
1 1 0.248027 0.454801 0.276394 0.003060 0.017717
1 1 0.187287 0.512926 0.261480 0.001467 0.036841
1 1 0.221537 0.497005 0.212219 0.002125 0.067113
1 1 0.181557 0.507493 0.281079 0.001205 0.028666
1 1 0.088396 0.454831 0.404674 0.000812 0.051287
0 0 0.519239 0.281635 0.149195 0.001584 0.048347
0 1 0.436052 0.341223 0.193787 0.008880 0.020058
1 1 0.338705 0.403331 0.231953 0.007516 0.018495
0 1 0.806210 0.107755 0.061386 0.007085 0.017564
0 0 0.833709 0.089951 0.059283 0.002130 0.014926
0 0 0.872781 0.063945 0.030911 0.005365 0.026998
0 0 0.785043 0.110547 0.095885 0.003230 0.005295
0 0 0.627136 0.185743 0.180197 0.002372 0.004552
0 0 0.669067 0.154646 0.171580 0.001657 0.003050
0 0 0.628782 0.181055 0.184087 0.002085 0.003991
0 0 0.651037 0.166957 0.176594 0.001883 0.003529
0 0 0.729150 0.137725 0.125220 0.002880 0.005026
0 0 0.930002 0.034185 0.030202 0.002493 0.003118
0 0 0.972941 0.010760 0.008265 0.004513 0.003521
0 0 0.896870 0.051577 0.041914 0.004322 0.005318
0 0 0.945744 0.026429 0.021420 0.002943 0.003464
0 0 0.904615 0.048524 0.038450 0.003593 0.004818
0 0 0.383642 0.268988 0.327660 0.008319 0.011391
2 0 0.344089 0.270971 0.359406 0.011589 0.013945
0 0 0.619575 0.190604 0.182647 0.002447 0.004728
2 0 0.067308 0.322073 0.595604 0.006732 0.008283
1 1 0.311942 0.432632 0.220477 0.009932 0.025017
1 1 0.145148 0.456496 0.377099 0.003636 0.017621
2 1 0.090409 0.392198 0.495705 0.005475 0.016213
2 1 0.078624 0.365790 0.514703 0.018997 0.021887
2 1 0.047005 0.308830 0.629639 0.002792 0.011733
2 2 0.020469 0.207536 0.695506 0.060382 0.016107
2 2 0.001585 0.054833 0.849480 0.090327 0.003775
2 2 0.003184 0.039961 0.908935 0.046280 0.001640
2 2 0.010821 0.139965 0.834429 0.011341 0.003443
2 2 0.000408 0.013755 0.924102 0.061192 0.000543
2 2 0.040200 0.258529 0.690912 0.005164 0.005195
2 2 0.000728 0.034304 0.933376 0.030580 0.001012
2 2 0.012513 0.155463 0.806524 0.020245 0.005255
2 2 0.007669 0.117091 0.860517 0.011812 0.002911
2 2 0.002167 0.060338 0.920015 0.016007 0.001473
2 1 0.121577 0.411635 0.450214 0.005836 0.010738
2 2 0.004079 0.086156 0.886447 0.020707 0.002611
2 2 0.000592 0.031083 0.925668 0.041362 0.001294
2 1 0.005290 0.092717 0.894256 0.006278 0.001459
2 1 0.029005 0.167932 0.799883 0.001728 0.001451
1 1 0.207199 0.469351 0.308613 0.003821 0.011016
1 1 0.216045 0.464775 0.296542 0.002855 0.019783
1 1 0.226698 0.485373 0.250515 0.010503 0.026911
1 1 0.188616 0.462347 0.332687 0.004589 0.011761
2 2 0.002001 0.076065 0.846089 0.059114 0.016731
2 2 0.000101 0.012119 0.950845 0.036464 0.000471
2 2 0.000065 0.009538 0.917122 0.072823 0.000451
2 2 0.000254 0.019714 0.926808 0.052469 0.000754
2 2 0.000204 0.016690 0.951420 0.031264 0.000422
2 2 0.000198 0.016843 0.944350 0.038100 0.000509
2 2 0.000582 0.030952 0.920455 0.046850 0.001161
2 2 0.001302 0.047335 0.917961 0.031399 0.002003
2 2 0.000976 0.041837 0.881359 0.073674 0.002153
2 2 0.004653 0.096934 0.831294 0.060737 0.006383
2 2 0.000382 0.024681 0.918151 0.055774 0.001013
2 2 0.000252 0.019235 0.943729 0.036170 0.000613
2 2 0.000168 0.015462 0.850258 0.133060 0.001051
2 2 0.001973 0.061954 0.822859 0.108169 0.005045
2 2 0.001403 0.051406 0.769368 0.172359 0.005463
2 2 0.006104 0.113196 0.734701 0.133764 0.012235
2 2 0.000897 0.040039 0.747487 0.207142 0.004435
2 2 0.000421 0.026610 0.827045 0.143961 0.001963
2 2 0.001016 0.042699 0.728417 0.223119 0.004749
2 2 0.000777 0.026818 0.668826 0.299680 0.003899
2 2 0.000824 0.038528 0.815959 0.141780 0.002909
2 2 0.005477 0.106992 0.748585 0.128119 0.010827
2 2 0.002969 0.064792 0.760581 0.165081 0.006576
2 2 0.001364 0.048166 0.602645 0.338393 0.009432
2 2 0.000717 0.032610 0.845859 0.118429 0.002384
2 2 0.002478 0.060187 0.721538 0.208858 0.006939
2 2 0.000719 0.035329 0.732748 0.227356 0.003849
2 2 0.003081 0.059831 0.617288 0.310053 0.009747
2 2 0.001077 0.043598 0.685050 0.264127 0.006147
2 2 0.002423 0.021205 0.628139 0.344938 0.003296
2 2 0.002670 0.070100 0.614153 0.300230 0.012848
3 2 0.001489 0.015606 0.376652 0.601393 0.004860
3 2 0.004198 0.030243 0.423744 0.534044 0.007771
3 3 0.001063 0.011712 0.315171 0.668496 0.003558
2 3 0.001346 0.045867 0.520701 0.422043 0.010044
2 3 0.001097 0.026057 0.516672 0.450743 0.005431
3 3 0.002344 0.059564 0.448529 0.474799 0.014765
3 3 0.001939 0.026204 0.282300 0.679029 0.010529
3 3 0.000799 0.007927 0.245419 0.742754 0.003100
3 3 0.000637 0.028910 0.450277 0.513099 0.007077
3 3 0.000893 0.010293 0.307147 0.678278 0.003389
3 3 0.002769 0.014041 0.141320 0.832208 0.009661
3 3 0.002532 0.015335 0.221935 0.752425 0.007772
2 2 0.004119 0.037983 0.476563 0.472469 0.008866
2 2 0.005353 0.102777 0.620765 0.253920 0.017185
2 2 0.003429 0.080545 0.618088 0.285515 0.012423
2 2 0.005577 0.107992 0.764143 0.111380 0.010908
2 2 0.003964 0.060113 0.698313 0.229600 0.008010
2 2 0.012158 0.160733 0.659708 0.145915 0.021486
2 2 0.003693 0.085546 0.848189 0.058153 0.004419
2 2 0.003660 0.072799 0.769160 0.147410 0.006970
2 2 0.017382 0.120320 0.759134 0.091906 0.011258
2 1 0.012831 0.157166 0.805186 0.019430 0.005387
2 1 0.026135 0.218604 0.737161 0.011125 0.006975
2 2 0.009106 0.135828 0.808466 0.039061 0.007539
2 2 0.009309 0.092223 0.853096 0.041192 0.004179
2 2 0.006823 0.118516 0.808412 0.058263 0.007987
2 2 0.002578 0.066570 0.911923 0.017175 0.001755
2 1 0.079375 0.365963 0.520854 0.016493 0.017314
1 1 0.129362 0.427082 0.417542 0.009426 0.016587
1 1 0.145275 0.446531 0.368388 0.014379 0.025427
1 1 0.150668 0.444549 0.380782 0.008004 0.015996
2 1 0.067127 0.333673 0.579591 0.008903 0.010706
2 2 0.015513 0.170891 0.792831 0.014836 0.005929
2 2 0.006128 0.103335 0.877520 0.010582 0.002435
2 2 0.001128 0.044402 0.909356 0.043230 0.001884
2 2 0.000489 0.027445 0.943117 0.028200 0.000748
2 2 0.000423 0.026118 0.917426 0.054929 0.001104
2 2 0.001707 0.055051 0.907621 0.033511 0.002109
2 2 0.001201 0.047084 0.861497 0.087350 0.002868
2 2 0.006091 0.103336 0.876993 0.011246 0.002334
2 2 0.002309 0.065806 0.882788 0.046155 0.002942
2 2 0.000275 0.020330 0.937779 0.040958 0.000658
2 2 0.000802 0.037934 0.801379 0.156510 0.003375
2 2 0.000835 0.034857 0.873204 0.089215 0.001890
2 2 0.003469 0.084011 0.776957 0.127694 0.007868
2 2 0.001824 0.056066 0.847106 0.091220 0.003785
2 2 0.000570 0.028998 0.825629 0.142618 0.002185
2 2 0.004717 0.098909 0.765589 0.121314 0.009471
2 2 0.000942 0.033518 0.781478 0.180790 0.003272
2 2 0.003294 0.079181 0.875014 0.038975 0.003537
2 2 0.002725 0.073702 0.816141 0.101829 0.005602
2 2 0.002592 0.045272 0.724784 0.222146 0.005206
2 2 0.005431 0.106455 0.737858 0.139291 0.010965
2 2 0.001764 0.049547 0.694748 0.247840 0.006102
2 2 0.003232 0.056833 0.777840 0.157172 0.004923
2 2 0.002479 0.036741 0.711108 0.245264 0.004408
2 2 0.001466 0.041873 0.750348 0.201889 0.004424
2 2 0.001284 0.036303 0.706698 0.251427 0.004288
2 2 0.001009 0.022038 0.784112 0.190858 0.001984
2 2 0.005828 0.108734 0.652349 0.216958 0.016131
2 2 0.001949 0.060670 0.698889 0.230991 0.007501
2 2 0.003583 0.083367 0.745790 0.159111 0.008149
2 2 0.002148 0.056854 0.797985 0.137737 0.005277
2 2 0.007775 0.128417 0.721830 0.128694 0.013284
2 2 0.004194 0.064432 0.645292 0.275755 0.010327
2 2 0.001623 0.042053 0.770505 0.181632 0.004187
2 2 0.003938 0.087325 0.632251 0.261582 0.014904
2 2 0.002515 0.067559 0.684058 0.237155 0.008712
2 2 0.002238 0.027329 0.608828 0.357037 0.004568
2 2 0.002136 0.041870 0.747395 0.204041 0.004557
2 2 0.003170 0.035907 0.754111 0.202648 0.004164
2 2 0.000422 0.017079 0.641159 0.339099 0.002241
2 2 0.000762 0.019272 0.765751 0.212249 0.001966
2 2 0.001181 0.046700 0.759241 0.187717 0.005160
2 2 0.001252 0.048431 0.816207 0.130601 0.003508
2 2 0.000262 0.013592 0.705119 0.279430 0.001598
2 2 0.001739 0.041317 0.642805 0.307718 0.006420
2 2 0.001499 0.046483 0.673186 0.272818 0.006014
2 2 0.000868 0.038922 0.706164 0.249265 0.004781
2 2 0.004940 0.087573 0.630001 0.263574 0.013912
2 2 0.001177 0.034407 0.487850 0.468787 0.007778
2 2 0.003246 0.072302 0.468677 0.437129 0.018647
2 2 0.001530 0.041790 0.557131 0.392438 0.007110
2 2 0.001282 0.047880 0.677790 0.267222 0.005825
3 2 0.002849 0.034328 0.463169 0.491955 0.007699
3 2 0.003739 0.027279 0.412399 0.549212 0.007371
2 2 0.003437 0.067656 0.571799 0.344688 0.012421
2 2 0.003519 0.080920 0.594825 0.306662 0.014075
2 2 0.007762 0.044220 0.498678 0.439387 0.009953
2 2 0.006310 0.043453 0.558914 0.383082 0.008241
3 2 0.004088 0.057544 0.354524 0.564715 0.019129
3 2 0.001561 0.021731 0.469212 0.502445 0.005051
3 2 0.003193 0.047015 0.449450 0.488867 0.011474
3 2 0.007821 0.053280 0.360180 0.561826 0.016893
2 2 0.003386 0.033130 0.534205 0.422917 0.006362
3 2 0.002244 0.010738 0.347934 0.635847 0.003237
2 2 0.006773 0.114145 0.564340 0.295099 0.019642
2 2 0.001924 0.049620 0.647631 0.293658 0.007167
2 2 0.001884 0.056081 0.642136 0.292083 0.007816
2 2 0.001742 0.039094 0.506149 0.444760 0.008255
3 2 0.009697 0.057612 0.411521 0.504982 0.016189
2 2 0.002519 0.050642 0.590563 0.347343 0.008932
2 2 0.004242 0.075360 0.505782 0.397054 0.017561
2 2 0.010416 0.105668 0.520513 0.341607 0.021796
2 2 0.004325 0.085545 0.525987 0.365110 0.019033
2 2 0.006002 0.028839 0.508469 0.450655 0.006034
2 2 0.002939 0.068319 0.585255 0.332543 0.010944
3 3 0.003592 0.039062 0.330042 0.613330 0.013974
2 2 0.003210 0.079470 0.687029 0.221119 0.009172
2 1 0.005365 0.015425 0.510097 0.466006 0.003107
2 2 0.013637 0.105690 0.763700 0.106925 0.010048
0 0 0.687677 0.135732 0.146303 0.016021 0.014267
2 1 0.040654 0.280874 0.630848 0.029705 0.017918
2 1 0.022895 0.215343 0.714614 0.034056 0.013092
2 2 0.003516 0.054247 0.900997 0.039016 0.002223
2 2 0.061989 0.349199 0.517251 0.029308 0.042253
2 2 0.040796 0.310660 0.604771 0.010163 0.033610
2 4 0.023044 0.236562 0.700654 0.009483 0.030257
1 4 0.125637 0.456408 0.337489 0.014273 0.066193
2 4 0.037782 0.297102 0.619101 0.012178 0.033836
1 4 0.075797 0.400067 0.149300 0.000111 0.374724
4 4 0.069050 0.218713 0.037760 0.000505 0.673972
4 4 0.052262 0.100436 0.016828 0.000057 0.830417
4 4 0.113950 0.040885 0.027486 0.001398 0.816281
4 4 0.085249 0.325235 0.075041 0.000188 0.514287
1 4 0.071029 0.475160 0.197423 0.000005 0.256383
4 4 0.061815 0.115574 0.020975 0.000052 0.801584
4 4 0.071097 0.094112 0.016435 0.000070 0.818286
4 4 0.031659 0.127170 0.019536 0.000069 0.821566
4 4 0.138427 0.032247 0.010332 0.000068 0.818926
4 4 0.014112 0.090821 0.015323 0.000002 0.879742
4 4 0.007696 0.052599 0.007585 0.000001 0.932119
4 4 0.010569 0.074287 0.012178 0.000001 0.902965
4 4 0.150498 0.016681 0.003453 0.000004 0.829364
4 4 0.027616 0.037791 0.005872 0.000004 0.928716
4 4 0.078024 0.095702 0.016949 0.000079 0.809247
1 4 0.075119 0.433024 0.149433 0.000014 0.342411
1 4 0.096076 0.440877 0.140199 0.000063 0.322785
1 4 0.089298 0.448259 0.150981 0.000035 0.311427
4 4 0.070175 0.386937 0.118346 0.000018 0.424524
1 4 0.074265 0.471745 0.257995 0.000050 0.195946
1 4 0.156109 0.501126 0.170481 0.000678 0.171606
1 4 0.097811 0.447277 0.144334 0.000065 0.310512
1 4 0.130174 0.486233 0.162781 0.000252 0.220560
1 4 0.131449 0.419033 0.109173 0.000707 0.339639
4 4 0.026469 0.138831 0.024889 0.000012 0.809798
4 4 0.045589 0.287466 0.077244 0.000006 0.589695
4 4 0.102536 0.177352 0.035755 0.000175 0.684181
4 4 0.043425 0.309007 0.091382 0.000003 0.556184
4 4 0.041339 0.242405 0.057803 0.000009 0.658443
1 4 0.139837 0.461845 0.136545 0.000571 0.261201
1 4 0.245665 0.403820 0.180064 0.000090 0.170361
1 4 0.128074 0.472110 0.149892 0.000276 0.249648
1 4 0.128251 0.509496 0.193145 0.000164 0.168944
1 4 0.124226 0.499138 0.180680 0.000154 0.195802
1 4 0.144083 0.466618 0.139064 0.000651 0.249584
1 4 0.082201 0.459843 0.167672 0.000017 0.290267
1 4 0.112086 0.436984 0.128618 0.000188 0.322124
1 4 0.099709 0.434872 0.133367 0.000089 0.331963
4 4 0.080800 0.317455 0.073086 0.000153 0.528506
1 4 0.080395 0.444200 0.154539 0.000018 0.320848
4 4 0.088155 0.340506 0.081335 0.000178 0.489826
4 4 0.065169 0.281195 0.062962 0.000076 0.590598
4 4 0.226330 0.113354 0.026040 0.000159 0.634116
4 4 0.122818 0.045174 0.008763 0.000024 0.823222
4 4 0.158804 0.076252 0.015212 0.000097 0.749635
4 4 0.054714 0.249999 0.054070 0.000048 0.641169
4 4 0.243895 0.041177 0.008997 0.000043 0.705889
4 4 0.239373 0.096669 0.020624 0.000275 0.643058
4 4 0.208204 0.221683 0.052120 0.000565 0.517428
4 4 0.058753 0.081446 0.014218 0.000033 0.845550
4 4 0.078903 0.390513 0.114668 0.000036 0.415880
1 4 0.141738 0.395241 0.137547 0.000049 0.325425
4 4 0.089814 0.338205 0.079558 0.000210 0.492212
4 4 0.067011 0.395282 0.126800 0.000011 0.410896
4 4 0.062361 0.345990 0.097927 0.000016 0.493706
4 4 0.066709 0.335618 0.089145 0.000030 0.508497
4 4 0.064636 0.183460 0.040225 0.000027 0.711652
4 4 0.241499 0.232963 0.068383 0.000135 0.457021
4 4 0.224452 0.221538 0.054097 0.000505 0.499409
4 4 0.052459 0.214700 0.042579 0.000065 0.690198
1 4 0.092204 0.512308 0.227557 0.000017 0.167914
1 4 0.106574 0.481315 0.170558 0.000071 0.241482
1 4 0.077013 0.407831 0.127974 0.000024 0.387158
4 4 0.074345 0.274480 0.056660 0.000211 0.594303
4 4 0.070373 0.326916 0.082449 0.000051 0.520212
4 4 0.213269 0.084074 0.017611 0.000171 0.684875
4 4 0.377755 0.099201 0.023209 0.000633 0.499202
1 4 0.126736 0.447621 0.130260 0.000364 0.295020
4 4 0.205522 0.279416 0.072614 0.000467 0.441981
1 4 0.088966 0.451776 0.154344 0.000032 0.304882
4 4 0.162108 0.143218 0.028365 0.000426 0.665882
4 4 0.141753 0.262930 0.068279 0.000116 0.526923
4 4 0.205851 0.298037 0.083856 0.000290 0.411966
1 4 0.143871 0.399626 0.094580 0.001735 0.360188
4 4 0.061305 0.332811 0.090978 0.000018 0.514888
4 4 0.049462 0.252537 0.057694 0.000023 0.640284
4 4 0.034413 0.096219 0.015698 0.000026 0.853643
4 4 0.027315 0.114440 0.017233 0.000048 0.840964
4 4 0.053585 0.297647 0.076961 0.000014 0.571792
1 4 0.151884 0.515671 0.194241 0.000455 0.137748
1 4 0.082803 0.480439 0.259277 0.000085 0.177396
1 4 0.179173 0.518729 0.200165 0.001250 0.100683
1 4 0.135951 0.518578 0.205618 0.000210 0.139643
1 4 0.134366 0.418543 0.130794 0.003712 0.312585
4 4 0.039512 0.110761 0.017816 0.000055 0.831856
4 4 0.039835 0.220670 0.049087 0.000012 0.690396
4 4 0.072096 0.358678 0.099076 0.000034 0.470116
4 4 0.058716 0.337058 0.095248 0.000012 0.508965
4 4 0.055208 0.367525 0.117827 0.000005 0.459435
1 4 0.117923 0.490872 0.195125 0.000253 0.195827
1 4 0.135348 0.479337 0.153638 0.000360 0.231317
1 4 0.148066 0.513178 0.190807 0.000401 0.147548
1 4 0.126254 0.527320 0.234675 0.000111 0.111641
1 4 0.132038 0.515160 0.200777 0.000183 0.151843
1 4 0.154183 0.527366 0.230734 0.000402 0.087315
1 4 0.161565 0.515236 0.191335 0.000686 0.131178
1 4 0.179884 0.511307 0.182263 0.001461 0.125085
1 4 0.073194 0.474603 0.345162 0.000086 0.106956
1 4 0.116468 0.530184 0.258799 0.000060 0.094489
1 4 0.195282 0.518176 0.218895 0.002054 0.065593
1 4 0.223634 0.504921 0.183894 0.006207 0.081344
1 4 0.204860 0.513449 0.228735 0.002831 0.050124
1 1 0.175311 0.514955 0.211517 0.001684 0.096532
1 1 0.200857 0.515466 0.203019 0.002651 0.078008
1 1 0.107090 0.498810 0.290488 0.000343 0.103268
1 1 0.168914 0.522796 0.256224 0.000701 0.051366
1 1 0.188140 0.518978 0.238399 0.001518 0.052965
1 1 0.208174 0.508070 0.181052 0.003850 0.098855
1 1 0.173181 0.523470 0.218270 0.000909 0.084169
1 1 0.193580 0.518709 0.220624 0.001923 0.065163
0 0 0.380892 0.355859 0.191006 0.000344 0.071898
1 1 0.163419 0.526166 0.244802 0.000567 0.065045
1 1 0.168720 0.523671 0.252192 0.000698 0.054719
1 0 0.347489 0.385294 0.174456 0.000860 0.091901
1 1 0.113574 0.530436 0.278614 0.000049 0.077327
1 1 0.150394 0.524105 0.215073 0.000370 0.110057
1 1 0.136313 0.523545 0.217334 0.000197 0.122611
1 1 0.171224 0.518082 0.197033 0.000950 0.112710
1 1 0.142733 0.524980 0.219459 0.000259 0.112569
1 1 0.134223 0.462449 0.139044 0.000432 0.263852
1 0 0.140979 0.493160 0.165854 0.000388 0.199619
1 0 0.168814 0.487208 0.188008 0.000291 0.155680
1 1 0.118189 0.518769 0.216163 0.000083 0.146796
1 1 0.126050 0.524902 0.226422 0.000115 0.122512
1 1 0.127067 0.491377 0.169866 0.000200 0.211492
1 1 0.125858 0.510002 0.195241 0.000144 0.168756
1 1 0.149538 0.513660 0.191196 0.000424 0.145181
1 1 0.135764 0.497594 0.173189 0.000284 0.193169
1 1 0.137176 0.516702 0.201309 0.000230 0.144584
1 0 0.270829 0.456562 0.218727 0.001883 0.052000
1 0 0.175455 0.522454 0.245882 0.000922 0.055286
0 0 0.411481 0.337687 0.184589 0.000398 0.065845
1 1 0.154441 0.527962 0.247621 0.000386 0.069590
1 1 0.164042 0.526154 0.242759 0.000585 0.066460
1 0 0.148020 0.529014 0.247028 0.000292 0.075646
1 0 0.154541 0.527242 0.255850 0.000382 0.061985
1 0 0.148524 0.526746 0.225501 0.000323 0.098905
1 1 0.158637 0.526561 0.227544 0.000491 0.086766
1 1 0.155328 0.523417 0.212368 0.000462 0.108426
1 1 0.196331 0.497883 0.280696 0.002179 0.022911
1 1 0.166331 0.512462 0.288930 0.000645 0.031631
1 1 0.195312 0.499331 0.279443 0.002085 0.023828
1 1 0.199206 0.487669 0.269352 0.009327 0.034446
1 1 0.194857 0.509646 0.259068 0.001960 0.034468
1 1 0.181529 0.485278 0.313968 0.001943 0.017282
1 1 0.200550 0.493919 0.277807 0.003513 0.024211
1 1 0.188623 0.486308 0.307532 0.001775 0.015763
2 1 0.064709 0.353672 0.545270 0.011602 0.024746
2 1 0.070413 0.373312 0.537573 0.002296 0.016406
2 2 0.043875 0.301216 0.634338 0.005324 0.015247
2 2 0.088447 0.388885 0.485819 0.013245 0.023604
1 1 0.183180 0.477778 0.325096 0.001542 0.012404
1 1 0.211491 0.488285 0.277305 0.003877 0.019041
1 1 0.133555 0.454311 0.383414 0.004746 0.023973
2 1 0.109691 0.405879 0.457620 0.010481 0.016330
1 1 0.212371 0.472822 0.297963 0.004422 0.012423
1 1 0.205808 0.471315 0.304999 0.004825 0.013052
0 0 0.593629 0.190451 0.181922 0.015304 0.018694
1 0 0.216044 0.475504 0.289875 0.004893 0.013685
1 1 0.207143 0.468704 0.309489 0.003832 0.010832
2 1 0.108914 0.421419 0.456246 0.001585 0.011836
1 1 0.200697 0.486697 0.292998 0.002715 0.016893
1 1 0.213021 0.479593 0.288088 0.004311 0.014988
1 1 0.172853 0.486544 0.320188 0.001645 0.018770
1 1 0.213710 0.476622 0.288356 0.005761 0.015551
1 1 0.151557 0.442322 0.386214 0.006460 0.013447
1 1 0.203783 0.465881 0.316918 0.003496 0.009922
1 1 0.201826 0.468279 0.316239 0.003212 0.010444
2 1 0.117642 0.424379 0.439054 0.004232 0.014692
2 1 0.060633 0.315386 0.609309 0.006677 0.007994
2 2 0.016288 0.160024 0.818862 0.002819 0.002007
2 2 0.079613 0.353300 0.551327 0.006568 0.009192
2 1 0.116145 0.400358 0.471045 0.004312 0.008141
2 2 0.022139 0.187115 0.785557 0.002838 0.002352
2 2 0.040376 0.248922 0.705461 0.002424 0.002816
2 1 0.100725 0.369408 0.523652 0.001986 0.004230
2 2 0.018316 0.181298 0.796736 0.001073 0.002577
2 2 0.034574 0.245758 0.705229 0.007755 0.006684
2 2 0.027762 0.211159 0.754819 0.003288 0.002972
2 2 0.025014 0.213362 0.751890 0.004467 0.005267
2 2 0.054342 0.296689 0.637815 0.005106 0.006048
1 0 0.279910 0.447268 0.245244 0.007652 0.019925
2 2 0.032920 0.272946 0.683335 0.001050 0.009749
2 2 0.000715 0.041525 0.950008 0.004857 0.002895
2 2 0.000039 0.009044 0.985751 0.004446 0.000720
2 2 0.000411 0.029149 0.960436 0.008538 0.001466
2 2 0.000118 0.015621 0.980733 0.002752 0.000776
2 2 0.000033 0.007963 0.982816 0.008575 0.000614
2 2 0.000515 0.031979 0.950823 0.014890 0.001794
2 2 0.000199 0.019754 0.956161 0.022559 0.001327
2 2 0.000621 0.034658 0.929677 0.033252 0.001791
2 2 0.000148 0.018353 0.978960 0.001565 0.000974
2 2 0.000454 0.029240 0.948377 0.020413 0.001515
2 2 0.000953 0.044470 0.949028 0.003843 0.001707
2 2 0.001253 0.047700 0.886535 0.061851 0.002661
2 2 0.000344 0.024590 0.841174 0.131703 0.002189
2 2 0.001524 0.052889 0.927606 0.016270 0.001711
2 2 0.000273 0.021555 0.959198 0.018194 0.000781
2 2 0.000816 0.039710 0.910812 0.046193 0.002470
2 2 0.000140 0.014358 0.899424 0.085380 0.000698
2 2 0.000382 0.024566 0.924476 0.049586 0.000990
2 2 0.000169 0.016009 0.877593 0.105271 0.000958
2 2 0.000328 0.022923 0.900556 0.074968 0.001225
2 2 0.000095 0.011581 0.888124 0.099590 0.000611
2 2 0.000410 0.014178 0.790651 0.193407 0.001354
2 2 0.000036 0.006804 0.807739 0.184878 0.000542
2 2 0.000104 0.009438 0.866150 0.123710 0.000598
2 2 0.000260 0.020231 0.765269 0.212227 0.002013
2 2 0.000079 0.010501 0.792616 0.195870 0.000934
2 2 0.000160 0.005094 0.749803 0.244426 0.000517
2 2 0.000105 0.007445 0.793183 0.198595 0.000673
2 2 0.000212 0.012711 0.694832 0.290624 0.001622
2 2 0.000296 0.021087 0.656553 0.318571 0.003493
2 2 0.000098 0.011833 0.807563 0.179458 0.001048
2 2 0.000393 0.018099 0.639635 0.339205 0.002667
2 2 0.000207 0.003640 0.527664 0.467820 0.000667
3 2 0.000269 0.004701 0.364281 0.629452 0.001297
3 2 0.000293 0.007834 0.490307 0.499961 0.001606
2 2 0.000036 0.003225 0.679930 0.316432 0.000378
3 3 0.000400 0.003930 0.145041 0.848111 0.002518
3 3 0.000348 0.010346 0.257028 0.727854 0.004424
3 3 0.000074 0.008311 0.394014 0.595512 0.002089
3 3 0.000208 0.007440 0.178822 0.809680 0.003850
3 3 0.000874 0.005785 0.192017 0.798253 0.003072
3 3 0.000367 0.004594 0.319079 0.674599 0.001360
3 3 0.000444 0.003424 0.136521 0.857491 0.002120
3 3 0.000178 0.011509 0.278344 0.705605 0.004364
3 3 0.000107 0.004943 0.258398 0.734779 0.001773
3 3 0.000683 0.002635 0.119443 0.875377 0.001862
3 3 0.000130 0.001518 0.158438 0.839119 0.000795
3 3 0.000701 0.005082 0.090534 0.899727 0.003956
3 3 0.001244 0.004414 0.077420 0.912995 0.003927
3 3 0.000368 0.006926 0.142340 0.846273 0.004094
3 3 0.000203 0.002479 0.225994 0.770348 0.000976
3 3 0.000575 0.001534 0.054734 0.941555 0.001602
3 3 0.000313 0.001533 0.067274 0.929474 0.001406
3 3 0.000758 0.003004 0.069686 0.923804 0.002747
3 3 0.000300 0.002345 0.082081 0.913374 0.001901
3 3 0.000489 0.007582 0.100657 0.886098 0.005174
3 3 0.000060 0.001875 0.097830 0.899003 0.001233
3 3 0.002250 0.003262 0.053300 0.937575 0.003614
3 3 0.000515 0.004002 0.098094 0.894351 0.003038
3 3 0.000202 0.002480 0.075423 0.919944 0.001951
3 3 0.000224 0.002288 0.079627 0.916047 0.001814
3 3 0.000970 0.007715 0.118901 0.867003 0.005412
3 3 0.000171 0.003657 0.134840 0.859137 0.002195
3 3 0.000345 0.004265 0.141077 0.851836 0.002476
3 3 0.000729 0.003196 0.065231 0.927906 0.002939
3 3 0.000288 0.005274 0.134517 0.856655 0.003266
3 3 0.000866 0.002872 0.072608 0.921001 0.002654
3 3 0.000675 0.002736 0.060630 0.933356 0.002603
3 3 0.000914 0.003867 0.060415 0.931173 0.003631
3 3 0.000858 0.002754 0.064814 0.928932 0.002642
3 3 0.000336 0.003188 0.076959 0.916963 0.002553
3 3 0.000503 0.002986 0.079720 0.914286 0.002505
3 3 0.000118 0.001708 0.107042 0.890014 0.001117
3 3 0.000209 0.002381 0.087772 0.907829 0.001810
3 3 0.000908 0.002481 0.055668 0.938403 0.002539
3 3 0.000427 0.002567 0.083981 0.910899 0.002127
3 3 0.000138 0.001407 0.067382 0.929888 0.001185
3 3 0.000431 0.001443 0.059439 0.937252 0.001436
3 3 0.000690 0.004396 0.080033 0.911264 0.003617
3 3 0.000745 0.002300 0.061568 0.933126 0.002260
3 3 0.000031 0.001332 0.106782 0.891041 0.000813
3 3 0.000279 0.001120 0.057913 0.939639 0.001048
3 3 0.000479 0.003637 0.077034 0.915871 0.002979
3 3 0.000494 0.003429 0.067166 0.925953 0.002957
3 3 0.000044 0.000787 0.069685 0.928859 0.000624
3 3 0.000831 0.002101 0.047713 0.947080 0.002276
3 3 0.000563 0.003884 0.078706 0.913654 0.003192
