0 0 0.977190 0.013581 0.001902 0.000009 0.007319
0 0 0.977509 0.013380 0.001865 0.000009 0.007237
0 0 0.979171 0.012333 0.001680 0.000007 0.006809
0 0 0.941893 0.036144 0.006722 0.000069 0.015173
0 0 0.996362 0.001853 0.000148 0.000000 0.001637
0 0 0.985689 0.008262 0.001004 0.000003 0.005042
0 0 0.984625 0.008922 0.001108 0.000004 0.005341
0 0 0.967980 0.019424 0.003014 0.000019 0.009563
0 0 0.953107 0.028940 0.005041 0.000043 0.012869
0 0 0.949883 0.031009 0.005512 0.000050 0.013545
0 0 0.720003 0.175879 0.054868 0.002412 0.046838
0 0 0.856119 0.091084 0.022525 0.000516 0.029757
0 0 0.798318 0.127534 0.035333 0.001113 0.037702
0 0 0.731086 0.169119 0.051962 0.002188 0.045645
0 1 0.647375 0.219430 0.075016 0.004264 0.053914
1 1 0.179498 0.396320 0.289100 0.084106 0.050976
2 1 0.109407 0.285533 0.449840 0.130114 0.025106
2 1 0.126055 0.321862 0.398508 0.122172 0.031403
2 1 0.073999 0.258658 0.538563 0.104752 0.024028
2 1 0.121937 0.156606 0.578561 0.124881 0.018015
2 1 0.013270 0.075291 0.759547 0.148615 0.003277
2 2 0.044648 0.134128 0.689593 0.123985 0.007645
2 2 0.047014 0.084285 0.734137 0.130016 0.004549
2 2 0.023467 0.038332 0.823042 0.113453 0.001706
2 2 0.024123 0.042737 0.816191 0.115219 0.001730
2 2 0.015912 0.072378 0.767500 0.141207 0.003003
2 2 0.016988 0.078722 0.785789 0.114809 0.003691
2 2 0.025455 0.043428 0.783810 0.144840 0.002466
2 2 0.077580 0.092348 0.611390 0.211606 0.007076
2 2 0.048967 0.042703 0.577186 0.325818 0.005325
3 2 0.012770 0.016892 0.259672 0.708714 0.001952
3 2 0.006638 0.011305 0.405702 0.575555 0.000800
3 2 0.012614 0.010183 0.227812 0.747970 0.001421
3 2 0.004422 0.004859 0.237898 0.752374 0.000447
3 2 0.018036 0.028923 0.285673 0.663449 0.003920
3 2 0.000336 0.000728 0.089353 0.909508 0.000075
3 2 0.003641 0.007356 0.166848 0.821248 0.000906
3 2 0.001580 0.003160 0.090846 0.904019 0.000394
3 3 0.000090 0.000322 0.083900 0.915661 0.000027
3 3 0.000497 0.001123 0.075023 0.923207 0.000150
3 3 0.006610 0.006623 0.113683 0.871827 0.001256
3 3 0.001351 0.002003 0.107215 0.889086 0.000345
3 3 0.004020 0.004859 0.094715 0.895600 0.000806
3 3 0.000667 0.001218 0.043150 0.954700 0.000264
3 3 0.002463 0.003573 0.111536 0.881931 0.000497
3 3 0.003236 0.002659 0.042409 0.950524 0.001172
3 3 0.000438 0.000676 0.024321 0.974324 0.000241
3 3 0.000166 0.000390 0.022987 0.976354 0.000103
3 3 0.003083 0.003590 0.035840 0.955802 0.001685
3 3 0.000588 0.001003 0.029420 0.968675 0.000315
3 3 0.000075 0.000179 0.013906 0.985786 0.000054
3 3 0.000379 0.000595 0.035989 0.962900 0.000136
3 3 0.000706 0.000891 0.023013 0.975092 0.000299
3 3 0.000225 0.000403 0.013162 0.986023 0.000187
3 3 0.000342 0.000656 0.019945 0.978853 0.000204
3 3 0.001150 0.001789 0.028512 0.967972 0.000577
3 3 0.000201 0.000415 0.017707 0.981531 0.000146
3 3 0.000249 0.000516 0.030058 0.969029 0.000147
3 3 0.000718 0.001266 0.036683 0.960973 0.000361
3 3 0.001067 0.001490 0.028331 0.968504 0.000609
3 3 0.000335 0.000577 0.016284 0.982581 0.000223
3 3 0.000054 0.000118 0.009336 0.990445 0.000047
3 3 0.000230 0.000529 0.023677 0.975408 0.000156
3 3 0.000899 0.001501 0.024941 0.972168 0.000491
3 3 0.000022 0.000079 0.016934 0.982945 0.000020
3 3 0.000018 0.000055 0.010423 0.989489 0.000015
3 3 0.000607 0.000930 0.022382 0.975817 0.000264
3 3 0.000145 0.000355 0.020868 0.978521 0.000111
3 3 0.000200 0.000412 0.017428 0.981835 0.000124
3 3 0.000122 0.000238 0.011493 0.988053 0.000095
3 3 0.000512 0.000903 0.024044 0.974217 0.000324
3 3 0.000301 0.000431 0.021086 0.978044 0.000139
3 3 0.000262 0.000616 0.027120 0.971845 0.000157
3 3 0.000114 0.000223 0.019589 0.980011 0.000063
3 3 0.004753 0.004399 0.044744 0.944290 0.001814
3 3 0.000155 0.000383 0.022851 0.976522 0.000088
3 3 0.000297 0.000609 0.021946 0.976999 0.000148
3 3 0.000026 0.000080 0.013538 0.986336 0.000020
3 3 0.000111 0.000236 0.013475 0.986099 0.000079
3 3 0.000038 0.000102 0.012707 0.987128 0.000026
3 3 0.000197 0.000265 0.011351 0.988053 0.000134
3 3 0.000512 0.000764 0.017419 0.980967 0.000339
3 3 0.000090 0.000199 0.012899 0.986741 0.000071
3 3 0.000972 0.001323 0.019949 0.977181 0.000574
3 3 0.000038 0.000077 0.006590 0.993259 0.000036
3 3 0.000551 0.000841 0.020299 0.977996 0.000313
3 3 0.000162 0.000296 0.011340 0.988063 0.000139
3 3 0.000369 0.000696 0.019850 0.978852 0.000233
3 3 0.000232 0.000478 0.018330 0.980785 0.000174
3 3 0.000183 0.000391 0.017777 0.981523 0.000126
3 3 0.000421 0.000719 0.016456 0.982051 0.000353
3 3 0.000448 0.000638 0.013904 0.984661 0.000348
3 3 0.000146 0.000293 0.013123 0.986307 0.000131
3 3 0.001247 0.001909 0.023881 0.972130 0.000834
3 3 0.000112 0.000225 0.011586 0.987981 0.000096
3 3 0.000564 0.000846 0.018318 0.979966 0.000306
3 3 0.000666 0.000993 0.036681 0.961445 0.000216
3 3 0.000093 0.000235 0.017734 0.981866 0.000073
3 3 0.000944 0.001459 0.022779 0.974322 0.000496
3 3 0.000344 0.000838 0.042087 0.956543 0.000187
3 3 0.000340 0.000726 0.025511 0.973239 0.000183
3 3 0.000321 0.000654 0.023769 0.975079 0.000176
3 3 0.000037 0.000098 0.012108 0.987732 0.000024
3 3 0.000254 0.000409 0.018938 0.980269 0.000130
3 3 0.000357 0.000724 0.022876 0.975815 0.000228
3 3 0.000180 0.000327 0.012248 0.987116 0.000128
3 3 0.000099 0.000190 0.010013 0.989625 0.000074
3 3 0.000217 0.000358 0.010896 0.988366 0.000163
3 3 0.000150 0.000317 0.016191 0.983262 0.000080
3 3 0.000609 0.001235 0.030904 0.966908 0.000344
3 3 0.017120 0.041006 0.256174 0.681122 0.004578
3 3 0.015750 0.026429 0.195823 0.758129 0.003870
2 3 0.136289 0.194616 0.441786 0.217070 0.010240
3 3 0.036325 0.076775 0.283513 0.595762 0.007624
3 3 0.006702 0.023743 0.350894 0.616855 0.001806
3 3 0.000166 0.001163 0.233769 0.764850 0.000052
3 3 0.000531 0.002587 0.200984 0.795745 0.000153
3 3 0.000414 0.002036 0.179700 0.817720 0.000130
3 3 0.000871 0.004796 0.319687 0.674395 0.000251
3 2 0.000116 0.001172 0.404356 0.594330 0.000027
2 2 0.016043 0.080573 0.719422 0.180629 0.003332
2 2 0.045198 0.119586 0.608687 0.218922 0.007606
2 2 0.018039 0.089954 0.715990 0.171420 0.004597
2 2 0.019129 0.103865 0.748521 0.122746 0.005739
2 2 0.048471 0.213731 0.632762 0.085335 0.019701
1 2 0.085211 0.433604 0.380056 0.028645 0.072485
1 1 0.127912 0.380003 0.376914 0.060320 0.054852
2 1 0.125317 0.377254 0.382955 0.060192 0.054282
2 1 0.112334 0.316166 0.469374 0.063448 0.038678
1 1 0.191201 0.426364 0.255959 0.060545 0.065931
1 1 0.058478 0.563575 0.240535 0.007339 0.130072
1 1 0.129645 0.504419 0.247944 0.022584 0.095408
1 1 0.047467 0.553491 0.263018 0.005997 0.130027
1 1 0.114651 0.519489 0.244932 0.021453 0.099475
1 1 0.077653 0.557154 0.233090 0.010729 0.121375
1 1 0.096308 0.553966 0.193691 0.003191 0.152845
1 1 0.059946 0.546479 0.261873 0.007435 0.124266
1 4 0.048906 0.555348 0.192449 0.003442 0.199855
1 4 0.067901 0.456525 0.134386 0.001323 0.339866
1 4 0.049885 0.557077 0.156547 0.001234 0.235258
1 4 0.070633 0.564844 0.228452 0.009033 0.127037
1 4 0.066848 0.567669 0.218556 0.005069 0.141858
1 4 0.126630 0.514157 0.183140 0.004081 0.171993
1 4 0.140179 0.492341 0.248654 0.031109 0.087717
1 4 0.063176 0.570224 0.224322 0.007606 0.134672
1 4 0.079229 0.505485 0.291739 0.005992 0.117555
1 4 0.065271 0.577805 0.203779 0.004521 0.148624
1 4 0.083715 0.467237 0.302420 0.001917 0.144711
1 4 0.135088 0.536304 0.170870 0.002657 0.155080
1 4 0.063479 0.573322 0.219079 0.006633 0.137487
1 4 0.227448 0.432894 0.226392 0.039742 0.073524
1 4 0.208718 0.464478 0.215611 0.022387 0.088806
1 4 0.121973 0.536710 0.133528 0.000572 0.207218
1 4 0.223105 0.449709 0.217314 0.027343 0.082529
1 4 0.157099 0.473996 0.249412 0.038600 0.080893
1 4 0.197248 0.429054 0.246612 0.060342 0.066743
1 4 0.197248 0.429054 0.246612 0.060342 0.066743
1 4 0.190153 0.425871 0.257612 0.060577 0.065786
2 4 0.121953 0.369148 0.393942 0.063763 0.051195
1 4 0.131386 0.378112 0.372690 0.065150 0.052661
2 4 0.081733 0.317200 0.502269 0.055857 0.042942
2 2 0.062053 0.274750 0.573073 0.055482 0.034643
2 2 0.043538 0.212120 0.654621 0.068262 0.021460
2 2 0.079865 0.264642 0.533386 0.096693 0.025414
2 2 0.027480 0.112257 0.793803 0.058480 0.007980
2 2 0.066853 0.289040 0.552901 0.053077 0.038128
2 2 0.055220 0.241116 0.605881 0.072436 0.025347
2 2 0.047776 0.204999 0.633385 0.096272 0.017567
2 2 0.053024 0.241286 0.613574 0.065633 0.026484
2 2 0.085835 0.239550 0.584640 0.066059 0.023917
2 2 0.045433 0.166604 0.725115 0.047054 0.015795
2 2 0.035519 0.182545 0.691236 0.074164 0.016536
2 2 0.050090 0.131693 0.753826 0.054718 0.009672
2 2 0.057822 0.123642 0.767659 0.041572 0.009306
2 2 0.123814 0.229315 0.586859 0.033458 0.026553
2 2 0.042068 0.099897 0.785953 0.066357 0.005725
2 2 0.015450 0.085879 0.799004 0.094986 0.004682
2 2 0.016942 0.093429 0.779001 0.105488 0.005140
2 2 0.013535 0.083792 0.786894 0.111430 0.004350
2 2 0.040817 0.119759 0.747954 0.084188 0.007283
2 2 0.011554 0.063910 0.799046 0.122793 0.002697
2 2 0.026958 0.119324 0.711013 0.136082 0.006624
2 2 0.009261 0.064464 0.816026 0.107252 0.002997
2 2 0.019765 0.072580 0.783243 0.121362 0.003049
2 2 0.017717 0.077869 0.714463 0.186907 0.003044
2 2 0.036654 0.159248 0.665180 0.128278 0.010639
2 2 0.044153 0.178936 0.634742 0.129560 0.012609
2 2 0.033091 0.113804 0.713110 0.134107 0.005888
2 2 0.034466 0.140781 0.695684 0.120230 0.008839
2 2 0.028040 0.098446 0.769418 0.098864 0.005231
2 2 0.032892 0.099053 0.780550 0.082026 0.005479
2 2 0.072760 0.177472 0.635646 0.101802 0.012319
2 2 0.020376 0.105969 0.735541 0.132392 0.005722
2 2 0.033309 0.108321 0.733278 0.119483 0.005608
2 2 0.023128 0.123646 0.744798 0.100355 0.008072
2 2 0.025645 0.117859 0.694874 0.155366 0.006256
2 2 0.043223 0.149050 0.630143 0.169228 0.008356
2 2 0.026236 0.066466 0.789862 0.114524 0.002911
2 2 0.019927 0.089328 0.730631 0.156092 0.004022
2 2 0.029780 0.128146 0.701823 0.132816 0.007435
2 2 0.012311 0.041102 0.621499 0.323275 0.001814
2 2 0.012123 0.063592 0.723070 0.198965 0.002250
2 2 0.031721 0.069018 0.538393 0.355658 0.005211
2 2 0.016038 0.059925 0.725474 0.195885 0.002678
2 2 0.022073 0.085130 0.708404 0.180799 0.003595
2 2 0.014447 0.053068 0.619269 0.310458 0.002758
2 2 0.039808 0.077544 0.579439 0.298439 0.004770
2 2 0.028499 0.058357 0.563132 0.346755 0.003257
2 2 0.207940 0.242435 0.395638 0.137318 0.016669
2 2 0.102832 0.250783 0.427795 0.201198 0.017392
2 2 0.023275 0.096829 0.642243 0.232358 0.005295
2 2 0.039668 0.154483 0.631627 0.165099 0.009124
2 2 0.037052 0.121974 0.696529 0.137993 0.006452
2 2 0.024609 0.096370 0.704714 0.170018 0.004289
2 2 0.014456 0.061055 0.590160 0.330464 0.003865
2 2 0.044923 0.132614 0.509196 0.305976 0.007290
2 2 0.015939 0.065146 0.616500 0.300452 0.001964
2 2 0.020316 0.070469 0.517380 0.387979 0.003856
3 2 0.015115 0.031335 0.231305 0.717570 0.004675
2 2 0.068792 0.193960 0.501560 0.224422 0.011266
3 2 0.026186 0.046985 0.322878 0.600093 0.003858
2 2 0.015509 0.070618 0.672292 0.239151 0.002430
2 2 0.025809 0.101540 0.630144 0.238038 0.004470
2 2 0.023322 0.090980 0.619805 0.262207 0.003687
2 2 0.022873 0.091421 0.633878 0.248318 0.003510
2 2 0.024159 0.096658 0.637441 0.237860 0.003883
2 2 0.028162 0.097249 0.693504 0.176893 0.004192
2 2 0.019062 0.059213 0.526305 0.391345 0.004075
2 2 0.035527 0.106965 0.647020 0.205972 0.004516
2 2 0.030587 0.107017 0.562370 0.292923 0.007102
3 2 0.014611 0.041908 0.444818 0.496369 0.002294
3 2 0.019294 0.057975 0.401851 0.516081 0.004799
3 2 0.013187 0.028596 0.215497 0.739745 0.002975
3 2 0.040934 0.098470 0.374211 0.479256 0.007130
2 2 0.036047 0.112772 0.525222 0.320130 0.005829
2 3 0.017154 0.068156 0.604020 0.308407 0.002263
2 3 0.033366 0.123099 0.612877 0.224958 0.005699
2 3 0.029226 0.114287 0.634666 0.216637 0.005185
2 3 0.047881 0.168424 0.591735 0.182002 0.009958
2 3 0.008279 0.045058 0.709680 0.235727 0.001256
2 3 0.024502 0.100094 0.684227 0.186727 0.004450
2 2 0.033620 0.140105 0.658380 0.159901 0.007995
2 2 0.051979 0.197335 0.605009 0.131156 0.014522
2 2 0.014603 0.062971 0.769651 0.150433 0.002342
2 2 0.028458 0.121651 0.669487 0.174160 0.006245
2 2 0.019364 0.093485 0.710033 0.172884 0.004234
2 2 0.027160 0.107162 0.636233 0.224807 0.004637
2 2 0.016224 0.085169 0.737014 0.157759 0.003835
2 2 0.018874 0.092824 0.716471 0.167586 0.004246
2 2 0.023047 0.084737 0.745100 0.143449 0.003668
2 2 0.061737 0.221498 0.573303 0.125884 0.017578
2 2 0.055797 0.197236 0.582546 0.150750 0.013671
2 2 0.036007 0.154285 0.663097 0.136737 0.009873
2 2 0.035202 0.147765 0.658829 0.149290 0.008914
2 2 0.027609 0.143032 0.721091 0.098089 0.010179
2 2 0.024459 0.102841 0.660477 0.207713 0.004511
2 2 0.032563 0.139215 0.667191 0.152960 0.008071
2 2 0.013604 0.069676 0.719496 0.194623 0.002601
2 2 0.018970 0.096437 0.728412 0.151488 0.004693
2 2 0.028458 0.110754 0.631771 0.224140 0.004877
2 2 0.013519 0.058391 0.629461 0.296875 0.001754
2 2 0.009617 0.051767 0.717767 0.219258 0.001591
2 2 0.014704 0.080206 0.748348 0.153189 0.003552
2 2 0.020524 0.095605 0.697561 0.182027 0.004282
2 2 0.015839 0.071931 0.672563 0.237160 0.002507
2 2 0.012038 0.064071 0.729200 0.192383 0.002308
2 2 0.012625 0.066441 0.727110 0.191382 0.002441
2 2 0.038777 0.143621 0.615296 0.194679 0.007627
2 2 0.017166 0.090120 0.738175 0.150280 0.004259
2 2 0.016180 0.073329 0.673086 0.234815 0.002590
2 2 0.029411 0.124924 0.667084 0.172051 0.006531
2 2 0.032081 0.130439 0.650995 0.179648 0.006837
2 2 0.004024 0.025034 0.798575 0.171792 0.000575
2 2 0.046893 0.163047 0.588682 0.192107 0.009271
2 2 0.036268 0.150056 0.653384 0.151221 0.009071
2 2 0.009809 0.038749 0.516824 0.432763 0.001854
2 2 0.008247 0.034627 0.505391 0.449823 0.001912
2 2 0.030645 0.113023 0.610131 0.241330 0.004871
2 2 0.021407 0.095836 0.682628 0.195966 0.004164
2 2 0.025909 0.113994 0.679746 0.174690 0.005661
2 2 0.041510 0.147685 0.599573 0.203428 0.007804
2 2 0.024195 0.100086 0.652905 0.218575 0.004239
2 2 0.055758 0.173099 0.543332 0.218203 0.009608
2 2 0.077614 0.201030 0.481175 0.228472 0.011709
2 2 0.035425 0.143873 0.648727 0.163741 0.008233
2 2 0.076785 0.215171 0.493042 0.201213 0.013789
2 2 0.110640 0.287020 0.429076 0.149042 0.024222
2 2 0.023946 0.104646 0.675965 0.190642 0.004802
2 2 0.014064 0.072662 0.725133 0.185314 0.002827
2 2 0.021846 0.103415 0.704889 0.164828 0.005021
2 2 0.013840 0.082378 0.775966 0.123763 0.004053
2 2 0.018640 0.101479 0.749643 0.124732 0.005505
2 2 0.022033 0.112296 0.728519 0.130883 0.006268
2 2 0.025126 0.110634 0.679763 0.179120 0.005357
2 2 0.024983 0.123093 0.715977 0.128710 0.007238
2 2 0.015966 0.069949 0.776661 0.134549 0.002874
2 2 0.013217 0.080691 0.783030 0.119065 0.003996
2 2 0.023927 0.123081 0.728362 0.117091 0.007539
2 2 0.006775 0.046390 0.799161 0.146064 0.001610
2 2 0.027728 0.134223 0.707220 0.122415 0.008413
2 2 0.056830 0.235769 0.600035 0.084432 0.022934
2 1 0.020410 0.106803 0.737289 0.129657 0.005842
2 1 0.026055 0.109370 0.762014 0.096111 0.006450
1 1 0.157644 0.366194 0.332856 0.101841 0.041464
1 1 0.197248 0.429054 0.246612 0.060342 0.066743
1 1 0.197248 0.429054 0.246612 0.060342 0.066743
1 1 0.197248 0.429054 0.246612 0.060342 0.066743
1 1 0.197248 0.429054 0.246612 0.060342 0.066743
1 1 0.197248 0.429054 0.246612 0.060342 0.066743
1 1 0.304490 0.396133 0.197221 0.032232 0.069924
1 1 0.197248 0.429054 0.246612 0.060342 0.066743
1 1 0.197248 0.429054 0.246612 0.060342 0.066743
1 1 0.197248 0.429054 0.246612 0.060342 0.066743
1 1 0.197248 0.429054 0.246612 0.060342 0.066743
1 1 0.266082 0.410269 0.214192 0.040001 0.069456
1 1 0.197248 0.429054 0.246612 0.060342 0.066743
1 1 0.197248 0.429054 0.246612 0.060342 0.066743
1 1 0.197248 0.429054 0.246612 0.060342 0.066743
2 1 0.081795 0.288315 0.514155 0.084708 0.031027
2 1 0.045731 0.201220 0.642356 0.093382 0.017311
2 1 0.010815 0.081204 0.831039 0.071920 0.005022
2 2 0.039037 0.176825 0.666916 0.103580 0.013642
2 2 0.010674 0.074741 0.818067 0.092539 0.003979
2 2 0.006409 0.053223 0.854992 0.082853 0.002524
2 2 0.030896 0.154391 0.705630 0.097653 0.011429
2 2 0.008795 0.065240 0.831563 0.091127 0.003274
2 2 0.029145 0.155732 0.720065 0.082610 0.012449
2 2 0.027685 0.149961 0.727002 0.083647 0.011704
2 2 0.016692 0.089025 0.831286 0.057104 0.005893
2 2 0.026893 0.145974 0.730120 0.085899 0.011114
2 2 0.003803 0.034603 0.864674 0.095667 0.001253
2 2 0.008536 0.056269 0.796726 0.136260 0.002209
2 2 0.011109 0.077974 0.818166 0.088429 0.004322
2 2 0.005681 0.047717 0.855832 0.088685 0.002084
2 2 0.005322 0.045257 0.857449 0.090057 0.001914
2 2 0.008196 0.058851 0.822429 0.107913 0.002611
2 2 0.001127 0.013456 0.880290 0.104830 0.000298
2 2 0.010921 0.067881 0.785317 0.132932 0.002948
2 2 0.011049 0.064861 0.765328 0.156191 0.002571
2 2 0.004183 0.034606 0.840137 0.119938 0.001136
2 2 0.018884 0.106079 0.757480 0.111381 0.006176
2 2 0.009929 0.059669 0.769338 0.158808 0.002255
2 2 0.018967 0.093880 0.718938 0.163855 0.004360
2 2 0.026030 0.122171 0.701203 0.143772 0.006824
2 2 0.034703 0.138881 0.644425 0.174389 0.007603
1 2 0.295007 0.399809 0.201339 0.033978 0.069867
1 2 0.197248 0.429054 0.246612 0.060342 0.066743
1 2 0.197248 0.429054 0.246612 0.060342 0.066743
1 2 0.195319 0.428224 0.249558 0.060410 0.066488
1 2 0.197248 0.429054 0.246612 0.060342 0.066743
2 2 0.032820 0.148164 0.681387 0.128069 0.009560
2 2 0.012280 0.081091 0.803524 0.098739 0.004366
2 2 0.003579 0.033301 0.868403 0.093522 0.001195
2 2 0.009030 0.059406 0.798213 0.130915 0.002435
2 2 0.011776 0.076802 0.800645 0.106886 0.003892
2 2 0.008305 0.066362 0.847081 0.074589 0.003664
2 2 0.005143 0.067608 0.889422 0.033210 0.004616
2 2 0.007527 0.064150 0.859279 0.065352 0.003691
2 2 0.010762 0.081177 0.831896 0.071120 0.005044
2 2 0.002399 0.031491 0.909361 0.055487 0.001261
2 2 0.004438 0.036161 0.838156 0.120033 0.001212
2 2 0.003485 0.034518 0.883002 0.077628 0.001367
2 2 0.004016 0.035902 0.861914 0.096852 0.001316
2 2 0.004288 0.037658 0.859439 0.097205 0.001410
2 2 0.017401 0.069451 0.766801 0.143616 0.002730
2 2 0.001614 0.016648 0.845975 0.135248 0.000516
2 2 0.007572 0.050885 0.798138 0.141534 0.001872
2 2 0.001060 0.013355 0.892778 0.092496 0.000311
2 2 0.007963 0.051876 0.789087 0.149191 0.001883
2 2 0.003613 0.031376 0.848285 0.115729 0.000998
2 2 0.002286 0.022203 0.858363 0.116552 0.000596
2 2 0.001518 0.017642 0.889795 0.090571 0.000473
2 2 0.001654 0.016393 0.842091 0.139509 0.000352
2 2 0.001240 0.014168 0.872375 0.111905 0.000312
2 2 0.004690 0.037979 0.838921 0.117093 0.001317
2 2 0.000421 0.004933 0.736479 0.258041 0.000125
2 2 0.003158 0.025304 0.808106 0.162806 0.000626
2 2 0.003591 0.029706 0.829303 0.136497 0.000903
2 2 0.001475 0.012183 0.706682 0.279275 0.000385
2 2 0.001700 0.014702 0.763439 0.219744 0.000416
2 2 0.005330 0.037095 0.783564 0.172715 0.001296
2 2 0.003037 0.014437 0.523801 0.458009 0.000716
2 2 0.003019 0.018210 0.590147 0.387712 0.000911
3 2 0.001024 0.004857 0.322738 0.671087 0.000294
3 2 0.002206 0.012125 0.462959 0.522025 0.000684
3 2 0.000760 0.004516 0.341434 0.653047 0.000244
3 2 0.000842 0.004230 0.258865 0.735764 0.000298
3 2 0.000925 0.004290 0.230274 0.764162 0.000350
2 2 0.002555 0.015921 0.585371 0.395388 0.000765
3 2 0.000721 0.003325 0.272880 0.722857 0.000217
3 2 0.001250 0.006227 0.303321 0.688736 0.000466
3 2 0.000690 0.001947 0.106703 0.890349 0.000310
3 2 0.005124 0.018987 0.333816 0.640460 0.001613
3 2 0.000222 0.000541 0.025858 0.973209 0.000170
3 2 0.001962 0.007341 0.220924 0.769157 0.000615
3 2 0.002896 0.008038 0.143143 0.844834 0.001088
3 2 0.002292 0.008782 0.242889 0.745159 0.000878
3 2 0.000489 0.001786 0.099954 0.897537 0.000234
3 2 0.001544 0.003616 0.070352 0.923744 0.000744
3 2 0.000797 0.002193 0.069929 0.926673 0.000408
3 2 0.000473 0.001136 0.038323 0.959758 0.000311
3 2 0.000244 0.000993 0.083912 0.914687 0.000164
3 2 0.000332 0.001230 0.082597 0.915653 0.000188
3 2 0.000258 0.000842 0.052924 0.945777 0.000198
3 2 0.001348 0.002362 0.032308 0.962823 0.001159
3 2 0.001115 0.001938 0.029511 0.966654 0.000781
3 2 0.000901 0.001972 0.043475 0.953016 0.000637
3 2 0.000949 0.001485 0.022264 0.974778 0.000523
3 2 0.000688 0.001119 0.019677 0.978025 0.000492
3 2 0.001583 0.002569 0.032143 0.962931 0.000774
3 2 0.000422 0.001050 0.038727 0.959518 0.000284
3 3 0.000204 0.000504 0.025881 0.973274 0.000137
3 3 0.000135 0.000273 0.012826 0.986645 0.000121
3 3 0.000043 0.000136 0.019204 0.980585 0.000032
3 3 0.000448 0.000719 0.014986 0.983491 0.000356
3 3 0.000080 0.000156 0.008733 0.990949 0.000081
3 3 0.000296 0.000462 0.010749 0.988164 0.000328
3 3 0.000329 0.000632 0.018780 0.979989 0.000269
3 3 0.000048 0.000120 0.011591 0.988193 0.000047
3 3 0.000182 0.000340 0.012349 0.986934 0.000194
3 3 0.000271 0.000371 0.007791 0.991295 0.000272
3 3 0.000304 0.000412 0.007986 0.990964 0.000334
3 3 0.000145 0.000237 0.008179 0.991282 0.000157
3 3 0.000121 0.000210 0.008481 0.991063 0.000125
3 3 0.000300 0.000386 0.006755 0.992105 0.000454
3 3 0.000314 0.000443 0.009258 0.989720 0.000264
3 3 0.000255 0.000510 0.019508 0.979523 0.000203
3 3 0.000347 0.000642 0.018186 0.980580 0.000245
3 3 0.000781 0.001078 0.013709 0.983520 0.000911
3 3 0.006695 0.011420 0.076241 0.902443 0.003201
2 3 0.009820 0.038322 0.487195 0.462668 0.001994
3 3 0.007841 0.025287 0.317402 0.647373 0.002096
2 3 0.011822 0.047726 0.556471 0.382247 0.001734
3 2 0.011302 0.041885 0.467418 0.476807 0.002589
3 2 0.000629 0.003224 0.238131 0.757818 0.000198
2 2 0.019256 0.093021 0.707161 0.176015 0.004547
2 2 0.004352 0.029850 0.764016 0.201028 0.000754
2 2 0.001079 0.007776 0.548249 0.442628 0.000268
2 2 0.001818 0.015931 0.784481 0.197360 0.000410
2 2 0.024843 0.114922 0.697259 0.156977 0.005999
1 2 0.078812 0.509161 0.269817 0.017583 0.124627
1 4 0.039714 0.378595 0.235322 0.028831 0.317539
1 4 0.079460 0.539280 0.252391 0.012928 0.115941
1 4 0.044010 0.531721 0.297557 0.006657 0.120056
1 4 0.070649 0.526729 0.281715 0.012348 0.108560
4 4 0.249941 0.230604 0.076412 0.001835 0.441207
4 4 0.163626 0.105065 0.047757 0.003314 0.680238
4 4 0.268087 0.175919 0.051051 0.000763 0.504181
4 4 0.271631 0.205747 0.058309 0.000799 0.463514
4 4 0.222229 0.064176 0.027289 0.001717 0.684589
0 4 0.705137 0.068049 0.018754 0.000422 0.207638
0 4 0.405830 0.373530 0.097710 0.001383 0.121547
0 4 0.420304 0.179916 0.080772 0.007991 0.311017
0 4 0.659612 0.213299 0.068285 0.003036 0.055768
0 4 0.616547 0.239257 0.079938 0.003969 0.060289
1 4 0.174544 0.502831 0.200096 0.010350 0.112179
1 4 0.071311 0.566258 0.224354 0.008192 0.129885
4 4 0.137975 0.296739 0.138558 0.003471 0.423257
1 4 0.068273 0.469955 0.212675 0.011425 0.237672
1 4 0.067723 0.567755 0.226721 0.008391 0.129410
4 4 0.042384 0.198946 0.060041 0.000530 0.698099
1 4 0.048138 0.461979 0.186302 0.005534 0.298047
4 4 0.057238 0.275012 0.086432 0.000980 0.580337
4 4 0.044409 0.207275 0.078877 0.000910 0.668529
4 4 0.052594 0.388607 0.161822 0.005386 0.391591
1 4 0.125332 0.508202 0.246902 0.025263 0.094302
1 4 0.283781 0.433050 0.178011 0.012890 0.092268
0 4 0.395381 0.356183 0.160021 0.019597 0.068818
0 4 0.461078 0.323379 0.135466 0.013630 0.066447
1 4 0.157045 0.490108 0.236249 0.025519 0.091079
1 4 0.055150 0.548054 0.258530 0.005081 0.133185
1 4 0.075879 0.559561 0.231321 0.010245 0.122994
1 4 0.044117 0.590437 0.207811 0.003996 0.153639
1 4 0.108520 0.461784 0.182403 0.001709 0.245585
1 4 0.082888 0.552437 0.234699 0.011977 0.117999
1 4 0.060291 0.575102 0.221790 0.006851 0.135965
1 4 0.042405 0.510065 0.251863 0.001462 0.194204
1 4 0.055866 0.575098 0.225122 0.006255 0.137659
1 4 0.086856 0.566971 0.190791 0.003879 0.151503
1 4 0.050063 0.568293 0.239572 0.005816 0.136256
1 4 0.059255 0.539086 0.275197 0.009130 0.117332
1 4 0.057270 0.551347 0.259390 0.007940 0.124052
1 4 0.057545 0.543448 0.270480 0.008514 0.120013
1 4 0.039045 0.505735 0.248528 0.004976 0.201716
1 4 0.085097 0.550180 0.235665 0.012549 0.116510
1 4 0.083469 0.525654 0.270318 0.014983 0.105576
1 4 0.058527 0.526743 0.292978 0.009883 0.111869
1 4 0.094497 0.540509 0.239308 0.015127 0.110559
1 4 0.038431 0.491796 0.357296 0.007414 0.105064
1 4 0.080114 0.552091 0.237869 0.011589 0.118337
1 4 0.044922 0.557048 0.250717 0.004301 0.143012
1 4 0.043205 0.580362 0.224673 0.004306 0.147455
1 4 0.043874 0.562595 0.236454 0.005297 0.151779
1 4 0.039962 0.563126 0.253328 0.004554 0.139030
1 4 0.075466 0.516360 0.223939 0.009438 0.174798
4 4 0.148460 0.074180 0.019890 0.000185 0.757285
1 4 0.086242 0.439385 0.161766 0.004103 0.308505
4 4 0.138487 0.068546 0.025562 0.000816 0.766589
4 4 0.110789 0.087380 0.032611 0.000944 0.768276
1 4 0.107646 0.387595 0.178333 0.011396 0.315031
1 4 0.252230 0.467549 0.114624 0.000997 0.164600
1 4 0.075252 0.443947 0.125970 0.001110 0.353721
4 4 0.069039 0.282913 0.083981 0.000401 0.563667
4 4 0.145927 0.346671 0.095307 0.000920 0.411175
1 4 0.064556 0.548778 0.158437 0.001516 0.226711
1 4 0.055287 0.579964 0.217998 0.005895 0.140856
4 4 0.094334 0.234513 0.112688 0.001908 0.556557
1 4 0.065640 0.512580 0.193290 0.005160 0.223330
1 4 0.088671 0.549168 0.232736 0.012046 0.117379
4 4 0.056125 0.341588 0.188756 0.007900 0.405631
4 4 0.137802 0.284716 0.110022 0.003654 0.463807
1 4 0.087788 0.415008 0.108653 0.000376 0.388176
1 4 0.114667 0.490447 0.158731 0.002834 0.233322
1 4 0.142367 0.508825 0.188089 0.006450 0.154268
1 4 0.082958 0.567708 0.198102 0.004582 0.146649
1 4 0.159282 0.485100 0.239295 0.009860 0.106462
1 2 0.143447 0.510466 0.226149 0.016731 0.103207
1 2 0.097360 0.548755 0.221484 0.009736 0.122665
1 2 0.123513 0.521780 0.232757 0.016734 0.105216
1 2 0.181494 0.512494 0.150956 0.002376 0.152680
1 2 0.218034 0.445323 0.224768 0.033481 0.078394
1 2 0.180930 0.447593 0.248486 0.050779 0.072211
1 1 0.175711 0.453439 0.248877 0.047939 0.074034
1 1 0.144871 0.487283 0.248990 0.033096 0.085759
1 1 0.185563 0.478917 0.221700 0.021692 0.092128
1 1 0.104896 0.536209 0.233390 0.014300 0.111205
1 1 0.100866 0.533906 0.241383 0.017007 0.106837
1 1 0.078940 0.556458 0.232857 0.010986 0.120759
1 1 0.091171 0.543942 0.238102 0.014188 0.112597
1 1 0.128363 0.504981 0.247348 0.026403 0.092905
1 1 0.099618 0.535203 0.241000 0.016630 0.107549
1 1 0.074461 0.560994 0.230576 0.009911 0.124059
1 1 0.087195 0.548029 0.236543 0.013104 0.115129
1 1 0.088303 0.546892 0.236991 0.013402 0.114413
1 1 0.086402 0.548843 0.236216 0.012893 0.115647
1 1 0.080865 0.554501 0.233774 0.011464 0.119397
1 1 0.091539 0.543562 0.238240 0.014290 0.112368
1 1 0.153338 0.478100 0.249350 0.036856 0.082356
1 1 0.163298 0.467198 0.249386 0.041577 0.078542
1 2 0.109296 0.525110 0.243697 0.019664 0.102234
1 2 0.026678 0.453619 0.416980 0.005846 0.096878
1 2 0.022853 0.452271 0.415904 0.004918 0.104055
2 2 0.024336 0.407091 0.448082 0.009623 0.110868
2 2 0.020578 0.349577 0.525452 0.012653 0.091740
1 2 0.031531 0.437241 0.422219 0.008943 0.100066
1 2 0.061425 0.452888 0.385816 0.017326 0.082545
1 1 0.135777 0.469513 0.278994 0.035781 0.079935
1 1 0.173889 0.460053 0.246399 0.042709 0.076951
1 1 0.180589 0.447977 0.248515 0.050590 0.072329
1 1 0.198041 0.428902 0.246224 0.060041 0.066791
0 1 0.713248 0.179985 0.056661 0.002555 0.047550
0 1 0.670526 0.205696 0.068388 0.003595 0.051795
0 1 0.796596 0.128611 0.035737 0.001135 0.037921
0 0 0.857620 0.090130 0.022212 0.000503 0.029534
0 0 0.955419 0.027457 0.004710 0.000039 0.012376
1 0 0.286587 0.408974 0.200936 0.030228 0.073274
1 1 0.173421 0.455993 0.249016 0.046723 0.074847
1 1 0.173132 0.456314 0.249032 0.046572 0.074950
1 1 0.172881 0.456594 0.249046 0.046440 0.075040
1 1 0.129400 0.455112 0.302010 0.037906 0.075572
2 1 0.020812 0.292664 0.628150 0.012531 0.045843
2 2 0.030589 0.248136 0.660009 0.028907 0.032359
2 2 0.007494 0.128426 0.833378 0.018405 0.012297
2 2 0.003285 0.061456 0.907613 0.023635 0.004012
2 2 0.003797 0.087494 0.886304 0.015274 0.007131
2 2 0.009527 0.138879 0.817964 0.018482 0.015147
2 2 0.011776 0.154023 0.796308 0.020959 0.016934
2 2 0.004298 0.107337 0.866662 0.010800 0.010904
2 2 0.011355 0.189510 0.761196 0.012890 0.025049
2 2 0.011124 0.142326 0.808701 0.023212 0.014637
2 2 0.000725 0.028627 0.957546 0.011625 0.001477
2 2 0.001370 0.036274 0.943243 0.017083 0.002030
2 2 0.001588 0.068200 0.917714 0.006479 0.006019
2 2 0.006645 0.145036 0.820412 0.011501 0.016407
2 2 0.005609 0.071441 0.885974 0.031934 0.005041
2 2 0.001827 0.068701 0.915473 0.008393 0.005605
2 2 0.002589 0.061549 0.915820 0.015534 0.004507
2 2 0.003970 0.064939 0.900961 0.025652 0.004478
2 2 0.005203 0.074051 0.887471 0.027766 0.005509
2 2 0.005614 0.081569 0.879914 0.026629 0.006274
2 2 0.008736 0.100742 0.848713 0.033688 0.008121
2 2 0.009261 0.071818 0.840148 0.074655 0.004118
2 2 0.006676 0.117568 0.847053 0.017399 0.011303
2 2 0.012855 0.096198 0.822923 0.061089 0.006934
2 2 0.013572 0.104780 0.815841 0.058030 0.007777
2 2 0.005828 0.148170 0.819238 0.009073 0.017692
2 2 0.006715 0.105904 0.855878 0.022416 0.009087
2 2 0.002664 0.064688 0.912037 0.015994 0.004617
2 2 0.002997 0.058072 0.911561 0.023733 0.003638
2 2 0.006741 0.105910 0.857796 0.019506 0.010048
2 2 0.005289 0.063155 0.886385 0.041255 0.003916
2 2 0.003418 0.055976 0.905271 0.032148 0.003186
2 2 0.007353 0.060903 0.854709 0.073794 0.003241
2 2 0.013589 0.100942 0.818741 0.059175 0.007552
2 2 0.009941 0.076558 0.837429 0.071458 0.004615
2 2 0.001415 0.018026 0.909397 0.070617 0.000545
2 2 0.002687 0.027643 0.883589 0.085135 0.000945
2 2 0.004567 0.039240 0.855642 0.099063 0.001487
2 2 0.066129 0.243714 0.564584 0.103494 0.022079
2 2 0.007826 0.055961 0.820069 0.113776 0.002369
2 2 0.005780 0.050336 0.864187 0.077302 0.002395
2 2 0.001581 0.020361 0.913649 0.063733 0.000676
2 2 0.002366 0.026422 0.898405 0.071855 0.000952
2 2 0.001672 0.019107 0.890157 0.088527 0.000538
2 2 0.004911 0.044674 0.871431 0.076974 0.002011
2 2 0.029839 0.161097 0.718270 0.077318 0.013476
2 2 0.024863 0.133736 0.735282 0.096860 0.009260
2 2 0.067433 0.187267 0.649232 0.081186 0.014883
1 2 0.187996 0.421229 0.263708 0.063898 0.063170
1 2 0.151259 0.401418 0.326801 0.060988 0.059533
1 2 0.197248 0.429054 0.246612 0.060342 0.066743
1 2 0.172813 0.416515 0.286496 0.060959 0.063217
1 2 0.144098 0.395452 0.341403 0.060869 0.058179
1 2 0.133141 0.383455 0.366354 0.062106 0.054945
2 2 0.115637 0.366273 0.406422 0.059606 0.052063
2 2 0.071185 0.294775 0.539325 0.056481 0.038233
2 2 0.010450 0.085382 0.837119 0.061435 0.005614
2 2 0.029342 0.097390 0.804326 0.062968 0.005975
2 2 0.079191 0.310625 0.511821 0.057191 0.041172
2 2 0.109108 0.356190 0.424487 0.060764 0.049452
1 2 0.162972 0.410130 0.304253 0.061040 0.061606
2 2 0.118756 0.355058 0.407603 0.073138 0.045445
2 2 0.020091 0.133604 0.777158 0.057551 0.011596
2 2 0.076127 0.305692 0.521543 0.056127 0.040511
2 2 0.005873 0.050464 0.861500 0.079792 0.002371
2 2 0.001603 0.030028 0.931301 0.035823 0.001244
2 2 0.001688 0.023644 0.923876 0.049880 0.000911
2 2 0.000703 0.013263 0.943847 0.041784 0.000404
2 2 0.001121 0.015795 0.922015 0.060590 0.000479
2 2 0.001497 0.019310 0.914103 0.064463 0.000627
2 2 0.003288 0.082378 0.892739 0.015398 0.006196
2 2 0.005541 0.069787 0.883589 0.036447 0.004636
2 2 0.003604 0.041763 0.894467 0.058276 0.001890
2 2 0.002497 0.048574 0.919198 0.027071 0.002659
2 2 0.008065 0.069301 0.858927 0.059393 0.004315
2 2 0.018276 0.114704 0.779952 0.079017 0.008051
2 2 0.054790 0.238516 0.607769 0.074255 0.024671
2 2 0.016087 0.111171 0.800123 0.064207 0.008412
1 2 0.135660 0.387753 0.359461 0.060634 0.056492
1 1 0.140906 0.392626 0.348124 0.060793 0.057552
1 1 0.161906 0.423109 0.293939 0.055879 0.065167
1 1 0.134900 0.417047 0.333567 0.050294 0.064192
1 1 0.142263 0.393841 0.345249 0.060827 0.057820
2 1 0.034004 0.188843 0.699389 0.058473 0.019291
1 2 0.142245 0.393824 0.345288 0.060826 0.057817
1 2 0.197248 0.429054 0.246612 0.060342 0.066743
1 2 0.197248 0.429054 0.246612 0.060342 0.066743
1 2 0.197248 0.429054 0.246612 0.060342 0.066743
1 2 0.197248 0.429054 0.246612 0.060342 0.066743
1 2 0.197248 0.429054 0.246612 0.060342 0.066743
1 2 0.196007 0.428523 0.248503 0.060386 0.066580
2 2 0.118329 0.369445 0.399745 0.059787 0.052695
2 2 0.072401 0.300113 0.533279 0.054217 0.039991
2 2 0.086419 0.325122 0.487550 0.056565 0.044344
2 2 0.022987 0.148808 0.760090 0.054133 0.013983
2 2 0.011788 0.088976 0.828455 0.064762 0.006020
2 2 0.005570 0.051554 0.875458 0.064738 0.002681
2 2 0.031577 0.178902 0.711999 0.059916 0.017606
2 2 0.045468 0.238373 0.638961 0.047175 0.030023
2 2 0.028996 0.168355 0.725628 0.061075 0.015946
2 2 0.001909 0.048455 0.928624 0.018135 0.002877
2 2 0.002949 0.051061 0.917001 0.025796 0.003192
2 2 0.051118 0.253180 0.614365 0.049012 0.032326
2 2 0.017447 0.121058 0.793689 0.057811 0.009995
2 2 0.000907 0.017584 0.940831 0.040100 0.000578
2 2 0.014698 0.121635 0.811618 0.040708 0.011341
2 2 0.010335 0.098550 0.841368 0.041943 0.007803
2 2 0.012877 0.119398 0.819186 0.037784 0.010755
2 2 0.015914 0.123152 0.799974 0.050610 0.010349
1 2 0.130947 0.383119 0.369975 0.060455 0.055505
2 2 0.003056 0.032493 0.894889 0.068240 0.001322
2 2 0.003689 0.039343 0.897876 0.057196 0.001896
2 2 0.047750 0.240470 0.631026 0.051465 0.029288
2 2 0.003438 0.037492 0.900999 0.056294 0.001778
2 2 0.007763 0.068258 0.862920 0.056755 0.004304
2 2 0.009541 0.106264 0.844585 0.029964 0.009645
2 2 0.002457 0.037566 0.914479 0.043844 0.001653
2 2 0.007005 0.096856 0.860981 0.027308 0.007850
2 2 0.005530 0.046727 0.886821 0.058578 0.002344
2 2 0.001006 0.035895 0.947362 0.013877 0.001860
2 2 0.003116 0.047015 0.913398 0.033828 0.002643
2 2 0.001101 0.016947 0.925801 0.055631 0.000520
2 2 0.002442 0.042875 0.920439 0.032055 0.002189
2 2 0.001339 0.023243 0.928689 0.045924 0.000805
2 2 0.001784 0.035704 0.932789 0.027977 0.001746
2 2 0.003949 0.040065 0.890033 0.064099 0.001853
2 2 0.001380 0.017631 0.906614 0.073863 0.000512
2 2 0.003714 0.038403 0.892766 0.063368 0.001749
2 2 0.001560 0.025034 0.927028 0.045435 0.000943
2 2 0.004695 0.043758 0.875848 0.073713 0.001987
2 2 0.010319 0.052190 0.840309 0.095067 0.002116
2 2 0.059975 0.197686 0.569462 0.159579 0.013298
2 2 0.113928 0.308131 0.426487 0.122080 0.029373
0 2 0.372753 0.313276 0.234426 0.039160 0.040385
1 2 0.180870 0.398918 0.286017 0.082173 0.052022
1 2 0.198945 0.428727 0.245782 0.059700 0.066846
1 2 0.198129 0.428885 0.246181 0.060008 0.066797
0 2 0.459032 0.324439 0.136204 0.013787 0.066538
0 0 0.926780 0.045862 0.009157 0.000115 0.018086
0 0 0.924118 0.047574 0.009605 0.000124 0.018579
0 0 0.968344 0.019193 0.002967 0.000018 0.009478
0 0 0.895263 0.066100 0.014760 0.000254 0.023624
0 0 0.956723 0.026621 0.004525 0.000036 0.012094
0 0 0.930178 0.043677 0.008594 0.000103 0.017448
0 0 0.904685 0.060058 0.013018 0.000206 0.022033
0 0 0.541833 0.279956 0.107676 0.008523 0.062013
0 0 0.515094 0.294655 0.116599 0.009997 0.063656
1 0 0.220952 0.425209 0.234523 0.050686 0.068630
1 1 0.197017 0.442156 0.241075 0.047332 0.072420
1 1 0.170020 0.459771 0.249185 0.044954 0.076069
1 1 0.104036 0.509788 0.268594 0.021135 0.096447
1 1 0.071480 0.466206 0.358242 0.019052 0.085019
1 1 0.117050 0.516962 0.245430 0.022280 0.098277
1 1 0.114505 0.519643 0.244900 0.021403 0.099549
1 1 0.138498 0.494147 0.248509 0.030414 0.088432
1 1 0.088761 0.546421 0.237173 0.013526 0.114119
1 1 0.084783 0.528903 0.264692 0.014858 0.106764
1 1 0.097047 0.517426 0.266640 0.018643 0.100244
1 1 0.089287 0.526302 0.263449 0.016005 0.104956
1 1 0.092910 0.519491 0.268435 0.017565 0.101598
1 1 0.112107 0.416462 0.157544 0.004845 0.309041
1 1 0.133282 0.369514 0.146015 0.005548 0.345641
4 4 0.157366 0.245970 0.070933 0.000832 0.524899
4 4 0.256972 0.077566 0.012013 0.000017 0.653433
4 4 0.148259 0.139996 0.030963 0.000132 0.680650
0 4 0.425479 0.319284 0.073284 0.000603 0.181350
0 4 0.558401 0.191402 0.045521 0.000484 0.204192
0 4 0.503168 0.075510 0.019497 0.000265 0.401560
4 4 0.370213 0.071826 0.018457 0.000211 0.539293
0 4 0.612899 0.057364 0.017854 0.000570 0.311313
0 4 0.510443 0.064853 0.020255 0.000578 0.403872
4 4 0.298722 0.202218 0.065237 0.001529 0.432294
0 4 0.575531 0.166781 0.027245 0.000070 0.230373
1 4 0.353370 0.404117 0.094533 0.000799 0.147181
4 4 0.347347 0.078479 0.024487 0.000564 0.549123
0 4 0.539123 0.035459 0.007450 0.000051 0.417916
0 4 0.746270 0.086342 0.015055 0.000063 0.152270
0 4 0.518481 0.138476 0.037415 0.000601 0.305028
0 4 0.573595 0.249035 0.056371 0.000542 0.120458
1 4 0.329037 0.385850 0.118210 0.002661 0.164243
4 4 0.220639 0.047487 0.013009 0.000159 0.718707
4 4 0.157066 0.070757 0.016898 0.000104 0.755174
4 4 0.092738 0.051599 0.013211 0.000091 0.842362
4 4 0.163247 0.132030 0.032652 0.000222 0.671849
4 4 0.202722 0.100603 0.024262 0.000166 0.672247
0 4 0.551801 0.187772 0.068779 0.003799 0.187849
0 4 0.476335 0.313026 0.058113 0.000231 0.152294
0 4 0.693664 0.107023 0.022776 0.000188 0.176349
0 4 0.439275 0.352801 0.099455 0.001981 0.106487
1 4 0.353718 0.401634 0.138510 0.005494 0.100643
4 4 0.104024 0.031219 0.009630 0.000147 0.854981
4 4 0.150659 0.049185 0.015300 0.000262 0.784595
4 4 0.140032 0.044392 0.013193 0.000187 0.802196
4 4 0.172041 0.036398 0.011393 0.000216 0.779953
4 4 0.182188 0.062619 0.018983 0.000308 0.735902
4 4 0.382584 0.046056 0.011460 0.000123 0.559777
4 4 0.360692 0.033571 0.006743 0.000032 0.598962
4 4 0.250181 0.019480 0.004459 0.000032 0.725848
4 4 0.362831 0.141680 0.016764 0.000010 0.478715
4 4 0.365986 0.085609 0.024096 0.000383 0.523926
1 4 0.096560 0.491615 0.185812 0.005708 0.220304
1 4 0.103941 0.541566 0.193096 0.005171 0.156226
1 4 0.108545 0.404984 0.245124 0.022359 0.218987
1 4 0.109397 0.499955 0.190321 0.006407 0.193920
1 4 0.107697 0.545986 0.211478 0.008170 0.126669
0 4 0.584416 0.188928 0.045991 0.000557 0.180108
1 4 0.220856 0.481227 0.174377 0.006808 0.116732
1 4 0.241263 0.463073 0.181813 0.010178 0.103674
0 4 0.528177 0.296877 0.087343 0.002317 0.085285
1 4 0.238447 0.456404 0.195721 0.015575 0.093853
1 4 0.225289 0.422655 0.233093 0.050780 0.068184
1 4 0.282864 0.404346 0.206680 0.036371 0.069739
1 4 0.232290 0.420761 0.229784 0.048698 0.068466
1 4 0.248134 0.416103 0.222396 0.044363 0.069005
1 4 0.263276 0.411217 0.215463 0.040648 0.069396
1 1 0.293977 0.400202 0.201789 0.034174 0.069859
0 1 0.632812 0.227992 0.079284 0.004728 0.055184
1 1 0.310000 0.393946 0.194850 0.031263 0.069940
0 1 0.581747 0.257504 0.094850 0.006649 0.059251
0 1 0.410223 0.349010 0.154312 0.018068 0.068387
1 1 0.039934 0.522146 0.313931 0.006299 0.117690
1 1 0.036826 0.442580 0.387660 0.011936 0.120998
1 1 0.033775 0.430276 0.386638 0.013069 0.136243
1 1 0.030392 0.433626 0.391797 0.010405 0.133780
1 1 0.088001 0.460159 0.346297 0.025056 0.080487
2 1 0.027853 0.393310 0.440790 0.013003 0.125044
2 1 0.021722 0.363707 0.484183 0.011688 0.118701
1 2 0.021091 0.459171 0.406250 0.004217 0.109272
2 2 0.026737 0.423056 0.433024 0.009516 0.107668
1 2 0.051766 0.493741 0.343576 0.010733 0.100183
2 2 0.010821 0.294929 0.519225 0.014507 0.160517
2 2 0.008676 0.272341 0.569271 0.014849 0.134862
2 2 0.008418 0.367343 0.465562 0.004124 0.154553
2 2 0.014001 0.343051 0.448035 0.011182 0.183732
2 2 0.006981 0.321077 0.521731 0.003975 0.146235
1 2 0.026908 0.477074 0.384590 0.005074 0.106354
2 1 0.012808 0.363067 0.489348 0.005546 0.129231
1 1 0.013262 0.451006 0.413393 0.002364 0.119976
2 1 0.006445 0.363313 0.520506 0.002092 0.107644
2 1 0.013986 0.398628 0.466493 0.004598 0.116295
2 1 0.006492 0.144745 0.821147 0.011580 0.016036
2 1 0.005791 0.152422 0.815147 0.010045 0.016596
2 1 0.003308 0.098362 0.862952 0.020485 0.014893
2 1 0.001702 0.069501 0.907027 0.014646 0.007124
2 1 0.000624 0.052147 0.936996 0.005733 0.004500
2 2 0.000309 0.027416 0.966202 0.004628 0.001445
2 2 0.000122 0.017538 0.978337 0.003081 0.000922
2 2 0.000424 0.042538 0.950970 0.003053 0.003015
2 2 0.000426 0.050409 0.941990 0.002903 0.004272
2 2 0.001701 0.083324 0.901684 0.005751 0.007540
2 2 0.000135 0.007098 0.970918 0.021654 0.000194
2 2 0.000853 0.021221 0.952468 0.024603 0.000855
2 2 0.001220 0.022079 0.936302 0.039584 0.000815
2 3 0.000595 0.013963 0.951101 0.033918 0.000424
2 3 0.000161 0.007633 0.964409 0.027575 0.000222
2 3 0.000635 0.015414 0.951182 0.032285 0.000484
