0 0 0.925907 0.054725 0.006291 0.000000 0.013077
0 0 0.942251 0.029344 0.011149 0.000110 0.017146
0 0 0.982476 0.006814 0.005043 0.000681 0.004986
0 0 0.977040 0.017365 0.001802 0.000000 0.003794
0 0 0.980929 0.012500 0.003195 0.000003 0.003373
0 0 0.854136 0.039668 0.005455 0.000009 0.100732
0 0 0.783398 0.100886 0.009148 0.000002 0.106567
0 0 0.588200 0.139886 0.023526 0.000062 0.248327
0 0 0.855923 0.029877 0.005265 0.000029 0.108906
0 0 0.824170 0.091550 0.015656 0.000019 0.068604
0 0 0.904751 0.047182 0.010258 0.000026 0.037784
0 0 0.977164 0.007135 0.001719 0.000010 0.013972
0 0 0.934068 0.020680 0.003949 0.000013 0.041289
0 0 0.879132 0.072339 0.014889 0.000020 0.033620
0 0 0.899285 0.043583 0.017222 0.000419 0.039491
1 0 0.410965 0.437554 0.093221 0.000025 0.058235
1 0 0.365053 0.439278 0.136710 0.000126 0.058833
0 0 0.430523 0.397703 0.129746 0.000109 0.041919
0 0 0.489835 0.357209 0.104454 0.000089 0.048413
0 0 0.437751 0.388654 0.121139 0.000122 0.052334
0 0 0.814804 0.094544 0.020824 0.000046 0.069783
0 0 0.889773 0.060177 0.008933 0.000004 0.041113
0 0 0.511231 0.299583 0.023694 0.000001 0.165491
1 0 0.289683 0.469853 0.044693 0.000003 0.195767
0 0 0.714378 0.155261 0.045486 0.000217 0.084657
1 0 0.286577 0.453065 0.186562 0.000525 0.073272
1 1 0.203931 0.543217 0.144029 0.000107 0.108716
0 1 0.485005 0.348680 0.092124 0.000084 0.074107
1 1 0.184674 0.542244 0.106463 0.000050 0.166569
1 1 0.299385 0.492728 0.115592 0.000059 0.092235
1 1 0.225506 0.538839 0.083023 0.000016 0.152616
1 1 0.283151 0.522742 0.077321 0.000010 0.116776
1 1 0.205272 0.567694 0.069540 0.000006 0.157488
1 1 0.291869 0.494942 0.106427 0.000049 0.106713
1 1 0.205368 0.595635 0.086367 0.000008 0.112622
0 1 0.343534 0.315129 0.297285 0.009364 0.034687
1 1 0.318924 0.333538 0.293210 0.009256 0.045071
0 1 0.373015 0.303113 0.267909 0.010578 0.045386
2 1 0.239649 0.305591 0.399454 0.016612 0.038695
1 1 0.186276 0.456943 0.293950 0.002504 0.060327
2 1 0.187855 0.377419 0.377912 0.012736 0.044078
2 1 0.093080 0.304496 0.554160 0.013210 0.035053
2 1 0.195476 0.259368 0.461564 0.053258 0.030334
2 1 0.153135 0.314291 0.495984 0.008065 0.028524
2 2 0.117837 0.187937 0.662740 0.018871 0.012615
2 2 0.143031 0.193209 0.649899 0.008854 0.005007
2 2 0.148533 0.116326 0.723852 0.008939 0.002351
2 2 0.195554 0.206316 0.584990 0.007195 0.005945
2 2 0.102475 0.155468 0.723887 0.013739 0.004431
2 2 0.107469 0.138479 0.738279 0.011701 0.004072
2 2 0.072038 0.107527 0.768045 0.049303 0.003086
2 2 0.054483 0.106275 0.827056 0.010074 0.002111
2 2 0.053886 0.227787 0.704718 0.005294 0.008314
2 2 0.014872 0.036811 0.826584 0.120465 0.001268
2 2 0.025401 0.045583 0.785811 0.141626 0.001580
2 2 0.016842 0.025070 0.621530 0.334838 0.001720
2 2 0.020049 0.039507 0.632375 0.304465 0.003604
2 2 0.003461 0.009567 0.643620 0.342656 0.000696
2 2 0.035899 0.091677 0.805849 0.059147 0.007429
2 2 0.004990 0.013210 0.582371 0.398022 0.001408
3 2 0.002286 0.008006 0.473993 0.514224 0.001492
2 2 0.011961 0.052056 0.733216 0.193755 0.009012
3 2 0.002379 0.007821 0.404021 0.583956 0.001823
3 2 0.002697 0.008510 0.432699 0.554363 0.001731
3 2 0.008170 0.020838 0.441841 0.523901 0.005250
3 2 0.005353 0.011422 0.327207 0.652719 0.003300
3 2 0.002263 0.004816 0.175404 0.814844 0.002672
3 2 0.006510 0.008596 0.170100 0.810747 0.004047
3 2 0.001674 0.001935 0.082120 0.912999 0.001272
3 2 0.008601 0.009743 0.192133 0.785883 0.003640
3 2 0.002488 0.008000 0.359405 0.627723 0.002385
3 2 0.002983 0.006353 0.182110 0.804788 0.003766
3 2 0.007025 0.005943 0.145686 0.839248 0.002097
3 2 0.005656 0.007224 0.154975 0.828467 0.003678
3 3 0.003146 0.005024 0.127683 0.860712 0.003434
3 3 0.000491 0.000486 0.027060 0.971176 0.000787
3 3 0.004707 0.005873 0.106706 0.878192 0.004521
3 3 0.001250 0.000722 0.018832 0.977774 0.001421
3 3 0.001700 0.001656 0.042286 0.951971 0.002386
3 3 0.001143 0.001360 0.047840 0.947851 0.001805
3 3 0.001359 0.000737 0.016272 0.979903 0.001729
3 3 0.001656 0.000937 0.022728 0.973164 0.001515
3 3 0.000723 0.000623 0.029132 0.968651 0.000872
3 3 0.000792 0.000541 0.018350 0.979167 0.001150
3 3 0.001193 0.000493 0.014693 0.982805 0.000816
3 3 0.001088 0.000889 0.034346 0.962605 0.001072
3 3 0.003283 0.001851 0.031043 0.961250 0.002572
3 3 0.000652 0.000831 0.037832 0.959324 0.001361
3 3 0.003908 0.002001 0.038780 0.953424 0.001887
3 3 0.001057 0.001124 0.048544 0.948058 0.001216
3 3 0.000626 0.000448 0.016530 0.981318 0.001079
3 3 0.000756 0.000785 0.030597 0.966458 0.001404
3 3 0.001724 0.000998 0.025668 0.970209 0.001401
3 3 0.001096 0.001217 0.033996 0.961210 0.002481
3 3 0.001144 0.001175 0.036353 0.959397 0.001931
3 3 0.000801 0.000802 0.033268 0.963913 0.001217
3 3 0.001497 0.000677 0.015420 0.981050 0.001356
3 3 0.001808 0.000779 0.017542 0.978581 0.001288
3 3 0.000625 0.000380 0.014290 0.983818 0.000887
3 3 0.001386 0.001070 0.030283 0.965620 0.001641
3 3 0.001677 0.000881 0.023643 0.972610 0.001190
3 3 0.001008 0.000364 0.012121 0.985905 0.000603
3 3 0.002094 0.000246 0.003643 0.993357 0.000659
3 3 0.051540 0.003640 0.013460 0.924960 0.006401
3 3 0.042269 0.014250 0.057045 0.870288 0.016149
0 2 0.471819 0.097755 0.105702 0.102914 0.221811
0 0 0.678835 0.069729 0.081091 0.073698 0.096646
0 0 0.821905 0.040787 0.036722 0.024225 0.076361
0 0 0.762150 0.064685 0.050252 0.015964 0.106950
0 0 0.842607 0.042860 0.038170 0.018600 0.057764
0 0 0.806120 0.065567 0.014929 0.000091 0.113293
0 0 0.797608 0.055721 0.013095 0.000117 0.133459
0 0 0.781021 0.068904 0.017720 0.000174 0.132180
0 1 0.522237 0.291747 0.038311 0.000011 0.147693
1 1 0.283915 0.439220 0.080164 0.000058 0.196643
0 1 0.781079 0.125595 0.023597 0.000023 0.069707
0 0 0.973727 0.009498 0.002597 0.000025 0.014153
0 0 0.959082 0.014391 0.003836 0.000036 0.022655
0 0 0.957334 0.015807 0.003817 0.000025 0.023017
0 0 0.985970 0.005708 0.001554 0.000011 0.006756
0 0 0.926591 0.031413 0.003292 0.000001 0.038703
0 0 0.929836 0.025376 0.004833 0.000017 0.039938
0 0 0.955938 0.019689 0.002953 0.000003 0.021417
0 0 0.974640 0.009404 0.002114 0.000010 0.013831
0 0 0.976051 0.010620 0.001128 0.000000 0.012200
0 0 0.903644 0.021304 0.001751 0.000001 0.073300
0 0 0.949166 0.019500 0.001719 0.000001 0.029615
0 0 0.966125 0.012315 0.001555 0.000002 0.020004
0 0 0.887731 0.018247 0.001891 0.000003 0.092128
0 0 0.915661 0.024435 0.001696 0.000000 0.058209
4 0 0.393178 0.060025 0.002300 0.000000 0.544497
4 0 0.448441 0.069381 0.004001 0.000001 0.478175
4 0 0.302533 0.156852 0.005313 0.000000 0.535302
4 0 0.332651 0.203823 0.004640 0.000000 0.458886
1 1 0.204959 0.485398 0.011917 0.000000 0.297726
1 1 0.059615 0.464933 0.377390 0.000755 0.097308
1 1 0.098145 0.512526 0.295259 0.000543 0.093527
1 1 0.056263 0.421472 0.388264 0.002345 0.131657
2 2 0.031993 0.335264 0.529818 0.003538 0.099387
1 2 0.090408 0.528397 0.275896 0.000271 0.105029
2 2 0.054462 0.405034 0.479264 0.002792 0.058447
2 2 0.049075 0.386452 0.525741 0.000807 0.037925
2 2 0.064709 0.285940 0.599478 0.010529 0.039344
2 2 0.036739 0.306124 0.625912 0.003080 0.028144
2 2 0.073589 0.226173 0.661106 0.014532 0.024599
2 2 0.119623 0.250307 0.601091 0.011738 0.017240
2 2 0.161450 0.238866 0.580610 0.008762 0.010312
2 2 0.100532 0.210344 0.669691 0.007960 0.011473
2 2 0.180558 0.224887 0.564193 0.015974 0.014388
2 2 0.189849 0.265019 0.508727 0.011719 0.024686
2 2 0.136902 0.143729 0.664026 0.047176 0.008167
2 2 0.112142 0.172559 0.690545 0.016519 0.008236
2 2 0.027840 0.078762 0.849928 0.039790 0.003680
2 2 0.116612 0.153362 0.673129 0.047375 0.009523
2 2 0.036836 0.099049 0.787507 0.069812 0.006797
2 2 0.033167 0.067262 0.749548 0.146506 0.003516
2 2 0.092567 0.183215 0.697472 0.017995 0.008752
2 2 0.008833 0.032723 0.832923 0.123918 0.001603
2 2 0.060409 0.163341 0.714341 0.047301 0.014608
2 2 0.014893 0.045413 0.775418 0.161370 0.002906
2 2 0.026761 0.051292 0.544866 0.369264 0.007818
2 2 0.028763 0.062315 0.680832 0.222858 0.005233
3 2 0.001656 0.004266 0.224005 0.768430 0.001642
2 2 0.015820 0.040494 0.505172 0.429462 0.009052
2 2 0.029580 0.068573 0.626281 0.267266 0.008300
2 2 0.042287 0.236839 0.683906 0.012332 0.024635
2 2 0.015829 0.195605 0.741441 0.021341 0.025784
2 2 0.014813 0.113798 0.823066 0.039581 0.008742
2 2 0.027378 0.107589 0.757858 0.097306 0.009868
2 2 0.039736 0.142236 0.734702 0.064733 0.018593
2 2 0.064910 0.110103 0.762365 0.056205 0.006417
2 2 0.020883 0.054606 0.749063 0.171779 0.003669
2 2 0.016725 0.058203 0.778626 0.142111 0.004335
2 2 0.006397 0.023662 0.658222 0.308808 0.002910
3 2 0.026768 0.027526 0.409406 0.532500 0.003800
2 2 0.107776 0.111430 0.597516 0.161896 0.021382
2 2 0.090249 0.185814 0.631679 0.064921 0.027337
2 0 0.224990 0.109865 0.454932 0.186300 0.023912
2 0 0.198886 0.268463 0.457133 0.033911 0.041607
2 1 0.151058 0.303867 0.475895 0.025482 0.043698
2 1 0.171609 0.173476 0.614562 0.030596 0.009756
2 2 0.059971 0.071629 0.615101 0.248582 0.004716
2 2 0.139241 0.168934 0.653887 0.028292 0.009646
2 2 0.137988 0.126920 0.665878 0.062504 0.006710
2 2 0.348870 0.199659 0.420394 0.020725 0.010353
2 2 0.121416 0.077008 0.651200 0.145381 0.004995
2 2 0.083997 0.078150 0.675939 0.158127 0.003788
2 2 0.130092 0.124029 0.620182 0.118916 0.006781
2 2 0.059079 0.045957 0.646421 0.245612 0.002931
3 0 0.018161 0.017760 0.401678 0.560353 0.002049
2 0 0.239676 0.173579 0.422988 0.132158 0.031599
2 1 0.120902 0.264242 0.518746 0.053328 0.042782
2 1 0.104471 0.315955 0.509676 0.022540 0.047359
2 2 0.126574 0.300384 0.494937 0.020560 0.057546
2 2 0.172149 0.325077 0.433323 0.025914 0.043537
2 2 0.071231 0.184740 0.655418 0.073988 0.014624
2 2 0.043441 0.217985 0.710514 0.015294 0.012766
2 2 0.049937 0.202702 0.719286 0.015956 0.012119
2 2 0.026847 0.113121 0.796310 0.056880 0.006842
2 2 0.059576 0.184811 0.679980 0.056599 0.019034
2 2 0.036570 0.079150 0.772635 0.108009 0.003636
2 2 0.010972 0.044444 0.792661 0.148584 0.003340
2 2 0.003833 0.019991 0.769114 0.205317 0.001745
2 2 0.040223 0.085149 0.638817 0.226700 0.009111
2 2 0.019684 0.059256 0.748089 0.168293 0.004678
3 2 0.006399 0.012330 0.466314 0.513433 0.001524
2 2 0.021351 0.036364 0.531292 0.406560 0.004432
2 2 0.039205 0.049832 0.511874 0.393467 0.005621
3 2 0.006238 0.009947 0.366281 0.616044 0.001490
2 2 0.025991 0.034266 0.474905 0.460554 0.004285
2 2 0.009918 0.017484 0.487068 0.483251 0.002279
3 2 0.009016 0.013471 0.396623 0.578980 0.001910
2 2 0.032651 0.048896 0.498290 0.413198 0.006965
2 2 0.025205 0.045492 0.542507 0.380969 0.005827
3 2 0.008255 0.010988 0.340638 0.638320 0.001800
2 2 0.010956 0.034969 0.598162 0.350301 0.005613
3 2 0.004097 0.010953 0.290554 0.689798 0.004598
2 2 0.011881 0.032536 0.497148 0.451443 0.006991
3 2 0.007929 0.021864 0.425522 0.538516 0.006168
2 2 0.018915 0.042518 0.550152 0.381868 0.006547
3 2 0.002248 0.004666 0.257456 0.734465 0.001165
3 2 0.214401 0.056599 0.281203 0.438451 0.009346
0 2 0.438577 0.098796 0.237916 0.210429 0.014282
2 2 0.113739 0.062733 0.440848 0.378439 0.004241
2 2 0.161757 0.102472 0.439318 0.288266 0.008186
0 0 0.734948 0.147622 0.085526 0.001217 0.030687
0 0 0.940473 0.030990 0.013985 0.000198 0.014354
0 0 0.963780 0.018325 0.008276 0.000125 0.009495
0 0 0.899815 0.053194 0.019349 0.000145 0.027497
0 0 0.915453 0.051556 0.011889 0.000015 0.021086
0 0 0.965526 0.015530 0.006491 0.000116 0.012337
0 0 0.931611 0.035309 0.009825 0.000041 0.023214
0 0 0.934624 0.025487 0.013559 0.000881 0.025450
0 0 0.960430 0.018582 0.006252 0.000056 0.014680
0 0 0.940579 0.024337 0.007815 0.000105 0.027164
0 0 0.927635 0.016722 0.002620 0.000010 0.053012
0 0 0.928493 0.020233 0.005392 0.000080 0.045802
0 0 0.960619 0.011910 0.002220 0.000008 0.025243
0 0 0.971684 0.007096 0.001233 0.000005 0.019982
0 0 0.899629 0.026185 0.006250 0.000078 0.067857
0 0 0.722096 0.050670 0.006508 0.000017 0.220709
0 0 0.807458 0.030184 0.001879 0.000001 0.160478
0 0 0.759531 0.053417 0.005562 0.000006 0.181485
4 0 0.310709 0.115014 0.005236 0.000001 0.569040
0 0 0.697625 0.042422 0.003471 0.000003 0.256479
0 0 0.817294 0.045355 0.007517 0.000031 0.129802
0 0 0.786220 0.045341 0.007509 0.000041 0.160889
0 0 0.845934 0.026246 0.002227 0.000002 0.125592
0 0 0.775434 0.045948 0.003901 0.000002 0.174714
0 0 0.846543 0.034156 0.002510 0.000001 0.116790
4 0 0.456602 0.076316 0.002814 0.000000 0.464268
0 0 0.777367 0.081192 0.003734 0.000000 0.137708
0 0 0.791568 0.043898 0.002445 0.000000 0.162089
0 0 0.741737 0.047479 0.002246 0.000000 0.208538
0 0 0.653593 0.054011 0.002926 0.000001 0.289469
0 0 0.767955 0.045758 0.003071 0.000001 0.183215
0 0 0.507658 0.217437 0.007424 0.000000 0.267481
0 0 0.816468 0.067056 0.003596 0.000000 0.112880
0 0 0.694022 0.103443 0.003833 0.000000 0.198702
0 0 0.746272 0.071501 0.007211 0.000004 0.175012
0 0 0.956236 0.016720 0.002650 0.000005 0.024389
0 0 0.940289 0.023293 0.003626 0.000005 0.032787
0 0 0.954956 0.016824 0.002626 0.000004 0.025591
0 0 0.952397 0.015973 0.003249 0.000015 0.028366
0 0 0.960973 0.015550 0.002894 0.000007 0.020575
0 0 0.871062 0.022635 0.001786 0.000001 0.104515
0 0 0.733490 0.034984 0.002485 0.000002 0.229039
0 0 0.722678 0.029898 0.002046 0.000001 0.245376
0 0 0.677492 0.030499 0.003317 0.000013 0.288679
0 0 0.730845 0.053120 0.004044 0.000002 0.211989
0 0 0.682940 0.048993 0.002055 0.000000 0.266012
0 0 0.567033 0.064565 0.003101 0.000000 0.365300
0 0 0.533440 0.169069 0.007624 0.000000 0.289868
0 0 0.689133 0.104358 0.003737 0.000000 0.202772
0 0 0.708359 0.105143 0.004054 0.000000 0.182444
0 0 0.890776 0.065302 0.014020 0.000017 0.029884
0 0 0.881519 0.073949 0.015861 0.000017 0.028654
0 0 0.935326 0.040787 0.007586 0.000005 0.016296
0 0 0.960272 0.021229 0.008957 0.000092 0.009450
0 0 0.961285 0.019164 0.003429 0.000004 0.016119
0 0 0.481068 0.095107 0.005087 0.000001 0.418738
0 0 0.766970 0.079850 0.006007 0.000001 0.147172
0 0 0.714070 0.086045 0.005062 0.000001 0.194822
0 1 0.513939 0.089562 0.003597 0.000000 0.392902
1 1 0.179918 0.413151 0.008279 0.000000 0.398652
1 1 0.194311 0.545142 0.065856 0.000007 0.194684
1 1 0.202077 0.571180 0.069815 0.000006 0.156921
1 1 0.198572 0.539880 0.092114 0.000028 0.169406
1 1 0.230803 0.560260 0.053828 0.000002 0.155107
1 1 0.256081 0.557356 0.042446 0.000001 0.144116
1 1 0.254270 0.484907 0.145488 0.000225 0.115110
1 1 0.188512 0.558382 0.108405 0.000039 0.144662
1 1 0.172045 0.503255 0.098434 0.000076 0.226191
1 1 0.116463 0.536040 0.138913 0.000055 0.208528
1 1 0.228371 0.484662 0.158688 0.000368 0.127911
1 1 0.364155 0.419001 0.133773 0.000229 0.082842
1 1 0.323666 0.440365 0.148031 0.000290 0.087649
1 1 0.195242 0.557747 0.077825 0.000011 0.169175
1 1 0.201805 0.556389 0.055407 0.000003 0.186395
1 1 0.202970 0.543939 0.097680 0.000031 0.155380
1 1 0.081574 0.456019 0.103318 0.000032 0.359056
1 1 0.086383 0.413558 0.089572 0.000052 0.410435
4 1 0.034208 0.410168 0.094887 0.000004 0.460734
1 1 0.099153 0.463323 0.078380 0.000015 0.359129
1 1 0.161979 0.450288 0.059051 0.000023 0.328659
1 1 0.165671 0.487234 0.103357 0.000120 0.243618
1 1 0.135481 0.456157 0.077195 0.000040 0.331127
1 1 0.179361 0.512278 0.078526 0.000027 0.229808
1 1 0.048764 0.442490 0.187006 0.000100 0.321641
1 4 0.110956 0.467656 0.119579 0.000114 0.301695
1 4 0.211662 0.485574 0.069731 0.000022 0.233011
1 4 0.180636 0.496730 0.054172 0.000008 0.268454
1 4 0.177696 0.495279 0.061828 0.000013 0.265185
1 4 0.172037 0.485138 0.077365 0.000039 0.265421
1 4 0.197739 0.518474 0.066548 0.000011 0.217228
1 4 0.272137 0.388934 0.286840 0.004088 0.048001
1 4 0.326888 0.356130 0.268539 0.004443 0.044000
1 4 0.336806 0.382226 0.243530 0.001566 0.035871
1 4 0.241087 0.377636 0.332455 0.005449 0.043373
2 4 0.204517 0.320740 0.420371 0.014403 0.039969
0 4 0.369610 0.283584 0.317346 0.009932 0.019528
2 4 0.295407 0.276405 0.393805 0.013430 0.020952
2 4 0.145438 0.239855 0.585110 0.011712 0.017884
0 4 0.357703 0.282726 0.315539 0.015896 0.028136
1 4 0.306658 0.369381 0.288217 0.003297 0.032447
1 4 0.163279 0.490403 0.306357 0.001130 0.038832
0 2 0.362272 0.323163 0.282014 0.004915 0.027636
2 2 0.342754 0.277702 0.363869 0.003803 0.011873
0 2 0.445694 0.291379 0.247827 0.001850 0.013251
2 2 0.232577 0.322521 0.429795 0.002486 0.012621
2 2 0.258170 0.202084 0.501152 0.026634 0.011960
2 2 0.319224 0.250086 0.411938 0.008764 0.009988
2 2 0.244840 0.192703 0.545413 0.010318 0.006726
2 2 0.272117 0.234478 0.453835 0.026241 0.013328
2 2 0.350587 0.227076 0.394687 0.015750 0.011899
2 2 0.057609 0.160421 0.767119 0.010096 0.004755
2 2 0.037882 0.103978 0.814957 0.040052 0.003131
2 2 0.089178 0.192027 0.696423 0.015795 0.006577
2 2 0.045262 0.075926 0.828211 0.048170 0.002431
2 2 0.039765 0.156598 0.778327 0.017787 0.007522
2 2 0.115163 0.139768 0.676683 0.063270 0.005116
2 2 0.042740 0.112011 0.812518 0.029894 0.002837
2 2 0.018736 0.034091 0.862605 0.083965 0.000603
2 2 0.103909 0.118518 0.663213 0.109766 0.004594
2 2 0.057839 0.102421 0.788113 0.047975 0.003652
2 2 0.009929 0.042186 0.889274 0.057292 0.001320
2 2 0.035779 0.068175 0.761954 0.131053 0.003039
2 2 0.043903 0.100488 0.748424 0.101687 0.005498
2 2 0.029506 0.069530 0.783112 0.114533 0.003318
2 2 0.029993 0.071187 0.802561 0.093355 0.002904
2 2 0.022477 0.055226 0.855785 0.064738 0.001773
2 2 0.016480 0.037447 0.800984 0.143653 0.001437
2 2 0.020153 0.050674 0.797821 0.129029 0.002323
2 2 0.022172 0.048602 0.798588 0.128727 0.001911
2 2 0.025852 0.037948 0.673837 0.260315 0.002049
2 2 0.027209 0.049467 0.703081 0.217313 0.002929
2 2 0.019272 0.034686 0.592576 0.350178 0.003288
2 2 0.040491 0.068624 0.698701 0.188099 0.004085
2 2 0.014348 0.029246 0.668344 0.285959 0.002103
2 2 0.011794 0.024586 0.579833 0.381271 0.002517
3 2 0.006691 0.015213 0.474152 0.501611 0.002332
2 2 0.007905 0.017844 0.507282 0.464319 0.002651
2 2 0.037929 0.052427 0.567013 0.337789 0.004842
3 2 0.004848 0.007033 0.285379 0.701367 0.001373
3 2 0.038086 0.035852 0.433531 0.488326 0.004205
3 2 0.008049 0.010796 0.280782 0.697830 0.002543
2 2 0.014941 0.026795 0.486949 0.467324 0.003992
3 3 0.005591 0.009752 0.329315 0.653227 0.002115
3 3 0.010696 0.023534 0.472708 0.488450 0.004613
3 3 0.004338 0.007816 0.335392 0.650934 0.001520
3 3 0.004906 0.009707 0.275186 0.706882 0.003319
3 3 0.004173 0.003707 0.109645 0.880813 0.001661
3 3 0.012935 0.014337 0.243286 0.725326 0.004116
3 3 0.021406 0.020698 0.266135 0.686672 0.005089
3 3 0.007251 0.007939 0.170882 0.810951 0.002978
3 3 0.002950 0.004091 0.154564 0.836685 0.001709
3 3 0.006143 0.005920 0.139676 0.845752 0.002509
3 3 0.004191 0.004692 0.083044 0.903580 0.004493
3 3 0.005780 0.006216 0.102048 0.881051 0.004904
3 3 0.002569 0.003684 0.101009 0.889793 0.002945
3 3 0.003152 0.002660 0.087159 0.905603 0.001427
3 3 0.005539 0.005441 0.088027 0.896376 0.004617
3 3 0.007062 0.005641 0.100327 0.883633 0.003338
3 3 0.002828 0.003007 0.087862 0.904294 0.002010
3 3 0.002850 0.003377 0.075480 0.914844 0.003449
3 3 0.001965 0.001370 0.036452 0.958640 0.001572
3 3 0.001294 0.000592 0.015674 0.981346 0.001094
3 3 0.001041 0.000724 0.026766 0.970479 0.000989
3 3 0.000978 0.000911 0.036780 0.960177 0.001154
3 3 0.002075 0.001172 0.025859 0.969171 0.001723
3 3 0.001303 0.000661 0.017186 0.979604 0.001246
3 3 0.001328 0.000552 0.015464 0.981760 0.000897
3 3 0.001603 0.000771 0.020113 0.976367 0.001147
3 3 0.000618 0.000447 0.017525 0.980419 0.000991
3 3 0.000955 0.000505 0.013290 0.983935 0.001314
3 3 0.001616 0.001963 0.061006 0.933265 0.002150
3 3 0.003333 0.002754 0.046991 0.943320 0.003602
3 3 0.001217 0.001774 0.062313 0.932513 0.002183
3 3 0.000967 0.001267 0.042937 0.952669 0.002160
3 3 0.003746 0.004203 0.068891 0.917945 0.005215
3 3 0.001353 0.000680 0.015691 0.980787 0.001489
3 3 0.001129 0.000775 0.020663 0.975787 0.001647
3 3 0.001063 0.000876 0.029327 0.967362 0.001372
3 3 0.001603 0.001011 0.025023 0.970720 0.001643
3 3 0.000978 0.000707 0.022263 0.974708 0.001343
3 3 0.000419 0.000297 0.013236 0.985231 0.000818
3 3 0.002087 0.001157 0.026306 0.968841 0.001609
3 3 0.008487 0.005193 0.064849 0.916995 0.004476
3 3 0.001104 0.001513 0.046496 0.948282 0.002605
3 3 0.000820 0.000561 0.018554 0.978871 0.001194
3 3 0.002560 0.003860 0.120936 0.870018 0.002627
3 3 0.059033 0.021650 0.219756 0.695861 0.003700
2 3 0.059545 0.092956 0.529584 0.305269 0.012646
2 2 0.097424 0.129504 0.473850 0.279656 0.019567
2 2 0.064877 0.085476 0.539034 0.301436 0.009178
2 2 0.006703 0.065045 0.879406 0.044238 0.004607
2 2 0.010673 0.131342 0.816274 0.028472 0.013239
2 2 0.004368 0.050837 0.919891 0.022800 0.002104
2 2 0.008278 0.069743 0.878051 0.039782 0.004145
2 2 0.002746 0.033584 0.916528 0.045147 0.001996
2 2 0.003468 0.019906 0.759164 0.215555 0.001906
2 2 0.013373 0.042881 0.730559 0.209491 0.003695
2 2 0.013795 0.056156 0.754701 0.169666 0.005682
2 2 0.012149 0.042138 0.711724 0.229685 0.004305
2 2 0.018149 0.055011 0.690553 0.230329 0.005957
2 2 0.009917 0.059404 0.799015 0.125155 0.006508
2 2 0.007684 0.049930 0.847157 0.091332 0.003897
2 2 0.010712 0.069651 0.761570 0.147224 0.010842
2 2 0.012736 0.054142 0.776427 0.151754 0.004941
2 2 0.016165 0.059508 0.731460 0.186526 0.006341
2 2 0.062457 0.097340 0.574650 0.254972 0.010581
2 2 0.053517 0.094275 0.638220 0.205663 0.008325
2 2 0.026315 0.045538 0.507089 0.414094 0.006966
2 2 0.061106 0.077799 0.525309 0.318550 0.017236
2 2 0.128181 0.201667 0.502323 0.135706 0.032123
1 0 0.328737 0.357145 0.245861 0.004870 0.063387
0 0 0.848809 0.044932 0.052431 0.023492 0.030335
0 0 0.841988 0.078125 0.051846 0.001877 0.026165
0 0 0.888443 0.042408 0.044284 0.008277 0.016588
0 0 0.867283 0.043486 0.049680 0.017483 0.022068
0 0 0.926651 0.026084 0.020420 0.003411 0.023434
0 0 0.924552 0.028879 0.016838 0.001439 0.028292
0 0 0.903127 0.038645 0.022684 0.001611 0.033933
0 0 0.898959 0.042802 0.025597 0.001638 0.031004
0 0 0.856628 0.070963 0.027940 0.000371 0.044097
0 0 0.940638 0.025125 0.016178 0.001138 0.016921
0 0 0.942766 0.020022 0.012219 0.001349 0.023644
0 0 0.958805 0.018874 0.009606 0.000295 0.012420
0 0 0.947898 0.025543 0.007986 0.000057 0.018516
0 0 0.862095 0.068364 0.015720 0.000047 0.053775
0 0 0.936725 0.026215 0.009798 0.000192 0.027070
0 0 0.954864 0.017974 0.004229 0.000022 0.022912
0 0 0.957794 0.016192 0.006794 0.000215 0.019005
0 0 0.933407 0.030125 0.005872 0.000012 0.030584
0 0 0.931377 0.031360 0.006514 0.000017 0.030733
0 0 0.943367 0.022329 0.005613 0.000035 0.028656
0 0 0.827881 0.034512 0.006370 0.000042 0.131195
0 0 0.634743 0.148934 0.014588 0.000005 0.201729
0 0 0.889666 0.039540 0.004270 0.000002 0.066522
0 0 0.834706 0.068797 0.010918 0.000017 0.085561
0 0 0.662318 0.101915 0.006700 0.000001 0.229066
0 0 0.888059 0.045215 0.007331 0.000012 0.059384
0 0 0.833264 0.026015 0.002476 0.000003 0.138242
0 0 0.687688 0.061166 0.006959 0.000011 0.244176
0 0 0.649754 0.107106 0.008551 0.000003 0.234586
0 0 0.829933 0.052321 0.006651 0.000009 0.111086
0 0 0.912577 0.026201 0.002857 0.000002 0.058363
0 0 0.916311 0.029783 0.003946 0.000004 0.049955
0 0 0.960230 0.015749 0.001732 0.000001 0.022288
0 0 0.875771 0.037667 0.003235 0.000001 0.083325
4 0 0.387990 0.104257 0.007654 0.000004 0.500095
0 0 0.675784 0.076852 0.002413 0.000000 0.244951
4 0 0.390590 0.158866 0.010665 0.000002 0.439876
4 0 0.312795 0.312929 0.006834 0.000000 0.367442
0 1 0.383523 0.375962 0.028397 0.000002 0.212116
1 1 0.125054 0.504434 0.192262 0.000426 0.177824
1 1 0.177900 0.514004 0.087651 0.000040 0.220405
1 1 0.098597 0.462558 0.128909 0.000123 0.309813
1 1 0.149421 0.437912 0.097982 0.000222 0.314464
1 1 0.052277 0.416296 0.143254 0.000076 0.388096
1 1 0.156199 0.458971 0.101588 0.000181 0.283061
1 1 0.239004 0.469930 0.076182 0.000036 0.214848
1 1 0.171720 0.505532 0.104499 0.000092 0.218157
1 1 0.134692 0.540103 0.124575 0.000048 0.200582
1 1 0.165233 0.473819 0.080945 0.000057 0.279946
1 1 0.196707 0.468746 0.037038 0.000002 0.297507
1 1 0.352887 0.425455 0.079170 0.000044 0.142444
0 4 0.473933 0.264685 0.038959 0.000026 0.222398
0 4 0.425899 0.167787 0.032374 0.000160 0.373779
0 4 0.497832 0.254348 0.036909 0.000025 0.210886
4 4 0.135814 0.355893 0.026963 0.000004 0.481327
4 4 0.040121 0.148868 0.058162 0.000302 0.752548
1 4 0.175903 0.457755 0.030672 0.000001 0.335669
1 4 0.161321 0.434733 0.042872 0.000008 0.361066
4 4 0.038896 0.327985 0.080324 0.000020 0.552775
1 4 0.181535 0.514727 0.073232 0.000019 0.230487
1 4 0.101280 0.492252 0.127022 0.000066 0.279380
1 4 0.172288 0.492280 0.078635 0.000038 0.256759
1 4 0.060056 0.438133 0.138860 0.000063 0.362889
1 4 0.070712 0.466376 0.175016 0.000143 0.287753
4 4 0.010597 0.287677 0.218120 0.000073 0.483534
4 4 0.028612 0.380050 0.146930 0.000029 0.444380
4 4 0.007395 0.278088 0.344246 0.000172 0.370099
1 4 0.021350 0.369853 0.332368 0.000333 0.276097
1 4 0.039605 0.418853 0.192916 0.000100 0.348525
1 4 0.124987 0.477623 0.151272 0.000329 0.245788
1 4 0.028710 0.412991 0.301283 0.000208 0.256808
1 4 0.102140 0.513341 0.221322 0.000323 0.162873
1 4 0.152601 0.482125 0.194611 0.001201 0.169462
1 4 0.154246 0.490574 0.204584 0.001161 0.149435
1 4 0.157422 0.502955 0.210340 0.000950 0.128333
1 4 0.158597 0.498670 0.186210 0.000757 0.155765
1 4 0.077499 0.513918 0.263865 0.000247 0.144470
1 4 0.066405 0.454792 0.256636 0.000611 0.221556
1 4 0.060558 0.445292 0.275171 0.000725 0.218253
1 4 0.161259 0.451938 0.221283 0.002155 0.163366
1 4 0.173888 0.503598 0.089604 0.000052 0.232857
1 4 0.117388 0.517800 0.202720 0.000315 0.161776
1 4 0.187779 0.565605 0.124520 0.000053 0.122043
1 4 0.092971 0.473211 0.286950 0.001343 0.145525
0 0 0.492360 0.338627 0.060168 0.000021 0.108824
0 0 0.711051 0.164370 0.022625 0.000008 0.101945
0 0 0.598592 0.282723 0.067381 0.000039 0.051265
0 0 0.461602 0.364191 0.110142 0.000140 0.063925
1 0 0.272622 0.542839 0.073638 0.000006 0.110895
0 0 0.482085 0.403984 0.030271 0.000000 0.083660
0 0 0.732440 0.140127 0.022035 0.000015 0.105382
0 0 0.908983 0.028104 0.006433 0.000040 0.056441
0 0 0.920912 0.026879 0.004300 0.000007 0.047902
0 1 0.777327 0.107858 0.011777 0.000004 0.103033
1 1 0.170029 0.483411 0.074762 0.000036 0.271762
1 1 0.095401 0.486341 0.077476 0.000008 0.340774
1 1 0.041801 0.420895 0.169945 0.000068 0.367290
4 1 0.019803 0.324291 0.276383 0.000485 0.379038
4 0 0.326504 0.291957 0.040366 0.000024 0.341150
0 0 0.549450 0.346042 0.033311 0.000001 0.071196
0 0 0.873220 0.070830 0.031921 0.000253 0.023777
0 0 0.862587 0.083210 0.018691 0.000021 0.035491
0 1 0.534815 0.349638 0.076764 0.000020 0.038762
0 1 0.506912 0.370674 0.073888 0.000017 0.048509
1 1 0.125291 0.500374 0.271263 0.001128 0.101944
1 1 0.045061 0.438956 0.422385 0.000758 0.092839
2 1 0.018972 0.328796 0.556156 0.001680 0.094396
2 2 0.025260 0.344486 0.565218 0.001931 0.063105
2 2 0.012311 0.271177 0.632904 0.002910 0.080698
2 2 0.007194 0.242752 0.695545 0.001108 0.053401
2 2 0.002059 0.128909 0.847963 0.001627 0.019441
2 2 0.003388 0.163770 0.791647 0.002779 0.038416
2 2 0.001584 0.135341 0.820586 0.001358 0.041131
2 2 0.013177 0.274440 0.659335 0.002232 0.050817
2 2 0.006137 0.215541 0.742749 0.001346 0.034227
2 2 0.007591 0.248924 0.701938 0.000799 0.040748
2 2 0.006483 0.166651 0.800790 0.002771 0.023304
2 2 0.003730 0.182307 0.776812 0.001325 0.035826
2 2 0.003729 0.186084 0.785875 0.000696 0.023616
2 2 0.009027 0.233583 0.724262 0.001989 0.031139
2 2 0.015944 0.161790 0.792743 0.014035 0.015488
2 2 0.011033 0.211224 0.749432 0.006033 0.022278
2 2 0.007205 0.204834 0.756375 0.003039 0.028547
2 2 0.029430 0.211919 0.724698 0.011232 0.022720
2 2 0.003624 0.147676 0.819507 0.005286 0.023907
2 2 0.004019 0.164603 0.807958 0.002420 0.020999
2 2 0.001403 0.070857 0.909837 0.010331 0.007571
2 2 0.001020 0.077432 0.907732 0.004811 0.009005
2 2 0.001996 0.101012 0.872877 0.010320 0.013796
2 2 0.005874 0.167936 0.804026 0.003544 0.018619
2 2 0.002727 0.102100 0.875059 0.009448 0.010665
2 2 0.001827 0.078367 0.904142 0.008327 0.007337
2 2 0.002681 0.077552 0.895279 0.016789 0.007698
2 2 0.003908 0.143106 0.829735 0.005288 0.017963
2 2 0.001735 0.040043 0.908893 0.044588 0.004741
2 2 0.011795 0.091773 0.809747 0.075899 0.010786
2 2 0.005799 0.099741 0.855732 0.026838 0.011890
2 2 0.003210 0.048586 0.889801 0.053322 0.005082
2 2 0.005427 0.080870 0.876753 0.029846 0.007104
2 2 0.033694 0.147689 0.723504 0.076314 0.018798
2 2 0.017887 0.149492 0.779856 0.033607 0.019159
2 2 0.029041 0.156234 0.771238 0.027662 0.015825
2 2 0.008039 0.080790 0.835815 0.065697 0.009659
2 2 0.021156 0.113363 0.798723 0.055294 0.011464
2 2 0.017145 0.032093 0.672991 0.275599 0.002172
2 2 0.021374 0.050390 0.768950 0.156639 0.002647
2 2 0.027556 0.092262 0.734118 0.137152 0.008912
2 2 0.092709 0.109551 0.564504 0.222187 0.011050
2 2 0.056936 0.135313 0.720639 0.079324 0.007788
2 2 0.014279 0.213067 0.711662 0.023244 0.037748
2 2 0.021671 0.279656 0.631662 0.009650 0.057361
2 2 0.019840 0.154215 0.756485 0.048058 0.021403
2 2 0.026977 0.257316 0.646038 0.022487 0.047181
2 2 0.024853 0.240852 0.665078 0.021520 0.047698
2 2 0.011699 0.215814 0.728230 0.010403 0.033854
2 2 0.002903 0.117253 0.841214 0.016943 0.021687
2 2 0.000911 0.057828 0.925061 0.009769 0.006431
2 2 0.005495 0.146779 0.818442 0.010043 0.019241
2 2 0.006641 0.183807 0.785671 0.004220 0.019660
2 2 0.003109 0.085873 0.871280 0.026855 0.012883
2 2 0.002362 0.055138 0.896587 0.038767 0.007146
2 2 0.017001 0.242869 0.695961 0.008082 0.036087
2 2 0.004989 0.063593 0.884795 0.041229 0.005394
2 2 0.007649 0.108397 0.818680 0.048347 0.016926
2 2 0.005749 0.070807 0.874740 0.042322 0.006382
2 2 0.004082 0.081028 0.880452 0.026095 0.008344
2 2 0.005546 0.101155 0.843755 0.035105 0.014438
2 2 0.001808 0.057856 0.909780 0.023655 0.006900
2 2 0.003472 0.071565 0.891845 0.026094 0.007023
2 2 0.008473 0.121346 0.782971 0.061285 0.025925
2 2 0.003636 0.071945 0.862984 0.049685 0.011749
2 2 0.005904 0.157628 0.798915 0.013877 0.023676
2 2 0.004524 0.104408 0.841571 0.031904 0.017593
2 2 0.004016 0.105279 0.856719 0.020232 0.013754
2 2 0.011862 0.090326 0.756847 0.121909 0.019056
2 2 0.017315 0.072137 0.700090 0.199769 0.010689
2 2 0.020403 0.094627 0.722909 0.146598 0.015463
2 2 0.004558 0.034272 0.748164 0.207044 0.005963
1 2 0.247947 0.287525 0.282023 0.021522 0.160983
0 0 0.935644 0.020714 0.004757 0.000023 0.038862
0 0 0.897281 0.037333 0.011377 0.000109 0.053900
0 0 0.658241 0.220819 0.026566 0.000005 0.094369
1 1 0.261807 0.460451 0.047596 0.000006 0.230140
1 1 0.249267 0.460275 0.086244 0.000064 0.204149
2 1 0.014532 0.273201 0.659063 0.003149 0.050055
2 1 0.004985 0.176761 0.787058 0.003474 0.027722
2 1 0.004599 0.192137 0.760317 0.001861 0.041087
2 2 0.003107 0.153201 0.810948 0.002934 0.029809
2 2 0.003497 0.179217 0.789252 0.000930 0.027104
2 2 0.001434 0.042584 0.939890 0.013590 0.002501
2 2 0.002725 0.050442 0.932752 0.012150 0.001931
2 2 0.002354 0.067264 0.903254 0.020157 0.006972
2 2 0.002877 0.053920 0.912853 0.026291 0.004060
2 2 0.001740 0.039060 0.939869 0.017296 0.002035
2 2 0.037797 0.314238 0.590966 0.003856 0.053143
2 2 0.081333 0.401620 0.421795 0.002429 0.092823
2 2 0.109759 0.401276 0.401816 0.003262 0.083886
0 2 0.414772 0.303647 0.091171 0.000342 0.190068
1 2 0.126339 0.474345 0.269253 0.002318 0.127746
2 2 0.041804 0.340768 0.542900 0.009781 0.064747
2 2 0.024708 0.318997 0.589166 0.004104 0.063025
2 2 0.016305 0.273823 0.662846 0.003869 0.043157
2 2 0.011136 0.248761 0.686520 0.003401 0.050182
2 2 0.021437 0.290084 0.637212 0.005397 0.045870
2 2 0.000734 0.040970 0.943355 0.011279 0.003662
2 2 0.004009 0.137062 0.830442 0.010328 0.018158
2 2 0.001614 0.071933 0.906814 0.011905 0.007733
2 2 0.004674 0.101419 0.864484 0.017969 0.011454
2 2 0.001425 0.078842 0.900416 0.009836 0.009482
2 2 0.007550 0.091304 0.873452 0.020353 0.007341
2 2 0.010030 0.112502 0.816217 0.045711 0.015540
2 2 0.014419 0.165994 0.768585 0.023717 0.027285
2 2 0.005507 0.120214 0.833231 0.020406 0.020642
2 1 0.036020 0.327168 0.550277 0.007437 0.079098
0 2 0.608092 0.192641 0.134611 0.003897 0.060758
1 1 0.147263 0.487438 0.271336 0.002112 0.091850
2 1 0.108168 0.255635 0.570735 0.023496 0.041967
1 1 0.220231 0.427295 0.277098 0.003569 0.071807
2 2 0.148146 0.359385 0.411824 0.014394 0.066251
2 2 0.046741 0.294137 0.589013 0.030564 0.039544
2 2 0.006164 0.134582 0.808167 0.027752 0.023334
2 2 0.005645 0.064447 0.882935 0.041928 0.005045
2 2 0.019500 0.186640 0.727292 0.039085 0.027484
2 2 0.014868 0.147576 0.799625 0.025660 0.012270
2 2 0.028982 0.169886 0.764004 0.025131 0.011996
2 2 0.013708 0.112442 0.844828 0.023205 0.005818
2 2 0.035566 0.276211 0.641176 0.016917 0.030130
2 2 0.013129 0.091091 0.832842 0.055684 0.007254
2 2 0.016256 0.126613 0.804683 0.041334 0.011114
2 2 0.017170 0.101897 0.794112 0.076656 0.010165
2 2 0.013311 0.105558 0.828101 0.044334 0.008695
2 2 0.019220 0.115157 0.786826 0.067459 0.011338
2 2 0.034360 0.147199 0.751234 0.055877 0.011330
2 2 0.004345 0.045715 0.902638 0.044495 0.002807
2 2 0.011837 0.039602 0.815746 0.130775 0.002040
2 2 0.041680 0.228730 0.683861 0.027716 0.018012
2 2 0.025633 0.064152 0.789496 0.117586 0.003133
2 2 0.032430 0.126886 0.765597 0.066076 0.009010
2 2 0.012338 0.053127 0.860602 0.071569 0.002363
2 2 0.010179 0.111681 0.826541 0.039769 0.011831
2 2 0.019367 0.107884 0.765204 0.094611 0.012935
2 2 0.007246 0.083898 0.849284 0.050281 0.009291
2 2 0.004375 0.051710 0.880693 0.058396 0.004827
2 2 0.010292 0.093811 0.824422 0.060840 0.010635
2 2 0.053520 0.088540 0.627697 0.222496 0.007747
2 2 0.014072 0.066048 0.789136 0.124570 0.006174
2 2 0.052463 0.110080 0.720410 0.110506 0.006540
2 2 0.099986 0.168994 0.623009 0.096754 0.011257
2 2 0.064124 0.146341 0.649588 0.126046 0.013901
2 2 0.031931 0.232162 0.675200 0.032867 0.027840
2 2 0.015608 0.169728 0.758125 0.034280 0.022259
2 2 0.009422 0.060016 0.871588 0.055652 0.003323
2 2 0.041318 0.136587 0.771224 0.043776 0.007095
2 2 0.014033 0.083595 0.848722 0.048798 0.004852
2 2 0.022370 0.149478 0.772796 0.039613 0.015743
2 2 0.015005 0.103863 0.848671 0.026963 0.005498
2 2 0.028154 0.126188 0.784487 0.052906 0.008264
2 2 0.009017 0.112758 0.847804 0.022111 0.008309
2 2 0.019751 0.101855 0.815754 0.055914 0.006726
0 2 0.427766 0.264769 0.252622 0.010987 0.043856
2 2 0.241602 0.329556 0.368197 0.008440 0.052205
0 0 0.667979 0.145695 0.140907 0.011344 0.034075
0 0 0.705585 0.117453 0.123043 0.017197 0.036722
0 0 0.808115 0.062930 0.077092 0.024558 0.027305
0 1 0.674712 0.087224 0.009869 0.000005 0.228190
1 1 0.182327 0.490153 0.043184 0.000003 0.284332
1 1 0.174555 0.472894 0.046306 0.000006 0.306238
1 1 0.121022 0.476329 0.127743 0.000158 0.274747
4 1 0.138252 0.383122 0.053911 0.000047 0.424669
2 2 0.004518 0.133698 0.825431 0.016467 0.019888
2 2 0.014624 0.171392 0.767164 0.025686 0.021135
2 2 0.019836 0.260626 0.685920 0.007111 0.026507
2 2 0.002872 0.100015 0.873637 0.012424 0.011052
2 2 0.015358 0.228471 0.716652 0.011698 0.027821
2 2 0.017198 0.261469 0.691601 0.004245 0.025488
2 2 0.013449 0.237389 0.718078 0.003816 0.027269
2 2 0.024410 0.212391 0.734020 0.010619 0.018561
2 2 0.003708 0.080915 0.894298 0.015222 0.005857
2 2 0.004086 0.097880 0.865748 0.020866 0.011421
2 2 0.010921 0.220222 0.708041 0.010196 0.050621
2 2 0.008145 0.227390 0.717564 0.002631 0.044271
2 2 0.004112 0.156573 0.812980 0.002487 0.023848
2 2 0.022275 0.295283 0.613930 0.006519 0.061993
2 2 0.002981 0.143554 0.822396 0.004111 0.026958
2 2 0.055566 0.427188 0.470036 0.001294 0.045916
0 0 0.491722 0.278201 0.200031 0.001679 0.028368
1 0 0.197107 0.608347 0.138994 0.000021 0.055531
1 0 0.229182 0.622129 0.096620 0.000004 0.052065
0 0 0.447349 0.333016 0.197963 0.000664 0.021008
0 0 0.837256 0.024345 0.001917 0.000001 0.136481
0 0 0.908807 0.009473 0.001052 0.000003 0.080664
0 0 0.823071 0.028124 0.001775 0.000001 0.147028
0 0 0.851351 0.011812 0.000982 0.000002 0.135854
0 0 0.798396 0.034422 0.003452 0.000005 0.163725
4 0 0.129315 0.337560 0.027933 0.000002 0.505190
1 1 0.098068 0.504060 0.066051 0.000003 0.331818
4 1 0.010897 0.293219 0.194267 0.000042 0.501576
4 1 0.021809 0.299553 0.146087 0.000102 0.532450
4 1 0.020932 0.381956 0.201530 0.000037 0.395545
1 1 0.094220 0.479916 0.137751 0.000097 0.288016
1 1 0.119460 0.451990 0.141422 0.000396 0.286731
1 1 0.165804 0.501696 0.134195 0.000246 0.198059
1 1 0.060590 0.449162 0.161337 0.000094 0.328816
1 1 0.163054 0.482454 0.109285 0.000162 0.245046
4 1 0.133325 0.343004 0.024204 0.000003 0.499465
0 1 0.378805 0.298933 0.051270 0.000073 0.270918
1 1 0.264508 0.480136 0.049243 0.000005 0.206108
4 1 0.373987 0.132641 0.025102 0.000184 0.468086
4 4 0.400614 0.158591 0.034589 0.000288 0.405917
4 4 0.130515 0.166396 0.019003 0.000038 0.684048
4 4 0.100929 0.030175 0.002624 0.000017 0.866255
4 4 0.085676 0.127016 0.007675 0.000003 0.779631
4 4 0.157648 0.170702 0.020660 0.000041 0.650949
4 4 0.115609 0.096161 0.008175 0.000012 0.780043
4 4 0.134224 0.269691 0.020204 0.000005 0.575876
4 4 0.107048 0.126384 0.012153 0.000021 0.754394
4 4 0.386004 0.190680 0.024435 0.000029 0.398852
1 4 0.184784 0.456637 0.053529 0.000012 0.305038
4 4 0.157058 0.141198 0.013403 0.000014 0.688327
4 4 0.211880 0.045495 0.006035 0.000072 0.736518
4 4 0.120943 0.081472 0.009659 0.000058 0.787868
4 4 0.120168 0.060175 0.005770 0.000025 0.813863
4 4 0.136078 0.064014 0.010685 0.000235 0.788987
4 4 0.096139 0.052519 0.005212 0.000026 0.846104
4 4 0.171290 0.104016 0.015011 0.000097 0.709586
4 4 0.148565 0.192457 0.013350 0.000004 0.645624
4 4 0.097063 0.147381 0.010085 0.000004 0.745467
4 4 0.166618 0.288722 0.020680 0.000003 0.523977
4 4 0.110830 0.187019 0.019364 0.000025 0.682762
4 4 0.028517 0.307787 0.126298 0.000103 0.537296
4 4 0.099079 0.413680 0.073501 0.000033 0.413707
4 4 0.012976 0.333724 0.241489 0.000055 0.411756
1 4 0.170702 0.511537 0.122863 0.000150 0.194748
1 4 0.033879 0.422837 0.166882 0.000031 0.376372
4 4 0.136680 0.088057 0.016081 0.000281 0.758902
4 4 0.130095 0.152593 0.029585 0.000389 0.687337
4 4 0.225606 0.065950 0.013815 0.000504 0.694124
4 4 0.082874 0.084048 0.006650 0.000011 0.826418
4 4 0.122914 0.271055 0.012661 0.000001 0.593369
1 4 0.140202 0.444302 0.052026 0.000010 0.363461
4 4 0.097446 0.191091 0.025970 0.000023 0.685471
1 4 0.178314 0.485868 0.049303 0.000006 0.286509
1 4 0.192570 0.539304 0.064841 0.000008 0.203278
1 4 0.186848 0.514075 0.054614 0.000006 0.244456
1 4 0.159610 0.450659 0.068828 0.000043 0.320860
1 4 0.183590 0.509777 0.059743 0.000009 0.246881
1 4 0.183373 0.505990 0.056145 0.000008 0.254485
1 4 0.204024 0.547451 0.042548 0.000001 0.205977
1 4 0.169060 0.454830 0.042766 0.000006 0.333338
1 4 0.046167 0.442154 0.279634 0.000360 0.231685
1 4 0.160372 0.499853 0.173280 0.000597 0.165899
1 4 0.018036 0.357351 0.314193 0.000224 0.310196
1 4 0.029062 0.387095 0.335269 0.000583 0.247991
1 4 0.062206 0.447828 0.185816 0.000185 0.303966
1 4 0.089251 0.513572 0.126821 0.000029 0.270328
1 4 0.052812 0.456048 0.230376 0.000206 0.260559
1 4 0.075697 0.451649 0.149466 0.000130 0.323058
4 4 0.029588 0.377588 0.198612 0.000119 0.394093
1 4 0.081468 0.509762 0.137582 0.000033 0.271155
1 0 0.235452 0.536316 0.110291 0.000041 0.117900
1 0 0.171093 0.495812 0.090058 0.000061 0.242977
1 0 0.185820 0.527423 0.073919 0.000016 0.212822
1 1 0.204110 0.570913 0.063195 0.000004 0.161777
1 1 0.208770 0.575491 0.054733 0.000002 0.161004
1 1 0.033874 0.411133 0.321299 0.000449 0.233245
2 1 0.024473 0.383964 0.422786 0.000632 0.168145
1 1 0.062225 0.495028 0.185995 0.000065 0.256686
1 1 0.078731 0.484653 0.195454 0.000200 0.240962
1 1 0.046404 0.420324 0.196898 0.000174 0.336200
1 1 0.070727 0.462479 0.236601 0.000471 0.229722
2 1 0.013311 0.254398 0.502044 0.007292 0.222955
1 1 0.068776 0.455504 0.225218 0.000430 0.250072
1 1 0.194819 0.516676 0.126342 0.000119 0.162044
1 1 0.123629 0.497052 0.129015 0.000111 0.250193
1 1 0.061993 0.424749 0.366164 0.002606 0.144489
2 1 0.022542 0.320295 0.542694 0.004044 0.110424
2 2 0.009527 0.251166 0.672170 0.002332 0.064806
2 2 0.004651 0.198630 0.698789 0.002863 0.095065
2 2 0.003343 0.169428 0.771745 0.002665 0.052819
2 2 0.000238 0.031897 0.958226 0.006172 0.003468
