0 0 0.919507 0.039883 0.034827 0.003177 0.002607
0 0 0.909869 0.043012 0.040262 0.004139 0.002717
0 0 0.911599 0.042446 0.039261 0.003999 0.002694
0 0 0.913536 0.040769 0.039109 0.004075 0.002510
0 0 0.718625 0.052295 0.140521 0.077242 0.011318
0 0 0.964134 0.008707 0.001126 0.000000 0.026033
0 0 0.989013 0.003561 0.000185 0.000000 0.007241
0 0 0.987929 0.004461 0.000130 0.000000 0.007480
0 0 0.965611 0.011505 0.000373 0.000000 0.022510
0 0 0.830123 0.051445 0.004523 0.000001 0.113908
4 1 0.047680 0.369226 0.175113 0.000300 0.407681
1 1 0.051244 0.433213 0.181431 0.000206 0.333905
1 1 0.054399 0.435079 0.205675 0.000842 0.304005
1 1 0.067121 0.483537 0.166219 0.000220 0.282904
1 1 0.046784 0.503364 0.229193 0.000496 0.220163
1 1 0.074545 0.528840 0.215674 0.003321 0.177621
1 1 0.078854 0.523193 0.180147 0.000799 0.217008
1 1 0.123446 0.497541 0.147883 0.002378 0.228752
1 1 0.063342 0.440437 0.202098 0.001535 0.292588
4 1 0.063356 0.282875 0.216942 0.017275 0.419552
4 1 0.064577 0.211883 0.067928 0.000062 0.655550
4 4 0.064866 0.061663 0.022829 0.000796 0.849846
4 4 0.038527 0.051583 0.015575 0.000016 0.894300
4 4 0.200711 0.231919 0.022429 0.000003 0.544938
4 4 0.054949 0.232260 0.066140 0.000010 0.646640
0 1 0.562213 0.137018 0.086194 0.013107 0.201468
0 1 0.765672 0.087849 0.042799 0.002066 0.101614
0 0 0.912844 0.047384 0.015475 0.000163 0.024134
0 0 0.812178 0.102113 0.025353 0.000208 0.060148
0 0 0.503159 0.221947 0.089911 0.006011 0.178972
1 0 0.085605 0.480699 0.178313 0.001682 0.253701
1 0 0.051663 0.392787 0.305030 0.005142 0.245380
1 0 0.103969 0.458027 0.168872 0.002601 0.266531
1 0 0.048153 0.378387 0.247285 0.005743 0.320432
1 0 0.094239 0.516525 0.177010 0.002053 0.210173
4 0 0.132406 0.173157 0.261683 0.023268 0.409486
2 0 0.056438 0.211717 0.463254 0.020784 0.247806
1 1 0.052948 0.374265 0.283923 0.033050 0.255814
2 2 0.032857 0.288606 0.446969 0.047463 0.184105
2 2 0.022379 0.242153 0.509876 0.047391 0.178201
2 2 0.009272 0.126778 0.485326 0.268898 0.109727
3 2 0.005483 0.072855 0.411870 0.450124 0.059668
3 2 0.003226 0.041101 0.412107 0.482769 0.060796
2 2 0.010344 0.144383 0.550109 0.196098 0.099066
3 2 0.002936 0.038077 0.347520 0.550254 0.061214
3 2 0.002989 0.007308 0.133071 0.850990 0.005643
3 2 0.001145 0.003747 0.106109 0.886818 0.002183
3 2 0.002484 0.012880 0.158170 0.807764 0.018702
3 3 0.000558 0.003611 0.079404 0.910358 0.006069
3 3 0.000814 0.004830 0.092381 0.894847 0.007128
3 3 0.000597 0.002113 0.043695 0.950678 0.002916
3 3 0.001281 0.003443 0.052428 0.936554 0.006295
3 3 0.000918 0.002188 0.039010 0.953252 0.004632
3 3 0.000463 0.001274 0.025905 0.969825 0.002533
3 3 0.000906 0.002235 0.039975 0.954020 0.002863
3 3 0.000363 0.000457 0.015766 0.982717 0.000697
3 3 0.000815 0.000886 0.023787 0.973590 0.000922
3 3 0.000463 0.000807 0.019166 0.978011 0.001552
3 3 0.000437 0.000635 0.015992 0.981640 0.001295
3 3 0.000750 0.001036 0.019536 0.976559 0.002119
3 3 0.000543 0.000595 0.014372 0.983294 0.001197
3 3 0.000684 0.000718 0.016851 0.980553 0.001194
3 3 0.001263 0.001216 0.016708 0.976751 0.004063
3 3 0.002177 0.001976 0.027540 0.964330 0.003977
3 3 0.000907 0.000693 0.013730 0.983309 0.001361
3 3 0.001806 0.001608 0.023821 0.969921 0.002844
3 3 0.000571 0.000790 0.014825 0.981718 0.002096
3 3 0.001274 0.001576 0.022552 0.970620 0.003977
3 3 0.000635 0.000728 0.015093 0.981963 0.001581
3 3 0.000588 0.000701 0.014078 0.982908 0.001725
3 3 0.000737 0.000688 0.014977 0.982309 0.001289
3 3 0.001322 0.001319 0.016913 0.977205 0.003242
3 3 0.000408 0.000329 0.011440 0.987270 0.000553
3 3 0.000917 0.000796 0.015475 0.981323 0.001489
3 3 0.000752 0.000622 0.012445 0.984759 0.001421
3 3 0.001355 0.001073 0.016371 0.978378 0.002822
3 3 0.001310 0.000924 0.014030 0.980784 0.002951
3 3 0.000453 0.000325 0.010284 0.988322 0.000615
3 3 0.000764 0.000661 0.012106 0.984762 0.001708
3 3 0.001765 0.001649 0.020059 0.972035 0.004492
3 3 0.000695 0.000676 0.012260 0.984512 0.001857
3 3 0.001027 0.000916 0.015456 0.980548 0.002053
3 3 0.000647 0.000551 0.011055 0.986280 0.001466
3 3 0.000512 0.000462 0.013028 0.985168 0.000829
3 3 0.000567 0.000467 0.009632 0.987942 0.001392
3 3 0.000594 0.000442 0.008982 0.988621 0.001360
3 3 0.000886 0.000689 0.012081 0.984607 0.001737
3 3 0.000808 0.000507 0.009384 0.987864 0.001437
3 3 0.000687 0.000508 0.009279 0.987907 0.001619
3 3 0.001069 0.000622 0.011144 0.985752 0.001413
3 3 0.001189 0.000715 0.013929 0.982952 0.001214
3 3 0.000574 0.000521 0.011270 0.986303 0.001332
3 3 0.000644 0.000576 0.012870 0.984680 0.001229
3 3 0.001451 0.001026 0.015749 0.979058 0.002717
3 3 0.000845 0.000542 0.012054 0.985533 0.001026
3 3 0.001013 0.000953 0.014013 0.981471 0.002551
3 3 0.000586 0.000391 0.010051 0.988130 0.000841
3 3 0.001956 0.001147 0.016460 0.977816 0.002620
3 3 0.001032 0.000897 0.011906 0.982883 0.003282
3 3 0.000657 0.000516 0.010555 0.986912 0.001360
3 3 0.001691 0.001623 0.016978 0.973542 0.006166
3 3 0.002839 0.001845 0.020285 0.968822 0.006209
3 3 0.001881 0.001094 0.015286 0.979001 0.002739
3 3 0.001152 0.000667 0.013392 0.983512 0.001276
3 3 0.002847 0.000928 0.024744 0.970848 0.000634
3 3 0.013833 0.011012 0.083101 0.872216 0.019838
3 3 0.039480 0.013878 0.155284 0.784452 0.006907
3 3 0.008932 0.004550 0.060299 0.921595 0.004623
3 3 0.071295 0.051950 0.194333 0.596769 0.085653
3 3 0.094746 0.045968 0.217224 0.596563 0.045497
0 0 0.901554 0.030478 0.017758 0.000658 0.049552
0 0 0.980503 0.007915 0.001194 0.000000 0.010388
0 0 0.959066 0.017243 0.005124 0.000020 0.018546
0 1 0.797475 0.119120 0.017462 0.000037 0.065906
0 1 0.838803 0.047475 0.020264 0.000422 0.093036
0 4 0.519305 0.185445 0.081179 0.005770 0.208301
1 4 0.272881 0.420146 0.106388 0.004224 0.196362
0 4 0.604915 0.180005 0.061731 0.002037 0.151312
0 4 0.413077 0.272768 0.099283 0.006303 0.208569
1 4 0.295910 0.401096 0.121809 0.006013 0.175172
0 4 0.752248 0.068352 0.020687 0.000216 0.158497
0 4 0.613577 0.160390 0.029864 0.000160 0.196008
0 4 0.700607 0.116442 0.036686 0.000650 0.145615
0 4 0.740482 0.057612 0.024675 0.000605 0.176625
0 4 0.476696 0.108164 0.056735 0.004645 0.353761
0 4 0.472486 0.180159 0.085390 0.007733 0.254232
0 4 0.663308 0.103991 0.042381 0.001443 0.188877
0 4 0.744437 0.160536 0.041270 0.000543 0.053215
0 4 0.541280 0.098230 0.058097 0.005856 0.296537
0 4 0.586317 0.179211 0.063732 0.002343 0.168397
0 4 0.559547 0.144519 0.052870 0.001810 0.241253
0 4 0.517414 0.196445 0.056120 0.001252 0.228770
0 4 0.658598 0.180423 0.035259 0.000234 0.125487
0 4 0.747524 0.096133 0.028733 0.000375 0.127234
0 4 0.742738 0.110108 0.034715 0.000586 0.111853
0 4 0.817497 0.080793 0.024608 0.000297 0.076805
0 4 0.569870 0.192657 0.064456 0.002134 0.170883
0 4 0.567021 0.162989 0.058494 0.002070 0.209425
0 4 0.758697 0.075704 0.028363 0.000582 0.136654
0 4 0.686100 0.184773 0.039807 0.000354 0.088966
0 4 0.830378 0.116662 0.029921 0.000316 0.022723
0 4 0.920067 0.043364 0.017627 0.000327 0.018616
0 4 0.858033 0.050980 0.024467 0.000755 0.065764
0 4 0.742064 0.148541 0.061336 0.002922 0.045136
0 4 0.587679 0.273619 0.079495 0.002434 0.056773
1 4 0.113291 0.372656 0.200476 0.006786 0.306791
1 4 0.067598 0.525441 0.238922 0.005718 0.162321
1 4 0.067378 0.525405 0.237600 0.005248 0.164369
1 4 0.066934 0.523969 0.248175 0.008578 0.152344
1 4 0.094792 0.448513 0.167503 0.002487 0.286705
4 4 0.090166 0.356672 0.157537 0.004638 0.390986
1 4 0.092659 0.533085 0.185930 0.002718 0.185608
1 4 0.210462 0.392087 0.150391 0.002516 0.244544
1 4 0.124364 0.357339 0.179301 0.005415 0.333580
1 4 0.080051 0.468144 0.205813 0.005034 0.240958
4 4 0.158876 0.113031 0.021361 0.000160 0.706572
0 4 0.616612 0.062092 0.005979 0.000003 0.315315
4 4 0.145146 0.138202 0.025181 0.000044 0.691427
4 4 0.081758 0.178670 0.049084 0.000074 0.690414
1 4 0.094831 0.458996 0.175959 0.003439 0.266775
2 4 0.012404 0.343137 0.444360 0.004077 0.196021
2 4 0.014055 0.356378 0.417710 0.002923 0.208934
1 4 0.021635 0.400023 0.340212 0.001410 0.236720
1 1 0.013611 0.369548 0.356470 0.000332 0.260038
1 1 0.015975 0.430093 0.398816 0.001425 0.153691
2 1 0.002925 0.286548 0.474395 0.000017 0.236115
2 1 0.004017 0.333244 0.447154 0.000017 0.215569
2 1 0.006352 0.342190 0.449909 0.000155 0.201394
2 1 0.004138 0.334421 0.458567 0.000026 0.202848
2 1 0.002717 0.284240 0.538614 0.000066 0.174362
1 2 0.020493 0.409187 0.399795 0.006807 0.163718
2 2 0.019149 0.380454 0.406626 0.008015 0.185755
2 2 0.017873 0.408166 0.441532 0.005445 0.126983
2 2 0.005292 0.157374 0.740310 0.040459 0.056565
2 2 0.014912 0.357368 0.498240 0.008005 0.121476
1 2 0.074533 0.426227 0.206188 0.005615 0.287438
0 2 0.396518 0.235162 0.201169 0.022522 0.144629
0 2 0.345257 0.252947 0.221468 0.006215 0.174113
1 4 0.125340 0.403429 0.189474 0.010333 0.271424
1 4 0.049950 0.424055 0.301545 0.036371 0.188079
2 4 0.010729 0.295012 0.458401 0.006953 0.228905
2 4 0.010851 0.335997 0.426616 0.001364 0.225172
2 4 0.013306 0.295976 0.436501 0.011972 0.242246
2 4 0.010493 0.399777 0.422440 0.000438 0.166851
2 4 0.009800 0.287553 0.430168 0.002384 0.270095
1 4 0.245500 0.477406 0.092460 0.000892 0.183742
0 4 0.374580 0.287552 0.090402 0.003077 0.244388
4 4 0.120020 0.321524 0.134936 0.009269 0.414250
4 4 0.086016 0.195430 0.148484 0.019558 0.550512
4 4 0.372430 0.140875 0.064182 0.004862 0.417651
0 0 0.469380 0.062474 0.016331 0.000129 0.451685
4 0 0.221722 0.069868 0.028978 0.001068 0.678364
0 0 0.391123 0.261939 0.068154 0.001661 0.277123
1 1 0.097572 0.459600 0.174515 0.003752 0.264561
1 1 0.102461 0.484685 0.164863 0.002285 0.245707
1 1 0.039601 0.412344 0.372763 0.023947 0.151345
1 1 0.046393 0.421365 0.302895 0.022096 0.207251
1 1 0.042929 0.483977 0.330605 0.017236 0.125253
1 1 0.038871 0.442521 0.337667 0.010834 0.170107
2 1 0.013106 0.147855 0.487367 0.192119 0.159552
2 1 0.012331 0.145493 0.725961 0.104924 0.011292
2 2 0.011795 0.137982 0.646475 0.184420 0.019327
2 2 0.007996 0.068186 0.706733 0.211157 0.005928
2 2 0.014708 0.063584 0.769541 0.147007 0.005159
2 2 0.010272 0.058145 0.716216 0.210101 0.005265
0 2 0.445825 0.289046 0.182204 0.009671 0.073255
0 2 0.494490 0.259903 0.138579 0.016143 0.090885
0 2 0.780140 0.147209 0.046241 0.001039 0.025371
0 2 0.902360 0.050517 0.031171 0.001998 0.013955
0 0 0.827864 0.072992 0.063145 0.007513 0.028486
0 0 0.626100 0.114658 0.024354 0.000146 0.234742
0 0 0.358554 0.291246 0.104479 0.006634 0.239088
1 1 0.074657 0.396828 0.217597 0.015208 0.295710
4 1 0.057542 0.293394 0.222569 0.042626 0.383869
0 1 0.680104 0.168758 0.042088 0.000523 0.108527
0 1 0.910679 0.060645 0.011539 0.000033 0.017104
0 1 0.885503 0.049764 0.018391 0.000272 0.046070
0 0 0.942405 0.028474 0.005606 0.000010 0.023505
0 0 0.883797 0.066045 0.020974 0.000257 0.028927
4 0 0.293625 0.259790 0.108614 0.011610 0.326360
2 1 0.020183 0.308137 0.372181 0.013669 0.285829
2 1 0.023001 0.340805 0.349940 0.006948 0.279305
1 1 0.023151 0.454318 0.380650 0.005029 0.136852
1 1 0.030758 0.404381 0.341274 0.009435 0.214152
2 1 0.022274 0.281822 0.392964 0.014443 0.288497
2 1 0.008109 0.132788 0.748960 0.095102 0.015042
2 1 0.003891 0.063925 0.683930 0.234851 0.013403
2 2 0.008675 0.091691 0.735218 0.155224 0.009193
2 2 0.016185 0.191578 0.723630 0.048869 0.019739
2 2 0.008366 0.038541 0.855495 0.094916 0.002682
2 2 0.134186 0.173672 0.612244 0.034677 0.045220
2 2 0.089748 0.167719 0.608331 0.051295 0.082907
1 2 0.277672 0.316779 0.308434 0.043335 0.053780
0 2 0.338523 0.246313 0.291637 0.051681 0.071845
0 2 0.562960 0.158974 0.229639 0.025022 0.023405
2 4 0.037548 0.408764 0.417577 0.009163 0.126948
1 4 0.035897 0.424004 0.343913 0.022643 0.173543
2 4 0.022412 0.246843 0.415280 0.109598 0.205867
2 4 0.024592 0.245377 0.439776 0.069424 0.220830
2 4 0.016950 0.201706 0.589566 0.078464 0.113315
2 2 0.029210 0.210624 0.594801 0.079674 0.085691
2 2 0.041529 0.367049 0.441952 0.056221 0.093249
2 2 0.046369 0.299004 0.381986 0.145770 0.126872
2 2 0.031810 0.317351 0.451551 0.065679 0.133609
2 2 0.025450 0.143186 0.379743 0.318397 0.133225
4 2 0.338591 0.171484 0.100291 0.018693 0.370941
0 2 0.551305 0.268207 0.071672 0.001687 0.107129
0 2 0.693577 0.116055 0.038985 0.000828 0.150555
4 4 0.135920 0.347783 0.142630 0.004163 0.369504
1 4 0.072957 0.432909 0.248789 0.037390 0.207955
0 4 0.342147 0.240223 0.212844 0.050194 0.154592
0 4 0.554587 0.236875 0.094787 0.004714 0.109038
4 4 0.089080 0.324747 0.212850 0.044045 0.329278
1 4 0.084408 0.484938 0.235735 0.032196 0.162724
2 4 0.038805 0.218349 0.391595 0.078742 0.272509
3 4 0.004169 0.038660 0.350485 0.595443 0.011243
3 2 0.004074 0.019322 0.405326 0.567491 0.003787
3 2 0.002038 0.018232 0.282954 0.690169 0.006606
3 2 0.006142 0.036411 0.370002 0.570509 0.016936
2 2 0.006022 0.036202 0.543128 0.405124 0.009524
2 2 0.004480 0.062419 0.577972 0.340315 0.014814
3 2 0.002642 0.017662 0.413663 0.562845 0.003189
3 2 0.001813 0.029345 0.428218 0.529063 0.011562
3 2 0.001156 0.014183 0.354822 0.624742 0.005097
2 2 0.000945 0.011010 0.598790 0.387733 0.001523
2 2 0.001285 0.013432 0.615429 0.368672 0.001182
3 2 0.001648 0.019288 0.428451 0.544424 0.006189
2 2 0.001719 0.015825 0.599608 0.381314 0.001534
2 2 0.002644 0.033330 0.539563 0.416792 0.007672
3 2 0.001242 0.015599 0.425897 0.553892 0.003369
2 2 0.001449 0.022480 0.572552 0.399532 0.003987
2 2 0.001634 0.018500 0.535510 0.440858 0.003498
2 2 0.001894 0.027711 0.528598 0.434896 0.006901
2 2 0.002419 0.025354 0.496359 0.469798 0.006070
3 2 0.000606 0.007534 0.271374 0.716587 0.003898
3 2 0.002226 0.018673 0.341752 0.632329 0.005019
3 2 0.002558 0.020476 0.334439 0.635044 0.007482
3 3 0.000699 0.004669 0.155494 0.836616 0.002521
3 3 0.002124 0.013817 0.230967 0.747793 0.005299
3 3 0.001968 0.016989 0.301590 0.673751 0.005701
3 3 0.000753 0.002204 0.112082 0.884312 0.000649
3 3 0.000837 0.003773 0.105441 0.888170 0.001778
3 3 0.000720 0.001948 0.079374 0.917332 0.000625
3 3 0.000368 0.001273 0.090397 0.907568 0.000393
3 3 0.000453 0.001900 0.108015 0.888991 0.000640
3 3 0.000784 0.002448 0.070978 0.924546 0.001244
3 3 0.000719 0.002306 0.049464 0.945244 0.002267
3 3 0.000348 0.000995 0.050072 0.948091 0.000494
3 3 0.000352 0.001703 0.056385 0.940213 0.001347
3 3 0.000414 0.001479 0.057348 0.939903 0.000856
3 3 0.001155 0.003213 0.053177 0.939234 0.003221
3 3 0.000550 0.000946 0.051557 0.946629 0.000318
3 3 0.000801 0.002068 0.039677 0.954946 0.002509
3 3 0.000713 0.001780 0.053705 0.942724 0.001077
3 3 0.000752 0.001819 0.038725 0.956674 0.002030
3 3 0.000609 0.001291 0.034263 0.962521 0.001316
3 3 0.000749 0.001952 0.038784 0.956127 0.002387
3 3 0.000412 0.000995 0.030033 0.967391 0.001169
3 3 0.000950 0.002093 0.039593 0.955026 0.002339
3 3 0.000837 0.001362 0.036091 0.960592 0.001118
3 3 0.000940 0.001453 0.025697 0.969624 0.002285
3 3 0.000847 0.001394 0.026047 0.969557 0.002155
3 3 0.000805 0.001455 0.024731 0.970314 0.002696
3 3 0.000579 0.000952 0.021047 0.975754 0.001669
3 3 0.000401 0.000629 0.022406 0.975852 0.000713
3 3 0.000708 0.000933 0.018105 0.978381 0.001872
3 3 0.003376 0.003349 0.035156 0.950553 0.007566
3 3 0.001317 0.001444 0.021257 0.973065 0.002917
3 3 0.000807 0.000855 0.019152 0.977910 0.001276
3 3 0.002081 0.001947 0.021919 0.969473 0.004581
3 3 0.001886 0.002011 0.027723 0.965614 0.002766
3 3 0.001127 0.001624 0.027555 0.967368 0.002325
3 3 0.001646 0.001733 0.021766 0.971049 0.003807
3 3 0.001439 0.001448 0.026941 0.968558 0.001614
3 3 0.000760 0.000911 0.017786 0.978789 0.001755
3 3 0.002755 0.002090 0.027005 0.964479 0.003672
3 3 0.001090 0.001039 0.015552 0.979846 0.002472
3 3 0.002466 0.002080 0.022627 0.968043 0.004784
3 3 0.001651 0.001783 0.020569 0.971744 0.004252
3 3 0.000572 0.000517 0.014421 0.983658 0.000833
3 3 0.000776 0.001004 0.017040 0.978832 0.002347
3 3 0.001328 0.000891 0.014177 0.981780 0.001824
3 3 0.001089 0.000783 0.013096 0.983268 0.001764
3 3 0.001127 0.001101 0.017360 0.978167 0.002245
3 3 0.001290 0.000878 0.015678 0.980663 0.001491
3 3 0.001065 0.001003 0.015121 0.980389 0.002421
3 3 0.001235 0.000691 0.013979 0.983004 0.001091
3 3 0.000612 0.000553 0.011661 0.985789 0.001385
3 3 0.001235 0.000931 0.013397 0.982103 0.002333
3 3 0.000921 0.000738 0.010710 0.985170 0.002461
3 3 0.000964 0.000838 0.013803 0.982385 0.002010
3 3 0.000647 0.000592 0.012472 0.984905 0.001384
3 3 0.001887 0.002019 0.023566 0.967589 0.004938
3 3 0.000748 0.000854 0.013313 0.982478 0.002608
3 3 0.000763 0.000792 0.013907 0.982537 0.002000
3 3 0.002399 0.001934 0.019989 0.969477 0.006201
3 3 0.000711 0.000471 0.012244 0.985774 0.000799
3 3 0.001109 0.000887 0.012391 0.983044 0.002569
3 3 0.001009 0.000714 0.011322 0.985000 0.001955
3 3 0.001151 0.000810 0.012444 0.983568 0.002027
3 3 0.000624 0.000471 0.010387 0.987351 0.001168
3 3 0.001210 0.000928 0.012783 0.982142 0.002936
3 3 0.001335 0.001105 0.014585 0.979916 0.003059
3 3 0.000912 0.000686 0.012137 0.984602 0.001663
3 3 0.001710 0.001174 0.014673 0.979037 0.003405
3 3 0.001053 0.000854 0.013495 0.982411 0.002187
3 3 0.000895 0.000656 0.010902 0.985700 0.001847
3 3 0.002267 0.001180 0.015751 0.978393 0.002408
3 3 0.001366 0.000887 0.012605 0.982712 0.002430
3 3 0.001496 0.000879 0.011818 0.983122 0.002686
3 3 0.001697 0.001151 0.014853 0.979366 0.002933
3 3 0.001126 0.000923 0.014094 0.981652 0.002206
3 3 0.001197 0.000513 0.010176 0.987110 0.001004
3 3 0.000817 0.000535 0.009699 0.987434 0.001515
3 3 0.000802 0.000518 0.011018 0.986536 0.001125
3 3 0.002860 0.002016 0.019721 0.970455 0.004949
3 3 0.000740 0.000455 0.008012 0.989214 0.001579
3 3 0.002108 0.001212 0.017031 0.977649 0.002000
3 3 0.001491 0.000963 0.017371 0.978756 0.001419
3 3 0.001475 0.001188 0.017071 0.977915 0.002352
3 3 0.003765 0.006265 0.065255 0.914897 0.009818
3 3 0.001923 0.002271 0.031979 0.957958 0.005869
3 3 0.008190 0.005557 0.065583 0.913799 0.006872
3 3 0.002993 0.006045 0.064418 0.918541 0.008002
3 3 0.011566 0.017852 0.119811 0.824040 0.026731
2 3 0.029985 0.107748 0.336971 0.299378 0.225918
3 3 0.036214 0.082751 0.276276 0.493406 0.111354
3 3 0.015533 0.068340 0.347139 0.414202 0.154786
4 3 0.029313 0.122573 0.227540 0.150011 0.470563
2 2 0.026338 0.134360 0.291276 0.262624 0.285401
2 2 0.008707 0.091493 0.420904 0.187280 0.291615
2 2 0.025518 0.195846 0.386054 0.105633 0.286948
2 2 0.028153 0.213862 0.391446 0.064879 0.301661
4 2 0.024545 0.153650 0.308605 0.157156 0.356043
4 2 0.035233 0.212200 0.305307 0.059753 0.387507
2 2 0.021294 0.309081 0.362110 0.013217 0.294299
4 1 0.017317 0.209284 0.318883 0.020935 0.433581
4 1 0.014293 0.129074 0.273867 0.025388 0.557379
4 1 0.012267 0.191570 0.382213 0.021983 0.391967
4 1 0.016046 0.190154 0.318292 0.016159 0.459350
4 1 0.012464 0.167073 0.251478 0.003729 0.565256
4 1 0.015602 0.143400 0.200672 0.006547 0.633778
4 1 0.012109 0.141618 0.260161 0.007958 0.578154
4 1 0.022748 0.205038 0.242262 0.010492 0.519460
4 1 0.010816 0.092209 0.165022 0.006407 0.725546
4 4 0.009706 0.173887 0.334924 0.009588 0.471895
4 4 0.010289 0.127305 0.292496 0.013783 0.556128
4 4 0.011747 0.160853 0.287168 0.006129 0.534103
4 4 0.010137 0.181793 0.327107 0.006572 0.474392
4 4 0.011036 0.180783 0.305790 0.005741 0.496651
4 4 0.004179 0.178273 0.351866 0.000174 0.465508
4 4 0.005700 0.187127 0.387185 0.001357 0.418632
2 4 0.005119 0.250815 0.443097 0.000322 0.300648
4 4 0.004918 0.196000 0.366890 0.000266 0.431925
2 4 0.008028 0.285698 0.374531 0.000209 0.331535
2 4 0.006938 0.239698 0.447621 0.002325 0.303418
2 4 0.006948 0.257585 0.423080 0.000751 0.311635
4 4 0.008188 0.232458 0.377642 0.001172 0.380540
4 4 0.007463 0.183973 0.379009 0.003569 0.425986
2 4 0.007307 0.269599 0.485765 0.003445 0.233883
2 4 0.007969 0.238028 0.469588 0.008789 0.275625
2 4 0.011096 0.277785 0.469913 0.011064 0.230142
2 1 0.007771 0.281408 0.487060 0.003710 0.220053
2 1 0.006524 0.224764 0.574398 0.009459 0.184855
2 1 0.007983 0.216282 0.517214 0.017499 0.241023
2 1 0.013208 0.249451 0.448769 0.029549 0.259023
2 1 0.013925 0.365876 0.453128 0.004857 0.162214
2 1 0.008139 0.195736 0.562103 0.014820 0.219201
2 1 0.014432 0.313918 0.433636 0.009851 0.228163
2 1 0.011095 0.222122 0.549960 0.045992 0.170831
1 1 0.116234 0.341893 0.301715 0.022026 0.218131
1 0 0.351467 0.391429 0.128867 0.007966 0.120271
1 0 0.131395 0.351844 0.159948 0.043321 0.313491
0 1 0.491243 0.230351 0.135164 0.012207 0.131035
4 1 0.137157 0.304708 0.156831 0.052576 0.348728
1 1 0.053975 0.406933 0.340838 0.053544 0.144709
1 1 0.050841 0.415932 0.303649 0.022917 0.206661
1 1 0.061596 0.486250 0.317986 0.021996 0.112172
2 1 0.082581 0.312400 0.396841 0.020642 0.187536
2 1 0.086226 0.320506 0.455041 0.063147 0.075080
4 4 0.040073 0.095603 0.070070 0.006799 0.787456
4 4 0.053262 0.324342 0.212120 0.007271 0.403005
1 4 0.038426 0.421927 0.321125 0.013592 0.204929
1 4 0.041006 0.340865 0.278597 0.015946 0.323586
4 4 0.036255 0.115937 0.099252 0.005124 0.743431
4 4 0.066964 0.353807 0.184663 0.003918 0.390648
4 4 0.049705 0.329776 0.209754 0.003992 0.406773
4 4 0.045635 0.137297 0.083064 0.002008 0.731996
4 4 0.100586 0.219750 0.063954 0.000295 0.615415
4 4 0.083857 0.035389 0.018605 0.001877 0.860272
4 4 0.013645 0.256476 0.324224 0.001261 0.404394
4 4 0.009940 0.196440 0.383905 0.004639 0.405077
2 4 0.010036 0.341293 0.467804 0.002735 0.178132
2 4 0.009927 0.317785 0.450975 0.002353 0.218960
2 4 0.013350 0.304686 0.406650 0.004256 0.271057
4 4 0.058918 0.152272 0.079393 0.002144 0.707272
4 4 0.112503 0.163823 0.047236 0.000632 0.675806
4 4 0.023905 0.112625 0.075675 0.000208 0.787587
4 4 0.031956 0.278663 0.188562 0.000582 0.500237
4 4 0.018739 0.054238 0.048711 0.001427 0.876884
4 4 0.016826 0.191322 0.249718 0.005129 0.537004
4 4 0.017990 0.125843 0.137343 0.001949 0.716875
4 4 0.018551 0.304868 0.229361 0.000096 0.447123
4 4 0.016805 0.260227 0.275054 0.000966 0.446948
2 4 0.014589 0.267800 0.366187 0.005611 0.345813
4 4 0.031854 0.085776 0.040262 0.000081 0.842028
4 4 0.069122 0.042120 0.014241 0.000081 0.874436
4 4 0.020455 0.074313 0.039545 0.000027 0.865659
4 4 0.032307 0.241432 0.144970 0.000227 0.581064
4 4 0.020432 0.310748 0.234760 0.000166 0.433894
4 4 0.012424 0.152162 0.177218 0.000447 0.657749
4 4 0.020453 0.155663 0.146695 0.000990 0.676200
4 4 0.015224 0.086594 0.061988 0.000048 0.836146
4 4 0.020158 0.285836 0.207717 0.000103 0.486187
1 4 0.020184 0.367860 0.294774 0.000377 0.316806
2 4 0.012938 0.233767 0.499795 0.047401 0.206099
2 4 0.020128 0.356669 0.403258 0.013666 0.206278
2 4 0.021479 0.353718 0.396168 0.016764 0.211871
2 4 0.019241 0.339909 0.406134 0.015544 0.219172
2 4 0.014942 0.239000 0.449695 0.052996 0.243366
2 2 0.022872 0.372382 0.402976 0.016020 0.185750
1 2 0.025628 0.396545 0.379736 0.014374 0.183718
2 2 0.012047 0.231937 0.546871 0.046797 0.162348
2 2 0.012340 0.268365 0.580340 0.021076 0.117878
2 2 0.021697 0.271224 0.499428 0.043068 0.164582
1 2 0.054123 0.369242 0.225996 0.005528 0.345111
4 2 0.042495 0.232084 0.160040 0.002855 0.562526
4 2 0.084335 0.205715 0.086094 0.002013 0.621842
4 2 0.040597 0.193239 0.127292 0.001648 0.637224
4 2 0.029295 0.225123 0.215692 0.006492 0.523398
2 2 0.016537 0.270735 0.574437 0.056302 0.081989
2 2 0.016965 0.216950 0.504975 0.142520 0.118589
2 2 0.010758 0.177264 0.585214 0.129102 0.097662
2 2 0.009431 0.193512 0.674880 0.068995 0.053182
2 2 0.011858 0.224058 0.628022 0.061939 0.074122
1 2 0.328665 0.401725 0.105670 0.004144 0.159796
1 2 0.130914 0.531988 0.152308 0.003683 0.181107
1 2 0.125677 0.500074 0.162352 0.006364 0.205533
0 2 0.483577 0.194803 0.092267 0.008782 0.220571
0 2 0.581016 0.099838 0.044413 0.001971 0.272762
4 2 0.097045 0.030526 0.002578 0.000000 0.869851
4 4 0.037328 0.060303 0.022717 0.000056 0.879595
4 4 0.039109 0.014354 0.002202 0.000001 0.944333
4 4 0.055090 0.044845 0.006371 0.000000 0.893694
4 4 0.031037 0.180978 0.053017 0.000001 0.734967
2 4 0.013804 0.272321 0.432338 0.014104 0.267432
2 4 0.011907 0.336836 0.452909 0.004669 0.193678
1 4 0.020452 0.445157 0.392840 0.004098 0.137453
2 4 0.019159 0.370311 0.408707 0.009909 0.191914
2 4 0.020174 0.321224 0.400631 0.017829 0.240143
2 4 0.016652 0.241274 0.526936 0.090145 0.124993
2 4 0.016854 0.241244 0.517421 0.090867 0.133614
2 2 0.014975 0.246390 0.579629 0.068761 0.090244
2 2 0.014373 0.220383 0.523780 0.091546 0.149918
2 2 0.021566 0.314532 0.530877 0.050517 0.082509
2 2 0.007617 0.240108 0.612830 0.011927 0.127518
2 2 0.008970 0.252889 0.563672 0.013175 0.161294
2 2 0.016725 0.369832 0.421520 0.007002 0.184922
2 2 0.012648 0.358675 0.474858 0.004382 0.149437
2 2 0.007670 0.286239 0.614434 0.004714 0.086943
2 2 0.006467 0.306579 0.541286 0.001621 0.144047
2 2 0.004999 0.238726 0.568897 0.002995 0.184383
2 2 0.005727 0.221482 0.529243 0.005850 0.237698
2 2 0.005932 0.310433 0.509711 0.000968 0.172956
2 2 0.006001 0.259380 0.545125 0.003165 0.186330
2 2 0.005751 0.311262 0.474263 0.000309 0.208415
2 2 0.003190 0.263242 0.522910 0.000154 0.210503
2 2 0.005832 0.239091 0.452999 0.001120 0.300957
2 2 0.003441 0.299364 0.512618 0.000081 0.184496
2 2 0.005094 0.217801 0.404621 0.000354 0.372130
4 2 0.010192 0.335170 0.318230 0.000046 0.336362
4 2 0.009070 0.230474 0.270563 0.000098 0.489795
4 4 0.008783 0.328389 0.287344 0.000010 0.375474
4 4 0.007116 0.148446 0.187447 0.000054 0.656938
4 4 0.009455 0.232371 0.259362 0.000078 0.498734
1 4 0.007225 0.372781 0.329926 0.000006 0.290062
2 4 0.005605 0.330689 0.363773 0.000009 0.299924
2 4 0.004521 0.300802 0.432913 0.000038 0.261726
2 4 0.002113 0.261614 0.458208 0.000004 0.278061
2 4 0.003628 0.234382 0.462749 0.000151 0.299090
2 4 0.010929 0.350961 0.398886 0.000503 0.238721
4 4 0.005633 0.175733 0.353051 0.000898 0.464685
2 4 0.008423 0.319195 0.459195 0.001232 0.211955
4 4 0.006614 0.280111 0.347060 0.000043 0.366172
2 4 0.007122 0.294339 0.399762 0.000182 0.298596
1 4 0.011438 0.351435 0.323167 0.000069 0.313891
1 4 0.012193 0.337217 0.327872 0.000145 0.322574
4 4 0.011565 0.159981 0.180348 0.000234 0.647871
2 4 0.008427 0.366459 0.383513 0.000068 0.241533
4 4 0.008701 0.143451 0.224383 0.000861 0.622604
1 4 0.027081 0.462509 0.339622 0.002472 0.168316
2 4 0.016086 0.375059 0.412661 0.003965 0.192229
1 4 0.023885 0.417510 0.384990 0.009037 0.164578
2 4 0.021006 0.382340 0.393896 0.008649 0.194110
2 4 0.025130 0.317004 0.339560 0.013656 0.304651
4 4 0.280471 0.232212 0.149376 0.024421 0.313519
4 4 0.080224 0.230740 0.261080 0.027723 0.400234
4 4 0.187951 0.162971 0.124019 0.029313 0.495746
0 4 0.448782 0.188597 0.095359 0.008439 0.258824
4 4 0.169819 0.189897 0.141122 0.008763 0.490399
1 4 0.034619 0.434452 0.330350 0.008935 0.191644
1 4 0.031108 0.378511 0.341539 0.014988 0.233854
1 4 0.036152 0.344750 0.314220 0.026707 0.278172
2 4 0.027385 0.295005 0.414336 0.017875 0.245398
4 4 0.029591 0.201804 0.282537 0.014764 0.471304
2 4 0.019161 0.258583 0.500049 0.015287 0.206921
2 4 0.024356 0.377831 0.441317 0.021158 0.135339
2 4 0.019024 0.316860 0.469411 0.028614 0.166091
1 1 0.028085 0.393047 0.370236 0.018868 0.189764
2 1 0.018150 0.293498 0.495090 0.018810 0.174451
2 1 0.005351 0.117942 0.737259 0.082079 0.057370
2 2 0.006952 0.159207 0.715104 0.076268 0.042470
2 2 0.011546 0.218719 0.646111 0.065091 0.058532
2 2 0.009146 0.199846 0.687257 0.054918 0.048833
2 2 0.007308 0.165983 0.717547 0.071238 0.037923
2 2 0.004325 0.100089 0.773968 0.108521 0.013097
2 2 0.003137 0.088227 0.784164 0.110879 0.013593
2 2 0.003246 0.086315 0.757588 0.134787 0.018064
2 2 0.002378 0.056405 0.647084 0.276121 0.018012
2 2 0.003251 0.068006 0.625217 0.281375 0.022151
2 2 0.004666 0.056565 0.677246 0.246078 0.015446
2 2 0.003112 0.054035 0.584420 0.342416 0.016017
2 2 0.002077 0.038794 0.547553 0.393810 0.017765
2 2 0.004162 0.075221 0.580347 0.315328 0.024942
2 2 0.003408 0.059738 0.654347 0.267162 0.015345
3 2 0.002044 0.028760 0.424082 0.534326 0.010789
3 2 0.001562 0.018080 0.385063 0.589293 0.006002
3 2 0.001920 0.026292 0.397444 0.565243 0.009101
2 2 0.002256 0.026896 0.547901 0.416438 0.006508
2 2 0.002240 0.024143 0.569736 0.399944 0.003937
3 2 0.001446 0.015994 0.403367 0.574687 0.004505
3 2 0.002435 0.018052 0.298908 0.676326 0.004279
3 2 0.000876 0.006329 0.250874 0.740008 0.001914
3 2 0.000825 0.007455 0.187450 0.800514 0.003756
3 2 0.001193 0.012685 0.487862 0.496197 0.002063
3 2 0.000616 0.005090 0.229431 0.763392 0.001472
3 2 0.000798 0.006481 0.337485 0.653934 0.001302
3 2 0.000988 0.005738 0.193663 0.797894 0.001717
3 2 0.000644 0.003988 0.124470 0.869001 0.001898
3 2 0.000905 0.004407 0.192808 0.800836 0.001044
3 2 0.000676 0.002094 0.094420 0.902262 0.000547
3 3 0.001095 0.004361 0.092233 0.899997 0.002314
3 3 0.000730 0.002528 0.072983 0.922435 0.001324
3 3 0.001439 0.003829 0.104381 0.889203 0.001148
3 3 0.001413 0.003085 0.077777 0.916473 0.001251
3 3 0.001413 0.002477 0.046169 0.947901 0.002040
3 3 0.000917 0.002559 0.051219 0.942971 0.002334
3 3 0.000899 0.002297 0.058045 0.937305 0.001454
3 3 0.001063 0.001444 0.036766 0.959653 0.001074
3 3 0.001277 0.002446 0.052789 0.941829 0.001660
3 3 0.001438 0.002024 0.030012 0.963680 0.002846
3 3 0.000918 0.001871 0.036272 0.958763 0.002175
3 3 0.002031 0.004148 0.043730 0.942136 0.007955
3 3 0.001569 0.002097 0.042100 0.952679 0.001556
3 3 0.001929 0.002483 0.034258 0.958142 0.003188
3 3 0.001008 0.000984 0.018046 0.978236 0.001725
3 3 0.001332 0.001251 0.026101 0.970036 0.001280
3 3 0.001604 0.001576 0.027053 0.967943 0.001824
3 3 0.001170 0.001343 0.023429 0.972068 0.001990
3 3 0.001555 0.001153 0.022260 0.973729 0.001303
3 3 0.001665 0.001313 0.024136 0.971266 0.001621
3 3 0.001427 0.001162 0.020292 0.975463 0.001655
3 3 0.001387 0.001148 0.017152 0.978079 0.002235
3 3 0.001481 0.001114 0.021045 0.974888 0.001472
3 3 0.004870 0.003555 0.031485 0.952742 0.007348
3 3 0.001056 0.000803 0.017568 0.979469 0.001105
3 3 0.001837 0.001490 0.023240 0.971308 0.002125
3 3 0.000486 0.000500 0.013510 0.984545 0.000958
3 3 0.001901 0.001509 0.020734 0.973413 0.002443
3 3 0.001346 0.001151 0.019731 0.976004 0.001768
3 3 0.001671 0.000927 0.017299 0.978898 0.001205
3 3 0.000916 0.000810 0.014419 0.982087 0.001768
3 3 0.001971 0.001040 0.013368 0.981326 0.002295
3 3 0.001362 0.001044 0.016404 0.979217 0.001974
3 3 0.001113 0.000651 0.013637 0.983540 0.001059
3 3 0.001211 0.001485 0.016205 0.976251 0.004849
3 3 0.001311 0.000920 0.016088 0.980116 0.001565
3 3 0.001990 0.001388 0.020120 0.974426 0.002076
3 3 0.001234 0.001325 0.018114 0.976321 0.003006
3 3 0.000677 0.000482 0.013773 0.984368 0.000700
3 3 0.001423 0.001016 0.016796 0.979037 0.001728
3 3 0.001801 0.001377 0.019140 0.975307 0.002375
3 3 0.001969 0.001316 0.017176 0.976748 0.002792
3 3 0.001280 0.000997 0.018459 0.977782 0.001482
3 3 0.000470 0.000360 0.012704 0.985953 0.000514
3 3 0.004778 0.002380 0.032027 0.958215 0.002600
3 3 0.002869 0.001604 0.027298 0.966776 0.001454
3 3 0.002917 0.002469 0.029093 0.961538 0.003983
3 3 0.005552 0.003613 0.045415 0.942276 0.003143
3 3 0.003340 0.002073 0.037698 0.955697 0.001191
3 3 0.003977 0.008072 0.065318 0.906098 0.016534
3 3 0.003437 0.005832 0.059005 0.925318 0.006408
3 3 0.002410 0.005412 0.073009 0.914930 0.004239
3 2 0.004534 0.010845 0.114110 0.860836 0.009675
3 2 0.004531 0.008850 0.110612 0.870034 0.005973
2 2 0.007921 0.069244 0.485732 0.393305 0.043798
3 2 0.008542 0.094940 0.397119 0.441486 0.057914
2 2 0.013229 0.162147 0.503627 0.244529 0.076468
2 2 0.003376 0.039015 0.477573 0.453740 0.026295
2 2 0.038328 0.164590 0.677309 0.099895 0.019878
1 2 0.039383 0.483388 0.337747 0.008479 0.131003
1 2 0.039707 0.383398 0.304290 0.015183 0.257422
1 2 0.036151 0.389732 0.318877 0.013435 0.241805
4 4 0.018733 0.189682 0.328544 0.021874 0.441166
4 4 0.021912 0.194110 0.336092 0.025963 0.421923
4 4 0.026289 0.286981 0.288035 0.006965 0.391729
4 4 0.020096 0.157091 0.275402 0.028581 0.518829
1 4 0.260374 0.346010 0.177003 0.011675 0.204938
4 4 0.021285 0.218316 0.306049 0.013206 0.441143
1 4 0.032874 0.349627 0.320324 0.014733 0.282442
4 4 0.014085 0.124597 0.171619 0.003114 0.686585
4 4 0.012649 0.076770 0.099351 0.002084 0.809146
4 4 0.015354 0.202255 0.239575 0.001413 0.541403
4 4 0.016230 0.268158 0.271296 0.000567 0.443749
4 4 0.050008 0.215296 0.103066 0.000367 0.631263
4 4 0.006433 0.039025 0.057889 0.000490 0.896163
4 4 0.014429 0.106762 0.069743 0.000014 0.809051
4 4 0.015670 0.111501 0.085960 0.000073 0.786797
4 4 0.015316 0.081829 0.050629 0.000018 0.852209
4 4 0.009100 0.027553 0.018947 0.000014 0.944385
4 4 0.022632 0.046153 0.032299 0.000703 0.898213
4 4 0.020698 0.049830 0.033966 0.000329 0.895177
4 4 0.020819 0.088016 0.066054 0.000324 0.824787
4 4 0.078353 0.344374 0.143017 0.001284 0.432972
4 4 0.022449 0.072146 0.058975 0.001174 0.845256
4 4 0.010170 0.033583 0.031240 0.000176 0.924832
4 4 0.012467 0.141845 0.120285 0.000038 0.725365
4 4 0.010622 0.112286 0.096625 0.000024 0.780443
4 4 0.011548 0.111002 0.074039 0.000005 0.803406
4 4 0.010826 0.152870 0.143714 0.000040 0.692551
4 4 0.011368 0.031041 0.016610 0.000005 0.940976
4 4 0.004519 0.007811 0.007268 0.000031 0.980371
4 4 0.014752 0.023291 0.011367 0.000016 0.950575
4 4 0.007600 0.031701 0.024005 0.000010 0.936685
4 4 0.012962 0.077274 0.028693 0.000000 0.881071
4 4 0.007518 0.078516 0.070636 0.000009 0.843321
4 4 0.008547 0.115453 0.112059 0.000020 0.763921
4 4 0.005572 0.088771 0.132771 0.000091 0.772795
4 4 0.006141 0.075921 0.075021 0.000007 0.842910
4 4 0.004111 0.120470 0.120013 0.000001 0.755406
4 4 0.010788 0.065084 0.042314 0.000006 0.881808
4 4 0.006650 0.033139 0.032994 0.000036 0.927182
4 4 0.005338 0.053528 0.051870 0.000005 0.889259
4 4 0.008139 0.053018 0.032431 0.000001 0.906411
4 4 0.007418 0.074422 0.077582 0.000028 0.840550
4 4 0.013391 0.128780 0.124118 0.000163 0.733548
4 4 0.010560 0.135487 0.132259 0.000052 0.721642
4 4 0.026651 0.209766 0.130969 0.000121 0.632492
4 4 0.009918 0.128202 0.150930 0.000176 0.710773
4 4 0.011921 0.139733 0.153623 0.000241 0.694482
4 4 0.011860 0.093064 0.071172 0.000021 0.823883
4 4 0.008705 0.061677 0.063137 0.000070 0.866411
4 4 0.012518 0.074849 0.066550 0.000114 0.845970
4 4 0.009257 0.103218 0.100274 0.000034 0.787216
4 4 0.014634 0.118882 0.066203 0.000004 0.800277
4 4 0.006224 0.238980 0.188034 0.000001 0.566762
1 4 0.019060 0.404790 0.234758 0.000018 0.341374
4 4 0.004399 0.214173 0.243356 0.000002 0.538069
4 4 0.009118 0.282011 0.179364 0.000001 0.529507
4 4 0.004295 0.222820 0.197808 0.000000 0.575076
4 4 0.006378 0.170362 0.213276 0.000028 0.609957
4 4 0.003360 0.246817 0.255687 0.000000 0.494136
4 4 0.004981 0.165768 0.218361 0.000012 0.610878
1 4 0.015939 0.427278 0.272418 0.000021 0.284343
4 4 0.004306 0.187484 0.263736 0.000010 0.544463
4 4 0.003898 0.160269 0.148762 0.000000 0.687071
4 4 0.001079 0.035168 0.073114 0.000001 0.890638
4 4 0.003977 0.205289 0.157216 0.000000 0.633518
4 4 0.004551 0.238816 0.204604 0.000000 0.552028
4 4 0.016410 0.389826 0.171940 0.000001 0.421823
4 4 0.023216 0.388430 0.198231 0.000015 0.390109
4 4 0.011637 0.273913 0.231684 0.000023 0.482743
4 4 0.008988 0.283384 0.252930 0.000010 0.454688
4 4 0.006620 0.316503 0.257751 0.000001 0.419125
4 4 0.009545 0.335787 0.300499 0.000019 0.354150
4 4 0.013141 0.266385 0.212638 0.000025 0.507811
4 4 0.013924 0.324230 0.254700 0.000036 0.407109
4 4 0.015470 0.356471 0.248408 0.000025 0.379626
4 4 0.023359 0.299278 0.169194 0.000028 0.508142
4 4 0.009909 0.336016 0.240922 0.000003 0.413150
4 4 0.005199 0.043267 0.041495 0.000005 0.910034
4 4 0.006646 0.246097 0.239635 0.000004 0.507617
4 4 0.006393 0.266393 0.251026 0.000003 0.476185
4 4 0.020159 0.317860 0.205051 0.000041 0.456889
1 4 0.029219 0.433341 0.181011 0.000011 0.356419
2 4 0.005738 0.345140 0.368860 0.000009 0.280253
2 1 0.005422 0.344758 0.404360 0.000019 0.245441
4 1 0.006055 0.292328 0.347464 0.000021 0.354132
2 1 0.005524 0.284883 0.388434 0.000047 0.321112
2 1 0.008093 0.315808 0.348805 0.000053 0.327242
2 1 0.004030 0.310580 0.408528 0.000009 0.276854
2 1 0.002883 0.311501 0.437178 0.000004 0.248435
2 1 0.004684 0.344381 0.431792 0.000020 0.219124
2 1 0.003077 0.221045 0.461109 0.000099 0.314670
2 1 0.002739 0.290439 0.370285 0.000001 0.336537
2 1 0.006268 0.271171 0.491410 0.001285 0.229865
2 1 0.010429 0.393103 0.456709 0.001362 0.138396
2 1 0.006369 0.280130 0.515044 0.002289 0.196168
2 1 0.003403 0.258933 0.524576 0.000247 0.212840
2 1 0.005115 0.301851 0.525098 0.000810 0.167127
2 1 0.005562 0.232874 0.621159 0.005463 0.134942
2 2 0.008328 0.274118 0.531225 0.006218 0.180111
2 2 0.009096 0.297028 0.525655 0.005243 0.162979
2 2 0.005765 0.273361 0.594550 0.002436 0.123888
2 2 0.005811 0.272784 0.581423 0.002446 0.137536
2 2 0.006848 0.220826 0.672581 0.014812 0.084933
2 2 0.007363 0.240665 0.613875 0.010658 0.127438
2 2 0.009727 0.286777 0.531512 0.007908 0.164075
2 2 0.005584 0.216276 0.675342 0.009001 0.093797
2 2 0.003808 0.176485 0.742201 0.008734 0.068771
1 2 0.042835 0.452797 0.303058 0.009224 0.192087
4 2 0.028269 0.193352 0.327577 0.035327 0.415474
4 2 0.038083 0.254005 0.311475 0.016930 0.379507
1 2 0.038503 0.489908 0.325119 0.009772 0.136698
1 2 0.036825 0.433831 0.324368 0.010361 0.194616
1 0 0.047828 0.506612 0.288901 0.007125 0.149534
1 0 0.042581 0.501782 0.287208 0.003329 0.165099
1 1 0.025037 0.405420 0.357458 0.005067 0.207018
1 1 0.023902 0.371592 0.352283 0.005332 0.246892
2 1 0.018924 0.374371 0.393600 0.005308 0.207797
2 1 0.005648 0.165658 0.681800 0.036781 0.110113
2 2 0.012179 0.303647 0.571755 0.012819 0.099600
2 2 0.015144 0.352719 0.490601 0.008799 0.132737
2 2 0.009067 0.223228 0.632247 0.030314 0.105144
2 2 0.007516 0.196542 0.679589 0.035562 0.080791
2 2 0.006494 0.158810 0.709812 0.066312 0.058571
2 2 0.003270 0.116497 0.802632 0.043040 0.034560
2 2 0.004418 0.184282 0.759329 0.010503 0.041468
2 2 0.004567 0.138646 0.759288 0.048924 0.048574
2 2 0.006423 0.163600 0.705338 0.056556 0.068083
2 2 0.003651 0.067958 0.732534 0.178691 0.017165
2 2 0.011505 0.191057 0.620642 0.114551 0.062245
2 2 0.005656 0.124461 0.701406 0.127075 0.041401
2 2 0.010633 0.200782 0.652956 0.078322 0.057307
2 2 0.005282 0.107393 0.784888 0.074337 0.028100
2 2 0.003470 0.084533 0.775813 0.115580 0.020604
2 2 0.002812 0.093208 0.811024 0.072538 0.020418
2 2 0.007337 0.143720 0.680374 0.129007 0.039562
2 2 0.005694 0.163844 0.763585 0.038186 0.028690
2 2 0.004289 0.088680 0.650988 0.222512 0.033531
2 2 0.003010 0.056148 0.694714 0.231801 0.014326
2 2 0.002663 0.044957 0.703970 0.237426 0.010984
2 2 0.004443 0.077514 0.565143 0.323784 0.029115
2 2 0.003008 0.063716 0.639326 0.273475 0.020474
2 2 0.002806 0.056025 0.737639 0.192958 0.010573
2 2 0.003666 0.029824 0.530510 0.428207 0.007793
2 2 0.007031 0.090672 0.463102 0.401605 0.037590
2 2 0.003437 0.043600 0.471989 0.466730 0.014245
2 2 0.003633 0.076227 0.678733 0.219825 0.021583
2 2 0.005481 0.091799 0.580152 0.292497 0.030072
3 2 0.002560 0.029408 0.396384 0.561526 0.010122
2 2 0.001317 0.012986 0.505992 0.477499 0.002206
2 2 0.004270 0.063005 0.537664 0.374000 0.021062
3 2 0.002307 0.023032 0.428342 0.539408 0.006911
2 2 0.005671 0.082391 0.493364 0.382533 0.036041
3 2 0.003115 0.034968 0.360565 0.587037 0.014315
3 2 0.002445 0.012120 0.232335 0.749317 0.003784
3 2 0.001284 0.015933 0.301609 0.671662 0.009512
3 3 0.004266 0.037669 0.321903 0.615072 0.021090
2 3 0.009302 0.089599 0.547971 0.334473 0.018654
2 3 0.061855 0.262302 0.549948 0.103041 0.022853
2 3 0.022527 0.196609 0.406763 0.293183 0.080917
2 3 0.033350 0.332903 0.473646 0.101969 0.058132
2 3 0.023947 0.232838 0.466877 0.197689 0.078649
2 3 0.018426 0.142147 0.480226 0.308388 0.050814
2 3 0.007756 0.138157 0.648949 0.165332 0.039805
2 3 0.003643 0.054333 0.667780 0.263758 0.010485
2 3 0.006749 0.107642 0.635108 0.222559 0.027942
2 3 0.005712 0.075363 0.665008 0.241723 0.012194
2 3 0.005285 0.084780 0.578837 0.308045 0.023054
2 3 0.008439 0.063505 0.493394 0.419899 0.014763
2 3 0.007804 0.079047 0.538458 0.356408 0.018283
3 3 0.004008 0.027735 0.434502 0.527656 0.006099
3 3 0.005491 0.039379 0.327769 0.611251 0.016110
2 3 0.019443 0.099824 0.538854 0.328532 0.013347
2 2 0.029520 0.327040 0.522067 0.076206 0.045167
