0 0 0.857915 0.096729 0.001997 0.000000 0.043358
0 0 0.982456 0.014095 0.000276 0.000001 0.003172
0 0 0.987072 0.010757 0.000150 0.000000 0.002021
0 0 0.923785 0.051973 0.001056 0.000000 0.023186
1 1 0.402541 0.510078 0.014179 0.000000 0.073201
1 1 0.324852 0.513705 0.098120 0.000008 0.063315
0 1 0.431396 0.421935 0.108153 0.000038 0.038478
0 0 0.967102 0.017301 0.008523 0.000399 0.006675
0 0 0.963158 0.015355 0.014347 0.001043 0.006097
0 0 0.966666 0.010469 0.017553 0.001596 0.003717
0 0 0.954625 0.028095 0.005040 0.000144 0.012096
0 0 0.931973 0.042314 0.004548 0.000113 0.021053
0 0 0.558825 0.329082 0.040266 0.000011 0.071815
0 0 0.470331 0.338266 0.041235 0.000013 0.150155
0 0 0.657087 0.252536 0.020316 0.000005 0.070055
1 1 0.040146 0.608195 0.032285 0.000000 0.319374
1 1 0.029577 0.553345 0.030068 0.000000 0.387011
1 1 0.112918 0.606464 0.022792 0.000000 0.257826
1 1 0.032205 0.618901 0.033717 0.000000 0.315177
1 1 0.012744 0.523913 0.041490 0.000000 0.421852
4 1 0.050508 0.429873 0.043322 0.000000 0.476296
1 1 0.021767 0.507113 0.065946 0.000000 0.405173
4 1 0.096478 0.340510 0.023654 0.000000 0.539357
1 1 0.031043 0.536169 0.042305 0.000000 0.390483
1 1 0.062561 0.495793 0.038518 0.000000 0.403128
1 1 0.059291 0.599007 0.104334 0.000001 0.237367
1 4 0.070256 0.556177 0.102307 0.000001 0.271259
4 4 0.245762 0.310006 0.041625 0.000012 0.402596
1 4 0.042952 0.565780 0.116938 0.000001 0.274330
1 4 0.052570 0.612840 0.097470 0.000000 0.237119
4 4 0.193713 0.319895 0.102029 0.000139 0.384223
1 4 0.113881 0.467219 0.141717 0.000020 0.277164
1 4 0.122917 0.417133 0.132294 0.000059 0.327596
1 4 0.056834 0.512963 0.194983 0.000226 0.234993
1 4 0.035449 0.554338 0.172899 0.000036 0.237277
2 4 0.016117 0.100012 0.844330 0.011112 0.028428
2 4 0.030335 0.178676 0.755930 0.005327 0.029732
2 4 0.012403 0.118169 0.844022 0.004894 0.020511
2 2 0.027571 0.115219 0.821804 0.021326 0.014079
2 2 0.013416 0.069033 0.881594 0.010761 0.025195
1 2 0.292053 0.493881 0.162969 0.000901 0.050196
1 2 0.118725 0.437669 0.385453 0.009326 0.048827
1 2 0.268922 0.464260 0.190027 0.003584 0.073207
0 4 0.603395 0.221608 0.075283 0.003232 0.096481
2 4 0.140839 0.369709 0.401376 0.026555 0.061521
2 4 0.066369 0.111904 0.751842 0.058941 0.010944
2 2 0.065777 0.284942 0.581528 0.044186 0.023567
2 2 0.076503 0.079504 0.786925 0.049598 0.007470
2 2 0.138660 0.141786 0.651039 0.054151 0.014364
2 2 0.066226 0.121499 0.757648 0.044461 0.010166
2 2 0.029963 0.049907 0.824856 0.093825 0.001449
2 2 0.028212 0.040476 0.751159 0.178292 0.001861
2 2 0.019760 0.030583 0.765447 0.183063 0.001148
2 2 0.039360 0.030861 0.612777 0.314757 0.002245
2 2 0.016146 0.079491 0.822094 0.080220 0.002050
2 2 0.019704 0.033620 0.741687 0.203928 0.001061
2 2 0.017172 0.036497 0.659365 0.285452 0.001515
2 2 0.023221 0.028751 0.607501 0.339355 0.001172
2 2 0.014778 0.029764 0.583130 0.371001 0.001328
2 2 0.022696 0.034186 0.754666 0.187376 0.001076
3 2 0.026742 0.016341 0.454131 0.501737 0.001049
2 2 0.037459 0.058313 0.662121 0.239804 0.002303
2 2 0.021674 0.046007 0.710337 0.220615 0.001367
3 2 0.034750 0.025078 0.346339 0.590816 0.003017
2 2 0.012993 0.016547 0.654101 0.315634 0.000725
3 2 0.013161 0.010415 0.475320 0.500613 0.000492
3 2 0.018073 0.014392 0.388021 0.578297 0.001217
2 2 0.010283 0.028344 0.503395 0.456867 0.001111
3 2 0.008792 0.012677 0.424511 0.553408 0.000612
3 2 0.020024 0.023257 0.450287 0.505490 0.000941
3 2 0.002098 0.001727 0.092273 0.903751 0.000151
3 2 0.003016 0.002147 0.126895 0.867751 0.000192
3 2 0.004396 0.004371 0.127911 0.862998 0.000323
3 2 0.005083 0.002560 0.081425 0.910550 0.000382
3 2 0.001407 0.000930 0.066665 0.930849 0.000149
3 2 0.004856 0.010168 0.273423 0.710854 0.000698
3 2 0.003462 0.002486 0.121938 0.871870 0.000245
3 2 0.006769 0.004056 0.127484 0.861139 0.000552
3 2 0.004912 0.004205 0.152829 0.837630 0.000424
3 2 0.005585 0.004418 0.127169 0.862235 0.000592
3 2 0.007494 0.002268 0.110421 0.879313 0.000505
3 2 0.010943 0.005273 0.108015 0.874668 0.001101
3 2 0.009137 0.004002 0.081418 0.904368 0.001076
3 2 0.012638 0.004761 0.093187 0.888053 0.001360
3 2 0.061073 0.037407 0.166694 0.728157 0.006670
2 2 0.090123 0.069322 0.506822 0.320432 0.013301
2 2 0.040408 0.031220 0.590312 0.334341 0.003719
2 2 0.044054 0.042658 0.546300 0.360507 0.006481
2 2 0.028464 0.102739 0.712907 0.149511 0.006379
2 2 0.027467 0.052253 0.537486 0.376498 0.006296
2 2 0.013565 0.054089 0.725797 0.204859 0.001690
2 2 0.009746 0.037236 0.769352 0.182221 0.001443
2 2 0.015170 0.033630 0.686981 0.262312 0.001907
2 2 0.009272 0.039902 0.626515 0.322256 0.002054
2 2 0.014468 0.050288 0.694000 0.237879 0.003364
2 2 0.010847 0.023601 0.506050 0.457957 0.001545
3 2 0.010896 0.015602 0.329847 0.642145 0.001510
3 2 0.015851 0.014656 0.317006 0.650880 0.001608
2 2 0.020072 0.041491 0.537775 0.398072 0.002590
3 2 0.026799 0.013757 0.304614 0.653132 0.001698
2 2 0.010784 0.026173 0.658642 0.303352 0.001050
3 2 0.011523 0.015728 0.405969 0.565543 0.001237
3 2 0.011796 0.016237 0.437415 0.533071 0.001481
3 2 0.018470 0.008645 0.231297 0.740270 0.001319
3 2 0.010557 0.019723 0.458652 0.509507 0.001561
2 2 0.060684 0.117037 0.684152 0.125772 0.012354
2 2 0.089334 0.109608 0.625560 0.160714 0.014784
2 2 0.060508 0.124129 0.702768 0.101579 0.011015
2 2 0.062457 0.103053 0.704687 0.120605 0.009197
2 2 0.036351 0.053529 0.847544 0.059333 0.003243
2 2 0.044325 0.080804 0.761212 0.108818 0.004840
2 2 0.054761 0.102004 0.689651 0.147112 0.006471
2 2 0.048892 0.079687 0.701300 0.163454 0.006667
2 2 0.039916 0.050779 0.799283 0.106777 0.003245
2 2 0.048588 0.127538 0.733507 0.084857 0.005510
2 2 0.046067 0.051115 0.691000 0.207910 0.003907
2 2 0.038016 0.041623 0.734919 0.183180 0.002262
2 2 0.049731 0.099714 0.753689 0.092613 0.004252
2 2 0.045108 0.059883 0.687312 0.202957 0.004739
2 2 0.076765 0.094602 0.721849 0.102298 0.004485
2 2 0.048004 0.146995 0.778750 0.020737 0.005513
2 2 0.066405 0.124059 0.754286 0.049134 0.006116
2 2 0.055941 0.096056 0.767344 0.074190 0.006470
2 2 0.063336 0.118971 0.765110 0.046233 0.006351
2 2 0.043468 0.128449 0.799923 0.023944 0.004216
2 2 0.039755 0.153356 0.791143 0.008810 0.006935
2 2 0.045407 0.092429 0.838447 0.018721 0.004996
2 2 0.072222 0.187613 0.714157 0.014869 0.011139
2 2 0.056772 0.161501 0.770680 0.004681 0.006366
2 2 0.038696 0.146135 0.799154 0.010007 0.006008
0 2 0.925962 0.048379 0.010374 0.000149 0.015135
0 2 0.992091 0.005361 0.001466 0.000020 0.001062
0 0 0.980272 0.014931 0.000820 0.000006 0.003971
0 0 0.989534 0.007390 0.001421 0.000018 0.001637
0 0 0.968738 0.023127 0.000854 0.000006 0.007275
0 0 0.897192 0.080257 0.006554 0.000020 0.015977
0 0 0.643811 0.291281 0.045211 0.000015 0.019681
0 0 0.756257 0.195161 0.026514 0.000026 0.022041
0 0 0.843411 0.126729 0.012484 0.000018 0.017359
0 0 0.601539 0.336108 0.047429 0.000006 0.014917
0 0 0.777454 0.178953 0.022634 0.000024 0.020935
0 0 0.798550 0.169854 0.016721 0.000009 0.014866
0 0 0.966584 0.024220 0.001133 0.000010 0.008053
0 0 0.955278 0.029978 0.002608 0.000043 0.012093
0 0 0.864277 0.109559 0.009880 0.000016 0.016267
0 0 0.971147 0.017059 0.005458 0.000179 0.006157
0 0 0.976215 0.014791 0.004029 0.000106 0.004859
0 0 0.969557 0.015194 0.009145 0.000462 0.005642
0 0 0.943237 0.039606 0.002570 0.000028 0.014558
0 0 0.983502 0.010383 0.003146 0.000071 0.002897
0 0 0.972701 0.017262 0.003950 0.000100 0.005988
0 0 0.967934 0.020179 0.004275 0.000112 0.007499
0 0 0.964872 0.017924 0.009590 0.000491 0.007123
0 0 0.977609 0.015475 0.002138 0.000033 0.004744
0 0 0.968807 0.020608 0.003125 0.000063 0.007397
0 0 0.956684 0.030261 0.001585 0.000018 0.011452
0 0 0.971673 0.017953 0.003955 0.000099 0.006320
0 0 0.968613 0.018172 0.006166 0.000221 0.006828
0 0 0.940229 0.039115 0.002880 0.000050 0.017725
0 0 0.932330 0.053275 0.003126 0.000010 0.011258
0 0 0.827271 0.126426 0.017469 0.000078 0.028756
0 1 0.954358 0.031569 0.001748 0.000021 0.012304
0 0 0.946377 0.034683 0.004164 0.000087 0.014689
0 0 0.798225 0.152129 0.021870 0.000061 0.027714
0 0 0.843654 0.108533 0.015442 0.000123 0.032249
0 0 0.778238 0.166539 0.025791 0.000068 0.029364
0 0 0.560867 0.329534 0.062366 0.000036 0.047197
0 0 0.930203 0.044109 0.003822 0.000082 0.021784
0 0 0.946077 0.036000 0.002442 0.000038 0.015444
0 0 0.980594 0.010658 0.005337 0.000185 0.003226
0 0 0.968749 0.023121 0.000853 0.000006 0.007271
0 0 0.970619 0.019438 0.003071 0.000062 0.006810
0 1 0.963222 0.026470 0.001164 0.000010 0.009133
0 1 0.982582 0.011737 0.002348 0.000041 0.003292
0 0 0.955506 0.028921 0.003513 0.000075 0.011984
0 0 0.982380 0.009329 0.005404 0.000193 0.002694
0 0 0.962047 0.027165 0.001235 0.000011 0.009541
0 0 0.976841 0.013127 0.005532 0.000191 0.004310
0 0 0.967857 0.021194 0.003180 0.000065 0.007705
0 0 0.798925 0.167562 0.017346 0.000012 0.016155
1 0 0.200656 0.559185 0.022286 0.000000 0.217873
1 0 0.068815 0.668946 0.028819 0.000000 0.233420
1 4 0.054668 0.566837 0.034009 0.000000 0.344486
1 4 0.036435 0.662117 0.051444 0.000000 0.250005
1 4 0.048993 0.665113 0.043409 0.000000 0.242485
4 4 0.024346 0.421113 0.010964 0.000000 0.543577
4 4 0.005388 0.346022 0.023608 0.000000 0.624982
4 4 0.008360 0.395166 0.021119 0.000000 0.575354
4 4 0.009378 0.443227 0.020903 0.000000 0.526492
4 4 0.006391 0.394020 0.017851 0.000000 0.581738
4 4 0.029772 0.471133 0.027682 0.000000 0.471413
4 4 0.030591 0.389912 0.019445 0.000000 0.560052
4 4 0.013474 0.440889 0.031816 0.000000 0.513820
4 4 0.027449 0.270961 0.022824 0.000000 0.678765
4 4 0.043529 0.309095 0.013000 0.000000 0.634376
0 4 0.473608 0.074445 0.003008 0.000007 0.448932
4 4 0.243183 0.178666 0.007535 0.000001 0.570615
0 4 0.628507 0.087875 0.006505 0.000049 0.277065
0 4 0.570197 0.080119 0.003968 0.000014 0.345702
0 4 0.694758 0.075088 0.003420 0.000012 0.226721
0 4 0.511006 0.074682 0.002915 0.000006 0.411391
0 4 0.773731 0.067886 0.002864 0.000010 0.155509
4 4 0.269431 0.120872 0.004193 0.000001 0.605502
4 4 0.205274 0.180002 0.009519 0.000001 0.605204
4 4 0.323651 0.135419 0.005031 0.000001 0.535898
0 4 0.571844 0.067332 0.001740 0.000002 0.359081
0 4 0.749450 0.083025 0.007170 0.000084 0.160270
0 4 0.668148 0.068617 0.002070 0.000004 0.261161
0 4 0.550138 0.075161 0.002933 0.000007 0.371761
4 4 0.310052 0.122963 0.003994 0.000001 0.562990
1 4 0.122995 0.569849 0.035607 0.000000 0.271549
1 4 0.111526 0.564085 0.041502 0.000000 0.282887
0 4 0.687646 0.130228 0.005834 0.000004 0.176289
1 4 0.300336 0.500343 0.019062 0.000000 0.180259
1 4 0.142769 0.651566 0.026816 0.000000 0.178850
1 4 0.410436 0.476817 0.063154 0.000003 0.049589
0 4 0.600569 0.320475 0.039904 0.000009 0.039044
0 0 0.957623 0.029727 0.001521 0.000016 0.011112
0 0 0.946807 0.039041 0.002217 0.000016 0.011919
0 0 0.949179 0.038948 0.001959 0.000009 0.009904
0 0 0.976185 0.018368 0.000504 0.000002 0.004940
0 0 0.926759 0.059734 0.003364 0.000007 0.010137
0 0 0.987072 0.010053 0.000635 0.000004 0.002235
0 0 0.990551 0.005144 0.003116 0.000079 0.001111
0 0 0.977956 0.017188 0.000434 0.000002 0.004420
0 0 0.945276 0.036493 0.002449 0.000038 0.015744
0 0 0.917553 0.046913 0.008605 0.000355 0.026574
0 0 0.952405 0.032652 0.001890 0.000024 0.013029
0 0 0.947596 0.035261 0.002260 0.000033 0.014849
0 0 0.837963 0.124119 0.014147 0.000037 0.023734
0 0 0.906046 0.061789 0.006454 0.000099 0.025613
0 0 0.907295 0.063945 0.006181 0.000066 0.022513
0 0 0.945531 0.036359 0.002428 0.000037 0.015645
0 0 0.915509 0.059526 0.005182 0.000048 0.019735
0 0 0.947152 0.035498 0.002296 0.000034 0.015020
0 0 0.980617 0.012469 0.003128 0.000069 0.003717
0 0 0.967073 0.022837 0.002028 0.000029 0.008033
0 0 0.971688 0.016883 0.005229 0.000166 0.006035
0 0 0.957765 0.029646 0.001511 0.000016 0.011061
0 0 0.958905 0.028993 0.001436 0.000015 0.010652
0 0 0.515476 0.358419 0.080365 0.000047 0.045693
1 0 0.205685 0.613374 0.126957 0.000003 0.053981
1 0 0.166449 0.606469 0.147123 0.000005 0.079954
1 1 0.261308 0.587469 0.100525 0.000003 0.050695
1 4 0.373255 0.496975 0.090169 0.000007 0.039593
1 4 0.123674 0.564936 0.257006 0.001001 0.053382
1 4 0.127618 0.573233 0.256720 0.001560 0.040869
1 4 0.145730 0.573121 0.237566 0.000409 0.043173
1 4 0.102083 0.541490 0.298998 0.000497 0.056933
1 2 0.109029 0.560006 0.270663 0.001502 0.058800
1 2 0.212442 0.593248 0.161853 0.000407 0.032050
0 2 0.845382 0.081752 0.051004 0.000759 0.021103
0 2 0.681880 0.212858 0.069177 0.000456 0.035629
0 2 0.524017 0.379365 0.075813 0.000017 0.020788
0 2 0.482215 0.411060 0.086288 0.000015 0.020422
1 2 0.239871 0.492650 0.129695 0.000027 0.137758
1 2 0.105433 0.615932 0.153356 0.000003 0.125276
1 2 0.132652 0.577370 0.164118 0.000009 0.125852
0 2 0.373468 0.287521 0.196997 0.001489 0.140525
1 2 0.247727 0.579771 0.093184 0.000003 0.079315
0 2 0.938119 0.040189 0.003069 0.000056 0.018566
0 2 0.910123 0.074585 0.004594 0.000007 0.010691
0 2 0.806112 0.157485 0.017614 0.000019 0.018771
0 2 0.916451 0.071160 0.003765 0.000004 0.008621
0 2 0.933077 0.051753 0.003147 0.000013 0.012011
0 0 0.773878 0.133626 0.028818 0.000505 0.063174
0 0 0.593237 0.247076 0.063478 0.000292 0.095918
1 0 0.104218 0.566018 0.181553 0.000026 0.148184
1 1 0.068289 0.536279 0.260131 0.000276 0.135025
1 1 0.040280 0.518876 0.283073 0.000814 0.156957
1 2 0.127352 0.534909 0.262573 0.002653 0.072515
1 2 0.344521 0.444566 0.159868 0.000539 0.050505
0 2 0.795594 0.130962 0.028440 0.000343 0.044661
0 2 0.624798 0.284996 0.059702 0.000057 0.030447
1 2 0.165183 0.590206 0.200077 0.000292 0.044241
2 2 0.097475 0.353698 0.506744 0.006609 0.035474
2 2 0.177642 0.367420 0.409963 0.008292 0.036682
2 2 0.125419 0.293866 0.545410 0.010250 0.025054
2 2 0.061106 0.301390 0.575901 0.019588 0.042015
2 2 0.038963 0.159328 0.773495 0.015029 0.013184
2 2 0.019902 0.084114 0.869782 0.011395 0.014807
2 2 0.037860 0.184361 0.764776 0.005841 0.007162
2 2 0.011828 0.086612 0.881275 0.015370 0.004915
2 2 0.010410 0.084558 0.882910 0.013456 0.008666
2 2 0.004771 0.081170 0.890662 0.008004 0.015394
2 2 0.015041 0.024206 0.872261 0.087543 0.000950
2 2 0.033048 0.215654 0.737356 0.009308 0.004634
2 2 0.006897 0.060202 0.904143 0.027907 0.000851
2 2 0.004391 0.025559 0.901260 0.067951 0.000838
2 2 0.011540 0.031418 0.857409 0.098272 0.001361
2 2 0.006257 0.052489 0.905753 0.032826 0.002675
2 2 0.009035 0.030139 0.883682 0.076185 0.000960
2 2 0.036159 0.120987 0.779140 0.057809 0.005905
2 2 0.023950 0.068293 0.854094 0.051088 0.002574
2 2 0.027750 0.078628 0.814556 0.074854 0.004212
2 2 0.027227 0.063849 0.882970 0.023802 0.002151
2 2 0.107963 0.124459 0.706760 0.052550 0.008268
2 2 0.040446 0.138720 0.809439 0.007180 0.004216
2 2 0.050176 0.095413 0.812411 0.037386 0.004615
2 2 0.078884 0.229697 0.677087 0.007261 0.007071
2 2 0.026086 0.097773 0.851630 0.021278 0.003234
2 2 0.043572 0.101857 0.821950 0.027399 0.005222
2 2 0.021398 0.098843 0.852008 0.025331 0.002420
2 2 0.043093 0.091847 0.797032 0.063124 0.004904
2 2 0.021191 0.088420 0.853356 0.033490 0.003543
2 2 0.018828 0.038649 0.853993 0.087127 0.001403
2 2 0.037777 0.073121 0.659204 0.223752 0.006146
2 2 0.019789 0.082143 0.767796 0.126058 0.004214
2 2 0.038904 0.055153 0.763637 0.138257 0.004048
2 2 0.008660 0.033068 0.889280 0.068134 0.000858
2 2 0.029641 0.028380 0.534492 0.404416 0.003070
2 2 0.015255 0.019155 0.538570 0.425586 0.001433
2 2 0.077427 0.037680 0.459596 0.419493 0.005804
2 2 0.088366 0.173464 0.638712 0.092359 0.007099
2 2 0.010391 0.037592 0.774375 0.175827 0.001814
2 2 0.028772 0.060713 0.807024 0.099772 0.003719
2 2 0.124991 0.117125 0.620681 0.126028 0.011176
2 4 0.055396 0.151172 0.750735 0.037224 0.005473
2 4 0.055645 0.071803 0.679203 0.187763 0.005587
2 4 0.040955 0.058674 0.806032 0.091428 0.002911
2 4 0.032145 0.090867 0.700969 0.172373 0.003646
2 4 0.025219 0.043699 0.712626 0.216517 0.001939
2 4 0.035697 0.050714 0.581087 0.327885 0.004616
2 2 0.054796 0.044958 0.580756 0.315526 0.003964
2 2 0.075874 0.239476 0.642471 0.035797 0.006382
2 2 0.029788 0.085581 0.824978 0.057514 0.002140
2 2 0.014437 0.042376 0.850880 0.090550 0.001756
2 2 0.021075 0.046806 0.805747 0.124184 0.002189
2 2 0.012348 0.050303 0.877326 0.058606 0.001418
2 2 0.049953 0.045109 0.623759 0.277066 0.004113
0 2 0.930829 0.035698 0.017910 0.000770 0.014793
0 2 0.510271 0.396916 0.074470 0.000012 0.018332
0 2 0.687338 0.229727 0.047255 0.000100 0.035580
0 2 0.483766 0.424268 0.072711 0.000007 0.019249
0 2 0.649574 0.266306 0.053496 0.000059 0.030565
0 0 0.945195 0.029811 0.010051 0.000497 0.014446
0 0 0.796362 0.169231 0.017861 0.000012 0.016534
0 0 0.609307 0.315616 0.054120 0.000018 0.020938
1 1 0.281447 0.537060 0.156694 0.000066 0.024733
1 1 0.137038 0.452666 0.381313 0.001786 0.027198
2 2 0.031256 0.171561 0.770648 0.020853 0.005681
2 2 0.005119 0.026927 0.916968 0.050312 0.000674
2 2 0.006139 0.041331 0.913646 0.038072 0.000811
2 2 0.006557 0.041378 0.916337 0.034712 0.001016
2 2 0.006735 0.038248 0.904768 0.049217 0.001032
2 2 0.021827 0.039811 0.822219 0.114195 0.001947
2 2 0.023415 0.048075 0.845834 0.081069 0.001606
2 2 0.031776 0.038768 0.682393 0.244292 0.002771
2 2 0.071623 0.051059 0.733776 0.139760 0.003781
2 2 0.165664 0.241939 0.567649 0.014796 0.009951
2 2 0.043134 0.193271 0.747705 0.011764 0.004127
2 2 0.046526 0.093192 0.773624 0.082401 0.004257
2 2 0.014449 0.048539 0.821543 0.113390 0.002079
2 2 0.028908 0.071911 0.798128 0.098407 0.002646
2 2 0.009262 0.045416 0.879750 0.063302 0.002270
2 2 0.023269 0.044710 0.873796 0.056557 0.001669
2 2 0.050060 0.046734 0.807939 0.091617 0.003651
2 2 0.190931 0.085160 0.598856 0.113871 0.011183
0 2 0.404082 0.225846 0.308114 0.032411 0.029547
2 2 0.115158 0.293437 0.562637 0.016609 0.012160
2 2 0.045060 0.043302 0.821285 0.088183 0.002170
2 2 0.049214 0.076828 0.806941 0.063945 0.003071
2 2 0.052150 0.197621 0.720289 0.025056 0.004885
2 2 0.032128 0.095360 0.830775 0.039161 0.002576
2 2 0.074076 0.080438 0.784593 0.057570 0.003323
2 2 0.056527 0.254165 0.678204 0.005042 0.006061
2 2 0.048265 0.162691 0.742671 0.039334 0.007039
2 2 0.063099 0.120572 0.752216 0.058280 0.005833
2 2 0.046116 0.149009 0.777447 0.023102 0.004327
2 2 0.037810 0.185025 0.745284 0.026342 0.005539
2 2 0.007800 0.086019 0.839365 0.065632 0.001183
2 2 0.001022 0.005066 0.766770 0.227053 0.000090
2 2 0.002312 0.013213 0.800781 0.183477 0.000217
2 2 0.003885 0.017986 0.649810 0.327690 0.000631
2 2 0.009086 0.019608 0.732725 0.237870 0.000711
3 2 0.030851 0.025450 0.418882 0.520739 0.004079
3 2 0.040972 0.020470 0.215843 0.718676 0.004040
2 2 0.012473 0.024496 0.522987 0.437768 0.002275
2 2 0.011891 0.032427 0.699211 0.254971 0.001500
3 2 0.014995 0.015764 0.380498 0.586881 0.001862
2 2 0.003962 0.012128 0.621835 0.361399 0.000676
2 2 0.003703 0.025279 0.786771 0.182573 0.001674
2 2 0.005091 0.016437 0.718026 0.259213 0.001235
2 2 0.005850 0.019872 0.505574 0.467271 0.001432
3 2 0.009619 0.008028 0.226792 0.754407 0.001153
2 2 0.067609 0.129361 0.733482 0.063796 0.005752
2 2 0.170123 0.074938 0.536892 0.206792 0.011254
0 2 0.632936 0.097183 0.212025 0.030518 0.027338
2 2 0.146424 0.376519 0.455200 0.008987 0.012869
2 2 0.087169 0.215099 0.644047 0.045634 0.008051
2 2 0.008579 0.042052 0.803285 0.145050 0.001034
2 2 0.011216 0.063807 0.872639 0.051072 0.001266
2 2 0.014001 0.032616 0.756006 0.196353 0.001024
2 2 0.019275 0.038604 0.793441 0.147414 0.001265
2 2 0.011178 0.048541 0.849910 0.089084 0.001287
2 2 0.013083 0.031518 0.734752 0.219405 0.001242
2 2 0.006531 0.038382 0.866887 0.087107 0.001094
2 2 0.011624 0.038544 0.820223 0.128387 0.001222
2 2 0.004976 0.019953 0.754488 0.219971 0.000612
2 2 0.017206 0.030085 0.660796 0.290424 0.001488
3 2 0.009328 0.021159 0.409277 0.558918 0.001319
2 2 0.012116 0.022162 0.594820 0.369849 0.001053
2 2 0.011624 0.023057 0.572471 0.391962 0.000886
3 2 0.013038 0.020227 0.311780 0.653324 0.001632
3 2 0.029006 0.009466 0.160909 0.798731 0.001889
2 2 0.074331 0.064511 0.469634 0.384060 0.007463
2 2 0.046905 0.066916 0.662991 0.218886 0.004302
2 2 0.089295 0.047991 0.431796 0.424277 0.006640
2 2 0.189698 0.099982 0.625034 0.075781 0.009506
2 2 0.305392 0.263985 0.383545 0.028009 0.019069
2 2 0.063311 0.229350 0.667552 0.029258 0.010529
2 2 0.127394 0.096209 0.693867 0.073265 0.009265
2 2 0.064458 0.132614 0.765369 0.029797 0.007762
2 2 0.026291 0.103899 0.824666 0.040268 0.004876
2 2 0.009578 0.038508 0.913870 0.035933 0.002111
2 2 0.094636 0.086832 0.738106 0.074352 0.006074
2 2 0.043276 0.110659 0.815497 0.026883 0.003686
2 2 0.069544 0.049533 0.816968 0.061196 0.002758
2 2 0.036406 0.125515 0.827754 0.007020 0.003304
2 2 0.020619 0.082410 0.871777 0.023002 0.002192
2 2 0.000619 0.005781 0.851619 0.141664 0.000317
2 2 0.002132 0.013099 0.836794 0.147687 0.000288
2 2 0.003109 0.014314 0.777959 0.204163 0.000455
2 2 0.002236 0.033664 0.882825 0.080678 0.000597
2 2 0.000753 0.004983 0.817339 0.176770 0.000156
2 2 0.000045 0.000741 0.551663 0.447538 0.000012
2 2 0.000339 0.005054 0.894351 0.100196 0.000060
2 2 0.000112 0.002143 0.656404 0.341315 0.000026
2 2 0.000468 0.003955 0.709727 0.285769 0.000081
3 2 0.000246 0.001402 0.474035 0.524286 0.000031
3 2 0.001295 0.003069 0.252154 0.743224 0.000258
3 2 0.000549 0.001556 0.224267 0.773503 0.000126
3 2 0.000548 0.002252 0.303918 0.693156 0.000125
3 2 0.000582 0.001625 0.281762 0.715924 0.000106
3 2 0.000634 0.002007 0.210127 0.787064 0.000168
3 2 0.000829 0.001345 0.186960 0.810778 0.000088
3 2 0.000454 0.000725 0.070936 0.927812 0.000073
3 2 0.000483 0.001622 0.154430 0.843374 0.000092
3 2 0.000817 0.001290 0.187171 0.810641 0.000080
3 2 0.000701 0.000969 0.120628 0.877613 0.000089
3 2 0.000444 0.001248 0.078606 0.919589 0.000113
3 3 0.000356 0.000418 0.073871 0.925317 0.000038
3 3 0.000231 0.000738 0.126312 0.872658 0.000062
3 3 0.000235 0.000436 0.053888 0.945392 0.000049
3 3 0.000605 0.000982 0.081242 0.917055 0.000115
3 3 0.000851 0.000994 0.051997 0.945999 0.000159
3 3 0.000510 0.000801 0.041251 0.957344 0.000094
3 3 0.000624 0.000528 0.034196 0.964574 0.000078
3 3 0.000876 0.001250 0.053019 0.944631 0.000223
3 3 0.001030 0.001009 0.042912 0.954922 0.000127
3 3 0.000738 0.001164 0.071305 0.926672 0.000121
3 3 0.000381 0.000920 0.111020 0.887626 0.000053
3 3 0.000224 0.000362 0.037159 0.962224 0.000032
3 3 0.000466 0.001086 0.064844 0.933518 0.000086
3 3 0.001082 0.000709 0.041060 0.957050 0.000099
3 3 0.002228 0.002544 0.063894 0.931125 0.000209
3 3 0.002032 0.001926 0.066630 0.929268 0.000143
3 3 0.001464 0.002345 0.088028 0.908004 0.000159
3 3 0.000911 0.000867 0.067533 0.930607 0.000082
3 3 0.000693 0.000751 0.053680 0.944827 0.000049
3 3 0.000862 0.001108 0.051780 0.946113 0.000137
3 3 0.001827 0.001817 0.045575 0.950606 0.000175
3 3 0.001376 0.001266 0.035328 0.961858 0.000172
3 3 0.003256 0.003258 0.076642 0.916505 0.000339
3 3 0.000844 0.000904 0.044708 0.953451 0.000092
3 3 0.000771 0.000741 0.039387 0.958973 0.000128
3 3 0.001295 0.002341 0.077691 0.918404 0.000268
3 3 0.001171 0.001401 0.035445 0.961788 0.000195
3 3 0.002297 0.002689 0.060882 0.933800 0.000333
3 3 0.003694 0.004745 0.101459 0.889412 0.000690
3 3 0.082326 0.027133 0.183989 0.700781 0.005772
3 3 0.106707 0.046474 0.200889 0.635151 0.010779
3 3 0.122926 0.052429 0.213297 0.594668 0.016680
3 3 0.180480 0.048572 0.259510 0.499412 0.012026
2 0 0.262487 0.173256 0.423992 0.124931 0.015335
2 2 0.056907 0.159316 0.724929 0.052350 0.006499
2 2 0.047479 0.167019 0.762168 0.018601 0.004733
2 2 0.045191 0.064907 0.803339 0.083035 0.003527
2 2 0.064004 0.132227 0.739505 0.058515 0.005748
2 2 0.057703 0.152481 0.748681 0.035003 0.006132
2 2 0.098995 0.436312 0.443572 0.001045 0.020076
2 2 0.089555 0.408430 0.482420 0.001372 0.018224
2 2 0.042985 0.171850 0.773904 0.004345 0.006916
2 2 0.093193 0.246235 0.648725 0.001361 0.010485
1 1 0.080265 0.490695 0.413378 0.000140 0.015522
1 4 0.157565 0.506902 0.259920 0.000075 0.075538
1 4 0.045503 0.554760 0.319629 0.000139 0.079969
1 4 0.067517 0.575001 0.225351 0.000008 0.132122
1 4 0.074560 0.548106 0.238516 0.000015 0.138804
1 4 0.212449 0.442845 0.188707 0.000142 0.155856
0 4 0.514014 0.129827 0.009115 0.000018 0.347026
0 4 0.720391 0.074597 0.003596 0.000015 0.201402
0 4 0.593272 0.131416 0.007420 0.000009 0.267883
0 4 0.651730 0.089085 0.007256 0.000066 0.251863
0 4 0.822328 0.064372 0.003134 0.000016 0.110151
4 4 0.086305 0.148715 0.005557 0.000000 0.759423
4 4 0.040342 0.385674 0.028697 0.000000 0.545287
4 4 0.029128 0.449356 0.026887 0.000000 0.494629
4 4 0.039318 0.311349 0.019306 0.000000 0.630028
4 4 0.045241 0.380415 0.024478 0.000000 0.549867
4 4 0.151931 0.273391 0.025286 0.000002 0.549390
4 4 0.443359 0.099114 0.004966 0.000008 0.452552
0 4 0.621762 0.075943 0.003156 0.000009 0.299129
4 4 0.214810 0.194779 0.015362 0.000004 0.575045
4 4 0.194277 0.273485 0.014567 0.000000 0.517671
1 4 0.113910 0.566370 0.043199 0.000000 0.276521
1 4 0.138186 0.525603 0.033911 0.000000 0.302300
1 4 0.106531 0.512687 0.033945 0.000000 0.346836
1 4 0.145448 0.640897 0.026073 0.000000 0.187582
0 4 0.824867 0.075175 0.001859 0.000001 0.098098
1 4 0.035965 0.621946 0.033336 0.000000 0.308753
1 4 0.029877 0.552118 0.039322 0.000000 0.378684
1 4 0.017507 0.547175 0.048680 0.000000 0.386639
1 4 0.028930 0.519335 0.041448 0.000000 0.410287
1 4 0.053902 0.533146 0.029955 0.000000 0.382997
4 4 0.139819 0.336855 0.011057 0.000000 0.512269
1 4 0.027153 0.489423 0.042212 0.000000 0.441211
4 4 0.144819 0.323237 0.016459 0.000000 0.515485
4 4 0.129356 0.263664 0.014787 0.000000 0.592192
4 4 0.147894 0.345360 0.017318 0.000000 0.489428
1 4 0.035306 0.607597 0.047863 0.000000 0.309234
4 4 0.231050 0.321644 0.015912 0.000000 0.431393
1 4 0.180049 0.453618 0.016901 0.000000 0.349432
1 4 0.134696 0.474858 0.020236 0.000000 0.370209
1 4 0.040147 0.619881 0.034908 0.000000 0.305063
4 4 0.068142 0.401603 0.017715 0.000000 0.512539
1 4 0.027945 0.496925 0.027081 0.000000 0.448049
4 4 0.068813 0.319925 0.012337 0.000000 0.598924
1 4 0.047396 0.483870 0.019221 0.000000 0.449513
4 4 0.050249 0.335750 0.014643 0.000000 0.599358
4 4 0.015854 0.474410 0.029087 0.000000 0.480648
4 4 0.034863 0.413811 0.013841 0.000000 0.537486
1 4 0.026677 0.479521 0.021354 0.000000 0.472449
1 4 0.020144 0.567675 0.027717 0.000000 0.384465
4 4 0.013134 0.419544 0.030586 0.000000 0.536736
1 4 0.148993 0.655699 0.103114 0.000001 0.092193
0 0 0.462045 0.374493 0.088293 0.000061 0.075109
0 0 0.578660 0.357188 0.035039 0.000003 0.029111
0 0 0.504507 0.424084 0.028602 0.000001 0.042806
1 0 0.324539 0.592440 0.039797 0.000000 0.043223
1 0 0.204622 0.683334 0.053167 0.000000 0.058877
1 0 0.182714 0.702572 0.060108 0.000000 0.054606
1 0 0.296921 0.606782 0.050498 0.000000 0.045799
1 0 0.289023 0.606996 0.044520 0.000000 0.059462
1 0 0.324590 0.590766 0.041281 0.000000 0.043362
0 0 0.607242 0.325450 0.044871 0.000008 0.022428
0 0 0.581366 0.367469 0.029913 0.000001 0.021250
1 0 0.452886 0.489628 0.025812 0.000000 0.031674
0 0 0.529873 0.422721 0.021737 0.000000 0.025669
0 0 0.558358 0.357519 0.055217 0.000011 0.028895
0 0 0.723549 0.241724 0.015362 0.000001 0.019363
0 0 0.690528 0.273861 0.014207 0.000000 0.021404
0 0 0.537176 0.417113 0.018039 0.000000 0.027672
1 0 0.335154 0.571743 0.046548 0.000000 0.046555
1 0 0.313681 0.602718 0.037112 0.000000 0.046490
0 0 0.714844 0.256787 0.013768 0.000000 0.014600
0 0 0.965979 0.022580 0.003030 0.000059 0.008351
0 0 0.967449 0.022559 0.002051 0.000029 0.007911
0 0 0.971673 0.021288 0.000706 0.000004 0.006328
0 0 0.952337 0.039292 0.001554 0.000003 0.006814
0 0 0.780465 0.181184 0.013603 0.000004 0.024745
1 0 0.309035 0.560259 0.066046 0.000001 0.064659
0 0 0.483082 0.435950 0.043961 0.000002 0.037006
0 0 0.781710 0.189069 0.012340 0.000002 0.016878
0 0 0.814515 0.152471 0.013256 0.000009 0.019749
1 0 0.425777 0.479370 0.027655 0.000000 0.067199
0 0 0.751560 0.217947 0.008077 0.000000 0.022416
0 0 0.619311 0.313727 0.018585 0.000001 0.048376
0 0 0.687225 0.268365 0.011602 0.000000 0.032808
0 0 0.963417 0.028036 0.001093 0.000005 0.007448
0 0 0.638704 0.266248 0.031349 0.000016 0.063683
0 0 0.878821 0.093529 0.005010 0.000005 0.022636
0 0 0.607125 0.317031 0.018966 0.000001 0.056876
1 0 0.418103 0.478818 0.030988 0.000000 0.072091
1 0 0.198984 0.587290 0.085743 0.000002 0.127981
0 0 0.478553 0.396771 0.044696 0.000005 0.079974
0 1 0.565645 0.295508 0.041362 0.000026 0.097459
0 1 0.505729 0.405834 0.032783 0.000001 0.055652
0 1 0.645815 0.278473 0.021264 0.000003 0.054444
1 1 0.190532 0.656803 0.061395 0.000000 0.091269
1 1 0.032215 0.746760 0.127612 0.000000 0.093412
1 1 0.044299 0.772256 0.095623 0.000000 0.087823
1 1 0.028487 0.694218 0.160463 0.000000 0.116832
1 1 0.022977 0.715421 0.161962 0.000000 0.099640
1 4 0.027879 0.737811 0.142646 0.000000 0.091664
1 4 0.013834 0.643443 0.177303 0.000000 0.165419
1 4 0.009010 0.562552 0.254674 0.000000 0.173764
1 4 0.007208 0.553156 0.275685 0.000000 0.163951
1 4 0.005808 0.511779 0.282332 0.000000 0.200081
1 4 0.007779 0.489762 0.353074 0.000002 0.149383
1 2 0.007774 0.471795 0.436125 0.000003 0.084304
2 2 0.005223 0.174899 0.755519 0.000023 0.064337
1 2 0.007933 0.504414 0.399497 0.000002 0.088154
2 2 0.003161 0.308493 0.634349 0.000004 0.053993
2 2 0.004415 0.383789 0.544719 0.000005 0.067072
2 2 0.006439 0.090176 0.891079 0.000283 0.012023
2 2 0.007846 0.184665 0.786236 0.000041 0.021211
2 2 0.011158 0.080069 0.894182 0.000197 0.014394
2 2 0.006266 0.138552 0.840905 0.000148 0.014130
2 2 0.006845 0.079658 0.899123 0.000162 0.014212
2 2 0.009336 0.220757 0.716907 0.000039 0.052961
2 2 0.011230 0.273474 0.660157 0.000068 0.055071
2 2 0.008093 0.143345 0.815072 0.000114 0.033376
2 2 0.039275 0.385801 0.477686 0.000094 0.097144
2 2 0.004834 0.141171 0.828356 0.000277 0.025363
2 2 0.003503 0.135539 0.846680 0.000255 0.014023
2 2 0.009288 0.071601 0.905519 0.000377 0.013215
2 2 0.002432 0.085171 0.901318 0.000982 0.010096
2 2 0.003972 0.073863 0.910286 0.000498 0.011380
2 2 0.004650 0.116874 0.866673 0.000191 0.011612
2 2 0.004526 0.108104 0.867461 0.000060 0.019849
2 2 0.005318 0.105281 0.865967 0.000140 0.023293
2 2 0.012831 0.286719 0.630732 0.000021 0.069698
2 2 0.071655 0.387513 0.450644 0.000104 0.090085
2 2 0.015945 0.364703 0.560533 0.000056 0.058763
2 2 0.003273 0.170012 0.805837 0.000266 0.020612
2 2 0.000614 0.061502 0.913686 0.000086 0.024112
2 2 0.000798 0.076147 0.909967 0.000606 0.012483
2 2 0.000607 0.098468 0.880946 0.000239 0.019740
2 2 0.001061 0.058807 0.925875 0.000159 0.014097
2 2 0.007963 0.116381 0.845120 0.000513 0.030024
2 2 0.045940 0.321540 0.560446 0.000154 0.071920
1 2 0.052956 0.535862 0.316951 0.000022 0.094209
1 2 0.039040 0.527279 0.314859 0.000013 0.118810
0 0 0.483422 0.282651 0.157374 0.001276 0.075276
0 0 0.945522 0.042970 0.002131 0.000007 0.009370
0 0 0.925005 0.063747 0.003151 0.000003 0.008095
0 0 0.747564 0.226360 0.017473 0.000002 0.008602
0 0 0.610189 0.344423 0.035397 0.000002 0.009989
0 0 0.844871 0.137493 0.008867 0.000002 0.008766
0 0 0.900495 0.081113 0.005706 0.000010 0.012675
0 0 0.804047 0.172939 0.013102 0.000003 0.009909
0 0 0.956956 0.028808 0.003210 0.000056 0.010969
0 0 0.874406 0.104092 0.008124 0.000010 0.013369
0 0 0.783591 0.193267 0.014245 0.000002 0.008895
1 0 0.139852 0.703990 0.091376 0.000000 0.064781
1 0 0.116785 0.700776 0.124178 0.000001 0.058260
1 1 0.267241 0.524542 0.126409 0.000015 0.081792
1 1 0.337875 0.579207 0.043607 0.000000 0.039311
1 1 0.103066 0.678952 0.129342 0.000001 0.088639
1 1 0.055486 0.628047 0.251980 0.000003 0.064484
1 1 0.036452 0.615088 0.269958 0.000002 0.078500
1 1 0.018666 0.579489 0.319595 0.000002 0.082248
1 2 0.041778 0.673941 0.201351 0.000001 0.082930
1 2 0.028063 0.634677 0.291320 0.000001 0.045939
1 2 0.026027 0.597428 0.342902 0.000002 0.033642
2 2 0.017711 0.372350 0.565632 0.000029 0.044278
1 2 0.011651 0.479695 0.467307 0.000004 0.041343
1 2 0.041509 0.534756 0.377341 0.000033 0.046362
2 4 0.017585 0.359243 0.578949 0.000023 0.044200
1 4 0.066026 0.552057 0.332658 0.000017 0.049242
1 4 0.055526 0.590847 0.312082 0.000006 0.041538
2 2 0.025681 0.451841 0.479991 0.000038 0.042449
1 2 0.073710 0.581737 0.295944 0.000011 0.048598
1 2 0.080905 0.634266 0.261549 0.000003 0.023277
2 2 0.116011 0.388488 0.483692 0.000133 0.011675
2 4 0.082849 0.307612 0.598406 0.000676 0.010457
2 4 0.029643 0.101135 0.863155 0.002479 0.003588
2 4 0.083313 0.224453 0.684788 0.000327 0.007119
2 2 0.031892 0.091658 0.870481 0.001683 0.004285
2 2 0.050360 0.198733 0.742852 0.001834 0.006221
2 2 0.018200 0.070338 0.906188 0.003077 0.002197
2 2 0.021810 0.110304 0.858556 0.006445 0.002885
2 2 0.020065 0.102207 0.870251 0.005111 0.002366
2 2 0.037609 0.092945 0.856126 0.009224 0.004097
2 2 0.022682 0.101224 0.868439 0.005203 0.002453
2 2 0.026753 0.097581 0.861063 0.011485 0.003118
2 2 0.024365 0.057878 0.902975 0.012586 0.002196
2 2 0.016557 0.152751 0.826255 0.002096 0.002340
2 2 0.019661 0.073871 0.891758 0.012703 0.002008
2 2 0.030851 0.157779 0.802009 0.003306 0.006055
2 2 0.019728 0.060351 0.912552 0.004676 0.002692
2 2 0.032178 0.096827 0.866304 0.001775 0.002916
2 2 0.137135 0.155570 0.685975 0.007776 0.013545
2 2 0.047982 0.247752 0.691842 0.003202 0.009222
2 2 0.148218 0.274656 0.546876 0.010772 0.019479
2 2 0.122001 0.162351 0.697208 0.008777 0.009663
2 2 0.094271 0.149640 0.720116 0.024033 0.011940
0 4 0.706070 0.156878 0.099424 0.002855 0.034774
0 0 0.438158 0.295394 0.227344 0.003517 0.035587
0 0 0.667957 0.177280 0.014138 0.000015 0.140611
0 0 0.536415 0.335759 0.017160 0.000001 0.110665
1 0 0.266736 0.583154 0.022921 0.000000 0.127188
1 1 0.067421 0.645972 0.078397 0.000000 0.208210
1 1 0.077738 0.657503 0.084644 0.000000 0.180116
1 1 0.027421 0.589919 0.288611 0.000002 0.094046
1 2 0.016889 0.506195 0.366707 0.000005 0.110204
1 2 0.021646 0.581605 0.288167 0.000002 0.108580
2 2 0.008792 0.306032 0.609512 0.000010 0.075654
2 2 0.033598 0.293178 0.600222 0.000090 0.072912
2 2 0.005294 0.099054 0.883299 0.001216 0.011137
2 2 0.002135 0.123028 0.859072 0.001362 0.014404
2 2 0.002606 0.072213 0.898116 0.002097 0.024969
2 2 0.003200 0.096447 0.872363 0.001889 0.026100
2 2 0.003317 0.094984 0.885070 0.000884 0.015745
2 2 0.000759 0.022281 0.959242 0.014424 0.003294
2 2 0.001869 0.034282 0.957481 0.002041 0.004326
2 2 0.001189 0.032811 0.956021 0.006078 0.003902
2 2 0.000849 0.027464 0.965560 0.002491 0.003636
2 2 0.001597 0.020998 0.951606 0.021461 0.004338
2 2 0.000866 0.035332 0.952869 0.000955 0.009978
2 2 0.000928 0.060086 0.928532 0.001744 0.008710
2 2 0.000536 0.042065 0.944437 0.001299 0.011664
2 2 0.000867 0.052484 0.936083 0.001774 0.008793
2 2 0.001456 0.034649 0.941765 0.011734 0.010396
2 2 0.052759 0.263910 0.671100 0.000539 0.011692
2 2 0.024311 0.114733 0.850504 0.004747 0.005705
2 2 0.007450 0.060959 0.923583 0.001916 0.006092
2 2 0.004456 0.070673 0.917519 0.001221 0.006131
2 2 0.006045 0.081556 0.905052 0.001193 0.006153
2 2 0.001822 0.031326 0.959845 0.004398 0.002609
2 2 0.005953 0.041498 0.937722 0.013170 0.001656
2 2 0.004203 0.046736 0.936729 0.007723 0.004609
2 2 0.005826 0.038787 0.915964 0.036671 0.002753
2 2 0.003825 0.089998 0.894762 0.006449 0.004966
2 2 0.003902 0.015440 0.959648 0.020283 0.000727
2 2 0.004128 0.049078 0.929438 0.015692 0.001664
2 2 0.004751 0.047646 0.917898 0.028480 0.001225
2 2 0.024464 0.028835 0.845486 0.099176 0.002039
2 2 0.007793 0.023723 0.941454 0.026313 0.000717
2 2 0.025833 0.065242 0.859461 0.043630 0.005835
2 2 0.004909 0.055890 0.929244 0.003424 0.006533
2 2 0.005227 0.097283 0.889628 0.001366 0.006495
2 2 0.003368 0.032026 0.953186 0.007680 0.003740
2 2 0.013540 0.082929 0.877092 0.018630 0.007809
2 2 0.001025 0.020502 0.968747 0.008262 0.001465
2 2 0.001488 0.035064 0.951089 0.010380 0.001980
2 2 0.004267 0.028604 0.946272 0.018634 0.002222
2 2 0.001882 0.020888 0.953850 0.021479 0.001901
2 2 0.001138 0.038471 0.939070 0.019586 0.001735
2 2 0.001484 0.024205 0.957134 0.014861 0.002317
2 2 0.001721 0.017949 0.916445 0.061862 0.002023
2 2 0.011711 0.030877 0.866518 0.088643 0.002250
2 2 0.013147 0.059768 0.864447 0.058827 0.003812
2 2 0.001790 0.025639 0.930149 0.038111 0.004310
2 2 0.005525 0.025218 0.924519 0.040891 0.003847
2 2 0.001332 0.023633 0.950247 0.023034 0.001754
2 2 0.002697 0.027609 0.950858 0.013560 0.005276
2 2 0.001731 0.036787 0.927280 0.029204 0.004998
2 2 0.002510 0.032059 0.942182 0.019417 0.003832
2 2 0.002270 0.068503 0.919855 0.001423 0.007950
2 2 0.004358 0.045574 0.931223 0.006966 0.011878
2 2 0.004769 0.052431 0.930758 0.003964 0.008077
2 2 0.003806 0.052361 0.927477 0.004682 0.011674
2 2 0.008222 0.115797 0.867985 0.001389 0.006608
2 2 0.010961 0.086746 0.890829 0.002538 0.008926
2 2 0.016062 0.091639 0.883015 0.001330 0.007955
2 2 0.051045 0.229492 0.709136 0.000681 0.009646
2 2 0.016206 0.161657 0.813590 0.000772 0.007775
2 2 0.017408 0.093005 0.871820 0.003951 0.013816
2 2 0.024446 0.356562 0.590552 0.000085 0.028355
1 2 0.051052 0.548324 0.371321 0.000011 0.029292
2 2 0.008609 0.090054 0.891725 0.000194 0.009418
2 2 0.014999 0.146886 0.822876 0.000135 0.015104
1 2 0.045795 0.492947 0.431931 0.000026 0.029301
2 2 0.016600 0.393724 0.544043 0.000023 0.045611
2 2 0.021693 0.441605 0.487398 0.000026 0.049278
2 2 0.007149 0.109266 0.869915 0.001018 0.012652
2 2 0.004185 0.069857 0.914731 0.001865 0.009362
2 2 0.007268 0.179204 0.792036 0.000058 0.021434
2 2 0.011335 0.101299 0.870917 0.001178 0.015271
2 2 0.011524 0.116484 0.860512 0.000487 0.010992
2 2 0.223996 0.268410 0.471057 0.001509 0.035028
1 2 0.075217 0.505951 0.395404 0.000075 0.023353
2 2 0.095200 0.360453 0.526243 0.000350 0.017754
1 2 0.137536 0.495048 0.346336 0.000098 0.020982
1 2 0.126701 0.443235 0.398271 0.000075 0.031717
1 2 0.189960 0.546435 0.238921 0.000025 0.024659
1 2 0.322765 0.507623 0.150578 0.000016 0.019018
0 0 0.727719 0.129834 0.107044 0.001569 0.033834
0 0 0.363460 0.341859 0.026206 0.000002 0.268472
1 0 0.062602 0.666618 0.056110 0.000000 0.214670
1 1 0.038424 0.649460 0.081691 0.000000 0.230425
1 1 0.039838 0.726022 0.066943 0.000000 0.167197
1 1 0.084231 0.692665 0.041002 0.000000 0.182102
1 1 0.017426 0.642770 0.061068 0.000000 0.278736
1 2 0.015477 0.663387 0.081133 0.000000 0.240002
1 2 0.008729 0.669168 0.088638 0.000000 0.233465
1 2 0.010227 0.549371 0.098144 0.000000 0.342258
1 2 0.009839 0.645582 0.077772 0.000000 0.266806
1 2 0.122910 0.593359 0.090299 0.000001 0.193431
1 2 0.121440 0.545081 0.131955 0.000006 0.201517
1 2 0.272257 0.492930 0.045695 0.000001 0.189116
0 2 0.685565 0.211296 0.015529 0.000006 0.087603
1 0 0.256549 0.590922 0.042802 0.000000 0.109727
1 0 0.237828 0.601724 0.046994 0.000000 0.113454
0 0 0.880858 0.087383 0.004903 0.000007 0.026850
0 0 0.791012 0.141821 0.007082 0.000003 0.060082
1 0 0.305643 0.525037 0.046278 0.000001 0.123041
1 0 0.247353 0.572797 0.037532 0.000000 0.142318
4 0 0.015780 0.298358 0.015891 0.000000 0.669971
4 0 0.014126 0.327136 0.025255 0.000000 0.633483
4 1 0.012359 0.321626 0.028061 0.000000 0.637954
4 1 0.020703 0.253385 0.021605 0.000000 0.704308
4 1 0.018457 0.225756 0.014231 0.000000 0.741557
4 4 0.088633 0.351651 0.059455 0.000004 0.500256
4 4 0.332179 0.226549 0.026196 0.000021 0.415056
4 4 0.341659 0.184689 0.011528 0.000004 0.462120
0 4 0.680830 0.091732 0.009094 0.000121 0.218224
0 4 0.675623 0.084027 0.005702 0.000039 0.234609
4 4 0.162102 0.217667 0.011910 0.000001 0.608320
4 4 0.101592 0.289399 0.018366 0.000000 0.590643
4 4 0.070323 0.405901 0.025054 0.000000 0.498721
4 4 0.034277 0.350408 0.031651 0.000000 0.583664
4 4 0.056855 0.349536 0.042391 0.000001 0.551217
4 4 0.097561 0.335579 0.025816 0.000000 0.541043
4 4 0.036706 0.400264 0.025070 0.000000 0.537960
4 4 0.016839 0.405073 0.057332 0.000000 0.520756
4 4 0.036255 0.375917 0.024519 0.000000 0.563309
4 4 0.033247 0.411317 0.029066 0.000000 0.526370
4 4 0.058042 0.252190 0.023091 0.000000 0.666676
4 4 0.046111 0.417713 0.038446 0.000000 0.497729
4 4 0.011944 0.324322 0.054766 0.000000 0.608967
4 4 0.021383 0.309003 0.052111 0.000000 0.617503
4 4 0.036936 0.231789 0.024174 0.000000 0.707100
4 4 0.058842 0.301808 0.009266 0.000000 0.630084
