0 0 0.987516 0.003409 0.000050 0.000000 0.009024
0 0 0.971216 0.007076 0.000075 0.000000 0.021634
0 0 0.989483 0.003833 0.000149 0.000001 0.006535
0 0 0.986416 0.005124 0.000225 0.000001 0.008234
0 0 0.988952 0.005019 0.000511 0.000010 0.005508
0 0 0.992479 0.003172 0.000224 0.000002 0.004122
0 0 0.990432 0.004234 0.000376 0.000006 0.004952
0 0 0.986470 0.005639 0.000373 0.000004 0.007514
0 0 0.991102 0.003879 0.000320 0.000004 0.004695
0 0 0.991978 0.003576 0.000331 0.000005 0.004110
0 0 0.984397 0.005937 0.000269 0.000002 0.009396
0 0 0.990151 0.004895 0.001023 0.000058 0.003873
0 0 0.978889 0.009059 0.000679 0.000009 0.011365
0 0 0.981845 0.006337 0.000208 0.000001 0.011609
0 0 0.969517 0.008113 0.000109 0.000000 0.022261
0 0 0.982883 0.006590 0.000312 0.000002 0.010213
0 0 0.983436 0.005681 0.000175 0.000001 0.010707
0 0 0.985871 0.005489 0.000270 0.000002 0.008367
0 0 0.985434 0.006151 0.000431 0.000005 0.007979
0 0 0.961211 0.010384 0.000141 0.000000 0.028263
0 0 0.976821 0.007869 0.000233 0.000001 0.015076
0 0 0.851979 0.028003 0.000058 0.000000 0.119961
0 0 0.971776 0.007631 0.000107 0.000000 0.020486
0 0 0.985026 0.006006 0.000336 0.000003 0.008629
0 0 0.990834 0.002626 0.000045 0.000000 0.006494
0 0 0.990061 0.002929 0.000055 0.000000 0.006954
0 0 0.990731 0.002941 0.000070 0.000000 0.006257
0 0 0.990949 0.002439 0.000035 0.000000 0.006578
0 0 0.985308 0.003405 0.000031 0.000000 0.011256
0 0 0.975138 0.006754 0.000097 0.000000 0.018011
0 0 0.969240 0.010980 0.000386 0.000002 0.019391
0 0 0.807528 0.047613 0.000407 0.000000 0.144452
0 0 0.681502 0.202849 0.003205 0.000000 0.112444
0 0 0.932393 0.033809 0.000921 0.000000 0.032877
0 0 0.842632 0.057985 0.000879 0.000000 0.098504
0 0 0.968033 0.010860 0.000320 0.000001 0.020786
0 0 0.978911 0.009014 0.000663 0.000008 0.011404
0 0 0.787678 0.068813 0.001656 0.000005 0.141847
0 0 0.889087 0.044320 0.000954 0.000001 0.065638
0 0 0.959569 0.014865 0.000522 0.000002 0.025043
0 0 0.966385 0.014217 0.000962 0.000011 0.018425
0 0 0.854176 0.034951 0.000333 0.000000 0.110541
0 0 0.971082 0.012408 0.000923 0.000012 0.015574
0 0 0.951094 0.018195 0.000739 0.000004 0.029969
0 0 0.980934 0.007442 0.000371 0.000003 0.011250
0 0 0.939713 0.036875 0.003589 0.000010 0.019813
0 0 0.759853 0.152852 0.003361 0.000000 0.083933
0 0 0.961341 0.014526 0.000615 0.000004 0.023514
0 0 0.927652 0.039193 0.001824 0.000002 0.031329
0 0 0.958626 0.021391 0.000902 0.000001 0.019081
0 0 0.811715 0.084257 0.003205 0.000007 0.100815
0 0 0.861944 0.049243 0.001672 0.000008 0.087133
0 0 0.878298 0.061376 0.003162 0.000008 0.057157
0 0 0.935710 0.027317 0.001907 0.000025 0.035040
0 0 0.881629 0.059174 0.002570 0.000004 0.056622
0 0 0.953858 0.021818 0.001446 0.000009 0.022869
0 0 0.919790 0.041025 0.002593 0.000009 0.036583
0 0 0.835870 0.088551 0.003632 0.000003 0.071944
0 0 0.827374 0.117597 0.005972 0.000001 0.049057
0 1 0.780543 0.163018 0.005540 0.000000 0.050899
1 1 0.330307 0.540119 0.055590 0.000005 0.073979
1 0 0.214464 0.554164 0.116704 0.000299 0.114368
0 1 0.743851 0.176551 0.040147 0.000116 0.039335
1 1 0.295743 0.559087 0.069484 0.000011 0.075675
0 1 0.461726 0.442482 0.023561 0.000001 0.072231
0 0 0.658923 0.255728 0.022522 0.000006 0.062820
0 0 0.967853 0.014681 0.001311 0.000020 0.016134
0 0 0.942923 0.027021 0.001163 0.000002 0.028891
0 0 0.872694 0.077700 0.003371 0.000001 0.046234
0 0 0.886511 0.072156 0.003034 0.000001 0.038298
0 0 0.878739 0.070414 0.002371 0.000001 0.048475
0 0 0.953304 0.027984 0.001268 0.000001 0.017444
0 0 0.941408 0.025802 0.001926 0.000025 0.030840
0 0 0.929034 0.026644 0.001111 0.000007 0.043205
0 0 0.913870 0.035042 0.002007 0.000020 0.049060
0 0 0.977017 0.008620 0.000366 0.000002 0.013995
0 0 0.977900 0.008612 0.000425 0.000003 0.013060
0 0 0.978658 0.008138 0.000369 0.000002 0.012832
0 0 0.981382 0.008091 0.000646 0.000009 0.009871
0 0 0.933096 0.013524 0.000081 0.000000 0.053299
0 0 0.981631 0.008202 0.000222 0.000000 0.009945
0 0 0.976103 0.010009 0.000669 0.000007 0.013211
0 0 0.978702 0.009810 0.001063 0.000024 0.010401
0 0 0.970196 0.011987 0.000670 0.000006 0.017141
0 0 0.963079 0.012270 0.000334 0.000001 0.024316
0 0 0.916501 0.048406 0.003528 0.000008 0.031557
0 0 0.897367 0.059158 0.003935 0.000007 0.039533
0 0 0.917292 0.042602 0.003426 0.000022 0.036658
0 0 0.875728 0.075774 0.004593 0.000005 0.043901
0 0 0.885258 0.063024 0.004172 0.000011 0.047535
0 0 0.918482 0.033425 0.001982 0.000021 0.046090
0 0 0.930203 0.027764 0.001455 0.000013 0.040565
0 0 0.896027 0.041465 0.001923 0.000013 0.060573
0 0 0.895139 0.040300 0.001823 0.000013 0.062724
0 0 0.956715 0.023099 0.004660 0.000177 0.015350
0 0 0.980112 0.009369 0.001170 0.000033 0.009316
0 0 0.966378 0.014549 0.001123 0.000016 0.017935
0 0 0.926660 0.043425 0.001341 0.000000 0.028574
0 0 0.931816 0.046410 0.002490 0.000001 0.019284
0 0 0.913304 0.043091 0.001856 0.000003 0.041745
0 0 0.860106 0.101523 0.007574 0.000002 0.030794
0 0 0.789782 0.148073 0.010175 0.000004 0.051967
0 0 0.847529 0.108611 0.008810 0.000004 0.035046
0 0 0.706435 0.225926 0.014915 0.000002 0.052722
0 0 0.785807 0.154933 0.011513 0.000004 0.047744
0 0 0.789108 0.107209 0.000847 0.000000 0.102836
0 0 0.938409 0.034677 0.000920 0.000000 0.025994
0 0 0.985589 0.005775 0.000323 0.000003 0.008311
0 0 0.972494 0.012735 0.001414 0.000035 0.013322
0 0 0.974762 0.011570 0.001215 0.000027 0.012426
0 0 0.976310 0.009553 0.000542 0.000005 0.013591
0 0 0.960583 0.016011 0.000486 0.000001 0.022919
0 0 0.982095 0.007136 0.000388 0.000003 0.010378
0 0 0.982577 0.007348 0.000510 0.000006 0.009559
0 0 0.958495 0.011807 0.000193 0.000000 0.029505
0 0 0.907243 0.038706 0.002470 0.000030 0.051552
0 0 0.885568 0.073262 0.005623 0.000006 0.035541
0 0 0.901035 0.047459 0.003140 0.000020 0.048345
0 0 0.868619 0.068330 0.003788 0.000009 0.059254
0 0 0.888714 0.051970 0.003007 0.000016 0.056294
0 0 0.871353 0.080256 0.006188 0.000009 0.042194
0 0 0.862869 0.059626 0.002500 0.000008 0.074996
0 0 0.760217 0.136328 0.005080 0.000003 0.098373
0 1 0.472451 0.375268 0.019232 0.000004 0.133045
0 1 0.497296 0.440702 0.018470 0.000000 0.043532
1 0 0.046236 0.493778 0.226194 0.000001 0.233791
1 1 0.238540 0.603108 0.047496 0.000000 0.110856
1 2 0.073426 0.590987 0.138116 0.000000 0.197472
1 2 0.040220 0.465166 0.188135 0.000000 0.306479
1 2 0.021624 0.382258 0.242688 0.000000 0.353430
1 2 0.162982 0.494651 0.140137 0.002696 0.199534
1 0 0.276674 0.541719 0.070361 0.000016 0.111230
0 0 0.956622 0.027349 0.003816 0.000016 0.012197
0 0 0.907009 0.038758 0.001827 0.000010 0.052397
0 0 0.871822 0.065800 0.002232 0.000002 0.060145
0 4 0.538099 0.359685 0.013309 0.000000 0.088907
1 4 0.122349 0.612154 0.147014 0.000001 0.118482
1 4 0.111079 0.588496 0.156434 0.000002 0.143989
1 4 0.060841 0.514536 0.231299 0.000009 0.193314
1 2 0.054160 0.460915 0.289940 0.000530 0.194454
2 2 0.014326 0.366423 0.597788 0.000074 0.021389
2 2 0.008160 0.257605 0.700902 0.002329 0.031004
2 2 0.000681 0.085344 0.902402 0.000457 0.011116
2 2 0.004912 0.217059 0.758652 0.000901 0.018476
2 2 0.010688 0.296056 0.659654 0.001708 0.031894
2 2 0.000666 0.088643 0.899038 0.000237 0.011416
2 2 0.001539 0.129852 0.850245 0.000460 0.017903
2 2 0.001190 0.113124 0.863316 0.000541 0.021828
2 2 0.000447 0.078255 0.907362 0.000086 0.013851
2 2 0.002596 0.139628 0.797391 0.006229 0.054157
2 2 0.002327 0.137231 0.825223 0.003832 0.031386
2 2 0.011338 0.286326 0.671547 0.002763 0.028025
2 2 0.002501 0.131159 0.810591 0.011172 0.044576
2 2 0.006907 0.212807 0.721861 0.011761 0.046664
2 2 0.001471 0.102053 0.832800 0.009202 0.054474
2 2 0.003723 0.152164 0.780716 0.019922 0.043475
2 2 0.006477 0.183210 0.686720 0.043914 0.079679
2 2 0.006013 0.165486 0.680067 0.064950 0.083484
1 2 0.197250 0.506256 0.260013 0.000365 0.036116
1 2 0.072561 0.541332 0.346744 0.001029 0.038333
2 2 0.040168 0.461818 0.473731 0.001749 0.022534
2 2 0.005104 0.148696 0.820706 0.018485 0.007009
2 2 0.008957 0.242167 0.732637 0.006269 0.009970
2 2 0.007369 0.204799 0.747516 0.025494 0.014821
2 2 0.009464 0.239645 0.722629 0.014837 0.013425
2 2 0.015883 0.107980 0.690112 0.172770 0.013255
2 2 0.009976 0.077552 0.780933 0.125394 0.006145
2 2 0.021484 0.139487 0.688054 0.134670 0.016305
2 2 0.012376 0.118464 0.605166 0.240148 0.023846
2 3 0.004788 0.038354 0.666570 0.281832 0.008457
2 0 0.042116 0.171610 0.379853 0.117574 0.288847
1 0 0.323289 0.449901 0.081408 0.000464 0.144938
0 0 0.698507 0.192067 0.019708 0.000054 0.089664
0 1 0.764997 0.161492 0.030153 0.000085 0.043273
1 1 0.283164 0.556178 0.075234 0.000022 0.085402
1 1 0.101565 0.621413 0.244537 0.000022 0.032462
1 1 0.119982 0.635863 0.211235 0.000013 0.032907
1 1 0.046594 0.502775 0.396576 0.000275 0.053781
1 2 0.039371 0.446001 0.441106 0.002977 0.070545
2 2 0.013626 0.318107 0.602709 0.001757 0.063801
2 2 0.000146 0.045846 0.950033 0.000032 0.003944
2 2 0.001658 0.150729 0.840672 0.000078 0.006864
2 2 0.000389 0.079408 0.915569 0.000020 0.004613
2 2 0.001028 0.119745 0.871437 0.000072 0.007718
2 2 0.000228 0.058895 0.937105 0.000025 0.003747
2 2 0.001185 0.088577 0.886637 0.011541 0.012059
2 2 0.002907 0.142560 0.828460 0.009045 0.017028
2 2 0.004415 0.173922 0.795376 0.009572 0.016716
2 2 0.005221 0.181706 0.770562 0.016325 0.026185
2 2 0.004859 0.170224 0.764767 0.024244 0.035906
2 2 0.001494 0.069998 0.858145 0.063950 0.006413
2 2 0.003443 0.132289 0.789052 0.056194 0.019022
2 2 0.001539 0.049303 0.848880 0.091591 0.008687
2 3 0.002650 0.044805 0.848697 0.096946 0.006901
2 3 0.001562 0.044316 0.781266 0.163079 0.009777
2 3 0.003822 0.038269 0.685336 0.266253 0.006320
2 3 0.006233 0.049315 0.553407 0.380960 0.010085
2 3 0.002779 0.029613 0.529087 0.430469 0.008051
2 3 0.004873 0.049759 0.569275 0.365357 0.010737
2 3 0.004753 0.044245 0.590815 0.349930 0.010256
3 3 0.002236 0.017623 0.405548 0.568476 0.006117
2 3 0.004883 0.127829 0.612499 0.220454 0.034336
2 3 0.006268 0.081264 0.640747 0.256837 0.014885
2 3 0.004219 0.058467 0.653235 0.271104 0.012974
2 3 0.004667 0.109600 0.709585 0.157721 0.018427
3 3 0.001503 0.012508 0.482961 0.500236 0.002792
3 3 0.004211 0.033231 0.454576 0.500430 0.007552
3 3 0.001169 0.011657 0.463448 0.521352 0.002374
3 3 0.003483 0.021218 0.414984 0.556052 0.004263
2 3 0.001947 0.016846 0.496857 0.480353 0.003997
3 3 0.000832 0.005205 0.186189 0.806121 0.001653
3 3 0.000894 0.004710 0.190570 0.802509 0.001317
3 3 0.000561 0.003224 0.222248 0.773320 0.000647
3 3 0.000249 0.001459 0.140040 0.857893 0.000359
3 3 0.002006 0.009522 0.264526 0.721609 0.002337
3 3 0.001282 0.006295 0.176754 0.813524 0.002146
3 3 0.002287 0.013919 0.275460 0.704193 0.004142
3 3 0.001381 0.009255 0.206939 0.778369 0.004055
2 2 0.013683 0.076144 0.551592 0.344027 0.014553
2 2 0.012715 0.110410 0.687555 0.174378 0.014942
2 3 0.009208 0.114167 0.680065 0.178048 0.018513
2 3 0.009317 0.131381 0.634536 0.198290 0.026476
2 3 0.009973 0.167187 0.701548 0.098179 0.023112
2 3 0.011081 0.189438 0.606655 0.150428 0.042399
2 3 0.011150 0.183462 0.619625 0.147199 0.038564
3 3 0.002012 0.018333 0.447800 0.527572 0.004283
2 3 0.003148 0.031688 0.508743 0.450100 0.006321
3 3 0.002747 0.023511 0.409475 0.556632 0.007635
3 3 0.001801 0.012707 0.451965 0.530572 0.002954
3 3 0.001941 0.014335 0.385459 0.594809 0.003456
3 3 0.003596 0.017768 0.274634 0.698483 0.005518
3 3 0.002588 0.015024 0.219971 0.756353 0.006063
3 3 0.004152 0.025135 0.326543 0.636524 0.007646
3 3 0.004040 0.020206 0.244937 0.723104 0.007713
3 3 0.000929 0.005233 0.148491 0.843237 0.002111
3 3 0.000359 0.002151 0.107079 0.889544 0.000867
3 3 0.000588 0.003051 0.092908 0.901837 0.001616
3 3 0.000570 0.002999 0.126810 0.868513 0.001109
3 3 0.000166 0.000846 0.093417 0.905323 0.000248
3 3 0.001447 0.007910 0.155338 0.831702 0.003603
3 3 0.000591 0.002573 0.110136 0.885716 0.000984
3 3 0.001833 0.005888 0.110001 0.879311 0.002967
3 3 0.003439 0.013559 0.204931 0.773021 0.005050
3 3 0.004731 0.020625 0.225140 0.741053 0.008452
3 3 0.001221 0.004994 0.085456 0.904965 0.003363
3 3 0.000498 0.002445 0.088639 0.907203 0.001215
3 3 0.000654 0.002620 0.080255 0.915063 0.001408
3 3 0.000238 0.001235 0.058105 0.939685 0.000736
3 3 0.000566 0.001778 0.065753 0.930975 0.000928
3 3 0.000809 0.003633 0.111784 0.882163 0.001611
3 3 0.000257 0.000852 0.052146 0.946325 0.000420
3 3 0.000312 0.001091 0.064993 0.933125 0.000479
3 3 0.000577 0.002662 0.114639 0.881117 0.001006
3 3 0.000731 0.002744 0.116943 0.878620 0.000961
3 3 0.000384 0.001255 0.053042 0.944599 0.000720
3 3 0.001221 0.002592 0.064989 0.929763 0.001435
3 3 0.000853 0.003269 0.071875 0.921836 0.002166
3 3 0.000162 0.000466 0.026964 0.972063 0.000345
3 3 0.000225 0.000640 0.033940 0.964774 0.000422
3 3 0.001563 0.005078 0.095711 0.894831 0.002817
3 3 0.000965 0.003169 0.082510 0.911667 0.001688
3 3 0.000650 0.002464 0.068677 0.926702 0.001507
3 3 0.000294 0.001525 0.074769 0.922656 0.000756
3 3 0.000293 0.001006 0.051872 0.946285 0.000543
3 3 0.000617 0.002710 0.082108 0.913080 0.001485
3 3 0.001888 0.005784 0.089685 0.899051 0.003593
3 3 0.001043 0.003863 0.072548 0.919845 0.002701
3 2 0.001810 0.007646 0.099453 0.885798 0.005294
2 2 0.024187 0.105344 0.576138 0.274979 0.019351
1 2 0.214365 0.398595 0.357068 0.002173 0.027799
1 3 0.048766 0.473129 0.437384 0.004713 0.036007
2 2 0.006635 0.196673 0.719168 0.024753 0.052771
2 2 0.029554 0.422255 0.503193 0.001615 0.043383
2 2 0.031482 0.426880 0.462372 0.001313 0.077953
2 2 0.024711 0.408672 0.503078 0.000604 0.062935
2 2 0.004378 0.209197 0.738823 0.000753 0.046848
2 2 0.004473 0.221521 0.727874 0.000379 0.045752
2 2 0.008343 0.276041 0.677527 0.000851 0.037238
2 2 0.008137 0.271103 0.675744 0.001056 0.043959
2 4 0.007639 0.256766 0.650635 0.001326 0.083633
4 4 0.023198 0.257803 0.067614 0.000000 0.651385
4 4 0.012746 0.222543 0.099210 0.000000 0.665500
4 4 0.006372 0.155631 0.102060 0.000000 0.735937
4 4 0.014196 0.251886 0.137168 0.000000 0.596751
4 2 0.015461 0.215200 0.073786 0.000000 0.695553
4 0 0.014953 0.185365 0.046937 0.000000 0.752745
4 0 0.044276 0.282581 0.050817 0.000000 0.622325
4 4 0.036271 0.213290 0.033020 0.000000 0.717419
4 4 0.016631 0.150962 0.031148 0.000000 0.801258
4 4 0.016742 0.155544 0.034392 0.000000 0.793323
4 4 0.061980 0.191936 0.013834 0.000000 0.732250
4 4 0.044873 0.256687 0.034064 0.000000 0.664375
4 4 0.024779 0.190130 0.031679 0.000000 0.753412
4 4 0.017923 0.170394 0.038953 0.000000 0.772729
4 0 0.045202 0.150852 0.009931 0.000000 0.794015
1 0 0.335120 0.526758 0.042595 0.000000 0.095527
1 1 0.249023 0.587309 0.066678 0.000000 0.096990
1 1 0.054561 0.443010 0.198701 0.000018 0.303708
1 1 0.019917 0.347538 0.309942 0.000018 0.322586
1 2 0.019938 0.362791 0.289013 0.000003 0.328255
2 2 0.006130 0.270805 0.658252 0.000044 0.064769
2 2 0.001924 0.194268 0.749921 0.000001 0.053885
2 2 0.003292 0.223109 0.703303 0.000009 0.070287
2 2 0.001251 0.142935 0.797373 0.000025 0.058416
2 2 0.002179 0.206811 0.718693 0.000001 0.072316
2 2 0.005734 0.286629 0.612063 0.000003 0.095571
2 2 0.003559 0.237517 0.694416 0.000004 0.064504
2 2 0.007949 0.330397 0.590461 0.000002 0.071190
2 2 0.005118 0.283530 0.631921 0.000001 0.079429
2 2 0.010093 0.403065 0.522123 0.000000 0.064719
1 -1 0.064842 0.459903 0.273490 0.002024 0.199741
1 1 0.088542 0.549180 0.256585 0.000320 0.105373
1 0 0.254502 0.616376 0.087852 0.000003 0.041267
1 0 0.291353 0.556509 0.071433 0.000015 0.080689
0 0 0.475451 0.370856 0.087299 0.000170 0.066225
1 0 0.362278 0.506273 0.044944 0.000005 0.086500
1 1 0.259740 0.624211 0.082786 0.000001 0.033261
1 1 0.145063 0.648216 0.180732 0.000009 0.025981
1 2 0.072530 0.550389 0.324666 0.000381 0.052035
1 0 0.097941 0.575142 0.279248 0.000562 0.047108
1 0 0.279410 0.577105 0.077141 0.000009 0.066335
0 0 0.687220 0.216482 0.028311 0.000049 0.067938
0 1 0.493742 0.418130 0.018973 0.000000 0.069153
1 1 0.301154 0.587257 0.065580 0.000002 0.046008
1 2 0.243149 0.569400 0.097821 0.000062 0.089568
2 1 0.017637 0.390821 0.586466 0.000051 0.005025
2 1 0.014541 0.357679 0.621372 0.000109 0.006299
2 2 0.008936 0.282185 0.705344 0.000355 0.003180
2 2 0.003308 0.209789 0.783890 0.000019 0.002993
2 0 0.004882 0.233582 0.756902 0.000051 0.004582
0 0 0.893524 0.056174 0.005939 0.000068 0.044296
0 0 0.795998 0.144520 0.004908 0.000000 0.054574
0 0 0.487778 0.372246 0.017723 0.000002 0.122251
0 0 0.883945 0.046844 0.002577 0.000026 0.066608
0 0 0.931763 0.029282 0.002137 0.000031 0.036787
0 0 0.620241 0.262386 0.016174 0.000006 0.101192
0 0 0.662516 0.237117 0.015500 0.000006 0.084861
1 0 0.457819 0.473013 0.024054 0.000000 0.045114
1 0 0.310350 0.576012 0.062372 0.000002 0.051264
1 0 0.286751 0.522887 0.071314 0.000068 0.118981
1 1 0.124441 0.651261 0.204395 0.000006 0.019898
1 1 0.045805 0.547686 0.377355 0.000012 0.029143
2 1 0.018157 0.421281 0.530988 0.000012 0.029562
2 2 0.015216 0.379949 0.571829 0.000048 0.032958
2 2 0.004848 0.243813 0.719895 0.000059 0.031386
2 2 0.000401 0.087638 0.907307 0.000005 0.004650
2 1 0.001496 0.148574 0.844013 0.000033 0.005884
2 2 0.004750 0.241473 0.744836 0.000046 0.008895
2 2 0.000818 0.099108 0.894769 0.000174 0.005131
2 1 0.000672 0.105833 0.889237 0.000018 0.004241
2 1 0.002066 0.151916 0.832637 0.000368 0.013013
2 1 0.001403 0.135018 0.854237 0.000087 0.009255
1 1 0.033706 0.488960 0.471224 0.000029 0.006082
2 1 0.002857 0.184020 0.805941 0.000194 0.006988
2 2 0.002429 0.165784 0.822948 0.000256 0.008584
2 2 0.000693 0.119312 0.873920 0.000002 0.006073
2 2 0.001124 0.145449 0.845567 0.000003 0.007858
2 2 0.001027 0.124808 0.869381 0.000036 0.004748
2 2 0.000115 0.043777 0.948889 0.000013 0.007206
2 2 0.000258 0.058763 0.928119 0.000087 0.012773
1 2 0.044010 0.393706 0.291906 0.002698 0.267679
1 0 0.047703 0.439125 0.313094 0.001038 0.199041
1 0 0.131042 0.566425 0.207940 0.000835 0.093759
0 0 0.523492 0.375724 0.040282 0.000006 0.060495
1 0 0.399379 0.487762 0.035510 0.000002 0.077347
1 1 0.399692 0.498433 0.035569 0.000001 0.066305
1 1 0.296818 0.589033 0.067512 0.000002 0.046636
1 1 0.298199 0.590524 0.066649 0.000001 0.044627
1 2 0.170413 0.610637 0.160716 0.000083 0.058151
1 0 0.071429 0.594807 0.293442 0.000013 0.040309
1 1 0.401281 0.519383 0.034609 0.000000 0.044727
1 0 0.168186 0.626836 0.160476 0.000032 0.044471
1 1 0.359098 0.442444 0.142347 0.000258 0.055853
1 1 0.271630 0.591854 0.080540 0.000006 0.055971
1 2 0.136098 0.562561 0.244273 0.000621 0.056448
1 2 0.128299 0.552062 0.290756 0.000185 0.028699
2 2 0.049427 0.421844 0.494842 0.004195 0.029692
1 2 0.083707 0.540613 0.317352 0.002226 0.056101
1 1 0.106914 0.606518 0.252934 0.000103 0.033531
1 2 0.095187 0.574821 0.285064 0.000514 0.044413
1 1 0.104612 0.518512 0.321861 0.001661 0.053354
1 2 0.105911 0.572570 0.263261 0.000816 0.057442
1 2 0.171170 0.479403 0.293975 0.002026 0.053427
2 0 0.333248 0.246602 0.394115 0.007901 0.018134
1 0 0.270595 0.558971 0.117850 0.000029 0.052555
1 0 0.367291 0.515234 0.043806 0.000003 0.073666
1 0 0.360985 0.526761 0.045641 0.000002 0.066611
0 0 0.650127 0.239000 0.012720 0.000004 0.098150
1 0 0.418806 0.492708 0.031364 0.000000 0.057122
1 1 0.330527 0.547080 0.055488 0.000004 0.066901
2 2 0.017208 0.378928 0.585421 0.000180 0.018262
2 2 0.006396 0.233188 0.732407 0.001963 0.026046
2 2 0.008260 0.288324 0.680175 0.000214 0.023027
2 2 0.001460 0.125752 0.849851 0.000521 0.022415
2 1 0.019442 0.397231 0.562327 0.000156 0.020845
2 1 0.004034 0.222726 0.753074 0.000087 0.020080
2 1 0.002556 0.185485 0.791463 0.000076 0.020420
2 2 0.003863 0.221388 0.745497 0.000076 0.029176
2 2 0.002897 0.193418 0.779258 0.000065 0.024362
2 1 0.004804 0.236568 0.735590 0.000133 0.022906
2 1 0.002636 0.175819 0.786500 0.000135 0.034909
2 1 0.008449 0.284560 0.669924 0.000419 0.036647
2 1 0.001005 0.111616 0.862888 0.000182 0.024309
1 1 0.048734 0.590035 0.340983 0.000001 0.020247
2 1 0.006339 0.245862 0.720734 0.000516 0.026548
2 1 0.004517 0.232042 0.755891 0.000070 0.007480
2 1 0.000391 0.073592 0.921034 0.000058 0.004925
2 2 0.000738 0.091279 0.900205 0.000289 0.007489
2 2 0.001399 0.119480 0.869502 0.000636 0.008982
2 2 0.001246 0.125923 0.868148 0.000085 0.004598
2 2 0.000517 0.074650 0.914515 0.000401 0.009917
2 2 0.001590 0.137661 0.846689 0.000244 0.013817
2 2 0.001076 0.108855 0.876559 0.000412 0.013097
2 2 0.004949 0.213997 0.758020 0.001195 0.021839
2 2 0.002885 0.171272 0.805313 0.000727 0.019804
2 2 0.002020 0.151437 0.823431 0.000368 0.022743
2 2 0.007437 0.247617 0.722438 0.002160 0.020348
2 2 0.005165 0.202381 0.762619 0.003601 0.026234
2 2 0.003707 0.194212 0.786365 0.000576 0.015140
2 2 0.000615 0.074974 0.909600 0.001326 0.013484
2 2 0.001159 0.113494 0.872577 0.000383 0.012387
2 2 0.001922 0.133299 0.846200 0.001444 0.017134
2 2 0.014078 0.332792 0.624180 0.001126 0.027825
2 2 0.007004 0.238653 0.719674 0.002280 0.032388
2 0 0.008381 0.255279 0.695985 0.003185 0.037170
1 0 0.213376 0.573707 0.119407 0.000148 0.093362
1 0 0.250529 0.572956 0.093336 0.000040 0.083138
1 4 0.380949 0.514343 0.040136 0.000001 0.064571
1 2 0.154768 0.570099 0.180481 0.000793 0.093858
1 0 0.083526 0.500065 0.312869 0.008044 0.095496
0 0 0.754410 0.178259 0.038720 0.000037 0.028573
0 0 0.668541 0.238651 0.011645 0.000002 0.081161
0 1 0.512619 0.403511 0.016655 0.000000 0.067214
1 1 0.264687 0.566823 0.084989 0.000030 0.083470
1 2 0.352430 0.515116 0.047987 0.000006 0.084462
1 2 0.046175 0.500885 0.434992 0.000404 0.017543
1 2 0.056558 0.546273 0.381933 0.000095 0.015141
2 2 0.080420 0.436324 0.469603 0.000332 0.013322
1 2 0.104563 0.488770 0.393067 0.000129 0.013471
1 2 0.042565 0.475070 0.459552 0.001250 0.021563
2 2 0.040660 0.435790 0.484389 0.004238 0.034923
1 2 0.044440 0.467958 0.456248 0.002232 0.029121
1 2 0.109485 0.583543 0.275533 0.000145 0.031294
1 2 0.079237 0.566491 0.322120 0.000342 0.031810
2 2 0.043504 0.389832 0.539698 0.003943 0.023023
2 2 0.021094 0.339871 0.613006 0.006085 0.019944
2 2 0.052378 0.362365 0.571906 0.000978 0.012374
2 2 0.031269 0.355286 0.594744 0.002827 0.015874
2 2 0.032818 0.410264 0.520703 0.006928 0.029287
2 2 0.025855 0.209954 0.749459 0.007377 0.007354
2 2 0.054561 0.437481 0.496925 0.000239 0.010795
2 2 0.008042 0.235422 0.742826 0.006057 0.007653
2 2 0.022329 0.383642 0.581754 0.001105 0.011170
2 2 0.017798 0.329796 0.630154 0.006624 0.015629
2 2 0.012945 0.248099 0.723444 0.006262 0.009250
2 2 0.011352 0.269712 0.699944 0.007176 0.011816
2 2 0.014494 0.308003 0.663126 0.002710 0.011667
2 2 0.027318 0.413593 0.544729 0.001105 0.013255
2 2 0.011913 0.277651 0.694346 0.004423 0.011667
2 2 0.021611 0.365466 0.594469 0.003549 0.014905
2 2 0.029144 0.401594 0.541968 0.004965 0.022329
2 2 0.021548 0.347630 0.601093 0.007251 0.022478
2 2 0.003269 0.130199 0.804041 0.048836 0.013654
2 2 0.006299 0.194312 0.769202 0.018786 0.011401
2 2 0.006374 0.206049 0.771898 0.007865 0.007815
2 2 0.002870 0.147245 0.838613 0.003707 0.007566
2 2 0.039446 0.439635 0.482116 0.006848 0.031956
2 2 0.009708 0.237900 0.719321 0.017235 0.015837
2 2 0.007182 0.202336 0.750317 0.025475 0.014690
2 2 0.008030 0.233105 0.743617 0.007018 0.008230
1 2 0.114680 0.528680 0.236174 0.004307 0.116158
1 2 0.058963 0.445096 0.375280 0.017180 0.103481
0 0 0.422560 0.331200 0.177923 0.004517 0.063800
0 0 0.546738 0.328093 0.044706 0.000045 0.080418
0 0 0.780513 0.125705 0.023140 0.000522 0.070120
0 0 0.941227 0.016857 0.000281 0.000000 0.041635
0 0 0.726505 0.109759 0.000923 0.000000 0.162812
0 0 0.767101 0.062358 0.000273 0.000000 0.170269
0 0 0.973085 0.010743 0.000471 0.000002 0.015698
0 0 0.973602 0.006961 0.000091 0.000000 0.019346
0 0 0.964497 0.007330 0.000047 0.000000 0.028126
0 0 0.948394 0.009547 0.000045 0.000000 0.042014
0 0 0.930661 0.013399 0.000071 0.000000 0.055869
0 0 0.794147 0.037800 0.000170 0.000000 0.167883
0 0 0.968487 0.011746 0.000485 0.000003 0.019279
0 0 0.984976 0.005170 0.000162 0.000001 0.009691
0 0 0.978941 0.004777 0.000040 0.000000 0.016241
0 0 0.893168 0.024823 0.000146 0.000000 0.081863
0 0 0.938826 0.014572 0.000139 0.000000 0.046463
0 0 0.979452 0.008234 0.000247 0.000000 0.012067
0 0 0.981655 0.006708 0.000260 0.000001 0.011376
0 0 0.978356 0.010422 0.001522 0.000055 0.009644
0 0 0.957513 0.010431 0.000109 0.000000 0.031947
0 0 0.958546 0.010835 0.000137 0.000000 0.030482
0 0 0.987177 0.003255 0.000039 0.000000 0.009529
0 0 0.913688 0.013681 0.000042 0.000000 0.072589
0 0 0.854681 0.023897 0.000065 0.000000 0.121357
0 0 0.850807 0.024639 0.000120 0.000000 0.124434
0 0 0.826824 0.025871 0.000056 0.000000 0.147249
0 0 0.957561 0.009167 0.000057 0.000000 0.033215
0 0 0.903136 0.025281 0.000268 0.000000 0.071314
0 0 0.693484 0.111346 0.001061 0.000000 0.194109
0 0 0.700972 0.138632 0.001553 0.000000 0.158844
0 0 0.689968 0.141725 0.001638 0.000000 0.166669
0 0 0.654961 0.109075 0.001154 0.000000 0.234809
0 0 0.739640 0.077286 0.000453 0.000000 0.182621
0 0 0.768927 0.061468 0.000264 0.000000 0.169341
0 0 0.688704 0.113816 0.001075 0.000000 0.196406
0 0 0.662728 0.166086 0.002034 0.000000 0.169153
0 0 0.556722 0.229757 0.004343 0.000000 0.209178
0 4 0.645855 0.030635 0.000049 0.000000 0.323461
4 4 0.357165 0.063195 0.000309 0.000000 0.579332
4 4 0.072184 0.028630 0.000340 0.000000 0.898846
4 4 0.129324 0.034367 0.000245 0.000000 0.836064
4 4 0.134250 0.016484 0.000080 0.000000 0.849187
4 4 0.163757 0.031932 0.000292 0.000000 0.804019
0 4 0.575443 0.121260 0.000997 0.000000 0.302301
0 4 0.583789 0.083322 0.000578 0.000000 0.332311
0 4 0.558910 0.061419 0.000325 0.000000 0.379346
4 0 0.283194 0.184532 0.004573 0.000000 0.527701
0 0 0.548267 0.093382 0.000566 0.000000 0.357784
4 4 0.392090 0.050652 0.000271 0.000000 0.556987
0 4 0.466121 0.094835 0.000815 0.000000 0.438229
4 4 0.405893 0.055239 0.000304 0.000000 0.538564
0 4 0.647125 0.037336 0.000112 0.000000 0.315427
4 4 0.202078 0.035081 0.000255 0.000000 0.762587
4 4 0.090496 0.014201 0.000087 0.000000 0.895216
4 4 0.262996 0.187880 0.003768 0.000000 0.545356
4 4 0.161814 0.029905 0.000205 0.000000 0.808076
4 0 0.245672 0.062244 0.000597 0.000000 0.691487
0 4 0.447836 0.263547 0.007098 0.000000 0.281518
4 0 0.121466 0.151486 0.007424 0.000000 0.719623
0 4 0.728911 0.182708 0.001727 0.000000 0.086654
4 0 0.103331 0.237185 0.016508 0.000000 0.642976
0 0 0.459850 0.255644 0.005101 0.000000 0.279405
0 0 0.957416 0.021599 0.004405 0.000249 0.016331
0 0 0.768637 0.156612 0.003639 0.000000 0.071112
0 0 0.789030 0.130506 0.003386 0.000000 0.077078
0 0 0.758322 0.147837 0.005198 0.000001 0.088641
0 0 0.871766 0.079343 0.005360 0.000006 0.043524
0 0 0.686880 0.215626 0.003425 0.000000 0.094069
0 0 0.629099 0.275849 0.006278 0.000000 0.088775
0 0 0.746406 0.185321 0.005014 0.000000 0.063258
0 1 0.607652 0.297541 0.007639 0.000000 0.087167
0 1 0.637341 0.286551 0.006253 0.000000 0.069856
1 1 0.361417 0.490948 0.024219 0.000000 0.123416
0 1 0.501222 0.444604 0.014403 0.000000 0.039770
1 1 0.217840 0.585522 0.066357 0.000000 0.130281
1 1 0.132859 0.493096 0.076812 0.000000 0.297233
1 2 0.164682 0.510034 0.079662 0.000002 0.245620
1 2 0.062497 0.567922 0.188953 0.000000 0.180628
1 2 0.046974 0.495712 0.267522 0.000008 0.189785
1 2 0.054014 0.548113 0.244954 0.000001 0.152918
1 2 0.124748 0.659508 0.121990 0.000000 0.093754
1 2 0.046181 0.539572 0.254167 0.000000 0.160079
1 2 0.040829 0.537757 0.382628 0.000007 0.038779
1 2 0.091448 0.676061 0.212700 0.000000 0.019791
1 2 0.030050 0.516580 0.417519 0.000002 0.035850
2 2 0.008321 0.309571 0.652249 0.000032 0.029827
1 2 0.036876 0.492076 0.420530 0.000067 0.050451
1 0 0.355356 0.474859 0.044672 0.000022 0.125090
0 0 0.924998 0.050653 0.003942 0.000003 0.020404
0 0 0.894805 0.050773 0.002264 0.000005 0.052153
0 0 0.920145 0.028972 0.001060 0.000005 0.049818
0 1 0.857879 0.051322 0.001721 0.000008 0.089070
1 1 0.380344 0.455957 0.013266 0.000000 0.150433
1 1 0.210862 0.460544 0.029650 0.000000 0.298944
1 1 0.139459 0.507906 0.045417 0.000000 0.307219
1 1 0.118280 0.463327 0.049996 0.000000 0.368397
4 1 0.022792 0.323086 0.111815 0.000000 0.542307
2 1 0.011944 0.402577 0.408592 0.000000 0.176888
2 4 0.008273 0.379423 0.428654 0.000000 0.183650
2 4 0.007119 0.300347 0.505123 0.000002 0.187410
1 2 0.013266 0.399354 0.379373 0.000000 0.208007
2 4 0.003529 0.223729 0.592351 0.000004 0.180387
1 0 0.068025 0.583135 0.198983 0.000000 0.149856
1 1 0.412940 0.485765 0.032624 0.000001 0.068671
1 1 0.173732 0.660018 0.090211 0.000000 0.076038
1 1 0.015891 0.365899 0.354104 0.000002 0.264104
1 2 0.042161 0.486568 0.221331 0.000000 0.249941
2 2 0.001206 0.175565 0.775058 0.000000 0.048170
2 2 0.000915 0.142533 0.823976 0.000001 0.032576
2 2 0.000436 0.095325 0.881084 0.000003 0.023152
2 2 0.000762 0.141970 0.825123 0.000000 0.032144
2 2 0.000673 0.122624 0.845454 0.000001 0.031248
2 2 0.000666 0.112841 0.850139 0.000008 0.036346
2 2 0.001908 0.168893 0.768715 0.000037 0.060446
2 2 0.000592 0.106582 0.852078 0.000010 0.040738
2 2 0.000963 0.148510 0.788597 0.000001 0.061930
2 2 0.001061 0.131338 0.835001 0.000034 0.032566
2 2 0.003873 0.219354 0.709484 0.000091 0.067198
2 2 0.002014 0.182123 0.740174 0.000009 0.075680
2 2 0.001608 0.145499 0.776812 0.000072 0.076009
2 2 0.001443 0.152597 0.787370 0.000022 0.058568
2 2 0.005366 0.240443 0.691811 0.000281 0.062099
2 2 0.000173 0.053387 0.937974 0.000018 0.008449
2 2 0.000350 0.075740 0.914963 0.000022 0.008926
2 2 0.000338 0.077464 0.912417 0.000013 0.009768
2 2 0.000160 0.048766 0.942653 0.000034 0.008386
2 2 0.000622 0.104678 0.878424 0.000009 0.016267
2 2 0.004921 0.211939 0.751505 0.001371 0.030264
2 2 0.000853 0.095929 0.883084 0.000506 0.019629
2 2 0.002787 0.159342 0.815016 0.001569 0.021285
2 2 0.004965 0.197983 0.759293 0.003849 0.033910
2 2 0.010022 0.251402 0.706947 0.007666 0.023963
2 2 0.011615 0.354679 0.600999 0.000022 0.032685
2 2 0.001430 0.166089 0.790298 0.000003 0.042180
2 2 0.002266 0.181083 0.774106 0.000043 0.042501
2 2 0.000936 0.112082 0.856488 0.000092 0.030401
2 2 0.003014 0.206619 0.736251 0.000031 0.054086
2 2 0.003070 0.164420 0.789797 0.001918 0.040795
2 2 0.011524 0.290379 0.614253 0.003131 0.080713
2 2 0.000752 0.095781 0.876062 0.000144 0.027261
2 2 0.002216 0.171106 0.784931 0.000047 0.041700
2 2 0.003522 0.179913 0.777339 0.001501 0.037725
2 2 0.003081 0.178651 0.785088 0.000630 0.032551
2 2 0.000727 0.095972 0.882373 0.000171 0.020757
2 2 0.002792 0.155384 0.795008 0.002416 0.044400
2 2 0.001606 0.126487 0.832826 0.000971 0.038109
2 2 0.001090 0.113384 0.861967 0.000292 0.023267
2 2 0.002082 0.122221 0.831807 0.008557 0.035333
2 2 0.001922 0.126357 0.851080 0.002991 0.017650
2 2 0.001042 0.086549 0.884946 0.007511 0.019952
2 2 0.002023 0.133525 0.847126 0.001943 0.015383
2 2 0.001815 0.120210 0.853023 0.004086 0.020865
2 2 0.004000 0.152862 0.760722 0.027924 0.054492
2 2 0.005092 0.181806 0.760737 0.014250 0.038114
2 2 0.001949 0.128531 0.847235 0.002662 0.019623
2 2 0.001645 0.113256 0.853738 0.004854 0.026507
2 2 0.002354 0.119636 0.811145 0.023611 0.043254
2 2 0.009285 0.242165 0.689026 0.012698 0.046826
2 2 0.003291 0.141153 0.790019 0.023720 0.041817
2 2 0.002210 0.124293 0.823707 0.010126 0.039664
2 2 0.011540 0.243637 0.637244 0.035980 0.071599
2 1 0.002824 0.130650 0.798266 0.024235 0.044026
1 1 0.191699 0.506195 0.125918 0.002335 0.173853
1 0 0.208062 0.530646 0.117965 0.000767 0.142560
0 0 0.761757 0.159071 0.014119 0.000017 0.065036
0 0 0.773538 0.122120 0.006025 0.000010 0.098307
0 0 0.608680 0.258224 0.006307 0.000000 0.126788
0 0 0.929013 0.024553 0.000758 0.000003 0.045674
0 0 0.805591 0.062264 0.000537 0.000000 0.131608
0 1 0.707828 0.083952 0.000589 0.000000 0.207630
0 0 0.635625 0.285099 0.006284 0.000000 0.072992
0 0 0.632095 0.270230 0.006032 0.000000 0.091643
0 0 0.956443 0.013300 0.000272 0.000001 0.029984
0 0 0.987402 0.003082 0.000033 0.000000 0.009483
0 0 0.986405 0.004329 0.000104 0.000000 0.009162
0 0 0.973078 0.007656 0.000126 0.000000 0.019140
0 0 0.786995 0.083852 0.000523 0.000000 0.128630
0 1 0.569967 0.363127 0.011088 0.000000 0.055817
1 2 0.352136 0.570516 0.041696 0.000000 0.035651
1 2 0.317748 0.571737 0.054243 0.000001 0.056271
1 2 0.324154 0.564949 0.051925 0.000001 0.058971
1 2 0.259331 0.584059 0.072177 0.000002 0.084431
1 2 0.099756 0.613581 0.261763 0.000046 0.024853
1 2 0.050078 0.539573 0.382434 0.000050 0.027865
1 2 0.035419 0.478644 0.459942 0.000157 0.025837
1 2 0.097997 0.653006 0.227795 0.000001 0.021200
1 2 0.034361 0.486762 0.453131 0.000063 0.025682
1 2 0.069475 0.601849 0.310305 0.000009 0.018362
1 2 0.044539 0.559990 0.375224 0.000004 0.020244
2 2 0.018674 0.419429 0.534980 0.000018 0.026899
2 2 0.016894 0.409751 0.547168 0.000013 0.026174
1 2 0.055874 0.548629 0.371668 0.000072 0.023758
1 1 0.125697 0.612247 0.154702 0.000003 0.107351
0 1 0.506867 0.422695 0.017437 0.000000 0.053001
1 1 0.160285 0.613469 0.136179 0.000007 0.090060
1 1 0.138696 0.615995 0.143413 0.000002 0.101893
1 1 0.054070 0.517413 0.293234 0.000033 0.135250
2 1 0.009216 0.335071 0.444745 0.000001 0.210968
1 1 0.022610 0.467795 0.287976 0.000000 0.221619
2 1 0.013562 0.367065 0.403993 0.000001 0.215378
1 1 0.031569 0.499358 0.246558 0.000000 0.222516
2 1 0.009283 0.314347 0.377477 0.000000 0.298893
2 1 0.001180 0.145604 0.714942 0.000004 0.138270
2 2 0.003728 0.250272 0.621995 0.000001 0.124004
2 2 0.002310 0.191847 0.698000 0.000007 0.107835
2 2 0.003520 0.238891 0.608135 0.000001 0.149452
2 2 0.003811 0.247063 0.620838 0.000001 0.128287
2 1 0.001061 0.144407 0.808901 0.000003 0.045627
2 1 0.007423 0.305798 0.617560 0.000011 0.069209
2 2 0.005081 0.292247 0.642732 0.000001 0.059939
2 2 0.003188 0.225489 0.720999 0.000006 0.050318
2 2 0.003390 0.239850 0.699899 0.000002 0.056858
2 2 0.002584 0.221551 0.720805 0.000001 0.055059
2 2 0.001346 0.144489 0.826301 0.000042 0.027822
2 2 0.001067 0.133365 0.832456 0.000016 0.033097
2 2 0.002437 0.199055 0.761072 0.000008 0.037427
2 2 0.003616 0.266973 0.667915 0.000000 0.061497
2 2 0.002769 0.217278 0.726777 0.000003 0.053173
2 2 0.002201 0.201518 0.751168 0.000002 0.045110
2 2 0.000747 0.113333 0.853309 0.000023 0.032588
2 2 0.002291 0.189327 0.769575 0.000015 0.038792
2 2 0.001505 0.165004 0.789763 0.000005 0.043722
2 2 0.006073 0.271549 0.654578 0.000036 0.067763
2 2 0.006127 0.257736 0.659696 0.000157 0.076284
2 2 0.002369 0.195385 0.723736 0.000008 0.078502
2 2 0.003802 0.223545 0.712626 0.000047 0.059980
2 2 0.006880 0.287996 0.632772 0.000025 0.072326
2 2 0.009201 0.316570 0.562281 0.000022 0.111925
2 1 0.010857 0.343908 0.544467 0.000013 0.100756
2 2 0.006641 0.280509 0.604822 0.000024 0.108004
2 2 0.006151 0.294275 0.598000 0.000003 0.101570
2 2 0.005874 0.287952 0.581359 0.000002 0.124812
2 2 0.006488 0.281082 0.600242 0.000016 0.112172
2 2 0.006911 0.281400 0.602185 0.000033 0.109471
2 2 0.014187 0.344269 0.490770 0.000089 0.150686
2 2 0.002353 0.182393 0.735375 0.000045 0.079834
2 2 0.008094 0.283046 0.568431 0.000095 0.140335
2 2 0.002046 0.162371 0.794311 0.000159 0.041113
2 2 0.000184 0.055767 0.925819 0.000018 0.018212
2 2 0.006112 0.279570 0.680211 0.000020 0.034087
2 2 0.000836 0.118474 0.852476 0.000014 0.028200
2 2 0.001449 0.166391 0.793499 0.000003 0.038659
2 2 0.002024 0.182609 0.779313 0.000010 0.036043
2 2 0.003484 0.231326 0.712550 0.000007 0.052633
2 2 0.002541 0.202922 0.747999 0.000008 0.046531
2 2 0.001653 0.164409 0.787525 0.000013 0.046399
2 2 0.000927 0.129243 0.837494 0.000011 0.032323
2 1 0.008118 0.274636 0.624539 0.000472 0.092235
2 2 0.025014 0.442750 0.473956 0.000050 0.058231
2 2 0.020624 0.371437 0.524526 0.001467 0.081945
2 1 0.001776 0.166013 0.780769 0.000027 0.051414
2 2 0.013431 0.361549 0.519733 0.000025 0.105261
2 2 0.001773 0.188717 0.740196 0.000001 0.069314
2 2 0.001097 0.144804 0.809725 0.000004 0.044369
2 2 0.002966 0.221038 0.687981 0.000003 0.088012
2 2 0.001618 0.171323 0.743936 0.000004 0.083120
2 0 0.001845 0.197576 0.728207 0.000000 0.072372
0 0 0.906259 0.051642 0.002482 0.000003 0.039613
0 0 0.759062 0.119012 0.002648 0.000001 0.119277
0 0 0.960819 0.017157 0.000853 0.000004 0.021167
0 0 0.943631 0.020271 0.000723 0.000003 0.035372
0 1 0.705346 0.161247 0.002506 0.000000 0.130901
1 4 0.161417 0.510116 0.031681 0.000000 0.296786
4 4 0.207552 0.369737 0.016668 0.000000 0.406043
4 4 0.077794 0.264377 0.028137 0.000000 0.629692
4 4 0.106117 0.292839 0.025945 0.000000 0.575099
4 4 0.381007 0.158255 0.002557 0.000000 0.458182
4 0 0.270534 0.319110 0.009137 0.000000 0.401219
4 4 0.345242 0.144172 0.001496 0.000000 0.509090
4 4 0.044197 0.087661 0.004542 0.000000 0.863601
4 4 0.059373 0.062651 0.001490 0.000000 0.876486
4 4 0.165250 0.100922 0.001597 0.000000 0.732230
0 4 0.461280 0.130665 0.000924 0.000000 0.407131
0 4 0.503681 0.047065 0.000205 0.000000 0.449049
4 4 0.430903 0.026113 0.000168 0.000000 0.542815
0 4 0.706803 0.027499 0.000099 0.000000 0.265599
4 4 0.447003 0.023388 0.000053 0.000000 0.529556
4 4 0.255379 0.035496 0.000446 0.000000 0.708678
0 4 0.656489 0.054285 0.000155 0.000000 0.289070
0 4 0.532525 0.071702 0.000303 0.000000 0.395471
4 4 0.395633 0.091295 0.000712 0.000000 0.512359
0 4 0.440230 0.126543 0.001035 0.000000 0.432193
4 4 0.335430 0.146627 0.001963 0.000000 0.515980
4 4 0.271779 0.173076 0.003509 0.000000 0.551636
4 4 0.228306 0.211203 0.005479 0.000000 0.555012
4 4 0.167180 0.110139 0.002980 0.000000 0.719701
4 4 0.050952 0.121433 0.008562 0.000000 0.819054
4 4 0.066281 0.044167 0.000994 0.000000 0.888558
4 4 0.276907 0.044704 0.000288 0.000000 0.678101
4 4 0.413361 0.059741 0.000281 0.000000 0.526618
4 4 0.129337 0.048095 0.000587 0.000000 0.821981
4 4 0.225825 0.219106 0.004706 0.000000 0.550363
4 4 0.178182 0.150605 0.003905 0.000000 0.667308
4 4 0.187966 0.095437 0.001568 0.000000 0.715029
4 4 0.178533 0.049450 0.000535 0.000000 0.771481
4 4 0.214924 0.202416 0.005340 0.000000 0.577319
4 4 0.196334 0.117371 0.002732 0.000000 0.683564
0 4 0.495816 0.265171 0.003811 0.000000 0.235202
4 4 0.345316 0.225291 0.003632 0.000000 0.425761
0 4 0.517471 0.258254 0.003510 0.000000 0.220765
4 4 0.358971 0.235146 0.004124 0.000000 0.401759
0 4 0.510812 0.194511 0.002381 0.000000 0.292295
4 4 0.176409 0.033890 0.000303 0.000000 0.789399
0 4 0.517505 0.130715 0.001104 0.000000 0.350676
4 4 0.377071 0.109655 0.001315 0.000000 0.511960
0 4 0.547964 0.179760 0.002097 0.000000 0.270179
0 4 0.554968 0.136834 0.001194 0.000000 0.307003
4 4 0.102359 0.107376 0.003396 0.000000 0.786869
4 4 0.219355 0.288511 0.009802 0.000000 0.482333
4 4 0.052839 0.024286 0.000519 0.000000 0.922355
4 0 0.066323 0.019929 0.000232 0.000000 0.913515
0 4 0.497806 0.302195 0.006171 0.000000 0.193827
4 4 0.106977 0.191848 0.006069 0.000000 0.695106
4 4 0.090024 0.195238 0.007029 0.000000 0.707710
4 4 0.128085 0.057117 0.000862 0.000000 0.813936
4 4 0.054244 0.079076 0.002717 0.000000 0.863963
4 4 0.060288 0.089173 0.002901 0.000000 0.847638
4 4 0.164530 0.068121 0.001007 0.000000 0.766342
4 4 0.066389 0.078228 0.002356 0.000000 0.853026
4 4 0.128723 0.057423 0.000792 0.000000 0.813061
4 4 0.146242 0.084691 0.001460 0.000000 0.767608
0 4 0.429419 0.319115 0.005105 0.000000 0.246360
4 4 0.030950 0.113544 0.009850 0.000000 0.845657
4 4 0.157559 0.222977 0.006847 0.000000 0.612617
4 4 0.109380 0.038338 0.000477 0.000000 0.851806
4 4 0.093688 0.087293 0.002170 0.000000 0.816849
4 4 0.126730 0.114516 0.002641 0.000000 0.756113
4 4 0.225219 0.069140 0.000695 0.000000 0.704946
4 4 0.201373 0.048229 0.000409 0.000000 0.749989
4 4 0.163054 0.060090 0.000728 0.000000 0.776128
4 4 0.291348 0.116446 0.001226 0.000000 0.590979
0 4 0.577871 0.082631 0.000402 0.000000 0.339096
4 4 0.326273 0.195277 0.002395 0.000000 0.476055
4 4 0.332286 0.106377 0.000868 0.000000 0.560469
4 4 0.195679 0.162002 0.002516 0.000000 0.639802
4 4 0.255070 0.132376 0.001629 0.000000 0.610925
4 4 0.293170 0.158988 0.001834 0.000000 0.546008
0 4 0.706050 0.115955 0.000540 0.000000 0.177455
4 4 0.252740 0.144444 0.002228 0.000000 0.600588
4 4 0.183471 0.163973 0.003512 0.000000 0.649044
0 4 0.812554 0.082829 0.000266 0.000000 0.104351
4 4 0.333140 0.225059 0.003965 0.000000 0.437836
4 4 0.131587 0.271319 0.011530 0.000000 0.585564
