1 0 0.146369 0.672090 0.078905 0.000009 0.102627
1 0 0.193880 0.677613 0.069126 0.000003 0.059378
1 0 0.236001 0.391142 0.066982 0.000075 0.305800
1 0 0.271131 0.524993 0.101248 0.000061 0.102566
0 0 0.362798 0.341899 0.094454 0.000249 0.200600
0 0 0.536002 0.092091 0.018857 0.000143 0.352907
0 0 0.575509 0.280448 0.018247 0.000031 0.125764
0 0 0.499955 0.134316 0.025631 0.000284 0.339813
4 0 0.245919 0.288735 0.034029 0.000092 0.431225
0 0 0.537092 0.094348 0.018575 0.000129 0.349856
0 0 0.717711 0.137406 0.016652 0.000058 0.128173
0 0 0.727834 0.103577 0.011366 0.000067 0.157156
0 0 0.811787 0.087058 0.006153 0.000020 0.094982
0 0 0.762836 0.146187 0.009636 0.000012 0.081328
0 0 0.777710 0.097103 0.022553 0.000749 0.101885
0 0 0.361174 0.230636 0.113063 0.000545 0.294582
0 0 0.415929 0.328413 0.126383 0.010006 0.119269
0 0 0.553801 0.243745 0.092581 0.010605 0.099268
0 0 0.553801 0.243745 0.092581 0.010605 0.099268
0 0 0.553801 0.243745 0.092581 0.010605 0.099268
1 0 0.233096 0.425894 0.234410 0.006020 0.100580
1 0 0.233096 0.425894 0.234410 0.006020 0.100580
1 0 0.233096 0.425894 0.234410 0.006020 0.100580
1 0 0.233096 0.425894 0.234410 0.006020 0.100580
1 0 0.233096 0.425894 0.234410 0.006020 0.100580
1 0 0.233096 0.425894 0.234410 0.006020 0.100580
1 0 0.233096 0.425894 0.234410 0.006020 0.100580
1 0 0.233096 0.425894 0.234410 0.006020 0.100580
1 0 0.233096 0.425894 0.234410 0.006020 0.100580
1 0 0.233096 0.425894 0.234410 0.006020 0.100580
1 0 0.233096 0.425894 0.234410 0.006020 0.100580
1 0 0.233096 0.425894 0.234410 0.006020 0.100580
1 0 0.233096 0.425894 0.234410 0.006020 0.100580
1 0 0.233096 0.425894 0.234410 0.006020 0.100580
1 0 0.233096 0.425894 0.234410 0.006020 0.100580
1 0 0.233096 0.425894 0.234410 0.006020 0.100580
1 0 0.233096 0.425894 0.234410 0.006020 0.100580
1 0 0.233096 0.425894 0.234410 0.006020 0.100580
1 0 0.233096 0.425894 0.234410 0.006020 0.100580
1 0 0.233096 0.425894 0.234410 0.006020 0.100580
1 0 0.264415 0.418985 0.221032 0.006277 0.089292
1 0 0.264415 0.418985 0.221032 0.006277 0.089292
1 0 0.264415 0.418985 0.221032 0.006277 0.089292
1 0 0.264410 0.418988 0.221036 0.006277 0.089290
1 0 0.219950 0.364640 0.278149 0.002763 0.134498
0 0 0.894793 0.032770 0.016349 0.003966 0.052122
0 0 0.900859 0.035581 0.015197 0.002794 0.045569
0 0 0.790547 0.150289 0.027262 0.001006 0.030896
0 0 0.882907 0.050024 0.018822 0.002705 0.045542
0 0 0.815168 0.105920 0.030717 0.002645 0.045550
1 0 0.122629 0.762859 0.070227 0.000000 0.044285
1 0 0.154464 0.754956 0.060344 0.000000 0.030235
1 0 0.106885 0.797722 0.064113 0.000000 0.031280
1 0 0.104859 0.792145 0.068091 0.000000 0.034905
1 0 0.153588 0.774078 0.048143 0.000000 0.024191
0 0 0.515482 0.433545 0.027482 0.000007 0.023483
1 0 0.456375 0.479619 0.037269 0.000008 0.026729
0 0 0.680009 0.224468 0.051251 0.000256 0.044016
0 0 0.747286 0.127829 0.052972 0.002889 0.069024
1 0 0.375896 0.443103 0.069931 0.000106 0.110964
0 0 0.431532 0.251057 0.036281 0.000044 0.281086
0 0 0.619472 0.171535 0.027230 0.000036 0.181726
0 0 0.441791 0.193483 0.025790 0.000050 0.338885
0 0 0.590695 0.219950 0.018765 0.000022 0.170568
1 0 0.294717 0.397939 0.034478 0.000011 0.272854
1 0 0.333872 0.539393 0.077918 0.000012 0.048805
1 0 0.323215 0.495153 0.076282 0.000016 0.105334
1 0 0.149050 0.716823 0.096573 0.000001 0.037552
1 0 0.104504 0.748108 0.101112 0.000000 0.046276
1 0 0.094108 0.731374 0.115009 0.000001 0.059508
0 0 0.838526 0.113958 0.012875 0.000166 0.034475
0 0 0.958579 0.016660 0.004480 0.000387 0.019894
0 0 0.962133 0.020718 0.003593 0.000142 0.013414
0 0 0.920014 0.034164 0.011141 0.001283 0.033398
0 0 0.906453 0.038507 0.013911 0.001898 0.039232
1 0 0.412837 0.413108 0.096320 0.000224 0.077511
0 0 0.617392 0.291641 0.048925 0.000048 0.041994
0 0 0.694046 0.179162 0.056740 0.001160 0.068892
0 0 0.716605 0.249072 0.014984 0.000016 0.019323
0 0 0.586528 0.376148 0.020680 0.000005 0.016638
0 0 0.759197 0.141043 0.014339 0.000030 0.085391
0 0 0.625508 0.204842 0.059473 0.000313 0.109864
1 0 0.352625 0.407396 0.065248 0.000463 0.174268
0 0 0.725525 0.136992 0.013299 0.000079 0.124104
0 0 0.650380 0.172385 0.017199 0.000099 0.159936
0 0 0.655373 0.231993 0.021958 0.000074 0.090602
0 0 0.509901 0.313994 0.051423 0.000124 0.124557
0 0 0.557632 0.245788 0.078883 0.000995 0.116702
1 0 0.302383 0.484956 0.091181 0.000346 0.121135
0 0 0.424925 0.332937 0.063745 0.000066 0.178326
1 0 0.132468 0.750818 0.070223 0.000000 0.046491
1 0 0.154613 0.736525 0.070756 0.000000 0.038106
1 0 0.053192 0.772468 0.129936 0.000000 0.044404
1 0 0.088256 0.767570 0.103403 0.000000 0.040770
1 1 0.034230 0.787003 0.123856 0.000000 0.054912
1 1 0.002657 0.541933 0.326858 0.000000 0.128553
1 1 0.001035 0.432581 0.354857 0.000000 0.211528
1 1 0.001033 0.502677 0.368584 0.000000 0.127705
2 2 0.000457 0.324883 0.518324 0.000000 0.156337
2 2 0.000747 0.407332 0.468293 0.000000 0.123628
2 2 0.000085 0.210307 0.559343 0.000000 0.230265
2 2 0.000019 0.088132 0.703213 0.000001 0.208636
2 2 0.000077 0.193790 0.527481 0.000000 0.278653
2 2 0.000053 0.156907 0.558209 0.000000 0.284831
2 2 0.000105 0.220251 0.563721 0.000000 0.215922
2 2 0.000090 0.145518 0.599696 0.000001 0.254694
2 2 0.000054 0.068124 0.856079 0.000032 0.075711
2 2 0.000146 0.128293 0.725960 0.000011 0.145590
2 2 0.000306 0.231768 0.545520 0.000001 0.222406
2 2 0.000063 0.091179 0.769929 0.000012 0.138816
2 2 0.000089 0.047393 0.918436 0.001573 0.032509
2 2 0.000093 0.049807 0.915891 0.000797 0.033411
2 2 0.000142 0.078960 0.846247 0.000216 0.074434
2 2 0.000589 0.109523 0.800503 0.001153 0.088233
2 2 0.000292 0.088486 0.838976 0.000601 0.071644
2 2 0.001246 0.122188 0.774447 0.008938 0.093181
2 2 0.000420 0.057551 0.886113 0.027329 0.028587
2 2 0.003569 0.165178 0.677308 0.024526 0.129419
2 2 0.002535 0.128217 0.748441 0.038530 0.082276
2 3 0.001994 0.127554 0.766814 0.018509 0.085129
2 3 0.002129 0.071296 0.784746 0.117858 0.023970
2 3 0.002222 0.070020 0.784410 0.120886 0.022462
2 3 0.002107 0.072030 0.767060 0.133281 0.025521
2 3 0.002813 0.084574 0.756355 0.124398 0.031860
2 3 0.001251 0.052166 0.748101 0.181639 0.016844
2 3 0.003551 0.085641 0.718168 0.161802 0.030837
2 3 0.003997 0.076681 0.697758 0.198399 0.023165
2 3 0.004266 0.091952 0.706758 0.163648 0.033375
2 3 0.001203 0.041508 0.758455 0.188926 0.009908
2 3 0.000898 0.030722 0.710279 0.251857 0.006243
2 3 0.004079 0.085971 0.598999 0.275344 0.035609
2 3 0.002192 0.067233 0.688686 0.217440 0.024449
2 3 0.002964 0.074703 0.685664 0.210246 0.026422
2 3 0.002199 0.073374 0.711208 0.184478 0.028741
2 3 0.001134 0.044581 0.693948 0.246830 0.013507
2 3 0.002352 0.034801 0.486490 0.469159 0.007198
2 3 0.004703 0.062819 0.570879 0.345029 0.016570
2 3 0.004653 0.056355 0.552706 0.372934 0.013353
2 3 0.005446 0.084439 0.613590 0.268344 0.028180
2 3 0.001237 0.024128 0.498756 0.471616 0.004264
3 3 0.000505 0.010452 0.417002 0.570876 0.001165
2 3 0.004796 0.051889 0.486348 0.444666 0.012301
3 3 0.003021 0.035725 0.435863 0.517999 0.007392
3 3 0.005481 0.051156 0.421515 0.509159 0.012688
3 3 0.001781 0.027443 0.440148 0.525318 0.005309
3 3 0.006078 0.057378 0.384484 0.534906 0.017155
2 3 0.008787 0.093937 0.474033 0.387211 0.036033
3 3 0.006717 0.067878 0.392738 0.509070 0.023597
3 3 0.002453 0.032678 0.389134 0.568202 0.007534
3 3 0.006936 0.069546 0.439491 0.462055 0.021973
2 3 0.004169 0.062916 0.560510 0.354232 0.018173
3 3 0.003082 0.035378 0.364268 0.588775 0.008497
3 3 0.001748 0.024297 0.439280 0.530649 0.004026
3 3 0.003182 0.044052 0.457782 0.483750 0.011234
3 3 0.004107 0.047915 0.458303 0.477855 0.011820
2 3 0.004592 0.061785 0.493348 0.421495 0.018780
3 3 0.002649 0.032582 0.390890 0.566753 0.007125
2 3 0.005932 0.066455 0.489538 0.418681 0.019393
2 3 0.002830 0.041184 0.492656 0.453806 0.009525
2 3 0.004987 0.060619 0.469273 0.447119 0.018001
3 3 0.003539 0.039488 0.402018 0.545696 0.009259
3 3 0.006959 0.055499 0.373491 0.548971 0.015081
3 3 0.003425 0.040787 0.428326 0.517884 0.009579
3 3 0.004481 0.045757 0.418556 0.520188 0.011018
3 3 0.002973 0.033447 0.388976 0.567475 0.007129
3 3 0.003416 0.042057 0.454363 0.490431 0.009733
3 3 0.001827 0.024249 0.388942 0.580586 0.004396
3 3 0.002587 0.029681 0.374599 0.587102 0.006030
3 3 0.002310 0.027311 0.373983 0.591105 0.005291
3 3 0.003799 0.040374 0.386638 0.559460 0.009729
3 3 0.005616 0.048452 0.373881 0.559690 0.012361
3 3 0.005516 0.048791 0.410848 0.523256 0.011589
3 3 0.003944 0.042993 0.425430 0.517563 0.010071
3 3 0.009093 0.071350 0.370725 0.525255 0.023576
3 3 0.012668 0.078550 0.371599 0.512810 0.024374
3 3 0.003606 0.044363 0.436661 0.504235 0.011136
3 3 0.000626 0.014412 0.460537 0.522419 0.002007
2 3 0.002845 0.042928 0.504535 0.439463 0.010227
3 3 0.005044 0.046006 0.422497 0.516123 0.010330
3 3 0.001472 0.024254 0.459380 0.510657 0.004237
3 3 0.005009 0.043602 0.368393 0.572566 0.010430
3 3 0.001274 0.019372 0.413558 0.562805 0.002992
3 3 0.008127 0.064541 0.384685 0.523495 0.019152
3 3 0.001281 0.020680 0.410333 0.564197 0.003510
3 3 0.001936 0.025501 0.422565 0.545576 0.004422
3 3 0.004128 0.034528 0.332159 0.621784 0.007401
3 3 0.006171 0.047342 0.374193 0.561223 0.011071
3 3 0.004284 0.032568 0.331908 0.624931 0.006309
3 3 0.001247 0.015020 0.312296 0.669273 0.002164
3 3 0.003244 0.029869 0.362790 0.598557 0.005541
3 3 0.003006 0.038269 0.391017 0.558007 0.009701
3 3 0.005907 0.062379 0.389678 0.521062 0.020973
3 3 0.007872 0.082934 0.431484 0.446225 0.031484
3 3 0.007684 0.057535 0.340563 0.577270 0.016947
3 3 0.008405 0.076251 0.417831 0.471831 0.025682
2 3 0.026560 0.174660 0.569963 0.163759 0.065057
2 3 0.020601 0.124199 0.565848 0.254255 0.035097
2 1 0.022216 0.104123 0.573430 0.281319 0.018912
2 2 0.026795 0.137175 0.700883 0.111460 0.023686
2 2 0.024716 0.155830 0.746631 0.048185 0.024639
1 1 0.088003 0.671946 0.159366 0.000007 0.080678
1 1 0.236588 0.551648 0.100376 0.000033 0.111355
1 1 0.155740 0.645765 0.124939 0.000018 0.073538
1 1 0.081811 0.734529 0.115882 0.000001 0.067777
1 1 0.094132 0.701514 0.139738 0.000003 0.064614
1 0 0.192454 0.636367 0.113153 0.000015 0.058012
1 0 0.411815 0.416023 0.091951 0.000298 0.079913
1 1 0.381699 0.470432 0.076557 0.000428 0.070884
1 0 0.164792 0.682211 0.087249 0.000004 0.065745
1 0 0.356479 0.508168 0.074394 0.000133 0.060827
1 1 0.234748 0.641965 0.067976 0.000006 0.055305
1 0 0.159135 0.721203 0.069301 0.000001 0.050360
1 0 0.122083 0.744834 0.070290 0.000001 0.062793
1 0 0.175031 0.626321 0.090228 0.000018 0.108402
0 0 0.491356 0.323733 0.041234 0.000021 0.143655
0 0 0.878324 0.087895 0.011243 0.000216 0.022323
0 0 0.912626 0.023454 0.012354 0.003376 0.048189
0 0 0.838458 0.054933 0.029579 0.007883 0.069147
0 0 0.832328 0.104817 0.024690 0.001475 0.036690
0 0 0.616157 0.320662 0.029965 0.000264 0.032952
0 0 0.773533 0.137641 0.026441 0.000865 0.061520
0 0 0.900293 0.044476 0.013305 0.001213 0.040713
0 0 0.884222 0.035565 0.011099 0.000911 0.068203
0 0 0.864378 0.070995 0.012292 0.000332 0.052004
0 1 0.679101 0.273417 0.012459 0.000024 0.035000
1 0 0.166581 0.710041 0.071953 0.000001 0.051424
1 0 0.161586 0.690452 0.085020 0.000003 0.062939
1 0 0.138269 0.690052 0.086466 0.000005 0.085208
1 0 0.299977 0.454280 0.099322 0.000103 0.146319
0 0 0.454000 0.306077 0.064820 0.000139 0.174963
0 0 0.650178 0.164758 0.112869 0.007994 0.064201
0 0 0.655820 0.179405 0.087170 0.008323 0.069281
0 0 0.691529 0.140812 0.095412 0.012879 0.059369
0 0 0.625514 0.148254 0.139760 0.027045 0.059426
1 0 0.362292 0.465476 0.104761 0.000742 0.066728
1 0 0.194436 0.634301 0.113247 0.000015 0.058000
1 1 0.340260 0.567363 0.058925 0.000007 0.033445
1 1 0.222729 0.635446 0.092841 0.000008 0.048975
1 0 0.181219 0.617302 0.123230 0.000041 0.078208
0 0 0.761533 0.135375 0.043574 0.004408 0.055110
2 1 0.195301 0.251464 0.442116 0.038963 0.072156
1 0 0.443677 0.444535 0.072355 0.000174 0.039259
0 0 0.546027 0.258627 0.134731 0.003454 0.057161
0 0 0.643137 0.223269 0.082825 0.002349 0.048420
0 0 0.435666 0.162421 0.214713 0.113828 0.073372
0 0 0.714488 0.064085 0.089688 0.060236 0.071502
0 0 0.437416 0.238793 0.215353 0.018239 0.090199
1 1 0.327642 0.392756 0.177178 0.004626 0.097797
0 0 0.427478 0.394178 0.138360 0.001643 0.038341
0 0 0.563562 0.105233 0.158765 0.101481 0.070958
0 0 0.515749 0.170336 0.196607 0.053105 0.064203
0 0 0.543813 0.268538 0.116855 0.006390 0.064404
0 0 0.747987 0.105918 0.070376 0.010665 0.065054
0 0 0.695416 0.089170 0.099952 0.046853 0.068610
0 0 0.483589 0.222119 0.203331 0.029661 0.061300
1 0 0.169053 0.389436 0.360028 0.015027 0.066456
0 0 0.577817 0.264199 0.109629 0.001956 0.046399
0 0 0.432082 0.186881 0.236498 0.083507 0.061031
0 1 0.329680 0.295169 0.266041 0.051158 0.057953
0 0 0.481928 0.378600 0.105946 0.000995 0.032531
0 0 0.853174 0.107220 0.016823 0.000416 0.022366
0 0 0.810370 0.103959 0.041329 0.001500 0.042842
0 0 0.457548 0.399262 0.084073 0.001519 0.057598
0 0 0.618888 0.095006 0.119520 0.076714 0.089871
0 0 0.782257 0.144014 0.028749 0.001150 0.043829
0 0 0.653621 0.220428 0.076710 0.005652 0.043589
0 0 0.590504 0.154924 0.144220 0.042374 0.067978
0 0 0.626838 0.046190 0.122043 0.149082 0.055846
0 0 0.581213 0.051956 0.126154 0.167934 0.072744
0 0 0.738016 0.083971 0.091777 0.029470 0.056766
0 0 0.837819 0.101913 0.024334 0.001252 0.034683
0 0 0.626879 0.063047 0.118914 0.115695 0.075465
0 0 0.648946 0.095163 0.114814 0.063052 0.078025
0 0 0.576704 0.260814 0.097250 0.005418 0.059814
0 0 0.797743 0.102009 0.037512 0.004900 0.057836
0 0 0.575532 0.129442 0.159856 0.071610 0.063561
3 0 0.324710 0.032736 0.148278 0.436672 0.057604
0 0 0.506770 0.053633 0.164790 0.222923 0.051884
0 0 0.854532 0.097758 0.019568 0.000676 0.027467
0 0 0.494149 0.374629 0.099409 0.000857 0.030957
0 0 0.408974 0.197764 0.278163 0.051981 0.063117
1 1 0.278972 0.497360 0.142201 0.000834 0.080633
0 0 0.498496 0.398572 0.085567 0.000088 0.017277
0 0 0.527702 0.153244 0.213648 0.049435 0.055970
0 0 0.505745 0.138520 0.183494 0.098833 0.073408
0 0 0.783680 0.056297 0.057861 0.029815 0.072347
0 0 0.888554 0.031211 0.023186 0.008032 0.049018
0 0 0.877252 0.045439 0.021656 0.004407 0.051246
0 0 0.742332 0.161138 0.044167 0.003327 0.049036
0 0 0.884394 0.042117 0.018769 0.003670 0.051050
0 0 0.520608 0.323946 0.008790 0.000000 0.146656
1 0 0.107260 0.701813 0.026249 0.000000 0.164679
1 0 0.055877 0.777237 0.032545 0.000000 0.134340
1 0 0.047839 0.787158 0.028480 0.000000 0.136523
1 0 0.220884 0.409253 0.029008 0.000000 0.340854
0 0 0.502329 0.327011 0.053587 0.000535 0.116538
0 0 0.420326 0.387536 0.066198 0.000495 0.125446
0 0 0.557378 0.230951 0.057591 0.002335 0.151745
0 0 0.504947 0.314341 0.046972 0.000670 0.133070
0 0 0.589800 0.217566 0.043127 0.000406 0.149100
1 0 0.376405 0.498476 0.079105 0.000098 0.045916
0 0 0.445361 0.337339 0.102307 0.002315 0.112678
1 0 0.388058 0.481336 0.075146 0.000191 0.055269
0 0 0.630450 0.248281 0.074101 0.000637 0.046530
0 0 0.551333 0.250638 0.084201 0.003382 0.110446
0 0 0.872732 0.063584 0.017555 0.001336 0.044793
0 0 0.947426 0.027597 0.005815 0.000317 0.018846
0 0 0.868926 0.057997 0.021941 0.003046 0.048090
0 0 0.859558 0.055412 0.024389 0.004572 0.056070
0 0 0.928324 0.022970 0.009623 0.001764 0.037318
1 0 0.299469 0.598635 0.042751 0.000007 0.059138
1 0 0.186837 0.643708 0.071715 0.000016 0.097725
1 0 0.299508 0.626276 0.036496 0.000001 0.037718
1 1 0.288928 0.521597 0.071597 0.000264 0.117615
1 0 0.201884 0.648511 0.066295 0.000010 0.083300
0 0 0.799133 0.095326 0.039929 0.004343 0.061269
0 0 0.831950 0.123657 0.019426 0.000429 0.024537
0 0 0.721033 0.204575 0.026293 0.000383 0.047716
0 0 0.729411 0.124683 0.057396 0.010892 0.077618
0 1 0.775550 0.126122 0.047757 0.002310 0.048261
1 0 0.323867 0.469559 0.162989 0.000498 0.043087
1 0 0.180547 0.516996 0.208492 0.000768 0.093197
0 0 0.632356 0.184096 0.104725 0.006658 0.072164
0 0 0.399643 0.354664 0.197899 0.003183 0.044610
2 1 0.237470 0.272962 0.384202 0.052675 0.052691
1 1 0.278764 0.505739 0.174234 0.000212 0.041051
1 1 0.182947 0.477598 0.254680 0.001915 0.082860
1 1 0.205013 0.516802 0.216201 0.000400 0.061584
1 1 0.202871 0.472522 0.262965 0.001101 0.060540
1 1 0.314218 0.418735 0.214718 0.002811 0.049518
2 1 0.148968 0.224871 0.518910 0.077339 0.029913
2 1 0.117211 0.307018 0.544627 0.009591 0.021552
2 1 0.143278 0.263656 0.514585 0.030923 0.047558
2 0 0.190258 0.368895 0.403369 0.006633 0.030846
2 0 0.265494 0.168349 0.387044 0.136595 0.042518
1 1 0.339732 0.436143 0.179574 0.001195 0.043356
2 1 0.229284 0.269817 0.445104 0.018732 0.037063
1 1 0.216287 0.452599 0.239710 0.003639 0.087766
1 1 0.299330 0.537729 0.140570 0.000020 0.022350
1 1 0.264281 0.528684 0.169224 0.000102 0.037710
1 1 0.092689 0.515605 0.344429 0.000080 0.047198
1 1 0.125949 0.504069 0.321518 0.000186 0.048279
1 1 0.089661 0.512408 0.354285 0.000066 0.043579
1 1 0.156954 0.536719 0.264927 0.000090 0.041310
1 1 0.177871 0.520811 0.252698 0.000206 0.048414
1 1 0.108263 0.555357 0.261882 0.000121 0.074378
1 1 0.120482 0.551748 0.249087 0.000170 0.078514
1 1 0.113466 0.591102 0.236982 0.000037 0.058412
1 1 0.131553 0.583272 0.227715 0.000052 0.057407
1 1 0.075604 0.566675 0.287863 0.000044 0.069814
0 1 0.478913 0.367524 0.107843 0.002599 0.043121
0 1 0.413029 0.387128 0.147555 0.003683 0.048605
0 0 0.451738 0.184525 0.257841 0.048177 0.057718
2 0 0.248738 0.261335 0.397290 0.040329 0.052308
2 0 0.304174 0.222005 0.317150 0.099709 0.056962
0 0 0.415943 0.360182 0.067925 0.000335 0.155614
1 1 0.102206 0.798585 0.063923 0.000000 0.035285
1 1 0.028084 0.770002 0.134061 0.000000 0.067853
1 1 0.026600 0.753029 0.136926 0.000000 0.083444
1 1 0.020435 0.657926 0.183179 0.000001 0.138459
2 1 0.000312 0.282989 0.565175 0.000000 0.151524
2 1 0.000081 0.154745 0.686333 0.000000 0.158841
2 2 0.000409 0.272243 0.599389 0.000000 0.127958
2 2 0.000351 0.224131 0.636114 0.000001 0.139403
2 2 0.000391 0.252370 0.607575 0.000000 0.139663
2 2 0.000306 0.298550 0.535539 0.000000 0.165604
2 2 0.000435 0.323442 0.426206 0.000000 0.249916
2 2 0.000901 0.359126 0.421106 0.000000 0.218866
2 2 0.000992 0.382628 0.401116 0.000000 0.215263
2 2 0.000157 0.216138 0.570644 0.000000 0.213060
2 2 0.000204 0.193848 0.721108 0.000000 0.084839
2 2 0.000181 0.247240 0.626536 0.000000 0.126043
2 2 0.000235 0.207784 0.690676 0.000000 0.101304
2 2 0.000579 0.315843 0.600054 0.000000 0.083524
2 2 0.000600 0.322250 0.575317 0.000000 0.101833
2 2 0.000422 0.292891 0.581329 0.000000 0.125358
2 2 0.000380 0.300037 0.603430 0.000000 0.096153
2 2 0.000674 0.322596 0.544068 0.000000 0.132661
2 2 0.000575 0.310154 0.571029 0.000000 0.118242
2 2 0.000527 0.294879 0.587075 0.000000 0.117519
2 2 0.000732 0.328591 0.578514 0.000000 0.092163
2 2 0.001220 0.312763 0.611620 0.000000 0.074396
2 2 0.000385 0.240357 0.672531 0.000000 0.086727
2 2 0.000434 0.191501 0.735818 0.000001 0.072246
2 2 0.000326 0.196044 0.739826 0.000000 0.063804
2 2 0.000934 0.285865 0.600241 0.000001 0.112960
2 2 0.000663 0.251454 0.621982 0.000001 0.125899
2 2 0.000300 0.206277 0.724663 0.000000 0.068760
2 2 0.000726 0.263674 0.637763 0.000001 0.097837
2 -1 0.001079 0.279113 0.620947 0.000001 0.098860
2 2 0.000883 0.107587 0.858541 0.000443 0.032547
2 2 0.000565 0.117105 0.852512 0.000070 0.029749
2 2 0.000694 0.104142 0.842936 0.000674 0.051553
2 2 0.000745 0.121727 0.835100 0.000192 0.042235
2 2 0.000468 0.100227 0.842920 0.000315 0.056071
2 2 0.000398 0.074488 0.891237 0.000637 0.033240
2 2 0.000631 0.119700 0.831068 0.000139 0.048462
2 2 0.000641 0.084928 0.880577 0.000685 0.033170
2 2 0.000177 0.059096 0.907091 0.000518 0.033119
2 2 0.000250 0.046427 0.934740 0.002409 0.016174
2 2 0.001133 0.101111 0.841664 0.003278 0.052813
2 2 0.001171 0.100473 0.842283 0.004034 0.052039
2 2 0.000605 0.072137 0.883470 0.008283 0.035504
2 2 0.000898 0.122177 0.786057 0.000986 0.089883
2 2 0.000840 0.095102 0.843407 0.004665 0.055986
2 2 0.001201 0.076368 0.878172 0.015103 0.029156
2 2 0.002859 0.127744 0.791222 0.012982 0.065193
2 2 0.000464 0.053077 0.918506 0.008655 0.019298
2 2 0.000790 0.056908 0.898060 0.025277 0.018965
2 2 0.001106 0.077188 0.877059 0.013570 0.031076
2 2 0.002725 0.109397 0.795049 0.041291 0.051539
2 2 0.002289 0.092321 0.842894 0.027764 0.034732
2 2 0.002481 0.098397 0.836959 0.023881 0.038281
2 2 0.003195 0.095383 0.831912 0.037276 0.032234
2 2 0.004325 0.133710 0.770916 0.027972 0.063077
2 3 0.002691 0.079705 0.834569 0.058866 0.024169
2 3 0.003970 0.107896 0.779790 0.065651 0.042692
2 3 0.007456 0.125292 0.761765 0.062419 0.043068
2 3 0.002963 0.093034 0.814678 0.055722 0.033604
2 3 0.003096 0.093167 0.809425 0.060962 0.033351
2 3 0.002346 0.036925 0.744739 0.210753 0.005238
2 3 0.002089 0.044016 0.812310 0.134050 0.007534
2 3 0.003314 0.064756 0.759206 0.157089 0.015635
2 3 0.000916 0.027347 0.811696 0.156079 0.003961
2 3 0.006230 0.077776 0.767117 0.132498 0.016379
2 3 0.006034 0.072957 0.859883 0.049369 0.011757
2 2 0.006896 0.079522 0.840228 0.060240 0.013115
2 2 0.013600 0.131277 0.825377 0.009760 0.019987
2 2 0.007616 0.124957 0.837264 0.006910 0.023253
2 2 0.009524 0.139543 0.822576 0.006744 0.021613
1 1 0.028266 0.465156 0.451911 0.000020 0.054646
2 1 0.047039 0.447002 0.465902 0.000048 0.040009
1 1 0.368961 0.389877 0.175760 0.006602 0.058800
1 1 0.029261 0.481605 0.407320 0.000038 0.081775
2 1 0.060498 0.416667 0.452010 0.000595 0.070230
1 1 0.003706 0.428827 0.420497 0.000002 0.146968
1 1 0.003536 0.491511 0.373486 0.000000 0.131465
2 1 0.004300 0.401736 0.480096 0.000003 0.113866
1 1 0.011156 0.525072 0.338391 0.000003 0.125377
1 1 0.019620 0.540208 0.310340 0.000011 0.129822
1 1 0.017180 0.512244 0.346494 0.000012 0.124069
2 1 0.008740 0.375745 0.444166 0.000072 0.171278
2 1 0.018438 0.387237 0.474715 0.000246 0.119365
2 1 0.014859 0.384725 0.490197 0.000152 0.110068
2 1 0.014479 0.410572 0.477789 0.000041 0.097119
2 2 0.002174 0.308984 0.619562 0.000001 0.069278
2 2 0.001417 0.251847 0.698181 0.000001 0.048553
2 2 0.003569 0.342814 0.612497 0.000001 0.041118
2 2 0.002652 0.303454 0.642666 0.000001 0.051227
2 1 0.021797 0.406509 0.516337 0.000036 0.055321
1 2 0.241944 0.428631 0.276092 0.002916 0.050417
2 2 0.017738 0.368566 0.581125 0.000014 0.032557
2 2 0.019105 0.361383 0.589458 0.000016 0.030039
2 2 0.014658 0.360551 0.585149 0.000016 0.039625
2 1 0.014930 0.327909 0.617262 0.000037 0.039862
1 1 0.248435 0.439367 0.209903 0.004039 0.098256
1 1 0.050256 0.523140 0.343596 0.000062 0.082945
1 1 0.126879 0.515536 0.269257 0.000499 0.087829
1 2 0.042917 0.565434 0.298397 0.000023 0.093229
1 2 0.050533 0.540471 0.322095 0.000049 0.086853
2 2 0.000858 0.296516 0.577631 0.000001 0.124994
2 2 0.001028 0.348440 0.543338 0.000000 0.107195
2 2 0.000732 0.358435 0.570387 0.000000 0.070446
2 2 0.000964 0.350089 0.565985 0.000000 0.082962
2 2 0.000886 0.347312 0.544564 0.000000 0.107237
2 2 0.000390 0.227271 0.685054 0.000000 0.087283
2 2 0.001559 0.296877 0.638420 0.000001 0.063144
2 2 0.000639 0.269275 0.660584 0.000000 0.069502
2 2 0.001429 0.318346 0.605721 0.000000 0.074503
2 2 0.001132 0.315495 0.606125 0.000000 0.077248
2 2 0.004140 0.335988 0.609368 0.000002 0.050501
2 2 0.007101 0.373785 0.553489 0.000006 0.065619
2 1 0.006118 0.400114 0.525703 0.000003 0.068062
1 1 0.060494 0.490094 0.380650 0.000124 0.068639
1 1 0.014807 0.503138 0.435316 0.000001 0.046738
1 0 0.085740 0.739154 0.109083 0.000001 0.066022
1 0 0.081597 0.764823 0.085073 0.000000 0.068506
0 0 0.566198 0.338824 0.049194 0.000982 0.044801
1 0 0.068734 0.785043 0.093642 0.000000 0.052581
1 0 0.041252 0.786250 0.110830 0.000000 0.061667
1 0 0.285225 0.526604 0.143125 0.000133 0.044913
1 0 0.234582 0.546890 0.141450 0.000243 0.076836
0 0 0.646492 0.189676 0.085670 0.007621 0.070541
1 1 0.351191 0.446409 0.145225 0.001279 0.055896
0 1 0.462188 0.308810 0.122130 0.003770 0.103103
1 1 0.196878 0.546519 0.132030 0.000453 0.124119
1 4 0.012952 0.579757 0.261311 0.000002 0.145978
1 4 0.011272 0.445249 0.256325 0.000044 0.287109
1 4 0.009586 0.466161 0.231371 0.000017 0.292865
1 4 0.016450 0.540683 0.203025 0.000006 0.239836
1 4 0.005464 0.524036 0.291580 0.000001 0.178920
1 4 0.003752 0.519359 0.277790 0.000000 0.199099
1 4 0.005045 0.578286 0.247123 0.000000 0.169546
1 4 0.005168 0.545659 0.310366 0.000000 0.138808
1 4 0.012046 0.591926 0.275481 0.000001 0.120546
1 4 0.008422 0.534840 0.139837 0.000002 0.316899
1 4 0.008637 0.590120 0.125853 0.000000 0.275390
1 4 0.004905 0.592983 0.123495 0.000000 0.278616
4 4 0.031142 0.325098 0.064830 0.000000 0.578929
4 4 0.013472 0.312552 0.093810 0.000001 0.580165
1 4 0.006047 0.615296 0.174550 0.000000 0.204106
1 4 0.019042 0.616918 0.156267 0.000001 0.207773
1 4 0.012083 0.602616 0.161197 0.000000 0.224104
1 4 0.009963 0.614142 0.146956 0.000000 0.228939
1 4 0.010719 0.640439 0.168953 0.000000 0.179889
1 4 0.011357 0.446437 0.135941 0.000001 0.406264
1 4 0.006218 0.422845 0.183877 0.000001 0.387058
1 4 0.009980 0.458666 0.144009 0.000001 0.387344
1 4 0.003690 0.443776 0.197156 0.000001 0.355377
4 4 0.014830 0.279567 0.118477 0.000002 0.587125
1 4 0.038588 0.514321 0.060065 0.000003 0.387022
4 4 0.101967 0.199683 0.041159 0.000006 0.657185
4 4 0.113155 0.246752 0.038019 0.000006 0.602069
4 4 0.084040 0.305951 0.042216 0.000007 0.567785
4 4 0.073108 0.283632 0.084573 0.000060 0.558627
1 4 0.171318 0.398015 0.067375 0.000072 0.363219
1 4 0.228245 0.432877 0.058628 0.000057 0.280193
4 4 0.293372 0.250968 0.026184 0.000101 0.429375
4 4 0.244304 0.155331 0.029859 0.000095 0.570411
4 4 0.277327 0.126782 0.019674 0.000062 0.576155
1 4 0.029602 0.541388 0.057861 0.000001 0.371148
4 4 0.052487 0.244713 0.048363 0.000023 0.654414
4 4 0.050965 0.143507 0.030215 0.000004 0.775309
4 4 0.055588 0.103685 0.029305 0.000008 0.811413
4 4 0.092088 0.176345 0.032994 0.000006 0.698567
1 4 0.010667 0.403351 0.198344 0.000001 0.387637
1 4 0.006339 0.534002 0.220888 0.000001 0.238770
1 4 0.003797 0.479952 0.256677 0.000001 0.259573
1 4 0.005127 0.577955 0.237777 0.000000 0.179142
1 4 0.003646 0.519185 0.260911 0.000000 0.216257
1 0 0.080079 0.778948 0.112966 0.000000 0.028007
1 1 0.149299 0.696247 0.119515 0.000001 0.034937
1 1 0.046016 0.776900 0.132137 0.000000 0.044948
1 1 0.014198 0.691373 0.236648 0.000000 0.057781
1 1 0.044271 0.776902 0.143884 0.000000 0.034943
1 1 0.006516 0.562795 0.390221 0.000000 0.040468
1 1 0.004831 0.539488 0.397137 0.000000 0.058544
1 1 0.005891 0.508835 0.436737 0.000000 0.048537
1 1 0.005435 0.474946 0.468091 0.000000 0.051528
1 1 0.006314 0.467540 0.467187 0.000000 0.058959
2 1 0.001179 0.298399 0.649714 0.000000 0.050708
2 1 0.001029 0.306148 0.636839 0.000000 0.055983
2 2 0.002505 0.385013 0.564337 0.000000 0.048146
2 2 0.001899 0.329847 0.608822 0.000000 0.059431
2 2 0.002840 0.318514 0.642432 0.000000 0.036214
2 2 0.000974 0.293622 0.609010 0.000001 0.096393
2 2 0.001934 0.332406 0.599470 0.000001 0.066191
2 2 0.000945 0.265909 0.662327 0.000001 0.070819
2 2 0.000573 0.266499 0.643139 0.000000 0.089789
2 2 0.000749 0.311628 0.608938 0.000000 0.078686
2 2 0.002102 0.344089 0.610873 0.000000 0.042936
2 2 0.001444 0.351643 0.609098 0.000000 0.037815
2 2 0.003248 0.374240 0.596338 0.000000 0.026173
2 2 0.003841 0.359785 0.614383 0.000000 0.021991
2 2 0.004755 0.412827 0.559675 0.000000 0.022743
2 2 0.015164 0.460512 0.509283 0.000000 0.015040
2 2 0.003624 0.362171 0.615941 0.000000 0.018264
1 2 0.011406 0.495009 0.477183 0.000000 0.016402
2 2 0.010016 0.461215 0.513123 0.000000 0.015646
1 2 0.010062 0.492071 0.481422 0.000000 0.016444
2 2 0.007785 0.419120 0.555747 0.000000 0.017348
2 2 0.004827 0.417746 0.555392 0.000000 0.022036
2 2 0.006829 0.463640 0.506355 0.000000 0.023176
1 2 0.009255 0.508238 0.460485 0.000000 0.022021
2 2 0.006363 0.452928 0.516773 0.000000 0.023935
1 1 0.007597 0.507122 0.458010 0.000000 0.027271
1 1 0.009652 0.531070 0.408922 0.000000 0.050355
2 1 0.005840 0.453724 0.499096 0.000000 0.041339
1 1 0.007084 0.504617 0.456668 0.000000 0.031631
2 1 0.005041 0.481916 0.484531 0.000000 0.028512
2 1 0.005686 0.426301 0.547782 0.000000 0.020231
1 2 0.009801 0.522415 0.449743 0.000000 0.018041
2 2 0.004907 0.443608 0.533309 0.000000 0.018176
1 2 0.010635 0.504650 0.465907 0.000000 0.018808
1 2 0.006824 0.533153 0.437824 0.000000 0.022199
2 2 0.010117 0.385623 0.585918 0.000001 0.018341
2 2 0.005231 0.365323 0.611716 0.000000 0.017730
2 2 0.006289 0.377946 0.596332 0.000000 0.019434
2 2 0.014607 0.473305 0.493770 0.000000 0.018319
2 2 0.008223 0.410657 0.566039 0.000000 0.015080
2 2 0.007473 0.329884 0.645434 0.000001 0.017208
2 2 0.014679 0.412168 0.556430 0.000001 0.016722
2 2 0.011568 0.345462 0.626010 0.000001 0.016959
2 2 0.009703 0.347514 0.622235 0.000001 0.020546
2 2 0.005288 0.255012 0.720468 0.000003 0.019229
2 2 0.018206 0.322914 0.642903 0.000007 0.015971
2 2 0.005437 0.248998 0.727630 0.000003 0.017932
2 2 0.007769 0.240360 0.735653 0.000008 0.016211
2 2 0.004365 0.173676 0.808516 0.000012 0.013432
2 2 0.010288 0.223496 0.752153 0.000020 0.014044
2 2 0.005271 0.204748 0.768829 0.000019 0.021134
2 2 0.018245 0.234736 0.733124 0.000057 0.013837
2 2 0.006664 0.217174 0.757584 0.000016 0.018563
2 2 0.015492 0.272235 0.693716 0.000026 0.018532
2 2 0.008825 0.170921 0.809806 0.000071 0.010377
2 2 0.017324 0.174593 0.796657 0.000492 0.010934
2 2 0.008586 0.131288 0.847406 0.000785 0.011936
2 2 0.001494 0.042448 0.947029 0.005956 0.003074
2 2 0.013995 0.201105 0.758992 0.000690 0.025219
2 2 0.007899 0.132158 0.840331 0.002222 0.017389
2 2 0.002422 0.070676 0.890951 0.019591 0.016360
2 2 0.003454 0.100823 0.840388 0.022179 0.033157
2 2 0.006863 0.129351 0.800308 0.021407 0.042071
2 2 0.002867 0.073737 0.882821 0.023711 0.016864
2 2 0.004521 0.106108 0.834238 0.022776 0.032356
2 2 0.004209 0.114087 0.824241 0.017877 0.039585
2 2 0.004144 0.096734 0.843417 0.028128 0.027577
2 2 0.003769 0.090400 0.846834 0.033854 0.025143
2 2 0.002594 0.080432 0.875491 0.019726 0.021757
2 3 0.006291 0.121650 0.802939 0.029786 0.039333
2 3 0.002127 0.045482 0.832823 0.111819 0.007748
2 3 0.007805 0.105349 0.752628 0.104738 0.029480
2 3 0.009647 0.113813 0.771632 0.075203 0.029706
2 3 0.009557 0.103638 0.729896 0.130425 0.026484
2 3 0.005033 0.085344 0.791521 0.096307 0.021795
2 3 0.003933 0.053078 0.760632 0.173471 0.008887
2 3 0.004818 0.062989 0.747092 0.173024 0.012077
2 3 0.005180 0.065956 0.712398 0.202767 0.013699
2 3 0.003586 0.046800 0.709111 0.232894 0.007609
2 3 0.005037 0.056366 0.733512 0.195792 0.009293
2 3 0.002143 0.026963 0.582431 0.385014 0.003450
2 3 0.003301 0.033977 0.630077 0.328366 0.004278
2 3 0.004047 0.039992 0.622597 0.327694 0.005669
2 3 0.009897 0.067716 0.567833 0.341606 0.012948
2 3 0.001286 0.022695 0.687498 0.285950 0.002571
2 3 0.004156 0.066918 0.740103 0.173496 0.015327
2 3 0.006855 0.084531 0.703256 0.184256 0.021102
2 3 0.010387 0.105837 0.663861 0.189948 0.029967
2 3 0.005872 0.083874 0.705698 0.182004 0.022551
2 3 0.006471 0.082263 0.675610 0.214147 0.021508
2 3 0.006271 0.057748 0.552004 0.372054 0.011923
2 3 0.007316 0.061778 0.517862 0.399380 0.013663
2 3 0.002294 0.034211 0.574823 0.382757 0.005915
2 3 0.005279 0.052179 0.545665 0.386388 0.010488
2 3 0.011473 0.082475 0.542448 0.343770 0.019834
2 3 0.002570 0.036020 0.637093 0.318708 0.005609
2 3 0.005170 0.057706 0.632800 0.292827 0.011496
2 3 0.004939 0.049179 0.605934 0.331462 0.008486
2 3 0.007276 0.053586 0.539700 0.390051 0.009387
2 3 0.001010 0.014844 0.538607 0.444141 0.001397
2 3 0.017567 0.113223 0.539319 0.297176 0.032715
2 3 0.013668 0.100774 0.510447 0.344573 0.030537
2 3 0.011091 0.084673 0.549236 0.333767 0.021233
2 3 0.010012 0.074706 0.530252 0.367618 0.017412
2 3 0.010049 0.073852 0.512157 0.386415 0.017528
2 3 0.010488 0.076036 0.540389 0.355760 0.017327
2 3 0.007365 0.058970 0.515557 0.405857 0.012251
3 3 0.003765 0.033067 0.477242 0.480972 0.004954
2 3 0.004389 0.041047 0.495256 0.452010 0.007298
2 3 0.006654 0.052012 0.485649 0.445431 0.010255
2 3 0.008079 0.081913 0.610116 0.278831 0.021061
2 3 0.011526 0.098528 0.612466 0.251195 0.026285
2 3 0.010961 0.096029 0.576392 0.289366 0.027251
2 3 0.009154 0.092782 0.588681 0.282118 0.027265
2 3 0.005639 0.067728 0.609341 0.300680 0.016613
2 3 0.015188 0.090420 0.438875 0.429542 0.025975
2 3 0.011931 0.080518 0.505418 0.382414 0.019719
3 3 0.008334 0.053984 0.418072 0.508203 0.011407
2 3 0.009343 0.078266 0.542887 0.349777 0.019728
2 3 0.007358 0.059084 0.503917 0.417039 0.012602
2 3 0.016014 0.115232 0.528600 0.303435 0.036719
2 3 0.011293 0.083454 0.518313 0.365365 0.021575
2 3 0.007942 0.073223 0.565048 0.336024 0.017764
2 3 0.009180 0.074499 0.484834 0.411556 0.019930
2 3 0.011193 0.073498 0.466931 0.430495 0.017882
2 3 0.006396 0.070590 0.573168 0.331659 0.018187
2 3 0.005347 0.067581 0.613265 0.296883 0.016924
2 3 0.009581 0.097545 0.601510 0.262224 0.029141
2 3 0.007030 0.089047 0.635983 0.241484 0.026457
2 3 0.005372 0.062587 0.596520 0.321001 0.014520
2 3 0.007326 0.056951 0.551332 0.373830 0.010561
2 3 0.011222 0.070768 0.500192 0.402583 0.015236
2 3 0.009245 0.067212 0.538655 0.370903 0.013985
2 3 0.006672 0.068564 0.610336 0.298937 0.015491
2 1 0.006678 0.061145 0.594511 0.325499 0.012166
2 1 0.040607 0.376750 0.528523 0.000314 0.053806
2 1 0.103839 0.410546 0.450861 0.000420 0.034334
2 2 0.011569 0.347532 0.605503 0.000009 0.035387
2 2 0.027044 0.448048 0.491032 0.000008 0.033868
2 2 0.017111 0.361795 0.593323 0.000010 0.027761
2 2 0.003323 0.275489 0.704534 0.000000 0.016654
2 2 0.005453 0.360200 0.611961 0.000000 0.022386
2 2 0.004366 0.437866 0.527519 0.000000 0.030249
2 2 0.007633 0.446931 0.526223 0.000000 0.019213
2 2 0.003817 0.388394 0.579755 0.000000 0.028034
2 2 0.005992 0.414219 0.558889 0.000000 0.020899
2 2 0.002611 0.302614 0.672992 0.000000 0.021782
2 2 0.004543 0.335376 0.639067 0.000000 0.021013
2 2 0.005033 0.422909 0.544602 0.000000 0.027456
2 2 0.008439 0.438506 0.531720 0.000000 0.021335
2 2 0.003553 0.311132 0.666501 0.000000 0.018814
2 2 0.004026 0.277991 0.700930 0.000001 0.017053
2 2 0.009769 0.398650 0.575555 0.000000 0.016025
2 2 0.005313 0.386265 0.586849 0.000000 0.021573
2 2 0.006472 0.344995 0.629881 0.000000 0.018652
2 2 0.005922 0.362000 0.614658 0.000000 0.017419
2 2 0.004298 0.324163 0.653618 0.000000 0.017920
2 2 0.004954 0.217588 0.762836 0.000004 0.014618
2 2 0.003557 0.252836 0.728749 0.000001 0.014858
2 2 0.000845 0.242310 0.706598 0.000000 0.050247
2 2 0.000730 0.294165 0.568118 0.000001 0.136987
2 2 0.001160 0.320280 0.503907 0.000001 0.174652
2 2 0.000540 0.296911 0.513692 0.000000 0.188857
2 2 0.001088 0.360419 0.438989 0.000001 0.199504
2 2 0.000748 0.338559 0.519120 0.000000 0.141573
1 2 0.001917 0.407466 0.371101 0.000001 0.219516
2 2 0.001874 0.385316 0.398398 0.000001 0.214410
2 2 0.001203 0.351878 0.433379 0.000001 0.213538
2 2 0.000801 0.347389 0.446016 0.000000 0.205794
1 2 0.001409 0.474556 0.335655 0.000000 0.188381
1 2 0.004263 0.552122 0.375022 0.000000 0.068593
2 2 0.002778 0.436901 0.437742 0.000001 0.122579
2 2 0.002376 0.435105 0.452632 0.000000 0.109887
2 2 0.002943 0.442082 0.449582 0.000000 0.105392
2 2 0.002195 0.361257 0.538418 0.000001 0.098129
2 2 0.002456 0.399179 0.488974 0.000001 0.109390
2 2 0.002089 0.381518 0.497566 0.000001 0.118826
1 2 0.002636 0.470543 0.421633 0.000000 0.105188
1 2 0.006643 0.607331 0.339380 0.000000 0.046647
1 2 0.005892 0.598671 0.338948 0.000000 0.056489
1 2 0.006182 0.567285 0.384083 0.000000 0.042451
1 2 0.010417 0.610760 0.342580 0.000000 0.036243
1 2 0.009288 0.590456 0.368067 0.000000 0.032189
1 2 0.012900 0.649831 0.300504 0.000000 0.036765
1 2 0.009670 0.496324 0.455790 0.000000 0.038216
2 2 0.001961 0.398068 0.435367 0.000001 0.164603
2 2 0.001673 0.404100 0.439644 0.000000 0.154583
1 2 0.004063 0.527846 0.364887 0.000000 0.103204
1 4 0.005146 0.535702 0.364840 0.000000 0.094312
2 4 0.001383 0.400584 0.482885 0.000000 0.115148
1 4 0.004030 0.500653 0.217798 0.000001 0.277518
1 4 0.006115 0.458139 0.209865 0.000004 0.325876
1 4 0.002871 0.393580 0.257260 0.000005 0.346284
1 4 0.007738 0.392823 0.218468 0.000006 0.380965
4 4 0.027745 0.305305 0.121123 0.000003 0.545824
1 4 0.019034 0.638419 0.270022 0.000000 0.072524
1 1 0.009408 0.591570 0.341351 0.000000 0.057672
1 1 0.011398 0.612136 0.337083 0.000000 0.039383
1 1 0.008958 0.556226 0.386966 0.000000 0.047851
1 1 0.014394 0.633464 0.313636 0.000000 0.038506
1 1 0.015572 0.627918 0.326961 0.000000 0.029548
1 1 0.021880 0.682486 0.271264 0.000000 0.024370
1 1 0.013367 0.617438 0.339635 0.000000 0.029559
1 1 0.009169 0.580322 0.373384 0.000000 0.037125
1 1 0.010199 0.614276 0.338548 0.000000 0.036977
1 1 0.010362 0.532319 0.435381 0.000000 0.021938
1 2 0.013598 0.596835 0.367905 0.000000 0.021662
1 2 0.011793 0.519585 0.451672 0.000000 0.016950
1 2 0.009952 0.521536 0.446721 0.000000 0.021791
1 0 0.007610 0.514280 0.452691 0.000000 0.025420
1 0 0.156932 0.581346 0.199766 0.000075 0.061881
1 1 0.144150 0.592142 0.187564 0.000078 0.076067
1 1 0.023994 0.642366 0.244437 0.000001 0.089201
1 1 0.020029 0.638842 0.264666 0.000001 0.076461
1 2 0.013624 0.558857 0.305119 0.000003 0.122398
2 2 0.000425 0.260949 0.618867 0.000000 0.119759
2 2 0.000867 0.383008 0.512152 0.000000 0.103973
2 2 0.000426 0.303818 0.578294 0.000000 0.117461
2 2 0.000534 0.336202 0.519124 0.000000 0.144140
2 2 0.000725 0.359664 0.498929 0.000000 0.140683
2 2 0.000860 0.332796 0.570176 0.000000 0.096167
2 2 0.000658 0.309831 0.593877 0.000000 0.095634
2 2 0.000418 0.289012 0.628099 0.000000 0.082470
2 2 0.001440 0.374191 0.574887 0.000000 0.049482
2 2 0.001513 0.333570 0.623390 0.000000 0.041526
1 2 0.004752 0.499200 0.463525 0.000000 0.032522
2 2 0.004086 0.423185 0.542117 0.000000 0.030612
2 2 0.003914 0.459428 0.504417 0.000000 0.032241
2 1 0.006177 0.464377 0.502866 0.000000 0.026579
2 1 0.010293 0.464586 0.499149 0.000000 0.025972
2 2 0.003843 0.432434 0.532148 0.000000 0.031575
2 2 0.003444 0.388110 0.579627 0.000000 0.028819
2 2 0.005520 0.447371 0.524217 0.000000 0.022892
2 2 0.006040 0.468643 0.502637 0.000000 0.022680
2 2 0.003528 0.413441 0.560143 0.000000 0.022889
2 2 0.004698 0.387331 0.585289 0.000000 0.022682
2 2 0.004549 0.346184 0.630157 0.000000 0.019109
2 1 0.004131 0.435208 0.537285 0.000000 0.023377
2 1 0.015632 0.472622 0.488503 0.000000 0.023243
2 1 0.011416 0.470710 0.496724 0.000000 0.021150
2 2 0.005066 0.435084 0.534887 0.000000 0.024964
2 2 0.004487 0.415297 0.555944 0.000000 0.024272
2 2 0.003629 0.392001 0.577985 0.000000 0.026386
2 2 0.005615 0.402899 0.571962 0.000000 0.019524
1 2 0.009814 0.528061 0.437316 0.000000 0.024808
2 2 0.006518 0.474943 0.480205 0.000000 0.038334
1 1 0.014809 0.573708 0.369970 0.000000 0.041513
1 1 0.043350 0.577091 0.314959 0.000009 0.064591
1 1 0.012795 0.539480 0.411509 0.000000 0.036215
1 2 0.007135 0.545099 0.404359 0.000000 0.043407
2 2 0.002816 0.341173 0.630531 0.000000 0.025479
2 2 0.003228 0.393282 0.579609 0.000000 0.023881
1 2 0.012827 0.517751 0.452528 0.000000 0.016894
2 2 0.007402 0.453585 0.518240 0.000000 0.020773
2 2 0.003669 0.413117 0.555694 0.000000 0.027520
2 2 0.004085 0.407120 0.566398 0.000000 0.022398
2 2 0.003772 0.373705 0.605284 0.000000 0.017240
2 1 0.006037 0.459479 0.509645 0.000000 0.024839
2 1 0.007901 0.442190 0.518806 0.000000 0.031103
2 1 0.001567 0.318725 0.644656 0.000000 0.035052
1 1 0.007140 0.562546 0.376547 0.000000 0.053767
1 1 0.039255 0.630781 0.289492 0.000001 0.040471
1 1 0.046523 0.633780 0.285433 0.000001 0.034264
1 2 0.012731 0.605057 0.346022 0.000000 0.036191
1 2 0.014822 0.575527 0.382930 0.000000 0.026721
1 2 0.008694 0.499005 0.467084 0.000000 0.025217
1 2 0.007207 0.485794 0.478198 0.000000 0.028801
1 1 0.007298 0.520418 0.444027 0.000000 0.028257
1 1 0.018270 0.545165 0.401821 0.000001 0.034743
1 1 0.077265 0.562179 0.324605 0.000012 0.035939
1 2 0.081372 0.574936 0.270164 0.000047 0.073481
1 2 0.070909 0.552682 0.339291 0.000013 0.037105
1 2 0.054182 0.572889 0.329063 0.000007 0.043858
1 2 0.034653 0.559384 0.361577 0.000003 0.044383
1 1 0.054133 0.507386 0.390142 0.000031 0.048307
1 1 0.093002 0.555248 0.263182 0.000129 0.088439
