0 0 0.983544 0.008859 0.001522 0.000000 0.006075
0 0 0.987413 0.004331 0.001267 0.000002 0.006987
0 0 0.991885 0.002471 0.000742 0.000001 0.004900
0 0 0.994229 0.001919 0.000750 0.000001 0.003101
0 0 0.989572 0.004543 0.001276 0.000001 0.004608
0 0 0.989679 0.002795 0.000759 0.000001 0.006766
0 0 0.989723 0.002235 0.000819 0.000007 0.007217
0 0 0.990297 0.002783 0.000838 0.000002 0.006080
0 0 0.989045 0.003336 0.001387 0.000008 0.006225
0 0 0.950550 0.029046 0.008002 0.000006 0.012396
1 0 0.146836 0.393318 0.071441 0.000018 0.388388
1 1 0.077463 0.492171 0.050074 0.000000 0.380292
1 1 0.043323 0.515890 0.168397 0.000040 0.272350
1 1 0.048653 0.517023 0.121751 0.000007 0.312566
4 1 0.016062 0.377232 0.225809 0.001267 0.379630
2 1 0.010830 0.373896 0.446842 0.003482 0.164950
2 1 0.006881 0.393590 0.469417 0.000091 0.130021
1 1 0.022171 0.554396 0.303479 0.000003 0.119950
1 1 0.040313 0.567461 0.173736 0.000004 0.218487
2 1 0.010218 0.406452 0.458304 0.000312 0.124713
2 1 0.005036 0.320000 0.420303 0.001911 0.252751
1 1 0.015326 0.412738 0.241102 0.000248 0.330587
1 1 0.028665 0.576662 0.188449 0.000001 0.206224
1 1 0.008714 0.399403 0.301283 0.000090 0.290509
1 1 0.008118 0.407841 0.309460 0.000046 0.274535
2 1 0.003013 0.286003 0.422678 0.001255 0.287051
1 1 0.009753 0.422570 0.404949 0.000112 0.162617
1 1 0.021272 0.524348 0.270817 0.000010 0.183552
1 1 0.011844 0.483145 0.339006 0.000008 0.165997
2 1 0.002549 0.293289 0.529147 0.000423 0.174593
1 1 0.006484 0.383769 0.290812 0.000036 0.318899
1 1 0.015243 0.429024 0.340868 0.000557 0.214308
1 1 0.008837 0.448058 0.234619 0.000002 0.308484
1 1 0.011437 0.445809 0.295544 0.000031 0.247178
1 1 0.068330 0.564154 0.107773 0.000002 0.259741
2 1 0.003126 0.307329 0.598142 0.000180 0.091223
2 1 0.003097 0.301081 0.565383 0.000497 0.129942
2 1 0.004956 0.333909 0.608079 0.000096 0.052959
2 1 0.005811 0.322587 0.617933 0.000460 0.053209
2 1 0.008024 0.357559 0.497104 0.001846 0.135466
2 2 0.004431 0.241311 0.684280 0.002979 0.066999
2 2 0.007034 0.295818 0.599798 0.003770 0.093581
2 2 0.008338 0.296282 0.557651 0.009024 0.128704
2 2 0.005837 0.246319 0.621173 0.012015 0.114656
2 2 0.007819 0.313047 0.572268 0.003695 0.103171
2 2 0.008598 0.236512 0.641283 0.029357 0.084250
2 2 0.014678 0.283860 0.465380 0.063397 0.172685
2 3 0.014766 0.276615 0.456535 0.075547 0.176537
2 3 0.014177 0.269340 0.546819 0.057248 0.112416
2 3 0.008324 0.197259 0.640164 0.076343 0.077911
2 3 0.016648 0.133157 0.499442 0.232841 0.117913
2 3 0.009425 0.181168 0.547698 0.169348 0.092361
2 3 0.017922 0.107187 0.448732 0.330559 0.095600
2 3 0.012865 0.109320 0.484086 0.305344 0.088384
2 3 0.015069 0.161086 0.515820 0.188647 0.119378
2 3 0.028300 0.115637 0.437236 0.246401 0.172425
2 3 0.045872 0.129949 0.373451 0.240436 0.210292
2 3 0.019930 0.136777 0.480864 0.221418 0.141011
2 3 0.037365 0.116238 0.391595 0.287547 0.167255
2 3 0.014585 0.115192 0.518904 0.233005 0.118314
3 3 0.043475 0.062853 0.255429 0.532081 0.106162
3 3 0.029523 0.049290 0.269952 0.562573 0.088662
3 3 0.049229 0.066137 0.254838 0.517324 0.112472
3 3 0.037706 0.022467 0.130964 0.751183 0.057679
3 3 0.032433 0.035325 0.181376 0.694325 0.056540
3 3 0.083964 0.080240 0.219601 0.455612 0.160583
3 3 0.062866 0.041101 0.181079 0.598359 0.116595
3 3 0.061519 0.104514 0.287733 0.383603 0.162631
3 3 0.057630 0.067836 0.270510 0.435582 0.168442
3 3 0.028867 0.034170 0.206584 0.663882 0.066496
3 3 0.043127 0.027169 0.133192 0.740154 0.056357
3 3 0.068466 0.042602 0.160167 0.637642 0.091123
3 3 0.055288 0.030545 0.143599 0.691282 0.079285
3 3 0.103913 0.041526 0.132283 0.606998 0.115281
3 3 0.080685 0.031550 0.129527 0.656491 0.101748
3 3 0.087635 0.039168 0.141389 0.620663 0.111145
3 3 0.101557 0.038273 0.134556 0.598776 0.126839
3 3 0.138021 0.044275 0.130404 0.528190 0.159111
3 3 0.069582 0.025978 0.108670 0.725241 0.070530
3 3 0.072966 0.026355 0.114913 0.704995 0.080771
3 3 0.036195 0.017562 0.098073 0.809108 0.039061
3 3 0.039199 0.021756 0.125490 0.758762 0.054792
3 3 0.067874 0.028612 0.130811 0.678910 0.093794
3 3 0.056659 0.020719 0.099063 0.766241 0.057318
3 3 0.075628 0.053643 0.199834 0.528358 0.142536
3 3 0.078563 0.028667 0.121897 0.677535 0.093338
3 3 0.071862 0.025542 0.119295 0.692226 0.091075
3 3 0.035190 0.004955 0.028654 0.915978 0.015222
3 3 0.028005 0.010157 0.060239 0.888317 0.013282
3 3 0.028521 0.050523 0.179822 0.705619 0.035514
2 3 0.038059 0.334442 0.350344 0.102125 0.175031
2 3 0.032646 0.317434 0.373105 0.113279 0.163535
2 3 0.088120 0.230816 0.430979 0.124176 0.125909
2 3 0.019501 0.269839 0.539765 0.025219 0.145676
2 3 0.032528 0.328391 0.413908 0.070484 0.154689
2 3 0.025095 0.320914 0.527533 0.045294 0.081165
2 3 0.017278 0.317446 0.524539 0.029605 0.111132
2 3 0.021611 0.304724 0.568943 0.036797 0.067925
2 3 0.028740 0.336340 0.524394 0.038489 0.072038
2 3 0.014870 0.247012 0.654675 0.036884 0.046559
2 3 0.019819 0.263242 0.555983 0.079268 0.081688
2 3 0.031608 0.349880 0.477946 0.048001 0.092565
2 2 0.007955 0.210275 0.621300 0.061788 0.098682
2 2 0.018131 0.298033 0.498203 0.057950 0.127682
2 2 0.023655 0.324256 0.452720 0.062135 0.137233
2 2 0.015171 0.288614 0.585951 0.026620 0.083645
2 2 0.015440 0.294644 0.578030 0.027522 0.084363
2 2 0.025914 0.350408 0.405869 0.051091 0.166718
2 2 0.035508 0.318076 0.575590 0.028009 0.042817
2 2 0.023836 0.327951 0.455731 0.057888 0.134594
2 2 0.011419 0.210646 0.703260 0.038242 0.036433
2 2 0.004444 0.173399 0.776012 0.011220 0.034925
2 2 0.004323 0.147734 0.786053 0.028511 0.033379
2 2 0.011798 0.263400 0.650938 0.017484 0.056380
2 2 0.004593 0.176531 0.746477 0.020624 0.051776
2 2 0.009407 0.234601 0.630296 0.039700 0.085997
2 2 0.014052 0.248594 0.605199 0.057601 0.074554
2 2 0.009468 0.241682 0.544411 0.058972 0.145466
2 2 0.021206 0.313871 0.502048 0.051224 0.111651
2 2 0.011098 0.228103 0.550877 0.093213 0.116710
2 2 0.027419 0.291312 0.529754 0.082551 0.068963
2 2 0.014118 0.241236 0.590211 0.075273 0.079161
2 2 0.004443 0.147106 0.734677 0.061347 0.052426
2 2 0.005612 0.184884 0.664908 0.054865 0.089730
2 2 0.007780 0.188758 0.576414 0.117880 0.109169
2 3 0.010887 0.207721 0.590575 0.107014 0.083802
2 3 0.008595 0.180825 0.610056 0.124358 0.076166
2 3 0.009319 0.193377 0.565095 0.118810 0.113398
2 3 0.013065 0.232517 0.624385 0.043257 0.086777
2 3 0.006043 0.150377 0.603023 0.159548 0.081008
2 3 0.006319 0.142705 0.586698 0.193198 0.071079
2 3 0.009000 0.169960 0.549156 0.188408 0.083476
2 3 0.005828 0.126953 0.591727 0.217311 0.058181
2 3 0.007855 0.146120 0.549893 0.229207 0.066924
2 3 0.009934 0.158579 0.519750 0.241882 0.069855
2 3 0.024031 0.142186 0.443905 0.275914 0.113964
2 3 0.010247 0.106022 0.507501 0.300016 0.076214
2 3 0.018395 0.198016 0.498414 0.171397 0.113778
2 3 0.012640 0.194251 0.515030 0.183876 0.094204
2 3 0.015840 0.213774 0.509459 0.131636 0.129291
2 3 0.012370 0.129219 0.515161 0.263903 0.079347
2 3 0.016581 0.143658 0.489352 0.248691 0.101718
3 3 0.048227 0.045719 0.136598 0.724025 0.045432
2 3 0.030857 0.188749 0.520465 0.226906 0.033023
2 3 0.012334 0.099956 0.515847 0.282422 0.089441
2 3 0.011540 0.227467 0.645030 0.052612 0.063352
2 3 0.011433 0.220900 0.623950 0.071818 0.071898
2 3 0.005595 0.177506 0.667085 0.064842 0.084973
2 3 0.022993 0.261021 0.587367 0.061224 0.067394
2 3 0.016446 0.239291 0.539556 0.098358 0.106351
2 3 0.004668 0.139409 0.765844 0.054539 0.035540
2 3 0.002377 0.108887 0.804706 0.047852 0.036178
2 3 0.003112 0.119940 0.740183 0.084970 0.051795
2 3 0.007166 0.202294 0.635729 0.059827 0.094983
2 3 0.002257 0.097138 0.794562 0.072671 0.033373
2 3 0.012813 0.248274 0.493901 0.094810 0.150203
2 3 0.015785 0.269786 0.472923 0.089769 0.151737
2 3 0.015467 0.258948 0.472358 0.103968 0.149259
2 3 0.031814 0.310849 0.352991 0.046256 0.258090
2 3 0.062598 0.265028 0.520054 0.049023 0.103298
2 3 0.017604 0.247672 0.592742 0.078834 0.063149
2 3 0.010514 0.200557 0.539765 0.140282 0.108882
2 3 0.005158 0.152583 0.734444 0.051835 0.055980
2 3 0.011487 0.248119 0.530582 0.072259 0.137553
2 3 0.005265 0.156467 0.696026 0.079626 0.062617
2 2 0.012636 0.379007 0.409128 0.005215 0.194014
2 2 0.007614 0.345704 0.418061 0.003166 0.225455
2 4 0.012359 0.384420 0.454991 0.003346 0.144884
2 4 0.008104 0.371175 0.463647 0.000950 0.156123
2 4 0.014880 0.416877 0.431254 0.001217 0.135773
1 4 0.059385 0.599653 0.129089 0.000001 0.211872
1 4 0.027774 0.519373 0.167590 0.000004 0.285259
1 4 0.041348 0.520528 0.159816 0.000019 0.278289
1 4 0.011962 0.430730 0.245239 0.000031 0.312038
1 4 0.013702 0.455169 0.294541 0.000049 0.236541
1 4 0.047391 0.519544 0.103136 0.000002 0.329927
1 4 0.015988 0.422721 0.204574 0.000067 0.356649
1 4 0.082317 0.506608 0.057933 0.000000 0.353141
1 4 0.031089 0.466286 0.122298 0.000007 0.380319
1 4 0.042287 0.468064 0.088883 0.000003 0.400763
4 4 0.034938 0.251989 0.016117 0.000000 0.696956
4 4 0.059414 0.353235 0.022617 0.000000 0.564734
1 4 0.053712 0.445538 0.057031 0.000001 0.443718
1 4 0.079818 0.577124 0.051224 0.000000 0.291834
1 4 0.049291 0.474938 0.042263 0.000000 0.433508
1 4 0.022254 0.566626 0.242677 0.000001 0.168442
1 4 0.009207 0.427832 0.355588 0.000051 0.207322
1 4 0.027229 0.569793 0.196545 0.000001 0.206432
1 4 0.008463 0.425128 0.350992 0.000037 0.215379
1 4 0.007703 0.414176 0.357329 0.000043 0.220748
2 4 0.003002 0.301296 0.595344 0.000264 0.100093
2 4 0.004677 0.346675 0.549659 0.000138 0.098851
2 4 0.005478 0.373005 0.538636 0.000045 0.082837
2 4 0.003544 0.298819 0.436249 0.001360 0.260028
2 4 0.005422 0.357597 0.554731 0.000105 0.082146
2 4 0.002425 0.234897 0.685820 0.000803 0.076055
2 2 0.005813 0.337451 0.539311 0.001015 0.116409
2 2 0.005445 0.325362 0.619858 0.000221 0.049114
2 2 0.000844 0.166586 0.792046 0.000171 0.040354
2 2 0.009259 0.388229 0.558204 0.000060 0.044248
1 2 0.138344 0.442707 0.359740 0.024952 0.034255
1 2 0.229364 0.509668 0.227656 0.002559 0.030752
0 2 0.896018 0.051709 0.030355 0.000693 0.021226
0 0 0.890600 0.056848 0.029415 0.000460 0.022677
0 0 0.840645 0.071887 0.051907 0.004785 0.030777
0 0 0.985475 0.005370 0.000832 0.000000 0.008322
0 0 0.974043 0.012177 0.002920 0.000002 0.010858
0 0 0.981714 0.007338 0.001456 0.000001 0.009491
0 0 0.981401 0.006973 0.001745 0.000002 0.009878
0 0 0.984219 0.004813 0.001312 0.000003 0.009652
0 0 0.973410 0.005142 0.000409 0.000000 0.021039
0 0 0.963743 0.009740 0.000593 0.000000 0.025924
0 0 0.961222 0.010746 0.000793 0.000000 0.027239
0 0 0.966845 0.004512 0.000380 0.000000 0.028263
0 0 0.970725 0.002777 0.000497 0.000002 0.025999
0 0 0.946101 0.016922 0.000801 0.000000 0.036176
0 0 0.968510 0.005672 0.000385 0.000000 0.025433
0 0 0.929127 0.012522 0.000765 0.000000 0.057586
0 0 0.912410 0.033044 0.001958 0.000000 0.052587
0 0 0.939237 0.009522 0.001474 0.000016 0.049751
1 0 0.044379 0.572408 0.175752 0.000005 0.207457
2 0 0.008277 0.377240 0.492437 0.000578 0.121468
1 1 0.013857 0.473825 0.417590 0.000023 0.094706
2 1 0.008753 0.370823 0.491130 0.001206 0.128088
2 1 0.011457 0.402416 0.452223 0.000754 0.133149
2 1 0.003441 0.302609 0.605243 0.000381 0.088326
2 2 0.002790 0.227539 0.728439 0.000541 0.040689
2 2 0.002675 0.245812 0.692861 0.000489 0.058163
2 2 0.002009 0.212601 0.732244 0.000544 0.052602
2 2 0.003780 0.278539 0.664607 0.000426 0.052648
2 2 0.002531 0.154545 0.813803 0.003122 0.025999
2 2 0.002580 0.183556 0.769012 0.002280 0.042572
2 2 0.003159 0.175270 0.775851 0.005182 0.040539
2 2 0.005801 0.241367 0.674777 0.006942 0.071113
2 2 0.007657 0.314802 0.561210 0.003739 0.112591
2 2 0.008691 0.279208 0.648085 0.005264 0.058751
2 2 0.002170 0.145564 0.805584 0.006565 0.040118
2 2 0.008280 0.272824 0.624365 0.009617 0.084915
2 2 0.003821 0.201472 0.678580 0.013922 0.102206
2 2 0.005487 0.215846 0.687451 0.014927 0.076290
2 2 0.004161 0.176143 0.758868 0.013778 0.047049
2 2 0.003015 0.153692 0.789885 0.011899 0.041509
2 2 0.011441 0.256219 0.616513 0.033576 0.082251
2 2 0.001878 0.113829 0.836106 0.016096 0.032092
2 2 0.009134 0.247027 0.646061 0.021935 0.075843
2 2 0.004924 0.166244 0.715388 0.049491 0.063954
2 2 0.003402 0.123648 0.764587 0.066335 0.042028
2 2 0.009577 0.233719 0.611838 0.048654 0.096212
2 3 0.004084 0.130536 0.766846 0.061682 0.036853
2 3 0.012352 0.251677 0.547088 0.068621 0.120263
2 3 0.009348 0.174017 0.608801 0.144272 0.063562
2 3 0.005497 0.125159 0.654002 0.171188 0.044153
2 3 0.005119 0.127497 0.649727 0.165545 0.052112
2 3 0.008941 0.165722 0.637864 0.135752 0.051722
2 3 0.006426 0.140678 0.595808 0.189400 0.067688
2 3 0.004712 0.111489 0.592768 0.239439 0.051592
2 3 0.007838 0.156732 0.563165 0.195644 0.076621
2 3 0.010247 0.181717 0.534643 0.184266 0.089127
2 3 0.010063 0.174473 0.540729 0.184472 0.090263
2 3 0.013678 0.196862 0.494296 0.204695 0.090469
2 3 0.010533 0.155503 0.522788 0.242477 0.068698
2 3 0.005546 0.083306 0.503012 0.366835 0.041300
2 3 0.019245 0.109801 0.459682 0.300782 0.110490
2 3 0.008682 0.105973 0.513897 0.309415 0.062033
2 3 0.012849 0.137823 0.509252 0.243742 0.096334
3 3 0.015593 0.055068 0.307795 0.571144 0.050400
3 3 0.015932 0.059903 0.297985 0.580894 0.045287
3 3 0.017026 0.045245 0.271949 0.616499 0.049281
3 3 0.018889 0.033776 0.203207 0.702912 0.041216
3 3 0.012383 0.042547 0.301874 0.596735 0.046460
3 3 0.014492 0.015155 0.114033 0.834506 0.021815
3 3 0.011240 0.006381 0.059402 0.911303 0.011673
3 3 0.016793 0.012445 0.096047 0.851813 0.022902
3 3 0.015616 0.017879 0.127218 0.814052 0.025236
3 3 0.024046 0.021241 0.116835 0.807238 0.030640
3 3 0.035044 0.026006 0.126985 0.767104 0.044861
3 3 0.026140 0.021576 0.140635 0.765056 0.046593
3 3 0.034060 0.032158 0.169618 0.704106 0.060058
3 3 0.029658 0.045664 0.206831 0.662297 0.055551
3 3 0.022439 0.008389 0.046137 0.909364 0.013671
3 3 0.021056 0.045498 0.234783 0.651205 0.047457
3 3 0.018195 0.058751 0.301066 0.566401 0.055587
3 3 0.018632 0.040320 0.226813 0.667676 0.046560
3 3 0.008597 0.032671 0.244152 0.687309 0.027270
3 3 0.035231 0.066826 0.265528 0.549831 0.082585
3 3 0.023743 0.031551 0.153438 0.757019 0.034248
3 3 0.034572 0.027118 0.133435 0.757928 0.046946
3 3 0.018835 0.021288 0.130061 0.802415 0.027401
3 3 0.023495 0.024380 0.163481 0.739871 0.048774
3 3 0.029273 0.016015 0.098207 0.822368 0.034137
3 3 0.050513 0.021446 0.094420 0.788973 0.044648
3 3 0.040532 0.022596 0.121356 0.760859 0.054658
3 3 0.015413 0.004738 0.039298 0.930475 0.010076
3 3 0.025850 0.008227 0.060911 0.882129 0.022883
3 3 0.042740 0.016758 0.070463 0.841705 0.028334
3 3 0.022690 0.005485 0.037711 0.921176 0.012938
3 3 0.024947 0.007677 0.050943 0.899500 0.016933
3 3 0.086482 0.018017 0.066259 0.780257 0.048984
3 3 0.030001 0.004973 0.031621 0.918960 0.014444
3 3 0.034928 0.010348 0.062079 0.865434 0.027210
3 3 0.044177 0.009767 0.050213 0.870289 0.025553
3 3 0.045558 0.011250 0.059953 0.850617 0.032622
3 3 0.039417 0.009222 0.049982 0.878248 0.023131
3 3 0.044487 0.009123 0.046385 0.876157 0.023848
3 3 0.036753 0.006911 0.040250 0.896787 0.019299
3 3 0.014627 0.005510 0.050855 0.915379 0.013630
3 3 0.052081 0.010258 0.047200 0.863586 0.026875
3 3 0.030135 0.005231 0.033343 0.916328 0.014963
3 3 0.011465 0.006388 0.055072 0.917224 0.009851
3 3 0.021753 0.009175 0.070034 0.877598 0.021441
3 3 0.051144 0.012114 0.055666 0.851867 0.029210
3 3 0.068394 0.016838 0.075377 0.785323 0.054068
3 3 0.081671 0.017666 0.066332 0.785138 0.049194
3 3 0.063948 0.014211 0.058094 0.828483 0.035264
3 3 0.037369 0.006780 0.038757 0.898041 0.019053
2 3 0.149024 0.291148 0.453037 0.047347 0.059444
2 3 0.035716 0.276956 0.448217 0.166160 0.072950
2 3 0.016087 0.238380 0.491220 0.131906 0.122407
2 2 0.004762 0.163089 0.674093 0.053447 0.104608
2 2 0.010957 0.243643 0.510664 0.079824 0.154912
2 2 0.016328 0.220294 0.599273 0.109213 0.054893
2 2 0.001398 0.079738 0.860791 0.036690 0.021383
2 2 0.002039 0.088199 0.797605 0.082615 0.029542
2 2 0.002423 0.086064 0.737810 0.142424 0.031279
2 2 0.009606 0.210137 0.658569 0.057332 0.064356
2 2 0.002458 0.148986 0.794080 0.009570 0.044905
2 2 0.001401 0.120993 0.839002 0.005074 0.033529
2 2 0.007473 0.264889 0.650311 0.006873 0.070454
2 2 0.008042 0.276150 0.619963 0.008446 0.087399
2 2 0.004683 0.208930 0.726147 0.006968 0.053272
1 4 0.016330 0.414065 0.371391 0.002194 0.196019
2 4 0.006628 0.346241 0.375625 0.001104 0.270402
1 4 0.011668 0.396931 0.291607 0.000396 0.299399
1 4 0.020305 0.502215 0.248338 0.000017 0.229126
1 4 0.014759 0.413485 0.311526 0.000765 0.259464
4 4 0.010401 0.320400 0.099800 0.000007 0.569392
1 4 0.078701 0.478535 0.036225 0.000000 0.406538
4 4 0.006331 0.269592 0.153170 0.000313 0.570594
4 4 0.035217 0.337503 0.035684 0.000000 0.591596
4 4 0.016132 0.170803 0.021222 0.000001 0.791841
1 4 0.017611 0.502509 0.279982 0.000013 0.199884
1 4 0.017602 0.522523 0.168511 0.000000 0.291364
1 4 0.017108 0.541672 0.193317 0.000000 0.247903
1 4 0.033255 0.556688 0.166916 0.000002 0.243140
1 4 0.021176 0.488229 0.271659 0.000061 0.218875
4 4 0.087909 0.443489 0.023023 0.000000 0.445579
1 4 0.074570 0.608427 0.065190 0.000000 0.251814
1 4 0.076088 0.610252 0.050148 0.000000 0.263512
1 4 0.026563 0.487158 0.092025 0.000000 0.394254
1 4 0.026504 0.513098 0.106119 0.000000 0.354279
1 4 0.022930 0.573652 0.260346 0.000001 0.143071
1 4 0.013615 0.454973 0.433593 0.000062 0.097757
1 4 0.018239 0.475021 0.356098 0.000119 0.150523
1 4 0.023276 0.546132 0.308170 0.000006 0.122416
2 4 0.007072 0.368312 0.464251 0.000572 0.159793
2 4 0.002692 0.294539 0.630504 0.000114 0.072151
2 4 0.003922 0.307947 0.610610 0.000390 0.077130
2 4 0.002681 0.282576 0.651111 0.000185 0.063446
2 4 0.002529 0.289050 0.587930 0.000350 0.120140
2 4 0.002673 0.282867 0.646500 0.000211 0.067750
2 4 0.004147 0.298135 0.547962 0.001442 0.148313
2 4 0.003348 0.287477 0.583159 0.000859 0.125157
2 4 0.002626 0.222374 0.692588 0.001671 0.080740
2 4 0.003747 0.279434 0.625340 0.000950 0.090530
2 4 0.003943 0.263773 0.665372 0.001055 0.065857
2 2 0.001190 0.158775 0.805319 0.000485 0.034231
2 2 0.003984 0.256034 0.694669 0.000717 0.044595
2 2 0.003576 0.270687 0.645516 0.000875 0.079346
2 2 0.005824 0.271480 0.677614 0.001306 0.043775
2 2 0.003057 0.233455 0.722208 0.000580 0.040701
2 2 0.002930 0.255490 0.668066 0.000679 0.072835
2 2 0.001991 0.221848 0.724308 0.000372 0.051481
2 2 0.006479 0.317728 0.644235 0.000243 0.031315
2 2 0.002426 0.216581 0.695679 0.001714 0.083600
2 2 0.002660 0.248342 0.708265 0.000167 0.040566
2 2 0.011690 0.352300 0.599081 0.000843 0.036086
2 2 0.006724 0.310027 0.639140 0.000683 0.043426
2 2 0.002248 0.194444 0.735987 0.002069 0.065252
2 2 0.001582 0.175278 0.778397 0.000831 0.043912
2 2 0.018554 0.409084 0.522128 0.000853 0.049380
1 2 0.083176 0.565143 0.203175 0.000180 0.148326
1 2 0.028252 0.449313 0.390932 0.003821 0.127682
2 2 0.016417 0.391060 0.457145 0.004466 0.130912
2 2 0.016430 0.399116 0.426253 0.005655 0.152546
2 2 0.008883 0.316486 0.512180 0.007764 0.154686
2 2 0.001962 0.176467 0.784455 0.001041 0.036076
2 2 0.002225 0.192878 0.756260 0.001251 0.047387
2 2 0.003779 0.246551 0.706165 0.000765 0.042739
2 2 0.000608 0.114919 0.863233 0.000288 0.020952
2 2 0.004494 0.251358 0.688988 0.001583 0.053577
2 2 0.007812 0.336362 0.609838 0.000583 0.045405
1 2 0.037880 0.465016 0.450676 0.001011 0.045417
2 2 0.015449 0.390090 0.524290 0.002166 0.068006
2 2 0.002208 0.188897 0.777124 0.000685 0.031087
2 2 0.004055 0.237268 0.678379 0.003275 0.077023
2 2 0.001554 0.136800 0.838101 0.001383 0.022162
2 2 0.002039 0.164287 0.777169 0.003731 0.052773
2 2 0.002870 0.191872 0.746993 0.003428 0.054837
2 2 0.005020 0.227221 0.721639 0.003191 0.042927
2 2 0.007923 0.271936 0.674061 0.002992 0.043087
2 2 0.005345 0.218916 0.693938 0.011192 0.070609
2 2 0.005543 0.236993 0.655958 0.010170 0.091337
2 2 0.008290 0.273688 0.614362 0.010704 0.092956
2 2 0.004035 0.202130 0.704426 0.010800 0.078610
2 2 0.005670 0.209408 0.731560 0.008711 0.044651
2 2 0.013118 0.342930 0.483342 0.011133 0.149476
2 0 0.042251 0.404448 0.478696 0.010550 0.064055
2 2 0.023289 0.339244 0.589633 0.008747 0.039087
2 2 0.017019 0.340310 0.554449 0.010633 0.077589
2 2 0.007970 0.279308 0.651647 0.003944 0.057132
2 2 0.004681 0.175396 0.781844 0.008828 0.029250
2 2 0.005149 0.199639 0.750857 0.006975 0.037381
2 2 0.005165 0.203845 0.759164 0.003698 0.028127
2 2 0.001414 0.110205 0.858725 0.005546 0.024109
2 2 0.001904 0.113222 0.840679 0.014868 0.029327
2 2 0.004825 0.202167 0.739041 0.007631 0.046336
2 2 0.003562 0.178056 0.780356 0.004645 0.033381
2 2 0.002926 0.165516 0.780156 0.007248 0.044154
2 2 0.003631 0.169989 0.781695 0.008012 0.036672
2 2 0.032543 0.359266 0.528963 0.022907 0.056321
2 2 0.021235 0.337119 0.597335 0.004897 0.039414
2 2 0.012381 0.299271 0.635482 0.005741 0.047125
2 2 0.016111 0.344184 0.583315 0.004549 0.051841
2 2 0.002141 0.135944 0.822126 0.007133 0.032656
2 2 0.010909 0.309202 0.584583 0.008091 0.087215
2 2 0.008205 0.270909 0.680087 0.002752 0.038047
2 2 0.003443 0.187811 0.771053 0.003064 0.034630
2 2 0.001485 0.116305 0.852406 0.004719 0.025084
2 2 0.011120 0.293725 0.643739 0.004841 0.046575
2 2 0.008877 0.264963 0.686095 0.003755 0.036311
1 2 0.289961 0.516359 0.143290 0.000719 0.049671
0 2 0.918613 0.041738 0.011509 0.000046 0.028093
0 0 0.960894 0.014781 0.001948 0.000001 0.022376
0 0 0.951223 0.022448 0.003719 0.000003 0.022608
0 0 0.973595 0.008798 0.001826 0.000003 0.015779
0 0 0.964165 0.009334 0.000968 0.000000 0.025532
0 0 0.980476 0.005058 0.000665 0.000000 0.013801
0 0 0.967105 0.006770 0.001166 0.000005 0.024955
0 0 0.737559 0.202675 0.013934 0.000000 0.045831
0 0 0.953615 0.006547 0.001520 0.000057 0.038261
4 0 0.078291 0.393514 0.069077 0.000004 0.459113
4 0 0.096119 0.364707 0.094004 0.000040 0.445131
1 0 0.045339 0.573543 0.209749 0.000012 0.171357
1 1 0.027869 0.462696 0.261853 0.000692 0.246890
4 2 0.014241 0.343383 0.262023 0.010077 0.370276
2 2 0.002720 0.227633 0.695303 0.001325 0.073019
2 2 0.004606 0.300626 0.645660 0.000361 0.048747
2 2 0.003256 0.212325 0.737803 0.001671 0.044945
2 2 0.007508 0.314420 0.632091 0.000889 0.045093
2 2 0.003691 0.246216 0.674521 0.001774 0.073797
2 2 0.000475 0.102494 0.868903 0.000519 0.027608
2 2 0.000762 0.124958 0.857519 0.000200 0.016562
2 2 0.000388 0.091906 0.892433 0.000205 0.015069
2 2 0.001046 0.138175 0.817217 0.001305 0.042257
2 2 0.001098 0.128919 0.853782 0.000419 0.015781
2 2 0.000680 0.069999 0.903377 0.008526 0.017418
2 2 0.009597 0.254648 0.673477 0.011088 0.051189
2 2 0.010650 0.241786 0.714999 0.005498 0.027067
2 2 0.005846 0.227411 0.703134 0.007557 0.056053
2 2 0.001941 0.135545 0.828024 0.004708 0.029782
2 2 0.001663 0.138303 0.830219 0.002290 0.027525
2 2 0.000856 0.104276 0.870975 0.001683 0.022209
2 2 0.001107 0.127717 0.847925 0.000865 0.022386
2 2 0.002079 0.157395 0.818730 0.001044 0.020751
2 2 0.004380 0.212780 0.751370 0.001853 0.029618
2 2 0.005438 0.195920 0.774458 0.003350 0.020834
2 2 0.007548 0.254961 0.698556 0.003116 0.035817
2 2 0.006426 0.255651 0.712862 0.000966 0.024096
2 2 0.005015 0.219547 0.739292 0.002675 0.033471
2 2 0.003197 0.192517 0.779311 0.001075 0.023899
1 2 0.282591 0.303341 0.198703 0.069758 0.145606
0 2 0.721495 0.157474 0.064191 0.001752 0.055088
0 0 0.891647 0.045312 0.018440 0.000854 0.043747
0 0 0.927823 0.024907 0.013672 0.001545 0.032054
0 0 0.937918 0.030252 0.009883 0.000053 0.021893
4 0 0.360007 0.060073 0.007337 0.000002 0.572581
4 0 0.254480 0.040716 0.005069 0.000001 0.699734
0 0 0.498793 0.090313 0.004623 0.000000 0.406270
1 0 0.320131 0.417149 0.015874 0.000000 0.246847
4 0 0.082748 0.388598 0.070459 0.000443 0.457753
2 4 0.004938 0.322769 0.589484 0.000570 0.082239
2 4 0.003861 0.310535 0.590206 0.000477 0.094922
2 4 0.003897 0.310250 0.615660 0.000256 0.069937
2 4 0.006016 0.344557 0.583595 0.000238 0.065593
2 4 0.006676 0.371166 0.566012 0.000056 0.056090
1 4 0.010150 0.361738 0.311257 0.001778 0.315077
1 4 0.009817 0.377183 0.322731 0.000768 0.289500
4 4 0.046033 0.429743 0.055774 0.000001 0.468449
1 4 0.034263 0.521476 0.136982 0.000002 0.307276
4 4 0.041253 0.388559 0.061260 0.000005 0.508923
1 4 0.029875 0.450247 0.151774 0.000059 0.368045
1 4 0.107845 0.527203 0.053786 0.000000 0.311167
1 4 0.088094 0.464142 0.060201 0.000005 0.387559
1 4 0.038430 0.505858 0.103353 0.000001 0.352358
4 4 0.058687 0.391725 0.032969 0.000000 0.516619
4 4 0.087606 0.157974 0.005561 0.000000 0.748859
4 4 0.122080 0.291482 0.008827 0.000000 0.577612
4 4 0.072686 0.276823 0.009491 0.000000 0.641000
4 4 0.051575 0.035158 0.003546 0.000000 0.909720
4 4 0.094935 0.291099 0.015757 0.000001 0.598208
4 4 0.152106 0.326368 0.017256 0.000000 0.504270
1 4 0.067773 0.472135 0.054633 0.000000 0.405459
1 4 0.134077 0.566691 0.050567 0.000000 0.248665
1 4 0.114988 0.580471 0.064228 0.000000 0.240313
1 4 0.111933 0.439316 0.025595 0.000000 0.423156
4 4 0.046284 0.166297 0.003909 0.000000 0.783510
4 4 0.067813 0.242557 0.008020 0.000000 0.681611
4 4 0.061912 0.293149 0.011638 0.000000 0.633301
4 4 0.045682 0.054122 0.001597 0.000000 0.898599
4 4 0.109705 0.286297 0.005595 0.000000 0.598403
4 4 0.055553 0.095265 0.005631 0.000000 0.843551
4 4 0.095574 0.317671 0.009671 0.000000 0.577084
4 4 0.057360 0.386212 0.028111 0.000000 0.528318
4 4 0.042604 0.271368 0.025648 0.000003 0.660378
4 4 0.090139 0.353541 0.021860 0.000000 0.534460
4 4 0.074737 0.337452 0.015195 0.000000 0.572616
4 4 0.083925 0.359073 0.015858 0.000000 0.541144
4 4 0.067757 0.378593 0.021001 0.000000 0.532649
4 4 0.069844 0.381115 0.030113 0.000000 0.518927
4 4 0.092659 0.329815 0.012449 0.000000 0.565077
1 4 0.071768 0.471784 0.067594 0.000004 0.388851
4 4 0.071820 0.428683 0.039728 0.000000 0.459769
1 4 0.086758 0.522278 0.035266 0.000000 0.355698
4 4 0.061366 0.221034 0.010773 0.000000 0.706827
1 4 0.122696 0.548284 0.055772 0.000000 0.273247
1 4 0.119544 0.557663 0.051807 0.000000 0.270986
4 4 0.025120 0.342017 0.078406 0.000030 0.554427
1 4 0.110573 0.519495 0.041191 0.000000 0.328741
1 4 0.066655 0.498659 0.078965 0.000003 0.355718
1 4 0.143229 0.511650 0.046601 0.000001 0.298520
1 4 0.072251 0.621170 0.162568 0.000002 0.144009
1 4 0.119850 0.627212 0.141621 0.000004 0.111313
1 4 0.085575 0.598749 0.185454 0.000024 0.130197
1 4 0.073320 0.635339 0.180742 0.000002 0.110597
1 4 0.062153 0.577372 0.212138 0.000039 0.148298
1 4 0.043024 0.636973 0.219355 0.000000 0.100647
1 4 0.023531 0.546188 0.262200 0.000005 0.168076
1 4 0.014327 0.475711 0.414251 0.000025 0.095685
1 4 0.015856 0.495576 0.354772 0.000018 0.133777
1 4 0.011684 0.440902 0.439953 0.000072 0.107389
1 4 0.153570 0.625892 0.085411 0.000000 0.135127
1 4 0.117198 0.607704 0.075960 0.000000 0.199137
1 4 0.048192 0.577684 0.199690 0.000010 0.174424
1 4 0.039965 0.545441 0.252908 0.000056 0.161630
1 4 0.036971 0.553362 0.214893 0.000014 0.194761
1 4 0.037899 0.513685 0.348081 0.000331 0.100004
1 4 0.029449 0.502509 0.386530 0.000149 0.081363
1 4 0.027391 0.439362 0.407041 0.005441 0.120766
1 4 0.081764 0.582791 0.195847 0.000059 0.139539
1 4 0.087413 0.610936 0.185536 0.000013 0.116101
2 4 0.005721 0.323154 0.633306 0.000155 0.037664
2 4 0.003856 0.310250 0.591828 0.000470 0.093596
2 4 0.003221 0.292240 0.640177 0.000255 0.064107
2 4 0.004782 0.305401 0.650823 0.000209 0.038785
2 4 0.003350 0.297638 0.624822 0.000308 0.073883
2 2 0.002361 0.183180 0.780487 0.001142 0.032830
2 2 0.004071 0.256684 0.707687 0.000402 0.031156
2 2 0.000852 0.147245 0.813574 0.000382 0.037947
2 2 0.000852 0.130816 0.843581 0.000401 0.024350
2 2 0.000745 0.110148 0.867482 0.000693 0.020932
2 2 0.001979 0.232846 0.712474 0.000262 0.052439
2 2 0.004932 0.305393 0.648365 0.000289 0.041020
2 2 0.002629 0.234498 0.717477 0.000432 0.044963
2 2 0.002183 0.207645 0.743392 0.000658 0.046122
2 2 0.014078 0.396152 0.538931 0.000420 0.050420
1 2 0.086202 0.562218 0.265144 0.000355 0.086082
1 2 0.037095 0.468321 0.357617 0.004410 0.132558
1 2 0.047512 0.490641 0.361563 0.002939 0.097345
1 2 0.102322 0.563801 0.240940 0.000477 0.092460
0 2 0.439021 0.309730 0.107374 0.000842 0.143032
1 2 0.109391 0.447758 0.064542 0.000002 0.378307
1 2 0.064863 0.536024 0.162150 0.000082 0.236881
1 2 0.037244 0.500924 0.300173 0.000659 0.161001
1 2 0.023330 0.460473 0.359477 0.000895 0.155825
1 2 0.039234 0.504958 0.283391 0.000583 0.171834
2 2 0.003048 0.193799 0.759393 0.002352 0.041410
2 2 0.000355 0.070060 0.916831 0.000681 0.012073
2 2 0.001038 0.122235 0.858672 0.000622 0.017434
2 2 0.000870 0.122726 0.845515 0.000965 0.029924
2 2 0.002706 0.196475 0.757872 0.001518 0.041429
2 2 0.001618 0.141061 0.826701 0.001981 0.028640
2 2 0.001813 0.140484 0.819785 0.003828 0.034091
2 2 0.000683 0.090127 0.880610 0.003093 0.025487
2 2 0.002117 0.171740 0.775500 0.002580 0.048064
2 2 0.001935 0.148848 0.814681 0.002715 0.031822
2 2 0.001414 0.088315 0.870952 0.018669 0.020651
2 2 0.001602 0.097330 0.826847 0.036956 0.037264
2 2 0.002202 0.113044 0.825389 0.026651 0.032714
2 2 0.000739 0.060941 0.901844 0.021163 0.015312
2 2 0.002677 0.123995 0.787833 0.040492 0.045004
2 2 0.002108 0.122821 0.821918 0.016566 0.036587
2 2 0.005264 0.185236 0.723055 0.026624 0.059821
2 2 0.001647 0.099003 0.860982 0.015694 0.022674
2 2 0.004241 0.171198 0.768498 0.014450 0.041613
2 2 0.003059 0.127443 0.796113 0.035993 0.037392
2 3 0.010293 0.229849 0.615550 0.056841 0.087467
2 3 0.006193 0.191642 0.684493 0.043522 0.074150
2 3 0.003542 0.149317 0.724671 0.050558 0.071912
2 3 0.003496 0.141950 0.754394 0.045497 0.054663
2 3 0.006734 0.188377 0.654296 0.067554 0.083040
2 3 0.009991 0.197672 0.649990 0.082030 0.060317
2 3 0.003467 0.110390 0.742138 0.107042 0.036963
2 3 0.007613 0.144525 0.778682 0.051149 0.018031
2 3 0.002551 0.108429 0.790838 0.060857 0.037324
2 3 0.003514 0.126642 0.741023 0.078849 0.049971
2 3 0.003090 0.118568 0.803193 0.043848 0.031301
2 3 0.005580 0.156402 0.691787 0.086058 0.060173
2 3 0.003430 0.112786 0.666085 0.158886 0.058813
2 3 0.005281 0.138343 0.701162 0.108149 0.047065
2 3 0.006734 0.162716 0.636846 0.122710 0.070994
2 3 0.004137 0.122570 0.712192 0.115862 0.045239
2 3 0.007131 0.157225 0.614895 0.152502 0.068247
2 3 0.005985 0.149718 0.601973 0.162218 0.080106
2 3 0.004518 0.106740 0.645740 0.204809 0.038193
2 3 0.003846 0.123381 0.676838 0.135258 0.060678
2 3 0.003499 0.047669 0.512110 0.410495 0.026227
2 3 0.007251 0.110259 0.542589 0.278731 0.061171
2 3 0.003475 0.092108 0.606838 0.255611 0.041968
2 3 0.011684 0.113731 0.502502 0.292350 0.079733
2 3 0.002972 0.052618 0.531440 0.386615 0.026356
3 3 0.006330 0.055694 0.417472 0.483954 0.036550
3 3 0.020739 0.071045 0.325294 0.519785 0.063137
3 3 0.005136 0.038712 0.370827 0.555112 0.030213
3 3 0.007493 0.035031 0.289559 0.638762 0.029154
3 3 0.004405 0.027161 0.279644 0.669434 0.019356
3 3 0.009709 0.044986 0.348781 0.553287 0.043236
3 3 0.004085 0.025961 0.325514 0.621084 0.023356
3 3 0.011042 0.036998 0.300689 0.609651 0.041619
3 3 0.013055 0.037954 0.262390 0.645000 0.041601
3 3 0.005217 0.015022 0.193462 0.769125 0.017174
3 3 0.004921 0.040040 0.384376 0.541523 0.029141
3 3 0.020566 0.065401 0.336390 0.503724 0.073919
3 3 0.014152 0.035193 0.245956 0.663328 0.041370
2 3 0.010870 0.087664 0.456788 0.380170 0.064507
3 3 0.004711 0.045738 0.450446 0.463274 0.035831
2 3 0.009884 0.071345 0.442375 0.416871 0.059524
3 3 0.005219 0.060380 0.437052 0.465734 0.031615
3 3 0.007620 0.062546 0.422682 0.463553 0.043598
3 3 0.008583 0.044054 0.302556 0.612275 0.032532
3 3 0.017330 0.084589 0.404962 0.414921 0.078197
3 3 0.006759 0.033291 0.288973 0.642374 0.028604
3 3 0.010438 0.036026 0.236831 0.688948 0.027757
3 3 0.013642 0.015527 0.097970 0.857439 0.015423
3 3 0.007702 0.013376 0.146454 0.813416 0.019053
3 3 0.014269 0.043690 0.284843 0.612060 0.045139
3 3 0.025989 0.031172 0.174105 0.724564 0.044169
3 3 0.025091 0.021125 0.140227 0.772920 0.040637
3 3 0.032059 0.062191 0.265264 0.566995 0.073491
3 3 0.024859 0.032728 0.212854 0.669544 0.060016
3 3 0.031224 0.030856 0.164549 0.723812 0.049558
3 3 0.024969 0.017999 0.118185 0.804220 0.034626
3 3 0.027719 0.026904 0.154059 0.746963 0.044355
3 3 0.014824 0.012021 0.094331 0.860383 0.018441
3 3 0.031549 0.017870 0.109242 0.803873 0.037466
3 3 0.028595 0.014111 0.079609 0.851815 0.025870
2 3 0.159102 0.214293 0.249439 0.148843 0.228322
2 3 0.028649 0.335394 0.508014 0.018484 0.109459
2 3 0.019295 0.261341 0.483915 0.113475 0.121975
2 2 0.012827 0.251362 0.502938 0.063455 0.169418
2 2 0.011140 0.225654 0.521537 0.109496 0.132172
2 2 0.004692 0.186091 0.658389 0.043092 0.107736
2 2 0.005617 0.199764 0.741458 0.010868 0.042292
2 2 0.000899 0.088725 0.885902 0.004738 0.019736
2 2 0.001543 0.104692 0.808612 0.034397 0.050756
2 2 0.004455 0.197038 0.653763 0.028674 0.116071
2 2 0.000482 0.072999 0.905011 0.002769 0.018738
2 2 0.002981 0.176250 0.751377 0.008349 0.061043
2 2 0.001200 0.126399 0.812337 0.005552 0.054513
2 2 0.000880 0.092952 0.877074 0.004733 0.024361
2 2 0.002944 0.183484 0.724976 0.009160 0.079436
2 2 0.004276 0.305563 0.410504 0.001917 0.277739
2 2 0.005188 0.326993 0.459198 0.001687 0.206935
2 2 0.003963 0.314855 0.509238 0.000935 0.171009
2 2 0.006334 0.342702 0.489816 0.001616 0.159533
2 4 0.008181 0.393550 0.453922 0.000244 0.144102
4 4 0.040959 0.353788 0.052012 0.000007 0.553234
4 4 0.038703 0.308705 0.027914 0.000000 0.624678
4 4 0.033712 0.329664 0.029231 0.000000 0.607393
4 4 0.031405 0.418487 0.072741 0.000001 0.477366
4 4 0.031498 0.314095 0.059633 0.000049 0.594726
4 4 0.019034 0.360812 0.105069 0.000027 0.515057
4 4 0.019360 0.070069 0.011170 0.000001 0.899400
4 4 0.027135 0.423236 0.110406 0.000012 0.439211
4 4 0.026540 0.393193 0.081926 0.000004 0.498337
4 4 0.028909 0.387958 0.082807 0.000009 0.500318
4 4 0.059047 0.295211 0.023865 0.000000 0.621877
4 4 0.065638 0.347956 0.025576 0.000000 0.560830
4 4 0.079275 0.334911 0.020866 0.000000 0.564948
1 4 0.102179 0.435030 0.031854 0.000000 0.430937
4 4 0.039181 0.301530 0.027761 0.000001 0.631529
1 4 0.039505 0.615492 0.175788 0.000000 0.169214
1 4 0.044535 0.596169 0.184957 0.000002 0.174337
1 4 0.038822 0.548196 0.196718 0.000014 0.216249
1 4 0.159263 0.546791 0.052624 0.000001 0.241322
1 4 0.021681 0.499810 0.208080 0.000010 0.270419
1 4 0.019196 0.513330 0.222071 0.000004 0.245398
1 4 0.010023 0.414672 0.356709 0.000164 0.218433
1 4 0.018979 0.529544 0.275738 0.000005 0.175734
1 4 0.030536 0.590096 0.229310 0.000001 0.150058
1 4 0.044158 0.617472 0.219913 0.000001 0.118456
1 4 0.201066 0.561083 0.061763 0.000002 0.176086
4 4 0.260801 0.277654 0.024287 0.000001 0.437258
1 4 0.310053 0.378402 0.020951 0.000000 0.290594
1 4 0.164470 0.580349 0.061705 0.000000 0.193475
1 4 0.168996 0.578826 0.089375 0.000007 0.162795
2 4 0.005348 0.332721 0.539548 0.000951 0.121433
2 4 0.005710 0.333628 0.578653 0.000594 0.081415
2 4 0.004058 0.316964 0.536657 0.000779 0.141542
2 4 0.004125 0.316859 0.563047 0.000638 0.115331
2 4 0.002623 0.237152 0.632942 0.001929 0.125354
1 4 0.017534 0.381449 0.333652 0.012086 0.255279
1 4 0.071615 0.556168 0.231173 0.000265 0.140779
1 4 0.160070 0.578560 0.084041 0.000004 0.177325
1 4 0.075442 0.584104 0.181126 0.000030 0.159299
1 4 0.081280 0.619716 0.162426 0.000004 0.136574
1 4 0.033379 0.528468 0.293511 0.000088 0.144554
2 4 0.012404 0.392544 0.409331 0.002214 0.183507
1 4 0.032387 0.558264 0.263092 0.000013 0.146243
1 4 0.029433 0.504517 0.352988 0.000197 0.112865
1 4 0.070332 0.592712 0.166227 0.000010 0.170719
1 4 0.215036 0.582101 0.156447 0.000035 0.046382
1 4 0.104440 0.555057 0.287269 0.000450 0.052784
1 4 0.057733 0.523421 0.342616 0.000763 0.075467
1 4 0.107334 0.560005 0.276186 0.000396 0.056079
1 0 0.079594 0.513800 0.358396 0.001604 0.046606
2 0 0.009857 0.437834 0.485279 0.000015 0.067015
2 4 0.006484 0.371958 0.557336 0.000064 0.064158
2 4 0.006744 0.382127 0.526050 0.000081 0.084997
2 4 0.005679 0.335251 0.583232 0.000439 0.075398
2 4 0.006978 0.395158 0.507421 0.000051 0.090392
2 4 0.006396 0.348470 0.615453 0.000028 0.029653
2 4 0.001814 0.213962 0.741864 0.000265 0.042095
2 2 0.001643 0.239798 0.713364 0.000095 0.045098
2 2 0.000729 0.168307 0.794454 0.000087 0.036423
2 2 0.001000 0.166481 0.787953 0.000327 0.044239
2 2 0.000844 0.130221 0.849631 0.000259 0.019045
2 2 0.001037 0.131215 0.844362 0.000612 0.022775
2 2 0.000798 0.137433 0.833538 0.000300 0.027930
2 2 0.000407 0.096958 0.886853 0.000173 0.015609
2 2 0.000776 0.123772 0.854468 0.000336 0.020648
2 2 0.001063 0.127014 0.839498 0.001434 0.030991
2 2 0.008770 0.263495 0.702462 0.001770 0.023503
2 2 0.001933 0.160702 0.804825 0.001502 0.031037
2 2 0.000647 0.079298 0.901501 0.002689 0.015866
2 2 0.001269 0.111552 0.871040 0.001517 0.014622
2 2 0.001116 0.121739 0.861301 0.000615 0.015229
2 2 0.001329 0.147023 0.812323 0.001382 0.037942
2 2 0.002206 0.182209 0.770889 0.001573 0.043123
2 2 0.001829 0.166845 0.801734 0.000854 0.028738
2 2 0.005633 0.274916 0.644362 0.002458 0.072631
1 2 0.047152 0.511322 0.345641 0.000902 0.094983
2 2 0.032349 0.417057 0.486555 0.003561 0.060478
2 2 0.021140 0.415474 0.452564 0.005298 0.105524
1 2 0.040606 0.505326 0.380151 0.000460 0.073457
1 2 0.074846 0.522592 0.309293 0.002000 0.091269
2 2 0.005335 0.275344 0.662423 0.001357 0.055540
2 2 0.021660 0.415815 0.524601 0.000594 0.037330
2 2 0.002851 0.195284 0.749521 0.002520 0.049824
2 2 0.004819 0.221115 0.725687 0.003131 0.045249
2 2 0.003315 0.236714 0.686397 0.001691 0.071883
2 2 0.003424 0.181951 0.792159 0.001551 0.020915
2 2 0.001616 0.122941 0.855063 0.002270 0.018110
2 2 0.002013 0.170278 0.787165 0.001653 0.038891
2 2 0.002771 0.185387 0.775398 0.001816 0.034628
2 2 0.000816 0.096151 0.880798 0.002146 0.020089
2 2 0.000836 0.117816 0.862399 0.000480 0.018469
2 2 0.000255 0.076456 0.905799 0.000279 0.017211
2 2 0.000599 0.113090 0.855035 0.000614 0.030661
2 2 0.000313 0.080576 0.897883 0.000493 0.020735
2 2 0.000981 0.153908 0.780561 0.001006 0.063544
2 2 0.001583 0.168993 0.788540 0.000921 0.039962
2 2 0.000493 0.100626 0.869066 0.000720 0.029095
2 2 0.001555 0.141832 0.813562 0.003056 0.039994
2 2 0.002318 0.189825 0.759431 0.001552 0.046873
2 2 0.001293 0.161865 0.761046 0.001971 0.073825
2 2 0.004861 0.194143 0.735113 0.011381 0.054502
2 2 0.012296 0.269633 0.624122 0.023053 0.070896
2 2 0.005370 0.183204 0.712007 0.034184 0.065235
2 2 0.009856 0.234511 0.679367 0.022901 0.053365
2 2 0.191217 0.347581 0.384855 0.017835 0.058512
0 0 0.563198 0.131673 0.028422 0.000044 0.276663
0 0 0.700385 0.094905 0.030181 0.000107 0.174423
1 0 0.242960 0.541265 0.084884 0.000041 0.130850
1 1 0.079766 0.476318 0.194261 0.008418 0.241238
1 1 0.055550 0.415837 0.176409 0.015444 0.336760
2 1 0.006680 0.211035 0.701594 0.020612 0.060080
2 1 0.007980 0.263291 0.641857 0.009851 0.077022
2 1 0.005918 0.220049 0.718772 0.007624 0.047638
2 2 0.003663 0.168746 0.776351 0.010376 0.040863
2 2 0.002034 0.133599 0.825493 0.006767 0.032108
1 2 0.023693 0.406357 0.343141 0.014468 0.212342
2 2 0.002895 0.187947 0.740853 0.005141 0.063163
2 2 0.013250 0.356979 0.555489 0.003211 0.071070
1 2 0.024684 0.463328 0.413659 0.000493 0.097836
1 2 0.031454 0.463403 0.448448 0.000778 0.055917
1 2 0.068181 0.513306 0.247455 0.002491 0.168567
1 2 0.105145 0.548852 0.181756 0.000546 0.163700
0 2 0.407652 0.239148 0.053668 0.000018 0.299513
1 0 0.261708 0.536374 0.048124 0.000001 0.153794
1 0 0.100027 0.519108 0.198011 0.002977 0.179877
1 0 0.017510 0.445760 0.425587 0.000431 0.110712
2 4 0.012376 0.387152 0.538073 0.000673 0.061726
2 4 0.007695 0.344395 0.408299 0.003415 0.236196
2 4 0.010703 0.374855 0.471770 0.002829 0.139842
2 4 0.001961 0.212099 0.706833 0.000983 0.078124
2 4 0.010751 0.356318 0.520970 0.003305 0.108655
2 2 0.009105 0.299867 0.617117 0.004372 0.069539
2 2 0.009245 0.314929 0.606436 0.002956 0.066435
1 2 0.038781 0.497341 0.368022 0.000808 0.095049
2 2 0.018479 0.401412 0.516460 0.001799 0.061850
2 2 0.008234 0.248169 0.697802 0.005859 0.039936
2 2 0.002856 0.164305 0.800527 0.003428 0.028884
2 2 0.008093 0.249327 0.713773 0.002603 0.026203
2 2 0.003424 0.179926 0.784580 0.003021 0.029049
2 2 0.057285 0.436047 0.455192 0.004331 0.047145
0 0 0.873982 0.082683 0.006202 0.000000 0.037132
