0 0 0.946081 0.013615 0.005457 0.000296 0.034551
0 0 0.964442 0.005830 0.002153 0.000063 0.027512
0 0 0.940262 0.016379 0.006684 0.000416 0.036259
0 0 0.962164 0.006690 0.002503 0.000081 0.028563
0 0 0.967803 0.004639 0.001675 0.000041 0.025841
0 0 0.941348 0.015856 0.006450 0.000392 0.035955
0 0 0.909187 0.032299 0.014100 0.001464 0.042951
0 0 0.926686 0.023150 0.009775 0.000788 0.039601
0 0 0.594980 0.195773 0.064919 0.004166 0.140162
0 0 0.928624 0.022162 0.009317 0.000727 0.039170
0 0 0.558868 0.206610 0.159363 0.004643 0.070517
0 0 0.535224 0.238729 0.145399 0.020099 0.060550
0 0 0.696174 0.148113 0.083873 0.005620 0.066219
0 0 0.419755 0.294619 0.217582 0.013115 0.054929
1 1 0.060393 0.482952 0.416660 0.001583 0.038411
2 2 0.000154 0.018022 0.976560 0.004293 0.000973
2 2 0.000045 0.003496 0.987968 0.008367 0.000124
2 2 0.000048 0.005124 0.991390 0.003253 0.000185
2 2 0.000018 0.001669 0.985906 0.012327 0.000081
2 2 0.000148 0.006550 0.966067 0.026726 0.000509
2 2 0.000010 0.001306 0.982455 0.016117 0.000111
2 2 0.000000 0.000122 0.981483 0.018388 0.000007
2 2 0.000024 0.001501 0.966131 0.032245 0.000100
2 2 0.000024 0.001866 0.971995 0.025995 0.000119
2 2 0.000039 0.001954 0.953598 0.044237 0.000172
2 2 0.000152 0.003944 0.909288 0.086256 0.000360
2 2 0.000092 0.003145 0.949514 0.047005 0.000244
2 2 0.000024 0.002085 0.981429 0.016331 0.000131
2 2 0.000072 0.004719 0.966227 0.028646 0.000336
2 2 0.000379 0.008456 0.965390 0.025378 0.000397
2 1 0.081033 0.363912 0.533565 0.004429 0.017061
2 0 0.125118 0.399122 0.440868 0.006889 0.028003
2 0 0.249998 0.341260 0.356479 0.022284 0.029979
0 0 0.442396 0.259629 0.232690 0.028879 0.036407
2 0 0.210759 0.360576 0.382302 0.016527 0.029837
2 1 0.038970 0.379885 0.564215 0.001438 0.015491
2 2 0.001933 0.148181 0.840161 0.000439 0.009286
2 2 0.000478 0.056734 0.937524 0.000382 0.004881
2 4 0.002497 0.115919 0.854497 0.001573 0.025513
2 4 0.000139 0.124730 0.858897 0.000122 0.016112
4 4 0.008708 0.208316 0.016413 0.000000 0.766563
4 4 0.006303 0.283945 0.028649 0.000000 0.681103
4 4 0.012034 0.217249 0.021124 0.000000 0.749594
4 4 0.017693 0.130046 0.008518 0.000000 0.843743
4 4 0.026177 0.192011 0.015441 0.000000 0.766370
4 4 0.061184 0.138411 0.013278 0.000007 0.787120
4 4 0.027280 0.260333 0.028744 0.000000 0.683642
4 4 0.040146 0.215623 0.026957 0.000000 0.717274
4 4 0.158475 0.273611 0.041131 0.000031 0.526751
4 4 0.061100 0.127697 0.013589 0.000015 0.797598
0 4 0.613997 0.137271 0.034163 0.000568 0.214001
4 4 0.104166 0.201109 0.022390 0.000005 0.672330
1 4 0.187191 0.418475 0.082406 0.001034 0.310894
4 4 0.064831 0.183412 0.018563 0.000001 0.733193
4 4 0.038928 0.156340 0.013918 0.000003 0.790811
4 4 0.037935 0.095940 0.005624 0.000000 0.860501
4 4 0.035082 0.121243 0.007427 0.000000 0.836248
4 4 0.197547 0.208409 0.026126 0.000037 0.567880
4 4 0.032530 0.149626 0.012697 0.000000 0.805147
4 4 0.101353 0.122278 0.009764 0.000002 0.766602
4 4 0.027958 0.068961 0.003966 0.000000 0.899115
4 4 0.074523 0.159033 0.014210 0.000001 0.752232
4 4 0.032291 0.081098 0.004474 0.000000 0.882137
4 4 0.225105 0.132682 0.014716 0.000010 0.627486
4 4 0.051978 0.195958 0.019624 0.000001 0.732439
4 4 0.022452 0.210047 0.021184 0.000000 0.746317
4 4 0.167494 0.106713 0.013166 0.000023 0.712604
4 4 0.287333 0.271360 0.048937 0.000262 0.392108
4 4 0.199476 0.293608 0.045907 0.000129 0.460880
4 4 0.082209 0.258594 0.033989 0.000004 0.625205
4 4 0.014272 0.390761 0.054920 0.000000 0.540047
4 4 0.035490 0.378860 0.058681 0.000002 0.526967
4 4 0.371691 0.068090 0.010329 0.000055 0.549835
4 4 0.300899 0.115036 0.015111 0.000008 0.568946
4 4 0.051568 0.271341 0.040171 0.000001 0.636919
1 4 0.075060 0.456508 0.124556 0.000010 0.343866
1 4 0.139017 0.391699 0.091934 0.000041 0.377308
1 4 0.219917 0.411074 0.138438 0.000310 0.230262
1 4 0.017295 0.459466 0.099630 0.000000 0.423608
4 4 0.078171 0.271184 0.048228 0.000009 0.602408
1 4 0.200425 0.399798 0.107778 0.000219 0.291781
1 4 0.025582 0.448338 0.099010 0.000001 0.427069
1 4 0.005041 0.480268 0.096867 0.000000 0.417825
4 4 0.023119 0.407967 0.093719 0.000000 0.475195
1 4 0.011080 0.527773 0.097657 0.000001 0.363488
2 4 0.008031 0.394796 0.575918 0.000168 0.021087
2 4 0.007237 0.341384 0.632658 0.000197 0.018524
2 2 0.000750 0.147995 0.839223 0.000060 0.011972
2 2 0.001512 0.136438 0.843703 0.000077 0.018271
2 2 0.001485 0.049953 0.937007 0.000034 0.011522
2 2 0.000028 0.006275 0.992338 0.001099 0.000260
2 2 0.000055 0.006190 0.992608 0.000766 0.000382
2 2 0.000466 0.008892 0.985355 0.004557 0.000729
2 2 0.000553 0.005994 0.987376 0.005217 0.000860
2 2 0.004011 0.022575 0.956714 0.013934 0.002765
2 2 0.000032 0.001628 0.962014 0.036226 0.000100
2 2 0.000507 0.007519 0.899857 0.091330 0.000787
2 2 0.000191 0.004258 0.882831 0.112259 0.000460
2 2 0.005004 0.023904 0.646996 0.318996 0.005099
2 2 0.001373 0.011937 0.786167 0.198578 0.001945
3 2 0.000073 0.001635 0.496394 0.501464 0.000434
3 2 0.000768 0.005133 0.317470 0.674541 0.002088
2 2 0.000184 0.003219 0.610702 0.385195 0.000701
3 2 0.001349 0.009127 0.446579 0.540240 0.002706
2 2 0.000105 0.002101 0.519881 0.477378 0.000535
3 3 0.000395 0.003177 0.245033 0.749981 0.001415
3 3 0.000208 0.002521 0.344350 0.652011 0.000910
2 3 0.000047 0.001428 0.585408 0.412812 0.000304
3 3 0.000336 0.002680 0.236660 0.759022 0.001302
3 3 0.000302 0.003135 0.321455 0.673956 0.001152
3 3 0.000009 0.000459 0.487072 0.512342 0.000118
3 3 0.000653 0.004206 0.257529 0.735669 0.001943
3 3 0.000539 0.003920 0.261048 0.732785 0.001708
3 3 0.000191 0.002133 0.259637 0.737144 0.000895
3 3 0.000708 0.003791 0.160588 0.832829 0.002085
3 3 0.000217 0.001645 0.133692 0.863426 0.001020
3 3 0.000244 0.001825 0.151726 0.845106 0.001098
3 3 0.000075 0.001235 0.293338 0.704851 0.000501
3 3 0.001195 0.005879 0.183537 0.806569 0.002820
2 3 0.000126 0.003615 0.727223 0.268575 0.000461
3 3 0.000029 0.000783 0.317139 0.681781 0.000268
3 3 0.000604 0.003522 0.156097 0.837897 0.001879
3 3 0.000267 0.001808 0.112245 0.884526 0.001154
3 3 0.000044 0.000720 0.168591 0.830272 0.000373
3 3 0.000070 0.000945 0.165563 0.832925 0.000497
3 3 0.000210 0.000777 0.025097 0.972907 0.001008
3 3 0.000075 0.000741 0.085501 0.913157 0.000527
3 3 0.000095 0.000837 0.078962 0.919497 0.000609
3 3 0.000205 0.001669 0.136852 0.860298 0.000976
3 3 0.000730 0.003903 0.128061 0.865215 0.002092
3 3 0.000016 0.000352 0.139632 0.859793 0.000206
3 3 0.000075 0.001307 0.230685 0.767441 0.000493
3 3 0.000208 0.001347 0.086457 0.910988 0.001000
3 3 0.000503 0.002802 0.127851 0.867141 0.001703
3 3 0.000181 0.001543 0.131600 0.865773 0.000903
3 3 0.000095 0.000629 0.041778 0.956889 0.000610
3 3 0.000860 0.002981 0.064856 0.928924 0.002379
3 3 0.000358 0.001856 0.074149 0.922255 0.001382
3 3 0.000032 0.000475 0.098941 0.900238 0.000313
3 3 0.000292 0.001668 0.076864 0.919957 0.001219
3 3 0.000426 0.002489 0.101166 0.894402 0.001517
3 3 0.000521 0.002462 0.085888 0.909385 0.001744
3 3 0.001182 0.004580 0.093122 0.898281 0.002835
3 3 0.000084 0.000967 0.125875 0.872517 0.000558
3 3 0.000089 0.000727 0.069824 0.928766 0.000594
3 3 0.000061 0.000950 0.171829 0.826710 0.000449
3 3 0.000071 0.000704 0.086346 0.912363 0.000516
3 3 0.001706 0.005078 0.078953 0.910663 0.003600
3 3 0.000427 0.002186 0.093726 0.902106 0.001555
3 3 0.000269 0.001592 0.081573 0.915401 0.001165
3 3 0.000207 0.000843 0.032468 0.965477 0.001005
3 3 0.000520 0.001908 0.047358 0.948471 0.001743
3 3 0.000301 0.001162 0.040406 0.956863 0.001269
3 3 0.000252 0.001491 0.072291 0.924852 0.001113
3 3 0.000061 0.000619 0.081783 0.917068 0.000469
3 3 0.000081 0.000492 0.036564 0.962296 0.000566
3 3 0.000317 0.001659 0.076601 0.920124 0.001298
3 3 0.000115 0.000632 0.036177 0.962380 0.000696
3 3 0.000067 0.000986 0.163098 0.835372 0.000477
3 3 0.000162 0.000800 0.036497 0.961685 0.000856
3 3 0.000063 0.000537 0.059916 0.939003 0.000481
3 3 0.000239 0.001581 0.083685 0.913425 0.001070
3 3 0.000213 0.000829 0.025777 0.972178 0.001004
3 3 0.000117 0.000915 0.075496 0.922771 0.000700
3 3 0.000168 0.001072 0.063497 0.934393 0.000869
3 3 0.000176 0.000893 0.047373 0.950645 0.000913
3 3 0.000091 0.000509 0.033072 0.965721 0.000607
3 3 0.000074 0.000663 0.065360 0.933379 0.000524
3 3 0.000070 0.000697 0.076646 0.922082 0.000505
3 3 0.000321 0.001085 0.028461 0.968827 0.001305
3 3 0.000119 0.000659 0.034153 0.964363 0.000705
3 3 0.000115 0.000835 0.064553 0.933801 0.000695
3 3 0.000312 0.001263 0.041014 0.956127 0.001284
3 3 0.000715 0.002236 0.041680 0.953255 0.002113
3 3 0.000233 0.001166 0.052518 0.945007 0.001075
3 3 0.000074 0.000585 0.056100 0.942713 0.000529
3 3 0.000105 0.000829 0.070772 0.927641 0.000653
3 3 0.000061 0.000620 0.074268 0.924584 0.000467
3 3 0.000345 0.001587 0.053416 0.943302 0.001350
3 3 0.000112 0.000773 0.059388 0.939043 0.000684
3 3 0.000295 0.001990 0.102307 0.894199 0.001209
3 3 0.000194 0.001105 0.063453 0.934283 0.000965
3 3 0.000233 0.002033 0.157813 0.838883 0.001038
3 3 0.000306 0.002048 0.108263 0.888142 0.001241
3 3 0.000383 0.002498 0.123696 0.872003 0.001420
3 3 0.000566 0.002610 0.080765 0.914235 0.001824
3 3 0.000482 0.001840 0.050071 0.945939 0.001669
3 3 0.000258 0.001048 0.039473 0.958066 0.001155
3 3 0.000194 0.001047 0.052887 0.944915 0.000958
3 3 0.000259 0.001391 0.059351 0.937868 0.001131
2 3 0.019074 0.068158 0.568377 0.328124 0.016267
2 2 0.106621 0.250891 0.612809 0.018539 0.011141
2 1 0.076531 0.327958 0.559398 0.017695 0.018418
2 2 0.007724 0.176400 0.797224 0.007019 0.011633
2 2 0.003020 0.069409 0.918637 0.005413 0.003521
2 2 0.009479 0.244459 0.704568 0.000343 0.041151
1 0 0.148814 0.423774 0.380499 0.004946 0.041967
0 0 0.676243 0.157290 0.101872 0.005658 0.058937
0 0 0.667541 0.092955 0.067822 0.020130 0.151551
1 0 0.189193 0.409210 0.256135 0.007819 0.137643
2 1 0.001889 0.147780 0.834814 0.001878 0.013639
2 2 0.000747 0.057780 0.930924 0.003836 0.006713
2 2 0.000780 0.024209 0.967716 0.002230 0.005066
2 2 0.155511 0.064905 0.628444 0.087825 0.063316
0 2 0.497230 0.095201 0.151519 0.146856 0.109194
2 2 0.003714 0.137306 0.824011 0.000568 0.034402
2 2 0.001694 0.122438 0.849847 0.000155 0.025866
2 2 0.001226 0.267710 0.687841 0.000040 0.043183
1 2 0.014406 0.544152 0.402293 0.000130 0.039019
2 2 0.000641 0.126505 0.846979 0.000013 0.025861
1 2 0.013542 0.368891 0.280964 0.000003 0.336600
4 2 0.210959 0.298263 0.069582 0.000023 0.421172
4 2 0.047681 0.402616 0.070919 0.000004 0.478781
4 2 0.038112 0.392351 0.080617 0.000001 0.488919
4 2 0.046229 0.399841 0.069774 0.000003 0.484152
1 2 0.014995 0.446689 0.257435 0.000002 0.280879
1 2 0.004083 0.408663 0.288148 0.000003 0.299103
1 2 0.030799 0.437130 0.292765 0.000006 0.239300
1 2 0.008192 0.529427 0.182746 0.000001 0.279635
1 4 0.022046 0.491384 0.217028 0.000004 0.269539
4 4 0.214504 0.268735 0.119113 0.000312 0.397336
1 4 0.087500 0.472538 0.204286 0.000100 0.235575
1 4 0.020891 0.529526 0.364515 0.000580 0.084489
2 0 0.246413 0.235326 0.327595 0.000330 0.190336
0 0 0.648271 0.146758 0.081301 0.000149 0.123521
0 0 0.689300 0.150267 0.095540 0.015971 0.048922
2 0 0.067442 0.202899 0.698136 0.021469 0.010054
2 0 0.197397 0.294927 0.462906 0.026120 0.018650
0 0 0.449568 0.220265 0.260296 0.028138 0.041733
0 0 0.485457 0.223099 0.230371 0.021317 0.039756
0 0 0.736373 0.114879 0.041050 0.002872 0.104825
0 0 0.901296 0.036518 0.016141 0.001841 0.044204
0 0 0.773800 0.097383 0.036793 0.003056 0.088968
0 0 0.653948 0.129143 0.035006 0.000808 0.181095
4 0 0.217117 0.308112 0.057519 0.000118 0.417134
2 1 0.000438 0.094431 0.897084 0.001080 0.006967
2 1 0.000587 0.036630 0.958161 0.002301 0.002320
2 2 0.000224 0.010405 0.986403 0.001900 0.001068
2 2 0.000221 0.018840 0.977727 0.002209 0.001003
2 2 0.000464 0.017440 0.970185 0.010503 0.001408
2 2 0.000837 0.055697 0.935856 0.001112 0.006496
2 2 0.000102 0.020108 0.978317 0.000414 0.001059
2 2 0.000059 0.017484 0.980801 0.000166 0.001491
2 2 0.000419 0.040602 0.956024 0.000688 0.002267
2 2 0.001199 0.092718 0.902097 0.000456 0.003531
1 2 0.249498 0.402194 0.255554 0.001604 0.091149
1 2 0.237070 0.425399 0.193062 0.001038 0.143432
1 2 0.039328 0.582352 0.301701 0.000490 0.076130
1 2 0.017359 0.469403 0.395722 0.000026 0.117491
2 2 0.004175 0.143727 0.800395 0.000044 0.051660
2 2 0.000117 0.009568 0.988839 0.000860 0.000616
2 2 0.000421 0.013766 0.981521 0.003258 0.001035
2 2 0.001307 0.058554 0.935990 0.001692 0.002458
2 2 0.000075 0.009059 0.989488 0.000774 0.000604
2 2 0.000691 0.026053 0.970488 0.001118 0.001650
2 2 0.001123 0.081269 0.913995 0.000560 0.003054
2 2 0.003413 0.048694 0.938877 0.001987 0.007030
2 2 0.004373 0.056613 0.932011 0.002050 0.004953
2 2 0.065310 0.278726 0.643209 0.005098 0.007658
2 0 0.251394 0.310423 0.388687 0.027137 0.022358
2 0 0.086808 0.383695 0.498999 0.006934 0.023565
2 1 0.012524 0.385778 0.581786 0.000544 0.019369
2 2 0.002399 0.123151 0.867092 0.000827 0.006531
2 2 0.002596 0.071565 0.918120 0.000343 0.007376
2 2 0.005931 0.052555 0.929421 0.001806 0.010287
2 2 0.000387 0.010148 0.968913 0.019999 0.000553
2 2 0.000292 0.010256 0.974294 0.014531 0.000627
2 2 0.000079 0.006222 0.987832 0.005625 0.000242
2 2 0.000052 0.002435 0.966281 0.031048 0.000185
2 2 0.000020 0.001916 0.986809 0.011159 0.000096
2 2 0.000006 0.001064 0.992753 0.006130 0.000048
2 2 0.000044 0.002807 0.978840 0.018127 0.000182
2 2 0.000046 0.002701 0.978341 0.018739 0.000173
2 2 0.000014 0.001997 0.991803 0.006086 0.000100
2 2 0.000680 0.013275 0.945133 0.039630 0.001282
2 2 0.000422 0.017830 0.973037 0.007553 0.001158
2 2 0.000861 0.017395 0.968256 0.012114 0.001374
2 2 0.000920 0.016973 0.972269 0.008375 0.001462
2 2 0.001374 0.030465 0.953938 0.012223 0.002001
2 2 0.070014 0.211439 0.693989 0.016370 0.008188
2 2 0.004270 0.383128 0.565495 0.000475 0.046632
2 2 0.015074 0.339763 0.607622 0.001150 0.036391
2 2 0.042988 0.406113 0.530487 0.001370 0.019043
2 2 0.014060 0.343740 0.623769 0.000580 0.017851
2 2 0.006517 0.149088 0.824680 0.000575 0.019140
2 2 0.000061 0.004447 0.989277 0.006061 0.000153
2 2 0.000006 0.000719 0.986185 0.013062 0.000028
2 2 0.000006 0.001293 0.994652 0.004000 0.000048
2 2 0.000007 0.001112 0.990304 0.008516 0.000060
2 2 0.000329 0.014873 0.977049 0.006922 0.000827
2 2 0.000009 0.000823 0.975288 0.023840 0.000040
2 2 0.000039 0.001689 0.943085 0.055051 0.000135
2 2 0.000089 0.002931 0.944179 0.052582 0.000217
2 2 0.000007 0.000646 0.957275 0.042028 0.000046
2 2 0.000098 0.002960 0.934320 0.062373 0.000249
2 2 0.000102 0.004098 0.963474 0.032031 0.000294
2 2 0.000352 0.006098 0.908570 0.084370 0.000611
2 2 0.000050 0.004909 0.980806 0.013839 0.000396
2 2 0.000009 0.000931 0.972479 0.026521 0.000060
2 2 0.000379 0.006756 0.907302 0.084807 0.000757
2 2 0.000028 0.002390 0.984546 0.012914 0.000123
2 2 0.000194 0.004499 0.932474 0.062458 0.000376
2 2 0.000186 0.005236 0.944914 0.049155 0.000510
2 3 0.000295 0.006533 0.924148 0.068360 0.000664
2 2 0.000098 0.005840 0.986252 0.007571 0.000239
2 2 0.019940 0.051015 0.911846 0.005178 0.012021
2 2 0.096416 0.262789 0.613188 0.012702 0.014905
2 2 0.070241 0.370883 0.533967 0.004069 0.020840
2 1 0.024345 0.390778 0.566758 0.000919 0.017199
2 2 0.001474 0.091717 0.900418 0.000641 0.005749
2 2 0.000282 0.047945 0.946868 0.000118 0.004786
2 2 0.001815 0.029414 0.961199 0.000590 0.006983
2 2 0.026398 0.162280 0.795373 0.003786 0.012164
0 0 0.723974 0.088649 0.106303 0.013231 0.067843
0 0 0.527586 0.221322 0.193389 0.018380 0.039323
1 0 0.182347 0.430824 0.327570 0.009240 0.050019
0 0 0.548810 0.181956 0.160463 0.008057 0.100714
2 0 0.033034 0.401378 0.544824 0.001051 0.019713
2 2 0.001929 0.121124 0.862066 0.000202 0.014679
2 2 0.009822 0.091029 0.866914 0.001791 0.030444
2 2 0.002474 0.127255 0.820176 0.000090 0.050004
2 2 0.002526 0.068730 0.899276 0.000053 0.029414
2 1 0.015192 0.363394 0.531654 0.000254 0.089506
1 1 0.036698 0.573030 0.269858 0.000224 0.120189
1 1 0.069287 0.399723 0.335608 0.000878 0.194504
4 1 0.207363 0.075055 0.006689 0.000002 0.710891
4 1 0.259743 0.065524 0.006186 0.000002 0.668546
4 1 0.281385 0.047752 0.004278 0.000001 0.666585
0 0 0.874259 0.023457 0.006292 0.000074 0.095918
0 0 0.471934 0.165985 0.032520 0.000224 0.329337
4 0 0.050587 0.138820 0.009637 0.000002 0.800954
4 1 0.272900 0.159283 0.020779 0.000029 0.547009
4 4 0.054607 0.049145 0.002491 0.000000 0.893757
4 4 0.043348 0.069963 0.003650 0.000000 0.883039
4 4 0.023160 0.056718 0.002619 0.000000 0.917503
4 4 0.073081 0.218120 0.027420 0.000001 0.681378
4 4 0.219896 0.072904 0.006601 0.000002 0.700598
4 4 0.067960 0.152857 0.013868 0.000001 0.765314
4 4 0.157996 0.111465 0.010091 0.000003 0.720445
4 4 0.354089 0.146713 0.021505 0.000045 0.477648
4 4 0.286096 0.290973 0.053981 0.000410 0.368539
4 4 0.103651 0.100323 0.008275 0.000003 0.787748
4 4 0.051863 0.078823 0.004567 0.000000 0.864746
4 4 0.041251 0.069161 0.003704 0.000000 0.885883
4 4 0.060221 0.063342 0.003727 0.000000 0.872710
4 4 0.032150 0.042066 0.001759 0.000000 0.924025
4 4 0.105333 0.095509 0.008485 0.000000 0.790673
4 4 0.030319 0.083414 0.004407 0.000000 0.881860
4 4 0.026300 0.078357 0.005582 0.000000 0.889761
4 4 0.039144 0.063614 0.003140 0.000000 0.894103
4 4 0.052344 0.175922 0.019984 0.000000 0.751749
4 4 0.186594 0.210785 0.032325 0.000010 0.570286
4 4 0.113303 0.104652 0.009482 0.000001 0.772562
4 4 0.141672 0.120364 0.010733 0.000003 0.727228
0 4 0.393724 0.234514 0.047990 0.000469 0.323302
4 4 0.061669 0.205465 0.021778 0.000001 0.711087
4 4 0.200334 0.329703 0.054037 0.000281 0.415646
4 4 0.370505 0.124352 0.017556 0.000029 0.487557
4 4 0.068561 0.202109 0.018139 0.000004 0.711188
4 4 0.080944 0.233273 0.036696 0.000001 0.649086
1 2 0.015299 0.497570 0.349451 0.000006 0.137674
2 2 0.022021 0.389211 0.498739 0.000013 0.090016
2 2 0.002687 0.245149 0.673883 0.000012 0.078269
2 2 0.009817 0.297970 0.619231 0.000032 0.072951
2 2 0.001334 0.223603 0.703102 0.000011 0.071950
2 2 0.000365 0.047350 0.948215 0.000130 0.003940
2 2 0.000414 0.028873 0.966826 0.000046 0.003840
2 2 0.003119 0.078850 0.909194 0.000074 0.008763
2 2 0.000467 0.072121 0.919761 0.000046 0.007605
2 2 0.002426 0.124136 0.851499 0.000143 0.021796
1 2 0.025081 0.474653 0.472763 0.000429 0.027073
2 2 0.001256 0.169178 0.800539 0.000020 0.029006
2 2 0.000840 0.050382 0.931372 0.000019 0.017388
2 2 0.017219 0.319420 0.624002 0.000100 0.039260
2 2 0.006794 0.195264 0.771502 0.000166 0.026274
2 2 0.000465 0.015186 0.981373 0.002054 0.000922
2 2 0.000143 0.006614 0.992022 0.000700 0.000520
2 2 0.000014 0.002679 0.996656 0.000422 0.000229
2 2 0.000389 0.008872 0.988588 0.000967 0.001185
2 2 0.000897 0.018486 0.975284 0.003661 0.001672
2 2 0.000041 0.003378 0.987754 0.008658 0.000169
2 2 0.000172 0.005541 0.972999 0.020902 0.000386
2 2 0.000026 0.002834 0.989940 0.007055 0.000145
2 2 0.000110 0.002644 0.968145 0.028848 0.000253
2 2 0.000102 0.005734 0.985161 0.008755 0.000248
2 2 0.319904 0.284174 0.355449 0.014007 0.026467
2 2 0.014265 0.224247 0.747393 0.002180 0.011915
2 2 0.002957 0.100230 0.888460 0.001149 0.007204
2 2 0.009646 0.140503 0.836679 0.002893 0.010279
2 2 0.000918 0.029883 0.963971 0.000116 0.005112
2 2 0.000012 0.002602 0.995628 0.001607 0.000151
2 2 0.000037 0.002879 0.985124 0.011803 0.000157
2 2 0.000010 0.001771 0.994957 0.003168 0.000093
2 2 0.000049 0.001430 0.995926 0.002432 0.000162
2 2 0.000032 0.002714 0.989507 0.007571 0.000176
2 2 0.000044 0.003558 0.987582 0.008605 0.000212
2 2 0.000247 0.004318 0.976085 0.018695 0.000654
2 2 0.000172 0.005861 0.979456 0.014123 0.000388
2 2 0.000073 0.004123 0.978117 0.017397 0.000289
2 2 0.000058 0.005674 0.990004 0.004017 0.000248
2 2 0.000042 0.001981 0.964473 0.033388 0.000115
2 2 0.000217 0.005012 0.940568 0.053823 0.000380
2 2 0.000070 0.003220 0.949680 0.046771 0.000260
2 2 0.000081 0.003216 0.962665 0.033837 0.000201
2 2 0.000123 0.003727 0.955386 0.040525 0.000239
2 2 0.000090 0.002956 0.949217 0.047526 0.000211
2 2 0.000143 0.003616 0.905537 0.090347 0.000356
2 2 0.000196 0.004482 0.879825 0.115030 0.000467
2 2 0.000114 0.003246 0.936927 0.059447 0.000266
2 2 0.000225 0.005004 0.910439 0.083877 0.000455
2 2 0.000224 0.004804 0.891345 0.103137 0.000490
2 2 0.000046 0.002034 0.932270 0.065495 0.000155
2 2 0.001682 0.014578 0.853167 0.128691 0.001882
2 2 0.000086 0.002675 0.903018 0.093957 0.000263
2 2 0.000160 0.003800 0.835362 0.160213 0.000464
2 2 0.000591 0.006678 0.657154 0.334200 0.001377
2 2 0.000434 0.007341 0.923287 0.068299 0.000638
2 2 0.000020 0.001057 0.854388 0.144411 0.000125
2 2 0.001041 0.009401 0.547496 0.439954 0.002108
2 2 0.000654 0.006344 0.592389 0.399033 0.001581
2 2 0.000045 0.001473 0.616824 0.381368 0.000290
2 2 0.000064 0.001695 0.602561 0.395315 0.000365
2 2 0.000341 0.004409 0.538285 0.455881 0.001086
3 2 0.000146 0.001751 0.273564 0.723777 0.000763
2 2 0.000013 0.000657 0.625783 0.373409 0.000137
3 3 0.000039 0.001062 0.423034 0.575557 0.000308
3 3 0.000849 0.006268 0.396875 0.593893 0.002115
3 3 0.000541 0.003782 0.226035 0.767918 0.001724
3 3 0.000922 0.006829 0.362046 0.627976 0.002227
2 3 0.000209 0.003377 0.516736 0.478871 0.000806
3 3 0.000045 0.001205 0.478291 0.520135 0.000324
3 3 0.000188 0.002812 0.423117 0.573077 0.000806
3 3 0.000080 0.001717 0.430515 0.567216 0.000472
3 3 0.000255 0.003160 0.417056 0.578537 0.000992
3 3 0.000180 0.002371 0.347462 0.649158 0.000829
3 3 0.000079 0.001039 0.192686 0.805656 0.000539
3 3 0.000038 0.000715 0.208484 0.790429 0.000334
3 3 0.000222 0.001954 0.165817 0.830998 0.001010
3 3 0.000077 0.001402 0.334492 0.663537 0.000492
3 3 0.000116 0.001830 0.313410 0.684010 0.000634
2 3 0.000068 0.001712 0.516351 0.481465 0.000403
3 3 0.000127 0.001921 0.376665 0.620622 0.000664
2 3 0.000093 0.002143 0.555735 0.441552 0.000477
3 3 0.000185 0.002651 0.376252 0.620092 0.000820
3 3 0.000966 0.006354 0.262326 0.727978 0.002376
3 3 0.000476 0.003229 0.179014 0.815671 0.001611
3 3 0.000028 0.000409 0.110140 0.889127 0.000296
3 3 0.000450 0.002944 0.157864 0.837173 0.001569
3 3 0.000095 0.001481 0.255262 0.742590 0.000573
3 3 0.000379 0.003188 0.232144 0.762920 0.001370
3 3 0.000712 0.004383 0.206798 0.786059 0.002048
3 3 0.000729 0.004563 0.214026 0.778615 0.002068
3 3 0.000182 0.002738 0.359841 0.636434 0.000806
3 3 0.000155 0.002102 0.294188 0.702787 0.000768
3 3 0.000537 0.003600 0.190900 0.803236 0.001727
3 3 0.002073 0.007745 0.170808 0.815374 0.003999
3 3 0.001069 0.006628 0.236535 0.753228 0.002540
3 3 0.000123 0.001201 0.132720 0.865245 0.000712
3 3 0.000132 0.001560 0.196513 0.801071 0.000723
3 3 0.000372 0.002058 0.101254 0.894886 0.001429
3 3 0.000307 0.003454 0.345303 0.649798 0.001138
3 3 0.000130 0.001853 0.304887 0.692439 0.000690
3 3 0.000668 0.004425 0.224332 0.768625 0.001951
3 3 0.000206 0.002443 0.290719 0.705716 0.000916
3 3 0.000164 0.001780 0.203980 0.793246 0.000830
3 3 0.001212 0.005777 0.169351 0.820808 0.002853
3 3 0.000167 0.001689 0.177035 0.820264 0.000845
3 3 0.000645 0.003501 0.145337 0.848547 0.001970
3 3 0.001017 0.003844 0.099659 0.892835 0.002646
3 3 0.000681 0.004092 0.184809 0.808415 0.002004
3 3 0.000725 0.003631 0.143262 0.850251 0.002131
3 3 0.000490 0.003180 0.150354 0.844337 0.001639
3 3 0.000326 0.002672 0.165982 0.829761 0.001260
3 3 0.000241 0.001840 0.138708 0.858131 0.001080
3 3 0.000569 0.003244 0.156723 0.837635 0.001829
3 3 0.001525 0.006594 0.174909 0.813675 0.003297
3 3 0.000323 0.002634 0.195605 0.800175 0.001263
3 3 0.000369 0.003064 0.209653 0.785562 0.001353
3 3 0.000101 0.001371 0.218016 0.779900 0.000612
3 3 0.000770 0.003524 0.132056 0.861416 0.002234
3 3 0.000508 0.003335 0.193904 0.800569 0.001685
3 3 0.000858 0.004497 0.184052 0.808259 0.002334
3 3 0.002332 0.008997 0.197406 0.787017 0.004249
3 3 0.001484 0.007557 0.226262 0.761542 0.003156
2 0 0.212892 0.249648 0.335825 0.164101 0.037535
1 0 0.184896 0.389136 0.380071 0.011357 0.034539
1 0 0.045638 0.471345 0.442282 0.002099 0.038636
2 0 0.040088 0.382491 0.511940 0.006185 0.059296
2 1 0.016145 0.324777 0.637404 0.001004 0.020671
2 2 0.005894 0.212103 0.767748 0.000844 0.013412
2 2 0.013445 0.453636 0.459850 0.000211 0.072858
2 2 0.146008 0.267778 0.536978 0.005501 0.043736
1 2 0.117754 0.451410 0.384193 0.004805 0.041840
1 1 0.256215 0.377621 0.307167 0.008317 0.050680
1 1 0.024281 0.561816 0.350348 0.000463 0.063092
2 1 0.000465 0.062353 0.932060 0.000478 0.004643
2 2 0.001401 0.035939 0.954018 0.001155 0.007487
2 2 0.001848 0.103961 0.869192 0.005507 0.019492
1 4 0.066096 0.469222 0.329055 0.007341 0.128286
2 4 0.000928 0.132568 0.859233 0.000232 0.007038
4 4 0.017018 0.087025 0.004502 0.000000 0.891456
4 4 0.033007 0.119415 0.008226 0.000000 0.839352
4 4 0.029024 0.101580 0.007014 0.000000 0.862382
4 4 0.181627 0.042561 0.003140 0.000000 0.772672
4 4 0.264981 0.178645 0.024089 0.000041 0.532243
4 4 0.078712 0.272136 0.042070 0.000002 0.607080
4 4 0.023358 0.349865 0.043798 0.000001 0.582979
4 4 0.110786 0.259661 0.045662 0.000002 0.583890
4 4 0.027480 0.248859 0.026833 0.000000 0.696827
4 4 0.256472 0.199350 0.027770 0.000057 0.516352
4 4 0.147669 0.081080 0.006491 0.000001 0.764759
4 4 0.042420 0.068356 0.003877 0.000000 0.885347
4 4 0.173245 0.083762 0.007184 0.000002 0.735808
4 4 0.057584 0.065772 0.004340 0.000001 0.872304
4 4 0.082415 0.166845 0.013853 0.000004 0.736883
4 4 0.084288 0.099579 0.007024 0.000001 0.809108
0 4 0.450557 0.088895 0.012731 0.000019 0.447798
4 4 0.183880 0.069528 0.005777 0.000001 0.740814
4 4 0.406525 0.057878 0.006708 0.000004 0.528884
4 4 0.043079 0.092840 0.005243 0.000000 0.858837
4 4 0.101834 0.115403 0.013129 0.000002 0.769632
4 4 0.277227 0.227652 0.048809 0.000020 0.446292
4 4 0.216839 0.171602 0.025305 0.000007 0.586247
4 4 0.212622 0.260947 0.042182 0.000059 0.484190
4 4 0.160872 0.318699 0.057218 0.000042 0.463169
4 4 0.042369 0.380665 0.055391 0.000004 0.521571
4 4 0.049154 0.271817 0.040185 0.000004 0.638840
4 4 0.020021 0.418854 0.074122 0.000000 0.487003
4 4 0.035319 0.405552 0.092698 0.000000 0.466431
4 4 0.009113 0.422041 0.072926 0.000000 0.495920
4 4 0.025027 0.395158 0.116534 0.000000 0.463280
1 4 0.047691 0.466556 0.130411 0.000002 0.355339
1 4 0.033753 0.544170 0.127327 0.000014 0.294736
1 4 0.016877 0.474997 0.087157 0.000001 0.420968
1 4 0.021342 0.459149 0.115331 0.000000 0.404177
1 4 0.032962 0.463741 0.130615 0.000001 0.372682
1 4 0.010442 0.453479 0.084580 0.000000 0.451498
4 4 0.026317 0.255931 0.082674 0.000001 0.635078
4 4 0.017755 0.404244 0.067036 0.000000 0.510965
1 4 0.034314 0.426190 0.147695 0.000005 0.391796
1 4 0.003740 0.487967 0.380664 0.000010 0.127620
1 4 0.003373 0.475605 0.445815 0.000035 0.075172
2 4 0.002759 0.365049 0.527503 0.000008 0.104681
2 2 0.006423 0.209735 0.718225 0.000041 0.065576
2 2 0.007751 0.355211 0.541452 0.000009 0.095576
2 2 0.000137 0.016003 0.982258 0.000365 0.001238
2 2 0.000126 0.015734 0.982569 0.000914 0.000657
2 2 0.000194 0.022660 0.975110 0.001024 0.001013
2 2 0.000351 0.015152 0.982047 0.001047 0.001403
2 2 0.001257 0.038437 0.956516 0.002124 0.001666
2 2 0.005620 0.095196 0.877402 0.000092 0.021689
2 2 0.102367 0.158058 0.682583 0.001209 0.055783
2 0 0.249114 0.331376 0.368790 0.023608 0.027112
0 0 0.643789 0.170286 0.127804 0.013520 0.044600
2 0 0.214088 0.338794 0.403222 0.019133 0.024763
0 0 0.876256 0.050110 0.022883 0.003343 0.047408
0 0 0.754872 0.102014 0.038824 0.001449 0.102841
0 0 0.891900 0.037073 0.014663 0.001048 0.055316
0 0 0.887878 0.043774 0.019711 0.002589 0.046049
0 0 0.613399 0.175626 0.055913 0.002300 0.152762
0 0 0.397574 0.326248 0.158887 0.003441 0.113849
1 0 0.122196 0.521985 0.205384 0.000751 0.149684
0 0 0.409368 0.318392 0.159953 0.003643 0.108644
0 0 0.717899 0.136250 0.067172 0.019829 0.058850
0 0 0.856193 0.061458 0.030709 0.004004 0.047636
0 0 0.520673 0.242170 0.166432 0.014643 0.056082
0 0 0.497670 0.263370 0.124269 0.003731 0.110960
1 0 0.149513 0.472435 0.201261 0.000208 0.176582
1 1 0.025254 0.581893 0.290833 0.000035 0.101984
2 2 0.006238 0.197852 0.731809 0.000038 0.064062
2 2 0.004832 0.259026 0.707581 0.000120 0.028441
2 2 0.003759 0.248727 0.725900 0.000279 0.021336
2 2 0.013968 0.303396 0.657456 0.000313 0.024867
1 2 0.138229 0.439065 0.374102 0.005628 0.042976
2 2 0.002880 0.265616 0.705532 0.000100 0.025872
2 2 0.000956 0.079019 0.915322 0.000635 0.004068
2 2 0.000483 0.018245 0.976474 0.002565 0.002233
2 2 0.000046 0.010503 0.988401 0.000552 0.000498
2 2 0.000073 0.006056 0.992432 0.000721 0.000718
2 2 0.000133 0.007169 0.990721 0.001206 0.000771
2 2 0.000590 0.026361 0.969648 0.000897 0.002505
2 2 0.000743 0.024209 0.971613 0.000362 0.003072
2 2 0.000914 0.034680 0.958628 0.001230 0.004548
2 2 0.000088 0.010523 0.988046 0.000336 0.001008
2 2 0.001547 0.034207 0.958272 0.001400 0.004575
2 2 0.000682 0.031700 0.962616 0.000493 0.004510
2 2 0.000486 0.018253 0.977819 0.000176 0.003266
2 2 0.000417 0.024008 0.972523 0.000799 0.002253
2 2 0.001626 0.039396 0.954575 0.001231 0.003172
2 2 0.000436 0.029469 0.967089 0.000635 0.002371
2 2 0.000053 0.003453 0.986046 0.010223 0.000225
2 2 0.000102 0.003757 0.974552 0.021240 0.000350
2 2 0.021518 0.109847 0.842190 0.021381 0.005064
2 2 0.001555 0.039396 0.948871 0.008130 0.002048
2 2 0.000183 0.006465 0.978105 0.014974 0.000273
2 2 0.000137 0.010259 0.985655 0.003520 0.000428
2 2 0.000085 0.002834 0.992168 0.004729 0.000185
2 2 0.000068 0.007530 0.989040 0.002994 0.000368
2 2 0.000024 0.003507 0.993500 0.002809 0.000160
2 2 0.000121 0.007564 0.986169 0.005831 0.000315
2 2 0.000020 0.001426 0.979121 0.019370 0.000062
2 2 0.000172 0.005072 0.958268 0.036132 0.000355
2 2 0.000033 0.002880 0.987628 0.009357 0.000102
2 2 0.000033 0.001968 0.980760 0.017162 0.000077
2 2 0.001577 0.018201 0.928521 0.050461 0.001241
1 2 0.045589 0.539747 0.359452 0.000780 0.054432
1 2 0.068194 0.494500 0.391064 0.001784 0.044457
0 0 0.560520 0.209499 0.173862 0.011309 0.044810
0 0 0.421860 0.292875 0.197093 0.001746 0.086426
1 0 0.121936 0.436272 0.398723 0.005463 0.037606
2 1 0.016269 0.258150 0.711908 0.001574 0.012099
2 2 0.003927 0.142150 0.845270 0.000834 0.007818
2 2 0.004534 0.193569 0.791446 0.000615 0.009835
2 2 0.000518 0.041285 0.954778 0.000579 0.002840
2 2 0.000734 0.038211 0.953595 0.000078 0.007382
0 2 0.644141 0.171372 0.075794 0.002533 0.106159
0 0 0.842878 0.068824 0.035761 0.004588 0.047950
0 0 0.896201 0.039263 0.017483 0.002109 0.044943
0 0 0.833405 0.064555 0.024433 0.001757 0.075850
0 0 0.866887 0.055237 0.025484 0.004024 0.048369
0 0 0.773875 0.082807 0.026382 0.001004 0.115932
0 0 0.914854 0.029299 0.012665 0.001220 0.041961
0 0 0.855972 0.061744 0.033616 0.003115 0.045553
0 0 0.815152 0.079076 0.035967 0.002377 0.067428
0 0 0.925261 0.023881 0.010115 0.000835 0.039909
0 0 0.833585 0.073911 0.038898 0.005188 0.048417
0 0 0.876931 0.049741 0.022697 0.003296 0.047334
0 0 0.902731 0.035747 0.015766 0.001769 0.043986
0 0 0.857037 0.060636 0.028252 0.004809 0.049266
0 0 0.810699 0.085940 0.041604 0.009466 0.052291
0 0 0.857791 0.060222 0.028039 0.004746 0.049201
0 0 0.856970 0.060672 0.028271 0.004814 0.049272
0 0 0.906888 0.033523 0.014689 0.001569 0.043331
0 0 0.932590 0.020159 0.008397 0.000610 0.038244
0 0 0.839349 0.070326 0.033296 0.006399 0.050631
0 0 0.937495 0.017727 0.007290 0.000481 0.037007
0 0 0.923543 0.024765 0.010527 0.000893 0.040271
0 0 0.941322 0.015868 0.006456 0.000392 0.035962
0 0 0.927768 0.021843 0.008966 0.000629 0.040794
0 0 0.936901 0.018019 0.007422 0.000496 0.037163
0 0 0.945605 0.013837 0.005554 0.000305 0.034699
0 0 0.940858 0.016091 0.006555 0.000403 0.036093
0 0 0.941904 0.013992 0.005339 0.000237 0.038528
0 0 0.926977 0.023001 0.009706 0.000779 0.039537
0 0 0.953811 0.010128 0.003944 0.000172 0.031944
0 0 0.949670 0.011966 0.004736 0.000234 0.033394
0 0 0.947318 0.013041 0.005205 0.000274 0.034162
0 0 0.957501 0.008559 0.003279 0.000126 0.030533
0 0 0.933477 0.019716 0.008194 0.000586 0.038028
0 0 0.948357 0.012564 0.004996 0.000255 0.033828
0 0 0.963192 0.006297 0.002342 0.000072 0.028096
0 0 0.969043 0.004225 0.001512 0.000035 0.025185
0 0 0.958595 0.008109 0.003091 0.000115 0.030091
0 0 0.966357 0.005139 0.001875 0.000050 0.026579
0 0 0.972373 0.003190 0.001112 0.000021 0.023305
0 0 0.937845 0.017555 0.007213 0.000473 0.036914
0 0 0.964348 0.005865 0.002167 0.000063 0.027557
0 0 0.944936 0.014150 0.005693 0.000318 0.034903
0 0 0.962147 0.006696 0.002506 0.000081 0.028570
0 0 0.947752 0.012841 0.005117 0.000266 0.034024
0 0 0.935685 0.017143 0.006717 0.000357 0.040098
0 0 0.931253 0.020831 0.008705 0.000648 0.038563
0 0 0.952351 0.010767 0.004218 0.000192 0.032471
0 0 0.933513 0.019697 0.008185 0.000585 0.038019
0 0 0.939051 0.016966 0.006948 0.000444 0.036591
0 0 0.972974 0.003016 0.001045 0.000019 0.022946
0 0 0.977753 0.001793 0.000591 0.000007 0.019856
0 0 0.982199 0.000939 0.000291 0.000002 0.016569
0 0 0.974618 0.002562 0.000874 0.000014 0.021932
0 0 0.966172 0.001551 0.000389 0.000001 0.031886
0 0 0.949414 0.012082 0.004786 0.000238 0.033480
0 0 0.961345 0.007008 0.002634 0.000088 0.028926
0 0 0.966693 0.005021 0.001828 0.000048 0.026410
0 0 0.951876 0.010978 0.004309 0.000199 0.032639
0 0 0.962014 0.006748 0.002527 0.000082 0.028630
0 0 0.965868 0.005313 0.001944 0.000053 0.026822
0 0 0.965752 0.005354 0.001961 0.000054 0.026879
0 0 0.968526 0.004395 0.001579 0.000037 0.025462
0 0 0.955651 0.009337 0.003608 0.000148 0.031256
0 0 0.964004 0.005993 0.002219 0.000066 0.027719
0 0 0.952504 0.010700 0.004189 0.000190 0.032417
0 0 0.965919 0.005295 0.001937 0.000053 0.026797
0 0 0.958987 0.007949 0.003024 0.000110 0.029930
0 0 0.911197 0.025082 0.009196 0.000417 0.054109
0 0 0.691922 0.058546 0.011658 0.000055 0.237819
0 0 0.912439 0.019150 0.006150 0.000145 0.062115
0 0 0.953063 0.010455 0.004084 0.000182 0.032216
0 0 0.943084 0.015025 0.006080 0.000355 0.035455
0 0 0.843411 0.050097 0.016503 0.000602 0.089388
0 0 0.956044 0.009170 0.003537 0.000143 0.031105
0 0 0.931090 0.020914 0.008742 0.000653 0.038602
0 0 0.928083 0.022437 0.009445 0.000744 0.039292
0 0 0.953806 0.010130 0.003945 0.000172 0.031946
0 0 0.939712 0.016645 0.006804 0.000428 0.036411
0 0 0.967459 0.004312 0.001553 0.000041 0.026635
0 0 0.943225 0.014272 0.005616 0.000286 0.036601
0 0 0.945638 0.013822 0.005548 0.000304 0.034689
0 0 0.938046 0.017457 0.007169 0.000468 0.036861
0 0 0.883981 0.037362 0.013708 0.000714 0.064235
0 0 0.943668 0.011515 0.004090 0.000126 0.040602
0 0 0.658532 0.119766 0.031200 0.000592 0.189910
4 0 0.200780 0.299015 0.045840 0.000173 0.454192
4 1 0.087563 0.209950 0.019423 0.000010 0.683054
4 1 0.053116 0.234964 0.021657 0.000004 0.690259
4 1 0.036409 0.219576 0.020257 0.000001 0.723757
4 1 0.021046 0.387310 0.067490 0.000000 0.524154
4 1 0.035909 0.378452 0.062634 0.000003 0.523002
0 1 0.749043 0.102133 0.034397 0.001791 0.112636
4 1 0.278071 0.235680 0.037424 0.000138 0.448686
4 1 0.050673 0.400904 0.077586 0.000003 0.470835
4 1 0.009020 0.421892 0.070586 0.000000 0.498502
4 1 0.002327 0.260845 0.328455 0.000000 0.408374
4 1 0.027096 0.342695 0.066890 0.000000 0.563319
4 1 0.192477 0.314485 0.077974 0.000017 0.415046
0 1 0.607525 0.140672 0.034929 0.000582 0.216291
0 0 0.630592 0.176482 0.089957 0.001463 0.101507
1 0 0.227298 0.436440 0.246227 0.005480 0.084554
1 0 0.060128 0.556408 0.309521 0.001052 0.072891
1 0 0.254615 0.332733 0.118473 0.000070 0.294108
1 1 0.054883 0.554681 0.317885 0.000740 0.071812
1 2 0.024117 0.525963 0.391554 0.000044 0.058321
1 2 0.018762 0.541085 0.399036 0.000200 0.040917
1 2 0.035620 0.511999 0.412075 0.000620 0.039686
2 2 0.002774 0.363491 0.580712 0.000014 0.053009
2 2 0.000444 0.111893 0.853015 0.000023 0.034623
2 2 0.000591 0.090346 0.880403 0.000020 0.028641
2 2 0.001399 0.242484 0.689961 0.000059 0.066097
2 2 0.000448 0.178350 0.754105 0.000066 0.067031
2 2 0.002824 0.162952 0.762419 0.000005 0.071800
2 2 0.002170 0.306437 0.617655 0.000045 0.073693
1 2 0.020221 0.526947 0.268063 0.000003 0.184765
1 2 0.004187 0.406262 0.403756 0.000003 0.185792
1 2 0.126435 0.474570 0.297473 0.000304 0.101219
1 2 0.016337 0.626988 0.236778 0.000033 0.119864
1 2 0.007438 0.501129 0.352967 0.000006 0.138461
2 2 0.010025 0.408165 0.477423 0.000020 0.104366
2 2 0.052765 0.423463 0.426478 0.000020 0.097274
1 2 0.075743 0.516325 0.349507 0.001841 0.056583
2 2 0.011581 0.429895 0.490393 0.000012 0.068118
1 2 0.034548 0.541987 0.360259 0.000166 0.063040
2 2 0.008852 0.225675 0.746680 0.000200 0.018594
2 2 0.004298 0.121096 0.858149 0.000237 0.016220
2 2 0.011988 0.375558 0.596251 0.000290 0.015914
2 2 0.005581 0.185725 0.794931 0.000242 0.013522
2 2 0.003881 0.296820 0.683569 0.000149 0.015581
2 2 0.002808 0.117961 0.875006 0.000694 0.003531
2 2 0.001480 0.033464 0.959924 0.002826 0.002306
2 2 0.000259 0.010432 0.987400 0.000778 0.001131
2 2 0.000218 0.030567 0.967160 0.000256 0.001799
2 2 0.001585 0.016770 0.977825 0.000272 0.003548
2 2 0.000517 0.010444 0.987148 0.000798 0.001093
2 2 0.000434 0.011093 0.986071 0.001472 0.000930
2 2 0.000244 0.024437 0.972981 0.001168 0.001170
2 2 0.000033 0.005995 0.993065 0.000534 0.000373
2 2 0.000425 0.006212 0.991381 0.000251 0.001731
2 2 0.014384 0.079781 0.885683 0.001209 0.018943
2 0 0.199293 0.356007 0.401665 0.015912 0.027124
0 0 0.352533 0.341306 0.231584 0.013046 0.061531
0 0 0.414965 0.264679 0.264665 0.022387 0.033303
1 0 0.129306 0.416131 0.415036 0.006582 0.032945
1 1 0.030568 0.573162 0.157845 0.000017 0.238409
1 1 0.037056 0.602088 0.196199 0.000101 0.164556
1 1 0.083292 0.434565 0.170794 0.000006 0.311342
1 1 0.047355 0.506195 0.165400 0.000005 0.281047
2 2 0.007964 0.257108 0.501139 0.000003 0.233786
2 2 0.010374 0.249515 0.723633 0.001163 0.015314
2 2 0.000669 0.093113 0.896680 0.000495 0.009043
2 2 0.002423 0.039967 0.947381 0.000141 0.010088
2 2 0.000365 0.026937 0.966022 0.000117 0.006559
2 2 0.000258 0.027920 0.965796 0.000010 0.006016
1 2 0.089717 0.471591 0.390972 0.001953 0.045767
1 0 0.291568 0.386790 0.239132 0.007331 0.075179
1 0 0.116970 0.456379 0.378530 0.004635 0.043486
1 1 0.093094 0.476369 0.382634 0.003051 0.044851
1 1 0.037377 0.578406 0.312411 0.000467 0.071340
1 1 0.025101 0.511148 0.418799 0.000108 0.044844
1 1 0.215547 0.388187 0.342221 0.014349 0.039696
1 1 0.063978 0.516166 0.366664 0.001452 0.051740
1 1 0.013217 0.553327 0.381443 0.000055 0.051959
2 2 0.002453 0.114334 0.850798 0.000012 0.032403
2 2 0.000004 0.002176 0.997084 0.000631 0.000106
2 2 0.000031 0.002548 0.996562 0.000432 0.000427
2 2 0.000382 0.021700 0.974201 0.002817 0.000900
2 2 0.000157 0.008219 0.989814 0.001323 0.000487
2 2 0.000146 0.010692 0.987032 0.001481 0.000649
2 2 0.000013 0.001539 0.996100 0.002281 0.000067
2 2 0.000049 0.004549 0.991176 0.004006 0.000220
2 2 0.000040 0.003686 0.993671 0.002238 0.000365
2 2 0.000083 0.002402 0.987859 0.009474 0.000182
2 2 0.000025 0.001742 0.991713 0.006412 0.000108
2 2 0.001633 0.023005 0.970732 0.001814 0.002816
2 2 0.000096 0.007990 0.988495 0.002647 0.000772
2 2 0.000841 0.011218 0.982869 0.003104 0.001969
2 2 0.000396 0.022740 0.974454 0.001177 0.001233
2 2 0.006346 0.078350 0.900716 0.010291 0.004297
1 1 0.206439 0.471920 0.208272 0.007042 0.106327
1 1 0.109137 0.538122 0.221071 0.001045 0.130626
1 1 0.037337 0.569634 0.186088 0.000022 0.206919
1 1 0.028233 0.521827 0.148465 0.000002 0.301472
1 2 0.018337 0.588409 0.226954 0.000005 0.166295
2 2 0.006067 0.280023 0.679938 0.000086 0.033885
2 2 0.014411 0.462044 0.494632 0.000154 0.028759
1 2 0.013607 0.523373 0.429925 0.000131 0.032964
2 2 0.008903 0.312510 0.639882 0.000131 0.038574
1 2 0.330138 0.346778 0.239604 0.002145 0.081336
2 2 0.046280 0.421348 0.509103 0.001426 0.021843
2 2 0.099781 0.418515 0.448201 0.004542 0.028961
2 2 0.004008 0.179284 0.801740 0.000504 0.014464
2 2 0.001443 0.116812 0.866885 0.000154 0.014705
2 2 0.000847 0.032944 0.956693 0.000046 0.009471
2 2 0.000016 0.004195 0.994591 0.001044 0.000155
2 2 0.000037 0.004118 0.990549 0.005081 0.000217
2 2 0.000004 0.001655 0.997374 0.000893 0.000074
2 2 0.000054 0.002146 0.996338 0.001211 0.000251
2 2 0.000006 0.001344 0.995580 0.003020 0.000050
2 2 0.042968 0.196080 0.678201 0.000612 0.082139
