4 0 0.246106 0.111525 0.001818 0.000000 0.640551
4 0 0.279472 0.120333 0.001118 0.000000 0.599078
4 0 0.074203 0.381900 0.002134 0.000000 0.541763
4 1 0.017532 0.144620 0.002126 0.000000 0.835722
4 1 0.021321 0.183993 0.004991 0.000000 0.789696
4 1 0.005578 0.220710 0.006447 0.000000 0.767264
4 1 0.005595 0.280513 0.015582 0.000000 0.698311
4 1 0.003670 0.279164 0.013668 0.000000 0.703498
4 1 0.004068 0.271767 0.012674 0.000000 0.711491
4 1 0.005362 0.289944 0.017531 0.000000 0.687163
4 1 0.003416 0.126601 0.000903 0.000000 0.869080
4 1 0.005733 0.189802 0.003859 0.000000 0.800606
4 1 0.003351 0.114212 0.000650 0.000000 0.881788
4 1 0.003955 0.154942 0.001791 0.000000 0.839311
4 4 0.003739 0.024845 0.000241 0.000000 0.971175
4 4 0.007817 0.041713 0.000900 0.000000 0.949571
4 4 0.012242 0.164091 0.002904 0.000000 0.820763
4 4 0.011694 0.175561 0.003588 0.000000 0.809157
4 4 0.012577 0.168190 0.003174 0.000000 0.816058
4 4 0.009112 0.247455 0.011092 0.000000 0.732341
4 1 0.005323 0.221803 0.006481 0.000000 0.766394
4 1 0.004521 0.258167 0.010747 0.000000 0.726565
4 1 0.010323 0.231449 0.009004 0.000000 0.749224
4 1 0.009039 0.254510 0.012281 0.000000 0.724170
4 1 0.005218 0.295615 0.018792 0.000000 0.680375
4 1 0.013858 0.349173 0.052636 0.000000 0.584333
4 1 0.010279 0.380974 0.076330 0.000000 0.532417
4 1 0.018086 0.356928 0.065448 0.000000 0.559537
4 1 0.010655 0.355173 0.052330 0.000000 0.581842
4 1 0.016938 0.360168 0.067018 0.000000 0.555876
2 1 0.032411 0.352668 0.443236 0.000184 0.171501
2 1 0.040097 0.334423 0.384175 0.000115 0.241189
2 2 0.049364 0.296059 0.440533 0.001194 0.212849
2 2 0.031928 0.393016 0.448859 0.000488 0.125709
2 2 0.043549 0.187096 0.479593 0.018888 0.270875
2 2 0.005777 0.066765 0.554820 0.344099 0.028539
2 2 0.006641 0.103544 0.686213 0.186724 0.016879
2 2 0.005771 0.065283 0.624196 0.288195 0.016555
2 2 0.010902 0.165264 0.634941 0.169922 0.018971
2 3 0.007928 0.084259 0.590282 0.285540 0.031991
2 3 0.028498 0.104408 0.472523 0.366346 0.028226
3 3 0.032473 0.086069 0.336512 0.509552 0.035395
3 3 0.023826 0.057518 0.288289 0.589526 0.040841
3 3 0.026186 0.031026 0.200257 0.716208 0.026323
3 3 0.024049 0.072617 0.331956 0.515004 0.056373
3 3 0.033308 0.040827 0.223983 0.668000 0.033882
3 3 0.027994 0.028780 0.184287 0.730523 0.028416
3 3 0.038909 0.048511 0.248010 0.616919 0.047651
3 3 0.021033 0.019710 0.149964 0.785897 0.023397
3 3 0.028551 0.019007 0.140962 0.786663 0.024816
3 3 0.019839 0.035278 0.217031 0.701279 0.026573
3 3 0.031736 0.035293 0.205569 0.696638 0.030763
3 3 0.020127 0.017865 0.145834 0.785170 0.031004
3 3 0.018550 0.016032 0.132209 0.813472 0.019737
3 3 0.033285 0.041505 0.226956 0.662920 0.035334
3 3 0.015190 0.027169 0.196310 0.729307 0.032023
3 3 0.017183 0.035670 0.227413 0.686071 0.033663
3 3 0.019630 0.019257 0.147109 0.793956 0.020048
3 3 0.015326 0.018462 0.152000 0.788591 0.025621
3 3 0.015366 0.015616 0.135124 0.811711 0.022184
3 3 0.054253 0.044747 0.225081 0.629248 0.046671
3 3 0.032578 0.022092 0.154543 0.760314 0.030474
3 3 0.026427 0.011419 0.100123 0.844614 0.017416
3 3 0.017313 0.007880 0.081543 0.880425 0.012839
3 3 0.033258 0.016646 0.127290 0.797211 0.025594
3 3 0.027760 0.020038 0.151493 0.764239 0.036469
3 3 0.021960 0.010809 0.096588 0.857512 0.013131
3 3 0.018244 0.014998 0.126186 0.822292 0.018279
3 3 0.039632 0.018604 0.133179 0.782198 0.026387
3 3 0.015140 0.008084 0.084735 0.878934 0.013106
3 3 0.011124 0.003673 0.048112 0.932000 0.005090
3 3 0.008606 0.003195 0.044009 0.940516 0.003674
3 3 0.018361 0.010364 0.093478 0.868232 0.009564
3 3 0.011866 0.005717 0.065708 0.909768 0.006941
3 3 0.014179 0.004621 0.054057 0.921927 0.005216
3 3 0.007357 0.003743 0.051752 0.932029 0.005119
3 3 0.009604 0.006063 0.070966 0.905874 0.007493
3 3 0.020104 0.015604 0.124942 0.824521 0.014829
3 3 0.013825 0.005554 0.064017 0.908578 0.008026
3 3 0.012386 0.005555 0.063790 0.911619 0.006649
3 3 0.023556 0.012134 0.108520 0.833372 0.022419
3 3 0.021124 0.009633 0.089671 0.867270 0.012303
3 3 0.027710 0.014441 0.117696 0.818733 0.021419
3 3 0.021776 0.008949 0.085761 0.870354 0.013160
3 3 0.010111 0.003147 0.043266 0.939197 0.004279
3 3 0.013548 0.005224 0.061836 0.911218 0.008174
3 3 0.014936 0.008662 0.085481 0.881784 0.009137
3 3 0.015940 0.006089 0.067924 0.900306 0.009740
3 3 0.026296 0.008254 0.078534 0.874694 0.012222
3 3 0.016976 0.013981 0.124077 0.823319 0.021647
3 3 0.021092 0.008034 0.079863 0.878665 0.012347
3 3 0.013073 0.003523 0.043897 0.935997 0.003511
3 3 0.011165 0.006669 0.074266 0.899959 0.007941
3 3 0.013207 0.024448 0.162233 0.793193 0.006920
3 3 0.020261 0.013057 0.105510 0.852571 0.008600
3 3 0.028966 0.046302 0.219817 0.695015 0.009900
3 3 0.020964 0.008576 0.078519 0.884978 0.006963
3 3 0.019279 0.009881 0.084180 0.881603 0.005057
3 3 0.020671 0.010594 0.093958 0.864371 0.010406
3 3 0.021662 0.012231 0.101227 0.855413 0.009467
3 3 0.016063 0.006745 0.065687 0.907636 0.003869
3 3 0.010828 0.008455 0.084523 0.890098 0.006096
3 3 0.009978 0.009494 0.093093 0.880709 0.006726
3 3 0.009957 0.008664 0.086158 0.889603 0.005618
3 3 0.014149 0.013430 0.118400 0.840654 0.013367
3 3 0.014335 0.005850 0.061776 0.913639 0.004400
3 3 0.016125 0.008492 0.077835 0.892829 0.004720
3 3 0.019438 0.007797 0.074450 0.891568 0.006747
3 3 0.013623 0.003324 0.043021 0.935662 0.004369
3 3 0.013851 0.005074 0.057455 0.918565 0.005055
3 3 0.013588 0.005277 0.060260 0.914825 0.006050
3 3 0.023293 0.012807 0.104764 0.848123 0.011014
3 3 0.013484 0.004847 0.055427 0.921641 0.004601
3 3 0.017984 0.010612 0.094786 0.867443 0.009175
3 3 0.021079 0.010328 0.089961 0.870393 0.008239
3 3 0.009944 0.005237 0.059820 0.921130 0.003869
3 3 0.014681 0.006079 0.066018 0.906519 0.006702
3 3 0.015871 0.007337 0.071689 0.899936 0.005166
3 3 0.012755 0.007848 0.080225 0.891847 0.007325
3 3 0.012233 0.004469 0.052658 0.926548 0.004091
3 3 0.015596 0.004836 0.054850 0.919556 0.005162
3 3 0.016764 0.007102 0.072608 0.895876 0.007650
3 3 0.013449 0.008388 0.085837 0.882334 0.009992
3 3 0.026185 0.016618 0.122840 0.821892 0.012464
3 3 0.008169 0.003849 0.051093 0.932476 0.004413
3 3 0.011239 0.003000 0.040621 0.941454 0.003687
3 3 0.015645 0.006469 0.065965 0.906954 0.004967
3 3 0.011465 0.003216 0.042372 0.939280 0.003668
3 3 0.021215 0.006296 0.064704 0.900304 0.007480
3 3 0.018974 0.004652 0.051645 0.919836 0.004893
3 3 0.024115 0.008268 0.073760 0.887990 0.005866
3 3 0.011625 0.004705 0.056136 0.922475 0.005060
3 3 0.024229 0.008909 0.080531 0.877733 0.008599
3 3 0.010427 0.003474 0.045920 0.935927 0.004253
3 3 0.018934 0.005297 0.057120 0.912980 0.005669
3 3 0.006635 0.001455 0.025158 0.964973 0.001779
3 3 0.012117 0.002825 0.037767 0.944292 0.002999
3 3 0.011684 0.003514 0.044340 0.937109 0.003353
3 3 0.014067 0.003355 0.042283 0.936617 0.003678
3 3 0.018243 0.005462 0.059371 0.910495 0.006430
3 3 0.006428 0.002552 0.037928 0.950635 0.002457
3 3 0.010426 0.002821 0.038832 0.944730 0.003191
3 3 0.014765 0.007190 0.074763 0.895457 0.007825
3 3 0.005234 0.001794 0.030325 0.960635 0.002012
3 3 0.007185 0.003298 0.046587 0.938914 0.004016
3 3 0.009209 0.002714 0.036677 0.949378 0.002022
3 3 0.013471 0.006752 0.070383 0.903661 0.005733
3 3 0.010037 0.003745 0.047654 0.934951 0.003614
3 3 0.010078 0.004591 0.056225 0.924196 0.004910
3 3 0.010228 0.002302 0.033127 0.951879 0.002465
3 3 0.008009 0.006298 0.076055 0.900698 0.008940
3 3 0.006907 0.005789 0.069386 0.912769 0.005148
3 3 0.007189 0.003284 0.045210 0.941176 0.003141
3 3 0.012623 0.005179 0.057985 0.919927 0.004285
3 3 0.017519 0.006109 0.065325 0.903519 0.007528
3 3 0.074449 0.125945 0.336261 0.447064 0.016280
3 3 0.036567 0.022021 0.142570 0.787312 0.011530
3 3 0.038443 0.071323 0.340049 0.534117 0.016067
3 2 0.046425 0.134820 0.380328 0.418553 0.019873
2 1 0.060901 0.318533 0.453195 0.158149 0.009222
1 1 0.067994 0.444075 0.413322 0.046451 0.028157
2 1 0.070551 0.366061 0.500717 0.035490 0.027181
2 1 0.033121 0.259319 0.502552 0.135896 0.069112
2 2 0.016865 0.114529 0.601655 0.180668 0.086283
2 2 0.033838 0.158638 0.473784 0.182168 0.151572
2 2 0.026506 0.210498 0.648389 0.070926 0.043682
2 2 0.022670 0.259751 0.634298 0.047726 0.035555
2 2 0.020036 0.136141 0.668513 0.091723 0.083587
2 2 0.024639 0.178783 0.637318 0.064669 0.094590
2 2 0.019251 0.142001 0.564022 0.189149 0.085577
2 2 0.047611 0.201372 0.422651 0.033487 0.294878
2 2 0.047416 0.257273 0.427093 0.012521 0.255697
2 2 0.045241 0.255930 0.419487 0.008118 0.271224
1 2 0.042514 0.457793 0.388946 0.001966 0.108781
1 2 0.053252 0.566299 0.341077 0.000924 0.038448
2 2 0.039265 0.374802 0.507145 0.031197 0.047590
2 2 0.029553 0.341084 0.582811 0.021737 0.024815
1 2 0.076287 0.436091 0.435152 0.021268 0.031201
1 2 0.058611 0.512334 0.408449 0.003566 0.017040
1 2 0.087215 0.504357 0.377545 0.005434 0.025448
0 2 0.644120 0.268211 0.057768 0.001545 0.028356
1 2 0.229403 0.567797 0.171628 0.001210 0.029963
1 2 0.138234 0.546730 0.275131 0.004764 0.035141
1 2 0.174822 0.563722 0.218517 0.002520 0.040419
1 2 0.142059 0.612891 0.206338 0.002064 0.036648
1 1 0.380768 0.381583 0.196200 0.013295 0.028155
1 1 0.149906 0.498946 0.309050 0.016944 0.025154
1 1 0.071360 0.538154 0.330568 0.022960 0.036959
1 1 0.085689 0.467436 0.385172 0.022741 0.038961
1 1 0.085188 0.498560 0.362629 0.018232 0.035392
2 1 0.047348 0.395919 0.505038 0.032432 0.019263
2 1 0.056423 0.330621 0.587427 0.014696 0.010833
2 1 0.031856 0.419047 0.482524 0.039594 0.026979
2 1 0.024030 0.323499 0.585693 0.051247 0.015531
2 1 0.032886 0.379032 0.542734 0.027181 0.018168
2 2 0.014707 0.164064 0.638520 0.157827 0.024882
2 2 0.014218 0.209976 0.699255 0.062093 0.014457
2 2 0.021182 0.239808 0.675293 0.051431 0.012286
2 2 0.019199 0.244713 0.657497 0.064653 0.013937
2 2 0.022033 0.248853 0.597625 0.106090 0.025399
2 2 0.032976 0.306626 0.501091 0.125852 0.033454
2 2 0.023635 0.238190 0.598424 0.109135 0.030616
2 2 0.022486 0.225060 0.578264 0.144696 0.029493
2 2 0.014641 0.149094 0.644966 0.166449 0.024850
2 2 0.021058 0.201829 0.574647 0.172142 0.030324
2 2 0.021413 0.209519 0.570284 0.177060 0.021723
2 2 0.019090 0.143731 0.699368 0.127153 0.010658
2 2 0.015010 0.149026 0.504320 0.307651 0.023992
2 2 0.022135 0.168477 0.633787 0.164896 0.010706
2 2 0.014324 0.121053 0.557106 0.284194 0.023323
2 2 0.027040 0.136659 0.486176 0.331206 0.018918
2 2 0.017678 0.130592 0.473419 0.347068 0.031242
2 2 0.018171 0.091819 0.487946 0.364396 0.037668
3 2 0.018792 0.090543 0.370293 0.491220 0.029152
2 2 0.011480 0.089120 0.455932 0.421651 0.021817
2 3 0.038042 0.140168 0.425648 0.328748 0.067394
2 3 0.033666 0.126879 0.410020 0.366176 0.063259
3 3 0.060546 0.129862 0.378754 0.379271 0.051566
1 3 0.108268 0.393801 0.388411 0.087920 0.021600
1 2 0.079937 0.471824 0.375908 0.052413 0.019917
1 2 0.272397 0.456635 0.215002 0.015888 0.040078
0 0 0.475608 0.237660 0.176323 0.030777 0.079633
1 0 0.067606 0.632618 0.255764 0.008365 0.035648
1 0 0.079861 0.465258 0.369024 0.039604 0.046253
1 1 0.149378 0.455175 0.326287 0.035424 0.033735
1 1 0.092807 0.481727 0.350256 0.035924 0.039287
1 1 0.102096 0.576553 0.273437 0.014279 0.033635
1 1 0.091894 0.490043 0.348056 0.035424 0.034583
1 0 0.089202 0.584664 0.281276 0.008968 0.035888
0 0 0.541211 0.286800 0.129814 0.013638 0.028537
2 0 0.030454 0.408908 0.518123 0.023386 0.019129
2 1 0.025574 0.247892 0.677141 0.036331 0.013062
2 1 0.030548 0.255710 0.684977 0.018050 0.010714
2 1 0.024613 0.357515 0.593877 0.012676 0.011318
2 1 0.035014 0.291232 0.627769 0.034478 0.011508
2 2 0.024673 0.361009 0.581043 0.016180 0.017095
2 2 0.023066 0.269020 0.670563 0.024103 0.013249
2 2 0.029075 0.389651 0.540244 0.023821 0.017209
2 2 0.034287 0.364242 0.585658 0.006638 0.009175
2 2 0.023864 0.321344 0.613309 0.025380 0.016103
2 2 0.012652 0.234417 0.703325 0.036683 0.012923
2 2 0.014925 0.252860 0.693111 0.028342 0.010762
2 2 0.015791 0.256226 0.685625 0.027067 0.015291
2 2 0.026026 0.299926 0.586239 0.068920 0.018889
2 2 0.015170 0.264421 0.641630 0.064000 0.014779
2 2 0.017851 0.234433 0.661260 0.071215 0.015240
2 2 0.017065 0.274878 0.668393 0.031690 0.007974
2 2 0.018129 0.264825 0.657888 0.048777 0.010380
2 2 0.019388 0.288939 0.618334 0.055087 0.018252
2 2 0.021257 0.214784 0.686582 0.062971 0.014407
2 2 0.013858 0.107167 0.552005 0.299546 0.027424
2 2 0.029143 0.322804 0.513372 0.110634 0.024048
2 2 0.023732 0.259440 0.613295 0.095203 0.008329
2 2 0.093581 0.347884 0.435683 0.104183 0.018669
2 2 0.175337 0.343429 0.349664 0.117895 0.013675
1 2 0.136944 0.496265 0.311018 0.034567 0.021206
1 2 0.063118 0.500339 0.387589 0.027683 0.021272
2 2 0.035712 0.422459 0.465172 0.049144 0.027513
2 2 0.026943 0.279315 0.607403 0.063273 0.023066
2 2 0.031168 0.361840 0.551070 0.034245 0.021677
2 2 0.019392 0.344920 0.592684 0.030360 0.012645
2 2 0.017210 0.278481 0.657476 0.032615 0.014218
2 2 0.020794 0.326602 0.576552 0.055104 0.020948
2 2 0.022840 0.294207 0.620828 0.040822 0.021302
2 2 0.020142 0.304926 0.589616 0.065921 0.019395
2 2 0.020409 0.210746 0.596529 0.156427 0.015889
2 2 0.017147 0.168682 0.627035 0.168692 0.018445
2 2 0.019261 0.228553 0.596618 0.138159 0.017410
2 2 0.012624 0.129106 0.535032 0.295954 0.027284
2 2 0.035801 0.207317 0.494379 0.246459 0.016044
0 2 0.908789 0.040640 0.000599 0.000000 0.049972
0 0 0.967630 0.015155 0.000231 0.000000 0.016985
1 0 0.300475 0.563375 0.009525 0.000002 0.126624
0 0 0.934661 0.025153 0.002881 0.000040 0.037266
0 0 0.930371 0.031172 0.000514 0.000000 0.037943
1 1 0.031527 0.671591 0.162347 0.000008 0.134527
1 1 0.034753 0.351069 0.289344 0.000152 0.324682
1 2 0.038749 0.473823 0.251496 0.000106 0.235827
1 2 0.036794 0.429048 0.276696 0.000047 0.257415
4 2 0.027232 0.299893 0.321249 0.000063 0.351562
1 2 0.034217 0.419238 0.128636 0.000047 0.417862
4 4 0.020038 0.140518 0.056493 0.000505 0.782446
4 4 0.039215 0.315253 0.076555 0.000096 0.568882
4 4 0.014001 0.099643 0.059189 0.000915 0.826252
4 4 0.036101 0.275293 0.062842 0.000164 0.625599
4 4 0.038341 0.305951 0.192362 0.001367 0.461979
4 4 0.030169 0.312978 0.258415 0.000384 0.398055
1 4 0.026207 0.365236 0.307716 0.000977 0.299864
1 4 0.048019 0.532020 0.149813 0.000194 0.269954
1 4 0.036798 0.421910 0.305223 0.000322 0.235748
4 4 0.044872 0.241086 0.182803 0.007283 0.523956
1 1 0.076595 0.580823 0.166055 0.000077 0.176450
1 1 0.041425 0.380060 0.270951 0.000220 0.307345
1 1 0.041552 0.373279 0.258719 0.000102 0.326349
1 1 0.035045 0.329348 0.325887 0.000454 0.309266
2 1 0.031118 0.291460 0.438622 0.000189 0.238612
2 1 0.029359 0.306416 0.453256 0.000278 0.210691
2 1 0.025270 0.346075 0.438499 0.000051 0.190105
2 1 0.031151 0.334207 0.413442 0.000064 0.221137
2 1 0.028588 0.299883 0.473996 0.000456 0.197076
0 0 0.788876 0.136282 0.011234 0.000060 0.063547
0 0 0.542195 0.362465 0.014314 0.000015 0.081011
0 0 0.843953 0.088925 0.004592 0.000012 0.062519
0 0 0.892686 0.037613 0.012292 0.000875 0.056535
0 0 0.700866 0.216153 0.008921 0.000012 0.074047
1 0 0.085464 0.630865 0.245666 0.005400 0.032606
1 0 0.066753 0.648972 0.245126 0.004613 0.034536
1 0 0.086042 0.604100 0.270045 0.004007 0.035806
1 0 0.086524 0.565313 0.307024 0.003989 0.037151
1 0 0.081602 0.617899 0.260637 0.002866 0.036996
1 0 0.079979 0.648207 0.226206 0.005915 0.039693
1 0 0.061558 0.610294 0.274998 0.009902 0.043249
1 0 0.077215 0.639195 0.238439 0.005762 0.039388
1 0 0.081445 0.629257 0.242218 0.007599 0.039481
1 0 0.067427 0.599924 0.275306 0.010365 0.046978
1 0 0.085433 0.586856 0.275045 0.012391 0.040275
1 0 0.086519 0.554175 0.302655 0.018235 0.038415
1 0 0.246649 0.366591 0.294676 0.051346 0.040738
1 0 0.305863 0.375227 0.245681 0.034807 0.038422
0 0 0.658657 0.106052 0.167519 0.047129 0.020643
0 0 0.952696 0.008809 0.015038 0.022718 0.000740
2 0 0.294446 0.116457 0.308131 0.235317 0.045650
1 0 0.063359 0.552661 0.339729 0.019498 0.024754
2 0 0.058389 0.424116 0.468225 0.025478 0.023792
2 1 0.048198 0.325496 0.572050 0.035707 0.018548
2 1 0.029768 0.349649 0.582337 0.022018 0.016228
2 1 0.032145 0.321941 0.600938 0.027981 0.016995
2 1 0.020039 0.283532 0.652090 0.033021 0.011318
2 1 0.021457 0.279739 0.647743 0.036208 0.014853
2 2 0.033725 0.283439 0.589972 0.074187 0.018677
2 2 0.029436 0.348691 0.554726 0.050086 0.017061
2 2 0.028740 0.258816 0.610819 0.086404 0.015220
2 2 0.029812 0.280704 0.602661 0.068678 0.018145
2 2 0.034845 0.293019 0.568967 0.087435 0.015734
2 2 0.023197 0.261077 0.559811 0.133159 0.022756
2 2 0.046644 0.264264 0.504693 0.161925 0.022473
2 2 0.027184 0.176045 0.477701 0.292047 0.027022
2 2 0.027676 0.150390 0.473948 0.332126 0.015860
2 3 0.037271 0.242054 0.469120 0.230318 0.021236
2 3 0.026580 0.211749 0.559730 0.184355 0.017586
2 3 0.016875 0.178891 0.595302 0.197926 0.011006
2 3 0.027547 0.178616 0.563420 0.221932 0.008485
2 3 0.022547 0.148602 0.540199 0.272678 0.015974
3 3 0.011649 0.087950 0.418011 0.463493 0.018896
2 3 0.022753 0.121881 0.455607 0.384411 0.015347
3 3 0.011006 0.028538 0.190888 0.758790 0.010778
3 3 0.007834 0.032649 0.247136 0.701546 0.010835
3 3 0.017997 0.078179 0.404146 0.492168 0.007510
3 3 0.013802 0.029291 0.246487 0.706233 0.004186
3 3 0.017030 0.027889 0.197468 0.745052 0.012561
3 3 0.030738 0.049285 0.234726 0.670317 0.014933
3 3 0.018322 0.066014 0.287529 0.617440 0.010695
3 3 0.014762 0.014706 0.123839 0.834035 0.012658
3 3 0.020982 0.019130 0.142172 0.801466 0.016249
3 3 0.026728 0.023883 0.153883 0.782543 0.012964
3 3 0.016701 0.016853 0.128413 0.828760 0.009273
3 3 0.013349 0.013582 0.118923 0.842130 0.012016
3 3 0.014648 0.010418 0.096712 0.868854 0.009368
3 3 0.008188 0.008211 0.084480 0.894164 0.004958
3 3 0.009275 0.004980 0.059330 0.921989 0.004425
3 3 0.013224 0.009508 0.091928 0.876601 0.008739
3 3 0.013081 0.004850 0.055027 0.922932 0.004110
3 3 0.007158 0.002724 0.038352 0.949642 0.002123
3 3 0.004846 0.001850 0.031329 0.959935 0.002040
3 3 0.006887 0.003563 0.048095 0.938254 0.003201
3 3 0.011086 0.003928 0.047799 0.933998 0.003188
3 3 0.014728 0.007915 0.077901 0.893046 0.006410
3 3 0.011214 0.005489 0.060961 0.918257 0.004079
3 3 0.007781 0.003797 0.048938 0.936464 0.003019
3 3 0.007024 0.003746 0.050715 0.934549 0.003967
3 3 0.013971 0.004128 0.048566 0.929592 0.003743
3 3 0.016644 0.006081 0.063917 0.907496 0.005863
3 3 0.018654 0.004826 0.053620 0.917472 0.005427
3 3 0.011504 0.003743 0.047157 0.933649 0.003946
3 3 0.021537 0.008210 0.075849 0.887613 0.006791
3 3 0.010925 0.002652 0.035116 0.949342 0.001966
3 3 0.007442 0.002250 0.033844 0.954218 0.002246
3 3 0.012382 0.003622 0.046115 0.933539 0.004341
3 3 0.015351 0.005816 0.062497 0.910764 0.005572
3 3 0.006041 0.002117 0.032204 0.958077 0.001561
3 3 0.012560 0.003777 0.045989 0.934327 0.003346
3 3 0.009733 0.003491 0.045627 0.937614 0.003534
3 3 0.008472 0.003668 0.048262 0.935946 0.003653
3 3 0.011003 0.003256 0.042165 0.940497 0.003079
3 3 0.009509 0.003412 0.043095 0.941652 0.002332
3 3 0.006764 0.003599 0.049190 0.936831 0.003616
3 3 0.012037 0.004270 0.049652 0.930990 0.003052
3 3 0.006447 0.001514 0.025442 0.965109 0.001487
3 3 0.016955 0.006306 0.065176 0.905775 0.005788
3 3 0.008949 0.002534 0.035467 0.950891 0.002158
3 3 0.007529 0.002309 0.033422 0.954995 0.001744
3 3 0.007474 0.002609 0.038468 0.948457 0.002991
3 3 0.009940 0.004132 0.051554 0.930305 0.004070
3 3 0.014832 0.004880 0.051546 0.926172 0.002570
3 3 0.006721 0.002386 0.034604 0.954601 0.001687
3 3 0.021071 0.004715 0.049676 0.920896 0.003642
3 3 0.016175 0.004573 0.050579 0.925086 0.003587
3 3 0.021831 0.004695 0.049159 0.920749 0.003566
3 3 0.018997 0.005333 0.055910 0.915275 0.004485
3 3 0.010732 0.003097 0.041706 0.940819 0.003646
3 3 0.005941 0.001933 0.028674 0.962538 0.000914
3 3 0.004743 0.001994 0.031555 0.960360 0.001349
3 3 0.005527 0.002342 0.036269 0.953625 0.002238
3 3 0.008450 0.002658 0.037327 0.949177 0.002389
3 3 0.004562 0.001364 0.024482 0.968352 0.001240
3 3 0.011561 0.003812 0.047402 0.933487 0.003738
3 3 0.010800 0.002979 0.038894 0.944885 0.002443
3 3 0.015951 0.005655 0.059791 0.913999 0.004604
3 3 0.015103 0.004493 0.051173 0.925191 0.004039
3 3 0.011189 0.002837 0.036866 0.947003 0.002106
3 3 0.008393 0.003535 0.045063 0.940609 0.002400
3 3 0.008796 0.003780 0.049425 0.934002 0.003998
3 3 0.005561 0.001513 0.025730 0.965835 0.001362
3 3 0.006115 0.001306 0.022514 0.968951 0.001114
3 3 0.008461 0.002484 0.034341 0.953030 0.001683
3 3 0.009917 0.006728 0.070432 0.909045 0.003878
3 3 0.004827 0.001423 0.025199 0.967200 0.001351
3 3 0.005907 0.003019 0.043707 0.944438 0.002929
3 3 0.006117 0.002717 0.040738 0.947388 0.003040
3 3 0.005617 0.001946 0.031449 0.959096 0.001892
3 3 0.008982 0.003585 0.046184 0.938220 0.003029
3 3 0.007826 0.002588 0.036669 0.950760 0.002156
3 3 0.009790 0.003227 0.043484 0.939821 0.003678
3 3 0.012320 0.006040 0.066251 0.909739 0.005650
3 3 0.006755 0.003431 0.046851 0.939893 0.003071
3 3 0.019226 0.020887 0.159419 0.773451 0.027016
3 3 0.031343 0.090798 0.344034 0.502588 0.031237
2 0 0.118030 0.143357 0.497588 0.237783 0.003241
2 0 0.057627 0.340231 0.445864 0.138560 0.017717
2 0 0.046424 0.385599 0.449207 0.097231 0.021539
2 0 0.050303 0.325233 0.462716 0.054342 0.107406
2 2 0.033503 0.327369 0.541766 0.034831 0.062531
2 2 0.051766 0.351249 0.461096 0.027791 0.108098
2 2 0.025750 0.156198 0.502562 0.189165 0.126326
2 2 0.034375 0.282249 0.557535 0.057536 0.068305
2 2 0.029698 0.428659 0.450815 0.001144 0.089684
2 2 0.039716 0.283769 0.473885 0.014220 0.188410
2 2 0.035837 0.240550 0.477647 0.015060 0.230907
2 2 0.037862 0.280186 0.508168 0.003720 0.170065
2 4 0.043698 0.212315 0.429011 0.016908 0.298067
2 4 0.035433 0.264850 0.413262 0.001601 0.284855
2 4 0.037806 0.237150 0.368118 0.006347 0.350579
2 4 0.042024 0.247051 0.385919 0.006529 0.318477
4 4 0.034394 0.191662 0.373034 0.006462 0.394447
4 4 0.033967 0.190562 0.372019 0.014701 0.388752
4 4 0.031736 0.147633 0.193676 0.013143 0.613812
4 4 0.035192 0.196405 0.261155 0.010211 0.497036
4 4 0.038479 0.275055 0.297171 0.006509 0.382786
4 4 0.019745 0.108928 0.147934 0.011472 0.711921
4 4 0.029071 0.217864 0.146204 0.003508 0.603353
4 4 0.038903 0.256798 0.332783 0.015123 0.356392
2 4 0.034398 0.333183 0.423896 0.001105 0.207418
4 4 0.036395 0.206029 0.362975 0.008569 0.386032
2 4 0.043943 0.254866 0.358328 0.016564 0.326299
2 4 0.035084 0.226579 0.420063 0.005506 0.312769
2 4 0.043190 0.309057 0.336982 0.011401 0.299371
4 4 0.036152 0.186382 0.227370 0.019404 0.530691
1 4 0.039363 0.545189 0.257396 0.000276 0.157777
2 4 0.043351 0.310053 0.367101 0.001407 0.278088
2 4 0.030368 0.280517 0.414684 0.014405 0.260026
2 4 0.038976 0.232339 0.423812 0.097959 0.206913
2 4 0.045309 0.271340 0.539483 0.029667 0.114201
2 4 0.043317 0.281540 0.525629 0.055969 0.093544
2 4 0.022892 0.450209 0.476374 0.004165 0.046360
2 2 0.037166 0.275375 0.491068 0.028447 0.167944
2 1 0.043813 0.389767 0.551096 0.001690 0.013635
2 1 0.015973 0.287151 0.658492 0.004888 0.033496
2 2 0.018462 0.305227 0.631714 0.004247 0.040350
2 2 0.015014 0.309140 0.635659 0.002463 0.037724
2 2 0.009071 0.287664 0.677209 0.001787 0.024269
1 2 0.035338 0.516687 0.392052 0.020007 0.035915
1 0 0.150539 0.444099 0.341980 0.032189 0.031193
1 0 0.227996 0.379454 0.318762 0.045417 0.028371
1 0 0.187279 0.487218 0.274436 0.020812 0.030255
1 0 0.166396 0.517325 0.264848 0.019739 0.031691
1 0 0.130810 0.589621 0.250325 0.003499 0.025746
1 0 0.063718 0.608841 0.286803 0.004287 0.036350
1 0 0.138636 0.465562 0.340611 0.017161 0.038031
2 0 0.166748 0.348865 0.436187 0.013438 0.034762
1 0 0.136531 0.554727 0.275424 0.002951 0.030367
2 0 0.014620 0.356443 0.592426 0.018787 0.017724
2 0 0.016490 0.289843 0.651490 0.026181 0.015996
2 0 0.040205 0.309107 0.611949 0.022892 0.015848
2 0 0.012207 0.276581 0.677791 0.017043 0.016378
2 0 0.026459 0.246485 0.698543 0.015535 0.012978
2 0 0.017120 0.319659 0.627550 0.020240 0.015431
2 1 0.013451 0.295581 0.659853 0.015763 0.015353
2 1 0.014755 0.320886 0.641224 0.009910 0.013224
2 2 0.019492 0.281362 0.685604 0.006468 0.007074
2 2 0.021571 0.345305 0.613580 0.009339 0.010204
2 2 0.035537 0.329984 0.614623 0.010537 0.009319
2 2 0.019648 0.316133 0.644210 0.010847 0.009163
2 2 0.027046 0.334244 0.604927 0.021684 0.012099
2 2 0.021400 0.331762 0.630304 0.006610 0.009924
2 2 0.016136 0.322585 0.632916 0.016185 0.012178
2 2 0.025010 0.319948 0.615694 0.027837 0.011511
2 2 0.019778 0.357244 0.582333 0.028959 0.011686
2 2 0.021080 0.353758 0.592631 0.021786 0.010746
2 2 0.013191 0.278918 0.646270 0.049626 0.011995
2 2 0.020336 0.336540 0.596680 0.032398 0.014045
2 2 0.012617 0.239928 0.628875 0.108360 0.010220
2 2 0.014684 0.252935 0.660335 0.065905 0.006141
2 2 0.031506 0.356522 0.550964 0.050345 0.010663
2 2 0.022169 0.269320 0.627331 0.071798 0.009381
2 2 0.014400 0.273896 0.642746 0.059447 0.009511
2 2 0.013202 0.284684 0.629854 0.061655 0.010605
2 2 0.017640 0.196432 0.689572 0.090360 0.005996
2 2 0.020421 0.284857 0.611506 0.074846 0.008370
2 2 0.016386 0.226963 0.660356 0.089035 0.007260
2 2 0.016129 0.306079 0.641246 0.028933 0.007613
2 2 0.013586 0.221482 0.678381 0.078385 0.008166
2 2 0.022095 0.312516 0.595187 0.059775 0.010427
2 2 0.025388 0.263057 0.574264 0.121794 0.015497
2 3 0.014587 0.244849 0.607746 0.122649 0.010168
2 2 0.070066 0.286972 0.535589 0.094719 0.012653
2 0 0.094209 0.341171 0.486775 0.061251 0.016593
2 0 0.033727 0.338090 0.531904 0.071213 0.025066
2 0 0.033016 0.366887 0.510607 0.065828 0.023662
2 0 0.028026 0.397648 0.510401 0.039957 0.023968
2 0 0.029420 0.354520 0.545582 0.049266 0.021212
2 1 0.022995 0.313129 0.568017 0.080395 0.015464
2 1 0.016109 0.355701 0.572456 0.038307 0.017428
2 1 0.016121 0.344917 0.577158 0.047821 0.013982
2 1 0.014283 0.272362 0.622268 0.078193 0.012894
2 1 0.018661 0.324620 0.565063 0.076406 0.015250
2 1 0.027534 0.402706 0.490339 0.062555 0.016865
2 1 0.033581 0.318243 0.524716 0.109777 0.013684
2 1 0.021859 0.276805 0.600758 0.087028 0.013549
2 1 0.022988 0.364563 0.536802 0.060037 0.015609
2 1 0.020680 0.333955 0.539196 0.088839 0.017329
1 2 0.036155 0.452638 0.429045 0.052530 0.029632
2 2 0.033071 0.379115 0.501757 0.064235 0.021823
2 2 0.048295 0.373278 0.452976 0.094976 0.030476
2 2 0.045758 0.349104 0.477539 0.106475 0.021125
2 2 0.025984 0.381709 0.482280 0.088033 0.021995
2 2 0.017614 0.215570 0.668207 0.088872 0.009737
2 2 0.022508 0.306517 0.555448 0.100173 0.015355
2 2 0.015822 0.327777 0.560519 0.082256 0.013625
2 2 0.029525 0.308539 0.507949 0.136742 0.017245
2 2 0.030098 0.350304 0.539135 0.067899 0.012565
2 2 0.035609 0.283582 0.505948 0.158544 0.016316
2 2 0.039348 0.328325 0.476125 0.139608 0.016595
2 2 0.041569 0.331127 0.476869 0.132532 0.017902
2 2 0.027987 0.315103 0.505329 0.137061 0.014521
2 2 0.036935 0.254472 0.515095 0.179408 0.014091
2 2 0.043015 0.360117 0.460582 0.115136 0.021149
2 2 0.039204 0.300961 0.473384 0.171492 0.014958
2 0 0.116575 0.267922 0.499988 0.103532 0.011983
2 0 0.058711 0.382267 0.448862 0.091396 0.018765
2 0 0.033217 0.289867 0.520827 0.137261 0.018828
2 0 0.025000 0.350818 0.575181 0.037956 0.011045
2 1 0.026612 0.370173 0.553346 0.033494 0.016375
2 1 0.049245 0.269306 0.628748 0.046064 0.006638
2 1 0.038208 0.365734 0.549363 0.032469 0.014227
2 1 0.024899 0.267056 0.640428 0.058144 0.009472
1 1 0.068648 0.514901 0.355765 0.029398 0.031288
1 1 0.072420 0.484446 0.379215 0.032006 0.031913
1 0 0.258205 0.397853 0.271529 0.040754 0.031660
1 0 0.183772 0.438039 0.313932 0.028550 0.035707
0 0 0.367912 0.293572 0.276073 0.039039 0.023404
2 0 0.030053 0.313587 0.570928 0.061369 0.024063
2 0 0.016506 0.326035 0.611144 0.033108 0.013208
2 0 0.018278 0.200227 0.656965 0.093708 0.030822
2 0 0.024330 0.242625 0.611974 0.088670 0.032401
2 2 0.017231 0.180953 0.690468 0.086744 0.024603
2 2 0.030679 0.331449 0.481478 0.000448 0.155945
2 2 0.030085 0.304081 0.477689 0.000434 0.187712
2 2 0.027498 0.269176 0.525126 0.001199 0.177000
2 2 0.039463 0.297472 0.452569 0.000426 0.210069
2 2 0.027632 0.276476 0.490731 0.000604 0.204557
2 2 0.030441 0.278549 0.501041 0.001293 0.188676
2 2 0.028413 0.319774 0.516181 0.000762 0.134869
2 2 0.028305 0.350781 0.501031 0.000560 0.119322
2 2 0.038870 0.350289 0.513569 0.000489 0.096783
1 2 0.014262 0.452237 0.435598 0.000052 0.097850
2 2 0.033246 0.375750 0.393180 0.000763 0.197061
2 4 0.037942 0.350779 0.383214 0.002018 0.226048
2 4 0.038143 0.259445 0.364226 0.006406 0.331780
4 4 0.038073 0.286576 0.324617 0.004886 0.345848
4 4 0.034759 0.238730 0.221281 0.002397 0.502832
1 4 0.038448 0.419777 0.268069 0.000964 0.272742
4 4 0.033894 0.267855 0.207912 0.005447 0.484892
1 4 0.045226 0.494563 0.218335 0.000178 0.241699
1 4 0.067570 0.457869 0.184807 0.000171 0.289583
1 4 0.037243 0.472174 0.233991 0.000054 0.256538
4 4 0.059346 0.286892 0.115723 0.001688 0.536350
4 4 0.039303 0.289653 0.133002 0.002057 0.535984
4 4 0.033860 0.255218 0.090591 0.000817 0.619515
4 4 0.123828 0.382258 0.052730 0.000165 0.441018
4 4 0.277869 0.334286 0.023648 0.000019 0.364179
1 4 0.034553 0.484359 0.323332 0.000216 0.157540
1 4 0.046206 0.469957 0.301211 0.000370 0.182257
1 4 0.044526 0.353227 0.289548 0.002207 0.310492
1 4 0.033140 0.422500 0.357003 0.001004 0.186353
1 1 0.042338 0.566307 0.278727 0.000192 0.112436
1 1 0.057651 0.547760 0.353442 0.010093 0.031053
2 0 0.069019 0.400624 0.470686 0.021901 0.037771
0 0 0.319199 0.312968 0.304870 0.028510 0.034452
2 0 0.108478 0.392863 0.445936 0.010915 0.041808
1 1 0.046304 0.446739 0.414805 0.043319 0.048834
1 1 0.102423 0.469065 0.270483 0.002084 0.155945
1 1 0.117463 0.344321 0.193180 0.003770 0.341267
1 1 0.043032 0.533876 0.301323 0.001106 0.120663
1 1 0.049913 0.460556 0.359220 0.001903 0.128408
1 1 0.048063 0.472639 0.352046 0.001740 0.125513
2 2 0.015573 0.261714 0.682136 0.003264 0.037313
2 2 0.014229 0.261595 0.679529 0.001409 0.043237
2 2 0.012183 0.226194 0.729117 0.003276 0.029231
2 2 0.009645 0.278205 0.685765 0.002382 0.024002
2 2 0.008697 0.249036 0.715631 0.001475 0.025161
2 2 0.006336 0.218908 0.753413 0.011450 0.009894
2 2 0.003501 0.121897 0.858711 0.011001 0.004890
2 2 0.010835 0.246244 0.704767 0.024156 0.013998
2 2 0.007251 0.174371 0.795753 0.015262 0.007363
2 2 0.006575 0.182762 0.797848 0.006695 0.006120
2 2 0.024529 0.311559 0.602201 0.031605 0.030105
2 2 0.018785 0.349518 0.598927 0.009752 0.023018
2 2 0.029236 0.345560 0.591707 0.011895 0.021601
2 0 0.130294 0.374324 0.432807 0.038469 0.024106
2 0 0.118800 0.410460 0.431466 0.017925 0.021350
0 0 0.513490 0.295322 0.144102 0.006451 0.040636
1 0 0.185672 0.542369 0.206027 0.007112 0.058819
0 0 0.436242 0.392834 0.117001 0.003242 0.050682
1 0 0.118132 0.660313 0.180406 0.002453 0.038697
1 0 0.055091 0.631802 0.253873 0.006736 0.052498
2 0 0.015152 0.308644 0.657436 0.004579 0.014189
2 1 0.015062 0.249415 0.697026 0.015668 0.022828
2 1 0.022701 0.291449 0.668126 0.005566 0.012158
2 1 0.015302 0.303803 0.644754 0.011734 0.024407
2 2 0.012914 0.194488 0.772029 0.010832 0.009737
2 2 0.018495 0.280072 0.672384 0.013826 0.015224
2 2 0.014235 0.278070 0.686411 0.008467 0.012816
2 2 0.017624 0.290032 0.668352 0.009325 0.014667
2 2 0.012224 0.250919 0.719549 0.005786 0.011523
2 2 0.009168 0.244715 0.721086 0.009696 0.015336
0 0 0.581999 0.193521 0.157980 0.020661 0.045839
0 0 0.766845 0.135821 0.065609 0.008612 0.023112
0 0 0.671036 0.216400 0.082178 0.007624 0.022762
1 0 0.321990 0.460286 0.170583 0.009015 0.038126
0 0 0.577500 0.228812 0.139179 0.025501 0.029008
1 0 0.263743 0.514098 0.162912 0.003104 0.056142
1 0 0.073521 0.564754 0.294202 0.008478 0.059045
1 0 0.062225 0.513245 0.325011 0.017809 0.081710
1 0 0.272926 0.444728 0.205027 0.012681 0.064638
0 0 0.434139 0.344967 0.166494 0.008347 0.046054
0 0 0.458208 0.439164 0.032975 0.000105 0.069548
0 0 0.779410 0.138928 0.012233 0.000071 0.069359
0 0 0.450211 0.386701 0.060399 0.000613 0.102076
1 0 0.344898 0.373771 0.111084 0.002669 0.167579
1 0 0.274442 0.526778 0.080887 0.000609 0.117284
1 0 0.028538 0.540751 0.288996 0.000016 0.141700
1 0 0.017450 0.418516 0.369211 0.000010 0.194814
1 1 0.026567 0.384404 0.296562 0.000010 0.292458
1 1 0.034540 0.364425 0.302125 0.000025 0.298885
4 4 0.030915 0.295977 0.291140 0.000085 0.381883
4 4 0.013660 0.100988 0.017561 0.000031 0.867758
4 4 0.013445 0.062849 0.007012 0.000006 0.916688
4 4 0.017936 0.114645 0.015511 0.000006 0.851902
4 4 0.013055 0.055752 0.005639 0.000003 0.925551
4 4 0.011434 0.042634 0.005323 0.000005 0.940603
4 4 0.041953 0.131518 0.002793 0.000000 0.823734
4 4 0.092269 0.244878 0.001306 0.000000 0.661547
4 4 0.038013 0.033801 0.002062 0.000001 0.926123
4 4 0.009051 0.023102 0.004848 0.000011 0.962988
4 4 0.049544 0.079521 0.001279 0.000000 0.869656
4 4 0.034240 0.034255 0.000741 0.000000 0.930764
4 4 0.025903 0.024017 0.000669 0.000000 0.949411
4 4 0.058809 0.127879 0.001156 0.000000 0.812156
4 4 0.024099 0.026633 0.001969 0.000001 0.947297
4 4 0.028423 0.023768 0.001682 0.000001 0.946125
4 4 0.050404 0.022753 0.001904 0.000002 0.924937
4 4 0.195858 0.041328 0.000824 0.000000 0.761990
4 4 0.140046 0.066298 0.000401 0.000000 0.793255
4 4 0.313592 0.056006 0.000182 0.000000 0.630220
4 4 0.051490 0.023218 0.001185 0.000000 0.924107
4 4 0.034798 0.044193 0.000709 0.000000 0.920300
4 4 0.044147 0.031979 0.000870 0.000000 0.923004
4 4 0.016353 0.039151 0.001358 0.000000 0.943137
4 4 0.011465 0.024039 0.001861 0.000001 0.962634
4 4 0.010647 0.042512 0.001155 0.000000 0.945687
4 4 0.029577 0.013405 0.000696 0.000000 0.956322
4 4 0.022329 0.019242 0.000647 0.000000 0.957782
4 4 0.064340 0.026694 0.000250 0.000000 0.908715
4 4 0.055449 0.023720 0.000247 0.000000 0.920583
4 4 0.032169 0.031783 0.000128 0.000000 0.935919
4 4 0.048541 0.039816 0.001851 0.000001 0.909791
4 4 0.075030 0.052015 0.002730 0.000001 0.870224
4 4 0.031345 0.033117 0.003187 0.000003 0.932349
4 0 0.325476 0.131929 0.000733 0.000000 0.541862
4 0 0.145699 0.157942 0.001930 0.000000 0.694429
4 4 0.033381 0.138906 0.007477 0.000001 0.820235
4 4 0.031165 0.189020 0.038853 0.000011 0.740951
4 4 0.027374 0.411989 0.030313 0.000000 0.530324
4 4 0.047643 0.352566 0.026869 0.000001 0.572920
4 4 0.006244 0.029508 0.017807 0.000220 0.946222
4 4 0.022143 0.030905 0.003916 0.000005 0.943030
4 4 0.030645 0.114963 0.003567 0.000000 0.850824
4 4 0.038548 0.106774 0.003439 0.000000 0.851239
4 4 0.062802 0.045320 0.003713 0.000004 0.888161
4 4 0.039320 0.045117 0.001557 0.000000 0.914006
4 4 0.013898 0.114249 0.019811 0.000035 0.852006
4 4 0.033389 0.163011 0.011712 0.000003 0.791886
4 4 0.032129 0.226172 0.022830 0.000022 0.718848
4 4 0.017735 0.139266 0.026377 0.000060 0.816561
4 4 0.059427 0.259992 0.015501 0.000008 0.665073
4 4 0.046587 0.115507 0.004341 0.000001 0.833564
4 4 0.014413 0.068433 0.003993 0.000001 0.913160
4 4 0.021531 0.127352 0.005677 0.000001 0.845438
4 4 0.018481 0.092734 0.006332 0.000003 0.882450
4 4 0.007962 0.027750 0.006678 0.000018 0.957592
4 4 0.015820 0.125784 0.023985 0.000053 0.834358
4 4 0.026230 0.157686 0.037052 0.000051 0.778980
4 4 0.010110 0.047609 0.020690 0.000169 0.921422
4 4 0.050473 0.211840 0.012939 0.000004 0.724744
4 4 0.046900 0.443369 0.065987 0.000008 0.443736
4 4 0.066644 0.113146 0.094190 0.005013 0.721007
4 1 0.037946 0.367563 0.153196 0.000582 0.440713
1 1 0.037402 0.563580 0.147878 0.000029 0.251111
1 1 0.046581 0.500086 0.180962 0.000061 0.272309
1 1 0.050016 0.506174 0.159839 0.000062 0.283909
1 1 0.019282 0.379420 0.309354 0.000003 0.291941
1 1 0.015292 0.396149 0.262575 0.000001 0.325983
1 1 0.015620 0.381893 0.319329 0.000002 0.283156
1 1 0.011818 0.386685 0.324953 0.000001 0.276544
1 1 0.012573 0.388435 0.314145 0.000001 0.284846
2 1 0.013660 0.318906 0.517434 0.000013 0.149986
2 1 0.020596 0.338294 0.440552 0.000020 0.200537
2 1 0.019202 0.334723 0.519456 0.000084 0.126534
2 1 0.010132 0.343743 0.534169 0.000012 0.111944
2 1 0.025979 0.342981 0.475780 0.000121 0.155139
2 1 0.019227 0.353012 0.485816 0.000053 0.141892
2 1 0.018411 0.338821 0.496978 0.000043 0.145747
2 1 0.026907 0.346130 0.473850 0.000144 0.152969
2 1 0.022023 0.358947 0.469110 0.000071 0.149849
2 1 0.022692 0.387181 0.418812 0.000045 0.171270
2 1 0.015868 0.324831 0.604437 0.000849 0.054014
2 1 0.014232 0.302413 0.640353 0.001475 0.041527
2 1 0.021804 0.316204 0.601063 0.002097 0.058832
2 1 0.026993 0.346300 0.535700 0.000975 0.090032
2 1 0.022757 0.296864 0.625067 0.004162 0.051151
2 0 0.258746 0.337812 0.356235 0.009798 0.037409
1 0 0.106604 0.527427 0.322953 0.004304 0.038712
1 0 0.109986 0.520097 0.300711 0.019681 0.049525
1 0 0.070757 0.516072 0.365030 0.009520 0.038622
1 0 0.037796 0.484037 0.408220 0.009488 0.060459
2 0 0.015317 0.363729 0.592967 0.006652 0.021336
2 0 0.017150 0.388217 0.553936 0.003556 0.037142
2 0 0.010304 0.284592 0.679034 0.003983 0.022087
2 1 0.015512 0.290698 0.657369 0.006114 0.030307
2 0 0.029046 0.358357 0.576194 0.011939 0.024464
2 0 0.020954 0.395146 0.566615 0.004368 0.012916
2 0 0.015563 0.329431 0.619850 0.007751 0.027405
2 1 0.016489 0.320572 0.624364 0.005118 0.033457
2 2 0.020066 0.273097 0.661730 0.009668 0.035438
2 2 0.018169 0.292223 0.648002 0.006878 0.034728
2 2 0.017660 0.292248 0.636849 0.031978 0.021264
2 2 0.015500 0.224806 0.696889 0.044127 0.018678
2 2 0.011585 0.187488 0.732369 0.053848 0.014710
2 2 0.014952 0.208535 0.672839 0.080732 0.022942
2 2 0.010848 0.229332 0.726315 0.018008 0.015496
2 2 0.015856 0.188012 0.706464 0.064423 0.025245
2 2 0.017333 0.227020 0.682307 0.050783 0.022557
2 2 0.019113 0.258063 0.646045 0.052350 0.024430
2 2 0.009740 0.278350 0.686609 0.008820 0.016480
2 2 0.010926 0.168272 0.764500 0.041887 0.014415
2 2 0.019752 0.263104 0.629223 0.068617 0.019304
2 2 0.010285 0.221231 0.722166 0.034220 0.012098
2 2 0.012165 0.225766 0.692005 0.057742 0.012322
2 2 0.012314 0.182505 0.698354 0.095518 0.011308
2 2 0.018626 0.263479 0.635248 0.064150 0.018496
2 3 0.013488 0.208685 0.637965 0.127385 0.012477
2 3 0.009921 0.127718 0.598869 0.250147 0.013344
2 3 0.016245 0.196736 0.625411 0.146968 0.014640
2 3 0.007027 0.106180 0.600444 0.274749 0.011599
2 3 0.005594 0.084727 0.585559 0.312078 0.012043
2 3 0.010940 0.129747 0.543868 0.302866 0.012579
3 3 0.009769 0.067354 0.434953 0.479140 0.008784
2 3 0.008819 0.083489 0.625125 0.267244 0.015323
2 3 0.013975 0.132171 0.470485 0.368800 0.014570
2 3 0.006490 0.083579 0.466544 0.428966 0.014420
3 3 0.008089 0.055099 0.312500 0.611502 0.012809
3 3 0.006522 0.051457 0.300272 0.624134 0.017615
3 3 0.009692 0.056711 0.312912 0.592287 0.028397
3 3 0.011429 0.081182 0.375649 0.510409 0.021331
3 3 0.009918 0.094248 0.403630 0.461057 0.031147
3 3 0.010938 0.037864 0.248394 0.688411 0.014392
3 3 0.010174 0.053091 0.295171 0.618498 0.023065
3 3 0.018946 0.082727 0.387146 0.493732 0.017449
3 3 0.020892 0.077476 0.334541 0.537215 0.029877
3 3 0.017207 0.081163 0.361933 0.524337 0.015360
3 3 0.014417 0.063054 0.312428 0.584026 0.026075
3 3 0.015696 0.069231 0.327682 0.557807 0.029584
3 3 0.010806 0.041582 0.256067 0.668136 0.023409
3 3 0.013218 0.023597 0.179894 0.758237 0.025055
3 3 0.009544 0.018443 0.157032 0.796940 0.018040
3 3 0.008107 0.009077 0.095315 0.879122 0.008378
3 3 0.011345 0.013265 0.119440 0.844403 0.011547
3 3 0.014890 0.022987 0.161178 0.789748 0.011197
3 3 0.008736 0.009363 0.097617 0.874626 0.009658
3 3 0.009603 0.013722 0.124865 0.840302 0.011508
3 3 0.010309 0.007347 0.078677 0.896857 0.006810
3 3 0.011548 0.018194 0.145297 0.813262 0.011698
3 3 0.008117 0.011097 0.103658 0.871615 0.005513
3 3 0.010603 0.022934 0.170878 0.782903 0.012682
3 3 0.023645 0.038595 0.214950 0.705240 0.017570
3 3 0.014739 0.018674 0.138619 0.819150 0.008819
3 3 0.007893 0.006987 0.078339 0.900614 0.006167
3 3 0.004302 0.005653 0.073731 0.910747 0.005567
3 3 0.009817 0.016817 0.143172 0.817138 0.013055
3 3 0.008886 0.008159 0.085663 0.890724 0.006568
3 3 0.012969 0.008803 0.086236 0.884589 0.007403
3 3 0.013085 0.009166 0.090308 0.878310 0.009132
3 3 0.013828 0.010272 0.099317 0.864378 0.012204
3 3 0.012898 0.006492 0.070206 0.903686 0.006717
3 3 0.022248 0.024172 0.163539 0.772979 0.017062
3 3 0.006010 0.006083 0.075048 0.906253 0.006607
