0 0 0.973190 0.015896 0.000900 0.000009 0.010005
0 0 0.993212 0.004319 0.001669 0.000063 0.000737
0 0 0.987947 0.007874 0.001313 0.000027 0.002839
0 0 0.994575 0.003401 0.000731 0.000077 0.001215
0 0 0.992112 0.005089 0.000859 0.000063 0.001877
0 0 0.646704 0.258326 0.011900 0.000009 0.083062
1 0 0.422724 0.469740 0.015065 0.000012 0.092460
1 1 0.387896 0.503051 0.020530 0.000025 0.088497
1 1 0.348255 0.511758 0.037697 0.000262 0.102028
1 1 0.416273 0.450360 0.025432 0.000208 0.107726
1 1 0.345661 0.539249 0.026270 0.000029 0.088791
1 1 0.338812 0.515840 0.020414 0.000006 0.124928
1 1 0.258892 0.593927 0.031439 0.000005 0.115736
1 1 0.307123 0.563561 0.020335 0.000002 0.108979
1 1 0.279252 0.572346 0.020212 0.000001 0.128190
1 1 0.118206 0.542138 0.027293 0.000000 0.312363
1 1 0.075675 0.508981 0.037043 0.000000 0.378300
1 4 0.089392 0.536418 0.049226 0.000000 0.324964
1 4 0.180728 0.465816 0.026864 0.000000 0.326591
1 4 0.119110 0.536275 0.041785 0.000000 0.302830
1 4 0.107940 0.453641 0.033561 0.000000 0.404858
1 4 0.144854 0.438163 0.031124 0.000000 0.385858
1 4 0.116489 0.475734 0.037087 0.000000 0.370690
4 4 0.086520 0.393495 0.039055 0.000000 0.480929
4 4 0.170411 0.400583 0.018482 0.000000 0.410523
1 4 0.136615 0.541957 0.024882 0.000000 0.296545
1 4 0.144106 0.544727 0.042449 0.000001 0.268717
1 4 0.163697 0.596358 0.026650 0.000000 0.213295
1 4 0.088599 0.569809 0.040465 0.000000 0.301127
1 4 0.079971 0.596774 0.064045 0.000000 0.259211
1 4 0.055758 0.528554 0.038203 0.000000 0.377484
1 4 0.052565 0.491262 0.034209 0.000000 0.421964
1 4 0.078648 0.521257 0.042690 0.000000 0.357404
1 4 0.062454 0.508069 0.034142 0.000000 0.395335
1 4 0.085501 0.519973 0.035604 0.000000 0.358922
1 4 0.080859 0.620959 0.050934 0.000000 0.247248
1 4 0.057205 0.615123 0.074422 0.000000 0.253250
1 4 0.077537 0.625188 0.080276 0.000000 0.217000
1 4 0.040977 0.598224 0.078268 0.000000 0.282531
1 4 0.052211 0.616213 0.089390 0.000000 0.242186
1 4 0.137386 0.679017 0.129284 0.000407 0.053906
1 4 0.128850 0.647791 0.160705 0.001113 0.061542
1 4 0.175274 0.628024 0.120305 0.001112 0.075286
1 4 0.177770 0.630346 0.126332 0.001973 0.063579
1 4 0.139219 0.660501 0.149249 0.001344 0.049687
1 4 0.119347 0.628483 0.190860 0.003341 0.057969
1 4 0.155104 0.628657 0.155382 0.003519 0.057339
1 4 0.155571 0.643968 0.147539 0.002744 0.050177
1 4 0.082040 0.628636 0.235097 0.002170 0.052057
1 2 0.139069 0.623407 0.172598 0.003333 0.061593
2 2 0.072034 0.322669 0.552099 0.027162 0.026035
2 2 0.094049 0.249791 0.600439 0.033490 0.022231
2 2 0.065588 0.254472 0.620936 0.039044 0.019959
2 2 0.069625 0.375224 0.501149 0.023685 0.030317
2 2 0.081492 0.284670 0.570031 0.040152 0.023655
2 2 0.080548 0.261516 0.607618 0.036139 0.014179
2 2 0.066796 0.145394 0.696485 0.084822 0.006503
2 2 0.078795 0.172673 0.638651 0.100484 0.009398
2 2 0.073922 0.186679 0.648379 0.080618 0.010401
2 2 0.057463 0.167942 0.621079 0.139251 0.014265
2 2 0.065431 0.108556 0.610950 0.210114 0.004950
2 2 0.058936 0.110313 0.588728 0.235717 0.006306
3 2 0.081527 0.087980 0.409601 0.415525 0.005366
2 3 0.077162 0.101347 0.459838 0.356958 0.004694
3 3 0.096614 0.078273 0.326858 0.493477 0.004778
3 3 0.032181 0.032968 0.212169 0.720414 0.002269
3 3 0.043598 0.047111 0.261969 0.643230 0.004093
3 3 0.062235 0.060435 0.274844 0.598627 0.003859
3 3 0.039432 0.042725 0.245413 0.667930 0.004500
3 3 0.025502 0.024094 0.134095 0.814499 0.001810
3 3 0.052432 0.032386 0.158124 0.755326 0.001732
3 3 0.059388 0.046061 0.219410 0.672590 0.002550
3 3 0.046150 0.038858 0.166896 0.744979 0.003117
3 3 0.033142 0.032124 0.137260 0.794874 0.002600
3 3 0.042485 0.034356 0.104315 0.815827 0.003018
3 3 0.029089 0.017168 0.082678 0.869724 0.001342
3 3 0.006936 0.004590 0.026042 0.962007 0.000424
3 3 0.014940 0.008170 0.042416 0.933723 0.000751
3 3 0.015380 0.008225 0.029766 0.945836 0.000792
3 3 0.013802 0.011806 0.054657 0.918537 0.001198
3 3 0.025223 0.028367 0.172813 0.769480 0.004116
3 3 0.011098 0.011061 0.077357 0.899407 0.001077
3 3 0.036851 0.040982 0.167312 0.750751 0.004105
3 3 0.022529 0.055203 0.203978 0.710089 0.008201
3 3 0.017213 0.026152 0.131043 0.821044 0.004548
3 3 0.015852 0.023388 0.157720 0.800330 0.002710
3 3 0.037803 0.043728 0.217426 0.696010 0.005034
3 3 0.021797 0.032543 0.143255 0.797102 0.005303
3 3 0.016391 0.030851 0.156682 0.792186 0.003889
3 3 0.022531 0.036316 0.246832 0.689922 0.004398
3 3 0.012341 0.007620 0.046978 0.932498 0.000564
3 3 0.027079 0.018630 0.089721 0.863098 0.001472
3 3 0.006814 0.006389 0.046365 0.939855 0.000577
3 3 0.011724 0.007554 0.037721 0.942383 0.000618
3 3 0.012120 0.011442 0.065243 0.910139 0.001057
3 3 0.009634 0.006080 0.042160 0.941709 0.000417
3 3 0.009634 0.006016 0.024274 0.959541 0.000535
3 3 0.014556 0.006470 0.036075 0.942445 0.000454
3 3 0.010343 0.005023 0.028048 0.956201 0.000385
3 3 0.006270 0.002486 0.015528 0.975559 0.000157
3 3 0.009159 0.007620 0.035748 0.946683 0.000790
3 3 0.007250 0.007655 0.036106 0.948033 0.000956
3 3 0.036657 0.018665 0.079214 0.863693 0.001770
3 3 0.009714 0.007749 0.032240 0.949435 0.000861
3 3 0.018692 0.014321 0.064870 0.900596 0.001521
3 3 0.007380 0.014223 0.091194 0.884916 0.002287
3 3 0.003910 0.011606 0.095848 0.886550 0.002086
3 3 0.009127 0.020153 0.115329 0.851221 0.004169
3 3 0.005510 0.011207 0.088027 0.893700 0.001556
3 3 0.003354 0.004874 0.043948 0.947210 0.000615
3 3 0.010062 0.017975 0.125497 0.843222 0.003243
3 3 0.028943 0.023935 0.092341 0.852455 0.002325
3 3 0.007683 0.011237 0.054780 0.924624 0.001676
3 3 0.008279 0.015657 0.111209 0.862890 0.001965
3 3 0.010145 0.017385 0.105070 0.864960 0.002440
2 3 0.048844 0.284613 0.436392 0.105543 0.124608
2 3 0.134906 0.308320 0.463340 0.036471 0.056964
2 2 0.060816 0.283873 0.442131 0.123129 0.090050
2 2 0.110891 0.300381 0.451461 0.072077 0.065190
2 2 0.045496 0.247279 0.573216 0.047051 0.086958
1 2 0.083625 0.439267 0.321518 0.025893 0.129697
1 0 0.120490 0.403177 0.275857 0.012236 0.188240
1 2 0.102834 0.490236 0.243813 0.019061 0.144057
1 2 0.167544 0.411000 0.288866 0.008549 0.124041
1 2 0.119787 0.397682 0.381362 0.009390 0.091779
1 2 0.108766 0.431313 0.415743 0.016693 0.027484
2 2 0.180733 0.333543 0.439322 0.028029 0.018373
1 2 0.220393 0.473018 0.274584 0.005772 0.026234
1 2 0.147865 0.548234 0.265347 0.005807 0.032746
1 2 0.074683 0.590981 0.272519 0.009664 0.052153
2 2 0.059091 0.348836 0.533026 0.015903 0.043143
2 2 0.034765 0.345300 0.570753 0.011635 0.037547
2 2 0.019655 0.377168 0.552116 0.008038 0.043022
2 2 0.013321 0.276648 0.664545 0.009659 0.035827
2 2 0.022152 0.284352 0.652090 0.010970 0.030437
2 2 0.018481 0.217863 0.661722 0.068045 0.033888
2 2 0.011669 0.108877 0.668267 0.187587 0.023601
2 2 0.015092 0.133127 0.677067 0.143187 0.031527
2 2 0.008747 0.146634 0.722200 0.080762 0.041657
2 2 0.020489 0.120410 0.782003 0.064197 0.012901
2 2 0.028366 0.173032 0.686978 0.053545 0.058080
2 2 0.024774 0.212775 0.611459 0.095901 0.055091
2 2 0.014260 0.124580 0.764250 0.033293 0.063617
2 2 0.018602 0.176727 0.696979 0.072787 0.034906
2 2 0.011697 0.116114 0.742618 0.076571 0.052999
2 2 0.030514 0.144363 0.643652 0.161654 0.019817
2 2 0.059670 0.243994 0.603209 0.062501 0.030626
2 2 0.098896 0.251019 0.596882 0.034289 0.018915
2 2 0.123128 0.337809 0.485595 0.023935 0.029533
2 2 0.043371 0.350542 0.505224 0.043102 0.057761
2 2 0.031268 0.239480 0.621955 0.053618 0.053680
2 2 0.029600 0.250615 0.650235 0.027076 0.042474
2 2 0.022664 0.203034 0.692561 0.039964 0.041777
2 2 0.015259 0.192863 0.698517 0.037060 0.056301
2 2 0.021959 0.196381 0.720489 0.033318 0.027854
2 2 0.022015 0.268745 0.601667 0.035988 0.071585
2 2 0.016296 0.132256 0.756778 0.058340 0.036330
2 2 0.016330 0.127590 0.767609 0.052916 0.035556
2 2 0.020602 0.206657 0.656941 0.060599 0.055201
2 2 0.012494 0.126260 0.714710 0.107721 0.038814
2 2 0.018568 0.154157 0.695332 0.053284 0.078659
2 2 0.010101 0.086721 0.796499 0.070245 0.036434
2 2 0.022353 0.202678 0.650846 0.041597 0.082527
2 2 0.013810 0.132608 0.705088 0.086575 0.061919
2 2 0.021202 0.179062 0.687290 0.033210 0.079236
2 2 0.017568 0.125478 0.776844 0.036072 0.044038
2 2 0.045746 0.224793 0.637115 0.049186 0.043160
2 2 0.029466 0.213595 0.670438 0.049484 0.037017
2 2 0.020429 0.159874 0.731543 0.022123 0.066031
2 2 0.022350 0.156445 0.734896 0.038488 0.047820
2 2 0.016894 0.175578 0.714767 0.029116 0.063645
2 2 0.012929 0.139948 0.733696 0.043732 0.069696
2 2 0.012179 0.125510 0.777428 0.032389 0.052493
2 2 0.013200 0.108717 0.774729 0.040465 0.062888
2 2 0.017487 0.198146 0.634817 0.039649 0.109901
2 2 0.019937 0.147369 0.704100 0.072244 0.056350
2 2 0.016060 0.103539 0.650743 0.180426 0.049232
2 2 0.015507 0.103176 0.722137 0.126905 0.032275
2 2 0.028586 0.155778 0.673309 0.061023 0.081303
2 2 0.055553 0.176299 0.664135 0.078209 0.025804
1 4 0.111175 0.388993 0.301875 0.013838 0.184119
1 4 0.125477 0.428847 0.341087 0.007134 0.097456
1 4 0.096393 0.459166 0.315639 0.014246 0.114556
2 4 0.046788 0.337287 0.486088 0.012386 0.117450
2 4 0.049603 0.315684 0.481261 0.015006 0.138446
2 2 0.063014 0.360769 0.479272 0.032085 0.064860
2 2 0.058263 0.386183 0.484601 0.018705 0.052249
2 2 0.035846 0.302042 0.482856 0.024952 0.154304
2 2 0.139926 0.277612 0.511082 0.017370 0.054010
1 2 0.071973 0.475779 0.352280 0.016255 0.083713
4 2 0.223567 0.348050 0.073876 0.001695 0.352811
1 2 0.154879 0.450490 0.111984 0.000731 0.281916
1 2 0.148647 0.415606 0.130513 0.002305 0.302930
1 2 0.141791 0.454486 0.142296 0.001766 0.259661
1 2 0.189140 0.396479 0.151904 0.003128 0.259349
1 4 0.141456 0.610485 0.176709 0.005261 0.066088
1 4 0.135074 0.463441 0.345058 0.016125 0.040302
1 4 0.165365 0.617923 0.151296 0.006272 0.059144
1 0 0.364114 0.450708 0.144960 0.001689 0.038528
1 1 0.219919 0.640315 0.080259 0.000521 0.058985
1 1 0.120125 0.607287 0.192692 0.002402 0.077494
1 2 0.075893 0.563118 0.276293 0.002853 0.081843
1 2 0.091140 0.569703 0.250697 0.003508 0.084952
1 2 0.058332 0.527196 0.316521 0.002847 0.095104
1 2 0.045948 0.491585 0.338439 0.001609 0.122419
2 2 0.033080 0.296256 0.612836 0.014754 0.043074
2 2 0.036065 0.340679 0.554187 0.011266 0.057802
2 2 0.062733 0.343557 0.541097 0.010794 0.041819
1 2 0.053727 0.510198 0.345112 0.010339 0.080623
1 0 0.244107 0.452886 0.253584 0.006505 0.042918
1 1 0.240832 0.463546 0.051725 0.000117 0.243779
1 1 0.174219 0.565979 0.087001 0.000119 0.172681
1 2 0.152997 0.541077 0.096791 0.000113 0.209022
1 2 0.134600 0.519905 0.127310 0.000327 0.217859
1 2 0.192875 0.550128 0.075969 0.000114 0.180913
1 2 0.076066 0.563384 0.284703 0.007587 0.068260
1 2 0.084798 0.537251 0.316201 0.006918 0.054832
2 2 0.058289 0.362747 0.510602 0.018842 0.049520
2 2 0.048761 0.298384 0.588068 0.023847 0.040939
2 2 0.096054 0.377552 0.474282 0.007969 0.044143
1 2 0.222863 0.521126 0.060238 0.000096 0.195677
1 2 0.237239 0.533072 0.042297 0.000018 0.187374
1 0 0.311586 0.509210 0.033999 0.000050 0.145156
1 1 0.240500 0.572421 0.040527 0.000013 0.146539
1 1 0.200751 0.568970 0.067492 0.000067 0.162719
1 2 0.132307 0.552486 0.162543 0.001203 0.151461
1 2 0.132276 0.568427 0.168385 0.001476 0.129436
1 2 0.145436 0.532865 0.155015 0.001800 0.164882
1 2 0.104218 0.561232 0.204096 0.001315 0.129138
1 2 0.074634 0.492062 0.277325 0.002609 0.153370
2 2 0.018709 0.199868 0.735876 0.002575 0.042972
2 2 0.047228 0.359014 0.537358 0.008281 0.048120
1 2 0.112702 0.472850 0.334726 0.003591 0.076130
2 2 0.046871 0.412584 0.435623 0.008621 0.096301
2 2 0.046666 0.420117 0.444170 0.009272 0.079775
1 2 0.061881 0.437445 0.421301 0.015523 0.063849
1 2 0.062725 0.535679 0.347955 0.008908 0.044734
1 2 0.257003 0.599680 0.109234 0.000852 0.033231
1 0 0.376269 0.443746 0.148742 0.000811 0.030433
1 0 0.397463 0.424113 0.143182 0.000803 0.034439
1 0 0.283572 0.489352 0.039121 0.000048 0.187908
0 0 0.422836 0.413454 0.014383 0.000013 0.149315
1 1 0.340370 0.497739 0.024889 0.000020 0.136982
1 1 0.376135 0.466567 0.025420 0.000067 0.131812
0 2 0.454723 0.344525 0.017086 0.000029 0.183637
1 2 0.289482 0.552958 0.035557 0.000029 0.121974
0 0 0.574737 0.348742 0.039176 0.000045 0.037300
0 0 0.472898 0.438580 0.013438 0.000029 0.075056
1 1 0.390535 0.536917 0.021551 0.000047 0.050949
1 2 0.396914 0.511642 0.024371 0.000096 0.066977
1 2 0.093411 0.531851 0.266766 0.004097 0.103877
1 2 0.099157 0.539567 0.248683 0.005402 0.107192
1 2 0.051836 0.479264 0.343732 0.003788 0.121380
1 2 0.064434 0.454756 0.335722 0.001446 0.143641
1 2 0.052163 0.425157 0.383849 0.006121 0.132710
1 2 0.055622 0.544552 0.325803 0.007861 0.066163
2 2 0.047740 0.431864 0.461582 0.011535 0.047280
1 2 0.056397 0.473914 0.391953 0.007336 0.070400
2 2 0.062633 0.396030 0.477790 0.018180 0.045367
0 0 0.524747 0.373778 0.080131 0.002101 0.019242
0 0 0.877660 0.090904 0.009396 0.000006 0.022034
0 0 0.827033 0.135674 0.018753 0.000054 0.018486
0 0 0.492077 0.423201 0.014154 0.000069 0.070499
0 0 0.457400 0.456995 0.016345 0.000056 0.069204
1 0 0.458386 0.470317 0.017775 0.000106 0.053416
1 1 0.349060 0.475455 0.036092 0.000234 0.139160
1 1 0.341722 0.476960 0.032401 0.000103 0.148814
1 1 0.362045 0.443339 0.025398 0.000055 0.169162
1 2 0.325161 0.369285 0.023221 0.000038 0.282295
1 2 0.382853 0.484326 0.017961 0.000010 0.114849
1 2 0.231152 0.601319 0.071904 0.000294 0.095332
1 2 0.206337 0.575511 0.089165 0.000459 0.128528
1 4 0.179287 0.571000 0.125107 0.001548 0.123058
1 4 0.207073 0.533380 0.094799 0.000823 0.163925
1 4 0.203618 0.536409 0.094867 0.000719 0.164387
1 4 0.071611 0.534807 0.294464 0.009392 0.089726
1 4 0.039918 0.496058 0.382707 0.008084 0.073233
1 2 0.078764 0.545303 0.310655 0.007398 0.057880
1 2 0.105994 0.603150 0.215537 0.005448 0.069871
1 2 0.233673 0.491922 0.206367 0.000903 0.067135
1 2 0.079178 0.581709 0.261844 0.002062 0.075207
1 2 0.037031 0.510418 0.382221 0.001843 0.068487
1 2 0.047353 0.487204 0.372249 0.002632 0.090562
2 2 0.020334 0.432091 0.483952 0.003165 0.060458
2 2 0.030222 0.436877 0.469422 0.003689 0.059789
2 2 0.013427 0.289025 0.668907 0.003376 0.025266
2 2 0.015924 0.313693 0.626737 0.004517 0.039129
2 2 0.003674 0.239787 0.723956 0.002214 0.030369
1 2 0.030725 0.469339 0.425035 0.003851 0.071049
2 2 0.020419 0.261630 0.694498 0.004017 0.019436
2 2 0.036419 0.269272 0.652650 0.018482 0.023177
2 2 0.042130 0.229235 0.678239 0.030872 0.019524
2 2 0.056159 0.270614 0.632531 0.019028 0.021667
2 2 0.039610 0.135560 0.776900 0.041774 0.006157
2 2 0.070307 0.275036 0.613759 0.021394 0.019504
1 2 0.158151 0.604486 0.175290 0.006367 0.055706
1 2 0.406034 0.422461 0.138853 0.000668 0.031984
1 1 0.346666 0.529757 0.076221 0.000645 0.046711
1 1 0.229242 0.611395 0.105310 0.005541 0.048512
1 2 0.117389 0.627487 0.194654 0.006367 0.054103
0 0 0.546027 0.279609 0.132856 0.003382 0.038126
1 1 0.231180 0.617262 0.101515 0.004931 0.045111
1 2 0.144774 0.482614 0.309328 0.020762 0.042523
1 2 0.098226 0.537468 0.294986 0.016049 0.053270
1 2 0.122707 0.497276 0.320505 0.017659 0.041853
1 2 0.076307 0.505390 0.354450 0.010334 0.053518
1 2 0.065960 0.493568 0.368735 0.011895 0.059841
2 2 0.068867 0.305331 0.566271 0.024980 0.034552
2 2 0.088862 0.375686 0.488327 0.014158 0.032966
2 2 0.059125 0.316775 0.566529 0.024309 0.033262
2 2 0.049739 0.228534 0.669490 0.032960 0.019277
2 2 0.069431 0.344316 0.526616 0.027409 0.032229
2 2 0.052365 0.226497 0.665012 0.037399 0.018726
2 2 0.076402 0.380351 0.489869 0.020205 0.033174
2 2 0.056005 0.265744 0.633622 0.024935 0.019695
2 2 0.077653 0.260868 0.611287 0.031880 0.018312
2 2 0.058316 0.347641 0.528585 0.030393 0.035065
2 2 0.076251 0.355609 0.510533 0.029355 0.028252
2 2 0.056473 0.308670 0.577399 0.035222 0.022235
2 2 0.074854 0.271456 0.601212 0.032131 0.020347
2 2 0.071104 0.415459 0.425979 0.029699 0.057759
2 2 0.066337 0.335793 0.502326 0.053738 0.041806
2 2 0.053620 0.237226 0.622630 0.062493 0.024031
2 2 0.067229 0.246907 0.608497 0.055858 0.021509
2 2 0.090280 0.278046 0.531258 0.073600 0.026816
2 2 0.110867 0.327139 0.469950 0.062153 0.029891
2 2 0.133968 0.339350 0.422632 0.075909 0.028141
2 2 0.074934 0.293782 0.549150 0.055217 0.026918
2 2 0.096025 0.320246 0.515129 0.036899 0.031700
2 2 0.073033 0.398506 0.440370 0.042619 0.045472
1 2 0.183274 0.591286 0.149681 0.001028 0.074732
1 2 0.115771 0.523297 0.277334 0.013297 0.070301
1 2 0.254194 0.506148 0.148368 0.006749 0.084541
1 2 0.163652 0.608232 0.157117 0.006013 0.064986
1 2 0.195928 0.601495 0.118135 0.002243 0.082199
1 0 0.408750 0.454958 0.088004 0.000388 0.047900
1 1 0.204867 0.652793 0.092387 0.000874 0.049079
1 1 0.160861 0.675071 0.116310 0.000686 0.047071
1 2 0.096565 0.619782 0.219166 0.003454 0.061032
1 2 0.049590 0.563789 0.321836 0.002991 0.061794
2 2 0.001951 0.199901 0.769135 0.002419 0.026594
2 2 0.004334 0.203936 0.765014 0.003278 0.023438
2 2 0.007415 0.303790 0.652168 0.002711 0.033917
2 2 0.002375 0.125596 0.854645 0.006101 0.011283
2 2 0.005528 0.209046 0.754994 0.004974 0.025458
2 2 0.017667 0.342719 0.572202 0.005900 0.061512
2 2 0.023921 0.277684 0.615690 0.012586 0.070120
2 2 0.029207 0.353070 0.543226 0.007239 0.067258
2 2 0.018867 0.361075 0.537464 0.008857 0.073737
2 2 0.030995 0.428401 0.489397 0.004267 0.046940
2 2 0.015853 0.450002 0.493533 0.003557 0.037055
2 2 0.013738 0.253078 0.700469 0.008270 0.024444
2 2 0.022055 0.403957 0.533382 0.006871 0.033735
2 2 0.024273 0.327017 0.620655 0.007878 0.020177
2 2 0.021477 0.378458 0.570657 0.006127 0.023281
2 2 0.024511 0.289512 0.649298 0.021596 0.015082
2 2 0.032941 0.161328 0.726996 0.070030 0.008705
2 2 0.026215 0.226049 0.711152 0.025609 0.010976
2 2 0.022732 0.205545 0.735740 0.027090 0.008893
2 2 0.020157 0.245225 0.690132 0.028194 0.016292
2 2 0.033709 0.217002 0.678838 0.057048 0.013403
2 2 0.030840 0.192062 0.672411 0.091707 0.012980
2 2 0.026925 0.173654 0.681954 0.101772 0.015695
2 2 0.027661 0.261932 0.592155 0.082036 0.036217
2 2 0.017333 0.165573 0.677271 0.118842 0.020981
2 2 0.035060 0.117337 0.686905 0.153697 0.007000
2 2 0.015463 0.088744 0.671736 0.215333 0.008724
2 2 0.017233 0.118570 0.747428 0.104806 0.011963
2 2 0.047171 0.174841 0.647735 0.110069 0.020185
2 2 0.027526 0.184066 0.688941 0.077563 0.021904
2 2 0.012189 0.097326 0.823199 0.052788 0.014498
2 2 0.018242 0.110544 0.676545 0.157464 0.037205
2 2 0.014108 0.119928 0.767429 0.081933 0.016602
2 2 0.014055 0.137636 0.665617 0.133782 0.048910
2 2 0.022346 0.141314 0.691922 0.114645 0.029772
2 2 0.014505 0.089487 0.661149 0.218534 0.016326
2 2 0.023062 0.123270 0.738277 0.099733 0.015658
2 2 0.010687 0.069563 0.762037 0.147678 0.010035
2 2 0.017118 0.079316 0.682151 0.207551 0.013864
2 2 0.017584 0.101775 0.633583 0.226730 0.020329
2 2 0.013766 0.090778 0.767261 0.118573 0.009622
2 2 0.005869 0.035378 0.822834 0.132445 0.003475
2 2 0.012647 0.088645 0.749436 0.138138 0.011133
2 2 0.014132 0.108159 0.737568 0.124939 0.015202
2 2 0.009719 0.084325 0.704043 0.186927 0.014986
2 2 0.025561 0.117009 0.522115 0.305693 0.029623
3 2 0.038040 0.089855 0.382928 0.473187 0.015990
2 2 0.083746 0.181084 0.473171 0.223745 0.038254
2 2 0.032893 0.117286 0.715578 0.099145 0.035098
2 2 0.039149 0.188662 0.623577 0.096524 0.052087
1 2 0.052006 0.454283 0.379230 0.023856 0.090625
2 2 0.038825 0.306148 0.557678 0.036685 0.060664
2 2 0.082146 0.328123 0.488012 0.017924 0.083795
1 2 0.260286 0.368074 0.298902 0.008782 0.063956
0 0 0.509455 0.308049 0.145027 0.001911 0.035558
0 0 0.544005 0.307443 0.087396 0.000650 0.060506
1 0 0.444649 0.459797 0.015393 0.000027 0.080134
0 0 0.662113 0.237085 0.029599 0.000421 0.070782
1 0 0.431015 0.466783 0.022233 0.000145 0.079824
1 1 0.414935 0.483574 0.026878 0.000277 0.074335
4 2 0.088522 0.337273 0.128939 0.000416 0.444851
4 2 0.075556 0.301450 0.096727 0.000073 0.526194
4 2 0.058139 0.278408 0.128184 0.000155 0.535114
4 2 0.063610 0.310188 0.139372 0.000189 0.486640
4 4 0.047471 0.249312 0.110715 0.000050 0.592451
4 4 0.068689 0.046164 0.004703 0.000007 0.880438
4 4 0.021241 0.017047 0.003360 0.000006 0.958346
4 4 0.066433 0.041636 0.005960 0.000045 0.885925
4 4 0.056642 0.031198 0.003166 0.000006 0.908988
4 4 0.051125 0.027320 0.003217 0.000012 0.918326
4 4 0.089207 0.062139 0.008420 0.000059 0.840176
4 4 0.070191 0.041963 0.005661 0.000043 0.882141
4 4 0.065391 0.034528 0.003995 0.000022 0.896065
4 4 0.137439 0.116874 0.010627 0.000015 0.735045
4 4 0.150189 0.059673 0.003673 0.000016 0.786449
1 4 0.165548 0.408229 0.027845 0.000001 0.398378
4 4 0.123230 0.421798 0.026099 0.000000 0.428872
4 4 0.148444 0.297280 0.015637 0.000000 0.538639
4 4 0.111276 0.317967 0.022271 0.000000 0.548485
4 4 0.084631 0.308384 0.024592 0.000000 0.582393
4 4 0.115746 0.064434 0.002571 0.000000 0.817250
4 4 0.103786 0.132619 0.005697 0.000000 0.757897
4 4 0.144312 0.085796 0.003649 0.000001 0.766242
4 4 0.129312 0.199467 0.007059 0.000000 0.664163
4 4 0.089320 0.164382 0.010105 0.000000 0.736193
4 4 0.115139 0.209542 0.009797 0.000000 0.665522
4 4 0.151392 0.227010 0.009498 0.000000 0.612100
4 4 0.087295 0.201010 0.015494 0.000000 0.696200
4 4 0.107798 0.239737 0.012101 0.000000 0.640364
4 4 0.138960 0.110699 0.008482 0.000007 0.741853
1 4 0.058092 0.507826 0.034012 0.000000 0.400070
4 4 0.056852 0.449885 0.029444 0.000000 0.463819
1 4 0.144757 0.508621 0.025939 0.000000 0.320683
1 4 0.092288 0.497311 0.034338 0.000000 0.376063
1 4 0.122748 0.503471 0.027155 0.000000 0.346626
1 4 0.167865 0.458816 0.031888 0.000001 0.341430
1 4 0.171270 0.531924 0.024963 0.000000 0.271843
1 4 0.207503 0.489726 0.036653 0.000005 0.266113
1 4 0.191869 0.542001 0.024466 0.000000 0.241664
1 4 0.197956 0.545450 0.027690 0.000000 0.228903
0 0 0.776773 0.076852 0.000758 0.000003 0.145615
0 0 0.685085 0.166334 0.001306 0.000001 0.147275
0 0 0.993125 0.003265 0.000533 0.000184 0.002893
0 0 0.992958 0.003255 0.000300 0.000018 0.003469
0 0 0.984229 0.005758 0.000341 0.000032 0.009641
0 0 0.993653 0.002892 0.000411 0.000076 0.002968
0 0 0.985216 0.006432 0.000408 0.000011 0.007933
0 0 0.994023 0.003284 0.000633 0.000151 0.001909
0 0 0.989578 0.004405 0.000483 0.000101 0.005432
0 0 0.962040 0.018847 0.000425 0.000011 0.018676
0 0 0.534470 0.324431 0.006238 0.000004 0.134858
0 0 0.511160 0.365905 0.008550 0.000008 0.114377
0 0 0.641343 0.221207 0.021607 0.000122 0.115721
0 0 0.726513 0.172705 0.006922 0.000003 0.093858
0 0 0.576654 0.335740 0.005061 0.000003 0.082542
1 1 0.202947 0.561715 0.052716 0.000017 0.182605
1 1 0.162552 0.576445 0.065938 0.000013 0.195052
1 1 0.182242 0.567734 0.069928 0.000042 0.180053
1 1 0.202227 0.544171 0.052413 0.000018 0.201170
1 1 0.190104 0.501128 0.054091 0.000021 0.254655
0 1 0.453982 0.171464 0.028544 0.000504 0.345507
1 1 0.202309 0.476010 0.079777 0.000393 0.241511
1 1 0.210608 0.490522 0.069282 0.000193 0.229394
1 1 0.162309 0.476964 0.089495 0.000187 0.271044
1 1 0.133600 0.439640 0.109426 0.000300 0.317034
1 1 0.022740 0.484677 0.441547 0.001372 0.049664
1 2 0.025513 0.454019 0.448439 0.001959 0.070070
2 2 0.011362 0.353164 0.573921 0.002173 0.059380
2 2 0.004863 0.309440 0.653740 0.000971 0.030986
2 2 0.010472 0.382519 0.553765 0.000622 0.052621
2 2 0.013979 0.384089 0.541970 0.002927 0.057035
2 2 0.009953 0.320105 0.619125 0.004038 0.046779
2 2 0.016030 0.307867 0.649844 0.002955 0.023304
2 2 0.004609 0.257264 0.709896 0.002467 0.025763
2 2 0.015650 0.344002 0.613800 0.002625 0.023923
2 2 0.014536 0.404686 0.528004 0.003232 0.049541
2 2 0.014831 0.284738 0.660649 0.005585 0.034196
2 2 0.005618 0.315147 0.644379 0.001728 0.033127
2 2 0.021186 0.446303 0.473661 0.004205 0.054645
2 2 0.032327 0.335835 0.563926 0.012518 0.055394
2 2 0.015104 0.316048 0.625870 0.006881 0.036097
2 2 0.022419 0.303846 0.635651 0.008084 0.029999
2 2 0.016744 0.370850 0.537960 0.008500 0.065946
2 2 0.015152 0.216272 0.735022 0.008141 0.025413
2 2 0.004289 0.262299 0.697427 0.002634 0.033352
2 2 0.017491 0.279996 0.651922 0.016203 0.034389
2 2 0.010179 0.229414 0.733821 0.008062 0.018524
2 2 0.011153 0.159883 0.801795 0.013278 0.013890
2 2 0.008382 0.184887 0.782987 0.008344 0.015400
2 2 0.007604 0.146725 0.827148 0.009097 0.009426
2 2 0.020669 0.206169 0.705930 0.039799 0.027433
2 2 0.034986 0.182232 0.724541 0.039574 0.018668
2 2 0.045089 0.300322 0.589672 0.028991 0.035926
2 2 0.031277 0.210794 0.713197 0.025287 0.019445
2 2 0.031992 0.279196 0.640622 0.017528 0.030661
2 2 0.011904 0.151952 0.794114 0.023898 0.018132
2 2 0.009325 0.106667 0.835276 0.037289 0.011444
2 2 0.010633 0.121971 0.824946 0.025419 0.017031
2 2 0.022576 0.198877 0.701937 0.044537 0.032073
2 2 0.019383 0.279078 0.583336 0.043980 0.074223
2 2 0.012588 0.217237 0.711374 0.024742 0.034059
2 2 0.013711 0.132353 0.812438 0.029846 0.011652
2 2 0.010777 0.103915 0.844271 0.033491 0.007546
2 2 0.015960 0.143400 0.779747 0.028027 0.032866
2 2 0.012866 0.143231 0.764033 0.057044 0.022825
2 2 0.007025 0.093553 0.796509 0.082811 0.020101
2 2 0.008822 0.089296 0.746519 0.133896 0.021466
2 2 0.015195 0.168511 0.742036 0.045638 0.028620
2 2 0.016258 0.125311 0.725967 0.101911 0.030553
2 2 0.007568 0.118058 0.679651 0.152655 0.042069
2 2 0.003226 0.022410 0.543817 0.426948 0.003598
2 3 0.004320 0.037221 0.570180 0.381314 0.006965
2 3 0.006700 0.048525 0.690461 0.248523 0.005791
2 3 0.005054 0.029349 0.590677 0.370660 0.004260
2 3 0.005496 0.039864 0.625032 0.321825 0.007783
3 3 0.005422 0.028484 0.460737 0.501880 0.003477
3 3 0.001955 0.015225 0.268008 0.710445 0.004367
2 3 0.004485 0.037313 0.558912 0.390796 0.008494
3 3 0.001945 0.019059 0.397055 0.577303 0.004638
3 3 0.005443 0.028844 0.292623 0.666696 0.006393
0 3 0.758091 0.138504 0.095705 0.005807 0.001894
1 0 0.132066 0.424591 0.414266 0.011585 0.017492
2 2 0.070326 0.429992 0.451915 0.019869 0.027898
1 2 0.058122 0.448835 0.446441 0.015112 0.031490
2 2 0.058161 0.382857 0.530476 0.012722 0.015784
2 2 0.043931 0.257393 0.635000 0.035097 0.028579
2 2 0.044269 0.257977 0.620431 0.044655 0.032667
2 2 0.036391 0.202010 0.717641 0.028577 0.015381
2 2 0.027980 0.236857 0.691308 0.023705 0.020150
2 2 0.029011 0.258462 0.653723 0.030624 0.028180
2 2 0.026160 0.128419 0.721480 0.115012 0.008929
2 2 0.018135 0.104074 0.712484 0.152559 0.012749
2 2 0.021353 0.114325 0.697816 0.155491 0.011015
2 2 0.036489 0.059226 0.464911 0.435174 0.004201
3 2 0.021711 0.066319 0.443564 0.460758 0.007648
1 2 0.336747 0.343371 0.286546 0.005474 0.027862
2 2 0.074134 0.379967 0.444548 0.046995 0.054356
2 2 0.059753 0.345524 0.520271 0.037180 0.037272
1 2 0.109772 0.487272 0.320698 0.025425 0.056832
2 2 0.055450 0.428135 0.448649 0.022925 0.044841
2 2 0.019825 0.175025 0.756544 0.033049 0.015557
2 2 0.028349 0.179335 0.721818 0.053382 0.017116
2 2 0.028874 0.247042 0.645752 0.040132 0.038200
2 2 0.035170 0.266537 0.645486 0.023987 0.028819
2 2 0.025816 0.216457 0.699459 0.033915 0.024352
2 2 0.068249 0.299945 0.577167 0.034893 0.019746
1 2 0.096316 0.439593 0.399272 0.027667 0.037152
2 2 0.111652 0.347610 0.479193 0.041310 0.020236
2 2 0.118117 0.372001 0.440779 0.041112 0.027992
2 2 0.121569 0.346274 0.469688 0.041780 0.020689
2 2 0.143639 0.340416 0.449413 0.048346 0.018185
2 2 0.159837 0.311317 0.456451 0.056607 0.015788
2 2 0.149749 0.292072 0.446879 0.093766 0.017534
2 2 0.128192 0.270142 0.491257 0.095236 0.015174
2 2 0.163164 0.311571 0.423093 0.083407 0.018766
2 2 0.144217 0.257218 0.381727 0.200169 0.016668
2 2 0.129865 0.316380 0.406302 0.122340 0.025113
3 2 0.169002 0.196424 0.260864 0.356475 0.017235
2 2 0.142459 0.254024 0.390215 0.195867 0.017436
2 2 0.103036 0.188134 0.366105 0.326595 0.016130
2 2 0.061698 0.199006 0.547243 0.175497 0.016556
2 2 0.056505 0.160774 0.589345 0.182330 0.011047
2 3 0.116929 0.228471 0.531817 0.105267 0.017516
1 2 0.228531 0.381846 0.337776 0.026123 0.025725
2 2 0.033405 0.186737 0.644929 0.113480 0.021449
2 2 0.007648 0.065501 0.802015 0.108504 0.016331
2 2 0.009494 0.104610 0.743512 0.117308 0.025076
2 2 0.007481 0.081818 0.791620 0.095530 0.023551
2 2 0.006727 0.084419 0.776701 0.094106 0.038048
2 2 0.010604 0.102279 0.775863 0.080196 0.031057
3 2 0.002863 0.024201 0.428229 0.538904 0.005804
2 2 0.003254 0.030020 0.580918 0.382001 0.003806
2 2 0.002937 0.023176 0.533718 0.433139 0.007030
3 2 0.004385 0.029218 0.468338 0.489097 0.008962
3 2 0.006349 0.030817 0.460295 0.495581 0.006958
3 2 0.008657 0.031642 0.369598 0.585680 0.004422
3 2 0.004677 0.018535 0.216875 0.754656 0.005257
3 2 0.006151 0.023575 0.315626 0.649453 0.005195
3 2 0.008493 0.029448 0.242597 0.712384 0.007079
3 3 0.007212 0.017196 0.163875 0.807203 0.004514
3 3 0.007490 0.023052 0.173507 0.792518 0.003433
3 3 0.004146 0.010267 0.136031 0.848306 0.001250
3 3 0.002676 0.005424 0.059018 0.932211 0.000672
3 3 0.005026 0.009291 0.057379 0.926599 0.001705
3 3 0.004960 0.006266 0.065034 0.923069 0.000670
3 3 0.002132 0.004045 0.119294 0.874262 0.000268
3 3 0.005465 0.010159 0.131017 0.852530 0.000829
3 3 0.004548 0.007967 0.082542 0.903956 0.000986
3 3 0.004581 0.008530 0.104515 0.881559 0.000815
3 3 0.004366 0.008073 0.077250 0.909438 0.000873
3 3 0.002935 0.007967 0.147901 0.840298 0.000899
3 3 0.005378 0.009694 0.077240 0.906499 0.001189
3 3 0.002003 0.002929 0.035386 0.959420 0.000262
3 3 0.003282 0.006512 0.079308 0.910260 0.000638
3 3 0.002205 0.004361 0.048172 0.944716 0.000545
3 3 0.004566 0.004390 0.021055 0.969611 0.000379
3 3 0.007845 0.007395 0.038695 0.945402 0.000664
3 3 0.005049 0.004084 0.025144 0.965336 0.000387
3 3 0.014772 0.015957 0.101776 0.866212 0.001284
3 3 0.008646 0.007851 0.026855 0.955864 0.000784
3 3 0.022563 0.022512 0.116229 0.837073 0.001623
3 3 0.038961 0.024910 0.153682 0.781226 0.001221
3 3 0.063015 0.029514 0.082614 0.822967 0.001890
2 3 0.064158 0.211201 0.526460 0.181783 0.016399
2 2 0.047353 0.088705 0.471397 0.387667 0.004878
2 2 0.102209 0.382084 0.446819 0.040799 0.028088
2 2 0.179244 0.376525 0.399932 0.008023 0.036276
2 2 0.064117 0.376485 0.473194 0.042598 0.043607
2 2 0.157685 0.378080 0.405350 0.022785 0.036099
1 2 0.060120 0.433119 0.413108 0.034640 0.059013
1 2 0.065788 0.526408 0.310933 0.004933 0.091938
1 2 0.089304 0.537574 0.258620 0.004926 0.109576
1 2 0.081708 0.508441 0.274038 0.005995 0.129818
1 0 0.133185 0.580630 0.168153 0.001508 0.116523
1 0 0.232234 0.565193 0.148648 0.001097 0.052828
4 2 0.245403 0.203902 0.010715 0.000006 0.539974
4 2 0.121455 0.141790 0.017084 0.000022 0.719648
4 2 0.123038 0.050536 0.004247 0.000044 0.822135
4 4 0.108748 0.040488 0.003016 0.000021 0.847727
4 4 0.118154 0.072645 0.004344 0.000002 0.804855
4 4 0.168155 0.037710 0.001488 0.000009 0.792638
4 4 0.217032 0.059992 0.001544 0.000001 0.721431
4 4 0.346495 0.040163 0.001312 0.000012 0.612019
4 4 0.103448 0.037941 0.002058 0.000003 0.856550
4 4 0.222871 0.035766 0.001683 0.000010 0.739670
4 4 0.111960 0.021018 0.000668 0.000001 0.866353
4 4 0.108781 0.021370 0.000719 0.000002 0.869128
4 4 0.094693 0.016832 0.000501 0.000001 0.887973
4 4 0.184605 0.042994 0.000865 0.000000 0.771536
4 4 0.061675 0.013531 0.000511 0.000000 0.924283
4 4 0.063200 0.034791 0.001397 0.000000 0.900613
4 4 0.095550 0.020498 0.000771 0.000002 0.883180
4 4 0.178323 0.088914 0.002074 0.000000 0.730688
4 4 0.133877 0.059951 0.001854 0.000000 0.804318
4 4 0.083930 0.058234 0.002902 0.000000 0.854933
4 4 0.038945 0.270687 0.021901 0.000000 0.668468
4 4 0.062383 0.308219 0.023381 0.000000 0.606017
4 4 0.048933 0.368602 0.027068 0.000000 0.555396
4 4 0.046044 0.235881 0.025885 0.000000 0.692190
4 4 0.054894 0.308369 0.028666 0.000000 0.608072
4 4 0.125892 0.313922 0.015051 0.000000 0.545136
4 4 0.102452 0.132541 0.007683 0.000000 0.757324
4 4 0.129405 0.210618 0.011310 0.000000 0.648668
4 4 0.126324 0.288976 0.016383 0.000000 0.568317
4 4 0.081786 0.214745 0.017221 0.000000 0.686247
4 4 0.161678 0.144601 0.009796 0.000005 0.683921
4 4 0.120706 0.147114 0.011077 0.000001 0.721102
4 4 0.210727 0.112956 0.004992 0.000004 0.671321
4 4 0.115025 0.063214 0.005109 0.000014 0.816638
4 4 0.118550 0.086324 0.006147 0.000004 0.788975
1 4 0.278495 0.359411 0.022425 0.000013 0.339655
4 4 0.295113 0.279319 0.009822 0.000001 0.415744
4 4 0.253933 0.267265 0.013337 0.000003 0.465462
1 4 0.318622 0.344287 0.011312 0.000001 0.325779
4 4 0.278883 0.181874 0.007977 0.000006 0.531260
1 4 0.167967 0.414608 0.023007 0.000000 0.394418
4 4 0.102662 0.382623 0.031263 0.000000 0.483452
4 4 0.138683 0.392009 0.024909 0.000000 0.444398
1 4 0.119332 0.452625 0.021300 0.000000 0.406742
1 4 0.124346 0.443288 0.046818 0.000001 0.385547
1 4 0.333616 0.474150 0.025798 0.000023 0.166413
1 4 0.280905 0.502821 0.037426 0.000039 0.178810
1 4 0.358238 0.471502 0.018384 0.000007 0.151869
1 4 0.314624 0.482537 0.023477 0.000008 0.179353
0 4 0.485335 0.297531 0.011703 0.000022 0.205409
0 4 0.465583 0.330371 0.008323 0.000004 0.195718
0 4 0.459836 0.293261 0.008086 0.000007 0.238810
1 4 0.253021 0.461004 0.027609 0.000005 0.258361
0 4 0.382045 0.291078 0.009557 0.000004 0.317315
1 4 0.322751 0.368155 0.016477 0.000006 0.292612
1 4 0.305175 0.421837 0.026251 0.000022 0.246714
1 4 0.271169 0.423436 0.032154 0.000029 0.273212
1 4 0.313729 0.471237 0.022766 0.000007 0.192261
1 4 0.318141 0.431294 0.025516 0.000023 0.225027
1 4 0.358031 0.422873 0.016688 0.000006 0.202402
1 4 0.127287 0.430242 0.087745 0.000071 0.354655
4 4 0.121316 0.347821 0.059121 0.000023 0.471718
4 4 0.114818 0.317170 0.073540 0.000111 0.494361
4 4 0.066944 0.321480 0.111702 0.000054 0.499820
4 4 0.098748 0.276690 0.079022 0.000191 0.545349
4 4 0.059058 0.355870 0.175148 0.000188 0.409735
4 4 0.051065 0.345352 0.162514 0.000066 0.441002
1 4 0.047181 0.384850 0.190574 0.000055 0.377341
4 4 0.062845 0.363816 0.174546 0.000224 0.398568
1 4 0.058883 0.378165 0.207382 0.000352 0.355217
1 2 0.092087 0.463088 0.206247 0.002051 0.236527
1 2 0.101217 0.501533 0.193915 0.001301 0.202035
1 2 0.151058 0.488975 0.144534 0.002019 0.213414
1 2 0.141503 0.548195 0.131045 0.000441 0.178816
1 2 0.189528 0.608641 0.091874 0.000281 0.109677
1 2 0.147488 0.545931 0.158090 0.002135 0.146355
1 2 0.119872 0.555922 0.199652 0.002900 0.121654
1 2 0.055984 0.484507 0.288820 0.002140 0.168549
1 2 0.168409 0.523343 0.175387 0.001560 0.131302
0 0 0.474896 0.277494 0.113149 0.001953 0.132509
1 0 0.416360 0.448056 0.009633 0.000001 0.125949
1 1 0.365886 0.498309 0.014016 0.000002 0.121788
1 1 0.352183 0.493096 0.017185 0.000003 0.137533
1 1 0.336675 0.535597 0.022746 0.000010 0.104972
1 1 0.315413 0.548817 0.023990 0.000007 0.111774
1 4 0.247001 0.536430 0.038562 0.000014 0.177994
1 4 0.201952 0.587376 0.045409 0.000006 0.165257
1 4 0.222437 0.542257 0.052786 0.000038 0.182482
1 4 0.205018 0.504762 0.074676 0.000220 0.215324
1 4 0.184944 0.480429 0.087754 0.000368 0.246505
1 4 0.131743 0.528080 0.114265 0.000136 0.225776
1 4 0.102474 0.513918 0.141500 0.000128 0.241980
1 4 0.106682 0.549419 0.132230 0.000079 0.211590
1 4 0.082707 0.475637 0.169289 0.000168 0.272199
1 4 0.121607 0.519461 0.115257 0.000095 0.243581
1 2 0.184487 0.520703 0.075424 0.000100 0.219286
1 2 0.183078 0.509393 0.059440 0.000026 0.248062
1 2 0.221125 0.576231 0.046669 0.000015 0.155961
1 2 0.160157 0.547427 0.071280 0.000023 0.221113
1 2 0.175130 0.518469 0.074614 0.000068 0.231719
1 2 0.278743 0.524716 0.044651 0.000088 0.151803
1 2 0.315649 0.504972 0.038351 0.000115 0.140914
1 2 0.364504 0.405178 0.024456 0.000071 0.205790
0 0 0.408983 0.396296 0.029645 0.000021 0.165054
1 0 0.422070 0.433958 0.035243 0.000020 0.108709
0 0 0.454218 0.364210 0.011595 0.000013 0.169963
1 0 0.336090 0.485133 0.023608 0.000014 0.155154
1 1 0.328001 0.476665 0.029324 0.000041 0.165970
1 1 0.329731 0.492486 0.035800 0.000121 0.141862
0 2 0.394588 0.328675 0.017044 0.000059 0.259634
1 2 0.154066 0.514133 0.146025 0.001994 0.183782
4 2 0.132983 0.352768 0.118685 0.001919 0.393644
1 2 0.105617 0.401870 0.197178 0.004915 0.290420
1 2 0.074158 0.394270 0.226649 0.002188 0.302735
1 2 0.032769 0.340541 0.306015 0.000952 0.319724
2 2 0.000969 0.175410 0.807240 0.000640 0.015741
2 2 0.000200 0.100270 0.892404 0.000363 0.006763
2 2 0.000581 0.151576 0.836066 0.000411 0.011366
2 2 0.000350 0.135458 0.856523 0.000267 0.007402
2 2 0.001526 0.078871 0.913537 0.002581 0.003485
2 2 0.001386 0.228695 0.755298 0.000198 0.014422
2 2 0.001799 0.242015 0.738516 0.000278 0.017392
2 2 0.000916 0.176358 0.807598 0.000508 0.014619
2 2 0.000526 0.149754 0.839037 0.000328 0.010356
2 2 0.001350 0.210606 0.771275 0.000382 0.016386
2 2 0.001904 0.117917 0.867480 0.003603 0.009096
2 2 0.003658 0.235796 0.731913 0.002312 0.026322
2 2 0.001984 0.176559 0.803854 0.001555 0.016048
2 2 0.004610 0.299575 0.664367 0.001369 0.030080
2 2 0.004478 0.313604 0.655452 0.001156 0.025310
2 2 0.007030 0.181901 0.789403 0.006970 0.014696
2 2 0.002526 0.077917 0.912072 0.005142 0.002343
2 2 0.002945 0.259717 0.712051 0.001632 0.023656
2 2 0.007965 0.171724 0.804767 0.006465 0.009079
2 2 0.004604 0.221651 0.756794 0.002754 0.014197
2 2 0.004025 0.276361 0.687643 0.002480 0.029491
2 2 0.009753 0.218798 0.749506 0.005168 0.016776
2 2 0.003674 0.258739 0.716545 0.002040 0.019002
2 2 0.005981 0.287053 0.678304 0.002698 0.025965
2 2 0.007123 0.296080 0.669532 0.002623 0.024642
2 2 0.013890 0.225231 0.737171 0.011424 0.012284
2 2 0.007227 0.141292 0.822690 0.019430 0.009361
2 2 0.013040 0.226781 0.737971 0.008739 0.013469
2 2 0.005002 0.129353 0.844657 0.013104 0.007883
2 2 0.016200 0.253085 0.696895 0.015576 0.018243
2 2 0.009691 0.237117 0.729354 0.007597 0.016242
2 2 0.003707 0.103901 0.878371 0.009184 0.004838
2 2 0.011026 0.268301 0.687993 0.007479 0.025200
2 2 0.008615 0.219235 0.752619 0.006097 0.013434
2 2 0.001795 0.083650 0.901335 0.008709 0.004512
2 2 0.020343 0.272552 0.658270 0.018076 0.030758
2 2 0.042015 0.227705 0.670232 0.038089 0.021958
1 2 0.200322 0.588681 0.171495 0.002669 0.036832
2 2 0.034857 0.361286 0.529299 0.023294 0.051265
2 2 0.021868 0.268148 0.656267 0.016163 0.037555
2 2 0.013155 0.305144 0.584025 0.003890 0.093787
2 2 0.013262 0.184577 0.744335 0.009816 0.048010
2 2 0.012201 0.255055 0.664601 0.007277 0.060866
2 2 0.009577 0.196035 0.751577 0.003723 0.039088
2 2 0.010290 0.231654 0.694493 0.005738 0.057826
2 2 0.009862 0.150882 0.792357 0.008645 0.038255
2 2 0.017262 0.231326 0.663713 0.005899 0.081800
2 2 0.016414 0.227199 0.655680 0.011753 0.088955
2 2 0.012512 0.205554 0.707052 0.011563 0.063319
2 2 0.016113 0.167910 0.747773 0.008362 0.059842
2 2 0.023684 0.244892 0.633809 0.021813 0.075802
2 2 0.022410 0.166902 0.743056 0.027772 0.039860
2 2 0.013266 0.165713 0.766908 0.014146 0.039967
2 2 0.022380 0.221612 0.638840 0.020132 0.097036
2 2 0.016747 0.182094 0.737007 0.023168 0.040983
2 2 0.015039 0.128868 0.800735 0.029771 0.025587
2 2 0.028428 0.265959 0.633041 0.024294 0.048278
2 2 0.021600 0.223288 0.697937 0.026591 0.030584
2 2 0.061744 0.264666 0.582464 0.042339 0.048786
2 2 0.133579 0.319138 0.496966 0.022752 0.027564
2 2 0.034615 0.331071 0.596987 0.008045 0.029282
1 2 0.030030 0.453510 0.439470 0.005530 0.071460
2 2 0.015380 0.222161 0.724319 0.011708 0.026433
2 2 0.008486 0.190985 0.782317 0.003377 0.014835
2 2 0.025729 0.304797 0.628878 0.010229 0.030367
2 2 0.013401 0.372854 0.554287 0.003091 0.056367
2 2 0.004972 0.289707 0.667237 0.001724 0.036360
2 2 0.003945 0.232475 0.736522 0.001956 0.025102
2 2 0.003603 0.234416 0.718748 0.003303 0.039930
2 2 0.003456 0.173438 0.796230 0.001233 0.025643
2 2 0.005389 0.063484 0.908777 0.018861 0.003489
2 2 0.002433 0.183390 0.783492 0.004615 0.026071
2 2 0.000870 0.069597 0.918499 0.005026 0.006008
2 2 0.002444 0.095567 0.890144 0.005744 0.006102
2 2 0.003320 0.124469 0.849859 0.009271 0.013082
2 2 0.008231 0.068102 0.883221 0.037025 0.003421
2 2 0.010770 0.186330 0.750977 0.024864 0.027058
2 2 0.012198 0.112294 0.830334 0.035965 0.009210
2 2 0.022456 0.143211 0.794943 0.027050 0.012340
2 2 0.010248 0.137645 0.797400 0.029349 0.025359
2 2 0.003623 0.235824 0.703181 0.001908 0.055464
2 2 0.004741 0.180540 0.778347 0.004597 0.031774
2 2 0.009647 0.258516 0.673301 0.006346 0.052190
2 2 0.014802 0.239567 0.694066 0.010350 0.041215
2 2 0.005517 0.291500 0.660614 0.002224 0.040146
2 2 0.006507 0.128896 0.822772 0.017478 0.024348
