0 0 0.996001 0.001785 0.000327 0.000000 0.001888
0 0 0.994794 0.002800 0.000488 0.000000 0.001918
0 0 0.992711 0.002866 0.000638 0.000001 0.003784
0 0 0.992035 0.002303 0.000490 0.000000 0.005171
0 0 0.981581 0.006386 0.000982 0.000000 0.011052
0 0 0.947442 0.005413 0.000738 0.000000 0.046406
0 0 0.959061 0.004551 0.000573 0.000000 0.035815
0 0 0.929452 0.005065 0.000947 0.000000 0.064536
0 0 0.969347 0.004078 0.000360 0.000000 0.026215
0 0 0.987154 0.002763 0.000162 0.000000 0.009921
0 0 0.997126 0.001317 0.000394 0.000002 0.001161
0 0 0.994885 0.001802 0.000281 0.000000 0.003032
0 0 0.997253 0.001226 0.000217 0.000000 0.001305
0 0 0.997314 0.001042 0.000186 0.000000 0.001459
0 0 0.996422 0.001560 0.000242 0.000000 0.001776
0 0 0.988034 0.003549 0.000556 0.000000 0.007861
0 0 0.971614 0.009980 0.003392 0.000036 0.014978
0 0 0.993874 0.003066 0.000604 0.000000 0.002456
0 0 0.986133 0.005203 0.001172 0.000001 0.007490
0 0 0.971976 0.009255 0.001009 0.000000 0.017760
0 0 0.967564 0.007148 0.000951 0.000000 0.024337
0 0 0.986593 0.002821 0.000516 0.000000 0.010069
0 0 0.923910 0.009209 0.001882 0.000001 0.064997
0 0 0.914890 0.023395 0.001527 0.000000 0.060187
0 0 0.963446 0.007411 0.001091 0.000000 0.028051
0 0 0.833808 0.021459 0.003196 0.000000 0.141537
0 0 0.733098 0.040244 0.003005 0.000000 0.223652
0 0 0.687761 0.026075 0.005541 0.000004 0.280619
4 0 0.349326 0.095080 0.019830 0.000012 0.535752
0 0 0.666250 0.057434 0.004215 0.000000 0.272102
0 0 0.921817 0.033420 0.001885 0.000000 0.042878
0 0 0.972016 0.007649 0.001361 0.000000 0.018974
0 0 0.952467 0.010924 0.001264 0.000000 0.035345
0 0 0.979068 0.006167 0.000618 0.000000 0.014147
0 0 0.981689 0.005909 0.000912 0.000000 0.011490
0 0 0.970000 0.006231 0.000535 0.000000 0.023233
0 0 0.982852 0.008177 0.000704 0.000000 0.008268
0 0 0.972316 0.008268 0.002104 0.000004 0.017308
0 0 0.977569 0.004814 0.001833 0.000038 0.015746
0 0 0.986545 0.003226 0.000215 0.000000 0.010013
0 0 0.970703 0.009670 0.001211 0.000000 0.018416
0 0 0.992374 0.002462 0.000290 0.000000 0.004874
0 0 0.985604 0.004325 0.000980 0.000001 0.009090
0 0 0.987595 0.003649 0.000816 0.000001 0.007939
0 0 0.994768 0.002748 0.000419 0.000000 0.002065
0 0 0.986019 0.003971 0.000378 0.000000 0.009632
0 0 0.988477 0.003954 0.000455 0.000000 0.007115
0 0 0.991914 0.002079 0.000262 0.000000 0.005744
0 0 0.980625 0.004081 0.000465 0.000000 0.014829
0 0 0.985650 0.003144 0.000779 0.000001 0.010426
0 0 0.987583 0.003891 0.000756 0.000000 0.007769
0 0 0.987753 0.004360 0.000647 0.000000 0.007240
0 0 0.986840 0.004452 0.000766 0.000000 0.007943
0 0 0.988502 0.004215 0.000492 0.000000 0.006791
0 0 0.982164 0.006693 0.000353 0.000000 0.010790
0 0 0.474410 0.168793 0.008725 0.000000 0.348072
4 4 0.254030 0.184805 0.024345 0.000001 0.536820
4 4 0.214425 0.237986 0.027450 0.000001 0.520138
4 4 0.285428 0.243397 0.023632 0.000000 0.447543
4 4 0.256226 0.167642 0.021455 0.000001 0.554677
4 4 0.086287 0.107729 0.011618 0.000000 0.794366
4 4 0.147042 0.059774 0.009892 0.000002 0.783291
4 4 0.091295 0.141890 0.011214 0.000000 0.755601
4 4 0.192647 0.115492 0.012771 0.000000 0.679089
4 4 0.323217 0.080792 0.004745 0.000000 0.591246
4 4 0.259460 0.108414 0.016192 0.000001 0.615933
0 4 0.542541 0.117332 0.009665 0.000000 0.330463
4 4 0.230267 0.220618 0.018464 0.000000 0.530651
4 4 0.171938 0.259870 0.022283 0.000000 0.545909
4 4 0.189682 0.196503 0.020801 0.000000 0.593013
4 4 0.135819 0.259059 0.022566 0.000000 0.582556
4 4 0.141825 0.229526 0.015696 0.000000 0.612953
4 4 0.240372 0.097557 0.013545 0.000001 0.648525
4 4 0.135471 0.200448 0.016188 0.000000 0.647893
4 4 0.117009 0.271764 0.019219 0.000000 0.592008
4 4 0.363609 0.174460 0.010449 0.000000 0.451482
4 4 0.223432 0.175326 0.017653 0.000000 0.583589
4 4 0.403701 0.064315 0.007461 0.000000 0.524523
4 4 0.248108 0.182054 0.014184 0.000000 0.555653
0 4 0.561805 0.087232 0.006637 0.000000 0.344325
4 4 0.104611 0.108416 0.011750 0.000000 0.775222
4 4 0.059606 0.162188 0.013990 0.000000 0.764216
4 4 0.187743 0.096585 0.009749 0.000000 0.705922
4 4 0.137931 0.125995 0.008895 0.000000 0.727179
4 4 0.074475 0.175316 0.011084 0.000000 0.739126
0 4 0.531783 0.141975 0.010016 0.000000 0.316225
0 4 0.522796 0.125994 0.013255 0.000000 0.337955
0 4 0.508285 0.138783 0.011209 0.000000 0.341723
4 4 0.379923 0.198241 0.014824 0.000000 0.407012
0 4 0.596659 0.089335 0.009061 0.000000 0.304945
4 4 0.249459 0.149891 0.014249 0.000000 0.586401
4 4 0.453429 0.051953 0.008380 0.000001 0.486237
4 4 0.148815 0.210505 0.014932 0.000000 0.625748
4 4 0.263213 0.211928 0.012681 0.000000 0.512177
4 4 0.041607 0.173518 0.040974 0.000048 0.743852
4 4 0.112267 0.398046 0.077162 0.000013 0.412512
4 4 0.085619 0.377597 0.110900 0.000137 0.425748
4 4 0.094839 0.355785 0.085140 0.000108 0.464128
4 4 0.042912 0.322452 0.177106 0.000287 0.457243
4 2 0.009667 0.201666 0.333802 0.000383 0.454482
2 2 0.008584 0.234414 0.704078 0.000934 0.051991
2 2 0.007300 0.217563 0.743384 0.000650 0.031103
2 2 0.000418 0.059620 0.923702 0.000079 0.016181
2 2 0.000331 0.048592 0.932151 0.000349 0.018576
2 2 0.002174 0.128705 0.831415 0.000343 0.037363
2 2 0.000788 0.018942 0.969914 0.009310 0.001047
2 2 0.000244 0.024503 0.968705 0.005218 0.001330
2 2 0.000917 0.059001 0.910492 0.021513 0.008078
2 2 0.000581 0.059215 0.935578 0.001162 0.003464
2 2 0.000197 0.010161 0.965738 0.023226 0.000678
2 2 0.000124 0.007137 0.951222 0.040943 0.000574
2 2 0.000226 0.008831 0.962138 0.028240 0.000565
2 2 0.000307 0.005627 0.933307 0.060401 0.000358
2 2 0.000069 0.003608 0.860264 0.135675 0.000384
2 2 0.000249 0.006796 0.928679 0.063759 0.000518
2 2 0.000280 0.006437 0.810248 0.182253 0.000782
2 3 0.000848 0.005065 0.798961 0.194721 0.000405
3 3 0.000657 0.004432 0.360716 0.633190 0.001005
2 3 0.001121 0.009024 0.793630 0.195270 0.000955
2 3 0.002607 0.009647 0.676097 0.310522 0.001126
2 3 0.001213 0.006023 0.809783 0.182528 0.000453
2 3 0.000802 0.004544 0.522631 0.471368 0.000655
2 3 0.000986 0.007607 0.660581 0.329763 0.001064
3 3 0.000562 0.002991 0.221399 0.774203 0.000845
3 3 0.000389 0.002133 0.271322 0.725684 0.000472
2 3 0.000222 0.002958 0.649884 0.346571 0.000364
3 3 0.000204 0.001640 0.406307 0.591599 0.000251
2 3 0.000400 0.003207 0.564880 0.431087 0.000427
3 3 0.000443 0.001812 0.249853 0.747523 0.000369
3 3 0.000172 0.001216 0.332813 0.665599 0.000199
3 3 0.000196 0.001925 0.385542 0.611999 0.000338
3 3 0.000338 0.001062 0.276296 0.722151 0.000153
3 3 0.000088 0.000427 0.114351 0.885024 0.000110
3 3 0.000231 0.000838 0.222906 0.775883 0.000142
3 3 0.000212 0.001509 0.294003 0.703980 0.000295
3 3 0.000139 0.000728 0.135785 0.863154 0.000195
3 3 0.000480 0.001506 0.254606 0.743147 0.000261
3 3 0.000126 0.001205 0.143327 0.854897 0.000445
3 3 0.000470 0.003211 0.183798 0.811331 0.001191
3 3 0.000346 0.001295 0.318413 0.679763 0.000183
3 3 0.000072 0.000407 0.269391 0.730080 0.000050
3 3 0.000045 0.000170 0.073899 0.925845 0.000041
3 3 0.000245 0.001606 0.331368 0.666507 0.000274
3 3 0.000024 0.000131 0.075353 0.924461 0.000031
3 3 0.000057 0.000269 0.138675 0.860950 0.000049
3 3 0.000136 0.000547 0.047757 0.951275 0.000284
3 3 0.000188 0.000568 0.089213 0.909861 0.000171
3 3 0.000226 0.000786 0.094503 0.904227 0.000259
3 3 0.000256 0.001013 0.112609 0.885794 0.000328
3 3 0.000412 0.001004 0.090332 0.907916 0.000335
3 3 0.046075 0.075592 0.394575 0.428679 0.055080
2 2 0.146836 0.263751 0.359889 0.060335 0.169190
2 2 0.043039 0.244008 0.523016 0.069989 0.119948
2 2 0.043624 0.252236 0.481287 0.066672 0.156180
1 2 0.074408 0.435316 0.336544 0.019071 0.134660
1 2 0.097267 0.463691 0.162131 0.000230 0.276681
1 2 0.038698 0.363496 0.288859 0.000833 0.308114
1 2 0.067894 0.486704 0.289475 0.000327 0.155600
2 2 0.024872 0.363255 0.430678 0.000149 0.181047
1 2 0.068101 0.470237 0.249839 0.000197 0.211626
2 2 0.025337 0.372975 0.490335 0.000262 0.111091
1 2 0.052522 0.485304 0.357282 0.000087 0.104805
2 2 0.011266 0.269243 0.579294 0.000278 0.139919
2 2 0.010526 0.275288 0.630283 0.000081 0.083822
2 2 0.001880 0.125536 0.777801 0.000141 0.094641
2 2 0.014973 0.301536 0.640493 0.000471 0.042527
2 2 0.010651 0.277920 0.674089 0.000060 0.037280
2 2 0.001018 0.084140 0.883800 0.002265 0.028776
2 2 0.011138 0.272976 0.669357 0.000232 0.046296
2 2 0.000906 0.087513 0.887131 0.000105 0.024345
2 2 0.002223 0.114752 0.853292 0.005163 0.024570
2 2 0.011345 0.273208 0.681531 0.000233 0.033683
2 2 0.003642 0.117362 0.851768 0.001488 0.025740
2 2 0.021306 0.339322 0.582872 0.001112 0.055388
2 2 0.026870 0.366374 0.567854 0.001510 0.037393
2 2 0.016118 0.294343 0.619000 0.003426 0.067114
2 2 0.002072 0.116991 0.864865 0.000681 0.015390
2 2 0.001682 0.105841 0.871696 0.001879 0.018901
2 2 0.003234 0.140914 0.820339 0.005853 0.029661
2 2 0.006260 0.192714 0.754262 0.004802 0.041962
1 2 0.081578 0.422302 0.329010 0.000704 0.166406
2 2 0.025566 0.341616 0.490807 0.004845 0.137166
2 2 0.008861 0.211503 0.714528 0.000128 0.064981
1 2 0.076277 0.503229 0.275022 0.000317 0.145155
2 2 0.029379 0.411866 0.487530 0.000073 0.071151
2 2 0.000536 0.061935 0.933075 0.000170 0.004285
2 2 0.000351 0.049404 0.941306 0.000650 0.008288
2 2 0.002204 0.119685 0.864709 0.001173 0.012230
2 2 0.001441 0.095082 0.896049 0.001011 0.006417
2 2 0.000573 0.049140 0.940146 0.002868 0.007273
2 2 0.000525 0.055814 0.936581 0.002665 0.004414
2 2 0.000399 0.046780 0.942933 0.006240 0.003648
2 2 0.002155 0.047993 0.883689 0.059558 0.006604
2 2 0.001069 0.072277 0.919369 0.003003 0.004282
2 2 0.001019 0.066721 0.917423 0.008706 0.006131
2 2 0.017893 0.317759 0.533807 0.000714 0.129826
1 2 0.145891 0.365816 0.282666 0.001456 0.204172
1 1 0.107379 0.369390 0.359660 0.002622 0.160949
1 1 0.090163 0.487426 0.251491 0.000387 0.170532
2 2 0.027310 0.364710 0.459080 0.000857 0.148043
2 2 0.016638 0.309118 0.641035 0.000741 0.032469
2 2 0.001044 0.088775 0.888514 0.000436 0.021230
2 2 0.005438 0.205489 0.760338 0.000068 0.028667
2 2 0.001146 0.090793 0.889550 0.000692 0.017819
2 2 0.000950 0.086094 0.896707 0.000198 0.016052
2 2 0.002162 0.130626 0.853671 0.000075 0.013467
2 2 0.000293 0.046601 0.944519 0.000250 0.008337
2 2 0.001333 0.101989 0.880268 0.000162 0.016247
2 2 0.001562 0.103446 0.878981 0.000855 0.015156
2 2 0.001266 0.090601 0.892941 0.002045 0.013147
2 2 0.009502 0.095730 0.869087 0.013570 0.012111
2 2 0.006924 0.070980 0.882817 0.029329 0.009950
2 0 0.062528 0.172727 0.647250 0.066783 0.050711
2 0 0.146827 0.233084 0.490807 0.068127 0.061155
2 0 0.257868 0.304287 0.392037 0.013898 0.031911
1 1 0.085687 0.443150 0.193194 0.001264 0.276705
1 1 0.074859 0.471938 0.242564 0.000452 0.210188
2 2 0.000911 0.088477 0.802415 0.000202 0.107995
1 2 0.043302 0.418717 0.320752 0.000210 0.217019
1 2 0.101373 0.474779 0.152357 0.000095 0.271396
4 1 0.249103 0.326934 0.059082 0.000015 0.364866
4 1 0.188938 0.301766 0.083124 0.000240 0.425932
0 1 0.472787 0.241357 0.036343 0.000003 0.249510
0 1 0.415644 0.268293 0.038119 0.000002 0.277943
4 1 0.308363 0.317019 0.044749 0.000003 0.329866
4 1 0.055532 0.370660 0.163905 0.000077 0.409825
4 1 0.053829 0.377362 0.173971 0.000063 0.394774
1 1 0.083951 0.446834 0.130996 0.000007 0.338211
4 1 0.038512 0.329120 0.193069 0.000105 0.439194
2 2 0.000232 0.048148 0.786294 0.000023 0.165304
2 2 0.002551 0.159820 0.805884 0.000003 0.031741
2 2 0.000668 0.073378 0.911243 0.000109 0.014602
2 2 0.001029 0.098350 0.877329 0.000014 0.023277
2 2 0.001775 0.136397 0.840743 0.000002 0.021084
2 2 0.000744 0.088330 0.872185 0.000006 0.038735
2 2 0.000696 0.068456 0.915978 0.001535 0.013335
2 2 0.001191 0.089192 0.894026 0.001500 0.014091
2 2 0.001307 0.090108 0.881681 0.006744 0.020161
2 2 0.001488 0.106525 0.878725 0.000158 0.013104
1 0 0.055937 0.477742 0.399921 0.000736 0.065665
0 0 0.526437 0.221439 0.071488 0.000525 0.180110
0 1 0.564224 0.208247 0.053199 0.000101 0.174230
0 0 0.692931 0.153120 0.033155 0.000024 0.120770
0 1 0.443871 0.318424 0.064261 0.000031 0.173414
0 0 0.817718 0.080226 0.020094 0.000035 0.081927
0 1 0.554702 0.140443 0.016574 0.000000 0.288280
0 1 0.462267 0.099182 0.023045 0.000026 0.415481
0 0 0.433779 0.206602 0.024495 0.000001 0.335124
1 1 0.295810 0.428639 0.029877 0.000000 0.245675
1 1 0.157908 0.402681 0.050067 0.000001 0.389343
1 1 0.123108 0.416646 0.068340 0.000003 0.391904
4 1 0.076977 0.387339 0.129528 0.000107 0.406049
1 2 0.103962 0.453741 0.115398 0.000017 0.326882
1 2 0.087376 0.435019 0.123024 0.000012 0.354570
2 2 0.006828 0.236893 0.509627 0.000003 0.246649
2 2 0.006307 0.219497 0.749348 0.000055 0.024794
2 2 0.001653 0.120999 0.849319 0.000037 0.027993
2 2 0.005741 0.217868 0.754956 0.000017 0.021418
2 2 0.005921 0.205623 0.770117 0.000126 0.018213
2 2 0.001004 0.095820 0.892804 0.000008 0.010363
2 2 0.008982 0.247741 0.719479 0.000160 0.023637
2 2 0.000571 0.065055 0.927503 0.000162 0.006710
2 2 0.002611 0.138999 0.844257 0.000174 0.013959
2 2 0.017006 0.308118 0.643434 0.001055 0.030387
2 2 0.000962 0.079256 0.907782 0.001642 0.010359
2 2 0.005794 0.197782 0.758773 0.000730 0.036921
2 2 0.001791 0.116672 0.863488 0.000206 0.017844
2 2 0.003861 0.187214 0.777734 0.000010 0.031181
2 2 0.008772 0.249971 0.711244 0.000106 0.029906
2 2 0.003879 0.175734 0.793077 0.000077 0.027234
2 2 0.007402 0.220900 0.728211 0.000712 0.042775
2 2 0.009272 0.250983 0.710512 0.000195 0.029037
2 2 0.002411 0.132288 0.837589 0.000562 0.027149
2 2 0.034230 0.415772 0.484189 0.000389 0.065420
2 1 0.025671 0.372117 0.529668 0.000509 0.072034
2 2 0.000910 0.081883 0.912240 0.000089 0.004878
2 2 0.000363 0.048470 0.945627 0.000816 0.004724
2 2 0.001250 0.093566 0.896818 0.000340 0.008027
2 2 0.000467 0.053859 0.939900 0.001219 0.004556
2 2 0.000831 0.072427 0.918749 0.001422 0.006570
2 2 0.001469 0.085246 0.885501 0.017547 0.010237
2 2 0.002563 0.048656 0.917945 0.026441 0.004395
2 2 0.000319 0.041517 0.948084 0.006789 0.003291
2 2 0.000768 0.036833 0.946745 0.012861 0.002792
2 2 0.000665 0.038262 0.947066 0.011094 0.002914
2 2 0.018785 0.068089 0.701466 0.191222 0.020438
2 0 0.047947 0.195856 0.532510 0.129575 0.094111
2 0 0.137477 0.251159 0.551675 0.027744 0.031945
2 0 0.154768 0.314070 0.420757 0.037376 0.073029
1 1 0.082067 0.416181 0.401581 0.018898 0.081273
1 0 0.317049 0.429636 0.122004 0.000416 0.130894
1 1 0.173872 0.564408 0.143901 0.000259 0.117561
1 1 0.103600 0.580571 0.264019 0.000072 0.051738
2 2 0.039043 0.442028 0.445008 0.000184 0.073737
2 2 0.004452 0.185010 0.759594 0.000186 0.050759
2 2 0.000451 0.056036 0.940393 0.000106 0.003013
2 2 0.000845 0.081140 0.912884 0.000031 0.005100
2 2 0.000583 0.065603 0.930534 0.000038 0.003242
2 2 0.000067 0.021748 0.976297 0.000040 0.001849
2 2 0.000071 0.020159 0.974952 0.001836 0.002982
2 2 0.000078 0.020383 0.975332 0.002542 0.001664
2 2 0.000161 0.029412 0.966423 0.002243 0.001761
2 2 0.001479 0.091566 0.886303 0.008161 0.012492
2 2 0.000084 0.021007 0.976009 0.001780 0.001121
2 2 0.000238 0.036198 0.955335 0.004580 0.003649
2 2 0.000084 0.020499 0.968568 0.009064 0.001785
2 2 0.000272 0.037024 0.937358 0.020902 0.004444
2 2 0.000073 0.019084 0.972733 0.006727 0.001383
2 2 0.000061 0.017335 0.975478 0.005927 0.001199
2 2 0.000223 0.025486 0.963530 0.008860 0.001901
2 2 0.001827 0.038481 0.874030 0.080260 0.005401
2 2 0.001584 0.089885 0.857497 0.036662 0.014372
2 2 0.000683 0.056528 0.869801 0.061153 0.011835
2 2 0.000834 0.064671 0.876974 0.045939 0.011583
2 2 0.001132 0.073374 0.823247 0.084450 0.017797
2 2 0.005076 0.127704 0.826565 0.023368 0.017287
2 0 0.062247 0.371375 0.493811 0.012766 0.059801
2 0 0.015315 0.180649 0.756390 0.025010 0.022637
2 2 0.003153 0.137795 0.852617 0.000985 0.005450
2 2 0.003343 0.140090 0.846901 0.002094 0.007572
2 2 0.006749 0.196738 0.776594 0.003341 0.016578
2 2 0.000844 0.070753 0.921545 0.002193 0.004665
2 2 0.012083 0.251573 0.685418 0.008350 0.042576
2 2 0.038502 0.404899 0.482298 0.004258 0.070043
1 0 0.193118 0.442077 0.306785 0.004775 0.053245
1 1 0.099187 0.521254 0.276119 0.003076 0.100364
1 2 0.113332 0.540017 0.229712 0.000868 0.116071
1 0 0.192228 0.585733 0.141093 0.000183 0.080763
1 1 0.076275 0.505499 0.341868 0.001896 0.074462
1 2 0.100445 0.512137 0.252289 0.002677 0.132452
2 2 0.000128 0.025966 0.971329 0.001534 0.001044
2 2 0.000183 0.031077 0.964860 0.002481 0.001399
2 2 0.000980 0.073493 0.917419 0.003946 0.004162
2 2 0.000167 0.029771 0.964633 0.003688 0.001741
2 2 0.000326 0.041496 0.952057 0.003919 0.002202
2 2 0.000346 0.043097 0.950528 0.003673 0.002356
2 2 0.000136 0.027128 0.970961 0.000936 0.000838
2 2 0.000267 0.037564 0.956597 0.003596 0.001977
2 2 0.000178 0.030300 0.961322 0.006142 0.002057
2 2 0.001516 0.090159 0.888240 0.011700 0.008385
2 2 0.044860 0.258158 0.573178 0.035997 0.087807
1 1 0.109147 0.518199 0.256609 0.006030 0.110015
1 0 0.253811 0.457112 0.193036 0.004838 0.091204
1 0 0.189768 0.522149 0.184957 0.002237 0.100889
1 0 0.292890 0.544216 0.120553 0.000096 0.042245
1 1 0.129721 0.551726 0.175078 0.000130 0.143346
1 1 0.148801 0.577234 0.156173 0.000046 0.117746
1 1 0.081917 0.513463 0.259687 0.000238 0.144695
1 1 0.152440 0.557975 0.147724 0.000101 0.141760
2 2 0.010280 0.280803 0.631112 0.000032 0.077773
2 2 0.001491 0.106533 0.879286 0.000108 0.012582
2 2 0.001043 0.095533 0.894097 0.000012 0.009314
2 2 0.006186 0.200389 0.773845 0.000526 0.019055
2 2 0.009351 0.253025 0.716157 0.000130 0.021337
2 2 0.001418 0.119332 0.866521 0.000002 0.012727
2 2 0.000090 0.025116 0.973663 0.000024 0.001107
2 1 0.002511 0.132649 0.852526 0.000247 0.012068
2 2 0.000394 0.055804 0.939395 0.000029 0.004377
2 2 0.000182 0.035461 0.961698 0.000089 0.002570
2 2 0.001036 0.082739 0.909889 0.000392 0.005944
2 2 0.000799 0.071377 0.920117 0.001100 0.006607
2 1 0.018920 0.324523 0.631362 0.000678 0.024516
2 2 0.000387 0.054615 0.940058 0.000065 0.004875
2 2 0.000839 0.072590 0.919544 0.000962 0.006066
2 2 0.000262 0.039585 0.956206 0.001090 0.002856
2 2 0.001299 0.088603 0.900508 0.002064 0.007525
2 2 0.000396 0.048005 0.945516 0.002124 0.003959
2 2 0.000840 0.072376 0.921073 0.000886 0.004825
2 2 0.000579 0.058238 0.934932 0.002202 0.004049
2 2 0.001500 0.093160 0.895852 0.002811 0.006678
2 2 0.000022 0.010057 0.986940 0.002583 0.000397
2 2 0.000012 0.007425 0.986865 0.005238 0.000460
2 2 0.000292 0.038708 0.949962 0.008216 0.002822
2 2 0.000085 0.020598 0.972711 0.005329 0.001277
2 2 0.000154 0.027736 0.962585 0.007604 0.001921
2 2 0.000642 0.058636 0.920448 0.013979 0.006295
2 2 0.000393 0.028884 0.925706 0.041316 0.003700
2 2 0.002960 0.047949 0.799249 0.140694 0.009148
2 2 0.002076 0.043140 0.883490 0.065555 0.005738
2 3 0.002660 0.026067 0.812913 0.154863 0.003497
2 2 0.000572 0.033584 0.939492 0.023016 0.003336
2 2 0.000227 0.017861 0.918010 0.061474 0.002428
2 2 0.000634 0.043466 0.928309 0.022685 0.004905
2 2 0.000201 0.014091 0.940425 0.043807 0.001476
2 2 0.000289 0.016710 0.919316 0.061650 0.002035
2 2 0.025774 0.057774 0.470555 0.430216 0.015682
3 2 0.019024 0.094430 0.398877 0.444176 0.043493
2 2 0.084274 0.346593 0.469828 0.033785 0.065520
2 2 0.043108 0.386309 0.469091 0.022355 0.079136
2 2 0.065683 0.408798 0.436886 0.015892 0.072741
1 2 0.203349 0.595561 0.139331 0.000152 0.061607
1 2 0.137011 0.542169 0.203235 0.002260 0.115325
1 0 0.209623 0.597160 0.130784 0.000097 0.062336
1 0 0.219903 0.601063 0.122316 0.000060 0.056659
1 0 0.189932 0.586936 0.148952 0.000260 0.073920
0 0 0.421528 0.371540 0.080914 0.000060 0.125958
0 0 0.804172 0.129564 0.023219 0.000006 0.043039
1 1 0.210074 0.565741 0.091270 0.000012 0.132904
1 1 0.174605 0.550161 0.123173 0.000105 0.151956
1 1 0.126775 0.477523 0.139968 0.000568 0.255166
1 1 0.082127 0.526848 0.261866 0.000118 0.129042
2 2 0.018993 0.336783 0.510214 0.000159 0.133851
2 2 0.017882 0.332727 0.493769 0.000077 0.155545
2 2 0.003352 0.158262 0.744614 0.000424 0.093348
2 2 0.006384 0.246972 0.685028 0.000003 0.061613
2 2 0.011518 0.274583 0.695542 0.000145 0.018212
2 2 0.003653 0.166721 0.810185 0.000110 0.019332
2 2 0.000492 0.060235 0.913648 0.000968 0.024656
2 2 0.007164 0.224266 0.751280 0.000116 0.017174
2 2 0.005825 0.194099 0.782403 0.000540 0.017132
2 2 0.000583 0.060037 0.932721 0.001606 0.005053
2 2 0.001770 0.107723 0.883634 0.000513 0.006360
2 2 0.000953 0.076455 0.914160 0.001926 0.006506
2 2 0.001682 0.101720 0.884982 0.002206 0.009411
2 2 0.004030 0.160630 0.819982 0.001021 0.014337
2 2 0.045653 0.313154 0.554282 0.000126 0.086785
1 2 0.179235 0.379906 0.253995 0.000530 0.186335
1 1 0.336708 0.407877 0.093021 0.000090 0.162304
1 1 0.276397 0.469191 0.103694 0.000083 0.150636
0 0 0.794328 0.133383 0.037231 0.000118 0.034940
1 0 0.222606 0.551292 0.070413 0.000002 0.155687
1 0 0.185356 0.544096 0.100721 0.000029 0.169798
1 0 0.139983 0.474367 0.106672 0.000094 0.278884
1 0 0.134959 0.479606 0.118098 0.000146 0.267191
4 0 0.180791 0.347484 0.091580 0.000194 0.379951
1 0 0.151470 0.411405 0.050109 0.000001 0.387014
4 0 0.128860 0.400685 0.061553 0.000004 0.408898
4 0 0.060612 0.330679 0.122231 0.000167 0.486311
4 1 0.035478 0.277187 0.154060 0.000249 0.533026
4 1 0.094487 0.350371 0.076336 0.000040 0.478765
4 1 0.077608 0.351738 0.105579 0.000142 0.464934
1 1 0.135335 0.464607 0.076909 0.000002 0.323148
1 1 0.130586 0.418222 0.070352 0.000008 0.380832
1 1 0.130273 0.425083 0.080743 0.000027 0.363874
1 1 0.141788 0.428516 0.068408 0.000008 0.361280
4 1 0.117355 0.318193 0.043908 0.000002 0.520541
4 1 0.140520 0.266874 0.041592 0.000004 0.551009
4 1 0.113715 0.344305 0.049217 0.000003 0.492760
4 1 0.094057 0.309926 0.051524 0.000008 0.544484
4 4 0.111295 0.062064 0.023544 0.000200 0.802897
4 4 0.110998 0.276003 0.022944 0.000000 0.590055
4 4 0.098189 0.250301 0.021271 0.000000 0.630239
4 4 0.113134 0.257324 0.017009 0.000000 0.612533
4 4 0.085807 0.151344 0.024510 0.000003 0.738335
4 4 0.261329 0.094166 0.017974 0.000006 0.626524
4 4 0.281459 0.150272 0.028013 0.000009 0.540247
4 4 0.342511 0.179423 0.024892 0.000001 0.453172
4 4 0.329746 0.223861 0.025838 0.000000 0.420554
0 4 0.511198 0.111694 0.013705 0.000000 0.363403
4 4 0.326863 0.203628 0.022076 0.000000 0.447432
4 4 0.144229 0.201634 0.026698 0.000001 0.627437
4 4 0.063970 0.227321 0.040243 0.000009 0.668458
4 4 0.100010 0.267956 0.026149 0.000000 0.605884
4 0 0.282788 0.272781 0.016219 0.000000 0.428213
4 0 0.124811 0.306012 0.025634 0.000000 0.543543
4 1 0.211646 0.275698 0.041687 0.000004 0.470964
4 1 0.192335 0.308529 0.038541 0.000001 0.460594
0 0 0.403285 0.227993 0.016284 0.000000 0.352438
0 0 0.678211 0.077683 0.009323 0.000000 0.234783
0 0 0.398852 0.303175 0.014884 0.000000 0.283089
0 0 0.601289 0.241976 0.016401 0.000000 0.140334
0 0 0.832411 0.066731 0.009531 0.000001 0.091327
0 0 0.858685 0.062798 0.005916 0.000000 0.072601
0 0 0.849177 0.066234 0.006493 0.000000 0.078096
0 0 0.568620 0.334310 0.018569 0.000000 0.078500
0 0 0.461854 0.432177 0.034609 0.000000 0.071360
0 0 0.744248 0.135168 0.026516 0.000011 0.094058
0 0 0.787022 0.139468 0.021141 0.000002 0.052367
0 0 0.712498 0.196042 0.017860 0.000000 0.073600
1 0 0.405540 0.442708 0.048396 0.000001 0.103356
0 0 0.742743 0.041534 0.003375 0.000000 0.212348
4 1 0.442714 0.064849 0.009820 0.000001 0.482615
4 1 0.281762 0.118301 0.016271 0.000001 0.583665
4 1 0.271462 0.261622 0.017875 0.000000 0.449041
4 1 0.284120 0.256462 0.012990 0.000000 0.446428
1 1 0.208032 0.494001 0.050572 0.000000 0.247394
1 1 0.283024 0.424589 0.041981 0.000000 0.250406
1 1 0.346852 0.365405 0.036474 0.000000 0.251268
0 0 0.626832 0.142213 0.030471 0.000021 0.200462
0 0 0.599037 0.231404 0.017671 0.000000 0.151888
0 0 0.922066 0.038701 0.007870 0.000004 0.031358
0 0 0.857826 0.097066 0.005499 0.000000 0.039610
0 0 0.854554 0.084422 0.009527 0.000000 0.051496
0 0 0.810123 0.129292 0.011506 0.000000 0.049079
0 0 0.792375 0.149927 0.007607 0.000000 0.050091
1 0 0.307137 0.517093 0.042926 0.000000 0.132844
1 0 0.279528 0.518405 0.061079 0.000001 0.140987
1 0 0.234891 0.545125 0.059372 0.000001 0.160611
1 0 0.237369 0.533445 0.052595 0.000000 0.176590
1 0 0.279578 0.540917 0.039819 0.000000 0.139687
1 0 0.236838 0.524928 0.049219 0.000000 0.189014
1 0 0.313193 0.448867 0.046756 0.000000 0.191184
1 0 0.251514 0.496403 0.046823 0.000000 0.205260
0 0 0.691360 0.129938 0.025732 0.000011 0.152959
1 0 0.271131 0.547887 0.044978 0.000000 0.136004
0 0 0.421313 0.378626 0.035748 0.000000 0.164313
0 0 0.807052 0.096561 0.020266 0.000013 0.076108
0 0 0.496349 0.353117 0.044277 0.000001 0.106255
0 0 0.734764 0.163684 0.012487 0.000000 0.089066
0 0 0.502779 0.362100 0.024376 0.000000 0.110745
1 0 0.190022 0.553786 0.103582 0.000031 0.152579
1 0 0.192795 0.561735 0.107699 0.000037 0.137734
1 0 0.255883 0.583588 0.070196 0.000002 0.090332
1 0 0.263126 0.578882 0.063310 0.000001 0.094682
1 0 0.231494 0.575737 0.080460 0.000004 0.112305
1 0 0.281148 0.555555 0.044753 0.000000 0.118544
1 0 0.229412 0.549939 0.065128 0.000001 0.155520
1 0 0.202185 0.542224 0.080903 0.000007 0.174681
1 0 0.278857 0.532787 0.043422 0.000000 0.144934
0 0 0.639981 0.196347 0.034666 0.000008 0.128998
1 0 0.139229 0.483421 0.117234 0.000159 0.259957
1 1 0.215701 0.550079 0.074756 0.000004 0.159461
1 1 0.175053 0.538024 0.109441 0.000054 0.177429
1 1 0.212396 0.550982 0.078011 0.000005 0.158607
1 1 0.217409 0.543957 0.069686 0.000002 0.168945
1 1 0.225226 0.562921 0.075982 0.000003 0.135867
0 0 0.437570 0.360972 0.056293 0.000006 0.145159
0 1 0.383921 0.374596 0.074898 0.000034 0.166551
0 0 0.457777 0.339082 0.070499 0.000040 0.132602
1 0 0.214778 0.577709 0.097217 0.000016 0.110281
1 1 0.068846 0.445081 0.198895 0.000081 0.287096
4 1 0.052403 0.349318 0.184043 0.000762 0.413474
1 1 0.054247 0.390556 0.206735 0.000214 0.348249
1 1 0.060416 0.425776 0.203401 0.000065 0.310343
1 2 0.042189 0.383483 0.262677 0.000196 0.311455
1 1 0.104286 0.522392 0.247254 0.001875 0.124194
2 2 0.016465 0.310660 0.622966 0.000671 0.049238
1 2 0.078434 0.528348 0.291844 0.000167 0.101207
1 1 0.138984 0.523569 0.172425 0.001367 0.163655
1 0 0.338503 0.430925 0.124997 0.000482 0.105094
1 1 0.176853 0.528378 0.098063 0.000028 0.196679
1 1 0.127097 0.438764 0.097199 0.000078 0.336862
1 1 0.157174 0.499466 0.100926 0.000048 0.242387
0 0 0.435795 0.239061 0.051204 0.000035 0.273906
1 1 0.208776 0.545894 0.077615 0.000005 0.167710
1 1 0.095338 0.539624 0.264468 0.000399 0.100170
1 1 0.073650 0.516554 0.327566 0.000425 0.081805
1 1 0.060478 0.488752 0.377123 0.000638 0.073009
2 2 0.011750 0.301695 0.639493 0.000018 0.047043
1 2 0.044831 0.464278 0.403563 0.000119 0.087209
1 2 0.064527 0.495167 0.372747 0.000846 0.066713
2 2 0.026636 0.369167 0.540779 0.001138 0.062281
1 2 0.042465 0.446490 0.437896 0.000362 0.072787
2 2 0.009145 0.255923 0.711046 0.000074 0.023812
2 2 0.007807 0.219996 0.748560 0.000888 0.022750
2 2 0.000394 0.047204 0.950382 0.000669 0.001351
2 2 0.000124 0.026569 0.972509 0.000211 0.000587
2 2 0.000200 0.032695 0.964527 0.001432 0.001146
2 2 0.000211 0.033735 0.963804 0.001171 0.001078
2 2 0.000253 0.038796 0.959878 0.000197 0.000877
2 2 0.000231 0.036440 0.961440 0.000535 0.001354
2 2 0.000624 0.059914 0.936695 0.000884 0.001882
2 2 0.002593 0.128440 0.862060 0.000470 0.006437
2 2 0.001527 0.097627 0.896567 0.000444 0.003835
2 2 0.000271 0.039962 0.957839 0.000475 0.001453
2 2 0.000106 0.023462 0.969564 0.005224 0.001644
2 2 0.000349 0.043832 0.952811 0.001431 0.001576
2 2 0.000184 0.031979 0.966108 0.000774 0.000955
2 2 0.001710 0.098697 0.893348 0.001948 0.004298
2 2 0.000323 0.042073 0.953838 0.001968 0.001799
2 2 0.001995 0.104626 0.876953 0.007882 0.008544
2 2 0.000485 0.052352 0.943775 0.001397 0.001991
2 2 0.002853 0.126794 0.860373 0.003049 0.006931
2 2 0.000757 0.066030 0.927041 0.002575 0.003597
2 2 0.000309 0.041575 0.954201 0.001985 0.001930
2 2 0.000267 0.037552 0.950705 0.008326 0.003150
2 2 0.000147 0.027891 0.966219 0.004038 0.001705
2 2 0.002391 0.037293 0.872051 0.083276 0.004990
2 2 0.002544 0.119512 0.858283 0.008330 0.011331
2 2 0.000555 0.052247 0.935214 0.007715 0.004269
2 2 0.000091 0.012357 0.978129 0.008678 0.000744
2 2 0.001893 0.050663 0.893584 0.047160 0.006701
2 2 0.000165 0.020279 0.970322 0.007901 0.001332
2 2 0.001211 0.024583 0.895541 0.075894 0.002771
2 2 0.000570 0.024617 0.920977 0.051033 0.002803
2 2 0.000384 0.016960 0.933507 0.047445 0.001703
2 2 0.001151 0.008820 0.513719 0.474516 0.001794
2 2 0.002785 0.114695 0.764882 0.087339 0.030299
2 2 0.000601 0.023104 0.853763 0.118690 0.003842
2 2 0.000741 0.014877 0.671958 0.309238 0.003187
3 3 0.000929 0.006733 0.278918 0.711214 0.002207
2 3 0.002230 0.013704 0.541191 0.440157 0.002718
2 3 0.001370 0.020689 0.770566 0.204021 0.003354
3 3 0.000228 0.000585 0.095549 0.903480 0.000158
3 3 0.002198 0.025206 0.411288 0.551604 0.009704
3 3 0.000201 0.003436 0.340221 0.655165 0.000977
3 3 0.000565 0.004815 0.288784 0.704402 0.001435
3 3 0.000345 0.005368 0.378982 0.613794 0.001511
3 3 0.000025 0.000595 0.236573 0.762663 0.000145
3 3 0.000069 0.001001 0.128764 0.869740 0.000425
3 3 0.000587 0.004357 0.204531 0.788849 0.001676
3 3 0.000257 0.002502 0.283195 0.713395 0.000650
2 3 0.000821 0.009987 0.495522 0.491183 0.002487
3 3 0.000071 0.000460 0.052642 0.946582 0.000245
3 3 0.000316 0.002755 0.180044 0.815842 0.001044
2 3 0.000719 0.008796 0.609889 0.379060 0.001535
3 3 0.000559 0.003171 0.195160 0.800059 0.001051
3 3 0.000651 0.006340 0.234223 0.756116 0.002670
3 3 0.000386 0.002603 0.225958 0.770308 0.000746
3 3 0.000528 0.003713 0.193195 0.801104 0.001460
3 3 0.000046 0.001217 0.205379 0.792931 0.000427
3 3 0.000285 0.004733 0.193422 0.798991 0.002568
3 3 0.000023 0.000541 0.225493 0.773813 0.000129
3 3 0.000019 0.000298 0.173620 0.825999 0.000065
3 3 0.000058 0.001498 0.238157 0.759789 0.000499
3 3 0.000201 0.001980 0.234394 0.762880 0.000545
3 3 0.000057 0.000534 0.062671 0.936439 0.000299
3 3 0.000046 0.000377 0.061242 0.938160 0.000175
3 3 0.000096 0.000730 0.065467 0.933298 0.000408
3 3 0.000081 0.001473 0.275819 0.722237 0.000390
3 3 0.000108 0.000802 0.110509 0.888291 0.000290
3 3 0.000265 0.002021 0.125385 0.871448 0.000881
3 3 0.000134 0.001090 0.094223 0.904024 0.000530
3 3 0.000136 0.001274 0.182581 0.815624 0.000384
3 3 0.000124 0.000579 0.046658 0.952297 0.000341
3 3 0.000159 0.001621 0.125216 0.872236 0.000768
3 3 0.000329 0.002083 0.149327 0.847474 0.000788
3 3 0.000369 0.004615 0.160984 0.831293 0.002738
3 3 0.000388 0.003176 0.132593 0.862214 0.001629
3 3 0.000295 0.002567 0.165492 0.830599 0.001047
3 3 0.000027 0.000927 0.211979 0.786755 0.000312
3 3 0.000070 0.000583 0.105755 0.893388 0.000205
3 3 0.000248 0.002272 0.104723 0.891362 0.001394
3 3 0.000143 0.001303 0.171365 0.826778 0.000411
3 3 0.000126 0.000914 0.125670 0.872987 0.000303
3 3 0.000060 0.001118 0.157125 0.841259 0.000437
3 3 0.000085 0.001133 0.130509 0.867807 0.000466
3 3 0.000046 0.000322 0.061063 0.938438 0.000132
3 3 0.000124 0.000948 0.077002 0.921427 0.000500
3 3 0.000071 0.000668 0.084281 0.914687 0.000293
3 3 0.000090 0.000867 0.081449 0.917138 0.000455
3 3 0.000230 0.003176 0.168342 0.826686 0.001567
3 3 0.000373 0.004919 0.243275 0.749437 0.001995
3 3 0.000047 0.000976 0.276628 0.722114 0.000234
3 3 0.000085 0.002326 0.268988 0.727776 0.000824
3 3 0.000161 0.002478 0.303483 0.693188 0.000690
3 3 0.000081 0.001227 0.148708 0.849476 0.000508
3 3 0.000224 0.002540 0.252281 0.744179 0.000776
3 3 0.000057 0.000710 0.085261 0.913602 0.000370
3 3 0.000053 0.001043 0.315882 0.682803 0.000218
3 3 0.000596 0.004175 0.129032 0.863840 0.002358
3 3 0.000343 0.002046 0.087750 0.908659 0.001203
3 3 0.000331 0.001674 0.099167 0.898058 0.000770
3 3 0.000284 0.001500 0.189111 0.808722 0.000383
3 3 0.000139 0.001051 0.075571 0.922645 0.000594
3 3 0.000334 0.002566 0.105522 0.890054 0.001524
3 3 0.000665 0.008085 0.351747 0.636758 0.002745
3 3 0.000508 0.007059 0.188000 0.799974 0.004458
3 3 0.000705 0.003938 0.250905 0.743333 0.001119
3 3 0.000401 0.004412 0.171134 0.821815 0.002238
3 3 0.000993 0.004326 0.099911 0.892051 0.002718
3 3 0.002906 0.015816 0.191093 0.780943 0.009242
3 3 0.001934 0.006952 0.148103 0.839700 0.003312
3 3 0.013421 0.053757 0.359071 0.551672 0.022080
2 0 0.109784 0.290716 0.494037 0.054125 0.051339
1 0 0.229234 0.385871 0.154249 0.003816 0.226830
1 0 0.271856 0.386902 0.128698 0.001102 0.211443
1 1 0.132776 0.511904 0.173282 0.001612 0.180426
1 2 0.141841 0.523230 0.162464 0.000917 0.171548
1 1 0.176698 0.572967 0.152125 0.000346 0.097864
1 2 0.080615 0.494497 0.254295 0.000497 0.170096
1 2 0.076638 0.451484 0.222961 0.000877 0.248040
1 2 0.057311 0.474203 0.347042 0.000458 0.120986
2 2 0.011728 0.268750 0.561368 0.000365 0.157789
1 2 0.037185 0.413985 0.390222 0.000279 0.158329
1 2 0.085864 0.446138 0.190023 0.000880 0.277095
4 2 0.079214 0.381869 0.152129 0.001715 0.385073
1 0 0.178052 0.549670 0.116792 0.000074 0.155413
1 0 0.207081 0.569241 0.097519 0.000018 0.126141
1 1 0.134728 0.481212 0.124525 0.000246 0.259290
4 1 0.085031 0.295231 0.054363 0.000015 0.565360
4 4 0.050228 0.185572 0.033742 0.000009 0.730449
4 4 0.069624 0.251904 0.048143 0.000017 0.630313
4 4 0.069538 0.254354 0.050030 0.000020 0.626057
4 4 0.039438 0.088384 0.030235 0.000138 0.841805
4 4 0.061017 0.261921 0.075710 0.000287 0.601066
1 0 0.211075 0.476945 0.042406 0.000000 0.269574
4 4 0.040059 0.189960 0.062233 0.000487 0.707261
4 1 0.091785 0.315950 0.058606 0.000017 0.533642
4 1 0.085141 0.324458 0.077223 0.000095 0.513083
4 4 0.041622 0.158951 0.029829 0.000009 0.769589
4 4 0.042914 0.100214 0.022667 0.000021 0.834184
4 4 0.114204 0.295995 0.027785 0.000000 0.562015
4 4 0.061129 0.231821 0.048045 0.000027 0.658978
4 4 0.083959 0.256361 0.033274 0.000001 0.626404
4 4 0.079376 0.209026 0.018036 0.000000 0.693562
4 4 0.024821 0.085884 0.010911 0.000000 0.878383
4 4 0.023338 0.084883 0.012067 0.000001 0.879711
4 4 0.024995 0.107176 0.023653 0.000019 0.844157
4 4 0.089119 0.199637 0.011715 0.000000 0.699529
4 4 0.176284 0.044940 0.010149 0.000010 0.768617
4 4 0.139833 0.222858 0.012226 0.000000 0.625082
4 4 0.137564 0.046495 0.010758 0.000012 0.805171
4 4 0.332821 0.110277 0.007802 0.000000 0.549100
4 4 0.219308 0.146301 0.013566 0.000000 0.620825
4 4 0.067494 0.165034 0.021201 0.000001 0.746270
4 4 0.093301 0.241277 0.020925 0.000000 0.644498
4 4 0.171603 0.164470 0.009860 0.000000 0.654067
4 4 0.132044 0.046964 0.009302 0.000004 0.811686
4 4 0.076539 0.211685 0.020528 0.000000 0.691248
1 4 0.128860 0.406954 0.069774 0.000013 0.394399
4 4 0.129068 0.386780 0.057109 0.000004 0.427038
1 4 0.162295 0.449654 0.060613 0.000003 0.327435
4 4 0.115997 0.293860 0.043234 0.000003 0.546907
4 4 0.219531 0.144340 0.033180 0.000034 0.602914
4 4 0.076503 0.199656 0.016636 0.000000 0.707205
4 4 0.079871 0.236696 0.027904 0.000001 0.655528
4 4 0.034435 0.108536 0.014403 0.000001 0.842625
4 4 0.049173 0.072375 0.015423 0.000010 0.863018
4 4 0.092751 0.267131 0.030748 0.000001 0.609370
1 4 0.185750 0.456936 0.047528 0.000000 0.309786
1 4 0.138338 0.412302 0.062264 0.000005 0.387091
1 4 0.137233 0.418716 0.067375 0.000009 0.376668
4 4 0.088885 0.338420 0.079836 0.000080 0.492779
4 4 0.072333 0.375308 0.120642 0.000046 0.431670
1 4 0.146800 0.457772 0.082197 0.000020 0.313211
1 4 0.145700 0.404547 0.071242 0.000015 0.378495
1 4 0.179089 0.508983 0.080600 0.000009 0.231319
1 4 0.175436 0.463523 0.057286 0.000002 0.303753
0 0 0.637467 0.125576 0.026793 0.000018 0.210145
4 1 0.160899 0.389827 0.035522 0.000000 0.413752
4 1 0.142064 0.372776 0.039809 0.000000 0.445351
4 1 0.096736 0.315747 0.051744 0.000007 0.535765
4 1 0.108078 0.344621 0.055556 0.000007 0.491739
4 1 0.090651 0.313907 0.058880 0.000018 0.536544
4 1 0.131116 0.377455 0.050169 0.000002 0.441258
4 1 0.097380 0.330030 0.060140 0.000016 0.512434
4 1 0.088910 0.320633 0.066708 0.000038 0.523711
4 1 0.070347 0.249172 0.043958 0.000008 0.636515
4 1 0.115577 0.338118 0.044288 0.000002 0.502016
0 1 0.447124 0.224243 0.014372 0.000000 0.314262
4 1 0.082659 0.273175 0.043556 0.000005 0.600604
4 1 0.116942 0.326182 0.037694 0.000001 0.519181
4 1 0.175343 0.366649 0.023209 0.000000 0.434800
0 0 0.447589 0.150962 0.019952 0.000001 0.381497
4 1 0.130040 0.304402 0.022893 0.000000 0.542665
4 1 0.087902 0.227972 0.019530 0.000000 0.664596
4 4 0.046118 0.157184 0.026939 0.000005 0.769755
4 4 0.058078 0.191934 0.027232 0.000002 0.722754
4 1 0.163012 0.157980 0.019011 0.000000 0.659996
4 1 0.083275 0.235666 0.024947 0.000000 0.656113
4 1 0.071524 0.199525 0.019376 0.000000 0.709575
4 1 0.088757 0.229811 0.019665 0.000000 0.661768
4 1 0.075578 0.206143 0.019201 0.000000 0.699078
4 1 0.043207 0.159128 0.027464 0.000005 0.770196
4 1 0.041178 0.148706 0.024062 0.000003 0.786051
4 1 0.039148 0.166684 0.034191 0.000006 0.759971
4 1 0.055586 0.191418 0.029848 0.000003 0.723145
4 1 0.077646 0.225969 0.025161 0.000000 0.671223
4 4 0.096032 0.267636 0.028581 0.000000 0.607751
1 4 0.129161 0.437474 0.092443 0.000057 0.340866
1 4 0.171125 0.462672 0.060186 0.000002 0.306015
0 0 0.618641 0.156490 0.036086 0.000038 0.188745
1 1 0.146454 0.490152 0.110145 0.000096 0.253153
1 1 0.163193 0.511706 0.102682 0.000047 0.222373
1 4 0.161405 0.536153 0.131493 0.000190 0.170758
1 4 0.184352 0.551094 0.108704 0.000045 0.155806
1 4 0.185617 0.556598 0.112522 0.000053 0.145210
1 4 0.174711 0.546429 0.118741 0.000085 0.160034
1 4 0.145956 0.504498 0.126331 0.000206 0.223008
1 4 0.116194 0.541354 0.195217 0.000195 0.147041
1 4 0.161683 0.578676 0.141754 0.000040 0.117847
1 4 0.128011 0.526882 0.168384 0.000299 0.176424
1 4 0.172939 0.556007 0.118201 0.000041 0.152812
1 4 0.136056 0.498406 0.142412 0.000498 0.222627
1 1 0.092228 0.538479 0.252721 0.000181 0.116391
1 1 0.099065 0.564761 0.231309 0.000038 0.104827
1 1 0.070708 0.498671 0.276340 0.000163 0.154119
2 2 0.024540 0.374396 0.471859 0.000113 0.129092
2 2 0.014084 0.318740 0.562275 0.000028 0.104874
2 2 0.006472 0.235601 0.726598 0.000012 0.031316
2 2 0.003241 0.155768 0.803618 0.000306 0.037067
2 2 0.018382 0.336466 0.608714 0.000179 0.036260
1 2 0.156297 0.587115 0.193748 0.000398 0.062442
1 0 0.289114 0.410629 0.224879 0.002685 0.072694
1 1 0.173648 0.502361 0.081832 0.000011 0.242148
1 1 0.114961 0.429827 0.113661 0.000255 0.341296
2 1 0.024463 0.326571 0.335565 0.000177 0.313225
1 1 0.046191 0.415317 0.256518 0.000052 0.281922
1 1 0.033648 0.362921 0.275329 0.000073 0.328029
2 1 0.001995 0.125559 0.658467 0.000103 0.213877
2 1 0.015007 0.284400 0.411333 0.000101 0.289158
2 1 0.013085 0.299651 0.494153 0.000023 0.193088
2 1 0.016622 0.291692 0.404755 0.000170 0.286761
2 1 0.008157 0.223336 0.489043 0.000140 0.279324
4 1 0.094571 0.302658 0.046580 0.000005 0.556187
4 1 0.087190 0.288532 0.042366 0.000002 0.581910
4 1 0.118210 0.313957 0.031912 0.000000 0.535921
4 0 0.229186 0.168917 0.025929 0.000003 0.575966
4 1 0.049179 0.202765 0.048890 0.000065 0.699101
4 1 0.082862 0.257391 0.034808 0.000002 0.624937
4 1 0.080959 0.251105 0.033551 0.000001 0.634384
4 1 0.065228 0.218884 0.033518 0.000003 0.682367
4 1 0.094065 0.278956 0.034895 0.000001 0.592083
4 1 0.104503 0.211614 0.027321 0.000001 0.656561
4 1 0.150890 0.381421 0.037840 0.000000 0.429848
4 1 0.084837 0.167940 0.043620 0.000090 0.703513
4 1 0.100967 0.103174 0.033612 0.000262 0.761984
4 1 0.136372 0.298791 0.032599 0.000000 0.532237
4 1 0.120712 0.278771 0.039294 0.000002 0.561220
4 1 0.075830 0.233571 0.029969 0.000001 0.660629
4 1 0.092101 0.254222 0.026074 0.000000 0.627602
4 1 0.075204 0.235745 0.031596 0.000001 0.657454
4 1 0.106439 0.155921 0.027441 0.000006 0.710193
4 1 0.138073 0.138816 0.023798 0.000005 0.699308
0 1 0.495565 0.212640 0.042412 0.000019 0.249363
0 1 0.449341 0.249597 0.050099 0.000024 0.250939
0 4 0.448980 0.264248 0.048422 0.000013 0.238336
1 4 0.252378 0.346700 0.078204 0.000071 0.322647
4 4 0.219237 0.281175 0.073833 0.000163 0.425592
4 4 0.043786 0.145750 0.019425 0.000001 0.791038
4 4 0.063383 0.177909 0.016931 0.000000 0.741778
4 4 0.083248 0.190698 0.011614 0.000000 0.714439
4 4 0.105371 0.222305 0.011771 0.000000 0.660553
4 4 0.045862 0.144279 0.016830 0.000000 0.793028
4 1 0.109635 0.363748 0.065958 0.000017 0.460642
