1 0 0.222455 0.266574 0.200818 0.117395 0.192757
0 0 0.794712 0.058209 0.048567 0.000113 0.098399
0 0 0.768425 0.040774 0.006331 0.000019 0.184451
1 0 0.222455 0.266574 0.200818 0.117395 0.192757
0 0 0.877286 0.064752 0.033097 0.019011 0.005854
0 0 0.889705 0.033377 0.005656 0.000031 0.071231
0 0 0.980310 0.009017 0.001143 0.000004 0.009526
0 0 0.962716 0.017807 0.004310 0.000024 0.015143
0 0 0.889572 0.040188 0.007932 0.000078 0.062230
0 0 0.588618 0.268859 0.097108 0.000777 0.044637
0 0 0.928070 0.029222 0.005371 0.000048 0.037288
4 0 0.182855 0.020620 0.002302 0.000001 0.794222
0 0 0.902757 0.026459 0.003931 0.000014 0.066839
0 0 0.911937 0.059675 0.012601 0.000124 0.015663
0 0 0.884573 0.081557 0.023335 0.000132 0.010404
0 0 0.959620 0.026283 0.002842 0.000002 0.011253
0 0 0.976081 0.015199 0.002794 0.000038 0.005887
0 0 0.987864 0.008718 0.001764 0.000055 0.001600
0 0 0.895723 0.079764 0.011440 0.000014 0.013059
0 0 0.989547 0.007564 0.001454 0.000039 0.001395
0 0 0.980676 0.012244 0.002268 0.000038 0.004774
0 0 0.850961 0.099906 0.022881 0.000223 0.026029
0 0 0.930715 0.038161 0.009668 0.000319 0.021138
0 0 0.922147 0.040123 0.009764 0.000257 0.027710
0 0 0.431783 0.159562 0.059189 0.002797 0.346670
1 0 0.259766 0.496617 0.164070 0.001341 0.078206
1 0 0.214360 0.383420 0.197179 0.000133 0.204908
0 0 0.836189 0.062896 0.007676 0.000005 0.093234
0 0 0.900050 0.057705 0.010637 0.000057 0.031550
0 0 0.941651 0.041304 0.010019 0.000246 0.006780
0 0 0.529299 0.340223 0.106236 0.001352 0.022890
1 0 0.309040 0.559025 0.108748 0.000072 0.023114
0 0 0.383676 0.344674 0.210797 0.050069 0.010783
0 0 0.554537 0.173247 0.139972 0.099486 0.032758
1 0 0.257263 0.580886 0.134925 0.000178 0.026748
1 0 0.086752 0.747750 0.152259 0.000042 0.013197
0 0 0.390243 0.271604 0.231421 0.000287 0.106445
4 0 0.286459 0.155563 0.059278 0.002483 0.496217
1 0 0.125108 0.694249 0.159737 0.000083 0.020824
1 0 0.161835 0.659097 0.166861 0.000215 0.011991
0 0 0.474158 0.390890 0.117550 0.001040 0.016362
1 0 0.223458 0.529435 0.223015 0.004728 0.019364
1 0 0.109134 0.677989 0.210045 0.000498 0.002334
0 0 0.701303 0.192579 0.067892 0.002829 0.035397
0 0 0.634128 0.212639 0.073067 0.002412 0.077755
0 0 0.652029 0.196764 0.100845 0.022921 0.027441
1 1 0.100134 0.640344 0.247459 0.001729 0.010334
1 1 0.087606 0.663650 0.237738 0.001032 0.009973
1 1 0.075329 0.710339 0.205276 0.000276 0.008779
1 2 0.206017 0.595130 0.130383 0.000114 0.068357
1 2 0.028854 0.662925 0.279981 0.001292 0.026949
1 2 0.117435 0.658009 0.175645 0.000246 0.048665
1 2 0.049056 0.640150 0.193553 0.000284 0.116957
1 2 0.012808 0.648931 0.329502 0.000200 0.008560
2 2 0.000107 0.075133 0.917073 0.000261 0.007427
2 2 0.000037 0.026068 0.964582 0.000493 0.008819
2 2 0.000354 0.066486 0.916227 0.000044 0.016890
2 2 0.002269 0.224146 0.730584 0.001424 0.041577
2 2 0.000087 0.041446 0.953206 0.000261 0.005000
2 2 0.000364 0.151048 0.812158 0.001827 0.034604
2 2 0.000156 0.021763 0.961825 0.000416 0.015840
4 2 0.108304 0.166609 0.315084 0.004084 0.405920
2 2 0.000557 0.060492 0.906909 0.000236 0.031806
2 2 0.000060 0.019997 0.973721 0.000055 0.006167
2 2 0.000028 0.011409 0.984167 0.000240 0.004157
2 2 0.000022 0.005083 0.993916 0.000509 0.000468
2 2 0.000009 0.003866 0.993323 0.002333 0.000469
2 2 0.000002 0.002169 0.995630 0.001169 0.001030
2 2 0.000198 0.007939 0.979244 0.003810 0.008808
2 2 0.000131 0.007054 0.957719 0.025876 0.009220
2 2 0.000004 0.002477 0.973647 0.022437 0.001436
2 2 0.000000 0.000080 0.956178 0.043717 0.000025
2 2 0.000000 0.000199 0.983334 0.016452 0.000016
2 2 0.000029 0.013637 0.937785 0.039669 0.008881
2 2 0.000001 0.000450 0.956408 0.042983 0.000158
3 2 0.000059 0.002651 0.488426 0.508376 0.000487
2 3 0.000000 0.000213 0.990639 0.009140 0.000008
2 3 0.000001 0.000888 0.888265 0.110688 0.000157
2 3 0.000001 0.000785 0.861657 0.136989 0.000569
2 3 0.000002 0.000638 0.927260 0.072045 0.000055
2 3 0.000089 0.010009 0.779197 0.201509 0.009197
2 3 0.000107 0.008357 0.780975 0.204954 0.005608
2 3 0.000001 0.000785 0.508474 0.489061 0.001679
3 3 0.000001 0.001125 0.288670 0.707112 0.003091
2 3 0.000001 0.000371 0.562753 0.436700 0.000175
2 3 0.000008 0.001032 0.626809 0.371715 0.000437
3 3 0.000003 0.001436 0.116675 0.876785 0.005101
3 3 0.000010 0.003564 0.442956 0.548735 0.004735
3 3 0.000008 0.001555 0.409411 0.588144 0.000883
3 3 0.000008 0.003225 0.475494 0.515216 0.006057
3 3 0.000070 0.001757 0.044858 0.950842 0.002472
3 3 0.000009 0.000741 0.027315 0.969965 0.001970
3 3 0.000014 0.000491 0.083153 0.915895 0.000447
3 3 0.000001 0.000148 0.074455 0.925287 0.000109
3 3 0.000007 0.000550 0.019420 0.978153 0.001870
3 3 0.000002 0.000086 0.017951 0.981899 0.000062
3 3 0.000047 0.002535 0.094508 0.895332 0.007578
3 3 0.000041 0.007303 0.298319 0.686448 0.007889
3 3 0.000037 0.000935 0.068352 0.930272 0.000404
3 3 0.000039 0.003451 0.492773 0.502082 0.001654
3 3 0.000004 0.000770 0.100983 0.897279 0.000965
3 3 0.000004 0.000342 0.060330 0.938832 0.000491
3 3 0.000001 0.000056 0.031568 0.968339 0.000036
3 3 0.000001 0.000132 0.009072 0.990210 0.000585
3 3 0.000011 0.000758 0.023380 0.973244 0.002607
3 3 0.000000 0.000027 0.030342 0.969601 0.000029
3 3 0.000017 0.002204 0.340897 0.655869 0.001013
3 3 0.000006 0.000312 0.022014 0.977373 0.000294
3 3 0.000030 0.000870 0.020811 0.977062 0.001227
3 3 0.000036 0.001263 0.027705 0.968504 0.002491
3 3 0.000000 0.000025 0.029105 0.970715 0.000155
3 3 0.000023 0.001545 0.036610 0.955331 0.006490
3 3 0.000002 0.000104 0.013068 0.986724 0.000102
3 3 0.000005 0.000282 0.041223 0.958106 0.000383
3 3 0.000025 0.000574 0.016070 0.982790 0.000541
3 3 0.000000 0.000069 0.009457 0.990145 0.000328
3 3 0.000006 0.000311 0.012015 0.987140 0.000528
3 3 0.000003 0.000481 0.046110 0.951297 0.002109
3 3 0.000010 0.000885 0.027489 0.967350 0.004267
3 3 0.000003 0.000321 0.014584 0.983886 0.001206
3 3 0.000003 0.000618 0.036894 0.959531 0.002953
3 3 0.000001 0.000135 0.010298 0.988567 0.000999
3 3 0.000016 0.001208 0.032272 0.961109 0.005395
3 3 0.000001 0.000171 0.011017 0.987919 0.000892
3 3 0.000003 0.000080 0.004225 0.995651 0.000041
3 3 0.000003 0.000527 0.201121 0.798207 0.000142
3 3 0.000003 0.000231 0.020370 0.979024 0.000372
3 3 0.000002 0.000170 0.009832 0.989434 0.000562
3 3 0.000019 0.000703 0.019054 0.979065 0.001159
3 3 0.000001 0.000085 0.041876 0.958000 0.000038
3 3 0.000004 0.000394 0.034450 0.963797 0.001355
3 3 0.000004 0.000292 0.022832 0.976280 0.000592
3 3 0.000002 0.000273 0.017216 0.980825 0.001684
3 3 0.000000 0.000035 0.003484 0.996415 0.000066
3 3 0.000001 0.000154 0.056680 0.942740 0.000426
3 3 0.000026 0.000547 0.022207 0.976804 0.000417
3 3 0.000002 0.000089 0.005161 0.994662 0.000085
3 3 0.000078 0.002043 0.035262 0.959139 0.003477
3 3 0.000002 0.000131 0.007566 0.992040 0.000260
3 3 0.000005 0.000397 0.016165 0.982063 0.001371
3 3 0.000007 0.000716 0.024659 0.970977 0.003641
3 3 0.000000 0.000117 0.009617 0.989340 0.000926
3 3 0.000033 0.001038 0.023723 0.973526 0.001680
3 3 0.000113 0.007033 0.107034 0.877036 0.008783
3 3 0.000013 0.000444 0.013849 0.985126 0.000568
3 3 0.000130 0.001032 0.017130 0.981322 0.000386
3 3 0.000006 0.000367 0.014278 0.984464 0.000885
3 3 0.000035 0.001709 0.036207 0.956809 0.005240
3 3 0.000004 0.000202 0.009281 0.990186 0.000328
3 3 0.000002 0.000251 0.012761 0.986007 0.000979
3 3 0.000008 0.000814 0.026331 0.968840 0.004007
3 3 0.000003 0.000148 0.007430 0.992221 0.000198
3 3 0.000003 0.000056 0.003235 0.996684 0.000022
3 3 0.000007 0.000751 0.025265 0.970205 0.003772
3 3 0.000024 0.000692 0.035419 0.963136 0.000729
3 3 0.000030 0.000946 0.022370 0.975162 0.001492
3 3 0.000024 0.000700 0.018783 0.979917 0.000576
3 3 0.000018 0.000628 0.017588 0.980803 0.000964
3 3 0.000013 0.000416 0.013123 0.985954 0.000493
3 3 0.000020 0.001404 0.034859 0.957676 0.006040
3 3 0.000220 0.000867 0.012975 0.985793 0.000145
3 3 0.000001 0.000080 0.006076 0.993631 0.000211
3 3 0.000000 0.000048 0.005271 0.994526 0.000155
3 3 0.000031 0.001397 0.032070 0.963653 0.002850
3 3 0.000022 0.000995 0.031617 0.967185 0.000180
3 3 0.000248 0.006706 0.082253 0.904571 0.006222
3 3 0.000050 0.001077 0.022273 0.975412 0.001188
3 3 0.000055 0.001170 0.023469 0.973986 0.001321
3 3 0.000010 0.000848 0.034420 0.962250 0.002471
3 3 0.000113 0.002527 0.038970 0.954474 0.003915
3 3 0.000031 0.003802 0.088702 0.902906 0.004560
3 3 0.000103 0.004004 0.059330 0.923326 0.013236
3 3 0.000023 0.001530 0.036418 0.955589 0.006441
3 3 0.000002 0.000123 0.007117 0.992539 0.000219
3 3 0.000006 0.000189 0.007771 0.991870 0.000163
3 3 0.000069 0.002269 0.039732 0.952834 0.005096
3 3 0.000009 0.000595 0.019797 0.977801 0.001798
3 3 0.001072 0.017159 0.120113 0.823426 0.038231
3 3 0.000004 0.000404 0.016694 0.981357 0.001541
3 3 0.000013 0.000814 0.024158 0.972969 0.002045
3 3 0.000012 0.001045 0.054052 0.941287 0.003603
3 3 0.001405 0.020301 0.140405 0.795307 0.042582
4 2 0.040435 0.347028 0.134316 0.000043 0.478178
2 2 0.116091 0.336312 0.360347 0.006609 0.180641
0 1 0.883837 0.057455 0.015767 0.000560 0.042381
2 2 0.002669 0.454239 0.483334 0.000224 0.059534
1 2 0.003106 0.681244 0.237547 0.000099 0.078004
1 2 0.005233 0.655934 0.245990 0.000214 0.092630
2 2 0.017755 0.200161 0.523388 0.000747 0.257948
1 2 0.016699 0.501167 0.130660 0.000028 0.351445
2 2 0.015370 0.355903 0.495984 0.000854 0.131888
2 2 0.008202 0.426451 0.500452 0.000584 0.064311
1 2 0.010693 0.394828 0.327648 0.000005 0.266827
1 2 0.026857 0.515392 0.425634 0.001615 0.030502
1 2 0.003832 0.628182 0.251736 0.000028 0.116223
1 2 0.037424 0.407046 0.154888 0.000097 0.400545
2 2 0.014559 0.292622 0.431380 0.001951 0.259489
2 2 0.001713 0.049801 0.868926 0.019213 0.060347
2 2 0.001770 0.050698 0.859279 0.046494 0.041758
2 2 0.000124 0.029982 0.939173 0.001599 0.029121
1 2 0.023555 0.516979 0.202017 0.000219 0.257230
2 2 0.005918 0.095952 0.788174 0.002936 0.107020
2 2 0.006280 0.209792 0.525873 0.102704 0.155351
2 2 0.012420 0.302439 0.448626 0.054122 0.182394
2 2 0.001886 0.248361 0.543336 0.020350 0.186066
4 2 0.010067 0.182185 0.339771 0.031459 0.436517
2 2 0.030245 0.272637 0.452693 0.015966 0.228458
2 2 0.000741 0.052776 0.791236 0.017181 0.138065
2 2 0.002565 0.145681 0.663424 0.045705 0.142627
2 2 0.002895 0.152884 0.772678 0.006473 0.065070
2 2 0.008054 0.056264 0.541536 0.220125 0.174020
2 2 0.010354 0.152245 0.652641 0.001087 0.183673
0 0 0.637553 0.162995 0.072147 0.009714 0.117591
1 1 0.222455 0.266574 0.200818 0.117395 0.192757
1 1 0.009949 0.637274 0.262002 0.000555 0.090221
2 2 0.000943 0.146048 0.828517 0.000992 0.023500
1 1 0.081382 0.515732 0.368390 0.007234 0.027262
1 2 0.015846 0.660504 0.257936 0.000566 0.065148
2 2 0.002090 0.176185 0.750993 0.020521 0.050210
2 2 0.011300 0.139219 0.492164 0.042656 0.314660
1 1 0.152676 0.361321 0.143803 0.002172 0.340028
1 1 0.042586 0.683951 0.225307 0.000417 0.047739
2 2 0.008448 0.223398 0.656371 0.018699 0.093084
2 2 0.005867 0.210239 0.610434 0.048222 0.125237
2 2 0.002113 0.076129 0.775960 0.036973 0.108826
2 2 0.000086 0.011737 0.972764 0.008315 0.007098
2 2 0.003865 0.065236 0.471135 0.174492 0.285271
2 2 0.002847 0.114572 0.780766 0.035986 0.065830
2 2 0.015290 0.289621 0.385770 0.002917 0.306402
2 2 0.000592 0.162742 0.694161 0.040085 0.102420
2 2 0.000749 0.088571 0.640542 0.182826 0.087311
2 2 0.000139 0.046545 0.911101 0.007692 0.034523
2 2 0.001325 0.095702 0.812126 0.058311 0.032536
2 2 0.000239 0.014409 0.945005 0.037275 0.003072
2 2 0.000037 0.019014 0.968676 0.005176 0.007097
4 2 0.157664 0.258057 0.095547 0.001623 0.487108
2 2 0.000851 0.103573 0.872687 0.001916 0.020973
2 2 0.000098 0.031558 0.960586 0.000796 0.006962
2 2 0.000230 0.038143 0.935966 0.000057 0.025604
2 2 0.001501 0.102850 0.878722 0.001356 0.015571
2 2 0.000082 0.018799 0.959501 0.003724 0.017894
2 2 0.000045 0.012648 0.979261 0.004311 0.003735
2 2 0.000646 0.064461 0.901787 0.001211 0.031896
2 2 0.000070 0.015444 0.980151 0.001862 0.002474
2 2 0.000461 0.019298 0.754477 0.215594 0.010170
2 2 0.000002 0.001430 0.923373 0.073927 0.001268
2 2 0.000004 0.005376 0.991959 0.001140 0.001521
2 2 0.000049 0.024415 0.959680 0.007281 0.008576
2 2 0.000045 0.019055 0.972161 0.003701 0.005038
2 2 0.000936 0.059342 0.888318 0.009689 0.041714
2 2 0.000231 0.036655 0.936020 0.012785 0.014309
2 2 0.000002 0.002173 0.969599 0.027381 0.000846
2 2 0.000002 0.001259 0.986034 0.012090 0.000616
2 2 0.000090 0.012808 0.889739 0.089552 0.007811
2 2 0.004808 0.080678 0.845857 0.059273 0.009385
1 1 0.063512 0.458415 0.411266 0.034143 0.032663
1 2 0.031909 0.649786 0.283429 0.001667 0.033208
2 2 0.000109 0.049170 0.924814 0.010975 0.014931
2 2 0.000565 0.085709 0.893058 0.002178 0.018490
2 2 0.000051 0.013937 0.967204 0.014049 0.004758
2 2 0.001385 0.152676 0.798846 0.005100 0.041993
1 2 0.135750 0.451145 0.342964 0.013900 0.056241
1 1 0.019204 0.652027 0.268305 0.000864 0.059600
1 2 0.003930 0.548832 0.435085 0.000084 0.012070
2 2 0.000435 0.127766 0.835734 0.003000 0.033065
2 2 0.000066 0.024860 0.972922 0.000311 0.001841
2 2 0.000472 0.076426 0.910071 0.006339 0.006691
2 2 0.000168 0.031258 0.952379 0.012542 0.003654
2 2 0.000839 0.060275 0.921212 0.003554 0.014120
2 2 0.004047 0.126836 0.657123 0.056597 0.155396
2 2 0.003635 0.158323 0.739088 0.035828 0.063127
2 2 0.000554 0.014497 0.820222 0.163462 0.001265
2 2 0.017916 0.239757 0.478787 0.175521 0.088019
1 2 0.144248 0.391580 0.152341 0.002251 0.309579
1 2 0.017633 0.537083 0.303236 0.003046 0.139002
1 2 0.057467 0.416611 0.333216 0.032088 0.160618
2 2 0.010695 0.168674 0.638921 0.147689 0.034021
2 2 0.000152 0.008210 0.879026 0.111390 0.001223
2 2 0.000390 0.021386 0.799538 0.169297 0.009389
2 2 0.001209 0.154752 0.792483 0.005726 0.045830
2 2 0.002390 0.065684 0.822981 0.035260 0.073685
3 2 0.000087 0.003696 0.430480 0.565250 0.000486
2 2 0.000034 0.005136 0.730657 0.263012 0.001160
2 2 0.001494 0.162030 0.709522 0.041774 0.085179
2 2 0.003358 0.296788 0.534202 0.000811 0.164842
2 2 0.000022 0.024745 0.946264 0.016096 0.012872
2 2 0.000496 0.030624 0.928467 0.030229 0.010184
3 2 0.005553 0.028148 0.131720 0.821675 0.012904
3 2 0.000018 0.002247 0.133561 0.863413 0.000761
2 2 0.000056 0.015753 0.950026 0.028893 0.005272
2 2 0.094358 0.115572 0.683854 0.055958 0.050259
2 2 0.001160 0.040232 0.891163 0.046183 0.021262
2 2 0.000007 0.004398 0.994169 0.000648 0.000777
2 2 0.003079 0.094474 0.896337 0.002569 0.003542
2 2 0.000005 0.002583 0.986783 0.010075 0.000554
2 2 0.000785 0.051187 0.937525 0.001518 0.008985
2 2 0.000180 0.057725 0.931657 0.000789 0.009650
2 2 0.000287 0.062464 0.922506 0.000545 0.014197
2 2 0.000009 0.010018 0.987055 0.000873 0.002046
2 2 0.000000 0.000347 0.982117 0.017350 0.000186
2 2 0.000029 0.012259 0.963525 0.018105 0.006083
2 2 0.000008 0.005525 0.984129 0.008824 0.001513
2 2 0.000000 0.000330 0.974263 0.025163 0.000245
2 2 0.000009 0.007286 0.988124 0.002538 0.002043
2 2 0.000003 0.003418 0.991492 0.003930 0.001156
2 2 0.000052 0.012084 0.961857 0.017207 0.008800
2 2 0.000457 0.039925 0.930005 0.000439 0.029174
2 2 0.000094 0.008388 0.951656 0.037324 0.002538
2 2 0.000003 0.005416 0.957734 0.032982 0.003866
2 2 0.000311 0.026615 0.936277 0.021695 0.015102
2 2 0.000051 0.007499 0.947282 0.040747 0.004420
2 2 0.000006 0.002024 0.995991 0.001266 0.000713
2 2 0.000082 0.009560 0.983526 0.000054 0.006780
2 2 0.000022 0.012485 0.980038 0.001412 0.006043
2 2 0.000087 0.013039 0.932024 0.046875 0.007976
2 2 0.000010 0.004984 0.967588 0.024585 0.002832
2 2 0.000001 0.001295 0.958884 0.039062 0.000758
2 2 0.000014 0.007000 0.957862 0.030858 0.004266
2 2 0.000002 0.002175 0.948462 0.047646 0.001714
2 2 0.000000 0.000088 0.804469 0.195410 0.000033
2 2 0.000086 0.010393 0.971704 0.015730 0.002087
2 2 0.000017 0.004042 0.972223 0.021664 0.002054
2 2 0.000001 0.001077 0.995884 0.002713 0.000325
2 2 0.000001 0.000817 0.992908 0.005963 0.000312
2 2 0.000000 0.000078 0.995851 0.004045 0.000027
2 2 0.000061 0.012056 0.843420 0.133436 0.011027
2 2 0.000113 0.032038 0.948656 0.007859 0.011335
2 2 0.000080 0.009926 0.977634 0.010682 0.001677
2 2 0.000029 0.002318 0.823267 0.173258 0.001128
2 2 0.000039 0.009159 0.897052 0.086428 0.007322
3 2 0.000017 0.001924 0.310405 0.684825 0.002829
2 2 0.000011 0.011231 0.913387 0.069881 0.005490
2 3 0.000002 0.005303 0.926285 0.063439 0.004971
2 3 0.000104 0.014320 0.911741 0.064179 0.009656
2 3 0.000001 0.000638 0.922150 0.076666 0.000546
2 3 0.000037 0.006403 0.847660 0.143098 0.002801
2 3 0.000003 0.004168 0.983714 0.010115 0.002000
2 3 0.000034 0.007196 0.971605 0.019334 0.001830
2 3 0.000054 0.009605 0.978694 0.008271 0.003376
2 3 0.000181 0.045983 0.893376 0.040021 0.020439
2 3 0.000011 0.003051 0.993934 0.002694 0.000309
2 3 0.000004 0.001777 0.994173 0.003499 0.000547
2 3 0.000236 0.031388 0.951373 0.005111 0.011893
2 2 0.000005 0.001327 0.997050 0.001383 0.000234
2 2 0.000000 0.000377 0.997905 0.001606 0.000111
2 2 0.000002 0.001647 0.892992 0.103659 0.001699
2 2 0.000064 0.004650 0.698164 0.292923 0.004200
2 2 0.000168 0.042577 0.922786 0.015778 0.018691
2 3 0.000007 0.004862 0.956936 0.034947 0.003249
2 3 0.000001 0.001205 0.962826 0.035058 0.000911
2 3 0.000399 0.056729 0.929622 0.001811 0.011440
3 3 0.000087 0.006120 0.458977 0.533640 0.001176
2 3 0.000007 0.002995 0.913455 0.081525 0.002017
2 3 0.000032 0.001416 0.913574 0.084749 0.000229
2 3 0.000036 0.003990 0.965585 0.029687 0.000702
2 3 0.000018 0.009474 0.963268 0.022420 0.004819
2 3 0.000123 0.009751 0.961727 0.027156 0.001241
2 3 0.000001 0.000456 0.665586 0.333536 0.000421
2 3 0.000002 0.000843 0.811700 0.186412 0.001043
2 3 0.000002 0.000968 0.941879 0.056926 0.000225
2 3 0.000041 0.013108 0.978685 0.000642 0.007524
2 3 0.000242 0.012467 0.968024 0.014348 0.004920
2 3 0.081351 0.102172 0.720380 0.055339 0.040758
1 1 0.049099 0.499171 0.274114 0.008203 0.169412
1 2 0.005886 0.635758 0.253647 0.000025 0.104683
2 2 0.000279 0.040430 0.939403 0.007063 0.012826
2 2 0.000028 0.009876 0.987650 0.000750 0.001696
2 2 0.000007 0.004209 0.991633 0.002926 0.001226
2 2 0.000007 0.005420 0.989602 0.003310 0.001661
2 2 0.000139 0.014224 0.973750 0.007388 0.004499
2 2 0.001208 0.173550 0.802618 0.000431 0.022193
2 2 0.000001 0.000422 0.853179 0.145904 0.000495
2 2 0.000004 0.000380 0.803915 0.195297 0.000404
2 2 0.000002 0.002901 0.990961 0.005037 0.001099
2 4 0.000782 0.021676 0.924097 0.021328 0.032117
4 4 0.249003 0.132714 0.103048 0.000729 0.514506
4 4 0.116610 0.209520 0.088940 0.000174 0.584757
4 4 0.182874 0.148099 0.218853 0.000328 0.449845
4 4 0.053583 0.296232 0.210931 0.000061 0.439193
4 4 0.130178 0.133817 0.138015 0.000040 0.597950
4 4 0.118798 0.106144 0.023693 0.000045 0.751319
4 4 0.058599 0.230963 0.085175 0.000021 0.625242
4 4 0.069203 0.314431 0.103954 0.000165 0.512247
4 4 0.040208 0.165670 0.309568 0.000130 0.484423
4 4 0.045936 0.147184 0.093191 0.001401 0.712288
4 4 0.023987 0.135467 0.059093 0.000005 0.781448
4 4 0.003725 0.014388 0.045973 0.000638 0.935276
4 4 0.184227 0.051110 0.010132 0.000032 0.754498
4 4 0.039112 0.373477 0.089790 0.000059 0.497561
4 4 0.177034 0.046544 0.008785 0.000023 0.767613
4 4 0.117665 0.232691 0.067496 0.000321 0.581826
4 4 0.038759 0.027021 0.026663 0.000046 0.907511
4 4 0.118900 0.019316 0.002350 0.000001 0.859433
4 4 0.108271 0.015849 0.001753 0.000001 0.874126
4 4 0.273895 0.080298 0.019341 0.000145 0.626321
4 4 0.168903 0.274822 0.236065 0.006306 0.313903
4 0 0.273496 0.164488 0.066060 0.003304 0.492652
4 0 0.241331 0.103140 0.030329 0.000448 0.624751
1 0 0.148590 0.480324 0.194085 0.002966 0.174035
1 0 0.158606 0.576941 0.249114 0.004339 0.011000
1 0 0.182044 0.386652 0.255201 0.052611 0.123492
1 0 0.111775 0.634088 0.246372 0.001879 0.005885
1 1 0.074797 0.620616 0.138748 0.000067 0.165771
1 1 0.034718 0.667938 0.109522 0.000007 0.187815
0 1 0.508140 0.306750 0.100835 0.001792 0.082483
1 1 0.155008 0.583139 0.163720 0.000392 0.097741
1 1 0.146235 0.433065 0.085195 0.000047 0.335457
0 1 0.570908 0.220565 0.038025 0.000045 0.170457
0 1 0.547825 0.275904 0.132502 0.015477 0.028292
4 1 0.039408 0.312120 0.064606 0.000024 0.583842
1 0 0.026808 0.643071 0.191058 0.000172 0.138890
1 0 0.370929 0.457399 0.123636 0.000519 0.047517
0 0 0.604072 0.292269 0.053539 0.000068 0.050051
1 1 0.183172 0.683063 0.074349 0.000002 0.059413
1 1 0.032196 0.590498 0.128289 0.000032 0.248986
1 1 0.040449 0.484101 0.094502 0.000020 0.380929
1 2 0.024174 0.549813 0.245343 0.000260 0.180410
1 2 0.008850 0.497046 0.313458 0.000026 0.180620
1 2 0.007152 0.572006 0.207860 0.000015 0.212967
1 2 0.013709 0.505905 0.106743 0.000015 0.373628
1 2 0.020783 0.460493 0.160003 0.000034 0.358687
2 2 0.004717 0.375969 0.544053 0.000035 0.075227
2 2 0.011869 0.388020 0.479431 0.000165 0.120515
2 2 0.000696 0.084796 0.883586 0.001421 0.029500
2 2 0.007876 0.404118 0.430327 0.000209 0.157470
2 2 0.001013 0.122745 0.843234 0.000193 0.032815
2 2 0.000613 0.064404 0.903231 0.001595 0.030157
2 2 0.000051 0.011910 0.972045 0.009234 0.006760
2 2 0.000438 0.027290 0.911079 0.000298 0.060895
2 2 0.004383 0.113823 0.682749 0.000228 0.198817
2 2 0.000190 0.018229 0.956688 0.000471 0.024422
2 2 0.000432 0.043224 0.915241 0.000169 0.040934
2 2 0.002366 0.127117 0.777027 0.000980 0.092509
2 2 0.000195 0.024780 0.957970 0.000113 0.016942
2 2 0.000005 0.002069 0.996587 0.000100 0.001240
2 2 0.000018 0.008270 0.987026 0.000135 0.004552
2 2 0.000069 0.011806 0.964401 0.000023 0.023701
2 2 0.000323 0.030192 0.922023 0.000050 0.047412
2 2 0.000004 0.002984 0.995779 0.000073 0.001161
2 2 0.000217 0.016450 0.971837 0.000835 0.010661
2 2 0.000018 0.003822 0.993108 0.001149 0.001903
2 2 0.000022 0.003369 0.990974 0.003275 0.002361
2 2 0.000072 0.007070 0.986357 0.000630 0.005871
2 2 0.002486 0.053298 0.897147 0.004351 0.042718
2 2 0.000033 0.006779 0.983719 0.000268 0.009201
2 2 0.000006 0.002435 0.995525 0.000679 0.001356
2 2 0.000159 0.007490 0.977282 0.001272 0.013798
2 2 0.000054 0.009393 0.984866 0.000559 0.005127
2 2 0.000125 0.010370 0.964776 0.018950 0.005779
2 2 0.000002 0.001420 0.994540 0.003585 0.000453
2 2 0.000018 0.010036 0.982916 0.001486 0.005545
2 2 0.000003 0.003719 0.991519 0.003533 0.001226
2 2 0.000000 0.000124 0.994336 0.005476 0.000063
2 2 0.000002 0.001697 0.997559 0.000326 0.000417
2 2 0.000003 0.003295 0.983364 0.011737 0.001600
2 2 0.000002 0.001614 0.984798 0.012743 0.000842
2 2 0.000001 0.000591 0.995215 0.003989 0.000205
2 2 0.000001 0.000722 0.960177 0.038555 0.000545
2 2 0.000162 0.010265 0.964414 0.006194 0.018964
2 2 0.000198 0.005108 0.919476 0.066514 0.008704
2 2 0.000001 0.000495 0.984978 0.014263 0.000264
2 2 0.000000 0.000044 0.658649 0.341247 0.000060
2 2 0.000001 0.000452 0.719192 0.279649 0.000707
2 3 0.000018 0.003522 0.942465 0.051635 0.002359
2 3 0.000000 0.000397 0.975509 0.023815 0.000280
2 3 0.000002 0.000766 0.802538 0.195756 0.000939
2 3 0.000069 0.006608 0.845266 0.142242 0.005815
2 3 0.000000 0.000383 0.947619 0.051675 0.000323
3 3 0.000010 0.002176 0.367744 0.625603 0.004466
3 3 0.000001 0.000265 0.208921 0.790024 0.000790
3 3 0.000001 0.000334 0.085239 0.913117 0.001309
2 3 0.000018 0.002236 0.552369 0.441953 0.003425
2 3 0.000001 0.001461 0.825222 0.171380 0.001935
2 3 0.000114 0.008450 0.867936 0.116809 0.006692
3 3 0.001049 0.021564 0.404865 0.542381 0.030141
3 3 0.000002 0.000265 0.271834 0.727265 0.000634
3 3 0.000027 0.002847 0.149668 0.839709 0.007748
3 3 0.000007 0.000595 0.261850 0.736194 0.001354
3 3 0.000189 0.004626 0.143388 0.843827 0.007970
3 3 0.000069 0.002812 0.210841 0.780155 0.006122
3 3 0.000041 0.002138 0.108771 0.882949 0.006101
3 3 0.000008 0.000739 0.150043 0.847150 0.002060
3 3 0.000011 0.000823 0.315721 0.681772 0.001671
3 3 0.000043 0.001890 0.231737 0.762792 0.003538
3 3 0.000002 0.000275 0.102713 0.896053 0.000956
2 3 0.000008 0.002533 0.842982 0.151835 0.002641
2 3 0.000225 0.010147 0.792021 0.188493 0.009114
2 3 0.000038 0.003895 0.964563 0.029739 0.001766
3 3 0.000056 0.002431 0.055914 0.934487 0.007112
3 3 0.000009 0.000731 0.061721 0.935310 0.002229
3 3 0.000067 0.002184 0.144467 0.849815 0.003466
3 3 0.000010 0.001570 0.379685 0.615631 0.003105
2 3 0.000002 0.000649 0.973236 0.025721 0.000392
2 3 0.000034 0.012319 0.979144 0.003143 0.005359
2 3 0.000012 0.001493 0.934847 0.062600 0.001049
2 3 0.000180 0.009903 0.894704 0.088368 0.006845
2 2 0.000024 0.003178 0.904628 0.088491 0.003678
2 2 0.000484 0.037372 0.937116 0.000857 0.024170
2 2 0.000068 0.027271 0.964540 0.000439 0.007683
2 2 0.000331 0.042189 0.930995 0.002097 0.024388
2 2 0.002619 0.068330 0.859512 0.002066 0.067472
2 2 0.000038 0.005789 0.990923 0.000328 0.002922
2 2 0.000008 0.004120 0.992046 0.000611 0.003214
2 2 0.000015 0.003657 0.992699 0.001372 0.002257
2 2 0.000066 0.005899 0.984634 0.006927 0.002475
2 2 0.000011 0.005470 0.990934 0.000186 0.003399
2 2 0.000003 0.001055 0.994639 0.003744 0.000559
2 2 0.000037 0.004013 0.991187 0.002023 0.002740
2 2 0.000043 0.007203 0.988059 0.001318 0.003377
2 2 0.000011 0.005088 0.983309 0.009483 0.002109
2 2 0.000402 0.025353 0.873367 0.079303 0.021576
2 2 0.000936 0.021218 0.935951 0.007025 0.034870
2 2 0.004046 0.037560 0.884901 0.001501 0.071991
4 2 0.253870 0.113445 0.047107 0.000602 0.584976
1 1 0.093037 0.459629 0.170409 0.001323 0.275602
1 1 0.007812 0.496896 0.375219 0.000079 0.119994
1 2 0.008431 0.499505 0.386802 0.000171 0.105091
4 2 0.055519 0.089133 0.027723 0.000059 0.827567
4 4 0.155251 0.034503 0.005587 0.000008 0.804651
4 4 0.158466 0.137375 0.035693 0.000181 0.668285
4 4 0.020074 0.023525 0.015901 0.000134 0.940367
4 4 0.020084 0.019970 0.011661 0.000065 0.948219
4 4 0.203806 0.065330 0.014776 0.000078 0.716009
4 4 0.021569 0.011074 0.003598 0.000004 0.963755
4 4 0.081087 0.032983 0.008991 0.000026 0.876913
4 4 0.058348 0.151637 0.268463 0.004453 0.517099
4 4 0.087440 0.010167 0.000911 0.000000 0.901482
4 4 0.080521 0.008585 0.000711 0.000000 0.910183
4 4 0.167333 0.053266 0.011902 0.000047 0.767452
4 4 0.109737 0.016304 0.001828 0.000001 0.872130
4 4 0.065664 0.159768 0.029156 0.000014 0.745398
4 4 0.204557 0.068834 0.015871 0.000089 0.710649
4 4 0.161481 0.037693 0.006383 0.000011 0.794432
4 4 0.184454 0.045870 0.013682 0.000018 0.755976
4 4 0.122905 0.106879 0.022130 0.000039 0.748048
4 4 0.125793 0.021785 0.002809 0.000002 0.849611
4 4 0.138249 0.026714 0.003807 0.000003 0.831226
4 4 0.229673 0.089408 0.024144 0.000256 0.656519
4 4 0.130511 0.039905 0.006200 0.000006 0.823378
4 4 0.086810 0.042397 0.006323 0.000002 0.864469
4 4 0.091148 0.227850 0.057749 0.000123 0.623131
4 4 0.206630 0.128272 0.037563 0.000420 0.627115
4 4 0.114359 0.051683 0.015614 0.000091 0.818252
4 4 0.173476 0.044401 0.008178 0.000019 0.773925
4 4 0.105799 0.015100 0.001632 0.000000 0.877469
4 4 0.065324 0.029955 0.009036 0.000028 0.895656
4 4 0.133877 0.024913 0.003431 0.000003 0.837778
4 4 0.130830 0.023703 0.003185 0.000002 0.842279
4 4 0.186855 0.052860 0.010667 0.000036 0.749582
4 4 0.112620 0.031765 0.006304 0.000011 0.849300
4 4 0.204522 0.065907 0.014978 0.000081 0.714512
4 4 0.147702 0.030885 0.004730 0.000005 0.816677
4 4 0.131162 0.167320 0.068271 0.000121 0.633126
4 4 0.205272 0.066515 0.015193 0.000084 0.712936
4 4 0.151495 0.032670 0.005146 0.000007 0.810682
4 4 0.165306 0.039749 0.006916 0.000013 0.788015
4 4 0.179086 0.047815 0.009153 0.000025 0.763920
4 4 0.136636 0.026040 0.003665 0.000003 0.833657
4 4 0.196602 0.059767 0.012879 0.000057 0.730695
4 4 0.117870 0.018962 0.002286 0.000001 0.860880
4 4 0.131939 0.119354 0.026666 0.000065 0.721977
4 4 0.113293 0.017437 0.002019 0.000001 0.867249
4 4 0.131948 0.024143 0.003274 0.000002 0.840634
4 4 0.179027 0.301939 0.145878 0.008419 0.364737
4 4 0.253311 0.120219 0.038897 0.000836 0.586736
4 4 0.073099 0.132134 0.023401 0.000012 0.771354
4 4 0.097531 0.061909 0.025210 0.000287 0.815063
4 4 0.107691 0.014892 0.001980 0.000000 0.875436
4 4 0.124884 0.021449 0.002745 0.000002 0.850920
4 4 0.155382 0.028278 0.009639 0.000003 0.806698
4 4 0.168238 0.041377 0.007349 0.000015 0.783022
4 1 0.138573 0.029364 0.010260 0.000002 0.821800
4 2 0.022109 0.264518 0.245858 0.000002 0.467514
4 1 0.277273 0.180575 0.077984 0.005180 0.458988
1 2 0.222455 0.266574 0.200818 0.117395 0.192757
4 2 0.113024 0.249718 0.126022 0.000331 0.510905
1 2 0.019791 0.396854 0.313484 0.000032 0.269839
2 2 0.027007 0.228397 0.399694 0.000020 0.344882
4 2 0.032775 0.334851 0.154236 0.000018 0.478120
1 2 0.038240 0.511699 0.206567 0.001211 0.242284
4 4 0.072006 0.228832 0.051639 0.000055 0.647469
4 4 0.087540 0.233895 0.260014 0.001058 0.417493
4 4 0.056187 0.035979 0.014556 0.000086 0.893191
4 4 0.143038 0.028779 0.004255 0.000004 0.823923
4 4 0.101055 0.121162 0.023986 0.000027 0.753770
4 4 0.190230 0.055175 0.011391 0.000042 0.743162
4 4 0.236818 0.097548 0.027735 0.000360 0.637538
4 4 0.103267 0.042101 0.011572 0.000046 0.843015
4 4 0.130535 0.023588 0.003162 0.000002 0.842712
4 4 0.029834 0.319153 0.213564 0.000012 0.437437
4 4 0.048853 0.021335 0.006119 0.000012 0.923682
4 4 0.039287 0.063648 0.019305 0.000025 0.877735
4 4 0.160916 0.149085 0.052473 0.000708 0.636818
4 4 0.051875 0.138335 0.055601 0.000045 0.754143
4 4 0.061297 0.356779 0.119244 0.000421 0.462258
4 4 0.041996 0.300788 0.072802 0.000025 0.584389
4 4 0.082031 0.267026 0.073696 0.000148 0.577099
4 4 0.085582 0.091984 0.033453 0.000004 0.788976
4 4 0.162739 0.038361 0.006554 0.000012 0.792334
1 4 0.028024 0.356512 0.259362 0.000027 0.356075
4 4 0.138092 0.025150 0.004430 0.000002 0.832325
4 4 0.072138 0.006861 0.000512 0.000000 0.920489
4 4 0.131689 0.019693 0.005586 0.000001 0.843031
4 4 0.120345 0.019568 0.002527 0.000001 0.857559
4 4 0.274504 0.232448 0.127560 0.021613 0.343874
2 4 0.012406 0.099647 0.638464 0.000209 0.249275
1 4 0.031688 0.395704 0.344051 0.000252 0.228305
2 4 0.011040 0.300548 0.502703 0.000007 0.185702
2 2 0.004589 0.158056 0.717677 0.000392 0.119285
2 2 0.031412 0.207546 0.412475 0.000300 0.348267
1 2 0.019553 0.483620 0.248366 0.000096 0.248365
4 2 0.026126 0.279406 0.241983 0.001861 0.450624
4 4 0.018097 0.046087 0.062058 0.003402 0.870356
4 4 0.168813 0.041993 0.007535 0.000016 0.781643
4 4 0.024032 0.145921 0.038752 0.000001 0.791295
4 4 0.127836 0.022551 0.002958 0.000002 0.846654
4 4 0.155189 0.034472 0.005579 0.000008 0.804752
4 4 0.068975 0.157946 0.060668 0.000009 0.712401
4 4 0.049643 0.269688 0.119655 0.000023 0.560991
4 4 0.031144 0.241697 0.345119 0.000007 0.382032
2 4 0.052568 0.304877 0.384600 0.000316 0.257638
2 4 0.010711 0.349275 0.439603 0.000008 0.200402
2 2 0.003717 0.142440 0.769957 0.001091 0.082796
2 2 0.003663 0.175556 0.575697 0.001980 0.243103
2 2 0.005054 0.220806 0.561109 0.000158 0.212874
2 2 0.008862 0.142977 0.727578 0.000052 0.120530
2 2 0.013678 0.191028 0.572430 0.005914 0.216949
4 4 0.250216 0.099474 0.056427 0.000312 0.593570
4 4 0.159371 0.032607 0.008312 0.000005 0.799706
4 4 0.176328 0.046114 0.008662 0.000022 0.768874
4 4 0.140355 0.027610 0.004000 0.000004 0.828032
4 4 0.129441 0.023165 0.003078 0.000002 0.844314
4 4 0.096969 0.012590 0.001248 0.000000 0.889192
4 4 0.019630 0.015625 0.007481 0.000023 0.957241
4 4 0.158896 0.036346 0.006042 0.000010 0.798706
4 4 0.136599 0.036333 0.006879 0.000013 0.820176
4 4 0.161859 0.037893 0.006434 0.000011 0.793803
4 4 0.158244 0.324096 0.154807 0.007396 0.355457
2 4 0.026448 0.322933 0.517566 0.000505 0.132548
2 4 0.029664 0.356839 0.391414 0.000151 0.221931
2 4 0.005287 0.428883 0.483862 0.000058 0.081909
2 2 0.005067 0.162217 0.644360 0.000211 0.188145
4 2 0.019157 0.027809 0.016326 0.000007 0.936701
4 4 0.152274 0.033044 0.005235 0.000007 0.809439
4 4 0.129625 0.034812 0.006638 0.000012 0.828913
4 4 0.132188 0.024238 0.003293 0.000002 0.840278
4 4 0.091792 0.191823 0.053426 0.000061 0.662898
4 4 0.039189 0.285380 0.148552 0.000013 0.526866
4 4 0.019257 0.111738 0.035289 0.000019 0.833696
4 4 0.008998 0.008933 0.005114 0.000012 0.976943
4 4 0.143558 0.185776 0.052768 0.000306 0.617593
4 4 0.065086 0.154120 0.346718 0.000011 0.434066
4 2 0.067472 0.332823 0.094031 0.000209 0.505466
1 2 0.118289 0.394308 0.250129 0.032025 0.205249
2 2 0.034071 0.259948 0.524181 0.000161 0.181639
1 2 0.009326 0.413035 0.188213 0.000021 0.389405
2 2 0.003563 0.137410 0.694510 0.000082 0.164435
2 2 0.016461 0.345756 0.394262 0.000015 0.243506
2 2 0.001235 0.143957 0.816920 0.001556 0.036332
2 2 0.002891 0.140193 0.823303 0.000456 0.033156
2 2 0.007183 0.082645 0.852880 0.000945 0.056348
2 2 0.054063 0.246930 0.382667 0.000081 0.316259
2 2 0.001830 0.154385 0.689691 0.000027 0.154066
2 2 0.000264 0.047501 0.930563 0.000328 0.021343
2 2 0.002878 0.050748 0.859479 0.001296 0.085599
4 2 0.045984 0.189347 0.073157 0.000004 0.691507
2 2 0.003319 0.117139 0.790085 0.000243 0.089215
2 2 0.000487 0.019477 0.957795 0.000043 0.022197
2 2 0.023612 0.261211 0.542102 0.000488 0.172587
2 2 0.031053 0.332395 0.424959 0.000329 0.211265
2 2 0.001811 0.140505 0.781439 0.003235 0.073010
2 2 0.000318 0.018031 0.962971 0.002062 0.016619
2 2 0.001830 0.093614 0.738026 0.000395 0.166135
4 2 0.020854 0.198154 0.277305 0.001539 0.502147
2 2 0.000354 0.038278 0.913147 0.000268 0.047953
2 2 0.001719 0.135926 0.794177 0.000021 0.068156
2 2 0.002658 0.089413 0.686338 0.000029 0.221562
2 2 0.001236 0.079156 0.820824 0.000007 0.098777
2 2 0.009816 0.147424 0.708792 0.000041 0.133927
2 2 0.002540 0.045333 0.814324 0.000155 0.137648
2 2 0.000055 0.008624 0.987194 0.000174 0.003953
2 2 0.000027 0.012387 0.969354 0.000001 0.018230
2 2 0.002931 0.056947 0.821741 0.000141 0.118241
2 2 0.000081 0.008682 0.976159 0.000544 0.014532
2 2 0.000040 0.010477 0.980971 0.002775 0.005737
2 2 0.000034 0.003402 0.990786 0.000116 0.005661
2 2 0.000646 0.038684 0.842864 0.000211 0.117596
2 2 0.000077 0.013463 0.971786 0.000181 0.014493
2 2 0.000003 0.002187 0.996571 0.000236 0.001003
2 2 0.000000 0.000511 0.999090 0.000030 0.000369
2 2 0.000001 0.000343 0.998739 0.000562 0.000355
2 2 0.000001 0.001194 0.996494 0.001780 0.000532
2 2 0.000017 0.003538 0.980144 0.014735 0.001566
2 2 0.000001 0.000433 0.990914 0.008462 0.000191
2 2 0.000369 0.025338 0.930944 0.000061 0.043288
2 2 0.000012 0.002690 0.990054 0.004016 0.003229
2 2 0.000014 0.003005 0.982302 0.013114 0.001564
2 2 0.000203 0.017489 0.933281 0.026552 0.022475
2 2 0.000082 0.007101 0.954132 0.023696 0.014990
2 2 0.000009 0.004349 0.986251 0.002261 0.007130
2 2 0.000002 0.002431 0.953496 0.042185 0.001885
2 3 0.000346 0.015658 0.848197 0.111574 0.024225
2 3 0.000218 0.007385 0.560025 0.422991 0.009381
2 3 0.000057 0.005679 0.854671 0.134907 0.004685
2 3 0.000008 0.003290 0.620350 0.371163 0.005190
2 3 0.000114 0.015643 0.947120 0.006926 0.030197
2 3 0.000021 0.005540 0.907172 0.081399 0.005868
2 3 0.000018 0.006265 0.865518 0.122211 0.005989
2 3 0.005867 0.123810 0.574667 0.190042 0.105613
2 3 0.000001 0.001249 0.965236 0.032639 0.000874
3 3 0.000002 0.000345 0.117510 0.881016 0.001125
3 3 0.000140 0.007322 0.255920 0.721969 0.014650
2 3 0.000005 0.001642 0.582394 0.413254 0.002705
2 3 0.000061 0.005996 0.630809 0.355320 0.007815
3 3 0.000035 0.001967 0.065942 0.925363 0.006693
3 3 0.000010 0.001730 0.245093 0.748978 0.004189
3 3 0.000011 0.000951 0.069824 0.925831 0.003383
3 3 0.000816 0.027783 0.424496 0.507689 0.039217
3 3 0.000424 0.009768 0.303299 0.652505 0.034004
3 3 0.000155 0.005118 0.083284 0.896652 0.014791
3 3 0.000243 0.006772 0.098324 0.876639 0.018022
3 3 0.000006 0.000648 0.144151 0.853534 0.001661
3 3 0.000003 0.000606 0.156768 0.840777 0.001847
3 3 0.000143 0.006473 0.144038 0.833019 0.016327
3 3 0.000220 0.006451 0.075231 0.899225 0.018873
3 3 0.000205 0.007954 0.369580 0.609216 0.013045
3 3 0.000018 0.001133 0.198015 0.799840 0.000994
3 3 0.000002 0.000337 0.099812 0.898689 0.001160
3 3 0.000024 0.001499 0.134216 0.860166 0.004095
3 3 0.000001 0.000197 0.040509 0.958565 0.000727
3 3 0.000047 0.002394 0.057496 0.931690 0.008373
3 3 0.000000 0.000121 0.095001 0.904415 0.000462
3 3 0.000001 0.000180 0.027102 0.971717 0.001000
3 3 0.000062 0.002251 0.046142 0.946146 0.005398
3 3 0.000003 0.000324 0.014549 0.983944 0.001180
3 3 0.000191 0.005836 0.088774 0.888893 0.016306
3 3 0.000130 0.004641 0.063878 0.916576 0.014775
3 3 0.000282 0.008653 0.174173 0.779557 0.037336
3 3 0.000012 0.000581 0.053745 0.944734 0.000927
3 3 0.000059 0.003473 0.068964 0.916024 0.011479
3 3 0.000011 0.000944 0.062943 0.932624 0.003478
3 3 0.000001 0.000235 0.067834 0.930977 0.000953
3 3 0.000001 0.000257 0.226843 0.772212 0.000687
3 3 0.000143 0.005101 0.229206 0.755165 0.010385
3 3 0.000002 0.000214 0.092574 0.906821 0.000390
3 3 0.000003 0.000414 0.039012 0.958659 0.001911
3 3 0.000003 0.000395 0.056324 0.941653 0.001625
3 3 0.000080 0.003233 0.140318 0.848245 0.008124
3 3 0.000063 0.002901 0.060368 0.926850 0.009818
3 3 0.000009 0.000823 0.026480 0.968649 0.004040
3 3 0.000043 0.002286 0.044706 0.944257 0.008707
3 3 0.000336 0.008405 0.085662 0.882641 0.022956
3 3 0.000018 0.000449 0.067790 0.931463 0.000281
3 3 0.000519 0.011399 0.103603 0.852093 0.032387
3 3 0.000034 0.001971 0.041449 0.948757 0.007789
3 3 0.000171 0.006045 0.099673 0.877625 0.016486
3 3 0.000009 0.000855 0.044438 0.951145 0.003553
3 3 0.000013 0.001054 0.048205 0.946536 0.004192
3 3 0.000112 0.004203 0.060792 0.921170 0.013724
3 3 0.000283 0.007943 0.194229 0.772733 0.024812
3 3 0.000153 0.007200 0.225939 0.735566 0.031142
3 3 0.000160 0.004914 0.188497 0.795794 0.010636
3 3 0.000060 0.002670 0.143749 0.846758 0.006764
3 3 0.000049 0.005581 0.325427 0.657917 0.011027
2 1 0.001195 0.033130 0.880821 0.076365 0.008489
1 2 0.033844 0.572011 0.361847 0.001727 0.030571
2 2 0.001203 0.097099 0.890981 0.001080 0.009638
2 2 0.000382 0.022830 0.971355 0.001462 0.003971
2 2 0.010116 0.096975 0.868809 0.001164 0.022935
1 1 0.009873 0.490478 0.361804 0.000093 0.137752
1 2 0.009551 0.603307 0.358155 0.000354 0.028633
1 2 0.010327 0.453164 0.405539 0.000095 0.130876
2 2 0.008812 0.172201 0.505205 0.000517 0.313265
2 2 0.001557 0.103623 0.773119 0.000278 0.121423
4 2 0.051013 0.301939 0.206010 0.000085 0.440953
2 2 0.012098 0.383567 0.410174 0.000078 0.194083
1 2 0.074553 0.324078 0.305859 0.000803 0.294707
4 2 0.218311 0.242560 0.108479 0.005841 0.424808
4 1 0.136284 0.182474 0.049945 0.000238 0.631059
2 2 0.069385 0.308867 0.314262 0.000460 0.307026
2 2 0.001018 0.050538 0.902023 0.000521 0.045900
2 2 0.008027 0.112566 0.726537 0.000069 0.152800
2 2 0.011022 0.163885 0.700843 0.000196 0.124053
2 2 0.014645 0.333444 0.513826 0.000074 0.138010
4 4 0.040247 0.124042 0.171937 0.000067 0.663706
4 4 0.149676 0.227162 0.074244 0.000742 0.548177
4 4 0.070814 0.363125 0.133984 0.000430 0.431648
2 4 0.024200 0.276480 0.442057 0.000036 0.257227
4 4 0.143664 0.136454 0.124778 0.000245 0.594859
4 4 0.005993 0.010936 0.011953 0.000070 0.971048
4 4 0.058463 0.018080 0.003831 0.000004 0.919621
4 4 0.147744 0.030904 0.004735 0.000005 0.816611
4 4 0.100404 0.013536 0.001389 0.000000 0.884671
2 4 0.093211 0.302787 0.320016 0.001512 0.282474
2 4 0.031063 0.360187 0.374457 0.000150 0.234143
2 4 0.015143 0.170759 0.517511 0.000942 0.295645
4 4 0.158047 0.193166 0.094437 0.000420 0.553929
2 1 0.099523 0.207043 0.666372 0.017495 0.009566
1 1 0.059863 0.454142 0.246362 0.003263 0.236371
1 2 0.014067 0.347196 0.327729 0.000028 0.310980
2 2 0.013932 0.270255 0.494366 0.000005 0.221441
2 2 0.014750 0.327729 0.499358 0.000043 0.158121
2 2 0.001258 0.132372 0.820241 0.000176 0.045954
4 2 0.027513 0.286374 0.221928 0.004073 0.460112
2 2 0.032427 0.292003 0.424465 0.000062 0.251042
2 2 0.043433 0.265268 0.441700 0.000116 0.249483
2 2 0.009161 0.183347 0.584923 0.000003 0.222566
2 2 0.001719 0.079548 0.754963 0.000072 0.163699
1 2 0.033496 0.377846 0.231782 0.000061 0.356815
4 4 0.041266 0.056287 0.033939 0.000051 0.868456
4 4 0.108749 0.015997 0.001777 0.000001 0.873476
4 4 0.057443 0.247602 0.179424 0.000027 0.515505
4 4 0.026330 0.334170 0.268096 0.000015 0.371389
4 4 0.026967 0.313963 0.204316 0.000007 0.454747
2 4 0.014951 0.274376 0.546987 0.000300 0.163387
2 2 0.001444 0.075871 0.880638 0.002176 0.039871
