4 0 0.078277 0.209405 0.037228 0.000130 0.674960
0 0 0.636806 0.022550 0.006066 0.003810 0.330769
0 0 0.580623 0.278981 0.113661 0.000344 0.026391
0 0 0.975351 0.016264 0.003176 0.000022 0.005186
0 0 0.970693 0.015439 0.003612 0.000115 0.010142
0 0 0.982681 0.010105 0.003503 0.000481 0.003230
0 0 0.978598 0.010300 0.003010 0.000378 0.007715
0 0 0.976551 0.004388 0.001280 0.000968 0.016812
0 0 0.992463 0.003601 0.000762 0.000037 0.003137
0 0 0.866913 0.021821 0.004069 0.000205 0.106992
1 0 0.130051 0.592413 0.225751 0.000013 0.051773
0 0 0.931064 0.031427 0.010209 0.001300 0.026000
0 0 0.915571 0.053532 0.015959 0.000424 0.014514
0 0 0.811204 0.136026 0.023465 0.000023 0.029282
0 0 0.986249 0.006906 0.001380 0.000035 0.005430
0 0 0.796468 0.007905 0.001546 0.000603 0.193478
0 0 0.924377 0.014496 0.002688 0.000137 0.058302
0 0 0.936429 0.025120 0.003615 0.000017 0.034820
0 0 0.394085 0.204724 0.037905 0.000114 0.363171
0 0 0.858619 0.092727 0.017274 0.000044 0.031336
4 0 0.416395 0.051066 0.006689 0.000058 0.525791
4 0 0.439341 0.105116 0.012624 0.000020 0.442899
4 0 0.303023 0.003068 0.000507 0.000607 0.692795
4 0 0.094409 0.011366 0.003061 0.000457 0.890707
4 0 0.106857 0.001233 0.000377 0.002679 0.888855
0 0 0.514529 0.092396 0.011735 0.000033 0.381307
4 0 0.403715 0.015745 0.002243 0.000147 0.578151
0 0 0.620811 0.022212 0.002875 0.000059 0.354042
0 0 0.740984 0.214973 0.015388 0.000000 0.028655
4 0 0.267652 0.011201 0.002881 0.001552 0.716714
4 0 0.038878 0.011484 0.004702 0.001438 0.943497
0 0 0.515005 0.026047 0.006906 0.000901 0.451141
4 0 0.253528 0.011278 0.002100 0.000281 0.732813
4 0 0.235320 0.029503 0.007205 0.001308 0.726664
4 0 0.153403 0.005371 0.000546 0.000024 0.840656
0 0 0.517453 0.012675 0.003034 0.002566 0.464273
4 1 0.018573 0.008908 0.003769 0.000558 0.968191
4 1 0.065927 0.023721 0.005060 0.000091 0.905202
4 2 0.091064 0.065415 0.010518 0.000035 0.832969
4 2 0.385188 0.019836 0.004165 0.000577 0.590233
4 2 0.039981 0.337585 0.067319 0.000010 0.555105
4 2 0.085618 0.174675 0.033579 0.000042 0.706085
4 2 0.129743 0.139374 0.035749 0.000246 0.694888
2 2 0.000164 0.028745 0.968091 0.000906 0.002095
2 2 0.000282 0.021006 0.976017 0.001659 0.001035
2 2 0.052566 0.331573 0.581826 0.000068 0.033967
0 2 0.702613 0.162761 0.119728 0.000441 0.014456
0 2 0.804951 0.145375 0.021607 0.000009 0.028059
2 2 0.004297 0.394066 0.525789 0.000026 0.075822
2 2 0.001296 0.090068 0.896762 0.000505 0.011370
2 2 0.004044 0.299188 0.554625 0.000350 0.141794
2 2 0.082754 0.170156 0.621934 0.024756 0.100400
2 2 0.000397 0.012546 0.983986 0.002785 0.000286
2 2 0.000208 0.011561 0.988092 0.000070 0.000069
2 2 0.000312 0.015675 0.983222 0.000590 0.000202
2 2 0.000004 0.000590 0.997593 0.001811 0.000001
2 2 0.000013 0.001411 0.990528 0.008038 0.000010
2 2 0.000030 0.002049 0.991899 0.006010 0.000012
2 2 0.003225 0.117004 0.816312 0.001407 0.062051
2 2 0.000749 0.041873 0.909978 0.027195 0.020205
2 2 0.001216 0.025319 0.971556 0.001343 0.000566
2 1 0.005465 0.332342 0.609290 0.000216 0.052687
2 2 0.014991 0.255154 0.723365 0.001002 0.005489
2 2 0.000002 0.002489 0.985654 0.011785 0.000070
2 2 0.000003 0.002456 0.993916 0.003562 0.000063
2 2 0.000001 0.000650 0.998257 0.001089 0.000003
2 2 0.000002 0.003425 0.996413 0.000107 0.000052
2 2 0.016760 0.088786 0.867744 0.012114 0.014596
2 2 0.018297 0.169487 0.719207 0.002863 0.090145
2 2 0.000001 0.000574 0.998878 0.000546 0.000001
2 2 0.000111 0.002741 0.983597 0.013527 0.000024
2 2 0.000000 0.000211 0.999530 0.000258 0.000001
2 2 0.000000 0.000171 0.976615 0.023213 0.000001
2 2 0.000000 0.000012 0.993769 0.006219 0.000000
2 3 0.000000 0.000024 0.980426 0.019549 0.000000
2 3 0.000000 0.000366 0.980340 0.019290 0.000003
2 3 0.000011 0.000777 0.824906 0.174273 0.000034
2 3 0.000147 0.002399 0.820382 0.177009 0.000062
2 3 0.000000 0.000242 0.982001 0.017755 0.000002
2 3 0.000002 0.000846 0.993913 0.005231 0.000008
3 3 0.000006 0.000173 0.299167 0.700639 0.000015
3 3 0.000504 0.002454 0.222641 0.773725 0.000676
3 3 0.001561 0.004585 0.403829 0.589417 0.000608
3 3 0.000004 0.000128 0.148088 0.851753 0.000028
3 3 0.000025 0.000073 0.015131 0.984676 0.000095
2 3 0.000000 0.000036 0.792905 0.207059 0.000000
2 3 0.000001 0.000320 0.629126 0.370529 0.000023
3 3 0.000389 0.008445 0.441385 0.544527 0.005254
2 3 0.007769 0.242920 0.481362 0.081897 0.186052
2 3 0.000053 0.012925 0.974861 0.008424 0.003737
2 3 0.000008 0.005863 0.992400 0.001455 0.000275
2 3 0.000000 0.000086 0.999171 0.000742 0.000001
2 3 0.000001 0.000479 0.960196 0.039307 0.000017
2 3 0.000001 0.001657 0.995708 0.002558 0.000077
2 3 0.000005 0.001092 0.979841 0.019047 0.000015
2 3 0.000000 0.000337 0.981702 0.017953 0.000008
2 3 0.000000 0.000171 0.933772 0.066053 0.000004
2 3 0.000033 0.001997 0.922818 0.075113 0.000039
2 3 0.000021 0.000889 0.528245 0.470719 0.000125
3 3 0.000022 0.000377 0.135203 0.864290 0.000107
3 3 0.000007 0.000015 0.009827 0.990136 0.000015
3 3 0.000002 0.000039 0.047836 0.952096 0.000027
3 3 0.000077 0.000441 0.074630 0.924621 0.000231
3 3 0.004332 0.012516 0.442564 0.536125 0.004463
3 3 0.003017 0.004684 0.247563 0.743570 0.001167
3 3 0.000211 0.000272 0.016668 0.982355 0.000494
3 3 0.005267 0.008278 0.366964 0.617997 0.001494
3 3 0.000392 0.000665 0.034255 0.963576 0.001113
3 3 0.001033 0.000587 0.013944 0.982816 0.001621
3 3 0.003917 0.001607 0.018555 0.971172 0.004749
2 2 0.000022 0.002982 0.985122 0.011745 0.000129
2 2 0.000034 0.005036 0.900834 0.093147 0.000950
2 2 0.000340 0.015555 0.949547 0.032407 0.002151
2 2 0.000004 0.002354 0.997423 0.000206 0.000013
2 2 0.000024 0.012389 0.971406 0.012902 0.003279
2 2 0.000324 0.013902 0.974936 0.010231 0.000607
2 2 0.000278 0.019567 0.938428 0.039781 0.001946
2 2 0.000038 0.004082 0.883663 0.111890 0.000328
2 2 0.000005 0.002927 0.990730 0.006262 0.000075
2 2 0.000008 0.004004 0.994767 0.001133 0.000087
2 2 0.000941 0.017024 0.978215 0.003686 0.000134
2 2 0.016346 0.397882 0.551169 0.000311 0.034292
2 2 0.000022 0.005906 0.956912 0.036827 0.000334
2 2 0.000167 0.012779 0.986395 0.000545 0.000114
2 2 0.000166 0.013713 0.984499 0.001404 0.000217
2 2 0.172859 0.286021 0.359604 0.008662 0.172854
1 2 0.100532 0.483869 0.222795 0.000263 0.192541
2 2 0.000135 0.021819 0.973893 0.001752 0.002401
2 2 0.000008 0.005404 0.991570 0.002344 0.000674
2 2 0.000003 0.005455 0.992827 0.001160 0.000556
2 2 0.000424 0.068701 0.882346 0.000657 0.047872
2 2 0.000001 0.000540 0.998105 0.001346 0.000009
2 2 0.000139 0.011921 0.971661 0.015255 0.001023
2 2 0.000018 0.003917 0.988123 0.007858 0.000083
2 2 0.000007 0.001589 0.945590 0.052754 0.000060
2 2 0.000003 0.003196 0.984301 0.012088 0.000412
2 2 0.000005 0.000786 0.987484 0.011708 0.000018
2 2 0.002057 0.031629 0.764596 0.180161 0.021557
2 2 0.005168 0.037618 0.829663 0.093850 0.033701
2 2 0.000039 0.008049 0.979618 0.011769 0.000524
2 2 0.000000 0.000418 0.996515 0.003062 0.000005
2 2 0.000001 0.001289 0.993447 0.005204 0.000059
2 2 0.000146 0.012337 0.983818 0.003511 0.000187
2 2 0.000012 0.002168 0.982701 0.015094 0.000025
2 2 0.000001 0.000689 0.948378 0.050910 0.000022
2 2 0.000050 0.008738 0.984276 0.006459 0.000479
2 2 0.000002 0.001304 0.987829 0.010848 0.000016
2 2 0.006252 0.054715 0.930397 0.006990 0.001646
2 2 0.007937 0.244612 0.669481 0.002282 0.075688
2 2 0.000000 0.000490 0.997727 0.001768 0.000014
2 2 0.000142 0.012665 0.977400 0.008783 0.001010
2 2 0.000001 0.000851 0.998473 0.000673 0.000002
2 2 0.000155 0.005522 0.954028 0.040148 0.000148
2 2 0.000031 0.004360 0.990335 0.005057 0.000216
2 2 0.000001 0.000330 0.968585 0.031081 0.000004
2 2 0.000000 0.000030 0.997456 0.002513 0.000000
2 2 0.000008 0.002654 0.996167 0.001142 0.000029
2 2 0.000001 0.000657 0.988677 0.010653 0.000011
2 2 0.000000 0.000103 0.997977 0.001919 0.000001
2 2 0.000000 0.000422 0.982074 0.017468 0.000035
2 2 0.000001 0.000573 0.977152 0.022268 0.000007
2 2 0.000094 0.007676 0.968973 0.022141 0.001115
2 2 0.000019 0.001690 0.888026 0.110183 0.000082
2 2 0.000000 0.000039 0.840509 0.159451 0.000001
2 2 0.000130 0.003043 0.691193 0.305222 0.000413
2 2 0.000002 0.002291 0.979131 0.018276 0.000300
2 2 0.000002 0.000613 0.993447 0.005930 0.000008
2 3 0.000000 0.000018 0.742632 0.257350 0.000000
2 3 0.000005 0.000353 0.642275 0.357346 0.000021
3 3 0.000038 0.000504 0.192789 0.806554 0.000115
3 3 0.000016 0.000464 0.212519 0.786829 0.000173
3 3 0.000007 0.000149 0.090798 0.908994 0.000052
3 3 0.000283 0.001493 0.096712 0.900586 0.000926
3 3 0.000387 0.000755 0.037583 0.960233 0.001043
3 3 0.000094 0.000569 0.065389 0.933574 0.000374
3 3 0.000009 0.000115 0.044060 0.955706 0.000110
3 3 0.000125 0.000572 0.117271 0.881857 0.000175
3 3 0.000072 0.000476 0.101455 0.897801 0.000195
3 3 0.001128 0.001416 0.079112 0.917491 0.000853
3 3 0.001587 0.002006 0.053603 0.940528 0.002276
3 3 0.000002 0.000006 0.005220 0.994763 0.000009
3 3 0.000339 0.000913 0.146679 0.851831 0.000238
3 3 0.000167 0.000601 0.068818 0.930065 0.000348
3 3 0.001359 0.000924 0.019524 0.976010 0.002184
3 3 0.000026 0.000141 0.030651 0.969059 0.000124
3 3 0.000511 0.000887 0.035634 0.961778 0.001191
3 3 0.000006 0.000043 0.040679 0.959254 0.000017
3 3 0.000363 0.000503 0.023420 0.974893 0.000821
3 3 0.000069 0.000324 0.056006 0.943386 0.000215
3 3 0.000757 0.000763 0.023151 0.973882 0.001448
3 3 0.000557 0.000248 0.008194 0.990180 0.000821
3 3 0.000696 0.000706 0.023421 0.972832 0.002345
3 3 0.001156 0.000949 0.022424 0.973476 0.001995
3 3 0.000014 0.000041 0.011438 0.988452 0.000055
3 3 0.000071 0.000864 0.128350 0.870040 0.000676
3 3 0.003736 0.001838 0.021840 0.967664 0.004923
3 3 0.000992 0.000961 0.025187 0.971034 0.001825
3 3 0.000628 0.000597 0.019786 0.977785 0.001204
3 3 0.000811 0.000599 0.016780 0.980403 0.001408
3 3 0.000565 0.000271 0.008592 0.989675 0.000898
3 3 0.000091 0.000684 0.199097 0.800003 0.000125
3 3 0.000051 0.000176 0.031050 0.968574 0.000150
3 3 0.000043 0.000167 0.026630 0.972984 0.000176
3 3 0.000001 0.000007 0.009626 0.990359 0.000007
3 3 0.000031 0.000177 0.036367 0.963290 0.000136
3 3 0.000139 0.000279 0.022631 0.976566 0.000386
3 3 0.000206 0.000405 0.029923 0.968965 0.000501
3 3 0.005002 0.005044 0.063224 0.919880 0.006849
3 3 0.006249 0.004372 0.044804 0.934819 0.009756
3 3 0.000088 0.000391 0.040672 0.958432 0.000416
3 3 0.007399 0.010501 0.119861 0.843068 0.019170
3 3 0.000135 0.000116 0.008426 0.991030 0.000294
3 3 0.000351 0.000531 0.029735 0.968345 0.001038
3 3 0.000081 0.000197 0.021717 0.977753 0.000252
3 3 0.000037 0.000039 0.005679 0.994149 0.000097
3 3 0.000312 0.000769 0.053222 0.945059 0.000638
3 3 0.000694 0.000786 0.025367 0.971768 0.001385
3 3 0.000899 0.001783 0.056735 0.938235 0.002349
3 3 0.000058 0.000493 0.067537 0.931543 0.000370
3 3 0.000590 0.000470 0.015688 0.982170 0.001082
3 3 0.000246 0.000409 0.023043 0.975626 0.000675
3 3 0.000048 0.000076 0.010415 0.989324 0.000137
3 3 0.000120 0.000211 0.028043 0.971431 0.000195
3 3 0.000039 0.000091 0.013970 0.985757 0.000143
3 3 0.000015 0.000040 0.009682 0.990191 0.000071
3 3 0.000205 0.000101 0.005398 0.993933 0.000364
3 3 0.000478 0.000189 0.006338 0.992266 0.000730
3 3 0.000160 0.000669 0.047886 0.950486 0.000799
3 3 0.000794 0.000645 0.018512 0.978629 0.001420
3 3 0.000286 0.000794 0.067517 0.930868 0.000535
3 3 0.001091 0.000463 0.010244 0.986637 0.001565
3 3 0.001400 0.000572 0.011037 0.985057 0.001934
3 3 0.000316 0.001218 0.063012 0.934180 0.001274
3 3 0.003525 0.001978 0.024691 0.964951 0.004855
3 3 0.000154 0.000855 0.091433 0.907115 0.000444
3 3 0.000013 0.000429 0.130293 0.869053 0.000211
3 3 0.000005 0.000122 0.071330 0.928470 0.000074
3 3 0.000001 0.000069 0.072773 0.927121 0.000036
3 3 0.002671 0.002996 0.087276 0.904845 0.002212
3 3 0.000191 0.000252 0.016348 0.982755 0.000455
3 3 0.001784 0.001429 0.038892 0.956014 0.001881
3 3 0.000191 0.000384 0.026435 0.972477 0.000514
3 3 0.000035 0.000069 0.011397 0.988388 0.000111
3 3 0.000226 0.000474 0.029957 0.968738 0.000605
3 3 0.000099 0.000115 0.010236 0.989306 0.000244
3 3 0.012754 0.002888 0.016060 0.956486 0.011812
3 3 0.000106 0.000291 0.028336 0.970935 0.000332
3 3 0.000776 0.000248 0.006260 0.991655 0.001061
3 3 0.000130 0.000116 0.008616 0.990852 0.000287
3 3 0.001419 0.000473 0.008798 0.987463 0.001846
3 3 0.000005 0.000010 0.004407 0.995557 0.000020
3 3 0.000401 0.000732 0.048941 0.949305 0.000621
3 3 0.002817 0.010450 0.207933 0.773270 0.005531
3 3 0.000305 0.000617 0.032396 0.965810 0.000872
2 3 0.050204 0.080780 0.585135 0.258679 0.025202
2 3 0.044763 0.192509 0.724770 0.014999 0.022960
2 2 0.023105 0.293034 0.669659 0.001113 0.013088
4 2 0.137931 0.245608 0.069046 0.001909 0.545506
1 2 0.261063 0.358722 0.238140 0.033200 0.108874
0 1 0.536504 0.221067 0.045041 0.000048 0.197341
0 0 0.510701 0.365402 0.047260 0.000002 0.076634
0 0 0.432442 0.155662 0.018138 0.000016 0.393742
0 1 0.563184 0.094516 0.044477 0.007152 0.290671
0 0 0.548112 0.145357 0.025366 0.000103 0.281061
1 0 0.342558 0.434460 0.177547 0.000267 0.045168
4 1 0.189436 0.154238 0.035993 0.000314 0.620018
4 1 0.011328 0.116744 0.057352 0.000389 0.814186
2 2 0.087644 0.236867 0.388290 0.012676 0.274522
2 2 0.001377 0.030435 0.967163 0.000626 0.000398
2 2 0.000016 0.008188 0.958436 0.032635 0.000725
2 2 0.000000 0.000580 0.996450 0.002960 0.000009
2 2 0.000005 0.003217 0.989394 0.007315 0.000069
2 2 0.000066 0.006507 0.949705 0.043081 0.000641
2 2 0.000002 0.002783 0.995625 0.001541 0.000048
2 2 0.000027 0.009919 0.963396 0.022518 0.004141
2 2 0.000441 0.058406 0.933691 0.001044 0.006418
2 2 0.000001 0.001497 0.990470 0.007928 0.000105
2 2 0.000037 0.011261 0.975200 0.006644 0.006857
2 2 0.000000 0.000167 0.999373 0.000459 0.000001
2 2 0.000000 0.000591 0.998962 0.000391 0.000056
2 2 0.000011 0.006067 0.992595 0.001114 0.000213
2 2 0.002456 0.063546 0.788793 0.025692 0.119514
2 2 0.001084 0.026595 0.900886 0.059427 0.012008
2 2 0.000004 0.004180 0.991787 0.003545 0.000484
2 2 0.000004 0.006704 0.977138 0.010312 0.005841
2 2 0.000007 0.007239 0.988261 0.003879 0.000614
2 2 0.000008 0.005807 0.989159 0.004455 0.000572
2 2 0.000011 0.003137 0.985254 0.011497 0.000101
2 2 0.000015 0.006419 0.991197 0.002113 0.000256
2 2 0.000017 0.010266 0.987346 0.001508 0.000863
2 2 0.000078 0.008722 0.912038 0.075336 0.003826
2 2 0.000002 0.001255 0.988893 0.009789 0.000062
2 2 0.000001 0.003824 0.995822 0.000115 0.000237
4 2 0.005168 0.047306 0.347875 0.119970 0.479682
2 2 0.000101 0.031315 0.902689 0.031439 0.034455
4 4 0.010339 0.090686 0.212901 0.007215 0.678859
4 4 0.022752 0.040139 0.044063 0.002386 0.890660
4 4 0.009333 0.137617 0.251257 0.005470 0.596324
2 4 0.030194 0.150393 0.567097 0.028650 0.223666
2 4 0.000119 0.051375 0.929067 0.000809 0.018630
2 2 0.000689 0.025894 0.959587 0.003892 0.009939
4 2 0.101252 0.170827 0.052391 0.000336 0.675194
4 4 0.024196 0.131265 0.060742 0.000195 0.783602
4 4 0.008002 0.176166 0.108652 0.000350 0.706831
4 4 0.006708 0.074200 0.036011 0.000174 0.882907
4 4 0.005043 0.170461 0.066437 0.000047 0.758012
2 4 0.001338 0.121269 0.690190 0.008128 0.179075
4 4 0.002409 0.222303 0.308718 0.000410 0.466161
4 4 0.027290 0.081554 0.027555 0.000338 0.863263
2 4 0.005285 0.102673 0.763595 0.006565 0.121881
4 4 0.036424 0.052652 0.055360 0.006523 0.849042
2 2 0.000026 0.015550 0.982043 0.000733 0.001647
2 2 0.000076 0.021584 0.977264 0.000105 0.000971
2 2 0.000015 0.006868 0.989778 0.003100 0.000239
2 2 0.000000 0.001021 0.998787 0.000144 0.000048
2 2 0.000000 0.000123 0.999651 0.000226 0.000000
2 2 0.000000 0.000039 0.999864 0.000096 0.000000
2 2 0.000001 0.002903 0.995911 0.000565 0.000621
2 2 0.000099 0.018746 0.978216 0.000481 0.002458
2 2 0.000004 0.005732 0.991808 0.001324 0.001132
2 2 0.000000 0.000555 0.998933 0.000468 0.000044
2 2 0.000000 0.000374 0.998658 0.000937 0.000031
2 2 0.037353 0.117256 0.824228 0.002825 0.018338
2 2 0.000370 0.023334 0.973516 0.001543 0.001238
2 2 0.000000 0.000149 0.999620 0.000229 0.000001
2 2 0.000000 0.000265 0.998930 0.000803 0.000003
2 2 0.000974 0.031662 0.965033 0.001539 0.000793
2 1 0.002703 0.181082 0.800762 0.001514 0.013938
0 2 0.461817 0.297833 0.121704 0.000344 0.118300
2 2 0.002190 0.095266 0.899640 0.000141 0.002763
2 2 0.000001 0.000439 0.991295 0.008261 0.000003
2 2 0.000244 0.027414 0.967695 0.002537 0.002111
2 2 0.000032 0.010525 0.989076 0.000218 0.000149
2 2 0.000000 0.000361 0.999473 0.000163 0.000003
2 2 0.002769 0.020179 0.934417 0.037601 0.005034
2 2 0.000035 0.007913 0.990437 0.001318 0.000296
2 2 0.000001 0.000394 0.999348 0.000257 0.000000
2 2 0.000001 0.000687 0.997741 0.001568 0.000004
2 2 0.000369 0.018449 0.922800 0.052434 0.005947
2 2 0.000000 0.000125 0.988394 0.011480 0.000001
2 2 0.000033 0.005968 0.990959 0.002324 0.000716
2 2 0.000000 0.000240 0.998471 0.001287 0.000002
2 2 0.013601 0.047630 0.922147 0.012350 0.004272
2 2 0.000110 0.009996 0.985785 0.003890 0.000219
2 2 0.036025 0.042406 0.906078 0.013491 0.002001
0 1 0.794082 0.118208 0.039340 0.001634 0.046736
0 1 0.522416 0.192465 0.249762 0.002289 0.033068
2 2 0.007589 0.184686 0.784357 0.000418 0.022950
2 2 0.000907 0.067246 0.926179 0.001259 0.004409
2 2 0.000780 0.024831 0.972846 0.001201 0.000342
2 2 0.000000 0.001694 0.998131 0.000130 0.000044
2 2 0.000000 0.000559 0.997050 0.002388 0.000003
2 2 0.000000 0.000035 0.992778 0.007186 0.000000
2 2 0.000000 0.000136 0.992080 0.007783 0.000001
2 2 0.000000 0.000530 0.999229 0.000238 0.000003
2 2 0.003670 0.116634 0.872574 0.001992 0.005131
2 2 0.000000 0.000096 0.998405 0.001498 0.000000
2 2 0.000025 0.002448 0.987441 0.010067 0.000019
2 2 0.000005 0.004616 0.994346 0.000802 0.000231
2 2 0.000000 0.000246 0.999534 0.000217 0.000003
2 2 0.000000 0.000290 0.992498 0.007199 0.000012
2 2 0.000003 0.000785 0.992717 0.006477 0.000018
2 2 0.000030 0.005903 0.993941 0.000076 0.000049
2 2 0.000233 0.008688 0.989571 0.001414 0.000093
2 2 0.000020 0.004172 0.956828 0.038625 0.000355
2 2 0.000001 0.000950 0.997987 0.001043 0.000020
2 2 0.000007 0.001377 0.992143 0.006439 0.000034
2 2 0.000000 0.000204 0.999477 0.000318 0.000002
2 2 0.000000 0.000196 0.999641 0.000162 0.000001
2 2 0.000000 0.000799 0.999116 0.000036 0.000049
2 2 0.000000 0.000213 0.999327 0.000456 0.000004
2 2 0.000000 0.000491 0.999223 0.000284 0.000002
2 2 0.000000 0.000462 0.997005 0.002519 0.000014
2 2 0.000001 0.000717 0.996132 0.003133 0.000017
2 2 0.000000 0.000512 0.998354 0.001119 0.000015
2 2 0.000002 0.000560 0.689329 0.310069 0.000039
2 2 0.000000 0.000033 0.978883 0.021083 0.000000
2 2 0.000000 0.000003 0.999477 0.000520 0.000000
2 2 0.000011 0.001386 0.991202 0.007387 0.000013
2 2 0.000001 0.000805 0.985677 0.013497 0.000020
2 2 0.000000 0.000020 0.997996 0.001984 0.000000
2 2 0.000000 0.000123 0.999019 0.000858 0.000000
2 2 0.000000 0.000014 0.997959 0.002027 0.000000
2 2 0.000000 0.000578 0.994724 0.004684 0.000013
3 2 0.000034 0.000301 0.099371 0.900005 0.000290
2 2 0.000000 0.000094 0.987301 0.012604 0.000001
2 2 0.000001 0.000078 0.913649 0.086272 0.000000
2 2 0.000013 0.001499 0.950267 0.048136 0.000086
2 2 0.000000 0.000312 0.999173 0.000512 0.000003
2 2 0.000000 0.000015 0.997939 0.002046 0.000000
2 2 0.000000 0.000372 0.973382 0.026238 0.000008
2 2 0.000001 0.000652 0.998963 0.000382 0.000003
2 2 0.000015 0.002272 0.990976 0.006715 0.000022
2 2 0.000004 0.001678 0.960170 0.038051 0.000097
2 2 0.000001 0.000344 0.928623 0.071026 0.000006
2 2 0.000000 0.000135 0.956270 0.043591 0.000003
3 3 0.000002 0.000081 0.132583 0.867318 0.000015
2 3 0.000000 0.000253 0.923242 0.076499 0.000005
2 3 0.000000 0.000070 0.961009 0.038920 0.000002
2 3 0.000002 0.000163 0.519827 0.480001 0.000007
2 3 0.000162 0.003048 0.921157 0.075523 0.000110
2 3 0.000001 0.000861 0.965338 0.033764 0.000036
2 3 0.000022 0.001848 0.921991 0.076084 0.000055
2 3 0.000009 0.000927 0.738487 0.260495 0.000082
2 3 0.000002 0.000432 0.852697 0.146858 0.000012
3 3 0.000000 0.000041 0.438529 0.561427 0.000002
3 3 0.000000 0.000015 0.306696 0.693287 0.000002
2 3 0.000000 0.000082 0.657371 0.342541 0.000006
2 3 0.000000 0.000100 0.911486 0.088410 0.000004
2 3 0.000000 0.000103 0.715066 0.284822 0.000008
2 3 0.000001 0.000284 0.704841 0.294853 0.000021
2 3 0.000001 0.000631 0.922543 0.076774 0.000051
3 3 0.000002 0.000203 0.301723 0.698037 0.000036
2 3 0.000028 0.016819 0.977094 0.003612 0.002448
2 3 0.000002 0.002692 0.995560 0.001505 0.000241
2 2 0.000052 0.008214 0.988130 0.003519 0.000084
2 2 0.000004 0.000635 0.995681 0.003679 0.000001
2 2 0.000018 0.002309 0.995786 0.001878 0.000008
2 2 0.003349 0.068787 0.912169 0.008777 0.006917
0 1 0.312488 0.294264 0.207766 0.074307 0.111175
1 2 0.014437 0.439886 0.336331 0.000069 0.209277
2 2 0.003518 0.082959 0.883216 0.002727 0.027581
2 2 0.002158 0.029205 0.957947 0.007873 0.002817
2 2 0.000120 0.035679 0.960391 0.000490 0.003320
2 2 0.000007 0.003072 0.993184 0.003685 0.000052
2 2 0.000063 0.006923 0.971045 0.021803 0.000167
2 2 0.000012 0.003052 0.995522 0.001402 0.000011
2 2 0.000000 0.000031 0.998722 0.001246 0.000000
1 2 0.172532 0.376702 0.269210 0.002913 0.178643
2 2 0.000930 0.072598 0.917196 0.000628 0.008647
2 2 0.000013 0.001617 0.981126 0.017187 0.000056
2 2 0.002164 0.070686 0.890844 0.011197 0.025109
2 2 0.000001 0.001029 0.998796 0.000171 0.000004
2 2 0.000246 0.009587 0.987324 0.002628 0.000217
2 2 0.000641 0.029657 0.954799 0.012979 0.001924
2 2 0.000237 0.024845 0.953968 0.013502 0.007448
2 2 0.000002 0.001360 0.994834 0.003778 0.000026
2 2 0.000001 0.000852 0.998477 0.000663 0.000007
2 2 0.000008 0.003646 0.996102 0.000203 0.000042
2 2 0.000001 0.001976 0.974649 0.023035 0.000339
2 2 0.000000 0.000212 0.999200 0.000584 0.000004
2 2 0.000000 0.000238 0.999025 0.000734 0.000002
2 2 0.000000 0.000349 0.995294 0.004345 0.000012
2 2 0.000622 0.029453 0.800221 0.151097 0.018606
2 2 0.002121 0.054266 0.916185 0.019326 0.008102
2 2 0.000001 0.001039 0.997794 0.001149 0.000018
2 2 0.000010 0.002363 0.984028 0.013543 0.000056
2 2 0.000000 0.000224 0.995571 0.004204 0.000001
2 2 0.000000 0.000286 0.998161 0.001551 0.000002
2 2 0.000027 0.014750 0.982369 0.000552 0.002303
2 2 0.000000 0.000060 0.999741 0.000199 0.000000
2 2 0.000002 0.000762 0.996650 0.002583 0.000003
2 2 0.000000 0.000005 0.997476 0.002519 0.000000
2 2 0.000000 0.000016 0.998726 0.001258 0.000000
2 2 0.000000 0.000034 0.994451 0.005515 0.000000
2 2 0.000000 0.000203 0.997213 0.002583 0.000001
2 2 0.000000 0.000037 0.999157 0.000806 0.000000
2 2 0.000000 0.000258 0.998008 0.001731 0.000003
2 2 0.000040 0.002418 0.941368 0.056135 0.000040
2 2 0.000155 0.005028 0.986610 0.008102 0.000105
2 2 0.000000 0.000096 0.992289 0.007615 0.000001
2 2 0.000000 0.000182 0.994300 0.005517 0.000001
2 2 0.000000 0.000075 0.997427 0.002498 0.000001
2 2 0.000000 0.000243 0.996986 0.002768 0.000002
2 2 0.000000 0.000865 0.998619 0.000509 0.000007
2 2 0.000000 0.000625 0.998098 0.001274 0.000003
2 2 0.000000 0.000326 0.999059 0.000610 0.000005
2 2 0.000006 0.003622 0.995457 0.000853 0.000063
2 2 0.000002 0.000978 0.997743 0.001260 0.000017
2 2 0.000000 0.000222 0.999457 0.000319 0.000001
2 2 0.000001 0.000998 0.966318 0.032569 0.000114
2 2 0.000078 0.012739 0.984851 0.000999 0.001333
2 2 0.000022 0.005817 0.981232 0.011886 0.001044
2 2 0.000000 0.000193 0.998092 0.001715 0.000000
2 2 0.000000 0.000176 0.966654 0.033168 0.000002
2 2 0.000092 0.004124 0.990414 0.005260 0.000109
2 2 0.000030 0.002747 0.963330 0.033831 0.000062
2 2 0.000039 0.001836 0.866007 0.132059 0.000060
2 2 0.000897 0.025529 0.609818 0.332526 0.031231
2 2 0.000001 0.001207 0.983132 0.015638 0.000022
2 2 0.000498 0.015691 0.965028 0.017899 0.000884
1 1 0.286394 0.308704 0.273858 0.047854 0.083190
2 2 0.000976 0.074236 0.920829 0.001110 0.002849
2 2 0.000009 0.002541 0.985971 0.011445 0.000034
2 2 0.000221 0.009491 0.978922 0.011056 0.000309
2 2 0.007713 0.243338 0.732166 0.001755 0.015027
2 2 0.000008 0.003932 0.994076 0.001936 0.000048
2 2 0.000024 0.002329 0.965667 0.031940 0.000040
2 2 0.000008 0.003669 0.996188 0.000109 0.000027
2 2 0.000000 0.000015 0.999803 0.000181 0.000000
2 2 0.035701 0.279714 0.621428 0.001820 0.061338
1 2 0.203550 0.522265 0.238368 0.000051 0.035765
1 2 0.099831 0.528443 0.215003 0.000222 0.156501
2 2 0.001405 0.061093 0.925137 0.007694 0.004672
2 2 0.007302 0.148813 0.815670 0.002510 0.025705
2 2 0.005085 0.056994 0.869604 0.041094 0.027223
2 2 0.000365 0.011039 0.971962 0.016236 0.000399
2 2 0.000000 0.000271 0.998673 0.001055 0.000000
2 2 0.000000 0.000315 0.996114 0.003570 0.000001
2 2 0.000136 0.024702 0.967851 0.005788 0.001523
2 2 0.000000 0.000417 0.999401 0.000181 0.000002
2 2 0.000000 0.000092 0.998780 0.001128 0.000000
2 2 0.000003 0.005263 0.994134 0.000305 0.000296
2 2 0.000069 0.006829 0.992223 0.000805 0.000074
2 2 0.000086 0.019091 0.973597 0.004204 0.003023
2 2 0.000312 0.013925 0.982418 0.002835 0.000510
2 2 0.003497 0.063893 0.918628 0.004646 0.009336
2 2 0.002692 0.132527 0.859592 0.000232 0.004956
2 2 0.000166 0.016465 0.982515 0.000483 0.000371
2 2 0.001632 0.025772 0.916691 0.052866 0.003039
4 1 0.067442 0.194438 0.030716 0.000065 0.707339
0 1 0.695100 0.192909 0.047252 0.000292 0.064447
2 2 0.017396 0.366211 0.482821 0.002794 0.130778
2 2 0.000176 0.013229 0.984756 0.001669 0.000170
2 2 0.000040 0.004980 0.987185 0.007716 0.000079
2 2 0.000100 0.013392 0.984050 0.001729 0.000729
2 2 0.000833 0.041462 0.929995 0.007513 0.020198
2 2 0.000941 0.040585 0.940369 0.006740 0.011365
2 2 0.000002 0.002322 0.997233 0.000384 0.000059
2 2 0.000000 0.000489 0.998613 0.000895 0.000003
2 2 0.000123 0.004402 0.973171 0.022232 0.000072
2 2 0.000001 0.000369 0.935274 0.064350 0.000006
2 2 0.000000 0.000041 0.995759 0.004200 0.000000
2 2 0.000001 0.000628 0.998802 0.000566 0.000003
2 2 0.000077 0.002830 0.972902 0.024134 0.000057
2 2 0.000000 0.001098 0.994397 0.004394 0.000111
2 2 0.000003 0.001837 0.977913 0.020063 0.000184
2 2 0.000141 0.022508 0.966320 0.007411 0.003620
2 2 0.000000 0.000242 0.998271 0.001486 0.000001
2 2 0.000005 0.002128 0.997350 0.000501 0.000016
2 2 0.003848 0.094337 0.884281 0.001524 0.016010
2 2 0.001908 0.231431 0.693661 0.010858 0.062141
2 2 0.000346 0.027675 0.968279 0.002333 0.001368
2 2 0.000010 0.001741 0.975166 0.023054 0.000028
2 2 0.167554 0.326039 0.386288 0.017272 0.102848
2 2 0.000087 0.014702 0.985103 0.000021 0.000087
2 2 0.000014 0.004283 0.994149 0.001504 0.000051
2 2 0.004010 0.036467 0.955357 0.003253 0.000913
2 2 0.000580 0.116949 0.753154 0.005064 0.124253
2 2 0.000000 0.000379 0.986506 0.013111 0.000004
2 2 0.000000 0.000709 0.998334 0.000944 0.000013
2 2 0.000303 0.027191 0.971711 0.000232 0.000563
2 2 0.004188 0.045151 0.937712 0.011578 0.001372
0 0 0.315044 0.124333 0.145806 0.304819 0.109997
0 0 0.655490 0.131673 0.025139 0.000191 0.187506
0 0 0.982841 0.014039 0.003108 0.000000 0.000011
0 0 0.916465 0.057381 0.023122 0.000519 0.002513
0 0 0.624632 0.067653 0.013819 0.000508 0.293389
1 0 0.353201 0.439783 0.048899 0.000003 0.158114
0 0 0.783030 0.081839 0.014132 0.000085 0.120914
0 0 0.732020 0.209127 0.034430 0.000012 0.024411
4 0 0.264384 0.165554 0.023273 0.000051 0.546737
4 0 0.053138 0.352997 0.098484 0.000125 0.495256
1 0 0.280808 0.354021 0.066311 0.000025 0.298834
1 0 0.093291 0.564784 0.177015 0.000042 0.164868
0 0 0.465999 0.195558 0.032116 0.000049 0.306277
4 0 0.145792 0.377125 0.054296 0.000006 0.422781
4 0 0.095266 0.014576 0.003798 0.000586 0.885774
4 0 0.142275 0.009761 0.001262 0.000085 0.846617
0 0 0.677782 0.143395 0.019182 0.000021 0.159620
0 0 0.901377 0.023972 0.004813 0.000214 0.069625
4 0 0.302215 0.041559 0.012101 0.001906 0.642218
0 0 0.504870 0.167509 0.027965 0.000109 0.299547
4 0 0.039391 0.424320 0.094448 0.000007 0.441834
0 0 0.731614 0.126162 0.017947 0.000026 0.124251
4 0 0.195459 0.362223 0.061606 0.000007 0.380705
4 1 0.032745 0.043260 0.005769 0.000008 0.918218
4 1 0.018966 0.016775 0.003044 0.000020 0.961196
4 1 0.024766 0.206768 0.046445 0.000008 0.722013
1 1 0.111516 0.649800 0.127509 0.000002 0.111173
1 1 0.035880 0.623214 0.159104 0.000002 0.181800
1 2 0.024147 0.424547 0.214938 0.000249 0.336118
4 2 0.002141 0.249265 0.229810 0.000420 0.518365
2 2 0.001692 0.155631 0.553231 0.003417 0.286028
2 2 0.000035 0.024218 0.970390 0.001886 0.003471
2 2 0.000514 0.056226 0.894359 0.023444 0.025457
2 2 0.000001 0.003852 0.994561 0.001115 0.000472
2 2 0.000001 0.000963 0.983888 0.015105 0.000044
2 2 0.000000 0.000363 0.997604 0.002020 0.000013
2 2 0.000000 0.000088 0.999690 0.000221 0.000001
2 2 0.000029 0.020046 0.969616 0.002784 0.007525
2 2 0.000001 0.002666 0.997134 0.000146 0.000052
2 2 0.000000 0.000489 0.999049 0.000456 0.000005
2 2 0.000000 0.000050 0.997920 0.002029 0.000000
2 2 0.000000 0.000234 0.998957 0.000808 0.000000
2 2 0.000000 0.000287 0.999151 0.000560 0.000001
2 2 0.000000 0.000088 0.998575 0.001336 0.000000
2 2 0.000000 0.000122 0.998190 0.001687 0.000001
2 2 0.000002 0.002342 0.996306 0.001303 0.000048
2 2 0.000000 0.000066 0.999761 0.000172 0.000001
2 2 0.000322 0.069758 0.919702 0.000224 0.009994
2 2 0.000004 0.002002 0.997579 0.000402 0.000014
2 2 0.000000 0.000080 0.999809 0.000111 0.000000
2 2 0.000000 0.000713 0.999097 0.000177 0.000012
2 2 0.000000 0.000362 0.999087 0.000548 0.000003
2 2 0.000031 0.003535 0.993768 0.002343 0.000323
2 2 0.000001 0.000994 0.998395 0.000604 0.000005
2 2 0.000000 0.000056 0.999647 0.000296 0.000001
2 2 0.000000 0.000139 0.999213 0.000647 0.000001
2 2 0.000000 0.000365 0.999405 0.000227 0.000003
2 2 0.000000 0.000030 0.999776 0.000194 0.000000
2 2 0.000000 0.000102 0.999464 0.000433 0.000001
2 2 0.000000 0.000072 0.999891 0.000037 0.000000
2 2 0.000000 0.000011 0.999791 0.000198 0.000000
2 2 0.000000 0.000016 0.999933 0.000051 0.000000
2 2 0.000000 0.000022 0.999333 0.000644 0.000000
2 2 0.000000 0.000026 0.999408 0.000566 0.000000
2 2 0.000001 0.000714 0.998073 0.001207 0.000004
2 2 0.000008 0.000972 0.997622 0.001395 0.000002
2 2 0.000000 0.000018 0.999277 0.000705 0.000000
2 2 0.000000 0.000050 0.999210 0.000741 0.000000
2 2 0.000002 0.000536 0.995450 0.004011 0.000002
2 2 0.000000 0.000075 0.997086 0.002839 0.000000
2 2 0.000000 0.000021 0.917183 0.082795 0.000000
2 2 0.000000 0.000029 0.998402 0.001570 0.000000
2 2 0.000000 0.000153 0.997936 0.001910 0.000001
2 2 0.000002 0.000560 0.988652 0.010783 0.000003
2 2 0.000000 0.000019 0.999359 0.000622 0.000000
2 2 0.000000 0.000109 0.999510 0.000381 0.000000
2 2 0.000000 0.000125 0.998494 0.001380 0.000000
2 2 0.000000 0.000026 0.996687 0.003287 0.000000
2 2 0.000009 0.002271 0.996426 0.001270 0.000024
2 2 0.000001 0.000250 0.961499 0.038248 0.000002
2 2 0.000000 0.000067 0.949703 0.050229 0.000001
2 2 0.000001 0.000348 0.957656 0.041991 0.000004
2 2 0.000000 0.000006 0.951924 0.048070 0.000000
2 3 0.000001 0.000223 0.792443 0.207327 0.000005
2 3 0.000000 0.000218 0.988513 0.011267 0.000002
2 3 0.000121 0.001119 0.604409 0.394296 0.000055
2 3 0.000000 0.000121 0.995891 0.003988 0.000000
3 3 0.000002 0.000117 0.317985 0.681889 0.000008
3 3 0.000017 0.000419 0.415872 0.583667 0.000025
2 3 0.000110 0.003363 0.938403 0.057972 0.000153
2 3 0.000001 0.000176 0.709545 0.290270 0.000007
2 3 0.000007 0.000645 0.876393 0.122942 0.000013
2 3 0.000000 0.000125 0.803144 0.196725 0.000006
2 3 0.000001 0.000384 0.966697 0.032913 0.000005
2 3 0.000021 0.001019 0.942549 0.056400 0.000011
3 3 0.000661 0.002898 0.403875 0.592197 0.000369
2 3 0.000009 0.000569 0.708878 0.290500 0.000044
3 3 0.000014 0.000432 0.264043 0.735429 0.000082
3 3 0.000001 0.000100 0.190245 0.809614 0.000041
3 3 0.000020 0.000264 0.091863 0.907659 0.000194
3 3 0.000088 0.000503 0.077655 0.921491 0.000263
3 3 0.000081 0.001251 0.314297 0.684123 0.000249
2 3 0.000000 0.000036 0.776551 0.223410 0.000002
3 3 0.000001 0.000060 0.092144 0.907771 0.000024
2 3 0.000003 0.000768 0.713393 0.285733 0.000104
3 3 0.000001 0.000022 0.028067 0.971893 0.000017
2 3 0.000000 0.000046 0.685352 0.314600 0.000002
2 3 0.000013 0.001352 0.945650 0.052959 0.000026
2 3 0.000001 0.000113 0.559407 0.440474 0.000005
2 3 0.000000 0.000154 0.778152 0.221689 0.000005
3 3 0.000023 0.000290 0.065750 0.933742 0.000194
3 3 0.000011 0.000439 0.197312 0.802079 0.000159
2 3 0.000202 0.002555 0.636015 0.361078 0.000149
2 3 0.000008 0.000616 0.833245 0.166114 0.000017
2 3 0.000000 0.000065 0.921049 0.078885 0.000001
2 3 0.000190 0.003847 0.604947 0.390547 0.000468
3 3 0.000331 0.001207 0.288650 0.709661 0.000151
2 3 0.000037 0.001650 0.546131 0.451975 0.000206
3 3 0.000180 0.001381 0.353423 0.644862 0.000155
3 3 0.000239 0.003319 0.460566 0.535384 0.000492
3 3 0.000003 0.000156 0.235853 0.763965 0.000023
3 3 0.000015 0.000154 0.043863 0.955840 0.000128
2 3 0.000001 0.000170 0.908787 0.091041 0.000002
2 3 0.000001 0.000247 0.850370 0.149375 0.000006
2 3 0.000063 0.001508 0.690382 0.307979 0.000068
3 3 0.000186 0.000581 0.066492 0.932404 0.000337
3 3 0.000070 0.000419 0.156697 0.842734 0.000080
2 3 0.000561 0.003248 0.757849 0.238167 0.000175
3 3 0.000266 0.003009 0.368788 0.627090 0.000847
2 3 0.000050 0.007929 0.966711 0.024239 0.001071
3 3 0.000001 0.000128 0.399650 0.600210 0.000011
3 3 0.000262 0.003926 0.447755 0.547347 0.000710
3 3 0.000039 0.000379 0.112614 0.886846 0.000122
3 3 0.000206 0.000867 0.060689 0.937471 0.000765
3 3 0.000422 0.002124 0.146934 0.849241 0.001280
3 3 0.000080 0.001425 0.316460 0.681756 0.000279
2 3 0.000002 0.000837 0.865640 0.133469 0.000053
2 3 0.000004 0.000694 0.781448 0.217753 0.000101
2 3 0.000000 0.000032 0.749770 0.250198 0.000001
2 3 0.004033 0.025329 0.813684 0.154345 0.002608
3 3 0.000156 0.001294 0.116826 0.881082 0.000643
2 3 0.000506 0.012980 0.718672 0.260285 0.007557
2 3 0.000095 0.013581 0.980862 0.005217 0.000245
2 2 0.000000 0.000444 0.997185 0.002368 0.000003
2 2 0.000000 0.000987 0.998910 0.000098 0.000005
2 2 0.000000 0.000153 0.999672 0.000174 0.000001
2 2 0.000000 0.000267 0.995972 0.003757 0.000004
2 2 0.000000 0.000220 0.991813 0.007965 0.000001
2 2 0.000004 0.001555 0.992362 0.005994 0.000086
2 2 0.001423 0.063312 0.931520 0.000189 0.003555
2 2 0.000188 0.045294 0.946053 0.000813 0.007652
2 2 0.002202 0.035717 0.771585 0.099891 0.090606
4 2 0.052354 0.298975 0.202941 0.000365 0.445365
2 2 0.001277 0.094858 0.888472 0.008628 0.006765
2 2 0.001461 0.057491 0.852403 0.021777 0.066868
4 2 0.084374 0.097885 0.095142 0.005298 0.717301
4 2 0.036577 0.232350 0.194879 0.001830 0.534364
4 4 0.044768 0.046705 0.027596 0.006553 0.874378
4 4 0.018342 0.021615 0.009246 0.000523 0.950274
4 4 0.020547 0.011440 0.003701 0.000222 0.964091
4 4 0.220283 0.009881 0.002671 0.000943 0.766221
4 4 0.098042 0.006886 0.003502 0.014266 0.877304
4 4 0.009287 0.010260 0.006784 0.001122 0.972547
4 4 0.073087 0.002539 0.001397 0.013665 0.909312
4 4 0.028988 0.069067 0.016095 0.000087 0.885763
4 4 0.035921 0.006805 0.002174 0.000513 0.954587
4 4 0.035873 0.005960 0.001479 0.000194 0.956494
4 4 0.134342 0.006180 0.001912 0.003346 0.854220
4 4 0.109935 0.004668 0.001183 0.001163 0.883051
4 4 0.087222 0.029102 0.013689 0.002379 0.867609
4 4 0.133566 0.101343 0.031387 0.001751 0.731954
4 4 0.101149 0.014775 0.005874 0.005286 0.872916
4 4 0.041843 0.032633 0.019129 0.005909 0.900486
4 4 0.164151 0.011687 0.003367 0.003237 0.817558
4 4 0.459229 0.041469 0.007900 0.000540 0.490862
4 4 0.226242 0.009155 0.001891 0.001498 0.761215
1 4 0.371955 0.407875 0.067351 0.000037 0.152781
4 4 0.019894 0.328058 0.159300 0.000365 0.492384
4 4 0.045294 0.155677 0.040214 0.000167 0.758648
4 4 0.025069 0.004067 0.001130 0.000183 0.969552
4 4 0.190439 0.086978 0.020743 0.000227 0.701612
4 4 0.023597 0.023704 0.005696 0.000080 0.946923
4 4 0.437063 0.000345 0.000121 0.051335 0.511137
4 4 0.130012 0.000776 0.000125 0.000309 0.868779
4 4 0.050133 0.005616 0.001621 0.000580 0.942050
4 4 0.187725 0.021011 0.004929 0.000874 0.785461
4 4 0.101051 0.008003 0.001951 0.000832 0.888163
4 4 0.093238 0.003696 0.000550 0.000117 0.902399
4 4 0.070551 0.028506 0.013383 0.002344 0.885215
4 4 0.048921 0.096296 0.035142 0.000232 0.819409
4 4 0.187564 0.050000 0.010732 0.000218 0.751487
4 4 0.113397 0.081826 0.019115 0.000304 0.785357
1 4 0.216436 0.443285 0.092704 0.000080 0.247495
1 4 0.285977 0.479201 0.128361 0.000124 0.106338
1 1 0.196912 0.465209 0.107595 0.000092 0.230192
4 1 0.073285 0.057091 0.007260 0.000034 0.862330
4 2 0.008932 0.233322 0.167849 0.001269 0.588629
4 2 0.012720 0.050620 0.017047 0.000111 0.919501
4 4 0.116798 0.005808 0.001707 0.002225 0.873462
4 4 0.044782 0.045092 0.009338 0.000109 0.900678
4 4 0.038476 0.034779 0.012517 0.000770 0.913458
4 4 0.117239 0.045634 0.017130 0.000832 0.819166
4 4 0.022659 0.017174 0.009422 0.001935 0.948810
4 4 0.117597 0.019163 0.004097 0.000576 0.858567
4 4 0.087435 0.016762 0.004939 0.001298 0.889566
4 4 0.117821 0.054796 0.015484 0.000967 0.810931
4 4 0.071399 0.024905 0.010519 0.003753 0.889424
4 4 0.012702 0.043528 0.020300 0.000399 0.923069
4 4 0.011456 0.189036 0.067727 0.000096 0.731685
4 4 0.046846 0.024645 0.005679 0.000143 0.922687
4 4 0.039258 0.003280 0.002194 0.011303 0.943966
4 4 0.003302 0.030007 0.009034 0.000010 0.957648
4 4 0.016590 0.045793 0.034774 0.003982 0.898861
4 4 0.124192 0.013100 0.003506 0.001561 0.857641
4 4 0.290498 0.005404 0.000951 0.000728 0.702419
4 4 0.271636 0.003786 0.001004 0.005846 0.717729
4 4 0.003859 0.216456 0.341676 0.001284 0.436725
2 2 0.000025 0.037954 0.932994 0.004458 0.024569
4 2 0.012304 0.224423 0.215912 0.001505 0.545856
4 2 0.041784 0.171631 0.028092 0.000020 0.758473
1 2 0.152097 0.469610 0.257604 0.002324 0.118364
2 2 0.005383 0.289203 0.578635 0.002127 0.124653
2 2 0.004714 0.321676 0.337654 0.000320 0.335636
4 2 0.011154 0.259122 0.299365 0.003583 0.426776
2 2 0.000095 0.028658 0.959635 0.005504 0.006109
2 2 0.000003 0.008858 0.970952 0.016402 0.003786
2 2 0.000048 0.040186 0.937867 0.002445 0.019454
2 2 0.002841 0.200303 0.681649 0.004269 0.110938
2 2 0.000317 0.051339 0.897687 0.033980 0.016677
2 2 0.000089 0.028208 0.955662 0.011735 0.004305
2 2 0.000004 0.014613 0.974836 0.001900 0.008647
2 2 0.000019 0.022162 0.955359 0.013219 0.009241
4 2 0.019921 0.101280 0.139290 0.004005 0.735504
4 2 0.023041 0.065399 0.039392 0.002556 0.869612
2 2 0.002454 0.150699 0.687650 0.015964 0.143234
2 2 0.000007 0.009722 0.984850 0.004273 0.001148
2 2 0.000032 0.029913 0.942689 0.005207 0.022158
2 2 0.000501 0.106402 0.832589 0.001892 0.058616
4 2 0.031454 0.146150 0.063509 0.001095 0.757792
2 2 0.000034 0.014935 0.832931 0.147029 0.005072
2 2 0.000002 0.003307 0.962937 0.033128 0.000627
2 2 0.000000 0.001379 0.994253 0.004283 0.000085
2 2 0.000001 0.000113 0.999358 0.000529 0.000000
1 2 0.197709 0.483297 0.314300 0.000068 0.004626
2 2 0.004747 0.115006 0.872254 0.000241 0.007752
2 2 0.000000 0.001215 0.998735 0.000036 0.000013
2 2 0.000006 0.002721 0.996036 0.001143 0.000093
2 2 0.000001 0.000901 0.998524 0.000568 0.000006
2 2 0.000000 0.000623 0.999301 0.000069 0.000006
2 2 0.000000 0.000480 0.998728 0.000783 0.000008
2 2 0.000001 0.001600 0.998145 0.000173 0.000082
2 2 0.000029 0.011163 0.988267 0.000201 0.000341
2 2 0.000000 0.000160 0.999777 0.000063 0.000000
2 2 0.000000 0.000209 0.999763 0.000027 0.000000
2 2 0.000009 0.007652 0.992079 0.000045 0.000216
2 2 0.000008 0.006418 0.993297 0.000103 0.000174
2 2 0.000000 0.000132 0.999799 0.000069 0.000000
2 2 0.000000 0.001193 0.998758 0.000039 0.000010
2 2 0.000005 0.003816 0.996092 0.000056 0.000031
2 2 0.000000 0.000640 0.999316 0.000041 0.000002
2 2 0.000004 0.002695 0.997226 0.000054 0.000021
2 2 0.000000 0.000315 0.999416 0.000268 0.000002
2 2 0.000000 0.000252 0.999564 0.000183 0.000002
2 2 0.000000 0.000134 0.999737 0.000128 0.000001
2 2 0.000000 0.001286 0.998571 0.000120 0.000022
2 2 0.000048 0.006113 0.989627 0.003733 0.000480
2 2 0.000209 0.016858 0.981502 0.000418 0.001013
2 2 0.000001 0.001618 0.998348 0.000018 0.000016
2 2 0.000005 0.001940 0.997934 0.000107 0.000015
2 2 0.000034 0.002457 0.995363 0.002131 0.000015
2 2 0.000000 0.000420 0.999469 0.000109 0.000002
2 2 0.000000 0.000192 0.999732 0.000075 0.000001
2 2 0.000000 0.000096 0.999859 0.000045 0.000000
