0 0 0.933600 0.031946 0.010438 0.000391 0.023625
0 0 0.726712 0.123418 0.061598 0.011526 0.076746
0 0 0.648390 0.163819 0.070598 0.014468 0.102725
0 0 0.899640 0.046957 0.020977 0.001409 0.031017
0 0 0.897270 0.055987 0.017421 0.000362 0.028959
0 0 0.980435 0.009321 0.002550 0.000032 0.007661
0 0 0.609789 0.126687 0.129492 0.066704 0.067328
0 0 0.825254 0.074075 0.047535 0.007834 0.045303
0 0 0.823485 0.059138 0.066200 0.018494 0.032683
0 0 0.980464 0.009002 0.003603 0.000071 0.006860
0 0 0.923469 0.025955 0.030785 0.004875 0.014917
0 0 0.949852 0.024014 0.010954 0.000350 0.014830
0 0 0.932477 0.023832 0.027042 0.002793 0.013856
0 0 0.797728 0.073101 0.077799 0.016324 0.035047
0 0 0.465151 0.160174 0.167346 0.124875 0.082453
0 0 0.863580 0.077575 0.029068 0.000270 0.029507
0 0 0.751178 0.069012 0.099393 0.044667 0.035749
0 0 0.950610 0.021209 0.013299 0.000826 0.014055
0 0 0.924032 0.036555 0.012186 0.000517 0.026711
0 0 0.901004 0.034926 0.041176 0.005574 0.017319
3 0 0.049548 0.037871 0.149639 0.749980 0.012962
0 0 0.954500 0.012586 0.022475 0.003505 0.006934
0 0 0.904020 0.046482 0.026513 0.001072 0.021912
0 0 0.895850 0.050078 0.017512 0.000996 0.035564
0 0 0.643316 0.068953 0.143162 0.111692 0.032876
0 0 0.767680 0.102561 0.067432 0.009818 0.052509
0 0 0.526988 0.085253 0.204553 0.144791 0.038415
0 0 0.528940 0.213765 0.098315 0.030032 0.128949
0 0 0.722937 0.130720 0.053784 0.008295 0.084264
0 0 0.908158 0.044182 0.015156 0.000766 0.031738
0 0 0.469129 0.113526 0.182171 0.180594 0.054580
3 0 0.064449 0.062301 0.157809 0.690266 0.025174
2 0 0.089440 0.162326 0.524980 0.191557 0.031697
0 0 0.396663 0.219478 0.238119 0.075227 0.070514
2 0 0.239775 0.232836 0.345928 0.126788 0.054674
0 0 0.475931 0.173257 0.210545 0.078169 0.062098
0 0 0.826697 0.076216 0.043126 0.006207 0.047754
0 0 0.897508 0.047809 0.020596 0.001463 0.032624
0 0 0.840074 0.076573 0.028654 0.002469 0.052230
0 0 0.849760 0.077435 0.026946 0.001268 0.044591
0 0 0.928722 0.034296 0.011324 0.000453 0.025204
0 0 0.734754 0.113399 0.068505 0.015165 0.068177
0 0 0.867002 0.062351 0.026384 0.002249 0.042013
0 0 0.535539 0.112548 0.164374 0.131956 0.055582
2 0 0.185308 0.293967 0.451562 0.022979 0.046185
0 0 0.494653 0.197487 0.260871 0.011193 0.035797
2 0 0.297561 0.154253 0.454489 0.064357 0.029340
3 0 0.117242 0.072455 0.182948 0.597171 0.030184
2 0 0.120774 0.079179 0.618176 0.169660 0.012210
3 0 0.112984 0.070245 0.398625 0.402877 0.015270
2 0 0.187433 0.314939 0.448695 0.013752 0.035181
2 0 0.261173 0.136150 0.390070 0.178214 0.034393
2 0 0.308226 0.059320 0.409345 0.205104 0.018005
0 0 0.571994 0.054703 0.216324 0.134147 0.022832
0 0 0.720695 0.120927 0.069846 0.015493 0.073039
0 0 0.632921 0.094811 0.143903 0.081113 0.047251
0 0 0.854846 0.069594 0.025638 0.002007 0.047914
0 0 0.589171 0.189133 0.084255 0.021163 0.116278
0 0 0.767207 0.115897 0.044487 0.004064 0.068346
0 0 0.653540 0.074590 0.137991 0.097592 0.036286
0 0 0.718665 0.113530 0.101089 0.017884 0.048832
0 0 0.843814 0.080744 0.040941 0.001506 0.032995
0 0 0.918631 0.041507 0.013294 0.000388 0.026180
0 0 0.888008 0.053826 0.019035 0.001160 0.037971
0 0 0.918979 0.038985 0.013122 0.000590 0.028323
0 0 0.922745 0.037174 0.012423 0.000535 0.027123
0 0 0.941845 0.027969 0.008961 0.000298 0.020927
0 0 0.820707 0.112428 0.032078 0.000255 0.034533
0 0 0.534985 0.131798 0.189209 0.091593 0.052415
0 0 0.590277 0.182347 0.091743 0.026046 0.109588
0 0 0.862060 0.083045 0.024085 0.000244 0.030566
0 0 0.695810 0.111874 0.109131 0.030212 0.052974
0 0 0.828210 0.075702 0.042532 0.006033 0.047523
0 0 0.454187 0.181906 0.215228 0.083260 0.065418
0 0 0.718021 0.132940 0.054876 0.008636 0.085527
0 0 0.927886 0.037497 0.014164 0.000322 0.020131
1 0 0.217312 0.304468 0.166340 0.146122 0.165758
0 0 0.684487 0.158255 0.063366 0.007230 0.086661
1 1 0.151615 0.532213 0.211403 0.009852 0.094918
3 1 0.288898 0.080112 0.225393 0.371578 0.034020
0 1 0.885046 0.055240 0.019615 0.001225 0.038874
0 0 0.988318 0.006928 0.001427 0.000002 0.003325
0 0 0.819327 0.097836 0.042352 0.001330 0.039154
0 0 0.758905 0.155460 0.044483 0.000320 0.040833
0 0 0.840522 0.091681 0.037060 0.000552 0.030185
0 0 0.563192 0.110196 0.213806 0.077839 0.034967
0 0 0.894573 0.062269 0.017777 0.000174 0.025206
2 0 0.223293 0.148178 0.297338 0.285917 0.045274
1 0 0.077991 0.511369 0.280493 0.039075 0.091073
0 0 0.683983 0.059210 0.144010 0.087891 0.024906
0 0 0.904189 0.048149 0.016017 0.000610 0.031036
2 0 0.206578 0.234051 0.256110 0.217285 0.085976
3 0 0.099581 0.079570 0.364992 0.441144 0.014713
2 0 0.045034 0.108570 0.773366 0.060774 0.012256
0 0 0.743545 0.121365 0.049232 0.006961 0.078897
0 0 0.750780 0.143559 0.048153 0.001331 0.056177
0 0 0.869491 0.065745 0.022863 0.001132 0.040770
0 0 0.470973 0.353559 0.109089 0.000991 0.065388
0 1 0.391264 0.346713 0.139546 0.011039 0.111438
0 1 0.602427 0.243261 0.081789 0.001836 0.070687
0 1 0.934248 0.036129 0.014995 0.000171 0.014457
0 0 0.811058 0.075210 0.094962 0.002790 0.015980
0 0 0.634408 0.102406 0.208959 0.030249 0.023979
0 0 0.964933 0.017522 0.005037 0.000079 0.012429
0 0 0.943136 0.027346 0.008732 0.000284 0.020501
0 0 0.817991 0.084478 0.037940 0.004449 0.055143
0 0 0.938911 0.031268 0.009564 0.000209 0.020048
0 0 0.881093 0.042945 0.043088 0.008089 0.024785
0 0 0.766629 0.063985 0.094877 0.041388 0.033121
0 0 0.449009 0.058771 0.379024 0.104369 0.008826
0 0 0.750427 0.089888 0.083300 0.026170 0.050214
0 0 0.944305 0.026782 0.008526 0.000272 0.020115
0 0 0.901465 0.047390 0.016432 0.000887 0.033826
0 0 0.935002 0.017439 0.004836 0.000037 0.042687
0 0 0.924421 0.038443 0.011675 0.000215 0.025245
0 0 0.896117 0.049950 0.017461 0.000991 0.035481
0 0 0.929094 0.034804 0.011294 0.000389 0.024419
0 0 0.859161 0.070776 0.024951 0.001349 0.043763
0 1 0.435740 0.304288 0.127261 0.014905 0.117807
0 1 0.454253 0.398362 0.097506 0.000115 0.049764
1 1 0.263008 0.497345 0.154023 0.000999 0.084626
0 1 0.429210 0.359317 0.111263 0.000881 0.099329
0 1 0.848690 0.089493 0.022365 0.000054 0.039398
0 1 0.500668 0.277251 0.102251 0.004144 0.115686
1 1 0.148538 0.379139 0.105803 0.000138 0.366381
0 2 0.579861 0.128115 0.039732 0.000310 0.251983
1 2 0.311088 0.326981 0.097912 0.000069 0.263951
1 2 0.154083 0.315820 0.269537 0.000091 0.260469
2 2 0.048636 0.082532 0.848107 0.002095 0.018631
2 2 0.076445 0.286567 0.530456 0.000350 0.106182
2 2 0.003713 0.053778 0.932552 0.000088 0.009869
2 2 0.001913 0.017750 0.972952 0.000308 0.007078
2 2 0.020309 0.050036 0.826498 0.001832 0.101325
2 2 0.006189 0.099427 0.884802 0.000118 0.009463
2 2 0.003406 0.041607 0.940093 0.000401 0.014492
2 2 0.000391 0.006338 0.988708 0.003549 0.001014
2 2 0.050100 0.178175 0.742996 0.001269 0.027460
2 2 0.003456 0.058440 0.927102 0.000310 0.010693
2 2 0.049714 0.094234 0.746816 0.074120 0.035116
2 2 0.002959 0.054930 0.933166 0.000204 0.008740
2 2 0.002184 0.022175 0.962225 0.009741 0.003675
2 2 0.001313 0.012819 0.906610 0.075122 0.004135
2 2 0.000367 0.017609 0.940809 0.035003 0.006212
2 2 0.000385 0.006920 0.845504 0.145373 0.001818
2 3 0.000035 0.001995 0.707384 0.290041 0.000545
2 3 0.000012 0.002550 0.979012 0.018396 0.000031
2 3 0.000012 0.002772 0.931930 0.064675 0.000611
2 3 0.000208 0.005408 0.684215 0.309491 0.000678
2 3 0.000038 0.005664 0.791743 0.200501 0.002053
2 3 0.000041 0.008672 0.873867 0.112220 0.005200
2 3 0.000407 0.008179 0.520803 0.461904 0.008707
2 3 0.000075 0.002451 0.685954 0.311190 0.000329
3 3 0.000106 0.005700 0.490814 0.503076 0.000303
2 3 0.001324 0.026519 0.713095 0.248614 0.010448
2 3 0.001056 0.039532 0.717814 0.214708 0.026890
3 3 0.000380 0.007557 0.343386 0.646776 0.001902
3 3 0.000164 0.004533 0.355594 0.636002 0.003708
3 3 0.000370 0.004158 0.183727 0.808936 0.002809
3 3 0.000011 0.000668 0.224480 0.774765 0.000076
3 3 0.001169 0.011941 0.250935 0.724905 0.011050
3 3 0.000043 0.002504 0.432937 0.563257 0.001258
2 3 0.000310 0.021753 0.780397 0.181989 0.015551
2 3 0.000091 0.009089 0.724781 0.263782 0.002258
2 3 0.000357 0.016472 0.617536 0.358489 0.007146
2 3 0.000141 0.009039 0.615436 0.372236 0.003148
3 3 0.001211 0.007463 0.126671 0.847198 0.017457
3 3 0.000068 0.001597 0.183790 0.814242 0.000303
3 3 0.000035 0.001137 0.206583 0.792160 0.000085
3 3 0.000056 0.000776 0.095594 0.903162 0.000412
3 3 0.000233 0.004057 0.251025 0.742409 0.002276
2 3 0.000282 0.012004 0.541844 0.443999 0.001871
3 3 0.007947 0.059382 0.367722 0.530271 0.034679
3 3 0.000067 0.003872 0.442222 0.553556 0.000283
3 3 0.000044 0.002355 0.347645 0.649258 0.000698
2 3 0.000049 0.003784 0.513720 0.481104 0.001343
3 3 0.000033 0.000825 0.137833 0.861070 0.000239
3 3 0.000043 0.000246 0.019786 0.979839 0.000086
3 3 0.000020 0.000405 0.070143 0.929399 0.000033
3 3 0.000013 0.000204 0.047958 0.951765 0.000060
3 3 0.000318 0.004846 0.198108 0.793567 0.003161
3 3 0.000077 0.001466 0.137702 0.860143 0.000612
3 3 0.000009 0.000462 0.181599 0.817681 0.000248
3 3 0.000017 0.000279 0.058211 0.941319 0.000174
3 3 0.002111 0.010081 0.120090 0.858901 0.008817
3 3 0.001976 0.021682 0.284427 0.646245 0.045671
3 3 0.000077 0.001436 0.162623 0.833875 0.001989
3 3 0.000203 0.001145 0.047714 0.950398 0.000541
3 3 0.000016 0.000242 0.044445 0.955249 0.000048
3 3 0.000004 0.000249 0.123138 0.876581 0.000029
3 3 0.001925 0.006027 0.071076 0.918410 0.002562
3 3 0.000994 0.013827 0.335574 0.645059 0.004546
3 3 0.000143 0.001519 0.098964 0.898764 0.000611
2 3 0.000102 0.007229 0.597957 0.392769 0.001943
2 3 0.000582 0.019155 0.553849 0.420409 0.006005
2 3 0.000378 0.025308 0.780335 0.182824 0.011155
3 3 0.000038 0.000394 0.048188 0.951213 0.000167
3 3 0.001542 0.012485 0.215765 0.748830 0.021378
3 3 0.000083 0.001738 0.192380 0.802260 0.003538
3 3 0.007176 0.032260 0.191207 0.695494 0.073863
3 3 0.000286 0.002779 0.103257 0.881519 0.012158
3 3 0.000284 0.003220 0.128577 0.867412 0.000507
3 3 0.000007 0.000071 0.017321 0.982579 0.000023
3 3 0.000021 0.000458 0.079902 0.917126 0.002493
3 3 0.000091 0.000598 0.035717 0.963195 0.000398
3 3 0.000093 0.002877 0.268591 0.728172 0.000267
2 2 0.042891 0.136454 0.660869 0.131164 0.028622
2 3 0.001925 0.180757 0.798028 0.000730 0.018561
2 3 0.003032 0.183030 0.759977 0.023608 0.030352
1 2 0.013817 0.521397 0.420083 0.000148 0.044555
2 2 0.002402 0.016642 0.800834 0.179039 0.001083
2 2 0.011757 0.245732 0.716126 0.013346 0.013038
2 2 0.027004 0.096167 0.840560 0.020605 0.015664
2 2 0.023893 0.242131 0.687560 0.008128 0.038289
2 2 0.287541 0.286042 0.386171 0.004201 0.036045
0 2 0.641087 0.145356 0.153643 0.014694 0.045220
2 2 0.182320 0.217629 0.581451 0.000931 0.017670
2 2 0.059059 0.157371 0.737342 0.008203 0.038025
2 2 0.001505 0.117312 0.877396 0.000439 0.003348
2 2 0.022669 0.393037 0.473466 0.000313 0.110514
2 2 0.119142 0.127079 0.745821 0.001089 0.006869
1 2 0.200341 0.444583 0.326578 0.000423 0.028075
2 2 0.010328 0.112779 0.869347 0.000730 0.006817
2 2 0.008871 0.068530 0.909567 0.000270 0.012762
2 2 0.022713 0.135836 0.796048 0.001072 0.044331
2 2 0.002942 0.024059 0.969074 0.002855 0.001070
2 2 0.009211 0.022961 0.963989 0.001919 0.001919
2 2 0.004401 0.027958 0.945817 0.018825 0.002999
2 2 0.019675 0.137852 0.783727 0.010422 0.048323
2 2 0.049285 0.225918 0.702651 0.000544 0.021601
2 2 0.079105 0.178629 0.506339 0.162760 0.073167
2 2 0.083481 0.313258 0.461252 0.032920 0.109089
2 2 0.000249 0.006116 0.972034 0.021435 0.000166
2 2 0.000006 0.001052 0.816906 0.182008 0.000029
2 2 0.040242 0.084332 0.621233 0.237997 0.016196
2 2 0.023828 0.185523 0.734868 0.002536 0.053245
2 2 0.100982 0.163317 0.713416 0.007196 0.015089
2 3 0.002153 0.055691 0.918372 0.021153 0.002631
2 3 0.002129 0.031981 0.942506 0.021154 0.002230
2 3 0.000449 0.043762 0.950087 0.004382 0.001319
2 3 0.006707 0.095985 0.875208 0.011834 0.010266
2 3 0.000288 0.034006 0.872344 0.092359 0.001003
2 3 0.002032 0.014178 0.924343 0.058562 0.000885
2 3 0.000750 0.013923 0.948845 0.035860 0.000622
2 3 0.000515 0.026143 0.849644 0.119216 0.004481
3 3 0.003435 0.033305 0.393108 0.560489 0.009663
2 2 0.005193 0.045514 0.640873 0.036732 0.271687
2 2 0.019551 0.116887 0.525713 0.001984 0.335864
2 2 0.005492 0.157027 0.498626 0.018229 0.320626
2 2 0.000158 0.006740 0.987327 0.003069 0.002706
2 2 0.002158 0.084767 0.879608 0.000489 0.032978
2 2 0.000908 0.042494 0.861190 0.059841 0.035567
2 2 0.001603 0.045878 0.905671 0.024084 0.022764
2 2 0.007584 0.026260 0.952481 0.004851 0.008824
2 2 0.174245 0.215200 0.568329 0.004850 0.037375
2 2 0.004599 0.034862 0.954237 0.000329 0.005974
2 2 0.007698 0.152071 0.625956 0.001210 0.213065
2 2 0.001919 0.014841 0.980933 0.001251 0.001056
1 2 0.188069 0.420284 0.243259 0.000290 0.148099
2 2 0.012425 0.037405 0.936510 0.004835 0.008825
2 2 0.011902 0.107167 0.842246 0.000801 0.037885
2 2 0.007834 0.134627 0.718016 0.064921 0.074602
2 2 0.002736 0.057566 0.913009 0.008019 0.018671
2 2 0.000039 0.008604 0.900674 0.088309 0.002373
2 3 0.000679 0.036513 0.949141 0.005205 0.008462
2 3 0.002274 0.051947 0.875319 0.051044 0.019417
2 3 0.000048 0.008792 0.946403 0.042862 0.001896
2 3 0.000831 0.021642 0.605672 0.351151 0.020704
2 3 0.000232 0.013934 0.686940 0.295268 0.003626
2 3 0.000340 0.015046 0.558072 0.423970 0.002573
2 3 0.000101 0.006137 0.562501 0.428990 0.002272
3 3 0.000252 0.005906 0.298134 0.694266 0.001443
3 3 0.001023 0.003669 0.063357 0.930768 0.001184
3 3 0.002549 0.005842 0.074918 0.912190 0.004501
2 3 0.001785 0.089383 0.882311 0.009913 0.016608
1 2 0.055245 0.398015 0.327839 0.050630 0.168270
2 2 0.056497 0.121694 0.691849 0.005582 0.124378
2 2 0.003213 0.041198 0.915969 0.002643 0.036978
2 2 0.134980 0.029559 0.755749 0.061295 0.018417
2 2 0.011153 0.055696 0.780754 0.061397 0.090999
2 2 0.000748 0.091123 0.865244 0.000608 0.042276
2 2 0.030288 0.045232 0.907385 0.008330 0.008765
2 2 0.000082 0.005204 0.992812 0.001481 0.000420
2 2 0.000450 0.010377 0.985452 0.000192 0.003529
2 2 0.000109 0.002974 0.995960 0.000606 0.000351
2 2 0.000394 0.005328 0.978529 0.014752 0.000997
2 2 0.008087 0.086113 0.809982 0.001978 0.093840
2 2 0.001378 0.016628 0.978325 0.001720 0.001949
2 2 0.007988 0.016313 0.960173 0.012440 0.003087
2 2 0.025524 0.043903 0.838868 0.034612 0.057093
2 2 0.000788 0.006507 0.982702 0.009717 0.000286
2 2 0.001542 0.022553 0.769507 0.183645 0.022753
2 2 0.008151 0.106670 0.811426 0.001998 0.071755
2 2 0.000036 0.002146 0.979874 0.017859 0.000085
2 2 0.000007 0.001199 0.998046 0.000722 0.000027
2 2 0.000110 0.010463 0.987054 0.000142 0.002231
2 2 0.000987 0.028031 0.961687 0.000739 0.008556
2 2 0.006849 0.042753 0.923522 0.011129 0.015747
2 2 0.003705 0.087064 0.871251 0.016273 0.021707
0 1 0.565871 0.198809 0.089680 0.024321 0.121320
1 2 0.281660 0.378130 0.201082 0.000090 0.139038
2 2 0.032030 0.065903 0.843019 0.001541 0.057507
2 2 0.010202 0.070060 0.834258 0.001656 0.083824
2 2 0.042138 0.075952 0.742917 0.003630 0.135364
2 2 0.014067 0.045075 0.869878 0.000948 0.070032
2 2 0.001472 0.014010 0.963294 0.003133 0.018091
2 2 0.000648 0.031823 0.926233 0.002270 0.039026
2 2 0.001569 0.041623 0.883940 0.000042 0.072825
4 2 0.000285 0.135145 0.366479 0.000004 0.498086
4 4 0.002951 0.075479 0.168909 0.000002 0.752658
4 4 0.040493 0.070945 0.033592 0.000022 0.854947
4 4 0.049378 0.047185 0.019114 0.000449 0.883873
4 4 0.077502 0.095700 0.037264 0.000704 0.788830
4 4 0.040905 0.034197 0.010974 0.000030 0.913894
4 4 0.016786 0.124658 0.064071 0.000001 0.794485
4 4 0.027720 0.086445 0.028135 0.000001 0.857699
4 4 0.132041 0.145176 0.051242 0.000499 0.671042
4 4 0.041330 0.183664 0.042555 0.000005 0.732445
4 4 0.004094 0.120945 0.048667 0.000002 0.826293
4 4 0.016312 0.022258 0.011119 0.000007 0.950304
4 4 0.030168 0.011738 0.003815 0.000011 0.954267
4 4 0.021004 0.120040 0.052019 0.000001 0.806936
4 4 0.016963 0.021451 0.007249 0.000022 0.954315
4 4 0.056741 0.023683 0.008185 0.000052 0.911339
4 4 0.183466 0.010025 0.002513 0.000002 0.803994
4 4 0.085454 0.050363 0.019309 0.000351 0.844523
4 4 0.014396 0.025109 0.008651 0.000029 0.951815
4 4 0.176512 0.020193 0.005867 0.000013 0.797415
4 4 0.235495 0.019783 0.005538 0.000011 0.739173
4 4 0.478589 0.025965 0.007196 0.000019 0.488232
4 4 0.085750 0.026091 0.008727 0.000049 0.879382
4 4 0.219364 0.077271 0.028962 0.000652 0.673751
4 4 0.042496 0.029357 0.011007 0.000126 0.917015
4 4 0.073379 0.018598 0.005920 0.000021 0.902082
4 4 0.339949 0.044732 0.014274 0.000100 0.600945
4 4 0.146289 0.045606 0.016029 0.000172 0.791903
0 4 0.511739 0.022566 0.006050 0.000012 0.459633
0 1 0.717842 0.102510 0.038342 0.000628 0.140677
1 1 0.334428 0.463227 0.156988 0.000003 0.045355
0 1 0.789053 0.116422 0.031831 0.000024 0.062669
1 1 0.155661 0.484912 0.106882 0.000018 0.252526
1 1 0.216028 0.373007 0.094348 0.000031 0.316586
2 1 0.111771 0.201362 0.595027 0.001967 0.089873
2 2 0.051545 0.130460 0.672726 0.000749 0.144521
2 2 0.001478 0.045496 0.896726 0.000515 0.055785
2 2 0.001561 0.133795 0.789454 0.000011 0.075179
2 2 0.000552 0.066851 0.885736 0.000022 0.046839
2 2 0.001735 0.019921 0.955282 0.000089 0.022973
2 2 0.027562 0.112830 0.794877 0.000120 0.064611
2 2 0.001081 0.018698 0.960403 0.000141 0.019678
2 2 0.001486 0.046095 0.853694 0.000093 0.098632
2 2 0.000082 0.006992 0.987014 0.000191 0.005722
2 2 0.000080 0.008613 0.955450 0.000218 0.035639
2 2 0.000205 0.008422 0.977171 0.000035 0.014168
2 2 0.000023 0.001567 0.996933 0.000029 0.001448
2 2 0.000042 0.005372 0.989046 0.000007 0.005534
2 2 0.000055 0.011457 0.982925 0.000009 0.005554
2 2 0.000326 0.005555 0.990648 0.000004 0.003467
2 2 0.000470 0.030026 0.928001 0.000006 0.041498
2 2 0.001984 0.042883 0.914528 0.000015 0.040590
2 2 0.085794 0.081771 0.743378 0.000031 0.089025
2 2 0.001220 0.014462 0.947933 0.000426 0.035958
2 2 0.000521 0.017120 0.966836 0.000007 0.015517
2 2 0.000029 0.002392 0.995045 0.000284 0.002250
2 2 0.000375 0.010548 0.982701 0.000053 0.006323
2 2 0.000485 0.041767 0.876082 0.000156 0.081510
2 2 0.000031 0.006786 0.990555 0.000030 0.002598
2 2 0.000918 0.102039 0.729391 0.000003 0.167648
2 2 0.001587 0.030336 0.952619 0.000070 0.015389
2 2 0.002111 0.014183 0.974881 0.000032 0.008792
2 2 0.001137 0.040579 0.932234 0.000205 0.025845
2 2 0.001052 0.008579 0.986795 0.000087 0.003487
2 2 0.000693 0.006342 0.990587 0.000903 0.001475
2 2 0.001239 0.017671 0.977975 0.000112 0.003003
2 2 0.012536 0.048676 0.929329 0.000574 0.008886
2 2 0.000844 0.013998 0.974481 0.005385 0.005292
2 2 0.000021 0.001812 0.996755 0.000274 0.001139
2 2 0.008403 0.059196 0.802419 0.017180 0.112802
0 2 0.806238 0.117938 0.055843 0.000212 0.019769
0 1 0.970519 0.018487 0.004073 0.000007 0.006914
1 1 0.273533 0.366746 0.190971 0.000008 0.168741
0 1 0.429315 0.281710 0.087533 0.000199 0.201243
4 1 0.075317 0.238236 0.299188 0.000479 0.386780
1 1 0.134416 0.394021 0.253511 0.000139 0.217913
2 1 0.032476 0.179418 0.587508 0.001838 0.198760
4 1 0.060863 0.179402 0.085588 0.000119 0.674028
2 1 0.203707 0.181282 0.522906 0.000803 0.091302
4 1 0.103212 0.166991 0.070640 0.000006 0.659152
1 2 0.094184 0.491378 0.153803 0.000185 0.260450
2 2 0.041011 0.273019 0.375423 0.000018 0.310529
2 2 0.010714 0.241691 0.675622 0.000046 0.071927
4 2 0.003938 0.275285 0.345321 0.001407 0.374048
2 2 0.008782 0.333117 0.449208 0.000714 0.208180
4 2 0.057868 0.302122 0.196616 0.000670 0.442723
4 2 0.054329 0.288484 0.292710 0.001116 0.363362
4 2 0.021332 0.313104 0.241367 0.000583 0.423614
2 2 0.006885 0.121383 0.704169 0.046806 0.120756
2 2 0.016938 0.097910 0.442314 0.047144 0.395695
4 2 0.047588 0.167382 0.293667 0.130437 0.360926
2 2 0.007238 0.090068 0.564212 0.180322 0.158159
4 2 0.026671 0.104886 0.120799 0.051322 0.696321
4 2 0.090993 0.214726 0.175165 0.110460 0.408656
2 2 0.039659 0.272852 0.468673 0.113130 0.105686
3 2 0.019978 0.091276 0.336179 0.381569 0.170999
4 2 0.043215 0.140509 0.106248 0.034041 0.675988
4 3 0.036618 0.122420 0.063301 0.011049 0.766612
3 3 0.020994 0.066737 0.207800 0.553771 0.150698
3 3 0.026072 0.089630 0.224811 0.379819 0.279669
4 3 0.029790 0.110450 0.188214 0.157735 0.513810
3 3 0.031776 0.089189 0.216955 0.501230 0.160850
4 3 0.008138 0.051905 0.243102 0.283715 0.413140
3 3 0.003458 0.019852 0.188913 0.714249 0.073528
3 3 0.057464 0.140765 0.226416 0.362308 0.213047
4 3 0.052985 0.156443 0.081532 0.017927 0.691113
4 3 0.038480 0.126588 0.065523 0.011785 0.757624
4 3 0.051466 0.149648 0.208304 0.199176 0.391405
4 3 0.009343 0.053883 0.143665 0.106536 0.686572
4 3 0.068888 0.169326 0.092567 0.021574 0.647646
4 3 0.044471 0.143750 0.122017 0.046807 0.642955
3 3 0.002230 0.008682 0.089116 0.884162 0.015810
4 3 0.045877 0.145144 0.176886 0.119883 0.512210
3 3 0.024385 0.080689 0.221452 0.456815 0.216658
4 3 0.043277 0.129462 0.222064 0.274451 0.330746
4 3 0.031222 0.109826 0.056607 0.008990 0.793356
4 3 0.036065 0.126115 0.166297 0.106035 0.565489
3 3 0.037093 0.089839 0.204698 0.557288 0.111082
4 3 0.050862 0.109928 0.200563 0.128508 0.510138
3 3 0.003256 0.015646 0.172073 0.794094 0.014930
3 3 0.021673 0.069576 0.230710 0.348293 0.329748
4 3 0.111435 0.111637 0.228918 0.120087 0.427922
3 3 0.028874 0.081825 0.212304 0.530156 0.146841
4 3 0.253704 0.170439 0.075170 0.007834 0.492854
4 3 0.186568 0.192790 0.186694 0.087762 0.346186
4 3 0.093829 0.200950 0.213362 0.235154 0.256705
3 3 0.003498 0.012206 0.096836 0.864896 0.022564
3 3 0.014503 0.042381 0.165167 0.710099 0.067851
4 3 0.014670 0.068714 0.200853 0.246118 0.469645
4 3 0.026244 0.098708 0.209545 0.236438 0.429065
3 3 0.036837 0.114404 0.225591 0.320266 0.302901
3 3 0.022991 0.062312 0.188118 0.634850 0.091728
4 3 0.046629 0.147646 0.115022 0.040345 0.650358
3 3 0.002881 0.009715 0.087771 0.881742 0.017892
3 3 0.017018 0.027738 0.262250 0.581766 0.111228
4 3 0.148555 0.142768 0.175396 0.059407 0.473873
3 3 0.038663 0.105252 0.223469 0.446220 0.186397
3 3 0.016231 0.050315 0.184250 0.651352 0.097852
3 3 0.000233 0.000786 0.019412 0.978814 0.000754
3 3 0.040767 0.065604 0.141060 0.725759 0.026811
4 3 0.096742 0.225499 0.146482 0.067563 0.463715
4 3 0.049358 0.143982 0.214245 0.224662 0.367753
3 3 0.094857 0.175128 0.214195 0.377609 0.138212
3 3 0.044361 0.109411 0.218709 0.475815 0.151704
1 3 0.186985 0.282555 0.180367 0.174257 0.175836
4 3 0.103870 0.235019 0.124563 0.044911 0.491637
3 3 0.032760 0.099384 0.252302 0.464726 0.150828
2 3 0.261226 0.104403 0.326231 0.265981 0.042158
0 1 0.524053 0.215706 0.099459 0.030858 0.129923
1 1 0.049252 0.382171 0.207333 0.002238 0.359006
2 2 0.005362 0.078658 0.824685 0.002782 0.088513
2 2 0.000210 0.016539 0.975921 0.001707 0.005623
2 2 0.039524 0.102824 0.626413 0.056151 0.175088
2 2 0.028269 0.038487 0.912669 0.001957 0.018618
2 2 0.106405 0.179652 0.663110 0.016081 0.034752
1 2 0.041347 0.476856 0.406426 0.001209 0.074163
2 2 0.000115 0.028662 0.937969 0.000264 0.032990
2 2 0.000292 0.004601 0.986075 0.000087 0.008945
2 2 0.001378 0.028943 0.949934 0.000828 0.018918
2 2 0.012471 0.031646 0.809983 0.010077 0.135823
2 2 0.002658 0.070528 0.720636 0.000008 0.206169
2 2 0.000042 0.009750 0.978123 0.000055 0.012030
2 2 0.000727 0.006644 0.971266 0.000292 0.021070
2 2 0.000743 0.017930 0.959387 0.000069 0.021871
2 2 0.000005 0.001467 0.997143 0.001003 0.000383
2 2 0.000066 0.003068 0.995719 0.000067 0.001081
2 2 0.002483 0.031390 0.949270 0.000011 0.016846
2 2 0.000084 0.009302 0.981941 0.000007 0.008666
2 2 0.001661 0.011455 0.946360 0.015292 0.025232
2 2 0.000327 0.005113 0.980962 0.008640 0.004958
2 2 0.001175 0.018446 0.959272 0.000219 0.020888
2 2 0.001203 0.013289 0.944868 0.001625 0.039015
2 2 0.011003 0.047242 0.835211 0.000060 0.106484
2 2 0.000082 0.004103 0.992605 0.000395 0.002816
2 2 0.000091 0.008736 0.978536 0.002570 0.010067
2 2 0.000791 0.025020 0.948895 0.001087 0.024206
2 2 0.000010 0.007222 0.974682 0.002584 0.015502
2 2 0.000410 0.012859 0.885878 0.000161 0.100692
2 2 0.000020 0.010779 0.951061 0.020374 0.017767
2 2 0.000073 0.014815 0.931151 0.003255 0.050705
2 2 0.000113 0.007879 0.981371 0.000045 0.010593
2 2 0.000029 0.002216 0.988784 0.001714 0.007256
2 2 0.001196 0.027785 0.860616 0.000107 0.110296
2 2 0.000994 0.052406 0.543464 0.000123 0.403014
2 2 0.000310 0.018989 0.888149 0.000075 0.092477
4 2 0.011774 0.038185 0.377081 0.000009 0.572950
2 2 0.001054 0.050164 0.505716 0.000040 0.443026
2 2 0.000162 0.020684 0.810967 0.000043 0.168144
4 2 0.001370 0.036303 0.025812 0.000007 0.936507
4 2 0.011199 0.049744 0.022110 0.000035 0.916912
4 2 0.008804 0.071677 0.117885 0.000009 0.801625
4 2 0.008173 0.099424 0.107788 0.000006 0.784609
0 1 0.333167 0.275391 0.085729 0.000469 0.305245
4 2 0.109477 0.341178 0.098264 0.000143 0.450937
0 1 0.426150 0.410848 0.094436 0.000048 0.068518
2 2 0.045072 0.103725 0.841294 0.001039 0.008869
2 2 0.014019 0.038460 0.938184 0.000165 0.009172
2 2 0.007064 0.069328 0.890680 0.000057 0.032871
2 2 0.032245 0.170247 0.710340 0.000250 0.086918
2 2 0.017934 0.046295 0.851381 0.000881 0.083509
2 2 0.022183 0.020686 0.935282 0.001670 0.020179
2 2 0.001451 0.013029 0.981377 0.000799 0.003344
2 2 0.005234 0.014748 0.978247 0.000208 0.001564
2 2 0.018595 0.103774 0.841962 0.000396 0.035272
2 2 0.000233 0.008624 0.987546 0.002046 0.001551
2 2 0.001570 0.020097 0.970005 0.002499 0.005830
2 2 0.007978 0.020396 0.959799 0.000512 0.011315
2 2 0.010035 0.099740 0.869470 0.000013 0.020742
2 2 0.000150 0.006045 0.990202 0.002492 0.001111
2 2 0.000379 0.025828 0.964460 0.001225 0.008108
2 2 0.000936 0.008495 0.983587 0.004321 0.002661
2 2 0.009667 0.060144 0.918649 0.000013 0.011527
2 2 0.000583 0.036078 0.947666 0.000028 0.015644
2 2 0.004159 0.029656 0.958920 0.000217 0.007048
2 2 0.014308 0.056141 0.917394 0.004271 0.007885
2 2 0.001165 0.028911 0.955826 0.000023 0.014074
2 2 0.000691 0.011665 0.979701 0.000171 0.007772
2 2 0.000189 0.021087 0.975962 0.000594 0.002168
2 2 0.003474 0.038823 0.943464 0.001167 0.013071
2 2 0.036157 0.058573 0.893560 0.000089 0.011622
2 2 0.000136 0.006812 0.992097 0.000231 0.000724
2 2 0.000291 0.019840 0.976329 0.001542 0.001998
2 2 0.009449 0.053576 0.927943 0.006250 0.002782
2 2 0.006791 0.035215 0.909716 0.034851 0.013426
2 2 0.002982 0.023314 0.963980 0.002501 0.007222
2 2 0.046767 0.055231 0.866347 0.004548 0.027106
2 2 0.017374 0.035761 0.944476 0.000820 0.001570
2 1 0.028648 0.146581 0.802319 0.012888 0.009563
2 2 0.222314 0.149116 0.466541 0.130673 0.031356
1 0 0.369722 0.440346 0.129202 0.000670 0.060060
0 0 0.489848 0.334867 0.098789 0.000396 0.076100
1 1 0.147543 0.430500 0.213979 0.068364 0.139614
1 0 0.081132 0.636059 0.220562 0.002594 0.059653
0 0 0.874983 0.068950 0.021823 0.000487 0.033757
1 1 0.126878 0.611397 0.206449 0.001087 0.054189
0 1 0.605682 0.232649 0.081968 0.002758 0.076942
0 0 0.644924 0.202242 0.072948 0.003176 0.076710
1 0 0.256022 0.579569 0.131123 0.000064 0.033222
0 1 0.364748 0.147398 0.303920 0.049326 0.134607
1 1 0.167227 0.461776 0.297160 0.000192 0.073645
1 0 0.150248 0.580617 0.244203 0.000012 0.024920
0 0 0.691406 0.232985 0.050007 0.000028 0.025573
1 0 0.257580 0.589088 0.121087 0.000025 0.032220
0 0 0.366253 0.364646 0.098058 0.000171 0.170873
1 1 0.293229 0.374707 0.187081 0.000002 0.144982
2 1 0.005758 0.093193 0.876269 0.000141 0.024640
2 2 0.002650 0.027729 0.961681 0.001285 0.006654
2 2 0.004158 0.018631 0.971740 0.000719 0.004752
2 2 0.000707 0.006746 0.991708 0.000191 0.000648
2 2 0.000032 0.002536 0.995907 0.000283 0.001241
2 2 0.009959 0.009659 0.978235 0.000765 0.001382
2 2 0.000144 0.002838 0.996523 0.000009 0.000486
2 2 0.007856 0.079235 0.849424 0.000011 0.063474
2 2 0.022580 0.018985 0.944040 0.004690 0.009705
2 2 0.007820 0.021445 0.968694 0.000030 0.002011
2 2 0.006083 0.065286 0.872584 0.000037 0.056010
2 2 0.009760 0.099009 0.830314 0.000031 0.060886
2 2 0.163677 0.125977 0.680925 0.000244 0.029177
2 2 0.000338 0.017649 0.980029 0.000022 0.001962
2 2 0.002036 0.017774 0.972152 0.000373 0.007664
2 2 0.000391 0.028261 0.938605 0.000153 0.032590
2 2 0.001490 0.020916 0.969662 0.000057 0.007875
2 2 0.003416 0.015786 0.974109 0.000433 0.006255
2 2 0.000130 0.011712 0.986691 0.000101 0.001366
2 2 0.001501 0.030022 0.953353 0.000128 0.014995
2 2 0.001617 0.020502 0.928797 0.001225 0.047859
2 2 0.002951 0.034364 0.960979 0.000030 0.001676
2 2 0.000108 0.006587 0.992388 0.000022 0.000895
2 2 0.000240 0.008663 0.989911 0.000095 0.001092
2 2 0.001471 0.099265 0.818941 0.000065 0.080259
2 2 0.000805 0.027467 0.955723 0.000071 0.015934
2 2 0.002999 0.105230 0.766317 0.000064 0.125391
2 2 0.000167 0.013922 0.979391 0.000533 0.005987
2 2 0.009331 0.064392 0.812250 0.000393 0.113635
2 2 0.000529 0.048821 0.893587 0.000410 0.056653
2 2 0.000165 0.005144 0.989992 0.000888 0.003811
2 2 0.001443 0.027416 0.961725 0.000101 0.009315
2 2 0.000269 0.027941 0.966193 0.000129 0.005467
2 2 0.000024 0.005675 0.991037 0.000122 0.003142
2 2 0.000032 0.002321 0.997101 0.000178 0.000367
2 2 0.010510 0.057873 0.923154 0.000062 0.008401
2 2 0.000987 0.066615 0.913727 0.003896 0.014776
2 2 0.000007 0.005355 0.987020 0.007057 0.000562
2 2 0.002574 0.022635 0.947057 0.003392 0.024342
2 2 0.005251 0.014938 0.964433 0.004231 0.011148
2 2 0.003201 0.019232 0.966819 0.002007 0.008742
2 2 0.008588 0.054307 0.864376 0.001032 0.071697
2 2 0.000223 0.019906 0.956400 0.000334 0.023138
2 2 0.000334 0.008477 0.980103 0.003488 0.007598
2 2 0.000120 0.008737 0.988297 0.000689 0.002157
2 2 0.000120 0.015122 0.979500 0.000655 0.004603
2 2 0.000084 0.011875 0.976949 0.005604 0.005488
2 2 0.000555 0.009568 0.981203 0.005347 0.003328
2 2 0.000189 0.006893 0.991677 0.000252 0.000989
2 2 0.000043 0.004767 0.988862 0.003264 0.003065
2 2 0.000339 0.013321 0.977386 0.005508 0.003446
2 2 0.017144 0.206860 0.508907 0.000044 0.267046
2 2 0.000800 0.007052 0.969817 0.018923 0.003408
2 2 0.000015 0.002056 0.994099 0.002538 0.001292
2 2 0.000056 0.006128 0.989862 0.002772 0.001182
2 2 0.000127 0.009971 0.985459 0.000860 0.003583
2 2 0.000010 0.003140 0.993178 0.002571 0.001101
2 2 0.000010 0.001319 0.997742 0.000673 0.000256
2 2 0.000041 0.017081 0.965338 0.010854 0.006685
2 2 0.000038 0.007282 0.971853 0.016763 0.004064
2 2 0.000325 0.005597 0.937356 0.051332 0.005389
2 2 0.000026 0.001113 0.850107 0.147737 0.001017
2 3 0.000009 0.003854 0.926934 0.064018 0.005185
2 3 0.000001 0.000780 0.996502 0.002279 0.000439
2 3 0.000815 0.070467 0.891683 0.000078 0.036958
2 3 0.000017 0.001476 0.995212 0.002892 0.000404
2 3 0.000173 0.009680 0.979799 0.000520 0.009826
2 3 0.002202 0.068840 0.785136 0.000205 0.143617
2 3 0.000156 0.027166 0.900785 0.036110 0.035783
2 3 0.000003 0.000818 0.969772 0.029231 0.000176
2 3 0.000002 0.000621 0.998832 0.000431 0.000114
2 3 0.000084 0.019596 0.869492 0.008666 0.102162
2 3 0.000024 0.007393 0.938739 0.049704 0.004140
2 3 0.000319 0.013692 0.644423 0.319364 0.022203
2 3 0.002120 0.060109 0.558962 0.098197 0.280612
2 3 0.002757 0.051317 0.660336 0.104795 0.180796
2 3 0.000074 0.009068 0.979018 0.001461 0.010379
2 2 0.000589 0.042480 0.931866 0.001535 0.023530
2 2 0.000227 0.010367 0.978359 0.005130 0.005918
2 2 0.000559 0.002588 0.963167 0.032495 0.001191
2 2 0.006325 0.056318 0.863155 0.000242 0.073961
2 2 0.000005 0.001968 0.992377 0.004730 0.000920
2 2 0.000002 0.000603 0.993488 0.005710 0.000198
2 2 0.001332 0.023089 0.970375 0.000356 0.004849
2 2 0.003878 0.027735 0.963851 0.000366 0.004170
2 2 0.018339 0.019505 0.941128 0.013032 0.007996
2 2 0.004742 0.040777 0.937770 0.001433 0.015278
2 2 0.001081 0.007954 0.988052 0.000275 0.002638
2 2 0.001319 0.016395 0.975531 0.001672 0.005083
2 2 0.000053 0.006750 0.992593 0.000029 0.000574
2 2 0.000057 0.008501 0.986519 0.000032 0.004891
2 2 0.007131 0.097060 0.873860 0.017813 0.004135
0 2 0.629193 0.273127 0.064185 0.000071 0.033423
2 2 0.002015 0.038578 0.933078 0.000046 0.026283
2 2 0.000036 0.007393 0.983768 0.000245 0.008558
2 2 0.001749 0.037882 0.891643 0.000006 0.068720
2 2 0.000207 0.021871 0.927083 0.000007 0.050832
4 4 0.001764 0.072846 0.089060 0.000004 0.836325
4 4 0.010567 0.094582 0.050644 0.000006 0.844201
4 4 0.029203 0.081614 0.057024 0.000025 0.832134
4 4 0.030935 0.038103 0.013049 0.000056 0.917858
4 4 0.124392 0.041456 0.010717 0.000002 0.823432
4 4 0.186411 0.047678 0.016437 0.000166 0.749308
4 4 0.104751 0.053477 0.020240 0.000357 0.821174
4 4 0.058441 0.068662 0.020489 0.000031 0.852377
4 4 0.047303 0.024934 0.008624 0.000016 0.919122
4 4 0.029322 0.061195 0.014869 0.000003 0.894612
4 4 0.005158 0.236367 0.056745 0.000003 0.701728
4 4 0.219006 0.047013 0.015867 0.000144 0.717971
4 4 0.154848 0.042472 0.014608 0.000134 0.787938
4 4 0.041265 0.008646 0.002535 0.000004 0.947550
4 4 0.351221 0.034398 0.010359 0.000045 0.603976
4 4 0.034701 0.037535 0.011862 0.000026 0.915875
4 4 0.086966 0.055622 0.015142 0.000012 0.842258
4 4 0.328024 0.019673 0.005314 0.000009 0.646981
4 4 0.054562 0.029797 0.010850 0.000107 0.904684
4 4 0.010570 0.034264 0.015918 0.000681 0.938567
4 4 0.127256 0.026155 0.008334 0.000037 0.838219
4 4 0.024362 0.012765 0.004340 0.000018 0.958516
4 4 0.059940 0.017269 0.005555 0.000020 0.917217
0 4 0.528415 0.011758 0.002752 0.000002 0.457073
4 4 0.119478 0.018043 0.005369 0.000013 0.857097
4 4 0.415858 0.023871 0.006568 0.000015 0.553688
4 4 0.259995 0.024644 0.007140 0.000019 0.708203
4 4 0.290236 0.023277 0.006589 0.000015 0.679883
4 4 0.199073 0.085605 0.033157 0.000949 0.681216
4 4 0.227289 0.080287 0.030223 0.000719 0.661483
4 4 0.071257 0.033060 0.011886 0.000116 0.883681
4 4 0.123507 0.026620 0.007980 0.000020 0.841874
4 4 0.010951 0.107309 0.154355 0.000040 0.727345
4 4 0.001761 0.135167 0.248447 0.000017 0.614607
4 4 0.011249 0.166457 0.222158 0.000001 0.600135
4 4 0.004761 0.095369 0.113454 0.000008 0.786408
4 4 0.016603 0.022734 0.007569 0.000020 0.953074
4 4 0.019215 0.048976 0.016199 0.000040 0.915570
4 4 0.055675 0.153534 0.033681 0.000003 0.757106
4 4 0.006031 0.039482 0.021209 0.000006 0.933272
4 4 0.014569 0.033518 0.014858 0.000479 0.936576
4 4 0.139088 0.088749 0.057170 0.000488 0.714505
4 4 0.003031 0.118212 0.431238 0.000007 0.447513
4 4 0.009310 0.138972 0.102663 0.000008 0.749047
4 4 0.013190 0.141980 0.064210 0.000001 0.780619
4 4 0.000709 0.135129 0.373918 0.000060 0.490183
4 4 0.033116 0.097306 0.078257 0.000050 0.791271
4 4 0.005284 0.051911 0.016299 0.000004 0.926502
4 4 0.019546 0.070996 0.025180 0.000017 0.884260
4 4 0.003151 0.150784 0.391964 0.000015 0.454086
4 4 0.006044 0.086816 0.402164 0.000016 0.504959
2 4 0.000132 0.049123 0.666075 0.000255 0.284415
4 4 0.100769 0.157680 0.048315 0.000015 0.693221
1 0 0.114397 0.605619 0.157401 0.000128 0.122456
4 1 0.048100 0.301111 0.099367 0.000030 0.551392
2 1 0.005836 0.196362 0.542542 0.000053 0.255208
2 2 0.000019 0.011290 0.975408 0.000836 0.012447
2 2 0.000046 0.031073 0.958774 0.000079 0.010027
2 2 0.000906 0.130847 0.775096 0.000098 0.093052
2 2 0.000075 0.018838 0.968908 0.000077 0.012102
2 2 0.000255 0.026864 0.896495 0.001913 0.074473
2 2 0.000182 0.015961 0.962587 0.000062 0.021208
2 2 0.001688 0.027006 0.876528 0.000249 0.094529
2 2 0.000322 0.005899 0.988598 0.000148 0.005033
2 2 0.004603 0.030659 0.623300 0.000112 0.341326
2 2 0.000087 0.003566 0.987923 0.000360 0.008063
2 2 0.000028 0.011033 0.948835 0.000694 0.039411
2 2 0.009799 0.074383 0.547560 0.000004 0.368255
2 2 0.005980 0.054776 0.470546 0.000019 0.468678
2 2 0.010884 0.044249 0.878325 0.000030 0.066513
2 2 0.000293 0.008483 0.980599 0.000024 0.010601
2 2 0.000019 0.000734 0.998558 0.000285 0.000405
2 2 0.001853 0.008278 0.984590 0.000069 0.005210
2 2 0.000694 0.018690 0.937677 0.000020 0.042919
2 2 0.000138 0.021088 0.923803 0.000039 0.054932
2 2 0.000059 0.010827 0.960440 0.000022 0.028652
2 2 0.000752 0.015186 0.947329 0.000011 0.036723
2 2 0.000030 0.002794 0.995655 0.000010 0.001511
2 2 0.000054 0.003112 0.993298 0.000055 0.003481
2 2 0.000124 0.010677 0.983198 0.000027 0.005973
2 2 0.000727 0.016824 0.949707 0.000004 0.032739
2 2 0.000002 0.000756 0.998076 0.000785 0.000381
2 2 0.000011 0.005488 0.991291 0.000245 0.002966
2 2 0.000003 0.000734 0.998232 0.000302 0.000730
2 2 0.000025 0.002283 0.995755 0.000023 0.001914
2 2 0.000099 0.010149 0.980150 0.000019 0.009583
2 2 0.000658 0.011784 0.949641 0.000788 0.037129
2 2 0.000048 0.002245 0.995946 0.000280 0.001480
2 2 0.000001 0.000917 0.997872 0.000810 0.000400
2 2 0.000000 0.000634 0.993903 0.005156 0.000307
2 2 0.000000 0.000249 0.999428 0.000287 0.000037
2 2 0.000010 0.002659 0.993750 0.000384 0.003197
2 2 0.000015 0.004836 0.993254 0.000235 0.001661
2 2 0.000017 0.003475 0.990252 0.004720 0.001535
2 2 0.000040 0.002582 0.992090 0.000768 0.004520
2 2 0.000254 0.003427 0.983793 0.000577 0.011949
2 2 0.000000 0.000074 0.999361 0.000541 0.000024
2 2 0.000000 0.001908 0.993225 0.003126 0.001740
2 2 0.000028 0.003421 0.984956 0.005970 0.005625
2 3 0.000014 0.002623 0.991898 0.004062 0.001403
2 3 0.000013 0.003866 0.992045 0.001123 0.002953
2 3 0.000051 0.012844 0.928923 0.024820 0.033362
2 3 0.000000 0.001361 0.993017 0.005031 0.000591
2 3 0.000003 0.002035 0.925400 0.071557 0.001005
2 3 0.000001 0.000917 0.870308 0.127695 0.001079
2 3 0.000021 0.013113 0.946609 0.013676 0.026581
2 3 0.000095 0.009275 0.863332 0.093063 0.034236
3 3 0.000010 0.001408 0.492163 0.503593 0.002826
2 3 0.000037 0.017649 0.942408 0.017468 0.022437
2 3 0.000029 0.008744 0.924681 0.060495 0.006052
2 3 0.000104 0.011506 0.921784 0.060314 0.006292
2 3 0.000029 0.004432 0.766048 0.224925 0.004565
2 3 0.000029 0.006944 0.888885 0.094008 0.010134
3 3 0.000012 0.000813 0.297373 0.700925 0.000878
2 3 0.000003 0.001017 0.712107 0.286300 0.000573
3 3 0.000011 0.000826 0.273332 0.724158 0.001673
2 3 0.000001 0.000695 0.724872 0.273041 0.001390
3 3 0.000001 0.000212 0.393037 0.606452 0.000299
2 3 0.000022 0.003456 0.673510 0.321446 0.001566
2 3 0.000011 0.005183 0.936378 0.054190 0.004238
2 3 0.000446 0.017896 0.898503 0.056180 0.026975
2 3 0.000348 0.007724 0.987074 0.001779 0.003076
2 3 0.000007 0.004579 0.970776 0.022974 0.001664
2 3 0.000039 0.004851 0.954477 0.037396 0.003238
2 3 0.000054 0.007690 0.909500 0.075947 0.006809
2 3 0.000173 0.010518 0.682139 0.300542 0.006628
2 3 0.000005 0.002992 0.945993 0.049086 0.001923
3 3 0.000059 0.000910 0.112903 0.885499 0.000628
2 3 0.000007 0.001766 0.739099 0.258669 0.000460
2 3 0.000129 0.014554 0.920653 0.060352 0.004312
2 3 0.000305 0.010364 0.532119 0.453014 0.004198
2 3 0.000174 0.007046 0.525405 0.460185 0.007189
2 3 0.000013 0.004132 0.960745 0.034062 0.001048
2 3 0.000049 0.007315 0.826492 0.163791 0.002354
3 3 0.000008 0.000987 0.354921 0.643800 0.000284
3 3 0.000233 0.006841 0.422727 0.563507 0.006692
2 3 0.000585 0.026098 0.898592 0.066519 0.008206
2 3 0.000238 0.028462 0.898759 0.068051 0.004490
2 3 0.000215 0.038088 0.922557 0.029216 0.009924
2 3 0.000825 0.055951 0.842059 0.073156 0.028009
2 3 0.000076 0.006093 0.659883 0.332547 0.001401
2 3 0.000158 0.007877 0.537877 0.451376 0.002712
3 3 0.000367 0.010652 0.416637 0.566144 0.006199
2 2 0.000274 0.013105 0.976770 0.006470 0.003381
1 2 0.129864 0.578091 0.252256 0.000385 0.039404
1 2 0.129058 0.591209 0.149391 0.000097 0.130245
2 2 0.001016 0.027128 0.946927 0.000467 0.024462
2 2 0.004692 0.058082 0.897469 0.000047 0.039709
4 2 0.155078 0.152135 0.283499 0.000049 0.409239
2 2 0.308207 0.099245 0.506204 0.000263 0.086081
2 2 0.041753 0.072036 0.872036 0.000136 0.014039
2 2 0.000629 0.007166 0.990842 0.000781 0.000581
2 2 0.011196 0.092443 0.888617 0.000010 0.007734
2 2 0.000486 0.019510 0.979427 0.000142 0.000435
2 2 0.000124 0.002718 0.995062 0.001690 0.000405
2 2 0.002265 0.011554 0.982318 0.003103 0.000759
2 2 0.024719 0.066412 0.896497 0.000164 0.012207
2 2 0.004836 0.029126 0.961041 0.003097 0.001900
2 2 0.002062 0.017401 0.978644 0.001056 0.000836
2 2 0.002771 0.019252 0.976173 0.000550 0.001254
2 2 0.025992 0.027277 0.936908 0.001686 0.008136
2 2 0.001187 0.007950 0.985956 0.002870 0.002037
2 2 0.000002 0.000326 0.996579 0.003080 0.000013
2 2 0.003341 0.034163 0.960447 0.001197 0.000852
2 2 0.000695 0.019144 0.977101 0.000495 0.002564
2 2 0.060060 0.090240 0.810804 0.000159 0.038737
2 2 0.012984 0.062416 0.916838 0.000233 0.007529
