0 0 0.683596 0.045079 0.083374 0.000153 0.187797
4 0 0.255179 0.121069 0.035621 0.000017 0.588114
0 0 0.487979 0.074051 0.024781 0.000010 0.413179
0 0 0.746576 0.075462 0.152926 0.000014 0.025022
0 0 0.899299 0.028039 0.044211 0.000667 0.027785
4 0 0.011283 0.184654 0.372336 0.000002 0.431726
2 0 0.095331 0.118016 0.397823 0.002591 0.386239
2 0 0.005347 0.054413 0.827815 0.000536 0.111888
2 0 0.016143 0.107472 0.840614 0.000957 0.034813
2 0 0.014242 0.307483 0.621978 0.004494 0.051805
0 0 0.534670 0.147427 0.120957 0.001401 0.195545
2 0 0.127894 0.195033 0.610621 0.000668 0.065784
0 0 0.317865 0.149220 0.258740 0.001121 0.273054
0 0 0.381954 0.032337 0.190353 0.026112 0.369244
4 0 0.217054 0.089358 0.126902 0.001565 0.565121
0 0 0.730816 0.043846 0.200798 0.014671 0.009870
0 0 0.945374 0.021092 0.028158 0.000222 0.005153
4 0 0.067044 0.141607 0.303726 0.000917 0.486706
4 0 0.092906 0.118076 0.114896 0.000018 0.674104
4 0 0.369335 0.058165 0.069452 0.000153 0.502895
2 0 0.001133 0.021806 0.949453 0.000810 0.026799
2 0 0.007455 0.045292 0.909247 0.004593 0.033412
2 0 0.000876 0.030918 0.961987 0.000843 0.005376
2 0 0.021667 0.057288 0.874024 0.016200 0.030821
2 0 0.059685 0.072403 0.610425 0.001945 0.255542
2 0 0.031618 0.247613 0.540770 0.000451 0.179547
4 0 0.198272 0.088956 0.174418 0.000480 0.537873
0 0 0.413055 0.161052 0.211484 0.000042 0.214367
2 0 0.038095 0.035966 0.920305 0.001368 0.004266
2 0 0.012908 0.073774 0.831433 0.000563 0.081322
2 0 0.008838 0.118813 0.798092 0.000090 0.074168
2 0 0.085608 0.070762 0.789888 0.009411 0.044330
2 0 0.001031 0.032372 0.948753 0.002508 0.015336
2 0 0.009332 0.125548 0.823914 0.000132 0.041074
2 0 0.217079 0.234302 0.524546 0.000040 0.024033
2 0 0.062902 0.224538 0.467996 0.004746 0.239818
2 0 0.001263 0.013650 0.971681 0.004080 0.009326
2 0 0.024604 0.183948 0.755613 0.000254 0.035581
0 0 0.657011 0.140871 0.096611 0.000107 0.105400
0 0 0.793075 0.060259 0.063021 0.000118 0.083528
4 0 0.167957 0.232229 0.156576 0.000108 0.443130
1 0 0.239909 0.350195 0.232344 0.000005 0.177547
0 0 0.706774 0.041848 0.219854 0.005639 0.025885
0 0 0.867324 0.067975 0.045862 0.000326 0.018514
0 0 0.548155 0.046859 0.349305 0.004380 0.051301
4 0 0.127060 0.127659 0.098462 0.001470 0.645350
2 0 0.011310 0.069022 0.859708 0.018365 0.041595
2 0 0.010064 0.098763 0.877630 0.000817 0.012726
0 0 0.498266 0.107195 0.270696 0.003902 0.119941
2 0 0.003591 0.033175 0.877476 0.001290 0.084468
2 0 0.006084 0.041521 0.938213 0.001323 0.012859
2 0 0.041094 0.099088 0.833889 0.000203 0.025725
2 0 0.018122 0.105746 0.835217 0.000551 0.040364
2 0 0.022180 0.037681 0.892564 0.007510 0.040065
2 0 0.039224 0.222552 0.575381 0.000711 0.162132
2 0 0.029165 0.062315 0.869038 0.001220 0.038262
2 0 0.027153 0.142084 0.747027 0.000023 0.083713
4 0 0.076582 0.158709 0.374534 0.008378 0.381797
0 0 0.837019 0.039986 0.031638 0.013058 0.078299
0 0 0.740611 0.026666 0.190369 0.037084 0.005270
0 0 0.980247 0.006312 0.005804 0.000069 0.007567
0 0 0.459658 0.089539 0.374438 0.002557 0.073808
0 0 0.745103 0.040322 0.186413 0.000017 0.028145
0 0 0.837199 0.040749 0.098398 0.000011 0.023643
0 0 0.914582 0.050523 0.030129 0.000006 0.004761
2 0 0.025672 0.025538 0.941967 0.000072 0.006752
0 0 0.971336 0.002944 0.023592 0.000621 0.001507
0 0 0.947241 0.008370 0.025391 0.000115 0.018883
0 0 0.917013 0.030036 0.040164 0.000019 0.012768
0 0 0.871964 0.036611 0.079158 0.000018 0.012249
0 0 0.978573 0.009149 0.003658 0.000126 0.008493
0 0 0.928929 0.033783 0.014352 0.000604 0.022332
0 0 0.956528 0.010752 0.006326 0.000417 0.025977
0 0 0.998638 0.000380 0.000278 0.000035 0.000669
0 0 0.983406 0.003849 0.009321 0.001409 0.002015
2 0 0.235355 0.029509 0.640420 0.092329 0.002387
1 0 0.239657 0.350051 0.170443 0.001326 0.238523
0 0 0.642036 0.130974 0.164097 0.009120 0.053772
0 0 0.699796 0.054745 0.140708 0.039187 0.065564
0 0 0.414337 0.084866 0.302710 0.166709 0.031378
0 0 0.928955 0.016176 0.048505 0.002707 0.003657
0 0 0.952202 0.011762 0.010030 0.011308 0.014699
0 0 0.617783 0.089340 0.188858 0.064702 0.039317
0 0 0.986296 0.003357 0.002736 0.001569 0.006042
0 0 0.982411 0.003438 0.003392 0.001286 0.009473
0 0 0.916527 0.008828 0.052572 0.004876 0.017196
0 0 0.934536 0.020490 0.033590 0.004851 0.006533
0 0 0.980175 0.003009 0.015119 0.001109 0.000588
0 0 0.992406 0.000718 0.001420 0.004349 0.001107
0 0 0.954175 0.009780 0.020619 0.011024 0.004401
2 0 0.001990 0.237392 0.760440 0.000001 0.000177
0 0 0.993662 0.001522 0.001251 0.000332 0.003233
0 0 0.995502 0.001167 0.000803 0.000297 0.002232
0 0 0.904923 0.034861 0.037454 0.005464 0.017297
0 0 0.875557 0.019881 0.041781 0.001299 0.061482
0 0 0.974915 0.005788 0.004925 0.000630 0.013742
0 0 0.938340 0.012960 0.031784 0.003646 0.013269
0 0 0.963222 0.013375 0.008516 0.002001 0.012886
0 0 0.887407 0.026063 0.056453 0.018080 0.011996
0 0 0.971826 0.006625 0.003884 0.000724 0.016941
0 0 0.911266 0.016707 0.014190 0.003395 0.054442
0 0 0.977965 0.005395 0.003673 0.001136 0.011831
0 0 0.947404 0.007172 0.003908 0.000159 0.041356
0 0 0.673539 0.014406 0.007266 0.000021 0.304768
0 0 0.657387 0.054419 0.151345 0.024888 0.111961
0 0 0.936304 0.026748 0.029824 0.000008 0.007115
0 0 0.983217 0.005196 0.001503 0.000140 0.009945
0 0 0.956085 0.003097 0.026907 0.012889 0.001022
0 0 0.996506 0.001073 0.001505 0.000153 0.000763
0 0 0.991963 0.002612 0.001600 0.000260 0.003565
0 0 0.957602 0.011302 0.012017 0.007858 0.011221
0 0 0.891166 0.039510 0.006882 0.000430 0.062012
0 0 0.863522 0.015305 0.065286 0.050322 0.005565
0 0 0.999891 0.000013 0.000067 0.000018 0.000011
0 0 0.913834 0.019702 0.059481 0.002834 0.004149
0 0 0.877133 0.043417 0.049555 0.000096 0.029800
0 0 0.988812 0.001432 0.007548 0.001711 0.000497
0 0 0.990182 0.000316 0.001253 0.007854 0.000395
0 0 0.950768 0.022591 0.020622 0.000217 0.005802
0 0 0.975604 0.007263 0.011702 0.000068 0.005363
0 0 0.928046 0.024384 0.011085 0.004597 0.031889
0 0 0.998907 0.000152 0.000418 0.000346 0.000177
0 0 0.998492 0.000043 0.000321 0.000004 0.001140
0 0 0.978516 0.001081 0.003714 0.000580 0.016110
0 0 0.994966 0.001275 0.000965 0.000451 0.002343
0 0 0.871514 0.011218 0.006112 0.000100 0.111056
0 0 0.996370 0.000832 0.000968 0.000169 0.001662
0 0 0.697048 0.093494 0.089518 0.001436 0.118505
0 0 0.626967 0.107153 0.250346 0.000435 0.015099
0 0 0.992932 0.001965 0.002087 0.000021 0.002995
0 0 0.986745 0.006418 0.006319 0.000001 0.000517
2 0 0.459603 0.064507 0.470538 0.000483 0.004868
0 0 0.991301 0.003658 0.003802 0.000010 0.001229
0 0 0.958950 0.006653 0.033763 0.000045 0.000588
0 0 0.784375 0.030029 0.178252 0.002685 0.004659
0 0 0.973633 0.013418 0.006373 0.000056 0.006519
0 0 0.993150 0.002695 0.000832 0.000011 0.003312
0 0 0.887542 0.027684 0.070426 0.000093 0.014254
2 0 0.304713 0.099945 0.456695 0.002488 0.136158
0 0 0.860278 0.076570 0.020141 0.000017 0.042995
0 0 0.981516 0.009201 0.004380 0.000011 0.004892
0 0 0.765146 0.034334 0.015576 0.000275 0.184669
0 1 0.643803 0.126435 0.157934 0.000478 0.071350
0 1 0.533927 0.259969 0.167497 0.000131 0.038476
2 1 0.325714 0.262913 0.374773 0.000018 0.036583
0 1 0.897051 0.051759 0.042593 0.000165 0.008433
0 0 0.936283 0.034776 0.011670 0.000088 0.017183
0 1 0.635208 0.114492 0.106942 0.001040 0.142318
1 1 0.043834 0.349807 0.299657 0.005820 0.300881
1 2 0.128684 0.466697 0.225573 0.002435 0.176612
4 2 0.011140 0.162313 0.254046 0.000614 0.571887
2 2 0.012760 0.201922 0.411576 0.006230 0.367511
2 2 0.000755 0.063115 0.736547 0.001195 0.198390
2 2 0.000007 0.004139 0.987198 0.004573 0.004083
2 2 0.000015 0.002903 0.992645 0.003000 0.001437
2 2 0.000000 0.001052 0.963916 0.034573 0.000459
2 2 0.000000 0.000346 0.997230 0.002186 0.000239
2 2 0.000148 0.002804 0.981664 0.002694 0.012690
2 2 0.000025 0.001959 0.988105 0.000110 0.009801
2 2 0.000013 0.000721 0.995375 0.003054 0.000837
2 2 0.000001 0.000191 0.998161 0.001358 0.000289
2 2 0.000001 0.001299 0.978157 0.019843 0.000701
2 2 0.000007 0.000242 0.995469 0.003057 0.001226
2 2 0.000000 0.000027 0.998630 0.001326 0.000018
2 2 0.000005 0.000021 0.998265 0.001706 0.000003
2 2 0.000005 0.000050 0.842522 0.157403 0.000020
2 2 0.000004 0.000050 0.946401 0.053416 0.000129
2 3 0.000005 0.000099 0.989583 0.010096 0.000216
2 3 0.000000 0.000118 0.920683 0.079186 0.000012
2 3 0.000000 0.000322 0.961751 0.037853 0.000073
2 3 0.000043 0.000187 0.906231 0.093284 0.000255
2 3 0.000005 0.000053 0.645588 0.354307 0.000047
3 3 0.000089 0.000256 0.460100 0.539499 0.000057
2 3 0.000007 0.000425 0.812287 0.186799 0.000483
2 3 0.000014 0.000130 0.864816 0.135000 0.000040
2 3 0.000841 0.001592 0.673336 0.323678 0.000553
2 3 0.000004 0.000300 0.895795 0.103825 0.000077
2 3 0.000003 0.000077 0.757929 0.241977 0.000014
3 3 0.000002 0.000012 0.282834 0.717148 0.000004
2 3 0.000010 0.000447 0.723459 0.275883 0.000200
2 3 0.000003 0.000226 0.655473 0.344166 0.000131
2 3 0.000009 0.000067 0.631154 0.368694 0.000075
2 3 0.000004 0.000383 0.598824 0.400562 0.000226
3 3 0.000010 0.000210 0.078444 0.921037 0.000300
3 3 0.000019 0.000075 0.028859 0.970992 0.000055
2 3 0.000067 0.000190 0.540932 0.458628 0.000183
3 3 0.000001 0.000086 0.111064 0.888832 0.000018
3 3 0.000059 0.000535 0.475911 0.523116 0.000378
2 2 0.006895 0.028241 0.736168 0.226987 0.001710
2 2 0.001555 0.030996 0.937925 0.022132 0.007392
2 2 0.000003 0.003656 0.992913 0.002941 0.000488
2 2 0.000015 0.008893 0.974349 0.016064 0.000679
2 2 0.000029 0.009457 0.878166 0.106400 0.005949
2 2 0.306654 0.060697 0.331844 0.001890 0.298915
4 1 0.006443 0.043216 0.039298 0.000382 0.910661
2 2 0.006221 0.156310 0.604903 0.023626 0.208941
2 2 0.000448 0.042208 0.853913 0.059098 0.044333
2 2 0.000556 0.055235 0.899114 0.034077 0.011018
2 2 0.000085 0.012267 0.950343 0.027420 0.009885
2 2 0.000002 0.002451 0.978713 0.018415 0.000419
2 2 0.000003 0.000861 0.997710 0.000829 0.000598
2 2 0.000016 0.002695 0.990322 0.004164 0.002803
2 2 0.000002 0.000408 0.994801 0.003726 0.001063
2 2 0.000001 0.000423 0.995899 0.003494 0.000183
2 2 0.000010 0.000153 0.990149 0.009580 0.000107
2 2 0.000000 0.000027 0.995292 0.004676 0.000005
2 2 0.000001 0.000351 0.901899 0.097648 0.000100
2 2 0.000000 0.000008 0.991012 0.008979 0.000001
2 3 0.000000 0.000050 0.993570 0.006376 0.000004
2 3 0.000001 0.000052 0.972493 0.027446 0.000008
2 3 0.000004 0.000253 0.836106 0.163597 0.000039
2 3 0.000003 0.000102 0.788063 0.211817 0.000015
3 3 0.000017 0.000233 0.272339 0.727319 0.000092
3 3 0.000009 0.000180 0.209014 0.790684 0.000113
2 3 0.000001 0.000289 0.726912 0.272724 0.000074
2 3 0.000005 0.000153 0.579832 0.419960 0.000050
3 3 0.000000 0.000049 0.023483 0.976461 0.000007
3 3 0.000027 0.000240 0.138895 0.860797 0.000042
3 3 0.000003 0.000222 0.203922 0.795750 0.000104
3 3 0.000002 0.000021 0.007615 0.992358 0.000004
3 3 0.000063 0.000063 0.102831 0.897020 0.000023
2 3 0.000017 0.000078 0.660860 0.339024 0.000021
3 3 0.000002 0.000026 0.042242 0.957702 0.000027
3 3 0.000062 0.000154 0.396604 0.603103 0.000077
3 3 0.000010 0.000113 0.050860 0.948943 0.000074
3 3 0.000007 0.000289 0.180067 0.819525 0.000113
3 3 0.000021 0.000033 0.070940 0.928954 0.000053
3 3 0.000009 0.000197 0.019594 0.980154 0.000046
3 3 0.000023 0.000022 0.017950 0.981990 0.000016
3 3 0.000011 0.000016 0.026429 0.973522 0.000022
2 2 0.000559 0.002288 0.545417 0.451503 0.000233
2 2 0.005199 0.007789 0.777466 0.124955 0.084591
2 2 0.000021 0.002337 0.949041 0.047468 0.001133
2 3 0.000037 0.003543 0.828211 0.167150 0.001059
2 3 0.000065 0.000501 0.762212 0.236951 0.000270
2 3 0.000110 0.000462 0.742824 0.256480 0.000124
3 3 0.000011 0.000086 0.033821 0.966070 0.000013
3 3 0.000026 0.005201 0.356453 0.638078 0.000241
3 3 0.000144 0.001517 0.062017 0.936036 0.000286
3 3 0.000013 0.003099 0.282974 0.712549 0.001365
3 3 0.000044 0.000370 0.139282 0.860254 0.000050
3 3 0.000002 0.000137 0.017148 0.982685 0.000027
3 3 0.000004 0.000028 0.015398 0.984558 0.000012
3 3 0.000191 0.000113 0.013975 0.985685 0.000036
3 3 0.000567 0.002511 0.123459 0.871033 0.002430
3 3 0.000085 0.000393 0.022906 0.976510 0.000107
3 3 0.000122 0.000465 0.026138 0.973130 0.000145
3 3 0.000010 0.000025 0.007946 0.992013 0.000006
3 3 0.000055 0.000040 0.017598 0.982281 0.000025
3 3 0.000064 0.000084 0.016521 0.983312 0.000019
3 3 0.000036 0.000172 0.016740 0.983008 0.000043
3 3 0.000776 0.001005 0.032114 0.965751 0.000355
3 3 0.000146 0.000960 0.040149 0.958474 0.000270
3 3 0.000014 0.000193 0.019508 0.980236 0.000048
3 3 0.000030 0.000049 0.013735 0.986168 0.000018
3 3 0.000058 0.000320 0.070062 0.929155 0.000405
3 3 0.000647 0.000152 0.064451 0.934436 0.000314
3 3 0.000901 0.000418 0.068511 0.929499 0.000670
3 3 0.000049 0.000807 0.198677 0.800122 0.000345
3 3 0.000003 0.000044 0.012913 0.987028 0.000011
3 3 0.000641 0.001617 0.102930 0.892767 0.002046
3 3 0.000009 0.000057 0.013677 0.986241 0.000016
3 3 0.000004 0.000031 0.017684 0.982265 0.000016
3 3 0.000128 0.000442 0.040485 0.958692 0.000253
3 3 0.000356 0.000335 0.024188 0.974989 0.000133
3 3 0.000000 0.000044 0.012919 0.987029 0.000008
3 3 0.000044 0.000102 0.028049 0.971736 0.000069
3 3 0.000084 0.000320 0.027182 0.972328 0.000085
3 3 0.000001 0.000102 0.014256 0.985624 0.000016
3 3 0.000045 0.000163 0.021039 0.978693 0.000059
3 3 0.000003 0.000096 0.025386 0.974476 0.000039
3 3 0.000006 0.000004 0.003825 0.996165 0.000001
3 3 0.000148 0.000059 0.035689 0.964016 0.000088
3 3 0.000067 0.001250 0.036087 0.962281 0.000315
3 3 0.000169 0.000278 0.021478 0.977981 0.000093
3 2 0.000176 0.003353 0.097840 0.898076 0.000554
3 2 0.040258 0.109763 0.251259 0.541573 0.057147
0 1 0.547617 0.184143 0.260737 0.000193 0.007310
0 2 0.335163 0.277967 0.293592 0.012830 0.080448
1 2 0.184789 0.385634 0.091512 0.017259 0.320806
1 2 0.131193 0.362550 0.350522 0.009057 0.146678
1 2 0.075070 0.326841 0.219507 0.182329 0.196253
1 2 0.125617 0.370673 0.147772 0.067200 0.288738
0 2 0.361928 0.291220 0.053346 0.009493 0.284013
2 2 0.026883 0.321553 0.472078 0.022731 0.156755
3 2 0.024283 0.187303 0.268895 0.419551 0.099969
2 2 0.003750 0.155311 0.740227 0.003012 0.097700
2 2 0.006571 0.102205 0.604127 0.005029 0.282069
3 2 0.042672 0.249186 0.249656 0.325413 0.133073
3 2 0.001679 0.048149 0.337852 0.587467 0.024852
2 2 0.037531 0.043126 0.745565 0.038272 0.135506
2 2 0.000056 0.008732 0.824354 0.146951 0.019908
2 2 0.001975 0.012835 0.824564 0.124792 0.035834
2 2 0.001500 0.029152 0.613494 0.344910 0.010944
3 2 0.000898 0.008475 0.214073 0.775279 0.001275
2 2 0.007294 0.146061 0.685496 0.022641 0.138507
2 2 0.000038 0.012947 0.958964 0.022263 0.005789
2 2 0.001155 0.030110 0.475677 0.428312 0.064746
4 2 0.051072 0.265964 0.203112 0.037194 0.442657
2 2 0.000015 0.008011 0.960841 0.029837 0.001297
2 2 0.003290 0.098468 0.560968 0.314186 0.023088
2 2 0.000001 0.001267 0.966750 0.031788 0.000194
2 2 0.000007 0.000379 0.984638 0.014569 0.000407
2 2 0.000058 0.009400 0.909304 0.079881 0.001357
2 2 0.014934 0.213389 0.483040 0.058438 0.230199
2 2 0.000341 0.044868 0.928740 0.014467 0.011584
2 2 0.000001 0.001741 0.996809 0.000653 0.000796
2 2 0.000281 0.043811 0.759690 0.000075 0.196143
2 2 0.000667 0.068278 0.891248 0.002448 0.037359
4 2 0.015756 0.095132 0.059536 0.000190 0.829386
2 2 0.000109 0.026039 0.953572 0.002336 0.017943
2 2 0.000882 0.079857 0.849212 0.001000 0.069049
2 2 0.000256 0.036963 0.917337 0.007357 0.038087
4 4 0.012692 0.124033 0.096893 0.000031 0.766350
4 4 0.010441 0.135255 0.166209 0.000150 0.687946
2 4 0.004914 0.117938 0.590704 0.003139 0.283305
4 4 0.005755 0.144694 0.354252 0.000209 0.495091
4 4 0.005215 0.059806 0.130346 0.000023 0.804610
4 4 0.006007 0.132842 0.288118 0.000164 0.572870
4 4 0.012135 0.177422 0.174560 0.000014 0.635869
4 4 0.013590 0.023260 0.082503 0.000783 0.879864
2 4 0.003720 0.115070 0.468964 0.001632 0.410613
2 4 0.001635 0.089539 0.662004 0.001590 0.245232
4 4 0.001984 0.035014 0.091041 0.000322 0.871639
4 4 0.005306 0.024820 0.012592 0.000021 0.957260
2 4 0.000214 0.037205 0.933594 0.002159 0.026829
2 4 0.000154 0.032410 0.930400 0.000809 0.036227
2 4 0.000826 0.072173 0.798908 0.000979 0.127114
4 4 0.004204 0.060794 0.104583 0.000177 0.830243
4 4 0.013174 0.107522 0.080139 0.000075 0.799089
2 4 0.003187 0.114519 0.452154 0.000360 0.429781
2 4 0.000280 0.049673 0.895240 0.000112 0.054695
2 4 0.001217 0.100792 0.752863 0.000092 0.145035
4 4 0.014784 0.102408 0.069259 0.000127 0.813422
4 4 0.012622 0.041632 0.028468 0.000147 0.917131
4 4 0.003925 0.024748 0.018966 0.000052 0.952309
4 4 0.055068 0.042302 0.007200 0.000001 0.895428
2 4 0.005544 0.110805 0.592204 0.000020 0.291426
2 4 0.000018 0.011246 0.979166 0.000307 0.009262
1 4 0.039420 0.517867 0.305728 0.000013 0.136973
2 4 0.001083 0.082720 0.671892 0.000203 0.244101
2 4 0.001827 0.107194 0.826291 0.006304 0.058385
2 4 0.019402 0.246497 0.388300 0.008024 0.337777
2 4 0.013971 0.183359 0.421178 0.095256 0.286236
4 2 0.165788 0.188205 0.148865 0.022318 0.474824
2 2 0.001638 0.031791 0.629547 0.004154 0.332869
2 2 0.000006 0.002067 0.995617 0.000209 0.002100
2 2 0.000866 0.062318 0.810531 0.016501 0.109783
2 2 0.000574 0.048074 0.793357 0.016239 0.141756
4 2 0.004316 0.050162 0.095772 0.001913 0.847836
2 2 0.002287 0.040396 0.794037 0.030340 0.132941
3 2 0.001142 0.035378 0.292760 0.642736 0.027985
2 2 0.007000 0.060286 0.611025 0.177416 0.144273
2 2 0.032490 0.031843 0.520728 0.001110 0.413830
2 2 0.007579 0.204718 0.694132 0.012291 0.081280
2 2 0.000286 0.032597 0.855314 0.077484 0.034320
2 2 0.000001 0.000875 0.993480 0.005453 0.000191
2 2 0.000007 0.001173 0.997265 0.000871 0.000685
2 2 0.003973 0.030417 0.899905 0.042125 0.023580
2 2 0.000892 0.034553 0.944736 0.015968 0.003851
2 2 0.000396 0.012653 0.738050 0.244490 0.004410
2 2 0.001698 0.046325 0.846133 0.011656 0.094187
2 2 0.188373 0.142303 0.362015 0.002142 0.305167
2 2 0.000916 0.056138 0.752223 0.145180 0.045543
2 2 0.000005 0.000408 0.961583 0.037543 0.000461
2 2 0.001265 0.020387 0.792846 0.179146 0.006355
2 2 0.000443 0.028286 0.896921 0.055030 0.019320
2 2 0.013408 0.031615 0.794194 0.126396 0.034387
2 2 0.000347 0.028673 0.894442 0.065302 0.011235
3 2 0.000016 0.001155 0.100443 0.898283 0.000103
2 2 0.007411 0.074332 0.802594 0.047902 0.067761
2 3 0.045225 0.122167 0.398826 0.162321 0.271461
2 3 0.005324 0.007636 0.908931 0.033831 0.044277
2 3 0.004405 0.059485 0.521209 0.365058 0.049843
3 3 0.044678 0.061097 0.232826 0.621712 0.039687
2 3 0.004706 0.013949 0.857353 0.111694 0.012298
2 3 0.000993 0.021329 0.609338 0.360792 0.007548
3 3 0.017419 0.034293 0.183128 0.750936 0.014224
3 3 0.001019 0.005401 0.167717 0.819155 0.006708
3 3 0.001510 0.001035 0.092568 0.904563 0.000323
3 3 0.000256 0.003623 0.053452 0.941616 0.001052
3 3 0.006453 0.046825 0.290867 0.610452 0.045402
0 3 0.365853 0.054550 0.300246 0.117512 0.161839
2 3 0.033524 0.044915 0.734206 0.127833 0.059522
2 3 0.001746 0.023459 0.561592 0.405131 0.008072
3 3 0.011213 0.021704 0.379735 0.547070 0.040278
2 3 0.034135 0.048227 0.517184 0.362064 0.038391
3 3 0.001487 0.015294 0.259473 0.719305 0.004441
3 3 0.001259 0.013394 0.119791 0.860979 0.004577
3 3 0.002230 0.035432 0.317019 0.638995 0.006325
3 3 0.000626 0.004313 0.189823 0.798732 0.006505
3 3 0.000878 0.007512 0.128843 0.857258 0.005509
3 3 0.005907 0.082668 0.252450 0.625777 0.033197
3 3 0.003217 0.001598 0.051755 0.942763 0.000666
2 3 0.016393 0.089309 0.429082 0.346263 0.118952
3 3 0.023207 0.025207 0.292955 0.628029 0.030602
3 3 0.006479 0.032739 0.197823 0.748066 0.014893
3 3 0.012782 0.006060 0.327108 0.650486 0.003564
3 3 0.016769 0.010266 0.132471 0.834151 0.006342
3 3 0.002674 0.004045 0.165607 0.821931 0.005743
3 3 0.000162 0.001407 0.175870 0.822003 0.000558
3 3 0.000442 0.000301 0.120090 0.878895 0.000273
3 3 0.016102 0.002975 0.157663 0.819572 0.003689
3 3 0.000418 0.000655 0.039900 0.958672 0.000355
3 3 0.000220 0.000477 0.179289 0.817796 0.002218
3 3 0.000097 0.004075 0.056597 0.938195 0.001036
3 3 0.000230 0.000243 0.026526 0.972942 0.000059
3 3 0.006316 0.000665 0.059978 0.932177 0.000864
3 3 0.077568 0.002883 0.087262 0.830311 0.001976
3 3 0.000595 0.000040 0.021921 0.977396 0.000048
3 3 0.000119 0.000220 0.036229 0.963274 0.000158
3 3 0.000070 0.000154 0.049066 0.950639 0.000071
3 3 0.002082 0.004192 0.072467 0.919664 0.001595
3 3 0.000599 0.000130 0.014449 0.984775 0.000048
3 3 0.000618 0.006486 0.065905 0.924915 0.002077
3 3 0.000172 0.000086 0.012503 0.987211 0.000027
3 1 0.028257 0.031575 0.409535 0.520592 0.010041
2 2 0.010141 0.019596 0.699463 0.235561 0.035239
3 2 0.001206 0.017205 0.325178 0.647689 0.008722
2 1 0.153724 0.112359 0.632631 0.084070 0.017217
4 1 0.264250 0.079099 0.043841 0.001211 0.611598
4 2 0.014412 0.103019 0.104135 0.002783 0.775651
2 2 0.003895 0.089318 0.460019 0.114451 0.332316
2 2 0.006691 0.026706 0.677317 0.223520 0.065766
3 2 0.012715 0.157292 0.355589 0.427985 0.046419
4 2 0.051084 0.238326 0.174157 0.060200 0.476234
2 2 0.010236 0.082092 0.473905 0.016235 0.417531
2 2 0.001479 0.029612 0.927688 0.010453 0.030768
2 2 0.000029 0.003008 0.989877 0.004315 0.002771
2 2 0.000024 0.011801 0.980586 0.006085 0.001504
2 2 0.000067 0.002318 0.990469 0.003249 0.003897
2 2 0.000030 0.007758 0.965679 0.017188 0.009345
2 2 0.000108 0.007473 0.985928 0.001283 0.005207
2 2 0.000001 0.000696 0.990120 0.008420 0.000763
2 2 0.000021 0.009563 0.971666 0.007447 0.011303
2 2 0.000179 0.002231 0.989926 0.007142 0.000521
2 2 0.000003 0.003002 0.993220 0.002433 0.001341
2 2 0.000002 0.000530 0.990683 0.008455 0.000329
2 2 0.000008 0.000646 0.920751 0.077541 0.001054
2 2 0.111851 0.133903 0.675577 0.000336 0.078333
2 2 0.000001 0.002903 0.995427 0.000164 0.001505
2 2 0.000002 0.001140 0.997449 0.000467 0.000942
2 2 0.000016 0.002216 0.992792 0.000318 0.004657
2 2 0.000010 0.001067 0.992571 0.005686 0.000667
2 2 0.000000 0.000006 0.999941 0.000051 0.000002
2 2 0.000003 0.000314 0.997651 0.001843 0.000189
2 2 0.000036 0.000737 0.993868 0.004818 0.000541
2 2 0.001105 0.036759 0.846015 0.086483 0.029638
2 2 0.017410 0.016623 0.895176 0.052174 0.018616
4 2 0.011635 0.142793 0.279796 0.017682 0.548093
2 2 0.000000 0.000032 0.977849 0.022111 0.000008
2 2 0.000070 0.009357 0.959955 0.025689 0.004929
1 2 0.140129 0.566154 0.177052 0.002885 0.113781
0 1 0.512425 0.135065 0.324014 0.006777 0.021718
1 2 0.053905 0.409527 0.248167 0.000361 0.288041
2 2 0.003964 0.146130 0.763725 0.021633 0.064547
2 2 0.000866 0.020591 0.958471 0.003210 0.016862
2 2 0.000020 0.009654 0.981280 0.001224 0.007821
2 2 0.000002 0.002581 0.995889 0.000771 0.000757
2 2 0.000010 0.000142 0.950202 0.049584 0.000063
2 2 0.000087 0.026171 0.962455 0.000465 0.010822
2 2 0.000010 0.006384 0.968506 0.023938 0.001162
2 2 0.000003 0.002297 0.994534 0.002335 0.000832
2 2 0.001804 0.008126 0.979873 0.008746 0.001451
2 2 0.000090 0.004259 0.983244 0.007979 0.004427
2 2 0.000029 0.000752 0.990313 0.008839 0.000067
2 2 0.000003 0.000639 0.991645 0.006715 0.000999
2 2 0.000012 0.000939 0.995756 0.002157 0.001136
2 2 0.000021 0.003704 0.988888 0.003217 0.004170
2 2 0.002017 0.049469 0.930000 0.000912 0.017601
2 2 0.000441 0.041259 0.948251 0.001260 0.008790
2 2 0.000822 0.014102 0.973635 0.001091 0.010350
2 2 0.004622 0.113952 0.767291 0.001889 0.112245
2 2 0.000005 0.004820 0.992726 0.000208 0.002241
2 2 0.000000 0.000120 0.998915 0.000958 0.000007
2 2 0.000001 0.000318 0.998842 0.000706 0.000133
2 2 0.000129 0.010360 0.973022 0.015966 0.000522
2 2 0.000166 0.030522 0.924905 0.003215 0.041192
2 2 0.000000 0.000267 0.993029 0.006655 0.000048
2 2 0.001811 0.061312 0.893962 0.005753 0.037162
4 2 0.064668 0.303096 0.137924 0.001638 0.492674
2 2 0.001938 0.105046 0.820731 0.012931 0.059354
2 2 0.001016 0.088225 0.887795 0.002876 0.020089
2 2 0.000095 0.001281 0.997691 0.000319 0.000615
2 2 0.000091 0.007230 0.888066 0.000201 0.104412
2 2 0.000086 0.009118 0.974720 0.000082 0.015994
2 2 0.000012 0.006405 0.988693 0.000897 0.003993
2 2 0.001982 0.124277 0.854190 0.001784 0.017767
2 2 0.025458 0.443273 0.514293 0.001796 0.015181
2 2 0.007026 0.231069 0.692863 0.001283 0.067758
0 1 0.582344 0.117466 0.084865 0.113838 0.101487
4 2 0.372025 0.168753 0.031450 0.001080 0.426691
4 2 0.170424 0.197711 0.166728 0.022037 0.443099
4 2 0.018275 0.128968 0.332405 0.047286 0.473066
2 2 0.001582 0.046073 0.902771 0.031546 0.018028
2 2 0.000222 0.015778 0.932858 0.031220 0.019922
2 2 0.000046 0.002807 0.968953 0.027127 0.001067
2 2 0.000034 0.012308 0.962576 0.009028 0.016054
2 2 0.000237 0.020290 0.951624 0.000637 0.027212
2 2 0.000969 0.050260 0.897938 0.000222 0.050611
2 2 0.000000 0.000292 0.999080 0.000563 0.000064
2 2 0.000015 0.000778 0.989457 0.009035 0.000714
2 2 0.000001 0.001056 0.997304 0.000945 0.000694
2 2 0.000004 0.001110 0.998288 0.000096 0.000502
2 2 0.000002 0.002134 0.990714 0.000356 0.006795
2 2 0.000000 0.000321 0.998603 0.001007 0.000069
2 2 0.000001 0.000178 0.998445 0.001214 0.000162
2 2 0.000014 0.000468 0.998485 0.000336 0.000697
2 2 0.000001 0.000257 0.981563 0.018107 0.000072
2 2 0.000002 0.000367 0.997673 0.001652 0.000306
2 2 0.000011 0.000876 0.978726 0.018555 0.001832
2 2 0.000003 0.002411 0.978196 0.015293 0.004096
2 2 0.000007 0.004182 0.990042 0.003692 0.002076
2 2 0.000054 0.017825 0.966397 0.002357 0.013366
2 2 0.000050 0.016078 0.966056 0.013216 0.004600
2 2 0.000010 0.001913 0.989353 0.006342 0.002383
2 2 0.000010 0.003287 0.934802 0.060674 0.001227
2 2 0.000012 0.006174 0.991017 0.001894 0.000903
2 2 0.000007 0.001721 0.983407 0.013298 0.001567
2 2 0.000850 0.014748 0.961147 0.002502 0.020753
2 2 0.003149 0.011808 0.960456 0.002552 0.022035
2 2 0.000847 0.007460 0.967171 0.002322 0.022200
2 2 0.000678 0.010002 0.977726 0.008168 0.003426
2 2 0.000000 0.000495 0.993874 0.005278 0.000353
2 2 0.000002 0.000255 0.996110 0.003251 0.000381
2 2 0.000006 0.000167 0.992608 0.006907 0.000312
2 2 0.000001 0.000069 0.997311 0.002558 0.000060
2 2 0.000001 0.000407 0.994068 0.005350 0.000174
2 2 0.000000 0.000019 0.998304 0.001674 0.000002
2 2 0.000001 0.000208 0.993939 0.005734 0.000119
2 2 0.000016 0.001295 0.928764 0.068621 0.001303
2 2 0.000000 0.000034 0.965883 0.033993 0.000089
2 2 0.000000 0.000114 0.985116 0.014259 0.000510
2 2 0.000010 0.004779 0.814213 0.180388 0.000610
2 2 0.000009 0.000192 0.773116 0.226534 0.000149
2 2 0.000092 0.012972 0.933097 0.045795 0.008044
2 3 0.000359 0.017712 0.859628 0.105721 0.016581
2 3 0.000363 0.004131 0.822253 0.172290 0.000962
2 3 0.000052 0.000045 0.986010 0.013881 0.000011
2 3 0.000044 0.002156 0.955597 0.041140 0.001063
3 3 0.000018 0.000106 0.430395 0.569196 0.000284
2 3 0.002132 0.090227 0.733802 0.063388 0.110451
3 3 0.000011 0.000671 0.380282 0.618939 0.000097
2 3 0.003092 0.017066 0.857001 0.116629 0.006212
2 3 0.002337 0.004591 0.708268 0.280338 0.004465
2 3 0.000015 0.000435 0.906330 0.092823 0.000396
2 3 0.000484 0.002917 0.511012 0.483404 0.002184
2 3 0.000003 0.000630 0.913588 0.085509 0.000269
2 3 0.000003 0.000256 0.945312 0.054159 0.000270
2 3 0.000000 0.000043 0.913636 0.086294 0.000027
2 3 0.000000 0.000065 0.994826 0.005105 0.000003
2 3 0.000001 0.000107 0.541418 0.458451 0.000023
3 3 0.000019 0.000245 0.188715 0.810908 0.000113
2 3 0.000106 0.017043 0.802981 0.145563 0.034306
3 3 0.000066 0.002860 0.330774 0.665432 0.000867
3 3 0.000303 0.000245 0.144505 0.854524 0.000423
3 3 0.000784 0.000070 0.017111 0.981988 0.000047
2 3 0.043801 0.008645 0.486745 0.459015 0.001794
2 0 0.002986 0.154814 0.790285 0.001395 0.050520
2 0 0.257906 0.249967 0.377048 0.000602 0.114477
0 0 0.679556 0.093244 0.184733 0.013764 0.028702
0 0 0.953854 0.023580 0.009329 0.000123 0.013113
4 0 0.061416 0.321517 0.175052 0.000226 0.441789
4 0 0.032283 0.054388 0.031413 0.000104 0.881812
0 0 0.695350 0.048288 0.030834 0.002678 0.222851
0 0 0.805681 0.094423 0.030941 0.000576 0.068379
0 0 0.789552 0.124114 0.036767 0.000311 0.049257
0 0 0.973186 0.012568 0.001653 0.000000 0.012593
0 0 0.920894 0.029593 0.013279 0.000000 0.036234
1 1 0.140440 0.442767 0.106229 0.000711 0.309852
4 1 0.055912 0.279233 0.259160 0.000051 0.405644
2 1 0.000394 0.028416 0.951679 0.010042 0.009470
2 0 0.296764 0.271642 0.347951 0.000909 0.082734
2 0 0.144266 0.100908 0.460639 0.114799 0.179388
0 0 0.864817 0.029584 0.011331 0.000769 0.093498
0 0 0.650930 0.079683 0.030920 0.000367 0.238099
1 0 0.071418 0.535972 0.211773 0.000052 0.180786
4 0 0.062346 0.151050 0.038439 0.000756 0.747409
0 0 0.621764 0.086702 0.235493 0.010437 0.045605
0 0 0.943843 0.029017 0.008203 0.000079 0.018857
0 0 0.754347 0.155584 0.065498 0.000085 0.024485
0 0 0.709789 0.137233 0.093436 0.000003 0.059540
0 0 0.919787 0.042630 0.012507 0.000022 0.025053
0 0 0.966832 0.014540 0.005579 0.000215 0.012834
0 0 0.919830 0.044684 0.016338 0.000121 0.019027
0 0 0.583124 0.137694 0.174146 0.000035 0.105000
0 0 0.470274 0.266397 0.225871 0.000079 0.037379
0 0 0.806472 0.091423 0.080185 0.000003 0.021917
1 0 0.323826 0.464626 0.140109 0.000321 0.071117
0 1 0.387604 0.354185 0.165248 0.000045 0.092917
1 1 0.099380 0.603098 0.226933 0.000648 0.069941
1 1 0.157228 0.570596 0.132892 0.000513 0.138771
0 1 0.650625 0.215766 0.056119 0.000217 0.077272
0 1 0.536308 0.096690 0.036095 0.000050 0.330857
2 2 0.194879 0.251788 0.322798 0.000012 0.230523
1 1 0.143379 0.694382 0.114277 0.000007 0.047956
0 1 0.603139 0.260097 0.054581 0.000172 0.082011
0 1 0.910371 0.023964 0.007562 0.000005 0.058097
0 1 0.764841 0.077696 0.011289 0.000398 0.145775
1 1 0.109380 0.595028 0.240104 0.000229 0.055261
0 1 0.465260 0.400297 0.045305 0.000009 0.089129
1 1 0.344742 0.475335 0.081958 0.000089 0.097875
2 1 0.026106 0.386263 0.387898 0.000180 0.199553
2 2 0.005755 0.179755 0.744463 0.038062 0.031965
2 2 0.000121 0.030159 0.950227 0.000585 0.018909
2 2 0.000020 0.009993 0.977622 0.005035 0.007330
2 2 0.000423 0.045534 0.609309 0.000141 0.344592
2 2 0.000349 0.030197 0.918654 0.000281 0.050519
2 2 0.000018 0.009079 0.964351 0.024888 0.001663
2 2 0.000100 0.022689 0.942833 0.005277 0.029101
2 2 0.000041 0.010706 0.984702 0.000258 0.004293
2 2 0.000004 0.004212 0.992187 0.002414 0.001183
2 2 0.000001 0.001679 0.995297 0.001943 0.001081
2 2 0.000005 0.004805 0.985005 0.007305 0.002880
2 2 0.000004 0.003358 0.989444 0.004259 0.002934
2 2 0.000000 0.001454 0.997509 0.000573 0.000463
2 2 0.000001 0.000458 0.997206 0.001816 0.000518
2 2 0.000004 0.002530 0.984905 0.008417 0.004143
2 2 0.000064 0.014574 0.977532 0.001664 0.006167
2 2 0.012402 0.264846 0.486066 0.000474 0.236211
2 2 0.000083 0.024110 0.940941 0.000375 0.034490
2 2 0.000071 0.021000 0.955427 0.001210 0.022292
2 2 0.000120 0.027390 0.950929 0.002273 0.019288
2 2 0.002604 0.127807 0.818789 0.011754 0.039046
2 2 0.000126 0.020660 0.943224 0.020662 0.015328
2 2 0.000000 0.000298 0.993734 0.005936 0.000032
2 2 0.000000 0.000267 0.998151 0.001502 0.000080
2 2 0.000000 0.000147 0.999265 0.000544 0.000044
2 2 0.000006 0.000834 0.997329 0.001497 0.000334
2 2 0.000013 0.001546 0.993051 0.004571 0.000818
2 2 0.000003 0.001984 0.952011 0.045789 0.000212
2 2 0.000011 0.001086 0.963027 0.034781 0.001096
2 2 0.000001 0.000049 0.991311 0.008582 0.000057
2 2 0.000024 0.000660 0.997277 0.000986 0.001052
2 2 0.000004 0.000491 0.995418 0.002377 0.001710
2 2 0.000001 0.001075 0.997724 0.000156 0.001044
2 2 0.000005 0.005408 0.987900 0.000043 0.006644
2 2 0.000009 0.003723 0.992291 0.000533 0.003444
2 2 0.000004 0.000965 0.991112 0.006811 0.001108
2 2 0.000000 0.000099 0.998881 0.001001 0.000019
2 2 0.000025 0.012365 0.981251 0.001657 0.004701
2 2 0.000001 0.000109 0.996866 0.002965 0.000059
2 2 0.000000 0.000053 0.999342 0.000563 0.000042
2 2 0.000000 0.000056 0.999915 0.000017 0.000012
2 2 0.000001 0.000176 0.997047 0.002703 0.000072
2 2 0.000003 0.000653 0.997193 0.000652 0.001500
2 2 0.000014 0.008272 0.976347 0.002414 0.012953
2 2 0.016189 0.066321 0.823219 0.000815 0.093456
2 2 0.002413 0.127306 0.625394 0.000142 0.244745
2 2 0.000079 0.014030 0.946421 0.001095 0.038375
2 2 0.000001 0.001958 0.996226 0.000043 0.001772
2 2 0.000009 0.000408 0.996146 0.003159 0.000278
2 2 0.000001 0.000104 0.997627 0.002135 0.000132
2 2 0.000077 0.008214 0.986200 0.000091 0.005418
2 2 0.000383 0.059731 0.926390 0.000495 0.013002
2 2 0.001891 0.115809 0.824843 0.002597 0.054860
2 2 0.000030 0.013317 0.979099 0.002624 0.004931
2 2 0.000028 0.012827 0.980225 0.003293 0.003627
1 2 0.053132 0.384575 0.273259 0.003737 0.285297
4 2 0.209776 0.160018 0.056379 0.000064 0.573763
0 1 0.406623 0.178022 0.033184 0.000524 0.381647
4 1 0.264564 0.328868 0.033938 0.001004 0.371626
4 1 0.076222 0.237643 0.086051 0.004684 0.595400
4 1 0.056327 0.257067 0.144999 0.008954 0.532653
2 1 0.014077 0.207159 0.493589 0.075964 0.209211
2 2 0.000505 0.053743 0.910575 0.014701 0.020476
2 2 0.001934 0.107486 0.745218 0.001796 0.143566
4 1 0.037886 0.334561 0.215037 0.000149 0.412367
2 1 0.015579 0.376183 0.520911 0.000002 0.087325
1 0 0.142085 0.432690 0.222108 0.001778 0.201339
0 0 0.611697 0.161074 0.063126 0.000007 0.164096
2 0 0.057689 0.197860 0.689586 0.000019 0.054846
2 0 0.142594 0.227213 0.475266 0.000026 0.154901
2 0 0.172250 0.150403 0.588044 0.000906 0.088398
0 0 0.726195 0.087908 0.044187 0.000008 0.141702
0 0 0.577802 0.104997 0.200855 0.000112 0.116234
0 0 0.982517 0.006815 0.002180 0.000001 0.008486
0 0 0.780094 0.114631 0.038985 0.000099 0.066191
1 1 0.126605 0.385335 0.109744 0.000077 0.378239
2 1 0.116884 0.394817 0.464015 0.000013 0.024271
1 1 0.068323 0.522067 0.238475 0.000153 0.170983
1 1 0.052210 0.510225 0.327910 0.000451 0.109204
2 2 0.002699 0.077425 0.809097 0.002221 0.108558
2 2 0.005586 0.171690 0.726548 0.000205 0.095970
1 2 0.058329 0.508663 0.236735 0.000047 0.196226
2 2 0.001641 0.130140 0.822625 0.000150 0.045444
2 2 0.000118 0.024685 0.939818 0.005955 0.029425
2 2 0.000003 0.003716 0.993361 0.000905 0.002016
2 2 0.000009 0.007114 0.986971 0.002029 0.003877
2 2 0.000052 0.016970 0.970531 0.008513 0.003934
2 2 0.000771 0.071968 0.846924 0.001305 0.079033
2 2 0.000997 0.095639 0.770899 0.000051 0.132414
2 2 0.000083 0.018509 0.973705 0.001448 0.006255
2 2 0.000030 0.014324 0.981715 0.001684 0.002247
2 2 0.000003 0.000215 0.998160 0.001316 0.000307
2 2 0.000097 0.012328 0.934737 0.000077 0.052761
2 2 0.000002 0.000641 0.997256 0.001881 0.000220
2 2 0.000000 0.000295 0.999330 0.000260 0.000115
2 2 0.000086 0.024041 0.949804 0.000709 0.025360
2 2 0.000000 0.000115 0.999244 0.000578 0.000062
2 2 0.000003 0.003225 0.992121 0.003745 0.000906
2 2 0.000071 0.007246 0.947229 0.009160 0.036294
2 2 0.000000 0.000390 0.997217 0.001965 0.000428
2 2 0.000000 0.000082 0.993170 0.006706 0.000042
2 2 0.000013 0.003078 0.944810 0.046202 0.005897
2 2 0.015109 0.290024 0.385933 0.000068 0.308866
2 1 0.125811 0.255364 0.325585 0.000158 0.293082
1 2 0.163440 0.502976 0.081809 0.000007 0.251768
4 2 0.047267 0.224584 0.168150 0.000008 0.559991
4 2 0.031468 0.266824 0.165601 0.000012 0.536094
0 1 0.465786 0.250845 0.031213 0.000003 0.252153
4 1 0.041618 0.235705 0.104135 0.000121 0.618422
2 2 0.013165 0.288683 0.387120 0.000025 0.311007
2 2 0.011224 0.267228 0.542917 0.000571 0.178060
2 2 0.000062 0.012909 0.970933 0.006012 0.010084
4 2 0.017208 0.156585 0.320050 0.001258 0.504899
2 2 0.000008 0.006502 0.988828 0.001537 0.003125
2 2 0.000014 0.008352 0.982563 0.003590 0.005482
2 2 0.000051 0.016769 0.971596 0.001581 0.010004
2 2 0.000282 0.044835 0.929181 0.001426 0.024276
2 2 0.000895 0.016262 0.952119 0.003305 0.027420
2 2 0.000007 0.006178 0.990726 0.001802 0.001288
2 2 0.000006 0.001779 0.996857 0.000464 0.000894
2 2 0.000000 0.000259 0.999404 0.000220 0.000118
2 2 0.000002 0.000883 0.976137 0.022522 0.000456
2 2 0.000005 0.000663 0.994780 0.003575 0.000976
2 2 0.000003 0.000098 0.991710 0.008128 0.000062
2 2 0.000000 0.000015 0.963406 0.036570 0.000009
2 2 0.000000 0.000060 0.999207 0.000662 0.000069
2 2 0.000001 0.000447 0.998023 0.001269 0.000260
2 2 0.000005 0.005056 0.984074 0.000990 0.009875
2 2 0.000000 0.000104 0.999234 0.000465 0.000197
2 2 0.000000 0.000152 0.980024 0.019571 0.000253
2 2 0.000000 0.000273 0.998315 0.000965 0.000448
2 2 0.000001 0.000261 0.996185 0.002816 0.000737
2 2 0.000004 0.000464 0.955648 0.043714 0.000170
2 2 0.000001 0.000371 0.912934 0.086284 0.000411
2 2 0.000005 0.000659 0.996582 0.001208 0.001546
2 2 0.000005 0.000065 0.982469 0.017447 0.000015
2 2 0.000014 0.000285 0.938922 0.060579 0.000200
2 2 0.000003 0.003128 0.926854 0.068139 0.001875
2 2 0.002872 0.088756 0.474604 0.010266 0.423503
2 4 0.001689 0.072148 0.643949 0.048834 0.233379
4 4 0.008083 0.019030 0.024806 0.000109 0.947971
4 4 0.006117 0.013803 0.010416 0.000013 0.969651
2 4 0.000743 0.065810 0.706111 0.000309 0.227027
4 4 0.004368 0.025742 0.023614 0.000078 0.946199
4 4 0.003667 0.032058 0.062001 0.000103 0.902170
4 4 0.011145 0.051122 0.028521 0.000236 0.908977
4 4 0.054360 0.061096 0.038383 0.000479 0.845681
4 4 0.076459 0.021742 0.005753 0.000003 0.896043
4 4 0.005136 0.028221 0.035943 0.000015 0.930685
1 1 0.083617 0.417572 0.206763 0.000002 0.292046
4 1 0.035086 0.136858 0.044138 0.000066 0.783853
4 2 0.004572 0.151669 0.412686 0.000054 0.431019
4 2 0.010808 0.036668 0.009957 0.000004 0.942563
4 4 0.013460 0.031529 0.005872 0.000003 0.949136
4 4 0.012498 0.079592 0.055601 0.000003 0.852306
4 4 0.005770 0.016408 0.007025 0.000005 0.970792
4 4 0.012593 0.046922 0.018816 0.000075 0.921594
4 4 0.026149 0.071840 0.028604 0.000253 0.873155
4 4 0.028284 0.086646 0.021784 0.000026 0.863260
4 4 0.016812 0.201686 0.283903 0.002467 0.495132
4 4 0.019733 0.015057 0.013479 0.000025 0.951706
4 4 0.041994 0.011600 0.005556 0.000002 0.940847
4 4 0.048650 0.012971 0.003148 0.000001 0.935231
4 4 0.003260 0.013524 0.005286 0.000002 0.977927
4 4 0.006982 0.011968 0.003400 0.000001 0.977650
4 4 0.014432 0.019302 0.005177 0.000002 0.961087
4 4 0.059579 0.070131 0.030015 0.000295 0.839980
4 4 0.020412 0.054199 0.018430 0.000072 0.906887
4 4 0.011073 0.025976 0.014635 0.000034 0.948282
4 4 0.005823 0.033215 0.023328 0.000102 0.937532
4 4 0.009141 0.021374 0.012858 0.000024 0.956605
4 4 0.018959 0.084269 0.031663 0.000028 0.865080
4 4 0.000557 0.030185 0.399165 0.014410 0.555684
4 4 0.012335 0.130172 0.125169 0.000104 0.732220
4 4 0.025549 0.021246 0.013987 0.000029 0.939188
4 4 0.021060 0.137310 0.055996 0.000005 0.785629
4 4 0.015047 0.013523 0.004536 0.000001 0.966893
4 4 0.019617 0.012521 0.004030 0.000001 0.963831
4 4 0.025946 0.021024 0.010228 0.000012 0.942789
4 4 0.076409 0.032719 0.007971 0.000007 0.882894
4 4 0.067333 0.031291 0.014424 0.000035 0.886917
4 4 0.048526 0.030144 0.017895 0.000060 0.903374
4 4 0.013011 0.012186 0.012740 0.000021 0.962041
4 4 0.063358 0.029423 0.016969 0.000053 0.890197
4 4 0.059061 0.048889 0.005974 0.000003 0.886073
4 4 0.007952 0.014299 0.004615 0.000001 0.973132
4 4 0.007935 0.027650 0.009230 0.000010 0.955175
4 4 0.044432 0.037393 0.032918 0.000328 0.884929
4 4 0.021506 0.051600 0.033862 0.000092 0.892940
4 4 0.040926 0.028341 0.017868 0.000059 0.912805
4 4 0.310168 0.077882 0.017517 0.000119 0.594314
4 4 0.046878 0.011322 0.001425 0.000000 0.940374
4 4 0.077508 0.027972 0.022442 0.000114 0.871964
4 4 0.020596 0.021295 0.033485 0.000218 0.924406
4 4 0.017517 0.015658 0.021725 0.000076 0.945024
4 4 0.152964 0.013536 0.020890 0.000095 0.812514
4 4 0.319366 0.060874 0.240003 0.052925 0.326832
4 4 0.037519 0.012084 0.007132 0.000004 0.943261
4 4 0.076969 0.004662 0.001828 0.000000 0.916541
4 4 0.009033 0.008555 0.003508 0.000001 0.978904
4 4 0.059038 0.009127 0.006962 0.000004 0.924869
4 4 0.090634 0.134116 0.155933 0.013856 0.605462
4 4 0.067562 0.048758 0.152810 0.006193 0.724677
4 4 0.111597 0.036604 0.010361 0.000016 0.841423
4 4 0.020653 0.088356 0.048527 0.001145 0.841319
4 4 0.001828 0.006870 0.004501 0.000001 0.986800
4 4 0.015800 0.020860 0.006967 0.000004 0.956370
4 4 0.015587 0.187124 0.293859 0.000405 0.503025
2 4 0.002198 0.054449 0.809945 0.000616 0.132793
4 4 0.008136 0.138943 0.243036 0.000283 0.609601
2 4 0.000791 0.064008 0.670608 0.000515 0.264079
2 4 0.002757 0.113810 0.598543 0.001703 0.283187
2 4 0.002059 0.088215 0.710282 0.039791 0.159653
