2 0 0.433738 0.013648 0.520815 0.029279 0.002519
0 0 0.919470 0.007692 0.000973 0.000081 0.071784
0 0 0.928312 0.003954 0.000763 0.006297 0.060674
0 0 0.997206 0.000075 0.000016 0.000340 0.002363
0 0 0.999222 0.000384 0.000364 0.000000 0.000030
0 0 0.682171 0.170123 0.131910 0.000035 0.015760
1 0 0.232267 0.498887 0.102080 0.000085 0.166681
0 0 0.580640 0.273034 0.081793 0.000601 0.063933
1 0 0.285333 0.543784 0.096080 0.000067 0.074735
0 0 0.660012 0.215630 0.053972 0.000040 0.070346
1 0 0.149068 0.398655 0.139352 0.000707 0.312218
1 1 0.320529 0.429306 0.046463 0.000010 0.203692
1 1 0.366034 0.447261 0.040765 0.000005 0.145935
1 1 0.095938 0.387488 0.208341 0.002006 0.306227
0 1 0.440741 0.237316 0.066267 0.004259 0.251418
4 1 0.162293 0.286413 0.056663 0.000076 0.494554
1 1 0.179098 0.510376 0.104031 0.000026 0.206469
1 1 0.072837 0.466019 0.194901 0.000069 0.266175
1 1 0.062680 0.505730 0.122121 0.000001 0.309468
1 1 0.154561 0.565340 0.124162 0.000017 0.155920
1 1 0.061817 0.423308 0.234670 0.000269 0.279936
1 1 0.177048 0.549553 0.138857 0.000078 0.134464
2 1 0.030284 0.412218 0.462857 0.001850 0.092790
2 1 0.003835 0.204013 0.754062 0.007588 0.030502
2 2 0.032553 0.419072 0.427320 0.001206 0.119850
2 2 0.042482 0.382283 0.387453 0.004269 0.183513
2 2 0.009851 0.241580 0.646853 0.021651 0.080065
2 2 0.000552 0.109362 0.824280 0.001266 0.064539
2 2 0.001850 0.138711 0.802787 0.018538 0.038115
2 2 0.001034 0.067169 0.899303 0.008074 0.024420
2 2 0.001593 0.035819 0.958821 0.000907 0.002860
2 2 0.002103 0.046267 0.933948 0.002747 0.014934
2 2 0.002755 0.106631 0.825438 0.002178 0.062998
2 2 0.001555 0.015259 0.870813 0.111414 0.000959
2 2 0.000851 0.114948 0.670541 0.000916 0.212744
2 2 0.001206 0.075664 0.851828 0.011202 0.060100
2 2 0.003465 0.094826 0.771614 0.019912 0.110183
2 2 0.000226 0.051537 0.924506 0.002024 0.021707
2 2 0.000029 0.019449 0.966085 0.001143 0.013294
2 2 0.000139 0.019351 0.973694 0.001672 0.005145
2 2 0.000057 0.005518 0.956402 0.037044 0.000979
2 3 0.008659 0.029054 0.608448 0.332317 0.021523
2 3 0.000169 0.005365 0.906617 0.086076 0.001773
2 3 0.001921 0.030147 0.897738 0.063454 0.006740
2 3 0.002087 0.015934 0.622333 0.343517 0.016129
2 3 0.000150 0.005966 0.673768 0.318455 0.001660
3 3 0.001065 0.004062 0.195188 0.796237 0.003448
3 3 0.000031 0.000400 0.121737 0.877776 0.000055
2 3 0.000060 0.003224 0.551936 0.443996 0.000784
2 3 0.000090 0.002374 0.523063 0.473591 0.000882
3 3 0.001034 0.008434 0.259814 0.729440 0.001278
3 3 0.000004 0.000323 0.204823 0.794807 0.000043
3 3 0.000017 0.000443 0.257924 0.741589 0.000026
3 3 0.000441 0.002973 0.154314 0.841017 0.001255
3 3 0.000455 0.006205 0.263245 0.721447 0.008647
3 3 0.000011 0.000278 0.044204 0.955295 0.000213
3 3 0.000109 0.000892 0.102762 0.895840 0.000397
3 3 0.005749 0.003109 0.044319 0.945136 0.001687
3 3 0.000118 0.001941 0.236931 0.760832 0.000178
3 3 0.000485 0.001968 0.097860 0.899311 0.000375
3 3 0.001761 0.003704 0.200096 0.794257 0.000181
3 3 0.000410 0.000852 0.023969 0.974393 0.000375
3 3 0.000650 0.000789 0.023452 0.974794 0.000313
3 3 0.000484 0.000435 0.012740 0.985879 0.000463
3 3 0.012150 0.002428 0.015771 0.963126 0.006525
3 3 0.002136 0.000795 0.017631 0.979104 0.000333
2 3 0.214493 0.040029 0.469793 0.273304 0.002381
0 2 0.464443 0.350535 0.143664 0.000230 0.041129
3 2 0.002938 0.019400 0.461546 0.511452 0.004663
2 3 0.000024 0.002043 0.632958 0.364861 0.000114
3 3 0.022614 0.022198 0.183398 0.747516 0.024274
3 3 0.002738 0.002493 0.047360 0.946676 0.000733
3 3 0.000024 0.000732 0.224337 0.774872 0.000035
3 3 0.000004 0.000499 0.279079 0.720394 0.000024
3 3 0.000001 0.000097 0.099215 0.900676 0.000011
3 3 0.000134 0.000642 0.071360 0.927712 0.000153
3 3 0.000179 0.000215 0.016773 0.982786 0.000047
3 3 0.000046 0.000157 0.019472 0.980286 0.000038
3 3 0.000162 0.000339 0.032273 0.967183 0.000044
3 3 0.000123 0.001729 0.134016 0.863917 0.000215
3 3 0.001427 0.000550 0.022145 0.975711 0.000167
3 3 0.000066 0.000126 0.012165 0.987600 0.000044
3 3 0.000134 0.001256 0.202950 0.795558 0.000102
3 3 0.000848 0.000452 0.014930 0.983598 0.000172
3 3 0.000814 0.003892 0.194661 0.800326 0.000307
3 3 0.000016 0.000042 0.009670 0.990266 0.000007
3 3 0.000107 0.000230 0.042709 0.956939 0.000014
3 3 0.001163 0.000386 0.012595 0.985691 0.000166
3 3 0.010467 0.004096 0.072572 0.911901 0.000964
3 3 0.000041 0.000309 0.057938 0.941692 0.000021
3 3 0.000283 0.000223 0.008827 0.990545 0.000122
3 3 0.000113 0.000640 0.042201 0.956926 0.000120
3 3 0.000134 0.000300 0.027195 0.972324 0.000047
3 3 0.010792 0.000912 0.014985 0.972950 0.000361
3 3 0.000750 0.000320 0.014446 0.984392 0.000091
3 3 0.003555 0.003836 0.063491 0.927747 0.001371
3 3 0.000061 0.000068 0.003593 0.996213 0.000064
3 3 0.000020 0.000039 0.004722 0.995202 0.000018
3 3 0.000070 0.000044 0.004888 0.994983 0.000015
3 3 0.000044 0.000175 0.025638 0.974120 0.000023
3 3 0.000334 0.000247 0.009326 0.989960 0.000133
3 3 0.000005 0.000002 0.000452 0.999538 0.000002
3 3 0.000041 0.000046 0.008725 0.991180 0.000008
3 3 0.004826 0.000594 0.020602 0.973866 0.000112
3 3 0.000045 0.000079 0.009979 0.989878 0.000019
3 3 0.000578 0.000234 0.006816 0.992206 0.000165
3 3 0.000095 0.000061 0.004984 0.994833 0.000027
3 3 0.000181 0.000386 0.023146 0.976193 0.000095
3 3 0.263258 0.002996 0.008567 0.713349 0.011830
2 3 0.006601 0.098412 0.773591 0.114881 0.006514
2 3 0.000230 0.012681 0.504903 0.481321 0.000865
2 3 0.003341 0.052993 0.840477 0.100178 0.003011
3 3 0.099796 0.078762 0.190082 0.563045 0.068315
3 3 0.005411 0.005238 0.064648 0.923043 0.001660
3 3 0.004387 0.003885 0.064831 0.925661 0.001235
3 3 0.000130 0.001041 0.059204 0.939440 0.000185
3 3 0.000027 0.000302 0.046678 0.952962 0.000031
3 3 0.017190 0.007178 0.093035 0.880127 0.002471
2 3 0.000537 0.007592 0.664626 0.326981 0.000264
3 3 0.000319 0.000962 0.017337 0.980512 0.000870
3 3 0.000082 0.000368 0.021466 0.977962 0.000121
3 3 0.000421 0.000521 0.023263 0.975655 0.000139
3 3 0.000529 0.002433 0.070147 0.926329 0.000562
3 3 0.001338 0.001436 0.021411 0.974850 0.000964
3 3 0.000022 0.000111 0.018846 0.981002 0.000018
3 3 0.004781 0.000898 0.008468 0.984762 0.001091
3 3 0.002150 0.001852 0.029060 0.966054 0.000884
3 3 0.013336 0.003214 0.023772 0.956168 0.003510
3 3 0.000047 0.000034 0.004025 0.995878 0.000016
3 3 0.000311 0.000588 0.030262 0.968642 0.000197
3 3 0.002260 0.000726 0.017727 0.979019 0.000268
3 3 0.025635 0.014665 0.110477 0.842211 0.007012
3 3 0.001193 0.001682 0.035212 0.961265 0.000648
3 3 0.000641 0.000167 0.011816 0.987342 0.000033
3 3 0.005521 0.002471 0.041990 0.949331 0.000687
3 3 0.001331 0.000710 0.013174 0.984309 0.000475
3 3 0.018162 0.003637 0.031672 0.944810 0.001719
3 3 0.017693 0.002458 0.008066 0.965129 0.006654
3 3 0.008782 0.000111 0.001236 0.989631 0.000239
3 3 0.000018 0.000040 0.005057 0.994867 0.000017
3 3 0.001139 0.000425 0.004943 0.992695 0.000798
3 3 0.006467 0.000536 0.004998 0.987221 0.000778
3 3 0.000382 0.000168 0.009864 0.989534 0.000052
3 3 0.000975 0.001457 0.053928 0.943393 0.000248
3 3 0.013195 0.001410 0.005085 0.975620 0.004689
3 3 0.000293 0.000165 0.004125 0.995203 0.000213
3 3 0.001058 0.000222 0.004694 0.993800 0.000226
3 3 0.002882 0.000481 0.006698 0.989446 0.000492
3 3 0.011739 0.002304 0.007934 0.971303 0.006720
3 3 0.000549 0.000408 0.014331 0.984545 0.000167
3 3 0.001250 0.000263 0.004129 0.993982 0.000376
3 3 0.007762 0.001367 0.006182 0.980921 0.003767
3 3 0.003316 0.001170 0.016826 0.977976 0.000711
3 3 0.003736 0.003080 0.137645 0.855226 0.000313
3 3 0.001503 0.000534 0.017868 0.979939 0.000156
3 3 0.034404 0.002256 0.004522 0.947505 0.011314
3 3 0.002136 0.002764 0.061800 0.932180 0.001120
3 3 0.001285 0.003398 0.164256 0.830809 0.000252
3 3 0.008249 0.001408 0.015577 0.973853 0.000914
3 3 0.001379 0.001159 0.019319 0.977425 0.000717
3 3 0.001313 0.000292 0.005263 0.992817 0.000315
3 3 0.003221 0.000131 0.001006 0.995025 0.000617
3 3 0.005202 0.002807 0.068632 0.922905 0.000454
3 3 0.001890 0.000171 0.003839 0.993949 0.000151
3 3 0.000191 0.000152 0.008913 0.990683 0.000060
3 3 0.016350 0.001841 0.006127 0.969941 0.005741
3 3 0.000331 0.000244 0.013758 0.985597 0.000070
3 3 0.070614 0.003489 0.023269 0.900942 0.001686
3 2 0.281477 0.101756 0.293061 0.294996 0.028710
3 2 0.014912 0.013180 0.055672 0.893233 0.023004
2 2 0.003786 0.024497 0.758028 0.162910 0.050780
2 2 0.000433 0.018789 0.940475 0.020424 0.019880
2 2 0.000002 0.001605 0.977233 0.020957 0.000202
2 2 0.000085 0.013469 0.942695 0.040102 0.003648
2 2 0.000533 0.054702 0.896544 0.011101 0.037121
2 2 0.006314 0.077380 0.686808 0.026282 0.203216
2 2 0.006918 0.120722 0.770919 0.032205 0.069235
2 2 0.000064 0.020157 0.953463 0.020428 0.005888
2 2 0.001702 0.130869 0.737143 0.009699 0.120587
2 2 0.001785 0.133514 0.717642 0.007988 0.139070
2 2 0.003236 0.153995 0.528251 0.002833 0.311685
4 2 0.004514 0.139424 0.309524 0.000796 0.545742
4 2 0.005885 0.152218 0.309273 0.001047 0.531576
4 2 0.009802 0.186427 0.335342 0.002241 0.466188
4 2 0.028564 0.260134 0.206926 0.000426 0.503950
2 2 0.003942 0.196212 0.427264 0.000191 0.372392
2 2 0.001932 0.121755 0.438433 0.000845 0.437034
2 2 0.005123 0.167413 0.435299 0.002358 0.389805
2 2 0.021927 0.249114 0.365374 0.007638 0.355947
2 2 0.027335 0.267421 0.369666 0.010758 0.324820
4 2 0.024236 0.228360 0.307877 0.008771 0.430757
4 2 0.010771 0.193267 0.339717 0.002583 0.453662
4 2 0.004562 0.136985 0.295255 0.000719 0.562479
4 2 0.008505 0.176426 0.328455 0.001812 0.484802
2 2 0.004069 0.167779 0.552884 0.004527 0.270741
4 2 0.008587 0.177091 0.328931 0.001838 0.483553
2 2 0.002899 0.147993 0.521049 0.002365 0.325693
2 2 0.005451 0.173065 0.451303 0.002857 0.367324
2 2 0.000353 0.079847 0.767897 0.001846 0.150057
2 2 0.001033 0.112484 0.671285 0.002454 0.212743
2 2 0.030741 0.277189 0.370991 0.012931 0.308148
0 2 0.621608 0.092821 0.093723 0.030498 0.161350
2 2 0.002751 0.189574 0.731508 0.002540 0.073627
2 2 0.000236 0.064879 0.879127 0.007583 0.048174
2 2 0.003940 0.163631 0.523633 0.003434 0.305362
2 2 0.000617 0.095326 0.769184 0.003689 0.131184
2 2 0.000237 0.017766 0.956143 0.018939 0.006915
2 2 0.000209 0.028157 0.959904 0.002896 0.008835
2 2 0.001370 0.033591 0.949120 0.007760 0.008159
2 2 0.007981 0.091817 0.844100 0.011860 0.044242
2 2 0.001249 0.043527 0.936151 0.003316 0.015758
2 2 0.000578 0.044200 0.921636 0.000504 0.033082
2 2 0.000050 0.018163 0.977646 0.000615 0.003528
2 2 0.000616 0.047637 0.924090 0.018028 0.009629
2 2 0.001779 0.097198 0.832386 0.000132 0.068507
2 2 0.000030 0.010151 0.980373 0.006311 0.003135
2 2 0.000014 0.014378 0.970332 0.001949 0.013328
2 2 0.005423 0.113171 0.848085 0.000470 0.032850
2 2 0.000694 0.016904 0.979838 0.000954 0.001610
2 2 0.000005 0.002233 0.937075 0.060517 0.000170
2 2 0.015523 0.108068 0.709319 0.114852 0.052237
2 2 0.000074 0.007437 0.957498 0.033478 0.001514
2 2 0.000097 0.012475 0.977554 0.008078 0.001796
2 2 0.000572 0.034870 0.896387 0.060131 0.008041
2 2 0.000047 0.007229 0.974499 0.017750 0.000476
2 2 0.001506 0.105586 0.842290 0.020079 0.030540
2 2 0.004929 0.027099 0.812455 0.152720 0.002797
2 2 0.005371 0.064296 0.753259 0.165154 0.011920
2 2 0.003067 0.103927 0.670089 0.209594 0.013323
3 2 0.001198 0.014371 0.377852 0.604694 0.001885
2 2 0.000356 0.030132 0.696946 0.270326 0.002241
2 2 0.000114 0.010951 0.649819 0.338603 0.000513
2 2 0.000342 0.057733 0.913299 0.016584 0.012042
2 2 0.002678 0.126407 0.725996 0.130523 0.014396
2 2 0.000022 0.016238 0.911004 0.071018 0.001718
3 2 0.007160 0.016521 0.124269 0.807596 0.044454
2 2 0.000033 0.007663 0.717489 0.274489 0.000326
3 2 0.000201 0.004787 0.130300 0.863619 0.001093
3 2 0.001258 0.010139 0.358364 0.629632 0.000607
0 1 0.975783 0.008105 0.012283 0.002052 0.001778
2 2 0.005093 0.075719 0.849867 0.049539 0.019782
2 2 0.002958 0.108695 0.802393 0.037287 0.048667
2 2 0.000045 0.011524 0.962736 0.022879 0.002815
2 2 0.000600 0.041938 0.905543 0.034676 0.017243
2 2 0.001141 0.057557 0.864250 0.034924 0.042127
2 2 0.000067 0.011445 0.961784 0.023765 0.002939
2 2 0.000067 0.003863 0.905326 0.090177 0.000567
2 2 0.000023 0.005424 0.921490 0.072212 0.000851
2 2 0.000014 0.003347 0.928537 0.067807 0.000295
3 2 0.016006 0.034455 0.396108 0.520950 0.032481
2 2 0.024379 0.160189 0.477260 0.173536 0.164637
3 2 0.000333 0.006665 0.387802 0.603184 0.002016
2 2 0.000122 0.010450 0.967603 0.020908 0.000917
2 2 0.000480 0.058880 0.860748 0.067315 0.012578
3 2 0.000135 0.003617 0.480869 0.514525 0.000855
2 2 0.000147 0.006716 0.759662 0.231056 0.002419
2 2 0.000021 0.007968 0.967348 0.021970 0.002692
2 2 0.000065 0.002046 0.565146 0.432540 0.000204
2 2 0.000108 0.007662 0.769823 0.221841 0.000567
3 2 0.002081 0.019081 0.316595 0.648816 0.013426
2 3 0.000025 0.003103 0.866812 0.129742 0.000318
3 3 0.000881 0.009016 0.290290 0.692637 0.007176
3 3 0.002452 0.017475 0.246250 0.721330 0.012493
3 3 0.001477 0.010416 0.380609 0.601989 0.005509
3 3 0.000889 0.007934 0.275652 0.708952 0.006572
3 3 0.020723 0.018957 0.095949 0.839213 0.025157
3 3 0.001637 0.008796 0.213567 0.770642 0.005358
3 3 0.003830 0.026752 0.335437 0.585958 0.048022
3 3 0.001130 0.000580 0.007252 0.989508 0.001529
3 3 0.002293 0.009528 0.145194 0.836000 0.006985
3 3 0.056049 0.036093 0.104538 0.782780 0.020540
3 3 0.002668 0.011239 0.075328 0.902596 0.008169
3 3 0.001550 0.023727 0.373622 0.592610 0.008492
3 3 0.001138 0.002232 0.045945 0.949935 0.000750
3 3 0.001670 0.005395 0.100193 0.882208 0.010534
3 3 0.013970 0.009268 0.038463 0.928709 0.009590
3 3 0.001103 0.004529 0.083194 0.909201 0.001974
3 3 0.015860 0.009796 0.029032 0.929121 0.016191
3 3 0.021150 0.010772 0.050067 0.910396 0.007615
3 3 0.001506 0.005250 0.059433 0.931066 0.002745
3 3 0.013135 0.002965 0.009556 0.966122 0.008222
3 3 0.002148 0.001720 0.017161 0.977221 0.001749
3 3 0.000690 0.001498 0.024077 0.972681 0.001053
3 3 0.016160 0.007805 0.035327 0.930861 0.009848
3 3 0.003457 0.000869 0.009725 0.985051 0.000897
3 3 0.000665 0.004215 0.041036 0.950123 0.003961
3 3 0.000191 0.000936 0.028945 0.969508 0.000420
3 3 0.003539 0.002534 0.022867 0.968891 0.002169
3 3 0.010218 0.004078 0.063022 0.921828 0.000854
3 3 0.001434 0.001886 0.019014 0.975646 0.002020
3 3 0.002768 0.014424 0.149311 0.829346 0.004152
3 3 0.019023 0.012515 0.053854 0.905070 0.009539
3 3 0.055719 0.006085 0.030344 0.904026 0.003826
3 3 0.000256 0.000254 0.015123 0.984296 0.000070
3 3 0.020325 0.007061 0.025184 0.937864 0.009567
3 3 0.000246 0.000975 0.089913 0.908798 0.000068
3 3 0.000123 0.000483 0.047414 0.951927 0.000054
3 3 0.000870 0.000629 0.010691 0.987230 0.000579
3 3 0.000358 0.000510 0.017680 0.981237 0.000215
3 3 0.002119 0.001507 0.015395 0.979399 0.001580
3 3 0.040671 0.001252 0.001968 0.944519 0.011590
3 3 0.058435 0.003640 0.008403 0.919707 0.009814
3 3 0.027339 0.001013 0.002730 0.963888 0.005029
3 3 0.006181 0.001165 0.002776 0.979776 0.010101
3 3 0.005113 0.001423 0.010549 0.980931 0.001985
3 3 0.001327 0.000310 0.001883 0.994679 0.001800
3 3 0.000508 0.000405 0.005437 0.992870 0.000779
3 3 0.055555 0.026275 0.108412 0.791002 0.018756
3 3 0.025607 0.004034 0.010115 0.948508 0.011735
3 3 0.002817 0.001958 0.009929 0.980249 0.005046
3 3 0.003014 0.002845 0.021013 0.969822 0.003306
3 3 0.001266 0.002670 0.055602 0.939683 0.000779
3 3 0.001036 0.004979 0.069284 0.922574 0.002127
3 3 0.116104 0.020621 0.091813 0.755907 0.015556
0 2 0.776830 0.038329 0.154365 0.028335 0.002140
2 2 0.002426 0.043389 0.737605 0.210872 0.005708
2 2 0.000037 0.003495 0.930963 0.064615 0.000890
2 2 0.000048 0.002733 0.837540 0.159560 0.000119
3 2 0.000623 0.004701 0.479055 0.515167 0.000454
2 2 0.004425 0.020549 0.579918 0.391082 0.004025
2 2 0.010133 0.054377 0.486593 0.351566 0.097331
2 2 0.003181 0.023636 0.682974 0.275638 0.014571
2 2 0.004401 0.055003 0.874241 0.037436 0.028919
2 4 0.003232 0.159797 0.687083 0.013072 0.136816
2 4 0.007571 0.203451 0.555641 0.010443 0.222894
4 4 0.008825 0.201028 0.250471 0.000114 0.539562
2 4 0.003312 0.147403 0.453656 0.001668 0.393961
2 4 0.000623 0.086742 0.824111 0.006993 0.081531
2 4 0.001419 0.124280 0.730284 0.006790 0.137227
2 4 0.001931 0.136259 0.633547 0.003668 0.224595
2 4 0.017528 0.239848 0.398801 0.007696 0.336128
4 4 0.010536 0.151596 0.240312 0.002529 0.595027
4 4 0.007226 0.139081 0.248529 0.001439 0.603725
4 4 0.009277 0.188443 0.359458 0.002560 0.440262
4 4 0.020354 0.246402 0.357511 0.005395 0.370338
4 4 0.073735 0.188506 0.141984 0.000179 0.595596
2 4 0.118766 0.326748 0.376512 0.000732 0.177242
4 4 0.013149 0.208232 0.348352 0.003492 0.426774
2 4 0.009822 0.212871 0.480755 0.007427 0.289125
4 4 0.033944 0.100174 0.072283 0.008485 0.785113
4 4 0.031237 0.251019 0.317942 0.012964 0.386838
4 4 0.007790 0.171174 0.321062 0.001439 0.498535
4 4 0.011709 0.214821 0.293435 0.000545 0.479490
4 4 0.022179 0.193205 0.220910 0.003516 0.560190
4 4 0.042142 0.139660 0.119140 0.021821 0.677238
4 4 0.071540 0.094086 0.041990 0.003003 0.789380
4 4 0.027225 0.139600 0.142977 0.011041 0.679156
2 4 0.021435 0.238993 0.372852 0.012259 0.354461
4 4 0.012897 0.208829 0.341124 0.002746 0.434405
1 4 0.137328 0.387123 0.208971 0.000369 0.266209
2 1 0.002955 0.164070 0.585064 0.002248 0.245663
4 1 0.006762 0.172435 0.269519 0.000247 0.551036
4 1 0.009608 0.185404 0.336162 0.002207 0.466620
4 1 0.010758 0.203732 0.355012 0.002136 0.428362
2 1 0.025281 0.260915 0.368399 0.009524 0.335882
4 1 0.006447 0.139577 0.262160 0.001210 0.590607
4 1 0.008096 0.173036 0.325986 0.001683 0.491200
4 1 0.063075 0.301342 0.179412 0.001250 0.454921
4 1 0.047986 0.285587 0.250224 0.000931 0.415271
2 1 0.003237 0.150156 0.488144 0.002093 0.356370
4 1 0.015902 0.108061 0.123616 0.005068 0.747353
4 2 0.010179 0.042682 0.036775 0.002269 0.908095
2 2 0.001790 0.133645 0.716380 0.007888 0.140297
2 2 0.004605 0.167669 0.482288 0.002984 0.342454
2 2 0.019395 0.215831 0.556198 0.020156 0.188419
2 2 0.003580 0.165126 0.634255 0.008142 0.188897
2 2 0.016614 0.251378 0.549513 0.037988 0.144507
2 2 0.004710 0.173670 0.699323 0.035210 0.087086
2 2 0.002497 0.136025 0.763915 0.030093 0.067469
2 2 0.002306 0.112587 0.836085 0.002480 0.046542
2 2 0.002124 0.141250 0.679259 0.006471 0.170895
2 2 0.000399 0.017518 0.964882 0.011312 0.005890
2 2 0.000032 0.010200 0.985474 0.000808 0.003486
2 2 0.000034 0.009137 0.972413 0.015789 0.002627
2 2 0.000241 0.031492 0.943825 0.001215 0.023228
2 2 0.000549 0.092282 0.727111 0.002000 0.178058
2 2 0.001483 0.126382 0.708626 0.005562 0.157947
2 2 0.005724 0.184613 0.527743 0.005585 0.276335
2 2 0.000794 0.101922 0.791400 0.007159 0.098724
2 2 0.000520 0.051854 0.896554 0.007886 0.043186
2 2 0.000659 0.090544 0.842280 0.017490 0.049027
2 2 0.001037 0.027580 0.966854 0.001997 0.002532
0 1 0.891858 0.035089 0.031902 0.003227 0.037923
4 1 0.011228 0.229296 0.235671 0.000063 0.523742
2 2 0.005872 0.244915 0.620118 0.001620 0.127474
2 2 0.003590 0.180989 0.720150 0.009829 0.085442
2 2 0.000307 0.076267 0.775063 0.001705 0.146658
2 2 0.000677 0.108354 0.800612 0.002393 0.087964
2 2 0.004920 0.179962 0.581658 0.007437 0.226022
2 2 0.000593 0.064123 0.883812 0.016351 0.035121
2 2 0.001208 0.129271 0.785217 0.004525 0.079779
2 2 0.002748 0.041621 0.946998 0.004514 0.004118
0 0 0.890190 0.054147 0.053594 0.000066 0.002003
0 0 0.847286 0.091432 0.013400 0.000053 0.047829
1 1 0.085461 0.560855 0.290210 0.000436 0.063039
0 1 0.403779 0.302814 0.243129 0.003219 0.047060
2 1 0.001119 0.131096 0.816367 0.004296 0.047122
2 1 0.001109 0.131509 0.775620 0.002474 0.089287
2 1 0.001273 0.164481 0.782586 0.000697 0.050964
2 2 0.013193 0.327009 0.555461 0.001629 0.102708
2 1 0.000569 0.018930 0.979610 0.000426 0.000465
0 1 0.801704 0.112243 0.080032 0.000121 0.005900
2 1 0.101543 0.323756 0.421921 0.000454 0.152326
1 1 0.210502 0.496362 0.186384 0.002677 0.104075
1 1 0.244763 0.384990 0.057858 0.000032 0.312356
1 1 0.102522 0.455812 0.244129 0.001481 0.196056
1 1 0.063551 0.405966 0.383608 0.011650 0.135225
2 2 0.002087 0.139142 0.753862 0.015783 0.089125
2 2 0.011860 0.214811 0.610530 0.096554 0.066245
2 2 0.003628 0.207594 0.743247 0.004377 0.041154
2 2 0.002760 0.080215 0.909437 0.001605 0.005983
2 2 0.001416 0.105184 0.853476 0.000927 0.038997
2 2 0.000927 0.124654 0.814672 0.001503 0.058243
2 2 0.000336 0.070546 0.863461 0.003665 0.061992
2 2 0.000016 0.007929 0.982342 0.006224 0.003490
2 2 0.002209 0.053988 0.931563 0.002337 0.009902
2 2 0.003471 0.239912 0.556134 0.000106 0.200378
2 2 0.004871 0.254441 0.667504 0.000998 0.072186
2 2 0.003416 0.194217 0.758348 0.007344 0.036676
2 2 0.001040 0.070479 0.915873 0.002563 0.010045
2 2 0.004170 0.216651 0.750152 0.006467 0.022560
2 2 0.006498 0.231534 0.712968 0.013626 0.035374
2 2 0.004029 0.155780 0.720548 0.070373 0.049269
2 2 0.020275 0.351265 0.525043 0.003393 0.100025
2 2 0.004691 0.260792 0.695262 0.001048 0.038208
2 2 0.002708 0.081833 0.676421 0.230577 0.008462
2 2 0.000387 0.065390 0.911698 0.002625 0.019899
2 2 0.000122 0.052696 0.929473 0.007486 0.010224
2 2 0.032104 0.383578 0.526906 0.012244 0.045167
2 2 0.000519 0.065819 0.794986 0.129640 0.009036
2 2 0.001426 0.053690 0.721395 0.220078 0.003410
2 2 0.000139 0.028926 0.844987 0.123581 0.002367
2 2 0.000403 0.024332 0.654146 0.318528 0.002592
2 2 0.000091 0.006726 0.608155 0.384858 0.000170
2 2 0.000674 0.038826 0.821365 0.137469 0.001666
2 2 0.003393 0.145689 0.713630 0.066966 0.070323
2 2 0.000696 0.067309 0.723337 0.201263 0.007395
2 2 0.004468 0.176356 0.767795 0.037333 0.014047
2 2 0.001131 0.092539 0.779776 0.111082 0.015473
2 2 0.001411 0.127683 0.835061 0.022073 0.013772
2 2 0.030911 0.167806 0.653766 0.100532 0.046986
2 2 0.004415 0.112915 0.682880 0.188785 0.011005
4 2 0.038798 0.315018 0.317340 0.005163 0.323682
2 2 0.003074 0.177301 0.767192 0.011447 0.040986
2 2 0.002221 0.052253 0.830174 0.113057 0.002296
3 2 0.004297 0.022882 0.242490 0.726255 0.004077
2 2 0.006357 0.041024 0.738798 0.212069 0.001752
2 2 0.017509 0.237844 0.651226 0.066205 0.027216
2 2 0.000596 0.063813 0.777960 0.144035 0.013596
2 2 0.000606 0.007118 0.705183 0.286784 0.000309
2 2 0.000146 0.014300 0.653386 0.330601 0.001566
3 2 0.000610 0.025486 0.414885 0.555872 0.003147
2 2 0.000923 0.038506 0.528977 0.427915 0.003679
3 2 0.000059 0.004252 0.311385 0.684049 0.000256
3 2 0.000470 0.005663 0.322344 0.671127 0.000396
3 2 0.005242 0.040884 0.312547 0.633438 0.007889
2 2 0.304731 0.112439 0.385685 0.183636 0.013510
0 0 0.589278 0.141801 0.232900 0.022100 0.013921
2 1 0.013374 0.155266 0.730884 0.057485 0.042991
2 2 0.000732 0.035884 0.905955 0.051401 0.006027
2 2 0.000534 0.046996 0.943775 0.005216 0.003480
2 2 0.000214 0.024061 0.919107 0.053859 0.002759
2 2 0.004288 0.120922 0.853675 0.009590 0.011525
2 2 0.019792 0.331379 0.584896 0.012227 0.051705
2 2 0.002124 0.049806 0.508471 0.434221 0.005378
2 2 0.000289 0.038025 0.791487 0.166273 0.003926
2 2 0.000201 0.010939 0.604475 0.383928 0.000456
2 2 0.001211 0.047035 0.783036 0.163097 0.005621
2 2 0.000056 0.014082 0.879633 0.105246 0.000983
2 0 0.121095 0.027975 0.477681 0.371714 0.001535
0 0 0.869962 0.070403 0.050062 0.000554 0.009020
0 0 0.941236 0.024494 0.015081 0.000823 0.018365
0 0 0.946115 0.007379 0.006321 0.026387 0.013798
0 0 0.646568 0.110418 0.210501 0.018737 0.013777
0 0 0.838877 0.064554 0.060253 0.008230 0.028086
0 0 0.470616 0.182006 0.300958 0.018625 0.027795
0 0 0.809092 0.079883 0.102780 0.002010 0.006235
0 0 0.957061 0.019987 0.009027 0.000904 0.013022
0 0 0.629067 0.215792 0.116191 0.001265 0.037684
0 0 0.539288 0.234438 0.198996 0.001966 0.025312
0 0 0.895556 0.048630 0.015905 0.001408 0.038501
1 0 0.278652 0.409481 0.214275 0.000083 0.097510
1 0 0.238532 0.468799 0.124286 0.000582 0.167801
1 1 0.061804 0.516032 0.108413 0.000000 0.313750
1 1 0.219473 0.521229 0.087953 0.000018 0.171328
1 1 0.054794 0.435393 0.196137 0.000040 0.313636
1 1 0.032282 0.543517 0.392902 0.000093 0.031206
1 1 0.150839 0.601987 0.086867 0.000001 0.160307
1 1 0.148166 0.552077 0.138644 0.000035 0.161078
1 1 0.293865 0.547208 0.087439 0.000040 0.071448
1 1 0.168468 0.569828 0.118354 0.000017 0.143333
1 1 0.015303 0.370055 0.332352 0.000029 0.282261
2 2 0.001120 0.127470 0.799588 0.004441 0.067382
2 2 0.000502 0.081110 0.850020 0.010174 0.058194
2 2 0.003173 0.117893 0.643385 0.219098 0.016451
2 2 0.001160 0.092120 0.823551 0.011521 0.071648
2 2 0.000667 0.050140 0.905093 0.016616 0.027485
2 2 0.000085 0.030992 0.951635 0.004770 0.012518
2 2 0.000079 0.044660 0.922570 0.004253 0.028437
2 2 0.000034 0.007953 0.982073 0.008158 0.001782
2 2 0.000003 0.005957 0.990198 0.000405 0.003437
2 2 0.000004 0.002568 0.991737 0.004759 0.000932
2 2 0.000291 0.016894 0.959953 0.014957 0.007905
2 2 0.000018 0.008545 0.989463 0.000848 0.001125
2 2 0.000002 0.001446 0.991275 0.007156 0.000122
2 2 0.000210 0.022982 0.967006 0.004982 0.004820
2 2 0.000291 0.029251 0.959736 0.003305 0.007417
2 2 0.000059 0.008574 0.981183 0.009232 0.000952
2 2 0.000005 0.001463 0.994543 0.003828 0.000161
2 2 0.000014 0.003504 0.980741 0.014928 0.000813
2 2 0.000310 0.012103 0.900902 0.085499 0.001186
2 2 0.000077 0.007823 0.988887 0.002692 0.000522
2 2 0.000005 0.001311 0.968242 0.030358 0.000084
2 2 0.000006 0.004964 0.991362 0.002803 0.000865
2 2 0.000000 0.001066 0.997157 0.001628 0.000149
2 2 0.000000 0.000566 0.975840 0.023573 0.000020
2 2 0.003192 0.156818 0.736517 0.000288 0.103185
2 2 0.000121 0.009350 0.985661 0.003706 0.001162
2 2 0.000085 0.006569 0.989162 0.003778 0.000407
2 2 0.000188 0.029730 0.962046 0.000276 0.007760
2 2 0.000129 0.009395 0.988166 0.000825 0.001485
2 2 0.001371 0.041065 0.949189 0.002489 0.005886
0 2 0.773277 0.063537 0.081251 0.059477 0.022459
0 1 0.692646 0.239771 0.052402 0.000006 0.015176
2 2 0.000794 0.119387 0.831553 0.002862 0.045403
2 2 0.000047 0.006788 0.942494 0.050097 0.000574
2 2 0.000031 0.005282 0.914336 0.079842 0.000508
2 2 0.026355 0.192552 0.699133 0.000867 0.081093
2 2 0.107272 0.204342 0.482978 0.010850 0.194558
2 2 0.000198 0.028216 0.949617 0.002439 0.019530
2 2 0.000842 0.026595 0.945180 0.023937 0.003446
2 2 0.000029 0.003577 0.975472 0.020125 0.000797
2 2 0.000003 0.001893 0.989413 0.008404 0.000287
2 2 0.000208 0.019626 0.974991 0.001992 0.003182
2 2 0.000766 0.133851 0.825844 0.000523 0.039015
2 2 0.000059 0.026775 0.956682 0.001663 0.014821
2 2 0.000851 0.041362 0.926453 0.013707 0.017628
2 2 0.000019 0.007713 0.989200 0.001304 0.001764
2 2 0.001014 0.033044 0.953874 0.002090 0.009978
2 2 0.000051 0.017989 0.973572 0.002188 0.006200
2 2 0.000062 0.016471 0.972270 0.003552 0.007645
2 2 0.000506 0.033106 0.953555 0.006324 0.006511
2 2 0.000057 0.003775 0.950775 0.044818 0.000575
2 2 0.000010 0.002222 0.989058 0.008346 0.000363
2 2 0.000005 0.006433 0.987038 0.002995 0.003529
2 2 0.000036 0.009717 0.977576 0.008461 0.004209
2 2 0.000002 0.001301 0.992608 0.005981 0.000108
2 2 0.000040 0.014631 0.977838 0.001576 0.005914
2 2 0.000006 0.004578 0.991871 0.001836 0.001709
2 2 0.000008 0.001735 0.959671 0.038398 0.000188
2 2 0.000007 0.008115 0.989262 0.000705 0.001912
2 2 0.000116 0.010133 0.988585 0.000155 0.001012
2 2 0.000133 0.021859 0.972579 0.002528 0.002901
2 2 0.000019 0.008672 0.983223 0.007527 0.000560
2 2 0.000503 0.013076 0.830358 0.154624 0.001439
2 2 0.000174 0.014406 0.968573 0.014166 0.002682
2 2 0.000003 0.001810 0.976092 0.021854 0.000241
2 2 0.000016 0.004514 0.975260 0.019277 0.000933
2 2 0.002134 0.057030 0.886602 0.038968 0.015266
2 2 0.000933 0.019384 0.958617 0.019391 0.001674
2 2 0.000049 0.008909 0.923981 0.065959 0.001101
3 2 0.000226 0.004015 0.320173 0.675439 0.000147
2 2 0.000156 0.004713 0.501059 0.493327 0.000745
2 2 0.000123 0.005414 0.682457 0.311506 0.000499
2 3 0.000038 0.002368 0.570057 0.427376 0.000161
2 3 0.000072 0.004912 0.842822 0.151837 0.000357
2 3 0.000078 0.004197 0.497658 0.497488 0.000579
3 3 0.000087 0.002513 0.239828 0.757172 0.000401
3 3 0.000027 0.000819 0.128333 0.870751 0.000070
3 3 0.000091 0.001648 0.195898 0.802290 0.000072
2 3 0.000281 0.022398 0.602972 0.372349 0.001999
3 3 0.005291 0.022322 0.215757 0.751576 0.005054
3 3 0.000941 0.014143 0.361750 0.621744 0.001422
3 3 0.000402 0.003482 0.178080 0.817765 0.000271
3 3 0.003511 0.009218 0.162198 0.821388 0.003685
3 3 0.001646 0.020846 0.412848 0.545360 0.019301
3 3 0.000545 0.003677 0.150239 0.844983 0.000556
2 3 0.049255 0.077077 0.585000 0.282995 0.005673
3 3 0.000780 0.004369 0.215839 0.778511 0.000502
3 3 0.001554 0.019481 0.440377 0.535007 0.003581
2 3 0.000080 0.005830 0.573883 0.420040 0.000167
3 3 0.000329 0.002205 0.116023 0.881215 0.000228
2 3 0.003794 0.054219 0.594622 0.327389 0.019976
3 3 0.000737 0.006230 0.136017 0.855791 0.001225
3 3 0.004534 0.014402 0.094892 0.878491 0.007680
3 3 0.001881 0.007495 0.061224 0.923771 0.005630
3 3 0.083942 0.032810 0.086176 0.775346 0.021727
3 3 0.011651 0.002811 0.022865 0.960755 0.001917
3 3 0.002142 0.005019 0.073729 0.917517 0.001593
3 3 0.000369 0.001476 0.044057 0.953636 0.000463
3 3 0.050105 0.014718 0.063915 0.855711 0.015552
3 3 0.024106 0.037452 0.152147 0.766787 0.019508
3 3 0.000421 0.000392 0.025457 0.973664 0.000066
2 3 0.046380 0.095051 0.440203 0.391328 0.027037
3 3 0.043911 0.028924 0.075849 0.821941 0.029374
3 3 0.033709 0.055837 0.165267 0.718201 0.026987
3 3 0.001861 0.012216 0.252130 0.731837 0.001956
3 3 0.000732 0.005422 0.180132 0.813020 0.000694
3 3 0.006082 0.004890 0.087930 0.899917 0.001182
3 3 0.001864 0.004893 0.134982 0.857617 0.000644
3 3 0.049742 0.058913 0.387105 0.493537 0.010703
0 2 0.848913 0.033239 0.091458 0.019335 0.007055
1 2 0.105673 0.356744 0.325106 0.000140 0.212338
2 2 0.001423 0.128495 0.798136 0.010990 0.060956
2 2 0.000251 0.040480 0.923234 0.019564 0.016471
2 2 0.002237 0.096071 0.835244 0.034019 0.032429
2 4 0.018749 0.240932 0.421297 0.009309 0.309713
4 4 0.010658 0.200979 0.310266 0.000970 0.477127
4 4 0.016434 0.225675 0.356807 0.004903 0.396181
4 4 0.010257 0.248367 0.157751 0.000002 0.583622
1 4 0.057420 0.477615 0.144129 0.000003 0.320834
4 4 0.069393 0.319900 0.104801 0.000036 0.505869
2 4 0.004210 0.202096 0.460810 0.000291 0.332593
2 4 0.000841 0.103842 0.788464 0.007423 0.099430
4 4 0.011974 0.201130 0.344414 0.003031 0.439451
4 4 0.047855 0.233523 0.215257 0.012871 0.490494
4 4 0.132620 0.255493 0.093185 0.002097 0.516606
2 4 0.006747 0.231580 0.437135 0.000409 0.324129
2 4 0.016621 0.341924 0.369509 0.000165 0.271781
4 4 0.059495 0.311976 0.148548 0.000213 0.479768
4 4 0.014797 0.217381 0.353004 0.004178 0.410640
4 4 0.010939 0.211606 0.251795 0.000180 0.525480
2 4 0.014881 0.264992 0.439577 0.003135 0.277415
2 4 0.021694 0.248232 0.365112 0.007512 0.357450
2 4 0.036746 0.259696 0.606217 0.000856 0.096484
1 4 0.039814 0.500254 0.065091 0.000000 0.394841
4 4 0.011828 0.200211 0.343882 0.002975 0.441103
4 4 0.038969 0.186618 0.187575 0.018355 0.568483
4 4 0.029859 0.124402 0.116383 0.013062 0.716293
2 4 0.000470 0.086330 0.644127 0.000824 0.268248
4 4 0.011016 0.029749 0.018207 0.001125 0.939903
4 4 0.103046 0.068892 0.011879 0.000361 0.815822
4 4 0.025280 0.053036 0.030713 0.004360 0.886610
4 4 0.016839 0.247907 0.311532 0.000968 0.422754
4 4 0.007104 0.196816 0.290119 0.000148 0.505812
4 4 0.040651 0.132681 0.046000 0.000078 0.780590
4 4 0.034435 0.155578 0.082578 0.000362 0.727047
4 4 0.095005 0.110008 0.025406 0.000382 0.769199
4 4 0.020669 0.102038 0.055777 0.000178 0.821338
4 4 0.023315 0.219363 0.294987 0.008260 0.454075
2 4 0.009555 0.178504 0.456873 0.028470 0.326599
1 4 0.149703 0.431489 0.252247 0.000210 0.166351
4 4 0.007389 0.179362 0.271591 0.000261 0.541397
4 4 0.012663 0.205357 0.346792 0.003298 0.431890
4 4 0.016528 0.081957 0.049689 0.000261 0.851565
4 4 0.017659 0.242126 0.255377 0.000417 0.484421
4 4 0.011256 0.201369 0.291481 0.000807 0.495087
4 4 0.071740 0.224904 0.114752 0.001914 0.586689
4 4 0.029256 0.215297 0.179566 0.001115 0.574766
4 4 0.014175 0.233498 0.293484 0.000560 0.458283
4 4 0.028245 0.108721 0.046013 0.000109 0.816912
4 4 0.066741 0.270362 0.107709 0.000173 0.555015
4 4 0.042062 0.056474 0.017078 0.000522 0.883863
4 4 0.049985 0.082194 0.025758 0.000426 0.841637
4 4 0.031139 0.169244 0.083690 0.000113 0.715813
4 4 0.024157 0.178838 0.215522 0.008817 0.572666
4 4 0.040180 0.069728 0.019004 0.000118 0.870971
4 4 0.032839 0.066679 0.013140 0.000008 0.887334
4 4 0.024772 0.247784 0.119689 0.000012 0.607743
4 4 0.027797 0.315420 0.270303 0.000345 0.386135
0 4 0.392702 0.236306 0.117792 0.004494 0.248706
4 1 0.002733 0.124680 0.183203 0.000010 0.689373
4 4 0.008555 0.196312 0.256862 0.000146 0.538125
2 4 0.009756 0.200112 0.402184 0.003822 0.384126
4 4 0.016649 0.067637 0.061594 0.006137 0.847983
4 4 0.021868 0.096710 0.083663 0.004676 0.793084
4 4 0.034013 0.113371 0.096344 0.016356 0.739916
4 4 0.006532 0.159946 0.310018 0.001038 0.522465
4 4 0.017832 0.098719 0.067231 0.000420 0.815799
4 4 0.009553 0.186316 0.278993 0.000634 0.524505
4 4 0.015133 0.219145 0.353846 0.004324 0.407552
4 4 0.006841 0.161810 0.317311 0.001309 0.512727
4 4 0.009641 0.193054 0.237680 0.000173 0.559451
4 4 0.011269 0.204265 0.316267 0.001189 0.467010
4 4 0.004197 0.168335 0.135610 0.000001 0.691858
4 4 0.006104 0.154504 0.311242 0.001105 0.527046
4 4 0.005819 0.163416 0.368172 0.001635 0.460957
4 4 0.011054 0.195173 0.340888 0.002686 0.450200
2 4 0.019300 0.252055 0.434687 0.014019 0.279939
0 1 0.681433 0.111530 0.147684 0.003607 0.055745
4 1 0.006492 0.161161 0.302744 0.000812 0.528791
4 1 0.018061 0.233254 0.359935 0.005665 0.383084
2 1 0.006318 0.181486 0.434991 0.002655 0.374550
2 4 0.003104 0.152653 0.578450 0.004946 0.260847
4 4 0.002863 0.145053 0.361185 0.000242 0.490658
4 4 0.044622 0.265205 0.221330 0.003519 0.465324
4 4 0.016091 0.142331 0.140191 0.000905 0.700483
4 4 0.017106 0.229452 0.356674 0.004961 0.391807
4 4 0.008017 0.179995 0.295831 0.000607 0.515549
4 4 0.009837 0.239267 0.168903 0.000003 0.581991
2 4 0.001243 0.139213 0.584375 0.000293 0.274876
4 4 0.003941 0.150167 0.410132 0.001468 0.434292
4 4 0.011196 0.196116 0.341460 0.002738 0.448491
4 4 0.018541 0.235379 0.360751 0.005898 0.379431
4 4 0.004638 0.143101 0.297469 0.000544 0.554249
4 4 0.024464 0.300472 0.282109 0.000417 0.392538
4 4 0.018786 0.236444 0.361151 0.006018 0.377601
2 4 0.002563 0.136720 0.465025 0.001372 0.394320
2 4 0.000859 0.126076 0.622951 0.000250 0.249864
2 4 0.002924 0.173874 0.520128 0.000574 0.302500
4 4 0.014637 0.107157 0.107745 0.001640 0.768820
4 4 0.012637 0.226223 0.280973 0.000353 0.479814
4 4 0.007375 0.185569 0.247515 0.000105 0.559435
2 4 0.000356 0.077486 0.606608 0.000470 0.315080
2 4 0.000118 0.055765 0.768866 0.000558 0.174693
4 4 0.010281 0.067680 0.081444 0.005165 0.835431
4 4 0.088526 0.069091 0.022055 0.008878 0.811449
4 4 0.041006 0.228521 0.158227 0.001191 0.571056
2 4 0.002427 0.147468 0.519921 0.001252 0.328932
4 4 0.017922 0.246397 0.222505 0.000159 0.513018
4 4 0.120765 0.050139 0.027354 0.016457 0.785286
4 4 0.030166 0.084491 0.038353 0.000480 0.846509
0 4 0.839713 0.038477 0.022475 0.002544 0.096791
0 4 0.552099 0.355971 0.065193 0.000008 0.026730
4 4 0.034067 0.169994 0.128831 0.002353 0.664756
4 4 0.004567 0.147078 0.246510 0.000120 0.601725
4 4 0.015651 0.238885 0.306605 0.000904 0.437954
4 4 0.022728 0.275486 0.311347 0.001268 0.389170
4 4 0.015613 0.238974 0.305673 0.000875 0.438864
2 4 0.013544 0.274979 0.401443 0.000844 0.309189
4 4 0.009850 0.188072 0.341178 0.002363 0.458536
4 4 0.012209 0.223090 0.180545 0.000022 0.584134
4 4 0.015378 0.264516 0.231627 0.000056 0.488424
4 4 0.008261 0.181461 0.359419 0.002246 0.448613
2 4 0.001428 0.121734 0.774439 0.013615 0.088784
2 4 0.002769 0.149578 0.570232 0.003294 0.274127
2 4 0.003185 0.152135 0.703533 0.013545 0.127602
4 4 0.013935 0.212704 0.350685 0.003814 0.418863
2 2 0.005232 0.169108 0.439166 0.002486 0.384008
4 2 0.001792 0.110383 0.367621 0.000478 0.519726
2 2 0.002817 0.143256 0.629071 0.004611 0.220245
2 2 0.000919 0.108673 0.694512 0.002652 0.193245
4 2 0.002510 0.126345 0.387416 0.000776 0.482953
2 2 0.005935 0.172667 0.416138 0.002406 0.402855
2 2 0.002245 0.139043 0.633169 0.005845 0.219697
2 2 0.000751 0.101322 0.768652 0.004726 0.124548
2 2 0.001044 0.107828 0.713787 0.003265 0.174076
2 2 0.000100 0.058571 0.874713 0.000475 0.066141
2 2 0.000161 0.045112 0.915682 0.006451 0.032594
2 2 0.001233 0.119317 0.713774 0.004634 0.161042
2 2 0.002824 0.151822 0.720358 0.017294 0.107702
2 2 0.000091 0.027982 0.947913 0.008343 0.015671
2 2 0.000493 0.088438 0.784162 0.003367 0.123539
2 2 0.000606 0.092144 0.819023 0.007844 0.080383
2 2 0.000352 0.050582 0.897579 0.006225 0.045262
2 2 0.001002 0.113131 0.703930 0.002902 0.179036
2 2 0.000121 0.043897 0.899586 0.002683 0.053713
2 2 0.000058 0.030582 0.942751 0.005072 0.021538
2 2 0.001183 0.089950 0.813348 0.008023 0.087495
2 2 0.000187 0.047392 0.892957 0.003234 0.056230
2 2 0.000023 0.010654 0.977050 0.007772 0.004501
2 2 0.003236 0.104524 0.851284 0.001209 0.039746
2 2 0.001003 0.080020 0.889402 0.000754 0.028822
2 2 0.000099 0.028549 0.946670 0.011035 0.013647
2 2 0.000010 0.002277 0.991444 0.005350 0.000918
2 2 0.000109 0.052932 0.852958 0.001457 0.092545
2 2 0.000061 0.051659 0.898614 0.000298 0.049368
2 2 0.000066 0.007551 0.989919 0.001356 0.001108
0 1 0.394390 0.263877 0.291541 0.003037 0.047156
2 2 0.053691 0.343434 0.356966 0.000251 0.245659
2 2 0.012053 0.303256 0.469464 0.000641 0.214587
1 2 0.213255 0.306059 0.179252 0.000205 0.301228
2 2 0.006909 0.169822 0.640438 0.005539 0.177293
2 2 0.003174 0.148555 0.636239 0.000044 0.211988
2 2 0.000084 0.028263 0.963599 0.000052 0.008003
2 2 0.000051 0.013381 0.980169 0.001026 0.005373
2 2 0.000148 0.058327 0.878731 0.000395 0.062399
2 2 0.001322 0.093134 0.890271 0.000393 0.014879
2 2 0.000377 0.046551 0.936512 0.002351 0.014209
2 2 0.000019 0.014363 0.977697 0.001364 0.006557
2 2 0.000317 0.027008 0.965511 0.002299 0.004864
2 2 0.017896 0.297390 0.477156 0.000086 0.207472
2 2 0.000206 0.065677 0.908435 0.000108 0.025574
2 2 0.000112 0.019863 0.972415 0.002832 0.004778
2 2 0.000170 0.013652 0.981798 0.002454 0.001926
2 2 0.000777 0.035730 0.936880 0.012260 0.014353
2 2 0.000077 0.015070 0.979023 0.003980 0.001850
2 2 0.000051 0.011102 0.985339 0.002346 0.001162
2 2 0.000035 0.006376 0.972209 0.020782 0.000598
2 2 0.000038 0.007582 0.964870 0.025902 0.001608
2 2 0.000000 0.000756 0.978418 0.020762 0.000063
2 2 0.000006 0.003496 0.992159 0.004140 0.000199
2 2 0.000052 0.025489 0.965649 0.002548 0.006261
2 2 0.000123 0.019543 0.953483 0.020673 0.006178
2 2 0.005197 0.128318 0.836402 0.000804 0.029279
2 2 0.000074 0.005576 0.992790 0.001169 0.000391
2 2 0.000295 0.019337 0.975518 0.001424 0.003426
2 2 0.000043 0.015439 0.977363 0.000909 0.006246
2 2 0.000001 0.002785 0.994575 0.002397 0.000241
2 2 0.001353 0.034939 0.951528 0.009792 0.002388
2 2 0.000000 0.000780 0.983665 0.015477 0.000078
2 2 0.000025 0.007760 0.981223 0.009164 0.001828
2 2 0.000016 0.005242 0.988190 0.006198 0.000354
2 2 0.000021 0.001908 0.907563 0.090443 0.000065
2 2 0.000009 0.001520 0.679856 0.318523 0.000093
2 2 0.000002 0.000726 0.957788 0.041427 0.000056
2 2 0.000005 0.001304 0.936358 0.062241 0.000093
2 2 0.000027 0.006961 0.931558 0.059892 0.001561
2 2 0.001842 0.027583 0.835519 0.129895 0.005161
2 2 0.000913 0.038224 0.910808 0.027309 0.022747
2 2 0.000216 0.013195 0.853773 0.131407 0.001410
2 2 0.000539 0.027335 0.956362 0.005642 0.010122
2 2 0.000031 0.002526 0.943045 0.054103 0.000295
2 2 0.000579 0.020776 0.792567 0.173679 0.012399
2 2 0.000435 0.013464 0.894382 0.088925 0.002792
2 2 0.000088 0.005633 0.801505 0.192121 0.000653
3 2 0.005912 0.024353 0.383649 0.576737 0.009349
3 3 0.002599 0.029161 0.456960 0.501669 0.009612
2 3 0.000739 0.008225 0.636465 0.354186 0.000384
2 3 0.000316 0.009809 0.728580 0.250744 0.010551
2 3 0.000018 0.007713 0.990409 0.000607 0.001253
2 2 0.000007 0.004133 0.989713 0.005951 0.000196
2 2 0.000002 0.001033 0.901516 0.097407 0.000042
2 2 0.000001 0.001371 0.937231 0.061323 0.000073
3 2 0.000007 0.001094 0.450978 0.547871 0.000051
2 2 0.002341 0.018039 0.920777 0.058128 0.000714
