0 0 0.989824 0.007951 0.001511 0.000379 0.000336
0 0 0.952420 0.031790 0.007678 0.002751 0.005360
0 0 0.947870 0.035059 0.006954 0.000061 0.010057
0 0 0.997416 0.001997 0.000110 0.000000 0.000478
0 0 0.991571 0.006915 0.000954 0.000009 0.000551
0 0 0.975146 0.018202 0.003187 0.000156 0.003309
0 0 0.980964 0.011314 0.001069 0.000002 0.006652
0 0 0.696634 0.075308 0.012156 0.000031 0.215871
0 0 0.850307 0.040314 0.004389 0.000001 0.104988
0 0 0.565932 0.131613 0.032526 0.000095 0.269833
0 0 0.883101 0.061177 0.012108 0.000047 0.043568
0 0 0.556614 0.125832 0.029617 0.000068 0.287870
0 0 0.953815 0.024291 0.002925 0.000002 0.018967
0 0 0.954435 0.029063 0.004780 0.000028 0.011694
0 0 0.984826 0.011714 0.001687 0.000010 0.001762
0 0 0.970152 0.021360 0.003580 0.000023 0.004885
0 0 0.989856 0.008110 0.001670 0.000127 0.000237
0 0 0.997986 0.001778 0.000189 0.000002 0.000044
0 0 0.995668 0.003685 0.000403 0.000002 0.000242
0 0 0.997308 0.002312 0.000189 0.000000 0.000191
0 0 0.996247 0.003056 0.000235 0.000000 0.000462
0 0 0.995763 0.003509 0.000309 0.000001 0.000418
0 0 0.997306 0.002250 0.000157 0.000000 0.000287
0 0 0.995002 0.003374 0.000193 0.000000 0.001430
0 0 0.989451 0.006528 0.000488 0.000000 0.003533
0 0 0.995349 0.003103 0.000735 0.000000 0.000814
0 0 0.991932 0.006014 0.000721 0.000001 0.001332
0 0 0.897322 0.054577 0.028794 0.000279 0.019028
0 0 0.946990 0.036814 0.008238 0.000136 0.007822
0 0 0.885894 0.049804 0.007683 0.000009 0.056611
0 0 0.984854 0.009591 0.000858 0.000000 0.004696
0 0 0.981759 0.009186 0.000659 0.000000 0.008396
0 0 0.821617 0.078678 0.009870 0.000001 0.089834
0 0 0.849065 0.041625 0.004656 0.000001 0.104653
0 0 0.996237 0.003163 0.000280 0.000001 0.000320
0 0 0.963879 0.016525 0.001482 0.000000 0.018114
0 0 0.972308 0.013119 0.001074 0.000000 0.013500
0 0 0.990428 0.005892 0.000402 0.000000 0.003278
0 0 0.991775 0.006397 0.000648 0.000001 0.001179
0 0 0.920230 0.044170 0.005146 0.000001 0.030453
0 0 0.959972 0.021244 0.002469 0.000004 0.016310
0 0 0.852004 0.067528 0.052603 0.000510 0.027354
0 0 0.928896 0.026417 0.002658 0.000001 0.042029
0 0 0.990647 0.005823 0.000399 0.000000 0.003130
0 0 0.979634 0.008496 0.000520 0.000000 0.011350
0 0 0.994219 0.003795 0.000223 0.000000 0.001763
0 0 0.987536 0.008463 0.000773 0.000001 0.003227
0 0 0.987436 0.006909 0.000461 0.000000 0.005194
0 0 0.982525 0.008980 0.000646 0.000000 0.007849
2 0 0.000515 0.000256 0.988778 0.000004 0.010448
0 0 0.994461 0.004430 0.000395 0.000001 0.000713
0 0 0.882901 0.094414 0.008109 0.000000 0.014577
0 0 0.974750 0.014600 0.001472 0.000001 0.009176
0 0 0.914061 0.070969 0.009598 0.000001 0.005371
0 0 0.558249 0.260243 0.047002 0.000002 0.134503
1 1 0.280679 0.369747 0.072482 0.000001 0.277091
0 1 0.536120 0.337034 0.068996 0.000002 0.057848
0 1 0.568135 0.321351 0.068553 0.000002 0.041958
0 0 0.798544 0.136033 0.047470 0.000776 0.017178
0 0 0.854537 0.104181 0.023191 0.000032 0.018059
0 1 0.709983 0.219510 0.066191 0.000040 0.004277
1 2 0.078609 0.533765 0.322557 0.000156 0.064912
2 2 0.017353 0.421114 0.478270 0.002352 0.080912
2 2 0.015769 0.129606 0.801978 0.007372 0.045275
1 2 0.224287 0.415080 0.207882 0.000651 0.152100
2 2 0.017249 0.092299 0.844331 0.003788 0.042334
2 2 0.001923 0.030628 0.964080 0.001266 0.002102
2 2 0.002030 0.060869 0.925431 0.000114 0.011555
2 2 0.088090 0.098731 0.760642 0.003839 0.048698
2 2 0.001552 0.013114 0.976865 0.007303 0.001166
2 2 0.007661 0.043296 0.941982 0.003883 0.003178
2 2 0.000582 0.007713 0.938429 0.052606 0.000671
2 2 0.000145 0.006905 0.884494 0.108002 0.000453
2 2 0.000246 0.007014 0.863175 0.128043 0.001523
3 2 0.000350 0.001602 0.222028 0.775798 0.000223
2 3 0.001491 0.010530 0.828058 0.159591 0.000329
2 3 0.021050 0.024919 0.770355 0.182322 0.001355
3 3 0.022453 0.036177 0.410016 0.524565 0.006789
3 3 0.006785 0.004035 0.162266 0.826651 0.000263
3 3 0.000113 0.000869 0.306259 0.692673 0.000086
2 3 0.004315 0.016585 0.613670 0.364053 0.001378
0 0 0.962496 0.027222 0.007759 0.000787 0.001737
0 0 0.915724 0.054830 0.013674 0.000243 0.015530
0 0 0.831441 0.124185 0.031162 0.000052 0.013160
0 0 0.774597 0.176836 0.031507 0.000002 0.017058
0 0 0.926874 0.047884 0.006175 0.000001 0.019067
0 0 0.874035 0.094455 0.014027 0.000001 0.017481
0 1 0.431290 0.345027 0.066525 0.000001 0.157157
4 1 0.085962 0.289494 0.075503 0.000005 0.549036
4 1 0.067467 0.328309 0.097851 0.000004 0.506369
1 2 0.164242 0.470309 0.195093 0.000061 0.170295
1 1 0.188300 0.408780 0.127936 0.000012 0.274971
1 2 0.006612 0.479594 0.286287 0.000007 0.227500
2 2 0.002077 0.204918 0.720801 0.000249 0.071955
2 2 0.002245 0.090902 0.841902 0.001510 0.063442
2 2 0.007139 0.092582 0.843407 0.000263 0.056609
2 2 0.011833 0.029122 0.952243 0.004377 0.002425
2 2 0.146321 0.066647 0.764555 0.010773 0.011704
2 2 0.002266 0.003048 0.660304 0.334328 0.000054
2 2 0.000351 0.002279 0.748785 0.248515 0.000070
2 2 0.001370 0.011870 0.833340 0.152561 0.000859
2 2 0.000221 0.001897 0.751521 0.246296 0.000065
3 2 0.000347 0.000703 0.071238 0.927660 0.000053
3 2 0.000834 0.003099 0.179262 0.816373 0.000431
3 2 0.011794 0.021242 0.226395 0.736778 0.003791
3 2 0.009425 0.025095 0.326956 0.637223 0.001302
3 2 0.001039 0.003320 0.180772 0.814480 0.000390
3 3 0.021242 0.017716 0.254845 0.705302 0.000895
3 3 0.002529 0.001252 0.026947 0.969227 0.000045
3 3 0.002504 0.003649 0.120030 0.873664 0.000153
3 3 0.002221 0.002270 0.052965 0.942362 0.000183
3 3 0.000125 0.000110 0.009738 0.990014 0.000012
3 3 0.000255 0.000661 0.022824 0.975932 0.000329
3 3 0.000520 0.001428 0.016933 0.980012 0.001107
3 3 0.007309 0.003670 0.022242 0.966315 0.000462
3 3 0.000931 0.001097 0.012285 0.985361 0.000327
3 3 0.000595 0.000803 0.020986 0.977425 0.000192
3 3 0.000111 0.000313 0.062004 0.937533 0.000039
3 3 0.000125 0.000081 0.015864 0.983925 0.000005
3 3 0.001897 0.000637 0.006068 0.991349 0.000048
3 3 0.000245 0.000369 0.015985 0.983309 0.000092
3 3 0.000220 0.000171 0.032013 0.967585 0.000011
3 3 0.000241 0.000232 0.031897 0.967608 0.000022
3 3 0.001032 0.000776 0.037737 0.960379 0.000076
3 3 0.000117 0.000090 0.003387 0.996393 0.000012
3 3 0.000077 0.000180 0.021778 0.977936 0.000029
3 3 0.001613 0.001079 0.046034 0.951208 0.000066
3 3 0.001312 0.000620 0.013345 0.984673 0.000050
3 3 0.002534 0.003442 0.020608 0.971994 0.001423
3 3 0.000390 0.000335 0.002918 0.996273 0.000084
3 3 0.003292 0.003413 0.018165 0.974052 0.001077
3 3 0.000417 0.000309 0.006346 0.992882 0.000046
3 3 0.000408 0.000719 0.008986 0.989545 0.000343
3 3 0.000915 0.000524 0.013661 0.984851 0.000050
3 2 0.042685 0.009421 0.041014 0.906337 0.000544
2 2 0.000879 0.005784 0.700404 0.292720 0.000213
2 2 0.025333 0.201356 0.740550 0.008537 0.024224
2 2 0.004023 0.075999 0.900788 0.010525 0.008665
0 2 0.425450 0.165915 0.344652 0.004369 0.059614
2 2 0.003739 0.026468 0.845012 0.123772 0.001010
2 2 0.088482 0.288231 0.528989 0.003135 0.091162
3 2 0.000368 0.003551 0.475003 0.520610 0.000468
3 3 0.000128 0.001183 0.485168 0.513372 0.000148
3 3 0.000011 0.000318 0.424399 0.575221 0.000051
3 3 0.000114 0.000273 0.056191 0.943361 0.000061
0 3 0.833315 0.062423 0.027622 0.067001 0.009639
0 3 0.440377 0.192916 0.222221 0.017063 0.127424
2 3 0.008038 0.040726 0.577229 0.350819 0.023188
2 3 0.006807 0.037257 0.514103 0.435096 0.006736
2 3 0.001205 0.008695 0.609367 0.379946 0.000787
3 3 0.000011 0.000040 0.035733 0.964213 0.000003
3 3 0.000103 0.000170 0.025498 0.974199 0.000030
3 3 0.000334 0.000762 0.036984 0.961735 0.000184
3 3 0.004976 0.001686 0.022201 0.971034 0.000104
3 3 0.002528 0.001147 0.017764 0.978464 0.000096
3 3 0.007455 0.006483 0.072279 0.912628 0.001154
3 3 0.001643 0.002265 0.010325 0.984660 0.001107
3 3 0.001903 0.002555 0.006014 0.987955 0.001572
3 3 0.012227 0.014066 0.030279 0.936996 0.006432
3 3 0.000293 0.000715 0.025692 0.973049 0.000251
3 3 0.000019 0.000019 0.007431 0.992529 0.000002
3 3 0.000487 0.000237 0.002618 0.996629 0.000028
3 3 0.002173 0.001031 0.015552 0.981150 0.000093
3 3 0.025029 0.015111 0.042858 0.914148 0.002853
3 3 0.002297 0.000648 0.012552 0.984472 0.000030
3 3 0.000068 0.000119 0.007029 0.992749 0.000035
3 3 0.000013 0.000060 0.011934 0.987960 0.000034
3 3 0.000158 0.000313 0.004964 0.994398 0.000166
3 3 0.000093 0.000450 0.010587 0.988301 0.000569
3 3 0.000029 0.000031 0.001624 0.998310 0.000006
3 3 0.000029 0.000067 0.005225 0.994653 0.000025
3 3 0.000133 0.000185 0.004925 0.994702 0.000054
3 3 0.000025 0.000062 0.009462 0.990432 0.000019
3 3 0.000167 0.000227 0.006221 0.993322 0.000064
3 3 0.000287 0.001138 0.026136 0.971383 0.001056
3 3 0.000424 0.000424 0.017554 0.981532 0.000066
3 3 0.000439 0.000599 0.008823 0.989940 0.000200
3 3 0.000056 0.000099 0.004671 0.995141 0.000033
3 3 0.000014 0.000072 0.011304 0.988558 0.000051
3 3 0.000191 0.000258 0.014687 0.984812 0.000052
3 3 0.001111 0.000633 0.009410 0.988772 0.000074
3 3 0.000342 0.000130 0.001495 0.998021 0.000012
3 3 0.002689 0.001918 0.006809 0.988101 0.000483
3 3 0.011007 0.006030 0.015841 0.965985 0.001138
3 3 0.000930 0.000541 0.006226 0.992229 0.000074
3 3 0.004860 0.002713 0.014621 0.977388 0.000417
3 3 0.006402 0.008568 0.008358 0.969880 0.006792
3 3 0.000002 0.000008 0.002335 0.997651 0.000004
3 3 0.000068 0.000286 0.034987 0.964596 0.000062
3 3 0.000230 0.000162 0.002000 0.997578 0.000030
3 3 0.001828 0.003045 0.021469 0.972144 0.001514
3 3 0.000893 0.000988 0.007948 0.989854 0.000317
3 3 0.000617 0.001279 0.003929 0.992925 0.001251
3 3 0.000580 0.002852 0.039110 0.953561 0.003896
3 3 0.000821 0.001263 0.009604 0.987714 0.000598
3 3 0.000955 0.001778 0.011639 0.984161 0.001467
3 3 0.000992 0.002508 0.074000 0.921729 0.000772
3 3 0.002802 0.003145 0.016091 0.976846 0.001116
3 3 0.000234 0.000291 0.008529 0.990877 0.000070
3 3 0.003106 0.002562 0.023150 0.970673 0.000508
3 3 0.001095 0.001859 0.018117 0.978066 0.000864
3 3 0.001819 0.002068 0.020558 0.974967 0.000588
3 3 0.000083 0.000043 0.002828 0.997043 0.000003
3 3 0.000379 0.000659 0.011923 0.986771 0.000268
3 3 0.000072 0.000151 0.004188 0.995516 0.000072
3 3 0.000352 0.000941 0.009087 0.988823 0.000798
3 3 0.000148 0.000396 0.004899 0.994229 0.000328
3 3 0.000864 0.001993 0.010526 0.984915 0.001704
3 3 0.002161 0.005028 0.034346 0.954868 0.003598
3 3 0.000108 0.000184 0.005458 0.994185 0.000066
3 3 0.004554 0.002767 0.008073 0.984000 0.000606
3 3 0.006397 0.005488 0.019439 0.967106 0.001570
3 3 0.097879 0.018334 0.021592 0.860978 0.001217
3 3 0.002345 0.002927 0.009484 0.983813 0.001432
3 3 0.001242 0.001371 0.004616 0.992162 0.000609
3 3 0.000459 0.000493 0.014648 0.984306 0.000094
3 3 0.000797 0.002739 0.046584 0.947630 0.002250
3 3 0.000126 0.000201 0.006935 0.992676 0.000062
3 3 0.000169 0.000674 0.013014 0.985436 0.000707
3 3 0.022862 0.011206 0.054747 0.909831 0.001355
3 3 0.004662 0.009303 0.008626 0.965420 0.011989
3 3 0.000514 0.000435 0.006340 0.992626 0.000085
3 3 0.000625 0.000831 0.014831 0.983404 0.000309
3 3 0.000127 0.000388 0.024151 0.975143 0.000192
3 3 0.000258 0.001161 0.033315 0.964125 0.001141
3 3 0.001433 0.001209 0.005730 0.991286 0.000343
3 3 0.000121 0.000457 0.015898 0.983159 0.000364
3 3 0.000017 0.000029 0.003660 0.996287 0.000007
3 3 0.000096 0.000142 0.013142 0.986592 0.000028
3 3 0.000003 0.000017 0.000877 0.999083 0.000019
3 3 0.019156 0.020956 0.041719 0.909180 0.008989
3 3 0.004008 0.003844 0.029410 0.961795 0.000942
3 3 0.005130 0.002702 0.008723 0.982966 0.000480
3 3 0.000003 0.000009 0.002909 0.997076 0.000003
3 3 0.000210 0.000433 0.007746 0.991387 0.000223
3 3 0.000063 0.000062 0.002641 0.997223 0.000011
3 3 0.000746 0.000843 0.021017 0.977218 0.000176
3 3 0.001595 0.000776 0.006872 0.990666 0.000092
3 3 0.002285 0.000970 0.012955 0.983710 0.000081
3 3 0.001576 0.002769 0.016651 0.977425 0.001579
3 3 0.001694 0.000964 0.015144 0.982091 0.000107
3 3 0.016439 0.014592 0.055787 0.909328 0.003854
3 3 0.006284 0.016517 0.083206 0.880107 0.013886
3 3 0.003350 0.007165 0.027222 0.956528 0.005735
3 3 0.015180 0.008533 0.035365 0.939589 0.001333
3 3 0.000464 0.001146 0.006706 0.990615 0.001069
3 3 0.000408 0.000668 0.026148 0.972593 0.000183
3 3 0.004325 0.004109 0.040467 0.950209 0.000891
3 3 0.120881 0.056278 0.046931 0.764532 0.011377
3 3 0.000369 0.000634 0.010037 0.988690 0.000268
3 3 0.062899 0.013968 0.007501 0.911353 0.004279
0 1 0.844307 0.063672 0.024437 0.059049 0.008535
2 2 0.002265 0.022293 0.636169 0.325901 0.013373
3 2 0.019376 0.015944 0.236395 0.726140 0.002146
3 2 0.003646 0.003740 0.116056 0.876002 0.000555
2 2 0.009088 0.034689 0.501343 0.448552 0.006329
2 2 0.000340 0.003680 0.568970 0.426600 0.000409
3 2 0.000031 0.000273 0.027387 0.972038 0.000271
2 2 0.018548 0.055056 0.626816 0.218106 0.081474
2 2 0.045200 0.121332 0.581955 0.011674 0.239839
2 2 0.034787 0.207463 0.627737 0.023904 0.106109
2 2 0.002817 0.186565 0.628273 0.003878 0.178467
2 2 0.000604 0.027438 0.856683 0.074098 0.041177
4 2 0.026050 0.206303 0.092882 0.000256 0.674509
2 2 0.010377 0.345834 0.379574 0.000027 0.264188
2 2 0.027127 0.189240 0.436320 0.003318 0.343995
2 2 0.003403 0.163820 0.733095 0.002560 0.097122
2 2 0.006368 0.099730 0.799419 0.002776 0.091707
4 2 0.033605 0.144352 0.140627 0.002099 0.679316
4 2 0.017867 0.071717 0.017656 0.000010 0.892750
4 2 0.020780 0.160475 0.040616 0.000002 0.778127
2 2 0.036033 0.182854 0.516704 0.000515 0.263894
2 2 0.008528 0.141419 0.688700 0.009696 0.151656
2 2 0.015837 0.281530 0.608187 0.000155 0.094290
4 2 0.037934 0.233739 0.135017 0.000042 0.593268
4 2 0.027083 0.111414 0.037156 0.000034 0.824313
4 2 0.016238 0.016550 0.003059 0.000029 0.964124
4 2 0.057684 0.126898 0.116608 0.000941 0.697869
2 2 0.017867 0.308615 0.419699 0.000022 0.253798
4 2 0.069478 0.108532 0.028075 0.000032 0.793883
4 4 0.070389 0.020179 0.002192 0.000001 0.907240
4 4 0.200038 0.071197 0.013230 0.000013 0.715523
2 2 0.008208 0.142180 0.754486 0.001169 0.093957
2 2 0.002796 0.115218 0.738881 0.003981 0.139124
2 2 0.012379 0.227017 0.452847 0.000539 0.307218
2 2 0.004284 0.149037 0.631808 0.000214 0.214657
4 2 0.038045 0.335223 0.127742 0.000013 0.498976
4 2 0.007899 0.222965 0.166406 0.000338 0.602391
4 2 0.007342 0.211970 0.089294 0.000024 0.691370
2 2 0.006493 0.120288 0.804268 0.000101 0.068851
2 2 0.060016 0.200030 0.420127 0.003253 0.316575
4 2 0.016474 0.067374 0.124634 0.005990 0.785528
4 2 0.078720 0.215439 0.336130 0.000041 0.369670
2 2 0.004212 0.072333 0.762174 0.000273 0.161008
2 2 0.001791 0.059307 0.874935 0.000054 0.063914
4 2 0.011251 0.172146 0.395591 0.000014 0.420999
2 2 0.002329 0.018887 0.965227 0.000981 0.012576
2 2 0.005413 0.067815 0.879778 0.000479 0.046515
2 2 0.009965 0.165575 0.647771 0.000407 0.176283
2 2 0.005774 0.068117 0.871272 0.000190 0.054647
2 1 0.153198 0.223861 0.606381 0.000856 0.015704
2 2 0.016515 0.166030 0.756216 0.000827 0.060412
2 2 0.010171 0.141747 0.735838 0.000065 0.112178
2 2 0.013907 0.122138 0.833440 0.000281 0.030234
2 2 0.003656 0.062747 0.924924 0.000696 0.007977
2 2 0.016285 0.123043 0.830079 0.000389 0.030204
2 2 0.009307 0.031798 0.938887 0.017913 0.002095
2 2 0.000704 0.014471 0.979852 0.004472 0.000501
2 2 0.007051 0.034263 0.949366 0.008386 0.000934
2 2 0.001822 0.033827 0.952651 0.009592 0.002107
2 2 0.001800 0.033365 0.960516 0.002300 0.002019
2 2 0.007211 0.033054 0.819840 0.138002 0.001893
2 2 0.000605 0.012624 0.970903 0.014393 0.001475
2 2 0.003809 0.045669 0.912543 0.035878 0.002101
2 2 0.000002 0.000221 0.982350 0.017424 0.000003
2 2 0.001195 0.016451 0.933711 0.048064 0.000578
2 2 0.000113 0.002226 0.974711 0.022930 0.000020
2 2 0.000032 0.002204 0.978417 0.019289 0.000057
2 2 0.000195 0.002463 0.892914 0.104359 0.000070
2 2 0.000303 0.002887 0.862894 0.133829 0.000087
2 2 0.000533 0.004064 0.756051 0.239144 0.000208
2 2 0.000024 0.001405 0.976096 0.022441 0.000032
2 2 0.000002 0.000100 0.921657 0.078239 0.000002
2 2 0.000263 0.002106 0.680281 0.317143 0.000207
2 2 0.001719 0.004935 0.735844 0.257427 0.000075
2 2 0.000323 0.001878 0.717070 0.280668 0.000061
3 2 0.000859 0.003478 0.408011 0.587410 0.000242
2 2 0.000092 0.001027 0.623211 0.375494 0.000176
1 1 0.116264 0.381740 0.376602 0.042496 0.082898
2 2 0.006730 0.059523 0.842382 0.081732 0.009633
2 2 0.008329 0.078527 0.888301 0.013053 0.011790
2 2 0.000571 0.007623 0.925730 0.065835 0.000240
2 2 0.001903 0.012911 0.862648 0.121991 0.000547
2 2 0.005621 0.049589 0.926301 0.009655 0.008834
2 2 0.003957 0.043908 0.869885 0.075047 0.007203
2 2 0.067607 0.151271 0.757298 0.006610 0.017214
0 1 0.897459 0.064916 0.017455 0.000506 0.019664
4 1 0.167634 0.233496 0.140520 0.017873 0.440477
0 1 0.399002 0.266306 0.171304 0.000150 0.163239
0 2 0.414309 0.207029 0.280233 0.000440 0.097990
2 2 0.029427 0.239487 0.389540 0.000016 0.341531
2 2 0.001756 0.059908 0.911888 0.000277 0.026171
2 2 0.009758 0.191321 0.559660 0.001280 0.237980
2 2 0.001029 0.033237 0.953059 0.004004 0.008672
2 2 0.011337 0.110547 0.756756 0.005691 0.115670
2 2 0.001829 0.056108 0.924602 0.002069 0.015393
2 2 0.000115 0.008655 0.961196 0.028636 0.001397
2 2 0.001506 0.045425 0.937825 0.002661 0.012583
2 2 0.000039 0.002875 0.953366 0.042671 0.001048
2 2 0.000002 0.000559 0.961667 0.037680 0.000092
2 2 0.000327 0.008433 0.911412 0.078938 0.000889
2 2 0.014813 0.023405 0.875204 0.080028 0.006550
2 2 0.000219 0.011682 0.979832 0.005962 0.002305
2 2 0.000295 0.008379 0.820392 0.167734 0.003201
2 2 0.000014 0.000321 0.714552 0.285085 0.000028
2 2 0.000058 0.000819 0.694008 0.305034 0.000081
2 2 0.000004 0.000117 0.545240 0.454620 0.000019
3 2 0.000297 0.001598 0.184999 0.812264 0.000843
2 2 0.003453 0.018716 0.762913 0.213152 0.001766
2 2 0.003867 0.072851 0.874254 0.006304 0.042724
2 2 0.207280 0.107763 0.636618 0.032557 0.015783
0 0 0.992705 0.005869 0.001188 0.000125 0.000113
2 1 0.059744 0.246954 0.662146 0.005045 0.026111
2 2 0.007800 0.091575 0.840332 0.002912 0.057381
2 2 0.002809 0.028524 0.945248 0.007158 0.016261
0 2 0.629319 0.092351 0.200366 0.072787 0.005177
0 0 0.551285 0.125618 0.235991 0.077593 0.009514
2 1 0.270017 0.181831 0.500769 0.034958 0.012425
0 2 0.411864 0.375690 0.197489 0.000114 0.014842
2 2 0.003129 0.075573 0.916176 0.001460 0.003662
2 2 0.017864 0.028842 0.832531 0.120230 0.000532
2 2 0.011638 0.033924 0.848026 0.105476 0.000936
2 2 0.005344 0.058962 0.920515 0.013380 0.001799
2 2 0.041708 0.144540 0.793328 0.013711 0.006713
2 2 0.004068 0.084630 0.902754 0.002640 0.005908
2 2 0.000201 0.004267 0.977256 0.018216 0.000060
2 2 0.002591 0.009467 0.836640 0.151197 0.000106
2 2 0.006562 0.009884 0.762890 0.220629 0.000036
3 2 0.016322 0.005867 0.342264 0.635511 0.000037
0 0 0.958769 0.024093 0.012144 0.003711 0.001283
0 0 0.839418 0.119598 0.025757 0.000017 0.015210
0 1 0.508011 0.336178 0.142042 0.000320 0.013448
2 1 0.197866 0.266164 0.512225 0.020092 0.003653
1 2 0.267128 0.396112 0.318503 0.002205 0.016052
2 2 0.010786 0.147038 0.819485 0.008395 0.014296
2 2 0.020277 0.133571 0.827901 0.005112 0.013138
2 2 0.001630 0.072913 0.913346 0.007301 0.004810
2 2 0.000198 0.025278 0.969131 0.003423 0.001970
2 2 0.000121 0.019038 0.976776 0.002230 0.001834
2 2 0.002891 0.042213 0.948779 0.003515 0.002601
2 2 0.004465 0.041607 0.945887 0.004000 0.004041
2 2 0.062348 0.149920 0.667596 0.108743 0.011392
2 2 0.007088 0.050356 0.926602 0.013159 0.002795
2 2 0.001715 0.020000 0.963697 0.014056 0.000532
2 2 0.029919 0.063809 0.732507 0.171613 0.002152
2 2 0.003692 0.013125 0.843652 0.139377 0.000153
2 2 0.006232 0.037514 0.867983 0.086754 0.001518
2 2 0.007633 0.107406 0.880629 0.001164 0.003168
2 2 0.012625 0.044282 0.934974 0.006437 0.001682
2 2 0.000940 0.042969 0.944833 0.002703 0.008555
2 2 0.001774 0.079786 0.908411 0.000412 0.009617
2 2 0.122901 0.223995 0.639042 0.007765 0.006297
2 2 0.002669 0.016773 0.820730 0.158309 0.001519
2 2 0.013106 0.138443 0.810232 0.005717 0.032502
2 2 0.005615 0.024961 0.867840 0.100832 0.000752
2 2 0.022199 0.254080 0.698094 0.000359 0.025268
2 2 0.001433 0.048106 0.939648 0.001293 0.009520
2 2 0.002685 0.037924 0.955728 0.001640 0.002022
2 2 0.007923 0.109913 0.858600 0.003762 0.019801
2 2 0.001967 0.029257 0.947614 0.019256 0.001906
2 2 0.000272 0.002718 0.888444 0.108515 0.000051
2 2 0.004019 0.027304 0.894533 0.072857 0.001288
2 2 0.000362 0.006236 0.905708 0.087084 0.000609
2 2 0.001078 0.021163 0.954413 0.020251 0.003096
2 2 0.126059 0.109892 0.637133 0.122013 0.004903
2 2 0.003340 0.030684 0.843670 0.116136 0.006171
2 2 0.002330 0.022608 0.925292 0.046603 0.003168
2 2 0.000155 0.004485 0.981197 0.013768 0.000396
2 2 0.000300 0.003414 0.821994 0.174151 0.000142
2 2 0.000645 0.002825 0.683058 0.313373 0.000099
3 2 0.001087 0.004784 0.374111 0.618769 0.001250
2 2 0.034978 0.144254 0.582145 0.203306 0.035317
2 2 0.023175 0.059960 0.885785 0.029627 0.001453
3 2 0.038677 0.032850 0.460913 0.465606 0.001953
2 2 0.000041 0.001086 0.840535 0.158244 0.000094
2 2 0.001337 0.011332 0.879917 0.106983 0.000430
2 2 0.004095 0.006417 0.519010 0.470200 0.000279
2 2 0.007381 0.028150 0.803096 0.154922 0.006451
0 0 0.948607 0.032433 0.012415 0.005448 0.001096
0 0 0.807948 0.104829 0.053968 0.023581 0.009673
1 0 0.375691 0.394747 0.155184 0.000180 0.074198
1 1 0.340416 0.403304 0.234458 0.001915 0.019906
1 1 0.128225 0.534179 0.313038 0.000196 0.024362
1 1 0.149686 0.437092 0.378093 0.004130 0.030998
2 2 0.151986 0.198494 0.597702 0.041102 0.010716
2 2 0.031447 0.265880 0.692714 0.006959 0.003000
0 2 0.435961 0.352141 0.196124 0.002242 0.013532
1 2 0.223837 0.460573 0.282651 0.000748 0.032191
2 2 0.115202 0.188920 0.671260 0.020000 0.004618
2 2 0.011923 0.016234 0.697433 0.273590 0.000820
2 2 0.045679 0.170640 0.736635 0.038645 0.008401
2 2 0.020120 0.137717 0.829083 0.005801 0.007279
2 2 0.050339 0.151576 0.791977 0.002358 0.003751
1 2 0.015815 0.540532 0.327452 0.000008 0.116194
2 2 0.001350 0.039585 0.944694 0.000597 0.013773
2 2 0.001163 0.052736 0.930520 0.000142 0.015439
2 2 0.000843 0.021065 0.976774 0.001182 0.000135
2 0 0.195945 0.165514 0.637204 0.000762 0.000574
0 0 0.980464 0.014757 0.003783 0.000468 0.000527
0 0 0.968734 0.025616 0.003219 0.000001 0.002430
1 0 0.306397 0.380680 0.231179 0.005011 0.076733
2 1 0.307070 0.284098 0.350482 0.005660 0.052691
2 1 0.053113 0.150356 0.702963 0.087152 0.006417
2 1 0.104182 0.189315 0.649081 0.049454 0.007968
0 2 0.716960 0.161129 0.091576 0.014904 0.015431
2 2 0.041727 0.186234 0.758157 0.001539 0.012343
2 2 0.014957 0.157181 0.800098 0.002233 0.025531
2 2 0.005468 0.099758 0.886631 0.002336 0.005806
2 2 0.031113 0.165191 0.775271 0.021092 0.007332
2 2 0.003230 0.013875 0.810445 0.171959 0.000492
2 2 0.006402 0.048837 0.939588 0.000533 0.004639
2 2 0.000348 0.016004 0.982124 0.000204 0.001320
2 2 0.017044 0.138141 0.837599 0.000792 0.006424
2 2 0.002039 0.059011 0.924125 0.001097 0.013728
2 2 0.002093 0.098099 0.886571 0.000081 0.013156
2 2 0.001609 0.021378 0.968268 0.005188 0.003556
2 2 0.008195 0.017860 0.729939 0.243596 0.000409
2 2 0.000980 0.005806 0.736302 0.256625 0.000287
2 2 0.015009 0.056856 0.792765 0.129187 0.006183
2 2 0.006052 0.091990 0.891236 0.000779 0.009943
2 2 0.000573 0.010502 0.981267 0.006978 0.000680
2 2 0.135451 0.179377 0.676470 0.007256 0.001445
2 2 0.000484 0.011423 0.979633 0.007940 0.000520
2 2 0.000009 0.002442 0.995753 0.001588 0.000208
2 2 0.011935 0.050025 0.931571 0.003465 0.003004
2 2 0.000116 0.009431 0.980142 0.009771 0.000540
2 2 0.012690 0.038457 0.889931 0.054310 0.004611
2 2 0.038178 0.099888 0.823777 0.007641 0.030516
0 1 0.712261 0.105321 0.072503 0.107172 0.002742
2 1 0.035388 0.039516 0.803142 0.121889 0.000066
2 2 0.018725 0.042236 0.748781 0.188979 0.001279
2 2 0.006362 0.020743 0.892780 0.080039 0.000077
2 2 0.002705 0.013365 0.905539 0.078112 0.000280
2 2 0.002831 0.034507 0.907121 0.051268 0.004273
0 2 0.362563 0.213054 0.355846 0.052522 0.016015
2 2 0.000756 0.037093 0.959455 0.001568 0.001129
2 2 0.000388 0.012202 0.975851 0.011403 0.000156
2 2 0.002942 0.062225 0.933040 0.000941 0.000851
2 2 0.000764 0.035469 0.958698 0.004665 0.000404
2 2 0.002822 0.023854 0.952727 0.020401 0.000196
2 2 0.003329 0.048792 0.929571 0.017637 0.000671
2 2 0.034459 0.053413 0.871873 0.039818 0.000437
2 2 0.041069 0.056813 0.893360 0.007522 0.001236
2 2 0.002713 0.037004 0.934494 0.025064 0.000725
2 2 0.000158 0.003922 0.969732 0.026149 0.000039
2 2 0.003862 0.007619 0.514541 0.473247 0.000731
2 2 0.002917 0.022044 0.930812 0.043446 0.000780
2 2 0.000691 0.004438 0.860771 0.133996 0.000105
2 2 0.001429 0.011852 0.935888 0.050738 0.000093
2 2 0.000028 0.000656 0.928973 0.070334 0.000010
2 2 0.001871 0.012089 0.872172 0.113516 0.000352
2 2 0.074861 0.097651 0.800399 0.025028 0.002061
2 2 0.000708 0.001087 0.581806 0.416396 0.000005
3 2 0.000186 0.000375 0.364031 0.635403 0.000005
2 2 0.011440 0.014932 0.648792 0.324630 0.000206
0 1 0.784622 0.149975 0.060490 0.000991 0.003923
0 1 0.944432 0.040402 0.011808 0.000634 0.002724
0 1 0.621643 0.245159 0.109610 0.001675 0.021914
1 2 0.113051 0.433727 0.371610 0.000085 0.081526
2 2 0.034914 0.144070 0.806703 0.001836 0.012477
2 2 0.002065 0.054072 0.934481 0.006997 0.002385
2 2 0.024156 0.086556 0.881351 0.001662 0.006276
2 2 0.104544 0.248917 0.610203 0.009415 0.026921
2 2 0.003410 0.061196 0.916964 0.012138 0.006292
2 2 0.007914 0.027216 0.868072 0.096185 0.000612
2 2 0.130746 0.239624 0.597386 0.011863 0.020382
2 2 0.003181 0.041794 0.948953 0.004981 0.001090
2 2 0.003323 0.037662 0.933600 0.023795 0.001620
2 2 0.000638 0.015395 0.964900 0.018805 0.000261
2 2 0.000488 0.011125 0.985648 0.002629 0.000110
2 2 0.000556 0.019554 0.976324 0.002110 0.001456
2 2 0.001138 0.016907 0.976516 0.004502 0.000937
2 2 0.015365 0.119774 0.852816 0.002338 0.009708
2 2 0.001280 0.020035 0.967718 0.010299 0.000669
2 2 0.001409 0.025287 0.968499 0.001663 0.003140
2 2 0.003466 0.049693 0.939273 0.000693 0.006875
2 2 0.004593 0.068006 0.919174 0.002817 0.005410
2 2 0.000016 0.003954 0.993886 0.002083 0.000060
2 2 0.000133 0.001752 0.916957 0.081136 0.000022
2 2 0.001690 0.008716 0.824331 0.164987 0.000276
2 2 0.002501 0.016259 0.897064 0.083870 0.000306
2 2 0.004303 0.036873 0.901983 0.055318 0.001522
2 2 0.001341 0.015900 0.974681 0.007878 0.000198
2 2 0.000002 0.000029 0.618858 0.381109 0.000001
2 2 0.000628 0.005078 0.879549 0.114630 0.000116
3 2 0.002979 0.003576 0.349211 0.644124 0.000110
3 3 0.002864 0.003402 0.493234 0.500464 0.000036
3 3 0.000025 0.000129 0.030542 0.969227 0.000076
2 3 0.010323 0.076893 0.833652 0.061727 0.017405
2 3 0.000318 0.006041 0.981327 0.012180 0.000134
2 3 0.002325 0.032956 0.926565 0.023785 0.014369
2 2 0.004058 0.063157 0.851815 0.048902 0.032068
2 2 0.000545 0.009411 0.977264 0.011945 0.000835
2 2 0.000740 0.018821 0.969359 0.005042 0.006038
2 2 0.000113 0.008777 0.885008 0.103013 0.003090
2 2 0.015425 0.070899 0.841141 0.065626 0.006910
3 2 0.026728 0.015982 0.337134 0.619455 0.000700
2 2 0.013690 0.043210 0.558781 0.376889 0.007431
2 2 0.018777 0.091524 0.422088 0.412037 0.055574
3 2 0.000789 0.002603 0.370961 0.625234 0.000413
1 2 0.103222 0.355728 0.339726 0.006869 0.194456
4 2 0.048880 0.232708 0.099456 0.000136 0.618821
4 2 0.085392 0.100726 0.049780 0.000134 0.763969
4 4 0.023753 0.024698 0.005406 0.000088 0.946055
4 4 0.016225 0.181794 0.087390 0.000042 0.714549
4 4 0.045732 0.029663 0.005426 0.000022 0.919156
4 4 0.163292 0.036196 0.004450 0.000006 0.796056
4 4 0.069053 0.029641 0.004425 0.000005 0.896875
4 4 0.021874 0.007722 0.000700 0.000000 0.969705
4 4 0.066771 0.024206 0.004092 0.000002 0.904928
4 4 0.033888 0.014504 0.001735 0.000002 0.949871
4 4 0.017855 0.011111 0.001482 0.000004 0.969548
4 4 0.022607 0.017585 0.003005 0.000018 0.956785
4 4 0.039979 0.024049 0.003972 0.000012 0.931988
4 4 0.168609 0.034967 0.003995 0.000001 0.792429
4 4 0.021683 0.010192 0.001150 0.000001 0.966973
4 4 0.020065 0.013040 0.001863 0.000006 0.965026
4 4 0.168171 0.030146 0.003307 0.000013 0.798362
4 4 0.015716 0.005807 0.000498 0.000000 0.977979
4 4 0.143666 0.023382 0.002191 0.000002 0.830759
4 4 0.185221 0.016972 0.001115 0.000000 0.796692
4 4 0.085450 0.015529 0.001299 0.000000 0.897722
4 4 0.048575 0.011010 0.000887 0.000000 0.939528
4 4 0.010311 0.008177 0.001127 0.000006 0.980379
4 4 0.022566 0.010397 0.001169 0.000001 0.965867
4 4 0.096007 0.020446 0.001956 0.000000 0.881590
4 4 0.052843 0.028669 0.004751 0.000011 0.913726
4 4 0.026569 0.013397 0.001702 0.000003 0.958330
4 4 0.116023 0.031200 0.003932 0.000005 0.848841
4 4 0.024471 0.208184 0.211001 0.000035 0.556309
4 4 0.107383 0.111564 0.039775 0.000010 0.741269
4 4 0.192750 0.045822 0.006023 0.000001 0.755404
4 4 0.081089 0.068851 0.015227 0.000030 0.834803
4 4 0.126746 0.075493 0.013028 0.000003 0.784730
4 4 0.059373 0.028781 0.003398 0.000000 0.908448
4 4 0.051016 0.065310 0.015870 0.000050 0.867755
4 4 0.026564 0.043447 0.007734 0.000003 0.922252
4 4 0.039081 0.023939 0.002899 0.000001 0.934081
4 4 0.032699 0.050358 0.007716 0.000001 0.909226
4 4 0.085400 0.045081 0.006862 0.000003 0.862654
4 4 0.040302 0.084210 0.018772 0.000004 0.856712
4 4 0.055308 0.051310 0.008393 0.000002 0.884986
4 4 0.015113 0.011654 0.001756 0.000009 0.971469
4 4 0.087574 0.021860 0.002278 0.000000 0.888287
4 4 0.044146 0.043639 0.006542 0.000001 0.905672
4 4 0.155212 0.082984 0.015243 0.000006 0.746555
0 1 0.718045 0.188387 0.063265 0.000361 0.029942
0 1 0.593132 0.283915 0.110600 0.000274 0.012079
1 2 0.029388 0.427548 0.158677 0.000002 0.384385
4 2 0.014529 0.314395 0.155183 0.000055 0.515838
1 2 0.066917 0.448943 0.298032 0.000016 0.186093
0 1 0.613552 0.259384 0.097126 0.000163 0.029776
1 1 0.181738 0.512347 0.227083 0.000076 0.078757
1 2 0.012534 0.425525 0.339441 0.000070 0.222430
2 2 0.012376 0.181201 0.517288 0.001467 0.287668
2 2 0.005472 0.189739 0.758444 0.000603 0.045742
4 2 0.008635 0.222837 0.364661 0.000302 0.403565
4 2 0.015034 0.219535 0.066201 0.000002 0.699227
4 2 0.014422 0.293880 0.318539 0.000037 0.373122
4 2 0.032857 0.273696 0.330932 0.000237 0.362278
4 2 0.015413 0.205725 0.160202 0.000037 0.618623
4 2 0.004684 0.202263 0.198866 0.000025 0.594163
4 2 0.005824 0.244637 0.357455 0.000009 0.392074
4 2 0.016638 0.252426 0.352418 0.000114 0.378404
4 2 0.008453 0.215799 0.356939 0.000069 0.418740
2 2 0.007489 0.232440 0.536059 0.000273 0.223739
2 2 0.000338 0.032387 0.957727 0.000976 0.008571
2 2 0.008018 0.150789 0.777336 0.000968 0.062890
2 2 0.009477 0.190805 0.581743 0.000890 0.217086
2 2 0.004559 0.310005 0.425326 0.000122 0.259988
4 2 0.006362 0.262841 0.153384 0.000086 0.577326
4 2 0.002873 0.187639 0.267525 0.000057 0.541905
4 2 0.016235 0.329516 0.215379 0.000084 0.438787
2 2 0.003389 0.169947 0.723010 0.000825 0.102829
2 2 0.035791 0.289999 0.485626 0.003564 0.185020
2 2 0.004415 0.074877 0.801183 0.000416 0.119110
2 2 0.136321 0.268749 0.397122 0.000161 0.197646
4 2 0.123184 0.324524 0.113200 0.000036 0.439057
2 2 0.003243 0.062862 0.901424 0.000172 0.032299
2 2 0.000477 0.027174 0.969369 0.000080 0.002899
2 2 0.088671 0.179254 0.610603 0.000513 0.120959
2 2 0.005665 0.188738 0.685431 0.001090 0.119077
2 2 0.000298 0.030334 0.962923 0.000700 0.005745
2 2 0.000306 0.022869 0.969419 0.000645 0.006761
2 2 0.000345 0.017791 0.977917 0.000794 0.003153
2 2 0.001026 0.055085 0.931360 0.000039 0.012490
2 2 0.001556 0.039068 0.943166 0.003959 0.012251
2 2 0.000474 0.019173 0.973944 0.000845 0.005564
2 2 0.000835 0.022272 0.967344 0.000598 0.008951
2 2 0.000838 0.026556 0.968182 0.000821 0.003603
2 2 0.000699 0.016895 0.966445 0.014144 0.001817
2 2 0.000318 0.017425 0.972521 0.002982 0.006754
2 2 0.001869 0.040266 0.907880 0.002978 0.047007
2 2 0.015753 0.135326 0.774858 0.002332 0.071731
2 2 0.011542 0.070826 0.872250 0.004097 0.041284
2 2 0.000213 0.013130 0.969802 0.012521 0.004333
2 2 0.020692 0.113019 0.836064 0.012335 0.017891
3 2 0.000080 0.000343 0.266307 0.733246 0.000024
2 2 0.000113 0.002616 0.895336 0.101738 0.000198
2 2 0.011184 0.056356 0.838942 0.075580 0.017937
3 2 0.001915 0.012174 0.416880 0.564104 0.004926
2 2 0.000025 0.002990 0.970221 0.026525 0.000240
2 3 0.000283 0.007114 0.748000 0.243294 0.001309
3 3 0.000137 0.001047 0.315064 0.683652 0.000100
2 3 0.000823 0.010214 0.762113 0.224876 0.001973
3 3 0.001283 0.004955 0.252415 0.738754 0.002593
3 3 0.013141 0.016542 0.092155 0.872584 0.005578
3 3 0.033438 0.056530 0.409620 0.492570 0.007842
2 3 0.003343 0.023918 0.824286 0.146856 0.001597
2 3 0.004789 0.015947 0.562847 0.415587 0.000830
3 3 0.000350 0.001827 0.107477 0.888827 0.001518
3 3 0.002806 0.003949 0.116642 0.876127 0.000476
3 3 0.000091 0.000742 0.468061 0.531055 0.000051
3 3 0.000379 0.005842 0.465055 0.527809 0.000915
3 3 0.015516 0.037016 0.223425 0.700471 0.023572
3 3 0.000849 0.001953 0.227768 0.769294 0.000136
3 3 0.000002 0.000019 0.023187 0.976780 0.000011
3 3 0.000169 0.000625 0.088973 0.909998 0.000235
3 3 0.002186 0.003615 0.053217 0.939688 0.001294
3 3 0.002261 0.003080 0.049183 0.944616 0.000859
3 3 0.000735 0.002618 0.034805 0.959346 0.002495
3 3 0.000970 0.003989 0.125987 0.867469 0.001584
3 3 0.036739 0.067841 0.191611 0.662598 0.041211
3 3 0.189985 0.096813 0.080563 0.610918 0.021722
3 3 0.004571 0.007455 0.038654 0.945528 0.003793
3 3 0.000449 0.002201 0.119681 0.875943 0.001726
3 3 0.003529 0.011681 0.153957 0.826766 0.004067
3 3 0.003041 0.008552 0.191773 0.793766 0.002867
3 3 0.003101 0.020142 0.338316 0.631247 0.007194
3 3 0.002731 0.003876 0.058995 0.933263 0.001135
3 3 0.000750 0.004253 0.176550 0.816309 0.002138
3 3 0.001972 0.003340 0.076553 0.917106 0.001029
3 3 0.003067 0.002698 0.037110 0.956441 0.000684
3 3 0.000314 0.000570 0.022144 0.976793 0.000180
3 3 0.000079 0.000180 0.017284 0.982400 0.000057
3 3 0.000111 0.000378 0.059422 0.939943 0.000146
3 3 0.005314 0.007155 0.038404 0.946257 0.002870
2 3 0.278868 0.192203 0.341423 0.091999 0.095507
2 3 0.097361 0.114294 0.630110 0.120226 0.038010
2 3 0.011311 0.038706 0.874061 0.073220 0.002701
3 3 0.002041 0.004732 0.392580 0.600354 0.000292
2 3 0.049583 0.057640 0.472975 0.415131 0.004671
2 3 0.014159 0.076143 0.692898 0.204681 0.012120
2 3 0.009929 0.052513 0.680959 0.249530 0.007069
2 3 0.027196 0.038897 0.501699 0.430490 0.001717
2 3 0.002959 0.032729 0.653506 0.302556 0.008250
3 3 0.050595 0.077846 0.312204 0.530108 0.029247
3 3 0.009106 0.028878 0.453218 0.502845 0.005954
3 3 0.000285 0.000872 0.081686 0.916910 0.000247
3 3 0.000125 0.000320 0.046665 0.952852 0.000038
2 3 0.002439 0.018318 0.753345 0.222470 0.003428
3 3 0.086571 0.038205 0.323612 0.550385 0.001227
2 3 0.005801 0.032405 0.516369 0.439165 0.006259
3 3 0.001149 0.005253 0.256270 0.736636 0.000693
3 3 0.000188 0.000229 0.021289 0.978261 0.000034
2 3 0.050830 0.113410 0.384095 0.350707 0.100958
3 3 0.002918 0.006303 0.078521 0.910115 0.002143
3 3 0.029865 0.028066 0.190717 0.744489 0.006862
2 2 0.132539 0.168923 0.389952 0.299228 0.009358
3 2 0.143252 0.081957 0.151976 0.587549 0.035267
2 2 0.006242 0.187973 0.581931 0.000226 0.223627
4 2 0.025071 0.250795 0.329233 0.000028 0.394872
2 2 0.006527 0.128185 0.710357 0.001053 0.153878
2 2 0.005166 0.126653 0.792681 0.000040 0.075461
2 2 0.002703 0.055698 0.920996 0.000136 0.020467
2 2 0.003910 0.103044 0.812516 0.001232 0.079298
2 2 0.067563 0.192864 0.660322 0.001560 0.077691
0 1 0.902185 0.064243 0.018955 0.000713 0.013904
0 1 0.540993 0.301783 0.103233 0.000152 0.053838
2 2 0.128429 0.350925 0.506151 0.000686 0.013809
2 2 0.026579 0.190065 0.667489 0.003238 0.112629
2 2 0.014536 0.268852 0.621827 0.000063 0.094721
2 2 0.008929 0.113601 0.831854 0.009954 0.035662
2 2 0.010890 0.159185 0.808672 0.004000 0.017252
2 2 0.003254 0.155399 0.805153 0.000179 0.036014
2 2 0.002184 0.007022 0.782997 0.207694 0.000104
2 1 0.280843 0.192268 0.502830 0.015608 0.008451
2 2 0.005943 0.057688 0.879514 0.052874 0.003982
2 2 0.000938 0.021453 0.966897 0.007304 0.003408
2 2 0.005535 0.038928 0.926081 0.026443 0.003013
2 2 0.045492 0.109933 0.823561 0.014118 0.006895
2 2 0.006228 0.183893 0.753235 0.000229 0.056415
2 2 0.017390 0.289136 0.420303 0.000067 0.273104
2 2 0.000084 0.020850 0.975954 0.000514 0.002597
2 2 0.000145 0.021478 0.973719 0.000537 0.004120
1 2 0.025638 0.455986 0.186810 0.000003 0.331562
2 2 0.002681 0.068962 0.906128 0.000145 0.022084
2 2 0.001275 0.030046 0.962144 0.001601 0.004935
2 2 0.001488 0.040129 0.947935 0.001266 0.009182
2 2 0.004981 0.092756 0.862178 0.000577 0.039508
2 2 0.004242 0.044573 0.938265 0.003407 0.009513
2 2 0.074846 0.255054 0.638990 0.001879 0.029231
2 2 0.105417 0.202384 0.643501 0.001334 0.047364
2 2 0.007981 0.048710 0.938814 0.001740 0.002756
2 2 0.000863 0.013902 0.972406 0.012446 0.000384
2 2 0.000984 0.092440 0.843269 0.000881 0.062427
2 2 0.000048 0.002378 0.920937 0.076403 0.000234
2 2 0.000155 0.003737 0.929595 0.065908 0.000606
2 2 0.001640 0.034528 0.955653 0.002725 0.005454
2 2 0.036449 0.250621 0.524822 0.000371 0.187737
2 2 0.000652 0.093210 0.882143 0.000490 0.023505
2 2 0.000143 0.015821 0.981772 0.001589 0.000674
2 2 0.001539 0.024918 0.899709 0.069230 0.004604
2 2 0.016389 0.144065 0.811986 0.002411 0.025149
2 2 0.042852 0.097282 0.825368 0.023605 0.010892
2 2 0.003333 0.078221 0.891358 0.000690 0.026398
2 2 0.001179 0.052220 0.942606 0.002408 0.001588
2 2 0.001184 0.014794 0.907060 0.075899 0.001062
2 2 0.001441 0.027725 0.962435 0.005035 0.003365
2 2 0.000032 0.001566 0.965899 0.032292 0.000211
2 2 0.002411 0.066234 0.917932 0.000765 0.012658
2 2 0.000335 0.025756 0.967008 0.000173 0.006728
2 2 0.000177 0.007107 0.971452 0.020998 0.000266
2 2 0.052761 0.164288 0.729215 0.005895 0.047842
2 2 0.000874 0.024053 0.970058 0.000785 0.004231
2 2 0.000066 0.010975 0.983411 0.002407 0.003142
2 2 0.000459 0.018676 0.974623 0.000687 0.005555
2 2 0.000579 0.017212 0.976806 0.000921 0.004482
2 2 0.000211 0.009821 0.988048 0.001513 0.000406
2 2 0.014098 0.092662 0.880150 0.000402 0.012688
2 2 0.000207 0.005623 0.715848 0.275448 0.002873
2 2 0.001339 0.036156 0.849140 0.091099 0.022266
2 2 0.002724 0.053032 0.904516 0.024424 0.015304
2 2 0.001366 0.037950 0.930579 0.006089 0.024016
2 2 0.010762 0.098708 0.756873 0.087219 0.046438
1 1 0.052221 0.444087 0.247350 0.000094 0.256248
2 2 0.016216 0.256141 0.413051 0.000605 0.313987
4 2 0.043942 0.163105 0.087750 0.000078 0.705125
4 2 0.028720 0.077438 0.028426 0.000143 0.865273
4 4 0.025158 0.049087 0.011829 0.000040 0.913886
4 4 0.039062 0.023957 0.002958 0.000001 0.934022
4 4 0.030667 0.135199 0.031184 0.000002 0.802947
4 4 0.053397 0.033567 0.005292 0.000005 0.907739
4 4 0.029886 0.022454 0.004058 0.000024 0.943578
4 4 0.057906 0.033781 0.006108 0.000019 0.902186
4 4 0.044751 0.306244 0.121658 0.000035 0.527313
4 4 0.053373 0.096232 0.022946 0.000015 0.827434
4 4 0.039169 0.191062 0.038090 0.000000 0.731679
4 4 0.100056 0.100776 0.015119 0.000000 0.784049
4 4 0.135364 0.058083 0.010056 0.000001 0.796496
4 4 0.169022 0.040710 0.004772 0.000001 0.785496
4 4 0.062389 0.038900 0.007601 0.000031 0.891078
4 4 0.034989 0.092520 0.021107 0.000006 0.851377
4 4 0.085327 0.058690 0.009824 0.000003 0.846155
4 4 0.030790 0.013066 0.001508 0.000001 0.954634
0 4 0.575076 0.039325 0.003477 0.000001 0.382120
4 4 0.444373 0.050030 0.005751 0.000009 0.499837
4 4 0.032645 0.011951 0.001255 0.000001 0.954149
4 4 0.030612 0.011979 0.001294 0.000001 0.956114
4 4 0.113806 0.034295 0.004531 0.000002 0.847367
4 4 0.042505 0.018204 0.002272 0.000002 0.937017
4 4 0.039314 0.036956 0.006385 0.000006 0.917339
4 4 0.182525 0.029821 0.003057 0.000004 0.784594
4 4 0.078844 0.028030 0.003913 0.000013 0.889199
4 4 0.024654 0.013183 0.001713 0.000003 0.960446
4 4 0.128941 0.030403 0.002771 0.000000 0.837884
4 4 0.016084 0.013848 0.002320 0.000017 0.967730
4 4 0.021878 0.002863 0.000120 0.000000 0.975138
4 4 0.011942 0.003207 0.000202 0.000000 0.984648
4 4 0.165942 0.007280 0.000264 0.000000 0.826514
4 4 0.160291 0.027906 0.002929 0.000009 0.808865
4 4 0.035362 0.009340 0.000770 0.000000 0.954528
4 4 0.020515 0.005480 0.000388 0.000000 0.973617
4 4 0.120198 0.016564 0.001227 0.000000 0.862011
4 4 0.142261 0.024764 0.002323 0.000000 0.830652
4 4 0.091202 0.031904 0.004418 0.000003 0.872474
