0 0 0.790982 0.045246 0.128947 0.017941 0.016885
0 0 0.963119 0.011889 0.022138 0.000281 0.002574
0 0 0.958269 0.013737 0.023330 0.000861 0.003803
0 0 0.959342 0.011154 0.008593 0.000127 0.020784
0 0 0.928356 0.033444 0.013694 0.000042 0.024463
0 0 0.945793 0.019520 0.013093 0.000423 0.021170
0 0 0.969036 0.017306 0.004743 0.000008 0.008907
0 0 0.978230 0.002202 0.002438 0.000000 0.017130
0 0 0.901581 0.044870 0.014846 0.000025 0.038677
0 0 0.735768 0.210866 0.036403 0.000065 0.016899
0 0 0.948386 0.003737 0.029095 0.006028 0.012754
0 0 0.946961 0.006426 0.010411 0.000057 0.036145
0 0 0.518146 0.257946 0.202171 0.002152 0.019585
2 0 0.043912 0.003822 0.949166 0.002827 0.000273
0 0 0.948501 0.042764 0.006795 0.000003 0.001937
0 0 0.950240 0.033452 0.009636 0.000096 0.006576
0 0 0.955535 0.015027 0.023999 0.000566 0.004873
0 0 0.938346 0.019158 0.035257 0.001321 0.005918
0 0 0.834562 0.039148 0.122575 0.000373 0.003342
0 0 0.981354 0.011136 0.005278 0.000030 0.002201
0 0 0.906003 0.067286 0.018919 0.000051 0.007740
0 0 0.995796 0.001879 0.001646 0.000022 0.000657
0 0 0.990648 0.002281 0.006338 0.000117 0.000617
0 0 0.956187 0.004039 0.038326 0.000724 0.000725
0 0 0.974670 0.006776 0.016934 0.000170 0.001450
0 0 0.795477 0.030737 0.165758 0.002461 0.005567
0 0 0.862930 0.053581 0.079100 0.000204 0.004184
0 0 0.958250 0.014846 0.023657 0.000306 0.002941
0 0 0.990925 0.005305 0.002515 0.000018 0.001237
0 0 0.995464 0.002524 0.001375 0.000009 0.000629
0 0 0.697819 0.245565 0.043344 0.000026 0.013246
0 0 0.667123 0.277348 0.047513 0.000005 0.008012
0 0 0.903149 0.066347 0.014168 0.000000 0.016335
0 0 0.613875 0.256587 0.055796 0.003347 0.070395
0 0 0.811689 0.022603 0.161880 0.001236 0.002592
0 0 0.995389 0.001882 0.002366 0.000012 0.000351
0 0 0.949363 0.012891 0.034424 0.000794 0.002527
0 0 0.890520 0.064257 0.032293 0.000611 0.012319
0 0 0.946392 0.045651 0.004797 0.000004 0.003156
0 0 0.997465 0.001206 0.000963 0.000008 0.000359
0 0 0.992695 0.003673 0.002386 0.000037 0.001209
0 0 0.994637 0.002562 0.001885 0.000029 0.000888
0 0 0.995745 0.001132 0.002040 0.000182 0.000901
0 0 0.995695 0.001978 0.001901 0.000010 0.000416
0 0 0.823530 0.082087 0.083775 0.000470 0.010138
0 0 0.775489 0.185833 0.034951 0.000002 0.003725
0 0 0.785771 0.181058 0.026943 0.000004 0.006224
0 0 0.974801 0.014821 0.008861 0.000017 0.001501
0 0 0.599311 0.308516 0.078726 0.000024 0.013423
1 1 0.160663 0.608725 0.200378 0.000149 0.030084
1 1 0.296452 0.433006 0.259133 0.000043 0.011366
0 0 0.915090 0.040826 0.037152 0.000174 0.006759
0 0 0.531094 0.376520 0.077175 0.000023 0.015188
0 1 0.694641 0.253294 0.044493 0.000005 0.007567
0 1 0.902064 0.025649 0.065244 0.001297 0.005745
0 0 0.725007 0.226451 0.037832 0.000015 0.010694
0 1 0.600878 0.278679 0.101467 0.000094 0.018883
0 1 0.464387 0.423721 0.093613 0.000036 0.018244
1 1 0.336687 0.492042 0.142966 0.000157 0.028148
1 1 0.126937 0.589713 0.221560 0.001372 0.060418
1 2 0.023242 0.498867 0.398847 0.010299 0.068745
2 2 0.079406 0.385041 0.523795 0.000590 0.011168
0 2 0.890251 0.059617 0.039647 0.000353 0.010132
0 2 0.540123 0.176028 0.249719 0.005791 0.028339
2 2 0.025675 0.058727 0.910450 0.003223 0.001926
2 2 0.000650 0.087484 0.899744 0.009147 0.002975
2 2 0.000272 0.010747 0.955306 0.033224 0.000451
2 2 0.000056 0.000980 0.989977 0.008887 0.000101
2 2 0.007781 0.208073 0.761419 0.002962 0.019765
2 2 0.000675 0.009570 0.986865 0.002560 0.000330
2 2 0.000043 0.001297 0.960395 0.038224 0.000042
2 2 0.002196 0.004830 0.958243 0.034422 0.000309
2 2 0.000068 0.000783 0.998189 0.000938 0.000022
2 2 0.000118 0.004192 0.995179 0.000482 0.000029
2 2 0.000917 0.028964 0.966970 0.001771 0.001378
2 2 0.000075 0.000522 0.998939 0.000381 0.000082
2 2 0.003085 0.010944 0.969285 0.015747 0.000939
3 3 0.003787 0.001548 0.277531 0.716426 0.000708
2 3 0.001665 0.004763 0.635928 0.356924 0.000720
2 3 0.000224 0.000996 0.945390 0.053248 0.000143
2 3 0.000003 0.000091 0.973904 0.025991 0.000011
3 3 0.000008 0.000120 0.108425 0.891415 0.000032
3 3 0.000386 0.000400 0.193715 0.805377 0.000121
2 0 0.152690 0.014928 0.815650 0.012620 0.004112
0 0 0.736960 0.194263 0.058870 0.000065 0.009841
1 1 0.201596 0.399161 0.346714 0.008986 0.043544
2 1 0.043352 0.247839 0.700384 0.001651 0.006774
2 2 0.197738 0.347995 0.440932 0.000388 0.012947
2 2 0.133932 0.312797 0.527204 0.002768 0.023299
2 1 0.025311 0.082361 0.890328 0.000529 0.001472
1 2 0.126717 0.601713 0.221915 0.000715 0.048940
0 2 0.878329 0.039314 0.074725 0.001097 0.006535
0 0 0.479850 0.417298 0.088714 0.000017 0.014121
0 0 0.413221 0.221455 0.324857 0.002522 0.037946
2 0 0.430836 0.037249 0.527720 0.001841 0.002354
2 0 0.088822 0.417994 0.484622 0.000042 0.008519
0 0 0.948876 0.043401 0.004525 0.000004 0.003194
1 0 0.354058 0.503489 0.123553 0.000035 0.018866
0 0 0.508670 0.390376 0.082913 0.000037 0.018004
2 1 0.010324 0.337764 0.648365 0.000052 0.003496
1 1 0.092120 0.609785 0.246534 0.000900 0.050660
2 2 0.000474 0.087063 0.911790 0.000132 0.000540
2 2 0.002074 0.106240 0.884753 0.003604 0.003330
2 2 0.073845 0.087130 0.814602 0.016426 0.007997
0 2 0.367156 0.332724 0.287009 0.000175 0.012936
1 1 0.211238 0.586140 0.175848 0.000098 0.026676
1 2 0.052524 0.513251 0.425889 0.000045 0.008291
2 1 0.030942 0.326822 0.631517 0.000884 0.009835
0 1 0.971125 0.007876 0.019515 0.000222 0.001262
0 0 0.871129 0.041147 0.082868 0.000301 0.004555
0 0 0.880529 0.101745 0.012980 0.000004 0.004742
1 1 0.076160 0.549392 0.352498 0.000312 0.021639
0 0 0.789197 0.075573 0.129037 0.000287 0.005906
0 1 0.857982 0.044572 0.087997 0.001099 0.008350
1 1 0.154046 0.594608 0.205806 0.000519 0.045021
0 2 0.591024 0.176212 0.202135 0.003790 0.026839
2 2 0.035434 0.139137 0.812097 0.006026 0.007306
2 2 0.007733 0.063730 0.904257 0.020010 0.004270
2 2 0.031439 0.237546 0.718136 0.002502 0.010377
2 2 0.275539 0.235853 0.472538 0.001882 0.014188
2 2 0.025065 0.140957 0.808558 0.015251 0.010169
2 2 0.010427 0.074121 0.905979 0.006222 0.003250
2 2 0.001436 0.027960 0.969042 0.000488 0.001074
2 2 0.014664 0.127065 0.853307 0.000099 0.004864
2 2 0.002315 0.002751 0.991790 0.003023 0.000122
2 2 0.000748 0.001828 0.923761 0.072951 0.000712
2 2 0.005514 0.004973 0.984449 0.002208 0.002855
2 2 0.001256 0.001915 0.992342 0.003181 0.001306
2 2 0.000958 0.002791 0.958677 0.036255 0.001318
2 2 0.000012 0.000677 0.997257 0.001899 0.000154
2 2 0.000532 0.007392 0.896308 0.094559 0.001209
2 2 0.000833 0.017995 0.951742 0.026479 0.002951
2 2 0.001868 0.008190 0.931854 0.056372 0.001715
2 3 0.000029 0.000346 0.670167 0.329433 0.000024
2 3 0.000507 0.001342 0.757992 0.239855 0.000303
3 3 0.000003 0.000124 0.149761 0.850061 0.000051
3 3 0.000656 0.000964 0.098128 0.899823 0.000429
3 3 0.000094 0.000976 0.155419 0.843260 0.000251
3 3 0.000016 0.000073 0.154297 0.845602 0.000013
3 3 0.000001 0.000080 0.098069 0.901834 0.000015
2 3 0.004942 0.017265 0.895043 0.081550 0.001200
2 2 0.016428 0.040111 0.921763 0.019075 0.002622
2 2 0.001292 0.087407 0.909706 0.000544 0.001052
0 0 0.587680 0.143115 0.245515 0.004563 0.019127
1 0 0.034691 0.637784 0.307032 0.000090 0.020403
0 0 0.608667 0.296553 0.088345 0.000006 0.006429
1 0 0.355350 0.491544 0.125103 0.000114 0.027890
0 1 0.449788 0.428815 0.098186 0.000072 0.023139
1 1 0.197186 0.453565 0.340799 0.000058 0.008392
2 0 0.112366 0.042132 0.836669 0.000016 0.008818
0 0 0.863691 0.106102 0.026922 0.000002 0.003283
0 0 0.892128 0.090213 0.013002 0.000005 0.004652
0 0 0.900312 0.069988 0.022132 0.000054 0.007514
0 0 0.666096 0.272962 0.055559 0.000003 0.005380
0 0 0.906986 0.073976 0.015172 0.000005 0.003860
0 0 0.796579 0.155535 0.040355 0.000014 0.007516
1 0 0.389515 0.485828 0.111327 0.000012 0.013317
0 0 0.651178 0.286778 0.051290 0.000011 0.010742
1 0 0.189001 0.613099 0.181421 0.000023 0.016456
1 1 0.175310 0.529493 0.285403 0.000030 0.009764
2 1 0.024326 0.186733 0.780188 0.001546 0.007207
2 1 0.014397 0.344859 0.633844 0.000269 0.006631
0 1 0.407600 0.385982 0.185387 0.000272 0.020759
0 0 0.967074 0.011811 0.019073 0.000118 0.001923
0 0 0.690282 0.129408 0.175072 0.000185 0.005052
0 0 0.944990 0.046472 0.004964 0.000006 0.003568
0 0 0.736383 0.222654 0.034827 0.000003 0.006133
0 0 0.870431 0.108852 0.017722 0.000001 0.002994
0 0 0.666875 0.265775 0.063312 0.000002 0.004036
0 0 0.613419 0.312331 0.059516 0.000026 0.014708
0 0 0.976366 0.016571 0.004464 0.000019 0.002581
0 0 0.472506 0.424750 0.089969 0.000012 0.012762
0 0 0.949604 0.036139 0.010342 0.000019 0.003896
0 0 0.977404 0.018094 0.002798 0.000004 0.001700
0 0 0.967086 0.022830 0.007178 0.000017 0.002889
0 1 0.440168 0.424093 0.101541 0.000229 0.033968
1 1 0.416145 0.428529 0.136940 0.000082 0.018305
0 0 0.997170 0.000873 0.001397 0.000049 0.000511
0 0 0.974676 0.006836 0.016158 0.000315 0.002016
0 0 0.934043 0.019451 0.044980 0.000140 0.001385
0 0 0.959562 0.035088 0.003968 0.000001 0.001381
0 0 0.497223 0.400828 0.085302 0.000028 0.016618
0 0 0.502177 0.392640 0.084833 0.000053 0.020297
0 0 0.742531 0.008185 0.244824 0.003238 0.001222
2 0 0.010421 0.050897 0.932308 0.004692 0.001681
1 1 0.246452 0.582367 0.157063 0.000014 0.014104
1 1 0.078661 0.570232 0.345344 0.000007 0.005757
2 2 0.023338 0.398425 0.554985 0.002334 0.020918
2 2 0.117706 0.326677 0.537712 0.001218 0.016687
0 0 0.856201 0.060578 0.078118 0.000223 0.004880
0 0 0.873056 0.057117 0.064712 0.000175 0.004939
0 0 0.819181 0.085808 0.077134 0.001171 0.016706
0 0 0.830472 0.066770 0.095144 0.000578 0.007037
0 0 0.920479 0.026454 0.050232 0.000325 0.002510
0 0 0.641444 0.095221 0.252384 0.001952 0.008999
0 0 0.860761 0.057151 0.076164 0.000401 0.005524
0 0 0.745937 0.197721 0.045856 0.000040 0.010446
0 0 0.587984 0.309953 0.092518 0.000010 0.009534
0 0 0.849668 0.128258 0.017206 0.000003 0.004865
0 0 0.576066 0.334677 0.068141 0.000070 0.021046
0 0 0.896198 0.068231 0.027820 0.000105 0.007646
1 0 0.347045 0.522788 0.120673 0.000004 0.009490
0 0 0.583076 0.302308 0.110923 0.000002 0.003692
1 0 0.169480 0.612218 0.194175 0.000075 0.024053
1 0 0.436598 0.451007 0.099028 0.000013 0.013353
0 0 0.916727 0.067620 0.011927 0.000005 0.003721
1 0 0.403004 0.475458 0.107864 0.000014 0.013661
0 1 0.601519 0.319577 0.062250 0.000037 0.016618
0 1 0.632988 0.287755 0.056226 0.000108 0.022923
0 0 0.893581 0.048059 0.055724 0.000039 0.002597
0 0 0.975121 0.020909 0.002468 0.000002 0.001500
0 0 0.768648 0.168388 0.055984 0.000014 0.006967
0 0 0.434419 0.387130 0.165663 0.000074 0.012715
0 0 0.933778 0.056758 0.006221 0.000003 0.003240
0 1 0.738659 0.201823 0.054731 0.000007 0.004781
0 1 0.982920 0.013351 0.002704 0.000002 0.001024
0 1 0.635277 0.282853 0.077454 0.000003 0.004413
2 1 0.273141 0.098932 0.611901 0.007503 0.008523
2 0 0.176561 0.241869 0.567137 0.001201 0.013232
0 0 0.862292 0.109393 0.020062 0.000026 0.008227
1 0 0.222225 0.539919 0.212111 0.000192 0.025553
1 1 0.311945 0.515145 0.155886 0.000040 0.016985
0 0 0.900140 0.058933 0.032022 0.000132 0.008773
0 0 0.856117 0.007216 0.124844 0.009308 0.002515
0 0 0.955534 0.033033 0.007705 0.000017 0.003712
0 1 0.448567 0.360859 0.157536 0.000669 0.032368
2 2 0.010031 0.023034 0.922072 0.042727 0.002137
2 2 0.000774 0.003352 0.987574 0.008016 0.000285
2 2 0.029748 0.009137 0.954949 0.003588 0.002579
2 2 0.010224 0.028271 0.907225 0.051803 0.002478
2 2 0.000269 0.011749 0.984834 0.002761 0.000386
2 2 0.008655 0.064791 0.912732 0.010318 0.003503
2 2 0.000662 0.003835 0.993452 0.001856 0.000194
1 1 0.315289 0.492549 0.176087 0.000055 0.016020
1 1 0.135587 0.521240 0.311232 0.000854 0.031088
2 2 0.026322 0.389948 0.569144 0.000392 0.014194
2 2 0.009390 0.099196 0.881725 0.001045 0.008644
2 2 0.000663 0.009353 0.989728 0.000132 0.000124
2 2 0.004159 0.002980 0.991576 0.001023 0.000261
2 2 0.011544 0.007589 0.977523 0.000828 0.002515
2 2 0.045333 0.007098 0.921257 0.025664 0.000648
2 2 0.005769 0.006184 0.986760 0.000872 0.000414
2 2 0.006076 0.009161 0.979276 0.004278 0.001209
2 2 0.002093 0.018848 0.965698 0.011588 0.001772
2 2 0.000395 0.001668 0.993777 0.004099 0.000061
2 2 0.000037 0.001502 0.955655 0.042716 0.000089
2 2 0.000008 0.000559 0.996950 0.002455 0.000028
2 2 0.030510 0.039545 0.921245 0.006839 0.001861
2 2 0.001071 0.003661 0.992644 0.002531 0.000093
2 2 0.000002 0.000034 0.998486 0.001478 0.000000
2 2 0.000711 0.002182 0.988747 0.007629 0.000731
2 2 0.000587 0.001563 0.828709 0.168721 0.000421
2 2 0.000007 0.000043 0.721629 0.278290 0.000030
2 2 0.000188 0.000747 0.962708 0.034104 0.002252
2 2 0.000465 0.005652 0.935989 0.056098 0.001798
2 2 0.013130 0.012081 0.877236 0.043544 0.054009
2 2 0.000424 0.005176 0.964931 0.016025 0.013444
2 2 0.000117 0.001509 0.994750 0.000822 0.002802
2 2 0.001919 0.006671 0.956574 0.003308 0.031528
2 2 0.000010 0.000409 0.999105 0.000289 0.000188
2 2 0.000186 0.001385 0.996260 0.000164 0.002005
2 2 0.000021 0.000078 0.999645 0.000054 0.000203
2 2 0.000194 0.002027 0.992016 0.002678 0.003086
2 2 0.003638 0.047509 0.630646 0.002680 0.315528
2 2 0.004837 0.113444 0.831837 0.000060 0.049823
2 2 0.004333 0.026090 0.955666 0.000371 0.013540
2 2 0.000006 0.000813 0.998641 0.000420 0.000120
2 2 0.008768 0.114204 0.586017 0.000038 0.290973
2 2 0.006073 0.117719 0.453168 0.000031 0.423008
4 2 0.028936 0.231766 0.244199 0.000032 0.495066
0 2 0.545197 0.223710 0.079981 0.000025 0.151088
1 0 0.297849 0.401531 0.265902 0.002268 0.032450
0 1 0.366740 0.336734 0.262732 0.000517 0.033276
2 2 0.051641 0.135194 0.741114 0.030811 0.041240
2 2 0.041429 0.134625 0.527348 0.001148 0.295450
0 1 0.719452 0.187681 0.058876 0.000383 0.033608
2 1 0.244740 0.334155 0.349515 0.000284 0.071306
2 2 0.004983 0.055986 0.915723 0.001284 0.022024
2 2 0.000073 0.001191 0.995899 0.002613 0.000225
2 2 0.003578 0.043620 0.945686 0.000452 0.006664
4 2 0.043525 0.061099 0.353683 0.000014 0.541679
2 2 0.000849 0.028284 0.776567 0.000016 0.194284
2 2 0.001379 0.008234 0.956408 0.000309 0.033669
2 2 0.015002 0.037747 0.842815 0.000092 0.104343
2 2 0.000149 0.000807 0.997060 0.000143 0.001840
2 2 0.000270 0.003553 0.969331 0.000071 0.026774
2 2 0.000201 0.001184 0.993711 0.000102 0.004802
2 2 0.000839 0.001209 0.988528 0.003219 0.006204
2 2 0.001125 0.005910 0.983290 0.002356 0.007319
2 2 0.043269 0.016691 0.872217 0.003251 0.064573
2 2 0.000208 0.000542 0.945693 0.053212 0.000346
2 2 0.000225 0.001473 0.974865 0.022831 0.000605
2 2 0.007137 0.009655 0.961983 0.016798 0.004428
2 3 0.002927 0.013502 0.943421 0.024329 0.015821
2 3 0.000070 0.000260 0.593277 0.406077 0.000316
2 3 0.000217 0.001789 0.869771 0.126486 0.001737
3 3 0.000072 0.000672 0.279173 0.719873 0.000208
3 3 0.000873 0.002524 0.070494 0.924497 0.001612
3 3 0.000019 0.000699 0.368469 0.630252 0.000561
3 3 0.000146 0.000505 0.217982 0.781237 0.000130
3 3 0.008754 0.002525 0.130138 0.851508 0.007075
3 3 0.006090 0.002008 0.098592 0.889213 0.004097
3 3 0.000040 0.000049 0.009659 0.990184 0.000068
3 3 0.000027 0.000029 0.007379 0.992524 0.000041
3 3 0.000201 0.001143 0.075612 0.922532 0.000512
3 3 0.000337 0.000109 0.067401 0.931941 0.000212
3 3 0.000078 0.000232 0.109699 0.889879 0.000113
3 3 0.000074 0.000055 0.014986 0.984828 0.000057
3 3 0.000062 0.000071 0.013136 0.986613 0.000119
3 3 0.000021 0.000027 0.014255 0.985629 0.000069
3 3 0.000002 0.000004 0.005059 0.994932 0.000004
3 3 0.000001 0.000000 0.001029 0.998970 0.000001
3 3 0.000042 0.000041 0.015881 0.983993 0.000043
3 3 0.000141 0.000171 0.053395 0.946062 0.000231
3 3 0.000044 0.000061 0.021630 0.978105 0.000160
3 3 0.000088 0.000316 0.036069 0.963317 0.000209
3 3 0.000013 0.000004 0.001685 0.998285 0.000014
3 3 0.000397 0.000085 0.009527 0.989796 0.000196
3 3 0.001099 0.000296 0.008251 0.989339 0.001014
3 3 0.000776 0.000629 0.020559 0.977049 0.000987
3 3 0.000044 0.000125 0.022127 0.977611 0.000093
3 3 0.000005 0.000028 0.022071 0.977870 0.000026
3 3 0.001636 0.001240 0.025650 0.969473 0.002001
3 3 0.002194 0.002411 0.040614 0.951822 0.002959
3 3 0.013363 0.003339 0.026277 0.940689 0.016332
3 3 0.002113 0.000916 0.158879 0.837301 0.000791
3 3 0.000085 0.000060 0.009884 0.989820 0.000151
3 3 0.000044 0.000024 0.006541 0.993309 0.000083
3 3 0.000481 0.000207 0.009358 0.989438 0.000517
3 3 0.000154 0.000053 0.005010 0.994616 0.000167
3 3 0.000146 0.000203 0.018032 0.981393 0.000225
3 3 0.000205 0.000169 0.013357 0.985975 0.000295
3 3 0.000183 0.000152 0.014955 0.984479 0.000231
3 3 0.002726 0.001013 0.022214 0.971979 0.002069
3 3 0.000162 0.000045 0.008120 0.991580 0.000093
3 3 0.000073 0.000092 0.032993 0.966505 0.000336
3 3 0.000034 0.000087 0.029472 0.970288 0.000119
3 3 0.000021 0.000014 0.005763 0.994160 0.000041
3 3 0.000015 0.000011 0.004064 0.995890 0.000020
3 3 0.000084 0.000044 0.006484 0.993273 0.000116
3 3 0.000274 0.000238 0.021499 0.977687 0.000302
3 3 0.002174 0.001137 0.037317 0.954094 0.005278
3 3 0.000249 0.000143 0.011963 0.987250 0.000394
3 3 0.000449 0.000300 0.015462 0.983160 0.000629
3 3 0.000263 0.000144 0.019674 0.979123 0.000796
3 3 0.000826 0.000271 0.008897 0.989195 0.000811
3 3 0.002395 0.000626 0.030321 0.965699 0.000958
3 3 0.000089 0.000098 0.011990 0.987692 0.000131
3 3 0.000052 0.000018 0.003197 0.996677 0.000056
3 3 0.000111 0.000100 0.010722 0.988914 0.000153
3 3 0.014409 0.016284 0.259461 0.702956 0.006891
0 1 0.484861 0.134624 0.335467 0.019356 0.025691
0 1 0.863317 0.025219 0.059439 0.031838 0.020187
2 1 0.203793 0.148615 0.614362 0.014227 0.019003
2 1 0.040793 0.019409 0.890470 0.047481 0.001847
2 1 0.004454 0.004615 0.743757 0.246611 0.000563
2 1 0.002557 0.011331 0.953827 0.031632 0.000653
2 2 0.014175 0.005537 0.833994 0.145478 0.000815
2 2 0.018520 0.006505 0.720838 0.252729 0.001408
2 2 0.000470 0.008733 0.986586 0.003591 0.000620
2 2 0.000778 0.000866 0.982423 0.015884 0.000049
2 2 0.000329 0.004218 0.989894 0.005465 0.000093
2 2 0.000221 0.003546 0.915669 0.080372 0.000192
2 2 0.002442 0.012874 0.979298 0.004644 0.000742
2 2 0.007805 0.004297 0.916458 0.070802 0.000638
2 2 0.000338 0.000928 0.983703 0.014940 0.000091
2 2 0.065800 0.031099 0.859295 0.019414 0.024392
2 2 0.019791 0.007906 0.859170 0.106679 0.006453
2 2 0.001146 0.003947 0.834973 0.158295 0.001639
2 2 0.000615 0.004012 0.873951 0.112313 0.009110
2 3 0.003452 0.008415 0.831790 0.141885 0.014458
2 3 0.002082 0.010280 0.973883 0.012895 0.000861
2 3 0.000082 0.000667 0.792404 0.206803 0.000044
2 3 0.004944 0.003876 0.772102 0.218480 0.000598
2 3 0.004524 0.006825 0.936280 0.052025 0.000346
2 3 0.002632 0.002547 0.949957 0.044041 0.000823
2 3 0.000716 0.002856 0.970860 0.024204 0.001365
2 3 0.033166 0.018722 0.914619 0.019903 0.013590
2 1 0.001588 0.008014 0.980476 0.009381 0.000541
0 1 0.389436 0.209478 0.355731 0.011488 0.033867
2 1 0.058144 0.097184 0.838697 0.002377 0.003599
0 1 0.906173 0.023522 0.066734 0.000435 0.003136
2 2 0.078844 0.063806 0.838536 0.013685 0.005129
2 2 0.002719 0.004695 0.980168 0.012278 0.000139
2 2 0.002656 0.001197 0.974381 0.021717 0.000049
0 2 0.808209 0.015935 0.153703 0.017712 0.004440
2 2 0.136272 0.019271 0.800786 0.040519 0.003151
2 2 0.006524 0.010965 0.979715 0.002300 0.000496
2 2 0.000089 0.000659 0.949299 0.049893 0.000059
2 2 0.002283 0.005860 0.987135 0.003777 0.000945
2 2 0.004977 0.008615 0.976711 0.008293 0.001404
2 2 0.000168 0.000382 0.863550 0.135789 0.000111
2 2 0.000072 0.000201 0.927208 0.072248 0.000270
2 2 0.002582 0.013371 0.977606 0.002377 0.004063
2 2 0.053269 0.031640 0.890327 0.007187 0.017578
2 2 0.061624 0.023366 0.892778 0.002436 0.019796
2 2 0.250644 0.031379 0.660464 0.024640 0.032874
2 2 0.000025 0.000555 0.998051 0.001234 0.000135
2 0 0.000235 0.006282 0.992303 0.001081 0.000099
1 0 0.090646 0.622006 0.247047 0.000434 0.039868
2 1 0.010794 0.038018 0.948530 0.001828 0.000830
2 1 0.291873 0.060038 0.639837 0.004108 0.004144
2 2 0.097322 0.152124 0.734953 0.006153 0.009449
2 2 0.099489 0.081720 0.803461 0.001397 0.013932
2 2 0.072297 0.154707 0.748486 0.004711 0.019799
2 0 0.017563 0.033042 0.931351 0.015744 0.002301
2 0 0.355534 0.130523 0.505075 0.001988 0.006880
1 0 0.253244 0.386153 0.349475 0.000255 0.010872
2 1 0.007303 0.128524 0.862988 0.000181 0.001005
2 1 0.000589 0.003890 0.990257 0.005091 0.000173
2 2 0.040460 0.047489 0.903084 0.006760 0.002207
2 2 0.001289 0.005488 0.979828 0.013197 0.000197
2 2 0.000215 0.001279 0.998162 0.000282 0.000061
0 0 0.678516 0.245959 0.055930 0.000114 0.019481
0 1 0.571306 0.185163 0.235987 0.000210 0.007335
2 2 0.005044 0.077223 0.894612 0.017250 0.005872
2 2 0.000082 0.003873 0.995140 0.000840 0.000065
2 2 0.000342 0.000673 0.969499 0.029431 0.000054
2 2 0.002785 0.027599 0.955225 0.012346 0.002045
2 2 0.000172 0.003912 0.994626 0.001255 0.000036
2 2 0.017305 0.027287 0.951784 0.001811 0.001812
2 2 0.000006 0.000088 0.995124 0.004777 0.000005
2 2 0.000148 0.000993 0.989620 0.009213 0.000025
2 2 0.000009 0.000347 0.960603 0.039032 0.000008
2 2 0.000071 0.000362 0.981747 0.017785 0.000035
2 2 0.000025 0.000149 0.995283 0.004483 0.000061
2 2 0.001549 0.002169 0.992397 0.002287 0.001597
2 2 0.012164 0.002673 0.984221 0.000580 0.000361
2 2 0.000757 0.001556 0.996348 0.000625 0.000714
2 2 0.002070 0.000765 0.989378 0.006448 0.001339
2 2 0.000845 0.001822 0.995565 0.000410 0.001357
2 2 0.010851 0.031420 0.887701 0.000074 0.069954
2 2 0.004700 0.028439 0.930748 0.000211 0.035901
2 2 0.045518 0.057882 0.617754 0.005243 0.273604
2 2 0.139303 0.043236 0.534120 0.000765 0.282577
2 2 0.037667 0.044427 0.821791 0.000090 0.096025
4 2 0.108051 0.054073 0.176839 0.000254 0.660783
2 2 0.025175 0.079478 0.504315 0.000811 0.390222
4 4 0.052834 0.044022 0.237874 0.000223 0.665048
4 4 0.046340 0.025245 0.035464 0.000164 0.892787
0 4 0.576655 0.009813 0.006545 0.000002 0.406985
4 4 0.115797 0.010714 0.008427 0.000016 0.865047
4 4 0.106139 0.233643 0.279037 0.000043 0.381139
4 4 0.103296 0.198840 0.093686 0.000010 0.604169
4 4 0.253036 0.023151 0.019735 0.000011 0.704067
4 4 0.046009 0.034934 0.077035 0.001442 0.840579
0 4 0.557248 0.032523 0.109262 0.007918 0.293048
4 4 0.106939 0.059229 0.209116 0.006067 0.618650
4 4 0.033076 0.052372 0.351041 0.003980 0.559531
4 4 0.061634 0.090032 0.141668 0.000320 0.706347
4 4 0.052994 0.064649 0.099434 0.000488 0.782435
0 4 0.819789 0.025279 0.063497 0.000628 0.090807
2 4 0.295043 0.028175 0.501255 0.000016 0.175511
2 4 0.018868 0.005479 0.961707 0.000160 0.013785
2 4 0.037565 0.041851 0.487156 0.002124 0.431304
4 4 0.021167 0.082065 0.154292 0.000004 0.742472
2 4 0.027163 0.046862 0.849656 0.000421 0.075897
0 4 0.812388 0.024323 0.120108 0.000224 0.042958
4 4 0.156640 0.103761 0.104236 0.000307 0.635056
2 4 0.108648 0.085748 0.497782 0.000111 0.307711
4 4 0.013520 0.108740 0.117396 0.000014 0.760330
2 4 0.018437 0.341469 0.351770 0.000117 0.288207
2 4 0.001674 0.056248 0.894266 0.000315 0.047497
4 4 0.090654 0.066300 0.046010 0.000006 0.797029
4 4 0.418699 0.036515 0.030545 0.000159 0.514083
4 4 0.137347 0.069550 0.076491 0.000005 0.716607
4 4 0.190187 0.033541 0.029990 0.001033 0.745250
4 4 0.222793 0.009674 0.018053 0.000532 0.748948
4 4 0.040099 0.042405 0.063809 0.000368 0.853319
4 4 0.114963 0.009965 0.060998 0.004429 0.809644
4 4 0.043004 0.009429 0.106900 0.023784 0.816883
4 4 0.289747 0.091916 0.030481 0.000013 0.587843
2 4 0.155368 0.032544 0.738324 0.000050 0.073714
4 4 0.253380 0.136256 0.279141 0.000049 0.331175
4 4 0.049123 0.027079 0.009355 0.000007 0.914435
4 4 0.053928 0.169819 0.079616 0.000051 0.696586
4 4 0.060793 0.061975 0.059741 0.000316 0.817175
4 4 0.120081 0.040309 0.020185 0.000038 0.819386
4 4 0.450371 0.039725 0.034210 0.000939 0.474755
0 0 0.876703 0.089159 0.017830 0.000016 0.016291
2 1 0.013080 0.023863 0.941647 0.000163 0.021247
2 2 0.000677 0.020293 0.944188 0.000078 0.034764
2 2 0.007988 0.151039 0.452481 0.000016 0.388476
2 2 0.206623 0.211469 0.290962 0.000025 0.290921
2 2 0.311816 0.057339 0.558183 0.000012 0.072650
2 2 0.073752 0.152026 0.412846 0.000038 0.361338
2 2 0.020498 0.096472 0.793172 0.000000 0.089859
2 2 0.022172 0.055719 0.884919 0.000022 0.037167
2 2 0.007814 0.029640 0.943364 0.000273 0.018909
2 2 0.000097 0.002037 0.995472 0.002006 0.000388
2 2 0.002451 0.000757 0.994412 0.000078 0.002301
2 2 0.000489 0.001801 0.994001 0.000037 0.003672
2 2 0.000234 0.003676 0.991859 0.000421 0.003811
2 2 0.000045 0.000389 0.999014 0.000115 0.000437
2 2 0.000035 0.000332 0.998620 0.000253 0.000760
2 0 0.280233 0.054725 0.640159 0.020291 0.004593
0 0 0.877250 0.019133 0.099292 0.001401 0.002924
0 0 0.782504 0.066930 0.148405 0.000041 0.002120
0 0 0.468654 0.264625 0.245259 0.002669 0.018793
2 0 0.363619 0.219655 0.402386 0.000929 0.013412
0 0 0.964519 0.029101 0.003834 0.000005 0.002541
0 0 0.758727 0.093764 0.142693 0.000308 0.004508
0 0 0.989563 0.005519 0.003854 0.000013 0.001050
0 0 0.733387 0.146061 0.107558 0.000838 0.012156
0 0 0.551947 0.075304 0.274175 0.070894 0.027680
0 0 0.950222 0.029796 0.016912 0.000018 0.003052
0 0 0.953192 0.016591 0.025692 0.000490 0.004035
0 0 0.859566 0.035152 0.086921 0.002092 0.016269
0 0 0.701715 0.056938 0.218485 0.001194 0.021668
0 0 0.976691 0.008171 0.011780 0.000296 0.003062
0 0 0.756832 0.129387 0.102164 0.000294 0.011323
0 0 0.881531 0.029922 0.024760 0.001329 0.062458
4 0 0.256122 0.229946 0.177626 0.000681 0.335625
0 0 0.680050 0.071801 0.012095 0.000001 0.236054
0 0 0.989904 0.004235 0.001678 0.000000 0.004183
0 0 0.942070 0.009063 0.044080 0.002092 0.002695
0 0 0.788585 0.029119 0.036089 0.000685 0.145522
0 0 0.601983 0.166869 0.121714 0.000216 0.109218
0 0 0.815706 0.110361 0.024086 0.000018 0.049829
0 0 0.902648 0.081767 0.010142 0.000008 0.005434
0 0 0.720149 0.140109 0.127969 0.000277 0.011496
0 0 0.985995 0.005557 0.006499 0.000126 0.001823
0 0 0.715057 0.202223 0.077312 0.000020 0.005387
1 0 0.049527 0.508998 0.418138 0.000154 0.023183
0 0 0.942372 0.043463 0.010722 0.000003 0.003441
0 0 0.987459 0.001465 0.010245 0.000017 0.000814
0 0 0.995244 0.002890 0.001578 0.000001 0.000287
2 0 0.157745 0.139728 0.692972 0.000696 0.008860
2 1 0.048677 0.422574 0.495768 0.000169 0.032812
1 1 0.236710 0.485549 0.137137 0.000002 0.140602
2 1 0.046557 0.226435 0.702545 0.000004 0.024459
0 1 0.471249 0.181251 0.343374 0.000001 0.004125
1 1 0.106177 0.581950 0.215125 0.000020 0.096729
0 2 0.406452 0.376264 0.171213 0.000008 0.046063
1 2 0.344847 0.409917 0.199697 0.000153 0.045388
2 2 0.000546 0.011407 0.985073 0.001291 0.001682
2 2 0.166270 0.146593 0.605421 0.003989 0.077726
2 2 0.022128 0.172640 0.790956 0.001193 0.013082
1 2 0.050875 0.509208 0.336348 0.000016 0.103552
0 2 0.311889 0.311798 0.209473 0.000145 0.166695
2 2 0.002030 0.045218 0.939667 0.000646 0.012438
2 2 0.004287 0.051586 0.924894 0.000477 0.018756
2 2 0.028027 0.152355 0.752400 0.000118 0.067101
2 2 0.000687 0.006556 0.992029 0.000060 0.000667
2 2 0.000024 0.003876 0.995994 0.000018 0.000088
2 2 0.002488 0.002474 0.992732 0.001334 0.000972
2 2 0.000169 0.006315 0.991010 0.001058 0.001448
2 2 0.001107 0.006652 0.990422 0.000109 0.001709
2 2 0.000024 0.000694 0.998963 0.000205 0.000114
2 2 0.009682 0.014752 0.965260 0.003750 0.006556
2 2 0.000022 0.000253 0.998438 0.001192 0.000094
2 2 0.000052 0.000926 0.997800 0.000264 0.000958
2 2 0.001939 0.010284 0.978916 0.000372 0.008489
2 2 0.000694 0.018195 0.978393 0.002138 0.000580
2 2 0.000009 0.000237 0.996020 0.003695 0.000038
2 2 0.000151 0.006291 0.988352 0.000850 0.004356
2 2 0.000117 0.000662 0.994293 0.004382 0.000546
2 2 0.000051 0.000286 0.999348 0.000202 0.000113
2 2 0.003838 0.001890 0.989673 0.002834 0.001766
2 2 0.008625 0.086518 0.863651 0.000197 0.041009
2 2 0.002946 0.002859 0.985933 0.003159 0.005104
2 2 0.000460 0.003153 0.990173 0.005568 0.000647
2 2 0.001180 0.003862 0.984114 0.009112 0.001732
2 2 0.001217 0.002611 0.910418 0.083569 0.002186
2 2 0.000032 0.000327 0.952009 0.047612 0.000020
2 3 0.000471 0.004066 0.804998 0.187698 0.002767
2 3 0.001687 0.012205 0.962389 0.021181 0.002539
2 3 0.000017 0.000030 0.893319 0.106629 0.000005
2 3 0.000447 0.002965 0.932085 0.063918 0.000585
2 3 0.000095 0.001464 0.553328 0.443865 0.001248
2 3 0.001659 0.006933 0.829698 0.159742 0.001969
3 3 0.000162 0.000448 0.123787 0.875464 0.000140
3 3 0.001319 0.000447 0.097694 0.900313 0.000228
3 3 0.000358 0.000803 0.079606 0.918717 0.000516
3 3 0.000090 0.000226 0.335881 0.663768 0.000035
3 3 0.000002 0.000127 0.484864 0.514992 0.000015
3 3 0.000012 0.000272 0.261914 0.737689 0.000113
3 3 0.000009 0.000367 0.255060 0.744527 0.000038
3 3 0.000099 0.000215 0.031160 0.968382 0.000143
3 3 0.001816 0.000753 0.101079 0.894749 0.001604
3 3 0.000115 0.000246 0.069739 0.929120 0.000780
3 3 0.000065 0.000239 0.074071 0.925073 0.000552
3 3 0.000079 0.000077 0.065257 0.934452 0.000135
3 3 0.000118 0.000153 0.024204 0.975390 0.000134
3 3 0.000201 0.000363 0.026182 0.972922 0.000331
3 3 0.000009 0.000086 0.099664 0.900129 0.000112
3 3 0.000006 0.000007 0.005945 0.994030 0.000013
3 3 0.000010 0.000014 0.006374 0.993585 0.000017
3 3 0.000468 0.000085 0.007617 0.991590 0.000241
3 3 0.004918 0.002435 0.053169 0.926304 0.013174
3 3 0.010861 0.006366 0.058889 0.904793 0.019091
3 3 0.000524 0.000862 0.034496 0.963296 0.000822
3 3 0.000023 0.000033 0.012173 0.987740 0.000030
3 3 0.000065 0.000058 0.014011 0.985700 0.000167
3 3 0.000128 0.000047 0.005018 0.994673 0.000133
3 3 0.000004 0.000022 0.015580 0.984382 0.000012
3 3 0.000011 0.000019 0.008297 0.991655 0.000019
3 3 0.005609 0.012543 0.159547 0.804400 0.017901
3 3 0.000289 0.000376 0.034859 0.963698 0.000778
3 3 0.000051 0.000085 0.016076 0.983710 0.000078
3 3 0.000201 0.000574 0.150454 0.848574 0.000196
3 3 0.000427 0.000762 0.034458 0.963664 0.000690
3 3 0.000316 0.001193 0.064159 0.933635 0.000697
3 3 0.000095 0.000067 0.014512 0.985248 0.000077
3 3 0.005200 0.001423 0.023023 0.966711 0.003642
3 3 0.000006 0.000016 0.020983 0.978989 0.000006
3 3 0.000047 0.000026 0.005174 0.994691 0.000062
3 3 0.000167 0.000085 0.035864 0.963824 0.000060
3 3 0.000008 0.000007 0.013686 0.986295 0.000005
3 3 0.000409 0.000349 0.031354 0.966701 0.001187
3 3 0.000625 0.000693 0.127993 0.869496 0.001191
3 3 0.022310 0.004211 0.321173 0.650740 0.001566
2 1 0.026232 0.169295 0.699171 0.084944 0.020359
2 1 0.026383 0.038550 0.896483 0.032790 0.005794
2 2 0.005476 0.024477 0.958979 0.003434 0.007634
2 2 0.001573 0.003774 0.946431 0.032404 0.015818
2 2 0.000026 0.000988 0.996848 0.000985 0.001153
2 2 0.000024 0.000942 0.998287 0.000639 0.000109
2 2 0.000164 0.000764 0.954268 0.044755 0.000050
2 2 0.000367 0.001826 0.989058 0.008337 0.000412
2 2 0.093947 0.026898 0.770566 0.104060 0.004530
2 2 0.013309 0.025742 0.948138 0.010319 0.002493
2 2 0.035346 0.023373 0.928132 0.009622 0.003526
2 2 0.008856 0.030860 0.947818 0.009281 0.003186
2 2 0.011810 0.038776 0.941503 0.005986 0.001925
2 2 0.008615 0.024241 0.935252 0.024637 0.007254
2 2 0.021476 0.025003 0.946658 0.005441 0.001423
2 2 0.000119 0.001507 0.959548 0.038734 0.000092
2 2 0.000442 0.002762 0.986977 0.009576 0.000243
2 2 0.023702 0.012855 0.959651 0.003375 0.000418
2 2 0.000367 0.000736 0.994676 0.004161 0.000060
2 2 0.000778 0.001382 0.996211 0.001510 0.000119
2 2 0.000375 0.001210 0.981864 0.016370 0.000181
2 2 0.000158 0.001396 0.985249 0.013092 0.000105
2 2 0.000364 0.000691 0.942598 0.055852 0.000495
2 2 0.003274 0.011438 0.982287 0.000697 0.002304
2 2 0.003960 0.007220 0.984247 0.003430 0.001144
2 2 0.013523 0.003788 0.980393 0.001323 0.000973
2 2 0.005200 0.002749 0.956872 0.034276 0.000904
2 2 0.002662 0.006995 0.955612 0.000694 0.034036
2 2 0.005186 0.000437 0.993158 0.000669 0.000550
2 2 0.322480 0.044697 0.612601 0.000544 0.019678
2 2 0.001323 0.011648 0.932600 0.000130 0.054300
2 2 0.000159 0.005208 0.988054 0.000010 0.006568
2 2 0.005758 0.012492 0.960024 0.000282 0.021444
2 2 0.000363 0.004592 0.976347 0.000135 0.018563
2 2 0.000248 0.030083 0.817980 0.000305 0.151385
2 2 0.002865 0.015773 0.953904 0.000190 0.027268
2 2 0.011189 0.008035 0.973052 0.000096 0.007628
2 2 0.004309 0.009238 0.975582 0.000070 0.010802
2 2 0.005101 0.022741 0.887518 0.000149 0.084491
2 2 0.007468 0.026988 0.882838 0.000341 0.082365
2 2 0.039686 0.037670 0.493501 0.000069 0.429075
2 2 0.013326 0.028723 0.813241 0.000306 0.144404
2 2 0.001249 0.046777 0.907431 0.000007 0.044535
0 2 0.401456 0.284733 0.272672 0.000111 0.041028
2 2 0.135933 0.086591 0.738029 0.000598 0.038849
2 2 0.013236 0.023891 0.903872 0.000439 0.058561
4 4 0.012994 0.025501 0.253163 0.003995 0.704347
4 4 0.264980 0.025292 0.030684 0.001432 0.677612
0 4 0.603616 0.008130 0.042983 0.005616 0.339655
4 4 0.202256 0.029443 0.035677 0.000441 0.732182
4 4 0.037843 0.054420 0.020677 0.000245 0.886815
0 4 0.454846 0.409184 0.096028 0.000123 0.039820
4 4 0.101000 0.355669 0.163904 0.000061 0.379366
4 4 0.047243 0.061927 0.216833 0.000479 0.673519
4 4 0.350176 0.037237 0.039891 0.001196 0.571500
0 4 0.516991 0.079130 0.055037 0.000264 0.348578
4 4 0.086902 0.176706 0.307421 0.000083 0.428888
2 4 0.111548 0.106626 0.482661 0.000005 0.299161
4 4 0.017953 0.009969 0.042351 0.000814 0.928913
4 4 0.052778 0.032931 0.114304 0.000070 0.799917
4 4 0.151628 0.100641 0.049379 0.002896 0.695455
4 4 0.128830 0.050232 0.043642 0.001285 0.776011
4 4 0.071269 0.053371 0.015569 0.000042 0.859749
4 4 0.253346 0.030808 0.027062 0.000000 0.688784
2 1 0.061286 0.166136 0.409810 0.000000 0.362767
2 1 0.192281 0.044407 0.511619 0.000020 0.251674
2 2 0.182623 0.062883 0.541051 0.000098 0.213345
4 2 0.093341 0.068254 0.329999 0.000011 0.508395
2 2 0.042426 0.023154 0.723253 0.000014 0.211153
4 2 0.032856 0.033703 0.229047 0.000001 0.704393
4 2 0.034470 0.040125 0.194592 0.000001 0.730811
4 2 0.180431 0.035731 0.036309 0.000017 0.747512
2 2 0.137695 0.058569 0.708955 0.000152 0.094630
2 2 0.007229 0.038051 0.794913 0.000106 0.159701
2 4 0.039871 0.018421 0.781619 0.005591 0.154499
2 4 0.012076 0.068342 0.542375 0.000809 0.376398
4 4 0.046718 0.089802 0.059908 0.000123 0.803449
4 4 0.043329 0.162723 0.069057 0.000010 0.724881
4 4 0.052944 0.052463 0.388113 0.000385 0.506094
4 4 0.263867 0.053244 0.018835 0.000015 0.664039
4 4 0.199357 0.094340 0.136928 0.000629 0.568746
4 4 0.007319 0.029995 0.078575 0.000357 0.883754
4 4 0.039016 0.021969 0.071305 0.003862 0.863847
4 4 0.324946 0.030328 0.057429 0.001156 0.586142
0 4 0.496257 0.012432 0.024864 0.000031 0.466416
4 4 0.110773 0.054205 0.061764 0.002817 0.770441
0 4 0.798150 0.109767 0.017211 0.000022 0.074850
0 4 0.530622 0.264353 0.068414 0.000307 0.136303
2 4 0.010694 0.093615 0.745389 0.000035 0.150268
2 4 0.030113 0.109884 0.608523 0.000068 0.251412
2 4 0.026503 0.113639 0.521252 0.002881 0.335725
4 4 0.107245 0.062180 0.079033 0.000092 0.751450
0 4 0.448730 0.063234 0.076490 0.000721 0.410825
2 4 0.228089 0.103731 0.566283 0.000452 0.101445
4 4 0.082452 0.328692 0.234069 0.000025 0.354762
4 4 0.010893 0.190550 0.173802 0.000037 0.624718
4 1 0.082591 0.066747 0.200096 0.000046 0.650519
2 0 0.073984 0.007112 0.915811 0.000937 0.002157
2 0 0.260746 0.155225 0.544134 0.000265 0.039630
0 1 0.393102 0.382413 0.100175 0.000001 0.124310
1 1 0.108638 0.321193 0.301588 0.000023 0.268559
2 1 0.001049 0.014133 0.934400 0.000053 0.050366
2 2 0.008978 0.029469 0.825406 0.000074 0.136073
2 2 0.000059 0.004067 0.987010 0.000204 0.008660
2 2 0.000208 0.001851 0.990931 0.001341 0.005669
2 2 0.000168 0.001129 0.997230 0.000101 0.001372
2 2 0.000022 0.005028 0.991080 0.000143 0.003728
2 2 0.014207 0.119100 0.702683 0.000013 0.163997
2 2 0.000042 0.001295 0.997378 0.000011 0.001274
2 2 0.007911 0.009322 0.906733 0.000671 0.075363
2 2 0.011474 0.009326 0.647437 0.000037 0.331726
2 2 0.000714 0.000805 0.994299 0.000125 0.004057
2 2 0.000064 0.001409 0.996727 0.001106 0.000694
2 2 0.003822 0.010272 0.934111 0.000188 0.051607
2 2 0.006608 0.011718 0.950408 0.001900 0.029366
2 2 0.000407 0.001176 0.995310 0.000086 0.003021
2 2 0.000012 0.000570 0.998869 0.000202 0.000347
2 2 0.000462 0.012618 0.984655 0.000333 0.001932
2 2 0.000148 0.005307 0.967102 0.000128 0.027315
2 2 0.008035 0.049540 0.552189 0.000068 0.390168
2 2 0.002069 0.032591 0.599231 0.000882 0.365227
2 2 0.014973 0.055322 0.727791 0.000360 0.201554
2 2 0.000243 0.010861 0.966794 0.000317 0.021784
0 2 0.479487 0.118180 0.311847 0.000002 0.090485
2 2 0.011138 0.096468 0.864032 0.000187 0.028174
2 2 0.000149 0.000920 0.998569 0.000068 0.000295
0 1 0.331943 0.330354 0.200118 0.008688 0.128897
2 2 0.197428 0.241618 0.514039 0.002807 0.044109
2 2 0.017964 0.037004 0.777437 0.000173 0.167423
2 2 0.025038 0.055545 0.784474 0.000014 0.134930
2 2 0.007697 0.058896 0.799758 0.000088 0.133561
2 2 0.026961 0.040421 0.827791 0.000267 0.104561
2 2 0.006274 0.078056 0.810703 0.000006 0.104960
2 2 0.008594 0.037923 0.723862 0.000401 0.229220
2 2 0.014389 0.043733 0.884686 0.000219 0.056972
2 2 0.025610 0.051736 0.665561 0.000045 0.257048
2 2 0.006027 0.103673 0.567715 0.000015 0.322570
2 2 0.000949 0.024367 0.943805 0.000030 0.030850
4 2 0.227160 0.153680 0.126886 0.000000 0.492274
0 2 0.834306 0.048401 0.044535 0.000000 0.072757
4 1 0.053851 0.263791 0.120201 0.000000 0.562157
2 1 0.009278 0.039067 0.940070 0.000431 0.011154
2 2 0.069043 0.180651 0.632478 0.000810 0.117019
2 2 0.006155 0.003969 0.979991 0.003128 0.006757
4 2 0.036884 0.019866 0.065944 0.000200 0.877106
4 2 0.025640 0.028485 0.197068 0.000255 0.748553
2 2 0.068732 0.035742 0.751668 0.000130 0.143728
2 2 0.004429 0.014942 0.945522 0.000016 0.035091
2 2 0.023613 0.027178 0.871109 0.001139 0.076961
2 2 0.000141 0.001467 0.991171 0.000014 0.007208
2 2 0.002052 0.000313 0.986084 0.005194 0.006357
2 2 0.001706 0.006386 0.975470 0.000019 0.016419
2 2 0.000096 0.000830 0.996939 0.000211 0.001925
2 2 0.005503 0.049872 0.863232 0.000057 0.081337
2 2 0.000214 0.001401 0.995279 0.000027 0.003078
2 2 0.009823 0.007972 0.968390 0.000150 0.013665
2 2 0.000044 0.000485 0.995475 0.002025 0.001971
2 2 0.000017 0.000124 0.997454 0.001245 0.001158
2 2 0.003085 0.016446 0.950484 0.000960 0.029024
2 2 0.008122 0.012941 0.946719 0.003550 0.028668
2 2 0.021458 0.051583 0.518334 0.000075 0.408550
2 2 0.001017 0.025237 0.765977 0.000409 0.207361
2 2 0.001093 0.023555 0.932260 0.000061 0.043030
2 2 0.101276 0.025804 0.852828 0.006646 0.013446
2 1 0.168944 0.394373 0.408601 0.003019 0.025063
2 1 0.001886 0.016631 0.949802 0.005418 0.026263
2 2 0.000060 0.001462 0.994408 0.000080 0.003990
2 2 0.000599 0.014131 0.963652 0.000075 0.021544
2 2 0.000343 0.005315 0.981581 0.000208 0.012553
2 2 0.000863 0.026568 0.908682 0.000004 0.063883
2 2 0.000389 0.017060 0.955159 0.000117 0.027275
2 2 0.000168 0.007345 0.983370 0.000124 0.008993
2 4 0.009073 0.034377 0.554628 0.000352 0.401570
2 4 0.025826 0.035577 0.863100 0.000016 0.075481
2 4 0.009536 0.006719 0.960913 0.001393 0.021439
2 4 0.034234 0.061579 0.652386 0.000558 0.251243
4 4 0.237571 0.053204 0.113108 0.000075 0.596041
4 4 0.074150 0.008073 0.231547 0.000159 0.686071
0 4 0.519465 0.013554 0.020796 0.000421 0.445765
4 4 0.295411 0.081600 0.072104 0.000040 0.550845
0 4 0.952547 0.028365 0.002432 0.000000 0.016656
4 1 0.320747 0.156856 0.158633 0.000000 0.363765
0 1 0.908642 0.006460 0.066416 0.000007 0.018475
4 1 0.013895 0.062938 0.067212 0.000003 0.855952
2 1 0.191006 0.318469 0.365958 0.000002 0.124565
2 2 0.007551 0.189206 0.722497 0.000059 0.080687
2 2 0.013231 0.065831 0.851273 0.001139 0.068526
2 2 0.164741 0.100545 0.670152 0.000215 0.064348
2 2 0.002507 0.002916 0.986693 0.000068 0.007817
2 2 0.001064 0.027047 0.916279 0.000038 0.055571
2 2 0.000405 0.001358 0.980026 0.000652 0.017558
2 2 0.001201 0.002050 0.985922 0.001044 0.009782
2 2 0.001880 0.007483 0.968839 0.000041 0.021757
2 2 0.005852 0.002400 0.975955 0.001261 0.014532
2 2 0.062050 0.047161 0.869083 0.000301 0.021404
2 2 0.005601 0.047589 0.936274 0.000009 0.010527
2 2 0.000890 0.004239 0.984601 0.000570 0.009700
2 2 0.017745 0.004423 0.969336 0.000585 0.007911
2 2 0.000182 0.001097 0.988333 0.008812 0.001575
2 2 0.004159 0.011688 0.966307 0.001379 0.016467
2 2 0.000748 0.004181 0.988495 0.002723 0.003853
2 2 0.000211 0.000422 0.996683 0.002075 0.000608
2 2 0.000150 0.001133 0.996211 0.001478 0.001027
2 2 0.000497 0.001008 0.995299 0.000156 0.003039
