0 0 0.882793 0.071226 0.039797 0.000883 0.005302
0 0 0.751475 0.138250 0.083759 0.004626 0.021891
0 0 0.807627 0.082143 0.032755 0.001139 0.076337
0 0 0.753874 0.122306 0.027865 0.000012 0.095943
0 0 0.552602 0.146214 0.034166 0.000073 0.266945
4 0 0.169347 0.234542 0.082016 0.000356 0.513739
4 0 0.167350 0.240108 0.081309 0.000128 0.511106
4 0 0.113877 0.086997 0.043863 0.007100 0.748163
4 0 0.317774 0.145596 0.043987 0.000426 0.492217
4 0 0.391635 0.156311 0.041128 0.000186 0.410739
4 1 0.373394 0.154091 0.041923 0.000228 0.430363
1 1 0.042533 0.348877 0.220279 0.040286 0.348025
2 2 0.003597 0.060728 0.710262 0.208549 0.016864
3 2 0.007541 0.040811 0.336922 0.606204 0.008521
2 2 0.066558 0.145077 0.752768 0.021429 0.014168
4 2 0.215794 0.227524 0.132201 0.061110 0.363371
2 2 0.126266 0.026729 0.441598 0.399053 0.006354
2 2 0.205783 0.056958 0.718608 0.017465 0.001185
2 2 0.001840 0.002182 0.554597 0.441363 0.000017
0 2 0.841677 0.028588 0.103619 0.002454 0.023662
2 2 0.164264 0.211435 0.521885 0.015790 0.086625
2 2 0.125987 0.050484 0.818252 0.003676 0.001602
0 2 0.515055 0.039780 0.430855 0.012145 0.002165
2 2 0.434313 0.049996 0.483158 0.001980 0.030553
0 1 0.994117 0.003270 0.001296 0.000009 0.001307
0 1 0.784414 0.129047 0.033994 0.000204 0.052340
1 1 0.041334 0.681287 0.189314 0.040865 0.047199
3 1 0.005773 0.012911 0.055829 0.918007 0.007480
3 0 0.003632 0.002886 0.223985 0.769488 0.000009
0 0 0.996979 0.000044 0.002970 0.000007 0.000000
0 1 0.999949 0.000000 0.000050 0.000001 0.000000
0 1 0.987691 0.004217 0.002902 0.005183 0.000007
1 0 0.248875 0.420139 0.105704 0.001587 0.223695
4 0 0.047437 0.248831 0.136948 0.007085 0.559699
4 0 0.118194 0.177822 0.074844 0.000583 0.628556
4 0 0.032816 0.077616 0.057281 0.012679 0.819607
4 1 0.038050 0.073500 0.052605 0.014803 0.821043
4 1 0.029407 0.229049 0.147028 0.009609 0.584906
1 1 0.022331 0.485090 0.240270 0.002534 0.249774
1 2 0.006402 0.693248 0.261302 0.000731 0.038316
4 2 0.003714 0.221726 0.361750 0.009996 0.402814
2 2 0.004439 0.063585 0.900246 0.000251 0.031480
2 2 0.003800 0.039363 0.948967 0.002233 0.005636
2 2 0.000219 0.031454 0.926791 0.040833 0.000703
2 2 0.000461 0.003266 0.995334 0.000774 0.000165
2 2 0.000263 0.002003 0.987974 0.009698 0.000062
2 2 0.001374 0.010919 0.978214 0.008277 0.001216
2 2 0.001837 0.008042 0.955794 0.033123 0.001205
2 2 0.000004 0.000534 0.993070 0.006388 0.000004
3 2 0.000004 0.000067 0.237809 0.762118 0.000001
2 2 0.000051 0.004283 0.880070 0.115255 0.000341
3 2 0.000118 0.000108 0.285002 0.714767 0.000006
3 2 0.000001 0.000016 0.067458 0.932524 0.000000
3 2 0.000038 0.000532 0.381838 0.617582 0.000009
2 3 0.010230 0.018000 0.643560 0.324721 0.003490
2 3 0.006724 0.018793 0.876377 0.096023 0.002083
2 3 0.000062 0.006608 0.781139 0.211975 0.000215
3 3 0.000051 0.000446 0.146072 0.853323 0.000109
3 3 0.000122 0.000787 0.105751 0.893249 0.000092
2 3 0.000921 0.006956 0.739876 0.251532 0.000714
2 3 0.000937 0.017302 0.875345 0.105686 0.000728
3 3 0.000008 0.000408 0.261445 0.738113 0.000025
3 3 0.000035 0.000288 0.032025 0.967613 0.000039
3 3 0.000346 0.003562 0.143241 0.851662 0.001190
3 3 0.000007 0.000447 0.195808 0.803734 0.000005
3 3 0.000001 0.000299 0.109255 0.890438 0.000007
2 3 0.000895 0.024786 0.660507 0.312765 0.001047
3 3 0.000011 0.001593 0.286584 0.711754 0.000058
3 3 0.000055 0.000361 0.014535 0.985017 0.000032
3 3 0.000136 0.000318 0.016167 0.983345 0.000034
3 3 0.000389 0.001966 0.100206 0.896833 0.000605
3 3 0.000201 0.001064 0.024890 0.973676 0.000169
3 3 0.000393 0.000791 0.029251 0.969333 0.000232
3 3 0.001607 0.000994 0.028335 0.968509 0.000554
3 3 0.000176 0.000922 0.060694 0.937933 0.000276
3 3 0.000055 0.001614 0.122759 0.875413 0.000159
3 3 0.000008 0.000170 0.028883 0.970933 0.000006
3 3 0.000001 0.000072 0.041525 0.958399 0.000003
3 3 0.000556 0.003500 0.100258 0.894324 0.001362
3 3 0.000071 0.000571 0.080178 0.919065 0.000114
3 3 0.000246 0.000589 0.028347 0.970668 0.000150
3 3 0.001993 0.001119 0.038479 0.957582 0.000827
3 3 0.000142 0.000478 0.020644 0.978666 0.000070
3 3 0.000080 0.000239 0.014630 0.985020 0.000031
3 3 0.015134 0.014338 0.066163 0.900957 0.003408
3 3 0.000094 0.000422 0.023656 0.975777 0.000051
3 3 0.000046 0.001070 0.042010 0.956764 0.000110
3 3 0.000002 0.000144 0.061183 0.938661 0.000009
3 3 0.000007 0.000108 0.036498 0.963377 0.000010
3 3 0.000062 0.000542 0.055554 0.943732 0.000110
3 3 0.000017 0.000588 0.062291 0.937043 0.000062
3 3 0.000090 0.000521 0.036567 0.962746 0.000076
3 3 0.002579 0.005607 0.026593 0.963447 0.001774
3 3 0.000266 0.001582 0.044556 0.953386 0.000211
3 3 0.000316 0.000471 0.053233 0.945877 0.000102
3 3 0.001068 0.003007 0.035426 0.959545 0.000954
3 3 0.000080 0.001223 0.093061 0.905472 0.000164
3 3 0.000002 0.000153 0.034832 0.965009 0.000005
3 3 0.000116 0.001739 0.061349 0.936650 0.000147
3 3 0.000003 0.000089 0.015122 0.984784 0.000002
3 3 0.003146 0.007705 0.077307 0.909489 0.002353
3 2 0.132779 0.120916 0.179135 0.546332 0.020838
4 1 0.125309 0.327919 0.133410 0.012248 0.401113
4 2 0.021704 0.117622 0.231418 0.007750 0.621507
4 2 0.194783 0.119677 0.046926 0.001761 0.636853
0 1 0.420204 0.058082 0.048750 0.060424 0.412540
0 1 0.798149 0.069508 0.044808 0.021916 0.065618
0 1 0.495944 0.254311 0.114516 0.026840 0.108389
4 1 0.274514 0.182516 0.055303 0.000226 0.487441
1 2 0.006540 0.610688 0.300745 0.010507 0.071520
0 2 0.386970 0.237292 0.270924 0.006624 0.098189
2 2 0.006958 0.061161 0.761128 0.024909 0.145843
1 2 0.029373 0.372047 0.349430 0.003438 0.245712
2 2 0.010904 0.276113 0.460113 0.002262 0.250609
2 2 0.006740 0.304610 0.546665 0.000005 0.141979
2 2 0.000618 0.006004 0.979361 0.012925 0.001093
3 2 0.021950 0.048810 0.450697 0.474209 0.004334
2 2 0.001930 0.013043 0.983836 0.000213 0.000978
2 2 0.026939 0.302594 0.563703 0.001968 0.104796
2 2 0.001087 0.150571 0.806245 0.013610 0.028488
2 2 0.003703 0.106400 0.859554 0.000581 0.029763
2 2 0.015744 0.146084 0.667913 0.050832 0.119427
1 2 0.058624 0.351195 0.222218 0.115755 0.252209
2 2 0.013023 0.192140 0.450403 0.014824 0.329610
2 2 0.003717 0.031984 0.613130 0.336885 0.014283
2 2 0.007284 0.166433 0.814901 0.000472 0.010910
2 2 0.000013 0.019654 0.978344 0.001371 0.000618
2 2 0.000062 0.026461 0.971839 0.000186 0.001452
2 2 0.008214 0.047458 0.940046 0.003372 0.000910
2 2 0.007463 0.032781 0.959038 0.000244 0.000475
2 2 0.002568 0.084987 0.874489 0.014173 0.023784
2 2 0.000113 0.009327 0.958494 0.030001 0.002066
2 2 0.000758 0.063056 0.801966 0.015218 0.119002
2 2 0.000191 0.005225 0.750760 0.241125 0.002699
2 2 0.000005 0.001633 0.970539 0.027665 0.000158
2 2 0.000028 0.019870 0.974569 0.002017 0.003516
2 2 0.000733 0.031419 0.911911 0.004802 0.051136
2 2 0.000129 0.011752 0.851943 0.131099 0.005077
2 2 0.000341 0.046066 0.904410 0.029389 0.019794
2 2 0.001849 0.191095 0.647918 0.038178 0.120961
2 2 0.000860 0.060462 0.916322 0.004338 0.018018
2 2 0.000345 0.002447 0.995302 0.001747 0.000160
2 2 0.018087 0.091234 0.845439 0.000777 0.044463
2 2 0.000492 0.018643 0.965576 0.008807 0.006481
2 2 0.000183 0.000612 0.949350 0.049806 0.000050
2 2 0.000000 0.000251 0.820080 0.179663 0.000005
2 2 0.004301 0.041081 0.505168 0.408928 0.040521
3 2 0.000016 0.004223 0.481446 0.513952 0.000364
2 2 0.000002 0.000050 0.969395 0.030553 0.000000
2 2 0.000115 0.002162 0.743797 0.253879 0.000047
2 2 0.000111 0.001067 0.976042 0.022751 0.000029
2 2 0.000288 0.005360 0.991376 0.002357 0.000619
3 2 0.000139 0.000262 0.067139 0.932338 0.000122
2 2 0.018081 0.063479 0.586091 0.058352 0.273995
2 2 0.003973 0.021276 0.946877 0.018168 0.009706
2 2 0.000083 0.000831 0.936855 0.062090 0.000142
2 2 0.000646 0.005759 0.936377 0.056219 0.001000
2 2 0.001199 0.010311 0.974994 0.011616 0.001880
2 2 0.078313 0.113735 0.600907 0.074984 0.132062
3 2 0.024064 0.060281 0.246651 0.602504 0.066500
2 2 0.000001 0.000143 0.963522 0.036334 0.000000
2 2 0.000097 0.001276 0.825194 0.173328 0.000105
2 2 0.000096 0.000858 0.982737 0.016305 0.000003
3 2 0.007104 0.005445 0.342474 0.644652 0.000325
3 2 0.000418 0.001752 0.212156 0.785127 0.000548
3 2 0.000076 0.000726 0.122220 0.876820 0.000158
3 2 0.000001 0.000056 0.108481 0.891462 0.000000
3 2 0.000012 0.000220 0.382157 0.617610 0.000001
3 3 0.000164 0.001037 0.068644 0.929845 0.000310
3 3 0.001365 0.004172 0.148763 0.844492 0.001207
3 3 0.000952 0.003421 0.186040 0.808414 0.001172
3 3 0.000008 0.000144 0.115406 0.884423 0.000019
2 3 0.001086 0.000520 0.699923 0.298463 0.000008
3 3 0.001643 0.003178 0.126560 0.868025 0.000594
3 3 0.000190 0.000347 0.052687 0.946704 0.000071
3 3 0.000800 0.002065 0.155839 0.840467 0.000829
3 3 0.000011 0.000102 0.014188 0.985693 0.000005
3 3 0.000061 0.000377 0.036615 0.962881 0.000066
3 3 0.001662 0.003492 0.067371 0.925617 0.001858
3 3 0.000074 0.000375 0.014722 0.984791 0.000039
3 3 0.000086 0.002336 0.184030 0.812998 0.000549
3 3 0.000064 0.000382 0.035927 0.963560 0.000067
3 3 0.000000 0.000007 0.009658 0.990334 0.000000
3 3 0.001249 0.008125 0.102905 0.884001 0.003720
3 3 0.008071 0.012762 0.061233 0.908353 0.009580
3 3 0.001136 0.009372 0.092309 0.893447 0.003737
3 3 0.009382 0.008488 0.118090 0.852200 0.011841
3 3 0.000156 0.000975 0.053429 0.945198 0.000242
3 3 0.000693 0.010294 0.133075 0.852071 0.003866
3 3 0.011786 0.005692 0.062279 0.916147 0.004096
3 3 0.024655 0.052201 0.242331 0.576826 0.103987
3 3 0.005490 0.009170 0.071862 0.906230 0.007249
3 3 0.004025 0.002163 0.012273 0.980759 0.000780
3 3 0.003478 0.002227 0.036526 0.956194 0.001575
3 3 0.000857 0.005314 0.031834 0.960922 0.001073
3 3 0.012491 0.011528 0.048289 0.918004 0.009688
3 3 0.000840 0.004484 0.050841 0.942806 0.001029
3 3 0.000926 0.002278 0.120590 0.874827 0.001379
3 3 0.001936 0.010225 0.164766 0.814710 0.008363
3 3 0.000039 0.000541 0.053976 0.945386 0.000058
3 3 0.018995 0.154572 0.168926 0.452716 0.204791
3 3 0.000353 0.002189 0.045700 0.951232 0.000526
3 3 0.000073 0.000196 0.024535 0.975157 0.000038
3 3 0.000005 0.000094 0.016929 0.982967 0.000004
3 3 0.000172 0.000866 0.029629 0.969177 0.000157
3 3 0.004867 0.003681 0.048605 0.939779 0.003068
3 3 0.001431 0.005570 0.030316 0.961277 0.001406
3 3 0.002293 0.016976 0.067764 0.906971 0.005996
3 3 0.000352 0.002436 0.065153 0.931337 0.000722
3 3 0.005926 0.001808 0.009379 0.982161 0.000725
3 3 0.021672 0.076977 0.118698 0.703310 0.079344
3 3 0.001134 0.000851 0.013386 0.984380 0.000249
3 3 0.002083 0.006966 0.062414 0.925247 0.003290
3 3 0.001193 0.006097 0.086806 0.903018 0.002886
3 3 0.000013 0.000085 0.007969 0.991928 0.000004
3 3 0.001899 0.002054 0.072227 0.922041 0.001779
3 3 0.022231 0.014296 0.063502 0.881413 0.018560
3 3 0.000227 0.004831 0.115015 0.879120 0.000807
3 3 0.000099 0.000620 0.028015 0.971172 0.000093
3 3 0.008068 0.009138 0.108794 0.864680 0.009321
3 3 0.000114 0.000265 0.022796 0.976781 0.000044
3 3 0.000050 0.000157 0.014566 0.985208 0.000019
3 3 0.000557 0.009943 0.154206 0.832481 0.002813
3 3 0.002576 0.016967 0.164849 0.806247 0.009361
3 3 0.000428 0.000913 0.039666 0.958737 0.000256
3 3 0.002025 0.006059 0.077712 0.910673 0.003531
3 3 0.003207 0.006054 0.033455 0.954830 0.002454
3 3 0.009724 0.032391 0.058338 0.882098 0.017450
3 3 0.000039 0.000303 0.007419 0.992225 0.000015
3 3 0.000002 0.000060 0.012641 0.987295 0.000002
3 3 0.000013 0.000109 0.033193 0.966671 0.000014
3 3 0.011957 0.026700 0.142947 0.782796 0.035600
3 3 0.005647 0.007212 0.039731 0.943239 0.004171
3 3 0.003789 0.001624 0.026813 0.966660 0.001115
3 3 0.047540 0.025558 0.055741 0.862889 0.008272
1 2 0.019067 0.526989 0.437120 0.004886 0.011938
2 2 0.010978 0.360738 0.552721 0.011223 0.064340
3 2 0.088196 0.184005 0.215553 0.313093 0.199153
2 2 0.043329 0.252883 0.463618 0.010764 0.229406
2 2 0.010046 0.134777 0.673541 0.019767 0.161869
2 2 0.033085 0.152470 0.717983 0.063250 0.033212
2 2 0.017287 0.307640 0.662819 0.000368 0.011885
2 2 0.003064 0.068972 0.919765 0.003125 0.005075
2 2 0.000257 0.111095 0.877140 0.002065 0.009443
2 2 0.005664 0.159173 0.822237 0.003549 0.009377
2 2 0.000359 0.127984 0.738016 0.113248 0.020392
2 2 0.006066 0.446867 0.465407 0.002311 0.079349
2 2 0.000037 0.056793 0.926364 0.014373 0.002432
2 2 0.000437 0.044210 0.621146 0.317350 0.016856
2 4 0.001148 0.093280 0.745439 0.027814 0.132319
2 4 0.000226 0.065296 0.894467 0.000209 0.039802
2 4 0.002172 0.094037 0.700592 0.051720 0.151479
2 4 0.000289 0.097627 0.871093 0.000592 0.030400
2 4 0.001569 0.254989 0.406164 0.000044 0.337234
4 4 0.004459 0.136723 0.148744 0.001580 0.708495
4 4 0.021222 0.160216 0.112722 0.001084 0.704756
2 4 0.001857 0.143213 0.808220 0.007308 0.039401
4 4 0.021966 0.192504 0.243825 0.001654 0.540051
4 4 0.021775 0.098521 0.077438 0.006020 0.796245
2 4 0.002745 0.226144 0.502010 0.002286 0.266815
4 4 0.089488 0.271713 0.108538 0.000112 0.530149
4 4 0.010233 0.328429 0.241209 0.004323 0.415807
4 4 0.001279 0.145820 0.408149 0.000835 0.443918
2 4 0.001024 0.112046 0.674221 0.000521 0.212189
4 4 0.005495 0.127249 0.167413 0.002634 0.697210
4 4 0.010334 0.309842 0.239764 0.078207 0.361852
1 4 0.109885 0.345001 0.228225 0.025215 0.291674
1 4 0.215045 0.523054 0.118342 0.001567 0.141992
2 4 0.000633 0.129958 0.795929 0.002122 0.071358
4 4 0.006638 0.191619 0.184430 0.006593 0.610719
4 4 0.014875 0.115365 0.098815 0.007309 0.763636
4 4 0.032072 0.078258 0.058028 0.012379 0.819262
4 4 0.061712 0.060342 0.038957 0.024567 0.814423
4 4 0.026607 0.083531 0.064348 0.010182 0.815331
4 4 0.044318 0.225992 0.117817 0.000272 0.611602
4 4 0.011863 0.107144 0.096863 0.004381 0.779749
2 4 0.003391 0.177809 0.426086 0.013266 0.379449
4 4 0.002285 0.134801 0.411474 0.003807 0.447633
4 4 0.001439 0.152996 0.305490 0.000828 0.539246
4 4 0.020393 0.370236 0.198733 0.000033 0.410605
4 4 0.008692 0.119350 0.114330 0.003328 0.754300
4 4 0.014730 0.099106 0.119717 0.008368 0.758080
4 4 0.013912 0.144123 0.403676 0.002351 0.435939
2 4 0.004909 0.061476 0.685575 0.030305 0.217735
2 4 0.003999 0.079840 0.605553 0.008756 0.301851
4 4 0.024447 0.212837 0.135058 0.000663 0.626995
4 4 0.054391 0.290429 0.130189 0.000082 0.524909
4 4 0.039472 0.127122 0.080458 0.002550 0.750398
4 4 0.004644 0.135497 0.146304 0.001648 0.711907
4 4 0.011599 0.107818 0.097898 0.004279 0.778405
4 4 0.009833 0.112813 0.105742 0.003599 0.768014
4 4 0.011712 0.107302 0.102459 0.004618 0.773908
4 4 0.009301 0.114462 0.108444 0.003399 0.764394
4 4 0.004289 0.137891 0.151094 0.001517 0.705209
4 4 0.007146 0.128356 0.126335 0.002175 0.735988
2 2 0.003415 0.104730 0.514237 0.004085 0.373534
2 2 0.003015 0.107648 0.489445 0.003822 0.396070
2 2 0.000823 0.068428 0.853707 0.000235 0.076807
2 2 0.000116 0.016799 0.975196 0.000059 0.007831
2 2 0.000061 0.013090 0.976645 0.004037 0.006168
2 2 0.000084 0.016114 0.966358 0.000432 0.017013
2 2 0.000910 0.127147 0.785198 0.000027 0.086717
2 2 0.000115 0.010643 0.981618 0.000187 0.007437
2 2 0.000336 0.023822 0.946681 0.000634 0.028527
2 2 0.003158 0.050053 0.775630 0.011134 0.160025
2 2 0.001276 0.076813 0.773777 0.001064 0.147069
2 2 0.002799 0.084060 0.721217 0.002022 0.189902
2 2 0.000349 0.037508 0.933645 0.000855 0.027643
2 2 0.000332 0.038820 0.914748 0.000352 0.045747
2 2 0.000209 0.033793 0.922803 0.000412 0.042783
2 2 0.002083 0.077511 0.885047 0.000023 0.035337
2 2 0.000019 0.009293 0.981952 0.002497 0.006239
2 2 0.000136 0.007246 0.982248 0.008799 0.001571
2 2 0.000183 0.010509 0.968519 0.013839 0.006950
2 2 0.000098 0.013675 0.971806 0.000415 0.014007
2 2 0.001096 0.031904 0.870101 0.008481 0.088418
2 2 0.000183 0.002882 0.991147 0.005494 0.000294
2 2 0.000100 0.006829 0.990551 0.000213 0.002307
2 2 0.000108 0.011291 0.966394 0.018069 0.004138
2 2 0.000102 0.002322 0.959095 0.035680 0.002802
2 2 0.000068 0.004980 0.978817 0.006460 0.009676
2 2 0.000032 0.010975 0.964021 0.018028 0.006945
2 2 0.000546 0.038175 0.866993 0.027117 0.067169
2 2 0.000334 0.012238 0.773232 0.205358 0.008839
2 2 0.000126 0.004139 0.769280 0.224887 0.001568
2 2 0.003839 0.076563 0.891489 0.007558 0.020550
2 2 0.209938 0.094912 0.421316 0.105402 0.168431
0 1 0.551233 0.144972 0.123700 0.169039 0.011056
2 1 0.031120 0.381326 0.475698 0.028828 0.083029
2 2 0.008974 0.372251 0.572315 0.000196 0.046264
2 2 0.007051 0.106591 0.882106 0.000128 0.004124
2 2 0.000050 0.006024 0.983622 0.009631 0.000672
2 2 0.001265 0.243991 0.744950 0.000624 0.009169
2 2 0.005316 0.297747 0.651447 0.000029 0.045462
2 2 0.019053 0.302151 0.624970 0.000081 0.053745
2 2 0.000428 0.016434 0.924775 0.056579 0.001784
2 2 0.025896 0.164095 0.689027 0.007009 0.113973
2 2 0.000796 0.068612 0.923556 0.002506 0.004530
2 2 0.004418 0.030996 0.963478 0.000373 0.000735
2 2 0.014764 0.050228 0.845257 0.036850 0.052901
2 2 0.001882 0.040832 0.956786 0.000208 0.000292
2 2 0.000694 0.021426 0.973731 0.003960 0.000189
2 2 0.038109 0.065553 0.832190 0.063313 0.000835
2 2 0.005112 0.010350 0.902497 0.081404 0.000637
2 2 0.003643 0.031568 0.501365 0.449942 0.013483
0 1 0.796478 0.067058 0.090941 0.000777 0.044745
1 1 0.093140 0.487772 0.284273 0.056961 0.077854
2 2 0.010295 0.230231 0.534754 0.004462 0.220258
4 2 0.024830 0.324515 0.223152 0.000791 0.426712
2 2 0.006979 0.172887 0.702951 0.002467 0.114716
2 2 0.000687 0.033561 0.956672 0.000087 0.008993
2 2 0.002123 0.074560 0.894194 0.000056 0.029066
2 2 0.004820 0.042766 0.930227 0.010198 0.011989
2 2 0.008306 0.040330 0.888843 0.039171 0.023350
2 2 0.000172 0.026474 0.972812 0.000293 0.000249
2 2 0.002895 0.296036 0.680432 0.000365 0.020272
2 2 0.000178 0.034634 0.866404 0.096028 0.002756
2 2 0.001694 0.073502 0.829510 0.083702 0.011591
2 2 0.109488 0.297805 0.437893 0.006255 0.148559
1 2 0.136407 0.527901 0.308897 0.005864 0.020931
1 2 0.011765 0.610272 0.274289 0.001029 0.102645
2 2 0.101384 0.376915 0.435386 0.004696 0.081618
0 0 0.715363 0.205433 0.042080 0.000115 0.037009
0 1 0.635975 0.285818 0.036520 0.000007 0.041679
4 2 0.038521 0.118870 0.081963 0.039391 0.721256
2 2 0.005922 0.374845 0.453303 0.003493 0.162438
2 2 0.004716 0.122623 0.798822 0.000077 0.073761
2 2 0.003196 0.114037 0.863879 0.000709 0.018179
2 2 0.010059 0.045856 0.924222 0.001611 0.018252
2 2 0.000016 0.007279 0.992531 0.000103 0.000070
2 2 0.003126 0.100095 0.865220 0.003235 0.028325
2 2 0.000233 0.022936 0.974257 0.000370 0.002203
2 2 0.000088 0.004001 0.995443 0.000402 0.000066
2 2 0.000074 0.006652 0.938388 0.054626 0.000259
2 2 0.000964 0.022475 0.973645 0.000140 0.002776
2 2 0.000166 0.058248 0.938728 0.000840 0.002018
2 2 0.000525 0.012812 0.984206 0.002397 0.000061
2 2 0.000026 0.002761 0.988500 0.008669 0.000043
2 2 0.000199 0.006890 0.992220 0.000586 0.000105
2 2 0.001391 0.008149 0.968144 0.021347 0.000968
2 2 0.001067 0.037530 0.960833 0.000015 0.000556
2 2 0.020823 0.157662 0.810057 0.000107 0.011351
2 2 0.002853 0.170739 0.811335 0.000917 0.014155
2 2 0.000028 0.014671 0.982626 0.002335 0.000340
2 2 0.000415 0.054640 0.937577 0.004250 0.003118
2 2 0.003293 0.052090 0.906557 0.003881 0.034179
2 2 0.003265 0.036267 0.954973 0.003400 0.002095
2 2 0.000331 0.009389 0.975880 0.014229 0.000171
2 2 0.005756 0.040510 0.942777 0.009183 0.001774
2 2 0.000998 0.006505 0.922222 0.069380 0.000895
2 2 0.000769 0.006807 0.929766 0.062211 0.000447
2 2 0.001044 0.020532 0.964692 0.007885 0.005846
2 2 0.000043 0.001911 0.865842 0.132160 0.000043
2 2 0.000236 0.003032 0.986009 0.010671 0.000052
2 2 0.004074 0.009417 0.554133 0.431679 0.000698
3 2 0.002010 0.022082 0.400316 0.573219 0.002373
2 2 0.043314 0.145083 0.699710 0.025214 0.086679
3 2 0.001932 0.014380 0.452282 0.530211 0.001195
2 2 0.000633 0.037422 0.689019 0.271378 0.001548
3 2 0.000003 0.000042 0.063774 0.936181 0.000000
3 2 0.000784 0.001169 0.076910 0.921081 0.000056
2 2 0.007194 0.063100 0.788940 0.134224 0.006541
2 3 0.002263 0.075593 0.656804 0.261149 0.004190
2 3 0.000504 0.024866 0.511354 0.458697 0.004580
3 3 0.001043 0.002404 0.078387 0.918076 0.000089
2 3 0.013007 0.041279 0.693286 0.245849 0.006579
3 3 0.000513 0.003800 0.313718 0.681758 0.000211
2 3 0.038009 0.021504 0.597925 0.341357 0.001205
3 3 0.000111 0.000564 0.050687 0.948509 0.000129
3 3 0.000002 0.000105 0.047507 0.952381 0.000005
3 3 0.007923 0.021143 0.094851 0.860573 0.015510
3 3 0.001256 0.002753 0.054093 0.940553 0.001346
3 3 0.001545 0.002369 0.319844 0.676163 0.000079
2 3 0.000424 0.021597 0.760495 0.213763 0.003721
3 3 0.000302 0.003472 0.328420 0.667366 0.000441
3 3 0.000659 0.003313 0.090560 0.903985 0.001483
3 3 0.001006 0.001564 0.037375 0.959635 0.000421
3 3 0.000712 0.001269 0.038398 0.959523 0.000098
3 3 0.001996 0.004108 0.050722 0.941745 0.001428
3 3 0.016154 0.012387 0.045330 0.915004 0.011125
3 3 0.013354 0.005851 0.029244 0.946747 0.004804
3 3 0.001276 0.002775 0.090753 0.903438 0.001759
3 3 0.000488 0.001710 0.030152 0.967334 0.000317
3 3 0.000065 0.000326 0.023680 0.975881 0.000047
3 3 0.000209 0.005021 0.142312 0.851458 0.000999
3 3 0.000101 0.000835 0.069413 0.929469 0.000182
3 3 0.003976 0.023519 0.159099 0.793985 0.019422
3 3 0.000024 0.000431 0.031706 0.967799 0.000039
3 3 0.010911 0.005871 0.032603 0.945967 0.004649
3 3 0.030295 0.042689 0.107843 0.754455 0.064718
3 3 0.008856 0.013503 0.193342 0.779324 0.004976
3 3 0.003503 0.002074 0.022260 0.971092 0.001071
3 3 0.002572 0.001981 0.030605 0.964169 0.000673
3 3 0.001403 0.002326 0.062108 0.932740 0.001424
3 3 0.001845 0.001147 0.028398 0.967961 0.000648
3 3 0.122163 0.039570 0.220819 0.591596 0.025852
3 3 0.000183 0.000507 0.059907 0.939374 0.000029
3 3 0.000185 0.000835 0.390696 0.608241 0.000043
3 3 0.001031 0.012533 0.305920 0.674962 0.005554
3 3 0.001272 0.005404 0.037805 0.954000 0.001518
3 3 0.000808 0.005740 0.158112 0.833016 0.002325
3 3 0.000115 0.000908 0.035310 0.963519 0.000147
3 3 0.036790 0.020653 0.032815 0.890906 0.018835
3 3 0.007803 0.006787 0.049519 0.930720 0.005172
3 3 0.002588 0.009171 0.118680 0.868778 0.000783
3 3 0.000085 0.001202 0.090561 0.907923 0.000229
3 3 0.000158 0.001846 0.035084 0.962656 0.000256
3 3 0.000096 0.001270 0.054093 0.944323 0.000218
3 3 0.000442 0.003292 0.054395 0.941026 0.000845
3 3 0.000165 0.000766 0.022448 0.976502 0.000118
3 3 0.000607 0.001924 0.075393 0.921454 0.000622
3 3 0.000719 0.003177 0.050877 0.944198 0.001028
3 3 0.004232 0.011333 0.113707 0.865933 0.004795
3 3 0.000052 0.000908 0.078590 0.920432 0.000017
2 2 0.000459 0.010781 0.760688 0.222109 0.005962
4 1 0.176811 0.270810 0.226930 0.049771 0.275678
1 1 0.021255 0.397094 0.280441 0.000057 0.301153
2 2 0.000462 0.068562 0.923910 0.000491 0.006575
2 2 0.002658 0.180800 0.804828 0.000021 0.011694
1 2 0.023585 0.518769 0.383700 0.000015 0.073931
2 2 0.001425 0.144302 0.800862 0.000116 0.053295
2 2 0.008168 0.267881 0.655015 0.007586 0.061349
2 2 0.001471 0.079644 0.910782 0.002074 0.006029
1 2 0.043060 0.559720 0.320609 0.000269 0.076342
2 2 0.006944 0.186523 0.612459 0.039842 0.154232
1 2 0.002559 0.449606 0.420090 0.008278 0.119467
2 2 0.001170 0.139340 0.849643 0.000132 0.009715
2 2 0.000032 0.001846 0.998008 0.000059 0.000055
2 2 0.000003 0.002005 0.993323 0.004631 0.000039
2 2 0.002016 0.073379 0.911498 0.003676 0.009431
4 2 0.004763 0.224148 0.284673 0.010656 0.475760
2 4 0.000360 0.086298 0.842832 0.020897 0.049613
2 4 0.001974 0.151083 0.622388 0.002187 0.222369
4 4 0.003000 0.126256 0.311364 0.002773 0.556607
4 4 0.027797 0.111214 0.083237 0.019132 0.758620
4 4 0.008455 0.130917 0.122898 0.002075 0.735655
4 4 0.010592 0.091548 0.279680 0.018283 0.599897
4 4 0.005246 0.101091 0.355465 0.009028 0.529170
4 4 0.021734 0.133475 0.102538 0.010822 0.731430
4 4 0.023800 0.151384 0.104977 0.001354 0.718485
4 4 0.007550 0.123185 0.121239 0.002850 0.745176
4 4 0.019333 0.092718 0.076159 0.007293 0.804497
4 4 0.082185 0.162624 0.078545 0.000943 0.675703
4 4 0.056075 0.142331 0.079505 0.001660 0.720430
0 4 0.322427 0.110987 0.312120 0.007379 0.247086
4 4 0.009844 0.112752 0.105669 0.003606 0.768130
4 4 0.034485 0.200393 0.116231 0.000455 0.648436
4 4 0.140546 0.125044 0.055952 0.004796 0.673662
4 4 0.079701 0.177294 0.084373 0.000683 0.657950
4 4 0.274571 0.137113 0.045155 0.000702 0.542458
4 4 0.061712 0.060342 0.038957 0.024567 0.814423
0 4 0.631922 0.152003 0.027484 0.000015 0.188576
0 0 0.449592 0.396615 0.071325 0.000000 0.082468
0 0 0.495912 0.131019 0.140019 0.005289 0.227761
1 1 0.105000 0.767925 0.112559 0.000002 0.014513
2 1 0.036538 0.356103 0.519613 0.004807 0.082940
4 1 0.022170 0.356428 0.210295 0.003881 0.407225
2 2 0.002680 0.192808 0.562068 0.003769 0.238675
2 2 0.000376 0.121913 0.862493 0.000230 0.014989
2 2 0.000061 0.037750 0.960660 0.000120 0.001409
2 2 0.005821 0.284840 0.648354 0.000594 0.060389
2 2 0.004744 0.235211 0.674502 0.000333 0.085210
2 2 0.001246 0.021796 0.970542 0.000077 0.006339
2 2 0.000057 0.017414 0.977485 0.000023 0.005020
2 2 0.000127 0.034588 0.957059 0.000212 0.008014
2 2 0.000915 0.106168 0.867869 0.000053 0.024995
2 2 0.000119 0.011877 0.975211 0.000535 0.012258
2 2 0.000704 0.012998 0.970938 0.009769 0.005591
2 2 0.000030 0.016073 0.979304 0.001517 0.003077
2 2 0.000816 0.042856 0.937437 0.001159 0.017732
2 2 0.004650 0.184634 0.769258 0.000006 0.041452
2 2 0.000672 0.035188 0.939726 0.000114 0.024301
2 2 0.000463 0.093491 0.854449 0.000016 0.051581
2 2 0.000352 0.046003 0.901553 0.000262 0.051830
2 2 0.032480 0.260876 0.526030 0.000036 0.180577
2 2 0.001767 0.087483 0.837452 0.000105 0.073193
2 2 0.003444 0.175573 0.762448 0.000004 0.058531
2 2 0.013173 0.361766 0.491102 0.000008 0.133950
2 2 0.001875 0.184311 0.742965 0.000058 0.070790
2 2 0.000343 0.042926 0.939219 0.000015 0.017498
4 2 0.053181 0.362274 0.151137 0.000061 0.433347
2 2 0.003013 0.110673 0.800632 0.000401 0.085281
2 2 0.000015 0.006364 0.991276 0.000024 0.002320
2 2 0.000486 0.025010 0.957426 0.000134 0.016944
2 2 0.000921 0.078058 0.871518 0.000041 0.049461
2 2 0.000717 0.037015 0.946858 0.000239 0.015172
2 2 0.003615 0.256575 0.692046 0.000352 0.047411
2 2 0.000186 0.033533 0.955727 0.000223 0.010330
2 2 0.001050 0.046583 0.926081 0.000697 0.025588
2 2 0.000243 0.031076 0.907981 0.013008 0.047692
2 2 0.000077 0.040661 0.939778 0.001872 0.017612
2 2 0.009350 0.220044 0.642269 0.000072 0.128265
0 1 0.834375 0.077976 0.017224 0.000020 0.070405
0 1 0.626128 0.247439 0.075572 0.001169 0.049692
1 2 0.041022 0.491420 0.209795 0.003238 0.254525
1 2 0.016026 0.499292 0.421732 0.000001 0.062949
2 2 0.009775 0.222039 0.745515 0.000537 0.022134
2 2 0.210255 0.284126 0.399846 0.002841 0.102932
2 2 0.002500 0.090227 0.903920 0.000279 0.003074
2 2 0.000192 0.091473 0.906441 0.000830 0.001064
2 2 0.001613 0.165856 0.829835 0.000060 0.002636
1 2 0.098783 0.413310 0.409934 0.016926 0.061047
1 2 0.098211 0.522436 0.158389 0.000405 0.220559
1 2 0.008526 0.691152 0.247876 0.000095 0.052350
2 2 0.004655 0.091796 0.898269 0.000127 0.005153
1 2 0.035466 0.499627 0.288592 0.000308 0.176007
2 2 0.015401 0.176217 0.783356 0.000129 0.024897
2 2 0.014552 0.243635 0.703567 0.000024 0.038222
2 2 0.009799 0.395446 0.560830 0.000015 0.033910
1 2 0.022124 0.719513 0.196430 0.000012 0.061922
2 2 0.000834 0.006084 0.991123 0.001932 0.000028
2 2 0.018395 0.254896 0.626458 0.001852 0.098399
2 2 0.005679 0.298268 0.637282 0.000122 0.058648
2 2 0.000743 0.064646 0.910398 0.000292 0.023921
2 2 0.000050 0.019339 0.979414 0.000060 0.001138
2 2 0.003966 0.282871 0.673474 0.000072 0.039617
2 2 0.000102 0.009658 0.989629 0.000444 0.000168
2 2 0.000012 0.001497 0.963776 0.034706 0.000009
2 2 0.000285 0.033713 0.965703 0.000179 0.000120
2 2 0.000111 0.034383 0.964252 0.001013 0.000241
2 2 0.000380 0.106367 0.890443 0.000027 0.002783
2 2 0.000712 0.105211 0.890597 0.000103 0.003377
2 2 0.006999 0.233378 0.745845 0.000022 0.013757
2 2 0.000851 0.039939 0.954716 0.002518 0.001976
2 2 0.000068 0.015878 0.982041 0.001681 0.000332
1 2 0.007636 0.491886 0.478917 0.003544 0.018017
2 2 0.012464 0.197228 0.753269 0.007107 0.029932
1 2 0.139101 0.458566 0.214589 0.032620 0.155123
1 2 0.052270 0.462000 0.190502 0.002009 0.293219
1 2 0.084853 0.491122 0.164166 0.000034 0.259824
2 2 0.154575 0.213718 0.612601 0.000682 0.018424
0 2 0.364614 0.259397 0.340120 0.000103 0.035767
2 2 0.000295 0.028454 0.967416 0.000155 0.003680
2 2 0.012900 0.037679 0.929593 0.017507 0.002321
2 2 0.000168 0.018134 0.977341 0.001823 0.002534
2 2 0.001047 0.047833 0.944262 0.004391 0.002466
2 2 0.006140 0.120444 0.831609 0.000010 0.041797
2 2 0.000356 0.006835 0.991956 0.000769 0.000084
2 2 0.002360 0.049165 0.946912 0.000889 0.000673
2 2 0.000410 0.094643 0.902611 0.000176 0.002160
2 2 0.000183 0.027255 0.968663 0.002186 0.001713
2 2 0.003447 0.050775 0.943051 0.000722 0.002005
2 2 0.048654 0.360866 0.558313 0.000302 0.031865
2 2 0.000139 0.045369 0.949142 0.000079 0.005271
2 2 0.000003 0.002267 0.997573 0.000151 0.000006
2 2 0.000335 0.059788 0.861031 0.047513 0.031332
2 2 0.019366 0.316253 0.400150 0.012771 0.251461
1 2 0.043884 0.467995 0.205803 0.006314 0.276004
1 2 0.016801 0.478506 0.449884 0.000719 0.054089
0 2 0.554127 0.137837 0.189267 0.102517 0.016253
1 2 0.013829 0.684909 0.239474 0.000571 0.061218
1 2 0.039153 0.623707 0.196913 0.000059 0.140168
1 2 0.069063 0.574243 0.177923 0.000351 0.178420
1 2 0.008513 0.511605 0.399193 0.000061 0.080628
2 2 0.001859 0.066735 0.925335 0.000069 0.006003
4 2 0.085643 0.209002 0.092639 0.000344 0.612372
1 2 0.056791 0.691607 0.172279 0.000168 0.079155
0 0 0.766325 0.131084 0.032886 0.000137 0.069567
0 0 0.551346 0.205404 0.109922 0.063242 0.070086
3 0 0.156465 0.113456 0.184816 0.491628 0.053635
4 0 0.365155 0.102734 0.047858 0.003647 0.480607
0 0 0.606762 0.161685 0.028383 0.000014 0.203155
0 0 0.844580 0.064729 0.039167 0.015455 0.036069
0 0 0.766020 0.102196 0.107651 0.014651 0.009481
0 0 0.995865 0.003638 0.000495 0.000000 0.000003
0 0 0.697942 0.064131 0.033820 0.003316 0.200791
0 0 0.955407 0.027824 0.004995 0.000001 0.011772
0 0 0.351131 0.249271 0.058638 0.000028 0.340932
4 0 0.211850 0.173499 0.059723 0.000406 0.554523
0 0 0.760045 0.100347 0.021879 0.000026 0.117703
4 0 0.231401 0.102805 0.048322 0.004517 0.612955
0 0 0.511019 0.084954 0.044393 0.005098 0.354537
4 0 0.302764 0.110483 0.047898 0.002757 0.536099
0 0 0.743661 0.074126 0.027761 0.000480 0.153973
4 0 0.185817 0.113725 0.045918 0.002191 0.652350
0 0 0.855790 0.098258 0.025825 0.000141 0.019986
0 0 0.675602 0.102146 0.030216 0.000179 0.191857
0 0 0.830790 0.069527 0.019975 0.000057 0.079650
1 0 0.314918 0.315392 0.071338 0.000017 0.298335
1 0 0.185534 0.502332 0.113940 0.000022 0.198172
0 0 0.479055 0.212995 0.042644 0.000017 0.265289
1 0 0.122186 0.620108 0.133376 0.000013 0.124317
1 0 0.074578 0.795723 0.107860 0.000001 0.021837
1 0 0.214251 0.316729 0.226353 0.009422 0.233245
1 0 0.115247 0.415216 0.128834 0.000040 0.340663
1 0 0.390259 0.497016 0.054796 0.000000 0.057929
4 0 0.167789 0.344085 0.100331 0.000028 0.387766
0 0 0.595371 0.164742 0.055221 0.000204 0.184463
1 1 0.034462 0.594881 0.184166 0.000001 0.186491
1 1 0.041187 0.633317 0.181888 0.000004 0.143605
2 1 0.000375 0.073144 0.898157 0.000121 0.028205
2 2 0.001201 0.092806 0.883633 0.000096 0.022264
2 2 0.000389 0.031532 0.963845 0.000072 0.004163
2 2 0.001211 0.034252 0.961125 0.000607 0.002805
2 2 0.001544 0.079079 0.808981 0.064073 0.046323
2 2 0.005779 0.247395 0.446323 0.001927 0.298576
2 2 0.000432 0.067198 0.748672 0.001984 0.181715
2 2 0.001323 0.080338 0.818561 0.000310 0.099467
4 4 0.010568 0.238385 0.343048 0.000343 0.407657
1 4 0.022884 0.526383 0.233516 0.000408 0.216810
4 4 0.007686 0.117463 0.151539 0.003945 0.719368
2 4 0.006721 0.298097 0.605489 0.000192 0.089501
4 4 0.019546 0.092399 0.075731 0.007377 0.804946
4 4 0.010917 0.109637 0.100723 0.004017 0.774707
4 4 0.045679 0.165214 0.093975 0.000975 0.694157
4 4 0.018718 0.187182 0.129983 0.000578 0.663539
4 4 0.064260 0.115167 0.065055 0.003393 0.752125
4 4 0.061712 0.060342 0.038957 0.024567 0.814423
4 4 0.061712 0.060342 0.038957 0.024567 0.814423
4 4 0.142178 0.098566 0.045089 0.004274 0.709894
4 4 0.020787 0.090614 0.073363 0.007867 0.807369
4 4 0.094723 0.132478 0.069186 0.023648 0.679965
4 4 0.114323 0.287968 0.103670 0.000069 0.493969
4 4 0.042043 0.126242 0.112643 0.003927 0.715146
1 0 0.238614 0.294150 0.230761 0.072440 0.164035
4 1 0.008185 0.310345 0.304060 0.000038 0.377373
1 1 0.013800 0.430772 0.219129 0.000006 0.336294
4 4 0.024001 0.317091 0.169359 0.000049 0.489500
4 4 0.008519 0.135408 0.125763 0.001834 0.728476
4 4 0.055643 0.215942 0.107341 0.000326 0.620749
4 4 0.306706 0.143586 0.044326 0.000483 0.504899
0 0 0.996116 0.002615 0.000781 0.000001 0.000487
0 0 0.975039 0.010316 0.004945 0.000140 0.009559
0 0 0.887842 0.084718 0.014110 0.000001 0.013328
1 0 0.060698 0.719022 0.155603 0.000024 0.064653
1 1 0.071048 0.625236 0.170403 0.000132 0.133181
4 1 0.025483 0.269099 0.202503 0.000278 0.502637
2 2 0.000355 0.087804 0.846735 0.000036 0.065070
2 2 0.000039 0.049896 0.875517 0.000200 0.074348
2 2 0.000033 0.028789 0.929803 0.000486 0.040889
4 4 0.006253 0.108532 0.275399 0.007308 0.602508
4 4 0.018375 0.192356 0.133074 0.000515 0.655680
4 4 0.002632 0.238792 0.242791 0.000115 0.515671
4 4 0.003125 0.142077 0.208265 0.001475 0.645058
2 4 0.001371 0.161728 0.557242 0.006851 0.272809
4 4 0.005074 0.157795 0.159607 0.000924 0.676600
4 4 0.029268 0.088023 0.065423 0.008648 0.808640
2 4 0.002011 0.111939 0.444846 0.003183 0.438021
4 4 0.007775 0.131887 0.126200 0.001994 0.732143
4 4 0.034933 0.075872 0.055276 0.013536 0.820384
4 4 0.061712 0.060342 0.038957 0.024567 0.814423
4 4 0.031533 0.078734 0.058585 0.012161 0.818986
4 4 0.013597 0.267130 0.176943 0.000109 0.542220
4 4 0.040282 0.071925 0.050868 0.015713 0.821211
4 4 0.038625 0.073084 0.052144 0.015037 0.821109
4 4 0.018051 0.094718 0.078869 0.006789 0.801572
4 4 0.003102 0.129121 0.289061 0.002544 0.576172
1 2 0.011322 0.504139 0.234470 0.000001 0.250067
1 2 0.090106 0.448137 0.136380 0.000005 0.325372
2 2 0.004089 0.252792 0.511192 0.000070 0.231857
2 2 0.001120 0.172628 0.629673 0.000070 0.196509
2 2 0.000913 0.127116 0.478155 0.001097 0.392719
2 2 0.001473 0.121390 0.461463 0.002210 0.413465
2 2 0.000921 0.103217 0.568366 0.001879 0.325617
4 2 0.002012 0.159437 0.204404 0.000708 0.633438
2 2 0.000279 0.085506 0.714533 0.000768 0.198914
4 4 0.005562 0.118553 0.232319 0.004484 0.639082
4 4 0.006705 0.124379 0.125397 0.002416 0.741104
4 4 0.025674 0.084548 0.065605 0.009809 0.814364
4 4 0.007801 0.119783 0.117352 0.002830 0.752235
4 4 0.015021 0.100121 0.086443 0.005604 0.792810
4 4 0.025848 0.086064 0.066430 0.009283 0.812375
4 4 0.046159 0.233961 0.119194 0.000233 0.600453
2 4 0.004930 0.293134 0.355189 0.000037 0.346709
2 4 0.004445 0.150776 0.528556 0.000689 0.315534
4 4 0.008246 0.163131 0.145020 0.000890 0.682712
4 4 0.009212 0.114754 0.108922 0.003365 0.763748
4 4 0.061712 0.060342 0.038957 0.024567 0.814423
4 4 0.061712 0.060342 0.038957 0.024567 0.814423
4 4 0.020428 0.091118 0.074028 0.007725 0.806701
4 4 0.003429 0.117858 0.333948 0.003950 0.540814
4 4 0.010720 0.145484 0.248720 0.002376 0.592700
4 4 0.006174 0.126879 0.129916 0.002217 0.734814
4 4 0.010107 0.111955 0.104390 0.003707 0.769841
4 4 0.024493 0.175177 0.115775 0.000774 0.683781
2 4 0.235084 0.246528 0.407166 0.000048 0.111174
4 4 0.010176 0.224096 0.170508 0.000238 0.594981
4 4 0.085795 0.074903 0.045485 0.013545 0.780273
1 4 0.025624 0.510116 0.196349 0.000002 0.267909
4 4 0.003581 0.167673 0.181053 0.000662 0.647031
4 4 0.025816 0.258487 0.147962 0.000143 0.567592
2 4 0.001614 0.207750 0.554033 0.000057 0.236547
4 4 0.022646 0.250052 0.149877 0.000165 0.577260
2 4 0.000439 0.067629 0.841005 0.000297 0.090629
2 4 0.001004 0.078287 0.811207 0.000394 0.109108
2 2 0.000458 0.153664 0.730121 0.002386 0.113371
2 2 0.000722 0.080189 0.748958 0.001105 0.169027
2 2 0.001465 0.095913 0.841565 0.000040 0.061017
4 2 0.004505 0.126281 0.227726 0.003076 0.638411
2 2 0.002944 0.174035 0.644461 0.000082 0.178478
2 2 0.000170 0.022419 0.917268 0.004181 0.055961
2 2 0.000435 0.033147 0.921743 0.001878 0.042797
2 2 0.000016 0.007422 0.967309 0.021894 0.003360
2 2 0.000030 0.010467 0.972949 0.005742 0.010813
2 2 0.000187 0.017108 0.959246 0.003836 0.019624
2 2 0.000966 0.047861 0.773137 0.009165 0.168871
2 2 0.002490 0.046708 0.883558 0.001210 0.066034
2 2 0.001524 0.045873 0.916682 0.000173 0.035747
2 2 0.004072 0.024348 0.953421 0.001157 0.017003
2 2 0.000229 0.011307 0.983901 0.000046 0.004517
2 2 0.000327 0.026667 0.942830 0.000451 0.029725
2 2 0.002791 0.095651 0.815109 0.000142 0.086307
2 2 0.000106 0.013654 0.976006 0.007028 0.003205
2 2 0.003187 0.124285 0.732118 0.000367 0.140042
2 2 0.003620 0.007173 0.987849 0.000151 0.001207
2 2 0.000462 0.018330 0.979809 0.000215 0.001184
2 2 0.003202 0.030336 0.965108 0.000263 0.001091
2 2 0.000006 0.000685 0.998889 0.000410 0.000010
2 2 0.001425 0.032287 0.920719 0.010234 0.035336
2 2 0.000139 0.006127 0.990629 0.000122 0.002983
2 2 0.007579 0.085294 0.893435 0.000333 0.013359
2 2 0.001949 0.093214 0.867976 0.006258 0.030603
2 2 0.002947 0.033175 0.957834 0.001194 0.004849
2 2 0.000629 0.003621 0.993165 0.002277 0.000308
2 2 0.000169 0.004217 0.992769 0.000494 0.002352
2 2 0.000345 0.007703 0.988574 0.002981 0.000398
2 2 0.000057 0.020213 0.978845 0.000310 0.000574
2 2 0.001758 0.030498 0.960329 0.005597 0.001819
2 2 0.000926 0.094887 0.884599 0.000247 0.019341
2 2 0.001051 0.009177 0.976761 0.012728 0.000282
2 2 0.003235 0.032569 0.946820 0.014971 0.002405
2 2 0.000676 0.033434 0.955485 0.009033 0.001372
2 2 0.002168 0.089702 0.895998 0.004632 0.007501
2 2 0.000200 0.013579 0.983825 0.000320 0.002076
2 2 0.000369 0.003886 0.989556 0.005991 0.000199
2 2 0.000361 0.006381 0.918414 0.073101 0.001743
2 2 0.006440 0.070249 0.909953 0.000651 0.012707
2 2 0.000002 0.000100 0.999184 0.000714 0.000001
2 2 0.000401 0.003816 0.864951 0.128358 0.002473
3 2 0.000320 0.002209 0.245172 0.752036 0.000263
2 2 0.000008 0.003819 0.995203 0.000582 0.000388
2 2 0.000005 0.001866 0.990303 0.007647 0.000179
2 2 0.001052 0.027509 0.804287 0.164074 0.003078
2 2 0.001737 0.011294 0.841186 0.142801 0.002982
2 2 0.000009 0.000592 0.686700 0.312691 0.000008
2 2 0.001093 0.006956 0.960095 0.030685 0.001171
2 2 0.000050 0.003746 0.717660 0.278041 0.000502
2 3 0.001244 0.007372 0.922295 0.068433 0.000656
2 3 0.000493 0.033387 0.838875 0.118452 0.008794
2 3 0.000677 0.004586 0.579930 0.413803 0.001004
2 3 0.000175 0.020893 0.937946 0.036318 0.004668
2 3 0.000837 0.026430 0.890828 0.064643 0.017263
2 3 0.000142 0.002764 0.996819 0.000260 0.000014
2 3 0.000036 0.007994 0.985858 0.005037 0.001075
3 3 0.000209 0.004435 0.474625 0.519556 0.001174
2 3 0.000054 0.003444 0.986817 0.009122 0.000563
2 3 0.003355 0.002168 0.914887 0.079457 0.000133
2 3 0.000285 0.001854 0.821601 0.176201 0.000059
2 3 0.000738 0.010536 0.966694 0.020164 0.001868
2 3 0.000132 0.007686 0.507606 0.482263 0.002313
2 3 0.004531 0.104158 0.787553 0.001869 0.101889
2 3 0.007355 0.020244 0.782804 0.187911 0.001686
3 3 0.000142 0.001713 0.220774 0.777205 0.000165
2 3 0.000096 0.007114 0.750030 0.240144 0.002616
2 3 0.006659 0.034958 0.917731 0.036607 0.004045
2 3 0.000605 0.013499 0.669816 0.315697 0.000384
2 3 0.001850 0.006201 0.756935 0.234576 0.000439
3 3 0.000792 0.001851 0.145526 0.851504 0.000328
3 3 0.000200 0.000798 0.038900 0.959951 0.000150
2 2 0.011616 0.053822 0.848998 0.078318 0.007246
2 2 0.001772 0.263253 0.686731 0.000182 0.048062
2 2 0.083631 0.293403 0.485185 0.001608 0.136173
4 2 0.249105 0.162369 0.179827 0.001244 0.407456
1 2 0.027530 0.367590 0.334438 0.000021 0.270421
2 2 0.002211 0.139197 0.710279 0.048774 0.099540
2 2 0.002936 0.089273 0.903292 0.000015 0.004483
2 2 0.002053 0.195181 0.683236 0.004343 0.115188
2 2 0.002122 0.047388 0.916291 0.000280 0.033918
2 2 0.015033 0.044370 0.931180 0.000110 0.009308
2 2 0.000890 0.009759 0.988439 0.000734 0.000177
2 2 0.011202 0.264687 0.565810 0.000825 0.157477
2 2 0.000608 0.060663 0.909026 0.004210 0.025492
2 2 0.001030 0.046863 0.931576 0.014249 0.006281
2 2 0.004017 0.165416 0.797086 0.000156 0.033326
2 2 0.039049 0.252978 0.486341 0.000742 0.220890
4 2 0.055592 0.246559 0.195615 0.000891 0.501343
