0 0 0.999999 0.000001 0.000000 0.000000 0.000000
0 0 0.961879 0.009681 0.022123 0.004241 0.002075
0 0 0.990308 0.004423 0.003550 0.000120 0.001599
0 0 0.972445 0.008698 0.014671 0.002979 0.001207
0 0 0.993212 0.003492 0.002055 0.000058 0.001184
0 0 0.988453 0.005705 0.002149 0.000022 0.003670
0 0 0.970379 0.016820 0.009847 0.000520 0.002434
0 0 0.979929 0.006330 0.005652 0.000923 0.007166
0 0 0.993500 0.003194 0.002098 0.000105 0.001105
0 0 0.992027 0.005099 0.001934 0.000014 0.000926
0 0 0.877156 0.038032 0.031206 0.000455 0.053152
0 0 0.951645 0.014560 0.004714 0.000041 0.029040
0 0 0.969847 0.007737 0.013637 0.007609 0.001169
0 0 0.985297 0.008211 0.005606 0.000383 0.000504
0 0 0.994384 0.003303 0.002186 0.000049 0.000078
0 0 0.994675 0.004014 0.001262 0.000005 0.000043
0 0 0.977137 0.013565 0.008252 0.000444 0.000602
0 0 0.687217 0.020261 0.190158 0.099056 0.003308
0 0 0.623598 0.020734 0.223873 0.130152 0.001643
0 0 0.982784 0.007437 0.004844 0.000061 0.004873
0 0 0.974128 0.012223 0.011120 0.000967 0.001562
0 0 0.980864 0.006857 0.006540 0.001107 0.004631
0 0 0.996071 0.001387 0.001690 0.000462 0.000390
0 0 0.943566 0.019005 0.030413 0.001234 0.005783
0 0 0.961666 0.015362 0.017553 0.002185 0.003234
0 0 0.979767 0.009415 0.009833 0.000492 0.000493
0 0 0.975149 0.013972 0.008622 0.000507 0.001749
0 0 0.993076 0.003876 0.002262 0.000080 0.000705
0 0 0.982289 0.009283 0.006893 0.000642 0.000893
0 0 0.997698 0.001455 0.000771 0.000009 0.000067
0 0 0.993576 0.002774 0.002533 0.000339 0.000777
0 0 0.983485 0.009171 0.003700 0.000054 0.003590
0 0 0.980867 0.009848 0.008048 0.000263 0.000975
0 0 0.993587 0.003389 0.002536 0.000185 0.000304
0 0 0.998339 0.000752 0.000731 0.000082 0.000096
0 0 0.948613 0.025401 0.021119 0.003327 0.001540
3 0 0.350550 0.029025 0.165988 0.450993 0.003443
0 0 0.961608 0.011465 0.015214 0.009490 0.002223
0 0 0.959275 0.008059 0.022390 0.010114 0.000161
0 0 0.998298 0.000928 0.000674 0.000032 0.000068
0 0 0.997786 0.001244 0.000630 0.000011 0.000328
0 0 0.992408 0.004137 0.002871 0.000174 0.000409
0 0 0.983046 0.007826 0.007712 0.000983 0.000433
0 0 0.971709 0.017796 0.008982 0.000033 0.001479
0 0 0.916841 0.031411 0.004517 0.000004 0.047227
0 0 0.997645 0.001453 0.000743 0.000013 0.000146
0 0 0.988931 0.006530 0.003890 0.000164 0.000485
0 0 0.985944 0.004753 0.003791 0.000045 0.005468
0 0 0.998463 0.000530 0.000125 0.000000 0.000881
0 0 0.989657 0.001420 0.000334 0.000001 0.008588
0 0 0.706249 0.045683 0.009074 0.000006 0.238988
0 0 0.584141 0.028288 0.008505 0.000022 0.379045
0 1 0.817978 0.097353 0.011455 0.000007 0.073207
0 1 0.412165 0.389382 0.064227 0.000006 0.134219
0 1 0.668368 0.229428 0.045606 0.000184 0.056414
0 1 0.939022 0.047016 0.008804 0.000017 0.005140
0 1 0.480143 0.385296 0.115135 0.001925 0.017501
1 2 0.293485 0.391014 0.275738 0.010190 0.029573
0 2 0.757320 0.168336 0.068492 0.001914 0.003937
2 2 0.369298 0.166391 0.399269 0.054282 0.010759
2 2 0.050412 0.164079 0.782913 0.001265 0.001332
2 2 0.035601 0.039858 0.691529 0.230045 0.002967
2 2 0.014772 0.013885 0.904322 0.066823 0.000198
2 2 0.062409 0.116243 0.793145 0.015985 0.012218
2 2 0.000213 0.006208 0.983686 0.009723 0.000170
2 2 0.004788 0.056080 0.895784 0.002025 0.041323
2 2 0.000666 0.012516 0.960752 0.002519 0.023546
2 2 0.007711 0.088622 0.865494 0.025148 0.013025
2 2 0.006580 0.005465 0.908129 0.079423 0.000404
2 2 0.002817 0.002175 0.800178 0.194801 0.000029
2 2 0.030349 0.008371 0.523883 0.437140 0.000257
2 2 0.013252 0.011153 0.874340 0.101020 0.000236
2 2 0.009611 0.018071 0.608254 0.361940 0.002124
2 2 0.019658 0.023172 0.916372 0.040459 0.000339
3 2 0.003550 0.002215 0.372134 0.621975 0.000125
3 2 0.000017 0.000059 0.085451 0.914458 0.000015
3 2 0.000021 0.000163 0.158090 0.841674 0.000052
3 2 0.000228 0.000873 0.143871 0.854637 0.000390
2 2 0.000058 0.000775 0.730514 0.268590 0.000063
3 2 0.000008 0.000069 0.128600 0.871301 0.000021
3 2 0.000029 0.000049 0.064096 0.935817 0.000009
3 3 0.000052 0.000083 0.048238 0.951600 0.000026
3 3 0.000067 0.000054 0.043456 0.956414 0.000010
3 3 0.000626 0.000489 0.088525 0.910258 0.000102
3 3 0.001072 0.000133 0.058742 0.940046 0.000007
3 3 0.000896 0.000746 0.222186 0.776107 0.000065
3 3 0.000337 0.000369 0.358223 0.641056 0.000015
3 3 0.000015 0.000085 0.307426 0.692467 0.000007
3 3 0.000009 0.000003 0.008328 0.991660 0.000001
3 3 0.000114 0.000257 0.108320 0.891242 0.000067
3 3 0.000023 0.000036 0.018638 0.981280 0.000022
3 3 0.000000 0.000000 0.000936 0.999063 0.000000
3 3 0.000000 0.000001 0.009909 0.990090 0.000000
3 3 0.000036 0.000069 0.058208 0.941667 0.000019
3 3 0.000022 0.000008 0.005780 0.994187 0.000004
3 3 0.000002 0.000002 0.002903 0.997092 0.000002
3 3 0.000004 0.000002 0.004723 0.995272 0.000001
3 3 0.000089 0.000019 0.004557 0.995325 0.000011
3 3 0.000036 0.000032 0.007669 0.992228 0.000035
3 3 0.000003 0.000003 0.004303 0.995688 0.000003
3 3 0.000004 0.000007 0.006339 0.993641 0.000008
3 3 0.000009 0.000008 0.009362 0.990617 0.000004
3 3 0.000001 0.000001 0.002740 0.997259 0.000000
3 3 0.000002 0.000001 0.001669 0.998326 0.000002
3 3 0.000005 0.000014 0.010787 0.989180 0.000014
3 3 0.000000 0.000001 0.004438 0.995560 0.000001
3 3 0.000001 0.000001 0.001053 0.998945 0.000000
3 3 0.000001 0.000001 0.002327 0.997669 0.000001
3 3 0.000001 0.000001 0.001204 0.998793 0.000001
3 3 0.000004 0.000001 0.000996 0.998998 0.000001
3 3 0.000003 0.000003 0.002596 0.997395 0.000003
3 3 0.000005 0.000004 0.003105 0.996880 0.000005
3 2 0.016032 0.009860 0.068499 0.897649 0.007961
3 2 0.030764 0.005386 0.126191 0.836946 0.000713
3 2 0.000038 0.000138 0.119508 0.880282 0.000034
3 2 0.000046 0.000078 0.046276 0.953573 0.000027
3 3 0.000004 0.000007 0.023994 0.975993 0.000002
3 3 0.000181 0.000160 0.022612 0.976944 0.000102
3 3 0.000009 0.000066 0.056509 0.943371 0.000046
3 3 0.000020 0.000011 0.005349 0.994613 0.000008
3 3 0.000006 0.000009 0.010812 0.989168 0.000005
3 3 0.000185 0.000053 0.010903 0.988837 0.000022
3 3 0.000011 0.000001 0.001937 0.998051 0.000000
3 3 0.000004 0.000001 0.001580 0.998415 0.000000
3 3 0.000008 0.000003 0.002854 0.997132 0.000002
3 3 0.000000 0.000000 0.001071 0.998929 0.000000
3 3 0.000000 0.000000 0.000438 0.999562 0.000000
3 3 0.000039 0.000033 0.007554 0.992339 0.000035
3 3 0.000028 0.000188 0.129528 0.870183 0.000072
3 3 0.001039 0.001250 0.182809 0.814682 0.000220
3 3 0.000136 0.000166 0.045398 0.954237 0.000063
3 3 0.000005 0.000003 0.006395 0.993595 0.000002
3 3 0.000078 0.000051 0.009620 0.990209 0.000042
3 3 0.000004 0.000005 0.008023 0.991964 0.000003
3 3 0.000003 0.000006 0.008381 0.991605 0.000005
3 3 0.000529 0.000581 0.187836 0.810987 0.000068
3 3 0.003147 0.000429 0.015635 0.980615 0.000174
3 3 0.000882 0.000045 0.003413 0.995641 0.000019
3 3 0.000001 0.000001 0.003629 0.996367 0.000001
3 3 0.000015 0.000004 0.001765 0.998213 0.000004
3 3 0.000000 0.000002 0.019953 0.980044 0.000001
3 3 0.000134 0.000056 0.046110 0.953694 0.000006
3 3 0.000030 0.000011 0.004770 0.995180 0.000008
3 3 0.000001 0.000000 0.000283 0.999715 0.000000
3 3 0.000001 0.000000 0.000656 0.999343 0.000000
3 3 0.000001 0.000002 0.004634 0.995361 0.000002
3 3 0.000013 0.000009 0.009786 0.990187 0.000004
3 3 0.000000 0.000000 0.000181 0.999819 0.000000
3 3 0.000023 0.000002 0.000748 0.999226 0.000001
3 3 0.000001 0.000000 0.000707 0.999291 0.000000
3 3 0.000003 0.000001 0.001498 0.998497 0.000001
3 3 0.000000 0.000000 0.000613 0.999387 0.000000
3 3 0.000000 0.000000 0.000048 0.999952 0.000000
3 3 0.000001 0.000000 0.000969 0.999030 0.000000
3 3 0.000001 0.000000 0.000294 0.999705 0.000000
3 3 0.000139 0.000065 0.007671 0.992064 0.000060
3 3 0.000005 0.000002 0.001434 0.998557 0.000002
3 3 0.000086 0.000026 0.004482 0.995384 0.000022
3 3 0.000002 0.000002 0.005477 0.994517 0.000002
3 3 0.000000 0.000000 0.001211 0.998789 0.000000
3 3 0.000006 0.000002 0.001263 0.998728 0.000002
3 3 0.000000 0.000000 0.000220 0.999780 0.000000
3 3 0.000004 0.000001 0.000642 0.999354 0.000001
3 3 0.000000 0.000000 0.001326 0.998673 0.000001
3 3 0.000000 0.000000 0.000836 0.999164 0.000000
3 3 0.000002 0.000002 0.002286 0.997708 0.000002
3 3 0.000000 0.000000 0.001680 0.998319 0.000000
3 3 0.000029 0.000009 0.002760 0.997193 0.000008
3 3 0.000007 0.000001 0.001293 0.998698 0.000001
3 3 0.000000 0.000001 0.006812 0.993186 0.000001
3 3 0.000000 0.000000 0.000810 0.999189 0.000000
3 3 0.000004 0.000001 0.001253 0.998740 0.000001
3 3 0.000079 0.000032 0.005320 0.994539 0.000030
3 3 0.000006 0.000003 0.001897 0.998092 0.000003
3 3 0.000007 0.000001 0.001062 0.998928 0.000001
3 3 0.000000 0.000000 0.000487 0.999512 0.000000
3 3 0.000002 0.000002 0.002037 0.997956 0.000002
3 3 0.000000 0.000000 0.002990 0.997010 0.000000
3 3 0.000003 0.000003 0.003224 0.996766 0.000004
3 3 0.000032 0.000014 0.003963 0.995977 0.000014
3 3 0.000016 0.000002 0.000825 0.999156 0.000001
3 3 0.000000 0.000000 0.000598 0.999401 0.000000
3 3 0.000000 0.000000 0.000640 0.999361 0.000000
3 3 0.000000 0.000000 0.000342 0.999658 0.000000
3 3 0.000001 0.000001 0.001183 0.998815 0.000001
3 3 0.000005 0.000004 0.002714 0.997273 0.000004
3 3 0.000012 0.000006 0.004060 0.995918 0.000004
3 3 0.000010 0.000007 0.003635 0.996342 0.000007
3 3 0.000002 0.000002 0.002473 0.997521 0.000002
3 3 0.000012 0.000013 0.005919 0.994040 0.000016
3 3 0.000005 0.000001 0.001126 0.998866 0.000001
3 3 0.000389 0.000032 0.003896 0.995669 0.000014
3 3 0.000002 0.000001 0.001041 0.998955 0.000001
3 3 0.000001 0.000002 0.004513 0.995481 0.000003
3 3 0.000003 0.000001 0.001515 0.998480 0.000001
3 3 0.000001 0.000001 0.001346 0.998652 0.000001
3 3 0.000005 0.000004 0.003301 0.996686 0.000004
3 3 0.000108 0.000053 0.011970 0.987841 0.000028
3 3 0.000007 0.000004 0.002706 0.997278 0.000004
3 3 0.000000 0.000000 0.000834 0.999165 0.000000
3 3 0.000000 0.000000 0.001225 0.998774 0.000000
3 3 0.000004 0.000004 0.003135 0.996852 0.000005
3 3 0.002741 0.000920 0.034781 0.960585 0.000974
2 2 0.001207 0.019632 0.627556 0.319381 0.032224
2 2 0.000027 0.000787 0.648412 0.348655 0.002119
2 2 0.000001 0.000504 0.749696 0.249467 0.000332
2 2 0.000799 0.021185 0.767643 0.083062 0.127312
2 2 0.000128 0.004466 0.653332 0.321532 0.020541
2 2 0.000185 0.008422 0.798407 0.151603 0.041383
2 2 0.000144 0.006631 0.583758 0.397279 0.012189
2 2 0.000283 0.035417 0.892142 0.053695 0.018464
3 2 0.000312 0.003355 0.187537 0.805005 0.003791
2 2 0.000325 0.017469 0.809330 0.138220 0.034655
2 2 0.001074 0.029831 0.751721 0.122622 0.094752
2 2 0.000042 0.003323 0.675728 0.316133 0.004774
2 2 0.002444 0.046437 0.619868 0.239912 0.091338
4 2 0.011159 0.127196 0.413589 0.019235 0.428821
2 2 0.007054 0.085910 0.458877 0.020844 0.427315
2 2 0.001673 0.043530 0.740057 0.098134 0.116607
2 2 0.000042 0.012010 0.964739 0.007307 0.015902
2 2 0.000099 0.008820 0.917002 0.035256 0.038822
2 2 0.000863 0.023079 0.770966 0.136215 0.068877
4 2 0.007454 0.087176 0.359991 0.007615 0.537765
2 2 0.005607 0.067320 0.580714 0.105637 0.240723
4 2 0.018000 0.102404 0.304574 0.040513 0.534508
2 2 0.000851 0.021385 0.741783 0.133486 0.102495
2 2 0.005565 0.084453 0.581999 0.047818 0.280164
2 2 0.000003 0.001864 0.933454 0.063698 0.000982
2 2 0.000011 0.003557 0.874172 0.119881 0.002380
2 2 0.000046 0.007753 0.842405 0.143694 0.006102
3 2 0.000012 0.000496 0.191110 0.807680 0.000701
2 2 0.000058 0.007754 0.819475 0.164941 0.007771
2 2 0.000038 0.009585 0.939644 0.043492 0.007241
2 2 0.000361 0.023974 0.867506 0.066312 0.041846
2 2 0.000012 0.004393 0.954264 0.036901 0.004430
2 2 0.000000 0.000107 0.869131 0.130682 0.000080
2 2 0.000006 0.000796 0.892109 0.106466 0.000623
2 2 0.000001 0.000282 0.928563 0.070952 0.000201
2 2 0.000000 0.000340 0.976617 0.022202 0.000841
2 2 0.000000 0.000480 0.985352 0.013360 0.000808
2 2 0.000094 0.010410 0.930983 0.023200 0.035313
2 2 0.000001 0.000101 0.640435 0.359348 0.000116
2 2 0.000033 0.004149 0.972779 0.002309 0.020729
2 2 0.000024 0.002554 0.960558 0.020676 0.016187
2 2 0.000024 0.003892 0.952863 0.025873 0.017348
2 2 0.000054 0.006877 0.912266 0.064804 0.015999
2 2 0.000009 0.002524 0.948034 0.044361 0.005072
2 2 0.000015 0.002104 0.907074 0.086452 0.004355
2 2 0.000003 0.001083 0.906866 0.090470 0.001578
2 2 0.000001 0.000258 0.941422 0.057687 0.000632
2 2 0.000000 0.000063 0.987090 0.012794 0.000053
2 2 0.000010 0.000778 0.940418 0.057232 0.001562
2 2 0.000023 0.003254 0.691519 0.302282 0.002922
2 2 0.000032 0.005688 0.843886 0.144878 0.005515
2 2 0.000015 0.000849 0.968548 0.030373 0.000215
2 2 0.000001 0.000364 0.769782 0.229698 0.000154
2 2 0.000006 0.001130 0.949163 0.046988 0.002713
2 2 0.000014 0.000815 0.519561 0.478589 0.001021
2 2 0.000023 0.002715 0.747420 0.246943 0.002899
2 2 0.000021 0.001595 0.872958 0.125006 0.000421
2 2 0.000003 0.000595 0.619248 0.379422 0.000732
2 2 0.000006 0.001115 0.797145 0.199147 0.002587
2 2 0.000010 0.001254 0.887193 0.106710 0.004833
2 2 0.000012 0.000248 0.738922 0.260673 0.000144
3 2 0.000005 0.000328 0.420981 0.578253 0.000433
2 2 0.000003 0.000297 0.850624 0.148528 0.000548
3 2 0.000029 0.001183 0.250060 0.747242 0.001486
3 2 0.000009 0.000365 0.330884 0.667858 0.000884
2 2 0.000004 0.000474 0.972380 0.027121 0.000021
2 1 0.013236 0.019479 0.555109 0.409788 0.002388
2 2 0.000016 0.001450 0.974375 0.023343 0.000815
2 2 0.000009 0.000197 0.977988 0.021793 0.000013
2 2 0.000003 0.000343 0.731139 0.268323 0.000191
2 2 0.000053 0.004269 0.910590 0.078005 0.007083
2 2 0.000278 0.006925 0.827247 0.143409 0.022142
2 2 0.000426 0.013885 0.686931 0.285164 0.013593
3 2 0.000011 0.000164 0.092827 0.906847 0.000152
3 2 0.000003 0.000028 0.080686 0.919273 0.000011
2 2 0.000021 0.000764 0.922229 0.076943 0.000042
3 2 0.000194 0.001373 0.432269 0.565870 0.000294
2 2 0.000001 0.000022 0.998281 0.001696 0.000001
2 2 0.000804 0.003160 0.590041 0.405602 0.000393
3 2 0.000036 0.000279 0.303857 0.695779 0.000050
3 2 0.000002 0.000003 0.024470 0.975526 0.000000
3 2 0.000003 0.000019 0.171942 0.828034 0.000002
3 2 0.000082 0.000682 0.414750 0.584371 0.000116
3 2 0.005467 0.003713 0.139230 0.847552 0.004038
3 1 0.003501 0.017725 0.281042 0.683761 0.013971
2 2 0.000351 0.010373 0.687805 0.285101 0.016369
3 2 0.000034 0.000611 0.283136 0.715621 0.000598
2 2 0.000024 0.002652 0.896259 0.096870 0.004195
2 2 0.000071 0.002591 0.653682 0.337295 0.006359
3 2 0.000000 0.000010 0.336801 0.663184 0.000005
2 2 0.000000 0.000001 0.532968 0.467031 0.000000
2 2 0.000032 0.000369 0.716836 0.282727 0.000036
3 2 0.000002 0.000055 0.288697 0.711233 0.000013
2 2 0.000000 0.000101 0.527261 0.472585 0.000052
3 2 0.000001 0.000014 0.052813 0.947166 0.000007
3 3 0.000002 0.000034 0.247818 0.752141 0.000006
3 3 0.000014 0.000128 0.082541 0.917228 0.000090
3 3 0.000007 0.000159 0.154503 0.845228 0.000103
3 3 0.000000 0.000015 0.262270 0.737708 0.000007
3 3 0.000000 0.000013 0.266907 0.733072 0.000008
2 1 0.000136 0.001299 0.620267 0.378141 0.000158
2 2 0.000637 0.005294 0.594991 0.397960 0.001118
2 2 0.000672 0.012531 0.679813 0.277794 0.029190
2 2 0.001125 0.017902 0.631390 0.334921 0.014661
3 2 0.000033 0.000119 0.287504 0.712334 0.000009
2 2 0.000087 0.002134 0.628785 0.368363 0.000631
3 2 0.000354 0.001564 0.462652 0.535052 0.000378
2 2 0.000015 0.000212 0.584572 0.415184 0.000017
3 2 0.000697 0.000184 0.010754 0.988176 0.000190
3 2 0.000060 0.000119 0.077388 0.922379 0.000053
3 2 0.000000 0.000002 0.079523 0.920475 0.000000
3 2 0.000029 0.000018 0.006773 0.993167 0.000014
3 2 0.001110 0.000394 0.048315 0.949920 0.000260
2 1 0.001753 0.007199 0.682228 0.307808 0.001013
2 2 0.000035 0.000607 0.774588 0.224725 0.000045
2 2 0.000611 0.003515 0.956806 0.038872 0.000196
2 2 0.000007 0.000079 0.617557 0.382354 0.000003
2 2 0.000001 0.000022 0.579030 0.420946 0.000001
2 2 0.000015 0.000227 0.948403 0.051352 0.000003
2 2 0.000007 0.000067 0.967680 0.032246 0.000001
2 2 0.000001 0.000074 0.840821 0.159100 0.000004
2 1 0.006282 0.041087 0.843124 0.098178 0.011329
3 2 0.000007 0.000049 0.467621 0.532322 0.000002
2 2 0.001772 0.005269 0.818787 0.173944 0.000229
2 2 0.000437 0.005150 0.917342 0.076778 0.000294
2 2 0.000183 0.001621 0.856758 0.141363 0.000076
2 2 0.000252 0.000286 0.574733 0.424725 0.000005
2 1 0.073134 0.039767 0.801151 0.052473 0.033474
2 2 0.063381 0.043839 0.857587 0.030166 0.005027
0 1 0.888271 0.076448 0.028276 0.000180 0.006825
1 1 0.058791 0.347439 0.303471 0.006868 0.283431
2 1 0.005054 0.011234 0.840496 0.142751 0.000466
3 2 0.007187 0.001996 0.435824 0.554945 0.000048
2 2 0.131694 0.148136 0.716611 0.002583 0.000977
2 2 0.010817 0.027740 0.958994 0.002340 0.000110
2 1 0.011177 0.293207 0.650613 0.000001 0.045003
1 2 0.184621 0.463022 0.236528 0.001333 0.114496
0 2 0.933046 0.020804 0.003457 0.000001 0.042693
4 1 0.314349 0.185074 0.027665 0.000057 0.472855
2 2 0.006424 0.164210 0.821963 0.001547 0.005857
0 1 0.414096 0.360640 0.218184 0.000599 0.006481
0 1 0.638972 0.302710 0.054789 0.000136 0.003393
1 1 0.367172 0.523753 0.098763 0.000063 0.010249
1 1 0.274322 0.565195 0.146862 0.000308 0.013314
2 2 0.003847 0.169069 0.817684 0.001325 0.008074
2 2 0.001578 0.007230 0.986739 0.004418 0.000036
2 2 0.001179 0.007205 0.988058 0.003521 0.000037
2 2 0.029417 0.121175 0.837619 0.008503 0.003286
2 2 0.000788 0.008839 0.989865 0.000487 0.000021
2 2 0.005563 0.030073 0.961970 0.002199 0.000195
2 2 0.007723 0.020156 0.953984 0.017869 0.000268
2 2 0.008051 0.022107 0.961000 0.008645 0.000197
2 2 0.003540 0.090690 0.893696 0.006304 0.005770
2 2 0.007600 0.057760 0.896506 0.034134 0.003999
2 2 0.003328 0.065733 0.929209 0.000905 0.000825
2 2 0.004176 0.021600 0.925482 0.047819 0.000923
2 2 0.003703 0.003026 0.912316 0.080932 0.000023
1 2 0.217206 0.638362 0.141476 0.000015 0.002941
0 2 0.480870 0.395056 0.112815 0.000784 0.010476
2 2 0.011732 0.055679 0.924949 0.006715 0.000924
2 2 0.002847 0.012596 0.973940 0.010480 0.000136
2 2 0.000885 0.005461 0.968115 0.025445 0.000094
2 2 0.000760 0.005379 0.986073 0.007743 0.000046
2 2 0.243061 0.025375 0.723039 0.008421 0.000104
2 2 0.376199 0.152525 0.464245 0.005669 0.001363
2 2 0.107470 0.099799 0.758402 0.031946 0.002382
0 1 0.828955 0.076582 0.067458 0.019608 0.007396
1 1 0.169051 0.594647 0.213456 0.000634 0.022213
2 2 0.202651 0.199322 0.510528 0.070615 0.016885
0 2 0.369099 0.322004 0.289983 0.002416 0.016498
0 0 0.570794 0.289278 0.041010 0.000001 0.098916
0 1 0.640273 0.277080 0.077388 0.000285 0.004974
2 2 0.017829 0.120353 0.860161 0.000752 0.000906
2 2 0.015299 0.040239 0.935336 0.008670 0.000457
2 2 0.004237 0.033443 0.930477 0.030159 0.001684
2 2 0.014855 0.338562 0.642450 0.000134 0.003998
2 2 0.123775 0.049823 0.758005 0.067001 0.001396
2 1 0.277264 0.355617 0.361953 0.001010 0.004156
2 2 0.000674 0.055952 0.942024 0.000375 0.000974
2 2 0.000348 0.011165 0.982774 0.005429 0.000285
2 2 0.005001 0.016193 0.954582 0.023949 0.000275
2 0 0.003494 0.019299 0.965008 0.011883 0.000317
0 0 0.501848 0.388517 0.047633 0.000007 0.061994
2 1 0.015899 0.297242 0.678658 0.000637 0.007564
2 2 0.011470 0.129552 0.845025 0.007470 0.006483
0 2 0.403967 0.379326 0.201542 0.001919 0.013246
0 0 0.878692 0.039476 0.061607 0.014625 0.005599
1 1 0.432365 0.433418 0.122343 0.000660 0.011214
1 2 0.041547 0.496667 0.450105 0.000316 0.011364
1 2 0.302362 0.470887 0.174831 0.000662 0.051258
1 1 0.210697 0.481278 0.206602 0.003531 0.097892
2 2 0.000264 0.018138 0.980369 0.000927 0.000301
2 2 0.000265 0.009987 0.988860 0.000762 0.000125
2 2 0.000755 0.008590 0.987081 0.003501 0.000073
2 2 0.000957 0.005887 0.989402 0.003725 0.000029
2 2 0.000591 0.000770 0.974833 0.023800 0.000007
2 2 0.000011 0.001177 0.997744 0.001059 0.000009
2 2 0.000074 0.010199 0.829587 0.152950 0.007190
2 2 0.002178 0.041765 0.641121 0.028995 0.285941
2 2 0.000760 0.023479 0.821720 0.071784 0.082256
2 4 0.000610 0.026890 0.810782 0.017299 0.144420
2 4 0.004129 0.148174 0.682052 0.022046 0.143598
2 4 0.002953 0.041650 0.526107 0.020685 0.408605
4 4 0.009295 0.074180 0.398555 0.038623 0.479346
2 4 0.002311 0.044759 0.607969 0.018938 0.326022
4 4 0.039153 0.059620 0.044670 0.001886 0.854672
2 4 0.007881 0.054909 0.430982 0.093992 0.412237
4 4 0.007184 0.023863 0.115079 0.004684 0.849191
4 4 0.042565 0.075252 0.038212 0.001439 0.842532
4 4 0.011762 0.193584 0.339229 0.003454 0.451971
4 4 0.009854 0.218735 0.368034 0.002282 0.401095
4 4 0.004647 0.049470 0.288503 0.003555 0.653825
4 4 0.038449 0.171840 0.128813 0.005023 0.655874
2 4 0.017126 0.137379 0.410910 0.074635 0.359950
4 4 0.032857 0.131357 0.072116 0.000990 0.762679
4 4 0.005540 0.037293 0.345903 0.028032 0.583231
4 4 0.042526 0.123751 0.120447 0.012681 0.700595
2 4 0.002473 0.056720 0.484032 0.003261 0.453514
2 4 0.000316 0.025940 0.847898 0.000593 0.125253
2 4 0.001020 0.058031 0.776980 0.006455 0.157515
4 4 0.010735 0.070101 0.316394 0.025297 0.577473
4 4 0.013491 0.023441 0.021397 0.000219 0.941453
2 4 0.001927 0.076271 0.688014 0.006761 0.227027
2 4 0.000455 0.028469 0.860140 0.016425 0.094513
2 4 0.002097 0.038790 0.578554 0.014999 0.365560
4 4 0.002769 0.018001 0.107274 0.000496 0.871460
4 4 0.022282 0.018839 0.005198 0.000032 0.953649
4 4 0.023427 0.016472 0.003294 0.000015 0.956792
4 4 0.020472 0.051729 0.077377 0.003597 0.846825
4 4 0.013855 0.046386 0.144110 0.009802 0.785847
4 4 0.019770 0.074354 0.166856 0.013586 0.725434
4 4 0.014816 0.113445 0.143796 0.001123 0.726819
4 4 0.028620 0.022100 0.004403 0.000027 0.944850
4 4 0.023941 0.015652 0.002752 0.000011 0.957643
2 4 0.001713 0.129266 0.783446 0.000136 0.085439
2 4 0.003458 0.070566 0.618720 0.022815 0.284441
4 4 0.010062 0.057234 0.354174 0.064445 0.514084
4 4 0.035413 0.033561 0.007798 0.000079 0.923150
4 4 0.057514 0.092255 0.031821 0.001225 0.817184
4 4 0.029953 0.088905 0.120089 0.010167 0.750886
4 4 0.017142 0.097953 0.234482 0.013588 0.636836
4 4 0.050451 0.070639 0.022324 0.000601 0.855985
4 4 0.013400 0.052383 0.051407 0.000288 0.882521
2 4 0.002078 0.037440 0.526361 0.009281 0.424840
4 4 0.038209 0.127719 0.158720 0.021063 0.654289
2 4 0.001877 0.050944 0.652645 0.011290 0.283245
4 4 0.009392 0.037015 0.152873 0.007430 0.793291
4 4 0.025492 0.117486 0.217677 0.022284 0.617061
2 4 0.000253 0.024535 0.949273 0.001649 0.024290
2 4 0.001186 0.039025 0.771569 0.031117 0.157103
4 4 0.003398 0.014757 0.120459 0.002293 0.859092
4 4 0.039759 0.012139 0.002503 0.000013 0.945585
4 4 0.009006 0.012340 0.015774 0.000149 0.962731
4 4 0.009779 0.011816 0.014910 0.000142 0.963352
4 4 0.007361 0.007279 0.008064 0.000044 0.977252
4 1 0.138294 0.022211 0.003014 0.000001 0.836480
2 2 0.087774 0.145947 0.727075 0.008912 0.030292
2 2 0.003547 0.186287 0.716674 0.020604 0.072888
2 2 0.003210 0.157031 0.822301 0.001211 0.016248
2 2 0.000369 0.044569 0.929789 0.004331 0.020943
2 2 0.000997 0.023327 0.737673 0.181217 0.056786
2 2 0.007260 0.150187 0.701769 0.047865 0.092919
2 2 0.000039 0.010813 0.967694 0.018446 0.003009
2 2 0.000025 0.004232 0.881239 0.112682 0.001822
1 2 0.208457 0.443678 0.250334 0.018287 0.079245
1 1 0.220751 0.318667 0.266890 0.010914 0.182779
2 2 0.005128 0.042467 0.768453 0.174505 0.009448
2 2 0.000130 0.002428 0.952661 0.043411 0.001369
2 2 0.000099 0.004218 0.988247 0.006096 0.001340
2 2 0.000003 0.000214 0.734462 0.265287 0.000034
2 2 0.000842 0.066817 0.863195 0.009206 0.059939
2 2 0.000010 0.002611 0.939754 0.055184 0.002442
2 2 0.000001 0.001112 0.967444 0.030298 0.001144
2 2 0.000000 0.000019 0.903778 0.096202 0.000001
2 2 0.000063 0.001582 0.935673 0.061450 0.001232
2 2 0.000002 0.000295 0.990178 0.009398 0.000127
2 2 0.000011 0.000885 0.982598 0.016428 0.000078
2 2 0.000003 0.001321 0.909837 0.087165 0.001673
2 2 0.000001 0.000831 0.938175 0.060291 0.000702
2 2 0.000000 0.000130 0.996860 0.002857 0.000152
2 2 0.000001 0.000210 0.961053 0.038665 0.000072
2 2 0.000000 0.000619 0.988231 0.010903 0.000246
2 2 0.000065 0.010184 0.945945 0.008797 0.035009
2 2 0.000056 0.003564 0.911813 0.071962 0.012605
2 2 0.000007 0.000447 0.563567 0.435823 0.000157
2 2 0.000008 0.000956 0.988942 0.009108 0.000986
2 2 0.000003 0.001037 0.993705 0.003228 0.002027
3 2 0.000052 0.002324 0.431657 0.561383 0.004583
2 2 0.000329 0.010250 0.533522 0.436175 0.019724
2 2 0.000021 0.004917 0.922379 0.066304 0.006378
2 2 0.000001 0.000088 0.508461 0.491369 0.000081
3 2 0.000001 0.000090 0.357733 0.642141 0.000035
2 2 0.000002 0.001613 0.957254 0.040132 0.000999
2 2 0.000001 0.000147 0.729673 0.270105 0.000075
3 2 0.000000 0.000042 0.305058 0.694876 0.000025
3 2 0.000006 0.000297 0.232231 0.767213 0.000253
3 2 0.000002 0.000022 0.033999 0.965956 0.000021
2 2 0.000378 0.003026 0.811706 0.173538 0.011352
3 2 0.000005 0.000018 0.025212 0.974754 0.000010
3 2 0.000001 0.000005 0.014910 0.985081 0.000004
3 2 0.000003 0.000005 0.005000 0.994985 0.000007
3 3 0.000007 0.000018 0.009735 0.990216 0.000024
3 3 0.000004 0.000004 0.006902 0.993088 0.000002
3 3 0.000104 0.000083 0.016374 0.983278 0.000161
3 3 0.000000 0.000007 0.298455 0.701536 0.000001
3 3 0.000001 0.000012 0.025472 0.974503 0.000012
3 3 0.000005 0.000074 0.095601 0.904270 0.000050
3 3 0.000028 0.000275 0.098722 0.900752 0.000223
3 3 0.000014 0.000025 0.011053 0.988884 0.000025
3 3 0.000022 0.000024 0.010438 0.989483 0.000033
3 3 0.000015 0.000025 0.009380 0.990551 0.000029
3 3 0.000001 0.000008 0.028536 0.971450 0.000005
3 3 0.000001 0.000006 0.030655 0.969334 0.000004
3 3 0.000392 0.000248 0.037806 0.961467 0.000087
3 3 0.000553 0.000364 0.018370 0.980376 0.000336
3 3 0.001022 0.000762 0.026451 0.971063 0.000702
3 3 0.000000 0.000002 0.022965 0.977032 0.000002
3 3 0.000060 0.000055 0.009626 0.990201 0.000058
3 3 0.000000 0.000004 0.064141 0.935853 0.000002
3 3 0.000013 0.000008 0.003968 0.996004 0.000008
3 3 0.000082 0.000038 0.007130 0.992704 0.000046
3 3 0.000000 0.000002 0.006847 0.993147 0.000003
3 3 0.000018 0.000026 0.008658 0.991266 0.000031
3 3 0.000002 0.000001 0.001505 0.998491 0.000001
3 3 0.000001 0.000001 0.003406 0.996591 0.000001
3 3 0.000000 0.000001 0.004923 0.995075 0.000001
3 3 0.000001 0.000002 0.003907 0.996086 0.000003
3 3 0.000015 0.000037 0.012865 0.987035 0.000048
3 3 0.000000 0.000001 0.001903 0.998095 0.000001
3 3 0.000001 0.000001 0.001481 0.998516 0.000001
3 3 0.000001 0.000002 0.003995 0.995998 0.000003
3 3 0.000650 0.000382 0.017819 0.980804 0.000345
3 3 0.000044 0.000159 0.099298 0.900447 0.000051
3 3 0.000005 0.000021 0.027155 0.972807 0.000012
3 3 0.000006 0.000004 0.002445 0.997542 0.000004
3 3 0.000000 0.000000 0.000580 0.999420 0.000000
3 3 0.000002 0.000007 0.010430 0.989554 0.000007
3 3 0.000022 0.000015 0.004831 0.995117 0.000015
3 3 0.000000 0.000001 0.003762 0.996234 0.000002
3 3 0.000000 0.000001 0.003261 0.996738 0.000001
3 3 0.000001 0.000002 0.003568 0.996427 0.000003
3 3 0.000000 0.000002 0.022316 0.977680 0.000002
3 3 0.000012 0.000009 0.004742 0.995225 0.000012
3 3 0.000028 0.000008 0.002590 0.997366 0.000007
3 3 0.000004 0.000003 0.002445 0.997545 0.000003
3 3 0.000006 0.000008 0.011527 0.988455 0.000003
3 3 0.001913 0.000914 0.042572 0.952629 0.001971
3 3 0.000001 0.000018 0.060072 0.939895 0.000014
3 3 0.000006 0.000004 0.002940 0.997045 0.000005
3 3 0.000014 0.000009 0.003688 0.996280 0.000009
3 3 0.000028 0.000021 0.005818 0.994110 0.000022
3 3 0.000000 0.000000 0.005640 0.994360 0.000000
3 3 0.000000 0.000000 0.000263 0.999737 0.000000
3 3 0.000001 0.000001 0.001418 0.998579 0.000001
3 3 0.000001 0.000005 0.011628 0.988362 0.000005
3 3 0.000029 0.000020 0.005565 0.994365 0.000021
3 3 0.000048 0.000066 0.012495 0.987317 0.000074
3 3 0.000008 0.000002 0.001768 0.998219 0.000003
3 3 0.000007 0.000001 0.001235 0.998755 0.000002
3 3 0.000034 0.000011 0.002955 0.996990 0.000010
3 3 0.000013 0.000012 0.014638 0.985333 0.000004
3 3 0.000005 0.000007 0.004810 0.995168 0.000009
3 3 0.000028 0.000021 0.005959 0.993969 0.000022
3 3 0.000000 0.000001 0.003563 0.996436 0.000001
3 3 0.000000 0.000002 0.063420 0.936578 0.000000
2 3 0.000020 0.000320 0.563723 0.435900 0.000037
2 3 0.013655 0.018692 0.745129 0.221468 0.001057
2 3 0.000411 0.002889 0.860462 0.136096 0.000141
2 3 0.000896 0.002853 0.884469 0.111602 0.000181
3 3 0.000245 0.000584 0.142346 0.856472 0.000353
3 3 0.000549 0.000959 0.283284 0.715095 0.000112
2 3 0.000042 0.000687 0.990072 0.009156 0.000042
2 3 0.000777 0.003213 0.699427 0.296049 0.000535
3 3 0.000248 0.000654 0.113255 0.885578 0.000265
3 2 0.000015 0.000612 0.358970 0.640040 0.000363
2 2 0.000171 0.002935 0.508049 0.487763 0.001083
2 2 0.000055 0.001683 0.669917 0.327929 0.000416
2 2 0.001268 0.004808 0.737529 0.256054 0.000341
2 2 0.000067 0.001581 0.544425 0.453432 0.000495
3 2 0.000047 0.000388 0.218611 0.780829 0.000125
2 2 0.000948 0.005975 0.724884 0.267509 0.000683
2 2 0.006577 0.010316 0.683667 0.298134 0.001306
2 2 0.000043 0.000330 0.584481 0.415125 0.000022
3 2 0.000559 0.002565 0.309115 0.686989 0.000772
3 2 0.000245 0.000931 0.188097 0.810384 0.000343
3 2 0.000002 0.000012 0.108301 0.891683 0.000002
3 2 0.000069 0.000091 0.054062 0.945754 0.000024
2 2 0.001184 0.007351 0.642923 0.347308 0.001233
3 2 0.000004 0.000152 0.215975 0.783779 0.000090
3 2 0.000181 0.000494 0.039509 0.959228 0.000588
2 2 0.002478 0.006516 0.687426 0.302703 0.000877
2 2 0.000460 0.002111 0.655905 0.341130 0.000394
3 2 0.000508 0.000633 0.091991 0.906674 0.000194
0 0 0.803756 0.070265 0.118398 0.005413 0.002169
2 1 0.000609 0.035712 0.959110 0.002040 0.002529
2 2 0.000008 0.002202 0.974382 0.021847 0.001562
2 2 0.000018 0.001729 0.980085 0.017704 0.000464
2 2 0.000000 0.000250 0.986504 0.013212 0.000033
2 2 0.000008 0.000986 0.992839 0.005921 0.000246
2 2 0.000706 0.025305 0.968646 0.001347 0.003997
2 2 0.000003 0.000409 0.994556 0.004976 0.000057
2 2 0.001038 0.004699 0.976991 0.014267 0.003005
2 2 0.000047 0.001567 0.988205 0.010050 0.000131
2 2 0.000027 0.001102 0.952037 0.046094 0.000740
2 2 0.000106 0.015137 0.934127 0.032068 0.018562
2 2 0.000398 0.014143 0.837483 0.094103 0.053873
2 2 0.001667 0.026046 0.841396 0.082920 0.047971
2 2 0.000003 0.000973 0.802941 0.195080 0.001003
2 2 0.000002 0.001586 0.985838 0.011554 0.001021
2 2 0.000009 0.001766 0.919486 0.077062 0.001678
2 2 0.000003 0.001932 0.971887 0.023943 0.002235
2 2 0.000043 0.010506 0.960222 0.005213 0.024017
2 2 0.000143 0.012172 0.884854 0.076092 0.026738
2 2 0.000188 0.012637 0.880800 0.064909 0.041466
2 2 0.000173 0.008097 0.752803 0.212589 0.026339
2 2 0.001054 0.031174 0.761459 0.033875 0.172438
2 2 0.000422 0.027168 0.818955 0.004194 0.149261
2 2 0.000471 0.020109 0.843954 0.047699 0.087766
2 2 0.000370 0.016411 0.845207 0.036272 0.101739
2 2 0.001334 0.040890 0.772961 0.068121 0.116696
2 2 0.000087 0.022338 0.973536 0.000612 0.003426
4 1 0.165208 0.259371 0.104318 0.003321 0.467781
2 2 0.002424 0.108805 0.758644 0.061208 0.068919
2 2 0.009560 0.126793 0.544510 0.135923 0.183213
2 2 0.012438 0.148214 0.539806 0.112420 0.187123
2 2 0.002246 0.073049 0.716614 0.019156 0.188935
2 2 0.000206 0.014508 0.807500 0.156271 0.021516
2 2 0.001865 0.040755 0.715617 0.076225 0.165539
2 2 0.000699 0.049463 0.834445 0.008623 0.106771
2 2 0.000026 0.007301 0.939645 0.047326 0.005702
2 2 0.000765 0.055417 0.855807 0.040059 0.047952
2 2 0.000310 0.046047 0.817747 0.000581 0.135316
2 2 0.001567 0.014109 0.503717 0.060562 0.420045
2 2 0.000957 0.023584 0.743268 0.045731 0.186460
2 2 0.000831 0.041464 0.827433 0.023286 0.106986
2 2 0.009078 0.099984 0.513666 0.075883 0.301390
2 2 0.001514 0.049810 0.772557 0.078030 0.098089
2 2 0.000037 0.007389 0.947456 0.033003 0.012114
2 2 0.000037 0.010506 0.963403 0.003371 0.022682
2 2 0.000104 0.013009 0.912310 0.056601 0.017977
2 2 0.000021 0.006015 0.955985 0.030560 0.007418
2 2 0.000434 0.012420 0.935739 0.000401 0.051006
0 1 0.756930 0.062991 0.009972 0.000015 0.170093
2 2 0.005429 0.121531 0.851027 0.010355 0.011659
2 2 0.000897 0.024320 0.971781 0.002532 0.000469
2 2 0.000211 0.021875 0.976029 0.001248 0.000636
2 2 0.003865 0.045238 0.942844 0.006793 0.001259
2 2 0.008069 0.044441 0.834473 0.107930 0.005087
2 2 0.007234 0.023580 0.965921 0.002051 0.001213
2 2 0.000844 0.003793 0.953457 0.041842 0.000064
2 2 0.000640 0.004793 0.991415 0.003130 0.000022
2 2 0.000146 0.011688 0.986892 0.001040 0.000234
2 2 0.000180 0.012660 0.954875 0.030428 0.001858
2 2 0.000064 0.010679 0.984985 0.003636 0.000636
2 2 0.000288 0.024947 0.964997 0.007547 0.002222
2 2 0.000510 0.009065 0.964755 0.025274 0.000395
2 2 0.001544 0.017659 0.949402 0.030530 0.000865
2 2 0.000049 0.004414 0.850738 0.143262 0.001537
2 2 0.000283 0.009536 0.974586 0.014373 0.001222
2 2 0.000007 0.001630 0.982746 0.015477 0.000141
2 1 0.192124 0.080298 0.435698 0.284128 0.007752
3 2 0.016254 0.010035 0.469029 0.503929 0.000752
2 2 0.000438 0.016448 0.979846 0.002900 0.000368
2 2 0.015409 0.039522 0.779923 0.160956 0.004189
2 2 0.003230 0.011208 0.706188 0.277889 0.001485
2 2 0.000025 0.002191 0.994186 0.003556 0.000042
2 2 0.002984 0.018552 0.971751 0.006299 0.000414
2 2 0.000295 0.004728 0.827686 0.166700 0.000589
2 2 0.000006 0.000397 0.977584 0.022003 0.000010
2 2 0.000292 0.010873 0.966262 0.021230 0.001342
2 2 0.000677 0.008276 0.969197 0.021606 0.000243
2 2 0.001269 0.009291 0.762817 0.225310 0.001314
2 2 0.000300 0.005213 0.974762 0.019172 0.000552
2 2 0.000624 0.011429 0.979158 0.007687 0.001102
2 2 0.000262 0.001501 0.943403 0.054784 0.000051
2 2 0.000102 0.001401 0.952754 0.045702 0.000042
2 1 0.006786 0.025817 0.966890 0.000333 0.000173
2 2 0.084191 0.142907 0.770821 0.000357 0.001725
0 1 0.545274 0.159631 0.035837 0.000217 0.259042
2 2 0.003214 0.017006 0.966861 0.009297 0.003622
2 2 0.002263 0.019637 0.974766 0.003148 0.000187
2 2 0.319208 0.135519 0.508110 0.028501 0.008662
2 2 0.001927 0.027474 0.954848 0.014409 0.001342
2 2 0.000152 0.002850 0.960893 0.036005 0.000101
2 2 0.000015 0.001279 0.997702 0.000996 0.000008
2 2 0.001889 0.030061 0.963263 0.004167 0.000620
2 2 0.001897 0.019824 0.968630 0.009219 0.000430
2 2 0.000065 0.001478 0.983241 0.015177 0.000039
2 2 0.004826 0.017653 0.972393 0.004917 0.000210
2 2 0.000002 0.000137 0.995116 0.004744 0.000001
2 2 0.000001 0.000172 0.999671 0.000156 0.000000
2 2 0.000027 0.000794 0.996434 0.002740 0.000004
2 2 0.000120 0.003591 0.963638 0.032472 0.000179
2 2 0.000316 0.005999 0.953328 0.040041 0.000316
2 2 0.000374 0.005443 0.977879 0.016181 0.000124
2 2 0.000000 0.000008 0.989449 0.010543 0.000000
2 2 0.000008 0.000266 0.891762 0.107952 0.000011
2 2 0.000008 0.000479 0.960144 0.039325 0.000045
2 2 0.000010 0.000687 0.999114 0.000183 0.000006
2 2 0.000896 0.007850 0.926408 0.064461 0.000385
2 2 0.000420 0.004441 0.845749 0.149017 0.000373
2 2 0.000963 0.009388 0.915869 0.072381 0.001400
2 2 0.000073 0.002039 0.894468 0.103244 0.000176
2 2 0.000304 0.007686 0.990952 0.001010 0.000047
2 2 0.000075 0.000878 0.792091 0.206903 0.000054
2 2 0.000000 0.000013 0.843668 0.156318 0.000000
2 2 0.053010 0.022586 0.898996 0.021862 0.003545
2 2 0.000047 0.000035 0.542688 0.457230 0.000000
2 2 0.011856 0.024022 0.873131 0.090060 0.000931
1 1 0.073258 0.406000 0.393272 0.007082 0.120388
2 2 0.000592 0.021184 0.970736 0.006118 0.001370
2 2 0.000029 0.002196 0.988810 0.008884 0.000080
2 2 0.000922 0.008426 0.807873 0.181782 0.000997
2 2 0.000022 0.000577 0.966940 0.032448 0.000012
2 2 0.000021 0.002485 0.921030 0.075822 0.000642
2 2 0.000329 0.004528 0.982334 0.012557 0.000252
2 2 0.000011 0.000307 0.958842 0.040834 0.000006
2 2 0.000007 0.000498 0.963451 0.036022 0.000021
2 2 0.000009 0.001771 0.995069 0.002999 0.000153
2 2 0.000094 0.004898 0.977443 0.016687 0.000879
2 2 0.000003 0.000357 0.726326 0.272814 0.000500
2 2 0.000000 0.000071 0.997051 0.002876 0.000003
2 2 0.000015 0.003294 0.975507 0.020726 0.000458
3 2 0.000025 0.001251 0.430764 0.567073 0.000888
2 2 0.000005 0.000126 0.571556 0.428293 0.000020
2 2 0.000041 0.000887 0.967183 0.031869 0.000019
2 2 0.000042 0.002223 0.985029 0.012320 0.000386
3 2 0.000001 0.000118 0.461599 0.538214 0.000068
3 2 0.000000 0.000003 0.301695 0.698301 0.000001
3 2 0.000000 0.000018 0.422483 0.577493 0.000006
2 2 0.000009 0.000782 0.548676 0.449707 0.000826
2 2 0.000000 0.000060 0.690262 0.309650 0.000028
2 2 0.000025 0.000678 0.998427 0.000812 0.000059
2 2 0.000007 0.000723 0.962542 0.036470 0.000258
3 2 0.000525 0.005733 0.428793 0.561122 0.003826
3 2 0.000117 0.000863 0.336968 0.661210 0.000843
2 2 0.000001 0.000080 0.971301 0.028616 0.000002
2 2 0.000001 0.000159 0.995681 0.004142 0.000017
2 2 0.000001 0.000073 0.954633 0.045288 0.000005
2 2 0.000010 0.000355 0.908414 0.091206 0.000016
2 2 0.000001 0.000111 0.860209 0.139552 0.000127
2 2 0.000480 0.025962 0.967381 0.000091 0.006086
0 2 0.489776 0.248063 0.192698 0.001812 0.067651
2 2 0.000024 0.002483 0.991673 0.005742 0.000077
2 2 0.000002 0.000073 0.850701 0.149222 0.000002
2 2 0.006087 0.041283 0.856820 0.088272 0.007538
2 2 0.005587 0.074409 0.577586 0.073883 0.268536
2 2 0.000906 0.051084 0.834582 0.057021 0.056407
2 2 0.000471 0.056032 0.910758 0.016979 0.015760
2 2 0.000629 0.039502 0.860659 0.031220 0.067990
2 2 0.000182 0.020675 0.906200 0.050666 0.022277
2 2 0.000427 0.030009 0.878937 0.024663 0.065964
4 4 0.007251 0.069705 0.411624 0.023551 0.487870
2 4 0.004917 0.086304 0.528519 0.014249 0.366012
2 4 0.000286 0.023484 0.893418 0.015580 0.067233
2 4 0.000091 0.008332 0.873882 0.003553 0.114143
4 4 0.006731 0.025718 0.090641 0.001493 0.875417
4 4 0.036284 0.045588 0.015929 0.000279 0.901920
2 4 0.001150 0.041431 0.796023 0.055600 0.105795
2 4 0.012773 0.121241 0.521162 0.002727 0.342096
4 4 0.007094 0.033929 0.251069 0.022577 0.685332
4 4 0.013966 0.030389 0.049404 0.001329 0.904912
4 2 0.004361 0.022130 0.108918 0.001108 0.863484
4 2 0.013901 0.028560 0.042863 0.001029 0.913647
4 2 0.004313 0.002269 0.000978 0.000001 0.992439
4 2 0.004176 0.018836 0.200105 0.010957 0.765926
4 2 0.003597 0.013472 0.128007 0.004268 0.850656
4 2 0.010524 0.020134 0.033451 0.000587 0.935304
4 2 0.021913 0.005994 0.003966 0.000001 0.968126
4 1 0.096154 0.013859 0.001627 0.000001 0.888359
2 1 0.000396 0.022338 0.852777 0.000163 0.124326
2 2 0.000589 0.036076 0.853893 0.060084 0.049358
2 2 0.000245 0.011815 0.751362 0.212970 0.023608
2 2 0.003201 0.041037 0.517558 0.025675 0.412529
4 4 0.007646 0.035035 0.234162 0.020053 0.703105
4 4 0.044029 0.135026 0.134839 0.016408 0.669697
2 4 0.001811 0.050471 0.744989 0.048295 0.154435
4 4 0.036336 0.123381 0.163071 0.021580 0.655632
4 4 0.043345 0.080203 0.042794 0.001786 0.831873
4 4 0.008985 0.064280 0.109185 0.000484 0.817066
2 4 0.001231 0.060001 0.777661 0.000864 0.160243
2 4 0.013823 0.189311 0.499207 0.004924 0.292735
2 4 0.000413 0.021724 0.835759 0.013943 0.128160
2 4 0.002883 0.034587 0.610693 0.058796 0.293041
2 4 0.000195 0.013994 0.893714 0.045862 0.046235
4 4 0.013571 0.117708 0.392638 0.035004 0.441079
2 4 0.001588 0.059404 0.740668 0.014487 0.183853
2 4 0.001242 0.065150 0.793552 0.013282 0.126774
2 4 0.000636 0.051394 0.834825 0.005800 0.107345
2 4 0.010620 0.122188 0.492107 0.052655 0.322430
4 1 0.008213 0.042011 0.254177 0.010761 0.684838
4 1 0.040810 0.036452 0.005112 0.000000 0.917626
2 1 0.001384 0.048294 0.730516 0.013540 0.206267
2 4 0.002310 0.036088 0.519623 0.013358 0.428621
4 4 0.022329 0.053577 0.037750 0.000502 0.885841
4 4 0.015174 0.006562 0.000846 0.000001 0.977417
4 4 0.026976 0.019705 0.003766 0.000020 0.949534
4 4 0.046747 0.192246 0.227663 0.060879 0.472465
4 4 0.030693 0.113225 0.188845 0.026649 0.640587
4 4 0.037586 0.071745 0.044909 0.001805 0.843956
4 4 0.016460 0.035969 0.051960 0.001568 0.894043
4 4 0.009307 0.007136 0.003193 0.000009 0.980355
4 4 0.020293 0.037210 0.035559 0.000875 0.906063
4 4 0.022310 0.063811 0.078517 0.002726 0.832636
2 4 0.001703 0.040939 0.703326 0.031089 0.222943
4 4 0.012987 0.061142 0.172373 0.007188 0.746309
2 4 0.005276 0.077653 0.605986 0.113141 0.197944
4 4 0.022166 0.191019 0.329337 0.023024 0.434455
4 4 0.030594 0.090362 0.099716 0.005755 0.773573
4 4 0.017003 0.082889 0.184286 0.008874 0.706947
4 4 0.007428 0.065841 0.419623 0.033267 0.473841
4 4 0.058754 0.110509 0.032841 0.000005 0.797891
2 4 0.006584 0.080943 0.511557 0.019657 0.381259
