0 0 0.766075 0.031592 0.011147 0.000032 0.191155
0 0 0.870063 0.024377 0.005091 0.000013 0.100456
0 0 0.601229 0.024858 0.002582 0.000001 0.371331
4 0 0.234235 0.019635 0.001376 0.000000 0.744754
4 0 0.380006 0.014495 0.000788 0.000000 0.604711
4 0 0.428355 0.030652 0.001790 0.000000 0.539203
4 0 0.137120 0.044349 0.001742 0.000000 0.816789
4 0 0.252071 0.046489 0.006408 0.000002 0.695030
4 0 0.077458 0.030468 0.002165 0.000000 0.889908
4 0 0.266773 0.072404 0.005166 0.000002 0.655654
0 0 0.447786 0.186760 0.028549 0.000001 0.336904
4 0 0.399736 0.127022 0.009206 0.000008 0.464028
4 0 0.215457 0.057923 0.005187 0.000000 0.721432
0 0 0.661329 0.040093 0.004269 0.000002 0.294306
0 0 0.880429 0.013490 0.001874 0.000001 0.104206
4 0 0.407010 0.023857 0.036524 0.000100 0.532509
4 0 0.443325 0.029540 0.003144 0.000001 0.523990
4 0 0.150779 0.280679 0.021967 0.000004 0.546571
4 0 0.340356 0.112103 0.020423 0.000005 0.527113
4 0 0.305289 0.074823 0.007880 0.000007 0.612001
4 1 0.053017 0.014271 0.000630 0.000000 0.932082
4 1 0.372186 0.086014 0.008084 0.000000 0.533716
4 1 0.110640 0.139101 0.007813 0.000004 0.742441
4 1 0.216224 0.173906 0.017302 0.000010 0.592558
0 0 0.690001 0.211123 0.013161 0.000009 0.085707
0 0 0.964385 0.014816 0.003907 0.000038 0.016854
0 0 0.864344 0.054193 0.005742 0.000022 0.075699
0 0 0.618625 0.211850 0.024077 0.000052 0.145396
4 0 0.396178 0.041548 0.003419 0.000001 0.558854
4 0 0.477075 0.014285 0.000976 0.000000 0.507664
4 0 0.158295 0.207630 0.018245 0.000004 0.615825
4 1 0.029981 0.044987 0.003049 0.000001 0.921982
4 1 0.062583 0.121898 0.021008 0.000007 0.794504
4 1 0.012604 0.138575 0.015156 0.000001 0.833665
4 1 0.040481 0.045102 0.005820 0.000000 0.908596
4 1 0.016874 0.310479 0.077316 0.000121 0.595210
4 2 0.007636 0.163577 0.362233 0.001306 0.465247
1 2 0.018203 0.438747 0.292629 0.000224 0.250197
4 1 0.135370 0.152016 0.031907 0.000092 0.680616
4 2 0.039113 0.214110 0.047297 0.000002 0.699479
2 2 0.006026 0.293678 0.366365 0.005572 0.328359
2 2 0.004141 0.110883 0.590317 0.029035 0.265624
2 2 0.001931 0.014497 0.846307 0.055748 0.081517
2 2 0.000747 0.014161 0.837586 0.140531 0.006975
2 2 0.005175 0.053467 0.741557 0.059227 0.140574
2 2 0.000142 0.015319 0.951813 0.003353 0.029373
2 2 0.000214 0.005759 0.966546 0.020873 0.006608
2 2 0.002940 0.012680 0.907385 0.020292 0.056703
2 2 0.004061 0.040424 0.787431 0.006800 0.161284
2 2 0.007800 0.146660 0.600975 0.002712 0.241853
2 2 0.002279 0.012354 0.969586 0.007692 0.008090
2 2 0.000436 0.033637 0.951040 0.004164 0.010724
2 2 0.001038 0.010706 0.900446 0.080911 0.006898
2 2 0.003502 0.013672 0.798294 0.145792 0.038741
2 2 0.000123 0.001986 0.587711 0.405145 0.005035
2 2 0.000244 0.002469 0.821073 0.168499 0.007714
3 2 0.000158 0.002269 0.321297 0.670385 0.005890
2 2 0.000077 0.002854 0.653685 0.338458 0.004925
2 2 0.000868 0.004826 0.827046 0.155169 0.012091
2 2 0.004940 0.006201 0.948764 0.034097 0.005998
2 2 0.001452 0.010806 0.886327 0.091029 0.010387
2 2 0.000373 0.010139 0.961604 0.017020 0.010865
2 2 0.002286 0.011093 0.883791 0.101064 0.001765
3 2 0.000116 0.000973 0.127771 0.868654 0.002486
2 2 0.000649 0.006862 0.530445 0.460492 0.001552
3 2 0.000009 0.000160 0.105482 0.893651 0.000697
3 2 0.000005 0.000174 0.243741 0.755832 0.000249
2 2 0.000173 0.003960 0.565076 0.423741 0.007050
3 2 0.000138 0.000472 0.039951 0.959196 0.000244
3 2 0.000122 0.000572 0.043870 0.954958 0.000477
3 3 0.000071 0.000806 0.114549 0.884363 0.000211
3 3 0.000881 0.002208 0.062008 0.933511 0.001392
3 3 0.000580 0.002608 0.201209 0.794725 0.000878
3 3 0.000573 0.003814 0.454054 0.540775 0.000783
3 3 0.000310 0.002160 0.170617 0.824705 0.002209
3 3 0.000053 0.000415 0.099071 0.900388 0.000073
3 3 0.000003 0.000036 0.050332 0.949617 0.000013
3 3 0.000008 0.000140 0.089001 0.910612 0.000239
3 3 0.000251 0.001219 0.227785 0.767800 0.002945
3 3 0.000109 0.000447 0.031879 0.967443 0.000122
3 3 0.000129 0.001380 0.218804 0.779221 0.000466
3 3 0.000111 0.000457 0.032303 0.966596 0.000533
3 3 0.000635 0.001569 0.037976 0.958906 0.000915
3 3 0.000307 0.000944 0.119972 0.877186 0.001591
3 3 0.000022 0.000365 0.167417 0.832178 0.000018
3 3 0.000417 0.000770 0.016517 0.982181 0.000114
3 3 0.000035 0.000212 0.032326 0.967377 0.000051
3 3 0.000035 0.000117 0.010192 0.989629 0.000028
3 3 0.000238 0.001396 0.106695 0.891487 0.000184
3 3 0.000317 0.000396 0.006481 0.992785 0.000020
3 3 0.000219 0.003320 0.312814 0.682161 0.001486
3 3 0.000449 0.001901 0.175265 0.821342 0.001043
3 3 0.004895 0.008813 0.250587 0.731550 0.004155
2 3 0.000042 0.003229 0.842234 0.149217 0.005279
2 3 0.000353 0.005698 0.571572 0.411067 0.011310
3 3 0.000405 0.000892 0.046983 0.951562 0.000158
3 3 0.000033 0.000239 0.043636 0.956014 0.000079
3 3 0.000151 0.001116 0.121578 0.876689 0.000466
3 3 0.000518 0.001291 0.033754 0.963703 0.000734
3 3 0.000865 0.001711 0.030684 0.966490 0.000250
3 3 0.000063 0.000209 0.014570 0.984977 0.000181
3 3 0.000777 0.000897 0.032879 0.965309 0.000138
3 3 0.000181 0.000236 0.004842 0.994729 0.000012
3 3 0.000021 0.000348 0.156037 0.843441 0.000152
3 3 0.000040 0.000239 0.033617 0.965961 0.000142
3 3 0.005353 0.003603 0.093642 0.893182 0.004220
3 3 0.000213 0.000540 0.019435 0.979552 0.000260
3 3 0.000282 0.001482 0.095095 0.902349 0.000792
3 3 0.000025 0.000089 0.009029 0.990780 0.000077
3 3 0.000242 0.000599 0.020187 0.978697 0.000275
3 3 0.000010 0.000055 0.010856 0.989059 0.000020
3 3 0.000056 0.000153 0.009290 0.990439 0.000063
3 3 0.000422 0.000702 0.013584 0.985193 0.000099
3 3 0.000122 0.000256 0.009311 0.990253 0.000057
3 3 0.000092 0.001010 0.062079 0.936328 0.000491
3 3 0.000214 0.000444 0.020866 0.978175 0.000302
3 3 0.000291 0.000347 0.005606 0.993741 0.000015
3 3 0.000198 0.001227 0.105827 0.892645 0.000104
3 3 0.000007 0.000052 0.015992 0.983926 0.000023
3 3 0.000002 0.000017 0.009164 0.990797 0.000020
3 3 0.000054 0.000313 0.021342 0.977861 0.000430
3 3 0.000227 0.000347 0.016310 0.982946 0.000169
3 3 0.000001 0.000006 0.001771 0.998217 0.000004
3 3 0.000032 0.000094 0.007507 0.992319 0.000048
3 3 0.000548 0.000995 0.019142 0.979113 0.000202
3 3 0.003351 0.004523 0.036019 0.955828 0.000279
3 3 0.002574 0.009265 0.193169 0.793535 0.001456
3 3 0.000289 0.002324 0.233495 0.756747 0.007146
2 2 0.005254 0.096621 0.798364 0.046574 0.053186
3 2 0.001034 0.003812 0.105632 0.881367 0.008155
2 2 0.006685 0.042354 0.827105 0.034021 0.089835
2 2 0.003399 0.062597 0.702882 0.021383 0.209740
2 2 0.000343 0.004817 0.704115 0.285059 0.005667
2 2 0.000113 0.002537 0.527708 0.465322 0.004321
2 2 0.000022 0.000939 0.707496 0.290617 0.000926
2 2 0.000229 0.004701 0.768174 0.225747 0.001149
2 2 0.000188 0.005614 0.796040 0.195280 0.002878
3 2 0.000463 0.005270 0.385332 0.600941 0.007994
2 2 0.000404 0.005815 0.637576 0.350542 0.005663
2 2 0.000135 0.005279 0.874453 0.116495 0.003638
2 2 0.004725 0.015327 0.752519 0.223858 0.003571
2 2 0.000072 0.001573 0.511100 0.486816 0.000439
3 2 0.000008 0.000043 0.010141 0.989744 0.000065
3 2 0.000930 0.007826 0.448088 0.536846 0.006310
2 2 0.000187 0.002708 0.629955 0.366575 0.000575
2 2 0.001381 0.004947 0.640084 0.352872 0.000716
3 2 0.000056 0.000737 0.175602 0.823247 0.000358
3 2 0.000534 0.004391 0.368711 0.621366 0.004998
3 2 0.000052 0.000528 0.112831 0.886368 0.000221
3 3 0.000020 0.000423 0.237911 0.761208 0.000438
2 3 0.000608 0.004355 0.653264 0.341199 0.000574
3 3 0.000843 0.006843 0.405317 0.584727 0.002270
2 3 0.000174 0.001329 0.690608 0.305354 0.002535
3 3 0.000141 0.001016 0.111378 0.887108 0.000357
3 3 0.001550 0.002734 0.171692 0.823790 0.000233
3 3 0.001092 0.001214 0.047026 0.949404 0.001264
3 3 0.000030 0.000150 0.041051 0.958693 0.000075
3 3 0.000045 0.000363 0.065250 0.934227 0.000114
3 3 0.000041 0.000400 0.087293 0.911947 0.000319
3 3 0.000042 0.000533 0.148787 0.850524 0.000113
3 3 0.008753 0.007396 0.047327 0.935709 0.000816
3 3 0.000211 0.000679 0.032423 0.966642 0.000045
3 3 0.000099 0.000255 0.012080 0.987503 0.000064
3 3 0.000143 0.000105 0.011286 0.988386 0.000080
3 3 0.001291 0.001545 0.034494 0.962521 0.000149
3 3 0.000120 0.000431 0.051553 0.947724 0.000172
3 3 0.000152 0.001235 0.123994 0.873774 0.000845
3 3 0.000802 0.001309 0.024476 0.973094 0.000319
3 3 0.001689 0.003327 0.048109 0.946780 0.000096
3 3 0.000501 0.000981 0.020795 0.977474 0.000248
3 3 0.001596 0.002052 0.020000 0.976178 0.000174
3 3 0.000048 0.000105 0.005509 0.994322 0.000015
3 3 0.000036 0.000065 0.003070 0.996823 0.000006
3 3 0.022943 0.006080 0.026379 0.944581 0.000017
0 2 0.387177 0.186625 0.294176 0.130007 0.002015
1 2 0.089852 0.408990 0.368154 0.009556 0.123448
2 2 0.016979 0.180759 0.599080 0.061116 0.142065
2 2 0.000250 0.004757 0.729339 0.262384 0.003269
3 2 0.000289 0.002791 0.264222 0.729470 0.003228
3 2 0.000117 0.001867 0.408291 0.588464 0.001262
2 2 0.257219 0.180155 0.550920 0.002849 0.008857
2 2 0.000334 0.022902 0.964150 0.006728 0.005886
2 2 0.000893 0.004712 0.592641 0.399410 0.002345
0 0 0.720269 0.126043 0.034316 0.000908 0.118464
4 1 0.026132 0.154234 0.234245 0.000028 0.585361
2 2 0.001616 0.043583 0.922856 0.006001 0.025944
2 2 0.000999 0.028384 0.892359 0.024374 0.053884
2 2 0.000438 0.013772 0.974875 0.002445 0.008470
2 2 0.000400 0.032298 0.963115 0.001058 0.003129
2 2 0.003076 0.141311 0.723256 0.006525 0.125831
2 2 0.000616 0.039578 0.906170 0.025291 0.028346
2 2 0.000013 0.001552 0.953796 0.043875 0.000763
3 2 0.000217 0.003003 0.363944 0.625982 0.006854
2 2 0.000573 0.003678 0.840980 0.145479 0.009290
2 2 0.003133 0.031117 0.839249 0.085969 0.040532
3 2 0.000839 0.003060 0.222579 0.770906 0.002616
3 2 0.009090 0.044024 0.356319 0.538043 0.052524
2 2 0.000512 0.004754 0.768803 0.224037 0.001894
2 2 0.000760 0.011497 0.966865 0.015995 0.004883
2 2 0.001434 0.003913 0.989250 0.004087 0.001316
2 2 0.001054 0.089748 0.830300 0.011095 0.067803
3 2 0.000431 0.003062 0.420062 0.568857 0.007588
2 2 0.000232 0.033703 0.895018 0.023251 0.047796
2 2 0.000486 0.048762 0.907530 0.000563 0.042660
2 2 0.000341 0.050300 0.933191 0.002504 0.013663
4 2 0.005254 0.148789 0.204385 0.030780 0.610792
2 2 0.005184 0.165458 0.610224 0.007053 0.212081
2 2 0.002491 0.180635 0.546260 0.009564 0.261049
2 2 0.009036 0.260202 0.401151 0.014157 0.315455
2 2 0.000469 0.021013 0.909490 0.054032 0.014996
1 4 0.022877 0.367489 0.258269 0.002221 0.349143
4 4 0.005748 0.295849 0.286627 0.001363 0.410413
2 4 0.016095 0.273658 0.406348 0.002006 0.301894
2 4 0.004856 0.240298 0.411901 0.001196 0.341750
4 4 0.001879 0.216810 0.256250 0.000151 0.524910
2 4 0.004573 0.300787 0.568504 0.002200 0.123936
2 4 0.007432 0.222029 0.545424 0.000370 0.224745
4 4 0.011635 0.170588 0.245693 0.000081 0.572004
4 4 0.006983 0.361914 0.239687 0.000494 0.390922
4 4 0.000673 0.251599 0.252333 0.000214 0.495181
4 4 0.025878 0.053668 0.018942 0.000060 0.901452
4 4 0.012107 0.123556 0.066158 0.001449 0.796730
4 4 0.006006 0.301092 0.057910 0.000199 0.634792
4 4 0.004633 0.256342 0.108540 0.002129 0.628357
4 4 0.012506 0.238817 0.141142 0.001218 0.606317
2 4 0.000763 0.191176 0.466851 0.002435 0.338775
2 4 0.007254 0.176518 0.619523 0.000903 0.195803
2 4 0.003316 0.067753 0.631736 0.000464 0.296732
4 4 0.013570 0.112431 0.077763 0.000025 0.796211
2 4 0.005708 0.135243 0.804839 0.000938 0.053272
2 4 0.003741 0.077622 0.628337 0.000999 0.289301
4 2 0.001927 0.087069 0.399964 0.005684 0.505356
4 2 0.001905 0.153602 0.307443 0.012676 0.524374
2 2 0.003810 0.149490 0.771448 0.004926 0.070326
2 2 0.004059 0.258240 0.553625 0.000130 0.183947
2 2 0.008822 0.136573 0.590899 0.000170 0.263535
2 2 0.001985 0.050387 0.856755 0.000340 0.090532
2 2 0.001719 0.033639 0.951530 0.002739 0.010373
2 2 0.000142 0.009447 0.980349 0.006734 0.003327
2 2 0.001444 0.115774 0.604649 0.000754 0.277379
2 2 0.007934 0.078755 0.787391 0.000501 0.125419
2 2 0.003393 0.105394 0.834097 0.003884 0.053232
2 2 0.054444 0.048838 0.719316 0.169298 0.008105
2 2 0.006495 0.091094 0.826869 0.016598 0.058944
2 2 0.000554 0.052756 0.874566 0.008003 0.064120
2 2 0.000156 0.007275 0.985214 0.002862 0.004493
2 2 0.000081 0.005985 0.958024 0.023151 0.012759
2 2 0.000648 0.016824 0.930675 0.030950 0.020903
2 2 0.000671 0.032459 0.947180 0.011506 0.008184
2 2 0.000172 0.019298 0.955347 0.010889 0.014294
2 2 0.000218 0.013137 0.967672 0.015535 0.003437
2 2 0.003173 0.019533 0.961367 0.004104 0.011823
2 2 0.000813 0.013493 0.947422 0.004142 0.034131
2 2 0.000863 0.010281 0.984822 0.001552 0.002483
2 2 0.003772 0.128524 0.771721 0.000579 0.095404
2 2 0.000256 0.004270 0.596213 0.387611 0.011650
2 2 0.000077 0.013119 0.966497 0.012380 0.007927
2 2 0.000233 0.017980 0.970905 0.003429 0.007453
2 2 0.001057 0.010830 0.946551 0.037037 0.004524
2 2 0.032833 0.068698 0.867928 0.028700 0.001841
1 0 0.249189 0.384216 0.336282 0.005007 0.025306
1 1 0.081604 0.440669 0.311952 0.000738 0.165036
4 0 0.114852 0.076377 0.023308 0.000081 0.785382
0 0 0.536439 0.260089 0.039538 0.000023 0.163912
1 1 0.303664 0.368122 0.039564 0.000063 0.288587
4 1 0.041787 0.198616 0.022862 0.000010 0.736725
4 2 0.008471 0.205167 0.061949 0.000064 0.724349
2 2 0.008047 0.175044 0.579858 0.002545 0.234506
2 2 0.002038 0.006215 0.950151 0.026532 0.015064
2 2 0.000282 0.005382 0.957969 0.018503 0.017865
2 2 0.000019 0.002451 0.952954 0.043014 0.001562
2 2 0.004377 0.082591 0.883116 0.007228 0.022688
2 2 0.000046 0.002263 0.962413 0.034421 0.000857
2 2 0.000069 0.001663 0.943641 0.053311 0.001317
2 2 0.000611 0.007812 0.902871 0.076447 0.012259
2 2 0.000363 0.018370 0.924377 0.006333 0.050556
2 2 0.000060 0.008272 0.950344 0.033505 0.007820
2 2 0.007928 0.039609 0.664643 0.021597 0.266223
2 2 0.017562 0.016801 0.757519 0.194294 0.013824
2 2 0.010424 0.082801 0.695226 0.047575 0.163974
2 2 0.000156 0.017425 0.973065 0.005407 0.003947
2 2 0.000070 0.003782 0.977906 0.014042 0.004200
2 2 0.000775 0.020265 0.853554 0.000039 0.125366
2 2 0.002419 0.043485 0.781808 0.005463 0.166825
2 2 0.000055 0.003008 0.846609 0.147441 0.002887
2 2 0.000417 0.021425 0.890707 0.048279 0.039173
2 2 0.000195 0.004334 0.947763 0.045753 0.001955
2 2 0.000347 0.004804 0.792862 0.196285 0.005702
2 2 0.002030 0.012489 0.871648 0.100145 0.013688
2 2 0.001895 0.008308 0.961882 0.017750 0.010166
2 2 0.000828 0.010033 0.710709 0.270312 0.008117
3 2 0.000265 0.001692 0.468766 0.527109 0.002168
2 2 0.000199 0.002308 0.885476 0.110627 0.001390
2 2 0.000351 0.002575 0.988789 0.007279 0.001007
3 2 0.000217 0.001310 0.366355 0.631718 0.000400
2 2 0.000099 0.005585 0.923229 0.067706 0.003380
2 2 0.000117 0.002923 0.771030 0.224318 0.001612
2 2 0.000027 0.000509 0.865975 0.133079 0.000411
2 2 0.013207 0.008440 0.843757 0.112673 0.021923
2 2 0.003173 0.011923 0.540437 0.431363 0.013104
2 2 0.029219 0.025396 0.876054 0.050682 0.018649
2 2 0.000037 0.001090 0.551287 0.445652 0.001934
3 2 0.000393 0.004067 0.388199 0.600284 0.007057
2 2 0.000055 0.001594 0.659148 0.338715 0.000488
3 2 0.000001 0.000033 0.065176 0.934786 0.000003
3 2 0.000121 0.000763 0.075898 0.919620 0.003598
2 2 0.004207 0.007390 0.785817 0.198504 0.004081
3 2 0.000029 0.000274 0.066829 0.932811 0.000057
3 2 0.000009 0.000152 0.173817 0.825763 0.000259
3 2 0.000164 0.000835 0.349304 0.649624 0.000072
3 2 0.014074 0.026843 0.336872 0.587878 0.034333
3 2 0.001828 0.002109 0.053285 0.941276 0.001503
3 2 0.008123 0.010182 0.114157 0.865986 0.001552
3 3 0.000964 0.000845 0.055062 0.941732 0.001396
3 3 0.000190 0.000609 0.028804 0.970321 0.000076
3 3 0.000682 0.000704 0.067132 0.931232 0.000251
2 3 0.033166 0.046706 0.662055 0.238138 0.019935
3 3 0.000394 0.002415 0.077063 0.916176 0.003953
3 3 0.000016 0.000223 0.041758 0.957745 0.000258
3 3 0.000104 0.000637 0.067432 0.931601 0.000227
3 3 0.000074 0.000228 0.013972 0.985567 0.000159
3 3 0.000112 0.000407 0.025171 0.973768 0.000541
3 3 0.000082 0.000136 0.008516 0.991216 0.000051
3 3 0.000067 0.000144 0.006563 0.993195 0.000030
3 3 0.000152 0.000438 0.019906 0.979207 0.000297
3 3 0.000090 0.000234 0.011490 0.988088 0.000098
3 3 0.000027 0.000077 0.006239 0.993625 0.000033
3 3 0.005173 0.001243 0.040208 0.953257 0.000118
3 3 0.001213 0.002007 0.027056 0.969358 0.000366
3 3 0.000552 0.002225 0.090369 0.905950 0.000904
3 3 0.000341 0.000951 0.032340 0.966235 0.000133
3 3 0.000158 0.000377 0.014141 0.985187 0.000137
3 3 0.000162 0.000212 0.011110 0.988439 0.000077
3 3 0.000017 0.000044 0.003691 0.996236 0.000011
3 3 0.000182 0.000581 0.036231 0.962919 0.000087
3 3 0.000019 0.000032 0.003070 0.996872 0.000007
3 3 0.000017 0.000042 0.003319 0.996613 0.000009
3 3 0.000547 0.000235 0.019393 0.979742 0.000083
3 3 0.001836 0.000741 0.009013 0.988382 0.000027
3 3 0.000313 0.000489 0.009895 0.989252 0.000052
3 3 0.000126 0.000251 0.008671 0.990903 0.000048
3 3 0.000506 0.000874 0.065549 0.932553 0.000518
3 3 0.000017 0.000051 0.004991 0.994920 0.000022
3 3 0.018965 0.006403 0.057681 0.915910 0.001041
3 3 0.000352 0.000731 0.015390 0.983412 0.000115
3 3 0.000034 0.000152 0.017115 0.982398 0.000301
3 3 0.000620 0.000936 0.014577 0.983760 0.000106
3 3 0.000338 0.000671 0.016460 0.982370 0.000161
3 3 0.000572 0.000407 0.012202 0.986749 0.000070
3 3 0.000001 0.000006 0.001832 0.998156 0.000004
3 3 0.000055 0.000134 0.007290 0.992480 0.000040
3 3 0.000006 0.000019 0.002873 0.997098 0.000004
3 3 0.000004 0.000016 0.003860 0.996102 0.000018
3 3 0.000021 0.000101 0.014286 0.985577 0.000015
3 3 0.000397 0.000324 0.008810 0.990431 0.000037
3 3 0.000067 0.000164 0.008454 0.991263 0.000053
3 3 0.000040 0.000155 0.009038 0.990699 0.000068
3 3 0.000086 0.000293 0.010747 0.988790 0.000083
0 1 0.968618 0.014513 0.008827 0.000674 0.007369
0 1 0.297444 0.115444 0.252622 0.042313 0.292178
2 2 0.000792 0.106646 0.722412 0.010891 0.159260
2 2 0.001258 0.073112 0.876469 0.012749 0.036412
2 2 0.000154 0.004112 0.984003 0.010616 0.001115
2 2 0.001542 0.049420 0.892908 0.005843 0.050287
2 2 0.023350 0.111998 0.576327 0.031843 0.256482
2 2 0.001203 0.036239 0.954526 0.005060 0.002971
2 2 0.000077 0.004059 0.974211 0.020928 0.000725
2 2 0.001193 0.018646 0.921988 0.049432 0.008740
2 2 0.016337 0.124351 0.710511 0.004218 0.144584
2 2 0.000138 0.013562 0.969122 0.004338 0.012840
2 2 0.001142 0.084384 0.848140 0.005079 0.061256
2 2 0.000162 0.008195 0.975076 0.012489 0.004077
2 2 0.029116 0.062575 0.813772 0.011194 0.083343
2 2 0.004643 0.162203 0.768893 0.004667 0.059594
2 2 0.008826 0.308182 0.566692 0.001688 0.114612
2 2 0.000359 0.023636 0.931395 0.018123 0.026487
2 2 0.002467 0.088495 0.837848 0.022065 0.049125
2 2 0.000104 0.016806 0.977547 0.001823 0.003719
2 2 0.000008 0.000474 0.971093 0.027870 0.000555
2 2 0.000076 0.002866 0.988924 0.005159 0.002975
2 2 0.001299 0.032263 0.847766 0.009601 0.109072
2 2 0.000759 0.026947 0.950985 0.000571 0.020739
2 2 0.000266 0.008515 0.927138 0.004982 0.059100
2 2 0.004171 0.036091 0.649171 0.029875 0.280692
2 2 0.000076 0.008418 0.983902 0.000565 0.007038
2 2 0.000191 0.008587 0.971649 0.017191 0.002382
4 1 0.040682 0.317331 0.229990 0.000039 0.411958
2 2 0.000525 0.029888 0.937851 0.002514 0.029223
2 2 0.000960 0.006560 0.920165 0.064728 0.007587
2 2 0.008171 0.048491 0.695005 0.001079 0.247254
2 2 0.004181 0.019915 0.931174 0.040161 0.004569
2 2 0.001491 0.004891 0.964726 0.016624 0.012268
2 2 0.000506 0.002522 0.989998 0.003211 0.003763
2 2 0.000303 0.004011 0.982261 0.010182 0.003243
2 2 0.002496 0.017780 0.955766 0.007397 0.016560
2 2 0.000222 0.005538 0.955649 0.036157 0.002433
2 2 0.009018 0.069043 0.771501 0.019537 0.130901
2 2 0.000460 0.003925 0.989244 0.005378 0.000993
2 2 0.000041 0.000395 0.997566 0.001701 0.000296
2 2 0.000013 0.000574 0.997620 0.001609 0.000184
2 2 0.000361 0.008437 0.960813 0.026541 0.003848
2 2 0.000260 0.003710 0.935460 0.053459 0.007111
2 2 0.000211 0.021604 0.929137 0.028615 0.020433
3 2 0.000081 0.001391 0.371957 0.625192 0.001378
2 2 0.000097 0.005575 0.909030 0.078745 0.006553
2 2 0.000943 0.006618 0.921178 0.044145 0.027117
2 2 0.000208 0.000943 0.968594 0.028710 0.001545
2 2 0.000357 0.003059 0.966260 0.026683 0.003641
2 2 0.004147 0.012193 0.956321 0.018221 0.009118
2 2 0.000009 0.000454 0.991395 0.007916 0.000225
2 2 0.004415 0.013226 0.878482 0.097638 0.006239
2 2 0.000129 0.002334 0.976380 0.019647 0.001510
2 2 0.002213 0.005411 0.987664 0.002887 0.001824
0 1 0.991848 0.004948 0.001667 0.000004 0.001533
2 2 0.058117 0.195934 0.501460 0.009235 0.235254
2 2 0.000128 0.003172 0.761439 0.234443 0.000818
2 2 0.000384 0.009257 0.894570 0.091786 0.004004
2 2 0.000284 0.003826 0.929225 0.059249 0.007416
2 2 0.002222 0.007018 0.980995 0.001883 0.007882
2 2 0.000764 0.004496 0.972814 0.017791 0.004135
2 2 0.000083 0.004900 0.955603 0.037663 0.001752
2 2 0.088131 0.043587 0.794675 0.027755 0.045851
0 1 0.730591 0.206133 0.023391 0.001136 0.038749
2 2 0.013424 0.051770 0.730096 0.052434 0.152277
3 2 0.000894 0.006393 0.339812 0.650361 0.002539
2 2 0.000270 0.016492 0.960252 0.006602 0.016385
2 2 0.000176 0.002793 0.968079 0.022685 0.006266
2 2 0.000010 0.000463 0.844163 0.154772 0.000591
2 2 0.000763 0.012448 0.931930 0.046388 0.008470
2 2 0.000191 0.005830 0.964047 0.024433 0.005499
2 2 0.000098 0.001328 0.973180 0.023634 0.001759
2 2 0.000777 0.001345 0.985050 0.008002 0.004826
2 2 0.023486 0.024106 0.909076 0.002110 0.041222
2 2 0.000045 0.001348 0.973412 0.023844 0.001351
2 2 0.001207 0.015162 0.895504 0.081531 0.006596
2 2 0.000069 0.001218 0.873906 0.123815 0.000991
2 2 0.000024 0.000601 0.935591 0.063370 0.000414
2 2 0.000614 0.003100 0.951083 0.041141 0.004061
3 2 0.000155 0.000523 0.229153 0.770002 0.000167
2 2 0.000181 0.000972 0.996125 0.002259 0.000462
3 2 0.000159 0.001250 0.210793 0.787584 0.000214
2 2 0.000452 0.004054 0.798348 0.195935 0.001210
2 2 0.000700 0.005148 0.972705 0.020704 0.000743
2 2 0.000290 0.002315 0.686490 0.310424 0.000482
3 2 0.011423 0.019738 0.442137 0.505847 0.020855
2 4 0.003021 0.043312 0.879848 0.006261 0.067558
2 4 0.001856 0.181531 0.693093 0.000240 0.123279
4 4 0.006527 0.206019 0.216558 0.000101 0.570795
4 4 0.007667 0.120324 0.191332 0.000154 0.680523
4 4 0.021943 0.154041 0.104858 0.000051 0.719108
4 4 0.001980 0.154919 0.220936 0.000748 0.621417
4 4 0.029143 0.050802 0.053675 0.000663 0.865717
4 4 0.018295 0.025681 0.004811 0.000003 0.951210
4 4 0.017827 0.018555 0.009978 0.000001 0.953640
4 4 0.010859 0.012570 0.007144 0.000004 0.969423
4 4 0.003778 0.007575 0.001572 0.000000 0.987074
4 4 0.033303 0.004589 0.000934 0.000000 0.961174
4 4 0.038793 0.163952 0.036713 0.000019 0.760523
4 4 0.015871 0.030038 0.012824 0.000026 0.941242
4 4 0.047589 0.024491 0.006142 0.000004 0.921774
4 4 0.005238 0.006854 0.010429 0.000020 0.977460
4 4 0.011203 0.054565 0.045814 0.000558 0.887861
2 4 0.000896 0.334841 0.517208 0.000096 0.146959
4 4 0.011109 0.394364 0.116804 0.000016 0.477707
4 4 0.018091 0.248655 0.193186 0.000010 0.540059
4 4 0.014442 0.210309 0.064180 0.000005 0.711065
4 4 0.022568 0.149325 0.183772 0.000349 0.643987
4 4 0.005232 0.037055 0.020408 0.000094 0.937212
4 4 0.003331 0.186065 0.275682 0.001272 0.533651
4 4 0.028652 0.063801 0.020665 0.000022 0.886860
4 4 0.020705 0.003190 0.005365 0.000003 0.970737
4 4 0.038048 0.023220 0.009144 0.000010 0.929578
4 4 0.065261 0.022955 0.007425 0.000006 0.904353
4 4 0.023388 0.005318 0.009396 0.000011 0.961887
4 4 0.071449 0.015256 0.026190 0.000100 0.887005
4 4 0.013595 0.015032 0.004796 0.000003 0.966573
4 4 0.012778 0.010963 0.003311 0.000001 0.972946
4 4 0.106516 0.066768 0.004660 0.000002 0.822054
4 1 0.025776 0.238356 0.018726 0.000038 0.717104
4 1 0.007926 0.169496 0.092144 0.000001 0.730433
4 1 0.022402 0.039217 0.003778 0.000001 0.934602
4 1 0.042886 0.222602 0.053261 0.000005 0.681246
2 1 0.005177 0.306508 0.590676 0.001018 0.096620
2 1 0.005151 0.223867 0.489337 0.001986 0.279660
1 1 0.003697 0.428935 0.319323 0.000584 0.247462
4 1 0.003319 0.053109 0.408435 0.001515 0.533622
4 1 0.050736 0.190002 0.219600 0.000094 0.539568
1 1 0.135481 0.466268 0.168558 0.000001 0.229693
4 1 0.038548 0.262186 0.201640 0.000002 0.497624
2 1 0.006671 0.239873 0.553800 0.000681 0.198974
4 4 0.003755 0.026100 0.051568 0.000014 0.918563
2 4 0.002165 0.211028 0.478927 0.000587 0.307292
4 4 0.002811 0.190346 0.188498 0.002169 0.616175
4 4 0.016818 0.319282 0.164726 0.000072 0.499103
4 4 0.020460 0.365585 0.119126 0.000005 0.494823
4 4 0.003395 0.316856 0.099487 0.000008 0.580254
1 4 0.004876 0.369500 0.347778 0.000026 0.277820
4 4 0.009812 0.194649 0.119425 0.000908 0.675205
2 4 0.000596 0.080926 0.755589 0.016761 0.146128
4 4 0.000898 0.034206 0.089634 0.001895 0.873367
4 4 0.011545 0.134236 0.101453 0.000006 0.752760
4 4 0.019822 0.005842 0.007162 0.000006 0.967169
4 4 0.050606 0.011726 0.058223 0.000675 0.878769
4 4 0.081680 0.036060 0.080639 0.001440 0.800181
4 4 0.030077 0.017040 0.009329 0.000011 0.943543
4 4 0.018264 0.004903 0.005691 0.000004 0.971138
4 4 0.022576 0.065097 0.024946 0.000019 0.887363
4 4 0.005758 0.063082 0.021680 0.000004 0.909476
4 4 0.007487 0.051549 0.011778 0.000006 0.929180
4 4 0.031293 0.014050 0.002595 0.000001 0.952062
4 4 0.010133 0.005752 0.004690 0.000003 0.979423
4 4 0.058336 0.014676 0.015218 0.000029 0.911741
4 4 0.046982 0.012577 0.018540 0.000048 0.921853
0 4 0.678744 0.089965 0.095165 0.000096 0.136030
4 4 0.202070 0.227408 0.056229 0.000003 0.514291
4 4 0.018188 0.073227 0.006046 0.000002 0.902537
4 4 0.044868 0.339873 0.147079 0.000710 0.467470
1 4 0.004693 0.429422 0.208195 0.000112 0.357578
2 4 0.000688 0.084124 0.615432 0.005810 0.293946
4 4 0.001504 0.100598 0.313000 0.000777 0.584121
4 4 0.004513 0.353274 0.195235 0.001282 0.445697
2 4 0.010155 0.194895 0.466672 0.013310 0.314969
4 4 0.003148 0.320143 0.183344 0.001139 0.492226
4 4 0.006641 0.222263 0.119373 0.000085 0.651638
2 4 0.001206 0.118935 0.700598 0.002172 0.177090
4 4 0.002877 0.293442 0.053234 0.000003 0.650444
4 4 0.002527 0.168301 0.097991 0.000413 0.730768
4 4 0.004940 0.114357 0.032120 0.000034 0.848549
4 4 0.004936 0.013675 0.004776 0.000003 0.976610
4 4 0.013813 0.022844 0.009945 0.000015 0.953383
4 4 0.003334 0.044929 0.009868 0.000021 0.941848
4 4 0.001030 0.379249 0.230029 0.000125 0.389567
2 2 0.000194 0.085527 0.867904 0.000201 0.046175
2 2 0.004833 0.290878 0.406117 0.002276 0.295897
4 2 0.001377 0.229892 0.067693 0.000191 0.700847
4 2 0.008340 0.332199 0.225068 0.000007 0.434386
4 2 0.004846 0.246816 0.193426 0.000199 0.554713
4 2 0.022734 0.189967 0.078158 0.000089 0.709052
4 2 0.009756 0.361307 0.089386 0.000019 0.539533
2 2 0.008659 0.293882 0.484567 0.007410 0.205483
4 2 0.018648 0.245211 0.088717 0.000039 0.647385
2 2 0.011526 0.125077 0.635411 0.014536 0.213450
2 2 0.005612 0.016688 0.710241 0.203334 0.064124
2 2 0.002099 0.037752 0.840045 0.050009 0.070094
2 2 0.001219 0.075558 0.878882 0.010302 0.034040
4 2 0.006147 0.161548 0.196863 0.027446 0.607996
1 2 0.004873 0.406293 0.239340 0.000303 0.349190
2 2 0.004436 0.209587 0.505446 0.000821 0.279709
2 2 0.004704 0.174879 0.672994 0.002218 0.145205
2 2 0.000735 0.040877 0.845631 0.016998 0.095759
2 2 0.000210 0.019964 0.965916 0.000504 0.013406
2 2 0.004435 0.197059 0.581641 0.002263 0.214602
2 2 0.001051 0.047848 0.888099 0.009345 0.053657
2 2 0.000121 0.018570 0.967695 0.004823 0.008791
2 2 0.000538 0.013056 0.891102 0.086325 0.008979
2 2 0.000149 0.007364 0.985099 0.001031 0.006357
2 2 0.013287 0.105630 0.609421 0.001669 0.269993
2 2 0.000426 0.038986 0.937177 0.000588 0.022823
2 2 0.000618 0.030607 0.953497 0.004544 0.010734
2 2 0.001415 0.024704 0.955344 0.000104 0.018433
2 2 0.000034 0.006541 0.990611 0.001478 0.001336
2 2 0.001103 0.141794 0.790345 0.000414 0.066343
2 2 0.006888 0.196949 0.533329 0.002024 0.260810
2 2 0.001316 0.007022 0.949982 0.032345 0.009334
2 2 0.002728 0.019067 0.918245 0.002426 0.057534
2 2 0.012792 0.109844 0.475717 0.001158 0.400489
2 2 0.001695 0.055561 0.811249 0.042650 0.088845
2 2 0.000550 0.016192 0.944771 0.016099 0.022388
2 2 0.000098 0.003149 0.988468 0.006540 0.001746
2 2 0.000393 0.005472 0.944178 0.044790 0.005168
2 2 0.000165 0.018565 0.956154 0.014892 0.010224
2 2 0.001831 0.008142 0.937254 0.040090 0.012683
2 2 0.003034 0.037244 0.844573 0.015873 0.099276
2 2 0.000239 0.046430 0.885027 0.001583 0.066721
2 2 0.000400 0.011489 0.974204 0.008976 0.004932
2 2 0.000040 0.001345 0.986627 0.009956 0.002031
2 2 0.000075 0.005027 0.967483 0.025921 0.001495
2 2 0.000388 0.010335 0.962792 0.005451 0.021034
2 2 0.050645 0.034642 0.877968 0.002138 0.034606
0 0 0.516016 0.091332 0.015094 0.000025 0.377532
4 1 0.007648 0.309091 0.254156 0.000125 0.428980
4 1 0.019066 0.347568 0.159930 0.000049 0.473387
4 2 0.034152 0.123503 0.406830 0.000046 0.435470
4 2 0.030872 0.126464 0.150913 0.000090 0.691661
2 2 0.002639 0.231702 0.500705 0.004977 0.259977
2 2 0.006182 0.086416 0.884221 0.010312 0.012870
2 2 0.000133 0.003856 0.982772 0.003809 0.009429
2 2 0.000807 0.071975 0.845568 0.000183 0.081467
2 2 0.003101 0.028078 0.931227 0.003976 0.033619
2 2 0.000977 0.033852 0.934092 0.000455 0.030625
2 2 0.000470 0.033852 0.938458 0.012133 0.015087
2 2 0.000266 0.038930 0.917300 0.011434 0.032069
2 2 0.000119 0.032527 0.939145 0.004913 0.023296
2 2 0.001374 0.049209 0.708542 0.006266 0.234609
2 2 0.007105 0.080932 0.632045 0.000078 0.279840
2 2 0.000911 0.069968 0.846403 0.005459 0.077258
2 2 0.001015 0.031467 0.931942 0.002476 0.033100
2 2 0.000895 0.045382 0.648543 0.138989 0.166192
2 2 0.000313 0.017428 0.896863 0.067909 0.017487
2 2 0.002359 0.036033 0.936052 0.001510 0.024047
2 2 0.001996 0.021686 0.960262 0.000557 0.015499
2 2 0.003871 0.020126 0.964227 0.004221 0.007554
2 2 0.000105 0.002806 0.758023 0.236886 0.002180
2 2 0.000506 0.004577 0.983235 0.008601 0.003083
2 2 0.001114 0.006864 0.698634 0.279361 0.014027
2 2 0.000455 0.011908 0.961777 0.019833 0.006027
2 2 0.000638 0.010005 0.984744 0.003056 0.001556
2 2 0.000104 0.000852 0.987205 0.011664 0.000175
2 2 0.000005 0.000314 0.860236 0.139081 0.000363
2 2 0.000072 0.001692 0.924011 0.072917 0.001309
2 2 0.004589 0.019990 0.905365 0.057533 0.012524
2 2 0.000058 0.001303 0.956155 0.041222 0.001262
2 2 0.000204 0.001837 0.540203 0.454726 0.003030
2 2 0.000578 0.005467 0.781145 0.205040 0.007771
2 2 0.002306 0.006014 0.918437 0.067532 0.005710
2 2 0.000430 0.003414 0.685173 0.307384 0.003598
2 2 0.000025 0.005477 0.953739 0.033914 0.006845
2 2 0.000292 0.005236 0.943865 0.047034 0.003573
2 2 0.000135 0.005051 0.874242 0.113886 0.006686
2 2 0.000018 0.000993 0.906307 0.091882 0.000800
2 2 0.002237 0.009452 0.945189 0.039070 0.004053
2 3 0.000067 0.001221 0.947896 0.049274 0.001543
2 3 0.001422 0.011150 0.499317 0.479720 0.008391
2 3 0.000970 0.008342 0.769835 0.219845 0.001007
2 3 0.003295 0.008760 0.961107 0.019116 0.007722
2 3 0.001030 0.010472 0.618067 0.366786 0.003644
3 3 0.000678 0.001646 0.168143 0.828347 0.001186
3 3 0.001701 0.002763 0.285646 0.705401 0.004489
3 3 0.000072 0.000660 0.382641 0.612542 0.004085
2 3 0.000005 0.000253 0.597223 0.401998 0.000522
3 3 0.000136 0.001529 0.252310 0.745309 0.000716
3 3 0.000080 0.000897 0.262527 0.736139 0.000356
3 3 0.000170 0.002027 0.097654 0.889784 0.010366
3 3 0.001581 0.002628 0.032929 0.962713 0.000149
3 3 0.000302 0.000671 0.088554 0.909977 0.000496
3 3 0.000024 0.000142 0.024399 0.975414 0.000021
3 3 0.000013 0.000154 0.063394 0.936342 0.000097
3 3 0.000397 0.001323 0.049956 0.947844 0.000480
3 3 0.000198 0.001504 0.152860 0.845120 0.000318
3 3 0.000025 0.000620 0.285260 0.712141 0.001953
3 3 0.000586 0.002324 0.449273 0.547694 0.000124
2 3 0.000754 0.006193 0.562679 0.429889 0.000484
3 3 0.001223 0.002784 0.133497 0.861493 0.001004
3 3 0.000477 0.001278 0.037850 0.960348 0.000048
3 2 0.005942 0.007703 0.048200 0.937265 0.000890
2 2 0.225123 0.140584 0.359103 0.005330 0.269860
4 2 0.100546 0.241716 0.316648 0.001185 0.339905
2 2 0.000706 0.041198 0.890237 0.024775 0.043083
2 2 0.005065 0.064877 0.695750 0.121495 0.112814
2 2 0.000428 0.012989 0.977611 0.005568 0.003405
2 2 0.000158 0.015200 0.964609 0.000598 0.019435
2 2 0.001453 0.039331 0.944844 0.002692 0.011681
4 2 0.024459 0.290993 0.050437 0.000008 0.634103
4 2 0.032400 0.212658 0.042699 0.000000 0.712243
1 2 0.012136 0.428657 0.155875 0.000013 0.403319
4 2 0.375922 0.081444 0.041358 0.000166 0.501110
1 1 0.022704 0.517442 0.099010 0.000044 0.360800
4 1 0.003282 0.345453 0.054862 0.000002 0.596401
2 2 0.012135 0.313497 0.606414 0.000957 0.066997
2 2 0.000809 0.116668 0.864114 0.000766 0.017643
2 2 0.000130 0.029629 0.915885 0.005954 0.048402
2 2 0.000460 0.006778 0.963245 0.013946 0.015571
2 2 0.010330 0.145739 0.686630 0.001422 0.155880
4 1 0.228047 0.116662 0.035126 0.000015 0.620149
4 2 0.016553 0.034629 0.006501 0.000005 0.942312
4 2 0.033933 0.273441 0.071094 0.000066 0.621466
2 2 0.000166 0.045254 0.902767 0.006217 0.045596
2 2 0.007478 0.029485 0.917201 0.003006 0.042829
1 2 0.046395 0.417922 0.180822 0.000010 0.354851
4 2 0.022432 0.295075 0.078133 0.000002 0.604358
4 1 0.346620 0.113451 0.045323 0.000007 0.494599
4 1 0.020365 0.005875 0.001573 0.000000 0.972186
4 0 0.112983 0.022345 0.001673 0.000000 0.862999
4 0 0.331523 0.009492 0.000770 0.000000 0.658216
1 0 0.301706 0.407259 0.057679 0.000003 0.233353
4 0 0.009937 0.018479 0.000564 0.000000 0.971020
4 0 0.335446 0.005942 0.000372 0.000000 0.658239
4 0 0.461162 0.000472 0.000009 0.000000 0.538357
4 0 0.032802 0.000089 0.000001 0.000000 0.967109
4 0 0.366387 0.017549 0.001367 0.000000 0.614697
4 0 0.015049 0.001860 0.001725 0.000000 0.981366
0 0 0.824752 0.003117 0.000496 0.000000 0.171634
0 0 0.971899 0.001792 0.000107 0.000000 0.026202
0 0 0.992543 0.002077 0.000499 0.000001 0.004879
0 0 0.730418 0.088314 0.020513 0.000203 0.160553
0 0 0.736704 0.004523 0.000677 0.000000 0.258096
0 0 0.755188 0.010146 0.001221 0.000000 0.233445
0 0 0.992315 0.005365 0.001141 0.000044 0.001134
0 0 0.983115 0.012857 0.002783 0.000613 0.000632
4 0 0.233462 0.009559 0.008919 0.000008 0.748053
4 0 0.326464 0.019208 0.002316 0.000000 0.652013
4 0 0.391767 0.020748 0.001805 0.000000 0.585680
4 0 0.100961 0.020107 0.001374 0.000000 0.877558
4 0 0.022855 0.020269 0.000840 0.000000 0.956036
4 0 0.139092 0.029551 0.002787 0.000000 0.828570
4 0 0.413087 0.067163 0.005694 0.000004 0.514053
0 0 0.488956 0.027971 0.001755 0.000000 0.481319
0 0 0.541781 0.047657 0.002450 0.000001 0.408111
4 0 0.124900 0.286116 0.035673 0.000005 0.553307
4 1 0.227346 0.343000 0.076700 0.000001 0.352954
4 1 0.322533 0.176398 0.014624 0.000001 0.486445
0 1 0.415411 0.309303 0.094995 0.000035 0.180256
4 1 0.070529 0.186495 0.044705 0.000000 0.698270
4 1 0.054683 0.234169 0.027206 0.000002 0.683940
4 1 0.031097 0.300562 0.085037 0.000001 0.583304
1 1 0.152845 0.572249 0.119459 0.000004 0.155444
4 1 0.055541 0.349882 0.047979 0.000019 0.546580
4 1 0.106722 0.306583 0.044626 0.000043 0.542026
4 1 0.210169 0.117807 0.085860 0.000006 0.586158
4 1 0.331491 0.034310 0.004230 0.000000 0.629969
4 1 0.017344 0.194201 0.029144 0.000000 0.759312
4 1 0.070433 0.354383 0.051668 0.000001 0.523515
0 1 0.470777 0.115553 0.013223 0.000031 0.400416
4 1 0.025549 0.115231 0.017898 0.000006 0.841315
4 1 0.045535 0.242013 0.015534 0.000002 0.696916
4 1 0.010095 0.203888 0.027787 0.000001 0.758229
4 1 0.018855 0.324922 0.089088 0.000052 0.567083
4 2 0.013661 0.378812 0.146936 0.002673 0.457919
1 2 0.001841 0.493899 0.119006 0.000064 0.385190
4 2 0.002511 0.195892 0.110924 0.000089 0.690584
2 2 0.001674 0.037034 0.919351 0.000866 0.041076
2 2 0.001843 0.130969 0.713983 0.002005 0.151200
2 2 0.000929 0.038682 0.891546 0.041495 0.027348
2 2 0.001164 0.052497 0.910455 0.006937 0.028947
2 2 0.001836 0.029898 0.873666 0.076486 0.018114
2 2 0.010600 0.058557 0.806375 0.004459 0.120009
4 2 0.027472 0.326219 0.285905 0.001234 0.359170
2 2 0.000499 0.011537 0.953899 0.012583 0.021482
2 2 0.000358 0.019828 0.954478 0.016391 0.008946
2 2 0.000088 0.004031 0.981232 0.012261 0.002388
2 2 0.014286 0.169853 0.473303 0.003693 0.338865
2 2 0.001763 0.013626 0.932656 0.023783 0.028172
2 2 0.001450 0.039030 0.914218 0.006272 0.039030
2 2 0.001721 0.020065 0.892188 0.036029 0.049997
2 2 0.000265 0.027476 0.945065 0.012644 0.014550
2 2 0.000415 0.040974 0.888731 0.024486 0.045395
2 2 0.000855 0.125026 0.752196 0.000917 0.121005
2 2 0.000515 0.101560 0.867558 0.001237 0.029131
2 4 0.000630 0.085007 0.792021 0.011831 0.110511
4 4 0.020480 0.182318 0.309838 0.001604 0.485759
4 4 0.000586 0.091256 0.302802 0.015912 0.589445
4 4 0.002871 0.189842 0.355627 0.002352 0.449308
2 4 0.001650 0.087202 0.630217 0.008822 0.272109
2 4 0.007948 0.196352 0.516266 0.000179 0.279255
2 4 0.001503 0.142788 0.590505 0.002812 0.262393
4 4 0.007782 0.138104 0.264723 0.000079 0.589311
4 4 0.015605 0.217068 0.312703 0.000248 0.454376
4 4 0.019156 0.222129 0.301826 0.000769 0.456121
2 4 0.006122 0.128547 0.472601 0.000099 0.392631
4 1 0.014718 0.226214 0.039345 0.000046 0.719676
4 1 0.016500 0.094554 0.287370 0.001221 0.600355
4 1 0.002040 0.085211 0.161892 0.002137 0.748719
2 1 0.005819 0.075446 0.709406 0.001591 0.207739
2 4 0.002091 0.105891 0.650555 0.000439 0.241024
2 4 0.001093 0.179738 0.689882 0.001350 0.127936
4 4 0.001126 0.115536 0.065924 0.000398 0.817016
4 4 0.003781 0.016191 0.003110 0.000001 0.976917
4 4 0.003629 0.036997 0.003396 0.000002 0.955976
4 4 0.001874 0.254793 0.345537 0.000534 0.397260
4 4 0.004284 0.026467 0.033647 0.000047 0.935556
4 4 0.003004 0.009059 0.005511 0.000005 0.982421
4 4 0.001398 0.004265 0.001518 0.000000 0.992818
4 4 0.007072 0.004481 0.004711 0.000003 0.983733
4 4 0.012993 0.011374 0.024731 0.000119 0.950784
4 4 0.017427 0.108201 0.320668 0.002645 0.551059
4 4 0.033302 0.058512 0.047238 0.000485 0.860463
4 4 0.040707 0.016988 0.026492 0.000113 0.915699
4 4 0.009518 0.045367 0.029267 0.000026 0.915822
4 4 0.004094 0.022204 0.008588 0.000001 0.965113
4 4 0.019740 0.258855 0.101093 0.000046 0.620266
4 4 0.053184 0.069090 0.009219 0.000008 0.868499
4 4 0.024349 0.039698 0.026353 0.000007 0.909592
4 4 0.035477 0.019886 0.017755 0.000046 0.926836
4 4 0.017926 0.144814 0.130324 0.000386 0.706550
4 4 0.017944 0.184912 0.255136 0.000181 0.541826
4 4 0.001891 0.142686 0.328430 0.000167 0.526825
4 4 0.021920 0.157760 0.388112 0.000085 0.432123
4 4 0.121393 0.255958 0.222992 0.000563 0.399093
2 4 0.001189 0.132549 0.660814 0.008097 0.197352
4 4 0.016920 0.014273 0.078964 0.001720 0.888124
4 4 0.046413 0.010628 0.021139 0.000064 0.921756
4 4 0.054117 0.006215 0.015435 0.000030 0.924204
4 4 0.078754 0.020652 0.007100 0.000005 0.893488
4 4 0.019400 0.006283 0.017622 0.000049 0.956646
4 4 0.005829 0.002220 0.004453 0.000003 0.987495
4 4 0.083575 0.005807 0.003348 0.000001 0.907270
4 4 0.132078 0.028393 0.014893 0.000019 0.824615
4 4 0.031198 0.127070 0.262784 0.000111 0.578837
4 4 0.005811 0.009836 0.004742 0.000003 0.979607
4 4 0.004178 0.000486 0.000093 0.000000 0.995243
4 4 0.076467 0.057269 0.179772 0.001126 0.685366
4 4 0.020906 0.011334 0.024768 0.000108 0.942883
4 4 0.009644 0.022480 0.010658 0.000019 0.957199
4 4 0.004013 0.044248 0.005801 0.000001 0.945937
4 4 0.007393 0.016522 0.001852 0.000000 0.974233
4 4 0.022908 0.004778 0.002428 0.000001 0.969885
4 4 0.004364 0.004423 0.015538 0.000050 0.975624
4 4 0.015924 0.015205 0.008764 0.000011 0.960096
4 4 0.043079 0.131060 0.219603 0.000108 0.606150
4 4 0.017309 0.035303 0.027925 0.000156 0.919307
4 4 0.052086 0.028416 0.021119 0.000066 0.898313
4 4 0.019176 0.210390 0.128279 0.000077 0.642077
4 4 0.013960 0.292254 0.300507 0.000893 0.392385
4 4 0.010742 0.365604 0.101742 0.000102 0.521810
4 4 0.002668 0.272292 0.328737 0.000163 0.396139
4 4 0.011207 0.124925 0.046032 0.000552 0.817284
4 4 0.007548 0.021680 0.001695 0.000000 0.969076
4 4 0.024160 0.049202 0.008832 0.000010 0.917795
4 4 0.052809 0.014145 0.050329 0.000479 0.882239
4 4 0.092561 0.007200 0.020168 0.000052 0.880019
4 4 0.166000 0.004543 0.002173 0.000000 0.827283
4 4 0.006256 0.002253 0.003753 0.000002 0.987735
4 4 0.055916 0.002997 0.001513 0.000000 0.939574
4 4 0.024789 0.007978 0.002188 0.000000 0.965044
4 4 0.004048 0.003361 0.000328 0.000000 0.992264
4 4 0.036645 0.021836 0.032969 0.000193 0.908358
