0 0 0.980473 0.011600 0.003051 0.000198 0.004679
0 0 0.992504 0.005799 0.001362 0.000084 0.000251
0 0 0.984129 0.013126 0.001613 0.000012 0.001120
0 0 0.969699 0.022867 0.003635 0.000048 0.003752
0 0 0.881865 0.066893 0.040858 0.004660 0.005723
0 0 0.912445 0.060527 0.019875 0.000572 0.006581
0 0 0.991114 0.007180 0.000995 0.000013 0.000698
0 0 0.953621 0.034614 0.006111 0.000062 0.005593
0 0 0.985417 0.008567 0.001403 0.000025 0.004589
0 0 0.957330 0.033623 0.003545 0.000014 0.005488
0 0 0.965937 0.022587 0.008593 0.001158 0.001725
0 0 0.933442 0.049450 0.013672 0.000086 0.003350
0 0 0.992501 0.005913 0.001131 0.000038 0.000417
0 0 0.965883 0.026600 0.004181 0.000055 0.003282
0 0 0.384516 0.383857 0.159847 0.000305 0.071476
0 0 0.965556 0.024704 0.006876 0.000465 0.002400
0 0 0.980681 0.015364 0.003108 0.000030 0.000817
0 0 0.996571 0.002975 0.000340 0.000003 0.000112
0 0 0.931738 0.034133 0.010068 0.000672 0.023390
0 0 0.801972 0.131651 0.052468 0.000459 0.013450
0 0 0.701273 0.206039 0.063851 0.000178 0.028659
1 0 0.344871 0.408535 0.164525 0.000245 0.081823
0 0 0.972538 0.015878 0.002459 0.000033 0.009092
0 0 0.994203 0.003711 0.000317 0.000001 0.001768
0 0 0.952119 0.036436 0.007544 0.000096 0.003805
0 0 0.992605 0.006347 0.000610 0.000003 0.000434
0 0 0.982476 0.013599 0.002632 0.000074 0.001219
0 0 0.775589 0.161421 0.027944 0.000056 0.034991
0 0 0.838336 0.077386 0.028339 0.002796 0.053143
0 0 0.963376 0.026693 0.006621 0.000157 0.003153
0 0 0.850316 0.101969 0.025815 0.000332 0.021568
0 0 0.775412 0.154506 0.051851 0.000248 0.017983
0 0 0.992021 0.005173 0.001173 0.000062 0.001571
0 0 0.967956 0.020824 0.003024 0.000032 0.008164
0 0 0.957981 0.031309 0.006470 0.000176 0.004063
0 0 0.870779 0.057798 0.008108 0.000057 0.063258
0 0 0.964158 0.025164 0.003027 0.000018 0.007632
0 0 0.969248 0.022568 0.002941 0.000023 0.005220
0 0 0.960402 0.017502 0.002296 0.000018 0.019783
0 0 0.987851 0.005230 0.000800 0.000013 0.006106
0 0 0.948588 0.037406 0.008765 0.000317 0.004925
0 0 0.963852 0.018416 0.006742 0.000975 0.010014
0 0 0.978903 0.014233 0.003518 0.000187 0.003158
0 0 0.985830 0.005980 0.002357 0.000538 0.005294
0 0 0.871979 0.076737 0.013093 0.000154 0.038037
0 0 0.803938 0.059938 0.016288 0.000694 0.119142
0 0 0.885799 0.078290 0.020081 0.000649 0.015181
1 0 0.282579 0.399201 0.121576 0.000447 0.196197
1 1 0.145242 0.482411 0.211499 0.000253 0.160595
4 1 0.073055 0.181139 0.131083 0.005968 0.608755
2 1 0.003335 0.188298 0.679590 0.000782 0.127995
2 1 0.001575 0.239428 0.651986 0.000039 0.106972
2 1 0.001213 0.043744 0.946272 0.002946 0.005825
2 2 0.038929 0.172444 0.778304 0.001763 0.008561
2 2 0.033905 0.137936 0.825104 0.000337 0.002718
2 2 0.001495 0.051592 0.945062 0.000100 0.001751
2 2 0.000087 0.008043 0.989476 0.002045 0.000350
2 2 0.000082 0.005879 0.988600 0.005159 0.000280
2 2 0.000118 0.000440 0.694391 0.305051 0.000000
2 2 0.005333 0.032010 0.892190 0.069481 0.000986
2 2 0.000068 0.000784 0.785597 0.213544 0.000007
2 2 0.000159 0.001300 0.708453 0.290078 0.000010
2 2 0.000219 0.002602 0.559218 0.437528 0.000434
2 2 0.000004 0.000748 0.934652 0.064573 0.000022
2 2 0.000044 0.001662 0.701823 0.296393 0.000078
3 2 0.000007 0.000205 0.357729 0.642049 0.000011
3 2 0.001239 0.001330 0.155880 0.841413 0.000138
2 3 0.009580 0.015374 0.816603 0.157649 0.000794
3 3 0.000061 0.000262 0.286860 0.712813 0.000003
3 3 0.000050 0.000364 0.175584 0.823946 0.000056
3 3 0.000007 0.000169 0.375569 0.624251 0.000004
3 3 0.000104 0.000774 0.463997 0.535112 0.000013
3 3 0.000038 0.000190 0.076153 0.923578 0.000041
3 3 0.000149 0.000284 0.021603 0.977309 0.000655
3 3 0.000036 0.000049 0.016943 0.982929 0.000043
3 3 0.000137 0.000244 0.061802 0.937780 0.000036
3 3 0.000003 0.000004 0.010235 0.989757 0.000000
3 3 0.000016 0.000033 0.012503 0.987437 0.000011
3 3 0.000035 0.000005 0.002950 0.997008 0.000002
3 3 0.000030 0.000053 0.030023 0.969888 0.000006
3 3 0.000016 0.000045 0.018266 0.981645 0.000028
3 3 0.000883 0.000115 0.010433 0.988510 0.000060
3 3 0.000013 0.000011 0.003998 0.995960 0.000017
3 3 0.000021 0.000041 0.011471 0.988441 0.000026
3 3 0.006578 0.000501 0.022770 0.970025 0.000125
3 3 0.000005 0.000007 0.003362 0.996615 0.000012
3 3 0.000004 0.000002 0.002627 0.997366 0.000001
3 3 0.000005 0.000002 0.002574 0.997419 0.000000
3 3 0.000034 0.000023 0.011932 0.988009 0.000002
3 3 0.000028 0.000039 0.025088 0.974842 0.000003
3 3 0.000068 0.000015 0.004575 0.995336 0.000007
3 3 0.000004 0.000002 0.002161 0.997832 0.000001
3 3 0.000009 0.000001 0.001287 0.998702 0.000000
3 3 0.000007 0.000003 0.003583 0.996406 0.000001
3 3 0.000004 0.000004 0.004413 0.995577 0.000001
3 3 0.000002 0.000003 0.003257 0.996738 0.000001
3 3 0.000000 0.000000 0.001958 0.998041 0.000000
3 3 0.000249 0.000062 0.007129 0.992486 0.000074
3 3 0.000048 0.000043 0.004996 0.994651 0.000262
3 3 0.000002 0.000001 0.001800 0.998195 0.000001
3 3 0.000591 0.000113 0.017359 0.981924 0.000014
3 3 0.000058 0.000015 0.007938 0.991988 0.000001
3 3 0.000004 0.000003 0.002482 0.997510 0.000001
3 3 0.000535 0.000111 0.009109 0.990117 0.000128
3 3 0.000080 0.000018 0.007764 0.992136 0.000002
3 3 0.000001 0.000002 0.001300 0.998685 0.000013
3 3 0.014413 0.001218 0.037331 0.946790 0.000247
3 3 0.000961 0.000266 0.045890 0.952867 0.000017
3 3 0.002674 0.000625 0.042057 0.954571 0.000073
3 3 0.000158 0.000443 0.156937 0.842448 0.000013
2 3 0.000003 0.000111 0.863922 0.135964 0.000000
3 3 0.000641 0.000765 0.197487 0.801087 0.000020
3 3 0.000785 0.000432 0.126443 0.872333 0.000007
3 3 0.000162 0.000270 0.105665 0.893883 0.000021
3 3 0.000035 0.000029 0.010925 0.989001 0.000010
3 3 0.000012 0.000007 0.005751 0.994228 0.000001
3 3 0.000016 0.000025 0.008374 0.991562 0.000023
3 3 0.000788 0.000606 0.048299 0.950208 0.000099
3 3 0.000006 0.000008 0.004099 0.995877 0.000010
3 3 0.000020 0.000005 0.005302 0.994673 0.000000
3 3 0.000445 0.000049 0.008792 0.990704 0.000010
3 3 0.000019 0.000005 0.004592 0.995383 0.000001
3 3 0.012670 0.001021 0.022193 0.963216 0.000900
3 3 0.000109 0.000025 0.006305 0.993552 0.000009
3 3 0.000112 0.000011 0.002179 0.997678 0.000020
3 3 0.001451 0.000239 0.022437 0.975838 0.000036
3 3 0.000000 0.000001 0.001864 0.998134 0.000000
3 3 0.000510 0.000165 0.009683 0.989230 0.000413
3 3 0.006145 0.001000 0.028169 0.964015 0.000671
3 3 0.000005 0.000002 0.001777 0.998213 0.000002
3 3 0.000124 0.000017 0.004121 0.995729 0.000010
3 3 0.000264 0.000086 0.007747 0.991743 0.000160
3 3 0.000273 0.000029 0.003004 0.996601 0.000094
3 3 0.000011 0.000003 0.001177 0.998800 0.000010
3 3 0.000011 0.000001 0.001229 0.998759 0.000000
3 3 0.000115 0.000025 0.005514 0.994330 0.000016
3 3 0.000025 0.000017 0.006077 0.993870 0.000010
3 3 0.000005 0.000002 0.001410 0.998579 0.000004
3 3 0.000671 0.000076 0.006189 0.992957 0.000107
3 3 0.002092 0.000088 0.006278 0.991474 0.000068
3 3 0.000112 0.000113 0.019573 0.980147 0.000055
3 3 0.000015 0.000003 0.002253 0.997727 0.000001
3 3 0.000044 0.000006 0.003252 0.996696 0.000002
3 3 0.000720 0.000030 0.004231 0.995004 0.000015
3 3 0.000022 0.000003 0.002324 0.997650 0.000001
3 3 0.000001 0.000002 0.001781 0.998214 0.000003
3 3 0.000006 0.000004 0.002841 0.997145 0.000004
3 3 0.000014 0.000011 0.004722 0.995243 0.000009
3 3 0.001087 0.000034 0.006400 0.992475 0.000004
3 3 0.000229 0.000096 0.014615 0.985030 0.000030
3 3 0.174112 0.010293 0.098246 0.716240 0.001109
0 2 0.801966 0.012241 0.081799 0.103884 0.000109
0 2 0.591884 0.036668 0.226168 0.144205 0.001076
2 2 0.033383 0.081087 0.819330 0.063212 0.002988
2 2 0.166721 0.142095 0.659675 0.025240 0.006270
2 2 0.002412 0.040425 0.950371 0.005727 0.001065
2 2 0.010106 0.065124 0.905280 0.017534 0.001956
2 2 0.003636 0.026300 0.967948 0.001970 0.000146
2 2 0.014252 0.041859 0.941447 0.002258 0.000184
2 2 0.014654 0.037369 0.940860 0.006906 0.000212
2 2 0.000340 0.008011 0.972801 0.018791 0.000057
2 2 0.000205 0.003112 0.980292 0.016385 0.000006
2 2 0.000001 0.000081 0.965712 0.034206 0.000000
2 2 0.033564 0.043207 0.871995 0.050724 0.000510
2 2 0.000728 0.005532 0.937009 0.056655 0.000076
2 2 0.196454 0.094028 0.661173 0.039218 0.009127
2 2 0.002341 0.019896 0.812514 0.164638 0.000611
2 2 0.001027 0.005292 0.963622 0.030048 0.000011
2 2 0.321646 0.019889 0.491526 0.166891 0.000048
2 2 0.088242 0.040193 0.831271 0.040111 0.000182
2 2 0.055484 0.051018 0.697714 0.194556 0.001228
2 2 0.035445 0.030310 0.871308 0.062497 0.000440
2 2 0.000390 0.001939 0.982553 0.015118 0.000001
2 2 0.000881 0.000858 0.563354 0.434905 0.000002
2 0 0.088152 0.044578 0.811520 0.055462 0.000288
0 0 0.987261 0.007719 0.004258 0.000593 0.000169
0 1 0.604296 0.208810 0.157083 0.005585 0.024227
2 2 0.053164 0.083129 0.849625 0.012475 0.001606
2 2 0.000483 0.009793 0.987462 0.002227 0.000035
2 2 0.000261 0.008116 0.979886 0.011681 0.000057
0 1 0.626626 0.035346 0.165703 0.171626 0.000698
1 1 0.300577 0.391886 0.252688 0.000673 0.054175
2 1 0.002570 0.028725 0.961935 0.006403 0.000367
2 2 0.000020 0.002088 0.975625 0.022253 0.000015
2 2 0.000005 0.000341 0.950536 0.049117 0.000001
2 2 0.172835 0.085965 0.732846 0.007678 0.000676
2 2 0.000040 0.001469 0.996776 0.001714 0.000001
2 2 0.000028 0.001015 0.991239 0.007717 0.000001
2 2 0.000004 0.000176 0.980454 0.019367 0.000000
2 2 0.000002 0.000237 0.955284 0.044476 0.000001
2 2 0.000515 0.016175 0.921080 0.060939 0.001290
2 2 0.000004 0.004131 0.983352 0.011685 0.000828
2 2 0.000967 0.014488 0.970528 0.012263 0.001754
2 2 0.074234 0.075424 0.737866 0.097214 0.015262
2 2 0.000105 0.007033 0.936788 0.055713 0.000361
4 2 0.007182 0.171294 0.366539 0.000757 0.454228
2 2 0.002131 0.078737 0.472460 0.002383 0.444290
2 2 0.003675 0.113103 0.754860 0.010621 0.117741
4 2 0.018489 0.138567 0.107610 0.000276 0.735059
2 2 0.003636 0.191735 0.583359 0.000529 0.220740
2 2 0.002071 0.137657 0.681520 0.000762 0.177991
2 2 0.000259 0.047448 0.903684 0.001750 0.046858
2 2 0.000048 0.012031 0.952419 0.033370 0.002132
2 2 0.000994 0.018940 0.930416 0.048491 0.001159
2 2 0.007323 0.044933 0.924290 0.019234 0.004220
2 2 0.000103 0.023752 0.938478 0.000590 0.037076
2 2 0.000296 0.040001 0.883341 0.003854 0.072509
2 2 0.000002 0.000224 0.950696 0.049078 0.000001
2 2 0.000040 0.002073 0.954207 0.043648 0.000032
2 2 0.000107 0.015906 0.954354 0.017371 0.012263
2 2 0.000016 0.001922 0.990741 0.007285 0.000036
2 2 0.000014 0.007855 0.987100 0.002819 0.002211
2 2 0.000013 0.005329 0.993920 0.000555 0.000184
2 2 0.000090 0.013524 0.984943 0.001216 0.000227
2 2 0.000229 0.033019 0.945319 0.014101 0.007332
2 2 0.000008 0.002846 0.898430 0.098114 0.000602
2 2 0.000033 0.003587 0.886470 0.109407 0.000502
2 2 0.000916 0.010737 0.934865 0.053288 0.000195
2 2 0.000220 0.010927 0.913920 0.074335 0.000598
2 2 0.000055 0.009022 0.944496 0.045587 0.000841
2 2 0.000029 0.003044 0.982084 0.014798 0.000045
2 2 0.003249 0.068807 0.684656 0.035586 0.207702
2 2 0.032858 0.034352 0.703830 0.227029 0.001931
2 0 0.042740 0.075538 0.861161 0.019356 0.001204
0 1 0.448948 0.206996 0.317744 0.011045 0.015267
2 2 0.005808 0.025702 0.896597 0.070542 0.001351
2 2 0.000091 0.002493 0.983178 0.014232 0.000005
2 2 0.002413 0.009835 0.920118 0.067539 0.000094
2 2 0.000030 0.002872 0.991115 0.005971 0.000012
2 2 0.000248 0.003574 0.736084 0.259955 0.000139
3 2 0.000824 0.002345 0.421422 0.575315 0.000094
2 2 0.011127 0.022039 0.722922 0.243416 0.000496
3 2 0.000127 0.000995 0.417933 0.580919 0.000025
3 2 0.000001 0.000266 0.446554 0.553090 0.000090
2 2 0.000012 0.000362 0.814821 0.184805 0.000001
3 2 0.000260 0.000669 0.448076 0.550990 0.000005
2 2 0.000299 0.005196 0.894602 0.099471 0.000431
2 2 0.000361 0.006577 0.882098 0.110877 0.000088
2 2 0.001065 0.004046 0.557332 0.437419 0.000137
3 2 0.000242 0.000147 0.084438 0.915170 0.000004
3 2 0.000024 0.000567 0.182278 0.816964 0.000166
3 2 0.004334 0.000784 0.042675 0.951769 0.000438
3 2 0.000137 0.000184 0.084965 0.914707 0.000006
3 2 0.081421 0.005039 0.179385 0.734113 0.000041
2 2 0.017224 0.177850 0.789810 0.001874 0.013241
2 2 0.001040 0.012071 0.966073 0.020653 0.000163
2 2 0.007927 0.009956 0.828658 0.153419 0.000040
2 1 0.008469 0.035932 0.902168 0.052770 0.000660
2 2 0.025623 0.008647 0.808213 0.157504 0.000013
2 2 0.037551 0.013449 0.610775 0.338154 0.000071
2 2 0.000378 0.002126 0.955249 0.042244 0.000002
2 2 0.000638 0.002759 0.961282 0.035319 0.000003
2 2 0.001628 0.017472 0.964800 0.015931 0.000170
2 2 0.005663 0.017586 0.755647 0.220603 0.000501
2 2 0.000008 0.000213 0.859114 0.140665 0.000000
2 2 0.006671 0.019950 0.606174 0.361666 0.005539
2 2 0.000560 0.002231 0.637129 0.360061 0.000019
2 2 0.000007 0.000166 0.848273 0.151554 0.000000
2 2 0.000087 0.000741 0.698354 0.300809 0.000008
3 2 0.000632 0.000380 0.054616 0.944330 0.000043
3 2 0.000113 0.000175 0.095257 0.904449 0.000006
3 2 0.000211 0.000842 0.283003 0.715904 0.000041
2 2 0.000104 0.001636 0.879193 0.119060 0.000007
2 2 0.000188 0.001061 0.565178 0.433559 0.000014
3 2 0.000000 0.000007 0.192064 0.807929 0.000000
3 2 0.000481 0.001592 0.289503 0.708345 0.000079
3 2 0.003007 0.000617 0.076127 0.920220 0.000029
3 2 0.020642 0.018532 0.291622 0.668193 0.001012
3 3 0.000210 0.000187 0.031146 0.968419 0.000037
3 3 0.000006 0.000040 0.070908 0.929044 0.000001
3 3 0.002856 0.009625 0.324763 0.656302 0.006454
3 3 0.000185 0.000871 0.192972 0.805904 0.000068
3 3 0.000176 0.000032 0.008988 0.990799 0.000005
3 3 0.000009 0.000003 0.004119 0.995868 0.000000
3 3 0.000012 0.000061 0.086510 0.913413 0.000004
3 3 0.000628 0.000105 0.011043 0.988177 0.000048
3 3 0.000031 0.000106 0.036264 0.963574 0.000025
3 3 0.000034 0.000041 0.023002 0.976921 0.000002
3 3 0.002296 0.000229 0.013119 0.984224 0.000133
3 3 0.000026 0.000012 0.005148 0.994809 0.000005
3 3 0.000293 0.000240 0.019668 0.979593 0.000206
3 3 0.000089 0.000036 0.012959 0.986911 0.000005
3 3 0.000251 0.000075 0.013107 0.986549 0.000018
3 3 0.000407 0.000114 0.012188 0.987227 0.000065
3 3 0.000900 0.000110 0.008611 0.990280 0.000099
3 3 0.000194 0.000027 0.004372 0.995377 0.000030
3 3 0.000278 0.000108 0.010824 0.988682 0.000108
3 3 0.000032 0.000032 0.009612 0.990310 0.000015
3 3 0.002702 0.000329 0.018776 0.978074 0.000119
3 3 0.000286 0.000023 0.002638 0.996986 0.000067
3 3 0.133070 0.010377 0.099910 0.755175 0.001468
3 3 0.006136 0.001456 0.046912 0.945012 0.000484
3 3 0.000178 0.001468 0.483889 0.514433 0.000032
2 3 0.006084 0.021769 0.728407 0.241855 0.001885
3 3 0.000189 0.001456 0.410881 0.587410 0.000064
3 3 0.016257 0.002225 0.040438 0.939762 0.001318
3 3 0.007944 0.015980 0.434049 0.539543 0.002484
3 3 0.000606 0.002381 0.087758 0.904296 0.004958
3 3 0.001000 0.000445 0.049179 0.949301 0.000075
3 3 0.003250 0.000900 0.031053 0.964235 0.000562
3 3 0.000000 0.000000 0.001959 0.998041 0.000000
3 3 0.000005 0.000020 0.021688 0.978285 0.000002
3 3 0.000970 0.000097 0.009132 0.989750 0.000050
3 3 0.000105 0.000018 0.005776 0.994097 0.000004
3 3 0.000002 0.000003 0.001955 0.998034 0.000006
3 3 0.000050 0.000066 0.016568 0.983294 0.000022
3 3 0.000273 0.000144 0.012554 0.986850 0.000179
3 3 0.000648 0.000163 0.012313 0.986731 0.000144
3 3 0.000074 0.000109 0.017867 0.981890 0.000060
3 3 0.000017 0.000025 0.008750 0.991192 0.000015
3 3 0.000091 0.000002 0.001053 0.998852 0.000001
3 3 0.010480 0.001062 0.029905 0.958120 0.000433
3 3 0.006120 0.000363 0.017377 0.976029 0.000111
3 3 0.005009 0.000535 0.019439 0.974680 0.000337
3 3 0.000945 0.000022 0.003181 0.995839 0.000012
3 3 0.000099 0.000036 0.004899 0.994878 0.000087
3 3 0.001048 0.000194 0.009812 0.988558 0.000388
3 3 0.006324 0.000192 0.017216 0.976255 0.000013
3 3 0.001914 0.000656 0.035451 0.961794 0.000186
3 3 0.002494 0.000137 0.007753 0.989487 0.000129
3 3 0.044093 0.001424 0.014435 0.935848 0.004199
3 3 0.002143 0.000158 0.008454 0.989067 0.000178
3 3 0.002103 0.000117 0.009831 0.987910 0.000039
3 3 0.001852 0.000260 0.012928 0.984699 0.000260
3 3 0.000845 0.000133 0.014673 0.984318 0.000032
3 3 0.000695 0.000104 0.006424 0.992510 0.000268
3 3 0.007340 0.000360 0.016003 0.976174 0.000123
3 2 0.153864 0.012108 0.282624 0.551236 0.000168
2 2 0.005487 0.016603 0.669435 0.308099 0.000376
2 2 0.000773 0.004159 0.724594 0.270445 0.000029
2 2 0.000616 0.015426 0.952729 0.030947 0.000282
2 2 0.011854 0.044226 0.884557 0.058279 0.001084
2 2 0.000328 0.007410 0.982170 0.010056 0.000036
2 2 0.001242 0.006177 0.981979 0.010594 0.000009
2 2 0.039045 0.206255 0.734880 0.002975 0.016845
2 2 0.040563 0.019303 0.775594 0.164449 0.000090
2 2 0.000496 0.006607 0.982568 0.010310 0.000020
2 2 0.006171 0.032585 0.941172 0.019630 0.000443
2 2 0.003633 0.035302 0.959408 0.001383 0.000274
2 2 0.000316 0.015960 0.967355 0.016020 0.000349
2 2 0.000052 0.002688 0.995175 0.002081 0.000004
2 2 0.000058 0.000484 0.757038 0.242419 0.000001
2 2 0.013181 0.041242 0.809962 0.134380 0.001236
2 2 0.004770 0.053464 0.935688 0.004978 0.001099
2 2 0.000001 0.000218 0.957106 0.042674 0.000000
2 2 0.000234 0.005947 0.953298 0.040473 0.000048
2 2 0.005836 0.030947 0.960657 0.002311 0.000249
2 2 0.000260 0.020087 0.978328 0.000982 0.000344
2 2 0.005908 0.013894 0.573766 0.405566 0.000866
2 2 0.000003 0.000191 0.911375 0.088431 0.000000
2 2 0.003906 0.019402 0.594869 0.367377 0.014446
2 2 0.000849 0.016695 0.871133 0.110417 0.000906
2 2 0.000211 0.006989 0.932798 0.059573 0.000429
2 2 0.000033 0.001009 0.950135 0.048819 0.000004
2 2 0.000022 0.000356 0.883557 0.116063 0.000001
2 2 0.000075 0.007648 0.979782 0.012372 0.000124
2 2 0.006813 0.054912 0.920661 0.015948 0.001667
2 2 0.000006 0.000510 0.976682 0.022800 0.000001
2 2 0.000017 0.001000 0.991650 0.007332 0.000001
0 1 0.425178 0.176574 0.368580 0.019911 0.009756
2 2 0.000557 0.019775 0.977390 0.002025 0.000253
2 2 0.000030 0.002507 0.975786 0.021664 0.000014
2 2 0.000706 0.008929 0.950726 0.039572 0.000067
2 2 0.002913 0.042424 0.948227 0.005593 0.000842
2 2 0.002798 0.014029 0.937071 0.045999 0.000104
2 2 0.000026 0.001521 0.994989 0.003462 0.000002
2 2 0.000090 0.001542 0.970574 0.027792 0.000002
2 2 0.239027 0.090267 0.591353 0.074525 0.004828
2 2 0.000106 0.001758 0.855174 0.142955 0.000006
2 2 0.000003 0.000401 0.974400 0.025195 0.000000
2 2 0.000020 0.001869 0.995289 0.002818 0.000003
2 1 0.174047 0.136045 0.618945 0.065277 0.005685
0 1 0.603265 0.136288 0.232140 0.020249 0.008058
2 2 0.035844 0.014891 0.825339 0.123884 0.000041
2 2 0.002919 0.004951 0.951399 0.040726 0.000006
2 2 0.000602 0.006297 0.889204 0.103171 0.000726
2 4 0.004910 0.091574 0.584610 0.018650 0.300255
4 4 0.022799 0.063773 0.176800 0.066945 0.669682
4 4 0.025878 0.098191 0.182471 0.014860 0.678600
4 4 0.007524 0.010282 0.008217 0.000559 0.973418
4 4 0.028454 0.024950 0.014824 0.001911 0.929861
4 4 0.029758 0.019662 0.019096 0.015134 0.916350
4 4 0.064178 0.056362 0.033267 0.006395 0.839799
4 4 0.048404 0.040726 0.022509 0.003568 0.884792
4 4 0.024758 0.016829 0.012702 0.004873 0.940837
4 4 0.011296 0.012191 0.019072 0.009867 0.947574
4 4 0.016173 0.005912 0.004279 0.001605 0.972032
4 4 0.038690 0.035088 0.012230 0.000515 0.913477
4 4 0.039246 0.068438 0.072312 0.011537 0.808466
4 4 0.026027 0.080065 0.114942 0.007154 0.771811
4 4 0.005709 0.052127 0.055874 0.000155 0.886135
4 4 0.047856 0.202066 0.065695 0.000129 0.684254
4 4 0.005570 0.187922 0.401217 0.000420 0.404871
4 4 0.003866 0.035074 0.040781 0.000112 0.920167
4 4 0.040430 0.034147 0.021159 0.004040 0.900224
4 4 0.048285 0.184075 0.097037 0.000732 0.669871
4 4 0.007940 0.124502 0.353911 0.004017 0.509631
4 4 0.023780 0.108048 0.145847 0.003994 0.718332
4 4 0.009613 0.018961 0.009895 0.000131 0.961400
2 1 0.000106 0.083451 0.908706 0.000058 0.007679
1 1 0.276437 0.392029 0.300267 0.000282 0.030984
2 1 0.025927 0.216106 0.717669 0.006646 0.033652
2 2 0.013676 0.083568 0.824259 0.064912 0.013584
2 2 0.000687 0.017184 0.971630 0.010012 0.000487
2 2 0.000013 0.003279 0.995034 0.001637 0.000037
2 2 0.000060 0.002032 0.824504 0.173297 0.000107
2 2 0.002272 0.046225 0.904645 0.022354 0.024504
2 2 0.000003 0.002303 0.989797 0.007530 0.000368
2 2 0.000009 0.008250 0.983983 0.002389 0.005369
2 2 0.000059 0.013227 0.976154 0.003245 0.007315
2 2 0.000232 0.014894 0.975521 0.005350 0.004003
2 2 0.000037 0.002865 0.956949 0.040073 0.000076
2 2 0.000059 0.010765 0.931404 0.052977 0.004796
2 2 0.000003 0.001521 0.996851 0.001619 0.000006
2 2 0.000027 0.003658 0.987393 0.008868 0.000054
2 2 0.000009 0.009010 0.989476 0.000650 0.000855
2 2 0.000123 0.014957 0.929413 0.027052 0.028456
2 2 0.000001 0.001347 0.990164 0.008362 0.000126
2 2 0.000001 0.001427 0.988133 0.010129 0.000311
2 2 0.000718 0.018676 0.975963 0.004251 0.000392
2 2 0.000005 0.001582 0.976631 0.021691 0.000091
2 2 0.000029 0.011026 0.987881 0.000433 0.000632
2 2 0.000207 0.040113 0.939069 0.000436 0.020175
2 2 0.000044 0.003150 0.980255 0.016441 0.000109
2 2 0.000037 0.003882 0.953717 0.042248 0.000115
2 2 0.000112 0.004430 0.964347 0.030954 0.000157
2 2 0.000143 0.007268 0.953226 0.037627 0.001736
2 2 0.000175 0.002874 0.787143 0.209637 0.000171
2 2 0.001127 0.016200 0.928799 0.049762 0.004111
2 2 0.000099 0.007110 0.848617 0.139316 0.004858
2 2 0.015819 0.069270 0.883966 0.025692 0.005253
2 2 0.001823 0.073349 0.901301 0.006153 0.017374
2 2 0.000002 0.002599 0.995588 0.001671 0.000139
2 2 0.000117 0.002041 0.890722 0.107040 0.000079
2 2 0.000059 0.001346 0.963654 0.034938 0.000003
2 2 0.000323 0.010151 0.950837 0.038345 0.000343
2 2 0.000002 0.000880 0.984508 0.014603 0.000008
2 2 0.000004 0.000406 0.996728 0.002861 0.000000
2 2 0.000074 0.003256 0.990612 0.006049 0.000008
2 2 0.000622 0.008791 0.971626 0.018912 0.000049
2 2 0.000002 0.000799 0.970449 0.028737 0.000013
2 2 0.000036 0.002054 0.921858 0.076008 0.000043
2 2 0.000668 0.027177 0.868402 0.092246 0.011507
2 2 0.000037 0.000319 0.502701 0.496938 0.000005
3 2 0.000266 0.000455 0.383683 0.615592 0.000003
2 2 0.000108 0.001087 0.729366 0.269427 0.000011
2 2 0.001203 0.014738 0.927095 0.056231 0.000734
2 2 0.001526 0.019957 0.959788 0.018410 0.000318
2 2 0.001511 0.014567 0.823509 0.158221 0.002191
2 2 0.000008 0.000292 0.590835 0.408861 0.000004
2 2 0.000020 0.001321 0.969227 0.029424 0.000008
2 2 0.000002 0.000376 0.956619 0.043000 0.000003
2 2 0.000002 0.000614 0.812532 0.186800 0.000051
2 2 0.003137 0.010360 0.866895 0.119539 0.000070
2 2 0.000032 0.000589 0.639765 0.359603 0.000011
2 2 0.000098 0.007970 0.881882 0.107633 0.002417
2 2 0.000534 0.016114 0.956341 0.024892 0.002118
2 2 0.017060 0.023477 0.743641 0.214678 0.001143
3 2 0.000202 0.000781 0.154507 0.844389 0.000121
2 2 0.000009 0.000629 0.915224 0.084136 0.000003
2 2 0.000010 0.000510 0.588403 0.411039 0.000038
2 2 0.000004 0.000725 0.925935 0.073333 0.000004
2 2 0.000018 0.000738 0.943421 0.055820 0.000003
2 2 0.000002 0.000271 0.964120 0.035606 0.000001
2 2 0.000012 0.001340 0.968251 0.030364 0.000032
2 2 0.000185 0.003563 0.652796 0.343041 0.000416
2 2 0.000003 0.000336 0.566585 0.433068 0.000007
2 2 0.000011 0.000880 0.805536 0.193552 0.000020
3 2 0.000020 0.001054 0.482499 0.516273 0.000153
2 2 0.000029 0.001419 0.829953 0.168536 0.000063
2 2 0.001741 0.021598 0.676795 0.262653 0.037213
3 2 0.003060 0.003970 0.208351 0.783926 0.000693
3 2 0.005444 0.006906 0.272035 0.713594 0.002021
2 2 0.000845 0.009259 0.495067 0.485225 0.009603
2 2 0.000020 0.000550 0.514275 0.485134 0.000021
2 2 0.000001 0.000118 0.879437 0.120444 0.000000
2 2 0.000001 0.000138 0.580858 0.418995 0.000007
2 2 0.000006 0.001221 0.946457 0.052282 0.000033
2 2 0.000282 0.005353 0.675750 0.317962 0.000652
2 2 0.000004 0.000288 0.581831 0.417871 0.000006
2 2 0.000008 0.000392 0.923226 0.076372 0.000001
2 2 0.000011 0.000658 0.902009 0.097315 0.000007
2 2 0.000000 0.000112 0.817776 0.182109 0.000002
2 2 0.003708 0.020645 0.536981 0.433845 0.004820
3 2 0.005925 0.005153 0.126353 0.857170 0.005399
3 2 0.000578 0.000474 0.084727 0.914183 0.000039
3 2 0.003725 0.000262 0.040664 0.955346 0.000003
2 2 0.001894 0.015822 0.856059 0.125734 0.000491
2 2 0.010677 0.025370 0.952648 0.011175 0.000130
2 2 0.000909 0.005785 0.959721 0.033568 0.000016
2 2 0.000120 0.004241 0.986326 0.009298 0.000015
2 2 0.019345 0.024414 0.797516 0.158415 0.000310
2 2 0.038595 0.017668 0.849957 0.093730 0.000050
2 2 0.003136 0.009473 0.790793 0.196520 0.000079
2 2 0.000410 0.021738 0.963485 0.013649 0.000717
2 2 0.000165 0.006746 0.989869 0.003194 0.000025
2 2 0.002562 0.016980 0.958504 0.021834 0.000119
2 2 0.001515 0.008422 0.952597 0.037432 0.000034
2 2 0.000003 0.000667 0.990961 0.008368 0.000001
2 2 0.000106 0.005694 0.979334 0.014822 0.000044
2 2 0.000129 0.009660 0.984115 0.005961 0.000135
2 2 0.006866 0.012009 0.898833 0.082134 0.000159
2 0 0.112476 0.356166 0.500829 0.001161 0.029368
1 1 0.305988 0.427185 0.180881 0.000240 0.085705
2 1 0.142568 0.123609 0.666968 0.061394 0.005460
2 2 0.000486 0.010645 0.888031 0.100413 0.000425
2 2 0.000934 0.035451 0.960314 0.002533 0.000768
2 2 0.000007 0.001568 0.993291 0.005125 0.000009
2 2 0.000103 0.004010 0.965016 0.030835 0.000036
2 2 0.000700 0.019078 0.962418 0.017040 0.000764
2 2 0.000001 0.001196 0.998489 0.000310 0.000003
2 2 0.000419 0.017957 0.977864 0.003534 0.000227
2 2 0.000245 0.035455 0.955462 0.002149 0.006689
2 1 0.021792 0.053667 0.923305 0.000862 0.000374
2 1 0.002439 0.086294 0.904486 0.001904 0.004878
2 2 0.000001 0.000660 0.997365 0.001973 0.000002
2 2 0.000001 0.000769 0.998274 0.000955 0.000002
2 2 0.000094 0.003390 0.954585 0.041911 0.000020
2 2 0.000000 0.000240 0.982308 0.017451 0.000001
2 2 0.000001 0.000134 0.987865 0.012000 0.000000
2 2 0.000830 0.007069 0.852036 0.139810 0.000255
2 2 0.000015 0.001200 0.994603 0.004180 0.000002
2 2 0.000153 0.002967 0.960134 0.036737 0.000009
2 2 0.005176 0.044074 0.944701 0.005216 0.000833
2 2 0.001441 0.026213 0.950395 0.016025 0.005926
2 2 0.007616 0.148743 0.761984 0.006542 0.075115
2 2 0.011319 0.066423 0.902405 0.008814 0.011039
2 0 0.006748 0.059117 0.918437 0.014091 0.001607
0 0 0.931337 0.054664 0.011068 0.000009 0.002922
0 0 0.992349 0.006411 0.000892 0.000011 0.000337
0 0 0.997015 0.002102 0.000556 0.000058 0.000269
0 0 0.966464 0.026191 0.004082 0.000053 0.003210
0 0 0.976025 0.018735 0.002580 0.000025 0.002635
0 0 0.991443 0.007132 0.000995 0.000013 0.000416
0 0 0.981309 0.014676 0.002467 0.000046 0.001501
0 0 0.903278 0.073799 0.011025 0.000032 0.011866
0 0 0.663402 0.239524 0.048644 0.000052 0.048378
0 0 0.771040 0.165122 0.024925 0.000035 0.038879
0 0 0.915205 0.066030 0.007561 0.000012 0.011192
0 0 0.971718 0.021837 0.004101 0.000094 0.002249
0 0 0.801229 0.083991 0.036928 0.005857 0.071995
0 0 0.952581 0.035418 0.007111 0.000166 0.004724
0 0 0.667280 0.216932 0.074836 0.000575 0.040377
0 1 0.928969 0.049851 0.015604 0.000473 0.005103
0 0 0.908995 0.066511 0.011544 0.000120 0.012831
0 0 0.992197 0.006359 0.001093 0.000027 0.000323
0 0 0.963064 0.027584 0.004723 0.000077 0.004552
0 0 0.963933 0.021947 0.006337 0.000461 0.007322
0 0 0.687634 0.214965 0.041305 0.000094 0.056001
0 0 0.922873 0.059353 0.009365 0.000037 0.008372
0 0 0.775375 0.153919 0.042065 0.000328 0.028313
0 0 0.899013 0.068060 0.021942 0.001036 0.009949
0 1 0.348887 0.326917 0.120979 0.001015 0.202202
0 1 0.480295 0.245368 0.165875 0.006945 0.101516
1 1 0.080885 0.472966 0.239202 0.000301 0.206647
1 1 0.120533 0.428565 0.178624 0.000904 0.271374
2 1 0.030950 0.182372 0.756516 0.011087 0.019076
2 1 0.012621 0.073917 0.896761 0.013086 0.003615
2 2 0.001034 0.065278 0.926533 0.002806 0.004349
2 2 0.002220 0.094343 0.891280 0.002656 0.009500
2 2 0.004443 0.176890 0.795694 0.000690 0.022283
2 2 0.020110 0.099436 0.875269 0.002294 0.002892
2 2 0.009231 0.089650 0.894061 0.001711 0.005348
1 2 0.377412 0.377554 0.159582 0.000330 0.085121
1 2 0.123482 0.454783 0.386706 0.000083 0.034945
0 0 0.980672 0.013552 0.004807 0.000340 0.000629
0 1 0.830969 0.110776 0.040446 0.001143 0.016666
0 1 0.765828 0.155451 0.033598 0.000354 0.044769
0 2 0.948514 0.037070 0.011704 0.000212 0.002500
1 2 0.069090 0.535022 0.295713 0.000036 0.100139
2 2 0.000677 0.018097 0.936966 0.043503 0.000758
2 2 0.000074 0.006184 0.989054 0.004640 0.000048
2 2 0.000096 0.001106 0.993263 0.005534 0.000000
2 2 0.000010 0.001583 0.997600 0.000804 0.000002
2 2 0.000006 0.001446 0.997247 0.001299 0.000003
2 2 0.000002 0.000742 0.997433 0.001822 0.000001
2 2 0.001634 0.031237 0.960269 0.006391 0.000468
2 2 0.000003 0.000481 0.998314 0.001203 0.000000
2 2 0.000299 0.003493 0.991341 0.004862 0.000005
2 2 0.000020 0.002443 0.996558 0.000975 0.000004
2 2 0.000089 0.002008 0.985934 0.011965 0.000003
2 2 0.000028 0.001299 0.984296 0.014374 0.000002
2 2 0.000263 0.004306 0.976573 0.018845 0.000013
2 2 0.000153 0.001774 0.992773 0.005299 0.000001
2 2 0.001466 0.007812 0.980426 0.010280 0.000015
2 2 0.008474 0.016750 0.962039 0.012696 0.000042
2 2 0.000250 0.004393 0.989486 0.005863 0.000008
2 2 0.000002 0.000198 0.993399 0.006401 0.000000
2 2 0.000001 0.000072 0.991958 0.007969 0.000000
2 2 0.000009 0.000862 0.996590 0.002538 0.000001
2 2 0.001288 0.004505 0.948407 0.045793 0.000008
2 2 0.000322 0.009169 0.964296 0.026076 0.000137
2 2 0.000009 0.000390 0.972302 0.027298 0.000000
2 2 0.000023 0.002028 0.988119 0.009824 0.000006
2 2 0.000005 0.000377 0.997557 0.002060 0.000000
2 2 0.000071 0.001352 0.917505 0.081068 0.000003
2 2 0.000124 0.006517 0.982687 0.010602 0.000071
2 2 0.000020 0.000392 0.966515 0.033072 0.000000
2 2 0.000020 0.000562 0.976230 0.023188 0.000000
2 2 0.000016 0.003562 0.991079 0.005308 0.000035
2 2 0.000000 0.000053 0.937248 0.062699 0.000000
2 2 0.000000 0.000043 0.975617 0.024340 0.000000
2 4 0.000707 0.009288 0.700568 0.288149 0.001288
4 4 0.038492 0.083077 0.175229 0.062302 0.640900
4 4 0.011061 0.006823 0.003734 0.000567 0.977815
4 4 0.013107 0.211625 0.350192 0.001538 0.423538
4 4 0.009948 0.089799 0.216271 0.005559 0.678423
4 4 0.018876 0.055962 0.053933 0.001766 0.869463
4 4 0.022443 0.016466 0.009708 0.001721 0.949661
4 4 0.112497 0.030366 0.013145 0.001354 0.842639
4 4 0.011404 0.041523 0.028629 0.000204 0.918241
4 4 0.113726 0.046153 0.017685 0.001198 0.821239
4 4 0.046491 0.038279 0.022348 0.004136 0.888747
4 4 0.013591 0.034854 0.017524 0.000139 0.933893
4 4 0.038139 0.023446 0.036932 0.100599 0.800885
0 4 0.657502 0.012949 0.007413 0.003133 0.319004
4 4 0.463809 0.026089 0.017108 0.008383 0.484612
4 4 0.064285 0.033592 0.019540 0.003968 0.878616
0 4 0.472788 0.067801 0.016285 0.000397 0.442728
4 4 0.214928 0.113117 0.016278 0.000051 0.655625
4 4 0.079853 0.073795 0.043259 0.008184 0.794908
4 4 0.076242 0.039610 0.024973 0.006432 0.852743
4 4 0.048343 0.080649 0.063613 0.006073 0.801321
4 4 0.010232 0.130771 0.242691 0.001329 0.614976
4 4 0.019037 0.126470 0.120409 0.000809 0.733274
4 4 0.220404 0.044752 0.021124 0.003049 0.710672
4 4 0.179505 0.040944 0.013411 0.000667 0.765472
1 4 0.203153 0.393968 0.116647 0.000065 0.286167
1 4 0.095569 0.564221 0.104754 0.000003 0.235452
4 4 0.026954 0.077705 0.030716 0.000117 0.864508
4 4 0.057987 0.113057 0.034181 0.000272 0.794503
4 4 0.021269 0.096451 0.096228 0.001580 0.784472
4 4 0.016051 0.010315 0.007045 0.002017 0.964572
4 4 0.045227 0.037210 0.021255 0.003699 0.892609
4 4 0.083059 0.078379 0.043872 0.007274 0.787417
4 4 0.007989 0.013524 0.013952 0.001153 0.963382
4 4 0.051748 0.013067 0.010210 0.005397 0.919578
4 4 0.035709 0.029595 0.013698 0.001300 0.919698
4 4 0.030637 0.030524 0.015462 0.001180 0.922197
4 4 0.044077 0.061787 0.032491 0.001603 0.860042
4 4 0.008740 0.023960 0.044734 0.005919 0.916647
0 4 0.567228 0.042468 0.011810 0.000499 0.377994
4 4 0.041772 0.043408 0.009552 0.000108 0.905161
4 4 0.062548 0.031799 0.016645 0.000970 0.888038
4 4 0.175446 0.029416 0.009880 0.000558 0.784699
0 4 0.721300 0.011306 0.005769 0.001867 0.259758
4 4 0.011234 0.003514 0.004515 0.008635 0.972102
4 4 0.061141 0.073998 0.037893 0.002712 0.824256
4 4 0.026733 0.020134 0.010836 0.001578 0.940719
4 4 0.058076 0.008174 0.004878 0.001354 0.927519
4 4 0.243766 0.078597 0.026809 0.001432 0.649396
4 4 0.101262 0.032400 0.016762 0.002747 0.846829
4 4 0.019201 0.013031 0.008213 0.001872 0.957683
4 4 0.239645 0.056532 0.030733 0.006465 0.666624
4 4 0.060794 0.003969 0.002186 0.000561 0.932490
4 4 0.075529 0.027271 0.008580 0.000333 0.888287
4 4 0.044404 0.032743 0.028346 0.016253 0.878253
4 4 0.029630 0.013970 0.013432 0.011022 0.931946
4 4 0.374057 0.047724 0.008754 0.000100 0.569366
4 4 0.166355 0.059076 0.047380 0.027058 0.700132
4 4 0.085379 0.012835 0.003642 0.000125 0.898019
4 4 0.039034 0.036201 0.011663 0.000392 0.912709
4 4 0.080171 0.008941 0.011155 0.026329 0.873404
4 4 0.331905 0.014667 0.022636 0.127245 0.503547
4 4 0.023772 0.014241 0.017184 0.025305 0.919498
4 4 0.046840 0.058259 0.030327 0.001060 0.863514
4 4 0.024281 0.028474 0.008497 0.000123 0.938626
4 4 0.015745 0.011471 0.004783 0.000332 0.967669
4 4 0.267843 0.018761 0.009989 0.002500 0.700908
4 4 0.150692 0.036652 0.006377 0.000052 0.806227
4 4 0.041337 0.077232 0.042075 0.001248 0.838108
4 4 0.094514 0.077816 0.018746 0.000139 0.808785
4 4 0.025937 0.050060 0.035348 0.001481 0.887174
4 4 0.024391 0.114692 0.157230 0.004702 0.698986
4 4 0.030352 0.107000 0.076733 0.001048 0.784868
4 4 0.032877 0.031731 0.007676 0.000093 0.927622
4 4 0.070493 0.184954 0.179201 0.012809 0.552543
4 4 0.025667 0.203066 0.207041 0.001196 0.563030
2 4 0.004585 0.139188 0.560546 0.004303 0.291379
2 4 0.001236 0.109286 0.741646 0.001363 0.146469
4 4 0.011290 0.187498 0.255659 0.000580 0.544973
4 4 0.427544 0.036615 0.024198 0.011136 0.500508
4 4 0.211507 0.044037 0.027200 0.008320 0.708936
4 4 0.025627 0.018663 0.011078 0.002134 0.942497
4 4 0.024740 0.016493 0.013417 0.006379 0.938971
4 4 0.039588 0.116665 0.061453 0.000193 0.782101
2 4 0.002187 0.071392 0.683211 0.019126 0.224085
4 4 0.003698 0.228882 0.343921 0.000050 0.423449
4 4 0.005459 0.149611 0.176657 0.000074 0.668199
4 4 0.014558 0.163644 0.347247 0.005657 0.468894
4 4 0.066862 0.269539 0.136432 0.000282 0.526884
0 1 0.333290 0.292154 0.091136 0.000188 0.283232
2 1 0.002746 0.060107 0.623214 0.066714 0.247219
4 1 0.006109 0.080801 0.382387 0.016077 0.514626
2 1 0.008793 0.217940 0.409297 0.000931 0.363039
2 1 0.001818 0.096083 0.762833 0.005977 0.133290
2 1 0.000553 0.049916 0.775479 0.005144 0.168908
2 1 0.000556 0.065864 0.901397 0.005201 0.026982
4 1 0.004064 0.225679 0.361593 0.000080 0.408584
4 1 0.001397 0.104613 0.381527 0.000168 0.512296
4 1 0.015186 0.030908 0.058138 0.010825 0.884943
4 1 0.045677 0.130922 0.115207 0.004921 0.703272
2 1 0.001549 0.074406 0.774677 0.011982 0.137386
2 1 0.000709 0.039739 0.854865 0.040685 0.064002
2 1 0.001107 0.073879 0.775463 0.003778 0.145772
2 1 0.001558 0.124611 0.666626 0.000671 0.206534
2 1 0.001034 0.128017 0.678645 0.000243 0.192060
2 1 0.000050 0.011949 0.954504 0.024455 0.009042
2 1 0.000061 0.015332 0.956257 0.007780 0.020571
2 2 0.000023 0.019304 0.976881 0.001102 0.002690
2 2 0.000028 0.012792 0.973630 0.006019 0.007532
2 2 0.000011 0.005017 0.964442 0.023070 0.007460
2 2 0.000093 0.014644 0.925798 0.046868 0.012598
2 2 0.000197 0.073120 0.852641 0.000137 0.073906
2 2 0.000076 0.023560 0.954501 0.002887 0.018976
2 2 0.000106 0.013328 0.977116 0.006736 0.002713
2 2 0.000022 0.002412 0.983009 0.014507 0.000051
2 2 0.000010 0.006655 0.979391 0.012841 0.001104
2 2 0.000029 0.012790 0.973525 0.006342 0.007313
2 2 0.000002 0.001635 0.988830 0.009056 0.000477
2 2 0.000017 0.008714 0.976860 0.009025 0.005384
2 2 0.000001 0.001186 0.987762 0.010857 0.000194
2 2 0.000009 0.001775 0.871552 0.126269 0.000394
2 2 0.000065 0.016818 0.963933 0.011385 0.007799
2 2 0.000041 0.003706 0.991929 0.004238 0.000086
2 2 0.000098 0.022868 0.969190 0.002619 0.005225
2 2 0.000032 0.012739 0.970795 0.005856 0.010579
2 2 0.000023 0.003316 0.988677 0.007726 0.000258
2 2 0.000003 0.000989 0.946887 0.052082 0.000040
2 2 0.000021 0.008949 0.985694 0.003675 0.001662
2 2 0.000006 0.002801 0.899901 0.095729 0.001563
2 2 0.000003 0.002326 0.992328 0.005297 0.000046
2 2 0.000066 0.005365 0.963711 0.030568 0.000289
2 2 0.000003 0.000424 0.880014 0.119550 0.000009
2 2 0.000015 0.001292 0.910582 0.088072 0.000040
2 2 0.000036 0.005853 0.910598 0.082846 0.000666
2 2 0.000005 0.003857 0.973049 0.022671 0.000418
2 2 0.000002 0.000924 0.961018 0.038029 0.000027
2 2 0.000002 0.000443 0.950178 0.049371 0.000006
2 2 0.000007 0.000669 0.695940 0.303329 0.000055
2 2 0.000010 0.003285 0.969526 0.027007 0.000173
2 2 0.000004 0.001057 0.976438 0.022492 0.000009
2 2 0.000184 0.007011 0.893121 0.098664 0.001020
2 2 0.000002 0.000204 0.755776 0.244015 0.000004
2 2 0.000000 0.000444 0.937171 0.062340 0.000045
2 2 0.000004 0.000657 0.880513 0.118810 0.000017
3 2 0.000016 0.000970 0.388064 0.610721 0.000229
3 2 0.000071 0.001544 0.426109 0.572078 0.000199
2 2 0.000009 0.000603 0.742331 0.257043 0.000014
2 2 0.000001 0.000361 0.619390 0.380205 0.000043
2 2 0.005158 0.009913 0.634308 0.349704 0.000918
3 2 0.000448 0.004366 0.383190 0.611011 0.000985
3 2 0.000971 0.003514 0.363227 0.631886 0.000402
3 2 0.000006 0.000383 0.436362 0.563204 0.000046
3 2 0.000013 0.000391 0.294046 0.705477 0.000073
2 2 0.000002 0.000303 0.928353 0.071340 0.000002
3 2 0.000012 0.000301 0.238396 0.761268 0.000023
3 2 0.000727 0.005897 0.271524 0.717232 0.004620
2 2 0.001902 0.039400 0.956580 0.000891 0.001226
0 0 0.705345 0.196589 0.084366 0.000130 0.013570
2 1 0.000115 0.006301 0.804393 0.188735 0.000456
2 1 0.005250 0.026957 0.905423 0.061128 0.001242
2 2 0.003233 0.015464 0.950067 0.031141 0.000095
2 2 0.000009 0.002953 0.981434 0.015558 0.000046
2 2 0.000053 0.005348 0.991953 0.002585 0.000061
2 2 0.000002 0.000405 0.982197 0.017395 0.000002
2 2 0.000356 0.016205 0.966486 0.012596 0.004357
2 2 0.000053 0.001379 0.743937 0.254586 0.000046
2 2 0.000019 0.005298 0.970946 0.023273 0.000464
2 2 0.000094 0.004554 0.977016 0.018228 0.000109
2 2 0.000001 0.001183 0.969836 0.028796 0.000184
2 2 0.000000 0.000237 0.964390 0.035366 0.000006
2 2 0.000001 0.000255 0.960167 0.039576 0.000001
2 2 0.000002 0.000508 0.951965 0.047511 0.000015
2 2 0.000001 0.001807 0.991740 0.006355 0.000096
2 2 0.000390 0.004424 0.811813 0.182673 0.000700
2 2 0.000081 0.003022 0.956628 0.040224 0.000044
2 2 0.000031 0.004488 0.954459 0.040783 0.000238
2 2 0.000000 0.000330 0.982529 0.017139 0.000002
2 2 0.000243 0.003242 0.915612 0.080889 0.000014
2 2 0.001192 0.012359 0.898083 0.086038 0.002327
2 2 0.000013 0.000716 0.857981 0.141274 0.000016
2 2 0.000010 0.000894 0.850791 0.148262 0.000043
2 2 0.000034 0.014473 0.974483 0.006397 0.004613
2 2 0.000017 0.001120 0.867270 0.131564 0.000029
2 2 0.000033 0.002820 0.831107 0.165874 0.000166
2 2 0.000009 0.002336 0.989713 0.007923 0.000019
2 2 0.000154 0.006238 0.868279 0.122136 0.003193
2 2 0.000008 0.004076 0.995110 0.000695 0.000110
2 2 0.000077 0.014158 0.941198 0.028123 0.016444
2 2 0.000003 0.000487 0.937290 0.062211 0.000009
2 2 0.000034 0.002091 0.758534 0.239087 0.000254
2 2 0.000007 0.000791 0.991157 0.008042 0.000002
2 2 0.000036 0.006183 0.970773 0.022840 0.000168
2 2 0.000092 0.011593 0.981100 0.006977 0.000238
2 2 0.000311 0.017196 0.892441 0.084114 0.005938
2 2 0.000004 0.001899 0.986861 0.011206 0.000029
2 2 0.000001 0.000287 0.987604 0.012108 0.000000
2 2 0.000057 0.006431 0.905594 0.086923 0.000995
2 2 0.000003 0.001281 0.966228 0.032350 0.000138
