0 0 0.824109 0.092913 0.048341 0.002231 0.032406
0 0 0.997288 0.001821 0.000287 0.000263 0.000341
0 0 0.996674 0.002525 0.000358 0.000382 0.000061
2 1 0.014014 0.105935 0.869033 0.007901 0.003116
2 1 0.103600 0.163195 0.670834 0.018178 0.044193
2 1 0.086920 0.031294 0.865103 0.016008 0.000676
2 1 0.044990 0.117767 0.827689 0.008411 0.001143
0 1 0.500256 0.104236 0.368840 0.019479 0.007190
2 2 0.000448 0.001072 0.991155 0.007321 0.000004
2 2 0.040787 0.023163 0.920337 0.015349 0.000364
2 2 0.045577 0.007646 0.850160 0.096532 0.000084
2 2 0.206829 0.028866 0.711037 0.052323 0.000946
2 2 0.002018 0.010526 0.969446 0.017851 0.000159
2 2 0.000062 0.000622 0.986953 0.012362 0.000002
2 2 0.000200 0.000491 0.978667 0.020638 0.000003
0 2 0.992697 0.005937 0.000904 0.000439 0.000022
0 2 0.890485 0.049408 0.043865 0.003487 0.012755
2 2 0.097058 0.010486 0.759004 0.133338 0.000114
2 2 0.142218 0.022110 0.727556 0.105615 0.002501
1 2 0.240799 0.487363 0.263733 0.000424 0.007680
0 2 0.827591 0.053533 0.100245 0.014467 0.004164
0 2 0.930594 0.014772 0.031674 0.012937 0.010022
0 2 0.950129 0.005537 0.029862 0.014198 0.000273
2 2 0.013108 0.004083 0.928217 0.054546 0.000045
2 2 0.000548 0.005644 0.984666 0.009094 0.000049
2 2 0.000040 0.000118 0.904765 0.095077 0.000000
2 2 0.002359 0.000428 0.671608 0.325603 0.000001
2 2 0.006043 0.000459 0.924007 0.069490 0.000001
2 2 0.052662 0.004005 0.857993 0.085322 0.000018
2 2 0.000089 0.000716 0.989405 0.009785 0.000004
2 2 0.007230 0.016759 0.864482 0.111453 0.000076
2 2 0.000304 0.000901 0.977880 0.020914 0.000001
2 2 0.004587 0.008963 0.955270 0.031153 0.000027
2 2 0.447109 0.068959 0.477466 0.005539 0.000928
2 2 0.079668 0.227740 0.676260 0.007235 0.009097
0 2 0.806760 0.052054 0.119399 0.009176 0.012611
2 2 0.196534 0.166331 0.618892 0.017779 0.000464
2 2 0.322142 0.066317 0.550733 0.057266 0.003544
4 2 0.413828 0.044663 0.055679 0.000669 0.485161
0 1 0.967534 0.014554 0.009482 0.005083 0.003347
0 1 0.372790 0.282363 0.307079 0.011862 0.025906
0 1 0.519998 0.234470 0.217945 0.004033 0.023553
0 1 0.847218 0.101939 0.028952 0.003019 0.018873
0 1 0.787003 0.160000 0.038896 0.008599 0.005502
0 1 0.956685 0.019459 0.004176 0.002445 0.017235
0 1 0.784362 0.080677 0.023770 0.001843 0.109348
0 1 0.909927 0.061738 0.019246 0.000686 0.008403
0 1 0.741375 0.120344 0.104855 0.031350 0.002076
0 1 0.964997 0.025634 0.005124 0.002280 0.001965
0 1 0.907683 0.067180 0.016828 0.007288 0.001020
0 1 0.950954 0.026038 0.010699 0.000871 0.011438
0 1 0.837389 0.026276 0.007821 0.000556 0.127958
0 1 0.801547 0.058380 0.078021 0.007619 0.054432
2 1 0.208413 0.343257 0.428736 0.011484 0.008109
0 1 0.821063 0.137963 0.035632 0.003344 0.001998
0 1 0.753765 0.147518 0.048247 0.002854 0.047617
0 1 0.589558 0.281258 0.092305 0.005566 0.031313
0 1 0.942428 0.035374 0.007673 0.003772 0.010753
0 1 0.879410 0.087872 0.019588 0.007281 0.005849
0 1 0.842449 0.106048 0.025400 0.008830 0.017272
0 1 0.406186 0.256437 0.092252 0.007315 0.237810
0 1 0.750413 0.112532 0.112052 0.020549 0.004453
1 1 0.291000 0.503304 0.195460 0.003136 0.007100
0 1 0.912187 0.042954 0.022848 0.004913 0.017098
0 1 0.854789 0.109927 0.024021 0.008312 0.002951
1 1 0.279904 0.470796 0.214684 0.001893 0.032724
1 1 0.144894 0.432284 0.171255 0.012100 0.239467
0 1 0.507208 0.263405 0.117807 0.001306 0.110274
0 4 0.792991 0.103121 0.082648 0.003759 0.017481
0 4 0.807544 0.091727 0.083185 0.009733 0.007812
0 4 0.587970 0.075551 0.031804 0.000637 0.304038
0 4 0.821120 0.012883 0.003086 0.001942 0.160969
0 4 0.501194 0.127550 0.287145 0.081926 0.002185
0 4 0.972234 0.017491 0.006368 0.000807 0.003099
0 4 0.972206 0.011168 0.004618 0.000788 0.011220
0 4 0.428022 0.096032 0.373092 0.100484 0.002371
2 4 0.055308 0.037723 0.723533 0.183273 0.000164
2 4 0.291762 0.106529 0.519341 0.080218 0.002150
0 4 0.989222 0.001466 0.000688 0.001104 0.007520
0 4 0.500645 0.148529 0.070411 0.000683 0.279732
0 4 0.970630 0.018584 0.003717 0.002216 0.004853
0 4 0.894358 0.067281 0.025544 0.000936 0.011881
0 4 0.631472 0.221099 0.086737 0.001717 0.058974
0 4 0.844262 0.029779 0.008756 0.001212 0.115992
4 4 0.184330 0.254353 0.182730 0.000174 0.378412
0 4 0.441694 0.217968 0.305536 0.031383 0.003418
2 4 0.125867 0.359720 0.504279 0.004914 0.005220
1 4 0.239004 0.469503 0.235178 0.001383 0.054932
2 4 0.185078 0.214493 0.467770 0.004044 0.128615
1 4 0.277534 0.395926 0.184248 0.002381 0.139911
0 4 0.747112 0.176771 0.047051 0.009115 0.019951
0 4 0.527767 0.153862 0.294336 0.023070 0.000965
2 4 0.094527 0.237184 0.646097 0.020364 0.001829
2 4 0.248134 0.203457 0.506113 0.040073 0.002222
2 2 0.111715 0.073363 0.770676 0.043849 0.000397
0 2 0.490865 0.287484 0.208763 0.009256 0.003632
2 2 0.024992 0.011453 0.858917 0.104605 0.000033
2 2 0.105157 0.047657 0.773908 0.073236 0.000042
2 2 0.000748 0.000796 0.968934 0.029521 0.000001
2 2 0.003949 0.003786 0.963176 0.029086 0.000003
0 2 0.835533 0.073998 0.073573 0.009180 0.007716
2 2 0.271268 0.016897 0.442016 0.269788 0.000032
2 2 0.149374 0.052278 0.684532 0.113009 0.000807
2 2 0.022212 0.024651 0.939082 0.014049 0.000005
2 2 0.054444 0.046030 0.813796 0.085602 0.000127
2 2 0.041025 0.054258 0.898632 0.005830 0.000255
2 2 0.000200 0.000721 0.814370 0.184708 0.000001
2 2 0.006341 0.003756 0.757300 0.232568 0.000035
2 2 0.009889 0.005487 0.770153 0.214326 0.000145
2 2 0.001025 0.002782 0.888461 0.107693 0.000039
3 2 0.000396 0.000452 0.437235 0.561916 0.000000
2 2 0.008372 0.001740 0.546532 0.443352 0.000004
2 2 0.001192 0.000220 0.682879 0.315707 0.000002
3 2 0.000000 0.000009 0.417005 0.582986 0.000000
2 2 0.030047 0.011274 0.561845 0.396731 0.000104
2 2 0.001817 0.001626 0.902700 0.093846 0.000010
3 2 0.000009 0.000008 0.359349 0.640635 0.000000
2 2 0.000059 0.000073 0.841622 0.158247 0.000000
3 2 0.000004 0.000026 0.177466 0.822504 0.000000
3 2 0.000002 0.000016 0.034659 0.965324 0.000000
2 2 0.000027 0.000154 0.591241 0.408578 0.000000
3 2 0.000001 0.000041 0.172534 0.827424 0.000000
3 3 0.000848 0.000566 0.101058 0.897527 0.000002
3 3 0.000014 0.000048 0.152688 0.847250 0.000000
3 3 0.000010 0.000007 0.123450 0.876533 0.000000
3 3 0.000035 0.000075 0.035912 0.963974 0.000003
3 3 0.000320 0.000205 0.069157 0.930314 0.000003
3 3 0.002288 0.000475 0.096531 0.900642 0.000065
3 3 0.000068 0.000103 0.160527 0.839298 0.000003
3 3 0.000168 0.000539 0.478526 0.520752 0.000015
2 3 0.108621 0.021013 0.571779 0.297895 0.000691
3 3 0.000429 0.000316 0.339385 0.659869 0.000002
2 3 0.006709 0.002509 0.852271 0.138492 0.000020
3 3 0.001427 0.000671 0.320690 0.677208 0.000004
2 3 0.000483 0.001085 0.583618 0.414809 0.000004
3 3 0.003043 0.004323 0.150908 0.841715 0.000011
3 2 0.000186 0.000103 0.315690 0.684021 0.000000
3 2 0.000000 0.000001 0.051777 0.948222 0.000000
2 2 0.000042 0.000159 0.612689 0.387108 0.000001
3 2 0.003783 0.000521 0.097350 0.898247 0.000099
3 2 0.000003 0.000003 0.019829 0.980165 0.000000
3 2 0.000155 0.000094 0.381485 0.618266 0.000000
3 2 0.001234 0.002175 0.256454 0.740090 0.000048
2 2 0.000702 0.000944 0.637225 0.361126 0.000002
3 2 0.000296 0.000363 0.150526 0.848779 0.000036
3 2 0.002489 0.001707 0.118420 0.877331 0.000054
3 2 0.004585 0.002383 0.294975 0.697547 0.000510
2 2 0.000439 0.000772 0.505540 0.493241 0.000009
3 2 0.015547 0.002334 0.105475 0.876540 0.000104
3 2 0.000010 0.000006 0.018655 0.981329 0.000000
3 2 0.003706 0.002076 0.366697 0.627250 0.000271
3 2 0.074884 0.006858 0.457972 0.460244 0.000041
3 3 0.000131 0.000208 0.318199 0.681461 0.000000
2 3 0.011205 0.011508 0.732081 0.245145 0.000060
3 3 0.036353 0.002388 0.424099 0.537151 0.000009
3 2 0.000020 0.000194 0.118637 0.881148 0.000001
3 2 0.000011 0.000093 0.211401 0.788494 0.000001
3 2 0.000038 0.000021 0.075921 0.924020 0.000001
3 2 0.004034 0.001601 0.226519 0.767836 0.000011
0 2 0.549355 0.027255 0.271271 0.151724 0.000394
3 2 0.027890 0.006021 0.458266 0.507637 0.000186
2 2 0.185684 0.022879 0.597912 0.192818 0.000706
3 2 0.000025 0.000086 0.090332 0.909557 0.000000
2 2 0.001007 0.001864 0.602869 0.394253 0.000006
3 2 0.080908 0.001572 0.315434 0.601960 0.000126
2 2 0.000159 0.000361 0.578392 0.421086 0.000003
2 2 0.097951 0.015429 0.612463 0.274059 0.000098
2 2 0.000766 0.000365 0.626333 0.372536 0.000000
2 2 0.031891 0.008786 0.564484 0.394801 0.000039
3 2 0.286232 0.030599 0.302040 0.379782 0.001347
2 2 0.016275 0.005157 0.567017 0.411536 0.000016
3 2 0.000011 0.000089 0.406472 0.593428 0.000000
3 0 0.000004 0.000000 0.005036 0.994960 0.000000
0 0 0.953260 0.004529 0.012165 0.030045 0.000001
1 1 0.240903 0.575419 0.180440 0.003125 0.000114
0 1 0.907560 0.041296 0.043447 0.006959 0.000739
2 1 0.011833 0.004085 0.938135 0.045910 0.000037
2 1 0.012999 0.006363 0.930301 0.050151 0.000185
2 2 0.012425 0.005006 0.918014 0.064489 0.000065
2 2 0.000717 0.000857 0.643770 0.354652 0.000004
2 2 0.274027 0.011951 0.580820 0.132931 0.000271
2 2 0.000052 0.000263 0.965365 0.034319 0.000000
2 2 0.000066 0.000056 0.796327 0.203551 0.000000
2 2 0.000018 0.000029 0.528131 0.471821 0.000000
3 2 0.018071 0.001234 0.462848 0.517810 0.000036
3 2 0.001349 0.000050 0.129503 0.869092 0.000006
2 2 0.000003 0.000040 0.709361 0.290595 0.000000
3 2 0.000010 0.000025 0.030270 0.969693 0.000002
3 3 0.000010 0.000043 0.030371 0.969556 0.000020
3 3 0.000007 0.000003 0.012974 0.987016 0.000000
3 3 0.000000 0.000000 0.005591 0.994409 0.000000
3 3 0.002340 0.000098 0.057736 0.939793 0.000034
3 3 0.000004 0.000007 0.015531 0.984456 0.000002
3 3 0.000036 0.000028 0.019614 0.980315 0.000007
3 3 0.000014 0.000100 0.015716 0.984159 0.000011
3 3 0.000079 0.000206 0.118560 0.881153 0.000002
3 3 0.000056 0.000051 0.018067 0.981825 0.000001
3 3 0.000103 0.000660 0.145312 0.853904 0.000021
3 3 0.003237 0.002161 0.166310 0.828182 0.000110
2 2 0.002679 0.001022 0.508413 0.487865 0.000021
3 2 0.000208 0.001051 0.310871 0.687774 0.000096
3 2 0.000050 0.000049 0.039591 0.960310 0.000001
3 2 0.000018 0.000027 0.056532 0.943420 0.000003
3 2 0.000002 0.000015 0.057833 0.942148 0.000001
3 2 0.000099 0.000256 0.056983 0.942659 0.000003
2 2 0.003022 0.004153 0.635546 0.357107 0.000173
2 2 0.000032 0.000818 0.676276 0.322864 0.000010
3 2 0.000007 0.000031 0.319901 0.680061 0.000000
3 2 0.000433 0.001270 0.459389 0.538883 0.000025
3 2 0.000198 0.000985 0.183614 0.815194 0.000009
3 2 0.014985 0.007849 0.439078 0.537426 0.000663
2 2 0.000753 0.001148 0.523778 0.474226 0.000096
3 2 0.000006 0.000007 0.030246 0.969740 0.000001
3 2 0.000092 0.000112 0.030594 0.969185 0.000017
3 2 0.000003 0.000009 0.006689 0.993299 0.000001
3 3 0.000188 0.000075 0.011100 0.988616 0.000021
3 3 0.000352 0.000227 0.010113 0.989056 0.000252
3 3 0.000502 0.000131 0.019876 0.979424 0.000066
3 3 0.000291 0.000071 0.004849 0.994736 0.000053
3 3 0.203979 0.078972 0.182116 0.515684 0.019250
2 3 0.002036 0.005459 0.595103 0.397058 0.000345
2 3 0.008132 0.009079 0.917031 0.065679 0.000079
2 3 0.000240 0.000638 0.789132 0.209983 0.000007
2 3 0.000025 0.000162 0.827284 0.172527 0.000001
3 3 0.032903 0.000443 0.124237 0.842387 0.000029
2 3 0.000026 0.001214 0.804809 0.193947 0.000003
3 3 0.000467 0.000350 0.180591 0.818590 0.000003
3 3 0.000032 0.000037 0.080394 0.919535 0.000003
3 3 0.000496 0.000323 0.166998 0.832160 0.000023
3 3 0.000248 0.000277 0.127324 0.872125 0.000025
3 3 0.000288 0.000050 0.048599 0.951061 0.000003
3 3 0.000410 0.000171 0.094487 0.904932 0.000000
3 3 0.000479 0.000146 0.448590 0.550784 0.000000
3 3 0.002467 0.000524 0.165996 0.830994 0.000019
2 3 0.001533 0.001800 0.722025 0.274641 0.000000
3 3 0.000154 0.000635 0.485284 0.513917 0.000010
3 3 0.004039 0.001020 0.275075 0.719849 0.000017
2 1 0.000993 0.001029 0.656746 0.341230 0.000001
2 1 0.000098 0.000156 0.597116 0.402627 0.000003
3 1 0.000095 0.000474 0.089230 0.910198 0.000003
2 1 0.013222 0.003699 0.616321 0.366746 0.000012
2 2 0.002770 0.001891 0.672551 0.322786 0.000002
2 2 0.246896 0.111175 0.583818 0.057630 0.000481
0 2 0.571792 0.293939 0.103324 0.030944 0.000002
0 1 0.330940 0.234719 0.313588 0.120604 0.000149
2 2 0.000008 0.000135 0.794387 0.205470 0.000001
2 2 0.000129 0.000160 0.638338 0.361368 0.000005
2 2 0.000259 0.001333 0.730443 0.267917 0.000048
2 4 0.380829 0.062538 0.524055 0.014879 0.017699
0 4 0.951039 0.013890 0.020060 0.007533 0.007478
0 4 0.691676 0.011513 0.006951 0.003002 0.286858
4 4 0.495174 0.000206 0.000288 0.006956 0.497376
0 4 0.997124 0.000206 0.000031 0.000069 0.002570
0 4 0.608098 0.002868 0.037089 0.309800 0.042144
0 4 0.686139 0.084399 0.143778 0.047119 0.038566
4 4 0.387380 0.021759 0.030390 0.000875 0.559596
0 4 0.592789 0.138831 0.125009 0.003569 0.139801
0 4 0.579434 0.100757 0.044836 0.008106 0.266867
4 4 0.286561 0.041540 0.050068 0.024251 0.597579
0 4 0.431543 0.124898 0.051123 0.001709 0.390726
0 4 0.903250 0.039777 0.017639 0.006065 0.033269
0 4 0.707068 0.176235 0.091813 0.014026 0.010858
0 4 0.661855 0.153564 0.153614 0.007930 0.023038
4 4 0.381949 0.057534 0.114790 0.002634 0.443094
4 4 0.099905 0.009492 0.037700 0.010415 0.842488
0 4 0.749971 0.010896 0.003618 0.000242 0.235272
0 4 0.756930 0.003656 0.002006 0.000890 0.236517
0 4 0.299617 0.294554 0.138734 0.001664 0.265431
0 4 0.768181 0.096032 0.061392 0.008202 0.066193
0 4 0.646751 0.108696 0.152921 0.089382 0.002249
2 4 0.005605 0.100674 0.890031 0.002145 0.001545
0 4 0.547181 0.154885 0.275334 0.012458 0.010142
0 4 0.945769 0.009612 0.033594 0.009862 0.001162
2 4 0.197234 0.050049 0.712285 0.040239 0.000193
0 4 0.472997 0.213878 0.276023 0.011497 0.025605
0 4 0.582532 0.256425 0.114765 0.000844 0.045434
2 4 0.024434 0.047980 0.900731 0.026193 0.000662
2 4 0.000027 0.000311 0.980018 0.019644 0.000000
2 4 0.032466 0.018651 0.860469 0.088340 0.000075
2 4 0.011768 0.048272 0.922197 0.017726 0.000037
2 2 0.007934 0.017871 0.916262 0.057917 0.000016
2 2 0.120158 0.038880 0.801444 0.039431 0.000087
2 2 0.001192 0.015189 0.978236 0.005382 0.000001
2 2 0.000003 0.000031 0.552620 0.447347 0.000000
2 2 0.039436 0.041532 0.863855 0.055089 0.000088
2 2 0.142612 0.159202 0.613959 0.083903 0.000324
2 2 0.236115 0.195630 0.525526 0.042207 0.000521
2 2 0.005591 0.067236 0.918565 0.008429 0.000179
2 2 0.000085 0.002976 0.979720 0.017217 0.000002
2 2 0.001159 0.010494 0.966652 0.021690 0.000005
2 2 0.069308 0.142804 0.702406 0.084844 0.000638
0 2 0.679574 0.047351 0.218695 0.054102 0.000279
2 2 0.021099 0.013958 0.861699 0.103236 0.000008
2 2 0.010493 0.016619 0.830871 0.141954 0.000063
0 2 0.490024 0.057363 0.325978 0.126265 0.000369
2 2 0.319707 0.046937 0.406451 0.226581 0.000323
2 2 0.051873 0.028514 0.842683 0.076785 0.000144
2 2 0.012220 0.014836 0.964986 0.007665 0.000293
2 2 0.021685 0.074667 0.899640 0.003210 0.000798
0 2 0.444767 0.041477 0.373801 0.139273 0.000683
2 2 0.002568 0.001631 0.973729 0.022071 0.000001
2 2 0.001128 0.001912 0.990535 0.006419 0.000006
0 2 0.407061 0.013533 0.406705 0.171959 0.000741
2 2 0.000134 0.000838 0.981989 0.017033 0.000006
2 2 0.000022 0.000064 0.974747 0.025166 0.000000
2 2 0.004990 0.003271 0.877357 0.114368 0.000014
2 2 0.001923 0.001526 0.980116 0.016435 0.000001
2 2 0.001069 0.001051 0.830612 0.167257 0.000011
2 2 0.002366 0.000453 0.675666 0.321500 0.000015
2 2 0.000034 0.000067 0.716369 0.283528 0.000002
3 2 0.001438 0.000524 0.328339 0.669693 0.000007
0 2 0.571896 0.004761 0.248642 0.173687 0.001014
2 2 0.002313 0.000318 0.500466 0.496804 0.000099
3 2 0.000427 0.000374 0.252563 0.746579 0.000057
2 2 0.000084 0.000281 0.649166 0.350467 0.000001
3 2 0.000019 0.000076 0.104232 0.895671 0.000002
3 2 0.000018 0.000006 0.145919 0.854056 0.000000
3 2 0.000091 0.000061 0.259415 0.740431 0.000002
3 2 0.001595 0.000201 0.008486 0.989646 0.000072
3 2 0.000975 0.001723 0.286254 0.710962 0.000086
3 2 0.000313 0.000087 0.082483 0.917093 0.000023
2 2 0.005193 0.001167 0.867408 0.126225 0.000007
2 2 0.000053 0.000274 0.612519 0.386986 0.000168
3 2 0.002552 0.000464 0.404901 0.591220 0.000863
3 2 0.000233 0.000084 0.085430 0.914049 0.000204
3 2 0.000238 0.000024 0.025603 0.974108 0.000027
3 2 0.000251 0.000754 0.300461 0.698507 0.000028
3 2 0.000118 0.000138 0.045725 0.954017 0.000003
3 2 0.000213 0.000211 0.112558 0.887015 0.000002
3 2 0.000137 0.000155 0.329123 0.670583 0.000002
3 2 0.006810 0.004569 0.162722 0.815301 0.010599
3 2 0.000000 0.000002 0.028541 0.971457 0.000000
3 2 0.000000 0.000000 0.205211 0.794789 0.000000
3 2 0.000050 0.000018 0.089587 0.910344 0.000001
3 2 0.000004 0.000002 0.006276 0.993717 0.000000
3 2 0.000000 0.000009 0.030011 0.969979 0.000000
3 3 0.000219 0.000441 0.064116 0.935177 0.000047
3 3 0.000041 0.000257 0.103339 0.896330 0.000034
3 3 0.000002 0.000032 0.116965 0.882998 0.000002
3 3 0.000000 0.000001 0.006914 0.993085 0.000000
3 3 0.000028 0.000090 0.012510 0.987290 0.000082
3 3 0.000121 0.000313 0.065359 0.934131 0.000076
3 3 0.000085 0.000266 0.101217 0.898367 0.000065
3 3 0.000002 0.000006 0.029374 0.970618 0.000000
3 3 0.000001 0.000005 0.004696 0.995295 0.000002
3 3 0.000003 0.000028 0.021394 0.978568 0.000006
3 3 0.000001 0.000029 0.053849 0.946116 0.000005
3 3 0.000018 0.000049 0.049331 0.950595 0.000006
3 3 0.000001 0.000002 0.008919 0.991078 0.000000
3 3 0.000097 0.000266 0.019516 0.980111 0.000009
3 3 0.000000 0.000005 0.009512 0.990482 0.000001
3 3 0.000009 0.000039 0.015401 0.984451 0.000100
3 3 0.000381 0.001282 0.126065 0.872024 0.000248
3 3 0.000016 0.000175 0.068050 0.931657 0.000102
3 3 0.000068 0.000316 0.040302 0.959267 0.000047
3 3 0.000981 0.000612 0.031985 0.964970 0.001453
3 3 0.037269 0.001696 0.051663 0.908924 0.000448
3 3 0.000002 0.000002 0.014942 0.985053 0.000001
3 3 0.000001 0.000003 0.004752 0.995244 0.000000
3 3 0.000024 0.000031 0.010242 0.989692 0.000012
3 3 0.000007 0.000039 0.008430 0.991506 0.000017
3 3 0.000320 0.000197 0.005540 0.992721 0.001222
3 3 0.000671 0.000759 0.026053 0.971941 0.000576
3 3 0.000023 0.000019 0.008149 0.991787 0.000021
3 3 0.000001 0.000006 0.014741 0.985250 0.000002
3 3 0.000006 0.000013 0.005554 0.994423 0.000005
3 3 0.013060 0.001375 0.021923 0.961511 0.002131
3 3 0.007415 0.002390 0.036519 0.951211 0.002465
3 3 0.000026 0.000235 0.046668 0.953054 0.000017
3 3 0.000090 0.000086 0.025803 0.973992 0.000028
0 3 0.484411 0.008150 0.117203 0.389720 0.000516
2 3 0.018517 0.013639 0.834866 0.132845 0.000133
2 3 0.110306 0.037026 0.757563 0.094775 0.000330
2 2 0.000717 0.008356 0.926139 0.064786 0.000002
2 2 0.000635 0.003861 0.982059 0.013440 0.000005
2 2 0.001127 0.001199 0.708940 0.288731 0.000002
2 2 0.000674 0.001144 0.754171 0.244000 0.000010
3 2 0.000006 0.000217 0.412511 0.587258 0.000007
3 2 0.000001 0.000063 0.315013 0.684920 0.000003
3 2 0.000003 0.000018 0.211794 0.788184 0.000000
2 2 0.000166 0.000348 0.900342 0.099142 0.000002
2 2 0.001440 0.002117 0.886433 0.109973 0.000036
2 2 0.001525 0.001902 0.669464 0.327015 0.000094
3 2 0.102484 0.005399 0.369213 0.522658 0.000246
2 2 0.000921 0.000337 0.603312 0.395428 0.000001
2 2 0.009085 0.001743 0.611151 0.377746 0.000275
3 2 0.000053 0.000079 0.204073 0.795793 0.000002
3 2 0.000001 0.000003 0.049669 0.950327 0.000000
3 2 0.001418 0.000366 0.177598 0.818293 0.002325
3 2 0.022235 0.003716 0.248701 0.718611 0.006737
3 2 0.000116 0.000182 0.185013 0.814661 0.000028
3 2 0.002438 0.000748 0.101682 0.894454 0.000678
3 2 0.000229 0.000443 0.071375 0.927762 0.000192
3 2 0.000257 0.000192 0.090071 0.909458 0.000021
3 3 0.000037 0.000054 0.021662 0.978246 0.000001
3 3 0.000001 0.000098 0.235226 0.764672 0.000003
3 3 0.000413 0.000976 0.185433 0.813104 0.000074
3 3 0.000680 0.000229 0.037992 0.961075 0.000025
3 3 0.000000 0.000000 0.005057 0.994942 0.000000
3 3 0.000146 0.000413 0.074279 0.925125 0.000038
3 3 0.000006 0.000053 0.030636 0.969302 0.000002
3 3 0.000005 0.000053 0.131026 0.868913 0.000002
3 3 0.000112 0.000583 0.282509 0.716793 0.000003
3 3 0.018705 0.003660 0.111562 0.865530 0.000544
3 3 0.004491 0.000278 0.025078 0.970037 0.000116
2 3 0.202230 0.048103 0.572035 0.171637 0.005995
3 3 0.000010 0.000183 0.258673 0.741134 0.000000
3 3 0.000066 0.000034 0.019656 0.980240 0.000004
3 3 0.008414 0.003315 0.107945 0.880085 0.000241
3 3 0.004813 0.004386 0.073650 0.916259 0.000892
3 3 0.000079 0.000075 0.016682 0.983145 0.000019
3 3 0.001135 0.002505 0.052451 0.942237 0.001673
3 3 0.000004 0.000065 0.047542 0.952375 0.000014
3 3 0.000742 0.000212 0.040285 0.958333 0.000428
3 2 0.000692 0.001117 0.068321 0.927712 0.002159
3 2 0.033302 0.012187 0.331039 0.619134 0.004338
2 2 0.004900 0.006395 0.902698 0.085944 0.000063
2 2 0.025790 0.007483 0.780212 0.186502 0.000013
2 2 0.000495 0.000359 0.899502 0.099644 0.000001
2 2 0.000031 0.000147 0.939286 0.060536 0.000000
2 2 0.012110 0.006875 0.871478 0.109517 0.000020
2 2 0.078290 0.027304 0.872852 0.021458 0.000095
2 2 0.004789 0.002571 0.736110 0.256527 0.000004
2 2 0.003859 0.006079 0.867824 0.122141 0.000098
2 2 0.002883 0.012695 0.964933 0.019393 0.000095
2 1 0.000779 0.003270 0.901917 0.094000 0.000034
2 1 0.012924 0.001063 0.820162 0.165734 0.000116
0 1 0.533727 0.057491 0.371299 0.010193 0.027290
0 1 0.449408 0.144063 0.387018 0.007709 0.011801
0 1 0.358305 0.036943 0.345430 0.251565 0.007757
4 1 0.265934 0.086205 0.135189 0.003065 0.509606
0 4 0.847735 0.012876 0.012779 0.004128 0.122482
0 4 0.924936 0.022352 0.023137 0.021735 0.007841
0 4 0.728095 0.115687 0.128473 0.027086 0.000659
0 4 0.859872 0.020998 0.109098 0.007011 0.003021
1 4 0.158929 0.355482 0.127692 0.019422 0.338475
2 4 0.136915 0.021409 0.571732 0.269828 0.000117
2 4 0.242518 0.010624 0.566315 0.180263 0.000280
0 4 0.845475 0.036008 0.092944 0.009135 0.016437
0 4 0.569339 0.118584 0.271196 0.011545 0.029337
0 4 0.952457 0.021636 0.017609 0.005313 0.002985
2 4 0.011357 0.017741 0.965491 0.005216 0.000195
0 4 0.451466 0.410465 0.108887 0.021511 0.007671
1 4 0.151021 0.448271 0.310586 0.003041 0.087080
2 4 0.025044 0.133345 0.826052 0.008668 0.006892
1 4 0.347020 0.434020 0.160144 0.006888 0.051929
2 4 0.047724 0.205492 0.733008 0.005586 0.008190
0 4 0.432546 0.133935 0.293274 0.024595 0.115651
0 4 0.960297 0.014899 0.003413 0.001276 0.020116
0 4 0.551704 0.171650 0.120385 0.003523 0.152738
0 4 0.838540 0.015176 0.003875 0.001475 0.140933
0 4 0.950535 0.000837 0.000156 0.000165 0.048307
4 4 0.466980 0.003074 0.000690 0.000499 0.528756
0 4 0.723120 0.030178 0.010655 0.000482 0.235566
0 4 0.767783 0.029905 0.020232 0.002639 0.179442
0 4 0.619670 0.004052 0.000849 0.000791 0.374638
0 4 0.604556 0.002069 0.000652 0.002106 0.390617
0 4 0.994250 0.004602 0.000601 0.000541 0.000007
2 4 0.133802 0.339822 0.508082 0.004645 0.013649
2 4 0.060437 0.116299 0.747691 0.038167 0.037406
0 4 0.913396 0.024404 0.019439 0.001687 0.041073
0 4 0.811681 0.024846 0.009787 0.000182 0.153504
0 4 0.573414 0.115368 0.049481 0.000872 0.260866
4 4 0.133298 0.005897 0.002556 0.000145 0.858103
4 4 0.293324 0.044886 0.016147 0.001768 0.643874
0 4 0.780254 0.046646 0.016298 0.004808 0.151994
0 4 0.902378 0.042828 0.039623 0.006636 0.008535
0 4 0.941255 0.024812 0.006235 0.001421 0.026277
0 4 0.746190 0.094863 0.032921 0.001733 0.124294
4 4 0.227037 0.086635 0.035034 0.001577 0.649717
0 4 0.614408 0.161414 0.050706 0.014711 0.158762
0 4 0.653322 0.183683 0.098093 0.017082 0.047821
0 4 0.728393 0.162279 0.063885 0.000994 0.044449
0 4 0.613736 0.130489 0.151684 0.016621 0.087470
2 4 0.004865 0.040397 0.948004 0.005172 0.001563
0 4 0.717867 0.038025 0.224314 0.014145 0.005649
2 4 0.087053 0.227813 0.648602 0.004684 0.031848
1 4 0.249872 0.382426 0.266090 0.003240 0.098371
0 4 0.419646 0.175079 0.144888 0.006966 0.253421
0 4 0.809359 0.052642 0.013327 0.003295 0.121377
0 4 0.394851 0.090458 0.162213 0.008946 0.343533
0 4 0.792711 0.087730 0.041936 0.009263 0.068361
0 4 0.826831 0.027305 0.010505 0.000221 0.135139
1 4 0.198522 0.480823 0.194389 0.007883 0.118382
2 4 0.006446 0.052653 0.924450 0.014129 0.002321
2 4 0.054261 0.055103 0.861018 0.028686 0.000931
2 4 0.058625 0.095463 0.764493 0.079841 0.001578
2 4 0.192856 0.113647 0.627592 0.062124 0.003781
2 4 0.003306 0.030557 0.960537 0.005536 0.000064
2 4 0.032152 0.047569 0.860663 0.057768 0.001848
2 4 0.025485 0.038621 0.908914 0.025273 0.001708
2 2 0.138990 0.135015 0.681819 0.027361 0.016816
0 2 0.436909 0.198666 0.305250 0.009038 0.050137
0 2 0.579250 0.223108 0.175822 0.005545 0.016276
0 2 0.571129 0.240136 0.088844 0.003070 0.096821
2 2 0.014322 0.268150 0.628053 0.001674 0.087801
2 2 0.003770 0.061615 0.926081 0.004270 0.004263
2 2 0.341117 0.138608 0.500671 0.012636 0.006968
2 2 0.006217 0.037349 0.939880 0.016471 0.000083
2 2 0.022489 0.064350 0.891433 0.021592 0.000136
2 2 0.000043 0.000609 0.967558 0.031777 0.000013
2 2 0.009858 0.019847 0.951815 0.018058 0.000423
2 2 0.000053 0.004098 0.993871 0.001964 0.000014
2 2 0.002343 0.018898 0.966252 0.012339 0.000168
2 2 0.001900 0.003865 0.962362 0.031832 0.000041
2 2 0.003597 0.004619 0.961787 0.029978 0.000020
2 2 0.000986 0.002080 0.908537 0.088392 0.000005
2 2 0.071511 0.031268 0.813609 0.083448 0.000165
2 2 0.029237 0.027766 0.878820 0.064085 0.000091
2 2 0.042941 0.006677 0.776949 0.173420 0.000013
2 2 0.261993 0.041777 0.608814 0.085757 0.001659
2 2 0.000012 0.000033 0.985638 0.014317 0.000000
2 2 0.018420 0.005013 0.938285 0.038208 0.000073
0 2 0.778440 0.058794 0.144001 0.008204 0.010561
2 2 0.075486 0.096790 0.790721 0.018432 0.018570
2 2 0.003748 0.008774 0.962632 0.024833 0.000013
2 2 0.003494 0.002624 0.901216 0.092657 0.000010
2 2 0.000582 0.001224 0.972410 0.025753 0.000031
2 2 0.000251 0.002449 0.978044 0.019239 0.000016
2 2 0.035731 0.012242 0.839128 0.112573 0.000326
2 2 0.000194 0.001132 0.967567 0.031107 0.000001
2 2 0.000170 0.002573 0.996029 0.001146 0.000081
2 2 0.176831 0.023844 0.765345 0.033667 0.000313
2 2 0.070577 0.004256 0.825363 0.099576 0.000229
2 2 0.002819 0.001808 0.970674 0.024667 0.000031
2 2 0.001932 0.000911 0.969970 0.027167 0.000020
2 2 0.020861 0.008145 0.932136 0.037628 0.001230
2 2 0.000138 0.000153 0.919833 0.079869 0.000007
2 2 0.000017 0.000119 0.887263 0.112601 0.000001
2 2 0.000033 0.000085 0.844286 0.155591 0.000005
2 2 0.000680 0.001230 0.959998 0.038074 0.000018
2 2 0.008904 0.003515 0.898580 0.088991 0.000011
2 2 0.000357 0.000659 0.894803 0.104176 0.000005
2 2 0.000036 0.000850 0.985884 0.013228 0.000002
2 2 0.000006 0.000205 0.987635 0.012153 0.000001
2 2 0.002041 0.000650 0.681292 0.315997 0.000020
2 2 0.000095 0.000223 0.952685 0.046995 0.000003
2 2 0.000000 0.000051 0.727435 0.272514 0.000000
2 2 0.000025 0.000281 0.987698 0.011976 0.000021
2 2 0.000943 0.001111 0.901804 0.096090 0.000053
2 2 0.000126 0.000491 0.969610 0.029769 0.000003
2 2 0.000560 0.001506 0.979720 0.018208 0.000006
2 2 0.429097 0.008017 0.484538 0.078104 0.000244
2 2 0.103052 0.014813 0.764527 0.109264 0.008343
2 2 0.000074 0.000623 0.985114 0.014160 0.000028
2 2 0.000011 0.000217 0.629942 0.369825 0.000005
3 2 0.000022 0.000045 0.113529 0.886390 0.000014
2 2 0.000118 0.000338 0.937245 0.062270 0.000028
2 2 0.000210 0.001622 0.643934 0.354056 0.000178
2 2 0.008555 0.005977 0.906977 0.078085 0.000406
3 2 0.000062 0.000241 0.130595 0.869062 0.000040
3 2 0.000086 0.000242 0.120764 0.878857 0.000051
3 2 0.000009 0.000099 0.499224 0.500664 0.000005
3 2 0.000026 0.000052 0.346227 0.653694 0.000002
3 2 0.000000 0.000007 0.094814 0.905178 0.000000
3 2 0.000002 0.000055 0.354642 0.645300 0.000002
3 2 0.000001 0.000021 0.122548 0.877429 0.000001
3 2 0.000000 0.000014 0.055805 0.944181 0.000000
3 2 0.000003 0.000022 0.106624 0.893351 0.000000
3 2 0.000116 0.000984 0.496132 0.502741 0.000026
3 2 0.000001 0.000004 0.019625 0.980370 0.000000
3 2 0.000010 0.000048 0.314065 0.685873 0.000003
3 2 0.000060 0.000688 0.292152 0.707036 0.000063
3 2 0.000023 0.000089 0.033300 0.966462 0.000127
3 2 0.000119 0.000252 0.171266 0.828347 0.000016
2 2 0.054340 0.172496 0.589245 0.175735 0.008184
0 2 0.904433 0.023295 0.006008 0.001611 0.064653
0 2 0.379131 0.325438 0.287028 0.003800 0.004603
0 2 0.726242 0.148463 0.113611 0.009930 0.001754
2 2 0.000196 0.001705 0.968191 0.029906 0.000002
2 2 0.149559 0.060114 0.777122 0.013083 0.000123
2 2 0.000165 0.007332 0.989494 0.003008 0.000001
2 2 0.171356 0.006043 0.603339 0.219246 0.000015
2 2 0.002137 0.002602 0.865211 0.130010 0.000039
2 2 0.000534 0.002140 0.949949 0.047373 0.000004
2 2 0.000052 0.000910 0.983509 0.015525 0.000003
2 2 0.000011 0.000127 0.768774 0.231087 0.000000
2 2 0.000268 0.002769 0.980049 0.016914 0.000001
2 2 0.001617 0.005305 0.979360 0.013704 0.000014
2 2 0.000203 0.002222 0.913160 0.084400 0.000015
2 2 0.003158 0.004419 0.840797 0.151610 0.000016
2 2 0.002383 0.002315 0.768602 0.226695 0.000004
2 2 0.003951 0.004358 0.770789 0.220797 0.000106
2 2 0.007962 0.002819 0.695327 0.293842 0.000051
2 2 0.000044 0.000194 0.708907 0.290854 0.000002
2 2 0.000290 0.000039 0.580488 0.419182 0.000000
3 2 0.000013 0.000009 0.383489 0.616490 0.000000
2 2 0.000542 0.000905 0.767406 0.231145 0.000003
2 2 0.062386 0.014286 0.732161 0.190426 0.000740
2 2 0.155810 0.023392 0.686396 0.133942 0.000459
2 2 0.001760 0.008635 0.984675 0.004621 0.000310
1 2 0.094057 0.480153 0.417745 0.006436 0.001609
2 2 0.000322 0.004213 0.951691 0.043759 0.000014
2 2 0.000001 0.000093 0.936386 0.063519 0.000000
2 2 0.004066 0.002676 0.955879 0.037375 0.000005
2 2 0.000012 0.000648 0.990721 0.008619 0.000000
2 2 0.000090 0.000347 0.922953 0.076610 0.000000
2 2 0.010525 0.006570 0.885932 0.096894 0.000078
2 2 0.059257 0.006598 0.748128 0.185999 0.000017
2 2 0.061776 0.005467 0.619121 0.313584 0.000053
2 2 0.008281 0.004299 0.700101 0.287240 0.000079
2 2 0.000110 0.000249 0.840869 0.158772 0.000000
2 2 0.001211 0.002626 0.970947 0.025214 0.000002
2 2 0.001288 0.000704 0.697701 0.300306 0.000001
2 2 0.040955 0.001861 0.785764 0.171414 0.000006
2 2 0.000203 0.000408 0.887170 0.112217 0.000002
2 2 0.001141 0.000806 0.555800 0.442251 0.000002
2 2 0.003488 0.084070 0.909685 0.002383 0.000374
2 2 0.001910 0.102844 0.893425 0.000270 0.001550
0 2 0.758594 0.034631 0.142925 0.063775 0.000074
2 2 0.004058 0.010288 0.967334 0.018316 0.000004
2 2 0.008706 0.009710 0.960612 0.020916 0.000057
2 2 0.035715 0.031842 0.876779 0.055443 0.000221
2 2 0.000010 0.000391 0.991345 0.008254 0.000000
2 2 0.000016 0.000898 0.993574 0.005512 0.000001
2 2 0.000335 0.002837 0.958519 0.038306 0.000003
2 2 0.004486 0.049064 0.847804 0.093710 0.004936
2 2 0.000159 0.000653 0.857191 0.141996 0.000000
2 2 0.000034 0.000521 0.914277 0.085167 0.000000
2 2 0.000005 0.000141 0.970599 0.029254 0.000000
2 2 0.001071 0.018070 0.972296 0.008548 0.000015
2 2 0.001206 0.000545 0.664631 0.333617 0.000001
2 2 0.000174 0.000335 0.732953 0.266537 0.000000
2 2 0.000008 0.000132 0.969356 0.030504 0.000000
2 2 0.000431 0.002967 0.750916 0.245668 0.000018
2 2 0.000017 0.000110 0.924376 0.075498 0.000000
2 2 0.000006 0.000085 0.866231 0.133677 0.000000
3 2 0.009547 0.004016 0.444329 0.541872 0.000237
2 2 0.006011 0.009321 0.899908 0.084567 0.000194
2 2 0.000082 0.000100 0.983894 0.015924 0.000000
0 2 0.906867 0.025981 0.041812 0.022941 0.002400
0 1 0.578581 0.042671 0.246574 0.129550 0.002623
2 1 0.006318 0.002015 0.919985 0.071636 0.000045
2 1 0.141085 0.105920 0.466313 0.007845 0.278837
2 4 0.040396 0.159447 0.773175 0.010718 0.016265
2 4 0.009264 0.145656 0.829050 0.003242 0.012787
2 4 0.011529 0.063210 0.844572 0.079895 0.000794
2 4 0.115898 0.180270 0.643499 0.017208 0.043125
2 4 0.051908 0.226457 0.574031 0.002334 0.145270
0 4 0.668549 0.165426 0.063743 0.020397 0.081885
4 4 0.070429 0.076755 0.141857 0.025539 0.685420
4 4 0.382829 0.066231 0.025864 0.001331 0.523744
4 4 0.310106 0.013398 0.004595 0.000489 0.671411
4 4 0.117584 0.020480 0.011113 0.000067 0.850756
0 4 0.604212 0.048019 0.038814 0.002068 0.306887
0 4 0.859190 0.079580 0.030076 0.002335 0.028819
0 4 0.806154 0.015382 0.129427 0.037929 0.011107
0 4 0.860946 0.037532 0.050873 0.002827 0.047821
0 4 0.809722 0.048641 0.014694 0.001523 0.125420
0 4 0.579872 0.023353 0.020053 0.000807 0.375917
0 4 0.676054 0.085295 0.113233 0.003929 0.121489
0 4 0.533191 0.018387 0.005888 0.004331 0.438202
4 4 0.372243 0.011149 0.004072 0.000249 0.612288
0 4 0.582853 0.018547 0.007249 0.000230 0.391120
0 4 0.541069 0.023158 0.018845 0.000550 0.416377
0 4 0.686265 0.029445 0.008168 0.001935 0.274186
4 4 0.132918 0.025971 0.075159 0.000655 0.765297
1 4 0.382746 0.478529 0.116718 0.021086 0.000921
0 4 0.608420 0.274288 0.104205 0.002702 0.010385
2 4 0.325950 0.212403 0.429053 0.003176 0.029418
2 4 0.104447 0.171796 0.650371 0.055485 0.017902
0 4 0.512382 0.322837 0.102738 0.010200 0.051843
0 4 0.967014 0.020849 0.004225 0.002435 0.005477
1 4 0.345047 0.464656 0.170251 0.005855 0.014191
2 4 0.231415 0.335724 0.370801 0.005441 0.056619
2 1 0.002989 0.014222 0.603399 0.379362 0.000028
2 1 0.068600 0.009276 0.624811 0.297231 0.000082
2 1 0.304966 0.156381 0.488866 0.048112 0.001675
2 1 0.003509 0.032121 0.825064 0.128436 0.010870
2 1 0.000904 0.021484 0.974545 0.002998 0.000068
2 1 0.018589 0.008682 0.671328 0.301349 0.000053
2 1 0.008257 0.022420 0.872256 0.096986 0.000081
2 1 0.005510 0.009564 0.882143 0.102739 0.000043
2 1 0.000113 0.000310 0.841287 0.158289 0.000000
2 2 0.024386 0.018625 0.762282 0.194408 0.000298
2 2 0.000199 0.000749 0.976360 0.022690 0.000003
2 2 0.004159 0.005939 0.961462 0.028431 0.000008
2 2 0.002698 0.010031 0.935125 0.052108 0.000038
2 2 0.006577 0.015054 0.905042 0.073228 0.000099
2 2 0.031364 0.021453 0.487809 0.459255 0.000118
0 2 0.581926 0.039235 0.287245 0.090210 0.001384
0 2 0.456891 0.437598 0.088223 0.017249 0.000038
0 2 0.750054 0.143969 0.043670 0.004774 0.057533
2 1 0.021300 0.177105 0.771978 0.021712 0.007904
0 1 0.420696 0.121259 0.407881 0.034068 0.016097
2 1 0.056976 0.312832 0.611970 0.001636 0.016586
2 1 0.006911 0.047555 0.938587 0.004696 0.002251
2 1 0.004434 0.022565 0.955271 0.016860 0.000870
2 1 0.098960 0.169201 0.712528 0.016023 0.003287
2 1 0.367406 0.071438 0.501184 0.048782 0.011190
2 1 0.000572 0.010580 0.938039 0.050358 0.000451
2 1 0.126577 0.149307 0.708946 0.013989 0.001181
2 1 0.002756 0.028746 0.958397 0.009774 0.000327
2 1 0.001692 0.002636 0.980900 0.014759 0.000012
2 1 0.000103 0.002249 0.993549 0.004088 0.000010
0 1 0.463378 0.433609 0.086045 0.016940 0.000029
0 0 0.522840 0.345958 0.119844 0.003212 0.008146
0 0 0.421824 0.013746 0.187433 0.362916 0.014081
0 0 0.692562 0.227720 0.056147 0.014839 0.008732
0 0 0.978092 0.015433 0.002894 0.001825 0.001755
0 0 0.860887 0.064891 0.051380 0.021914 0.000927
0 0 0.993386 0.001572 0.001500 0.003528 0.000013
0 0 0.881345 0.056674 0.036913 0.025061 0.000007
0 0 0.990848 0.007403 0.000977 0.000767 0.000005
0 0 0.981335 0.012013 0.002276 0.001543 0.002833
0 0 0.989633 0.007580 0.001279 0.000993 0.000515
0 0 0.857431 0.115569 0.020082 0.006882 0.000035
0 0 0.983315 0.009451 0.006354 0.000754 0.000126
0 0 0.986429 0.010991 0.002435 0.000106 0.000039
0 0 0.999659 0.000241 0.000028 0.000058 0.000014
0 0 0.961752 0.012158 0.011788 0.014093 0.000210
0 0 0.999516 0.000354 0.000041 0.000077 0.000012
0 0 0.999712 0.000205 0.000023 0.000050 0.000010
0 0 0.866385 0.101192 0.027500 0.001946 0.002977
0 0 0.990646 0.002168 0.000828 0.000072 0.006286
0 0 0.999122 0.000636 0.000081 0.000128 0.000033
0 0 0.998453 0.001144 0.000153 0.000204 0.000045
0 0 0.977290 0.017870 0.003864 0.000531 0.000446
0 0 0.941313 0.025737 0.006063 0.002162 0.024725
0 1 0.981851 0.004090 0.001878 0.000883 0.011298
0 1 0.998675 0.000991 0.000129 0.000174 0.000031
0 1 0.996173 0.003078 0.000519 0.000166 0.000064
0 1 0.986945 0.008675 0.001568 0.001169 0.001643
0 1 0.799257 0.148864 0.038140 0.006178 0.007561
0 1 0.993395 0.002918 0.001309 0.001871 0.000507
0 1 0.987529 0.008166 0.001793 0.000360 0.002152
0 1 0.905378 0.038759 0.010331 0.002003 0.043528
0 1 0.524260 0.282117 0.154652 0.002812 0.036159
0 1 0.894307 0.083114 0.018355 0.003416 0.000808
0 1 0.991159 0.006110 0.001044 0.000862 0.000825
0 0 0.997003 0.002219 0.000335 0.000306 0.000138
0 0 0.977549 0.017984 0.002762 0.001673 0.000032
0 0 0.995804 0.000568 0.000091 0.000149 0.003388
0 0 0.993403 0.003467 0.000684 0.000252 0.002194
0 1 0.798144 0.155377 0.040694 0.003645 0.002140
0 1 0.944228 0.040544 0.010502 0.000981 0.003745
0 1 0.963775 0.026915 0.005360 0.002204 0.001746
1 1 0.325528 0.502353 0.140147 0.023792 0.008180
0 1 0.929803 0.049668 0.011076 0.003699 0.005753
0 1 0.812070 0.141559 0.037702 0.003949 0.004720
0 1 0.525674 0.324985 0.119475 0.008039 0.021826
2 1 0.039997 0.171042 0.780741 0.004271 0.003950
0 1 0.378569 0.359468 0.246838 0.003791 0.011335
0 1 0.353497 0.325576 0.269064 0.006076 0.045786
2 1 0.017543 0.156861 0.817855 0.006338 0.001403
0 1 0.581244 0.128543 0.244681 0.044002 0.001530
2 1 0.273734 0.317281 0.400401 0.004274 0.004309
0 1 0.785229 0.093450 0.095646 0.023643 0.002031
0 1 0.588989 0.138999 0.247155 0.024026 0.000830
0 1 0.840672 0.074280 0.079356 0.005202 0.000490
0 2 0.600846 0.142996 0.248904 0.006980 0.000274
2 2 0.059997 0.187755 0.749246 0.001062 0.001940
0 2 0.468511 0.351100 0.156742 0.001046 0.022601
0 2 0.439776 0.256862 0.285889 0.011307 0.006166
0 2 0.452304 0.175803 0.351150 0.016907 0.003836
2 2 0.041246 0.060676 0.882797 0.015051 0.000229
2 2 0.021122 0.189372 0.786723 0.002076 0.000707
2 2 0.313954 0.238427 0.432596 0.013996 0.001026
2 2 0.184213 0.202286 0.608247 0.005087 0.000168
2 2 0.002577 0.062661 0.933201 0.001537 0.000023
2 2 0.115374 0.124592 0.746036 0.013612 0.000385
2 2 0.029650 0.179872 0.782808 0.007407 0.000262
2 2 0.155117 0.177468 0.661296 0.005942 0.000177
2 2 0.056617 0.111888 0.824444 0.006154 0.000897
2 2 0.002257 0.004846 0.961731 0.031162 0.000005
2 2 0.000085 0.000378 0.986760 0.012777 0.000000
1 2 0.300081 0.520097 0.169168 0.007186 0.003468
2 2 0.055388 0.095755 0.826095 0.019210 0.003551
2 2 0.004503 0.009243 0.938699 0.047551 0.000003
2 2 0.003296 0.002045 0.919498 0.075161 0.000001
2 2 0.005427 0.001315 0.824301 0.168956 0.000001
0 2 0.574453 0.049633 0.323383 0.051655 0.000876
2 2 0.271789 0.043657 0.667344 0.017000 0.000209
2 2 0.180362 0.040976 0.711467 0.067120 0.000075
2 2 0.001370 0.001164 0.950118 0.047347 0.000001
0 2 0.782313 0.070956 0.135640 0.005186 0.005906
2 2 0.149740 0.020005 0.731095 0.098975 0.000185
2 2 0.263456 0.013191 0.582260 0.141039 0.000055
2 2 0.015555 0.025615 0.936247 0.022577 0.000005
0 2 0.902354 0.030719 0.033863 0.033056 0.000008
2 2 0.133522 0.083464 0.764085 0.017827 0.001102
0 2 0.921393 0.037490 0.032822 0.007961 0.000333
0 2 0.610076 0.099421 0.282733 0.007594 0.000175
2 2 0.037589 0.020413 0.925269 0.016658 0.000072
2 2 0.322852 0.064219 0.590675 0.022035 0.000219
1 2 0.119971 0.438433 0.436084 0.002899 0.002613
2 2 0.197971 0.239059 0.557745 0.003507 0.001718
2 2 0.304015 0.135920 0.527830 0.028986 0.003248
1 2 0.346962 0.491268 0.143190 0.018331 0.000250
0 2 0.489938 0.379895 0.100333 0.020743 0.009091
1 1 0.301520 0.564468 0.131576 0.002436 0.000001
0 1 0.579108 0.108548 0.302847 0.008477 0.001021
0 1 0.414539 0.401972 0.151248 0.004070 0.028171
1 1 0.282410 0.486823 0.185429 0.033369 0.011970
2 1 0.005251 0.009090 0.949229 0.036390 0.000041
2 1 0.000999 0.050848 0.946924 0.000645 0.000584
2 1 0.020081 0.285402 0.690634 0.000906 0.002978
0 1 0.408230 0.233662 0.347552 0.008914 0.001642
2 1 0.104850 0.057138 0.810597 0.026996 0.000419
2 1 0.248289 0.062565 0.658503 0.028865 0.001778
0 2 0.914056 0.035999 0.009746 0.001593 0.038607
0 2 0.777969 0.062264 0.125971 0.031141 0.002657
1 2 0.343279 0.345265 0.281699 0.017102 0.012655
2 2 0.118947 0.214532 0.597995 0.062479 0.006048
2 2 0.257732 0.267537 0.452881 0.016809 0.005043
0 2 0.724960 0.047820 0.127073 0.001833 0.098314
0 2 0.918205 0.040145 0.009539 0.003605 0.028506
0 2 0.929526 0.024056 0.005862 0.001934 0.038623
0 4 0.926728 0.047592 0.010918 0.003778 0.010984
0 4 0.962581 0.026833 0.006241 0.001127 0.003218
0 4 0.837004 0.025302 0.009559 0.000221 0.127914
4 4 0.078668 0.257204 0.109437 0.008014 0.546678
1 4 0.285792 0.437105 0.158973 0.020088 0.098043
1 4 0.331346 0.416929 0.156900 0.007254 0.087571
0 4 0.805461 0.116037 0.035900 0.002785 0.039817
0 4 0.709581 0.026417 0.007055 0.002820 0.254126
