2 1 0.015382 0.192499 0.611401 0.003861 0.176857
1 1 0.214355 0.373120 0.130126 0.002528 0.279871
0 1 0.523627 0.175296 0.046317 0.006996 0.247764
4 1 0.006952 0.175834 0.120911 0.000619 0.695683
4 1 0.002105 0.082643 0.095228 0.000245 0.819779
4 1 0.001929 0.089375 0.086340 0.001378 0.820979
4 1 0.001255 0.104959 0.331462 0.028156 0.534168
4 1 0.002450 0.113888 0.197911 0.006300 0.679452
4 1 0.006811 0.262985 0.234485 0.012402 0.483316
3 1 0.049232 0.216666 0.236661 0.251058 0.246383
0 1 0.737293 0.133709 0.058121 0.014580 0.056297
0 1 0.873169 0.052350 0.011327 0.011179 0.051975
0 1 0.877514 0.042664 0.009193 0.006752 0.063877
0 1 0.898872 0.053528 0.013851 0.002954 0.030794
0 1 0.935863 0.023358 0.004785 0.005465 0.030529
0 1 0.658460 0.180726 0.053062 0.004583 0.103169
4 1 0.044830 0.377393 0.154344 0.000656 0.422776
2 1 0.007485 0.388193 0.393393 0.001466 0.209463
2 1 0.008537 0.163237 0.719308 0.004406 0.104512
0 0 0.916345 0.029978 0.007269 0.009367 0.037041
1 0 0.037030 0.363155 0.327559 0.003618 0.268639
2 1 0.001987 0.198716 0.573513 0.006334 0.219450
2 1 0.002765 0.144914 0.671582 0.141957 0.038782
2 1 0.000997 0.064106 0.743735 0.180467 0.010695
2 1 0.000149 0.013372 0.523774 0.457595 0.005110
4 1 0.011540 0.311802 0.277477 0.052264 0.346916
3 1 0.018384 0.060991 0.207266 0.662755 0.050604
1 1 0.029146 0.437489 0.257707 0.073137 0.202521
2 2 0.014144 0.189871 0.689229 0.003806 0.102951
2 2 0.073664 0.224812 0.534964 0.017202 0.149358
2 2 0.001974 0.064135 0.779678 0.143726 0.010487
2 2 0.003809 0.063400 0.615289 0.305044 0.012458
2 2 0.009894 0.154684 0.702739 0.120005 0.012679
2 2 0.002495 0.082103 0.850068 0.061740 0.003595
2 2 0.000181 0.012726 0.548191 0.438098 0.000804
2 2 0.000861 0.032809 0.770169 0.194339 0.001821
2 2 0.000244 0.007359 0.709896 0.282110 0.000392
2 2 0.006107 0.032098 0.651125 0.306067 0.004603
3 2 0.005863 0.046155 0.142903 0.789770 0.015309
3 2 0.001934 0.054295 0.146849 0.783598 0.013325
3 2 0.003311 0.066207 0.185602 0.729044 0.015835
3 2 0.009593 0.093803 0.167699 0.677066 0.051838
3 2 0.000127 0.005681 0.108347 0.884832 0.001013
3 2 0.001087 0.004266 0.126823 0.866619 0.001206
3 3 0.000524 0.004277 0.096882 0.897142 0.001174
3 3 0.000021 0.001063 0.167292 0.831517 0.000107
3 3 0.000002 0.000180 0.143638 0.856167 0.000013
3 3 0.000410 0.020834 0.096109 0.877836 0.004812
3 3 0.000118 0.003794 0.044893 0.950095 0.001101
3 3 0.000376 0.009879 0.198879 0.788477 0.002389
3 3 0.000033 0.002895 0.062501 0.934047 0.000525
3 3 0.000057 0.004918 0.062864 0.931184 0.000978
3 3 0.000009 0.002061 0.154113 0.843651 0.000167
3 3 0.000231 0.008867 0.122187 0.867055 0.001660
3 3 0.000209 0.005212 0.296054 0.697944 0.000582
3 3 0.000264 0.002964 0.118163 0.877977 0.000631
3 3 0.000037 0.008431 0.138033 0.852555 0.000943
3 3 0.000140 0.008625 0.170743 0.819311 0.001181
3 3 0.000017 0.000242 0.028909 0.970766 0.000066
3 3 0.000001 0.000070 0.041992 0.957930 0.000007
3 3 0.000073 0.002870 0.033378 0.962796 0.000883
3 3 0.000084 0.001335 0.031302 0.966816 0.000463
3 3 0.001254 0.004799 0.024679 0.965912 0.003356
3 3 0.000131 0.004716 0.020446 0.972620 0.002087
3 3 0.000156 0.003104 0.128022 0.868164 0.000554
3 3 0.000035 0.000469 0.037070 0.962298 0.000129
3 3 0.000036 0.000513 0.068048 0.931053 0.000350
3 3 0.000000 0.000071 0.011455 0.988464 0.000010
3 3 0.000003 0.000541 0.043416 0.955267 0.000773
3 3 0.000035 0.000901 0.041349 0.957491 0.000224
3 3 0.000069 0.009364 0.042566 0.945707 0.002294
3 3 0.000015 0.000457 0.128305 0.871057 0.000165
3 3 0.000036 0.004762 0.043311 0.950860 0.001031
3 3 0.000000 0.000040 0.012564 0.987390 0.000005
3 3 0.000003 0.000530 0.035844 0.963542 0.000081
3 3 0.000000 0.000036 0.012696 0.987262 0.000005
3 3 0.000254 0.000740 0.021114 0.977460 0.000432
3 3 0.000028 0.000967 0.019719 0.978953 0.000333
3 3 0.000032 0.002022 0.039552 0.957917 0.000476
3 3 0.000179 0.023034 0.080592 0.891451 0.004743
3 3 0.000224 0.016951 0.076648 0.901823 0.004354
3 3 0.000000 0.000059 0.017736 0.982187 0.000018
3 3 0.000000 0.000000 0.009511 0.990489 0.000000
3 3 0.000005 0.000489 0.061338 0.938100 0.000068
3 3 0.000000 0.000046 0.031339 0.968611 0.000004
3 3 0.000003 0.000551 0.028256 0.971097 0.000094
3 3 0.000208 0.000834 0.013120 0.985251 0.000588
3 3 0.000029 0.000843 0.006074 0.992468 0.000585
3 3 0.000026 0.001247 0.020061 0.978257 0.000409
3 3 0.000807 0.000574 0.032800 0.965461 0.000360
3 3 0.000000 0.000032 0.016306 0.983658 0.000004
3 3 0.000000 0.000004 0.010393 0.989603 0.000000
3 3 0.000016 0.000495 0.015994 0.983314 0.000181
3 3 0.000006 0.000541 0.041942 0.956526 0.000985
3 3 0.000000 0.000016 0.006411 0.993569 0.000003
3 3 0.000003 0.001216 0.016665 0.981856 0.000261
3 3 0.000017 0.000811 0.021781 0.977124 0.000267
3 3 0.000022 0.000079 0.011087 0.988771 0.000041
3 3 0.000029 0.000325 0.053653 0.945922 0.000072
3 3 0.000083 0.000335 0.057051 0.942420 0.000112
3 3 0.000010 0.001600 0.038121 0.959974 0.000295
3 3 0.000001 0.000359 0.013720 0.985854 0.000065
3 3 0.000005 0.000380 0.012585 0.986918 0.000113
3 3 0.000017 0.000522 0.061684 0.937686 0.000091
3 3 0.000001 0.000135 0.025626 0.974221 0.000018
3 3 0.000001 0.000363 0.017535 0.982039 0.000062
3 3 0.000000 0.000008 0.008253 0.991738 0.000001
3 3 0.000000 0.000141 0.006815 0.993016 0.000028
3 3 0.000006 0.001128 0.018102 0.980485 0.000279
3 3 0.000005 0.000473 0.020380 0.979031 0.000110
3 3 0.000008 0.001640 0.028653 0.969375 0.000325
3 3 0.000031 0.000449 0.028211 0.970887 0.000423
3 3 0.000001 0.000053 0.011752 0.988181 0.000013
3 3 0.000004 0.000424 0.019253 0.980222 0.000097
3 3 0.000307 0.021091 0.075106 0.898308 0.005188
3 3 0.000404 0.006298 0.030670 0.959710 0.002918
3 3 0.000019 0.000168 0.014627 0.985117 0.000069
3 3 0.000000 0.000052 0.006239 0.993698 0.000010
3 3 0.000000 0.000042 0.022169 0.977783 0.000005
3 3 0.000000 0.000007 0.005726 0.994265 0.000002
3 3 0.000008 0.000085 0.012531 0.987343 0.000032
3 3 0.000001 0.000014 0.008553 0.991428 0.000004
3 3 0.000000 0.000005 0.024957 0.975037 0.000000
3 3 0.000010 0.000976 0.033710 0.965105 0.000198
3 3 0.000359 0.002325 0.018510 0.977345 0.001461
3 3 0.000037 0.002372 0.056922 0.939526 0.001143
3 3 0.000037 0.000651 0.011771 0.987217 0.000324
3 3 0.000000 0.000070 0.032894 0.967027 0.000008
3 3 0.000002 0.000369 0.073087 0.926507 0.000034
3 3 0.000000 0.000076 0.013154 0.986759 0.000011
3 3 0.006602 0.015321 0.027316 0.936764 0.013997
3 3 0.276162 0.100811 0.056888 0.456724 0.109415
3 3 0.009568 0.075135 0.209811 0.684217 0.021270
3 3 0.019587 0.034062 0.128209 0.801638 0.016503
3 3 0.323398 0.111286 0.060462 0.390204 0.114651
2 3 0.011524 0.269221 0.386249 0.292870 0.040136
2 3 0.023118 0.247435 0.397929 0.257227 0.074291
3 3 0.231309 0.161659 0.194623 0.311775 0.100634
3 3 0.142629 0.258468 0.149450 0.327822 0.121631
1 3 0.268138 0.470169 0.151084 0.017881 0.092728
0 3 0.321675 0.306050 0.089141 0.008773 0.274361
0 3 0.955909 0.015526 0.003148 0.003349 0.022067
0 2 0.953885 0.015476 0.003088 0.003681 0.023870
0 2 0.874003 0.051946 0.011234 0.011103 0.051715
0 0 0.870241 0.072326 0.019606 0.003177 0.034651
0 0 0.955831 0.025887 0.007848 0.000323 0.010111
0 2 0.612594 0.237932 0.107635 0.000232 0.041608
0 2 0.808721 0.086031 0.022939 0.003041 0.079268
1 2 0.279257 0.477137 0.176598 0.006074 0.060934
1 2 0.233263 0.469027 0.136529 0.038875 0.122306
4 2 0.383012 0.128575 0.032463 0.004273 0.451677
4 2 0.098218 0.154912 0.061809 0.000613 0.684448
0 2 0.853117 0.031927 0.007070 0.002095 0.105790
4 2 0.291807 0.233455 0.061531 0.010673 0.402534
4 2 0.133115 0.139491 0.251131 0.012386 0.463878
0 2 0.479142 0.236724 0.074074 0.002869 0.207192
0 2 0.439633 0.313806 0.091964 0.012452 0.142146
4 2 0.359035 0.144991 0.036978 0.004985 0.454011
0 2 0.371772 0.237881 0.089382 0.000414 0.300551
0 2 0.524486 0.028304 0.006526 0.000485 0.440198
0 2 0.788602 0.057996 0.014891 0.001395 0.137116
0 2 0.972788 0.009554 0.001953 0.001612 0.014093
0 2 0.937628 0.032927 0.008627 0.001362 0.019456
0 2 0.921680 0.029631 0.006166 0.006752 0.035771
0 2 0.625903 0.083985 0.031435 0.005900 0.252777
0 2 0.986129 0.003596 0.000653 0.001028 0.008594
0 2 0.986860 0.004679 0.000981 0.000498 0.006982
0 2 0.819106 0.070967 0.015826 0.011264 0.082837
4 2 0.345698 0.144652 0.043932 0.000917 0.464802
4 2 0.225041 0.175335 0.047684 0.003918 0.548021
4 2 0.002049 0.104029 0.087480 0.010796 0.795647
4 4 0.015352 0.058806 0.026881 0.000297 0.898664
4 4 0.039772 0.052430 0.022058 0.001334 0.884406
4 4 0.074649 0.032118 0.012170 0.000355 0.880708
4 4 0.001651 0.102450 0.129363 0.028811 0.737725
4 4 0.001860 0.175772 0.182248 0.000129 0.639991
4 4 0.025535 0.069937 0.029038 0.001350 0.874140
4 4 0.029954 0.096390 0.034119 0.001154 0.838382
4 4 0.014237 0.086020 0.088670 0.000587 0.810487
4 4 0.003101 0.210395 0.202851 0.002861 0.580792
4 4 0.003996 0.094760 0.056291 0.002569 0.842384
4 4 0.007134 0.155323 0.142019 0.047775 0.647749
4 4 0.019489 0.062721 0.047584 0.013552 0.856654
4 4 0.018058 0.029896 0.018896 0.002247 0.930903
4 4 0.008201 0.027907 0.012549 0.000232 0.951111
4 4 0.010668 0.031285 0.020410 0.001877 0.935760
4 4 0.025547 0.074178 0.054815 0.022722 0.822739
4 4 0.005985 0.211690 0.303048 0.014266 0.465011
4 4 0.005642 0.037515 0.027136 0.001548 0.928159
4 4 0.007856 0.145111 0.080577 0.006778 0.759677
4 4 0.011090 0.052994 0.037141 0.005695 0.893080
4 4 0.004028 0.032656 0.031877 0.005392 0.926048
4 4 0.011009 0.155989 0.148821 0.006604 0.677577
2 4 0.002038 0.112778 0.710953 0.005934 0.168297
2 4 0.003918 0.041496 0.494458 0.161032 0.299096
4 4 0.012774 0.181919 0.119263 0.011015 0.675030
4 4 0.206588 0.135747 0.055523 0.000045 0.602099
1 4 0.155325 0.389034 0.317780 0.016091 0.121770
4 4 0.021248 0.281750 0.262415 0.018555 0.416032
4 4 0.001892 0.135661 0.132467 0.006968 0.723011
4 4 0.007607 0.045943 0.069343 0.005062 0.872047
0 2 0.718066 0.096760 0.022437 0.009714 0.153023
0 2 0.967025 0.010476 0.002037 0.002673 0.017790
0 2 0.869966 0.072531 0.019677 0.003171 0.034655
1 2 0.172047 0.527962 0.177009 0.014919 0.108063
0 2 0.969519 0.009518 0.001839 0.002454 0.016670
0 2 0.990707 0.002171 0.000382 0.000654 0.006086
0 2 0.946200 0.018928 0.003824 0.004531 0.026517
0 2 0.915273 0.023383 0.004946 0.002754 0.053644
0 2 0.774545 0.118682 0.033416 0.003749 0.069608
0 2 0.983874 0.004341 0.000798 0.001216 0.009771
0 2 0.388049 0.360182 0.110817 0.011273 0.129679
0 2 0.728121 0.113876 0.038361 0.000433 0.119209
0 2 0.981174 0.005810 0.001128 0.001204 0.010685
0 0 0.713952 0.153503 0.039227 0.014935 0.078383
4 0 0.457731 0.062988 0.016850 0.000563 0.461868
4 2 0.380197 0.094185 0.023524 0.002405 0.499688
4 2 0.076506 0.300232 0.161697 0.000846 0.460720
1 2 0.242046 0.424708 0.287763 0.005580 0.039903
0 2 0.680639 0.181494 0.049012 0.012601 0.076255
0 2 0.953719 0.017572 0.003695 0.003015 0.021999
0 2 0.879625 0.076143 0.026237 0.000555 0.017441
0 2 0.938169 0.031862 0.008160 0.001545 0.020263
1 2 0.326192 0.397407 0.138292 0.004294 0.133816
4 2 0.095028 0.274234 0.080376 0.005894 0.544468
4 2 0.002607 0.236954 0.265140 0.006625 0.488675
4 2 0.003191 0.225151 0.231240 0.026036 0.514381
4 2 0.005131 0.243675 0.204279 0.002902 0.544013
4 2 0.003580 0.215045 0.209714 0.064910 0.506750
2 2 0.002831 0.209663 0.378252 0.043003 0.366252
2 2 0.002287 0.143836 0.493960 0.091269 0.268648
3 2 0.001486 0.118183 0.297383 0.411716 0.171232
2 2 0.001113 0.108269 0.508423 0.007961 0.374234
2 2 0.000285 0.036642 0.912453 0.024917 0.025703
2 2 0.000078 0.008143 0.797769 0.190245 0.003765
2 2 0.001114 0.073884 0.821433 0.039801 0.063768
1 2 0.111056 0.455403 0.241875 0.054039 0.137627
0 2 0.583833 0.235484 0.062922 0.020625 0.097136
0 0 0.765196 0.111360 0.025980 0.018670 0.078794
1 2 0.077396 0.453671 0.167576 0.002728 0.298629
4 2 0.002489 0.253645 0.326549 0.064223 0.353093
2 2 0.000163 0.021394 0.794956 0.179045 0.004443
2 2 0.002076 0.045752 0.849050 0.052257 0.050865
2 2 0.000639 0.077108 0.774177 0.019889 0.128187
4 2 0.050425 0.135544 0.273999 0.005299 0.534733
4 2 0.023876 0.323782 0.163118 0.002392 0.486833
4 2 0.007682 0.292154 0.277929 0.019245 0.402991
2 2 0.013437 0.142997 0.497240 0.004414 0.341911
4 2 0.011249 0.140163 0.240814 0.020093 0.587681
4 2 0.042473 0.062909 0.296803 0.005396 0.592419
2 2 0.021463 0.108861 0.514291 0.087724 0.267660
4 2 0.016692 0.224398 0.329986 0.002339 0.426586
4 2 0.315194 0.069683 0.105574 0.002786 0.506763
2 2 0.004071 0.063560 0.731422 0.017711 0.183236
2 2 0.007135 0.025375 0.723871 0.178548 0.065072
2 2 0.002476 0.123149 0.717957 0.013553 0.142866
2 2 0.008456 0.055522 0.595464 0.227290 0.113268
4 2 0.158772 0.118384 0.071212 0.001965 0.649666
2 2 0.000213 0.004198 0.975771 0.017653 0.002164
2 2 0.000353 0.018159 0.754248 0.207246 0.019995
2 2 0.002799 0.061992 0.473469 0.059189 0.402550
2 2 0.000682 0.046790 0.784240 0.038586 0.129702
2 2 0.000141 0.003232 0.985234 0.008267 0.003126
3 2 0.000252 0.002482 0.307211 0.689174 0.000882
2 2 0.000073 0.002633 0.640302 0.355226 0.001765
2 2 0.000108 0.032768 0.739942 0.207361 0.019820
2 2 0.000001 0.001377 0.779359 0.218605 0.000659
2 2 0.000271 0.049807 0.532372 0.149002 0.268548
2 2 0.001061 0.081042 0.680138 0.182924 0.054834
3 2 0.000028 0.001645 0.297704 0.698285 0.002339
2 2 0.000246 0.029224 0.716075 0.209211 0.045244
2 2 0.000069 0.011333 0.923372 0.055764 0.009462
2 2 0.000036 0.003638 0.732599 0.248174 0.015553
2 2 0.000640 0.019025 0.579784 0.226033 0.174519
2 2 0.000000 0.000191 0.756503 0.243174 0.000133
3 2 0.002665 0.000847 0.492163 0.502587 0.001737
2 2 0.000001 0.000779 0.696129 0.302880 0.000211
2 2 0.000001 0.000195 0.521181 0.478505 0.000118
3 2 0.000009 0.000226 0.099416 0.899981 0.000367
2 2 0.000000 0.000385 0.611767 0.387749 0.000098
3 2 0.000002 0.001564 0.355072 0.642054 0.001308
2 3 0.000110 0.008499 0.689835 0.291864 0.009692
3 3 0.000003 0.000944 0.082355 0.916274 0.000424
3 3 0.000030 0.006519 0.319635 0.671583 0.002233
3 3 0.000095 0.008236 0.222336 0.745328 0.024005
3 3 0.000001 0.000503 0.035267 0.964060 0.000169
3 3 0.000001 0.000028 0.064071 0.935896 0.000004
2 3 0.000006 0.000472 0.541522 0.457836 0.000164
4 3 0.009255 0.217290 0.256620 0.083675 0.433160
3 3 0.038850 0.046134 0.419120 0.484000 0.011896
0 3 0.551093 0.070160 0.097058 0.226171 0.055519
2 3 0.067129 0.166829 0.436672 0.292140 0.037230
2 3 0.013317 0.101676 0.531071 0.338957 0.014979
4 3 0.021873 0.079545 0.185519 0.141772 0.571292
2 3 0.021561 0.265721 0.552333 0.043285 0.117100
2 3 0.003391 0.043882 0.843362 0.031270 0.078095
2 3 0.002277 0.132163 0.659780 0.149205 0.056574
2 3 0.005675 0.140703 0.577940 0.175911 0.099771
2 3 0.000518 0.026497 0.734654 0.233156 0.005174
2 3 0.000153 0.013099 0.637981 0.345994 0.002773
2 3 0.000136 0.005802 0.552976 0.440727 0.000359
3 3 0.000001 0.000591 0.179243 0.820036 0.000128
2 3 0.000001 0.000618 0.511221 0.488067 0.000092
3 3 0.000021 0.003000 0.274314 0.722256 0.000409
3 3 0.000000 0.000091 0.047986 0.951914 0.000008
2 3 0.002166 0.042508 0.492207 0.450434 0.012685
2 3 0.000047 0.003266 0.507353 0.489160 0.000175
3 3 0.000002 0.000679 0.278143 0.721148 0.000029
3 3 0.000002 0.000226 0.165823 0.833933 0.000015
3 3 0.000005 0.000519 0.054289 0.945116 0.000072
3 3 0.000004 0.001110 0.295917 0.702916 0.000052
3 3 0.000720 0.011540 0.174406 0.811048 0.002286
3 3 0.000001 0.000315 0.295879 0.703794 0.000011
3 3 0.000034 0.000696 0.138519 0.860660 0.000091
3 3 0.001027 0.026022 0.273497 0.695444 0.004010
3 3 0.000162 0.009417 0.194316 0.794875 0.001230
3 3 0.000000 0.000048 0.030128 0.969817 0.000006
3 3 0.008139 0.136592 0.392717 0.440281 0.022271
2 3 0.000686 0.035655 0.710689 0.250858 0.002113
2 3 0.000867 0.011992 0.932787 0.053885 0.000469
3 3 0.000190 0.010596 0.104467 0.882713 0.002035
3 3 0.000002 0.000393 0.053325 0.946233 0.000046
3 3 0.000037 0.003341 0.154707 0.841543 0.000372
2 3 0.000033 0.003179 0.533984 0.462653 0.000150
3 3 0.088104 0.162892 0.118744 0.536905 0.093355
2 3 0.014491 0.246186 0.407982 0.293329 0.038012
1 3 0.048081 0.372120 0.174454 0.289631 0.115715
1 3 0.077385 0.441090 0.195577 0.166608 0.119340
0 3 0.964684 0.013754 0.002948 0.001858 0.016757
0 0 0.986092 0.007070 0.001885 0.000143 0.004810
0 0 0.937806 0.021419 0.004775 0.001887 0.034112
0 0 0.977468 0.006570 0.001240 0.001762 0.012959
0 0 0.948434 0.031868 0.011007 0.000156 0.008534
0 0 0.778226 0.119631 0.032453 0.005768 0.063922
0 0 0.894584 0.042112 0.008975 0.009222 0.045106
0 0 0.823044 0.112415 0.038315 0.001052 0.025174
0 0 0.931512 0.025261 0.005201 0.005859 0.032167
0 0 0.978781 0.006101 0.001146 0.001649 0.012322
0 0 0.765778 0.107216 0.024463 0.020962 0.081581
0 0 0.935631 0.027371 0.006089 0.003642 0.027267
0 0 0.961908 0.012482 0.002454 0.003126 0.020030
0 0 0.975380 0.008388 0.001694 0.001479 0.013059
0 0 0.961324 0.012714 0.002503 0.003178 0.020281
0 0 0.984541 0.004118 0.000754 0.001160 0.009426
0 0 0.971024 0.009930 0.002003 0.001876 0.015166
0 0 0.935270 0.027460 0.006099 0.003700 0.027470
0 0 0.439203 0.307942 0.113147 0.001383 0.138326
0 1 0.493475 0.329847 0.114662 0.004773 0.057243
0 1 0.509581 0.295388 0.084947 0.016976 0.093108
0 0 0.601457 0.257166 0.087659 0.003661 0.050056
0 0 0.966509 0.010676 0.002078 0.002719 0.018019
0 0 0.518120 0.289760 0.083168 0.016674 0.092277
0 0 0.840289 0.090419 0.026716 0.001946 0.040629
0 0 0.877430 0.033814 0.009342 0.000337 0.079078
0 0 0.993205 0.001456 0.000250 0.000458 0.004631
0 0 0.955632 0.020326 0.004787 0.001564 0.017692
0 0 0.877483 0.061814 0.015255 0.005189 0.040259
0 0 0.832960 0.072279 0.016005 0.014853 0.063903
0 0 0.978672 0.006804 0.001336 0.001365 0.011823
0 0 0.992502 0.002862 0.000634 0.000167 0.003835
0 0 0.955929 0.020655 0.004945 0.001411 0.017060
0 0 0.967163 0.010642 0.002087 0.002554 0.017553
0 0 0.955832 0.012558 0.002490 0.002407 0.026714
0 0 0.577832 0.161967 0.039330 0.014903 0.205968
0 1 0.852605 0.054327 0.013271 0.002878 0.076919
0 1 0.987864 0.002721 0.000501 0.000528 0.008386
0 1 0.992061 0.002575 0.000523 0.000280 0.004561
0 1 0.988963 0.002698 0.000481 0.000795 0.007062
0 0 0.990638 0.002191 0.000386 0.000660 0.006125
0 0 0.972133 0.011890 0.002752 0.000815 0.012410
0 0 0.962839 0.015284 0.003375 0.001717 0.016786
0 0 0.989577 0.002085 0.000368 0.000508 0.007461
0 0 0.658225 0.011805 0.002556 0.000183 0.327230
0 0 0.801644 0.004191 0.000843 0.000066 0.193256
0 0 0.907133 0.045402 0.011002 0.003858 0.032605
0 0 0.770095 0.142372 0.044437 0.002895 0.040200
2 0 0.077554 0.277187 0.449511 0.010938 0.184810
4 0 0.005675 0.125266 0.073681 0.003936 0.791442
4 1 0.012814 0.077986 0.043558 0.003815 0.861827
4 1 0.006674 0.033348 0.019511 0.000873 0.939594
4 1 0.009094 0.056997 0.044070 0.002501 0.887338
4 4 0.020616 0.061239 0.025898 0.001035 0.891213
4 4 0.030379 0.015778 0.005379 0.000078 0.948387
4 4 0.174418 0.068762 0.018073 0.000757 0.737989
4 4 0.021669 0.161738 0.093553 0.021472 0.701568
4 4 0.013794 0.049465 0.026918 0.001349 0.908474
4 4 0.009814 0.151442 0.086888 0.000644 0.751212
4 4 0.042807 0.098849 0.065235 0.001445 0.791665
4 4 0.036212 0.042060 0.018039 0.000996 0.902693
4 4 0.032414 0.047652 0.017421 0.000516 0.901996
4 4 0.013259 0.076468 0.041319 0.003250 0.865703
4 4 0.021913 0.044708 0.016894 0.000410 0.916075
4 4 0.021941 0.040044 0.013272 0.000191 0.924552
4 4 0.007458 0.052470 0.026551 0.000906 0.912615
4 4 0.232241 0.053696 0.013659 0.000610 0.699794
4 4 0.412314 0.095903 0.026557 0.002428 0.462798
4 4 0.070408 0.018781 0.006832 0.000257 0.903721
4 4 0.108924 0.065753 0.024288 0.002273 0.798762
4 4 0.033804 0.090582 0.043528 0.003860 0.828227
4 4 0.035677 0.025312 0.007159 0.000070 0.931782
4 4 0.017391 0.101182 0.049553 0.003806 0.828068
4 4 0.001504 0.090067 0.078887 0.003187 0.826355
4 4 0.015739 0.119660 0.065043 0.007527 0.792031
4 4 0.002993 0.112201 0.197456 0.053557 0.633794
4 4 0.012561 0.100062 0.073458 0.020353 0.793567
4 4 0.002093 0.136021 0.281220 0.101293 0.479373
4 4 0.024694 0.096841 0.159391 0.076945 0.642129
4 4 0.015325 0.096436 0.047495 0.003305 0.837438
4 4 0.016800 0.043045 0.037233 0.010368 0.892554
4 4 0.011487 0.056729 0.061149 0.006923 0.863712
4 4 0.010002 0.034504 0.026668 0.002992 0.925834
4 4 0.001339 0.073171 0.107302 0.070472 0.747716
4 4 0.001583 0.105920 0.202352 0.069129 0.621016
4 4 0.001106 0.097877 0.102568 0.006369 0.792080
4 4 0.001328 0.140352 0.164785 0.019729 0.673807
4 4 0.002105 0.077867 0.259763 0.002278 0.657986
4 4 0.002603 0.140494 0.124198 0.004154 0.728550
2 4 0.000365 0.059372 0.554197 0.132336 0.253730
2 4 0.000340 0.076358 0.590169 0.070583 0.262550
4 4 0.000474 0.110648 0.170218 0.001292 0.717367
4 4 0.011563 0.091704 0.143036 0.009534 0.744164
4 2 0.002467 0.159147 0.221407 0.168059 0.448921
2 2 0.003769 0.186859 0.463310 0.063376 0.282686
4 2 0.033274 0.296371 0.129832 0.024843 0.515681
4 2 0.009986 0.251664 0.232745 0.113948 0.391657
2 2 0.000765 0.145904 0.536964 0.055267 0.261100
4 2 0.003536 0.187368 0.322483 0.020622 0.465991
2 2 0.000412 0.076890 0.720602 0.002092 0.200003
2 2 0.000878 0.102617 0.623784 0.010451 0.262270
2 2 0.001378 0.133740 0.686807 0.017736 0.160339
4 2 0.005389 0.206205 0.332421 0.002297 0.453688
1 2 0.123472 0.478165 0.154629 0.011325 0.232409
1 2 0.038409 0.495812 0.248762 0.000258 0.216760
1 2 0.187228 0.450614 0.123769 0.049796 0.188593
4 2 0.048366 0.205457 0.061969 0.002634 0.681574
4 2 0.020803 0.254727 0.116385 0.000303 0.607782
1 2 0.016668 0.376412 0.355232 0.007666 0.244022
2 2 0.004165 0.258236 0.604764 0.008667 0.124168
2 2 0.006820 0.188497 0.708386 0.010726 0.085571
2 2 0.005099 0.282034 0.539268 0.012488 0.161111
2 2 0.008252 0.283377 0.377718 0.005456 0.325197
2 2 0.001405 0.102581 0.804756 0.016861 0.074396
2 2 0.002948 0.257634 0.604030 0.018769 0.116619
2 2 0.000664 0.085396 0.890785 0.003800 0.019354
2 2 0.000492 0.072355 0.882032 0.020175 0.024946
2 2 0.000906 0.077334 0.875716 0.033323 0.012720
2 2 0.001728 0.031388 0.845037 0.112983 0.008863
2 2 0.000022 0.005589 0.958189 0.035570 0.000629
2 2 0.002010 0.103661 0.761218 0.064349 0.068762
2 2 0.001272 0.105155 0.856790 0.017828 0.018955
2 2 0.000008 0.003746 0.985159 0.010014 0.001073
2 2 0.000050 0.008929 0.739904 0.250724 0.000395
2 2 0.000284 0.016015 0.863227 0.118462 0.002012
2 2 0.000056 0.011245 0.855312 0.132491 0.000895
2 2 0.000057 0.003564 0.610272 0.385915 0.000193
2 2 0.000068 0.005400 0.688239 0.305994 0.000300
2 2 0.000331 0.021816 0.903950 0.070752 0.003152
2 2 0.000060 0.007312 0.545039 0.446594 0.000995
3 2 0.000001 0.000248 0.307639 0.692093 0.000019
2 2 0.000076 0.013308 0.690955 0.295134 0.000526
3 2 0.000114 0.007504 0.351813 0.638541 0.002028
2 2 0.000198 0.028077 0.713503 0.256619 0.001603
3 2 0.000079 0.005773 0.361295 0.632053 0.000800
2 2 0.000087 0.002113 0.698160 0.299541 0.000098
2 2 0.000001 0.000337 0.562049 0.437600 0.000013
3 2 0.000014 0.002392 0.164332 0.833056 0.000207
3 2 0.000007 0.001399 0.159335 0.839085 0.000175
3 2 0.000004 0.000379 0.052968 0.946599 0.000050
2 2 0.000079 0.007188 0.528840 0.463470 0.000422
3 2 0.000000 0.000108 0.153761 0.846112 0.000018
3 2 0.000032 0.003484 0.209760 0.786411 0.000313
3 2 0.000014 0.002096 0.298151 0.699609 0.000129
3 2 0.000005 0.001009 0.281157 0.717776 0.000052
3 2 0.000095 0.008889 0.082293 0.906258 0.002464
3 2 0.000002 0.000440 0.064705 0.934801 0.000052
3 3 0.000006 0.000530 0.232726 0.766637 0.000102
3 3 0.000001 0.000244 0.045950 0.953771 0.000034
3 3 0.000000 0.000028 0.097389 0.902581 0.000002
3 3 0.000003 0.000016 0.013062 0.986912 0.000006
3 3 0.000013 0.001929 0.048195 0.949464 0.000398
3 3 0.000070 0.003544 0.056136 0.938253 0.001997
3 3 0.000045 0.002168 0.087834 0.908845 0.001108
3 3 0.000021 0.000052 0.078937 0.920973 0.000017
3 3 0.000005 0.000521 0.021227 0.978128 0.000119
3 3 0.000007 0.000332 0.151260 0.848321 0.000080
3 3 0.000002 0.000325 0.080665 0.918980 0.000028
3 3 0.000024 0.004596 0.490082 0.504222 0.001077
3 3 0.000002 0.000495 0.020983 0.978435 0.000086
3 3 0.000236 0.017157 0.112804 0.864288 0.005515
3 3 0.000000 0.000163 0.184400 0.815430 0.000007
3 3 0.000016 0.002385 0.063892 0.933188 0.000520
3 3 0.000021 0.001232 0.031979 0.966465 0.000303
3 3 0.000009 0.000055 0.010074 0.989837 0.000025
3 3 0.000000 0.000044 0.007630 0.992320 0.000006
3 3 0.000001 0.000293 0.017647 0.982010 0.000048
3 3 0.000010 0.001472 0.041695 0.956561 0.000261
3 3 0.000005 0.000659 0.046152 0.953085 0.000099
3 3 0.000000 0.000085 0.100788 0.899122 0.000004
3 3 0.000000 0.000052 0.025749 0.974193 0.000006
3 3 0.000025 0.001040 0.033832 0.964840 0.000262
3 3 0.000000 0.000263 0.012438 0.987253 0.000046
3 3 0.000000 0.000039 0.016877 0.983078 0.000005
3 3 0.000002 0.000178 0.034183 0.965611 0.000027
3 3 0.000001 0.000032 0.005555 0.994400 0.000012
3 3 0.000001 0.000182 0.011810 0.987965 0.000042
3 3 0.000002 0.000344 0.026758 0.972838 0.000058
3 3 0.000022 0.000135 0.027436 0.972329 0.000077
3 3 0.000925 0.000463 0.022602 0.975187 0.000823
3 3 0.000114 0.000177 0.007795 0.991756 0.000157
3 3 0.000374 0.000945 0.008917 0.988831 0.000933
3 3 0.000005 0.000557 0.023602 0.975720 0.000116
3 3 0.000000 0.000245 0.010104 0.989605 0.000045
3 3 0.000001 0.000024 0.006752 0.993217 0.000007
3 3 0.000000 0.000064 0.029369 0.970554 0.000013
3 3 0.000002 0.000280 0.156906 0.842760 0.000052
3 3 0.000000 0.000028 0.006044 0.993925 0.000004
3 3 0.000001 0.000139 0.016968 0.982865 0.000026
3 3 0.000014 0.000863 0.016680 0.982168 0.000275
3 3 0.000000 0.000059 0.009519 0.990413 0.000009
3 3 0.000000 0.000147 0.019746 0.980085 0.000021
3 3 0.000011 0.000105 0.011550 0.988268 0.000066
3 3 0.000013 0.000375 0.009959 0.989491 0.000162
3 3 0.000013 0.003368 0.027254 0.967219 0.002147
3 3 0.000032 0.004047 0.050415 0.942095 0.003412
3 3 0.000000 0.000069 0.009330 0.990590 0.000010
3 3 0.000218 0.008480 0.066935 0.921755 0.002611
3 3 0.000077 0.000570 0.034375 0.964784 0.000195
3 3 0.000007 0.000351 0.013390 0.986141 0.000111
3 3 0.000011 0.000476 0.034080 0.965249 0.000184
3 3 0.000009 0.000081 0.026477 0.973413 0.000021
3 3 0.000001 0.000087 0.005741 0.994138 0.000034
3 3 0.000005 0.000746 0.012502 0.986536 0.000211
3 3 0.000008 0.002954 0.017142 0.979160 0.000736
3 3 0.000014 0.001177 0.015355 0.983066 0.000387
3 3 0.000002 0.000428 0.022830 0.976669 0.000071
3 3 0.000024 0.002531 0.052642 0.944336 0.000467
3 3 0.000109 0.006199 0.057540 0.934660 0.001492
3 3 0.000000 0.000109 0.011123 0.988751 0.000017
3 3 0.000013 0.000359 0.012185 0.987302 0.000141
3 3 0.000002 0.000219 0.025646 0.974074 0.000060
3 3 0.000005 0.000031 0.006105 0.993843 0.000016
3 3 0.000069 0.000354 0.005325 0.993931 0.000322
3 3 0.000342 0.002582 0.028477 0.967326 0.001272
3 3 0.000001 0.000202 0.019760 0.980007 0.000030
3 3 0.000000 0.000043 0.014957 0.984988 0.000012
3 3 0.000000 0.000023 0.008829 0.991143 0.000004
3 3 0.002580 0.001160 0.036711 0.954389 0.005160
3 3 0.000043 0.001175 0.015399 0.982653 0.000730
3 3 0.000007 0.000999 0.036627 0.961982 0.000386
3 3 0.000000 0.000050 0.016874 0.983070 0.000006
3 3 0.000037 0.003034 0.050771 0.945530 0.000628
3 3 0.000015 0.001989 0.044010 0.953619 0.000367
3 3 0.000218 0.016289 0.028836 0.948418 0.006240
3 3 0.000722 0.039779 0.087818 0.861164 0.010517
3 3 0.001595 0.031151 0.199459 0.761387 0.006408
1 0 0.203105 0.324496 0.230848 0.142475 0.099076
1 0 0.189452 0.360409 0.142195 0.163580 0.144364
1 2 0.106999 0.444536 0.158481 0.149946 0.140038
3 2 0.004681 0.135385 0.126772 0.693006 0.040156
3 2 0.233068 0.217815 0.134099 0.295496 0.119522
0 2 0.664521 0.217013 0.076014 0.002278 0.040174
1 2 0.343461 0.370803 0.118151 0.007640 0.159945
1 2 0.271092 0.418470 0.141070 0.005935 0.163434
0 2 0.754915 0.104621 0.026052 0.028594 0.085819
0 2 0.687381 0.150068 0.035205 0.028013 0.099333
0 2 0.523433 0.310721 0.109516 0.003877 0.052452
1 2 0.220817 0.327953 0.120541 0.177141 0.153548
4 2 0.100729 0.364952 0.111456 0.017591 0.405272
2 2 0.003613 0.152838 0.748545 0.050416 0.044589
4 2 0.239328 0.094675 0.047438 0.020209 0.598351
4 2 0.278404 0.125512 0.032558 0.002967 0.560559
4 2 0.010244 0.224922 0.184404 0.016361 0.564069
2 2 0.003743 0.181326 0.450124 0.181610 0.183198
4 2 0.003883 0.256955 0.258119 0.019121 0.461923
4 2 0.003905 0.175985 0.148251 0.038604 0.633255
2 2 0.003770 0.283707 0.379664 0.004298 0.328562
1 2 0.009715 0.373160 0.310273 0.007678 0.299175
0 2 0.462045 0.090514 0.026806 0.002721 0.417913
4 2 0.021953 0.117133 0.065382 0.010637 0.784895
4 2 0.005948 0.058270 0.044090 0.005923 0.885769
4 2 0.016040 0.097773 0.074518 0.028440 0.783228
4 2 0.019917 0.020238 0.013069 0.001562 0.945213
4 4 0.004539 0.027126 0.034578 0.004328 0.929430
4 4 0.005396 0.028899 0.087837 0.016384 0.861483
4 4 0.005820 0.034659 0.020714 0.000920 0.937887
4 4 0.001542 0.017324 0.011794 0.000248 0.969091
4 4 0.001236 0.095328 0.094503 0.007632 0.801302
4 4 0.001786 0.079231 0.082782 0.018153 0.818047
4 4 0.024406 0.034274 0.013731 0.000404 0.927185
4 4 0.004218 0.088445 0.287729 0.277788 0.341819
4 4 0.002942 0.131752 0.107316 0.017864 0.740126
4 4 0.089345 0.084501 0.029207 0.002026 0.794920
4 4 0.020543 0.178095 0.087214 0.010792 0.703357
4 4 0.211378 0.124150 0.044731 0.004017 0.615724
4 4 0.062681 0.144951 0.098298 0.015635 0.678435
4 4 0.000842 0.045804 0.077118 0.002089 0.874148
4 4 0.000765 0.039254 0.044555 0.002643 0.912782
4 4 0.003941 0.041214 0.036334 0.000343 0.918168
4 4 0.009111 0.134506 0.182925 0.086407 0.587050
4 4 0.009188 0.127311 0.145688 0.038892 0.678921
4 4 0.008804 0.083189 0.050349 0.004650 0.853008
4 4 0.029014 0.088287 0.026738 0.000476 0.855485
4 4 0.136485 0.062028 0.017379 0.000344 0.783765
0 0 0.867270 0.057452 0.012758 0.010465 0.052055
4 2 0.314113 0.242628 0.072605 0.003533 0.367121
0 2 0.831316 0.052970 0.011697 0.006193 0.097825
0 2 0.432362 0.195455 0.049376 0.012085 0.310723
4 2 0.008587 0.116450 0.109528 0.001528 0.763907
0 2 0.656907 0.088356 0.020747 0.005616 0.228373
0 2 0.886352 0.046012 0.009867 0.009975 0.047795
4 2 0.109130 0.214436 0.106463 0.070851 0.499120
1 2 0.176565 0.399266 0.317511 0.041545 0.065113
0 2 0.749563 0.084899 0.051307 0.006345 0.107886
0 2 0.908100 0.035750 0.007706 0.008138 0.040306
0 2 0.685069 0.115099 0.027321 0.011995 0.160516
4 2 0.438316 0.017309 0.004265 0.000184 0.539926
0 2 0.837251 0.016885 0.003574 0.000761 0.141528
0 2 0.986880 0.001678 0.000296 0.000256 0.010890
0 2 0.992118 0.001761 0.000306 0.000542 0.005273
0 2 0.843140 0.067155 0.014791 0.013923 0.060990
4 2 0.017579 0.085066 0.031808 0.000830 0.864717
4 2 0.002198 0.241246 0.332701 0.003806 0.420049
2 2 0.004281 0.226571 0.484636 0.022813 0.261699
2 2 0.008211 0.309515 0.370259 0.009324 0.302690
4 2 0.012823 0.300392 0.199921 0.040430 0.446433
2 2 0.001705 0.261258 0.478503 0.012773 0.245761
2 2 0.008108 0.248659 0.482513 0.094384 0.166337
2 2 0.006565 0.217154 0.458656 0.135420 0.182205
2 2 0.003685 0.313980 0.355791 0.010479 0.316065
2 2 0.000462 0.059116 0.886686 0.017393 0.036343
1 2 0.018521 0.391436 0.246781 0.005638 0.337624
2 2 0.003832 0.253214 0.394115 0.016689 0.332150
4 2 0.000801 0.177798 0.339956 0.002424 0.479021
4 2 0.001833 0.108271 0.160502 0.065846 0.663547
2 2 0.001396 0.171247 0.430081 0.058501 0.338775
4 2 0.001963 0.139844 0.158044 0.008329 0.691819
2 2 0.004520 0.330869 0.344889 0.002974 0.316747
1 2 0.051393 0.421412 0.181894 0.011044 0.334258
0 2 0.795146 0.062246 0.020412 0.000164 0.122033
1 0 0.152217 0.558109 0.191816 0.016466 0.081392
1 2 0.007232 0.391580 0.386229 0.026412 0.188547
2 2 0.004504 0.207611 0.722308 0.004300 0.061278
2 2 0.007007 0.291151 0.570777 0.007250 0.123815
2 2 0.006493 0.221871 0.526131 0.014052 0.231453
2 2 0.002743 0.106729 0.839334 0.034515 0.016680
2 2 0.000299 0.031571 0.909510 0.051032 0.007589
2 2 0.003123 0.183767 0.752312 0.012065 0.048733
4 2 0.010942 0.325691 0.327177 0.007779 0.328411
2 2 0.001224 0.095358 0.854688 0.015194 0.033536
2 2 0.008734 0.191590 0.586206 0.040809 0.172661
2 2 0.003513 0.170842 0.531474 0.014657 0.279514
2 2 0.000496 0.026052 0.877965 0.080084 0.015404
2 2 0.000231 0.023450 0.954892 0.016570 0.004858
2 2 0.000807 0.018680 0.954884 0.023809 0.001820
2 2 0.008158 0.249187 0.686417 0.018599 0.037639
2 2 0.000816 0.028922 0.911734 0.057186 0.001341
2 2 0.072970 0.186168 0.582068 0.080851 0.077944
0 2 0.388357 0.269538 0.094482 0.020006 0.227617
4 2 0.123340 0.315088 0.199181 0.002366 0.360025
2 2 0.094929 0.424076 0.447239 0.006802 0.026953
2 2 0.003545 0.227759 0.597113 0.044343 0.127241
2 2 0.002240 0.114239 0.808114 0.009950 0.065456
2 2 0.000647 0.053453 0.854417 0.013099 0.078384
2 2 0.000116 0.014915 0.912420 0.067238 0.005311
2 2 0.000793 0.012218 0.773434 0.201873 0.011683
2 2 0.002677 0.042707 0.651571 0.062475 0.240570
2 2 0.000247 0.019331 0.789536 0.127500 0.063387
2 2 0.000224 0.031194 0.862812 0.089695 0.016075
2 2 0.002229 0.058196 0.769152 0.008666 0.161757
2 2 0.000226 0.024262 0.887915 0.065320 0.022277
2 2 0.000070 0.011718 0.879658 0.101164 0.007390
2 2 0.000111 0.027081 0.902725 0.026801 0.043282
2 2 0.000071 0.007674 0.925600 0.062936 0.003719
2 2 0.000048 0.003666 0.940807 0.054084 0.001394
2 2 0.000998 0.036660 0.821386 0.113757 0.027198
2 2 0.002263 0.014825 0.897524 0.066411 0.018976
2 2 0.000285 0.051491 0.802963 0.003736 0.141524
4 2 0.001594 0.138467 0.192187 0.078396 0.589355
4 2 0.025362 0.201702 0.256832 0.009680 0.506423
2 2 0.003225 0.153449 0.444810 0.008933 0.389584
2 2 0.000375 0.108361 0.581245 0.010179 0.299840
2 2 0.000069 0.007465 0.509729 0.477613 0.005124
3 2 0.000255 0.004930 0.280246 0.685835 0.028734
2 2 0.000013 0.003409 0.680706 0.314941 0.000932
2 2 0.000079 0.023910 0.736864 0.229751 0.009396
2 2 0.002252 0.053942 0.755743 0.084892 0.103171
2 2 0.000104 0.004543 0.969505 0.023305 0.002542
2 2 0.000005 0.000904 0.508566 0.490330 0.000195
2 2 0.000328 0.022779 0.509500 0.434021 0.033373
2 2 0.000395 0.033457 0.672233 0.270881 0.023034
2 2 0.000283 0.002761 0.942422 0.050357 0.004177
2 2 0.000267 0.036950 0.729292 0.212293 0.021197
2 2 0.000111 0.009308 0.797348 0.189242 0.003990
2 2 0.006467 0.068998 0.647879 0.269356 0.007300
3 2 0.016989 0.189276 0.338751 0.416660 0.038324
3 2 0.000688 0.015698 0.344994 0.632059 0.006561
2 2 0.001967 0.055085 0.855471 0.057397 0.030079
3 2 0.007018 0.065759 0.387095 0.412793 0.127336
2 2 0.062738 0.063783 0.550222 0.098999 0.224258
3 2 0.000793 0.043753 0.437365 0.504658 0.013431
2 2 0.000031 0.005804 0.631289 0.360063 0.002814
2 2 0.000939 0.016128 0.725825 0.254369 0.002738
3 2 0.000032 0.005633 0.455426 0.538190 0.000718
2 2 0.000226 0.040851 0.461321 0.449937 0.047665
2 2 0.000164 0.032827 0.512223 0.405033 0.049753
2 2 0.011479 0.025350 0.472601 0.383045 0.107525
2 2 0.002825 0.136780 0.749574 0.082843 0.027978
2 2 0.000034 0.008696 0.770352 0.219406 0.001510
3 2 0.000002 0.000115 0.178910 0.820840 0.000133
2 2 0.000010 0.003097 0.692196 0.304326 0.000372
3 2 0.000065 0.004274 0.275456 0.719712 0.000493
3 2 0.000008 0.001460 0.229551 0.768856 0.000125
2 2 0.001011 0.014204 0.518162 0.455652 0.010972
2 2 0.000015 0.002265 0.713777 0.283625 0.000318
2 2 0.000088 0.009265 0.766379 0.223525 0.000743
2 2 0.002317 0.123576 0.788004 0.073686 0.012417
2 2 0.000003 0.001253 0.510299 0.488325 0.000120
2 2 0.000247 0.002352 0.502889 0.494317 0.000196
3 2 0.000036 0.005549 0.361414 0.631315 0.001686
3 2 0.000021 0.002615 0.367481 0.627953 0.001931
2 2 0.000002 0.000745 0.608171 0.390935 0.000146
3 2 0.000013 0.000145 0.429877 0.569953 0.000011
2 2 0.000001 0.000534 0.643740 0.355713 0.000011
3 2 0.000017 0.001902 0.126004 0.871869 0.000207
3 2 0.000001 0.000192 0.152131 0.847653 0.000023
3 2 0.000005 0.000483 0.452110 0.547352 0.000050
3 2 0.000003 0.000769 0.476640 0.522554 0.000034
3 2 0.000034 0.002156 0.226005 0.771050 0.000755
3 2 0.000686 0.021274 0.142173 0.831393 0.004474
3 2 0.001457 0.020981 0.403695 0.560835 0.013032
3 2 0.000638 0.022226 0.109096 0.854028 0.014012
3 2 0.000073 0.009977 0.099090 0.888258 0.002602
3 2 0.000295 0.000947 0.050389 0.947836 0.000533
3 2 0.000158 0.013931 0.460252 0.523973 0.001686
3 2 0.000003 0.000348 0.271414 0.728164 0.000070
3 2 0.000000 0.000111 0.073512 0.926364 0.000013
3 2 0.000021 0.002154 0.068791 0.928694 0.000340
3 2 0.000027 0.004171 0.391767 0.603565 0.000469
3 2 0.000045 0.003452 0.124608 0.871065 0.000829
3 2 0.000005 0.000598 0.092006 0.907328 0.000063
3 2 0.000072 0.010783 0.148593 0.837058 0.003494
3 2 0.000024 0.001839 0.159952 0.837996 0.000189
3 2 0.000051 0.007986 0.109130 0.879145 0.003689
3 2 0.000000 0.000141 0.185176 0.814672 0.000011
3 2 0.000000 0.000043 0.052892 0.947060 0.000005
3 2 0.000000 0.000063 0.052592 0.947340 0.000006
3 2 0.000058 0.001788 0.169521 0.828214 0.000418
3 2 0.000004 0.000104 0.130616 0.869265 0.000011
3 2 0.000011 0.000788 0.083535 0.914866 0.000801
3 2 0.000001 0.000266 0.051842 0.947839 0.000052
3 2 0.000002 0.000236 0.174180 0.825561 0.000021
3 2 0.000001 0.000174 0.036471 0.963327 0.000028
3 2 0.000002 0.000680 0.117010 0.882228 0.000080
3 2 0.000001 0.000276 0.151007 0.848702 0.000014
2 2 0.000009 0.001514 0.583520 0.414685 0.000272
3 2 0.000004 0.001165 0.023263 0.975339 0.000228
3 2 0.000021 0.001422 0.138213 0.860189 0.000156
3 2 0.000002 0.000646 0.334170 0.665158 0.000025
3 2 0.000125 0.000587 0.183934 0.815020 0.000334
3 2 0.000029 0.000849 0.277937 0.721036 0.000149
3 3 0.000012 0.001897 0.039650 0.958058 0.000383
3 3 0.000011 0.002467 0.065869 0.930765 0.000888
3 3 0.000014 0.002698 0.061738 0.934706 0.000845
3 3 0.000001 0.000358 0.270717 0.728888 0.000036
3 3 0.000021 0.004166 0.110514 0.884815 0.000484
3 3 0.000394 0.018880 0.387680 0.591189 0.001857
3 3 0.000047 0.003645 0.092432 0.903069 0.000807
3 3 0.000003 0.000507 0.169814 0.829616 0.000060
3 3 0.000001 0.000126 0.067611 0.932247 0.000016
3 3 0.000009 0.000323 0.020935 0.978645 0.000088
3 3 0.000033 0.008145 0.383513 0.607737 0.000573
3 3 0.000007 0.000946 0.043725 0.955168 0.000153
3 3 0.000009 0.001043 0.169858 0.829006 0.000084
3 3 0.000001 0.000301 0.132889 0.866792 0.000017
3 3 0.000016 0.002927 0.232699 0.763834 0.000524
3 3 0.000001 0.000216 0.018597 0.981153 0.000033
3 3 0.000008 0.000899 0.037402 0.961334 0.000357
3 3 0.000004 0.000779 0.028196 0.970879 0.000142
3 3 0.000003 0.000638 0.027955 0.971297 0.000108
3 3 0.000003 0.000385 0.050512 0.949049 0.000051
3 3 0.000001 0.000227 0.015472 0.984264 0.000037
3 3 0.000008 0.000532 0.114710 0.884694 0.000055
3 3 0.000003 0.000400 0.071083 0.928469 0.000044
3 3 0.000072 0.003562 0.071886 0.923282 0.001197
3 3 0.000008 0.000445 0.009870 0.989509 0.000168
3 3 0.000001 0.000041 0.029571 0.970378 0.000010
3 3 0.000007 0.000871 0.217493 0.781421 0.000208
3 3 0.000002 0.000136 0.121127 0.878689 0.000047
3 3 0.000019 0.001727 0.157134 0.838340 0.002780
3 3 0.000020 0.001331 0.077246 0.921204 0.000200
1 3 0.149222 0.373734 0.141270 0.187786 0.147988
3 3 0.008355 0.086856 0.297201 0.569191 0.038397
4 3 0.067250 0.239981 0.080492 0.007640 0.604638
0 3 0.384692 0.321654 0.138393 0.050010 0.105252
3 3 0.001986 0.086330 0.236252 0.631834 0.043598
4 3 0.001687 0.138912 0.212547 0.169925 0.476929
4 3 0.025620 0.319051 0.165006 0.059226 0.431096
0 0 0.762024 0.143870 0.042751 0.004273 0.047082
0 0 0.981255 0.005850 0.001141 0.001170 0.010585
1 2 0.190991 0.492008 0.142094 0.047414 0.127493
4 2 0.009136 0.206486 0.129759 0.020086 0.634534
4 2 0.020373 0.182032 0.134904 0.095027 0.567665
2 2 0.014884 0.184006 0.364964 0.340067 0.096079
0 2 0.452079 0.219774 0.055354 0.017700 0.255093
4 2 0.053041 0.366246 0.148953 0.044081 0.387679
4 2 0.000850 0.111358 0.295988 0.200783 0.391021
4 2 0.001084 0.071585 0.103360 0.052928 0.771044
4 2 0.004508 0.014356 0.006697 0.000072 0.974367
0 2 0.872656 0.042411 0.010435 0.012834 0.061665
0 2 0.880472 0.014251 0.002958 0.000816 0.101504
4 4 0.009933 0.122454 0.103029 0.047044 0.717540
2 4 0.001135 0.125803 0.393472 0.353337 0.126253
3 4 0.001284 0.152831 0.207772 0.355486 0.282627
4 4 0.002240 0.080412 0.254940 0.123153 0.539255
4 4 0.001595 0.061656 0.214953 0.262179 0.459618
4 4 0.000937 0.017263 0.020715 0.002425 0.958660
