0 0 0.805071 0.044893 0.120922 0.026763 0.002351
0 0 0.611529 0.080966 0.206506 0.072532 0.028468
0 0 0.706592 0.089637 0.196086 0.006586 0.001100
3 0 0.146011 0.012432 0.136798 0.702182 0.002577
2 0 0.103340 0.217202 0.639777 0.030804 0.008878
2 0 0.015012 0.096195 0.635528 0.222531 0.030734
2 0 0.005558 0.010205 0.761512 0.222386 0.000338
2 0 0.080020 0.216170 0.702119 0.000827 0.000864
2 0 0.007338 0.028320 0.725123 0.237140 0.002079
3 0 0.013954 0.030003 0.397309 0.552669 0.006066
2 0 0.066769 0.289357 0.594463 0.035220 0.014190
2 0 0.005093 0.069031 0.884184 0.037967 0.003726
2 0 0.009387 0.094959 0.870540 0.022633 0.002481
2 0 0.017148 0.246482 0.722727 0.001465 0.012178
2 0 0.004769 0.081624 0.854221 0.049248 0.010138
2 0 0.016699 0.243193 0.725124 0.001202 0.013783
0 0 0.532938 0.266866 0.192462 0.000272 0.007462
2 0 0.303536 0.136324 0.522314 0.035761 0.002065
2 0 0.158723 0.217678 0.608456 0.001109 0.014034
2 0 0.257674 0.220228 0.513361 0.002914 0.005823
0 0 0.732938 0.074683 0.181104 0.010064 0.001211
0 0 0.573057 0.017899 0.345066 0.063554 0.000424
0 0 0.990057 0.003668 0.005360 0.000384 0.000530
0 0 0.491050 0.144722 0.224188 0.031027 0.109012
0 0 0.831342 0.014240 0.148800 0.004765 0.000852
0 0 0.998819 0.000445 0.000472 0.000029 0.000236
0 0 0.993807 0.004801 0.001314 0.000001 0.000077
0 0 0.917883 0.019725 0.023083 0.011253 0.028057
0 0 0.541414 0.176836 0.190488 0.044848 0.046414
0 0 0.961421 0.016831 0.007014 0.000106 0.014628
4 0 0.262367 0.165186 0.098079 0.016460 0.457908
0 0 0.499127 0.249994 0.218290 0.011181 0.021407
0 0 0.928465 0.007630 0.006716 0.001863 0.055326
0 0 0.987295 0.003675 0.005415 0.002690 0.000925
0 0 0.792412 0.073922 0.047278 0.010649 0.075739
4 0 0.328078 0.274358 0.022541 0.000006 0.375016
4 0 0.224554 0.131811 0.046368 0.000201 0.597066
0 0 0.545430 0.097005 0.025496 0.000327 0.331743
0 0 0.487860 0.386946 0.102228 0.000118 0.022849
0 0 0.915957 0.041579 0.007454 0.000007 0.035003
4 0 0.216679 0.013813 0.002508 0.000001 0.766999
0 0 0.856048 0.043032 0.019043 0.000487 0.081389
0 0 0.502679 0.064284 0.385739 0.046155 0.001143
3 0 0.023146 0.004537 0.350106 0.622066 0.000146
0 0 0.948904 0.035018 0.015908 0.000136 0.000034
0 0 0.848973 0.084032 0.020354 0.000093 0.046547
4 0 0.096150 0.019834 0.005939 0.000140 0.877937
0 0 0.400001 0.324019 0.033932 0.000021 0.242027
1 0 0.063668 0.576241 0.301595 0.000037 0.058459
4 0 0.107842 0.152144 0.110728 0.001268 0.628018
0 0 0.735400 0.135771 0.075285 0.000153 0.053391
0 0 0.750388 0.019036 0.049264 0.067789 0.113523
0 0 0.813489 0.033324 0.015679 0.000859 0.136649
0 0 0.522929 0.001887 0.000745 0.000011 0.474427
0 0 0.936657 0.028872 0.030613 0.001889 0.001969
0 0 0.974006 0.014372 0.007950 0.000255 0.003416
0 0 0.972433 0.017085 0.003898 0.000005 0.006580
0 0 0.923420 0.003637 0.001033 0.000003 0.071907
0 0 0.972473 0.001899 0.000957 0.000014 0.024657
0 0 0.977091 0.009899 0.002894 0.000008 0.010107
0 0 0.954461 0.011616 0.005545 0.000142 0.028236
0 0 0.935821 0.030167 0.008032 0.000030 0.025949
0 0 0.982844 0.007711 0.001814 0.000002 0.007629
0 0 0.964350 0.003738 0.001965 0.000047 0.029900
0 0 0.982960 0.012366 0.003895 0.000010 0.000769
0 0 0.876389 0.082908 0.031687 0.000593 0.008423
0 0 0.938944 0.018626 0.010227 0.000562 0.031641
0 0 0.981638 0.010179 0.002875 0.000006 0.005302
0 0 0.974611 0.009176 0.004717 0.000121 0.011375
0 0 0.977471 0.008137 0.006806 0.001006 0.006580
0 0 0.936555 0.023495 0.023215 0.004261 0.012474
0 0 0.957464 0.025994 0.016023 0.000449 0.000069
0 0 0.641853 0.065953 0.080670 0.191626 0.019899
0 0 0.462437 0.094637 0.146615 0.272244 0.024066
0 0 0.963841 0.007985 0.010751 0.009203 0.008221
0 0 0.973962 0.012454 0.009579 0.001030 0.002975
0 0 0.604835 0.258718 0.121856 0.009314 0.005277
3 0 0.216408 0.018877 0.149854 0.611201 0.003660
0 0 0.724894 0.024969 0.043110 0.148225 0.058801
0 0 0.822360 0.064896 0.103214 0.007092 0.002438
0 0 0.879235 0.056123 0.047298 0.007034 0.010310
0 1 0.938108 0.026229 0.021924 0.001552 0.012187
1 1 0.404750 0.434367 0.139770 0.000642 0.020471
4 1 0.026553 0.318150 0.168037 0.001977 0.485283
4 2 0.005570 0.269947 0.230199 0.000464 0.493819
2 2 0.000098 0.055633 0.903954 0.007404 0.032911
2 2 0.000054 0.028691 0.939561 0.016468 0.015227
2 2 0.000589 0.193523 0.656911 0.003618 0.145360
2 2 0.000986 0.202798 0.601874 0.000404 0.193938
2 2 0.001939 0.212847 0.704284 0.000427 0.080503
2 2 0.000030 0.017460 0.966518 0.011153 0.004838
2 2 0.000005 0.005557 0.991748 0.001289 0.001400
2 2 0.000556 0.069368 0.875289 0.008723 0.046064
2 2 0.001318 0.052298 0.723346 0.181513 0.041525
2 2 0.000156 0.024063 0.884482 0.080139 0.011160
2 2 0.000537 0.056634 0.845005 0.072330 0.025494
2 3 0.000000 0.000853 0.972391 0.026494 0.000262
2 3 0.000031 0.001861 0.503064 0.494102 0.000942
2 3 0.000114 0.005263 0.569732 0.421430 0.003461
2 3 0.000039 0.003425 0.677755 0.316505 0.002277
2 3 0.000258 0.012763 0.686173 0.289539 0.011268
3 3 0.000091 0.002524 0.386778 0.607818 0.002789
3 3 0.000029 0.001272 0.401480 0.596300 0.000919
3 3 0.000044 0.001949 0.458400 0.538002 0.001606
3 3 0.000001 0.000038 0.170903 0.829023 0.000036
3 3 0.000014 0.000423 0.233758 0.765446 0.000359
3 3 0.000031 0.000869 0.279955 0.718464 0.000680
3 3 0.000004 0.000093 0.123119 0.876669 0.000115
3 3 0.000009 0.000516 0.351352 0.647820 0.000302
3 3 0.000034 0.001144 0.347117 0.650496 0.001208
3 3 0.000011 0.000184 0.122539 0.877116 0.000151
3 3 0.000013 0.000225 0.139915 0.859556 0.000291
3 3 0.000003 0.000079 0.129610 0.870214 0.000093
3 3 0.000001 0.000099 0.281003 0.718825 0.000072
3 3 0.000001 0.000039 0.126511 0.873393 0.000055
3 3 0.000033 0.000072 0.019481 0.980297 0.000117
3 3 0.000009 0.000031 0.021725 0.978179 0.000057
3 3 0.000009 0.000243 0.183100 0.816430 0.000219
3 3 0.000005 0.000106 0.117786 0.882011 0.000092
3 3 0.000008 0.000038 0.028924 0.970979 0.000052
3 3 0.000003 0.000007 0.008470 0.991503 0.000016
3 3 0.000028 0.000299 0.103763 0.895614 0.000296
3 3 0.000012 0.000052 0.029920 0.969940 0.000077
3 3 0.000029 0.000032 0.008935 0.990934 0.000070
3 3 0.000044 0.000401 0.106843 0.892094 0.000618
2 3 0.000019 0.001570 0.567792 0.429806 0.000812
3 3 0.000008 0.000621 0.454617 0.544273 0.000481
3 3 0.000008 0.000348 0.265149 0.734302 0.000194
3 3 0.000071 0.000960 0.178462 0.819771 0.000736
3 3 0.000004 0.000027 0.030955 0.968987 0.000027
3 3 0.000010 0.000524 0.341587 0.657527 0.000351
3 3 0.000015 0.000139 0.074254 0.925372 0.000220
3 3 0.001014 0.003067 0.098782 0.891639 0.005497
3 3 0.000170 0.001238 0.133830 0.862967 0.001795
3 3 0.000486 0.000728 0.034056 0.963692 0.001038
3 3 0.000014 0.000062 0.034035 0.965753 0.000136
3 3 0.000356 0.003323 0.205200 0.788789 0.002333
3 3 0.000039 0.000224 0.061754 0.937670 0.000312
3 3 0.000001 0.000033 0.150369 0.849576 0.000022
3 3 0.000022 0.000477 0.198426 0.800656 0.000419
3 0 0.001754 0.006970 0.143631 0.843105 0.004540
1 3 0.282025 0.408654 0.204950 0.057950 0.046420
3 3 0.000238 0.002514 0.213674 0.780635 0.002939
3 3 0.000087 0.001518 0.248543 0.748431 0.001421
3 3 0.000006 0.000170 0.175573 0.824102 0.000149
3 3 0.000003 0.000041 0.062160 0.937740 0.000056
3 3 0.000001 0.000019 0.064276 0.935682 0.000021
3 3 0.000003 0.000116 0.168081 0.831699 0.000101
3 3 0.000002 0.000030 0.056515 0.943395 0.000058
3 3 0.000000 0.000014 0.074735 0.925239 0.000012
3 3 0.000009 0.000355 0.262649 0.736723 0.000263
3 3 0.000009 0.000234 0.202381 0.797242 0.000133
3 3 0.000014 0.000162 0.092908 0.906602 0.000314
3 3 0.000011 0.000213 0.144181 0.855414 0.000182
3 3 0.000002 0.000095 0.172435 0.827405 0.000063
3 3 0.000001 0.000032 0.143233 0.856715 0.000020
3 3 0.000031 0.000371 0.124862 0.874287 0.000449
3 3 0.000005 0.000040 0.042599 0.957318 0.000039
3 3 0.000057 0.000139 0.027352 0.972239 0.000213
3 3 0.000089 0.000196 0.028334 0.971099 0.000282
3 3 0.000047 0.000193 0.045707 0.953724 0.000329
3 3 0.000001 0.000001 0.005201 0.994793 0.000004
3 3 0.000003 0.000005 0.005940 0.994042 0.000010
3 3 0.000017 0.000027 0.011071 0.988826 0.000060
3 3 0.000006 0.000011 0.009787 0.990169 0.000027
3 3 0.000030 0.000032 0.008777 0.991089 0.000072
3 3 0.000006 0.000043 0.041546 0.958337 0.000068
3 3 0.000031 0.000447 0.144047 0.855168 0.000308
3 3 0.000070 0.000800 0.154389 0.843858 0.000884
3 3 0.000641 0.003436 0.149677 0.841890 0.004356
3 -1 0.000012 0.000039 0.021502 0.978366 0.000080
3 0 0.000505 0.000577 0.026247 0.971560 0.001111
2 0 0.058516 0.217732 0.686515 0.001706 0.035531
0 0 0.947109 0.042497 0.009843 0.000011 0.000540
0 0 0.647089 0.252221 0.096422 0.002491 0.001776
2 0 0.034753 0.042393 0.799750 0.122732 0.000372
1 1 0.225253 0.506206 0.258747 0.000296 0.009498
2 1 0.001042 0.057228 0.938668 0.002039 0.001022
2 1 0.000320 0.054286 0.939658 0.001440 0.004296
2 1 0.000179 0.029136 0.954316 0.012847 0.003521
2 1 0.002100 0.090914 0.901897 0.002843 0.002247
2 0 0.034796 0.272233 0.673711 0.006894 0.012366
2 1 0.140263 0.293683 0.363722 0.164000 0.038332
2 2 0.030890 0.376796 0.551016 0.003956 0.037343
2 2 0.001317 0.164646 0.651814 0.001521 0.180702
4 2 0.004694 0.271161 0.260241 0.000552 0.463352
2 2 0.000801 0.152942 0.649583 0.001291 0.195383
2 2 0.000003 0.002188 0.994671 0.003037 0.000101
2 2 0.000011 0.007960 0.983295 0.007468 0.001266
2 2 0.000411 0.139624 0.764696 0.003657 0.091611
2 2 0.000062 0.021559 0.976532 0.000887 0.000960
2 2 0.000155 0.025976 0.969377 0.002873 0.001618
2 2 0.000108 0.025743 0.969056 0.003423 0.001671
2 2 0.000995 0.066213 0.889366 0.032255 0.011172
2 2 0.000902 0.037812 0.949484 0.010574 0.001229
2 2 0.000054 0.016948 0.972450 0.008483 0.002064
2 3 0.000118 0.033823 0.953167 0.007470 0.005422
2 3 0.001565 0.037948 0.950065 0.007506 0.002917
0 3 0.917188 0.071156 0.010851 0.000003 0.000802
2 2 0.002704 0.252834 0.572097 0.017349 0.155015
2 2 0.000034 0.018636 0.961880 0.011440 0.008010
2 2 0.000126 0.015912 0.974731 0.008160 0.001071
2 3 0.000001 0.001789 0.987054 0.010894 0.000261
2 2 0.000233 0.019498 0.805343 0.164410 0.010516
2 2 0.000386 0.095719 0.827390 0.007559 0.068946
2 4 0.000008 0.009600 0.980357 0.001436 0.008598
2 4 0.000952 0.121723 0.750548 0.004596 0.122180
2 4 0.003809 0.348796 0.449130 0.000138 0.198127
2 4 0.001679 0.309991 0.565248 0.000066 0.123017
2 4 0.005951 0.371351 0.461648 0.000313 0.160739
4 4 0.002108 0.318071 0.331916 0.000009 0.347896
4 4 0.000820 0.218007 0.348962 0.000088 0.432123
2 4 0.000541 0.180992 0.433383 0.000045 0.385038
2 4 0.003830 0.339816 0.400250 0.000125 0.255979
2 4 0.015665 0.396625 0.433174 0.001270 0.153266
2 4 0.000849 0.224611 0.428154 0.000264 0.346123
4 4 0.030438 0.328485 0.121260 0.000136 0.519682
1 4 0.056981 0.389036 0.190447 0.004714 0.358822
4 4 0.001943 0.243355 0.312143 0.000280 0.442278
2 4 0.001825 0.283189 0.507734 0.000393 0.206859
1 4 0.014165 0.409536 0.402320 0.001059 0.172921
4 4 0.008246 0.342817 0.272905 0.000208 0.375825
4 4 0.015068 0.329606 0.210905 0.000674 0.443747
4 4 0.016435 0.252034 0.108781 0.000242 0.622508
4 4 0.011422 0.176888 0.053993 0.000023 0.757675
2 4 0.000779 0.228146 0.476531 0.000272 0.294274
4 4 0.000966 0.139784 0.094522 0.000003 0.764726
1 4 0.018214 0.389589 0.279450 0.000824 0.311923
1 4 0.018673 0.492379 0.336328 0.000037 0.152583
1 4 0.023390 0.471645 0.296065 0.000111 0.208789
1 4 0.021016 0.471833 0.392778 0.000251 0.114122
2 4 0.007080 0.380821 0.432648 0.000321 0.179130
4 1 0.160530 0.363995 0.090464 0.000052 0.384958
1 4 0.060339 0.478465 0.441371 0.001197 0.018628
2 4 0.003757 0.292270 0.613076 0.004773 0.086124
1 4 0.049601 0.398872 0.165822 0.000604 0.385100
4 4 0.004401 0.302987 0.248143 0.000050 0.444419
1 4 0.037854 0.481255 0.282053 0.000380 0.198459
1 4 0.030975 0.472720 0.392114 0.001026 0.103164
2 4 0.003115 0.274797 0.425666 0.002552 0.293871
2 4 0.000444 0.129307 0.784738 0.000785 0.084727
2 4 0.000961 0.256776 0.435522 0.000059 0.306682
2 4 0.001572 0.244365 0.391123 0.000536 0.362404
2 4 0.001259 0.235562 0.528063 0.002076 0.233040
2 4 0.000353 0.148157 0.683723 0.000957 0.166810
2 4 0.004197 0.296188 0.365655 0.001027 0.332933
2 4 0.000877 0.209416 0.483854 0.000490 0.305363
2 4 0.001640 0.248546 0.450983 0.001201 0.297630
2 4 0.003661 0.278177 0.360502 0.001433 0.356227
2 1 0.006686 0.396207 0.482951 0.000148 0.114009
2 1 0.012874 0.402651 0.527508 0.000967 0.056000
2 1 0.001815 0.265584 0.532395 0.001363 0.198843
2 2 0.000811 0.120934 0.807420 0.013446 0.057389
2 2 0.001716 0.135395 0.743382 0.015197 0.104309
2 2 0.001952 0.179356 0.701981 0.007152 0.109559
2 2 0.000385 0.102387 0.867751 0.000850 0.028627
2 1 0.003033 0.273187 0.643293 0.001256 0.079231
1 1 0.012099 0.443817 0.347802 0.000059 0.196223
1 1 0.014681 0.456758 0.419927 0.000142 0.108492
2 1 0.001759 0.182576 0.799284 0.000133 0.016248
2 1 0.000457 0.078897 0.918247 0.000059 0.002340
2 1 0.000913 0.045231 0.951963 0.001197 0.000697
2 2 0.001909 0.114121 0.874067 0.001106 0.008796
2 2 0.000244 0.037843 0.959378 0.000177 0.002358
2 2 0.000096 0.018907 0.979783 0.000886 0.000329
2 2 0.021145 0.069804 0.886495 0.018981 0.003574
1 2 0.057517 0.491840 0.353305 0.002681 0.094657
2 1 0.003993 0.133249 0.770297 0.047154 0.045307
2 1 0.005384 0.291122 0.541204 0.021529 0.140761
2 1 0.000408 0.141651 0.708972 0.001503 0.147466
2 2 0.000146 0.063543 0.898995 0.001438 0.035878
2 2 0.000138 0.050371 0.936394 0.001569 0.011528
2 2 0.000037 0.027625 0.958414 0.001331 0.012593
2 1 0.000061 0.014679 0.979892 0.003012 0.002356
2 1 0.000159 0.050159 0.928192 0.002668 0.018822
2 2 0.000022 0.022316 0.959076 0.003514 0.015073
2 2 0.000092 0.033726 0.927484 0.022540 0.016158
2 2 0.000619 0.147085 0.737888 0.006121 0.108286
2 2 0.000406 0.169465 0.620526 0.000649 0.208955
2 2 0.000203 0.117020 0.680184 0.000209 0.202384
2 2 0.000002 0.003879 0.985091 0.009336 0.001692
2 2 0.000051 0.033884 0.935391 0.002642 0.028033
2 3 0.004016 0.254698 0.543638 0.014783 0.182866
2 2 0.000142 0.025189 0.905117 0.058543 0.011008
2 2 0.000487 0.061802 0.860202 0.047024 0.030485
2 3 0.000014 0.008158 0.960371 0.028747 0.002710
2 2 0.000282 0.045479 0.909377 0.022538 0.022324
2 2 0.000165 0.070908 0.878181 0.009205 0.041541
2 2 0.000028 0.010855 0.972505 0.013801 0.002810
2 2 0.000001 0.000549 0.988477 0.010950 0.000024
2 2 0.000011 0.010400 0.978512 0.003585 0.007493
2 3 0.000037 0.007759 0.879690 0.108946 0.003567
2 2 0.000155 0.012835 0.768576 0.214006 0.004428
2 2 0.000021 0.006360 0.908103 0.083312 0.002205
2 2 0.000353 0.039991 0.858282 0.084313 0.017060
3 2 0.004814 0.048743 0.438555 0.469309 0.038580
2 2 0.000362 0.016224 0.807895 0.155693 0.019826
2 2 0.000559 0.028792 0.745940 0.207758 0.016951
2 2 0.000064 0.004224 0.626927 0.366442 0.002344
2 3 0.000003 0.000434 0.521444 0.477985 0.000134
2 2 0.000981 0.067608 0.808706 0.091338 0.031366
2 2 0.000005 0.005595 0.970676 0.021560 0.002164
2 2 0.000028 0.007989 0.926691 0.061142 0.004150
2 2 0.000146 0.009398 0.713708 0.268586 0.008162
3 2 0.000048 0.001384 0.420434 0.577052 0.001082
2 2 0.000293 0.009613 0.562610 0.419083 0.008401
3 2 0.000002 0.000116 0.272390 0.727412 0.000081
2 2 0.000002 0.000688 0.834203 0.164891 0.000216
2 2 0.000001 0.000419 0.734686 0.264705 0.000189
3 3 0.000001 0.000090 0.262832 0.737031 0.000046
3 3 0.000004 0.000148 0.217745 0.781914 0.000190
3 2 0.000002 0.000020 0.043548 0.956409 0.000020
2 3 0.000026 0.001149 0.654853 0.343648 0.000324
3 3 0.000023 0.000979 0.360212 0.638193 0.000592
3 3 0.000000 0.000011 0.131035 0.868943 0.000010
3 3 0.000001 0.000096 0.370886 0.628956 0.000061
3 3 0.000011 0.000383 0.266013 0.733109 0.000484
3 3 0.000002 0.000124 0.226661 0.773099 0.000114
2 3 0.000003 0.000564 0.641047 0.358200 0.000187
2 3 0.000001 0.000217 0.679640 0.320047 0.000096
3 3 0.000001 0.000011 0.044096 0.955879 0.000013
3 3 0.000034 0.000413 0.138886 0.860422 0.000245
3 3 0.000011 0.000134 0.095075 0.904626 0.000155
3 3 0.000109 0.001430 0.210477 0.785881 0.002102
3 3 0.000058 0.000789 0.190253 0.808370 0.000531
3 3 0.000025 0.000368 0.139480 0.859791 0.000337
3 3 0.000010 0.000180 0.126113 0.873519 0.000178
3 3 0.000153 0.000485 0.050966 0.947809 0.000586
3 3 0.000026 0.000054 0.017478 0.982323 0.000118
3 3 0.000017 0.000179 0.082097 0.917586 0.000120
3 3 0.000001 0.000092 0.237501 0.762338 0.000067
3 3 0.000000 0.000014 0.114787 0.885184 0.000015
3 3 0.000000 0.000004 0.083605 0.916384 0.000006
2 3 0.000001 0.000151 0.802622 0.197212 0.000014
3 3 0.000017 0.000372 0.178885 0.820452 0.000273
3 3 0.000017 0.000087 0.039869 0.959928 0.000099
3 3 0.000017 0.000138 0.066973 0.932693 0.000179
3 3 0.000001 0.000035 0.150167 0.849752 0.000045
3 3 0.000000 0.000001 0.005067 0.994929 0.000003
3 3 0.000002 0.000056 0.109683 0.890209 0.000050
3 3 0.000309 0.002157 0.148255 0.847476 0.001802
3 3 0.000057 0.000449 0.099408 0.899451 0.000635
3 3 0.000023 0.000457 0.178851 0.820371 0.000297
3 3 0.000023 0.000610 0.240609 0.758332 0.000425
3 3 0.000112 0.001235 0.168913 0.828703 0.001037
3 3 0.001716 0.004467 0.097234 0.890987 0.005596
3 3 0.000774 0.002416 0.087417 0.907063 0.002330
3 3 0.000002 0.000086 0.162703 0.837154 0.000054
3 3 0.000592 0.004054 0.180677 0.811193 0.003484
3 3 0.000058 0.000695 0.147395 0.851288 0.000564
3 3 0.000214 0.000620 0.053274 0.944961 0.000931
3 3 0.000004 0.000076 0.104430 0.895406 0.000085
3 3 0.000010 0.000025 0.014960 0.984960 0.000046
3 3 0.000131 0.000604 0.071836 0.926800 0.000628
3 3 0.000031 0.000379 0.125665 0.873523 0.000402
3 3 0.000016 0.000183 0.086355 0.913348 0.000097
3 3 0.000099 0.000629 0.095004 0.903424 0.000843
3 3 0.000055 0.000208 0.045285 0.954015 0.000437
3 3 0.000088 0.000576 0.089944 0.908880 0.000512
3 3 0.000032 0.000329 0.106675 0.892567 0.000398
3 3 0.000143 0.000916 0.105555 0.892493 0.000893
3 3 0.003259 0.004593 0.068259 0.916636 0.007253
3 3 0.000334 0.000637 0.040666 0.957013 0.001349
3 3 0.000395 0.000851 0.048451 0.948850 0.001454
3 3 0.000229 0.000301 0.022693 0.976275 0.000503
3 3 0.000030 0.000227 0.075018 0.924464 0.000261
3 3 0.000281 0.000505 0.033799 0.964776 0.000639
3 3 0.002934 0.003162 0.045870 0.942722 0.005313
3 3 0.000066 0.000263 0.048001 0.951376 0.000294
3 3 0.000109 0.000243 0.031966 0.967198 0.000484
3 3 0.000146 0.000271 0.029011 0.970011 0.000560
3 3 0.000482 0.000710 0.033784 0.963870 0.001154
3 3 0.000402 0.000406 0.021167 0.977182 0.000842
3 3 0.000118 0.000381 0.045911 0.953239 0.000350
3 3 0.000414 0.001956 0.116197 0.878159 0.003274
3 3 0.000121 0.000701 0.090672 0.907711 0.000795
3 3 0.000057 0.000147 0.029041 0.970513 0.000241
3 3 0.000064 0.000091 0.016147 0.983479 0.000219
3 3 0.000068 0.000172 0.030170 0.969319 0.000270
3 3 0.000247 0.000542 0.042556 0.955543 0.001112
3 3 0.000027 0.000107 0.035385 0.964347 0.000135
3 3 0.000094 0.001282 0.189258 0.808697 0.000669
3 3 0.000100 0.000758 0.112851 0.885478 0.000812
3 3 0.000096 0.000247 0.034826 0.964477 0.000354
3 3 0.000137 0.000225 0.024797 0.974351 0.000490
3 3 0.000122 0.000287 0.034831 0.964267 0.000492
3 3 0.001044 0.009824 0.291372 0.689354 0.008407
3 3 0.000238 0.002238 0.185986 0.809537 0.002002
3 3 0.000448 0.000494 0.024903 0.972875 0.001280
3 3 0.001659 0.008831 0.199284 0.780486 0.009739
3 3 0.000099 0.000329 0.044697 0.954569 0.000306
3 3 0.000185 0.000329 0.028708 0.970347 0.000431
3 3 0.000112 0.000244 0.031712 0.967406 0.000525
3 3 0.000315 0.002530 0.176433 0.818006 0.002716
3 3 0.000226 0.003814 0.308853 0.684780 0.002327
2 2 0.015984 0.212654 0.659815 0.073447 0.038100
2 3 0.000348 0.028151 0.958196 0.011747 0.001558
2 3 0.000077 0.005489 0.923276 0.070800 0.000359
2 3 0.000170 0.014311 0.984221 0.001187 0.000109
2 2 0.000900 0.012065 0.959887 0.027014 0.000133
2 2 0.001452 0.089182 0.897298 0.006561 0.005507
2 2 0.035810 0.267166 0.640652 0.036478 0.019894
2 3 0.009349 0.259164 0.532858 0.065993 0.132636
2 2 0.000722 0.073753 0.829084 0.061716 0.034725
2 3 0.000077 0.044119 0.921625 0.011286 0.022893
2 2 0.000156 0.012318 0.949997 0.036636 0.000892
2 2 0.001045 0.098734 0.896370 0.001041 0.002810
2 2 0.002465 0.195936 0.786343 0.000856 0.014401
2 2 0.005451 0.128348 0.785219 0.060191 0.020791
2 2 0.004832 0.357490 0.521841 0.000334 0.115502
2 2 0.000862 0.113791 0.869244 0.000909 0.015194
2 2 0.000662 0.076367 0.890530 0.011565 0.020877
2 2 0.000998 0.073212 0.904812 0.013292 0.007687
2 2 0.000082 0.018181 0.925935 0.047663 0.008139
2 2 0.000686 0.125356 0.799259 0.003929 0.070770
2 2 0.000053 0.021716 0.940762 0.027908 0.009561
2 2 0.000126 0.019662 0.881492 0.090700 0.008019
2 2 0.000015 0.005262 0.915735 0.076869 0.002119
2 4 0.000563 0.089820 0.825745 0.006877 0.076995
4 4 0.002423 0.265129 0.343836 0.000382 0.388230
2 4 0.001251 0.277718 0.632986 0.000125 0.087920
2 4 0.008099 0.383548 0.439527 0.000520 0.168307
4 4 0.003392 0.212189 0.148576 0.000055 0.635787
4 4 0.021369 0.132487 0.021590 0.000007 0.824547
2 4 0.000731 0.217628 0.473286 0.000424 0.307931
2 4 0.001217 0.236180 0.496631 0.001301 0.264670
1 4 0.021127 0.462726 0.269093 0.000057 0.246998
2 4 0.002226 0.279208 0.403887 0.000345 0.314335
2 4 0.002786 0.331201 0.478279 0.000120 0.187615
2 4 0.001342 0.289427 0.553125 0.000092 0.156014
1 4 0.020686 0.410212 0.230410 0.000141 0.338551
1 1 0.025732 0.541580 0.374618 0.000013 0.058057
2 4 0.011928 0.408992 0.528426 0.000449 0.050205
4 4 0.029107 0.364147 0.196865 0.001217 0.408663
4 4 0.025606 0.178089 0.086096 0.000478 0.709730
1 4 0.012526 0.365452 0.358641 0.002709 0.260672
4 4 0.006144 0.279309 0.244741 0.000674 0.469132
4 4 0.005024 0.296634 0.319714 0.000844 0.377784
4 4 0.006100 0.321942 0.213977 0.000024 0.457957
1 4 0.044209 0.427511 0.179710 0.000227 0.348343
1 4 0.050624 0.465353 0.241764 0.000805 0.241454
4 4 0.215474 0.347874 0.061436 0.000287 0.374928
1 4 0.019814 0.423348 0.291132 0.000368 0.265338
4 4 0.007905 0.266108 0.167064 0.000184 0.558740
4 4 0.012469 0.235542 0.103709 0.000139 0.648141
4 4 0.012273 0.251293 0.123697 0.000223 0.612514
4 4 0.014756 0.269003 0.108036 0.000054 0.608151
4 4 0.044748 0.356945 0.088226 0.000012 0.510068
4 4 0.011387 0.289811 0.107491 0.000005 0.591306
4 4 0.031268 0.145573 0.022723 0.000013 0.800424
4 4 0.038203 0.324752 0.138745 0.001306 0.496994
1 4 0.085515 0.447055 0.194604 0.002430 0.270396
1 4 0.018783 0.415719 0.298269 0.000478 0.266750
4 4 0.006958 0.278586 0.212496 0.000384 0.501577
1 4 0.035651 0.507111 0.390960 0.000260 0.066018
2 4 0.011503 0.464184 0.479537 0.000020 0.044755
1 4 0.007638 0.352999 0.289134 0.000143 0.350086
4 4 0.006777 0.238936 0.143882 0.000140 0.610265
4 4 0.021821 0.316207 0.161621 0.000697 0.499654
4 4 0.045911 0.047059 0.014760 0.000083 0.892188
4 4 0.042043 0.160221 0.024966 0.000025 0.772745
1 4 0.374475 0.401544 0.061032 0.000063 0.162885
4 4 0.032950 0.096475 0.018855 0.000019 0.851701
4 4 0.013335 0.016358 0.006096 0.000005 0.964206
4 4 0.383899 0.042161 0.011518 0.000170 0.562253
4 4 0.162177 0.227601 0.025840 0.000039 0.584343
4 4 0.015613 0.276939 0.143959 0.000507 0.562981
4 4 0.042787 0.332075 0.112710 0.000252 0.512177
1 4 0.062985 0.532835 0.277800 0.000261 0.126119
1 4 0.036769 0.418040 0.315903 0.008828 0.220460
4 4 0.019989 0.058014 0.023363 0.000048 0.898587
4 4 0.083513 0.046467 0.016526 0.000388 0.853106
4 4 0.105818 0.018074 0.002847 0.000008 0.873253
1 4 0.071639 0.424928 0.143869 0.000282 0.359281
4 4 0.037469 0.335797 0.075826 0.000004 0.550904
4 4 0.017064 0.292109 0.146681 0.000379 0.543766
4 4 0.028336 0.358224 0.234002 0.005420 0.374018
4 4 0.011509 0.153865 0.039135 0.000011 0.795480
4 4 0.015318 0.334247 0.206560 0.000489 0.443386
4 4 0.027339 0.314214 0.137766 0.000517 0.520163
4 4 0.005201 0.285902 0.253419 0.000303 0.455175
2 4 0.005316 0.354675 0.365030 0.000139 0.274841
2 4 0.011479 0.431534 0.433789 0.000195 0.123003
4 4 0.005214 0.245105 0.176487 0.000175 0.573020
1 4 0.010704 0.415807 0.374703 0.000180 0.198605
1 4 0.012742 0.408611 0.325226 0.000227 0.253193
2 4 0.011457 0.414770 0.460045 0.000489 0.113239
2 4 0.002832 0.302538 0.384321 0.000189 0.310119
2 4 0.004161 0.353848 0.441369 0.000144 0.200479
4 4 0.004083 0.273400 0.228317 0.000095 0.494105
4 4 0.004126 0.248042 0.150582 0.000014 0.597236
1 4 0.013112 0.400635 0.238746 0.000041 0.347467
1 4 0.072771 0.461608 0.199438 0.000920 0.265263
4 4 0.033783 0.346355 0.180081 0.002448 0.437333
4 4 0.003838 0.283475 0.249690 0.000084 0.462912
4 4 0.030295 0.334262 0.119724 0.000091 0.515628
1 4 0.012515 0.406490 0.348038 0.000350 0.232607
2 4 0.001433 0.253210 0.395705 0.000222 0.349430
4 4 0.003396 0.255993 0.258843 0.000326 0.481442
4 4 0.002434 0.259181 0.353003 0.000670 0.384712
2 4 0.009196 0.396576 0.514492 0.000471 0.079265
2 2 0.001157 0.258654 0.655839 0.000311 0.084038
1 2 0.012484 0.375632 0.341462 0.001235 0.269187
2 2 0.003008 0.272959 0.410643 0.001978 0.311413
2 2 0.001991 0.223089 0.695766 0.000620 0.078533
2 2 0.000272 0.118493 0.829019 0.000238 0.051977
2 2 0.002823 0.273966 0.668040 0.002726 0.052446
2 2 0.006106 0.366634 0.509608 0.000527 0.117125
2 2 0.001783 0.225396 0.675626 0.000070 0.097126
2 2 0.000451 0.123411 0.842581 0.000156 0.033400
2 2 0.004072 0.318034 0.456335 0.001005 0.220555
2 2 0.001393 0.229960 0.710712 0.003152 0.054783
2 2 0.001753 0.235394 0.574428 0.006379 0.182046
2 2 0.000986 0.201867 0.613498 0.001402 0.182247
2 2 0.002024 0.309771 0.511980 0.000104 0.176121
2 2 0.001466 0.244091 0.453604 0.001031 0.299808
2 2 0.001985 0.238837 0.596893 0.013979 0.148306
2 2 0.004578 0.285818 0.560050 0.016845 0.132709
2 2 0.001260 0.261728 0.520646 0.000281 0.216085
2 2 0.000701 0.171441 0.466958 0.000034 0.360866
2 2 0.000463 0.170821 0.636277 0.000988 0.191451
2 2 0.000106 0.037775 0.921287 0.022785 0.018047
2 2 0.000268 0.075222 0.889518 0.004021 0.030970
2 2 0.000268 0.103801 0.699018 0.000242 0.196672
2 2 0.000106 0.044648 0.910160 0.002506 0.042580
2 2 0.001597 0.270718 0.616758 0.000653 0.110274
2 2 0.000627 0.174877 0.711707 0.001563 0.111227
2 2 0.002314 0.256333 0.680283 0.004227 0.056843
2 2 0.000977 0.190448 0.768596 0.000250 0.039728
2 2 0.000753 0.180840 0.744166 0.000207 0.074034
2 2 0.000234 0.068580 0.922559 0.001017 0.007609
2 2 0.001780 0.266671 0.605125 0.000115 0.126309
2 2 0.000458 0.120901 0.839400 0.003511 0.035730
2 2 0.003358 0.311452 0.577946 0.001077 0.106167
2 2 0.000137 0.070733 0.916621 0.000095 0.012414
2 2 0.000576 0.063270 0.918805 0.005063 0.012287
2 2 0.001125 0.078030 0.916581 0.002061 0.002202
2 2 0.000361 0.067199 0.919261 0.004879 0.008300
2 2 0.000724 0.110108 0.885095 0.000320 0.003754
2 2 0.000074 0.033496 0.959138 0.002107 0.005185
2 2 0.001244 0.208028 0.746276 0.000672 0.043779
2 2 0.000072 0.031811 0.964986 0.000892 0.002238
2 2 0.000281 0.040383 0.950948 0.004845 0.003543
2 2 0.000215 0.057897 0.919946 0.008350 0.013592
2 4 0.002704 0.269814 0.524836 0.000259 0.202387
2 2 0.003750 0.199998 0.782195 0.000212 0.013846
2 2 0.004945 0.234874 0.729212 0.002109 0.028861
2 2 0.000005 0.003033 0.991759 0.005028 0.000175
2 2 0.000032 0.012523 0.982595 0.003918 0.000933
2 2 0.000063 0.037178 0.959429 0.000732 0.002598
2 2 0.001174 0.162684 0.808742 0.000611 0.026790
2 2 0.005268 0.362132 0.604453 0.000077 0.028069
2 2 0.000158 0.082351 0.907156 0.000057 0.010278
2 2 0.000582 0.127659 0.856559 0.000189 0.015010
2 2 0.000325 0.061221 0.931201 0.000859 0.006394
2 2 0.000174 0.043816 0.947950 0.003636 0.004423
2 2 0.000067 0.020135 0.961900 0.014117 0.003780
2 2 0.001135 0.099980 0.877190 0.009310 0.012386
2 2 0.000038 0.013058 0.982790 0.003335 0.000779
2 2 0.000906 0.055766 0.939381 0.002637 0.001309
2 2 0.000065 0.018783 0.971053 0.007949 0.002150
2 2 0.000453 0.049253 0.946595 0.002102 0.001598
2 2 0.000617 0.046787 0.949959 0.001738 0.000900
2 2 0.000013 0.007470 0.991940 0.000446 0.000131
2 2 0.024687 0.410039 0.467925 0.001028 0.096321
2 2 0.001027 0.076108 0.920981 0.000158 0.001726
2 3 0.002625 0.094101 0.900079 0.001769 0.001425
2 2 0.000233 0.031203 0.958078 0.008131 0.002355
2 3 0.001073 0.213856 0.587841 0.002868 0.194362
2 3 0.001351 0.241156 0.464979 0.000120 0.292395
2 3 0.000156 0.033248 0.949682 0.011583 0.005331
2 3 0.000207 0.076929 0.897102 0.002324 0.023438
2 3 0.000285 0.086054 0.881182 0.002957 0.029521
2 2 0.001357 0.141501 0.833117 0.001062 0.022962
2 2 0.001149 0.138924 0.849364 0.001605 0.008958
2 2 0.000019 0.007201 0.992568 0.000141 0.000071
2 2 0.000122 0.024027 0.974096 0.000698 0.001057
2 2 0.000355 0.040375 0.954443 0.002832 0.001995
2 2 0.001046 0.089590 0.902296 0.002003 0.005066
2 2 0.000053 0.016789 0.973564 0.007679 0.001915
2 2 0.001118 0.158134 0.699334 0.005930 0.135484
2 2 0.000263 0.092927 0.840872 0.008868 0.057069
2 2 0.000447 0.124426 0.811633 0.004530 0.058964
2 2 0.000021 0.012389 0.983065 0.003289 0.001236
2 2 0.000053 0.009821 0.965099 0.023971 0.001056
2 2 0.000080 0.025047 0.962731 0.004767 0.007375
2 2 0.000007 0.011816 0.980401 0.003357 0.004418
2 1 0.011774 0.391361 0.468835 0.000150 0.127880
1 2 0.048500 0.492129 0.347484 0.001522 0.110365
2 2 0.002741 0.178558 0.811925 0.000702 0.006074
2 2 0.000809 0.044101 0.885392 0.062164 0.007534
2 2 0.001004 0.087160 0.876347 0.009001 0.026488
2 2 0.000028 0.024285 0.955979 0.001163 0.018546
2 2 0.000117 0.059672 0.869216 0.001052 0.069943
2 2 0.000100 0.050102 0.918269 0.001833 0.029695
2 2 0.000115 0.129211 0.694176 0.000227 0.176271
2 2 0.000088 0.035041 0.927405 0.020655 0.016811
2 2 0.000071 0.033054 0.945415 0.008520 0.012939
2 2 0.000007 0.003945 0.936067 0.058642 0.001338
2 2 0.000482 0.119958 0.776031 0.004570 0.098960
2 2 0.000005 0.005146 0.971302 0.021576 0.001971
2 2 0.000032 0.018780 0.961892 0.013037 0.006258
2 2 0.000090 0.018859 0.947266 0.028452 0.005332
2 2 0.000146 0.019060 0.912076 0.063620 0.005099
2 2 0.000076 0.018270 0.932726 0.038583 0.010345
2 2 0.000068 0.020782 0.929551 0.040806 0.008792
2 2 0.000169 0.028483 0.897355 0.061523 0.012471
2 2 0.000131 0.052380 0.904278 0.002523 0.040688
2 2 0.000011 0.005251 0.958751 0.034555 0.001431
2 2 0.000060 0.003257 0.544585 0.450620 0.001478
2 2 0.000090 0.030263 0.927124 0.028722 0.013800
2 2 0.000252 0.070854 0.905252 0.006585 0.017057
2 2 0.000007 0.004813 0.955208 0.038224 0.001748
2 2 0.000696 0.101869 0.813461 0.030923 0.053050
2 2 0.000008 0.018859 0.967555 0.003739 0.009839
2 2 0.000170 0.026540 0.885799 0.076592 0.010899
2 2 0.000008 0.002740 0.892091 0.103877 0.001284
2 2 0.000397 0.097995 0.820049 0.006181 0.075378
2 3 0.001501 0.212120 0.611604 0.006103 0.168673
2 3 0.000093 0.008535 0.923368 0.067102 0.000902
2 3 0.000090 0.014770 0.877393 0.102219 0.005529
2 3 0.000138 0.019181 0.871807 0.094507 0.014367
2 3 0.000341 0.011231 0.576934 0.402754 0.008741
3 3 0.000223 0.005230 0.428701 0.563198 0.002648
2 2 0.000374 0.018836 0.918193 0.060922 0.001676
2 2 0.000439 0.096602 0.850369 0.012544 0.040046
2 2 0.000428 0.064466 0.909465 0.013077 0.012565
2 2 0.000092 0.023060 0.973011 0.002620 0.001217
2 2 0.000688 0.055507 0.936076 0.005058 0.002672
2 2 0.000037 0.015478 0.984159 0.000048 0.000278
2 2 0.000006 0.003126 0.992533 0.004201 0.000134
2 2 0.000139 0.016711 0.975251 0.007201 0.000697
2 2 0.000127 0.007193 0.965925 0.026543 0.000213
2 2 0.001589 0.064209 0.927544 0.004961 0.001697
2 2 0.000086 0.018169 0.971725 0.008454 0.001566
2 2 0.000008 0.000940 0.978633 0.020388 0.000030
2 2 0.000034 0.007500 0.983460 0.008615 0.000389
2 2 0.000058 0.007297 0.989853 0.002695 0.000097
2 2 0.000024 0.000724 0.794700 0.204497 0.000054
2 2 0.000222 0.004043 0.618851 0.375469 0.001415
2 2 0.000123 0.007848 0.961101 0.030567 0.000362
2 2 0.000131 0.008485 0.977767 0.013414 0.000203
2 2 0.000056 0.001315 0.844519 0.154012 0.000098
2 2 0.000135 0.005083 0.722823 0.270621 0.001337
2 2 0.000384 0.032238 0.957641 0.008169 0.001568
2 2 0.000001 0.000822 0.998021 0.001139 0.000016
2 2 0.000002 0.000646 0.986379 0.012942 0.000031
2 2 0.000352 0.027143 0.957777 0.013058 0.001670
2 2 0.000266 0.033960 0.958157 0.005623 0.001993
2 2 0.000854 0.038512 0.951513 0.008001 0.001120
2 2 0.000147 0.009687 0.898029 0.090558 0.001580
2 2 0.000047 0.002148 0.773461 0.224022 0.000322
2 3 0.000130 0.005710 0.940871 0.053004 0.000286
2 2 0.000001 0.000576 0.987186 0.012219 0.000017
2 2 0.000159 0.016027 0.949980 0.031819 0.002016
3 3 0.000455 0.007049 0.457785 0.531271 0.003440
2 3 0.000033 0.001757 0.696513 0.301436 0.000260
2 2 0.000218 0.022544 0.960522 0.015071 0.001645
2 2 0.001167 0.060514 0.931195 0.005117 0.002008
2 2 0.000166 0.010783 0.968072 0.020498 0.000481
2 3 0.000184 0.020358 0.929374 0.046696 0.003388
2 2 0.000711 0.028826 0.946345 0.021991 0.002127
1 2 0.056023 0.444371 0.380735 0.010953 0.107918
4 2 0.087550 0.352232 0.138328 0.009320 0.412570
2 2 0.000113 0.025979 0.932798 0.031424 0.009685
2 2 0.000110 0.053538 0.907537 0.008612 0.030202
2 2 0.001383 0.151045 0.823223 0.004567 0.019782
2 2 0.004991 0.160071 0.831535 0.001065 0.002339
2 2 0.000217 0.049113 0.945351 0.002065 0.003254
2 2 0.000024 0.020678 0.958148 0.011234 0.009916
2 2 0.000164 0.075586 0.866832 0.001707 0.055711
2 2 0.001032 0.199851 0.678187 0.000979 0.119951
2 2 0.000122 0.044368 0.944042 0.002060 0.009408
2 2 0.000005 0.003674 0.950977 0.044076 0.001269
2 3 0.000090 0.056899 0.903272 0.005705 0.034034
2 2 0.000051 0.014130 0.922137 0.058143 0.005539
2 2 0.000296 0.074353 0.867617 0.020206 0.037528
2 2 0.000027 0.024803 0.960759 0.005808 0.008603
2 2 0.000007 0.005757 0.979631 0.013240 0.001366
2 2 0.002141 0.156051 0.776096 0.001427 0.064284
2 4 0.003160 0.212699 0.628199 0.028821 0.127122
2 4 0.000426 0.127304 0.698339 0.000382 0.173549
4 4 0.008261 0.229000 0.087970 0.000009 0.674760
1 4 0.019310 0.478186 0.299301 0.000042 0.203161
1 4 0.021986 0.466058 0.350190 0.000268 0.161498
4 4 0.007196 0.206796 0.096311 0.000050 0.689646
4 1 0.019872 0.323454 0.103628 0.000008 0.553038
1 4 0.384942 0.422616 0.075199 0.000112 0.117131
2 4 0.015040 0.385074 0.430399 0.005464 0.164023
4 4 0.003091 0.295261 0.307313 0.000086 0.394249
4 4 0.010907 0.289913 0.115924 0.000009 0.583247
4 4 0.009589 0.227996 0.107766 0.000104 0.654545
4 4 0.003468 0.289868 0.320482 0.000257 0.385925
4 4 0.030496 0.252128 0.082674 0.000299 0.634403
4 4 0.003886 0.248298 0.215291 0.000212 0.532314
4 4 0.024712 0.126649 0.041585 0.000020 0.807035
4 4 0.054890 0.248643 0.039070 0.000006 0.657392
4 4 0.012985 0.261988 0.134791 0.000312 0.589924
4 4 0.022113 0.298398 0.100208 0.000031 0.579250
4 4 0.027585 0.299171 0.110345 0.000174 0.562725
4 4 0.016219 0.298349 0.138064 0.000132 0.547236
4 4 0.009616 0.103004 0.022702 0.000003 0.864675
4 4 0.063337 0.331615 0.050368 0.000001 0.554679
1 4 0.016672 0.411294 0.306394 0.000421 0.265218
1 4 0.039131 0.467245 0.261475 0.000468 0.231682
4 4 0.118362 0.373157 0.092797 0.000409 0.415274
4 4 0.052199 0.365812 0.141845 0.000843 0.439300
4 4 0.024818 0.355419 0.157136 0.000148 0.462479
0 4 0.480813 0.152841 0.031429 0.000198 0.334719
0 4 0.443036 0.397590 0.076575 0.000278 0.082521
2 4 0.006427 0.354880 0.474451 0.001104 0.163138
4 4 0.010670 0.264114 0.151772 0.000329 0.573116
4 4 0.111570 0.019411 0.005483 0.000153 0.863382
4 4 0.072903 0.018656 0.005234 0.000063 0.903144
1 4 0.076613 0.594256 0.239529 0.000016 0.089586
1 4 0.006337 0.444450 0.387771 0.000006 0.161436
1 4 0.005990 0.426301 0.424746 0.000016 0.142946
1 4 0.013462 0.506198 0.296661 0.000003 0.183675
2 4 0.003813 0.359506 0.522743 0.000110 0.113828
4 4 0.002300 0.258685 0.262672 0.000059 0.476283
4 4 0.010659 0.263503 0.113460 0.000028 0.612350
4 4 0.018781 0.143395 0.070321 0.000212 0.767292
4 4 0.012692 0.210267 0.052283 0.000002 0.724756
4 4 0.113233 0.303406 0.059969 0.000020 0.523371
4 4 0.100849 0.211937 0.024008 0.000008 0.663198
4 4 0.011351 0.014056 0.004822 0.000003 0.969768
1 4 0.196020 0.426221 0.082068 0.000085 0.295607
4 4 0.005350 0.217193 0.125284 0.000066 0.652106
4 4 0.018913 0.222853 0.074546 0.000105 0.683583
1 4 0.036317 0.445033 0.156021 0.000017 0.362613
4 4 0.020499 0.292553 0.108984 0.000063 0.577900
1 4 0.190486 0.386233 0.107030 0.000204 0.316047
1 1 0.217152 0.525044 0.155372 0.000221 0.102211
1 1 0.138076 0.558017 0.280616 0.000121 0.023170
2 1 0.011780 0.383006 0.584576 0.000404 0.020234
2 1 0.003702 0.355676 0.523542 0.000121 0.116959
2 1 0.010738 0.346621 0.620989 0.001879 0.019772
2 1 0.012933 0.401022 0.569125 0.000164 0.016756
2 1 0.007506 0.323139 0.651676 0.001176 0.016503
2 1 0.012335 0.435495 0.527388 0.000047 0.024736
2 1 0.027708 0.413418 0.503777 0.008071 0.047026
2 1 0.001852 0.239397 0.742309 0.000435 0.016007
2 1 0.004650 0.331528 0.558760 0.001243 0.103819
2 1 0.012497 0.399704 0.545276 0.000691 0.041832
1 1 0.315747 0.525621 0.114447 0.000012 0.044174
2 1 0.019829 0.368380 0.604614 0.000792 0.006386
2 1 0.002401 0.255379 0.713975 0.001640 0.026605
2 1 0.012656 0.390345 0.582853 0.000187 0.013960
2 2 0.010808 0.332816 0.647439 0.000785 0.008152
2 1 0.001409 0.158183 0.814867 0.004293 0.021248
2 2 0.021279 0.409500 0.490512 0.005885 0.072825
2 2 0.005307 0.315992 0.651789 0.000953 0.025959
2 2 0.000261 0.124161 0.841496 0.000282 0.033800
4 2 0.003107 0.269937 0.352703 0.000990 0.373264
2 2 0.002045 0.240175 0.594552 0.014273 0.148955
2 2 0.006361 0.334317 0.622248 0.001195 0.035880
2 2 0.005938 0.127588 0.864946 0.000662 0.000866
2 2 0.000271 0.035592 0.962364 0.000962 0.000812
2 2 0.000101 0.023060 0.975784 0.000638 0.000417
2 2 0.003400 0.167866 0.816725 0.002290 0.009719
2 2 0.000885 0.050258 0.947520 0.000866 0.000471
2 2 0.004386 0.121793 0.873114 0.000129 0.000579
2 2 0.003806 0.144640 0.847104 0.000229 0.004221
2 2 0.000112 0.023354 0.976023 0.000246 0.000265
2 1 0.001322 0.127232 0.859950 0.002589 0.008907
2 1 0.004089 0.243338 0.749881 0.000021 0.002672
2 2 0.003072 0.107677 0.888026 0.000401 0.000824
2 2 0.002693 0.097270 0.898293 0.000836 0.000908
2 1 0.000063 0.011301 0.984056 0.004202 0.000377
2 2 0.000837 0.045164 0.950338 0.002817 0.000844
2 1 0.012503 0.359970 0.596297 0.002062 0.029168
1 0 0.170267 0.563281 0.121202 0.000006 0.145245
0 1 0.566958 0.335929 0.073955 0.000441 0.022717
1 1 0.049701 0.509134 0.261944 0.000224 0.178998
2 1 0.004944 0.305545 0.424815 0.003084 0.261611
2 2 0.002391 0.277441 0.641442 0.000773 0.077953
2 2 0.003678 0.293975 0.562165 0.003768 0.136415
2 2 0.006531 0.278609 0.631722 0.006273 0.076865
2 2 0.000887 0.197270 0.708435 0.000189 0.093219
2 2 0.000073 0.051442 0.911908 0.006216 0.030361
2 2 0.000564 0.205364 0.402601 0.000124 0.391348
4 2 0.001745 0.217510 0.175754 0.000010 0.604981
2 2 0.000093 0.034848 0.944258 0.009438 0.011364
2 2 0.000164 0.098102 0.844280 0.001085 0.056368
2 2 0.000391 0.126815 0.744814 0.001968 0.126013
2 2 0.000258 0.070286 0.905730 0.005447 0.018280
2 2 0.000437 0.139348 0.773152 0.003658 0.083405
2 2 0.000074 0.014293 0.931463 0.050662 0.003508
2 2 0.002193 0.212258 0.612827 0.009601 0.163121
2 2 0.000270 0.061371 0.904366 0.014814 0.019180
2 2 0.000890 0.223618 0.541818 0.001245 0.232430
2 2 0.000444 0.138716 0.697105 0.001153 0.162583
2 2 0.001668 0.225271 0.518472 0.001918 0.252671
2 2 0.000655 0.070154 0.896430 0.007705 0.025056
2 2 0.000089 0.039824 0.939539 0.004496 0.016053
2 2 0.001380 0.206610 0.557482 0.001893 0.232634
2 2 0.000442 0.090760 0.815546 0.003538 0.089714
2 2 0.002819 0.286386 0.478642 0.001587 0.230566
2 2 0.000441 0.103974 0.860987 0.006528 0.028070
2 2 0.000229 0.052131 0.898422 0.019786 0.029433
2 2 0.000540 0.109951 0.800138 0.003716 0.085654
2 2 0.000198 0.062904 0.890730 0.000743 0.045425
2 2 0.000281 0.069543 0.860038 0.003586 0.066553
2 2 0.000344 0.071993 0.867905 0.017015 0.042743
2 2 0.001830 0.207193 0.605368 0.005753 0.179856
2 2 0.000113 0.040596 0.947847 0.003645 0.007799
2 2 0.000085 0.060926 0.885429 0.002030 0.051530
2 2 0.000272 0.069655 0.873925 0.011260 0.044888
2 2 0.000057 0.038861 0.947041 0.001131 0.012911
2 2 0.000049 0.027206 0.952303 0.010916 0.009526
2 2 0.000035 0.019415 0.951210 0.020662 0.008677
2 2 0.000000 0.000856 0.985413 0.013451 0.000280
2 2 0.000030 0.012488 0.943859 0.038611 0.005012
2 2 0.000124 0.040620 0.915813 0.023966 0.019477
2 2 0.000209 0.017241 0.798240 0.173927 0.010382
2 2 0.000032 0.011705 0.935510 0.048183 0.004570
