0 0 0.832939 0.097182 0.057185 0.002770 0.009924
0 0 0.620448 0.085193 0.021765 0.000496 0.272098
4 0 0.119667 0.069469 0.020458 0.000313 0.790094
4 0 0.203478 0.307081 0.122366 0.002528 0.364547
0 0 0.736389 0.114240 0.038369 0.001543 0.109459
4 0 0.062817 0.036873 0.006360 0.000023 0.893926
4 0 0.053220 0.005910 0.001472 0.000393 0.939005
0 0 0.874520 0.002752 0.000281 0.000005 0.122442
0 0 0.990936 0.006387 0.002041 0.000139 0.000497
0 0 0.943240 0.038855 0.008782 0.000051 0.009073
0 0 0.919035 0.041389 0.023284 0.010274 0.006019
0 0 0.913436 0.061368 0.012005 0.000007 0.013185
0 0 0.610674 0.231038 0.132499 0.001793 0.023996
0 0 0.945554 0.032724 0.015524 0.001667 0.004531
0 0 0.954861 0.028759 0.010952 0.000915 0.004513
0 0 0.995145 0.003379 0.001176 0.000144 0.000156
0 0 0.612485 0.198921 0.173889 0.006102 0.008602
0 0 0.982754 0.011424 0.004488 0.000537 0.000797
0 0 0.994989 0.001672 0.000925 0.002321 0.000093
0 0 0.984653 0.000915 0.000773 0.013641 0.000017
0 0 0.981067 0.011897 0.003720 0.000257 0.003059
0 0 0.984091 0.010931 0.003012 0.000105 0.001862
0 0 0.605397 0.185350 0.184306 0.017311 0.007636
0 0 0.988936 0.008303 0.001959 0.000019 0.000783
0 0 0.997436 0.001960 0.000409 0.000008 0.000186
0 0 0.827769 0.079451 0.054853 0.030406 0.007521
0 0 0.842954 0.084296 0.049306 0.011505 0.011938
0 0 0.710651 0.171794 0.069594 0.002380 0.045582
0 0 0.947106 0.033755 0.007714 0.000066 0.011359
0 0 0.938504 0.036733 0.009538 0.000166 0.015059
0 0 0.942673 0.035953 0.008599 0.000091 0.012685
0 0 0.433438 0.305094 0.245347 0.001473 0.014648
0 0 0.755787 0.140926 0.092170 0.002540 0.008577
0 0 0.636869 0.152897 0.052301 0.001238 0.156694
0 0 0.914893 0.020029 0.002544 0.000006 0.062528
0 0 0.986707 0.007697 0.003522 0.001412 0.000662
0 0 0.628171 0.089115 0.017406 0.000091 0.265218
0 0 0.907998 0.030429 0.005964 0.000069 0.055540
0 0 0.945753 0.032380 0.009229 0.000274 0.012363
0 0 0.701714 0.069155 0.010589 0.000022 0.218520
4 0 0.369408 0.097274 0.015770 0.000029 0.517519
4 0 0.197669 0.199743 0.062831 0.000427 0.539329
0 0 0.968400 0.012568 0.001390 0.000001 0.017641
0 0 0.923312 0.029734 0.005020 0.000024 0.041911
0 0 0.913352 0.055745 0.015203 0.000193 0.015507
0 0 0.664288 0.214512 0.077681 0.000276 0.043244
0 0 0.819507 0.118211 0.038310 0.000160 0.023812
0 0 0.761635 0.057515 0.015817 0.000764 0.164271
0 0 0.868087 0.074031 0.033120 0.004195 0.020567
0 0 0.925227 0.050262 0.012497 0.000097 0.011916
0 0 0.912500 0.057572 0.018799 0.000457 0.010672
0 0 0.886752 0.057921 0.032484 0.007754 0.015090
0 0 0.835129 0.065079 0.027011 0.005627 0.067154
4 0 0.354637 0.112769 0.038327 0.001165 0.493102
0 0 0.482006 0.196815 0.036079 0.000014 0.285087
0 0 0.874904 0.054771 0.012553 0.000146 0.057626
0 0 0.818045 0.077108 0.064704 0.020233 0.019910
0 0 0.875589 0.053364 0.021669 0.004271 0.045107
0 0 0.771674 0.070665 0.017804 0.000377 0.139481
0 0 0.623554 0.069893 0.017157 0.000434 0.288962
4 0 0.021049 0.018368 0.005377 0.000358 0.954847
4 0 0.113394 0.042006 0.013186 0.001297 0.830116
0 0 0.506091 0.043180 0.009532 0.000300 0.440897
0 0 0.866199 0.020164 0.003278 0.000038 0.110321
0 0 0.880191 0.067248 0.031428 0.004945 0.016188
0 0 0.960149 0.021625 0.009355 0.002708 0.006163
0 0 0.767480 0.154778 0.059189 0.000153 0.018401
0 0 0.995643 0.003134 0.001114 0.000030 0.000080
0 0 0.994463 0.004052 0.001154 0.000056 0.000275
0 0 0.970562 0.014567 0.007374 0.004867 0.002630
0 0 0.714673 0.138270 0.093805 0.034923 0.018329
0 0 0.578252 0.220728 0.133656 0.022036 0.045328
0 0 0.694382 0.154370 0.022345 0.000008 0.128895
4 1 0.151386 0.280983 0.057702 0.000011 0.509918
1 2 0.220502 0.394892 0.180323 0.002966 0.201317
2 2 0.038995 0.315793 0.366531 0.001456 0.277225
2 2 0.001070 0.076855 0.804399 0.006179 0.111497
4 2 0.009831 0.344971 0.291297 0.000276 0.353625
4 1 0.013808 0.201230 0.158264 0.002031 0.624666
1 1 0.188255 0.387059 0.152909 0.000578 0.271199
1 4 0.098536 0.487879 0.230798 0.000301 0.182486
4 0 0.011290 0.198956 0.182405 0.000411 0.606938
2 4 0.000249 0.049779 0.873390 0.009438 0.067144
2 1 0.002423 0.104224 0.722157 0.005576 0.165620
2 3 0.000008 0.007344 0.969053 0.019123 0.004472
2 -1 0.000599 0.070018 0.834834 0.002391 0.092157
2 0 0.000270 0.069014 0.815917 0.002306 0.112493
2 0 0.000562 0.064349 0.624642 0.000771 0.309676
2 2 0.001486 0.150808 0.624388 0.001241 0.222076
4 2 0.016048 0.222740 0.181577 0.000676 0.578959
4 2 0.009377 0.124626 0.392862 0.001745 0.471390
2 2 0.001821 0.321368 0.480895 0.000217 0.195699
2 2 0.001933 0.179386 0.602508 0.001687 0.214486
2 2 0.002024 0.062672 0.718762 0.005812 0.210731
2 4 0.014145 0.163554 0.441303 0.009224 0.371772
4 2 0.007114 0.092485 0.075897 0.003939 0.820565
4 2 0.005129 0.158250 0.123191 0.000313 0.713117
4 2 0.011759 0.293053 0.273478 0.000659 0.421051
2 1 0.002237 0.202150 0.533893 0.000321 0.261399
2 2 0.000932 0.072428 0.795900 0.001238 0.129501
2 2 0.002245 0.178129 0.669715 0.000480 0.149431
2 2 0.001231 0.137961 0.775509 0.010757 0.074541
2 2 0.006748 0.133652 0.726135 0.006150 0.127314
4 2 0.015907 0.203022 0.134345 0.000807 0.645919
2 1 0.001425 0.134856 0.637461 0.001522 0.224736
4 2 0.003773 0.127500 0.378811 0.005760 0.484156
2 2 0.000219 0.032363 0.899726 0.030918 0.036774
2 0 0.000210 0.041330 0.914323 0.000694 0.043444
0 0 0.885937 0.074096 0.018175 0.000109 0.021682
0 1 0.809711 0.028174 0.031978 0.129375 0.000762
4 1 0.057029 0.143728 0.046253 0.000225 0.752765
4 2 0.008769 0.046555 0.068266 0.019117 0.857292
2 2 0.001979 0.071848 0.612627 0.000766 0.312780
2 2 0.000071 0.022589 0.957712 0.000478 0.019150
2 3 0.000043 0.015752 0.965232 0.004799 0.014175
2 3 0.000002 0.001968 0.919518 0.077546 0.000966
2 3 0.000925 0.068788 0.888715 0.006918 0.034654
2 3 0.000002 0.002455 0.985779 0.010954 0.000810
2 2 0.000005 0.000641 0.772097 0.226806 0.000452
2 3 0.000001 0.000796 0.982798 0.016286 0.000119
2 3 0.000003 0.000324 0.508682 0.490518 0.000473
3 3 0.000036 0.002141 0.427521 0.566414 0.003889
3 3 0.001165 0.016734 0.232831 0.705130 0.044141
2 3 0.000211 0.016883 0.793418 0.178925 0.010564
3 3 0.000055 0.002777 0.483858 0.509150 0.004160
2 3 0.000000 0.000026 0.699411 0.300537 0.000026
3 3 0.000002 0.000131 0.260135 0.739365 0.000367
3 3 0.000005 0.000413 0.374950 0.623911 0.000721
2 3 0.000000 0.000091 0.609186 0.390603 0.000120
3 3 0.000002 0.000090 0.422646 0.577191 0.000072
3 3 0.000000 0.000002 0.062842 0.937152 0.000004
3 3 0.000007 0.000073 0.055510 0.944183 0.000228
3 3 0.000015 0.000238 0.048003 0.950069 0.001674
3 3 0.000006 0.000104 0.056560 0.942802 0.000527
3 3 0.000021 0.000208 0.055800 0.943147 0.000824
3 3 0.000085 0.000534 0.078224 0.919879 0.001278
3 3 0.000021 0.000134 0.033580 0.965779 0.000485
3 3 0.000003 0.000061 0.181685 0.818195 0.000056
3 3 0.000002 0.000083 0.243882 0.755906 0.000126
3 3 0.000775 0.003956 0.173282 0.815782 0.006206
3 1 0.000024 0.000512 0.095216 0.901754 0.002495
3 3 0.000510 0.001494 0.082697 0.913114 0.002185
3 3 0.000058 0.000342 0.063634 0.935136 0.000830
3 3 0.000027 0.000074 0.032620 0.967174 0.000106
3 3 0.000009 0.000096 0.047495 0.952034 0.000366
3 3 0.000006 0.000493 0.379771 0.618905 0.000825
3 3 0.000080 0.000483 0.071992 0.926271 0.001175
3 3 0.000014 0.000181 0.056644 0.942323 0.000838
3 3 0.000021 0.000158 0.100728 0.898837 0.000256
3 3 0.000000 0.000007 0.039942 0.960002 0.000049
3 3 0.000024 0.000064 0.043741 0.956105 0.000065
3 3 0.000053 0.000166 0.050112 0.949441 0.000228
3 3 0.000173 0.000968 0.111144 0.885954 0.001762
3 3 0.000356 0.002583 0.140328 0.850545 0.006188
3 3 0.000070 0.000862 0.102141 0.893486 0.003441
3 3 0.000044 0.000550 0.096176 0.901215 0.002014
2 3 0.004460 0.077899 0.531383 0.313429 0.072829
3 3 0.002120 0.017133 0.413370 0.547352 0.020024
3 3 0.000529 0.003134 0.075867 0.908925 0.011544
3 3 0.000005 0.000078 0.130773 0.868989 0.000155
3 3 0.000092 0.000764 0.067650 0.928527 0.002966
3 3 0.000237 0.000562 0.047113 0.951224 0.000864
3 3 0.000473 0.000464 0.011612 0.986431 0.001020
3 3 0.000000 0.000004 0.031950 0.968031 0.000015
3 3 0.000021 0.000132 0.092482 0.907178 0.000186
3 3 0.000037 0.000119 0.036979 0.962665 0.000200
3 3 0.000017 0.000034 0.009094 0.990764 0.000091
3 3 0.000383 0.001460 0.081928 0.913495 0.002735
3 3 0.000062 0.000383 0.022250 0.974780 0.002524
3 3 0.000073 0.000596 0.075267 0.922119 0.001945
3 3 0.000004 0.000053 0.043466 0.956258 0.000219
3 3 0.001002 0.003274 0.066726 0.921125 0.007873
3 3 0.001603 0.005505 0.079151 0.892727 0.021014
3 3 0.000071 0.001075 0.157512 0.839167 0.002176
3 3 0.000147 0.000297 0.026440 0.972558 0.000558
3 3 0.000165 0.000379 0.027644 0.970991 0.000821
3 3 0.000005 0.000022 0.031798 0.968140 0.000036
3 3 0.000172 0.001198 0.041761 0.950030 0.006839
3 3 0.000211 0.000696 0.033228 0.963754 0.002111
3 3 0.001332 0.004224 0.063534 0.919907 0.011003
3 3 0.000023 0.000106 0.036149 0.963473 0.000248
3 3 0.000008 0.000040 0.078335 0.921577 0.000040
3 3 0.000100 0.000824 0.159955 0.837741 0.001379
3 3 0.000385 0.000525 0.073584 0.925187 0.000318
2 3 0.001316 0.007137 0.752416 0.237264 0.001867
3 0 0.001696 0.010279 0.170108 0.793602 0.024315
2 2 0.021761 0.229860 0.708159 0.023316 0.016904
2 2 0.009622 0.301281 0.564370 0.041062 0.083664
2 2 0.000928 0.030844 0.789892 0.150042 0.028294
2 2 0.000048 0.005204 0.854099 0.138052 0.002598
2 2 0.001044 0.119289 0.755420 0.018372 0.105875
2 2 0.000431 0.027917 0.896179 0.056113 0.019360
2 2 0.000273 0.025499 0.934684 0.022792 0.016752
2 2 0.000522 0.028303 0.642753 0.277255 0.051166
2 2 0.009229 0.237572 0.472275 0.027965 0.252959
2 0 0.003856 0.082588 0.886061 0.013703 0.013791
1 2 0.158359 0.409502 0.327252 0.016778 0.088109
2 2 0.039046 0.312906 0.332526 0.046043 0.269479
2 1 0.008290 0.296798 0.594602 0.006107 0.094203
2 2 0.000131 0.093604 0.894304 0.004257 0.007704
2 2 0.003954 0.119753 0.612944 0.050196 0.213153
2 2 0.001769 0.049405 0.806629 0.069004 0.073193
2 2 0.003153 0.155563 0.691268 0.003142 0.146874
2 2 0.000760 0.062243 0.887653 0.012406 0.036938
2 2 0.001190 0.091946 0.840599 0.018024 0.048241
2 2 0.000005 0.002721 0.982756 0.013601 0.000917
2 2 0.000117 0.006128 0.806307 0.184162 0.003287
2 2 0.000295 0.024907 0.883072 0.081006 0.010721
2 2 0.000590 0.029284 0.800212 0.113456 0.056457
2 2 0.001319 0.079986 0.855501 0.011177 0.052017
2 2 0.000734 0.049225 0.858756 0.040099 0.051186
2 1 0.008291 0.138229 0.618218 0.008950 0.226312
2 1 0.000036 0.012087 0.970545 0.009111 0.008222
2 1 0.002979 0.066756 0.621240 0.205788 0.103236
2 2 0.018558 0.345291 0.421726 0.002994 0.211431
2 0 0.008670 0.271244 0.594513 0.007070 0.118502
2 1 0.002250 0.405196 0.566186 0.000026 0.026343
2 2 0.002257 0.292153 0.663313 0.002783 0.039494
2 2 0.003755 0.390739 0.549027 0.000192 0.056287
2 2 0.005153 0.211005 0.694980 0.022914 0.065948
2 1 0.001770 0.041714 0.483733 0.371048 0.101735
2 2 0.009064 0.210255 0.672615 0.007022 0.101043
2 2 0.010131 0.114837 0.763357 0.074231 0.037443
2 2 0.001061 0.091435 0.882302 0.009126 0.016077
2 2 0.004314 0.127848 0.718631 0.016983 0.132224
2 2 0.003716 0.095892 0.694976 0.023121 0.182294
2 2 0.000578 0.037961 0.875941 0.043311 0.042209
2 2 0.001092 0.083089 0.767081 0.041126 0.107611
2 0 0.000691 0.062024 0.838123 0.015934 0.083228
0 0 0.902101 0.064100 0.014295 0.000061 0.019443
2 2 0.008848 0.322614 0.641581 0.007411 0.019546
2 1 0.005909 0.107216 0.636411 0.187271 0.063192
2 1 0.013091 0.371259 0.570546 0.003777 0.041327
4 1 0.213322 0.195304 0.034528 0.000027 0.556819
0 1 0.374170 0.239710 0.276939 0.093354 0.015826
4 2 0.007881 0.283767 0.299847 0.001470 0.407036
2 2 0.004120 0.288633 0.542525 0.002665 0.162056
2 2 0.001280 0.094184 0.784432 0.021056 0.099048
2 1 0.001486 0.110262 0.803584 0.042629 0.042039
2 1 0.007113 0.384219 0.569082 0.001055 0.038532
4 2 0.041733 0.260614 0.208001 0.015516 0.474135
2 2 0.001170 0.055324 0.875673 0.030501 0.037332
2 2 0.000067 0.020177 0.963270 0.009545 0.006941
2 2 0.007188 0.349167 0.444826 0.001633 0.197186
2 2 0.004888 0.126730 0.626380 0.063516 0.178485
2 2 0.001322 0.096329 0.766361 0.049283 0.086704
2 2 0.001511 0.082555 0.747476 0.042212 0.126247
4 2 0.016100 0.237410 0.322670 0.014689 0.409131
1 2 0.045686 0.360583 0.277253 0.005022 0.311456
2 2 0.024083 0.450870 0.454470 0.001380 0.069196
2 2 0.005388 0.075658 0.685177 0.137915 0.095861
2 2 0.012605 0.189369 0.499447 0.006073 0.292507
2 2 0.001445 0.047496 0.840282 0.067831 0.042946
2 2 0.003731 0.046736 0.857465 0.041843 0.050224
2 2 0.001329 0.034159 0.801290 0.112150 0.051071
2 2 0.000741 0.045658 0.764082 0.149158 0.040360
2 1 0.005109 0.038538 0.798771 0.142244 0.015338
2 2 0.010848 0.174539 0.779913 0.014511 0.020189
2 2 0.000237 0.018427 0.930410 0.046862 0.004064
2 2 0.001150 0.033258 0.561985 0.362389 0.041218
2 2 0.000735 0.045617 0.920617 0.024674 0.008358
2 2 0.000185 0.011896 0.815442 0.166043 0.006434
2 2 0.002069 0.054083 0.650131 0.254768 0.038950
2 2 0.000318 0.037377 0.929527 0.009324 0.023455
2 4 0.007547 0.186760 0.594355 0.048010 0.163328
2 4 0.010235 0.166596 0.682082 0.054717 0.086370
4 4 0.015784 0.261511 0.183490 0.000594 0.538622
4 4 0.048344 0.183605 0.136391 0.003598 0.628063
4 4 0.063502 0.099626 0.031872 0.000682 0.804318
4 4 0.019466 0.058214 0.022423 0.000539 0.899359
1 4 0.049170 0.383803 0.303687 0.005552 0.257788
4 4 0.022656 0.116624 0.042384 0.000097 0.818239
4 1 0.027244 0.035953 0.006012 0.000008 0.930783
1 4 0.126053 0.467794 0.178184 0.000146 0.227823
4 4 0.027841 0.121784 0.101623 0.060361 0.688391
4 4 0.024129 0.020913 0.006765 0.000695 0.947499
4 4 0.064230 0.025364 0.005875 0.000166 0.904364
4 4 0.003678 0.005509 0.001063 0.000012 0.989737
4 4 0.020054 0.031946 0.008683 0.000177 0.939139
4 4 0.036871 0.176753 0.082399 0.000706 0.703271
4 4 0.049121 0.201034 0.074321 0.000186 0.675337
4 4 0.044355 0.089633 0.018932 0.000017 0.847063
4 4 0.051751 0.056448 0.009489 0.000009 0.882303
4 4 0.009095 0.008504 0.001049 0.000001 0.981351
4 4 0.093629 0.046322 0.007994 0.000028 0.852027
4 4 0.154204 0.093098 0.019038 0.000081 0.733580
4 4 0.028038 0.032751 0.005833 0.000017 0.933361
4 4 0.011277 0.023645 0.003670 0.000001 0.961406
4 4 0.034804 0.025581 0.005144 0.000045 0.934427
4 4 0.179538 0.234953 0.070520 0.000551 0.514438
2 4 0.035088 0.337479 0.349961 0.003189 0.274283
4 4 0.031147 0.167484 0.080241 0.000656 0.720471
4 1 0.012085 0.125865 0.050492 0.000036 0.811522
4 4 0.089248 0.360972 0.150325 0.000340 0.399115
4 4 0.129611 0.220865 0.105425 0.007879 0.536220
4 4 0.020494 0.176945 0.125558 0.003071 0.673932
4 4 0.022515 0.120814 0.069633 0.002604 0.784434
4 4 0.065047 0.119817 0.047351 0.001546 0.766239
1 4 0.042444 0.386078 0.335354 0.006917 0.229206
4 4 0.021176 0.360009 0.198825 0.000083 0.419908
4 4 0.107572 0.282716 0.112550 0.000803 0.496359
2 4 0.036897 0.244349 0.452625 0.107891 0.158239
2 4 0.084339 0.321623 0.427562 0.020518 0.145958
4 4 0.164216 0.328345 0.090031 0.000050 0.417358
1 4 0.058617 0.488032 0.316198 0.000678 0.136474
4 2 0.028225 0.303945 0.306809 0.018272 0.342749
2 2 0.031731 0.326250 0.384847 0.033688 0.223484
1 0 0.043542 0.441757 0.370854 0.002853 0.140994
0 0 0.786883 0.130761 0.048769 0.001372 0.032215
0 1 0.980878 0.012088 0.005282 0.000986 0.000766
1 1 0.032981 0.377708 0.289861 0.001919 0.297531
2 1 0.011400 0.401290 0.484520 0.001465 0.101325
2 1 0.007445 0.201102 0.660417 0.018425 0.112610
2 2 0.015767 0.374559 0.405253 0.000382 0.204039
2 2 0.003705 0.122679 0.773204 0.039206 0.061205
2 2 0.019928 0.229491 0.557429 0.036344 0.156808
2 2 0.029048 0.284422 0.432540 0.024870 0.229120
2 2 0.008390 0.222920 0.640400 0.011902 0.116388
2 2 0.004402 0.242503 0.495810 0.003900 0.253385
2 2 0.005660 0.125764 0.658107 0.023575 0.186894
4 2 0.027079 0.275081 0.329611 0.020862 0.347366
2 2 0.001227 0.111962 0.784511 0.022411 0.079890
2 0 0.007641 0.150113 0.810212 0.003055 0.028979
1 0 0.168509 0.462857 0.261991 0.000929 0.105713
1 2 0.153169 0.463389 0.242463 0.000908 0.140071
2 2 0.024781 0.382561 0.513485 0.000807 0.078366
2 2 0.001166 0.039780 0.920522 0.032639 0.005893
2 2 0.000452 0.023153 0.899362 0.064883 0.012150
2 2 0.000719 0.034874 0.940846 0.012396 0.011165
2 2 0.025446 0.164142 0.769263 0.002587 0.038562
2 2 0.010505 0.164693 0.689046 0.042195 0.093561
2 2 0.024949 0.215364 0.555399 0.107895 0.096394
2 2 0.010262 0.234197 0.698834 0.014800 0.041907
2 2 0.001326 0.049349 0.842660 0.090382 0.016282
2 2 0.002762 0.030800 0.665050 0.288750 0.012638
1 2 0.073011 0.439184 0.423583 0.004933 0.059289
2 2 0.007295 0.103015 0.867726 0.005541 0.016424
2 3 0.111398 0.236866 0.514219 0.033678 0.103839
2 3 0.029755 0.176702 0.533053 0.119346 0.141144
2 3 0.005324 0.106674 0.799283 0.035047 0.053672
3 3 0.001355 0.002671 0.201662 0.793140 0.001172
2 3 0.002199 0.037936 0.778317 0.165136 0.016412
2 3 0.001163 0.020129 0.805454 0.167053 0.006202
2 3 0.001621 0.026715 0.803401 0.153433 0.014830
2 3 0.116595 0.124740 0.483818 0.164560 0.110288
2 3 0.003583 0.024355 0.572900 0.386306 0.012856
2 3 0.000099 0.004501 0.884889 0.109879 0.000632
2 2 0.002754 0.012130 0.668197 0.314644 0.002274
2 3 0.001885 0.027379 0.661852 0.291577 0.017307
2 3 0.008147 0.030497 0.735247 0.218320 0.007789
2 3 0.002611 0.012729 0.619689 0.362642 0.002328
2 3 0.001555 0.033031 0.805372 0.147062 0.012981
2 3 0.000221 0.006003 0.886350 0.106396 0.001031
2 3 0.028753 0.209024 0.631713 0.029572 0.100938
2 3 0.006300 0.032212 0.558725 0.392895 0.009868
3 3 0.000452 0.004116 0.304911 0.687194 0.003327
3 0 0.076501 0.117551 0.220237 0.449037 0.136674
0 0 0.846474 0.045453 0.036821 0.062592 0.008660
2 2 0.048661 0.303018 0.569112 0.042090 0.037120
1 2 0.064735 0.417038 0.404555 0.010320 0.103352
2 2 0.083544 0.176763 0.473244 0.145899 0.120550
2 2 0.033301 0.106376 0.441264 0.313420 0.105638
1 2 0.047656 0.391971 0.342844 0.008694 0.208836
2 2 0.002976 0.110835 0.851188 0.015028 0.019972
2 3 0.062891 0.211378 0.554068 0.074870 0.096794
2 3 0.002539 0.035568 0.747958 0.193979 0.019955
2 2 0.000078 0.013029 0.927422 0.055641 0.003831
2 3 0.020669 0.369972 0.375041 0.004058 0.230261
2 2 0.018711 0.214719 0.525984 0.071588 0.168999
2 2 0.002180 0.029685 0.550369 0.395673 0.022093
2 2 0.006873 0.165009 0.748576 0.038320 0.041222
2 2 0.001132 0.029442 0.491633 0.439439 0.038354
2 2 0.011112 0.107270 0.607963 0.130375 0.143280
2 2 0.088263 0.169434 0.449232 0.136180 0.156892
0 1 0.909235 0.059378 0.020093 0.000563 0.010730
2 2 0.003197 0.065967 0.888129 0.034676 0.008030
2 2 0.003854 0.079375 0.805265 0.067876 0.043630
2 3 0.000315 0.018054 0.949031 0.020711 0.011890
2 3 0.000896 0.086180 0.875969 0.006384 0.030572
2 3 0.003363 0.239002 0.710253 0.014604 0.032779
2 3 0.000274 0.031316 0.953141 0.004002 0.011267
2 3 0.000698 0.083621 0.873151 0.008327 0.034203
2 3 0.014884 0.331975 0.402954 0.009089 0.241097
1 2 0.078730 0.402687 0.354786 0.000482 0.163316
2 2 0.029105 0.308794 0.606504 0.025596 0.030001
2 2 0.000108 0.029991 0.942498 0.012127 0.015277
2 2 0.004442 0.272480 0.491084 0.007539 0.224455
2 2 0.017539 0.358579 0.419698 0.007425 0.196759
2 2 0.018352 0.350007 0.536357 0.027484 0.067800
0 1 0.849615 0.076576 0.046954 0.000363 0.026493
0 1 0.426964 0.224050 0.190562 0.122494 0.035931
2 2 0.014869 0.118848 0.573832 0.220317 0.072135
4 2 0.034257 0.244837 0.224407 0.030197 0.466302
2 2 0.000995 0.030318 0.841847 0.092699 0.034141
2 2 0.000082 0.006166 0.862658 0.128416 0.002678
2 2 0.000083 0.009666 0.982667 0.005397 0.002187
2 1 0.010138 0.108583 0.843959 0.033313 0.004006
2 2 0.002123 0.135900 0.814199 0.024869 0.022909
2 2 0.002847 0.180356 0.657393 0.003263 0.156141
2 2 0.002512 0.081920 0.723784 0.018201 0.173583
2 2 0.000076 0.014029 0.966578 0.014436 0.004882
2 2 0.000174 0.010872 0.882735 0.100100 0.006119
2 2 0.000276 0.036317 0.904381 0.007309 0.051717
2 2 0.000686 0.085844 0.802272 0.012584 0.098614
2 2 0.000066 0.012499 0.909344 0.067845 0.010246
2 2 0.000254 0.041864 0.920809 0.014931 0.022141
2 2 0.000029 0.010398 0.978868 0.002298 0.008407
2 2 0.000084 0.033794 0.948299 0.000878 0.016945
2 2 0.009869 0.224363 0.488103 0.002489 0.275177
2 2 0.000813 0.054336 0.860987 0.036998 0.046865
2 3 0.000010 0.003060 0.892555 0.102884 0.001490
2 3 0.012246 0.195741 0.451013 0.038369 0.302630
4 3 0.019843 0.163843 0.330689 0.010758 0.474867
2 3 0.000429 0.017887 0.855608 0.119231 0.006845
2 3 0.016457 0.266040 0.345362 0.040910 0.331232
2 3 0.002445 0.068433 0.673027 0.210653 0.045441
2 3 0.000184 0.009589 0.633872 0.346603 0.009752
3 3 0.004277 0.044111 0.350316 0.532353 0.068943
2 3 0.000003 0.001780 0.990648 0.007095 0.000474
2 3 0.000508 0.010343 0.533408 0.447413 0.008329
2 3 0.000033 0.008870 0.936283 0.047058 0.007757
2 3 0.001527 0.090757 0.633347 0.013130 0.261239
2 3 0.000938 0.027106 0.706145 0.234960 0.030851
2 3 0.000026 0.009022 0.970007 0.013768 0.007178
2 3 0.000058 0.007730 0.856322 0.131822 0.004068
2 3 0.000030 0.004321 0.599972 0.389614 0.006063
2 3 0.000049 0.007642 0.652149 0.330671 0.009490
2 3 0.000077 0.016251 0.939622 0.032570 0.011480
3 3 0.000666 0.011493 0.315661 0.648838 0.023342
2 3 0.000067 0.004623 0.543366 0.445518 0.006426
3 3 0.000164 0.005994 0.419336 0.564160 0.010346
3 3 0.000070 0.003351 0.463845 0.527441 0.005293
2 3 0.000317 0.009009 0.614681 0.364487 0.011506
3 3 0.000043 0.003405 0.396143 0.593000 0.007408
3 3 0.000007 0.000351 0.275516 0.723273 0.000853
3 3 0.000033 0.000666 0.072255 0.922474 0.004571
3 3 0.000023 0.000228 0.084962 0.914158 0.000628
3 3 0.000013 0.000251 0.108612 0.890149 0.000975
2 3 0.000108 0.001920 0.503139 0.493153 0.001680
3 3 0.000160 0.002033 0.186045 0.807524 0.004238
3 3 0.000440 0.003518 0.173876 0.814057 0.008109
3 3 0.000270 0.002891 0.211836 0.779535 0.005468
3 3 0.000031 0.000940 0.154347 0.840816 0.003866
3 3 0.000099 0.001412 0.214981 0.779944 0.003564
3 3 0.000035 0.000492 0.119936 0.877882 0.001655
3 3 0.000013 0.000175 0.135958 0.863543 0.000310
3 3 0.000004 0.000140 0.156267 0.843061 0.000528
3 3 0.000002 0.000033 0.210823 0.789113 0.000029
3 3 0.000003 0.000051 0.106862 0.892959 0.000124
3 3 0.000029 0.000185 0.106420 0.893105 0.000261
3 3 0.000297 0.002541 0.387258 0.607490 0.002415
3 3 0.000116 0.001825 0.193626 0.799332 0.005101
3 3 0.000008 0.000169 0.112363 0.886774 0.000687
3 3 0.000150 0.000857 0.097402 0.899849 0.001742
3 3 0.000253 0.002596 0.085778 0.897779 0.013595
3 3 0.000221 0.001831 0.154056 0.840802 0.003089
3 3 0.000171 0.000445 0.035229 0.963243 0.000912
3 3 0.000014 0.000048 0.018027 0.981781 0.000129
3 3 0.000001 0.000009 0.044121 0.955854 0.000015
3 3 0.000013 0.000084 0.028343 0.971257 0.000303
3 3 0.000139 0.000690 0.092818 0.905141 0.001211
3 3 0.000046 0.000317 0.097998 0.901054 0.000585
3 3 0.000008 0.000055 0.056719 0.943112 0.000106
3 3 0.000002 0.000028 0.072334 0.927554 0.000083
3 3 0.000182 0.000610 0.033331 0.964070 0.001807
3 3 0.001518 0.003861 0.073648 0.913564 0.007409
3 3 0.000208 0.000440 0.078811 0.920260 0.000281
3 1 0.055180 0.008514 0.096720 0.838544 0.001043
1 2 0.171263 0.365145 0.279650 0.059494 0.124449
2 2 0.015118 0.161270 0.561843 0.044694 0.217075
2 2 0.000017 0.001668 0.862700 0.134873 0.000742
2 3 0.000056 0.003352 0.833949 0.161047 0.001596
2 2 0.000070 0.002809 0.742309 0.253190 0.001621
2 2 0.000809 0.018299 0.792628 0.171614 0.016650
2 4 0.002834 0.020013 0.882750 0.083214 0.011190
4 4 0.014007 0.186029 0.098457 0.000147 0.701360
4 4 0.012892 0.047887 0.015924 0.000104 0.923192
4 4 0.099878 0.022061 0.003376 0.000019 0.874666
4 4 0.022852 0.032812 0.009132 0.000058 0.935146
1 4 0.261265 0.348049 0.144692 0.000920 0.245073
4 4 0.020121 0.055596 0.017995 0.000180 0.906107
4 4 0.026662 0.028024 0.009555 0.000923 0.934837
4 4 0.032583 0.028330 0.005485 0.000033 0.933569
4 1 0.015297 0.009315 0.001881 0.000037 0.973469
4 1 0.012091 0.041410 0.144886 0.004096 0.797517
4 4 0.030707 0.173785 0.039230 0.000002 0.756275
4 4 0.007219 0.012366 0.003226 0.000094 0.977095
4 4 0.008386 0.014666 0.004037 0.000136 0.972775
4 4 0.009303 0.011886 0.001838 0.000004 0.976968
4 4 0.015246 0.029844 0.008475 0.000146 0.946289
4 4 0.042200 0.056545 0.013243 0.000097 0.887915
4 4 0.032636 0.067238 0.010210 0.000001 0.889914
4 4 0.020069 0.075635 0.020045 0.000020 0.884231
4 4 0.042630 0.167709 0.079630 0.001312 0.708719
4 4 0.017779 0.162709 0.056134 0.000016 0.763362
4 4 0.024188 0.017331 0.001434 0.000000 0.957047
4 4 0.055587 0.321476 0.107506 0.000033 0.515397
4 4 0.073172 0.350485 0.087031 0.000006 0.489306
4 4 0.007046 0.008385 0.001241 0.000003 0.983324
4 4 0.013068 0.016270 0.002783 0.000009 0.967870
4 4 0.007673 0.261758 0.150954 0.000025 0.579590
4 4 0.016093 0.210380 0.102638 0.000083 0.670806
4 4 0.011343 0.026016 0.007449 0.000103 0.955088
4 4 0.021354 0.010216 0.001958 0.000033 0.966438
4 4 0.109649 0.012006 0.001340 0.000004 0.877002
4 4 0.015114 0.027292 0.009636 0.000766 0.947193
4 4 0.032862 0.032672 0.014158 0.004395 0.915913
4 4 0.056861 0.102687 0.023808 0.000045 0.816599
4 4 0.020916 0.092411 0.030176 0.000064 0.856433
4 4 0.020652 0.096311 0.036004 0.000151 0.846882
4 2 0.027891 0.235987 0.084869 0.000025 0.651227
2 2 0.002730 0.151644 0.525957 0.001159 0.318510
1 2 0.004452 0.337586 0.321662 0.000096 0.336204
1 1 0.074222 0.519792 0.208459 0.000041 0.197487
0 1 0.643976 0.208104 0.107673 0.004128 0.036120
4 1 0.008386 0.181879 0.103427 0.000074 0.706233
2 1 0.002455 0.209772 0.418565 0.001139 0.368069
2 2 0.002658 0.217014 0.475070 0.000818 0.304440
2 1 0.000808 0.126452 0.720722 0.002854 0.149165
4 2 0.004181 0.158238 0.214259 0.000365 0.622957
2 2 0.001689 0.110568 0.740330 0.004640 0.142772
2 2 0.000847 0.081149 0.674242 0.001604 0.242158
2 2 0.002275 0.220827 0.494739 0.002589 0.279571
2 2 0.001453 0.120579 0.758853 0.002064 0.117051
2 2 0.001023 0.103597 0.842394 0.001862 0.051123
2 2 0.000102 0.015019 0.946393 0.001844 0.036642
2 2 0.000951 0.066965 0.840437 0.007730 0.083917
2 2 0.007780 0.260547 0.490217 0.000966 0.240490
2 2 0.000269 0.034789 0.913675 0.004526 0.046741
2 2 0.000224 0.035038 0.916539 0.000646 0.047553
2 2 0.000537 0.084251 0.625797 0.002071 0.287344
2 2 0.000018 0.021032 0.953797 0.000399 0.024754
2 2 0.000007 0.008145 0.985887 0.001046 0.004915
2 2 0.000081 0.022311 0.911928 0.019733 0.045947
2 2 0.000003 0.002193 0.992024 0.003451 0.002329
2 2 0.000036 0.011079 0.955523 0.012354 0.021008
2 2 0.000014 0.008356 0.981275 0.003868 0.006487
2 2 0.000003 0.004978 0.991945 0.001298 0.001777
2 2 0.000000 0.000630 0.992164 0.007110 0.000095
2 2 0.000032 0.013477 0.970001 0.000995 0.015495
2 2 0.000486 0.069079 0.837213 0.002212 0.091011
2 2 0.003917 0.159030 0.446265 0.000399 0.390390
2 2 0.001003 0.115025 0.689776 0.000547 0.193649
2 2 0.000073 0.058811 0.916553 0.000651 0.023912
2 2 0.000043 0.035846 0.944207 0.000856 0.019048
2 2 0.000487 0.088521 0.835112 0.001608 0.074271
2 2 0.000195 0.034122 0.775455 0.160888 0.029340
2 2 0.000000 0.000077 0.930774 0.069119 0.000030
2 2 0.000014 0.007094 0.961845 0.028277 0.002770
2 2 0.000004 0.002427 0.958078 0.038569 0.000923
2 2 0.000033 0.018357 0.960343 0.001790 0.019478
2 2 0.000160 0.025969 0.916784 0.004706 0.052381
2 2 0.000041 0.014373 0.967240 0.006286 0.012061
2 2 0.000196 0.020033 0.972041 0.002694 0.005036
1 1 0.022560 0.457426 0.439921 0.000894 0.079198
1 1 0.289914 0.418723 0.187607 0.000428 0.103327
2 2 0.001104 0.095581 0.793062 0.011893 0.098361
2 2 0.000065 0.010007 0.973000 0.007910 0.009018
2 2 0.000012 0.008977 0.985949 0.001839 0.003222
2 2 0.000318 0.075148 0.908570 0.000386 0.015578
2 2 0.000295 0.054673 0.877360 0.004159 0.063513
2 2 0.000414 0.066175 0.891198 0.001656 0.040557
2 2 0.000003 0.005088 0.992361 0.000507 0.002042
2 2 0.000147 0.042988 0.944443 0.000575 0.011849
2 2 0.000077 0.044072 0.932346 0.000045 0.023460
2 2 0.000497 0.055169 0.786685 0.002059 0.155590
2 3 0.000808 0.142991 0.715988 0.000833 0.139379
2 2 0.002625 0.206309 0.766509 0.000170 0.024386
2 2 0.003151 0.311244 0.647644 0.000829 0.037132
2 2 0.000441 0.091726 0.865486 0.001315 0.041033
1 1 0.015177 0.436017 0.410309 0.000498 0.138000
1 2 0.063833 0.435117 0.418510 0.007877 0.074664
2 2 0.037555 0.416718 0.470028 0.009052 0.066647
2 2 0.012899 0.353672 0.520304 0.001585 0.111541
2 2 0.000908 0.128311 0.691894 0.002562 0.176325
2 2 0.002443 0.371216 0.505952 0.000109 0.120279
2 2 0.000080 0.038378 0.954112 0.004636 0.002793
2 2 0.000597 0.098945 0.873940 0.005680 0.020837
2 2 0.000008 0.005801 0.987222 0.006467 0.000502
2 2 0.001072 0.137680 0.742413 0.002022 0.116813
2 2 0.000184 0.020657 0.967315 0.004901 0.006943
2 0 0.003636 0.178456 0.793254 0.000834 0.023820
0 0 0.390148 0.325892 0.218319 0.005588 0.060053
0 1 0.672264 0.139170 0.088291 0.039351 0.060924
1 2 0.053596 0.506112 0.274788 0.000157 0.165347
2 2 0.004422 0.270916 0.571243 0.021119 0.132300
2 2 0.000140 0.019362 0.954966 0.009672 0.015860
4 2 0.004470 0.310762 0.331292 0.000127 0.353349
2 2 0.000376 0.181906 0.750539 0.000016 0.067163
2 2 0.001638 0.174289 0.441385 0.000532 0.382156
2 2 0.000919 0.116104 0.832878 0.000269 0.049830
2 2 0.000131 0.038168 0.947412 0.001234 0.013055
2 2 0.000067 0.018211 0.967577 0.002340 0.011805
2 2 0.000204 0.054279 0.914047 0.013691 0.017779
2 2 0.000362 0.084841 0.888914 0.004731 0.021152
2 2 0.000038 0.035840 0.944845 0.001314 0.017963
2 3 0.000014 0.014647 0.979844 0.000859 0.004637
2 2 0.000081 0.021886 0.964741 0.004331 0.008960
2 2 0.000129 0.048462 0.926167 0.000480 0.024761
2 2 0.000062 0.042309 0.939321 0.002746 0.015562
2 2 0.000774 0.052804 0.907745 0.000900 0.037778
2 2 0.000428 0.078209 0.871619 0.003307 0.046436
2 0 0.010334 0.229515 0.417561 0.001001 0.341588
0 1 0.836135 0.075100 0.013976 0.000041 0.074747
1 2 0.159600 0.389889 0.238494 0.006863 0.205154
2 2 0.000004 0.002428 0.974750 0.021459 0.001359
2 2 0.000081 0.030025 0.952008 0.007087 0.010800
2 2 0.000017 0.012906 0.951173 0.028564 0.007339
2 2 0.000080 0.014548 0.966777 0.007745 0.010850
2 2 0.000053 0.013635 0.960833 0.020413 0.005067
2 2 0.001236 0.111608 0.795722 0.002880 0.088553
2 2 0.000383 0.055231 0.898018 0.001839 0.044530
2 2 0.000016 0.008422 0.984188 0.003270 0.004104
2 2 0.030522 0.362976 0.386424 0.014572 0.205505
2 1 0.058466 0.363224 0.530418 0.012345 0.035547
2 2 0.003547 0.319275 0.634726 0.002616 0.039836
2 2 0.000796 0.118629 0.773751 0.001202 0.105622
2 2 0.000728 0.083103 0.844389 0.000674 0.071106
2 2 0.000841 0.073373 0.898813 0.000215 0.026758
2 2 0.000118 0.019083 0.946208 0.022866 0.011725
2 2 0.000360 0.083725 0.830937 0.000430 0.084548
2 2 0.000325 0.051922 0.895795 0.000525 0.051433
2 2 0.005179 0.336510 0.398169 0.000570 0.259572
2 2 0.000417 0.025701 0.945617 0.012873 0.015391
2 2 0.008431 0.212899 0.615105 0.048715 0.114850
2 1 0.009836 0.293391 0.651717 0.000653 0.044403
2 2 0.007473 0.408590 0.450209 0.000314 0.133414
2 2 0.000032 0.014574 0.979185 0.001397 0.004813
2 2 0.000081 0.020376 0.972113 0.000673 0.006757
4 2 0.010111 0.262028 0.344357 0.001830 0.381675
2 2 0.007435 0.335195 0.624477 0.006486 0.026406
2 2 0.004846 0.399739 0.542183 0.000251 0.052981
2 2 0.000135 0.052473 0.934301 0.000246 0.012845
2 2 0.000035 0.015797 0.946551 0.033451 0.004166
2 2 0.000878 0.081323 0.773497 0.005533 0.138770
2 2 0.000470 0.057815 0.910438 0.014475 0.016802
2 2 0.005646 0.305805 0.618935 0.013656 0.055958
2 1 0.009559 0.426536 0.518314 0.000452 0.045139
1 2 0.052749 0.502559 0.371423 0.000280 0.072989
2 2 0.007156 0.295785 0.529995 0.013327 0.153738
2 2 0.001554 0.086912 0.645903 0.002285 0.263347
2 2 0.001005 0.065608 0.869977 0.006365 0.057046
2 2 0.005414 0.096501 0.768368 0.071034 0.058683
1 1 0.074057 0.353178 0.257681 0.011538 0.303546
1 0 0.193963 0.445000 0.159230 0.000167 0.201641
1 0 0.244819 0.457798 0.179815 0.000101 0.117467
0 0 0.312957 0.305402 0.146095 0.002942 0.232605
0 0 0.777233 0.143736 0.057257 0.000472 0.021301
0 0 0.990888 0.004852 0.002527 0.001566 0.000166
0 0 0.992305 0.003846 0.000885 0.000067 0.002897
0 0 0.783046 0.035390 0.004821 0.000013 0.176730
0 0 0.655437 0.028907 0.003376 0.000007 0.312273
0 0 0.450411 0.133450 0.016892 0.000006 0.399241
0 0 0.852842 0.059815 0.008234 0.000007 0.079102
4 0 0.216773 0.052862 0.015340 0.001082 0.713944
0 0 0.553628 0.246291 0.124854 0.008731 0.066496
4 0 0.060036 0.311498 0.176367 0.001092 0.451007
4 0 0.098510 0.089747 0.013402 0.000009 0.798332
4 0 0.042389 0.148843 0.045922 0.000074 0.762772
4 0 0.017638 0.056039 0.012319 0.000007 0.913997
4 0 0.169100 0.213468 0.057645 0.000289 0.559498
4 0 0.034872 0.340575 0.085477 0.000001 0.539076
4 0 0.014696 0.085500 0.014208 0.000000 0.885596
4 0 0.004575 0.041062 0.009703 0.000001 0.944658
4 0 0.014235 0.065226 0.017003 0.000011 0.903526
4 0 0.014261 0.105007 0.031832 0.000011 0.848889
4 0 0.009956 0.082987 0.023581 0.000005 0.883471
4 0 0.028885 0.038893 0.008528 0.000056 0.923638
4 0 0.021908 0.110881 0.047169 0.000073 0.819969
1 0 0.173644 0.430394 0.129592 0.000077 0.266293
4 0 0.020680 0.039404 0.009407 0.000045 0.930463
4 0 0.043166 0.032080 0.004462 0.000003 0.920289
4 0 0.046389 0.003175 0.000360 0.000004 0.950072
4 0 0.216091 0.038431 0.003477 0.000001 0.742000
4 0 0.133472 0.025547 0.003653 0.000014 0.837314
4 0 0.020065 0.021997 0.003382 0.000006 0.954550
4 0 0.011065 0.096258 0.054724 0.000718 0.837236
1 0 0.167484 0.336173 0.211167 0.028007 0.257170
4 0 0.165637 0.136836 0.069836 0.018348 0.609343
4 0 0.050733 0.051487 0.012166 0.000121 0.885494
4 0 0.090218 0.072309 0.015789 0.000096 0.821588
1 0 0.213885 0.398684 0.120017 0.000154 0.267260
4 0 0.042235 0.051423 0.010401 0.000041 0.895899
4 1 0.050888 0.078968 0.022409 0.000287 0.847448
1 0 0.291609 0.343032 0.103322 0.000461 0.261576
1 1 0.129325 0.409121 0.291426 0.002639 0.167490
4 1 0.033639 0.231160 0.107363 0.000271 0.627566
4 1 0.021872 0.193436 0.108572 0.000606 0.675514
4 1 0.025676 0.241168 0.093840 0.000035 0.639282
4 1 0.025093 0.185960 0.059096 0.000015 0.729836
4 1 0.007691 0.244228 0.183806 0.000166 0.564109
4 1 0.002499 0.163740 0.278564 0.000845 0.554352
1 1 0.059424 0.491667 0.296524 0.000176 0.152209
1 1 0.238359 0.363897 0.081279 0.000031 0.316433
4 1 0.009091 0.224632 0.170908 0.000423 0.594946
4 1 0.003585 0.217839 0.294084 0.000527 0.483965
2 2 0.000123 0.033708 0.848540 0.010993 0.106636
4 2 0.006706 0.142962 0.086307 0.000123 0.763902
4 2 0.006077 0.304421 0.309007 0.000463 0.380031
2 2 0.001408 0.140612 0.456711 0.001448 0.399821
4 2 0.001201 0.106756 0.221391 0.000225 0.670427
2 2 0.000456 0.059426 0.879438 0.001017 0.059664
2 2 0.000144 0.078419 0.901479 0.000551 0.019407
2 2 0.001807 0.125820 0.762850 0.006323 0.103201
2 2 0.000789 0.057702 0.840883 0.008498 0.092129
2 2 0.000328 0.071913 0.848997 0.000746 0.078015
2 2 0.000004 0.007234 0.986412 0.000076 0.006274
2 2 0.000007 0.007323 0.988494 0.002264 0.001912
2 2 0.000016 0.008334 0.986455 0.001292 0.003904
2 2 0.000130 0.048788 0.880411 0.001498 0.069173
2 2 0.000022 0.014415 0.976005 0.001980 0.007579
2 2 0.000115 0.046416 0.933170 0.004616 0.015682
2 2 0.000023 0.011077 0.977928 0.001536 0.009436
2 2 0.000342 0.052803 0.908637 0.001615 0.036603
2 2 0.000018 0.010635 0.983318 0.002819 0.003210
2 2 0.000602 0.043171 0.850529 0.085843 0.019855
2 2 0.000108 0.031722 0.932986 0.012711 0.022473
2 2 0.000482 0.067032 0.851591 0.001233 0.079662
2 2 0.000162 0.042744 0.942867 0.002411 0.011816
2 2 0.000209 0.018465 0.648763 0.312278 0.020285
2 3 0.003324 0.159074 0.623064 0.002007 0.212530
2 3 0.000043 0.006424 0.665403 0.319983 0.008147
2 3 0.000096 0.019924 0.936964 0.034951 0.008065
2 3 0.000121 0.010817 0.961663 0.025850 0.001549
2 3 0.000150 0.005423 0.651014 0.339795 0.003617
2 3 0.000682 0.041507 0.787023 0.148179 0.022608
2 3 0.000040 0.003948 0.897623 0.096967 0.001421
2 3 0.000125 0.010956 0.843190 0.140203 0.005526
2 3 0.002939 0.062953 0.775852 0.136228 0.022028
3 3 0.003292 0.047080 0.447501 0.448239 0.053889
3 3 0.000260 0.005848 0.388367 0.599668 0.005857
3 3 0.021176 0.091140 0.263575 0.493472 0.130636
3 3 0.000374 0.002146 0.116561 0.878345 0.002573
3 3 0.001751 0.008907 0.401636 0.582687 0.005019
2 3 0.003052 0.038278 0.672066 0.270785 0.015819
3 3 0.000337 0.000837 0.070758 0.927029 0.001039
3 3 0.000371 0.001472 0.046763 0.946662 0.004731
3 3 0.004866 0.024451 0.166617 0.744356 0.059710
3 3 0.030552 0.034824 0.339105 0.585141 0.010379
2 3 0.001665 0.005665 0.725515 0.266723 0.000433
3 3 0.001055 0.001432 0.037001 0.958439 0.002072
3 3 0.095106 0.052800 0.182422 0.634096 0.035576
1 3 0.201875 0.220342 0.193395 0.173306 0.211083
3 3 0.230162 0.149442 0.243622 0.323275 0.053498
3 3 0.007846 0.009395 0.271059 0.710382 0.001318
3 3 0.000490 0.001109 0.061008 0.935842 0.001551
3 1 0.000204 0.000082 0.060878 0.938827 0.000009
0 1 0.778384 0.042638 0.041453 0.135412 0.002113
1 2 0.167590 0.362155 0.283279 0.065775 0.121201
2 2 0.049044 0.316739 0.390442 0.007196 0.236578
4 1 0.059573 0.164483 0.271201 0.024043 0.480701
1 2 0.239018 0.379477 0.182976 0.005729 0.192800
2 2 0.004430 0.253622 0.600654 0.001941 0.139352
2 2 0.000263 0.039788 0.939276 0.002688 0.017984
2 2 0.000350 0.043995 0.933132 0.006166 0.016357
2 2 0.000116 0.016782 0.957990 0.014888 0.010225
2 2 0.000001 0.000999 0.981920 0.016911 0.000169
2 1 0.001110 0.078923 0.730525 0.013909 0.175533
4 1 0.101333 0.218546 0.128665 0.023719 0.527738
2 1 0.111673 0.287809 0.411908 0.093211 0.095400
2 2 0.001657 0.170340 0.627570 0.000726 0.199706
2 2 0.005354 0.146708 0.701717 0.023701 0.122521
2 2 0.002110 0.099083 0.850255 0.007500 0.041052
2 2 0.000192 0.042986 0.937534 0.001757 0.017531
2 2 0.001238 0.112485 0.765149 0.009863 0.111264
2 2 0.000798 0.123951 0.806228 0.001929 0.067093
2 2 0.000196 0.053082 0.922057 0.003752 0.020914
2 2 0.000215 0.053275 0.898923 0.014167 0.033420
2 2 0.004957 0.256062 0.611770 0.002737 0.124475
2 2 0.000063 0.034212 0.946615 0.008816 0.010294
1 1 0.333809 0.343329 0.127208 0.001511 0.194144
0 2 0.316065 0.285640 0.235256 0.102274 0.060765
2 2 0.025267 0.292968 0.507169 0.012129 0.162467
2 2 0.013172 0.344530 0.420349 0.005875 0.216073
2 2 0.000641 0.058010 0.914006 0.004775 0.022568
2 2 0.000185 0.036910 0.921750 0.006041 0.035114
2 2 0.001581 0.226563 0.618578 0.002674 0.150603
2 2 0.000399 0.049392 0.879595 0.019105 0.051510
2 2 0.000058 0.012030 0.907530 0.075719 0.004663
2 2 0.000879 0.068472 0.910145 0.004138 0.016365
2 2 0.002615 0.334360 0.549860 0.000626 0.112540
2 2 0.000155 0.031458 0.943102 0.006189 0.019096
2 2 0.000263 0.040252 0.922502 0.001646 0.035338
2 2 0.004469 0.250642 0.441705 0.003822 0.299361
2 2 0.002065 0.092854 0.774604 0.011752 0.118725
2 2 0.002879 0.168572 0.643903 0.005416 0.179230
2 2 0.000017 0.018983 0.978021 0.000100 0.002880
2 2 0.001113 0.116459 0.832518 0.003064 0.046846
2 2 0.008927 0.381922 0.403349 0.000585 0.205217
2 2 0.003223 0.165278 0.784217 0.002340 0.044941
2 2 0.001239 0.091082 0.779338 0.056883 0.071459
2 2 0.000646 0.095164 0.876250 0.002805 0.025136
2 2 0.000372 0.090153 0.864544 0.005073 0.039859
2 2 0.010589 0.332751 0.441486 0.006706 0.208468
1 2 0.052523 0.368415 0.286499 0.002631 0.289932
2 2 0.005455 0.230658 0.627717 0.001221 0.134950
2 2 0.002856 0.105098 0.812697 0.008068 0.071281
2 2 0.002111 0.309765 0.547908 0.000894 0.139321
4 1 0.226673 0.289571 0.090000 0.000636 0.393121
0 1 0.317369 0.284923 0.234758 0.102546 0.060404
2 2 0.001251 0.101126 0.814336 0.041462 0.041825
2 2 0.000667 0.049258 0.923769 0.003161 0.023145
2 2 0.000671 0.042810 0.841282 0.097749 0.017488
2 2 0.000152 0.012175 0.933189 0.042591 0.011894
2 2 0.001127 0.080404 0.787898 0.083179 0.047392
2 2 0.002468 0.086110 0.761217 0.113714 0.036490
2 2 0.009525 0.229421 0.429887 0.001947 0.329219
4 2 0.152125 0.309271 0.101571 0.000334 0.436698
1 4 0.045494 0.396310 0.358264 0.000773 0.199160
4 4 0.009726 0.151135 0.107421 0.000113 0.731605
4 4 0.039129 0.112999 0.043635 0.000623 0.803614
4 4 0.009009 0.013127 0.002766 0.000029 0.975069
4 4 0.174195 0.148011 0.024988 0.000008 0.652797
4 4 0.216318 0.198134 0.035180 0.000028 0.550340
4 0 0.015782 0.056331 0.015664 0.000031 0.912192
1 1 0.167590 0.362155 0.283279 0.065775 0.121201
