0 0 0.996386 0.000554 0.000278 0.000000 0.002782
0 0 0.873320 0.039459 0.065647 0.000091 0.021483
0 0 0.880400 0.066500 0.031269 0.000137 0.021695
0 0 0.731070 0.085943 0.025123 0.000161 0.157703
0 0 0.859536 0.025573 0.010667 0.000044 0.104180
4 0 0.293602 0.044427 0.029860 0.000006 0.632106
0 1 0.779075 0.055600 0.121605 0.000001 0.043720
1 1 0.266268 0.478913 0.187177 0.000058 0.067584
0 1 0.546836 0.270077 0.089664 0.000066 0.093357
0 1 0.938356 0.027726 0.015314 0.000004 0.018599
0 4 0.686408 0.158028 0.078447 0.000664 0.076454
1 1 0.031804 0.645588 0.279843 0.000104 0.042661
2 1 0.001949 0.246584 0.717861 0.000406 0.033200
2 4 0.000706 0.173116 0.677939 0.002125 0.146114
1 4 0.015590 0.590399 0.377156 0.000040 0.016815
1 4 0.074821 0.454837 0.418635 0.006404 0.045303
2 4 0.012355 0.348784 0.589736 0.000107 0.049018
1 4 0.007035 0.461536 0.431600 0.000081 0.099748
2 4 0.003211 0.293007 0.587976 0.002483 0.113322
4 4 0.003631 0.352700 0.271220 0.003026 0.369422
4 4 0.012346 0.058740 0.095840 0.000047 0.833027
1 4 0.022190 0.560936 0.315996 0.000230 0.100647
0 4 0.480188 0.267855 0.078904 0.002256 0.170798
4 4 0.038644 0.096160 0.038123 0.000951 0.826123
4 4 0.059844 0.119862 0.216855 0.000558 0.602881
4 4 0.003980 0.097230 0.043550 0.000121 0.855120
2 4 0.296927 0.107232 0.318512 0.011359 0.265971
2 4 0.007611 0.103932 0.708874 0.001301 0.178281
4 4 0.001533 0.233256 0.364581 0.000035 0.400595
4 4 0.000581 0.256777 0.142250 0.000044 0.600349
4 4 0.027964 0.082472 0.092275 0.000375 0.796915
4 4 0.048027 0.116070 0.131836 0.002244 0.701823
1 4 0.051691 0.466579 0.298230 0.003159 0.180341
2 4 0.006075 0.189097 0.727552 0.028575 0.048702
2 4 0.009045 0.195483 0.759774 0.008830 0.026867
1 1 0.032283 0.575328 0.273795 0.001894 0.116700
2 1 0.001264 0.423389 0.465402 0.000130 0.109816
2 1 0.005721 0.214641 0.706217 0.000188 0.073232
1 1 0.010468 0.511591 0.377045 0.000104 0.100792
2 1 0.001006 0.295398 0.688254 0.000054 0.015288
2 2 0.000014 0.010290 0.988891 0.000112 0.000693
2 2 0.000002 0.003174 0.995261 0.001392 0.000171
2 2 0.000171 0.009654 0.803730 0.184983 0.001462
2 2 0.000052 0.007814 0.947253 0.044227 0.000654
2 2 0.000059 0.007798 0.924180 0.067077 0.000886
2 2 0.000088 0.011932 0.926306 0.059756 0.001917
2 3 0.000219 0.014312 0.893123 0.090714 0.001632
3 3 0.000010 0.000563 0.448367 0.551027 0.000033
2 3 0.000044 0.009923 0.984743 0.004912 0.000378
2 3 0.000129 0.010365 0.860113 0.128294 0.001098
2 3 0.001513 0.041145 0.496665 0.439190 0.021487
3 3 0.000017 0.002842 0.367411 0.628664 0.001066
3 3 0.000003 0.000275 0.388739 0.610964 0.000019
3 3 0.000011 0.000130 0.011474 0.988318 0.000067
3 3 0.000006 0.002130 0.434698 0.562423 0.000742
3 3 0.000008 0.000486 0.052138 0.947128 0.000241
3 3 0.000212 0.001898 0.156588 0.839824 0.001478
2 3 0.000001 0.000434 0.871253 0.128259 0.000053
2 3 0.000002 0.000347 0.563414 0.436213 0.000024
3 3 0.000004 0.000318 0.122012 0.877576 0.000089
2 3 0.000014 0.005786 0.662146 0.329893 0.002161
3 3 0.000106 0.005851 0.318937 0.669210 0.005896
2 3 0.000384 0.012780 0.596468 0.386020 0.004347
2 3 0.000063 0.011584 0.874059 0.110854 0.003439
3 3 0.000036 0.000282 0.019902 0.979572 0.000209
2 3 0.000058 0.005021 0.527793 0.465521 0.001607
3 3 0.000138 0.004625 0.399776 0.594096 0.001365
2 3 0.000009 0.000976 0.544310 0.454607 0.000099
3 3 0.000001 0.000155 0.082645 0.917152 0.000046
3 3 0.000001 0.000045 0.034789 0.965155 0.000011
3 3 0.000010 0.000248 0.094253 0.905457 0.000032
3 3 0.000008 0.000566 0.183417 0.815854 0.000155
2 3 0.000008 0.001204 0.564124 0.434521 0.000143
3 3 0.000015 0.000467 0.161390 0.838051 0.000077
3 3 0.000004 0.000149 0.085235 0.914587 0.000024
3 3 0.000004 0.000037 0.005819 0.994124 0.000017
3 3 0.000005 0.000146 0.036533 0.963267 0.000050
3 3 0.000001 0.000008 0.002922 0.997067 0.000003
3 3 0.000001 0.000020 0.009131 0.990841 0.000007
3 3 0.000043 0.000402 0.029190 0.970185 0.000180
3 3 0.000001 0.000012 0.004408 0.995575 0.000004
3 3 0.000003 0.000047 0.013453 0.986481 0.000016
3 3 0.000000 0.000002 0.003114 0.996883 0.000001
3 3 0.000002 0.000069 0.014104 0.985794 0.000031
3 3 0.000004 0.000135 0.057909 0.941916 0.000036
3 3 0.000003 0.000033 0.005529 0.994419 0.000015
3 3 0.000003 0.000033 0.005511 0.994438 0.000015
3 3 0.000001 0.000357 0.385903 0.613661 0.000079
3 3 0.000003 0.000041 0.011628 0.988313 0.000015
3 3 0.000018 0.000134 0.010802 0.988980 0.000066
3 3 0.000002 0.000031 0.008603 0.991352 0.000012
3 3 0.000009 0.000077 0.008304 0.991572 0.000037
3 3 0.000006 0.000050 0.006738 0.993184 0.000023
3 3 0.000003 0.000123 0.030818 0.969010 0.000047
3 3 0.000001 0.000025 0.016645 0.983322 0.000007
3 3 0.000000 0.000007 0.003799 0.996191 0.000003
3 3 0.000001 0.000027 0.011335 0.988627 0.000010
3 3 0.000001 0.000039 0.027159 0.972791 0.000011
3 3 0.000012 0.000099 0.009339 0.990502 0.000048
3 3 0.000007 0.000342 0.046810 0.952690 0.000151
3 3 0.000000 0.000003 0.009827 0.990170 0.000000
3 3 0.000001 0.000007 0.002645 0.997345 0.000003
3 3 0.000011 0.000103 0.011020 0.988818 0.000047
3 3 0.000000 0.000010 0.003377 0.996609 0.000004
3 3 0.000000 0.000004 0.001995 0.997999 0.000002
3 3 0.000005 0.000054 0.008961 0.990957 0.000023
3 3 0.000000 0.000006 0.002571 0.997420 0.000003
3 3 0.000002 0.000041 0.015274 0.984669 0.000014
3 3 0.000012 0.000228 0.016583 0.983048 0.000129
3 3 0.000015 0.000113 0.009970 0.989847 0.000055
3 3 0.000000 0.000002 0.001309 0.998689 0.000001
3 3 0.000010 0.000083 0.008654 0.991213 0.000040
3 3 0.000003 0.000094 0.015291 0.984568 0.000044
3 3 0.000000 0.000004 0.002063 0.997932 0.000001
3 3 0.000003 0.000033 0.005532 0.994416 0.000015
3 3 0.000001 0.000009 0.002910 0.997077 0.000004
3 3 0.000001 0.000025 0.005276 0.994686 0.000011
3 3 0.000000 0.000003 0.001729 0.998267 0.000001
3 3 0.000009 0.000087 0.009077 0.990785 0.000042
3 3 0.000002 0.000070 0.026237 0.973668 0.000024
3 3 0.000005 0.000047 0.006643 0.993283 0.000022
3 3 0.000006 0.000097 0.019007 0.980854 0.000036
3 3 0.000006 0.000105 0.025773 0.974082 0.000035
3 3 0.008525 0.023837 0.119889 0.830763 0.016986
3 3 0.001742 0.005003 0.069394 0.919691 0.004170
3 3 0.000123 0.000820 0.032635 0.966003 0.000420
3 3 0.001129 0.008966 0.424379 0.564807 0.000719
2 3 0.000101 0.003119 0.511651 0.484659 0.000470
2 3 0.000066 0.012340 0.935337 0.050399 0.001859
2 3 0.003468 0.085165 0.779695 0.112877 0.018795
2 3 0.010390 0.097613 0.698957 0.091767 0.101273
2 3 0.001348 0.039843 0.828181 0.065774 0.064853
2 3 0.000996 0.013316 0.687812 0.284504 0.013372
2 3 0.003805 0.036453 0.568945 0.377113 0.013684
2 3 0.000255 0.008000 0.626702 0.358420 0.006622
2 3 0.000054 0.011186 0.660206 0.323507 0.005048
2 3 0.001062 0.033114 0.819554 0.106333 0.039937
2 3 0.000034 0.046919 0.906186 0.022247 0.024615
2 3 0.000112 0.026834 0.881540 0.080887 0.010626
4 3 0.000544 0.103674 0.168849 0.000149 0.726783
2 2 0.000068 0.068955 0.901144 0.002526 0.027306
2 2 0.000052 0.014570 0.910900 0.069890 0.004588
2 2 0.001088 0.136657 0.757548 0.020102 0.084605
2 2 0.000217 0.139464 0.774273 0.005519 0.080526
2 2 0.000128 0.069728 0.827886 0.058318 0.043940
2 2 0.002358 0.094572 0.808718 0.069442 0.024910
2 2 0.005185 0.111168 0.487761 0.002877 0.393010
2 1 0.001274 0.159637 0.593390 0.002280 0.243418
2 1 0.000227 0.150485 0.758712 0.004139 0.086437
2 1 0.002615 0.191920 0.600806 0.036594 0.168065
2 1 0.005566 0.268499 0.517326 0.020393 0.188216
2 2 0.000817 0.170088 0.676404 0.001641 0.151049
2 2 0.000054 0.059487 0.910692 0.004715 0.025052
2 2 0.000007 0.018509 0.967991 0.007228 0.006264
2 2 0.000387 0.009842 0.958561 0.030955 0.000254
2 2 0.019533 0.189536 0.608128 0.001521 0.181282
2 2 0.013208 0.406693 0.547789 0.000918 0.031393
2 2 0.000668 0.115014 0.871786 0.000883 0.011649
2 2 0.000153 0.057032 0.934489 0.000935 0.007391
2 2 0.000016 0.025026 0.973714 0.000164 0.001079
2 2 0.015128 0.160157 0.773463 0.002827 0.048425
2 2 0.009876 0.240125 0.694558 0.023121 0.032321
2 2 0.009355 0.047911 0.886972 0.050465 0.005296
0 2 0.639166 0.226757 0.062028 0.001017 0.071033
2 2 0.028939 0.092373 0.860535 0.014941 0.003212
2 2 0.006689 0.327790 0.635889 0.000233 0.029399
2 2 0.003265 0.177175 0.797883 0.005567 0.016111
2 2 0.021675 0.212035 0.714350 0.025973 0.025968
1 2 0.016732 0.456919 0.375221 0.000566 0.150562
2 2 0.003581 0.220687 0.763479 0.000450 0.011802
2 2 0.004719 0.374119 0.595853 0.000330 0.024979
2 2 0.001332 0.069960 0.924751 0.001818 0.002140
2 2 0.030102 0.164286 0.798933 0.004440 0.002240
2 2 0.130253 0.290968 0.572080 0.002327 0.004372
2 2 0.040877 0.172163 0.767766 0.013215 0.005979
2 2 0.051515 0.246777 0.687400 0.003381 0.010926
2 2 0.015808 0.115671 0.863883 0.002448 0.002190
1 2 0.067680 0.685005 0.201467 0.000447 0.045401
2 2 0.035035 0.266597 0.680610 0.005542 0.012217
1 2 0.012110 0.510671 0.409206 0.000477 0.067536
2 1 0.032264 0.424907 0.528325 0.000389 0.014116
1 1 0.239901 0.353352 0.333324 0.045195 0.028228
2 1 0.200861 0.235958 0.546353 0.006731 0.010097
2 1 0.114986 0.263296 0.603014 0.010023 0.008680
1 1 0.035074 0.665919 0.241843 0.000389 0.056775
2 1 0.013186 0.247236 0.721220 0.001801 0.016558
2 1 0.000511 0.038469 0.946558 0.010954 0.003508
2 2 0.009382 0.188219 0.770275 0.012982 0.019143
2 2 0.002347 0.103202 0.853713 0.025360 0.015379
1 2 0.058633 0.475498 0.423950 0.000330 0.041588
2 2 0.006069 0.414482 0.566031 0.000035 0.013382
2 2 0.002071 0.218131 0.758692 0.000835 0.020271
2 1 0.004234 0.368007 0.595790 0.000181 0.031788
2 1 0.014787 0.412602 0.533721 0.001206 0.037683
1 1 0.067202 0.609743 0.279796 0.000104 0.043155
1 1 0.015323 0.695000 0.205765 0.000196 0.083715
1 1 0.069373 0.757968 0.142401 0.000126 0.030133
1 1 0.267275 0.555304 0.161450 0.000584 0.015387
2 1 0.009572 0.104893 0.790495 0.070953 0.024087
2 1 0.007357 0.230020 0.723362 0.005612 0.033648
2 1 0.004673 0.131792 0.849480 0.005367 0.008688
2 1 0.007808 0.425660 0.554384 0.000037 0.012111
1 1 0.026639 0.459393 0.458084 0.001320 0.054563
2 1 0.029876 0.327727 0.556051 0.010719 0.075626
1 1 0.015440 0.562759 0.276960 0.001169 0.143672
2 1 0.006992 0.177084 0.791393 0.006692 0.017839
2 1 0.020671 0.397515 0.556774 0.001204 0.023836
2 2 0.011283 0.109461 0.855782 0.015614 0.007860
1 2 0.017073 0.481537 0.409166 0.001660 0.090564
1 2 0.087243 0.526317 0.305743 0.006090 0.074607
1 2 0.010540 0.659028 0.294808 0.000049 0.035574
2 2 0.003996 0.176038 0.797751 0.002928 0.019288
2 2 0.010157 0.375103 0.537531 0.001790 0.075419
2 2 0.035367 0.340447 0.590475 0.006107 0.027603
2 2 0.035982 0.378833 0.558590 0.004383 0.022213
2 2 0.003311 0.185338 0.790381 0.002713 0.018257
1 2 0.023050 0.587353 0.277643 0.001102 0.110852
1 2 0.226149 0.510924 0.252206 0.000472 0.010249
1 2 0.011039 0.505211 0.468699 0.000042 0.015009
2 2 0.015045 0.270779 0.690802 0.003173 0.020201
1 1 0.027635 0.453023 0.434851 0.005619 0.078872
1 1 0.185244 0.425005 0.340424 0.008259 0.041068
2 1 0.011672 0.420299 0.479980 0.002876 0.085173
1 1 0.032125 0.627308 0.214172 0.001306 0.125089
2 1 0.005383 0.302816 0.635043 0.004656 0.052102
1 1 0.005375 0.524966 0.413819 0.000120 0.055719
2 1 0.018735 0.409654 0.543538 0.000454 0.027618
2 1 0.002110 0.115879 0.859103 0.006388 0.016520
2 1 0.012435 0.327097 0.646114 0.000672 0.013681
2 2 0.000741 0.085101 0.909121 0.000189 0.004848
1 2 0.005433 0.564148 0.338724 0.000187 0.091508
2 2 0.000337 0.018599 0.935383 0.043830 0.001851
2 2 0.009304 0.099515 0.867053 0.017581 0.006547
2 2 0.012651 0.286022 0.694129 0.000341 0.006856
1 2 0.016154 0.519975 0.415687 0.000370 0.047814
2 1 0.008051 0.155158 0.832754 0.001014 0.003024
1 1 0.056131 0.569814 0.352329 0.000299 0.021427
2 1 0.050323 0.262700 0.654354 0.013265 0.019357
2 1 0.083566 0.313731 0.578040 0.010585 0.014078
1 1 0.138685 0.549157 0.260465 0.003830 0.047863
1 1 0.075767 0.554877 0.310657 0.001155 0.057543
1 1 0.042242 0.507242 0.357041 0.004740 0.088735
2 1 0.015305 0.443097 0.446012 0.001776 0.093810
2 1 0.065934 0.277465 0.552624 0.063905 0.040072
1 1 0.011779 0.591434 0.308306 0.000360 0.088121
2 1 0.007403 0.318397 0.646243 0.000690 0.027267
2 1 0.006898 0.310150 0.617854 0.002517 0.062580
2 1 0.003172 0.290142 0.647530 0.001576 0.057580
2 1 0.002115 0.133918 0.854665 0.001004 0.008298
2 1 0.000354 0.051911 0.942431 0.002498 0.002806
2 1 0.000322 0.030397 0.964647 0.002430 0.002204
2 1 0.000849 0.207119 0.778566 0.000093 0.013374
2 2 0.005729 0.377663 0.588778 0.000230 0.027600
2 2 0.013363 0.108265 0.850696 0.019149 0.008527
2 2 0.003195 0.132668 0.858394 0.001385 0.004358
2 2 0.000576 0.348708 0.632003 0.000034 0.018680
2 2 0.002371 0.198759 0.791185 0.000262 0.007424
2 2 0.006885 0.379463 0.596360 0.000255 0.017038
2 2 0.005157 0.278079 0.647127 0.006430 0.063207
2 2 0.000103 0.054387 0.934374 0.002852 0.008283
2 2 0.003162 0.211424 0.757929 0.001495 0.025990
2 2 0.000977 0.054954 0.937631 0.002226 0.004213
2 2 0.000358 0.028066 0.970105 0.001139 0.000332
2 2 0.000234 0.028977 0.963677 0.005219 0.001892
2 2 0.004053 0.083345 0.897979 0.006755 0.007868
2 2 0.003279 0.098492 0.892082 0.003114 0.003033
2 2 0.048752 0.344829 0.579193 0.007023 0.020204
2 2 0.042619 0.276610 0.647992 0.013040 0.019740
2 2 0.030977 0.193121 0.713392 0.016792 0.045718
2 2 0.092097 0.389895 0.491042 0.003132 0.023834
2 2 0.028312 0.359711 0.584981 0.003167 0.023829
2 2 0.036820 0.309742 0.611354 0.013927 0.028157
2 2 0.004386 0.315118 0.647543 0.000434 0.032519
2 2 0.008450 0.186972 0.792582 0.001281 0.010715
2 2 0.007862 0.154986 0.795766 0.014488 0.026899
2 2 0.028086 0.441223 0.442142 0.003128 0.085421
1 1 0.025239 0.518500 0.373408 0.002288 0.080565
1 1 0.001783 0.443626 0.433843 0.000189 0.120559
2 1 0.001458 0.167748 0.810959 0.000482 0.019353
2 1 0.010534 0.270732 0.609723 0.007040 0.101971
2 1 0.009520 0.214548 0.632149 0.028475 0.115307
2 1 0.003728 0.294306 0.505506 0.005784 0.190675
4 1 0.002933 0.384109 0.150763 0.001739 0.460457
2 1 0.002975 0.359154 0.450546 0.001365 0.185960
2 1 0.001825 0.049096 0.846854 0.085517 0.016707
2 1 0.005912 0.197247 0.668187 0.024218 0.104436
2 1 0.001593 0.073059 0.886999 0.015326 0.023023
2 1 0.003024 0.301984 0.531843 0.002103 0.161045
1 0 0.208378 0.376765 0.295355 0.000577 0.118926
0 0 0.643799 0.256498 0.080522 0.000396 0.018786
0 0 0.988285 0.007233 0.001604 0.000002 0.002875
1 0 0.205672 0.527442 0.112692 0.000042 0.154153
1 1 0.028396 0.532765 0.373111 0.001022 0.064706
1 1 0.046751 0.487464 0.436435 0.000728 0.028621
1 1 0.085084 0.551407 0.293193 0.000993 0.069322
1 1 0.026532 0.454865 0.435509 0.002456 0.080638
1 1 0.040387 0.527754 0.281373 0.004715 0.145771
1 1 0.080090 0.455711 0.377932 0.007845 0.078421
1 1 0.141733 0.528803 0.284065 0.003152 0.042248
1 1 0.131225 0.580452 0.237801 0.002088 0.048435
1 1 0.040011 0.569815 0.271740 0.000992 0.117442
1 1 0.086602 0.471867 0.419817 0.001113 0.020601
2 1 0.016541 0.374262 0.596958 0.000141 0.012098
2 1 0.003162 0.362785 0.620696 0.000055 0.013302
2 1 0.008356 0.426278 0.531271 0.000006 0.034088
1 1 0.129042 0.451105 0.368371 0.001738 0.049743
1 1 0.041114 0.497500 0.351274 0.000368 0.109744
2 1 0.032414 0.210911 0.657032 0.023358 0.076286
0 1 0.557554 0.177258 0.042485 0.000382 0.222321
2 1 0.017179 0.348066 0.576868 0.005615 0.052272
2 4 0.220430 0.269057 0.434328 0.002961 0.073225
1 4 0.067860 0.422844 0.354045 0.000508 0.154742
2 1 0.029490 0.356930 0.546898 0.001226 0.065456
0 1 0.662202 0.245193 0.081116 0.004195 0.007295
1 1 0.312600 0.334273 0.311574 0.017987 0.023566
4 1 0.011368 0.242139 0.103517 0.002396 0.640579
1 1 0.009288 0.468869 0.309566 0.003185 0.209092
1 1 0.065934 0.495024 0.162571 0.000059 0.276413
1 4 0.244591 0.443585 0.094011 0.000025 0.217788
4 4 0.393100 0.023710 0.012255 0.000001 0.570935
1 4 0.121378 0.522554 0.257886 0.000322 0.097859
2 4 0.182831 0.179671 0.529640 0.005891 0.101967
0 4 0.426123 0.292372 0.170471 0.000221 0.110813
0 4 0.438377 0.223869 0.184775 0.000172 0.152808
0 4 0.688347 0.082286 0.191786 0.000025 0.037556
1 4 0.069521 0.440446 0.243008 0.000067 0.246958
0 4 0.418353 0.295578 0.139947 0.000033 0.146089
0 4 0.893193 0.009042 0.009422 0.000137 0.088206
4 0 0.121652 0.015381 0.008536 0.000033 0.854398
0 0 0.861313 0.007897 0.006525 0.000034 0.124230
0 0 0.847254 0.091193 0.027881 0.000012 0.033660
0 0 0.988689 0.005289 0.002171 0.000004 0.003847
1 0 0.189253 0.560359 0.104635 0.000250 0.145504
2 0 0.004992 0.222770 0.765191 0.000453 0.006595
2 1 0.005319 0.160089 0.819949 0.003898 0.010745
1 1 0.087481 0.509874 0.122704 0.001029 0.278912
1 1 0.280370 0.395082 0.085366 0.002079 0.237104
1 4 0.032219 0.504713 0.389010 0.000806 0.073252
2 4 0.001634 0.088188 0.896784 0.004210 0.009184
4 4 0.020763 0.186101 0.167827 0.000899 0.624409
2 4 0.020879 0.392319 0.465452 0.005415 0.115935
2 4 0.005251 0.312193 0.611864 0.002340 0.068351
2 4 0.004935 0.133316 0.727677 0.066924 0.067148
2 4 0.001170 0.333269 0.410561 0.001525 0.253475
1 4 0.004297 0.571371 0.206802 0.000352 0.217178
1 4 0.005657 0.363207 0.279864 0.003746 0.347526
2 4 0.016926 0.385824 0.511943 0.002746 0.082561
2 4 0.002319 0.165902 0.740004 0.011943 0.079833
2 4 0.002054 0.257180 0.571636 0.006030 0.163099
4 4 0.007697 0.283852 0.126975 0.006647 0.574829
1 4 0.030060 0.388945 0.351470 0.001520 0.228004
4 4 0.007427 0.311346 0.187206 0.000892 0.493128
4 4 0.008226 0.058026 0.076605 0.000207 0.856935
4 4 0.013128 0.034209 0.106699 0.000104 0.845860
4 4 0.018872 0.353739 0.228970 0.008084 0.390334
1 4 0.139079 0.659294 0.170168 0.000029 0.031429
2 4 0.002736 0.342722 0.600314 0.000593 0.053634
2 4 0.005790 0.188808 0.779727 0.003715 0.021961
2 1 0.014911 0.137287 0.814529 0.001282 0.031991
2 1 0.034350 0.275280 0.672678 0.000337 0.017354
2 1 0.000856 0.277770 0.618833 0.000104 0.102436
2 1 0.001616 0.190026 0.780822 0.001759 0.025777
1 1 0.057127 0.376005 0.225895 0.003456 0.337517
1 1 0.006629 0.531525 0.423375 0.000101 0.038370
2 1 0.005155 0.341177 0.629889 0.000235 0.023544
4 1 0.029203 0.094107 0.031209 0.000186 0.845295
1 0 0.066933 0.371141 0.350313 0.001230 0.210383
1 1 0.033499 0.498559 0.427093 0.000777 0.040071
1 1 0.026187 0.474152 0.382219 0.003365 0.114077
1 1 0.021082 0.583154 0.258828 0.001439 0.135497
1 1 0.018145 0.513948 0.337952 0.001843 0.128112
2 1 0.037607 0.204160 0.634728 0.057620 0.065885
2 1 0.015615 0.393693 0.559703 0.000493 0.030495
1 1 0.063765 0.589785 0.336665 0.000081 0.009704
1 1 0.079153 0.578430 0.316392 0.000518 0.025507
1 1 0.359457 0.532536 0.070546 0.000082 0.037378
1 0 0.340574 0.532210 0.065545 0.000117 0.061555
1 0 0.307142 0.377685 0.288089 0.000892 0.026193
1 1 0.107868 0.541984 0.329839 0.001439 0.018870
1 0 0.296814 0.469251 0.153877 0.001228 0.078830
1 0 0.050869 0.485384 0.415458 0.001531 0.046757
1 0 0.109447 0.470116 0.304694 0.000289 0.115455
1 0 0.094781 0.600385 0.134816 0.001073 0.168945
1 1 0.155581 0.519976 0.151308 0.001730 0.171406
1 0 0.167867 0.576876 0.143652 0.000598 0.111007
0 0 0.740417 0.127970 0.062556 0.000031 0.069026
0 0 0.988329 0.004466 0.001851 0.000005 0.005348
0 0 0.467498 0.317554 0.208538 0.000389 0.006021
0 0 0.457452 0.328828 0.198059 0.000594 0.015067
0 1 0.496743 0.274674 0.208698 0.001461 0.018424
1 1 0.240350 0.527096 0.219353 0.000485 0.012716
2 0 0.075466 0.313458 0.551400 0.001964 0.057711
0 0 0.878639 0.052588 0.018157 0.000186 0.050430
2 0 0.015840 0.154867 0.789264 0.004636 0.035393
2 1 0.025693 0.417791 0.514040 0.001266 0.041209
2 1 0.011253 0.313032 0.633694 0.000335 0.041686
1 1 0.097620 0.598600 0.271661 0.000739 0.031379
2 1 0.029120 0.437246 0.506467 0.000812 0.026355
1 1 0.025025 0.502363 0.393357 0.002569 0.076686
1 1 0.014617 0.511271 0.434282 0.000262 0.039569
1 1 0.083912 0.537251 0.338181 0.001486 0.039170
1 1 0.044692 0.464134 0.349922 0.002042 0.139210
2 1 0.015181 0.390438 0.498713 0.002756 0.092911
2 1 0.012781 0.424056 0.456678 0.002971 0.103514
2 1 0.011344 0.297009 0.641565 0.002755 0.047328
2 1 0.003514 0.380987 0.498586 0.000716 0.116196
2 2 0.000334 0.244373 0.728810 0.000045 0.026437
2 2 0.000328 0.044106 0.950373 0.000881 0.004312
2 2 0.003787 0.221119 0.757809 0.000613 0.016671
2 2 0.054255 0.397593 0.468265 0.001420 0.078468
2 2 0.004978 0.113731 0.862581 0.006326 0.012384
2 2 0.002386 0.090534 0.902531 0.000890 0.003659
2 2 0.000453 0.098219 0.892332 0.000527 0.008468
2 2 0.000265 0.078530 0.895488 0.001991 0.023725
2 2 0.000983 0.092712 0.890158 0.002169 0.013978
2 2 0.000468 0.036065 0.958578 0.002615 0.002275
2 2 0.000194 0.028749 0.968489 0.001319 0.001250
2 2 0.000520 0.162293 0.825520 0.000288 0.011379
2 2 0.000802 0.030999 0.960653 0.006859 0.000688
2 2 0.004580 0.292471 0.682002 0.000678 0.020269
2 2 0.000677 0.025147 0.921608 0.051319 0.001249
2 2 0.001408 0.038942 0.937329 0.020010 0.002310
2 2 0.002472 0.032397 0.903407 0.059591 0.002134
2 2 0.004299 0.056077 0.871964 0.061141 0.006519
2 2 0.003702 0.056042 0.904764 0.031899 0.003592
2 2 0.000190 0.030605 0.940888 0.021182 0.007134
2 2 0.001508 0.096207 0.865048 0.022763 0.014474
2 2 0.000615 0.072396 0.837165 0.055303 0.034521
2 2 0.000160 0.024305 0.943144 0.028154 0.004237
2 2 0.000092 0.013663 0.938810 0.044725 0.002710
2 2 0.000208 0.067330 0.886293 0.016445 0.029723
2 2 0.000023 0.001959 0.815416 0.182419 0.000182
2 2 0.000367 0.010358 0.559438 0.426498 0.003340
2 2 0.000229 0.006248 0.891803 0.101482 0.000238
2 2 0.000156 0.007391 0.851440 0.140465 0.000548
2 2 0.000148 0.008077 0.503265 0.485608 0.002902
2 3 0.000068 0.008600 0.704491 0.284019 0.002823
2 3 0.000011 0.005135 0.882201 0.109000 0.003653
3 3 0.000053 0.002651 0.190249 0.805902 0.001145
3 3 0.000028 0.001070 0.127147 0.871381 0.000374
3 3 0.000007 0.000813 0.146690 0.852179 0.000310
3 3 0.000001 0.000086 0.155149 0.844754 0.000010
3 3 0.000003 0.000345 0.145537 0.854014 0.000101
3 3 0.000020 0.000160 0.012757 0.986981 0.000082
3 3 0.000010 0.000451 0.132983 0.866432 0.000124
3 3 0.000086 0.000773 0.034291 0.964495 0.000355
3 3 0.000000 0.000054 0.120944 0.878992 0.000009
3 3 0.000005 0.000135 0.125668 0.874187 0.000005
3 3 0.000007 0.000216 0.070291 0.929426 0.000059
3 3 0.000005 0.000092 0.017697 0.982170 0.000036
3 3 0.000019 0.000164 0.012299 0.987435 0.000084
3 3 0.000006 0.000302 0.166390 0.833237 0.000066
3 3 0.000002 0.000040 0.016701 0.983245 0.000012
3 3 0.000005 0.000062 0.011404 0.988504 0.000025
3 3 0.000004 0.000097 0.035805 0.964077 0.000017
3 3 0.000006 0.000198 0.036497 0.963222 0.000078
3 3 0.000007 0.000061 0.007438 0.992465 0.000029
3 3 0.000000 0.000007 0.002662 0.997327 0.000003
3 3 0.000007 0.000059 0.007580 0.992327 0.000027
3 3 0.000003 0.000033 0.005534 0.994415 0.000015
3 3 0.000056 0.001331 0.041780 0.955939 0.000894
3 3 0.000010 0.000143 0.022896 0.976896 0.000054
3 3 0.000001 0.000014 0.004124 0.995855 0.000006
3 3 0.000002 0.000050 0.009595 0.990330 0.000022
3 3 0.000001 0.000053 0.018868 0.981058 0.000019
3 3 0.000000 0.000009 0.007956 0.992032 0.000003
3 3 0.000000 0.000003 0.012144 0.987852 0.000000
3 3 0.000005 0.000043 0.006247 0.993686 0.000019
3 3 0.000005 0.000066 0.009438 0.990461 0.000030
3 3 0.000019 0.000139 0.011008 0.988765 0.000069
3 3 0.000003 0.000107 0.012260 0.987570 0.000059
3 3 0.000000 0.000007 0.005637 0.994353 0.000002
3 3 0.000084 0.000499 0.020263 0.978884 0.000270
3 3 0.000009 0.000083 0.008836 0.991032 0.000040
3 3 0.000004 0.000055 0.012693 0.987227 0.000021
3 3 0.000000 0.000034 0.024487 0.975468 0.000010
3 3 0.000001 0.000007 0.002612 0.997377 0.000003
3 3 0.000000 0.000005 0.002220 0.997773 0.000002
3 3 0.000000 0.000006 0.002443 0.997549 0.000002
3 3 0.000001 0.000022 0.005054 0.994912 0.000010
3 3 0.000000 0.000003 0.002144 0.997853 0.000001
3 3 0.000000 0.000006 0.017851 0.982142 0.000001
3 3 0.000006 0.000579 0.052513 0.946568 0.000335
3 3 0.000001 0.000068 0.019176 0.980727 0.000029
3 3 0.000019 0.000391 0.037677 0.961737 0.000176
3 3 0.000006 0.000096 0.010240 0.989609 0.000049
3 3 0.000002 0.000057 0.013817 0.986101 0.000023
3 3 0.000000 0.000004 0.002423 0.997570 0.000002
3 3 0.000047 0.001726 0.110814 0.886596 0.000817
3 3 0.000000 0.000003 0.005221 0.994775 0.000001
3 3 0.000001 0.000013 0.003574 0.996406 0.000006
3 3 0.000002 0.000039 0.006730 0.993210 0.000019
3 3 0.000004 0.000081 0.009925 0.989947 0.000042
3 3 0.000027 0.000196 0.013062 0.986615 0.000100
3 3 0.000012 0.000165 0.013295 0.986440 0.000088
3 3 0.000000 0.000000 0.000518 0.999481 0.000000
3 3 0.000000 0.000005 0.010916 0.989077 0.000001
3 3 0.000000 0.000022 0.007679 0.992288 0.000010
3 3 0.000001 0.000019 0.004737 0.995235 0.000009
3 3 0.000093 0.000543 0.021101 0.977967 0.000295
3 3 0.000001 0.000007 0.002683 0.997306 0.000003
3 3 0.000001 0.000011 0.003214 0.996770 0.000004
3 3 0.000000 0.000013 0.007430 0.992552 0.000005
3 3 0.000001 0.000015 0.004045 0.995933 0.000007
3 3 0.000000 0.000009 0.007073 0.992915 0.000003
3 3 0.000005 0.000120 0.012513 0.987296 0.000066
3 3 0.000001 0.000018 0.011336 0.988641 0.000005
3 3 0.000000 0.000001 0.003838 0.996161 0.000000
3 3 0.000015 0.001954 0.130701 0.866222 0.001108
3 3 0.000052 0.001192 0.177405 0.821039 0.000312
2 3 0.000823 0.030165 0.800759 0.163188 0.005064
2 3 0.000550 0.023440 0.942530 0.031763 0.001718
2 3 0.000869 0.040875 0.722702 0.217215 0.018340
2 2 0.000052 0.037333 0.937365 0.011173 0.014078
2 2 0.005647 0.133552 0.792713 0.037563 0.030525
2 2 0.001765 0.057647 0.925685 0.008995 0.005907
2 2 0.005573 0.219031 0.736713 0.002934 0.035749
2 2 0.002818 0.183809 0.715243 0.009616 0.088514
2 1 0.001687 0.328006 0.396604 0.003434 0.270269
1 1 0.005738 0.363363 0.334893 0.004656 0.291351
2 1 0.001532 0.304933 0.467611 0.003181 0.222744
2 1 0.003032 0.221679 0.607142 0.022136 0.146011
2 1 0.002041 0.139264 0.749825 0.034643 0.074227
4 1 0.001738 0.310275 0.343304 0.000438 0.344246
2 1 0.000899 0.282746 0.514844 0.002468 0.199042
4 1 0.005572 0.226539 0.351954 0.011088 0.404847
1 1 0.049593 0.461082 0.337026 0.015210 0.137090
2 1 0.003574 0.313964 0.418756 0.009437 0.254268
2 1 0.001619 0.228824 0.605932 0.010947 0.152679
2 1 0.001577 0.274810 0.555850 0.002465 0.165299
2 1 0.002297 0.423783 0.428079 0.000395 0.145446
1 1 0.008323 0.536728 0.422983 0.000078 0.031887
2 1 0.003676 0.204720 0.697763 0.009045 0.084797
4 1 0.001651 0.260812 0.349296 0.001394 0.386846
2 1 0.001608 0.133267 0.759765 0.033737 0.071624
4 4 0.077454 0.053423 0.176745 0.033573 0.658804
4 4 0.069937 0.158301 0.048110 0.001201 0.722451
2 4 0.005589 0.266900 0.465516 0.003971 0.258024
4 4 0.007834 0.138777 0.274979 0.001545 0.576864
4 4 0.067040 0.050107 0.196286 0.039982 0.646586
4 4 0.045814 0.008127 0.021955 0.000194 0.923910
4 4 0.208725 0.020777 0.015903 0.000154 0.754441
4 4 0.031784 0.033071 0.040115 0.001159 0.893871
4 4 0.021561 0.035002 0.012657 0.000125 0.930656
2 4 0.010220 0.236463 0.410136 0.010732 0.332449
4 4 0.111174 0.010975 0.034907 0.000976 0.841967
4 4 0.086504 0.010956 0.036305 0.000967 0.865268
4 4 0.010547 0.024794 0.222800 0.000531 0.741327
4 4 0.004039 0.109061 0.045845 0.000093 0.840963
4 4 0.014952 0.162229 0.238440 0.000183 0.584196
4 4 0.035248 0.153990 0.197114 0.013426 0.600222
4 4 0.004378 0.069165 0.063162 0.000064 0.863230
4 4 0.006175 0.020598 0.019991 0.000009 0.953227
4 4 0.046461 0.016698 0.018056 0.000085 0.918700
4 4 0.020186 0.110371 0.088998 0.000945 0.779499
2 4 0.010971 0.164620 0.461837 0.025330 0.337241
2 4 0.001336 0.319122 0.370422 0.000268 0.308852
1 4 0.049221 0.512076 0.237610 0.000072 0.201022
2 4 0.045141 0.308930 0.384643 0.003172 0.258113
2 4 0.004490 0.307584 0.507682 0.004203 0.176040
2 4 0.285190 0.235851 0.316840 0.059303 0.102815
1 4 0.062808 0.605017 0.090042 0.004141 0.237991
4 4 0.004650 0.072470 0.087799 0.000128 0.834952
2 4 0.128977 0.133161 0.386148 0.017913 0.333802
2 4 0.002376 0.093459 0.837948 0.030136 0.036081
2 1 0.004759 0.129308 0.766694 0.041370 0.057869
1 1 0.010316 0.519494 0.324368 0.000550 0.145272
1 1 0.017331 0.571707 0.155313 0.001893 0.253756
1 1 0.020825 0.451101 0.318489 0.006390 0.203194
2 1 0.015845 0.350596 0.498755 0.006701 0.128102
2 1 0.004210 0.168296 0.753207 0.007377 0.066911
2 1 0.001158 0.175425 0.739696 0.003504 0.080217
2 1 0.001551 0.237462 0.636896 0.002282 0.121808
2 1 0.000564 0.064959 0.861674 0.044600 0.028203
2 1 0.019072 0.245091 0.565514 0.025683 0.144640
2 1 0.003849 0.429365 0.443540 0.000761 0.122485
2 1 0.001534 0.136966 0.824823 0.003591 0.033086
2 1 0.003364 0.216031 0.733170 0.001209 0.046226
2 1 0.001701 0.118658 0.853606 0.005087 0.020948
2 1 0.007355 0.175298 0.775934 0.007824 0.033589
2 1 0.002497 0.180057 0.784341 0.002306 0.030800
2 1 0.000912 0.126372 0.816062 0.005216 0.051438
2 1 0.003346 0.266479 0.590654 0.002859 0.136662
2 1 0.001863 0.091914 0.842539 0.027579 0.036106
2 1 0.003503 0.200084 0.702849 0.005247 0.088316
2 1 0.000235 0.024165 0.962881 0.008986 0.003734
2 1 0.030276 0.087499 0.875797 0.000287 0.006140
1 1 0.259848 0.456114 0.255753 0.000251 0.028033
1 1 0.077553 0.479213 0.397815 0.000752 0.044668
2 1 0.000934 0.157738 0.773376 0.002510 0.065442
2 1 0.020236 0.248143 0.538271 0.045392 0.147958
3 1 0.024496 0.165391 0.316317 0.350875 0.142920
2 1 0.009760 0.323775 0.388527 0.018669 0.259268
2 1 0.000669 0.185577 0.704314 0.000490 0.108950
2 1 0.001817 0.130560 0.810797 0.006775 0.050051
2 1 0.003180 0.353175 0.386473 0.002258 0.254914
2 1 0.003113 0.176172 0.756584 0.006039 0.058091
2 1 0.000358 0.042715 0.938615 0.010047 0.008265
2 1 0.006305 0.219540 0.631375 0.020717 0.122064
2 1 0.001496 0.117073 0.868086 0.001771 0.011574
2 1 0.000466 0.036232 0.945132 0.012316 0.005854
2 1 0.001228 0.223058 0.746280 0.000442 0.028992
2 2 0.001169 0.066309 0.914069 0.000709 0.017743
2 2 0.000955 0.330281 0.632189 0.000033 0.036542
2 2 0.000485 0.093830 0.865496 0.008709 0.031480
2 2 0.000234 0.028247 0.955873 0.005418 0.010227
2 2 0.000371 0.088469 0.901707 0.000486 0.008967
2 2 0.000674 0.043155 0.944566 0.008510 0.003095
2 2 0.000254 0.046471 0.950158 0.000658 0.002459
2 2 0.000106 0.097968 0.891840 0.000064 0.010021
2 2 0.000203 0.040139 0.945684 0.006363 0.007611
2 2 0.000455 0.064238 0.931760 0.000283 0.003265
2 2 0.000305 0.111542 0.851010 0.002512 0.034632
2 2 0.025121 0.181694 0.755334 0.003763 0.034089
2 2 0.000569 0.047098 0.935629 0.010425 0.006279
2 2 0.000311 0.029369 0.955978 0.011418 0.002924
2 2 0.000489 0.052171 0.936369 0.002699 0.008272
2 2 0.000859 0.042970 0.944011 0.007450 0.004711
2 2 0.001438 0.100239 0.890233 0.000832 0.007257
2 2 0.008184 0.152096 0.725820 0.064167 0.049733
2 2 0.000021 0.007626 0.949048 0.041512 0.001794
2 2 0.000485 0.054331 0.939002 0.002129 0.004053
2 2 0.008387 0.117234 0.862990 0.007108 0.004281
2 2 0.000134 0.034283 0.951727 0.007697 0.006159
2 2 0.000678 0.088442 0.742925 0.001407 0.166549
2 2 0.000313 0.021222 0.927719 0.048697 0.002049
2 2 0.002394 0.195728 0.781383 0.001084 0.019410
2 2 0.005439 0.155261 0.823768 0.003963 0.011569
2 2 0.000679 0.069526 0.924890 0.001812 0.003092
2 2 0.000877 0.068456 0.899592 0.015698 0.015376
2 2 0.003578 0.051872 0.932695 0.010261 0.001594
2 2 0.000258 0.014780 0.972746 0.011336 0.000881
2 2 0.000021 0.006085 0.992090 0.001505 0.000298
2 2 0.002191 0.092329 0.894447 0.003978 0.007055
2 2 0.000474 0.028021 0.945123 0.022656 0.003726
2 2 0.009426 0.163281 0.773419 0.033455 0.020419
2 2 0.269022 0.323827 0.377973 0.002802 0.026376
2 2 0.015187 0.099998 0.882913 0.000916 0.000986
2 2 0.002922 0.104234 0.878959 0.007700 0.006184
1 0 0.174121 0.411318 0.301755 0.000020 0.112786
4 1 0.023744 0.320313 0.315774 0.007975 0.332195
1 1 0.034681 0.600037 0.281035 0.001075 0.083172
0 1 0.407446 0.288660 0.172443 0.000479 0.130972
4 1 0.164827 0.283805 0.188465 0.001643 0.361260
2 1 0.005673 0.121716 0.733309 0.080768 0.058533
2 1 0.026710 0.348597 0.504093 0.000283 0.120317
1 1 0.025840 0.546900 0.298048 0.000043 0.129168
1 1 0.224289 0.485452 0.250057 0.003167 0.037035
1 1 0.024842 0.414246 0.366742 0.009948 0.184222
1 1 0.016731 0.585755 0.342493 0.000512 0.054509
2 1 0.003608 0.213761 0.750145 0.000962 0.031523
1 1 0.030246 0.461395 0.459308 0.001228 0.047824
1 1 0.054413 0.445895 0.416948 0.005983 0.076761
2 1 0.011808 0.219088 0.720561 0.005052 0.043491
2 1 0.025490 0.273264 0.654597 0.009540 0.037109
2 2 0.016755 0.326728 0.647087 0.000572 0.008857
2 2 0.005519 0.090898 0.786300 0.097925 0.019358
1 2 0.055089 0.612861 0.307564 0.000253 0.024233
1 1 0.063906 0.731608 0.186599 0.000068 0.017819
1 1 0.186881 0.581687 0.158239 0.003909 0.069284
1 1 0.026845 0.466942 0.334807 0.002193 0.169214
2 1 0.019423 0.368627 0.511023 0.004750 0.096177
2 1 0.002754 0.098593 0.886317 0.003775 0.008560
1 1 0.004759 0.445071 0.361938 0.001770 0.186462
0 1 0.632242 0.121506 0.049946 0.000771 0.195535
2 1 0.024277 0.279306 0.523723 0.019593 0.153100
1 1 0.017452 0.377896 0.318036 0.014666 0.271951
2 1 0.054772 0.365951 0.502381 0.009412 0.067484
2 1 0.003571 0.299032 0.663323 0.000303 0.033770
2 1 0.006995 0.352990 0.364349 0.006135 0.269531
1 1 0.020010 0.403641 0.268449 0.018220 0.289679
1 1 0.030279 0.368248 0.319181 0.003049 0.279244
1 1 0.060011 0.516542 0.323871 0.001145 0.098430
2 1 0.012540 0.432617 0.483989 0.000434 0.070420
1 1 0.040706 0.460693 0.386937 0.005611 0.106052
2 1 0.004932 0.131196 0.846180 0.000453 0.017240
0 1 0.892392 0.061941 0.020829 0.000071 0.024767
2 1 0.030617 0.176471 0.556888 0.089133 0.146891
2 1 0.017522 0.189144 0.597758 0.114339 0.081237
2 1 0.002427 0.119399 0.842752 0.004565 0.030858
1 1 0.035703 0.466015 0.401293 0.003865 0.093124
2 1 0.018504 0.208280 0.658820 0.005262 0.109134
2 1 0.002620 0.182372 0.741222 0.002375 0.071411
2 1 0.003310 0.153910 0.715492 0.043019 0.084268
2 1 0.012965 0.142982 0.576627 0.121928 0.145498
2 1 0.001900 0.239768 0.727332 0.000201 0.030800
2 1 0.001954 0.200985 0.705815 0.000772 0.090473
2 1 0.007967 0.420955 0.511952 0.000233 0.058894
2 4 0.014792 0.244023 0.451039 0.000412 0.289734
4 4 0.002815 0.042856 0.300323 0.000350 0.653657
4 4 0.027136 0.207434 0.253723 0.013752 0.497954
4 4 0.064661 0.161429 0.082113 0.005859 0.685937
4 4 0.122924 0.153954 0.096189 0.000195 0.626739
0 4 0.506789 0.069374 0.145034 0.001225 0.277578
4 4 0.018772 0.085772 0.116964 0.001500 0.776992
4 4 0.120891 0.040241 0.056308 0.000518 0.782043
0 4 0.789823 0.053785 0.037308 0.000020 0.119064
0 4 0.664170 0.034261 0.082401 0.000009 0.219159
4 4 0.046317 0.024013 0.014294 0.000170 0.915205
4 4 0.440201 0.018193 0.011913 0.000056 0.529637
4 4 0.075209 0.189883 0.214869 0.001267 0.518772
4 4 0.005633 0.156875 0.120026 0.000620 0.716846
4 4 0.033020 0.037082 0.220534 0.003056 0.706308
4 4 0.068752 0.015633 0.057320 0.000666 0.857629
4 4 0.129758 0.080171 0.059603 0.004868 0.725600
4 4 0.010219 0.009892 0.003190 0.000006 0.976692
0 4 0.487649 0.021627 0.016539 0.000151 0.474034
4 4 0.332895 0.008121 0.011314 0.000041 0.647628
4 4 0.148804 0.002130 0.002658 0.000006 0.846401
0 4 0.595709 0.003521 0.006540 0.000034 0.394196
4 4 0.107265 0.181229 0.155366 0.000008 0.556132
4 4 0.042467 0.095450 0.077490 0.000121 0.784471
4 4 0.023384 0.037026 0.019980 0.000297 0.919313
4 4 0.111533 0.057050 0.153827 0.011974 0.665616
0 4 0.497372 0.016840 0.021436 0.000577 0.463775
4 4 0.098584 0.180468 0.084009 0.000235 0.636703
2 4 0.293006 0.224276 0.315812 0.021151 0.145755
0 4 0.607951 0.109888 0.162269 0.000271 0.119621
1 4 0.172912 0.480317 0.267046 0.000227 0.079499
0 4 0.612440 0.131250 0.238536 0.002428 0.015348
2 4 0.116515 0.343714 0.424235 0.000771 0.114766
4 4 0.005435 0.087536 0.419581 0.003689 0.483759
2 4 0.002199 0.165612 0.439215 0.001018 0.391957
2 4 0.002940 0.308890 0.585434 0.000045 0.102691
2 4 0.025345 0.343059 0.591437 0.002009 0.038150
2 4 0.026367 0.354851 0.467576 0.016714 0.134492
1 4 0.033329 0.582932 0.310484 0.000024 0.073232
2 4 0.011215 0.244460 0.456569 0.002473 0.285282
2 4 0.002625 0.317369 0.564655 0.000993 0.114358
2 4 0.005120 0.351755 0.525115 0.001502 0.116508
2 4 0.002964 0.098395 0.855760 0.017573 0.025307
2 1 0.000287 0.243292 0.681630 0.000078 0.074712
2 1 0.000901 0.264077 0.641856 0.000338 0.092828
2 1 0.001520 0.336380 0.614168 0.000131 0.047802
2 1 0.002300 0.373303 0.440614 0.000851 0.182932
2 1 0.006252 0.171628 0.709820 0.028929 0.083371
2 1 0.003363 0.358299 0.620603 0.000065 0.017670
1 1 0.014876 0.568003 0.259087 0.000486 0.157548
2 1 0.248687 0.275451 0.344849 0.026803 0.104210
1 1 0.017747 0.453693 0.353145 0.003278 0.172138
2 1 0.003184 0.101114 0.848358 0.028438 0.018907
2 2 0.002529 0.240677 0.686530 0.003135 0.067129
2 2 0.004301 0.068380 0.857673 0.051043 0.018603
2 2 0.000205 0.031464 0.905744 0.051472 0.011114
2 2 0.001394 0.164697 0.718618 0.019670 0.095621
2 2 0.000701 0.106037 0.848340 0.004926 0.039996
2 2 0.000900 0.037561 0.916925 0.038763 0.005851
2 2 0.000454 0.054000 0.927261 0.009543 0.008742
2 2 0.000490 0.048932 0.885859 0.007805 0.056914
2 2 0.000281 0.121835 0.827069 0.001641 0.049174
2 2 0.001840 0.165030 0.794305 0.003751 0.035074
2 2 0.000112 0.034030 0.948317 0.012526 0.005015
2 2 0.000560 0.051235 0.919381 0.015971 0.012853
2 2 0.000957 0.038705 0.900760 0.048122 0.011456
2 2 0.000298 0.042382 0.933322 0.011459 0.012540
2 2 0.000423 0.051603 0.889498 0.038457 0.020019
2 2 0.000259 0.051844 0.939619 0.002188 0.006089
2 2 0.000005 0.005705 0.990704 0.002990 0.000596
2 2 0.000001 0.001235 0.989344 0.009261 0.000160
2 2 0.000133 0.019255 0.951412 0.026028 0.003171
2 2 0.000611 0.027155 0.905187 0.062087 0.004961
2 2 0.000013 0.006111 0.953803 0.038701 0.001371
2 2 0.000044 0.010866 0.960328 0.026880 0.001881
2 2 0.000141 0.027818 0.932039 0.031089 0.008913
2 2 0.000134 0.027074 0.914825 0.048581 0.009386
2 2 0.000080 0.068376 0.903039 0.002460 0.026045
2 2 0.000069 0.023831 0.932510 0.035413 0.008177
2 2 0.000066 0.010815 0.920775 0.065857 0.002487
2 2 0.000309 0.035184 0.885434 0.066144 0.012929
2 2 0.000718 0.081581 0.855335 0.027031 0.035335
2 2 0.000080 0.035692 0.917609 0.031948 0.014671
2 2 0.000237 0.049426 0.884945 0.044046 0.021347
2 2 0.000071 0.020978 0.903003 0.068350 0.007599
2 3 0.000052 0.010366 0.869261 0.117277 0.003044
2 3 0.000030 0.020249 0.952671 0.020375 0.006676
2 3 0.000363 0.013962 0.630384 0.350483 0.004809
3 3 0.000234 0.007188 0.473575 0.516793 0.002210
2 3 0.000006 0.000637 0.655750 0.343575 0.000031
3 3 0.000006 0.000294 0.208557 0.791112 0.000032
2 3 0.000001 0.001354 0.804977 0.193372 0.000295
2 3 0.000221 0.021889 0.875292 0.095501 0.007097
2 3 0.000212 0.014144 0.836557 0.145960 0.003127
2 3 0.000825 0.069358 0.878302 0.025316 0.026198
2 3 0.000155 0.029382 0.961944 0.005629 0.002891
2 2 0.000525 0.083038 0.907399 0.004348 0.004690
2 2 0.000064 0.005465 0.973720 0.020626 0.000126
2 2 0.000161 0.007363 0.895405 0.096598 0.000474
2 2 0.000099 0.035763 0.953212 0.006267 0.004659
2 2 0.003052 0.038232 0.920362 0.036420 0.001933
2 2 0.000029 0.005754 0.971142 0.022798 0.000278
2 2 0.000454 0.018073 0.913772 0.066465 0.001236
2 2 0.000077 0.013692 0.961554 0.023883 0.000793
2 3 0.000802 0.014676 0.977984 0.002354 0.004184
2 3 0.017733 0.142349 0.821420 0.008273 0.010225
2 3 0.000065 0.003822 0.828207 0.167522 0.000383
2 3 0.000257 0.014513 0.952898 0.031603 0.000729
2 3 0.000264 0.015415 0.793648 0.185947 0.004727
2 3 0.001442 0.059102 0.779508 0.138470 0.021477
2 3 0.002003 0.015018 0.776304 0.204423 0.002252
2 3 0.000093 0.002107 0.786432 0.211205 0.000163
2 3 0.000052 0.011403 0.803279 0.182709 0.002557
2 3 0.000115 0.013992 0.777277 0.203758 0.004857
2 3 0.000017 0.001087 0.565992 0.432859 0.000045
2 3 0.000032 0.011347 0.967808 0.018894 0.001919
3 3 0.000005 0.000539 0.487424 0.511945 0.000086
2 3 0.000031 0.010863 0.923417 0.062563 0.003126
2 3 0.000005 0.002051 0.818843 0.178670 0.000431
2 3 0.000008 0.002771 0.506350 0.489919 0.000952
3 3 0.000256 0.007451 0.196568 0.791605 0.004121
3 3 0.000124 0.001195 0.069172 0.929060 0.000449
3 3 0.000002 0.000111 0.112523 0.887343 0.000022
2 3 0.000010 0.006987 0.674062 0.315900 0.003042
3 3 0.000001 0.000190 0.174493 0.825271 0.000044
3 3 0.000004 0.000720 0.093124 0.905789 0.000362
3 3 0.000069 0.002688 0.398087 0.598641 0.000515
3 3 0.000045 0.000558 0.024263 0.974806 0.000327
