4 0 0.047264 0.362288 0.158672 0.000086 0.431691
4 0 0.246027 0.094753 0.130491 0.000165 0.528565
0 0 0.622025 0.120473 0.160016 0.000261 0.097226
0 0 0.909969 0.042888 0.023318 0.007369 0.016456
0 0 0.982773 0.004252 0.001425 0.000010 0.011540
0 0 0.971929 0.020032 0.007088 0.000220 0.000731
0 0 0.828883 0.136970 0.031433 0.000006 0.002708
0 0 0.988991 0.003103 0.001774 0.005664 0.000468
0 0 0.672066 0.254181 0.065456 0.000016 0.008280
0 0 0.481693 0.370287 0.137888 0.000008 0.010123
0 0 0.994637 0.002862 0.001024 0.000024 0.001453
0 0 0.997380 0.001793 0.000631 0.000043 0.000154
0 0 0.996138 0.002718 0.000848 0.000024 0.000272
0 0 0.736787 0.159288 0.067182 0.000621 0.036123
2 1 0.045935 0.235690 0.611457 0.000005 0.106913
4 1 0.016951 0.149163 0.400313 0.000006 0.433568
2 1 0.001668 0.043171 0.767344 0.000010 0.187807
4 1 0.001085 0.072609 0.101619 0.000003 0.824684
2 1 0.015497 0.121607 0.485089 0.000082 0.377725
4 1 0.119849 0.070422 0.025535 0.000005 0.784188
4 1 0.228318 0.056346 0.035652 0.000003 0.679680
4 1 0.037761 0.414400 0.108877 0.000001 0.438961
4 1 0.005813 0.120668 0.029157 0.000000 0.844361
4 1 0.003776 0.120737 0.058135 0.000000 0.817352
4 1 0.168892 0.279239 0.122558 0.000004 0.429307
0 1 0.722338 0.135630 0.045204 0.000052 0.096775
2 1 0.002054 0.144291 0.442590 0.000009 0.411056
4 1 0.003059 0.181099 0.151331 0.000000 0.664511
4 4 0.003319 0.028706 0.171573 0.000298 0.796104
4 4 0.036210 0.031009 0.060965 0.000018 0.871798
4 4 0.121436 0.114161 0.238155 0.000922 0.525326
0 4 0.698655 0.031778 0.013597 0.000145 0.255825
0 4 0.546575 0.083096 0.041030 0.001018 0.328281
4 4 0.157138 0.013540 0.006671 0.000058 0.822594
0 4 0.306525 0.264449 0.301170 0.000033 0.127823
0 4 0.790765 0.147249 0.054232 0.000443 0.007310
0 4 0.539664 0.325605 0.128225 0.000192 0.006315
1 4 0.037953 0.533631 0.142465 0.000001 0.285950
4 4 0.094714 0.347949 0.167465 0.000541 0.389331
4 4 0.101389 0.091715 0.111579 0.000150 0.695166
1 4 0.008078 0.421368 0.314422 0.000000 0.256132
2 4 0.001843 0.238388 0.662388 0.000002 0.097380
4 4 0.005544 0.079173 0.344866 0.000015 0.570403
2 4 0.009417 0.152641 0.781731 0.000879 0.055331
0 4 0.496122 0.303527 0.170835 0.001022 0.028495
4 4 0.084011 0.107985 0.038513 0.000009 0.769483
4 4 0.035934 0.211865 0.054321 0.000000 0.697880
2 4 0.002614 0.059225 0.746665 0.000234 0.191261
2 4 0.021634 0.406174 0.515417 0.000054 0.056721
4 4 0.006312 0.147100 0.045061 0.000000 0.801526
1 4 0.122608 0.427111 0.209805 0.000000 0.240475
2 4 0.092837 0.301885 0.542960 0.000004 0.062315
1 4 0.027588 0.424020 0.172685 0.000013 0.375694
4 4 0.009072 0.127990 0.131155 0.000281 0.731502
2 4 0.003579 0.178099 0.462687 0.000016 0.355619
4 4 0.004292 0.019583 0.010764 0.000005 0.965355
2 4 0.005606 0.069349 0.612261 0.003906 0.308878
2 4 0.003874 0.155932 0.459763 0.000986 0.379444
2 4 0.007737 0.253155 0.432834 0.000577 0.305697
2 4 0.007303 0.338271 0.565930 0.000364 0.088131
4 4 0.062970 0.078590 0.029002 0.000001 0.829437
2 4 0.001068 0.174866 0.454664 0.000000 0.369401
4 4 0.000904 0.074696 0.070329 0.000001 0.854070
4 4 0.002298 0.156163 0.066322 0.000003 0.775214
1 4 0.019378 0.645852 0.136232 0.000000 0.198538
1 4 0.361368 0.454653 0.163102 0.000158 0.020718
1 4 0.118518 0.657736 0.194661 0.000002 0.029083
2 4 0.040254 0.241265 0.383248 0.000866 0.334367
2 4 0.010970 0.077418 0.899922 0.000049 0.011641
0 4 0.430681 0.362876 0.090167 0.000001 0.116275
4 4 0.042976 0.241013 0.323379 0.000004 0.392628
0 4 0.537819 0.357578 0.070553 0.000001 0.034049
0 4 0.817878 0.139415 0.039290 0.000050 0.003368
2 4 0.062317 0.334504 0.565549 0.000185 0.037444
1 4 0.124143 0.588003 0.265977 0.001183 0.020694
2 4 0.087976 0.354564 0.412105 0.002245 0.143110
2 4 0.019183 0.208117 0.761319 0.001287 0.010094
2 4 0.016101 0.343715 0.482450 0.000092 0.157643
1 4 0.073318 0.557059 0.221435 0.000124 0.148063
2 4 0.026688 0.372452 0.551585 0.000127 0.049148
0 4 0.658407 0.213625 0.072096 0.000100 0.055772
0 2 0.751235 0.165464 0.059704 0.000221 0.023376
2 2 0.166351 0.188822 0.598548 0.029722 0.016557
0 2 0.725809 0.190135 0.072240 0.000520 0.011297
0 2 0.756386 0.149451 0.085880 0.000003 0.008280
1 2 0.127043 0.454357 0.392851 0.003257 0.022491
2 2 0.049683 0.339543 0.589416 0.000310 0.021048
2 2 0.060058 0.219891 0.699868 0.002148 0.018035
1 2 0.109148 0.474276 0.227204 0.000004 0.189368
2 2 0.079093 0.296153 0.603957 0.000931 0.019867
2 2 0.000258 0.022443 0.970935 0.000536 0.005829
2 2 0.005984 0.047680 0.943245 0.000829 0.002262
2 2 0.012018 0.078479 0.902097 0.000185 0.007221
2 2 0.009050 0.033592 0.812121 0.143711 0.001527
2 2 0.118619 0.121090 0.730158 0.025755 0.004378
2 2 0.000395 0.005164 0.989460 0.004853 0.000128
2 2 0.005555 0.029238 0.909331 0.055432 0.000443
2 2 0.000730 0.009086 0.932668 0.057385 0.000132
2 2 0.005370 0.010024 0.979768 0.004188 0.000649
2 2 0.000018 0.000226 0.991637 0.008114 0.000005
2 2 0.000366 0.002804 0.739635 0.257155 0.000040
2 2 0.001512 0.008137 0.966544 0.023646 0.000161
2 2 0.000213 0.003331 0.969216 0.027186 0.000054
2 2 0.064226 0.045188 0.885758 0.004526 0.000302
2 2 0.001145 0.001614 0.864049 0.133161 0.000031
2 2 0.000442 0.004789 0.862232 0.132474 0.000063
2 2 0.000188 0.001152 0.796209 0.202419 0.000031
2 2 0.000006 0.000211 0.948297 0.051483 0.000003
2 2 0.000167 0.001303 0.986021 0.012484 0.000024
3 2 0.000435 0.003234 0.308681 0.687577 0.000072
2 2 0.002176 0.018383 0.973732 0.004194 0.001515
2 2 0.000259 0.002008 0.549907 0.447658 0.000169
3 2 0.000999 0.004962 0.281799 0.710861 0.001379
2 2 0.000288 0.014379 0.967516 0.017702 0.000115
3 2 0.000294 0.000999 0.196260 0.802362 0.000085
2 2 0.000056 0.005518 0.994110 0.000266 0.000050
2 2 0.009652 0.234734 0.750497 0.000972 0.004146
1 2 0.053304 0.584326 0.295326 0.001730 0.065314
2 2 0.001096 0.077125 0.918809 0.000174 0.002796
2 2 0.000082 0.005450 0.987517 0.006926 0.000025
2 2 0.002268 0.015312 0.970417 0.011877 0.000126
2 2 0.002798 0.020061 0.975251 0.001463 0.000428
2 2 0.000009 0.000654 0.996351 0.002984 0.000003
2 2 0.000531 0.004812 0.993492 0.001135 0.000029
2 2 0.000275 0.009542 0.986051 0.004018 0.000115
2 2 0.001967 0.028421 0.945650 0.020473 0.003488
2 2 0.000807 0.004654 0.992262 0.002014 0.000264
2 2 0.000038 0.001955 0.950144 0.047837 0.000027
2 2 0.000006 0.000149 0.653797 0.346047 0.000002
2 2 0.001802 0.004824 0.965858 0.027314 0.000201
2 2 0.000026 0.000946 0.936911 0.062099 0.000018
3 2 0.000020 0.000165 0.295982 0.703820 0.000013
3 2 0.001105 0.006842 0.293428 0.697654 0.000971
2 2 0.022197 0.082250 0.730968 0.144003 0.020581
2 2 0.001152 0.020812 0.963426 0.012936 0.001673
2 2 0.000009 0.000103 0.738670 0.261208 0.000010
3 2 0.000017 0.000131 0.216284 0.783564 0.000004
2 2 0.000899 0.006285 0.928941 0.063606 0.000270
2 2 0.000722 0.002642 0.902361 0.094172 0.000104
3 2 0.000136 0.000649 0.240566 0.758588 0.000060
2 2 0.000485 0.005128 0.709889 0.284329 0.000170
3 2 0.000067 0.000995 0.213205 0.785377 0.000358
2 2 0.000006 0.000620 0.711381 0.287927 0.000066
3 2 0.000008 0.000178 0.457111 0.542686 0.000016
3 2 0.005785 0.005872 0.311322 0.676692 0.000329
2 2 0.000220 0.005038 0.894249 0.100391 0.000102
3 2 0.000023 0.000240 0.090703 0.908984 0.000050
3 2 0.000002 0.000015 0.142728 0.857254 0.000001
2 2 0.001038 0.007133 0.798658 0.193094 0.000077
2 3 0.001651 0.006890 0.873465 0.117577 0.000417
3 3 0.000104 0.001496 0.184227 0.813921 0.000252
2 2 0.008386 0.017617 0.970623 0.002208 0.001166
2 2 0.278275 0.158588 0.549406 0.001407 0.012324
0 1 0.730319 0.159115 0.051772 0.000042 0.058751
1 1 0.232319 0.515032 0.167285 0.000054 0.085310
2 1 0.016134 0.297448 0.654443 0.000048 0.031927
2 1 0.001354 0.070023 0.925469 0.000596 0.002558
4 1 0.018740 0.298101 0.143295 0.000105 0.539760
2 1 0.002567 0.087214 0.903288 0.000019 0.006912
2 1 0.016529 0.097341 0.885671 0.000117 0.000342
2 1 0.006127 0.237062 0.745306 0.000021 0.011484
2 1 0.003347 0.108764 0.878547 0.000006 0.009335
2 1 0.046960 0.388076 0.531619 0.000064 0.033281
2 1 0.006908 0.072229 0.916611 0.001085 0.003167
2 1 0.021216 0.112318 0.863838 0.000296 0.002333
2 1 0.059351 0.253645 0.506370 0.000011 0.180623
2 1 0.132129 0.410498 0.413930 0.000233 0.043209
2 1 0.052973 0.196003 0.740094 0.000294 0.010636
2 1 0.011842 0.175626 0.793451 0.003363 0.015718
2 1 0.004709 0.072745 0.915792 0.000612 0.006142
2 1 0.000199 0.023152 0.975693 0.000245 0.000712
2 1 0.024569 0.091127 0.881557 0.000539 0.002208
2 1 0.091700 0.313756 0.584163 0.000877 0.009504
2 1 0.008297 0.037903 0.953171 0.000118 0.000510
2 1 0.000413 0.036036 0.961445 0.000947 0.001159
2 1 0.035297 0.444623 0.503692 0.000097 0.016292
2 1 0.006021 0.444753 0.474156 0.000025 0.075044
1 1 0.049846 0.499705 0.260661 0.000010 0.189779
2 1 0.006362 0.062228 0.890739 0.000049 0.040622
2 1 0.088709 0.161763 0.734046 0.000700 0.014782
2 1 0.004308 0.114074 0.872255 0.000473 0.008890
1 1 0.076807 0.469845 0.434899 0.001032 0.017417
1 0 0.148457 0.476142 0.190083 0.000129 0.185188
0 0 0.675612 0.165609 0.122784 0.000017 0.035979
2 0 0.311734 0.301655 0.380547 0.000146 0.005918
2 0 0.224380 0.268197 0.496770 0.000101 0.010552
0 0 0.425445 0.142925 0.424723 0.000171 0.006736
0 0 0.953716 0.033565 0.011882 0.000404 0.000434
0 0 0.867406 0.080324 0.026316 0.000053 0.025901
0 0 0.986472 0.010430 0.002641 0.000004 0.000452
2 0 0.362622 0.167701 0.467541 0.000258 0.001878
2 0 0.193772 0.158975 0.629561 0.000353 0.017339
0 0 0.952605 0.024154 0.020089 0.000032 0.003121
0 0 0.562715 0.275523 0.100345 0.000080 0.061338
0 0 0.868401 0.046452 0.017634 0.000116 0.067398
0 0 0.973864 0.006366 0.003858 0.003824 0.012088
0 0 0.991021 0.001727 0.000858 0.000261 0.006133
0 0 0.996895 0.000649 0.000186 0.000001 0.002269
0 0 0.912181 0.041629 0.019155 0.000593 0.026441
0 0 0.433645 0.212098 0.311991 0.000536 0.041730
0 0 0.968665 0.022389 0.007072 0.000049 0.001826
0 0 0.881032 0.091482 0.020871 0.000003 0.006613
0 0 0.876113 0.053372 0.015476 0.000008 0.055031
0 0 0.993930 0.004267 0.000832 0.000000 0.000971
0 0 0.817205 0.117114 0.028799 0.000002 0.036880
0 0 0.776133 0.147762 0.065424 0.001961 0.008721
0 0 0.992792 0.003026 0.001007 0.000014 0.003160
0 0 0.995800 0.002705 0.000719 0.000004 0.000772
0 0 0.907391 0.077884 0.013774 0.000001 0.000950
0 0 0.941852 0.037794 0.007991 0.000001 0.012362
0 0 0.845940 0.102284 0.046037 0.000019 0.005720
0 0 0.982685 0.011014 0.004525 0.000560 0.001216
0 0 0.887374 0.018727 0.013346 0.076717 0.003836
0 0 0.957199 0.013689 0.007061 0.001402 0.020649
0 0 0.881890 0.050067 0.014102 0.000007 0.053934
0 0 0.985695 0.005226 0.001819 0.000028 0.007232
0 0 0.993030 0.000890 0.000263 0.000001 0.005816
0 0 0.977128 0.018900 0.003646 0.000001 0.000325
0 0 0.981397 0.011497 0.003791 0.000032 0.003283
4 0 0.157900 0.266450 0.119425 0.000050 0.456175
0 0 0.997922 0.001120 0.000481 0.000178 0.000299
0 0 0.989208 0.007475 0.002364 0.000035 0.000918
0 0 0.834736 0.112239 0.050826 0.000085 0.002114
0 0 0.834671 0.101787 0.028132 0.000012 0.035398
4 0 0.091524 0.179026 0.320764 0.000001 0.408686
2 0 0.048294 0.220488 0.661499 0.000654 0.069065
4 1 0.012786 0.031785 0.015355 0.000012 0.940062
4 1 0.173639 0.085696 0.150450 0.000288 0.589928
2 1 0.004078 0.066700 0.646004 0.001400 0.281818
2 1 0.002588 0.146967 0.685492 0.000011 0.164941
1 1 0.120052 0.486288 0.109653 0.000001 0.284007
4 1 0.072265 0.231586 0.120826 0.000054 0.575268
4 1 0.043860 0.115511 0.204320 0.000167 0.636143
2 1 0.013930 0.234150 0.424984 0.009768 0.317167
4 1 0.169025 0.308670 0.187469 0.003301 0.331535
2 1 0.049343 0.424053 0.520154 0.000041 0.006409
1 1 0.155280 0.506825 0.244809 0.000001 0.093085
2 1 0.096977 0.340208 0.420892 0.000053 0.141870
2 1 0.115096 0.272278 0.341713 0.000148 0.270765
0 1 0.338851 0.247510 0.173440 0.003808 0.236391
4 1 0.122796 0.247631 0.076819 0.000006 0.552748
4 1 0.199840 0.078978 0.122621 0.000016 0.598545
0 1 0.759738 0.079447 0.014264 0.000000 0.146551
1 1 0.130351 0.549898 0.134632 0.000002 0.185118
2 1 0.017749 0.346655 0.535812 0.000122 0.099662
1 1 0.033733 0.560420 0.310602 0.000026 0.095218
2 1 0.027810 0.156478 0.777720 0.000037 0.037955
2 1 0.018167 0.322818 0.569604 0.000289 0.089121
4 1 0.002195 0.061826 0.039137 0.000003 0.896838
4 1 0.016710 0.251935 0.166053 0.000610 0.564691
4 1 0.019169 0.327550 0.323817 0.000002 0.329461
2 1 0.002300 0.240554 0.491937 0.000030 0.265179
4 1 0.026298 0.136797 0.096740 0.000212 0.739953
4 1 0.105461 0.194129 0.071342 0.000022 0.629046
4 1 0.016081 0.247072 0.282656 0.000023 0.454168
4 1 0.388653 0.110794 0.048504 0.000323 0.451726
4 1 0.009972 0.106891 0.171422 0.000038 0.711677
4 1 0.002096 0.197978 0.262139 0.000039 0.537748
2 1 0.001590 0.133768 0.598476 0.000058 0.266109
4 1 0.023345 0.241776 0.211332 0.000004 0.523543
2 1 0.136033 0.217415 0.626294 0.000077 0.020180
0 1 0.464712 0.335285 0.100897 0.000015 0.099091
4 1 0.027000 0.109761 0.046771 0.000019 0.816450
4 1 0.010617 0.174268 0.247424 0.000011 0.567679
4 1 0.122609 0.203942 0.143509 0.005131 0.524808
2 1 0.001038 0.135591 0.830192 0.000111 0.033069
2 1 0.034321 0.226006 0.389685 0.000003 0.349985
2 1 0.009733 0.320176 0.592077 0.000069 0.077945
2 1 0.008408 0.135663 0.847390 0.000622 0.007917
2 1 0.023110 0.207409 0.664871 0.000025 0.104585
1 1 0.158010 0.625758 0.170967 0.000010 0.045255
1 1 0.322043 0.362740 0.257921 0.000319 0.056977
1 1 0.191665 0.524965 0.275132 0.000005 0.008233
0 0 0.750960 0.175907 0.066247 0.000293 0.006594
0 0 0.869257 0.090694 0.025180 0.000018 0.014851
0 1 0.635224 0.223162 0.099225 0.000275 0.042113
2 1 0.200841 0.274639 0.483666 0.004852 0.036002
0 1 0.482032 0.372575 0.131178 0.000372 0.013843
0 0 0.784655 0.032553 0.175955 0.004099 0.002738
0 0 0.784227 0.086796 0.050717 0.000111 0.078149
0 0 0.968222 0.004861 0.002750 0.001044 0.023123
0 0 0.817443 0.064890 0.105979 0.001153 0.010535
0 0 0.867918 0.018099 0.008023 0.000142 0.105818
0 0 0.792256 0.055018 0.021725 0.000125 0.130877
0 0 0.948720 0.026522 0.012155 0.001230 0.011373
0 0 0.986610 0.008214 0.002529 0.000016 0.002631
0 0 0.981239 0.009010 0.004587 0.001880 0.003285
0 0 0.982916 0.003971 0.001597 0.000023 0.011493
0 0 0.882596 0.075006 0.033662 0.001893 0.006843
0 0 0.917099 0.047417 0.023338 0.003229 0.008917
0 0 0.994700 0.001349 0.000466 0.000010 0.003475
0 0 0.991519 0.006280 0.002036 0.000087 0.000078
0 0 0.989754 0.006946 0.002302 0.000054 0.000944
0 0 0.993803 0.002122 0.000568 0.000002 0.003505
0 0 0.982557 0.001781 0.000622 0.000007 0.015033
0 0 0.889545 0.050856 0.020881 0.000266 0.038452
0 0 0.988558 0.007649 0.002479 0.000026 0.001287
0 0 0.993628 0.004155 0.001620 0.000189 0.000409
0 0 0.975865 0.017007 0.004722 0.000008 0.002398
2 0 0.038209 0.129926 0.641252 0.007684 0.182929
0 0 0.972198 0.017746 0.005687 0.000035 0.004334
0 0 0.992432 0.004292 0.001476 0.000042 0.001759
0 0 0.997496 0.001205 0.000536 0.000711 0.000052
0 0 0.979873 0.014817 0.004729 0.000083 0.000498
0 0 0.899388 0.024589 0.012433 0.001049 0.062541
0 0 0.850813 0.106597 0.028900 0.000013 0.013678
0 0 0.905361 0.062068 0.027199 0.001538 0.003835
0 0 0.351324 0.331387 0.298917 0.000001 0.018371
0 0 0.948100 0.030379 0.007752 0.000004 0.013765
0 0 0.898778 0.080078 0.020242 0.000018 0.000883
0 0 0.748731 0.027423 0.009354 0.000015 0.214478
1 0 0.442967 0.444527 0.104316 0.000010 0.008180
1 0 0.169044 0.617310 0.201542 0.000097 0.012007
2 0 0.117132 0.346108 0.524581 0.004378 0.007801
0 0 0.950047 0.027322 0.015353 0.001996 0.005282
0 0 0.880628 0.097167 0.020500 0.000002 0.001703
0 0 0.774464 0.174010 0.044162 0.000000 0.007365
0 0 0.895149 0.088684 0.015491 0.000000 0.000676
0 0 0.924062 0.057710 0.016597 0.000041 0.001590
0 0 0.964485 0.024095 0.008720 0.000168 0.002531
0 0 0.477222 0.299382 0.151488 0.000004 0.071905
0 0 0.988853 0.006128 0.001659 0.000004 0.003356
0 0 0.960840 0.021545 0.009938 0.000332 0.007345
0 0 0.899429 0.053778 0.020803 0.000162 0.025828
0 0 0.964408 0.019786 0.007580 0.000088 0.008138
0 0 0.912772 0.056055 0.020766 0.000247 0.010159
0 0 0.649987 0.193600 0.139089 0.000104 0.017220
0 1 0.819329 0.111658 0.055541 0.000024 0.013447
0 1 0.472530 0.426702 0.096765 0.000009 0.003994
2 1 0.047313 0.199869 0.657280 0.000789 0.094749
2 1 0.016806 0.265845 0.651313 0.000070 0.065966
2 1 0.049947 0.191857 0.656963 0.001698 0.099535
2 1 0.005992 0.089611 0.749035 0.000152 0.155210
2 1 0.001216 0.085428 0.835229 0.000024 0.078103
2 1 0.030126 0.171986 0.722064 0.001109 0.074715
1 1 0.076157 0.652341 0.190234 0.000010 0.081258
1 1 0.163540 0.511727 0.188067 0.000126 0.136540
1 1 0.113209 0.582051 0.278403 0.000446 0.025890
2 1 0.002151 0.027299 0.965955 0.004061 0.000533
2 1 0.182763 0.202198 0.574963 0.011501 0.028575
2 1 0.189860 0.373551 0.429625 0.000938 0.006026
2 1 0.004572 0.238044 0.752997 0.000029 0.004358
2 1 0.008727 0.137652 0.837872 0.000050 0.015700
2 1 0.000232 0.018474 0.980393 0.000554 0.000347
2 1 0.002072 0.014487 0.979673 0.003457 0.000311
2 1 0.004645 0.059017 0.933732 0.002351 0.000255
2 1 0.021431 0.273138 0.701524 0.000312 0.003595
1 1 0.046846 0.741195 0.195927 0.000001 0.016031
0 1 0.461315 0.414247 0.116323 0.000002 0.008112
0 1 0.654221 0.252367 0.082139 0.000058 0.011215
2 1 0.000254 0.023769 0.973717 0.000013 0.002247
2 1 0.000127 0.007050 0.991941 0.000734 0.000148
2 1 0.000166 0.015972 0.982417 0.000504 0.000941
2 1 0.042482 0.282844 0.638415 0.000850 0.035410
2 1 0.015071 0.120742 0.861928 0.000345 0.001913
2 1 0.008418 0.040441 0.949266 0.000032 0.001844
2 1 0.000269 0.020288 0.976627 0.000980 0.001837
2 1 0.000734 0.008563 0.988250 0.000137 0.002316
2 1 0.000043 0.001516 0.928048 0.070325 0.000068
2 1 0.000338 0.014756 0.981335 0.002632 0.000939
2 1 0.024989 0.361241 0.544462 0.000081 0.069227
2 1 0.009366 0.138322 0.851552 0.000033 0.000728
2 1 0.000075 0.004872 0.994897 0.000030 0.000125
2 1 0.002162 0.055874 0.934702 0.000535 0.006726
2 1 0.000507 0.020124 0.977185 0.000144 0.002040
2 1 0.000063 0.006961 0.984985 0.007748 0.000243
2 1 0.000392 0.021883 0.977142 0.000476 0.000107
2 1 0.000579 0.022562 0.975760 0.000132 0.000966
0 1 0.861394 0.100574 0.036516 0.000711 0.000805
1 1 0.123051 0.474463 0.396424 0.000527 0.005535
0 1 0.475308 0.411043 0.110914 0.000048 0.002687
2 1 0.002109 0.028164 0.969380 0.000244 0.000103
2 1 0.015690 0.151468 0.828105 0.002018 0.002719
2 1 0.041855 0.219860 0.734905 0.000040 0.003339
0 1 0.391718 0.375981 0.228034 0.001789 0.002479
1 1 0.135813 0.472411 0.364941 0.003080 0.023755
2 1 0.244881 0.314894 0.398960 0.004921 0.036344
2 1 0.122045 0.303653 0.456387 0.000680 0.117235
4 1 0.151655 0.089783 0.239194 0.000449 0.518918
2 1 0.042938 0.087189 0.860927 0.006243 0.002703
2 1 0.059027 0.325892 0.607713 0.000312 0.007056
2 1 0.097969 0.290533 0.583854 0.000746 0.026899
2 1 0.010375 0.073881 0.860139 0.051709 0.003896
2 1 0.194887 0.223978 0.570464 0.001968 0.008703
2 1 0.002642 0.035993 0.958021 0.000686 0.002658
0 1 0.490304 0.305707 0.181404 0.000044 0.022541
1 1 0.272638 0.382635 0.285461 0.000016 0.059250
2 1 0.319783 0.185908 0.434920 0.041314 0.018076
0 1 0.626958 0.168558 0.075259 0.000821 0.128404
0 0 0.750442 0.112231 0.039199 0.000035 0.098093
0 0 0.986685 0.008296 0.003045 0.000138 0.001836
0 0 0.967885 0.010288 0.003714 0.000037 0.018077
0 0 0.989182 0.006688 0.002401 0.000098 0.001632
1 0 0.220597 0.377892 0.275834 0.025172 0.100505
0 0 0.992657 0.003457 0.001721 0.001788 0.000377
0 0 0.974291 0.011617 0.005258 0.000593 0.008241
0 0 0.998862 0.000668 0.000249 0.000045 0.000177
0 0 0.985693 0.006584 0.002652 0.000149 0.004922
0 0 0.988029 0.005718 0.002847 0.001457 0.001948
0 0 0.997416 0.001822 0.000531 0.000010 0.000221
0 0 0.988787 0.007048 0.002970 0.000302 0.000895
0 0 0.987257 0.003651 0.002069 0.006625 0.000398
0 0 0.973904 0.019572 0.006324 0.000037 0.000162
0 0 0.524471 0.094507 0.031215 0.000017 0.349790
4 0 0.068089 0.173868 0.068386 0.000024 0.689633
2 1 0.060584 0.317947 0.559668 0.000037 0.061765
1 1 0.121205 0.485024 0.359385 0.000001 0.034385
1 1 0.055198 0.453635 0.169806 0.000001 0.321360
4 1 0.031141 0.017911 0.008765 0.000026 0.942158
4 1 0.073559 0.163175 0.085747 0.000499 0.677019
4 1 0.014884 0.129074 0.149198 0.000001 0.706842
2 1 0.013823 0.227096 0.476934 0.000003 0.282144
4 1 0.002910 0.129609 0.133261 0.000025 0.734195
4 1 0.009843 0.039444 0.029312 0.000077 0.921323
4 4 0.016815 0.013707 0.008231 0.000096 0.961151
4 4 0.045393 0.036924 0.022628 0.000525 0.894530
4 4 0.010099 0.006309 0.003517 0.000018 0.980057
4 4 0.030258 0.017375 0.008862 0.000037 0.943467
4 4 0.091991 0.039635 0.019438 0.000114 0.848822
4 4 0.062922 0.299097 0.174860 0.000524 0.462597
4 4 0.110932 0.070132 0.043232 0.000821 0.774882
4 4 0.081984 0.046655 0.025336 0.000313 0.845712
4 4 0.012094 0.118502 0.270456 0.003052 0.595896
4 4 0.006014 0.099637 0.093214 0.000019 0.801116
2 4 0.002587 0.121388 0.508554 0.000198 0.367272
4 4 0.018821 0.356958 0.133269 0.000010 0.490942
1 4 0.029805 0.500407 0.176096 0.000013 0.293679
1 4 0.119943 0.392339 0.212622 0.002728 0.272368
4 4 0.100127 0.195801 0.117295 0.002845 0.583932
4 4 0.017584 0.011842 0.009267 0.000119 0.961189
4 4 0.083901 0.026368 0.011463 0.000024 0.878243
4 4 0.257625 0.253619 0.121756 0.000021 0.366978
4 4 0.243168 0.292512 0.141473 0.001247 0.321601
4 4 0.082733 0.037256 0.018532 0.000114 0.861365
4 4 0.100652 0.024031 0.010459 0.000025 0.864833
4 4 0.080491 0.029766 0.015221 0.000116 0.874407
4 4 0.130770 0.026382 0.016181 0.000704 0.825962
4 4 0.278206 0.117841 0.071668 0.005097 0.527187
4 4 0.075154 0.162718 0.167776 0.000665 0.593686
2 4 0.006469 0.244848 0.589920 0.000137 0.158626
1 4 0.056507 0.470407 0.429684 0.000188 0.043214
1 4 0.110424 0.550066 0.333609 0.000010 0.005890
1 4 0.058060 0.442502 0.369213 0.000005 0.130221
4 4 0.014546 0.106421 0.422487 0.001518 0.455027
0 4 0.326951 0.288486 0.111093 0.000151 0.273319
4 4 0.109272 0.296081 0.105695 0.000026 0.488925
2 4 0.001262 0.078693 0.877424 0.000063 0.042559
2 4 0.002460 0.279208 0.476145 0.000000 0.242186
1 4 0.006020 0.406253 0.322830 0.000063 0.264834
4 4 0.002896 0.305755 0.232662 0.000043 0.458644
1 4 0.016244 0.363801 0.269884 0.000015 0.350056
2 4 0.002603 0.151977 0.814254 0.008937 0.022230
4 4 0.030130 0.148006 0.236738 0.013038 0.572089
4 4 0.006327 0.036055 0.042930 0.000070 0.914619
4 4 0.037403 0.039374 0.026472 0.001156 0.895594
2 4 0.002340 0.269749 0.677911 0.000213 0.049788
2 4 0.002063 0.031152 0.920309 0.000226 0.046250
4 4 0.017787 0.026549 0.021316 0.000194 0.934155
4 4 0.023018 0.017775 0.010529 0.000130 0.948548
4 4 0.135281 0.034713 0.018067 0.000215 0.811723
4 4 0.126011 0.045838 0.024703 0.000156 0.803292
1 4 0.040337 0.549494 0.402529 0.000023 0.007617
2 4 0.009485 0.338517 0.563164 0.002025 0.086810
2 4 0.001874 0.086446 0.903270 0.000015 0.008396
2 4 0.002274 0.150706 0.829663 0.000004 0.017353
1 4 0.075941 0.557647 0.276341 0.000004 0.090067
2 4 0.005057 0.363204 0.482489 0.000093 0.149157
1 4 0.118840 0.421370 0.138414 0.000019 0.321358
4 4 0.017412 0.246582 0.235670 0.000119 0.500218
2 4 0.004374 0.247912 0.687505 0.000006 0.060204
2 4 0.076900 0.347920 0.558943 0.000364 0.015873
2 4 0.023711 0.111724 0.848629 0.007410 0.008526
1 4 0.105911 0.407794 0.384032 0.000115 0.102147
2 4 0.008632 0.158563 0.822641 0.000464 0.009699
2 4 0.011305 0.165601 0.818200 0.000078 0.004816
1 4 0.075599 0.456289 0.325698 0.001875 0.140539
1 4 0.232284 0.473781 0.104127 0.000001 0.189806
1 4 0.024180 0.438840 0.287463 0.005116 0.244400
2 4 0.312688 0.153471 0.443016 0.065943 0.024882
1 4 0.104214 0.512935 0.373151 0.000024 0.009676
0 4 0.425866 0.410389 0.125339 0.000015 0.038391
0 4 0.963800 0.012911 0.007580 0.013820 0.001888
0 4 0.961140 0.010611 0.003788 0.000022 0.024439
4 4 0.333434 0.070292 0.027939 0.000068 0.568267
0 4 0.959186 0.006812 0.002943 0.000122 0.030937
0 4 0.770946 0.064903 0.027536 0.000381 0.136233
0 4 0.980198 0.011194 0.003189 0.000008 0.005412
1 4 0.212484 0.390295 0.122119 0.000002 0.275100
4 4 0.112891 0.306080 0.139420 0.000000 0.441609
4 4 0.045257 0.098268 0.038776 0.000013 0.817686
4 4 0.012778 0.237527 0.083773 0.000003 0.665919
1 4 0.003601 0.460285 0.402850 0.000013 0.133251
1 4 0.010937 0.473934 0.262782 0.000036 0.252310
2 4 0.000735 0.095825 0.542834 0.000011 0.360595
2 4 0.004646 0.295629 0.396692 0.000027 0.303006
1 4 0.082435 0.411796 0.278163 0.000190 0.227416
1 1 0.071034 0.464080 0.374671 0.000112 0.090104
2 1 0.004073 0.077066 0.898538 0.000709 0.019613
2 1 0.005707 0.104260 0.559120 0.000508 0.330405
2 2 0.075189 0.175295 0.739643 0.001470 0.008404
1 2 0.007066 0.651554 0.225449 0.000003 0.115929
2 2 0.002861 0.297925 0.680714 0.000531 0.017970
2 2 0.085483 0.252267 0.654822 0.000753 0.006675
2 1 0.334394 0.186396 0.462682 0.007867 0.008660
2 1 0.011605 0.383122 0.588849 0.000007 0.016417
1 1 0.004585 0.566679 0.412756 0.000006 0.015974
2 1 0.007663 0.150142 0.824727 0.000022 0.017446
2 1 0.009634 0.157557 0.822449 0.000739 0.009622
2 1 0.001001 0.093233 0.903607 0.000010 0.002148
2 2 0.004420 0.026279 0.966880 0.001071 0.001350
2 2 0.009534 0.293869 0.683719 0.000088 0.012791
2 2 0.004686 0.056257 0.913215 0.020251 0.005591
2 2 0.000102 0.013793 0.939823 0.045501 0.000781
2 2 0.107853 0.411229 0.423257 0.000213 0.057448
1 2 0.136849 0.577285 0.239428 0.000073 0.046365
2 2 0.006098 0.154934 0.802690 0.000045 0.036234
2 2 0.099836 0.390561 0.486729 0.000179 0.022694
1 2 0.235355 0.420846 0.222909 0.000076 0.120814
2 2 0.135555 0.216443 0.547235 0.003538 0.097229
0 1 0.626603 0.213869 0.086114 0.000379 0.073035
2 1 0.013676 0.388808 0.588025 0.000030 0.009460
2 1 0.102375 0.277298 0.606247 0.001079 0.013002
0 0 0.453310 0.143436 0.397666 0.003653 0.001934
2 1 0.079039 0.412341 0.456228 0.000012 0.052379
1 1 0.034971 0.486553 0.161922 0.000005 0.316549
4 1 0.135978 0.291037 0.233699 0.000302 0.338984
2 1 0.005934 0.151237 0.835243 0.000115 0.007472
2 1 0.002611 0.065173 0.925619 0.000103 0.006493
2 1 0.003886 0.233943 0.749787 0.000210 0.012174
2 1 0.038295 0.374276 0.533921 0.000355 0.053152
2 1 0.012530 0.264243 0.688146 0.000006 0.035076
1 1 0.059091 0.587822 0.282671 0.000008 0.070408
1 1 0.128717 0.585547 0.259479 0.000073 0.026183
1 1 0.159718 0.410859 0.111518 0.000004 0.317902
1 1 0.161624 0.562697 0.168487 0.000020 0.107172
2 1 0.289020 0.299814 0.326789 0.018429 0.065947
0 1 0.470232 0.358400 0.161696 0.002075 0.007597
0 0 0.463433 0.370035 0.134272 0.000247 0.032013
1 1 0.305965 0.400519 0.276354 0.000799 0.016364
1 1 0.111705 0.504022 0.351247 0.000310 0.032716
2 1 0.024755 0.116725 0.710112 0.000107 0.148303
1 1 0.067768 0.464264 0.447005 0.000032 0.020931
0 1 0.911429 0.070124 0.015303 0.000003 0.003141
0 0 0.941481 0.039977 0.013863 0.000001 0.004678
0 1 0.763237 0.134529 0.037882 0.000015 0.064337
0 1 0.466917 0.298432 0.089579 0.000001 0.145071
0 1 0.636583 0.197077 0.150225 0.000026 0.016089
0 0 0.961232 0.028123 0.007048 0.000004 0.003593
0 0 0.986498 0.007571 0.002391 0.000022 0.003518
0 0 0.877036 0.085535 0.031252 0.000269 0.005907
0 0 0.975026 0.015989 0.005477 0.000057 0.003451
0 0 0.969278 0.012168 0.005241 0.000008 0.013304
0 0 0.948526 0.024487 0.012188 0.002283 0.012516
0 0 0.994507 0.001940 0.000609 0.000005 0.002938
0 0 0.979561 0.005777 0.003442 0.003812 0.007408
0 0 0.994580 0.002893 0.001284 0.000381 0.000862
0 0 0.938597 0.034518 0.022577 0.000512 0.003796
0 0 0.821834 0.064878 0.043272 0.069106 0.000910
0 0 0.963421 0.009396 0.019582 0.005062 0.002539
0 0 0.980365 0.010062 0.004224 0.000242 0.005107
0 0 0.994289 0.001697 0.000534 0.000006 0.003475
0 0 0.950950 0.009474 0.005081 0.001115 0.033380
0 0 0.985822 0.003241 0.001304 0.000057 0.009576
0 0 0.957293 0.024480 0.007662 0.000018 0.010547
0 0 0.996450 0.002038 0.000708 0.000034 0.000771
0 0 0.990125 0.001979 0.001006 0.000350 0.006540
0 0 0.992507 0.004787 0.001338 0.000006 0.001362
0 0 0.998923 0.000517 0.000080 0.000000 0.000480
0 0 0.770815 0.035202 0.012389 0.000008 0.181586
0 0 0.946953 0.009065 0.004793 0.000876 0.038313
0 0 0.984363 0.007108 0.002924 0.000163 0.005442
0 0 0.904804 0.053612 0.018721 0.000047 0.022816
0 0 0.971434 0.017052 0.007157 0.000526 0.003831
0 0 0.980776 0.006422 0.002911 0.000318 0.009572
0 0 0.998736 0.000567 0.000181 0.000006 0.000510
0 0 0.990707 0.003225 0.001711 0.001174 0.003184
0 0 0.966477 0.007396 0.001960 0.000001 0.024165
0 0 0.945615 0.016534 0.005027 0.000012 0.032813
0 0 0.973864 0.006713 0.002731 0.000096 0.016597
0 0 0.994312 0.002819 0.001129 0.000115 0.001625
0 0 0.987356 0.004748 0.001939 0.000097 0.005859
0 0 0.995889 0.002684 0.000793 0.000008 0.000626
0 0 0.937207 0.040904 0.011953 0.000010 0.009925
0 0 0.789761 0.146830 0.054231 0.000202 0.008976
0 0 0.894570 0.071074 0.023990 0.000069 0.010296
1 0 0.277925 0.535635 0.122095 0.000001 0.064343
0 0 0.925482 0.054912 0.012693 0.000002 0.006911
0 0 0.781054 0.161026 0.033421 0.000000 0.024499
0 0 0.985865 0.011343 0.002448 0.000001 0.000343
0 0 0.937411 0.046094 0.015143 0.000083 0.001269
0 0 0.976899 0.010430 0.004413 0.000298 0.007959
0 0 0.870422 0.008428 0.006054 0.114689 0.000407
0 0 0.965916 0.016830 0.008263 0.001883 0.007109
0 0 0.987820 0.007908 0.003050 0.000242 0.000981
0 0 0.955426 0.021631 0.008900 0.000293 0.013750
0 0 0.984238 0.008549 0.003381 0.000198 0.003633
0 0 0.561216 0.308970 0.110090 0.000263 0.019461
1 1 0.147124 0.659654 0.149128 0.000002 0.044093
4 1 0.099797 0.252889 0.068838 0.000001 0.578474
4 1 0.019432 0.129892 0.067634 0.000005 0.783036
2 1 0.009512 0.179398 0.654900 0.000000 0.156190
0 1 0.483707 0.237603 0.195091 0.000027 0.083572
0 1 0.800050 0.067022 0.116430 0.003456 0.013042
2 1 0.080742 0.227001 0.389657 0.000865 0.301735
4 4 0.024922 0.078902 0.369052 0.011258 0.515866
0 4 0.798214 0.030716 0.018791 0.004908 0.147371
4 4 0.242446 0.043709 0.027265 0.002029 0.684552
4 4 0.030932 0.021184 0.012070 0.000128 0.935685
4 4 0.223343 0.082237 0.045418 0.001199 0.647803
4 4 0.043071 0.036734 0.016250 0.000020 0.903926
4 4 0.108075 0.065147 0.036396 0.000666 0.789716
0 4 0.413595 0.102942 0.066062 0.010200 0.407200
4 4 0.322662 0.025460 0.011738 0.000096 0.640044
4 4 0.007815 0.001573 0.000670 0.000000 0.989943
4 4 0.006652 0.005786 0.005914 0.000024 0.981624
4 4 0.101594 0.013607 0.006622 0.000040 0.878137
4 4 0.043377 0.272397 0.091559 0.000006 0.592661
4 4 0.038264 0.068647 0.057403 0.000638 0.835047
4 4 0.015794 0.163986 0.338232 0.007365 0.474623
4 4 0.034103 0.044393 0.029345 0.000977 0.891182
4 4 0.036673 0.033545 0.021383 0.000605 0.907794
4 4 0.141729 0.028693 0.013022 0.000053 0.816503
1 4 0.272892 0.480771 0.177464 0.000180 0.068692
4 4 0.004082 0.204441 0.394488 0.000285 0.396703
1 4 0.006464 0.480588 0.397163 0.000040 0.115744
2 4 0.000503 0.173494 0.617099 0.000003 0.208902
4 4 0.008601 0.230865 0.087135 0.000001 0.673399
1 4 0.162719 0.345841 0.150811 0.000040 0.340588
4 4 0.058981 0.058418 0.145800 0.004118 0.732684
4 4 0.002572 0.140338 0.342742 0.000119 0.514228
2 4 0.003476 0.100129 0.663957 0.006547 0.225890
4 4 0.017637 0.085455 0.049912 0.000253 0.846744
4 4 0.106579 0.085763 0.061409 0.008266 0.737983
4 4 0.023518 0.019736 0.012360 0.000240 0.944146
4 4 0.028840 0.057914 0.139207 0.010689 0.763351
4 4 0.021593 0.108700 0.066890 0.000232 0.802585
4 4 0.012505 0.152202 0.196266 0.001140 0.637888
2 4 0.004671 0.291189 0.532344 0.000039 0.171756
4 4 0.054200 0.093977 0.142316 0.000402 0.709106
4 4 0.137973 0.091879 0.079674 0.000020 0.690454
4 4 0.001452 0.164479 0.113718 0.000000 0.720351
4 4 0.002199 0.018605 0.042469 0.000018 0.936710
4 4 0.007019 0.009756 0.005122 0.000010 0.978093
4 4 0.035449 0.048231 0.091607 0.002731 0.821982
4 4 0.159922 0.110577 0.065501 0.002091 0.661909
4 4 0.026714 0.159739 0.075652 0.000008 0.737886
4 4 0.021082 0.285352 0.089162 0.000000 0.604404
2 4 0.009717 0.284089 0.483300 0.000042 0.222852
4 4 0.038559 0.043363 0.070021 0.001382 0.846674
4 4 0.042446 0.050159 0.050629 0.001807 0.854959
4 4 0.016083 0.063644 0.147069 0.002930 0.770274
1 4 0.010820 0.361740 0.346225 0.000058 0.281158
2 4 0.001535 0.068225 0.764716 0.004341 0.161183
4 4 0.009835 0.026002 0.017390 0.000051 0.946723
4 4 0.036737 0.037942 0.039496 0.000168 0.885657
4 4 0.006326 0.164535 0.364031 0.000001 0.465106
1 1 0.013343 0.438202 0.384468 0.000002 0.163985
4 1 0.004941 0.224634 0.375973 0.000280 0.394173
2 1 0.000559 0.069882 0.887651 0.000754 0.041155
2 1 0.019832 0.287397 0.403383 0.000084 0.289304
2 1 0.000457 0.122702 0.735115 0.000057 0.141669
2 1 0.007405 0.103697 0.721282 0.000494 0.167122
4 1 0.014896 0.082020 0.171802 0.002525 0.728756
1 1 0.050924 0.394071 0.204177 0.000000 0.350828
4 1 0.012831 0.279174 0.162280 0.000010 0.545704
1 1 0.042562 0.429499 0.389660 0.000018 0.138261
4 1 0.018962 0.309221 0.156413 0.000025 0.515379
2 1 0.015259 0.214076 0.584350 0.000031 0.186284
2 1 0.019305 0.295478 0.629905 0.000022 0.055290
2 1 0.003161 0.154355 0.639319 0.001665 0.201500
1 1 0.059983 0.518634 0.402429 0.000024 0.018929
1 1 0.218099 0.422711 0.301301 0.000403 0.057486
2 1 0.002197 0.101458 0.892005 0.000210 0.004129
2 1 0.000095 0.027278 0.970801 0.000196 0.001629
2 1 0.001810 0.117747 0.863521 0.000412 0.016510
2 2 0.001009 0.022289 0.947436 0.000000 0.029266
0 2 0.963345 0.006785 0.000320 0.000000 0.029550
4 2 0.035261 0.360273 0.183374 0.000399 0.420693
2 2 0.014177 0.270219 0.407580 0.000088 0.307936
2 2 0.004312 0.072466 0.847745 0.003626 0.071851
2 2 0.006608 0.026013 0.962464 0.000321 0.004594
2 2 0.036512 0.312168 0.572186 0.000100 0.079035
2 2 0.033473 0.354365 0.376392 0.000524 0.235247
1 1 0.097422 0.341969 0.337689 0.000045 0.222875
2 1 0.015963 0.238583 0.623612 0.000003 0.121838
4 1 0.141233 0.285806 0.097980 0.000021 0.474960
2 1 0.015338 0.180443 0.438482 0.000001 0.365737
4 1 0.004457 0.345652 0.208413 0.000002 0.441476
2 0 0.040950 0.370831 0.525110 0.000014 0.063095
0 0 0.583705 0.313483 0.088516 0.000003 0.014294
4 1 0.380887 0.110705 0.046642 0.000003 0.461762
4 1 0.053259 0.218385 0.122946 0.000055 0.605355
1 1 0.016878 0.405953 0.191562 0.000083 0.385524
2 1 0.000466 0.030459 0.957519 0.000001 0.011555
2 2 0.004339 0.229646 0.707120 0.000047 0.058848
2 2 0.000625 0.069859 0.924405 0.000056 0.005055
2 2 0.000050 0.009193 0.989521 0.000020 0.001216
2 2 0.001951 0.156702 0.827933 0.000004 0.013410
2 2 0.002459 0.085754 0.863561 0.000497 0.047730
1 2 0.240742 0.386300 0.263370 0.000038 0.109551
2 2 0.001512 0.055265 0.892267 0.000450 0.050505
2 2 0.000984 0.071762 0.924046 0.000061 0.003148
2 2 0.000395 0.039088 0.917225 0.000007 0.043284
2 2 0.000108 0.017758 0.980035 0.000014 0.002085
2 2 0.000279 0.017214 0.933411 0.000023 0.049073
2 2 0.000029 0.002000 0.996018 0.000207 0.001747
2 2 0.000004 0.000988 0.998916 0.000034 0.000057
2 2 0.000009 0.000648 0.990953 0.008340 0.000050
2 2 0.000009 0.000507 0.827163 0.172229 0.000092
2 2 0.000014 0.000531 0.822045 0.177395 0.000015
2 2 0.000379 0.001984 0.656403 0.340681 0.000553
2 2 0.000227 0.004300 0.993324 0.002066 0.000083
2 2 0.000063 0.000554 0.993337 0.006037 0.000009
2 2 0.000104 0.000858 0.816413 0.182559 0.000066
2 2 0.051357 0.009551 0.757278 0.176372 0.005442
2 2 0.000066 0.001872 0.994636 0.002979 0.000446
2 2 0.000083 0.001041 0.836931 0.161880 0.000065
2 2 0.000005 0.000457 0.884907 0.114587 0.000044
2 2 0.000023 0.000261 0.576305 0.423394 0.000016
2 2 0.000007 0.000176 0.575298 0.424510 0.000009
2 2 0.000061 0.001961 0.888665 0.109127 0.000186
2 2 0.000725 0.008135 0.985021 0.002048 0.004071
2 2 0.000085 0.000238 0.663492 0.336172 0.000012
2 2 0.018105 0.006787 0.947877 0.026953 0.000279
2 0 0.133632 0.237160 0.611710 0.012409 0.005089
1 1 0.128033 0.663119 0.159955 0.000003 0.048891
2 1 0.000737 0.108090 0.882712 0.000010 0.008451
2 1 0.006433 0.260046 0.726077 0.000044 0.007400
1 1 0.040606 0.627295 0.274611 0.000000 0.057487
2 1 0.005514 0.408385 0.567785 0.001727 0.016588
1 1 0.045649 0.477341 0.384744 0.000027 0.092239
2 1 0.018499 0.357054 0.562656 0.000002 0.061789
1 1 0.013507 0.518848 0.447445 0.000007 0.020193
1 1 0.032252 0.622399 0.321972 0.000048 0.023328
1 1 0.343426 0.476723 0.120988 0.000007 0.058856
2 1 0.003199 0.168892 0.666531 0.000139 0.161240
2 1 0.002053 0.339623 0.573671 0.000325 0.084329
2 1 0.002197 0.376518 0.548578 0.000039 0.072669
1 1 0.022551 0.431661 0.207489 0.000001 0.338299
2 1 0.010624 0.468631 0.500208 0.000002 0.020536
2 1 0.007405 0.251749 0.659675 0.000897 0.080274
2 1 0.001728 0.110150 0.809683 0.000044 0.078395
2 1 0.013979 0.157146 0.806879 0.000201 0.021795
1 1 0.097312 0.436116 0.317932 0.003061 0.145580
2 1 0.012031 0.184644 0.632043 0.000045 0.171237
2 1 0.001806 0.271829 0.707506 0.000010 0.018849
1 1 0.233815 0.365992 0.326330 0.000931 0.072932
1 1 0.018325 0.518092 0.326636 0.000002 0.136945
4 1 0.040097 0.247395 0.123207 0.000001 0.589299
1 1 0.189853 0.502156 0.116095 0.000001 0.191895
4 1 0.069488 0.247950 0.123066 0.000020 0.559475
1 1 0.023106 0.565546 0.283325 0.000013 0.128010
1 1 0.033858 0.485567 0.220591 0.000190 0.259794
2 1 0.021848 0.148665 0.488862 0.000632 0.339993
2 1 0.003134 0.102168 0.800440 0.000003 0.094254
4 1 0.008776 0.142344 0.340878 0.000022 0.507980
2 1 0.042257 0.338014 0.600691 0.000419 0.018619
1 1 0.034913 0.704526 0.235190 0.000032 0.025339
2 1 0.011667 0.276981 0.624806 0.000185 0.086361
2 1 0.003612 0.290315 0.692536 0.000328 0.013208
2 1 0.001613 0.190144 0.767408 0.000080 0.040755
2 1 0.000116 0.072855 0.925140 0.000140 0.001749
2 1 0.000537 0.032794 0.940132 0.000087 0.026451
2 1 0.002701 0.189001 0.753486 0.000072 0.054740
2 1 0.002537 0.460245 0.479398 0.000011 0.057810
2 1 0.003010 0.046450 0.947795 0.000041 0.002703
2 2 0.005029 0.292985 0.683120 0.000014 0.018853
1 2 0.049043 0.563535 0.219494 0.000077 0.167851
2 2 0.000410 0.018208 0.977733 0.003286 0.000362
2 2 0.027721 0.193079 0.601478 0.000220 0.177501
2 2 0.032878 0.388528 0.552072 0.000844 0.025679
2 2 0.015490 0.335054 0.643918 0.000124 0.005414
2 2 0.015643 0.084423 0.898688 0.000549 0.000697
2 2 0.000056 0.010920 0.988597 0.000061 0.000366
2 2 0.001595 0.066554 0.924449 0.000012 0.007389
2 2 0.000393 0.036023 0.959245 0.000001 0.004337
1 2 0.103318 0.538364 0.294344 0.000231 0.063742
2 2 0.055829 0.264213 0.644819 0.000340 0.034799
2 2 0.002434 0.094127 0.902089 0.000024 0.001326
2 2 0.003876 0.246674 0.746274 0.000016 0.003160
2 2 0.013143 0.199573 0.766278 0.000073 0.020933
0 2 0.416439 0.398277 0.168071 0.001357 0.015855
1 2 0.035214 0.383430 0.247654 0.000015 0.333688
2 2 0.006366 0.320129 0.629242 0.000091 0.044172
1 2 0.059931 0.638108 0.241641 0.000121 0.060199
2 2 0.016688 0.311651 0.476471 0.000040 0.195150
2 2 0.012245 0.361907 0.385709 0.000089 0.240049
1 2 0.139759 0.425618 0.150511 0.000044 0.284069
1 2 0.071663 0.511554 0.298799 0.000001 0.117982
1 1 0.133008 0.491951 0.167030 0.000038 0.207972
1 1 0.061649 0.384605 0.358518 0.000003 0.195224
1 0 0.012421 0.425766 0.331895 0.000001 0.229917
0 0 0.405297 0.175573 0.319142 0.000051 0.099936
2 0 0.126458 0.245184 0.612649 0.003590 0.012119
0 0 0.681636 0.205043 0.096634 0.002145 0.014542
0 0 0.746999 0.170104 0.058062 0.000091 0.024744
1 0 0.042064 0.483074 0.283550 0.000072 0.191241
2 0 0.057134 0.319834 0.335211 0.000001 0.287820
0 0 0.597113 0.234440 0.047023 0.000000 0.121424
1 0 0.103327 0.446053 0.150865 0.000001 0.299754
1 0 0.137968 0.564632 0.161429 0.000007 0.135965
1 0 0.063346 0.667113 0.215009 0.000020 0.054512
2 0 0.022638 0.299289 0.361912 0.000353 0.315808
4 1 0.003037 0.102508 0.391506 0.000014 0.502935
4 1 0.001485 0.050672 0.349918 0.000005 0.597919
4 1 0.006216 0.057834 0.053175 0.000032 0.882743
4 1 0.001977 0.045847 0.098336 0.000021 0.853819
4 1 0.010740 0.153427 0.067022 0.000014 0.768797
0 1 0.606117 0.124698 0.023040 0.000000 0.246144
1 1 0.051134 0.497986 0.212015 0.000150 0.238715
4 4 0.023117 0.066927 0.310940 0.039152 0.559864
4 4 0.037031 0.112698 0.269365 0.012733 0.568173
4 4 0.014948 0.080214 0.116022 0.000394 0.788422
4 4 0.229672 0.051278 0.021822 0.000018 0.697210
4 4 0.089001 0.145064 0.088350 0.000930 0.676655
4 4 0.014304 0.281975 0.178773 0.000477 0.524471
