0 0 0.612468 0.245560 0.054943 0.000102 0.086927
0 0 0.881386 0.088151 0.025406 0.000048 0.005008
1 0 0.376619 0.473263 0.141144 0.000320 0.008654
0 0 0.444148 0.335663 0.205024 0.003066 0.012100
2 0 0.264135 0.261212 0.421215 0.051055 0.002382
0 0 0.662528 0.215514 0.086013 0.000957 0.034989
0 1 0.427980 0.252609 0.063639 0.000283 0.255489
0 0 0.522593 0.232847 0.055043 0.000171 0.189346
0 1 0.683255 0.094753 0.031304 0.000367 0.190321
4 1 0.445855 0.071007 0.015147 0.000057 0.467934
2 0 0.171149 0.160559 0.376331 0.004512 0.287448
0 0 0.944665 0.039796 0.014719 0.000041 0.000779
0 0 0.358804 0.282497 0.261260 0.064352 0.033086
0 0 0.823125 0.108060 0.064062 0.001029 0.003724
0 0 0.440444 0.423369 0.115180 0.000253 0.020755
0 0 0.927293 0.040773 0.018063 0.000264 0.013606
0 0 0.957007 0.024872 0.008496 0.000046 0.009579
0 0 0.596808 0.276672 0.111683 0.000911 0.013926
1 1 0.283059 0.452716 0.138369 0.000938 0.124918
1 0 0.288801 0.437690 0.151631 0.001604 0.120274
0 0 0.433413 0.165955 0.074362 0.003132 0.323137
0 0 0.806507 0.094682 0.089912 0.002595 0.006303
0 0 0.595883 0.232690 0.113050 0.002593 0.055783
1 0 0.145563 0.546326 0.231100 0.002306 0.074705
1 0 0.388589 0.410936 0.124982 0.000667 0.074826
1 0 0.104481 0.473400 0.255679 0.002252 0.164188
1 0 0.044995 0.541931 0.345142 0.001303 0.066629
2 0 0.258589 0.202321 0.444245 0.089948 0.004897
0 0 0.611118 0.187766 0.183943 0.010235 0.006937
0 0 0.904532 0.063093 0.028566 0.000262 0.003547
2 0 0.354972 0.245153 0.383172 0.016094 0.000609
0 0 0.716800 0.192655 0.090349 0.000159 0.000037
0 0 0.801280 0.129773 0.067003 0.000627 0.001317
0 0 0.906514 0.058568 0.027227 0.000359 0.007332
0 0 0.879771 0.079370 0.026135 0.000120 0.014604
0 0 0.582581 0.263931 0.127255 0.002425 0.023808
0 0 0.622867 0.272053 0.081146 0.000265 0.023669
0 0 0.776015 0.157510 0.035327 0.000048 0.031101
0 0 0.884690 0.063322 0.014569 0.000026 0.037392
0 0 0.982949 0.007758 0.002267 0.000008 0.007017
0 0 0.637024 0.209236 0.140888 0.005965 0.006887
0 0 0.863026 0.091668 0.043420 0.000330 0.001555
0 0 0.507492 0.294948 0.194224 0.002868 0.000469
0 0 0.934245 0.042185 0.010368 0.000018 0.013184
0 0 0.567446 0.104897 0.028152 0.000185 0.299320
0 0 0.830932 0.101669 0.055696 0.001390 0.010312
0 0 0.548312 0.256675 0.059644 0.000151 0.135218
0 0 0.997127 0.000180 0.000022 0.000000 0.002671
0 0 0.913584 0.001616 0.000397 0.000002 0.084401
0 0 0.809142 0.134569 0.033966 0.000064 0.022259
0 0 0.731840 0.101352 0.019805 0.000031 0.146973
4 0 0.225288 0.208607 0.033023 0.000041 0.533041
4 0 0.073570 0.029435 0.005935 0.000037 0.891023
0 0 0.459011 0.234166 0.036263 0.000028 0.270531
0 0 0.744586 0.180487 0.043911 0.000078 0.030939
0 0 0.892585 0.073449 0.032487 0.000186 0.001292
0 0 0.616782 0.238373 0.142406 0.001721 0.000718
0 0 0.963342 0.022584 0.008273 0.000049 0.005752
0 0 0.985905 0.009307 0.002635 0.000005 0.002148
0 0 0.981175 0.010566 0.003238 0.000011 0.005009
0 0 0.734343 0.136577 0.101719 0.006033 0.021328
0 0 0.907867 0.061956 0.027390 0.000206 0.002581
0 0 0.728168 0.147072 0.103040 0.005306 0.016414
0 0 0.948134 0.036253 0.013784 0.000057 0.001772
0 0 0.767724 0.145284 0.082193 0.001472 0.003327
0 0 0.858522 0.094366 0.045142 0.000359 0.001612
0 0 0.944659 0.042250 0.013055 0.000006 0.000030
0 0 0.852300 0.101168 0.045851 0.000194 0.000487
0 0 0.638648 0.214507 0.137266 0.004358 0.005222
0 0 0.884738 0.077714 0.035532 0.000255 0.001761
0 0 0.844864 0.102315 0.050481 0.000468 0.001872
0 0 0.821617 0.111557 0.060237 0.001123 0.005466
0 0 0.723665 0.188964 0.070938 0.000482 0.015951
0 0 0.714231 0.185596 0.091609 0.001280 0.007283
0 0 0.694952 0.216481 0.077618 0.000379 0.010571
0 0 0.913106 0.057642 0.025513 0.000218 0.003522
0 0 0.879636 0.090162 0.023725 0.000035 0.006442
0 0 0.948553 0.037292 0.011417 0.000025 0.002713
0 0 0.948186 0.032188 0.010688 0.000049 0.008889
0 0 0.733795 0.086152 0.020571 0.000070 0.159413
0 0 0.925713 0.044648 0.011384 0.000024 0.018231
0 0 0.571309 0.211802 0.049789 0.000145 0.166955
0 0 0.875148 0.076543 0.017585 0.000029 0.030696
0 0 0.442196 0.358995 0.180157 0.002775 0.015877
0 0 0.686816 0.233874 0.073035 0.000176 0.006099
0 0 0.781586 0.128921 0.075958 0.002458 0.011078
0 0 0.963116 0.021666 0.005926 0.000015 0.009277
0 0 0.973412 0.010278 0.002811 0.000009 0.013490
0 0 0.929048 0.045711 0.019643 0.000182 0.005416
0 0 0.760566 0.061179 0.009580 0.000008 0.168667
0 0 0.663954 0.177979 0.085227 0.002435 0.070405
0 0 0.888466 0.059972 0.020580 0.000150 0.030832
0 0 0.938255 0.017257 0.003982 0.000009 0.040497
0 0 0.893737 0.053353 0.016677 0.000093 0.036141
1 0 0.348623 0.391011 0.096518 0.000012 0.163837
0 0 0.611675 0.210634 0.049116 0.000125 0.128451
4 0 0.360959 0.110616 0.031838 0.000347 0.496240
0 0 0.617911 0.161004 0.052901 0.000539 0.167644
0 0 0.514088 0.224150 0.069382 0.000583 0.191798
0 0 0.968751 0.021665 0.007407 0.000024 0.002153
0 0 0.901390 0.029688 0.003792 0.000001 0.065128
0 0 0.924279 0.022179 0.009240 0.000183 0.044119
0 0 0.932230 0.034029 0.014752 0.000231 0.018759
0 0 0.874668 0.076409 0.024027 0.000113 0.024783
0 0 0.939041 0.044680 0.009907 0.000009 0.006363
0 0 0.910525 0.045951 0.021495 0.000444 0.021584
0 0 0.826958 0.111187 0.057940 0.000779 0.003136
0 0 0.933626 0.025623 0.005914 0.000012 0.034825
0 0 0.787034 0.084300 0.037220 0.000956 0.090489
0 0 0.713680 0.157377 0.058964 0.000693 0.069286
0 0 0.979809 0.012578 0.003932 0.000012 0.003668
0 0 0.718857 0.183092 0.047009 0.000122 0.050920
0 0 0.731650 0.180446 0.055675 0.000239 0.031990
0 0 0.781039 0.143726 0.043857 0.000184 0.031194
0 0 0.831979 0.116929 0.036365 0.000128 0.014598
0 0 0.646113 0.255552 0.087563 0.000355 0.010417
0 0 0.965897 0.020579 0.005577 0.000013 0.007935
0 0 0.946709 0.034395 0.012711 0.000074 0.006111
0 0 0.875551 0.091211 0.029308 0.000075 0.003854
0 0 0.665247 0.246537 0.081323 0.000245 0.006648
0 0 0.594128 0.271071 0.080162 0.000343 0.054295
0 0 0.629219 0.273943 0.063875 0.000095 0.032867
0 0 0.583085 0.314407 0.096277 0.000210 0.006021
0 0 0.907411 0.066966 0.022642 0.000066 0.002916
0 0 0.977216 0.017345 0.005071 0.000005 0.000363
0 0 0.857714 0.086947 0.045304 0.000922 0.009113
2 0 0.220360 0.194655 0.461933 0.117827 0.005225
0 0 0.525186 0.260192 0.207637 0.005636 0.001349
0 0 0.824148 0.103866 0.057929 0.001645 0.012413
0 0 0.923911 0.050804 0.021750 0.000165 0.003370
0 0 0.862451 0.083940 0.043400 0.000871 0.009338
0 0 0.906143 0.067094 0.017460 0.000030 0.009274
0 0 0.959535 0.025714 0.009627 0.000058 0.005067
0 0 0.935523 0.039642 0.016847 0.000175 0.007813
0 0 0.969882 0.022512 0.007105 0.000010 0.000490
0 0 0.580836 0.276682 0.064573 0.000133 0.077777
0 0 0.958694 0.028045 0.005348 0.000003 0.007910
0 0 0.926936 0.041205 0.018274 0.000266 0.013318
0 0 0.917929 0.056359 0.023800 0.000135 0.001777
0 0 0.935424 0.043705 0.017880 0.000111 0.002880
0 0 0.696610 0.203167 0.096180 0.000852 0.003192
0 0 0.700427 0.174736 0.118466 0.002935 0.003436
0 0 0.963526 0.023822 0.008636 0.000043 0.003973
0 0 0.918364 0.052352 0.023319 0.000246 0.005719
0 0 0.536465 0.193564 0.225333 0.026907 0.017731
0 0 0.917424 0.044140 0.015383 0.000112 0.022941
0 0 0.942638 0.022625 0.007566 0.000056 0.027116
0 0 0.861637 0.076309 0.035954 0.000746 0.025354
0 0 0.952833 0.029656 0.008857 0.000028 0.008625
0 0 0.896257 0.032315 0.008445 0.000033 0.062951
4 0 0.453574 0.049819 0.011338 0.000058 0.485212
0 0 0.519684 0.308303 0.115452 0.001177 0.055384
0 0 0.838684 0.103110 0.037061 0.000256 0.020889
0 0 0.940524 0.035008 0.011820 0.000064 0.012584
0 0 0.900735 0.031784 0.011235 0.000126 0.056120
0 0 0.880074 0.077448 0.020422 0.000049 0.022007
0 0 0.604395 0.243002 0.063867 0.000215 0.088521
0 0 0.582530 0.218720 0.068732 0.000521 0.129498
0 0 0.743813 0.063292 0.017224 0.000102 0.175569
0 0 0.940816 0.018622 0.006402 0.000059 0.034101
0 0 0.393947 0.364814 0.112148 0.000767 0.128324
0 0 0.426771 0.363009 0.090396 0.000277 0.119548
0 0 0.834455 0.030493 0.009098 0.000075 0.125880
4 0 0.441208 0.029689 0.008099 0.000090 0.520914
0 0 0.513882 0.168270 0.054912 0.000656 0.262280
0 0 0.846112 0.107384 0.029510 0.000071 0.016923
0 0 0.761412 0.150307 0.046382 0.000224 0.041675
1 0 0.255423 0.571673 0.137885 0.000246 0.034773
0 0 0.687552 0.199859 0.069070 0.000493 0.043026
0 0 0.774875 0.163451 0.047562 0.000124 0.013988
0 0 0.987361 0.009661 0.002516 0.000002 0.000461
0 0 0.449973 0.301284 0.232439 0.012749 0.003555
1 1 0.095580 0.567965 0.190875 0.000753 0.144827
1 1 0.247779 0.515060 0.123311 0.000333 0.113516
1 1 0.202982 0.599352 0.122735 0.000135 0.074796
1 1 0.182273 0.530471 0.114734 0.000261 0.172261
2 2 0.035584 0.214448 0.662432 0.071284 0.016251
2 2 0.014589 0.291083 0.610002 0.016402 0.067924
2 2 0.018845 0.268615 0.664934 0.009023 0.038583
2 1 0.000293 0.046627 0.948897 0.001128 0.003056
2 2 0.004253 0.137007 0.819533 0.010970 0.028237
2 4 0.009871 0.255829 0.712997 0.004407 0.016896
2 4 0.009705 0.078834 0.566125 0.218311 0.127025
4 4 0.030923 0.059955 0.012492 0.000090 0.896541
4 4 0.057543 0.145258 0.083511 0.000024 0.713664
4 4 0.026444 0.365515 0.232991 0.000530 0.374521
4 4 0.007599 0.321245 0.287816 0.000237 0.383103
2 4 0.005193 0.304809 0.554430 0.001539 0.134030
2 4 0.000778 0.097839 0.836302 0.004045 0.061036
2 0 0.004486 0.119215 0.848686 0.012729 0.014883
0 4 0.482911 0.329593 0.089076 0.000340 0.098080
4 4 0.048874 0.299772 0.107848 0.000131 0.543375
4 1 0.014688 0.095262 0.012013 0.000003 0.878034
4 1 0.056093 0.239464 0.038082 0.000065 0.666295
4 4 0.124068 0.273125 0.083603 0.000030 0.519175
4 1 0.272795 0.106615 0.026600 0.000194 0.593796
4 1 0.188851 0.252568 0.107692 0.000073 0.450816
4 1 0.023720 0.232920 0.064078 0.000011 0.679272
1 1 0.074086 0.576492 0.233664 0.000163 0.115595
1 4 0.078668 0.496794 0.201834 0.005803 0.216902
4 1 0.044663 0.050320 0.008757 0.000032 0.896229
4 1 0.119758 0.085587 0.022612 0.000269 0.771775
4 1 0.214358 0.158424 0.034001 0.000066 0.593150
0 4 0.377577 0.291837 0.203163 0.004775 0.122648
1 4 0.307955 0.393814 0.109276 0.000609 0.188346
4 4 0.051300 0.083379 0.042813 0.000001 0.822506
4 4 0.040945 0.181051 0.034256 0.000002 0.743746
4 4 0.024547 0.139721 0.026843 0.000011 0.808878
4 4 0.026840 0.206291 0.103740 0.000457 0.662673
4 4 0.076239 0.145850 0.045139 0.000926 0.731845
4 4 0.051648 0.174479 0.038968 0.000228 0.734677
4 4 0.086752 0.174341 0.139280 0.000326 0.599302
4 4 0.092752 0.287616 0.097428 0.000057 0.522147
4 4 0.026479 0.344751 0.145561 0.000157 0.483052
2 4 0.016872 0.371665 0.396444 0.000017 0.215003
4 4 0.020034 0.198474 0.097140 0.000041 0.684310
4 4 0.074680 0.159058 0.036455 0.000007 0.729801
4 4 0.125691 0.262797 0.050943 0.000017 0.560553
1 4 0.026972 0.370768 0.233283 0.000347 0.368630
4 4 0.065162 0.330761 0.155720 0.000071 0.448286
2 4 0.022787 0.280365 0.390595 0.000012 0.306240
2 4 0.006806 0.297738 0.612289 0.000069 0.083098
2 4 0.016242 0.363813 0.415894 0.000040 0.204011
4 2 0.009272 0.259718 0.165216 0.000069 0.565725
2 2 0.005362 0.286978 0.593091 0.000535 0.114035
2 2 0.000760 0.036942 0.957168 0.003040 0.002090
2 2 0.001451 0.024217 0.970294 0.002453 0.001585
2 2 0.000664 0.012927 0.985041 0.000440 0.000929
2 2 0.002628 0.037913 0.954120 0.001614 0.003725
2 2 0.000764 0.019513 0.977570 0.001201 0.000953
2 2 0.002720 0.066738 0.914379 0.008100 0.008063
2 1 0.001064 0.013384 0.802431 0.182573 0.000549
2 2 0.012935 0.341256 0.601366 0.005983 0.038460
1 2 0.071492 0.529124 0.246779 0.000609 0.151996
2 1 0.027768 0.431777 0.440063 0.000851 0.099542
4 2 0.286194 0.194845 0.112313 0.000784 0.405864
2 2 0.001942 0.037791 0.945322 0.001043 0.013901
2 2 0.009164 0.073716 0.876935 0.016690 0.023495
2 2 0.010076 0.042313 0.916564 0.024473 0.006573
2 2 0.000589 0.027241 0.952741 0.017810 0.001619
2 2 0.000169 0.004584 0.717645 0.276833 0.000769
2 2 0.000194 0.006101 0.927885 0.065545 0.000275
2 2 0.001841 0.038034 0.912621 0.042266 0.005238
2 2 0.002756 0.046725 0.919172 0.007572 0.023775
2 2 0.000366 0.009988 0.936141 0.052581 0.000924
2 3 0.005899 0.108406 0.704704 0.119855 0.061137
2 2 0.000471 0.010987 0.851717 0.135483 0.001342
2 3 0.000688 0.011661 0.643737 0.341963 0.001951
2 3 0.001318 0.010682 0.587491 0.398231 0.002278
2 3 0.000059 0.001838 0.721730 0.276004 0.000370
2 3 0.006830 0.053195 0.824859 0.112138 0.002978
2 3 0.005863 0.064025 0.904857 0.022319 0.002936
2 3 0.007582 0.069484 0.804261 0.096389 0.022284
2 2 0.003239 0.060790 0.704737 0.216490 0.014744
2 3 0.002015 0.018954 0.857848 0.120903 0.000279
2 3 0.001186 0.009253 0.721987 0.267105 0.000470
2 3 0.012906 0.085708 0.822327 0.076457 0.002602
2 2 0.003437 0.024335 0.937955 0.033934 0.000338
2 2 0.000165 0.002372 0.700119 0.297304 0.000041
3 2 0.001757 0.010054 0.440747 0.546919 0.000523
2 2 0.006906 0.028355 0.683633 0.279677 0.001428
2 3 0.001685 0.010628 0.592630 0.394743 0.000315
2 2 0.000668 0.006382 0.934889 0.057984 0.000078
2 2 0.000705 0.007963 0.652850 0.337573 0.000909
2 2 0.004848 0.034801 0.812588 0.146803 0.000960
2 3 0.001547 0.019209 0.755616 0.221956 0.001672
3 2 0.001118 0.007231 0.397840 0.593349 0.000463
2 2 0.001247 0.011201 0.624456 0.362234 0.000862
2 3 0.001625 0.011305 0.795943 0.190609 0.000517
3 3 0.000044 0.000791 0.315723 0.683254 0.000189
3 3 0.000165 0.001826 0.149588 0.847479 0.000942
2 3 0.000080 0.003324 0.825624 0.170736 0.000235
3 3 0.000536 0.005356 0.377145 0.616116 0.000848
2 3 0.001542 0.015788 0.506391 0.474412 0.001867
3 3 0.001590 0.005289 0.065047 0.923695 0.004378
3 3 0.000157 0.002701 0.335623 0.660540 0.000979
2 3 0.000498 0.007337 0.545087 0.444139 0.002939
3 3 0.002093 0.011520 0.437766 0.541481 0.007140
3 3 0.002072 0.007756 0.133477 0.855317 0.001378
3 3 0.000156 0.001946 0.389240 0.608525 0.000133
2 3 0.001100 0.009108 0.765268 0.224251 0.000273
3 3 0.001906 0.014965 0.225535 0.749465 0.008129
3 3 0.001752 0.009469 0.179919 0.804541 0.004319
3 3 0.000745 0.010414 0.472878 0.513231 0.002732
3 3 0.000110 0.001944 0.108011 0.888604 0.001331
3 3 0.000198 0.001810 0.094181 0.902615 0.001196
2 3 0.002703 0.023009 0.618959 0.349616 0.005714
3 3 0.000575 0.003028 0.095994 0.898994 0.001409
3 3 0.001189 0.007142 0.319753 0.669686 0.002229
2 3 0.000231 0.003144 0.887464 0.109106 0.000055
3 3 0.000267 0.001846 0.051216 0.945280 0.001392
3 3 0.000502 0.004406 0.430581 0.563516 0.000996
3 3 0.000096 0.001553 0.255579 0.742513 0.000259
3 3 0.000225 0.002000 0.193072 0.804511 0.000192
3 3 0.000648 0.004385 0.244350 0.749445 0.001172
3 3 0.000207 0.003064 0.467550 0.528874 0.000305
3 3 0.000633 0.007642 0.389664 0.600467 0.001593
2 3 0.001699 0.011234 0.666360 0.318766 0.001941
3 3 0.001795 0.009892 0.381584 0.604308 0.002421
2 3 0.001453 0.020273 0.652982 0.323009 0.002283
3 3 0.000952 0.004519 0.118234 0.874455 0.001840
3 3 0.002795 0.018035 0.284284 0.690070 0.004816
3 3 0.000085 0.000882 0.071389 0.927099 0.000545
3 3 0.000570 0.004644 0.384316 0.608784 0.001686
2 3 0.000773 0.006789 0.626831 0.365173 0.000433
3 3 0.000516 0.004294 0.382733 0.612002 0.000455
3 3 0.000066 0.001071 0.179378 0.818917 0.000568
3 3 0.000090 0.001454 0.131811 0.865758 0.000887
3 3 0.000206 0.002296 0.361482 0.635750 0.000266
3 3 0.000014 0.000251 0.085176 0.914439 0.000120
3 3 0.001486 0.008860 0.399089 0.588097 0.002468
3 3 0.002193 0.017900 0.333176 0.643820 0.002912
3 3 0.000318 0.002692 0.234847 0.761585 0.000559
3 3 0.000398 0.002998 0.133001 0.862467 0.001135
3 3 0.000080 0.002063 0.213560 0.783054 0.001242
3 3 0.000545 0.004241 0.154576 0.838279 0.002359
3 3 0.000398 0.002543 0.118468 0.876941 0.001651
3 3 0.001625 0.005100 0.055400 0.933536 0.004339
3 3 0.000254 0.001734 0.087958 0.908926 0.001128
3 3 0.000457 0.004050 0.390973 0.602338 0.002181
3 3 0.000790 0.005376 0.310203 0.682429 0.001203
2 3 0.000138 0.002077 0.624603 0.372859 0.000324
3 3 0.000685 0.009371 0.353154 0.633662 0.003128
3 3 0.000065 0.001039 0.332149 0.666610 0.000138
2 3 0.000536 0.005764 0.579368 0.413829 0.000504
3 3 0.000741 0.004035 0.137997 0.854497 0.002731
3 3 0.000217 0.002321 0.318712 0.678107 0.000643
3 3 0.000931 0.003397 0.049488 0.943411 0.002773
3 3 0.006545 0.036468 0.303217 0.626621 0.027149
3 3 0.001991 0.013627 0.222115 0.751617 0.010650
2 2 0.003569 0.028804 0.763329 0.202859 0.001439
2 2 0.008201 0.095408 0.641034 0.234943 0.020414
2 2 0.014414 0.228177 0.701664 0.042547 0.013198
2 2 0.037545 0.336753 0.541798 0.033343 0.050561
1 2 0.088386 0.479307 0.306328 0.021808 0.104171
1 0 0.086102 0.501948 0.383880 0.001276 0.026795
1 1 0.108174 0.560064 0.178359 0.001724 0.151679
4 1 0.193334 0.285186 0.107092 0.002721 0.411668
1 2 0.097699 0.322069 0.276027 0.012472 0.291734
2 2 0.020479 0.147353 0.792827 0.004020 0.035320
2 2 0.018057 0.091510 0.816820 0.036753 0.036861
2 2 0.007717 0.137448 0.746308 0.039726 0.068801
2 2 0.000338 0.051906 0.937064 0.001087 0.009606
2 1 0.016046 0.114399 0.849935 0.000504 0.019116
2 2 0.018224 0.261907 0.669942 0.002401 0.047526
2 2 0.000926 0.056766 0.931745 0.000328 0.010236
1 1 0.059126 0.491345 0.323224 0.000497 0.125808
1 1 0.031115 0.501849 0.418740 0.000537 0.047758
2 2 0.008521 0.348793 0.594895 0.000217 0.047574
2 2 0.007925 0.376146 0.600080 0.000039 0.015809
1 2 0.283749 0.491270 0.167681 0.000488 0.056812
2 2 0.025531 0.313283 0.628924 0.000451 0.031810
1 2 0.099452 0.592083 0.246405 0.000200 0.061861
1 2 0.131437 0.602589 0.119290 0.000193 0.146490
1 2 0.074377 0.646516 0.154213 0.000297 0.124598
1 2 0.056129 0.606008 0.296572 0.003420 0.037870
2 2 0.031346 0.442916 0.495189 0.002237 0.028312
2 2 0.072676 0.255111 0.528756 0.010449 0.133007
2 1 0.138533 0.334101 0.397661 0.002449 0.127256
4 1 0.178474 0.119291 0.020433 0.000042 0.681760
1 1 0.030343 0.493898 0.295488 0.002013 0.178258
2 2 0.005428 0.448407 0.514169 0.000314 0.031682
2 1 0.017880 0.455240 0.466043 0.001990 0.058847
1 1 0.030670 0.516708 0.185143 0.004249 0.263230
0 1 0.404703 0.404007 0.124220 0.000658 0.066411
2 1 0.022805 0.424613 0.527451 0.000529 0.024602
1 1 0.096892 0.637891 0.225727 0.000598 0.038892
1 1 0.131907 0.618253 0.220734 0.001671 0.027435
1 1 0.043488 0.603387 0.270978 0.004440 0.077707
2 2 0.038901 0.386195 0.518264 0.011122 0.045518
2 2 0.012875 0.083053 0.869718 0.028922 0.005432
2 2 0.018320 0.377573 0.581648 0.000192 0.022266
1 2 0.010339 0.743848 0.202000 0.000381 0.043433
1 2 0.039143 0.721360 0.163169 0.000409 0.075920
2 2 0.023017 0.388073 0.533774 0.003021 0.052115
1 2 0.009426 0.645222 0.318394 0.000056 0.026903
1 1 0.020365 0.491229 0.473404 0.000239 0.014763
1 1 0.103109 0.658659 0.196051 0.000916 0.041266
1 1 0.319202 0.564341 0.082375 0.000023 0.034060
1 1 0.081927 0.726134 0.174373 0.000281 0.017286
1 1 0.123157 0.567742 0.090490 0.000078 0.218533
1 1 0.094396 0.721690 0.117405 0.000072 0.066437
1 2 0.022367 0.639583 0.127196 0.000324 0.210531
1 2 0.040508 0.667458 0.194651 0.000395 0.096989
1 2 0.065287 0.777392 0.131776 0.000071 0.025474
1 2 0.134974 0.633168 0.197631 0.000273 0.033954
1 2 0.025546 0.603204 0.173515 0.000675 0.197060
1 2 0.125973 0.598447 0.128860 0.000285 0.146435
1 2 0.094479 0.537825 0.225253 0.000166 0.142276
1 2 0.101728 0.414046 0.188890 0.000462 0.294874
1 2 0.062157 0.561011 0.139067 0.000201 0.237564
1 2 0.169800 0.464737 0.101165 0.000284 0.264013
1 2 0.143353 0.450187 0.363813 0.001128 0.041518
2 2 0.039811 0.355032 0.524747 0.014072 0.066338
1 0 0.378327 0.423577 0.144625 0.000100 0.053371
0 1 0.876267 0.086351 0.036898 0.000117 0.000367
1 1 0.022735 0.579902 0.365022 0.000689 0.031652
2 1 0.054264 0.226236 0.456905 0.170402 0.092193
1 2 0.079296 0.329321 0.248247 0.033088 0.310048
2 2 0.054642 0.269707 0.366115 0.138281 0.171254
2 2 0.024507 0.331972 0.520678 0.020998 0.101845
2 2 0.050701 0.353889 0.468349 0.019055 0.108007
1 2 0.026415 0.641549 0.216861 0.002944 0.112232
1 0 0.099158 0.584951 0.273148 0.000663 0.042079
2 0 0.303243 0.275322 0.391773 0.028345 0.001318
0 1 0.443011 0.306409 0.234342 0.012579 0.003659
1 1 0.252202 0.436065 0.059052 0.000027 0.252654
0 1 0.555541 0.221197 0.068423 0.000524 0.154315
1 1 0.318597 0.460950 0.118601 0.000390 0.101463
1 1 0.050345 0.719664 0.137479 0.000191 0.092320
4 1 0.250061 0.316275 0.103652 0.000210 0.329802
1 1 0.050538 0.398899 0.384858 0.001994 0.163712
1 1 0.016270 0.427274 0.423139 0.003536 0.129781
2 1 0.011763 0.374532 0.505176 0.004980 0.103549
1 1 0.020343 0.362166 0.358832 0.000529 0.258130
1 1 0.229800 0.450585 0.105044 0.000335 0.214236
1 1 0.152369 0.600965 0.130286 0.000014 0.116367
1 1 0.095342 0.502509 0.187060 0.000348 0.214741
1 1 0.024125 0.422695 0.270370 0.000819 0.281990
1 1 0.010975 0.500539 0.392415 0.004573 0.091498
2 0 0.023754 0.405110 0.500057 0.000424 0.070655
0 1 0.378224 0.239165 0.134838 0.011263 0.236510
0 1 0.485034 0.362821 0.126630 0.000739 0.024776
1 1 0.040759 0.597005 0.271193 0.000240 0.090803
1 1 0.038705 0.526839 0.229268 0.009180 0.196008
2 2 0.003624 0.172549 0.786739 0.004219 0.032869
2 2 0.003310 0.045673 0.946549 0.001663 0.002805
1 2 0.049789 0.544349 0.349150 0.000489 0.056224
2 2 0.040099 0.443505 0.480920 0.003277 0.032199
2 2 0.020082 0.410825 0.537448 0.001556 0.030089
1 2 0.047286 0.476447 0.233136 0.014813 0.228318
2 2 0.002234 0.159777 0.804668 0.004713 0.028607
2 2 0.001270 0.043335 0.939742 0.010745 0.004908
2 2 0.011502 0.327094 0.564292 0.003127 0.093986
2 2 0.015148 0.354784 0.532162 0.006513 0.091393
1 2 0.059552 0.583037 0.248479 0.006656 0.102276
1 2 0.114531 0.518509 0.149411 0.001142 0.216407
1 2 0.021449 0.478638 0.355701 0.002055 0.142158
2 2 0.034578 0.323791 0.517787 0.038656 0.085188
2 2 0.019521 0.382011 0.560581 0.005580 0.032308
2 2 0.005523 0.064443 0.914288 0.010232 0.005514
2 2 0.000431 0.017837 0.979807 0.001532 0.000393
1 0 0.058583 0.463127 0.457139 0.000962 0.020189
1 0 0.204444 0.508614 0.259829 0.006274 0.020839
0 0 0.852433 0.103366 0.030985 0.000093 0.013123
0 0 0.899301 0.064310 0.030168 0.000374 0.005845
0 0 0.800235 0.121612 0.047617 0.000500 0.030036
0 0 0.944213 0.034070 0.013955 0.000129 0.007632
0 0 0.776758 0.128789 0.077175 0.002916 0.014362
0 0 0.748951 0.134810 0.085376 0.004861 0.026001
1 0 0.178831 0.559444 0.218963 0.002554 0.040207
1 0 0.059029 0.727741 0.193218 0.000496 0.019515
1 0 0.102159 0.740092 0.129449 0.000075 0.028225
0 0 0.720406 0.119933 0.042782 0.000529 0.116350
0 0 0.925937 0.048520 0.020899 0.000181 0.004463
2 0 0.182278 0.339429 0.450937 0.024806 0.002550
1 1 0.109185 0.721030 0.122792 0.000077 0.046916
1 1 0.108008 0.677378 0.115720 0.000012 0.098883
2 1 0.015762 0.419110 0.439704 0.000087 0.125338
1 1 0.090346 0.557738 0.075148 0.000039 0.276729
1 1 0.050103 0.568743 0.306456 0.000061 0.074637
1 1 0.200140 0.407660 0.130819 0.001489 0.259892
1 1 0.089508 0.382082 0.239274 0.000282 0.288854
1 4 0.176593 0.523206 0.271623 0.000007 0.028572
1 4 0.056028 0.457787 0.180306 0.000009 0.305871
4 4 0.265364 0.192249 0.026213 0.000013 0.516161
4 4 0.129712 0.150547 0.025270 0.000028 0.694443
4 4 0.099044 0.164909 0.031143 0.000098 0.704806
4 4 0.084026 0.041555 0.005382 0.000006 0.869030
4 4 0.167226 0.111683 0.020468 0.000053 0.700569
4 4 0.185425 0.133838 0.035412 0.000340 0.644984
4 4 0.078469 0.123294 0.033362 0.000437 0.764438
4 4 0.039533 0.307943 0.065047 0.000108 0.587369
4 4 0.027705 0.070198 0.017309 0.000026 0.884762
4 4 0.062190 0.075464 0.020737 0.000338 0.841272
4 4 0.052891 0.435975 0.073206 0.000120 0.437808
4 4 0.077163 0.093516 0.011925 0.000011 0.817385
4 4 0.090383 0.164173 0.104041 0.000042 0.641361
4 4 0.366628 0.056000 0.011026 0.000036 0.566311
4 4 0.167821 0.017158 0.002821 0.000008 0.812192
1 4 0.307294 0.368422 0.091701 0.000375 0.232208
1 4 0.035945 0.435607 0.170493 0.000013 0.357941
4 4 0.040956 0.235534 0.046134 0.000042 0.677334
4 1 0.069470 0.357355 0.070166 0.000010 0.502999
4 1 0.178263 0.355455 0.065147 0.000004 0.401130
1 1 0.036857 0.510369 0.322903 0.000010 0.129860
4 1 0.085943 0.236498 0.099239 0.000009 0.578310
4 1 0.022327 0.315703 0.232277 0.000005 0.429687
4 1 0.048325 0.241982 0.118479 0.000004 0.591209
1 1 0.048062 0.456409 0.100676 0.000431 0.394422
4 1 0.054388 0.274860 0.072872 0.000003 0.597878
4 1 0.017704 0.122265 0.022673 0.000001 0.837358
4 1 0.098860 0.275400 0.055084 0.000005 0.570651
1 1 0.082776 0.584598 0.239731 0.000035 0.092861
1 1 0.116379 0.490614 0.267077 0.000028 0.125902
1 1 0.043938 0.518013 0.368753 0.000060 0.069236
1 1 0.072888 0.466121 0.308789 0.000067 0.152135
1 1 0.158695 0.424262 0.054011 0.000005 0.363026
2 1 0.026874 0.380342 0.443168 0.000013 0.149602
1 1 0.002560 0.407933 0.387203 0.000200 0.202104
1 0 0.094896 0.535613 0.319579 0.000294 0.049618
0 0 0.685304 0.256785 0.052216 0.000025 0.005671
1 1 0.141355 0.683361 0.156764 0.000200 0.018321
1 1 0.157718 0.442772 0.044253 0.000008 0.355249
1 1 0.061114 0.579498 0.058343 0.000009 0.301036
1 1 0.081326 0.595557 0.230089 0.000071 0.092957
1 1 0.101303 0.471023 0.218741 0.000394 0.208539
1 1 0.217879 0.549319 0.097086 0.000094 0.135622
1 1 0.231304 0.532725 0.147138 0.000025 0.088809
1 1 0.044804 0.438028 0.263688 0.000570 0.252909
2 1 0.010140 0.429444 0.478401 0.001423 0.080592
1 1 0.065138 0.522210 0.159521 0.000080 0.253050
1 1 0.048185 0.530923 0.116720 0.000055 0.304117
1 1 0.061673 0.570474 0.274644 0.000577 0.092632
1 1 0.073057 0.602717 0.238604 0.000068 0.085554
1 2 0.035569 0.502130 0.382131 0.002923 0.077247
2 1 0.003386 0.161882 0.812890 0.003705 0.018137
2 2 0.013170 0.148341 0.803714 0.000194 0.034580
2 2 0.023864 0.382234 0.508228 0.000050 0.085624
1 1 0.021607 0.485270 0.329002 0.000104 0.164018
2 2 0.040121 0.442591 0.467608 0.000694 0.048986
2 2 0.044493 0.257222 0.683089 0.000559 0.014637
2 2 0.040172 0.341022 0.430308 0.000809 0.187688
1 2 0.026763 0.452006 0.284770 0.000121 0.236340
2 2 0.001882 0.102431 0.853731 0.017197 0.024760
2 0 0.056662 0.398276 0.476519 0.000146 0.068397
1 0 0.030839 0.505058 0.301996 0.000190 0.161917
1 1 0.027679 0.739485 0.106988 0.000067 0.125781
1 0 0.074847 0.607996 0.066662 0.000017 0.250478
0 0 0.527458 0.363320 0.082214 0.000101 0.026907
1 1 0.179912 0.655761 0.121606 0.000093 0.042628
4 1 0.175039 0.365898 0.049858 0.000010 0.409195
1 1 0.109484 0.389795 0.194945 0.000019 0.305758
1 0 0.076080 0.507893 0.112618 0.000071 0.303338
1 0 0.192907 0.536835 0.172469 0.001331 0.096459
1 1 0.371133 0.471109 0.136249 0.000381 0.021128
4 1 0.059798 0.443796 0.044256 0.000011 0.452138
0 1 0.571655 0.198797 0.033185 0.000030 0.196334
1 2 0.025399 0.597052 0.223703 0.002156 0.151690
1 2 0.014887 0.489184 0.295552 0.000854 0.199523
1 0 0.026312 0.762492 0.195778 0.000008 0.015410
0 0 0.667778 0.185381 0.052750 0.000250 0.093841
0 0 0.855007 0.051001 0.010038 0.000014 0.083939
0 0 0.473111 0.360985 0.081191 0.000149 0.084563
1 1 0.223194 0.623811 0.132992 0.000125 0.019878
1 1 0.042361 0.804263 0.128333 0.000059 0.024984
1 1 0.133184 0.700901 0.097396 0.000032 0.068487
1 1 0.189382 0.514327 0.123605 0.000412 0.172274
1 0 0.064604 0.732910 0.138836 0.000030 0.063621
1 0 0.076994 0.739577 0.170314 0.000214 0.012900
0 0 0.734289 0.167053 0.041829 0.000104 0.056725
0 0 0.648068 0.268421 0.059270 0.000065 0.024176
0 0 0.900634 0.054620 0.026409 0.000558 0.017779
0 0 0.894637 0.065840 0.031555 0.000461 0.007507
0 0 0.803616 0.094672 0.056069 0.003128 0.042514
0 0 0.482346 0.278687 0.216227 0.015555 0.007184
0 0 0.535921 0.358084 0.077305 0.000082 0.028608
0 0 0.794615 0.122148 0.052750 0.000788 0.029699
0 0 0.409648 0.296152 0.284230 0.009158 0.000812
1 0 0.316437 0.337431 0.196564 0.003640 0.145928
1 1 0.136240 0.587010 0.138014 0.000408 0.138329
1 1 0.050087 0.669958 0.202816 0.000096 0.077042
1 1 0.109245 0.625261 0.114281 0.000144 0.151069
1 1 0.053491 0.453473 0.082997 0.000049 0.409989
4 1 0.016750 0.361997 0.090533 0.000855 0.529864
1 1 0.025023 0.440234 0.313008 0.005538 0.216197
0 1 0.413930 0.235693 0.219808 0.002486 0.128084
1 2 0.053817 0.384681 0.292031 0.003477 0.265995
1 2 0.013321 0.372746 0.359733 0.003178 0.251021
2 2 0.021334 0.225159 0.657243 0.025399 0.070864
2 2 0.020163 0.272885 0.659952 0.004479 0.042522
2 2 0.003185 0.173743 0.802942 0.000486 0.019644
1 1 0.011889 0.510961 0.371401 0.000643 0.105106
1 1 0.053558 0.499366 0.244302 0.014061 0.188713
2 2 0.045719 0.415862 0.507436 0.001070 0.029913
1 0 0.174751 0.425187 0.326009 0.001452 0.072602
1 1 0.268507 0.427755 0.277849 0.013214 0.012675
1 1 0.084277 0.621631 0.262964 0.003979 0.027149
2 1 0.028313 0.361905 0.527193 0.000167 0.082422
2 1 0.036093 0.382602 0.543601 0.002082 0.035622
2 1 0.281487 0.255731 0.304251 0.119491 0.039040
1 1 0.309743 0.544168 0.132153 0.000169 0.013767
1 1 0.035619 0.636684 0.231876 0.003652 0.092169
1 1 0.049986 0.474537 0.236074 0.015669 0.223734
1 1 0.115944 0.556414 0.132298 0.000478 0.194867
1 1 0.020283 0.580591 0.356017 0.000536 0.042573
2 1 0.059904 0.273128 0.443442 0.012046 0.211480
1 0 0.195909 0.422449 0.212942 0.010464 0.158235
1 1 0.345992 0.425652 0.226519 0.001323 0.000514
1 1 0.036684 0.699204 0.208503 0.001288 0.054321
1 1 0.103557 0.612151 0.210323 0.002040 0.071929
1 1 0.024845 0.586339 0.312358 0.002376 0.074082
2 2 0.001512 0.096249 0.879808 0.009807 0.012623
2 2 0.000155 0.010236 0.988288 0.001204 0.000117
2 2 0.045614 0.316642 0.576927 0.000116 0.060702
2 2 0.001180 0.036889 0.907199 0.049299 0.005433
2 2 0.000366 0.023594 0.972913 0.001935 0.001191
2 2 0.003938 0.014534 0.976275 0.005003 0.000249
2 2 0.000830 0.007590 0.981652 0.009803 0.000126
2 2 0.003046 0.066398 0.898668 0.027848 0.004040
2 2 0.004329 0.101485 0.847588 0.029034 0.017563
2 2 0.002308 0.044213 0.941799 0.007187 0.004493
2 2 0.006038 0.045416 0.926849 0.020200 0.001496
2 2 0.000249 0.008360 0.981574 0.009688 0.000130
2 2 0.006385 0.044788 0.931726 0.015431 0.001668
2 2 0.001108 0.042293 0.953634 0.002131 0.000833
2 2 0.011124 0.171878 0.796952 0.011104 0.008942
2 2 0.008608 0.106405 0.879909 0.000963 0.004114
2 2 0.002274 0.044527 0.950870 0.001573 0.000755
2 2 0.003634 0.034822 0.929472 0.031235 0.000836
2 2 0.001061 0.026197 0.967045 0.005241 0.000456
2 2 0.001318 0.061002 0.925521 0.007175 0.004983
2 0 0.014589 0.107846 0.872990 0.003166 0.001409
0 0 0.865933 0.089468 0.042467 0.000343 0.001789
1 2 0.302984 0.540782 0.145474 0.000247 0.010514
1 2 0.114787 0.593293 0.220199 0.002749 0.068971
2 2 0.040379 0.428986 0.473702 0.005306 0.051627
1 2 0.091407 0.442316 0.250802 0.000036 0.215439
2 2 0.006642 0.066219 0.917255 0.004010 0.005875
2 2 0.003977 0.194307 0.785406 0.001447 0.014863
1 2 0.038488 0.443867 0.378404 0.001010 0.138230
2 2 0.028427 0.242946 0.667516 0.013227 0.047884
1 1 0.047286 0.484202 0.418501 0.000514 0.049497
2 2 0.035937 0.323031 0.613337 0.001857 0.025838
2 2 0.008958 0.118944 0.846548 0.019951 0.005599
2 2 0.113466 0.321892 0.427391 0.003725 0.133526
2 2 0.002717 0.039178 0.925375 0.031904 0.000826
2 2 0.016089 0.150815 0.824075 0.002938 0.006083
2 2 0.041326 0.397799 0.530526 0.000891 0.029459
2 2 0.028673 0.151019 0.803533 0.003713 0.013062
2 2 0.001834 0.053968 0.940379 0.002320 0.001499
2 2 0.004894 0.063399 0.912881 0.016775 0.002051
2 2 0.013647 0.071880 0.766396 0.134241 0.013835
2 2 0.018029 0.144500 0.806570 0.017125 0.013776
2 2 0.046966 0.174498 0.742311 0.017990 0.018235
2 2 0.000304 0.052794 0.933083 0.005455 0.008364
2 2 0.000845 0.013244 0.948937 0.036549 0.000424
2 2 0.000832 0.033655 0.950577 0.012879 0.002058
2 2 0.000070 0.004234 0.876247 0.119319 0.000131
2 2 0.001332 0.024046 0.953435 0.020919 0.000268
2 2 0.003170 0.216179 0.736719 0.002908 0.041024
2 2 0.013632 0.121547 0.836527 0.023295 0.004998
2 2 0.002982 0.020039 0.921301 0.054651 0.001027
2 2 0.012377 0.180657 0.763755 0.019412 0.023799
2 2 0.012525 0.115895 0.801834 0.065198 0.004549
2 2 0.005310 0.050928 0.899668 0.042693 0.001400
2 2 0.000495 0.009585 0.948149 0.041598 0.000173
2 2 0.010494 0.067777 0.912860 0.005251 0.003618
2 2 0.001724 0.022959 0.942258 0.032688 0.000371
2 2 0.010884 0.203922 0.764283 0.006886 0.014025
2 2 0.001158 0.029366 0.951149 0.017922 0.000405
2 2 0.001812 0.029589 0.889804 0.078161 0.000634
2 2 0.001834 0.030616 0.949373 0.017598 0.000579
2 2 0.000227 0.012132 0.978698 0.008403 0.000539
2 2 0.004615 0.028058 0.849266 0.116549 0.001511
2 2 0.000153 0.008717 0.965376 0.025461 0.000293
2 2 0.002939 0.069832 0.917413 0.008005 0.001811
2 2 0.004076 0.042511 0.882440 0.065518 0.005455
2 2 0.000812 0.012638 0.868166 0.117431 0.000953
2 2 0.000377 0.023142 0.958345 0.017327 0.000808
2 2 0.001753 0.046942 0.945151 0.005015 0.001139
2 2 0.000047 0.002336 0.975264 0.022332 0.000021
2 2 0.001888 0.017502 0.974496 0.005490 0.000623
2 1 0.002156 0.037670 0.954665 0.005072 0.000437
2 1 0.008469 0.153960 0.797921 0.013007 0.026643
2 1 0.005001 0.034513 0.906825 0.052296 0.001365
2 2 0.014130 0.112834 0.848934 0.015329 0.008774
2 2 0.005861 0.229379 0.693254 0.014329 0.057177
2 2 0.011846 0.142575 0.798465 0.030959 0.016156
2 2 0.002742 0.044721 0.923005 0.022933 0.006599
2 2 0.000355 0.005389 0.982712 0.011277 0.000267
2 2 0.005878 0.110970 0.875798 0.001401 0.005953
2 2 0.038155 0.148946 0.789555 0.019718 0.003626
2 2 0.009341 0.036731 0.641008 0.310148 0.002772
2 2 0.002117 0.035616 0.955615 0.004418 0.002234
2 2 0.002578 0.021850 0.907239 0.064770 0.003564
2 2 0.079723 0.193449 0.711298 0.005566 0.009964
2 2 0.004467 0.076864 0.834484 0.072611 0.011574
2 2 0.000073 0.006674 0.978110 0.014924 0.000220
2 2 0.005051 0.067131 0.816011 0.102551 0.009256
2 2 0.000890 0.014600 0.962093 0.022025 0.000392
2 2 0.004557 0.038635 0.767814 0.177871 0.011123
2 2 0.004305 0.093786 0.849459 0.039704 0.012746
2 2 0.008620 0.075962 0.837269 0.074285 0.003864
2 2 0.010877 0.074814 0.760242 0.148982 0.005085
2 2 0.006917 0.037332 0.899183 0.056097 0.000471
2 2 0.014482 0.065104 0.892395 0.027388 0.000631
2 0 0.003861 0.052094 0.937630 0.006213 0.000202
0 0 0.550158 0.257487 0.188933 0.000655 0.002767
0 1 0.650684 0.193395 0.133137 0.008076 0.014709
2 2 0.046549 0.347415 0.556579 0.015976 0.033481
1 2 0.072953 0.539140 0.360012 0.003874 0.024020
2 2 0.134822 0.417574 0.418810 0.000823 0.027970
1 2 0.038267 0.544263 0.180701 0.002871 0.233899
1 2 0.046158 0.437673 0.392746 0.005231 0.118192
2 2 0.009475 0.225819 0.612631 0.001364 0.150711
2 2 0.020019 0.345958 0.566408 0.000692 0.066923
1 2 0.027823 0.531898 0.375947 0.002738 0.061593
1 2 0.003866 0.529731 0.446826 0.000158 0.019419
1 2 0.011915 0.677561 0.235879 0.000795 0.073849
2 2 0.017732 0.218774 0.724038 0.019991 0.019465
2 2 0.013148 0.145681 0.835531 0.002122 0.003517
2 2 0.062131 0.423713 0.483930 0.001132 0.029095
2 2 0.033609 0.224513 0.707082 0.008057 0.026739
1 2 0.057896 0.514969 0.251745 0.011144 0.164246
2 2 0.001021 0.059041 0.901689 0.028046 0.010204
1 2 0.083496 0.514800 0.378915 0.001728 0.021061
1 2 0.172772 0.615503 0.086616 0.000016 0.125092
1 2 0.044749 0.527486 0.325904 0.001616 0.100245
2 1 0.036091 0.365575 0.390719 0.000937 0.206678
1 1 0.021753 0.696411 0.152873 0.000463 0.128501
1 2 0.095847 0.426121 0.309158 0.027948 0.140926
2 1 0.018967 0.278049 0.669774 0.004920 0.028290
2 1 0.008240 0.282849 0.683881 0.000762 0.024268
1 1 0.072550 0.523553 0.273410 0.002781 0.127707
2 2 0.032860 0.341194 0.587860 0.003893 0.034193
2 2 0.019235 0.298185 0.602149 0.000878 0.079553
2 2 0.002801 0.090180 0.878198 0.003908 0.024913
1 2 0.004808 0.445443 0.392237 0.000927 0.156585
1 2 0.042740 0.564073 0.189843 0.000095 0.203249
1 2 0.326628 0.484382 0.104827 0.000170 0.083994
1 2 0.060776 0.627651 0.241793 0.003778 0.066001
1 2 0.060345 0.534103 0.234452 0.008352 0.162746
1 2 0.089305 0.493645 0.177890 0.000841 0.238318
2 2 0.023027 0.192859 0.757005 0.002183 0.024926
1 2 0.076161 0.448867 0.417443 0.014883 0.042646
1 0 0.232213 0.520990 0.222476 0.002759 0.021562
0 1 0.393344 0.309565 0.256378 0.028633 0.012081
1 1 0.160462 0.487638 0.346202 0.001395 0.004303
1 1 0.068618 0.719533 0.143596 0.000199 0.068055
1 1 0.165011 0.597879 0.107897 0.000012 0.129201
1 1 0.109979 0.628590 0.125296 0.000075 0.136060
1 1 0.059205 0.632150 0.232700 0.001093 0.074852
1 1 0.150366 0.473454 0.086528 0.000136 0.289517
1 1 0.159695 0.433531 0.115441 0.000715 0.290618
1 2 0.236415 0.522226 0.110941 0.000205 0.130212
1 1 0.188646 0.468873 0.218687 0.000229 0.123564
1 1 0.051858 0.502442 0.385152 0.000160 0.060388
1 0 0.037507 0.640077 0.306359 0.000292 0.015766
1 4 0.196068 0.528943 0.240143 0.004327 0.030519
4 4 0.069247 0.172060 0.032506 0.000109 0.726077
4 4 0.028896 0.273258 0.086621 0.001938 0.609287
4 4 0.047820 0.249371 0.085051 0.000353 0.617405
1 4 0.023778 0.470458 0.100349 0.000434 0.404981
1 4 0.022735 0.403655 0.196074 0.000240 0.377296
4 4 0.087026 0.101687 0.018984 0.000066 0.792236
4 4 0.155861 0.101108 0.013882 0.000014 0.729135
4 4 0.166946 0.023756 0.005726 0.000058 0.803514
4 4 0.015821 0.024241 0.003070 0.000005 0.956863
4 4 0.034178 0.015658 0.003221 0.000003 0.946940
4 4 0.124537 0.121149 0.025781 0.000128 0.728405
0 4 0.345090 0.245110 0.067504 0.000481 0.341814
4 4 0.165733 0.045561 0.010540 0.000082 0.778085
0 4 0.518533 0.113361 0.016843 0.000014 0.351249
0 4 0.462522 0.128999 0.019094 0.000009 0.389377
4 4 0.125475 0.024035 0.005286 0.000041 0.845163
4 4 0.058193 0.028299 0.005273 0.000026 0.908209
4 4 0.051270 0.023005 0.003849 0.000014 0.921862
4 4 0.051604 0.128145 0.027636 0.000172 0.792443
4 4 0.103310 0.144390 0.038433 0.000428 0.713438
4 4 0.041376 0.051479 0.010911 0.000081 0.896153
4 4 0.061349 0.016216 0.002519 0.000007 0.919909
4 4 0.164868 0.015613 0.003230 0.000020 0.816269
4 4 0.201975 0.158126 0.035441 0.000174 0.604284
0 4 0.468658 0.127356 0.028777 0.000110 0.375099
4 4 0.099120 0.280524 0.176552 0.000388 0.443417
1 4 0.255747 0.443061 0.073594 0.000014 0.227583
4 4 0.157810 0.242433 0.080196 0.001488 0.518073
4 4 0.031461 0.016791 0.002215 0.000004 0.949529
4 4 0.058836 0.031799 0.005241 0.000016 0.904107
4 4 0.046714 0.081228 0.012802 0.000029 0.859228
4 4 0.154842 0.072325 0.012298 0.000029 0.760506
4 4 0.206644 0.144649 0.052505 0.001494 0.594708
1 4 0.214567 0.466239 0.107826 0.000334 0.211033
4 4 0.061636 0.237663 0.074461 0.001440 0.624800
4 4 0.082750 0.070069 0.020281 0.000381 0.826518
4 4 0.140840 0.033144 0.008502 0.000106 0.817407
4 4 0.109290 0.071782 0.014189 0.000063 0.804676
4 4 0.037198 0.303497 0.054362 0.000066 0.604876
4 4 0.139110 0.334763 0.057486 0.000092 0.468550
4 4 0.035897 0.227371 0.060323 0.000083 0.676326
4 4 0.123707 0.240008 0.057948 0.000066 0.578271
4 4 0.126125 0.223761 0.049551 0.000015 0.600548
1 4 0.036447 0.478258 0.296719 0.000247 0.188328
1 4 0.037673 0.542665 0.339170 0.000839 0.079653
4 4 0.089819 0.273523 0.053701 0.000005 0.582951
4 4 0.338456 0.255307 0.041397 0.000007 0.364833
4 4 0.212090 0.110459 0.029845 0.000312 0.647294
4 4 0.379936 0.021014 0.004940 0.000036 0.594074
4 4 0.106716 0.021206 0.003464 0.000010 0.868604
4 4 0.164404 0.133319 0.021573 0.000007 0.680696
4 4 0.010304 0.017760 0.002861 0.000001 0.969075
1 4 0.077425 0.500463 0.151974 0.000005 0.270133
4 4 0.039917 0.344600 0.215551 0.000009 0.399922
4 4 0.024245 0.152686 0.032903 0.000088 0.790078
4 4 0.039175 0.116687 0.014303 0.000012 0.829823
4 4 0.108873 0.026921 0.004882 0.000019 0.859305
4 4 0.084117 0.024432 0.004788 0.000027 0.886636
4 4 0.108625 0.076154 0.010355 0.000012 0.804854
4 4 0.243200 0.213298 0.063550 0.000003 0.479948
0 4 0.563493 0.004687 0.000659 0.000001 0.431161
4 4 0.059673 0.064813 0.008643 0.000011 0.866861
4 4 0.032788 0.092969 0.016720 0.000064 0.857459
4 4 0.102561 0.268944 0.125532 0.000095 0.502868
4 4 0.108120 0.394511 0.074941 0.000169 0.422259
4 4 0.092156 0.244226 0.072276 0.000006 0.591336
1 1 0.288479 0.323319 0.113415 0.000140 0.274648
0 1 0.531981 0.215418 0.130533 0.000241 0.121826
4 1 0.055292 0.314371 0.148407 0.000204 0.481726
4 1 0.042043 0.366171 0.215125 0.000005 0.376656
4 1 0.019961 0.247284 0.276964 0.000002 0.455789
4 1 0.039344 0.237171 0.115821 0.000001 0.607662
4 1 0.149985 0.242416 0.143975 0.000059 0.463564
1 1 0.178281 0.377080 0.251759 0.000494 0.192386
0 0 0.384899 0.257964 0.047801 0.000014 0.309322
0 1 0.419653 0.404875 0.115508 0.000445 0.059518
