0 0 0.875545 0.051605 0.012634 0.000025 0.060191
0 0 0.538459 0.189565 0.203912 0.056498 0.011566
0 0 0.953808 0.017077 0.013676 0.008825 0.006614
0 0 0.880369 0.005623 0.009761 0.103332 0.000915
0 0 0.946267 0.034950 0.013632 0.000049 0.005101
1 0 0.366188 0.434879 0.137581 0.000204 0.061148
0 0 0.472637 0.349362 0.109594 0.000239 0.068167
0 1 0.500955 0.352612 0.091657 0.000033 0.054743
2 1 0.002233 0.101601 0.890882 0.002116 0.003167
2 1 0.004568 0.147700 0.825414 0.005260 0.017057
0 1 0.469212 0.326453 0.127251 0.001136 0.075947
2 1 0.052408 0.201760 0.685300 0.000804 0.059728
2 1 0.008634 0.097530 0.884360 0.001377 0.008100
1 1 0.080513 0.554422 0.203984 0.000092 0.160988
1 1 0.004646 0.563397 0.360459 0.000038 0.071460
1 1 0.137808 0.351365 0.176874 0.004590 0.329364
2 1 0.008296 0.259893 0.443233 0.000003 0.288575
4 4 0.025811 0.333099 0.076176 0.000000 0.564913
0 4 0.491423 0.191124 0.044392 0.000004 0.273058
4 4 0.072903 0.285060 0.292971 0.003832 0.345234
0 4 0.696214 0.077267 0.011749 0.000000 0.214770
1 4 0.003871 0.669720 0.192754 0.000000 0.133654
1 4 0.019835 0.484530 0.280331 0.002131 0.213174
4 4 0.103135 0.287250 0.165757 0.012576 0.431282
4 4 0.205838 0.173036 0.067542 0.000290 0.553294
0 4 0.637045 0.137232 0.039441 0.000068 0.186214
1 4 0.130013 0.421030 0.288226 0.003338 0.157393
4 4 0.132379 0.308327 0.207109 0.000344 0.351841
4 4 0.049115 0.258407 0.094858 0.000021 0.597599
1 4 0.021419 0.558524 0.164146 0.000001 0.255910
0 4 0.388513 0.263608 0.078567 0.000048 0.269264
0 4 0.308246 0.291619 0.147027 0.016163 0.236944
1 4 0.100833 0.491393 0.189543 0.000182 0.218049
4 4 0.087408 0.347269 0.121565 0.000032 0.443726
1 4 0.021783 0.561043 0.311884 0.000186 0.105104
1 4 0.147592 0.619076 0.143194 0.000001 0.090137
1 4 0.300661 0.384275 0.108350 0.000022 0.206692
1 4 0.084927 0.370465 0.177781 0.000017 0.366810
1 4 0.062116 0.597384 0.189259 0.000012 0.151229
1 4 0.083069 0.661938 0.195762 0.000013 0.059216
1 4 0.247976 0.545845 0.171878 0.000037 0.034264
2 4 0.076496 0.272292 0.635107 0.000478 0.015628
2 4 0.057259 0.297393 0.627882 0.001208 0.016258
2 4 0.011967 0.123890 0.801825 0.044543 0.017774
2 4 0.005906 0.122976 0.715306 0.140665 0.015148
2 4 0.004596 0.111332 0.868540 0.009587 0.005945
2 4 0.012055 0.222571 0.710409 0.032718 0.022247
2 4 0.000655 0.058811 0.873949 0.064424 0.002161
2 4 0.002873 0.030005 0.484317 0.473304 0.009501
2 2 0.026754 0.216115 0.729568 0.002481 0.025083
2 2 0.000867 0.039521 0.930430 0.027742 0.001440
2 2 0.004183 0.035025 0.853830 0.105289 0.001673
2 2 0.002865 0.013956 0.838625 0.143827 0.000727
2 2 0.000343 0.008908 0.968303 0.022142 0.000305
2 2 0.004797 0.030507 0.907575 0.055063 0.002057
3 2 0.030737 0.039052 0.329836 0.596701 0.003674
3 2 0.000001 0.000036 0.053246 0.946716 0.000001
3 2 0.000033 0.000903 0.307679 0.691356 0.000028
2 2 0.000500 0.005257 0.633461 0.360522 0.000260
3 2 0.000588 0.002911 0.464861 0.531452 0.000186
3 2 0.001875 0.012759 0.373984 0.610874 0.000507
2 2 0.013573 0.032690 0.636545 0.314880 0.002312
3 2 0.014442 0.009842 0.111866 0.862384 0.001466
3 3 0.001688 0.007139 0.125543 0.865171 0.000459
3 3 0.007595 0.001636 0.008985 0.981443 0.000341
3 3 0.000694 0.001262 0.024857 0.973020 0.000167
3 3 0.000616 0.001140 0.024699 0.973377 0.000167
3 3 0.019774 0.002428 0.006957 0.970338 0.000502
3 3 0.000207 0.000980 0.053760 0.944911 0.000143
3 3 0.000281 0.000454 0.015989 0.983170 0.000106
3 3 0.000129 0.000225 0.012123 0.987478 0.000046
3 3 0.000982 0.001566 0.028954 0.968029 0.000468
3 3 0.000319 0.000323 0.052169 0.947136 0.000054
3 3 0.000041 0.000162 0.022441 0.977322 0.000035
3 3 0.000023 0.000113 0.020768 0.979081 0.000014
3 3 0.000007 0.000020 0.005352 0.994618 0.000003
3 3 0.000001 0.000003 0.005280 0.994715 0.000000
3 3 0.000012 0.000087 0.026885 0.973003 0.000013
3 3 0.000997 0.007428 0.169488 0.821428 0.000658
3 3 0.012731 0.051002 0.209514 0.722656 0.004097
3 3 0.000042 0.000338 0.044036 0.955566 0.000018
3 3 0.000037 0.000313 0.051556 0.948057 0.000036
3 3 0.000368 0.003680 0.175066 0.820412 0.000474
3 3 0.003250 0.010882 0.107810 0.876706 0.001352
3 3 0.000011 0.000041 0.011984 0.987960 0.000004
3 3 0.000013 0.000058 0.014664 0.985254 0.000010
3 3 0.000611 0.000790 0.015132 0.983351 0.000116
3 3 0.000735 0.008016 0.320026 0.670539 0.000685
3 3 0.000013 0.000147 0.043970 0.955857 0.000013
3 3 0.000105 0.000779 0.060684 0.938383 0.000049
3 3 0.004583 0.013076 0.138794 0.841614 0.001932
3 3 0.004821 0.006771 0.058995 0.928285 0.001128
3 3 0.000002 0.000009 0.004972 0.995016 0.000001
3 3 0.000068 0.000136 0.034128 0.965651 0.000018
3 3 0.000001 0.000004 0.002528 0.997466 0.000000
3 3 0.000126 0.000079 0.002731 0.997053 0.000011
3 3 0.000037 0.000049 0.004506 0.995400 0.000008
3 3 0.001718 0.001416 0.014818 0.981672 0.000376
3 3 0.008970 0.035415 0.202562 0.747982 0.005072
3 3 0.000295 0.000347 0.010329 0.988956 0.000073
3 3 0.000057 0.000124 0.011185 0.988612 0.000023
3 3 0.000029 0.000244 0.048309 0.951386 0.000033
3 3 0.000456 0.001496 0.145292 0.852508 0.000249
3 3 0.001655 0.000770 0.010724 0.986693 0.000157
3 3 0.000352 0.001064 0.036174 0.962275 0.000135
3 3 0.000016 0.000052 0.010186 0.989739 0.000007
3 3 0.000027 0.000092 0.014446 0.985418 0.000016
3 3 0.000002 0.000056 0.061221 0.938718 0.000003
3 3 0.000019 0.000491 0.161326 0.838108 0.000056
3 3 0.000034 0.001163 0.288047 0.710628 0.000128
3 3 0.000008 0.000074 0.028106 0.971804 0.000008
3 3 0.000004 0.000007 0.002005 0.997984 0.000000
3 3 0.000464 0.000522 0.012160 0.986735 0.000118
3 3 0.000025 0.000085 0.014166 0.985709 0.000016
3 3 0.000066 0.000203 0.018158 0.981544 0.000030
2 3 0.000534 0.011738 0.908500 0.078875 0.000352
0 3 0.396984 0.186045 0.340699 0.042545 0.033727
3 2 0.011664 0.061114 0.438675 0.459477 0.029070
2 2 0.000999 0.027044 0.632202 0.336964 0.002790
2 2 0.000897 0.007979 0.736762 0.254038 0.000325
2 2 0.055873 0.295655 0.371442 0.157674 0.119356
2 0 0.035763 0.301334 0.598924 0.017027 0.046953
2 2 0.015191 0.167410 0.725612 0.070239 0.021548
0 2 0.372797 0.253378 0.339255 0.000555 0.034014
1 2 0.020181 0.492995 0.434835 0.016060 0.035929
2 2 0.022575 0.066939 0.906557 0.001744 0.002184
2 2 0.066975 0.115053 0.763557 0.041610 0.012804
0 2 0.430093 0.367573 0.185360 0.000613 0.016361
2 2 0.005917 0.072587 0.901724 0.017799 0.001973
2 2 0.000226 0.014205 0.948818 0.036440 0.000311
2 2 0.000412 0.040720 0.943003 0.014687 0.001178
2 2 0.002121 0.056084 0.939184 0.001554 0.001057
2 2 0.000143 0.017832 0.978089 0.003642 0.000294
2 2 0.000088 0.005377 0.657286 0.336608 0.000641
2 2 0.000386 0.020903 0.934268 0.039406 0.005037
3 2 0.000000 0.000005 0.010062 0.989932 0.000000
3 2 0.000002 0.000080 0.148568 0.851345 0.000004
2 2 0.000222 0.004967 0.904483 0.090058 0.000271
2 2 0.002902 0.036023 0.906347 0.050541 0.004186
2 2 0.000087 0.007157 0.718931 0.273610 0.000215
2 2 0.000101 0.008635 0.750071 0.240793 0.000400
2 2 0.000057 0.007632 0.862761 0.128958 0.000593
3 2 0.000035 0.000667 0.177869 0.821199 0.000230
3 2 0.000033 0.001110 0.263632 0.735137 0.000089
3 2 0.000027 0.000995 0.273543 0.725348 0.000087
3 2 0.000034 0.000747 0.178135 0.820980 0.000105
3 2 0.000218 0.004131 0.269555 0.725937 0.000159
2 2 0.030547 0.083128 0.694731 0.158763 0.032831
0 2 0.570440 0.094949 0.302448 0.023179 0.008984
2 2 0.119073 0.181678 0.657012 0.008900 0.033337
2 2 0.000520 0.018012 0.968043 0.012876 0.000549
2 2 0.000529 0.016775 0.979350 0.002820 0.000526
2 2 0.000002 0.002050 0.993305 0.004613 0.000030
2 2 0.000003 0.001189 0.889940 0.108850 0.000017
2 2 0.000759 0.006918 0.731739 0.260211 0.000372
2 2 0.001783 0.039445 0.682670 0.264160 0.011940
2 2 0.000264 0.022809 0.954048 0.020663 0.002216
2 2 0.000127 0.007111 0.556280 0.436322 0.000160
2 2 0.000085 0.004800 0.904275 0.090451 0.000390
2 2 0.000073 0.006170 0.952071 0.041577 0.000109
2 2 0.000005 0.000776 0.775962 0.223239 0.000018
2 2 0.000032 0.004231 0.974183 0.021421 0.000133
2 2 0.000115 0.038086 0.949230 0.010525 0.002044
2 2 0.000570 0.018535 0.938649 0.041540 0.000706
2 2 0.000020 0.002567 0.930258 0.067092 0.000063
2 2 0.000108 0.006337 0.666803 0.326178 0.000574
2 2 0.000692 0.015582 0.759151 0.223654 0.000922
2 2 0.001144 0.024459 0.925509 0.043267 0.005621
2 2 0.000032 0.006931 0.956663 0.035550 0.000824
2 2 0.000051 0.011079 0.931620 0.056630 0.000621
2 2 0.000029 0.006661 0.917678 0.075238 0.000394
2 2 0.000017 0.002915 0.989996 0.006886 0.000186
2 2 0.000008 0.004722 0.994680 0.000407 0.000184
2 2 0.000029 0.002461 0.768759 0.228533 0.000218
3 2 0.000356 0.002430 0.117674 0.879037 0.000503
3 2 0.000001 0.000147 0.439927 0.559918 0.000007
3 2 0.000044 0.000890 0.172270 0.826744 0.000052
3 2 0.000440 0.009035 0.460743 0.527507 0.002275
2 2 0.000224 0.006919 0.499262 0.492674 0.000921
2 2 0.156843 0.126604 0.684594 0.021147 0.010811
4 4 0.153333 0.237155 0.282092 0.002341 0.325079
0 4 0.431431 0.224879 0.196165 0.011112 0.136412
2 4 0.000481 0.023009 0.898701 0.075394 0.002416
2 4 0.000754 0.016944 0.977043 0.003576 0.001683
2 4 0.000003 0.001403 0.891669 0.106910 0.000016
2 2 0.001628 0.103876 0.840585 0.039866 0.014045
2 2 0.016381 0.184458 0.782660 0.008562 0.007940
2 2 0.000077 0.005302 0.931836 0.062607 0.000179
2 2 0.001532 0.012665 0.752993 0.231547 0.001263
2 2 0.009780 0.131889 0.852186 0.002588 0.003557
1 2 0.075068 0.619414 0.260514 0.000779 0.044225
1 2 0.145344 0.587325 0.204063 0.000175 0.063093
2 2 0.000481 0.048348 0.949484 0.000341 0.001346
2 2 0.000203 0.052290 0.932872 0.011859 0.002777
2 2 0.034521 0.153903 0.779663 0.015731 0.016182
2 4 0.006611 0.142383 0.842139 0.000738 0.008129
2 4 0.035760 0.297523 0.617842 0.014335 0.034540
1 4 0.185374 0.513178 0.216631 0.001958 0.082859
1 0 0.274971 0.429772 0.157862 0.000038 0.137356
0 1 0.843704 0.122725 0.019073 0.000000 0.014498
2 1 0.090093 0.380133 0.455507 0.005770 0.068497
2 2 0.025002 0.194924 0.761434 0.000697 0.017943
2 2 0.000219 0.034088 0.961882 0.002592 0.001218
2 2 0.000208 0.036801 0.962085 0.000678 0.000229
2 2 0.002359 0.195689 0.774617 0.000081 0.027254
2 2 0.000377 0.020941 0.977790 0.000385 0.000506
2 2 0.001938 0.052905 0.943140 0.000199 0.001818
2 2 0.000228 0.101494 0.874825 0.001443 0.022009
1 2 0.030018 0.505233 0.344513 0.000605 0.119632
1 0 0.088323 0.517674 0.191146 0.000008 0.202849
1 1 0.305536 0.420723 0.169750 0.002004 0.101987
1 1 0.172390 0.416250 0.248756 0.021641 0.140964
2 2 0.172373 0.297267 0.448379 0.004814 0.077168
2 2 0.003204 0.059233 0.934614 0.000477 0.002472
2 2 0.031733 0.261963 0.685923 0.002703 0.017677
1 2 0.155390 0.574761 0.246247 0.000021 0.023581
0 2 0.599982 0.264157 0.104050 0.000012 0.031800
2 2 0.003901 0.140264 0.850916 0.000036 0.004882
2 2 0.003568 0.306903 0.665400 0.000384 0.023746
4 2 0.011501 0.241125 0.105246 0.000020 0.642107
1 2 0.168131 0.603404 0.189541 0.000086 0.038838
0 2 0.474795 0.120501 0.027354 0.000002 0.377349
4 0 0.033494 0.158423 0.058233 0.000010 0.749840
0 1 0.874089 0.089813 0.016836 0.000002 0.019260
4 1 0.249828 0.310083 0.089705 0.000017 0.350367
1 2 0.144155 0.610935 0.163654 0.000008 0.081248
1 2 0.261585 0.454345 0.176369 0.000115 0.107587
2 2 0.068958 0.335683 0.491735 0.006788 0.096837
1 2 0.030761 0.550615 0.290399 0.001784 0.126441
2 2 0.036501 0.269526 0.618762 0.009661 0.065550
2 2 0.000001 0.000432 0.965894 0.033658 0.000016
2 2 0.001412 0.023068 0.973345 0.001539 0.000636
2 2 0.163847 0.336669 0.383011 0.035770 0.080703
2 2 0.002988 0.144152 0.836608 0.000917 0.015334
2 2 0.003167 0.120087 0.857976 0.011266 0.007504
2 2 0.000009 0.003052 0.981542 0.015279 0.000118
2 2 0.000898 0.019646 0.935715 0.042523 0.001219
2 2 0.101734 0.073440 0.476996 0.328360 0.019470
2 0 0.001906 0.406274 0.590341 0.000233 0.001246
1 0 0.046177 0.663175 0.222769 0.000001 0.067879
1 0 0.190946 0.418637 0.363365 0.000516 0.026537
1 0 0.368087 0.478379 0.119688 0.000019 0.033827
1 1 0.104232 0.652066 0.213989 0.000087 0.029626
0 1 0.466507 0.204089 0.268691 0.000349 0.060365
1 2 0.134393 0.578127 0.171075 0.000018 0.116388
0 2 0.453738 0.387094 0.109726 0.000001 0.049441
4 0 0.290163 0.242420 0.064682 0.000007 0.402728
1 0 0.194493 0.555221 0.160895 0.000027 0.089364
1 1 0.258340 0.354225 0.142963 0.000992 0.243479
1 2 0.317798 0.372614 0.160052 0.003547 0.145988
2 2 0.020324 0.355547 0.501875 0.001639 0.120615
2 2 0.014805 0.300202 0.571741 0.000615 0.112637
2 2 0.017394 0.374974 0.412995 0.002718 0.191919
4 2 0.029216 0.149007 0.404128 0.005626 0.412022
2 2 0.000111 0.010760 0.925016 0.063004 0.001110
2 2 0.016813 0.254405 0.568460 0.000754 0.159568
2 2 0.000180 0.006085 0.823632 0.169814 0.000289
2 2 0.001079 0.048324 0.938026 0.007776 0.004795
2 2 0.000303 0.023372 0.968890 0.004993 0.002442
0 0 0.925211 0.058786 0.014158 0.000000 0.001844
1 0 0.406570 0.416237 0.122798 0.000111 0.054284
2 0 0.069624 0.376864 0.537704 0.000644 0.015164
0 0 0.726035 0.173355 0.074454 0.000132 0.026024
0 0 0.714647 0.187485 0.049090 0.000057 0.048722
0 0 0.626944 0.279643 0.061904 0.000009 0.031500
1 1 0.230671 0.479431 0.197866 0.001928 0.090105
1 1 0.204421 0.472092 0.213936 0.004425 0.105126
0 1 0.642814 0.214085 0.067251 0.000326 0.075524
0 2 0.628571 0.205632 0.070908 0.000820 0.094069
0 2 0.622357 0.250756 0.070175 0.000098 0.056614
1 2 0.219513 0.543007 0.183980 0.000248 0.053252
1 2 0.073740 0.508908 0.359387 0.002527 0.055438
2 4 0.009030 0.239471 0.736669 0.000334 0.014496
2 4 0.092986 0.216398 0.662521 0.000378 0.027717
2 4 0.033842 0.362789 0.582885 0.000370 0.020115
2 4 0.000448 0.067044 0.918488 0.011171 0.002849
2 4 0.004441 0.134676 0.753169 0.066222 0.041492
2 2 0.227483 0.276741 0.388949 0.006468 0.100358
0 2 0.432992 0.324292 0.126396 0.001961 0.114360
0 2 0.760663 0.178062 0.045050 0.000009 0.016216
1 2 0.197717 0.427572 0.213184 0.010377 0.151151
2 2 0.018460 0.436994 0.505225 0.000122 0.039200
2 2 0.000536 0.033638 0.922861 0.040772 0.002194
2 2 0.000061 0.011185 0.984360 0.003085 0.001308
2 2 0.000006 0.004731 0.985085 0.009453 0.000725
2 2 0.000161 0.040868 0.937523 0.007407 0.014041
2 2 0.000277 0.056578 0.936341 0.000050 0.006754
2 2 0.000662 0.077182 0.918740 0.000130 0.003286
2 2 0.000254 0.119828 0.876671 0.000273 0.002974
2 2 0.006445 0.144556 0.841322 0.000139 0.007538
2 2 0.002933 0.059718 0.935792 0.000193 0.001364
2 2 0.004571 0.076702 0.916850 0.000220 0.001658
2 2 0.012991 0.079897 0.878094 0.024527 0.004490
2 2 0.000213 0.022425 0.901903 0.074941 0.000518
2 2 0.025212 0.063448 0.630566 0.276803 0.003970
0 2 0.555698 0.248392 0.195242 0.000009 0.000659
0 2 0.903688 0.072624 0.017117 0.000002 0.006569
1 1 0.230164 0.551183 0.173183 0.000121 0.045349
1 1 0.349224 0.371545 0.200230 0.000728 0.078273
2 2 0.157412 0.244891 0.447987 0.005577 0.144133
0 0 0.461591 0.281135 0.105875 0.001224 0.150175
1 1 0.238412 0.502440 0.187168 0.000704 0.071276
2 2 0.007141 0.071900 0.910453 0.006838 0.003668
2 2 0.005627 0.076555 0.912991 0.003349 0.001477
2 2 0.022063 0.104478 0.861569 0.006644 0.005246
1 2 0.033480 0.526468 0.411018 0.000219 0.028815
2 2 0.003411 0.043850 0.942340 0.009134 0.001264
2 2 0.028480 0.089982 0.861630 0.015701 0.004207
2 2 0.213820 0.308530 0.437184 0.009625 0.030840
2 2 0.005860 0.071907 0.918278 0.001061 0.002894
2 2 0.003352 0.116635 0.873895 0.004700 0.001418
2 2 0.000155 0.016754 0.981699 0.001199 0.000193
2 2 0.000166 0.017898 0.974725 0.007085 0.000126
2 2 0.000214 0.007482 0.907323 0.084799 0.000181
2 2 0.007801 0.060034 0.920687 0.010163 0.001315
2 2 0.067054 0.160593 0.756358 0.010167 0.005827
2 2 0.000533 0.045156 0.951596 0.001918 0.000796
2 2 0.001956 0.035204 0.954612 0.007484 0.000744
2 2 0.000263 0.015569 0.944962 0.038842 0.000364
2 2 0.007902 0.069381 0.878749 0.039010 0.004958
2 2 0.003076 0.063409 0.634653 0.296174 0.002688
2 2 0.187361 0.266587 0.478302 0.053067 0.014683
2 2 0.056614 0.151868 0.783330 0.003476 0.004712
2 2 0.000492 0.021446 0.938330 0.038732 0.000999
2 2 0.000203 0.004904 0.893003 0.101822 0.000067
2 2 0.040011 0.050405 0.680044 0.224668 0.004872
2 2 0.002248 0.008274 0.625447 0.363092 0.000939
2 2 0.010201 0.058263 0.917918 0.012219 0.001399
2 2 0.035978 0.181767 0.755035 0.009645 0.017575
2 2 0.004182 0.152750 0.761449 0.060003 0.021616
1 2 0.041678 0.527788 0.378577 0.000422 0.051536
2 2 0.126669 0.215524 0.492992 0.097661 0.067153
2 2 0.272731 0.242168 0.458889 0.001270 0.024942
1 2 0.289831 0.418755 0.197695 0.001627 0.092091
0 2 0.544510 0.279381 0.092737 0.000486 0.082885
1 0 0.321547 0.567317 0.086837 0.000000 0.024299
0 1 0.405264 0.256693 0.257831 0.000949 0.079264
1 1 0.352199 0.438347 0.137130 0.000156 0.072169
1 2 0.112701 0.438706 0.304189 0.007797 0.136606
2 2 0.000959 0.013877 0.974740 0.009639 0.000785
2 2 0.000272 0.038370 0.955179 0.002169 0.004010
2 2 0.000249 0.010014 0.972317 0.017180 0.000240
2 2 0.024203 0.138361 0.827305 0.000722 0.009407
2 2 0.000050 0.011227 0.988268 0.000243 0.000212
2 2 0.000134 0.006299 0.972673 0.020765 0.000130
2 2 0.001652 0.085960 0.891087 0.005037 0.016264
2 2 0.121097 0.151377 0.639610 0.065532 0.022384
2 2 0.000275 0.025366 0.967326 0.006223 0.000809
2 2 0.000478 0.035626 0.961310 0.001512 0.001073
2 2 0.079016 0.314316 0.583883 0.001002 0.021783
2 2 0.000188 0.022852 0.974964 0.001547 0.000449
2 2 0.000021 0.014190 0.984428 0.001223 0.000138
2 2 0.000034 0.011419 0.986359 0.002020 0.000168
2 2 0.000334 0.073270 0.925818 0.000040 0.000538
2 2 0.003144 0.101012 0.894438 0.000711 0.000695
2 2 0.000070 0.007970 0.989377 0.002490 0.000094
2 2 0.000184 0.005928 0.992679 0.001186 0.000024
2 2 0.000108 0.009782 0.990032 0.000047 0.000031
2 2 0.000017 0.004731 0.988786 0.006408 0.000058
2 2 0.000082 0.006755 0.991084 0.002027 0.000052
2 2 0.007666 0.077623 0.866400 0.045295 0.003017
2 2 0.000571 0.007087 0.917176 0.075024 0.000141
2 2 0.000013 0.000994 0.746007 0.252974 0.000012
2 2 0.001001 0.016072 0.753537 0.228832 0.000558
2 2 0.000013 0.002806 0.962564 0.034563 0.000054
3 2 0.000002 0.000235 0.334402 0.665357 0.000004
3 2 0.000191 0.005464 0.463509 0.529865 0.000972
2 2 0.000194 0.006371 0.534487 0.457638 0.001309
2 2 0.000025 0.001567 0.635789 0.362582 0.000038
2 2 0.000915 0.043360 0.845295 0.104273 0.006156
2 2 0.000032 0.003587 0.949827 0.046464 0.000091
2 2 0.001608 0.025020 0.815063 0.155680 0.002631
2 2 0.000375 0.011173 0.545450 0.441749 0.001252
3 2 0.000222 0.006537 0.431256 0.561546 0.000439
2 2 0.000019 0.014103 0.975485 0.010151 0.000242
2 2 0.000023 0.000703 0.798834 0.200417 0.000024
2 2 0.000296 0.038415 0.953055 0.007386 0.000847
2 2 0.000018 0.010045 0.982620 0.006904 0.000413
2 2 0.000091 0.003229 0.776509 0.220002 0.000169
2 2 0.000015 0.002015 0.672399 0.325502 0.000069
2 2 0.000217 0.023311 0.854810 0.121145 0.000516
2 2 0.000031 0.004586 0.952105 0.043183 0.000094
2 2 0.000250 0.019678 0.835348 0.143382 0.001341
2 2 0.000007 0.001812 0.788633 0.209508 0.000040
3 2 0.000008 0.000469 0.249816 0.749688 0.000019
2 2 0.000016 0.001575 0.521224 0.477143 0.000041
3 2 0.000809 0.012307 0.353592 0.632655 0.000637
2 2 0.066018 0.133377 0.704553 0.075498 0.020554
2 2 0.000044 0.004957 0.959242 0.035554 0.000204
2 2 0.000715 0.059316 0.882462 0.051859 0.005647
2 2 0.001315 0.068644 0.805083 0.122497 0.002461
2 2 0.001054 0.039571 0.955742 0.001842 0.001791
2 2 0.000337 0.072609 0.907594 0.002486 0.016974
2 2 0.001289 0.031575 0.925730 0.038605 0.002801
0 0 0.538798 0.245389 0.181352 0.012229 0.022233
1 0 0.303109 0.454009 0.181701 0.000886 0.060295
0 0 0.711164 0.187280 0.075701 0.000350 0.025505
1 0 0.092861 0.512293 0.334988 0.014117 0.045742
1 0 0.225728 0.508403 0.192938 0.000806 0.072125
1 1 0.021927 0.455095 0.452583 0.002002 0.068392
2 2 0.001198 0.107297 0.838478 0.015412 0.037615
2 2 0.006082 0.346027 0.491349 0.000047 0.156495
4 2 0.002545 0.183146 0.304459 0.001024 0.508827
4 2 0.019119 0.190633 0.143041 0.000482 0.646725
4 4 0.051956 0.245088 0.233061 0.003950 0.465946
4 4 0.024286 0.073916 0.051934 0.009719 0.840145
4 4 0.003509 0.018042 0.012757 0.000559 0.965134
4 4 0.281959 0.091784 0.030800 0.000068 0.595389
4 4 0.084759 0.087069 0.054901 0.005137 0.768134
4 4 0.018359 0.053713 0.044457 0.008956 0.874514
4 4 0.040807 0.037321 0.017878 0.000207 0.903787
4 4 0.060886 0.083819 0.048436 0.003737 0.803122
4 4 0.053757 0.046907 0.022689 0.000355 0.876292
4 4 0.087482 0.084420 0.044535 0.002177 0.781386
1 4 0.217778 0.471081 0.142272 0.000035 0.168835
1 4 0.035538 0.537145 0.259692 0.000687 0.166938
0 4 0.479591 0.291011 0.101200 0.000563 0.127635
0 4 0.618967 0.174804 0.070025 0.003692 0.132512
4 4 0.173017 0.261784 0.109679 0.000610 0.454910
4 4 0.103896 0.253097 0.137257 0.005642 0.500108
4 4 0.223597 0.013551 0.002945 0.000000 0.759907
4 4 0.040154 0.022881 0.009253 0.000026 0.927685
4 4 0.058639 0.028334 0.011198 0.000036 0.901794
4 4 0.254534 0.315604 0.089190 0.000013 0.340659
4 4 0.036615 0.408603 0.128729 0.000003 0.426051
4 4 0.086448 0.319491 0.152030 0.000237 0.441794
4 4 0.152965 0.108216 0.049790 0.001071 0.687958
4 4 0.132619 0.150855 0.090298 0.000638 0.625590
0 4 0.462012 0.156558 0.057575 0.000573 0.323282
0 4 0.566443 0.128870 0.038117 0.000066 0.266504
1 4 0.317006 0.440268 0.127932 0.000025 0.114770
1 4 0.346014 0.361893 0.195117 0.000004 0.096972
4 4 0.263001 0.150990 0.041835 0.000008 0.544166
4 4 0.419834 0.060089 0.015808 0.000007 0.504262
1 4 0.171044 0.389216 0.110401 0.000008 0.329330
0 4 0.581130 0.121708 0.037356 0.000105 0.259701
1 4 0.205447 0.432175 0.220207 0.000213 0.141957
2 4 0.039205 0.271753 0.465732 0.000839 0.222471
1 4 0.158320 0.528189 0.280728 0.000080 0.032683
1 4 0.175618 0.404616 0.365630 0.000135 0.054001
0 0 0.479422 0.253028 0.068615 0.000025 0.198911
0 0 0.400580 0.232789 0.329057 0.000746 0.036828
0 0 0.956369 0.023294 0.005314 0.000009 0.015014
0 0 0.917039 0.023276 0.021672 0.029521 0.008492
0 0 0.845808 0.029090 0.031130 0.083967 0.010005
0 0 0.991807 0.003396 0.000937 0.000002 0.003857
0 0 0.975056 0.012083 0.004893 0.000168 0.007801
0 0 0.852934 0.074475 0.035486 0.002149 0.034956
4 0 0.313509 0.019782 0.007508 0.000006 0.659195
0 0 0.917135 0.026088 0.006188 0.000018 0.050571
0 0 0.729278 0.207084 0.046918 0.000001 0.016719
0 0 0.640445 0.269999 0.056085 0.000004 0.033466
0 0 0.473782 0.293040 0.146802 0.000371 0.086006
0 0 0.744092 0.157811 0.061418 0.000483 0.036196
0 0 0.687006 0.208848 0.054899 0.000057 0.049190
1 1 0.294023 0.455558 0.138943 0.000073 0.111403
4 1 0.058644 0.317770 0.166418 0.001879 0.455290
4 1 0.143313 0.282052 0.159291 0.015953 0.399390
0 1 0.438371 0.324456 0.107137 0.000276 0.129760
4 1 0.286227 0.302282 0.099567 0.000094 0.311829
4 1 0.253967 0.056991 0.020022 0.000088 0.668932
4 1 0.073584 0.167899 0.126833 0.007873 0.623811
1 1 0.202742 0.536198 0.175691 0.000118 0.085250
2 1 0.006531 0.342000 0.582239 0.001208 0.068022
2 1 0.004107 0.151115 0.811624 0.002389 0.030766
2 1 0.002687 0.083946 0.826002 0.047159 0.040206
2 2 0.004463 0.064741 0.613847 0.298568 0.018382
2 2 0.002831 0.310500 0.637642 0.003878 0.045148
1 2 0.025163 0.461500 0.348615 0.000115 0.164608
2 2 0.017046 0.215589 0.760260 0.001068 0.006036
2 2 0.000034 0.022950 0.968187 0.008528 0.000301
2 2 0.000447 0.068645 0.902378 0.026573 0.001958
2 2 0.001987 0.080312 0.914093 0.000733 0.002875
2 2 0.033911 0.146640 0.790268 0.021223 0.007958
2 2 0.000273 0.015018 0.956672 0.027717 0.000320
2 2 0.004701 0.119361 0.868496 0.004401 0.003042
2 2 0.000951 0.013615 0.979116 0.004790 0.001528
2 2 0.000708 0.016568 0.979602 0.002569 0.000553
2 2 0.007024 0.149036 0.840155 0.000546 0.003239
2 2 0.001791 0.012626 0.503496 0.480628 0.001458
2 2 0.001075 0.066744 0.919335 0.010699 0.002147
2 2 0.000211 0.015452 0.974121 0.009837 0.000380
2 2 0.000486 0.025891 0.930456 0.041818 0.001349
2 2 0.000333 0.006031 0.991131 0.002430 0.000075
2 2 0.006552 0.157499 0.828867 0.002367 0.004715
2 2 0.007497 0.074775 0.910997 0.002039 0.004691
2 2 0.000348 0.010670 0.982495 0.006323 0.000164
2 2 0.000041 0.024988 0.973604 0.000922 0.000444
2 2 0.000305 0.014558 0.967903 0.016576 0.000659
2 2 0.006944 0.072250 0.919314 0.000417 0.001074
2 2 0.000302 0.018166 0.777763 0.202371 0.001398
2 2 0.000049 0.003748 0.608826 0.387207 0.000170
2 2 0.087758 0.232235 0.550388 0.097863 0.031757
2 2 0.017607 0.122792 0.847393 0.003343 0.008865
2 2 0.001051 0.038324 0.943227 0.015470 0.001929
2 2 0.000084 0.006072 0.820173 0.173524 0.000148
2 2 0.000067 0.012964 0.975033 0.010975 0.000961
2 2 0.000108 0.007749 0.986436 0.005231 0.000476
2 2 0.000628 0.021748 0.795807 0.179832 0.001984
2 2 0.003032 0.126169 0.791608 0.062942 0.016249
2 2 0.003822 0.113624 0.821811 0.050372 0.010371
2 2 0.000137 0.006111 0.984833 0.008645 0.000274
2 2 0.000282 0.007121 0.952334 0.040021 0.000242
2 2 0.000844 0.007463 0.782258 0.208861 0.000574
2 2 0.000100 0.006279 0.893090 0.099918 0.000614
2 2 0.000021 0.002662 0.705395 0.291878 0.000044
2 2 0.000088 0.008362 0.952639 0.038309 0.000602
2 2 0.000160 0.007005 0.973340 0.019358 0.000137
2 2 0.000216 0.013828 0.973450 0.011409 0.001097
2 2 0.000007 0.000941 0.871458 0.127560 0.000035
2 2 0.000009 0.000917 0.555360 0.443682 0.000032
2 3 0.000095 0.004255 0.507668 0.487624 0.000358
2 3 0.000172 0.007105 0.915897 0.076461 0.000365
2 3 0.000017 0.003262 0.827757 0.168825 0.000139
2 3 0.000066 0.005381 0.775545 0.217726 0.001282
3 3 0.000001 0.000013 0.024861 0.975124 0.000001
2 3 0.000546 0.015364 0.544305 0.438655 0.001130
2 3 0.000041 0.008382 0.876235 0.115213 0.000129
3 3 0.000008 0.000444 0.255580 0.743936 0.000031
3 3 0.000005 0.000358 0.261633 0.737991 0.000013
1 3 0.201853 0.418968 0.366797 0.004937 0.007445
2 0 0.001135 0.291939 0.703573 0.000204 0.003148
2 2 0.001849 0.057823 0.746981 0.187072 0.006275
2 2 0.001921 0.160079 0.814048 0.013760 0.010193
2 2 0.000150 0.013266 0.981330 0.004847 0.000406
2 2 0.000619 0.011571 0.640644 0.346520 0.000647
2 2 0.000052 0.006490 0.790033 0.203224 0.000201
2 2 0.000011 0.001838 0.979764 0.018364 0.000024
2 2 0.000139 0.018223 0.961892 0.018893 0.000852
2 2 0.000453 0.087412 0.902435 0.006948 0.002752
2 2 0.000027 0.003214 0.944808 0.051880 0.000071
2 2 0.000012 0.001332 0.697255 0.301332 0.000069
2 2 0.000003 0.000833 0.718926 0.280224 0.000015
2 2 0.002232 0.009518 0.794718 0.193245 0.000288
3 2 0.000294 0.002197 0.205558 0.791830 0.000120
2 2 0.000554 0.144783 0.764841 0.000124 0.089697
2 2 0.009020 0.103798 0.685246 0.180980 0.020956
2 2 0.003136 0.040958 0.908449 0.044989 0.002467
2 2 0.001127 0.017391 0.868154 0.109687 0.003641
2 2 0.039222 0.268395 0.665537 0.002753 0.024094
2 2 0.010175 0.105897 0.846336 0.032407 0.005186
2 2 0.000702 0.022230 0.967365 0.008321 0.001383
2 2 0.001432 0.029892 0.649098 0.317733 0.001846
2 2 0.000273 0.018444 0.919767 0.060764 0.000752
2 2 0.009226 0.301338 0.672870 0.000530 0.016037
2 2 0.001622 0.071601 0.925234 0.000481 0.001063
2 2 0.000230 0.023541 0.963770 0.011867 0.000592
2 2 0.002267 0.031419 0.915381 0.050013 0.000920
2 2 0.007281 0.078300 0.888862 0.020844 0.004713
2 2 0.010500 0.088898 0.762875 0.132492 0.005234
2 2 0.000803 0.059542 0.922172 0.014801 0.002682
2 2 0.023731 0.133297 0.822393 0.013113 0.007466
2 2 0.016031 0.072320 0.758908 0.149180 0.003561
2 2 0.003133 0.024892 0.855483 0.115533 0.000959
2 2 0.107960 0.161341 0.541993 0.147405 0.041302
2 2 0.039862 0.162820 0.756535 0.025803 0.014981
2 2 0.079859 0.125508 0.775552 0.006641 0.012440
2 2 0.013666 0.055464 0.759588 0.167317 0.003965
2 2 0.004948 0.027531 0.754262 0.212653 0.000606
3 2 0.008786 0.032020 0.184074 0.770377 0.004744
3 2 0.000205 0.003554 0.230052 0.765988 0.000200
3 2 0.003542 0.017426 0.177830 0.799189 0.002013
0 3 0.425244 0.226979 0.298216 0.000451 0.049110
1 2 0.036347 0.610425 0.288081 0.000897 0.064249
2 2 0.018220 0.149741 0.811412 0.008663 0.011964
2 2 0.000002 0.000859 0.964750 0.034248 0.000141
2 2 0.000006 0.002941 0.934363 0.062613 0.000076
2 2 0.000019 0.003759 0.907686 0.087715 0.000822
2 2 0.000206 0.013178 0.837481 0.143634 0.005501
2 2 0.000959 0.025218 0.654186 0.314793 0.004845
2 2 0.000010 0.001117 0.595917 0.402823 0.000132
3 2 0.000215 0.003322 0.311749 0.682616 0.002099
3 2 0.000002 0.000111 0.153893 0.845982 0.000012
3 2 0.000016 0.000786 0.327996 0.671099 0.000102
3 2 0.000001 0.000065 0.106201 0.893728 0.000004
3 2 0.000189 0.002398 0.243228 0.752490 0.001694
3 2 0.000166 0.001526 0.112452 0.885665 0.000191
2 2 0.000118 0.005618 0.518382 0.475639 0.000243
3 2 0.000018 0.000599 0.243245 0.755999 0.000139
3 3 0.000011 0.000315 0.167851 0.831747 0.000075
3 3 0.003626 0.020222 0.353184 0.555413 0.067555
3 3 0.000016 0.000364 0.209959 0.789135 0.000526
3 3 0.000010 0.000085 0.039091 0.960777 0.000037
3 3 0.000136 0.000658 0.055262 0.943706 0.000237
3 3 0.000035 0.000170 0.029075 0.970671 0.000049
3 3 0.000000 0.000014 0.050678 0.949304 0.000003
3 3 0.000001 0.000030 0.049177 0.950790 0.000002
3 3 0.000212 0.001067 0.056017 0.942580 0.000124
3 3 0.000993 0.004279 0.097805 0.896150 0.000774
3 3 0.000033 0.001316 0.325542 0.672988 0.000121
3 3 0.003208 0.006019 0.080150 0.902863 0.007760
3 3 0.000301 0.000817 0.037313 0.961232 0.000337
3 3 0.000548 0.000769 0.018098 0.980390 0.000195
3 3 0.000023 0.000094 0.019287 0.980570 0.000026
3 3 0.000055 0.000109 0.009521 0.990295 0.000020
3 3 0.000025 0.000169 0.034295 0.965486 0.000025
3 3 0.000050 0.000250 0.040071 0.959499 0.000131
3 3 0.000003 0.000015 0.010434 0.989546 0.000002
3 3 0.000009 0.000058 0.021071 0.978851 0.000011
3 3 0.005968 0.012356 0.084852 0.893991 0.002833
3 3 0.000155 0.001956 0.219543 0.777100 0.001245
3 3 0.014693 0.007526 0.027751 0.947282 0.002747
3 3 0.001320 0.004137 0.155611 0.838593 0.000338
2 3 0.036312 0.078631 0.852959 0.024361 0.007736
2 2 0.000247 0.008869 0.778637 0.211779 0.000468
2 2 0.000389 0.006249 0.991533 0.001452 0.000377
2 2 0.001735 0.161919 0.802864 0.001366 0.032116
1 2 0.064178 0.549552 0.336128 0.000397 0.049744
0 2 0.354356 0.295186 0.289775 0.011431 0.049251
2 2 0.007571 0.147098 0.738942 0.084576 0.021813
2 2 0.000809 0.041152 0.783971 0.172274 0.001795
2 2 0.000140 0.039205 0.945402 0.008941 0.006311
2 2 0.000023 0.007076 0.989595 0.002351 0.000955
4 0 0.404358 0.027879 0.023362 0.000004 0.544397
0 0 0.628798 0.198657 0.041884 0.000002 0.130659
0 2 0.372484 0.371029 0.140695 0.001186 0.114606
2 2 0.035094 0.221826 0.438526 0.000052 0.304501
4 2 0.169784 0.077020 0.043149 0.000105 0.709941
4 4 0.023251 0.042651 0.024837 0.000928 0.908332
4 4 0.162659 0.031187 0.009794 0.000011 0.796348
4 4 0.006223 0.008043 0.003696 0.000007 0.982031
4 4 0.299725 0.076777 0.028947 0.000277 0.594274
0 4 0.501340 0.092835 0.033986 0.000522 0.371317
4 4 0.432873 0.094862 0.033856 0.000294 0.438116
4 4 0.079216 0.046091 0.023553 0.000348 0.850792
4 4 0.197646 0.042736 0.014372 0.000034 0.745212
4 4 0.022354 0.011098 0.004055 0.000003 0.962490
4 4 0.085976 0.032035 0.011980 0.000033 0.869976
0 4 0.766744 0.023721 0.005063 0.000002 0.204470
4 4 0.065988 0.036908 0.015540 0.000091 0.881473
4 4 0.040636 0.024575 0.010160 0.000035 0.924594
4 4 0.110047 0.048252 0.019606 0.000131 0.821963
0 4 0.619012 0.165249 0.044949 0.000037 0.170753
0 4 0.540104 0.147467 0.051334 0.000417 0.260678
1 4 0.116721 0.408195 0.234225 0.020866 0.219993
1 4 0.157423 0.480526 0.169158 0.000123 0.192770
4 4 0.163979 0.273100 0.075735 0.000005 0.487181
1 4 0.206795 0.351631 0.115375 0.000058 0.326141
4 4 0.083547 0.260771 0.265863 0.000078 0.389740
1 4 0.121068 0.491508 0.142808 0.000008 0.244608
4 4 0.153138 0.281513 0.087539 0.000016 0.477793
4 4 0.053692 0.287706 0.108812 0.000035 0.549755
1 4 0.076415 0.394136 0.150502 0.000080 0.378867
1 4 0.280096 0.390042 0.123588 0.000075 0.206199
0 4 0.354480 0.309058 0.099678 0.000115 0.236669
1 4 0.181372 0.316809 0.232639 0.000739 0.268440
2 4 0.028453 0.268304 0.580829 0.000103 0.122310
1 4 0.328869 0.427975 0.157860 0.000871 0.084425
4 4 0.053442 0.340833 0.237650 0.000046 0.368028
4 4 0.139543 0.121840 0.054354 0.000676 0.683586
1 4 0.023331 0.559591 0.173513 0.000002 0.243564
4 4 0.149556 0.361671 0.082437 0.000000 0.406336
0 4 0.699380 0.057227 0.011626 0.000001 0.231766
4 4 0.152094 0.072590 0.026137 0.000057 0.749122
4 4 0.044794 0.035891 0.016547 0.000150 0.902618
0 4 0.574130 0.203183 0.053068 0.000022 0.169596
4 4 0.187741 0.267895 0.088632 0.000045 0.455688
0 4 0.488117 0.113735 0.024980 0.000001 0.373166
1 4 0.219037 0.397022 0.094192 0.000002 0.289748
1 4 0.082263 0.446078 0.239547 0.001256 0.230856
1 4 0.155466 0.579395 0.143125 0.000003 0.122012
1 4 0.011717 0.558020 0.338833 0.002921 0.088510
1 4 0.126044 0.574955 0.187124 0.000050 0.111826
0 4 0.668123 0.121121 0.031017 0.000019 0.179721
0 4 0.790496 0.102275 0.022175 0.000005 0.085049
0 4 0.536432 0.124051 0.038705 0.000106 0.300707
0 4 0.709836 0.144985 0.038106 0.000038 0.107036
1 4 0.219753 0.484832 0.175071 0.000334 0.120010
0 4 0.492819 0.344089 0.102258 0.000144 0.060691
1 4 0.132869 0.491584 0.199512 0.000532 0.175502
1 4 0.089543 0.645457 0.231431 0.000183 0.033385
1 4 0.126255 0.473185 0.335432 0.000030 0.065098
0 4 0.372878 0.263842 0.136031 0.029316 0.197933
1 4 0.289486 0.357011 0.167842 0.007933 0.177729
0 4 0.755944 0.115791 0.034204 0.000163 0.093898
2 4 0.006411 0.112912 0.691477 0.001636 0.187565
4 4 0.055974 0.221830 0.107346 0.000575 0.614275
2 4 0.068638 0.273951 0.592952 0.003400 0.061059
2 4 0.012181 0.273322 0.490070 0.000105 0.224321
1 4 0.003666 0.405434 0.323401 0.000186 0.267312
2 4 0.004698 0.224203 0.705489 0.001361 0.064249
1 4 0.028811 0.498522 0.228787 0.000176 0.243704
2 4 0.001599 0.155991 0.768857 0.004739 0.068814
1 4 0.008970 0.518754 0.305986 0.000013 0.166277
2 4 0.000490 0.140969 0.841388 0.001286 0.015867
1 2 0.008057 0.525362 0.393868 0.000006 0.072707
2 2 0.004403 0.244143 0.698340 0.000101 0.053012
2 2 0.007185 0.280522 0.566711 0.000021 0.145561
0 2 0.764571 0.108473 0.029856 0.000000 0.097100
1 2 0.010877 0.727544 0.228329 0.000002 0.033249
2 2 0.012639 0.190179 0.766019 0.004393 0.026769
2 2 0.020097 0.208073 0.754644 0.000457 0.016728
2 2 0.000778 0.015720 0.982808 0.000409 0.000285
1 2 0.190576 0.558271 0.234445 0.000021 0.016688
0 0 0.833585 0.063965 0.021566 0.000576 0.080309
0 0 0.469596 0.406278 0.093242 0.000010 0.030874
0 1 0.441869 0.423730 0.101213 0.000014 0.033173
1 1 0.014431 0.533160 0.444085 0.000037 0.008288
1 1 0.158408 0.611842 0.193616 0.000090 0.036044
1 1 0.158910 0.623013 0.186628 0.000052 0.031397
1 4 0.160398 0.513197 0.232800 0.003528 0.090077
0 4 0.784401 0.126175 0.034903 0.000108 0.054413
0 4 0.505390 0.252044 0.141866 0.001351 0.099348
1 4 0.177751 0.422701 0.173476 0.000773 0.225299
2 4 0.018122 0.341657 0.587118 0.000879 0.052223
1 4 0.240499 0.392663 0.151220 0.000568 0.215050
0 4 0.395994 0.325427 0.112149 0.000346 0.166083
1 4 0.047500 0.472330 0.333228 0.000015 0.146926
2 4 0.000519 0.207041 0.765680 0.000092 0.026668
1 4 0.002916 0.463327 0.162478 0.000000 0.371278
2 2 0.122008 0.381305 0.388570 0.000502 0.107615
0 2 0.658175 0.236992 0.060066 0.000038 0.044729
0 2 0.686199 0.183517 0.044682 0.000017 0.085585
1 2 0.200103 0.585127 0.177080 0.000072 0.037618
1 2 0.045601 0.593273 0.204532 0.000021 0.156574
1 2 0.210946 0.383242 0.234677 0.000114 0.171021
1 2 0.127392 0.557874 0.225013 0.000677 0.089044
0 2 0.546429 0.244392 0.073507 0.000119 0.135554
2 0 0.077577 0.220664 0.297959 0.291181 0.112619
1 0 0.183325 0.442201 0.316599 0.000045 0.057830
0 0 0.480874 0.356136 0.104587 0.000125 0.058278
0 0 0.421157 0.393317 0.122276 0.000195 0.063055
0 1 0.523351 0.251984 0.085320 0.000436 0.138909
0 1 0.729221 0.146368 0.046535 0.000414 0.077463
0 2 0.410023 0.136485 0.060063 0.003423 0.390005
0 2 0.535799 0.290806 0.094090 0.000365 0.078940
0 2 0.508291 0.080090 0.025417 0.000098 0.386104
4 2 0.199553 0.087204 0.045339 0.000747 0.667156
2 2 0.000064 0.008181 0.991102 0.000416 0.000238
2 2 0.028090 0.110720 0.852134 0.000179 0.008877
2 2 0.001217 0.028770 0.953907 0.006311 0.009796
2 2 0.000115 0.011591 0.987862 0.000182 0.000250
2 2 0.001634 0.041487 0.950479 0.005329 0.001071
2 2 0.000694 0.076868 0.916741 0.000162 0.005536
2 2 0.000029 0.005552 0.989684 0.004609 0.000125
2 2 0.000041 0.033434 0.962745 0.000010 0.003770
2 2 0.001002 0.080599 0.908159 0.000165 0.010075
2 2 0.000010 0.003482 0.984495 0.011735 0.000278
2 2 0.000146 0.010013 0.985483 0.004168 0.000190
2 2 0.000695 0.023760 0.966072 0.007625 0.001847
2 2 0.000038 0.004136 0.982656 0.013063 0.000108
2 2 0.016814 0.152730 0.824746 0.000465 0.005245
2 2 0.000012 0.003464 0.995328 0.001158 0.000039
2 2 0.000112 0.010361 0.988449 0.000951 0.000127
2 2 0.000521 0.083510 0.912340 0.001730 0.001898
2 2 0.000199 0.004129 0.994123 0.001468 0.000081
2 2 0.000004 0.001110 0.997041 0.001837 0.000008
2 2 0.008232 0.193304 0.788237 0.000704 0.009522
2 2 0.007663 0.207360 0.773586 0.000084 0.011307
2 2 0.000871 0.050339 0.945644 0.001955 0.001192
2 2 0.000305 0.022092 0.972373 0.004808 0.000422
2 2 0.000328 0.007837 0.987449 0.004133 0.000253
2 2 0.000759 0.056621 0.939200 0.001049 0.002372
2 2 0.000400 0.073268 0.921824 0.002808 0.001700
2 2 0.000112 0.014402 0.984415 0.000986 0.000085
2 2 0.000353 0.014030 0.985372 0.000068 0.000177
2 2 0.000004 0.002465 0.978623 0.018887 0.000022
2 2 0.000004 0.006342 0.992829 0.000774 0.000051
2 2 0.000012 0.001975 0.992693 0.005296 0.000024
2 2 0.000087 0.009514 0.984948 0.005286 0.000164
2 2 0.000132 0.009159 0.965087 0.025505 0.000117
2 2 0.000000 0.000565 0.988085 0.011346 0.000004
2 2 0.000861 0.034327 0.955765 0.008069 0.000978
2 2 0.000010 0.006607 0.992849 0.000500 0.000034
2 2 0.000766 0.029051 0.969516 0.000295 0.000372
2 2 0.000000 0.000166 0.979564 0.020269 0.000001
2 2 0.000003 0.000291 0.995589 0.004115 0.000002
1 2 0.039086 0.440421 0.284125 0.018383 0.217985
0 2 0.353041 0.267826 0.206385 0.000361 0.172387
2 2 0.001328 0.061596 0.868718 0.003577 0.064781
2 2 0.000132 0.040922 0.951705 0.003874 0.003368
2 2 0.000004 0.000890 0.958720 0.040342 0.000045
2 2 0.000004 0.002596 0.972269 0.024742 0.000389
2 2 0.000472 0.032235 0.948740 0.003716 0.014837
2 2 0.001020 0.162619 0.798446 0.000837 0.037079
2 2 0.000396 0.042700 0.946922 0.000152 0.009830
2 2 0.011642 0.122751 0.833110 0.000257 0.032240
2 2 0.002398 0.036995 0.785822 0.171467 0.003319
2 2 0.000003 0.002164 0.971132 0.026558 0.000143
2 2 0.000326 0.040303 0.921651 0.028304 0.009417
2 2 0.000334 0.031679 0.962703 0.004478 0.000806
2 2 0.000066 0.014662 0.947680 0.036162 0.001429
2 2 0.000206 0.024640 0.916667 0.055181 0.003305
2 2 0.000018 0.004284 0.899751 0.095652 0.000295
2 2 0.004930 0.087814 0.874970 0.022464 0.009822
2 2 0.000342 0.012824 0.941196 0.044298 0.001339
2 2 0.000009 0.005079 0.978471 0.015622 0.000820
2 2 0.000028 0.008824 0.972539 0.018420 0.000189
2 2 0.013986 0.335877 0.615902 0.000526 0.033709
2 2 0.091151 0.199308 0.684164 0.017010 0.008367
2 2 0.009379 0.059797 0.684140 0.234137 0.012546
2 2 0.047056 0.241535 0.633361 0.012281 0.065767
2 2 0.000620 0.036253 0.958650 0.002690 0.001787
2 2 0.001633 0.044124 0.946796 0.000936 0.006511
2 2 0.000813 0.025058 0.973520 0.000157 0.000452
2 2 0.001466 0.076240 0.916552 0.000267 0.005475
2 2 0.001091 0.016596 0.978384 0.003435 0.000494
2 2 0.007028 0.124530 0.855199 0.000190 0.013054
2 2 0.002040 0.057375 0.925053 0.007668 0.007864
2 2 0.000264 0.016517 0.977961 0.004995 0.000262
2 2 0.000026 0.001132 0.977450 0.021355 0.000036
2 2 0.000007 0.003834 0.995228 0.000849 0.000082
2 2 0.000082 0.003538 0.993905 0.002430 0.000045
2 2 0.000991 0.031346 0.961367 0.002876 0.003419
2 2 0.000013 0.002838 0.987382 0.009608 0.000160
2 2 0.000016 0.003288 0.996214 0.000312 0.000171
2 2 0.000003 0.003916 0.992030 0.003973 0.000078
2 2 0.000042 0.007087 0.980768 0.011099 0.001004
2 2 0.000162 0.013066 0.963574 0.021667 0.001531
2 2 0.002832 0.144018 0.775519 0.026658 0.050973
2 2 0.000144 0.015703 0.972799 0.002319 0.009035
2 2 0.000148 0.049474 0.939023 0.002052 0.009303
2 2 0.000472 0.105779 0.869605 0.004630 0.019514
2 2 0.000070 0.020094 0.976879 0.000855 0.002102
2 2 0.000023 0.011580 0.983118 0.003598 0.001680
2 2 0.000010 0.005468 0.988337 0.004509 0.001677
