0 0 0.787567 0.015330 0.155604 0.032255 0.009244
0 0 0.837487 0.008852 0.112105 0.034726 0.006830
0 0 0.903437 0.032266 0.049279 0.002094 0.012925
3 0 0.195058 0.013975 0.247293 0.480310 0.063364
0 0 0.384182 0.021467 0.200262 0.262407 0.131682
0 0 0.931411 0.003758 0.003043 0.010890 0.050898
0 0 0.601103 0.003716 0.011920 0.086416 0.296845
0 0 0.531456 0.003167 0.018719 0.184288 0.262370
0 0 0.819147 0.007599 0.022133 0.113588 0.037533
0 0 0.935644 0.011533 0.025399 0.012137 0.015287
0 0 0.704977 0.023613 0.120510 0.124965 0.025934
0 0 0.912251 0.019454 0.043822 0.008867 0.015606
0 0 0.918613 0.009528 0.025495 0.028478 0.017886
0 0 0.961305 0.018433 0.008080 0.000345 0.011836
0 0 0.958680 0.012585 0.017252 0.001728 0.009755
0 0 0.597167 0.021130 0.323112 0.049858 0.008733
0 0 0.952303 0.002726 0.016544 0.021782 0.006645
0 0 0.964748 0.005149 0.018894 0.005047 0.006162
0 0 0.869562 0.003188 0.008449 0.016265 0.102536
4 0 0.205200 0.042844 0.027671 0.007752 0.716534
0 0 0.797573 0.015599 0.009180 0.001218 0.176430
0 0 0.684031 0.012609 0.080621 0.196559 0.026180
0 0 0.405471 0.044020 0.167824 0.257519 0.125165
2 0 0.277063 0.038033 0.363021 0.296395 0.025488
0 0 0.604041 0.007019 0.042749 0.319743 0.026448
0 0 0.345209 0.040788 0.181140 0.318880 0.113983
3 0 0.045583 0.013432 0.120872 0.647258 0.172855
2 0 0.022752 0.023242 0.687225 0.150604 0.116176
2 0 0.038326 0.058700 0.551607 0.089645 0.261721
2 0 0.032969 0.116391 0.498152 0.005836 0.346652
3 0 0.166725 0.016831 0.229819 0.435529 0.151096
0 0 0.844156 0.002257 0.017605 0.108963 0.027019
0 0 0.909290 0.007232 0.022151 0.043453 0.017874
0 0 0.913181 0.017066 0.057256 0.003653 0.008844
0 0 0.993778 0.001551 0.001086 0.000195 0.003390
2 0 0.068343 0.111391 0.742689 0.057471 0.020106
2 0 0.227247 0.314565 0.420436 0.003985 0.033766
0 0 0.897892 0.025520 0.016827 0.014927 0.044834
3 0 0.052257 0.000606 0.011063 0.932089 0.003985
0 0 0.677820 0.042361 0.144640 0.099287 0.035892
0 0 0.686525 0.074743 0.158056 0.013634 0.067041
0 0 0.835011 0.046463 0.090792 0.007700 0.020035
0 0 0.646318 0.012040 0.125234 0.199209 0.017199
0 0 0.772630 0.024252 0.086545 0.087338 0.029235
0 0 0.591117 0.053101 0.230190 0.094592 0.031000
0 0 0.529588 0.034359 0.259470 0.154069 0.022513
0 0 0.793605 0.020315 0.143086 0.031049 0.011944
0 0 0.941013 0.006445 0.023362 0.018152 0.011028
0 0 0.912370 0.009502 0.025832 0.017944 0.034352
3 0 0.215149 0.000618 0.023308 0.670982 0.089944
0 0 0.893637 0.024216 0.057795 0.008733 0.015617
0 0 0.889097 0.020228 0.057576 0.016167 0.016931
0 0 0.859318 0.008424 0.060663 0.059511 0.012085
0 0 0.838694 0.014664 0.059282 0.066050 0.021311
0 0 0.632896 0.049311 0.236069 0.057881 0.023843
2 0 0.065594 0.162378 0.729565 0.011371 0.031091
2 4 0.016225 0.086310 0.809156 0.020813 0.067496
2 4 0.002989 0.080856 0.894542 0.007650 0.013962
2 4 0.004226 0.111869 0.849439 0.018572 0.015893
2 4 0.007214 0.066128 0.853557 0.014842 0.058258
2 4 0.000461 0.007997 0.922852 0.054269 0.014421
0 4 0.374487 0.060857 0.373033 0.078074 0.113549
2 4 0.021006 0.113108 0.852900 0.002977 0.010009
2 4 0.030327 0.101842 0.434377 0.008383 0.425072
0 4 0.632457 0.089517 0.159779 0.047370 0.070878
0 4 0.746596 0.097398 0.091951 0.002333 0.061722
2 4 0.153749 0.177995 0.653931 0.001798 0.012527
2 4 0.012091 0.075538 0.907720 0.002160 0.002491
2 4 0.001743 0.079961 0.909059 0.000036 0.009200
2 4 0.001125 0.051990 0.943573 0.000328 0.002983
2 4 0.015815 0.142678 0.826093 0.000839 0.014573
2 4 0.146824 0.156850 0.628165 0.001022 0.067139
2 4 0.078055 0.176168 0.575520 0.005954 0.164302
2 4 0.000151 0.006308 0.992530 0.000754 0.000257
2 4 0.010745 0.096694 0.830017 0.006329 0.056216
2 4 0.013305 0.129082 0.793018 0.001016 0.063579
2 4 0.017236 0.248398 0.701206 0.000412 0.032748
2 4 0.013864 0.178825 0.758917 0.001234 0.047160
4 4 0.186178 0.189616 0.281216 0.001844 0.341147
0 4 0.578974 0.026725 0.024849 0.005213 0.364240
2 4 0.000301 0.006461 0.960260 0.030894 0.002084
2 4 0.008748 0.064854 0.825204 0.025190 0.076004
2 4 0.003548 0.033531 0.930897 0.026352 0.005672
2 4 0.000738 0.014962 0.980844 0.002470 0.000985
2 4 0.007162 0.175925 0.761324 0.000153 0.055436
2 4 0.013365 0.068023 0.868618 0.015965 0.034028
2 4 0.074090 0.228513 0.641493 0.006787 0.049117
2 4 0.035637 0.149100 0.738186 0.006618 0.070459
0 4 0.395231 0.178565 0.311617 0.010050 0.104537
0 4 0.645770 0.196112 0.115716 0.000827 0.041574
2 4 0.039852 0.180401 0.742627 0.000869 0.036250
0 4 0.469377 0.050709 0.086763 0.004417 0.388734
2 4 0.068155 0.093555 0.778949 0.011537 0.047803
4 4 0.004380 0.062044 0.429894 0.028923 0.474759
2 4 0.000119 0.029903 0.932157 0.001583 0.036238
2 4 0.005433 0.130128 0.829958 0.001537 0.032943
2 4 0.000470 0.043080 0.948050 0.002143 0.006257
2 4 0.001665 0.067702 0.871512 0.029283 0.029837
2 4 0.002165 0.044657 0.835886 0.039212 0.078081
2 2 0.000000 0.000553 0.997569 0.001826 0.000051
2 2 0.000004 0.005200 0.986416 0.005166 0.003213
2 2 0.000000 0.000312 0.998075 0.001591 0.000022
2 2 0.000000 0.000137 0.999683 0.000170 0.000009
2 2 0.000000 0.000072 0.999765 0.000162 0.000001
2 2 0.000000 0.000082 0.998824 0.001088 0.000006
2 2 0.000000 0.000006 0.999453 0.000542 0.000000
2 2 0.000000 0.000003 0.998739 0.001258 0.000000
2 2 0.000000 0.000036 0.976045 0.023917 0.000001
2 2 0.000001 0.000197 0.994804 0.004987 0.000010
2 2 0.000000 0.000001 0.997233 0.002766 0.000000
2 2 0.000000 0.000070 0.988084 0.011842 0.000004
2 2 0.000000 0.000017 0.998624 0.001359 0.000000
2 2 0.000000 0.000020 0.998745 0.001235 0.000000
2 2 0.000000 0.000001 0.991820 0.008179 0.000000
2 2 0.000000 0.000008 0.994300 0.005692 0.000000
2 2 0.000000 0.000001 0.860762 0.139238 0.000000
2 3 0.000000 0.000001 0.970935 0.029064 0.000000
2 3 0.000000 0.000000 0.506296 0.493704 0.000000
2 3 0.000000 0.000000 0.916649 0.083351 0.000000
2 3 0.000000 0.000000 0.797760 0.202240 0.000000
2 3 0.000000 0.000001 0.662312 0.337687 0.000000
2 3 0.000000 0.000002 0.886871 0.113127 0.000000
2 3 0.000000 0.000003 0.995992 0.004006 0.000000
3 3 0.000000 0.000000 0.341965 0.658035 0.000000
2 3 0.000000 0.000000 0.863325 0.136675 0.000000
2 3 0.000000 0.000001 0.553340 0.446660 0.000000
2 3 0.000000 0.000001 0.958895 0.041104 0.000000
3 3 0.000000 0.000000 0.496277 0.503722 0.000000
3 3 0.000000 0.000000 0.039439 0.960561 0.000000
2 3 0.000000 0.000000 0.719211 0.280789 0.000000
2 3 0.000000 0.000000 0.685217 0.314783 0.000000
3 3 0.000000 0.000000 0.192071 0.807929 0.000000
2 3 0.000000 0.000003 0.721854 0.278143 0.000000
3 3 0.000000 0.000000 0.124225 0.875775 0.000000
2 3 0.000000 0.000002 0.835950 0.164047 0.000000
2 3 0.000000 0.000001 0.584555 0.415444 0.000000
2 3 0.000000 0.000000 0.626533 0.373467 0.000000
2 3 0.000000 0.000000 0.834633 0.165366 0.000000
2 3 0.000000 0.000006 0.963626 0.036368 0.000000
2 3 0.000000 0.000001 0.580338 0.419661 0.000000
2 3 0.000000 0.000000 0.959475 0.040525 0.000000
3 3 0.000000 0.000000 0.320386 0.679614 0.000000
2 3 0.000000 0.000000 0.833640 0.166360 0.000000
2 3 0.000000 0.000001 0.744191 0.255807 0.000000
3 3 0.000000 0.000000 0.370813 0.629187 0.000000
3 3 0.000000 0.000001 0.213270 0.786728 0.000000
3 3 0.000000 0.000013 0.203299 0.796685 0.000003
3 3 0.000000 0.000003 0.274430 0.725567 0.000000
2 3 0.000000 0.000006 0.577407 0.422587 0.000000
2 3 0.000000 0.000015 0.552921 0.447063 0.000001
2 3 0.000001 0.000056 0.750011 0.249931 0.000002
2 2 0.065810 0.022177 0.681002 0.224172 0.006839
2 2 0.002798 0.004298 0.629494 0.362489 0.000921
2 2 0.001072 0.011224 0.966713 0.018595 0.002397
2 2 0.000740 0.019472 0.972624 0.006326 0.000838
2 2 0.007180 0.053719 0.884735 0.044923 0.009443
2 2 0.000045 0.004211 0.984415 0.011081 0.000248
2 2 0.000044 0.002205 0.995431 0.002295 0.000025
2 2 0.000003 0.001125 0.995765 0.003077 0.000030
2 2 0.000260 0.025417 0.970652 0.001176 0.002495
2 2 0.000084 0.006987 0.984407 0.008347 0.000175
2 2 0.000154 0.005618 0.992586 0.001571 0.000071
2 2 0.000000 0.000210 0.998270 0.001518 0.000001
2 2 0.000001 0.000142 0.975365 0.024490 0.000002
2 2 0.000000 0.000039 0.997269 0.002691 0.000000
2 2 0.000020 0.004716 0.994365 0.000750 0.000149
2 2 0.000000 0.000048 0.999046 0.000906 0.000000
2 2 0.000000 0.000061 0.998528 0.001411 0.000000
2 2 0.000000 0.000077 0.980352 0.019564 0.000006
2 2 0.000000 0.000070 0.997516 0.002412 0.000001
2 2 0.000014 0.001275 0.995831 0.002837 0.000043
2 2 0.000000 0.000074 0.983664 0.016261 0.000001
2 2 0.000004 0.000047 0.921989 0.077959 0.000002
2 2 0.000019 0.000732 0.993401 0.005839 0.000009
2 2 0.000374 0.015264 0.983975 0.000221 0.000166
2 2 0.000034 0.001212 0.997533 0.001208 0.000013
2 2 0.000000 0.000012 0.999273 0.000715 0.000000
2 2 0.000000 0.000075 0.998043 0.001881 0.000000
2 2 0.000000 0.000081 0.994692 0.005226 0.000001
2 2 0.000000 0.000132 0.991753 0.008114 0.000001
2 2 0.002212 0.036809 0.955503 0.003644 0.001831
2 2 0.000014 0.002113 0.840215 0.157580 0.000078
2 2 0.000000 0.000037 0.986778 0.013184 0.000001
2 2 0.000017 0.001812 0.997300 0.000858 0.000014
2 2 0.000180 0.015059 0.983952 0.000586 0.000223
2 2 0.000000 0.000024 0.998950 0.001025 0.000001
2 2 0.000004 0.000462 0.995919 0.003599 0.000017
2 2 0.000107 0.000491 0.973855 0.025527 0.000020
2 2 0.000004 0.000203 0.995733 0.004058 0.000002
2 2 0.000000 0.000001 0.998131 0.001868 0.000000
2 2 0.000000 0.000156 0.999069 0.000774 0.000001
2 2 0.000000 0.000045 0.999196 0.000760 0.000000
2 2 0.000000 0.000047 0.987240 0.012712 0.000000
2 2 0.000000 0.000014 0.998823 0.001163 0.000000
2 2 0.000000 0.000001 0.992128 0.007872 0.000000
2 2 0.003787 0.011277 0.939133 0.044969 0.000835
2 2 0.019471 0.060362 0.910143 0.006668 0.003356
2 1 0.000601 0.010390 0.981695 0.007035 0.000278
2 1 0.000081 0.007129 0.990318 0.002097 0.000375
2 2 0.000026 0.002158 0.990334 0.007302 0.000179
2 2 0.000000 0.000163 0.999373 0.000454 0.000010
2 2 0.000000 0.000031 0.997182 0.002786 0.000001
2 2 0.000000 0.000153 0.999631 0.000213 0.000002
2 2 0.000003 0.000367 0.987850 0.011774 0.000006
2 2 0.000002 0.001111 0.998784 0.000053 0.000050
2 2 0.000000 0.000083 0.999818 0.000097 0.000002
2 2 0.000000 0.000050 0.999636 0.000313 0.000001
2 2 0.000000 0.000016 0.998488 0.001496 0.000000
2 2 0.000000 0.000050 0.998558 0.001391 0.000001
2 2 0.000000 0.000011 0.959564 0.040424 0.000000
2 2 0.000000 0.000021 0.997919 0.002060 0.000000
2 2 0.000000 0.000016 0.963949 0.036034 0.000001
2 0 0.000269 0.000698 0.969242 0.029755 0.000035
2 0 0.063691 0.022150 0.837125 0.073104 0.003929
2 0 0.019148 0.023140 0.823831 0.129367 0.004514
2 1 0.000156 0.020640 0.959121 0.019174 0.000910
2 1 0.000108 0.007951 0.985671 0.006004 0.000267
2 2 0.000000 0.000092 0.985732 0.014174 0.000002
2 2 0.000001 0.000354 0.993661 0.005981 0.000004
2 2 0.000399 0.008817 0.980885 0.009638 0.000261
2 1 0.047542 0.064340 0.827101 0.052457 0.008561
2 1 0.000643 0.027855 0.920431 0.048203 0.002868
2 1 0.095541 0.080130 0.707584 0.057886 0.058859
2 1 0.058214 0.128829 0.763803 0.030490 0.018664
2 1 0.016781 0.108840 0.860300 0.007607 0.006472
2 1 0.000226 0.009143 0.966431 0.022636 0.001564
2 1 0.001274 0.060126 0.912122 0.008789 0.017687
2 1 0.000778 0.046740 0.939955 0.003475 0.009052
2 1 0.000005 0.002107 0.995765 0.002012 0.000111
2 2 0.000000 0.000028 0.995041 0.004930 0.000001
2 2 0.000000 0.000150 0.999056 0.000793 0.000001
2 2 0.000000 0.000014 0.997365 0.002621 0.000000
2 2 0.000000 0.000014 0.999652 0.000334 0.000000
2 2 0.000000 0.000016 0.999636 0.000348 0.000000
2 2 0.000010 0.000486 0.998866 0.000627 0.000011
2 2 0.000000 0.000035 0.995180 0.004785 0.000000
2 2 0.000000 0.000012 0.984538 0.015450 0.000001
2 2 0.000000 0.000063 0.994225 0.005710 0.000001
2 2 0.000001 0.000150 0.998874 0.000974 0.000001
2 0 0.000144 0.008302 0.990514 0.000932 0.000108
2 0 0.378810 0.079605 0.510790 0.014836 0.015958
2 1 0.055711 0.047817 0.878162 0.013806 0.004504
2 0 0.050134 0.047743 0.760920 0.127722 0.013481
2 1 0.005595 0.043206 0.938612 0.010591 0.001995
2 0 0.019342 0.049708 0.804694 0.116894 0.009362
2 1 0.000177 0.006595 0.980861 0.012123 0.000244
2 1 0.004806 0.024381 0.944492 0.024194 0.002127
2 0 0.014932 0.111894 0.861636 0.005093 0.006446
2 1 0.020797 0.106979 0.865724 0.002298 0.004202
2 1 0.003520 0.058052 0.934371 0.002216 0.001842
2 1 0.002099 0.049132 0.928868 0.014325 0.005575
2 1 0.000618 0.034039 0.960725 0.003108 0.001510
2 2 0.000177 0.037272 0.955560 0.002797 0.004194
2 2 0.005495 0.155174 0.816489 0.010721 0.012122
2 2 0.000005 0.001233 0.988291 0.010454 0.000017
2 2 0.000002 0.001086 0.997125 0.001741 0.000045
2 2 0.000000 0.000208 0.999328 0.000462 0.000001
2 2 0.000002 0.000812 0.998977 0.000206 0.000003
2 2 0.000000 0.000263 0.999602 0.000134 0.000001
2 2 0.000001 0.000259 0.998269 0.001469 0.000001
2 2 0.000001 0.000128 0.999741 0.000130 0.000000
2 2 0.000000 0.000071 0.995729 0.004200 0.000000
2 2 0.000002 0.000371 0.995420 0.004203 0.000003
2 2 0.000115 0.005751 0.984192 0.009820 0.000122
2 2 0.000000 0.000009 0.997530 0.002461 0.000000
2 2 0.000006 0.001431 0.996563 0.001986 0.000013
2 2 0.000009 0.001499 0.997371 0.001064 0.000058
2 2 0.000001 0.000370 0.998922 0.000705 0.000004
2 2 0.000016 0.002399 0.993324 0.004228 0.000032
2 2 0.000000 0.000252 0.998943 0.000801 0.000003
2 2 0.000000 0.000364 0.996359 0.003264 0.000012
2 2 0.000000 0.000155 0.998906 0.000936 0.000003
2 2 0.000061 0.001495 0.987809 0.010607 0.000029
2 2 0.000348 0.007165 0.981980 0.010291 0.000215
2 1 0.000013 0.000507 0.979389 0.020081 0.000010
2 2 0.000001 0.000801 0.998944 0.000220 0.000034
2 2 0.000000 0.000018 0.998098 0.001883 0.000000
2 2 0.000000 0.000063 0.998508 0.001427 0.000001
2 2 0.000000 0.000032 0.998864 0.001103 0.000000
2 2 0.000001 0.000134 0.989574 0.010289 0.000003
2 2 0.000000 0.000003 0.971451 0.028546 0.000000
2 2 0.000000 0.000000 0.988107 0.011892 0.000000
2 2 0.000000 0.000015 0.985537 0.014447 0.000001
2 2 0.000000 0.000071 0.998325 0.001603 0.000002
2 2 0.000000 0.000009 0.974157 0.025834 0.000000
2 2 0.000008 0.000683 0.988215 0.011070 0.000024
2 0 0.001042 0.011345 0.982859 0.003972 0.000782
2 0 0.005834 0.028824 0.961904 0.002432 0.001007
2 0 0.050060 0.077036 0.866492 0.001923 0.004488
2 1 0.000230 0.011139 0.970289 0.017986 0.000357
2 0 0.304449 0.143361 0.445261 0.069695 0.037234
2 1 0.005198 0.142616 0.840977 0.003411 0.007799
2 1 0.002675 0.080096 0.911908 0.002229 0.003093
2 2 0.000003 0.001741 0.997685 0.000547 0.000024
2 2 0.000000 0.000061 0.998640 0.001298 0.000000
2 2 0.000000 0.000073 0.997024 0.002902 0.000001
2 2 0.000000 0.000198 0.999362 0.000439 0.000001
2 2 0.000005 0.003518 0.996382 0.000009 0.000085
2 2 0.000000 0.000205 0.999234 0.000559 0.000002
2 2 0.000000 0.000057 0.885355 0.114586 0.000001
2 2 0.000001 0.000303 0.996925 0.002769 0.000003
2 2 0.000000 0.000352 0.999416 0.000219 0.000012
2 2 0.000000 0.000025 0.988341 0.011633 0.000000
2 2 0.000000 0.000041 0.996186 0.003773 0.000000
2 2 0.000000 0.000020 0.989139 0.010841 0.000000
2 2 0.000000 0.000013 0.894350 0.105636 0.000001
2 2 0.000000 0.000067 0.984729 0.015203 0.000001
2 2 0.000000 0.000003 0.960898 0.039099 0.000000
2 2 0.000000 0.000002 0.979898 0.020100 0.000000
2 2 0.000000 0.000037 0.996162 0.003800 0.000001
2 2 0.000000 0.000000 0.661284 0.338715 0.000000
2 2 0.000000 0.000014 0.925292 0.074693 0.000000
2 2 0.000001 0.000054 0.929924 0.070019 0.000003
2 2 0.000001 0.000203 0.991511 0.008279 0.000007
2 2 0.000000 0.000048 0.749558 0.250390 0.000003
2 2 0.000030 0.001912 0.957996 0.039988 0.000074
2 0 0.002670 0.042707 0.946608 0.006422 0.001592
2 0 0.000081 0.005039 0.985475 0.009303 0.000102
2 2 0.000004 0.000578 0.996579 0.002834 0.000005
2 2 0.000051 0.006121 0.992415 0.001330 0.000083
2 2 0.000011 0.000853 0.995463 0.003647 0.000026
2 2 0.000000 0.000055 0.993857 0.006087 0.000001
2 2 0.000011 0.001901 0.994082 0.003981 0.000026
2 2 0.000730 0.024347 0.964367 0.009697 0.000859
2 0 0.000341 0.015428 0.979291 0.004558 0.000382
2 1 0.000517 0.023044 0.968690 0.007005 0.000744
2 2 0.001824 0.056511 0.938226 0.001711 0.001728
2 0 0.006062 0.101057 0.884502 0.003715 0.004664
2 1 0.000159 0.013379 0.976764 0.009301 0.000398
2 2 0.002067 0.033008 0.950337 0.012922 0.001666
2 2 0.000000 0.000002 0.934133 0.065864 0.000000
2 2 0.000000 0.000082 0.998157 0.001761 0.000000
2 2 0.000009 0.001463 0.992185 0.006324 0.000018
2 2 0.000000 0.000013 0.979174 0.020812 0.000000
2 2 0.000009 0.000346 0.977897 0.021742 0.000005
2 2 0.000001 0.000107 0.998637 0.001254 0.000000
2 2 0.000000 0.000011 0.994926 0.005064 0.000000
2 2 0.000000 0.000005 0.964153 0.035842 0.000000
2 2 0.000000 0.000002 0.798850 0.201148 0.000000
2 2 0.000002 0.000103 0.906565 0.093327 0.000003
2 2 0.000181 0.012289 0.983959 0.003307 0.000264
2 1 0.001065 0.033758 0.956638 0.007293 0.001246
2 0 0.002356 0.034620 0.958549 0.003474 0.001001
2 0 0.010584 0.084372 0.899251 0.002659 0.003133
2 0 0.034605 0.176130 0.767765 0.008879 0.012621
2 1 0.010631 0.150486 0.818631 0.009538 0.010714
2 1 0.000069 0.008864 0.980819 0.010010 0.000238
2 1 0.000664 0.027687 0.967763 0.003119 0.000767
2 1 0.021826 0.228725 0.730089 0.003773 0.015587
2 2 0.000440 0.022751 0.976042 0.000285 0.000482
2 2 0.000000 0.000285 0.999257 0.000455 0.000003
2 2 0.000002 0.000805 0.996872 0.002309 0.000012
2 2 0.000196 0.009701 0.987588 0.002345 0.000170
2 2 0.000129 0.007632 0.990784 0.001348 0.000107
2 2 0.000009 0.000338 0.994479 0.005170 0.000004
2 2 0.000000 0.000011 0.996488 0.003500 0.000000
2 1 0.000000 0.000247 0.993487 0.006263 0.000002
2 2 0.000001 0.000031 0.991662 0.008306 0.000000
2 2 0.000006 0.000858 0.998643 0.000488 0.000004
2 2 0.000001 0.000323 0.995375 0.004298 0.000002
2 2 0.000075 0.006399 0.992791 0.000661 0.000074
2 1 0.000328 0.028827 0.969910 0.000431 0.000504
2 2 0.000002 0.000278 0.998926 0.000792 0.000001
2 2 0.000000 0.000171 0.998185 0.001643 0.000001
2 2 0.000000 0.000032 0.992845 0.007123 0.000000
2 2 0.000000 0.000012 0.969218 0.030770 0.000000
2 2 0.000000 0.000042 0.976319 0.023638 0.000000
2 2 0.000005 0.000887 0.996231 0.002868 0.000009
2 2 0.000002 0.000129 0.990214 0.009654 0.000002
2 2 0.000011 0.001973 0.916678 0.081280 0.000057
2 2 0.000000 0.000004 0.984254 0.015742 0.000000
2 2 0.000000 0.000002 0.668456 0.331542 0.000000
2 2 0.000000 0.000049 0.934983 0.064967 0.000001
2 2 0.000000 0.000029 0.991341 0.008630 0.000000
2 2 0.000000 0.000028 0.996610 0.003362 0.000000
2 2 0.000000 0.000022 0.976960 0.023018 0.000000
2 2 0.000000 0.000020 0.940407 0.059573 0.000000
2 2 0.000000 0.000005 0.963106 0.036889 0.000000
2 2 0.000000 0.000009 0.743511 0.256479 0.000000
2 3 0.000000 0.000003 0.934386 0.065611 0.000000
3 2 0.000000 0.000025 0.483020 0.516954 0.000001
2 2 0.000000 0.000005 0.570087 0.429908 0.000000
2 2 0.000000 0.000054 0.635396 0.364549 0.000001
2 2 0.000000 0.000108 0.993554 0.006337 0.000001
2 2 0.000001 0.000092 0.990418 0.009487 0.000001
2 2 0.000001 0.000062 0.781993 0.217941 0.000002
2 2 0.000073 0.004465 0.988679 0.006701 0.000082
2 2 0.000183 0.006510 0.958212 0.034893 0.000202
2 2 0.000717 0.031787 0.945806 0.020138 0.001552
2 2 0.000436 0.017511 0.979965 0.001740 0.000348
2 2 0.008381 0.125253 0.856326 0.003712 0.006329
2 2 0.002483 0.037741 0.953176 0.005330 0.001270
2 0 0.037480 0.160257 0.797923 0.000242 0.004098
2 0 0.084330 0.231223 0.677582 0.000178 0.006687
2 0 0.034529 0.355598 0.591237 0.000431 0.018206
2 0 0.160173 0.119753 0.676987 0.024123 0.018964
2 0 0.221064 0.312812 0.448772 0.000542 0.016810
2 1 0.031243 0.206499 0.753924 0.000568 0.007766
2 1 0.000246 0.024984 0.969234 0.004357 0.001178
2 1 0.000763 0.065372 0.889206 0.000340 0.044320
2 1 0.000321 0.022064 0.975262 0.000306 0.002047
2 2 0.000003 0.001054 0.998716 0.000215 0.000012
2 2 0.000002 0.000484 0.998378 0.001119 0.000017
2 2 0.000003 0.000569 0.996353 0.003070 0.000005
2 2 0.000013 0.000292 0.999292 0.000399 0.000003
2 2 0.000917 0.021237 0.976747 0.000751 0.000349
2 2 0.000007 0.000352 0.998835 0.000803 0.000002
2 2 0.000001 0.000107 0.996600 0.003291 0.000001
2 2 0.000001 0.000135 0.999638 0.000227 0.000000
2 2 0.000000 0.000106 0.999114 0.000780 0.000000
2 2 0.000009 0.000330 0.998617 0.001041 0.000003
2 2 0.000003 0.000452 0.995914 0.003628 0.000004
2 2 0.000002 0.000265 0.997715 0.002015 0.000002
2 2 0.000016 0.000198 0.988659 0.011124 0.000003
2 2 0.000003 0.000291 0.994727 0.004954 0.000025
2 2 0.000002 0.000122 0.995048 0.004824 0.000003
2 2 0.002029 0.040811 0.953338 0.002628 0.001193
2 1 0.001345 0.029444 0.967929 0.000718 0.000564
2 1 0.003688 0.023715 0.967731 0.003994 0.000872
0 0 0.921316 0.041477 0.026924 0.000090 0.010192
2 0 0.004296 0.066871 0.915290 0.010162 0.003382
2 0 0.005812 0.084416 0.901126 0.004818 0.003828
2 0 0.000782 0.028852 0.958604 0.010639 0.001123
2 0 0.000494 0.014733 0.979566 0.004736 0.000471
2 0 0.000998 0.043705 0.952674 0.000795 0.001828
2 0 0.001645 0.032989 0.941283 0.022488 0.001594
2 0 0.006129 0.108726 0.878723 0.000383 0.006039
2 0 0.000369 0.018171 0.980091 0.000958 0.000411
2 1 0.000039 0.016238 0.980041 0.000355 0.003327
2 1 0.000129 0.008321 0.990252 0.001181 0.000117
2 1 0.000024 0.001808 0.994422 0.003719 0.000026
2 1 0.003726 0.063602 0.931711 0.000085 0.000877
2 1 0.000359 0.016238 0.982102 0.001026 0.000275
2 1 0.000679 0.020295 0.977921 0.000770 0.000336
2 1 0.000551 0.028318 0.969296 0.001211 0.000624
2 1 0.024765 0.058626 0.871392 0.037699 0.007517
2 1 0.116504 0.150149 0.715330 0.005631 0.012386
2 1 0.029186 0.153909 0.791083 0.004778 0.021044
2 1 0.002919 0.065511 0.924722 0.000437 0.006410
2 4 0.040510 0.131872 0.727631 0.003601 0.096386
2 4 0.001775 0.077059 0.913491 0.000154 0.007521
2 4 0.031445 0.071239 0.876999 0.007125 0.013193
2 4 0.011880 0.081943 0.860002 0.004655 0.041520
2 4 0.011570 0.082326 0.745867 0.004677 0.155559
2 4 0.193269 0.066116 0.543680 0.153022 0.043913
4 4 0.019481 0.165642 0.353933 0.001407 0.459536
2 4 0.110514 0.167769 0.376966 0.004971 0.339780
2 4 0.093461 0.213689 0.543717 0.002167 0.146966
2 4 0.087896 0.112796 0.764032 0.020572 0.014705
2 4 0.010593 0.053004 0.926398 0.007059 0.002945
2 4 0.134423 0.193058 0.491891 0.008153 0.172474
2 4 0.010636 0.156806 0.770370 0.001899 0.060289
2 4 0.000430 0.022374 0.970375 0.000374 0.006447
2 0 0.224134 0.204285 0.546335 0.002326 0.022920
2 0 0.019671 0.117094 0.858984 0.000739 0.003512
2 1 0.006824 0.106899 0.846005 0.004185 0.036087
2 1 0.002310 0.040203 0.946743 0.009125 0.001620
2 0 0.017308 0.150294 0.810755 0.007980 0.013663
2 0 0.038486 0.077872 0.852918 0.021408 0.009317
0 0 0.456447 0.199018 0.280224 0.015922 0.048389
2 0 0.038918 0.284376 0.665444 0.000293 0.010969
2 0 0.221993 0.112101 0.570505 0.064428 0.030974
2 0 0.096073 0.105904 0.770166 0.014006 0.013851
0 0 0.592761 0.073044 0.202473 0.052684 0.079038
2 0 0.164772 0.323183 0.486425 0.001864 0.023756
0 0 0.518536 0.169465 0.254716 0.012649 0.044634
0 0 0.824282 0.061643 0.075359 0.007515 0.031201
0 0 0.886006 0.037003 0.058580 0.002816 0.015594
2 0 0.204897 0.225295 0.539865 0.005918 0.024024
2 0 0.031238 0.209070 0.710974 0.025997 0.022721
0 0 0.783594 0.039536 0.121844 0.010334 0.044692
0 1 0.563384 0.085744 0.095992 0.003611 0.251269
2 1 0.034781 0.133073 0.560447 0.017540 0.254159
2 1 0.018602 0.131298 0.524661 0.007786 0.317653
2 1 0.078311 0.120170 0.626463 0.097336 0.077719
2 1 0.051476 0.297962 0.608127 0.010240 0.032194
2 1 0.020407 0.182238 0.775386 0.006672 0.015298
2 1 0.019593 0.186723 0.783759 0.001188 0.008736
2 0 0.285540 0.087937 0.583260 0.023175 0.020089
2 0 0.411318 0.137360 0.419355 0.010065 0.021902
0 0 0.859466 0.079821 0.027458 0.001047 0.032208
0 0 0.608674 0.165437 0.200150 0.001501 0.024238
2 0 0.154503 0.162151 0.632536 0.013092 0.037718
0 0 0.681675 0.221395 0.074901 0.000172 0.021857
2 0 0.276712 0.198124 0.507875 0.001639 0.015650
2 0 0.049104 0.243679 0.684796 0.004662 0.017758
2 0 0.149087 0.330252 0.500997 0.000738 0.018925
2 0 0.007715 0.099286 0.886392 0.002562 0.004044
2 0 0.142269 0.284693 0.560599 0.000389 0.012051
2 0 0.062890 0.226612 0.697117 0.001630 0.011750
2 0 0.014138 0.140278 0.839332 0.001055 0.005197
2 0 0.007139 0.047945 0.922911 0.018813 0.003191
2 0 0.014621 0.072608 0.897100 0.010751 0.004920
2 0 0.069294 0.190032 0.718919 0.008117 0.013638
2 0 0.014549 0.132114 0.842098 0.004322 0.006916
0 0 0.563742 0.047521 0.363115 0.009946 0.015676
0 0 0.454741 0.273573 0.188760 0.012793 0.070133
2 0 0.124369 0.244784 0.613926 0.002215 0.014706
0 0 0.427469 0.161052 0.389434 0.002458 0.019588
0 0 0.485892 0.195558 0.252075 0.012983 0.053491
2 0 0.006058 0.212589 0.752331 0.000843 0.028180
2 0 0.004791 0.132899 0.854949 0.001614 0.005747
2 0 0.019547 0.295458 0.662781 0.001962 0.020251
2 0 0.060719 0.252257 0.664742 0.004137 0.018145
2 0 0.018562 0.184544 0.783085 0.003199 0.010610
2 0 0.019747 0.143097 0.802657 0.022374 0.012125
2 0 0.003292 0.058632 0.928168 0.007317 0.002591
2 0 0.006064 0.100121 0.882120 0.006372 0.005323
2 0 0.092161 0.239187 0.658754 0.000433 0.009465
0 0 0.757945 0.100707 0.106338 0.004873 0.030137
2 0 0.003131 0.076003 0.919133 0.000228 0.001506
2 1 0.095816 0.125760 0.760890 0.006910 0.010624
2 1 0.036477 0.152184 0.776087 0.022263 0.012989
2 1 0.005278 0.082475 0.904185 0.004426 0.003636
2 1 0.019456 0.139386 0.833358 0.001891 0.005909
2 1 0.001438 0.029463 0.967625 0.000903 0.000571
2 0 0.021052 0.169061 0.801361 0.001315 0.007211
2 1 0.002725 0.033431 0.960901 0.002118 0.000825
2 0 0.184903 0.378555 0.391767 0.003801 0.040974
2 0 0.009078 0.152594 0.800978 0.023157 0.014194
2 1 0.001342 0.101908 0.861160 0.023272 0.012318
2 1 0.000681 0.065613 0.897326 0.026621 0.009759
2 1 0.001804 0.071070 0.910253 0.012694 0.004178
2 1 0.000085 0.016945 0.975520 0.006910 0.000539
2 2 0.000062 0.014262 0.978789 0.006059 0.000828
2 1 0.000113 0.009921 0.980159 0.009292 0.000516
2 2 0.000001 0.000454 0.993771 0.005770 0.000004
2 2 0.000668 0.031458 0.963957 0.003004 0.000914
2 1 0.151768 0.246441 0.558496 0.009354 0.033940
2 0 0.318195 0.245822 0.352835 0.029714 0.053434
2 1 0.006566 0.173055 0.671071 0.039443 0.109866
2 1 0.020718 0.267935 0.495234 0.006693 0.209421
2 1 0.003343 0.060974 0.918629 0.011942 0.005111
2 0 0.101871 0.236810 0.607077 0.017930 0.036310
1 1 0.120869 0.462152 0.373819 0.001141 0.042019
2 1 0.001162 0.054721 0.844251 0.094563 0.005304
2 1 0.004423 0.128479 0.831778 0.023838 0.011481
2 1 0.001275 0.046227 0.893112 0.055915 0.003471
2 2 0.000011 0.001348 0.998085 0.000547 0.000008
2 2 0.007560 0.110296 0.873926 0.003184 0.005034
2 2 0.002830 0.058945 0.902244 0.032000 0.003981
2 2 0.000233 0.008740 0.980425 0.010378 0.000225
2 2 0.001102 0.033532 0.945726 0.018061 0.001579
2 2 0.000149 0.005318 0.991956 0.002482 0.000094
2 2 0.000114 0.004751 0.994802 0.000295 0.000038
2 2 0.000021 0.000223 0.996484 0.003270 0.000003
2 2 0.000007 0.000095 0.924437 0.075459 0.000002
2 2 0.000001 0.000079 0.982237 0.017682 0.000001
2 2 0.000001 0.000099 0.998873 0.001027 0.000000
2 2 0.000003 0.000119 0.997979 0.001897 0.000001
2 2 0.000002 0.000277 0.955314 0.044401 0.000005
2 2 0.000001 0.000268 0.995089 0.004640 0.000002
2 2 0.000052 0.002746 0.991153 0.006000 0.000049
2 2 0.000742 0.023815 0.971023 0.003776 0.000644
2 2 0.000006 0.000499 0.989190 0.010299 0.000006
2 2 0.000000 0.000084 0.996185 0.003731 0.000000
2 2 0.000004 0.000919 0.993506 0.005562 0.000009
2 2 0.000002 0.000570 0.998939 0.000487 0.000003
2 2 0.000000 0.000299 0.998298 0.001401 0.000002
2 2 0.000002 0.000174 0.987207 0.012615 0.000002
2 2 0.000048 0.005881 0.990673 0.003298 0.000100
2 2 0.000004 0.000949 0.998774 0.000268 0.000004
2 2 0.000007 0.001645 0.994871 0.003459 0.000019
2 2 0.000055 0.000904 0.969430 0.029587 0.000024
2 2 0.000001 0.000039 0.979861 0.020099 0.000000
2 2 0.000037 0.001453 0.979383 0.019096 0.000032
2 2 0.000007 0.000679 0.992592 0.006714 0.000008
2 2 0.000006 0.000394 0.978191 0.021401 0.000007
2 2 0.000003 0.000588 0.979238 0.020164 0.000007
2 2 0.000001 0.000192 0.987170 0.012634 0.000002
2 2 0.000004 0.000118 0.960211 0.039664 0.000002
2 2 0.000000 0.000016 0.984657 0.015327 0.000000
2 2 0.000002 0.000116 0.854620 0.145260 0.000003
2 2 0.000001 0.000087 0.901833 0.098078 0.000001
2 2 0.000000 0.000012 0.792791 0.207198 0.000000
2 2 0.000001 0.000067 0.828101 0.171830 0.000002
3 2 0.000000 0.000000 0.275493 0.724507 0.000000
2 2 0.000000 0.000003 0.837605 0.162392 0.000000
2 2 0.000000 0.000012 0.607346 0.392642 0.000000
3 2 0.000000 0.000004 0.295982 0.704014 0.000000
2 3 0.000009 0.000508 0.959961 0.039512 0.000009
2 3 0.000010 0.000623 0.951809 0.047545 0.000014
2 3 0.000003 0.000171 0.962492 0.037331 0.000003
2 3 0.000000 0.000001 0.775367 0.224633 0.000000
2 3 0.000000 0.000012 0.908871 0.091117 0.000000
3 3 0.000000 0.000001 0.234705 0.765294 0.000000
3 3 0.000001 0.000086 0.350858 0.649050 0.000005
2 3 0.000000 0.000003 0.554298 0.445699 0.000000
3 3 0.000000 0.000001 0.256733 0.743266 0.000000
3 3 0.000000 0.000015 0.435353 0.564631 0.000001
3 3 0.000000 0.000005 0.396780 0.603214 0.000000
2 3 0.000000 0.000049 0.848985 0.150965 0.000001
3 3 0.000003 0.000086 0.357847 0.642059 0.000006
3 3 0.000000 0.000018 0.376688 0.623294 0.000001
3 3 0.000000 0.000000 0.023900 0.976100 0.000000
3 3 0.000000 0.000003 0.205464 0.794532 0.000000
3 3 0.000000 0.000008 0.415673 0.584319 0.000000
3 3 0.000000 0.000035 0.305418 0.694544 0.000002
3 3 0.000000 0.000004 0.123757 0.876238 0.000000
3 3 0.000000 0.000005 0.213741 0.786254 0.000000
3 3 0.000000 0.000000 0.094556 0.905444 0.000000
3 3 0.000000 0.000008 0.451635 0.548357 0.000000
3 3 0.000000 0.000001 0.196155 0.803844 0.000000
3 3 0.000000 0.000022 0.449962 0.550015 0.000001
2 3 0.000000 0.000002 0.612906 0.387092 0.000000
3 3 0.000000 0.000007 0.487751 0.512242 0.000000
3 3 0.000000 0.000001 0.104999 0.895000 0.000000
3 3 0.000000 0.000022 0.186772 0.813205 0.000001
3 3 0.000000 0.000002 0.356384 0.643615 0.000000
3 3 0.000000 0.000001 0.318286 0.681713 0.000000
3 3 0.000000 0.000001 0.198262 0.801736 0.000000
3 3 0.000000 0.000002 0.135602 0.864396 0.000000
3 3 0.000000 0.000001 0.143034 0.856965 0.000000
3 3 0.000000 0.000005 0.275980 0.724015 0.000000
3 3 0.000000 0.000001 0.293777 0.706223 0.000000
2 3 0.000000 0.000002 0.589402 0.410596 0.000000
2 3 0.000000 0.000001 0.510212 0.489786 0.000000
3 3 0.000000 0.000019 0.288927 0.711053 0.000001
3 3 0.000000 0.000002 0.098442 0.901555 0.000000
3 3 0.000000 0.000015 0.273148 0.726837 0.000001
3 3 0.000000 0.000017 0.374518 0.625464 0.000001
3 3 0.000000 0.000001 0.100201 0.899798 0.000000
2 3 0.000000 0.000022 0.659681 0.340296 0.000001
3 3 0.000000 0.000008 0.382414 0.617578 0.000000
3 3 0.000000 0.000001 0.065590 0.934410 0.000000
3 3 0.000000 0.000005 0.445843 0.554151 0.000000
3 3 0.000000 0.000000 0.044894 0.955106 0.000000
3 3 0.000000 0.000000 0.174987 0.825013 0.000000
2 3 0.000000 0.000000 0.601771 0.398228 0.000000
3 3 0.000000 0.000003 0.456898 0.543099 0.000000
3 3 0.000001 0.000048 0.373043 0.626903 0.000004
3 3 0.000000 0.000026 0.241616 0.758356 0.000001
3 3 0.000000 0.000015 0.292306 0.707678 0.000001
2 3 0.000008 0.000249 0.698383 0.301348 0.000012
3 3 0.000000 0.000004 0.497875 0.502121 0.000000
3 3 0.000000 0.000000 0.033317 0.966682 0.000000
3 3 0.000000 0.000000 0.034688 0.965312 0.000000
3 3 0.000000 0.000001 0.141462 0.858537 0.000000
3 3 0.000000 0.000000 0.153689 0.846310 0.000000
3 3 0.000000 0.000001 0.093048 0.906951 0.000000
3 3 0.000000 0.000000 0.038591 0.961409 0.000000
3 3 0.000000 0.000000 0.054780 0.945219 0.000000
3 3 0.000000 0.000000 0.056045 0.943954 0.000000
3 3 0.000000 0.000001 0.093523 0.906476 0.000000
3 3 0.000000 0.000001 0.140830 0.859169 0.000000
3 3 0.000000 0.000001 0.115964 0.884035 0.000000
3 3 0.000000 0.000003 0.215864 0.784134 0.000000
3 3 0.000000 0.000002 0.138780 0.861218 0.000000
3 3 0.000000 0.000000 0.155396 0.844604 0.000000
3 3 0.000000 0.000000 0.030976 0.969024 0.000000
3 3 0.000000 0.000000 0.032076 0.967924 0.000000
3 3 0.000000 0.000005 0.156879 0.843116 0.000000
3 3 0.000000 0.000003 0.098027 0.901969 0.000000
3 3 0.000022 0.000203 0.313459 0.686296 0.000020
2 0 0.001100 0.019243 0.969534 0.009532 0.000591
2 0 0.079498 0.242859 0.652541 0.006147 0.018955
2 0 0.006483 0.065292 0.916742 0.008463 0.003020
2 1 0.004163 0.053183 0.904515 0.034729 0.003411
2 2 0.006899 0.151736 0.799495 0.026910 0.014959
2 1 0.001534 0.058002 0.881917 0.053814 0.004733
2 2 0.002623 0.088413 0.862749 0.038478 0.007736
2 2 0.000655 0.029704 0.937698 0.030354 0.001589
2 2 0.000235 0.003766 0.956156 0.039674 0.000170
2 2 0.000002 0.000506 0.969877 0.029607 0.000008
2 2 0.000100 0.009817 0.981147 0.008677 0.000258
2 2 0.000053 0.012802 0.983059 0.002637 0.001449
2 2 0.000393 0.023324 0.959222 0.016092 0.000970
2 0 0.036703 0.274626 0.662712 0.004369 0.021591
2 0 0.026599 0.168085 0.779428 0.012768 0.013120
2 1 0.001588 0.069895 0.901125 0.013467 0.013924
2 1 0.003256 0.063686 0.923311 0.006867 0.002880
2 4 0.010944 0.254433 0.470193 0.001977 0.262454
2 4 0.000743 0.129182 0.731887 0.001875 0.136313
2 4 0.000885 0.131406 0.715259 0.001057 0.151393
4 4 0.010796 0.049975 0.156663 0.016205 0.766360
2 4 0.013299 0.322292 0.581848 0.000456 0.082105
2 0 0.083552 0.393252 0.485439 0.002397 0.035360
2 4 0.006071 0.199657 0.633603 0.006282 0.154386
2 1 0.002664 0.053548 0.901882 0.036396 0.005510
2 1 0.002296 0.170127 0.731019 0.006380 0.090178
3 4 0.007309 0.031765 0.414972 0.430233 0.115721
2 4 0.030947 0.127892 0.475845 0.203229 0.162087
2 4 0.097395 0.345245 0.412739 0.013865 0.130756
4 4 0.003713 0.132387 0.203047 0.000626 0.660227
2 4 0.001639 0.142062 0.654315 0.004564 0.197420
2 4 0.001210 0.115623 0.670502 0.004920 0.207744
2 4 0.009942 0.034167 0.390582 0.384327 0.180983
2 4 0.000721 0.031777 0.783990 0.042604 0.140908
4 4 0.002986 0.046635 0.376715 0.031509 0.542155
4 4 0.029354 0.227244 0.336170 0.006192 0.401040
4 4 0.135729 0.010783 0.073970 0.241562 0.537956
2 4 0.002886 0.048883 0.626327 0.314867 0.007036
2 4 0.017062 0.031147 0.567829 0.356707 0.027255
0 4 0.489116 0.072949 0.122810 0.020574 0.294552
4 4 0.055057 0.086618 0.310224 0.219618 0.328483
2 4 0.014761 0.177569 0.406448 0.020077 0.381144
2 4 0.012409 0.193992 0.592767 0.021501 0.179332
0 4 0.690702 0.143261 0.113136 0.005182 0.047720
4 4 0.214871 0.044394 0.147706 0.112982 0.480047
4 4 0.109153 0.086398 0.096444 0.008419 0.699586
2 4 0.004339 0.154542 0.429219 0.000951 0.410949
2 4 0.003482 0.095853 0.832262 0.008311 0.060092
2 4 0.002319 0.139956 0.770593 0.008897 0.078234
2 4 0.112948 0.203262 0.442066 0.018132 0.223591
0 4 0.322430 0.032014 0.218079 0.297506 0.129971
4 4 0.111026 0.073357 0.275619 0.109664 0.430333
2 4 0.014020 0.181670 0.543319 0.014340 0.246651
2 4 0.012149 0.089612 0.720525 0.090287 0.087427
4 4 0.106315 0.100575 0.164441 0.096480 0.532189
2 4 0.040717 0.172803 0.603158 0.047734 0.135587
2 4 0.077197 0.349306 0.519846 0.010771 0.042881
2 4 0.009169 0.105847 0.776135 0.079780 0.029069
2 4 0.015580 0.244152 0.648679 0.005011 0.086578
2 4 0.006550 0.154385 0.724766 0.033827 0.080472
2 4 0.007429 0.184989 0.566788 0.004736 0.236057
2 4 0.005600 0.224582 0.705762 0.001015 0.063042
2 4 0.001865 0.072567 0.896563 0.006040 0.022965
1 4 0.144344 0.358752 0.213134 0.003286 0.280484
2 4 0.056767 0.263795 0.535945 0.013523 0.129969
0 0 0.541303 0.292713 0.097996 0.000280 0.067708
2 1 0.173619 0.327620 0.464161 0.002071 0.032528
2 1 0.084070 0.120651 0.706895 0.064857 0.023527
2 1 0.077309 0.293549 0.599335 0.000878 0.028929
1 1 0.154668 0.402629 0.349442 0.001082 0.092179
4 1 0.088862 0.300176 0.293758 0.009586 0.307617
2 1 0.020704 0.245885 0.683951 0.007922 0.041537
2 1 0.032671 0.224645 0.716819 0.007763 0.018101
2 1 0.004334 0.112814 0.867090 0.002393 0.013368
2 1 0.000265 0.034392 0.958126 0.001416 0.005802
2 1 0.013857 0.248864 0.675715 0.000623 0.060941
2 1 0.004158 0.103658 0.875534 0.003097 0.013552
2 1 0.002040 0.052358 0.936676 0.001374 0.007552
2 1 0.004291 0.104829 0.877973 0.000509 0.012398
2 1 0.026325 0.102510 0.820329 0.038199 0.012638
2 0 0.029140 0.093024 0.839061 0.030181 0.008595
2 1 0.095319 0.204351 0.644426 0.000822 0.055082
2 1 0.022767 0.139074 0.809213 0.010011 0.018936
2 4 0.009864 0.089664 0.857176 0.022427 0.020868
2 4 0.007221 0.100374 0.863108 0.006610 0.022688
2 1 0.153795 0.130660 0.593388 0.087875 0.034281
2 1 0.010005 0.084037 0.796248 0.017860 0.091850
2 1 0.013542 0.076187 0.840809 0.033854 0.035607
2 1 0.005465 0.117096 0.840689 0.003129 0.033621
2 1 0.001619 0.123824 0.755015 0.000435 0.119107
2 1 0.001659 0.098224 0.871377 0.000547 0.028192
2 1 0.000229 0.048978 0.916734 0.001185 0.032874
2 1 0.004039 0.077821 0.854478 0.034488 0.029173
2 1 0.000592 0.035330 0.958235 0.003060 0.002783
2 1 0.001838 0.084302 0.901822 0.000213 0.011825
2 4 0.002454 0.097084 0.860303 0.001545 0.038614
2 4 0.001091 0.040507 0.951642 0.001846 0.004913
2 4 0.002766 0.068416 0.925695 0.000225 0.002898
2 0 0.179068 0.270850 0.524042 0.002520 0.023520
2 1 0.000687 0.040924 0.941434 0.014886 0.002069
2 1 0.001422 0.086610 0.888067 0.016955 0.006946
2 4 0.020660 0.246952 0.693361 0.013621 0.025406
2 4 0.059383 0.392829 0.504226 0.003757 0.039805
2 4 0.012465 0.166666 0.791253 0.015382 0.014234
2 4 0.005519 0.132799 0.842275 0.010062 0.009344
2 4 0.011599 0.211756 0.765633 0.001020 0.009992
2 4 0.024037 0.170309 0.792234 0.003782 0.009638
2 4 0.012026 0.127544 0.853960 0.001493 0.004977
2 4 0.001075 0.054893 0.938161 0.003750 0.002121
2 4 0.007137 0.175090 0.790753 0.012105 0.014914
2 4 0.003846 0.097309 0.886416 0.007029 0.005400
2 1 0.001631 0.057025 0.936409 0.002902 0.002034
2 1 0.000043 0.006880 0.987907 0.005029 0.000142
2 1 0.000214 0.015513 0.977929 0.005917 0.000427
2 2 0.000082 0.006236 0.987212 0.006344 0.000125
2 2 0.000001 0.000959 0.995106 0.003914 0.000019
2 2 0.000000 0.000020 0.986563 0.013417 0.000000
2 2 0.000002 0.000238 0.995308 0.004450 0.000002
2 2 0.000040 0.006134 0.992856 0.000894 0.000076
2 2 0.020433 0.239881 0.713691 0.006408 0.019588
2 0 0.168610 0.189089 0.623089 0.002370 0.016842
2 1 0.002193 0.035721 0.960380 0.000960 0.000746
2 1 0.000522 0.039259 0.956764 0.001057 0.002399
2 1 0.000023 0.005516 0.992615 0.000492 0.001354
2 1 0.000009 0.003898 0.992875 0.002491 0.000728
2 1 0.000003 0.001578 0.997483 0.000804 0.000131
2 1 0.000001 0.000489 0.999060 0.000238 0.000212
2 1 0.000003 0.001235 0.998585 0.000101 0.000076
2 1 0.000039 0.007410 0.990600 0.001072 0.000880
2 1 0.000015 0.006032 0.992538 0.000400 0.001015
2 1 0.000004 0.001397 0.998445 0.000102 0.000052
2 1 0.000425 0.047081 0.943269 0.000064 0.009161
2 1 0.005577 0.219755 0.746476 0.000062 0.028130
2 1 0.004135 0.094601 0.883636 0.001634 0.015994
2 0 0.202057 0.082426 0.676036 0.010082 0.029399
2 1 0.038396 0.232418 0.585393 0.001004 0.142789
2 1 0.000343 0.023760 0.973353 0.000229 0.002315
2 1 0.000191 0.006027 0.991620 0.000780 0.001382
2 1 0.000815 0.047534 0.932035 0.000270 0.019346
2 1 0.021648 0.167427 0.788164 0.002844 0.019918
2 1 0.003735 0.054914 0.928852 0.005390 0.007110
2 1 0.061353 0.339775 0.459819 0.001466 0.137586
2 1 0.107611 0.109644 0.524268 0.018041 0.240436
2 1 0.048047 0.064052 0.676851 0.103001 0.108049
2 1 0.003936 0.043770 0.918683 0.014185 0.019427
2 1 0.110281 0.290457 0.551937 0.001705 0.045621
2 1 0.004625 0.064822 0.906613 0.019209 0.004732
2 1 0.011822 0.116309 0.769937 0.018996 0.082937
2 1 0.031889 0.194546 0.575741 0.012883 0.184941
2 1 0.023262 0.053735 0.823744 0.086740 0.012519
2 1 0.093953 0.058801 0.602215 0.175381 0.069650
2 1 0.044883 0.208075 0.728761 0.002032 0.016248
2 1 0.126568 0.299158 0.537619 0.001551 0.035104
2 4 0.185383 0.366140 0.418847 0.001166 0.028464
2 4 0.013011 0.162602 0.809582 0.000448 0.014357
2 4 0.014484 0.200719 0.736841 0.000458 0.047498
2 4 0.000736 0.028379 0.960935 0.007870 0.002079
2 4 0.001303 0.073463 0.898498 0.000611 0.026126
2 4 0.009684 0.182642 0.729872 0.003573 0.074229
2 4 0.052745 0.286861 0.620689 0.000450 0.039255
2 4 0.052349 0.121064 0.791947 0.005067 0.029573
2 1 0.093126 0.344830 0.465117 0.000323 0.096603
