1 0 0.048734 0.614000 0.202378 0.000111 0.134776
1 0 0.029006 0.389948 0.192253 0.000047 0.388745
4 0 0.077163 0.252183 0.219471 0.000509 0.450674
0 0 0.550412 0.266356 0.057836 0.000452 0.124945
2 0 0.323243 0.255978 0.338193 0.035269 0.047316
0 0 0.600136 0.073302 0.005136 0.000008 0.321417
0 0 0.516784 0.286616 0.049075 0.000014 0.147511
0 0 0.753799 0.141058 0.019204 0.000048 0.085891
4 0 0.243105 0.232399 0.142417 0.001434 0.380644
1 0 0.354953 0.424854 0.114316 0.000879 0.104999
0 0 0.752528 0.121216 0.030628 0.000454 0.095174
0 0 0.879382 0.047629 0.008501 0.000075 0.064413
0 0 0.593853 0.282880 0.029996 0.000025 0.093245
0 0 0.761705 0.138440 0.016754 0.000031 0.083070
0 0 0.857749 0.061117 0.010812 0.000084 0.070238
4 0 0.318075 0.090720 0.010345 0.000534 0.580326
4 0 0.386839 0.080381 0.065783 0.000602 0.466395
4 0 0.282556 0.083187 0.231585 0.001491 0.401181
4 0 0.282573 0.083187 0.231538 0.001491 0.401211
4 0 0.282574 0.083187 0.231537 0.001491 0.401211
4 0 0.282574 0.083187 0.231537 0.001491 0.401211
4 0 0.282574 0.083187 0.231537 0.001491 0.401211
4 0 0.282574 0.083187 0.231536 0.001491 0.401211
4 0 0.282574 0.083187 0.231537 0.001491 0.401211
4 0 0.282574 0.083187 0.231537 0.001491 0.401211
4 0 0.282574 0.083187 0.231537 0.001491 0.401211
4 0 0.282574 0.083187 0.231537 0.001491 0.401211
4 0 0.282574 0.083187 0.231537 0.001491 0.401211
4 0 0.282573 0.083187 0.231537 0.001491 0.401212
4 0 0.282574 0.083187 0.231537 0.001491 0.401211
4 0 0.282574 0.083187 0.231537 0.001491 0.401211
4 0 0.282574 0.083187 0.231537 0.001491 0.401211
4 0 0.282574 0.083187 0.231537 0.001491 0.401212
4 0 0.282574 0.083187 0.231537 0.001491 0.401211
4 0 0.282573 0.083187 0.231537 0.001491 0.401212
4 0 0.282574 0.083187 0.231537 0.001491 0.401212
4 0 0.282574 0.083187 0.231537 0.001491 0.401211
4 0 0.282574 0.083187 0.231537 0.001491 0.401211
4 0 0.282573 0.083187 0.231538 0.001491 0.401211
4 0 0.282574 0.083187 0.231537 0.001491 0.401211
4 0 0.282574 0.083187 0.231537 0.001491 0.401212
4 0 0.282574 0.083187 0.231537 0.001491 0.401211
4 0 0.282574 0.083187 0.231537 0.001491 0.401211
4 0 0.282287 0.083169 0.231803 0.001492 0.401249
4 0 0.271832 0.042257 0.112190 0.000033 0.573688
0 0 0.745508 0.066632 0.138348 0.028607 0.020904
0 0 0.923158 0.025604 0.003512 0.000020 0.047707
0 0 0.499188 0.101947 0.346134 0.042751 0.009979
0 0 0.887577 0.048145 0.026796 0.001048 0.036434
0 0 0.877303 0.045169 0.010240 0.000180 0.067109
0 0 0.789766 0.104023 0.020323 0.000160 0.085727
1 0 0.349469 0.482035 0.074086 0.000114 0.094296
1 0 0.213246 0.597651 0.108193 0.000195 0.080715
1 0 0.044085 0.707454 0.191970 0.000055 0.056435
1 0 0.420341 0.474555 0.026028 0.000002 0.079074
0 0 0.500773 0.379996 0.030620 0.000010 0.088600
0 0 0.564397 0.339139 0.016870 0.000002 0.079592
0 0 0.815745 0.072624 0.059527 0.005719 0.046384
0 0 0.904694 0.040842 0.016686 0.000408 0.037370
0 0 0.813515 0.065883 0.011594 0.000155 0.108853
4 0 0.391864 0.178135 0.028171 0.000058 0.401771
0 0 0.441416 0.099403 0.068049 0.000010 0.391122
0 0 0.823517 0.081642 0.009447 0.000026 0.085367
0 0 0.659051 0.113482 0.015750 0.000074 0.211643
0 0 0.683311 0.183995 0.015821 0.000009 0.116864
0 0 0.885140 0.043710 0.005875 0.000012 0.065263
0 0 0.608421 0.230366 0.053506 0.000441 0.107267
1 0 0.407187 0.459496 0.044200 0.000020 0.089097
1 0 0.280502 0.558276 0.075885 0.000071 0.085265
1 0 0.066656 0.728620 0.140713 0.000023 0.063988
0 0 0.743636 0.149588 0.019927 0.000046 0.086804
0 0 0.710830 0.095478 0.038753 0.003526 0.151414
0 0 0.881383 0.064072 0.018876 0.000119 0.035550
0 0 0.927408 0.027902 0.007899 0.000091 0.036699
0 0 0.859910 0.031113 0.098581 0.006083 0.004313
0 0 0.373530 0.371653 0.203614 0.002115 0.049088
0 0 0.714771 0.168414 0.025005 0.000072 0.091738
0 0 0.822000 0.072182 0.048258 0.003861 0.053700
1 0 0.380119 0.464891 0.061301 0.000065 0.093625
1 0 0.111271 0.797116 0.045927 0.000002 0.045685
0 0 0.410801 0.363784 0.059826 0.000258 0.165331
0 0 0.877585 0.055216 0.006367 0.000016 0.060815
0 0 0.861107 0.056824 0.044233 0.002866 0.034970
0 0 0.470649 0.242429 0.046867 0.000041 0.240015
4 0 0.033145 0.091415 0.124778 0.000055 0.750608
4 0 0.066699 0.224444 0.165562 0.000046 0.543249
4 0 0.065139 0.045835 0.044240 0.000042 0.844744
0 0 0.841949 0.052761 0.007429 0.000061 0.097800
0 0 0.650234 0.101540 0.137793 0.040544 0.069889
4 0 0.154791 0.315581 0.195432 0.000337 0.333858
4 0 0.135205 0.169337 0.118467 0.000071 0.576920
0 0 0.766675 0.147941 0.009669 0.000002 0.075713
1 0 0.074748 0.375822 0.265159 0.000013 0.284258
1 0 0.077617 0.690766 0.131166 0.000002 0.100449
1 1 0.034830 0.809620 0.077344 0.000000 0.078205
1 1 0.006137 0.714527 0.187831 0.000034 0.091470
1 1 0.004228 0.484065 0.448863 0.000004 0.062840
2 1 0.011415 0.373466 0.444278 0.000197 0.170644
1 2 0.011620 0.419733 0.335168 0.000224 0.233255
1 2 0.001747 0.452296 0.425200 0.000695 0.120062
2 2 0.000186 0.171531 0.638850 0.000422 0.189011
2 2 0.000129 0.223440 0.736722 0.000012 0.039697
2 2 0.001288 0.265742 0.379393 0.000052 0.353524
2 2 0.000459 0.097484 0.566617 0.002637 0.332804
2 2 0.000418 0.145968 0.732874 0.000882 0.119857
2 2 0.000354 0.270358 0.631521 0.000510 0.097256
2 2 0.000048 0.031200 0.959144 0.000384 0.009223
2 2 0.001904 0.105986 0.791702 0.001042 0.099366
2 2 0.001772 0.164122 0.769659 0.001657 0.062791
2 2 0.000670 0.101680 0.834187 0.002694 0.060770
2 2 0.000046 0.011858 0.959696 0.014446 0.013953
2 2 0.000139 0.039420 0.920335 0.018786 0.021320
2 2 0.000770 0.132628 0.596617 0.003313 0.266673
2 2 0.001170 0.054552 0.846121 0.049351 0.048806
2 2 0.000981 0.094702 0.823935 0.039620 0.040763
2 2 0.001478 0.260121 0.377623 0.019072 0.341706
2 2 0.001866 0.108254 0.617908 0.091630 0.180343
2 2 0.000274 0.041567 0.828469 0.055092 0.074598
2 2 0.000103 0.009308 0.969874 0.019043 0.001673
2 3 0.001709 0.099523 0.493873 0.023150 0.381746
2 3 0.000462 0.125340 0.817009 0.020025 0.037164
2 3 0.006058 0.185055 0.564881 0.190636 0.053371
2 3 0.001293 0.117674 0.776335 0.066428 0.038270
2 3 0.000142 0.034941 0.814379 0.135064 0.015473
2 3 0.000436 0.108382 0.626403 0.205293 0.059487
4 3 0.000833 0.188363 0.275282 0.138144 0.397379
2 3 0.000852 0.078515 0.561268 0.312110 0.047255
2 3 0.000567 0.056512 0.768968 0.112993 0.060961
2 3 0.001048 0.056525 0.676112 0.199576 0.066739
2 3 0.002937 0.127557 0.580898 0.229734 0.058874
3 3 0.001418 0.122208 0.275168 0.495874 0.105331
2 3 0.001469 0.063354 0.637739 0.268973 0.028465
2 3 0.000157 0.031210 0.616231 0.342341 0.010061
2 3 0.000254 0.056385 0.637736 0.246497 0.059128
3 3 0.000330 0.014143 0.411527 0.561242 0.012759
3 3 0.000239 0.004310 0.074133 0.917807 0.003511
3 3 0.000447 0.005488 0.053171 0.937497 0.003397
2 3 0.000488 0.037755 0.603063 0.259199 0.099495
2 3 0.001227 0.110720 0.511737 0.330114 0.046202
2 3 0.000411 0.016560 0.561193 0.420591 0.001245
2 3 0.000299 0.039746 0.644271 0.297007 0.018676
3 3 0.000139 0.008698 0.102711 0.883896 0.004557
3 3 0.000255 0.001410 0.036242 0.961431 0.000662
3 3 0.000526 0.021571 0.254509 0.705675 0.017719
3 3 0.000757 0.003594 0.038881 0.951478 0.005290
3 3 0.000309 0.019671 0.228867 0.718100 0.033053
3 3 0.001438 0.037957 0.153051 0.770725 0.036829
3 3 0.000291 0.012311 0.213766 0.765122 0.008510
3 3 0.001094 0.035083 0.113896 0.784356 0.065572
3 3 0.001091 0.016794 0.133449 0.821770 0.026895
2 3 0.000097 0.025580 0.745908 0.217148 0.011267
3 3 0.000146 0.004259 0.202589 0.790784 0.002221
3 3 0.000294 0.007247 0.042995 0.941374 0.008089
3 3 0.000436 0.026469 0.111172 0.827495 0.034428
3 3 0.002529 0.247485 0.271642 0.331300 0.147042
3 3 0.000250 0.009796 0.184064 0.800889 0.005001
3 3 0.000112 0.003492 0.198097 0.795932 0.002367
3 3 0.000255 0.032352 0.248620 0.700646 0.018127
3 3 0.000237 0.014880 0.364423 0.611459 0.009001
3 3 0.000882 0.023635 0.159535 0.787058 0.028890
3 3 0.000313 0.024092 0.118468 0.845149 0.011978
3 3 0.000146 0.001752 0.039496 0.957746 0.000860
3 3 0.001038 0.127542 0.207070 0.390868 0.273483
3 3 0.002032 0.028730 0.143813 0.788923 0.036502
3 3 0.000105 0.004184 0.133932 0.857026 0.004753
2 3 0.000631 0.090072 0.450873 0.409140 0.049283
3 3 0.000194 0.003108 0.096760 0.899067 0.000870
3 3 0.000291 0.046107 0.425766 0.504065 0.023772
3 3 0.001230 0.114541 0.320155 0.518351 0.045722
3 3 0.000362 0.017559 0.325841 0.643542 0.012696
3 3 0.004523 0.116996 0.192725 0.617246 0.068511
3 3 0.000146 0.001557 0.043377 0.953586 0.001334
3 3 0.000784 0.058189 0.267549 0.659903 0.013575
3 3 0.001385 0.079171 0.395529 0.500162 0.023753
3 3 0.002849 0.060871 0.299012 0.578517 0.058750
3 3 0.000362 0.003521 0.099161 0.894714 0.002243
3 3 0.000120 0.003229 0.247235 0.747914 0.001503
3 3 0.000194 0.005515 0.060877 0.932035 0.001378
3 3 0.000423 0.010949 0.047918 0.932202 0.008508
3 3 0.000459 0.014232 0.067400 0.912130 0.005779
3 3 0.000170 0.016690 0.241388 0.716222 0.025530
3 3 0.000092 0.007118 0.111553 0.875100 0.006138
3 3 0.001536 0.036378 0.223880 0.721619 0.016586
3 3 0.001211 0.018071 0.052984 0.909315 0.018419
3 3 0.001312 0.026788 0.078151 0.870574 0.023175
3 3 0.001035 0.021961 0.132362 0.838257 0.006386
3 3 0.000594 0.011238 0.037562 0.938554 0.012052
3 3 0.001956 0.057693 0.217928 0.668334 0.054088
3 3 0.000366 0.018760 0.094070 0.842178 0.044626
3 3 0.000382 0.009004 0.052741 0.927069 0.010803
3 3 0.000068 0.000571 0.014714 0.984002 0.000645
3 3 0.001554 0.118891 0.257978 0.566468 0.055110
3 3 0.000181 0.015387 0.287401 0.688982 0.008049
3 3 0.000112 0.004526 0.029682 0.962121 0.003559
3 3 0.000685 0.018162 0.054226 0.911004 0.015923
3 3 0.000177 0.004337 0.044262 0.944856 0.006369
3 3 0.002034 0.007429 0.197786 0.789101 0.003650
2 1 0.035527 0.142906 0.765157 0.045676 0.010733
2 2 0.012172 0.177168 0.775277 0.001164 0.034219
1 2 0.118259 0.626034 0.187861 0.001056 0.066790
1 1 0.307813 0.478784 0.097437 0.000412 0.115554
0 1 0.900149 0.037196 0.005798 0.000040 0.056817
1 1 0.243917 0.442136 0.051027 0.000207 0.262715
4 1 0.248273 0.122013 0.051025 0.000387 0.578301
0 1 0.603651 0.189777 0.021928 0.000042 0.184602
1 0 0.279660 0.451851 0.130902 0.000133 0.137453
0 0 0.839611 0.085022 0.031140 0.000352 0.043875
1 1 0.095291 0.486570 0.386775 0.005263 0.026101
1 0 0.029680 0.770763 0.064795 0.000026 0.134735
0 0 0.425175 0.273205 0.014348 0.000013 0.287260
1 1 0.055761 0.810201 0.096653 0.000028 0.037357
1 0 0.377301 0.541566 0.015414 0.000000 0.065719
1 0 0.069845 0.816385 0.074050 0.000011 0.039709
1 0 0.180669 0.634248 0.109630 0.000145 0.075308
0 0 0.928874 0.026068 0.002287 0.000004 0.042767
0 0 0.741180 0.075648 0.030298 0.000752 0.152123
0 0 0.724574 0.102347 0.060710 0.007811 0.104558
0 0 0.779474 0.064955 0.013521 0.000402 0.141647
0 0 0.887125 0.049402 0.005519 0.000013 0.057941
0 0 0.486121 0.109041 0.014551 0.000146 0.390141
0 0 0.581584 0.165126 0.054309 0.000025 0.198956
0 0 0.904649 0.040845 0.028797 0.001102 0.024607
0 0 0.880862 0.043638 0.009588 0.000157 0.065755
0 0 0.619207 0.072845 0.014463 0.000356 0.293130
0 1 0.677474 0.118071 0.011343 0.000047 0.193064
0 0 0.610015 0.237238 0.028902 0.000060 0.123784
4 0 0.052616 0.310609 0.132812 0.006112 0.497851
1 0 0.269130 0.467318 0.059735 0.000197 0.203619
4 0 0.062902 0.196976 0.147482 0.000063 0.592577
2 0 0.259630 0.098217 0.362375 0.205486 0.074292
0 0 0.777489 0.080659 0.063694 0.007367 0.070792
0 0 0.919542 0.027118 0.003910 0.000025 0.049406
0 0 0.810337 0.055854 0.111077 0.009803 0.012929
0 0 0.703586 0.124748 0.075808 0.004727 0.091132
4 0 0.142572 0.348288 0.134852 0.005346 0.368942
1 0 0.025798 0.706737 0.118993 0.000825 0.147647
1 1 0.153716 0.688338 0.092632 0.000060 0.065254
1 1 0.167373 0.701505 0.067859 0.000018 0.063245
1 0 0.061536 0.597145 0.127659 0.002163 0.211496
4 0 0.453305 0.072252 0.008275 0.000345 0.465823
0 1 0.813771 0.060779 0.052785 0.000804 0.071861
4 0 0.090826 0.127376 0.063371 0.000030 0.718397
4 0 0.256921 0.051779 0.006779 0.000006 0.684514
0 0 0.773628 0.020128 0.000629 0.000001 0.205615
0 0 0.875293 0.029442 0.003116 0.000019 0.092131
0 0 0.689521 0.107571 0.060348 0.008495 0.134065
1 0 0.189766 0.512961 0.098148 0.000862 0.198264
4 1 0.080648 0.401386 0.097601 0.007622 0.412743
0 0 0.516986 0.249422 0.039994 0.000304 0.193294
0 0 0.658751 0.092845 0.046847 0.005748 0.195809
0 0 0.477790 0.227279 0.258412 0.007775 0.028744
1 0 0.164456 0.422743 0.294429 0.019258 0.099114
0 0 0.539392 0.119162 0.157005 0.069992 0.114450
0 0 0.973567 0.012526 0.004175 0.000020 0.009712
4 0 0.227935 0.147067 0.088015 0.075603 0.461380
1 0 0.107799 0.382740 0.346785 0.002459 0.160217
0 0 0.867339 0.074595 0.018519 0.000081 0.039466
0 0 0.868277 0.053357 0.038951 0.002233 0.037182
2 1 0.268359 0.152059 0.387234 0.164510 0.027839
0 0 0.280592 0.136705 0.214222 0.124483 0.243997
4 0 0.255637 0.235033 0.061235 0.006642 0.441453
0 0 0.847791 0.057790 0.016454 0.000486 0.077479
0 0 0.830563 0.039869 0.002391 0.000005 0.127172
0 0 0.661174 0.030263 0.005840 0.000006 0.302717
0 0 0.622867 0.107252 0.031998 0.003038 0.234845
4 0 0.182807 0.281357 0.049980 0.002349 0.483507
0 0 0.562551 0.104259 0.025166 0.002226 0.305799
0 0 0.510880 0.068376 0.136669 0.000967 0.283108
0 0 0.837918 0.038206 0.004326 0.000039 0.119510
0 0 0.932652 0.025345 0.006568 0.000063 0.035372
0 0 0.780390 0.057927 0.009736 0.000214 0.151733
0 0 0.588805 0.115483 0.149339 0.055509 0.090863
0 0 0.672892 0.043402 0.240709 0.038858 0.004139
0 0 0.656900 0.174465 0.086541 0.002966 0.079127
0 0 0.735679 0.124813 0.059550 0.000607 0.079351
0 0 0.659568 0.096685 0.097530 0.022187 0.124031
4 0 0.146421 0.125463 0.054831 0.051857 0.621428
0 0 0.654934 0.125963 0.083854 0.011645 0.123604
0 0 0.662003 0.155885 0.040480 0.000069 0.141564
4 0 0.441134 0.017514 0.006460 0.000000 0.534892
0 0 0.623229 0.111947 0.129747 0.039858 0.095220
1 1 0.056578 0.381445 0.200142 0.019757 0.342077
1 0 0.011327 0.539717 0.204678 0.000009 0.244268
0 0 0.543010 0.183021 0.020470 0.000041 0.253458
0 0 0.949840 0.019349 0.024083 0.000577 0.006152
0 0 0.953590 0.020376 0.016702 0.000300 0.009031
0 0 0.943088 0.020535 0.029575 0.000863 0.005939
0 0 0.710157 0.173678 0.073930 0.000509 0.041724
0 0 0.866231 0.059509 0.038993 0.001507 0.033760
0 0 0.946337 0.016177 0.001498 0.000003 0.035985
4 0 0.238878 0.222804 0.021469 0.000006 0.516843
1 0 0.078096 0.443386 0.062056 0.000033 0.416429
1 0 0.041697 0.561937 0.039844 0.000000 0.356522
1 0 0.129644 0.469523 0.033719 0.000000 0.367115
4 0 0.199817 0.096692 0.021193 0.000010 0.682288
4 0 0.096415 0.198602 0.099330 0.000661 0.604992
4 0 0.211069 0.222765 0.096791 0.000008 0.469368
4 0 0.318057 0.227384 0.023910 0.000032 0.430617
0 0 0.521134 0.263648 0.030278 0.000055 0.184885
4 0 0.414903 0.115025 0.034962 0.004120 0.430990
4 0 0.320562 0.090624 0.023796 0.002382 0.562635
2 0 0.071906 0.241702 0.648292 0.000154 0.037947
1 0 0.093264 0.717602 0.056248 0.000032 0.132854
0 0 0.949262 0.015036 0.001309 0.000003 0.034392
0 0 0.919103 0.027302 0.003960 0.000025 0.049610
0 0 0.780065 0.084117 0.022441 0.000085 0.113292
0 0 0.826216 0.085119 0.012930 0.000056 0.075679
0 0 0.863484 0.065682 0.029444 0.000612 0.040778
0 0 0.926826 0.025553 0.038499 0.001539 0.007584
0 0 0.873850 0.044784 0.009505 0.000158 0.071703
4 0 0.397158 0.147972 0.042171 0.006699 0.406000
1 0 0.170452 0.454218 0.101123 0.000014 0.274193
1 0 0.338471 0.371152 0.033479 0.000014 0.256884
1 1 0.270131 0.464438 0.118741 0.001208 0.145482
4 0 0.343631 0.199357 0.024063 0.000015 0.432934
0 0 0.798783 0.072220 0.047894 0.001879 0.079224
0 0 0.828628 0.088785 0.010482 0.000022 0.072083
0 0 0.496763 0.019431 0.000703 0.000001 0.483103
0 0 0.887210 0.055662 0.008704 0.000028 0.048397
0 1 0.884416 0.041983 0.009809 0.000142 0.063650
1 0 0.231860 0.420224 0.200544 0.000514 0.146858
0 0 0.634531 0.196299 0.057779 0.001008 0.110382
0 0 0.589907 0.225993 0.119961 0.002371 0.061767
2 0 0.047728 0.264371 0.649567 0.030660 0.007673
3 1 0.021705 0.105701 0.271891 0.564800 0.035903
0 1 0.611191 0.140094 0.055897 0.000061 0.192757
0 1 0.454295 0.307226 0.118515 0.003139 0.116825
0 1 0.631999 0.236200 0.034170 0.000076 0.097555
0 1 0.395881 0.265482 0.242424 0.018559 0.077654
4 1 0.389071 0.120060 0.021176 0.001610 0.468083
0 1 0.638261 0.092325 0.020064 0.001106 0.248245
1 1 0.207741 0.418776 0.031812 0.000077 0.341594
4 1 0.153009 0.228654 0.042118 0.003608 0.572610
4 0 0.096968 0.293944 0.211042 0.079035 0.319011
0 0 0.517898 0.114367 0.138101 0.016501 0.213133
0 1 0.514694 0.080772 0.010095 0.000350 0.394089
0 1 0.657915 0.107328 0.073096 0.013168 0.148493
1 1 0.240357 0.337808 0.275995 0.043334 0.102506
4 1 0.056805 0.319850 0.134014 0.000035 0.489296
1 1 0.023659 0.404607 0.206919 0.000079 0.364737
4 1 0.039439 0.247558 0.306964 0.000675 0.405364
4 1 0.315800 0.233659 0.081217 0.000677 0.368647
1 1 0.027784 0.477340 0.107027 0.007912 0.379936
1 1 0.084896 0.370467 0.210966 0.000079 0.333592
4 1 0.078329 0.193362 0.337204 0.000272 0.390832
4 1 0.053324 0.138577 0.364159 0.000857 0.443083
4 1 0.066786 0.107903 0.386346 0.000531 0.438433
4 1 0.120156 0.182810 0.283503 0.000386 0.413144
4 1 0.147880 0.170344 0.178392 0.000339 0.503045
4 1 0.108970 0.164490 0.183017 0.000056 0.543467
4 1 0.138690 0.110192 0.193187 0.002532 0.555399
4 1 0.284894 0.140536 0.020518 0.000017 0.554035
1 0 0.123011 0.502606 0.138853 0.003826 0.231704
0 0 0.467411 0.073074 0.265258 0.172698 0.021560
0 0 0.675306 0.068756 0.189366 0.049910 0.016663
0 0 0.774626 0.115355 0.021980 0.000154 0.087885
1 1 0.268197 0.622498 0.038842 0.000004 0.070459
1 1 0.037560 0.843193 0.060214 0.000011 0.059022
1 1 0.005306 0.824400 0.131133 0.000059 0.039103
1 1 0.008714 0.627387 0.275860 0.000209 0.087831
2 1 0.006364 0.281992 0.493436 0.000413 0.217796
2 1 0.003414 0.353732 0.579967 0.000094 0.062793
2 2 0.001652 0.312704 0.659663 0.000192 0.025789
2 2 0.004860 0.238692 0.688321 0.000539 0.067587
2 2 0.008186 0.415271 0.474943 0.000506 0.101094
2 2 0.000943 0.174629 0.712478 0.000538 0.111412
2 2 0.003844 0.163450 0.462844 0.000374 0.369488
2 2 0.005471 0.207881 0.476213 0.000574 0.309861
4 2 0.006739 0.198038 0.275144 0.000088 0.519991
4 2 0.004453 0.276933 0.331611 0.000016 0.386988
2 2 0.000831 0.124063 0.604574 0.002264 0.268268
4 2 0.002451 0.077753 0.423956 0.000641 0.495199
2 2 0.000832 0.117973 0.712716 0.000228 0.168251
2 2 0.000676 0.235273 0.684552 0.000098 0.079402
2 2 0.011553 0.211388 0.424850 0.000203 0.352006
2 2 0.000746 0.116771 0.769006 0.000375 0.113102
2 2 0.000480 0.099028 0.536425 0.000124 0.363943
2 2 0.001730 0.296048 0.379998 0.000042 0.322183
2 2 0.005019 0.193296 0.591892 0.000025 0.209768
4 2 0.002716 0.199130 0.357181 0.000259 0.440715
2 2 0.004641 0.159324 0.590137 0.000148 0.245750
2 2 0.002480 0.243793 0.614382 0.000145 0.139199
2 2 0.000634 0.205020 0.697507 0.000257 0.096582
2 2 0.001256 0.112204 0.787546 0.000889 0.098105
2 2 0.006913 0.106348 0.760919 0.012256 0.113563
2 2 0.006257 0.145791 0.698984 0.019666 0.129302
2 2 0.001205 0.120461 0.795558 0.004045 0.078730
2 2 0.005163 0.123279 0.816166 0.015420 0.039973
2 2 0.000628 0.127053 0.727500 0.000273 0.144545
2 -1 0.000496 0.044417 0.919277 0.002082 0.033728
2 2 0.000371 0.022905 0.969187 0.004363 0.003176
2 2 0.000969 0.208666 0.668789 0.001824 0.119752
2 2 0.001246 0.143796 0.809937 0.001911 0.043110
2 2 0.000175 0.049550 0.943158 0.000514 0.006603
2 2 0.002319 0.362485 0.555369 0.001154 0.078673
2 2 0.001018 0.128233 0.739409 0.002119 0.129222
2 2 0.001529 0.215330 0.734052 0.006399 0.042689
2 2 0.000930 0.190331 0.736240 0.022073 0.050427
2 2 0.000280 0.147956 0.695859 0.004930 0.150974
2 2 0.003176 0.165055 0.638748 0.032693 0.160329
2 2 0.001561 0.129206 0.682908 0.047858 0.138467
2 2 0.001980 0.179587 0.629725 0.083096 0.105611
2 2 0.000390 0.052108 0.905970 0.022912 0.018619
2 2 0.000666 0.049120 0.856332 0.034307 0.059575
2 2 0.002087 0.221169 0.477576 0.014164 0.285004
2 2 0.000467 0.049600 0.845659 0.028879 0.075396
2 2 0.001256 0.229347 0.464574 0.025197 0.279627
2 2 0.003079 0.154986 0.541687 0.074964 0.225283
2 2 0.004034 0.091044 0.409852 0.285686 0.209384
2 2 0.002104 0.108169 0.609655 0.225551 0.054521
1 2 0.000854 0.377335 0.372195 0.007900 0.241717
2 2 0.000476 0.086381 0.684112 0.177467 0.051563
2 2 0.000909 0.120657 0.767841 0.055953 0.054640
2 2 0.001089 0.102032 0.466441 0.342072 0.088366
2 2 0.000838 0.106093 0.853328 0.019596 0.020145
2 3 0.002307 0.165564 0.653290 0.085590 0.093249
2 3 0.000295 0.055676 0.829607 0.085197 0.029224
3 3 0.001450 0.036736 0.155356 0.746317 0.060141
2 3 0.001835 0.216585 0.359780 0.171156 0.250643
2 3 0.002233 0.159896 0.445997 0.248243 0.143632
3 3 0.001667 0.081240 0.163619 0.683540 0.069933
2 3 0.000917 0.085150 0.486685 0.384956 0.042292
2 3 0.000195 0.053609 0.853725 0.064669 0.027801
2 3 0.001306 0.250020 0.461348 0.129094 0.158231
2 3 0.002252 0.085550 0.762179 0.144646 0.005373
2 3 0.002063 0.073656 0.471035 0.446996 0.006249
2 2 0.004620 0.018572 0.911173 0.064558 0.001077
2 2 0.011010 0.224086 0.750916 0.007894 0.006093
1 2 0.002439 0.696124 0.269815 0.000299 0.031324
2 2 0.001341 0.252693 0.731931 0.003056 0.010978
1 1 0.001151 0.807521 0.184498 0.000006 0.006824
1 1 0.340891 0.414459 0.120817 0.000421 0.123412
0 1 0.535710 0.266361 0.071892 0.000374 0.125664
1 1 0.168602 0.341980 0.156869 0.003264 0.329285
1 1 0.069087 0.546035 0.142881 0.004814 0.237183
2 1 0.002162 0.291831 0.554888 0.002239 0.148881
2 1 0.007239 0.333231 0.455055 0.000760 0.203715
2 1 0.003177 0.304514 0.598248 0.000125 0.093936
4 1 0.024358 0.401845 0.118922 0.000012 0.454864
4 1 0.154286 0.158380 0.084287 0.003135 0.599911
2 1 0.004469 0.263682 0.436226 0.000246 0.295378
2 1 0.000954 0.147424 0.527362 0.002855 0.321405
4 1 0.045879 0.347695 0.163763 0.004499 0.438164
4 1 0.074972 0.260343 0.108102 0.001178 0.555406
4 1 0.055813 0.228356 0.149974 0.026549 0.539308
2 2 0.000726 0.117839 0.762369 0.000745 0.118320
2 2 0.001586 0.055911 0.917861 0.004236 0.020406
2 2 0.012382 0.382235 0.555847 0.001371 0.048165
2 2 0.005581 0.190874 0.780345 0.001754 0.021447
1 1 0.244443 0.326273 0.324670 0.017272 0.087341
1 2 0.110927 0.439669 0.202579 0.023953 0.222872
2 2 0.001758 0.254707 0.726603 0.000280 0.016652
2 2 0.012781 0.448492 0.507367 0.000961 0.030399
2 2 0.004202 0.153256 0.834624 0.003366 0.004552
1 1 0.009244 0.487070 0.475336 0.000956 0.027394
0 1 0.420204 0.148472 0.027041 0.001414 0.402868
0 1 0.407989 0.230653 0.070581 0.005181 0.285596
1 1 0.074780 0.360169 0.275640 0.109829 0.179582
1 2 0.014650 0.536358 0.244094 0.000118 0.204780
1 2 0.002166 0.455686 0.427947 0.000249 0.113952
2 2 0.007529 0.161046 0.628709 0.002012 0.200703
2 2 0.003094 0.202214 0.589213 0.002266 0.203212
1 2 0.001290 0.521335 0.376406 0.000387 0.100581
2 2 0.001192 0.410184 0.427404 0.000216 0.161004
2 2 0.001082 0.292278 0.521174 0.000512 0.184953
2 2 0.005959 0.317784 0.546614 0.000487 0.129156
2 2 0.001058 0.294132 0.641222 0.000664 0.062924
2 2 0.002579 0.352211 0.582148 0.000731 0.062332
2 2 0.008581 0.262464 0.606631 0.005377 0.116948
2 2 0.000455 0.259208 0.656733 0.000682 0.082922
2 2 0.013305 0.406972 0.429682 0.004052 0.145989
2 2 0.001972 0.251728 0.540892 0.006762 0.198647
2 1 0.070072 0.328758 0.335058 0.025031 0.241081
1 1 0.086447 0.592438 0.257436 0.003633 0.060046
0 1 0.429440 0.318197 0.097171 0.002115 0.153076
1 0 0.279098 0.583355 0.048173 0.000004 0.089370
0 0 0.556451 0.302378 0.041913 0.000071 0.099187
0 0 0.647404 0.194783 0.050391 0.000616 0.106805
1 0 0.284581 0.520005 0.102784 0.000282 0.092348
1 0 0.020833 0.907329 0.053616 0.000001 0.018221
1 0 0.098756 0.652548 0.140682 0.000006 0.108007
0 0 0.911166 0.041130 0.029284 0.000614 0.017806
0 0 0.921943 0.032671 0.009887 0.000142 0.035356
2 1 0.254891 0.303866 0.383397 0.022951 0.034896
3 1 0.163819 0.044794 0.267806 0.512253 0.011328
1 1 0.230357 0.409905 0.299732 0.007864 0.052141
2 4 0.010220 0.318127 0.584667 0.000044 0.086943
4 4 0.007596 0.197174 0.393013 0.000043 0.402174
4 4 0.013907 0.232460 0.296593 0.000116 0.456923
4 4 0.026343 0.155266 0.147761 0.000096 0.670535
4 4 0.042444 0.252483 0.230392 0.000284 0.474398
4 4 0.025102 0.134531 0.219195 0.000197 0.620974
4 4 0.031599 0.139481 0.108271 0.000021 0.720628
4 4 0.173099 0.075176 0.069130 0.000128 0.682467
4 4 0.173364 0.299432 0.044430 0.000060 0.482713
2 4 0.015383 0.181264 0.411377 0.000968 0.391007
4 4 0.032985 0.315250 0.205208 0.000022 0.446534
4 4 0.096932 0.270837 0.062404 0.000020 0.569807
4 4 0.063182 0.275526 0.050756 0.000009 0.610527
4 4 0.082378 0.115670 0.019006 0.000014 0.782932
4 4 0.046858 0.072612 0.038771 0.000142 0.841617
4 4 0.062243 0.140750 0.041123 0.000805 0.755079
4 4 0.036005 0.327397 0.266160 0.000239 0.370199
4 4 0.029563 0.321201 0.157827 0.000051 0.491359
4 4 0.002885 0.263482 0.302584 0.000024 0.431025
4 4 0.056844 0.228126 0.155306 0.000040 0.559685
4 4 0.046426 0.111453 0.162477 0.000071 0.679574
4 4 0.103864 0.126854 0.123547 0.000233 0.645502
4 4 0.033344 0.097980 0.204831 0.000257 0.663588
4 4 0.019918 0.064247 0.197853 0.000239 0.717743
4 4 0.073010 0.209993 0.118571 0.000008 0.598418
4 4 0.023974 0.020008 0.012451 0.000016 0.943551
4 4 0.195932 0.104379 0.024725 0.000014 0.674950
4 4 0.182532 0.132764 0.048424 0.000006 0.636274
4 4 0.236180 0.097635 0.027543 0.000010 0.638632
4 4 0.002926 0.186424 0.338755 0.000485 0.471411
4 4 0.026067 0.106475 0.093712 0.002839 0.770907
4 4 0.030597 0.238612 0.191009 0.000674 0.539108
4 4 0.030842 0.073342 0.071686 0.000147 0.823982
4 4 0.024773 0.022388 0.021461 0.000003 0.931375
4 4 0.010240 0.091320 0.119952 0.000023 0.778466
4 4 0.026027 0.089880 0.090058 0.000397 0.793638
4 4 0.018351 0.171193 0.112739 0.000048 0.697669
4 4 0.092841 0.047625 0.026636 0.000001 0.832897
4 4 0.038507 0.008594 0.007216 0.000001 0.945683
4 4 0.059045 0.070712 0.039343 0.000035 0.830866
4 4 0.041476 0.199629 0.114944 0.000030 0.643921
4 4 0.015147 0.245458 0.302210 0.000014 0.437171
4 4 0.037404 0.226740 0.193928 0.000069 0.541858
4 4 0.023812 0.225861 0.309767 0.000164 0.440395
1 0 0.297890 0.597432 0.032627 0.000002 0.072049
1 1 0.110588 0.775742 0.064068 0.000009 0.049593
1 1 0.135932 0.756182 0.054509 0.000006 0.053372
1 1 0.034130 0.818554 0.101904 0.000009 0.045404
1 1 0.035815 0.834007 0.100861 0.000025 0.029292
1 1 0.037388 0.818434 0.106498 0.000009 0.037670
1 1 0.003446 0.729583 0.249825 0.000013 0.017133
1 1 0.063766 0.789254 0.097291 0.000043 0.049645
1 1 0.015349 0.567891 0.379038 0.000768 0.036954
2 1 0.009285 0.280237 0.656699 0.001429 0.052350
2 1 0.002783 0.267638 0.682913 0.000589 0.046078
2 1 0.009215 0.441833 0.502718 0.000243 0.045991
2 2 0.008979 0.291602 0.644787 0.000893 0.053739
2 2 0.028698 0.326576 0.549463 0.000928 0.094336
2 2 0.010595 0.252000 0.655367 0.000645 0.081392
2 2 0.007602 0.173231 0.743945 0.000917 0.074305
2 2 0.021053 0.214537 0.576099 0.000296 0.188015
2 2 0.002323 0.250304 0.661993 0.000077 0.085303
2 2 0.002890 0.216350 0.727565 0.000467 0.052729
2 2 0.001192 0.138460 0.806805 0.000505 0.053038
2 2 0.005304 0.290283 0.545780 0.000462 0.158171
1 2 0.204578 0.617927 0.095144 0.000069 0.082282
1 2 0.020581 0.523904 0.406917 0.000905 0.047693
1 2 0.013940 0.767428 0.189206 0.000023 0.029403
1 2 0.012428 0.552136 0.390632 0.000138 0.044665
2 2 0.004500 0.217725 0.717488 0.000118 0.060169
1 2 0.014573 0.598531 0.355189 0.001133 0.030574
1 2 0.012156 0.631551 0.329402 0.000850 0.026041
2 2 0.003198 0.483435 0.491433 0.000242 0.021692
2 2 0.000273 0.110857 0.882407 0.000074 0.006390
2 2 0.000426 0.256157 0.728496 0.000036 0.014886
2 2 0.001455 0.317009 0.659304 0.000141 0.022091
2 2 0.000128 0.143931 0.847337 0.000017 0.008587
2 2 0.000998 0.281864 0.706789 0.000139 0.010210
1 2 0.028501 0.488364 0.455566 0.005202 0.022367
2 1 0.047288 0.340391 0.477380 0.000264 0.134676
1 1 0.095543 0.476011 0.252013 0.000999 0.175434
1 1 0.017548 0.531410 0.353720 0.000239 0.097082
1 1 0.054991 0.511701 0.315442 0.000112 0.117754
1 1 0.093112 0.677495 0.171539 0.000527 0.057327
2 1 0.005874 0.233182 0.748155 0.000493 0.012295
2 2 0.011716 0.427337 0.537194 0.000443 0.023309
1 2 0.023878 0.687721 0.250555 0.000251 0.037595
1 2 0.009789 0.515750 0.465493 0.001908 0.007059
1 2 0.090931 0.505814 0.293676 0.000404 0.109176
2 2 0.001118 0.391865 0.596249 0.000050 0.010717
1 2 0.014531 0.612067 0.329298 0.000086 0.044017
2 2 0.008866 0.359031 0.608201 0.000254 0.023649
1 2 0.181627 0.535677 0.243021 0.000712 0.038963
1 2 0.006319 0.508154 0.463107 0.000116 0.022303
2 2 0.002524 0.327974 0.660630 0.000510 0.008362
1 2 0.021078 0.594172 0.347349 0.000159 0.037242
2 2 0.001332 0.108029 0.886765 0.001188 0.002686
1 2 0.014838 0.546063 0.416039 0.000871 0.022190
2 2 0.002377 0.088433 0.900140 0.001278 0.007772
2 2 0.000707 0.209232 0.786621 0.000227 0.003213
1 2 0.005928 0.523812 0.464621 0.001225 0.004414
2 2 0.000125 0.035864 0.963369 0.000312 0.000330
2 2 0.000040 0.016376 0.983255 0.000166 0.000163
2 2 0.000687 0.032678 0.958881 0.007003 0.000751
2 2 0.002631 0.055585 0.933399 0.005622 0.002763
2 2 0.004485 0.187449 0.799521 0.002629 0.005916
2 2 0.003464 0.098046 0.889968 0.003804 0.004719
2 2 0.000180 0.026240 0.972381 0.000445 0.000753
2 2 0.000595 0.045994 0.950519 0.000933 0.001959
2 2 0.003191 0.120754 0.787734 0.077224 0.011097
2 2 0.002160 0.116044 0.877005 0.003810 0.000981
2 2 0.005711 0.277417 0.698148 0.001938 0.016787
2 2 0.000804 0.377477 0.552335 0.000725 0.068659
2 2 0.001527 0.296152 0.686002 0.000220 0.016099
2 2 0.001340 0.042119 0.812935 0.123043 0.020562
2 2 0.002119 0.168279 0.788092 0.003659 0.037851
2 2 0.001656 0.049216 0.799633 0.135057 0.014437
2 2 0.002215 0.173658 0.549282 0.202518 0.072327
2 2 0.001929 0.047559 0.643625 0.254385 0.052502
2 2 0.000511 0.176906 0.757781 0.010751 0.054051
2 2 0.002372 0.267338 0.562742 0.006126 0.161423
2 2 0.001771 0.255288 0.594755 0.027708 0.120478
2 2 0.001330 0.084468 0.698440 0.194526 0.021237
2 3 0.000100 0.021370 0.960041 0.015977 0.002511
2 3 0.001280 0.070966 0.688232 0.198019 0.041502
2 3 0.003475 0.042157 0.773092 0.171169 0.010106
2 3 0.002463 0.050784 0.601944 0.332856 0.011953
3 3 0.002676 0.062835 0.295136 0.543763 0.095590
2 3 0.001107 0.078239 0.551608 0.318179 0.050867
2 3 0.001211 0.066241 0.654609 0.251669 0.026270
2 3 0.000853 0.178629 0.680260 0.069631 0.070627
3 3 0.001282 0.043616 0.232581 0.703818 0.018704
3 3 0.001545 0.033989 0.380373 0.575172 0.008921
3 3 0.000221 0.007883 0.198252 0.790905 0.002739
3 3 0.001613 0.052910 0.293200 0.635103 0.017173
3 3 0.005486 0.108464 0.253465 0.499650 0.132935
2 3 0.002874 0.178642 0.396494 0.361966 0.060023
2 3 0.001858 0.127736 0.602857 0.232334 0.035216
3 3 0.001753 0.128055 0.414001 0.437591 0.018600
3 3 0.001671 0.084476 0.283769 0.529688 0.100396
3 3 0.003143 0.144991 0.092266 0.401878 0.357722
2 3 0.002343 0.089529 0.396889 0.334032 0.177207
3 3 0.001393 0.075928 0.316036 0.536408 0.070234
3 3 0.000829 0.013153 0.098001 0.866785 0.021232
3 3 0.001159 0.007197 0.067432 0.904978 0.019233
3 3 0.001192 0.013661 0.033036 0.925667 0.026444
3 3 0.000608 0.007146 0.119992 0.867248 0.005006
3 3 0.001421 0.041321 0.170476 0.764276 0.022507
3 3 0.000911 0.038996 0.381101 0.528699 0.050292
2 3 0.000314 0.012899 0.701844 0.277007 0.007935
2 3 0.001197 0.075635 0.577888 0.303157 0.042123
2 3 0.000702 0.110141 0.715781 0.130912 0.042465
3 3 0.001143 0.017876 0.392337 0.562759 0.025884
3 3 0.002227 0.055513 0.368332 0.498300 0.075628
3 3 0.001107 0.028106 0.202945 0.720638 0.047204
2 3 0.002666 0.079437 0.515273 0.299074 0.103550
2 3 0.002240 0.089129 0.643943 0.166066 0.098622
3 3 0.000372 0.006651 0.143908 0.845556 0.003513
3 3 0.001708 0.032198 0.317356 0.626841 0.021897
3 3 0.002121 0.147756 0.295779 0.324631 0.229713
3 3 0.000108 0.009286 0.369884 0.610351 0.010371
3 3 0.001990 0.043666 0.095672 0.810029 0.048642
3 3 0.001987 0.025668 0.109692 0.841773 0.020880
3 3 0.000850 0.021585 0.124279 0.830034 0.023252
3 3 0.000302 0.007684 0.094906 0.882095 0.015014
2 3 0.000729 0.162491 0.372185 0.219365 0.245230
3 3 0.000422 0.010490 0.110982 0.867944 0.010163
3 3 0.000532 0.013158 0.086083 0.888643 0.011584
2 3 0.001418 0.054130 0.533355 0.386541 0.024556
3 3 0.001198 0.055852 0.376779 0.549047 0.017123
3 3 0.000526 0.013663 0.224299 0.747541 0.013971
2 3 0.000923 0.100062 0.603799 0.265060 0.030156
3 3 0.001230 0.036145 0.284196 0.660273 0.018156
3 3 0.000831 0.058987 0.326020 0.538576 0.075586
3 3 0.000374 0.020554 0.276070 0.671671 0.031331
3 3 0.001627 0.057679 0.189054 0.682624 0.069016
3 3 0.000995 0.025224 0.200010 0.760395 0.013376
3 3 0.001329 0.044443 0.168810 0.727454 0.057964
3 3 0.001151 0.024717 0.137349 0.770998 0.065786
3 3 0.001153 0.013820 0.248136 0.727856 0.009035
3 3 0.002580 0.048437 0.247562 0.634286 0.067135
2 3 0.001611 0.072829 0.501363 0.229093 0.195104
2 3 0.001313 0.105149 0.422801 0.321788 0.148949
2 3 0.001356 0.134484 0.346696 0.292775 0.224688
3 3 0.000572 0.058943 0.401003 0.427623 0.111860
3 3 0.001345 0.027433 0.089545 0.845705 0.035973
3 3 0.001887 0.032410 0.203231 0.740291 0.022181
3 3 0.000172 0.001943 0.142738 0.853227 0.001920
3 1 0.000291 0.008027 0.215632 0.770169 0.005881
2 1 0.001742 0.191180 0.759067 0.028644 0.019366
2 1 0.003855 0.128522 0.862366 0.002776 0.002481
2 2 0.001514 0.433906 0.547469 0.000112 0.017000
1 2 0.014898 0.668015 0.275760 0.000043 0.041283
1 2 0.052090 0.584934 0.308302 0.003679 0.050994
2 2 0.016659 0.396100 0.530913 0.000822 0.055507
1 2 0.019969 0.623164 0.317042 0.000429 0.039396
1 2 0.010803 0.675767 0.280733 0.001016 0.031680
1 2 0.034449 0.831747 0.100885 0.000011 0.032907
1 2 0.006712 0.740466 0.224438 0.000052 0.028333
2 2 0.005268 0.449479 0.510760 0.000165 0.034328
2 2 0.000315 0.459651 0.531795 0.000016 0.008224
2 2 0.001642 0.228892 0.764908 0.000624 0.003934
2 2 0.008305 0.205016 0.750931 0.001391 0.034356
1 2 0.016110 0.809300 0.151709 0.000047 0.022833
1 2 0.026499 0.716811 0.218444 0.000151 0.038094
2 2 0.018098 0.440948 0.515579 0.001625 0.023751
1 2 0.012931 0.693244 0.255395 0.000023 0.038407
2 2 0.000272 0.467685 0.530434 0.000025 0.001585
2 2 0.001466 0.031406 0.960296 0.005186 0.001646
1 2 0.020589 0.868206 0.088406 0.000006 0.022793
2 2 0.004357 0.048918 0.929332 0.015896 0.001496
2 2 0.000800 0.175982 0.816129 0.000280 0.006808
1 2 0.000694 0.493389 0.484717 0.000141 0.021058
2 2 0.000266 0.198209 0.704615 0.000656 0.096254
2 2 0.001699 0.205470 0.573841 0.002026 0.216965
2 2 0.000883 0.089535 0.590956 0.000870 0.317756
4 2 0.003125 0.118959 0.392753 0.000055 0.485109
4 2 0.003450 0.174943 0.386295 0.000154 0.435158
2 2 0.001208 0.362097 0.451209 0.000282 0.185204
2 2 0.005056 0.309065 0.491478 0.000209 0.194193
4 2 0.006689 0.129611 0.311597 0.000294 0.551810
2 2 0.003642 0.125836 0.462452 0.000195 0.407875
2 2 0.012180 0.176099 0.509638 0.001199 0.300883
4 2 0.163773 0.288264 0.068335 0.000943 0.478685
1 2 0.097611 0.599288 0.139649 0.000293 0.163159
1 2 0.079356 0.398784 0.283619 0.000120 0.238121
4 2 0.024376 0.318827 0.265462 0.000018 0.391318
1 2 0.025020 0.655515 0.242474 0.000030 0.076961
1 2 0.024212 0.630796 0.290812 0.000587 0.053593
1 2 0.009235 0.428032 0.271421 0.000144 0.291168
4 2 0.015174 0.211943 0.362191 0.000115 0.410576
1 2 0.024810 0.499602 0.214156 0.000040 0.261392
1 2 0.109638 0.677829 0.090302 0.000013 0.122218
1 2 0.024777 0.577243 0.338609 0.000156 0.059215
1 2 0.136478 0.669368 0.127827 0.000211 0.066115
1 2 0.037187 0.782830 0.137033 0.000018 0.042932
1 2 0.012777 0.697464 0.249696 0.000015 0.040048
1 2 0.015625 0.797605 0.158066 0.000014 0.028690
1 2 0.063102 0.738262 0.109097 0.000002 0.089537
4 2 0.001894 0.147252 0.400209 0.001168 0.449477
4 2 0.018485 0.359382 0.240080 0.000308 0.381744
1 2 0.017100 0.850302 0.106375 0.000004 0.026219
1 4 0.011142 0.829359 0.142645 0.000060 0.016793
4 4 0.037925 0.333395 0.152057 0.006051 0.470572
4 4 0.037144 0.266426 0.175414 0.000049 0.520967
4 4 0.019645 0.266390 0.186687 0.000081 0.527196
4 4 0.008444 0.125410 0.284272 0.000068 0.581805
2 4 0.004092 0.112030 0.501807 0.000165 0.381906
4 4 0.033760 0.088193 0.111071 0.000236 0.766741
4 4 0.052505 0.155720 0.122978 0.000089 0.668709
1 1 0.030498 0.711204 0.154549 0.000009 0.103740
1 1 0.229598 0.649162 0.049637 0.000007 0.071596
1 1 0.227540 0.549453 0.121571 0.000152 0.101284
1 1 0.025030 0.817942 0.130767 0.000050 0.026211
1 1 0.077771 0.720787 0.150894 0.000247 0.050300
1 1 0.016961 0.813067 0.148949 0.000085 0.020937
1 1 0.135456 0.668942 0.129351 0.000221 0.066030
1 1 0.191461 0.591400 0.136107 0.000455 0.080577
1 1 0.040303 0.784507 0.141031 0.000111 0.034047
1 1 0.022624 0.632771 0.290558 0.000067 0.053979
1 2 0.085931 0.678571 0.169926 0.000624 0.064948
1 2 0.026519 0.691120 0.241008 0.000177 0.041175
1 2 0.002531 0.526278 0.449151 0.000007 0.022033
1 0 0.000443 0.541003 0.450488 0.000020 0.008046
0 0 0.807099 0.058074 0.101077 0.014021 0.019729
0 1 0.527660 0.277730 0.080375 0.001064 0.113172
4 1 0.058981 0.284128 0.115086 0.000073 0.541733
1 1 0.031010 0.487846 0.120267 0.000004 0.360873
4 2 0.009200 0.260704 0.186764 0.000014 0.543318
2 2 0.005216 0.180623 0.533485 0.001056 0.279620
2 2 0.007301 0.170563 0.480761 0.000327 0.341048
2 2 0.002956 0.177797 0.593601 0.000097 0.225549
2 2 0.002366 0.205273 0.403265 0.000042 0.389053
2 2 0.000875 0.054533 0.849296 0.000452 0.094844
4 2 0.005733 0.252569 0.365710 0.000074 0.375913
2 2 0.002219 0.171486 0.524048 0.000024 0.302223
2 2 0.004917 0.365915 0.379073 0.000541 0.249554
1 2 0.018377 0.520599 0.246672 0.000027 0.214325
1 2 0.050297 0.739115 0.154394 0.000027 0.056167
1 2 0.055711 0.549386 0.290535 0.000064 0.104304
2 2 0.015816 0.352421 0.553705 0.000256 0.077801
1 2 0.044675 0.544344 0.322530 0.000128 0.088323
1 1 0.012779 0.702500 0.243856 0.000012 0.040854
1 1 0.243085 0.622211 0.059568 0.000019 0.075117
1 2 0.016434 0.771279 0.178005 0.000013 0.034270
1 2 0.013780 0.689502 0.248071 0.000007 0.048640
1 2 0.015858 0.671460 0.275457 0.000100 0.037125
1 2 0.023550 0.733823 0.207794 0.000119 0.034714
1 2 0.018539 0.848163 0.105436 0.000003 0.027859
1 2 0.011237 0.656684 0.296497 0.000054 0.035527
2 2 0.002074 0.378486 0.584370 0.000013 0.035057
2 1 0.006341 0.463010 0.495250 0.000229 0.035171
1 1 0.063749 0.743202 0.148103 0.000193 0.044753
1 1 0.025540 0.696699 0.246849 0.001115 0.029798
2 2 0.004203 0.394501 0.587967 0.000662 0.012667
1 2 0.012191 0.494522 0.459976 0.000326 0.032985
1 2 0.003973 0.497792 0.472092 0.000146 0.025997
2 2 0.002465 0.350409 0.612359 0.000041 0.034727
1 2 0.007491 0.845363 0.131333 0.000009 0.015804
1 2 0.050104 0.491671 0.391173 0.005981 0.061071
2 1 0.042489 0.345248 0.546157 0.008766 0.057341
0 1 0.644996 0.216999 0.033005 0.000099 0.104901
1 1 0.024971 0.825119 0.124779 0.000049 0.025083
1 2 0.006059 0.504374 0.447531 0.000033 0.042003
2 2 0.003553 0.192153 0.766786 0.000671 0.036837
2 2 0.001275 0.182641 0.810369 0.000470 0.005245
1 2 0.088178 0.596951 0.259615 0.000787 0.054470
1 2 0.089916 0.707007 0.148453 0.000263 0.054361
1 2 0.021586 0.833778 0.121682 0.000041 0.022914
1 2 0.007516 0.617246 0.349996 0.000253 0.024989
1 2 0.008762 0.779859 0.192028 0.000047 0.019304
1 1 0.043106 0.719048 0.173359 0.000013 0.064474
1 1 0.278187 0.539523 0.085146 0.000142 0.097002
1 1 0.014347 0.501298 0.382511 0.002488 0.099357
1 1 0.012364 0.587204 0.325566 0.000052 0.074814
1 1 0.113770 0.737856 0.077116 0.000033 0.071225
0 1 0.511237 0.222971 0.172221 0.010501 0.083071
1 2 0.022147 0.806834 0.129843 0.000126 0.041051
2 2 0.002593 0.208430 0.782599 0.001144 0.005233
2 2 0.001024 0.486463 0.497216 0.000026 0.015272
1 2 0.001461 0.662724 0.325103 0.000039 0.010673
1 1 0.023945 0.870108 0.081805 0.000005 0.024137
1 1 0.197052 0.557713 0.171671 0.000678 0.072886
1 1 0.255829 0.529852 0.161667 0.000425 0.052227
1 2 0.034168 0.674735 0.254105 0.001554 0.035437
1 2 0.029393 0.657363 0.277902 0.002225 0.033117
1 2 0.223790 0.567223 0.121048 0.000357 0.087582
1 2 0.019370 0.524274 0.380659 0.001506 0.074191
1 1 0.148733 0.409735 0.183723 0.003541 0.254268
1 1 0.276167 0.479949 0.144318 0.001294 0.098272
