0 0 0.752989 0.060850 0.025677 0.004898 0.155586
0 0 0.766342 0.029413 0.007756 0.000144 0.196345
0 0 0.873363 0.065950 0.024253 0.001664 0.034770
4 1 0.050375 0.290603 0.121420 0.000402 0.537201
4 1 0.056647 0.258128 0.105862 0.001617 0.577745
4 1 0.043821 0.324552 0.139959 0.002439 0.489230
1 1 0.042532 0.431332 0.269805 0.001674 0.254657
4 1 0.053730 0.297727 0.102783 0.002263 0.543497
4 4 0.096874 0.379772 0.110436 0.000680 0.412238
4 4 0.096996 0.359859 0.100127 0.000915 0.442103
1 4 0.062793 0.486253 0.234407 0.000087 0.216458
0 4 0.641104 0.194818 0.062862 0.002022 0.099195
0 4 0.362038 0.343641 0.155557 0.050278 0.088485
4 4 0.058427 0.210469 0.045305 0.000366 0.685433
4 4 0.072515 0.319836 0.111847 0.002040 0.493762
4 1 0.081291 0.298093 0.078782 0.001766 0.540068
4 1 0.015313 0.294047 0.195035 0.000154 0.495451
2 1 0.022925 0.415904 0.512602 0.000610 0.047959
4 1 0.054065 0.262970 0.080634 0.002547 0.599785
1 1 0.116813 0.426360 0.311517 0.003085 0.142224
4 1 0.007850 0.180485 0.162056 0.000177 0.649433
4 1 0.025452 0.275194 0.139858 0.001909 0.557587
4 1 0.004406 0.218112 0.319978 0.000929 0.456575
2 1 0.003274 0.164814 0.509172 0.005746 0.316994
2 1 0.015735 0.359588 0.496998 0.000622 0.127057
0 1 0.364111 0.348045 0.166150 0.058328 0.063366
1 1 0.136524 0.492882 0.258885 0.039231 0.072478
2 1 0.015587 0.294386 0.658957 0.010825 0.020245
1 2 0.034593 0.459634 0.409880 0.000691 0.095203
1 2 0.019390 0.399577 0.384642 0.000573 0.195819
4 2 0.004205 0.109359 0.126997 0.001464 0.757975
4 2 0.028268 0.359631 0.245218 0.005030 0.361853
1 2 0.066075 0.462097 0.313915 0.022974 0.134940
2 2 0.012200 0.269671 0.587972 0.029867 0.100289
2 2 0.001320 0.044738 0.783272 0.162158 0.008512
4 2 0.018782 0.327518 0.280609 0.012888 0.360203
4 2 0.119577 0.185013 0.094648 0.001869 0.598893
0 1 0.507953 0.234021 0.111882 0.005341 0.140803
4 1 0.021892 0.311306 0.227301 0.005610 0.433890
4 1 0.015051 0.163357 0.082379 0.026268 0.712945
2 1 0.032848 0.382470 0.392788 0.007526 0.184368
1 1 0.055885 0.469054 0.283335 0.001744 0.189982
1 1 0.092432 0.509905 0.302169 0.005534 0.089960
4 2 0.048631 0.358306 0.170569 0.006327 0.416166
2 2 0.003797 0.175635 0.786465 0.006178 0.027924
4 2 0.019952 0.284897 0.184753 0.004467 0.505930
2 2 0.004081 0.148674 0.647871 0.118457 0.080917
1 2 0.076557 0.489963 0.259585 0.002002 0.171892
4 2 0.033519 0.230488 0.077771 0.000578 0.657643
2 2 0.016025 0.293703 0.399014 0.022111 0.269146
2 2 0.002070 0.131346 0.767268 0.026265 0.073052
2 2 0.001373 0.118391 0.734429 0.003913 0.141895
4 2 0.032066 0.307544 0.299502 0.034965 0.325924
4 2 0.009237 0.249332 0.329814 0.024837 0.386780
2 3 0.023032 0.105258 0.402124 0.276168 0.193418
2 3 0.004221 0.115951 0.480171 0.270583 0.129073
2 3 0.000954 0.026620 0.849947 0.118167 0.004311
3 3 0.003025 0.056470 0.303834 0.585190 0.051481
2 3 0.000825 0.054569 0.619475 0.287210 0.037921
2 3 0.006473 0.097345 0.652250 0.202129 0.041803
2 3 0.001648 0.066617 0.708672 0.211918 0.011145
2 3 0.000402 0.036476 0.723351 0.232897 0.006874
2 3 0.006900 0.184826 0.515166 0.146173 0.146935
2 3 0.001319 0.071396 0.542219 0.361684 0.023382
3 3 0.001641 0.031585 0.427502 0.530537 0.008735
3 3 0.004009 0.051589 0.200937 0.697940 0.045523
3 3 0.001519 0.024315 0.241997 0.719808 0.012361
3 3 0.000622 0.008346 0.149647 0.835989 0.005396
2 3 0.000719 0.033839 0.494623 0.460253 0.010566
2 3 0.005510 0.079923 0.566494 0.312252 0.035822
3 3 0.001424 0.003622 0.066153 0.926250 0.002551
3 3 0.004496 0.018708 0.063781 0.892470 0.020545
3 3 0.000020 0.000201 0.007788 0.991552 0.000439
3 3 0.000151 0.000798 0.009357 0.987585 0.002109
3 3 0.000496 0.000600 0.020272 0.978052 0.000580
3 3 0.000175 0.004365 0.207757 0.786215 0.001489
3 3 0.000010 0.000383 0.017649 0.981401 0.000557
3 3 0.000002 0.000031 0.007227 0.992700 0.000041
3 3 0.006414 0.008569 0.093287 0.887296 0.004435
2 3 0.015170 0.168891 0.331058 0.256092 0.228788
2 3 0.003171 0.083179 0.580838 0.272911 0.059901
2 3 0.014401 0.212996 0.366380 0.066525 0.339698
2 3 0.001304 0.084829 0.736736 0.106206 0.070926
3 3 0.005796 0.021873 0.108865 0.797212 0.066255
3 3 0.000014 0.000186 0.008945 0.990478 0.000378
3 3 0.001332 0.039512 0.389359 0.517774 0.052023
3 3 0.000052 0.008538 0.281369 0.705579 0.004462
3 3 0.004130 0.057908 0.401390 0.501516 0.035056
3 3 0.000895 0.008722 0.121815 0.860245 0.008324
3 3 0.003130 0.032527 0.074285 0.760050 0.130008
3 3 0.000000 0.000017 0.006714 0.993241 0.000027
3 3 0.000360 0.000374 0.005639 0.992600 0.001026
3 3 0.000126 0.000875 0.015591 0.981887 0.001521
3 3 0.000193 0.005251 0.068979 0.917441 0.008135
3 3 0.002829 0.002181 0.015601 0.970738 0.008650
3 3 0.000560 0.003755 0.076739 0.916721 0.002225
3 3 0.000006 0.000189 0.008994 0.990406 0.000404
3 3 0.000033 0.000156 0.005804 0.993551 0.000456
3 3 0.000003 0.000068 0.007240 0.992568 0.000122
3 3 0.000435 0.001823 0.041244 0.955012 0.001485
3 3 0.000228 0.002336 0.034559 0.960152 0.002725
3 3 0.000223 0.000345 0.003739 0.994269 0.001424
3 3 0.000017 0.000055 0.002028 0.997657 0.000244
3 3 0.000051 0.001198 0.020448 0.976239 0.002063
3 3 0.000242 0.001095 0.013780 0.982705 0.002178
3 3 0.000006 0.000109 0.012489 0.987240 0.000156
3 3 0.000019 0.000214 0.012171 0.987143 0.000454
3 3 0.000483 0.001628 0.015061 0.979567 0.003261
3 3 0.000648 0.000985 0.012559 0.983997 0.001811
3 3 0.000229 0.000193 0.002105 0.996416 0.001057
3 3 0.000021 0.000277 0.005963 0.992845 0.000895
3 3 0.004066 0.000744 0.004320 0.988236 0.002634
3 3 0.000138 0.000228 0.003246 0.995440 0.000949
3 3 0.000001 0.000024 0.001834 0.998028 0.000113
3 3 0.000011 0.000029 0.001842 0.998008 0.000109
3 3 0.000006 0.000172 0.005966 0.993329 0.000527
3 3 0.000142 0.000250 0.003736 0.994926 0.000946
3 3 0.000359 0.000427 0.006908 0.991280 0.001025
3 3 0.000055 0.000343 0.007500 0.991234 0.000868
3 3 0.000017 0.000164 0.004365 0.994875 0.000579
3 3 0.000097 0.000555 0.007355 0.990339 0.001654
3 3 0.000000 0.000024 0.005029 0.994896 0.000050
3 3 0.000000 0.000000 0.000856 0.999142 0.000001
3 3 0.000003 0.000005 0.000472 0.999486 0.000034
3 3 0.000794 0.000483 0.005916 0.991519 0.001287
3 3 0.003661 0.055096 0.194817 0.715777 0.030649
3 3 0.000001 0.000252 0.026185 0.973292 0.000269
3 3 0.000005 0.000269 0.006841 0.991981 0.000904
3 3 0.014829 0.009681 0.124713 0.846063 0.004714
1 2 0.272261 0.432846 0.148894 0.009931 0.136068
4 2 0.082229 0.279023 0.239656 0.009450 0.389643
2 2 0.000984 0.062770 0.902703 0.022642 0.010900
2 2 0.000229 0.035045 0.868737 0.091022 0.004967
2 2 0.010079 0.298938 0.439761 0.001949 0.249273
2 2 0.005169 0.196449 0.449578 0.011358 0.337446
4 2 0.017332 0.213027 0.161590 0.004997 0.603055
2 2 0.000160 0.030403 0.947039 0.015885 0.006513
2 2 0.000564 0.051442 0.904706 0.021038 0.022250
2 2 0.000312 0.056914 0.857307 0.003293 0.082174
4 2 0.010018 0.143287 0.169838 0.020570 0.656287
1 2 0.028792 0.397304 0.380417 0.000184 0.193303
0 2 0.974047 0.007817 0.005306 0.010789 0.002041
0 1 0.995038 0.002117 0.000861 0.000135 0.001849
0 1 0.582031 0.169012 0.059730 0.005263 0.183964
4 1 0.023852 0.243723 0.120967 0.005225 0.606233
4 1 0.033204 0.255446 0.098900 0.001118 0.611333
4 1 0.029564 0.361358 0.224188 0.001626 0.383264
2 1 0.019501 0.395966 0.439322 0.002821 0.142391
1 1 0.034491 0.437581 0.324445 0.001066 0.202418
2 1 0.021545 0.408580 0.454661 0.002226 0.112989
1 1 0.125680 0.410696 0.117147 0.001493 0.344985
1 1 0.093991 0.425862 0.204513 0.001336 0.274299
2 1 0.004717 0.198053 0.738253 0.003321 0.055657
2 1 0.022003 0.220855 0.531528 0.006463 0.219150
4 1 0.030992 0.327903 0.151825 0.000123 0.489156
1 1 0.102695 0.514741 0.252600 0.002008 0.127956
4 1 0.015531 0.247945 0.139485 0.000235 0.596805
4 1 0.008874 0.149984 0.086149 0.002714 0.752280
1 1 0.023596 0.393037 0.316311 0.000931 0.266125
2 2 0.004095 0.213840 0.746875 0.000852 0.034338
0 2 0.359227 0.356409 0.134714 0.003374 0.146276
0 2 0.637122 0.153335 0.066941 0.016471 0.126131
2 2 0.041400 0.299571 0.504228 0.033456 0.121345
2 2 0.002126 0.079746 0.484312 0.399329 0.034487
1 2 0.056193 0.445454 0.304244 0.000745 0.193365
1 2 0.041989 0.451218 0.310374 0.001410 0.195009
4 2 0.099985 0.146323 0.066372 0.018456 0.668864
0 2 0.420662 0.316813 0.081101 0.001613 0.179811
4 4 0.136043 0.255286 0.074763 0.000436 0.533472
0 4 0.880186 0.048293 0.011786 0.000168 0.059567
0 4 0.704044 0.093109 0.020028 0.000154 0.182664
4 4 0.174736 0.250623 0.044042 0.000037 0.530562
0 4 0.406749 0.276151 0.126748 0.004892 0.185461
4 4 0.307714 0.107454 0.059945 0.015850 0.509037
4 4 0.281092 0.029281 0.009703 0.000512 0.679412
4 4 0.165411 0.344321 0.056803 0.000039 0.433427
1 4 0.198922 0.456732 0.116676 0.001368 0.226302
1 4 0.056795 0.444582 0.215587 0.000378 0.282658
4 4 0.017120 0.301177 0.212818 0.001111 0.467775
4 4 0.020170 0.244340 0.282835 0.002111 0.450543
1 4 0.071655 0.474348 0.225717 0.000621 0.227659
1 1 0.056453 0.447624 0.205594 0.000122 0.290207
4 1 0.010136 0.164206 0.086883 0.000613 0.738162
4 1 0.025384 0.344892 0.228784 0.002325 0.398614
2 1 0.007899 0.292408 0.354441 0.001463 0.343789
4 1 0.023396 0.265736 0.139799 0.002535 0.568534
4 1 0.029592 0.328527 0.196715 0.006560 0.438606
4 1 0.033251 0.336599 0.174138 0.001237 0.454776
4 1 0.041574 0.289122 0.125118 0.000647 0.543539
4 1 0.001913 0.113718 0.283297 0.058835 0.542238
4 1 0.012101 0.273765 0.198929 0.000190 0.515015
2 1 0.007117 0.258966 0.376585 0.001016 0.356317
2 1 0.001385 0.093931 0.891617 0.001586 0.011482
1 1 0.044193 0.466989 0.375675 0.002712 0.110431
4 1 0.106298 0.059538 0.020959 0.001584 0.811622
4 1 0.106501 0.232952 0.104597 0.029132 0.526818
0 1 0.488168 0.283933 0.082171 0.002255 0.143473
1 1 0.042638 0.411407 0.349624 0.010469 0.185862
1 1 0.063239 0.429233 0.313597 0.044972 0.148959
1 1 0.056056 0.497337 0.341164 0.000640 0.104803
1 1 0.067015 0.506097 0.300452 0.000564 0.125872
4 1 0.220217 0.226559 0.074605 0.002957 0.475662
1 1 0.046736 0.482021 0.374448 0.000885 0.095910
2 1 0.005165 0.302190 0.564305 0.000307 0.128032
2 1 0.002719 0.226054 0.438932 0.001613 0.330682
4 1 0.024009 0.319293 0.183451 0.000496 0.472750
1 1 0.094928 0.511773 0.292881 0.004776 0.095641
4 2 0.096802 0.371741 0.148908 0.005343 0.377206
2 2 0.025430 0.326064 0.458595 0.012660 0.177251
1 2 0.058089 0.477805 0.284920 0.000333 0.178852
2 2 0.023256 0.354810 0.483099 0.001933 0.136902
1 2 0.119595 0.510039 0.268298 0.012200 0.089868
2 2 0.086349 0.383440 0.454706 0.011966 0.063539
1 2 0.056448 0.480761 0.302264 0.001349 0.159177
1 2 0.141331 0.456047 0.131271 0.000501 0.270851
1 2 0.050125 0.459479 0.434924 0.008823 0.046649
1 2 0.134529 0.398937 0.103833 0.001096 0.361605
0 2 0.714671 0.089012 0.027503 0.001208 0.167606
4 2 0.039598 0.073352 0.021068 0.000621 0.865362
4 2 0.223252 0.313761 0.109412 0.001404 0.352171
1 2 0.061697 0.498103 0.348392 0.001525 0.090283
1 2 0.242777 0.396821 0.112005 0.003604 0.244794
1 2 0.212155 0.472464 0.133815 0.004539 0.177027
1 2 0.131857 0.506530 0.206728 0.003088 0.151798
1 2 0.120335 0.509764 0.222059 0.002707 0.145135
1 2 0.168044 0.445238 0.203013 0.069517 0.114188
1 2 0.034276 0.391236 0.263048 0.005150 0.306289
4 1 0.020058 0.092383 0.017527 0.000073 0.869959
1 1 0.128187 0.480048 0.154102 0.000326 0.237338
4 1 0.238654 0.132951 0.066918 0.022835 0.538641
2 1 0.026775 0.339261 0.377753 0.029110 0.227101
1 1 0.053248 0.465184 0.278429 0.001204 0.201935
1 1 0.051170 0.463626 0.338195 0.007443 0.139566
4 2 0.040037 0.368091 0.193943 0.002283 0.395647
2 2 0.012163 0.249956 0.588201 0.002234 0.147446
1 2 0.062054 0.489210 0.336760 0.003552 0.108423
1 2 0.054992 0.497811 0.332316 0.000432 0.114449
2 1 0.030828 0.408615 0.521772 0.008188 0.030598
1 1 0.050946 0.453027 0.440434 0.013862 0.041730
2 1 0.020384 0.414622 0.453861 0.000593 0.110540
2 1 0.028071 0.393816 0.394306 0.038183 0.145623
1 1 0.088016 0.510897 0.300328 0.003553 0.097206
1 1 0.112664 0.514866 0.256302 0.004493 0.111674
1 1 0.095882 0.485456 0.224768 0.003953 0.189941
1 2 0.062187 0.485731 0.310474 0.002824 0.138784
2 2 0.014501 0.296143 0.543295 0.023836 0.122225
2 2 0.026373 0.345889 0.436096 0.005409 0.186234
2 2 0.041981 0.398757 0.455213 0.019652 0.084397
2 2 0.028716 0.402082 0.491718 0.012372 0.065112
2 2 0.038258 0.428587 0.487869 0.010265 0.035021
2 2 0.001665 0.140109 0.755817 0.038642 0.063767
2 2 0.022089 0.331865 0.601259 0.004621 0.040166
2 2 0.018996 0.376076 0.574172 0.002061 0.028696
2 2 0.002658 0.140736 0.814488 0.003046 0.039072
2 2 0.001992 0.108946 0.862365 0.005577 0.021120
2 2 0.003588 0.146169 0.800283 0.000662 0.049298
2 2 0.001155 0.095262 0.769277 0.013799 0.120507
2 2 0.000709 0.028536 0.946653 0.007711 0.016390
2 2 0.000364 0.055382 0.852006 0.004174 0.088073
2 2 0.025537 0.230916 0.599922 0.016442 0.127184
2 2 0.000573 0.048156 0.797993 0.145767 0.007511
2 2 0.001051 0.060600 0.904902 0.024892 0.008555
2 2 0.001204 0.035532 0.920316 0.040916 0.002031
2 2 0.000986 0.060576 0.859227 0.071249 0.007962
2 2 0.000541 0.030835 0.961198 0.005130 0.002296
2 2 0.006086 0.209527 0.746237 0.001910 0.036239
2 2 0.006158 0.163273 0.600346 0.160883 0.069339
2 2 0.007670 0.158560 0.408262 0.263232 0.162276
2 2 0.002710 0.123671 0.526723 0.177873 0.169022
2 2 0.000253 0.028238 0.961427 0.002695 0.007388
2 2 0.056218 0.251678 0.644050 0.008392 0.039663
2 2 0.003068 0.111001 0.855520 0.023452 0.006959
1 2 0.058752 0.452161 0.311369 0.026893 0.150826
2 2 0.017484 0.274762 0.655570 0.004573 0.047611
1 2 0.069481 0.442693 0.343589 0.005098 0.139139
1 2 0.034385 0.378180 0.267629 0.008311 0.311495
1 2 0.236169 0.454062 0.170080 0.008531 0.131158
3 2 0.137808 0.110095 0.181216 0.391901 0.178980
2 2 0.056411 0.330005 0.478792 0.027720 0.107072
2 2 0.013043 0.279393 0.650117 0.014968 0.042479
1 2 0.028326 0.399430 0.355464 0.003724 0.213056
2 2 0.022711 0.381432 0.547108 0.001856 0.046893
1 2 0.144794 0.457589 0.163475 0.016798 0.217344
0 2 0.645346 0.193453 0.057990 0.002423 0.100789
4 2 0.296057 0.092770 0.030764 0.001804 0.578604
2 2 0.043619 0.440141 0.466492 0.011778 0.037969
1 2 0.209725 0.454268 0.154440 0.002183 0.179385
1 1 0.302066 0.346497 0.069951 0.000392 0.281093
0 1 0.498366 0.279735 0.093556 0.002442 0.125902
1 1 0.094603 0.509270 0.302337 0.006716 0.087075
1 1 0.028013 0.356749 0.261869 0.015960 0.337409
1 1 0.044886 0.404879 0.236061 0.005110 0.309064
1 1 0.026459 0.375966 0.347730 0.040227 0.209618
2 1 0.005359 0.227868 0.553456 0.002019 0.211298
1 1 0.038700 0.452771 0.300130 0.000319 0.208080
4 1 0.006743 0.261146 0.313999 0.002445 0.415667
2 1 0.016351 0.363548 0.427771 0.007293 0.185038
1 1 0.019532 0.360277 0.306245 0.002130 0.311817
4 1 0.026612 0.335083 0.208002 0.002408 0.427895
1 1 0.051520 0.453543 0.262444 0.001123 0.231371
1 1 0.095744 0.485904 0.224518 0.003696 0.190139
0 1 0.909966 0.038714 0.009841 0.000171 0.041307
1 1 0.307404 0.414576 0.136486 0.009519 0.132015
4 1 0.091643 0.333308 0.094332 0.002977 0.477739
4 1 0.070202 0.366086 0.123718 0.000604 0.439390
1 1 0.048845 0.405864 0.195915 0.000244 0.349132
1 1 0.044214 0.467363 0.356167 0.001932 0.130324
1 1 0.023258 0.364132 0.277446 0.002355 0.332808
1 1 0.018203 0.357900 0.318230 0.002150 0.303517
1 1 0.021315 0.342794 0.311366 0.035339 0.289186
1 1 0.041430 0.434375 0.322371 0.009136 0.192688
4 1 0.022249 0.270546 0.156272 0.005420 0.545514
1 1 0.062631 0.437839 0.222745 0.003492 0.273294
2 1 0.017510 0.380249 0.393953 0.001912 0.206377
4 4 0.023818 0.312838 0.233948 0.002514 0.426882
1 4 0.094159 0.411884 0.160729 0.014114 0.319114
1 4 0.083197 0.492406 0.282607 0.008099 0.133692
4 4 0.330036 0.087904 0.026694 0.000703 0.554663
4 4 0.067225 0.327218 0.102434 0.000823 0.502300
2 4 0.010071 0.307007 0.509353 0.033621 0.139948
1 4 0.041260 0.386649 0.208288 0.001601 0.362202
2 4 0.047619 0.372980 0.389783 0.008990 0.180628
4 4 0.014783 0.140618 0.051872 0.000782 0.791946
4 4 0.027736 0.077627 0.045111 0.024481 0.825046
1 4 0.044019 0.411175 0.240842 0.003082 0.300883
4 4 0.040814 0.362930 0.202002 0.009342 0.384912
4 4 0.049101 0.100599 0.009707 0.000002 0.840592
4 4 0.192328 0.313343 0.043613 0.000045 0.450671
4 4 0.100719 0.248741 0.064492 0.001287 0.584761
1 1 0.141199 0.499746 0.192111 0.003730 0.163214
1 1 0.040339 0.417901 0.287158 0.007908 0.246694
2 2 0.016145 0.285660 0.662878 0.014461 0.020856
2 1 0.017829 0.318410 0.597598 0.028769 0.037392
4 1 0.020461 0.269316 0.217236 0.014447 0.478540
4 1 0.023864 0.214892 0.081788 0.000337 0.679119
4 1 0.037064 0.308507 0.213798 0.070306 0.370325
1 1 0.021458 0.365979 0.297945 0.002263 0.312355
2 1 0.019667 0.393069 0.429534 0.003682 0.154048
2 1 0.004266 0.249637 0.689744 0.001460 0.054893
2 1 0.003513 0.137318 0.666694 0.057881 0.134593
1 1 0.116940 0.400756 0.126429 0.006912 0.348963
1 1 0.021787 0.360824 0.270963 0.001084 0.345342
1 1 0.033760 0.447269 0.352604 0.000802 0.165565
4 1 0.010819 0.308976 0.335291 0.003168 0.341746
2 1 0.011234 0.326128 0.357361 0.001554 0.303723
4 1 0.067578 0.314751 0.100363 0.002570 0.514738
4 1 0.054241 0.354777 0.146500 0.002237 0.442245
1 1 0.161833 0.419639 0.102422 0.000733 0.315374
1 1 0.039040 0.452265 0.339885 0.001616 0.167194
2 1 0.004870 0.230459 0.684077 0.001825 0.078768
4 1 0.061885 0.344371 0.123941 0.001536 0.468267
4 1 0.024942 0.347665 0.219081 0.000668 0.407645
4 1 0.014281 0.213182 0.117916 0.000953 0.653669
4 1 0.039290 0.240524 0.107764 0.001252 0.611170
1 1 0.162522 0.499183 0.175608 0.003323 0.159365
1 1 0.106206 0.478657 0.301099 0.010972 0.103067
0 1 0.411339 0.219910 0.033886 0.000055 0.334811
1 2 0.251158 0.426251 0.105708 0.001851 0.215033
1 2 0.041555 0.414687 0.253167 0.002491 0.288101
4 2 0.011395 0.313677 0.313673 0.001191 0.360064
1 2 0.111089 0.492186 0.183244 0.000440 0.213041
2 2 0.006392 0.227483 0.588561 0.003243 0.174320
1 2 0.044243 0.427097 0.228419 0.000300 0.299941
1 2 0.061436 0.444217 0.240114 0.004840 0.249394
4 2 0.087126 0.175193 0.046316 0.000980 0.690386
4 2 0.030041 0.261427 0.283729 0.022650 0.402153
4 2 0.194980 0.200112 0.071069 0.002591 0.531248
1 2 0.044138 0.435415 0.419751 0.032700 0.067997
2 2 0.002815 0.161418 0.752003 0.020818 0.062945
1 2 0.168290 0.463086 0.161871 0.000568 0.206185
2 2 0.017408 0.383900 0.508047 0.004066 0.086580
2 2 0.071541 0.240456 0.599212 0.015577 0.073213
2 2 0.016419 0.275175 0.659190 0.012320 0.036897
2 2 0.035866 0.347116 0.475102 0.083696 0.058221
4 2 0.050092 0.324861 0.138793 0.009139 0.477115
2 2 0.019828 0.307373 0.315541 0.160875 0.196384
2 2 0.015328 0.241073 0.661889 0.022821 0.058888
4 2 0.019894 0.323911 0.247585 0.005403 0.403207
4 2 0.065847 0.380178 0.127351 0.000113 0.426511
1 2 0.067932 0.504752 0.322729 0.001247 0.103339
1 2 0.122852 0.430237 0.124934 0.000570 0.321408
2 2 0.013582 0.323795 0.350511 0.012920 0.299193
2 2 0.012449 0.310113 0.549240 0.029660 0.098538
1 2 0.111762 0.493602 0.297534 0.031726 0.065375
1 2 0.122346 0.494053 0.280134 0.034919 0.068547
0 2 0.766359 0.122683 0.036984 0.001554 0.072420
1 2 0.170465 0.454958 0.286564 0.013445 0.074568
1 2 0.094453 0.513790 0.279609 0.002837 0.109310
0 1 0.860081 0.073275 0.024929 0.001855 0.039860
0 1 0.995492 0.001420 0.000939 0.001587 0.000563
1 1 0.207450 0.483245 0.151605 0.008506 0.149194
1 1 0.032775 0.386151 0.278383 0.002481 0.300210
2 1 0.005870 0.215079 0.695117 0.000560 0.083374
1 1 0.090901 0.506536 0.313462 0.007586 0.081514
1 1 0.129362 0.493707 0.269346 0.037049 0.070536
1 1 0.063722 0.474986 0.396466 0.013083 0.051743
1 1 0.132212 0.509840 0.249261 0.013029 0.095657
2 2 0.045603 0.410889 0.468721 0.005530 0.069257
2 2 0.007032 0.209405 0.751000 0.001903 0.030660
2 2 0.016742 0.221388 0.689789 0.012923 0.059157
2 2 0.016923 0.172176 0.690120 0.034670 0.086111
2 2 0.005810 0.141679 0.804807 0.001621 0.046083
2 2 0.012707 0.141297 0.790744 0.003864 0.051387
2 2 0.020756 0.231058 0.519587 0.098858 0.129741
2 2 0.003250 0.104543 0.790348 0.041337 0.060522
2 2 0.008866 0.171500 0.779482 0.015634 0.024518
2 2 0.001319 0.092778 0.852818 0.012358 0.040727
2 2 0.013836 0.151581 0.744339 0.076309 0.013936
2 2 0.000835 0.056288 0.901673 0.029210 0.011993
2 2 0.000140 0.016645 0.787993 0.192700 0.002522
2 2 0.000239 0.002925 0.839423 0.157216 0.000197
3 2 0.000017 0.003998 0.358283 0.636527 0.001175
2 3 0.003035 0.071610 0.768107 0.146170 0.011077
2 3 0.000028 0.006450 0.861265 0.131603 0.000654
2 3 0.050987 0.151029 0.498859 0.211838 0.087287
2 3 0.000170 0.024501 0.812063 0.156223 0.007043
3 3 0.003144 0.026877 0.375204 0.577717 0.017058
2 3 0.064373 0.311555 0.368521 0.103251 0.152299
2 3 0.000040 0.006905 0.721825 0.269989 0.001241
3 3 0.000463 0.033051 0.343958 0.603254 0.019273
2 3 0.049877 0.262110 0.623257 0.035286 0.029471
0 3 0.981465 0.003162 0.002560 0.011665 0.001148
0 3 0.769408 0.107211 0.057967 0.042614 0.022800
1 3 0.132155 0.493439 0.265204 0.037899 0.071304
1 1 0.323866 0.398473 0.160352 0.022056 0.095254
4 1 0.169075 0.252119 0.093145 0.007955 0.477706
1 1 0.076890 0.393698 0.157592 0.007177 0.364642
3 1 0.001194 0.065060 0.412416 0.473064 0.048266
3 1 0.001675 0.060045 0.315369 0.593468 0.029443
2 2 0.007946 0.218780 0.641121 0.073870 0.058284
2 2 0.006221 0.146484 0.802526 0.002116 0.042653
2 2 0.001555 0.082570 0.889609 0.010933 0.015333
2 2 0.004861 0.172798 0.743411 0.015592 0.063337
2 2 0.001516 0.093766 0.556187 0.185781 0.162750
2 2 0.002738 0.118947 0.773051 0.056290 0.048974
2 2 0.000028 0.012216 0.952365 0.032343 0.003047
2 3 0.000020 0.008840 0.905025 0.083396 0.002719
2 3 0.000503 0.040081 0.677051 0.268558 0.013806
2 3 0.001041 0.067201 0.885143 0.026837 0.019778
2 3 0.008873 0.128180 0.737554 0.078469 0.046924
2 3 0.005129 0.209730 0.684977 0.026691 0.073473
2 3 0.001023 0.069636 0.867100 0.023654 0.038587
2 3 0.000106 0.019988 0.890178 0.087496 0.002231
3 3 0.000114 0.013059 0.400522 0.582065 0.004240
3 3 0.000285 0.003986 0.109775 0.880816 0.005137
3 3 0.001888 0.003937 0.060927 0.930608 0.002640
3 3 0.000021 0.001423 0.268320 0.729849 0.000387
3 3 0.000429 0.011524 0.177783 0.803660 0.006605
3 3 0.000032 0.000946 0.029729 0.968171 0.001122
3 3 0.000506 0.003516 0.103463 0.888240 0.004277
3 3 0.042743 0.096119 0.390312 0.424213 0.046613
2 3 0.005979 0.025715 0.621847 0.334578 0.011881
3 3 0.000000 0.000129 0.378464 0.621390 0.000017
3 3 0.000056 0.002365 0.222774 0.774079 0.000726
3 3 0.003184 0.029139 0.155445 0.751339 0.060893
2 3 0.007587 0.065274 0.465885 0.445703 0.015551
2 3 0.000165 0.018400 0.544477 0.432340 0.004617
3 3 0.000070 0.004515 0.319752 0.674027 0.001636
3 3 0.000009 0.000305 0.305550 0.694069 0.000068
3 3 0.000007 0.000238 0.040492 0.959051 0.000213
2 3 0.000008 0.001062 0.511992 0.486791 0.000147
3 3 0.000320 0.020064 0.284885 0.686037 0.008694
3 3 0.008653 0.062021 0.278490 0.606857 0.043979
3 3 0.000192 0.001516 0.053682 0.943636 0.000974
3 3 0.000514 0.005098 0.101816 0.889576 0.002996
3 3 0.000000 0.000018 0.007100 0.992858 0.000024
3 3 0.000179 0.000141 0.007015 0.992444 0.000221
3 3 0.000111 0.000526 0.013757 0.984772 0.000833
3 3 0.000003 0.000011 0.001611 0.998338 0.000038
3 3 0.000087 0.000023 0.002225 0.997615 0.000051
3 3 0.000004 0.000076 0.020647 0.979210 0.000063
3 3 0.000008 0.000113 0.010164 0.989548 0.000167
3 3 0.000003 0.000011 0.005017 0.994954 0.000015
3 3 0.000004 0.000045 0.006059 0.993814 0.000078
3 3 0.000659 0.001797 0.062510 0.934112 0.000922
3 3 0.000010 0.000105 0.005474 0.994151 0.000261
3 3 0.000000 0.000001 0.000896 0.999097 0.000005
3 3 0.000005 0.000075 0.004682 0.995033 0.000205
3 3 0.000079 0.000396 0.019177 0.979927 0.000421
3 3 0.000009 0.000085 0.002933 0.996617 0.000355
3 3 0.000005 0.000103 0.006025 0.993615 0.000252
3 3 0.000013 0.000107 0.008160 0.991543 0.000177
3 3 0.000132 0.001261 0.018635 0.977811 0.002161
3 3 0.000012 0.000107 0.006133 0.993514 0.000235
3 3 0.000556 0.000527 0.003308 0.992974 0.002635
3 3 0.000006 0.000094 0.007125 0.992589 0.000186
3 3 0.000969 0.002011 0.013735 0.978857 0.004429
3 3 0.003833 0.004097 0.019033 0.965401 0.007636
3 3 0.000001 0.000133 0.016742 0.982957 0.000168
3 3 0.000000 0.000002 0.000485 0.999501 0.000013
3 3 0.000013 0.000121 0.002708 0.996553 0.000604
3 3 0.000010 0.000034 0.002424 0.997422 0.000111
3 3 0.000007 0.000030 0.001658 0.998164 0.000140
3 3 0.000001 0.000007 0.000905 0.999050 0.000037
3 3 0.000003 0.000022 0.001524 0.998348 0.000103
3 3 0.000001 0.000005 0.000490 0.999461 0.000044
3 3 0.000000 0.000001 0.000521 0.999475 0.000004
3 3 0.000000 0.000014 0.006405 0.993561 0.000019
3 3 0.000024 0.000069 0.002933 0.996745 0.000230
3 3 0.000014 0.000171 0.003415 0.995613 0.000787
3 3 0.000338 0.002539 0.014158 0.976117 0.006848
3 3 0.001013 0.003551 0.011519 0.972145 0.011772
3 3 0.000000 0.000001 0.001068 0.998930 0.000001
3 3 0.000429 0.000131 0.002268 0.996649 0.000523
3 3 0.000455 0.005336 0.015983 0.961153 0.017074
3 3 0.000651 0.001932 0.009147 0.981826 0.006444
3 3 0.000865 0.000239 0.001940 0.995641 0.001316
3 3 0.000010 0.000018 0.000944 0.998919 0.000109
3 3 0.000034 0.000124 0.001355 0.997422 0.001064
3 3 0.000014 0.000037 0.001972 0.997834 0.000144
3 3 0.000056 0.000081 0.003106 0.996507 0.000249
3 3 0.000031 0.000053 0.003503 0.996286 0.000127
3 3 0.000000 0.000003 0.000647 0.999335 0.000015
3 3 0.000059 0.000134 0.003238 0.996080 0.000489
3 3 0.000003 0.000021 0.001132 0.998720 0.000124
3 3 0.000000 0.000001 0.001534 0.998465 0.000001
3 3 0.000000 0.000000 0.000159 0.999841 0.000000
3 3 0.000144 0.000174 0.002231 0.996539 0.000912
3 3 0.000255 0.001542 0.011936 0.982202 0.004065
3 3 0.000000 0.000001 0.000388 0.999604 0.000007
3 3 0.000024 0.000054 0.003825 0.995972 0.000125
3 3 0.000009 0.000026 0.002838 0.997060 0.000066
3 3 0.000001 0.000009 0.001410 0.998546 0.000035
3 3 0.000049 0.000091 0.001252 0.997908 0.000700
3 3 0.000078 0.000063 0.001192 0.998259 0.000408
3 3 0.000039 0.000083 0.003331 0.996294 0.000253
3 3 0.000011 0.000090 0.002934 0.996594 0.000370
3 3 0.000016 0.000164 0.003460 0.995640 0.000720
3 3 0.000000 0.000004 0.001749 0.998233 0.000014
3 3 0.000004 0.000043 0.003902 0.995943 0.000108
3 3 0.000022 0.000015 0.000474 0.999352 0.000138
3 3 0.000010 0.000060 0.004409 0.995378 0.000143
3 3 0.000001 0.000005 0.000666 0.999297 0.000030
3 3 0.000013 0.000027 0.000494 0.999119 0.000347
3 3 0.000000 0.000007 0.001617 0.998346 0.000029
3 3 0.000240 0.001360 0.013485 0.981870 0.003045
3 3 0.000005 0.000120 0.002573 0.996601 0.000701
3 3 0.000028 0.000019 0.001571 0.998320 0.000062
3 3 0.000000 0.000005 0.001163 0.998808 0.000023
3 3 0.000063 0.000161 0.004060 0.995203 0.000513
3 3 0.000001 0.000006 0.000814 0.999148 0.000031
3 3 0.000639 0.003410 0.033569 0.958124 0.004258
0 2 0.753293 0.106748 0.056292 0.035105 0.048562
3 2 0.075026 0.190994 0.151955 0.340602 0.241422
1 2 0.049245 0.450812 0.445731 0.013015 0.041197
4 2 0.011150 0.269155 0.336756 0.011399 0.371541
4 2 0.029041 0.276440 0.144443 0.012970 0.537106
2 2 0.014548 0.253259 0.332373 0.130570 0.269250
2 2 0.006032 0.173007 0.431440 0.093932 0.295589
4 2 0.217832 0.274507 0.108812 0.003551 0.395297
4 2 0.024890 0.359807 0.249673 0.001536 0.364094
4 2 0.014545 0.123500 0.041598 0.000947 0.819410
0 2 0.437851 0.117518 0.045902 0.006109 0.392621
4 4 0.023807 0.249521 0.153976 0.018662 0.554034
4 4 0.226278 0.189022 0.068992 0.006887 0.508822
4 4 0.276559 0.301311 0.080355 0.001883 0.339893
4 4 0.140108 0.259706 0.074987 0.002516 0.522682
1 4 0.202617 0.474996 0.140113 0.005290 0.176984
1 1 0.153088 0.502426 0.229380 0.022292 0.092814
1 1 0.058809 0.427361 0.269997 0.042853 0.200980
4 1 0.041413 0.340195 0.166637 0.004813 0.446943
1 1 0.071277 0.366423 0.158335 0.039237 0.364729
2 1 0.029824 0.407682 0.441601 0.028847 0.092047
2 1 0.114924 0.347917 0.371692 0.003370 0.162098
0 1 0.414768 0.304145 0.144876 0.059539 0.076672
1 1 0.072842 0.384270 0.153205 0.006254 0.383428
4 1 0.018280 0.210029 0.112782 0.012907 0.646002
1 1 0.096788 0.458039 0.186385 0.003220 0.255569
1 1 0.128691 0.431721 0.146831 0.011710 0.281047
1 1 0.032672 0.378705 0.242289 0.002980 0.343354
4 4 0.020827 0.139396 0.043256 0.001985 0.794536
4 4 0.034919 0.147430 0.055870 0.004289 0.757492
4 4 0.030905 0.227025 0.083063 0.001334 0.657673
0 4 0.392490 0.173800 0.058946 0.000844 0.373920
4 4 0.092266 0.064289 0.020005 0.000843 0.822597
4 4 0.048002 0.131258 0.040176 0.001688 0.778876
4 4 0.009191 0.163318 0.105072 0.008131 0.714288
4 4 0.035168 0.022278 0.009076 0.001298 0.932179
4 4 0.008278 0.033965 0.016766 0.002337 0.938653
4 4 0.016556 0.094926 0.047820 0.003711 0.836986
1 4 0.028137 0.389602 0.298124 0.004230 0.279908
2 4 0.005113 0.246271 0.460079 0.039677 0.248859
4 4 0.007018 0.105149 0.055769 0.012094 0.819969
4 4 0.048026 0.173074 0.091872 0.005659 0.681369
4 4 0.030157 0.183337 0.142412 0.014394 0.629701
4 4 0.046235 0.207345 0.097887 0.004554 0.643978
4 4 0.089184 0.150916 0.036966 0.000534 0.722401
4 4 0.031830 0.358187 0.207897 0.001507 0.400579
2 4 0.010732 0.328924 0.495227 0.016866 0.148252
1 4 0.076139 0.413653 0.172998 0.004641 0.332570
4 4 0.006494 0.086498 0.032757 0.000176 0.874075
1 4 0.035476 0.400800 0.265524 0.003396 0.294804
1 4 0.109839 0.455031 0.164359 0.002005 0.268766
0 4 0.629521 0.058691 0.029230 0.011970 0.270588
4 4 0.172704 0.156833 0.080275 0.040070 0.550118
4 4 0.030175 0.232457 0.095575 0.005874 0.635918
4 4 0.358672 0.178432 0.068358 0.008622 0.385917
4 4 0.053930 0.249802 0.070685 0.001356 0.624227
1 4 0.080561 0.395782 0.151119 0.004793 0.367745
4 4 0.027546 0.293783 0.153741 0.002408 0.522521
0 4 0.547284 0.223240 0.121862 0.022833 0.084781
1 4 0.061486 0.361930 0.182771 0.082905 0.310908
1 4 0.052109 0.481707 0.355434 0.000557 0.110193
1 4 0.115609 0.509201 0.275929 0.012622 0.086639
1 4 0.067235 0.477329 0.388223 0.014810 0.052402
1 4 0.085850 0.486208 0.347336 0.024006 0.056600
1 4 0.088294 0.487370 0.342113 0.024728 0.057496
1 4 0.244032 0.377723 0.214958 0.018131 0.145156
1 4 0.133855 0.382512 0.137831 0.014211 0.331592
1 4 0.091117 0.374053 0.186483 0.093432 0.254915
4 4 0.023306 0.056638 0.020892 0.002023 0.897142
0 4 0.535952 0.054863 0.034316 0.041369 0.333499
0 4 0.471386 0.197692 0.085584 0.020084 0.225255
0 0 0.996970 0.000998 0.000419 0.000072 0.001541
0 0 0.975603 0.007229 0.004939 0.010331 0.001898
0 0 0.345716 0.333884 0.165099 0.082374 0.072928
0 0 0.968159 0.012581 0.003364 0.000072 0.015824
4 0 0.448230 0.052952 0.013888 0.000253 0.484676
0 0 0.814741 0.017950 0.008473 0.002502 0.156334
0 0 0.989346 0.003583 0.001125 0.000050 0.005896
4 0 0.067663 0.202212 0.049517 0.000108 0.680500
4 0 0.253856 0.015957 0.005997 0.000551 0.723639
4 0 0.100261 0.008338 0.003280 0.000359 0.887762
4 0 0.314639 0.048322 0.018743 0.002201 0.616095
4 0 0.349828 0.034868 0.016601 0.005078 0.593624
1 0 0.080095 0.405902 0.150273 0.001537 0.362193
4 1 0.034226 0.233791 0.091663 0.009462 0.630858
4 1 0.198112 0.322378 0.096252 0.003903 0.379354
4 4 0.024706 0.076320 0.035094 0.010046 0.853834
0 4 0.617841 0.030240 0.012302 0.001785 0.337832
0 4 0.820066 0.015888 0.005244 0.000275 0.158527
0 4 0.982773 0.006414 0.001863 0.000058 0.008893
0 4 0.931753 0.014492 0.006478 0.001552 0.045725
0 4 0.380433 0.362577 0.112190 0.005702 0.139098
4 4 0.391862 0.090471 0.054082 0.054350 0.409234
4 4 0.140699 0.129740 0.041851 0.002223 0.685487
4 4 0.085193 0.263798 0.055962 0.000429 0.594617
4 4 0.039690 0.294457 0.116783 0.001061 0.548008
4 4 0.016397 0.059472 0.011397 0.000048 0.912685
4 4 0.008560 0.103851 0.040333 0.000419 0.846837
4 4 0.006475 0.243093 0.243829 0.000310 0.506294
4 4 0.031000 0.281224 0.133036 0.003501 0.551239
1 4 0.027291 0.380915 0.250521 0.000505 0.340768
4 4 0.032292 0.304632 0.140993 0.000842 0.521241
4 4 0.011396 0.249808 0.200329 0.003134 0.535333
1 2 0.049358 0.423503 0.224003 0.001077 0.302059
4 2 0.009546 0.250848 0.216101 0.001243 0.522261
4 2 0.029340 0.166839 0.046482 0.000760 0.756579
1 2 0.126368 0.391561 0.110232 0.003465 0.368376
4 2 0.026767 0.312605 0.166077 0.000676 0.493875
4 2 0.034809 0.131798 0.043598 0.001454 0.788340
4 2 0.010479 0.273775 0.262826 0.004244 0.448676
4 2 0.084321 0.305280 0.081007 0.001856 0.527538
4 2 0.019804 0.165110 0.058089 0.000725 0.756272
4 2 0.003985 0.134448 0.095385 0.000059 0.766123
4 2 0.010609 0.233483 0.156469 0.000182 0.599257
4 2 0.006009 0.226451 0.246446 0.002084 0.519010
4 2 0.020472 0.342070 0.261960 0.002411 0.373087
2 2 0.009534 0.341873 0.455105 0.000622 0.192867
2 4 0.004782 0.278276 0.461855 0.000883 0.254204
1 4 0.031526 0.427760 0.351570 0.002671 0.186473
4 4 0.059548 0.265286 0.077718 0.002832 0.594616
4 4 0.063626 0.143866 0.034841 0.000477 0.757191
4 4 0.044119 0.306943 0.127039 0.003639 0.518260
4 4 0.012875 0.143008 0.059605 0.001169 0.783344
1 4 0.030387 0.445540 0.437264 0.000962 0.085847
2 4 0.028546 0.428719 0.429399 0.003602 0.109734
1 1 0.131659 0.459597 0.174649 0.016603 0.217492
1 1 0.053616 0.470791 0.304647 0.002271 0.168673
4 1 0.026776 0.293327 0.171380 0.012113 0.496405
4 1 0.006915 0.068765 0.022169 0.000656 0.901497
4 1 0.020694 0.131270 0.047099 0.001790 0.799146
1 1 0.133271 0.495275 0.173534 0.000791 0.197129
1 1 0.119044 0.484341 0.192558 0.003638 0.200418
1 1 0.092181 0.461989 0.319034 0.005596 0.121200
1 1 0.018365 0.385529 0.366314 0.000797 0.228995
4 1 0.012034 0.275555 0.245800 0.005519 0.461091
1 1 0.071636 0.490204 0.305980 0.005710 0.126469
1 1 0.061986 0.501745 0.329303 0.000843 0.106123
0 1 0.412289 0.345982 0.124770 0.013384 0.103575
1 1 0.184127 0.496784 0.181999 0.012338 0.124752
2 1 0.027399 0.405243 0.491535 0.015785 0.060039
2 1 0.010723 0.326012 0.536094 0.022917 0.104255
1 1 0.036116 0.390772 0.309949 0.050691 0.212471
2 1 0.013663 0.317500 0.504220 0.049529 0.115087
1 1 0.032871 0.426486 0.310658 0.001075 0.228910
1 2 0.098998 0.488701 0.211776 0.000544 0.199982
1 2 0.145228 0.456920 0.124998 0.000257 0.272597
2 2 0.000685 0.063335 0.926490 0.000564 0.008927
2 2 0.002389 0.150297 0.749048 0.003152 0.095114
2 2 0.008936 0.228042 0.627083 0.041609 0.094331
4 2 0.106694 0.328746 0.168089 0.000087 0.396383
0 2 0.851035 0.054798 0.021432 0.002944 0.069792
2 2 0.007844 0.199414 0.765219 0.010163 0.017360
2 2 0.002461 0.126238 0.816359 0.021747 0.033195
2 2 0.000096 0.027497 0.967228 0.001752 0.003428
2 2 0.001317 0.084056 0.745407 0.094698 0.074522
2 2 0.000073 0.004984 0.972244 0.021712 0.000988
2 2 0.007326 0.206641 0.712779 0.001338 0.071916
2 2 0.000026 0.009357 0.958736 0.026801 0.005081
2 2 0.005202 0.193764 0.724227 0.008116 0.068691
2 2 0.003581 0.153346 0.811517 0.003555 0.028001
2 2 0.000298 0.023450 0.912438 0.061932 0.001883
2 2 0.012876 0.286422 0.606606 0.001031 0.093065
2 2 0.000368 0.048567 0.863365 0.052532 0.035169
2 2 0.000345 0.059477 0.923866 0.000484 0.015828
2 2 0.000077 0.020957 0.944306 0.013201 0.021459
2 2 0.000685 0.082549 0.815316 0.007715 0.093735
4 2 0.007663 0.229302 0.273058 0.002787 0.487190
2 2 0.001757 0.139726 0.627901 0.017224 0.213393
2 2 0.002294 0.138806 0.611240 0.028104 0.219556
2 2 0.001132 0.087566 0.830270 0.009584 0.071448
2 2 0.000945 0.090217 0.757722 0.001499 0.149618
2 2 0.005796 0.228841 0.496608 0.011466 0.257289
2 2 0.021236 0.328733 0.446562 0.009987 0.193481
2 2 0.005816 0.193405 0.687609 0.045414 0.067755
2 2 0.000214 0.029411 0.936644 0.027303 0.006428
2 2 0.000110 0.026088 0.954791 0.013301 0.005709
2 2 0.002675 0.171416 0.641970 0.000617 0.183323
2 2 0.005198 0.186901 0.573761 0.003707 0.230433
2 2 0.003155 0.144520 0.777418 0.012136 0.062771
2 2 0.004768 0.178381 0.684100 0.005993 0.126758
2 2 0.000447 0.049831 0.834961 0.074029 0.040732
2 2 0.000848 0.070204 0.882337 0.020498 0.026113
2 2 0.000842 0.061591 0.772009 0.121043 0.044516
2 2 0.019727 0.314127 0.387070 0.003069 0.276007
2 2 0.001094 0.074529 0.884591 0.004604 0.035181
2 2 0.003556 0.126725 0.812944 0.040894 0.015881
2 2 0.001191 0.095268 0.776344 0.064228 0.062968
2 2 0.000073 0.008648 0.769147 0.220952 0.001179
4 2 0.012350 0.201131 0.172052 0.006160 0.608307
2 2 0.022284 0.312752 0.387828 0.007124 0.270012
2 2 0.013006 0.202183 0.734871 0.013285 0.036655
2 2 0.016209 0.304867 0.338392 0.010682 0.329851
2 2 0.000599 0.070898 0.875840 0.004322 0.048340
2 2 0.006032 0.094465 0.754721 0.119217 0.025566
2 2 0.000999 0.065230 0.802389 0.095194 0.036189
3 2 0.000420 0.032012 0.430375 0.520975 0.016219
2 2 0.001650 0.118557 0.750129 0.002195 0.127468
2 2 0.000566 0.060017 0.876554 0.021960 0.040903
2 2 0.012850 0.280348 0.556717 0.078466 0.071619
2 2 0.010840 0.048262 0.540183 0.359042 0.041674
2 2 0.000167 0.005619 0.519950 0.473323 0.000940
2 2 0.000015 0.006655 0.986323 0.005399 0.001608
2 2 0.000138 0.020485 0.708319 0.262681 0.008377
2 3 0.018054 0.286953 0.612673 0.006435 0.075886
4 3 0.034187 0.287279 0.150857 0.038076 0.489601
2 3 0.001956 0.130782 0.525897 0.021513 0.319853
2 3 0.000191 0.034441 0.914380 0.032169 0.018818
2 3 0.001437 0.068870 0.892744 0.012798 0.024150
2 3 0.137026 0.382951 0.402443 0.030063 0.047517
2 2 0.039277 0.099367 0.431881 0.410731 0.018744
2 2 0.030114 0.271709 0.463489 0.029246 0.205441
2 2 0.002730 0.135595 0.721584 0.054095 0.085996
1 2 0.063413 0.429300 0.238110 0.014178 0.254999
3 2 0.000352 0.005523 0.362003 0.630881 0.001241
2 2 0.001415 0.055946 0.523197 0.405320 0.014121
1 2 0.120429 0.489011 0.243049 0.028741 0.118770
1 2 0.086115 0.414458 0.248954 0.074433 0.176041
2 2 0.003772 0.155920 0.770942 0.033177 0.036189
2 2 0.020179 0.391787 0.497101 0.006876 0.084057
2 2 0.002589 0.130466 0.662882 0.114060 0.090003
2 2 0.017337 0.243930 0.362224 0.205918 0.170591
3 2 0.013079 0.213905 0.266103 0.286957 0.219956
1 2 0.215574 0.449301 0.109464 0.001769 0.223892
4 2 0.012197 0.241756 0.355253 0.005796 0.384998
2 2 0.002091 0.166803 0.598239 0.005523 0.227344
2 2 0.002357 0.215013 0.459369 0.000245 0.323016
2 2 0.004658 0.215935 0.636126 0.021770 0.121511
2 2 0.002872 0.143966 0.566153 0.005155 0.281854
2 2 0.004185 0.176251 0.682170 0.012067 0.125326
2 2 0.000221 0.042267 0.900730 0.040363 0.016418
2 2 0.032157 0.181601 0.540426 0.022536 0.223281
1 2 0.147712 0.494191 0.167597 0.001261 0.189239
2 2 0.005168 0.073323 0.882124 0.011146 0.028239
2 2 0.003532 0.101709 0.799849 0.000506 0.094403
1 2 0.097131 0.490691 0.324217 0.027349 0.060612
2 0 0.034449 0.317808 0.466552 0.122272 0.058919
1 1 0.135105 0.399461 0.149644 0.018778 0.297011
1 1 0.199228 0.489564 0.173422 0.017691 0.120094
4 1 0.047989 0.280068 0.094144 0.001140 0.576658
4 1 0.055521 0.100204 0.023864 0.000016 0.820395
1 1 0.146876 0.467541 0.194466 0.002088 0.189029
1 1 0.053969 0.457542 0.430559 0.014727 0.043203
1 1 0.136731 0.348482 0.300763 0.063686 0.150338
2 1 0.038482 0.394889 0.407235 0.062871 0.096522
2 1 0.003046 0.187609 0.682608 0.062028 0.064709
4 1 0.027928 0.261672 0.129388 0.008508 0.572504
4 1 0.053861 0.340352 0.155544 0.003638 0.446605
1 1 0.021597 0.373127 0.365233 0.015678 0.224365
1 1 0.101584 0.444072 0.174747 0.006526 0.273071
1 1 0.076579 0.501279 0.338799 0.005185 0.078158
4 1 0.034433 0.340153 0.181310 0.002536 0.441567
4 1 0.007363 0.160681 0.119837 0.011737 0.700381
1 1 0.191861 0.478622 0.140753 0.002831 0.185932
4 1 0.034229 0.253116 0.109538 0.014097 0.589020
4 1 0.027138 0.278314 0.151555 0.011026 0.531966
1 1 0.024811 0.353552 0.266168 0.007844 0.347624
4 1 0.191656 0.248273 0.112416 0.032803 0.414852
4 1 0.169666 0.323568 0.091261 0.002175 0.413329
4 1 0.024362 0.230192 0.134888 0.140144 0.470413
4 1 0.023680 0.302770 0.195537 0.009192 0.468820
1 1 0.024458 0.391167 0.333138 0.003445 0.247792
2 1 0.015648 0.348254 0.403527 0.019727 0.212844
4 1 0.008889 0.239969 0.237427 0.013076 0.500639
0 1 0.462591 0.309852 0.097183 0.005214 0.125159
4 1 0.074857 0.319713 0.097073 0.002479 0.505878
2 1 0.011417 0.325964 0.400564 0.008205 0.253851
2 1 0.014921 0.367001 0.516988 0.006358 0.094732
2 1 0.006003 0.283569 0.507341 0.012794 0.190293
4 1 0.014309 0.211680 0.140955 0.029318 0.603738
4 1 0.006086 0.150962 0.110734 0.002636 0.729581
4 1 0.152687 0.066603 0.026472 0.003604 0.750634
4 1 0.128878 0.235008 0.047253 0.000275 0.588587
2 1 0.010971 0.306479 0.373717 0.020021 0.288812
4 1 0.024647 0.356130 0.238412 0.000953 0.379859
