0 0 0.797829 0.054367 0.081830 0.008502 0.057472
0 0 0.848328 0.040869 0.082876 0.003843 0.024085
0 0 0.821697 0.069936 0.098194 0.005263 0.004911
0 0 0.958011 0.013695 0.021893 0.002507 0.003894
0 0 0.990289 0.002276 0.004710 0.000332 0.002393
0 0 0.961329 0.019053 0.011489 0.000294 0.007835
0 0 0.964917 0.019803 0.011851 0.000489 0.002940
0 0 0.945340 0.034611 0.016708 0.000808 0.002533
0 0 0.845235 0.082306 0.047444 0.002537 0.022478
0 0 0.504646 0.280216 0.140500 0.000673 0.073965
2 0 0.059840 0.366416 0.458893 0.003064 0.111787
2 0 0.238749 0.090371 0.595737 0.033261 0.041881
0 0 0.906558 0.011419 0.046792 0.022890 0.012341
0 0 0.978204 0.013056 0.005364 0.000072 0.003303
0 0 0.885560 0.032502 0.060729 0.017081 0.004127
0 0 0.835504 0.027194 0.051795 0.005503 0.080004
0 0 0.629802 0.189901 0.087789 0.003774 0.088734
0 0 0.660108 0.143051 0.139151 0.035039 0.022650
1 0 0.315958 0.493475 0.166108 0.000706 0.023753
1 0 0.114424 0.498148 0.351067 0.000213 0.036148
0 0 0.302091 0.180317 0.236406 0.009226 0.271960
2 0 0.029203 0.123280 0.706042 0.060408 0.081067
2 1 0.207833 0.121059 0.417506 0.086729 0.166873
2 1 0.275256 0.211288 0.339448 0.008361 0.165647
1 0 0.236694 0.542079 0.202620 0.000100 0.018507
2 0 0.012942 0.186341 0.795773 0.000573 0.004372
2 0 0.054845 0.404891 0.472976 0.000800 0.066487
1 1 0.128119 0.510214 0.284620 0.000293 0.076753
1 1 0.186493 0.557233 0.133440 0.000032 0.122802
1 1 0.171130 0.509683 0.311879 0.000563 0.006745
2 1 0.003295 0.136905 0.855517 0.000053 0.004231
2 1 0.000301 0.043558 0.951662 0.003354 0.001125
2 0 0.001848 0.063422 0.900410 0.027180 0.007140
2 0 0.001499 0.036244 0.952077 0.008988 0.001192
2 0 0.004288 0.142274 0.846888 0.001391 0.005158
0 1 0.502223 0.420085 0.062496 0.000174 0.015023
2 0 0.039227 0.401613 0.532060 0.000228 0.026872
2 0 0.013389 0.278876 0.675070 0.000026 0.032638
1 0 0.075571 0.485873 0.259185 0.000056 0.179315
0 0 0.663920 0.078870 0.145374 0.020507 0.091329
0 0 0.933755 0.018301 0.035415 0.006793 0.005736
0 0 0.935514 0.034067 0.026248 0.002369 0.001802
0 0 0.942939 0.017711 0.018460 0.000731 0.020158
0 0 0.836703 0.109687 0.041832 0.001114 0.010663
0 0 0.732736 0.201392 0.046083 0.000386 0.019404
0 0 0.867638 0.024291 0.056025 0.007341 0.044704
0 0 0.949631 0.003723 0.024359 0.011210 0.011077
0 0 0.819652 0.057299 0.090878 0.016008 0.016163
2 0 0.197582 0.122066 0.475649 0.128724 0.075978
0 0 0.917960 0.027298 0.034212 0.003130 0.017400
2 0 0.207100 0.029310 0.287067 0.239501 0.237021
1 0 0.259467 0.360001 0.239851 0.001549 0.139131
0 0 0.787088 0.059285 0.023406 0.000210 0.130011
0 0 0.890625 0.016309 0.025327 0.001256 0.066483
0 0 0.900379 0.020277 0.040942 0.005549 0.032853
0 0 0.620879 0.155309 0.173161 0.024501 0.026151
0 0 0.867264 0.086029 0.040049 0.004954 0.001703
0 0 0.985695 0.009749 0.004209 0.000228 0.000120
0 0 0.934485 0.027323 0.029075 0.003464 0.005653
0 0 0.959076 0.003179 0.021281 0.009805 0.006659
0 0 0.993887 0.002112 0.003302 0.000611 0.000087
0 0 0.987786 0.008406 0.003520 0.000146 0.000141
0 0 0.991676 0.004090 0.003672 0.000500 0.000062
0 0 0.959548 0.024010 0.014363 0.001335 0.000745
0 0 0.952971 0.024168 0.019212 0.002452 0.001198
0 0 0.917573 0.041302 0.033137 0.006695 0.001293
0 0 0.954262 0.026922 0.015328 0.000785 0.002703
0 0 0.981120 0.005183 0.008457 0.000525 0.004715
0 0 0.866723 0.067089 0.030491 0.000174 0.035523
0 0 0.831824 0.028301 0.044712 0.000964 0.094198
0 0 0.626840 0.018557 0.146073 0.192755 0.015775
0 0 0.482323 0.110090 0.141878 0.001935 0.263775
0 0 0.692302 0.045684 0.171991 0.065129 0.024895
0 0 0.887183 0.032006 0.051245 0.000417 0.029148
0 1 0.544709 0.103037 0.201298 0.001182 0.149774
2 0 0.037889 0.351032 0.590124 0.001263 0.019692
2 1 0.007723 0.160916 0.818518 0.003101 0.009742
1 1 0.055011 0.471772 0.442845 0.000666 0.029707
2 1 0.001591 0.121402 0.871130 0.000096 0.005780
2 1 0.007674 0.236311 0.735875 0.000216 0.019924
2 1 0.056508 0.435486 0.482752 0.001345 0.023909
2 2 0.000916 0.104633 0.886086 0.000937 0.007428
2 2 0.005367 0.190737 0.771341 0.007915 0.024641
2 2 0.000537 0.065428 0.920024 0.008111 0.005900
2 2 0.000275 0.016104 0.828181 0.141551 0.013889
2 2 0.000369 0.065722 0.916041 0.004191 0.013676
2 2 0.000001 0.004378 0.993918 0.001689 0.000013
2 2 0.000011 0.007051 0.990138 0.002767 0.000033
2 2 0.000090 0.001823 0.965118 0.032964 0.000005
2 2 0.001599 0.017518 0.968320 0.012492 0.000071
2 2 0.000057 0.012552 0.983193 0.004178 0.000020
2 2 0.000788 0.033855 0.961889 0.003236 0.000231
2 3 0.000163 0.004725 0.975401 0.019677 0.000035
2 3 0.000007 0.000407 0.901234 0.098350 0.000002
2 3 0.000209 0.010797 0.969329 0.019133 0.000532
3 3 0.000001 0.000058 0.372931 0.627006 0.000003
2 3 0.000001 0.000045 0.940465 0.059488 0.000000
2 3 0.000000 0.001162 0.998060 0.000777 0.000000
2 2 0.000003 0.000278 0.905255 0.094463 0.000002
2 0 0.000016 0.000568 0.933209 0.066063 0.000143
2 1 0.007269 0.088125 0.892912 0.008874 0.002820
2 1 0.003717 0.111143 0.869589 0.013918 0.001632
2 0 0.076817 0.392937 0.522619 0.001958 0.005668
1 0 0.194619 0.502276 0.276025 0.000723 0.026357
2 2 0.062561 0.310504 0.623430 0.002286 0.001219
2 0 0.015305 0.166372 0.816159 0.000674 0.001490
1 0 0.194840 0.530234 0.256054 0.000151 0.018720
1 2 0.107336 0.516837 0.349925 0.000061 0.025842
2 1 0.004057 0.136941 0.855501 0.002072 0.001430
2 1 0.033016 0.306185 0.656115 0.000073 0.004611
2 2 0.000365 0.052989 0.943323 0.002082 0.001241
2 2 0.000054 0.006952 0.873978 0.116824 0.002191
2 2 0.005495 0.086593 0.873107 0.028083 0.006722
2 3 0.000002 0.002862 0.996850 0.000283 0.000003
2 3 0.000012 0.000504 0.944118 0.055364 0.000002
2 3 0.006858 0.008626 0.847665 0.136693 0.000157
2 3 0.000298 0.007276 0.733114 0.258841 0.000471
2 3 0.000318 0.004899 0.844926 0.149795 0.000062
2 3 0.000008 0.002161 0.979382 0.018393 0.000055
2 3 0.000633 0.004236 0.575744 0.419374 0.000013
2 3 0.000007 0.001464 0.835885 0.162630 0.000013
2 3 0.000059 0.002576 0.753487 0.243848 0.000030
2 3 0.000397 0.011047 0.883885 0.104509 0.000161
2 3 0.000128 0.001930 0.573296 0.424643 0.000003
3 3 0.000042 0.000886 0.318941 0.680076 0.000055
2 3 0.000000 0.000436 0.893498 0.106056 0.000010
2 3 0.000000 0.000024 0.691430 0.308522 0.000024
2 3 0.000132 0.004461 0.578576 0.416692 0.000139
2 3 0.000004 0.003440 0.974239 0.022177 0.000140
2 3 0.000257 0.007667 0.832610 0.158947 0.000519
2 3 0.000036 0.003394 0.913768 0.082724 0.000078
3 3 0.000043 0.002287 0.276741 0.720865 0.000065
2 3 0.000038 0.006553 0.545538 0.447254 0.000616
2 3 0.000054 0.002826 0.825416 0.171633 0.000071
2 3 0.000004 0.001766 0.969221 0.028980 0.000029
2 3 0.000000 0.000107 0.806214 0.193676 0.000003
3 3 0.000000 0.000145 0.493612 0.506214 0.000029
3 3 0.000000 0.000007 0.016721 0.983232 0.000039
3 3 0.000000 0.000010 0.195936 0.804053 0.000001
2 3 0.000000 0.000050 0.513410 0.486535 0.000005
3 3 0.000000 0.000002 0.016192 0.983804 0.000002
3 3 0.000000 0.000007 0.024359 0.975630 0.000005
3 3 0.000000 0.000078 0.223924 0.775996 0.000002
3 3 0.000001 0.000185 0.107200 0.892602 0.000013
3 3 0.000002 0.000103 0.412227 0.587662 0.000006
2 3 0.000024 0.001723 0.713212 0.284972 0.000069
2 3 0.000066 0.001773 0.598323 0.399820 0.000017
2 3 0.013205 0.081043 0.852424 0.051522 0.001805
2 3 0.011864 0.122337 0.837599 0.026132 0.002067
2 2 0.000068 0.003020 0.892244 0.104532 0.000136
2 2 0.000964 0.051129 0.902890 0.043669 0.001348
2 3 0.000097 0.011380 0.980901 0.007485 0.000136
2 2 0.002166 0.084866 0.910531 0.001787 0.000650
2 2 0.016848 0.238867 0.739539 0.001693 0.003053
2 2 0.000017 0.005069 0.988914 0.005795 0.000206
2 1 0.033160 0.171226 0.778470 0.011946 0.005198
2 2 0.042804 0.183463 0.681380 0.088881 0.003471
2 2 0.006532 0.165839 0.811862 0.010702 0.005065
2 2 0.001410 0.030835 0.931805 0.035499 0.000451
2 2 0.000513 0.016956 0.973981 0.008019 0.000530
2 3 0.000053 0.002017 0.925614 0.072286 0.000029
2 2 0.000183 0.004228 0.671354 0.323995 0.000240
2 2 0.000072 0.007831 0.976492 0.015152 0.000453
2 3 0.000050 0.005045 0.983563 0.011173 0.000169
2 3 0.000002 0.000557 0.906768 0.092653 0.000020
2 2 0.000047 0.005804 0.780118 0.213434 0.000598
2 2 0.000034 0.001879 0.863064 0.134720 0.000303
2 2 0.000240 0.008329 0.929400 0.061657 0.000374
2 2 0.000082 0.002509 0.938773 0.058544 0.000093
2 2 0.000053 0.024616 0.973764 0.000489 0.001078
2 2 0.000030 0.003321 0.968699 0.027584 0.000365
2 2 0.000000 0.000151 0.989599 0.010247 0.000002
2 2 0.000056 0.004215 0.935854 0.059789 0.000085
2 2 0.000000 0.001605 0.997770 0.000623 0.000002
2 2 0.000010 0.002111 0.888519 0.109240 0.000120
2 2 0.000009 0.002733 0.988225 0.008774 0.000259
2 2 0.000119 0.016688 0.956608 0.025729 0.000856
2 2 0.000454 0.008636 0.925299 0.065008 0.000603
2 3 0.000196 0.013033 0.972732 0.013936 0.000102
2 2 0.000001 0.001957 0.988746 0.009239 0.000057
2 3 0.000000 0.001180 0.982774 0.016020 0.000025
2 2 0.000006 0.003703 0.950750 0.045495 0.000045
2 3 0.000006 0.001922 0.871074 0.126693 0.000305
2 3 0.000002 0.000373 0.951245 0.048377 0.000003
2 2 0.000001 0.000845 0.975406 0.023683 0.000066
2 3 0.000441 0.009672 0.499753 0.489648 0.000486
3 3 0.000378 0.002471 0.398512 0.598578 0.000061
2 3 0.001553 0.007721 0.823812 0.166791 0.000123
2 2 0.000020 0.001251 0.910201 0.088505 0.000022
3 2 0.000001 0.000098 0.250363 0.749516 0.000022
2 3 0.000000 0.000465 0.941792 0.057740 0.000003
2 3 0.000001 0.000491 0.889001 0.110469 0.000038
3 0 0.000002 0.000031 0.262494 0.737471 0.000002
2 0 0.000488 0.013119 0.784788 0.201146 0.000459
2 0 0.024286 0.328544 0.640471 0.000093 0.006606
2 0 0.004247 0.162233 0.830520 0.000031 0.002968
2 0 0.033067 0.259576 0.704204 0.000074 0.003079
1 0 0.071520 0.476944 0.444477 0.000143 0.006916
1 0 0.313735 0.531209 0.138024 0.000071 0.016961
1 0 0.127357 0.508492 0.321804 0.000303 0.042046
1 1 0.122261 0.545032 0.264231 0.000063 0.068413
2 1 0.000915 0.078260 0.916244 0.000893 0.003689
2 1 0.001804 0.105942 0.887480 0.000247 0.004527
2 2 0.000023 0.017844 0.978311 0.000334 0.003488
2 2 0.000338 0.027977 0.953851 0.017491 0.000343
2 2 0.003916 0.095938 0.897331 0.002049 0.000765
2 2 0.016224 0.250196 0.715973 0.002678 0.014929
2 2 0.000160 0.005845 0.973920 0.019955 0.000119
2 2 0.001644 0.018950 0.921662 0.057657 0.000087
2 2 0.000052 0.004386 0.994150 0.001407 0.000004
2 2 0.000298 0.046357 0.951054 0.001765 0.000526
2 2 0.000024 0.004881 0.969360 0.025695 0.000040
2 2 0.000049 0.003544 0.973352 0.023023 0.000033
2 2 0.044267 0.320400 0.626733 0.000829 0.007771
2 2 0.000050 0.009823 0.981055 0.008483 0.000590
2 1 0.001374 0.083329 0.913836 0.000971 0.000490
2 2 0.006537 0.146926 0.845670 0.000314 0.000554
2 2 0.000218 0.037673 0.953617 0.007540 0.000952
2 3 0.000071 0.009558 0.981222 0.008923 0.000226
2 2 0.000024 0.015853 0.974731 0.009273 0.000120
2 2 0.000001 0.000590 0.983305 0.016065 0.000040
2 3 0.000014 0.001632 0.936493 0.061853 0.000008
2 2 0.000074 0.008828 0.951122 0.039965 0.000010
2 2 0.000330 0.012770 0.878418 0.108414 0.000069
2 2 0.000044 0.011414 0.983515 0.004951 0.000076
2 0 0.010788 0.125036 0.851142 0.011310 0.001723
2 1 0.061412 0.397980 0.525012 0.000206 0.015389
2 1 0.008183 0.023996 0.747596 0.068148 0.152078
3 2 0.007570 0.007595 0.322078 0.628365 0.034392
2 2 0.025672 0.032112 0.836246 0.088618 0.017352
2 2 0.010908 0.128214 0.828316 0.026452 0.006110
2 2 0.000004 0.003178 0.993411 0.003361 0.000045
2 2 0.000021 0.000941 0.927493 0.071306 0.000239
2 2 0.000001 0.000760 0.997417 0.001820 0.000002
2 2 0.000414 0.040687 0.955922 0.002916 0.000061
2 2 0.000450 0.010949 0.934042 0.054467 0.000091
2 2 0.000273 0.045609 0.878976 0.074900 0.000241
2 2 0.000079 0.022038 0.977358 0.000427 0.000099
2 2 0.000000 0.000134 0.992631 0.007234 0.000001
2 0 0.000001 0.000474 0.998054 0.001470 0.000001
0 0 0.940831 0.021712 0.025720 0.002044 0.009693
0 0 0.770661 0.161719 0.050733 0.001959 0.014928
1 0 0.082337 0.467450 0.423314 0.000351 0.026548
1 0 0.250773 0.499909 0.235686 0.000672 0.012960
1 1 0.377529 0.498863 0.077614 0.000080 0.045915
2 1 0.002840 0.163939 0.803657 0.000340 0.029223
1 1 0.074724 0.524932 0.347788 0.000081 0.052475
2 0 0.079554 0.422803 0.485548 0.000333 0.011762
1 0 0.065688 0.461178 0.445110 0.001927 0.026096
2 1 0.028802 0.289649 0.675850 0.004202 0.001497
2 1 0.003012 0.139915 0.852068 0.000103 0.004902
2 2 0.002288 0.126146 0.868261 0.000126 0.003179
2 2 0.001528 0.092889 0.902426 0.002625 0.000533
2 2 0.003449 0.141442 0.851076 0.000225 0.003808
2 2 0.005751 0.110447 0.880757 0.002144 0.000900
2 2 0.001801 0.078010 0.917633 0.000640 0.001917
2 0 0.061961 0.247825 0.586574 0.004905 0.098735
1 0 0.392279 0.433362 0.171524 0.000456 0.002380
0 0 0.581922 0.342476 0.074398 0.000206 0.000998
0 0 0.975239 0.015296 0.007779 0.000265 0.001421
1 0 0.218077 0.504585 0.262949 0.000924 0.013465
1 0 0.240486 0.473488 0.278121 0.000684 0.007220
2 0 0.100772 0.420152 0.475763 0.000486 0.002827
2 0 0.029092 0.137967 0.779954 0.042787 0.010199
1 0 0.414578 0.455816 0.112147 0.000851 0.016608
1 0 0.300149 0.345582 0.330245 0.006658 0.017366
0 0 0.427945 0.389630 0.162216 0.000440 0.019769
2 0 0.174878 0.333341 0.472398 0.002414 0.016970
2 0 0.097305 0.429369 0.448667 0.000824 0.023835
2 0 0.228025 0.364025 0.380011 0.002860 0.025080
1 0 0.124756 0.460858 0.391677 0.000715 0.021994
2 0 0.164365 0.187241 0.566350 0.014591 0.067452
2 0 0.343091 0.052853 0.440163 0.150366 0.013526
0 0 0.914333 0.014533 0.017631 0.000545 0.052958
0 0 0.748422 0.102362 0.040563 0.000653 0.108000
0 0 0.492826 0.315766 0.175303 0.001400 0.014705
0 0 0.662666 0.104608 0.211539 0.008913 0.012274
0 0 0.924030 0.044658 0.021865 0.000766 0.008681
0 0 0.979940 0.003958 0.011500 0.002950 0.001651
0 0 0.889929 0.053188 0.050106 0.001909 0.004868
1 0 0.230186 0.410966 0.343723 0.001271 0.013853
0 0 0.536598 0.090708 0.241022 0.070298 0.061374
0 0 0.741052 0.122295 0.094120 0.008180 0.034353
0 0 0.879208 0.012612 0.062785 0.040519 0.004877
0 0 0.803047 0.014496 0.096518 0.067524 0.018416
0 0 0.768962 0.133193 0.088274 0.006712 0.002860
0 0 0.599273 0.239518 0.140498 0.000791 0.019920
2 0 0.139919 0.241473 0.379721 0.003960 0.234926
2 0 0.018213 0.148846 0.774655 0.001604 0.056683
2 0 0.287261 0.055873 0.334379 0.218079 0.104407
0 0 0.788001 0.051094 0.098039 0.014197 0.048669
0 0 0.502293 0.103724 0.273716 0.096779 0.023488
0 0 0.661519 0.111291 0.165828 0.046343 0.015018
0 0 0.934222 0.019681 0.028417 0.001547 0.016133
0 0 0.871230 0.052764 0.047604 0.003793 0.024609
0 0 0.495986 0.121722 0.181734 0.013642 0.186916
0 0 0.390774 0.050271 0.279449 0.084826 0.194680
0 0 0.796050 0.046899 0.095784 0.016618 0.044649
0 0 0.617407 0.124647 0.098430 0.001603 0.157913
0 0 0.838518 0.026878 0.065102 0.009718 0.059783
0 0 0.525434 0.143001 0.106407 0.005891 0.219267
0 0 0.864839 0.023949 0.044516 0.004494 0.062202
0 0 0.969110 0.010172 0.006144 0.000069 0.014506
0 0 0.644271 0.121922 0.203579 0.017766 0.012461
2 0 0.085229 0.362552 0.530075 0.002979 0.019165
1 1 0.093590 0.472457 0.405681 0.000276 0.027996
2 1 0.048024 0.367381 0.547984 0.001160 0.035451
2 1 0.052962 0.379189 0.528891 0.007831 0.031128
2 1 0.015281 0.292125 0.606013 0.000742 0.085839
1 1 0.158597 0.526761 0.142937 0.000057 0.171648
2 1 0.006461 0.210346 0.775319 0.000621 0.007252
2 1 0.053429 0.316747 0.626606 0.001037 0.002182
1 1 0.191204 0.495370 0.303271 0.000205 0.009950
2 1 0.087963 0.397740 0.510420 0.001155 0.002722
2 1 0.021458 0.272897 0.698558 0.002044 0.005044
2 1 0.098800 0.391451 0.502010 0.000864 0.006875
2 2 0.003337 0.120535 0.875190 0.000108 0.000831
2 2 0.016095 0.229956 0.749412 0.000578 0.003960
2 2 0.003491 0.107315 0.884100 0.003933 0.001162
2 1 0.041832 0.400235 0.547965 0.002417 0.007551
2 1 0.005803 0.152515 0.838979 0.001233 0.001471
2 0 0.024768 0.280342 0.688403 0.002120 0.004367
1 0 0.209243 0.431419 0.357230 0.000425 0.001683
1 0 0.105326 0.459487 0.427699 0.000099 0.007389
1 0 0.298245 0.434345 0.249019 0.000429 0.017961
2 1 0.002169 0.094778 0.898653 0.001630 0.002770
2 1 0.003557 0.104537 0.888314 0.001818 0.001773
2 1 0.014071 0.203025 0.778813 0.000292 0.003798
2 1 0.000658 0.068939 0.919552 0.004511 0.006339
2 2 0.010321 0.217218 0.742680 0.000238 0.029544
2 2 0.004573 0.091775 0.899752 0.003273 0.000627
2 2 0.000117 0.035388 0.960651 0.000796 0.003048
2 2 0.004607 0.138823 0.846681 0.008743 0.001146
2 2 0.000276 0.052048 0.918659 0.028061 0.000955
2 2 0.000181 0.052678 0.942087 0.000429 0.004625
2 2 0.000036 0.008443 0.975475 0.015905 0.000142
2 2 0.007578 0.261840 0.713982 0.000598 0.016002
2 2 0.000227 0.008051 0.949068 0.042496 0.000157
2 2 0.000026 0.010014 0.978853 0.010879 0.000228
2 2 0.000002 0.003507 0.990750 0.005645 0.000096
2 2 0.000060 0.004142 0.893538 0.102203 0.000056
2 2 0.000017 0.002500 0.884438 0.112995 0.000049
2 2 0.000014 0.001746 0.800176 0.198017 0.000046
2 2 0.000003 0.004084 0.993159 0.002723 0.000031
2 2 0.000016 0.005716 0.988221 0.005989 0.000059
2 2 0.000001 0.000296 0.997270 0.002430 0.000003
2 2 0.000006 0.002008 0.995568 0.002407 0.000011
2 2 0.000042 0.004369 0.990434 0.005139 0.000015
2 2 0.000002 0.001324 0.985918 0.012750 0.000005
2 2 0.000036 0.003499 0.969838 0.026552 0.000075
2 2 0.005256 0.040035 0.928859 0.025222 0.000628
2 2 0.001075 0.010182 0.861267 0.127399 0.000077
2 2 0.000061 0.003617 0.968472 0.027834 0.000015
2 2 0.000042 0.008531 0.989334 0.002065 0.000028
2 2 0.000156 0.022354 0.965535 0.011891 0.000064
2 2 0.000050 0.004243 0.991286 0.004406 0.000015
2 2 0.000067 0.005291 0.980305 0.014302 0.000036
2 3 0.000025 0.002551 0.933102 0.064241 0.000081
2 3 0.000031 0.002175 0.986983 0.010801 0.000009
3 3 0.000025 0.000641 0.312434 0.686879 0.000021
2 3 0.000000 0.000044 0.761364 0.238591 0.000002
2 2 0.000006 0.000841 0.800636 0.198489 0.000028
2 3 0.000005 0.003180 0.990737 0.006047 0.000031
2 3 0.000000 0.001428 0.957708 0.040196 0.000667
3 3 0.000001 0.000075 0.428625 0.571272 0.000027
2 3 0.000002 0.000198 0.716989 0.282802 0.000008
2 3 0.000011 0.001182 0.714897 0.283639 0.000272
3 3 0.000000 0.000050 0.407422 0.592522 0.000006
3 3 0.000010 0.000750 0.481934 0.517141 0.000166
3 3 0.000002 0.000141 0.382976 0.616856 0.000026
2 3 0.000007 0.001563 0.794820 0.203298 0.000311
3 3 0.000002 0.000262 0.405671 0.593859 0.000206
2 3 0.000001 0.000550 0.952114 0.047300 0.000035
3 3 0.000028 0.000763 0.347853 0.651023 0.000334
2 3 0.000001 0.000273 0.691364 0.308356 0.000006
3 3 0.000031 0.003530 0.438360 0.557813 0.000266
2 3 0.000018 0.002049 0.915129 0.082767 0.000037
2 3 0.000000 0.000172 0.963123 0.036701 0.000003
2 3 0.000002 0.001007 0.943728 0.055236 0.000027
2 3 0.000003 0.000408 0.833709 0.165845 0.000034
3 3 0.000000 0.000098 0.457762 0.542139 0.000001
3 3 0.000016 0.000672 0.381090 0.618211 0.000011
2 3 0.000006 0.000935 0.506830 0.492217 0.000012
2 3 0.000011 0.002079 0.531307 0.466585 0.000018
2 3 0.000000 0.000193 0.891009 0.108787 0.000011
3 3 0.000000 0.000027 0.136689 0.863284 0.000000
2 3 0.000075 0.003269 0.605892 0.390707 0.000057
2 3 0.000018 0.006690 0.707688 0.285545 0.000059
3 3 0.000021 0.000487 0.114518 0.884917 0.000057
3 3 0.000000 0.000103 0.229279 0.770606 0.000012
3 3 0.000010 0.000147 0.230267 0.769533 0.000042
3 3 0.000004 0.000191 0.141352 0.858436 0.000017
3 3 0.000008 0.000084 0.018830 0.981069 0.000009
3 3 0.000001 0.000068 0.044957 0.954941 0.000034
3 3 0.000000 0.000011 0.069872 0.930104 0.000014
3 3 0.000001 0.000219 0.086637 0.913054 0.000088
2 3 0.000002 0.001026 0.566356 0.432575 0.000041
3 3 0.000000 0.000013 0.039279 0.960697 0.000010
3 3 0.000000 0.000028 0.260806 0.739063 0.000103
3 3 0.000002 0.000191 0.086025 0.913755 0.000026
3 3 0.000000 0.000007 0.023150 0.976820 0.000023
3 3 0.000001 0.000150 0.281484 0.718348 0.000018
3 3 0.000000 0.000044 0.021949 0.977977 0.000030
3 3 0.000000 0.000039 0.050212 0.949701 0.000047
2 3 0.000001 0.000257 0.517140 0.482499 0.000103
3 3 0.000010 0.001137 0.401147 0.597697 0.000008
2 3 0.000110 0.008599 0.543995 0.447208 0.000088
2 3 0.000000 0.000532 0.903262 0.096187 0.000019
3 3 0.000003 0.000238 0.215471 0.784264 0.000024
3 3 0.000011 0.000961 0.231316 0.767653 0.000059
2 3 0.000002 0.001164 0.510798 0.488018 0.000017
3 3 0.000000 0.000176 0.365768 0.634044 0.000011
3 3 0.000000 0.000088 0.482633 0.517278 0.000001
3 3 0.000014 0.000549 0.039775 0.959658 0.000005
3 3 0.000000 0.000003 0.020121 0.979876 0.000000
3 3 0.000000 0.000024 0.200923 0.799050 0.000002
3 3 0.000001 0.000051 0.075647 0.924295 0.000005
3 3 0.000000 0.000038 0.080449 0.919482 0.000031
3 3 0.000000 0.000044 0.108815 0.891081 0.000059
3 3 0.000000 0.000112 0.318221 0.681665 0.000002
3 3 0.000001 0.000025 0.021670 0.978301 0.000003
3 3 0.000004 0.000150 0.095501 0.904332 0.000013
3 3 0.000000 0.000001 0.012349 0.987650 0.000000
3 3 0.000000 0.000001 0.010544 0.989453 0.000001
3 3 0.000001 0.000112 0.095746 0.904073 0.000069
3 3 0.000003 0.000235 0.302080 0.697656 0.000026
3 3 0.000000 0.000096 0.081142 0.918714 0.000048
3 3 0.000000 0.000022 0.027392 0.972567 0.000019
3 3 0.000000 0.000034 0.037758 0.962195 0.000013
3 3 0.000000 0.000017 0.031239 0.968736 0.000007
3 3 0.000000 0.000015 0.053964 0.946016 0.000005
3 3 0.000000 0.000000 0.004193 0.995807 0.000000
3 3 0.000000 0.000003 0.004026 0.995966 0.000004
3 3 0.000000 0.000039 0.162865 0.837090 0.000006
3 3 0.000000 0.000007 0.033977 0.966008 0.000007
3 3 0.000000 0.000003 0.026386 0.973610 0.000001
3 3 0.000000 0.000035 0.121018 0.878942 0.000004
3 3 0.000000 0.000011 0.042369 0.957601 0.000018
3 3 0.000000 0.000001 0.014514 0.985484 0.000001
3 3 0.000000 0.000002 0.006629 0.993367 0.000002
3 3 0.000001 0.000011 0.007429 0.992558 0.000001
3 3 0.000000 0.000000 0.004086 0.995912 0.000002
3 3 0.000000 0.000008 0.018807 0.981169 0.000015
3 3 0.000000 0.000024 0.097850 0.902122 0.000004
3 3 0.000000 0.000005 0.013382 0.986613 0.000001
3 3 0.000000 0.000001 0.004305 0.995694 0.000000
3 3 0.000000 0.000004 0.018208 0.981785 0.000003
3 3 0.000001 0.000135 0.054060 0.945731 0.000073
3 3 0.000001 0.000139 0.074749 0.924855 0.000256
3 3 0.000000 0.000461 0.356504 0.642313 0.000721
3 3 0.000000 0.000126 0.125016 0.874815 0.000042
3 3 0.000002 0.000065 0.031316 0.968601 0.000016
3 3 0.000000 0.000001 0.004590 0.995409 0.000000
2 3 0.000005 0.000967 0.620803 0.377889 0.000336
3 3 0.000000 0.000047 0.067426 0.932437 0.000090
3 3 0.000000 0.000014 0.042199 0.957763 0.000023
3 3 0.000000 0.000004 0.017002 0.982992 0.000002
3 3 0.000002 0.000087 0.044645 0.955249 0.000017
3 3 0.000006 0.000027 0.011450 0.988516 0.000001
3 0 0.000000 0.000194 0.112003 0.887780 0.000023
2 0 0.028851 0.077568 0.546136 0.340276 0.007169
0 0 0.939289 0.030673 0.013731 0.000219 0.016089
1 1 0.338571 0.453303 0.196515 0.001830 0.009781
2 1 0.001750 0.073027 0.921354 0.003591 0.000278
2 2 0.000793 0.058565 0.932034 0.007567 0.001041
2 2 0.003047 0.060276 0.932121 0.004418 0.000138
2 2 0.003842 0.077541 0.914423 0.003711 0.000483
2 2 0.001943 0.068623 0.928235 0.000942 0.000256
2 2 0.000461 0.009461 0.930917 0.058827 0.000334
2 2 0.003692 0.029993 0.797028 0.168172 0.001115
2 2 0.001366 0.093534 0.896043 0.006253 0.002805
2 2 0.002681 0.060285 0.883729 0.053199 0.000107
2 2 0.008377 0.140940 0.839336 0.009721 0.001627
2 0 0.000059 0.020755 0.974976 0.004006 0.000204
2 1 0.003608 0.104125 0.883149 0.008201 0.000917
2 2 0.000244 0.054491 0.936183 0.000304 0.008779
2 2 0.005443 0.132072 0.839000 0.009131 0.014353
2 2 0.000810 0.060313 0.930717 0.007391 0.000769
2 2 0.000452 0.051070 0.934787 0.012921 0.000769
2 2 0.000681 0.055950 0.936931 0.005172 0.001266
2 1 0.000607 0.081475 0.914959 0.000134 0.002825
2 1 0.000095 0.029217 0.968962 0.000772 0.000954
2 1 0.000714 0.068843 0.928300 0.001125 0.001018
2 2 0.018074 0.317744 0.608216 0.000498 0.055469
2 2 0.002486 0.155093 0.815526 0.000877 0.026018
2 2 0.000566 0.053667 0.939916 0.005345 0.000506
2 2 0.010165 0.262918 0.704852 0.000668 0.021398
2 2 0.062414 0.207783 0.712920 0.002102 0.014782
2 2 0.029024 0.394594 0.479605 0.000030 0.096746
2 2 0.002529 0.124243 0.859235 0.008169 0.005824
2 2 0.044156 0.416080 0.482967 0.000083 0.056714
2 2 0.061854 0.336043 0.600526 0.000246 0.001331
2 2 0.000553 0.060953 0.937638 0.000424 0.000431
2 2 0.002636 0.065922 0.925240 0.004876 0.001326
2 2 0.000143 0.011959 0.986262 0.001457 0.000178
2 2 0.000272 0.055757 0.941867 0.000356 0.001748
2 2 0.005407 0.203308 0.785536 0.000470 0.005279
2 2 0.001783 0.155943 0.821464 0.000347 0.020462
2 2 0.000046 0.010922 0.986950 0.001029 0.001052
2 2 0.009996 0.215758 0.753716 0.003284 0.017246
2 2 0.000224 0.037569 0.960498 0.000893 0.000816
2 2 0.010782 0.229831 0.752351 0.003226 0.003811
2 2 0.010569 0.288672 0.691754 0.000231 0.008774
2 2 0.006101 0.279575 0.603737 0.000913 0.109674
2 2 0.015052 0.271519 0.703494 0.000164 0.009770
2 2 0.000220 0.014534 0.967271 0.017917 0.000058
2 2 0.000702 0.008975 0.983621 0.006671 0.000031
2 2 0.000737 0.099793 0.886425 0.000137 0.012908
2 2 0.001391 0.131865 0.791738 0.000957 0.074048
2 2 0.004594 0.190667 0.767280 0.000777 0.036682
2 2 0.032359 0.341613 0.621447 0.000367 0.004214
2 2 0.004971 0.201724 0.770614 0.000063 0.022627
2 2 0.000102 0.035361 0.958867 0.000569 0.005101
2 2 0.000326 0.019893 0.975429 0.004178 0.000175
2 2 0.000752 0.068429 0.925161 0.004516 0.001142
2 2 0.000016 0.003236 0.995766 0.000974 0.000010
2 2 0.000004 0.003738 0.982048 0.014187 0.000023
2 2 0.000003 0.004593 0.992736 0.002662 0.000006
2 2 0.000000 0.002088 0.997138 0.000741 0.000032
2 2 0.003457 0.005661 0.760219 0.230485 0.000178
2 2 0.000050 0.026901 0.957029 0.011775 0.004244
2 2 0.000074 0.026366 0.962299 0.008928 0.002333
2 2 0.001052 0.061146 0.926152 0.011360 0.000290
2 2 0.000004 0.003315 0.995497 0.001057 0.000127
2 2 0.000006 0.004432 0.988864 0.006509 0.000189
2 2 0.000000 0.000213 0.996085 0.003698 0.000004
2 2 0.000014 0.001520 0.990421 0.008000 0.000044
2 2 0.001911 0.088219 0.887653 0.021571 0.000645
2 2 0.000334 0.040557 0.953519 0.004588 0.001003
2 2 0.000003 0.007912 0.990558 0.000171 0.001357
2 2 0.000003 0.000960 0.993676 0.005317 0.000043
2 2 0.000006 0.005639 0.993780 0.000325 0.000250
2 2 0.000001 0.001138 0.997865 0.000959 0.000036
2 2 0.000036 0.002294 0.929998 0.067634 0.000038
2 0 0.001818 0.021388 0.918666 0.055439 0.002690
1 1 0.350901 0.452410 0.186534 0.001468 0.008686
2 1 0.016437 0.226920 0.752602 0.001116 0.002925
2 1 0.014650 0.198311 0.779300 0.001015 0.006724
2 2 0.000631 0.067594 0.926607 0.002375 0.002792
2 2 0.000457 0.016698 0.964908 0.017841 0.000096
2 2 0.000503 0.078858 0.892779 0.001365 0.026495
2 2 0.000117 0.005679 0.977050 0.016060 0.001093
2 2 0.000152 0.002941 0.848550 0.148080 0.000277
2 2 0.004298 0.040730 0.941283 0.012803 0.000886
2 0 0.000038 0.002068 0.848842 0.149014 0.000037
2 0 0.001636 0.063568 0.933617 0.001004 0.000175
2 0 0.160012 0.329887 0.504965 0.004308 0.000827
1 1 0.281361 0.524871 0.105678 0.000112 0.087978
1 2 0.095200 0.557121 0.292677 0.000016 0.054986
2 2 0.002775 0.162001 0.829170 0.000213 0.005841
2 2 0.001311 0.079656 0.915427 0.002851 0.000755
2 2 0.000099 0.010102 0.967607 0.022057 0.000134
2 2 0.000975 0.016492 0.970311 0.012211 0.000011
2 2 0.000084 0.008039 0.987029 0.004842 0.000006
2 2 0.000741 0.008185 0.859434 0.131430 0.000210
2 2 0.000030 0.012560 0.982400 0.004993 0.000017
2 2 0.000002 0.002692 0.995154 0.002149 0.000003
2 2 0.000011 0.002197 0.986437 0.011342 0.000012
2 2 0.000313 0.026235 0.953452 0.019208 0.000792
2 2 0.001235 0.045789 0.924346 0.028284 0.000347
2 2 0.000172 0.034228 0.956472 0.008644 0.000484
2 2 0.000099 0.019217 0.980082 0.000223 0.000380
2 2 0.000028 0.013840 0.984284 0.001836 0.000012
2 2 0.000110 0.005811 0.978346 0.015684 0.000049
2 2 0.000014 0.004265 0.984562 0.011041 0.000118
2 1 0.000408 0.003453 0.821543 0.174334 0.000262
2 1 0.012023 0.223292 0.750939 0.008894 0.004853
1 1 0.196322 0.533087 0.246216 0.000174 0.024201
2 2 0.011189 0.225843 0.750569 0.001889 0.010511
2 1 0.006172 0.128692 0.863641 0.001115 0.000379
2 2 0.005255 0.063662 0.887281 0.043111 0.000691
2 2 0.000280 0.008081 0.977315 0.014304 0.000019
2 2 0.000047 0.002746 0.908280 0.088913 0.000015
2 2 0.000194 0.033525 0.941905 0.023487 0.000890
2 2 0.012990 0.191018 0.783174 0.011910 0.000909
2 2 0.000272 0.019732 0.915831 0.063356 0.000808
2 2 0.000500 0.051202 0.933846 0.013424 0.001029
2 2 0.000066 0.004250 0.981525 0.013928 0.000231
2 2 0.000115 0.002299 0.871240 0.126311 0.000034
2 0 0.000032 0.007785 0.988670 0.003348 0.000164
2 2 0.006362 0.164331 0.826746 0.000524 0.002037
2 2 0.000989 0.062000 0.913935 0.022270 0.000806
2 2 0.000056 0.016551 0.980914 0.002124 0.000354
2 2 0.000036 0.004778 0.985007 0.010149 0.000030
2 2 0.001367 0.047792 0.929789 0.013092 0.007961
2 0 0.036896 0.231234 0.723989 0.006082 0.001798
1 0 0.331771 0.471241 0.192054 0.000326 0.004608
2 1 0.049150 0.352415 0.567216 0.000912 0.030306
1 1 0.146280 0.549813 0.260678 0.000074 0.043155
2 1 0.054891 0.439134 0.482680 0.000043 0.023251
2 2 0.009285 0.205302 0.775799 0.000434 0.009179
2 2 0.000907 0.068352 0.929560 0.000427 0.000754
2 2 0.000645 0.039560 0.954579 0.004964 0.000252
2 2 0.000379 0.043372 0.955678 0.000294 0.000277
2 2 0.009523 0.065026 0.921563 0.002881 0.001007
2 2 0.022171 0.309544 0.659695 0.000562 0.008029
2 2 0.019916 0.055726 0.900588 0.022330 0.001440
2 2 0.052742 0.306253 0.632408 0.006561 0.002036
2 2 0.001576 0.112328 0.884256 0.000087 0.001753
2 2 0.000138 0.035056 0.962542 0.000559 0.001705
2 0 0.002871 0.107962 0.886027 0.000775 0.002364
0 0 0.860270 0.056919 0.074343 0.000424 0.008043
0 0 0.454314 0.283408 0.073604 0.000202 0.188472
0 0 0.565051 0.385436 0.021615 0.000008 0.027890
0 0 0.853569 0.041878 0.062674 0.009096 0.032783
0 0 0.855641 0.075970 0.054604 0.001362 0.012423
2 0 0.266515 0.284541 0.299162 0.001375 0.148408
4 0 0.162962 0.202023 0.186945 0.000332 0.447739
0 0 0.779878 0.084020 0.033431 0.000462 0.102209
4 0 0.316975 0.112423 0.051503 0.000729 0.518370
0 0 0.864392 0.025834 0.028072 0.000982 0.080719
4 0 0.282423 0.113621 0.147921 0.009417 0.446617
0 0 0.636944 0.073031 0.081307 0.003208 0.205510
0 0 0.882011 0.020025 0.056886 0.037711 0.003367
0 0 0.814654 0.011852 0.079375 0.085146 0.008973
0 0 0.401217 0.065515 0.232480 0.096350 0.204439
0 0 0.931796 0.017561 0.035468 0.010869 0.004306
0 0 0.957924 0.007047 0.024519 0.009461 0.001049
0 0 0.938115 0.018340 0.026008 0.002360 0.015177
2 0 0.290872 0.245678 0.412074 0.000811 0.050565
0 0 0.964231 0.017302 0.011639 0.000368 0.006459
0 0 0.844588 0.062780 0.074366 0.007487 0.010779
0 0 0.951614 0.030481 0.013699 0.000278 0.003928
2 0 0.208738 0.125372 0.564178 0.032363 0.069349
0 0 0.906126 0.055692 0.031946 0.000676 0.005559
0 0 0.518184 0.388698 0.062561 0.001262 0.029296
0 0 0.965140 0.015080 0.018116 0.000585 0.001080
0 0 0.577775 0.252048 0.069613 0.001433 0.099131
0 0 0.491648 0.114798 0.266861 0.051543 0.075151
2 0 0.201560 0.185008 0.501070 0.008452 0.103910
0 0 0.935974 0.023288 0.015469 0.000306 0.024963
0 0 0.920595 0.066581 0.009120 0.000063 0.003641
0 0 0.930366 0.044630 0.011064 0.000087 0.013853
0 0 0.957390 0.022008 0.012753 0.000351 0.007497
1 0 0.336282 0.397532 0.211015 0.000872 0.054298
1 0 0.403925 0.462357 0.068210 0.000225 0.065283
0 0 0.497566 0.338972 0.062064 0.000075 0.101322
0 0 0.444187 0.430622 0.094239 0.000024 0.030927
0 0 0.861601 0.082557 0.019289 0.000089 0.036464
0 0 0.617181 0.177878 0.175550 0.003556 0.025836
0 0 0.875074 0.045054 0.053833 0.004807 0.021231
0 0 0.782715 0.105127 0.089271 0.000536 0.022351
0 0 0.521487 0.399440 0.034459 0.000023 0.044590
1 0 0.243723 0.376012 0.251379 0.003033 0.125853
1 0 0.377934 0.467719 0.084226 0.000224 0.069897
1 0 0.408014 0.455127 0.100865 0.000763 0.035232
0 0 0.453634 0.424913 0.093719 0.000581 0.027153
0 0 0.465636 0.229060 0.103600 0.001371 0.200334
0 0 0.972230 0.002745 0.013947 0.003682 0.007395
0 0 0.823839 0.028088 0.081668 0.022013 0.044391
0 0 0.781154 0.142314 0.029863 0.000285 0.046384
0 0 0.635670 0.306407 0.042933 0.000025 0.014965
0 0 0.886527 0.058288 0.041852 0.001291 0.012042
0 0 0.461786 0.452729 0.040473 0.000011 0.045001
0 0 0.544557 0.209400 0.093745 0.000033 0.152265
0 0 0.691135 0.134490 0.038683 0.000402 0.135290
1 0 0.441102 0.475629 0.058455 0.000030 0.024783
1 0 0.338063 0.522966 0.126881 0.000050 0.012040
0 0 0.496740 0.399606 0.047695 0.000039 0.055919
0 0 0.402039 0.376571 0.106313 0.000636 0.114441
0 0 0.693560 0.268186 0.023822 0.000056 0.014376
1 0 0.399598 0.423851 0.059260 0.000007 0.117282
1 0 0.384884 0.487124 0.109026 0.000191 0.018776
1 0 0.342452 0.494862 0.080730 0.000141 0.081814
0 0 0.663070 0.163655 0.045045 0.000534 0.127696
0 0 0.559974 0.352476 0.074545 0.000178 0.012827
0 0 0.539563 0.258578 0.043763 0.000177 0.157920
0 0 0.900266 0.069535 0.021537 0.000224 0.008438
0 0 0.569306 0.350200 0.055541 0.000071 0.024882
1 0 0.290945 0.551651 0.068188 0.000008 0.089208
1 0 0.330643 0.471833 0.152346 0.000028 0.045150
1 0 0.260753 0.546622 0.120299 0.000070 0.072255
1 0 0.327503 0.534467 0.068163 0.000015 0.069852
1 0 0.241337 0.513080 0.057702 0.000008 0.187873
0 0 0.676536 0.211884 0.019204 0.000041 0.092335
1 0 0.207568 0.542029 0.238035 0.000831 0.011537
0 0 0.449049 0.444547 0.096445 0.000259 0.009699
0 0 0.614904 0.260294 0.090829 0.000396 0.033578
0 0 0.913180 0.039172 0.037819 0.002057 0.007772
0 0 0.894344 0.034800 0.048997 0.002117 0.019741
1 0 0.136506 0.521641 0.327047 0.000066 0.014740
1 0 0.321772 0.458904 0.178969 0.000206 0.040150
0 0 0.524033 0.242269 0.172523 0.001137 0.060038
0 0 0.842253 0.108447 0.034415 0.000174 0.014711
0 0 0.927649 0.047524 0.013092 0.000144 0.011591
1 0 0.300009 0.551306 0.129695 0.000031 0.018960
1 0 0.194143 0.577024 0.121240 0.000014 0.107580
1 0 0.245452 0.510521 0.093309 0.000063 0.150655
0 0 0.962778 0.011938 0.014888 0.000905 0.009491
0 0 0.570744 0.310364 0.070790 0.001088 0.047015
0 0 0.680099 0.223288 0.076864 0.000194 0.019556
1 0 0.190348 0.540446 0.260301 0.000041 0.008865
0 0 0.963819 0.025345 0.006539 0.000058 0.004239
0 0 0.588826 0.326080 0.038931 0.000280 0.045883
1 0 0.282957 0.477751 0.198651 0.000224 0.040417
1 0 0.380901 0.496074 0.063662 0.000045 0.059317
0 0 0.721492 0.156806 0.109683 0.000182 0.011837
1 0 0.399870 0.482332 0.100659 0.000152 0.016987
1 0 0.396770 0.495399 0.062046 0.000035 0.045749
1 1 0.203033 0.570158 0.169353 0.000047 0.057408
2 1 0.044083 0.403843 0.472649 0.000164 0.079261
1 1 0.059193 0.429715 0.335158 0.000213 0.175720
1 1 0.048086 0.413366 0.278853 0.000069 0.259625
2 1 0.018114 0.288715 0.640519 0.000141 0.052512
1 0 0.093160 0.519046 0.294002 0.000066 0.093726
1 0 0.066190 0.457364 0.314831 0.002314 0.159301
1 0 0.210777 0.534210 0.132693 0.000098 0.122222
2 0 0.127840 0.151454 0.540544 0.053270 0.126892
0 0 0.904730 0.020816 0.045143 0.008930 0.020381
1 1 0.103511 0.528537 0.215137 0.008198 0.144618
1 1 0.338814 0.492008 0.098225 0.001782 0.069170
1 0 0.349886 0.493701 0.082751 0.000159 0.073503
1 0 0.417969 0.423586 0.034238 0.000064 0.124143
2 0 0.043062 0.129469 0.607470 0.017404 0.202595
2 0 0.007259 0.123044 0.863580 0.000187 0.005931
1 0 0.240082 0.586502 0.127368 0.000014 0.046034
1 0 0.154524 0.571278 0.229956 0.000063 0.044179
0 0 0.883351 0.080040 0.029212 0.000032 0.007364
0 0 0.903179 0.041957 0.032638 0.000257 0.021970
0 0 0.689455 0.150090 0.151060 0.000536 0.008860
0 0 0.530780 0.197868 0.245660 0.001339 0.024352
0 0 0.460065 0.263202 0.249003 0.002733 0.024996
0 0 0.398159 0.338317 0.220416 0.000247 0.042861
1 0 0.189872 0.400731 0.398673 0.001148 0.009576
1 0 0.181354 0.568784 0.171562 0.000043 0.078256
0 0 0.845719 0.098637 0.045841 0.000524 0.009279
0 0 0.594470 0.204335 0.153972 0.001113 0.046110
0 0 0.822051 0.060642 0.106499 0.001248 0.009560
0 0 0.838250 0.092489 0.044858 0.000390 0.024013
0 0 0.740702 0.040158 0.025856 0.000319 0.192965
2 0 0.269218 0.296978 0.367612 0.003617 0.062575
0 0 0.743223 0.174498 0.053306 0.000241 0.028732
0 0 0.961711 0.012134 0.020664 0.000752 0.004739
0 0 0.671119 0.208813 0.095506 0.000297 0.024264
0 0 0.474693 0.299583 0.118507 0.000133 0.107084
2 0 0.139826 0.282902 0.494221 0.001525 0.081526
1 0 0.171575 0.550210 0.230418 0.000107 0.047689
1 0 0.296362 0.523717 0.141325 0.000216 0.038380
1 0 0.092633 0.457973 0.397178 0.000534 0.051681
0 0 0.557786 0.103117 0.145714 0.000552 0.192832
1 0 0.089141 0.544103 0.245177 0.000035 0.121544
1 0 0.182484 0.514086 0.191837 0.000536 0.111058
1 0 0.161974 0.527740 0.252967 0.000261 0.057059
1 0 0.161245 0.516142 0.273143 0.000393 0.049078
1 1 0.251548 0.557563 0.163155 0.000058 0.027675
1 1 0.118647 0.505311 0.334057 0.000209 0.041776
2 1 0.098743 0.431526 0.451042 0.000649 0.018041
1 0 0.068962 0.465624 0.400800 0.000228 0.064387
1 0 0.066732 0.482071 0.371609 0.000064 0.079523
1 0 0.334540 0.520449 0.132346 0.000067 0.012597
1 1 0.145848 0.511807 0.226189 0.000311 0.115845
2 1 0.054999 0.408379 0.516469 0.000112 0.020041
2 0 0.037241 0.330086 0.622257 0.000145 0.010271
1 0 0.099229 0.546122 0.323126 0.000019 0.031504
1 0 0.235524 0.533570 0.162179 0.000230 0.068497
1 0 0.172530 0.546762 0.267143 0.000043 0.013522
1 0 0.318153 0.449051 0.226469 0.001940 0.004387
0 0 0.630884 0.055542 0.189471 0.090765 0.033338
0 0 0.825991 0.017796 0.062631 0.010770 0.082811
4 4 0.232404 0.168748 0.124297 0.001049 0.473502
2 4 0.025047 0.297485 0.651186 0.000274 0.026008
2 4 0.014807 0.296918 0.653136 0.000195 0.034944
1 4 0.086262 0.515468 0.361541 0.000094 0.036634
1 4 0.082353 0.480703 0.363950 0.000167 0.072826
1 4 0.090644 0.478993 0.396459 0.000156 0.033748
1 4 0.230566 0.523930 0.225190 0.000247 0.020068
2 4 0.048559 0.414754 0.499127 0.000096 0.037464
2 4 0.003575 0.158762 0.829836 0.000169 0.007658
2 4 0.009345 0.187385 0.791416 0.008817 0.003036
2 1 0.003698 0.169066 0.786858 0.006401 0.033977
2 0 0.032812 0.298432 0.664779 0.000336 0.003641
0 0 0.506128 0.280925 0.171691 0.000726 0.040529
0 4 0.894876 0.060542 0.035362 0.001682 0.007537
0 4 0.516220 0.402668 0.070387 0.000357 0.010368
0 4 0.455689 0.404270 0.030225 0.000058 0.109759
1 4 0.186430 0.539638 0.252074 0.000111 0.021747
2 4 0.073555 0.439097 0.441266 0.004965 0.041116
1 4 0.117155 0.507296 0.285472 0.000242 0.089834
1 4 0.300572 0.539396 0.092874 0.000041 0.067117
1 4 0.094406 0.453407 0.395784 0.000723 0.055680
1 4 0.119077 0.533460 0.324962 0.000042 0.022459
2 4 0.071029 0.391542 0.529074 0.000233 0.008122
1 4 0.223356 0.453227 0.314176 0.001535 0.007705
1 4 0.184014 0.513939 0.270511 0.000427 0.031109
2 4 0.037119 0.335995 0.616927 0.000207 0.009751
2 0 0.027091 0.382656 0.534906 0.000256 0.055091
1 1 0.432602 0.465142 0.070145 0.000130 0.031981
1 1 0.293815 0.533401 0.128596 0.000125 0.044063
0 0 0.752400 0.173808 0.056640 0.002549 0.014603
0 0 0.913567 0.036001 0.039330 0.002764 0.008338
1 0 0.049514 0.453556 0.437533 0.000621 0.058777
1 0 0.185122 0.539225 0.218002 0.000225 0.057426
2 0 0.009148 0.121895 0.814923 0.001853 0.052181
4 0 0.278939 0.119487 0.254906 0.040057 0.306610
3 0 0.080568 0.048096 0.229682 0.637976 0.003677
0 0 0.543147 0.262861 0.096368 0.003671 0.093953
0 0 0.738805 0.134396 0.111642 0.000251 0.014906
0 0 0.825861 0.113824 0.057820 0.000049 0.002445
0 0 0.851500 0.067642 0.058102 0.002332 0.020423
4 0 0.375453 0.076023 0.053589 0.001261 0.493674
1 0 0.197130 0.498320 0.215679 0.001830 0.087040
0 0 0.431803 0.105231 0.352533 0.079246 0.031187
0 0 0.439421 0.164634 0.287399 0.050825 0.057721
1 0 0.129554 0.487471 0.307950 0.001530 0.073495
0 0 0.524417 0.358873 0.055740 0.000088 0.060883
2 0 0.152798 0.213521 0.375799 0.111414 0.146468
0 0 0.885132 0.004815 0.055624 0.030019 0.024410
0 0 0.666070 0.008954 0.084479 0.239129 0.001369
0 0 0.796321 0.061098 0.120218 0.009089 0.013274
0 0 0.909942 0.009257 0.041470 0.014336 0.024994
0 0 0.516817 0.173649 0.231423 0.004335 0.073775
0 1 0.381808 0.193451 0.240179 0.002322 0.182239
2 1 0.131528 0.365607 0.446342 0.003053 0.053470
2 1 0.015545 0.268002 0.637437 0.001645 0.077371
2 1 0.002901 0.139534 0.847660 0.000443 0.009461
2 1 0.002278 0.209733 0.649205 0.000047 0.138737
