0 0 0.954497 0.028216 0.007934 0.000173 0.009180
0 0 0.992752 0.005547 0.000945 0.000002 0.000754
0 0 0.905886 0.046319 0.036420 0.002465 0.008909
0 0 0.973498 0.019772 0.004583 0.000010 0.002137
0 0 0.893672 0.049251 0.044754 0.003542 0.008782
0 0 0.965266 0.022383 0.005851 0.000087 0.006413
0 0 0.960623 0.024935 0.006742 0.000120 0.007579
0 0 0.942061 0.034612 0.010390 0.000318 0.012620
0 0 0.976948 0.015660 0.003663 0.000031 0.003698
0 0 0.949327 0.030915 0.008949 0.000227 0.010582
0 0 0.733511 0.111340 0.025549 0.000012 0.129589
0 0 0.890057 0.031592 0.007633 0.000012 0.070706
0 1 0.849099 0.059122 0.021965 0.000129 0.069685
0 0 0.647149 0.067645 0.015214 0.000004 0.269988
0 0 0.919987 0.038590 0.012897 0.000035 0.028491
0 0 0.530218 0.149502 0.068156 0.000156 0.251968
0 1 0.532284 0.146131 0.078811 0.000846 0.241928
0 0 0.862550 0.063876 0.022646 0.001096 0.049832
0 0 0.894837 0.071500 0.019320 0.000187 0.014155
0 0 0.726118 0.152375 0.040887 0.000097 0.080523
0 0 0.925267 0.042778 0.013760 0.000602 0.017593
0 0 0.972827 0.017712 0.004233 0.000034 0.005193
0 0 0.927981 0.038513 0.011496 0.000233 0.021777
0 0 0.941162 0.040070 0.010216 0.000093 0.008459
0 0 0.875686 0.073524 0.033516 0.001062 0.016211
0 0 0.783098 0.107280 0.090646 0.004362 0.014614
0 0 0.970961 0.017569 0.008457 0.000059 0.002954
0 0 0.973719 0.017567 0.004258 0.000043 0.004413
0 0 0.971102 0.019084 0.004746 0.000055 0.005014
0 0 0.748236 0.108517 0.049225 0.012792 0.081229
0 0 0.988043 0.008733 0.001708 0.000006 0.001510
0 0 0.995294 0.003731 0.000564 0.000000 0.000411
0 0 0.692185 0.101213 0.031384 0.000170 0.175048
0 0 0.459190 0.207271 0.055030 0.000037 0.278472
4 4 0.221871 0.181986 0.150118 0.000360 0.445665
0 4 0.281892 0.260572 0.244818 0.000643 0.212075
4 4 0.258866 0.197777 0.168851 0.002222 0.372284
0 4 0.531590 0.085358 0.059680 0.000639 0.322733
4 4 0.043038 0.022989 0.010639 0.000105 0.923230
4 4 0.268449 0.115978 0.066082 0.000396 0.549096
4 4 0.034190 0.168778 0.161107 0.000516 0.635408
4 4 0.263354 0.147031 0.041624 0.000022 0.547968
1 4 0.071934 0.418599 0.159629 0.000493 0.349345
4 4 0.055725 0.347126 0.101263 0.000020 0.495866
1 4 0.067533 0.408890 0.117443 0.000015 0.406119
2 4 0.003806 0.177110 0.726941 0.000226 0.091917
2 4 0.031282 0.184383 0.393732 0.001608 0.388995
0 4 0.471954 0.228724 0.080193 0.000734 0.218395
1 4 0.019961 0.444595 0.162038 0.000119 0.373287
2 4 0.006863 0.219116 0.659008 0.000052 0.114961
2 4 0.002445 0.206355 0.404808 0.000090 0.386302
2 4 0.017428 0.188461 0.688620 0.001807 0.103683
1 4 0.065377 0.363471 0.338858 0.000141 0.232153
1 4 0.101956 0.433147 0.129321 0.000062 0.335514
2 4 0.002873 0.102249 0.737076 0.000075 0.157726
2 4 0.010313 0.352935 0.383517 0.000105 0.253130
2 4 0.000029 0.015371 0.972375 0.004297 0.007928
2 4 0.016910 0.134077 0.752212 0.001324 0.095477
2 4 0.089765 0.337665 0.379714 0.000018 0.192837
2 1 0.001733 0.102788 0.858639 0.000242 0.036599
2 1 0.008807 0.116108 0.742070 0.000204 0.132811
2 1 0.000983 0.076663 0.893164 0.000155 0.029034
2 1 0.000305 0.024452 0.961323 0.000933 0.012987
2 1 0.000106 0.015198 0.967215 0.011044 0.006438
2 2 0.000241 0.026494 0.926063 0.006051 0.041151
2 2 0.002386 0.215742 0.678267 0.000069 0.103536
2 2 0.001739 0.066613 0.855465 0.000505 0.075679
2 2 0.000181 0.011389 0.952115 0.030896 0.005419
2 2 0.001783 0.032933 0.911770 0.024962 0.028552
2 2 0.000817 0.007313 0.983596 0.005888 0.002385
2 2 0.000167 0.007692 0.976975 0.005567 0.009599
2 2 0.004196 0.038403 0.869136 0.038628 0.049637
2 2 0.000007 0.000740 0.915332 0.083104 0.000818
3 2 0.000003 0.000156 0.337961 0.661824 0.000056
2 2 0.000006 0.000357 0.844414 0.154953 0.000270
2 2 0.000115 0.001380 0.772052 0.225703 0.000750
2 3 0.000027 0.000640 0.856590 0.142258 0.000485
3 2 0.000007 0.000156 0.425054 0.574672 0.000111
3 3 0.000005 0.000128 0.158640 0.841147 0.000080
3 2 0.000006 0.000197 0.421178 0.578364 0.000255
3 2 0.000020 0.000290 0.149573 0.849938 0.000180
3 3 0.000028 0.000345 0.309234 0.690233 0.000159
3 2 0.000035 0.000237 0.020662 0.978998 0.000068
3 3 0.000118 0.001414 0.217403 0.779913 0.001152
3 3 0.000002 0.000083 0.222848 0.776995 0.000071
3 3 0.000121 0.001266 0.344585 0.652542 0.001485
3 3 0.000003 0.000064 0.091923 0.907984 0.000027
3 3 0.001883 0.010822 0.240851 0.709415 0.037030
3 3 0.000040 0.000623 0.244164 0.754413 0.000759
3 3 0.000329 0.003368 0.405338 0.581608 0.009358
3 3 0.000006 0.000140 0.116263 0.883483 0.000108
3 3 0.000441 0.004098 0.370034 0.614095 0.011333
3 3 0.000002 0.000047 0.023855 0.976074 0.000022
3 3 0.000010 0.000136 0.038363 0.961436 0.000054
3 3 0.000114 0.001414 0.322188 0.673903 0.002381
3 3 0.000015 0.000210 0.060647 0.939005 0.000123
3 3 0.000002 0.000062 0.040218 0.959693 0.000025
3 3 0.000058 0.000907 0.172398 0.824789 0.001849
3 3 0.000016 0.000364 0.165954 0.833081 0.000585
3 3 0.000081 0.000879 0.096679 0.901276 0.001086
3 3 0.000051 0.000810 0.162672 0.835559 0.000907
3 3 0.001011 0.004309 0.056721 0.932260 0.005699
3 3 0.001325 0.004280 0.035620 0.954686 0.004088
3 3 0.000021 0.000348 0.168437 0.830907 0.000287
3 3 0.000005 0.000136 0.109346 0.890389 0.000123
3 3 0.000057 0.000721 0.173753 0.824718 0.000751
3 3 0.000008 0.000162 0.077273 0.922439 0.000118
3 3 0.000018 0.000213 0.040327 0.959332 0.000109
3 3 0.000044 0.000258 0.016686 0.982943 0.000069
3 3 0.000011 0.000109 0.008758 0.991080 0.000043
3 3 0.000196 0.000905 0.017826 0.980588 0.000485
3 3 0.000000 0.000010 0.027365 0.972621 0.000004
3 3 0.000026 0.000389 0.077387 0.921772 0.000426
3 3 0.000000 0.000030 0.074491 0.925467 0.000013
3 3 0.000007 0.000175 0.105893 0.893728 0.000197
3 3 0.000001 0.000022 0.017851 0.982117 0.000009
3 3 0.000020 0.000335 0.069895 0.929340 0.000409
3 3 0.000008 0.000084 0.009588 0.990293 0.000027
3 3 0.000001 0.000022 0.008269 0.991703 0.000005
3 3 0.000428 0.002188 0.110087 0.886408 0.000888
3 3 0.000229 0.001628 0.139529 0.857216 0.001397
3 3 0.000009 0.000145 0.074405 0.925381 0.000060
3 3 0.000057 0.000676 0.066668 0.931692 0.000908
3 3 0.000064 0.000384 0.013281 0.986107 0.000164
3 3 0.000001 0.000024 0.023005 0.976964 0.000006
3 3 0.000001 0.000018 0.011305 0.988672 0.000005
3 3 0.000026 0.000268 0.020562 0.978955 0.000189
3 3 0.000001 0.000015 0.003920 0.996061 0.000003
3 3 0.000002 0.000035 0.009154 0.990794 0.000015
3 3 0.000227 0.001540 0.039947 0.956225 0.002061
3 3 0.000020 0.000251 0.024813 0.974698 0.000218
3 3 0.000216 0.001395 0.040425 0.956440 0.001523
3 3 0.000026 0.000231 0.026648 0.973008 0.000086
3 3 0.000007 0.000117 0.070113 0.929711 0.000053
3 3 0.000003 0.000050 0.053783 0.946153 0.000010
3 3 0.000095 0.000993 0.125531 0.872237 0.001143
3 3 0.000009 0.000085 0.035446 0.964446 0.000014
3 3 0.000014 0.000093 0.041662 0.958222 0.000009
2 1 0.003597 0.007514 0.497551 0.490744 0.000594
2 1 0.037951 0.074076 0.853747 0.029869 0.004358
2 1 0.319071 0.220585 0.426494 0.015568 0.018282
0 1 0.442096 0.145706 0.402389 0.003774 0.006035
0 1 0.557478 0.196120 0.231185 0.003093 0.012123
2 0 0.372340 0.122026 0.470397 0.013225 0.022012
2 1 0.139867 0.230110 0.586031 0.004779 0.039213
2 1 0.002266 0.027119 0.967476 0.000144 0.002995
2 2 0.005135 0.023802 0.969433 0.001107 0.000524
2 1 0.332922 0.171599 0.413117 0.003267 0.079096
0 0 0.931430 0.046986 0.012039 0.000103 0.009442
0 1 0.929841 0.046894 0.010482 0.000022 0.012761
0 0 0.987295 0.009223 0.001834 0.000007 0.001641
0 0 0.984215 0.011200 0.002363 0.000012 0.002210
0 0 0.995208 0.003793 0.000576 0.000001 0.000422
0 0 0.996041 0.003179 0.000458 0.000000 0.000322
0 0 0.862910 0.069187 0.034909 0.003950 0.029044
0 0 0.912683 0.048597 0.016310 0.000889 0.021521
0 0 0.872203 0.060034 0.040742 0.001507 0.025513
0 0 0.972912 0.018037 0.004408 0.000046 0.004596
0 0 0.981157 0.013108 0.002903 0.000018 0.002813
0 0 0.983658 0.011551 0.002461 0.000013 0.002317
0 0 0.981301 0.013685 0.003008 0.000010 0.001997
0 0 0.996603 0.002757 0.000380 0.000000 0.000259
0 0 0.939053 0.034525 0.010080 0.000207 0.016134
0 0 0.974433 0.017149 0.004126 0.000040 0.004252
0 0 0.939074 0.027519 0.006824 0.000025 0.026558
0 0 0.942826 0.034915 0.010222 0.000262 0.011775
0 0 0.979112 0.014358 0.003270 0.000024 0.003236
0 0 0.962221 0.024064 0.006434 0.000108 0.007173
0 0 0.985912 0.010118 0.002070 0.000009 0.001891
0 0 0.973222 0.017857 0.004350 0.000045 0.004526
0 0 0.979762 0.012757 0.002624 0.000006 0.004850
0 0 0.968105 0.013943 0.008325 0.000001 0.009625
0 0 0.990426 0.007146 0.001315 0.000003 0.001111
0 0 0.929405 0.040811 0.012925 0.000522 0.016337
0 0 0.931104 0.039995 0.012583 0.000491 0.015827
0 0 0.527548 0.085223 0.026911 0.000091 0.360226
0 0 0.893055 0.040180 0.019739 0.000061 0.046965
0 0 0.921948 0.041588 0.015148 0.000366 0.020949
0 0 0.973405 0.016304 0.007776 0.000063 0.002452
0 0 0.842207 0.098022 0.037483 0.000028 0.022261
0 0 0.950396 0.024035 0.022787 0.000586 0.002197
0 0 0.961907 0.024565 0.010737 0.000063 0.002728
0 0 0.609747 0.247873 0.128037 0.000595 0.013749
0 1 0.466605 0.352844 0.089743 0.000077 0.090730
0 1 0.555810 0.302071 0.070247 0.000037 0.071835
0 1 0.563928 0.353941 0.067625 0.000017 0.014489
0 1 0.811568 0.148749 0.030384 0.000027 0.009273
0 0 0.983792 0.011467 0.002437 0.000012 0.002291
0 0 0.989019 0.008088 0.001545 0.000005 0.001342
0 0 0.981998 0.011858 0.003361 0.000010 0.002772
2 1 0.038763 0.396459 0.509214 0.000077 0.055488
2 1 0.063658 0.328018 0.354705 0.000011 0.253609
1 1 0.063326 0.607717 0.251381 0.000024 0.077552
2 1 0.001667 0.110702 0.880088 0.000036 0.007507
2 1 0.006527 0.159501 0.795814 0.000138 0.038020
2 1 0.000140 0.017775 0.979557 0.000436 0.002092
2 1 0.001779 0.100847 0.887753 0.000458 0.009163
2 1 0.006834 0.105469 0.878093 0.000745 0.008859
2 2 0.000112 0.011970 0.986262 0.001417 0.000239
2 1 0.001086 0.014079 0.979649 0.004994 0.000193
0 1 0.834345 0.090879 0.050363 0.002720 0.021693
0 0 0.881951 0.059030 0.020669 0.001104 0.037245
0 0 0.709924 0.220334 0.044608 0.000017 0.025117
0 1 0.563458 0.346441 0.074275 0.000048 0.015778
0 1 0.718667 0.205711 0.048142 0.000063 0.027417
0 1 0.787001 0.164157 0.036361 0.000053 0.012427
0 1 0.640113 0.280015 0.057194 0.000022 0.022656
0 1 0.480323 0.378537 0.088812 0.000053 0.052275
0 1 0.528390 0.261037 0.191338 0.001136 0.018099
2 2 0.143187 0.379655 0.458316 0.001757 0.017085
2 2 0.072588 0.147181 0.758402 0.011937 0.009891
2 2 0.116502 0.125814 0.746414 0.007100 0.004170
2 2 0.073635 0.202876 0.711320 0.003905 0.008265
2 2 0.106100 0.177809 0.711786 0.000566 0.003739
2 1 0.251409 0.147827 0.573990 0.017972 0.008803
2 1 0.331659 0.239096 0.390233 0.010360 0.028652
2 1 0.354504 0.269526 0.360940 0.002401 0.012630
1 1 0.214910 0.576430 0.178544 0.000035 0.030081
1 1 0.132739 0.614650 0.187929 0.000354 0.064327
1 1 0.075260 0.461360 0.406947 0.000079 0.056355
2 2 0.002430 0.014767 0.955915 0.026524 0.000364
2 2 0.045935 0.082871 0.869037 0.000685 0.001473
2 1 0.293433 0.308773 0.382865 0.002970 0.011958
2 2 0.048209 0.258356 0.681665 0.003617 0.008154
0 1 0.599940 0.325780 0.062903 0.000021 0.011356
0 1 0.534491 0.336278 0.082682 0.000089 0.046460
2 1 0.110713 0.284673 0.595116 0.000769 0.008729
2 1 0.190217 0.311123 0.442588 0.018188 0.037885
2 2 0.018442 0.126818 0.845352 0.003431 0.005957
2 2 0.137162 0.309382 0.534979 0.003841 0.014636
2 2 0.000197 0.018666 0.979280 0.001750 0.000106
2 2 0.004643 0.084297 0.909321 0.000957 0.000782
2 2 0.047106 0.073149 0.875597 0.002887 0.001262
2 1 0.099363 0.168896 0.722364 0.002354 0.007023
2 1 0.253456 0.274543 0.447119 0.000556 0.024326
2 2 0.008004 0.097914 0.882702 0.000595 0.010785
2 2 0.001570 0.013504 0.983672 0.001071 0.000183
2 2 0.001056 0.011203 0.982997 0.004397 0.000348
2 2 0.073322 0.209367 0.675689 0.000882 0.040740
2 2 0.002935 0.021854 0.973460 0.000268 0.001484
2 2 0.017287 0.279565 0.690861 0.006293 0.005994
2 1 0.298153 0.159472 0.534108 0.002375 0.005892
0 1 0.747017 0.178876 0.066228 0.000102 0.007777
2 1 0.193488 0.236692 0.555318 0.004266 0.010236
2 1 0.147727 0.146407 0.681486 0.016649 0.007731
2 1 0.014851 0.086058 0.895398 0.002516 0.001178
2 2 0.219323 0.257567 0.515422 0.001482 0.006206
2 2 0.205168 0.217580 0.555884 0.009238 0.012130
2 2 0.048053 0.167713 0.742375 0.018781 0.023079
2 2 0.101848 0.099755 0.756927 0.033225 0.008245
2 2 0.033659 0.083187 0.866641 0.012767 0.003746
2 2 0.124403 0.147710 0.721185 0.002244 0.004459
2 2 0.073050 0.167272 0.754794 0.001610 0.003274
2 2 0.006339 0.025772 0.965131 0.002438 0.000320
2 2 0.022354 0.077365 0.895998 0.002329 0.001954
2 2 0.201560 0.141920 0.595273 0.027031 0.034216
2 2 0.038244 0.065654 0.877264 0.016712 0.002127
2 2 0.002903 0.017090 0.962039 0.017192 0.000776
2 2 0.006301 0.018190 0.930991 0.044038 0.000480
2 2 0.008072 0.019977 0.966468 0.005286 0.000196
0 2 0.476411 0.078966 0.433238 0.007359 0.004026
2 1 0.202972 0.039731 0.677975 0.075944 0.003377
2 1 0.161064 0.376217 0.452757 0.001293 0.008669
2 2 0.003082 0.162097 0.832275 0.000776 0.001769
2 2 0.000148 0.007379 0.981002 0.011302 0.000169
2 2 0.009610 0.042273 0.930008 0.007079 0.011031
2 1 0.027874 0.027635 0.905639 0.037620 0.001233
2 1 0.232550 0.264336 0.485330 0.002878 0.014906
2 1 0.003953 0.031179 0.958308 0.005869 0.000691
2 2 0.041443 0.124709 0.818777 0.000394 0.014677
2 2 0.001073 0.034244 0.959004 0.001600 0.004078
2 2 0.000430 0.006105 0.990820 0.002138 0.000507
2 2 0.002277 0.078442 0.912112 0.001010 0.006159
2 2 0.000402 0.007812 0.989794 0.001830 0.000161
2 2 0.002885 0.091951 0.900251 0.001586 0.003327
2 2 0.293884 0.098193 0.560304 0.034036 0.013583
2 2 0.001350 0.005377 0.969823 0.023231 0.000219
2 2 0.001724 0.009734 0.987346 0.000937 0.000260
2 2 0.000145 0.002029 0.997469 0.000318 0.000040
2 2 0.000712 0.005077 0.928210 0.065462 0.000539
2 2 0.000192 0.001080 0.982775 0.015938 0.000016
2 2 0.007257 0.026999 0.929990 0.034707 0.001048
2 2 0.013164 0.040894 0.938178 0.006504 0.001259
2 1 0.143825 0.064497 0.747544 0.037540 0.006594
2 1 0.057134 0.082781 0.816671 0.036934 0.006480
2 2 0.000587 0.006654 0.986853 0.005815 0.000091
2 2 0.000005 0.000294 0.997120 0.002581 0.000001
2 2 0.014376 0.017503 0.965131 0.002194 0.000796
2 2 0.038037 0.060364 0.889136 0.011245 0.001217
2 2 0.000021 0.000859 0.995880 0.003236 0.000005
2 2 0.007315 0.004900 0.957280 0.030403 0.000102
2 1 0.137494 0.078827 0.723876 0.052820 0.006982
2 1 0.004008 0.023333 0.949332 0.021825 0.001502
2 1 0.006241 0.040177 0.942050 0.010363 0.001169
2 1 0.000351 0.016216 0.974576 0.008521 0.000336
2 2 0.000000 0.000122 0.997323 0.002551 0.000003
2 2 0.000093 0.004635 0.994058 0.001064 0.000150
2 2 0.000468 0.002245 0.996666 0.000596 0.000025
2 2 0.003192 0.011094 0.965960 0.019349 0.000404
2 2 0.000677 0.011979 0.985296 0.001836 0.000212
2 2 0.001557 0.007051 0.982360 0.008628 0.000404
2 2 0.000084 0.002037 0.988202 0.009635 0.000042
2 2 0.000001 0.000168 0.920171 0.079659 0.000001
2 2 0.000066 0.000477 0.782110 0.217337 0.000011
2 2 0.000065 0.000416 0.945646 0.053868 0.000005
2 2 0.000001 0.000090 0.976138 0.023769 0.000002
2 2 0.000619 0.004796 0.939776 0.054506 0.000302
2 2 0.000281 0.002755 0.991208 0.005719 0.000037
2 2 0.000015 0.000532 0.984529 0.014920 0.000004
2 2 0.000217 0.002163 0.954370 0.043213 0.000037
2 2 0.000009 0.000367 0.818958 0.180649 0.000017
2 2 0.000012 0.000375 0.923250 0.076347 0.000015
2 2 0.000117 0.000717 0.748553 0.250597 0.000017
2 3 0.000018 0.000147 0.868728 0.131097 0.000010
2 2 0.000021 0.000075 0.966314 0.033586 0.000004
2 2 0.023541 0.023571 0.934091 0.018229 0.000568
2 1 0.175966 0.092879 0.674859 0.051369 0.004927
0 1 0.954922 0.021599 0.021115 0.000141 0.002222
0 1 0.722402 0.156768 0.108970 0.001181 0.010679
0 1 0.834790 0.110034 0.041626 0.000348 0.013201
2 1 0.102075 0.158576 0.727898 0.005136 0.006315
2 1 0.100686 0.245845 0.632968 0.011823 0.008678
2 2 0.004729 0.045837 0.939614 0.009208 0.000611
2 2 0.003701 0.027858 0.918054 0.049429 0.000957
2 2 0.019461 0.046973 0.928495 0.004404 0.000667
2 2 0.003873 0.046216 0.947034 0.002106 0.000772
2 2 0.002422 0.013810 0.956765 0.026686 0.000317
2 2 0.018229 0.019239 0.893955 0.067631 0.000947
2 2 0.006047 0.040694 0.947530 0.005018 0.000712
2 2 0.000249 0.004230 0.979393 0.016082 0.000045
2 2 0.000923 0.011064 0.979341 0.008478 0.000194
2 2 0.000018 0.001066 0.998357 0.000552 0.000007
2 2 0.039288 0.060255 0.891536 0.006556 0.002365
2 1 0.001204 0.018426 0.933139 0.046531 0.000700
2 2 0.016234 0.163917 0.798119 0.007121 0.014609
0 1 0.508471 0.236849 0.239473 0.003396 0.011811
2 2 0.029977 0.124283 0.832082 0.010278 0.003379
2 2 0.014317 0.067219 0.887801 0.025176 0.005486
2 2 0.003021 0.015845 0.960510 0.019646 0.000978
2 2 0.000072 0.001132 0.996754 0.002035 0.000006
0 1 0.507862 0.186508 0.256451 0.023028 0.026151
2 1 0.018455 0.033770 0.931505 0.014930 0.001340
2 2 0.000635 0.011556 0.986915 0.000781 0.000113
2 2 0.000141 0.002266 0.997375 0.000177 0.000041
2 2 0.000002 0.000163 0.996645 0.003183 0.000007
2 2 0.024641 0.432557 0.525477 0.002461 0.014864
2 2 0.057889 0.125171 0.811342 0.001598 0.004000
2 1 0.327933 0.258936 0.382117 0.003541 0.027473
0 1 0.411742 0.382110 0.178957 0.001068 0.026123
0 1 0.596196 0.271367 0.101763 0.000822 0.029852
2 1 0.121340 0.423609 0.440124 0.000593 0.014334
2 2 0.264853 0.318230 0.396340 0.003212 0.017365
2 1 0.097905 0.246640 0.647553 0.001283 0.006618
2 2 0.005337 0.036114 0.945067 0.012776 0.000706
2 1 0.005367 0.036538 0.946115 0.011438 0.000542
2 2 0.008615 0.096746 0.891014 0.002211 0.001414
2 2 0.004324 0.061436 0.931406 0.002103 0.000730
2 2 0.003562 0.061154 0.924810 0.009010 0.001463
2 2 0.006883 0.035502 0.940273 0.016842 0.000500
2 2 0.004833 0.036650 0.949740 0.008496 0.000281
2 2 0.115404 0.074550 0.774333 0.031663 0.004050
0 2 0.654627 0.115521 0.218008 0.004555 0.007289
1 0 0.266869 0.353741 0.352926 0.002094 0.024369
2 1 0.002752 0.207576 0.758215 0.000059 0.031398
2 2 0.000963 0.043537 0.952629 0.002166 0.000706
2 2 0.001042 0.017921 0.977796 0.002812 0.000429
2 2 0.000468 0.006825 0.986216 0.006408 0.000083
2 2 0.000208 0.011603 0.981811 0.006020 0.000358
2 2 0.004505 0.027926 0.966153 0.000667 0.000749
2 2 0.046336 0.058847 0.888249 0.003123 0.003445
2 2 0.001384 0.015695 0.948182 0.031806 0.002933
2 2 0.000037 0.000811 0.953008 0.046009 0.000135
2 2 0.000458 0.006185 0.992716 0.000253 0.000388
2 2 0.000089 0.005370 0.994172 0.000270 0.000099
2 2 0.000000 0.000014 0.987261 0.012725 0.000000
2 2 0.000044 0.006416 0.988529 0.004058 0.000953
2 4 0.000128 0.004342 0.991495 0.000762 0.003272
4 4 0.053015 0.108587 0.107662 0.000480 0.730256
4 4 0.067726 0.053948 0.037526 0.000277 0.840523
4 4 0.331754 0.052661 0.018163 0.000074 0.597348
4 4 0.040325 0.105030 0.067906 0.000237 0.786502
4 4 0.083187 0.070378 0.252498 0.001555 0.592381
0 4 0.435728 0.204774 0.082428 0.002115 0.274955
4 4 0.165277 0.223686 0.069308 0.000055 0.541675
4 4 0.027403 0.318914 0.249199 0.001060 0.403424
4 4 0.153210 0.157915 0.056625 0.000147 0.632104
4 4 0.099066 0.152336 0.072947 0.000719 0.674933
4 4 0.037179 0.100359 0.090991 0.002019 0.769453
4 4 0.078595 0.072858 0.032188 0.000302 0.816058
4 4 0.010960 0.192036 0.318013 0.000027 0.478964
4 4 0.049400 0.347575 0.111643 0.000030 0.491352
1 4 0.091393 0.366563 0.280372 0.000909 0.260763
4 4 0.007552 0.317390 0.221090 0.001417 0.452550
4 4 0.087644 0.150122 0.077570 0.003143 0.681521
0 4 0.686858 0.099968 0.041425 0.002934 0.168815
4 4 0.033128 0.076689 0.019814 0.000001 0.870369
4 4 0.005365 0.114792 0.083508 0.000344 0.795991
4 4 0.009855 0.162369 0.056218 0.000011 0.771546
4 4 0.366329 0.102214 0.047693 0.003104 0.480661
4 4 0.098182 0.061770 0.034435 0.003080 0.802534
4 4 0.317853 0.058477 0.016900 0.000014 0.606755
4 4 0.076287 0.072481 0.025865 0.000036 0.825332
4 4 0.033362 0.088331 0.118849 0.000713 0.758745
4 4 0.014620 0.099370 0.035295 0.000012 0.850703
4 4 0.062468 0.274856 0.064962 0.000002 0.597712
4 1 0.123371 0.197046 0.055096 0.000013 0.624474
4 1 0.011050 0.314593 0.190169 0.000018 0.484170
4 1 0.008027 0.138139 0.134828 0.000004 0.719002
0 0 0.428335 0.199639 0.065571 0.000260 0.306195
1 1 0.264782 0.456976 0.117576 0.000049 0.160616
0 0 0.923644 0.034621 0.009417 0.000067 0.032252
0 0 0.840647 0.087794 0.034530 0.000017 0.037011
2 1 0.271885 0.295409 0.349163 0.000072 0.083471
1 1 0.245748 0.501132 0.183374 0.000003 0.069743
0 1 0.454140 0.234306 0.086354 0.000243 0.224957
1 1 0.178527 0.514112 0.199002 0.000079 0.108280
1 1 0.262173 0.497282 0.186654 0.000002 0.053889
1 1 0.198507 0.533732 0.240781 0.000214 0.026765
0 1 0.450680 0.416767 0.105556 0.000176 0.026821
0 1 0.688861 0.213920 0.068773 0.000048 0.028398
1 1 0.126210 0.449857 0.384614 0.000037 0.039282
2 1 0.201399 0.299016 0.488276 0.000344 0.010966
1 1 0.286968 0.324773 0.308626 0.000610 0.079024
2 1 0.036881 0.216524 0.732436 0.000858 0.013300
2 1 0.020474 0.224140 0.746486 0.001120 0.007780
0 1 0.466451 0.369312 0.142708 0.000186 0.021343
0 1 0.732527 0.164386 0.053925 0.000617 0.048545
1 1 0.161940 0.488171 0.333003 0.000266 0.016621
1 1 0.068106 0.732132 0.172092 0.000031 0.027639
0 0 0.953871 0.026906 0.006511 0.000031 0.012681
1 1 0.069417 0.705654 0.199347 0.000197 0.025385
1 1 0.091248 0.624587 0.212208 0.000514 0.071443
1 1 0.171908 0.482794 0.316743 0.000055 0.028500
2 1 0.001332 0.062078 0.934905 0.000727 0.000958
2 1 0.045050 0.211074 0.736937 0.000229 0.006711
2 1 0.010096 0.112096 0.864213 0.001733 0.011862
2 2 0.000034 0.003217 0.993438 0.003236 0.000075
2 2 0.000487 0.028893 0.968390 0.001103 0.001126
2 2 0.000419 0.007892 0.984444 0.007003 0.000242
2 2 0.000025 0.002168 0.997153 0.000620 0.000033
2 2 0.001064 0.016569 0.980268 0.001366 0.000733
2 2 0.000116 0.005600 0.994043 0.000167 0.000074
2 2 0.000119 0.002232 0.995998 0.001641 0.000010
2 2 0.008684 0.078745 0.905594 0.000617 0.006360
2 2 0.002305 0.015357 0.980634 0.001066 0.000638
2 2 0.000168 0.002996 0.987851 0.008928 0.000056
2 2 0.000159 0.004889 0.983687 0.011099 0.000166
2 2 0.000473 0.009085 0.988481 0.001642 0.000320
2 2 0.000021 0.001526 0.998203 0.000240 0.000011
2 2 0.000034 0.000993 0.986418 0.012528 0.000027
2 2 0.000003 0.000483 0.994955 0.004547 0.000011
2 2 0.000359 0.002374 0.910761 0.086390 0.000117
2 0 0.030472 0.124888 0.792959 0.042590 0.009090
2 0 0.025469 0.062499 0.903978 0.006057 0.001998
2 1 0.016010 0.275667 0.704781 0.000905 0.002637
1 1 0.211910 0.445559 0.324785 0.001033 0.016713
1 1 0.162534 0.472772 0.349556 0.000028 0.015110
2 2 0.000927 0.020582 0.977155 0.001170 0.000166
2 2 0.000087 0.005573 0.992076 0.002166 0.000097
2 2 0.034813 0.091121 0.867011 0.000715 0.006340
2 1 0.037289 0.157096 0.789834 0.010077 0.005704
0 0 0.737603 0.175215 0.073400 0.000372 0.013410
2 1 0.099294 0.427402 0.448670 0.003188 0.021446
2 1 0.000161 0.009012 0.990228 0.000456 0.000143
2 2 0.001498 0.017325 0.976631 0.004215 0.000331
2 2 0.000008 0.000891 0.998446 0.000649 0.000006
2 2 0.000001 0.000211 0.986630 0.013156 0.000001
2 2 0.000318 0.006334 0.991619 0.001627 0.000102
2 2 0.000035 0.001601 0.983990 0.014359 0.000015
2 2 0.000239 0.007422 0.990323 0.001762 0.000254
2 2 0.000009 0.000439 0.997823 0.001720 0.000009
2 2 0.010707 0.021249 0.965466 0.002309 0.000269
2 2 0.007170 0.037997 0.894673 0.055543 0.004617
2 2 0.001324 0.008602 0.965869 0.024091 0.000114
2 2 0.000212 0.007197 0.992224 0.000125 0.000242
2 2 0.000996 0.003020 0.990684 0.005155 0.000145
2 2 0.000013 0.000673 0.981194 0.018115 0.000005
2 2 0.000023 0.000485 0.925033 0.074451 0.000008
2 2 0.000028 0.000203 0.951970 0.047782 0.000016
2 2 0.000005 0.000230 0.943596 0.056158 0.000011
2 2 0.000230 0.002206 0.979484 0.018046 0.000033
2 2 0.000001 0.000055 0.746290 0.253653 0.000001
2 2 0.000035 0.001443 0.961603 0.036897 0.000022
2 2 0.000003 0.000202 0.769897 0.229893 0.000004
2 2 0.000003 0.000070 0.708731 0.291195 0.000001
3 2 0.000063 0.000381 0.470578 0.528920 0.000058
2 2 0.000106 0.001988 0.856266 0.141551 0.000089
2 2 0.000009 0.000141 0.585974 0.413847 0.000028
2 2 0.000015 0.001188 0.927144 0.071557 0.000096
3 2 0.000027 0.000278 0.255733 0.743929 0.000033
2 2 0.000157 0.002284 0.507651 0.489549 0.000360
3 2 0.000487 0.002581 0.443100 0.553328 0.000503
3 2 0.000022 0.000574 0.181125 0.818225 0.000053
3 2 0.000518 0.002518 0.198633 0.796716 0.001615
3 2 0.000149 0.000860 0.226011 0.772728 0.000253
3 2 0.000010 0.000084 0.426663 0.573237 0.000006
3 2 0.000035 0.000301 0.071849 0.927715 0.000101
3 3 0.000057 0.000394 0.201189 0.798281 0.000079
3 2 0.000060 0.000439 0.103327 0.896026 0.000148
2 2 0.000873 0.006193 0.669724 0.320670 0.002541
3 2 0.000023 0.000454 0.143162 0.856079 0.000282
3 2 0.000063 0.000733 0.076407 0.921853 0.000944
3 2 0.000090 0.000903 0.106843 0.891306 0.000859
3 3 0.000146 0.001072 0.069528 0.928382 0.000872
3 3 0.000065 0.000619 0.069740 0.929099 0.000478
3 2 0.000121 0.001157 0.103021 0.894267 0.001435
3 3 0.000001 0.000020 0.008637 0.991336 0.000006
3 3 0.000003 0.000068 0.045321 0.954563 0.000045
3 3 0.000001 0.000018 0.031384 0.968593 0.000006
3 3 0.000002 0.000060 0.048974 0.950930 0.000033
3 3 0.000002 0.000048 0.033042 0.966891 0.000017
3 3 0.000002 0.000065 0.106823 0.893061 0.000048
3 3 0.000001 0.000028 0.036426 0.963533 0.000012
3 3 0.000026 0.000316 0.037128 0.962356 0.000174
3 3 0.000291 0.001424 0.037477 0.959856 0.000952
3 3 0.000029 0.000395 0.132856 0.866442 0.000277
3 3 0.000460 0.002824 0.145116 0.848407 0.003194
3 3 0.001650 0.004623 0.248581 0.743114 0.002032
3 3 0.000134 0.000638 0.206299 0.792829 0.000101
3 3 0.000022 0.000296 0.079025 0.920463 0.000194
3 3 0.000025 0.000376 0.075503 0.923743 0.000353
3 3 0.000119 0.001472 0.266184 0.729578 0.002647
3 3 0.000015 0.000231 0.076628 0.922975 0.000151
3 3 0.000028 0.000247 0.011839 0.987738 0.000147
3 3 0.000000 0.000003 0.009567 0.990429 0.000001
3 3 0.000047 0.000438 0.047276 0.951967 0.000272
3 3 0.000008 0.000144 0.051213 0.948532 0.000103
3 3 0.000006 0.000112 0.052679 0.947136 0.000068
3 3 0.000000 0.000022 0.064420 0.935545 0.000012
3 3 0.000000 0.000007 0.004904 0.995086 0.000002
3 3 0.000052 0.000482 0.049425 0.949723 0.000318
3 3 0.000182 0.001405 0.124465 0.872608 0.001340
3 3 0.000110 0.000911 0.082500 0.915742 0.000737
3 3 0.000061 0.000463 0.025271 0.973927 0.000278
3 3 0.000008 0.000213 0.293466 0.706049 0.000263
3 3 0.000000 0.000015 0.027183 0.972798 0.000005
3 3 0.000004 0.000066 0.016060 0.983845 0.000024
3 3 0.000004 0.000044 0.005116 0.994825 0.000012
3 3 0.000028 0.000209 0.007555 0.992109 0.000100
3 3 0.000000 0.000006 0.040105 0.959887 0.000001
3 3 0.002289 0.011181 0.283401 0.676078 0.027050
3 3 0.000014 0.000148 0.035982 0.963810 0.000046
3 3 0.000006 0.000139 0.079415 0.920310 0.000129
3 3 0.000006 0.000121 0.057345 0.942450 0.000078
3 3 0.000002 0.000054 0.034386 0.965524 0.000034
3 3 0.000010 0.000226 0.111765 0.887736 0.000263
3 3 0.000075 0.000866 0.112858 0.885091 0.001110
3 3 0.000403 0.002613 0.084835 0.908291 0.003858
3 3 0.000018 0.000270 0.139461 0.860102 0.000150
3 3 0.000047 0.000599 0.109701 0.889041 0.000612
3 3 0.000092 0.000532 0.021714 0.977434 0.000228
3 3 0.000004 0.000134 0.069049 0.930706 0.000107
3 3 0.000002 0.000056 0.105125 0.894786 0.000032
3 3 0.000013 0.000203 0.049205 0.950428 0.000151
3 3 0.000077 0.000728 0.072973 0.925591 0.000631
3 3 0.000270 0.002793 0.288124 0.702041 0.006772
3 3 0.000021 0.000164 0.007273 0.992476 0.000067
3 3 0.000000 0.000008 0.010297 0.989693 0.000001
3 3 0.000111 0.001194 0.129595 0.867357 0.001742
3 3 0.000272 0.002963 0.265036 0.725566 0.006163
3 3 0.000006 0.000147 0.152271 0.847452 0.000125
3 3 0.000056 0.000744 0.131361 0.866836 0.001003
3 3 0.000001 0.000027 0.033338 0.966619 0.000015
3 3 0.000115 0.001336 0.113018 0.882800 0.002731
3 3 0.000202 0.001579 0.132104 0.864986 0.001127
2 2 0.030213 0.071192 0.890828 0.005659 0.002109
2 1 0.035873 0.064080 0.815562 0.081657 0.002828
2 1 0.307916 0.127868 0.553900 0.005403 0.004914
0 1 0.854343 0.055167 0.074350 0.008426 0.007714
0 1 0.499078 0.254602 0.238658 0.000580 0.007081
2 1 0.015175 0.086172 0.893170 0.003441 0.002042
2 1 0.306305 0.316616 0.342817 0.004783 0.029478
0 1 0.443602 0.301324 0.221501 0.005186 0.028386
2 1 0.036892 0.101644 0.856958 0.002225 0.002280
2 2 0.077466 0.302880 0.614350 0.000702 0.004601
2 2 0.015309 0.107436 0.864141 0.009619 0.003496
1 0 0.378343 0.395560 0.169998 0.000121 0.055978
2 1 0.001663 0.075162 0.919321 0.001222 0.002632
2 2 0.000019 0.002877 0.990559 0.006360 0.000185
2 1 0.018383 0.101754 0.843196 0.001644 0.035022
2 1 0.000843 0.004014 0.989212 0.005892 0.000038
2 1 0.023579 0.125986 0.847037 0.001628 0.001770
2 1 0.010778 0.116499 0.868106 0.001338 0.003279
2 2 0.006141 0.086641 0.903807 0.001144 0.002267
2 1 0.011728 0.072451 0.911566 0.002237 0.002017
2 1 0.154065 0.129539 0.655360 0.049713 0.011324
2 1 0.002038 0.021168 0.962272 0.013816 0.000706
2 2 0.029966 0.133142 0.831565 0.002212 0.003115
2 2 0.020379 0.056260 0.917540 0.003506 0.002315
2 2 0.001855 0.009797 0.971310 0.016783 0.000255
2 2 0.218428 0.282018 0.464468 0.006284 0.028802
0 1 0.624911 0.289034 0.067231 0.000090 0.018735
2 1 0.003178 0.072157 0.916182 0.004871 0.003612
2 2 0.001835 0.011631 0.971906 0.012258 0.002370
2 1 0.027538 0.163540 0.802496 0.000763 0.005662
1 1 0.310094 0.415304 0.083638 0.000004 0.190959
2 1 0.054754 0.281682 0.621997 0.003391 0.038176
0 1 0.470117 0.262882 0.252413 0.000415 0.014173
0 1 0.645476 0.273305 0.062540 0.000075 0.018603
0 1 0.590310 0.232405 0.168615 0.000040 0.008629
0 1 0.502918 0.403468 0.080302 0.000027 0.013285
1 1 0.197173 0.576338 0.176234 0.000533 0.049722
2 1 0.044780 0.291632 0.658711 0.000174 0.004703
2 1 0.172352 0.332485 0.468404 0.004741 0.022019
2 1 0.058391 0.432105 0.492400 0.000628 0.016475
0 0 0.763743 0.157891 0.060080 0.000479 0.017807
0 1 0.693572 0.199423 0.066363 0.001097 0.039545
1 1 0.175735 0.522028 0.260443 0.000918 0.040877
2 1 0.050415 0.373269 0.566190 0.000153 0.009973
2 1 0.062349 0.429843 0.485362 0.000218 0.022228
1 1 0.053855 0.542277 0.351533 0.000123 0.052213
2 1 0.020504 0.396401 0.557808 0.002475 0.022812
0 1 0.554251 0.223255 0.119909 0.015855 0.086730
0 1 0.828658 0.124755 0.036671 0.000048 0.009868
0 0 0.611276 0.224257 0.086759 0.004531 0.073177
2 1 0.015917 0.305895 0.514903 0.000128 0.163157
1 1 0.019652 0.573552 0.305213 0.000372 0.101211
2 1 0.029669 0.328148 0.609568 0.000117 0.032499
2 1 0.026016 0.340293 0.582904 0.000126 0.050661
0 1 0.397609 0.216817 0.337193 0.000096 0.048284
1 1 0.219004 0.484482 0.273498 0.000022 0.022993
0 1 0.477411 0.386256 0.089440 0.000051 0.046842
1 1 0.207996 0.382038 0.367671 0.000157 0.042138
2 1 0.043780 0.326815 0.621073 0.000136 0.008197
1 1 0.374832 0.456188 0.126272 0.000059 0.042649
0 1 0.431954 0.398691 0.140147 0.000325 0.028884
2 1 0.246740 0.355449 0.365531 0.000149 0.032131
0 1 0.777805 0.159600 0.038417 0.000077 0.024101
0 0 0.833649 0.115816 0.030696 0.000181 0.019658
0 0 0.941278 0.030101 0.025637 0.000024 0.002961
1 0 0.179580 0.456610 0.102360 0.000007 0.261442
0 1 0.711705 0.173154 0.092630 0.000472 0.022039
0 1 0.924060 0.058902 0.011822 0.000016 0.005200
0 1 0.701474 0.226471 0.053914 0.000103 0.018039
0 1 0.865909 0.096955 0.023308 0.000076 0.013751
0 1 0.607437 0.292172 0.078964 0.000171 0.021256
0 1 0.589913 0.288894 0.075863 0.000164 0.045165
0 1 0.405542 0.386323 0.178951 0.000760 0.028424
1 1 0.241449 0.443227 0.279733 0.000262 0.035330
1 1 0.351599 0.544970 0.091520 0.000005 0.011906
0 1 0.883093 0.093578 0.017775 0.000012 0.005543
0 0 0.982656 0.010118 0.003013 0.000002 0.004212
1 0 0.141242 0.654855 0.144148 0.000016 0.059739
1 1 0.145897 0.446429 0.118166 0.000028 0.289480
1 1 0.058117 0.552241 0.348643 0.000032 0.040967
0 0 0.920350 0.036153 0.033979 0.000326 0.009192
0 0 0.676643 0.144366 0.139406 0.014055 0.025530
0 0 0.893564 0.049018 0.045885 0.003402 0.008132
0 0 0.875918 0.092497 0.021315 0.000059 0.010211
0 0 0.975333 0.016619 0.003960 0.000037 0.004052
0 0 0.974745 0.016586 0.005788 0.000060 0.002820
0 0 0.969007 0.023017 0.004750 0.000013 0.003212
0 0 0.785938 0.057841 0.018037 0.000142 0.138041
0 0 0.975772 0.016359 0.003879 0.000035 0.003955
0 0 0.952227 0.021540 0.004851 0.000009 0.021373
0 0 0.949125 0.031019 0.008989 0.000229 0.010638
0 0 0.955443 0.028263 0.007722 0.000138 0.008434
0 0 0.967487 0.021141 0.005428 0.000074 0.005871
0 0 0.862539 0.044004 0.015628 0.000056 0.077773
0 0 0.962934 0.023098 0.005990 0.000073 0.007905
0 0 0.804415 0.132632 0.038267 0.000398 0.024288
0 0 0.961902 0.024099 0.006855 0.000108 0.007036
0 0 0.995275 0.003744 0.000566 0.000000 0.000414
0 0 0.972912 0.018038 0.004408 0.000046 0.004596
0 0 0.989164 0.007992 0.001521 0.000004 0.001318
0 0 0.976298 0.016048 0.003782 0.000033 0.003839
0 0 0.977906 0.015640 0.003419 0.000018 0.003017
0 0 0.971686 0.017878 0.004208 0.000026 0.006201
0 0 0.895671 0.037773 0.011325 0.000043 0.055188
0 0 0.922045 0.036428 0.036657 0.001264 0.003605
0 0 0.889301 0.055697 0.041246 0.001148 0.012607
0 0 0.775792 0.127295 0.083539 0.000235 0.013139
0 0 0.966687 0.021590 0.005580 0.000079 0.006065
0 0 0.983342 0.011750 0.002516 0.000013 0.002379
0 0 0.982003 0.012072 0.002506 0.000008 0.003411
0 0 0.834822 0.080222 0.032154 0.004399 0.048402
0 0 0.983331 0.011757 0.002518 0.000013 0.002381
0 0 0.969865 0.018933 0.008134 0.000111 0.002957
0 0 0.971178 0.019040 0.004732 0.000054 0.004996
0 0 0.959323 0.025009 0.006652 0.000092 0.008924
0 0 0.955086 0.027905 0.007819 0.000167 0.009024
0 0 0.975091 0.016762 0.004004 0.000037 0.004105
0 0 0.953097 0.028953 0.008208 0.000187 0.009556
0 0 0.991009 0.006750 0.001221 0.000003 0.001018
0 0 0.982526 0.012260 0.002660 0.000015 0.002539
0 0 0.889668 0.050017 0.017989 0.000340 0.041986
0 0 0.925630 0.042607 0.013687 0.000595 0.017482
0 0 0.982502 0.012275 0.002664 0.000015 0.002544
0 0 0.987228 0.009267 0.001845 0.000007 0.001653
0 0 0.965880 0.022041 0.005733 0.000083 0.006262
0 0 0.842979 0.046996 0.013489 0.000070 0.096466
0 0 0.978021 0.015017 0.003468 0.000027 0.003467
0 0 0.734737 0.097928 0.071109 0.005303 0.090922
0 0 0.823456 0.055028 0.017010 0.000154 0.104352
0 0 0.960124 0.025206 0.006839 0.000124 0.007707
0 0 0.973561 0.017659 0.004287 0.000044 0.004449
0 0 0.974562 0.017074 0.004102 0.000040 0.004223
0 0 0.994765 0.004116 0.000641 0.000001 0.000478
0 0 0.762755 0.105398 0.046660 0.010502 0.074686
0 0 0.921917 0.044094 0.014274 0.000624 0.019092
0 0 0.980959 0.013231 0.002938 0.000019 0.002854
0 0 0.989608 0.007695 0.001448 0.000004 0.001244
0 0 0.964554 0.022778 0.005987 0.000092 0.006589
0 0 0.950694 0.027285 0.017567 0.000479 0.003975
0 0 0.961441 0.026144 0.006444 0.000059 0.005912
0 0 0.992492 0.005728 0.000986 0.000002 0.000792
0 0 0.992197 0.005934 0.001032 0.000002 0.000836
0 0 0.987300 0.009220 0.001833 0.000007 0.001640
0 0 0.955011 0.027944 0.007833 0.000168 0.009043
0 0 0.982559 0.012240 0.002654 0.000015 0.002532
0 0 0.970996 0.019145 0.004766 0.000055 0.005038
0 0 0.981590 0.012841 0.002826 0.000017 0.002726
0 0 0.972870 0.018062 0.004416 0.000047 0.004606
0 0 0.916402 0.046902 0.015555 0.000797 0.020344
0 0 0.871667 0.084410 0.024446 0.000347 0.019131
0 0 0.988326 0.008548 0.001661 0.000005 0.001461
0 0 0.984322 0.011133 0.002345 0.000011 0.002190
0 0 0.771168 0.099591 0.064997 0.016038 0.048206
0 0 0.940939 0.027779 0.027846 0.000093 0.003342
0 0 0.988850 0.008201 0.001573 0.000005 0.001371
0 0 0.979323 0.013569 0.004507 0.000019 0.002583
0 0 0.983138 0.011878 0.002552 0.000014 0.002418
0 0 0.975523 0.016507 0.003925 0.000036 0.004010
0 0 0.919174 0.045625 0.014992 0.000733 0.019475
0 0 0.966874 0.021485 0.005544 0.000077 0.006019
0 0 0.989846 0.007537 0.001409 0.000004 0.001205
0 0 0.983702 0.011523 0.002453 0.000013 0.002309
0 0 0.987662 0.008983 0.001772 0.000006 0.001576
0 0 0.960771 0.024855 0.006714 0.000119 0.007541
0 0 0.834738 0.105756 0.032650 0.000626 0.026230
0 0 0.942252 0.038257 0.010136 0.000123 0.009231
0 0 0.946647 0.032298 0.010097 0.000281 0.010677
0 0 0.912946 0.048478 0.016256 0.000882 0.021437
0 0 0.977790 0.014988 0.004307 0.000035 0.002880
0 0 0.928888 0.040758 0.017058 0.000753 0.012543
0 0 0.984108 0.011268 0.002382 0.000012 0.002231
0 0 0.972690 0.018167 0.004449 0.000047 0.004647
0 0 0.958799 0.024966 0.011319 0.000239 0.004677
0 0 0.955824 0.026644 0.011911 0.000277 0.005345
0 1 0.821309 0.128588 0.032552 0.000025 0.017526
1 1 0.279333 0.429842 0.268310 0.000674 0.021841
0 0 0.966773 0.022558 0.005471 0.000048 0.005150
0 0 0.985291 0.011028 0.002090 0.000005 0.001586
0 0 0.914264 0.043054 0.033054 0.001891 0.007737
0 0 0.970592 0.019853 0.004798 0.000044 0.004713
0 0 0.964199 0.022975 0.006055 0.000094 0.006677
0 0 0.971085 0.018670 0.006788 0.000086 0.003371
0 0 0.995948 0.003248 0.000471 0.000000 0.000333
0 0 0.982607 0.012210 0.002646 0.000015 0.002523
0 0 0.973316 0.017802 0.004333 0.000045 0.004504
0 1 0.580863 0.267686 0.068120 0.000077 0.083254
1 1 0.253402 0.523441 0.185988 0.000471 0.036697
1 1 0.144039 0.482306 0.227667 0.000094 0.145894
1 1 0.131697 0.364591 0.216446 0.000013 0.287253
0 1 0.822478 0.063904 0.017592 0.000059 0.095967
0 0 0.819536 0.125611 0.039692 0.000235 0.014925
0 1 0.985331 0.010574 0.002158 0.000009 0.001929
0 0 0.966639 0.023559 0.006584 0.000032 0.003186
0 0 0.965593 0.021812 0.010004 0.000093 0.002498
0 0 0.983463 0.011577 0.002448 0.000011 0.002501
0 0 0.971062 0.019107 0.004753 0.000055 0.005023
0 0 0.956866 0.026958 0.007471 0.000151 0.008553
0 0 0.971030 0.019125 0.004759 0.000055 0.005030
0 0 0.951949 0.029554 0.008433 0.000198 0.009866
0 0 0.959489 0.024132 0.006223 0.000061 0.010094
0 0 0.968516 0.020559 0.005233 0.000068 0.005624
0 0 0.985488 0.010390 0.002143 0.000009 0.001970
0 0 0.981133 0.013123 0.002907 0.000018 0.002818
0 0 0.980436 0.012103 0.002417 0.000004 0.005039
0 0 0.997389 0.002156 0.000276 0.000000 0.000178
0 0 0.974497 0.017111 0.004114 0.000040 0.004238
0 0 0.989166 0.007991 0.001521 0.000004 0.001318
0 0 0.925599 0.042621 0.013693 0.000595 0.017492
0 0 0.956078 0.024329 0.006106 0.000040 0.013447
0 0 0.963613 0.023299 0.006167 0.000098 0.006823
0 0 0.996498 0.002837 0.000395 0.000000 0.000271
0 0 0.983633 0.011567 0.002465 0.000013 0.002322
0 0 0.984860 0.010791 0.002251 0.000010 0.002088
0 0 0.973610 0.017631 0.004278 0.000043 0.004438
0 0 0.993336 0.005137 0.000855 0.000001 0.000671
0 0 0.992944 0.005413 0.000915 0.000001 0.000726
0 0 0.982729 0.012133 0.002624 0.000015 0.002499
0 0 0.976571 0.015885 0.003732 0.000032 0.003780
0 0 0.964387 0.022871 0.006019 0.000093 0.006630
0 0 0.985383 0.010457 0.002161 0.000010 0.001989
0 0 0.947108 0.023533 0.005468 0.000013 0.023879
0 0 0.953472 0.028756 0.008134 0.000183 0.009455
0 0 0.971685 0.018748 0.004637 0.000052 0.004878
0 0 0.982034 0.012566 0.002747 0.000016 0.002637
0 0 0.986145 0.009968 0.002030 0.000008 0.001849
0 0 0.990108 0.007360 0.001366 0.000003 0.001162
0 0 0.923938 0.043152 0.014744 0.000076 0.018090
0 0 0.933532 0.045345 0.009972 0.000020 0.011131
0 0 0.968690 0.020461 0.005200 0.000067 0.005582
0 0 0.979897 0.013881 0.003129 0.000022 0.003072
0 0 0.964733 0.022470 0.007609 0.000124 0.005064
0 0 0.950750 0.030178 0.008669 0.000211 0.010192
0 0 0.978692 0.015077 0.003287 0.000017 0.002926
0 0 0.982407 0.012334 0.002681 0.000015 0.002562
0 0 0.982549 0.012246 0.002656 0.000015 0.002534
0 0 0.985748 0.010223 0.002098 0.000009 0.001922
0 0 0.976907 0.015395 0.003526 0.000023 0.004149
0 0 0.989172 0.007987 0.001520 0.000004 0.001317
0 0 0.975400 0.016422 0.004956 0.000049 0.003174
0 0 0.961199 0.023846 0.009560 0.000147 0.005247
0 0 0.988579 0.008380 0.001619 0.000005 0.001417
0 0 0.965165 0.022439 0.005870 0.000088 0.006438
0 0 0.890954 0.057961 0.026137 0.002101 0.022847
0 0 0.965379 0.022320 0.005829 0.000087 0.006385
0 0 0.982475 0.012292 0.002669 0.000015 0.002549
0 0 0.990202 0.007297 0.001351 0.000003 0.001147
0 0 0.986705 0.009607 0.001934 0.000007 0.001747
0 0 0.981623 0.012821 0.002820 0.000017 0.002719
0 0 0.907914 0.050743 0.017279 0.001016 0.023048
0 0 0.925630 0.055660 0.010837 0.000009 0.007864
0 0 0.967518 0.021123 0.005422 0.000074 0.005864
