0 0 0.783938 0.007256 0.001932 0.000117 0.206756
0 0 0.966886 0.007378 0.004232 0.000925 0.020579
0 0 0.954952 0.012057 0.004224 0.000219 0.028547
0 0 0.989453 0.003603 0.000761 0.000011 0.006172
0 1 0.797838 0.072968 0.007545 0.000010 0.121639
0 1 0.924275 0.042777 0.020092 0.000901 0.011956
0 4 0.727113 0.104248 0.021307 0.000151 0.147180
0 4 0.969441 0.024063 0.005609 0.000022 0.000864
0 4 0.928504 0.034485 0.023669 0.003060 0.010283
1 4 0.097371 0.510170 0.139714 0.000020 0.252725
0 4 0.785382 0.128727 0.057336 0.001047 0.027508
2 4 0.106662 0.298056 0.577049 0.001810 0.016423
2 1 0.003082 0.115990 0.857249 0.003377 0.020301
2 1 0.001749 0.103300 0.812537 0.004933 0.077481
2 2 0.001862 0.056056 0.862212 0.027348 0.052522
2 2 0.039121 0.164775 0.578465 0.053005 0.164634
2 2 0.005277 0.086667 0.868447 0.018992 0.020617
2 2 0.012213 0.123332 0.587799 0.051288 0.225369
3 2 0.002527 0.015631 0.299346 0.653273 0.029223
2 2 0.006454 0.057637 0.500058 0.324986 0.110865
2 2 0.015846 0.139861 0.455762 0.032361 0.356170
2 2 0.012721 0.100475 0.527111 0.082064 0.277628
3 3 0.000085 0.002227 0.260417 0.728625 0.008647
2 3 0.000798 0.032706 0.801497 0.091560 0.073439
2 3 0.004400 0.088548 0.613710 0.018041 0.275302
2 3 0.004931 0.072914 0.618836 0.089688 0.213630
4 3 0.019684 0.070157 0.265972 0.093277 0.550909
2 2 0.010544 0.118162 0.532460 0.048223 0.290611
4 2 0.026793 0.086767 0.166929 0.010249 0.709260
4 2 0.020060 0.081084 0.071688 0.000598 0.826570
4 1 0.012650 0.098722 0.155272 0.001590 0.731767
4 1 0.040981 0.043558 0.048817 0.007477 0.859168
4 1 0.031484 0.098653 0.191541 0.026404 0.651917
4 1 0.027967 0.062217 0.051250 0.001149 0.857416
4 1 0.031207 0.085392 0.068991 0.001017 0.813393
4 1 0.064949 0.153041 0.072603 0.001088 0.708318
4 1 0.043298 0.052906 0.041000 0.002957 0.859839
4 1 0.026014 0.090077 0.112785 0.003223 0.767901
4 1 0.032077 0.077073 0.145164 0.017496 0.728190
4 1 0.033316 0.137285 0.173703 0.004715 0.650981
4 1 0.026398 0.201081 0.295101 0.009503 0.467917
4 1 0.035801 0.163187 0.157557 0.001977 0.641479
2 2 0.013681 0.189118 0.444701 0.005830 0.346669
2 2 0.009644 0.136339 0.595392 0.036580 0.222046
2 2 0.032892 0.144987 0.534655 0.067297 0.220170
2 2 0.016954 0.146382 0.487716 0.051951 0.296998
2 2 0.030525 0.078203 0.358677 0.309724 0.222871
3 2 0.016905 0.059601 0.283425 0.341915 0.298154
2 3 0.007200 0.083638 0.596843 0.168024 0.144296
2 3 0.000734 0.014941 0.497113 0.451526 0.035686
3 3 0.000469 0.002559 0.095907 0.881470 0.019595
3 3 0.004888 0.012604 0.125181 0.791732 0.065595
3 3 0.001171 0.005408 0.170620 0.808532 0.014269
3 3 0.001193 0.015207 0.426398 0.524817 0.032386
3 3 0.000225 0.002108 0.124906 0.861404 0.011357
3 3 0.000305 0.003395 0.369538 0.625403 0.001360
3 3 0.000045 0.000161 0.045537 0.954163 0.000095
3 3 0.000058 0.000843 0.104440 0.890340 0.004319
3 3 0.002060 0.008409 0.142961 0.790977 0.055593
3 3 0.000664 0.004511 0.149916 0.816725 0.028185
3 3 0.001213 0.000931 0.019532 0.967600 0.010723
3 3 0.000021 0.000337 0.079683 0.919102 0.000858
3 3 0.001105 0.000581 0.017053 0.978769 0.002492
3 3 0.000326 0.001525 0.079299 0.911129 0.007722
3 3 0.000924 0.000684 0.017797 0.975156 0.005438
3 3 0.000033 0.000195 0.024314 0.973633 0.001825
3 3 0.000002 0.000004 0.002995 0.996985 0.000014
3 3 0.000095 0.000322 0.044942 0.954181 0.000459
3 3 0.000084 0.000091 0.026333 0.973468 0.000024
3 3 0.000144 0.000140 0.009657 0.988979 0.001079
3 3 0.000058 0.000073 0.007878 0.991415 0.000576
3 3 0.001690 0.001507 0.031028 0.956954 0.008821
3 3 0.005523 0.001817 0.040502 0.950962 0.001196
3 3 0.002238 0.000517 0.023115 0.973942 0.000189
3 3 0.000023 0.000020 0.004578 0.995307 0.000072
3 3 0.001325 0.001033 0.027531 0.966332 0.003778
3 3 0.000890 0.000422 0.009899 0.982710 0.006079
3 3 0.000052 0.000049 0.007604 0.992147 0.000148
3 3 0.000056 0.000019 0.004275 0.995629 0.000020
3 3 0.000108 0.000048 0.003439 0.995669 0.000736
3 3 0.009744 0.001549 0.017548 0.966153 0.005005
3 3 0.000390 0.000044 0.001735 0.996983 0.000848
3 3 0.000625 0.000246 0.009240 0.988449 0.001439
3 3 0.001482 0.000175 0.005084 0.992462 0.000797
3 3 0.000411 0.000095 0.004965 0.994060 0.000469
3 3 0.000485 0.000082 0.004111 0.994943 0.000379
3 3 0.000007 0.000007 0.002543 0.997384 0.000059
3 3 0.002551 0.000694 0.016487 0.978576 0.001692
3 3 0.000070 0.000026 0.002400 0.997107 0.000397
3 3 0.000531 0.000092 0.003771 0.994879 0.000727
3 3 0.001152 0.000399 0.009922 0.985200 0.003327
3 3 0.002926 0.001315 0.025948 0.965931 0.003880
3 3 0.001852 0.000189 0.008205 0.989605 0.000148
3 3 0.000615 0.000308 0.013327 0.984712 0.001038
3 3 0.000378 0.000075 0.002415 0.994744 0.002388
3 3 0.001445 0.000144 0.005141 0.992918 0.000353
3 3 0.002373 0.000316 0.011846 0.985226 0.000239
3 3 0.001306 0.000340 0.007582 0.987153 0.003619
3 3 0.000593 0.000056 0.002284 0.996624 0.000444
3 3 0.000199 0.000028 0.003862 0.995890 0.000021
3 3 0.000326 0.000039 0.002950 0.996578 0.000107
3 3 0.000710 0.000039 0.002641 0.996562 0.000048
3 3 0.000819 0.000085 0.002864 0.995502 0.000730
3 3 0.001360 0.000153 0.002562 0.985394 0.010531
3 3 0.035667 0.001646 0.013784 0.946790 0.002112
3 3 0.018868 0.000240 0.003100 0.977419 0.000373
3 3 0.001796 0.000017 0.000648 0.997487 0.000052
3 3 0.005069 0.000439 0.006863 0.985652 0.001977
3 3 0.005659 0.003887 0.041139 0.913649 0.035667
3 3 0.004401 0.001231 0.041968 0.952100 0.000301
3 3 0.001266 0.003474 0.118594 0.872150 0.004516
3 3 0.000156 0.000598 0.032889 0.961332 0.005025
3 3 0.000967 0.002881 0.074860 0.904983 0.016309
3 3 0.000200 0.000106 0.020332 0.979346 0.000016
3 3 0.000032 0.000047 0.015065 0.984833 0.000023
3 3 0.000149 0.001383 0.227681 0.770267 0.000521
3 3 0.000254 0.000736 0.046676 0.949630 0.002704
3 3 0.000288 0.000484 0.041566 0.957092 0.000571
3 3 0.002695 0.008668 0.212782 0.744081 0.031774
3 3 0.001361 0.002564 0.069928 0.919292 0.006855
3 3 0.003136 0.007604 0.148991 0.811592 0.028678
3 3 0.000505 0.000542 0.019513 0.975495 0.003945
3 3 0.000343 0.002218 0.099284 0.883741 0.014414
3 3 0.004192 0.016724 0.210048 0.659354 0.109683
3 3 0.001163 0.003923 0.083608 0.883247 0.028059
3 3 0.000020 0.000643 0.231044 0.767549 0.000744
3 3 0.000014 0.000548 0.255789 0.743067 0.000582
3 3 0.000941 0.004179 0.137880 0.841124 0.015876
3 3 0.001522 0.002471 0.043475 0.931375 0.021157
3 3 0.007645 0.013029 0.097893 0.770748 0.110685
3 3 0.002932 0.020325 0.359677 0.532088 0.084979
3 3 0.000736 0.005048 0.284637 0.705869 0.003709
3 3 0.000741 0.005247 0.161797 0.809136 0.023079
3 3 0.000403 0.001710 0.126225 0.870065 0.001597
3 3 0.000036 0.000438 0.065266 0.931938 0.002322
3 3 0.001915 0.003696 0.097573 0.892365 0.004452
3 3 0.000143 0.000211 0.016109 0.982467 0.001071
3 3 0.000052 0.000238 0.043665 0.955580 0.000465
3 3 0.000149 0.002385 0.452334 0.544812 0.000319
3 3 0.002310 0.003732 0.091651 0.892865 0.009442
3 3 0.000698 0.003526 0.107781 0.873863 0.014132
3 3 0.001083 0.012692 0.363298 0.586766 0.036161
3 3 0.006796 0.029604 0.419309 0.493120 0.051171
3 3 0.000946 0.002234 0.092864 0.901540 0.002417
3 3 0.001066 0.002650 0.059476 0.921016 0.015792
3 3 0.001903 0.002085 0.062052 0.931061 0.002899
3 3 0.000419 0.001029 0.058655 0.937891 0.002005
3 3 0.000318 0.000527 0.024311 0.971823 0.003021
3 3 0.000261 0.001166 0.065780 0.926207 0.006587
3 3 0.000070 0.000264 0.034463 0.964268 0.000935
3 3 0.000309 0.001515 0.065753 0.921823 0.010600
3 3 0.004652 0.019845 0.247795 0.623319 0.104390
3 3 0.000474 0.001472 0.046103 0.940262 0.011688
3 3 0.000216 0.003550 0.233770 0.753680 0.008784
3 3 0.000597 0.006956 0.495138 0.495294 0.002015
3 3 0.025805 0.021687 0.165402 0.726975 0.060131
3 3 0.002178 0.008040 0.130767 0.800609 0.058406
3 3 0.002490 0.003279 0.039198 0.910166 0.044867
3 3 0.001070 0.000950 0.034897 0.961482 0.001602
3 3 0.002336 0.004192 0.070740 0.862097 0.060636
3 3 0.000374 0.003937 0.181201 0.801074 0.013415
3 3 0.001225 0.006614 0.153835 0.798963 0.039363
3 3 0.000453 0.002769 0.108152 0.868949 0.019677
2 3 0.011802 0.045660 0.333462 0.278799 0.330277
3 3 0.018061 0.027116 0.142081 0.653061 0.159680
2 3 0.122074 0.187361 0.348100 0.041652 0.300813
2 3 0.037525 0.141510 0.475077 0.134701 0.211187
2 3 0.005753 0.079700 0.695157 0.143922 0.075467
3 3 0.000671 0.008361 0.398461 0.585897 0.006609
2 3 0.000335 0.006494 0.499421 0.489782 0.003968
2 3 0.000846 0.014473 0.754766 0.226879 0.003036
3 3 0.000884 0.009878 0.460068 0.525399 0.003771
2 3 0.002358 0.060065 0.853028 0.069268 0.015280
2 3 0.008550 0.032695 0.473171 0.466535 0.019049
2 2 0.002932 0.072947 0.869749 0.034214 0.020158
2 2 0.003051 0.075380 0.896406 0.014557 0.010606
2 2 0.005422 0.108326 0.784803 0.024922 0.076527
2 2 0.007992 0.100909 0.777970 0.061588 0.051541
2 2 0.000477 0.020192 0.926059 0.050711 0.002560
2 2 0.055867 0.409399 0.485415 0.000213 0.049106
2 2 0.068091 0.197603 0.533716 0.061903 0.138686
2 2 0.010533 0.153416 0.613492 0.016011 0.206549
2 2 0.004515 0.135663 0.821569 0.004058 0.034196
2 2 0.008261 0.109868 0.834020 0.016880 0.030971
4 2 0.111258 0.301684 0.212664 0.002981 0.371413
2 2 0.010308 0.146466 0.778055 0.023783 0.041388
4 2 0.020212 0.333161 0.224975 0.000262 0.421389
4 2 0.012326 0.318899 0.322450 0.000413 0.345912
4 2 0.043513 0.256081 0.193585 0.001513 0.505308
4 2 0.109050 0.211394 0.161904 0.006247 0.511406
2 2 0.011026 0.065740 0.482101 0.163481 0.277652
2 2 0.006641 0.111167 0.698701 0.027661 0.155830
2 2 0.056592 0.312891 0.373998 0.004063 0.252456
2 2 0.049590 0.256508 0.562501 0.020780 0.110622
2 2 0.030317 0.227798 0.572079 0.014789 0.155018
2 2 0.008478 0.064358 0.485496 0.269776 0.171891
2 2 0.008992 0.058057 0.614603 0.265288 0.053059
2 2 0.003810 0.137374 0.746830 0.011906 0.100079
3 2 0.009551 0.034406 0.273881 0.529940 0.152221
2 2 0.006664 0.049543 0.711373 0.219256 0.013164
2 2 0.002223 0.086462 0.872093 0.007216 0.032007
2 2 0.037398 0.210199 0.717487 0.008617 0.026298
2 2 0.034543 0.400991 0.440450 0.000480 0.123537
4 2 0.026087 0.239138 0.263031 0.003003 0.468740
2 2 0.015639 0.092081 0.452351 0.128765 0.311164
2 2 0.000970 0.016557 0.531020 0.423410 0.028043
2 3 0.001948 0.020142 0.447570 0.439120 0.091219
2 3 0.000144 0.014011 0.849277 0.124794 0.011775
2 3 0.001755 0.052347 0.804025 0.103860 0.038013
4 3 0.038468 0.166789 0.163045 0.003327 0.628371
2 2 0.039154 0.137662 0.702452 0.094222 0.026510
2 2 0.020969 0.268024 0.610145 0.003062 0.097800
2 2 0.006566 0.075394 0.775747 0.120445 0.021847
2 2 0.008019 0.044215 0.391693 0.359185 0.196889
2 3 0.003586 0.070430 0.837878 0.058409 0.029696
2 3 0.007455 0.095492 0.822992 0.042286 0.031775
1 3 0.093825 0.438033 0.164521 0.000150 0.303471
2 1 0.265777 0.328831 0.363645 0.005053 0.036693
1 1 0.184885 0.454568 0.271002 0.000509 0.089036
0 1 0.335979 0.251454 0.132896 0.001546 0.278125
4 1 0.121126 0.218262 0.112216 0.000947 0.547449
4 1 0.057635 0.307157 0.112682 0.000329 0.522197
4 1 0.025254 0.302603 0.300995 0.002091 0.369058
2 2 0.044689 0.419936 0.454385 0.000332 0.080658
1 2 0.044706 0.420992 0.281753 0.000296 0.252252
1 2 0.069620 0.442066 0.370523 0.000469 0.117321
2 2 0.021885 0.146032 0.813043 0.010219 0.008821
2 2 0.085970 0.374963 0.500157 0.001228 0.037682
1 2 0.190792 0.409816 0.300763 0.001321 0.097309
2 2 0.016407 0.262112 0.397437 0.004374 0.319670
1 2 0.176254 0.433095 0.322522 0.000844 0.067285
1 2 0.128314 0.390660 0.330460 0.002869 0.147697
2 2 0.048601 0.260075 0.583512 0.014195 0.093617
4 2 0.038372 0.192859 0.227620 0.007470 0.533679
2 2 0.008421 0.124041 0.841446 0.011786 0.014306
1 2 0.098115 0.407932 0.380316 0.001441 0.112195
2 2 0.057543 0.345854 0.347239 0.003726 0.245638
4 2 0.033292 0.311067 0.246709 0.001272 0.407661
2 2 0.015642 0.162091 0.530776 0.036927 0.254564
3 2 0.000747 0.006855 0.219576 0.747619 0.025202
2 3 0.000423 0.019735 0.751095 0.201602 0.027145
2 3 0.003012 0.058498 0.703958 0.129928 0.104604
3 3 0.001898 0.006512 0.167737 0.811924 0.011929
3 3 0.000289 0.004660 0.266675 0.715424 0.012952
2 3 0.002362 0.022131 0.511432 0.442989 0.021086
2 3 0.000985 0.015773 0.582975 0.391392 0.008875
3 3 0.002205 0.004363 0.163536 0.827037 0.002858
2 3 0.028298 0.124273 0.804510 0.027315 0.015604
1 3 0.163457 0.393128 0.318670 0.002244 0.122500
4 2 0.106276 0.305589 0.220303 0.001521 0.366311
4 2 0.062367 0.058297 0.013271 0.000080 0.865985
4 2 0.058329 0.028690 0.014140 0.001501 0.897339
4 2 0.193480 0.217918 0.229328 0.010543 0.348731
1 2 0.139695 0.337072 0.303623 0.005158 0.214452
4 2 0.083564 0.157647 0.323548 0.041358 0.393883
2 2 0.001067 0.015726 0.691253 0.288337 0.003616
2 3 0.000561 0.006491 0.634869 0.357478 0.000602
2 3 0.000264 0.006598 0.749223 0.242869 0.001046
2 3 0.007317 0.083624 0.618922 0.137329 0.152809
2 3 0.000815 0.013862 0.805200 0.179016 0.001107
3 3 0.000218 0.005334 0.361197 0.622250 0.011001
2 3 0.003141 0.040430 0.739464 0.203929 0.013036
3 3 0.007835 0.035977 0.348271 0.544618 0.063298
3 3 0.014173 0.011128 0.146826 0.821284 0.006588
2 3 0.000395 0.009754 0.621045 0.364672 0.004134
2 3 0.000560 0.017421 0.817224 0.157808 0.006987
3 3 0.004200 0.031195 0.421810 0.493488 0.049306
2 3 0.009575 0.071517 0.499196 0.188704 0.231007
2 2 0.057576 0.261312 0.531508 0.015237 0.134367
2 2 0.031585 0.208320 0.705213 0.017767 0.037115
2 2 0.200649 0.282252 0.330602 0.016140 0.170357
2 2 0.052027 0.235156 0.594139 0.035259 0.083419
2 2 0.036857 0.291048 0.539360 0.008729 0.124007
4 2 0.069495 0.203007 0.136311 0.004964 0.586223
4 2 0.047971 0.125840 0.123870 0.007965 0.694354
2 2 0.004871 0.070424 0.889056 0.028718 0.006931
3 3 0.000858 0.009736 0.351668 0.594192 0.043547
4 3 0.009069 0.037687 0.330546 0.291257 0.331441
4 3 0.027221 0.108061 0.248616 0.038811 0.577291
4 2 0.017029 0.251191 0.212803 0.000349 0.518627
2 2 0.005711 0.103011 0.522311 0.016852 0.352115
2 2 0.006738 0.122124 0.507188 0.014056 0.349895
4 2 0.012824 0.162226 0.236107 0.001033 0.587810
4 4 0.025133 0.122315 0.086255 0.000424 0.765874
4 4 0.040626 0.042324 0.026034 0.001154 0.889863
4 4 0.029932 0.040698 0.031151 0.001191 0.897028
4 4 0.026237 0.065761 0.071115 0.002643 0.834245
4 4 0.015459 0.073641 0.062261 0.000267 0.848372
4 4 0.029653 0.137557 0.079336 0.000300 0.753154
4 4 0.057537 0.023292 0.009656 0.000834 0.908681
4 4 0.037508 0.069755 0.021749 0.000066 0.870922
4 4 0.057669 0.070697 0.036015 0.001042 0.834576
4 4 0.015692 0.133816 0.161606 0.000986 0.687901
4 4 0.015431 0.186845 0.213271 0.000800 0.583654
4 2 0.016378 0.172863 0.314073 0.003742 0.492944
4 2 0.045598 0.079283 0.066690 0.004107 0.804321
4 2 0.026615 0.146727 0.309792 0.016351 0.500516
2 2 0.012395 0.071202 0.433756 0.246630 0.236017
2 2 0.027142 0.275704 0.360589 0.005336 0.331229
4 2 0.032885 0.163873 0.273009 0.022899 0.507335
2 3 0.008608 0.049520 0.402766 0.351523 0.187582
4 3 0.043666 0.036968 0.097894 0.254501 0.566970
4 3 0.060493 0.065618 0.096885 0.045716 0.731289
4 3 0.053143 0.091667 0.160052 0.078138 0.616999
2 3 0.008182 0.192480 0.610690 0.009247 0.179400
4 2 0.208080 0.248865 0.141833 0.002323 0.398899
4 1 0.137323 0.309358 0.166344 0.000854 0.386121
0 1 0.416942 0.180677 0.156801 0.012414 0.233165
0 4 0.385195 0.192155 0.209642 0.017022 0.195986
2 4 0.141571 0.373990 0.385595 0.002833 0.096012
2 4 0.011896 0.301957 0.502155 0.001185 0.182807
4 4 0.108595 0.214019 0.298350 0.026609 0.352427
4 2 0.044413 0.080037 0.166773 0.054324 0.654453
3 2 0.001444 0.019786 0.443407 0.487271 0.048092
4 3 0.021790 0.110873 0.360192 0.116181 0.390964
3 3 0.000824 0.007620 0.232526 0.731269 0.027762
3 2 0.000721 0.012528 0.433720 0.515072 0.037959
2 2 0.019331 0.227526 0.543548 0.011303 0.198292
0 2 0.531770 0.334597 0.088159 0.000113 0.045361
2 2 0.075741 0.343672 0.448436 0.003465 0.128686
4 1 0.044308 0.200563 0.181735 0.001159 0.572234
4 1 0.027587 0.184750 0.172181 0.001551 0.613931
2 1 0.009861 0.117798 0.559187 0.036080 0.277074
4 1 0.030209 0.150152 0.230176 0.008306 0.581156
1 1 0.222263 0.326064 0.299025 0.014376 0.138273
2 1 0.007434 0.049984 0.583542 0.324833 0.034207
4 2 0.038188 0.198188 0.197914 0.004918 0.560791
2 2 0.030266 0.124927 0.603627 0.133027 0.108153
3 3 0.007112 0.026826 0.227999 0.583194 0.154869
3 3 0.018142 0.053529 0.332165 0.371428 0.224736
2 3 0.007687 0.059324 0.481176 0.259570 0.192244
3 3 0.001357 0.012098 0.281667 0.663075 0.041803
2 3 0.002819 0.061110 0.846727 0.022141 0.067203
2 3 0.004447 0.066528 0.733874 0.115972 0.079180
2 3 0.000385 0.019353 0.825399 0.143886 0.010977
2 2 0.217059 0.077032 0.411997 0.241328 0.052583
2 2 0.246149 0.190320 0.358128 0.041090 0.164314
4 2 0.039276 0.312234 0.287035 0.000267 0.361188
4 2 0.224096 0.086041 0.046307 0.003316 0.640238
2 2 0.220328 0.136733 0.303436 0.056650 0.282853
1 2 0.067093 0.382905 0.247051 0.000624 0.302327
1 2 0.131493 0.353143 0.247881 0.001120 0.266364
4 2 0.174026 0.206770 0.239871 0.014277 0.365056
1 0 0.058747 0.365049 0.250473 0.000335 0.325396
0 0 0.535618 0.213702 0.076890 0.000450 0.173340
0 0 0.914851 0.018661 0.008713 0.000970 0.056805
0 0 0.884867 0.030921 0.007144 0.000106 0.076962
0 0 0.667947 0.033326 0.002369 0.000002 0.296356
0 0 0.925695 0.031816 0.016743 0.001484 0.024262
0 0 0.846033 0.061844 0.042595 0.006582 0.042945
0 0 0.666718 0.164423 0.091888 0.001552 0.075418
0 0 0.487472 0.047166 0.017677 0.001244 0.446441
0 0 0.556036 0.092123 0.032827 0.001326 0.317689
4 1 0.062058 0.040897 0.008770 0.000074 0.888201
4 1 0.067287 0.065907 0.041582 0.004077 0.821147
4 1 0.024691 0.137947 0.145297 0.001849 0.690216
4 1 0.010775 0.310986 0.271827 0.000147 0.406266
4 1 0.030784 0.158648 0.207367 0.007815 0.595387
4 1 0.019585 0.050844 0.234399 0.313372 0.381800
2 1 0.013032 0.112823 0.546286 0.058572 0.269287
2 2 0.054978 0.289005 0.622434 0.002654 0.030929
2 2 0.008119 0.136379 0.727860 0.018962 0.108680
4 2 0.110368 0.224739 0.295925 0.005685 0.363282
0 4 0.439562 0.175763 0.042282 0.000046 0.342348
4 4 0.168029 0.227918 0.089583 0.000339 0.514132
2 2 0.020354 0.274419 0.530776 0.005518 0.168934
2 2 0.015855 0.196454 0.594221 0.023048 0.170421
3 3 0.003316 0.015039 0.321771 0.614778 0.045096
2 3 0.001546 0.040765 0.726391 0.185905 0.045393
2 3 0.005147 0.047374 0.557577 0.225693 0.164209
2 3 0.006601 0.078567 0.623805 0.138542 0.152485
2 3 0.000011 0.004652 0.982037 0.012994 0.000304
2 3 0.000441 0.010828 0.799534 0.187807 0.001390
2 3 0.000969 0.033007 0.826619 0.124730 0.014675
2 3 0.001124 0.017974 0.869674 0.109877 0.001350
2 3 0.017809 0.074400 0.811508 0.090582 0.005701
2 3 0.017254 0.094300 0.859530 0.025867 0.003050
2 3 0.006444 0.067396 0.829047 0.087498 0.009614
2 2 0.011132 0.289911 0.391386 0.000777 0.306794
2 2 0.010613 0.271215 0.508043 0.001025 0.209104
2 2 0.011855 0.084610 0.482111 0.131828 0.289596
2 2 0.085923 0.208748 0.487190 0.037523 0.180616
2 2 0.039953 0.166702 0.773422 0.007892 0.012031
4 2 0.130546 0.296452 0.090954 0.000079 0.481968
0 2 0.439863 0.369849 0.130758 0.000278 0.059253
4 2 0.285445 0.232029 0.114936 0.001300 0.366290
4 2 0.041099 0.164807 0.374573 0.021090 0.398432
4 2 0.043687 0.225877 0.103256 0.000339 0.626841
1 2 0.028795 0.357840 0.353605 0.000423 0.259336
1 2 0.100437 0.388488 0.287256 0.000632 0.223187
4 2 0.043365 0.176358 0.118753 0.000774 0.660749
2 2 0.011631 0.239268 0.579100 0.001525 0.168476
4 2 0.066348 0.343590 0.186033 0.000625 0.403403
4 2 0.038135 0.192057 0.184153 0.003849 0.581806
4 2 0.026302 0.289458 0.262438 0.001579 0.420222
2 2 0.007429 0.131201 0.731573 0.035194 0.094602
1 2 0.055512 0.403364 0.339409 0.000807 0.200908
1 2 0.047909 0.395983 0.280468 0.000486 0.275153
3 2 0.008420 0.022032 0.207077 0.682810 0.079660
2 2 0.046715 0.128504 0.693123 0.106354 0.025304
1 2 0.252681 0.402623 0.231658 0.001523 0.111514
1 2 0.274606 0.409244 0.223560 0.001094 0.091497
1 2 0.210178 0.326063 0.316229 0.005433 0.142098
2 2 0.005828 0.094443 0.847740 0.032788 0.019200
2 2 0.101751 0.282478 0.410873 0.012609 0.192290
2 2 0.075190 0.239062 0.657873 0.007045 0.020830
4 2 0.069261 0.299400 0.274850 0.002281 0.354207
4 2 0.043204 0.300331 0.250710 0.001253 0.404502
4 1 0.061483 0.168441 0.134103 0.005730 0.630243
4 1 0.027524 0.046768 0.131830 0.053806 0.740071
4 1 0.050700 0.171189 0.050934 0.000099 0.727078
4 1 0.050656 0.264040 0.180757 0.000960 0.503586
1 1 0.062483 0.409814 0.266923 0.000440 0.260340
4 1 0.117129 0.088289 0.070131 0.003143 0.721308
4 4 0.039664 0.140890 0.059959 0.000176 0.759311
4 4 0.056242 0.133246 0.067567 0.000972 0.741973
3 4 0.000804 0.004244 0.127384 0.834429 0.033139
3 2 0.003794 0.008165 0.088946 0.831960 0.067135
3 3 0.000046 0.000107 0.016150 0.983374 0.000323
3 3 0.003731 0.018728 0.236599 0.658593 0.082349
2 3 0.002566 0.051690 0.823542 0.109369 0.012833
2 3 0.002606 0.089194 0.874429 0.013511 0.020260
2 3 0.018953 0.129748 0.815483 0.025171 0.010645
2 3 0.084111 0.243965 0.636436 0.013613 0.021875
2 3 0.081946 0.378932 0.412540 0.003379 0.123203
4 3 0.047288 0.161040 0.079648 0.000270 0.711755
1 2 0.139095 0.487775 0.183784 0.000116 0.189229
0 2 0.434128 0.417786 0.087917 0.000024 0.060145
2 2 0.086542 0.354174 0.500563 0.003565 0.055156
4 2 0.042171 0.137694 0.213341 0.023229 0.583565
4 2 0.024867 0.081730 0.264428 0.134680 0.494295
2 3 0.000150 0.007106 0.757217 0.232418 0.003108
2 3 0.000082 0.003800 0.523534 0.467688 0.004896
2 3 0.000230 0.009800 0.806741 0.180297 0.002932
2 3 0.002848 0.030873 0.820317 0.139570 0.006392
2 3 0.000045 0.003113 0.592774 0.400865 0.003204
2 3 0.000002 0.000330 0.517350 0.482230 0.000087
2 3 0.000013 0.002384 0.711752 0.283404 0.002448
2 3 0.000235 0.013425 0.863077 0.117888 0.005375
2 3 0.000376 0.009702 0.614949 0.367634 0.007339
2 3 0.000005 0.000590 0.579761 0.419564 0.000080
3 3 0.000205 0.003669 0.374238 0.617935 0.003953
3 3 0.001221 0.014848 0.367222 0.581438 0.035270
3 3 0.000161 0.001086 0.089284 0.906459 0.003009
3 3 0.000459 0.000685 0.043826 0.954376 0.000654
3 3 0.006461 0.006224 0.043611 0.850556 0.093148
3 3 0.001479 0.003433 0.069911 0.908348 0.016830
3 3 0.000196 0.000272 0.024228 0.974884 0.000419
3 3 0.000033 0.000264 0.071294 0.928121 0.000287
3 3 0.000068 0.000167 0.050908 0.948805 0.000052
3 3 0.000055 0.000221 0.051601 0.947974 0.000149
3 3 0.000025 0.000089 0.013820 0.985442 0.000623
3 3 0.001713 0.001491 0.022501 0.951587 0.022708
3 3 0.000085 0.000177 0.015198 0.983277 0.001263
3 3 0.000107 0.000075 0.004865 0.993618 0.001335
3 3 0.000348 0.001211 0.046394 0.939469 0.012579
3 3 0.000215 0.000160 0.006654 0.989288 0.003683
3 3 0.000226 0.000379 0.024377 0.973734 0.001284
3 3 0.000280 0.000345 0.011241 0.978754 0.009380
3 3 0.001423 0.000336 0.009282 0.987451 0.001508
3 3 0.001707 0.000641 0.013720 0.979756 0.004176
3 3 0.002475 0.000308 0.005097 0.988374 0.003746
3 3 0.000660 0.000032 0.002869 0.996420 0.000019
3 3 0.002647 0.000263 0.006583 0.989766 0.000740
3 3 0.001007 0.000282 0.010209 0.987556 0.000945
3 3 0.000023 0.000018 0.003790 0.996074 0.000094
3 3 0.000186 0.000087 0.006327 0.992955 0.000444
3 3 0.000004 0.000002 0.001411 0.998577 0.000006
3 3 0.000090 0.000022 0.004749 0.995126 0.000013
3 3 0.000156 0.000053 0.006088 0.993614 0.000089
3 3 0.000575 0.000590 0.018166 0.975109 0.005560
3 3 0.000632 0.000151 0.004917 0.992568 0.001731
3 3 0.000024 0.000015 0.003458 0.996442 0.000060
3 3 0.000068 0.000036 0.005582 0.994234 0.000081
3 3 0.000185 0.000036 0.002936 0.996671 0.000172
3 3 0.000295 0.000026 0.002515 0.997121 0.000042
3 3 0.000097 0.000010 0.001584 0.998293 0.000017
3 3 0.000015 0.000005 0.001367 0.998584 0.000030
3 3 0.000228 0.000181 0.021160 0.978330 0.000101
3 3 0.002580 0.000408 0.010036 0.985908 0.001067
3 3 0.000278 0.000040 0.002380 0.997011 0.000291
3 3 0.000122 0.000015 0.002502 0.997345 0.000016
3 3 0.001788 0.000400 0.004892 0.973144 0.019775
3 3 0.000432 0.000139 0.006008 0.992349 0.001072
3 3 0.000107 0.000039 0.003991 0.995669 0.000193
3 3 0.000849 0.000080 0.001736 0.994357 0.002978
3 3 0.000313 0.000068 0.002441 0.995097 0.002081
3 3 0.000501 0.000104 0.002165 0.988576 0.008655
3 3 0.000294 0.000028 0.001296 0.997879 0.000504
3 3 0.000034 0.000023 0.002995 0.996625 0.000323
3 3 0.000040 0.000010 0.001696 0.998192 0.000062
3 3 0.000016 0.000002 0.000534 0.999421 0.000027
3 3 0.000012 0.000004 0.001134 0.998797 0.000052
3 3 0.000040 0.000037 0.007414 0.992436 0.000074
3 3 0.000598 0.000062 0.003526 0.995663 0.000151
3 3 0.006086 0.000450 0.008920 0.983871 0.000673
3 3 0.003664 0.000198 0.002680 0.990279 0.003179
3 3 0.001325 0.000078 0.002689 0.995605 0.000303
3 3 0.003535 0.000884 0.014667 0.976685 0.004229
3 3 0.002578 0.000419 0.010834 0.985252 0.000916
3 3 0.002405 0.000293 0.005334 0.989236 0.002731
3 3 0.001556 0.000394 0.013760 0.983635 0.000654
3 3 0.000188 0.000038 0.004587 0.995143 0.000045
3 3 0.002569 0.000089 0.002832 0.994341 0.000169
3 3 0.000352 0.000029 0.002122 0.997413 0.000083
3 3 0.000727 0.000114 0.007292 0.991756 0.000111
3 3 0.000055 0.000027 0.006461 0.993436 0.000021
3 3 0.000131 0.000056 0.006602 0.993107 0.000104
3 3 0.000681 0.000161 0.007056 0.991537 0.000565
3 3 0.000351 0.000065 0.001720 0.993149 0.004715
3 3 0.000327 0.000048 0.002305 0.996762 0.000558
3 3 0.000530 0.000727 0.018107 0.965992 0.014643
3 3 0.001331 0.000156 0.005104 0.992830 0.000579
3 3 0.005685 0.000662 0.004163 0.942785 0.046705
3 3 0.004331 0.000480 0.004069 0.969930 0.021190
3 3 0.000021 0.000007 0.001531 0.998373 0.000068
3 3 0.001168 0.000611 0.011797 0.976362 0.010062
3 3 0.005743 0.000894 0.012605 0.977093 0.003665
3 3 0.008515 0.000440 0.006651 0.983356 0.001037
3 3 0.000031 0.000010 0.001476 0.998353 0.000129
3 3 0.003201 0.000339 0.005848 0.988257 0.002356
3 3 0.002921 0.000143 0.001943 0.991401 0.003592
3 3 0.002165 0.000085 0.001988 0.995164 0.000598
3 3 0.003671 0.000640 0.006007 0.966908 0.022774
3 3 0.000169 0.000044 0.002814 0.996470 0.000503
3 3 0.007160 0.001198 0.010354 0.964392 0.016896
3 3 0.000408 0.000097 0.003072 0.993707 0.002716
3 3 0.000350 0.000069 0.006902 0.992626 0.000052
3 3 0.002189 0.000517 0.008984 0.983074 0.005236
3 3 0.000169 0.000030 0.002577 0.997066 0.000158
3 3 0.000233 0.000048 0.001922 0.996102 0.001696
3 3 0.000053 0.000019 0.002496 0.997305 0.000128
3 3 0.000361 0.000040 0.001720 0.997245 0.000635
3 3 0.000249 0.000029 0.002309 0.997299 0.000113
3 3 0.000321 0.000069 0.003220 0.995596 0.000795
3 3 0.003267 0.000309 0.005292 0.988915 0.002218
3 3 0.000086 0.000079 0.013694 0.986075 0.000066
3 3 0.001283 0.001109 0.028164 0.964559 0.004885
3 3 0.000566 0.000666 0.026407 0.969827 0.002533
3 3 0.000187 0.000317 0.013343 0.979525 0.006628
3 3 0.000234 0.000919 0.046299 0.947624 0.004925
3 3 0.000789 0.001547 0.050992 0.941316 0.005356
3 3 0.001008 0.002828 0.062869 0.904678 0.028616
3 3 0.000075 0.000177 0.015615 0.982756 0.001377
3 3 0.000071 0.000106 0.008599 0.989793 0.001430
3 3 0.000530 0.001165 0.032171 0.952650 0.013484
3 3 0.000295 0.000535 0.018600 0.971460 0.009110
3 3 0.000212 0.000362 0.018051 0.978019 0.003356
3 3 0.001655 0.002599 0.048502 0.931468 0.015776
3 3 0.000422 0.000085 0.007878 0.991556 0.000059
3 3 0.001018 0.001500 0.028837 0.947572 0.021073
3 3 0.001383 0.000592 0.015776 0.979716 0.002533
3 3 0.000442 0.000645 0.025752 0.969666 0.003495
3 3 0.005376 0.007022 0.103294 0.867072 0.017236
3 3 0.037788 0.014278 0.102791 0.824910 0.020232
3 3 0.000510 0.001202 0.034328 0.951009 0.012951
3 3 0.010820 0.042596 0.316708 0.368130 0.261746
4 1 0.024004 0.114264 0.255542 0.033555 0.572635
4 1 0.029878 0.028925 0.089672 0.165986 0.685539
4 1 0.035042 0.034755 0.050596 0.016782 0.862825
4 1 0.034433 0.086983 0.079604 0.002672 0.796309
4 1 0.051236 0.039795 0.052860 0.031061 0.825049
4 1 0.030795 0.019904 0.069708 0.268511 0.611083
4 1 0.026091 0.063516 0.170525 0.044550 0.695318
2 1 0.010714 0.121257 0.477599 0.026567 0.363863
2 1 0.012665 0.250744 0.369683 0.001814 0.365095
4 4 0.028757 0.123311 0.106893 0.001302 0.739737
4 4 0.017678 0.107643 0.298382 0.030917 0.545380
4 4 0.031923 0.073786 0.054252 0.001011 0.839028
4 4 0.034043 0.050332 0.030946 0.000690 0.883989
4 4 0.071045 0.030040 0.011406 0.000952 0.886557
4 4 0.069949 0.094106 0.093653 0.023353 0.718939
4 4 0.019541 0.094966 0.374501 0.083288 0.427704
4 4 0.044521 0.062728 0.063484 0.007597 0.821671
4 4 0.070161 0.029888 0.022064 0.010566 0.867321
4 4 0.053882 0.052193 0.030974 0.001862 0.861088
4 4 0.027190 0.052914 0.070877 0.006824 0.842196
4 4 0.030979 0.083066 0.137250 0.013494 0.735211
4 4 0.023313 0.071100 0.140242 0.012445 0.752900
4 4 0.045330 0.008781 0.004094 0.001023 0.940773
4 4 0.018171 0.134702 0.326701 0.016577 0.503849
4 4 0.028823 0.101415 0.125408 0.005171 0.739184
2 4 0.051743 0.309498 0.404720 0.005114 0.228924
2 4 0.016324 0.303288 0.342640 0.001319 0.336429
4 4 0.015316 0.163940 0.386793 0.010029 0.423922
4 4 0.068443 0.028082 0.022720 0.014227 0.866529
4 2 0.055694 0.118967 0.181337 0.071772 0.572229
3 2 0.015367 0.045849 0.244595 0.432639 0.261550
2 2 0.006702 0.058987 0.467321 0.222092 0.244899
2 2 0.021570 0.094699 0.343750 0.236495 0.303486
4 2 0.021263 0.143511 0.218338 0.005410 0.611478
4 2 0.025808 0.130282 0.184303 0.006564 0.653044
4 2 0.062254 0.136977 0.224891 0.036521 0.539357
3 4 0.017416 0.028678 0.146636 0.532200 0.275069
3 2 0.001533 0.012421 0.274860 0.665111 0.046075
4 2 0.039044 0.088918 0.086827 0.004698 0.780513
2 2 0.008218 0.232745 0.578194 0.005211 0.175633
2 2 0.068375 0.228433 0.543308 0.022487 0.137397
4 2 0.029304 0.184818 0.295734 0.010419 0.479725
1 2 0.225488 0.302210 0.233785 0.003753 0.234763
0 2 0.680341 0.159621 0.112462 0.006786 0.040790
2 2 0.007845 0.055552 0.607384 0.291418 0.037801
2 2 0.000885 0.031184 0.796134 0.148058 0.023738
3 2 0.004435 0.017943 0.199972 0.697384 0.080266
2 2 0.006696 0.111993 0.665841 0.099412 0.116058
2 2 0.013879 0.248458 0.660444 0.003886 0.073333
1 2 0.160987 0.342025 0.294585 0.005137 0.197266
1 2 0.190296 0.392377 0.132168 0.000519 0.284641
4 2 0.036795 0.333001 0.242912 0.000551 0.386740
4 2 0.024583 0.329070 0.213433 0.000362 0.432552
2 2 0.013705 0.082899 0.423407 0.249383 0.230605
3 2 0.001697 0.021190 0.436730 0.472507 0.067876
3 2 0.006377 0.037115 0.339275 0.488613 0.128621
2 2 0.001201 0.068698 0.836652 0.036575 0.056874
2 2 0.010588 0.123090 0.576137 0.061601 0.228584
3 2 0.002333 0.016768 0.282497 0.642057 0.056344
2 2 0.002873 0.050277 0.644646 0.237352 0.064852
2 2 0.003804 0.056337 0.695590 0.195307 0.048962
2 2 0.007539 0.185895 0.708591 0.006607 0.091368
1 2 0.104607 0.342421 0.341986 0.007864 0.203122
2 2 0.001111 0.029005 0.727388 0.216265 0.026231
2 2 0.000331 0.012504 0.632001 0.327314 0.027850
2 2 0.001760 0.044264 0.739094 0.121425 0.093458
2 2 0.009684 0.139210 0.674684 0.037274 0.139147
2 2 0.000978 0.022036 0.833547 0.138954 0.004485
2 2 0.000159 0.004023 0.569524 0.425455 0.000839
2 2 0.000556 0.008597 0.528898 0.456513 0.005436
2 2 0.001673 0.032518 0.739191 0.195802 0.030815
4 2 0.025869 0.185272 0.312701 0.012261 0.463897
2 2 0.001079 0.018630 0.491190 0.447009 0.042092
2 2 0.000116 0.005261 0.507936 0.477046 0.009642
2 2 0.009232 0.193674 0.716493 0.003410 0.077192
2 2 0.000905 0.029460 0.721469 0.209460 0.038706
2 2 0.001771 0.057121 0.893555 0.032076 0.015476
2 2 0.002953 0.079895 0.885245 0.012803 0.019104
2 2 0.006830 0.051745 0.656629 0.268674 0.016121
2 2 0.002512 0.027839 0.499877 0.437541 0.032231
3 2 0.002439 0.012534 0.244777 0.701259 0.038991
2 2 0.001506 0.029603 0.788352 0.171624 0.008915
2 2 0.000320 0.005088 0.546209 0.447170 0.001212
2 2 0.001537 0.026778 0.592168 0.328193 0.051323
2 2 0.000944 0.027118 0.679828 0.255227 0.036883
2 2 0.007215 0.058326 0.853528 0.064938 0.015993
2 2 0.001834 0.035776 0.871745 0.083364 0.007280
2 2 0.000259 0.006711 0.657454 0.333526 0.002049
2 2 0.003064 0.072782 0.899947 0.014793 0.009414
3 2 0.011255 0.038345 0.379680 0.516918 0.053802
3 2 0.005843 0.021395 0.315097 0.637416 0.020249
3 3 0.001319 0.005858 0.124987 0.833575 0.034262
2 3 0.008170 0.075403 0.577499 0.154390 0.184537
2 3 0.005721 0.097275 0.741124 0.092256 0.063625
3 3 0.002632 0.013200 0.199657 0.731921 0.052591
4 3 0.025313 0.054218 0.215683 0.347113 0.357673
2 3 0.001951 0.040201 0.662331 0.255867 0.039650
2 3 0.003319 0.023005 0.480220 0.464773 0.028682
4 3 0.065289 0.083712 0.133206 0.066706 0.651087
3 3 0.004848 0.028987 0.329189 0.550455 0.086522
3 3 0.001229 0.017260 0.429132 0.515566 0.036813
2 3 0.001043 0.025882 0.721414 0.229498 0.022162
2 3 0.000776 0.026362 0.718564 0.213501 0.040797
2 3 0.023334 0.148110 0.693528 0.059795 0.075234
2 3 0.003153 0.034258 0.898438 0.063126 0.001025
2 3 0.011334 0.136750 0.687159 0.035272 0.129485
2 3 0.011483 0.042343 0.654482 0.285363 0.006330
2 3 0.003407 0.051064 0.836211 0.094156 0.015162
2 3 0.012842 0.093282 0.793241 0.074703 0.025931
2 2 0.001644 0.023864 0.705724 0.263511 0.005257
2 2 0.000374 0.007013 0.794313 0.197865 0.000435
2 2 0.000098 0.004599 0.929396 0.065841 0.000067
2 2 0.000032 0.001029 0.613231 0.385662 0.000046
3 2 0.001710 0.007702 0.453766 0.535763 0.001059
2 2 0.003221 0.018187 0.705231 0.272173 0.001189
2 2 0.000218 0.012164 0.923102 0.063596 0.000921
2 2 0.000796 0.016822 0.724053 0.254003 0.004326
2 3 0.000884 0.006502 0.505196 0.486828 0.000589
2 3 0.001233 0.013760 0.497393 0.475578 0.012037
2 3 0.001054 0.013874 0.828901 0.155662 0.000510
3 3 0.003495 0.015283 0.367774 0.604613 0.008835
2 3 0.000820 0.013206 0.562594 0.416637 0.006744
2 3 0.025267 0.029327 0.497775 0.436376 0.011256
2 3 0.003115 0.027355 0.684255 0.278040 0.007235
2 3 0.000390 0.015521 0.896660 0.085946 0.001483
3 3 0.000122 0.002161 0.265838 0.729648 0.002231
3 3 0.003149 0.006288 0.179767 0.806116 0.004681
2 3 0.019497 0.066029 0.551009 0.339769 0.023696
3 3 0.003035 0.022049 0.390844 0.548914 0.035157
3 3 0.004931 0.012524 0.378918 0.600559 0.003068
2 3 0.006248 0.037616 0.562670 0.354717 0.038750
2 3 0.049196 0.132153 0.615919 0.144202 0.058530
3 3 0.030996 0.024759 0.275388 0.654042 0.014815
3 3 0.000181 0.002832 0.204981 0.781111 0.010895
2 3 0.002838 0.053849 0.867344 0.068483 0.007486
2 3 0.044300 0.248918 0.485278 0.025660 0.195844
3 3 0.007412 0.036853 0.353838 0.403976 0.197921
3 3 0.006150 0.037638 0.351399 0.474063 0.130750
2 3 0.021503 0.078982 0.372080 0.244316 0.283119
2 3 0.000851 0.021245 0.598556 0.353506 0.025842
2 3 0.013408 0.143839 0.793870 0.019942 0.028941
1 3 0.187003 0.411107 0.368590 0.000714 0.032586
2 3 0.036217 0.193494 0.713282 0.027756 0.029251
2 2 0.004632 0.083649 0.859538 0.038862 0.013319
4 2 0.040712 0.145284 0.165470 0.007786 0.640749
2 2 0.004494 0.061660 0.617001 0.206872 0.109973
2 2 0.003462 0.057644 0.641164 0.213554 0.084177
3 2 0.001842 0.017511 0.363621 0.582256 0.034770
3 2 0.005518 0.022556 0.222440 0.655773 0.093714
2 3 0.082017 0.301195 0.514798 0.014443 0.087547
2 3 0.027376 0.204123 0.699025 0.010404 0.059072
1 3 0.180376 0.322989 0.302005 0.011353 0.183278
3 3 0.002158 0.016962 0.304258 0.608967 0.067655
2 3 0.000830 0.016360 0.638918 0.335496 0.008396
4 3 0.028252 0.257109 0.273450 0.003395 0.437795
4 3 0.126229 0.144372 0.124045 0.036905 0.568450
4 0 0.183000 0.267723 0.253923 0.006439 0.288916
1 1 0.253987 0.462805 0.214436 0.000209 0.068562
4 1 0.034764 0.198208 0.237602 0.005762 0.523663
2 1 0.022534 0.133843 0.726897 0.076109 0.040617
3 1 0.006140 0.027147 0.253222 0.607949 0.105542
2 1 0.009997 0.097851 0.858916 0.026383 0.006854
2 1 0.084855 0.256227 0.605612 0.019994 0.033312
1 1 0.143310 0.474574 0.258214 0.000310 0.123593
2 1 0.025828 0.321610 0.460209 0.002993 0.189361
4 1 0.054900 0.165083 0.177283 0.016450 0.586284
2 1 0.003386 0.057897 0.680942 0.139795 0.117981
2 1 0.012696 0.182078 0.677428 0.025688 0.102110
2 1 0.006331 0.084669 0.567355 0.113373 0.228273
4 1 0.021377 0.085405 0.141718 0.007564 0.743937
4 2 0.015999 0.189213 0.330859 0.003845 0.460084
4 2 0.033375 0.174658 0.099549 0.000384 0.692034
4 2 0.022768 0.152699 0.268628 0.008364 0.547541
4 4 0.020416 0.077515 0.106525 0.003307 0.792238
4 4 0.028336 0.121966 0.060054 0.000151 0.789494
4 4 0.053660 0.029787 0.012369 0.000638 0.903545
4 4 0.052789 0.015068 0.006942 0.001164 0.924037
4 4 0.026070 0.002100 0.002589 0.015660 0.953581
0 4 0.900627 0.045206 0.015435 0.000425 0.038307
4 4 0.383340 0.138616 0.025872 0.000132 0.452040
4 4 0.029330 0.226722 0.122042 0.000227 0.621679
4 4 0.034872 0.099010 0.103412 0.004448 0.758258
4 4 0.030875 0.078733 0.048858 0.000487 0.841047
4 4 0.076348 0.155450 0.248931 0.025301 0.493970
2 4 0.011153 0.170371 0.592146 0.006578 0.219752
4 4 0.291055 0.122486 0.050161 0.002508 0.533789
0 4 0.368067 0.137983 0.195233 0.090833 0.207884
4 4 0.026464 0.188598 0.107094 0.000209 0.677635
4 4 0.012211 0.175388 0.240555 0.000909 0.570938
4 4 0.040613 0.133290 0.086003 0.001030 0.739063
4 4 0.021869 0.089427 0.089180 0.001146 0.798379
4 4 0.038858 0.038560 0.029226 0.001863 0.891493
4 4 0.020000 0.176522 0.245546 0.002326 0.555607
4 4 0.038726 0.070350 0.044811 0.000989 0.845123
4 4 0.035760 0.038752 0.036468 0.004088 0.884932
4 4 0.067785 0.134975 0.048621 0.000443 0.748176
4 4 0.039642 0.076552 0.096106 0.009766 0.777934
4 4 0.039577 0.156404 0.100159 0.000927 0.702933
4 4 0.118063 0.056873 0.100226 0.177607 0.547231
4 4 0.061875 0.023714 0.013693 0.003356 0.897361
4 4 0.044802 0.014456 0.008369 0.001782 0.930590
4 4 0.049915 0.062053 0.039028 0.001582 0.847421
4 4 0.278491 0.269412 0.171228 0.001540 0.279329
4 4 0.032950 0.082881 0.080166 0.002964 0.801039
4 4 0.020997 0.113322 0.161688 0.003961 0.700032
4 4 0.027275 0.095777 0.141032 0.006430 0.729486
4 4 0.045297 0.033568 0.033346 0.007877 0.879912
4 4 0.042795 0.080583 0.100105 0.010212 0.766305
4 4 0.043252 0.010903 0.010871 0.013369 0.921605
4 4 0.031950 0.027773 0.008807 0.000065 0.931405
4 4 0.022546 0.112555 0.044818 0.000039 0.820041
4 4 0.027303 0.055662 0.058022 0.002667 0.856345
4 4 0.046538 0.009419 0.004490 0.001152 0.938402
4 4 0.045226 0.012500 0.007279 0.001486 0.933508
4 4 0.054138 0.014140 0.003740 0.000169 0.927812
4 4 0.043144 0.013733 0.006318 0.000715 0.936090
4 4 0.038817 0.026466 0.010764 0.000269 0.923685
4 4 0.059862 0.018737 0.011176 0.003798 0.906428
1 4 0.196868 0.424665 0.198982 0.000824 0.178662
2 4 0.171528 0.266148 0.281981 0.043897 0.236446
4 4 0.043040 0.037390 0.072253 0.058724 0.788593
4 4 0.028517 0.023457 0.025018 0.004328 0.918680
4 4 0.060948 0.029279 0.014034 0.001467 0.894271
4 4 0.018298 0.092517 0.394404 0.097088 0.397693
4 4 0.035966 0.019375 0.038839 0.042435 0.863385
4 4 0.036005 0.040719 0.013889 0.000099 0.909288
4 4 0.031040 0.046358 0.022916 0.000252 0.899434
4 4 0.056300 0.044667 0.048035 0.021017 0.829981
4 1 0.037790 0.068871 0.088031 0.012602 0.792707
4 1 0.024788 0.092469 0.154182 0.008417 0.720144
4 1 0.055476 0.050038 0.069331 0.009356 0.815799
1 1 0.270422 0.313139 0.213216 0.002352 0.200870
1 1 0.157105 0.471423 0.240997 0.000322 0.130153
0 1 0.437239 0.300265 0.108365 0.000598 0.153534
1 1 0.229576 0.358062 0.154027 0.000788 0.257547
4 1 0.025327 0.291403 0.132762 0.000088 0.550420
4 1 0.068477 0.265947 0.123374 0.000209 0.541993
1 1 0.181067 0.462547 0.226521 0.000379 0.129485
2 1 0.022155 0.368496 0.394428 0.000540 0.214380
4 1 0.028043 0.127872 0.101911 0.000788 0.741386
4 1 0.030255 0.303908 0.169032 0.000311 0.496494
4 1 0.027644 0.132549 0.161524 0.003509 0.674774
4 1 0.029794 0.127167 0.124275 0.002248 0.716515
2 2 0.011400 0.308433 0.350254 0.000409 0.329504
2 2 0.002872 0.072986 0.735840 0.055394 0.132908
4 2 0.046918 0.134078 0.175705 0.023447 0.619852
2 2 0.007391 0.132017 0.570944 0.018789 0.270860
4 2 0.037728 0.141125 0.231780 0.032024 0.557343
4 2 0.041330 0.109464 0.167101 0.030601 0.651504
4 2 0.028362 0.263016 0.274599 0.003231 0.430792
4 2 0.035076 0.138467 0.102526 0.001183 0.722747
0 2 0.540132 0.153081 0.030896 0.000195 0.275696
1 2 0.122738 0.344031 0.198709 0.000705 0.333817
2 2 0.018196 0.101844 0.411762 0.230441 0.237757
2 2 0.017017 0.149880 0.433967 0.059574 0.339562
2 2 0.012914 0.122193 0.466478 0.075954 0.322461
2 2 0.014737 0.137743 0.516542 0.084328 0.246651
4 2 0.025418 0.306933 0.288907 0.001824 0.376919
2 2 0.005801 0.079014 0.598509 0.067741 0.248935
