0 0 0.962652 0.017193 0.005500 0.000018 0.014637
0 0 0.906883 0.048061 0.012888 0.000058 0.032110
0 0 0.972530 0.001376 0.000613 0.000001 0.025480
0 0 0.920354 0.000475 0.000333 0.000000 0.078837
0 0 0.725429 0.008108 0.007633 0.000105 0.258725
0 0 0.909893 0.069215 0.015123 0.000068 0.005702
0 0 0.850158 0.116910 0.026295 0.000181 0.006456
0 0 0.692402 0.255499 0.047986 0.000465 0.003648
0 0 0.821085 0.105782 0.040983 0.000646 0.031504
0 0 0.638693 0.188066 0.098607 0.004282 0.070352
0 0 0.988161 0.011098 0.000579 0.000000 0.000162
0 0 0.829682 0.142284 0.024839 0.000131 0.003064
0 0 0.898763 0.080007 0.016386 0.000073 0.004770
0 0 0.896655 0.063056 0.020866 0.000173 0.019249
0 0 0.919093 0.040835 0.015014 0.000110 0.024948
0 0 0.892160 0.089000 0.015695 0.000060 0.003085
0 0 0.602948 0.274729 0.097258 0.002975 0.022090
0 0 0.699096 0.243308 0.051470 0.000578 0.005548
1 1 0.314446 0.511259 0.095801 0.000100 0.078394
0 1 0.343604 0.328242 0.049554 0.000141 0.278459
4 1 0.001263 0.144391 0.019828 0.000002 0.834515
4 4 0.023865 0.137684 0.058325 0.000017 0.780109
2 4 0.003915 0.159286 0.485975 0.001540 0.349283
1 4 0.012228 0.475281 0.269962 0.000034 0.242496
4 4 0.013169 0.152212 0.025944 0.000014 0.808660
4 4 0.004294 0.323235 0.174262 0.002979 0.495230
4 4 0.007435 0.226853 0.094095 0.000107 0.671508
4 4 0.008993 0.060036 0.043284 0.000005 0.887682
4 4 0.002881 0.086434 0.030570 0.000081 0.880034
4 4 0.012409 0.053996 0.008306 0.000003 0.925286
4 4 0.000651 0.123055 0.092683 0.000041 0.783570
4 4 0.001345 0.040722 0.027433 0.000012 0.930489
4 4 0.036370 0.211855 0.060493 0.004078 0.687204
4 4 0.005603 0.130317 0.023203 0.000048 0.840829
4 4 0.027414 0.073635 0.038402 0.000035 0.860515
4 4 0.198683 0.033632 0.005013 0.000012 0.762660
4 4 0.425727 0.022365 0.002496 0.000002 0.549410
4 4 0.119831 0.029346 0.003411 0.000006 0.847406
4 4 0.027214 0.011348 0.000693 0.000000 0.960744
4 4 0.003219 0.007213 0.000735 0.000001 0.988832
4 4 0.031532 0.159285 0.135719 0.000254 0.673211
4 4 0.011076 0.217363 0.048427 0.000192 0.722942
4 4 0.001560 0.165337 0.134389 0.000039 0.698675
2 4 0.001344 0.274827 0.428669 0.002206 0.292954
4 4 0.001262 0.172877 0.166646 0.000229 0.658986
4 4 0.003498 0.197448 0.029065 0.000179 0.769810
4 4 0.002105 0.143819 0.292036 0.000132 0.561908
4 4 0.007388 0.295474 0.240250 0.017401 0.439487
4 4 0.002994 0.263849 0.049621 0.000687 0.682849
2 4 0.005152 0.354365 0.438514 0.000696 0.201273
2 4 0.003021 0.050925 0.738713 0.145038 0.062302
2 4 0.000668 0.011320 0.720950 0.252195 0.014866
2 4 0.000006 0.000827 0.991098 0.008023 0.000046
2 4 0.001247 0.123749 0.790609 0.008250 0.076144
2 4 0.003273 0.023582 0.944624 0.006221 0.022300
2 2 0.001176 0.003294 0.566773 0.427004 0.001752
2 2 0.000730 0.007250 0.908269 0.075864 0.007886
2 2 0.000872 0.012298 0.664331 0.314304 0.008196
2 2 0.001767 0.004479 0.622821 0.369511 0.001422
2 2 0.000105 0.001971 0.907948 0.089698 0.000279
2 2 0.004292 0.003178 0.538586 0.452658 0.001286
3 2 0.005391 0.004078 0.088985 0.897211 0.004334
3 2 0.005368 0.003543 0.064189 0.922152 0.004748
3 3 0.009321 0.000944 0.038955 0.947792 0.002988
2 3 0.030891 0.023849 0.610494 0.330481 0.004285
3 3 0.024943 0.058916 0.202586 0.681405 0.032151
3 3 0.001840 0.007922 0.162555 0.824752 0.002931
3 3 0.000856 0.002812 0.082488 0.912864 0.000981
3 3 0.000078 0.000813 0.140591 0.858330 0.000188
3 3 0.000075 0.000205 0.025793 0.973867 0.000060
3 3 0.004107 0.006320 0.277665 0.709607 0.002300
3 3 0.000474 0.001206 0.038211 0.959639 0.000469
3 3 0.000267 0.000945 0.078761 0.919869 0.000157
3 3 0.001125 0.002524 0.100923 0.895085 0.000342
3 3 0.001785 0.002670 0.038317 0.956112 0.001117
3 3 0.000557 0.000587 0.016588 0.982020 0.000246
3 3 0.004511 0.003792 0.054316 0.934622 0.002759
3 3 0.013979 0.015406 0.116290 0.851475 0.002850
3 3 0.019690 0.004944 0.084320 0.888083 0.002963
3 3 0.000119 0.000089 0.005663 0.994110 0.000019
3 3 0.000148 0.000070 0.005464 0.994280 0.000038
3 3 0.005416 0.002400 0.048074 0.941374 0.002735
3 3 0.001025 0.000424 0.017061 0.981125 0.000366
3 3 0.000441 0.000306 0.012330 0.986761 0.000161
3 3 0.011634 0.003295 0.064566 0.917559 0.002947
3 3 0.000122 0.000241 0.017047 0.982518 0.000072
3 3 0.000288 0.000324 0.011336 0.987938 0.000115
3 3 0.000386 0.000200 0.010193 0.989097 0.000124
3 3 0.000143 0.000144 0.007074 0.992592 0.000048
3 3 0.001427 0.000694 0.022166 0.975324 0.000388
3 3 0.000718 0.000305 0.013853 0.984882 0.000242
3 3 0.000209 0.000224 0.009153 0.990337 0.000077
3 3 0.000076 0.000070 0.004652 0.995180 0.000022
3 3 0.000369 0.000310 0.013892 0.985278 0.000151
3 3 0.000536 0.000478 0.015222 0.983543 0.000222
3 3 0.000604 0.000354 0.014035 0.984787 0.000220
3 3 0.000195 0.000197 0.008573 0.990966 0.000070
3 3 0.000249 0.000273 0.010269 0.989114 0.000096
3 3 0.000290 0.000326 0.014783 0.984469 0.000132
3 3 0.000498 0.000609 0.016360 0.982306 0.000227
3 3 0.002311 0.000857 0.026911 0.969359 0.000561
3 3 0.000166 0.000171 0.007823 0.991782 0.000058
3 3 0.010990 0.002849 0.060468 0.925191 0.000502
3 3 0.011379 0.005908 0.079201 0.902213 0.001300
3 3 0.007655 0.016991 0.106997 0.859377 0.008981
3 3 0.023876 0.063608 0.319138 0.491286 0.102092
2 3 0.091759 0.063142 0.548803 0.277709 0.018587
2 3 0.002801 0.014656 0.630065 0.351798 0.000680
3 3 0.000539 0.001507 0.099041 0.898658 0.000255
2 2 0.004434 0.004177 0.937876 0.053155 0.000358
0 2 0.401381 0.103409 0.280499 0.156666 0.058045
0 0 0.987065 0.008937 0.001612 0.000001 0.002384
1 0 0.340813 0.533429 0.094882 0.001724 0.029151
4 1 0.100195 0.210701 0.028065 0.000261 0.660779
2 1 0.012233 0.316329 0.355810 0.022708 0.292920
2 1 0.003490 0.114818 0.801827 0.045416 0.034447
3 1 0.000121 0.001900 0.278308 0.719227 0.000444
2 2 0.030682 0.078633 0.505195 0.294376 0.091114
4 2 0.031757 0.159806 0.278315 0.004923 0.525200
2 2 0.003548 0.193242 0.755183 0.006378 0.041649
2 2 0.002256 0.320183 0.632859 0.000408 0.044294
2 2 0.000776 0.102875 0.839316 0.011177 0.045856
2 2 0.000562 0.019568 0.807452 0.167472 0.004945
2 2 0.000846 0.033128 0.945859 0.016899 0.003267
2 2 0.006002 0.042727 0.936495 0.003159 0.011616
2 2 0.000099 0.030930 0.956263 0.005927 0.006781
2 2 0.003934 0.106484 0.859831 0.020556 0.009195
2 2 0.001171 0.158367 0.829605 0.000065 0.010792
2 2 0.000026 0.000764 0.992822 0.006352 0.000037
2 2 0.035555 0.120318 0.525519 0.074362 0.244246
2 2 0.000085 0.007100 0.972165 0.018509 0.002141
2 2 0.000273 0.009081 0.973870 0.015849 0.000927
2 2 0.000568 0.026148 0.950992 0.020819 0.001473
2 2 0.000459 0.003671 0.626116 0.369669 0.000084
2 2 0.002895 0.010132 0.870007 0.116218 0.000748
3 2 0.000586 0.004245 0.305872 0.687613 0.001684
2 2 0.003681 0.008430 0.625073 0.354930 0.007886
2 2 0.000408 0.014838 0.846333 0.135662 0.002759
2 2 0.000597 0.008724 0.736201 0.253229 0.001249
3 2 0.012633 0.007065 0.336632 0.640118 0.003552
2 2 0.029274 0.023698 0.515944 0.429161 0.001923
3 2 0.007104 0.006149 0.452765 0.533192 0.000790
2 2 0.002040 0.002018 0.910214 0.085511 0.000217
3 2 0.006543 0.011142 0.192948 0.788057 0.001310
3 2 0.001543 0.001861 0.411577 0.584796 0.000222
3 3 0.000031 0.000237 0.062336 0.937345 0.000051
3 3 0.000041 0.000111 0.026843 0.972969 0.000036
3 3 0.000322 0.002882 0.322269 0.674186 0.000341
3 3 0.004362 0.006889 0.160505 0.825737 0.002507
3 3 0.003972 0.000841 0.030454 0.963779 0.000954
3 3 0.000200 0.000213 0.008877 0.990637 0.000073
3 3 0.007772 0.002080 0.049721 0.936905 0.003523
3 3 0.000273 0.000304 0.010935 0.988380 0.000107
3 3 0.000184 0.000886 0.118431 0.880189 0.000311
3 3 0.012649 0.002330 0.058065 0.921427 0.005529
3 3 0.000441 0.000578 0.035402 0.963515 0.000064
3 3 0.005038 0.005612 0.113487 0.875386 0.000477
3 3 0.001679 0.001381 0.101686 0.894913 0.000342
3 3 0.003616 0.000329 0.022222 0.973742 0.000090
3 3 0.000513 0.000411 0.014250 0.984747 0.000078
3 3 0.019261 0.016541 0.128106 0.834135 0.001957
3 3 0.000337 0.000389 0.012608 0.986526 0.000140
3 3 0.000394 0.000069 0.006914 0.992536 0.000087
3 3 0.001912 0.000162 0.013921 0.983734 0.000271
3 3 0.000136 0.000093 0.005953 0.993801 0.000017
3 3 0.018827 0.005057 0.084090 0.887253 0.004772
3 3 0.000048 0.000016 0.002381 0.997546 0.000009
3 3 0.000259 0.000287 0.010560 0.988793 0.000101
3 3 0.000509 0.000625 0.016597 0.982037 0.000233
3 3 0.001416 0.001473 0.029160 0.967206 0.000745
3 3 0.000806 0.001064 0.022581 0.975135 0.000414
3 3 0.000347 0.000401 0.012843 0.986264 0.000145
3 3 0.003693 0.001088 0.032885 0.960837 0.001497
3 3 0.000091 0.000108 0.010091 0.989690 0.000020
3 3 0.000106 0.000103 0.005809 0.993949 0.000033
3 3 0.014183 0.005762 0.082440 0.889193 0.008422
3 3 0.004031 0.001828 0.040584 0.952001 0.001556
3 3 0.001925 0.000753 0.024549 0.972414 0.000360
3 3 0.000336 0.000325 0.011786 0.987422 0.000131
3 3 0.000834 0.000519 0.017486 0.980830 0.000331
3 3 0.003601 0.004078 0.052859 0.937119 0.002343
3 3 0.005817 0.002040 0.046094 0.943309 0.002741
3 3 0.002194 0.000895 0.027011 0.968996 0.000903
3 3 0.000609 0.000769 0.018715 0.979616 0.000292
3 3 0.000575 0.000181 0.010825 0.988253 0.000167
3 3 0.000048 0.000040 0.003379 0.996521 0.000012
3 3 0.000587 0.000737 0.018258 0.980140 0.000279
3 3 0.001707 0.000318 0.017378 0.980325 0.000272
3 3 0.001668 0.000878 0.025093 0.971755 0.000607
3 3 0.000476 0.000578 0.015866 0.982866 0.000214
3 3 0.001396 0.001664 0.030383 0.966051 0.000506
3 3 0.013845 0.002793 0.063299 0.913696 0.006367
3 3 0.003064 0.004996 0.054733 0.935007 0.002199
3 3 0.000930 0.000750 0.020564 0.977343 0.000413
3 3 0.003833 0.002104 0.042200 0.949913 0.001951
3 3 0.010736 0.001417 0.046684 0.937128 0.004035
3 3 0.001610 0.002369 0.035788 0.959250 0.000982
3 3 0.005939 0.003134 0.054134 0.934670 0.002123
3 3 0.001493 0.001609 0.030505 0.965590 0.000804
3 3 0.019054 0.009855 0.106384 0.851579 0.013128
3 3 0.003007 0.000657 0.026014 0.969314 0.001008
3 3 0.000995 0.000734 0.020726 0.977434 0.000110
3 3 0.001207 0.000811 0.022542 0.974911 0.000528
3 3 0.011580 0.005125 0.075479 0.901014 0.006802
3 3 0.038664 0.016143 0.146243 0.770168 0.028782
3 3 0.000862 0.000542 0.017911 0.980340 0.000345
3 3 0.018471 0.005896 0.088237 0.876866 0.010529
3 3 0.010302 0.003174 0.061879 0.919452 0.005193
3 3 0.000377 0.000442 0.013578 0.985443 0.000161
3 3 0.002368 0.003305 0.044318 0.948823 0.001185
3 3 0.002021 0.001935 0.035110 0.959827 0.001107
3 3 0.000296 0.000227 0.010015 0.989358 0.000104
3 3 0.011367 0.004445 0.071433 0.906392 0.006364
3 3 0.001274 0.001806 0.030621 0.965567 0.000733
3 3 0.003568 0.002729 0.045603 0.946084 0.002015
3 3 0.003612 0.001934 0.040354 0.952297 0.001802
3 3 0.001855 0.000868 0.025647 0.970854 0.000775
3 3 0.008484 0.003113 0.058718 0.925308 0.004378
3 3 0.000252 0.000156 0.008381 0.991131 0.000079
3 3 0.058392 0.004830 0.105710 0.816350 0.014717
3 3 0.002932 0.004747 0.053169 0.937072 0.002080
3 3 0.000433 0.000518 0.014894 0.983965 0.000191
3 3 0.000545 0.000677 0.017383 0.981141 0.000254
3 3 0.000437 0.000336 0.012727 0.986336 0.000165
3 3 0.000414 0.000190 0.010179 0.989087 0.000129
3 3 0.016367 0.002246 0.060903 0.918336 0.002148
3 3 0.000866 0.000680 0.019487 0.978592 0.000375
3 3 0.004485 0.002052 0.043423 0.947832 0.002208
3 3 0.000307 0.000349 0.011833 0.987387 0.000124
3 3 0.014170 0.010256 0.101074 0.866801 0.007699
3 3 0.000116 0.000052 0.004595 0.995209 0.000028
3 3 0.000445 0.000416 0.013829 0.985129 0.000181
3 3 0.001104 0.000622 0.020004 0.977825 0.000446
3 3 0.001257 0.001167 0.026014 0.970941 0.000621
3 3 0.001318 0.001713 0.030286 0.966079 0.000603
3 3 0.002893 0.001447 0.034417 0.959894 0.001349
3 3 0.000267 0.000034 0.004842 0.994808 0.000049
3 3 0.000253 0.000279 0.010392 0.988979 0.000098
3 3 0.001563 0.001157 0.027337 0.969200 0.000743
3 3 0.000429 0.000513 0.014803 0.984067 0.000189
3 3 0.006980 0.001440 0.042421 0.947241 0.001917
3 3 0.003613 0.006051 0.060981 0.926650 0.002704
3 3 0.002567 0.002182 0.038851 0.954989 0.001411
3 3 0.001820 0.001834 0.033570 0.961782 0.000994
3 3 0.020422 0.004603 0.082812 0.886306 0.005856
3 3 0.002962 0.001292 0.033215 0.961208 0.001322
3 3 0.015258 0.002275 0.060130 0.915914 0.006424
3 3 0.005148 0.006854 0.069319 0.914869 0.003809
3 3 0.006572 0.005793 0.069123 0.914106 0.004407
3 3 0.000921 0.000368 0.015781 0.982611 0.000318
3 3 0.007355 0.005806 0.071027 0.910962 0.004850
3 3 0.002280 0.003546 0.045054 0.947602 0.001518
3 3 0.000919 0.000732 0.020314 0.977630 0.000405
3 3 0.012236 0.011430 0.101452 0.865367 0.009515
2 3 0.242036 0.125114 0.313303 0.240004 0.079543
0 3 0.848391 0.089480 0.033456 0.000438 0.028235
0 3 0.666936 0.183453 0.098006 0.004201 0.047404
3 3 0.057779 0.099378 0.324073 0.498553 0.020216
0 3 0.851751 0.070486 0.057410 0.002251 0.018103
0 0 0.820293 0.074354 0.070264 0.003704 0.031385
0 0 0.981079 0.001948 0.002491 0.000019 0.014464
0 0 0.974403 0.021166 0.003040 0.000003 0.001388
0 0 0.386080 0.357575 0.187385 0.016916 0.052045
2 1 0.007703 0.080762 0.872109 0.035966 0.003460
2 1 0.005952 0.049514 0.892531 0.050496 0.001508
2 1 0.006633 0.175904 0.550990 0.008361 0.258111
4 4 0.193760 0.205527 0.093184 0.005616 0.501913
4 4 0.068977 0.319484 0.070810 0.002765 0.537964
2 4 0.000808 0.258530 0.418264 0.001700 0.320699
4 4 0.018076 0.261214 0.157479 0.007365 0.555866
4 4 0.003580 0.199649 0.214065 0.001022 0.581684
4 4 0.012711 0.102480 0.096870 0.000703 0.787237
4 4 0.013609 0.156794 0.127283 0.002556 0.699758
4 4 0.002323 0.308811 0.296136 0.002555 0.390176
4 4 0.006470 0.308217 0.294464 0.007184 0.383664
4 4 0.008426 0.051527 0.026458 0.000102 0.913486
4 4 0.002154 0.206977 0.196137 0.000616 0.594116
2 4 0.004132 0.304222 0.369507 0.006585 0.315554
4 4 0.023732 0.242926 0.219048 0.009161 0.505134
4 4 0.001361 0.151371 0.165216 0.000193 0.681860
2 4 0.002591 0.035073 0.919192 0.030591 0.012554
2 4 0.011978 0.047325 0.895514 0.034753 0.010430
1 0 0.156580 0.351543 0.318026 0.002908 0.170944
2 1 0.001575 0.120767 0.834031 0.009999 0.033628
2 1 0.003785 0.056922 0.881732 0.033911 0.023650
2 1 0.001717 0.259127 0.595957 0.000953 0.142247
2 1 0.002493 0.204467 0.703935 0.000639 0.088466
2 1 0.006132 0.313677 0.414603 0.000620 0.264968
2 1 0.001245 0.189380 0.622847 0.000035 0.186493
2 1 0.002182 0.089222 0.878137 0.000543 0.029916
2 1 0.002035 0.246101 0.546300 0.000083 0.205481
2 1 0.007790 0.252021 0.634131 0.005658 0.100400
2 1 0.000774 0.016524 0.851762 0.129368 0.001572
2 1 0.000204 0.005499 0.918017 0.073995 0.002285
2 1 0.000937 0.178264 0.661291 0.006897 0.152610
4 1 0.005071 0.269522 0.295120 0.000736 0.429551
2 1 0.000341 0.087919 0.870821 0.004835 0.036084
2 1 0.000047 0.058110 0.920751 0.000268 0.020824
2 1 0.000149 0.123326 0.844700 0.000234 0.031591
2 2 0.000397 0.008645 0.984610 0.003936 0.002412
2 2 0.003640 0.042225 0.729642 0.002619 0.221874
2 2 0.001543 0.030877 0.846504 0.117439 0.003637
2 2 0.042027 0.236922 0.377453 0.001308 0.342291
0 0 0.996049 0.002902 0.000169 0.000000 0.000880
0 0 0.619737 0.100407 0.051127 0.001298 0.227431
2 1 0.059964 0.179448 0.529826 0.202481 0.028281
2 1 0.014453 0.067663 0.752097 0.161739 0.004049
2 2 0.000371 0.012587 0.920054 0.066119 0.000869
2 2 0.004002 0.058383 0.909622 0.010215 0.017778
2 2 0.010971 0.072100 0.912534 0.001455 0.002941
2 2 0.000167 0.008107 0.989108 0.002542 0.000076
2 2 0.002237 0.066369 0.912698 0.015216 0.003480
2 2 0.003626 0.013802 0.815958 0.165666 0.000948
2 2 0.004836 0.076211 0.903679 0.000857 0.014417
2 2 0.071758 0.176992 0.715253 0.001963 0.034033
2 2 0.009361 0.042178 0.889234 0.053900 0.005327
2 2 0.005306 0.251506 0.596619 0.019585 0.126984
2 2 0.003695 0.210352 0.733329 0.001908 0.050716
2 2 0.005157 0.238823 0.669433 0.012752 0.073835
2 2 0.001452 0.048682 0.929635 0.007429 0.012802
2 2 0.001309 0.012985 0.956778 0.028518 0.000410
2 2 0.000288 0.018420 0.974457 0.005950 0.000885
2 2 0.003062 0.039297 0.744637 0.205981 0.007023
0 0 0.862685 0.038653 0.021143 0.000295 0.077224
0 0 0.637175 0.209287 0.096898 0.003676 0.052965
0 0 0.999736 0.000096 0.000009 0.000000 0.000159
0 0 0.495612 0.202617 0.144259 0.012615 0.144898
0 0 0.999015 0.000688 0.000082 0.000000 0.000214
0 0 0.976462 0.010722 0.007568 0.000065 0.005183
0 0 0.984825 0.002801 0.000914 0.000001 0.011460
0 0 0.995516 0.003508 0.000412 0.000000 0.000563
0 0 0.936056 0.037363 0.011582 0.000060 0.014939
0 0 0.822330 0.126694 0.036820 0.000410 0.013747
1 0 0.281587 0.487641 0.173477 0.011026 0.046269
2 1 0.046675 0.347751 0.590396 0.003553 0.011625
2 1 0.220517 0.289002 0.449574 0.033597 0.007310
2 1 0.055175 0.146944 0.780526 0.004919 0.012436
2 1 0.019563 0.229998 0.740798 0.001025 0.008617
2 1 0.024419 0.182969 0.780570 0.001424 0.010618
2 1 0.005763 0.111149 0.879038 0.002263 0.001787
2 1 0.006584 0.286856 0.687630 0.001065 0.017865
2 1 0.002487 0.121636 0.874488 0.000246 0.001142
2 1 0.011435 0.271010 0.686617 0.005194 0.025744
2 1 0.029697 0.376873 0.521990 0.010848 0.060592
2 1 0.011340 0.034182 0.939789 0.011512 0.003176
2 2 0.004082 0.060736 0.913108 0.020164 0.001909
2 2 0.024761 0.284247 0.654451 0.004656 0.031886
2 2 0.028905 0.102568 0.849191 0.018421 0.000916
2 2 0.023716 0.286809 0.624894 0.022507 0.042074
2 2 0.000795 0.031557 0.963028 0.003719 0.000901
2 2 0.087055 0.323907 0.454760 0.076062 0.058215
2 2 0.012758 0.055550 0.734047 0.194580 0.003065
2 2 0.011679 0.089191 0.862162 0.016837 0.020132
2 2 0.027502 0.055446 0.800792 0.108673 0.007587
2 2 0.012579 0.084161 0.789967 0.107446 0.005848
2 2 0.000553 0.016256 0.966155 0.016647 0.000389
1 2 0.276713 0.580646 0.100054 0.001993 0.040595
0 2 0.489830 0.385994 0.110356 0.003403 0.010418
2 2 0.199889 0.151961 0.547854 0.081022 0.019275
3 2 0.005241 0.012302 0.111564 0.865333 0.005560
3 2 0.000077 0.001489 0.428091 0.570163 0.000180
1 2 0.264701 0.457532 0.248324 0.008060 0.021383
3 2 0.006030 0.020780 0.295658 0.673353 0.004179
2 2 0.012869 0.015790 0.866727 0.102205 0.002409
2 2 0.001246 0.024782 0.939690 0.033604 0.000678
2 2 0.020766 0.142358 0.828303 0.001273 0.007299
2 2 0.003417 0.140755 0.838298 0.006561 0.010969
3 2 0.000094 0.000489 0.059142 0.940149 0.000126
2 2 0.000817 0.011603 0.498136 0.484897 0.004547
2 2 0.004422 0.024807 0.936749 0.028195 0.005826
2 2 0.000526 0.012886 0.661759 0.321187 0.003642
2 2 0.000568 0.045449 0.923735 0.022159 0.008090
2 2 0.000626 0.008803 0.603152 0.386320 0.001098
2 2 0.001180 0.006893 0.574523 0.416644 0.000758
3 2 0.000233 0.002728 0.374434 0.622280 0.000324
3 2 0.000104 0.002200 0.489593 0.507851 0.000252
2 2 0.016059 0.044981 0.575687 0.339321 0.023952
2 2 0.004764 0.051720 0.670694 0.259608 0.013214
2 2 0.003133 0.058027 0.907560 0.028067 0.003212
2 2 0.000215 0.019008 0.888259 0.088183 0.004335
2 2 0.040988 0.147729 0.704763 0.069614 0.036907
2 2 0.003795 0.040669 0.839448 0.102801 0.013287
2 2 0.000336 0.002977 0.698334 0.296906 0.001447
2 2 0.000057 0.002918 0.870532 0.126295 0.000198
3 2 0.000767 0.005123 0.176344 0.815939 0.001827
3 2 0.000043 0.000527 0.152912 0.846429 0.000090
2 2 0.000097 0.003001 0.899685 0.097022 0.000195
2 2 0.000662 0.009904 0.637922 0.350316 0.001195
2 2 0.000797 0.009785 0.869267 0.119891 0.000260
2 2 0.000101 0.003311 0.719977 0.276272 0.000339
2 2 0.000115 0.001846 0.742507 0.255175 0.000356
2 2 0.000712 0.018562 0.928854 0.050337 0.001535
2 2 0.000972 0.014402 0.713739 0.269374 0.001513
3 2 0.001082 0.002834 0.094789 0.900714 0.000580
3 2 0.001927 0.003592 0.479723 0.513599 0.001158
2 2 0.002425 0.012357 0.604263 0.379967 0.000988
3 2 0.000366 0.000834 0.044408 0.954211 0.000181
3 2 0.001898 0.013505 0.325396 0.655207 0.003994
2 2 0.008054 0.060387 0.831279 0.096257 0.004023
2 2 0.001894 0.032154 0.935160 0.029708 0.001085
2 2 0.002974 0.033605 0.780798 0.179421 0.003202
2 2 0.005234 0.013687 0.846417 0.122466 0.012196
2 2 0.000028 0.009327 0.974298 0.013792 0.002555
2 2 0.001201 0.034288 0.885434 0.075460 0.003618
2 2 0.001265 0.017768 0.920579 0.059891 0.000498
2 2 0.000082 0.004759 0.785710 0.208414 0.001036
2 2 0.000488 0.017824 0.643736 0.330352 0.007600
2 2 0.005204 0.112876 0.531269 0.256411 0.094239
2 2 0.001983 0.024114 0.566710 0.402867 0.004325
2 2 0.000508 0.011590 0.580106 0.403883 0.003912
2 2 0.001888 0.070446 0.718252 0.165035 0.044380
2 2 0.000451 0.010129 0.887697 0.090539 0.011184
2 2 0.000056 0.004685 0.936678 0.058176 0.000405
2 2 0.002078 0.055012 0.892453 0.044366 0.006091
2 2 0.008144 0.026925 0.790449 0.172117 0.002365
3 2 0.000356 0.003239 0.425429 0.570735 0.000242
2 2 0.000246 0.005659 0.777697 0.215983 0.000415
3 2 0.015600 0.052331 0.419559 0.496504 0.016006
3 2 0.025188 0.053907 0.394417 0.485117 0.041371
3 2 0.004056 0.004575 0.171544 0.817982 0.001842
2 2 0.000786 0.074996 0.921183 0.000933 0.002102
2 2 0.002662 0.037362 0.887804 0.069830 0.002343
2 2 0.000857 0.025704 0.847037 0.121037 0.005365
2 2 0.000558 0.018762 0.908345 0.066451 0.005884
2 2 0.000863 0.033581 0.866404 0.093621 0.005531
2 2 0.162484 0.011271 0.445175 0.372748 0.008322
2 2 0.001283 0.014285 0.798936 0.184761 0.000736
2 2 0.000478 0.010312 0.808578 0.179844 0.000788
2 2 0.003443 0.013278 0.952138 0.028934 0.002208
2 2 0.001198 0.058663 0.856008 0.065465 0.018666
2 2 0.011740 0.054001 0.635587 0.293576 0.005095
2 2 0.104510 0.154921 0.667990 0.065662 0.006918
2 2 0.020929 0.060581 0.823192 0.091367 0.003931
3 2 0.000905 0.004406 0.142810 0.850400 0.001478
3 2 0.000268 0.000664 0.033594 0.965265 0.000210
2 2 0.001226 0.014425 0.824383 0.159283 0.000683
2 2 0.001132 0.007893 0.682565 0.307317 0.001093
2 2 0.000273 0.007842 0.954995 0.036705 0.000185
2 2 0.000046 0.001694 0.897738 0.100485 0.000036
2 2 0.000677 0.000888 0.968226 0.030153 0.000056
2 2 0.001085 0.010186 0.929867 0.056495 0.002367
2 2 0.002383 0.235577 0.715689 0.000755 0.045595
2 2 0.000595 0.024191 0.937412 0.035658 0.002144
2 2 0.002187 0.027720 0.550928 0.411411 0.007755
3 2 0.000338 0.003845 0.449984 0.545401 0.000432
2 2 0.001787 0.029555 0.723788 0.239590 0.005281
2 2 0.153689 0.308246 0.311774 0.002840 0.223451
2 2 0.013454 0.016677 0.688434 0.276488 0.004947
3 2 0.003000 0.006786 0.336061 0.652566 0.001587
0 2 0.558216 0.132755 0.207218 0.045281 0.056530
2 2 0.026906 0.153725 0.693859 0.106238 0.019272
2 2 0.017807 0.066361 0.501533 0.405569 0.008730
3 2 0.000128 0.000405 0.067183 0.932247 0.000037
2 2 0.000801 0.006945 0.604147 0.387718 0.000389
3 2 0.000883 0.002243 0.073549 0.922770 0.000556
3 2 0.001033 0.009672 0.314788 0.671216 0.003291
2 2 0.000587 0.010482 0.862342 0.126076 0.000513
2 2 0.000516 0.114117 0.842017 0.003024 0.040327
2 2 0.002265 0.341694 0.349419 0.001648 0.304974
2 1 0.008868 0.141446 0.542541 0.205876 0.101269
2 1 0.000551 0.239034 0.516293 0.001067 0.243055
4 4 0.003675 0.228027 0.194065 0.000862 0.573371
4 4 0.012417 0.098537 0.071504 0.000569 0.816974
4 4 0.020514 0.012538 0.002440 0.000017 0.964490
4 4 0.091817 0.033475 0.013237 0.000007 0.861464
4 4 0.107846 0.062473 0.009296 0.000017 0.820367
4 4 0.009313 0.232921 0.100047 0.002233 0.655487
4 4 0.162119 0.086593 0.033331 0.000275 0.717682
4 4 0.044744 0.113638 0.073283 0.000626 0.767709
4 4 0.066159 0.028339 0.011668 0.000287 0.893546
4 4 0.009847 0.060243 0.035211 0.000165 0.894535
4 4 0.012680 0.028976 0.004264 0.000002 0.954078
4 4 0.052715 0.071740 0.011031 0.000031 0.864483
4 4 0.118441 0.197743 0.032406 0.000169 0.651241
4 4 0.018811 0.265946 0.053142 0.000034 0.662067
4 4 0.010162 0.079670 0.037012 0.000265 0.872892
4 4 0.017243 0.113099 0.028038 0.000728 0.840893
4 4 0.013694 0.132583 0.021986 0.000697 0.831039
4 4 0.027632 0.058873 0.018426 0.000378 0.894692
4 4 0.011071 0.004725 0.002692 0.000001 0.981512
4 4 0.231624 0.319000 0.044892 0.000280 0.404204
4 4 0.030690 0.303606 0.112160 0.000427 0.553116
4 4 0.044166 0.148501 0.139539 0.001101 0.666692
4 4 0.009273 0.051228 0.021604 0.000106 0.917789
4 4 0.025002 0.043414 0.044167 0.000096 0.887321
0 4 0.512355 0.195272 0.036673 0.000256 0.255444
4 4 0.018601 0.009240 0.001690 0.000009 0.970460
4 4 0.229978 0.031898 0.007492 0.000035 0.730597
4 4 0.031137 0.049448 0.012801 0.000298 0.906315
2 4 0.004247 0.281010 0.627854 0.003602 0.083287
1 4 0.235251 0.583913 0.080589 0.001100 0.099147
1 4 0.038464 0.555192 0.258872 0.003790 0.143682
2 4 0.001126 0.208212 0.734176 0.001150 0.055335
2 4 0.004114 0.182957 0.631456 0.000044 0.181429
2 4 0.000211 0.073680 0.906481 0.001724 0.017904
2 2 0.004603 0.082530 0.743418 0.115665 0.053784
2 2 0.000272 0.017429 0.940663 0.028661 0.012976
2 2 0.001272 0.111424 0.865459 0.005291 0.016555
2 2 0.002902 0.041621 0.929466 0.012438 0.013574
2 2 0.000786 0.035034 0.943203 0.005102 0.015875
2 2 0.000904 0.022985 0.939054 0.018421 0.018637
2 2 0.001962 0.019385 0.901820 0.067540 0.009293
2 2 0.001507 0.013841 0.981695 0.000508 0.002448
2 2 0.000049 0.017840 0.980224 0.000984 0.000903
2 2 0.000473 0.065456 0.904853 0.000985 0.028234
2 2 0.000053 0.019860 0.977406 0.001357 0.001324
2 2 0.000303 0.008794 0.986386 0.001857 0.002660
2 2 0.003001 0.057271 0.920455 0.001035 0.018237
2 2 0.010362 0.133145 0.754246 0.007794 0.094453
2 2 0.003257 0.020558 0.937264 0.001214 0.037707
0 2 0.523550 0.143786 0.073206 0.000388 0.259070
0 0 0.665776 0.316032 0.009180 0.000003 0.009008
0 0 0.992417 0.005462 0.000826 0.000000 0.001294
2 0 0.003766 0.115248 0.858336 0.012325 0.010326
2 1 0.002080 0.069443 0.920811 0.001014 0.006652
1 1 0.052677 0.326717 0.319260 0.000683 0.300662
2 1 0.012003 0.306209 0.460075 0.002813 0.218899
2 2 0.004318 0.232436 0.670867 0.001325 0.091054
1 2 0.022208 0.659819 0.211715 0.000037 0.106222
1 2 0.016689 0.514179 0.285792 0.000445 0.182895
2 2 0.005320 0.046163 0.936175 0.008523 0.003820
2 2 0.062004 0.298864 0.597979 0.007779 0.033373
2 2 0.108079 0.182695 0.642462 0.025752 0.041012
2 2 0.006729 0.280676 0.619890 0.007975 0.084730
2 2 0.021232 0.455369 0.502330 0.000099 0.020970
2 2 0.115518 0.328434 0.407110 0.000252 0.148687
2 2 0.021672 0.247247 0.578219 0.000729 0.152132
2 2 0.015788 0.371863 0.540839 0.005092 0.066418
1 2 0.316572 0.447784 0.184379 0.014262 0.037002
2 2 0.023902 0.203268 0.646828 0.087707 0.038295
2 2 0.003663 0.046033 0.916595 0.003576 0.030134
2 2 0.000107 0.017846 0.968151 0.000649 0.013247
2 2 0.001548 0.025713 0.938415 0.010979 0.023344
2 2 0.000025 0.007040 0.971839 0.019304 0.001793
2 2 0.000482 0.020025 0.800924 0.172069 0.006499
2 2 0.000374 0.025643 0.838807 0.124475 0.010702
2 2 0.001231 0.026015 0.905523 0.061181 0.006051
2 2 0.011858 0.008480 0.957778 0.019732 0.002153
2 2 0.002661 0.057015 0.893593 0.005976 0.040754
2 2 0.000542 0.046775 0.910570 0.031218 0.010895
2 2 0.000571 0.032302 0.864309 0.092390 0.010427
2 2 0.000564 0.038559 0.905183 0.026852 0.028842
2 2 0.001193 0.051293 0.789467 0.047622 0.110425
3 2 0.000134 0.003247 0.412012 0.583800 0.000807
2 2 0.000505 0.006619 0.661990 0.330448 0.000438
2 2 0.000063 0.019139 0.969838 0.002555 0.008404
2 2 0.000180 0.007484 0.955410 0.034791 0.002134
2 2 0.001690 0.003287 0.859269 0.130139 0.005614
3 2 0.004642 0.012609 0.296663 0.684867 0.001218
3 2 0.002901 0.008498 0.118423 0.866715 0.003463
2 2 0.003895 0.003798 0.937433 0.054265 0.000609
2 2 0.111237 0.042315 0.780575 0.051778 0.014095
2 2 0.023671 0.046311 0.572658 0.098607 0.258753
2 2 0.000785 0.054327 0.936935 0.002888 0.005066
2 2 0.001322 0.073476 0.810049 0.077947 0.037206
2 2 0.000835 0.015830 0.856767 0.120657 0.005910
2 2 0.001068 0.009003 0.694551 0.288575 0.006802
2 2 0.000559 0.016654 0.723233 0.255517 0.004037
2 2 0.002306 0.029265 0.875741 0.060868 0.031820
3 2 0.001956 0.002812 0.094628 0.898294 0.002311
3 2 0.000609 0.003066 0.285104 0.710832 0.000388
3 2 0.000074 0.000531 0.067641 0.931602 0.000152
3 2 0.002318 0.003615 0.045550 0.946967 0.001550
3 2 0.001306 0.001859 0.031139 0.964940 0.000756
3 2 0.012349 0.025472 0.133813 0.815518 0.012848
3 2 0.001477 0.001109 0.026751 0.969962 0.000701
3 2 0.001966 0.002499 0.049951 0.944232 0.001353
3 2 0.013690 0.005899 0.095848 0.878961 0.005602
3 2 0.029787 0.017506 0.288385 0.659225 0.005097
3 2 0.017481 0.001835 0.057422 0.916586 0.006675
3 2 0.003526 0.005881 0.060012 0.927958 0.002622
3 3 0.049276 0.027900 0.183768 0.693173 0.045883
3 3 0.004055 0.006920 0.065756 0.920142 0.003127
2 3 0.010115 0.065015 0.692917 0.224306 0.007647
2 3 0.147292 0.179653 0.352133 0.275862 0.045060
3 3 0.001515 0.001575 0.193688 0.801961 0.001261
3 3 0.001835 0.003315 0.088300 0.905382 0.001168
3 2 0.001152 0.001608 0.028647 0.967946 0.000646
3 2 0.005777 0.011909 0.216503 0.757327 0.008483
0 0 0.547150 0.088151 0.189148 0.053659 0.121892
2 0 0.014458 0.069909 0.687718 0.221294 0.006622
2 1 0.000206 0.013824 0.962514 0.017621 0.005835
2 2 0.000719 0.086850 0.885366 0.004373 0.022693
2 2 0.000924 0.048799 0.919214 0.002443 0.028619
2 2 0.000873 0.066912 0.901365 0.005472 0.025378
2 2 0.002658 0.015777 0.950459 0.022536 0.008570
2 2 0.000708 0.056882 0.927846 0.005421 0.009143
2 2 0.003391 0.021736 0.969321 0.002771 0.002781
2 2 0.003031 0.037242 0.906363 0.006778 0.046586
2 2 0.001444 0.042297 0.914667 0.033780 0.007813
0 2 0.647339 0.252910 0.086560 0.000792 0.012400
4 2 0.009544 0.319952 0.193402 0.003459 0.473644
2 2 0.001211 0.011275 0.627773 0.348317 0.011424
2 2 0.002015 0.037057 0.899697 0.002628 0.058603
2 2 0.000305 0.014894 0.971618 0.010761 0.002423
2 2 0.000480 0.017009 0.639793 0.335675 0.007043
2 2 0.000371 0.002799 0.824056 0.169576 0.003198
2 2 0.014823 0.055605 0.893489 0.019063 0.017020
2 2 0.003281 0.024160 0.946121 0.017173 0.009265
2 2 0.000524 0.053211 0.933154 0.001817 0.011293
2 2 0.063665 0.202268 0.537747 0.000484 0.195835
2 2 0.017396 0.143892 0.698652 0.002631 0.137428
2 2 0.000597 0.019784 0.947941 0.028510 0.003169
2 2 0.000161 0.019421 0.933343 0.039823 0.007252
2 2 0.001986 0.011090 0.887641 0.098704 0.000579
2 2 0.001398 0.091053 0.869142 0.018466 0.019941
2 2 0.000082 0.010426 0.975919 0.010564 0.003009
2 2 0.000194 0.038899 0.942054 0.000170 0.018683
2 2 0.003132 0.017943 0.867042 0.109977 0.001907
2 2 0.000208 0.008037 0.913572 0.077632 0.000551
2 2 0.024480 0.056942 0.875681 0.016750 0.026147
4 2 0.006034 0.176119 0.018234 0.000472 0.799142
2 2 0.017988 0.315132 0.584632 0.012983 0.069264
2 2 0.005392 0.048365 0.466169 0.457838 0.022235
2 2 0.002627 0.163873 0.728128 0.021983 0.083389
2 2 0.007374 0.045282 0.808478 0.128232 0.010633
1 2 0.257705 0.321611 0.164652 0.002671 0.253361
2 2 0.025377 0.288396 0.600826 0.033843 0.051558
2 2 0.001000 0.024829 0.900706 0.067003 0.006461
2 2 0.013920 0.081091 0.750654 0.147266 0.007068
2 2 0.000062 0.002293 0.982176 0.015421 0.000048
2 2 0.083841 0.077596 0.809695 0.012561 0.016307
3 2 0.004791 0.029544 0.451603 0.507024 0.007038
2 2 0.000190 0.005003 0.984781 0.009975 0.000051
3 2 0.000101 0.000698 0.161708 0.837430 0.000063
3 2 0.040189 0.063206 0.229487 0.650385 0.016733
2 2 0.000125 0.003666 0.785331 0.210636 0.000243
2 2 0.001942 0.169105 0.771811 0.005066 0.052075
1 4 0.007685 0.382243 0.359638 0.004946 0.245488
4 4 0.011569 0.340253 0.191180 0.010299 0.446698
2 4 0.001385 0.217707 0.460154 0.001447 0.319307
2 4 0.000792 0.214683 0.563234 0.001581 0.219710
4 4 0.009375 0.299708 0.187015 0.000930 0.502972
4 4 0.027638 0.339852 0.116785 0.018076 0.497649
2 4 0.004536 0.301207 0.480263 0.006818 0.207176
4 4 0.057797 0.161286 0.061789 0.001227 0.717901
4 4 0.002659 0.277489 0.189326 0.001371 0.529155
4 4 0.017568 0.295269 0.068158 0.005930 0.613075
4 4 0.046130 0.087462 0.020560 0.000021 0.845826
4 4 0.044353 0.128334 0.019786 0.000093 0.807435
4 4 0.008475 0.053345 0.007414 0.000077 0.930689
4 4 0.010291 0.049571 0.021777 0.000080 0.918281
4 4 0.002093 0.030211 0.005743 0.000008 0.961945
4 4 0.006650 0.004673 0.003524 0.000000 0.985152
4 4 0.009976 0.007262 0.001622 0.000003 0.981136
1 4 0.020784 0.508653 0.295411 0.003391 0.171762
4 4 0.015412 0.283577 0.116654 0.002004 0.582353
4 4 0.019479 0.090009 0.018180 0.000047 0.872285
4 4 0.001636 0.012167 0.004573 0.000002 0.981622
4 4 0.008414 0.222425 0.066851 0.000381 0.701929
4 4 0.145748 0.111466 0.011325 0.000022 0.731438
4 4 0.072579 0.101518 0.020820 0.000034 0.805048
4 4 0.110553 0.147994 0.053909 0.002368 0.685175
4 4 0.045379 0.062087 0.013769 0.000160 0.878605
4 4 0.170872 0.122188 0.013129 0.000042 0.693769
4 4 0.026430 0.101673 0.027127 0.000049 0.844721
4 4 0.051551 0.107754 0.029015 0.000376 0.811303
1 4 0.011620 0.471134 0.267322 0.000263 0.249661
2 4 0.000735 0.338197 0.408524 0.000027 0.252517
4 4 0.001679 0.224888 0.098515 0.000005 0.674912
4 4 0.000647 0.272281 0.237217 0.000397 0.489457
4 4 0.003595 0.322194 0.193742 0.000094 0.480374
4 4 0.006626 0.429812 0.133451 0.000087 0.430023
1 4 0.010086 0.531371 0.184591 0.000899 0.273053
4 4 0.021482 0.355011 0.203518 0.001820 0.418169
4 4 0.002966 0.314597 0.159816 0.001796 0.520825
4 4 0.003965 0.237510 0.054359 0.000067 0.704100
4 4 0.001244 0.040595 0.035114 0.000005 0.923042
4 4 0.003749 0.217434 0.226066 0.000345 0.552406
4 4 0.000509 0.057278 0.030833 0.000008 0.911373
2 4 0.004134 0.333885 0.375904 0.004237 0.281841
2 4 0.000362 0.270817 0.684260 0.000062 0.044499
1 4 0.009034 0.441084 0.121470 0.001326 0.427087
2 4 0.004437 0.216976 0.544167 0.036530 0.197889
4 4 0.002954 0.052427 0.178748 0.000123 0.765748
4 4 0.029261 0.032914 0.008092 0.000136 0.929597
4 4 0.002401 0.064647 0.011304 0.000033 0.921616
4 4 0.012959 0.064188 0.010825 0.000047 0.911981
4 4 0.028552 0.205532 0.009879 0.000026 0.756010
4 4 0.010990 0.021787 0.002188 0.000002 0.965033
4 4 0.027571 0.021241 0.004991 0.000060 0.946137
4 4 0.007359 0.007647 0.003127 0.000003 0.981864
4 4 0.015149 0.012722 0.001804 0.000006 0.970319
4 4 0.014070 0.308419 0.126919 0.000157 0.550435
4 4 0.016455 0.086275 0.021417 0.000162 0.875691
4 4 0.006039 0.131763 0.048348 0.000009 0.813841
4 4 0.017348 0.219525 0.041634 0.000091 0.721403
4 4 0.031764 0.007316 0.000489 0.000000 0.960431
4 4 0.015250 0.089486 0.049489 0.000005 0.845770
4 4 0.003287 0.037648 0.023577 0.000000 0.935488
4 4 0.009342 0.093036 0.028831 0.000109 0.868682
2 4 0.012709 0.368017 0.424089 0.002088 0.193097
4 4 0.086058 0.137137 0.066462 0.000438 0.709904
4 4 0.027068 0.002539 0.000512 0.000001 0.969880
4 4 0.099301 0.085052 0.019950 0.000286 0.795411
4 4 0.003665 0.241078 0.086498 0.000010 0.668749
4 4 0.020787 0.370945 0.204170 0.000046 0.404052
1 4 0.006143 0.575772 0.298193 0.000057 0.119835
1 4 0.006371 0.401345 0.253249 0.000355 0.338680
1 4 0.012344 0.432549 0.168666 0.000591 0.385851
4 4 0.017004 0.049080 0.012802 0.000015 0.921099
4 4 0.003796 0.025055 0.005483 0.000000 0.965666
4 4 0.146315 0.323536 0.068967 0.001659 0.459524
1 4 0.005398 0.417320 0.324477 0.001930 0.250874
1 4 0.003541 0.472262 0.280512 0.000525 0.243160
4 4 0.027116 0.253410 0.203001 0.000392 0.516082
4 4 0.065774 0.192439 0.124874 0.008068 0.608844
4 4 0.009406 0.337419 0.191756 0.008108 0.453311
2 4 0.001672 0.347068 0.488693 0.000756 0.161811
2 4 0.024433 0.217307 0.638594 0.008077 0.111589
2 2 0.000677 0.137375 0.824977 0.000213 0.036759
2 2 0.000353 0.070436 0.901262 0.006243 0.021706
2 1 0.000844 0.021601 0.937861 0.027551 0.012143
2 1 0.001645 0.036748 0.873632 0.041351 0.046624
2 1 0.000825 0.008161 0.942632 0.047696 0.000686
2 2 0.002406 0.101462 0.887115 0.000046 0.008971
2 2 0.000171 0.038914 0.956775 0.000096 0.004044
2 2 0.000611 0.059725 0.903200 0.000091 0.036373
2 2 0.000085 0.008974 0.989085 0.000663 0.001194
2 2 0.001210 0.037143 0.954994 0.000720 0.005934
2 2 0.002146 0.241091 0.661601 0.000192 0.094970
2 2 0.052899 0.152176 0.658193 0.028051 0.108681
1 2 0.051947 0.464129 0.315188 0.000600 0.168136
2 2 0.087423 0.218286 0.547192 0.011790 0.135309
2 2 0.000480 0.077921 0.904174 0.000152 0.017273
2 2 0.000482 0.106134 0.875090 0.001739 0.016554
2 2 0.000213 0.035807 0.960325 0.000174 0.003480
2 2 0.253549 0.118419 0.560883 0.000620 0.066530
2 2 0.104839 0.063113 0.784625 0.000363 0.047061
2 2 0.000956 0.017144 0.974380 0.001258 0.006262
2 2 0.007295 0.104378 0.863498 0.000210 0.024619
2 2 0.022235 0.149233 0.620485 0.000022 0.208024
2 2 0.000792 0.019207 0.974658 0.001498 0.003844
2 2 0.001372 0.019391 0.970404 0.001654 0.007179
2 2 0.000424 0.012700 0.975992 0.002546 0.008338
2 2 0.000044 0.025499 0.971806 0.000079 0.002572
2 2 0.000045 0.007296 0.990648 0.001767 0.000243
2 2 0.000046 0.010199 0.981867 0.006975 0.000913
2 2 0.002152 0.077413 0.910803 0.000797 0.008835
2 2 0.001264 0.016176 0.967745 0.010351 0.004464
2 2 0.000682 0.080562 0.904421 0.004858 0.009478
2 2 0.001023 0.010068 0.984354 0.002874 0.001681
2 2 0.002503 0.020420 0.914957 0.061784 0.000335
2 2 0.000629 0.023948 0.966276 0.007971 0.001176
2 2 0.000022 0.003795 0.994750 0.000180 0.001253
2 2 0.000164 0.004223 0.861941 0.133509 0.000163
2 2 0.000739 0.003820 0.889009 0.105526 0.000907
2 2 0.000806 0.008894 0.958322 0.029962 0.002017
2 2 0.001292 0.025401 0.947517 0.025057 0.000733
0 0 0.312830 0.216357 0.299414 0.106643 0.064756
4 0 0.062741 0.027489 0.006577 0.000060 0.903132
0 0 0.820440 0.107809 0.035773 0.000426 0.035553
0 0 0.944710 0.036447 0.009603 0.000038 0.009203
4 0 0.202330 0.281198 0.063164 0.001268 0.452041
4 0 0.024437 0.008362 0.001339 0.000005 0.965858
0 0 0.546212 0.194717 0.025700 0.000091 0.233279
4 1 0.087157 0.085569 0.027869 0.000007 0.799399
4 0 0.152816 0.243947 0.040304 0.000485 0.562447
0 0 0.966218 0.025894 0.003156 0.000003 0.004730
0 0 0.979077 0.014608 0.002892 0.000004 0.003418
0 0 0.601893 0.242644 0.092466 0.002767 0.060231
1 0 0.279197 0.509280 0.151344 0.007326 0.052854
1 0 0.170320 0.530686 0.269039 0.001255 0.028700
1 0 0.292640 0.504652 0.181351 0.001926 0.019430
1 1 0.112387 0.536966 0.288957 0.006415 0.055275
2 1 0.008565 0.096513 0.880029 0.007310 0.007583
2 1 0.051604 0.226870 0.681363 0.015356 0.024807
1 2 0.141150 0.651889 0.130045 0.001100 0.075816
1 2 0.160855 0.542125 0.240016 0.000623 0.056381
2 2 0.079910 0.312319 0.580566 0.000543 0.026663
1 2 0.289216 0.472700 0.161837 0.009307 0.066940
2 2 0.194216 0.227851 0.511622 0.008900 0.057411
1 2 0.028405 0.471004 0.301501 0.003242 0.195848
2 2 0.012380 0.378626 0.576938 0.001387 0.030669
1 2 0.091047 0.543510 0.285662 0.003687 0.076094
2 2 0.001650 0.046629 0.938474 0.011306 0.001941
2 2 0.010304 0.274278 0.612729 0.015881 0.086808
2 2 0.002827 0.297948 0.656181 0.000668 0.042376
2 2 0.007991 0.160540 0.814089 0.007712 0.009668
2 2 0.000948 0.087775 0.892453 0.005233 0.013590
2 2 0.000593 0.110181 0.875556 0.001014 0.012657
2 2 0.001992 0.022109 0.973226 0.001019 0.001654
2 2 0.018968 0.052916 0.920058 0.004335 0.003724
2 2 0.000750 0.025076 0.972669 0.001059 0.000446
2 2 0.009005 0.137915 0.813108 0.000906 0.039065
2 2 0.180576 0.051033 0.714552 0.026134 0.027705
2 2 0.001636 0.036372 0.943971 0.005516 0.012505
2 2 0.002241 0.028223 0.937523 0.021148 0.010865
2 2 0.001643 0.006212 0.872628 0.118849 0.000668
2 2 0.009051 0.032946 0.789719 0.163900 0.004384
2 2 0.007105 0.156870 0.820288 0.003093 0.012643
2 2 0.000240 0.069349 0.924715 0.000062 0.005634
2 2 0.000027 0.004817 0.993439 0.001659 0.000058
2 2 0.000221 0.010726 0.966476 0.020996 0.001581
2 2 0.000519 0.078300 0.916704 0.000206 0.004271
2 2 0.000808 0.093973 0.832353 0.000612 0.072254
2 2 0.120467 0.170901 0.569300 0.012205 0.127126
2 2 0.049134 0.060001 0.862173 0.003752 0.024940
2 2 0.001446 0.010857 0.964156 0.022375 0.001167
3 2 0.007150 0.005927 0.291477 0.684924 0.010522
2 2 0.001843 0.109490 0.816541 0.006044 0.066082
2 2 0.001179 0.071821 0.836794 0.009674 0.080532
2 2 0.002932 0.010191 0.977049 0.006937 0.002891
2 2 0.001895 0.016473 0.973575 0.003785 0.004272
2 2 0.001640 0.017668 0.971929 0.004360 0.004403
2 2 0.001891 0.021178 0.919153 0.054219 0.003559
2 2 0.000365 0.009139 0.865745 0.124153 0.000598
2 2 0.000463 0.018761 0.844053 0.132985 0.003738
2 2 0.033362 0.013729 0.859031 0.089886 0.003992
2 2 0.012814 0.050550 0.650102 0.283147 0.003388
3 2 0.000802 0.002535 0.473849 0.518946 0.003869
2 2 0.000013 0.004046 0.955041 0.039919 0.000981
3 2 0.000291 0.003352 0.189534 0.805601 0.001221
3 2 0.015044 0.012745 0.472551 0.497675 0.001986
2 2 0.005802 0.089507 0.699765 0.157445 0.047481
3 2 0.004548 0.009334 0.103403 0.876582 0.006132
