0 0 0.996924 0.002435 0.000404 0.000000 0.000237
0 0 0.692359 0.087916 0.054903 0.008354 0.156468
0 0 0.903995 0.029787 0.006026 0.000007 0.060185
0 0 0.961207 0.020487 0.013529 0.000095 0.004682
0 0 0.989464 0.007335 0.001831 0.000009 0.001360
0 0 0.757127 0.082872 0.052513 0.009286 0.098202
0 0 0.711435 0.066141 0.135055 0.000209 0.087160
0 0 0.864014 0.054078 0.027074 0.001835 0.052999
0 0 0.979770 0.012858 0.003951 0.000045 0.003375
0 0 0.977428 0.014132 0.004516 0.000060 0.003865
0 0 0.926777 0.036907 0.017143 0.000981 0.018192
0 0 0.540132 0.040549 0.013430 0.000095 0.405793
4 0 0.245003 0.068152 0.032210 0.000974 0.653660
0 0 0.517883 0.398080 0.064693 0.000029 0.019316
1 0 0.287116 0.519377 0.163579 0.000062 0.029866
1 0 0.077497 0.841276 0.055198 0.000000 0.026029
1 1 0.088252 0.702297 0.091787 0.000012 0.117651
1 1 0.044178 0.548948 0.374204 0.000030 0.032640
2 1 0.002958 0.147178 0.833606 0.008497 0.007762
2 1 0.000385 0.147263 0.618522 0.000771 0.233059
0 1 0.511740 0.370919 0.062680 0.000035 0.054625
0 1 0.866940 0.093755 0.024594 0.000120 0.014592
1 1 0.064768 0.589343 0.263559 0.000129 0.082201
2 2 0.000239 0.058840 0.936874 0.002237 0.001810
2 2 0.003827 0.236116 0.673192 0.006525 0.080340
2 2 0.000936 0.022018 0.976182 0.000704 0.000160
1 2 0.218461 0.588103 0.108151 0.000077 0.085208
0 2 0.521085 0.260198 0.046543 0.000027 0.172147
0 2 0.480826 0.325540 0.133038 0.000046 0.060549
2 2 0.000444 0.042528 0.954370 0.000865 0.001793
2 2 0.000073 0.027105 0.970948 0.000605 0.001270
2 2 0.000021 0.010448 0.984905 0.003932 0.000693
2 2 0.000162 0.017350 0.966211 0.011388 0.004889
2 2 0.000274 0.013084 0.975559 0.008806 0.002278
2 2 0.004099 0.097933 0.890923 0.000453 0.006591
4 2 0.054303 0.353657 0.153643 0.000016 0.438381
1 2 0.018727 0.492141 0.234283 0.000009 0.254840
4 2 0.006092 0.266874 0.330074 0.000066 0.396894
1 2 0.041676 0.549265 0.044970 0.000000 0.364088
1 2 0.024478 0.543167 0.212571 0.000004 0.219781
2 2 0.001196 0.118711 0.849616 0.001136 0.029341
2 2 0.006251 0.246277 0.443037 0.000006 0.304429
1 2 0.077885 0.386046 0.324652 0.000190 0.211226
1 2 0.029383 0.561129 0.240259 0.000019 0.169209
4 2 0.020804 0.330431 0.206596 0.000021 0.442148
1 2 0.079449 0.445623 0.328992 0.000015 0.145920
0 2 0.421810 0.140001 0.029032 0.000009 0.409148
4 2 0.180071 0.301703 0.087566 0.000003 0.430657
1 2 0.188085 0.480466 0.117363 0.000003 0.214083
2 2 0.073541 0.218599 0.660128 0.000019 0.047714
1 2 0.117963 0.492352 0.217295 0.000008 0.172382
2 4 0.019814 0.308600 0.632145 0.000020 0.039421
4 4 0.072385 0.034509 0.060242 0.000008 0.832856
4 4 0.013858 0.010252 0.005306 0.000147 0.970438
4 4 0.304110 0.244380 0.056655 0.000019 0.394836
0 4 0.574205 0.233226 0.036774 0.000012 0.155783
0 4 0.693254 0.142507 0.058143 0.000062 0.106034
4 4 0.052704 0.073598 0.026020 0.000009 0.847670
4 4 0.094234 0.061888 0.076689 0.000660 0.766529
4 4 0.298307 0.236368 0.051198 0.000012 0.414115
1 4 0.168331 0.493590 0.064784 0.000000 0.273294
4 4 0.057063 0.286533 0.135531 0.000019 0.520855
4 4 0.120109 0.352868 0.058644 0.000003 0.468376
0 4 0.458955 0.300647 0.072303 0.000003 0.168091
0 4 0.458559 0.207715 0.033698 0.000011 0.300017
2 4 0.004532 0.379904 0.422037 0.000004 0.193523
4 4 0.025256 0.301602 0.317894 0.000080 0.355168
4 4 0.259900 0.124483 0.053453 0.000005 0.562160
1 4 0.170344 0.385433 0.060896 0.000016 0.383311
4 4 0.025648 0.166484 0.027730 0.000006 0.780133
1 4 0.281962 0.433616 0.228306 0.000051 0.056064
1 4 0.064479 0.576536 0.101397 0.000006 0.257582
4 4 0.041249 0.126080 0.033143 0.000027 0.799501
4 4 0.059631 0.100190 0.044783 0.000896 0.794501
0 4 0.583847 0.127811 0.078901 0.000122 0.209318
4 4 0.284995 0.040266 0.014297 0.000119 0.660323
4 4 0.163867 0.347519 0.086288 0.000002 0.402324
1 4 0.244843 0.392728 0.119376 0.000012 0.243041
1 4 0.077649 0.485979 0.316968 0.000032 0.119372
1 4 0.071485 0.655202 0.125047 0.000026 0.148240
2 4 0.003636 0.124025 0.859631 0.000030 0.012677
2 4 0.002737 0.175853 0.718670 0.000414 0.102325
1 4 0.010481 0.500131 0.441657 0.000019 0.047713
2 2 0.018515 0.398529 0.505799 0.003409 0.073749
2 2 0.000217 0.024071 0.974314 0.000751 0.000647
2 2 0.013748 0.195072 0.785269 0.000022 0.005889
1 2 0.054072 0.639735 0.277551 0.000001 0.028641
1 2 0.016250 0.462423 0.452427 0.000008 0.068892
1 2 0.008611 0.606165 0.306788 0.000007 0.078429
1 2 0.164480 0.577957 0.206514 0.000010 0.051040
2 2 0.004062 0.187751 0.797964 0.000377 0.009847
2 2 0.000107 0.142745 0.856104 0.000003 0.001040
2 2 0.000024 0.011716 0.988135 0.000052 0.000074
2 2 0.002289 0.027547 0.969788 0.000088 0.000288
1 2 0.239988 0.605929 0.074295 0.000008 0.079780
1 2 0.115258 0.551418 0.305617 0.000021 0.027687
2 2 0.000853 0.306994 0.657782 0.000050 0.034321
2 2 0.015241 0.310647 0.640443 0.000244 0.033426
2 2 0.086630 0.096671 0.814192 0.000527 0.001981
2 2 0.050846 0.348850 0.356659 0.000049 0.243596
0 2 0.511995 0.430423 0.049519 0.000001 0.008062
0 2 0.730063 0.228024 0.032201 0.000004 0.009708
1 2 0.077097 0.504920 0.378786 0.000328 0.038869
0 2 0.635294 0.237637 0.092432 0.000539 0.034098
2 2 0.009637 0.161060 0.821454 0.002074 0.005775
2 2 0.000542 0.066256 0.905705 0.000510 0.026987
2 2 0.000237 0.062560 0.928714 0.000189 0.008300
2 2 0.000011 0.002218 0.997006 0.000691 0.000074
2 2 0.000535 0.021147 0.977141 0.000449 0.000728
2 2 0.000633 0.026896 0.969879 0.001831 0.000761
1 2 0.356504 0.479784 0.123884 0.000019 0.039809
1 2 0.235382 0.411039 0.345700 0.000013 0.007866
1 2 0.218131 0.464779 0.255843 0.000184 0.061063
0 2 0.744623 0.168328 0.040932 0.000119 0.045998
2 2 0.024831 0.214688 0.757837 0.000092 0.002553
0 2 0.580284 0.255141 0.090890 0.000092 0.073593
0 2 0.678937 0.074523 0.028310 0.000385 0.217845
4 4 0.247953 0.190947 0.070352 0.000783 0.489965
2 4 0.009544 0.080473 0.907725 0.001164 0.001094
2 4 0.085377 0.257772 0.647975 0.000328 0.008549
0 4 0.673577 0.092004 0.156840 0.004911 0.072668
4 4 0.051756 0.085337 0.049341 0.003027 0.810538
0 4 0.364313 0.355303 0.215491 0.000395 0.064499
1 4 0.246053 0.515210 0.197165 0.000258 0.041314
2 4 0.000383 0.161039 0.837080 0.000199 0.001300
2 2 0.118134 0.105341 0.732673 0.017793 0.026059
1 2 0.332877 0.365295 0.262712 0.000490 0.038625
2 2 0.000247 0.015692 0.983136 0.000689 0.000236
2 2 0.002273 0.063656 0.933181 0.000086 0.000804
2 2 0.015129 0.261384 0.716176 0.000515 0.006797
2 2 0.000006 0.003829 0.992280 0.003774 0.000110
2 2 0.000020 0.001350 0.951491 0.047112 0.000026
2 2 0.396195 0.102383 0.480066 0.002130 0.019226
1 2 0.134940 0.555991 0.282947 0.000099 0.026023
2 2 0.000076 0.013716 0.985785 0.000344 0.000079
2 2 0.000067 0.015703 0.984005 0.000177 0.000048
2 2 0.000003 0.000416 0.994416 0.005164 0.000001
2 2 0.000001 0.000050 0.988703 0.011245 0.000000
2 2 0.000244 0.002551 0.994617 0.002578 0.000011
2 2 0.161394 0.324003 0.500960 0.000131 0.013511
2 2 0.000846 0.016403 0.980137 0.002465 0.000149
2 2 0.000065 0.001195 0.977380 0.021349 0.000010
2 2 0.342878 0.115529 0.511655 0.007621 0.022318
0 2 0.902095 0.046149 0.023512 0.001931 0.026313
1 2 0.341044 0.399233 0.226788 0.000171 0.032764
2 2 0.016176 0.188433 0.783925 0.003919 0.007547
2 2 0.001771 0.072549 0.924997 0.000144 0.000539
0 2 0.389994 0.225795 0.365912 0.002767 0.015532
0 2 0.949770 0.026160 0.016033 0.000230 0.007807
1 2 0.296068 0.521164 0.127979 0.000365 0.054423
2 2 0.035124 0.140671 0.788415 0.021056 0.014734
2 2 0.000025 0.008873 0.990911 0.000110 0.000081
2 2 0.019681 0.017380 0.912871 0.049124 0.000943
0 2 0.956041 0.024568 0.009708 0.000296 0.009387
0 2 0.980059 0.012722 0.003906 0.000044 0.003268
0 0 0.543545 0.340778 0.079555 0.000203 0.035920
0 0 0.552414 0.235427 0.068936 0.000374 0.142849
1 2 0.103263 0.443065 0.435672 0.000155 0.017845
2 2 0.025246 0.376052 0.594054 0.000066 0.004583
2 2 0.004897 0.034604 0.957331 0.002712 0.000456
2 2 0.000013 0.001684 0.997734 0.000565 0.000004
2 2 0.000003 0.001273 0.997697 0.001024 0.000003
2 2 0.000004 0.004744 0.995214 0.000032 0.000007
2 2 0.000000 0.000727 0.998883 0.000389 0.000001
2 2 0.000001 0.000452 0.998981 0.000565 0.000001
2 2 0.000000 0.000092 0.998765 0.001142 0.000000
2 2 0.000017 0.002059 0.994759 0.003157 0.000007
2 2 0.000003 0.000154 0.981388 0.018454 0.000000
2 2 0.000007 0.000169 0.974699 0.025124 0.000001
2 2 0.000000 0.000082 0.967356 0.032561 0.000000
3 2 0.000207 0.000714 0.454424 0.544637 0.000019
2 2 0.000007 0.000543 0.966828 0.032620 0.000003
2 2 0.000041 0.002002 0.997232 0.000721 0.000003
2 3 0.000000 0.000079 0.998110 0.001811 0.000000
2 3 0.000003 0.000214 0.959610 0.040172 0.000001
2 3 0.000041 0.000769 0.992957 0.006231 0.000002
2 3 0.000046 0.000656 0.960175 0.039117 0.000006
2 3 0.000000 0.000030 0.714274 0.285695 0.000000
2 3 0.000190 0.001762 0.636879 0.361138 0.000031
2 3 0.000004 0.000075 0.696807 0.303113 0.000001
3 3 0.000000 0.000017 0.417502 0.582480 0.000000
3 3 0.000000 0.000029 0.017103 0.982866 0.000002
2 3 0.000122 0.004126 0.548498 0.447128 0.000126
2 3 0.000031 0.000881 0.962754 0.036329 0.000005
3 3 0.000001 0.000024 0.024003 0.975971 0.000002
2 3 0.000250 0.000900 0.993061 0.005786 0.000004
3 3 0.000000 0.000048 0.371867 0.628084 0.000001
3 3 0.000004 0.000050 0.024978 0.974963 0.000005
3 3 0.004468 0.007622 0.156393 0.828783 0.002734
3 3 0.027196 0.012229 0.413233 0.546745 0.000598
2 3 0.035074 0.064509 0.893136 0.005291 0.001990
2 3 0.019910 0.160176 0.817281 0.000306 0.002328
0 3 0.697443 0.111425 0.178995 0.001539 0.010598
2 2 0.000382 0.015780 0.982935 0.000631 0.000272
2 2 0.000000 0.000892 0.996785 0.002294 0.000028
2 2 0.000344 0.003842 0.993313 0.002459 0.000042
2 2 0.000258 0.021510 0.974661 0.000847 0.002725
2 2 0.000100 0.006711 0.992574 0.000590 0.000025
2 2 0.000165 0.001526 0.997540 0.000767 0.000003
2 2 0.001555 0.012697 0.984427 0.001202 0.000119
2 2 0.000416 0.004893 0.966700 0.027922 0.000070
2 2 0.000514 0.018432 0.977973 0.002368 0.000714
2 2 0.000083 0.001373 0.996885 0.001654 0.000006
2 2 0.001256 0.002378 0.992229 0.004119 0.000018
2 2 0.002795 0.014080 0.974015 0.008936 0.000175
2 2 0.000898 0.007326 0.978951 0.012741 0.000084
2 2 0.000765 0.006450 0.897544 0.095014 0.000227
2 2 0.000061 0.001063 0.996396 0.002479 0.000002
2 2 0.000074 0.012927 0.980902 0.005901 0.000197
2 2 0.000120 0.008294 0.977528 0.013914 0.000144
2 2 0.001335 0.011220 0.983228 0.004083 0.000134
2 2 0.002108 0.008171 0.975337 0.014189 0.000194
2 2 0.000001 0.000145 0.992728 0.007124 0.000001
2 2 0.000003 0.001012 0.998763 0.000220 0.000001
2 2 0.000001 0.000099 0.998072 0.001828 0.000000
2 2 0.000081 0.001836 0.887472 0.110577 0.000034
2 2 0.000019 0.000313 0.849193 0.150469 0.000006
2 2 0.000001 0.000163 0.917061 0.082775 0.000001
2 2 0.000002 0.000230 0.989252 0.010515 0.000001
3 2 0.000001 0.000058 0.268738 0.731203 0.000001
3 2 0.000062 0.000371 0.463159 0.536399 0.000009
3 2 0.000001 0.000020 0.036642 0.963336 0.000001
3 3 0.000004 0.000072 0.145982 0.853938 0.000003
3 3 0.000001 0.000055 0.310238 0.689705 0.000002
3 3 0.000045 0.000431 0.225167 0.774298 0.000060
3 3 0.000033 0.000275 0.196582 0.803091 0.000019
3 3 0.000000 0.000015 0.090178 0.909805 0.000002
3 3 0.000028 0.000219 0.054234 0.945492 0.000027
3 3 0.000000 0.000019 0.038066 0.961913 0.000002
3 3 0.008139 0.008083 0.423727 0.559379 0.000672
3 3 0.000007 0.000088 0.037170 0.962723 0.000012
3 3 0.000019 0.000153 0.017178 0.982612 0.000038
3 3 0.000006 0.000065 0.021690 0.978231 0.000008
3 3 0.000010 0.000109 0.019760 0.980098 0.000022
3 3 0.000017 0.000090 0.011526 0.988356 0.000011
3 3 0.000039 0.000382 0.137066 0.862452 0.000062
3 3 0.000009 0.000080 0.009193 0.990699 0.000019
3 3 0.000125 0.000463 0.013122 0.986108 0.000182
3 3 0.000028 0.000152 0.007455 0.992319 0.000047
3 3 0.000005 0.000065 0.017761 0.982157 0.000010
3 3 0.000034 0.000174 0.007680 0.992056 0.000056
3 3 0.000043 0.000239 0.053988 0.945709 0.000021
3 3 0.000178 0.000665 0.072532 0.926540 0.000085
3 3 0.001872 0.003076 0.379513 0.615359 0.000180
3 3 0.001168 0.001994 0.039541 0.956753 0.000544
3 3 0.000000 0.000004 0.000957 0.999038 0.000001
3 3 0.000046 0.000581 0.233310 0.766039 0.000024
2 3 0.004239 0.005204 0.696850 0.293455 0.000252
2 3 0.001223 0.012071 0.962671 0.023864 0.000170
3 3 0.001033 0.003689 0.199255 0.795631 0.000392
2 3 0.000008 0.000507 0.690349 0.309129 0.000007
3 3 0.000008 0.000254 0.095632 0.904077 0.000029
3 3 0.000046 0.000533 0.101701 0.897678 0.000042
3 3 0.000006 0.000122 0.101126 0.898742 0.000004
3 3 0.000001 0.000104 0.108306 0.891585 0.000005
3 3 0.000148 0.000878 0.138692 0.860126 0.000155
3 3 0.000019 0.000113 0.010912 0.988936 0.000020
3 3 0.000259 0.000581 0.113671 0.885468 0.000022
3 3 0.000045 0.000286 0.079451 0.920191 0.000026
3 3 0.000067 0.000341 0.054154 0.945399 0.000040
3 3 0.000719 0.001384 0.096748 0.901018 0.000131
3 3 0.000002 0.000039 0.026336 0.973618 0.000005
3 3 0.000047 0.000220 0.008740 0.990919 0.000074
3 3 0.000033 0.000147 0.008534 0.991256 0.000030
3 3 0.000003 0.000028 0.002845 0.997117 0.000006
3 3 0.000002 0.000023 0.004886 0.995085 0.000004
3 3 0.000000 0.000007 0.001297 0.998695 0.000001
3 3 0.000013 0.000084 0.005165 0.994714 0.000023
3 3 0.000005 0.000040 0.005122 0.994827 0.000007
3 3 0.000671 0.001646 0.026140 0.970702 0.000842
3 3 0.000714 0.001724 0.026809 0.969862 0.000891
3 3 0.000002 0.000032 0.022957 0.977006 0.000002
3 3 0.000001 0.000022 0.008919 0.991054 0.000003
3 3 0.000003 0.000036 0.005416 0.994538 0.000007
3 3 0.000569 0.001453 0.024440 0.972814 0.000725
3 3 0.000051 0.001355 0.198005 0.800464 0.000126
3 3 0.000345 0.002000 0.350867 0.646684 0.000103
3 3 0.001801 0.004569 0.214594 0.777828 0.001208
3 3 0.000777 0.002466 0.341622 0.654848 0.000287
2 3 0.000181 0.003130 0.529695 0.466790 0.000203
3 3 0.008389 0.008516 0.146282 0.834934 0.001878
2 3 0.115997 0.085621 0.664823 0.127173 0.006385
2 3 0.000040 0.004960 0.980480 0.014460 0.000059
2 3 0.000446 0.008097 0.990723 0.000681 0.000053
2 3 0.018111 0.025731 0.952448 0.003362 0.000348
2 3 0.181718 0.154662 0.660608 0.000082 0.002930
1 2 0.229084 0.564786 0.169734 0.000144 0.036253
1 2 0.168144 0.434219 0.369273 0.000338 0.028025
2 2 0.000549 0.086811 0.908064 0.000022 0.004554
2 2 0.000331 0.040583 0.950506 0.001760 0.006819
2 2 0.001584 0.114126 0.503254 0.000216 0.380820
1 2 0.107996 0.391258 0.114643 0.000009 0.386095
1 2 0.277079 0.284036 0.235999 0.000582 0.202305
2 2 0.006082 0.187400 0.476451 0.000361 0.329707
2 2 0.003440 0.117519 0.822883 0.000290 0.055868
2 2 0.019533 0.231668 0.587127 0.000555 0.161117
4 2 0.012762 0.309024 0.324680 0.000642 0.352892
4 2 0.006816 0.310370 0.263126 0.000121 0.419567
1 2 0.102295 0.412704 0.349677 0.000147 0.135176
0 2 0.858264 0.079946 0.021272 0.000092 0.040426
1 0 0.304997 0.533804 0.107794 0.000130 0.053276
0 0 0.749882 0.180760 0.045305 0.000169 0.023884
1 0 0.043966 0.374616 0.350398 0.000935 0.230084
4 0 0.066539 0.393127 0.112183 0.000005 0.428146
1 2 0.034240 0.631829 0.264698 0.000139 0.069094
1 4 0.145828 0.467464 0.107103 0.000113 0.279492
4 4 0.041835 0.216553 0.105232 0.000396 0.635983
0 4 0.815709 0.096048 0.022369 0.000045 0.065829
0 4 0.795823 0.170635 0.019953 0.000003 0.013586
0 4 0.850144 0.110983 0.025513 0.000070 0.013289
2 4 0.063371 0.365869 0.548876 0.000048 0.021834
2 4 0.013629 0.226084 0.727800 0.000339 0.032148
4 4 0.011329 0.181623 0.351680 0.000465 0.454904
1 4 0.069932 0.396911 0.209305 0.000145 0.323707
1 4 0.056702 0.534274 0.212994 0.000008 0.196022
2 4 0.007085 0.354930 0.494301 0.000007 0.143678
2 4 0.029238 0.218994 0.418483 0.000222 0.333062
0 4 0.570956 0.190347 0.133970 0.000214 0.104513
4 4 0.073514 0.219965 0.241574 0.000495 0.464451
2 4 0.001346 0.066376 0.902167 0.000357 0.029753
2 4 0.017059 0.151815 0.803740 0.007081 0.020306
2 4 0.001267 0.042973 0.949730 0.000295 0.005736
2 4 0.000010 0.007236 0.991694 0.000062 0.000999
2 4 0.004457 0.063125 0.913004 0.000188 0.019227
2 4 0.012054 0.050451 0.927751 0.006701 0.003043
2 2 0.000028 0.007190 0.992165 0.000139 0.000478
2 2 0.005651 0.090591 0.899789 0.000537 0.003432
0 2 0.850665 0.095455 0.027476 0.000054 0.026350
0 2 0.533149 0.301209 0.101421 0.001194 0.063028
0 0 0.572252 0.366432 0.033643 0.000001 0.027672
0 0 0.714166 0.252590 0.028814 0.000001 0.004428
2 0 0.042525 0.440955 0.492974 0.000245 0.023301
2 0 0.010542 0.256469 0.726421 0.000351 0.006217
2 2 0.034536 0.360483 0.549494 0.000054 0.055433
0 2 0.671183 0.224117 0.038102 0.000021 0.066576
1 2 0.039267 0.536037 0.130817 0.000011 0.293869
2 2 0.006377 0.111088 0.866357 0.009142 0.007036
2 4 0.042540 0.227951 0.717452 0.001687 0.010370
2 4 0.045865 0.107713 0.844394 0.000329 0.001699
2 4 0.004436 0.181100 0.812935 0.000018 0.001510
2 4 0.019151 0.294584 0.670746 0.000431 0.015087
2 2 0.000032 0.005591 0.993666 0.000586 0.000125
2 2 0.000041 0.011371 0.985354 0.002715 0.000520
1 2 0.011100 0.543990 0.431752 0.000034 0.013125
1 2 0.013293 0.553170 0.365052 0.000059 0.068426
1 2 0.027126 0.517313 0.381077 0.000007 0.074477
1 2 0.012670 0.487809 0.464506 0.000056 0.034960
2 2 0.002882 0.085975 0.909138 0.000351 0.001653
2 2 0.000108 0.015999 0.983669 0.000077 0.000148
2 2 0.000015 0.007702 0.992081 0.000160 0.000042
2 2 0.022822 0.304760 0.663960 0.000205 0.008253
1 2 0.137278 0.662013 0.115305 0.000019 0.085386
1 2 0.062886 0.628782 0.080043 0.000008 0.228281
0 2 0.820367 0.121008 0.034591 0.000065 0.023970
0 2 0.514294 0.345156 0.093026 0.000427 0.047097
1 2 0.105724 0.526193 0.275436 0.000473 0.092174
2 2 0.025299 0.419154 0.527791 0.001575 0.026181
2 2 0.000463 0.025708 0.961759 0.007242 0.004828
2 2 0.000112 0.003417 0.995747 0.000642 0.000082
2 2 0.000287 0.007896 0.982315 0.009372 0.000130
2 2 0.001119 0.017785 0.980544 0.000155 0.000398
2 2 0.000076 0.007292 0.992170 0.000343 0.000119
2 2 0.000023 0.003637 0.995992 0.000340 0.000008
2 2 0.001600 0.048397 0.948711 0.000432 0.000861
2 2 0.000118 0.009707 0.990052 0.000069 0.000053
2 2 0.000018 0.000222 0.996969 0.002790 0.000001
2 2 0.000020 0.003805 0.995989 0.000175 0.000012
2 2 0.000088 0.013647 0.985778 0.000313 0.000174
2 2 0.000005 0.000478 0.996720 0.002793 0.000003
2 2 0.000141 0.001544 0.997713 0.000596 0.000006
2 2 0.000002 0.000343 0.999017 0.000638 0.000000
2 2 0.000002 0.000114 0.999808 0.000077 0.000000
2 2 0.000244 0.008154 0.991472 0.000068 0.000062
2 2 0.000385 0.027319 0.970717 0.001320 0.000258
2 2 0.385585 0.077076 0.536583 0.000014 0.000742
0 2 0.698976 0.192885 0.051875 0.000229 0.056035
1 2 0.178511 0.462250 0.348014 0.000020 0.011206
2 2 0.000154 0.004469 0.954501 0.040730 0.000147
2 2 0.000021 0.003248 0.996288 0.000430 0.000013
2 2 0.000003 0.000919 0.998595 0.000480 0.000002
2 2 0.027748 0.050678 0.905976 0.012425 0.003172
2 2 0.000021 0.015332 0.984511 0.000079 0.000057
2 2 0.000002 0.000252 0.999190 0.000556 0.000000
2 2 0.005028 0.007556 0.986963 0.000409 0.000044
2 2 0.208412 0.325227 0.461172 0.000204 0.004985
0 2 0.386655 0.368397 0.178714 0.001312 0.064922
2 2 0.329040 0.193144 0.472612 0.000221 0.004983
0 0 0.634465 0.221223 0.128403 0.000204 0.015705
0 0 0.596165 0.301909 0.083148 0.000010 0.018768
0 0 0.777606 0.135574 0.056398 0.000583 0.029838
0 0 0.444620 0.246480 0.155853 0.003238 0.149809
0 0 0.428994 0.360787 0.169915 0.000396 0.039908
1 2 0.331888 0.413967 0.108942 0.000028 0.145175
2 2 0.082387 0.151549 0.747613 0.000992 0.017459
1 0 0.225992 0.483969 0.127049 0.000001 0.162989
2 0 0.009663 0.294142 0.682206 0.000227 0.013763
0 4 0.630820 0.316996 0.043411 0.000003 0.008770
1 4 0.124323 0.632080 0.087812 0.000001 0.155783
0 4 0.940111 0.030264 0.012311 0.000390 0.016924
0 4 0.974075 0.016008 0.005270 0.000078 0.004568
1 4 0.261155 0.418617 0.076938 0.000035 0.243254
1 4 0.042894 0.464546 0.396906 0.000195 0.095458
2 4 0.232544 0.270725 0.431789 0.000383 0.064559
0 4 0.981048 0.015190 0.002524 0.000002 0.001236
1 4 0.238133 0.570321 0.109155 0.000003 0.082389
1 4 0.078773 0.624455 0.189233 0.000460 0.107079
1 4 0.124098 0.541892 0.229785 0.000067 0.104158
1 4 0.083487 0.583301 0.256338 0.000161 0.076713
2 4 0.002164 0.067207 0.927309 0.000281 0.003039
2 2 0.001102 0.117943 0.846031 0.000369 0.034555
2 2 0.006340 0.092301 0.816761 0.000653 0.083945
2 2 0.000356 0.008876 0.986883 0.003540 0.000345
2 2 0.023328 0.138616 0.833436 0.001036 0.003584
2 2 0.016526 0.189582 0.787326 0.001127 0.005439
2 2 0.000223 0.023929 0.975469 0.000202 0.000177
2 2 0.009501 0.112107 0.876325 0.000555 0.001512
2 2 0.001305 0.033790 0.963621 0.000923 0.000361
2 2 0.229456 0.198426 0.558733 0.003704 0.009682
2 2 0.002006 0.074230 0.918368 0.003200 0.002195
2 2 0.001107 0.011795 0.981941 0.004849 0.000307
2 2 0.001333 0.031848 0.966382 0.000211 0.000225
2 2 0.000012 0.001359 0.991909 0.006706 0.000014
2 2 0.000025 0.003028 0.995976 0.000937 0.000034
2 2 0.000039 0.002884 0.997029 0.000043 0.000004
2 2 0.000055 0.011671 0.988230 0.000020 0.000025
0 2 0.509149 0.167482 0.259523 0.005444 0.058403
0 2 0.924320 0.056290 0.012518 0.000032 0.006840
1 2 0.268271 0.629837 0.082467 0.000007 0.019419
1 2 0.037591 0.735514 0.085337 0.000001 0.141557
1 2 0.009253 0.635767 0.248251 0.001556 0.105173
2 2 0.000282 0.006908 0.991858 0.000873 0.000078
2 2 0.000473 0.006132 0.991114 0.002210 0.000071
2 2 0.000064 0.002830 0.984231 0.012821 0.000054
2 2 0.001947 0.026458 0.971284 0.000137 0.000174
2 2 0.011758 0.037703 0.950165 0.000087 0.000286
2 2 0.303411 0.318475 0.356003 0.000572 0.021539
2 2 0.000187 0.005709 0.990339 0.003721 0.000044
2 2 0.000001 0.000298 0.994383 0.005318 0.000001
2 2 0.000001 0.001052 0.996020 0.002924 0.000004
2 2 0.000012 0.001229 0.996793 0.001960 0.000005
2 2 0.000006 0.001194 0.998657 0.000142 0.000001
2 2 0.000000 0.000107 0.999210 0.000682 0.000000
2 2 0.000005 0.004243 0.995576 0.000169 0.000007
2 2 0.000008 0.003196 0.994649 0.002131 0.000017
2 2 0.000020 0.001850 0.997318 0.000806 0.000005
2 2 0.000000 0.000750 0.984724 0.014523 0.000003
2 2 0.000002 0.002296 0.997425 0.000255 0.000021
2 2 0.000002 0.000612 0.998917 0.000467 0.000002
2 2 0.000000 0.000189 0.976962 0.022849 0.000001
2 2 0.000001 0.000089 0.996363 0.003547 0.000000
2 2 0.000000 0.000010 0.934967 0.065023 0.000000
2 2 0.000003 0.000252 0.992070 0.007674 0.000001
2 2 0.000107 0.003192 0.995535 0.001100 0.000065
2 2 0.000004 0.000188 0.995951 0.003856 0.000000
2 2 0.000064 0.002142 0.985371 0.012400 0.000023
2 2 0.000018 0.000136 0.706257 0.293587 0.000001
2 2 0.000009 0.000533 0.952053 0.047403 0.000002
2 2 0.000007 0.001335 0.953916 0.044729 0.000013
2 2 0.000000 0.000080 0.970910 0.029008 0.000000
2 2 0.000000 0.000017 0.933912 0.066071 0.000000
2 2 0.000168 0.003182 0.845953 0.150615 0.000082
3 2 0.000006 0.000091 0.146764 0.853135 0.000004
2 2 0.000001 0.000102 0.772954 0.226943 0.000001
2 2 0.000028 0.000663 0.701583 0.297714 0.000013
2 2 0.000002 0.000095 0.919941 0.079961 0.000001
2 2 0.000000 0.000179 0.996840 0.002980 0.000001
2 2 0.000101 0.001841 0.917050 0.080960 0.000048
2 2 0.000006 0.000436 0.994566 0.004990 0.000002
3 2 0.000121 0.000516 0.303682 0.695666 0.000014
3 2 0.000022 0.000540 0.190586 0.808775 0.000078
3 2 0.000000 0.000001 0.314878 0.685122 0.000000
3 2 0.000000 0.000001 0.064206 0.935793 0.000000
3 2 0.000000 0.000013 0.030601 0.969384 0.000001
3 3 0.000001 0.000032 0.076359 0.923606 0.000002
3 3 0.000004 0.000078 0.206124 0.793791 0.000003
3 3 0.000018 0.000488 0.321304 0.678136 0.000054
3 3 0.000000 0.000012 0.122812 0.877176 0.000000
2 3 0.000000 0.000043 0.837596 0.162359 0.000002
2 3 0.000000 0.000101 0.932555 0.067341 0.000003
3 3 0.000005 0.000107 0.464807 0.535076 0.000005
3 3 0.000000 0.000002 0.042054 0.957944 0.000000
3 3 0.000002 0.000066 0.105742 0.894186 0.000004
3 3 0.000000 0.000018 0.043275 0.956706 0.000001
3 3 0.000095 0.000498 0.266218 0.733166 0.000023
3 3 0.000013 0.000156 0.085225 0.914591 0.000016
3 3 0.000000 0.000010 0.213035 0.786955 0.000000
3 3 0.000061 0.000540 0.424478 0.574884 0.000037
3 3 0.000005 0.000103 0.389972 0.609918 0.000002
3 3 0.000002 0.000059 0.381213 0.618722 0.000003
2 3 0.000000 0.000030 0.614171 0.385798 0.000001
2 3 0.000021 0.002369 0.926858 0.070423 0.000329
3 3 0.000067 0.000833 0.284316 0.714409 0.000376
3 3 0.000010 0.000137 0.065074 0.934758 0.000021
3 3 0.000003 0.000050 0.020088 0.979851 0.000008
3 3 0.000010 0.000232 0.098597 0.901141 0.000020
3 3 0.000021 0.000154 0.012261 0.987512 0.000053
3 3 0.000104 0.000364 0.013256 0.986175 0.000101
3 3 0.000007 0.000073 0.010782 0.989116 0.000022
3 3 0.000352 0.000912 0.253053 0.745649 0.000034
3 3 0.000001 0.000022 0.011917 0.988057 0.000003
3 3 0.000719 0.002271 0.039870 0.954812 0.002329
3 3 0.000002 0.000046 0.024301 0.975643 0.000007
3 3 0.000000 0.000006 0.001261 0.998731 0.000001
3 3 0.000008 0.000059 0.004251 0.995667 0.000015
3 3 0.000028 0.000174 0.011413 0.988335 0.000050
3 3 0.000000 0.000012 0.019067 0.980919 0.000001
3 3 0.000354 0.000977 0.034032 0.964382 0.000255
3 3 0.000071 0.000361 0.046152 0.953364 0.000052
3 3 0.000001 0.000019 0.007377 0.992600 0.000003
3 3 0.000022 0.000124 0.006378 0.993439 0.000037
3 3 0.020139 0.013889 0.138212 0.824365 0.003395
3 3 0.000129 0.001130 0.159729 0.838281 0.000730
3 3 0.001021 0.003202 0.094588 0.899703 0.001486
2 3 0.050801 0.100758 0.795084 0.045834 0.007522
2 3 0.021731 0.331327 0.634490 0.000486 0.011965
0 0 0.803329 0.073589 0.116787 0.001841 0.004454
2 0 0.319319 0.211780 0.455545 0.001009 0.012346
2 2 0.113382 0.319804 0.500688 0.010788 0.055338
2 2 0.158555 0.280303 0.544757 0.000236 0.016148
1 2 0.218779 0.382111 0.354200 0.000400 0.044511
1 2 0.150843 0.479231 0.308789 0.000093 0.061045
1 2 0.194967 0.537958 0.184629 0.000007 0.082439
1 2 0.083313 0.511465 0.145990 0.000006 0.259226
2 2 0.016477 0.301324 0.617177 0.000381 0.064641
1 4 0.075883 0.573050 0.272016 0.000024 0.079027
2 4 0.041527 0.190238 0.744821 0.000108 0.023307
0 4 0.558047 0.287334 0.099562 0.000002 0.055055
0 4 0.695401 0.184700 0.036020 0.000003 0.083875
0 4 0.525112 0.259226 0.145490 0.000009 0.070162
2 4 0.211511 0.259315 0.452027 0.001062 0.076085
0 4 0.847337 0.085559 0.014446 0.000008 0.052651
0 4 0.392874 0.283926 0.125210 0.000008 0.197982
4 4 0.302760 0.190193 0.093716 0.000017 0.413314
4 4 0.096587 0.240465 0.274794 0.000379 0.387774
0 4 0.837453 0.060120 0.021516 0.000304 0.080608
0 4 0.603562 0.248750 0.048543 0.000046 0.099098
0 4 0.716766 0.125991 0.040803 0.000089 0.116351
0 4 0.494976 0.120568 0.024705 0.000022 0.359729
0 4 0.424697 0.338006 0.052784 0.000003 0.184509
0 4 0.536669 0.290017 0.064843 0.000006 0.108465
1 4 0.095865 0.419548 0.213829 0.000019 0.270740
2 4 0.054826 0.187118 0.747577 0.000652 0.009827
0 4 0.752881 0.113615 0.122409 0.000825 0.010271
0 4 0.578246 0.158302 0.025901 0.000009 0.237541
0 4 0.389318 0.289873 0.049639 0.000021 0.271149
1 4 0.034589 0.604152 0.140294 0.000010 0.220955
4 4 0.019420 0.284561 0.126054 0.000032 0.569932
1 4 0.168733 0.451380 0.097969 0.000114 0.281804
0 4 0.441081 0.147340 0.067790 0.000035 0.343754
4 4 0.126449 0.054536 0.032241 0.000103 0.786671
4 4 0.388439 0.101672 0.022069 0.000023 0.487795
4 4 0.291564 0.040605 0.016488 0.000250 0.651093
4 4 0.288608 0.066620 0.039467 0.003310 0.601994
4 4 0.197102 0.155231 0.075487 0.000913 0.571266
4 4 0.152033 0.050835 0.034554 0.002867 0.759712
4 4 0.161595 0.293579 0.118654 0.002002 0.424169
4 4 0.322465 0.143097 0.039138 0.000116 0.495184
4 4 0.265732 0.266235 0.056442 0.000032 0.411559
4 4 0.169680 0.106598 0.028852 0.000025 0.694844
0 4 0.715457 0.147101 0.025073 0.000013 0.112355
4 4 0.257177 0.049207 0.018295 0.000186 0.675136
4 4 0.110774 0.224720 0.071824 0.000379 0.592303
0 4 0.704846 0.119505 0.033564 0.000042 0.142043
4 4 0.122032 0.055134 0.041275 0.008661 0.772898
4 4 0.011911 0.012393 0.004124 0.000004 0.971568
0 4 0.617274 0.033662 0.009501 0.000034 0.339529
4 4 0.213064 0.128373 0.072563 0.000109 0.585891
1 4 0.198970 0.347700 0.114318 0.000148 0.338863
4 4 0.150087 0.177218 0.136670 0.000164 0.535861
0 4 0.736184 0.072182 0.015921 0.000023 0.175690
0 4 0.604459 0.288843 0.029962 0.000000 0.076736
0 4 0.568283 0.278133 0.073922 0.000020 0.079642
0 4 0.915360 0.041341 0.007367 0.000005 0.035926
1 4 0.230546 0.433184 0.071408 0.000001 0.264861
1 4 0.142630 0.461926 0.139037 0.000001 0.256405
0 4 0.518530 0.357216 0.031577 0.000001 0.092676
1 4 0.210014 0.541332 0.161718 0.000002 0.086934
0 4 0.419295 0.388345 0.079088 0.000003 0.113268
0 4 0.605488 0.262283 0.027534 0.000000 0.104695
1 0 0.087184 0.630695 0.178472 0.000021 0.103629
1 1 0.215739 0.507040 0.190155 0.000002 0.087065
1 1 0.310675 0.511581 0.071218 0.000001 0.106526
1 1 0.337390 0.472127 0.048267 0.000002 0.142214
0 1 0.450074 0.369010 0.083739 0.000016 0.097161
1 1 0.199640 0.491769 0.093632 0.000007 0.214952
0 1 0.432967 0.377410 0.129484 0.000008 0.060132
0 1 0.452205 0.382622 0.073849 0.000003 0.091322
0 0 0.433434 0.415741 0.136585 0.000001 0.014238
2 0 0.034415 0.407447 0.547618 0.000665 0.009855
1 0 0.053249 0.701071 0.079099 0.000003 0.166578
1 0 0.125116 0.437234 0.424946 0.000041 0.012663
1 0 0.227649 0.417875 0.338854 0.000185 0.015438
0 0 0.444463 0.364770 0.061836 0.000004 0.128927
1 0 0.175111 0.453305 0.142029 0.000007 0.229547
0 0 0.576126 0.279193 0.113366 0.000007 0.031308
0 0 0.451890 0.308829 0.132102 0.004097 0.103082
1 0 0.396511 0.477336 0.095124 0.000086 0.030943
1 0 0.242227 0.395272 0.352916 0.000118 0.009468
1 0 0.245681 0.503402 0.220160 0.000395 0.030362
0 0 0.895117 0.075285 0.014314 0.000005 0.015279
1 0 0.162832 0.668516 0.100016 0.000029 0.068607
1 0 0.078881 0.691974 0.099716 0.000009 0.129420
1 1 0.066335 0.680116 0.092862 0.000004 0.160683
0 1 0.525096 0.329692 0.094218 0.000003 0.050992
1 1 0.147092 0.642019 0.145309 0.000004 0.065576
0 1 0.898350 0.052359 0.014383 0.000072 0.034835
1 0 0.146777 0.560050 0.099364 0.000050 0.193758
4 0 0.131291 0.286471 0.072326 0.000141 0.509771
0 0 0.860923 0.090194 0.022315 0.000075 0.026493
1 0 0.251350 0.532392 0.127089 0.000010 0.089159
0 0 0.855841 0.109528 0.018073 0.000011 0.016547
1 0 0.010963 0.643223 0.303972 0.000018 0.041824
1 1 0.052822 0.500818 0.211038 0.000004 0.235317
1 1 0.024721 0.720738 0.198039 0.000013 0.056490
1 1 0.062473 0.508903 0.416882 0.000003 0.011738
1 1 0.187912 0.451392 0.158950 0.000040 0.201706
1 1 0.449491 0.464123 0.061160 0.000007 0.025219
1 1 0.122898 0.665783 0.120820 0.000076 0.090424
0 1 0.450665 0.372598 0.111881 0.000028 0.064828
1 1 0.142004 0.389308 0.297058 0.000012 0.171618
2 1 0.049668 0.172846 0.740760 0.000201 0.036524
2 2 0.117708 0.302391 0.535239 0.000055 0.044608
2 2 0.070398 0.308724 0.615593 0.000072 0.005213
2 2 0.007410 0.050224 0.941936 0.000018 0.000413
2 2 0.041211 0.203201 0.731134 0.000339 0.024114
2 2 0.000020 0.020929 0.976069 0.000499 0.002484
2 2 0.000442 0.040522 0.957856 0.000179 0.001001
1 2 0.124627 0.714837 0.116378 0.000030 0.044128
2 2 0.076820 0.327797 0.552084 0.000769 0.042530
2 2 0.003974 0.063909 0.929587 0.001171 0.001359
1 2 0.307131 0.489219 0.152811 0.000063 0.050777
1 2 0.160312 0.575695 0.201865 0.000133 0.061995
1 2 0.006397 0.507241 0.432607 0.000018 0.053737
2 2 0.003210 0.104574 0.889779 0.000055 0.002382
2 2 0.000407 0.016244 0.981922 0.000178 0.001249
2 2 0.000137 0.002961 0.993386 0.003143 0.000374
2 2 0.000121 0.023235 0.970820 0.001230 0.004595
2 2 0.000661 0.015882 0.961335 0.018002 0.004119
2 2 0.008338 0.042230 0.942961 0.003435 0.003036
2 2 0.006408 0.052334 0.937511 0.000146 0.003601
2 2 0.002946 0.089430 0.906218 0.000055 0.001352
1 2 0.162802 0.707712 0.100047 0.000015 0.029423
2 2 0.010903 0.146435 0.840949 0.000176 0.001537
2 2 0.011308 0.249397 0.728738 0.000198 0.010359
2 2 0.003178 0.079986 0.910797 0.000338 0.005701
2 2 0.000297 0.044540 0.954753 0.000142 0.000267
2 2 0.018462 0.456629 0.514818 0.000064 0.010027
2 2 0.000154 0.008638 0.989888 0.001274 0.000045
2 2 0.000031 0.003273 0.989929 0.006710 0.000058
2 2 0.000004 0.000890 0.996375 0.002729 0.000002
0 2 0.491480 0.417735 0.089914 0.000000 0.000871
2 2 0.017748 0.455677 0.513890 0.000050 0.012636
2 2 0.002741 0.424943 0.553927 0.000005 0.018383
2 2 0.003877 0.159077 0.829082 0.000023 0.007942
2 2 0.000054 0.008930 0.989267 0.001639 0.000111
2 2 0.000159 0.004442 0.992483 0.002810 0.000105
2 2 0.000222 0.007531 0.990320 0.001669 0.000259
2 2 0.002150 0.019972 0.971980 0.001049 0.004850
2 2 0.000023 0.002829 0.997107 0.000031 0.000010
2 2 0.000053 0.002646 0.993463 0.003775 0.000063
2 2 0.000007 0.001296 0.998493 0.000199 0.000005
2 2 0.000002 0.000228 0.999301 0.000468 0.000001
2 2 0.000146 0.007204 0.991377 0.001027 0.000246
2 2 0.000003 0.000578 0.981010 0.018405 0.000004
2 2 0.000000 0.000151 0.998925 0.000924 0.000000
2 2 0.000001 0.000309 0.995945 0.003743 0.000001
2 2 0.000080 0.001783 0.963752 0.034322 0.000064
2 2 0.001795 0.028694 0.969210 0.000031 0.000270
2 2 0.000044 0.002552 0.996645 0.000717 0.000042
2 2 0.000346 0.003058 0.992169 0.004400 0.000027
2 2 0.000023 0.000696 0.998359 0.000920 0.000002
2 2 0.000039 0.005946 0.977912 0.015970 0.000134
2 2 0.000004 0.000923 0.989764 0.009300 0.000009
2 2 0.013851 0.032819 0.949760 0.002401 0.001170
2 2 0.102392 0.312828 0.470744 0.062275 0.051762
2 2 0.000240 0.025542 0.972037 0.001557 0.000623
2 2 0.000306 0.013890 0.981988 0.001590 0.002226
2 2 0.002279 0.077090 0.919185 0.000264 0.001182
2 2 0.001574 0.021875 0.976287 0.000166 0.000098
2 2 0.042640 0.140134 0.811825 0.000807 0.004593
1 2 0.264778 0.375135 0.131055 0.000018 0.229014
0 2 0.381308 0.312149 0.102109 0.000016 0.204417
2 2 0.052402 0.294559 0.639425 0.000152 0.013462
1 2 0.028184 0.526952 0.426763 0.000010 0.018091
1 4 0.023281 0.535116 0.419961 0.000061 0.021581
2 4 0.029765 0.193331 0.747049 0.000189 0.029666
0 4 0.529978 0.350847 0.100909 0.000043 0.018223
1 4 0.104092 0.615875 0.251074 0.000009 0.028949
2 4 0.000376 0.078144 0.914621 0.001776 0.005083
2 4 0.000003 0.001481 0.990141 0.008340 0.000035
2 2 0.000003 0.000939 0.998676 0.000275 0.000108
2 2 0.000003 0.001926 0.998042 0.000015 0.000013
2 2 0.000042 0.015128 0.983497 0.001103 0.000230
2 2 0.000085 0.002490 0.995452 0.001917 0.000055
2 2 0.000075 0.007927 0.990453 0.001419 0.000126
2 2 0.000006 0.001062 0.998725 0.000198 0.000009
2 2 0.000113 0.002498 0.996863 0.000522 0.000004
2 2 0.002035 0.017612 0.977892 0.002201 0.000261
2 2 0.000871 0.016232 0.982594 0.000205 0.000097
2 2 0.000434 0.021590 0.977598 0.000221 0.000157
2 2 0.000002 0.000364 0.997945 0.001688 0.000001
2 2 0.000002 0.000505 0.998679 0.000814 0.000001
2 2 0.000003 0.000470 0.999126 0.000401 0.000001
2 2 0.004513 0.045034 0.948670 0.000972 0.000810
2 2 0.014106 0.086888 0.878737 0.013730 0.006539
2 2 0.001313 0.011863 0.985856 0.000863 0.000106
2 2 0.004806 0.064634 0.927481 0.001515 0.001564
2 2 0.004403 0.139594 0.853503 0.000182 0.002318
2 2 0.055540 0.412704 0.508259 0.000431 0.023066
2 2 0.011532 0.113606 0.860093 0.009150 0.005619
2 2 0.000025 0.000713 0.952299 0.046882 0.000081
2 2 0.000029 0.002422 0.997064 0.000446 0.000040
2 2 0.005006 0.031348 0.959646 0.001773 0.002226
2 2 0.002330 0.008370 0.985045 0.004072 0.000182
0 2 0.740261 0.146080 0.112176 0.000001 0.001483
2 2 0.000567 0.026313 0.972775 0.000182 0.000164
2 2 0.005145 0.099077 0.893248 0.000303 0.002227
2 2 0.000048 0.006823 0.992781 0.000155 0.000194
2 2 0.000337 0.005915 0.993173 0.000496 0.000079
2 2 0.000045 0.003051 0.996849 0.000043 0.000011
2 2 0.000312 0.010097 0.989091 0.000462 0.000038
2 2 0.000035 0.002229 0.997677 0.000056 0.000003
2 2 0.000052 0.010872 0.988946 0.000063 0.000068
2 2 0.000198 0.011497 0.988074 0.000163 0.000069
2 2 0.003706 0.063273 0.930278 0.001491 0.001252
2 2 0.000017 0.000827 0.998903 0.000250 0.000002
2 2 0.000491 0.013685 0.985480 0.000224 0.000119
2 2 0.000145 0.005104 0.989357 0.005335 0.000059
2 2 0.000001 0.000170 0.999562 0.000267 0.000000
2 2 0.000005 0.000253 0.999433 0.000309 0.000000
2 2 0.000008 0.000399 0.999303 0.000289 0.000001
2 2 0.000079 0.001529 0.998112 0.000278 0.000002
0 2 0.450622 0.406693 0.073667 0.000054 0.068965
0 2 0.760007 0.189073 0.035929 0.000042 0.014948
2 2 0.000658 0.023289 0.970163 0.004418 0.001472
2 2 0.000005 0.001488 0.998325 0.000172 0.000009
2 2 0.001451 0.016648 0.981251 0.000359 0.000291
2 2 0.000014 0.002329 0.997269 0.000379 0.000008
2 2 0.000010 0.001788 0.998119 0.000071 0.000012
2 2 0.031473 0.141355 0.822662 0.000141 0.004368
2 2 0.000604 0.008860 0.972295 0.017481 0.000760
2 2 0.000000 0.000101 0.998665 0.001232 0.000001
2 2 0.002381 0.048966 0.945200 0.002734 0.000718
2 2 0.027927 0.184172 0.781995 0.000666 0.005240
2 2 0.034636 0.165929 0.766904 0.001279 0.031252
2 2 0.009947 0.042894 0.941942 0.001960 0.003257
2 2 0.075224 0.169404 0.749412 0.000764 0.005196
0 2 0.454443 0.304269 0.182875 0.000370 0.058042
1 2 0.054099 0.489959 0.360847 0.002661 0.092434
2 2 0.000303 0.011020 0.986545 0.000788 0.001343
2 2 0.000038 0.001285 0.998183 0.000352 0.000143
2 2 0.000570 0.010755 0.987494 0.000950 0.000231
0 2 0.923190 0.041548 0.033148 0.000004 0.002110
2 2 0.000219 0.004221 0.970518 0.024987 0.000055
2 2 0.001121 0.030763 0.967078 0.000466 0.000571
2 2 0.000855 0.014308 0.983290 0.000237 0.001311
2 2 0.000121 0.003528 0.996267 0.000055 0.000029
2 2 0.017019 0.065735 0.899387 0.009711 0.008148
2 2 0.003771 0.020777 0.972475 0.001273 0.001703
2 2 0.000006 0.002864 0.997011 0.000064 0.000055
2 2 0.017432 0.058365 0.838722 0.080298 0.005183
2 2 0.000391 0.011778 0.968351 0.019211 0.000269
2 2 0.000452 0.010552 0.906855 0.081738 0.000403
2 2 0.000301 0.010142 0.983466 0.005855 0.000237
2 2 0.001024 0.006687 0.981205 0.010726 0.000358
2 2 0.000000 0.000687 0.998575 0.000736 0.000002
2 2 0.000006 0.000614 0.998307 0.001072 0.000001
2 2 0.000262 0.019310 0.980184 0.000130 0.000114
2 2 0.001761 0.029471 0.966379 0.002075 0.000314
2 2 0.000021 0.000167 0.980892 0.018919 0.000001
2 2 0.002652 0.028011 0.967956 0.001011 0.000370
2 2 0.000016 0.003666 0.996242 0.000070 0.000007
2 2 0.000042 0.011974 0.987570 0.000337 0.000076
2 2 0.000733 0.012298 0.984146 0.002680 0.000144
2 2 0.002554 0.003529 0.991768 0.002129 0.000021
2 2 0.000324 0.006103 0.993192 0.000362 0.000020
2 2 0.000014 0.004338 0.994954 0.000498 0.000196
2 2 0.000100 0.004233 0.991478 0.004009 0.000180
2 2 0.000131 0.010291 0.989164 0.000339 0.000075
2 2 0.001778 0.011660 0.986000 0.000175 0.000387
2 2 0.000165 0.001433 0.994303 0.004089 0.000010
2 2 0.022608 0.043144 0.918711 0.014026 0.001511
2 2 0.002622 0.042121 0.954370 0.000393 0.000495
2 2 0.009772 0.094585 0.887832 0.005121 0.002690
2 2 0.011573 0.062014 0.922852 0.002813 0.000748
2 2 0.000024 0.002021 0.997594 0.000358 0.000004
2 2 0.000400 0.007452 0.991312 0.000769 0.000067
2 2 0.002168 0.007209 0.984558 0.005974 0.000090
2 2 0.015483 0.179441 0.733644 0.051730 0.019702
2 2 0.009143 0.063225 0.903800 0.010062 0.013770
2 2 0.000037 0.004464 0.991997 0.003426 0.000077
2 2 0.000001 0.000215 0.999774 0.000010 0.000000
2 2 0.000002 0.000480 0.996695 0.002822 0.000002
2 2 0.000033 0.000788 0.993367 0.005806 0.000006
0 2 0.652067 0.228682 0.093526 0.000205 0.025520
2 2 0.000410 0.013096 0.982213 0.002435 0.001844
2 2 0.000129 0.002194 0.996171 0.001440 0.000067
2 2 0.000525 0.016193 0.980869 0.001579 0.000833
2 2 0.006429 0.032717 0.953128 0.005368 0.002357
2 2 0.003874 0.028536 0.964181 0.002396 0.001013
2 2 0.000070 0.001410 0.998271 0.000245 0.000004
2 2 0.000179 0.016176 0.980887 0.001929 0.000829
2 2 0.015211 0.050480 0.927657 0.004051 0.002601
2 2 0.000055 0.001488 0.997127 0.001325 0.000005
2 2 0.000013 0.001317 0.997544 0.001121 0.000005
2 2 0.002326 0.023258 0.956447 0.016124 0.001846
2 2 0.000454 0.014918 0.978106 0.006013 0.000509
2 2 0.000492 0.007805 0.979327 0.012219 0.000157
2 2 0.000139 0.003693 0.995925 0.000233 0.000011
2 2 0.000514 0.012361 0.985593 0.001339 0.000192
2 2 0.000001 0.000113 0.998015 0.001871 0.000000
2 2 0.000003 0.000047 0.954648 0.045302 0.000000
2 2 0.000001 0.000140 0.995075 0.004783 0.000000
2 3 0.000006 0.000298 0.991595 0.008101 0.000001
2 3 0.000099 0.001691 0.931905 0.066268 0.000037
2 3 0.000166 0.005377 0.899596 0.094715 0.000146
