1 0 0.145373 0.477296 0.191636 0.000112 0.185583
4 1 0.016560 0.338794 0.195939 0.000044 0.448662
4 1 0.008826 0.166527 0.171238 0.000010 0.653399
4 1 0.028955 0.044966 0.018004 0.000002 0.908073
4 1 0.034818 0.204356 0.073641 0.000023 0.687161
2 1 0.071404 0.146682 0.395789 0.000638 0.385488
4 1 0.295102 0.154290 0.065416 0.000208 0.484984
4 4 0.084502 0.199093 0.080318 0.000054 0.636033
4 4 0.026795 0.019774 0.005753 0.000037 0.947641
4 4 0.050675 0.031373 0.068623 0.000189 0.849139
4 4 0.218880 0.055686 0.017237 0.000110 0.708087
4 4 0.268848 0.272840 0.072368 0.000050 0.385894
4 4 0.216249 0.101783 0.046456 0.000472 0.635040
4 4 0.188752 0.054157 0.020426 0.000362 0.736302
4 4 0.132733 0.075762 0.042989 0.001157 0.747358
4 4 0.022363 0.133040 0.065787 0.000029 0.778781
4 4 0.037375 0.219357 0.074192 0.000006 0.669070
4 4 0.132899 0.053735 0.122873 0.001519 0.688975
2 4 0.002772 0.105407 0.805898 0.004086 0.081837
1 4 0.090974 0.346921 0.226358 0.000155 0.335592
0 4 0.730695 0.079920 0.030993 0.001424 0.156968
4 4 0.108534 0.030711 0.010037 0.000012 0.850706
4 4 0.087446 0.073870 0.079298 0.000407 0.758979
4 4 0.325464 0.164592 0.093788 0.000677 0.415479
4 4 0.212228 0.255949 0.073898 0.000039 0.457885
4 4 0.037148 0.115966 0.055644 0.000010 0.791233
4 4 0.047250 0.091659 0.030906 0.000004 0.830182
4 4 0.148085 0.036964 0.024205 0.000072 0.790675
4 4 0.116208 0.071335 0.013212 0.000002 0.799243
4 4 0.249418 0.050898 0.014989 0.000039 0.684656
4 4 0.017332 0.170920 0.080957 0.000084 0.730707
4 4 0.059640 0.124765 0.184774 0.000089 0.630732
4 4 0.160578 0.298356 0.227250 0.000448 0.313369
4 1 0.238278 0.183826 0.061463 0.000068 0.516365
4 1 0.150384 0.137516 0.042208 0.000021 0.669871
0 1 0.532116 0.050497 0.011759 0.000091 0.405538
4 1 0.320485 0.117782 0.026703 0.000040 0.534992
4 1 0.096976 0.349885 0.176470 0.000059 0.376610
4 1 0.027276 0.091573 0.081180 0.000115 0.799857
4 1 0.101996 0.122013 0.200316 0.000483 0.575192
1 1 0.048512 0.524772 0.336102 0.000129 0.090485
1 1 0.199534 0.408260 0.227720 0.000556 0.163929
1 1 0.206142 0.495448 0.233070 0.000651 0.064688
0 1 0.362938 0.245306 0.127593 0.000842 0.263321
1 1 0.049823 0.534188 0.320185 0.000106 0.095698
2 1 0.026177 0.381931 0.541060 0.001589 0.049242
1 2 0.200144 0.476639 0.278849 0.001782 0.042587
1 2 0.080455 0.395180 0.306998 0.000273 0.217094
2 2 0.067548 0.224591 0.658186 0.002724 0.046950
2 2 0.019467 0.336194 0.612415 0.008027 0.023896
2 2 0.011552 0.275578 0.671414 0.000386 0.041070
2 2 0.000415 0.104692 0.890112 0.000659 0.004123
2 2 0.001717 0.069394 0.921943 0.002198 0.004748
2 2 0.002025 0.039398 0.952145 0.003655 0.002779
2 2 0.004968 0.061701 0.925517 0.003291 0.004523
2 2 0.004557 0.050478 0.932636 0.010624 0.001706
2 2 0.004623 0.052692 0.922503 0.016631 0.003551
2 2 0.015951 0.067979 0.787208 0.120956 0.007907
2 2 0.012143 0.128638 0.576354 0.221218 0.061648
2 2 0.039052 0.144877 0.607509 0.191415 0.017147
2 2 0.212345 0.238864 0.514880 0.022529 0.011382
2 2 0.017376 0.098445 0.868030 0.013374 0.002775
2 2 0.117277 0.213363 0.643490 0.019142 0.006728
2 2 0.004548 0.059865 0.926190 0.007804 0.001593
2 2 0.002312 0.043324 0.935672 0.015850 0.002841
2 2 0.308665 0.224522 0.375239 0.065382 0.026192
3 2 0.101366 0.169762 0.331247 0.340916 0.056709
2 2 0.004739 0.098060 0.679347 0.208465 0.009390
2 2 0.005788 0.047982 0.848352 0.093936 0.003942
2 3 0.008670 0.076568 0.472791 0.432461 0.009511
2 3 0.013718 0.135886 0.454149 0.385705 0.010542
3 3 0.002897 0.012546 0.062942 0.915285 0.006330
2 3 0.007468 0.047753 0.655379 0.282760 0.006640
2 3 0.013353 0.136228 0.834311 0.012198 0.003910
2 3 0.009680 0.030451 0.622186 0.335616 0.002067
3 3 0.006948 0.016254 0.017601 0.944110 0.015088
3 3 0.006014 0.015702 0.094786 0.879804 0.003694
3 3 0.004823 0.030506 0.153524 0.805398 0.005749
3 3 0.000187 0.004381 0.059282 0.935284 0.000866
3 3 0.004648 0.032915 0.080841 0.872481 0.009116
3 3 0.011257 0.018100 0.135383 0.829539 0.005722
3 3 0.001835 0.005641 0.043255 0.947412 0.001857
3 3 0.000226 0.002652 0.062425 0.934377 0.000320
3 3 0.006597 0.015102 0.123590 0.851482 0.003229
3 3 0.000177 0.000816 0.014046 0.984627 0.000333
3 3 0.000089 0.000583 0.004217 0.994797 0.000315
3 3 0.000814 0.002350 0.007969 0.987294 0.001574
3 3 0.000011 0.000064 0.002715 0.997175 0.000034
3 3 0.000023 0.000137 0.002701 0.997059 0.000081
3 3 0.000002 0.000022 0.000804 0.999159 0.000013
3 3 0.055286 0.086413 0.203562 0.346741 0.307999
3 3 0.004696 0.014513 0.101270 0.868945 0.010576
3 3 0.000850 0.004957 0.072308 0.920928 0.000956
2 3 0.000446 0.010742 0.678517 0.309343 0.000952
2 2 0.005049 0.016702 0.785130 0.190356 0.002762
3 2 0.001410 0.006048 0.113276 0.877901 0.001365
3 2 0.030428 0.093655 0.386875 0.472345 0.016697
3 3 0.000123 0.002065 0.040674 0.956803 0.000335
3 3 0.000065 0.000306 0.013771 0.985761 0.000096
2 3 0.004537 0.026313 0.624555 0.342608 0.001987
3 3 0.000383 0.008354 0.346397 0.642218 0.002648
2 3 0.000949 0.019433 0.615798 0.360681 0.003140
2 3 0.005981 0.025031 0.489274 0.472054 0.007660
3 3 0.005529 0.015455 0.332059 0.642677 0.004280
3 3 0.001106 0.003814 0.085126 0.909245 0.000709
3 3 0.000184 0.001336 0.040674 0.957275 0.000531
3 3 0.001978 0.011034 0.212161 0.772880 0.001947
3 3 0.005464 0.013789 0.224738 0.754061 0.001949
3 3 0.009434 0.007524 0.085593 0.894510 0.002940
3 3 0.000104 0.000498 0.027933 0.971352 0.000113
3 3 0.000286 0.003609 0.307227 0.688547 0.000331
3 3 0.000024 0.000161 0.008808 0.990957 0.000050
3 3 0.000186 0.000606 0.008834 0.990066 0.000308
3 3 0.000183 0.001243 0.027052 0.971242 0.000279
3 3 0.000027 0.000219 0.020624 0.979089 0.000042
3 3 0.031092 0.057618 0.351745 0.551687 0.007858
3 3 0.000019 0.000205 0.061475 0.938277 0.000025
3 3 0.000427 0.001210 0.029850 0.968137 0.000376
3 3 0.006467 0.029365 0.041247 0.898769 0.024152
3 3 0.004112 0.005108 0.031519 0.956030 0.003231
3 3 0.000000 0.000008 0.001323 0.998666 0.000002
3 3 0.000001 0.000004 0.001677 0.998317 0.000002
3 3 0.000029 0.000134 0.006718 0.993062 0.000056
3 3 0.000068 0.000452 0.008019 0.991293 0.000168
3 3 0.000145 0.000847 0.011663 0.987039 0.000306
3 3 0.000105 0.001768 0.022634 0.975197 0.000296
3 3 0.000662 0.002816 0.043700 0.952075 0.000747
3 3 0.000658 0.001223 0.037198 0.960052 0.000869
3 3 0.000023 0.000131 0.009358 0.990446 0.000042
3 3 0.000148 0.000540 0.005727 0.993264 0.000322
3 3 0.000014 0.000092 0.002312 0.997530 0.000053
3 3 0.000098 0.000577 0.012708 0.986433 0.000184
3 3 0.000010 0.000054 0.003215 0.996694 0.000027
3 3 0.000001 0.000007 0.002310 0.997679 0.000003
3 3 0.000035 0.000148 0.004670 0.995069 0.000078
3 3 0.000004 0.000058 0.000841 0.999058 0.000039
3 3 0.000007 0.000052 0.001926 0.997987 0.000029
3 3 0.000035 0.000152 0.004526 0.995205 0.000081
3 3 0.000039 0.000163 0.004837 0.994875 0.000086
3 3 0.000012 0.000065 0.003172 0.996718 0.000033
3 3 0.000012 0.000099 0.019258 0.980614 0.000017
3 3 0.000039 0.000215 0.009915 0.989760 0.000071
3 3 0.000000 0.000002 0.000453 0.999543 0.000001
3 3 0.000000 0.000004 0.000520 0.999475 0.000002
3 3 0.000002 0.000018 0.002422 0.997552 0.000007
3 3 0.000000 0.000004 0.000732 0.999263 0.000001
3 3 0.000001 0.000013 0.000345 0.999632 0.000009
3 3 0.000007 0.000042 0.002621 0.997308 0.000022
3 3 0.000175 0.001228 0.015191 0.983044 0.000362
3 3 0.000011 0.000065 0.002823 0.997066 0.000035
3 3 0.000017 0.000106 0.002500 0.997316 0.000061
3 3 0.000003 0.000022 0.002618 0.997340 0.000017
3 3 0.000018 0.000127 0.002200 0.997574 0.000081
3 3 0.000039 0.000346 0.001475 0.997877 0.000263
3 3 0.000004 0.000030 0.001700 0.998250 0.000016
3 3 0.000005 0.000045 0.001445 0.998479 0.000026
3 3 0.000003 0.000033 0.001026 0.998917 0.000020
3 3 0.000005 0.000056 0.001250 0.998654 0.000035
3 3 0.000059 0.000319 0.003125 0.996294 0.000203
3 3 0.000117 0.000306 0.009538 0.989887 0.000152
3 3 0.000000 0.000003 0.000965 0.999030 0.000002
3 3 0.000000 0.000003 0.001571 0.998426 0.000001
3 3 0.000004 0.000047 0.001677 0.998248 0.000023
3 3 0.000000 0.000000 0.000188 0.999811 0.000000
3 3 0.000000 0.000004 0.001689 0.998304 0.000002
3 3 0.000005 0.000065 0.000930 0.998956 0.000044
3 3 0.000107 0.000747 0.002102 0.996464 0.000580
3 3 0.000276 0.000969 0.005990 0.992148 0.000617
3 3 0.000000 0.000007 0.000461 0.999528 0.000004
3 3 0.000008 0.000056 0.002048 0.997858 0.000031
3 3 0.000001 0.000011 0.000829 0.999154 0.000006
3 3 0.000364 0.001155 0.006977 0.990776 0.000728
1 3 0.267592 0.443157 0.248339 0.016317 0.024595
3 3 0.002982 0.006854 0.117636 0.871123 0.001404
3 3 0.000005 0.000052 0.033436 0.966499 0.000009
2 3 0.013330 0.048257 0.728606 0.206677 0.003130
2 3 0.002726 0.051200 0.691913 0.250976 0.003184
3 3 0.000369 0.001682 0.097528 0.900190 0.000231
3 3 0.000452 0.001146 0.070605 0.927549 0.000248
3 3 0.123242 0.071575 0.224404 0.559186 0.021594
2 2 0.000791 0.074716 0.920584 0.002531 0.001378
2 2 0.004012 0.155479 0.836764 0.002233 0.001512
2 2 0.001671 0.094928 0.899184 0.002506 0.001711
2 2 0.001229 0.053450 0.709772 0.233369 0.002180
3 2 0.098604 0.072741 0.308632 0.502241 0.017782
2 2 0.000891 0.044951 0.847708 0.002273 0.104177
2 2 0.000882 0.014680 0.968493 0.000943 0.015002
2 2 0.000335 0.008979 0.972113 0.017011 0.001562
2 2 0.005781 0.052936 0.848906 0.011255 0.081121
2 2 0.004904 0.100484 0.550362 0.000912 0.343338
4 4 0.117454 0.167340 0.056178 0.000019 0.659009
4 4 0.048776 0.204977 0.105961 0.000017 0.640269
4 4 0.013911 0.116435 0.062668 0.000024 0.806962
2 4 0.002241 0.137705 0.545454 0.000226 0.314375
2 4 0.011122 0.239741 0.469739 0.000122 0.279276
4 4 0.033605 0.025624 0.011563 0.000066 0.929141
4 4 0.129824 0.150690 0.056359 0.000078 0.663050
4 4 0.168747 0.128555 0.034660 0.000065 0.667973
4 4 0.005598 0.061266 0.031224 0.000004 0.901909
4 4 0.011253 0.283766 0.159814 0.000002 0.545164
4 4 0.012327 0.270804 0.088830 0.000001 0.628038
4 4 0.016937 0.034983 0.012368 0.000015 0.935697
4 4 0.041710 0.034150 0.012212 0.000010 0.911919
4 4 0.072364 0.253963 0.085365 0.000009 0.588298
4 4 0.036809 0.193427 0.229244 0.000095 0.540425
4 4 0.243427 0.176961 0.074497 0.000146 0.504969
4 4 0.126501 0.073914 0.032523 0.000283 0.766779
1 4 0.248104 0.413090 0.231161 0.001069 0.106576
1 4 0.050301 0.541372 0.342288 0.000163 0.065876
1 1 0.027416 0.504484 0.222599 0.000008 0.245493
1 1 0.007857 0.542565 0.374576 0.000230 0.074773
2 1 0.004720 0.213241 0.727386 0.001548 0.053104
2 1 0.005423 0.130749 0.822894 0.003946 0.036987
1 1 0.009545 0.519077 0.339268 0.000066 0.132044
2 2 0.000993 0.078051 0.897789 0.001416 0.021750
1 2 0.060288 0.477215 0.288120 0.001219 0.173159
2 2 0.070205 0.286611 0.603187 0.007303 0.032694
2 2 0.114437 0.337933 0.425143 0.001665 0.120821
0 2 0.331949 0.278551 0.185534 0.001880 0.202086
0 1 0.590748 0.246249 0.109257 0.007877 0.045869
2 1 0.010921 0.308546 0.623354 0.000104 0.057075
2 1 0.002296 0.357285 0.388963 0.000017 0.251440
2 2 0.001690 0.182896 0.754888 0.000176 0.060350
2 2 0.000112 0.013349 0.983986 0.000247 0.002305
2 2 0.001059 0.090651 0.903878 0.000229 0.004183
2 2 0.000754 0.046660 0.937466 0.013280 0.001841
2 2 0.014846 0.167334 0.790591 0.002117 0.025111
2 2 0.001390 0.036423 0.943190 0.002233 0.016763
2 2 0.105257 0.279854 0.565502 0.005913 0.043475
2 2 0.032996 0.271944 0.657838 0.000961 0.036261
2 2 0.004737 0.077430 0.880476 0.017131 0.020226
2 2 0.015013 0.190487 0.737205 0.000346 0.056948
2 2 0.006666 0.074341 0.892090 0.023838 0.003064
2 2 0.004426 0.077476 0.836480 0.077221 0.004396
2 2 0.003618 0.171316 0.808707 0.000921 0.015437
2 2 0.000556 0.059489 0.842802 0.000480 0.096673
2 2 0.012097 0.176533 0.747365 0.000612 0.063393
2 2 0.038638 0.276817 0.643394 0.001851 0.039299
2 2 0.019339 0.068632 0.881130 0.018087 0.012812
2 2 0.000365 0.065073 0.922671 0.000055 0.011836
2 2 0.008268 0.097706 0.866028 0.002918 0.025080
2 2 0.009985 0.136686 0.838782 0.006180 0.008366
2 2 0.018181 0.293595 0.675642 0.001390 0.011191
2 2 0.016364 0.219012 0.750820 0.007529 0.006275
1 2 0.094424 0.430156 0.266460 0.001583 0.207377
2 2 0.200952 0.335834 0.380415 0.012399 0.070399
2 2 0.043097 0.205036 0.730774 0.007246 0.013848
2 2 0.078108 0.199081 0.693989 0.016966 0.011856
2 2 0.092454 0.161412 0.709354 0.028435 0.008345
2 2 0.049915 0.225031 0.686968 0.004711 0.033374
2 2 0.047931 0.367740 0.505688 0.043672 0.034969
2 2 0.016552 0.162310 0.657228 0.010813 0.153097
2 2 0.010301 0.145012 0.713354 0.057193 0.074139
2 2 0.002095 0.099945 0.886019 0.001861 0.010080
2 2 0.014138 0.153854 0.695536 0.000326 0.136146
2 2 0.059907 0.247043 0.643367 0.003206 0.046477
2 2 0.027525 0.127513 0.822398 0.012900 0.009664
0 2 0.376597 0.215021 0.263454 0.011120 0.133807
2 2 0.061701 0.321453 0.522304 0.002787 0.091755
1 2 0.080507 0.517057 0.385056 0.001503 0.015877
2 2 0.096240 0.193483 0.658181 0.020577 0.031519
2 2 0.023215 0.318375 0.643220 0.002545 0.012645
2 2 0.007075 0.080169 0.903490 0.004602 0.004664
2 2 0.035755 0.135825 0.791247 0.006110 0.031062
1 2 0.137330 0.316254 0.259536 0.002301 0.284580
2 2 0.030005 0.179908 0.719882 0.001379 0.068825
2 2 0.127381 0.188261 0.459993 0.004312 0.220052
2 2 0.037008 0.256998 0.681331 0.009232 0.015432
2 2 0.000921 0.038901 0.922977 0.034434 0.002766
2 2 0.021576 0.469874 0.470431 0.001168 0.036952
2 2 0.003366 0.067920 0.891120 0.016792 0.020802
2 2 0.002150 0.097146 0.891264 0.005636 0.003805
2 2 0.056430 0.281582 0.638056 0.009427 0.014505
2 2 0.005550 0.158826 0.813776 0.012474 0.009373
2 2 0.020454 0.392378 0.473622 0.000191 0.113355
2 2 0.003099 0.103680 0.887937 0.001159 0.004125
2 2 0.110869 0.363660 0.436526 0.003915 0.085030
2 2 0.025615 0.296119 0.645813 0.016743 0.015710
2 2 0.005398 0.042916 0.868911 0.079202 0.003573
2 2 0.002137 0.041691 0.944715 0.009071 0.002385
1 2 0.044705 0.572714 0.334947 0.004162 0.043471
2 2 0.031666 0.317839 0.606410 0.000658 0.043427
1 2 0.125487 0.392395 0.297327 0.001018 0.183773
2 2 0.002727 0.134822 0.854949 0.004617 0.002884
2 2 0.040470 0.200245 0.736410 0.004435 0.018439
2 2 0.032530 0.276729 0.356324 0.001857 0.332560
2 2 0.003193 0.076676 0.914716 0.003560 0.001854
2 2 0.037358 0.140610 0.792538 0.007906 0.021587
2 2 0.140338 0.357177 0.441570 0.007506 0.053409
0 2 0.602477 0.093617 0.125266 0.018760 0.159879
0 0 0.844447 0.064051 0.038762 0.020292 0.032448
0 0 0.844447 0.064051 0.038762 0.020292 0.032448
2 1 0.259091 0.227281 0.358819 0.024041 0.130767
1 1 0.343492 0.419377 0.169845 0.000917 0.066368
1 1 0.039402 0.493807 0.450202 0.000885 0.015703
1 1 0.153281 0.555334 0.269417 0.004331 0.017636
2 1 0.028110 0.222149 0.705368 0.023264 0.021109
2 1 0.092600 0.372240 0.501376 0.010297 0.023487
2 1 0.001815 0.047424 0.945162 0.004396 0.001203
2 2 0.004614 0.083875 0.898027 0.010735 0.002750
2 2 0.015172 0.086381 0.857571 0.034696 0.006179
2 2 0.002563 0.050861 0.938237 0.005125 0.003214
2 2 0.000042 0.010279 0.957841 0.031384 0.000454
2 2 0.019776 0.103855 0.860190 0.008856 0.007322
2 2 0.151474 0.203421 0.591767 0.023800 0.029538
2 2 0.001468 0.074789 0.921002 0.000731 0.002011
2 2 0.000237 0.023639 0.974192 0.001374 0.000558
2 2 0.001419 0.055072 0.931608 0.009346 0.002555
1 2 0.166224 0.507565 0.306241 0.002374 0.017596
0 2 0.621369 0.199317 0.094138 0.003243 0.081933
1 2 0.040886 0.541916 0.382521 0.000253 0.034425
0 2 0.758685 0.128570 0.065846 0.009561 0.037338
0 0 0.685925 0.178370 0.095487 0.011180 0.029038
0 0 0.809624 0.075618 0.051011 0.022890 0.040858
0 0 0.643582 0.209323 0.109590 0.009776 0.027729
1 0 0.304978 0.438089 0.195883 0.001101 0.059949
1 1 0.312169 0.348614 0.239410 0.003096 0.096711
0 1 0.730013 0.149978 0.073834 0.007867 0.038307
1 1 0.310841 0.409582 0.169638 0.000597 0.109341
1 1 0.166572 0.490386 0.248705 0.000957 0.093379
1 1 0.107379 0.491604 0.359524 0.001213 0.040279
2 1 0.013729 0.193576 0.755995 0.002283 0.034417
2 1 0.021330 0.306609 0.546672 0.001014 0.124375
1 1 0.047495 0.520918 0.257351 0.000066 0.174171
2 1 0.009357 0.261938 0.711654 0.001393 0.015658
2 1 0.003808 0.141953 0.821863 0.001072 0.031304
2 1 0.007095 0.162919 0.733590 0.064087 0.032309
2 2 0.000297 0.016299 0.973269 0.009705 0.000430
2 2 0.009293 0.074295 0.885706 0.002658 0.028048
2 2 0.071237 0.134892 0.606482 0.019425 0.167964
2 2 0.000482 0.063707 0.927341 0.001014 0.007456
2 2 0.043438 0.301559 0.634966 0.004152 0.015885
2 2 0.019353 0.188651 0.780276 0.002698 0.009022
2 2 0.000192 0.021725 0.975922 0.001584 0.000576
2 2 0.010389 0.244129 0.741783 0.001312 0.002387
1 2 0.304973 0.434772 0.235186 0.003994 0.021074
0 2 0.531682 0.244316 0.161598 0.009670 0.052734
0 0 0.844447 0.064051 0.038762 0.020292 0.032448
0 0 0.536096 0.289029 0.143896 0.006945 0.024034
1 1 0.355665 0.376188 0.211196 0.006547 0.050405
1 1 0.041581 0.593817 0.287964 0.000048 0.076590
1 1 0.053394 0.576179 0.323302 0.000156 0.046969
2 1 0.003355 0.288150 0.695775 0.000097 0.012623
2 1 0.002664 0.055707 0.908611 0.016839 0.016179
2 2 0.000253 0.026816 0.956988 0.014190 0.001753
2 2 0.036822 0.222595 0.692028 0.024932 0.023622
2 2 0.080105 0.191919 0.617972 0.082331 0.027674
1 2 0.046276 0.496394 0.432633 0.000884 0.023814
2 2 0.004929 0.390193 0.588243 0.000131 0.016504
2 2 0.048714 0.165865 0.757821 0.016027 0.011573
2 2 0.022964 0.465898 0.493287 0.000546 0.017306
2 2 0.000688 0.039246 0.957578 0.001993 0.000494
2 2 0.007661 0.109237 0.873865 0.002020 0.007217
2 2 0.101730 0.345723 0.527639 0.002988 0.021919
0 2 0.509024 0.309386 0.152204 0.006350 0.023036
1 2 0.013209 0.557954 0.414136 0.000084 0.014617
1 2 0.038735 0.443589 0.338935 0.007990 0.170751
2 2 0.045223 0.354798 0.556918 0.001471 0.041590
2 2 0.007276 0.111669 0.874033 0.002928 0.004094
2 2 0.010562 0.159123 0.821060 0.001823 0.007432
2 2 0.003126 0.052207 0.932807 0.009730 0.002130
2 2 0.000164 0.027743 0.971005 0.000768 0.000319
2 2 0.005008 0.114768 0.876021 0.002921 0.001281
2 2 0.070545 0.325500 0.555895 0.005636 0.042424
2 2 0.009861 0.109034 0.872387 0.005219 0.003500
2 2 0.029103 0.286824 0.672687 0.002984 0.008401
1 2 0.072488 0.577774 0.340760 0.000852 0.008126
2 2 0.031683 0.165804 0.788972 0.009484 0.004056
2 2 0.059540 0.293022 0.619898 0.006076 0.021464
1 2 0.082397 0.575162 0.287760 0.000194 0.054488
2 2 0.011909 0.372824 0.460269 0.000026 0.154971
2 2 0.000034 0.003709 0.994248 0.001543 0.000466
2 2 0.000439 0.034018 0.962748 0.000804 0.001991
2 2 0.001035 0.016213 0.928976 0.052235 0.001541
2 2 0.021388 0.165315 0.716239 0.008402 0.088655
2 2 0.055767 0.318935 0.575859 0.001898 0.047541
2 2 0.020868 0.318403 0.583691 0.047111 0.029927
2 2 0.002967 0.114116 0.810836 0.062051 0.010030
2 2 0.009844 0.060756 0.905713 0.021603 0.002083
2 2 0.237862 0.337561 0.375036 0.010328 0.039214
2 2 0.001932 0.032305 0.918705 0.042813 0.004244
2 2 0.022595 0.102409 0.852560 0.016863 0.005573
2 2 0.044469 0.220305 0.721206 0.007746 0.006275
2 2 0.035472 0.133691 0.812076 0.015539 0.003222
2 2 0.142226 0.312544 0.509931 0.019238 0.016061
2 2 0.005707 0.086437 0.900249 0.005348 0.002259
0 2 0.763114 0.122499 0.068803 0.014480 0.031103
0 2 0.508751 0.189989 0.193425 0.030126 0.077709
2 2 0.007107 0.182678 0.780045 0.018585 0.011585
2 2 0.003189 0.104366 0.876102 0.003336 0.013008
2 2 0.002213 0.037024 0.883546 0.070152 0.007065
2 2 0.000979 0.027691 0.946768 0.004564 0.019997
2 2 0.000333 0.007637 0.986824 0.002471 0.002735
2 2 0.000720 0.020013 0.970376 0.005381 0.003510
2 2 0.016638 0.142517 0.772534 0.060481 0.007830
2 2 0.058931 0.390591 0.523476 0.001968 0.025034
2 2 0.007008 0.080897 0.877480 0.029845 0.004771
2 2 0.003224 0.087147 0.892767 0.013648 0.003214
2 2 0.013580 0.179820 0.797516 0.003607 0.005477
2 2 0.038985 0.139263 0.798130 0.017099 0.006523
2 2 0.000398 0.008258 0.967373 0.022971 0.001001
2 2 0.004832 0.035132 0.923898 0.034315 0.001823
2 2 0.027103 0.190263 0.736921 0.023171 0.022542
1 2 0.076362 0.498378 0.355029 0.000327 0.069903
1 2 0.038820 0.471859 0.448753 0.000338 0.040231
2 2 0.266643 0.265916 0.351569 0.017770 0.098101
0 2 0.780284 0.084849 0.061966 0.024845 0.048057
0 2 0.618333 0.158907 0.147099 0.025114 0.050546
0 2 0.451156 0.231112 0.242550 0.016125 0.059058
2 2 0.261019 0.259720 0.402093 0.047832 0.029336
2 2 0.053746 0.206574 0.690974 0.004973 0.043732
0 2 0.402640 0.211002 0.243477 0.012188 0.130692
0 2 0.577893 0.240760 0.138943 0.010071 0.032333
0 2 0.848064 0.054398 0.023143 0.004062 0.070332
0 0 0.731502 0.116619 0.087930 0.022601 0.041347
0 1 0.499802 0.291752 0.132646 0.002213 0.073587
0 1 0.821611 0.047098 0.015820 0.001335 0.114136
0 1 0.373774 0.343999 0.190190 0.037287 0.054749
1 1 0.326723 0.389091 0.248459 0.005880 0.029847
1 1 0.168147 0.500402 0.310267 0.002529 0.018655
1 1 0.026448 0.457051 0.354228 0.001471 0.160802
4 1 0.026150 0.125191 0.199312 0.001166 0.648182
4 1 0.044649 0.185399 0.088895 0.000011 0.681046
4 4 0.087101 0.035222 0.032707 0.000092 0.844877
4 4 0.148474 0.026017 0.008646 0.000021 0.816842
4 4 0.034575 0.123083 0.119982 0.000405 0.721954
4 4 0.038992 0.222093 0.148734 0.000028 0.590152
4 4 0.020676 0.031110 0.015741 0.000051 0.932422
4 4 0.060221 0.052165 0.024315 0.000178 0.863122
4 4 0.157610 0.158636 0.082685 0.000123 0.600946
4 4 0.081834 0.033452 0.016089 0.000063 0.868562
4 4 0.179423 0.123417 0.283202 0.002411 0.411547
4 4 0.249030 0.080604 0.037804 0.001276 0.631286
0 4 0.476546 0.064507 0.027766 0.000494 0.430686
0 4 0.459405 0.078499 0.028670 0.001669 0.431757
4 4 0.095757 0.050328 0.022989 0.000368 0.830558
4 4 0.105991 0.027880 0.007819 0.000056 0.858254
4 4 0.068878 0.059607 0.279197 0.003108 0.589210
4 4 0.306751 0.172295 0.080074 0.000315 0.440564
4 4 0.356384 0.048888 0.018216 0.000160 0.576352
4 4 0.321463 0.063830 0.030230 0.000369 0.584107
4 4 0.110091 0.073517 0.023689 0.000044 0.792659
4 4 0.432729 0.080911 0.019090 0.000134 0.467137
4 4 0.225654 0.124400 0.037089 0.000469 0.612388
4 4 0.052871 0.105260 0.035954 0.000044 0.805871
4 4 0.089917 0.091939 0.041110 0.000161 0.776873
1 4 0.037272 0.432133 0.186153 0.000338 0.344103
4 4 0.044740 0.263952 0.124962 0.000198 0.566148
4 4 0.049601 0.053517 0.032854 0.001282 0.862746
4 4 0.269351 0.075238 0.032504 0.000188 0.622719
4 4 0.045884 0.066660 0.028458 0.000400 0.858598
0 4 0.505672 0.065917 0.028465 0.000579 0.399367
4 4 0.170422 0.080846 0.052253 0.000239 0.696239
1 4 0.166184 0.404748 0.156912 0.000105 0.272051
4 4 0.182201 0.276465 0.094843 0.000054 0.446437
1 4 0.023299 0.417512 0.166592 0.000003 0.392593
1 4 0.053363 0.486607 0.199501 0.000019 0.260510
1 4 0.032961 0.661467 0.271008 0.000033 0.034531
4 4 0.030863 0.346268 0.129285 0.000005 0.493579
1 4 0.010177 0.412195 0.221077 0.000002 0.356549
4 4 0.113719 0.224443 0.164338 0.001382 0.496117
2 0 0.047573 0.274336 0.503670 0.007314 0.167108
0 0 0.440351 0.218324 0.069515 0.000246 0.271563
1 1 0.089644 0.426203 0.154061 0.000025 0.330067
4 1 0.013764 0.103291 0.050474 0.000018 0.832454
2 1 0.004448 0.359768 0.557778 0.000814 0.077193
2 1 0.040303 0.320439 0.483556 0.000154 0.155549
2 1 0.017780 0.296846 0.485806 0.000213 0.199354
2 1 0.001377 0.090991 0.731571 0.001424 0.174636
4 1 0.002300 0.104657 0.070727 0.000046 0.822271
2 1 0.004612 0.299918 0.528668 0.000383 0.166419
2 1 0.015137 0.137896 0.817895 0.002226 0.026846
4 1 0.114731 0.144620 0.162466 0.000525 0.577657
4 1 0.011687 0.377807 0.220966 0.000012 0.389528
2 1 0.009188 0.265306 0.600294 0.000059 0.125153
2 1 0.000688 0.050138 0.925323 0.000089 0.023763
0 0 0.427715 0.371310 0.176300 0.004769 0.019907
1 1 0.005121 0.543208 0.434304 0.000020 0.017347
1 1 0.043044 0.526387 0.404851 0.000433 0.025285
1 1 0.029051 0.538523 0.423168 0.000597 0.008662
2 1 0.000794 0.237378 0.730172 0.001588 0.030068
2 2 0.002435 0.165504 0.756341 0.000719 0.075001
2 2 0.002818 0.105194 0.886967 0.001571 0.003451
2 2 0.001479 0.106989 0.880877 0.000281 0.010373
2 2 0.000086 0.027567 0.957921 0.000702 0.013723
2 2 0.000984 0.087072 0.884820 0.000094 0.027030
2 2 0.000222 0.039915 0.954548 0.000405 0.004910
2 2 0.001029 0.238118 0.603500 0.000104 0.157248
2 2 0.083748 0.370880 0.502693 0.003114 0.039566
2 2 0.000773 0.067096 0.927290 0.000399 0.004443
2 2 0.044915 0.278754 0.446873 0.000426 0.229033
2 2 0.003632 0.046189 0.937577 0.006637 0.005966
2 2 0.000810 0.028537 0.920714 0.000166 0.049774
2 2 0.000004 0.013179 0.977526 0.000039 0.009252
2 2 0.000143 0.010458 0.923016 0.064840 0.001542
2 2 0.000018 0.003629 0.928225 0.067167 0.000961
2 2 0.000093 0.006218 0.990333 0.002862 0.000493
2 2 0.000011 0.001721 0.997027 0.000786 0.000455
2 2 0.000292 0.010285 0.974832 0.000540 0.014051
2 2 0.000058 0.004161 0.990801 0.001511 0.003470
2 2 0.000017 0.021756 0.970246 0.001119 0.006863
2 2 0.013890 0.049018 0.898154 0.006508 0.032430
2 2 0.000378 0.014527 0.972469 0.003434 0.009192
2 2 0.004791 0.133033 0.750622 0.000144 0.111410
2 2 0.000080 0.046309 0.930407 0.000019 0.023184
2 2 0.000008 0.006018 0.992648 0.000721 0.000605
2 2 0.000007 0.003441 0.993800 0.001488 0.001265
2 2 0.000095 0.003827 0.978682 0.017042 0.000354
2 2 0.000434 0.039736 0.934641 0.008699 0.016491
2 2 0.000054 0.002820 0.976298 0.018826 0.002002
2 2 0.000021 0.001801 0.563341 0.434488 0.000350
2 2 0.000143 0.006727 0.546163 0.445485 0.001482
2 2 0.001485 0.015461 0.760344 0.215438 0.007271
2 3 0.000216 0.002982 0.619719 0.376714 0.000369
3 3 0.000111 0.004111 0.473738 0.521639 0.000400
3 3 0.000385 0.006757 0.302739 0.684858 0.005262
2 3 0.000251 0.004951 0.571267 0.421189 0.002343
3 3 0.000009 0.000262 0.090500 0.909191 0.000038
3 3 0.000002 0.000030 0.013396 0.986568 0.000005
3 3 0.000154 0.001922 0.261389 0.736008 0.000528
3 3 0.006417 0.019844 0.260449 0.710274 0.003016
3 3 0.000008 0.000056 0.081574 0.918357 0.000005
3 3 0.001306 0.002189 0.080976 0.913237 0.002291
2 3 0.000064 0.002373 0.535447 0.461967 0.000149
3 3 0.000322 0.004628 0.180017 0.812695 0.002339
3 3 0.000067 0.000619 0.066930 0.932203 0.000182
3 3 0.000009 0.000246 0.184253 0.815467 0.000025
3 3 0.000031 0.000539 0.086216 0.913119 0.000095
3 3 0.000086 0.000794 0.042875 0.955380 0.000866
3 3 0.000001 0.000042 0.066069 0.933880 0.000007
3 3 0.000045 0.001500 0.225856 0.771663 0.000936
3 3 0.000015 0.000591 0.094951 0.904370 0.000072
3 3 0.000019 0.000274 0.052856 0.946812 0.000039
3 3 0.000005 0.000085 0.028777 0.971125 0.000009
3 3 0.000000 0.000006 0.002139 0.997853 0.000002
3 3 0.000007 0.000047 0.004716 0.995214 0.000017
3 3 0.000090 0.000484 0.005180 0.993994 0.000252
3 3 0.000001 0.000012 0.003103 0.996880 0.000004
3 3 0.000008 0.000057 0.002923 0.996985 0.000027
3 3 0.000009 0.000048 0.003893 0.996028 0.000022
3 3 0.000083 0.000998 0.053580 0.945156 0.000183
3 3 0.000153 0.000467 0.015427 0.983580 0.000374
3 3 0.000001 0.000007 0.002518 0.997472 0.000003
3 3 0.000004 0.000035 0.003771 0.996178 0.000012
3 3 0.000100 0.000417 0.004768 0.994467 0.000249
3 3 0.000029 0.000142 0.017442 0.982344 0.000043
3 3 0.000271 0.000592 0.012445 0.986391 0.000301
3 3 0.000063 0.000215 0.008261 0.991342 0.000119
3 3 0.000054 0.000172 0.009712 0.989948 0.000114
3 3 0.000029 0.000502 0.045099 0.954307 0.000064
3 3 0.000003 0.000100 0.013017 0.986867 0.000012
3 3 0.000001 0.000010 0.008073 0.991915 0.000001
3 3 0.000044 0.000241 0.006782 0.992833 0.000099
3 3 0.000130 0.000321 0.010434 0.988957 0.000157
3 3 0.000304 0.000808 0.024893 0.973619 0.000376
3 3 0.000090 0.000267 0.008696 0.990811 0.000135
3 3 0.000023 0.000118 0.021056 0.978778 0.000025
3 3 0.000003 0.000112 0.018798 0.981078 0.000010
3 3 0.000002 0.000017 0.001415 0.998557 0.000009
3 3 0.000002 0.000060 0.013696 0.986236 0.000006
3 3 0.000001 0.000019 0.004014 0.995962 0.000004
3 3 0.000001 0.000015 0.001025 0.998950 0.000008
3 3 0.000044 0.000171 0.005320 0.994376 0.000089
3 3 0.000002 0.000013 0.002249 0.997731 0.000005
3 3 0.000008 0.000043 0.007441 0.992495 0.000014
3 3 0.000035 0.000141 0.005073 0.994678 0.000073
3 3 0.000025 0.000164 0.012293 0.987407 0.000111
3 3 0.000002 0.000029 0.019893 0.980072 0.000004
3 3 0.000004 0.000057 0.010145 0.989784 0.000010
3 3 0.000003 0.000021 0.004920 0.995048 0.000007
3 3 0.000007 0.000041 0.003277 0.996653 0.000022
3 3 0.000016 0.000107 0.002339 0.997475 0.000063
3 3 0.000072 0.000354 0.003648 0.995705 0.000221
3 3 0.000081 0.000326 0.004944 0.994461 0.000188
3 3 0.000018 0.000080 0.004685 0.995178 0.000039
3 3 0.000108 0.000805 0.055136 0.943840 0.000110
3 3 0.000140 0.001140 0.109308 0.888974 0.000437
3 3 0.000012 0.000111 0.024793 0.975068 0.000016
3 3 0.000004 0.000067 0.004140 0.995771 0.000018
3 3 0.000143 0.000645 0.004139 0.994651 0.000423
3 3 0.001096 0.015202 0.259196 0.723591 0.000915
2 3 0.007560 0.140340 0.657454 0.189413 0.005232
2 3 0.000060 0.013055 0.985808 0.000906 0.000171
2 2 0.002337 0.061235 0.888776 0.045035 0.002616
2 2 0.000375 0.007540 0.786679 0.205284 0.000120
2 2 0.005474 0.081362 0.870575 0.040424 0.002164
2 2 0.000515 0.022724 0.909782 0.065947 0.001032
2 2 0.009995 0.042599 0.913602 0.031798 0.002006
2 2 0.005799 0.069873 0.913444 0.008150 0.002735
2 2 0.000235 0.003252 0.757854 0.238383 0.000276
2 2 0.033091 0.050316 0.838050 0.071040 0.007504
2 2 0.026949 0.172354 0.782370 0.008331 0.009996
2 2 0.012170 0.083746 0.876959 0.007124 0.020001
2 2 0.009752 0.067011 0.745707 0.007490 0.170040
2 2 0.000668 0.024500 0.771075 0.002137 0.201621
4 2 0.003007 0.259327 0.281380 0.000129 0.456157
2 2 0.002503 0.247753 0.498913 0.000059 0.250772
2 2 0.004929 0.152571 0.438281 0.000031 0.404188
4 2 0.004006 0.339904 0.269552 0.000015 0.386522
4 1 0.041161 0.316811 0.199767 0.000126 0.442136
4 1 0.051141 0.168083 0.098670 0.000091 0.682016
4 1 0.014029 0.023856 0.010561 0.000111 0.951443
4 4 0.019150 0.104751 0.046475 0.000140 0.829484
1 4 0.040303 0.464084 0.275990 0.000109 0.219513
4 4 0.026214 0.338269 0.226769 0.000428 0.408320
4 4 0.030785 0.291275 0.133744 0.001077 0.543118
4 4 0.017224 0.204659 0.231532 0.000379 0.546206
4 4 0.025971 0.351144 0.213756 0.000349 0.408780
2 4 0.030456 0.208789 0.719587 0.002568 0.038600
4 4 0.113927 0.091411 0.026767 0.000018 0.767878
4 4 0.041421 0.028502 0.012988 0.000113 0.916976
4 4 0.019400 0.035858 0.015226 0.000036 0.929480
4 4 0.248460 0.252494 0.148853 0.001114 0.349079
2 4 0.178172 0.272762 0.294496 0.002532 0.252038
1 4 0.260326 0.383592 0.137648 0.000180 0.218253
1 4 0.109426 0.396762 0.245946 0.001597 0.246268
2 4 0.036919 0.281184 0.517203 0.002223 0.162470
0 4 0.368349 0.336745 0.156852 0.000964 0.137090
2 4 0.362411 0.168504 0.365470 0.035528 0.068087
0 4 0.786536 0.087866 0.031728 0.001848 0.092021
1 4 0.337657 0.422581 0.173651 0.000944 0.065166
1 4 0.310292 0.397435 0.201961 0.001445 0.088868
1 4 0.262238 0.429737 0.279745 0.004588 0.023692
1 4 0.241974 0.497561 0.232699 0.001519 0.026247
0 4 0.388341 0.378089 0.109838 0.000263 0.123469
0 4 0.594039 0.236591 0.116695 0.004992 0.047683
0 0 0.428703 0.373091 0.153457 0.001836 0.042913
0 1 0.721896 0.151045 0.055757 0.002136 0.069166
0 4 0.601733 0.081413 0.042135 0.001751 0.272968
4 4 0.153533 0.241649 0.168320 0.000366 0.436132
0 4 0.342327 0.248140 0.159537 0.002288 0.247708
1 4 0.057212 0.490017 0.431560 0.001342 0.019868
1 4 0.187848 0.480744 0.293050 0.001828 0.036531
0 0 0.451647 0.275635 0.207548 0.010930 0.054241
0 1 0.405500 0.388456 0.182642 0.004383 0.019020
1 1 0.055854 0.419138 0.331450 0.000891 0.192668
1 1 0.120317 0.407005 0.240658 0.003392 0.228628
0 1 0.735769 0.119983 0.044721 0.001782 0.097745
0 1 0.825293 0.070499 0.045394 0.021761 0.037053
1 4 0.148061 0.464500 0.358469 0.003253 0.025716
1 4 0.023500 0.483100 0.458843 0.002313 0.032244
2 4 0.005152 0.477842 0.501099 0.000050 0.015858
2 4 0.001317 0.117345 0.878471 0.000663 0.002203
0 4 0.639217 0.201012 0.100554 0.005375 0.053842
0 4 0.664611 0.117219 0.110175 0.030880 0.077115
2 4 0.008663 0.149979 0.834357 0.003131 0.003870
2 4 0.220779 0.245420 0.450679 0.058064 0.025057
0 4 0.449721 0.312575 0.195363 0.008401 0.033939
1 4 0.262569 0.389214 0.303765 0.006532 0.037920
1 4 0.089193 0.531775 0.363079 0.001443 0.014508
0 4 0.468739 0.325861 0.173172 0.006576 0.025652
2 4 0.050600 0.408739 0.526084 0.001787 0.012790
2 4 0.038804 0.432587 0.463785 0.001528 0.063296
1 4 0.035895 0.568534 0.382697 0.001368 0.011506
1 4 0.046076 0.512676 0.430804 0.000943 0.009502
0 4 0.368895 0.309777 0.291582 0.011680 0.018065
1 4 0.081475 0.605240 0.283317 0.000241 0.029727
1 4 0.019805 0.512867 0.437259 0.000153 0.029916
1 4 0.165830 0.427324 0.354762 0.003174 0.048910
1 4 0.184605 0.428685 0.323271 0.002420 0.061018
1 4 0.339363 0.346751 0.248072 0.006423 0.059391
1 4 0.119573 0.506412 0.353421 0.002109 0.018484
1 4 0.097817 0.478609 0.386181 0.001525 0.035869
0 4 0.363203 0.265887 0.319812 0.018447 0.032650
0 4 0.663937 0.194414 0.102854 0.010425 0.028371
1 4 0.079450 0.544735 0.356170 0.002514 0.017130
1 4 0.192566 0.444381 0.328699 0.003896 0.030458
0 4 0.388597 0.342586 0.218549 0.011135 0.039133
1 4 0.306780 0.405645 0.254456 0.005273 0.027845
0 4 0.547487 0.280500 0.140360 0.007207 0.024446
0 4 0.433225 0.321903 0.194504 0.005955 0.044413
0 4 0.578471 0.269961 0.102090 0.002125 0.047352
1 4 0.186398 0.515144 0.277553 0.001916 0.018989
1 4 0.147408 0.525316 0.308857 0.001882 0.016537
2 1 0.047675 0.452819 0.477119 0.001555 0.020832
1 1 0.044208 0.472061 0.454717 0.001192 0.027822
0 1 0.419617 0.246407 0.127681 0.001247 0.205048
1 1 0.137449 0.495932 0.322029 0.001194 0.043396
2 2 0.001082 0.120055 0.876614 0.000815 0.001434
2 2 0.003928 0.055812 0.923059 0.001313 0.015887
2 2 0.006138 0.042360 0.939181 0.006525 0.005797
2 2 0.000154 0.010187 0.985767 0.003705 0.000186
2 2 0.000814 0.019882 0.971739 0.007234 0.000331
2 2 0.000125 0.014196 0.983706 0.001388 0.000585
2 2 0.000377 0.058507 0.932066 0.000077 0.008973
2 2 0.004698 0.102477 0.885228 0.002575 0.005023
2 2 0.002871 0.055383 0.919499 0.001369 0.020878
2 2 0.004257 0.230555 0.763785 0.000522 0.000881
0 0 0.439142 0.362531 0.172995 0.004974 0.020358
1 1 0.318140 0.457036 0.206392 0.003027 0.015405
2 2 0.007792 0.216949 0.765036 0.002872 0.007351
2 2 0.144635 0.311523 0.515872 0.010249 0.017721
0 0 0.852872 0.059841 0.030743 0.009685 0.046859
0 0 0.844447 0.064051 0.038762 0.020292 0.032448
0 0 0.769666 0.117785 0.066471 0.014826 0.031253
1 1 0.036653 0.569691 0.356127 0.000199 0.037329
2 1 0.046362 0.460952 0.469548 0.001017 0.022122
2 1 0.017465 0.306236 0.667863 0.001512 0.006924
0 1 0.518228 0.146648 0.259683 0.051164 0.024277
1 1 0.125572 0.619492 0.247426 0.000810 0.006700
1 1 0.085499 0.567586 0.322963 0.000530 0.023422
2 1 0.032925 0.337950 0.616963 0.002309 0.009853
2 1 0.100225 0.232301 0.638532 0.019308 0.009634
2 1 0.015363 0.196583 0.773610 0.008219 0.006226
2 1 0.087816 0.393721 0.478997 0.011466 0.028001
1 1 0.168371 0.449068 0.361687 0.003785 0.017088
2 1 0.003958 0.120736 0.870281 0.002048 0.002977
2 1 0.014201 0.194756 0.778959 0.002443 0.009641
2 1 0.016913 0.309681 0.653187 0.000734 0.019485
2 1 0.067431 0.415915 0.498004 0.001935 0.016715
2 1 0.012801 0.297206 0.682373 0.001042 0.006579
2 1 0.048220 0.238300 0.671795 0.003022 0.038663
2 1 0.021703 0.314689 0.638083 0.000875 0.024650
2 1 0.000221 0.040375 0.958154 0.000426 0.000823
2 1 0.019012 0.273865 0.684286 0.003881 0.018955
2 2 0.012701 0.167830 0.800470 0.010292 0.008708
2 2 0.003078 0.071184 0.917670 0.002883 0.005186
2 2 0.004665 0.086991 0.901397 0.004369 0.002578
2 2 0.002180 0.042725 0.948040 0.006146 0.000910
2 2 0.001917 0.033398 0.955322 0.008345 0.001018
2 2 0.024408 0.063963 0.857150 0.045222 0.009256
2 2 0.009054 0.051762 0.913375 0.022252 0.003557
2 2 0.042777 0.089485 0.805317 0.056015 0.006406
2 2 0.000185 0.302238 0.695994 0.000012 0.001572
2 2 0.000339 0.033482 0.962201 0.000359 0.003619
2 2 0.033377 0.183221 0.766029 0.008911 0.008463
2 2 0.016097 0.180885 0.792335 0.004309 0.006374
2 2 0.040502 0.126939 0.803333 0.021477 0.007748
2 2 0.107089 0.239046 0.604034 0.037766 0.012065
1 2 0.021122 0.566801 0.406053 0.000302 0.005723
2 2 0.009907 0.222756 0.749755 0.008535 0.009046
2 2 0.002931 0.042791 0.944598 0.008548 0.001132
2 2 0.000551 0.019655 0.974319 0.005066 0.000409
2 2 0.115827 0.249935 0.612140 0.013801 0.008296
2 2 0.054336 0.203567 0.717617 0.017953 0.006527
2 2 0.014975 0.128923 0.844757 0.007326 0.004020
2 2 0.001968 0.082488 0.912873 0.001732 0.000939
2 2 0.001691 0.062047 0.932782 0.002484 0.000996
2 2 0.019724 0.149754 0.819325 0.007237 0.003959
2 2 0.075565 0.336367 0.568906 0.005138 0.014024
0 2 0.576104 0.151398 0.207259 0.038960 0.026279
0 2 0.727832 0.147956 0.081171 0.012820 0.030221
0 2 0.696771 0.152230 0.096272 0.015615 0.039113
2 2 0.274609 0.210953 0.453577 0.033619 0.027242
2 2 0.115345 0.174028 0.665402 0.030788 0.014436
2 2 0.000133 0.034869 0.964132 0.000433 0.000432
2 2 0.045145 0.157919 0.772656 0.018460 0.005820
2 2 0.001762 0.092525 0.903659 0.001232 0.000823
2 2 0.004860 0.034252 0.940269 0.019864 0.000755
2 2 0.014975 0.073767 0.883468 0.021327 0.006463
2 2 0.074412 0.256205 0.652654 0.009084 0.007645
2 2 0.003477 0.109586 0.883751 0.001927 0.001259
2 2 0.003153 0.070242 0.921280 0.003956 0.001370
2 2 0.001573 0.039779 0.953763 0.004479 0.000407
2 2 0.155469 0.245161 0.555467 0.019295 0.024608
1 2 0.112385 0.442146 0.414542 0.003443 0.027483
2 2 0.110242 0.215834 0.627541 0.020221 0.026162
2 2 0.128643 0.098531 0.675986 0.087246 0.009593
2 2 0.028981 0.181618 0.768526 0.015588 0.005287
2 2 0.000727 0.023640 0.964478 0.010423 0.000731
2 2 0.001191 0.031773 0.960163 0.005681 0.001192
2 2 0.003302 0.052620 0.932557 0.008933 0.002587
2 2 0.000131 0.009382 0.971298 0.017928 0.001261
2 2 0.000149 0.007714 0.964863 0.026910 0.000363
2 2 0.014741 0.065953 0.898753 0.013860 0.006693
2 2 0.004700 0.047395 0.925425 0.019372 0.003108
2 2 0.000625 0.027837 0.968078 0.002389 0.001071
2 2 0.002612 0.032401 0.951407 0.011811 0.001769
2 2 0.000086 0.003199 0.979227 0.017376 0.000111
2 2 0.000398 0.012876 0.982982 0.003159 0.000585
2 2 0.000331 0.016117 0.956580 0.026057 0.000915
2 2 0.000227 0.045614 0.950570 0.000299 0.003291
2 2 0.000187 0.014140 0.971806 0.013210 0.000657
2 2 0.032092 0.209289 0.636356 0.081782 0.040481
2 2 0.008415 0.137521 0.700364 0.121555 0.032146
2 2 0.011893 0.056746 0.874685 0.053577 0.003098
2 2 0.002032 0.015865 0.948555 0.032913 0.000636
2 2 0.000089 0.002684 0.979753 0.017398 0.000076
2 2 0.000071 0.006069 0.990204 0.003570 0.000086
2 2 0.001487 0.042229 0.947938 0.006760 0.001587
2 2 0.214134 0.227921 0.491330 0.029134 0.037481
2 2 0.049212 0.074021 0.806735 0.063807 0.006226
0 0 0.844447 0.064051 0.038762 0.020292 0.032448
2 0 0.121668 0.393298 0.436260 0.005049 0.043725
1 1 0.077229 0.453514 0.439722 0.002721 0.026813
1 1 0.042295 0.494215 0.454345 0.000974 0.008171
2 1 0.016464 0.085409 0.879420 0.016177 0.002530
2 1 0.002733 0.323496 0.671056 0.000175 0.002539
2 1 0.000509 0.074895 0.923415 0.000485 0.000695
2 1 0.082822 0.374038 0.496316 0.001263 0.045560
4 1 0.017707 0.094901 0.081691 0.000013 0.805688
4 1 0.173579 0.169305 0.063875 0.000054 0.593187
4 4 0.244504 0.072750 0.033700 0.000138 0.648907
4 4 0.033123 0.034656 0.012702 0.000003 0.919516
4 4 0.012810 0.013396 0.004549 0.000002 0.969243
1 4 0.137525 0.385231 0.213978 0.000218 0.263048
4 4 0.106496 0.113553 0.043498 0.000030 0.736423
4 4 0.013963 0.073586 0.032973 0.000052 0.879426
4 4 0.095112 0.056423 0.027165 0.000037 0.821262
4 4 0.377543 0.067529 0.054145 0.000875 0.499907
4 4 0.041535 0.243494 0.177069 0.000154 0.537749
4 4 0.015477 0.241782 0.110875 0.000076 0.631790
2 4 0.003509 0.259177 0.550312 0.000011 0.186991
4 4 0.055508 0.219167 0.195223 0.000078 0.530023
4 4 0.128066 0.165590 0.078151 0.000205 0.627989
4 4 0.074794 0.025844 0.009023 0.000040 0.890300
4 4 0.055772 0.057111 0.032016 0.000060 0.855042
4 4 0.045816 0.031933 0.027247 0.000322 0.894682
4 4 0.085909 0.050600 0.021770 0.000478 0.841243
4 4 0.242110 0.057666 0.023235 0.000354 0.676635
4 4 0.062720 0.310983 0.169794 0.000040 0.456464
1 4 0.111794 0.448501 0.254958 0.000214 0.184533
4 4 0.352139 0.066351 0.017194 0.000053 0.564263
4 4 0.141828 0.033285 0.007408 0.000139 0.817340
4 4 0.165657 0.059970 0.039774 0.000236 0.734363
4 4 0.237471 0.036991 0.011321 0.000078 0.714139
