0 0 0.975315 0.012246 0.006742 0.000102 0.005595
0 0 0.515463 0.235964 0.167807 0.004259 0.076507
0 0 0.993061 0.002902 0.001295 0.000007 0.002734
0 0 0.748525 0.058980 0.047053 0.011433 0.134009
0 0 0.865298 0.058144 0.028637 0.001148 0.046774
0 0 0.748755 0.137311 0.095083 0.005421 0.013430
0 0 0.978427 0.014770 0.006267 0.000015 0.000520
0 0 0.981975 0.009402 0.003308 0.000016 0.005299
0 0 0.957669 0.022585 0.013398 0.000268 0.006081
0 0 0.865351 0.017787 0.005620 0.000108 0.111134
0 0 0.860319 0.040594 0.034124 0.005623 0.059340
4 1 0.025910 0.405808 0.138651 0.000849 0.428782
4 1 0.008267 0.271132 0.202975 0.007440 0.510186
4 1 0.005964 0.285340 0.140888 0.003514 0.564294
2 1 0.001641 0.259511 0.381679 0.005586 0.351583
2 1 0.001212 0.046050 0.730881 0.187566 0.034291
2 1 0.004626 0.220400 0.555064 0.007706 0.212204
1 1 0.014162 0.469517 0.222330 0.001161 0.292830
4 1 0.016961 0.246722 0.274873 0.029519 0.431925
2 1 0.000384 0.179250 0.474753 0.000173 0.345440
2 1 0.000186 0.042909 0.910238 0.012161 0.034506
2 1 0.003566 0.159548 0.577785 0.009538 0.249563
2 1 0.043868 0.142997 0.453513 0.014108 0.345514
2 1 0.000757 0.195706 0.463085 0.000676 0.339775
2 1 0.000259 0.210697 0.410372 0.000136 0.378535
2 1 0.001346 0.216224 0.404918 0.001316 0.376196
4 1 0.004581 0.243509 0.242881 0.002239 0.506790
2 1 0.010831 0.166322 0.475669 0.010097 0.337082
2 1 0.000413 0.140208 0.550491 0.000109 0.308779
2 1 0.000077 0.026616 0.943320 0.001038 0.028947
4 1 0.002408 0.259633 0.120098 0.000617 0.617244
4 1 0.012553 0.165585 0.170593 0.003909 0.647360
4 1 0.006920 0.170598 0.259353 0.001685 0.561444
2 1 0.004055 0.175778 0.495160 0.004842 0.320166
2 1 0.002244 0.289230 0.380021 0.034654 0.293851
2 1 0.004794 0.129410 0.588663 0.003267 0.273866
2 1 0.000208 0.146907 0.647102 0.000463 0.205321
2 1 0.032413 0.117823 0.632739 0.097567 0.119458
2 1 0.001636 0.127178 0.736145 0.005403 0.129639
2 1 0.000351 0.048242 0.900716 0.006736 0.043955
2 2 0.000614 0.049963 0.882326 0.006344 0.060752
2 2 0.000231 0.121674 0.742879 0.002055 0.133161
2 2 0.000160 0.037797 0.902108 0.036024 0.023911
2 2 0.000118 0.011417 0.757981 0.225346 0.005139
2 2 0.000028 0.006657 0.978129 0.012947 0.002239
2 2 0.004066 0.101380 0.543259 0.262419 0.088877
2 2 0.000539 0.014840 0.802874 0.175825 0.005921
3 3 0.000053 0.002238 0.327965 0.668997 0.000746
3 3 0.000423 0.011251 0.435722 0.546815 0.005790
2 3 0.001214 0.096025 0.839674 0.024302 0.038785
2 3 0.000004 0.001060 0.581635 0.417094 0.000207
2 3 0.000079 0.003776 0.500864 0.494948 0.000332
3 3 0.000002 0.000143 0.081743 0.918108 0.000004
3 3 0.000004 0.000687 0.160904 0.838284 0.000121
3 3 0.000033 0.001914 0.110636 0.886893 0.000525
3 3 0.000059 0.007379 0.351293 0.638956 0.002313
3 3 0.000006 0.000371 0.120842 0.878706 0.000075
3 3 0.000032 0.000421 0.034097 0.965372 0.000077
3 3 0.000000 0.000045 0.054240 0.945710 0.000004
3 3 0.000001 0.000075 0.042900 0.957014 0.000011
3 3 0.000016 0.000837 0.184769 0.814164 0.000214
3 3 0.000007 0.000220 0.041477 0.958250 0.000047
3 3 0.000001 0.000086 0.061004 0.938898 0.000012
3 3 0.000001 0.000109 0.115570 0.884306 0.000014
3 3 0.000000 0.000025 0.022068 0.977904 0.000003
3 3 0.000001 0.000032 0.009231 0.990732 0.000005
3 3 0.000008 0.000495 0.098176 0.901215 0.000106
3 3 0.000000 0.000025 0.027087 0.972885 0.000002
3 3 0.000001 0.000077 0.037212 0.962699 0.000011
3 3 0.000006 0.000184 0.036523 0.963250 0.000038
3 3 0.000002 0.000075 0.011079 0.988831 0.000013
3 3 0.000001 0.000021 0.005368 0.994607 0.000003
3 3 0.000000 0.000004 0.002575 0.997420 0.000000
3 3 0.000011 0.000281 0.038650 0.960993 0.000066
3 3 0.000001 0.000065 0.035021 0.964904 0.000009
3 3 0.000000 0.000003 0.004381 0.995616 0.000000
3 3 0.000000 0.000014 0.022811 0.977174 0.000001
3 3 0.000008 0.000228 0.031252 0.968462 0.000050
3 3 0.000000 0.000002 0.001918 0.998079 0.000000
3 3 0.000001 0.000066 0.024313 0.975612 0.000008
3 3 0.000002 0.000054 0.010435 0.989499 0.000009
3 3 0.000000 0.000005 0.004875 0.995120 0.000000
3 3 0.000000 0.000013 0.008172 0.991812 0.000001
3 3 0.000003 0.000127 0.034504 0.965344 0.000022
3 3 0.000014 0.000847 0.069973 0.928967 0.000198
3 3 0.000000 0.000037 0.047215 0.952744 0.000004
3 3 0.000004 0.000091 0.016720 0.983168 0.000017
3 3 0.000019 0.000509 0.024841 0.974504 0.000128
3 3 0.000062 0.002543 0.087315 0.909289 0.000791
2 3 0.002800 0.023250 0.682992 0.288411 0.002548
3 3 0.004498 0.029087 0.134523 0.809492 0.022400
3 3 0.002978 0.018314 0.109752 0.856144 0.012813
1 3 0.022438 0.359493 0.248853 0.104464 0.264753
4 3 0.028682 0.296012 0.093686 0.034694 0.546926
2 3 0.012138 0.285074 0.590046 0.042792 0.069950
2 3 0.022993 0.187767 0.358640 0.171118 0.259482
3 3 0.000294 0.004972 0.309636 0.683823 0.001275
3 3 0.000694 0.007046 0.278455 0.712256 0.001549
2 3 0.003533 0.067405 0.839227 0.082488 0.007346
2 3 0.001231 0.043591 0.472749 0.460747 0.021681
4 3 0.040057 0.258732 0.162001 0.061447 0.477762
2 3 0.004630 0.094111 0.649783 0.156015 0.095463
3 2 0.000173 0.003164 0.243507 0.752524 0.000632
3 2 0.001177 0.009609 0.173781 0.809588 0.005845
4 2 0.004748 0.267257 0.315882 0.012725 0.399388
2 2 0.000242 0.025216 0.948395 0.016198 0.009949
2 2 0.001409 0.061254 0.890492 0.015320 0.031525
2 2 0.000036 0.008998 0.966802 0.019148 0.005016
3 2 0.082179 0.097688 0.288169 0.473328 0.058636
3 2 0.009903 0.089308 0.400886 0.409978 0.089925
2 2 0.002630 0.046483 0.663917 0.256637 0.030332
2 2 0.000346 0.008677 0.524348 0.462122 0.004508
2 2 0.001934 0.037349 0.576568 0.356257 0.027892
3 2 0.000771 0.010968 0.410185 0.571568 0.006508
2 2 0.001302 0.101962 0.764425 0.024784 0.107528
2 2 0.011332 0.188336 0.352566 0.244819 0.202948
2 2 0.000567 0.016121 0.730030 0.246462 0.006820
3 2 0.000467 0.033260 0.468153 0.481678 0.016441
3 2 0.000734 0.008417 0.084027 0.902414 0.004408
3 2 0.015521 0.107549 0.214543 0.551793 0.110594
3 2 0.000747 0.010713 0.219699 0.762974 0.005866
2 2 0.001138 0.100373 0.746345 0.068128 0.084016
2 2 0.000406 0.010823 0.932762 0.055393 0.000618
3 2 0.000064 0.001906 0.218002 0.779436 0.000591
3 2 0.000060 0.002974 0.412676 0.583254 0.001035
3 3 0.001361 0.023332 0.276505 0.684502 0.014300
3 3 0.000007 0.000285 0.067102 0.932547 0.000060
3 3 0.000002 0.000109 0.039625 0.960252 0.000012
3 3 0.000067 0.000589 0.027307 0.971835 0.000202
3 3 0.000033 0.001420 0.235205 0.762919 0.000423
3 3 0.000012 0.000614 0.142619 0.856608 0.000147
2 3 0.000022 0.007229 0.799955 0.190492 0.002302
3 3 0.000056 0.005130 0.429915 0.563212 0.001686
3 3 0.000001 0.000095 0.060198 0.939692 0.000014
3 3 0.000000 0.000015 0.037205 0.962779 0.000001
3 3 0.000005 0.000166 0.033258 0.966538 0.000033
2 3 0.000076 0.003293 0.537551 0.458858 0.000222
3 3 0.000010 0.000988 0.387470 0.611298 0.000235
3 3 0.000020 0.000938 0.140020 0.858779 0.000243
3 3 0.000036 0.003126 0.304887 0.691042 0.000910
3 3 0.000009 0.000769 0.283549 0.715498 0.000175
3 3 0.000008 0.000408 0.075163 0.924334 0.000087
3 3 0.008247 0.017736 0.162850 0.807663 0.003504
3 3 0.002059 0.044095 0.255357 0.670016 0.028473
2 3 0.000828 0.027995 0.844973 0.124601 0.001603
2 3 0.002929 0.110445 0.629944 0.158579 0.098103
3 3 0.000023 0.001976 0.251046 0.746433 0.000522
2 3 0.000008 0.001103 0.820247 0.178610 0.000033
3 3 0.020277 0.114284 0.210638 0.528774 0.126026
3 3 0.007592 0.117162 0.314707 0.455644 0.104894
3 3 0.000011 0.000847 0.266844 0.732096 0.000202
3 3 0.000008 0.000886 0.436038 0.562946 0.000123
2 3 0.003864 0.069048 0.774132 0.072793 0.080163
2 3 0.001327 0.049622 0.871506 0.017462 0.060084
2 3 0.000373 0.028333 0.845247 0.107756 0.018291
3 3 0.003163 0.026648 0.451233 0.501237 0.017719
3 3 0.000461 0.012167 0.345802 0.635438 0.006131
2 3 0.000029 0.005129 0.763208 0.229898 0.001736
3 3 0.001681 0.030832 0.450773 0.495684 0.021029
1 3 0.262199 0.282672 0.223270 0.080104 0.151756
3 3 0.007016 0.072214 0.239886 0.619182 0.061702
3 3 0.000001 0.000161 0.164287 0.835529 0.000022
2 3 0.000014 0.002185 0.812261 0.184848 0.000691
2 3 0.000975 0.064773 0.844652 0.021597 0.068003
2 3 0.000210 0.008051 0.894218 0.096575 0.000945
2 2 0.002102 0.163004 0.511971 0.001439 0.321483
2 2 0.001790 0.071980 0.814662 0.029631 0.081937
2 4 0.012403 0.220656 0.389798 0.066863 0.310280
2 4 0.010910 0.103372 0.677352 0.030204 0.178162
2 4 0.005384 0.131360 0.635648 0.015009 0.212599
4 4 0.015368 0.228955 0.234171 0.011038 0.510468
2 4 0.015687 0.198701 0.385200 0.019341 0.381072
2 4 0.003421 0.182114 0.498221 0.005342 0.310901
2 4 0.004207 0.104783 0.707360 0.011262 0.172389
2 4 0.001578 0.088700 0.799749 0.005370 0.104603
2 4 0.004860 0.275698 0.491893 0.000738 0.226811
2 4 0.000318 0.039122 0.941321 0.000943 0.018297
4 4 0.008999 0.072346 0.121681 0.000225 0.796749
2 4 0.001351 0.165599 0.461051 0.000412 0.371587
4 4 0.005127 0.194613 0.283512 0.002700 0.514048
4 4 0.011929 0.068968 0.010761 0.000088 0.908254
4 4 0.061260 0.076470 0.050044 0.000105 0.812121
4 4 0.001547 0.228006 0.180713 0.000295 0.589439
4 4 0.008764 0.194883 0.135698 0.002012 0.658643
4 4 0.000713 0.088785 0.090048 0.000008 0.820447
4 4 0.009543 0.243318 0.251326 0.006921 0.488892
4 4 0.008370 0.158573 0.161770 0.001261 0.670027
4 4 0.029616 0.130741 0.052823 0.003551 0.783269
2 4 0.041527 0.177262 0.369899 0.077593 0.333719
4 4 0.003767 0.240237 0.249172 0.001668 0.505156
2 4 0.008212 0.106988 0.671237 0.013649 0.199914
4 4 0.003377 0.225704 0.293077 0.001436 0.476405
2 4 0.008913 0.165479 0.479426 0.007501 0.338680
2 4 0.004111 0.081531 0.765020 0.010243 0.139095
2 4 0.006343 0.214735 0.438674 0.007439 0.332808
2 4 0.005742 0.075835 0.860518 0.013813 0.044092
4 2 0.010471 0.221993 0.312653 0.008331 0.446552
2 2 0.001757 0.091161 0.853569 0.002711 0.050802
2 2 0.000331 0.026836 0.929625 0.019560 0.023648
2 2 0.003738 0.127958 0.706472 0.006709 0.155123
2 2 0.002665 0.058977 0.905381 0.011231 0.021746
2 2 0.019310 0.069623 0.766221 0.137761 0.007085
1 2 0.168758 0.524497 0.168453 0.011629 0.126664
0 0 0.972196 0.014546 0.008060 0.000120 0.005078
0 0 0.655077 0.051154 0.025619 0.002985 0.265165
1 0 0.145512 0.564729 0.154273 0.007857 0.127628
0 0 0.744169 0.115911 0.050218 0.002303 0.087398
0 0 0.778361 0.012865 0.011325 0.003710 0.193739
0 0 0.841734 0.032511 0.042400 0.009524 0.073830
0 0 0.633746 0.226618 0.089179 0.002735 0.047723
0 0 0.966757 0.005906 0.003004 0.000075 0.024258
4 0 0.125006 0.041301 0.012277 0.001787 0.819630
4 0 0.242018 0.022447 0.010909 0.003271 0.721356
0 0 0.587176 0.017851 0.006005 0.000315 0.388653
4 0 0.097688 0.028881 0.005736 0.000358 0.867337
4 0 0.053607 0.037657 0.007098 0.000571 0.901067
4 0 0.185656 0.039728 0.005793 0.000112 0.768711
4 0 0.208933 0.085067 0.060341 0.049778 0.595881
4 0 0.034171 0.167611 0.039762 0.007386 0.751070
1 0 0.083612 0.717592 0.099824 0.001181 0.097791
4 0 0.004642 0.439155 0.115603 0.000481 0.440119
4 0 0.018306 0.266811 0.182389 0.018093 0.514401
4 1 0.007000 0.227386 0.335670 0.007450 0.422495
2 1 0.001868 0.059539 0.855236 0.069155 0.014202
2 1 0.000331 0.037229 0.898681 0.035351 0.028408
2 1 0.012951 0.168445 0.664127 0.006502 0.147975
2 2 0.003601 0.058986 0.915181 0.012101 0.010131
2 2 0.000156 0.020125 0.969500 0.005979 0.004240
2 2 0.005653 0.099097 0.710176 0.056266 0.128809
2 2 0.043845 0.230288 0.420943 0.063885 0.241039
2 2 0.002436 0.033047 0.863287 0.088314 0.012916
2 2 0.001007 0.055960 0.860502 0.023516 0.059015
2 2 0.000527 0.018412 0.977100 0.001961 0.002000
2 2 0.000757 0.018768 0.931509 0.044439 0.004526
2 2 0.000079 0.015317 0.941254 0.034504 0.008846
2 2 0.008147 0.092278 0.716069 0.045679 0.137828
2 2 0.000404 0.023097 0.855542 0.105406 0.015551
2 2 0.005609 0.035149 0.464906 0.461761 0.032575
2 2 0.000914 0.017116 0.573968 0.396929 0.011073
2 2 0.000223 0.018700 0.908869 0.069223 0.002985
2 2 0.000069 0.005902 0.868551 0.125146 0.000333
3 2 0.000042 0.001598 0.238984 0.758948 0.000428
2 2 0.001321 0.019502 0.730473 0.243749 0.004955
2 2 0.000158 0.026291 0.953669 0.005449 0.014433
2 2 0.000150 0.008864 0.966549 0.022383 0.002054
2 2 0.000345 0.015002 0.940424 0.041188 0.003041
2 2 0.000200 0.032272 0.951772 0.006163 0.009594
2 2 0.000594 0.037360 0.926963 0.025549 0.009534
2 3 0.000176 0.007608 0.779816 0.211712 0.000688
3 3 0.006239 0.025780 0.378386 0.584326 0.005269
3 3 0.000011 0.001096 0.492926 0.505884 0.000084
2 3 0.000172 0.007842 0.947924 0.043632 0.000430
2 3 0.000000 0.000339 0.914605 0.085003 0.000053
2 3 0.000016 0.001768 0.861853 0.136290 0.000073
2 3 0.000051 0.011064 0.830080 0.154431 0.004374
3 3 0.000009 0.000614 0.258006 0.741332 0.000039
3 3 0.000005 0.000708 0.477089 0.522141 0.000058
2 3 0.000129 0.008457 0.649383 0.338353 0.003677
3 3 0.000044 0.001918 0.357561 0.640172 0.000305
3 3 0.000048 0.000749 0.056856 0.942110 0.000237
3 3 0.001642 0.014705 0.130626 0.843797 0.009230
3 3 0.000059 0.003543 0.204225 0.791059 0.001114
3 3 0.000124 0.003189 0.128909 0.866595 0.001183
3 3 0.000027 0.000347 0.021143 0.978385 0.000098
3 3 0.000014 0.000835 0.209152 0.789791 0.000207
3 3 0.000001 0.000144 0.095319 0.904514 0.000022
3 3 0.000003 0.000057 0.009135 0.990795 0.000010
3 3 0.000009 0.000559 0.092980 0.906332 0.000121
3 3 0.000018 0.000475 0.023951 0.975438 0.000118
3 3 0.000001 0.000035 0.013836 0.986123 0.000005
3 3 0.000072 0.001332 0.054881 0.943270 0.000446
3 3 0.000001 0.000028 0.011586 0.988384 0.000002
3 3 0.000005 0.000315 0.119132 0.880518 0.000030
3 3 0.000011 0.000437 0.100778 0.898715 0.000059
3 3 0.000010 0.000803 0.356531 0.642600 0.000056
3 3 0.000252 0.005399 0.086000 0.906194 0.002156
3 3 0.000157 0.004242 0.100885 0.893108 0.001608
3 3 0.001773 0.017529 0.175577 0.801291 0.003830
3 3 0.000011 0.000257 0.023847 0.975824 0.000060
3 3 0.003805 0.011542 0.212050 0.771970 0.000633
2 3 0.000505 0.027687 0.537543 0.425377 0.008888
3 3 0.000342 0.004941 0.327177 0.666955 0.000585
3 3 0.000004 0.000107 0.021083 0.978789 0.000018
2 3 0.000085 0.002383 0.532881 0.464621 0.000031
3 3 0.000001 0.000063 0.023515 0.976411 0.000010
3 3 0.000207 0.004378 0.086396 0.907257 0.001763
3 3 0.000302 0.003546 0.076478 0.918086 0.001588
3 3 0.000015 0.000399 0.059510 0.939989 0.000088
3 3 0.000013 0.000673 0.203226 0.796032 0.000055
3 3 0.000005 0.000438 0.138624 0.860848 0.000086
3 3 0.000097 0.000846 0.039921 0.959015 0.000121
3 3 0.000001 0.000032 0.006146 0.993816 0.000005
3 3 0.000000 0.000017 0.006810 0.993170 0.000002
3 3 0.000000 0.000003 0.002275 0.997721 0.000000
3 3 0.000027 0.000462 0.041768 0.957612 0.000131
3 3 0.000007 0.000558 0.182756 0.816557 0.000121
3 3 0.000128 0.004891 0.140148 0.853061 0.001772
3 3 0.000366 0.007144 0.122692 0.866553 0.003245
3 3 0.000032 0.000335 0.022582 0.976987 0.000064
3 3 0.000003 0.000071 0.014269 0.985644 0.000013
3 3 0.000007 0.000369 0.047365 0.952183 0.000076
3 3 0.000023 0.000492 0.031539 0.967816 0.000131
3 3 0.000002 0.000046 0.008693 0.991253 0.000005
3 3 0.000002 0.000136 0.024458 0.975381 0.000023
3 3 0.000001 0.000030 0.012435 0.987531 0.000004
3 3 0.000002 0.000059 0.016770 0.983160 0.000009
3 3 0.000001 0.000052 0.019639 0.980301 0.000007
3 3 0.000005 0.000075 0.008882 0.991023 0.000015
3 3 0.000003 0.000276 0.053086 0.946590 0.000046
3 3 0.000077 0.001859 0.045832 0.951622 0.000611
3 3 0.000033 0.000295 0.016014 0.983571 0.000088
3 3 0.000005 0.000080 0.009133 0.990765 0.000017
3 3 0.000004 0.000090 0.010274 0.989614 0.000017
3 3 0.004201 0.004759 0.064938 0.918719 0.007384
3 3 0.002393 0.040063 0.176777 0.754585 0.026181
0 3 0.383485 0.275360 0.264411 0.046201 0.030543
2 3 0.005585 0.083200 0.547414 0.328962 0.034838
3 3 0.000574 0.006878 0.251174 0.737674 0.003699
2 2 0.000192 0.015818 0.628597 0.348235 0.007157
2 2 0.001353 0.016627 0.519908 0.459653 0.002459
2 2 0.000354 0.028934 0.899747 0.066758 0.004207
2 2 0.000239 0.005655 0.749690 0.244283 0.000133
3 2 0.000000 0.000119 0.391495 0.608378 0.000008
3 2 0.000018 0.001162 0.389166 0.609568 0.000086
3 2 0.001008 0.003731 0.053097 0.939945 0.002219
2 2 0.000007 0.001111 0.602957 0.395660 0.000265
2 2 0.000005 0.001102 0.839715 0.159014 0.000164
2 2 0.000095 0.007918 0.895181 0.092636 0.004170
2 2 0.000879 0.014705 0.567070 0.407857 0.009489
2 2 0.002687 0.067484 0.794035 0.061743 0.074050
2 4 0.015599 0.131804 0.501318 0.181312 0.169967
2 4 0.003666 0.086989 0.763160 0.018625 0.127560
2 4 0.006927 0.106991 0.648123 0.027937 0.210021
4 4 0.005820 0.248063 0.363004 0.001303 0.381811
4 4 0.001786 0.207974 0.357677 0.000766 0.431797
4 4 0.007034 0.182899 0.113478 0.001147 0.695442
4 4 0.025716 0.214702 0.210602 0.018655 0.530326
2 4 0.001651 0.076877 0.781493 0.002571 0.137408
4 4 0.024528 0.138870 0.336269 0.041268 0.459066
4 4 0.078285 0.108887 0.037473 0.010574 0.764780
4 4 0.013671 0.241281 0.293435 0.020565 0.431049
2 4 0.014494 0.214325 0.432948 0.008708 0.329525
2 4 0.014482 0.255301 0.480767 0.003418 0.246031
4 4 0.004085 0.213942 0.328649 0.001995 0.451329
2 4 0.002009 0.192639 0.431395 0.001360 0.372598
2 4 0.030685 0.302637 0.412299 0.028621 0.225757
4 4 0.032486 0.194382 0.142546 0.000380 0.630206
4 4 0.022092 0.262770 0.181261 0.023407 0.510470
4 4 0.003072 0.248544 0.221060 0.001201 0.526122
4 4 0.003987 0.225293 0.145481 0.000965 0.624274
4 4 0.062468 0.236783 0.147322 0.127655 0.425771
2 4 0.010875 0.150498 0.530084 0.117427 0.191116
4 4 0.014689 0.227014 0.295997 0.013876 0.448424
1 4 0.069651 0.316468 0.290205 0.036543 0.287132
2 4 0.005311 0.122954 0.637072 0.007764 0.226899
2 4 0.002424 0.119035 0.679999 0.005633 0.192910
2 4 0.006700 0.204217 0.423288 0.010720 0.355075
2 4 0.003790 0.108634 0.704615 0.056284 0.126677
2 4 0.002896 0.058532 0.830048 0.033969 0.074554
2 4 0.002509 0.055222 0.804913 0.079709 0.057647
2 4 0.002692 0.057171 0.828023 0.044028 0.068086
2 4 0.020033 0.193609 0.383347 0.024145 0.378865
2 4 0.000239 0.018618 0.939143 0.027395 0.014605
2 4 0.004092 0.121568 0.764502 0.007104 0.102734
2 4 0.012524 0.138239 0.498454 0.183129 0.167654
2 2 0.002934 0.058272 0.880465 0.019220 0.039109
2 2 0.006172 0.060308 0.900038 0.015309 0.018172
2 2 0.000640 0.019367 0.890329 0.073702 0.015962
2 2 0.003575 0.149349 0.609038 0.011650 0.226388
2 2 0.000774 0.117879 0.746854 0.013838 0.120655
2 2 0.000469 0.016197 0.947567 0.019949 0.015818
2 2 0.000352 0.015250 0.972064 0.008187 0.004147
4 2 0.013493 0.222311 0.338231 0.018857 0.407108
2 2 0.001492 0.045899 0.828671 0.081363 0.042576
2 2 0.000567 0.025847 0.923540 0.025135 0.024911
2 2 0.008494 0.140170 0.748225 0.026939 0.076172
2 2 0.000225 0.016732 0.967307 0.007930 0.007806
2 2 0.000711 0.016293 0.595724 0.378635 0.008638
2 2 0.002486 0.113356 0.717060 0.040999 0.126098
2 2 0.016344 0.176792 0.490731 0.037200 0.278933
1 2 0.151535 0.469411 0.193316 0.020117 0.165621
4 2 0.002858 0.240097 0.244478 0.001092 0.511476
2 2 0.002442 0.058250 0.764958 0.118829 0.055522
2 2 0.009317 0.116191 0.653877 0.042754 0.177860
2 2 0.002795 0.035939 0.957285 0.002511 0.001470
2 2 0.004191 0.108698 0.698594 0.060300 0.128217
2 2 0.001698 0.090322 0.773345 0.008905 0.125730
2 2 0.005990 0.149511 0.589832 0.011710 0.242957
2 2 0.002496 0.092549 0.797166 0.031669 0.076120
2 2 0.000516 0.014819 0.736651 0.238662 0.009352
1 2 0.005105 0.435992 0.331125 0.000306 0.227472
2 2 0.074612 0.247739 0.433928 0.191745 0.051977
3 2 0.012690 0.035887 0.417831 0.529701 0.003891
2 2 0.000750 0.020773 0.925116 0.043385 0.009976
2 2 0.000466 0.022399 0.909157 0.049796 0.018182
2 2 0.002595 0.051863 0.886132 0.041244 0.018167
2 2 0.009992 0.052333 0.556044 0.340119 0.041511
2 2 0.002041 0.038308 0.895104 0.029635 0.034911
2 2 0.001102 0.036807 0.857902 0.071055 0.033133
2 2 0.000793 0.041060 0.877388 0.043651 0.037108
2 2 0.001131 0.029156 0.808869 0.152487 0.008357
2 2 0.003750 0.050296 0.814425 0.071739 0.059791
2 2 0.002334 0.119896 0.702514 0.049314 0.125941
2 2 0.006684 0.100295 0.742001 0.063372 0.087647
2 2 0.000294 0.010158 0.823953 0.162306 0.003289
2 2 0.037259 0.211558 0.527389 0.062595 0.161200
2 0 0.018688 0.158373 0.394420 0.228864 0.199655
2 2 0.009387 0.201343 0.311154 0.278150 0.199965
3 2 0.005751 0.051202 0.369649 0.528652 0.044747
3 2 0.001624 0.023434 0.450045 0.508763 0.016134
2 2 0.001124 0.045868 0.921439 0.015651 0.015916
2 2 0.002174 0.026552 0.576132 0.374322 0.020819
2 2 0.003946 0.092369 0.593592 0.226508 0.083585
2 2 0.000969 0.047679 0.825116 0.087233 0.039003
2 2 0.000189 0.009860 0.895240 0.088604 0.006107
2 2 0.001116 0.071150 0.822055 0.064730 0.040949
3 2 0.000286 0.003017 0.118621 0.876697 0.001381
2 2 0.000550 0.013698 0.762528 0.217091 0.006132
2 2 0.002451 0.035824 0.919891 0.031401 0.010432
2 2 0.045469 0.173645 0.510959 0.087983 0.181945
2 2 0.011280 0.120650 0.686977 0.163776 0.017317
2 2 0.015325 0.292217 0.475549 0.039831 0.177078
4 2 0.047061 0.267237 0.254417 0.078149 0.353136
2 2 0.003963 0.101292 0.724143 0.105111 0.065491
2 2 0.006939 0.050241 0.608609 0.281289 0.052922
2 2 0.004294 0.035994 0.795997 0.157326 0.006389
2 2 0.000222 0.007787 0.938121 0.053503 0.000367
2 2 0.000148 0.009098 0.862047 0.127506 0.001201
2 2 0.008972 0.115709 0.506086 0.245480 0.123754
2 2 0.003080 0.088397 0.705146 0.117107 0.086269
4 2 0.037985 0.247158 0.172052 0.000237 0.542567
1 2 0.366345 0.425708 0.109120 0.002379 0.096447
0 0 0.714693 0.134991 0.116747 0.014197 0.019372
0 0 0.787664 0.117238 0.085460 0.003560 0.006078
4 0 0.290242 0.079335 0.016168 0.000518 0.613736
4 0 0.363937 0.046954 0.042402 0.040691 0.506015
0 0 0.898911 0.034407 0.018929 0.000940 0.046813
0 0 0.990984 0.006400 0.002085 0.000002 0.000528
4 0 0.078178 0.077291 0.020168 0.002917 0.821446
0 0 0.665488 0.012905 0.010124 0.003454 0.308029
0 0 0.403554 0.198826 0.078699 0.004256 0.314665
1 0 0.038939 0.583566 0.135343 0.002640 0.239512
1 0 0.065178 0.599851 0.256914 0.000730 0.077328
1 1 0.016085 0.348834 0.268871 0.018314 0.347896
2 2 0.001509 0.020568 0.498152 0.466126 0.013645
2 2 0.000440 0.016343 0.909206 0.061106 0.012905
2 2 0.003236 0.079455 0.735436 0.100081 0.081792
3 2 0.004077 0.034589 0.366967 0.566092 0.028275
2 2 0.006863 0.120752 0.527376 0.222195 0.122814
2 2 0.001320 0.021910 0.810762 0.158298 0.007710
2 2 0.000034 0.007116 0.983792 0.008294 0.000765
2 2 0.000064 0.008801 0.974843 0.015019 0.001272
2 2 0.000148 0.016118 0.940167 0.032594 0.010973
2 2 0.000792 0.024603 0.910429 0.048780 0.015395
2 2 0.001140 0.024586 0.844775 0.108237 0.021263
2 2 0.000002 0.000608 0.785373 0.213923 0.000095
2 2 0.047570 0.215041 0.570757 0.065976 0.100657
1 2 0.062103 0.500094 0.326761 0.001863 0.109179
2 2 0.003019 0.089898 0.753541 0.050647 0.102896
2 2 0.001324 0.036351 0.908846 0.041301 0.012178
2 2 0.001192 0.040349 0.928507 0.017686 0.012266
2 2 0.002488 0.059803 0.899515 0.014942 0.023252
2 2 0.000340 0.013071 0.983363 0.002510 0.000717
2 2 0.000637 0.020615 0.934872 0.038009 0.005866
2 2 0.006221 0.154192 0.671702 0.016588 0.151297
2 2 0.001866 0.057834 0.925681 0.004423 0.010195
2 2 0.012776 0.370785 0.489011 0.002808 0.124620
2 2 0.004551 0.152875 0.815739 0.001072 0.025763
2 2 0.002669 0.109257 0.753049 0.035666 0.099359
2 2 0.003843 0.218197 0.672042 0.001299 0.104619
2 2 0.113676 0.228608 0.515774 0.129077 0.012865
1 2 0.261917 0.587477 0.124288 0.001066 0.025252
1 0 0.090721 0.436645 0.364600 0.048031 0.060004
0 0 0.625793 0.044324 0.033346 0.011156 0.285382
0 0 0.936328 0.027096 0.018566 0.000914 0.017096
4 0 0.114452 0.032318 0.009701 0.001516 0.842013
4 0 0.146205 0.025215 0.008443 0.001453 0.818685
0 0 0.637176 0.104823 0.065084 0.011360 0.181557
1 0 0.059570 0.584979 0.135758 0.001928 0.217765
2 0 0.068751 0.324601 0.439793 0.011017 0.155839
2 4 0.018133 0.174154 0.463404 0.072046 0.272264
2 4 0.009268 0.214369 0.517539 0.025896 0.232928
2 4 0.004146 0.166086 0.542471 0.007747 0.279550
2 4 0.013002 0.188300 0.409042 0.012582 0.377073
2 4 0.051715 0.272320 0.488793 0.025741 0.161431
4 4 0.014867 0.232157 0.281283 0.013987 0.457706
2 4 0.009635 0.173011 0.489280 0.015405 0.312669
4 4 0.034831 0.162548 0.107015 0.009311 0.686295
1 4 0.024301 0.347370 0.308033 0.006203 0.314094
4 4 0.010817 0.387681 0.173702 0.002315 0.425486
2 4 0.019910 0.205921 0.588117 0.036386 0.149667
2 4 0.013322 0.199519 0.426540 0.085064 0.275556
2 4 0.017814 0.136415 0.560949 0.055229 0.229593
2 4 0.043512 0.205890 0.656568 0.018229 0.075801
2 4 0.016022 0.146386 0.589580 0.009879 0.238133
4 4 0.023381 0.055282 0.027836 0.000384 0.893117
4 4 0.027249 0.059908 0.026120 0.000497 0.886227
4 4 0.073348 0.357607 0.161799 0.004617 0.402629
4 4 0.015489 0.064493 0.018478 0.000270 0.901270
4 4 0.006763 0.288451 0.123553 0.003789 0.577444
4 4 0.019145 0.055521 0.088583 0.000874 0.835877
4 4 0.007689 0.121960 0.262097 0.001444 0.606810
1 4 0.056574 0.376632 0.197065 0.024848 0.344882
1 4 0.003350 0.455502 0.197450 0.000160 0.343538
4 4 0.016960 0.374583 0.218252 0.000050 0.390154
4 4 0.029645 0.054097 0.020160 0.000506 0.895592
4 4 0.019794 0.251520 0.155767 0.004547 0.568372
4 4 0.020122 0.355771 0.138830 0.009619 0.475658
4 4 0.170169 0.037203 0.015772 0.004296 0.772561
4 4 0.040743 0.070770 0.026920 0.001440 0.860127
4 4 0.014917 0.285032 0.136758 0.012841 0.550451
4 4 0.049999 0.187146 0.303671 0.007219 0.451965
2 4 0.008024 0.183776 0.424913 0.006060 0.377227
2 4 0.005868 0.064784 0.515772 0.002465 0.411111
4 4 0.044486 0.238926 0.168243 0.058499 0.489845
4 4 0.024258 0.300871 0.249598 0.000712 0.424561
4 4 0.004035 0.135800 0.081221 0.000230 0.778713
4 4 0.047002 0.198761 0.174229 0.035764 0.544244
4 4 0.012485 0.108947 0.281124 0.003507 0.593937
4 4 0.007880 0.125462 0.135499 0.000804 0.730355
2 4 0.000936 0.073544 0.903645 0.003059 0.018817
4 4 0.010490 0.251540 0.143899 0.000285 0.593785
4 4 0.004580 0.159944 0.015834 0.000302 0.819340
4 4 0.018316 0.034145 0.006692 0.000074 0.940773
4 4 0.040229 0.154742 0.088703 0.006538 0.709788
2 4 0.074524 0.277515 0.475366 0.017758 0.154837
4 4 0.128366 0.081618 0.132307 0.020035 0.637674
4 4 0.060477 0.208810 0.255690 0.115117 0.359906
4 4 0.022563 0.199163 0.362751 0.028605 0.386918
4 4 0.047812 0.149923 0.057718 0.001631 0.742916
2 4 0.004813 0.238020 0.422672 0.033210 0.301285
2 4 0.030179 0.336794 0.518911 0.070340 0.043775
1 4 0.037554 0.708437 0.117093 0.000590 0.136326
4 4 0.013569 0.335437 0.144806 0.006326 0.499863
2 4 0.019330 0.148655 0.816056 0.004996 0.010963
4 4 0.016398 0.277873 0.167924 0.014296 0.523509
4 4 0.032517 0.147172 0.145424 0.000070 0.674817
4 4 0.014116 0.246811 0.277270 0.010875 0.450928
2 4 0.009732 0.206615 0.681598 0.004550 0.097505
2 4 0.006525 0.135613 0.806401 0.003844 0.047616
2 4 0.104233 0.377217 0.380255 0.007747 0.130547
4 4 0.014022 0.221574 0.312060 0.013067 0.439277
4 4 0.003390 0.222388 0.300363 0.001470 0.472389
2 4 0.008769 0.136212 0.595719 0.080989 0.178312
4 4 0.015421 0.239493 0.269890 0.016707 0.458489
2 4 0.048833 0.182471 0.393354 0.076993 0.298348
2 4 0.005025 0.153760 0.601414 0.031881 0.207919
2 4 0.001185 0.133914 0.682026 0.006090 0.176784
2 4 0.001102 0.077109 0.838618 0.028247 0.054924
1 4 0.174483 0.514811 0.291334 0.000035 0.019337
2 4 0.001764 0.055849 0.929557 0.002524 0.010307
2 4 0.003235 0.070580 0.896086 0.005418 0.024680
2 4 0.018201 0.213784 0.589960 0.010216 0.167839
2 4 0.006761 0.154975 0.790093 0.004030 0.044141
2 4 0.000939 0.030071 0.840285 0.104182 0.024524
2 2 0.005408 0.088261 0.676512 0.133154 0.096665
2 2 0.000433 0.090875 0.817041 0.001662 0.089988
2 2 0.000630 0.052991 0.917038 0.004873 0.024468
2 2 0.000317 0.029407 0.951547 0.003598 0.015131
2 2 0.000004 0.001984 0.994409 0.003483 0.000120
2 2 0.002591 0.128583 0.707028 0.004542 0.157255
2 2 0.002035 0.030203 0.907676 0.052690 0.007396
2 2 0.000860 0.022448 0.904337 0.057361 0.014995
2 2 0.001518 0.067686 0.870262 0.020559 0.039976
2 2 0.020844 0.319279 0.563703 0.000676 0.095498
2 2 0.039044 0.204833 0.693828 0.025785 0.036510
4 2 0.029095 0.230080 0.263520 0.039518 0.437787
4 2 0.025423 0.210593 0.341626 0.078983 0.343376
1 2 0.074631 0.445288 0.227395 0.013622 0.239064
1 2 0.206989 0.620590 0.140009 0.000938 0.031474
4 2 0.063028 0.048353 0.013044 0.001249 0.874326
2 2 0.008184 0.345873 0.402065 0.003023 0.240855
1 2 0.038587 0.353548 0.293024 0.012566 0.302274
4 2 0.003707 0.259570 0.305251 0.001769 0.429703
2 2 0.019585 0.154557 0.699806 0.089382 0.036670
2 2 0.001006 0.034323 0.914132 0.040562 0.009976
2 2 0.000382 0.021076 0.958761 0.015244 0.004537
2 2 0.000167 0.008878 0.941808 0.046757 0.002390
2 2 0.000135 0.009162 0.955922 0.030081 0.004701
2 2 0.004628 0.089802 0.813233 0.024731 0.067606
2 2 0.001246 0.066821 0.836996 0.018336 0.076601
2 2 0.001148 0.062997 0.888225 0.010566 0.037064
2 2 0.000838 0.020679 0.821264 0.150697 0.006522
2 2 0.006617 0.083974 0.893775 0.002191 0.013442
2 2 0.000096 0.010062 0.964207 0.022804 0.002831
2 2 0.000400 0.013782 0.983906 0.001567 0.000344
2 2 0.001029 0.019174 0.652275 0.320905 0.006617
3 2 0.000193 0.005606 0.475498 0.516501 0.002202
2 2 0.000001 0.000690 0.967021 0.032217 0.000071
2 2 0.000051 0.003807 0.722959 0.271715 0.001468
2 2 0.000116 0.005548 0.742338 0.250582 0.001417
3 2 0.000138 0.001953 0.110475 0.886665 0.000769
2 2 0.000196 0.007020 0.804808 0.187070 0.000906
3 2 0.000752 0.009960 0.460127 0.527079 0.002082
2 2 0.000058 0.004945 0.932908 0.061655 0.000435
2 3 0.000169 0.012851 0.926940 0.055822 0.004218
2 3 0.000016 0.002521 0.986122 0.011158 0.000183
3 3 0.000636 0.009404 0.399292 0.586352 0.004316
2 3 0.000082 0.023035 0.945710 0.016155 0.015019
2 3 0.000106 0.013996 0.817461 0.161982 0.006455
3 3 0.000072 0.001791 0.232114 0.765828 0.000195
3 3 0.000002 0.000415 0.350974 0.648537 0.000072
2 3 0.000010 0.001501 0.749730 0.248502 0.000257
2 3 0.000086 0.006109 0.970254 0.022786 0.000766
2 3 0.000108 0.005769 0.729643 0.261865 0.002614
2 3 0.000189 0.008428 0.762486 0.227344 0.001552
3 3 0.000079 0.002410 0.160618 0.836064 0.000829
3 3 0.000344 0.005349 0.261747 0.729968 0.002592
3 3 0.000011 0.000607 0.140988 0.858253 0.000141
2 3 0.000059 0.003451 0.750632 0.245519 0.000338
3 3 0.000035 0.002299 0.473722 0.523214 0.000730
3 3 0.000232 0.006610 0.449439 0.540650 0.003069
3 3 0.000021 0.001698 0.383506 0.614675 0.000100
2 3 0.000035 0.003197 0.740207 0.255405 0.001157
3 3 0.000011 0.000939 0.321762 0.677063 0.000225
3 3 0.000009 0.000827 0.274668 0.724402 0.000094
3 3 0.000003 0.000372 0.137510 0.862052 0.000064
3 3 0.000001 0.000330 0.371314 0.628307 0.000048
3 3 0.000072 0.002120 0.176805 0.820320 0.000683
2 3 0.000134 0.007003 0.820142 0.172142 0.000579
3 3 0.000013 0.000896 0.140376 0.858506 0.000210
3 3 0.000000 0.000133 0.212788 0.787063 0.000016
3 3 0.000012 0.000545 0.076082 0.923233 0.000127
3 3 0.000002 0.000296 0.235651 0.764023 0.000028
3 3 0.000000 0.000025 0.025159 0.974814 0.000001
3 3 0.000025 0.000547 0.060387 0.938890 0.000152
3 3 0.000009 0.000895 0.212595 0.786303 0.000199
3 3 0.000000 0.000044 0.058734 0.941217 0.000005
3 3 0.000000 0.000002 0.004717 0.995281 0.000000
3 3 0.000000 0.000028 0.064724 0.935247 0.000000
3 3 0.000000 0.000055 0.061649 0.938289 0.000006
3 3 0.000000 0.000041 0.050263 0.949692 0.000004
3 3 0.000000 0.000005 0.084925 0.915070 0.000000
3 3 0.000001 0.000171 0.152477 0.847331 0.000019
2 3 0.000004 0.000827 0.901409 0.097746 0.000014
3 3 0.000124 0.003702 0.350280 0.644413 0.001481
3 3 0.000006 0.000650 0.163793 0.835421 0.000130
3 3 0.000003 0.000355 0.292939 0.706689 0.000014
3 3 0.000000 0.000089 0.153979 0.845930 0.000002
3 3 0.000003 0.000123 0.037501 0.962356 0.000017
3 3 0.000000 0.000044 0.037933 0.962017 0.000005
3 3 0.000001 0.000141 0.251692 0.748160 0.000006
3 3 0.000000 0.000005 0.011065 0.988931 0.000000
3 3 0.000036 0.000754 0.100962 0.898184 0.000063
3 3 0.000071 0.001960 0.290618 0.707190 0.000162
3 3 0.000003 0.000064 0.010394 0.989527 0.000012
3 3 0.000025 0.000845 0.096448 0.902451 0.000231
3 3 0.000000 0.000021 0.020136 0.979841 0.000002
3 3 0.000133 0.002298 0.243166 0.754269 0.000134
3 3 0.000004 0.000230 0.085064 0.914671 0.000031
3 3 0.000002 0.000090 0.031611 0.968284 0.000014
3 3 0.000051 0.004445 0.319726 0.674395 0.001383
3 3 0.000019 0.000448 0.054503 0.944911 0.000118
3 3 0.000004 0.000429 0.253932 0.745604 0.000030
3 3 0.000000 0.000024 0.012049 0.987924 0.000002
2 3 0.157525 0.177587 0.412644 0.229951 0.022293
4 3 0.078926 0.206771 0.151209 0.196062 0.367033
3 3 0.000458 0.003780 0.100585 0.893282 0.001895
3 2 0.000062 0.002548 0.373629 0.623060 0.000702
2 2 0.000243 0.012791 0.587394 0.394449 0.005123
2 2 0.003397 0.074899 0.597548 0.259440 0.064715
2 2 0.033929 0.173134 0.405391 0.057452 0.330093
2 2 0.000062 0.008963 0.802766 0.184558 0.003651
2 2 0.000011 0.002109 0.899438 0.097727 0.000714
2 2 0.000175 0.010524 0.932662 0.049508 0.007131
2 2 0.000043 0.006744 0.971469 0.017661 0.004083
2 2 0.004625 0.058359 0.735396 0.138293 0.063327
2 2 0.000699 0.011877 0.500116 0.480200 0.007108
2 2 0.000037 0.002959 0.661257 0.334721 0.001027
3 2 0.000008 0.000923 0.422916 0.575942 0.000211
2 2 0.004694 0.076050 0.751270 0.077137 0.090850
2 2 0.003726 0.070092 0.801374 0.026739 0.098069
2 2 0.002055 0.102464 0.737897 0.008554 0.149030
2 2 0.005878 0.106548 0.700435 0.031108 0.156032
2 4 0.007880 0.174987 0.472885 0.008701 0.335547
4 4 0.019053 0.309182 0.252486 0.008942 0.410337
4 4 0.010608 0.126285 0.050059 0.000709 0.812340
4 4 0.006521 0.241734 0.107882 0.000613 0.643251
4 4 0.010219 0.259374 0.206380 0.007471 0.516556
4 4 0.011921 0.270942 0.174894 0.009289 0.532955
4 4 0.003634 0.096779 0.088679 0.000099 0.810809
4 4 0.043912 0.036179 0.009919 0.000398 0.909591
2 4 0.017248 0.266665 0.372314 0.007306 0.336467
4 4 0.033571 0.332966 0.198532 0.014263 0.420669
4 4 0.011372 0.144121 0.121447 0.001365 0.721696
4 4 0.017852 0.065900 0.028614 0.000365 0.887269
4 4 0.002343 0.033793 0.007925 0.000005 0.955935
4 4 0.022645 0.079645 0.033459 0.000774 0.863478
1 4 0.016058 0.441825 0.231846 0.001792 0.308479
4 4 0.003113 0.216475 0.316729 0.001306 0.462377
2 4 0.009206 0.302466 0.343388 0.002045 0.342895
4 4 0.004511 0.225287 0.296221 0.002267 0.471714
2 4 0.006217 0.234351 0.471527 0.004290 0.283616
1 4 0.227661 0.448236 0.239307 0.021106 0.063691
4 4 0.000711 0.354693 0.277190 0.000025 0.367381
4 4 0.020034 0.157535 0.232435 0.003251 0.586745
4 4 0.029393 0.145273 0.311422 0.007383 0.506529
2 4 0.047771 0.257420 0.559478 0.007233 0.128099
2 4 0.265669 0.182330 0.356513 0.004939 0.190549
1 4 0.006905 0.427909 0.282099 0.000413 0.282674
1 4 0.027940 0.708170 0.118835 0.000405 0.144650
4 4 0.264752 0.185083 0.047149 0.002641 0.500376
1 4 0.202959 0.487217 0.085685 0.000002 0.224137
1 4 0.008257 0.438021 0.152502 0.001018 0.400201
4 4 0.064503 0.170114 0.236633 0.245963 0.282787
2 4 0.004983 0.167024 0.554698 0.015203 0.258092
2 4 0.019080 0.119071 0.601676 0.045630 0.214543
2 4 0.005152 0.137509 0.563953 0.003540 0.289846
2 4 0.002881 0.095826 0.728462 0.005299 0.167532
2 4 0.000809 0.021523 0.876248 0.083223 0.018197
2 4 0.002130 0.220550 0.549673 0.004379 0.223268
4 4 0.008212 0.324178 0.116831 0.001822 0.548958
1 4 0.220876 0.666636 0.087536 0.000255 0.024696
1 4 0.070535 0.418752 0.139500 0.028294 0.342919
1 4 0.036701 0.475964 0.102382 0.008779 0.376174
4 4 0.008042 0.200539 0.375109 0.005829 0.410481
4 4 0.016549 0.208442 0.361353 0.022450 0.391206
4 4 0.001931 0.239243 0.308091 0.000456 0.450280
2 4 0.010892 0.198293 0.422120 0.018792 0.349903
1 4 0.042570 0.390985 0.264700 0.010385 0.291360
4 4 0.312246 0.253109 0.099103 0.002148 0.333394
4 4 0.005932 0.238579 0.102699 0.000204 0.652585
1 4 0.042452 0.422609 0.195704 0.010930 0.328305
1 4 0.037349 0.498882 0.248644 0.002732 0.212393
1 0 0.115998 0.587123 0.249922 0.002539 0.044418
4 0 0.012306 0.202903 0.367175 0.011150 0.406466
2 4 0.024943 0.187097 0.559593 0.033139 0.195227
2 4 0.009306 0.150419 0.567999 0.066660 0.205617
2 4 0.017818 0.185526 0.429861 0.095663 0.271132
1 4 0.067723 0.435283 0.305209 0.007541 0.184244
4 4 0.028257 0.297285 0.236913 0.019325 0.418219
2 4 0.001399 0.050803 0.865735 0.023244 0.058819
2 2 0.000702 0.049540 0.882558 0.009090 0.058109
2 2 0.003546 0.078334 0.875634 0.003364 0.039122
2 2 0.000240 0.030912 0.956484 0.002097 0.010267
2 2 0.000848 0.028473 0.939205 0.023408 0.008066
2 2 0.000746 0.017152 0.822199 0.152346 0.007556
2 2 0.000070 0.008621 0.976471 0.013402 0.001437
2 2 0.000362 0.017850 0.975709 0.003972 0.002107
2 2 0.000340 0.013423 0.970218 0.013676 0.002342
2 2 0.006070 0.051270 0.772423 0.142464 0.027773
2 2 0.019611 0.126790 0.505851 0.234837 0.112912
2 2 0.025966 0.140625 0.718577 0.033650 0.081182
2 2 0.000152 0.008045 0.953618 0.036891 0.001293
2 2 0.000043 0.004254 0.956269 0.038696 0.000739
2 2 0.000052 0.005300 0.951341 0.041191 0.002115
2 2 0.000077 0.006595 0.968027 0.023259 0.002042
2 2 0.021378 0.152913 0.615328 0.035144 0.175238
2 2 0.031285 0.222063 0.640569 0.004112 0.101971
2 2 0.004823 0.054841 0.617339 0.270236 0.052762
2 2 0.024079 0.351621 0.398538 0.069895 0.155868
2 2 0.012496 0.357023 0.558545 0.001334 0.070602
4 2 0.078654 0.180796 0.165822 0.269076 0.305652
1 2 0.159022 0.477813 0.177983 0.020750 0.164432
1 2 0.153018 0.607816 0.142189 0.004112 0.092865
2 2 0.006802 0.139604 0.834923 0.001687 0.016984
1 2 0.162503 0.604051 0.183514 0.001422 0.048510
2 2 0.002624 0.039495 0.929865 0.016301 0.011715
2 2 0.009974 0.126224 0.825465 0.006535 0.031803
2 2 0.003024 0.036298 0.739433 0.186483 0.034761
2 2 0.009987 0.099776 0.691347 0.032100 0.166791
2 2 0.000182 0.033288 0.921379 0.022659 0.022491
2 2 0.005902 0.122201 0.646721 0.077358 0.147818
2 2 0.034854 0.139097 0.744627 0.015735 0.065687
2 2 0.000179 0.019770 0.959377 0.014777 0.005896
2 2 0.002182 0.033103 0.895984 0.055919 0.012813
2 2 0.001085 0.041367 0.930991 0.012190 0.014366
2 2 0.000542 0.015724 0.826103 0.146599 0.011032
2 2 0.000030 0.008532 0.980939 0.006121 0.004378
2 2 0.000020 0.006363 0.984107 0.005520 0.003990
2 2 0.003080 0.032376 0.647269 0.288508 0.028766
2 2 0.000094 0.009310 0.976522 0.006798 0.007275
2 2 0.000583 0.087330 0.801202 0.004560 0.106325
2 2 0.000756 0.031663 0.891568 0.047579 0.028434
2 2 0.002110 0.047221 0.874185 0.012706 0.063778
2 2 0.006192 0.077529 0.861026 0.000258 0.054994
3 2 0.000293 0.006951 0.369410 0.620047 0.003299
2 2 0.000048 0.006979 0.875517 0.114455 0.003001
2 2 0.018052 0.404967 0.564659 0.000124 0.012197
0 2 0.468500 0.316975 0.179138 0.010716 0.024671
0 0 0.807735 0.077667 0.058638 0.007284 0.048677
4 0 0.388458 0.047987 0.060753 0.113208 0.389593
1 0 0.080272 0.507965 0.212877 0.001220 0.197667
2 1 0.007514 0.135012 0.805461 0.001443 0.050569
2 1 0.002249 0.037712 0.878396 0.073815 0.007829
2 1 0.000603 0.018105 0.874751 0.092405 0.014135
2 1 0.002226 0.118847 0.712752 0.030563 0.135613
2 1 0.001741 0.030499 0.661372 0.289383 0.017005
2 2 0.008585 0.082971 0.839393 0.043298 0.025752
2 2 0.000469 0.031293 0.880064 0.064698 0.023476
2 2 0.000007 0.001501 0.843541 0.154527 0.000424
2 2 0.000232 0.009301 0.884368 0.103872 0.002227
2 2 0.045774 0.266818 0.391428 0.027642 0.268339
2 2 0.006570 0.260834 0.617737 0.001608 0.113251
1 2 0.070397 0.387629 0.258576 0.020483 0.262916
2 2 0.022893 0.229966 0.387865 0.025563 0.333714
4 2 0.053996 0.254489 0.252540 0.064850 0.374125
0 2 0.542484 0.309831 0.109374 0.002483 0.035828
1 0 0.048907 0.673391 0.089994 0.001807 0.185900
4 0 0.048464 0.294071 0.297245 0.030642 0.329578
4 0 0.007441 0.165452 0.055136 0.000788 0.771184
4 4 0.032053 0.231146 0.253804 0.045792 0.437205
2 4 0.023794 0.177165 0.421835 0.032868 0.344339
2 4 0.005948 0.096444 0.737753 0.079337 0.080519
2 4 0.000029 0.005060 0.989294 0.004892 0.000725
2 4 0.029092 0.190798 0.631071 0.054702 0.094338
2 2 0.000495 0.096250 0.861947 0.001697 0.039611
2 2 0.001181 0.057709 0.910592 0.005833 0.024686
2 2 0.025791 0.303160 0.341935 0.001538 0.327576
1 2 0.121750 0.373706 0.292948 0.027843 0.183752
2 2 0.000146 0.007722 0.963563 0.027676 0.000893
2 2 0.003976 0.098786 0.829441 0.035412 0.032385
2 2 0.041312 0.309020 0.411128 0.051670 0.186870
2 2 0.004837 0.115716 0.778639 0.047970 0.052837
2 2 0.026426 0.096477 0.483023 0.376070 0.018004
0 0 0.820538 0.115349 0.059158 0.000832 0.004123
