0 0 0.962175 0.009373 0.003353 0.000849 0.024250
0 0 0.922578 0.016354 0.005850 0.001144 0.054074
0 0 0.958654 0.019078 0.007464 0.000992 0.013812
0 0 0.962906 0.003474 0.000652 0.000032 0.032936
0 0 0.994061 0.000903 0.000170 0.000015 0.004851
0 0 0.986677 0.002321 0.001742 0.008788 0.000471
0 0 0.990384 0.003139 0.001149 0.000508 0.004820
0 0 0.992309 0.005326 0.002097 0.000134 0.000134
0 0 0.951267 0.034841 0.012791 0.000185 0.000916
0 0 0.998187 0.000837 0.000444 0.000487 0.000045
0 0 0.807097 0.022467 0.006396 0.000495 0.163545
0 0 0.934339 0.006447 0.001367 0.000075 0.057773
0 0 0.995378 0.001069 0.000256 0.000046 0.003251
0 0 0.997817 0.000862 0.000325 0.000277 0.000718
0 0 0.957892 0.012071 0.005032 0.001864 0.023141
0 0 0.908384 0.019854 0.007463 0.001564 0.062735
0 0 0.969639 0.010343 0.005436 0.004552 0.010030
0 0 0.977500 0.004275 0.003298 0.013885 0.001042
0 0 0.985207 0.002624 0.001981 0.009636 0.000553
0 0 0.994385 0.001980 0.001009 0.001580 0.001046
0 0 0.673300 0.042423 0.014452 0.001400 0.268425
0 0 0.971512 0.017452 0.003147 0.000011 0.007878
0 0 0.995849 0.000577 0.000407 0.003089 0.000078
0 0 0.997334 0.000931 0.000291 0.000132 0.001311
0 0 0.975673 0.003172 0.000678 0.000053 0.020425
0 0 0.997058 0.001147 0.000468 0.000453 0.000874
0 0 0.995454 0.001148 0.000292 0.000062 0.003044
0 0 0.902795 0.010098 0.002367 0.000145 0.084595
0 0 0.985670 0.004214 0.001482 0.000507 0.008127
0 0 0.918534 0.023286 0.010354 0.003301 0.044525
0 0 0.969509 0.011329 0.004634 0.001310 0.013217
0 0 0.961898 0.009244 0.003253 0.000787 0.024818
0 0 0.753537 0.045857 0.010762 0.000166 0.189678
0 0 0.967512 0.010381 0.003488 0.000523 0.018095
0 0 0.921529 0.036989 0.020698 0.006504 0.014281
0 0 0.848842 0.025619 0.008561 0.001029 0.115948
0 0 0.953726 0.016454 0.007287 0.002356 0.020176
0 0 0.780207 0.020559 0.005264 0.000297 0.193673
0 0 0.883478 0.029513 0.010067 0.000955 0.075988
0 0 0.932183 0.011818 0.002939 0.000162 0.052898
0 0 0.981690 0.006415 0.003326 0.003292 0.005276
0 0 0.997492 0.001856 0.000317 0.000002 0.000332
0 0 0.912110 0.046034 0.027876 0.006972 0.007008
0 0 0.941137 0.027131 0.011793 0.001910 0.018030
0 0 0.992416 0.002654 0.001533 0.002627 0.000771
0 0 0.635927 0.200735 0.098072 0.004165 0.061100
1 0 0.358262 0.523567 0.113540 0.000004 0.004627
4 0 0.157893 0.034574 0.008757 0.000192 0.798584
0 0 0.980995 0.003655 0.000835 0.000064 0.014451
0 0 0.997912 0.000819 0.000297 0.000227 0.000745
0 0 0.994570 0.003491 0.001479 0.000099 0.000361
0 0 0.998803 0.000790 0.000097 0.000000 0.000310
0 0 0.993997 0.002776 0.000591 0.000020 0.002615
0 0 0.979546 0.012187 0.003753 0.000165 0.004348
0 0 0.971322 0.025062 0.002723 0.000000 0.000892
0 0 0.992495 0.006239 0.000877 0.000001 0.000388
0 0 0.927608 0.056483 0.009108 0.000005 0.006796
0 0 0.959450 0.030959 0.006229 0.000013 0.003349
0 0 0.943432 0.042119 0.008022 0.000012 0.006415
0 1 0.958949 0.034674 0.004669 0.000001 0.001707
0 1 0.560652 0.341598 0.051170 0.000005 0.046575
0 0 0.431915 0.363770 0.170760 0.000083 0.033473
0 1 0.898535 0.074838 0.013325 0.000011 0.013291
0 1 0.813615 0.146909 0.025560 0.000009 0.013906
0 1 0.901795 0.081517 0.012950 0.000003 0.003734
0 0 0.981068 0.011583 0.005033 0.000685 0.001631
0 0 0.998154 0.001121 0.000475 0.000176 0.000075
0 0 0.987605 0.009249 0.002977 0.000041 0.000127
0 0 0.844368 0.132200 0.022508 0.000002 0.000922
0 0 0.803371 0.164184 0.031817 0.000004 0.000624
0 0 0.770623 0.180362 0.035906 0.000017 0.013091
0 0 0.985418 0.011890 0.002083 0.000003 0.000606
0 0 0.998129 0.001637 0.000166 0.000000 0.000067
0 0 0.992870 0.005243 0.000743 0.000001 0.001142
0 0 0.996877 0.002555 0.000349 0.000001 0.000217
0 0 0.996351 0.001596 0.000632 0.000402 0.001019
0 0 0.992428 0.004082 0.001130 0.000076 0.002284
0 0 0.943934 0.013634 0.005144 0.001305 0.035983
0 0 0.949210 0.015668 0.010327 0.014807 0.009988
0 0 0.979680 0.006911 0.003873 0.004763 0.004773
0 0 0.990693 0.004272 0.002519 0.002101 0.000415
0 0 0.960799 0.009393 0.008704 0.018965 0.002140
0 0 0.983585 0.005331 0.003644 0.006552 0.000887
0 0 0.982249 0.005927 0.002527 0.001382 0.007914
0 0 0.998176 0.000998 0.000192 0.000007 0.000627
0 0 0.997389 0.002049 0.000367 0.000002 0.000192
0 0 0.989669 0.009236 0.000817 0.000000 0.000278
0 0 0.974642 0.021318 0.002115 0.000000 0.001925
0 0 0.986356 0.011102 0.002020 0.000004 0.000519
0 0 0.997337 0.002321 0.000281 0.000000 0.000061
0 0 0.964444 0.024526 0.005583 0.000033 0.005414
0 0 0.968648 0.025299 0.001842 0.000000 0.004211
0 0 0.986241 0.010821 0.001597 0.000002 0.001339
0 0 0.993331 0.005907 0.000426 0.000000 0.000336
0 0 0.948679 0.037696 0.007703 0.000018 0.005904
0 0 0.970683 0.015938 0.010719 0.001650 0.001011
0 0 0.971722 0.017140 0.009772 0.000656 0.000711
0 0 0.837918 0.103153 0.049228 0.001775 0.007926
0 0 0.983245 0.010644 0.004971 0.000606 0.000533
0 0 0.979391 0.013767 0.005606 0.000354 0.000881
0 0 0.918715 0.062532 0.008971 0.000003 0.009779
0 0 0.973591 0.022413 0.003536 0.000001 0.000459
0 0 0.955726 0.036437 0.006226 0.000004 0.001607
0 0 0.930903 0.054171 0.008244 0.000004 0.006678
0 0 0.966097 0.028718 0.004072 0.000001 0.001111
0 0 0.714721 0.202123 0.034849 0.000014 0.048293
0 0 0.997613 0.001408 0.000629 0.000256 0.000094
0 0 0.999470 0.000065 0.000039 0.000423 0.000004
0 0 0.998859 0.000118 0.000078 0.000936 0.000010
0 0 0.997729 0.000276 0.000189 0.001776 0.000030
0 0 0.991649 0.002809 0.001535 0.002579 0.001427
0 0 0.878244 0.083357 0.030279 0.000416 0.007705
0 0 0.980733 0.007112 0.002302 0.000329 0.009524
0 0 0.980135 0.006592 0.002850 0.001556 0.008867
0 0 0.997774 0.001642 0.000242 0.000001 0.000341
0 0 0.994435 0.005010 0.000393 0.000000 0.000162
0 0 0.994510 0.004139 0.001194 0.000025 0.000132
0 0 0.997440 0.002191 0.000226 0.000000 0.000143
0 0 0.993799 0.005109 0.000512 0.000000 0.000580
0 0 0.998184 0.001427 0.000188 0.000000 0.000200
0 0 0.997501 0.001695 0.000170 0.000000 0.000634
0 0 0.995062 0.004029 0.000367 0.000000 0.000542
0 0 0.982888 0.014591 0.001769 0.000000 0.000752
0 1 0.671485 0.271526 0.027225 0.000000 0.029763
1 1 0.184345 0.561438 0.061130 0.000001 0.193087
0 0 0.479707 0.229373 0.277970 0.003271 0.009679
1 1 0.165573 0.676153 0.121919 0.000006 0.036349
0 2 0.506008 0.395663 0.073346 0.000011 0.024971
1 2 0.183061 0.666041 0.097860 0.000001 0.053037
1 2 0.028313 0.740478 0.135496 0.000001 0.095712
2 2 0.028043 0.354670 0.591170 0.000309 0.025809
2 0 0.240020 0.264994 0.487124 0.001818 0.006044
0 0 0.976360 0.004526 0.003500 0.014491 0.001123
0 0 0.989654 0.006800 0.002107 0.000104 0.001335
0 0 0.994939 0.004307 0.000495 0.000000 0.000259
0 4 0.994139 0.005184 0.000543 0.000000 0.000133
1 4 0.306557 0.521874 0.118352 0.000007 0.053210
1 4 0.277708 0.380094 0.067504 0.000019 0.274675
0 4 0.590173 0.238606 0.044516 0.000029 0.126676
2 2 0.064623 0.284884 0.620023 0.001625 0.028845
2 2 0.000790 0.106996 0.884920 0.000123 0.007171
2 2 0.001742 0.020420 0.821752 0.155102 0.000983
2 2 0.000056 0.007159 0.971478 0.021210 0.000097
2 2 0.000115 0.025656 0.973125 0.000942 0.000162
2 2 0.000101 0.050993 0.940636 0.000361 0.007909
2 2 0.000050 0.006728 0.981847 0.011310 0.000065
2 2 0.000002 0.003090 0.995977 0.000916 0.000015
2 2 0.000086 0.007678 0.988000 0.004142 0.000094
2 2 0.000028 0.003642 0.984552 0.011755 0.000023
2 2 0.000031 0.003113 0.913344 0.083484 0.000028
2 2 0.000009 0.001526 0.507800 0.490551 0.000114
2 2 0.000126 0.036830 0.953988 0.007240 0.001815
2 2 0.000443 0.006693 0.754382 0.238150 0.000332
2 2 0.000004 0.000824 0.577186 0.421961 0.000025
2 2 0.000018 0.000911 0.937602 0.061468 0.000001
2 2 0.000022 0.002360 0.969491 0.028096 0.000031
3 2 0.000000 0.000090 0.480563 0.519346 0.000001
2 2 0.000055 0.001833 0.871795 0.126307 0.000010
0 2 0.900948 0.028394 0.022555 0.037899 0.010204
1 2 0.082149 0.492527 0.394897 0.000041 0.030385
1 2 0.196519 0.411004 0.122212 0.000047 0.270218
2 2 0.002472 0.043888 0.872911 0.077954 0.002775
2 2 0.010624 0.177997 0.799390 0.001021 0.010968
2 2 0.001426 0.031826 0.958668 0.007731 0.000349
2 2 0.003950 0.050718 0.938579 0.006185 0.000567
2 2 0.004065 0.017374 0.740231 0.237930 0.000401
2 2 0.004446 0.026281 0.942190 0.026931 0.000153
2 2 0.000420 0.004777 0.716082 0.278649 0.000072
2 2 0.000037 0.001476 0.586927 0.411521 0.000039
3 3 0.000003 0.000074 0.100899 0.899022 0.000002
2 0 0.010805 0.014540 0.664037 0.310377 0.000242
0 0 0.963046 0.023377 0.011784 0.000228 0.001565
0 0 0.992395 0.003846 0.000811 0.000020 0.002927
0 1 0.989237 0.007406 0.001887 0.000037 0.001433
0 1 0.729167 0.196766 0.053931 0.000085 0.020052
0 1 0.491571 0.252790 0.205531 0.010063 0.040046
2 1 0.056632 0.366322 0.563058 0.000808 0.013180
1 1 0.063295 0.572334 0.321097 0.000110 0.043164
2 2 0.003862 0.177385 0.814449 0.000692 0.003612
2 2 0.000001 0.001719 0.982774 0.015450 0.000057
2 2 0.000002 0.003526 0.995168 0.001281 0.000024
2 2 0.000052 0.038184 0.960935 0.000247 0.000583
2 2 0.003690 0.097037 0.898077 0.000516 0.000679
2 2 0.000112 0.012010 0.953846 0.033694 0.000338
2 2 0.000363 0.033708 0.959029 0.006109 0.000791
2 2 0.000011 0.003646 0.950145 0.046096 0.000102
2 2 0.000573 0.027437 0.967637 0.004047 0.000306
2 2 0.000006 0.003362 0.989303 0.007297 0.000033
2 2 0.000063 0.007612 0.950466 0.041726 0.000132
2 2 0.000010 0.002214 0.921427 0.076308 0.000041
2 2 0.000002 0.001014 0.956386 0.042590 0.000008
2 2 0.000006 0.001423 0.944010 0.054552 0.000008
2 2 0.000002 0.000445 0.814001 0.185550 0.000003
3 3 0.000047 0.000536 0.151612 0.847779 0.000025
2 3 0.000007 0.000754 0.715939 0.283292 0.000008
3 3 0.000000 0.000111 0.264881 0.735003 0.000005
2 3 0.000008 0.001022 0.840159 0.158800 0.000010
3 3 0.000000 0.000051 0.203663 0.796284 0.000001
3 3 0.000004 0.000497 0.418709 0.580779 0.000012
3 3 0.000024 0.000425 0.277093 0.722453 0.000005
3 3 0.000001 0.000152 0.323033 0.676812 0.000002
2 3 0.000184 0.005662 0.628376 0.365563 0.000215
3 3 0.000348 0.001789 0.367351 0.630466 0.000046
3 3 0.000014 0.000595 0.383190 0.616190 0.000011
2 3 0.001046 0.014804 0.952525 0.031534 0.000090
2 3 0.000299 0.004964 0.551931 0.442631 0.000174
3 3 0.001343 0.003336 0.448557 0.546723 0.000042
3 3 0.000027 0.000561 0.400755 0.598648 0.000008
3 3 0.000000 0.000039 0.188349 0.811611 0.000001
2 3 0.000024 0.000981 0.729391 0.269598 0.000007
3 3 0.000003 0.000009 0.005634 0.994354 0.000000
3 3 0.000008 0.000061 0.015836 0.984088 0.000006
3 3 0.000000 0.000011 0.049062 0.950927 0.000000
3 3 0.000002 0.000032 0.111163 0.888802 0.000000
3 3 0.000012 0.000139 0.107310 0.892536 0.000003
3 3 0.000000 0.000004 0.006130 0.993866 0.000000
3 3 0.000001 0.000064 0.198442 0.801492 0.000001
3 3 0.000011 0.000113 0.042947 0.956924 0.000005
2 2 0.001792 0.048599 0.851750 0.093121 0.004739
2 2 0.000067 0.016876 0.925225 0.055336 0.002496
3 3 0.000001 0.000113 0.264977 0.734909 0.000001
3 3 0.000007 0.000455 0.452928 0.546605 0.000005
2 3 0.000007 0.000643 0.760674 0.238672 0.000004
3 3 0.000015 0.000743 0.458728 0.540502 0.000012
3 3 0.002946 0.008366 0.492599 0.495816 0.000273
3 3 0.000002 0.000128 0.128825 0.871041 0.000004
3 3 0.000004 0.000104 0.064155 0.935734 0.000003
3 3 0.000000 0.000012 0.019906 0.980082 0.000000
3 3 0.000001 0.000005 0.012629 0.987364 0.000000
3 3 0.000005 0.000066 0.070961 0.928966 0.000002
3 3 0.000001 0.000015 0.013260 0.986723 0.000001
3 3 0.000002 0.000130 0.071599 0.928258 0.000011
3 3 0.000054 0.000758 0.318237 0.680942 0.000009
3 3 0.000137 0.000224 0.060231 0.939401 0.000007
3 3 0.000002 0.000015 0.018351 0.981632 0.000000
3 3 0.000007 0.000119 0.095579 0.904293 0.000003
3 3 0.000001 0.000055 0.054524 0.945418 0.000002
3 3 0.000003 0.000024 0.007816 0.992154 0.000002
3 3 0.000003 0.000003 0.002324 0.997669 0.000000
3 3 0.000000 0.000004 0.007447 0.992549 0.000000
3 3 0.000001 0.000020 0.006844 0.993132 0.000002
3 3 0.000000 0.000008 0.014660 0.985331 0.000001
3 3 0.000000 0.000026 0.094379 0.905594 0.000000
3 3 0.000001 0.000026 0.063766 0.936207 0.000001
3 3 0.000001 0.000014 0.009195 0.990788 0.000001
3 3 0.000003 0.000072 0.030463 0.969456 0.000006
3 3 0.000002 0.000005 0.004690 0.995303 0.000000
3 3 0.000000 0.000006 0.019660 0.980334 0.000000
3 3 0.000000 0.000020 0.026567 0.973412 0.000002
3 3 0.000007 0.000043 0.013765 0.986182 0.000004
3 3 0.000000 0.000009 0.013142 0.986848 0.000001
3 3 0.000025 0.000096 0.019027 0.980843 0.000009
3 3 0.000007 0.000053 0.016275 0.983661 0.000005
3 3 0.000000 0.000009 0.048201 0.951790 0.000000
3 3 0.000000 0.000001 0.004419 0.995580 0.000000
3 3 0.000000 0.000003 0.013113 0.986883 0.000000
3 3 0.000000 0.000015 0.036338 0.963646 0.000001
3 3 0.000000 0.000000 0.005764 0.994236 0.000000
3 3 0.000000 0.000009 0.011743 0.988247 0.000001
3 3 0.000021 0.000183 0.012413 0.987343 0.000040
3 3 0.000003 0.000064 0.020238 0.979686 0.000009
3 3 0.000002 0.000017 0.022782 0.977200 0.000001
3 3 0.000002 0.000011 0.007666 0.992322 0.000000
3 3 0.000000 0.000002 0.003400 0.996597 0.000000
3 3 0.000019 0.000039 0.004989 0.994949 0.000004
3 3 0.000000 0.000010 0.014356 0.985633 0.000001
3 3 0.000002 0.000021 0.007679 0.992296 0.000002
3 2 0.000067 0.000097 0.013450 0.986378 0.000008
2 2 0.006454 0.058961 0.869120 0.062026 0.003439
2 2 0.022297 0.217840 0.748911 0.003088 0.007864
2 3 0.006484 0.141876 0.814126 0.019277 0.018236
2 2 0.012265 0.096841 0.848723 0.038455 0.003717
2 2 0.000346 0.052828 0.945076 0.000905 0.000845
2 2 0.000626 0.044511 0.936181 0.015892 0.002790
2 2 0.000319 0.050301 0.947262 0.001212 0.000907
2 2 0.000009 0.002395 0.934212 0.063315 0.000069
2 2 0.000049 0.022547 0.972802 0.001308 0.003295
2 2 0.001006 0.037069 0.950504 0.010048 0.001373
2 2 0.000263 0.031282 0.957771 0.009624 0.001060
2 4 0.000013 0.005347 0.974447 0.020080 0.000113
4 4 0.064939 0.272038 0.212724 0.000460 0.449839
1 4 0.113799 0.492747 0.195182 0.000035 0.198236
2 4 0.001037 0.117225 0.856582 0.001406 0.023749
2 4 0.007553 0.274386 0.456199 0.000170 0.261692
4 2 0.040945 0.191835 0.085620 0.000116 0.681484
2 0 0.008217 0.153563 0.824988 0.000512 0.012720
4 0 0.167476 0.300545 0.118127 0.000033 0.413818
1 4 0.062783 0.354146 0.331926 0.000185 0.250960
1 4 0.216292 0.300900 0.289566 0.001599 0.191643
1 4 0.156319 0.496619 0.176631 0.000177 0.170255
4 4 0.096492 0.270872 0.037693 0.000003 0.594940
4 4 0.120756 0.157402 0.043970 0.000118 0.677754
4 4 0.044201 0.284948 0.119877 0.000087 0.550887
4 4 0.026109 0.296724 0.251723 0.000059 0.425385
4 0 0.246317 0.115866 0.034737 0.000261 0.602820
0 0 0.913086 0.058012 0.021062 0.000218 0.007623
2 1 0.045003 0.399027 0.457242 0.000758 0.097971
1 1 0.076945 0.472242 0.350220 0.000080 0.100513
2 1 0.010051 0.167999 0.765117 0.004017 0.052815
2 2 0.001466 0.100424 0.885238 0.005830 0.007043
2 2 0.010151 0.147847 0.756577 0.003272 0.082154
2 2 0.002189 0.102344 0.880070 0.002211 0.013186
2 2 0.001526 0.048478 0.945833 0.003142 0.001021
2 2 0.000010 0.008365 0.991198 0.000355 0.000073
2 2 0.000172 0.036830 0.961553 0.001067 0.000378
2 2 0.000230 0.109222 0.883304 0.000063 0.007180
2 2 0.000780 0.102588 0.893110 0.000881 0.002641
2 2 0.002173 0.253534 0.739249 0.000143 0.004901
2 2 0.001358 0.235742 0.760289 0.000042 0.002569
1 2 0.062857 0.545569 0.377505 0.000094 0.013976
2 -1 0.000409 0.063840 0.931005 0.001529 0.003217
2 1 0.000373 0.089173 0.909842 0.000021 0.000591
0 0 0.823643 0.132504 0.026710 0.000009 0.017134
0 0 0.533548 0.389962 0.052740 0.000002 0.023748
2 0 0.224951 0.222649 0.532770 0.003297 0.016333
0 0 0.883159 0.087127 0.011155 0.000002 0.018558
0 1 0.798232 0.149419 0.032045 0.000033 0.020271
0 1 0.666724 0.240891 0.086621 0.000165 0.005598
1 2 0.124552 0.588442 0.285655 0.000002 0.001349
2 0 0.019230 0.310470 0.662973 0.000175 0.007151
0 0 0.691272 0.223531 0.078128 0.000250 0.006820
0 0 0.931394 0.042984 0.011647 0.000122 0.013852
0 1 0.617605 0.322194 0.044804 0.000002 0.015396
1 1 0.179113 0.615780 0.103148 0.000006 0.101953
1 2 0.272883 0.502558 0.154148 0.000052 0.070360
1 1 0.211759 0.594882 0.164555 0.000015 0.028790
1 1 0.141854 0.513507 0.330641 0.000055 0.013942
2 2 0.010074 0.124196 0.860802 0.002784 0.002144
2 2 0.009481 0.176743 0.811179 0.000589 0.002008
2 0 0.099750 0.395205 0.498628 0.000163 0.006254
0 0 0.905239 0.067620 0.016140 0.000052 0.010949
0 0 0.905189 0.064954 0.024710 0.000442 0.004704
0 0 0.912843 0.065146 0.014965 0.000034 0.007012
0 0 0.996851 0.001567 0.000336 0.000016 0.001230
0 0 0.989054 0.006807 0.001640 0.000035 0.002464
0 0 0.959735 0.014098 0.001904 0.000004 0.024260
0 0 0.909136 0.070410 0.005005 0.000000 0.015449
0 0 0.518520 0.339675 0.045231 0.000004 0.096570
1 0 0.328036 0.558954 0.103438 0.000005 0.009566
0 0 0.759359 0.176294 0.049856 0.000121 0.014369
1 1 0.282610 0.494424 0.207916 0.000045 0.015006
2 1 0.005673 0.331384 0.651448 0.000096 0.011399
2 1 0.016071 0.425309 0.523521 0.000304 0.034795
1 2 0.131480 0.608267 0.209748 0.000042 0.050463
2 2 0.050981 0.440593 0.487318 0.000063 0.021045
2 2 0.000327 0.060879 0.930645 0.004158 0.003990
2 1 0.000038 0.022467 0.972560 0.003803 0.001131
2 2 0.000412 0.117336 0.880374 0.000077 0.001801
2 2 0.000294 0.036429 0.961328 0.001535 0.000413
2 1 0.002714 0.227225 0.768596 0.000056 0.001410
2 1 0.000216 0.042418 0.950970 0.004654 0.001742
2 1 0.001142 0.061632 0.934444 0.001556 0.001228
1 1 0.045992 0.548791 0.306975 0.000088 0.098155
2 1 0.004862 0.131054 0.859795 0.001627 0.002662
2 2 0.000004 0.007854 0.988932 0.003056 0.000153
2 2 0.000022 0.018871 0.978880 0.001501 0.000727
2 2 0.000099 0.022831 0.955060 0.019658 0.002352
2 2 0.000042 0.024858 0.969260 0.004701 0.001140
2 2 0.000079 0.019832 0.961307 0.017296 0.001486
2 2 0.000001 0.001440 0.957127 0.041378 0.000054
2 2 0.006930 0.081740 0.872166 0.035809 0.003356
2 0 0.000006 0.003083 0.983849 0.013023 0.000039
2 0 0.028901 0.092321 0.869415 0.008162 0.001201
0 0 0.922808 0.047130 0.019289 0.000970 0.009803
0 0 0.744680 0.231007 0.017583 0.000000 0.006730
0 1 0.629028 0.307770 0.033719 0.000001 0.029482
0 1 0.474564 0.439797 0.072078 0.000002 0.013559
1 1 0.340038 0.585354 0.063485 0.000000 0.011122
1 2 0.130203 0.686522 0.122072 0.000003 0.061199
0 0 0.571754 0.239716 0.164132 0.002576 0.021822
1 1 0.377401 0.493621 0.107702 0.000004 0.021272
1 0 0.073407 0.569111 0.325178 0.000010 0.032294
0 1 0.758200 0.189783 0.049879 0.000033 0.002106
2 1 0.034032 0.119646 0.839724 0.005419 0.001179
2 2 0.253548 0.270303 0.472004 0.001201 0.002944
2 2 0.132334 0.330093 0.530532 0.001287 0.005754
2 2 0.049419 0.172409 0.770991 0.003940 0.003241
1 2 0.333493 0.359327 0.291641 0.000793 0.014746
0 1 0.786209 0.156049 0.051308 0.000124 0.006310
2 2 0.069272 0.304803 0.624818 0.000128 0.000979
0 1 0.511625 0.280222 0.204089 0.000162 0.003902
2 2 0.118801 0.208253 0.670880 0.001194 0.000871
2 2 0.022778 0.266297 0.702252 0.000180 0.008493
2 0 0.240931 0.197995 0.560318 0.000091 0.000666
0 0 0.813662 0.113788 0.071772 0.000105 0.000673
1 0 0.064754 0.449404 0.434675 0.000120 0.051048
0 0 0.917877 0.049246 0.016428 0.000397 0.016051
0 0 0.881703 0.077876 0.028981 0.000143 0.011297
1 0 0.032917 0.558312 0.237325 0.000018 0.171428
0 1 0.415168 0.376964 0.070510 0.000024 0.137334
2 2 0.000416 0.058419 0.928171 0.007802 0.005192
2 2 0.000569 0.055996 0.931340 0.009583 0.002513
2 2 0.000008 0.008576 0.990944 0.000430 0.000042
2 2 0.000060 0.012411 0.976003 0.011282 0.000245
2 1 0.017349 0.302313 0.676170 0.000219 0.003950
2 1 0.005504 0.097626 0.892874 0.002648 0.001347
2 1 0.015957 0.060567 0.876519 0.046024 0.000933
2 2 0.000935 0.021066 0.949052 0.028639 0.000309
2 2 0.000119 0.019307 0.975978 0.004314 0.000283
2 1 0.004357 0.066873 0.921687 0.005885 0.001197
2 1 0.000927 0.022128 0.928993 0.047242 0.000710
2 1 0.000128 0.031724 0.946152 0.019161 0.002835
2 1 0.000015 0.016707 0.980681 0.002074 0.000523
2 1 0.041321 0.385517 0.534233 0.002009 0.036920
2 1 0.048066 0.332142 0.513990 0.009946 0.095856
2 1 0.000026 0.029245 0.970241 0.000158 0.000329
2 1 0.000014 0.009510 0.981645 0.008392 0.000439
2 2 0.000031 0.017066 0.976716 0.005416 0.000771
2 2 0.000053 0.013339 0.985130 0.001344 0.000134
2 2 0.000218 0.045318 0.953007 0.000772 0.000685
2 2 0.000046 0.011577 0.947159 0.040575 0.000644
2 2 0.000024 0.018697 0.976948 0.003508 0.000823
2 2 0.000245 0.032640 0.962134 0.004366 0.000615
2 2 0.000019 0.013324 0.983152 0.003242 0.000262
2 2 0.000143 0.015481 0.964144 0.019830 0.000402
2 2 0.000139 0.017727 0.975001 0.006808 0.000325
2 2 0.000008 0.005049 0.929506 0.065210 0.000227
2 2 0.000069 0.008746 0.887361 0.103310 0.000515
2 2 0.000036 0.010088 0.986162 0.003577 0.000137
2 2 0.000057 0.007211 0.960577 0.031988 0.000168
2 2 0.001469 0.031058 0.956803 0.010194 0.000476
2 2 0.000138 0.017490 0.980080 0.002215 0.000076
2 2 0.001769 0.083132 0.904717 0.007817 0.002566
2 2 0.001138 0.033771 0.932231 0.031209 0.001652
2 0 0.000537 0.074670 0.922613 0.000897 0.001284
0 0 0.587419 0.284929 0.095572 0.000363 0.031717
0 0 0.764579 0.152906 0.047052 0.000195 0.035269
0 4 0.820069 0.133202 0.018002 0.000003 0.028723
2 2 0.267578 0.314514 0.394818 0.002572 0.020518
2 0 0.016735 0.136706 0.837548 0.005831 0.003180
0 0 0.988305 0.005726 0.003239 0.002052 0.000678
0 0 0.819991 0.147945 0.018839 0.000002 0.013223
0 1 0.606746 0.273630 0.063933 0.000067 0.055624
1 1 0.329663 0.508696 0.142232 0.000030 0.019379
1 2 0.419073 0.455636 0.095254 0.000020 0.030017
0 2 0.695259 0.220418 0.076718 0.000141 0.007465
0 2 0.675958 0.220672 0.093645 0.000639 0.009086
2 2 0.055560 0.284864 0.655265 0.000452 0.003858
2 2 0.255688 0.236823 0.494715 0.007112 0.005663
2 2 0.021121 0.219704 0.754069 0.001603 0.003503
2 2 0.275065 0.256928 0.457346 0.004651 0.006010
2 2 0.086754 0.129409 0.747884 0.031082 0.004870
2 2 0.029834 0.189378 0.776299 0.001814 0.002675
2 2 0.302112 0.274457 0.415922 0.002320 0.005189
2 2 0.136896 0.131797 0.701773 0.026641 0.002893
2 2 0.016203 0.122596 0.853506 0.005337 0.002358
2 2 0.015145 0.149566 0.831598 0.001854 0.001837
2 2 0.190441 0.199848 0.604511 0.003411 0.001790
0 2 0.480058 0.254412 0.257678 0.001905 0.005947
2 2 0.070912 0.264809 0.647343 0.001058 0.015878
2 2 0.106660 0.208669 0.673597 0.007553 0.003521
0 2 0.378109 0.255269 0.363453 0.001032 0.002137
1 2 0.103847 0.512715 0.380086 0.000010 0.003342
2 2 0.023787 0.206539 0.765633 0.001323 0.002719
2 2 0.008282 0.067579 0.919974 0.003628 0.000537
2 2 0.004662 0.026138 0.933775 0.035069 0.000356
2 2 0.016271 0.077746 0.888270 0.016271 0.001441
2 2 0.282381 0.173976 0.516606 0.021705 0.005331
2 2 0.039976 0.140104 0.808289 0.009917 0.001714
2 2 0.046373 0.217660 0.733081 0.001300 0.001586
2 2 0.010481 0.117814 0.862408 0.006748 0.002549
2 2 0.000017 0.001942 0.823224 0.174773 0.000044
2 2 0.000829 0.029614 0.940779 0.027974 0.000804
2 2 0.001312 0.045653 0.951453 0.001280 0.000303
2 2 0.030173 0.093686 0.845814 0.028164 0.002163
2 2 0.001790 0.015964 0.844334 0.137559 0.000353
2 2 0.006847 0.063573 0.910995 0.017591 0.000993
2 2 0.000685 0.013641 0.849714 0.135523 0.000438
2 2 0.000969 0.021437 0.953360 0.023896 0.000338
2 2 0.000308 0.024173 0.965430 0.009670 0.000418
2 2 0.025086 0.095523 0.826085 0.049819 0.003487
2 2 0.069849 0.103505 0.761265 0.062518 0.002863
2 0 0.000567 0.115431 0.882558 0.000018 0.001426
0 0 0.458664 0.357524 0.156108 0.001180 0.026523
0 0 0.975097 0.009691 0.003295 0.000456 0.011461
0 0 0.966227 0.007051 0.002168 0.000383 0.024171
0 0 0.840612 0.123469 0.010538 0.000000 0.025380
0 0 0.940472 0.041799 0.005835 0.000003 0.011891
0 0 0.941457 0.031926 0.008812 0.000157 0.017648
0 0 0.988903 0.006760 0.002231 0.000175 0.001931
0 0 0.990908 0.004699 0.001100 0.000036 0.003257
0 0 0.965204 0.019954 0.004482 0.000042 0.010319
0 0 0.976678 0.011997 0.002796 0.000050 0.008480
0 0 0.994290 0.003753 0.001142 0.000076 0.000739
0 0 0.913977 0.023325 0.007008 0.000430 0.055261
0 0 0.999126 0.000312 0.000139 0.000312 0.000111
0 0 0.995194 0.001071 0.000680 0.002809 0.000246
0 0 0.945834 0.042566 0.008828 0.000013 0.002759
0 0 0.963538 0.028047 0.006242 0.000019 0.002155
0 0 0.961685 0.028263 0.009401 0.000088 0.000563
0 0 0.996108 0.001490 0.000648 0.000687 0.001068
0 0 0.995430 0.000648 0.000460 0.003372 0.000090
0 0 0.989265 0.005912 0.003165 0.001226 0.000433
0 0 0.995999 0.002858 0.000710 0.000020 0.000414
0 0 0.991057 0.001734 0.000401 0.000052 0.006756
0 0 0.998438 0.000563 0.000149 0.000044 0.000804
0 0 0.989943 0.007637 0.000683 0.000000 0.001737
0 0 0.916050 0.010186 0.002556 0.000196 0.071012
4 0 0.341584 0.027767 0.006093 0.000129 0.624427
0 0 0.983158 0.009515 0.002780 0.000128 0.004419
0 0 0.905299 0.057742 0.009018 0.000008 0.027933
0 0 0.759179 0.171112 0.012707 0.000000 0.057002
0 0 0.969205 0.015395 0.002064 0.000003 0.013333
0 0 0.895178 0.044569 0.006168 0.000006 0.054079
0 0 0.956462 0.034445 0.003006 0.000000 0.006088
0 0 0.958728 0.004593 0.000972 0.000062 0.035645
0 0 0.984180 0.007459 0.000965 0.000002 0.007394
0 0 0.938136 0.046759 0.003797 0.000000 0.011307
0 0 0.633043 0.209066 0.020552 0.000001 0.137339
0 0 0.680373 0.213160 0.078667 0.000065 0.027735
0 4 0.791659 0.091303 0.010730 0.000003 0.106306
4 4 0.173549 0.049033 0.015008 0.000540 0.761870
4 4 0.113634 0.039452 0.011090 0.000278 0.835546
4 4 0.137196 0.031087 0.007514 0.000139 0.824064
4 4 0.285611 0.027298 0.005906 0.000111 0.681074
4 4 0.279287 0.027072 0.005829 0.000108 0.687704
4 4 0.189625 0.040307 0.005336 0.000006 0.764726
4 4 0.051295 0.058727 0.009175 0.000007 0.880796
4 4 0.052047 0.044360 0.006997 0.000007 0.896589
4 0 0.327380 0.172832 0.038859 0.000105 0.460824
0 0 0.762168 0.096053 0.046080 0.000727 0.094971
0 4 0.909060 0.065641 0.017938 0.000031 0.007330
4 4 0.204139 0.085854 0.013916 0.000017 0.696074
4 4 0.248375 0.037795 0.009815 0.000272 0.703742
4 4 0.450008 0.046590 0.014162 0.000768 0.488471
4 4 0.021827 0.022845 0.005905 0.000070 0.949353
4 4 0.103198 0.044252 0.013403 0.000390 0.838756
0 4 0.619086 0.072344 0.033154 0.006374 0.269043
4 4 0.056175 0.037875 0.011324 0.000260 0.894367
4 0 0.289663 0.129833 0.039755 0.000579 0.540170
0 4 0.545710 0.277164 0.082806 0.000308 0.094012
4 0 0.046177 0.114876 0.020837 0.000013 0.818097
0 4 0.604863 0.187405 0.037670 0.000052 0.170010
1 0 0.328994 0.421522 0.052509 0.000003 0.196972
0 0 0.933502 0.029607 0.005745 0.000030 0.031117
0 0 0.969496 0.011155 0.005094 0.002282 0.011972
0 0 0.692656 0.243288 0.042249 0.000009 0.021798
0 0 0.861475 0.107940 0.021757 0.000017 0.008811
0 0 0.795182 0.168794 0.023784 0.000003 0.012237
0 0 0.962239 0.030567 0.006187 0.000008 0.000999
0 0 0.865666 0.096387 0.032622 0.000050 0.005275
0 0 0.806777 0.128814 0.060786 0.000185 0.003437
0 0 0.695568 0.214255 0.060668 0.000073 0.029436
0 1 0.886435 0.095043 0.014030 0.000002 0.004490
0 1 0.792673 0.157036 0.020312 0.000003 0.029976
1 1 0.332563 0.537623 0.102799 0.000010 0.027005
0 1 0.556028 0.346161 0.072108 0.000023 0.025679
1 1 0.187685 0.623424 0.111716 0.000007 0.077168
1 1 0.296365 0.451099 0.139945 0.000050 0.112541
1 2 0.190699 0.543415 0.139567 0.000017 0.126301
1 2 0.107124 0.462508 0.387023 0.000185 0.043160
2 2 0.052444 0.456618 0.463575 0.000028 0.027335
1 2 0.009750 0.548120 0.427217 0.000001 0.014913
1 2 0.146416 0.707818 0.115366 0.000001 0.030399
1 2 0.154253 0.513064 0.183424 0.000064 0.149195
0 2 0.479421 0.242618 0.266642 0.004639 0.006679
0 2 0.352453 0.339563 0.295144 0.000326 0.012515
2 2 0.017412 0.294904 0.672877 0.000108 0.014699
2 2 0.019719 0.163829 0.812133 0.002049 0.002270
2 2 0.283089 0.202794 0.481872 0.023462 0.008783
0 0 0.370248 0.315465 0.304939 0.001319 0.008030
0 0 0.946411 0.032251 0.016662 0.001981 0.002695
0 0 0.991205 0.002413 0.001500 0.004061 0.000820
0 0 0.996690 0.001282 0.000534 0.000526 0.000969
0 1 0.983982 0.010561 0.001500 0.000002 0.003955
0 1 0.488069 0.369561 0.070639 0.000022 0.071709
1 1 0.296323 0.476187 0.115565 0.000070 0.111856
1 1 0.049491 0.575130 0.168430 0.000015 0.206934
1 1 0.060192 0.600391 0.090994 0.000003 0.248420
1 1 0.097260 0.623982 0.220410 0.000061 0.058288
1 1 0.055017 0.555505 0.354370 0.000073 0.035034
1 4 0.042176 0.467047 0.291226 0.000154 0.199397
2 4 0.008017 0.309573 0.488695 0.000149 0.193566
1 2 0.017194 0.466382 0.465689 0.000005 0.050729
2 4 0.001226 0.088158 0.907214 0.000739 0.002662
0 0 0.532067 0.388833 0.068995 0.000006 0.010098
0 1 0.879903 0.099672 0.019871 0.000004 0.000549
1 1 0.226209 0.636895 0.100225 0.000003 0.036668
2 1 0.000219 0.144478 0.853238 0.000007 0.002057
2 2 0.000531 0.139190 0.854114 0.000095 0.006070
2 2 0.000567 0.080727 0.910516 0.002090 0.006101
2 2 0.000311 0.095649 0.898631 0.000274 0.005135
2 2 0.002284 0.095597 0.873758 0.017707 0.010653
2 2 0.001489 0.086675 0.896850 0.004684 0.010303
2 2 0.001025 0.056730 0.931789 0.001659 0.008797
2 2 0.000870 0.108870 0.861911 0.001401 0.026948
2 2 0.000613 0.059871 0.903441 0.013454 0.022621
2 2 0.009671 0.231163 0.717430 0.005483 0.036253
2 2 0.000080 0.038356 0.958527 0.000927 0.002111
2 2 0.001426 0.033735 0.906534 0.052678 0.005628
2 2 0.000724 0.055724 0.933167 0.007787 0.002597
2 2 0.000599 0.043676 0.943760 0.008717 0.003249
2 2 0.007224 0.293642 0.690154 0.000293 0.008687
2 2 0.000016 0.015023 0.980937 0.003221 0.000802
2 2 0.001836 0.058858 0.894583 0.035259 0.009464
2 2 0.010885 0.141655 0.826510 0.011645 0.009305
2 2 0.000052 0.022740 0.976169 0.000535 0.000503
2 2 0.000142 0.015058 0.978523 0.006110 0.000167
2 2 0.001089 0.031987 0.933015 0.032997 0.000913
2 2 0.000034 0.022840 0.976056 0.000756 0.000315
2 2 0.000282 0.060288 0.934025 0.002590 0.002815
2 2 0.000038 0.005709 0.965700 0.028437 0.000116
2 2 0.000450 0.013856 0.973593 0.011963 0.000138
2 2 0.000093 0.011628 0.984476 0.003672 0.000131
2 2 0.000374 0.018629 0.970675 0.009880 0.000442
2 2 0.006482 0.267672 0.699144 0.000470 0.026232
2 2 0.000675 0.093963 0.887471 0.001246 0.016645
2 2 0.000594 0.105401 0.883665 0.000923 0.009418
2 2 0.000277 0.112951 0.881167 0.000208 0.005397
2 2 0.000148 0.063752 0.927222 0.000281 0.008597
2 2 0.000140 0.028611 0.960651 0.007849 0.002748
2 2 0.002672 0.060802 0.910805 0.021006 0.004715
2 2 0.000113 0.022999 0.964454 0.011006 0.001428
2 2 0.000235 0.070122 0.921690 0.000622 0.007332
2 2 0.000199 0.051094 0.941258 0.003501 0.003949
2 2 0.000512 0.039719 0.944119 0.013376 0.002273
2 2 0.000595 0.060346 0.929519 0.004619 0.004921
2 2 0.000042 0.015048 0.907348 0.074508 0.003054
2 2 0.000262 0.013100 0.860867 0.124111 0.001660
2 2 0.001593 0.039408 0.913353 0.040071 0.005575
2 2 0.000075 0.007333 0.929698 0.062735 0.000159
2 2 0.000001 0.001384 0.992652 0.005955 0.000008
2 2 0.000007 0.003908 0.913011 0.082929 0.000145
2 2 0.000023 0.016534 0.975178 0.007848 0.000416
2 2 0.000011 0.008417 0.946003 0.044812 0.000757
2 2 0.000013 0.005332 0.979027 0.015543 0.000086
2 2 0.000345 0.006264 0.844100 0.149190 0.000101
2 2 0.000025 0.009844 0.985599 0.004297 0.000235
2 2 0.000071 0.005764 0.748111 0.245848 0.000205
2 2 0.000004 0.000599 0.801555 0.197836 0.000006
2 2 0.000187 0.031137 0.919468 0.046935 0.002272
2 2 0.000002 0.001207 0.824126 0.174638 0.000028
2 2 0.000001 0.000739 0.943234 0.056021 0.000006
2 2 0.000063 0.005418 0.868196 0.126192 0.000132
2 1 0.000002 0.000901 0.863031 0.136055 0.000012
2 1 0.047969 0.195394 0.702233 0.035702 0.018702
2 0 0.149434 0.207134 0.616847 0.009703 0.016883
0 0 0.847055 0.042485 0.018537 0.003691 0.088232
0 0 0.874119 0.023301 0.008269 0.001323 0.092988
0 0 0.713952 0.135754 0.033285 0.000147 0.116862
0 0 0.993146 0.002755 0.000843 0.000157 0.003098
0 0 0.982685 0.010347 0.001744 0.000007 0.005218
1 1 0.347070 0.531173 0.037534 0.000000 0.084224
1 0 0.215860 0.605906 0.049240 0.000000 0.128994
1 0 0.214885 0.672434 0.065917 0.000000 0.046763
0 0 0.989646 0.006021 0.003034 0.000873 0.000426
0 0 0.982172 0.009350 0.003736 0.000679 0.004062
0 0 0.907436 0.021152 0.017552 0.045416 0.008445
0 0 0.958993 0.008953 0.002940 0.000576 0.028538
0 0 0.984462 0.010171 0.002674 0.000056 0.002636
0 1 0.594629 0.269879 0.023370 0.000000 0.112121
1 2 0.175808 0.492133 0.049183 0.000001 0.282875
1 2 0.195537 0.639330 0.129916 0.000001 0.035215
1 2 0.406903 0.515074 0.059207 0.000001 0.018816
0 2 0.529500 0.392293 0.061097 0.000004 0.017107
2 2 0.281592 0.347756 0.350906 0.001757 0.017989
1 2 0.380514 0.386643 0.214314 0.000339 0.018190
2 2 0.035502 0.390817 0.545443 0.000205 0.028033
2 2 0.229981 0.364475 0.375841 0.000622 0.029081
2 2 0.189708 0.362874 0.431800 0.001624 0.013994
1 2 0.099863 0.683293 0.154490 0.000004 0.062350
1 2 0.234591 0.486770 0.247681 0.000061 0.030897
2 2 0.106372 0.360397 0.520921 0.000589 0.011720
2 2 0.018539 0.186932 0.784272 0.001004 0.009253
1 2 0.045836 0.520611 0.415672 0.000006 0.017875
0 1 0.887838 0.077683 0.026492 0.000131 0.007856
0 1 0.879811 0.093835 0.025317 0.000031 0.001006
2 1 0.015126 0.456710 0.497825 0.000103 0.030237
2 1 0.006394 0.288864 0.660291 0.000163 0.044287
2 1 0.041753 0.377634 0.540953 0.000196 0.039464
1 1 0.065331 0.394022 0.291723 0.000641 0.248283
1 1 0.077566 0.583139 0.250255 0.000055 0.088985
2 1 0.048958 0.368547 0.372052 0.000470 0.209972
1 1 0.097055 0.534495 0.266002 0.000069 0.102379
2 1 0.011580 0.281343 0.605149 0.002269 0.099659
2 1 0.000037 0.015362 0.958883 0.019159 0.006560
2 2 0.000225 0.042594 0.932478 0.003059 0.021644
2 2 0.001236 0.048719 0.872248 0.060681 0.017115
2 2 0.006684 0.234535 0.721977 0.001492 0.035312
2 2 0.000449 0.114381 0.875668 0.000190 0.009313
2 1 0.005554 0.052902 0.791861 0.136408 0.013276
2 1 0.003393 0.181928 0.722983 0.001576 0.090121
1 2 0.046346 0.517845 0.408848 0.000106 0.026856
2 2 0.003668 0.231718 0.747652 0.001320 0.015642
2 2 0.006733 0.222095 0.698561 0.001292 0.071320
2 2 0.002143 0.154872 0.827938 0.000670 0.014377
2 2 0.002214 0.170400 0.811850 0.001196 0.014340
2 2 0.006623 0.110162 0.868229 0.003159 0.011827
2 2 0.000022 0.022209 0.977161 0.000290 0.000318
2 2 0.000043 0.032293 0.966041 0.000559 0.001064
2 2 0.000281 0.081982 0.917097 0.000023 0.000618
2 2 0.000870 0.105897 0.871432 0.001745 0.020057
2 2 0.000071 0.029358 0.967651 0.001711 0.001209
2 2 0.000265 0.039947 0.954717 0.003492 0.001579
2 2 0.000441 0.030593 0.957005 0.009234 0.002728
2 2 0.000121 0.026687 0.963964 0.008268 0.000961
2 2 0.000972 0.094829 0.873157 0.007206 0.023835
2 2 0.000973 0.041467 0.949395 0.005577 0.002588
2 2 0.001987 0.076667 0.905258 0.010372 0.005715
2 2 0.002796 0.197723 0.775005 0.001456 0.023020
2 2 0.001356 0.156119 0.816182 0.000617 0.025726
2 1 0.005458 0.293014 0.668319 0.000079 0.033130
2 2 0.012045 0.208281 0.756910 0.001408 0.021356
2 2 0.004086 0.210666 0.756702 0.001550 0.026995
2 2 0.005486 0.176894 0.778282 0.004358 0.034981
2 2 0.000870 0.029255 0.927040 0.039621 0.003215
2 2 0.000546 0.055819 0.922824 0.014572 0.006240
2 2 0.000045 0.020088 0.973801 0.004000 0.002066
2 2 0.000026 0.013104 0.961463 0.024194 0.001213
2 2 0.000053 0.027288 0.967469 0.002287 0.002902
2 2 0.000008 0.011885 0.984663 0.002699 0.000744
2 2 0.000001 0.003173 0.990089 0.006650 0.000087
2 2 0.000194 0.033812 0.951060 0.011025 0.003909
2 2 0.002851 0.055958 0.913202 0.019212 0.008777
2 2 0.000056 0.026531 0.968977 0.001031 0.003405
2 2 0.000343 0.130797 0.862915 0.000031 0.005914
2 2 0.000026 0.033870 0.964825 0.000065 0.001213
2 2 0.003990 0.181255 0.795210 0.001533 0.018011
2 2 0.038845 0.317348 0.578854 0.001364 0.063588
2 2 0.000766 0.050952 0.945407 0.001738 0.001136
2 1 0.010620 0.229629 0.634635 0.002189 0.122927
2 2 0.025201 0.364427 0.512446 0.000714 0.097211
2 2 0.004021 0.150668 0.778299 0.005698 0.061314
2 1 0.001141 0.109995 0.862912 0.002128 0.023824
2 2 0.001747 0.092049 0.890744 0.001907 0.013554
2 2 0.000591 0.063590 0.917953 0.003284 0.014584
2 2 0.000192 0.034463 0.950118 0.003970 0.011257
2 2 0.000221 0.090893 0.903636 0.000118 0.005132
2 2 0.000309 0.062088 0.930613 0.003299 0.003691
2 0 0.000004 0.009047 0.989497 0.000760 0.000692
0 0 0.913132 0.064582 0.019112 0.000093 0.003081
0 0 0.957774 0.029711 0.009565 0.000113 0.002837
0 0 0.980951 0.011053 0.004339 0.000536 0.003122
0 0 0.964605 0.016769 0.005606 0.000410 0.012611
0 1 0.974704 0.015771 0.003865 0.000052 0.005608
1 4 0.129680 0.697685 0.105145 0.000001 0.067489
1 4 0.141705 0.649124 0.126789 0.000003 0.082380
2 4 0.069832 0.417519 0.430867 0.000200 0.081583
1 4 0.264051 0.418763 0.091946 0.000053 0.225188
0 4 0.468576 0.069768 0.021375 0.000754 0.439527
0 0 0.791696 0.025754 0.005491 0.000104 0.176955
0 4 0.576424 0.126630 0.018958 0.000013 0.277975
4 4 0.078811 0.118006 0.025511 0.000046 0.777626
4 4 0.290120 0.131550 0.043309 0.000855 0.534167
4 4 0.462965 0.040548 0.010255 0.000290 0.485942
4 4 0.328412 0.252547 0.039557 0.000013 0.379470
4 4 0.117516 0.036171 0.009653 0.000216 0.836444
4 4 0.186042 0.026125 0.005599 0.000087 0.782147
4 4 0.226356 0.012738 0.001827 0.000012 0.759068
0 4 0.530657 0.023053 0.004878 0.000120 0.441292
4 4 0.050724 0.020289 0.004364 0.000044 0.924580
0 4 0.670000 0.017853 0.003641 0.000099 0.308407
4 4 0.307077 0.103867 0.020454 0.000031 0.568571
4 4 0.053587 0.065193 0.018542 0.000180 0.862498
4 4 0.459026 0.043217 0.012621 0.000627 0.484509
4 4 0.163663 0.057266 0.011945 0.000064 0.767062
4 4 0.016160 0.013438 0.002723 0.000016 0.967662
4 4 0.055095 0.059692 0.012810 0.000040 0.872364
4 4 0.423237 0.073664 0.024626 0.001177 0.477296
4 4 0.205269 0.237692 0.075480 0.000510 0.481050
4 4 0.125824 0.113780 0.037014 0.000556 0.722827
4 4 0.177100 0.038762 0.010374 0.000271 0.773493
4 4 0.053531 0.050394 0.013568 0.000138 0.882370
4 4 0.082066 0.037963 0.010834 0.000252 0.868885
4 4 0.117132 0.060636 0.017720 0.000330 0.804181
4 4 0.021894 0.022915 0.005931 0.000071 0.949189
4 4 0.151464 0.040120 0.009445 0.000124 0.798846
4 4 0.077777 0.010209 0.001433 0.000006 0.910574
0 4 0.560167 0.142175 0.026836 0.000045 0.270778
4 4 0.078592 0.044456 0.013931 0.000401 0.862620
4 4 0.385622 0.111224 0.020442 0.000041 0.482671
0 4 0.591414 0.259184 0.039121 0.000009 0.110273
0 4 0.676821 0.095634 0.020356 0.000089 0.207100
0 4 0.552595 0.069748 0.013824 0.000071 0.363762
4 4 0.362457 0.131223 0.019844 0.000014 0.486463
4 4 0.061577 0.022779 0.005086 0.000059 0.910499
4 4 0.136583 0.062075 0.012518 0.000048 0.788776
4 4 0.215571 0.159073 0.030268 0.000037 0.595051
4 4 0.205972 0.065791 0.023640 0.001350 0.703247
1 4 0.247201 0.407998 0.084441 0.000040 0.260321
4 4 0.075186 0.227292 0.055604 0.000076 0.641843
4 4 0.060554 0.182352 0.039520 0.000037 0.717538
4 4 0.354813 0.067131 0.024567 0.001864 0.551625
4 0 0.213877 0.050617 0.015590 0.000618 0.719298
4 4 0.194549 0.128465 0.022697 0.000006 0.654284
1 4 0.031068 0.529642 0.094906 0.000001 0.344383
1 4 0.017973 0.515740 0.092858 0.000000 0.373428
4 4 0.040966 0.041891 0.013829 0.000364 0.902950
4 4 0.194746 0.027818 0.006155 0.000105 0.771176
4 4 0.041733 0.017293 0.003502 0.000028 0.937444
4 4 0.019302 0.020205 0.004974 0.000051 0.955469
4 4 0.189927 0.056545 0.018675 0.000839 0.734014
4 4 0.046859 0.029314 0.007793 0.000127 0.915907
4 4 0.210212 0.028600 0.006398 0.000115 0.754674
4 4 0.062811 0.175067 0.040301 0.000053 0.721768
1 4 0.034106 0.635575 0.092531 0.000000 0.237787
4 4 0.170208 0.126891 0.039177 0.000480 0.663245
4 4 0.422688 0.063174 0.022789 0.001828 0.489522
4 4 0.035113 0.035473 0.010907 0.000230 0.918277
4 4 0.046517 0.025835 0.006415 0.000088 0.921145
4 4 0.077037 0.026792 0.006355 0.000092 0.889723
4 4 0.073913 0.033236 0.005348 0.000011 0.887492
4 4 0.030235 0.046659 0.010838 0.000044 0.912224
4 4 0.052332 0.024628 0.005863 0.000076 0.917102
0 4 0.683806 0.199416 0.024822 0.000003 0.091954
0 4 0.367215 0.296743 0.088294 0.000035 0.247713
1 4 0.232292 0.374580 0.039652 0.000000 0.353476
4 4 0.090821 0.164155 0.023584 0.000005 0.721435
4 4 0.074535 0.175897 0.056021 0.000104 0.693443
0 4 0.565962 0.180388 0.019206 0.000002 0.234442
0 4 0.872857 0.079456 0.009942 0.000003 0.037741
1 4 0.152409 0.625227 0.114326 0.000002 0.108036
4 4 0.249794 0.339960 0.044891 0.000004 0.365351
4 4 0.213998 0.130735 0.021803 0.000019 0.633444
1 4 0.128973 0.613678 0.059725 0.000000 0.197624
4 4 0.092899 0.224514 0.033632 0.000001 0.648954
