0 0 0.998643 0.000500 0.000686 0.000106 0.000066
0 0 0.992951 0.001227 0.005526 0.000134 0.000161
0 0 0.879823 0.104327 0.002546 0.000169 0.013135
0 0 0.782575 0.191598 0.015128 0.000498 0.010201
0 0 0.988239 0.002618 0.000118 0.000000 0.009024
0 0 0.981934 0.001871 0.003009 0.000019 0.013167
0 0 0.998171 0.001031 0.000409 0.000014 0.000375
0 0 0.991859 0.002321 0.003315 0.000062 0.002442
0 0 0.980205 0.000151 0.018654 0.000000 0.000990
0 0 0.984214 0.000015 0.000951 0.000000 0.014820
0 0 0.932900 0.042261 0.008395 0.000155 0.016288
0 0 0.814815 0.134841 0.010483 0.000049 0.039812
0 0 0.589003 0.281835 0.022493 0.000315 0.106354
0 0 0.456806 0.428126 0.056293 0.000470 0.058305
0 0 0.541971 0.364600 0.035724 0.000333 0.057372
0 0 0.607455 0.289192 0.083263 0.000055 0.020034
0 0 0.829405 0.099394 0.006703 0.000190 0.064308
0 0 0.632520 0.213723 0.058310 0.000085 0.095362
0 0 0.685123 0.252007 0.048108 0.000298 0.014465
0 0 0.995808 0.001551 0.001490 0.000054 0.001097
4 0 0.389220 0.001526 0.005152 0.000001 0.604102
0 0 0.985393 0.001768 0.004494 0.000065 0.008280
0 0 0.755516 0.127597 0.034506 0.000010 0.082371
0 0 0.985017 0.003193 0.007884 0.000796 0.003110
0 1 0.985738 0.005713 0.001656 0.000023 0.006870
0 1 0.638793 0.136364 0.039117 0.000769 0.184957
1 1 0.061957 0.389930 0.229410 0.000669 0.318033
4 1 0.096606 0.314622 0.142487 0.000502 0.445783
4 0 0.117457 0.181951 0.050172 0.000488 0.649933
2 0 0.105472 0.093498 0.597853 0.005448 0.197729
0 0 0.969576 0.004636 0.006676 0.000102 0.019010
0 0 0.977303 0.003688 0.004220 0.000049 0.014741
0 0 0.539393 0.018342 0.004127 0.000002 0.438136
4 0 0.440117 0.100683 0.002617 0.000001 0.456582
0 0 0.918195 0.008217 0.007466 0.000047 0.066075
0 1 0.792336 0.105146 0.061181 0.003206 0.038132
0 1 0.550332 0.360633 0.036033 0.000462 0.052540
1 1 0.198161 0.501146 0.144772 0.000274 0.155648
1 1 0.111394 0.577262 0.231095 0.000060 0.080190
1 2 0.109985 0.431498 0.202189 0.000445 0.255882
2 2 0.009575 0.167064 0.705374 0.051679 0.066308
2 2 0.010912 0.102700 0.822917 0.049364 0.014107
2 2 0.041019 0.349635 0.584664 0.002132 0.022551
0 2 0.333757 0.289205 0.287115 0.024452 0.065472
2 2 0.180714 0.213846 0.423933 0.160438 0.021069
2 2 0.035453 0.209457 0.688851 0.020514 0.045725
2 2 0.060969 0.251265 0.640503 0.032908 0.014355
2 2 0.019735 0.195304 0.764291 0.014229 0.006440
2 2 0.005132 0.079328 0.912710 0.002031 0.000798
2 2 0.005103 0.130569 0.856481 0.004958 0.002889
2 2 0.013714 0.110733 0.789733 0.083695 0.002126
2 2 0.001759 0.026255 0.967557 0.004158 0.000271
2 2 0.001406 0.022615 0.971509 0.004360 0.000110
2 2 0.000806 0.002765 0.930161 0.066257 0.000011
2 0 0.005208 0.014675 0.755564 0.224224 0.000330
1 1 0.217658 0.503257 0.158843 0.001032 0.119210
2 2 0.023993 0.333312 0.336218 0.002265 0.304211
2 2 0.004665 0.281476 0.580135 0.001080 0.132643
2 2 0.004442 0.269872 0.579115 0.001561 0.145010
2 2 0.004275 0.107069 0.851138 0.016426 0.021092
2 2 0.002886 0.228984 0.720494 0.002849 0.044787
2 1 0.004111 0.147099 0.807869 0.006540 0.034380
2 2 0.049547 0.371995 0.414421 0.013564 0.150473
2 1 0.024255 0.351859 0.485718 0.007803 0.130365
4 2 0.030864 0.112853 0.383238 0.022339 0.450706
4 2 0.012616 0.143073 0.344361 0.034175 0.465774
2 2 0.007609 0.162312 0.601901 0.034673 0.193505
2 2 0.026662 0.381201 0.400138 0.007000 0.184999
2 2 0.001851 0.123939 0.862952 0.001354 0.009903
2 2 0.002428 0.185863 0.786022 0.003289 0.022398
2 2 0.002287 0.070596 0.851632 0.050313 0.025173
2 2 0.003983 0.033102 0.764497 0.182987 0.015431
2 2 0.007067 0.039886 0.754620 0.194082 0.004345
2 2 0.003188 0.054848 0.907826 0.009105 0.025034
2 2 0.009039 0.058814 0.734374 0.131790 0.065983
2 2 0.020501 0.271055 0.356228 0.020802 0.331413
2 1 0.035463 0.069822 0.727949 0.156350 0.010416
2 2 0.003169 0.082758 0.909931 0.002692 0.001450
2 2 0.012627 0.041155 0.911838 0.033538 0.000841
2 2 0.000604 0.074708 0.909211 0.010526 0.004952
2 2 0.024196 0.147828 0.789168 0.036820 0.001989
2 2 0.011986 0.066082 0.846353 0.072434 0.003145
2 2 0.011259 0.093375 0.875364 0.016338 0.003663
2 2 0.000223 0.007202 0.934986 0.056329 0.001260
2 2 0.012151 0.077091 0.831821 0.076042 0.002895
2 2 0.000313 0.006738 0.627651 0.364519 0.000779
2 2 0.001282 0.011787 0.572674 0.411758 0.002499
2 2 0.008170 0.011336 0.943900 0.036153 0.000441
2 2 0.000608 0.006941 0.598329 0.393421 0.000701
3 2 0.002349 0.012336 0.255158 0.729870 0.000286
2 2 0.000772 0.057686 0.894314 0.025185 0.022042
2 2 0.000735 0.006494 0.836728 0.154452 0.001592
2 2 0.000065 0.009825 0.974628 0.013243 0.002239
2 1 0.001794 0.017654 0.745592 0.233340 0.001620
2 2 0.002895 0.042854 0.793224 0.141156 0.019871
2 2 0.000018 0.001307 0.981246 0.017215 0.000214
2 2 0.000022 0.000527 0.901103 0.098304 0.000044
2 2 0.004037 0.035103 0.848570 0.110648 0.001642
3 2 0.005319 0.010762 0.359386 0.623708 0.000825
2 2 0.002815 0.013583 0.759967 0.223459 0.000176
2 1 0.016861 0.020240 0.531268 0.430924 0.000707
2 2 0.001096 0.004193 0.970965 0.023584 0.000162
2 2 0.004640 0.017720 0.808627 0.167265 0.001748
2 2 0.000395 0.008745 0.904980 0.085680 0.000200
2 2 0.002848 0.035209 0.932617 0.028589 0.000737
2 2 0.002388 0.031390 0.692684 0.273009 0.000529
2 2 0.003132 0.044342 0.867782 0.083857 0.000887
2 2 0.000546 0.003495 0.864109 0.131714 0.000136
2 2 0.000637 0.004222 0.935432 0.059697 0.000013
2 2 0.001149 0.016126 0.784673 0.197675 0.000377
2 2 0.000028 0.000392 0.545956 0.453614 0.000011
2 2 0.000094 0.001904 0.834871 0.163115 0.000016
2 2 0.000178 0.001968 0.517296 0.480530 0.000028
3 2 0.002333 0.036472 0.478037 0.481997 0.001161
2 2 0.003270 0.044466 0.723947 0.198835 0.029481
2 2 0.001915 0.049496 0.680949 0.265026 0.002615
2 2 0.001493 0.038355 0.682418 0.274094 0.003640
2 2 0.005669 0.081431 0.779434 0.130455 0.003011
2 2 0.002769 0.027343 0.934555 0.035294 0.000040
2 2 0.005801 0.019886 0.884417 0.089642 0.000254
2 2 0.022171 0.119387 0.830287 0.005797 0.022358
2 2 0.018991 0.078230 0.859499 0.037454 0.005826
2 2 0.000097 0.002552 0.906366 0.090926 0.000060
2 2 0.007303 0.028883 0.705845 0.256076 0.001893
2 2 0.005000 0.017993 0.901269 0.075025 0.000713
2 2 0.000275 0.010606 0.943964 0.044849 0.000307
2 2 0.001363 0.022000 0.922481 0.052854 0.001302
2 2 0.003992 0.012808 0.897946 0.084957 0.000297
2 2 0.005039 0.027818 0.874467 0.092281 0.000395
2 2 0.013031 0.029436 0.840354 0.116401 0.000778
2 2 0.017861 0.190737 0.775361 0.013374 0.002667
2 2 0.003819 0.103630 0.830377 0.042553 0.019620
2 2 0.012355 0.093012 0.715019 0.175059 0.004555
2 2 0.001874 0.007518 0.685425 0.305008 0.000175
3 2 0.000672 0.002244 0.406613 0.589894 0.000577
2 1 0.162596 0.356939 0.404384 0.004074 0.072006
2 2 0.026280 0.374359 0.451959 0.002583 0.144819
2 2 0.000219 0.004509 0.961211 0.033439 0.000623
2 2 0.000508 0.009072 0.932187 0.056775 0.001458
2 2 0.000598 0.004880 0.925731 0.068525 0.000266
2 2 0.001342 0.183518 0.762253 0.016900 0.035987
2 2 0.008166 0.133129 0.816028 0.025596 0.017081
2 2 0.014175 0.169569 0.804871 0.005799 0.005586
2 2 0.012671 0.046494 0.878148 0.060767 0.001920
2 2 0.020568 0.068689 0.861476 0.047354 0.001913
2 0 0.066884 0.134007 0.563005 0.001997 0.234107
0 1 0.686018 0.039474 0.008930 0.000043 0.265536
1 1 0.323992 0.324067 0.046583 0.000194 0.305163
1 1 0.144923 0.418080 0.303639 0.000946 0.132412
2 2 0.070259 0.331907 0.388487 0.021486 0.187861
2 0 0.026500 0.141243 0.692947 0.125483 0.013827
2 0 0.080095 0.025826 0.795382 0.092578 0.006119
0 0 0.518532 0.020462 0.015680 0.000054 0.445271
0 0 0.801381 0.148638 0.005160 0.000139 0.044682
1 1 0.279631 0.563952 0.091124 0.000027 0.065266
1 1 0.115457 0.370079 0.167141 0.000767 0.346557
1 0 0.057604 0.424510 0.325977 0.000357 0.191552
1 0 0.038183 0.498674 0.373408 0.002115 0.087620
0 1 0.683201 0.253340 0.026432 0.022289 0.014739
1 1 0.284194 0.457670 0.077559 0.000072 0.180505
1 1 0.047767 0.460203 0.458154 0.015953 0.017923
2 1 0.027280 0.441091 0.502498 0.012344 0.016786
2 1 0.025591 0.466826 0.479465 0.000321 0.027798
2 1 0.007845 0.207292 0.666405 0.014142 0.104316
2 1 0.006707 0.144990 0.836317 0.009752 0.002234
1 1 0.087400 0.585858 0.320576 0.000401 0.005766
1 1 0.173829 0.582029 0.226472 0.005386 0.012284
2 1 0.004276 0.147802 0.837583 0.007295 0.003044
2 2 0.002403 0.142299 0.825542 0.019698 0.010059
1 2 0.055875 0.523039 0.408001 0.005674 0.007410
2 1 0.005978 0.126471 0.863095 0.003090 0.001365
2 1 0.019596 0.156810 0.814575 0.002386 0.006633
2 0 0.026610 0.374767 0.590906 0.000684 0.007033
2 1 0.043807 0.167335 0.777025 0.007921 0.003912
0 0 0.887433 0.085053 0.015625 0.003667 0.008222
1 1 0.248864 0.574695 0.160904 0.001345 0.014192
2 1 0.013817 0.377652 0.589935 0.010234 0.008362
1 1 0.081560 0.542836 0.350461 0.000665 0.024478
1 1 0.214348 0.466748 0.123470 0.000294 0.195140
1 1 0.103985 0.552043 0.316576 0.001111 0.026285
2 1 0.081194 0.331420 0.571638 0.008800 0.006948
1 0 0.198211 0.583256 0.201272 0.001760 0.015502
0 0 0.970906 0.014627 0.013917 0.000309 0.000240
0 0 0.941334 0.003330 0.045156 0.003207 0.006973
0 0 0.996389 0.000383 0.001988 0.000044 0.001196
0 0 0.991843 0.004043 0.002646 0.001071 0.000397
0 0 0.980912 0.006846 0.006432 0.000479 0.005331
0 0 0.567113 0.028653 0.105734 0.002903 0.295596
4 0 0.228300 0.256311 0.026873 0.000005 0.488511
1 0 0.182110 0.607685 0.190543 0.000303 0.019359
2 0 0.377545 0.093766 0.516197 0.008888 0.003604
0 4 0.922386 0.033614 0.009444 0.000041 0.034514
4 4 0.255053 0.114718 0.028174 0.000419 0.601636
0 4 0.383982 0.077450 0.161815 0.012768 0.363986
4 4 0.103785 0.148575 0.040120 0.001233 0.706287
4 4 0.320131 0.078309 0.002751 0.000003 0.598805
4 4 0.118914 0.026420 0.010055 0.000022 0.844588
4 4 0.259553 0.023179 0.011359 0.000026 0.705883
1 4 0.156450 0.513622 0.275206 0.009173 0.045549
1 4 0.065431 0.515702 0.354984 0.010974 0.052909
4 4 0.057285 0.145400 0.050115 0.001919 0.745282
4 4 0.101910 0.249369 0.086226 0.000259 0.562235
4 4 0.052650 0.064120 0.025177 0.000262 0.857791
4 4 0.141765 0.027050 0.008543 0.000017 0.822625
4 4 0.052723 0.045118 0.005289 0.000013 0.896857
4 4 0.298881 0.026508 0.048228 0.000391 0.625991
4 4 0.100702 0.081783 0.012243 0.000084 0.805189
0 4 0.465522 0.087667 0.004615 0.000014 0.442181
4 4 0.050034 0.041824 0.018242 0.000104 0.889796
4 1 0.437719 0.032426 0.034208 0.000268 0.495379
0 4 0.325971 0.261215 0.162736 0.001609 0.248468
0 4 0.691286 0.022726 0.013316 0.000064 0.272609
4 4 0.111599 0.034474 0.003849 0.000005 0.850074
4 4 0.013800 0.025870 0.009015 0.000027 0.951288
4 4 0.334952 0.020043 0.014223 0.000037 0.630745
1 4 0.262063 0.385561 0.091157 0.000962 0.260257
1 4 0.084614 0.450142 0.334564 0.002716 0.127963
1 4 0.150344 0.355210 0.308852 0.003527 0.182067
4 4 0.101353 0.157346 0.035608 0.000841 0.704852
4 4 0.119697 0.335255 0.188610 0.007626 0.348811
1 4 0.099720 0.386937 0.246881 0.003605 0.262857
1 4 0.106616 0.394711 0.231782 0.002687 0.264204
2 4 0.027463 0.401886 0.477096 0.000163 0.093392
2 4 0.028874 0.301647 0.621190 0.002711 0.045577
2 2 0.013977 0.133287 0.798825 0.021800 0.032111
2 2 0.010035 0.077330 0.864927 0.034159 0.013549
2 1 0.342114 0.288432 0.355851 0.000297 0.013306
2 2 0.013223 0.173417 0.741002 0.002994 0.069363
2 2 0.001230 0.146236 0.848900 0.000360 0.003275
2 2 0.014096 0.128620 0.853465 0.000242 0.003577
2 2 0.042978 0.300221 0.614392 0.026528 0.015881
1 2 0.161701 0.539321 0.286366 0.000826 0.011786
2 2 0.054660 0.120180 0.809129 0.011257 0.004774
2 2 0.090796 0.291043 0.529444 0.078861 0.009856
2 2 0.037817 0.074232 0.786365 0.097318 0.004268
2 2 0.000231 0.032875 0.958450 0.005085 0.003359
2 2 0.000226 0.001352 0.990845 0.007537 0.000041
2 2 0.002342 0.019608 0.928004 0.049675 0.000371
2 2 0.032888 0.208752 0.708413 0.047165 0.002782
2 2 0.003958 0.039761 0.943817 0.012192 0.000271
2 1 0.000951 0.017939 0.964699 0.015860 0.000551
2 1 0.007485 0.105227 0.880268 0.006125 0.000894
2 2 0.015487 0.040304 0.508742 0.421897 0.013570
2 2 0.022151 0.272264 0.533679 0.009971 0.161935
2 2 0.035630 0.084722 0.745437 0.130140 0.004071
2 2 0.005376 0.073490 0.881899 0.037461 0.001774
2 2 0.011759 0.017567 0.887729 0.080500 0.002445
2 2 0.004837 0.074344 0.901177 0.014411 0.005231
2 1 0.001724 0.033528 0.900550 0.063474 0.000724
2 2 0.011841 0.026494 0.758471 0.202788 0.000406
2 2 0.005718 0.061699 0.921011 0.010041 0.001531
2 2 0.007882 0.267265 0.705328 0.002337 0.017188
2 2 0.003253 0.136349 0.850495 0.002590 0.007313
2 2 0.001313 0.012103 0.910103 0.076399 0.000082
2 2 0.002340 0.005249 0.908771 0.083560 0.000080
2 2 0.003325 0.079541 0.913022 0.000997 0.003115
2 1 0.002577 0.060886 0.931753 0.003302 0.001481
2 2 0.025111 0.208230 0.738722 0.023017 0.004920
1 2 0.049771 0.478315 0.428720 0.000502 0.042692
2 2 0.009240 0.119326 0.776192 0.087501 0.007742
2 2 0.006197 0.230426 0.703565 0.055705 0.004109
2 2 0.004690 0.067192 0.918965 0.008924 0.000229
2 2 0.017970 0.462548 0.512678 0.001034 0.005770
2 2 0.003621 0.065188 0.928744 0.002273 0.000174
2 2 0.001819 0.018383 0.962246 0.017496 0.000056
2 2 0.000421 0.004716 0.985821 0.009015 0.000026
2 2 0.000218 0.015113 0.983030 0.001398 0.000241
2 2 0.000636 0.008636 0.883088 0.107269 0.000371
2 2 0.000529 0.013022 0.973187 0.011989 0.001273
2 2 0.001690 0.015589 0.902588 0.079704 0.000428
1 2 0.136295 0.406735 0.335469 0.026491 0.095009
2 2 0.001166 0.033416 0.925156 0.038316 0.001946
2 2 0.000059 0.001099 0.916373 0.082448 0.000021
2 2 0.000340 0.018930 0.846707 0.133598 0.000425
2 0 0.002092 0.022015 0.791526 0.183999 0.000368
2 1 0.151160 0.147942 0.521121 0.176855 0.002922
2 1 0.008298 0.035657 0.926974 0.009817 0.019254
2 2 0.001215 0.029879 0.812579 0.148225 0.008102
2 0 0.151703 0.087760 0.619504 0.137523 0.003510
3 1 0.319146 0.008955 0.183961 0.487690 0.000248
4 2 0.120716 0.167269 0.200907 0.012034 0.499073
1 2 0.048146 0.348326 0.284631 0.007525 0.311372
2 1 0.060648 0.189954 0.517556 0.002643 0.229197
0 2 0.493762 0.123814 0.368686 0.005193 0.008544
1 1 0.095555 0.552913 0.287506 0.028666 0.035361
2 2 0.021374 0.149906 0.649450 0.176260 0.003010
2 1 0.026342 0.187637 0.540795 0.233366 0.011859
2 2 0.005339 0.246709 0.538390 0.192751 0.016811
2 1 0.295446 0.241162 0.424554 0.005252 0.033587
0 1 0.471419 0.347513 0.141616 0.002579 0.036873
1 2 0.166307 0.585805 0.228868 0.004461 0.014559
2 1 0.017183 0.145044 0.787995 0.047720 0.002058
2 1 0.020948 0.225989 0.745842 0.006560 0.000660
2 1 0.018092 0.083828 0.889400 0.007925 0.000755
2 1 0.098585 0.195354 0.675008 0.005999 0.025055
2 2 0.027420 0.374692 0.440390 0.001443 0.156056
2 1 0.020240 0.232143 0.724422 0.008291 0.014903
2 1 0.009473 0.140215 0.803873 0.028886 0.017554
2 2 0.002503 0.174805 0.711834 0.088257 0.022601
1 0 0.143098 0.503462 0.335464 0.004087 0.013889
1 1 0.086199 0.545226 0.343806 0.018278 0.006492
2 1 0.072612 0.350411 0.564837 0.003627 0.008513
2 1 0.110406 0.424756 0.446222 0.006361 0.012256
1 1 0.188031 0.545063 0.191786 0.000934 0.074186
1 1 0.091952 0.497640 0.303305 0.006149 0.100954
1 1 0.028238 0.459849 0.412209 0.007339 0.092365
1 1 0.036981 0.433896 0.409173 0.065356 0.054593
1 1 0.065392 0.531132 0.356421 0.033203 0.013852
2 1 0.226015 0.288806 0.469314 0.011922 0.003944
2 1 0.043292 0.130785 0.637837 0.180236 0.007850
0 2 0.445280 0.405331 0.116811 0.009322 0.023256
2 1 0.021370 0.267429 0.551941 0.121449 0.037811
1 1 0.047446 0.497882 0.400906 0.000281 0.053485
1 1 0.181351 0.555223 0.232729 0.003257 0.027439
1 1 0.039138 0.474511 0.392623 0.063162 0.030565
0 1 0.631286 0.169845 0.131149 0.004756 0.062965
2 1 0.101488 0.149558 0.705388 0.028339 0.015227
2 1 0.008240 0.118628 0.848110 0.023572 0.001450
2 1 0.059454 0.186436 0.675967 0.073948 0.004195
2 1 0.045242 0.404185 0.528306 0.008343 0.013924
1 1 0.116693 0.530280 0.311591 0.002750 0.038685
2 1 0.087494 0.354701 0.533599 0.004025 0.020181
3 2 0.018561 0.033942 0.270155 0.674869 0.002474
2 1 0.031343 0.118170 0.793858 0.053026 0.003604
2 0 0.008710 0.350670 0.632596 0.002589 0.005435
1 0 0.295658 0.372908 0.318741 0.008198 0.004495
1 1 0.313153 0.539448 0.115713 0.000746 0.030940
2 1 0.100604 0.304898 0.513232 0.009069 0.072197
2 1 0.003798 0.055062 0.879129 0.051113 0.010898
0 1 0.868390 0.042707 0.049517 0.026548 0.012839
2 0 0.056540 0.324813 0.601143 0.004022 0.013481
0 1 0.596457 0.098642 0.238063 0.006401 0.060437
0 1 0.435027 0.268615 0.044826 0.001395 0.250136
1 1 0.310928 0.441949 0.166820 0.010138 0.070165
0 1 0.472499 0.142537 0.252921 0.063165 0.068878
2 1 0.127484 0.270623 0.564149 0.027547 0.010197
2 1 0.009104 0.245189 0.739226 0.003325 0.003155
2 1 0.026599 0.446261 0.507547 0.000176 0.019416
2 1 0.003158 0.252463 0.731583 0.003328 0.009468
2 0 0.008412 0.263465 0.698450 0.025345 0.004328
0 0 0.633123 0.224980 0.106647 0.011735 0.023515
0 0 0.831013 0.103881 0.056000 0.000850 0.008257
0 0 0.925823 0.019711 0.037473 0.016484 0.000509
0 0 0.945104 0.034486 0.018585 0.000134 0.001691
0 0 0.739123 0.235724 0.019663 0.000237 0.005254
0 0 0.884344 0.048849 0.062697 0.002546 0.001564
0 0 0.623604 0.342329 0.017520 0.000016 0.016532
0 0 0.851650 0.027207 0.008480 0.000072 0.112592
4 1 0.093268 0.023333 0.000715 0.000000 0.882683
1 1 0.199896 0.422955 0.181827 0.000911 0.194411
1 1 0.206254 0.418371 0.218709 0.099834 0.056831
0 1 0.570556 0.232401 0.168133 0.008427 0.020484
0 1 0.516852 0.202811 0.239807 0.019219 0.021311
2 1 0.074174 0.236590 0.567077 0.109160 0.012999
2 2 0.042309 0.428434 0.485041 0.002758 0.041457
2 2 0.241178 0.284466 0.365253 0.080145 0.028958
2 2 0.013754 0.085070 0.803088 0.094485 0.003603
2 2 0.009123 0.121945 0.860283 0.007089 0.001560
2 2 0.005743 0.268454 0.719352 0.004722 0.001730
2 2 0.008374 0.085899 0.881289 0.024243 0.000195
2 2 0.003546 0.141810 0.839688 0.014371 0.000585
2 2 0.002627 0.017254 0.940401 0.039653 0.000065
2 2 0.001689 0.118729 0.867081 0.010724 0.001777
2 2 0.026856 0.331736 0.624470 0.014344 0.002594
2 2 0.002561 0.019297 0.968330 0.009699 0.000113
2 2 0.011480 0.148706 0.827513 0.011330 0.000971
2 2 0.000717 0.063662 0.920937 0.014078 0.000606
2 2 0.000268 0.012124 0.959394 0.028151 0.000064
2 2 0.003137 0.013597 0.783082 0.200098 0.000087
2 2 0.003668 0.020467 0.859614 0.116171 0.000081
2 2 0.000663 0.075600 0.918401 0.005137 0.000199
2 2 0.001448 0.038665 0.927085 0.032763 0.000039
2 2 0.000600 0.010285 0.918320 0.070679 0.000116
3 2 0.000090 0.000902 0.331120 0.667877 0.000010
2 3 0.001326 0.026428 0.599152 0.372829 0.000266
3 3 0.000073 0.007170 0.435280 0.557280 0.000197
2 3 0.014532 0.173125 0.669522 0.141745 0.001076
3 3 0.001728 0.002916 0.066933 0.928411 0.000013
2 3 0.000338 0.004911 0.667624 0.327112 0.000014
2 3 0.000928 0.042843 0.715038 0.241013 0.000178
3 3 0.000638 0.007831 0.199949 0.791451 0.000130
2 3 0.000554 0.008822 0.570602 0.419999 0.000023
2 3 0.000847 0.007773 0.612363 0.378916 0.000101
2 3 0.000496 0.021804 0.605107 0.372414 0.000179
3 3 0.000365 0.009239 0.307559 0.682523 0.000314
3 3 0.000085 0.002440 0.196041 0.801373 0.000061
3 3 0.000055 0.006731 0.335190 0.657960 0.000063
3 3 0.000153 0.002591 0.268380 0.728841 0.000035
2 3 0.002477 0.017664 0.557652 0.422134 0.000073
3 3 0.000248 0.003621 0.325029 0.671059 0.000044
3 3 0.000152 0.001865 0.107818 0.890134 0.000032
3 3 0.000067 0.002257 0.071380 0.926233 0.000062
3 3 0.000044 0.002241 0.089534 0.908094 0.000088
3 3 0.000380 0.017079 0.316035 0.666201 0.000305
3 3 0.000294 0.004544 0.147299 0.847659 0.000205
3 3 0.003009 0.013859 0.396823 0.586101 0.000208
3 3 0.048592 0.017299 0.359673 0.574313 0.000123
3 3 0.000040 0.000298 0.022794 0.976863 0.000006
3 3 0.000051 0.000353 0.050404 0.949184 0.000008
3 3 0.000801 0.001455 0.086329 0.911390 0.000026
3 3 0.000009 0.000034 0.003424 0.996532 0.000001
3 3 0.002543 0.001856 0.136659 0.858940 0.000002
3 3 0.005100 0.019864 0.075183 0.899678 0.000174
3 3 0.000048 0.000457 0.021837 0.977610 0.000048
3 3 0.000736 0.002289 0.152383 0.844482 0.000110
3 3 0.000698 0.009634 0.302388 0.687211 0.000068
3 3 0.000068 0.002788 0.140753 0.856316 0.000075
3 3 0.002955 0.016826 0.158819 0.821197 0.000203
3 3 0.003276 0.014992 0.220693 0.760920 0.000119
3 3 0.000010 0.000130 0.051118 0.948737 0.000005
3 3 0.000136 0.000140 0.005127 0.994594 0.000003
3 3 0.000088 0.001212 0.035015 0.963357 0.000328
3 3 0.002304 0.031047 0.181639 0.784505 0.000505
3 3 0.000094 0.001795 0.315830 0.682266 0.000015
3 3 0.000306 0.003547 0.296219 0.699869 0.000059
3 3 0.000101 0.000299 0.014693 0.984901 0.000007
3 3 0.000081 0.000549 0.028022 0.971343 0.000005
3 3 0.000215 0.000270 0.054043 0.945470 0.000002
3 3 0.000078 0.000586 0.033899 0.965422 0.000015
3 3 0.000326 0.001818 0.042002 0.955802 0.000052
3 3 0.000276 0.001049 0.042111 0.956543 0.000020
3 3 0.000444 0.002106 0.024564 0.972731 0.000155
3 3 0.000127 0.002796 0.029017 0.967968 0.000093
3 3 0.000474 0.004732 0.083137 0.910901 0.000755
3 3 0.000047 0.003527 0.059629 0.936083 0.000714
3 3 0.000036 0.000095 0.008299 0.991563 0.000007
3 3 0.000141 0.000238 0.012266 0.987351 0.000005
3 3 0.000120 0.001483 0.240655 0.757637 0.000105
3 3 0.000022 0.001216 0.101755 0.896920 0.000087
3 3 0.000054 0.005397 0.257010 0.737328 0.000211
3 3 0.000259 0.011946 0.183389 0.803711 0.000696
3 3 0.000071 0.005683 0.195712 0.797315 0.001218
3 3 0.000078 0.006758 0.199534 0.793341 0.000290
3 3 0.000926 0.004710 0.086158 0.907788 0.000418
3 3 0.001975 0.008344 0.137839 0.851448 0.000394
3 3 0.000081 0.000673 0.073335 0.925903 0.000007
3 3 0.000212 0.002393 0.224823 0.772528 0.000044
3 3 0.000110 0.003692 0.119060 0.877027 0.000111
3 3 0.005836 0.003748 0.069729 0.920629 0.000058
3 3 0.000131 0.002312 0.093702 0.903805 0.000050
3 3 0.000023 0.000070 0.004971 0.994934 0.000002
3 3 0.000087 0.000148 0.005249 0.994512 0.000003
3 3 0.001250 0.001344 0.023973 0.973404 0.000030
3 3 0.000075 0.001181 0.060703 0.937991 0.000051
3 3 0.000127 0.000347 0.014681 0.984827 0.000018
3 3 0.004905 0.023979 0.209656 0.760856 0.000604
3 3 0.000316 0.003427 0.086125 0.909999 0.000133
3 3 0.000082 0.009758 0.158953 0.830774 0.000432
3 3 0.000129 0.000994 0.023913 0.974855 0.000108
3 3 0.000145 0.000655 0.018348 0.980831 0.000021
3 3 0.000661 0.002967 0.068934 0.927366 0.000072
3 3 0.001095 0.037271 0.101753 0.859154 0.000727
3 3 0.000235 0.000476 0.018403 0.980872 0.000014
3 3 0.000698 0.008348 0.063463 0.927331 0.000160
3 3 0.000116 0.002502 0.141439 0.855872 0.000071
3 3 0.000406 0.000125 0.013557 0.985904 0.000008
3 3 0.000233 0.003939 0.242559 0.753167 0.000103
3 3 0.001203 0.019622 0.413027 0.565524 0.000624
3 3 0.000214 0.000885 0.013522 0.985341 0.000039
3 3 0.000112 0.000401 0.033513 0.965968 0.000005
3 3 0.000271 0.005290 0.127844 0.866338 0.000257
3 3 0.000733 0.011458 0.182344 0.804067 0.001397
3 3 0.001069 0.004015 0.039247 0.955432 0.000238
3 3 0.003712 0.016080 0.153331 0.826505 0.000372
3 3 0.003502 0.007596 0.175848 0.812991 0.000064
3 3 0.000048 0.000921 0.010865 0.988133 0.000033
3 3 0.001242 0.004181 0.065811 0.928615 0.000150
3 3 0.002831 0.031409 0.311922 0.652799 0.001038
3 3 0.000115 0.001180 0.022851 0.975717 0.000137
3 0 0.001671 0.000958 0.012629 0.984720 0.000022
1 0 0.162876 0.435436 0.261744 0.042426 0.097518
0 2 0.970884 0.016298 0.008618 0.003333 0.000868
4 2 0.116954 0.236766 0.160188 0.021267 0.464826
0 1 0.377783 0.221327 0.336680 0.003057 0.061152
0 1 0.572748 0.357586 0.051690 0.003940 0.014037
0 0 0.519344 0.173748 0.185021 0.046913 0.074974
2 0 0.163765 0.321308 0.328211 0.036388 0.150327
4 1 0.064602 0.320936 0.184298 0.005773 0.424391
4 1 0.196209 0.180944 0.060187 0.002631 0.560029
2 1 0.036408 0.410671 0.424480 0.002847 0.125594
0 1 0.473824 0.420763 0.065626 0.002733 0.037053
1 1 0.184104 0.358737 0.305196 0.022603 0.129359
2 1 0.101329 0.400340 0.402002 0.007771 0.088558
2 1 0.159746 0.281221 0.499945 0.030364 0.028723
2 1 0.032801 0.258044 0.672562 0.030662 0.005931
1 1 0.114017 0.478336 0.396185 0.000339 0.011124
1 1 0.132272 0.580963 0.242998 0.000919 0.042848
2 1 0.015550 0.382899 0.548079 0.012683 0.040789
2 1 0.027144 0.467828 0.490064 0.005572 0.009391
2 1 0.072556 0.287505 0.574755 0.054007 0.011177
0 2 0.619406 0.264863 0.073301 0.034085 0.008345
1 2 0.314230 0.544099 0.128330 0.002322 0.011020
2 2 0.009782 0.335664 0.642017 0.001225 0.011313
2 2 0.027535 0.424577 0.500089 0.007255 0.040544
1 2 0.152687 0.548630 0.239824 0.001198 0.057661
0 1 0.739331 0.092496 0.155120 0.011406 0.001647
2 1 0.050211 0.231052 0.627764 0.080905 0.010068
2 1 0.292125 0.246862 0.377743 0.075728 0.007542
1 1 0.267512 0.471216 0.215245 0.001444 0.044583
1 1 0.057898 0.521473 0.389833 0.002306 0.028490
2 1 0.087437 0.403691 0.491377 0.009296 0.008199
2 1 0.094729 0.214477 0.645210 0.040296 0.005287
2 1 0.023710 0.473560 0.484423 0.001279 0.017028
1 1 0.248602 0.596048 0.138404 0.000265 0.016681
1 1 0.249805 0.573685 0.107539 0.000036 0.068935
1 1 0.123454 0.572058 0.277309 0.000785 0.026393
1 1 0.243392 0.516499 0.202563 0.017549 0.019997
2 1 0.024814 0.206693 0.765212 0.001655 0.001626
2 1 0.068010 0.289835 0.616800 0.017994 0.007360
2 1 0.029115 0.462481 0.488109 0.015037 0.005257
2 1 0.020871 0.028329 0.573255 0.376934 0.000610
2 1 0.032902 0.220610 0.718080 0.022643 0.005765
2 1 0.116544 0.401141 0.455332 0.016257 0.010726
2 2 0.006619 0.305281 0.670277 0.006880 0.010942
2 1 0.002819 0.124386 0.852948 0.010648 0.009199
2 1 0.074131 0.213738 0.396269 0.229496 0.086366
2 1 0.072970 0.167113 0.732920 0.016647 0.010350
1 1 0.204272 0.532983 0.196924 0.002240 0.063581
1 1 0.341193 0.460889 0.078752 0.000275 0.118892
1 1 0.056191 0.463810 0.411797 0.005478 0.062723
1 1 0.300126 0.493843 0.164772 0.036948 0.004311
1 1 0.158793 0.610332 0.224951 0.000752 0.005173
1 1 0.100720 0.512547 0.379938 0.003007 0.003788
2 1 0.072403 0.365784 0.499896 0.051299 0.010618
1 1 0.047362 0.488703 0.416794 0.015401 0.031740
0 1 0.810987 0.118732 0.032304 0.008801 0.029175
1 1 0.125223 0.611863 0.242888 0.000163 0.019862
2 1 0.108333 0.235695 0.636889 0.013749 0.005334
2 1 0.000279 0.062797 0.925462 0.006818 0.004644
2 1 0.005931 0.309030 0.659861 0.008712 0.016466
1 1 0.124859 0.584117 0.227627 0.000782 0.062616
0 1 0.400255 0.242492 0.264226 0.031427 0.061600
0 1 0.527545 0.376799 0.057182 0.007932 0.030542
1 1 0.183460 0.504514 0.216747 0.003855 0.091423
1 1 0.162736 0.585111 0.211041 0.001332 0.039779
1 1 0.235474 0.494071 0.129653 0.000438 0.140364
2 1 0.010139 0.331935 0.641282 0.003301 0.013342
1 1 0.030945 0.480900 0.465210 0.019176 0.003769
0 1 0.482176 0.458598 0.047453 0.000167 0.011605
1 0 0.283256 0.578134 0.117542 0.000233 0.020834
1 1 0.268613 0.515763 0.107737 0.000170 0.107717
0 1 0.460257 0.342514 0.052130 0.002769 0.142331
2 2 0.068651 0.124061 0.632687 0.119917 0.054684
2 2 0.001976 0.196659 0.781784 0.002751 0.016830
2 2 0.002976 0.051940 0.925434 0.018099 0.001550
2 2 0.008479 0.030533 0.681759 0.276389 0.002840
2 4 0.006390 0.016388 0.906838 0.069320 0.001063
1 4 0.124535 0.430639 0.193826 0.000674 0.250326
4 4 0.090992 0.102619 0.019023 0.000221 0.787144
4 4 0.096686 0.104790 0.046361 0.001115 0.751048
4 4 0.263743 0.019865 0.009922 0.000018 0.706452
4 4 0.245345 0.008844 0.003993 0.000002 0.741816
4 4 0.100949 0.040597 0.006316 0.000015 0.852123
4 4 0.155375 0.022490 0.007302 0.000011 0.814822
4 4 0.412584 0.019189 0.020301 0.000050 0.547877
4 4 0.153986 0.037128 0.015401 0.000062 0.793422
4 4 0.111351 0.054985 0.133012 0.001214 0.699439
4 4 0.147104 0.047138 0.039817 0.000390 0.765551
4 4 0.199913 0.031520 0.052032 0.000475 0.716060
0 4 0.501869 0.008505 0.012158 0.000018 0.477448
4 4 0.227181 0.014090 0.005737 0.000005 0.752987
4 4 0.461276 0.028318 0.029193 0.000174 0.481038
0 4 0.678857 0.014571 0.050853 0.000601 0.255119
4 4 0.203048 0.017470 0.017707 0.000043 0.761732
4 4 0.042093 0.054294 0.017503 0.000036 0.886074
4 4 0.119049 0.021469 0.003988 0.000004 0.855490
4 4 0.175935 0.037768 0.004263 0.000006 0.782028
4 4 0.179786 0.021545 0.006707 0.000008 0.791955
0 4 0.531519 0.069488 0.034207 0.000014 0.364772
4 4 0.211614 0.012164 0.004518 0.000003 0.771701
4 4 0.347587 0.024893 0.010250 0.000023 0.617247
4 4 0.205483 0.025635 0.009221 0.000019 0.759642
4 4 0.136033 0.050319 0.025266 0.000174 0.788207
4 4 0.116297 0.148248 0.070056 0.002557 0.662843
4 4 0.054583 0.024033 0.010853 0.000025 0.910505
4 4 0.064667 0.089521 0.018193 0.000194 0.827425
4 4 0.154872 0.231437 0.086409 0.008812 0.518470
4 4 0.049044 0.011055 0.022664 0.000051 0.917186
4 4 0.066940 0.036415 0.019413 0.000098 0.877133
4 4 0.033974 0.051682 0.008489 0.000035 0.905820
0 4 0.562315 0.002729 0.001013 0.000000 0.433942
4 4 0.058600 0.001776 0.000107 0.000000 0.939517
4 4 0.039283 0.002236 0.000129 0.000000 0.958353
4 4 0.142725 0.079214 0.007489 0.000029 0.770543
4 4 0.015051 0.046460 0.016049 0.000116 0.922324
4 4 0.264031 0.117244 0.072723 0.003171 0.542831
4 2 0.073519 0.058061 0.016224 0.000106 0.852090
1 2 0.335951 0.377213 0.094417 0.008721 0.183698
4 2 0.331212 0.263315 0.048993 0.003545 0.352935
2 2 0.276529 0.141229 0.301137 0.006970 0.274135
1 2 0.070178 0.399750 0.309311 0.001590 0.219171
2 2 0.032765 0.385501 0.514517 0.002686 0.064531
2 2 0.004478 0.084849 0.898628 0.002958 0.009086
2 2 0.028854 0.382416 0.526709 0.001005 0.061017
1 2 0.280208 0.381733 0.280509 0.007588 0.049961
2 2 0.058601 0.331044 0.496848 0.005672 0.107836
2 2 0.078137 0.356716 0.443703 0.049255 0.072188
2 2 0.004548 0.012517 0.958679 0.022709 0.001547
2 2 0.002801 0.122360 0.739389 0.100646 0.034804
2 2 0.049004 0.310018 0.563614 0.014151 0.063214
2 2 0.000421 0.005072 0.989779 0.004070 0.000657
2 2 0.106330 0.183508 0.703884 0.000417 0.005860
2 2 0.058707 0.176692 0.760878 0.000683 0.003040
2 2 0.013413 0.004215 0.980489 0.001796 0.000087
2 2 0.030454 0.039149 0.922185 0.003834 0.004379
2 2 0.137445 0.073072 0.781506 0.001404 0.006574
2 2 0.010249 0.003759 0.980050 0.005587 0.000354
2 2 0.013149 0.006942 0.977870 0.001626 0.000413
2 2 0.024695 0.054899 0.905948 0.011531 0.002928
2 2 0.008727 0.008075 0.960613 0.022328 0.000257
2 2 0.024044 0.047913 0.865843 0.029319 0.032881
1 2 0.107655 0.481640 0.377406 0.000106 0.033193
2 2 0.036281 0.036676 0.914177 0.010354 0.002512
2 2 0.036121 0.034508 0.922650 0.005499 0.001221
2 2 0.004880 0.023335 0.958038 0.012665 0.001083
2 2 0.013997 0.113969 0.858604 0.000346 0.013084
2 2 0.003291 0.034462 0.957391 0.003324 0.001533
2 2 0.157847 0.190284 0.631731 0.001899 0.018238
1 2 0.090503 0.500770 0.355395 0.007701 0.045632
2 2 0.023703 0.288847 0.632826 0.016324 0.038301
2 2 0.102899 0.223699 0.652709 0.004081 0.016612
2 2 0.348531 0.105096 0.524699 0.011601 0.010074
1 2 0.056840 0.527338 0.406100 0.000464 0.009258
2 2 0.018327 0.129049 0.848129 0.003756 0.000738
2 0 0.028184 0.329202 0.636875 0.002508 0.003231
0 2 0.750634 0.201071 0.009314 0.000198 0.038783
0 0 0.586482 0.189347 0.099374 0.001725 0.123072
4 1 0.333957 0.197691 0.042626 0.001680 0.424046
1 1 0.205705 0.508628 0.216286 0.008327 0.061053
1 1 0.059424 0.485112 0.442045 0.002943 0.010475
2 1 0.018564 0.261512 0.674061 0.017688 0.028175
1 1 0.227962 0.333555 0.108439 0.007602 0.322441
1 1 0.446232 0.455489 0.066477 0.000865 0.030937
0 1 0.702608 0.141607 0.128132 0.004647 0.023006
1 1 0.345423 0.471306 0.161275 0.001715 0.020281
2 1 0.145841 0.255347 0.549829 0.036746 0.012238
0 2 0.524320 0.263716 0.170316 0.006606 0.035042
1 0 0.301466 0.547084 0.136414 0.002489 0.012546
0 1 0.659713 0.175288 0.100156 0.023871 0.040973
0 1 0.404468 0.296757 0.044417 0.001854 0.252504
1 1 0.073619 0.475711 0.384571 0.003935 0.062164
1 1 0.423134 0.482330 0.071664 0.000629 0.022243
1 1 0.273649 0.524961 0.148865 0.002315 0.050210
1 1 0.054373 0.483964 0.422356 0.012271 0.027035
2 1 0.028093 0.433665 0.466930 0.000072 0.071240
1 2 0.082275 0.376255 0.213471 0.012724 0.315274
2 1 0.011583 0.318142 0.529505 0.019965 0.120805
1 1 0.076764 0.498704 0.281717 0.002560 0.140254
0 0 0.425676 0.233656 0.288447 0.014745 0.037476
1 0 0.398684 0.500188 0.077334 0.000482 0.023311
1 1 0.167757 0.494302 0.159710 0.000225 0.178007
0 2 0.386961 0.326632 0.059000 0.003424 0.223983
4 2 0.233123 0.256139 0.068060 0.006015 0.436663
1 2 0.078467 0.392275 0.200135 0.000975 0.328148
1 2 0.157523 0.591792 0.188578 0.000094 0.062014
1 2 0.037897 0.438264 0.435702 0.001910 0.086226
2 2 0.116077 0.280232 0.577990 0.014989 0.010712
2 2 0.020832 0.306058 0.610323 0.009740 0.053047
1 2 0.073293 0.520290 0.360921 0.010320 0.035177
1 2 0.262609 0.558032 0.161695 0.002703 0.014961
2 2 0.015661 0.233562 0.708153 0.037744 0.004880
2 2 0.042203 0.116098 0.771264 0.065222 0.005213
2 2 0.010717 0.212035 0.762793 0.012440 0.002016
2 2 0.028393 0.274539 0.672342 0.022692 0.002033
1 2 0.151457 0.614252 0.226441 0.001532 0.006317
2 2 0.065637 0.056235 0.863344 0.012453 0.002330
2 1 0.044588 0.333424 0.586346 0.002439 0.033204
2 1 0.099302 0.184846 0.649348 0.055258 0.011247
1 1 0.234040 0.576950 0.173151 0.000274 0.015586
1 2 0.040892 0.488526 0.466198 0.000118 0.004266
2 2 0.032629 0.421897 0.525511 0.009843 0.010120
2 2 0.003842 0.161368 0.785561 0.042253 0.006976
2 2 0.138176 0.318436 0.528240 0.009593 0.005554
1 2 0.127412 0.560203 0.298211 0.003075 0.011099
2 2 0.019214 0.395115 0.581177 0.000797 0.003697
2 2 0.001291 0.041980 0.956315 0.000172 0.000241
2 2 0.112312 0.396953 0.454889 0.000216 0.035631
1 1 0.152282 0.590132 0.245334 0.000365 0.011888
2 1 0.040445 0.459513 0.498286 0.000358 0.001398
1 2 0.062186 0.521768 0.405267 0.002104 0.008675
2 2 0.015965 0.161612 0.821604 0.000274 0.000545
2 2 0.011693 0.171743 0.811307 0.004752 0.000505
1 2 0.115752 0.575902 0.296858 0.001222 0.010265
1 2 0.105226 0.536678 0.333606 0.002681 0.021809
2 2 0.074939 0.421007 0.485457 0.001401 0.017196
2 2 0.040173 0.227107 0.708805 0.014032 0.009883
2 2 0.043680 0.365104 0.583980 0.003624 0.003611
1 2 0.161663 0.592746 0.228079 0.001513 0.015999
1 1 0.144195 0.596728 0.213090 0.000139 0.045848
1 2 0.157589 0.619192 0.201661 0.000144 0.021414
2 2 0.003182 0.257181 0.734397 0.001307 0.003934
2 2 0.066897 0.380252 0.544617 0.001477 0.006757
1 0 0.053193 0.574595 0.353463 0.000405 0.018344
1 0 0.253298 0.511147 0.124592 0.000378 0.110585
0 1 0.471789 0.361896 0.044912 0.000598 0.120804
1 0 0.253179 0.321326 0.316445 0.014892 0.094158
0 1 0.861613 0.053943 0.058453 0.001681 0.024311
0 0 0.638782 0.106979 0.087632 0.009252 0.157354
0 1 0.916264 0.033001 0.023660 0.002990 0.024084
0 1 0.812830 0.115410 0.017858 0.001132 0.052771
0 1 0.527382 0.203605 0.180391 0.010456 0.078166
1 1 0.234444 0.546430 0.193128 0.005555 0.020443
1 1 0.215893 0.485763 0.234170 0.001226 0.062948
0 1 0.431709 0.328564 0.049431 0.001841 0.188455
1 1 0.071784 0.394060 0.228928 0.004969 0.300260
2 1 0.016534 0.306290 0.559768 0.026688 0.090720
2 1 0.005276 0.256585 0.698757 0.002244 0.037138
2 1 0.023372 0.457387 0.464954 0.000249 0.054037
1 1 0.177063 0.516808 0.246842 0.007769 0.051518
2 1 0.027485 0.464508 0.482866 0.009810 0.015331
0 1 0.362780 0.114275 0.165377 0.003883 0.353685
1 1 0.206633 0.465153 0.156320 0.010431 0.161463
1 1 0.114088 0.492410 0.301112 0.004096 0.088294
2 1 0.237915 0.293090 0.367422 0.028060 0.073512
1 1 0.035128 0.490775 0.464456 0.000151 0.009489
1 1 0.107995 0.546658 0.326198 0.002403 0.016746
1 4 0.258429 0.357048 0.314751 0.038389 0.031383
1 1 0.128470 0.530075 0.237491 0.003607 0.100356
1 1 0.070942 0.547485 0.325469 0.000102 0.056002
1 1 0.119900 0.606863 0.241528 0.000624 0.031086
1 1 0.213582 0.533116 0.187618 0.002058 0.063626
0 1 0.359059 0.354035 0.244089 0.003552 0.039264
1 1 0.279835 0.541161 0.129141 0.004276 0.045586
1 1 0.381322 0.477571 0.088372 0.001199 0.051536
0 1 0.537129 0.394714 0.036041 0.000168 0.031949
2 1 0.014331 0.255502 0.664495 0.050300 0.015372
2 1 0.020704 0.414323 0.542036 0.004062 0.018875
1 1 0.321812 0.504640 0.121222 0.002238 0.050089
1 1 0.095477 0.506436 0.342827 0.007674 0.047586
1 1 0.058608 0.398105 0.248581 0.000097 0.294609
1 1 0.402268 0.474528 0.099688 0.007275 0.016241
0 1 0.431737 0.366284 0.084814 0.038597 0.078568
2 1 0.031212 0.419492 0.473291 0.018087 0.057919
1 1 0.039489 0.486394 0.380579 0.005681 0.087858
1 0 0.092640 0.427423 0.399744 0.067583 0.012610
0 0 0.699859 0.129196 0.141707 0.006547 0.022691
2 1 0.384712 0.082446 0.512504 0.012973 0.007365
1 1 0.351749 0.525461 0.108298 0.001919 0.012573
1 1 0.203922 0.556949 0.209721 0.003062 0.026345
0 1 0.356005 0.266209 0.340305 0.003426 0.034055
1 1 0.226481 0.558127 0.092152 0.000007 0.123233
2 1 0.029855 0.422025 0.515778 0.002508 0.029834
2 1 0.192120 0.380291 0.399027 0.004682 0.023880
1 1 0.075208 0.461538 0.324367 0.112198 0.026688
1 1 0.291071 0.494450 0.128871 0.002469 0.083139
0 1 0.340016 0.321285 0.051423 0.000616 0.286660
1 1 0.313287 0.523068 0.088407 0.000101 0.075137
1 1 0.073755 0.507187 0.391333 0.001778 0.025946
2 1 0.034579 0.405629 0.423039 0.000070 0.136683
1 1 0.304225 0.494923 0.060637 0.000008 0.140207
1 1 0.081366 0.508817 0.383371 0.007744 0.018702
1 1 0.070439 0.556870 0.365181 0.000466 0.007044
1 2 0.110991 0.571713 0.281883 0.002183 0.033230
2 2 0.263165 0.117994 0.545628 0.065142 0.008070
1 2 0.087695 0.554946 0.287453 0.000117 0.069790
2 2 0.004035 0.060054 0.918488 0.008989 0.008434
2 2 0.005467 0.287313 0.681122 0.003224 0.022874
2 2 0.030242 0.329085 0.629554 0.004756 0.006363
2 2 0.013841 0.252649 0.724496 0.004559 0.004456
2 2 0.003635 0.125389 0.862374 0.004884 0.003718
1 2 0.232107 0.326732 0.311352 0.111938 0.017870
1 2 0.185590 0.596032 0.209979 0.001375 0.007025
2 2 0.032717 0.236249 0.727841 0.001551 0.001642
2 2 0.028442 0.385678 0.570677 0.006196 0.009007
1 2 0.049113 0.456661 0.395396 0.002635 0.096193
3 2 0.040445 0.023317 0.183874 0.751016 0.001349
3 1 0.042443 0.012397 0.301360 0.643553 0.000247
3 2 0.036695 0.009224 0.097002 0.856171 0.000908
0 2 0.685901 0.102022 0.056623 0.149411 0.006044
2 2 0.134757 0.146103 0.576324 0.138900 0.003917
3 1 0.032815 0.007643 0.017620 0.941863 0.000059
0 2 0.683751 0.190631 0.017957 0.105983 0.001677
0 2 0.923214 0.038182 0.020691 0.012748 0.005165
0 2 0.386934 0.106558 0.150888 0.352500 0.003120
3 1 0.006532 0.006881 0.101588 0.884881 0.000119
3 2 0.032100 0.020950 0.246217 0.700355 0.000379
3 2 0.015914 0.001632 0.064003 0.918428 0.000024
2 2 0.339602 0.210443 0.351500 0.091630 0.006825
3 2 0.002323 0.004137 0.267346 0.726170 0.000024
0 2 0.609452 0.011314 0.017064 0.362063 0.000106
3 2 0.001100 0.000467 0.042564 0.955866 0.000004
3 2 0.039225 0.004141 0.167846 0.788741 0.000048
3 2 0.008174 0.000842 0.246009 0.744975 0.000001
3 2 0.074741 0.003806 0.137556 0.783882 0.000015
2 2 0.028838 0.011546 0.659165 0.300249 0.000202
2 2 0.022565 0.060289 0.844548 0.070581 0.002017
3 2 0.022744 0.004704 0.311375 0.660482 0.000695
2 2 0.277175 0.113559 0.437086 0.168491 0.003690
0 2 0.737706 0.167610 0.054824 0.021688 0.018173
3 2 0.018910 0.002261 0.025144 0.953615 0.000069
2 2 0.092852 0.138541 0.693680 0.065542 0.009386
0 2 0.397377 0.250241 0.274186 0.070618 0.007579
2 2 0.000776 0.015247 0.822429 0.160780 0.000768
2 2 0.032964 0.093040 0.611168 0.257516 0.005311
0 2 0.507056 0.291981 0.079909 0.077129 0.043926
2 2 0.006613 0.042472 0.934059 0.015749 0.001106
2 2 0.124389 0.089268 0.446918 0.337459 0.001966
0 2 0.924727 0.014189 0.019052 0.041334 0.000697
0 2 0.588799 0.320002 0.076726 0.006294 0.008180
0 0 0.796452 0.113174 0.072808 0.013454 0.004111
0 0 0.588541 0.028474 0.073389 0.306877 0.002719
0 0 0.793449 0.078521 0.004052 0.000031 0.123946
0 0 0.894853 0.090949 0.001826 0.000088 0.012283
0 0 0.464422 0.418887 0.080842 0.031919 0.003930
3 1 0.044712 0.096187 0.343431 0.490697 0.024973
3 1 0.062063 0.078986 0.216064 0.623119 0.019768
3 1 0.025411 0.011967 0.062350 0.899379 0.000892
3 1 0.074252 0.019470 0.094066 0.811401 0.000810
3 1 0.011594 0.003166 0.148870 0.836313 0.000056
3 1 0.051467 0.180965 0.280310 0.378003 0.109255
3 1 0.066263 0.071192 0.287629 0.564405 0.010511
3 2 0.052650 0.037039 0.439084 0.470027 0.001200
2 1 0.090944 0.163240 0.674965 0.062992 0.007859
2 0 0.062544 0.113457 0.799189 0.023949 0.000861
0 1 0.521706 0.283325 0.151657 0.008109 0.035204
3 1 0.196363 0.071186 0.274315 0.422893 0.035244
