4 0 0.395570 0.013420 0.005933 0.000010 0.585066
0 0 0.846116 0.003122 0.002325 0.000005 0.148434
0 0 0.976098 0.006907 0.004179 0.000006 0.012810
0 0 0.982546 0.003453 0.000930 0.000000 0.013071
0 0 0.949742 0.012446 0.004465 0.000005 0.033342
0 0 0.734350 0.019351 0.015687 0.000179 0.230432
0 0 0.812154 0.074509 0.012629 0.000006 0.100702
0 0 0.866358 0.039640 0.014815 0.000040 0.079146
2 0 0.013559 0.397713 0.493814 0.003990 0.090923
2 1 0.001415 0.274449 0.591400 0.002608 0.130128
2 1 0.029921 0.201205 0.364842 0.278718 0.125314
2 1 0.002440 0.116458 0.707738 0.111530 0.061834
3 1 0.035983 0.156495 0.283008 0.430077 0.094437
2 2 0.007231 0.156022 0.582289 0.166232 0.088227
2 2 0.004231 0.158379 0.531040 0.207672 0.098678
2 2 0.055669 0.066250 0.508378 0.365743 0.003960
2 2 0.001189 0.029568 0.878646 0.087157 0.003440
2 2 0.009968 0.032214 0.599707 0.355453 0.002658
2 2 0.001397 0.011273 0.906221 0.080812 0.000298
2 2 0.000099 0.001540 0.814969 0.183356 0.000036
3 2 0.000013 0.000270 0.282776 0.716921 0.000021
2 2 0.000744 0.006980 0.852807 0.139244 0.000225
3 3 0.001279 0.003207 0.457114 0.538331 0.000069
3 3 0.000043 0.000196 0.040100 0.959628 0.000034
3 3 0.000067 0.000141 0.021074 0.978699 0.000019
3 3 0.000002 0.000077 0.251386 0.748531 0.000005
2 3 0.000095 0.001287 0.780839 0.217731 0.000048
2 3 0.000412 0.004806 0.650684 0.343761 0.000338
3 3 0.000007 0.000021 0.032135 0.967831 0.000005
3 3 0.000233 0.001725 0.365500 0.632433 0.000110
3 3 0.000424 0.002523 0.115964 0.880428 0.000660
3 3 0.002368 0.004399 0.065359 0.926465 0.001410
3 3 0.000843 0.001135 0.026632 0.971075 0.000315
3 3 0.003020 0.003760 0.041736 0.950219 0.001265
3 3 0.000127 0.000444 0.043811 0.955528 0.000091
3 3 0.000507 0.000468 0.012465 0.986437 0.000123
3 3 0.000590 0.001780 0.070121 0.927052 0.000457
3 3 0.000039 0.000039 0.004510 0.995404 0.000007
3 3 0.000817 0.000813 0.017161 0.980982 0.000228
3 3 0.000007 0.000019 0.008414 0.991557 0.000003
3 3 0.000497 0.000546 0.015833 0.982983 0.000142
3 3 0.000108 0.000082 0.004568 0.995224 0.000018
3 3 0.000027 0.000039 0.006446 0.993482 0.000007
3 3 0.000849 0.000826 0.022356 0.975558 0.000412
3 3 0.000010 0.000014 0.004783 0.995190 0.000002
3 3 0.000779 0.000178 0.016815 0.982069 0.000159
3 3 0.000968 0.000245 0.012102 0.986519 0.000166
3 3 0.000019 0.000021 0.005172 0.994783 0.000005
3 3 0.000000 0.000001 0.001122 0.998876 0.000000
3 3 0.000007 0.000007 0.002412 0.997572 0.000001
3 3 0.000108 0.000025 0.003021 0.996836 0.000011
3 3 0.000615 0.000230 0.010438 0.988607 0.000111
3 3 0.000412 0.000368 0.010848 0.988278 0.000094
3 3 0.000008 0.000003 0.000673 0.999316 0.000000
3 3 0.000258 0.000107 0.006283 0.993313 0.000039
3 3 0.000093 0.000065 0.003972 0.995856 0.000014
3 3 0.000029 0.000019 0.002043 0.997905 0.000004
3 3 0.000005 0.000002 0.000579 0.999413 0.000000
3 3 0.000011 0.000002 0.000634 0.999353 0.000001
3 3 0.000012 0.000006 0.000982 0.998999 0.000001
3 3 0.000560 0.000113 0.007998 0.991252 0.000077
3 3 0.000138 0.000103 0.005179 0.994558 0.000023
3 3 0.000422 0.000051 0.005669 0.993814 0.000045
3 3 0.000010 0.000011 0.004905 0.995072 0.000002
3 3 0.000484 0.000203 0.020470 0.978697 0.000147
3 3 0.000027 0.000005 0.001182 0.998784 0.000002
3 3 0.000035 0.000021 0.002067 0.997873 0.000004
3 3 0.000891 0.000101 0.008804 0.990094 0.000110
3 3 0.000057 0.000037 0.002871 0.997027 0.000007
3 3 0.000002 0.000001 0.000262 0.999735 0.000000
3 3 0.000029 0.000017 0.001827 0.998123 0.000003
3 3 0.000002 0.000001 0.000264 0.999734 0.000000
3 3 0.000015 0.000001 0.000574 0.999410 0.000001
3 3 0.000005 0.000002 0.000570 0.999422 0.000000
3 3 0.000108 0.000029 0.003183 0.996668 0.000011
3 3 0.000390 0.000345 0.010446 0.988733 0.000087
3 3 0.000007 0.000003 0.000689 0.999300 0.000000
3 3 0.000037 0.000004 0.001189 0.998768 0.000002
3 3 0.000005 0.000000 0.001131 0.998863 0.000000
3 3 0.000002 0.000001 0.000332 0.999665 0.000000
3 3 0.000004 0.000001 0.000439 0.999556 0.000000
3 3 0.000023 0.000005 0.001110 0.998861 0.000002
3 3 0.000005 0.000001 0.000474 0.999520 0.000000
3 3 0.000012 0.000006 0.001027 0.998954 0.000001
3 3 0.000054 0.000035 0.002754 0.997151 0.000007
3 3 0.000003 0.000001 0.000400 0.999595 0.000000
3 3 0.000005 0.000002 0.000516 0.999478 0.000000
3 3 0.000002 0.000001 0.000342 0.999654 0.000000
3 3 0.000056 0.000036 0.002815 0.997086 0.000007
3 3 0.000506 0.000180 0.009074 0.990155 0.000085
3 3 0.000063 0.000042 0.003066 0.996821 0.000008
3 3 0.000103 0.000074 0.004260 0.995548 0.000015
3 3 0.000139 0.000087 0.005346 0.994401 0.000026
3 3 0.000105 0.000075 0.004316 0.995488 0.000016
3 3 0.000021 0.000003 0.000944 0.999030 0.000001
3 3 0.000090 0.000063 0.003896 0.995938 0.000013
3 3 0.000103 0.000073 0.004252 0.995556 0.000015
3 3 0.000014 0.000022 0.005430 0.994531 0.000003
3 3 0.000015 0.000087 0.034839 0.965047 0.000013
3 3 0.008650 0.012711 0.081852 0.891798 0.004989
3 3 0.001583 0.000337 0.022148 0.975584 0.000348
3 3 0.000421 0.000377 0.010998 0.988108 0.000096
3 3 0.000592 0.000559 0.013821 0.984879 0.000150
3 3 0.002909 0.003179 0.050531 0.941283 0.002099
3 3 0.002630 0.000533 0.024176 0.971931 0.000731
3 3 0.000029 0.000189 0.037856 0.961892 0.000034
3 3 0.010971 0.005834 0.176643 0.794888 0.011663
3 3 0.000999 0.001161 0.057117 0.939869 0.000853
3 3 0.000610 0.002986 0.074825 0.920663 0.000916
3 3 0.004570 0.009800 0.074712 0.907087 0.003832
3 3 0.000043 0.000343 0.131345 0.868229 0.000039
2 3 0.006015 0.281691 0.416125 0.072813 0.223357
4 3 0.020442 0.308831 0.103586 0.007319 0.559821
4 3 0.011628 0.396064 0.121240 0.009996 0.461072
1 3 0.050357 0.316392 0.262290 0.129795 0.241166
2 3 0.002441 0.060124 0.625834 0.285444 0.026157
2 3 0.000463 0.011795 0.868240 0.109801 0.009701
4 2 0.042968 0.226771 0.115332 0.010925 0.604004
4 2 0.075685 0.216360 0.186192 0.041341 0.480421
2 2 0.028448 0.279971 0.299629 0.176375 0.215577
3 2 0.043210 0.163911 0.310126 0.320828 0.161925
2 2 0.015162 0.139489 0.491714 0.279482 0.074153
2 2 0.007896 0.121897 0.536326 0.269616 0.064265
3 2 0.002402 0.021799 0.192285 0.774167 0.009347
2 2 0.000093 0.001719 0.824986 0.172838 0.000364
2 2 0.006047 0.042782 0.841265 0.090981 0.018925
3 2 0.002864 0.002510 0.122427 0.870092 0.002107
3 2 0.019227 0.036590 0.439039 0.467947 0.037196
2 2 0.000987 0.007840 0.895322 0.094924 0.000928
2 2 0.113254 0.198470 0.312922 0.308414 0.066941
3 2 0.043794 0.164089 0.280211 0.412975 0.098932
3 2 0.013630 0.086877 0.314950 0.539433 0.045111
3 2 0.007389 0.026826 0.239070 0.716403 0.010312
2 2 0.020134 0.075546 0.845216 0.053496 0.005608
2 2 0.000819 0.060925 0.909026 0.019613 0.009618
3 2 0.033266 0.086837 0.237278 0.600438 0.042180
2 2 0.075749 0.264442 0.308899 0.218962 0.131948
3 2 0.002696 0.009893 0.170520 0.813693 0.003198
2 2 0.057059 0.154706 0.611759 0.156382 0.020094
2 2 0.011558 0.149991 0.509241 0.234972 0.094238
2 2 0.000051 0.002233 0.959384 0.038263 0.000069
3 2 0.051236 0.114817 0.239410 0.532078 0.062459
2 2 0.026812 0.074268 0.609246 0.243450 0.046224
2 2 0.001695 0.013082 0.576936 0.406760 0.001527
2 2 0.000883 0.010091 0.509646 0.476091 0.003289
2 2 0.013116 0.056893 0.627126 0.293811 0.009055
3 2 0.006080 0.016364 0.276306 0.695591 0.005659
2 2 0.028086 0.163366 0.388689 0.326842 0.093018
3 2 0.035927 0.085847 0.244021 0.572255 0.061951
3 2 0.024676 0.142636 0.313240 0.435523 0.083924
3 2 0.009363 0.013950 0.086135 0.885011 0.005541
2 2 0.033547 0.139836 0.408583 0.292689 0.125344
2 2 0.008555 0.187589 0.535565 0.153742 0.114549
3 2 0.064734 0.132881 0.262071 0.448964 0.091350
2 2 0.005484 0.100353 0.626147 0.219525 0.048491
2 2 0.038752 0.190090 0.398027 0.175640 0.197492
2 2 0.000605 0.010018 0.766003 0.222224 0.001149
3 2 0.028233 0.093846 0.326568 0.505542 0.045812
1 2 0.075404 0.514430 0.227783 0.012420 0.169963
4 2 0.065350 0.348873 0.189162 0.000174 0.396441
4 2 0.112693 0.125405 0.268785 0.161803 0.331313
2 2 0.004768 0.043848 0.505252 0.429249 0.016883
1 2 0.053063 0.386654 0.351115 0.041890 0.167277
1 2 0.047223 0.358398 0.223106 0.071970 0.299303
2 2 0.036475 0.213987 0.313728 0.295810 0.140000
2 2 0.036343 0.231711 0.303419 0.270828 0.157699
4 2 0.036402 0.334201 0.158542 0.023752 0.447104
4 2 0.038899 0.367612 0.149435 0.012352 0.431703
1 2 0.111152 0.376543 0.247642 0.063510 0.201153
1 2 0.094904 0.455204 0.183517 0.014407 0.251967
4 2 0.070023 0.302940 0.167822 0.024248 0.434967
4 2 0.072630 0.224239 0.138492 0.019545 0.545093
4 2 0.058149 0.213900 0.107324 0.008996 0.611630
1 2 0.066746 0.295905 0.264204 0.159535 0.213611
1 2 0.117470 0.298446 0.284816 0.158744 0.140523
2 2 0.003082 0.271182 0.499772 0.017945 0.208019
4 2 0.095186 0.168243 0.186182 0.000502 0.549887
4 2 0.197722 0.194323 0.090317 0.000651 0.516987
1 2 0.096548 0.263821 0.253074 0.146062 0.240496
1 2 0.223249 0.365741 0.161114 0.008093 0.241803
4 2 0.070100 0.102072 0.057073 0.002932 0.767824
1 2 0.041646 0.391407 0.202692 0.044439 0.319816
1 2 0.057670 0.369081 0.204587 0.042222 0.326439
1 2 0.034924 0.380674 0.194092 0.043424 0.346886
4 1 0.293110 0.184114 0.120651 0.006240 0.395885
0 1 0.458778 0.220577 0.166457 0.015558 0.138630
0 1 0.414496 0.166606 0.119313 0.001279 0.298306
4 1 0.241974 0.247013 0.132918 0.007251 0.370844
4 1 0.065494 0.277197 0.173223 0.033738 0.450348
4 1 0.082806 0.165577 0.104187 0.010657 0.636774
0 1 0.832984 0.057319 0.030895 0.000288 0.078514
0 0 0.752995 0.027193 0.020139 0.000242 0.199431
1 0 0.282276 0.427394 0.149150 0.004388 0.136792
2 0 0.010165 0.133462 0.847020 0.003166 0.006186
2 0 0.121690 0.327548 0.502776 0.019300 0.028686
2 0 0.031017 0.360248 0.570778 0.000895 0.037061
2 0 0.019004 0.101863 0.860000 0.015553 0.003579
2 0 0.045183 0.224752 0.670588 0.014081 0.045396
2 0 0.072482 0.134441 0.462015 0.000070 0.330991
2 0 0.027252 0.038617 0.683108 0.003324 0.247700
1 0 0.346874 0.410611 0.182427 0.011628 0.048461
0 0 0.336270 0.234863 0.219533 0.025395 0.183938
0 0 0.886800 0.015571 0.025078 0.000017 0.072533
2 0 0.242501 0.192235 0.303406 0.004846 0.257013
4 0 0.284978 0.187659 0.098828 0.000457 0.428078
0 0 0.972875 0.003112 0.003263 0.000007 0.020744
0 0 0.981692 0.012467 0.001900 0.000000 0.003941
0 0 0.997204 0.000358 0.000058 0.000000 0.002381
0 0 0.960873 0.013482 0.004034 0.000003 0.021608
0 0 0.837102 0.070153 0.056940 0.001091 0.034713
0 0 0.673062 0.169388 0.080296 0.001418 0.075836
0 0 0.802741 0.134767 0.049762 0.000017 0.012713
0 0 0.384540 0.308639 0.235233 0.000142 0.071446
0 0 0.832951 0.069692 0.067716 0.000003 0.029639
0 0 0.704746 0.096594 0.029693 0.000094 0.168873
0 0 0.363541 0.302945 0.233951 0.004827 0.094737
2 0 0.294292 0.253415 0.425866 0.000565 0.025861
0 0 0.522062 0.308681 0.120138 0.003261 0.045859
0 0 0.804008 0.065180 0.033330 0.000336 0.097145
0 0 0.954872 0.017865 0.005281 0.000005 0.021977
0 0 0.665616 0.078451 0.132779 0.000539 0.122615
0 0 0.795307 0.095038 0.056249 0.000429 0.052978
0 0 0.843120 0.057029 0.028223 0.000219 0.071409
0 0 0.787074 0.075191 0.038554 0.000446 0.098735
0 0 0.680392 0.007172 0.007115 0.000061 0.305261
0 0 0.964162 0.009961 0.003108 0.000002 0.022768
0 0 0.946360 0.009264 0.003679 0.000004 0.040693
0 0 0.968089 0.004515 0.001568 0.000001 0.025828
0 0 0.994529 0.003240 0.001142 0.000000 0.001089
0 0 0.906126 0.000448 0.000645 0.000001 0.092780
0 0 0.862011 0.004508 0.003085 0.000007 0.130389
0 0 0.924772 0.007891 0.003811 0.000006 0.063521
0 0 0.846518 0.112601 0.029865 0.000035 0.010983
2 0 0.013386 0.169155 0.748012 0.013953 0.055494
2 0 0.001308 0.010036 0.730085 0.256042 0.002530
4 0 0.040623 0.078040 0.033296 0.000862 0.847179
4 0 0.029709 0.236550 0.149501 0.000379 0.583861
4 0 0.021477 0.242415 0.116484 0.000106 0.619518
4 0 0.027181 0.142276 0.050224 0.001649 0.778669
4 1 0.024722 0.081330 0.039461 0.000420 0.854066
4 1 0.079226 0.167034 0.102684 0.010160 0.640895
4 1 0.138037 0.083439 0.069731 0.005888 0.702905
4 1 0.065236 0.090282 0.048602 0.002094 0.793786
4 1 0.008994 0.042928 0.041813 0.000119 0.906147
4 1 0.004716 0.243160 0.168043 0.001860 0.582220
4 1 0.002393 0.091342 0.129008 0.000194 0.777064
4 1 0.060119 0.188366 0.082294 0.004016 0.665204
1 1 0.045003 0.409923 0.210445 0.008060 0.326567
4 1 0.004928 0.165969 0.042690 0.000383 0.786031
4 1 0.026585 0.051944 0.018285 0.000248 0.902938
0 1 0.551273 0.046407 0.021282 0.000107 0.380930
4 1 0.140804 0.254864 0.074354 0.000939 0.529039
1 1 0.179122 0.491963 0.164551 0.006137 0.158228
2 1 0.004249 0.066348 0.891186 0.031114 0.007104
2 1 0.007885 0.221579 0.527108 0.098513 0.144915
4 1 0.031720 0.243123 0.195820 0.019923 0.509414
4 1 0.026725 0.242696 0.201650 0.016619 0.512310
2 1 0.007560 0.110263 0.662950 0.027043 0.192184
3 1 0.006215 0.014151 0.410535 0.548968 0.020131
2 1 0.000531 0.017963 0.671713 0.301854 0.007939
2 1 0.000122 0.003375 0.909854 0.083251 0.003398
2 2 0.005043 0.011017 0.629970 0.333641 0.020329
4 2 0.258619 0.108067 0.151685 0.012232 0.469397
2 2 0.080707 0.082059 0.817281 0.003642 0.016312
2 2 0.001286 0.020451 0.731074 0.228438 0.018751
2 2 0.000070 0.002204 0.867151 0.130197 0.000377
2 2 0.002863 0.009313 0.873351 0.109214 0.005260
2 2 0.002488 0.016980 0.821305 0.126639 0.032588
2 2 0.000790 0.024800 0.866322 0.062291 0.045797
2 2 0.000266 0.008958 0.841669 0.148091 0.001017
3 2 0.000366 0.004681 0.313845 0.680085 0.001024
3 2 0.000063 0.000793 0.327567 0.671516 0.000061
2 2 0.000047 0.003536 0.941450 0.054705 0.000261
3 2 0.002431 0.008464 0.170602 0.815626 0.002877
2 2 0.001080 0.004486 0.845659 0.148539 0.000236
2 2 0.005347 0.052463 0.861684 0.073538 0.006968
2 2 0.120066 0.259501 0.594011 0.000744 0.025678
2 2 0.013884 0.096064 0.763818 0.111244 0.014990
3 2 0.000244 0.002194 0.251935 0.745266 0.000362
2 2 0.004856 0.089217 0.602689 0.260860 0.042378
2 2 0.003851 0.087313 0.866038 0.023699 0.019099
2 2 0.010782 0.169696 0.733699 0.050133 0.035689
2 2 0.048740 0.090021 0.736863 0.093623 0.030753
2 2 0.093359 0.100119 0.615322 0.143634 0.047566
3 2 0.008813 0.038862 0.334632 0.598996 0.018696
2 2 0.006355 0.026611 0.495635 0.467193 0.004205
3 2 0.009187 0.076433 0.333277 0.541023 0.040080
2 2 0.002221 0.073689 0.675662 0.214390 0.034038
2 2 0.000588 0.043977 0.821502 0.116066 0.017867
2 2 0.000091 0.001170 0.567428 0.430831 0.000480
3 2 0.002604 0.014869 0.286376 0.685777 0.010374
2 2 0.031367 0.231920 0.363183 0.222216 0.151314
3 2 0.001977 0.003256 0.051244 0.942504 0.001019
2 2 0.000139 0.001980 0.509766 0.487961 0.000154
2 2 0.000015 0.001056 0.880986 0.117813 0.000130
3 2 0.002738 0.006070 0.128370 0.861625 0.001197
3 2 0.000206 0.001373 0.130952 0.867173 0.000296
3 2 0.003703 0.012311 0.170284 0.809515 0.004187
2 2 0.005370 0.010238 0.495027 0.488886 0.000478
3 2 0.000034 0.000219 0.057345 0.942366 0.000036
3 2 0.005148 0.010175 0.089615 0.891291 0.003771
3 2 0.000442 0.000778 0.029212 0.969373 0.000195
3 3 0.003079 0.008823 0.108028 0.876979 0.003091
3 3 0.004092 0.011358 0.265513 0.716711 0.002326
3 3 0.000226 0.000848 0.062545 0.936193 0.000188
3 3 0.002036 0.004391 0.064872 0.927269 0.001433
3 3 0.000633 0.000685 0.024561 0.973899 0.000222
3 3 0.001647 0.001826 0.055867 0.939827 0.000833
3 3 0.002396 0.003235 0.038484 0.954806 0.001079
3 3 0.000208 0.000287 0.012830 0.986607 0.000068
3 3 0.037777 0.049581 0.191119 0.707933 0.013589
2 3 0.062179 0.108032 0.662753 0.136179 0.030857
2 3 0.186638 0.234319 0.380844 0.099246 0.098954
2 3 0.173668 0.254761 0.335406 0.073827 0.162339
3 3 0.000976 0.005956 0.217615 0.773814 0.001639
3 3 0.003159 0.011038 0.091742 0.889639 0.004422
3 3 0.000175 0.002277 0.257867 0.739187 0.000493
3 3 0.024547 0.024244 0.180918 0.735017 0.035274
3 3 0.009523 0.012419 0.087999 0.883975 0.006084
3 3 0.004464 0.002392 0.264292 0.724918 0.003935
3 3 0.000677 0.005261 0.276197 0.715855 0.002010
3 3 0.000587 0.002448 0.108493 0.887849 0.000624
3 3 0.003205 0.004716 0.047881 0.942547 0.001651
3 3 0.000643 0.000707 0.017752 0.980708 0.000190
3 3 0.000698 0.001082 0.029890 0.968039 0.000291
3 3 0.000660 0.000635 0.014878 0.983654 0.000173
3 3 0.000278 0.002419 0.207860 0.788898 0.000545
3 3 0.000340 0.000287 0.012082 0.987208 0.000082
3 3 0.000429 0.000385 0.011141 0.987946 0.000099
3 3 0.000621 0.000592 0.014287 0.984340 0.000160
3 3 0.000232 0.000482 0.017887 0.981274 0.000125
3 3 0.003238 0.004632 0.047243 0.943272 0.001615
3 3 0.003717 0.008100 0.067560 0.917520 0.003102
3 3 0.000264 0.000219 0.008032 0.991433 0.000052
3 3 0.000019 0.000023 0.004055 0.995899 0.000004
3 3 0.001051 0.001696 0.027515 0.969206 0.000533
3 3 0.000441 0.000102 0.007214 0.992183 0.000061
3 3 0.000003 0.000002 0.000962 0.999033 0.000000
3 3 0.000403 0.000359 0.010684 0.988463 0.000091
3 3 0.000007 0.000005 0.001338 0.998649 0.000001
3 3 0.000585 0.000552 0.013715 0.985002 0.000147
3 3 0.000053 0.000292 0.056194 0.943409 0.000051
3 3 0.002044 0.003202 0.048478 0.945267 0.001009
3 3 0.001261 0.001347 0.022958 0.974034 0.000401
3 3 0.001351 0.005019 0.131362 0.860813 0.001456
3 3 0.000792 0.002513 0.108620 0.887589 0.000486
3 3 0.000087 0.000052 0.004003 0.995845 0.000012
3 3 0.000915 0.001750 0.045153 0.951695 0.000487
3 3 0.000114 0.000211 0.038554 0.961054 0.000067
3 3 0.002050 0.003411 0.040690 0.952688 0.001161
3 3 0.000510 0.000470 0.012506 0.986391 0.000123
3 3 0.002780 0.003375 0.038877 0.953846 0.001123
3 3 0.001689 0.001891 0.027910 0.967923 0.000586
3 3 0.006721 0.015655 0.100803 0.869667 0.007154
3 3 0.003930 0.009439 0.091225 0.891925 0.003480
3 3 0.000444 0.000660 0.023048 0.975682 0.000166
3 3 0.028753 0.068322 0.231790 0.638338 0.032797
4 3 0.326662 0.228933 0.087241 0.001411 0.355752
4 3 0.195113 0.152225 0.228580 0.139591 0.284491
3 3 0.006047 0.018433 0.109044 0.858511 0.007964
3 3 0.004427 0.010841 0.085813 0.894059 0.004859
3 3 0.001879 0.002140 0.029959 0.965349 0.000673
3 3 0.000235 0.001346 0.122533 0.875575 0.000311
3 3 0.002146 0.011133 0.095643 0.886468 0.004609
3 3 0.000718 0.001966 0.055153 0.941610 0.000553
3 3 0.000148 0.000218 0.013998 0.985589 0.000047
3 3 0.001111 0.001471 0.200902 0.795247 0.001270
3 3 0.001890 0.004448 0.137862 0.853952 0.001848
3 3 0.000025 0.000480 0.215035 0.784385 0.000074
2 3 0.000164 0.004254 0.508034 0.485576 0.001971
3 3 0.000212 0.002697 0.210897 0.785544 0.000650
3 3 0.045668 0.168610 0.280911 0.402675 0.102136
2 3 0.045740 0.168487 0.692673 0.074899 0.018201
2 3 0.136647 0.276020 0.552478 0.020462 0.014393
3 3 0.013623 0.045563 0.173074 0.745526 0.022214
3 3 0.000192 0.001358 0.104510 0.893626 0.000314
2 3 0.005845 0.036055 0.675170 0.278291 0.004638
2 3 0.000310 0.004650 0.882448 0.112434 0.000157
3 3 0.000175 0.002080 0.289270 0.708113 0.000362
2 3 0.000288 0.014789 0.978605 0.005622 0.000697
0 3 0.657491 0.231526 0.075980 0.000929 0.034075
1 3 0.235544 0.354147 0.271210 0.063319 0.075780
2 3 0.144475 0.363044 0.484373 0.001182 0.006926
2 3 0.268637 0.305464 0.375991 0.030805 0.019103
2 3 0.035637 0.166267 0.611066 0.156305 0.030725
2 3 0.014460 0.041154 0.759224 0.183363 0.001800
2 3 0.005588 0.041508 0.885292 0.065270 0.002342
3 3 0.001212 0.008853 0.386916 0.601391 0.001629
2 3 0.003141 0.023302 0.562937 0.406284 0.004336
2 3 0.002070 0.015310 0.730618 0.250856 0.001145
2 3 0.000964 0.023211 0.755426 0.213155 0.007245
2 3 0.043813 0.333677 0.347907 0.076363 0.198240
4 3 0.209706 0.185654 0.238093 0.029345 0.337201
2 3 0.080000 0.296416 0.386895 0.113864 0.122826
2 3 0.122227 0.357245 0.394280 0.054523 0.071724
2 3 0.000038 0.001436 0.760122 0.238301 0.000103
3 3 0.000431 0.004354 0.226644 0.767426 0.001145
3 3 0.002900 0.008284 0.384760 0.603519 0.000537
3 3 0.000037 0.001037 0.390660 0.608094 0.000172
2 3 0.000071 0.003913 0.775906 0.219304 0.000806
3 3 0.000625 0.001893 0.093730 0.903184 0.000568
3 3 0.000242 0.005474 0.479423 0.513537 0.001325
3 3 0.002328 0.017050 0.285416 0.689303 0.005903
3 3 0.003878 0.002082 0.135384 0.857899 0.000757
3 2 0.000082 0.000403 0.167200 0.832132 0.000182
2 2 0.003226 0.060037 0.499332 0.410079 0.027327
3 2 0.000147 0.003522 0.368918 0.626589 0.000824
4 2 0.034587 0.199561 0.263438 0.006837 0.495576
2 2 0.136390 0.339694 0.477180 0.017917 0.028820
4 2 0.262186 0.239441 0.162885 0.003852 0.331636
4 2 0.165650 0.276002 0.141328 0.009065 0.407955
3 2 0.051794 0.091478 0.224923 0.577690 0.054114
3 2 0.015484 0.069063 0.312104 0.570872 0.032477
2 2 0.006433 0.054522 0.543027 0.374445 0.021574
3 2 0.075318 0.179129 0.265782 0.372985 0.106787
2 2 0.049766 0.141296 0.678429 0.117070 0.013439
2 2 0.015653 0.070817 0.847121 0.062834 0.003575
2 2 0.000068 0.001579 0.553436 0.444762 0.000153
2 2 0.001906 0.080022 0.870670 0.023661 0.023741
2 2 0.005493 0.164007 0.722803 0.003955 0.103741
1 2 0.139985 0.310013 0.284784 0.134337 0.130881
2 2 0.212386 0.147049 0.507125 0.024365 0.109075
0 0 0.967897 0.022224 0.003856 0.000001 0.006022
0 0 0.985017 0.004292 0.004700 0.000011 0.005981
0 0 0.987361 0.006347 0.001129 0.000000 0.005163
4 0 0.021624 0.087404 0.027553 0.000487 0.862931
4 1 0.018585 0.388879 0.145418 0.015473 0.431645
4 1 0.051351 0.306467 0.228897 0.071865 0.341420
0 0 0.764476 0.050107 0.031798 0.000437 0.153181
0 0 0.832011 0.044824 0.023524 0.000181 0.099461
4 0 0.042764 0.264625 0.141888 0.017886 0.532837
4 1 0.059198 0.063655 0.072018 0.001137 0.803991
4 1 0.023611 0.073268 0.024149 0.000393 0.878579
4 1 0.017755 0.264620 0.080076 0.003921 0.633628
4 1 0.014209 0.327913 0.180102 0.010034 0.467742
4 1 0.062878 0.208679 0.116823 0.012533 0.599087
4 4 0.092552 0.032732 0.021470 0.000543 0.852702
4 4 0.118020 0.055765 0.046229 0.002540 0.777446
4 4 0.100117 0.006777 0.005023 0.000045 0.888038
4 4 0.144131 0.000459 0.000486 0.000001 0.854923
0 4 0.781523 0.018719 0.004906 0.000002 0.194849
4 4 0.142069 0.049568 0.039553 0.001960 0.766849
4 4 0.200048 0.163150 0.159406 0.035726 0.441671
4 4 0.087467 0.187176 0.123807 0.015975 0.585576
4 4 0.153467 0.084287 0.071410 0.006454 0.684381
4 4 0.453636 0.006014 0.011944 0.000497 0.527910
4 4 0.178294 0.029027 0.027024 0.001147 0.764508
4 4 0.022324 0.260304 0.088068 0.005092 0.624211
4 4 0.086729 0.010837 0.005086 0.000020 0.897328
4 4 0.362383 0.020900 0.030551 0.002439 0.583728
4 4 0.050438 0.064202 0.030528 0.000796 0.854035
4 4 0.054998 0.021686 0.009316 0.000068 0.913933
4 4 0.057027 0.019587 0.010365 0.000122 0.912899
4 4 0.069105 0.017158 0.010039 0.000125 0.903573
4 4 0.167523 0.012645 0.006223 0.000022 0.813587
4 4 0.021338 0.020457 0.006778 0.000040 0.951388
4 4 0.302775 0.091526 0.037323 0.000159 0.568217
4 4 0.195501 0.012694 0.012913 0.000328 0.778565
4 4 0.137231 0.002951 0.002704 0.000018 0.857096
4 4 0.116016 0.016083 0.012233 0.000224 0.855443
4 4 0.042459 0.166244 0.073711 0.004102 0.713484
4 4 0.042037 0.018967 0.008686 0.000079 0.930231
4 4 0.021912 0.010874 0.003781 0.000015 0.963418
4 4 0.058901 0.011514 0.007683 0.000078 0.921824
4 4 0.019355 0.180823 0.112634 0.002990 0.684198
4 4 0.038056 0.165163 0.074490 0.002873 0.719418
1 4 0.037318 0.376783 0.200394 0.048442 0.337062
4 4 0.013425 0.316130 0.231273 0.012063 0.427108
4 4 0.043653 0.138975 0.061826 0.002896 0.752651
2 4 0.103643 0.216449 0.265673 0.177324 0.236911
4 4 0.006512 0.385284 0.077298 0.003128 0.527777
4 4 0.092703 0.047130 0.030555 0.001026 0.828587
4 4 0.013253 0.003744 0.008943 0.000005 0.974055
4 4 0.054078 0.020013 0.010311 0.000118 0.915479
4 4 0.225470 0.006168 0.007081 0.000127 0.761154
4 4 0.027469 0.085987 0.030371 0.000633 0.855540
4 4 0.035951 0.043619 0.017830 0.000265 0.902335
4 4 0.002658 0.058066 0.066714 0.000076 0.872486
4 4 0.003603 0.011974 0.021019 0.000008 0.963396
4 4 0.009687 0.139953 0.381061 0.007780 0.461519
4 4 0.057582 0.010607 0.006892 0.000049 0.924870
4 4 0.085561 0.272220 0.207923 0.062661 0.371635
4 4 0.105878 0.014181 0.010364 0.000161 0.869416
4 4 0.063034 0.017853 0.009966 0.000119 0.909028
4 4 0.037268 0.201103 0.084983 0.005330 0.671316
4 4 0.108893 0.283055 0.162852 0.002184 0.443016
4 4 0.113924 0.180974 0.132772 0.002216 0.570114
2 4 0.000915 0.039936 0.736480 0.001468 0.221200
4 4 0.012280 0.135439 0.343367 0.014278 0.494636
4 4 0.030670 0.178633 0.067711 0.003125 0.719860
3 4 0.006118 0.064391 0.418661 0.481104 0.029726
2 4 0.008245 0.205322 0.517570 0.104360 0.164503
4 4 0.062266 0.214035 0.236183 0.075235 0.412282
2 4 0.003322 0.140440 0.685912 0.092367 0.077959
3 4 0.032786 0.174766 0.325540 0.347729 0.119180
2 4 0.024086 0.257349 0.337394 0.059793 0.321379
2 4 0.002652 0.117244 0.758368 0.063039 0.058697
2 2 0.005386 0.189159 0.631717 0.060160 0.113579
3 2 0.019030 0.128080 0.284362 0.490870 0.077658
3 2 0.007367 0.018441 0.258768 0.704441 0.010984
2 2 0.015974 0.027234 0.586341 0.305574 0.064877
2 2 0.001294 0.017350 0.868722 0.103503 0.009132
3 2 0.012611 0.047440 0.395314 0.506875 0.037760
2 2 0.014952 0.045134 0.837175 0.024169 0.078571
2 2 0.000218 0.002560 0.746277 0.249205 0.001740
2 2 0.001691 0.015590 0.956743 0.001267 0.024709
2 2 0.004981 0.009864 0.961171 0.017088 0.006897
2 2 0.002175 0.040392 0.843455 0.069530 0.044448
3 2 0.000907 0.010123 0.487380 0.497902 0.003688
2 2 0.001278 0.012970 0.961528 0.021666 0.002558
3 2 0.000122 0.001067 0.234756 0.763765 0.000289
2 2 0.012300 0.095320 0.646580 0.150872 0.094928
2 2 0.006506 0.023506 0.580935 0.351452 0.037601
3 3 0.000581 0.004687 0.426513 0.565435 0.002785
2 3 0.004424 0.018965 0.731767 0.238065 0.006779
2 3 0.022946 0.102963 0.793275 0.072843 0.007974
1 3 0.043796 0.405815 0.250629 0.038926 0.260833
2 3 0.004437 0.215052 0.667475 0.016537 0.096498
2 3 0.008045 0.216891 0.526330 0.093517 0.155217
2 3 0.000358 0.037719 0.844817 0.098836 0.018269
2 3 0.000019 0.000777 0.971900 0.027270 0.000034
2 3 0.003166 0.020436 0.691779 0.274544 0.010076
2 3 0.001003 0.009545 0.847306 0.134446 0.007701
2 3 0.000586 0.010987 0.900820 0.070196 0.017410
2 3 0.000013 0.002961 0.925364 0.070587 0.001075
2 3 0.006626 0.051020 0.641970 0.207234 0.093150
3 3 0.001053 0.010077 0.260867 0.724813 0.003189
2 3 0.005336 0.008160 0.682744 0.301017 0.002742
3 3 0.000189 0.000999 0.069058 0.929521 0.000233
3 3 0.000191 0.002202 0.359707 0.637262 0.000638
2 3 0.000104 0.005888 0.505250 0.487178 0.001580
2 3 0.000264 0.008167 0.556371 0.431704 0.003493
3 3 0.004048 0.002035 0.162775 0.827536 0.003605
3 3 0.004537 0.012803 0.308735 0.663515 0.010410
3 3 0.029768 0.082301 0.279753 0.517019 0.091159
3 3 0.000561 0.003715 0.120706 0.873583 0.001435
3 3 0.001295 0.007058 0.100060 0.889036 0.002551
3 3 0.017728 0.063731 0.225273 0.649962 0.043306
3 3 0.000771 0.000760 0.016511 0.981747 0.000211
3 3 0.000175 0.000188 0.007600 0.991992 0.000045
3 3 0.005909 0.002852 0.053552 0.934781 0.002906
3 3 0.000008 0.000050 0.024893 0.975043 0.000007
3 3 0.000039 0.000017 0.002559 0.997381 0.000004
3 3 0.000401 0.000909 0.044260 0.954135 0.000294
3 3 0.000037 0.000206 0.037750 0.961970 0.000037
3 3 0.000036 0.000035 0.015329 0.984588 0.000013
3 3 0.001476 0.002968 0.038600 0.955948 0.001008
3 3 0.001608 0.001086 0.022921 0.973931 0.000454
3 3 0.004626 0.014660 0.099375 0.874828 0.006511
3 3 0.000199 0.000161 0.006815 0.992788 0.000037
3 3 0.000135 0.000247 0.009507 0.990047 0.000063
3 3 0.000148 0.000117 0.006364 0.993337 0.000035
3 3 0.000766 0.000445 0.013796 0.984823 0.000171
3 3 0.001944 0.000973 0.023337 0.973234 0.000511
3 3 0.000244 0.000200 0.007619 0.991889 0.000047
3 3 0.000075 0.000249 0.019473 0.980148 0.000055
3 3 0.000500 0.000684 0.024776 0.973775 0.000265
3 3 0.000118 0.000111 0.008355 0.991390 0.000026
3 3 0.000034 0.000035 0.004314 0.995611 0.000006
3 3 0.000015 0.000016 0.003210 0.996755 0.000003
3 3 0.000096 0.000068 0.004064 0.995758 0.000014
3 3 0.000168 0.000130 0.005930 0.993743 0.000029
3 3 0.000335 0.000290 0.009440 0.989863 0.000072
3 3 0.002500 0.008403 0.072752 0.913013 0.003333
3 3 0.000027 0.000016 0.001749 0.998205 0.000003
3 3 0.000199 0.000064 0.004924 0.994787 0.000026
3 3 0.000020 0.000011 0.001392 0.998575 0.000002
3 3 0.001313 0.001411 0.023581 0.973274 0.000422
3 3 0.000782 0.000774 0.016675 0.981554 0.000215
3 3 0.000075 0.000051 0.003431 0.996433 0.000010
3 3 0.000010 0.000005 0.000893 0.999092 0.000001
3 3 0.000267 0.000057 0.005145 0.994499 0.000032
3 3 0.000287 0.000242 0.008499 0.990914 0.000058
3 3 0.000014 0.000007 0.001090 0.998889 0.000001
3 3 0.000031 0.000018 0.001880 0.998068 0.000003
3 3 0.000137 0.000036 0.003898 0.995912 0.000017
3 3 0.000539 0.000994 0.020779 0.977391 0.000297
3 3 0.000404 0.000371 0.011246 0.987878 0.000101
3 3 0.000110 0.000080 0.004455 0.995338 0.000017
3 3 0.004304 0.003668 0.045189 0.945154 0.001686
3 3 0.000157 0.000120 0.005667 0.994029 0.000027
3 3 0.000002 0.000002 0.000977 0.999019 0.000000
3 3 0.000022 0.000012 0.001490 0.998474 0.000002
3 3 0.000159 0.000054 0.004364 0.995402 0.000020
3 3 0.000038 0.000019 0.002031 0.997909 0.000004
3 3 0.000057 0.000048 0.004129 0.995756 0.000009
3 3 0.000513 0.000474 0.012567 0.986321 0.000124
3 3 0.000362 0.000317 0.009940 0.989302 0.000079
3 3 0.000066 0.000044 0.003167 0.996714 0.000009
3 3 0.000089 0.000062 0.003864 0.995972 0.000013
3 3 0.000561 0.000526 0.013342 0.985431 0.000140
3 3 0.000085 0.000059 0.003733 0.996112 0.000012
3 3 0.000021 0.000012 0.001459 0.998506 0.000002
3 3 0.000069 0.000044 0.003216 0.996661 0.000009
3 3 0.000032 0.000010 0.001566 0.998389 0.000003
3 3 0.000001 0.000000 0.000174 0.999825 0.000000
3 3 0.000006 0.000003 0.000609 0.999383 0.000000
3 3 0.000027 0.000004 0.001096 0.998872 0.000002
3 3 0.000051 0.000033 0.002660 0.997249 0.000006
3 3 0.000067 0.000045 0.003195 0.996684 0.000009
3 3 0.000207 0.000165 0.006819 0.992771 0.000038
3 3 0.000026 0.000015 0.001700 0.998256 0.000003
3 3 0.000080 0.000055 0.003597 0.996256 0.000011
3 3 0.001078 0.000238 0.012360 0.986145 0.000180
3 3 0.000930 0.000213 0.011436 0.987268 0.000152
3 3 0.000063 0.000042 0.003063 0.996824 0.000008
3 3 0.000096 0.000055 0.003782 0.996054 0.000013
3 3 0.000027 0.000005 0.001203 0.998763 0.000002
3 3 0.000448 0.000405 0.011472 0.987570 0.000104
3 3 0.000207 0.000166 0.006829 0.992760 0.000038
3 3 0.001218 0.000471 0.016061 0.981991 0.000259
3 3 0.000354 0.000150 0.007710 0.991728 0.000058
3 3 0.000175 0.000136 0.006093 0.993565 0.000031
3 3 0.000038 0.000022 0.002128 0.997808 0.000004
3 3 0.000067 0.000044 0.003176 0.996705 0.000009
3 3 0.000772 0.000143 0.009489 0.989485 0.000111
3 3 0.000015 0.000008 0.001145 0.998832 0.000001
3 3 0.008959 0.013246 0.083727 0.888842 0.005227
0 3 0.445109 0.188813 0.237247 0.045278 0.083554
0 3 0.457107 0.114158 0.292362 0.106820 0.029553
1 3 0.126946 0.359343 0.337314 0.066138 0.110259
2 3 0.025711 0.189902 0.653445 0.084044 0.046898
0 3 0.495956 0.286216 0.173516 0.009674 0.034639
3 3 0.051548 0.182795 0.300680 0.354814 0.110163
1 3 0.018602 0.379343 0.197629 0.037819 0.366607
3 3 0.050502 0.210174 0.290024 0.314169 0.135131
1 3 0.028176 0.305320 0.270642 0.104753 0.291110
4 2 0.039202 0.262441 0.160222 0.023400 0.514735
4 2 0.049208 0.343983 0.207053 0.055294 0.344461
2 2 0.007177 0.056299 0.715378 0.131706 0.089441
4 2 0.029308 0.119804 0.048710 0.001621 0.800557
4 2 0.118471 0.108574 0.117848 0.016935 0.638171
4 2 0.087911 0.183283 0.135010 0.019615 0.574182
4 2 0.006305 0.235989 0.242266 0.003466 0.511976
4 2 0.016297 0.204426 0.057539 0.001883 0.719855
0 2 0.604051 0.122992 0.084836 0.003500 0.184621
4 2 0.139289 0.180368 0.172878 0.043964 0.463501
2 2 0.040519 0.123815 0.448581 0.088358 0.298727
1 2 0.054989 0.341745 0.237519 0.093769 0.271978
4 2 0.104344 0.142995 0.105396 0.012022 0.635243
4 2 0.006822 0.037827 0.253193 0.000331 0.701827
4 2 0.061065 0.252284 0.145493 0.021006 0.520152
4 2 0.042499 0.128971 0.102260 0.003645 0.722625
4 2 0.122896 0.028606 0.021817 0.000640 0.826041
4 2 0.052044 0.070247 0.033861 0.000975 0.842873
4 2 0.015681 0.046564 0.012849 0.000109 0.924797
4 2 0.118213 0.128033 0.095746 0.010294 0.647713
4 2 0.063734 0.250932 0.214921 0.059149 0.411265
2 2 0.020749 0.134782 0.508743 0.160196 0.175529
4 2 0.016631 0.257195 0.082667 0.004138 0.639370
2 2 0.048763 0.237791 0.296286 0.212530 0.204630
4 2 0.047958 0.331074 0.204272 0.051274 0.365422
2 2 0.061411 0.184648 0.322409 0.137041 0.294491
2 2 0.015844 0.134761 0.477820 0.080294 0.291281
2 2 0.006389 0.083839 0.510100 0.359716 0.039957
3 2 0.002611 0.009903 0.256795 0.725990 0.004701
2 2 0.001019 0.003777 0.884294 0.108409 0.002500
2 2 0.000157 0.004416 0.910297 0.081965 0.003164
2 2 0.024619 0.090672 0.639905 0.031557 0.213247
2 2 0.013652 0.078248 0.499985 0.376852 0.031263
0 2 0.446132 0.252233 0.200631 0.001939 0.099066
2 2 0.034649 0.304359 0.562013 0.002841 0.096139
4 2 0.041091 0.327014 0.165315 0.027153 0.439427
1 2 0.037613 0.330689 0.259125 0.107959 0.264615
2 2 0.004726 0.038879 0.568060 0.351168 0.037167
2 2 0.000046 0.002125 0.599018 0.398198 0.000613
3 2 0.000810 0.002501 0.455799 0.538556 0.002334
2 2 0.003784 0.101464 0.644507 0.055927 0.194318
2 2 0.025464 0.286012 0.358713 0.001665 0.328146
0 2 0.535015 0.270779 0.101776 0.001874 0.090556
2 2 0.090306 0.239601 0.266264 0.248506 0.155324
1 2 0.064427 0.395514 0.229122 0.056364 0.254573
1 2 0.049099 0.354236 0.227460 0.077220 0.291986
1 2 0.046098 0.360656 0.220779 0.069064 0.303403
2 2 0.002128 0.033471 0.596869 0.355534 0.011998
2 2 0.004515 0.047858 0.824571 0.000471 0.122585
2 2 0.000543 0.004063 0.834105 0.158599 0.002690
2 2 0.015320 0.089701 0.701828 0.070563 0.122588
2 2 0.022552 0.096151 0.826089 0.003249 0.051960
3 2 0.083648 0.128069 0.271014 0.452632 0.064637
1 2 0.031441 0.383741 0.233363 0.040097 0.311358
1 2 0.038673 0.327899 0.260929 0.112101 0.260398
2 2 0.008482 0.080545 0.448696 0.424049 0.038228
2 2 0.003575 0.072727 0.621906 0.269091 0.032701
3 2 0.005713 0.045442 0.355606 0.573774 0.019465
2 2 0.000231 0.028450 0.935532 0.012683 0.023103
3 2 0.105655 0.132470 0.280231 0.300808 0.180836
2 2 0.005333 0.029883 0.607832 0.327587 0.029366
2 2 0.000160 0.023127 0.895680 0.072902 0.008131
1 2 0.183283 0.434878 0.236694 0.000001 0.145144
0 2 0.343231 0.260796 0.263202 0.000112 0.132659
2 2 0.103948 0.241079 0.266937 0.223801 0.164236
2 2 0.038212 0.220486 0.596818 0.086090 0.058394
1 2 0.014546 0.351321 0.309898 0.030178 0.294056
2 2 0.000037 0.014706 0.948006 0.032340 0.004912
2 2 0.007425 0.069078 0.597543 0.303674 0.022281
2 2 0.000421 0.016481 0.970882 0.006412 0.005804
2 2 0.005244 0.026814 0.731465 0.230885 0.005592
2 2 0.000348 0.007296 0.742738 0.247469 0.002149
2 2 0.000266 0.016684 0.784614 0.190997 0.007438
2 2 0.000177 0.003311 0.901829 0.092882 0.001802
3 2 0.000810 0.011654 0.277695 0.705902 0.003939
3 2 0.000064 0.002683 0.465435 0.531157 0.000662
2 2 0.000646 0.009672 0.610991 0.372712 0.005979
3 2 0.000311 0.003959 0.374145 0.620124 0.001460
2 2 0.001011 0.005593 0.763045 0.224859 0.005492
2 2 0.000053 0.002576 0.659486 0.337256 0.000629
2 2 0.000895 0.014755 0.514460 0.465442 0.004447
3 2 0.000034 0.001257 0.375986 0.622455 0.000267
3 2 0.000062 0.000793 0.185161 0.813844 0.000141
3 2 0.003523 0.011538 0.179729 0.799126 0.006084
3 2 0.004555 0.015695 0.175484 0.798584 0.005682
0 2 0.576172 0.155220 0.232753 0.004582 0.031273
2 2 0.162519 0.253743 0.569608 0.000486 0.013644
2 2 0.055735 0.261803 0.514382 0.087522 0.080558
3 2 0.001755 0.009770 0.281816 0.700520 0.006140
2 2 0.000204 0.007784 0.516233 0.473631 0.002149
2 2 0.003763 0.023201 0.787810 0.151760 0.033467
2 2 0.000423 0.014228 0.546300 0.434550 0.004500
2 2 0.000135 0.001025 0.926223 0.072488 0.000129
2 2 0.012429 0.174518 0.801350 0.002722 0.008981
0 2 0.780896 0.147828 0.043561 0.000254 0.027461
1 2 0.147159 0.540144 0.161932 0.000245 0.150520
3 2 0.070879 0.171520 0.265288 0.390944 0.101370
2 2 0.003588 0.011370 0.806787 0.133154 0.045102
2 2 0.000281 0.010792 0.882657 0.095700 0.010569
2 2 0.000104 0.021792 0.934149 0.034201 0.009754
2 2 0.036542 0.075994 0.455867 0.312722 0.118876
3 2 0.000064 0.002538 0.496698 0.500179 0.000520
2 2 0.000144 0.007053 0.900450 0.085634 0.006719
2 2 0.002897 0.027345 0.782864 0.159422 0.027471
3 2 0.000661 0.012833 0.417203 0.565251 0.004052
2 2 0.007971 0.058547 0.652186 0.172142 0.109153
2 2 0.002009 0.040765 0.672272 0.251530 0.033424
2 2 0.007789 0.190818 0.504982 0.175437 0.120975
2 2 0.000165 0.005583 0.638169 0.353560 0.002524
3 2 0.001829 0.031031 0.423947 0.530612 0.012580
2 2 0.005005 0.106075 0.680486 0.091739 0.116694
3 2 0.058311 0.081511 0.285056 0.446321 0.128801
3 2 0.001644 0.003928 0.046042 0.946991 0.001394
2 2 0.231482 0.152933 0.564764 0.009764 0.041058
1 2 0.075240 0.502183 0.322658 0.000253 0.099666
1 2 0.008181 0.491930 0.278496 0.000572 0.220822
2 2 0.002828 0.122974 0.752279 0.058403 0.063517
2 2 0.017418 0.165176 0.587514 0.143634 0.086258
1 2 0.065631 0.485757 0.306155 0.012217 0.130239
0 0 0.463748 0.257105 0.152463 0.010051 0.116634
4 0 0.080871 0.222104 0.105140 0.006375 0.585509
1 1 0.042795 0.380578 0.208698 0.051832 0.316097
1 1 0.036345 0.326983 0.259278 0.104820 0.272574
2 1 0.024562 0.292367 0.352655 0.117169 0.213247
4 1 0.016561 0.288766 0.281846 0.025772 0.387056
4 2 0.060954 0.027425 0.014742 0.000233 0.896646
4 2 0.040274 0.209811 0.157743 0.022310 0.569862
4 2 0.066846 0.225984 0.169997 0.031402 0.505772
4 2 0.105352 0.052223 0.036065 0.001471 0.804889
4 2 0.111332 0.179247 0.203113 0.061025 0.445282
4 4 0.078090 0.096902 0.057204 0.003073 0.764732
4 4 0.076387 0.015433 0.007596 0.000050 0.900534
4 4 0.075242 0.114079 0.066354 0.004047 0.740277
4 4 0.007320 0.026663 0.005306 0.000018 0.960694
4 4 0.099861 0.028032 0.019232 0.000463 0.852413
4 4 0.011460 0.010867 0.002797 0.000007 0.974869
4 4 0.004486 0.018260 0.002961 0.000005 0.974287
4 4 0.015376 0.007824 0.002353 0.000006 0.974441
4 4 0.036155 0.080517 0.032463 0.000788 0.850076
4 4 0.030932 0.081595 0.039750 0.000019 0.847703
4 4 0.399594 0.083754 0.086338 0.008476 0.421838
0 4 0.479649 0.079085 0.078745 0.006216 0.356305
4 4 0.103710 0.038682 0.026720 0.000847 0.830041
4 4 0.187853 0.011268 0.015249 0.000474 0.785155
4 4 0.107559 0.012299 0.009131 0.000130 0.870881
4 4 0.044974 0.018640 0.008823 0.000084 0.927480
4 4 0.198905 0.009049 0.012574 0.000349 0.779122
4 4 0.145702 0.040129 0.029372 0.000933 0.783864
4 4 0.056985 0.023492 0.012313 0.000165 0.907045
4 4 0.154022 0.028422 0.024439 0.000882 0.792235
0 4 0.521237 0.097448 0.024565 0.000045 0.356706
4 4 0.026497 0.140618 0.186894 0.001478 0.644513
4 4 0.123508 0.015210 0.011983 0.000223 0.849076
4 4 0.058023 0.314087 0.196622 0.047887 0.383381
4 4 0.015624 0.053120 0.014560 0.000136 0.916559
4 4 0.066941 0.060649 0.033185 0.001038 0.838187
4 4 0.067405 0.008914 0.005346 0.000041 0.918293
4 4 0.069657 0.023412 0.013535 0.000212 0.893184
0 4 0.558722 0.074688 0.023048 0.000058 0.343484
4 4 0.287659 0.093891 0.024240 0.000058 0.594152
4 4 0.378136 0.007604 0.011958 0.000481 0.601821
4 4 0.046753 0.016364 0.007947 0.000071 0.928866
4 4 0.015311 0.025721 0.007215 0.000039 0.951714
4 4 0.069732 0.161880 0.092550 0.007769 0.668069
4 4 0.023736 0.083651 0.027575 0.000503 0.864535
4 4 0.019784 0.276833 0.089127 0.005108 0.609148
4 4 0.011272 0.341227 0.214893 0.010993 0.421614
1 4 0.032652 0.384133 0.187786 0.038894 0.356534
4 4 0.045946 0.217016 0.103261 0.008658 0.625119
4 4 0.051873 0.369359 0.146098 0.011633 0.421037
2 4 0.013275 0.141537 0.462176 0.304640 0.078372
3 4 0.066374 0.154622 0.309805 0.322470 0.146729
2 4 0.006929 0.323962 0.386372 0.018943 0.263794
2 4 0.103919 0.184291 0.275136 0.207436 0.229218
1 2 0.051361 0.349157 0.228836 0.079925 0.290720
4 2 0.026319 0.237240 0.090445 0.005196 0.640800
4 2 0.040569 0.208936 0.097198 0.006832 0.646465
1 2 0.044326 0.364126 0.216990 0.064614 0.309944
2 2 0.006972 0.061426 0.561651 0.335171 0.034781
2 2 0.030533 0.207308 0.312541 0.296360 0.153258
2 2 0.020452 0.192439 0.700359 0.042195 0.044556
1 2 0.214892 0.365260 0.256680 0.060868 0.102300
0 2 0.960666 0.013674 0.004085 0.000003 0.021571
1 2 0.083290 0.520932 0.196799 0.005169 0.193810
2 2 0.023211 0.319894 0.353647 0.063580 0.239668
1 2 0.027199 0.382316 0.195585 0.038145 0.356756
3 2 0.037585 0.139148 0.270134 0.471997 0.081136
3 2 0.017922 0.042082 0.159539 0.760661 0.019795
3 2 0.061061 0.117553 0.258741 0.476755 0.085890
