0 0 0.998586 0.001330 0.000058 0.000000 0.000025
0 0 0.996951 0.002740 0.000164 0.000001 0.000144
0 0 0.953177 0.040595 0.003401 0.000001 0.002827
0 0 0.974921 0.020940 0.002080 0.000003 0.002057
0 0 0.530930 0.000208 0.000467 0.000000 0.468395
0 0 0.995004 0.002193 0.000095 0.000000 0.002707
0 0 0.998753 0.000533 0.000011 0.000000 0.000703
0 0 0.989136 0.002634 0.000119 0.000000 0.008112
0 0 0.874170 0.075558 0.019740 0.000364 0.030168
0 0 0.990264 0.004848 0.000305 0.000000 0.004582
0 0 0.865808 0.101942 0.008471 0.000000 0.023779
0 0 0.716249 0.234108 0.028449 0.000002 0.021193
0 0 0.841401 0.127833 0.012089 0.000000 0.018677
0 0 0.873695 0.100437 0.021761 0.000480 0.003627
0 1 0.872884 0.076323 0.018639 0.001595 0.030559
1 1 0.112155 0.625748 0.222102 0.000311 0.039685
1 1 0.094708 0.614407 0.286588 0.000618 0.003678
2 1 0.007514 0.089686 0.877905 0.021401 0.003493
1 1 0.035076 0.389675 0.266411 0.002080 0.306758
1 1 0.291511 0.372500 0.136563 0.000181 0.199244
1 1 0.141749 0.438598 0.394916 0.015045 0.009693
1 2 0.358334 0.453932 0.175723 0.004324 0.007686
0 2 0.306578 0.229309 0.286536 0.168058 0.009519
3 2 0.177149 0.008915 0.177492 0.636420 0.000023
3 2 0.004953 0.005275 0.269319 0.720284 0.000169
2 2 0.006807 0.124976 0.857183 0.006091 0.004943
2 2 0.026772 0.043014 0.682350 0.232593 0.015270
2 2 0.011284 0.036590 0.896298 0.055527 0.000300
0 2 0.350702 0.308642 0.325773 0.013836 0.001046
3 2 0.025148 0.013964 0.063165 0.897653 0.000071
2 2 0.005972 0.007326 0.626713 0.359905 0.000085
2 2 0.224667 0.112415 0.550535 0.107288 0.005096
0 2 0.465097 0.142464 0.188286 0.203410 0.000743
3 2 0.012747 0.005253 0.243820 0.738162 0.000017
3 2 0.005726 0.013853 0.388319 0.591810 0.000293
3 2 0.043834 0.040993 0.085520 0.824377 0.005276
3 2 0.004293 0.004911 0.027940 0.962533 0.000324
3 2 0.009580 0.005559 0.010757 0.974030 0.000074
3 3 0.000043 0.000020 0.009676 0.990261 0.000000
3 3 0.003732 0.000590 0.024489 0.971188 0.000001
3 3 0.021809 0.006012 0.105448 0.866629 0.000102
3 3 0.001070 0.000573 0.038043 0.960304 0.000011
3 3 0.000505 0.000560 0.003162 0.995766 0.000008
3 3 0.021743 0.011007 0.013289 0.953802 0.000158
3 3 0.012224 0.010477 0.015273 0.961686 0.000340
3 3 0.000884 0.000646 0.010817 0.987643 0.000011
3 3 0.000755 0.000527 0.009341 0.989370 0.000007
3 3 0.001605 0.001607 0.017469 0.979262 0.000057
3 3 0.000342 0.000274 0.005888 0.993493 0.000003
3 3 0.101169 0.012867 0.098369 0.787524 0.000071
3 3 0.000700 0.000451 0.004230 0.994616 0.000003
3 3 0.001808 0.003390 0.011098 0.983433 0.000271
3 3 0.019626 0.006873 0.047294 0.926049 0.000157
3 3 0.031188 0.009020 0.020369 0.939360 0.000063
3 3 0.000445 0.000338 0.003380 0.995834 0.000003
3 3 0.000181 0.000301 0.002780 0.996731 0.000007
3 3 0.005404 0.002350 0.006098 0.986135 0.000013
3 3 0.002026 0.000883 0.034979 0.962100 0.000012
3 3 0.003768 0.001310 0.017810 0.977103 0.000009
3 3 0.011392 0.009973 0.018934 0.959307 0.000394
3 3 0.000731 0.001231 0.011227 0.986736 0.000074
3 3 0.004107 0.002663 0.046069 0.947057 0.000103
3 3 0.001633 0.000530 0.011615 0.986220 0.000002
3 3 0.003421 0.004401 0.013962 0.977986 0.000229
3 3 0.015898 0.012804 0.012857 0.958090 0.000351
3 3 0.001191 0.002216 0.007570 0.988890 0.000133
3 3 0.000225 0.000428 0.006822 0.992505 0.000021
3 3 0.000313 0.000376 0.013017 0.986281 0.000013
3 3 0.005299 0.001943 0.006876 0.985874 0.000009
3 3 0.001160 0.004693 0.004561 0.988803 0.000783
3 3 0.006963 0.009142 0.014029 0.969326 0.000540
3 3 0.001053 0.000812 0.003327 0.994801 0.000007
3 3 0.005468 0.003804 0.003354 0.987341 0.000033
3 3 0.003950 0.001969 0.007736 0.986331 0.000015
3 3 0.023787 0.014700 0.027156 0.933918 0.000441
3 3 0.068986 0.023654 0.065355 0.841347 0.000658
3 3 0.155883 0.037828 0.051946 0.753845 0.000499
3 3 0.003668 0.003627 0.008527 0.984074 0.000104
3 3 0.019197 0.008385 0.017560 0.954757 0.000100
3 3 0.046659 0.007826 0.103935 0.841488 0.000092
3 3 0.011468 0.007875 0.023099 0.957336 0.000222
3 3 0.027617 0.011699 0.007063 0.953518 0.000103
3 3 0.011118 0.007886 0.004858 0.976044 0.000095
3 3 0.002771 0.004496 0.003063 0.989514 0.000156
3 3 0.005813 0.012266 0.010868 0.969688 0.001365
3 3 0.001713 0.001587 0.005798 0.990875 0.000026
3 3 0.000533 0.001228 0.009332 0.988798 0.000109
3 3 0.000127 0.000258 0.002725 0.996882 0.000008
3 3 0.000400 0.000719 0.002891 0.995969 0.000021
3 3 0.010504 0.015051 0.012165 0.961277 0.001003
3 3 0.001265 0.001704 0.005430 0.991551 0.000050
3 3 0.008524 0.006292 0.011044 0.974011 0.000129
3 3 0.001268 0.003722 0.003217 0.991494 0.000299
3 3 0.048729 0.029786 0.028154 0.892199 0.001132
3 3 0.000398 0.000893 0.004091 0.994572 0.000046
3 3 0.003459 0.004650 0.067889 0.923335 0.000668
3 3 0.021450 0.004373 0.009393 0.964774 0.000010
3 3 0.002766 0.004171 0.010092 0.982728 0.000243
3 3 0.015595 0.025603 0.022778 0.932753 0.003272
3 3 0.003162 0.004712 0.020251 0.971487 0.000387
3 3 0.000975 0.004127 0.005699 0.988373 0.000826
3 3 0.216460 0.117058 0.068304 0.586897 0.011282
3 3 0.030373 0.013030 0.007307 0.949193 0.000097
3 3 0.011434 0.010012 0.032947 0.945083 0.000523
3 3 0.289506 0.032127 0.198912 0.478770 0.000686
3 3 0.000158 0.000357 0.002160 0.997314 0.000012
3 3 0.004460 0.002108 0.074468 0.918908 0.000057
3 3 0.000173 0.000375 0.000929 0.998516 0.000007
3 3 0.001961 0.001981 0.024260 0.971709 0.000089
3 3 0.003592 0.006169 0.013068 0.976664 0.000507
2 3 0.018673 0.022043 0.681223 0.277587 0.000474
3 3 0.019578 0.097720 0.364679 0.505373 0.012649
1 3 0.092300 0.536446 0.364082 0.000462 0.006710
2 3 0.015771 0.120092 0.843690 0.003736 0.016711
3 3 0.000092 0.000652 0.011585 0.987498 0.000174
3 3 0.000470 0.001721 0.139331 0.858447 0.000032
3 3 0.180664 0.041271 0.247821 0.528028 0.002216
3 3 0.008842 0.002470 0.008282 0.980399 0.000008
3 3 0.000883 0.000513 0.044807 0.953795 0.000001
3 2 0.001527 0.001478 0.153060 0.843922 0.000012
3 2 0.067435 0.007571 0.025615 0.899364 0.000015
0 2 0.381491 0.152667 0.191166 0.250782 0.023894
3 2 0.001679 0.016227 0.469375 0.510254 0.002465
2 2 0.013992 0.065927 0.677916 0.235645 0.006520
1 2 0.058270 0.329531 0.280826 0.016289 0.315084
1 2 0.184034 0.400075 0.217912 0.001418 0.196560
2 1 0.020774 0.337323 0.525923 0.085190 0.030790
1 1 0.151210 0.448043 0.235207 0.003416 0.162124
2 1 0.012362 0.207890 0.705896 0.001230 0.072623
4 1 0.169936 0.271416 0.096620 0.000031 0.461997
4 1 0.012127 0.231851 0.128841 0.000192 0.626989
4 1 0.066569 0.276151 0.179071 0.000352 0.477858
4 1 0.266221 0.033917 0.008338 0.000013 0.691511
4 1 0.225446 0.148273 0.065172 0.000183 0.560927
4 1 0.009006 0.203466 0.065172 0.000004 0.722352
4 1 0.051652 0.174811 0.349593 0.007252 0.416692
4 1 0.034189 0.159125 0.389266 0.001219 0.416201
4 4 0.014633 0.047450 0.027030 0.000329 0.910558
4 4 0.034073 0.072096 0.015242 0.000001 0.878589
4 4 0.016384 0.095030 0.036709 0.000069 0.851808
4 4 0.025228 0.128940 0.066494 0.000373 0.778964
4 4 0.013614 0.010589 0.002570 0.000046 0.973181
4 4 0.080333 0.051160 0.016268 0.000028 0.852212
1 4 0.013841 0.539424 0.427725 0.001730 0.017279
4 4 0.004003 0.244499 0.147998 0.000371 0.603130
4 4 0.053539 0.179993 0.151637 0.000853 0.613978
4 4 0.024580 0.072301 0.026754 0.000073 0.876292
4 4 0.043983 0.050867 0.019611 0.000161 0.885378
4 4 0.021004 0.201043 0.094713 0.000070 0.683170
4 4 0.050203 0.269435 0.208356 0.000990 0.471016
1 4 0.064154 0.434387 0.172847 0.000018 0.328594
4 4 0.020936 0.281240 0.119567 0.000012 0.578245
4 4 0.246345 0.025654 0.003427 0.000000 0.724574
4 4 0.029284 0.301644 0.204696 0.000294 0.464082
4 4 0.059738 0.286487 0.269461 0.005155 0.379158
4 4 0.030800 0.211700 0.182183 0.004359 0.570958
1 4 0.039142 0.598274 0.315606 0.000973 0.046005
2 4 0.008676 0.369014 0.602015 0.000350 0.019945
2 4 0.003395 0.275959 0.555402 0.000464 0.164780
1 4 0.033808 0.605734 0.300695 0.000111 0.059652
2 4 0.014998 0.167878 0.470619 0.001474 0.345032
2 2 0.023182 0.183995 0.753339 0.002941 0.036543
2 2 0.006699 0.052027 0.918795 0.022110 0.000370
1 2 0.031551 0.646511 0.311374 0.000189 0.010375
2 2 0.004764 0.153476 0.806227 0.001773 0.033760
2 2 0.007888 0.128324 0.851895 0.009546 0.002347
2 2 0.030953 0.443876 0.503635 0.000407 0.021129
1 2 0.045992 0.572895 0.340442 0.000890 0.039781
2 2 0.013765 0.108650 0.855244 0.001095 0.021246
2 2 0.004812 0.099570 0.866249 0.001411 0.027957
2 2 0.026433 0.162390 0.757727 0.003276 0.050174
2 2 0.015283 0.087772 0.879859 0.003375 0.013711
2 2 0.014042 0.412433 0.544106 0.000099 0.029320
2 2 0.002732 0.082732 0.902715 0.000478 0.011342
2 2 0.001201 0.016649 0.949424 0.031304 0.001422
1 2 0.160160 0.486967 0.241342 0.001058 0.110473
2 2 0.002425 0.079573 0.916124 0.000172 0.001706
1 2 0.116406 0.432704 0.397598 0.000257 0.053036
2 2 0.024025 0.222679 0.747413 0.004002 0.001881
2 2 0.002039 0.019548 0.904094 0.073967 0.000353
2 2 0.000587 0.018504 0.968565 0.010843 0.001502
1 2 0.012259 0.573982 0.397888 0.000601 0.015270
2 2 0.161862 0.233366 0.591780 0.000761 0.012231
2 2 0.008280 0.056811 0.693110 0.238916 0.002882
2 2 0.030558 0.239859 0.703916 0.020170 0.005497
2 2 0.048151 0.183535 0.723278 0.043379 0.001657
2 2 0.019814 0.099211 0.816362 0.064131 0.000483
2 2 0.007727 0.050025 0.917143 0.024656 0.000449
2 2 0.218550 0.202267 0.553785 0.012712 0.012686
2 2 0.008369 0.086063 0.705284 0.198236 0.002048
1 2 0.128024 0.519094 0.338969 0.000608 0.013305
2 2 0.010442 0.267893 0.718322 0.002232 0.001111
2 2 0.006963 0.115548 0.809240 0.065654 0.002595
2 2 0.020751 0.237121 0.652355 0.052648 0.037125
2 2 0.003075 0.019251 0.889657 0.087562 0.000456
2 2 0.023522 0.111310 0.829842 0.024795 0.010531
1 2 0.117515 0.528370 0.347212 0.000103 0.006799
2 2 0.086147 0.038520 0.733782 0.141229 0.000322
2 2 0.002522 0.044019 0.489500 0.461630 0.002328
2 2 0.000988 0.013353 0.976829 0.008705 0.000125
2 2 0.006496 0.036732 0.609311 0.346559 0.000901
2 2 0.006522 0.013383 0.846312 0.133664 0.000119
3 2 0.004770 0.004461 0.211250 0.779452 0.000066
2 2 0.001051 0.016052 0.841474 0.140782 0.000641
3 2 0.003223 0.019869 0.243204 0.730442 0.003262
2 2 0.092082 0.057319 0.665309 0.183880 0.001409
3 2 0.021824 0.018391 0.048039 0.910012 0.001734
3 2 0.031100 0.010718 0.199677 0.758082 0.000423
0 2 0.982505 0.011272 0.001230 0.000003 0.004991
2 2 0.296630 0.171274 0.508835 0.016083 0.007178
2 2 0.125557 0.215267 0.585161 0.071273 0.002743
2 2 0.085266 0.290319 0.590134 0.028606 0.005675
2 2 0.004394 0.069856 0.824769 0.091049 0.009932
2 2 0.019007 0.124883 0.847133 0.006746 0.002230
2 2 0.076635 0.209061 0.634567 0.072809 0.006928
2 2 0.033202 0.440128 0.519375 0.006462 0.000832
2 2 0.074699 0.141142 0.516095 0.267155 0.000909
2 2 0.175729 0.154448 0.518065 0.149439 0.002319
3 2 0.150015 0.041243 0.212497 0.593778 0.002466
2 2 0.172068 0.104736 0.639216 0.080611 0.003370
3 2 0.037056 0.040769 0.336010 0.585658 0.000506
3 2 0.110246 0.047626 0.352418 0.486379 0.003331
3 2 0.145920 0.077955 0.313740 0.459115 0.003271
2 2 0.238194 0.057439 0.487706 0.212547 0.004114
3 2 0.015495 0.011969 0.200474 0.770173 0.001889
2 2 0.070002 0.340564 0.483191 0.094382 0.011861
2 2 0.038166 0.088422 0.720149 0.150705 0.002558
2 2 0.037209 0.273153 0.648507 0.020395 0.020736
2 2 0.062475 0.299694 0.523121 0.102940 0.011770
2 2 0.090321 0.121906 0.710076 0.074747 0.002950
3 2 0.011096 0.028156 0.391643 0.567489 0.001615
2 2 0.060152 0.130299 0.500376 0.299795 0.009379
3 2 0.043920 0.084189 0.318480 0.539421 0.013991
3 2 0.068554 0.018642 0.405116 0.506436 0.001253
2 2 0.098003 0.111863 0.701629 0.088222 0.000283
3 3 0.023342 0.027680 0.154688 0.794196 0.000094
2 3 0.034905 0.185436 0.731357 0.043967 0.004335
2 3 0.302874 0.213125 0.330456 0.152305 0.001240
0 3 0.565561 0.136032 0.285730 0.012056 0.000621
2 3 0.014088 0.011980 0.522727 0.450981 0.000223
1 3 0.394103 0.414856 0.172075 0.015769 0.003196
2 2 0.073842 0.227659 0.499042 0.192591 0.006867
2 2 0.043475 0.231334 0.677002 0.007868 0.040320
2 2 0.227356 0.248351 0.365923 0.155885 0.002486
2 2 0.091491 0.153631 0.690508 0.061394 0.002975
3 2 0.005276 0.006102 0.115071 0.873292 0.000259
2 2 0.021532 0.166239 0.538680 0.264701 0.008848
2 2 0.032893 0.054047 0.717300 0.184085 0.011675
2 2 0.134200 0.268915 0.576777 0.010199 0.009910
2 2 0.103402 0.224329 0.641954 0.014977 0.015337
2 2 0.072392 0.354180 0.552953 0.008500 0.011974
1 2 0.032962 0.477124 0.454184 0.006116 0.029614
2 2 0.132689 0.339718 0.371594 0.064288 0.091712
2 2 0.008520 0.030348 0.827216 0.132871 0.001045
2 2 0.002852 0.129707 0.842692 0.001839 0.022910
3 2 0.005103 0.026778 0.106933 0.852769 0.008417
3 2 0.008380 0.088401 0.398925 0.502145 0.002150
2 2 0.104597 0.252614 0.506524 0.122530 0.013734
3 2 0.008679 0.074826 0.120487 0.786589 0.009418
2 2 0.177518 0.321648 0.452064 0.014798 0.033972
2 2 0.072461 0.255675 0.504153 0.159525 0.008185
2 2 0.236307 0.190077 0.530491 0.009422 0.033704
2 2 0.301336 0.173204 0.473811 0.019900 0.031749
2 2 0.018907 0.021477 0.579759 0.379466 0.000392
1 2 0.110231 0.486908 0.325745 0.047077 0.030039
2 2 0.051345 0.343447 0.459612 0.093345 0.052252
2 2 0.018370 0.095743 0.773626 0.108901 0.003359
2 2 0.114146 0.405458 0.430691 0.010259 0.039446
2 2 0.046689 0.224275 0.628686 0.093909 0.006441
2 2 0.007662 0.088181 0.560747 0.338522 0.004888
2 2 0.017766 0.153650 0.734353 0.091896 0.002334
2 2 0.012379 0.086929 0.778639 0.112015 0.010039
2 2 0.028472 0.107750 0.796015 0.057775 0.009988
2 2 0.148474 0.406955 0.421831 0.001577 0.021162
2 2 0.061077 0.279023 0.636863 0.001919 0.021117
3 2 0.000435 0.009500 0.279639 0.707978 0.002448
3 2 0.000111 0.000414 0.072614 0.926851 0.000010
2 2 0.006513 0.085656 0.540983 0.365540 0.001309
2 2 0.330536 0.202636 0.440519 0.017665 0.008643
2 2 0.069933 0.411752 0.495034 0.005418 0.017863
2 2 0.036237 0.329352 0.431858 0.172114 0.030439
2 2 0.010253 0.025310 0.785460 0.175478 0.003499
2 2 0.077693 0.180017 0.719655 0.013434 0.009200
2 2 0.017497 0.063631 0.525049 0.391226 0.002596
2 2 0.014988 0.049218 0.666686 0.267403 0.001705
2 2 0.183724 0.367477 0.434717 0.003230 0.010852
2 2 0.024574 0.273452 0.697158 0.002007 0.002809
2 2 0.007046 0.113396 0.866418 0.010142 0.002999
2 2 0.001018 0.045009 0.929550 0.023276 0.001147
2 2 0.018527 0.075824 0.678100 0.226389 0.001160
2 2 0.065967 0.167952 0.704172 0.051326 0.010582
2 2 0.026088 0.335881 0.618145 0.016135 0.003750
2 2 0.119469 0.325138 0.472733 0.076216 0.006445
1 2 0.319905 0.415776 0.255830 0.004278 0.004211
1 2 0.066787 0.612278 0.318792 0.000545 0.001597
2 2 0.049858 0.213150 0.705445 0.023088 0.008458
2 2 0.153201 0.416492 0.422510 0.001355 0.006442
2 2 0.142372 0.304375 0.528466 0.020964 0.003824
2 2 0.015849 0.181121 0.783214 0.018568 0.001248
2 2 0.005413 0.100060 0.873201 0.018955 0.002371
2 2 0.023428 0.113970 0.853966 0.005663 0.002973
2 1 0.001276 0.006976 0.877017 0.114624 0.000108
2 1 0.018784 0.107911 0.856336 0.016134 0.000835
1 1 0.021249 0.666550 0.303507 0.000082 0.008613
1 1 0.340305 0.482175 0.160645 0.000794 0.016080
1 1 0.241779 0.584698 0.156387 0.000092 0.017044
1 1 0.163784 0.531792 0.275689 0.000980 0.027755
1 1 0.115379 0.681255 0.182503 0.000024 0.020840
1 1 0.165260 0.675679 0.146403 0.000014 0.012644
1 1 0.397467 0.435392 0.108559 0.000050 0.058533
1 1 0.026043 0.617717 0.216876 0.000003 0.139360
1 1 0.017656 0.678487 0.269627 0.000012 0.034219
1 1 0.006235 0.625426 0.348958 0.000084 0.019298
1 1 0.088470 0.536579 0.303676 0.006028 0.065246
1 1 0.353512 0.490030 0.123843 0.000071 0.032544
2 1 0.007754 0.250787 0.735436 0.000697 0.005326
1 1 0.007460 0.573171 0.376402 0.000810 0.042156
1 1 0.006646 0.622966 0.343917 0.000098 0.026373
2 1 0.043021 0.318010 0.610347 0.008961 0.019660
2 1 0.003456 0.037666 0.762911 0.194477 0.001490
3 1 0.067693 0.028507 0.440550 0.462447 0.000803
2 2 0.010469 0.086861 0.856302 0.044017 0.002351
2 2 0.005143 0.037840 0.932474 0.024079 0.000464
2 2 0.011868 0.008140 0.957513 0.022021 0.000459
2 2 0.005412 0.115118 0.865635 0.000410 0.013425
2 2 0.006447 0.012022 0.869019 0.112451 0.000060
2 2 0.000546 0.011272 0.915862 0.072158 0.000162
2 2 0.001262 0.042429 0.953902 0.001879 0.000529
2 2 0.062223 0.112587 0.813348 0.008577 0.003264
2 2 0.143319 0.202982 0.584368 0.064544 0.004787
2 2 0.008723 0.133903 0.852001 0.002490 0.002883
2 2 0.004056 0.124533 0.863809 0.004059 0.003543
2 2 0.003332 0.037715 0.946571 0.001386 0.010996
2 2 0.015193 0.036713 0.920893 0.025184 0.002017
2 2 0.001154 0.006944 0.971009 0.020590 0.000304
0 2 0.496494 0.213249 0.273171 0.007545 0.009542
2 2 0.000056 0.000494 0.724973 0.274456 0.000021
2 2 0.004146 0.081933 0.562667 0.310542 0.040711
2 2 0.009436 0.077078 0.778684 0.132508 0.002293
3 2 0.004356 0.014546 0.103819 0.874145 0.003134
2 2 0.006705 0.145803 0.807880 0.025092 0.014520
1 2 0.058719 0.447328 0.386678 0.075120 0.032155
2 2 0.000852 0.032151 0.965882 0.000750 0.000365
2 2 0.071037 0.089888 0.833066 0.005360 0.000649
2 2 0.064780 0.193665 0.718758 0.015436 0.007360
1 2 0.388907 0.444535 0.120739 0.000106 0.045712
1 2 0.114556 0.667803 0.208063 0.000124 0.009454
1 2 0.014736 0.567197 0.376622 0.000287 0.041157
1 2 0.023785 0.573331 0.327883 0.000142 0.074859
1 2 0.036575 0.464968 0.390106 0.004191 0.104159
1 2 0.007287 0.506338 0.392046 0.036377 0.057951
2 2 0.002820 0.059213 0.719795 0.172853 0.045318
2 2 0.040485 0.134507 0.789986 0.007466 0.027557
2 2 0.029497 0.153778 0.804915 0.005655 0.006154
2 2 0.005082 0.054872 0.922468 0.016307 0.001272
2 2 0.011502 0.122505 0.840721 0.000835 0.024437
2 2 0.017782 0.224970 0.740450 0.001842 0.014956
2 2 0.040784 0.091996 0.859394 0.005991 0.001836
2 2 0.075786 0.296539 0.554405 0.004999 0.068271
2 2 0.002374 0.010631 0.984081 0.002392 0.000522
2 2 0.001455 0.028713 0.940495 0.019725 0.009613
2 2 0.000445 0.008416 0.946373 0.039283 0.005482
2 2 0.000478 0.024337 0.943326 0.020573 0.011285
2 2 0.011004 0.086711 0.880869 0.003780 0.017636
2 2 0.049515 0.140826 0.783305 0.009698 0.016657
3 2 0.000555 0.007367 0.405400 0.577845 0.008833
2 2 0.010463 0.082367 0.744428 0.050584 0.112157
2 2 0.001994 0.034649 0.784395 0.154018 0.024944
2 2 0.083181 0.052583 0.788944 0.048024 0.027268
2 2 0.003262 0.040474 0.854000 0.096982 0.005282
2 2 0.008292 0.041721 0.930903 0.008151 0.010933
2 2 0.000319 0.005342 0.930439 0.062485 0.001415
3 2 0.000892 0.001472 0.229483 0.767722 0.000430
2 2 0.001714 0.010973 0.747399 0.239060 0.000853
2 2 0.010021 0.073167 0.716119 0.170753 0.029940
2 2 0.030259 0.024645 0.624764 0.317162 0.003171
2 2 0.005244 0.025430 0.593487 0.371566 0.004273
2 2 0.015890 0.047867 0.784087 0.135366 0.016790
2 2 0.025789 0.067351 0.667219 0.236665 0.002977
2 2 0.000902 0.004827 0.539766 0.454337 0.000168
2 2 0.007177 0.032083 0.857873 0.097879 0.004988
2 2 0.014517 0.049999 0.810675 0.120665 0.004145
3 2 0.000227 0.000764 0.106712 0.892194 0.000104
3 2 0.000007 0.000030 0.093082 0.906879 0.000001
2 2 0.001242 0.002942 0.729476 0.266007 0.000333
3 2 0.001950 0.004274 0.068879 0.923377 0.001520
3 2 0.003121 0.003022 0.089112 0.904401 0.000344
3 2 0.000192 0.000307 0.043596 0.955899 0.000006
3 2 0.001698 0.001687 0.066443 0.930040 0.000132
2 2 0.000858 0.002751 0.737056 0.259281 0.000053
3 2 0.023155 0.031299 0.292785 0.628983 0.023778
3 2 0.001400 0.001508 0.091925 0.905034 0.000133
3 2 0.001270 0.002034 0.089552 0.906731 0.000413
3 2 0.000357 0.000597 0.036825 0.962155 0.000065
3 2 0.003414 0.003131 0.420334 0.573082 0.000040
3 2 0.000722 0.004765 0.198545 0.795356 0.000612
3 2 0.004374 0.003766 0.091979 0.899564 0.000317
3 2 0.000111 0.000237 0.009967 0.989669 0.000016
3 2 0.000835 0.001421 0.109157 0.888543 0.000045
3 2 0.000461 0.000478 0.050828 0.948203 0.000029
3 2 0.002716 0.005780 0.074624 0.915067 0.001812
3 2 0.001380 0.004233 0.024587 0.968608 0.001192
3 2 0.003729 0.005056 0.173470 0.816413 0.001332
3 2 0.061060 0.025532 0.363019 0.549113 0.001276
3 2 0.003075 0.002391 0.092372 0.901999 0.000163
3 2 0.005117 0.010628 0.039916 0.941915 0.002423
3 2 0.000086 0.000209 0.010661 0.989027 0.000017
3 2 0.000209 0.000752 0.007703 0.991223 0.000114
3 2 0.000602 0.001626 0.005340 0.992293 0.000139
3 2 0.002221 0.002384 0.072881 0.922257 0.000257
3 2 0.000728 0.003182 0.380519 0.613837 0.001734
3 3 0.011436 0.007898 0.035987 0.944310 0.000370
3 3 0.002824 0.003901 0.009835 0.983237 0.000203
3 3 0.000640 0.000728 0.044658 0.953923 0.000050
3 3 0.001584 0.002523 0.012823 0.982894 0.000176
3 3 0.005227 0.006601 0.004725 0.983259 0.000189
3 3 0.002646 0.002940 0.033375 0.960846 0.000193
3 3 0.000910 0.001081 0.007194 0.990786 0.000029
3 3 0.000189 0.000579 0.003745 0.995443 0.000043
3 3 0.000076 0.000231 0.002044 0.997638 0.000011
3 3 0.012135 0.010449 0.039698 0.937091 0.000627
3 3 0.000223 0.000377 0.015492 0.983885 0.000024
3 3 0.000037 0.000047 0.016689 0.983225 0.000002
3 3 0.000107 0.000167 0.004832 0.994889 0.000004
3 3 0.000574 0.000996 0.030885 0.967434 0.000111
3 3 0.000075 0.000349 0.004869 0.994651 0.000055
3 3 0.000113 0.000508 0.005629 0.993663 0.000087
3 3 0.000310 0.000877 0.026522 0.972103 0.000189
3 3 0.007027 0.002413 0.026155 0.964382 0.000023
2 3 0.155311 0.115219 0.557005 0.168461 0.004005
3 3 0.046021 0.049528 0.447815 0.454727 0.001910
3 3 0.005455 0.002893 0.023623 0.967980 0.000049
3 3 0.015204 0.034048 0.226329 0.722544 0.001875
3 2 0.133513 0.118859 0.093753 0.645446 0.008428
3 2 0.004035 0.005778 0.061591 0.927711 0.000886
3 2 0.017858 0.147885 0.390602 0.402991 0.040665
2 2 0.003228 0.010243 0.615199 0.370916 0.000415
3 2 0.000205 0.000582 0.378526 0.620653 0.000034
3 2 0.002141 0.001885 0.237159 0.758621 0.000194
3 2 0.005210 0.011720 0.415033 0.556953 0.011085
4 2 0.001707 0.234138 0.202520 0.006720 0.554915
4 4 0.007377 0.127453 0.045604 0.000024 0.819541
4 4 0.032543 0.105290 0.044770 0.000406 0.816991
4 4 0.080716 0.207881 0.138128 0.000629 0.572646
4 4 0.004353 0.156571 0.125157 0.010061 0.703859
4 4 0.161639 0.061611 0.011300 0.000000 0.765450
4 4 0.025748 0.012858 0.002084 0.000001 0.959309
4 4 0.262923 0.014441 0.001558 0.000000 0.721077
4 4 0.117043 0.020590 0.001443 0.000000 0.860924
4 4 0.243746 0.011457 0.001311 0.000000 0.743487
4 4 0.101466 0.024424 0.003529 0.000031 0.870550
4 4 0.340681 0.027800 0.005866 0.000003 0.625649
4 4 0.297074 0.019123 0.003679 0.000001 0.680123
0 4 0.933830 0.014418 0.001370 0.000000 0.050382
0 4 0.591220 0.041804 0.007984 0.000003 0.358989
4 4 0.234478 0.218738 0.049739 0.000002 0.497042
4 4 0.169216 0.155100 0.066406 0.000089 0.609189
4 4 0.009158 0.091691 0.043029 0.000392 0.855730
4 4 0.002275 0.083302 0.043539 0.001330 0.869554
4 4 0.001015 0.283614 0.225506 0.001966 0.487899
4 4 0.016701 0.030782 0.006891 0.000005 0.945621
4 4 0.050764 0.028067 0.006423 0.000005 0.914740
4 4 0.012970 0.130432 0.063686 0.000263 0.792648
4 4 0.038220 0.068330 0.025901 0.000089 0.867460
4 4 0.012201 0.096208 0.030827 0.000015 0.860749
4 4 0.014298 0.038610 0.015792 0.000496 0.930804
4 4 0.117611 0.078734 0.020628 0.000022 0.783005
0 4 0.824733 0.054773 0.013465 0.000081 0.106948
0 4 0.573279 0.108812 0.030426 0.000056 0.287428
4 4 0.010015 0.137532 0.053144 0.000037 0.799272
4 4 0.020883 0.162723 0.064215 0.000028 0.752151
4 4 0.014584 0.220832 0.110930 0.000097 0.653557
4 4 0.007828 0.220618 0.102580 0.000058 0.668916
4 4 0.009148 0.032064 0.007542 0.000007 0.951239
4 4 0.039481 0.053612 0.009920 0.000000 0.896986
4 4 0.032791 0.106122 0.065953 0.000983 0.794151
4 4 0.014482 0.140781 0.052624 0.000026 0.792087
4 4 0.012730 0.107858 0.063235 0.001672 0.814505
4 4 0.020688 0.232419 0.094875 0.000013 0.652005
4 4 0.004536 0.257177 0.128009 0.000070 0.610208
4 4 0.027119 0.135047 0.109791 0.000428 0.727616
4 4 0.011644 0.272593 0.164732 0.000222 0.550809
4 4 0.009840 0.213429 0.153328 0.001801 0.621602
4 4 0.023402 0.101644 0.042703 0.000114 0.832137
1 4 0.000977 0.412874 0.343179 0.000291 0.242679
4 4 0.009275 0.227385 0.157434 0.001141 0.604764
4 4 0.011766 0.100233 0.226531 0.021665 0.639805
4 4 0.007048 0.141827 0.069362 0.000245 0.781518
4 4 0.005443 0.294485 0.189597 0.000302 0.510173
4 4 0.003598 0.165071 0.109980 0.002236 0.719116
4 4 0.004526 0.278495 0.172674 0.000287 0.544018
2 4 0.004098 0.212339 0.443741 0.004690 0.335131
4 4 0.009636 0.138138 0.309338 0.008584 0.534304
4 4 0.011562 0.024975 0.013913 0.000730 0.948820
4 4 0.030610 0.022891 0.005243 0.000008 0.941248
4 4 0.056687 0.018645 0.003540 0.000002 0.921126
4 4 0.036280 0.042123 0.010446 0.000006 0.911144
4 4 0.037182 0.007137 0.001040 0.000001 0.954640
4 4 0.122186 0.017574 0.003057 0.000002 0.857181
4 4 0.018509 0.036808 0.014599 0.000399 0.929686
4 4 0.032589 0.167289 0.052498 0.000004 0.747621
4 4 0.018202 0.044428 0.011458 0.000009 0.925903
4 4 0.013560 0.027178 0.005881 0.000004 0.953377
4 4 0.032407 0.039665 0.006225 0.000000 0.921703
4 4 0.009269 0.166016 0.056077 0.000009 0.768630
4 4 0.004551 0.156219 0.088229 0.000668 0.750333
4 4 0.035131 0.073994 0.020151 0.000005 0.870719
4 4 0.064476 0.050683 0.011517 0.000003 0.873321
4 4 0.062294 0.064520 0.022313 0.000041 0.850832
4 4 0.032054 0.022676 0.015538 0.000333 0.929399
4 4 0.232256 0.021192 0.003276 0.000003 0.743274
0 4 0.880957 0.025282 0.003816 0.000003 0.089942
4 4 0.014106 0.047972 0.020446 0.000496 0.916980
4 4 0.162835 0.049177 0.013043 0.000005 0.774941
2 4 0.004492 0.148312 0.669780 0.002346 0.175069
4 4 0.068423 0.253483 0.160194 0.000789 0.517111
4 2 0.025009 0.201954 0.061717 0.000002 0.711318
4 2 0.033199 0.036374 0.010443 0.000026 0.919958
4 2 0.080382 0.054592 0.015032 0.000013 0.849981
4 2 0.211257 0.036777 0.005654 0.000000 0.746313
4 2 0.196509 0.235221 0.032844 0.000000 0.535425
4 2 0.108388 0.269974 0.107320 0.000030 0.514288
1 1 0.180903 0.439152 0.181289 0.000222 0.198435
4 1 0.118188 0.307036 0.113971 0.000221 0.460584
4 1 0.063303 0.160265 0.025148 0.000000 0.751283
1 1 0.011124 0.413111 0.173090 0.000007 0.402669
4 1 0.013853 0.333151 0.103360 0.000001 0.549635
4 1 0.023883 0.383226 0.197613 0.000032 0.395247
2 1 0.006651 0.425665 0.449317 0.000913 0.117454
1 1 0.030675 0.610956 0.296848 0.000079 0.061442
4 1 0.121086 0.346810 0.110238 0.000035 0.421831
4 1 0.114118 0.166086 0.083381 0.000558 0.635857
1 1 0.011328 0.490411 0.363437 0.000521 0.134304
4 1 0.010126 0.337878 0.213529 0.000186 0.438281
1 1 0.016255 0.435013 0.255135 0.000227 0.293370
4 1 0.002777 0.275331 0.199439 0.001001 0.521452
4 1 0.012694 0.297677 0.148700 0.000038 0.540891
1 1 0.033989 0.405380 0.203538 0.000083 0.357010
1 1 0.129676 0.445341 0.209697 0.005006 0.210280
4 2 0.034520 0.192467 0.084100 0.000077 0.688836
2 2 0.002378 0.125660 0.662038 0.009452 0.200473
2 2 0.000508 0.058537 0.747761 0.109792 0.083403
2 2 0.002440 0.202277 0.400116 0.003210 0.391956
4 2 0.002718 0.230706 0.184925 0.003195 0.578457
2 2 0.003247 0.132571 0.578187 0.024947 0.261047
2 2 0.001169 0.086601 0.611140 0.064571 0.236519
4 1 0.002946 0.230058 0.215172 0.011555 0.540268
4 1 0.037981 0.284990 0.081164 0.000000 0.595865
4 1 0.033296 0.303947 0.083100 0.000000 0.579656
4 1 0.097165 0.262718 0.081430 0.000004 0.558682
4 1 0.250090 0.110779 0.022822 0.000001 0.616308
0 1 0.674105 0.182278 0.021164 0.000000 0.122452
0 1 0.737292 0.074782 0.017853 0.000040 0.170033
0 0 0.945999 0.038111 0.003436 0.000000 0.012452
0 0 0.911768 0.067998 0.013389 0.000161 0.006685
0 0 0.779276 0.095260 0.013911 0.000002 0.111552
0 1 0.773349 0.111388 0.018083 0.000006 0.097173
1 1 0.138116 0.544913 0.143954 0.000006 0.173011
1 1 0.013627 0.671032 0.254576 0.000004 0.060762
1 1 0.008089 0.424602 0.324372 0.000054 0.242883
1 1 0.008324 0.451732 0.383435 0.001079 0.155430
2 2 0.011215 0.411715 0.503209 0.003033 0.070828
2 2 0.000410 0.007508 0.848194 0.142535 0.001353
2 2 0.000011 0.000216 0.985459 0.014309 0.000005
2 2 0.000079 0.003972 0.992835 0.002804 0.000309
2 2 0.009663 0.154322 0.696569 0.001530 0.137916
2 2 0.005343 0.182383 0.552119 0.029573 0.230582
2 2 0.002192 0.087004 0.864261 0.001181 0.045362
2 2 0.001336 0.070003 0.895163 0.002850 0.030648
2 2 0.000028 0.007234 0.989098 0.001948 0.001691
2 2 0.000836 0.011607 0.979479 0.004099 0.003980
2 2 0.039895 0.070965 0.865169 0.000241 0.023730
2 2 0.008106 0.032084 0.920901 0.000109 0.038799
2 2 0.000798 0.012008 0.979484 0.000725 0.006986
2 2 0.000129 0.009216 0.986104 0.001599 0.002952
2 2 0.000938 0.037425 0.946307 0.000623 0.014707
2 2 0.001669 0.065659 0.865549 0.020119 0.047004
2 2 0.000153 0.004668 0.977451 0.016744 0.000983
2 2 0.000145 0.004192 0.991125 0.003094 0.001444
2 2 0.000950 0.008728 0.951381 0.022323 0.016618
2 2 0.001810 0.059185 0.906042 0.001030 0.031933
2 2 0.003302 0.042467 0.934247 0.016172 0.003812
2 2 0.004163 0.052691 0.927623 0.006798 0.008725
2 2 0.000341 0.005786 0.946385 0.041502 0.005987
4 2 0.078619 0.217408 0.203000 0.000467 0.500505
2 2 0.001588 0.008537 0.963245 0.022638 0.003992
2 2 0.082018 0.130885 0.614885 0.003729 0.168482
2 2 0.000776 0.018357 0.973028 0.000275 0.007564
2 2 0.000264 0.001527 0.984460 0.012580 0.001170
2 2 0.000162 0.001750 0.994431 0.002778 0.000879
2 2 0.007474 0.028361 0.936511 0.011872 0.015782
2 2 0.001590 0.028995 0.963702 0.002800 0.002913
2 2 0.000409 0.010346 0.971733 0.016710 0.000802
2 2 0.005245 0.051789 0.905837 0.002105 0.035025
2 2 0.040862 0.158896 0.552782 0.000220 0.247240
2 2 0.000102 0.001495 0.937893 0.060471 0.000039
2 2 0.002150 0.022204 0.946804 0.027175 0.001667
2 2 0.003454 0.012754 0.870442 0.112661 0.000689
2 2 0.036991 0.130741 0.726829 0.093221 0.012217
2 2 0.003634 0.035198 0.947258 0.013787 0.000123
2 2 0.000263 0.014061 0.885130 0.095345 0.005202
2 2 0.001031 0.015741 0.908277 0.071890 0.003061
2 2 0.001476 0.017184 0.821095 0.155622 0.004621
2 2 0.000531 0.006852 0.963635 0.027749 0.001233
2 2 0.001880 0.036937 0.950461 0.006728 0.003994
2 2 0.002681 0.017969 0.967120 0.007056 0.005174
2 2 0.015921 0.057041 0.891247 0.008468 0.027322
2 2 0.156909 0.181343 0.637577 0.016443 0.007729
0 2 0.522658 0.355173 0.091835 0.000164 0.030170
0 2 0.493322 0.267260 0.147562 0.015772 0.076085
1 2 0.059799 0.695092 0.205743 0.000010 0.039356
0 2 0.446863 0.346758 0.071756 0.000009 0.134615
1 2 0.011850 0.355031 0.342841 0.021080 0.269198
2 2 0.055025 0.271412 0.401144 0.002613 0.269806
1 2 0.046601 0.483593 0.352251 0.012249 0.105307
2 2 0.134552 0.286634 0.358902 0.008715 0.211196
3 2 0.001314 0.019937 0.444092 0.473781 0.060876
2 2 0.004070 0.016506 0.954340 0.004483 0.020602
4 2 0.245356 0.255361 0.148931 0.007457 0.342895
4 2 0.068587 0.228457 0.141505 0.000299 0.561152
1 2 0.178521 0.569781 0.207432 0.000244 0.044022
2 2 0.007866 0.404249 0.455856 0.004069 0.127960
2 2 0.000487 0.011908 0.855122 0.128022 0.004461
2 2 0.000152 0.006248 0.987450 0.005064 0.001087
2 2 0.000154 0.009679 0.959620 0.026333 0.004215
2 2 0.000102 0.007620 0.988657 0.001552 0.002069
2 2 0.000063 0.002472 0.990791 0.005645 0.001029
2 2 0.000178 0.006353 0.957429 0.033008 0.003033
2 2 0.000662 0.006100 0.988844 0.003139 0.001254
2 2 0.001603 0.004692 0.969015 0.017339 0.007351
2 2 0.000245 0.008198 0.644144 0.338382 0.009031
2 2 0.000104 0.015336 0.953327 0.025021 0.006212
2 2 0.000673 0.027075 0.840139 0.120705 0.011408
2 2 0.000802 0.005694 0.989733 0.003469 0.000303
2 2 0.007011 0.034690 0.929489 0.002798 0.026012
2 2 0.000290 0.007289 0.989872 0.001995 0.000555
2 2 0.003434 0.028057 0.957266 0.006008 0.005235
2 2 0.001574 0.011986 0.981917 0.002914 0.001609
4 2 0.175645 0.281354 0.136314 0.000324 0.406363
0 1 0.553246 0.265804 0.060029 0.000024 0.120897
1 1 0.024964 0.456082 0.181105 0.000004 0.337846
1 1 0.036685 0.490908 0.275959 0.000124 0.196325
1 1 0.027685 0.510598 0.418394 0.004026 0.039297
2 1 0.000506 0.093278 0.869084 0.001424 0.035708
2 2 0.003162 0.226955 0.734496 0.000166 0.035220
1 2 0.015380 0.602525 0.358054 0.000212 0.023829
1 2 0.081336 0.607598 0.297269 0.001386 0.012411
1 2 0.005634 0.594957 0.307599 0.000005 0.091804
1 2 0.025000 0.561071 0.293122 0.000097 0.120710
1 2 0.025524 0.393145 0.235321 0.000532 0.345478
1 2 0.058444 0.506717 0.219175 0.000039 0.215624
2 2 0.007455 0.236024 0.738201 0.005901 0.012419
2 2 0.005656 0.106914 0.883979 0.001272 0.002180
2 2 0.015477 0.459239 0.499992 0.000206 0.025085
2 2 0.001536 0.023534 0.967231 0.006373 0.001325
2 2 0.002874 0.010855 0.970405 0.014823 0.001043
2 2 0.007099 0.009172 0.957784 0.025301 0.000643
2 2 0.000222 0.008005 0.989835 0.000417 0.001521
2 2 0.003473 0.051683 0.940901 0.000555 0.003388
2 2 0.001328 0.039373 0.934443 0.002212 0.022644
2 2 0.011866 0.009495 0.949712 0.004157 0.024770
0 2 0.529047 0.073412 0.339219 0.036370 0.021952
3 2 0.035059 0.088312 0.250684 0.466241 0.159704
1 2 0.110904 0.459183 0.342447 0.000208 0.087258
2 2 0.000731 0.004440 0.936584 0.057908 0.000337
2 2 0.004877 0.105190 0.781619 0.002136 0.106178
2 2 0.009490 0.128813 0.727047 0.000291 0.134360
2 2 0.001693 0.013081 0.972996 0.006627 0.005602
2 2 0.001559 0.042374 0.926334 0.001322 0.028410
1 2 0.235756 0.526488 0.184612 0.000257 0.052886
2 2 0.001352 0.017266 0.975309 0.001040 0.005033
2 2 0.152289 0.245525 0.556645 0.004658 0.040883
1 2 0.110520 0.438756 0.229684 0.000424 0.220616
2 2 0.001732 0.029116 0.953351 0.000926 0.014874
2 2 0.000567 0.013106 0.923681 0.051429 0.011217
2 2 0.001032 0.078334 0.886271 0.001048 0.033315
2 2 0.000054 0.004582 0.988915 0.005325 0.001124
2 2 0.000135 0.004828 0.888568 0.104980 0.001490
2 2 0.001757 0.017219 0.965242 0.001228 0.014554
2 2 0.000129 0.003622 0.982950 0.012045 0.001254
2 2 0.000775 0.016295 0.942714 0.020612 0.019604
2 2 0.000727 0.009443 0.958414 0.014992 0.016424
2 2 0.003664 0.063545 0.822407 0.042749 0.067635
2 2 0.000111 0.001431 0.992578 0.005389 0.000491
2 2 0.001200 0.011318 0.969474 0.004405 0.013602
2 2 0.001521 0.023187 0.933167 0.009705 0.032419
2 2 0.000290 0.005773 0.941651 0.049322 0.002963
2 2 0.011288 0.098149 0.679266 0.007384 0.203913
2 2 0.000784 0.006688 0.910799 0.075414 0.006314
2 2 0.006918 0.038701 0.866345 0.007195 0.080842
2 2 0.001135 0.006341 0.859503 0.130306 0.002714
2 2 0.059893 0.131265 0.769497 0.029808 0.009537
2 2 0.015029 0.033831 0.797106 0.147785 0.006249
0 2 0.503430 0.238679 0.087297 0.000479 0.170115
0 2 0.452565 0.387011 0.095198 0.000051 0.065174
4 2 0.027591 0.250209 0.107326 0.000220 0.614653
4 2 0.022359 0.188678 0.107704 0.000367 0.680893
0 2 0.577086 0.093354 0.015215 0.000001 0.314344
0 0 0.968131 0.006302 0.000445 0.000000 0.025121
0 0 0.977187 0.000924 0.000021 0.000000 0.021868
0 0 0.997945 0.001651 0.000070 0.000000 0.000335
0 0 0.986771 0.012007 0.000473 0.000000 0.000748
1 0 0.460862 0.469117 0.065311 0.000007 0.004703
0 0 0.984390 0.010798 0.001077 0.000002 0.003733
0 0 0.944610 0.018490 0.001670 0.000000 0.035230
0 0 0.899696 0.062829 0.006025 0.000000 0.031450
0 0 0.684271 0.082566 0.008157 0.000000 0.225006
4 0 0.132669 0.308212 0.071022 0.000001 0.488097
1 1 0.090896 0.541516 0.160767 0.000046 0.206775
1 1 0.023055 0.418416 0.219147 0.000309 0.339073
4 1 0.008275 0.260011 0.185862 0.000960 0.544892
4 1 0.007503 0.345232 0.179572 0.000032 0.467661
1 1 0.027667 0.486217 0.191257 0.000014 0.294845
4 1 0.063882 0.235045 0.087824 0.000205 0.613044
4 1 0.105374 0.234601 0.154625 0.001027 0.504373
1 1 0.084817 0.447093 0.153718 0.000011 0.314361
1 1 0.066408 0.372391 0.223342 0.000343 0.337517
4 1 0.065534 0.368410 0.186847 0.000370 0.378839
2 1 0.014474 0.163960 0.746291 0.000546 0.074729
2 1 0.013630 0.223152 0.406192 0.001116 0.355910
2 1 0.005519 0.097215 0.834984 0.039997 0.022285
2 1 0.000204 0.059455 0.920384 0.003308 0.016649
4 4 0.015620 0.081927 0.022917 0.000006 0.879530
4 4 0.360748 0.003168 0.000179 0.000000 0.635906
0 4 0.575172 0.006231 0.000478 0.000000 0.418120
4 4 0.167526 0.073217 0.019339 0.000002 0.739916
4 4 0.266132 0.041715 0.004816 0.000000 0.687337
4 4 0.134378 0.007205 0.000799 0.000000 0.857618
4 4 0.258402 0.006536 0.000524 0.000000 0.734538
4 4 0.409453 0.018203 0.001678 0.000000 0.570666
4 4 0.079190 0.013285 0.002087 0.000001 0.905436
4 4 0.156199 0.004337 0.000333 0.000000 0.839131
0 4 0.533140 0.002943 0.000151 0.000000 0.463767
0 4 0.766863 0.066345 0.015168 0.000034 0.151591
4 4 0.177847 0.026758 0.005111 0.000001 0.790283
4 4 0.357398 0.002789 0.000145 0.000000 0.639668
4 4 0.359805 0.012431 0.001768 0.000000 0.625997
0 4 0.948780 0.005385 0.000338 0.000000 0.045498
4 4 0.289832 0.010902 0.000701 0.000000 0.698565
4 4 0.092359 0.152020 0.046165 0.000003 0.709453
0 4 0.731937 0.005410 0.000271 0.000000 0.262382
4 4 0.098475 0.011499 0.001335 0.000000 0.888691
4 4 0.044677 0.017296 0.004397 0.000027 0.933603
4 4 0.031783 0.055929 0.012365 0.000002 0.899921
4 4 0.043571 0.026633 0.005377 0.000002 0.924418
4 4 0.132319 0.047238 0.017919 0.000116 0.802409
0 4 0.737408 0.005537 0.000360 0.000000 0.256695
4 4 0.207703 0.019664 0.001223 0.000000 0.771409
0 4 0.574473 0.109896 0.022624 0.000006 0.293001
4 4 0.057547 0.059818 0.023507 0.000135 0.858993
4 4 0.150523 0.063006 0.010274 0.000000 0.776197
0 4 0.665160 0.022434 0.003425 0.000001 0.308979
4 4 0.174557 0.014013 0.001736 0.000001 0.809693
4 4 0.339462 0.007173 0.000567 0.000000 0.652798
4 4 0.130330 0.005213 0.000468 0.000000 0.863989
0 4 0.640023 0.005045 0.000280 0.000000 0.354652
0 4 0.553954 0.001900 0.000074 0.000000 0.444072
0 4 0.905517 0.001386 0.000037 0.000000 0.093060
4 4 0.079648 0.059468 0.011679 0.000000 0.849205
4 4 0.109705 0.079139 0.018457 0.000001 0.792699
4 4 0.008172 0.170725 0.062464 0.000016 0.758623
4 4 0.012975 0.148642 0.061992 0.000057 0.776334
4 4 0.009427 0.097476 0.030596 0.000013 0.862488
4 4 0.046655 0.211161 0.043615 0.000000 0.698569
4 4 0.108400 0.130538 0.043087 0.000006 0.717969
4 4 0.070759 0.011212 0.001913 0.000002 0.916114
4 4 0.010326 0.062129 0.016895 0.000009 0.910641
4 4 0.086651 0.012592 0.002137 0.000002 0.898618
0 4 0.586375 0.137897 0.033722 0.000026 0.241979
4 4 0.042309 0.288664 0.230044 0.000979 0.438005
4 4 0.106805 0.132490 0.040380 0.000003 0.720323
4 4 0.050327 0.296539 0.121347 0.000010 0.531778
0 4 0.555944 0.235687 0.031031 0.000000 0.177338
0 4 0.612001 0.320917 0.027374 0.000000 0.039709
0 4 0.625067 0.263516 0.033464 0.000001 0.077952
0 1 0.692215 0.259636 0.030860 0.000002 0.017287
0 1 0.975486 0.019717 0.001952 0.000002 0.002842
4 1 0.224995 0.264646 0.059839 0.000002 0.450517
0 1 0.477566 0.173081 0.052802 0.000078 0.296473
3 1 0.226977 0.196753 0.200398 0.285729 0.090143
2 1 0.003605 0.328418 0.365590 0.003283 0.299105
4 1 0.006335 0.204920 0.334976 0.004281 0.449488
4 1 0.005731 0.197571 0.148674 0.003427 0.644598
4 1 0.014723 0.180345 0.118054 0.001292 0.685586
2 1 0.033360 0.226684 0.452353 0.061489 0.226114
4 1 0.016374 0.058368 0.046843 0.009523 0.868892
4 1 0.005666 0.050080 0.336312 0.204288 0.403654
4 2 0.006137 0.180336 0.322786 0.001650 0.489092
2 2 0.000277 0.105226 0.809909 0.016701 0.067887
4 2 0.015616 0.151834 0.095504 0.001402 0.735644
2 2 0.001294 0.174029 0.457523 0.124675 0.242479
2 2 0.001643 0.150030 0.509915 0.024716 0.313696
4 2 0.005719 0.182427 0.117668 0.001286 0.692900
4 2 0.004489 0.089983 0.280631 0.018868 0.606030
4 2 0.049809 0.062450 0.022681 0.000068 0.864991
2 2 0.009377 0.291120 0.473516 0.003428 0.222560
4 1 0.008549 0.224866 0.208944 0.010354 0.547287
2 1 0.001508 0.214854 0.405494 0.009512 0.368632
2 1 0.001428 0.146963 0.434717 0.056801 0.360091
2 1 0.003596 0.101272 0.484663 0.025160 0.385309
2 1 0.002019 0.090439 0.779469 0.004044 0.124030
2 1 0.000868 0.126129 0.741692 0.002663 0.128648
2 1 0.000548 0.033861 0.875895 0.056822 0.032873
2 1 0.001907 0.127091 0.569152 0.068591 0.233259
2 1 0.004627 0.103395 0.694827 0.000930 0.196221
2 2 0.002211 0.067605 0.747921 0.002331 0.179931
2 2 0.006490 0.032815 0.852471 0.006257 0.101967
2 2 0.002276 0.029800 0.846258 0.055686 0.065980
2 2 0.001978 0.010056 0.951302 0.013842 0.022822
2 2 0.002944 0.021545 0.886808 0.010418 0.078285
2 2 0.000430 0.012369 0.955377 0.025740 0.006084
2 2 0.008921 0.113737 0.437758 0.016188 0.423395
2 2 0.004830 0.025165 0.914991 0.012118 0.042896
2 3 0.024337 0.028720 0.814867 0.002907 0.129170
2 3 0.001978 0.009655 0.962087 0.013257 0.013024
2 3 0.004446 0.025063 0.927747 0.003604 0.039141
