0 0 0.494752 0.185907 0.272682 0.005962 0.040697
0 0 0.932748 0.036386 0.016113 0.000081 0.014672
0 0 0.351023 0.253329 0.321854 0.010058 0.063736
0 0 0.419382 0.326918 0.215330 0.000464 0.037906
0 0 0.499486 0.341738 0.061240 0.000091 0.097446
2 0 0.011093 0.235266 0.649947 0.060900 0.042793
1 0 0.292169 0.436907 0.197914 0.000871 0.072139
0 0 0.716177 0.104410 0.164686 0.000821 0.013906
0 0 0.991025 0.007361 0.000594 0.000000 0.001020
0 0 0.985505 0.008235 0.002357 0.000009 0.003894
0 0 0.432408 0.304865 0.193611 0.001836 0.067281
2 0 0.015359 0.070459 0.861831 0.047397 0.004953
2 1 0.007987 0.240307 0.697391 0.013844 0.040471
4 1 0.030343 0.379027 0.196621 0.000022 0.393988
4 1 0.105358 0.071667 0.039211 0.000851 0.782913
4 1 0.209657 0.303299 0.076421 0.000534 0.410089
4 1 0.109061 0.118433 0.292105 0.029311 0.451090
4 1 0.273377 0.049377 0.038315 0.000747 0.638185
4 1 0.063617 0.144587 0.105234 0.003298 0.683264
2 1 0.001445 0.117569 0.846984 0.007224 0.026778
2 2 0.001096 0.007591 0.911842 0.079291 0.000180
0 0 0.995660 0.000919 0.002046 0.000338 0.001037
0 0 0.847556 0.090370 0.046712 0.000084 0.015277
2 0 0.036903 0.301578 0.634707 0.005169 0.021644
2 0 0.008418 0.272942 0.711901 0.000734 0.006005
2 0 0.318918 0.211860 0.356285 0.037575 0.075362
0 0 0.493973 0.172970 0.293536 0.002023 0.037498
0 0 0.955491 0.017051 0.018915 0.000517 0.008026
4 1 0.234568 0.192746 0.031777 0.000091 0.540818
2 1 0.000505 0.058512 0.859670 0.040025 0.041288
2 1 0.000498 0.024832 0.891782 0.031026 0.051861
2 1 0.002860 0.036267 0.886456 0.029093 0.045323
2 2 0.003455 0.176223 0.810450 0.000858 0.009014
2 2 0.022974 0.258715 0.549046 0.017575 0.151690
2 2 0.001283 0.065408 0.887882 0.006842 0.038584
2 2 0.000001 0.000173 0.981531 0.018276 0.000019
2 2 0.000008 0.000693 0.990762 0.008449 0.000089
2 2 0.000689 0.006808 0.979671 0.011132 0.001700
2 2 0.000200 0.002790 0.992358 0.004412 0.000240
2 2 0.000085 0.000546 0.739188 0.260121 0.000059
2 2 0.000045 0.000454 0.939411 0.060076 0.000015
2 3 0.000042 0.000247 0.942190 0.057490 0.000032
2 3 0.004099 0.002072 0.748237 0.245500 0.000092
3 3 0.000014 0.000027 0.159382 0.840575 0.000001
2 3 0.000003 0.000037 0.818469 0.181491 0.000001
3 3 0.000000 0.000001 0.193942 0.806056 0.000000
3 3 0.000029 0.000042 0.217458 0.782468 0.000003
3 3 0.000007 0.000009 0.045209 0.954772 0.000002
3 3 0.000000 0.000001 0.015487 0.984511 0.000000
3 3 0.000008 0.000025 0.044753 0.955213 0.000002
2 3 0.000008 0.000068 0.588605 0.411319 0.000001
3 3 0.000001 0.000012 0.130791 0.869193 0.000003
3 3 0.000002 0.000005 0.032538 0.967455 0.000000
3 3 0.000003 0.000022 0.074630 0.925344 0.000001
3 3 0.000715 0.000279 0.095924 0.903040 0.000042
3 3 0.000003 0.000008 0.014249 0.985739 0.000002
3 3 0.000004 0.000009 0.019810 0.980177 0.000001
3 3 0.000007 0.000097 0.125505 0.874388 0.000004
3 3 0.000001 0.000004 0.013877 0.986117 0.000001
3 3 0.000286 0.000352 0.117039 0.882281 0.000041
3 3 0.000017 0.000025 0.036830 0.963121 0.000006
3 3 0.000003 0.000002 0.011711 0.988284 0.000000
3 3 0.000011 0.000011 0.016112 0.983860 0.000006
3 3 0.001433 0.000385 0.115644 0.882478 0.000060
3 3 0.018663 0.001803 0.061841 0.916274 0.001418
3 3 0.000000 0.000000 0.004300 0.995700 0.000000
3 3 0.000001 0.000004 0.012691 0.987304 0.000000
3 3 0.000000 0.000000 0.003852 0.996147 0.000000
3 3 0.000001 0.000001 0.004717 0.995282 0.000000
3 3 0.000024 0.000011 0.006911 0.993050 0.000004
3 3 0.000004 0.000004 0.005947 0.994044 0.000001
3 3 0.000005 0.000046 0.095825 0.904123 0.000002
3 3 0.000003 0.000008 0.031515 0.968474 0.000000
3 3 0.000002 0.000003 0.010240 0.989755 0.000000
3 3 0.000000 0.000000 0.026730 0.973269 0.000000
3 3 0.000001 0.000003 0.011756 0.988239 0.000000
3 3 0.000000 0.000006 0.075469 0.924525 0.000000
3 3 0.000000 0.000000 0.002238 0.997762 0.000000
3 3 0.000000 0.000001 0.004753 0.995246 0.000000
3 3 0.000000 0.000001 0.016793 0.983205 0.000000
3 3 0.000013 0.000003 0.005438 0.994544 0.000001
3 3 0.000008 0.000065 0.051093 0.948828 0.000005
3 3 0.000002 0.000016 0.050757 0.949224 0.000001
3 3 0.000002 0.000000 0.001728 0.998270 0.000000
3 3 0.000001 0.000001 0.003833 0.996166 0.000000
3 3 0.000007 0.000001 0.001818 0.998173 0.000001
3 3 0.076231 0.004032 0.127699 0.789476 0.002562
3 3 0.000000 0.000001 0.003075 0.996924 0.000000
3 3 0.000000 0.000000 0.001491 0.998509 0.000000
3 3 0.000001 0.000005 0.018369 0.981625 0.000000
3 3 0.000006 0.000006 0.006495 0.993491 0.000001
3 3 0.000013 0.000010 0.008962 0.991013 0.000002
3 3 0.000444 0.000098 0.010436 0.988943 0.000079
3 3 0.000891 0.001014 0.054733 0.942080 0.001282
3 3 0.000227 0.000960 0.095763 0.902860 0.000190
3 3 0.000024 0.000015 0.013213 0.986740 0.000007
2 3 0.331633 0.056557 0.459637 0.135270 0.016903
3 3 0.028424 0.014932 0.339819 0.612194 0.004631
2 3 0.000140 0.001540 0.711035 0.287126 0.000160
3 3 0.000189 0.000661 0.248076 0.751033 0.000041
2 3 0.005889 0.023129 0.841690 0.124299 0.004993
2 3 0.000538 0.004751 0.759256 0.234639 0.000816
2 3 0.000193 0.002005 0.677837 0.319912 0.000052
3 3 0.000248 0.001773 0.481376 0.516525 0.000078
2 3 0.008968 0.015341 0.829942 0.141038 0.004711
3 3 0.000027 0.000531 0.320494 0.678792 0.000157
2 3 0.000559 0.023759 0.941589 0.031742 0.002351
2 3 0.002227 0.056613 0.895531 0.009895 0.035733
2 3 0.001851 0.028341 0.939585 0.025240 0.004983
2 3 0.002696 0.016249 0.945273 0.028053 0.007729
2 3 0.000062 0.001043 0.994219 0.004603 0.000073
2 3 0.000044 0.000308 0.714955 0.284681 0.000012
3 3 0.000328 0.000333 0.241414 0.757894 0.000031
3 3 0.008075 0.002945 0.452741 0.535947 0.000292
3 3 0.000015 0.000059 0.142201 0.857721 0.000003
2 3 0.000171 0.000808 0.673118 0.325565 0.000338
2 3 0.001822 0.006527 0.962950 0.025855 0.002847
2 3 0.000094 0.001283 0.911408 0.087105 0.000110
3 3 0.003133 0.010247 0.364801 0.614359 0.007460
2 3 0.000252 0.003446 0.800250 0.195425 0.000627
3 3 0.000025 0.000330 0.115257 0.884362 0.000026
3 3 0.000745 0.003680 0.167245 0.826246 0.002085
2 3 0.001076 0.018914 0.793282 0.182703 0.004025
2 3 0.009034 0.034143 0.657495 0.294108 0.005220
2 3 0.000528 0.005605 0.802344 0.191211 0.000313
2 3 0.006807 0.125826 0.670749 0.176479 0.020139
2 2 0.000024 0.009551 0.834578 0.155662 0.000186
2 2 0.002779 0.099493 0.884995 0.009768 0.002965
2 2 0.026460 0.367115 0.473820 0.010251 0.122354
2 2 0.005616 0.145115 0.645410 0.095116 0.108743
2 2 0.012674 0.325396 0.503442 0.011056 0.147432
2 2 0.000049 0.013400 0.953834 0.025679 0.007038
2 2 0.000874 0.077501 0.836048 0.058676 0.026900
2 2 0.000404 0.023663 0.927917 0.040812 0.007204
2 2 0.000714 0.068757 0.859585 0.063192 0.007753
2 2 0.004837 0.301713 0.670822 0.001176 0.021451
2 2 0.009191 0.302078 0.673675 0.002533 0.012523
1 2 0.061194 0.473814 0.434082 0.000886 0.030024
2 2 0.158063 0.383327 0.405473 0.003564 0.049572
4 2 0.020446 0.088486 0.035951 0.000037 0.855080
0 2 0.361406 0.281949 0.042977 0.000114 0.313554
1 2 0.277777 0.493345 0.094036 0.000051 0.134791
1 2 0.086533 0.526989 0.284417 0.001797 0.100264
2 2 0.023262 0.344182 0.388956 0.008324 0.235275
4 2 0.019986 0.296195 0.313893 0.003037 0.366890
2 2 0.016047 0.352650 0.536019 0.026801 0.068483
1 2 0.052890 0.394741 0.372969 0.025070 0.154330
1 2 0.083250 0.498651 0.308588 0.005774 0.103737
0 2 0.404423 0.294262 0.070248 0.001807 0.229261
1 2 0.151028 0.437125 0.176049 0.002517 0.233282
1 2 0.095330 0.505603 0.237379 0.000831 0.160857
1 1 0.101399 0.386752 0.280193 0.001907 0.229749
1 1 0.124858 0.360008 0.196515 0.000458 0.318161
4 1 0.012437 0.307394 0.328063 0.000386 0.351721
4 1 0.013647 0.253430 0.327509 0.005405 0.400008
4 1 0.014837 0.265673 0.350641 0.007189 0.361660
1 1 0.069261 0.499493 0.354422 0.001567 0.075258
1 1 0.333545 0.377902 0.090448 0.001718 0.196387
4 1 0.112155 0.294332 0.088640 0.000152 0.504720
1 1 0.029803 0.369214 0.264571 0.000365 0.336048
4 1 0.023210 0.259198 0.228022 0.001906 0.487664
4 1 0.015874 0.128455 0.186522 0.002625 0.666524
4 1 0.023923 0.306650 0.228904 0.000321 0.440201
4 1 0.118266 0.336849 0.123452 0.000717 0.420716
4 1 0.095168 0.056258 0.015039 0.000022 0.833513
1 1 0.090001 0.387552 0.147817 0.000195 0.374434
1 1 0.059391 0.485300 0.373349 0.000367 0.081593
1 1 0.403880 0.413612 0.089437 0.000278 0.092792
1 1 0.326237 0.418544 0.100952 0.001293 0.152975
1 1 0.165726 0.525707 0.192331 0.001151 0.115085
4 1 0.096068 0.336072 0.121482 0.000247 0.446131
1 1 0.355100 0.383720 0.096784 0.001787 0.162609
1 0 0.236724 0.334068 0.126470 0.000789 0.301949
4 0 0.105973 0.106179 0.023804 0.000069 0.763975
1 0 0.197473 0.456768 0.110571 0.000071 0.235117
4 1 0.100108 0.210720 0.058951 0.000132 0.630088
4 1 0.104769 0.125538 0.027978 0.000115 0.741600
4 1 0.207308 0.246783 0.043478 0.000043 0.502389
4 1 0.071085 0.202530 0.065388 0.000108 0.660889
4 1 0.041057 0.074490 0.023615 0.000177 0.860661
0 0 0.517005 0.142535 0.115700 0.059078 0.165681
0 0 0.447534 0.218584 0.022227 0.000021 0.311635
0 0 0.632618 0.193561 0.045599 0.000136 0.128086
0 0 0.723805 0.111528 0.071934 0.007824 0.084909
4 0 0.207849 0.228205 0.087233 0.006177 0.470536
0 0 0.820813 0.106042 0.020116 0.000164 0.052865
0 0 0.563515 0.279961 0.030751 0.000068 0.125705
4 0 0.302095 0.322043 0.045805 0.000018 0.330039
2 0 0.013164 0.377530 0.416862 0.000416 0.192028
1 0 0.031862 0.361537 0.353020 0.000429 0.253153
1 0 0.142355 0.593858 0.203601 0.000274 0.059912
0 0 0.581812 0.180822 0.031005 0.000137 0.206225
0 0 0.496727 0.292697 0.061989 0.000302 0.148285
1 0 0.337257 0.478417 0.093766 0.000193 0.090367
0 0 0.635494 0.244974 0.063106 0.000174 0.056252
0 0 0.585766 0.264761 0.031882 0.000186 0.117405
4 0 0.097231 0.037405 0.020782 0.000120 0.844463
4 1 0.036148 0.189910 0.136158 0.006051 0.631732
4 1 0.209704 0.341740 0.067812 0.000048 0.380697
0 1 0.476044 0.233937 0.025050 0.000036 0.264933
4 1 0.175569 0.123332 0.025620 0.000062 0.675417
4 1 0.172228 0.055471 0.010412 0.000003 0.761885
4 1 0.063936 0.072947 0.013458 0.000013 0.849646
2 1 0.014639 0.315184 0.357421 0.000776 0.311979
4 1 0.025619 0.186653 0.186932 0.012174 0.588623
1 1 0.053004 0.434135 0.310396 0.003338 0.199127
4 1 0.025468 0.280285 0.300156 0.013143 0.380948
4 1 0.032665 0.236112 0.197918 0.007728 0.525578
2 1 0.006883 0.267830 0.467097 0.003122 0.255069
4 1 0.318754 0.255339 0.065539 0.000274 0.360093
4 1 0.209615 0.111749 0.010495 0.000002 0.668140
4 1 0.090997 0.043526 0.005821 0.000001 0.859656
4 1 0.076264 0.063468 0.007850 0.000001 0.852416
4 1 0.017863 0.244100 0.227698 0.001160 0.509180
1 1 0.071545 0.359059 0.215302 0.004402 0.349692
1 1 0.067886 0.469989 0.234294 0.000343 0.227487
1 1 0.144338 0.504835 0.215656 0.002549 0.132623
0 1 0.769508 0.115282 0.071752 0.001351 0.042106
0 0 0.680317 0.107201 0.070013 0.011153 0.131316
0 0 0.673329 0.109566 0.036202 0.000024 0.180879
0 0 0.956668 0.015809 0.016858 0.000876 0.009789
0 0 0.599286 0.276909 0.038844 0.000111 0.084850
0 0 0.727500 0.167630 0.025681 0.000178 0.079012
4 0 0.069406 0.073473 0.045516 0.000850 0.810754
4 0 0.026285 0.099406 0.060081 0.002446 0.811782
0 0 0.739975 0.086443 0.102308 0.015129 0.056145
0 0 0.663634 0.104328 0.086326 0.031273 0.114438
0 0 0.949562 0.032921 0.003093 0.000001 0.014423
0 0 0.969481 0.010819 0.009447 0.000739 0.009514
0 1 0.910269 0.036142 0.014857 0.000230 0.038502
0 1 0.441914 0.166124 0.044401 0.000153 0.347408
0 1 0.832060 0.045258 0.032047 0.001694 0.088941
0 1 0.771679 0.070208 0.033791 0.000898 0.123424
0 1 0.347812 0.293608 0.089206 0.000057 0.269317
1 1 0.149276 0.382741 0.121963 0.000434 0.345587
4 1 0.054091 0.119891 0.033424 0.000045 0.792549
0 1 0.480025 0.107324 0.038888 0.000379 0.373384
0 1 0.493141 0.344380 0.039125 0.000026 0.123328
1 1 0.106769 0.395068 0.179159 0.001842 0.317163
1 1 0.261234 0.405141 0.128671 0.005163 0.199791
1 1 0.207215 0.573554 0.152422 0.000181 0.066628
0 1 0.580309 0.305443 0.069480 0.000062 0.044706
1 1 0.362000 0.405579 0.163971 0.000555 0.067894
1 4 0.116983 0.408531 0.389230 0.002714 0.082543
0 4 0.620287 0.104986 0.058441 0.003314 0.212971
1 4 0.247489 0.546219 0.131086 0.000189 0.075016
1 4 0.053859 0.575575 0.339538 0.000276 0.030752
1 4 0.149812 0.597322 0.194604 0.000221 0.058040
2 4 0.090018 0.391531 0.503317 0.000346 0.014788
1 4 0.282834 0.392355 0.102019 0.000533 0.222260
0 4 0.649974 0.203785 0.020298 0.000013 0.125930
0 4 0.499232 0.226904 0.022248 0.000024 0.251592
4 4 0.153990 0.227800 0.034004 0.000003 0.584203
4 4 0.232368 0.213140 0.027765 0.000008 0.526718
0 0 0.558844 0.131101 0.042044 0.000541 0.267471
1 0 0.341232 0.395633 0.094047 0.001627 0.167460
0 0 0.738595 0.119792 0.024297 0.000133 0.117183
0 0 0.816256 0.081153 0.031577 0.001058 0.069956
4 0 0.313267 0.216383 0.099708 0.001489 0.369153
0 0 0.410548 0.187047 0.059845 0.001439 0.341120
0 0 0.503733 0.383068 0.044569 0.000017 0.068613
0 0 0.693312 0.181984 0.073151 0.000483 0.051070
0 0 0.893844 0.059079 0.014881 0.000161 0.032036
0 0 0.781682 0.059347 0.010840 0.000008 0.148123
0 0 0.869155 0.022040 0.016221 0.000225 0.092359
0 0 0.902867 0.037041 0.025200 0.002430 0.032462
4 0 0.322268 0.172728 0.055082 0.000982 0.448941
0 0 0.347813 0.296894 0.096990 0.000162 0.258141
0 0 0.548926 0.145032 0.086582 0.002132 0.217327
0 0 0.677920 0.169154 0.044541 0.001265 0.107121
0 0 0.799609 0.056260 0.007150 0.000002 0.136979
0 0 0.606813 0.040642 0.009314 0.000003 0.343228
0 0 0.778590 0.025680 0.015956 0.000087 0.179687
4 0 0.087283 0.022034 0.015398 0.000075 0.875210
4 0 0.130154 0.009741 0.008129 0.000011 0.851966
4 0 0.094813 0.036492 0.001627 0.000000 0.867068
4 0 0.044575 0.057643 0.010551 0.000005 0.887226
4 0 0.029100 0.055141 0.025337 0.000439 0.889982
4 1 0.027661 0.137342 0.079233 0.000750 0.755014
4 1 0.026129 0.208437 0.182292 0.005895 0.577247
0 1 0.437458 0.178420 0.314784 0.018591 0.050747
0 0 0.876339 0.032803 0.033762 0.004826 0.052271
0 0 0.800929 0.061664 0.023120 0.000234 0.114053
0 0 0.652640 0.025789 0.077269 0.068688 0.175614
4 0 0.126111 0.094737 0.066931 0.000517 0.711705
0 0 0.522416 0.090838 0.069030 0.000703 0.317013
1 0 0.205995 0.352624 0.120702 0.004571 0.316108
0 0 0.345668 0.287685 0.040303 0.000022 0.326321
0 0 0.344165 0.327480 0.050372 0.000063 0.277920
4 0 0.033291 0.059993 0.018124 0.000090 0.888502
1 0 0.063373 0.591739 0.287665 0.000148 0.057076
1 1 0.046476 0.608178 0.320086 0.000085 0.025174
2 0 0.001676 0.117976 0.853211 0.022031 0.005105
0 0 0.345545 0.246690 0.134098 0.001812 0.271855
0 0 0.570097 0.317497 0.035565 0.000047 0.076795
4 0 0.267561 0.088792 0.019683 0.000025 0.623939
4 0 0.215547 0.295393 0.070926 0.000432 0.417701
4 0 0.213131 0.269792 0.047696 0.000038 0.469343
0 0 0.554376 0.268858 0.028033 0.000044 0.148688
1 0 0.242673 0.492365 0.119731 0.000221 0.145009
4 0 0.405034 0.123821 0.014789 0.000005 0.456352
4 0 0.295158 0.139718 0.087713 0.000816 0.476595
0 0 0.868578 0.031007 0.026204 0.001423 0.072788
4 0 0.024396 0.046149 0.014721 0.000064 0.914670
4 0 0.076246 0.029140 0.012025 0.000021 0.882567
4 0 0.053503 0.042915 0.004664 0.000000 0.898917
4 0 0.032681 0.052018 0.009585 0.000002 0.905714
4 0 0.018122 0.023225 0.003853 0.000001 0.954800
4 0 0.018444 0.021427 0.003115 0.000000 0.957014
4 0 0.083001 0.103411 0.017129 0.000006 0.796453
4 0 0.077172 0.216722 0.092668 0.001441 0.611998
2 0 0.035555 0.319056 0.579013 0.003812 0.062564
1 0 0.199108 0.487373 0.104139 0.000028 0.209353
1 1 0.337591 0.411457 0.118317 0.001318 0.131316
2 1 0.163674 0.296418 0.337543 0.022805 0.179560
1 1 0.050245 0.434539 0.250681 0.000380 0.264155
2 1 0.254645 0.262469 0.373805 0.027354 0.081727
0 0 0.817337 0.096288 0.027131 0.000564 0.058680
0 0 0.498140 0.374831 0.064585 0.000065 0.062379
0 0 0.954455 0.027784 0.005509 0.000019 0.012234
1 0 0.319522 0.523536 0.115178 0.000035 0.041729
0 0 0.985703 0.008341 0.002184 0.000007 0.003766
0 0 0.894331 0.045341 0.023698 0.001351 0.035279
0 0 0.653556 0.248562 0.058787 0.000057 0.039038
0 0 0.915909 0.055310 0.006543 0.000008 0.022230
0 0 0.889255 0.067250 0.027853 0.000072 0.015570
0 0 0.854602 0.108513 0.016964 0.000009 0.019912
0 0 0.867413 0.084294 0.029026 0.000064 0.019203
0 0 0.969026 0.018368 0.004214 0.000016 0.008376
0 0 0.937435 0.032361 0.010872 0.000160 0.019172
0 0 0.921845 0.039933 0.013606 0.000240 0.024377
0 0 0.771057 0.133382 0.025937 0.000272 0.069352
4 0 0.209412 0.165465 0.024786 0.000038 0.600299
1 0 0.261477 0.360179 0.163918 0.000636 0.213790
0 0 0.527700 0.271126 0.141067 0.000902 0.059206
1 0 0.334532 0.532291 0.083817 0.000024 0.049336
0 0 0.528323 0.370234 0.042928 0.000023 0.058492
1 0 0.103726 0.655725 0.212761 0.000038 0.027750
1 0 0.129883 0.688718 0.162371 0.000006 0.019022
0 0 0.780316 0.132230 0.017126 0.000006 0.070323
1 0 0.204442 0.569075 0.133195 0.000053 0.093235
1 0 0.393625 0.457901 0.072725 0.000077 0.075672
1 0 0.139987 0.610203 0.198972 0.000160 0.050679
1 1 0.260220 0.488438 0.132199 0.000829 0.118315
1 1 0.117306 0.531533 0.251391 0.002235 0.097535
1 1 0.069325 0.583558 0.306386 0.000367 0.040364
2 1 0.024818 0.291476 0.663761 0.003569 0.016376
0 1 0.444334 0.165738 0.326470 0.017334 0.046123
1 0 0.374880 0.430223 0.078006 0.000207 0.116683
0 0 0.805316 0.124247 0.017136 0.000071 0.053230
0 0 0.690706 0.057638 0.017067 0.000035 0.234554
0 0 0.886760 0.035678 0.013056 0.000077 0.064429
0 0 0.980893 0.010717 0.003122 0.000015 0.005253
0 0 0.928662 0.025069 0.002863 0.000000 0.043406
0 0 0.831160 0.118991 0.004748 0.000000 0.045101
0 0 0.382465 0.348366 0.048394 0.000037 0.220738
0 0 0.810260 0.157337 0.006313 0.000001 0.026089
0 0 0.830093 0.111836 0.022356 0.000066 0.035648
0 0 0.926737 0.041669 0.009266 0.000052 0.022276
0 0 0.882176 0.077727 0.003837 0.000000 0.036259
0 0 0.989189 0.005077 0.002592 0.000032 0.003110
0 0 0.972303 0.015060 0.004688 0.000034 0.007915
0 0 0.883449 0.054212 0.012755 0.000057 0.049526
0 0 0.871018 0.098179 0.008071 0.000003 0.022729
1 0 0.154379 0.629849 0.175060 0.000061 0.040650
0 0 0.632075 0.223437 0.069870 0.000584 0.074033
1 0 0.424913 0.453152 0.061399 0.000031 0.060506
0 0 0.478074 0.358984 0.114612 0.000144 0.048186
0 0 0.718022 0.112161 0.036694 0.000698 0.132426
0 0 0.525814 0.261480 0.156944 0.001060 0.054701
0 0 0.451705 0.275465 0.142109 0.005766 0.124955
0 0 0.771449 0.147868 0.049016 0.000116 0.031551
0 0 0.638409 0.239204 0.057664 0.000214 0.064509
0 0 0.540122 0.239327 0.169660 0.001365 0.049525
0 0 0.822292 0.126496 0.010281 0.000011 0.040920
0 0 0.828071 0.098210 0.037315 0.000324 0.036080
0 0 0.716921 0.175743 0.023089 0.000102 0.084145
0 0 0.583950 0.087922 0.031389 0.000225 0.296514
1 0 0.347735 0.406315 0.092267 0.001130 0.152552
1 1 0.209827 0.476690 0.099928 0.000032 0.213524
0 1 0.317419 0.258886 0.124535 0.007903 0.291257
1 1 0.286326 0.413057 0.093596 0.000400 0.206621
1 1 0.256267 0.411433 0.142644 0.001259 0.188397
0 1 0.682775 0.193960 0.024904 0.000103 0.098258
2 1 0.035338 0.244279 0.682241 0.014724 0.023417
0 1 0.490673 0.037197 0.011058 0.000006 0.461067
1 1 0.315809 0.398759 0.072519 0.000105 0.212809
4 0 0.070981 0.173865 0.050038 0.000064 0.705052
0 0 0.505599 0.179295 0.041589 0.000373 0.273143
0 0 0.881210 0.054754 0.013988 0.000082 0.049966
1 0 0.176487 0.425691 0.169950 0.005198 0.222674
1 0 0.153036 0.466666 0.164374 0.000703 0.215220
0 0 0.472774 0.206809 0.044873 0.000448 0.275096
0 0 0.557854 0.204715 0.022850 0.000033 0.214548
0 0 0.843854 0.098679 0.014645 0.000061 0.042762
0 0 0.366514 0.274337 0.032670 0.000016 0.326464
4 0 0.158409 0.151364 0.027363 0.000070 0.662795
0 0 0.765555 0.159498 0.023009 0.000057 0.051881
0 0 0.345542 0.308039 0.138601 0.000665 0.207153
0 0 0.637036 0.158952 0.027678 0.000112 0.176221
0 0 0.717550 0.121369 0.065617 0.000639 0.094825
0 0 0.958828 0.016390 0.011067 0.000597 0.013118
0 0 0.895703 0.057553 0.016203 0.000185 0.030356
0 0 0.762353 0.115829 0.022301 0.000115 0.099403
4 0 0.137377 0.085277 0.009381 0.000002 0.767963
1 0 0.355952 0.435705 0.149487 0.000250 0.058607
1 0 0.341230 0.455937 0.088398 0.000202 0.114233
2 0 0.034843 0.267591 0.650874 0.010124 0.036569
1 0 0.199277 0.412765 0.122306 0.000727 0.264924
4 0 0.228958 0.262461 0.085087 0.001223 0.422271
0 0 0.561506 0.181724 0.104770 0.013625 0.138374
1 0 0.112372 0.572189 0.215337 0.000203 0.099899
1 0 0.257364 0.465967 0.126198 0.000858 0.149612
0 1 0.751341 0.135196 0.033092 0.000634 0.079736
0 1 0.403408 0.396192 0.052557 0.000024 0.147820
1 1 0.325581 0.360361 0.045320 0.000007 0.268731
1 1 0.233772 0.559037 0.135078 0.000146 0.071967
1 1 0.170874 0.534062 0.192576 0.001153 0.101335
0 1 0.465081 0.335650 0.050482 0.000226 0.148561
1 1 0.028482 0.526453 0.418337 0.000504 0.026223
2 1 0.036676 0.211249 0.682971 0.014090 0.055014
1 1 0.201175 0.563196 0.174046 0.000214 0.061370
1 1 0.169249 0.534993 0.193915 0.001150 0.100692
1 1 0.108300 0.445142 0.264671 0.016715 0.165172
1 1 0.059417 0.548630 0.347004 0.000789 0.044160
1 1 0.106894 0.415051 0.258949 0.028535 0.190571
1 1 0.063386 0.536058 0.309563 0.000773 0.090219
2 2 0.002842 0.216485 0.775067 0.001257 0.004348
2 2 0.009175 0.164447 0.796089 0.019610 0.010680
2 2 0.006298 0.203436 0.768955 0.010563 0.010747
2 2 0.003897 0.043467 0.937746 0.013779 0.001112
2 2 0.025989 0.169489 0.790654 0.005834 0.008032
2 2 0.006136 0.061611 0.928264 0.002937 0.001052
2 2 0.004307 0.018139 0.851706 0.124892 0.000957
2 2 0.004163 0.091772 0.879312 0.020843 0.003910
2 2 0.000968 0.095585 0.900716 0.001602 0.001128
2 2 0.000967 0.081482 0.914091 0.002403 0.001056
2 2 0.000166 0.043086 0.955645 0.000892 0.000211
2 2 0.000620 0.073703 0.923169 0.001684 0.000824
2 3 0.000043 0.010985 0.984375 0.004528 0.000069
2 3 0.004779 0.008883 0.979823 0.006420 0.000095
2 3 0.000062 0.001019 0.996028 0.002890 0.000002
2 3 0.000065 0.000871 0.998255 0.000806 0.000003
2 3 0.000060 0.004146 0.994095 0.001690 0.000009
2 3 0.000258 0.022285 0.976957 0.000434 0.000066
2 3 0.000279 0.001563 0.995818 0.002337 0.000004
2 3 0.001243 0.001193 0.963488 0.034066 0.000010
2 3 0.004259 0.001482 0.987673 0.006578 0.000008
2 3 0.000227 0.000284 0.965480 0.034008 0.000001
2 3 0.001975 0.002564 0.830748 0.164647 0.000066
2 3 0.000003 0.000049 0.975046 0.024902 0.000000
2 3 0.000000 0.000011 0.853422 0.146567 0.000000
2 3 0.000116 0.000137 0.866581 0.133165 0.000001
2 3 0.000329 0.000120 0.692844 0.306706 0.000001
2 3 0.000029 0.000322 0.916819 0.082829 0.000001
2 3 0.000390 0.001420 0.879470 0.118700 0.000019
2 3 0.000405 0.000623 0.714379 0.284582 0.000011
2 3 0.011956 0.002097 0.942577 0.043335 0.000035
2 3 0.000365 0.001039 0.828735 0.169847 0.000015
3 3 0.000002 0.000005 0.144707 0.855286 0.000000
3 3 0.000000 0.000006 0.237963 0.762030 0.000000
2 3 0.000067 0.000375 0.565753 0.433799 0.000006
3 3 0.000000 0.000001 0.045462 0.954537 0.000000
2 3 0.000004 0.000027 0.502497 0.497472 0.000000
2 3 0.001118 0.000912 0.665827 0.332118 0.000025
3 3 0.000011 0.000067 0.292103 0.707817 0.000001
3 3 0.000018 0.000126 0.328459 0.671395 0.000002
3 3 0.000000 0.000002 0.056140 0.943858 0.000000
3 3 0.000065 0.000204 0.383879 0.615847 0.000004
3 3 0.000001 0.000011 0.390147 0.609841 0.000000
3 3 0.000030 0.000005 0.011331 0.988633 0.000001
3 3 0.000018 0.000006 0.025488 0.974487 0.000000
3 3 0.000122 0.000075 0.017056 0.982719 0.000028
3 3 0.000000 0.000001 0.009633 0.990366 0.000000
3 3 0.000006 0.000002 0.006585 0.993406 0.000000
3 3 0.000015 0.000023 0.016643 0.983315 0.000004
3 3 0.000033 0.000067 0.086202 0.913694 0.000004
3 3 0.000001 0.000007 0.041263 0.958729 0.000000
3 3 0.000003 0.000038 0.262648 0.737311 0.000000
3 3 0.000022 0.000056 0.200576 0.799344 0.000001
3 3 0.000000 0.000003 0.009964 0.990033 0.000000
3 3 0.000000 0.000001 0.042650 0.957349 0.000000
3 3 0.000365 0.000087 0.024434 0.975084 0.000029
3 3 0.000030 0.000148 0.244472 0.755345 0.000004
3 3 0.000002 0.000285 0.213292 0.786413 0.000008
3 3 0.000003 0.000063 0.110981 0.888952 0.000002
3 3 0.000005 0.000097 0.149563 0.850332 0.000003
3 3 0.000000 0.000001 0.006223 0.993775 0.000000
3 3 0.000002 0.000003 0.006525 0.993470 0.000000
3 3 0.000018 0.000034 0.054787 0.945158 0.000002
3 3 0.000257 0.000199 0.039309 0.960181 0.000053
3 3 0.000066 0.000268 0.180531 0.819121 0.000015
3 3 0.000010 0.000103 0.292875 0.707011 0.000002
3 3 0.000000 0.000018 0.190088 0.809893 0.000000
3 3 0.000002 0.000010 0.018038 0.981949 0.000001
3 3 0.000001 0.000002 0.006868 0.993129 0.000000
3 3 0.000004 0.000006 0.006353 0.993636 0.000001
3 3 0.000004 0.000033 0.057579 0.942383 0.000002
3 3 0.000000 0.000001 0.041110 0.958889 0.000000
3 3 0.000001 0.000006 0.053956 0.946037 0.000000
3 3 0.000003 0.000005 0.010770 0.989220 0.000001
3 3 0.000002 0.000004 0.011368 0.988626 0.000000
3 3 0.000000 0.000001 0.010092 0.989907 0.000000
3 3 0.000000 0.000000 0.012237 0.987762 0.000000
3 3 0.000000 0.000001 0.006132 0.993867 0.000000
3 3 0.000015 0.000011 0.012214 0.987758 0.000002
3 3 0.000073 0.000101 0.023212 0.976585 0.000028
3 3 0.000043 0.000067 0.030865 0.969013 0.000011
3 3 0.000002 0.000045 0.050627 0.949324 0.000003
3 3 0.000000 0.000001 0.004122 0.995876 0.000000
3 3 0.000157 0.000136 0.047908 0.951775 0.000024
3 3 0.000002 0.000002 0.013026 0.986970 0.000000
3 3 0.000001 0.000003 0.018848 0.981148 0.000000
3 3 0.000000 0.000000 0.010001 0.989998 0.000000
3 3 0.000001 0.000013 0.028920 0.971066 0.000001
3 3 0.000002 0.000018 0.067277 0.932702 0.000001
3 3 0.000001 0.000001 0.002843 0.997154 0.000000
3 3 0.000008 0.000005 0.009784 0.990203 0.000001
3 3 0.000094 0.000047 0.012449 0.987390 0.000019
3 3 0.000011 0.000008 0.007146 0.992833 0.000002
3 3 0.000047 0.000754 0.205653 0.793499 0.000047
3 3 0.000006 0.000026 0.021522 0.978443 0.000003
3 3 0.000005 0.000005 0.006477 0.993512 0.000001
3 3 0.000174 0.000455 0.198898 0.800441 0.000031
3 3 0.000006 0.000066 0.051629 0.948294 0.000005
3 3 0.000001 0.000001 0.004227 0.995770 0.000000
3 3 0.000000 0.000001 0.006426 0.993573 0.000000
3 3 0.000410 0.000080 0.016837 0.982635 0.000038
3 3 0.000009 0.000035 0.024834 0.975117 0.000005
3 3 0.000166 0.000045 0.007832 0.991927 0.000030
3 3 0.000001 0.000011 0.025155 0.974833 0.000001
3 3 0.000006 0.000012 0.012861 0.987119 0.000002
3 3 0.000013 0.000003 0.002824 0.997158 0.000002
3 3 0.000069 0.000018 0.004996 0.994906 0.000011
3 3 0.000001 0.000000 0.001409 0.998589 0.000000
3 3 0.000026 0.000145 0.071198 0.928618 0.000013
3 3 0.000163 0.000149 0.015651 0.983958 0.000079
3 3 0.000006 0.000037 0.019911 0.980041 0.000005
3 3 0.000009 0.000043 0.041792 0.958153 0.000004
3 3 0.000000 0.000008 0.028076 0.971915 0.000000
3 3 0.002684 0.004807 0.418665 0.573324 0.000521
3 3 0.000008 0.000017 0.036736 0.963237 0.000001
3 3 0.000006 0.000022 0.036425 0.963546 0.000001
3 3 0.000008 0.000018 0.016892 0.983080 0.000003
3 3 0.000066 0.000147 0.044559 0.955203 0.000025
2 3 0.000064 0.002401 0.662035 0.335409 0.000092
3 3 0.000759 0.005351 0.455406 0.538036 0.000448
3 3 0.001870 0.003503 0.200679 0.793214 0.000734
2 3 0.000293 0.011326 0.847547 0.140036 0.000798
2 3 0.001515 0.003286 0.845386 0.149595 0.000218
2 3 0.001703 0.011603 0.961126 0.024935 0.000633
2 3 0.000323 0.004418 0.926811 0.068077 0.000371
2 3 0.000404 0.006091 0.853835 0.139305 0.000365
2 3 0.001700 0.036000 0.898453 0.061846 0.002002
2 3 0.004546 0.187778 0.796734 0.004651 0.006291
2 3 0.004362 0.032974 0.809328 0.150925 0.002410
2 3 0.000144 0.015563 0.915348 0.068627 0.000319
2 3 0.000148 0.043428 0.951811 0.004211 0.000402
2 3 0.001232 0.112589 0.871090 0.011643 0.003446
2 3 0.000954 0.088595 0.822499 0.079803 0.008148
2 2 0.001683 0.027171 0.943393 0.027075 0.000679
2 2 0.001286 0.098587 0.864847 0.030947 0.004334
2 2 0.000303 0.023165 0.929380 0.046620 0.000531
2 2 0.000071 0.000728 0.957625 0.041573 0.000003
2 2 0.000226 0.002653 0.950592 0.046503 0.000026
2 2 0.003302 0.009440 0.973338 0.013787 0.000133
2 2 0.076658 0.088542 0.814892 0.011101 0.008808
2 2 0.025747 0.028753 0.942548 0.001498 0.001454
2 2 0.004311 0.033684 0.931109 0.029562 0.001333
2 2 0.000167 0.002508 0.952909 0.044394 0.000022
2 2 0.003503 0.164362 0.801956 0.008371 0.021808
1 2 0.159356 0.605388 0.184614 0.000091 0.050550
2 2 0.002981 0.040933 0.808709 0.141819 0.005558
2 2 0.002704 0.151341 0.826746 0.012826 0.006382
2 2 0.001871 0.030651 0.898011 0.063656 0.005810
2 2 0.006868 0.134535 0.831775 0.012073 0.014750
2 2 0.005140 0.104984 0.881945 0.000875 0.007055
2 2 0.002302 0.133660 0.833006 0.001557 0.029474
1 2 0.152236 0.562324 0.204231 0.000663 0.080546
0 2 0.664639 0.196391 0.075073 0.000269 0.063627
1 2 0.308811 0.414217 0.122659 0.001222 0.153092
1 2 0.046273 0.406554 0.335705 0.007637 0.203831
2 2 0.013219 0.318226 0.475216 0.009908 0.183431
2 2 0.003642 0.118357 0.690942 0.123276 0.063783
2 2 0.022344 0.338837 0.505188 0.054214 0.079418
2 2 0.001677 0.049395 0.800894 0.081655 0.066379
2 2 0.002146 0.136896 0.681166 0.010408 0.169384
2 2 0.001267 0.069955 0.796014 0.119137 0.013628
2 2 0.000208 0.017372 0.947590 0.030843 0.003987
2 2 0.012671 0.264991 0.570178 0.011533 0.140627
2 2 0.002427 0.158804 0.690665 0.009110 0.138995
2 2 0.000910 0.038599 0.814427 0.123713 0.022351
2 2 0.000548 0.021626 0.858092 0.111860 0.007874
2 2 0.004802 0.121372 0.551533 0.019958 0.302335
2 2 0.005982 0.049226 0.883240 0.012296 0.049256
2 2 0.001697 0.131032 0.814544 0.019115 0.033612
2 2 0.000616 0.037079 0.913618 0.039116 0.009571
2 2 0.003612 0.108932 0.839871 0.025180 0.022405
2 2 0.000663 0.011006 0.975433 0.010227 0.002671
2 2 0.000087 0.002707 0.884680 0.112320 0.000206
2 2 0.004780 0.118516 0.854412 0.007340 0.014953
2 2 0.002250 0.022947 0.963725 0.010398 0.000681
2 2 0.000067 0.005905 0.988591 0.005338 0.000100
2 2 0.001001 0.011069 0.935378 0.052208 0.000344
2 2 0.000042 0.001604 0.936621 0.061721 0.000011
2 2 0.000970 0.047363 0.861596 0.085082 0.004989
2 2 0.030729 0.261690 0.563618 0.083287 0.060677
0 0 0.918975 0.046775 0.024587 0.000058 0.009604
0 2 0.407941 0.189856 0.119117 0.001109 0.281977
1 2 0.034071 0.356456 0.295755 0.002687 0.311031
4 2 0.034757 0.273093 0.279727 0.024900 0.387523
2 2 0.007000 0.229616 0.665407 0.042196 0.055780
2 2 0.001834 0.104799 0.778295 0.056057 0.059015
2 2 0.000472 0.086961 0.879281 0.010543 0.022742
2 2 0.000548 0.020091 0.743104 0.231438 0.004818
2 2 0.004151 0.126420 0.565425 0.015068 0.288936
2 2 0.016839 0.225870 0.649155 0.018682 0.089454
2 2 0.002140 0.023813 0.600426 0.362169 0.011452
2 2 0.002145 0.026062 0.953191 0.012261 0.006342
2 2 0.000236 0.022989 0.889967 0.084464 0.002344
2 2 0.002301 0.128935 0.846424 0.001223 0.021117
2 2 0.002343 0.059937 0.854776 0.075163 0.007781
2 2 0.000502 0.014534 0.779180 0.204983 0.000801
2 2 0.003047 0.249665 0.736382 0.002774 0.008132
1 2 0.248243 0.403929 0.303216 0.000966 0.043646
2 2 0.038320 0.442938 0.480005 0.002524 0.036213
1 2 0.109162 0.401055 0.199659 0.004459 0.285664
1 2 0.103975 0.518808 0.201607 0.000217 0.175392
1 2 0.022683 0.432121 0.419591 0.001184 0.124421
4 2 0.030481 0.371624 0.224401 0.000088 0.373406
1 2 0.333483 0.375513 0.070674 0.000074 0.220256
2 2 0.002184 0.029240 0.664464 0.301122 0.002990
1 0 0.162507 0.424237 0.315400 0.002802 0.095054
0 0 0.452727 0.194127 0.015773 0.000005 0.337368
1 0 0.284281 0.428362 0.073817 0.000033 0.213507
1 0 0.243465 0.469543 0.142919 0.001805 0.142267
2 0 0.053938 0.344519 0.579952 0.001820 0.019772
1 0 0.046971 0.472835 0.421198 0.003798 0.055198
4 0 0.039025 0.339735 0.262588 0.003016 0.355635
1 1 0.082446 0.388021 0.186933 0.001001 0.341599
0 1 0.507014 0.154871 0.043804 0.000505 0.293805
4 1 0.136474 0.287759 0.075927 0.000128 0.499711
1 1 0.150153 0.533357 0.243221 0.000769 0.072500
0 0 0.737527 0.156230 0.073911 0.000254 0.032078
2 0 0.009871 0.083671 0.829242 0.070256 0.006960
4 0 0.071166 0.235112 0.085200 0.000187 0.608336
4 0 0.108122 0.226111 0.078549 0.000978 0.586240
2 4 0.008152 0.141986 0.782210 0.035217 0.032435
4 4 0.070219 0.116921 0.037581 0.000545 0.774735
0 4 0.743123 0.084256 0.030014 0.000154 0.142452
4 4 0.082647 0.084561 0.014217 0.000012 0.818563
4 4 0.238435 0.126293 0.024722 0.000046 0.610503
4 4 0.033052 0.036448 0.012892 0.000039 0.917569
4 4 0.012900 0.043334 0.023837 0.000606 0.919323
4 4 0.029914 0.038839 0.007271 0.000004 0.923972
1 4 0.046104 0.392310 0.281267 0.002279 0.278040
2 4 0.010510 0.341376 0.547810 0.002787 0.097517
2 4 0.006416 0.284171 0.531047 0.003822 0.174544
4 4 0.028848 0.312434 0.274896 0.003014 0.380808
4 4 0.036202 0.124578 0.075893 0.005487 0.757841
1 4 0.277867 0.419649 0.122165 0.002991 0.177328
1 4 0.047030 0.530050 0.370273 0.001272 0.051376
2 4 0.020588 0.425771 0.425867 0.000848 0.126927
1 4 0.026836 0.447307 0.400990 0.001140 0.123726
1 4 0.086038 0.380789 0.185034 0.001380 0.346758
1 4 0.019120 0.389974 0.370771 0.000535 0.219601
4 4 0.011745 0.193455 0.232294 0.003137 0.559368
4 4 0.035405 0.178725 0.122305 0.004429 0.659136
1 4 0.089051 0.424431 0.169125 0.000213 0.317180
1 4 0.157879 0.450671 0.250160 0.007633 0.133657
0 4 0.481150 0.092760 0.032243 0.000196 0.393651
1 4 0.311204 0.334282 0.052673 0.000045 0.301795
1 4 0.148210 0.410976 0.092950 0.000018 0.347846
4 4 0.029004 0.189687 0.160593 0.009483 0.611233
4 4 0.027534 0.278830 0.264909 0.006586 0.422142
4 4 0.099157 0.289569 0.138659 0.005057 0.467558
4 4 0.034031 0.217400 0.128429 0.000571 0.619569
2 4 0.025657 0.346582 0.418745 0.024172 0.184844
1 4 0.046975 0.398896 0.303152 0.004019 0.246958
1 4 0.180874 0.460154 0.251161 0.003804 0.104007
4 1 0.192049 0.089946 0.036171 0.000346 0.681488
0 1 0.933912 0.020140 0.012646 0.000281 0.033021
1 4 0.343132 0.415954 0.094283 0.000986 0.145644
1 4 0.216027 0.535324 0.155306 0.000522 0.092821
1 4 0.069899 0.550172 0.318426 0.001274 0.060228
2 4 0.046061 0.412159 0.425045 0.008768 0.107966
2 4 0.002604 0.166127 0.819754 0.006132 0.005384
2 4 0.013482 0.336399 0.594186 0.017124 0.038809
2 4 0.031400 0.406582 0.514023 0.006004 0.041991
2 4 0.046060 0.363922 0.541642 0.008103 0.040273
0 4 0.503701 0.144255 0.066421 0.003231 0.282392
4 0 0.252232 0.123029 0.024991 0.000049 0.599700
4 0 0.273994 0.230673 0.031232 0.000020 0.464081
4 1 0.129228 0.377346 0.110763 0.000114 0.382549
2 1 0.004282 0.267075 0.618879 0.002672 0.107092
2 1 0.022096 0.324095 0.397591 0.016094 0.240124
4 1 0.060805 0.281864 0.207641 0.013817 0.435872
1 1 0.206396 0.364727 0.307585 0.013073 0.108218
1 1 0.081932 0.500648 0.384778 0.000580 0.032061
4 1 0.380340 0.151065 0.063306 0.000765 0.404524
4 1 0.227952 0.178487 0.027144 0.000050 0.566367
4 1 0.009504 0.141461 0.159582 0.001809 0.687644
4 1 0.012859 0.104700 0.092389 0.002152 0.787900
4 1 0.036292 0.200956 0.128251 0.001893 0.632609
4 1 0.204238 0.192940 0.043965 0.000165 0.558692
0 1 0.521754 0.236555 0.122198 0.004985 0.114508
0 1 0.706184 0.240070 0.017032 0.000003 0.036710
0 1 0.780001 0.166737 0.008839 0.000004 0.044419
0 1 0.458306 0.286858 0.031934 0.000023 0.222879
1 1 0.081668 0.440112 0.258902 0.004096 0.215222
1 1 0.024247 0.467531 0.397394 0.000411 0.110416
1 1 0.040828 0.494619 0.385006 0.001874 0.077674
1 1 0.100655 0.548066 0.259681 0.001056 0.090541
1 0 0.059506 0.413550 0.217239 0.000206 0.309499
0 0 0.825343 0.108523 0.017033 0.000087 0.049013
4 0 0.217469 0.130778 0.045950 0.000618 0.605184
1 0 0.138051 0.380853 0.127050 0.000457 0.353588
4 0 0.024289 0.075878 0.035154 0.000407 0.864272
4 0 0.067120 0.083928 0.017802 0.000035 0.831114
1 0 0.210132 0.530430 0.162568 0.000514 0.096357
4 0 0.015442 0.150729 0.134198 0.001714 0.697917
1 1 0.088547 0.474136 0.235458 0.001108 0.200751
2 1 0.031945 0.357703 0.394914 0.026869 0.188569
4 1 0.029423 0.313251 0.294082 0.005810 0.357434
4 1 0.077192 0.273536 0.114209 0.000582 0.534482
4 1 0.103558 0.186826 0.051202 0.000187 0.658227
4 1 0.040798 0.115138 0.068852 0.010282 0.764929
2 1 0.033896 0.324948 0.416423 0.066403 0.158329
2 1 0.002803 0.205617 0.736405 0.009999 0.045176
2 1 0.001906 0.069175 0.880787 0.038046 0.010085
1 0 0.251161 0.483639 0.175602 0.000857 0.088741
1 0 0.105968 0.514583 0.263572 0.002974 0.112902
0 0 0.846780 0.066418 0.031407 0.001745 0.053650
0 0 0.606252 0.260362 0.021437 0.000010 0.111939
0 0 0.532095 0.311712 0.093875 0.000088 0.062230
4 0 0.215453 0.329864 0.068760 0.000092 0.385832
1 1 0.051798 0.429747 0.311594 0.003484 0.203377
1 0 0.034457 0.425652 0.422556 0.000895 0.116440
1 0 0.356076 0.379383 0.153463 0.001947 0.109131
0 0 0.672306 0.207902 0.030389 0.000117 0.089286
0 0 0.610367 0.195978 0.057029 0.002447 0.134179
0 0 0.821255 0.081509 0.042740 0.002014 0.052482
0 0 0.503031 0.231367 0.079707 0.006562 0.179333
1 0 0.164789 0.626864 0.153521 0.000026 0.054800
4 0 0.043764 0.318458 0.230419 0.003393 0.403967
4 0 0.139973 0.145196 0.037444 0.000287 0.677100
1 0 0.047113 0.480778 0.316165 0.000745 0.155198
4 0 0.154191 0.121246 0.050903 0.000181 0.673479
1 0 0.246929 0.428033 0.146970 0.001639 0.176430
0 0 0.453404 0.357883 0.060034 0.000389 0.128289
1 1 0.047242 0.455314 0.371675 0.002300 0.123469
1 1 0.070741 0.504203 0.340826 0.003995 0.080235
1 1 0.067220 0.458445 0.406877 0.004774 0.062685
0 0 0.448899 0.224679 0.076361 0.001467 0.248595
2 0 0.023973 0.404732 0.471252 0.009812 0.090230
0 0 0.577507 0.210473 0.071694 0.000555 0.139771
1 1 0.161001 0.438312 0.168451 0.002236 0.230000
2 1 0.020990 0.331960 0.571079 0.022871 0.053101
1 1 0.075116 0.541417 0.274062 0.000490 0.108914
1 1 0.044879 0.479726 0.445273 0.000919 0.029203
2 1 0.054662 0.346735 0.545567 0.010088 0.042948
0 1 0.627532 0.202817 0.100405 0.001425 0.067821
1 1 0.099963 0.590796 0.254473 0.000415 0.054353
1 1 0.083968 0.573649 0.298790 0.000409 0.043184
2 1 0.009301 0.356316 0.625536 0.000460 0.008387
2 1 0.059634 0.377104 0.524600 0.004113 0.034549
1 1 0.165912 0.392449 0.368878 0.005390 0.067371
0 1 0.478044 0.196288 0.186264 0.025801 0.113602
1 1 0.041944 0.477045 0.320454 0.000538 0.160018
4 4 0.220802 0.332499 0.061316 0.000035 0.385349
1 4 0.305826 0.502984 0.105530 0.000194 0.085466
4 4 0.057657 0.134107 0.040448 0.000084 0.767704
4 4 0.053127 0.071975 0.015926 0.000029 0.858944
4 4 0.331710 0.221055 0.030737 0.000070 0.416427
1 4 0.117041 0.517397 0.240416 0.001930 0.123215
4 4 0.041090 0.282346 0.159361 0.000413 0.516790
4 4 0.042391 0.208977 0.103661 0.000384 0.644587
4 4 0.060906 0.318466 0.124607 0.000072 0.495948
4 4 0.094854 0.255389 0.097471 0.000840 0.551447
4 4 0.338101 0.214553 0.041239 0.000248 0.405860
4 4 0.076015 0.127224 0.039444 0.000439 0.756878
1 4 0.068243 0.458461 0.390903 0.001182 0.081211
3 1 0.039546 0.055471 0.380451 0.500778 0.023753
0 1 0.318955 0.119913 0.244124 0.155360 0.161647
0 1 0.561654 0.147084 0.072930 0.003116 0.215217
4 1 0.108771 0.301162 0.096505 0.000212 0.493351
2 1 0.005114 0.239429 0.465685 0.002177 0.287595
2 1 0.001322 0.105707 0.769504 0.016755 0.106713
2 1 0.001758 0.066171 0.785753 0.117558 0.028760
2 1 0.018877 0.259012 0.454542 0.041728 0.225842
2 1 0.000691 0.015330 0.927661 0.055558 0.000761
2 1 0.000334 0.007520 0.972817 0.018454 0.000875
2 1 0.001563 0.008871 0.959896 0.027969 0.001701
2 1 0.002804 0.005368 0.990286 0.000952 0.000589
2 1 0.015338 0.005922 0.973048 0.005481 0.000211
2 1 0.113615 0.086522 0.798115 0.000398 0.001349
2 2 0.084181 0.054235 0.857954 0.002321 0.001309
2 2 0.000978 0.001947 0.989692 0.007373 0.000010
2 2 0.001136 0.003689 0.987201 0.007949 0.000025
2 2 0.000419 0.001467 0.965595 0.032505 0.000014
2 2 0.001175 0.001676 0.950585 0.046546 0.000018
2 2 0.001318 0.002610 0.978720 0.017329 0.000022
2 2 0.000342 0.001872 0.975710 0.022063 0.000012
2 2 0.005562 0.003884 0.982090 0.008428 0.000036
2 2 0.012720 0.003985 0.967024 0.016216 0.000055
2 2 0.000006 0.000152 0.996528 0.003313 0.000001
2 2 0.000117 0.000242 0.974211 0.025429 0.000001
2 2 0.000108 0.000625 0.990165 0.009101 0.000002
2 2 0.000066 0.001045 0.966465 0.032419 0.000005
2 2 0.000143 0.000834 0.983477 0.015542 0.000003
2 2 0.000321 0.005640 0.988888 0.005115 0.000036
2 2 0.004708 0.002963 0.977469 0.014829 0.000030
2 2 0.000404 0.000533 0.993822 0.005234 0.000006
2 2 0.000243 0.000635 0.996777 0.002343 0.000002
2 3 0.000195 0.000658 0.985523 0.013622 0.000002
2 3 0.001382 0.005408 0.979063 0.014093 0.000055
