0 0 0.913754 0.057777 0.001678 0.000064 0.026727
0 0 0.985923 0.006017 0.001800 0.000145 0.006115
0 0 0.986533 0.008868 0.001537 0.000040 0.003023
0 0 0.978471 0.012962 0.002928 0.000125 0.005514
0 0 0.990893 0.004337 0.001332 0.000090 0.003348
0 0 0.992078 0.003617 0.001177 0.000085 0.003043
0 0 0.985557 0.005935 0.002755 0.000240 0.005512
0 0 0.985736 0.005797 0.002153 0.000251 0.006063
0 0 0.965879 0.018692 0.003888 0.000253 0.011288
0 0 0.966705 0.021276 0.003544 0.000146 0.008328
0 0 0.906010 0.062246 0.010683 0.000538 0.020523
0 0 0.982667 0.009117 0.002747 0.000169 0.005300
0 0 0.982666 0.008514 0.003013 0.000163 0.005643
0 0 0.980770 0.009895 0.001598 0.000114 0.007623
0 0 0.977714 0.013283 0.002459 0.000116 0.006429
0 0 0.968990 0.019196 0.002490 0.000087 0.009237
0 0 0.980521 0.009563 0.000938 0.000061 0.008918
0 0 0.953724 0.027410 0.001339 0.000070 0.017458
0 0 0.971166 0.014118 0.001736 0.000125 0.012855
0 0 0.927319 0.046275 0.002435 0.000105 0.023866
0 0 0.910817 0.039983 0.002059 0.000112 0.047029
0 0 0.937599 0.035694 0.002009 0.000086 0.024612
0 0 0.963343 0.011584 0.001538 0.000104 0.023430
0 0 0.962980 0.016699 0.001095 0.000063 0.019164
0 0 0.977931 0.004568 0.000737 0.000049 0.016716
0 0 0.923847 0.025026 0.001645 0.000088 0.049394
0 0 0.968755 0.013011 0.001545 0.000092 0.016597
0 0 0.932823 0.035165 0.002768 0.000127 0.029118
0 0 0.938913 0.030411 0.002526 0.000121 0.028029
0 0 0.911842 0.017996 0.001959 0.000163 0.068040
0 0 0.934760 0.037609 0.002354 0.000098 0.025180
0 0 0.951725 0.011138 0.001574 0.000118 0.035446
0 0 0.947058 0.025438 0.002675 0.000147 0.024682
0 0 0.973007 0.011146 0.002992 0.000303 0.012552
0 0 0.875099 0.038290 0.002887 0.000176 0.083549
0 0 0.964755 0.020191 0.002210 0.000124 0.012720
0 1 0.938384 0.017718 0.002037 0.000164 0.041697
0 1 0.839321 0.072272 0.004993 0.000414 0.083000
0 2 0.793967 0.059545 0.007088 0.000497 0.138902
4 2 0.374129 0.127255 0.010633 0.001841 0.486142
0 2 0.573282 0.192998 0.016693 0.001424 0.215604
1 2 0.287059 0.324839 0.289102 0.008084 0.090916
0 2 0.726797 0.163635 0.016241 0.000523 0.092805
2 2 0.010410 0.055631 0.929380 0.002289 0.002290
0 2 0.576221 0.255988 0.079216 0.004319 0.084256
0 2 0.367508 0.301459 0.091800 0.008205 0.231027
2 2 0.124567 0.171917 0.693087 0.002367 0.008062
0 2 0.833308 0.095314 0.007036 0.000468 0.063873
1 2 0.300067 0.331704 0.181350 0.009579 0.177299
2 2 0.031509 0.141637 0.803069 0.002710 0.021075
1 2 0.294406 0.328698 0.159503 0.007063 0.210330
2 2 0.292818 0.293521 0.362809 0.004258 0.046595
2 2 0.075641 0.169229 0.736531 0.004676 0.013923
2 2 0.005034 0.024982 0.967179 0.002014 0.000792
2 2 0.029613 0.106752 0.854083 0.002257 0.007296
2 2 0.009076 0.042363 0.945303 0.002036 0.001221
2 2 0.026190 0.085976 0.882539 0.001552 0.003743
2 2 0.007459 0.011548 0.969057 0.010981 0.000955
0 2 0.479855 0.288043 0.095996 0.010185 0.125922
2 2 0.049422 0.216257 0.658397 0.005377 0.070547
2 2 0.001368 0.004847 0.987989 0.005457 0.000340
2 1 0.139896 0.199636 0.624956 0.020328 0.015183
2 2 0.012019 0.107949 0.843515 0.013256 0.023260
2 2 0.026140 0.137228 0.782037 0.032074 0.022520
2 2 0.006099 0.019280 0.967565 0.006004 0.001052
2 2 0.001233 0.003506 0.990850 0.004209 0.000203
2 2 0.002315 0.006299 0.981922 0.008919 0.000545
2 2 0.006496 0.017672 0.952947 0.020616 0.002269
2 2 0.048128 0.140045 0.792371 0.007731 0.011724
2 2 0.001368 0.001334 0.985481 0.011679 0.000137
2 2 0.006516 0.003672 0.867593 0.120783 0.001436
2 2 0.002388 0.004246 0.984239 0.008785 0.000342
2 2 0.003132 0.003002 0.958742 0.034554 0.000570
2 2 0.002036 0.001788 0.948913 0.046804 0.000459
2 3 0.002906 0.001526 0.819991 0.174638 0.000939
2 3 0.002776 0.002025 0.835454 0.158534 0.001210
2 3 0.006249 0.005090 0.852141 0.134233 0.002286
2 3 0.001674 0.001208 0.835856 0.160452 0.000809
2 3 0.002924 0.001705 0.632168 0.361172 0.002030
2 3 0.001595 0.001174 0.606887 0.388588 0.001757
2 3 0.002141 0.001187 0.805931 0.189902 0.000839
3 3 0.002801 0.000885 0.380603 0.613855 0.001856
3 3 0.002123 0.000583 0.228070 0.767292 0.001932
3 3 0.002440 0.000544 0.211687 0.783531 0.001798
3 3 0.003358 0.000614 0.206218 0.787924 0.001886
3 3 0.002178 0.000947 0.430528 0.564417 0.001929
3 3 0.002684 0.000672 0.190341 0.803928 0.002375
3 3 0.017303 0.003014 0.123218 0.847575 0.008889
2 3 0.022380 0.078831 0.637050 0.210115 0.051623
2 3 0.008789 0.018776 0.875360 0.090495 0.006581
2 3 0.005756 0.010409 0.887021 0.092860 0.003953
2 3 0.001470 0.002280 0.981220 0.014740 0.000290
2 3 0.006899 0.011422 0.946692 0.033072 0.001915
2 3 0.001438 0.002361 0.968799 0.026932 0.000470
2 3 0.002504 0.001513 0.650705 0.343500 0.001778
2 3 0.005499 0.005260 0.910132 0.077490 0.001619
2 3 0.003658 0.002085 0.744857 0.247738 0.001662
2 3 0.002870 0.001309 0.767220 0.227609 0.000991
3 3 0.001994 0.000802 0.338740 0.656394 0.002071
3 3 0.002608 0.000657 0.264097 0.730786 0.001852
3 3 0.001883 0.000532 0.246804 0.749065 0.001716
3 3 0.003447 0.000803 0.159899 0.832864 0.002986
3 3 0.002443 0.000550 0.173507 0.821419 0.002080
3 3 0.003437 0.001080 0.242444 0.749899 0.003140
3 3 0.002026 0.000778 0.349048 0.646210 0.001938
3 3 0.002328 0.000459 0.150349 0.844971 0.001892
3 3 0.001946 0.000317 0.126339 0.869921 0.001477
3 3 0.001993 0.000441 0.182650 0.813234 0.001682
3 3 0.007751 0.001985 0.132668 0.850573 0.007024
3 3 0.007450 0.006989 0.472999 0.501965 0.010598
2 2 0.002090 0.003893 0.971404 0.021984 0.000628
2 2 0.004987 0.008390 0.805658 0.175585 0.005381
2 2 0.003219 0.003589 0.909392 0.082482 0.001317
2 2 0.004420 0.006241 0.979463 0.009424 0.000452
2 2 0.007118 0.025070 0.885253 0.074134 0.008425
2 2 0.004810 0.014124 0.957458 0.021597 0.002011
2 2 0.004558 0.004569 0.962625 0.027563 0.000684
2 2 0.003091 0.006851 0.956968 0.031729 0.001361
2 2 0.007466 0.024008 0.948132 0.017652 0.002742
2 2 0.002740 0.005103 0.958452 0.032666 0.001038
2 2 0.003061 0.005267 0.983255 0.008039 0.000377
2 2 0.087962 0.217966 0.616951 0.039994 0.037127
2 2 0.006414 0.018975 0.958781 0.013966 0.001864
2 2 0.005776 0.030428 0.957519 0.004755 0.001522
2 2 0.004189 0.009013 0.952643 0.032451 0.001704
2 2 0.046028 0.030785 0.832211 0.084089 0.006886
0 2 0.344379 0.294741 0.213625 0.025752 0.121502
2 2 0.008877 0.037275 0.945008 0.006647 0.002193
2 2 0.002288 0.008655 0.976321 0.011781 0.000955
2 2 0.010095 0.035237 0.944479 0.008013 0.002177
2 2 0.009106 0.029918 0.950812 0.008256 0.001909
2 2 0.001355 0.005139 0.983564 0.009404 0.000538
2 2 0.006558 0.018004 0.948841 0.024017 0.002581
2 2 0.001896 0.005595 0.977453 0.014340 0.000717
2 2 0.003471 0.004992 0.960824 0.029836 0.000877
2 2 0.004585 0.024149 0.940953 0.026015 0.004299
2 2 0.001666 0.003063 0.983072 0.011868 0.000331
2 2 0.015734 0.025937 0.863800 0.086910 0.007619
2 2 0.002164 0.007001 0.962333 0.027103 0.001400
2 2 0.003476 0.006559 0.964569 0.024367 0.001028
2 2 0.001470 0.003489 0.985878 0.008840 0.000324
2 2 0.003934 0.008489 0.953161 0.032776 0.001638
2 2 0.009672 0.018312 0.796832 0.165204 0.009980
2 2 0.005083 0.008272 0.969826 0.015952 0.000867
2 2 0.004227 0.009948 0.938389 0.045020 0.002416
2 2 0.004129 0.003684 0.876362 0.114221 0.001604
2 2 0.003281 0.006371 0.933308 0.055191 0.001848
2 2 0.006162 0.008043 0.956848 0.027770 0.001177
2 2 0.074858 0.220287 0.625284 0.032623 0.046948
2 2 0.001592 0.003777 0.983897 0.010347 0.000386
2 2 0.005161 0.010686 0.962573 0.020213 0.001366
2 2 0.003282 0.006632 0.980819 0.008760 0.000507
2 2 0.013399 0.023979 0.914780 0.043479 0.004363
2 2 0.002151 0.003203 0.949379 0.044432 0.000835
2 2 0.003339 0.007976 0.964796 0.022657 0.001233
2 2 0.002940 0.004858 0.967600 0.023839 0.000763
2 2 0.003270 0.012455 0.977257 0.006210 0.000808
2 2 0.002143 0.003072 0.951654 0.042360 0.000770
2 2 0.002695 0.004417 0.949250 0.042560 0.001078
2 2 0.002969 0.004831 0.957378 0.033846 0.000976
2 2 0.004289 0.003164 0.756021 0.234125 0.002400
2 2 0.002576 0.003878 0.921234 0.070931 0.001381
2 2 0.003069 0.003036 0.845777 0.146387 0.001732
2 2 0.005945 0.006559 0.911982 0.073569 0.001945
2 2 0.006639 0.006768 0.642202 0.337528 0.006864
2 2 0.003593 0.002754 0.836094 0.156009 0.001550
2 2 0.004414 0.004353 0.854179 0.134896 0.002158
2 3 0.003484 0.002667 0.675831 0.315242 0.002776
2 3 0.003140 0.001685 0.662388 0.330992 0.001795
3 3 0.003255 0.001046 0.314976 0.678208 0.002515
3 3 0.004727 0.001869 0.260019 0.728445 0.004940
3 3 0.002676 0.000824 0.278530 0.715698 0.002272
3 3 0.004746 0.000773 0.126402 0.865104 0.002975
3 3 0.003252 0.000710 0.151043 0.842242 0.002752
3 3 0.003502 0.000803 0.156078 0.836598 0.003018
3 3 0.004367 0.000981 0.140213 0.850688 0.003750
3 3 0.001843 0.000444 0.263982 0.732389 0.001342
3 3 0.003065 0.000503 0.107093 0.886992 0.002348
3 3 0.002270 0.000268 0.077286 0.918631 0.001546
3 3 0.003667 0.000979 0.183896 0.808125 0.003332
3 3 0.002339 0.000458 0.148711 0.846596 0.001896
3 3 0.002551 0.000449 0.125963 0.869040 0.001997
3 3 0.003386 0.000575 0.107819 0.885590 0.002630
3 3 0.003507 0.000311 0.042781 0.951222 0.002180
3 3 0.003545 0.000857 0.165541 0.826946 0.003112
3 3 0.003817 0.000667 0.106724 0.885794 0.002999
3 3 0.002204 0.000537 0.197454 0.797879 0.001926
3 3 0.002697 0.000602 0.165936 0.828472 0.002293
3 3 0.002710 0.000543 0.145156 0.849371 0.002220
3 3 0.002088 0.000417 0.159038 0.836753 0.001703
3 3 0.003067 0.000570 0.126033 0.867876 0.002453
3 3 0.004058 0.000539 0.071816 0.920680 0.002905
3 3 0.003553 0.000379 0.055691 0.938022 0.002355
3 3 0.006318 0.001038 0.080074 0.907673 0.004898
3 3 0.003243 0.000549 0.109273 0.884420 0.002515
3 3 0.003366 0.000534 0.098748 0.894799 0.002553
3 3 0.003043 0.000465 0.097682 0.896535 0.002275
3 3 0.003043 0.000417 0.084347 0.910002 0.002192
3 3 0.003344 0.000404 0.068140 0.925801 0.002310
3 3 0.003615 0.000605 0.103120 0.889864 0.002796
3 3 0.003365 0.000433 0.074233 0.919593 0.002376
3 3 0.002240 0.000451 0.156465 0.839011 0.001833
3 3 0.002578 0.000427 0.116075 0.878943 0.001977
3 3 0.002269 0.000355 0.113200 0.882474 0.001703
3 3 0.003378 0.000568 0.106480 0.886961 0.002614
3 3 0.003953 0.000538 0.075067 0.917590 0.002852
3 3 0.003102 0.000597 0.131082 0.862707 0.002512
3 3 0.002998 0.000439 0.092990 0.901364 0.002209
3 3 0.003405 0.000581 0.108312 0.885053 0.002649
3 3 0.002475 0.000289 0.073554 0.922001 0.001682
3 3 0.004098 0.000644 0.090109 0.902040 0.003108
3 3 0.002422 0.000531 0.168851 0.826152 0.002044
3 3 0.002863 0.000513 0.123355 0.871010 0.002259
3 3 0.002240 0.000317 0.099444 0.896377 0.001623
3 3 0.002951 0.000363 0.073420 0.921220 0.002046
3 3 0.003310 0.000391 0.066353 0.927677 0.002269
3 3 0.003835 0.000543 0.080358 0.912459 0.002804
3 3 0.002345 0.000361 0.109245 0.886300 0.001750
3 3 0.002167 0.000353 0.121145 0.874688 0.001647
3 3 0.003181 0.000432 0.081740 0.912361 0.002286
3 3 0.004450 0.000498 0.054163 0.937882 0.003008
3 3 0.002349 0.000540 0.180405 0.814694 0.002013
3 3 0.002629 0.000557 0.157170 0.837449 0.002195
3 3 0.002430 0.000306 0.082358 0.913211 0.001695
3 3 0.004886 0.000525 0.049152 0.942174 0.003263
3 3 0.004853 0.000536 0.051226 0.940115 0.003270
3 3 0.002914 0.000461 0.104210 0.890212 0.002204
3 3 0.002268 0.000470 0.161296 0.834090 0.001875
3 3 0.003635 0.000639 0.109801 0.883065 0.002860
3 3 0.002109 0.000603 0.238972 0.756368 0.001947
3 3 0.003961 0.000645 0.095891 0.896463 0.003040
3 3 0.002720 0.000357 0.083320 0.911675 0.001928
3 3 0.003286 0.000478 0.088785 0.905031 0.002420
3 3 0.003075 0.000415 0.082080 0.912227 0.002203
3 3 0.002195 0.000513 0.188240 0.807162 0.001890
3 3 0.003408 0.000611 0.115541 0.877743 0.002697
3 3 0.002558 0.000405 0.109830 0.885275 0.001932
3 3 0.002730 0.000686 0.189995 0.804171 0.002419
3 3 0.002720 0.000376 0.089157 0.905786 0.001961
3 3 0.004176 0.000643 0.086930 0.905105 0.003146
3 3 0.002765 0.000380 0.087972 0.906893 0.001990
3 3 0.003223 0.000564 0.114491 0.879194 0.002528
3 3 0.003177 0.000459 0.088964 0.905069 0.002331
3 3 0.003726 0.000440 0.062957 0.930319 0.002558
3 3 0.002826 0.000431 0.100304 0.894331 0.002109
3 3 0.003631 0.000419 0.061698 0.931780 0.002472
3 3 0.004655 0.000554 0.058088 0.933486 0.003217
3 3 0.002935 0.000594 0.142574 0.851483 0.002415
3 3 0.003132 0.000444 0.087266 0.906876 0.002283
3 3 0.004359 0.000550 0.064814 0.927207 0.003069
3 3 0.003088 0.000488 0.101682 0.892404 0.002337
3 3 0.003687 0.000500 0.076817 0.916343 0.002653
3 3 0.016547 0.004197 0.095636 0.868497 0.015123
3 3 0.005731 0.003652 0.380608 0.602916 0.007093
2 3 0.142611 0.253660 0.445462 0.084248 0.074018
2 3 0.037478 0.158766 0.739223 0.038255 0.026277
2 2 0.132328 0.263501 0.521509 0.024701 0.057961
0 2 0.816939 0.057113 0.088747 0.013476 0.023724
0 2 0.320817 0.313117 0.114340 0.012508 0.239217
0 1 0.821976 0.107136 0.045395 0.002376 0.023117
0 0 0.795940 0.147073 0.025661 0.001033 0.030293
0 0 0.733271 0.134114 0.021164 0.000914 0.110536
0 1 0.660285 0.215159 0.044216 0.002236 0.078105
0 0 0.672801 0.213656 0.057046 0.002341 0.054155
0 0 0.671299 0.214325 0.065171 0.004012 0.045192
0 1 0.783841 0.152334 0.023332 0.001112 0.039381
0 1 0.410147 0.308750 0.166627 0.012826 0.101651
2 2 0.021841 0.082609 0.861562 0.023967 0.010021
2 2 0.006519 0.020088 0.963257 0.008727 0.001410
2 2 0.010113 0.116204 0.820318 0.013968 0.039396
2 2 0.002263 0.008471 0.968170 0.019737 0.001358
2 2 0.004595 0.034887 0.944498 0.012088 0.003932
2 2 0.013994 0.078485 0.895537 0.006349 0.005635
2 2 0.007990 0.077217 0.891277 0.010734 0.012781
0 2 0.589377 0.248580 0.105164 0.006142 0.050736
2 2 0.019754 0.114387 0.845051 0.004591 0.016218
2 2 0.004417 0.014279 0.962959 0.016613 0.001732
2 2 0.005855 0.046711 0.934290 0.008013 0.005132
2 2 0.006710 0.015675 0.964749 0.011574 0.001292
2 2 0.008337 0.070777 0.907877 0.005721 0.007288
2 2 0.003807 0.027512 0.959748 0.006693 0.002241
2 2 0.032970 0.117753 0.823039 0.012888 0.013349
2 2 0.014285 0.074760 0.901670 0.004670 0.004614
2 2 0.009711 0.079722 0.890063 0.008953 0.011550
2 2 0.029385 0.208199 0.613487 0.017385 0.131543
2 2 0.009383 0.085239 0.886800 0.005657 0.012920
2 2 0.012832 0.095063 0.869736 0.009316 0.013053
2 2 0.007043 0.036719 0.935188 0.016690 0.004360
2 2 0.004451 0.033766 0.954193 0.005356 0.002234
2 2 0.011342 0.072567 0.907623 0.002847 0.005621
1 2 0.289143 0.323127 0.132070 0.002892 0.252767
2 2 0.005054 0.016426 0.947750 0.027939 0.002830
2 2 0.034695 0.164973 0.758710 0.007724 0.033898
4 2 0.150447 0.232409 0.057423 0.006864 0.552856
2 2 0.140428 0.309687 0.412536 0.008896 0.128453
4 4 0.183716 0.233099 0.067595 0.006814 0.508776
4 4 0.165899 0.284867 0.107014 0.002228 0.439992
1 4 0.140103 0.323220 0.322738 0.006886 0.207053
4 4 0.188033 0.237041 0.049968 0.003153 0.521806
2 4 0.062762 0.243594 0.588127 0.011199 0.094318
2 2 0.151411 0.325099 0.339053 0.006930 0.177506
4 2 0.290008 0.257396 0.049835 0.003538 0.399222
4 4 0.233524 0.167843 0.014165 0.000554 0.583914
4 4 0.080872 0.249095 0.139404 0.006771 0.523858
4 4 0.145176 0.291331 0.147068 0.011876 0.404548
4 4 0.080343 0.149714 0.025728 0.002790 0.741425
2 4 0.070670 0.275035 0.464300 0.013055 0.176940
2 4 0.019581 0.186843 0.641389 0.005517 0.146670
4 4 0.132056 0.204338 0.042643 0.003672 0.617291
2 4 0.033932 0.235338 0.476073 0.014782 0.239875
4 4 0.092549 0.275024 0.172181 0.004885 0.455362
2 2 0.012192 0.114357 0.839487 0.003450 0.030514
2 2 0.015630 0.102083 0.864789 0.003442 0.014055
2 2 0.046246 0.243525 0.536181 0.009921 0.164127
2 2 0.004663 0.031217 0.962328 0.001055 0.000737
2 2 0.002421 0.033044 0.958979 0.002632 0.002923
2 2 0.002948 0.027640 0.967970 0.000585 0.000856
2 2 0.009509 0.069863 0.912244 0.002253 0.006131
2 2 0.002721 0.029390 0.965772 0.000954 0.001163
2 2 0.010654 0.096646 0.871014 0.003178 0.018508
2 2 0.002301 0.030199 0.961883 0.003272 0.002346
2 2 0.003093 0.027969 0.965613 0.001871 0.001454
2 2 0.018730 0.072268 0.893949 0.006711 0.008343
2 2 0.006191 0.064168 0.917952 0.004159 0.007531
2 2 0.003420 0.034465 0.959222 0.001332 0.001560
2 2 0.003948 0.041632 0.950331 0.001447 0.002642
2 2 0.003351 0.029675 0.964881 0.001175 0.000918
0 1 0.415978 0.282420 0.236048 0.019869 0.045685
2 2 0.099357 0.246198 0.585743 0.013149 0.055553
2 2 0.003743 0.024228 0.970330 0.001146 0.000553
2 2 0.004115 0.021077 0.971790 0.002342 0.000676
2 2 0.023255 0.114670 0.843077 0.005795 0.013204
2 2 0.008214 0.067460 0.916038 0.001765 0.006523
2 2 0.003622 0.023473 0.971337 0.001103 0.000465
2 2 0.012467 0.042041 0.938601 0.004412 0.002480
2 2 0.005726 0.047525 0.942526 0.001498 0.002725
2 2 0.001412 0.006115 0.989343 0.002856 0.000275
2 2 0.004513 0.019657 0.972391 0.002759 0.000681
2 2 0.007534 0.034437 0.929093 0.023415 0.005520
2 2 0.003275 0.006613 0.979366 0.010182 0.000564
2 2 0.009293 0.042311 0.936439 0.008767 0.003190
2 2 0.002378 0.012172 0.983133 0.001937 0.000380
2 2 0.018170 0.027848 0.943234 0.008914 0.001834
2 2 0.032498 0.145825 0.790872 0.008174 0.022631
2 2 0.003913 0.016594 0.977337 0.001733 0.000423
0 1 0.643715 0.227434 0.065423 0.002820 0.060607
2 1 0.155373 0.270066 0.519593 0.003950 0.051019
2 2 0.008408 0.061395 0.922210 0.003728 0.004259
2 2 0.061025 0.183206 0.719029 0.009849 0.026892
2 2 0.014863 0.037961 0.930055 0.012888 0.004232
2 2 0.002148 0.005795 0.985892 0.005792 0.000373
2 2 0.007215 0.073595 0.902805 0.006244 0.010141
2 2 0.005550 0.009480 0.962951 0.020828 0.001191
2 2 0.004890 0.035038 0.957818 0.001190 0.001064
2 2 0.002073 0.007236 0.987552 0.002847 0.000292
2 2 0.068119 0.174836 0.726028 0.011774 0.019243
2 2 0.001425 0.003658 0.987186 0.007427 0.000304
2 2 0.003791 0.024116 0.968327 0.002473 0.001294
2 2 0.002415 0.005978 0.973806 0.016995 0.000805
2 2 0.004257 0.009045 0.968799 0.016842 0.001057
2 2 0.002230 0.012911 0.979641 0.004464 0.000754
2 2 0.003965 0.013891 0.969728 0.011113 0.001302
2 2 0.004066 0.014911 0.972207 0.007738 0.001079
2 2 0.003926 0.007501 0.983613 0.004613 0.000347
2 2 0.005616 0.018198 0.890526 0.079020 0.006640
2 2 0.002923 0.011194 0.979675 0.005524 0.000684
2 2 0.003421 0.011355 0.975118 0.009159 0.000948
2 2 0.003668 0.017164 0.975906 0.002653 0.000608
2 2 0.003904 0.007422 0.954479 0.032783 0.001412
2 2 0.003555 0.014226 0.970337 0.010545 0.001336
2 2 0.002637 0.006998 0.975829 0.013735 0.000801
2 2 0.001919 0.007107 0.983190 0.007213 0.000570
2 2 0.003421 0.011743 0.972546 0.011156 0.001134
2 2 0.002109 0.007837 0.977602 0.011584 0.000867
2 2 0.002309 0.006582 0.984851 0.005835 0.000423
2 2 0.002185 0.003182 0.946186 0.047579 0.000867
2 2 0.001919 0.004130 0.946807 0.045960 0.001183
2 2 0.002729 0.006611 0.978671 0.011343 0.000647
2 2 0.002939 0.005838 0.938296 0.051282 0.001645
2 2 0.003848 0.011695 0.960812 0.021879 0.001766
2 2 0.001856 0.004478 0.981007 0.012161 0.000499
2 2 0.003861 0.007129 0.960278 0.027540 0.001192
2 2 0.005430 0.007152 0.951440 0.034713 0.001266
2 2 0.003077 0.006338 0.955624 0.033656 0.001304
2 2 0.007691 0.006700 0.796384 0.185441 0.003784
2 2 0.004313 0.009625 0.925515 0.057765 0.002782
2 2 0.003028 0.004429 0.922503 0.068558 0.001482
2 2 0.003000 0.003648 0.882863 0.108790 0.001699
2 2 0.002746 0.006461 0.961263 0.028310 0.001219
2 2 0.004373 0.006094 0.919559 0.068105 0.001870
2 2 0.002876 0.005214 0.886455 0.102985 0.002469
2 2 0.003114 0.003763 0.883882 0.107519 0.001721
2 2 0.003356 0.005805 0.957054 0.032662 0.001122
2 2 0.002563 0.003906 0.967249 0.025623 0.000658
2 2 0.004666 0.007969 0.933865 0.051490 0.002010
2 2 0.006077 0.007246 0.901322 0.082988 0.002367
3 3 0.004676 0.002922 0.394443 0.592227 0.005732
2 3 0.003205 0.003451 0.901984 0.090010 0.001349
2 3 0.003379 0.002810 0.904836 0.087941 0.001034
2 3 0.004605 0.005893 0.810119 0.175676 0.003708
2 3 0.003842 0.005073 0.949866 0.040146 0.001072
2 3 0.002597 0.003349 0.837220 0.154698 0.002137
2 3 0.004011 0.003178 0.796908 0.193804 0.002099
2 3 0.005050 0.003789 0.874304 0.115296 0.001560
2 3 0.003348 0.002566 0.837588 0.155039 0.001459
2 3 0.003695 0.004392 0.780883 0.207738 0.003293
2 3 0.005306 0.004797 0.833472 0.153908 0.002518
2 3 0.004526 0.003906 0.523642 0.462094 0.005832
2 3 0.006087 0.009631 0.923890 0.057904 0.002488
2 3 0.004102 0.004920 0.792723 0.194829 0.003425
2 3 0.002663 0.004125 0.849268 0.141449 0.002495
2 3 0.004937 0.004795 0.831926 0.155741 0.002602
3 3 0.011265 0.004791 0.352427 0.623343 0.008174
2 3 0.025330 0.088239 0.806186 0.059849 0.020396
2 3 0.009845 0.010088 0.937684 0.040661 0.001722
2 2 0.010783 0.066175 0.912628 0.006318 0.004096
2 2 0.001684 0.003203 0.967528 0.026957 0.000628
2 2 0.002998 0.011925 0.983752 0.001096 0.000229
2 2 0.178679 0.080524 0.630452 0.085021 0.025324
0 1 0.629693 0.228269 0.100897 0.005206 0.035935
2 2 0.069797 0.229939 0.629097 0.010203 0.060963
2 2 0.028620 0.096202 0.864627 0.005413 0.005137
2 2 0.014536 0.069867 0.909896 0.002085 0.003616
2 2 0.032597 0.132754 0.812530 0.006616 0.015504
2 2 0.004324 0.014675 0.973116 0.006927 0.000959
2 2 0.010407 0.031444 0.941898 0.013497 0.002754
2 2 0.005647 0.041992 0.949177 0.001444 0.001740
2 2 0.002058 0.006426 0.982176 0.008768 0.000572
2 2 0.196074 0.258079 0.489310 0.023607 0.032930
2 2 0.005961 0.048237 0.941799 0.001236 0.002766
2 2 0.003985 0.009636 0.980481 0.005386 0.000512
2 2 0.038019 0.126981 0.810115 0.013537 0.011347
2 2 0.001795 0.005161 0.990955 0.001931 0.000158
2 2 0.006653 0.011973 0.949252 0.030209 0.001913
2 2 0.005965 0.024921 0.961550 0.006126 0.001439
2 2 0.004741 0.015957 0.963498 0.014100 0.001704
2 2 0.008453 0.013532 0.963858 0.013051 0.001105
2 2 0.002469 0.009747 0.979789 0.007245 0.000751
2 2 0.006377 0.020203 0.962367 0.009530 0.001523
2 2 0.003554 0.025561 0.964094 0.005223 0.001568
2 2 0.001475 0.005488 0.987712 0.004969 0.000356
2 2 0.005076 0.017789 0.970883 0.005317 0.000935
2 2 0.002469 0.007833 0.976727 0.012122 0.000850
2 2 0.025772 0.098375 0.860407 0.009205 0.006241
2 2 0.014710 0.082828 0.890617 0.005274 0.006570
2 2 0.006051 0.019039 0.968569 0.005380 0.000961
2 2 0.006029 0.008521 0.952307 0.031747 0.001396
2 2 0.007804 0.029884 0.957048 0.004059 0.001206
2 2 0.002579 0.012185 0.980338 0.004249 0.000650
2 2 0.003381 0.013540 0.975065 0.007051 0.000962
2 2 0.002728 0.011165 0.983218 0.002495 0.000395
2 2 0.003528 0.009650 0.972083 0.013696 0.001043
2 2 0.002758 0.006296 0.977387 0.012890 0.000669
2 2 0.002923 0.012500 0.980972 0.003094 0.000512
2 2 0.002430 0.006734 0.985612 0.004851 0.000373
2 2 0.004795 0.026865 0.959231 0.007027 0.002082
2 2 0.002004 0.009224 0.985603 0.002786 0.000382
2 2 0.004076 0.011836 0.979631 0.003945 0.000512
2 2 0.012762 0.014555 0.855957 0.111599 0.005127
2 2 0.007641 0.018093 0.951190 0.020849 0.002227
2 2 0.001976 0.005960 0.987711 0.004047 0.000306
2 2 0.002126 0.004069 0.967344 0.025725 0.000736
2 2 0.002231 0.006552 0.977539 0.012926 0.000753
2 2 0.003129 0.009989 0.975888 0.010089 0.000905
2 2 0.005026 0.026787 0.961989 0.004809 0.001390
2 2 0.005259 0.027977 0.958330 0.006624 0.001810
2 2 0.005896 0.023811 0.961801 0.006985 0.001507
2 2 0.004719 0.020009 0.969516 0.004747 0.001009
2 2 0.004350 0.009579 0.976459 0.008904 0.000708
2 2 0.004769 0.018820 0.964217 0.010532 0.001662
2 2 0.005673 0.010816 0.958518 0.023495 0.001497
2 2 0.004169 0.019523 0.971395 0.004008 0.000906
2 2 0.006897 0.016071 0.952477 0.022431 0.002124
2 2 0.006636 0.013688 0.943621 0.033645 0.002410
2 2 0.003034 0.005614 0.969228 0.021305 0.000819
2 2 0.008691 0.024954 0.960323 0.004941 0.001091
2 2 0.006436 0.012351 0.951912 0.027433 0.001867
2 2 0.002914 0.004324 0.939625 0.051949 0.001188
3 2 0.019728 0.011152 0.432130 0.523041 0.013950
2 2 0.002745 0.013476 0.979266 0.003848 0.000665
2 2 0.004864 0.015245 0.972458 0.006512 0.000921
2 1 0.127577 0.147160 0.676010 0.031019 0.018234
2 2 0.128896 0.216433 0.616026 0.016312 0.022333
2 2 0.020468 0.076315 0.894649 0.005394 0.003174
2 2 0.007778 0.034346 0.950177 0.005799 0.001899
2 2 0.320241 0.270139 0.365897 0.012801 0.030922
2 2 0.016881 0.079250 0.896164 0.002912 0.004793
2 2 0.006637 0.008704 0.955603 0.027799 0.001257
2 2 0.004105 0.016444 0.975861 0.002984 0.000607
2 2 0.002209 0.011543 0.984543 0.001412 0.000293
2 2 0.132562 0.235313 0.592606 0.008109 0.031409
2 2 0.140023 0.242906 0.570185 0.013827 0.033058
0 2 0.539949 0.270114 0.109953 0.006673 0.073311
2 2 0.008972 0.055379 0.930717 0.002216 0.002716
0 2 0.431588 0.303181 0.163453 0.009372 0.092405
2 2 0.009700 0.027805 0.956745 0.004615 0.001133
2 2 0.009356 0.043723 0.937075 0.006382 0.003464
2 2 0.001705 0.012021 0.982520 0.003161 0.000595
2 2 0.011667 0.021683 0.961613 0.004246 0.000792
2 2 0.045347 0.171132 0.745679 0.008777 0.029065
2 2 0.004782 0.018398 0.972485 0.003586 0.000748
2 2 0.002482 0.004341 0.985224 0.007640 0.000313
2 2 0.006456 0.017302 0.966180 0.008855 0.001207
2 2 0.020349 0.074816 0.900079 0.001783 0.002974
2 2 0.015271 0.081093 0.894928 0.002756 0.005951
2 2 0.051524 0.099781 0.842901 0.003009 0.002786
2 2 0.036005 0.140379 0.800480 0.005859 0.017277
2 2 0.038677 0.146135 0.789602 0.007100 0.018485
2 2 0.010145 0.040817 0.943540 0.003949 0.001548
2 2 0.066949 0.107060 0.809612 0.009500 0.006879
0 1 0.713465 0.192529 0.058859 0.002610 0.032537
0 1 0.624289 0.236187 0.069977 0.003611 0.065935
2 2 0.246130 0.293809 0.377352 0.025616 0.057094
2 2 0.009459 0.033042 0.952988 0.003394 0.001117
2 2 0.010582 0.041737 0.940624 0.004995 0.002063
2 2 0.080616 0.155994 0.746545 0.007507 0.009337
2 2 0.009284 0.077345 0.900864 0.003319 0.009188
2 2 0.013204 0.075426 0.902306 0.003742 0.005322
2 2 0.002411 0.012351 0.982352 0.002434 0.000453
2 2 0.007185 0.047673 0.941319 0.001767 0.002056
2 2 0.006947 0.042050 0.948506 0.001132 0.001364
2 2 0.003083 0.006776 0.968606 0.020554 0.000981
2 2 0.001775 0.007237 0.988345 0.002374 0.000270
2 2 0.003085 0.015011 0.975878 0.005137 0.000888
2 2 0.001554 0.007997 0.987566 0.002550 0.000332
2 2 0.003429 0.016134 0.973731 0.005703 0.001003
2 2 0.026247 0.076378 0.879453 0.008974 0.008947
2 2 0.045504 0.173231 0.741220 0.009668 0.030377
2 2 0.002318 0.005998 0.984633 0.006634 0.000417
2 2 0.003413 0.013311 0.980743 0.002133 0.000400
2 2 0.002567 0.010446 0.976764 0.009266 0.000957
0 2 0.418279 0.306835 0.160174 0.013638 0.101074
2 2 0.008815 0.066602 0.917119 0.001787 0.005678
2 2 0.003960 0.011819 0.973580 0.009660 0.000981
0 2 0.368846 0.303043 0.255974 0.011299 0.060838
2 2 0.007447 0.049915 0.938667 0.001622 0.002349
2 2 0.003428 0.023775 0.970322 0.001683 0.000793
2 2 0.006320 0.018681 0.969931 0.004281 0.000787
2 2 0.222108 0.295760 0.402871 0.019158 0.060103
2 2 0.002817 0.008586 0.983372 0.004763 0.000461
2 2 0.010765 0.055199 0.928811 0.002634 0.002591
2 2 0.013041 0.033116 0.948183 0.003925 0.001735
2 2 0.019206 0.051686 0.924877 0.002135 0.002096
0 0 0.665203 0.137393 0.105652 0.022786 0.068966
0 0 0.952993 0.026680 0.010394 0.000560 0.009373
0 0 0.917171 0.053990 0.021311 0.000447 0.007081
0 0 0.922559 0.057874 0.009032 0.000201 0.010334
0 0 0.900527 0.067611 0.006528 0.000194 0.025140
0 0 0.797433 0.137708 0.014515 0.000482 0.049862
0 0 0.857299 0.100545 0.010235 0.000300 0.031621
0 0 0.773387 0.159866 0.028779 0.001386 0.036581
0 0 0.849191 0.096369 0.015273 0.000741 0.038425
0 0 0.818997 0.101257 0.037389 0.003677 0.038680
0 0 0.838124 0.113743 0.009733 0.000393 0.038006
0 0 0.754473 0.164160 0.022408 0.000945 0.058014
0 0 0.751244 0.145618 0.011305 0.000393 0.091441
0 0 0.531565 0.252251 0.048686 0.003518 0.163980
0 0 0.741820 0.153255 0.014583 0.000676 0.089666
0 0 0.818704 0.112518 0.007463 0.000227 0.061087
0 0 0.846388 0.110017 0.016612 0.000673 0.026311
0 0 0.878458 0.077312 0.008477 0.000357 0.035396
0 0 0.891923 0.035587 0.004573 0.000354 0.067562
0 0 0.796553 0.142294 0.017700 0.000901 0.042552
0 0 0.628651 0.198839 0.022476 0.001168 0.148867
0 0 0.934139 0.040305 0.012123 0.000543 0.012890
0 0 0.839000 0.110311 0.010165 0.000393 0.040131
0 1 0.717683 0.172996 0.019695 0.000870 0.088755
0 1 0.907319 0.057326 0.006346 0.000322 0.028686
0 1 0.709215 0.168481 0.016168 0.000720 0.105416
0 1 0.483013 0.262506 0.052424 0.003384 0.198673
1 1 0.254781 0.311949 0.122534 0.014567 0.296170
4 2 0.224965 0.303916 0.116599 0.014852 0.339669
4 2 0.164706 0.299672 0.147772 0.014554 0.373296
4 2 0.149113 0.307572 0.180294 0.016418 0.346604
2 2 0.027903 0.185669 0.698268 0.009386 0.078773
2 2 0.020183 0.192091 0.616441 0.013325 0.157960
2 2 0.021927 0.129714 0.820412 0.004783 0.023164
2 2 0.004205 0.021433 0.971113 0.002527 0.000722
2 2 0.007793 0.069276 0.912226 0.003202 0.007503
2 2 0.006302 0.042784 0.948109 0.001161 0.001644
2 2 0.023225 0.127278 0.823647 0.006161 0.019689
2 2 0.003874 0.033458 0.960911 0.000504 0.001252
2 2 0.009464 0.087153 0.886060 0.002960 0.014364
2 2 0.006610 0.043780 0.946134 0.001823 0.001652
2 2 0.001730 0.021343 0.974613 0.001244 0.001069
2 2 0.004080 0.025599 0.967323 0.002065 0.000933
2 2 0.006545 0.038895 0.952162 0.001288 0.001110
2 2 0.001682 0.020626 0.976515 0.000597 0.000580
2 2 0.006234 0.036073 0.948050 0.006631 0.003013
2 2 0.004491 0.040809 0.950827 0.001493 0.002380
2 2 0.060792 0.171616 0.737804 0.010209 0.019578
2 2 0.002515 0.015264 0.980827 0.000990 0.000405
2 2 0.001472 0.017840 0.979914 0.000365 0.000410
2 2 0.001810 0.016588 0.980436 0.000744 0.000421
2 2 0.002271 0.017316 0.978403 0.001485 0.000525
2 2 0.002438 0.022493 0.973343 0.000982 0.000744
2 2 0.003447 0.041859 0.949976 0.001525 0.003194
2 2 0.008328 0.048343 0.937940 0.003163 0.002226
2 2 0.001574 0.010365 0.986581 0.001218 0.000261
2 2 0.002741 0.022757 0.973511 0.000537 0.000455
2 2 0.000796 0.004331 0.992894 0.001816 0.000163
2 2 0.001246 0.006071 0.984592 0.007523 0.000568
2 2 0.003432 0.016473 0.976949 0.002566 0.000580
2 2 0.000992 0.003128 0.991924 0.003778 0.000177
2 2 0.000701 0.001943 0.992565 0.004656 0.000136
2 2 0.001428 0.006301 0.988222 0.003708 0.000341
2 2 0.001353 0.002719 0.980211 0.015343 0.000374
2 2 0.002917 0.005271 0.969745 0.021295 0.000773
2 2 0.001363 0.003313 0.985801 0.009200 0.000322
2 2 0.001241 0.002481 0.985407 0.010605 0.000266
2 2 0.001144 0.003721 0.989722 0.005156 0.000257
2 2 0.002050 0.004431 0.976960 0.015978 0.000581
2 2 0.000928 0.002319 0.989196 0.007349 0.000209
2 2 0.001910 0.002765 0.975401 0.019519 0.000404
2 2 0.001629 0.003708 0.986281 0.008069 0.000314
2 2 0.002403 0.003357 0.961836 0.031741 0.000663
2 2 0.001124 0.001757 0.984124 0.012782 0.000213
2 2 0.001376 0.002976 0.981630 0.013640 0.000378
2 2 0.001922 0.003137 0.972859 0.021582 0.000500
2 2 0.001653 0.003177 0.977679 0.017042 0.000449
2 2 0.001654 0.002596 0.935693 0.059167 0.000890
2 2 0.001462 0.002630 0.972434 0.023004 0.000470
2 2 0.002982 0.003628 0.957415 0.035248 0.000727
2 2 0.002551 0.002002 0.757616 0.236115 0.001716
2 2 0.002454 0.003029 0.953915 0.039909 0.000693
2 2 0.001434 0.001415 0.929964 0.066672 0.000515
2 3 0.002165 0.002291 0.909978 0.084640 0.000925
2 3 0.003906 0.007798 0.936714 0.049559 0.002023
2 3 0.002595 0.002082 0.885341 0.109031 0.000950
2 3 0.003213 0.004859 0.979346 0.012127 0.000455
2 3 0.003919 0.002941 0.825313 0.166120 0.001707
2 3 0.002118 0.001701 0.813426 0.181539 0.001216
2 3 0.003851 0.003015 0.923321 0.068922 0.000891
2 3 0.002401 0.001880 0.772549 0.221626 0.001544
3 3 0.003793 0.001489 0.465462 0.526816 0.002440
2 3 0.001889 0.001830 0.856449 0.138729 0.001103
2 3 0.002255 0.000961 0.788671 0.207412 0.000701
2 3 0.002836 0.001661 0.823869 0.170613 0.001021
2 3 0.008155 0.003744 0.559593 0.424348 0.004159
2 3 0.001958 0.001558 0.757348 0.237715 0.001421
2 3 0.004469 0.002537 0.692584 0.298115 0.002294
2 3 0.004110 0.003857 0.829858 0.159963 0.002211
2 3 0.001855 0.001679 0.785463 0.209592 0.001412
2 3 0.003244 0.002250 0.798640 0.194336 0.001530
2 3 0.003445 0.001987 0.593225 0.398814 0.002529
2 3 0.001312 0.001518 0.915627 0.080879 0.000664
2 3 0.001846 0.001155 0.819215 0.176977 0.000807
2 3 0.002780 0.001782 0.742966 0.250930 0.001543
3 3 0.005500 0.002170 0.290318 0.696918 0.005093
2 3 0.001514 0.002326 0.916501 0.078657 0.001002
2 3 0.002121 0.000883 0.626287 0.369608 0.001101
3 3 0.002352 0.001514 0.470010 0.523238 0.002886
2 3 0.003849 0.002765 0.823925 0.167845 0.001615
2 3 0.006639 0.003124 0.513668 0.472471 0.004098
2 3 0.005549 0.005146 0.624824 0.358808 0.005673
2 3 0.004015 0.001714 0.666376 0.326231 0.001664
2 3 0.003895 0.003333 0.777697 0.212657 0.002418
2 3 0.001838 0.000900 0.826077 0.170592 0.000592
2 3 0.001947 0.001201 0.622779 0.372456 0.001616
3 3 0.002710 0.001200 0.495753 0.498341 0.001995
2 3 0.005236 0.004006 0.760822 0.227082 0.002854
2 3 0.009614 0.003685 0.771857 0.212832 0.002012
3 3 0.011620 0.003074 0.315337 0.664471 0.005498
3 3 0.003946 0.001725 0.356260 0.634360 0.003709
2 3 0.008019 0.003951 0.529131 0.454102 0.004797
2 3 0.003336 0.002173 0.811970 0.181147 0.001375
2 3 0.003753 0.002278 0.757904 0.234332 0.001734
2 3 0.006585 0.005696 0.859633 0.125666 0.002421
3 3 0.008674 0.002361 0.296301 0.687946 0.004718
3 3 0.006930 0.002448 0.442966 0.543998 0.003658
2 3 0.004176 0.002669 0.772611 0.218660 0.001884
3 3 0.011527 0.004598 0.446412 0.531187 0.006277
2 3 0.003750 0.003095 0.704132 0.286096 0.002927
2 3 0.008069 0.004749 0.745546 0.238506 0.003130
3 3 0.007991 0.005175 0.484354 0.495248 0.007231
3 3 0.008088 0.003275 0.383279 0.599804 0.005555
3 3 0.007919 0.002501 0.314260 0.670375 0.004945
3 3 0.007149 0.002528 0.430413 0.556041 0.003869
2 3 0.004801 0.003444 0.705556 0.283184 0.003014
2 3 0.010242 0.003234 0.508052 0.474598 0.003874
2 3 0.010005 0.004739 0.701003 0.280884 0.003368
3 3 0.006325 0.002013 0.451741 0.536951 0.002970
2 3 0.007054 0.002077 0.529779 0.458643 0.002447
3 3 0.016419 0.011977 0.315007 0.634970 0.021628
2 3 0.017560 0.026013 0.905467 0.046363 0.004597
2 3 0.098208 0.168419 0.711467 0.011505 0.010399
2 2 0.016635 0.090309 0.881380 0.003665 0.008011
2 2 0.011420 0.045910 0.933789 0.006457 0.002424
2 2 0.006097 0.026440 0.961883 0.004378 0.001201
2 2 0.013589 0.085733 0.887708 0.004625 0.008345
2 2 0.005699 0.022363 0.966896 0.004077 0.000965
2 2 0.005896 0.019254 0.970253 0.003828 0.000770
2 2 0.021294 0.113888 0.847017 0.003159 0.014642
1 2 0.265360 0.334397 0.231987 0.010871 0.157385
2 2 0.036648 0.227440 0.564940 0.024787 0.146185
0 2 0.403843 0.268786 0.053178 0.004116 0.270077
1 2 0.299138 0.327842 0.182777 0.018253 0.171990
2 2 0.138885 0.313154 0.389012 0.019016 0.139933
4 2 0.305503 0.259502 0.048940 0.005577 0.380479
0 2 0.430728 0.244903 0.037926 0.001233 0.285210
0 4 0.378146 0.232304 0.030672 0.001769 0.357110
4 4 0.340888 0.199210 0.018783 0.001082 0.440037
4 4 0.301163 0.226723 0.031397 0.001562 0.439154
0 4 0.748322 0.035739 0.007464 0.000991 0.207484
0 4 0.932050 0.020511 0.004621 0.000266 0.042552
0 4 0.816827 0.046382 0.009665 0.000613 0.126513
0 4 0.513228 0.071776 0.009462 0.000581 0.404954
0 4 0.619353 0.147875 0.026317 0.002049 0.204405
0 4 0.973393 0.006980 0.001644 0.000143 0.017839
0 4 0.431661 0.195363 0.040034 0.002201 0.330741
0 4 0.650019 0.063319 0.007972 0.000465 0.278224
0 4 0.591723 0.072492 0.010941 0.000675 0.324169
0 4 0.695128 0.075595 0.015386 0.001097 0.212794
0 4 0.703095 0.107443 0.014060 0.000755 0.174647
0 4 0.598117 0.047120 0.008064 0.000739 0.345960
0 4 0.721856 0.097559 0.015509 0.001084 0.163992
0 4 0.433674 0.226567 0.040623 0.002522 0.296614
0 4 0.788655 0.068883 0.011707 0.000819 0.129936
0 4 0.928264 0.030629 0.011221 0.001027 0.028859
0 4 0.565381 0.251930 0.057790 0.003586 0.121313
4 4 0.368677 0.144347 0.006497 0.000275 0.480204
4 4 0.113357 0.170991 0.027044 0.004436 0.684172
4 4 0.153474 0.042790 0.001409 0.000050 0.802276
4 4 0.262353 0.053319 0.001841 0.000046 0.682441
4 4 0.064172 0.130161 0.021028 0.002430 0.782209
0 4 0.694098 0.003547 0.000204 0.000013 0.302139
4 4 0.260751 0.019132 0.000839 0.000056 0.719222
4 4 0.271675 0.043072 0.002013 0.000065 0.683176
4 4 0.252827 0.115898 0.004378 0.000094 0.626802
4 4 0.270846 0.042473 0.001570 0.000049 0.685061
4 4 0.397312 0.131445 0.004842 0.000103 0.466298
4 4 0.128893 0.011164 0.000411 0.000022 0.859509
4 4 0.269447 0.039598 0.001743 0.000079 0.689133
4 4 0.110948 0.090145 0.004167 0.000204 0.794536
4 4 0.073199 0.091747 0.006502 0.000541 0.828011
4 4 0.122790 0.084765 0.003520 0.000235 0.788690
4 4 0.143877 0.178115 0.024663 0.003279 0.650066
0 1 0.586661 0.113843 0.008812 0.000228 0.290457
4 1 0.074895 0.137975 0.021302 0.002771 0.763057
4 2 0.037117 0.111893 0.024083 0.001994 0.824914
4 2 0.044738 0.143505 0.041845 0.004902 0.765010
4 4 0.184308 0.058553 0.001799 0.000031 0.755309
4 4 0.082835 0.135691 0.018280 0.002276 0.760919
4 4 0.047119 0.065841 0.003979 0.000171 0.882890
4 4 0.100762 0.011960 0.000483 0.000037 0.886757
4 4 0.092218 0.069629 0.002332 0.000119 0.835702
4 4 0.041458 0.095682 0.013430 0.000970 0.848460
4 4 0.097667 0.095933 0.005512 0.000522 0.800365
4 4 0.064912 0.054446 0.001632 0.000073 0.878936
4 4 0.375393 0.038170 0.001387 0.000042 0.585008
4 4 0.216601 0.033656 0.001535 0.000087 0.748120
4 4 0.060131 0.077130 0.004818 0.000315 0.857606
4 4 0.069207 0.091971 0.006943 0.000567 0.831312
4 4 0.080053 0.028531 0.000680 0.000033 0.890704
4 4 0.085816 0.103225 0.007992 0.000465 0.802502
4 4 0.052728 0.083489 0.006994 0.000441 0.856348
4 4 0.099290 0.062393 0.002270 0.000089 0.835958
4 4 0.424873 0.016634 0.000896 0.000051 0.557546
4 4 0.081667 0.041598 0.000965 0.000030 0.875741
4 4 0.030177 0.170678 0.110640 0.009656 0.678849
4 2 0.033794 0.186292 0.124629 0.007793 0.647492
4 2 0.042340 0.108773 0.019187 0.001598 0.828102
4 2 0.240150 0.219525 0.032224 0.002312 0.505790
4 2 0.064181 0.176918 0.054513 0.009359 0.695029
4 2 0.037397 0.160871 0.072014 0.007470 0.722248
4 2 0.057994 0.137739 0.027810 0.003328 0.773129
4 2 0.048139 0.115867 0.020170 0.001870 0.813955
4 2 0.049382 0.245020 0.236875 0.015540 0.453183
4 2 0.020583 0.180374 0.202872 0.007626 0.588545
4 2 0.053783 0.166045 0.053505 0.007158 0.719509
4 2 0.035255 0.150977 0.063232 0.006399 0.744138
4 2 0.020825 0.196130 0.283294 0.010392 0.489360
4 2 0.019209 0.190723 0.279554 0.008928 0.501586
4 2 0.025439 0.205866 0.263768 0.012906 0.492020
4 2 0.015557 0.127772 0.089666 0.002888 0.764117
4 2 0.022902 0.162063 0.123613 0.005775 0.685647
4 2 0.066055 0.076918 0.004331 0.000292 0.852403
4 2 0.036774 0.154892 0.065396 0.006902 0.736035
4 2 0.036818 0.195747 0.135076 0.010165 0.622194
4 2 0.032983 0.133589 0.047034 0.004668 0.781726
2 2 0.022169 0.201486 0.582492 0.009538 0.184314
4 2 0.061067 0.179628 0.060553 0.010402 0.688350
2 2 0.021885 0.181867 0.676411 0.019440 0.100397
2 2 0.008402 0.135222 0.745060 0.009644 0.101672
2 2 0.007744 0.083788 0.889959 0.002465 0.016044
2 2 0.213421 0.209038 0.555183 0.010376 0.011982
1 2 0.240906 0.329740 0.207317 0.018674 0.203362
2 2 0.003279 0.035146 0.959065 0.000678 0.001832
2 2 0.005327 0.047464 0.942127 0.002165 0.002917
2 2 0.002097 0.015221 0.981433 0.000943 0.000305
2 2 0.002772 0.029178 0.966110 0.000827 0.001114
2 2 0.002388 0.022328 0.974062 0.000725 0.000497
2 2 0.002796 0.041060 0.951356 0.000791 0.003998
2 2 0.005973 0.052626 0.936145 0.001445 0.003811
2 2 0.003483 0.044076 0.947634 0.000865 0.003942
2 2 0.004092 0.042092 0.949635 0.001557 0.002623
2 2 0.003397 0.022849 0.972819 0.000584 0.000351
2 2 0.003002 0.028442 0.966960 0.000671 0.000925
2 2 0.002577 0.026016 0.969423 0.001099 0.000886
2 2 0.003228 0.028644 0.964807 0.002041 0.001281
2 2 0.002366 0.027288 0.968631 0.000643 0.001071
2 2 0.001156 0.008227 0.989458 0.000970 0.000190
2 2 0.002287 0.023373 0.973126 0.000585 0.000629
2 2 0.004529 0.035298 0.957571 0.001407 0.001195
2 2 0.002504 0.012869 0.982797 0.001498 0.000331
2 2 0.003781 0.035531 0.957984 0.001151 0.001553
2 2 0.002062 0.005800 0.989336 0.002590 0.000213
2 2 0.004024 0.033837 0.959682 0.001268 0.001189
2 2 0.002574 0.034751 0.958899 0.001485 0.002291
2 2 0.001952 0.017881 0.978941 0.000865 0.000361
2 2 0.003118 0.030055 0.964605 0.001167 0.001055
2 2 0.003991 0.029665 0.964695 0.000903 0.000746
2 2 0.002622 0.014898 0.981332 0.000884 0.000264
2 2 0.002364 0.023841 0.972431 0.000720 0.000643
2 2 0.003057 0.018702 0.975462 0.002163 0.000615
2 2 0.002597 0.020351 0.974346 0.001810 0.000897
