4 0 0.160852 0.284558 0.078554 0.004542 0.471495
1 0 0.083231 0.454303 0.231137 0.003105 0.228224
4 0 0.158766 0.307875 0.060256 0.002318 0.470785
0 0 0.348970 0.272690 0.134442 0.008026 0.235871
1 0 0.276902 0.411388 0.082110 0.001063 0.228537
4 0 0.104678 0.261788 0.204200 0.021263 0.408071
1 0 0.053625 0.480962 0.257689 0.002378 0.205345
4 0 0.146305 0.286514 0.066910 0.003426 0.496845
1 0 0.088901 0.492845 0.199229 0.001894 0.217131
1 0 0.144124 0.470813 0.134423 0.001533 0.249107
4 0 0.229079 0.242947 0.058041 0.004477 0.465456
1 0 0.127382 0.429279 0.133472 0.002315 0.307552
1 0 0.167150 0.472009 0.147601 0.001579 0.211660
4 0 0.133842 0.222257 0.048395 0.004230 0.591276
4 0 0.298051 0.188418 0.033559 0.003613 0.476359
0 0 0.692684 0.138773 0.066182 0.005845 0.096516
1 0 0.315055 0.320159 0.118794 0.004286 0.241705
4 0 0.162735 0.232828 0.060788 0.005523 0.538126
4 0 0.316044 0.204883 0.037690 0.003361 0.438022
1 0 0.217539 0.390147 0.092373 0.001848 0.298094
4 0 0.100975 0.313160 0.121182 0.006136 0.458546
4 0 0.066792 0.355408 0.152584 0.005098 0.420119
1 0 0.074642 0.508762 0.227580 0.001721 0.187296
1 0 0.074908 0.487994 0.175002 0.001776 0.260320
4 0 0.139599 0.354886 0.101365 0.003229 0.400921
1 0 0.059007 0.491284 0.221364 0.002020 0.226325
4 0 0.161447 0.289519 0.074727 0.003978 0.470329
1 0 0.101246 0.474020 0.165246 0.001941 0.257548
1 0 0.057856 0.492309 0.233014 0.002049 0.214771
4 0 0.128327 0.368664 0.126204 0.003842 0.372962
1 0 0.056927 0.495659 0.239224 0.001997 0.206194
1 0 0.095936 0.477178 0.173617 0.001977 0.251292
1 0 0.088187 0.507566 0.167541 0.001421 0.235286
1 0 0.075088 0.451219 0.240866 0.003270 0.229558
1 0 0.079835 0.497987 0.189497 0.001735 0.230946
1 0 0.087562 0.463940 0.209859 0.002644 0.235996
1 0 0.107701 0.400048 0.161465 0.003859 0.326927
1 0 0.050586 0.421661 0.177885 0.003101 0.346767
4 0 0.197528 0.312352 0.071055 0.002851 0.416213
1 0 0.117005 0.448286 0.147368 0.002185 0.285156
1 0 0.298681 0.338917 0.096562 0.002788 0.263052
0 0 0.312005 0.301408 0.090341 0.003816 0.292429
0 0 0.527974 0.227168 0.056787 0.002509 0.185562
1 0 0.136816 0.493215 0.134967 0.001248 0.233754
1 0 0.241271 0.335258 0.107684 0.003887 0.311900
0 0 0.398463 0.176611 0.030253 0.003494 0.391179
4 0 0.281421 0.224654 0.057005 0.005246 0.431674
1 0 0.067850 0.416392 0.297588 0.005068 0.213102
4 0 0.184815 0.293469 0.067578 0.003245 0.450893
1 0 0.104889 0.437177 0.160388 0.002680 0.294865
1 0 0.059506 0.469406 0.148632 0.001695 0.320760
1 0 0.061082 0.472575 0.182298 0.002079 0.281966
4 0 0.050045 0.356338 0.158927 0.004927 0.429763
1 0 0.120383 0.423794 0.104185 0.001749 0.349888
1 0 0.103513 0.476757 0.185417 0.002095 0.232218
1 0 0.078744 0.453931 0.239880 0.003176 0.224269
1 0 0.102370 0.349719 0.264492 0.010172 0.273247
4 0 0.174456 0.271364 0.047889 0.002367 0.503923
0 0 0.670349 0.133600 0.088873 0.010975 0.096202
0 0 0.633093 0.200990 0.041737 0.001352 0.122829
0 0 0.902093 0.054121 0.006084 0.000455 0.037248
0 0 0.954723 0.024195 0.003076 0.000580 0.017426
0 0 0.869962 0.077799 0.011079 0.000464 0.040696
0 0 0.901285 0.061668 0.008972 0.000381 0.027694
0 0 0.826639 0.110429 0.009489 0.000182 0.053261
0 0 0.706461 0.209120 0.018171 0.000133 0.066115
0 0 0.885417 0.065449 0.009343 0.000573 0.039218
0 0 0.882747 0.073442 0.006663 0.000192 0.036956
0 0 0.626582 0.264945 0.026276 0.000170 0.082027
0 0 0.856453 0.094353 0.009834 0.000204 0.039155
0 0 0.915690 0.042274 0.015155 0.002783 0.024099
0 0 0.782280 0.120823 0.028513 0.001397 0.066988
0 0 0.886357 0.060916 0.010090 0.000919 0.041718
0 0 0.885615 0.063465 0.012118 0.000964 0.037838
0 0 0.861380 0.076473 0.010181 0.000600 0.051366
0 0 0.823866 0.074832 0.019334 0.003859 0.078108
0 0 0.813061 0.090683 0.019600 0.001948 0.074708
0 0 0.905736 0.043772 0.010786 0.002593 0.037113
0 0 0.839009 0.079102 0.013707 0.001365 0.066817
0 0 0.855989 0.070897 0.026784 0.003392 0.042938
0 0 0.795125 0.097889 0.042430 0.004587 0.059969
0 0 0.934688 0.031018 0.009635 0.002898 0.021761
0 0 0.917605 0.037924 0.009940 0.002821 0.031709
0 0 0.895001 0.052914 0.010593 0.001502 0.039990
0 0 0.888898 0.055673 0.012220 0.001738 0.041471
0 0 0.903522 0.044465 0.010568 0.002548 0.038897
0 0 0.941152 0.028961 0.012852 0.003084 0.013951
0 0 0.950047 0.024738 0.008021 0.002405 0.014789
0 0 0.954313 0.025624 0.008178 0.001318 0.010566
0 0 0.947450 0.027687 0.008267 0.001763 0.014833
0 0 0.954511 0.023728 0.002580 0.000500 0.018681
0 0 0.912100 0.039750 0.010384 0.003009 0.034757
0 0 0.884395 0.053814 0.009739 0.001727 0.050325
0 0 0.801664 0.095002 0.013947 0.001150 0.088237
0 0 0.888215 0.056528 0.009839 0.001228 0.044191
0 0 0.887750 0.057434 0.009625 0.001114 0.044077
0 0 0.783737 0.117450 0.020382 0.000975 0.077457
0 0 0.873948 0.067151 0.011946 0.001044 0.045911
0 0 0.921454 0.036850 0.007880 0.002039 0.031776
0 0 0.856816 0.073462 0.011428 0.000998 0.057296
0 0 0.891620 0.053066 0.009031 0.001329 0.044953
0 0 0.862552 0.069319 0.010408 0.001006 0.056715
0 0 0.804657 0.092208 0.015665 0.001511 0.085959
0 0 0.769683 0.098143 0.012983 0.001376 0.117816
0 0 0.830868 0.089417 0.017998 0.001277 0.060441
0 0 0.801617 0.101493 0.012609 0.000708 0.083573
0 0 0.935290 0.022584 0.010696 0.009801 0.021629
0 0 0.940404 0.024538 0.013201 0.006477 0.015380
0 0 0.952180 0.023904 0.007181 0.002153 0.014582
0 0 0.947799 0.025465 0.011849 0.003120 0.011768
0 0 0.940875 0.022928 0.009049 0.006447 0.020701
0 0 0.901034 0.038464 0.021896 0.009723 0.028883
0 0 0.902592 0.040165 0.023291 0.008005 0.025946
0 0 0.951863 0.022133 0.009969 0.003823 0.012212
0 0 0.871084 0.067855 0.026940 0.002491 0.031630
0 0 0.911652 0.048972 0.008534 0.000844 0.029998
0 0 0.937770 0.036924 0.009621 0.000897 0.014789
0 0 0.965416 0.014634 0.005987 0.004165 0.009798
0 0 0.951285 0.023243 0.010249 0.003300 0.011922
0 0 0.932349 0.034271 0.013365 0.002666 0.017349
0 0 0.738419 0.111008 0.083903 0.008873 0.057797
0 0 0.813001 0.077643 0.043699 0.009086 0.056570
0 0 0.819150 0.087695 0.041399 0.004238 0.047518
0 0 0.844698 0.070030 0.025816 0.004763 0.054693
0 0 0.815397 0.079494 0.046101 0.007930 0.051078
0 0 0.785822 0.089398 0.049902 0.009005 0.065874
0 0 0.861582 0.067441 0.024456 0.003420 0.043101
0 0 0.578225 0.202197 0.094764 0.005123 0.119691
0 0 0.500082 0.271852 0.058453 0.001425 0.168188
0 0 0.541289 0.297240 0.035358 0.000341 0.125772
0 0 0.654558 0.202688 0.032885 0.000721 0.109148
0 0 0.722169 0.172098 0.021869 0.000404 0.083460
0 0 0.681250 0.169530 0.019380 0.000548 0.129291
0 0 0.598294 0.226195 0.033280 0.000730 0.141501
0 0 0.474835 0.325620 0.075337 0.000970 0.123238
0 0 0.492303 0.316224 0.064811 0.000830 0.125832
0 0 0.419309 0.391919 0.064900 0.000449 0.123423
0 0 0.450056 0.385487 0.059375 0.000337 0.104745
1 0 0.217759 0.455564 0.123403 0.001329 0.201945
1 0 0.187164 0.556457 0.154662 0.000496 0.101221
1 0 0.286860 0.474766 0.116815 0.000662 0.120897
1 0 0.316779 0.385705 0.103709 0.001624 0.192182
1 1 0.122312 0.530681 0.176651 0.001088 0.169269
1 1 0.129393 0.542190 0.170987 0.000909 0.156521
1 1 0.090160 0.552515 0.150739 0.000822 0.205765
1 1 0.240509 0.497763 0.107083 0.000626 0.154019
1 0 0.184534 0.508482 0.182189 0.001049 0.123747
1 1 0.060136 0.534142 0.177352 0.001124 0.227246
1 1 0.061801 0.560615 0.175832 0.000858 0.200893
1 2 0.015412 0.469347 0.185951 0.001428 0.327862
4 2 0.021426 0.402656 0.160885 0.002446 0.412587
1 2 0.008923 0.415401 0.251270 0.002527 0.321879
1 2 0.011456 0.362666 0.338060 0.005689 0.282129
2 2 0.001787 0.152784 0.792457 0.009745 0.043228
2 2 0.004873 0.262442 0.604702 0.008565 0.119418
2 2 0.003920 0.188113 0.719378 0.013603 0.074987
2 2 0.002768 0.120818 0.817539 0.016712 0.042162
2 2 0.002926 0.130892 0.804023 0.016187 0.045972
2 2 0.000631 0.052300 0.927117 0.009279 0.010673
2 2 0.001762 0.102053 0.853125 0.013247 0.029814
2 2 0.002176 0.117340 0.829374 0.014105 0.037006
2 2 0.003120 0.140684 0.788920 0.016265 0.051011
2 2 0.001365 0.063082 0.902805 0.015279 0.017468
2 2 0.001543 0.073823 0.888403 0.015095 0.021136
2 2 0.007107 0.118175 0.776701 0.035583 0.062435
2 2 0.000813 0.042763 0.933361 0.013089 0.009974
2 2 0.001798 0.020231 0.929829 0.040787 0.007355
2 3 0.002724 0.041760 0.903741 0.035357 0.016417
2 3 0.003492 0.033676 0.898007 0.049634 0.015191
2 3 0.003467 0.086145 0.850217 0.025836 0.034335
2 3 0.007586 0.063550 0.832665 0.059168 0.037031
2 3 0.004646 0.025639 0.882217 0.073863 0.013635
2 3 0.003550 0.021030 0.897186 0.068006 0.010228
2 3 0.002236 0.018605 0.920475 0.051157 0.007526
2 3 0.002909 0.020395 0.908209 0.059358 0.009130
2 3 0.017660 0.044582 0.754732 0.142977 0.040049
2 3 0.029589 0.057627 0.689199 0.159465 0.064121
2 3 0.007123 0.012670 0.769223 0.201851 0.009133
2 3 0.011305 0.026804 0.787360 0.153393 0.021138
2 3 0.005508 0.019441 0.841872 0.121598 0.011582
2 3 0.016839 0.013090 0.543622 0.411819 0.014629
2 3 0.014538 0.007176 0.495605 0.474223 0.008457
3 3 0.016564 0.005919 0.373455 0.595961 0.008101
3 3 0.011311 0.003572 0.346622 0.633951 0.004544
3 3 0.019918 0.005791 0.286476 0.678650 0.009164
3 3 0.018166 0.006119 0.345245 0.621638 0.008832
3 3 0.040397 0.018029 0.393879 0.517235 0.030461
3 3 0.008455 0.002115 0.274979 0.711742 0.002709
2 2 0.025610 0.073550 0.698897 0.128396 0.073548
2 2 0.010231 0.251588 0.562628 0.016394 0.159160
2 2 0.004254 0.142379 0.773765 0.020555 0.059046
2 2 0.003945 0.075711 0.870536 0.023877 0.025931
2 2 0.008347 0.341668 0.428052 0.006299 0.215634
2 2 0.037494 0.399740 0.480724 0.003058 0.078984
1 1 0.094287 0.446259 0.356574 0.002748 0.100133
1 2 0.007083 0.422274 0.282936 0.002343 0.285365
2 2 0.005249 0.272022 0.585553 0.008390 0.128787
2 2 0.003080 0.254539 0.641848 0.006294 0.094240
2 2 0.001200 0.087992 0.877813 0.010835 0.022161
2 2 0.000648 0.034673 0.944595 0.012531 0.007553
2 2 0.000336 0.027539 0.958917 0.008524 0.004684
2 2 0.000300 0.022775 0.964333 0.008802 0.003789
2 2 0.000731 0.050439 0.927094 0.010729 0.011008
2 2 0.000321 0.015816 0.969217 0.011798 0.002848
2 2 0.001279 0.063462 0.903759 0.014425 0.017074
2 2 0.000375 0.022567 0.962301 0.010627 0.004131
2 2 0.001385 0.039603 0.926018 0.021276 0.011719
2 2 0.000363 0.016316 0.967430 0.012806 0.003084
2 3 0.000778 0.024701 0.950222 0.018206 0.006092
2 3 0.002239 0.018956 0.920552 0.050603 0.007651
2 3 0.005043 0.033185 0.869462 0.074748 0.017562
2 3 0.004624 0.017100 0.873948 0.094680 0.009649
2 3 0.008007 0.010981 0.739412 0.233012 0.008588
2 3 0.004501 0.021557 0.879436 0.082915 0.011590
2 3 0.010988 0.055535 0.808878 0.085717 0.038883
2 3 0.010573 0.007598 0.600848 0.373584 0.007397
2 3 0.016561 0.016152 0.629607 0.320796 0.016885
3 3 0.017968 0.006188 0.338497 0.628443 0.008905
3 3 0.021341 0.009325 0.436325 0.520154 0.012855
2 3 0.024891 0.014361 0.472378 0.468937 0.019433
3 3 0.015977 0.003908 0.239481 0.734415 0.006219
2 3 0.028416 0.023648 0.551670 0.365853 0.030412
3 3 0.022350 0.006996 0.306221 0.653295 0.011138
3 3 0.015698 0.003716 0.229983 0.744633 0.005970
3 3 0.012068 0.002247 0.172203 0.809758 0.003724
3 3 0.027533 0.011620 0.366610 0.576268 0.017968
3 3 0.019552 0.005471 0.274208 0.692019 0.008751
3 3 0.015782 0.003227 0.187416 0.787998 0.005577
3 3 0.012985 0.003981 0.328138 0.649538 0.005359
3 3 0.017360 0.003457 0.176950 0.795985 0.006248
2 2 0.032778 0.138400 0.630882 0.076821 0.121118
2 2 0.009821 0.191574 0.656425 0.027664 0.114516
2 2 0.004302 0.040410 0.883980 0.051839 0.019470
2 3 0.007356 0.141716 0.744568 0.031492 0.074869
2 3 0.003454 0.023538 0.899906 0.061980 0.011123
2 3 0.012567 0.060517 0.786195 0.096274 0.044447
2 3 0.007347 0.013686 0.762270 0.206817 0.009880
2 3 0.023175 0.076960 0.706307 0.120622 0.072936
3 3 0.023479 0.008965 0.373233 0.580904 0.013420
2 3 0.028445 0.017320 0.471724 0.458358 0.024154
3 3 0.012760 0.004469 0.380545 0.596555 0.005670
3 3 0.021474 0.004609 0.188724 0.776578 0.008615
3 3 0.020014 0.004376 0.196582 0.771111 0.007917
3 3 0.011660 0.002102 0.165208 0.817528 0.003501
3 3 0.077304 0.033855 0.328281 0.487763 0.072798
3 3 0.023208 0.005194 0.197044 0.764791 0.009763
3 3 0.022623 0.004492 0.166780 0.797219 0.008886
3 3 0.014324 0.002677 0.167536 0.810776 0.004687
3 3 0.007785 0.000809 0.074077 0.915740 0.001589
3 3 0.013761 0.003660 0.273977 0.703265 0.005338
3 3 0.016396 0.004118 0.246799 0.726159 0.006528
3 3 0.006210 0.000533 0.055977 0.936197 0.001083
3 3 0.009220 0.001146 0.096539 0.890940 0.002154
3 3 0.009593 0.001308 0.111345 0.875386 0.002368
3 3 0.010198 0.001257 0.093297 0.892791 0.002455
3 3 0.012300 0.001509 0.089053 0.893990 0.003147
3 3 0.025286 0.005369 0.179451 0.779233 0.010661
3 3 0.009107 0.000882 0.063636 0.924473 0.001901
3 3 0.021446 0.003300 0.114042 0.853884 0.007329
3 3 0.010907 0.001508 0.110959 0.873798 0.002828
3 3 0.017245 0.003019 0.146205 0.827714 0.005816
3 3 0.026158 0.005351 0.168750 0.788788 0.010952
3 3 0.015753 0.003045 0.172708 0.803085 0.005409
3 3 0.017337 0.003203 0.158417 0.815032 0.006011
3 3 0.006633 0.000620 0.063893 0.927628 0.001226
3 3 0.009618 0.001115 0.085257 0.901800 0.002210
3 3 0.010096 0.001355 0.107328 0.878705 0.002516
3 3 0.012881 0.001291 0.062694 0.920067 0.003067
3 3 0.015788 0.002909 0.160839 0.815164 0.005299
3 3 0.012428 0.001370 0.074249 0.908909 0.003045
3 3 0.012270 0.001278 0.067623 0.915909 0.002921
3 3 0.013561 0.001545 0.077017 0.904407 0.003470
3 3 0.011018 0.001166 0.071136 0.914133 0.002547
3 3 0.013646 0.001650 0.084982 0.896130 0.003592
3 3 0.014048 0.001820 0.094675 0.885608 0.003850
3 2 0.038593 0.019435 0.442069 0.468875 0.031029
2 2 0.020270 0.177976 0.600699 0.053056 0.147999
1 1 0.053293 0.368568 0.320647 0.008453 0.249040
1 2 0.007811 0.404226 0.351349 0.003143 0.233471
2 2 0.016737 0.304422 0.428116 0.012787 0.237938
1 2 0.058443 0.445548 0.395331 0.002617 0.098061
2 2 0.017983 0.412426 0.428687 0.003262 0.137642
1 2 0.012033 0.423677 0.421531 0.002538 0.140220
2 2 0.064665 0.421029 0.446381 0.002398 0.065527
1 2 0.006177 0.400559 0.352819 0.002978 0.237466
2 2 0.005515 0.388941 0.389391 0.003182 0.212971
2 2 0.006085 0.359308 0.431928 0.004448 0.198232
2 2 0.007296 0.349590 0.429298 0.005414 0.208402
2 2 0.003323 0.185079 0.741318 0.010547 0.059732
2 2 0.002518 0.147240 0.788565 0.013215 0.048462
2 2 0.003308 0.164643 0.756681 0.014771 0.060597
2 2 0.001421 0.087737 0.874625 0.012455 0.023762
2 2 0.001559 0.049248 0.916210 0.018865 0.014118
2 2 0.005003 0.214646 0.671071 0.013109 0.096171
2 2 0.002197 0.069481 0.890937 0.017331 0.020054
2 2 0.005884 0.242257 0.638074 0.010456 0.103329
2 2 0.002889 0.160470 0.767239 0.013709 0.055693
2 2 0.007710 0.204163 0.657597 0.020376 0.110154
2 2 0.008917 0.368761 0.385565 0.004879 0.231878
2 2 0.000358 0.031119 0.954906 0.008272 0.005344
2 2 0.005664 0.355554 0.445890 0.004402 0.188490
2 2 0.003305 0.162517 0.759337 0.015080 0.059760
2 2 0.001560 0.087107 0.873251 0.013506 0.024576
2 2 0.003922 0.165026 0.748700 0.017019 0.065333
1 2 0.013074 0.461754 0.286762 0.002017 0.236392
1 2 0.008439 0.405571 0.290894 0.003018 0.292077
2 2 0.006418 0.221894 0.645300 0.015027 0.111360
1 2 0.010181 0.387065 0.300637 0.003994 0.298122
1 2 0.013012 0.374039 0.281872 0.004810 0.326267
4 2 0.017694 0.348086 0.071197 0.001086 0.561937
4 2 0.015470 0.376216 0.220173 0.004012 0.384130
1 2 0.011741 0.401060 0.218732 0.002830 0.365637
4 2 0.014726 0.388331 0.162872 0.002442 0.431628
4 4 0.017831 0.367451 0.121586 0.002109 0.491023
4 4 0.035164 0.304693 0.149210 0.006687 0.504246
4 4 0.016746 0.367439 0.227911 0.004668 0.383237
4 4 0.017391 0.370093 0.193427 0.003834 0.415255
4 4 0.019596 0.361171 0.149263 0.003111 0.466859
4 4 0.027481 0.328842 0.157343 0.005173 0.481160
4 4 0.017906 0.367932 0.127057 0.002244 0.484862
4 4 0.095039 0.121225 0.012007 0.001817 0.769912
4 4 0.019640 0.360993 0.150388 0.003152 0.465828
4 4 0.023097 0.345319 0.148381 0.003813 0.479390
4 4 0.045628 0.250124 0.060313 0.003216 0.640719
4 4 0.042387 0.251174 0.053780 0.002556 0.650103
4 4 0.020862 0.355015 0.146163 0.003278 0.474682
4 4 0.017702 0.358834 0.243471 0.005545 0.374448
4 4 0.018638 0.364696 0.184199 0.003901 0.428566
4 4 0.042864 0.235727 0.040678 0.001919 0.678813
4 4 0.014514 0.385009 0.204388 0.003316 0.392772
4 4 0.017879 0.368931 0.180561 0.003598 0.429030
4 4 0.015518 0.381314 0.188169 0.003195 0.411804
4 4 0.019067 0.363351 0.174449 0.003719 0.439414
4 4 0.050854 0.195877 0.024851 0.001464 0.726953
4 4 0.043002 0.217221 0.028952 0.001348 0.709476
4 4 0.026863 0.316409 0.086580 0.002365 0.567782
4 4 0.042899 0.259956 0.065942 0.003261 0.627942
4 4 0.019116 0.348722 0.084940 0.001479 0.545742
4 4 0.025484 0.335986 0.169697 0.005196 0.463638
4 4 0.062275 0.343150 0.199107 0.007854 0.387615
4 4 0.015933 0.381040 0.152696 0.002468 0.447863
4 4 0.020825 0.319517 0.056043 0.001020 0.602594
4 4 0.013712 0.393096 0.185229 0.002679 0.405285
1 4 0.010534 0.406574 0.234206 0.002757 0.345930
1 2 0.012189 0.394813 0.231004 0.003221 0.358773
2 2 0.007672 0.141943 0.747650 0.030466 0.072268
2 2 0.003352 0.162728 0.758489 0.015231 0.060200
2 2 0.004831 0.235894 0.643433 0.010609 0.105232
2 2 0.003419 0.163020 0.757296 0.015444 0.060821
2 2 0.006900 0.296371 0.526206 0.008387 0.162136
2 2 0.003702 0.180952 0.731264 0.013866 0.070216
2 2 0.004260 0.201158 0.698098 0.012945 0.083539
2 2 0.018754 0.324507 0.477195 0.009324 0.170220
2 2 0.001789 0.110148 0.843267 0.012658 0.032138
2 2 0.002895 0.188260 0.732439 0.010492 0.065914
1 2 0.011524 0.367230 0.326010 0.005358 0.289877
2 2 0.002157 0.125811 0.819505 0.013262 0.039266
2 2 0.002489 0.100331 0.845394 0.017712 0.034074
2 2 0.001503 0.098120 0.861489 0.012000 0.026888
2 2 0.006955 0.240052 0.613122 0.013651 0.126220
2 2 0.004543 0.226263 0.660489 0.010953 0.097751
2 2 0.003129 0.171614 0.762202 0.010710 0.052345
2 2 0.004046 0.129607 0.819774 0.012434 0.034140
2 2 0.005506 0.203921 0.680170 0.015600 0.094803
2 2 0.002848 0.078273 0.866214 0.023694 0.028970
2 2 0.001808 0.151901 0.793186 0.009886 0.043219
2 2 0.004021 0.141757 0.777107 0.019739 0.057376
2 2 0.002318 0.084928 0.865333 0.018932 0.028488
2 2 0.005895 0.062423 0.849732 0.049343 0.032607
2 2 0.004362 0.043655 0.887179 0.045394 0.019410
2 2 0.004027 0.165403 0.746995 0.017339 0.066236
2 3 0.005781 0.194416 0.698374 0.016448 0.084982
2 3 0.001374 0.064742 0.900893 0.015075 0.017916
2 3 0.002786 0.113571 0.845969 0.010754 0.026920
2 3 0.006772 0.155836 0.732180 0.025797 0.079414
2 3 0.003979 0.092395 0.837465 0.027362 0.038799
2 3 0.002065 0.057003 0.900508 0.021962 0.018461
2 3 0.005550 0.158120 0.740210 0.022865 0.073254
2 3 0.004922 0.102066 0.834719 0.022099 0.036194
2 3 0.001952 0.069205 0.887648 0.019109 0.022086
2 3 0.006089 0.057606 0.851981 0.053485 0.030839
2 3 0.003701 0.050210 0.884275 0.039813 0.022001
2 3 0.004989 0.087039 0.841247 0.030122 0.036603
2 3 0.009111 0.075305 0.808620 0.060335 0.046629
2 3 0.005204 0.148116 0.756512 0.023263 0.066905
2 3 0.009749 0.093676 0.810005 0.040812 0.045757
2 3 0.004743 0.072246 0.851743 0.037577 0.033691
2 3 0.011128 0.165710 0.681345 0.037385 0.104433
2 3 0.024385 0.149431 0.626799 0.059697 0.139687
2 3 0.008472 0.058885 0.828421 0.067823 0.036398
2 3 0.014556 0.127577 0.708337 0.057026 0.092504
2 3 0.005295 0.058389 0.859429 0.047546 0.029341
2 3 0.004876 0.075732 0.846718 0.037128 0.035547
2 3 0.005855 0.049509 0.860543 0.057520 0.026573
2 3 0.009715 0.089932 0.788554 0.055645 0.056153
2 3 0.027644 0.079059 0.683702 0.128308 0.081288
2 3 0.017831 0.116250 0.701526 0.071084 0.093309
2 3 0.015280 0.020074 0.723613 0.221851 0.019183
2 3 0.011817 0.051238 0.804042 0.095415 0.037487
2 3 0.012037 0.069583 0.790528 0.078536 0.049316
2 3 0.016509 0.021777 0.682492 0.257833 0.021391
2 3 0.007258 0.078750 0.821017 0.049140 0.043835
2 3 0.013450 0.025697 0.767548 0.171167 0.022139
2 3 0.015378 0.020804 0.716085 0.227898 0.019835
2 3 0.028267 0.016275 0.519737 0.413235 0.022486
2 3 0.036357 0.199880 0.478817 0.057922 0.227023
2 3 0.026167 0.056256 0.696325 0.162326 0.058926
2 3 0.028703 0.033928 0.605143 0.291523 0.040703
2 3 0.017897 0.046618 0.746504 0.147129 0.041852
3 3 0.024821 0.013212 0.446709 0.496952 0.018306
2 3 0.046184 0.087244 0.570937 0.180918 0.114717
2 3 0.006868 0.049259 0.850239 0.065241 0.028393
2 3 0.027213 0.018160 0.532221 0.398319 0.024087
3 3 0.029554 0.005620 0.147174 0.805204 0.012448
2 3 0.041328 0.064828 0.588009 0.222010 0.083825
2 3 0.021914 0.010820 0.482305 0.470523 0.014438
2 1 0.052642 0.028273 0.467212 0.407227 0.044647
2 2 0.024160 0.096819 0.686690 0.101101 0.091230
2 2 0.007915 0.264673 0.590632 0.010652 0.126129
2 1 0.062908 0.128299 0.638936 0.073416 0.096441
1 1 0.049243 0.510648 0.309033 0.001569 0.129507
1 2 0.012729 0.387212 0.363052 0.004568 0.232438
2 2 0.006506 0.298046 0.528625 0.007930 0.158892
2 2 0.000867 0.030933 0.943305 0.017149 0.007747
1 2 0.028557 0.480350 0.319682 0.002101 0.169310
1 2 0.026202 0.511804 0.274660 0.001479 0.185855
1 2 0.007814 0.395121 0.329336 0.003438 0.264291
2 2 0.014157 0.340051 0.471766 0.007033 0.166993
2 2 0.001397 0.089931 0.872490 0.012067 0.024116
2 2 0.004807 0.273225 0.618708 0.006256 0.097004
2 2 0.001689 0.074717 0.885291 0.016099 0.022204
2 2 0.004091 0.265204 0.611545 0.007287 0.111873
2 2 0.006984 0.264129 0.576270 0.011135 0.141481
2 2 0.002902 0.183481 0.738418 0.010992 0.064207
2 2 0.001340 0.078832 0.887265 0.012249 0.020314
2 2 0.000764 0.066041 0.909817 0.009203 0.014175
2 2 0.005184 0.209491 0.676096 0.014127 0.095102
2 2 0.000887 0.071012 0.902097 0.009887 0.016117
2 2 0.000585 0.025052 0.957095 0.012382 0.004887
1 2 0.040687 0.440229 0.359042 0.003403 0.156639
2 2 0.003082 0.119101 0.824019 0.015626 0.038172
2 2 0.000949 0.074060 0.897632 0.010143 0.017217
2 2 0.000719 0.034066 0.943630 0.013808 0.007776
2 2 0.001534 0.097333 0.865744 0.010889 0.024499
2 2 0.000487 0.021913 0.959649 0.013446 0.004504
2 2 0.001073 0.059412 0.911683 0.012982 0.014850
2 2 0.003187 0.147584 0.779528 0.015899 0.053801
2 2 0.002776 0.038070 0.905691 0.038182 0.015280
2 2 0.019183 0.188546 0.595767 0.040114 0.156390
2 2 0.005559 0.325483 0.530646 0.004868 0.133444
2 2 0.000872 0.037803 0.937013 0.015074 0.009238
2 2 0.004492 0.206061 0.717402 0.008061 0.063983
2 2 0.057051 0.165430 0.550985 0.070043 0.156491
1 1 0.136959 0.571041 0.210452 0.000537 0.081011
1 2 0.014118 0.424527 0.310816 0.003124 0.247415
2 2 0.005184 0.271346 0.587428 0.008355 0.127687
2 2 0.004149 0.163160 0.748472 0.017959 0.066259
2 2 0.001855 0.129973 0.839297 0.006040 0.022835
2 2 0.000386 0.050029 0.934867 0.006386 0.008331
2 2 0.001371 0.039815 0.926078 0.021017 0.011719
2 2 0.003471 0.198481 0.711505 0.011162 0.075380
2 2 0.004372 0.170134 0.738083 0.015247 0.072164
2 2 0.001077 0.086845 0.881136 0.010022 0.020919
2 2 0.008612 0.166386 0.775762 0.010114 0.039127
2 2 0.004983 0.168315 0.732626 0.020141 0.073936
2 2 0.001149 0.083436 0.883786 0.010875 0.020754
2 2 0.001403 0.067171 0.897816 0.014939 0.018671
2 2 0.000673 0.054540 0.923923 0.009493 0.011372
2 2 0.001975 0.154427 0.787544 0.010466 0.045587
2 2 0.014212 0.075904 0.835545 0.042393 0.031947
1 2 0.016697 0.436607 0.428406 0.002234 0.116056
2 2 0.001957 0.077860 0.878052 0.017602 0.024529
2 2 0.008649 0.358677 0.515804 0.003643 0.113226
2 2 0.001054 0.085415 0.883146 0.009965 0.020421
2 2 0.000444 0.026949 0.956556 0.010876 0.005175
2 2 0.000911 0.036019 0.937918 0.016128 0.009024
2 2 0.010988 0.363295 0.430965 0.005304 0.189448
2 2 0.003118 0.161640 0.762798 0.014472 0.057971
2 2 0.000249 0.019726 0.968637 0.008295 0.003093
2 2 0.016692 0.359091 0.504604 0.004755 0.114859
1 2 0.008853 0.386609 0.327720 0.003947 0.272871
2 2 0.006389 0.262576 0.585570 0.010551 0.134914
2 2 0.002606 0.199811 0.721776 0.008635 0.067171
2 2 0.002534 0.050156 0.899175 0.029483 0.018652
1 2 0.038438 0.419636 0.316278 0.004509 0.221139
2 2 0.001433 0.101147 0.859060 0.011288 0.027071
2 2 0.002652 0.168555 0.760535 0.011736 0.056523
2 2 0.000781 0.055634 0.922368 0.009694 0.011522
1 2 0.079402 0.465143 0.332102 0.002544 0.120809
2 2 0.014609 0.375614 0.529185 0.002735 0.077857
2 1 0.107428 0.300691 0.420148 0.017226 0.154506
1 2 0.015356 0.409783 0.396405 0.003588 0.174869
1 2 0.010285 0.396424 0.273051 0.003431 0.316810
2 2 0.002447 0.169681 0.762034 0.010824 0.055014
2 2 0.003487 0.163315 0.756079 0.015663 0.061455
2 2 0.001802 0.072224 0.894368 0.013476 0.018131
2 2 0.000580 0.044321 0.936493 0.009694 0.008913
2 2 0.004741 0.167656 0.736087 0.019449 0.072067
2 2 0.006237 0.299964 0.529149 0.007571 0.157079
2 2 0.001872 0.146695 0.798487 0.010460 0.042486
2 2 0.000436 0.023002 0.960184 0.011896 0.004480
2 2 0.004227 0.131204 0.789285 0.019965 0.055320
2 2 0.003332 0.126159 0.804873 0.017772 0.047865
2 2 0.000190 0.020898 0.969636 0.006380 0.002897
2 2 0.001194 0.042952 0.926207 0.017851 0.011797
2 2 0.000707 0.056782 0.920858 0.009619 0.012034
2 2 0.001172 0.050330 0.919273 0.015789 0.013436
2 2 0.001457 0.054449 0.910465 0.017839 0.015790
2 2 0.000890 0.044492 0.930169 0.013720 0.010729
2 2 0.003658 0.164016 0.753123 0.016200 0.063002
2 2 0.000975 0.052139 0.920820 0.013260 0.012806
2 2 0.003539 0.099026 0.834541 0.023674 0.039220
2 2 0.002123 0.063049 0.891899 0.021831 0.021099
2 2 0.005707 0.242263 0.623791 0.011481 0.116759
2 2 0.005986 0.183610 0.702424 0.020177 0.087802
2 2 0.001649 0.090235 0.868376 0.013767 0.025972
2 2 0.002934 0.147677 0.782577 0.014884 0.051928
2 2 0.000735 0.046411 0.937123 0.007961 0.007771
2 2 0.000594 0.031605 0.948672 0.012412 0.006717
2 2 0.002702 0.154033 0.778095 0.012604 0.052566
2 2 0.002417 0.119074 0.824103 0.015168 0.039238
2 2 0.000411 0.036691 0.948058 0.008303 0.006536
2 2 0.003078 0.100212 0.838392 0.021004 0.037313
2 2 0.000602 0.050532 0.929587 0.009133 0.010147
2 2 0.001285 0.053688 0.913965 0.016277 0.014785
2 2 0.000417 0.018520 0.964198 0.013216 0.003648
2 2 0.000526 0.042415 0.939613 0.009217 0.008229
2 2 0.001266 0.034544 0.932500 0.021672 0.010018
2 2 0.002014 0.111598 0.838389 0.013783 0.034216
2 2 0.000594 0.042859 0.937693 0.010110 0.008744
2 2 0.003625 0.044173 0.889980 0.042709 0.019512
2 2 0.001809 0.073837 0.884563 0.017161 0.022630
2 2 0.001492 0.029921 0.931869 0.027223 0.009496
2 2 0.001983 0.052119 0.904958 0.023589 0.017351
2 2 0.005091 0.080328 0.839617 0.036805 0.038160
2 2 0.001832 0.031035 0.925070 0.031356 0.010706
2 3 0.003221 0.134573 0.795245 0.017296 0.049665
2 3 0.010450 0.223924 0.689585 0.010772 0.065268
2 3 0.005199 0.077950 0.841114 0.038235 0.037503
2 3 0.005965 0.156351 0.738281 0.024675 0.074728
2 3 0.010602 0.079987 0.792038 0.064735 0.052638
2 3 0.008910 0.223155 0.671762 0.012953 0.083220
2 3 0.002040 0.044951 0.910870 0.026695 0.015444
2 3 0.009562 0.098395 0.830336 0.026800 0.034906
2 3 0.006093 0.085181 0.849537 0.027567 0.031622
2 3 0.003215 0.031473 0.902877 0.048608 0.013826
2 3 0.003699 0.060868 0.874556 0.034862 0.026014
2 3 0.006072 0.087017 0.822837 0.039816 0.044258
2 3 0.003566 0.030406 0.898058 0.053926 0.014043
2 3 0.011778 0.092919 0.769563 0.062690 0.063050
2 3 0.003917 0.030811 0.892934 0.057538 0.014800
2 3 0.012256 0.041897 0.792466 0.121358 0.032023
2 3 0.003703 0.030703 0.896012 0.055186 0.014396
2 3 0.008354 0.159896 0.711832 0.031236 0.088683
2 3 0.010879 0.029239 0.802084 0.135449 0.022349
2 3 0.015016 0.060964 0.774386 0.101015 0.048620
2 3 0.008978 0.026783 0.822664 0.122569 0.019005
2 3 0.011930 0.060584 0.798103 0.085856 0.043527
1 0 0.045630 0.393037 0.373917 0.006055 0.181362
1 0 0.103683 0.495508 0.287713 0.001722 0.111373
1 0 0.063237 0.541710 0.218803 0.001179 0.175070
1 0 0.156894 0.662387 0.112961 0.000105 0.067652
0 0 0.552902 0.286417 0.078363 0.000991 0.081327
0 0 0.595672 0.224720 0.055421 0.001560 0.122626
0 0 0.754630 0.114588 0.029989 0.002829 0.097963
1 0 0.382110 0.407287 0.096933 0.000721 0.112949
1 0 0.194804 0.477703 0.221349 0.001446 0.104698
1 0 0.139846 0.592217 0.144103 0.000420 0.123415
1 0 0.135105 0.585214 0.159995 0.000492 0.119195
1 1 0.018816 0.534277 0.133893 0.000597 0.312417
1 1 0.020487 0.522437 0.206300 0.001081 0.249695
1 1 0.015367 0.361496 0.277501 0.005748 0.339888
4 0 0.287275 0.262872 0.120763 0.009590 0.319500
0 0 0.350880 0.334092 0.049760 0.000955 0.264314
0 0 0.427710 0.339825 0.072524 0.001060 0.158881
1 0 0.389507 0.409108 0.086203 0.000594 0.114589
0 0 0.336519 0.334023 0.154453 0.004182 0.170823
1 0 0.146580 0.553468 0.217811 0.000640 0.081501
1 0 0.199341 0.577511 0.152066 0.000294 0.070789
1 0 0.198153 0.573571 0.145061 0.000331 0.082884
1 0 0.086108 0.614815 0.207168 0.000412 0.091496
1 0 0.099092 0.580554 0.233312 0.000582 0.086461
1 0 0.208848 0.583231 0.116372 0.000247 0.091302
1 0 0.191848 0.592005 0.126905 0.000259 0.088983
1 0 0.139824 0.612104 0.178591 0.000282 0.069199
1 0 0.143654 0.580945 0.184743 0.000475 0.090184
1 0 0.169480 0.561629 0.145951 0.000527 0.122413
1 0 0.123549 0.591341 0.163555 0.000488 0.121067
1 0 0.038635 0.595897 0.182184 0.000571 0.182713
1 1 0.103930 0.590040 0.171515 0.000559 0.133956
1 1 0.038702 0.580184 0.180071 0.000668 0.200376
1 1 0.027013 0.559177 0.166265 0.000695 0.246850
1 1 0.036258 0.609111 0.163910 0.000458 0.190263
1 1 0.040037 0.567632 0.140663 0.000604 0.251065
1 2 0.052812 0.485216 0.154602 0.001502 0.305866
1 1 0.053208 0.639818 0.173493 0.000346 0.133135
1 1 0.115124 0.638011 0.156973 0.000254 0.089638
1 1 0.135105 0.583897 0.139252 0.000474 0.141273
1 1 0.122045 0.606218 0.135052 0.000375 0.136310
1 1 0.080505 0.617178 0.167415 0.000431 0.134471
1 1 0.017279 0.549292 0.254578 0.000858 0.177993
1 1 0.009771 0.504445 0.307737 0.001143 0.176905
1 1 0.006611 0.437621 0.269011 0.001899 0.284858
1 2 0.006365 0.442480 0.251873 0.001704 0.297577
2 2 0.007277 0.362008 0.406555 0.004795 0.219365
2 2 0.007784 0.179343 0.690764 0.025985 0.096124
2 2 0.004572 0.230456 0.654299 0.010622 0.100051
2 2 0.002751 0.169310 0.758227 0.012028 0.057684
2 2 0.005324 0.215950 0.665607 0.013632 0.099488
2 2 0.007715 0.290813 0.525189 0.009513 0.166770
2 2 0.004140 0.264024 0.612526 0.007428 0.111882
2 2 0.003519 0.135531 0.790565 0.018439 0.051946
2 2 0.000762 0.028325 0.947752 0.016365 0.006796
2 2 0.000519 0.033399 0.948713 0.010714 0.006654
2 2 0.001647 0.111317 0.843987 0.011743 0.031307
2 2 0.001428 0.095091 0.866112 0.011787 0.025582
2 2 0.000328 0.022348 0.963853 0.009597 0.003873
2 2 0.000769 0.053124 0.923561 0.010783 0.011764
2 2 0.004276 0.139129 0.813746 0.010345 0.032504
1 2 0.010002 0.398787 0.272798 0.003313 0.315100
2 2 0.009384 0.356564 0.383516 0.005728 0.244808
2 2 0.005571 0.239009 0.630096 0.011580 0.113744
2 2 0.002331 0.157102 0.779033 0.011775 0.049758
2 2 0.008164 0.314977 0.478698 0.007977 0.190183
2 2 0.002901 0.160534 0.766998 0.013750 0.055816
2 2 0.000490 0.029762 0.952839 0.011032 0.005877
2 2 0.000319 0.026659 0.960300 0.008288 0.004434
2 2 0.000630 0.049755 0.929829 0.009581 0.010206
2 2 0.000412 0.023665 0.960311 0.011133 0.004480
2 2 0.000809 0.034955 0.940948 0.014932 0.008357
2 2 0.000207 0.012932 0.975505 0.009368 0.001989
2 2 0.003736 0.164324 0.751799 0.016443 0.063698
2 2 0.000156 0.006282 0.980777 0.011834 0.000951
2 2 0.000430 0.027697 0.956248 0.010400 0.005226
2 2 0.000486 0.026881 0.955556 0.011716 0.005362
2 2 0.000896 0.030752 0.942857 0.017680 0.007816
2 2 0.005697 0.112807 0.807573 0.026487 0.047436
2 2 0.003058 0.155188 0.771646 0.014755 0.055352
2 2 0.001680 0.105046 0.850829 0.012471 0.029974
2 2 0.000636 0.015620 0.959152 0.020821 0.003771
2 2 0.003081 0.184028 0.735295 0.011515 0.066080
2 2 0.000260 0.024621 0.963874 0.007431 0.003814
2 2 0.000243 0.024246 0.964755 0.007099 0.003657
2 2 0.000594 0.031435 0.948830 0.012456 0.006686
2 2 0.000551 0.019668 0.959497 0.015959 0.004325
2 2 0.002549 0.086228 0.862849 0.017752 0.030623
2 2 0.001466 0.084923 0.877136 0.013081 0.023394
2 2 0.013497 0.277416 0.607433 0.008745 0.092909
1 2 0.008743 0.391835 0.317762 0.003677 0.277982
2 2 0.006386 0.209078 0.663747 0.016782 0.104006
2 2 0.000629 0.042741 0.937079 0.010614 0.008937
2 2 0.000313 0.030710 0.956521 0.007468 0.004989
2 2 0.000277 0.027640 0.960500 0.007253 0.004329
2 2 0.009520 0.321961 0.499070 0.007198 0.162251
2 2 0.004806 0.252863 0.619508 0.009167 0.113657
2 2 0.010063 0.325123 0.457021 0.007919 0.199874
2 2 0.002306 0.161506 0.774076 0.011148 0.050963
2 2 0.006037 0.273742 0.572796 0.009204 0.138220
1 2 0.028169 0.523755 0.307247 0.001248 0.139581
1 2 0.052490 0.449488 0.231947 0.003103 0.262972
1 1 0.056173 0.505537 0.136730 0.001098 0.300462
1 1 0.033756 0.586064 0.170701 0.000586 0.208894
1 1 0.027449 0.475566 0.255465 0.002153 0.239367
1 1 0.021618 0.439610 0.294938 0.003053 0.240781
4 1 0.013071 0.399539 0.162843 0.002106 0.422442
2 2 0.004866 0.238640 0.639117 0.010425 0.106952
4 2 0.014038 0.392556 0.137438 0.001829 0.454139
1 1 0.088627 0.530523 0.204992 0.001278 0.174580
1 1 0.067905 0.542601 0.197625 0.001121 0.190749
0 0 0.472015 0.239510 0.156006 0.007613 0.124856
1 0 0.268726 0.428142 0.107705 0.001269 0.194158
1 0 0.310650 0.421103 0.090998 0.000928 0.176320
1 0 0.233224 0.415795 0.160441 0.002507 0.188032
0 0 0.344530 0.318791 0.170827 0.005260 0.160591
1 0 0.329791 0.429873 0.089425 0.000724 0.150187
1 0 0.285855 0.361978 0.131016 0.003201 0.217951
1 0 0.252129 0.439545 0.086979 0.000921 0.220425
1 0 0.191249 0.473841 0.099102 0.000925 0.234883
1 1 0.027358 0.477441 0.148639 0.001261 0.345301
1 1 0.044978 0.605125 0.188268 0.000536 0.161094
1 1 0.023261 0.534392 0.172377 0.000860 0.269110
4 1 0.011118 0.416345 0.120483 0.001121 0.450933
1 2 0.011131 0.408974 0.203869 0.002386 0.373641
1 2 0.048543 0.486917 0.223413 0.002056 0.239070
1 2 0.021578 0.496166 0.203440 0.001389 0.277427
4 2 0.012545 0.401923 0.179922 0.002303 0.403307
1 2 0.008601 0.402572 0.294742 0.003157 0.290928
2 2 0.004540 0.193535 0.704924 0.014633 0.082368
2 2 0.006920 0.249075 0.599978 0.012580 0.131447
2 2 0.006442 0.376342 0.394409 0.003906 0.218902
2 2 0.005870 0.217965 0.656741 0.014490 0.104934
4 2 0.013237 0.397897 0.133645 0.001638 0.453584
2 2 0.002423 0.117623 0.825754 0.015348 0.038853
1 2 0.008186 0.380831 0.353044 0.004139 0.253800
2 2 0.001226 0.071909 0.895391 0.012760 0.018714
2 2 0.005316 0.236497 0.636704 0.011398 0.110084
2 2 0.000400 0.029828 0.955041 0.009328 0.005402
2 2 0.001786 0.100538 0.854541 0.013545 0.029590
1 2 0.013018 0.386216 0.241990 0.003753 0.355023
2 2 0.000438 0.028879 0.954962 0.010263 0.005459
2 2 0.003093 0.135991 0.795046 0.016606 0.049264
2 2 0.000442 0.040747 0.943229 0.008204 0.007379
2 2 0.000290 0.022896 0.964547 0.008519 0.003750
2 2 0.002317 0.136690 0.804179 0.013143 0.043672
2 2 0.002392 0.104490 0.841751 0.016636 0.034732
2 2 0.007518 0.354167 0.417315 0.005269 0.215731
1 1 0.153154 0.544858 0.131364 0.000668 0.169956
1 2 0.038678 0.532666 0.162770 0.000961 0.264925
1 2 0.025288 0.410128 0.231566 0.003673 0.329345
1 2 0.065969 0.537285 0.209762 0.001221 0.185762
1 1 0.149548 0.481355 0.089973 0.000824 0.278300
1 1 0.038022 0.509784 0.169147 0.001225 0.281822
1 2 0.012044 0.407440 0.269698 0.003248 0.307570
1 2 0.013893 0.385380 0.222256 0.003563 0.374908
2 2 0.000900 0.050357 0.924008 0.012726 0.012008
4 2 0.014985 0.385810 0.132200 0.001886 0.465120
2 2 0.002277 0.131120 0.811463 0.013404 0.041736
2 2 0.008302 0.347434 0.417869 0.005935 0.220460
2 2 0.006433 0.200338 0.675381 0.018281 0.099567
2 2 0.007406 0.282084 0.543070 0.009967 0.157473
2 2 0.002120 0.077679 0.876062 0.018803 0.025335
2 2 0.011627 0.342442 0.380912 0.007304 0.257714
2 2 0.001657 0.102578 0.854041 0.012556 0.029169
2 2 0.000670 0.037206 0.942021 0.012069 0.008033
2 2 0.002027 0.099677 0.852199 0.015093 0.031004
2 2 0.001365 0.100294 0.861110 0.010919 0.026311
2 2 0.000345 0.019406 0.966335 0.010520 0.003394
2 2 0.001125 0.047173 0.923264 0.015961 0.012478
2 2 0.000999 0.042857 0.929769 0.015465 0.010911
2 2 0.008642 0.228417 0.613581 0.017847 0.131513
1 2 0.014533 0.357487 0.303054 0.006239 0.318688
2 2 0.000231 0.018537 0.970252 0.008137 0.002843
2 2 0.000402 0.014021 0.967387 0.015362 0.002828
2 2 0.001425 0.085852 0.876699 0.012685 0.023339
2 2 0.000525 0.043236 0.938799 0.009081 0.008360
2 2 0.000698 0.023964 0.952654 0.017015 0.005669
2 2 0.001666 0.034439 0.925538 0.027116 0.011242
2 2 0.002104 0.053609 0.901785 0.024262 0.018241
2 2 0.000971 0.021972 0.947459 0.023542 0.006056
2 2 0.005156 0.199642 0.689812 0.015371 0.090019
2 2 0.001538 0.067415 0.895507 0.016057 0.019484
4 2 0.029463 0.255047 0.032141 0.000887 0.682463
4 4 0.025020 0.321338 0.082687 0.002038 0.568917
4 4 0.032941 0.279591 0.059737 0.002028 0.625703
4 4 0.076096 0.106008 0.005592 0.000622 0.811682
1 4 0.026424 0.388046 0.271203 0.005262 0.309066
4 4 0.027166 0.296146 0.058042 0.001513 0.617134
4 4 0.047648 0.211185 0.030233 0.001632 0.709302
4 4 0.026303 0.299168 0.058014 0.001448 0.615067
4 4 0.085799 0.114052 0.008410 0.001102 0.790636
4 4 0.080280 0.163570 0.025906 0.002995 0.727248
4 4 0.079838 0.244438 0.056153 0.003657 0.615913
4 1 0.127181 0.338591 0.159879 0.007050 0.367300
1 1 0.035272 0.425643 0.163566 0.002430 0.373089
4 2 0.022596 0.328332 0.077523 0.001651 0.569898
4 2 0.023425 0.331248 0.089939 0.002066 0.553323
4 4 0.079931 0.109252 0.006603 0.000785 0.803429
4 4 0.046021 0.257528 0.057675 0.002752 0.636024
4 4 0.077102 0.106867 0.005845 0.000662 0.809523
4 4 0.036817 0.231135 0.029534 0.001106 0.701409
4 4 0.068191 0.099042 0.003878 0.000373 0.828517
4 4 0.040170 0.216942 0.026019 0.001096 0.715773
4 4 0.036711 0.253908 0.044319 0.001695 0.663367
4 4 0.076117 0.106026 0.005597 0.000623 0.811637
4 4 0.081881 0.110868 0.007167 0.000881 0.799203
4 4 0.085009 0.113417 0.008147 0.001054 0.792372
4 4 0.093783 0.120278 0.011458 0.001701 0.772780
4 4 0.082895 0.131005 0.012530 0.001533 0.772037
4 4 0.033407 0.246967 0.033750 0.001111 0.684765
4 4 0.083753 0.124939 0.010886 0.001360 0.779063
4 4 0.081835 0.110830 0.007153 0.000878 0.799304
4 4 0.062328 0.189780 0.030207 0.002404 0.715281
4 4 0.034062 0.246283 0.034344 0.001163 0.684148
4 4 0.069786 0.126601 0.008661 0.000826 0.794126
4 4 0.018461 0.366833 0.147601 0.002841 0.464264
4 4 0.042920 0.191742 0.017908 0.000823 0.746607
4 4 0.021285 0.351522 0.129603 0.002873 0.494717
4 4 0.054570 0.154242 0.011704 0.000766 0.778719
4 4 0.065629 0.118904 0.006488 0.000572 0.808407
4 4 0.086797 0.114849 0.008752 0.001165 0.788436
4 4 0.087803 0.115648 0.009108 0.001232 0.786209
4 4 0.075117 0.105165 0.005354 0.000585 0.813779
4 4 0.102880 0.126949 0.015935 0.002708 0.751528
4 4 0.081602 0.110638 0.007084 0.000866 0.799809
4 4 0.071043 0.101600 0.004443 0.000451 0.822462
4 4 0.070835 0.101415 0.004400 0.000445 0.822906
4 4 0.080674 0.109870 0.006814 0.000820 0.801821
4 4 0.100172 0.125010 0.014476 0.002365 0.757977
4 4 0.093029 0.119704 0.011138 0.001635 0.774494
4 4 0.090712 0.117924 0.010198 0.001445 0.779721
4 4 0.088266 0.116013 0.009275 0.001264 0.785182
4 4 0.073394 0.139869 0.012959 0.001316 0.772461
4 4 0.090809 0.117999 0.010236 0.001452 0.779504
4 4 0.076978 0.106761 0.005813 0.000657 0.809791
4 4 0.063788 0.094990 0.003111 0.000274 0.837837
4 4 0.094974 0.121177 0.011978 0.001811 0.770060
4 4 0.081130 0.110248 0.006945 0.000843 0.800835
4 4 0.079337 0.108755 0.006438 0.000758 0.804712
4 4 0.079580 0.108958 0.006505 0.000769 0.804188
4 4 0.113702 0.122392 0.016721 0.003576 0.743609
4 4 0.089618 0.117073 0.009777 0.001361 0.782171
4 4 0.068408 0.086143 0.002558 0.000283 0.842609
4 4 0.067981 0.098852 0.003838 0.000368 0.828962
4 4 0.077386 0.107108 0.005918 0.000673 0.808914
4 4 0.115377 0.135360 0.024373 0.004940 0.719950
4 4 0.076557 0.106402 0.005707 0.000640 0.810694
4 4 0.063603 0.094817 0.003082 0.000271 0.838228
4 4 0.078846 0.108343 0.006304 0.000736 0.805771
4 4 0.083166 0.108568 0.006868 0.000887 0.800512
4 4 0.064867 0.095995 0.003288 0.000296 0.835554
4 4 0.034386 0.298494 0.101457 0.003983 0.561679
4 4 0.029629 0.284857 0.054721 0.001592 0.629201
4 4 0.027665 0.303273 0.068987 0.001886 0.598189
4 4 0.033488 0.249461 0.035388 0.001172 0.680490
4 4 0.027200 0.230905 0.019137 0.000463 0.722295
4 4 0.023516 0.324428 0.077472 0.001739 0.572844
