0 0 0.949716 0.018748 0.002578 0.000272 0.028686
0 0 0.923545 0.029991 0.005645 0.000807 0.040013
0 0 0.943269 0.021444 0.003214 0.000371 0.031702
0 0 0.966097 0.015068 0.002319 0.000140 0.016375
0 0 0.964691 0.014390 0.001883 0.000115 0.018922
0 0 0.962993 0.013122 0.001342 0.000075 0.022468
0 0 0.979713 0.008401 0.000876 0.000037 0.010972
0 0 0.956112 0.018322 0.002866 0.000235 0.022465
0 0 0.980609 0.007535 0.000691 0.000030 0.011134
0 0 0.924400 0.033707 0.008194 0.000942 0.032756
0 0 0.896157 0.041948 0.009775 0.001539 0.050581
0 0 0.949854 0.018826 0.002615 0.000273 0.028432
0 0 0.953471 0.018441 0.002706 0.000249 0.025132
0 0 0.926107 0.029781 0.005786 0.000774 0.037552
0 0 0.917212 0.036049 0.008782 0.001135 0.036822
0 0 0.937473 0.023162 0.003530 0.000454 0.035381
0 0 0.947209 0.019795 0.002819 0.000308 0.029869
0 0 0.924383 0.027152 0.004346 0.000682 0.043436
0 0 0.933171 0.022614 0.003077 0.000458 0.040679
0 0 0.904466 0.033996 0.006095 0.001189 0.054254
0 0 0.937345 0.025191 0.004446 0.000519 0.032499
0 0 0.940876 0.024905 0.004653 0.000485 0.029082
0 0 0.955533 0.015043 0.001662 0.000172 0.027590
0 0 0.928069 0.023851 0.003266 0.000529 0.044285
0 0 0.903054 0.032734 0.005419 0.001131 0.057663
0 0 0.951970 0.016231 0.001861 0.000206 0.029732
0 0 0.938474 0.024823 0.004366 0.000499 0.031838
0 0 0.950716 0.018133 0.002414 0.000253 0.028484
0 0 0.959345 0.015709 0.002058 0.000173 0.022715
0 0 0.953392 0.015862 0.001811 0.000194 0.028739
0 0 0.933326 0.021516 0.002715 0.000420 0.042022
0 0 0.948368 0.013565 0.001116 0.000158 0.036793
0 0 0.952665 0.018398 0.002633 0.000252 0.026053
0 0 0.957768 0.013800 0.001409 0.000143 0.026880
0 0 0.963497 0.013853 0.001668 0.000130 0.020852
0 0 0.967139 0.011377 0.001122 0.000087 0.020275
0 0 0.964472 0.012113 0.001212 0.000102 0.022102
0 0 0.963059 0.012947 0.001379 0.000117 0.022498
0 0 0.966216 0.011860 0.001211 0.000095 0.020617
0 0 0.957728 0.011389 0.000880 0.000102 0.029900
0 0 0.954434 0.013360 0.001207 0.000142 0.030856
0 0 0.957616 0.012471 0.001093 0.000120 0.028700
0 0 0.941506 0.021578 0.003153 0.000384 0.033379
0 0 0.958659 0.012350 0.001093 0.000116 0.027782
0 0 0.959943 0.010813 0.000816 0.000090 0.028338
0 0 0.954441 0.012336 0.000996 0.000123 0.032104
0 0 0.958508 0.014759 0.001704 0.000159 0.024870
0 0 0.959020 0.013546 0.001387 0.000136 0.025911
0 0 0.943220 0.014997 0.001287 0.000182 0.040314
0 0 0.967855 0.010414 0.000918 0.000074 0.020740
0 0 0.929121 0.025292 0.003869 0.000577 0.041140
0 0 0.920472 0.028080 0.004490 0.000750 0.046208
0 0 0.894097 0.040519 0.008786 0.001715 0.054884
0 0 0.869943 0.048046 0.011052 0.002699 0.068260
0 0 0.870340 0.044842 0.009137 0.002416 0.073265
0 0 0.867246 0.046577 0.009874 0.002622 0.073680
0 0 0.845165 0.056534 0.012743 0.002637 0.082921
0 0 0.853645 0.053780 0.013201 0.003595 0.075780
0 0 0.872217 0.045098 0.009386 0.002349 0.070949
0 0 0.870467 0.053162 0.013613 0.002084 0.060674
0 0 0.936781 0.024321 0.003982 0.000495 0.034421
0 0 0.958286 0.016331 0.002217 0.000188 0.022977
0 0 0.965948 0.011717 0.001164 0.000094 0.021078
0 0 0.933154 0.023450 0.003382 0.000487 0.039527
0 0 0.948398 0.020411 0.003151 0.000318 0.027721
0 0 0.939408 0.030098 0.008420 0.000631 0.021443
0 0 0.945788 0.023370 0.004358 0.000408 0.026076
0 0 0.949173 0.023030 0.004595 0.000375 0.022826
0 0 0.955728 0.017452 0.002473 0.000219 0.024127
0 0 0.955508 0.015999 0.001948 0.000191 0.026354
0 0 0.957345 0.016437 0.002197 0.000194 0.023827
0 0 0.954241 0.017068 0.002238 0.000217 0.026237
0 0 0.959110 0.015901 0.002112 0.000178 0.022699
0 0 0.960118 0.016700 0.002498 0.000188 0.020495
0 0 0.964197 0.013325 0.001538 0.000121 0.020820
0 0 0.961899 0.012870 0.001314 0.000119 0.023799
0 0 0.965711 0.011559 0.001117 0.000092 0.021521
0 0 0.944154 0.020838 0.003030 0.000350 0.031628
0 0 0.910574 0.036808 0.008329 0.001265 0.043023
0 0 0.964895 0.015837 0.002558 0.000156 0.016555
0 0 0.947197 0.024226 0.005078 0.000418 0.023081
0 0 0.902204 0.038628 0.008491 0.001481 0.049196
0 0 0.876495 0.047846 0.011682 0.002549 0.061428
0 0 0.826044 0.077973 0.026137 0.002779 0.067066
0 0 0.711000 0.128392 0.047367 0.003739 0.109502
0 0 0.751959 0.109428 0.035998 0.002807 0.099808
0 0 0.625150 0.172296 0.078894 0.004582 0.119077
0 0 0.760065 0.104076 0.036597 0.004076 0.095185
0 0 0.630668 0.159847 0.058700 0.004191 0.146594
0 0 0.670228 0.144815 0.054934 0.004326 0.125698
0 0 0.858248 0.052475 0.012799 0.003355 0.073122
0 0 0.670829 0.146873 0.053634 0.003326 0.125338
0 0 0.449352 0.239786 0.114477 0.006632 0.189753
0 0 0.753293 0.108157 0.039411 0.004174 0.094965
0 0 0.820015 0.077842 0.027537 0.004375 0.070231
0 0 0.827315 0.062699 0.015531 0.003967 0.090487
0 0 0.742057 0.107459 0.036335 0.004814 0.109334
0 0 0.476223 0.227052 0.101772 0.006106 0.188847
0 0 0.835537 0.069635 0.020384 0.002719 0.071725
0 0 0.936934 0.029139 0.006895 0.000641 0.026390
0 0 0.942703 0.024085 0.004405 0.000448 0.028359
0 0 0.918955 0.031574 0.006063 0.000919 0.042489
0 0 0.941539 0.022819 0.003676 0.000420 0.031547
0 0 0.929556 0.025910 0.004158 0.000598 0.039777
0 0 0.922368 0.030955 0.006060 0.000858 0.039758
0 0 0.945468 0.021776 0.003522 0.000368 0.028866
0 0 0.933825 0.025948 0.004506 0.000569 0.035152
0 0 0.945870 0.020334 0.002943 0.000328 0.030526
0 0 0.934067 0.029174 0.006422 0.000674 0.029664
0 0 0.938055 0.026289 0.005117 0.000548 0.029992
0 0 0.896956 0.037750 0.007436 0.001499 0.056359
0 0 0.900011 0.038123 0.007937 0.001482 0.052447
0 0 0.906630 0.041413 0.010115 0.000779 0.041064
0 0 0.925218 0.031360 0.006634 0.000845 0.035943
0 0 0.948969 0.020427 0.003203 0.000315 0.027086
0 0 0.919498 0.031461 0.006054 0.000908 0.042078
0 0 0.942137 0.021744 0.003260 0.000385 0.032474
0 0 0.954310 0.018420 0.002760 0.000245 0.024265
0 0 0.934081 0.025165 0.004157 0.000541 0.036057
0 0 0.912001 0.037763 0.009247 0.001289 0.039700
0 0 0.913505 0.032327 0.005972 0.001009 0.047187
0 0 0.898500 0.040029 0.008970 0.001617 0.050883
0 0 0.898630 0.048851 0.016526 0.001339 0.034654
0 0 0.950352 0.018469 0.002514 0.000263 0.028403
0 0 0.931953 0.030978 0.007412 0.000753 0.028903
0 0 0.963524 0.014655 0.001944 0.000143 0.019734
0 0 0.955535 0.015007 0.001652 0.000171 0.027636
0 0 0.948754 0.019906 0.002966 0.000304 0.028071
0 0 0.946073 0.021043 0.003246 0.000346 0.029292
0 0 0.956190 0.018338 0.002880 0.000235 0.022357
0 0 0.962232 0.015260 0.002081 0.000156 0.020271
0 0 0.958841 0.015679 0.002018 0.000175 0.023288
0 0 0.964766 0.012857 0.001426 0.000112 0.020839
0 0 0.956143 0.017089 0.002361 0.000211 0.024196
0 0 0.963159 0.014811 0.001976 0.000146 0.019908
0 0 0.956160 0.016942 0.002307 0.000208 0.024383
0 0 0.958932 0.016433 0.002299 0.000188 0.022147
0 0 0.965512 0.013235 0.001577 0.000116 0.019560
0 0 0.962404 0.014732 0.001900 0.000147 0.020817
0 0 0.956509 0.016834 0.002290 0.000204 0.024163
0 0 0.955350 0.018127 0.002718 0.000235 0.023570
0 0 0.951690 0.019347 0.002950 0.000277 0.025737
0 0 0.924085 0.031390 0.006511 0.000858 0.037156
0 0 0.866968 0.056106 0.017367 0.003427 0.056132
0 0 0.847372 0.061474 0.014878 0.001867 0.074408
0 0 0.793047 0.082933 0.021735 0.002554 0.099731
0 0 0.794037 0.090218 0.030169 0.003265 0.082311
0 0 0.817019 0.073420 0.019211 0.002568 0.087782
0 0 0.842746 0.069674 0.021279 0.002242 0.064058
0 0 0.881511 0.046436 0.011305 0.002341 0.058407
0 0 0.906201 0.034086 0.006272 0.001176 0.052265
0 0 0.721026 0.122785 0.041041 0.002931 0.112217
0 0 0.780648 0.090711 0.025382 0.002614 0.100646
0 0 0.754601 0.104369 0.033062 0.003300 0.104669
0 0 0.588819 0.184278 0.075435 0.004113 0.147355
0 1 0.361302 0.288716 0.170736 0.005771 0.173475
0 1 0.441583 0.247764 0.120559 0.005713 0.184382
0 1 0.618048 0.163035 0.060160 0.004703 0.154054
0 1 0.515062 0.199955 0.076840 0.006135 0.202009
0 1 0.627263 0.156701 0.055825 0.004768 0.155443
0 2 0.573885 0.161723 0.050677 0.005833 0.207883
0 2 0.375301 0.250439 0.123956 0.013009 0.237296
0 2 0.301334 0.287433 0.167535 0.013059 0.230638
0 2 0.361945 0.252208 0.132258 0.016476 0.237113
1 2 0.253788 0.312284 0.237070 0.013061 0.183796
0 2 0.354020 0.260250 0.134905 0.013504 0.237321
0 2 0.394773 0.254139 0.137570 0.011397 0.202121
2 2 0.095172 0.308650 0.503238 0.011894 0.081046
0 2 0.345345 0.278764 0.225995 0.013432 0.136464
2 2 0.083450 0.260864 0.595460 0.014712 0.045513
0 1 0.649033 0.151133 0.057008 0.004892 0.137934
0 1 0.594441 0.182132 0.079219 0.004846 0.139362
0 0 0.719364 0.125283 0.050819 0.004814 0.099719
0 0 0.519755 0.209615 0.088094 0.005106 0.177430
0 0 0.648024 0.155119 0.058042 0.003906 0.134910
0 0 0.568237 0.192997 0.082426 0.004637 0.151704
0 0 0.729171 0.119962 0.043242 0.003622 0.104004
0 1 0.458236 0.244804 0.127965 0.005742 0.163252
0 1 0.522323 0.216403 0.121260 0.007016 0.132998
0 1 0.573199 0.192449 0.090527 0.005553 0.138271
0 1 0.579398 0.189600 0.098752 0.007006 0.125243
0 1 0.338942 0.295022 0.204270 0.007370 0.154396
0 2 0.514375 0.213297 0.122594 0.010017 0.139717
2 2 0.224920 0.315985 0.346693 0.009232 0.103170
0 2 0.358155 0.286628 0.203335 0.007662 0.144219
0 2 0.456525 0.234932 0.193542 0.012693 0.102308
2 2 0.144004 0.313921 0.440624 0.012480 0.088971
2 2 0.134616 0.251920 0.554089 0.017255 0.042119
2 2 0.167809 0.300410 0.447117 0.011380 0.073284
2 2 0.009553 0.081022 0.883835 0.018747 0.006843
2 2 0.053983 0.228138 0.663594 0.019850 0.034435
2 2 0.071537 0.250621 0.632061 0.010086 0.035695
2 2 0.008278 0.061231 0.895990 0.028830 0.005671
2 2 0.148977 0.290885 0.478123 0.012829 0.069187
2 2 0.032722 0.182946 0.755326 0.011308 0.017697
2 2 0.104173 0.251793 0.572543 0.023819 0.047672
2 2 0.029177 0.171404 0.757624 0.021916 0.019880
2 2 0.006416 0.051205 0.911968 0.026076 0.004334
2 3 0.034275 0.106314 0.757278 0.085134 0.016999
2 3 0.010488 0.031213 0.716026 0.230433 0.011840
2 3 0.024198 0.082617 0.758489 0.119583 0.015113
2 3 0.021514 0.069961 0.722735 0.168501 0.017288
2 3 0.006133 0.014852 0.505957 0.467979 0.005079
3 3 0.007871 0.016670 0.399238 0.568105 0.008116
3 3 0.036925 0.059233 0.408865 0.467124 0.027852
0 2 0.433819 0.217688 0.236266 0.030068 0.082159
0 2 0.323953 0.267375 0.279913 0.021796 0.106964
0 0 0.499252 0.211321 0.114275 0.012801 0.162352
0 0 0.379629 0.270572 0.185043 0.010687 0.154069
0 0 0.720144 0.124405 0.054149 0.006041 0.095262
0 0 0.771479 0.104303 0.058451 0.006857 0.058909
0 0 0.646877 0.145082 0.061321 0.010000 0.136720
0 0 0.716684 0.123149 0.059601 0.009291 0.091276
0 0 0.675188 0.137054 0.046367 0.004093 0.137299
0 0 0.670229 0.151029 0.077773 0.006353 0.094615
0 0 0.607147 0.165233 0.064115 0.006181 0.157322
0 0 0.645522 0.152322 0.060103 0.005725 0.136328
0 0 0.672268 0.141275 0.051514 0.004453 0.130490
0 0 0.491673 0.227297 0.167987 0.009264 0.103779
0 0 0.848122 0.063952 0.021782 0.004724 0.061419
0 0 0.713557 0.131756 0.067367 0.006164 0.081156
0 0 0.806317 0.081369 0.034019 0.008527 0.069768
0 0 0.779474 0.094672 0.034884 0.005185 0.085784
0 1 0.512323 0.213914 0.112818 0.008667 0.152278
0 1 0.578380 0.185911 0.093140 0.008027 0.134543
0 1 0.538836 0.205283 0.104759 0.007259 0.143863
0 1 0.623457 0.171048 0.083555 0.005973 0.115966
0 1 0.564888 0.187822 0.090495 0.008772 0.148022
0 1 0.463145 0.237834 0.131228 0.007948 0.159845
0 1 0.447650 0.235663 0.110416 0.007589 0.198682
0 1 0.448665 0.239367 0.114928 0.006917 0.190123
0 1 0.514354 0.219649 0.110941 0.005821 0.149236
0 1 0.710134 0.127651 0.054748 0.006267 0.101200
0 1 0.685626 0.138056 0.066031 0.008224 0.102064
0 1 0.560048 0.189424 0.088540 0.008268 0.153720
0 1 0.605009 0.181375 0.091433 0.005587 0.116596
0 1 0.462797 0.227862 0.123179 0.011642 0.174520
0 1 0.478987 0.220147 0.095942 0.007085 0.197839
0 1 0.360911 0.283858 0.172576 0.007386 0.175269
0 1 0.543662 0.191428 0.082724 0.008121 0.174065
0 1 0.385727 0.271112 0.195043 0.009483 0.138635
0 1 0.365400 0.270072 0.165119 0.011953 0.187455
0 1 0.480814 0.236391 0.153081 0.007243 0.122470
0 1 0.409947 0.259417 0.170193 0.009984 0.150459
0 1 0.313338 0.300922 0.226482 0.008856 0.150402
2 1 0.161619 0.324699 0.386046 0.013046 0.114590
2 2 0.031284 0.239168 0.672643 0.015596 0.041310
2 2 0.008222 0.097705 0.873721 0.011611 0.008741
0 0 0.493302 0.228826 0.185211 0.007101 0.085560
0 0 0.688428 0.124863 0.146170 0.011732 0.028808
0 0 0.791106 0.090247 0.045670 0.010315 0.062662
0 0 0.448553 0.244846 0.128482 0.006851 0.171269
0 0 0.647398 0.164036 0.103669 0.006509 0.078389
0 0 0.661507 0.155947 0.078840 0.005741 0.097964
0 0 0.656228 0.160809 0.099910 0.006077 0.076974
0 0 0.594848 0.187101 0.096252 0.005396 0.116403
0 0 0.467825 0.241918 0.172351 0.007281 0.110625
0 1 0.315018 0.298056 0.239782 0.009425 0.137719
1 1 0.255246 0.314977 0.303257 0.008789 0.117730
1 1 0.231807 0.315355 0.307357 0.013089 0.132393
2 2 0.046986 0.215081 0.702858 0.010767 0.024309
2 2 0.252998 0.305557 0.331524 0.009932 0.099989
2 2 0.015684 0.129419 0.824327 0.017536 0.013034
2 2 0.024706 0.154607 0.795227 0.011850 0.013610
2 2 0.214366 0.307683 0.350976 0.015766 0.111209
2 2 0.004768 0.054735 0.926630 0.010620 0.003247
2 2 0.012211 0.094758 0.869791 0.015544 0.007696
2 2 0.005879 0.046982 0.914119 0.028829 0.004192
0 2 0.388926 0.268282 0.204218 0.010077 0.128497
2 2 0.007001 0.057926 0.899910 0.028940 0.006223
2 2 0.007641 0.079906 0.890801 0.013401 0.008252
2 2 0.003460 0.030882 0.932118 0.030786 0.002754
2 2 0.004152 0.037313 0.933779 0.022062 0.002695
2 2 0.008001 0.059682 0.885153 0.039581 0.007583
2 2 0.039674 0.151209 0.721048 0.062863 0.025206
0 2 0.303225 0.278521 0.283791 0.020160 0.114303
2 2 0.029455 0.145896 0.783843 0.025915 0.014891
2 2 0.014950 0.071790 0.828508 0.074015 0.010737
2 2 0.018240 0.074505 0.847099 0.051594 0.008563
2 2 0.011831 0.062487 0.877471 0.042516 0.005695
2 2 0.006614 0.038845 0.883128 0.066536 0.004878
2 2 0.012977 0.061458 0.819812 0.095026 0.010728
2 3 0.007471 0.020077 0.515251 0.449018 0.008183
2 3 0.006109 0.028256 0.853766 0.108074 0.003795
2 3 0.009628 0.022762 0.500204 0.458528 0.008878
2 3 0.052800 0.084326 0.497386 0.334939 0.030549
3 3 0.007235 0.018125 0.398044 0.565552 0.011044
3 3 0.006305 0.013316 0.255044 0.712152 0.013182
3 3 0.005644 0.012630 0.322193 0.650871 0.008662
3 3 0.005263 0.011457 0.198830 0.768978 0.015472
3 3 0.005247 0.011905 0.316980 0.657517 0.008352
3 3 0.003315 0.007625 0.132575 0.839682 0.016802
3 3 0.002928 0.006893 0.129428 0.845197 0.015555
3 3 0.002016 0.005087 0.120230 0.860341 0.012327
3 3 0.003265 0.007532 0.132189 0.840370 0.016644
3 3 0.002390 0.005844 0.124375 0.853682 0.013709
3 3 0.001950 0.004953 0.119441 0.861580 0.012077
3 3 0.006012 0.012360 0.148131 0.809225 0.024271
3 3 0.003155 0.007325 0.131317 0.841909 0.016294
3 3 0.023737 0.028540 0.185194 0.703320 0.059209
3 3 0.002931 0.006899 0.129452 0.845154 0.015564
3 3 0.002172 0.005406 0.122033 0.857476 0.012914
3 3 0.002506 0.006075 0.125549 0.851748 0.014121
3 3 0.006758 0.012753 0.154259 0.798788 0.027441
3 3 0.001551 0.004110 0.114044 0.869829 0.010467
3 3 0.002676 0.006407 0.127173 0.849036 0.014708
3 3 0.001178 0.003283 0.107784 0.878949 0.008807
3 3 0.002239 0.005542 0.122778 0.856278 0.013163
3 3 0.001208 0.003352 0.108358 0.878130 0.008951
3 3 0.002318 0.005701 0.123630 0.854899 0.013452
3 3 0.002356 0.005720 0.124071 0.854233 0.013621
3 3 0.002334 0.005733 0.123795 0.854630 0.013508
3 3 0.002500 0.006062 0.125484 0.851857 0.014098
3 3 0.001034 0.002951 0.104912 0.882989 0.008115
3 3 0.003873 0.007971 0.136971 0.832317 0.018868
3 3 0.004468 0.009681 0.140313 0.825307 0.020231
3 3 0.002312 0.005689 0.123564 0.855006 0.013429
3 3 0.001212 0.003359 0.108415 0.878049 0.008965
3 3 0.003293 0.007584 0.132404 0.839988 0.016732
3 3 0.004090 0.008001 0.138581 0.829627 0.019701
3 3 0.003124 0.006810 0.131366 0.842254 0.016447
3 3 0.001544 0.004095 0.113941 0.869983 0.010437
3 3 0.003215 0.007424 0.131808 0.841058 0.016495
3 3 0.002490 0.006042 0.125387 0.852017 0.014064
3 3 0.001431 0.003847 0.112178 0.872594 0.009950
3 3 0.002568 0.006197 0.126155 0.850742 0.014338
3 3 0.004461 0.009171 0.140534 0.825370 0.020465
3 3 0.004012 0.008370 0.137786 0.830642 0.019190
3 3 0.007214 0.012299 0.153846 0.798500 0.028140
3 3 0.001183 0.003294 0.107875 0.878819 0.008830
3 3 0.001006 0.002886 0.104321 0.883809 0.007978
3 3 0.001661 0.004345 0.115634 0.867437 0.010923
3 3 0.000700 0.002146 0.096691 0.894112 0.006351
3 3 0.001259 0.003466 0.109275 0.876816 0.009183
3 3 0.002724 0.006255 0.127792 0.848219 0.015010
3 3 0.003534 0.007564 0.134498 0.836670 0.017734
3 3 0.002920 0.006824 0.129395 0.845304 0.015557
3 3 0.002143 0.005347 0.121711 0.857991 0.012808
3 3 0.002677 0.006335 0.127241 0.848992 0.014755
3 3 0.003102 0.007141 0.130941 0.842649 0.016168
3 3 0.001064 0.003022 0.105551 0.882097 0.008265
3 3 0.004066 0.008304 0.138224 0.829972 0.019434
3 3 0.001446 0.003881 0.112419 0.872240 0.010015
3 3 0.001352 0.003673 0.110880 0.874494 0.009601
3 3 0.002703 0.006460 0.127428 0.848606 0.014802
3 3 0.002952 0.006875 0.129676 0.844828 0.015668
3 3 0.001829 0.004700 0.117908 0.863962 0.011601
3 3 0.001467 0.003926 0.112747 0.871755 0.010105
3 3 0.015841 0.020970 0.175337 0.741435 0.046417
3 3 0.002132 0.005325 0.121583 0.858196 0.012766
3 3 0.002412 0.005888 0.124603 0.853309 0.013788
3 3 0.002561 0.006183 0.126086 0.850857 0.014313
3 3 0.005349 0.010762 0.145261 0.815807 0.022822
3 3 0.002742 0.006535 0.127779 0.848013 0.014932
3 3 0.000944 0.002742 0.102961 0.885685 0.007668
3 3 0.002829 0.006704 0.128569 0.846670 0.015228
3 3 0.002607 0.006175 0.126594 0.850098 0.014526
3 3 0.001775 0.004474 0.117300 0.864996 0.011454
3 3 0.003250 0.007370 0.132151 0.840563 0.016666
3 3 0.003634 0.008210 0.134935 0.835430 0.017791
3 3 0.002563 0.006186 0.126101 0.850831 0.014319
3 3 0.001265 0.003481 0.109390 0.876651 0.009213
3 3 0.002230 0.005523 0.122678 0.856440 0.013129
3 3 0.004087 0.009039 0.137968 0.829778 0.019129
3 3 0.001380 0.003737 0.111360 0.873794 0.009729
3 3 0.002435 0.005934 0.124838 0.852923 0.013870
3 3 0.002010 0.005077 0.120169 0.860437 0.012307
3 3 0.003412 0.007807 0.133316 0.838357 0.017107
3 3 0.003530 0.008026 0.134187 0.836786 0.017471
3 3 0.003460 0.007697 0.133788 0.837697 0.017358
3 3 0.002697 0.006448 0.127367 0.848709 0.014780
3 3 0.001702 0.004432 0.116205 0.866572 0.011090
3 3 0.003958 0.008807 0.137138 0.831343 0.018754
3 3 0.022133 0.031078 0.202279 0.674986 0.069525
3 3 0.004676 0.009668 0.141699 0.822960 0.020997
3 3 0.008463 0.015969 0.165406 0.776782 0.033379
3 3 0.002241 0.005545 0.122796 0.856249 0.013169
3 3 0.008314 0.020360 0.192494 0.734604 0.044228
0 0 0.520195 0.167168 0.226616 0.039068 0.046953
2 0 0.264359 0.232735 0.416604 0.034489 0.051814
2 1 0.042382 0.145228 0.650891 0.116491 0.045009
2 1 0.192787 0.173088 0.500132 0.076498 0.057494
2 1 0.004243 0.025155 0.922193 0.046188 0.002222
2 2 0.027811 0.158641 0.757275 0.032714 0.023559
2 2 0.011600 0.094487 0.850803 0.029868 0.013243
2 2 0.004578 0.058080 0.918107 0.013928 0.005307
2 2 0.014136 0.230469 0.460432 0.025821 0.269142
2 2 0.014411 0.161329 0.703095 0.034615 0.086550
4 2 0.010103 0.192903 0.096503 0.002573 0.697919
2 2 0.025351 0.309823 0.500288 0.007841 0.156696
4 2 0.020482 0.280671 0.226394 0.006890 0.465562
4 2 0.011367 0.282836 0.258047 0.006576 0.441174
2 2 0.013141 0.167712 0.761855 0.017142 0.040150
2 2 0.016947 0.314150 0.453941 0.009991 0.204971
4 2 0.018449 0.170453 0.062174 0.002078 0.746846
2 2 0.037869 0.253376 0.624806 0.014952 0.068997
4 2 0.005511 0.158342 0.075448 0.001886 0.758814
4 2 0.021781 0.268728 0.159274 0.003586 0.546632
4 2 0.070065 0.313329 0.213550 0.011050 0.392006
4 2 0.030746 0.314537 0.272837 0.010021 0.371859
4 2 0.016142 0.184447 0.072100 0.001760 0.725552
2 2 0.024355 0.302182 0.525967 0.009247 0.138250
4 2 0.055901 0.302414 0.182537 0.006720 0.452428
4 2 0.014790 0.226406 0.127826 0.003918 0.627061
4 2 0.018881 0.228785 0.119171 0.003576 0.629587
4 2 0.015503 0.234083 0.128441 0.003108 0.618864
4 2 0.027807 0.221750 0.100395 0.003577 0.646470
4 2 0.018550 0.304072 0.271639 0.007354 0.398384
4 2 0.015482 0.220448 0.118044 0.003670 0.642355
2 2 0.033057 0.327181 0.338608 0.012784 0.288370
2 2 0.090891 0.306944 0.483778 0.013298 0.105089
2 2 0.039291 0.316496 0.461267 0.013463 0.169483
2 2 0.036889 0.242192 0.587144 0.018081 0.115694
2 2 0.020025 0.323411 0.365712 0.009370 0.281481
2 2 0.011964 0.194816 0.715020 0.010263 0.067937
2 2 0.011644 0.198977 0.728407 0.010874 0.050099
2 2 0.142956 0.275190 0.483979 0.015460 0.082416
2 2 0.009084 0.062517 0.893638 0.026215 0.008546
2 2 0.028589 0.211907 0.690303 0.012279 0.056923
2 2 0.017189 0.113020 0.839657 0.015475 0.014660
2 2 0.010485 0.073614 0.880346 0.026808 0.008747
2 2 0.004691 0.073195 0.899279 0.013272 0.009562
2 2 0.004812 0.064500 0.911283 0.013026 0.006380
2 2 0.027315 0.187807 0.713845 0.013991 0.057042
2 2 0.170026 0.293661 0.447828 0.014595 0.073890
2 2 0.007721 0.076854 0.889738 0.017979 0.007708
2 2 0.102651 0.171323 0.659032 0.034688 0.032306
2 2 0.033214 0.122846 0.795448 0.030512 0.017980
2 2 0.020871 0.081156 0.850272 0.035516 0.012186
2 2 0.004165 0.032513 0.921946 0.038271 0.003104
2 2 0.171448 0.248659 0.497102 0.017529 0.065262
2 2 0.016711 0.106644 0.834871 0.025792 0.015982
2 2 0.005559 0.039986 0.915063 0.034027 0.005365
2 2 0.044763 0.160711 0.695292 0.044602 0.054633
2 2 0.018418 0.071112 0.808933 0.089472 0.012065
2 2 0.026945 0.089230 0.805090 0.064225 0.014511
4 2 0.047390 0.252394 0.291973 0.034484 0.373759
2 2 0.011923 0.061562 0.853840 0.064400 0.008275
2 2 0.016553 0.072360 0.826961 0.070465 0.013661
4 2 0.028435 0.265540 0.268319 0.019684 0.418022
2 2 0.024053 0.084177 0.828296 0.050240 0.013234
0 0 0.553342 0.177622 0.137222 0.024694 0.107120
0 0 0.514211 0.207586 0.128121 0.014437 0.135645
2 2 0.135048 0.290270 0.490903 0.015512 0.068266
2 2 0.326494 0.239358 0.343165 0.026802 0.064181
2 2 0.119016 0.252390 0.573662 0.014865 0.040067
2 2 0.101814 0.281886 0.545294 0.013650 0.057356
2 2 0.063149 0.193286 0.702902 0.014779 0.025884
2 2 0.014217 0.081910 0.870573 0.026144 0.007156
2 2 0.189655 0.301785 0.393836 0.017982 0.096742
0 2 0.411520 0.236697 0.262967 0.015404 0.073412
1 2 0.277865 0.295551 0.272647 0.017105 0.136832
1 2 0.290683 0.300083 0.229851 0.013186 0.166197
2 2 0.013356 0.065352 0.893004 0.023323 0.004965
2 2 0.069463 0.197934 0.670323 0.024360 0.037920
2 2 0.003984 0.039396 0.931133 0.022215 0.003272
2 2 0.010151 0.082145 0.880159 0.020398 0.007147
2 2 0.011961 0.081666 0.866528 0.031240 0.008605
0 2 0.360080 0.233153 0.311887 0.027425 0.067456
2 2 0.128428 0.263418 0.525592 0.023341 0.059221
2 2 0.006038 0.054700 0.917352 0.017963 0.003947
2 2 0.250342 0.258440 0.395813 0.027132 0.068272
2 2 0.036585 0.191601 0.716017 0.024422 0.031375
2 2 0.009121 0.057110 0.885939 0.041869 0.005961
0 0 0.513923 0.217680 0.167356 0.008979 0.092062
0 0 0.478703 0.227015 0.127681 0.010035 0.156566
0 2 0.312772 0.286924 0.211092 0.015100 0.174111
2 2 0.231120 0.296681 0.359640 0.011570 0.100989
2 2 0.213931 0.265076 0.451772 0.014026 0.055195
2 2 0.042431 0.193602 0.732506 0.012360 0.019101
2 2 0.231882 0.292775 0.382143 0.012581 0.080619
2 2 0.012526 0.081829 0.881821 0.017822 0.006002
0 0 0.675487 0.128731 0.128596 0.022670 0.044516
0 0 0.792103 0.092517 0.039700 0.005911 0.069769
0 0 0.385494 0.268782 0.198836 0.010626 0.136262
0 0 0.676864 0.142246 0.076713 0.010056 0.094121
0 0 0.575460 0.193128 0.103441 0.006669 0.121303
0 0 0.392795 0.270265 0.208453 0.008272 0.120214
1 0 0.276933 0.306915 0.295079 0.008776 0.112297
0 0 0.351326 0.277061 0.254241 0.010687 0.106684
0 0 0.353577 0.286301 0.173949 0.007497 0.178676
0 0 0.677071 0.142622 0.058662 0.005304 0.116341
0 0 0.585536 0.187076 0.090968 0.006037 0.130383
0 0 0.877823 0.056008 0.020540 0.003033 0.042595
0 0 0.800074 0.084088 0.027722 0.002865 0.085252
0 0 0.539784 0.204554 0.108946 0.008041 0.138675
0 0 0.731813 0.117012 0.049611 0.006652 0.094913
0 0 0.556649 0.203157 0.107903 0.005932 0.126359
0 0 0.535365 0.210074 0.109653 0.006449 0.138459
0 0 0.518635 0.215652 0.110158 0.006625 0.148930
0 0 0.446306 0.241445 0.111754 0.005982 0.194514
0 0 0.434383 0.251728 0.132375 0.006538 0.174976
0 0 0.484489 0.232894 0.125865 0.006428 0.150325
0 0 0.476570 0.233803 0.126291 0.007162 0.156174
0 1 0.575097 0.186159 0.080265 0.005793 0.152686
0 1 0.416103 0.256675 0.138629 0.007586 0.181007
1 1 0.263134 0.316874 0.214787 0.009404 0.195801
0 1 0.419439 0.255497 0.151730 0.008939 0.164394
0 1 0.305306 0.297503 0.188918 0.010301 0.197972
0 1 0.307765 0.296570 0.198883 0.011030 0.185752
0 1 0.406451 0.265017 0.158374 0.007487 0.162671
0 1 0.418258 0.254612 0.141447 0.008430 0.177253
1 1 0.295920 0.310733 0.206792 0.007445 0.179109
0 1 0.376982 0.280106 0.174105 0.006801 0.162006
0 0 0.531407 0.208215 0.130599 0.008410 0.121369
0 0 0.388766 0.271006 0.157984 0.007533 0.174711
0 0 0.550328 0.196855 0.086284 0.005905 0.160628
0 1 0.563263 0.191184 0.092993 0.007891 0.144668
0 1 0.496520 0.219812 0.107447 0.007460 0.168761
0 1 0.525821 0.209012 0.099647 0.006696 0.158825
0 0 0.404559 0.263823 0.145988 0.007157 0.178473
0 0 0.834376 0.074425 0.028915 0.004235 0.058049
0 0 0.796332 0.083997 0.031253 0.006318 0.082100
0 0 0.654767 0.153092 0.075930 0.007991 0.108219
0 0 0.659329 0.152162 0.065855 0.005430 0.117222
0 0 0.601320 0.174322 0.082265 0.007744 0.134350
0 0 0.524374 0.214947 0.114125 0.006590 0.139964
0 0 0.641243 0.158107 0.067893 0.005887 0.126870
1 0 0.294800 0.307271 0.192220 0.008076 0.197633
0 0 0.591276 0.184347 0.085765 0.005520 0.133092
0 0 0.554950 0.193799 0.083465 0.005929 0.161857
0 0 0.457665 0.238978 0.115680 0.006228 0.181450
0 0 0.445961 0.244993 0.133581 0.007692 0.167772
0 0 0.479334 0.229019 0.117978 0.007634 0.166034
0 0 0.519929 0.216858 0.123310 0.007382 0.132522
0 1 0.499215 0.226495 0.124005 0.006652 0.143634
0 1 0.388247 0.261743 0.128466 0.007433 0.214111
0 1 0.430858 0.243501 0.118227 0.007895 0.199520
0 1 0.526265 0.211439 0.101750 0.006073 0.154473
0 1 0.555823 0.200041 0.134490 0.009183 0.100462
0 0 0.692612 0.133947 0.067874 0.008009 0.097558
0 0 0.619730 0.171875 0.075926 0.004909 0.127560
0 0 0.667068 0.146301 0.056590 0.004559 0.125482
0 0 0.530551 0.200667 0.083812 0.006132 0.178838
0 0 0.561743 0.185681 0.075237 0.006297 0.171043
0 0 0.418530 0.259259 0.154423 0.007754 0.160034
0 0 0.587269 0.192220 0.111872 0.005788 0.102851
0 0 0.573258 0.180072 0.074377 0.007024 0.165269
0 0 0.675746 0.148692 0.071370 0.005500 0.098692
0 0 0.528340 0.194041 0.078286 0.007509 0.191825
0 0 0.384133 0.265481 0.131606 0.007043 0.211737
1 0 0.260038 0.312506 0.188234 0.009559 0.229663
0 0 0.470027 0.236595 0.180513 0.009007 0.103859
0 0 0.438450 0.250501 0.149702 0.008031 0.153316
0 0 0.488068 0.223648 0.102856 0.006237 0.179192
0 0 0.685583 0.125186 0.050601 0.009717 0.128913
0 0 0.628626 0.152814 0.059759 0.007709 0.151092
0 0 0.456145 0.242458 0.138370 0.007786 0.155241
0 0 0.422342 0.260255 0.178900 0.007703 0.130801
0 0 0.602995 0.183403 0.095535 0.005550 0.112517
1 0 0.251703 0.317206 0.291505 0.009571 0.130015
0 0 0.485140 0.230707 0.152745 0.008988 0.122420
0 0 0.560992 0.201611 0.146711 0.006917 0.083768
0 0 0.570261 0.198077 0.108889 0.005975 0.116797
0 0 0.564423 0.195391 0.127352 0.009183 0.103651
0 0 0.875706 0.051956 0.014960 0.002842 0.054536
0 0 0.678040 0.147536 0.071582 0.005676 0.097167
0 0 0.563644 0.202005 0.129953 0.006475 0.097923
0 0 0.526774 0.213396 0.143025 0.008781 0.108023
0 0 0.715517 0.137992 0.086240 0.003828 0.056423
0 0 0.786677 0.101435 0.044782 0.003423 0.063683
0 0 0.766522 0.102420 0.033467 0.002913 0.094678
0 0 0.778122 0.095399 0.028243 0.002411 0.095826
0 0 0.679856 0.134615 0.044687 0.003950 0.136892
0 0 0.516835 0.212194 0.087323 0.004500 0.179148
0 0 0.444352 0.252191 0.139616 0.005934 0.157908
0 0 0.364464 0.283517 0.169253 0.006898 0.175867
1 0 0.303673 0.306641 0.231248 0.008064 0.150373
1 0 0.286145 0.309212 0.204616 0.009038 0.190989
0 0 0.332844 0.299657 0.200148 0.006569 0.160782
0 0 0.403003 0.265666 0.178483 0.008663 0.144185
0 0 0.393484 0.267588 0.156403 0.008069 0.174456
0 0 0.843864 0.070566 0.030864 0.005330 0.049376
0 0 0.495083 0.225592 0.117332 0.006825 0.155168
0 1 0.322621 0.292108 0.186485 0.010054 0.188731
0 1 0.314192 0.282173 0.155858 0.011977 0.235798
1 1 0.273792 0.308922 0.224388 0.011625 0.181273
1 1 0.270669 0.312978 0.201285 0.009274 0.205793
2 1 0.130954 0.322934 0.447171 0.009608 0.089333
2 2 0.048851 0.223279 0.685760 0.012984 0.029125
2 2 0.043555 0.217641 0.707112 0.007484 0.024209
2 2 0.017901 0.135750 0.822944 0.010701 0.012703
2 2 0.025597 0.152078 0.800412 0.008439 0.013473
2 2 0.010593 0.100433 0.873131 0.008985 0.006858
2 2 0.006485 0.085842 0.892225 0.008991 0.006458
2 2 0.011464 0.106763 0.849375 0.020004 0.012394
2 2 0.002507 0.040976 0.946587 0.007561 0.002368
2 2 0.181034 0.315455 0.395699 0.011557 0.096256
2 2 0.079480 0.213320 0.669681 0.011770 0.025750
2 2 0.033309 0.223818 0.701576 0.011353 0.029944
2 2 0.013635 0.108394 0.854279 0.014090 0.009602
2 2 0.208704 0.295460 0.403326 0.012779 0.079732
2 2 0.112373 0.214916 0.634191 0.011014 0.027507
2 2 0.085557 0.282680 0.571168 0.009321 0.051274
2 2 0.009093 0.068404 0.889864 0.025628 0.007010
2 2 0.091349 0.277151 0.560557 0.014982 0.055960
2 2 0.159290 0.284074 0.481950 0.013495 0.061191
2 2 0.101152 0.250490 0.596248 0.011323 0.040786
2 2 0.002680 0.033146 0.947878 0.014098 0.002198
2 2 0.095665 0.224497 0.634389 0.016707 0.028741
2 2 0.003657 0.041014 0.941055 0.011966 0.002308
2 2 0.001224 0.019765 0.967457 0.010454 0.001100
2 2 0.007284 0.074428 0.904198 0.009514 0.004575
2 2 0.005882 0.043756 0.920222 0.026874 0.003266
2 2 0.005728 0.055127 0.918935 0.016290 0.003921
2 2 0.020990 0.084567 0.844700 0.041074 0.008668
2 2 0.006108 0.050860 0.919318 0.019997 0.003717
2 2 0.002426 0.019839 0.948185 0.028318 0.001231
2 2 0.003812 0.028860 0.917332 0.046943 0.003053
2 2 0.016463 0.074756 0.872559 0.029973 0.006249
2 2 0.006185 0.038020 0.905201 0.047013 0.003582
2 2 0.005292 0.045273 0.927071 0.019366 0.002998
2 2 0.002976 0.022117 0.921742 0.050957 0.002208
2 2 0.021918 0.075290 0.815482 0.078242 0.009068
2 2 0.005327 0.032840 0.901150 0.057185 0.003497
2 3 0.017856 0.059280 0.850693 0.065728 0.006443
2 3 0.005701 0.033618 0.896358 0.060684 0.003638
2 3 0.012925 0.043890 0.830694 0.106688 0.005802
2 3 0.010991 0.054810 0.871833 0.056581 0.005785
2 3 0.014646 0.050437 0.772913 0.152803 0.009201
2 3 0.013216 0.036808 0.653030 0.286240 0.010706
2 3 0.007270 0.024662 0.707503 0.254713 0.005853
2 3 0.011813 0.035829 0.557272 0.378719 0.016367
2 3 0.020235 0.070666 0.778489 0.118744 0.011867
2 3 0.006743 0.025099 0.707423 0.254080 0.006656
3 3 0.015762 0.028759 0.330052 0.605951 0.019476
2 3 0.030186 0.088460 0.652859 0.201967 0.026528
3 3 0.001612 0.004441 0.180381 0.807118 0.006448
3 3 0.003261 0.008006 0.249102 0.731802 0.007830
3 3 0.014751 0.032128 0.297886 0.621044 0.034191
3 3 0.004729 0.010889 0.290179 0.685512 0.008691
3 3 0.003412 0.008439 0.304649 0.677320 0.006180
3 3 0.005557 0.012346 0.282541 0.689250 0.010306
3 3 0.012730 0.024231 0.364551 0.584667 0.013821
3 3 0.006197 0.013033 0.197925 0.765055 0.017791
3 3 0.003893 0.008773 0.149917 0.820666 0.016750
3 3 0.003361 0.007874 0.162762 0.812505 0.013498
3 3 0.001815 0.004933 0.201772 0.785248 0.006232
3 3 0.007094 0.014394 0.183053 0.773663 0.021797
3 3 0.003142 0.007426 0.154402 0.821476 0.013553
3 3 0.002630 0.006519 0.171847 0.808681 0.010322
3 3 0.004745 0.010203 0.141873 0.822199 0.020979
3 3 0.006799 0.014175 0.221261 0.741021 0.016744
3 3 0.005420 0.011423 0.152853 0.808777 0.021528
3 3 0.006763 0.013656 0.157968 0.796765 0.024847
3 3 0.003336 0.007704 0.139421 0.833562 0.015977
3 3 0.002624 0.006306 0.126690 0.849848 0.014532
3 3 0.003015 0.007060 0.130170 0.843912 0.015842
3 3 0.001351 0.003673 0.110878 0.874497 0.009601
3 3 0.001964 0.004981 0.119607 0.861320 0.012129
3 3 0.012244 0.024950 0.399104 0.550509 0.013193
3 3 0.007870 0.016301 0.291228 0.671463 0.013139
2 2 0.087171 0.138505 0.655310 0.087909 0.031106
2 2 0.245578 0.235553 0.408952 0.048646 0.061270
2 2 0.232662 0.283086 0.366918 0.023940 0.093394
2 2 0.019356 0.071765 0.864032 0.038766 0.006081
2 2 0.018132 0.100685 0.850275 0.022750 0.008157
2 2 0.004037 0.028913 0.921613 0.042801 0.002636
2 2 0.004484 0.038119 0.934075 0.020718 0.002604
2 2 0.007275 0.047958 0.908051 0.032814 0.003901
2 2 0.239009 0.234334 0.462458 0.017551 0.046648
2 2 0.009418 0.062426 0.889581 0.029505 0.009071
2 2 0.059053 0.237206 0.612402 0.022344 0.068995
2 2 0.009785 0.051085 0.836813 0.093003 0.009315
2 2 0.015995 0.090172 0.867858 0.018604 0.007371
2 2 0.098449 0.324823 0.396519 0.016846 0.163363
1 2 0.206311 0.316263 0.196593 0.011879 0.268954
2 2 0.005700 0.058320 0.919399 0.012200 0.004380
2 2 0.022937 0.284221 0.382606 0.016333 0.293902
2 2 0.004977 0.123200 0.820642 0.011685 0.039496
2 2 0.038424 0.250220 0.513145 0.013206 0.185006
4 2 0.016474 0.168354 0.055145 0.001055 0.758973
4 2 0.007592 0.092011 0.020885 0.000477 0.879034
4 4 0.031975 0.182874 0.063093 0.002540 0.719517
4 4 0.007687 0.115975 0.033989 0.000815 0.841534
4 4 0.023406 0.238868 0.108628 0.002022 0.627076
4 4 0.005406 0.077757 0.015274 0.000240 0.901323
4 4 0.007509 0.089274 0.019425 0.000417 0.883376
4 4 0.009231 0.164225 0.068104 0.001707 0.756733
4 4 0.012698 0.107217 0.026187 0.000870 0.853029
4 4 0.005957 0.065048 0.009540 0.000107 0.919349
4 4 0.261913 0.177267 0.044280 0.004664 0.511876
4 4 0.121024 0.208153 0.062499 0.003661 0.604662
4 4 0.041140 0.206651 0.071378 0.002134 0.678698
4 4 0.015376 0.085630 0.013990 0.000299 0.884705
4 4 0.091901 0.124352 0.022218 0.001444 0.760085
4 4 0.046258 0.089733 0.011420 0.000317 0.852272
4 4 0.034749 0.162679 0.047443 0.001919 0.753211
4 4 0.107352 0.192442 0.059501 0.005326 0.635379
4 4 0.120785 0.133459 0.025490 0.002139 0.718127
4 4 0.062645 0.245561 0.095096 0.002967 0.593732
4 4 0.089990 0.306245 0.159923 0.005528 0.438313
4 4 0.010324 0.070981 0.009946 0.000140 0.908608
4 4 0.021018 0.059370 0.005176 0.000057 0.914379
4 4 0.044163 0.039832 0.001599 0.000009 0.914396
4 4 0.018992 0.045583 0.002816 0.000019 0.932590
4 4 0.016909 0.044284 0.002720 0.000017 0.936070
4 4 0.068454 0.056291 0.003291 0.000040 0.871925
4 4 0.086094 0.071557 0.005609 0.000115 0.836625
4 4 0.077398 0.068782 0.005212 0.000096 0.848512
4 4 0.014727 0.036584 0.001793 0.000008 0.946889
4 4 0.031283 0.073422 0.007746 0.000135 0.887414
4 4 0.059641 0.112445 0.018901 0.000881 0.808133
4 4 0.121837 0.108964 0.015025 0.000810 0.753364
4 4 0.051580 0.188836 0.057857 0.002290 0.699436
4 4 0.034036 0.137139 0.033272 0.001380 0.794173
4 4 0.025199 0.067477 0.006704 0.000096 0.900524
4 4 0.073205 0.207293 0.064191 0.002517 0.652793
4 4 0.116064 0.183339 0.050393 0.003873 0.646331
4 4 0.043078 0.109591 0.019269 0.000796 0.827267
4 4 0.088542 0.201694 0.061074 0.003162 0.645528
4 4 0.123532 0.169339 0.039107 0.002313 0.665708
4 4 0.034609 0.204575 0.068815 0.001536 0.690466
4 4 0.007731 0.081827 0.015479 0.000279 0.894683
4 4 0.020947 0.117489 0.026481 0.000838 0.834245
4 4 0.041183 0.105681 0.017784 0.000675 0.834677
4 4 0.109813 0.186781 0.050951 0.003249 0.649206
4 4 0.211231 0.304645 0.158311 0.008270 0.317543
4 4 0.018642 0.180521 0.063938 0.001424 0.735475
4 4 0.009461 0.071162 0.010284 0.000144 0.908949
4 4 0.021599 0.048117 0.003087 0.000023 0.927174
4 4 0.063185 0.078616 0.007594 0.000173 0.850432
4 4 0.018057 0.078754 0.010824 0.000200 0.892166
4 4 0.082194 0.132187 0.026689 0.001923 0.757008
4 4 0.043223 0.160051 0.042286 0.001642 0.752798
4 4 0.032560 0.123153 0.028155 0.001426 0.814706
4 4 0.137052 0.256555 0.091626 0.003604 0.511162
4 4 0.029782 0.241261 0.108125 0.002512 0.618321
4 4 0.066800 0.222449 0.075503 0.002627 0.632621
4 4 0.013080 0.062813 0.006853 0.000078 0.917176
4 4 0.041023 0.174795 0.049558 0.001550 0.733074
4 4 0.056302 0.139640 0.031064 0.001611 0.771384
4 4 0.061537 0.156409 0.036620 0.001518 0.743916
4 4 0.087998 0.263143 0.107419 0.004023 0.537416
4 4 0.024006 0.115057 0.024552 0.000823 0.835563
4 4 0.027794 0.205976 0.081363 0.002508 0.682359
4 4 0.023264 0.119827 0.027448 0.000988 0.828473
4 4 0.015107 0.159542 0.054473 0.001439 0.769438
4 4 0.049514 0.241707 0.096612 0.002788 0.609378
4 4 0.048664 0.150583 0.035811 0.001407 0.763535
4 4 0.059341 0.270816 0.120636 0.003372 0.545836
4 4 0.042135 0.218828 0.081155 0.002456 0.655425
4 4 0.021374 0.205855 0.084946 0.002164 0.685660
4 4 0.020642 0.204377 0.082576 0.001908 0.690497
4 4 0.013872 0.148082 0.044989 0.000923 0.792134
4 4 0.022148 0.210493 0.080886 0.001432 0.685041
4 4 0.013151 0.242054 0.160979 0.004118 0.579698
4 4 0.046797 0.329281 0.246134 0.007175 0.370613
4 2 0.062783 0.281789 0.132556 0.003781 0.519090
4 2 0.007725 0.127074 0.037829 0.000629 0.826743
4 2 0.043517 0.307235 0.185416 0.004527 0.459306
4 2 0.010322 0.235484 0.154888 0.003232 0.596074
4 2 0.040107 0.261841 0.121722 0.002996 0.573335
4 2 0.043062 0.246558 0.102567 0.002576 0.605238
4 2 0.044056 0.315558 0.197372 0.004517 0.438498
4 2 0.018440 0.257997 0.156562 0.003929 0.563073
4 2 0.013409 0.230357 0.119166 0.002040 0.635029
4 2 0.010892 0.176826 0.068987 0.001167 0.742128
4 2 0.012878 0.246112 0.140337 0.002230 0.598442
4 2 0.009684 0.147735 0.047188 0.000712 0.794680
4 2 0.029724 0.273401 0.153079 0.003856 0.539939
4 2 0.032945 0.136727 0.034935 0.001759 0.793633
4 2 0.066818 0.254660 0.101404 0.003081 0.574037
4 2 0.031603 0.292649 0.176846 0.004035 0.494868
4 2 0.038749 0.231544 0.095926 0.002959 0.630822
4 2 0.032454 0.315428 0.220931 0.004873 0.426313
4 2 0.024241 0.278040 0.163923 0.003372 0.530424
4 2 0.002965 0.135397 0.056946 0.000725 0.803967
4 2 0.052758 0.272462 0.133914 0.004511 0.536355
1 2 0.063835 0.347154 0.316029 0.009988 0.262994
4 2 0.027261 0.303425 0.219139 0.005638 0.444536
4 2 0.010884 0.297142 0.287547 0.004222 0.400204
2 2 0.060904 0.331265 0.355413 0.007708 0.244710
2 2 0.028598 0.315727 0.348854 0.007082 0.299738
2 2 0.003642 0.058773 0.924251 0.008815 0.004520
2 2 0.004410 0.139192 0.773632 0.011891 0.070875
2 2 0.009910 0.225969 0.610422 0.011014 0.142685
2 2 0.002763 0.049416 0.930763 0.011609 0.005448
2 2 0.023094 0.274378 0.494877 0.011387 0.196263
2 2 0.025287 0.190519 0.729752 0.012703 0.041738
2 2 0.005211 0.044741 0.922685 0.023770 0.003592
2 2 0.003830 0.046117 0.932070 0.014471 0.003513
2 2 0.013756 0.121440 0.826169 0.019252 0.019383
2 2 0.002079 0.030848 0.955669 0.009655 0.001749
2 2 0.005367 0.049263 0.917560 0.023444 0.004366
2 2 0.005321 0.044723 0.919616 0.026406 0.003934
2 2 0.006056 0.051883 0.913212 0.024346 0.004504
0 2 0.401653 0.215435 0.306045 0.021442 0.055425
2 2 0.025682 0.226394 0.687916 0.017461 0.042548
2 2 0.018898 0.132223 0.821045 0.014710 0.013123
2 2 0.003801 0.040099 0.938085 0.015408 0.002606
2 2 0.008002 0.073506 0.896925 0.015965 0.005600
2 2 0.001405 0.017537 0.965282 0.014834 0.000942
2 2 0.016944 0.128946 0.822115 0.019180 0.012815
2 2 0.014423 0.072731 0.865936 0.038868 0.008042
2 2 0.024754 0.110339 0.831851 0.021214 0.011842
2 2 0.012927 0.076774 0.877547 0.026146 0.006607
2 2 0.015218 0.079460 0.871294 0.026593 0.007434
2 2 0.006396 0.057149 0.907593 0.023570 0.005292
2 2 0.040631 0.200016 0.694915 0.032345 0.032093
2 2 0.016294 0.120570 0.827428 0.022376 0.013332
2 2 0.007146 0.033875 0.872851 0.082276 0.003851
2 2 0.168150 0.263850 0.381670 0.068271 0.118058
2 2 0.005658 0.037216 0.907959 0.045526 0.003641
2 2 0.010876 0.043290 0.805779 0.132665 0.007390
2 2 0.005225 0.033281 0.906212 0.051905 0.003377
2 3 0.010730 0.034848 0.817238 0.132912 0.004271
2 3 0.006935 0.041121 0.888765 0.058448 0.004731
2 3 0.030201 0.093385 0.588977 0.244624 0.042814
2 3 0.011992 0.046728 0.798984 0.134119 0.008176
2 3 0.028464 0.095654 0.740266 0.117426 0.018190
2 3 0.007632 0.035888 0.833344 0.117189 0.005947
3 3 0.027218 0.048067 0.425648 0.476175 0.022892
3 3 0.009137 0.018406 0.303908 0.654590 0.013959
3 3 0.005999 0.012429 0.159146 0.800078 0.022348
3 3 0.007020 0.015100 0.349986 0.618749 0.009146
