0 0 0.974711 0.006374 0.003971 0.002882 0.012062
0 0 0.967376 0.008791 0.005411 0.003512 0.014910
0 0 0.989179 0.002596 0.000743 0.001273 0.006209
0 0 0.991427 0.001769 0.000463 0.001249 0.005092
0 0 0.987775 0.003069 0.000967 0.001341 0.006847
0 0 0.974122 0.007913 0.003371 0.002145 0.012450
0 0 0.987932 0.003457 0.000823 0.001019 0.006768
0 0 0.985846 0.003732 0.001148 0.001499 0.007775
0 0 0.987673 0.002996 0.001039 0.001422 0.006870
0 0 0.984081 0.004923 0.001332 0.001210 0.008454
0 0 0.981677 0.005065 0.001707 0.001904 0.009647
0 0 0.986999 0.003806 0.001198 0.000974 0.007024
0 0 0.985411 0.003831 0.001064 0.001636 0.008058
0 0 0.969708 0.010369 0.002711 0.002459 0.014755
0 0 0.985025 0.003597 0.001150 0.002001 0.008227
0 0 0.969492 0.010912 0.004131 0.001700 0.013766
0 0 0.957366 0.014537 0.005894 0.003320 0.018883
0 0 0.985837 0.003279 0.000883 0.002076 0.007925
0 0 0.986964 0.003103 0.000723 0.001792 0.007418
0 0 0.986226 0.003446 0.000997 0.001660 0.007670
0 0 0.965653 0.012269 0.004523 0.002114 0.015441
0 0 0.977268 0.007521 0.001298 0.002004 0.011909
0 0 0.990540 0.001972 0.000560 0.001394 0.005534
0 0 0.985482 0.003563 0.001055 0.001864 0.008037
0 0 0.973166 0.010561 0.002276 0.001320 0.012676
0 0 0.985024 0.003676 0.001264 0.001866 0.008169
0 0 0.977190 0.007073 0.002648 0.001817 0.011273
0 0 0.979474 0.005575 0.001690 0.002453 0.010808
0 0 0.981744 0.004751 0.001192 0.002400 0.009913
0 0 0.978732 0.006066 0.002456 0.002019 0.010727
0 0 0.985085 0.003705 0.000917 0.001975 0.008318
0 0 0.977206 0.006428 0.002026 0.002580 0.011760
0 0 0.988854 0.002186 0.000487 0.002042 0.006431
0 0 0.985761 0.003776 0.000654 0.001716 0.008092
0 0 0.984009 0.003539 0.000689 0.002839 0.008924
0 0 0.980665 0.005812 0.001107 0.001982 0.010434
0 0 0.982355 0.003874 0.000750 0.003306 0.009715
0 0 0.971523 0.009559 0.002070 0.002550 0.014297
0 0 0.973480 0.008593 0.001739 0.002586 0.013602
0 0 0.984601 0.003934 0.000975 0.001947 0.008542
0 0 0.967554 0.011805 0.003034 0.002239 0.015368
0 0 0.975314 0.007364 0.002265 0.002530 0.012527
0 0 0.989550 0.001694 0.000360 0.002460 0.005936
0 0 0.981432 0.004269 0.000728 0.003344 0.010228
0 0 0.950445 0.018256 0.005695 0.003765 0.021839
0 0 0.831208 0.106627 0.009094 0.003306 0.049765
0 0 0.900062 0.053983 0.009697 0.002561 0.033697
0 0 0.577616 0.312797 0.029891 0.002994 0.076702
1 1 0.194564 0.704175 0.036720 0.000814 0.063727
1 1 0.185753 0.602808 0.077571 0.002523 0.131344
1 1 0.154260 0.646786 0.071603 0.003441 0.123910
1 1 0.143695 0.490659 0.206659 0.005618 0.153370
2 1 0.109315 0.282609 0.484116 0.008315 0.115645
2 2 0.064689 0.148815 0.690027 0.005490 0.090979
2 2 0.048100 0.108770 0.775206 0.001901 0.066022
2 2 0.041931 0.073311 0.850652 0.005906 0.028200
2 2 0.034785 0.075203 0.820824 0.004508 0.064680
2 2 0.058720 0.115758 0.743294 0.002998 0.079231
2 2 0.048643 0.107128 0.760912 0.010265 0.073053
2 2 0.036158 0.080783 0.769490 0.008454 0.105115
2 2 0.012446 0.025576 0.898952 0.020730 0.042296
2 2 0.017525 0.032439 0.879197 0.037154 0.033685
2 2 0.011727 0.020288 0.883355 0.063855 0.020776
2 2 0.005332 0.008481 0.535481 0.441705 0.009000
2 2 0.016752 0.023948 0.564966 0.370296 0.024038
2 2 0.010132 0.016713 0.589256 0.368352 0.015547
2 2 0.022750 0.050671 0.559548 0.277220 0.089812
2 3 0.015594 0.026968 0.539293 0.394216 0.023929
3 3 0.013000 0.005350 0.165486 0.805165 0.010999
3 3 0.011929 0.004435 0.149936 0.823982 0.009717
3 3 0.015642 0.007928 0.201274 0.760881 0.014274
3 3 0.024234 0.002034 0.038828 0.926313 0.008591
3 3 0.027473 0.004359 0.073639 0.881357 0.013172
3 3 0.023774 0.001380 0.026707 0.941121 0.007017
3 3 0.034874 0.009067 0.119478 0.815919 0.020661
3 3 0.022042 0.002718 0.056319 0.909326 0.009595
3 3 0.008149 0.000919 0.045772 0.941302 0.003859
3 3 0.024941 0.001711 0.031793 0.933597 0.007958
3 3 0.028722 0.003437 0.056199 0.899747 0.011894
3 3 0.019786 0.000997 0.022633 0.951017 0.005568
3 3 0.022950 0.001196 0.023843 0.945567 0.006445
3 3 0.033699 0.001753 0.024804 0.930757 0.008988
3 3 0.025076 0.001190 0.021893 0.945202 0.006639
3 3 0.019871 0.001352 0.030722 0.941552 0.006503
3 3 0.027599 0.001239 0.020911 0.943234 0.007017
3 3 0.020489 0.000848 0.018588 0.954879 0.005196
3 3 0.014420 0.000796 0.023911 0.956445 0.004428
3 3 0.012347 0.000606 0.020805 0.962597 0.003645
3 3 0.018866 0.001348 0.032081 0.941334 0.006371
3 3 0.028261 0.002258 0.037564 0.922339 0.009578
3 3 0.015386 0.000770 0.021791 0.957597 0.004456
3 3 0.017313 0.000729 0.018551 0.958880 0.004528
3 3 0.014823 0.000703 0.020551 0.959723 0.004200
3 3 0.013838 0.000492 0.015147 0.967105 0.003418
3 3 0.016960 0.000642 0.016590 0.961594 0.004214
3 3 0.027195 0.001244 0.021279 0.943289 0.006993
3 3 0.019565 0.000489 0.011016 0.965063 0.003867
3 3 0.019767 0.000717 0.016166 0.958640 0.004710
3 3 0.027912 0.001130 0.018842 0.945390 0.006725
3 3 0.021165 0.000785 0.016671 0.956323 0.005055
3 3 0.015642 0.000396 0.010854 0.969905 0.003203
3 3 0.018747 0.000957 0.022782 0.952168 0.005347
3 3 0.012057 0.000418 0.014495 0.970039 0.002992
3 3 0.019483 0.000411 0.009236 0.967336 0.003535
3 3 0.016514 0.000480 0.012607 0.966796 0.003602
3 3 0.015318 0.000532 0.014972 0.965488 0.003689
3 3 0.019328 0.000593 0.013575 0.962260 0.004244
3 3 0.022284 0.003454 0.070513 0.892891 0.010858
3 3 0.042087 0.021560 0.215223 0.687475 0.033656
3 3 0.019587 0.018452 0.328698 0.610096 0.023166
3 3 0.016449 0.007805 0.191203 0.770099 0.014445
3 3 0.017167 0.004129 0.104410 0.863528 0.010766
3 3 0.011035 0.005018 0.177674 0.796258 0.010014
3 3 0.013593 0.002012 0.063804 0.913687 0.006905
3 3 0.018565 0.001594 0.038529 0.934420 0.006892
3 3 0.015879 0.001724 0.047861 0.927766 0.006770
3 3 0.026089 0.001094 0.019378 0.946984 0.006455
3 3 0.020119 0.001716 0.038638 0.932160 0.007367
3 3 0.015097 0.000672 0.019284 0.960817 0.004131
3 3 0.021180 0.001043 0.022289 0.949648 0.005840
3 3 0.023245 0.000863 0.016875 0.953529 0.005488
3 3 0.017758 0.000665 0.016490 0.960726 0.004361
3 3 0.023780 0.001090 0.021002 0.947898 0.006229
3 3 0.022675 0.000538 0.010623 0.961882 0.004282
3 3 0.020309 0.000504 0.010976 0.964232 0.003979
3 3 0.020140 0.000721 0.015991 0.958391 0.004757
3 3 0.020970 0.000633 0.013474 0.960406 0.004518
3 3 0.019306 0.000301 0.006754 0.970629 0.003009
3 3 0.016276 0.000398 0.010507 0.969564 0.003255
3 3 0.017585 0.000455 0.011251 0.967125 0.003584
3 3 0.018627 0.000499 0.011752 0.965285 0.003837
3 3 0.036342 0.000924 0.012017 0.944037 0.006680
3 3 0.018151 0.000427 0.010244 0.967667 0.003512
3 3 0.023614 0.000505 0.009591 0.962081 0.004209
3 3 0.021124 0.000609 0.012879 0.960943 0.004444
3 3 0.025050 0.000790 0.014395 0.954374 0.005392
3 3 0.024296 0.000623 0.011605 0.958745 0.004730
3 3 0.018256 0.000566 0.013629 0.963489 0.004060
3 3 0.017523 0.000402 0.009938 0.968775 0.003362
3 3 0.020234 0.000471 0.010267 0.965189 0.003839
3 3 0.021223 0.000648 0.013666 0.959870 0.004594
3 3 0.022801 0.000483 0.009462 0.963189 0.004064
3 3 0.019917 0.000442 0.009758 0.966186 0.003697
3 3 0.033276 0.000532 0.007373 0.953930 0.004889
3 3 0.015931 0.000297 0.007932 0.973052 0.002787
3 3 0.023043 0.000602 0.011759 0.960035 0.004561
3 3 0.016028 0.000596 0.016163 0.963239 0.003974
3 3 0.022911 0.000513 0.010024 0.962354 0.004197
3 3 0.024697 0.001004 0.018656 0.949584 0.006058
3 3 0.020415 0.000609 0.013269 0.961321 0.004387
3 3 0.021756 0.000792 0.016415 0.955907 0.005130
3 2 0.017395 0.007610 0.179259 0.781156 0.014580
2 2 0.016572 0.029312 0.477455 0.450114 0.026547
2 2 0.089510 0.170387 0.626943 0.040834 0.072326
2 2 0.041917 0.071660 0.776584 0.070470 0.039370
2 2 0.080368 0.150002 0.701434 0.016180 0.052015
2 2 0.021695 0.032483 0.922611 0.009703 0.013508
2 2 0.028297 0.046470 0.877344 0.022884 0.025004
2 2 0.018949 0.027911 0.933100 0.008494 0.011545
2 2 0.031575 0.048878 0.891118 0.009312 0.019116
2 2 0.014989 0.021480 0.947867 0.006837 0.008827
2 2 0.015356 0.022681 0.934398 0.016605 0.010959
2 2 0.016915 0.026547 0.879961 0.060062 0.016515
2 2 0.013988 0.020838 0.926398 0.027557 0.011219
2 2 0.015229 0.026098 0.924037 0.013925 0.020712
2 2 0.024275 0.043253 0.898052 0.005118 0.029302
2 2 0.062781 0.114291 0.663329 0.096694 0.062905
2 2 0.011222 0.017178 0.863813 0.095715 0.012072
2 2 0.038953 0.064319 0.830725 0.034763 0.031241
2 2 0.049840 0.083055 0.815888 0.017368 0.033849
2 2 0.084020 0.162401 0.688520 0.013508 0.051551
2 2 0.023357 0.037167 0.914441 0.007099 0.017936
2 2 0.012352 0.018271 0.928361 0.030790 0.010226
2 2 0.010612 0.016631 0.935696 0.025116 0.011946
2 0 0.122089 0.173928 0.641894 0.009005 0.053083
1 0 0.166296 0.478974 0.271565 0.004403 0.078762
1 1 0.275127 0.410963 0.214999 0.006858 0.092052
2 2 0.029364 0.046274 0.883382 0.019907 0.021072
2 2 0.059877 0.105876 0.802101 0.003936 0.028209
2 2 0.018262 0.028319 0.932998 0.006525 0.013896
2 1 0.066771 0.150661 0.705595 0.003843 0.073130
2 1 0.148971 0.377030 0.378528 0.010382 0.085089
2 1 0.020200 0.034588 0.921558 0.002578 0.021076
2 2 0.020018 0.034704 0.917002 0.004939 0.023337
2 2 0.011227 0.017703 0.955311 0.004652 0.011107
2 2 0.020828 0.030568 0.931219 0.005776 0.011609
2 2 0.008184 0.012066 0.968467 0.004402 0.006880
2 2 0.010106 0.015866 0.951136 0.011828 0.011064
2 2 0.010727 0.018348 0.940929 0.013161 0.016835
2 2 0.007755 0.012753 0.956054 0.011741 0.011697
2 2 0.008253 0.014055 0.959207 0.005228 0.013258
2 2 0.041002 0.107061 0.683560 0.004291 0.164085
2 2 0.006840 0.011956 0.957637 0.009528 0.014038
2 2 0.012839 0.029616 0.889420 0.004727 0.063398
2 2 0.019640 0.040824 0.892009 0.001409 0.046118
4 2 0.042626 0.148897 0.380646 0.006282 0.421549
2 2 0.068762 0.246531 0.404547 0.001992 0.278168
4 2 0.049353 0.259907 0.107056 0.002390 0.581294
4 2 0.076009 0.327837 0.212378 0.002384 0.381392
4 2 0.076795 0.348530 0.177557 0.002179 0.394939
4 2 0.071124 0.284177 0.260131 0.003470 0.381098
2 2 0.092281 0.280210 0.479477 0.002182 0.145850
2 2 0.018173 0.038609 0.889671 0.002546 0.051000
2 2 0.076644 0.220860 0.551955 0.002647 0.147894
2 2 0.007726 0.015199 0.954643 0.001134 0.021298
2 2 0.012690 0.024202 0.932734 0.003518 0.026855
2 2 0.038206 0.105528 0.651553 0.003985 0.200727
2 2 0.006315 0.009869 0.971642 0.004470 0.007705
2 2 0.012294 0.027331 0.910563 0.001550 0.048262
2 2 0.029345 0.068408 0.796947 0.004030 0.101270
2 2 0.007970 0.013925 0.961114 0.003056 0.013935
2 2 0.008001 0.016628 0.946112 0.001300 0.027958
2 2 0.009116 0.019631 0.930225 0.003230 0.037798
2 2 0.014893 0.032001 0.894592 0.006620 0.051894
2 2 0.021533 0.049012 0.840585 0.007263 0.081607
2 2 0.007224 0.013720 0.956025 0.003690 0.019340
2 2 0.011071 0.020692 0.933939 0.009608 0.024691
2 2 0.013672 0.025348 0.922752 0.011134 0.027093
2 2 0.013866 0.025639 0.919941 0.013209 0.027344
2 2 0.014143 0.027438 0.906516 0.017110 0.034792
2 2 0.015111 0.025858 0.928758 0.010262 0.020010
2 2 0.013384 0.029912 0.895390 0.004747 0.056567
2 2 0.014278 0.024275 0.576035 0.363968 0.021444
2 0 0.150541 0.218650 0.555949 0.006980 0.067881
2 1 0.094963 0.186357 0.622582 0.027119 0.068980
2 2 0.011647 0.019348 0.951332 0.003671 0.014002
2 2 0.013084 0.020453 0.942606 0.011352 0.012505
2 2 0.013653 0.023078 0.934714 0.010587 0.017968
2 2 0.015792 0.028710 0.920413 0.008683 0.026402
2 2 0.011123 0.017782 0.942113 0.016032 0.012950
2 2 0.007631 0.011379 0.859879 0.112391 0.008720
2 2 0.010985 0.018371 0.933309 0.021312 0.016022
2 2 0.014397 0.023026 0.823357 0.122239 0.016982
2 2 0.013457 0.022303 0.653346 0.291912 0.018982
2 2 0.008651 0.013631 0.714182 0.251536 0.011999
2 2 0.010562 0.016530 0.848809 0.111149 0.012950
3 2 0.009111 0.015462 0.459320 0.500489 0.015617
2 2 0.018181 0.037672 0.554264 0.331882 0.058000
2 2 0.012711 0.021778 0.761291 0.182626 0.021594
2 2 0.014062 0.024275 0.517415 0.422064 0.022184
2 2 0.015138 0.026606 0.475429 0.458322 0.024504
2 2 0.013984 0.025346 0.493613 0.439948 0.027108
3 2 0.010076 0.014103 0.411995 0.548188 0.015638
2 2 0.040187 0.070722 0.735774 0.111415 0.041902
2 2 0.018655 0.029477 0.928504 0.007864 0.015500
2 2 0.018961 0.033031 0.867715 0.052710 0.027583
2 2 0.017152 0.028248 0.739642 0.193567 0.021391
2 1 0.105722 0.220848 0.598029 0.012456 0.062946
2 2 0.017400 0.025759 0.932558 0.012662 0.011621
2 2 0.030482 0.047100 0.897148 0.007628 0.017642
2 2 0.012466 0.017925 0.948450 0.012672 0.008488
2 2 0.012065 0.018731 0.951792 0.006342 0.011069
2 2 0.015698 0.024258 0.887078 0.058187 0.014780
2 2 0.010897 0.016229 0.911736 0.050971 0.010168
2 2 0.013031 0.019644 0.909140 0.046402 0.011782
2 2 0.011574 0.016984 0.933200 0.028768 0.009475
2 2 0.009480 0.014218 0.882966 0.083362 0.009974
2 2 0.010942 0.018371 0.546588 0.406837 0.017263
2 2 0.024496 0.044572 0.481890 0.411569 0.037473
2 2 0.010527 0.016888 0.703640 0.254462 0.014484
2 2 0.015301 0.025114 0.722950 0.216864 0.019770
3 2 0.010363 0.012209 0.369596 0.593005 0.014827
2 2 0.015191 0.024843 0.733658 0.206912 0.019396
3 2 0.007918 0.013309 0.453804 0.511186 0.013783
3 2 0.008719 0.010939 0.381138 0.586060 0.013145
2 2 0.016190 0.028590 0.476964 0.452250 0.026006
2 2 0.015671 0.027012 0.552463 0.381077 0.023778
3 2 0.017016 0.010396 0.236080 0.719729 0.016779
3 3 0.026520 0.012997 0.203524 0.734797 0.022162
3 3 0.020241 0.006547 0.139287 0.819564 0.014361
3 3 0.035719 0.034813 0.339955 0.550178 0.039335
3 3 0.023569 0.011719 0.204408 0.740147 0.020157
3 3 0.022943 0.004032 0.079839 0.881330 0.011855
3 3 0.022852 0.004023 0.079924 0.881379 0.011823
3 3 0.013039 0.006236 0.188544 0.780322 0.011858
3 3 0.024675 0.004041 0.075135 0.883958 0.012192
3 3 0.036963 0.004735 0.061489 0.881501 0.015312
3 3 0.027965 0.002506 0.042092 0.917382 0.010055
3 3 0.020711 0.001086 0.023696 0.948597 0.005911
3 3 0.027679 0.002422 0.041052 0.919001 0.009846
3 3 0.034339 0.002942 0.041068 0.909907 0.011745
3 3 0.017494 0.002025 0.051572 0.921305 0.007605
3 3 0.024911 0.001672 0.031095 0.934461 0.007862
3 3 0.030321 0.002578 0.040264 0.916334 0.010504
3 3 0.026618 0.001647 0.028842 0.934901 0.007993
3 3 0.030856 0.001985 0.030476 0.927416 0.009267
3 3 0.021470 0.000950 0.020023 0.951957 0.005599
3 3 0.020136 0.001348 0.030262 0.941730 0.006524
3 3 0.023079 0.001267 0.025149 0.943857 0.006648
3 3 0.019397 0.000670 0.015352 0.960058 0.004522
3 3 0.017972 0.009240 0.206005 0.750578 0.016205
2 3 0.055876 0.082437 0.410033 0.383032 0.068621
3 3 0.012539 0.021751 0.470291 0.474681 0.020738
2 3 0.036791 0.069053 0.475950 0.364704 0.053501
3 3 0.026474 0.028997 0.365763 0.546664 0.032102
3 3 0.013036 0.009380 0.263177 0.700010 0.014397
2 3 0.028191 0.048899 0.468876 0.412670 0.041364
2 3 0.022094 0.039897 0.481503 0.422287 0.034219
3 3 0.020494 0.003366 0.073936 0.891811 0.010393
3 3 0.029052 0.009116 0.139669 0.802820 0.019343
3 3 0.025888 0.006912 0.119582 0.831439 0.016179
3 3 0.029928 0.004306 0.067540 0.884712 0.013513
3 3 0.043066 0.005398 0.060947 0.873303 0.017286
3 3 0.033004 0.002500 0.036176 0.917652 0.010668
3 3 0.020888 0.001434 0.031175 0.939681 0.006822
3 3 0.025375 0.001680 0.030728 0.934283 0.007934
3 3 0.029012 0.001899 0.030822 0.929404 0.008863
3 3 0.020604 0.004382 0.094712 0.868434 0.011868
3 3 0.024348 0.001811 0.034394 0.931332 0.008116
3 3 0.023321 0.002841 0.055975 0.907848 0.010015
3 3 0.018784 0.000678 0.015991 0.960051 0.004496
3 3 0.023415 0.002988 0.058626 0.904684 0.010287
3 3 0.026248 0.001255 0.022171 0.943391 0.006934
3 3 0.022094 0.000867 0.017759 0.953880 0.005401
3 3 0.018986 0.000942 0.022164 0.952580 0.005329
3 3 0.023398 0.001029 0.020084 0.949476 0.006013
3 3 0.020425 0.001580 0.035098 0.935790 0.007107
3 3 0.026835 0.001134 0.019584 0.945809 0.006639
3 3 0.025797 0.001244 0.022314 0.943786 0.006859
3 3 0.019233 0.001072 0.025012 0.948965 0.005718
3 3 0.016744 0.000952 0.025079 0.952109 0.005117
3 3 0.020781 0.001359 0.029681 0.941550 0.006629
3 3 0.019075 0.001082 0.025417 0.948701 0.005725
3 3 0.035718 0.001992 0.026781 0.925716 0.009793
3 3 0.027380 0.001087 0.018425 0.946559 0.006548
3 3 0.024569 0.001232 0.023099 0.944395 0.006706
3 3 0.037592 0.002468 0.031733 0.917093 0.011114
2 2 0.033699 0.058298 0.723900 0.146127 0.037976
2 2 0.039349 0.067915 0.750828 0.101550 0.040359
2 2 0.027651 0.045201 0.836316 0.064909 0.025922
2 2 0.063179 0.111331 0.783681 0.007343 0.034467
2 2 0.053829 0.089511 0.812499 0.011146 0.033015
2 2 0.025382 0.038710 0.908735 0.011049 0.016124
2 2 0.022665 0.033552 0.925155 0.005965 0.012663
2 2 0.065505 0.113326 0.752707 0.021925 0.046537
2 2 0.029304 0.047960 0.837963 0.058063 0.026710
2 2 0.031753 0.049126 0.891047 0.008999 0.019075
2 2 0.012667 0.018408 0.942887 0.016865 0.009173
2 2 0.044724 0.076665 0.825151 0.021803 0.031657
2 2 0.078845 0.149008 0.720566 0.008252 0.043329
2 2 0.014416 0.023164 0.945303 0.003543 0.013574
2 2 0.008507 0.012040 0.951433 0.021375 0.006645
2 2 0.023456 0.034975 0.921305 0.006803 0.013461
2 2 0.023552 0.035018 0.922076 0.006139 0.013215
2 2 0.008708 0.012728 0.963402 0.007967 0.007194
2 2 0.023505 0.036081 0.907160 0.016819 0.016435
2 2 0.015448 0.024257 0.940592 0.006346 0.013355
2 2 0.013508 0.022605 0.940374 0.006978 0.016536
2 2 0.012549 0.019569 0.942375 0.013276 0.012231
2 2 0.009412 0.013310 0.954440 0.015982 0.006856
2 2 0.010239 0.015360 0.892973 0.071088 0.010339
2 2 0.067280 0.136777 0.698803 0.019527 0.077613
2 2 0.012060 0.020905 0.944881 0.004615 0.017540
2 2 0.020403 0.033944 0.918213 0.007167 0.020274
2 2 0.010466 0.016773 0.928177 0.031290 0.013294
2 2 0.010838 0.018337 0.942974 0.011848 0.016003
2 2 0.023570 0.038960 0.901935 0.013175 0.022359
2 2 0.014631 0.024848 0.928287 0.012883 0.019350
2 2 0.023518 0.038734 0.887466 0.027084 0.023199
2 1 0.081940 0.160619 0.716061 0.003931 0.037449
2 2 0.021151 0.034771 0.919929 0.005064 0.019085
2 2 0.013100 0.025286 0.929333 0.003487 0.028795
2 2 0.019040 0.028824 0.919609 0.018645 0.013882
2 2 0.019602 0.030903 0.929167 0.005095 0.015234
2 2 0.012878 0.020505 0.952016 0.002643 0.011957
2 2 0.009303 0.014838 0.954626 0.010047 0.011186
2 2 0.027094 0.049029 0.885369 0.006339 0.032170
2 2 0.063707 0.115916 0.762992 0.016133 0.041253
2 2 0.009945 0.015092 0.961920 0.004331 0.008713
2 2 0.011095 0.018488 0.953109 0.003538 0.013771
2 2 0.012985 0.020830 0.950717 0.002944 0.012525
2 1 0.088270 0.170928 0.702599 0.002663 0.035538
2 1 0.106664 0.298761 0.461668 0.004732 0.128176
2 2 0.017635 0.029847 0.918131 0.013215 0.021171
2 2 0.009957 0.016526 0.959046 0.002210 0.012262
2 2 0.014093 0.027349 0.912738 0.011982 0.033839
2 4 0.045031 0.134266 0.622843 0.001943 0.195918
4 4 0.026273 0.126405 0.066493 0.002138 0.778691
4 4 0.025905 0.143267 0.085438 0.002683 0.742707
4 4 0.040207 0.021663 0.010038 0.002292 0.925801
4 4 0.032717 0.128962 0.042927 0.001290 0.794103
4 4 0.029856 0.012368 0.006907 0.002011 0.948858
4 4 0.034576 0.079862 0.045603 0.003229 0.836731
4 4 0.024373 0.041865 0.029997 0.002761 0.901005
4 4 0.031331 0.110202 0.038765 0.001304 0.818399
4 4 0.021695 0.132583 0.065826 0.001527 0.778369
4 4 0.179822 0.008981 0.004143 0.014773 0.792280
4 4 0.046709 0.142194 0.042510 0.001732 0.766855
4 4 0.033761 0.066221 0.020165 0.001034 0.878819
4 4 0.017210 0.110842 0.056242 0.001137 0.814568
4 4 0.042700 0.207956 0.165836 0.002013 0.581495
4 4 0.058071 0.094963 0.023126 0.001502 0.822337
4 4 0.076345 0.368130 0.155713 0.001487 0.398326
4 4 0.024504 0.148345 0.056046 0.001138 0.769967
4 4 0.030117 0.060530 0.020851 0.001088 0.887413
4 4 0.028370 0.176202 0.064553 0.001353 0.729521
4 4 0.061657 0.307092 0.132767 0.002195 0.496289
4 4 0.048564 0.255529 0.096656 0.003184 0.596067
4 4 0.023188 0.029198 0.011922 0.000944 0.934749
1 1 0.129849 0.503665 0.196735 0.001727 0.168025
1 1 0.127305 0.473747 0.208242 0.003174 0.187531
2 1 0.123851 0.309312 0.473590 0.006775 0.086472
2 2 0.030616 0.090784 0.664988 0.001984 0.211629
2 2 0.016911 0.034099 0.910238 0.001469 0.037283
2 2 0.010198 0.021854 0.931365 0.000945 0.035638
2 2 0.010090 0.017240 0.956202 0.002356 0.014112
2 2 0.010461 0.024689 0.907545 0.001196 0.056109
2 2 0.009701 0.018574 0.948299 0.001481 0.021945
2 2 0.041210 0.105487 0.721060 0.002775 0.129468
2 2 0.012951 0.030696 0.893368 0.000805 0.062180
2 2 0.017002 0.039770 0.871613 0.001233 0.070382
2 2 0.009698 0.018310 0.949773 0.001531 0.020688
2 2 0.014613 0.031725 0.899693 0.003226 0.050744
2 2 0.013552 0.027848 0.920743 0.001611 0.036246
2 2 0.011287 0.023046 0.934201 0.000947 0.030518
2 2 0.010007 0.021232 0.930218 0.002275 0.036269
2 2 0.037948 0.126024 0.494260 0.003340 0.338429
2 2 0.016153 0.040610 0.845730 0.001728 0.095779
2 2 0.009125 0.018022 0.938979 0.006486 0.027388
2 2 0.010347 0.022391 0.929776 0.000737 0.036749
2 2 0.009303 0.018144 0.941712 0.005134 0.025707
2 2 0.006341 0.013192 0.953202 0.001865 0.025399
2 2 0.008220 0.017859 0.938291 0.001255 0.034375
2 2 0.005725 0.010457 0.966638 0.003097 0.014083
2 2 0.008048 0.016774 0.943319 0.002207 0.029651
2 2 0.006939 0.011983 0.965694 0.003119 0.012264
2 2 0.006211 0.010887 0.968595 0.002300 0.012007
2 2 0.009278 0.016480 0.951831 0.005341 0.017071
2 2 0.009542 0.019831 0.936369 0.002146 0.032113
2 2 0.011481 0.022441 0.928829 0.007260 0.029988
2 2 0.009804 0.019231 0.941529 0.003264 0.026172
2 2 0.012734 0.023253 0.914492 0.023716 0.025805
2 2 0.012260 0.023211 0.936365 0.002985 0.025179
2 2 0.006201 0.009916 0.963919 0.010904 0.009059
2 2 0.008145 0.012683 0.930672 0.038187 0.010313
2 2 0.020544 0.037160 0.863317 0.045338 0.033642
2 2 0.010601 0.015953 0.950752 0.013185 0.009509
2 2 0.006782 0.011191 0.966241 0.005427 0.010359
2 2 0.017043 0.028457 0.904932 0.028817 0.020752
2 2 0.008040 0.012024 0.954407 0.017437 0.008092
2 2 0.007447 0.012182 0.963942 0.005860 0.010569
2 2 0.008510 0.013831 0.935973 0.029153 0.012533
2 2 0.007629 0.013354 0.953411 0.010472 0.015134
2 2 0.005919 0.008937 0.760542 0.216533 0.008070
2 2 0.012600 0.023522 0.883589 0.050526 0.029763
2 2 0.011748 0.018679 0.938406 0.018019 0.013147
2 2 0.011121 0.019377 0.907032 0.042186 0.020284
2 2 0.012392 0.021446 0.827723 0.116372 0.022066
2 2 0.009501 0.016281 0.947212 0.011326 0.015679
2 2 0.010978 0.016985 0.924904 0.035343 0.011791
2 2 0.012317 0.022166 0.904021 0.036973 0.024523
2 2 0.010304 0.016452 0.715265 0.243944 0.014034
2 2 0.008217 0.014007 0.932923 0.029672 0.015181
2 2 0.014431 0.024960 0.884408 0.053176 0.023025
2 2 0.009850 0.016473 0.927263 0.030921 0.015493
2 2 0.015764 0.028706 0.907440 0.019796 0.028294
2 2 0.021213 0.038075 0.879080 0.029481 0.032151
2 2 0.016212 0.032066 0.901861 0.010550 0.039312
2 2 0.009921 0.015944 0.680520 0.279561 0.014055
2 2 0.011454 0.020468 0.910456 0.034874 0.022748
2 2 0.009570 0.017682 0.855893 0.091612 0.025243
2 2 0.024566 0.053575 0.700083 0.134775 0.087001
2 2 0.008013 0.013215 0.697427 0.267328 0.014017
2 2 0.011830 0.021577 0.849853 0.089939 0.026801
2 2 0.010311 0.017861 0.929414 0.024185 0.018228
2 2 0.016332 0.028786 0.786972 0.139949 0.027961
2 2 0.014308 0.027273 0.523776 0.399871 0.034771
2 2 0.012452 0.026330 0.887022 0.025547 0.048648
2 2 0.009799 0.015061 0.827759 0.135839 0.011543
2 2 0.017313 0.031531 0.867599 0.051712 0.031845
2 2 0.010488 0.017497 0.794562 0.160195 0.017258
2 2 0.011111 0.018715 0.798523 0.153081 0.018570
2 2 0.017470 0.029638 0.728319 0.199976 0.024596
2 2 0.010329 0.015818 0.872829 0.089506 0.011519
2 2 0.010871 0.017022 0.795092 0.163693 0.013322
2 2 0.034939 0.064502 0.561120 0.289315 0.050125
2 2 0.007098 0.011472 0.560920 0.409022 0.011487
2 2 0.014547 0.025187 0.516212 0.421157 0.022896
2 2 0.009244 0.014928 0.910771 0.051791 0.013267
2 2 0.016920 0.032542 0.520113 0.390769 0.039655
2 2 0.032536 0.058625 0.630414 0.234223 0.044202
2 2 0.033578 0.062057 0.724243 0.129800 0.050323
2 2 0.013753 0.022938 0.636012 0.307625 0.019671
2 2 0.053394 0.063937 0.395070 0.315242 0.172357
2 2 0.033158 0.064950 0.502310 0.330829 0.068753
3 2 0.038765 0.034478 0.322660 0.561960 0.042137
2 2 0.012632 0.021080 0.609773 0.337857 0.018657
2 2 0.027357 0.046237 0.890440 0.009847 0.026119
2 2 0.017297 0.026005 0.934175 0.010321 0.012202
2 2 0.034268 0.055533 0.870335 0.014594 0.025270
2 2 0.021222 0.032835 0.921195 0.009369 0.015379
2 2 0.056506 0.103059 0.784133 0.018603 0.037699
2 2 0.027355 0.042137 0.905150 0.008214 0.017144
2 2 0.034950 0.058531 0.864077 0.013678 0.028764
2 2 0.031148 0.050005 0.886009 0.010386 0.022452
2 2 0.018800 0.031000 0.925881 0.005953 0.018366
2 2 0.016791 0.025540 0.942409 0.003637 0.011623
2 2 0.019872 0.030458 0.908862 0.025450 0.015357
2 2 0.032383 0.054643 0.885502 0.004159 0.023313
2 2 0.072526 0.134476 0.749669 0.006070 0.037259
2 2 0.016814 0.027450 0.931609 0.007320 0.016807
2 2 0.046658 0.078637 0.832098 0.013092 0.029515
2 0 0.097090 0.217117 0.639169 0.001975 0.044650
2 1 0.098651 0.198095 0.618572 0.019130 0.065552
2 1 0.015080 0.023414 0.942233 0.006683 0.012590
2 2 0.018688 0.029330 0.931942 0.005419 0.014621
2 2 0.027981 0.051352 0.887144 0.002284 0.031239
2 2 0.014901 0.023194 0.939166 0.009711 0.013028
2 2 0.018996 0.034811 0.916203 0.002560 0.027430
2 2 0.040923 0.092238 0.794193 0.001970 0.070676
2 2 0.018547 0.030692 0.921176 0.010252 0.019333
2 2 0.030495 0.058170 0.874034 0.002130 0.035171
2 2 0.057237 0.149454 0.679480 0.002079 0.111751
2 1 0.022784 0.035935 0.881333 0.040558 0.019389
2 1 0.096067 0.200855 0.658292 0.003282 0.041504
2 2 0.017697 0.029813 0.926012 0.006758 0.019721
2 2 0.022760 0.039999 0.902278 0.007499 0.027465
2 2 0.016071 0.025060 0.925023 0.019402 0.014444
2 2 0.012682 0.021176 0.936940 0.012635 0.016566
2 2 0.014713 0.025123 0.940115 0.002568 0.017481
2 2 0.019861 0.035044 0.917549 0.003264 0.024282
2 2 0.019844 0.038620 0.901510 0.003008 0.037019
2 2 0.022253 0.037005 0.901470 0.016621 0.022651
2 2 0.029411 0.053520 0.887228 0.002138 0.027702
2 2 0.020736 0.041919 0.897278 0.001230 0.038836
2 2 0.016247 0.027358 0.934048 0.004257 0.018091
2 2 0.045928 0.088778 0.807861 0.007342 0.050090
2 0 0.134692 0.332555 0.477305 0.002355 0.053092
0 0 0.799715 0.081570 0.057660 0.007511 0.053544
0 0 0.863800 0.057757 0.030970 0.005421 0.042053
0 0 0.962225 0.008788 0.004296 0.006933 0.017758
0 0 0.792649 0.064542 0.072462 0.014239 0.056107
0 0 0.905137 0.036310 0.016495 0.006632 0.035426
0 0 0.496237 0.341660 0.079551 0.003264 0.079289
0 0 0.837371 0.080096 0.027073 0.005674 0.049785
0 0 0.684731 0.198351 0.034200 0.006153 0.076565
1 0 0.173039 0.670452 0.092950 0.000925 0.062634
1 0 0.175620 0.619623 0.133811 0.001571 0.069376
0 0 0.598325 0.268472 0.057075 0.003195 0.072933
0 0 0.866663 0.054124 0.022938 0.007465 0.048809
0 0 0.671389 0.173093 0.050855 0.014956 0.089706
0 0 0.777036 0.117667 0.033645 0.007594 0.064058
1 0 0.174315 0.556775 0.183386 0.003668 0.081856
1 1 0.173202 0.544126 0.203382 0.002947 0.076344
0 0 0.395208 0.334837 0.175465 0.006254 0.088236
0 0 0.818253 0.075786 0.042396 0.009003 0.054562
0 0 0.825179 0.071571 0.030890 0.013558 0.058803
0 0 0.717174 0.132848 0.058170 0.013753 0.078055
0 0 0.487892 0.302967 0.127960 0.003795 0.077386
1 0 0.175243 0.620298 0.116636 0.003355 0.084469
1 0 0.174634 0.562059 0.176667 0.003771 0.082869
1 0 0.175494 0.593377 0.138821 0.004274 0.088034
1 1 0.173798 0.550230 0.167745 0.008161 0.100067
1 1 0.173056 0.536419 0.196881 0.005316 0.088327
1 1 0.174062 0.555368 0.190206 0.002973 0.077391
1 1 0.172141 0.531558 0.216823 0.003104 0.076374
2 1 0.110249 0.237184 0.585099 0.008255 0.059213
1 1 0.139961 0.418235 0.309087 0.006364 0.126354
2 2 0.096715 0.232483 0.606092 0.002265 0.062445
2 2 0.057772 0.106854 0.790654 0.005433 0.039287
2 2 0.080854 0.161632 0.702797 0.006221 0.048496
2 2 0.024335 0.046230 0.892432 0.003126 0.033877
2 2 0.019358 0.033973 0.922991 0.001605 0.022073
1 2 0.152744 0.420418 0.362612 0.002035 0.062191
2 2 0.136760 0.341599 0.466617 0.002168 0.052856
1 0 0.225894 0.438290 0.272826 0.001526 0.061464
1 1 0.175615 0.590512 0.151988 0.002846 0.079039
1 1 0.156108 0.411838 0.334558 0.009539 0.087957
2 2 0.148332 0.380812 0.394770 0.005090 0.070996
2 2 0.134285 0.325804 0.476214 0.003888 0.059810
2 2 0.015458 0.023798 0.948316 0.001521 0.010906
2 2 0.016143 0.025756 0.943021 0.001813 0.013267
2 2 0.025053 0.041537 0.911265 0.001997 0.020147
2 2 0.013053 0.019796 0.953318 0.003818 0.010014
2 2 0.021450 0.031714 0.927780 0.006720 0.012336
2 2 0.038556 0.060580 0.875161 0.005332 0.020372
2 2 0.018208 0.027208 0.937602 0.005380 0.011602
2 2 0.010630 0.015339 0.963436 0.003482 0.007113
2 2 0.025002 0.037647 0.919488 0.003936 0.013926
2 2 0.026354 0.038558 0.920248 0.002620 0.012219
2 2 0.022287 0.036759 0.919876 0.002353 0.018726
2 2 0.011410 0.017085 0.961008 0.002127 0.008370
2 2 0.015910 0.024918 0.942703 0.003636 0.012834
2 2 0.008224 0.012580 0.968395 0.002943 0.007857
2 2 0.016459 0.026565 0.939254 0.003015 0.014707
2 2 0.027870 0.044276 0.901187 0.007071 0.019596
2 2 0.022444 0.035222 0.922214 0.004268 0.015853
2 2 0.013722 0.021700 0.949993 0.002587 0.011997
2 2 0.010626 0.017715 0.957418 0.001608 0.012634
2 2 0.014883 0.022627 0.947803 0.003802 0.010885
2 2 0.015739 0.025077 0.919339 0.023902 0.015944
2 2 0.019389 0.029548 0.937529 0.001640 0.011894
2 2 0.007077 0.010033 0.958980 0.017953 0.005956
2 2 0.011063 0.016779 0.958479 0.004434 0.009245
2 2 0.012976 0.019433 0.942940 0.014172 0.010479
2 2 0.013775 0.023814 0.943254 0.001838 0.017319
2 2 0.014075 0.026053 0.933575 0.002243 0.024055
2 2 0.008455 0.013940 0.960770 0.005194 0.011642
2 2 0.016466 0.028857 0.929893 0.003433 0.021351
2 2 0.033849 0.073113 0.825323 0.003964 0.063751
2 2 0.012875 0.028341 0.910539 0.001350 0.046895
2 2 0.020079 0.046074 0.862133 0.002213 0.069500
4 4 0.062805 0.267616 0.154837 0.009744 0.504998
4 4 0.064508 0.092678 0.025320 0.002090 0.815404
4 4 0.089426 0.022374 0.006569 0.002986 0.878645
4 4 0.096910 0.119089 0.019627 0.001564 0.762811
4 4 0.060094 0.377970 0.057610 0.000989 0.503337
4 4 0.100125 0.034686 0.005276 0.001191 0.858722
4 4 0.125889 0.013577 0.002513 0.002014 0.856007
4 4 0.103437 0.030190 0.006999 0.002507 0.856867
1 4 0.069807 0.460903 0.046530 0.000648 0.422112
4 4 0.286417 0.011187 0.001990 0.005679 0.694727
4 4 0.094430 0.073863 0.014395 0.001864 0.815447
4 4 0.121740 0.033113 0.005943 0.002033 0.837171
4 4 0.247277 0.010708 0.002817 0.008957 0.730241
4 4 0.456496 0.003439 0.000531 0.007885 0.531649
4 4 0.263128 0.004990 0.001147 0.007120 0.723615
4 4 0.098874 0.010946 0.002898 0.002627 0.884655
4 4 0.139406 0.009994 0.001609 0.001758 0.847234
4 4 0.089098 0.046208 0.007034 0.001061 0.856600
4 4 0.087429 0.018531 0.002886 0.000961 0.890192
4 4 0.202602 0.012244 0.002368 0.004077 0.778709
4 4 0.111826 0.242806 0.024361 0.000942 0.620066
4 4 0.106441 0.035777 0.006331 0.001677 0.849774
4 4 0.135902 0.094274 0.010623 0.001231 0.757970
4 4 0.195768 0.014157 0.004699 0.009952 0.775425
4 4 0.314830 0.059283 0.004058 0.001576 0.620252
1 4 0.080990 0.524496 0.044132 0.000626 0.349756
0 4 0.437881 0.428949 0.008136 0.000616 0.124418
4 4 0.122669 0.188217 0.018366 0.000955 0.669792
4 4 0.090479 0.119714 0.013532 0.000750 0.775524
4 4 0.053445 0.250561 0.043623 0.000926 0.651444
4 4 0.136053 0.089237 0.008332 0.000887 0.765492
4 4 0.345026 0.010890 0.001770 0.006369 0.635945
4 4 0.185781 0.015858 0.002980 0.003552 0.791829
4 4 0.057440 0.113488 0.023656 0.001169 0.804247
4 4 0.246584 0.011155 0.002657 0.007563 0.732041
4 4 0.114339 0.013874 0.003620 0.003190 0.864977
4 4 0.096457 0.018143 0.004459 0.002375 0.878565
4 4 0.165971 0.071298 0.005863 0.000902 0.755965
4 4 0.077982 0.213962 0.023047 0.000639 0.684369
4 4 0.271172 0.006684 0.001502 0.007388 0.713254
4 4 0.114645 0.187881 0.015390 0.000646 0.681438
4 4 0.082696 0.026016 0.005483 0.001559 0.884246
4 4 0.113398 0.004903 0.001209 0.002548 0.877943
4 4 0.120164 0.015190 0.003375 0.002619 0.858651
4 4 0.302501 0.007475 0.001469 0.006961 0.681593
4 4 0.142151 0.044936 0.004842 0.001089 0.806982
4 4 0.111095 0.018303 0.003541 0.001905 0.865155
4 4 0.197116 0.012323 0.002335 0.003795 0.784430
4 4 0.399236 0.009707 0.002275 0.014682 0.574101
4 4 0.239996 0.018340 0.006230 0.014182 0.721252
4 4 0.298102 0.006455 0.001053 0.004879 0.689511
4 4 0.200655 0.018431 0.003425 0.003941 0.773548
4 4 0.210938 0.012745 0.002896 0.005701 0.767720
4 4 0.364258 0.010075 0.001814 0.008156 0.615697
4 4 0.202644 0.013597 0.003184 0.005721 0.774854
4 4 0.125654 0.045694 0.007921 0.002083 0.818648
4 4 0.285409 0.011822 0.001795 0.004339 0.696635
4 4 0.200603 0.007515 0.001877 0.005884 0.784121
4 4 0.147909 0.006239 0.001693 0.004392 0.839767
4 4 0.108652 0.011151 0.003854 0.004699 0.871643
4 4 0.250636 0.002976 0.000602 0.005041 0.740745
4 4 0.282369 0.003433 0.000547 0.004037 0.709614
4 4 0.077693 0.010983 0.002998 0.002018 0.906309
4 4 0.077765 0.038700 0.006832 0.001117 0.875586
4 4 0.037095 0.116810 0.020259 0.000487 0.825349
4 4 0.037785 0.025651 0.007219 0.000922 0.928423
4 4 0.129081 0.006220 0.001349 0.002497 0.860853
4 4 0.140400 0.008020 0.001797 0.003037 0.846746
4 4 0.036564 0.021955 0.004248 0.000458 0.936774
4 4 0.039232 0.044249 0.010867 0.000822 0.904830
4 4 0.030085 0.054761 0.011120 0.000434 0.903599
4 4 0.043577 0.290295 0.053114 0.000809 0.612204
4 4 0.033188 0.020735 0.006215 0.000847 0.939015
4 4 0.033460 0.060594 0.015981 0.000789 0.889176
4 4 0.056055 0.307735 0.049863 0.000928 0.585420
4 4 0.024847 0.163578 0.047821 0.000759 0.762994
4 4 0.033730 0.230638 0.050592 0.000743 0.684296
4 4 0.045654 0.258591 0.080754 0.002104 0.612896
4 4 0.048388 0.330965 0.048531 0.000660 0.571456
4 4 0.039124 0.011496 0.004314 0.001434 0.943633
4 4 0.102712 0.008020 0.002919 0.004590 0.881759
4 4 0.042836 0.017393 0.004839 0.001015 0.933916
4 4 0.061563 0.011501 0.003763 0.002040 0.921133
4 4 0.042473 0.264651 0.063572 0.001220 0.628084
4 4 0.035872 0.200896 0.084036 0.002386 0.676810
4 4 0.047042 0.292235 0.063271 0.001200 0.596252
4 4 0.037591 0.241820 0.059042 0.001043 0.660503
4 4 0.041456 0.253008 0.067237 0.001390 0.636909
4 4 0.036404 0.260878 0.044543 0.000550 0.657625
1 1 0.129390 0.489310 0.026240 0.000521 0.354538
4 1 0.043617 0.258747 0.072034 0.001622 0.623981
4 1 0.045719 0.283516 0.063827 0.001225 0.605712
4 1 0.054837 0.278321 0.111652 0.003128 0.552062
4 1 0.048255 0.250385 0.100139 0.003461 0.597760
4 1 0.040398 0.195050 0.120998 0.005402 0.638152
4 1 0.050209 0.327671 0.054751 0.000866 0.566503
4 1 0.033175 0.206315 0.064592 0.001310 0.694608
4 1 0.040815 0.232366 0.080389 0.002107 0.644323
4 1 0.039180 0.249242 0.060629 0.001103 0.649846
4 1 0.030718 0.090244 0.019130 0.000516 0.859392
4 1 0.040837 0.205731 0.108708 0.004287 0.640437
4 1 0.030535 0.171609 0.083021 0.002400 0.712435
4 1 0.050438 0.209203 0.131748 0.002029 0.606582
4 1 0.038041 0.239087 0.062667 0.001194 0.659011
4 1 0.045091 0.221251 0.135340 0.003180 0.595138
4 1 0.039620 0.205614 0.101233 0.003637 0.649895
4 1 0.043497 0.204433 0.202053 0.001707 0.548310
4 2 0.062981 0.280761 0.177702 0.003700 0.474855
4 2 0.044240 0.233550 0.096628 0.003209 0.622374
4 2 0.035869 0.160388 0.266324 0.001356 0.536064
4 2 0.048243 0.228175 0.125408 0.005904 0.592269
4 2 0.035860 0.153801 0.228985 0.003662 0.577692
4 2 0.048300 0.186975 0.330928 0.003059 0.430739
2 2 0.044644 0.142423 0.499771 0.004558 0.308604
2 2 0.013853 0.035051 0.860740 0.001354 0.089003
4 2 0.047839 0.186886 0.347561 0.002246 0.415467
2 2 0.056920 0.192159 0.392952 0.006649 0.351319
2 2 0.011656 0.028154 0.895483 0.000831 0.063875
2 2 0.011251 0.022871 0.920019 0.009810 0.036050
2 2 0.005528 0.011067 0.963547 0.000996 0.018862
2 2 0.005713 0.009150 0.967558 0.008996 0.008583
2 2 0.008579 0.017992 0.941089 0.001589 0.030750
2 2 0.005397 0.009548 0.971815 0.001874 0.011365
2 2 0.007134 0.014540 0.951688 0.001859 0.024780
2 2 0.004910 0.008916 0.970716 0.002923 0.012534
2 2 0.006913 0.014857 0.947325 0.001218 0.029687
2 2 0.003775 0.005749 0.966425 0.018315 0.005736
2 2 0.009140 0.019503 0.932397 0.002900 0.036060
2 2 0.008652 0.015333 0.946759 0.011931 0.017325
2 2 0.007399 0.011957 0.954939 0.014956 0.010747
2 2 0.012326 0.025031 0.922107 0.004839 0.035698
2 2 0.005375 0.008919 0.968268 0.007847 0.009592
2 2 0.004933 0.008852 0.968509 0.005215 0.012491
2 2 0.012871 0.026418 0.890770 0.026334 0.043607
2 2 0.011524 0.018823 0.945692 0.009966 0.013995
2 2 0.005020 0.007420 0.822932 0.157937 0.006692
2 2 0.006336 0.009620 0.924776 0.051104 0.008163
2 2 0.006487 0.009563 0.903697 0.072838 0.007414
2 2 0.019037 0.039910 0.811785 0.066605 0.062663
2 2 0.004999 0.007245 0.860595 0.121086 0.006075
2 2 0.009038 0.015397 0.905509 0.053441 0.016614
2 2 0.007790 0.012943 0.717356 0.247604 0.014307
2 2 0.014461 0.026792 0.826328 0.100218 0.032202
2 2 0.012107 0.021036 0.600357 0.344803 0.021696
2 2 0.010066 0.019427 0.719816 0.218786 0.031905
2 2 0.022053 0.045617 0.540488 0.328165 0.063677
2 2 0.011837 0.020832 0.666479 0.277757 0.023095
2 2 0.009645 0.017731 0.505887 0.443182 0.023555
2 2 0.012890 0.022384 0.827980 0.113870 0.022875
2 2 0.006998 0.011424 0.772155 0.196897 0.012526
2 2 0.018957 0.036592 0.590715 0.309653 0.044083
3 2 0.004390 0.007094 0.427685 0.552683 0.008148
3 2 0.008778 0.006450 0.258923 0.715522 0.010327
2 2 0.007649 0.012163 0.644078 0.324633 0.011477
3 2 0.007619 0.012774 0.452234 0.514055 0.013319
2 2 0.018474 0.041875 0.576746 0.275843 0.087062
2 2 0.035872 0.063392 0.670025 0.187714 0.042996
1 0 0.139389 0.447683 0.304814 0.001865 0.106248
2 1 0.083911 0.187784 0.563516 0.034524 0.130266
2 1 0.032337 0.058146 0.859640 0.011905 0.037973
2 2 0.015846 0.029960 0.924206 0.002034 0.027954
2 2 0.028481 0.053531 0.873643 0.004480 0.039865
2 2 0.015525 0.029475 0.921172 0.004062 0.029765
2 2 0.007640 0.012137 0.966462 0.004532 0.009229
2 2 0.005994 0.010390 0.970259 0.002197 0.011159
2 2 0.006844 0.010594 0.965309 0.009077 0.008176
2 2 0.007298 0.015742 0.941119 0.002682 0.033159
2 2 0.008892 0.014506 0.953842 0.010657 0.012102
2 2 0.009506 0.017020 0.916843 0.035907 0.020724
2 2 0.005734 0.007970 0.968619 0.012951 0.004725
2 2 0.010796 0.019375 0.944464 0.005800 0.019565
2 2 0.008230 0.015297 0.954600 0.003178 0.018696
2 2 0.008488 0.016573 0.944824 0.005448 0.024667
2 2 0.004818 0.007571 0.971064 0.009361 0.007186
2 2 0.006086 0.009762 0.923026 0.050953 0.010172
2 2 0.019183 0.041855 0.855647 0.015487 0.067828
2 2 0.005825 0.009182 0.967941 0.008966 0.008085
2 2 0.003386 0.005008 0.947228 0.039369 0.005009
