0 0 0.950839 0.009042 0.000575 0.000083 0.039461
0 0 0.970164 0.004332 0.000159 0.000016 0.025329
0 0 0.941650 0.010796 0.000879 0.000154 0.046521
0 0 0.945054 0.010620 0.000761 0.000118 0.043447
0 0 0.914624 0.019785 0.002278 0.000486 0.062827
0 0 0.871683 0.034229 0.006064 0.001723 0.086301
0 0 0.937613 0.012738 0.001048 0.000179 0.048423
0 0 0.938750 0.012408 0.001001 0.000168 0.047673
0 0 0.887967 0.028618 0.004395 0.001136 0.077885
0 0 0.799227 0.059819 0.016892 0.006550 0.117512
0 0 0.898443 0.025083 0.003472 0.000837 0.072164
0 0 0.908597 0.021732 0.002690 0.000602 0.066378
0 0 0.892316 0.027142 0.003998 0.001005 0.075540
0 0 0.875617 0.032863 0.005634 0.001567 0.084319
0 0 0.920283 0.017991 0.001925 0.000391 0.059411
0 0 0.877566 0.032188 0.005428 0.001493 0.083326
0 0 0.960575 0.003431 0.000202 0.000030 0.035763
0 0 0.895057 0.026218 0.003758 0.000927 0.074040
0 0 0.898009 0.025228 0.003508 0.000849 0.072406
0 0 0.917654 0.018820 0.002085 0.000433 0.061008
0 0 0.928330 0.015502 0.001480 0.000279 0.054410
0 0 0.921388 0.017644 0.001860 0.000374 0.058734
0 0 0.936349 0.013106 0.001102 0.000190 0.049253
0 0 0.912616 0.020430 0.002411 0.000523 0.064020
0 0 0.924262 0.016750 0.001697 0.000332 0.056959
0 0 0.911582 0.018865 0.002478 0.000604 0.066472
0 0 0.935170 0.011754 0.001137 0.000229 0.051710
0 0 0.938045 0.012612 0.001030 0.000175 0.048139
0 0 0.918959 0.013141 0.001935 0.000565 0.065400
0 0 0.888939 0.028287 0.004304 0.001106 0.077364
0 0 0.874712 0.033176 0.005732 0.001602 0.084778
0 0 0.916328 0.019241 0.002168 0.000456 0.061806
0 0 0.947719 0.009885 0.000672 0.000101 0.041624
0 0 0.921040 0.017753 0.001880 0.000379 0.058947
0 0 0.902033 0.023889 0.003183 0.000748 0.070146
0 0 0.901847 0.013661 0.002989 0.001255 0.080249
0 0 0.946826 0.010129 0.000701 0.000107 0.042237
0 0 0.961188 0.006328 0.000314 0.000038 0.032131
0 0 0.962425 0.006101 0.000289 0.000034 0.031150
0 0 0.937427 0.012792 0.001055 0.000180 0.048545
0 0 0.939068 0.011950 0.000985 0.000170 0.047826
0 0 0.938246 0.012554 0.001021 0.000173 0.048006
0 0 0.936761 0.012986 0.001084 0.000187 0.048983
0 0 0.936312 0.013117 0.001103 0.000191 0.049276
0 0 0.918445 0.016428 0.002025 0.000479 0.062623
0 0 0.943420 0.011077 0.000820 0.000130 0.044554
0 0 0.929432 0.015167 0.001424 0.000265 0.053712
0 0 0.946841 0.010126 0.000701 0.000106 0.042227
0 0 0.929082 0.015273 0.001442 0.000269 0.053933
0 0 0.943689 0.011001 0.000810 0.000128 0.044372
0 0 0.938109 0.012594 0.001027 0.000174 0.048097
0 0 0.933264 0.014017 0.001240 0.000222 0.051258
0 0 0.927367 0.015795 0.001530 0.000291 0.055017
0 0 0.921492 0.017612 0.001854 0.000372 0.058670
0 0 0.953418 0.008361 0.000501 0.000069 0.037651
0 0 0.949791 0.009323 0.000606 0.000088 0.040191
0 0 0.944067 0.010895 0.000796 0.000125 0.044116
0 0 0.933064 0.014076 0.001249 0.000224 0.051386
0 0 0.947023 0.010075 0.000694 0.000105 0.042102
0 0 0.940199 0.011991 0.000942 0.000156 0.046712
0 0 0.952892 0.008499 0.000516 0.000072 0.038021
0 0 0.950333 0.009178 0.000590 0.000085 0.039814
0 0 0.966964 0.005042 0.000208 0.000022 0.027764
0 0 0.955339 0.007863 0.000450 0.000060 0.036287
0 0 0.931273 0.014612 0.001334 0.000244 0.052537
0 0 0.940233 0.011981 0.000941 0.000156 0.046690
0 0 0.937629 0.012733 0.001047 0.000178 0.048412
0 0 0.944586 0.010750 0.000778 0.000122 0.043764
0 0 0.942818 0.011246 0.000842 0.000135 0.044959
0 0 0.942404 0.011363 0.000857 0.000138 0.045238
0 0 0.921222 0.017696 0.001870 0.000377 0.058836
0 0 0.927697 0.015694 0.001513 0.000287 0.054809
0 0 0.942028 0.011469 0.000872 0.000141 0.045490
0 0 0.943790 0.010973 0.000806 0.000128 0.044304
0 0 0.942227 0.011413 0.000864 0.000139 0.045356
0 0 0.938685 0.012427 0.001003 0.000169 0.047716
0 0 0.944907 0.010660 0.000767 0.000119 0.043546
0 0 0.940017 0.012043 0.000949 0.000157 0.046833
0 0 0.967170 0.004996 0.000204 0.000022 0.027608
0 0 0.951273 0.008927 0.000562 0.000080 0.039158
0 0 0.975513 0.003220 0.000095 0.000008 0.021163
0 0 0.971848 0.003972 0.000137 0.000013 0.024030
0 0 0.943634 0.011016 0.000812 0.000129 0.044409
0 0 0.884308 0.029868 0.004745 0.001254 0.079825
0 0 0.881835 0.030716 0.004990 0.001339 0.081121
0 0 0.953326 0.008385 0.000504 0.000070 0.037716
0 0 0.969691 0.004435 0.000166 0.000017 0.025691
0 0 0.954748 0.008015 0.000466 0.000063 0.036708
0 0 0.959693 0.006766 0.000346 0.000043 0.033152
0 0 0.943842 0.010958 0.000805 0.000127 0.044269
0 0 0.948538 0.009662 0.000645 0.000096 0.041059
0 0 0.966555 0.004689 0.000210 0.000025 0.028521
0 0 0.954782 0.008007 0.000465 0.000063 0.036684
0 0 0.947453 0.009958 0.000680 0.000102 0.041807
0 0 0.935982 0.013214 0.001117 0.000194 0.049493
0 0 0.965371 0.005245 0.000233 0.000027 0.029124
0 0 0.951015 0.008996 0.000570 0.000082 0.039339
0 0 0.952857 0.008508 0.000517 0.000072 0.038047
0 0 0.950555 0.009118 0.000583 0.000084 0.039659
0 0 0.952813 0.008520 0.000518 0.000072 0.038077
0 0 0.950926 0.009019 0.000572 0.000082 0.039401
0 0 0.954447 0.008093 0.000473 0.000064 0.036922
0 0 0.943973 0.010921 0.000800 0.000126 0.044180
0 0 0.935066 0.013483 0.001158 0.000203 0.050090
0 0 0.971182 0.004113 0.000146 0.000014 0.024545
0 0 0.969731 0.004426 0.000165 0.000017 0.025660
0 0 0.959342 0.006853 0.000354 0.000044 0.033407
0 0 0.969788 0.003309 0.000152 0.000020 0.026732
0 0 0.944187 0.010861 0.000792 0.000125 0.044035
0 0 0.953494 0.008341 0.000499 0.000069 0.037597
0 0 0.944651 0.010732 0.000776 0.000121 0.043720
0 0 0.951860 0.008771 0.000545 0.000077 0.038747
0 0 0.907935 0.021948 0.002738 0.000616 0.066763
0 0 0.953196 0.008419 0.000507 0.000070 0.037807
0 0 0.923134 0.017100 0.001760 0.000348 0.057658
0 0 0.964377 0.005639 0.000252 0.000029 0.029703
0 0 0.923811 0.016890 0.001722 0.000339 0.057239
0 0 0.898044 0.025216 0.003506 0.000848 0.072387
0 0 0.910010 0.021273 0.002590 0.000573 0.065554
0 0 0.946766 0.010146 0.000703 0.000107 0.042278
0 0 0.745807 0.084582 0.030462 0.009151 0.129998
2 0 0.098327 0.323733 0.352400 0.031134 0.194407
1 1 0.254291 0.280306 0.185798 0.023524 0.256081
4 1 0.230059 0.263328 0.086229 0.007507 0.412877
4 1 0.099107 0.158109 0.081217 0.006223 0.655344
4 1 0.048763 0.333302 0.141021 0.005744 0.471171
1 2 0.029868 0.366159 0.363852 0.014820 0.225302
2 2 0.040270 0.359470 0.372367 0.016916 0.210976
1 2 0.019753 0.388576 0.247297 0.006618 0.337756
2 2 0.031018 0.227746 0.632578 0.033406 0.075251
2 2 0.031978 0.357451 0.388203 0.017153 0.205215
2 2 0.051005 0.253598 0.545989 0.049873 0.099536
2 2 0.007572 0.050994 0.904670 0.025873 0.010891
2 2 0.020226 0.216243 0.663995 0.021273 0.078264
2 2 0.006376 0.044128 0.916239 0.023734 0.009523
2 2 0.003472 0.024443 0.947867 0.018294 0.005924
2 2 0.007092 0.043867 0.911981 0.026675 0.010386
2 2 0.001206 0.005127 0.950840 0.039437 0.003389
2 2 0.007680 0.064265 0.890691 0.021396 0.015969
2 2 0.000673 0.008774 0.981614 0.007258 0.001681
2 2 0.002204 0.018053 0.961930 0.013687 0.004127
2 2 0.002378 0.014739 0.953893 0.024097 0.004893
2 2 0.002820 0.021752 0.954608 0.015801 0.005019
2 2 0.003445 0.014610 0.932921 0.042098 0.006925
2 2 0.001486 0.011897 0.968730 0.014656 0.003230
2 2 0.000632 0.005819 0.978749 0.012992 0.001807
2 2 0.001926 0.007467 0.932378 0.053262 0.004967
2 2 0.000950 0.003896 0.942664 0.049423 0.003067
2 2 0.001781 0.004263 0.839422 0.148678 0.005856
2 2 0.001378 0.003204 0.827064 0.163306 0.005047
2 3 0.000908 0.002688 0.906398 0.086685 0.003322
2 3 0.001575 0.002992 0.796483 0.193348 0.005603
2 3 0.000711 0.003202 0.948916 0.044676 0.002495
3 3 0.002245 0.001086 0.241844 0.746816 0.008010
3 3 0.003245 0.001508 0.225837 0.759227 0.010182
2 3 0.000940 0.001500 0.756551 0.236915 0.004094
3 3 0.002926 0.001317 0.211662 0.774610 0.009485
2 3 0.001751 0.001704 0.547528 0.442255 0.006762
3 3 0.001130 0.000463 0.170363 0.823038 0.005005
3 3 0.004068 0.001975 0.246734 0.735369 0.011854
3 3 0.001730 0.000608 0.124455 0.866720 0.006486
3 3 0.001983 0.000639 0.103194 0.887192 0.006992
3 3 0.005890 0.001712 0.084172 0.894147 0.014079
3 3 0.001918 0.000558 0.081761 0.909058 0.006705
3 3 0.001817 0.000743 0.172080 0.818510 0.006850
3 3 0.002753 0.001468 0.269466 0.717062 0.009250
3 3 0.003199 0.001155 0.134342 0.851519 0.009784
3 3 0.002018 0.000589 0.082331 0.908124 0.006939
3 3 0.002490 0.000783 0.098277 0.890357 0.008092
3 3 0.002133 0.000642 0.088412 0.901569 0.007243
3 3 0.002361 0.000697 0.085058 0.904167 0.007717
3 3 0.001806 0.000586 0.104499 0.886528 0.006581
3 3 0.003139 0.000768 0.055442 0.931697 0.008954
3 3 0.002195 0.000573 0.063662 0.926405 0.007166
3 3 0.002784 0.000708 0.060570 0.927596 0.008341
3 3 0.002692 0.000996 0.140858 0.846693 0.008761
3 3 0.002928 0.000960 0.108460 0.878573 0.009079
3 3 0.001808 0.000511 0.076277 0.914993 0.006410
3 3 0.003659 0.001153 0.099790 0.884956 0.010443
3 3 0.002617 0.000842 0.103499 0.884642 0.008400
3 3 0.001849 0.000444 0.052227 0.939201 0.006279
3 3 0.000721 0.000221 0.089263 0.906251 0.003543
3 3 0.001188 0.000273 0.046405 0.947499 0.004634
3 3 0.002240 0.000552 0.055689 0.934347 0.007171
3 3 0.001294 0.000416 0.101104 0.891917 0.005268
3 3 0.002065 0.000712 0.119864 0.870089 0.007270
3 3 0.001697 0.000460 0.068979 0.922771 0.006092
3 3 0.003069 0.000816 0.067323 0.919810 0.008983
3 3 0.002441 0.000518 0.039150 0.950559 0.007332
3 3 0.001079 0.000416 0.149376 0.844317 0.004813
3 3 0.002546 0.000731 0.080038 0.908618 0.008068
3 3 0.003990 0.001080 0.070643 0.913561 0.010727
3 3 0.001935 0.000480 0.056425 0.934641 0.006518
3 3 0.002405 0.000606 0.058888 0.930547 0.007554
3 3 0.003218 0.000827 0.062198 0.924557 0.009200
3 3 0.003418 0.000780 0.047154 0.939325 0.009323
3 3 0.002395 0.000556 0.048511 0.941144 0.007394
3 3 0.001864 0.000509 0.070568 0.920564 0.006494
3 3 0.001206 0.000336 0.072679 0.920893 0.004886
3 3 0.002270 0.000527 0.048532 0.941532 0.007138
3 3 0.001792 0.000415 0.047664 0.944033 0.006096
3 3 0.001993 0.000392 0.032337 0.958985 0.006292
3 3 0.002405 0.000416 0.023905 0.966370 0.006905
3 3 0.001831 0.000457 0.057181 0.934239 0.006292
3 3 0.001330 0.000305 0.046103 0.947273 0.004990
3 3 0.002573 0.000655 0.060533 0.928321 0.007918
3 3 0.001518 0.000357 0.049119 0.943526 0.005480
3 3 0.077068 0.021072 0.144909 0.678236 0.078715
3 3 0.004798 0.002563 0.292458 0.686914 0.013268
2 3 0.000873 0.002000 0.823824 0.169544 0.003759
2 3 0.003336 0.004258 0.653663 0.328728 0.010016
2 2 0.001437 0.005371 0.929617 0.059380 0.004195
2 2 0.002530 0.005996 0.858081 0.126342 0.007050
2 2 0.001208 0.006025 0.944364 0.044798 0.003606
2 2 0.003012 0.022835 0.952443 0.016424 0.005287
2 2 0.004849 0.029100 0.935738 0.022612 0.007700
2 2 0.006006 0.026085 0.908850 0.048592 0.010467
2 2 0.001471 0.014239 0.967680 0.013391 0.003218
2 2 0.013889 0.060703 0.872334 0.035887 0.017186
0 0 0.692957 0.106649 0.046712 0.013322 0.140360
0 0 0.430155 0.205235 0.094809 0.015788 0.254013
1 2 0.201845 0.319225 0.239083 0.015663 0.224184
2 2 0.303901 0.226524 0.316877 0.021929 0.130769
2 2 0.052571 0.351548 0.367550 0.020101 0.208229
0 2 0.293413 0.268903 0.171953 0.020918 0.244813
0 2 0.488413 0.198584 0.118849 0.016058 0.178096
2 2 0.038155 0.310957 0.491748 0.028124 0.131016
2 2 0.023377 0.289352 0.580625 0.019067 0.087579
0 0 0.534945 0.183857 0.123762 0.015622 0.141814
0 0 0.788684 0.066845 0.019900 0.006100 0.118470
0 0 0.648556 0.121831 0.048524 0.011444 0.169646
0 0 0.697577 0.104677 0.040238 0.009818 0.147691
1 0 0.224366 0.285449 0.245040 0.032544 0.212600
2 2 0.107355 0.314018 0.386559 0.031013 0.161055
2 2 0.135399 0.314712 0.343533 0.028925 0.177431
2 2 0.164190 0.296610 0.308304 0.039255 0.191641
2 2 0.083865 0.317394 0.401661 0.032480 0.164600
2 2 0.114217 0.307067 0.417216 0.027476 0.134024
2 2 0.034230 0.223077 0.648947 0.040315 0.053430
2 2 0.006183 0.049981 0.912905 0.020932 0.010000
2 2 0.003108 0.030555 0.946935 0.014034 0.005369
2 2 0.019520 0.153536 0.762290 0.030620 0.034033
2 2 0.014819 0.163202 0.761063 0.020758 0.040158
2 2 0.001759 0.018663 0.965639 0.010511 0.003428
2 2 0.001978 0.019506 0.963163 0.011586 0.003768
2 2 0.005984 0.040095 0.921207 0.023638 0.009076
2 2 0.010217 0.116475 0.828981 0.018436 0.025892
2 2 0.014482 0.044039 0.906134 0.019500 0.015845
2 2 0.014322 0.199346 0.708168 0.015894 0.062270
2 2 0.002305 0.023744 0.957697 0.012013 0.004242
2 2 0.012019 0.156420 0.773279 0.016719 0.041563
2 2 0.010068 0.077151 0.881269 0.011689 0.019823
2 2 0.146865 0.230637 0.476381 0.036195 0.109922
0 0 0.860544 0.042164 0.008155 0.001451 0.087687
0 0 0.870921 0.039109 0.006978 0.001034 0.081957
0 0 0.904028 0.024267 0.003173 0.000597 0.067935
0 0 0.789038 0.068896 0.020448 0.005227 0.116391
0 0 0.807390 0.057464 0.015547 0.005589 0.114011
1 1 0.163270 0.313074 0.280230 0.027403 0.216023
4 2 0.248945 0.277726 0.132879 0.014256 0.326194
0 2 0.457847 0.198779 0.075128 0.008469 0.259777
2 2 0.099197 0.314550 0.377469 0.034766 0.174017
2 2 0.040839 0.345961 0.399309 0.021563 0.192328
1 2 0.094265 0.357364 0.305953 0.014841 0.227576
2 2 0.022266 0.301875 0.562347 0.016976 0.096536
2 2 0.024528 0.141917 0.753346 0.041299 0.038909
2 2 0.017556 0.146717 0.770257 0.023904 0.041566
2 2 0.004507 0.058169 0.913241 0.012836 0.011246
2 2 0.003297 0.026070 0.948368 0.016597 0.005667
2 2 0.002687 0.023124 0.954960 0.014415 0.004814
2 2 0.057879 0.125546 0.739812 0.032255 0.044509
0 1 0.648211 0.119980 0.057505 0.018887 0.155417
2 1 0.033425 0.285959 0.555397 0.028282 0.096937
2 2 0.052765 0.303046 0.502211 0.027159 0.114819
2 2 0.005425 0.055795 0.911484 0.016510 0.010786
2 2 0.008616 0.055349 0.895891 0.028086 0.012058
2 2 0.000982 0.013708 0.976317 0.006847 0.002146
2 2 0.002926 0.027858 0.950109 0.013979 0.005128
2 2 0.001891 0.021345 0.962735 0.010408 0.003620
2 2 0.004044 0.032125 0.939174 0.018009 0.006647
2 2 0.119757 0.305432 0.417961 0.026632 0.130218
2 2 0.004758 0.043619 0.926250 0.017361 0.008011
2 2 0.003335 0.025205 0.950835 0.015010 0.005614
2 2 0.002249 0.023053 0.958611 0.011926 0.004161
2 2 0.001654 0.017293 0.967451 0.010335 0.003267
2 2 0.001049 0.013932 0.975479 0.007276 0.002265
2 2 0.001393 0.013535 0.972465 0.009759 0.002848
2 2 0.002858 0.019947 0.960473 0.011896 0.004826
0 1 0.628788 0.132844 0.071127 0.018886 0.148355
2 1 0.039297 0.366484 0.368538 0.014186 0.211494
2 2 0.009889 0.086850 0.860546 0.022640 0.020074
2 2 0.014663 0.094318 0.838704 0.027333 0.024983
2 2 0.000647 0.009982 0.982472 0.005359 0.001540
2 2 0.006189 0.053370 0.908804 0.019564 0.012073
2 2 0.001456 0.015926 0.970159 0.009507 0.002952
2 2 0.000970 0.013119 0.976831 0.006952 0.002128
2 2 0.001375 0.015503 0.971206 0.009096 0.002819
2 2 0.001275 0.015983 0.971876 0.008218 0.002647
2 2 0.000652 0.008614 0.983224 0.005951 0.001558
2 2 0.001971 0.018207 0.963980 0.012075 0.003766
2 2 0.000855 0.008048 0.977693 0.011277 0.002127
2 2 0.004245 0.029128 0.944187 0.015754 0.006685
0 2 0.411528 0.226882 0.165502 0.021516 0.174572
2 2 0.029981 0.289315 0.560028 0.024818 0.095859
2 2 0.031384 0.212749 0.659248 0.037363 0.059257
2 1 0.219923 0.256000 0.377737 0.039641 0.106699
2 2 0.026722 0.280391 0.585315 0.023023 0.084548
2 2 0.003678 0.026971 0.944917 0.018245 0.006189
2 2 0.004033 0.031522 0.939629 0.018180 0.006636
2 2 0.014277 0.046701 0.893473 0.028856 0.016692
0 2 0.536722 0.171637 0.117201 0.024246 0.150195
0 0 0.820130 0.065220 0.016181 0.001626 0.096843
0 0 0.891166 0.027098 0.003814 0.000895 0.077027
0 0 0.837245 0.046865 0.009806 0.002556 0.103528
0 0 0.862036 0.037946 0.007255 0.002072 0.090690
0 0 0.765953 0.077069 0.025478 0.007276 0.124224
0 0 0.891270 0.027496 0.004091 0.001035 0.076108
0 0 0.577699 0.146143 0.060377 0.013659 0.202122
4 1 0.132814 0.326737 0.184520 0.015575 0.340354
1 2 0.236536 0.298769 0.181564 0.015556 0.267576
2 2 0.027283 0.274584 0.595218 0.023396 0.079519
2 2 0.018463 0.273728 0.611593 0.015549 0.080667
2 2 0.004667 0.036950 0.931585 0.019038 0.007760
2 2 0.005169 0.076032 0.889192 0.011807 0.017801
2 2 0.004906 0.032830 0.932664 0.021824 0.007776
2 2 0.003855 0.037986 0.935064 0.014808 0.008286
2 2 0.001710 0.018527 0.966168 0.010244 0.003350
2 2 0.002139 0.014952 0.959148 0.019397 0.004365
2 2 0.006048 0.041432 0.916375 0.024180 0.011966
2 2 0.001736 0.017200 0.966741 0.010924 0.003399
2 2 0.002027 0.022757 0.960638 0.010754 0.003823
2 2 0.000876 0.012332 0.978346 0.006484 0.001962
2 2 0.002034 0.016750 0.962334 0.014871 0.004012
2 2 0.001498 0.019163 0.967654 0.008684 0.003001
2 2 0.013466 0.056344 0.874562 0.038674 0.016953
2 2 0.004290 0.061854 0.907496 0.011164 0.015195
2 2 0.001017 0.014089 0.975696 0.006990 0.002208
2 2 0.006659 0.066980 0.895506 0.018140 0.012715
2 2 0.001172 0.014148 0.974076 0.008124 0.002480
2 2 0.001522 0.016155 0.969389 0.009876 0.003058
2 2 0.001690 0.017150 0.967196 0.010638 0.003327
2 2 0.000600 0.009061 0.983622 0.005263 0.001453
2 2 0.001472 0.016425 0.969472 0.009637 0.002994
2 2 0.106861 0.239980 0.535258 0.047117 0.070784
2 2 0.012049 0.192376 0.704097 0.012829 0.078649
2 2 0.003805 0.032646 0.940222 0.016542 0.006785
2 2 0.002447 0.021340 0.958002 0.013739 0.004472
2 2 0.000705 0.008641 0.981361 0.007557 0.001737
2 2 0.000561 0.006786 0.983046 0.008086 0.001520
2 2 0.000829 0.010366 0.980082 0.006837 0.001885
2 2 0.001113 0.013220 0.975210 0.008071 0.002386
2 2 0.001076 0.010253 0.974054 0.012084 0.002533
2 2 0.001009 0.008026 0.974285 0.014206 0.002473
2 2 0.001180 0.013796 0.973717 0.008772 0.002534
2 2 0.001600 0.017784 0.967649 0.009790 0.003176
2 2 0.007365 0.097615 0.855530 0.014324 0.025166
2 2 0.000542 0.005154 0.981526 0.011205 0.001572
2 2 0.003007 0.025772 0.948006 0.017714 0.005500
2 2 0.003477 0.028699 0.945058 0.016308 0.006459
2 2 0.004362 0.033282 0.936067 0.019001 0.007289
2 2 0.009991 0.116403 0.812258 0.016583 0.044765
2 2 0.016398 0.341714 0.357294 0.008741 0.275853
1 2 0.013179 0.406302 0.272564 0.004262 0.303693
4 4 0.038277 0.294309 0.118198 0.003670 0.545545
4 4 0.011595 0.146073 0.118027 0.003873 0.720432
1 4 0.033148 0.387542 0.246146 0.007364 0.325800
4 4 0.004789 0.141763 0.133730 0.003049 0.716668
2 4 0.013693 0.359924 0.375624 0.006578 0.244180
4 4 0.011625 0.127635 0.122034 0.004941 0.733765
4 4 0.010973 0.271644 0.150641 0.003287 0.563455
4 4 0.055536 0.326533 0.086892 0.002181 0.528856
4 4 0.018891 0.205709 0.097581 0.002280 0.675539
4 4 0.030709 0.178018 0.088812 0.002980 0.699481
4 4 0.017817 0.300019 0.156608 0.004476 0.521081
4 4 0.002915 0.077303 0.099287 0.002348 0.818147
4 4 0.005863 0.022230 0.039498 0.002214 0.930196
4 4 0.010328 0.074769 0.079536 0.003300 0.832067
4 4 0.006222 0.045248 0.075053 0.003962 0.869515
4 4 0.011950 0.270773 0.130765 0.002486 0.584026
4 4 0.201566 0.266680 0.076387 0.005297 0.450070
4 4 0.117961 0.303981 0.093583 0.004827 0.479648
4 4 0.016804 0.158944 0.113211 0.004039 0.707002
4 4 0.011268 0.325007 0.169601 0.003727 0.490397
4 4 0.034042 0.299958 0.080284 0.001415 0.584302
4 4 0.004272 0.006344 0.012410 0.000682 0.976293
4 4 0.006076 0.033650 0.041994 0.001520 0.916760
4 4 0.127314 0.292021 0.075885 0.003254 0.501526
4 4 0.003352 0.065669 0.073961 0.001601 0.855417
4 4 0.013819 0.127666 0.077770 0.001940 0.778805
0 4 0.638374 0.113343 0.035358 0.009430 0.203494
4 4 0.007063 0.135095 0.173606 0.007713 0.676523
4 4 0.003505 0.238254 0.153269 0.001892 0.603080
4 4 0.003535 0.043872 0.054997 0.001410 0.896186
4 4 0.008000 0.100213 0.080469 0.001991 0.809328
4 4 0.007486 0.233636 0.140413 0.002553 0.615912
4 4 0.062599 0.339334 0.137637 0.006848 0.453582
4 4 0.006925 0.166445 0.142061 0.003679 0.680890
4 2 0.013688 0.112083 0.121255 0.006347 0.746627
4 2 0.006955 0.190804 0.141322 0.003107 0.657812
4 2 0.073443 0.339709 0.132211 0.005974 0.448664
4 2 0.007746 0.242169 0.166454 0.003771 0.579860
4 2 0.121481 0.309927 0.119960 0.008787 0.439845
4 4 0.005749 0.194654 0.158841 0.003549 0.637208
4 4 0.007728 0.149696 0.098135 0.001883 0.742558
4 4 0.021765 0.316720 0.160310 0.005129 0.496077
1 4 0.027441 0.386379 0.202572 0.005166 0.378442
4 4 0.001915 0.111455 0.144402 0.002726 0.739502
4 4 0.006268 0.161806 0.163325 0.004973 0.663628
4 4 0.003063 0.066245 0.067903 0.001229 0.861560
4 4 0.011921 0.352597 0.151717 0.002732 0.481033
4 2 0.024409 0.366477 0.183750 0.006630 0.418735
4 2 0.009925 0.275611 0.188632 0.005240 0.520592
4 2 0.004703 0.158449 0.195295 0.006520 0.635034
4 2 0.016357 0.349079 0.227162 0.006437 0.400966
4 2 0.012301 0.360498 0.233955 0.004596 0.388649
1 2 0.027535 0.374203 0.337529 0.012544 0.248188
2 2 0.016685 0.334817 0.457463 0.009228 0.181808
4 2 0.027509 0.334121 0.155333 0.005280 0.477758
2 2 0.006877 0.092926 0.857781 0.013416 0.029001
2 2 0.006506 0.177628 0.731788 0.006651 0.077426
2 2 0.000992 0.011067 0.976334 0.009326 0.002282
2 2 0.003698 0.033606 0.940642 0.015886 0.006168
2 2 0.066222 0.232972 0.547622 0.074088 0.079097
2 2 0.025743 0.340670 0.458743 0.015559 0.159284
2 2 0.008072 0.134037 0.810438 0.012072 0.035381
2 2 0.007881 0.060740 0.894644 0.023483 0.013253
2 2 0.009752 0.051230 0.891953 0.033694 0.013372
2 2 0.008728 0.051315 0.897792 0.029944 0.012221
2 2 0.016703 0.072472 0.843609 0.046857 0.020359
2 2 0.003448 0.013302 0.920123 0.055728 0.007399
2 2 0.014095 0.151184 0.751242 0.021565 0.061915
2 2 0.001540 0.011681 0.967526 0.015895 0.003357
2 2 0.017673 0.084851 0.830758 0.044294 0.022423
2 2 0.006640 0.064509 0.895026 0.018028 0.015797
2 2 0.005210 0.041912 0.924981 0.019804 0.008093
2 2 0.002329 0.017341 0.961091 0.014914 0.004325
2 2 0.001693 0.010597 0.954106 0.029461 0.004144
2 2 0.003120 0.013865 0.933536 0.042910 0.006568
2 2 0.002632 0.025863 0.953690 0.013100 0.004715
2 2 0.003701 0.030655 0.940852 0.018441 0.006351
2 2 0.000877 0.004197 0.947124 0.044902 0.002899
2 2 0.001662 0.010202 0.956422 0.027705 0.004009
2 2 0.012095 0.042574 0.848659 0.078225 0.018446
2 2 0.008466 0.020360 0.822651 0.132569 0.015953
2 2 0.001647 0.006641 0.926800 0.060247 0.004665
2 2 0.005545 0.008660 0.721252 0.251082 0.013461
2 3 0.022953 0.029500 0.571230 0.340088 0.036228
2 3 0.002891 0.004707 0.726939 0.256613 0.008849
2 3 0.032867 0.036464 0.540045 0.345584 0.045040
2 3 0.005109 0.009914 0.763416 0.209022 0.012538
2 3 0.004784 0.005668 0.558009 0.418157 0.013383
2 3 0.003971 0.004670 0.587980 0.391760 0.011620
2 3 0.004690 0.004785 0.504500 0.472719 0.013306
3 3 0.004606 0.001953 0.189871 0.790855 0.012715
3 3 0.004642 0.002821 0.300904 0.678420 0.013212
3 3 0.018112 0.015075 0.422407 0.512295 0.032111
3 3 0.014867 0.014568 0.470874 0.471348 0.028343
3 3 0.007420 0.003092 0.184675 0.787451 0.017362
3 3 0.011169 0.008196 0.330109 0.626600 0.023926
3 3 0.014540 0.005640 0.148921 0.804164 0.026735
2 3 0.106092 0.109210 0.375126 0.316631 0.092942
3 3 0.005327 0.002239 0.186965 0.791490 0.013979
3 3 0.006031 0.002003 0.113564 0.863742 0.014660
3 3 0.005072 0.001602 0.101229 0.879134 0.012963
3 3 0.004286 0.001342 0.098839 0.883953 0.011580
3 3 0.017607 0.007057 0.171060 0.773901 0.030376
3 3 0.011346 0.004256 0.149124 0.812648 0.022626
3 3 0.039212 0.018651 0.226737 0.663922 0.051478
3 3 0.003228 0.001345 0.175297 0.810086 0.010044
2 3 0.002802 0.009874 0.883284 0.096603 0.007436
2 3 0.001932 0.009383 0.935279 0.048391 0.005014
3 3 0.003734 0.002867 0.437823 0.544253 0.011323
2 3 0.004645 0.006948 0.693916 0.282218 0.012273
2 3 0.004258 0.009698 0.818278 0.157242 0.010524
2 3 0.010737 0.016534 0.680506 0.270983 0.021239
3 3 0.004153 0.001908 0.221893 0.760077 0.011969
3 3 0.005136 0.002433 0.231044 0.747577 0.013809
2 3 0.002796 0.003531 0.640655 0.344018 0.009001
3 3 0.002969 0.001017 0.119446 0.867337 0.009232
2 3 0.003146 0.003004 0.497312 0.486359 0.010179
3 3 0.010100 0.003332 0.112846 0.853172 0.020550
3 3 0.006227 0.001715 0.074387 0.903227 0.014444
3 3 0.002280 0.000663 0.082045 0.907494 0.007518
3 3 0.003678 0.000884 0.053418 0.932115 0.009905
3 3 0.006575 0.002274 0.124380 0.851145 0.015626
3 3 0.003498 0.001269 0.135918 0.848929 0.010386
3 3 0.002316 0.000572 0.056212 0.933564 0.007336
3 3 0.003407 0.000895 0.065588 0.920508 0.009602
3 3 0.004009 0.001002 0.058734 0.925676 0.010578
3 3 0.001770 0.000769 0.192370 0.798307 0.006784
3 3 0.007436 0.002165 0.084842 0.889138 0.016419
3 3 0.001977 0.000519 0.064480 0.926329 0.006695
3 3 0.002675 0.000813 0.091046 0.897036 0.008430
3 3 0.003871 0.001281 0.111389 0.872522 0.010936
3 3 0.002173 0.000713 0.107672 0.881988 0.007453
3 3 0.003652 0.001551 0.182832 0.801043 0.010922
3 3 0.004048 0.001060 0.065538 0.918597 0.010756
3 3 0.005860 0.001861 0.102782 0.875225 0.014272
3 3 0.003114 0.001073 0.121250 0.865025 0.009538
3 3 0.006477 0.002105 0.108387 0.867723 0.015308
3 3 0.002264 0.000674 0.086599 0.902943 0.007519
3 3 0.002007 0.000607 0.089320 0.901105 0.006962
3 3 0.007073 0.002126 0.091136 0.883677 0.015988
3 3 0.001770 0.000490 0.072542 0.918907 0.006291
3 3 0.004573 0.001174 0.062707 0.919941 0.011606
3 3 0.002539 0.000708 0.074824 0.913924 0.008004
3 3 0.001265 0.000277 0.041385 0.952297 0.004776
3 3 0.002118 0.000646 0.091192 0.898816 0.007228
3 3 0.009253 0.002622 0.080039 0.889230 0.018856
3 3 0.002914 0.000838 0.080625 0.906797 0.008825
3 3 0.002776 0.000880 0.100459 0.887175 0.008710
3 3 0.004197 0.001105 0.066396 0.917273 0.011028
3 3 0.003933 0.001062 0.070333 0.914050 0.010622
3 2 0.139940 0.064608 0.285152 0.396364 0.113936
3 2 0.002641 0.000826 0.097218 0.890909 0.008406
3 2 0.007035 0.004987 0.384804 0.585879 0.017295
2 2 0.002747 0.005827 0.805468 0.177901 0.008056
2 2 0.004745 0.015215 0.887094 0.082991 0.009955
2 2 0.003298 0.004532 0.666641 0.315584 0.009945
2 2 0.012630 0.073633 0.862833 0.034661 0.016243
2 2 0.003128 0.026225 0.949591 0.015627 0.005428
2 2 0.001170 0.004038 0.915583 0.075341 0.003868
2 2 0.011461 0.125516 0.808407 0.019076 0.035540
2 2 0.000980 0.012010 0.977066 0.007765 0.002179
2 2 0.008497 0.077621 0.871348 0.020215 0.022319
2 2 0.001034 0.006621 0.962289 0.027129 0.002927
2 2 0.001811 0.007944 0.929441 0.055877 0.004927
2 2 0.003431 0.019300 0.934039 0.036316 0.006914
2 2 0.006138 0.029942 0.912262 0.041338 0.010321
2 2 0.000680 0.002447 0.909314 0.084752 0.002807
2 2 0.001413 0.005839 0.923575 0.064853 0.004320
2 2 0.002554 0.006321 0.857830 0.126154 0.007140
2 2 0.005206 0.011963 0.831035 0.140136 0.011660
2 2 0.024538 0.057296 0.771659 0.115539 0.030968
2 2 0.005789 0.041860 0.921355 0.022177 0.008820
2 2 0.001414 0.012662 0.967407 0.015298 0.003218
2 2 0.002239 0.023020 0.958710 0.011883 0.004147
2 2 0.001983 0.007628 0.920153 0.064886 0.005351
2 2 0.003175 0.012253 0.919812 0.057686 0.007074
2 2 0.002016 0.018429 0.961308 0.014244 0.004002
2 2 0.000338 0.003421 0.984893 0.010219 0.001129
2 2 0.001261 0.008866 0.962595 0.024006 0.003272
2 2 0.000531 0.005880 0.981915 0.010132 0.001542
2 2 0.001398 0.012569 0.965997 0.016755 0.003281
2 2 0.000942 0.008674 0.972908 0.015021 0.002456
2 2 0.000532 0.001889 0.909468 0.085723 0.002388
2 2 0.002027 0.006042 0.878648 0.107262 0.006021
2 2 0.000367 0.002647 0.973996 0.021587 0.001403
2 2 0.002902 0.022035 0.952738 0.017105 0.005220
2 2 0.000458 0.002026 0.938017 0.057501 0.001997
2 2 0.001023 0.003442 0.910458 0.081472 0.003604
2 2 0.002490 0.012689 0.941618 0.037639 0.005563
2 2 0.000548 0.003448 0.965344 0.028713 0.001948
2 2 0.000998 0.004673 0.941395 0.049692 0.003241
2 2 0.000834 0.004480 0.951882 0.040041 0.002762
2 2 0.001041 0.007106 0.966358 0.022674 0.002821
2 2 0.001751 0.009195 0.933080 0.051144 0.004830
2 2 0.000960 0.004842 0.945383 0.045696 0.003119
2 2 0.006050 0.036066 0.914114 0.032208 0.011562
2 2 0.000649 0.006769 0.977677 0.013029 0.001876
2 2 0.002142 0.009439 0.930946 0.052073 0.005401
2 2 0.003641 0.016226 0.919949 0.052475 0.007709
2 2 0.003050 0.005053 0.744803 0.238087 0.009007
2 2 0.006134 0.053841 0.892566 0.026356 0.021102
2 2 0.000992 0.003325 0.906500 0.085606 0.003578
2 2 0.000808 0.004797 0.956659 0.035092 0.002645
2 2 0.000959 0.005304 0.953285 0.037464 0.002987
2 2 0.003139 0.007153 0.805229 0.175613 0.008866
2 2 0.002330 0.002848 0.636673 0.350178 0.007972
2 2 0.010125 0.029470 0.836789 0.106242 0.017374
2 2 0.002644 0.006141 0.830805 0.152776 0.007634
2 2 0.000689 0.003295 0.944222 0.049259 0.002535
2 2 0.003593 0.013088 0.903852 0.071378 0.008088
2 2 0.003966 0.010007 0.842530 0.133749 0.009748
2 2 0.000819 0.003898 0.938053 0.054308 0.002922
2 2 0.003105 0.007473 0.846328 0.134847 0.008246
2 2 0.001374 0.004649 0.912705 0.076956 0.004317
2 2 0.002846 0.003694 0.638473 0.345829 0.009158
2 2 0.005118 0.006554 0.641007 0.333958 0.013364
2 2 0.000761 0.002008 0.860083 0.133867 0.003281
2 2 0.001373 0.002836 0.812906 0.177822 0.005063
2 2 0.002868 0.004430 0.704726 0.279045 0.008931
2 2 0.001616 0.001972 0.629036 0.361076 0.006301
2 2 0.006990 0.007283 0.586273 0.382885 0.016569
2 2 0.001728 0.003870 0.836495 0.152190 0.005717
2 2 0.030521 0.088164 0.755141 0.091721 0.034453
2 2 0.001129 0.005033 0.939333 0.050990 0.003516
2 2 0.002677 0.013601 0.936312 0.041414 0.005996
2 2 0.000273 0.002152 0.973326 0.023056 0.001192
2 2 0.000663 0.004172 0.965433 0.027548 0.002184
2 2 0.019999 0.099377 0.789403 0.051334 0.039887
2 2 0.009400 0.068186 0.879402 0.025734 0.017278
2 2 0.021154 0.154692 0.692208 0.042912 0.089034
1 2 0.021714 0.369347 0.334759 0.010202 0.263977
2 2 0.009281 0.082631 0.862564 0.021597 0.023927
2 2 0.025598 0.215240 0.647301 0.027562 0.084298
2 2 0.035806 0.225611 0.442050 0.055090 0.241442
4 4 0.010824 0.088518 0.182458 0.019352 0.698849
4 4 0.015671 0.159955 0.310941 0.032059 0.481374
2 4 0.019125 0.350337 0.453593 0.010603 0.166343
2 1 0.011434 0.092033 0.848006 0.025215 0.023312
2 1 0.022996 0.363136 0.420313 0.012203 0.181353
4 2 0.014140 0.283923 0.336501 0.011997 0.353438
4 4 0.007969 0.211656 0.325496 0.011813 0.443066
4 4 0.007871 0.148143 0.249296 0.018035 0.576655
1 4 0.021808 0.383286 0.343489 0.009486 0.241932
1 4 0.017239 0.389466 0.360854 0.007372 0.225068
2 2 0.008772 0.127638 0.809771 0.014416 0.039403
2 2 0.012627 0.129697 0.791594 0.020045 0.046037
2 2 0.001179 0.010822 0.971677 0.013556 0.002766
2 2 0.006549 0.099500 0.825115 0.018794 0.050041
2 2 0.001171 0.015056 0.973505 0.007795 0.002473
2 2 0.001557 0.008440 0.947309 0.038553 0.004141
2 2 0.002969 0.022163 0.951777 0.017748 0.005343
2 2 0.002179 0.018484 0.961933 0.013318 0.004086
2 2 0.001095 0.014980 0.974310 0.007274 0.002341
2 2 0.001334 0.016733 0.970814 0.008376 0.002743
2 2 0.001344 0.016589 0.970814 0.008492 0.002760
2 2 0.000738 0.007273 0.978206 0.011813 0.001970
2 2 0.003987 0.042265 0.930154 0.014097 0.009497
2 2 0.001290 0.013792 0.973075 0.009159 0.002685
2 1 0.131726 0.224971 0.507944 0.040489 0.094870
2 2 0.042540 0.276454 0.544946 0.038030 0.098029
2 2 0.012264 0.089018 0.846703 0.027859 0.024156
2 2 0.002045 0.023177 0.960035 0.010641 0.004102
2 2 0.001534 0.015984 0.969371 0.010031 0.003080
2 2 0.004655 0.058696 0.910153 0.012931 0.013565
2 2 0.000696 0.009279 0.982248 0.006134 0.001643
2 2 0.001489 0.018248 0.968358 0.008912 0.002992
2 2 0.004582 0.029740 0.936654 0.021645 0.007380
2 2 0.001657 0.017108 0.967533 0.010428 0.003273
2 2 0.002685 0.031650 0.948048 0.011305 0.006312
2 2 0.000865 0.010622 0.979520 0.007043 0.001950
2 2 0.003525 0.029931 0.944306 0.016283 0.005955
2 2 0.003578 0.030944 0.942811 0.015977 0.006690
2 2 0.002280 0.010605 0.936285 0.045373 0.005457
2 2 0.001453 0.011939 0.968158 0.015222 0.003229
2 2 0.003262 0.019507 0.943349 0.027640 0.006242
2 2 0.001813 0.018408 0.965313 0.010952 0.003514
2 2 0.002235 0.019406 0.958108 0.015866 0.004386
2 2 0.002924 0.022037 0.951282 0.018404 0.005352
2 2 0.002497 0.020729 0.956647 0.015473 0.004654
2 2 0.000696 0.006474 0.978349 0.012571 0.001911
2 2 0.000722 0.008624 0.979762 0.009042 0.001851
2 2 0.001612 0.010406 0.959958 0.024215 0.003809
2 2 0.001478 0.016965 0.969307 0.009269 0.002981
2 2 0.000909 0.003103 0.912788 0.079880 0.003321
2 2 0.001980 0.009982 0.937544 0.045458 0.005035
2 2 0.001377 0.008384 0.960682 0.026082 0.003474
2 2 0.000278 0.003700 0.989096 0.006037 0.000890
2 2 0.001655 0.013043 0.963888 0.017758 0.003657
2 2 0.001933 0.009117 0.946174 0.038112 0.004664
2 2 0.001259 0.003967 0.905383 0.085242 0.004148
2 2 0.001041 0.006420 0.962751 0.026873 0.002915
2 2 0.003398 0.018729 0.933933 0.037051 0.006888
2 2 0.000665 0.005551 0.976234 0.015609 0.001941
2 2 0.001774 0.017269 0.966212 0.011274 0.003471
2 2 0.000887 0.003812 0.934989 0.057235 0.003078
2 2 0.001391 0.005286 0.924074 0.065026 0.004223
2 2 0.001167 0.005722 0.939525 0.049960 0.003626
2 2 0.000709 0.003625 0.955202 0.038040 0.002424
2 2 0.001638 0.008673 0.953502 0.032137 0.004051
2 2 0.000973 0.003707 0.922798 0.069130 0.003392
2 2 0.001844 0.006190 0.895332 0.091135 0.005499
2 2 0.003168 0.005687 0.787817 0.194482 0.008846
2 2 0.012956 0.069583 0.794923 0.067995 0.054542
2 2 0.001782 0.006304 0.898233 0.088311 0.005371
2 2 0.001628 0.004671 0.887582 0.101029 0.005089
2 3 0.001431 0.003149 0.822127 0.168122 0.005172
2 3 0.001443 0.002821 0.773925 0.216333 0.005478
2 3 0.002636 0.005762 0.833472 0.150613 0.007517
2 3 0.001729 0.002374 0.673908 0.315510 0.006478
2 3 0.003618 0.006103 0.739101 0.241029 0.010149
2 3 0.001178 0.003315 0.876509 0.114756 0.004242
2 3 0.001564 0.003345 0.817475 0.172118 0.005499
2 3 0.002256 0.002701 0.622274 0.364905 0.007863
2 3 0.007728 0.008895 0.536560 0.428244 0.018573
2 3 0.004101 0.004575 0.612508 0.367235 0.011581
3 3 0.003698 0.001922 0.268836 0.714349 0.011195
3 3 0.002478 0.001627 0.343096 0.644063 0.008735
2 3 0.007258 0.011103 0.681527 0.283539 0.016573
3 3 0.002456 0.001778 0.379830 0.607228 0.008708
3 3 0.008238 0.003315 0.172197 0.797730 0.018519
3 3 0.005389 0.002239 0.182598 0.795708 0.014067
3 2 0.014411 0.008751 0.319351 0.629965 0.027522
2 2 0.014014 0.020056 0.664735 0.276024 0.025170
2 2 0.048807 0.223760 0.607462 0.057941 0.062031
2 2 0.004071 0.029320 0.940646 0.019258 0.006705
2 2 0.002689 0.025011 0.953791 0.013705 0.004804
2 2 0.001475 0.010699 0.965503 0.018916 0.003406
2 2 0.001558 0.008099 0.950943 0.035384 0.004016
2 2 0.003939 0.026173 0.943311 0.020025 0.006552
2 2 0.000613 0.008233 0.982649 0.006937 0.001567
2 2 0.001336 0.012475 0.971061 0.012205 0.002923
2 2 0.002197 0.020602 0.960583 0.012519 0.004099
2 2 0.001318 0.014397 0.972438 0.009117 0.002729
2 2 0.001072 0.012522 0.975784 0.008283 0.002339
2 2 0.007795 0.092908 0.854765 0.015541 0.028991
2 2 0.000853 0.005544 0.967644 0.023481 0.002478
2 2 0.005086 0.025455 0.925784 0.034955 0.008720
2 2 0.002379 0.014538 0.952280 0.025821 0.004982
2 1 0.046486 0.254289 0.591507 0.035428 0.072290
2 2 0.013926 0.111303 0.821360 0.027262 0.026149
2 2 0.004037 0.019093 0.929309 0.039860 0.007701
2 2 0.006424 0.045209 0.915250 0.023544 0.009573
2 2 0.001898 0.018073 0.964733 0.011645 0.003651
2 2 0.001376 0.015024 0.971488 0.009289 0.002823
2 2 0.000558 0.008685 0.984031 0.005331 0.001395
2 2 0.005155 0.039125 0.926288 0.020110 0.009322
2 2 0.002913 0.026009 0.951403 0.014554 0.005121
2 2 0.000928 0.011033 0.976851 0.009005 0.002183
2 2 0.006394 0.047078 0.912945 0.022310 0.011273
2 2 0.001204 0.006952 0.960349 0.028270 0.003225
0 0 0.533073 0.188151 0.126268 0.013522 0.138986
2 1 0.044784 0.278975 0.533912 0.039476 0.102852
2 2 0.001894 0.011161 0.953667 0.028880 0.004398
2 2 0.128452 0.286516 0.429029 0.035987 0.120016
2 2 0.016195 0.187277 0.718504 0.019466 0.058559
2 2 0.004204 0.033754 0.937026 0.018169 0.006848
2 2 0.002216 0.011441 0.947654 0.033691 0.004997
2 2 0.003152 0.025551 0.949804 0.016026 0.005466
2 2 0.061812 0.230827 0.587123 0.039924 0.080314
2 2 0.007667 0.050330 0.912772 0.015646 0.013585
2 2 0.001259 0.013381 0.973627 0.009099 0.002635
2 2 0.004601 0.052842 0.915881 0.013791 0.012885
2 2 0.003522 0.026409 0.946431 0.017660 0.005978
2 2 0.000705 0.005852 0.977493 0.013997 0.001954
2 2 0.006334 0.061688 0.900113 0.014421 0.017444
2 2 0.001641 0.013220 0.967389 0.014321 0.003429
2 2 0.012758 0.143707 0.762947 0.017882 0.062707
2 2 0.002122 0.020472 0.961311 0.012110 0.003985
2 2 0.001615 0.016184 0.968469 0.010520 0.003212
2 2 0.077721 0.220794 0.569215 0.013434 0.118836
2 2 0.054427 0.160490 0.680863 0.037490 0.066729
2 2 0.113876 0.183461 0.575054 0.045891 0.081719
2 2 0.141229 0.308316 0.336654 0.033144 0.180657
1 2 0.101290 0.351417 0.308354 0.016444 0.222495
2 2 0.028024 0.270909 0.582681 0.024528 0.093859
2 2 0.010869 0.057637 0.881382 0.034624 0.015489
1 1 0.157645 0.344968 0.262979 0.011892 0.222515
1 2 0.017790 0.385553 0.374139 0.007914 0.214604
2 2 0.004099 0.045326 0.926460 0.013734 0.010381
2 2 0.007654 0.088998 0.859778 0.016214 0.027357
2 2 0.003353 0.029637 0.945803 0.013915 0.007292
2 2 0.004471 0.025166 0.935958 0.026847 0.007558
2 2 0.002680 0.048809 0.930419 0.007940 0.010151
2 2 0.000466 0.004025 0.982342 0.011747 0.001420
2 2 0.009950 0.110746 0.826736 0.017768 0.034801
2 2 0.012288 0.286074 0.441249 0.010244 0.250144
4 2 0.020282 0.330097 0.270619 0.009234 0.369768
4 4 0.014258 0.237396 0.219491 0.011310 0.517545
4 4 0.011874 0.285977 0.227532 0.007054 0.467563
4 4 0.007777 0.181780 0.178487 0.006173 0.625782
4 4 0.028773 0.311098 0.181238 0.007733 0.471158
4 4 0.011585 0.130808 0.159470 0.009013 0.689125
4 4 0.007883 0.170511 0.175743 0.006463 0.639399
4 4 0.008004 0.106068 0.133995 0.006075 0.745858
4 4 0.024649 0.131373 0.093750 0.004205 0.746022
4 4 0.009124 0.014737 0.029259 0.002545 0.944334
4 4 0.008031 0.063173 0.063457 0.002071 0.863267
4 4 0.009616 0.032204 0.038381 0.001760 0.918040
4 4 0.095744 0.342213 0.153831 0.008064 0.400147
4 4 0.014048 0.098067 0.074590 0.002468 0.810827
4 4 0.006800 0.117068 0.108098 0.002930 0.765104
4 4 0.009093 0.027627 0.031815 0.001354 0.930111
4 4 0.005698 0.020670 0.032422 0.001528 0.939683
4 4 0.081761 0.347550 0.124923 0.004047 0.441719
0 1 0.421752 0.232733 0.185805 0.015500 0.144211
4 1 0.099823 0.319405 0.115147 0.006418 0.459206
4 4 0.008223 0.124320 0.117679 0.003748 0.746030
4 4 0.016020 0.306581 0.220769 0.008083 0.448548
4 4 0.016052 0.218896 0.161881 0.006323 0.596848
1 4 0.027592 0.385026 0.270167 0.008647 0.308568
4 4 0.007486 0.192900 0.197720 0.007217 0.594677
1 1 0.036901 0.373740 0.320182 0.012919 0.256258
1 1 0.102338 0.349646 0.255734 0.016366 0.275917
4 4 0.009105 0.180628 0.176358 0.006690 0.627219
4 4 0.006607 0.200033 0.205534 0.007025 0.580801
4 4 0.008814 0.193670 0.181015 0.006440 0.610062
4 4 0.004372 0.034885 0.050335 0.001774 0.908634
4 4 0.004750 0.015857 0.033327 0.002045 0.944022
4 4 0.004737 0.061243 0.061392 0.001425 0.871203
4 4 0.037643 0.299738 0.104036 0.002777 0.555806
4 4 0.104312 0.315252 0.111609 0.006450 0.462378
4 4 0.004714 0.132121 0.109787 0.002071 0.751306
4 4 0.008902 0.048721 0.042984 0.001270 0.898124
4 4 0.036908 0.300227 0.074594 0.001258 0.587013
4 4 0.346529 0.215152 0.066916 0.008312 0.363091
4 4 0.007117 0.096361 0.110256 0.004020 0.782246
4 4 0.046568 0.365792 0.167642 0.005925 0.414073
4 2 0.008887 0.171265 0.174595 0.006839 0.638414
4 2 0.014769 0.245536 0.246449 0.012258 0.480987
4 2 0.025401 0.282213 0.134755 0.004192 0.553440
4 2 0.099283 0.330334 0.125329 0.006176 0.438879
4 2 0.009063 0.219090 0.212666 0.008477 0.550704
4 2 0.004558 0.145694 0.201014 0.007572 0.641163
4 2 0.005566 0.118311 0.134676 0.004254 0.737193
4 2 0.004196 0.126174 0.131867 0.003122 0.734641
4 4 0.003424 0.021186 0.033225 0.001130 0.941035
4 4 0.006896 0.092357 0.089026 0.002530 0.809191
4 4 0.006302 0.117679 0.121688 0.003655 0.750676
4 4 0.023999 0.155170 0.080324 0.002363 0.738143
4 4 0.018059 0.277665 0.123856 0.002786 0.577634
4 4 0.009862 0.162809 0.138122 0.004437 0.684770
4 4 0.003865 0.041142 0.060033 0.001980 0.892981
4 4 0.005318 0.116107 0.116820 0.003029 0.758726
4 4 0.002290 0.061026 0.084079 0.001851 0.850754
4 4 0.004712 0.116333 0.120377 0.002999 0.755579
4 4 0.004549 0.029604 0.038573 0.001229 0.926045
4 4 0.004395 0.126430 0.126283 0.002898 0.739993
4 4 0.004651 0.104604 0.147156 0.005439 0.738150
4 4 0.008864 0.204087 0.196174 0.007410 0.583466
4 4 0.006088 0.112456 0.190205 0.010926 0.680325
4 4 0.012374 0.206406 0.215896 0.011522 0.553803
4 4 0.007496 0.095084 0.102675 0.003581 0.791164
4 1 0.211820 0.277252 0.120333 0.014430 0.376166
