0 0 0.727583 0.156727 0.009897 0.002435 0.103358
0 0 0.856934 0.081646 0.001121 0.000237 0.060062
0 0 0.818044 0.102978 0.002506 0.000588 0.075885
0 0 0.851846 0.084470 0.001259 0.000270 0.062154
0 0 0.874624 0.071764 0.000724 0.000145 0.052743
0 0 0.828543 0.097281 0.002052 0.000469 0.071656
0 0 0.848611 0.086261 0.001353 0.000293 0.063482
0 0 0.849985 0.085501 0.001312 0.000283 0.062918
0 0 0.882774 0.067181 0.000581 0.000113 0.049351
0 0 0.855259 0.082577 0.001165 0.000248 0.060751
0 0 0.858009 0.081049 0.001093 0.000230 0.059619
0 0 0.805543 0.109691 0.003138 0.000757 0.080871
0 0 0.704711 0.218293 0.010290 0.001032 0.065675
0 0 0.843557 0.089051 0.001509 0.000332 0.065551
0 0 0.786807 0.142402 0.003971 0.000581 0.066240
0 0 0.846647 0.087347 0.001412 0.000308 0.064287
0 0 0.871689 0.073410 0.000782 0.000158 0.053961
0 0 0.579392 0.343558 0.024364 0.001237 0.051449
0 0 0.798906 0.113222 0.003516 0.000861 0.083495
0 0 0.879104 0.069247 0.000643 0.000127 0.050880
0 0 0.851945 0.084416 0.001256 0.000270 0.062114
0 0 0.798576 0.113397 0.003536 0.000866 0.083625
0 0 0.858227 0.080928 0.001087 0.000229 0.059529
0 0 0.858311 0.080881 0.001085 0.000229 0.059494
0 0 0.792390 0.122976 0.003892 0.000834 0.079908
0 0 0.850395 0.085274 0.001300 0.000280 0.062750
0 0 0.852404 0.084161 0.001243 0.000266 0.061925
0 0 0.783763 0.143389 0.004195 0.000632 0.068021
0 0 0.868150 0.075392 0.000855 0.000175 0.055428
0 0 0.835608 0.093420 0.001781 0.000400 0.068791
0 0 0.744372 0.184877 0.006594 0.000725 0.063432
0 0 0.864182 0.077609 0.000943 0.000195 0.057071
0 0 0.841604 0.090127 0.001573 0.000347 0.066348
0 0 0.817553 0.108703 0.002511 0.000510 0.070724
0 0 0.820376 0.101717 0.002400 0.000559 0.074948
0 0 0.824834 0.099299 0.002205 0.000508 0.073154
0 0 0.824967 0.099227 0.002199 0.000507 0.073100
0 0 0.697253 0.233760 0.010070 0.000809 0.058109
0 0 0.760188 0.166932 0.005638 0.000722 0.066521
0 0 0.854944 0.082752 0.001173 0.000250 0.060881
0 0 0.898064 0.058539 0.000368 0.000068 0.042961
0 0 0.849243 0.085912 0.001334 0.000288 0.063223
0 0 0.826113 0.100243 0.002149 0.000472 0.071023
0 0 0.849471 0.085786 0.001327 0.000287 0.063129
0 0 0.893574 0.061082 0.000424 0.000079 0.044841
0 0 0.795435 0.134385 0.003506 0.000538 0.066135
0 0 0.841667 0.090092 0.001571 0.000347 0.066323
0 0 0.913664 0.049671 0.000215 0.000037 0.036412
0 0 0.944537 0.031939 0.000054 0.000008 0.023463
0 0 0.849691 0.085664 0.001321 0.000285 0.063039
0 0 0.825387 0.098999 0.002182 0.000502 0.072931
0 0 0.843548 0.089056 0.001510 0.000332 0.065554
0 1 0.471605 0.426611 0.050644 0.002116 0.049024
1 1 0.352235 0.511428 0.094220 0.002761 0.039357
1 1 0.313255 0.532298 0.115155 0.003042 0.036249
0 1 0.622711 0.286684 0.021794 0.001810 0.067002
1 1 0.289658 0.548738 0.125704 0.002931 0.032969
1 2 0.227067 0.560848 0.179564 0.003746 0.028775
1 2 0.199166 0.573612 0.199088 0.003480 0.024654
1 2 0.130753 0.545257 0.300758 0.004484 0.018748
2 2 0.009570 0.197225 0.784909 0.005754 0.002542
2 2 0.002947 0.105445 0.885179 0.005412 0.001017
2 2 0.005230 0.139004 0.847892 0.006206 0.001668
2 2 0.006019 0.132517 0.850285 0.008966 0.002213
2 2 0.001618 0.068425 0.922405 0.006824 0.000729
2 2 0.002334 0.085624 0.904437 0.006660 0.000945
2 2 0.002270 0.079323 0.908728 0.007728 0.001951
2 2 0.001525 0.066241 0.924770 0.006770 0.000695
2 2 0.002428 0.056445 0.926409 0.013479 0.001240
2 2 0.002689 0.080105 0.905810 0.010110 0.001286
2 2 0.003071 0.064660 0.915736 0.015028 0.001506
2 2 0.001600 0.067329 0.923334 0.007005 0.000732
2 2 0.015193 0.161824 0.794547 0.021630 0.006805
2 2 0.002860 0.073402 0.910366 0.011990 0.001382
2 2 0.002840 0.051079 0.926583 0.018099 0.001399
2 2 0.001573 0.023561 0.951416 0.022690 0.000761
2 2 0.006193 0.062764 0.894603 0.033169 0.003271
2 2 0.003697 0.025168 0.916522 0.052666 0.001947
2 2 0.001988 0.021813 0.943384 0.031825 0.000990
2 2 0.002383 0.014920 0.923389 0.058073 0.001235
2 2 0.001035 0.004912 0.901938 0.091560 0.000555
2 3 0.002953 0.005075 0.694611 0.295407 0.001954
2 3 0.004772 0.018609 0.877567 0.096400 0.002652
2 3 0.006265 0.013205 0.759822 0.216712 0.003997
2 3 0.004538 0.011363 0.811728 0.169656 0.002715
2 3 0.005838 0.009310 0.688674 0.292285 0.003894
2 3 0.002798 0.003300 0.553276 0.438595 0.002031
3 3 0.015316 0.009028 0.306913 0.655031 0.013710
3 3 0.004748 0.002774 0.262507 0.725578 0.004393
2 3 0.011590 0.011745 0.511287 0.456449 0.008930
3 3 0.006623 0.004432 0.351685 0.631680 0.005581
3 3 0.008500 0.004339 0.248466 0.730763 0.007932
2 3 0.004971 0.004604 0.508942 0.477832 0.003651
3 3 0.004552 0.002017 0.181463 0.807390 0.004577
3 3 0.008782 0.004487 0.230916 0.747329 0.008486
3 3 0.009548 0.003728 0.158573 0.818075 0.010075
3 3 0.004007 0.001842 0.188654 0.801513 0.003984
3 3 0.015638 0.010601 0.383744 0.577067 0.012950
3 3 0.011512 0.006490 0.304728 0.667142 0.010128
3 3 0.006298 0.003991 0.299489 0.684561 0.005661
3 3 0.005717 0.001888 0.133480 0.852865 0.006051
3 3 0.006974 0.002696 0.159259 0.823831 0.007240
3 3 0.010123 0.005724 0.309313 0.666030 0.008810
3 3 0.003970 0.001039 0.072160 0.917905 0.004926
3 3 0.006966 0.002515 0.150358 0.832900 0.007261
3 3 0.005978 0.001733 0.090974 0.894211 0.007104
3 3 0.005409 0.001577 0.072908 0.913122 0.006984
3 3 0.005992 0.001776 0.081039 0.903699 0.007494
3 3 0.004281 0.001198 0.058610 0.930034 0.005876
3 3 0.006619 0.002051 0.077339 0.905422 0.008569
3 3 0.006986 0.002123 0.094873 0.887688 0.008330
3 3 0.008697 0.002770 0.112316 0.866299 0.009918
3 2 0.041916 0.027192 0.397089 0.499985 0.033818
2 2 0.007176 0.017867 0.814332 0.156366 0.004259
2 2 0.002879 0.009364 0.853562 0.132539 0.001656
2 2 0.005515 0.012441 0.771098 0.207444 0.003502
2 3 0.005260 0.006852 0.591891 0.392186 0.003810
3 3 0.008051 0.007512 0.472567 0.505542 0.006328
3 3 0.008420 0.002926 0.138829 0.840792 0.009033
3 3 0.004390 0.001281 0.104807 0.884638 0.004885
3 3 0.004550 0.001576 0.126015 0.862906 0.004952
3 3 0.005499 0.001595 0.077200 0.908765 0.006940
3 3 0.004755 0.001325 0.072892 0.915002 0.006027
3 3 0.005349 0.002109 0.173071 0.814133 0.005338
3 3 0.009180 0.002935 0.122375 0.855363 0.010148
3 3 0.005051 0.001382 0.089603 0.898065 0.005898
3 3 0.003683 0.000972 0.060305 0.930153 0.004887
3 3 0.006914 0.002190 0.074749 0.907004 0.009143
2 3 0.003046 0.004865 0.670573 0.319467 0.002050
3 3 0.012047 0.007000 0.287849 0.682094 0.011009
3 3 0.012222 0.004459 0.154086 0.816326 0.012907
3 3 0.009662 0.004541 0.218089 0.758325 0.009383
3 3 0.006060 0.002762 0.205636 0.779657 0.005885
3 3 0.009241 0.003436 0.153615 0.823977 0.009731
3 3 0.004691 0.001311 0.069909 0.918044 0.006044
3 3 0.005782 0.001753 0.067237 0.917421 0.007806
3 3 0.004625 0.001579 0.124499 0.864256 0.005041
3 3 0.008578 0.002711 0.114055 0.864959 0.009697
3 3 0.004643 0.001657 0.123042 0.865507 0.005151
3 3 0.006710 0.001969 0.106058 0.877691 0.007571
3 3 0.005524 0.001657 0.065406 0.919914 0.007499
3 3 0.004102 0.001133 0.058028 0.931117 0.005620
3 3 0.010249 0.003449 0.114583 0.859867 0.011851
3 3 0.004599 0.001783 0.157685 0.831212 0.004721
3 3 0.005643 0.001623 0.084929 0.900951 0.006855
3 3 0.004334 0.001226 0.056758 0.931639 0.006043
3 3 0.004408 0.001203 0.070419 0.918359 0.005611
3 3 0.006170 0.001805 0.091782 0.892907 0.007336
3 3 0.004157 0.001183 0.050817 0.937802 0.006042
3 3 0.004889 0.001481 0.049663 0.936621 0.007345
3 3 0.003255 0.000915 0.034889 0.955577 0.005364
3 3 0.005808 0.002059 0.133053 0.852792 0.006287
3 3 0.004070 0.001159 0.048744 0.940024 0.006003
3 3 0.006325 0.001857 0.094441 0.889924 0.007452
3 3 0.004224 0.001209 0.050839 0.937575 0.006152
3 3 0.005147 0.001487 0.069731 0.916908 0.006727
3 3 0.004037 0.001147 0.048672 0.940192 0.005952
3 3 0.003693 0.001078 0.036063 0.953055 0.006110
3 3 0.005728 0.001782 0.106583 0.879388 0.006519
3 3 0.005126 0.001486 0.068002 0.918617 0.006769
3 3 0.003200 0.000850 0.045133 0.946105 0.004713
3 3 0.004380 0.001268 0.051247 0.936715 0.006390
3 3 0.002359 0.000592 0.034763 0.958571 0.003716
3 3 0.010368 0.003548 0.107057 0.866648 0.012380
3 3 0.004116 0.001110 0.066084 0.923357 0.005333
3 3 0.003958 0.001130 0.045876 0.943069 0.005968
3 3 0.003205 0.000824 0.053500 0.938083 0.004389
3 3 0.004549 0.001277 0.064633 0.923503 0.006038
3 3 0.005603 0.001719 0.059693 0.925055 0.007930
3 3 0.005978 0.001811 0.071840 0.912493 0.007878
3 3 0.007895 0.002546 0.087339 0.892286 0.009934
3 3 0.005625 0.001638 0.078967 0.906716 0.007053
3 3 0.003983 0.001163 0.041260 0.947303 0.006291
3 3 0.005811 0.001765 0.067326 0.917252 0.007846
3 3 0.003092 0.000866 0.032369 0.958454 0.005220
3 3 0.006353 0.001918 0.082107 0.901655 0.007967
3 3 0.003366 0.000911 0.044867 0.945849 0.005007
3 3 0.004316 0.001261 0.047680 0.940260 0.006483
3 3 0.008010 0.002568 0.125594 0.855101 0.008727
3 3 0.003367 0.000927 0.041194 0.949316 0.005195
3 3 0.004290 0.001232 0.051424 0.936821 0.006232
3 3 0.004952 0.001475 0.055476 0.930991 0.007107
3 3 0.002251 0.000927 0.132970 0.861403 0.002449
3 3 0.003541 0.001025 0.034970 0.954564 0.005900
3 3 0.002277 0.000792 0.114207 0.880216 0.002508
3 3 0.002036 0.000503 0.028972 0.965097 0.003392
3 3 0.005827 0.001740 0.074023 0.910857 0.007553
3 3 0.003673 0.000968 0.060514 0.929981 0.004864
3 3 0.004831 0.001450 0.050892 0.935657 0.007170
3 3 0.006036 0.001880 0.063378 0.920295 0.008411
3 3 0.002188 0.000516 0.041728 0.952412 0.003155
3 3 0.002917 0.000801 0.032104 0.959277 0.004901
3 3 0.004086 0.001245 0.034781 0.952923 0.006965
3 3 0.006997 0.002132 0.093930 0.888559 0.008382
3 3 0.003870 0.001149 0.083862 0.906423 0.004696
3 3 0.006038 0.002469 0.144275 0.840618 0.006600
3 3 0.004714 0.001446 0.043564 0.942824 0.007452
3 3 0.005579 0.001734 0.055465 0.929078 0.008144
3 3 0.003422 0.000922 0.047241 0.943423 0.004991
3 3 0.005897 0.001801 0.067240 0.917078 0.007984
3 3 0.003710 0.001024 0.048352 0.941495 0.005419
3 3 0.002428 0.000605 0.037882 0.955381 0.003704
3 3 0.007608 0.002426 0.086317 0.894075 0.009573
2 2 0.014640 0.017500 0.690625 0.265549 0.011687
2 2 0.003993 0.012450 0.868928 0.111266 0.003364
2 2 0.001493 0.014103 0.949505 0.033219 0.001680
2 2 0.015418 0.084645 0.727167 0.034912 0.137858
2 2 0.011116 0.045707 0.840651 0.064332 0.038194
2 2 0.007789 0.073089 0.844901 0.023138 0.051082
2 2 0.010702 0.102843 0.809806 0.022595 0.054054
2 2 0.011181 0.141937 0.792389 0.017300 0.037192
2 2 0.009792 0.069239 0.857311 0.037054 0.026605
2 2 0.004789 0.066137 0.892691 0.016994 0.019389
2 2 0.010615 0.108490 0.794524 0.020021 0.066351
2 2 0.006790 0.042612 0.884188 0.041445 0.024965
2 2 0.013773 0.120014 0.759549 0.023067 0.083597
2 2 0.013074 0.137523 0.639586 0.013689 0.196127
2 2 0.009172 0.125352 0.726596 0.011677 0.127204
2 2 0.017102 0.128987 0.673980 0.022642 0.157290
2 2 0.007613 0.103874 0.801146 0.013591 0.073776
2 2 0.008715 0.051034 0.848019 0.039942 0.052290
2 2 0.007005 0.053523 0.873962 0.031499 0.034012
2 2 0.011493 0.139993 0.611531 0.010637 0.226346
2 2 0.013682 0.138015 0.537021 0.011386 0.299896
2 2 0.013631 0.150802 0.760550 0.018783 0.056233
2 2 0.010823 0.106861 0.727173 0.017064 0.138080
2 2 0.016697 0.142909 0.632892 0.017871 0.189632
2 2 0.007290 0.069677 0.861088 0.023914 0.038032
2 2 0.008768 0.056516 0.853566 0.037131 0.044020
2 2 0.005937 0.036609 0.893338 0.042789 0.021326
2 2 0.010419 0.053988 0.854992 0.052376 0.028225
2 2 0.003214 0.020855 0.923654 0.047398 0.004879
2 2 0.003282 0.048045 0.920117 0.016600 0.011955
2 2 0.008366 0.136620 0.753593 0.010288 0.091134
2 2 0.005764 0.059843 0.875910 0.021396 0.037087
2 2 0.001962 0.016638 0.943495 0.032893 0.005012
2 2 0.001187 0.013947 0.957716 0.025619 0.001531
2 2 0.001684 0.033788 0.947092 0.012202 0.005234
2 2 0.004641 0.040046 0.898561 0.026909 0.029843
2 2 0.003670 0.017819 0.908728 0.063652 0.006131
2 2 0.006466 0.047454 0.881970 0.033317 0.030793
2 2 0.002301 0.028301 0.940726 0.020656 0.008016
2 2 0.001715 0.026374 0.948173 0.015310 0.008428
2 2 0.003716 0.031094 0.921651 0.031810 0.011729
2 2 0.005510 0.051350 0.889649 0.025409 0.028081
2 2 0.004202 0.045685 0.900596 0.020582 0.028935
2 2 0.005181 0.047989 0.897256 0.026284 0.023290
2 2 0.002361 0.026002 0.941167 0.024771 0.005698
2 2 0.002010 0.014261 0.937853 0.042395 0.003482
2 2 0.002019 0.026691 0.944243 0.018545 0.008502
2 2 0.001111 0.008684 0.947897 0.041112 0.001197
2 2 0.003579 0.014572 0.893521 0.085466 0.002862
2 2 0.004560 0.032921 0.912377 0.038488 0.011654
2 2 0.001680 0.016076 0.948962 0.027618 0.005664
2 2 0.002146 0.013604 0.930741 0.051093 0.002416
2 2 0.004365 0.033186 0.914388 0.035908 0.012153
2 2 0.002267 0.020531 0.940221 0.029055 0.007926
2 2 0.002432 0.010928 0.912444 0.070577 0.003619
2 2 0.002583 0.019275 0.933775 0.037248 0.007118
2 2 0.003573 0.016780 0.908548 0.063178 0.007922
2 2 0.002435 0.011545 0.915453 0.067067 0.003500
2 2 0.006752 0.018088 0.848507 0.112600 0.014054
2 2 0.006449 0.037671 0.880242 0.042384 0.033254
2 2 0.001512 0.008448 0.931195 0.056751 0.002094
2 2 0.002048 0.009874 0.917302 0.068504 0.002273
2 2 0.003027 0.009793 0.878872 0.105390 0.002918
2 2 0.006322 0.016875 0.847666 0.120482 0.008655
2 2 0.002708 0.015878 0.923775 0.054013 0.003626
2 2 0.007575 0.036397 0.880600 0.064168 0.011260
2 1 0.008790 0.125622 0.841911 0.019046 0.004632
2 2 0.003085 0.028102 0.930983 0.034553 0.003277
2 2 0.001092 0.018621 0.962105 0.016530 0.001653
2 2 0.002187 0.026070 0.943240 0.026598 0.001906
2 2 0.004025 0.045490 0.919137 0.025907 0.005442
2 2 0.001638 0.020639 0.950211 0.026510 0.001003
2 2 0.011240 0.062390 0.853630 0.051133 0.021606
2 2 0.003105 0.014955 0.904103 0.076182 0.001655
2 2 0.003775 0.024975 0.914967 0.054289 0.001994
2 2 0.002270 0.009147 0.895542 0.091836 0.001205
2 2 0.011225 0.040550 0.843250 0.098503 0.006472
2 2 0.001641 0.011528 0.935869 0.049922 0.001040
2 2 0.002038 0.009206 0.905895 0.081791 0.001069
2 2 0.002411 0.013785 0.918637 0.063910 0.001257
2 2 0.002725 0.006980 0.844186 0.144604 0.001505
2 2 0.002158 0.007822 0.886654 0.102216 0.001150
2 2 0.004406 0.012060 0.847135 0.133928 0.002471
2 2 0.003584 0.019571 0.908285 0.066650 0.001909
2 1 0.052195 0.119843 0.680865 0.116891 0.030206
2 2 0.008080 0.029881 0.863737 0.090750 0.007553
2 2 0.007712 0.022080 0.844271 0.119147 0.006790
2 2 0.002867 0.012996 0.904242 0.077848 0.002046
2 2 0.009605 0.033959 0.853422 0.084274 0.018740
2 2 0.003979 0.012689 0.868002 0.112723 0.002607
2 2 0.000913 0.006256 0.939199 0.053182 0.000450
2 2 0.005474 0.014226 0.838525 0.138321 0.003454
2 2 0.005291 0.024134 0.887949 0.079725 0.002901
2 2 0.001687 0.010014 0.927839 0.059340 0.001120
2 2 0.004029 0.009301 0.824627 0.159757 0.002285
2 3 0.004689 0.008824 0.793567 0.190219 0.002701
2 3 0.005913 0.010825 0.770518 0.209189 0.003554
2 3 0.011968 0.027578 0.799467 0.153871 0.007115
2 3 0.006542 0.016519 0.829463 0.143719 0.003757
2 3 0.011799 0.019237 0.737669 0.223959 0.007336
2 1 0.015305 0.044954 0.811231 0.119438 0.009072
2 2 0.005372 0.036755 0.903262 0.051732 0.002880
2 2 0.007056 0.062920 0.888216 0.033750 0.008059
2 2 0.010182 0.083307 0.859810 0.037491 0.009210
2 2 0.004764 0.014293 0.856016 0.122262 0.002666
2 2 0.010446 0.048776 0.859382 0.075484 0.005912
2 2 0.007334 0.046259 0.886717 0.055680 0.004010
2 2 0.006190 0.012358 0.774860 0.202813 0.003779
3 2 0.031853 0.009873 0.140336 0.788666 0.029272
2 2 0.010995 0.070636 0.859245 0.052995 0.006128
2 2 0.005571 0.009366 0.705066 0.276329 0.003669
2 2 0.004797 0.025808 0.899588 0.067214 0.002593
2 2 0.006352 0.010942 0.737005 0.241702 0.004000
2 1 0.043733 0.058901 0.661154 0.209817 0.026395
2 2 0.003248 0.024905 0.923667 0.046490 0.001689
2 2 0.006887 0.045059 0.890627 0.053681 0.003746
2 2 0.003557 0.022487 0.915006 0.057072 0.001878
2 2 0.004469 0.035217 0.913293 0.044667 0.002355
2 2 0.004226 0.084365 0.893709 0.015589 0.002111
2 2 0.005780 0.061719 0.898059 0.031409 0.003033
2 2 0.005229 0.094183 0.880693 0.017240 0.002655
2 1 0.017391 0.084057 0.819020 0.069452 0.010080
2 2 0.002520 0.037614 0.936150 0.022470 0.001247
2 2 0.005268 0.050479 0.905780 0.035703 0.002769
2 2 0.007848 0.084233 0.873315 0.030424 0.004181
2 2 0.004955 0.049676 0.908725 0.034054 0.002590
2 2 0.005295 0.025648 0.891294 0.074869 0.002894
2 1 0.015329 0.094394 0.829936 0.051878 0.008463
2 2 0.015345 0.179504 0.782979 0.016204 0.005968
1 1 0.142159 0.493206 0.330380 0.008125 0.026131
2 1 0.009876 0.132429 0.833250 0.019743 0.004702
2 1 0.011925 0.200963 0.775926 0.007727 0.003458
2 2 0.004248 0.077794 0.898577 0.017248 0.002133
2 2 0.005524 0.134244 0.850813 0.007513 0.001906
2 2 0.006685 0.141377 0.840773 0.008793 0.002373
2 1 0.028797 0.240086 0.703832 0.017296 0.009989
2 2 0.010126 0.184337 0.794718 0.007760 0.003059
2 2 0.033607 0.217455 0.705203 0.029267 0.014469
2 1 0.076377 0.419832 0.478271 0.009230 0.016290
2 2 0.032921 0.289154 0.657272 0.011501 0.009152
1 1 0.079147 0.478193 0.423960 0.005447 0.013253
2 1 0.054331 0.422933 0.507039 0.005753 0.009944
2 1 0.046603 0.410846 0.528913 0.005231 0.008406
1 1 0.060518 0.465073 0.460347 0.004413 0.009649
2 2 0.022881 0.306988 0.659922 0.005380 0.004829
2 2 0.019997 0.279904 0.689534 0.005995 0.004571
2 2 0.002541 0.078615 0.907921 0.009714 0.001209
2 2 0.027192 0.308649 0.651067 0.006890 0.006203
2 2 0.008222 0.162591 0.818403 0.008115 0.002669
2 2 0.009293 0.174370 0.805419 0.008008 0.002910
2 2 0.017895 0.258947 0.712256 0.006536 0.004366
2 2 0.002385 0.081548 0.907112 0.007911 0.001044
2 2 0.021753 0.294950 0.672806 0.005716 0.004774
2 2 0.057549 0.455681 0.472896 0.004519 0.009354
2 2 0.019744 0.286263 0.684222 0.005444 0.004326
2 2 0.022768 0.278215 0.685916 0.007490 0.005612
2 2 0.007147 0.162213 0.821963 0.006516 0.002161
1 2 0.134075 0.579651 0.266718 0.003128 0.016428
2 2 0.046352 0.403900 0.535580 0.005563 0.008605
2 2 0.010065 0.191489 0.788742 0.006838 0.002867
2 2 0.016426 0.239661 0.732238 0.007356 0.004320
2 2 0.004821 0.131930 0.855329 0.006335 0.001585
2 2 0.008916 0.154470 0.822602 0.010763 0.003249
2 2 0.002506 0.082187 0.905799 0.008393 0.001115
1 2 0.092782 0.494607 0.391779 0.005549 0.015284
2 2 0.042089 0.373720 0.569036 0.006569 0.008587
1 1 0.204225 0.496828 0.253238 0.008596 0.037113
2 1 0.065243 0.444500 0.472576 0.005948 0.011733
2 2 0.016813 0.239070 0.731934 0.007692 0.004492
2 2 0.054380 0.431810 0.498956 0.005280 0.009574
0 0 0.534966 0.297643 0.056021 0.008336 0.103034
1 1 0.201811 0.562163 0.205556 0.004001 0.026469
2 2 0.037860 0.340128 0.604953 0.007980 0.009079
2 2 0.007082 0.137224 0.842467 0.010526 0.002702
2 2 0.036246 0.338235 0.609685 0.007659 0.008176
2 2 0.056338 0.417198 0.509322 0.006397 0.010745
2 2 0.064100 0.354536 0.549886 0.014267 0.017211
1 1 0.133464 0.518001 0.320756 0.006049 0.021730
2 2 0.045491 0.345413 0.586787 0.009775 0.012534
2 2 0.009046 0.163694 0.814455 0.009222 0.003583
2 2 0.005691 0.127636 0.855403 0.009130 0.002141
1 0 0.132975 0.478133 0.353984 0.009056 0.025852
0 0 0.476322 0.400705 0.058928 0.003439 0.060607
1 1 0.080245 0.496511 0.380957 0.003947 0.038340
2 2 0.016879 0.236940 0.727214 0.007635 0.011331
2 2 0.107469 0.387346 0.456901 0.018484 0.029800
0 0 0.430368 0.360238 0.105016 0.012187 0.092191
1 1 0.155003 0.583342 0.239673 0.003167 0.018815
2 2 0.063127 0.424020 0.492977 0.006933 0.012943
1 2 0.068583 0.461508 0.452849 0.005374 0.011687
1 1 0.174740 0.498308 0.286655 0.008412 0.031885
2 2 0.004759 0.114379 0.869593 0.009373 0.001896
2 2 0.004401 0.107658 0.876299 0.009813 0.001829
2 2 0.002726 0.087034 0.900867 0.008201 0.001173
2 2 0.001448 0.065101 0.926266 0.006528 0.000657
2 2 0.001093 0.039872 0.950116 0.008425 0.000495
2 2 0.002402 0.077151 0.909976 0.009334 0.001137
2 2 0.017815 0.198290 0.743507 0.013838 0.026549
2 2 0.015441 0.174267 0.571395 0.008517 0.230380
2 2 0.022352 0.226634 0.581266 0.008255 0.161493
4 4 0.039601 0.180840 0.242613 0.006749 0.530197
2 4 0.034461 0.255234 0.442386 0.007166 0.260754
4 4 0.029908 0.188497 0.265718 0.004483 0.511394
2 4 0.023888 0.191216 0.444101 0.008348 0.332446
4 4 0.022447 0.164566 0.376442 0.008012 0.428533
4 4 0.047398 0.104405 0.038035 0.000960 0.809202
4 4 0.030433 0.191817 0.305851 0.005863 0.466036
4 4 0.039727 0.181595 0.227639 0.005897 0.545141
4 4 0.029011 0.187346 0.308924 0.005872 0.468847
2 4 0.026775 0.228991 0.482903 0.007440 0.253892
2 4 0.017295 0.183062 0.579088 0.009326 0.211228
4 4 0.042958 0.107888 0.055472 0.001587 0.792094
4 4 0.028154 0.156958 0.328461 0.010173 0.476255
2 4 0.029576 0.273106 0.450429 0.004772 0.242118
2 4 0.036752 0.245423 0.356828 0.005722 0.355276
4 4 0.032407 0.171607 0.262040 0.006439 0.527506
4 4 0.039197 0.163700 0.176060 0.004531 0.616512
4 4 0.020411 0.128773 0.273946 0.006907 0.569963
4 4 0.015944 0.116147 0.268950 0.005753 0.593206
4 4 0.015687 0.112548 0.233233 0.004564 0.633969
4 4 0.013543 0.072529 0.103000 0.002253 0.808673
4 4 0.014177 0.063843 0.082059 0.002831 0.837089
4 4 0.022406 0.157290 0.311516 0.006138 0.502650
2 4 0.017058 0.130768 0.433956 0.012414 0.405805
4 4 0.021600 0.087155 0.087809 0.002190 0.801245
4 4 0.009659 0.033178 0.024693 0.001361 0.931110
4 4 0.014597 0.022490 0.005606 0.000742 0.956564
4 4 0.010542 0.015599 0.004030 0.000833 0.968996
4 4 0.012158 0.044351 0.047272 0.003027 0.893192
4 4 0.013890 0.062088 0.066525 0.001828 0.855669
4 4 0.016530 0.110136 0.238125 0.005520 0.629689
4 4 0.016185 0.103018 0.169129 0.003192 0.708477
4 4 0.014247 0.071573 0.082659 0.001616 0.829905
4 4 0.042948 0.108171 0.056251 0.001620 0.791011
4 4 0.029179 0.184133 0.302864 0.005968 0.477857
4 4 0.014635 0.078162 0.126091 0.003126 0.777986
4 4 0.014026 0.076300 0.154674 0.005155 0.749844
4 4 0.007922 0.030668 0.023429 0.001017 0.936965
4 4 0.036838 0.081689 0.034645 0.001341 0.845486
4 4 0.008479 0.020718 0.010349 0.001160 0.959293
4 4 0.010845 0.026827 0.015142 0.001629 0.945558
4 4 0.013331 0.054493 0.055123 0.001996 0.875058
4 4 0.015332 0.054662 0.040450 0.001338 0.888218
4 4 0.015748 0.113732 0.351115 0.010238 0.509167
4 4 0.015018 0.073388 0.083278 0.001678 0.826638
4 4 0.016606 0.131953 0.360294 0.007918 0.483230
4 4 0.007978 0.034169 0.035783 0.001741 0.920330
4 4 0.015797 0.084169 0.102401 0.001918 0.795714
4 4 0.030002 0.141954 0.186151 0.004706 0.637187
4 4 0.010337 0.083742 0.207392 0.003906 0.694623
4 4 0.008791 0.041790 0.057119 0.002640 0.889660
4 4 0.007286 0.010573 0.003012 0.001023 0.978105
4 4 0.009536 0.025793 0.014192 0.001173 0.949306
4 4 0.009565 0.012217 0.002143 0.000441 0.975634
4 4 0.009598 0.010695 0.002181 0.000924 0.976601
1 1 0.230978 0.328958 0.156111 0.011558 0.272395
2 2 0.049160 0.305590 0.496786 0.010412 0.138052
2 2 0.015338 0.159241 0.727469 0.017975 0.079978
2 2 0.017529 0.184485 0.605092 0.010250 0.182644
2 2 0.015769 0.152910 0.628968 0.015333 0.187021
2 2 0.013612 0.151894 0.701466 0.015303 0.117725
2 2 0.027502 0.200720 0.619426 0.018677 0.133675
2 2 0.013007 0.150479 0.706461 0.014737 0.115316
2 2 0.023452 0.164914 0.556358 0.019165 0.236111
2 2 0.039661 0.242416 0.526623 0.015043 0.176257
1 1 0.119755 0.400407 0.398894 0.015150 0.065794
2 2 0.016518 0.164805 0.709410 0.017620 0.091647
2 2 0.002331 0.039309 0.935737 0.014428 0.008193
2 2 0.016143 0.154132 0.485473 0.009129 0.335123
2 2 0.002085 0.018727 0.942760 0.032959 0.003470
2 2 0.023969 0.143365 0.526220 0.022184 0.284261
2 2 0.008020 0.097709 0.825471 0.016932 0.051869
2 2 0.006898 0.129939 0.789093 0.009373 0.064697
2 2 0.004098 0.051132 0.901186 0.017915 0.025669
2 2 0.006200 0.069624 0.841289 0.017452 0.065434
2 2 0.003807 0.064057 0.895615 0.012743 0.023779
2 2 0.002907 0.051872 0.919688 0.012917 0.012617
2 2 0.001250 0.022540 0.958869 0.014877 0.002464
2 2 0.003590 0.083181 0.876300 0.008394 0.028535
2 2 0.002306 0.017580 0.935587 0.042000 0.002526
2 2 0.002173 0.042862 0.935243 0.012093 0.007628
2 2 0.005464 0.037105 0.900868 0.039565 0.016998
2 2 0.003849 0.030761 0.920369 0.033945 0.011076
2 2 0.003954 0.026556 0.917903 0.042902 0.008686
2 2 0.002649 0.016037 0.923853 0.054935 0.002526
2 2 0.001827 0.023405 0.949396 0.021292 0.004080
2 2 0.001551 0.010972 0.940278 0.045444 0.001754
2 2 0.002609 0.013929 0.917644 0.063500 0.002318
2 2 0.004702 0.022173 0.900152 0.063780 0.009193
2 2 0.002328 0.017051 0.936006 0.039750 0.004865
2 2 0.001942 0.013468 0.934843 0.047995 0.001751
2 2 0.003574 0.009622 0.848396 0.136422 0.001986
2 2 0.005909 0.017751 0.859546 0.110068 0.006726
2 2 0.001933 0.019050 0.946223 0.028055 0.004739
2 2 0.004745 0.008343 0.781154 0.203006 0.002752
2 2 0.004520 0.010945 0.834106 0.147437 0.002992
2 2 0.005147 0.008981 0.779553 0.203326 0.002993
2 2 0.006032 0.013491 0.819811 0.156196 0.004470
2 2 0.001692 0.004767 0.852964 0.139649 0.000927
2 2 0.012912 0.019020 0.729351 0.230786 0.007932
2 2 0.010211 0.010584 0.600745 0.371489 0.006971
2 3 0.007581 0.007684 0.593442 0.386135 0.005158
2 3 0.002030 0.005129 0.846200 0.145537 0.001103
3 3 0.019484 0.010346 0.317267 0.636158 0.016745
2 3 0.006196 0.007791 0.683021 0.299085 0.003906
3 3 0.009795 0.008369 0.481051 0.493321 0.007464
2 3 0.002678 0.005467 0.775459 0.214783 0.001614
2 3 0.012824 0.014882 0.637067 0.326631 0.008596
3 3 0.008330 0.003923 0.236524 0.743459 0.007763
3 3 0.019234 0.012799 0.379242 0.572706 0.016018
3 3 0.012614 0.007554 0.360968 0.608492 0.010372
3 3 0.010160 0.006915 0.368281 0.606127 0.008516
2 3 0.005669 0.006623 0.591555 0.392161 0.003992
3 3 0.011696 0.009198 0.474347 0.495932 0.008827
3 3 0.011942 0.007617 0.387711 0.583133 0.009596
3 3 0.009057 0.002904 0.117195 0.860651 0.010191
3 3 0.014331 0.009589 0.409421 0.555288 0.011370
3 3 0.014076 0.006074 0.194513 0.771140 0.014198
3 3 0.008753 0.005768 0.367356 0.610878 0.007244
3 3 0.011672 0.005839 0.254973 0.716701 0.010815
3 3 0.012773 0.004607 0.120821 0.846936 0.014862
3 3 0.008439 0.003518 0.181744 0.797768 0.008530
3 3 0.006300 0.001841 0.096233 0.888270 0.007356
3 3 0.009835 0.003290 0.109174 0.866146 0.011555
3 3 0.002959 0.001259 0.154095 0.838593 0.003094
3 3 0.014582 0.007196 0.261205 0.703620 0.013398
3 3 0.010542 0.004088 0.167663 0.806822 0.010884
3 3 0.008726 0.002902 0.089618 0.887745 0.011009
3 3 0.007552 0.002338 0.099864 0.881346 0.008900
3 3 0.008574 0.002862 0.084888 0.892626 0.011051
3 3 0.011967 0.004362 0.167461 0.804014 0.012195
3 3 0.005572 0.001649 0.071208 0.914273 0.007298
3 3 0.009171 0.002974 0.112922 0.864422 0.010511
3 3 0.009516 0.003854 0.185217 0.791909 0.009503
3 3 0.006391 0.001868 0.098591 0.885754 0.007397
3 3 0.009021 0.002923 0.109805 0.867804 0.010446
3 3 0.006068 0.001896 0.062923 0.920622 0.008490
3 3 0.011306 0.003985 0.107895 0.863200 0.013614
3 3 0.010618 0.003572 0.123153 0.850714 0.011943
3 3 0.018215 0.008563 0.249398 0.706857 0.016967
3 3 0.012541 0.004401 0.135591 0.833653 0.013813
3 3 0.005418 0.001567 0.076414 0.909748 0.006854
3 3 0.009566 0.003121 0.118566 0.857959 0.010789
3 3 0.014383 0.005431 0.118712 0.844333 0.017141
3 3 0.010367 0.003513 0.112872 0.861160 0.012088
3 3 0.010457 0.003519 0.119273 0.854844 0.011908
3 3 0.009161 0.003108 0.088368 0.887654 0.011708
3 3 0.009592 0.003248 0.097437 0.877907 0.011816
3 3 0.010038 0.003489 0.092439 0.881298 0.012737
3 3 0.008650 0.002994 0.071329 0.904980 0.012046
3 3 0.012356 0.004362 0.127373 0.841935 0.013974
3 3 0.010548 0.003556 0.120073 0.853832 0.011990
3 3 0.008506 0.002663 0.123656 0.855892 0.009282
3 3 0.008434 0.002793 0.085958 0.892028 0.010787
3 3 0.017582 0.006880 0.145791 0.810151 0.019596
3 3 0.006968 0.002147 0.087714 0.894572 0.008599
3 3 0.009908 0.003567 0.074900 0.897861 0.013764
3 3 0.008994 0.003009 0.091964 0.884769 0.011264
3 3 0.019316 0.007795 0.148521 0.802760 0.021607
3 3 0.008164 0.002742 0.074968 0.903089 0.011036
3 3 0.008326 0.002630 0.107916 0.871518 0.009609
3 3 0.010356 0.003605 0.097361 0.875781 0.012897
3 3 0.012145 0.004204 0.137321 0.833090 0.013241
3 3 0.009244 0.003784 0.177976 0.799588 0.009408
2 3 0.004571 0.012627 0.847573 0.132662 0.002566
2 3 0.007046 0.025399 0.862820 0.100761 0.003973
2 3 0.004847 0.029796 0.904460 0.058295 0.002601
2 3 0.002769 0.014703 0.912133 0.068936 0.001459
2 3 0.004882 0.036669 0.908941 0.046916 0.002591
2 3 0.006257 0.035872 0.892234 0.062224 0.003413
2 3 0.002024 0.012814 0.926593 0.057528 0.001041
2 3 0.002305 0.011507 0.911302 0.073677 0.001209
2 3 0.006630 0.044979 0.893103 0.051696 0.003592
2 3 0.005666 0.029686 0.892892 0.068620 0.003136
2 2 0.005673 0.034388 0.898378 0.058294 0.003267
2 2 0.004243 0.018530 0.891053 0.083865 0.002309
2 2 0.004655 0.022559 0.895155 0.075102 0.002528
2 2 0.003919 0.016136 0.888568 0.089245 0.002132
2 2 0.003473 0.018561 0.907894 0.068223 0.001850
2 2 0.005329 0.036009 0.903350 0.052454 0.002858
2 2 0.004456 0.020865 0.894325 0.077932 0.002420
2 2 0.004650 0.019739 0.886889 0.086178 0.002545
2 2 0.001892 0.015008 0.936865 0.045277 0.000957
2 2 0.009558 0.022887 0.812327 0.149621 0.005607
2 2 0.009837 0.033310 0.845201 0.105995 0.005657
2 2 0.002409 0.008014 0.876934 0.111344 0.001298
2 2 0.010937 0.067188 0.860030 0.055737 0.006108
2 2 0.003456 0.026970 0.922239 0.045535 0.001800
2 2 0.004381 0.025272 0.905414 0.062584 0.002348
2 2 0.005646 0.012078 0.810375 0.168647 0.003254
2 2 0.009594 0.027505 0.831863 0.125471 0.005567
2 2 0.001889 0.012324 0.929058 0.055762 0.000966
2 2 0.010077 0.035392 0.846750 0.101992 0.005790
1 0 0.265078 0.366305 0.254976 0.030359 0.083282
2 1 0.035117 0.271452 0.664404 0.015404 0.013623
2 2 0.001483 0.027767 0.953624 0.015280 0.001846
2 2 0.001260 0.035924 0.951558 0.008951 0.002307
2 2 0.001488 0.011005 0.942771 0.042959 0.001777
2 2 0.001434 0.033601 0.950541 0.010468 0.003956
2 2 0.005709 0.074005 0.888414 0.020255 0.011616
2 2 0.003012 0.044209 0.929245 0.019527 0.004008
2 2 0.001881 0.026352 0.948260 0.021341 0.002166
2 2 0.001745 0.015835 0.943576 0.037719 0.001126
2 2 0.001344 0.032607 0.952850 0.010788 0.002411
2 2 0.005097 0.061278 0.890032 0.019305 0.024287
2 2 0.005598 0.063401 0.893184 0.022634 0.015184
2 2 0.003849 0.048992 0.911750 0.018759 0.016650
2 2 0.002124 0.024951 0.944794 0.025174 0.002957
2 2 0.002217 0.045566 0.933566 0.011748 0.006903
2 2 0.003711 0.031247 0.923917 0.035540 0.005586
2 2 0.003917 0.067060 0.877434 0.011337 0.040252
2 2 0.014018 0.149791 0.687106 0.015509 0.133576
2 2 0.016851 0.143709 0.676146 0.020040 0.143253
2 2 0.017091 0.129964 0.583132 0.018070 0.251743
2 2 0.014374 0.146597 0.597389 0.013144 0.228495
2 2 0.014654 0.137694 0.515785 0.011861 0.320006
2 2 0.011168 0.144860 0.694575 0.012095 0.137301
2 2 0.015302 0.144540 0.597696 0.014485 0.227976
2 2 0.011490 0.131742 0.602849 0.011098 0.242822
4 2 0.020510 0.124770 0.366519 0.013698 0.474504
2 2 0.012988 0.120562 0.735463 0.019716 0.111271
2 1 0.131201 0.371210 0.409651 0.022939 0.064999
2 2 0.011192 0.145514 0.754234 0.014394 0.074667
2 2 0.016454 0.157576 0.675944 0.017747 0.132280
2 2 0.012008 0.143287 0.792722 0.019139 0.032845
2 2 0.014624 0.145434 0.663697 0.015897 0.160348
2 2 0.009322 0.139128 0.676872 0.009346 0.165332
2 2 0.010862 0.110243 0.709274 0.015886 0.153734
2 2 0.013045 0.149778 0.684607 0.014009 0.138561
2 2 0.012026 0.144331 0.687534 0.013141 0.142968
2 2 0.012114 0.139801 0.590620 0.010868 0.246598
2 2 0.012735 0.134855 0.531635 0.010493 0.310282
4 2 0.014154 0.119708 0.403764 0.009868 0.452506
2 2 0.021421 0.129547 0.600575 0.025440 0.223016
2 2 0.011334 0.116389 0.693433 0.015294 0.163551
2 2 0.015000 0.145616 0.573576 0.013230 0.252577
2 2 0.013939 0.132312 0.635957 0.015358 0.202434
2 2 0.013745 0.127562 0.726120 0.019615 0.112959
2 2 0.014360 0.147229 0.604133 0.013279 0.220999
2 2 0.009765 0.062395 0.833035 0.035592 0.059213
2 2 0.010175 0.114345 0.759293 0.016031 0.100157
2 2 0.019520 0.113086 0.763819 0.040573 0.063003
1 1 0.285421 0.449860 0.194717 0.011611 0.058391
2 2 0.021891 0.253272 0.668630 0.008084 0.048123
2 2 0.003656 0.095619 0.886063 0.009791 0.004872
2 2 0.002864 0.088659 0.896395 0.008131 0.003951
2 2 0.002423 0.069137 0.916644 0.010142 0.001655
2 2 0.008228 0.125092 0.836015 0.016448 0.014217
2 2 0.001760 0.064988 0.924409 0.007554 0.001289
2 2 0.003724 0.093128 0.888874 0.011045 0.003228
2 2 0.001521 0.048714 0.939700 0.008736 0.001329
2 2 0.003593 0.093893 0.888388 0.010085 0.004041
2 2 0.006024 0.108853 0.864173 0.015385 0.005565
2 2 0.005415 0.105417 0.869896 0.014202 0.005070
2 2 0.002928 0.070650 0.910944 0.010607 0.004872
2 2 0.003703 0.093928 0.888056 0.010630 0.003682
2 2 0.003152 0.079220 0.903352 0.010655 0.003620
2 2 0.001962 0.075292 0.914104 0.007050 0.001592
2 2 0.003938 0.093283 0.887896 0.012122 0.002761
2 2 0.004984 0.082478 0.890853 0.019149 0.002536
2 1 0.035187 0.240727 0.687806 0.022933 0.013347
2 2 0.002748 0.081702 0.904141 0.009862 0.001547
2 2 0.000742 0.036854 0.956323 0.005522 0.000560
2 2 0.002093 0.055867 0.929538 0.011130 0.001372
2 2 0.002862 0.083493 0.901960 0.009885 0.001799
2 2 0.000849 0.025508 0.962727 0.010522 0.000395
2 2 0.002484 0.082725 0.904354 0.007917 0.002520
2 2 0.002202 0.076636 0.911604 0.008182 0.001377
2 2 0.001148 0.029403 0.956366 0.012552 0.000531
2 2 0.002242 0.075401 0.912410 0.008892 0.001055
2 2 0.002110 0.034618 0.941904 0.020338 0.001030
2 2 0.001848 0.064653 0.924087 0.008422 0.000990
2 2 0.002089 0.050582 0.933538 0.012304 0.001487
2 2 0.001153 0.031288 0.955256 0.011770 0.000532
2 2 0.002126 0.046782 0.935483 0.014588 0.001021
2 2 0.002849 0.054743 0.924229 0.016781 0.001399
2 1 0.012598 0.049303 0.840887 0.089941 0.007271
2 2 0.014633 0.158239 0.798702 0.021789 0.006637
1 1 0.152387 0.391246 0.388469 0.023357 0.044542
2 2 0.002824 0.076267 0.907468 0.009612 0.003829
2 2 0.002151 0.074362 0.913844 0.008635 0.001009
2 2 0.005224 0.119584 0.863542 0.009593 0.002056
2 2 0.001659 0.068171 0.922224 0.007182 0.000763
2 2 0.002292 0.068225 0.918149 0.010247 0.001087
2 2 0.002522 0.078413 0.908205 0.009661 0.001199
2 2 0.001382 0.064079 0.927599 0.006315 0.000625
2 2 0.002122 0.072473 0.915638 0.008772 0.000996
2 2 0.001713 0.042939 0.941845 0.012695 0.000808
2 2 0.002871 0.084353 0.901126 0.009615 0.002035
2 2 0.002208 0.065173 0.921198 0.010375 0.001046
2 2 0.002065 0.055019 0.930202 0.011733 0.000980
2 2 0.002878 0.075391 0.908643 0.011698 0.001390
2 2 0.001918 0.064625 0.923585 0.008976 0.000896
2 2 0.001761 0.049745 0.936610 0.011057 0.000827
2 2 0.001762 0.034571 0.946093 0.016731 0.000844
2 2 0.001649 0.014086 0.941571 0.041869 0.000825
2 2 0.002874 0.056025 0.923197 0.016494 0.001410
2 2 0.002209 0.039518 0.938779 0.018419 0.001075
2 2 0.003151 0.036730 0.929142 0.029380 0.001598
2 2 0.001852 0.053738 0.932846 0.010694 0.000870
2 2 0.003897 0.056811 0.914721 0.022600 0.001972
2 2 0.003507 0.068921 0.909709 0.016127 0.001737
2 2 0.001705 0.031265 0.948134 0.018078 0.000819
2 2 0.002503 0.064179 0.919996 0.012121 0.001202
2 2 0.003080 0.069058 0.912390 0.013967 0.001505
2 2 0.001984 0.029692 0.944771 0.022583 0.000970
2 2 0.002760 0.036352 0.933747 0.025760 0.001381
2 2 0.000732 0.014308 0.967510 0.017113 0.000337
2 2 0.004834 0.097051 0.880412 0.015272 0.002431
2 1 0.106969 0.317614 0.497729 0.036914 0.040774
2 2 0.005707 0.101365 0.871757 0.015736 0.005435
2 2 0.002287 0.049289 0.932829 0.013784 0.001811
2 2 0.003126 0.070884 0.910366 0.012063 0.003561
2 2 0.001595 0.019013 0.949432 0.029177 0.000782
2 2 0.005401 0.110131 0.862968 0.012156 0.009343
2 2 0.002592 0.030269 0.936327 0.029511 0.001302
2 2 0.002753 0.038272 0.933344 0.024258 0.001373
2 2 0.001801 0.028929 0.948713 0.016498 0.004058
2 2 0.001536 0.036178 0.948218 0.010844 0.003224
2 2 0.002731 0.018308 0.928176 0.047484 0.003301
2 2 0.003988 0.026135 0.916158 0.049707 0.004013
2 2 0.001572 0.032426 0.950113 0.012632 0.003258
2 2 0.002790 0.025561 0.934533 0.033778 0.003338
2 2 0.004631 0.066060 0.901444 0.018399 0.009466
2 2 0.001539 0.012410 0.943493 0.041273 0.001285
2 2 0.002614 0.030925 0.937551 0.023101 0.005809
2 2 0.003596 0.043921 0.920803 0.021023 0.010657
2 2 0.002793 0.030240 0.935672 0.026685 0.004611
2 2 0.001540 0.013396 0.947959 0.034809 0.002297
2 2 0.001465 0.035842 0.948382 0.009783 0.004527
2 2 0.005935 0.033297 0.897013 0.056619 0.007137
2 2 0.003238 0.033870 0.929213 0.026175 0.007504
2 2 0.010140 0.042264 0.859237 0.076343 0.012016
2 2 0.003058 0.051001 0.919409 0.014078 0.012454
2 2 0.002971 0.026646 0.932609 0.033069 0.004705
2 2 0.002073 0.024346 0.945341 0.022833 0.005407
2 2 0.001152 0.013871 0.957965 0.025832 0.001180
2 2 0.003480 0.037606 0.926026 0.025562 0.007326
2 2 0.001690 0.018260 0.949810 0.028079 0.002162
2 2 0.006156 0.032288 0.892933 0.055852 0.012770
2 2 0.003222 0.023459 0.926722 0.039239 0.007357
2 2 0.098732 0.151688 0.590503 0.113041 0.046035
2 2 0.044027 0.283516 0.634734 0.018230 0.019494
2 2 0.004966 0.106880 0.872665 0.011992 0.003497
2 2 0.001656 0.025720 0.950046 0.021776 0.000801
2 2 0.010521 0.057655 0.860786 0.053365 0.017673
2 2 0.021373 0.156696 0.555380 0.018673 0.247878
2 2 0.018612 0.147037 0.521245 0.015319 0.297786
2 2 0.019271 0.181531 0.714369 0.018083 0.066746
2 2 0.016894 0.145215 0.534290 0.014115 0.289486
2 2 0.006185 0.109727 0.783445 0.009258 0.091385
2 2 0.015021 0.133614 0.480291 0.011590 0.359484
4 4 0.018503 0.126707 0.394718 0.012806 0.447265
2 4 0.023697 0.147091 0.462301 0.018106 0.348804
2 4 0.016179 0.141791 0.520157 0.013221 0.308652
2 4 0.011152 0.145736 0.737220 0.013529 0.092363
4 4 0.017540 0.086340 0.141548 0.004118 0.750455
4 4 0.017354 0.077901 0.103037 0.003140 0.798567
2 4 0.018393 0.147866 0.530667 0.015342 0.287732
4 4 0.024757 0.102221 0.158667 0.005940 0.708414
4 4 0.021054 0.117994 0.275485 0.009325 0.576142
4 4 0.017088 0.062881 0.083476 0.005422 0.831133
4 2 0.023531 0.116081 0.368149 0.017797 0.474442
4 2 0.015390 0.064062 0.099435 0.005646 0.815467
4 2 0.013673 0.042050 0.050998 0.006725 0.886554
4 2 0.014064 0.059691 0.067665 0.002424 0.856157
4 2 0.007724 0.037124 0.052144 0.002679 0.900330
4 2 0.007956 0.017695 0.009529 0.001766 0.963054
4 2 0.015228 0.018539 0.005821 0.002493 0.957919
0 1 0.411375 0.332227 0.105094 0.013904 0.137400
4 1 0.018207 0.162265 0.333327 0.004536 0.481665
2 2 0.012879 0.149594 0.690500 0.014004 0.133023
2 2 0.012573 0.145114 0.633792 0.012147 0.196374
4 2 0.016082 0.103460 0.296715 0.009732 0.574011
4 4 0.012157 0.028543 0.026600 0.006852 0.925847
4 4 0.023610 0.109520 0.226265 0.009315 0.631289
4 4 0.016830 0.126956 0.412053 0.011818 0.432344
4 4 0.019265 0.107146 0.180271 0.004403 0.688915
4 4 0.008315 0.034578 0.041083 0.002611 0.913413
4 4 0.018161 0.082993 0.102442 0.002533 0.793872
4 4 0.083778 0.274012 0.222707 0.006728 0.412775
2 4 0.020336 0.157370 0.493093 0.013251 0.315951
4 4 0.013896 0.101991 0.308977 0.008547 0.566589
4 4 0.021115 0.106965 0.164648 0.004311 0.702960
4 4 0.012630 0.073343 0.127767 0.002961 0.783298
4 4 0.007222 0.030783 0.027140 0.001114 0.933741
4 4 0.014297 0.104528 0.240602 0.005059 0.635513
4 4 0.015672 0.127649 0.337150 0.006849 0.512679
4 4 0.012116 0.074024 0.151498 0.003793 0.758569
4 4 0.017750 0.126256 0.247218 0.004656 0.604119
4 1 0.059962 0.199999 0.201709 0.007220 0.531111
4 1 0.034775 0.145196 0.190602 0.005985 0.623442
4 1 0.019252 0.128615 0.228003 0.004323 0.619808
4 4 0.010224 0.063441 0.117598 0.002818 0.805918
4 4 0.008515 0.038172 0.041975 0.001771 0.909567
4 4 0.009899 0.011513 0.002804 0.001314 0.974471
4 4 0.014369 0.074637 0.109692 0.002682 0.798620
4 4 0.012786 0.060810 0.076683 0.002296 0.847425
4 4 0.010317 0.063597 0.161174 0.006136 0.758775
4 4 0.030586 0.105664 0.109827 0.003715 0.750208
4 4 0.011613 0.063886 0.073883 0.001233 0.849385
4 4 0.011223 0.036398 0.019867 0.000743 0.931769
4 4 0.011373 0.034400 0.020750 0.001154 0.932323
4 4 0.009336 0.047289 0.060722 0.001928 0.880724
4 4 0.014443 0.104816 0.318041 0.008996 0.553703
4 4 0.011455 0.069864 0.124233 0.002698 0.791749
4 4 0.012468 0.066796 0.121765 0.004123 0.794849
4 4 0.010770 0.053869 0.063377 0.001641 0.870343
4 4 0.012289 0.077796 0.205125 0.006269 0.698522
4 4 0.010674 0.053776 0.062856 0.001582 0.871112
4 4 0.012087 0.072562 0.145006 0.003759 0.766585
4 4 0.054509 0.153242 0.167329 0.008604 0.616316
4 4 0.045902 0.119068 0.080356 0.002877 0.751797
