0 0 0.893402 0.030860 0.021627 0.051549 0.002561
0 0 0.903403 0.038168 0.022876 0.029777 0.005777
0 0 0.923021 0.034656 0.020752 0.015095 0.006476
0 0 0.969986 0.014973 0.008385 0.003439 0.003217
0 0 0.973233 0.012751 0.007894 0.004170 0.001952
0 0 0.966771 0.015994 0.008496 0.005538 0.003202
0 0 0.949496 0.021570 0.012364 0.013279 0.003291
0 0 0.964666 0.016929 0.009967 0.005392 0.003045
0 0 0.946046 0.024105 0.017682 0.008967 0.003200
0 0 0.952212 0.019860 0.014068 0.011668 0.002191
0 0 0.572118 0.157817 0.158527 0.085093 0.026445
0 0 0.802457 0.085026 0.056869 0.038461 0.017187
0 0 0.899879 0.046000 0.031499 0.013787 0.008834
0 0 0.794428 0.051232 0.063483 0.084358 0.006499
0 0 0.808631 0.084926 0.059065 0.029354 0.018025
0 0 0.913878 0.040867 0.026043 0.010024 0.009189
0 0 0.780434 0.078398 0.078032 0.053147 0.009990
0 0 0.722278 0.076038 0.100204 0.090924 0.010557
0 0 0.920077 0.036600 0.025658 0.011397 0.006267
0 0 0.866968 0.053232 0.045211 0.028507 0.006083
0 0 0.430774 0.050105 0.095169 0.419934 0.004018
0 0 0.948268 0.025447 0.014332 0.005619 0.006335
0 0 0.924371 0.036600 0.022100 0.007710 0.009219
0 0 0.924552 0.036879 0.021132 0.006778 0.010659
3 0 0.265786 0.034774 0.165031 0.530977 0.003432
0 0 0.609922 0.081206 0.128787 0.168934 0.011151
0 0 0.885965 0.050842 0.036749 0.017744 0.008700
0 0 0.957481 0.018199 0.010389 0.011265 0.002665
0 0 0.949378 0.024009 0.013922 0.007911 0.004780
0 0 0.953211 0.020954 0.011730 0.010533 0.003572
0 0 0.935049 0.026020 0.014373 0.020567 0.003990
0 0 0.859638 0.057578 0.035838 0.036927 0.010019
0 0 0.767809 0.062928 0.072132 0.089811 0.007320
0 0 0.638943 0.058621 0.105955 0.190249 0.006232
0 0 0.406817 0.189199 0.266752 0.104917 0.032315
0 0 0.394947 0.087696 0.345737 0.152720 0.018900
0 0 0.796172 0.044493 0.051485 0.102863 0.004987
0 0 0.933982 0.029199 0.020107 0.012466 0.004247
0 0 0.924144 0.035440 0.021927 0.011285 0.007204
0 0 0.956969 0.021224 0.012092 0.004827 0.004888
0 0 0.955298 0.018428 0.009897 0.013612 0.002764
0 0 0.939293 0.027422 0.018838 0.010300 0.004146
0 0 0.942122 0.027277 0.017512 0.008054 0.005035
0 0 0.775716 0.083753 0.073266 0.056703 0.010562
0 0 0.568631 0.162756 0.139848 0.103647 0.025118
0 0 0.813530 0.074717 0.060498 0.041212 0.010044
0 0 0.829772 0.070542 0.056367 0.033192 0.010127
0 0 0.692131 0.115245 0.108385 0.068644 0.015595
0 0 0.675523 0.134558 0.102872 0.061039 0.026008
0 0 0.731727 0.093743 0.090461 0.075059 0.009010
0 0 0.691861 0.106309 0.114046 0.076340 0.011445
0 0 0.892292 0.048325 0.034630 0.016401 0.008352
0 0 0.844875 0.056935 0.050293 0.039652 0.008245
0 0 0.729122 0.111791 0.093295 0.043665 0.022127
0 0 0.906979 0.036476 0.026806 0.025558 0.004180
0 0 0.935161 0.029998 0.019095 0.010343 0.005403
0 0 0.954720 0.021101 0.012726 0.007806 0.003648
0 0 0.929674 0.032408 0.022067 0.010284 0.005567
0 0 0.872200 0.059396 0.038570 0.015913 0.013922
0 0 0.920637 0.037158 0.023933 0.010800 0.007472
0 0 0.902086 0.044234 0.031463 0.014588 0.007629
0 0 0.912660 0.037155 0.029289 0.016238 0.004659
0 0 0.928943 0.031467 0.022234 0.012771 0.004585
0 0 0.855458 0.050766 0.052367 0.034559 0.006850
0 0 0.952243 0.023207 0.013659 0.005922 0.004969
0 0 0.965767 0.015479 0.009955 0.006703 0.002097
0 0 0.958246 0.018325 0.010255 0.010292 0.002883
0 0 0.882712 0.048259 0.034693 0.027536 0.006800
0 0 0.914884 0.030498 0.020815 0.030584 0.003219
0 0 0.950271 0.020938 0.009070 0.015184 0.004537
0 0 0.952372 0.022391 0.015101 0.006463 0.003672
0 0 0.969234 0.014566 0.008566 0.005231 0.002402
0 0 0.945825 0.024071 0.017277 0.009621 0.003206
0 0 0.913501 0.037079 0.026310 0.017873 0.005237
0 0 0.970585 0.014615 0.008330 0.003476 0.002995
0 0 0.943500 0.024956 0.017674 0.010518 0.003352
0 0 0.972060 0.013565 0.007960 0.004035 0.002380
0 0 0.959573 0.019361 0.012323 0.005345 0.003398
0 1 0.922061 0.036314 0.023043 0.011386 0.007196
0 1 0.947447 0.024905 0.016111 0.007015 0.004522
0 1 0.966265 0.016706 0.009714 0.003819 0.003496
0 0 0.951164 0.022274 0.016199 0.007268 0.003095
0 0 0.950185 0.022609 0.016574 0.007545 0.003088
0 0 0.900107 0.043596 0.033009 0.016911 0.006377
0 0 0.767396 0.072843 0.088768 0.061995 0.008998
0 0 0.745576 0.071218 0.112449 0.060070 0.010686
0 0 0.505250 0.066019 0.162007 0.260228 0.006496
0 0 0.639611 0.072025 0.145688 0.135062 0.007614
0 0 0.776578 0.080850 0.088072 0.044522 0.009977
0 0 0.944727 0.022309 0.015477 0.015006 0.002480
0 0 0.913701 0.033413 0.024064 0.025075 0.003747
0 0 0.907137 0.041576 0.024135 0.018700 0.008452
3 0 0.291960 0.068264 0.220678 0.406956 0.012142
0 0 0.873595 0.057638 0.039232 0.017751 0.011783
0 0 0.976367 0.011612 0.007012 0.003033 0.001976
0 0 0.841108 0.072227 0.048707 0.021824 0.016134
0 0 0.910343 0.039544 0.029575 0.014704 0.005834
0 0 0.922138 0.035209 0.025359 0.011722 0.005571
0 1 0.807741 0.076935 0.064214 0.041002 0.010108
0 1 0.830958 0.069984 0.056022 0.033057 0.009980
0 1 0.864033 0.053461 0.046400 0.030321 0.005785
0 0 0.701095 0.080508 0.141271 0.068832 0.008294
0 0 0.728460 0.080417 0.110727 0.070095 0.010301
0 0 0.885303 0.051370 0.036723 0.017563 0.009041
0 0 0.950820 0.023938 0.014948 0.005278 0.005016
0 0 0.853015 0.041922 0.049976 0.051353 0.003734
0 0 0.925402 0.030019 0.021877 0.019282 0.003420
0 0 0.605551 0.040900 0.094973 0.255432 0.003144
0 0 0.714815 0.041466 0.052388 0.188592 0.002739
0 0 0.566016 0.130176 0.180747 0.098045 0.025016
0 0 0.958712 0.019669 0.012141 0.005990 0.003489
0 0 0.858887 0.051267 0.042969 0.039513 0.007364
0 0 0.978337 0.010354 0.005094 0.004280 0.001934
0 0 0.937807 0.030458 0.015918 0.007096 0.008722
0 0 0.971817 0.014000 0.007798 0.003511 0.002874
0 0 0.910292 0.040794 0.028797 0.013079 0.007039
0 0 0.977123 0.011435 0.006288 0.002889 0.002265
0 0 0.948646 0.024644 0.015472 0.006416 0.004822
0 1 0.569620 0.175740 0.134328 0.082979 0.037334
0 1 0.478189 0.204693 0.163597 0.111966 0.041556
2 1 0.116774 0.299376 0.343865 0.102085 0.137899
1 1 0.211191 0.292410 0.274838 0.088141 0.133421
1 1 0.241690 0.303732 0.157878 0.059583 0.237117
2 1 0.079434 0.246797 0.488479 0.079666 0.105623
2 1 0.085557 0.256993 0.462272 0.083760 0.111417
2 2 0.030445 0.135588 0.743912 0.039494 0.050561
2 2 0.019157 0.098750 0.819683 0.027589 0.034821
2 2 0.005097 0.038418 0.935141 0.009630 0.011714
2 2 0.009691 0.061034 0.893236 0.016104 0.019934
2 2 0.010120 0.062949 0.889606 0.016668 0.020657
2 2 0.004799 0.036778 0.938104 0.009176 0.011143
2 2 0.007305 0.049827 0.914232 0.012851 0.015785
2 2 0.003262 0.027768 0.954166 0.006723 0.008082
2 2 0.005880 0.041435 0.927218 0.012136 0.013331
2 2 0.003523 0.027249 0.950562 0.009794 0.008871
2 2 0.003748 0.027079 0.946894 0.012752 0.009527
2 2 0.006583 0.046226 0.920885 0.011824 0.014482
2 2 0.004496 0.034004 0.940907 0.009911 0.010682
2 2 0.004196 0.028788 0.941242 0.015228 0.010547
2 2 0.004412 0.031913 0.940939 0.012017 0.010719
2 2 0.002115 0.016405 0.964007 0.011369 0.006104
2 2 0.005362 0.033583 0.927572 0.020441 0.013042
2 2 0.004305 0.027627 0.937163 0.019888 0.011017
2 2 0.004953 0.026877 0.916574 0.038719 0.012876
2 3 0.012430 0.054009 0.827585 0.080194 0.025783
2 3 0.008584 0.038003 0.829891 0.105103 0.018420
2 3 0.006231 0.029527 0.860200 0.089710 0.014332
2 3 0.009027 0.032066 0.649144 0.292102 0.017660
3 3 0.004566 0.015812 0.463311 0.507907 0.008403
2 3 0.006939 0.026650 0.730830 0.220389 0.015192
2 3 0.008085 0.027103 0.559892 0.389650 0.015270
3 3 0.007033 0.021896 0.419980 0.538959 0.012131
3 3 0.005678 0.017653 0.368786 0.598336 0.009547
2 3 0.010881 0.037211 0.615591 0.316224 0.020092
3 3 0.009868 0.026387 0.300885 0.647968 0.014891
3 3 0.005856 0.016509 0.266065 0.702639 0.008931
3 3 0.006852 0.019498 0.301944 0.661034 0.010672
3 3 0.009814 0.027795 0.335710 0.611903 0.014778
3 3 0.006256 0.021201 0.439454 0.522781 0.010308
3 3 0.004854 0.012036 0.122882 0.854426 0.005802
3 3 0.004530 0.011929 0.122654 0.855797 0.005090
3 3 0.005987 0.017078 0.302074 0.665156 0.009704
3 3 0.009082 0.023327 0.221155 0.734284 0.012151
3 3 0.004230 0.012993 0.259391 0.717128 0.006257
3 3 0.007300 0.017800 0.141685 0.824686 0.008529
3 3 0.008841 0.021493 0.183221 0.775017 0.011428
3 3 0.002820 0.007020 0.057606 0.929993 0.002562
3 3 0.006929 0.016994 0.169451 0.797516 0.009111
3 3 0.007218 0.019352 0.225555 0.737958 0.009916
3 3 0.003814 0.011901 0.299814 0.678190 0.006281
3 3 0.005074 0.015906 0.338134 0.632664 0.008223
3 3 0.007579 0.019078 0.178582 0.785107 0.009653
3 3 0.004088 0.010143 0.100756 0.880427 0.004585
3 3 0.005497 0.014413 0.174648 0.798204 0.007238
3 3 0.004381 0.010815 0.091430 0.888805 0.004568
3 3 0.002746 0.006878 0.071651 0.915891 0.002833
3 3 0.002545 0.006805 0.094014 0.893750 0.002885
3 3 0.005841 0.014357 0.131593 0.841274 0.006936
3 3 0.002359 0.005925 0.061212 0.928180 0.002324
3 3 0.011094 0.026766 0.205080 0.742585 0.014475
3 3 0.004131 0.010192 0.079066 0.902575 0.004035
3 3 0.004761 0.011712 0.090766 0.887925 0.004836
3 3 0.013185 0.031563 0.200182 0.738842 0.016227
3 3 0.004876 0.012104 0.116941 0.860437 0.005642
3 3 0.004734 0.011657 0.093808 0.884895 0.004906
3 3 0.004827 0.011872 0.092784 0.885571 0.004946
3 3 0.012008 0.028794 0.176872 0.768277 0.014049
3 3 0.007075 0.017174 0.106295 0.862383 0.007073
3 3 0.002343 0.005884 0.059707 0.929785 0.002282
3 3 0.006322 0.015441 0.113711 0.857762 0.006764
3 3 0.005233 0.012914 0.122605 0.853110 0.006137
3 3 0.003919 0.009677 0.074581 0.908065 0.003758
3 3 0.006710 0.016706 0.161584 0.806518 0.008482
3 3 0.004765 0.011734 0.095972 0.882537 0.004992
3 3 0.007381 0.018250 0.164350 0.800787 0.009231
3 3 0.009346 0.022479 0.120818 0.838014 0.009342
3 3 0.010725 0.025832 0.172992 0.777705 0.012747
3 3 0.004797 0.011838 0.107557 0.870458 0.005350
3 3 0.003220 0.007976 0.059100 0.926842 0.002863
3 3 0.005317 0.013097 0.120364 0.855072 0.006150
3 3 0.003545 0.008819 0.086139 0.897714 0.003783
3 3 0.003058 0.007584 0.056214 0.930461 0.002682
3 3 0.002344 0.005840 0.042176 0.947751 0.001888
3 3 0.003082 0.007649 0.059370 0.927120 0.002779
3 3 0.011947 0.028653 0.176470 0.768952 0.013977
2 2 0.034947 0.148651 0.716117 0.043870 0.056415
2 3 0.028230 0.128857 0.758041 0.037271 0.047601
2 3 0.025305 0.119629 0.777205 0.034257 0.043603
2 2 0.014133 0.079798 0.857172 0.021722 0.027175
2 2 0.012586 0.073516 0.869366 0.019819 0.024713
2 2 0.015485 0.085098 0.846793 0.023344 0.029281
2 2 0.005019 0.037989 0.935916 0.009511 0.011565
2 2 0.009619 0.060706 0.893856 0.016008 0.019811
2 2 0.007872 0.052583 0.909109 0.013643 0.016792
2 2 0.010794 0.065913 0.883964 0.017545 0.021783
2 2 0.005415 0.040142 0.932014 0.010110 0.012318
2 2 0.007425 0.050418 0.913136 0.013021 0.016000
2 2 0.013479 0.077172 0.862283 0.020924 0.026141
2 2 0.012109 0.071530 0.873197 0.019222 0.023942
2 2 0.006266 0.044607 0.923861 0.011365 0.013902
2 2 0.005421 0.040171 0.931961 0.010119 0.012329
2 2 0.008626 0.056153 0.902434 0.014677 0.018110
2 2 0.006241 0.044482 0.924091 0.011330 0.013857
2 2 0.006559 0.046106 0.921106 0.011790 0.014439
2 2 0.007608 0.051310 0.911479 0.013277 0.016325
2 2 0.007074 0.048687 0.916344 0.012525 0.015371
2 2 0.006389 0.045240 0.922698 0.011544 0.014128
2 2 0.005320 0.039628 0.932948 0.009967 0.012138
2 2 0.010054 0.062656 0.890163 0.016582 0.020546
2 2 0.008368 0.045461 0.895886 0.031322 0.018964
2 2 0.006734 0.046991 0.919476 0.012041 0.014757
2 2 0.005162 0.034925 0.932545 0.015045 0.012323
2 2 0.004246 0.032067 0.943262 0.010170 0.010255
2 2 0.009412 0.059772 0.895621 0.015734 0.019460
2 2 0.009913 0.062030 0.891350 0.016397 0.020310
2 2 0.004465 0.024136 0.916122 0.043535 0.011742
2 3 0.010368 0.058358 0.884444 0.024998 0.021832
2 3 0.007603 0.050126 0.911219 0.014594 0.016459
2 3 0.015393 0.083671 0.847158 0.024497 0.029281
2 3 0.004563 0.024251 0.916704 0.042188 0.012294
2 3 0.003587 0.021997 0.939199 0.025409 0.009808
2 3 0.009639 0.056938 0.892012 0.021063 0.020348
2 3 0.004268 0.025598 0.930306 0.028854 0.010973
2 3 0.020149 0.078459 0.767491 0.095796 0.038106
2 3 0.024728 0.110905 0.777566 0.043037 0.043763
2 2 0.017579 0.086425 0.827707 0.034913 0.033377
2 2 0.002788 0.021199 0.957153 0.011332 0.007528
2 2 0.018711 0.088557 0.817749 0.039626 0.035358
2 2 0.003465 0.021714 0.941750 0.023586 0.009484
2 2 0.010679 0.059588 0.881752 0.025612 0.022370
2 2 0.007863 0.052540 0.909189 0.013631 0.016776
2 2 0.006043 0.038960 0.923526 0.017403 0.014068
2 2 0.005571 0.034832 0.925861 0.020319 0.013417
2 2 0.003866 0.028166 0.946063 0.012193 0.009713
2 2 0.005196 0.038959 0.934161 0.009781 0.011903
2 2 0.005204 0.037043 0.933445 0.012148 0.012159
2 2 0.005257 0.039289 0.933562 0.009873 0.012019
2 2 0.009218 0.053714 0.894586 0.022672 0.019810
2 2 0.005194 0.035875 0.932871 0.013778 0.012282
2 2 0.014488 0.075992 0.851925 0.029158 0.028437
2 2 0.009759 0.053730 0.887415 0.028019 0.021078
2 2 0.004187 0.026363 0.936868 0.021708 0.010874
2 2 0.014266 0.076920 0.854778 0.026196 0.027839
2 3 0.008620 0.050624 0.899423 0.022511 0.018823
2 3 0.009764 0.036026 0.721273 0.212735 0.020202
2 3 0.012587 0.052504 0.815795 0.092750 0.026364
2 3 0.010489 0.041061 0.776522 0.149808 0.022120
2 3 0.014702 0.047961 0.630308 0.279654 0.027374
3 3 0.014554 0.039123 0.418948 0.502825 0.024550
2 3 0.015515 0.049193 0.555636 0.353650 0.026006
3 3 0.012928 0.036645 0.380487 0.550400 0.019540
3 3 0.013084 0.036735 0.393366 0.536351 0.020464
2 3 0.007983 0.028359 0.636067 0.311760 0.015832
2 3 0.006065 0.032534 0.906445 0.040190 0.014765
2 2 0.024808 0.118019 0.780526 0.033735 0.042913
2 2 0.032739 0.142343 0.729601 0.041747 0.053570
2 2 0.009905 0.061991 0.891423 0.016386 0.020295
2 2 0.004958 0.033475 0.934203 0.015386 0.011978
2 2 0.013830 0.074360 0.857697 0.026852 0.027262
2 2 0.009165 0.055011 0.896212 0.020103 0.019509
2 2 0.004184 0.031438 0.943774 0.010438 0.010165
2 2 0.006821 0.047429 0.918668 0.012166 0.014915
2 2 0.004214 0.031011 0.943118 0.011357 0.010300
2 2 0.006238 0.041562 0.922973 0.015012 0.014215
2 2 0.005065 0.033418 0.932441 0.016805 0.012271
2 2 0.009615 0.060689 0.893888 0.016003 0.019805
2 2 0.003499 0.025113 0.948903 0.013401 0.009084
2 2 0.007977 0.048166 0.905577 0.020662 0.017618
2 2 0.005652 0.041405 0.929716 0.010464 0.012764
2 2 0.004155 0.028887 0.942089 0.014452 0.010418
2 2 0.004590 0.031984 0.938381 0.013854 0.011191
2 2 0.010873 0.066256 0.883309 0.017647 0.021915
2 2 0.007546 0.047617 0.910627 0.017564 0.016647
2 2 0.002206 0.016062 0.960692 0.014592 0.006449
2 2 0.007626 0.051394 0.911323 0.013301 0.016356
2 2 0.006605 0.043980 0.919853 0.014745 0.014817
2 2 0.004506 0.028335 0.934380 0.021303 0.011476
2 2 0.011294 0.068071 0.879839 0.018187 0.022609
0 1 0.347398 0.270461 0.184640 0.103546 0.093955
2 2 0.008546 0.055776 0.903140 0.014568 0.017970
2 2 0.016310 0.088257 0.840566 0.024318 0.030549
2 2 0.004259 0.033719 0.943598 0.008335 0.010090
2 2 0.006357 0.045074 0.923004 0.011497 0.014069
2 2 0.010959 0.066629 0.882598 0.017758 0.022057
2 2 0.013354 0.076806 0.862613 0.018776 0.028451
2 2 0.007858 0.052918 0.905533 0.008868 0.024824
2 2 0.023752 0.115014 0.728540 0.009677 0.123017
4 2 0.064994 0.175049 0.195476 0.006580 0.557901
4 4 0.048547 0.153570 0.267354 0.004749 0.525781
4 4 0.062092 0.116569 0.044508 0.002488 0.774343
4 4 0.035219 0.049461 0.007680 0.000416 0.907224
4 4 0.038679 0.055032 0.008954 0.000523 0.896812
4 4 0.074954 0.132684 0.043603 0.003566 0.745194
4 4 0.078688 0.165586 0.090935 0.005787 0.659004
4 4 0.056766 0.100321 0.031810 0.001798 0.809305
4 4 0.099190 0.164019 0.045689 0.006455 0.684647
4 4 0.098361 0.175218 0.060661 0.007357 0.658403
4 4 0.086548 0.166525 0.071113 0.006133 0.669682
4 4 0.061005 0.097021 0.022814 0.001786 0.817373
4 4 0.015478 0.019484 0.002046 0.000058 0.962934
4 4 0.090478 0.197213 0.122650 0.009433 0.580227
4 4 0.076065 0.148397 0.064930 0.004481 0.706127
4 4 0.019656 0.025500 0.002962 0.000106 0.951776
4 4 0.027601 0.037494 0.005169 0.000230 0.929506
4 4 0.048193 0.070760 0.012884 0.000906 0.867258
4 4 0.052176 0.087656 0.023778 0.001352 0.835038
4 4 0.040646 0.054736 0.008784 0.000525 0.895309
4 4 0.018311 0.023384 0.002457 0.000112 0.955737
4 4 0.020947 0.027430 0.003317 0.000119 0.948187
4 4 0.016726 0.021255 0.002298 0.000071 0.959649
4 4 0.017659 0.022477 0.002356 0.000098 0.957411
4 4 0.068550 0.106211 0.023442 0.002260 0.799537
4 4 0.013373 0.016261 0.001355 0.000071 0.968940
4 4 0.103152 0.078505 0.014516 0.000984 0.802843
4 4 0.045142 0.065655 0.011555 0.000768 0.876879
4 4 0.017899 0.022832 0.002419 0.000099 0.956751
0 1 0.462678 0.216686 0.098183 0.027084 0.195368
4 1 0.174247 0.289839 0.127455 0.037679 0.370779
4 1 0.169240 0.244951 0.090695 0.020046 0.475069
4 1 0.154800 0.289822 0.125893 0.036889 0.392597
4 1 0.141824 0.277021 0.134275 0.030436 0.416443
4 1 0.111945 0.272800 0.250041 0.032339 0.332875
4 2 0.117335 0.275453 0.226720 0.032226 0.348266
2 2 0.076423 0.237994 0.446752 0.035274 0.203557
2 2 0.092021 0.255998 0.343431 0.031598 0.276952
2 2 0.017413 0.092692 0.830405 0.021178 0.038311
2 2 0.009079 0.058656 0.894846 0.010285 0.027134
2 2 0.014848 0.083052 0.847919 0.016494 0.037687
2 2 0.010718 0.066102 0.878935 0.010856 0.033389
2 2 0.010437 0.064534 0.885987 0.014635 0.024408
2 2 0.004884 0.037212 0.936980 0.008536 0.012389
2 2 0.019291 0.099946 0.807674 0.016287 0.056801
2 2 0.013418 0.077703 0.849217 0.010328 0.049333
2 2 0.003814 0.030495 0.947979 0.007696 0.010016
2 2 0.004745 0.036070 0.938502 0.009198 0.011485
2 2 0.008783 0.057232 0.898246 0.010542 0.025198
2 2 0.004769 0.036777 0.937456 0.007169 0.013829
2 2 0.011124 0.067938 0.873830 0.010426 0.036682
2 2 0.011617 0.069979 0.871531 0.011785 0.035087
2 2 0.005568 0.041007 0.930366 0.009714 0.013345
2 2 0.004338 0.034174 0.942783 0.008459 0.010246
2 2 0.005853 0.042578 0.927283 0.009365 0.014921
2 2 0.004602 0.031650 0.937864 0.014616 0.011268
2 2 0.014146 0.080585 0.845414 0.011563 0.048292
2 2 0.011087 0.067930 0.868907 0.008593 0.043483
2 2 0.003841 0.025149 0.943268 0.014229 0.013513
2 2 0.006464 0.045982 0.918821 0.007569 0.021164
2 2 0.010884 0.066843 0.877224 0.010856 0.034194
2 2 0.003450 0.026315 0.950999 0.010452 0.008784
2 2 0.007537 0.050963 0.912124 0.013177 0.016199
2 2 0.004017 0.031613 0.945960 0.008717 0.009693
2 2 0.005045 0.037628 0.935552 0.010100 0.011675
2 2 0.004255 0.033700 0.943632 0.008329 0.010083
2 2 0.007892 0.052677 0.908933 0.013671 0.016827
2 2 0.004070 0.028712 0.943305 0.013705 0.010208
2 2 0.004869 0.035035 0.936681 0.011878 0.011537
2 2 0.017344 0.087233 0.830641 0.031996 0.032786
2 2 0.043788 0.172622 0.660366 0.042637 0.080587
1 1 0.245716 0.307673 0.169093 0.069806 0.207711
2 1 0.108416 0.285256 0.338063 0.055649 0.212617
2 1 0.110588 0.292172 0.365420 0.098778 0.133042
2 1 0.094694 0.271078 0.423768 0.084907 0.125552
2 1 0.012118 0.071666 0.872719 0.017860 0.025637
2 1 0.020226 0.102544 0.812055 0.028785 0.036390
2 1 0.013175 0.075935 0.864684 0.020549 0.025657
2 1 0.022345 0.110580 0.785070 0.018358 0.063647
2 1 0.011912 0.070702 0.874790 0.018974 0.023622
2 2 0.034000 0.146418 0.717302 0.033989 0.068290
2 2 0.019009 0.098737 0.815512 0.019466 0.047276
2 2 0.008995 0.057864 0.899218 0.015176 0.018746
2 2 0.010394 0.064194 0.887195 0.016574 0.021644
2 2 0.043817 0.172677 0.660637 0.043276 0.079592
2 2 0.022936 0.112017 0.792262 0.028908 0.043877
2 2 0.031322 0.138785 0.730252 0.028309 0.071332
2 2 0.019824 0.101578 0.810852 0.021288 0.046458
2 2 0.012939 0.074970 0.866554 0.020258 0.025279
2 2 0.054237 0.196942 0.577972 0.032661 0.138187
2 2 0.070812 0.222288 0.503336 0.053364 0.150200
2 2 0.050793 0.189239 0.626414 0.058001 0.075553
2 2 0.095388 0.264999 0.405080 0.069602 0.164932
2 2 0.094356 0.250855 0.407658 0.089462 0.157669
2 2 0.092324 0.267508 0.428667 0.073765 0.137736
2 2 0.099450 0.265616 0.400201 0.109263 0.125471
2 2 0.080774 0.189561 0.394813 0.208814 0.126038
4 3 0.105686 0.203885 0.213324 0.115598 0.361508
2 3 0.089222 0.193960 0.323007 0.272192 0.121620
3 3 0.030228 0.069638 0.266827 0.593950 0.039356
2 3 0.111499 0.240940 0.283752 0.236705 0.127104
1 3 0.137900 0.280890 0.225943 0.134827 0.220441
3 3 0.081286 0.179625 0.315425 0.327598 0.096065
3 3 0.027129 0.062852 0.270442 0.603299 0.036279
3 3 0.080949 0.173698 0.289955 0.331185 0.124214
3 3 0.042697 0.094674 0.314289 0.472297 0.076043
3 3 0.059467 0.126899 0.303487 0.385127 0.125020
3 3 0.043128 0.096570 0.337484 0.450211 0.072606
3 3 0.093376 0.198279 0.267591 0.304120 0.136633
3 3 0.048245 0.104786 0.223467 0.548784 0.074718
4 3 0.102562 0.199393 0.205694 0.180849 0.311501
3 3 0.014421 0.034426 0.212871 0.720267 0.018016
3 3 0.093855 0.193828 0.262765 0.264514 0.185038
3 3 0.069891 0.148296 0.288408 0.359350 0.134055
3 3 0.053127 0.112430 0.209964 0.526960 0.097519
4 3 0.100286 0.198953 0.213354 0.236657 0.250750
3 3 0.093915 0.191469 0.235091 0.284972 0.194554
3 3 0.091320 0.194656 0.277321 0.302737 0.133967
4 3 0.107834 0.211239 0.204272 0.188754 0.287902
3 3 0.086449 0.182415 0.214252 0.398454 0.118430
3 3 0.047802 0.105227 0.297728 0.467830 0.081413
3 3 0.037548 0.084019 0.190508 0.644072 0.043853
3 3 0.034394 0.078871 0.192400 0.661462 0.032873
3 3 0.062125 0.132199 0.279590 0.404178 0.121909
3 3 0.032177 0.074144 0.213586 0.646792 0.033299
3 3 0.080693 0.169639 0.281291 0.315953 0.152424
3 3 0.062838 0.134067 0.312555 0.359885 0.130656
3 3 0.044538 0.098769 0.246753 0.547093 0.062846
4 3 0.118582 0.224336 0.163697 0.118839 0.374546
3 3 0.075500 0.161147 0.278847 0.359739 0.124767
3 3 0.016848 0.039896 0.197713 0.726185 0.019358
3 3 0.026492 0.061220 0.242194 0.636229 0.033866
3 3 0.039309 0.085955 0.234260 0.572489 0.067988
3 3 0.017644 0.041557 0.165556 0.757226 0.018017
3 3 0.042649 0.097238 0.282438 0.526694 0.050981
3 3 0.072080 0.148279 0.219235 0.408359 0.152047
3 3 0.024091 0.055427 0.143826 0.753948 0.022708
3 3 0.032647 0.071678 0.192448 0.650702 0.052525
3 3 0.005200 0.012608 0.055813 0.922436 0.003942
3 3 0.071971 0.160079 0.285325 0.403689 0.078936
3 3 0.044166 0.100879 0.332884 0.464172 0.057899
3 3 0.062029 0.139107 0.293693 0.434606 0.070565
3 3 0.059059 0.132629 0.263594 0.482152 0.062567
3 3 0.038056 0.087350 0.274079 0.555818 0.044697
3 3 0.088971 0.194280 0.287577 0.324783 0.104389
3 3 0.074967 0.162910 0.275299 0.386205 0.100619
3 3 0.038433 0.088074 0.252742 0.578070 0.042681
3 3 0.056691 0.127737 0.295910 0.454061 0.065601
0 1 0.403947 0.245564 0.137518 0.112295 0.100676
2 1 0.060506 0.210753 0.576555 0.065848 0.086338
2 2 0.034677 0.147890 0.717749 0.043613 0.056070
2 2 0.010236 0.063464 0.888627 0.016820 0.020852
2 2 0.010605 0.065089 0.885535 0.017301 0.021470
2 2 0.006640 0.046426 0.920331 0.012005 0.014598
2 2 0.016587 0.089305 0.838496 0.024642 0.030971
2 2 0.089791 0.263676 0.438443 0.071569 0.136520
2 2 0.011718 0.069879 0.876373 0.018727 0.023304
2 2 0.004276 0.030671 0.941965 0.012576 0.010512
2 2 0.004576 0.035713 0.939228 0.006710 0.013773
2 2 0.006529 0.041735 0.919264 0.017546 0.014925
2 2 0.017950 0.095048 0.819122 0.015934 0.051946
2 2 0.011197 0.066996 0.879631 0.016540 0.025635
2 2 0.005468 0.040168 0.931455 0.010462 0.012447
2 2 0.013092 0.076189 0.858283 0.012518 0.039919
2 2 0.007185 0.045984 0.913985 0.016862 0.015984
2 2 0.028221 0.129533 0.728230 0.016862 0.097154
2 2 0.004059 0.027473 0.941941 0.016000 0.010528
2 2 0.007397 0.050548 0.911537 0.009698 0.020820
2 2 0.008298 0.048564 0.901636 0.023162 0.018339
2 2 0.017986 0.090052 0.819830 0.020946 0.051187
2 2 0.005670 0.041652 0.928765 0.008657 0.015257
2 2 0.016958 0.091338 0.827501 0.015578 0.048625
2 2 0.005485 0.040721 0.930089 0.007836 0.015869
2 2 0.005584 0.041044 0.930372 0.010363 0.012636
2 2 0.008548 0.055158 0.902965 0.015277 0.018052
2 2 0.008893 0.055150 0.899349 0.017753 0.018856
2 2 0.002425 0.018792 0.961077 0.010953 0.006752
2 2 0.007742 0.052319 0.907215 0.009150 0.023574
2 2 0.005003 0.036973 0.935849 0.010528 0.011647
2 2 0.005293 0.039483 0.933210 0.009927 0.012087
2 2 0.007525 0.051303 0.908564 0.008509 0.024098
2 2 0.013890 0.079782 0.828444 0.007358 0.070527
2 2 0.035537 0.149072 0.626332 0.012387 0.176673
2 2 0.028275 0.128723 0.679846 0.010047 0.153109
2 2 0.020717 0.104374 0.721272 0.006251 0.147386
2 2 0.017944 0.094878 0.753668 0.005792 0.127718
4 2 0.058032 0.184363 0.337010 0.009187 0.411407
2 2 0.041845 0.158701 0.481779 0.008103 0.309572
4 2 0.069137 0.184726 0.203389 0.007776 0.534972
4 2 0.061167 0.117588 0.048032 0.002505 0.770708
4 2 0.067246 0.160994 0.126876 0.005140 0.639745
4 2 0.067018 0.181392 0.206662 0.007373 0.537556
0 1 0.296810 0.282771 0.198423 0.068635 0.153361
2 2 0.086418 0.258375 0.458670 0.084322 0.112215
1 1 0.176273 0.313088 0.175296 0.058097 0.277247
2 2 0.008110 0.053721 0.906986 0.013972 0.017210
2 2 0.003570 0.029659 0.950826 0.007231 0.008713
2 2 0.004053 0.032526 0.945731 0.008009 0.009682
2 2 0.021897 0.108537 0.799176 0.027300 0.043090
2 2 0.007525 0.050906 0.912230 0.013161 0.016178
2 2 0.006119 0.043850 0.925248 0.011151 0.013631
2 2 0.005716 0.041741 0.929103 0.010558 0.012882
2 2 0.004586 0.035581 0.940258 0.008846 0.010730
2 2 0.004261 0.033734 0.943572 0.008339 0.010095
2 2 0.007442 0.050498 0.912988 0.013044 0.016029
2 2 0.021364 0.106737 0.802671 0.026337 0.042890
2 2 0.006111 0.043808 0.925325 0.011140 0.013616
2 2 0.007294 0.049775 0.914329 0.012836 0.015766
2 2 0.011655 0.069898 0.874994 0.014805 0.028647
2 2 0.010335 0.063922 0.887735 0.016689 0.021319
2 2 0.007697 0.051741 0.910678 0.013401 0.016483
2 2 0.010808 0.065973 0.883850 0.017563 0.021806
2 2 0.017620 0.093159 0.830851 0.025839 0.032532
2 2 0.008957 0.057689 0.899548 0.015125 0.018681
2 2 0.011252 0.067893 0.880180 0.018134 0.022541
2 2 0.004084 0.032711 0.945400 0.008059 0.009745
2 2 0.008643 0.056229 0.902290 0.014700 0.018138
2 2 0.013879 0.078782 0.859152 0.021413 0.026774
2 2 0.007081 0.048723 0.916277 0.012535 0.015384
2 2 0.008681 0.056409 0.901953 0.014752 0.018205
2 2 0.014067 0.079533 0.857688 0.021641 0.027071
2 2 0.013354 0.076663 0.863271 0.020770 0.025942
2 2 0.013784 0.078400 0.859897 0.021296 0.026624
2 2 0.013213 0.076089 0.864385 0.020596 0.025717
2 2 0.007083 0.048732 0.916261 0.012538 0.015387
2 2 0.008778 0.056857 0.901112 0.014882 0.018371
2 2 0.015613 0.085592 0.845820 0.023496 0.029479
2 1 0.097342 0.273892 0.398734 0.064388 0.165643
2 2 0.072835 0.235261 0.513599 0.064174 0.114131
0 0 0.360555 0.252768 0.117049 0.034718 0.234910
1 0 0.208969 0.316684 0.170769 0.069588 0.233990
1 1 0.161932 0.335655 0.209839 0.111786 0.180787
0 0 0.450668 0.227413 0.109137 0.033263 0.179519
0 0 0.322363 0.259707 0.116940 0.033581 0.267410
2 1 0.094513 0.270739 0.425779 0.089443 0.119526
1 1 0.160361 0.335289 0.216200 0.121180 0.166970
0 0 0.326253 0.281452 0.154110 0.061092 0.177093
1 0 0.251261 0.307302 0.172486 0.073513 0.195438
2 1 0.079638 0.247148 0.487590 0.079805 0.105819
1 1 0.156270 0.332037 0.221708 0.103924 0.186061
1 0 0.186128 0.320226 0.168873 0.067168 0.257605
1 0 0.160415 0.335311 0.216005 0.120879 0.167390
1 0 0.160361 0.335289 0.216200 0.121180 0.166970
1 0 0.161657 0.335639 0.211070 0.113536 0.178099
2 1 0.065869 0.221706 0.550452 0.069950 0.092023
2 1 0.007935 0.052883 0.908550 0.013730 0.016902
2 2 0.006675 0.046691 0.920028 0.011956 0.014649
2 2 0.006495 0.045779 0.921709 0.011697 0.014321
2 2 0.007394 0.050267 0.913417 0.012977 0.015945
2 2 0.004253 0.033685 0.943659 0.008325 0.010078
2 2 0.007565 0.051100 0.911869 0.013216 0.016249
2 2 0.005144 0.038676 0.934673 0.009702 0.011804
2 2 0.008126 0.053796 0.906846 0.013994 0.017238
2 2 0.005249 0.039245 0.933642 0.009860 0.012004
2 2 0.004596 0.035637 0.940158 0.008861 0.010749
2 2 0.009448 0.059935 0.895315 0.015782 0.019521
2 2 0.004607 0.035701 0.940041 0.008879 0.010771
2 2 0.007815 0.052308 0.909621 0.013564 0.016691
2 2 0.007065 0.048645 0.916422 0.012513 0.015355
2 2 0.013191 0.076001 0.864556 0.020569 0.025682
2 2 0.003943 0.031881 0.946880 0.007833 0.009463
2 2 0.006798 0.047312 0.918883 0.012133 0.014873
2 2 0.006438 0.045493 0.922234 0.011616 0.014219
2 2 0.008656 0.056377 0.901837 0.013572 0.019558
2 2 0.004032 0.032404 0.945948 0.007975 0.009641
2 2 0.005864 0.042522 0.927677 0.010777 0.013159
2 2 0.004174 0.033231 0.944471 0.008201 0.009923
2 2 0.003424 0.028489 0.952362 0.007280 0.008446
2 2 0.009168 0.058659 0.897722 0.015408 0.019043
2 2 0.008068 0.053518 0.907366 0.013913 0.017136
2 2 0.009471 0.060038 0.895119 0.015812 0.019560
2 2 0.005823 0.042305 0.928074 0.010716 0.013082
2 2 0.003856 0.028457 0.946485 0.011558 0.009645
2 2 0.004413 0.034603 0.942015 0.008577 0.010393
2 2 0.005122 0.036391 0.934158 0.012303 0.012026
2 2 0.007549 0.051020 0.912019 0.013193 0.016219
2 2 0.006266 0.044610 0.923856 0.011366 0.013902
2 2 0.006307 0.041180 0.921808 0.016265 0.014440
2 2 0.010622 0.065163 0.885395 0.017323 0.021498
2 2 0.016043 0.087242 0.842570 0.024004 0.030140
2 2 0.011710 0.069848 0.876431 0.018718 0.023292
2 2 0.005263 0.037406 0.932892 0.012174 0.012264
2 2 0.004190 0.032999 0.944243 0.008574 0.009993
2 2 0.008032 0.040853 0.890790 0.041476 0.018849
2 2 0.018991 0.098153 0.820879 0.027401 0.034576
2 2 0.003174 0.024001 0.953396 0.011134 0.008294
2 2 0.007349 0.050045 0.913828 0.012914 0.015864
2 2 0.003520 0.028177 0.951070 0.008484 0.008748
2 2 0.006502 0.045814 0.921643 0.011707 0.014334
2 2 0.004465 0.033922 0.941251 0.009751 0.010611
2 2 0.006865 0.039779 0.911469 0.025833 0.016054
2 2 0.007702 0.049840 0.910019 0.015704 0.016734
2 2 0.004205 0.033412 0.944148 0.008250 0.009985
2 2 0.006351 0.044204 0.922852 0.012432 0.014161
2 2 0.006606 0.040162 0.916396 0.021498 0.015339
2 2 0.009299 0.059257 0.896593 0.015583 0.019267
2 2 0.015221 0.084077 0.848798 0.023030 0.028873
2 2 0.002384 0.015959 0.954455 0.020157 0.007045
2 2 0.002862 0.017231 0.942142 0.029392 0.008373
2 2 0.006522 0.039368 0.916629 0.022243 0.015239
2 2 0.004816 0.027160 0.922967 0.032519 0.012537
2 2 0.004428 0.027275 0.933558 0.023321 0.011418
2 2 0.002202 0.015601 0.959348 0.016342 0.006507
2 2 0.009001 0.046493 0.886710 0.037440 0.020355
2 2 0.005943 0.035027 0.919326 0.025332 0.014373
2 2 0.007967 0.040142 0.889890 0.043200 0.018801
2 2 0.005428 0.028708 0.911364 0.040507 0.013993
2 3 0.015540 0.060358 0.763141 0.131221 0.029739
2 3 0.010390 0.045786 0.853335 0.066660 0.023828
2 3 0.005722 0.035403 0.924111 0.021028 0.013735
2 3 0.004271 0.020766 0.897067 0.066079 0.011816
2 3 0.006010 0.033765 0.914793 0.030685 0.014747
2 3 0.008724 0.048647 0.895533 0.027740 0.019357
2 3 0.008542 0.041544 0.881360 0.048537 0.020017
2 3 0.006485 0.029185 0.853185 0.095649 0.015496
2 3 0.012207 0.051618 0.835333 0.073723 0.027119
2 3 0.010301 0.051769 0.875503 0.039780 0.022648
2 3 0.013861 0.059020 0.829068 0.068410 0.029641
2 3 0.024765 0.073686 0.622118 0.233789 0.045642
2 3 0.026199 0.084929 0.673168 0.168111 0.047592
2 3 0.018054 0.051276 0.478160 0.423000 0.029511
2 3 0.013725 0.075245 0.859254 0.024859 0.026918
2 2 0.003998 0.026303 0.940950 0.018404 0.010345
2 2 0.003265 0.021938 0.947936 0.018005 0.008855
2 2 0.010224 0.044982 0.853771 0.067459 0.023565
2 2 0.004459 0.030945 0.939391 0.014230 0.010975
2 2 0.002678 0.017688 0.951363 0.020560 0.007710
2 2 0.009820 0.061611 0.892143 0.016274 0.020152
2 2 0.007553 0.051041 0.911978 0.013200 0.016227
2 2 0.005958 0.042471 0.926660 0.011511 0.013399
2 2 0.006527 0.043768 0.920671 0.014382 0.014652
2 2 0.004428 0.033160 0.941417 0.010388 0.010606
2 2 0.005141 0.038655 0.934711 0.009696 0.011797
2 2 0.007320 0.049903 0.914092 0.012873 0.015812
2 2 0.005590 0.041073 0.930320 0.010371 0.012646
2 2 0.002022 0.017046 0.967045 0.008163 0.005724
2 2 0.026446 0.115313 0.765362 0.046580 0.046299
2 2 0.091172 0.263253 0.405829 0.049857 0.189890
2 2 0.004810 0.034523 0.937170 0.012052 0.011446
2 2 0.010078 0.062762 0.889960 0.016613 0.020587
2 2 0.006792 0.047328 0.918789 0.011542 0.015548
2 2 0.031955 0.139030 0.643746 0.010538 0.174732
4 4 0.059383 0.159241 0.173078 0.004946 0.603352
4 4 0.064185 0.141664 0.087233 0.003735 0.703183
4 4 0.065424 0.143426 0.086784 0.003869 0.700497
4 4 0.066823 0.121876 0.043125 0.002829 0.765347
4 4 0.025609 0.034441 0.004581 0.000192 0.935176
4 4 0.029302 0.040941 0.007723 0.000389 0.921645
4 4 0.051393 0.076557 0.014629 0.001074 0.856347
4 4 0.048753 0.079541 0.019682 0.001100 0.850925
4 4 0.062289 0.165799 0.177486 0.005566 0.588859
4 4 0.046321 0.079212 0.022348 0.001054 0.851065
4 4 0.064781 0.128917 0.058647 0.003088 0.744568
4 4 0.021434 0.028073 0.003330 0.000139 0.947024
4 4 0.019885 0.025702 0.002844 0.000130 0.951440
4 4 0.037138 0.053162 0.008769 0.000482 0.900449
4 4 0.050277 0.080492 0.018914 0.001146 0.849171
4 4 0.034887 0.048930 0.007563 0.000406 0.908214
4 4 0.062812 0.120803 0.049559 0.002677 0.764149
4 4 0.019681 0.025562 0.003002 0.000103 0.951653
4 4 0.038046 0.054007 0.008715 0.000502 0.898729
4 4 0.013437 0.016610 0.001634 0.000042 0.968278
4 4 0.013403 0.016365 0.001420 0.000063 0.968749
4 4 0.025875 0.034847 0.004658 0.000197 0.934422
4 4 0.017947 0.023031 0.002590 0.000083 0.956349
4 4 0.010860 0.012923 0.001031 0.000037 0.975148
4 4 0.012824 0.015565 0.001320 0.000057 0.970234
4 4 0.010300 0.012184 0.000957 0.000032 0.976528
4 4 0.018630 0.024024 0.002749 0.000090 0.954507
4 4 0.018616 0.023653 0.002324 0.000149 0.955258
4 4 0.032081 0.044479 0.006597 0.000331 0.916512
4 4 0.030998 0.042777 0.006239 0.000305 0.919682
4 4 0.040945 0.058727 0.009834 0.000602 0.889892
4 4 0.039179 0.055846 0.009145 0.000540 0.895289
4 4 0.052614 0.097674 0.035449 0.001633 0.812630
4 4 0.090519 0.185995 0.097039 0.008091 0.618356
4 4 0.077405 0.168438 0.101917 0.005989 0.646251
4 4 0.076767 0.165605 0.097551 0.005732 0.654345
4 4 0.057326 0.095545 0.025577 0.001666 0.819885
4 4 0.037429 0.053011 0.008485 0.000483 0.900593
4 4 0.090871 0.159959 0.052929 0.005798 0.690443
4 4 0.057124 0.097988 0.028509 0.001734 0.814645
4 4 0.047405 0.069435 0.012534 0.000869 0.869757
4 4 0.046312 0.067606 0.012057 0.000819 0.873206
4 4 0.072432 0.148719 0.075154 0.004387 0.699308
4 4 0.079003 0.164555 0.087722 0.005714 0.663006
4 4 0.070934 0.136835 0.057438 0.003657 0.731136
4 4 0.067399 0.149655 0.094381 0.004308 0.684257
4 4 0.056966 0.099947 0.031041 0.001791 0.810255
4 4 0.074037 0.130393 0.042154 0.003424 0.749991
4 4 0.069152 0.122687 0.040208 0.002927 0.765026
4 4 0.072993 0.161282 0.101299 0.005284 0.659142
4 4 0.074078 0.158685 0.091120 0.005116 0.671002
4 4 0.072354 0.162606 0.107267 0.005373 0.652400
4 4 0.074913 0.176939 0.135995 0.006747 0.605407
4 0 0.239186 0.241092 0.091290 0.020231 0.408201
4 1 0.124514 0.242550 0.113539 0.018708 0.500689
4 1 0.095585 0.204734 0.121876 0.010608 0.567198
4 2 0.074298 0.204892 0.252030 0.011289 0.457491
2 2 0.053977 0.187725 0.456470 0.013324 0.288504
4 2 0.078862 0.218759 0.277685 0.014604 0.410091
2 2 0.012810 0.075179 0.855753 0.010336 0.045922
2 2 0.030655 0.136594 0.696862 0.015098 0.120792
2 2 0.020386 0.103972 0.779477 0.011437 0.084728
2 2 0.052425 0.187752 0.503409 0.016016 0.240398
2 2 0.043346 0.168994 0.580773 0.015577 0.191310
2 2 0.007193 0.049754 0.909935 0.007305 0.025814
2 2 0.006936 0.048312 0.915240 0.008692 0.020820
2 2 0.035725 0.150171 0.640695 0.014109 0.159300
2 2 0.027697 0.127293 0.695669 0.010913 0.138429
2 2 0.006047 0.043869 0.922146 0.006744 0.021194
2 2 0.014655 0.082425 0.846882 0.014492 0.041547
2 2 0.004409 0.034801 0.940554 0.006137 0.014098
2 2 0.004325 0.032267 0.942331 0.010635 0.010441
2 2 0.004218 0.030639 0.942819 0.011711 0.010612
2 2 0.003578 0.025414 0.947998 0.013387 0.009623
2 2 0.003381 0.027918 0.952759 0.007548 0.008394
2 2 0.002927 0.022346 0.955960 0.010978 0.007789
2 2 0.005313 0.038005 0.932237 0.010296 0.014149
2 2 0.001571 0.013258 0.971635 0.008779 0.004756
2 2 0.002268 0.016266 0.959444 0.015404 0.006619
2 2 0.006373 0.041977 0.921526 0.015625 0.014500
2 2 0.003854 0.031441 0.947472 0.006702 0.010532
2 2 0.001888 0.014513 0.965733 0.012228 0.005638
2 2 0.005296 0.035909 0.931465 0.012634 0.014695
2 2 0.002439 0.019287 0.961511 0.010038 0.006725
2 2 0.002156 0.016881 0.963917 0.010876 0.006170
2 2 0.004197 0.031460 0.943616 0.010530 0.010197
2 2 0.001845 0.013603 0.964280 0.014640 0.005632
2 2 0.003083 0.022338 0.952905 0.013421 0.008253
2 2 0.002724 0.017891 0.950647 0.020916 0.007822
2 2 0.003791 0.024461 0.941439 0.020284 0.010025
2 2 0.005048 0.035764 0.934756 0.012517 0.011914
2 2 0.003472 0.023822 0.947320 0.016197 0.009189
2 2 0.003832 0.023864 0.938699 0.023369 0.010236
2 2 0.003933 0.024544 0.938118 0.022981 0.010424
2 2 0.003451 0.019648 0.932358 0.034750 0.009793
2 2 0.006909 0.042262 0.914673 0.018455 0.017701
2 2 0.001768 0.010857 0.938388 0.043626 0.005362
2 2 0.002898 0.016805 0.933748 0.038235 0.008314
2 2 0.004703 0.025967 0.921228 0.035688 0.012414
2 3 0.006602 0.029084 0.837174 0.111736 0.015405
2 3 0.004996 0.025069 0.905282 0.051243 0.013410
2 3 0.006687 0.033961 0.894306 0.048945 0.016102
2 3 0.008850 0.039334 0.842645 0.089585 0.019587
2 3 0.010701 0.039425 0.743095 0.184127 0.022651
2 3 0.008129 0.032848 0.752911 0.189518 0.016593
2 3 0.004560 0.019425 0.820989 0.143283 0.011743
2 3 0.005096 0.021356 0.811760 0.149050 0.012738
2 3 0.005345 0.022845 0.787224 0.172427 0.012159
2 3 0.005092 0.020176 0.746151 0.216569 0.012011
2 3 0.020989 0.063283 0.593235 0.282780 0.039713
2 3 0.009420 0.029263 0.582833 0.358889 0.019596
3 3 0.004385 0.013980 0.431355 0.541609 0.008671
2 3 0.011550 0.041135 0.672331 0.253077 0.021907
2 3 0.008054 0.029216 0.685570 0.260314 0.016845
3 3 0.006563 0.020373 0.429740 0.531508 0.011817
3 3 0.005195 0.017703 0.470403 0.497202 0.009497
3 3 0.012657 0.032473 0.355752 0.578081 0.021036
3 3 0.007528 0.022047 0.374225 0.583501 0.012699
2 3 0.009122 0.031796 0.583022 0.359699 0.016361
2 3 0.023083 0.066188 0.556497 0.314099 0.040133
2 3 0.006332 0.030295 0.888471 0.058821 0.016082
2 3 0.003640 0.023482 0.942580 0.020566 0.009732
2 3 0.007242 0.045710 0.913069 0.017818 0.016161
2 3 0.003514 0.018229 0.906829 0.061736 0.009692
2 3 0.008699 0.037936 0.847740 0.085459 0.020166
2 3 0.010519 0.037284 0.706787 0.223474 0.021936
2 3 0.010700 0.038715 0.736894 0.190774 0.022918
2 3 0.012211 0.036684 0.522643 0.406156 0.022306
2 3 0.013066 0.039781 0.501059 0.423940 0.022154
2 3 0.003368 0.014480 0.728265 0.246099 0.007788
3 3 0.005942 0.017718 0.379625 0.586067 0.010647
2 3 0.018428 0.061475 0.686930 0.198000 0.035166
2 3 0.003595 0.019630 0.925923 0.040610 0.010242
2 3 0.007384 0.028986 0.765972 0.181132 0.016525
2 3 0.006348 0.025348 0.723855 0.231107 0.013341
2 3 0.020237 0.054982 0.479945 0.410659 0.034178
2 3 0.004571 0.018656 0.767366 0.198284 0.011124
2 3 0.018293 0.050785 0.475584 0.424739 0.030600
2 3 0.009648 0.030218 0.509478 0.433196 0.017459
3 3 0.009722 0.028850 0.458470 0.485620 0.017338
3 3 0.010750 0.026173 0.184084 0.765919 0.013074
2 3 0.008310 0.027212 0.546514 0.402237 0.015728
3 3 0.012971 0.034703 0.323262 0.610184 0.018879
2 2 0.019968 0.086081 0.799751 0.055956 0.038244
2 2 0.119087 0.250795 0.449718 0.075965 0.104435
2 2 0.111884 0.293728 0.360829 0.099483 0.134075
2 2 0.007247 0.049541 0.914762 0.012769 0.015681
2 2 0.006833 0.047488 0.918560 0.012183 0.014937
2 2 0.024995 0.119036 0.775819 0.027009 0.053141
2 2 0.009364 0.059552 0.896036 0.015670 0.019378
2 2 0.014376 0.080763 0.855288 0.022016 0.027557
2 2 0.005838 0.042385 0.927928 0.010739 0.013110
2 2 0.004705 0.036253 0.939049 0.009031 0.010962
2 2 0.007219 0.049404 0.915016 0.012730 0.015631
2 2 0.003394 0.028583 0.952729 0.006941 0.008353
2 2 0.007326 0.049930 0.914042 0.012881 0.015822
2 2 0.008140 0.053861 0.906724 0.014013 0.017262
2 2 0.007175 0.049187 0.915418 0.012668 0.015552
2 2 0.011141 0.067415 0.881094 0.017992 0.022358
2 2 0.005335 0.039711 0.932796 0.009990 0.012167
2 2 0.008018 0.053280 0.907810 0.013845 0.017048
2 2 0.006257 0.044565 0.923937 0.011353 0.013887
2 2 0.005087 0.038364 0.935237 0.009615 0.011696
2 2 0.006170 0.044115 0.924763 0.011226 0.013726
2 2 0.008468 0.055410 0.903826 0.014462 0.017835
2 2 0.004721 0.036340 0.938893 0.009055 0.010992
2 2 0.017306 0.091995 0.833164 0.025476 0.032059
