0 0 0.884507 0.079487 0.021390 0.000066 0.014550
0 0 0.630302 0.186951 0.039529 0.000210 0.143009
0 0 0.378407 0.216257 0.039530 0.000270 0.365535
0 0 0.672960 0.174449 0.036588 0.000161 0.115842
0 0 0.686712 0.171227 0.042255 0.000318 0.099488
0 0 0.616915 0.187823 0.034079 0.000108 0.161075
0 0 0.626119 0.188183 0.040120 0.000223 0.145355
0 0 0.787430 0.131116 0.030536 0.000116 0.050802
0 0 0.652350 0.180143 0.036266 0.000148 0.131092
0 0 0.518367 0.204903 0.034879 0.000120 0.241731
0 0 0.678051 0.173417 0.038657 0.000208 0.109666
0 0 0.624176 0.190474 0.046792 0.000439 0.138119
0 0 0.715666 0.159219 0.030131 0.000077 0.094907
0 0 0.577535 0.196538 0.035675 0.000129 0.190124
0 0 0.635853 0.184618 0.036863 0.000155 0.142511
0 0 0.504215 0.211740 0.043380 0.000310 0.240355
0 0 0.646490 0.183523 0.042509 0.000297 0.127181
0 0 0.436559 0.210738 0.033910 0.000120 0.318673
0 0 0.488268 0.228453 0.050218 0.000374 0.232688
0 0 0.513693 0.208364 0.039377 0.000202 0.238365
0 0 0.394955 0.265235 0.055245 0.000265 0.284299
0 0 0.374642 0.303213 0.071661 0.000331 0.250152
0 0 0.354842 0.299355 0.067119 0.000293 0.278390
0 0 0.493990 0.211082 0.040156 0.000224 0.254548
4 0 0.133167 0.307632 0.061783 0.000200 0.497218
0 0 0.342706 0.249488 0.064369 0.001213 0.342224
4 1 0.135361 0.222514 0.048097 0.000706 0.593322
4 1 0.136980 0.183937 0.036899 0.000732 0.641452
4 1 0.070527 0.168078 0.035111 0.000787 0.725496
4 2 0.015704 0.260289 0.078910 0.000782 0.644315
4 2 0.012153 0.087583 0.015476 0.000314 0.884473
4 2 0.010725 0.130836 0.027895 0.000383 0.830161
4 2 0.008529 0.200643 0.057708 0.000689 0.732430
4 1 0.067767 0.216697 0.044503 0.000401 0.670632
4 2 0.006805 0.187978 0.050851 0.000479 0.753887
4 2 0.010056 0.196993 0.056940 0.000836 0.735175
4 2 0.010091 0.259278 0.090101 0.001177 0.639354
4 2 0.014316 0.225777 0.070679 0.001229 0.687999
4 2 0.008195 0.275550 0.098153 0.000977 0.617124
4 2 0.013486 0.368291 0.185358 0.003267 0.429597
4 2 0.082159 0.330517 0.073675 0.000232 0.513417
4 2 0.007331 0.204680 0.058726 0.000579 0.728683
4 2 0.012268 0.371355 0.186590 0.002931 0.426856
2 2 0.010690 0.216778 0.404912 0.006284 0.361336
1 2 0.036053 0.422774 0.195416 0.002349 0.343408
1 2 0.017567 0.406218 0.291398 0.007950 0.276867
2 2 0.011023 0.188009 0.664547 0.013923 0.122498
4 2 0.020661 0.255219 0.288781 0.008092 0.427246
2 2 0.015676 0.267392 0.421619 0.010932 0.284382
2 2 0.012034 0.151639 0.580405 0.014146 0.241776
4 2 0.026101 0.256025 0.352358 0.012362 0.353154
4 2 0.017532 0.280292 0.324440 0.008529 0.369207
2 2 0.023719 0.341393 0.405393 0.006754 0.222741
4 2 0.025925 0.316137 0.311910 0.013444 0.332583
2 2 0.010075 0.106085 0.783031 0.008933 0.091876
2 2 0.013486 0.186190 0.628365 0.021147 0.150811
2 2 0.009941 0.085063 0.864551 0.013342 0.027103
2 2 0.026636 0.194492 0.570516 0.020653 0.187703
2 2 0.021888 0.186375 0.702069 0.020808 0.068860
2 2 0.016280 0.096595 0.774559 0.034808 0.077759
2 2 0.004851 0.059391 0.859474 0.023345 0.052939
2 2 0.014522 0.120743 0.625060 0.021939 0.217736
2 2 0.030620 0.142102 0.426555 0.028358 0.372365
2 3 0.010424 0.049182 0.831042 0.075805 0.033547
4 3 0.045889 0.149701 0.379220 0.038433 0.386756
2 3 0.004367 0.065896 0.791680 0.010926 0.127131
2 3 0.015151 0.116349 0.639204 0.024763 0.204533
2 3 0.019298 0.077828 0.689850 0.058088 0.154936
2 3 0.100535 0.111068 0.360855 0.179926 0.247615
2 3 0.097593 0.120910 0.342215 0.136058 0.303224
2 3 0.025030 0.081535 0.697909 0.123683 0.071843
4 3 0.075227 0.161995 0.332903 0.076888 0.352987
4 3 0.142009 0.138517 0.242985 0.172173 0.304316
4 3 0.157588 0.131191 0.235762 0.233074 0.242385
2 3 0.087516 0.088037 0.393559 0.232190 0.198697
4 3 0.090856 0.130288 0.260124 0.080115 0.438617
3 3 0.049221 0.036540 0.384959 0.488346 0.040934
3 3 0.152210 0.094710 0.269174 0.365675 0.118230
2 3 0.065221 0.093919 0.495169 0.210535 0.135157
3 3 0.061764 0.027915 0.220086 0.662692 0.027543
3 3 0.133979 0.065600 0.188676 0.542838 0.068906
4 3 0.152124 0.149194 0.185865 0.137354 0.375462
3 3 0.113761 0.052126 0.187029 0.599302 0.047782
3 3 0.099151 0.059101 0.275499 0.490771 0.075479
3 3 0.102063 0.040175 0.152192 0.672221 0.033349
4 3 0.186937 0.142828 0.191779 0.236070 0.242387
4 3 0.168392 0.146845 0.215243 0.197065 0.272454
4 2 0.021984 0.220374 0.074281 0.002653 0.680708
4 2 0.012371 0.362204 0.176556 0.002788 0.446081
4 2 0.022170 0.343277 0.151141 0.003125 0.480287
4 2 0.020726 0.150812 0.040192 0.001619 0.786651
4 2 0.016695 0.348118 0.167876 0.003817 0.463494
4 2 0.023306 0.259116 0.148964 0.005191 0.563424
4 2 0.009537 0.361728 0.169973 0.001950 0.456813
4 0 0.267798 0.265864 0.059631 0.000562 0.406145
1 0 0.058504 0.454399 0.124536 0.000181 0.362379
4 0 0.061019 0.378577 0.120742 0.000827 0.438834
1 0 0.200574 0.392085 0.105573 0.000391 0.301377
1 1 0.066298 0.488703 0.180108 0.000528 0.264363
4 1 0.012941 0.373018 0.147696 0.000936 0.465410
4 2 0.008417 0.316997 0.127579 0.001266 0.545742
4 2 0.013849 0.337745 0.153424 0.002761 0.492221
4 2 0.009496 0.199807 0.057929 0.000788 0.731980
4 2 0.007477 0.365784 0.169154 0.001444 0.456142
4 2 0.013461 0.376852 0.223662 0.004022 0.382003
4 2 0.009889 0.314576 0.127966 0.001545 0.546024
4 2 0.014017 0.368658 0.186801 0.003454 0.427070
2 2 0.014725 0.276900 0.352725 0.007689 0.347961
4 2 0.008827 0.264100 0.091767 0.001014 0.634292
4 1 0.030447 0.339227 0.084950 0.000219 0.545158
4 1 0.115400 0.289234 0.072087 0.000723 0.522556
1 1 0.040167 0.447920 0.140671 0.000309 0.370934
4 2 0.007515 0.329318 0.135774 0.001167 0.526226
4 1 0.111082 0.377363 0.105286 0.000546 0.405723
4 2 0.005691 0.307615 0.115552 0.000719 0.570422
1 2 0.010996 0.407646 0.235515 0.003399 0.342444
4 2 0.007438 0.358081 0.161307 0.001365 0.471808
2 2 0.009758 0.259942 0.485391 0.007787 0.237122
4 2 0.009774 0.358823 0.167465 0.001978 0.461960
1 2 0.010169 0.381976 0.321475 0.004567 0.281813
1 2 0.009306 0.435836 0.295532 0.003863 0.255464
1 2 0.007646 0.381626 0.374765 0.004113 0.231851
2 2 0.006156 0.276848 0.528468 0.005446 0.183082
2 2 0.004699 0.148595 0.753524 0.009451 0.083731
1 2 0.010300 0.415798 0.248273 0.003370 0.322260
1 2 0.008512 0.368683 0.316568 0.003537 0.302699
2 2 0.006334 0.211649 0.598191 0.005855 0.177969
1 1 0.032722 0.439441 0.227729 0.002986 0.297122
1 1 0.013826 0.456779 0.225932 0.001136 0.302327
4 2 0.008956 0.349618 0.156624 0.001660 0.483141
4 2 0.009763 0.382493 0.194334 0.002324 0.411086
1 2 0.013519 0.435126 0.160974 0.000377 0.390004
4 2 0.010343 0.389914 0.169641 0.001070 0.429032
1 2 0.011783 0.423164 0.272451 0.004532 0.288070
1 2 0.010203 0.406159 0.230039 0.003010 0.350589
1 2 0.026807 0.451892 0.206738 0.001338 0.313225
4 2 0.005337 0.403025 0.184958 0.000737 0.405943
4 2 0.008725 0.312915 0.111660 0.000724 0.565976
4 2 0.005767 0.300219 0.107367 0.000603 0.586045
4 2 0.007182 0.381311 0.185289 0.001518 0.424701
1 2 0.007930 0.413661 0.233624 0.002264 0.342520
1 2 0.006133 0.439820 0.279417 0.002143 0.272487
2 2 0.001996 0.042878 0.922384 0.007210 0.025531
2 2 0.003348 0.098862 0.807303 0.008950 0.081538
2 2 0.000881 0.028250 0.923611 0.004820 0.042438
2 2 0.007976 0.168644 0.625563 0.010207 0.187611
2 2 0.007408 0.115250 0.742130 0.016364 0.118848
2 2 0.008446 0.326933 0.407218 0.005005 0.252397
2 2 0.002392 0.062752 0.885612 0.007116 0.042129
2 2 0.004257 0.134599 0.752791 0.008881 0.099471
2 2 0.003180 0.067950 0.859363 0.012754 0.056753
2 2 0.002378 0.069866 0.877104 0.011247 0.039404
2 2 0.006893 0.259754 0.517303 0.005792 0.210257
2 2 0.003894 0.068122 0.853113 0.015786 0.059085
2 2 0.005698 0.080235 0.827460 0.016254 0.070353
2 2 0.009687 0.173396 0.600404 0.011719 0.204793
2 2 0.004531 0.059140 0.906797 0.009080 0.020452
2 2 0.004726 0.068702 0.872918 0.018431 0.035223
2 2 0.003776 0.096511 0.753767 0.007189 0.138757
2 2 0.007758 0.085990 0.808502 0.030437 0.067314
2 2 0.007498 0.110759 0.663567 0.011059 0.207117
2 2 0.007694 0.097525 0.796260 0.026048 0.072473
2 3 0.005534 0.084112 0.739581 0.010891 0.159882
2 3 0.013046 0.132296 0.689828 0.026383 0.138448
2 3 0.004783 0.060025 0.799608 0.013356 0.122228
2 3 0.010949 0.086317 0.789068 0.041716 0.071950
2 3 0.042886 0.110454 0.520569 0.078608 0.247483
2 3 0.077876 0.086584 0.430056 0.201411 0.204074
3 3 0.101005 0.078124 0.342430 0.352276 0.126165
3 3 0.123244 0.074246 0.252051 0.456153 0.094305
2 3 0.109611 0.095774 0.331230 0.272729 0.190656
3 3 0.116071 0.088691 0.304191 0.334034 0.157014
3 3 0.159507 0.125678 0.239709 0.263615 0.211490
3 3 0.144316 0.092294 0.237541 0.393819 0.132030
2 3 0.114010 0.105973 0.309824 0.229702 0.240492
3 3 0.052987 0.020257 0.172109 0.736721 0.017925
3 3 0.129708 0.081217 0.244254 0.418907 0.125914
3 3 0.069801 0.037039 0.269316 0.581496 0.042349
3 3 0.168043 0.104961 0.210316 0.376852 0.139829
3 3 0.146657 0.086384 0.212543 0.426342 0.128075
3 3 0.164016 0.106126 0.210453 0.353826 0.165578
3 3 0.087521 0.035596 0.165380 0.674608 0.036895
3 3 0.094578 0.038549 0.163062 0.666330 0.037481
3 3 0.146922 0.079807 0.200245 0.472768 0.100258
3 3 0.147909 0.088428 0.227280 0.430915 0.105468
4 3 0.160711 0.124422 0.209949 0.247907 0.257010
3 3 0.083505 0.031839 0.151623 0.703925 0.029108
4 3 0.073561 0.146988 0.045732 0.008810 0.724909
2 3 0.017093 0.260029 0.532616 0.020102 0.170159
1 2 0.150261 0.394353 0.188021 0.005841 0.261524
1 2 0.017223 0.416347 0.183650 0.001256 0.381524
4 2 0.009761 0.318093 0.130567 0.001549 0.540030
1 2 0.005876 0.412181 0.220983 0.001468 0.359492
4 2 0.011985 0.230822 0.189531 0.002947 0.564715
1 2 0.010528 0.372742 0.341492 0.005174 0.270064
2 2 0.009379 0.246321 0.569289 0.010728 0.164283
2 2 0.005739 0.222624 0.480210 0.003857 0.287570
2 2 0.006561 0.179150 0.554186 0.005962 0.254141
2 2 0.006141 0.133257 0.736218 0.012709 0.111675
2 2 0.005635 0.113190 0.759791 0.012744 0.108640
2 2 0.003291 0.077420 0.797517 0.007827 0.113945
2 2 0.012225 0.265952 0.514268 0.011896 0.195659
2 2 0.009610 0.169236 0.683420 0.017917 0.119817
2 2 0.002233 0.055216 0.836584 0.006315 0.099652
2 2 0.003519 0.096792 0.750670 0.006469 0.142551
2 2 0.004809 0.118502 0.750547 0.009826 0.116317
2 2 0.015337 0.181934 0.621824 0.024148 0.156756
2 2 0.007609 0.180214 0.563108 0.007423 0.241646
2 2 0.004256 0.071918 0.845907 0.016724 0.061194
2 3 0.011324 0.164084 0.683318 0.022186 0.119087
2 3 0.008581 0.101515 0.698186 0.015817 0.175901
2 3 0.026731 0.100748 0.639158 0.066292 0.167071
2 3 0.004246 0.054495 0.872085 0.023163 0.046011
2 3 0.011130 0.062485 0.782043 0.046008 0.098334
2 3 0.011198 0.084134 0.754403 0.034846 0.115419
2 3 0.034697 0.044492 0.555762 0.316508 0.048541
2 3 0.010040 0.064131 0.787138 0.040288 0.098403
3 3 0.059646 0.043406 0.373781 0.472751 0.050415
2 3 0.079585 0.099262 0.404282 0.152084 0.264788
2 3 0.081919 0.104988 0.374480 0.135753 0.302860
2 3 0.050048 0.079407 0.549742 0.183831 0.136972
2 3 0.091041 0.097078 0.372099 0.198326 0.241456
3 3 0.095388 0.053247 0.258920 0.528059 0.064386
2 3 0.080364 0.113050 0.359057 0.107845 0.339684
4 3 0.098047 0.132580 0.220727 0.079519 0.469127
3 3 0.120836 0.070109 0.243142 0.476891 0.089022
3 3 0.120198 0.056878 0.186507 0.572458 0.063960
4 3 0.070276 0.125945 0.204774 0.040433 0.558572
3 3 0.168630 0.081868 0.190205 0.478884 0.080412
0 3 0.323164 0.211141 0.193101 0.038346 0.234248
4 2 0.032534 0.235449 0.292625 0.016352 0.423040
2 2 0.030224 0.342449 0.433665 0.031295 0.162366
2 2 0.010503 0.236318 0.404219 0.006126 0.342834
2 2 0.010042 0.126665 0.743763 0.026369 0.093160
2 2 0.009524 0.089572 0.832392 0.031942 0.036570
2 2 0.006914 0.073252 0.808622 0.023099 0.088114
2 2 0.003112 0.075064 0.801272 0.007471 0.113080
2 2 0.016461 0.258743 0.433479 0.012144 0.279173
2 2 0.011877 0.105666 0.735006 0.029886 0.117565
2 2 0.006815 0.093961 0.799999 0.022081 0.077145
2 2 0.004025 0.047521 0.888025 0.028117 0.032313
2 2 0.003873 0.104065 0.796966 0.010091 0.085005
2 2 0.012865 0.094350 0.668037 0.023762 0.200986
2 2 0.005523 0.064783 0.852293 0.026828 0.050573
2 2 0.013226 0.049727 0.779128 0.119353 0.038566
2 2 0.001361 0.032167 0.932786 0.011181 0.022505
2 2 0.015030 0.102217 0.729589 0.046286 0.106878
2 2 0.007195 0.053731 0.868634 0.042333 0.028107
2 2 0.010724 0.140618 0.612844 0.013948 0.221866
2 2 0.014537 0.130222 0.657467 0.025541 0.172233
2 2 0.003359 0.031990 0.904613 0.030857 0.029181
2 2 0.007980 0.181678 0.503545 0.006292 0.300505
2 2 0.003012 0.092960 0.688805 0.004022 0.211201
4 2 0.004468 0.129868 0.027549 0.000193 0.837922
4 2 0.008376 0.239711 0.099981 0.001043 0.650890
4 2 0.004474 0.152201 0.035119 0.000225 0.807981
4 2 0.008322 0.272878 0.096621 0.000983 0.621196
4 2 0.004907 0.213849 0.060674 0.000363 0.720208
4 2 0.003373 0.149144 0.033164 0.000153 0.814166
4 4 0.002422 0.020614 0.002100 0.000023 0.974841
4 4 0.001828 0.017616 0.002156 0.000018 0.978382
4 4 0.002549 0.021555 0.002986 0.000031 0.972879
4 4 0.003756 0.029711 0.003359 0.000049 0.963125
4 4 0.009189 0.186383 0.056722 0.000757 0.746949
4 4 0.006954 0.249625 0.081252 0.000689 0.661480
4 2 0.006669 0.228691 0.069808 0.000584 0.694248
2 2 0.006686 0.172526 0.480886 0.004686 0.335216
4 2 0.005614 0.205119 0.057433 0.000411 0.731423
4 2 0.004315 0.149016 0.044225 0.000262 0.802182
4 2 0.005582 0.114265 0.031109 0.000290 0.848755
4 4 0.001788 0.017143 0.001553 0.000013 0.979503
4 4 0.005321 0.034266 0.003977 0.000081 0.956356
4 4 0.006355 0.087523 0.027415 0.000334 0.878373
4 4 0.005342 0.197474 0.053765 0.000370 0.743050
4 4 0.004404 0.211440 0.058954 0.000311 0.724891
4 2 0.006822 0.338550 0.141998 0.001083 0.511547
4 2 0.008771 0.292572 0.110179 0.001170 0.587309
2 2 0.004215 0.188370 0.549634 0.003404 0.254378
4 2 0.005826 0.280700 0.329553 0.002242 0.381679
2 2 0.007703 0.301423 0.398754 0.004204 0.287915
2 2 0.000921 0.038827 0.915977 0.004672 0.039603
2 2 0.001648 0.062503 0.809480 0.003584 0.122784
2 2 0.001664 0.073389 0.845121 0.004728 0.075099
2 2 0.002047 0.086061 0.675868 0.002413 0.233612
2 2 0.002288 0.084339 0.796383 0.004925 0.112066
2 2 0.002486 0.053614 0.864320 0.009194 0.070386
2 2 0.003874 0.096273 0.787503 0.009182 0.103167
2 2 0.001634 0.066450 0.743569 0.002523 0.185824
2 2 0.001420 0.044862 0.902632 0.006874 0.044212
2 2 0.002321 0.066421 0.718801 0.003494 0.208963
2 2 0.000860 0.035896 0.893214 0.003175 0.066857
2 2 0.000863 0.026847 0.922896 0.004681 0.044713
2 2 0.004027 0.100950 0.719095 0.006523 0.169403
2 2 0.003358 0.048095 0.874218 0.015825 0.058504
2 2 0.000586 0.020226 0.928548 0.003183 0.047458
2 2 0.006595 0.084541 0.718554 0.012306 0.178004
2 2 0.004857 0.095623 0.712680 0.008029 0.178811
2 2 0.006919 0.096588 0.710571 0.012447 0.173476
2 2 0.002925 0.074201 0.774206 0.005891 0.142777
2 2 0.022565 0.132678 0.662132 0.060031 0.122595
2 2 0.009320 0.169921 0.537848 0.008672 0.274238
2 2 0.003888 0.059614 0.835936 0.012901 0.087662
2 2 0.001711 0.042068 0.863260 0.005667 0.087294
2 2 0.003587 0.046579 0.862244 0.015523 0.072067
2 2 0.012964 0.130950 0.540515 0.013566 0.302005
2 2 0.011143 0.098133 0.739962 0.029172 0.121590
2 2 0.008145 0.126876 0.634330 0.010777 0.219872
2 2 0.002652 0.025247 0.910854 0.047557 0.013690
2 2 0.008561 0.127744 0.634690 0.011491 0.217514
2 2 0.026963 0.067047 0.678076 0.114905 0.113009
2 2 0.015187 0.054071 0.766271 0.111738 0.052733
2 2 0.017497 0.079660 0.628968 0.034814 0.239062
2 3 0.034874 0.122679 0.550979 0.063228 0.228241
2 3 0.031938 0.095798 0.565968 0.063311 0.242986
2 3 0.059789 0.064869 0.479594 0.287056 0.108692
2 3 0.104199 0.086854 0.343980 0.306790 0.158177
3 3 0.131325 0.069894 0.206508 0.501228 0.091046
3 3 0.125034 0.062250 0.195102 0.541794 0.075820
3 3 0.122049 0.063822 0.210985 0.523278 0.079866
2 3 0.115658 0.104701 0.301362 0.237593 0.240686
4 3 0.170699 0.159255 0.170663 0.142174 0.357209
3 3 0.165277 0.111266 0.211219 0.328616 0.183623
3 3 0.083569 0.033548 0.166128 0.685649 0.031106
3 3 0.156424 0.097297 0.212476 0.384585 0.149218
3 3 0.073227 0.026690 0.144906 0.730880 0.024298
3 3 0.119031 0.056149 0.186360 0.575200 0.063260
3 3 0.055739 0.016215 0.116073 0.800521 0.011452
3 3 0.079258 0.028201 0.137377 0.732683 0.022480
3 3 0.098455 0.045925 0.199973 0.607712 0.047935
3 3 0.104336 0.045753 0.176267 0.624765 0.048880
4 3 0.162002 0.134664 0.200147 0.206292 0.296896
3 3 0.114649 0.049624 0.168930 0.619754 0.047043
3 3 0.083200 0.022002 0.142748 0.738140 0.013911
4 2 0.310957 0.232552 0.112050 0.031264 0.313177
2 2 0.037628 0.182393 0.388355 0.030646 0.360978
2 2 0.013221 0.237000 0.512224 0.012545 0.225009
2 2 0.011007 0.154399 0.648974 0.017117 0.168504
2 2 0.005687 0.072545 0.827573 0.020836 0.073358
2 2 0.009449 0.090095 0.682226 0.016735 0.201495
2 2 0.014112 0.129810 0.488803 0.012643 0.354632
2 2 0.016670 0.083874 0.676830 0.039379 0.183248
2 2 0.027812 0.061793 0.666079 0.174831 0.069484
2 3 0.037057 0.069053 0.617261 0.160169 0.116461
2 3 0.046616 0.047024 0.492323 0.349187 0.064851
2 3 0.076401 0.095156 0.431008 0.182061 0.215374
2 3 0.035603 0.139339 0.520178 0.055091 0.249789
2 3 0.054116 0.054514 0.498529 0.296032 0.096808
3 3 0.238054 0.108352 0.212120 0.341384 0.100089
3 3 0.107648 0.073251 0.298404 0.409252 0.111444
2 3 0.028318 0.040871 0.624817 0.237168 0.068827
2 3 0.023170 0.071598 0.691911 0.090033 0.123288
2 3 0.024746 0.075932 0.677676 0.090812 0.130835
2 3 0.018008 0.043386 0.731185 0.149995 0.057427
2 3 0.061734 0.076013 0.494823 0.240602 0.126828
2 3 0.046779 0.063412 0.557791 0.210686 0.121332
2 3 0.015955 0.056186 0.752551 0.089487 0.085821
2 3 0.057636 0.083906 0.449123 0.118522 0.290813
2 3 0.015603 0.053379 0.748863 0.075500 0.106655
2 3 0.107039 0.111272 0.319727 0.186808 0.275154
3 3 0.132745 0.104596 0.274951 0.292883 0.194825
2 3 0.097184 0.084322 0.365994 0.295798 0.156702
3 3 0.088001 0.054603 0.291044 0.476424 0.089928
3 3 0.095506 0.040199 0.170313 0.651951 0.042031
3 3 0.131881 0.069237 0.202211 0.506561 0.090110
3 3 0.140882 0.115410 0.251086 0.253520 0.239101
3 3 0.072944 0.027134 0.149759 0.724005 0.026159
3 3 0.140374 0.096635 0.250770 0.356406 0.155815
3 3 0.161309 0.114797 0.214182 0.298065 0.211646
3 3 0.066151 0.022589 0.132648 0.759772 0.018840
3 3 0.089792 0.036614 0.165078 0.671179 0.037338
3 3 0.086657 0.032931 0.149703 0.701824 0.028886
0 3 0.533225 0.170973 0.150903 0.054507 0.090392
2 3 0.094997 0.165017 0.374735 0.134687 0.230564
2 3 0.055566 0.199151 0.394058 0.056758 0.294468
1 3 0.023732 0.394613 0.256880 0.009802 0.314972
2 3 0.013971 0.107788 0.761094 0.056814 0.060333
2 3 0.021119 0.159852 0.636339 0.040343 0.142347
2 3 0.024508 0.243965 0.521228 0.030247 0.180052
2 3 0.020730 0.206687 0.591086 0.017274 0.164223
2 3 0.002877 0.086891 0.833061 0.008958 0.068212
2 3 0.004038 0.115467 0.799879 0.011570 0.069046
2 2 0.010984 0.184238 0.616018 0.014992 0.173769
2 2 0.011945 0.159477 0.697568 0.026272 0.104738
2 2 0.011343 0.144519 0.716655 0.026867 0.100616
2 2 0.017354 0.199555 0.572430 0.022684 0.187977
2 2 0.012134 0.223768 0.532208 0.012100 0.219791
2 2 0.024026 0.183259 0.609157 0.043547 0.140010
2 2 0.010620 0.205597 0.642014 0.017407 0.124363
2 2 0.024491 0.132457 0.626883 0.050296 0.165872
4 3 0.051028 0.222100 0.304863 0.033564 0.388446
2 3 0.014401 0.155793 0.629635 0.022285 0.177886
2 3 0.035377 0.109984 0.629492 0.106104 0.119043
2 3 0.028868 0.149711 0.614138 0.064293 0.142990
2 3 0.032910 0.072145 0.639819 0.181393 0.073732
2 3 0.102501 0.122129 0.348880 0.171462 0.255028
4 3 0.046403 0.150888 0.372806 0.040450 0.389453
2 3 0.065270 0.073096 0.476202 0.242318 0.143114
2 3 0.065771 0.081397 0.477905 0.270172 0.104754
3 3 0.050847 0.041722 0.399456 0.464409 0.043565
2 3 0.051383 0.071575 0.511542 0.282041 0.083459
2 2 0.211073 0.132651 0.297226 0.237386 0.121663
4 2 0.051348 0.200661 0.297495 0.030996 0.419499
2 2 0.009186 0.112250 0.742262 0.021935 0.114366
2 2 0.022280 0.201247 0.411558 0.016231 0.348683
2 2 0.004050 0.057735 0.857010 0.016858 0.064347
2 2 0.034573 0.134695 0.615064 0.115443 0.100225
2 3 0.014483 0.046714 0.742913 0.158561 0.037329
2 3 0.011153 0.153415 0.645241 0.017077 0.173114
2 3 0.007247 0.046198 0.829654 0.036592 0.080308
2 3 0.007307 0.069670 0.778438 0.019866 0.124719
2 3 0.016373 0.110171 0.712870 0.044968 0.115618
2 3 0.071227 0.063542 0.434457 0.312064 0.118710
2 3 0.070438 0.106263 0.415513 0.118627 0.289160
2 3 0.010664 0.061590 0.798102 0.051049 0.078595
2 3 0.043124 0.086919 0.591671 0.152288 0.125999
2 3 0.023353 0.063149 0.693402 0.154225 0.065872
2 3 0.030628 0.028542 0.504451 0.398369 0.038010
3 3 0.039289 0.028931 0.400695 0.497438 0.033647
4 3 0.038831 0.080345 0.378471 0.048561 0.453792
2 3 0.070915 0.070176 0.442055 0.258996 0.157858
4 3 0.123517 0.123806 0.282399 0.183125 0.287152
3 3 0.085812 0.060136 0.338056 0.419193 0.096802
2 3 0.066359 0.085327 0.446607 0.153302 0.248405
2 3 0.058469 0.051218 0.456478 0.331942 0.101893
2 3 0.041931 0.063957 0.542055 0.122174 0.229883
3 3 0.045929 0.027512 0.344787 0.542115 0.039656
3 3 0.068089 0.032300 0.228385 0.634180 0.037045
2 3 0.101322 0.081767 0.342971 0.326038 0.147901
3 3 0.135176 0.091900 0.258948 0.372943 0.141033
0 2 0.332157 0.187614 0.175564 0.094987 0.209678
4 2 0.172730 0.196557 0.050763 0.002683 0.577268
4 1 0.042380 0.212202 0.052088 0.000825 0.692504
4 2 0.018169 0.202881 0.095373 0.002656 0.680921
2 2 0.019474 0.149792 0.590929 0.012798 0.227007
2 2 0.011434 0.113829 0.763900 0.027195 0.083642
2 2 0.012908 0.161656 0.651379 0.021698 0.152359
2 2 0.016738 0.253913 0.469105 0.014342 0.245901
4 2 0.009061 0.268313 0.310096 0.003554 0.408976
4 2 0.010815 0.103927 0.051863 0.001014 0.832381
4 2 0.004427 0.171782 0.042348 0.000250 0.781192
4 2 0.003162 0.103768 0.019053 0.000101 0.873915
4 2 0.003165 0.056206 0.011576 0.000084 0.928970
4 2 0.004007 0.155108 0.040063 0.000218 0.800604
4 2 0.003563 0.056894 0.007971 0.000072 0.931501
4 4 0.003961 0.027543 0.002832 0.000047 0.965617
4 4 0.002779 0.041283 0.004904 0.000040 0.950994
4 4 0.010492 0.236377 0.077205 0.001096 0.674831
4 4 0.002322 0.037494 0.004202 0.000030 0.955953
4 4 0.004434 0.079673 0.021654 0.000184 0.894055
4 4 0.004106 0.084731 0.014449 0.000119 0.896595
4 4 0.004417 0.078299 0.012951 0.000122 0.904211
4 4 0.004406 0.103949 0.034397 0.000244 0.857004
4 4 0.002293 0.019793 0.001683 0.000018 0.976213
4 4 0.004069 0.196239 0.051875 0.000259 0.747558
4 4 0.003985 0.085809 0.014682 0.000116 0.895408
4 4 0.005340 0.168996 0.042007 0.000313 0.783343
4 4 0.004717 0.185539 0.048103 0.000294 0.761348
4 2 0.008812 0.216610 0.065591 0.000785 0.708201
4 2 0.004226 0.191405 0.058084 0.000299 0.745985
4 2 0.004722 0.124424 0.025951 0.000199 0.844703
4 2 0.003186 0.151999 0.033968 0.000145 0.810701
4 2 0.003433 0.205192 0.054852 0.000218 0.736304
4 2 0.006207 0.213289 0.061793 0.000490 0.718221
4 2 0.004897 0.148179 0.033984 0.000246 0.812694
4 2 0.004469 0.230896 0.068231 0.000352 0.696052
4 2 0.003888 0.180500 0.045226 0.000223 0.770164
4 2 0.007843 0.059612 0.010206 0.000223 0.922117
4 2 0.010066 0.220212 0.082127 0.001115 0.686480
4 2 0.011484 0.194301 0.078552 0.001295 0.714369
4 2 0.006036 0.074992 0.012508 0.000176 0.906288
4 2 0.006549 0.213202 0.062074 0.000525 0.717649
4 2 0.005861 0.114388 0.023323 0.000243 0.856185
4 2 0.006953 0.196119 0.059811 0.000557 0.736560
4 2 0.003106 0.178715 0.043605 0.000165 0.774408
4 2 0.007684 0.215491 0.064162 0.000653 0.712010
4 2 0.004505 0.137436 0.054075 0.000333 0.803650
4 2 0.004931 0.184659 0.053535 0.000340 0.756535
4 2 0.004776 0.255724 0.081598 0.000437 0.657465
4 2 0.008224 0.200840 0.057594 0.000658 0.732684
4 2 0.011859 0.298938 0.256042 0.003929 0.429232
2 2 0.003970 0.141993 0.717415 0.006548 0.130074
4 2 0.008883 0.276761 0.328415 0.003735 0.382207
4 2 0.006475 0.215122 0.195827 0.001456 0.581120
2 2 0.003031 0.102232 0.821924 0.004969 0.067844
2 2 0.001843 0.073733 0.816581 0.004282 0.103560
2 2 0.001841 0.067268 0.831135 0.004738 0.095017
2 2 0.006804 0.242515 0.414820 0.003738 0.332123
2 2 0.003495 0.191157 0.684699 0.005164 0.115484
2 2 0.000638 0.019916 0.950725 0.002452 0.026270
2 2 0.003122 0.103032 0.778845 0.006631 0.108371
2 2 0.002835 0.069745 0.881766 0.012205 0.033449
2 2 0.001071 0.038761 0.876521 0.003549 0.080097
2 2 0.003161 0.142821 0.739427 0.005656 0.108935
2 2 0.001378 0.042761 0.905826 0.006882 0.043152
2 2 0.003353 0.077212 0.823413 0.009713 0.086309
2 2 0.004300 0.104646 0.788144 0.010789 0.092122
2 2 0.002158 0.078101 0.805088 0.004831 0.109822
2 2 0.002249 0.046062 0.905524 0.009155 0.037011
2 2 0.003371 0.102481 0.699652 0.004784 0.189711
2 2 0.002434 0.059954 0.871370 0.009861 0.056381
2 2 0.003253 0.098960 0.760427 0.006196 0.131164
2 2 0.006735 0.163736 0.638987 0.008730 0.181813
2 2 0.003091 0.097393 0.809987 0.008214 0.081314
2 2 0.001998 0.083418 0.843141 0.006076 0.065368
2 2 0.002608 0.043061 0.902438 0.016672 0.035221
2 2 0.002767 0.082784 0.783227 0.005753 0.125469
2 2 0.006832 0.134554 0.652276 0.009300 0.197039
2 2 0.002505 0.042784 0.896236 0.013710 0.044766
2 2 0.005302 0.178061 0.681316 0.008257 0.127064
2 2 0.001919 0.049630 0.869297 0.006861 0.072293
2 2 0.035128 0.152333 0.590896 0.013981 0.207663
2 2 0.009179 0.181452 0.657248 0.014726 0.137394
2 2 0.011372 0.274426 0.555837 0.013729 0.144637
2 2 0.007868 0.196660 0.590112 0.008770 0.196589
2 2 0.000811 0.020027 0.956608 0.005348 0.017207
2 2 0.003013 0.054676 0.873216 0.013342 0.055753
2 2 0.005912 0.166526 0.652791 0.007938 0.166833
2 2 0.008530 0.138954 0.560441 0.008551 0.283524
2 2 0.002827 0.066172 0.863977 0.011365 0.055659
2 2 0.001007 0.027867 0.930040 0.006516 0.034571
2 2 0.004205 0.041158 0.899114 0.018944 0.036579
2 2 0.007444 0.101892 0.779373 0.021228 0.090063
2 2 0.003129 0.076586 0.833634 0.009700 0.076950
2 2 0.005839 0.066242 0.807232 0.017851 0.102836
2 2 0.002471 0.035945 0.910107 0.017165 0.034312
2 2 0.007499 0.058946 0.833558 0.037736 0.062260
2 2 0.005408 0.063199 0.829939 0.019411 0.082044
2 2 0.002859 0.043358 0.873864 0.012360 0.067559
2 2 0.024764 0.058742 0.681438 0.123057 0.111999
2 2 0.022232 0.039056 0.659364 0.233670 0.045678
2 3 0.052298 0.070707 0.576126 0.232323 0.068545
2 3 0.016844 0.171343 0.616075 0.026224 0.169514
2 3 0.007393 0.023050 0.808154 0.140101 0.021302
2 3 0.006432 0.025965 0.867190 0.082772 0.017641
2 3 0.019554 0.126840 0.531201 0.022323 0.300082
4 3 0.068559 0.120407 0.356495 0.085960 0.368578
2 3 0.016025 0.030433 0.691219 0.231254 0.031069
2 3 0.060593 0.068779 0.494098 0.260827 0.115704
3 3 0.131607 0.072596 0.219515 0.488035 0.088248
2 3 0.068480 0.076000 0.446284 0.207521 0.201716
2 3 0.073934 0.069434 0.423561 0.279354 0.153716
3 3 0.137001 0.088325 0.241239 0.393323 0.140112
3 3 0.100462 0.040115 0.156036 0.668340 0.035047
3 3 0.104942 0.047574 0.183787 0.608865 0.054831
3 3 0.070116 0.031686 0.209811 0.652809 0.035578
3 3 0.097902 0.040887 0.167477 0.652744 0.040990
3 3 0.164092 0.109655 0.211815 0.334140 0.180298
3 3 0.135965 0.070123 0.196663 0.512084 0.085165
3 3 0.091046 0.036324 0.159405 0.678628 0.034597
3 3 0.153701 0.110782 0.237420 0.313136 0.184961
3 3 0.133293 0.064969 0.186673 0.544230 0.070836
3 3 0.156834 0.096928 0.211632 0.388076 0.146529
3 3 0.091065 0.035803 0.155965 0.684335 0.032831
3 3 0.054287 0.016674 0.114164 0.802578 0.012296
3 3 0.038491 0.010582 0.097933 0.845390 0.007604
3 3 0.120212 0.064520 0.217332 0.510835 0.087101
3 3 0.093762 0.037105 0.157784 0.679941 0.031408
4 3 0.145971 0.143104 0.244268 0.170879 0.295777
1 2 0.030470 0.396776 0.270538 0.014544 0.287672
2 2 0.014481 0.286076 0.477188 0.012822 0.209433
4 2 0.014444 0.316112 0.313878 0.006485 0.349081
2 2 0.007864 0.153617 0.618829 0.009648 0.210042
2 2 0.009276 0.152908 0.682827 0.016368 0.138621
2 2 0.003169 0.102818 0.830972 0.011058 0.051983
2 2 0.006123 0.169684 0.593984 0.006392 0.223818
2 2 0.006629 0.223256 0.518546 0.005347 0.246223
2 2 0.005904 0.138074 0.767170 0.015949 0.072904
2 2 0.006340 0.117613 0.747177 0.013792 0.115078
2 2 0.002979 0.104891 0.801996 0.007497 0.082637
2 2 0.004435 0.113834 0.737562 0.008132 0.136037
2 2 0.008198 0.232340 0.455647 0.005469 0.298346
2 2 0.002447 0.069865 0.844371 0.007632 0.075684
2 2 0.006984 0.143865 0.642931 0.009195 0.197025
2 2 0.008035 0.120471 0.765727 0.022507 0.083260
2 2 0.007899 0.147598 0.744964 0.020539 0.078999
2 2 0.010695 0.077219 0.759387 0.034318 0.118381
2 2 0.005187 0.110377 0.802272 0.016447 0.065717
2 2 0.005967 0.075308 0.770235 0.014299 0.134191
2 2 0.016112 0.105524 0.599128 0.023005 0.256231
2 2 0.006092 0.059603 0.851686 0.037924 0.044694
2 2 0.009414 0.078846 0.806386 0.040123 0.065230
2 2 0.013944 0.083976 0.776125 0.079749 0.046206
2 2 0.038844 0.084053 0.607223 0.142218 0.127661
4 1 0.113929 0.204735 0.178293 0.015096 0.487948
0 1 0.373999 0.226449 0.056649 0.001271 0.341633
1 1 0.013416 0.395173 0.222010 0.004014 0.365387
1 2 0.030734 0.439692 0.272091 0.005680 0.251804
2 2 0.010228 0.256112 0.538516 0.010458 0.184685
2 2 0.009824 0.269532 0.439436 0.006547 0.274661
1 2 0.015702 0.374859 0.340874 0.008538 0.260027
2 2 0.001513 0.026739 0.939043 0.008785 0.023919
2 2 0.006933 0.149899 0.621969 0.008337 0.212862
2 2 0.003464 0.116673 0.781179 0.007980 0.090704
2 2 0.006781 0.113136 0.736304 0.013966 0.129813
2 2 0.001859 0.034596 0.933105 0.011131 0.019308
2 2 0.002331 0.063404 0.851280 0.007545 0.075440
2 2 0.002022 0.061181 0.863459 0.007045 0.066294
2 2 0.007096 0.174473 0.535419 0.006120 0.276892
2 2 0.001545 0.040291 0.917447 0.010018 0.030699
2 2 0.004691 0.168633 0.636578 0.005512 0.184585
2 2 0.007820 0.115739 0.763764 0.014443 0.098233
2 2 0.006805 0.120136 0.708257 0.012044 0.152758
4 2 0.019451 0.229596 0.207971 0.005873 0.537109
2 2 0.009076 0.131837 0.700254 0.017017 0.141816
2 2 0.017914 0.137848 0.752532 0.018455 0.073251
4 2 0.015045 0.154016 0.284135 0.006445 0.540359
2 2 0.008525 0.079995 0.825512 0.029386 0.056582
1 2 0.038130 0.434782 0.267229 0.006658 0.253201
4 2 0.022842 0.333819 0.293627 0.005591 0.344121
0 0 0.536540 0.222994 0.066075 0.001302 0.173088
4 1 0.026439 0.399583 0.116657 0.000259 0.457063
1 2 0.023182 0.459359 0.303840 0.004407 0.209212
1 2 0.014694 0.445920 0.329988 0.005766 0.203632
2 2 0.018009 0.333919 0.534830 0.006817 0.106426
2 2 0.015621 0.170377 0.708784 0.011441 0.093776
1 2 0.023866 0.487733 0.246582 0.001174 0.240645
1 2 0.031589 0.461021 0.330726 0.006080 0.170583
2 2 0.013185 0.143200 0.784688 0.007645 0.051282
1 2 0.017284 0.462703 0.203557 0.000744 0.315712
1 2 0.011123 0.430176 0.289641 0.004642 0.264418
2 2 0.014821 0.286809 0.604104 0.005365 0.088900
2 2 0.013378 0.267346 0.644964 0.008632 0.065679
2 2 0.003196 0.077791 0.883234 0.005819 0.029961
1 2 0.242150 0.412516 0.151152 0.001047 0.193134
0 0 0.559868 0.203727 0.044083 0.000323 0.191998
0 0 0.527040 0.204690 0.036178 0.000139 0.231953
4 0 0.269483 0.201374 0.031423 0.000167 0.497553
4 1 0.031386 0.263089 0.070060 0.000624 0.634840
0 1 0.409813 0.211203 0.033557 0.000123 0.345305
1 1 0.036122 0.458582 0.131646 0.000168 0.373483
4 0 0.284831 0.216515 0.032726 0.000115 0.465813
4 0 0.170778 0.299992 0.055732 0.000150 0.473348
1 1 0.026930 0.450706 0.131474 0.000162 0.390728
1 1 0.016289 0.427474 0.131711 0.000188 0.424339
0 0 0.504788 0.211309 0.042691 0.000289 0.240924
0 0 0.510936 0.207281 0.037099 0.000157 0.244527
0 0 0.376825 0.255375 0.054837 0.000383 0.312580
4 1 0.099880 0.402118 0.090854 0.000140 0.407008
4 1 0.009159 0.251382 0.084555 0.000995 0.653909
1 1 0.012943 0.421967 0.144855 0.000287 0.419948
4 2 0.011111 0.323117 0.136655 0.001892 0.527224
4 2 0.007685 0.323241 0.131198 0.001162 0.536714
4 2 0.009912 0.149929 0.036989 0.000617 0.802553
4 2 0.007765 0.130146 0.029098 0.000393 0.832598
4 2 0.008548 0.143893 0.034231 0.000490 0.812838
4 2 0.007015 0.066714 0.010688 0.000194 0.915389
4 2 0.005121 0.127144 0.027016 0.000225 0.840494
4 4 0.004735 0.030666 0.003357 0.000064 0.961178
4 4 0.005562 0.033780 0.003913 0.000084 0.956661
4 4 0.003325 0.024779 0.002397 0.000035 0.969465
4 4 0.008239 0.042732 0.005687 0.000167 0.943175
4 4 0.003045 0.023496 0.002204 0.000030 0.971226
4 4 0.003355 0.024917 0.002418 0.000035 0.969275
4 4 0.005062 0.031921 0.003577 0.000072 0.959369
4 4 0.002701 0.021853 0.001966 0.000024 0.973456
4 4 0.003219 0.024302 0.002324 0.000033 0.970122
4 4 0.011113 0.185064 0.052029 0.000888 0.750906
4 4 0.006099 0.111818 0.022624 0.000251 0.859208
4 4 0.009837 0.072702 0.012507 0.000321 0.904633
4 4 0.009552 0.049208 0.007069 0.000226 0.933945
4 4 0.002192 0.019257 0.001612 0.000017 0.976922
4 4 0.002254 0.019587 0.001655 0.000018 0.976487
4 4 0.002413 0.020415 0.001767 0.000020 0.975385
4 4 0.001879 0.017542 0.001392 0.000013 0.979174
4 4 0.001758 0.016845 0.001306 0.000011 0.980080
4 4 0.003077 0.023647 0.002227 0.000030 0.971019
4 4 0.001336 0.014257 0.001005 0.000007 0.983394
4 4 0.002528 0.020998 0.001847 0.000021 0.974606
4 4 0.002244 0.019532 0.001648 0.000017 0.976559
4 4 0.002746 0.022074 0.001998 0.000025 0.973157
4 4 0.003026 0.054444 0.007369 0.000056 0.935106
4 4 0.004275 0.068290 0.010569 0.000105 0.916761
4 4 0.006665 0.130790 0.028899 0.000325 0.833322
4 4 0.004650 0.078931 0.013166 0.000131 0.903122
4 4 0.003538 0.093397 0.016461 0.000107 0.886496
4 4 0.004663 0.030386 0.003308 0.000062 0.961580
4 4 0.004187 0.113526 0.022357 0.000157 0.859773
4 4 0.004418 0.081089 0.013635 0.000126 0.900732
4 4 0.003911 0.046825 0.006063 0.000069 0.943131
4 4 0.002878 0.083634 0.013727 0.000075 0.899686
4 4 0.002589 0.047821 0.006023 0.000041 0.943525
4 4 0.003707 0.055783 0.007774 0.000074 0.932662
4 4 0.003461 0.029573 0.003098 0.000042 0.963827
4 4 0.003029 0.038613 0.004488 0.000043 0.953827
4 4 0.003303 0.035052 0.003936 0.000045 0.957663
4 4 0.001272 0.013837 0.000959 0.000007 0.983926
4 4 0.000983 0.011828 0.000750 0.000004 0.986435
4 4 0.001180 0.013220 0.000893 0.000006 0.984702
4 4 0.002139 0.018975 0.001575 0.000016 0.977295
4 4 0.001569 0.015720 0.001172 0.000009 0.981530
4 4 0.001354 0.014378 0.001019 0.000007 0.983241
4 4 0.001809 0.017139 0.001342 0.000012 0.979698
4 4 0.001556 0.015641 0.001163 0.000009 0.981631
4 4 0.002143 0.018996 0.001577 0.000016 0.977268
4 4 0.001128 0.012866 0.000856 0.000005 0.985144
4 4 0.002010 0.060297 0.008239 0.000036 0.929419
4 4 0.002730 0.035796 0.003988 0.000035 0.957450
4 4 0.001223 0.013511 0.000924 0.000006 0.984336
4 4 0.003527 0.045805 0.005819 0.000060 0.944789
4 4 0.002362 0.020149 0.001730 0.000019 0.975740
4 4 0.004573 0.167500 0.040831 0.000254 0.786842
4 4 0.004170 0.118451 0.023822 0.000162 0.853394
4 2 0.006845 0.169863 0.072435 0.000667 0.750190
4 2 0.008114 0.200306 0.095986 0.001003 0.694591
4 2 0.004977 0.242205 0.074693 0.000429 0.677696
4 2 0.008702 0.194109 0.054819 0.000682 0.741688
4 2 0.007312 0.228009 0.149457 0.001286 0.613935
4 2 0.007721 0.198547 0.059134 0.000625 0.733972
4 2 0.006859 0.140220 0.065615 0.000648 0.786658
4 2 0.005699 0.234083 0.130908 0.000837 0.628473
4 2 0.006525 0.185854 0.071959 0.000611 0.735051
4 2 0.007671 0.195043 0.065691 0.000680 0.730914
4 2 0.009727 0.166183 0.060994 0.000888 0.762208
4 2 0.006073 0.208002 0.348187 0.002564 0.435173
4 2 0.005019 0.183345 0.321803 0.001879 0.487955
2 2 0.004321 0.198136 0.461943 0.002548 0.333051
4 2 0.010433 0.281226 0.135417 0.001754 0.571171
4 2 0.007850 0.210072 0.177702 0.001679 0.602697
2 2 0.003754 0.116909 0.447314 0.002219 0.429804
2 2 0.002970 0.116333 0.742950 0.005077 0.132670
4 2 0.004982 0.198860 0.266649 0.001481 0.528028
2 2 0.003526 0.137723 0.659254 0.004210 0.195287
2 2 0.000398 0.017227 0.933045 0.002142 0.047189
2 2 0.000660 0.028971 0.931050 0.003798 0.035520
2 2 0.002157 0.089808 0.640839 0.002246 0.264951
2 2 0.000668 0.029896 0.916805 0.003078 0.049553
2 2 0.000659 0.023977 0.909098 0.002832 0.063434
2 2 0.000482 0.015329 0.960622 0.005085 0.018481
2 2 0.004610 0.138188 0.633258 0.005255 0.218689
2 2 0.000653 0.025946 0.918895 0.003105 0.051401
2 2 0.000528 0.020840 0.942247 0.003502 0.032883
2 2 0.002134 0.039708 0.905911 0.012640 0.039608
2 2 0.001616 0.052144 0.881004 0.006246 0.058989
2 2 0.001308 0.025505 0.944380 0.006662 0.022146
2 2 0.001111 0.035024 0.915802 0.005876 0.042187
2 2 0.002854 0.101301 0.754770 0.005101 0.135975
2 2 0.000650 0.019342 0.955078 0.006654 0.018276
2 2 0.001272 0.028916 0.920183 0.007496 0.042133
2 2 0.001435 0.046239 0.889790 0.005864 0.056671
2 2 0.002424 0.069578 0.798173 0.005361 0.124464
2 2 0.004945 0.073631 0.813082 0.014927 0.093415
2 2 0.001471 0.052056 0.885940 0.005868 0.054665
2 2 0.001771 0.038761 0.881823 0.007050 0.070596
2 2 0.002265 0.057146 0.865782 0.008305 0.066501
2 2 0.001299 0.034149 0.896750 0.005579 0.062224
2 2 0.000908 0.027221 0.915376 0.004487 0.052008
2 2 0.001005 0.027261 0.873863 0.003416 0.094455
2 2 0.002259 0.050344 0.848311 0.007048 0.092038
2 2 0.002841 0.042381 0.873263 0.012704 0.068810
2 2 0.017372 0.040150 0.733251 0.143074 0.066154
2 2 0.001888 0.037243 0.906209 0.010475 0.044185
2 2 0.003412 0.047099 0.828591 0.010742 0.110155
2 2 0.009362 0.144862 0.558224 0.009489 0.278064
2 2 0.002579 0.028485 0.914243 0.020137 0.034557
2 2 0.008158 0.064967 0.778268 0.025258 0.123349
2 2 0.008779 0.070290 0.805683 0.038332 0.076916
2 2 0.009639 0.043114 0.798437 0.049382 0.099427
2 2 0.015939 0.034235 0.709254 0.207563 0.033010
2 2 0.007288 0.044714 0.840470 0.040045 0.067483
2 3 0.003752 0.017895 0.878655 0.083977 0.015722
2 3 0.009267 0.036077 0.821915 0.093703 0.039038
2 3 0.020316 0.060952 0.727564 0.121507 0.069660
2 3 0.002698 0.035713 0.895743 0.014901 0.050945
2 3 0.030878 0.084348 0.573978 0.067195 0.243601
2 3 0.006580 0.028990 0.854917 0.070189 0.039324
2 3 0.007814 0.033167 0.834111 0.061258 0.063650
2 3 0.007987 0.014542 0.744784 0.212838 0.019848
2 3 0.040587 0.029832 0.440517 0.437861 0.051203
2 3 0.057652 0.055967 0.472489 0.279865 0.134026
3 3 0.057726 0.041981 0.401130 0.429756 0.069408
2 3 0.048623 0.076449 0.461106 0.102469 0.311354
3 3 0.091708 0.048913 0.244794 0.552434 0.062151
3 3 0.064683 0.036154 0.294697 0.561239 0.043228
2 3 0.020702 0.025302 0.576523 0.349552 0.027921
3 3 0.032352 0.015425 0.270912 0.663648 0.017663
3 3 0.028836 0.012001 0.222216 0.724497 0.012450
3 3 0.037195 0.014933 0.200493 0.732880 0.014498
3 3 0.070845 0.033445 0.226415 0.634231 0.035065
3 3 0.057009 0.022238 0.173753 0.725143 0.021856
2 3 0.086356 0.073267 0.369902 0.312118 0.158356
3 3 0.117779 0.059270 0.203623 0.546371 0.072957
4 3 0.095881 0.117043 0.289567 0.123430 0.374078
3 3 0.076897 0.032049 0.182673 0.679726 0.028655
3 3 0.134992 0.095622 0.258593 0.345267 0.165527
3 3 0.061935 0.020675 0.129097 0.771142 0.017150
3 3 0.068431 0.025393 0.152337 0.730327 0.023512
3 3 0.116266 0.059678 0.212282 0.541111 0.070663
3 3 0.159164 0.112989 0.215776 0.301344 0.210726
3 3 0.077690 0.029344 0.151582 0.713500 0.027884
3 3 0.142049 0.081013 0.210759 0.449723 0.116456
3 3 0.105943 0.048302 0.184662 0.605141 0.055951
3 3 0.093805 0.039380 0.170397 0.654845 0.041572
3 3 0.091422 0.039019 0.175391 0.650229 0.043939
3 3 0.137630 0.071789 0.197954 0.504322 0.088305
3 3 0.088802 0.035021 0.157544 0.685528 0.033104
4 3 0.164868 0.139351 0.195207 0.195255 0.305319
3 3 0.060741 0.020653 0.134515 0.767054 0.017037
4 3 0.172758 0.144597 0.190701 0.195337 0.296606
3 3 0.099307 0.043371 0.177492 0.631838 0.047993
3 3 0.157349 0.092448 0.205828 0.417689 0.126687
3 3 0.162275 0.101472 0.209223 0.376046 0.150983
0 2 0.256622 0.170537 0.178692 0.184672 0.209477
4 2 0.131741 0.188907 0.164555 0.062686 0.452111
4 2 0.012087 0.383546 0.201627 0.003145 0.399595
2 2 0.014296 0.178542 0.559945 0.013623 0.233594
4 2 0.014977 0.204875 0.270343 0.005735 0.504068
2 2 0.006059 0.163006 0.634238 0.007472 0.189224
2 2 0.005107 0.099262 0.763622 0.011235 0.120774
2 2 0.004290 0.125872 0.649497 0.005153 0.215188
2 2 0.007010 0.115231 0.739760 0.014957 0.123042
2 2 0.005156 0.164235 0.596964 0.005220 0.228425
2 2 0.002404 0.047658 0.894610 0.011562 0.043766
2 2 0.005682 0.105340 0.740860 0.011306 0.136812
2 2 0.003727 0.068517 0.791789 0.008892 0.127075
2 2 0.005161 0.132489 0.599173 0.005309 0.257868
2 2 0.005405 0.127411 0.759407 0.012505 0.095272
