0 0 0.961952 0.016055 0.001035 0.015554 0.005403
0 0 0.883269 0.098298 0.005699 0.005053 0.007682
0 0 0.925625 0.042773 0.004349 0.017210 0.010044
0 0 0.783045 0.174913 0.020550 0.008086 0.013405
0 0 0.846858 0.126345 0.009462 0.006271 0.011065
0 0 0.913498 0.064642 0.004325 0.008372 0.009163
0 0 0.849598 0.124054 0.010865 0.006750 0.008733
0 0 0.975636 0.010739 0.000524 0.010715 0.002386
0 0 0.826545 0.152851 0.008153 0.003530 0.008921
0 0 0.942125 0.027203 0.002705 0.020162 0.007805
0 0 0.743505 0.218018 0.022092 0.005312 0.011073
0 0 0.978866 0.005397 0.000248 0.013631 0.001859
0 0 0.904272 0.080954 0.004132 0.004619 0.006023
0 0 0.951626 0.035223 0.001992 0.007332 0.003827
0 0 0.952232 0.031482 0.002036 0.009678 0.004572
0 0 0.956960 0.032672 0.001557 0.005834 0.002977
0 0 0.933716 0.050584 0.003281 0.007439 0.004980
0 0 0.959842 0.019514 0.001406 0.014565 0.004672
0 0 0.878018 0.106326 0.005543 0.003928 0.006185
0 0 0.831428 0.140968 0.012437 0.006216 0.008952
0 0 0.874892 0.107064 0.006792 0.004829 0.006423
0 0 0.879674 0.104799 0.005617 0.004005 0.005906
0 0 0.883297 0.100278 0.006109 0.004628 0.005687
0 0 0.974896 0.011300 0.000562 0.010763 0.002478
0 0 0.967429 0.008492 0.000575 0.019981 0.003524
0 0 0.977848 0.005672 0.000271 0.014215 0.001993
0 0 0.959307 0.018400 0.001170 0.014938 0.006185
0 0 0.810697 0.137001 0.016838 0.012709 0.022755
0 0 0.943486 0.033398 0.002793 0.013867 0.006456
0 0 0.931960 0.046377 0.003787 0.011175 0.006701
0 0 0.951914 0.019246 0.001738 0.020772 0.006330
0 0 0.765957 0.197803 0.016033 0.005267 0.014939
0 0 0.895137 0.084926 0.005426 0.006335 0.008176
0 0 0.944855 0.039504 0.002540 0.008423 0.004677
0 0 0.924551 0.043117 0.003957 0.016528 0.011848
0 0 0.814439 0.154760 0.012610 0.006028 0.012163
0 0 0.963449 0.011748 0.000690 0.017973 0.006142
0 0 0.865613 0.101167 0.011004 0.010830 0.011386
0 0 0.944931 0.031332 0.002598 0.014483 0.006657
0 0 0.796054 0.178422 0.010526 0.003764 0.011234
0 0 0.815053 0.158720 0.011128 0.004766 0.010332
0 0 0.902188 0.071610 0.006583 0.010632 0.008986
0 0 0.958384 0.023159 0.001570 0.012286 0.004602
0 0 0.970483 0.007665 0.000475 0.018328 0.003049
0 0 0.946031 0.014245 0.001513 0.030873 0.007337
0 0 0.952161 0.019532 0.001746 0.020297 0.006264
0 0 0.903390 0.074240 0.006161 0.008710 0.007499
0 0 0.964974 0.015911 0.001051 0.014107 0.003957
0 0 0.959003 0.027933 0.001543 0.007998 0.003524
0 0 0.972675 0.007419 0.000429 0.016725 0.002752
0 0 0.976560 0.006506 0.000326 0.014375 0.002234
0 0 0.965806 0.008931 0.000631 0.020848 0.003784
0 0 0.949939 0.015429 0.001516 0.026381 0.006735
0 0 0.865003 0.116349 0.006816 0.004440 0.007391
0 0 0.801350 0.174879 0.011038 0.003743 0.008990
0 0 0.946276 0.035203 0.002532 0.010672 0.005317
0 0 0.827386 0.153322 0.008262 0.003348 0.007682
0 0 0.879398 0.100145 0.007069 0.005978 0.007410
0 0 0.912965 0.058057 0.005881 0.013706 0.009391
0 0 0.917805 0.059968 0.005001 0.009970 0.007257
0 0 0.902772 0.081202 0.005193 0.005496 0.005337
0 0 0.976009 0.015198 0.000591 0.006306 0.001895
0 0 0.989073 0.002665 0.000067 0.007506 0.000689
0 0 0.964218 0.009360 0.000689 0.021689 0.004044
0 0 0.978843 0.005403 0.000248 0.013644 0.001862
0 0 0.958686 0.010853 0.000908 0.024566 0.004986
0 0 0.969829 0.007842 0.000495 0.018684 0.003149
0 0 0.944261 0.021426 0.002221 0.024275 0.007817
0 0 0.956148 0.014245 0.001238 0.022769 0.005600
0 0 0.918966 0.033237 0.004640 0.030289 0.012867
0 0 0.950634 0.021540 0.001934 0.019446 0.006446
0 0 0.943462 0.018839 0.002038 0.027627 0.008034
0 0 0.970742 0.009260 0.000565 0.016310 0.003123
0 0 0.879441 0.103377 0.006576 0.004775 0.005830
0 0 0.938598 0.033062 0.003186 0.017344 0.007811
0 0 0.928785 0.053859 0.003755 0.008035 0.005566
0 0 0.937015 0.030851 0.003222 0.020338 0.008574
0 0 0.958924 0.010810 0.000898 0.024405 0.004963
0 0 0.932800 0.034982 0.003382 0.018669 0.010167
0 0 0.960716 0.010306 0.000825 0.023519 0.004634
0 0 0.947648 0.013814 0.001428 0.030086 0.007023
0 0 0.967125 0.008574 0.000585 0.020144 0.003572
0 0 0.964590 0.009260 0.000675 0.021493 0.003982
0 0 0.946906 0.014012 0.001467 0.030448 0.007167
0 0 0.946466 0.020713 0.002070 0.023366 0.007384
0 0 0.964277 0.010128 0.000743 0.020752 0.004101
0 0 0.967380 0.008505 0.000576 0.020007 0.003531
0 0 0.946501 0.015630 0.001453 0.027603 0.008813
0 0 0.963335 0.010520 0.000718 0.020448 0.004979
0 0 0.872751 0.092055 0.009075 0.011591 0.014528
0 0 0.761145 0.207980 0.014595 0.004035 0.012245
0 0 0.688358 0.269982 0.022873 0.004029 0.014757
0 0 0.752453 0.202867 0.021982 0.006970 0.015727
0 0 0.791864 0.171989 0.016119 0.006588 0.013441
0 0 0.961584 0.015166 0.001133 0.017489 0.004628
0 1 0.838319 0.128576 0.008758 0.006769 0.017578
0 1 0.767233 0.205990 0.011471 0.003222 0.012084
0 1 0.825365 0.144908 0.011459 0.006161 0.012106
0 1 0.814893 0.156077 0.011402 0.005387 0.012240
0 0 0.920518 0.038245 0.004882 0.024584 0.011771
0 0 0.921873 0.054241 0.004338 0.010946 0.008603
0 0 0.941219 0.035407 0.002246 0.011794 0.009334
0 1 0.727380 0.239771 0.015490 0.003418 0.013940
0 1 0.852685 0.121735 0.009222 0.006284 0.010073
0 0 0.924939 0.057551 0.003237 0.006944 0.007329
0 0 0.812810 0.166144 0.008347 0.003187 0.009512
0 0 0.788920 0.192815 0.009649 0.002356 0.006260
0 0 0.934661 0.047438 0.003380 0.008932 0.005590
0 0 0.817850 0.163066 0.009405 0.003180 0.006499
0 0 0.743452 0.232973 0.012509 0.002419 0.008648
0 0 0.961237 0.010166 0.000804 0.023249 0.004545
0 0 0.962052 0.015493 0.001135 0.016790 0.004530
0 0 0.979754 0.005157 0.000228 0.013118 0.001743
0 0 0.977280 0.005894 0.000286 0.014425 0.002115
0 0 0.974555 0.006563 0.000356 0.016078 0.002449
0 0 0.987069 0.003196 0.000094 0.008752 0.000889
0 0 0.984763 0.004053 0.000132 0.009779 0.001273
0 0 0.987444 0.003517 0.000091 0.007877 0.001071
0 0 0.968810 0.008118 0.000528 0.019237 0.003306
0 0 0.958383 0.012668 0.001059 0.022725 0.005165
0 0 0.908315 0.056103 0.006601 0.017564 0.011418
0 0 0.901749 0.046478 0.009112 0.029078 0.013583
0 0 0.919994 0.041790 0.007505 0.021765 0.008947
0 0 0.886691 0.085187 0.008814 0.010166 0.009141
0 0 0.931167 0.048104 0.003810 0.010443 0.006476
0 0 0.887904 0.067022 0.008357 0.019444 0.017273
0 0 0.778503 0.178506 0.021241 0.008100 0.013651
0 0 0.818434 0.123705 0.019052 0.016884 0.021925
0 0 0.618866 0.300046 0.033513 0.006784 0.040790
0 0 0.618812 0.304362 0.034310 0.006448 0.036068
0 0 0.730291 0.217782 0.016159 0.005770 0.029997
0 0 0.527451 0.368835 0.048546 0.006350 0.048818
0 0 0.483203 0.418513 0.050524 0.004629 0.043132
0 0 0.547426 0.365273 0.039818 0.005188 0.042295
0 0 0.477216 0.430613 0.048941 0.004053 0.039176
1 0 0.439357 0.448511 0.061170 0.004637 0.046326
1 0 0.421620 0.453196 0.071682 0.005195 0.048307
1 0 0.421430 0.460931 0.064746 0.004559 0.048335
1 0 0.376689 0.491021 0.080208 0.004462 0.047620
1 0 0.361010 0.518246 0.077674 0.003488 0.039583
1 0 0.404719 0.491660 0.061594 0.003394 0.038632
0 0 0.469302 0.436835 0.052765 0.004093 0.037006
1 0 0.354941 0.523322 0.076702 0.003396 0.041640
1 1 0.371850 0.517528 0.068135 0.003160 0.039327
1 1 0.267084 0.578214 0.113843 0.002977 0.037882
1 1 0.287991 0.574050 0.096221 0.002806 0.038932
1 1 0.175882 0.680169 0.118731 0.001214 0.024003
1 1 0.171404 0.647688 0.147520 0.001782 0.031605
1 1 0.345188 0.509535 0.083046 0.004272 0.057958
0 1 0.458669 0.379072 0.080644 0.010135 0.071481
1 1 0.272338 0.536154 0.115054 0.004548 0.071906
1 1 0.240686 0.528690 0.157236 0.005397 0.067990
1 1 0.161480 0.632141 0.150679 0.002203 0.053497
1 1 0.389048 0.518094 0.057593 0.002595 0.032670
1 1 0.211765 0.592513 0.140701 0.003090 0.051932
1 1 0.167271 0.529600 0.214661 0.005252 0.083216
1 1 0.334403 0.502323 0.077095 0.004512 0.081667
1 1 0.261068 0.457528 0.149996 0.009126 0.122281
1 1 0.383338 0.455740 0.083753 0.006335 0.070834
0 1 0.456166 0.427967 0.055472 0.005096 0.055299
0 1 0.459575 0.430998 0.057614 0.004927 0.046885
1 1 0.337920 0.490122 0.093987 0.005522 0.072449
1 1 0.391740 0.470871 0.076066 0.005077 0.056247
1 1 0.371816 0.451901 0.092592 0.007089 0.076603
1 1 0.297566 0.512435 0.109256 0.005253 0.075490
1 1 0.258797 0.554992 0.121728 0.003993 0.060491
1 1 0.173752 0.616161 0.145262 0.002568 0.062257
1 1 0.262423 0.553011 0.122827 0.004038 0.057702
1 1 0.152224 0.624935 0.178515 0.002248 0.042078
1 1 0.121944 0.592122 0.227910 0.002718 0.055306
1 1 0.233855 0.568953 0.135275 0.003732 0.058184
1 1 0.140568 0.620292 0.175629 0.002386 0.061124
1 2 0.113168 0.610868 0.211898 0.002306 0.061761
1 2 0.112855 0.562973 0.252519 0.003265 0.068387
1 2 0.127288 0.551183 0.240784 0.003891 0.076855
1 2 0.171876 0.450863 0.306049 0.008898 0.062315
1 1 0.353538 0.538073 0.072701 0.002774 0.032915
1 1 0.132594 0.628229 0.192964 0.002094 0.044118
1 1 0.098755 0.612738 0.234449 0.002018 0.052040
1 1 0.176380 0.591127 0.180770 0.003140 0.048583
2 1 0.037764 0.420502 0.495752 0.002379 0.043604
2 1 0.036781 0.381657 0.524617 0.003117 0.053829
2 1 0.025306 0.208476 0.729775 0.005671 0.030772
1 1 0.060978 0.608490 0.294134 0.001240 0.035157
1 1 0.073746 0.554034 0.329489 0.002144 0.040587
2 1 0.036876 0.347861 0.561445 0.003596 0.050221
1 1 0.046635 0.469893 0.445134 0.002113 0.036226
1 1 0.120514 0.653879 0.190708 0.001544 0.033355
1 1 0.103846 0.551553 0.307780 0.002791 0.034031
1 1 0.051007 0.493549 0.412094 0.002118 0.041232
1 1 0.074528 0.628297 0.268585 0.001222 0.027368
2 1 0.047545 0.267669 0.644875 0.004784 0.035128
2 2 0.037083 0.332344 0.576092 0.005596 0.048885
2 2 0.030288 0.192796 0.733342 0.007680 0.035894
1 2 0.067445 0.441483 0.431384 0.004164 0.055524
2 2 0.034369 0.300897 0.612957 0.008228 0.043549
2 2 0.036676 0.150013 0.762443 0.009246 0.041622
2 2 0.004476 0.008353 0.963393 0.020516 0.003263
2 2 0.022282 0.105759 0.841366 0.006111 0.024482
2 2 0.019856 0.054042 0.892395 0.014725 0.018981
2 2 0.010095 0.026479 0.915555 0.039587 0.008283
2 2 0.006401 0.014071 0.899178 0.075683 0.004667
2 2 0.006372 0.011234 0.957608 0.019941 0.004845
2 3 0.003278 0.008656 0.899639 0.086207 0.002220
2 3 0.019151 0.028256 0.692172 0.245731 0.014690
2 3 0.012033 0.018327 0.662083 0.298914 0.008643
2 3 0.011169 0.023874 0.793543 0.162958 0.008455
2 3 0.004892 0.008092 0.545699 0.438189 0.003127
3 3 0.004095 0.007570 0.388530 0.597189 0.002615
3 3 0.005625 0.010073 0.237905 0.742567 0.003831
3 3 0.004047 0.007783 0.274430 0.711101 0.002638
3 3 0.011860 0.017255 0.309565 0.652738 0.008582
3 3 0.034437 0.037075 0.417512 0.482471 0.028504
3 3 0.010610 0.015336 0.408936 0.557656 0.007462
3 3 0.004538 0.008076 0.422278 0.562193 0.002915
3 3 0.009813 0.015636 0.146120 0.821103 0.007327
3 3 0.004950 0.009232 0.116766 0.865680 0.003373
3 3 0.005033 0.009353 0.200519 0.781667 0.003428
3 3 0.003939 0.005939 0.062250 0.926292 0.001580
3 3 0.004822 0.008320 0.104728 0.879352 0.002779
3 3 0.005996 0.010168 0.115598 0.864450 0.003788
3 3 0.004083 0.006597 0.072086 0.915331 0.001904
3 3 0.006525 0.009662 0.092153 0.888325 0.003335
3 3 0.003594 0.005346 0.056310 0.933413 0.001338
3 3 0.003499 0.006446 0.079037 0.909094 0.001925
3 3 0.005787 0.007074 0.060307 0.924912 0.001921
3 3 0.005303 0.006239 0.052519 0.934375 0.001563
3 3 0.009885 0.008723 0.054487 0.924535 0.002370
3 3 0.005098 0.006365 0.056184 0.930707 0.001646
3 3 0.007248 0.008537 0.068421 0.913259 0.002535
3 3 0.002985 0.003780 0.036641 0.955849 0.000745
3 3 0.003620 0.004023 0.034547 0.957027 0.000784
3 3 0.005874 0.009149 0.091901 0.889955 0.003120
3 3 0.003975 0.003942 0.030813 0.960539 0.000731
3 3 0.006701 0.007407 0.057546 0.926354 0.001992
3 3 0.005459 0.005245 0.038167 0.950011 0.001118
3 3 0.008829 0.007861 0.050306 0.930978 0.002026
3 3 0.004474 0.005683 0.051823 0.936629 0.001391
3 3 0.005460 0.006192 0.050580 0.936243 0.001526
3 3 0.003102 0.004395 0.045810 0.945719 0.000975
3 3 0.007109 0.006726 0.046463 0.938074 0.001628
3 3 0.005444 0.006797 0.059376 0.926562 0.001820
3 3 0.009156 0.006781 0.037953 0.944593 0.001517
3 3 0.009082 0.007301 0.043322 0.938548 0.001746
3 3 0.011985 0.012277 0.082361 0.889136 0.004241
3 3 0.011453 0.012006 0.082436 0.889976 0.004129
3 3 0.019795 0.019439 0.116372 0.835782 0.008612
3 3 0.012934 0.017647 0.127862 0.835443 0.006114
3 3 0.026718 0.024244 0.130535 0.806592 0.011912
3 3 0.040792 0.047310 0.202522 0.693824 0.015552
2 3 0.072057 0.151633 0.463667 0.276487 0.036157
3 3 0.046774 0.092949 0.386476 0.449369 0.024433
2 3 0.077292 0.160555 0.456424 0.271481 0.034248
3 3 0.102557 0.061838 0.182535 0.613011 0.040059
3 3 0.024060 0.025196 0.133762 0.807931 0.009051
3 3 0.048146 0.070904 0.296998 0.561092 0.022860
3 3 0.012699 0.010713 0.062305 0.911079 0.003205
3 3 0.016763 0.016914 0.106131 0.853217 0.006975
3 3 0.014702 0.018147 0.133310 0.825426 0.008415
2 3 0.261721 0.192637 0.336584 0.128321 0.080736
2 2 0.031976 0.337167 0.547295 0.008476 0.075087
2 2 0.019343 0.132401 0.787672 0.040862 0.019722
2 2 0.024724 0.178666 0.748461 0.020798 0.027351
2 2 0.011575 0.053894 0.845554 0.078916 0.010061
2 2 0.024750 0.129134 0.791928 0.028473 0.025715
2 2 0.009459 0.052758 0.803428 0.126350 0.008005
2 2 0.026306 0.112461 0.747115 0.088793 0.025325
2 2 0.116451 0.216815 0.579282 0.021184 0.066268
1 2 0.085260 0.441693 0.387688 0.005713 0.079645
2 2 0.029762 0.067408 0.832188 0.042852 0.027790
2 2 0.057137 0.164819 0.687266 0.024868 0.065911
2 2 0.038540 0.198747 0.675577 0.013405 0.073731
2 2 0.013765 0.027698 0.885816 0.061583 0.011138
2 2 0.017110 0.064124 0.869739 0.033047 0.015980
2 2 0.021077 0.032963 0.676736 0.252725 0.016499
2 2 0.014820 0.041398 0.612744 0.319200 0.011838
2 2 0.196438 0.221190 0.464357 0.035229 0.082786
2 2 0.082076 0.264190 0.427524 0.015885 0.210325
2 2 0.051666 0.223957 0.618134 0.018874 0.087369
2 2 0.054683 0.307144 0.507685 0.007172 0.123317
2 2 0.043005 0.223662 0.665064 0.009067 0.059203
2 2 0.038584 0.330680 0.540859 0.004468 0.085410
2 2 0.035275 0.107548 0.785166 0.013677 0.058334
2 2 0.041044 0.175681 0.706866 0.009955 0.066453
2 2 0.048185 0.221099 0.634593 0.009954 0.086168
2 2 0.050311 0.311513 0.517992 0.007238 0.112946
2 2 0.047519 0.159745 0.710798 0.023062 0.058875
2 2 0.028621 0.103961 0.827405 0.009255 0.030759
2 2 0.019320 0.107105 0.840401 0.012333 0.020842
2 2 0.021729 0.136009 0.788677 0.007635 0.045950
2 2 0.013860 0.020817 0.938283 0.015395 0.011645
2 2 0.063786 0.105494 0.721975 0.044798 0.063948
2 2 0.016331 0.070739 0.887822 0.005841 0.019268
2 2 0.018845 0.051532 0.879221 0.031149 0.019254
2 2 0.016620 0.035250 0.903567 0.030133 0.014430
1 2 0.132866 0.497325 0.287074 0.005767 0.076968
2 2 0.016470 0.063960 0.881253 0.022628 0.015688
2 2 0.023390 0.090741 0.852754 0.008361 0.024754
2 2 0.082245 0.347374 0.419898 0.011041 0.139442
2 2 0.034579 0.198855 0.698927 0.011477 0.056162
2 2 0.006956 0.029406 0.942931 0.014623 0.006083
2 2 0.004586 0.014628 0.962714 0.014413 0.003659
2 2 0.015055 0.089775 0.848604 0.028548 0.018018
2 2 0.033874 0.124335 0.786048 0.018478 0.037265
2 2 0.036082 0.202200 0.689872 0.009226 0.062620
2 2 0.017489 0.067728 0.876566 0.019643 0.018575
2 2 0.014183 0.033076 0.901818 0.038896 0.012027
1 2 0.149491 0.402650 0.343909 0.012008 0.091943
1 2 0.074844 0.510189 0.302801 0.003457 0.108710
1 2 0.077001 0.607596 0.229790 0.001831 0.083783
1 2 0.046628 0.548370 0.325926 0.001656 0.077421
2 2 0.009393 0.055350 0.915054 0.011128 0.009075
2 2 0.017825 0.074628 0.880264 0.009042 0.018240
2 2 0.011135 0.036291 0.931003 0.011381 0.010190
2 2 0.035877 0.215320 0.688134 0.006275 0.054394
2 2 0.012064 0.044729 0.914164 0.017973 0.011070
2 2 0.004863 0.016367 0.964379 0.010381 0.004010
2 2 0.041315 0.141572 0.688192 0.014262 0.114660
2 2 0.025005 0.099695 0.833263 0.013539 0.028498
2 2 0.005618 0.016184 0.964856 0.008663 0.004678
2 2 0.040318 0.205487 0.669539 0.008330 0.076327
2 2 0.008525 0.014122 0.938717 0.032116 0.006520
2 2 0.010692 0.030161 0.930044 0.019838 0.009264
2 2 0.010202 0.019444 0.938230 0.022757 0.009368
2 2 0.002499 0.006786 0.916036 0.073028 0.001651
2 2 0.005672 0.010099 0.925759 0.054442 0.004028
2 2 0.046647 0.088271 0.734625 0.061060 0.069398
2 2 0.028765 0.050805 0.840550 0.054328 0.025552
2 2 0.022291 0.064397 0.865225 0.011827 0.036260
2 2 0.018477 0.066774 0.882451 0.009081 0.023217
2 2 0.002285 0.006845 0.961339 0.027943 0.001588
2 2 0.005795 0.009394 0.881073 0.099781 0.003957
2 2 0.011019 0.027182 0.899448 0.053411 0.008939
2 2 0.026246 0.067645 0.854153 0.026864 0.025092
2 2 0.020973 0.072212 0.858527 0.024704 0.023584
2 2 0.004165 0.010267 0.921899 0.060730 0.002939
1 2 0.069222 0.433945 0.343934 0.005290 0.147610
2 2 0.014306 0.059310 0.903879 0.008267 0.014239
2 2 0.071814 0.212088 0.495072 0.020111 0.200915
2 2 0.021757 0.116787 0.830130 0.005372 0.025954
2 2 0.008736 0.025497 0.931823 0.026668 0.007276
2 2 0.027264 0.060059 0.863444 0.023366 0.025868
2 2 0.023502 0.071064 0.864681 0.010642 0.030111
2 2 0.003768 0.008098 0.979141 0.006071 0.002922
2 2 0.016357 0.039261 0.918705 0.010418 0.015258
2 2 0.005126 0.012601 0.957878 0.020455 0.003940
2 2 0.042189 0.063311 0.807071 0.048405 0.039024
2 2 0.015677 0.032747 0.913677 0.023453 0.014445
2 2 0.012152 0.052861 0.911506 0.011821 0.011661
2 2 0.007672 0.019419 0.938518 0.028244 0.006145
2 2 0.006865 0.010450 0.949676 0.027928 0.005081
2 2 0.002903 0.005951 0.941546 0.047670 0.001930
2 2 0.014503 0.040683 0.798548 0.134379 0.011886
2 3 0.016245 0.047860 0.860653 0.061107 0.014134
2 3 0.007993 0.014717 0.643590 0.328151 0.005549
2 3 0.027385 0.043068 0.681071 0.226130 0.022345
2 3 0.010010 0.017501 0.549867 0.415513 0.007108
2 3 0.026366 0.061729 0.708977 0.180211 0.022718
2 3 0.016635 0.027537 0.806846 0.136004 0.012978
2 3 0.008850 0.010700 0.767336 0.207132 0.005981
2 3 0.046022 0.073716 0.657925 0.181378 0.040959
2 3 0.024740 0.026782 0.546896 0.382815 0.018766
3 3 0.021717 0.027114 0.298335 0.636046 0.016787
3 3 0.014729 0.020750 0.231038 0.722369 0.011114
3 3 0.007893 0.012941 0.252586 0.721033 0.005546
3 3 0.005305 0.009146 0.130789 0.851551 0.003209
3 3 0.005962 0.008812 0.134530 0.847858 0.002839
3 3 0.019762 0.025535 0.183052 0.756738 0.014912
3 3 0.018351 0.020979 0.140814 0.809546 0.010310
3 3 0.008039 0.007933 0.055344 0.926556 0.002128
3 3 0.013830 0.013211 0.082510 0.885812 0.004637
3 3 0.010892 0.012825 0.096122 0.875386 0.004775
3 3 0.010608 0.012280 0.091373 0.881306 0.004433
3 3 0.018353 0.013616 0.068256 0.895328 0.004447
3 3 0.019687 0.019720 0.119746 0.831970 0.008877
3 3 0.008324 0.008610 0.061700 0.918912 0.002454
3 3 0.021568 0.018088 0.095940 0.857154 0.007250
3 3 0.009852 0.007707 0.044301 0.936260 0.001880
3 3 0.010234 0.010035 0.067044 0.909634 0.003052
3 3 0.022666 0.017968 0.090960 0.861377 0.007030
3 3 0.022354 0.016065 0.076256 0.879629 0.005695
3 3 0.041851 0.047913 0.220424 0.669383 0.020429
3 3 0.034691 0.032444 0.138358 0.784209 0.010298
2 3 0.105603 0.152131 0.368787 0.338665 0.034814
3 3 0.065842 0.089101 0.319724 0.494617 0.030716
3 3 0.140490 0.121385 0.274161 0.418905 0.045059
3 3 0.042180 0.033554 0.139572 0.769976 0.014719
3 3 0.054688 0.049009 0.185931 0.690229 0.020143
3 3 0.016263 0.018121 0.128057 0.829494 0.008065
3 3 0.044161 0.026278 0.097563 0.820369 0.011628
3 3 0.056789 0.049528 0.185133 0.687595 0.020955
3 3 0.025368 0.018654 0.088033 0.860683 0.007262
3 3 0.048392 0.057055 0.237578 0.635802 0.021173
3 3 0.013716 0.009665 0.049019 0.925031 0.002570
3 3 0.017906 0.015132 0.083265 0.878206 0.005490
3 3 0.011517 0.007884 0.040293 0.938445 0.001861
3 3 0.009943 0.008563 0.052543 0.926666 0.002284
3 3 0.022838 0.013208 0.053800 0.906259 0.003895
3 3 0.018031 0.012524 0.060166 0.905462 0.003817
3 3 0.009055 0.007030 0.040736 0.941551 0.001629
3 3 0.034563 0.026083 0.118618 0.808225 0.012512
3 3 0.057665 0.034730 0.123701 0.765522 0.018383
3 3 0.015856 0.012201 0.064240 0.903905 0.003798
3 3 0.007033 0.005170 0.029996 0.956801 0.001000
3 3 0.013737 0.011132 0.062174 0.909603 0.003354
3 3 0.013236 0.009969 0.053249 0.920790 0.002757
3 3 0.017607 0.017681 0.109655 0.847588 0.007469
3 3 0.033499 0.023177 0.100021 0.833273 0.010030
3 3 0.011756 0.009213 0.051550 0.925006 0.002475
3 3 0.018890 0.014829 0.076904 0.884195 0.005182
3 3 0.120281 0.121339 0.313500 0.394622 0.050258
3 3 0.018547 0.015871 0.087556 0.872083 0.005943
3 3 0.021403 0.017020 0.087191 0.867923 0.006462
3 3 0.095055 0.107070 0.309368 0.450519 0.037988
3 3 0.054828 0.043256 0.163552 0.718526 0.019839
3 3 0.022980 0.018888 0.097757 0.852668 0.007707
3 3 0.039419 0.026407 0.108328 0.813623 0.012223
3 3 0.028090 0.021264 0.100546 0.841070 0.009030
3 3 0.053181 0.036278 0.129208 0.766030 0.015303
3 3 0.029986 0.040060 0.206903 0.709330 0.013721
3 3 0.047775 0.038171 0.152497 0.744368 0.017189
3 3 0.009874 0.011458 0.086431 0.888255 0.003982
3 3 0.016759 0.015771 0.091351 0.870088 0.006030
2 3 0.260209 0.274303 0.301543 0.076814 0.087132
3 3 0.036403 0.037446 0.154810 0.748229 0.023112
3 3 0.016851 0.018795 0.126012 0.829780 0.008562
3 3 0.025126 0.025287 0.131518 0.805290 0.012779
3 3 0.010349 0.011837 0.087729 0.885917 0.004168
3 3 0.018977 0.020001 0.126455 0.825311 0.009256
3 3 0.014052 0.010728 0.057286 0.914831 0.003103
3 3 0.009432 0.012413 0.102759 0.870671 0.004725
3 3 0.021256 0.022020 0.130261 0.815854 0.010608
3 3 0.047680 0.041714 0.168513 0.714827 0.027266
3 3 0.008361 0.011932 0.106483 0.868648 0.004576
3 3 0.067974 0.060826 0.229496 0.607719 0.033985
3 3 0.024946 0.022697 0.123946 0.817689 0.010723
3 3 0.024218 0.026475 0.143675 0.791509 0.014124
3 3 0.004889 0.004695 0.034751 0.954721 0.000944
3 3 0.013553 0.012028 0.071673 0.898842 0.003904
3 3 0.047944 0.044928 0.203040 0.678079 0.026009
3 3 0.069084 0.073913 0.249816 0.562963 0.044225
3 3 0.064314 0.051940 0.207134 0.641834 0.034777
3 3 0.028094 0.024046 0.123435 0.812925 0.011500
3 3 0.017561 0.016136 0.094296 0.865749 0.006258
3 3 0.015944 0.015298 0.093582 0.869331 0.005845
3 3 0.014237 0.014572 0.094935 0.870713 0.005544
3 3 0.016637 0.016329 0.100704 0.859798 0.006531
3 3 0.016731 0.014773 0.084710 0.878415 0.005370
3 3 0.009342 0.010985 0.084368 0.891559 0.003746
3 3 0.033361 0.022720 0.097082 0.837175 0.009662
3 3 0.012029 0.010325 0.061302 0.913299 0.003045
3 3 0.061473 0.046633 0.189948 0.668923 0.033024
3 3 0.007108 0.008084 0.063449 0.919057 0.002302
2 2 0.051509 0.265324 0.602253 0.032917 0.047996
2 2 0.042242 0.247861 0.644611 0.014865 0.050421
2 2 0.050916 0.395332 0.452618 0.005178 0.095957
2 2 0.115264 0.293281 0.507503 0.014460 0.069493
1 2 0.090580 0.459794 0.365354 0.005393 0.078880
2 2 0.050082 0.181675 0.639269 0.016000 0.112974
2 2 0.049924 0.115382 0.701632 0.022962 0.110100
2 2 0.048761 0.144773 0.633579 0.018238 0.154648
4 2 0.033313 0.220539 0.339037 0.006720 0.400391
1 2 0.146304 0.339176 0.190281 0.014103 0.310136
4 2 0.029160 0.252742 0.172629 0.003935 0.541535
4 2 0.030826 0.236932 0.218870 0.004945 0.508428
4 2 0.021027 0.303706 0.186762 0.002072 0.486433
4 2 0.111370 0.191850 0.099497 0.017225 0.580058
4 4 0.040387 0.161750 0.121607 0.009002 0.667254
4 4 0.022462 0.084982 0.050644 0.005756 0.836156
4 4 0.029740 0.182410 0.121546 0.005172 0.661132
4 4 0.027391 0.248225 0.259627 0.004187 0.460570
4 4 0.035716 0.217426 0.226604 0.006754 0.513500
4 4 0.032554 0.238170 0.267083 0.005613 0.456579
4 4 0.041279 0.296123 0.246407 0.005847 0.410344
4 4 0.046829 0.132756 0.113692 0.013822 0.692901
4 4 0.038394 0.267582 0.208801 0.005705 0.479519
4 4 0.031819 0.227429 0.177207 0.005056 0.558490
4 4 0.049846 0.105354 0.044594 0.008889 0.791317
4 4 0.024154 0.158782 0.096739 0.004157 0.716168
4 4 0.032931 0.207631 0.145712 0.005494 0.608232
4 4 0.023214 0.213364 0.172615 0.003494 0.587313
4 4 0.029004 0.201832 0.199193 0.005307 0.564664
1 4 0.071298 0.377791 0.251822 0.006644 0.292446
4 4 0.023198 0.184056 0.231457 0.004548 0.556741
4 4 0.054338 0.192062 0.097442 0.007633 0.648524
4 4 0.022305 0.218284 0.257789 0.003663 0.497959
4 4 0.027101 0.186053 0.209001 0.005386 0.572460
4 4 0.038755 0.196335 0.276389 0.008997 0.479523
4 4 0.027594 0.142125 0.086035 0.005218 0.739028
4 4 0.024047 0.260208 0.164441 0.002870 0.548434
4 4 0.017255 0.246610 0.134802 0.001802 0.599531
4 4 0.043045 0.208051 0.164264 0.007408 0.577232
4 4 0.034361 0.236269 0.198249 0.005579 0.525542
2 4 0.049877 0.244862 0.395573 0.009982 0.299706
4 4 0.034728 0.202811 0.290770 0.007564 0.464127
4 4 0.085621 0.199483 0.160832 0.016232 0.537832
4 4 0.024932 0.155922 0.285560 0.006446 0.527140
1 1 0.124726 0.337567 0.220533 0.013538 0.303634
2 1 0.037298 0.182049 0.509230 0.010259 0.261165
4 1 0.040358 0.223585 0.153212 0.006366 0.576480
4 1 0.095181 0.286851 0.156070 0.010692 0.451206
4 1 0.037731 0.165574 0.353381 0.011199 0.432115
4 2 0.021665 0.244592 0.146682 0.002566 0.584495
2 2 0.044347 0.175550 0.403369 0.013345 0.363389
2 2 0.037143 0.221700 0.474971 0.008029 0.258156
2 2 0.026629 0.166687 0.683090 0.006537 0.117057
2 2 0.035191 0.111647 0.750682 0.014243 0.088237
2 2 0.023228 0.067080 0.809085 0.014037 0.086569
2 2 0.060941 0.324434 0.378675 0.008544 0.227407
2 2 0.029850 0.156035 0.646968 0.008651 0.158497
2 2 0.020174 0.074573 0.862846 0.008423 0.033983
2 2 0.037003 0.133980 0.724728 0.012542 0.091746
2 2 0.118581 0.337644 0.432971 0.011056 0.099748
2 2 0.039352 0.190336 0.669698 0.009130 0.091484
2 2 0.028591 0.186932 0.704982 0.005783 0.073712
2 2 0.025323 0.091298 0.828634 0.009832 0.044913
2 2 0.035242 0.162246 0.734816 0.008646 0.059050
1 2 0.072342 0.553510 0.262164 0.002527 0.109457
1 2 0.209280 0.484856 0.214838 0.007862 0.083163
1 2 0.052380 0.590401 0.298456 0.001359 0.057404
1 2 0.033623 0.476846 0.399756 0.001834 0.087941
1 2 0.054318 0.485188 0.333419 0.003003 0.124072
1 1 0.242389 0.395819 0.255274 0.015564 0.090953
1 1 0.113268 0.633007 0.168654 0.001960 0.083112
1 2 0.073707 0.644954 0.207294 0.001342 0.072704
1 2 0.104664 0.445076 0.283553 0.006997 0.159709
1 2 0.103666 0.622629 0.168132 0.001985 0.103587
1 2 0.101202 0.650835 0.188995 0.001579 0.057389
1 2 0.197817 0.641289 0.118028 0.001904 0.040961
1 2 0.058412 0.572486 0.253231 0.001832 0.114039
2 2 0.024914 0.181356 0.755461 0.004196 0.034073
2 2 0.041440 0.382836 0.456189 0.003966 0.115569
2 2 0.006188 0.029984 0.955010 0.002887 0.005931
2 2 0.015189 0.060102 0.900806 0.008801 0.015102
1 2 0.051587 0.406595 0.330162 0.004607 0.207048
2 2 0.008212 0.033314 0.946541 0.004087 0.007846
2 2 0.033347 0.241540 0.637018 0.005393 0.082703
2 2 0.021083 0.056206 0.891284 0.010806 0.020621
2 2 0.044423 0.405994 0.439557 0.003913 0.106113
1 2 0.124269 0.428542 0.199542 0.007553 0.240094
2 2 0.061563 0.202501 0.663405 0.012666 0.059865
2 2 0.031489 0.220621 0.704011 0.004750 0.039129
2 2 0.019331 0.076220 0.877421 0.006869 0.020160
2 2 0.050980 0.346825 0.490140 0.006247 0.105807
2 2 0.006867 0.019937 0.961975 0.005167 0.006054
1 1 0.155412 0.561033 0.236656 0.003684 0.043215
1 2 0.074495 0.518733 0.352223 0.002855 0.051694
1 1 0.157735 0.524513 0.272342 0.004694 0.040717
1 1 0.329358 0.477962 0.125202 0.006918 0.060560
1 1 0.069339 0.579520 0.308687 0.001740 0.040714
1 2 0.053772 0.547367 0.353464 0.001675 0.043723
1 2 0.052120 0.487135 0.399472 0.002494 0.058778
2 2 0.040931 0.308783 0.609542 0.003624 0.037120
2 2 0.020750 0.104264 0.846589 0.005538 0.022859
1 2 0.069928 0.566536 0.319849 0.001909 0.041777
1 2 0.073138 0.471439 0.394572 0.003808 0.057043
2 2 0.017052 0.059756 0.898809 0.007235 0.017148
1 2 0.066215 0.468781 0.410654 0.003397 0.050954
2 2 0.007540 0.028393 0.949600 0.007657 0.006809
2 2 0.062898 0.389024 0.486518 0.005097 0.056463
2 2 0.026524 0.150060 0.790770 0.005077 0.027568
2 2 0.022339 0.067543 0.877798 0.009801 0.022519
1 2 0.081624 0.564356 0.301530 0.002341 0.050150
2 2 0.045574 0.337107 0.551005 0.005288 0.061026
2 2 0.032168 0.156466 0.767015 0.007187 0.037164
2 2 0.028632 0.173916 0.758038 0.005328 0.034087
2 2 0.017734 0.083976 0.873913 0.005411 0.018966
2 2 0.051802 0.319957 0.519632 0.007147 0.101462
2 2 0.014019 0.053828 0.912224 0.005892 0.014037
2 2 0.051956 0.233451 0.650452 0.008477 0.055665
2 2 0.019931 0.070404 0.881406 0.007831 0.020428
2 2 0.005992 0.016793 0.966778 0.005282 0.005156
2 2 0.033060 0.215726 0.688079 0.005666 0.057469
2 2 0.024426 0.123262 0.818841 0.006010 0.027461
2 2 0.008582 0.034749 0.938731 0.010096 0.007842
2 2 0.014383 0.049502 0.915274 0.006691 0.014149
2 2 0.030408 0.173538 0.754154 0.005874 0.036027
2 0 0.315010 0.245425 0.335645 0.034910 0.069011
1 1 0.063779 0.538044 0.330088 0.002327 0.065762
1 1 0.145739 0.668769 0.160163 0.001356 0.023973
1 2 0.048320 0.457405 0.439816 0.002641 0.051818
2 0 0.193944 0.303067 0.434304 0.016216 0.052469
1 0 0.215420 0.588154 0.143456 0.003196 0.049774
1 1 0.068482 0.619443 0.270121 0.001345 0.040609
2 1 0.078387 0.345643 0.523987 0.006188 0.045795
1 2 0.071871 0.478641 0.388412 0.003595 0.057481
1 2 0.093414 0.494487 0.345048 0.004266 0.062784
2 2 0.010408 0.053909 0.919633 0.005633 0.010417
2 2 0.052951 0.339886 0.537413 0.005721 0.064029
2 2 0.023940 0.121649 0.821622 0.005904 0.026886
2 2 0.041084 0.293140 0.607709 0.005139 0.052927
2 2 0.048870 0.154274 0.751463 0.010012 0.035380
2 2 0.072061 0.433249 0.436288 0.004627 0.053775
2 2 0.021350 0.130365 0.819196 0.004571 0.024519
1 0 0.358949 0.418906 0.162810 0.011194 0.048140
2 0 0.150624 0.282771 0.470555 0.017843 0.078207
1 1 0.105781 0.632989 0.158354 0.001843 0.101033
1 1 0.068307 0.576928 0.212672 0.001985 0.140108
1 1 0.075260 0.543019 0.230049 0.002721 0.148951
2 2 0.030965 0.141500 0.767589 0.008223 0.051723
2 2 0.026670 0.313537 0.481953 0.003216 0.174625
2 2 0.009228 0.038813 0.933689 0.004660 0.013610
2 2 0.029593 0.288245 0.515467 0.004102 0.162594
2 2 0.011322 0.060162 0.907702 0.005191 0.015624
2 2 0.024110 0.122523 0.798807 0.006740 0.047820
2 2 0.013725 0.051172 0.910031 0.006462 0.018610
2 2 0.029816 0.238847 0.616614 0.004941 0.109783
2 2 0.014612 0.071571 0.892666 0.005968 0.015183
1 2 0.052373 0.426964 0.400245 0.004135 0.116283
2 2 0.026623 0.169902 0.752299 0.005294 0.045882
2 2 0.007437 0.024595 0.950923 0.010569 0.006476
2 2 0.029185 0.110161 0.800420 0.009960 0.050274
2 2 0.018999 0.082834 0.853016 0.007100 0.038052
2 2 0.021972 0.086982 0.845562 0.008183 0.037301
2 2 0.031855 0.114079 0.793198 0.012017 0.048851
2 2 0.018910 0.066557 0.887646 0.007633 0.019254
2 2 0.036762 0.294703 0.559313 0.005022 0.104199
2 2 0.009045 0.031324 0.946073 0.005081 0.008477
2 2 0.030965 0.130583 0.765631 0.009398 0.063423
2 2 0.041191 0.120343 0.780037 0.014051 0.044379
2 2 0.021100 0.069267 0.872992 0.015873 0.020767
2 2 0.017236 0.052457 0.904988 0.008417 0.016901
2 2 0.011670 0.045221 0.914074 0.018328 0.010708
2 2 0.015485 0.051182 0.909731 0.008491 0.015111
2 2 0.044970 0.300682 0.551819 0.006343 0.096186
2 2 0.004001 0.010811 0.974766 0.007235 0.003187
2 2 0.007730 0.024810 0.948795 0.011970 0.006695
2 1 0.088018 0.275314 0.515078 0.012981 0.108609
2 2 0.029081 0.239676 0.624371 0.004696 0.102176
1 2 0.105696 0.410544 0.314490 0.008960 0.160309
2 2 0.062855 0.279731 0.509907 0.011268 0.136239
2 2 0.010870 0.059917 0.913873 0.003544 0.011795
2 2 0.015804 0.043987 0.911327 0.014179 0.014702
2 2 0.023209 0.079631 0.864311 0.008779 0.024070
1 2 0.265554 0.501368 0.130809 0.006322 0.095948
1 2 0.043677 0.483228 0.355510 0.002423 0.115161
2 2 0.041747 0.343412 0.445877 0.005189 0.163775
2 2 0.059602 0.194691 0.638272 0.015572 0.091864
2 2 0.064329 0.171059 0.391598 0.022510 0.350505
2 2 0.009626 0.035409 0.939228 0.005130 0.010607
2 2 0.021048 0.128250 0.785688 0.005573 0.059442
2 2 0.056032 0.136692 0.654615 0.022819 0.129842
2 2 0.013819 0.044180 0.912249 0.016003 0.013749
2 2 0.010426 0.030749 0.941828 0.007439 0.009558
2 2 0.018552 0.065319 0.880646 0.011016 0.024466
2 2 0.032970 0.132728 0.745981 0.010487 0.077833
2 2 0.016612 0.048739 0.903558 0.015499 0.015592
2 2 0.029632 0.118512 0.773001 0.013908 0.064948
2 2 0.013252 0.039899 0.907926 0.027197 0.011726
2 2 0.031339 0.108476 0.798766 0.018142 0.043276
2 2 0.016563 0.054325 0.894949 0.018391 0.015772
2 2 0.011159 0.020646 0.875055 0.084599 0.008541
2 2 0.020510 0.043370 0.875245 0.042882 0.017993
2 2 0.023816 0.125423 0.795038 0.024265 0.031457
2 2 0.021154 0.053962 0.866942 0.038740 0.019202
2 2 0.012401 0.025140 0.898362 0.054132 0.009965
2 3 0.022930 0.061662 0.865217 0.028647 0.021544
2 2 0.036763 0.151378 0.760375 0.009107 0.042376
2 2 0.022154 0.058629 0.884657 0.011364 0.023197
2 2 0.025716 0.077555 0.859780 0.010618 0.026332
2 2 0.067258 0.352685 0.477445 0.007506 0.095107
2 2 0.030017 0.144722 0.778293 0.007028 0.039941
2 2 0.052359 0.226092 0.647557 0.009102 0.064890
2 2 0.044544 0.326947 0.479351 0.005950 0.143208
2 2 0.038708 0.338805 0.529718 0.004374 0.088396
2 2 0.037235 0.214832 0.680351 0.006775 0.060807
2 2 0.046132 0.188645 0.700923 0.010288 0.054012
2 2 0.039801 0.189961 0.714989 0.008111 0.047136
2 2 0.048759 0.104804 0.766039 0.024096 0.056302
2 2 0.038369 0.155169 0.750083 0.013502 0.042878
2 2 0.068287 0.331096 0.460444 0.010227 0.129947
2 3 0.047246 0.273695 0.579099 0.007577 0.092382
2 3 0.042622 0.147269 0.737144 0.027388 0.045577
2 3 0.060231 0.127165 0.703156 0.047759 0.061689
2 3 0.036725 0.117533 0.732119 0.077645 0.035978
2 3 0.057103 0.228405 0.617333 0.030404 0.066756
2 3 0.037589 0.109916 0.736712 0.079321 0.036462
2 3 0.021986 0.043207 0.753679 0.163024 0.018103
2 3 0.049577 0.172561 0.670024 0.055405 0.052432
2 3 0.035400 0.097071 0.555261 0.280093 0.032175
2 3 0.060556 0.301797 0.465152 0.018581 0.153914
2 3 0.044518 0.189671 0.609007 0.094015 0.062789
3 3 0.049037 0.064450 0.416619 0.426656 0.043238
2 3 0.045585 0.101019 0.660600 0.150158 0.042638
3 3 0.035598 0.038814 0.302753 0.593853 0.028982
3 3 0.070541 0.061076 0.362059 0.445041 0.061284
2 3 0.049419 0.215598 0.602753 0.066261 0.065970
2 3 0.037319 0.120218 0.714529 0.091534 0.036399
2 3 0.066666 0.176694 0.553263 0.116989 0.086388
2 3 0.093353 0.180751 0.503676 0.124703 0.097517
2 3 0.144143 0.300952 0.396226 0.025785 0.132895
2 3 0.036818 0.153088 0.570054 0.180902 0.059138
3 3 0.033383 0.035891 0.387503 0.516626 0.026596
3 3 0.039821 0.042843 0.247806 0.636289 0.033240
3 3 0.047306 0.044623 0.244373 0.629878 0.033819
2 3 0.143427 0.159195 0.367435 0.169514 0.160429
2 3 0.063152 0.164575 0.473868 0.177133 0.121272
0 0 0.414007 0.331964 0.180064 0.019284 0.054681
1 0 0.232710 0.517974 0.171888 0.005992 0.071437
1 1 0.111674 0.485902 0.299528 0.005628 0.097269
2 2 0.068515 0.272683 0.579575 0.010540 0.068687
1 2 0.092008 0.585635 0.249031 0.002418 0.070908
2 2 0.024689 0.137887 0.794995 0.005751 0.036679
2 2 0.014059 0.042446 0.922477 0.007553 0.013464
2 2 0.030806 0.114944 0.809830 0.010252 0.034167
2 2 0.020342 0.053262 0.876378 0.031387 0.018632
4 2 0.036545 0.322727 0.261794 0.004521 0.374413
4 2 0.031018 0.187937 0.216923 0.006487 0.557635
4 4 0.027637 0.178089 0.224763 0.005950 0.563561
4 4 0.036882 0.203119 0.149236 0.006636 0.604126
4 4 0.039775 0.235555 0.182154 0.006653 0.535863
4 4 0.038420 0.159423 0.117323 0.008429 0.676405
4 4 0.074377 0.346068 0.123970 0.004700 0.450885
4 4 0.031853 0.283595 0.206149 0.004107 0.474297
4 4 0.019347 0.280067 0.163446 0.001947 0.535193
0 4 0.566196 0.222831 0.089840 0.036362 0.084770
4 4 0.038514 0.228245 0.302192 0.007662 0.423387
4 4 0.026505 0.172718 0.302583 0.006347 0.491847
4 4 0.034760 0.154132 0.218327 0.009492 0.583289
4 4 0.025659 0.296248 0.197615 0.002859 0.477620
4 4 0.020553 0.262430 0.155441 0.002245 0.559331
4 4 0.029430 0.327652 0.153520 0.002229 0.487169
4 4 0.017227 0.134762 0.071737 0.002779 0.773494
4 4 0.014642 0.095286 0.048566 0.002769 0.838737
4 4 0.022206 0.081418 0.030100 0.003638 0.862638
4 4 0.014650 0.116991 0.110850 0.003068 0.754439
4 4 0.027800 0.127062 0.053322 0.003984 0.787831
4 4 0.032511 0.148304 0.055465 0.003828 0.759892
4 4 0.016466 0.174569 0.069024 0.001643 0.738299
4 4 0.005693 0.113651 0.039664 0.000569 0.840422
4 4 0.011905 0.062708 0.018353 0.001650 0.905384
4 4 0.008994 0.126205 0.048141 0.000987 0.815673
4 4 0.020249 0.098591 0.045708 0.003616 0.831837
4 4 0.016215 0.099343 0.043219 0.002613 0.838611
4 4 0.008664 0.114221 0.046762 0.001084 0.829269
4 4 0.006022 0.050474 0.017747 0.001028 0.924729
4 4 0.022880 0.152751 0.054029 0.002370 0.767970
4 4 0.008188 0.093248 0.037596 0.001143 0.859825
4 4 0.020420 0.084373 0.034655 0.003584 0.856969
4 4 0.003646 0.041357 0.012829 0.000571 0.941598
4 4 0.008024 0.054564 0.016045 0.001143 0.920224
4 4 0.169535 0.215127 0.050617 0.011577 0.553144
4 4 0.017044 0.066992 0.012752 0.001558 0.901654
4 4 0.058340 0.104831 0.027863 0.006725 0.802242
4 4 0.012261 0.061576 0.014648 0.001402 0.910113
4 4 0.063848 0.114703 0.021297 0.004909 0.795243
1 4 0.261583 0.425679 0.092677 0.007946 0.212115
4 4 0.039690 0.313596 0.142899 0.003190 0.500625
4 4 0.108539 0.255669 0.140476 0.013842 0.481474
4 4 0.052945 0.135206 0.057393 0.008060 0.746396
4 4 0.138500 0.209630 0.051981 0.010057 0.589831
4 4 0.013194 0.128419 0.033998 0.001059 0.823330
4 4 0.018376 0.074013 0.024286 0.002757 0.880567
4 4 0.367917 0.157075 0.048957 0.039365 0.386686
4 4 0.099458 0.117640 0.023240 0.008437 0.751225
1 4 0.098242 0.413780 0.102687 0.003763 0.381528
4 4 0.011598 0.060202 0.014022 0.001305 0.912874
4 4 0.010590 0.058496 0.013964 0.001225 0.915725
4 4 0.015497 0.067889 0.016218 0.001738 0.898658
4 4 0.007394 0.118137 0.035419 0.000647 0.838404
4 4 0.017621 0.092956 0.023264 0.001732 0.864427
4 4 0.041326 0.262447 0.099524 0.003310 0.593392
4 4 0.045755 0.312839 0.076851 0.002118 0.562437
4 4 0.098427 0.278246 0.046920 0.003819 0.572588
4 4 0.006923 0.070406 0.026962 0.001069 0.894640
4 4 0.085960 0.113238 0.022559 0.007420 0.770824
4 4 0.054544 0.154598 0.022852 0.002677 0.765329
4 4 0.013639 0.150705 0.048755 0.001204 0.785697
4 4 0.070342 0.231071 0.071144 0.005483 0.621961
4 4 0.008108 0.066143 0.022442 0.001184 0.902122
4 4 0.011974 0.064113 0.021784 0.001903 0.900227
4 4 0.052616 0.236112 0.052121 0.002816 0.656334
4 4 0.017461 0.171024 0.039979 0.001065 0.770472
4 4 0.026458 0.194239 0.047005 0.001625 0.730673
4 4 0.011762 0.118168 0.044974 0.001406 0.823690
4 4 0.044684 0.122148 0.021818 0.003019 0.808330
4 4 0.032829 0.129003 0.027069 0.002402 0.808697
4 4 0.033676 0.122411 0.029389 0.002930 0.811595
4 4 0.007966 0.055116 0.017759 0.001234 0.917925
4 4 0.023856 0.080599 0.025814 0.003447 0.866284
4 4 0.045252 0.309906 0.165385 0.004298 0.475159
4 4 0.017075 0.185411 0.082176 0.001831 0.713507
1 4 0.088342 0.522185 0.167681 0.002980 0.218812
0 1 0.440951 0.340645 0.140825 0.018631 0.058948
1 1 0.134131 0.492952 0.232658 0.006038 0.134220
1 1 0.299230 0.433594 0.160653 0.011258 0.095265
4 1 0.055562 0.249075 0.160791 0.007864 0.526708
1 1 0.115645 0.380691 0.175443 0.008313 0.319909
1 1 0.110866 0.455441 0.222598 0.006267 0.204829
4 1 0.045037 0.344095 0.128344 0.002807 0.479717
4 1 0.014190 0.189132 0.093812 0.001622 0.701243
4 2 0.016174 0.179997 0.098057 0.002090 0.703682
4 2 0.028792 0.325170 0.147220 0.002125 0.496693
4 2 0.017997 0.156795 0.120497 0.003052 0.701659
4 2 0.018862 0.195479 0.108737 0.002451 0.674471
4 2 0.018971 0.182568 0.101454 0.002598 0.694410
4 2 0.047163 0.376284 0.159870 0.003013 0.413670
1 2 0.087296 0.456280 0.137201 0.003472 0.315751
4 2 0.042535 0.294221 0.130201 0.003568 0.529476
4 2 0.012476 0.310285 0.153627 0.000921 0.522691
4 2 0.021352 0.227276 0.309881 0.003456 0.438035
4 2 0.016850 0.212704 0.191306 0.002334 0.576806
4 2 0.016762 0.247201 0.136572 0.001734 0.597732
4 2 0.022387 0.258545 0.127749 0.002128 0.589191
2 2 0.027702 0.151837 0.668016 0.007950 0.144496
4 2 0.024627 0.214223 0.235520 0.004175 0.521456
2 2 0.044472 0.289659 0.354832 0.006315 0.304722
2 2 0.026770 0.226682 0.448757 0.005013 0.292778
1 2 0.029394 0.341052 0.329977 0.003276 0.296300
4 2 0.041580 0.179162 0.311043 0.010428 0.457787
2 2 0.023212 0.186032 0.622710 0.005024 0.163022
2 2 0.031075 0.182602 0.440143 0.007959 0.338220
1 2 0.160172 0.485477 0.236787 0.007139 0.110426
1 2 0.029391 0.451222 0.416735 0.001891 0.100761
2 2 0.016893 0.231524 0.700961 0.002001 0.048622
2 2 0.036652 0.254585 0.650560 0.005259 0.052945
