0 0 0.974743 0.014808 0.000920 0.002606 0.006924
0 0 0.984457 0.004838 0.000612 0.001769 0.008324
0 0 0.978791 0.004284 0.000936 0.002260 0.013729
0 0 0.898993 0.001747 0.000684 0.000171 0.098405
0 0 0.944500 0.000620 0.000177 0.000050 0.054653
0 0 0.954127 0.000985 0.000275 0.000116 0.044497
0 0 0.979758 0.002472 0.000540 0.000874 0.016356
0 0 0.990979 0.001178 0.000182 0.000463 0.007197
0 0 0.970951 0.001990 0.000497 0.000471 0.026091
0 0 0.992490 0.001128 0.000161 0.000498 0.005723
0 0 0.938617 0.001057 0.000329 0.000107 0.059890
0 0 0.960772 0.005367 0.001561 0.001962 0.030337
0 0 0.965400 0.001150 0.000294 0.000176 0.032980
0 0 0.977859 0.002563 0.000582 0.000868 0.018128
0 0 0.976535 0.000555 0.000116 0.000072 0.022721
0 0 0.964174 0.000969 0.000247 0.000132 0.034478
0 0 0.968942 0.004621 0.001214 0.001833 0.023391
0 0 0.969274 0.006037 0.001551 0.003028 0.020110
0 0 0.928004 0.004961 0.001854 0.001102 0.064078
0 0 0.956840 0.004708 0.001427 0.001459 0.035566
0 0 0.977437 0.001016 0.000221 0.000191 0.021134
0 0 0.973953 0.004366 0.001058 0.001927 0.018696
0 0 0.974134 0.003295 0.000801 0.001180 0.020591
0 0 0.972783 0.003808 0.000946 0.001455 0.021008
0 0 0.962690 0.004633 0.001320 0.001588 0.029769
0 0 0.972299 0.003744 0.000937 0.001393 0.021627
0 0 0.974430 0.002661 0.000641 0.000829 0.021439
0 0 0.966965 0.004824 0.001302 0.001878 0.025031
0 0 0.961798 0.004963 0.001429 0.001754 0.030056
0 0 0.979510 0.003918 0.000848 0.001969 0.013754
0 0 0.980542 0.004944 0.000992 0.003388 0.010134
0 0 0.988001 0.003042 0.000493 0.002097 0.006367
0 0 0.976683 0.007445 0.001178 0.003232 0.011462
0 0 0.986156 0.003353 0.000590 0.002211 0.007689
0 0 0.980291 0.005961 0.001063 0.004581 0.008105
0 0 0.924731 0.004128 0.001552 0.000796 0.068793
0 0 0.984160 0.002924 0.000569 0.001449 0.010897
0 0 0.978531 0.004507 0.000984 0.002466 0.013511
0 0 0.981560 0.003816 0.000782 0.002080 0.011762
0 0 0.979630 0.003648 0.000792 0.001730 0.014199
0 0 0.977073 0.006319 0.001172 0.003232 0.012205
0 0 0.970856 0.006866 0.001673 0.004173 0.016432
0 0 0.977897 0.003117 0.000708 0.001215 0.017064
0 0 0.976453 0.006542 0.001232 0.003439 0.012334
0 0 0.928259 0.009787 0.003723 0.003436 0.054795
0 0 0.977871 0.004257 0.000952 0.002140 0.014780
0 0 0.974483 0.005323 0.001253 0.002862 0.016079
0 0 0.982908 0.003085 0.000621 0.001491 0.011895
0 0 0.985412 0.002240 0.000425 0.000959 0.010963
0 0 0.968089 0.004952 0.001315 0.002026 0.023618
0 0 0.970433 0.005371 0.001368 0.002516 0.020312
0 0 0.973009 0.004158 0.001027 0.001710 0.020096
0 0 0.964804 0.004824 0.001340 0.001783 0.027248
0 0 0.962225 0.014209 0.002123 0.004139 0.017305
0 0 0.984061 0.003580 0.000681 0.002144 0.009533
0 0 0.971186 0.006059 0.001501 0.003259 0.017994
0 0 0.973884 0.005793 0.001364 0.003314 0.015646
0 0 0.966244 0.005428 0.001475 0.002276 0.024577
0 0 0.974813 0.004135 0.000989 0.001798 0.018266
0 0 0.984055 0.003819 0.000716 0.002461 0.008948
0 0 0.951239 0.006697 0.002146 0.002425 0.037494
0 0 0.933458 0.009091 0.003104 0.002748 0.051599
0 0 0.906177 0.007639 0.003252 0.001847 0.081085
0 0 0.890915 0.005818 0.002594 0.001072 0.099601
0 0 0.930333 0.007438 0.002789 0.002197 0.057243
0 0 0.913588 0.009592 0.002976 0.001609 0.072236
0 0 0.927149 0.004947 0.001857 0.001088 0.064958
0 0 0.939781 0.010055 0.003363 0.003800 0.043002
0 0 0.775029 0.065800 0.016446 0.005679 0.137047
0 0 0.919445 0.009691 0.003887 0.003080 0.063896
0 0 0.923796 0.039226 0.003724 0.003453 0.029800
0 0 0.952630 0.005997 0.001898 0.002050 0.037426
0 0 0.915636 0.009606 0.003933 0.002927 0.067898
0 0 0.943663 0.005507 0.001873 0.001556 0.047400
0 0 0.953272 0.006346 0.001996 0.002286 0.036100
0 0 0.939074 0.005460 0.001917 0.001449 0.052099
0 0 0.896164 0.013991 0.005826 0.004027 0.079992
0 0 0.965203 0.005921 0.001625 0.002595 0.024656
0 0 0.871782 0.031436 0.009053 0.005674 0.082055
0 0 0.865112 0.024656 0.007989 0.004076 0.098167
0 0 0.823568 0.011604 0.006634 0.002338 0.155855
0 0 0.967298 0.004443 0.001195 0.001640 0.025425
0 0 0.960969 0.005183 0.001507 0.001859 0.030482
0 0 0.965382 0.003888 0.001071 0.001249 0.028410
0 0 0.951815 0.003554 0.001113 0.000848 0.042670
0 0 0.952721 0.007185 0.002266 0.002817 0.035012
0 0 0.935694 0.008179 0.002929 0.002681 0.050517
0 0 0.884365 0.004168 0.001856 0.000608 0.109002
0 0 0.869696 0.037835 0.008075 0.004267 0.080128
0 0 0.955020 0.011160 0.002147 0.002529 0.029144
0 0 0.934761 0.012862 0.003607 0.003564 0.045206
0 0 0.923311 0.021415 0.004662 0.004221 0.046390
0 0 0.923947 0.022612 0.004000 0.003084 0.046357
0 0 0.951811 0.010632 0.002548 0.003203 0.031806
0 0 0.953448 0.008424 0.002270 0.002787 0.033071
0 0 0.906938 0.014511 0.005629 0.004528 0.068394
0 0 0.967372 0.004147 0.001115 0.001458 0.025907
0 0 0.909136 0.005486 0.002263 0.001104 0.082011
0 0 0.955990 0.006035 0.001848 0.002198 0.033928
0 0 0.948749 0.005414 0.001769 0.001622 0.042445
0 0 0.935869 0.008086 0.002927 0.002699 0.050419
0 0 0.946670 0.006201 0.002067 0.001980 0.043082
0 0 0.908981 0.006419 0.002675 0.001421 0.080504
0 0 0.889513 0.025464 0.010592 0.012100 0.062331
0 0 0.949178 0.006603 0.002155 0.002289 0.039774
0 0 0.943822 0.003916 0.001310 0.000892 0.050059
0 0 0.963684 0.008696 0.002127 0.004183 0.021311
0 0 0.938339 0.011288 0.003828 0.004706 0.041839
0 0 0.934875 0.016596 0.003577 0.003399 0.041554
0 0 0.944473 0.018456 0.003613 0.005305 0.028153
0 0 0.883320 0.008491 0.003983 0.001882 0.102324
0 0 0.916077 0.011168 0.004563 0.003810 0.064383
0 0 0.962472 0.005373 0.001534 0.002043 0.028577
0 0 0.969697 0.004575 0.001189 0.001838 0.022702
0 0 0.930269 0.022315 0.004476 0.004906 0.038035
0 0 0.957601 0.008436 0.002448 0.004036 0.027478
0 0 0.912908 0.006598 0.002704 0.001533 0.076258
0 0 0.948359 0.019606 0.003529 0.006759 0.021746
0 0 0.942793 0.014065 0.003215 0.003604 0.036323
0 0 0.896456 0.031862 0.005681 0.003350 0.062651
0 0 0.888192 0.015488 0.007217 0.005346 0.083758
0 0 0.816030 0.052468 0.013223 0.005650 0.112630
0 0 0.816159 0.007800 0.004427 0.001203 0.170412
0 0 0.812965 0.019581 0.005650 0.001252 0.160552
0 0 0.866200 0.008656 0.004309 0.001764 0.119071
0 0 0.875973 0.009757 0.004730 0.002261 0.107278
0 0 0.916481 0.020093 0.005331 0.004698 0.053397
0 0 0.829741 0.026868 0.007192 0.002110 0.134090
0 0 0.851093 0.020524 0.004837 0.001325 0.122221
0 0 0.738551 0.071493 0.013699 0.002778 0.173479
0 0 0.863227 0.016356 0.006501 0.002958 0.110958
0 0 0.753283 0.028111 0.014364 0.004252 0.199991
0 0 0.901060 0.019956 0.004758 0.002628 0.071597
0 0 0.796004 0.040920 0.009466 0.002355 0.151255
0 0 0.897948 0.006150 0.002679 0.001226 0.091998
0 0 0.834490 0.060968 0.008823 0.003169 0.092551
0 0 0.855308 0.027140 0.010102 0.005698 0.101752
0 0 0.858094 0.023944 0.008589 0.004334 0.105038
0 0 0.831739 0.028107 0.010243 0.004337 0.125574
0 0 0.859989 0.017004 0.005296 0.001868 0.115843
0 0 0.910235 0.031541 0.004505 0.002849 0.050870
0 0 0.784097 0.051431 0.015749 0.005721 0.143002
0 0 0.905925 0.020670 0.004718 0.002824 0.065862
0 0 0.947601 0.016813 0.002470 0.002474 0.030641
0 0 0.888935 0.024073 0.006558 0.003958 0.076477
0 0 0.816496 0.045102 0.012469 0.005032 0.120900
0 0 0.804734 0.097852 0.014604 0.007955 0.074856
0 0 0.862038 0.038392 0.008173 0.003859 0.087537
0 0 0.867264 0.057688 0.007838 0.004327 0.062883
0 0 0.904480 0.028036 0.006634 0.005632 0.055218
0 0 0.839855 0.042442 0.010122 0.004369 0.103212
0 0 0.872916 0.070354 0.006228 0.003646 0.046857
0 0 0.906478 0.024567 0.005180 0.003417 0.060358
0 0 0.685319 0.145103 0.017195 0.003297 0.149085
0 0 0.799685 0.079129 0.013586 0.005284 0.102317
0 0 0.776906 0.084597 0.014303 0.004526 0.119669
0 0 0.742628 0.129360 0.020731 0.008836 0.098444
0 0 0.882033 0.009394 0.003572 0.001432 0.103570
0 0 0.847015 0.032600 0.008645 0.003556 0.108184
0 0 0.879672 0.008065 0.003822 0.001694 0.106746
0 0 0.965625 0.012183 0.001726 0.003025 0.017442
0 0 0.862804 0.006957 0.003452 0.001221 0.125566
0 0 0.969098 0.012428 0.001110 0.001471 0.015894
0 0 0.940494 0.025069 0.002270 0.001712 0.030455
0 0 0.922161 0.049600 0.002468 0.001842 0.023928
0 0 0.963333 0.016973 0.001565 0.002393 0.015736
0 0 0.701896 0.189440 0.014755 0.004068 0.089841
1 1 0.279524 0.520670 0.030923 0.002009 0.166873
4 1 0.016145 0.433786 0.073763 0.000261 0.476045
4 2 0.018548 0.335776 0.045782 0.000104 0.599789
4 2 0.012302 0.408572 0.069746 0.000176 0.509205
4 1 0.012294 0.246769 0.037699 0.000049 0.703189
4 2 0.133259 0.255661 0.022536 0.000183 0.588362
4 2 0.012324 0.380095 0.063259 0.000141 0.544182
1 2 0.011929 0.466662 0.083246 0.000268 0.437896
4 2 0.080154 0.199038 0.031698 0.000209 0.688900
4 2 0.020423 0.270466 0.042760 0.000098 0.666253
4 1 0.280164 0.076515 0.010949 0.000157 0.632215
4 1 0.064203 0.284527 0.044018 0.000308 0.606944
4 1 0.035394 0.218202 0.027361 0.000070 0.718972
4 1 0.019279 0.342213 0.075778 0.000297 0.562433
4 1 0.017855 0.431490 0.099420 0.000535 0.450700
4 1 0.047913 0.297511 0.085000 0.000865 0.568711
1 1 0.085895 0.467017 0.098016 0.002709 0.346363
1 1 0.169587 0.431296 0.072242 0.003137 0.323737
4 1 0.016248 0.380140 0.077052 0.000270 0.526289
4 0 0.103081 0.358143 0.085629 0.002057 0.451090
0 0 0.412916 0.126858 0.086201 0.016018 0.358008
0 1 0.814916 0.090777 0.016968 0.013433 0.063906
1 1 0.092416 0.512792 0.102083 0.003697 0.289013
1 1 0.015668 0.579641 0.143773 0.001596 0.259323
1 2 0.016792 0.455104 0.292751 0.002533 0.232820
2 2 0.007891 0.166639 0.724739 0.001703 0.099028
2 2 0.007479 0.101011 0.823341 0.002339 0.065829
2 2 0.008171 0.077949 0.856604 0.003347 0.053929
2 2 0.005668 0.045954 0.911988 0.002752 0.033638
2 2 0.005048 0.023565 0.948290 0.003850 0.019248
2 2 0.007995 0.035488 0.922100 0.006052 0.028366
2 2 0.008214 0.035687 0.921207 0.006307 0.028585
2 2 0.009238 0.028892 0.923910 0.015196 0.022763
2 2 0.003462 0.017375 0.944311 0.024227 0.010624
2 2 0.003532 0.021443 0.896303 0.067938 0.010783
2 2 0.001125 0.010370 0.924138 0.059955 0.004412
2 2 0.003099 0.017370 0.935478 0.034302 0.009751
2 1 0.000740 0.008672 0.862355 0.125409 0.002825
2 2 0.023154 0.069494 0.778572 0.082825 0.045955
2 2 0.015482 0.070674 0.849542 0.010668 0.053635
2 1 0.018405 0.124713 0.761286 0.009030 0.086565
2 2 0.018005 0.055458 0.865006 0.016716 0.044814
2 2 0.009308 0.048603 0.898694 0.006091 0.037304
2 2 0.014902 0.061097 0.865317 0.011240 0.047445
2 2 0.012476 0.077276 0.845123 0.006269 0.058855
2 2 0.003234 0.017185 0.941126 0.028377 0.010078
2 2 0.013923 0.078732 0.841336 0.008176 0.057832
2 2 0.001329 0.014371 0.763247 0.216159 0.004895
2 2 0.002774 0.020014 0.863603 0.104722 0.008887
2 2 0.001986 0.017599 0.810381 0.163257 0.006776
2 2 0.001169 0.011794 0.758183 0.225396 0.003457
2 2 0.002244 0.020269 0.717570 0.252612 0.007304
2 3 0.001788 0.014491 0.505135 0.475139 0.003446
3 3 0.001275 0.009831 0.249659 0.737489 0.001745
3 3 0.002653 0.014514 0.254506 0.725575 0.002752
3 3 0.001002 0.008285 0.266301 0.723031 0.001381
3 3 0.001281 0.012358 0.484221 0.499269 0.002869
2 3 0.001362 0.015243 0.679995 0.298513 0.004886
2 3 0.001064 0.012424 0.612884 0.370230 0.003399
3 3 0.001910 0.011329 0.218677 0.766133 0.001951
3 3 0.002887 0.010800 0.113409 0.871338 0.001565
3 3 0.002771 0.020089 0.463682 0.508104 0.005355
3 3 0.002228 0.015830 0.283252 0.695175 0.003515
3 3 0.002369 0.012669 0.157019 0.825679 0.002263
3 3 0.001910 0.009971 0.182006 0.804580 0.001532
3 3 0.003019 0.010760 0.115805 0.868894 0.001521
3 3 0.001041 0.005431 0.092514 0.900374 0.000639
3 3 0.001942 0.010560 0.173778 0.812012 0.001708
3 3 0.002558 0.011867 0.154059 0.829587 0.001929
3 3 0.002437 0.007405 0.046663 0.942606 0.000890
3 3 0.002221 0.007836 0.090272 0.898717 0.000954
3 3 0.002853 0.013778 0.145759 0.835129 0.002481
3 3 0.003073 0.008759 0.049545 0.937511 0.001113
3 3 0.001557 0.011158 0.261267 0.723963 0.002056
3 3 0.002899 0.010099 0.075399 0.910171 0.001432
3 3 0.001974 0.011061 0.173221 0.811885 0.001859
3 3 0.002111 0.014492 0.229783 0.750583 0.003031
3 3 0.001366 0.009573 0.167775 0.819646 0.001640
3 3 0.001799 0.005961 0.056315 0.935279 0.000645
3 3 0.002183 0.009032 0.064435 0.923029 0.001322
3 3 0.002995 0.007471 0.039929 0.948759 0.000847
3 3 0.002438 0.009480 0.064442 0.922253 0.001387
3 3 0.001350 0.003747 0.028041 0.966540 0.000322
3 3 0.001814 0.005968 0.048274 0.943286 0.000657
3 3 0.002198 0.008358 0.061626 0.926680 0.001138
3 3 0.006507 0.017259 0.092943 0.880442 0.002849
3 3 0.002023 0.018877 0.373496 0.600355 0.005248
2 2 0.007407 0.042906 0.629077 0.302420 0.018191
2 2 0.007360 0.040690 0.724887 0.208494 0.018570
2 2 0.003788 0.026011 0.800405 0.158577 0.011219
2 1 0.024688 0.115373 0.753947 0.028290 0.077701
2 2 0.015597 0.052044 0.839233 0.058765 0.034361
2 2 0.010855 0.050878 0.719933 0.193192 0.025143
2 2 0.008017 0.045185 0.614038 0.313491 0.019269
2 2 0.001548 0.015110 0.814016 0.163749 0.005577
3 2 0.004118 0.025138 0.434807 0.528956 0.006980
3 2 0.002990 0.013923 0.201658 0.778999 0.002430
2 2 0.006030 0.034304 0.719099 0.226539 0.014028
2 2 0.010322 0.042377 0.843772 0.078771 0.024758
2 2 0.011259 0.046866 0.812561 0.102946 0.026368
2 2 0.019505 0.074229 0.822753 0.031646 0.051867
2 2 0.023434 0.092077 0.789807 0.029980 0.064702
2 2 0.020853 0.172690 0.684002 0.008537 0.113919
2 3 0.018863 0.086041 0.817205 0.014913 0.062978
2 3 0.007045 0.034489 0.849189 0.090885 0.018391
2 2 0.002957 0.022357 0.806689 0.158748 0.009250
2 2 0.002281 0.020852 0.678312 0.291233 0.007322
2 2 0.009333 0.046409 0.729663 0.192204 0.022390
2 2 0.005378 0.030061 0.843859 0.105825 0.014877
2 3 0.003679 0.024650 0.516421 0.447928 0.007322
3 2 0.004025 0.024704 0.260506 0.704177 0.006588
2 2 0.002872 0.022748 0.767576 0.197835 0.008969
2 2 0.003403 0.023988 0.817670 0.144591 0.010348
2 2 0.002982 0.023402 0.759479 0.204917 0.009220
2 2 0.004534 0.032864 0.520009 0.430656 0.011937
2 2 0.003038 0.021677 0.845762 0.120006 0.009517
2 2 0.004286 0.031319 0.569068 0.383854 0.011473
2 3 0.006998 0.039924 0.584555 0.353109 0.015414
3 3 0.003291 0.015630 0.242484 0.735686 0.002909
3 3 0.002546 0.012770 0.152461 0.829988 0.002234
3 3 0.005494 0.015701 0.094099 0.882169 0.002537
3 3 0.002085 0.014762 0.252774 0.727227 0.003152
3 2 0.004597 0.023715 0.271336 0.694609 0.005743
2 2 0.045668 0.088367 0.528193 0.302258 0.035513
2 2 0.019349 0.073966 0.757734 0.105310 0.043641
2 2 0.011269 0.039679 0.892158 0.028927 0.027967
2 2 0.002311 0.019954 0.769742 0.200426 0.007567
2 2 0.005297 0.031439 0.803977 0.144686 0.014600
2 2 0.015205 0.071577 0.773697 0.099951 0.039569
2 2 0.003246 0.021838 0.865315 0.099548 0.010054
2 2 0.001729 0.014386 0.893658 0.084067 0.006160
2 2 0.006689 0.036898 0.561359 0.381909 0.013144
2 1 0.014650 0.055883 0.783609 0.113642 0.032216
2 1 0.183930 0.256395 0.374340 0.070401 0.114934
2 2 0.030618 0.130704 0.722970 0.020502 0.095207
2 1 0.022621 0.067812 0.834494 0.020915 0.054158
2 2 0.071049 0.148708 0.639881 0.046822 0.093540
2 1 0.049023 0.275533 0.498463 0.018104 0.158876
2 1 0.040344 0.095426 0.758121 0.035466 0.070642
2 2 0.031913 0.160323 0.676545 0.018593 0.112625
2 2 0.007432 0.030143 0.931715 0.006091 0.024619
2 2 0.009034 0.030333 0.920656 0.016934 0.023043
2 2 0.011121 0.110982 0.799288 0.004239 0.074370
2 2 0.009651 0.033156 0.919980 0.010398 0.026814
2 2 0.012846 0.135081 0.758897 0.004609 0.088566
2 2 0.006903 0.024151 0.935710 0.015083 0.018152
2 2 0.015122 0.185839 0.677954 0.004670 0.116416
2 2 0.013421 0.125397 0.772057 0.005274 0.083852
2 2 0.016210 0.339547 0.453609 0.003138 0.187497
2 2 0.008062 0.025957 0.932064 0.013451 0.020466
2 1 0.019517 0.219012 0.618750 0.006263 0.136458
2 1 0.050235 0.330083 0.436002 0.013642 0.170038
2 1 0.016308 0.148227 0.731013 0.006393 0.098060
2 2 0.014341 0.118797 0.779798 0.006164 0.080899
2 2 0.010136 0.066753 0.868889 0.005459 0.048762
2 2 0.012460 0.065711 0.864685 0.007836 0.049308
2 2 0.017177 0.183069 0.677166 0.005864 0.116724
2 2 0.014632 0.081237 0.835803 0.008670 0.059658
2 2 0.008597 0.035182 0.920924 0.006891 0.028406
2 2 0.013092 0.144670 0.743964 0.004500 0.093775
2 2 0.011348 0.040316 0.905670 0.009886 0.032780
2 2 0.007592 0.026835 0.926827 0.019179 0.019567
2 2 0.020032 0.249276 0.573367 0.005865 0.151459
2 2 0.011132 0.058407 0.879118 0.007117 0.044226
2 0 0.011577 0.034101 0.909624 0.017570 0.027128
0 1 0.604724 0.112340 0.062842 0.028157 0.191936
1 2 0.067992 0.489276 0.231296 0.011077 0.200360
2 2 0.011839 0.059573 0.875549 0.007774 0.045264
2 2 0.016275 0.125092 0.765752 0.007318 0.085563
2 2 0.013816 0.067280 0.858885 0.009156 0.050864
2 2 0.013706 0.053407 0.879898 0.010867 0.042122
2 2 0.021208 0.116706 0.766576 0.012107 0.083403
2 1 0.014448 0.120304 0.777276 0.006178 0.081793
2 1 0.053849 0.257597 0.536867 0.016971 0.134716
2 2 0.022606 0.113921 0.779380 0.010608 0.073485
2 2 0.012858 0.056112 0.878125 0.009377 0.043528
2 2 0.010716 0.067878 0.865742 0.005916 0.049748
2 2 0.011182 0.066045 0.867380 0.006499 0.048895
2 2 0.011648 0.081399 0.842864 0.005888 0.058201
2 2 0.004257 0.022883 0.908061 0.052313 0.012486
2 2 0.020371 0.180438 0.673627 0.007914 0.117650
2 2 0.015476 0.177405 0.689576 0.005047 0.112496
2 2 0.012152 0.058173 0.876862 0.008282 0.044532
2 2 0.017347 0.094642 0.808955 0.010219 0.068836
2 2 0.013137 0.064592 0.864661 0.008688 0.048923
2 2 0.003087 0.019750 0.899382 0.068074 0.009707
2 2 0.007984 0.031268 0.904453 0.035921 0.020374
2 1 0.036725 0.066354 0.795318 0.063511 0.038092
2 1 0.119461 0.258977 0.447825 0.046353 0.127384
0 1 0.330063 0.171391 0.189895 0.089725 0.218926
1 1 0.178542 0.396392 0.229833 0.036480 0.158753
2 2 0.022021 0.312760 0.477248 0.005653 0.182318
2 2 0.017543 0.152404 0.721881 0.007068 0.101104
2 2 0.011182 0.057424 0.880483 0.007269 0.043643
2 2 0.012182 0.110719 0.797132 0.004954 0.075014
2 2 0.017648 0.120905 0.773638 0.007734 0.080075
2 2 0.027638 0.160512 0.686330 0.014580 0.110940
2 2 0.021821 0.116359 0.765613 0.012734 0.083473
2 2 0.013020 0.096408 0.816768 0.006200 0.067604
2 2 0.017389 0.112044 0.782714 0.008951 0.078902
2 2 0.012576 0.075808 0.849088 0.007097 0.055430
2 2 0.031225 0.352737 0.399593 0.009129 0.207316
2 2 0.013183 0.116226 0.786431 0.005442 0.078719
2 2 0.031995 0.163153 0.672207 0.018406 0.114239
2 2 0.016010 0.054464 0.872045 0.013910 0.043571
2 2 0.025085 0.120485 0.749351 0.021535 0.083545
2 2 0.022358 0.086130 0.782124 0.053225 0.056164
2 2 0.027487 0.116038 0.752118 0.018930 0.085428
2 2 0.007787 0.032970 0.887942 0.051332 0.019970
2 2 0.002778 0.020721 0.840674 0.126963 0.008864
2 2 0.006718 0.036854 0.758973 0.180773 0.016683
2 2 0.017486 0.068660 0.776138 0.097250 0.040467
2 2 0.012921 0.053644 0.822305 0.079585 0.031544
2 2 0.018523 0.071251 0.758202 0.110431 0.041594
2 2 0.011309 0.047366 0.807192 0.107697 0.026436
2 2 0.029929 0.180527 0.651518 0.015128 0.122898
2 2 0.001967 0.016488 0.859414 0.115347 0.006784
2 1 0.009397 0.038379 0.823558 0.109934 0.018733
2 1 0.062309 0.128859 0.684639 0.042087 0.082107
2 1 0.127193 0.310010 0.368803 0.045187 0.148808
1 2 0.103890 0.484746 0.221939 0.015185 0.174239
2 2 0.009671 0.057144 0.884730 0.005710 0.042745
1 2 0.094051 0.586360 0.127075 0.009170 0.183343
2 2 0.029094 0.176576 0.659261 0.014692 0.120378
2 2 0.019224 0.196089 0.653143 0.006697 0.124846
2 2 0.047140 0.324121 0.439803 0.013945 0.174990
2 2 0.015367 0.162075 0.712588 0.005373 0.104598
2 2 0.016161 0.052650 0.873128 0.016277 0.041783
2 2 0.016864 0.163163 0.707439 0.006252 0.106283
2 2 0.018272 0.130939 0.743662 0.006251 0.100876
2 2 0.016496 0.136237 0.748509 0.006984 0.091774
2 2 0.005999 0.026070 0.917050 0.034562 0.016318
2 2 0.016492 0.098605 0.805080 0.009078 0.070745
2 1 0.021440 0.083831 0.807983 0.027180 0.059565
2 1 0.029456 0.126787 0.734029 0.018892 0.090837
2 1 0.071282 0.246994 0.524115 0.026599 0.131010
1 2 0.205661 0.411204 0.163419 0.034658 0.185058
2 2 0.026470 0.186176 0.651140 0.011991 0.124223
2 2 0.011881 0.060715 0.873714 0.007703 0.045987
2 2 0.013071 0.038988 0.901159 0.015020 0.031761
2 2 0.011298 0.084059 0.839668 0.005449 0.059526
2 2 0.011976 0.079069 0.845608 0.006316 0.057031
2 2 0.017406 0.149263 0.726890 0.007096 0.099345
2 2 0.011038 0.059336 0.877944 0.006928 0.044754
2 2 0.012254 0.049869 0.889051 0.009500 0.039326
2 2 0.010956 0.039950 0.907305 0.009383 0.032405
2 2 0.015126 0.209253 0.643505 0.004232 0.127883
2 0 0.035261 0.067056 0.811415 0.038399 0.047869
0 0 0.906885 0.004120 0.001683 0.000688 0.086624
0 0 0.903199 0.001714 0.000660 0.000170 0.094257
0 0 0.804560 0.001943 0.001003 0.000132 0.192362
0 0 0.790708 0.007027 0.004193 0.000936 0.197136
0 0 0.928816 0.005022 0.001870 0.001133 0.063158
0 0 0.917708 0.015805 0.002778 0.001303 0.062405
0 0 0.887314 0.081006 0.002986 0.001696 0.026997
0 0 0.846353 0.113668 0.003691 0.001485 0.034803
0 0 0.650701 0.285650 0.008668 0.002161 0.052820
0 0 0.886944 0.052884 0.005843 0.003449 0.050880
0 0 0.887681 0.060405 0.005864 0.004098 0.041951
0 0 0.627576 0.299198 0.010311 0.002397 0.060519
0 0 0.669083 0.266489 0.007765 0.001785 0.054879
0 0 0.607678 0.317760 0.010027 0.002061 0.062474
1 0 0.366121 0.526402 0.023208 0.003577 0.080692
0 0 0.705381 0.227111 0.008993 0.002617 0.055897
0 0 0.579772 0.338937 0.011375 0.002195 0.067722
0 0 0.623490 0.306109 0.009275 0.001986 0.059139
0 0 0.822467 0.122637 0.005824 0.002280 0.046792
0 0 0.973608 0.004785 0.001095 0.001977 0.018536
0 0 0.959567 0.011338 0.002434 0.004425 0.022236
0 0 0.851235 0.111451 0.004396 0.002461 0.030457
0 0 0.809209 0.147236 0.005346 0.002410 0.035799
0 0 0.897689 0.070458 0.002809 0.001613 0.027430
0 0 0.857629 0.103034 0.003284 0.001273 0.034781
0 1 0.849756 0.104779 0.004076 0.001591 0.039798
0 1 0.502387 0.345498 0.014840 0.001351 0.135923
0 0 0.502483 0.256609 0.014483 0.000815 0.225609
0 1 0.795460 0.125200 0.005628 0.001206 0.072506
0 1 0.727526 0.185433 0.006375 0.001021 0.079644
0 1 0.540467 0.293725 0.012407 0.000976 0.152425
0 1 0.749403 0.146924 0.005709 0.000756 0.097208
0 0 0.788451 0.134766 0.004774 0.000866 0.071142
0 1 0.907132 0.058297 0.002816 0.001611 0.030144
0 1 0.658509 0.256362 0.008479 0.001443 0.075206
0 1 0.694960 0.211130 0.007293 0.001081 0.085536
0 1 0.759949 0.187065 0.005546 0.001593 0.045847
0 1 0.464068 0.359293 0.016949 0.001315 0.158374
4 1 0.310323 0.202953 0.017731 0.000364 0.468630
4 1 0.331837 0.260715 0.016588 0.000372 0.390488
0 1 0.483959 0.249827 0.012568 0.000533 0.253113
0 1 0.668940 0.081355 0.004761 0.000216 0.244728
0 0 0.394599 0.241325 0.014492 0.000401 0.349183
0 0 0.955053 0.022446 0.002024 0.002897 0.017581
0 1 0.794440 0.111456 0.012707 0.005571 0.075826
1 1 0.322484 0.548933 0.021355 0.001939 0.105290
1 1 0.218420 0.457773 0.030632 0.000861 0.292313
1 1 0.182282 0.471711 0.037846 0.001013 0.307148
0 1 0.391624 0.381628 0.027274 0.002047 0.197427
1 1 0.343632 0.475081 0.019246 0.001086 0.160954
4 1 0.286244 0.152125 0.010690 0.000126 0.550814
4 1 0.067804 0.220218 0.018073 0.000059 0.693845
0 1 0.420526 0.187148 0.016474 0.000565 0.375287
0 1 0.781057 0.114733 0.007361 0.001472 0.095377
0 1 0.785260 0.056277 0.003971 0.000378 0.154113
0 1 0.513677 0.064672 0.004991 0.000111 0.416550
4 1 0.159931 0.131205 0.012190 0.000079 0.696595
4 1 0.076583 0.154821 0.013005 0.000039 0.755552
4 1 0.172452 0.171889 0.015702 0.000130 0.639827
0 0 0.424489 0.273526 0.014557 0.000513 0.286915
4 1 0.177088 0.082815 0.007539 0.000042 0.732517
4 1 0.103901 0.107253 0.010606 0.000040 0.778200
4 1 0.077604 0.134999 0.011780 0.000034 0.775583
4 1 0.097341 0.075520 0.009660 0.000036 0.817443
4 1 0.075900 0.234446 0.022553 0.000101 0.667000
4 1 0.034454 0.292563 0.039969 0.000140 0.632874
4 1 0.041420 0.266062 0.029350 0.000092 0.663075
4 1 0.094041 0.125678 0.015579 0.000071 0.764631
4 1 0.026912 0.256575 0.033968 0.000081 0.682463
4 1 0.017483 0.231094 0.044602 0.000094 0.706727
4 0 0.019603 0.213086 0.044194 0.000104 0.723014
4 0 0.354015 0.165108 0.019512 0.000555 0.460810
0 1 0.932712 0.024189 0.004431 0.005453 0.033215
0 1 0.488630 0.401342 0.023157 0.005211 0.081660
1 1 0.417692 0.466354 0.022363 0.003489 0.090101
1 1 0.271565 0.596822 0.032614 0.003998 0.095002
1 1 0.134875 0.612234 0.042232 0.001328 0.209330
1 1 0.050610 0.683313 0.057370 0.000955 0.207752
1 1 0.013850 0.455399 0.085740 0.000321 0.444691
1 1 0.012210 0.517098 0.101289 0.000461 0.368944
4 1 0.016536 0.411510 0.064998 0.000201 0.506755
1 1 0.018336 0.522970 0.145726 0.001586 0.311381
1 2 0.011011 0.418543 0.359560 0.001351 0.209535
1 2 0.016705 0.487759 0.177145 0.001250 0.317141
4 1 0.058176 0.406904 0.069094 0.000753 0.465074
1 1 0.315889 0.494787 0.032632 0.002803 0.153890
1 2 0.016558 0.482358 0.256968 0.002332 0.241784
1 2 0.025507 0.600355 0.128122 0.002081 0.243936
2 2 0.013992 0.303641 0.508609 0.002644 0.171114
2 2 0.005120 0.080918 0.859849 0.001473 0.052639
2 2 0.008843 0.174796 0.710137 0.001985 0.104239
2 2 0.006621 0.145342 0.759640 0.001416 0.086981
2 2 0.005763 0.092722 0.840313 0.001613 0.059590
2 2 0.010112 0.182270 0.695761 0.002405 0.109453
2 2 0.017683 0.230662 0.515441 0.001680 0.234534
2 2 0.007905 0.184513 0.698590 0.001570 0.107421
2 2 0.010056 0.142782 0.754241 0.002912 0.090009
2 2 0.006266 0.077172 0.862545 0.002154 0.051864
2 2 0.007602 0.174382 0.714238 0.001540 0.102238
2 2 0.008016 0.063407 0.879243 0.003824 0.045509
2 2 0.010651 0.165322 0.713596 0.002519 0.107912
2 2 0.010749 0.160561 0.726096 0.002960 0.099634
2 2 0.013806 0.153610 0.701628 0.002705 0.128251
2 2 0.006100 0.066713 0.878933 0.002313 0.045941
2 2 0.008844 0.163721 0.726220 0.002086 0.099130
2 2 0.007630 0.076464 0.860205 0.003028 0.052674
2 2 0.019182 0.123870 0.733269 0.004988 0.118691
2 2 0.011608 0.115373 0.791490 0.004416 0.077113
2 2 0.011485 0.209882 0.651775 0.002652 0.124205
2 2 0.010348 0.121873 0.784775 0.003478 0.079526
2 2 0.022103 0.295550 0.386230 0.001897 0.294220
2 2 0.008909 0.047050 0.902090 0.005805 0.036147
2 2 0.015662 0.187655 0.673979 0.004915 0.117789
2 2 0.005193 0.022654 0.931153 0.026423 0.014577
2 2 0.009024 0.105860 0.812147 0.003093 0.069876
2 2 0.008584 0.048276 0.901045 0.005341 0.036753
2 1 0.011160 0.073494 0.856087 0.005946 0.053312
1 0 0.185623 0.326528 0.236540 0.019826 0.231482
0 1 0.871365 0.023514 0.008957 0.005759 0.090404
1 1 0.216508 0.509908 0.059108 0.004125 0.210351
1 2 0.134500 0.592442 0.105332 0.010580 0.157146
1 2 0.060102 0.465547 0.286580 0.007526 0.180246
1 2 0.069689 0.495738 0.239112 0.009363 0.186099
1 2 0.173546 0.504557 0.098479 0.007641 0.215777
2 2 0.036905 0.302501 0.503191 0.008181 0.149222
2 2 0.021174 0.337540 0.460273 0.004090 0.176923
2 2 0.040007 0.297470 0.368006 0.004089 0.290428
2 2 0.016892 0.131331 0.754932 0.007490 0.089355
2 2 0.015779 0.057165 0.864289 0.020073 0.042694
2 2 0.026769 0.348252 0.442000 0.005152 0.177826
2 2 0.042645 0.323997 0.442587 0.007759 0.183012
2 2 0.014230 0.115427 0.785141 0.006227 0.078975
2 2 0.009769 0.078584 0.851724 0.004499 0.055424
2 2 0.021462 0.212597 0.623663 0.007537 0.134742
2 2 0.015841 0.181396 0.682800 0.005154 0.114809
2 2 0.018002 0.140620 0.738412 0.007887 0.095079
2 2 0.028285 0.122544 0.740658 0.018908 0.089606
2 2 0.018714 0.205302 0.640760 0.006159 0.129065
2 2 0.018392 0.111507 0.781120 0.009878 0.079103
2 2 0.016383 0.130080 0.758009 0.007169 0.088360
2 3 0.013193 0.050091 0.886185 0.010725 0.039806
2 2 0.003433 0.022621 0.863328 0.100119 0.010500
2 2 0.020564 0.095731 0.799373 0.013494 0.070838
2 2 0.020605 0.190804 0.657750 0.007702 0.123139
2 2 0.011228 0.041475 0.887798 0.030942 0.028557
2 2 0.014381 0.109796 0.793272 0.006602 0.075949
2 2 0.018848 0.180036 0.677751 0.006954 0.116410
2 2 0.011378 0.045534 0.886825 0.024654 0.031609
2 2 0.017246 0.077009 0.835580 0.011947 0.058218
2 1 0.008326 0.033473 0.892298 0.044860 0.021042
2 1 0.115420 0.304141 0.411033 0.033522 0.135884
1 2 0.200711 0.489944 0.112369 0.015736 0.181240
2 1 0.016648 0.111651 0.785073 0.008340 0.078287
0 1 0.408708 0.344354 0.095514 0.033865 0.117559
2 2 0.034002 0.240942 0.580903 0.010316 0.133836
1 2 0.086060 0.457045 0.281678 0.011630 0.163586
2 2 0.032183 0.166054 0.699989 0.010613 0.091161
1 2 0.097500 0.392117 0.351944 0.015259 0.143180
2 2 0.034382 0.355416 0.448428 0.005397 0.156378
2 2 0.024344 0.139410 0.737105 0.010574 0.088567
2 2 0.049635 0.179249 0.651702 0.019752 0.099663
1 2 0.102304 0.559294 0.158692 0.009767 0.169942
2 2 0.014610 0.098082 0.810411 0.007429 0.069467
2 1 0.045863 0.335674 0.445925 0.010295 0.162244
1 2 0.400497 0.419799 0.048664 0.010721 0.120318
1 2 0.100085 0.486788 0.227154 0.013838 0.172135
1 1 0.381200 0.480862 0.046962 0.015867 0.075109
1 2 0.334367 0.544497 0.038168 0.009187 0.073782
2 2 0.063047 0.344580 0.440286 0.011030 0.141058
2 2 0.050999 0.202625 0.622069 0.011996 0.112311
1 2 0.045744 0.416093 0.363764 0.006353 0.168046
2 2 0.008022 0.071685 0.866542 0.003470 0.050280
2 2 0.035123 0.344043 0.447735 0.006954 0.166145
1 2 0.078016 0.497577 0.233735 0.010175 0.180497
1 2 0.084088 0.407036 0.312083 0.008882 0.187911
0 0 0.546837 0.296479 0.038798 0.013084 0.104802
0 0 0.858950 0.054071 0.010792 0.007223 0.068963
0 1 0.784399 0.094319 0.024573 0.020587 0.076122
1 1 0.329430 0.463835 0.047250 0.006037 0.153447
1 1 0.097452 0.633378 0.097541 0.006276 0.165353
1 1 0.034273 0.542653 0.160374 0.004026 0.258675
1 2 0.018803 0.576101 0.148039 0.002023 0.255034
1 2 0.018366 0.473082 0.264398 0.002831 0.241324
2 1 0.011982 0.173360 0.704065 0.003339 0.107253
1 1 0.021814 0.530535 0.180260 0.003334 0.264057
1 1 0.012452 0.525904 0.106303 0.000533 0.354807
1 2 0.017803 0.457220 0.197978 0.001293 0.325707
1 2 0.014296 0.387095 0.319029 0.001121 0.278458
4 2 0.021522 0.380131 0.216224 0.001159 0.380964
2 2 0.010580 0.316655 0.501673 0.001625 0.169466
4 2 0.048215 0.337396 0.078688 0.000759 0.534942
1 2 0.015961 0.506101 0.145916 0.001036 0.330987
2 2 0.015685 0.249160 0.547052 0.002357 0.185746
4 2 0.020931 0.231923 0.050685 0.000142 0.696319
4 2 0.023035 0.309547 0.064211 0.000246 0.602961
4 2 0.020528 0.351368 0.203844 0.000778 0.423481
4 2 0.015388 0.396121 0.091839 0.000297 0.496356
4 2 0.027409 0.298105 0.297759 0.001647 0.375080
4 1 0.108112 0.126781 0.013434 0.000062 0.751611
1 1 0.034081 0.548487 0.109264 0.001579 0.306589
1 1 0.060698 0.609140 0.102323 0.003193 0.224647
1 1 0.045093 0.552351 0.086281 0.001249 0.315026
4 1 0.034780 0.248256 0.038090 0.000129 0.678744
4 1 0.154363 0.349591 0.038597 0.000657 0.456793
4 1 0.216321 0.357105 0.023846 0.000413 0.402315
4 0 0.017463 0.184768 0.033418 0.000056 0.764295
1 4 0.100336 0.498486 0.040320 0.000542 0.360316
0 4 0.698281 0.039951 0.006097 0.000494 0.255177
4 0 0.119055 0.045033 0.007650 0.000036 0.828225
4 0 0.218638 0.047385 0.029232 0.000897 0.703848
4 4 0.113804 0.177162 0.020435 0.000133 0.688466
4 4 0.062371 0.149521 0.015575 0.000045 0.772488
4 4 0.103360 0.024674 0.004762 0.000017 0.867187
4 4 0.032104 0.167057 0.020259 0.000038 0.780542
4 4 0.053986 0.158949 0.014295 0.000033 0.772738
4 4 0.107989 0.087950 0.009936 0.000040 0.794085
4 4 0.225663 0.122614 0.008404 0.000060 0.643259
1 4 0.185102 0.425816 0.024414 0.000387 0.364280
4 4 0.080993 0.347719 0.026738 0.000152 0.544398
4 4 0.153935 0.166893 0.017173 0.000135 0.661864
4 4 0.041339 0.084150 0.011107 0.000020 0.863385
4 4 0.115572 0.090863 0.010182 0.000044 0.783338
4 4 0.114318 0.068119 0.006907 0.000024 0.810632
4 4 0.050818 0.303715 0.034714 0.000154 0.610599
4 4 0.046041 0.254083 0.023847 0.000068 0.675960
4 4 0.161298 0.202402 0.016354 0.000126 0.619821
4 4 0.117360 0.129990 0.015619 0.000089 0.736941
4 4 0.067801 0.104332 0.016175 0.000059 0.811632
4 4 0.075996 0.084258 0.010497 0.000032 0.829217
4 4 0.083690 0.231082 0.013327 0.000041 0.671860
4 4 0.025304 0.123211 0.019304 0.000031 0.832150
4 0 0.041970 0.123403 0.015546 0.000033 0.819049
1 4 0.106553 0.486292 0.059718 0.001267 0.346170
4 4 0.025183 0.251109 0.025651 0.000045 0.698012
4 4 0.025507 0.178170 0.021927 0.000036 0.774361
4 4 0.085268 0.104525 0.014630 0.000061 0.795515
4 1 0.039934 0.033130 0.008477 0.000018 0.918441
4 4 0.119759 0.400119 0.029126 0.000294 0.450702
4 4 0.088170 0.121077 0.012392 0.000044 0.778317
4 4 0.024004 0.075486 0.010544 0.000011 0.889955
4 4 0.025328 0.146886 0.023469 0.000042 0.804276
4 4 0.359028 0.128159 0.008434 0.000120 0.504260
4 4 0.018433 0.087465 0.017509 0.000022 0.876571
4 4 0.095038 0.145653 0.022434 0.000138 0.736737
4 4 0.106632 0.176346 0.010514 0.000035 0.706473
4 4 0.094002 0.153186 0.019334 0.000101 0.733376
4 4 0.068538 0.144108 0.016267 0.000054 0.771033
4 4 0.408002 0.063774 0.007272 0.000141 0.520812
4 4 0.422590 0.106417 0.010395 0.000252 0.460346
4 4 0.206316 0.133455 0.013497 0.000129 0.646602
4 4 0.021124 0.222604 0.046570 0.000122 0.709580
4 4 0.017776 0.298328 0.060329 0.000171 0.623396
4 0 0.038619 0.185293 0.049963 0.000253 0.725872
0 1 0.845447 0.084150 0.011033 0.008516 0.050854
0 1 0.649526 0.246800 0.013591 0.002942 0.087141
1 1 0.104393 0.659807 0.056231 0.002134 0.177435
1 1 0.182022 0.599527 0.045530 0.002581 0.170340
0 1 0.869239 0.081971 0.004832 0.002411 0.041547
0 1 0.451171 0.412108 0.025885 0.004270 0.106566
1 1 0.270267 0.586884 0.029405 0.002747 0.110698
0 1 0.761602 0.138204 0.011187 0.003251 0.085755
0 1 0.610157 0.295665 0.013459 0.002851 0.077868
1 1 0.234078 0.633842 0.034002 0.003708 0.094370
0 1 0.615107 0.278400 0.017586 0.004429 0.084478
1 0 0.139235 0.706854 0.037389 0.002102 0.114421
0 0 0.925596 0.041717 0.003421 0.003393 0.025873
0 1 0.568956 0.257443 0.031625 0.007336 0.134640
1 1 0.130132 0.680659 0.059470 0.004310 0.125428
1 1 0.112337 0.725800 0.044975 0.002428 0.114460
1 1 0.032219 0.651650 0.105164 0.002038 0.208929
1 1 0.018204 0.620094 0.120727 0.001394 0.239581
1 1 0.017691 0.585300 0.141563 0.001761 0.253685
1 1 0.033141 0.637961 0.112964 0.002352 0.213583
1 1 0.029844 0.619289 0.123944 0.002441 0.224483
1 2 0.011479 0.443867 0.323794 0.001370 0.219491
2 2 0.006099 0.135982 0.774945 0.001301 0.081674
2 2 0.008080 0.189033 0.691505 0.001597 0.109785
2 2 0.006614 0.099678 0.827587 0.001920 0.064201
2 2 0.013501 0.315720 0.461509 0.001671 0.207598
2 2 0.008912 0.114505 0.799407 0.002842 0.074334
2 2 0.009821 0.257816 0.582835 0.001601 0.147928
2 2 0.006733 0.101615 0.824361 0.001949 0.065342
2 2 0.010415 0.179475 0.699065 0.002560 0.108485
2 2 0.011520 0.345979 0.444632 0.001487 0.196381
1 1 0.019902 0.352002 0.348366 0.002002 0.277728
1 1 0.124661 0.613844 0.093109 0.007496 0.160890
1 1 0.012528 0.470042 0.285353 0.001499 0.230578
1 1 0.014565 0.420310 0.313158 0.001558 0.250408
2 1 0.011297 0.192856 0.677138 0.002767 0.115942
1 2 0.027626 0.448699 0.326005 0.003530 0.194140
2 2 0.011815 0.346876 0.455626 0.001806 0.183877
2 2 0.016249 0.331942 0.476035 0.002780 0.172994
2 2 0.013303 0.252963 0.581175 0.002758 0.149800
2 2 0.013145 0.260543 0.574086 0.002775 0.149450
2 2 0.007350 0.057173 0.890470 0.003588 0.041419
2 2 0.012731 0.228933 0.620820 0.002934 0.134582
2 2 0.017654 0.328888 0.464936 0.003727 0.184795
2 2 0.013000 0.221675 0.630672 0.003123 0.131531
2 2 0.009777 0.178818 0.701715 0.002308 0.107383
2 2 0.017705 0.303630 0.500692 0.004018 0.173955
2 2 0.008580 0.086069 0.843225 0.003357 0.058769
2 2 0.011604 0.108947 0.801196 0.004623 0.073630
2 2 0.040972 0.293540 0.506759 0.010176 0.148553
1 1 0.270058 0.428059 0.151049 0.033991 0.116843
1 2 0.267108 0.485511 0.099553 0.026310 0.121518
2 2 0.016501 0.206263 0.644575 0.004961 0.127700
2 2 0.009844 0.161768 0.726633 0.002536 0.099219
2 2 0.010580 0.129847 0.772246 0.003429 0.083898
2 2 0.011560 0.167551 0.713709 0.003232 0.103948
2 2 0.014257 0.186636 0.678868 0.004213 0.116026
2 2 0.009992 0.055140 0.886981 0.006208 0.041679
2 2 0.016616 0.324799 0.473367 0.003403 0.181815
2 2 0.009269 0.056924 0.886077 0.005330 0.042401
2 2 0.011079 0.057566 0.880528 0.007143 0.043684
2 1 0.018300 0.053623 0.851284 0.037336 0.039457
2 1 0.017911 0.114170 0.778276 0.009266 0.080377
1 1 0.029352 0.547790 0.170065 0.004097 0.248696
2 1 0.013194 0.173664 0.700618 0.003924 0.108600
0 1 0.428393 0.218330 0.093872 0.024306 0.235099
0 1 0.564895 0.259979 0.051843 0.027800 0.095484
1 1 0.177694 0.574656 0.095090 0.013089 0.139471
1 1 0.200139 0.557901 0.093588 0.015135 0.133236
1 1 0.146341 0.594109 0.098873 0.010691 0.149987
1 2 0.020692 0.488157 0.258922 0.002759 0.229470
2 2 0.010133 0.129021 0.774589 0.003204 0.083053
2 2 0.010264 0.139844 0.758094 0.003066 0.088732
2 2 0.005715 0.078793 0.861499 0.001812 0.052181
2 2 0.014135 0.181234 0.687136 0.004255 0.113240
2 2 0.007952 0.102940 0.819232 0.002555 0.067321
2 2 0.010144 0.110720 0.802058 0.003635 0.073442
2 2 0.018128 0.381306 0.391632 0.003358 0.205576
2 2 0.008177 0.071937 0.865774 0.003575 0.050536
2 2 0.016727 0.094682 0.810410 0.009607 0.068574
2 2 0.009420 0.038002 0.914442 0.007564 0.030572
2 2 0.013350 0.118161 0.783116 0.005485 0.079888
2 2 0.005758 0.020692 0.946854 0.010689 0.016008
2 2 0.007539 0.025524 0.932299 0.015199 0.019440
2 2 0.009996 0.035116 0.907928 0.021300 0.025659
2 2 0.001897 0.014142 0.920777 0.056543 0.006641
2 2 0.013536 0.048464 0.884983 0.015769 0.037247
2 2 0.001577 0.014164 0.873171 0.105371 0.005716
2 2 0.008201 0.034905 0.877361 0.058757 0.020775
2 2 0.002185 0.017985 0.841304 0.131182 0.007344
2 3 0.005522 0.027412 0.893199 0.058582 0.015284
2 2 0.001375 0.013267 0.774510 0.206661 0.004187
2 2 0.003200 0.020695 0.888383 0.077749 0.009973
2 2 0.002682 0.019755 0.859533 0.109381 0.008649
2 2 0.002696 0.020128 0.849139 0.119365 0.008671
2 2 0.003399 0.024814 0.579595 0.384194 0.007998
2 2 0.001266 0.013461 0.808406 0.172110 0.004757
2 2 0.002668 0.022343 0.728932 0.237667 0.008389
2 3 0.000968 0.010579 0.873956 0.110599 0.003897
2 3 0.001712 0.018105 0.562425 0.412114 0.005644
2 3 0.000964 0.012051 0.732352 0.250857 0.003776
3 2 0.001445 0.012396 0.284928 0.698621 0.002610
2 2 0.002500 0.022887 0.534006 0.433088 0.007520
2 2 0.000872 0.011919 0.593078 0.390776 0.003356
3 3 0.001665 0.014811 0.427133 0.552805 0.003586
3 3 0.002384 0.016429 0.322421 0.655080 0.003686
2 3 0.003496 0.028026 0.539333 0.419341 0.009804
3 3 0.001324 0.012652 0.296970 0.686233 0.002821
2 3 0.000994 0.012529 0.631540 0.351324 0.003613
3 3 0.002058 0.018756 0.397705 0.576303 0.005178
3 3 0.001317 0.011959 0.280888 0.703307 0.002529
3 3 0.001434 0.009486 0.092073 0.895339 0.001668
3 3 0.001946 0.011477 0.154266 0.830283 0.002028
3 3 0.001821 0.014036 0.201844 0.779252 0.003046
3 3 0.003336 0.011990 0.074275 0.908506 0.001894
3 3 0.000990 0.007571 0.151905 0.838340 0.001195
3 3 0.001566 0.007387 0.063975 0.926045 0.001027
3 3 0.001588 0.012830 0.187625 0.795241 0.002716
3 3 0.002734 0.022433 0.343070 0.625306 0.006457
3 3 0.000918 0.006763 0.114043 0.877262 0.001014
3 3 0.001306 0.006687 0.057657 0.933426 0.000923
3 3 0.001719 0.007553 0.057810 0.931874 0.001044
3 3 0.001413 0.009088 0.085685 0.902258 0.001556
3 3 0.002374 0.015452 0.294616 0.684294 0.003264
3 3 0.002122 0.013571 0.118265 0.863259 0.002783
3 3 0.001453 0.011419 0.117081 0.867719 0.002330
3 3 0.000907 0.010296 0.424774 0.561758 0.002265
3 3 0.001836 0.008778 0.078313 0.909759 0.001314
3 3 0.001109 0.006355 0.062623 0.929027 0.000887
3 3 0.002274 0.011885 0.178552 0.805277 0.002012
3 3 0.001773 0.006010 0.040602 0.950927 0.000689
3 3 0.002023 0.012328 0.106122 0.877149 0.002377
3 3 0.001503 0.010241 0.175951 0.810514 0.001792
3 3 0.001488 0.006338 0.053249 0.938131 0.000794
3 3 0.001392 0.006739 0.084490 0.906508 0.000872
3 2 0.004417 0.016449 0.116734 0.859417 0.002982
3 3 0.005985 0.032199 0.309756 0.642618 0.009442
3 2 0.008240 0.020412 0.108440 0.859377 0.003531
2 2 0.006441 0.039541 0.627542 0.310181 0.016296
2 2 0.007354 0.039086 0.773331 0.161469 0.018760
2 2 0.005784 0.033407 0.794241 0.150957 0.015612
2 2 0.006392 0.038404 0.684970 0.253771 0.016462
2 2 0.017141 0.092962 0.808674 0.018891 0.062332
2 3 0.003654 0.024874 0.822098 0.138421 0.010952
2 2 0.001647 0.017050 0.649209 0.326635 0.005459
2 2 0.006178 0.038157 0.655929 0.283835 0.015901
2 2 0.013135 0.065029 0.804139 0.081481 0.036215
2 3 0.006552 0.032471 0.860403 0.083168 0.017405
