0 0 0.894315 0.074626 0.015019 0.002178 0.013861
0 0 0.821494 0.111121 0.024634 0.003761 0.038990
0 0 0.891053 0.075908 0.016074 0.002394 0.014570
0 0 0.878314 0.081275 0.019639 0.003135 0.017636
0 0 0.821926 0.115313 0.019231 0.002529 0.041001
0 0 0.837851 0.101516 0.025227 0.004088 0.031317
0 0 0.847231 0.095653 0.025623 0.004318 0.027175
0 0 0.904662 0.069607 0.012529 0.001714 0.011488
0 0 0.928486 0.056891 0.007120 0.000805 0.006698
0 0 0.910174 0.066869 0.011181 0.001471 0.010305
0 0 0.913233 0.065299 0.010456 0.001345 0.009666
0 0 0.814629 0.112089 0.027963 0.004541 0.040778
0 0 0.762790 0.138633 0.025403 0.003511 0.069663
0 0 0.891546 0.077954 0.013562 0.001822 0.015116
0 0 0.814269 0.116068 0.023243 0.003364 0.043055
0 0 0.858376 0.093603 0.020202 0.003040 0.024779
0 0 0.829145 0.107502 0.023956 0.003667 0.035731
0 0 0.688845 0.255917 0.028202 0.000721 0.026315
0 0 0.847674 0.093490 0.027796 0.004948 0.026092
1 0 0.329806 0.526126 0.037142 0.000386 0.106540
0 0 0.523278 0.363822 0.018303 0.000350 0.094247
4 0 0.313532 0.239857 0.028177 0.002225 0.416209
1 1 0.115337 0.539007 0.050014 0.000469 0.295173
4 1 0.098538 0.405303 0.061026 0.001157 0.433976
4 1 0.043093 0.329198 0.033890 0.000460 0.593360
4 1 0.088893 0.256488 0.029091 0.001018 0.624510
4 1 0.151447 0.373210 0.030270 0.000676 0.444397
4 4 0.070328 0.204294 0.018959 0.000738 0.705681
4 4 0.086441 0.418012 0.044428 0.000639 0.450480
4 4 0.053848 0.235276 0.025627 0.000716 0.684532
4 4 0.160655 0.153753 0.026144 0.003481 0.655967
4 1 0.245024 0.187528 0.015627 0.001431 0.550390
4 1 0.093155 0.166569 0.014567 0.000908 0.724801
4 1 0.100960 0.255133 0.021879 0.000745 0.621283
1 1 0.140534 0.452889 0.056303 0.000971 0.349302
4 1 0.156742 0.330148 0.046971 0.001678 0.464461
4 4 0.035836 0.181745 0.020304 0.000634 0.761481
4 4 0.053455 0.089160 0.025002 0.004329 0.828053
4 4 0.084817 0.109152 0.042767 0.008821 0.754442
4 1 0.077153 0.199190 0.015273 0.000605 0.707780
4 1 0.185694 0.266888 0.030648 0.001589 0.515181
4 1 0.057875 0.223609 0.023548 0.000737 0.694231
4 1 0.129383 0.137886 0.030493 0.004660 0.697578
4 1 0.088143 0.184098 0.027704 0.001817 0.698238
4 1 0.069382 0.369764 0.061294 0.001143 0.498418
4 1 0.076664 0.345641 0.036408 0.000682 0.540605
1 1 0.276669 0.452789 0.038598 0.000733 0.231210
4 1 0.059579 0.346545 0.052104 0.000948 0.540825
1 1 0.041101 0.479068 0.160929 0.001525 0.317378
1 1 0.082276 0.568134 0.092977 0.000752 0.255861
1 1 0.056904 0.554691 0.204336 0.001538 0.182531
1 1 0.049609 0.408327 0.406477 0.005361 0.130226
2 2 0.010581 0.128572 0.823423 0.008996 0.028429
2 2 0.020170 0.143664 0.779514 0.013607 0.043044
2 2 0.005235 0.055679 0.915845 0.009818 0.013422
2 2 0.061130 0.361486 0.476957 0.007755 0.092672
2 2 0.001543 0.019462 0.959620 0.011995 0.007380
2 2 0.008769 0.073567 0.881303 0.014275 0.022086
2 2 0.012032 0.092932 0.858417 0.012889 0.023729
2 2 0.003561 0.032462 0.932047 0.017863 0.014066
2 2 0.000420 0.009302 0.962579 0.025092 0.002607
2 2 0.000202 0.004676 0.869216 0.124775 0.001131
3 3 0.000273 0.003320 0.293848 0.701715 0.000844
2 3 0.001011 0.012802 0.897466 0.084265 0.004455
3 3 0.000194 0.002632 0.244978 0.751589 0.000606
3 3 0.000643 0.006759 0.275541 0.715324 0.001733
3 3 0.000184 0.001700 0.127845 0.869815 0.000456
3 3 0.000309 0.005829 0.477796 0.514879 0.001186
3 3 0.000133 0.000946 0.048570 0.950090 0.000260
3 3 0.001098 0.005470 0.239948 0.751158 0.002327
3 3 0.000216 0.001310 0.051134 0.946947 0.000392
3 3 0.000079 0.000388 0.013428 0.985991 0.000114
3 3 0.000056 0.000153 0.003610 0.996126 0.000056
3 3 0.000260 0.000997 0.032214 0.966147 0.000381
3 3 0.000073 0.000149 0.002651 0.997064 0.000062
3 3 0.000209 0.001595 0.092490 0.905248 0.000458
3 3 0.000131 0.000684 0.024278 0.974700 0.000206
3 3 0.000057 0.000122 0.002424 0.997348 0.000049
3 3 0.000210 0.000396 0.008062 0.991132 0.000201
3 3 0.000344 0.000809 0.019647 0.978802 0.000398
3 3 0.000075 0.000350 0.010237 0.989236 0.000102
3 3 0.000079 0.000338 0.010463 0.989015 0.000105
3 3 0.000232 0.000407 0.006536 0.992619 0.000207
3 3 0.000115 0.000248 0.004908 0.994621 0.000108
3 3 0.000189 0.000532 0.013159 0.985900 0.000221
3 3 0.000147 0.000271 0.004360 0.995095 0.000127
3 3 0.000146 0.000269 0.004308 0.995152 0.000126
3 3 0.000065 0.000138 0.002673 0.997066 0.000057
3 3 0.000144 0.000308 0.006897 0.992508 0.000142
3 3 0.000097 0.000251 0.005861 0.993691 0.000100
3 3 0.000122 0.000264 0.004900 0.994600 0.000114
3 3 0.000082 0.000161 0.002639 0.997050 0.000068
3 3 0.000121 0.000231 0.003885 0.995657 0.000105
3 3 0.000235 0.000495 0.010667 0.988362 0.000241
3 3 0.000435 0.000698 0.010456 0.988016 0.000395
3 3 0.000416 0.000888 0.019385 0.978850 0.000461
3 3 0.000274 0.000997 0.033036 0.965295 0.000398
3 3 0.000394 0.000714 0.012317 0.986190 0.000385
3 3 0.000338 0.000666 0.013425 0.985225 0.000347
3 3 0.000176 0.000316 0.004987 0.994368 0.000153
3 3 0.000807 0.001199 0.017263 0.979976 0.000756
3 3 0.000181 0.000327 0.005327 0.994006 0.000159
3 3 0.000086 0.000161 0.002255 0.997430 0.000068
3 3 0.000127 0.000283 0.005937 0.993529 0.000124
3 3 0.000053 0.000114 0.002094 0.997694 0.000045
3 3 0.000103 0.000198 0.003239 0.996373 0.000087
3 3 0.000202 0.000348 0.004933 0.994345 0.000171
3 3 0.000085 0.000173 0.003221 0.996448 0.000074
3 3 0.000114 0.000205 0.002695 0.996895 0.000091
3 3 0.000066 0.000133 0.002108 0.997639 0.000054
3 3 0.000072 0.000129 0.001430 0.998317 0.000052
3 3 0.000055 0.000108 0.001489 0.998305 0.000042
3 3 0.000139 0.000239 0.002892 0.996622 0.000109
3 3 0.000047 0.000095 0.001359 0.998464 0.000036
3 3 0.000103 0.000173 0.001729 0.997921 0.000074
3 3 0.000124 0.000232 0.003667 0.995871 0.000106
3 3 0.000062 0.000125 0.001962 0.997801 0.000050
3 3 0.000118 0.000254 0.004928 0.994590 0.000110
3 3 0.000117 0.000212 0.002885 0.996692 0.000094
3 3 0.000064 0.000125 0.001802 0.997958 0.000050
3 3 0.000237 0.000549 0.012765 0.986190 0.000259
3 3 0.000070 0.000137 0.002088 0.997649 0.000056
3 3 0.000081 0.000158 0.002457 0.997236 0.000067
3 3 0.000057 0.000118 0.001915 0.997863 0.000047
3 3 0.000154 0.000263 0.003267 0.996194 0.000122
3 3 0.000193 0.000342 0.005354 0.993942 0.000168
3 3 0.000061 0.000114 0.001358 0.998422 0.000045
3 3 0.000093 0.000172 0.002327 0.997335 0.000074
3 3 0.000106 0.000197 0.002893 0.996717 0.000087
3 3 0.000139 0.000248 0.003456 0.996043 0.000114
3 3 0.000149 0.000283 0.005109 0.994324 0.000134
3 3 0.000072 0.000144 0.002350 0.997373 0.000060
3 3 0.000155 0.000268 0.003418 0.996034 0.000125
3 3 0.000112 0.000214 0.003551 0.996027 0.000096
3 3 0.000030 0.000065 0.001002 0.998879 0.000023
3 3 0.000117 0.000235 0.004771 0.994770 0.000107
3 3 0.000143 0.000256 0.003644 0.995837 0.000119
3 3 0.000156 0.000363 0.007925 0.991395 0.000160
3 3 0.000059 0.000114 0.001478 0.998304 0.000045
3 3 0.000179 0.000297 0.003488 0.995894 0.000141
3 3 0.000099 0.000185 0.002691 0.996945 0.000080
3 3 0.000116 0.000231 0.004481 0.995067 0.000105
3 3 0.000095 0.000187 0.003207 0.996429 0.000082
3 3 0.000216 0.000375 0.005619 0.993603 0.000187
3 3 0.000162 0.000278 0.003586 0.995842 0.000131
3 3 0.000052 0.000109 0.001810 0.997986 0.000043
3 3 0.000140 0.000229 0.002302 0.997227 0.000103
3 3 0.000103 0.000198 0.003242 0.996369 0.000087
3 3 0.000117 0.000205 0.002482 0.997104 0.000091
3 3 0.000053 0.000109 0.001800 0.997996 0.000043
3 3 0.000138 0.000246 0.003421 0.996082 0.000113
3 3 0.000114 0.000197 0.002206 0.997397 0.000086
3 3 0.000071 0.000150 0.002961 0.996755 0.000063
3 3 0.002133 0.002759 0.035314 0.957739 0.002055
3 3 0.000527 0.003492 0.118733 0.876173 0.001075
2 2 0.027462 0.184880 0.668036 0.084941 0.034681
2 2 0.001509 0.019030 0.698765 0.275432 0.005264
2 2 0.020095 0.175964 0.751165 0.020733 0.032044
2 2 0.032099 0.186360 0.707673 0.029898 0.043970
2 2 0.002565 0.052804 0.901662 0.032606 0.010362
2 2 0.002872 0.031848 0.848933 0.106372 0.009974
2 2 0.001145 0.024903 0.870830 0.097715 0.005408
2 2 0.004401 0.051579 0.860630 0.068903 0.014487
2 2 0.016672 0.162949 0.771586 0.018372 0.030421
2 2 0.028171 0.164669 0.714179 0.047126 0.045855
2 2 0.016588 0.176096 0.768905 0.008269 0.030142
2 2 0.005276 0.056021 0.909778 0.015249 0.013677
2 2 0.005351 0.063796 0.901305 0.013819 0.015728
2 2 0.003690 0.034620 0.938962 0.012035 0.010692
2 2 0.004862 0.070011 0.902290 0.008076 0.014761
2 2 0.021226 0.181561 0.748747 0.010864 0.037603
2 2 0.018458 0.147020 0.789411 0.012572 0.032538
2 2 0.003502 0.036693 0.933220 0.015824 0.010761
2 2 0.043702 0.394231 0.532054 0.003078 0.026935
2 0 0.285022 0.292519 0.343702 0.015400 0.063357
2 0 0.067930 0.427369 0.463576 0.003675 0.037450
2 2 0.007143 0.091915 0.877190 0.009155 0.014597
2 2 0.006416 0.090812 0.879769 0.008156 0.014847
2 2 0.018093 0.164633 0.773615 0.014436 0.029223
2 2 0.020480 0.239278 0.697421 0.011290 0.031530
2 2 0.004334 0.052053 0.915291 0.012185 0.016137
2 2 0.001475 0.020408 0.957918 0.012227 0.007971
2 2 0.003960 0.046222 0.925938 0.010823 0.013056
2 2 0.001413 0.022120 0.960276 0.009206 0.006984
2 2 0.000730 0.014229 0.972047 0.008186 0.004807
2 2 0.004271 0.053977 0.914494 0.011400 0.015859
2 2 0.001443 0.025782 0.956771 0.008449 0.007554
2 2 0.002770 0.045277 0.928592 0.010051 0.013309
2 2 0.003686 0.034645 0.922336 0.025249 0.014085
2 2 0.003986 0.047052 0.914668 0.017898 0.016396
2 2 0.000824 0.010236 0.967212 0.017229 0.004500
1 2 0.174513 0.502343 0.255866 0.003211 0.064066
1 2 0.113827 0.534510 0.281936 0.002472 0.067255
1 1 0.077297 0.631543 0.243251 0.000901 0.047009
1 1 0.063562 0.647575 0.203319 0.000807 0.084737
2 1 0.040037 0.441312 0.463454 0.002836 0.052361
1 1 0.046838 0.498931 0.393671 0.002153 0.058407
2 1 0.027861 0.295172 0.618669 0.006340 0.051957
2 1 0.015127 0.382154 0.470434 0.003053 0.129233
2 1 0.036297 0.410031 0.497882 0.003338 0.052452
2 2 0.002268 0.036062 0.934198 0.015789 0.011683
2 2 0.002271 0.033558 0.942648 0.010693 0.010830
2 2 0.000876 0.022019 0.964284 0.006756 0.006064
2 2 0.000544 0.010354 0.977372 0.008036 0.003694
2 2 0.001125 0.023461 0.961498 0.007392 0.006523
2 2 0.001107 0.018066 0.965472 0.009256 0.006099
2 2 0.001016 0.015820 0.966839 0.010317 0.006008
2 2 0.000548 0.010687 0.975118 0.010009 0.003639
2 2 0.000971 0.015754 0.967512 0.009916 0.005847
2 2 0.001163 0.014652 0.965275 0.012550 0.006359
2 2 0.001021 0.018868 0.964836 0.008935 0.006340
2 2 0.000767 0.010324 0.965601 0.019072 0.004236
2 2 0.001155 0.018003 0.962137 0.012092 0.006613
2 2 0.001189 0.018586 0.964848 0.009239 0.006138
2 2 0.011316 0.086766 0.868789 0.012079 0.021050
2 1 0.082965 0.358819 0.495515 0.008002 0.054699
1 1 0.137527 0.427942 0.259078 0.006392 0.169061
1 1 0.075252 0.665812 0.152922 0.000653 0.105361
0 1 0.414778 0.298393 0.083555 0.005862 0.197411
1 1 0.055206 0.621348 0.263594 0.000923 0.058928
1 1 0.050383 0.582049 0.295286 0.001273 0.071009
1 1 0.082134 0.650337 0.193989 0.000829 0.072711
1 1 0.032459 0.482098 0.428880 0.001896 0.054667
2 1 0.030440 0.367291 0.540205 0.004242 0.057822
2 2 0.000823 0.021483 0.962003 0.010177 0.005514
2 2 0.000753 0.016309 0.960241 0.018099 0.004598
2 2 0.001866 0.031689 0.951645 0.007242 0.007558
2 2 0.001538 0.025867 0.954668 0.009582 0.008345
2 2 0.002932 0.038985 0.939008 0.009017 0.010058
2 2 0.000867 0.018067 0.969448 0.006717 0.004900
2 2 0.017925 0.163426 0.775856 0.011693 0.031100
0 1 0.496702 0.180580 0.112589 0.024476 0.185654
1 1 0.055538 0.659033 0.224929 0.000669 0.059831
1 1 0.047655 0.598541 0.276092 0.001101 0.076611
1 1 0.069668 0.670006 0.201840 0.000645 0.057843
1 1 0.055403 0.612408 0.275787 0.000979 0.055423
2 1 0.025681 0.282648 0.636991 0.006933 0.047747
2 2 0.010425 0.116603 0.826724 0.016119 0.030129
2 2 0.001380 0.019794 0.962197 0.009930 0.006699
2 2 0.001039 0.015933 0.968370 0.009231 0.005428
2 2 0.001321 0.021054 0.962864 0.008485 0.006277
2 2 0.004002 0.063565 0.912385 0.007268 0.012779
2 2 0.002073 0.032204 0.950617 0.007457 0.007648
2 2 0.002555 0.032836 0.945952 0.009505 0.009152
2 2 0.002747 0.026980 0.948164 0.012667 0.009442
2 2 0.002373 0.032668 0.949082 0.007964 0.007913
2 2 0.002486 0.038515 0.942861 0.007414 0.008724
2 2 0.006048 0.073445 0.896990 0.008407 0.015109
2 2 0.002669 0.028669 0.950195 0.010165 0.008301
2 2 0.002784 0.034766 0.942368 0.011286 0.008796
2 2 0.017361 0.131530 0.803488 0.016489 0.031132
2 2 0.005032 0.075438 0.891924 0.012712 0.014894
2 2 0.016982 0.116162 0.830685 0.011446 0.024725
1 2 0.194302 0.522822 0.240239 0.002262 0.040375
0 0 0.566910 0.291290 0.072161 0.003318 0.066321
0 0 0.819278 0.112975 0.036056 0.005081 0.026609
0 0 0.827040 0.100714 0.033529 0.006333 0.032384
0 0 0.809634 0.129996 0.028348 0.002911 0.029110
0 0 0.860849 0.087907 0.024858 0.004310 0.022077
0 0 0.891084 0.075895 0.016066 0.002393 0.014563
0 0 0.852338 0.090867 0.027522 0.004947 0.024325
0 0 0.719529 0.167435 0.068636 0.007093 0.037306
0 0 0.626857 0.283908 0.054970 0.001670 0.032595
0 0 0.840010 0.094873 0.031507 0.005943 0.027667
0 0 0.589207 0.259507 0.102264 0.005462 0.043559
0 0 0.857400 0.089127 0.025929 0.004563 0.022982
0 0 0.466407 0.341090 0.091116 0.003801 0.097587
1 1 0.222433 0.596444 0.108076 0.000867 0.072180
1 1 0.091719 0.654402 0.188055 0.000798 0.065026
1 1 0.082390 0.626339 0.200945 0.001053 0.089272
1 1 0.099673 0.643896 0.185673 0.000894 0.069864
1 1 0.110244 0.620859 0.203039 0.001121 0.064737
1 1 0.045536 0.548204 0.333282 0.001572 0.071406
1 1 0.040129 0.540759 0.320698 0.001652 0.096761
1 1 0.037152 0.533360 0.324784 0.001688 0.103015
1 1 0.060224 0.581730 0.290489 0.001366 0.066192
1 1 0.047744 0.522886 0.327262 0.002098 0.100011
1 1 0.033275 0.525992 0.342182 0.001659 0.096892
2 2 0.016066 0.157886 0.783866 0.010051 0.032131
2 2 0.016629 0.304326 0.627415 0.004182 0.047448
2 2 0.003516 0.070350 0.901767 0.011008 0.013360
2 2 0.012022 0.176110 0.776879 0.006595 0.028394
2 2 0.001651 0.025439 0.956289 0.009028 0.007593
2 2 0.002318 0.046806 0.937131 0.005448 0.008297
2 2 0.001916 0.037558 0.943818 0.007458 0.009251
2 2 0.000651 0.012084 0.975833 0.007546 0.003886
2 2 0.004399 0.065620 0.911916 0.006487 0.011577
2 2 0.001461 0.020985 0.964370 0.007662 0.005521
2 2 0.003602 0.054693 0.923921 0.006990 0.010795
2 2 0.005733 0.065621 0.904940 0.009109 0.014597
2 2 0.001331 0.016459 0.965836 0.010510 0.005864
2 2 0.001634 0.031378 0.951283 0.007580 0.008125
2 2 0.003776 0.043221 0.927441 0.012009 0.013553
0 0 0.463961 0.289836 0.181905 0.009864 0.054434
0 0 0.601961 0.296657 0.073688 0.001998 0.025695
1 0 0.213203 0.551308 0.148970 0.001693 0.084826
1 1 0.056780 0.553547 0.319123 0.001675 0.068875
1 1 0.094783 0.596234 0.240292 0.001406 0.067285
2 1 0.046048 0.427055 0.480503 0.003150 0.043244
1 1 0.048310 0.481295 0.413321 0.002427 0.054647
2 2 0.001139 0.020374 0.962257 0.009318 0.006912
2 2 0.000434 0.010082 0.978007 0.008348 0.003128
2 2 0.012399 0.092874 0.835282 0.037576 0.021869
2 2 0.034622 0.446353 0.470140 0.002376 0.046509
2 2 0.001360 0.021149 0.962431 0.008679 0.006381
2 2 0.002488 0.032243 0.944700 0.010581 0.009988
2 2 0.001260 0.016434 0.966795 0.009883 0.005628
2 2 0.000733 0.013658 0.975036 0.006730 0.003842
2 2 0.003002 0.044008 0.934655 0.008062 0.010272
2 2 0.001024 0.019277 0.966608 0.007543 0.005548
2 2 0.005779 0.081734 0.888305 0.007894 0.016288
2 2 0.001302 0.018669 0.960279 0.012755 0.006996
2 2 0.009185 0.073991 0.886783 0.011754 0.018287
0 0 0.850024 0.094492 0.027653 0.004522 0.023308
1 0 0.395447 0.531262 0.054267 0.000275 0.018749
1 0 0.282988 0.606408 0.079392 0.000393 0.030819
1 0 0.205441 0.624979 0.120438 0.000698 0.048444
1 0 0.121862 0.603002 0.226624 0.001245 0.047267
1 0 0.156913 0.635669 0.153863 0.000830 0.052725
1 1 0.038167 0.462678 0.397933 0.002903 0.098319
2 1 0.036830 0.364911 0.542465 0.004639 0.051155
2 2 0.007586 0.082224 0.876074 0.011951 0.022166
2 2 0.003376 0.055204 0.916135 0.009919 0.015366
2 2 0.003518 0.043706 0.922412 0.014095 0.016270
2 2 0.001284 0.020437 0.961909 0.009540 0.006831
2 2 0.001936 0.032006 0.944744 0.010595 0.010720
2 2 0.000612 0.013203 0.975398 0.006820 0.003966
2 2 0.000776 0.018894 0.957226 0.018279 0.004825
2 2 0.013099 0.147316 0.780460 0.010973 0.048152
2 2 0.001333 0.027882 0.955545 0.007600 0.007640
2 2 0.001342 0.025164 0.957561 0.008425 0.007508
2 2 0.001201 0.032090 0.952354 0.006456 0.007899
2 2 0.001952 0.017504 0.948634 0.023255 0.008655
2 2 0.002219 0.025124 0.906383 0.057071 0.009203
2 2 0.012653 0.118854 0.816509 0.016139 0.035844
2 2 0.002131 0.035446 0.942807 0.009307 0.010310
2 2 0.006775 0.095350 0.865231 0.009524 0.023120
2 2 0.002473 0.023298 0.945915 0.018228 0.010086
2 2 0.001877 0.025786 0.943930 0.019189 0.009218
2 2 0.005023 0.045432 0.899906 0.032155 0.017483
2 2 0.037935 0.212044 0.626558 0.019405 0.104058
0 0 0.392189 0.309752 0.226622 0.011272 0.060165
1 0 0.212401 0.582740 0.158788 0.001160 0.044911
1 0 0.219360 0.580155 0.151413 0.001161 0.047911
0 0 0.629548 0.240634 0.068555 0.004289 0.056974
1 0 0.097060 0.576778 0.237496 0.001732 0.086934
1 0 0.037615 0.532308 0.299378 0.001730 0.128969
2 1 0.007683 0.131602 0.831415 0.006823 0.022476
2 2 0.008040 0.083730 0.870328 0.013316 0.024586
2 2 0.007482 0.078648 0.877947 0.012953 0.022970
2 2 0.001087 0.018009 0.964541 0.009875 0.006488
2 2 0.001072 0.012457 0.967502 0.013713 0.005255
2 2 0.000873 0.018970 0.966717 0.007642 0.005798
2 2 0.001265 0.020943 0.963161 0.008379 0.006252
2 2 0.000815 0.013034 0.971881 0.009444 0.004827
2 2 0.000305 0.008836 0.972001 0.016656 0.002202
2 2 0.002121 0.032289 0.944774 0.011579 0.009237
2 2 0.002183 0.030158 0.946581 0.011026 0.010051
2 2 0.000789 0.012230 0.954412 0.028304 0.004263
2 2 0.000749 0.013689 0.972065 0.008672 0.004825
2 2 0.009534 0.097779 0.860093 0.010433 0.022161
2 2 0.006210 0.053528 0.910312 0.013532 0.016418
2 2 0.011117 0.116802 0.836612 0.010160 0.025309
2 2 0.002058 0.019592 0.954813 0.014981 0.008556
2 2 0.004138 0.043976 0.928690 0.010908 0.012288
2 2 0.007277 0.068650 0.892115 0.012637 0.019321
2 2 0.003568 0.042661 0.930519 0.010859 0.012393
2 2 0.001746 0.020179 0.945457 0.024736 0.007881
2 2 0.001911 0.023769 0.955868 0.010618 0.007834
2 2 0.010260 0.096758 0.859022 0.011160 0.022800
2 2 0.007351 0.111177 0.854420 0.007244 0.019807
2 2 0.031363 0.101339 0.796480 0.028745 0.042073
0 0 0.894151 0.077369 0.012270 0.001571 0.014639
0 0 0.844515 0.107420 0.013844 0.001590 0.032630
0 0 0.799274 0.124113 0.022635 0.003120 0.050858
0 0 0.523879 0.367832 0.072274 0.001418 0.034597
0 0 0.553010 0.284923 0.121212 0.005040 0.035814
0 0 0.870086 0.095095 0.010429 0.001101 0.023289
0 0 0.774855 0.124108 0.037901 0.006845 0.056291
0 0 0.824774 0.116525 0.015967 0.001894 0.040840
1 0 0.192415 0.582250 0.099146 0.000986 0.125203
0 0 0.524932 0.331915 0.056022 0.001985 0.085145
1 0 0.326214 0.551445 0.059237 0.000510 0.062593
1 0 0.291338 0.546728 0.058472 0.000623 0.102840
1 0 0.418287 0.428197 0.036195 0.000676 0.116645
0 0 0.502919 0.404643 0.038493 0.000596 0.053349
0 0 0.489565 0.429678 0.039906 0.000471 0.040380
1 0 0.264335 0.529590 0.047656 0.000583 0.157835
4 0 0.133515 0.221403 0.037119 0.002514 0.605450
4 0 0.221403 0.173154 0.030321 0.004099 0.571023
1 0 0.156495 0.419074 0.083385 0.002103 0.338943
1 0 0.209026 0.426272 0.063934 0.001601 0.299167
4 0 0.087448 0.117652 0.018764 0.002417 0.773719
0 0 0.635085 0.185630 0.025671 0.002889 0.150724
4 0 0.336199 0.183231 0.060541 0.011410 0.408619
0 0 0.813558 0.126656 0.011058 0.001036 0.047692
4 0 0.155063 0.146272 0.041142 0.007130 0.650393
4 0 0.132686 0.133595 0.051731 0.010602 0.671386
4 0 0.320001 0.254252 0.066376 0.006437 0.352934
0 0 0.854488 0.090135 0.026843 0.004782 0.023753
0 0 0.498780 0.346985 0.049331 0.001641 0.103263
4 0 0.097525 0.121881 0.025226 0.003724 0.751644
0 0 0.483264 0.208247 0.016945 0.001532 0.290012
0 0 0.657994 0.250663 0.025920 0.001075 0.064348
0 0 0.633944 0.182061 0.023128 0.002639 0.158228
0 0 0.827343 0.107940 0.024630 0.003817 0.036270
0 0 0.826613 0.102342 0.031877 0.005815 0.033353
0 0 0.855929 0.112631 0.019036 0.001258 0.011145
0 0 0.857800 0.101328 0.021243 0.002306 0.017323
0 0 0.615595 0.225062 0.048732 0.004157 0.106455
0 0 0.405055 0.399545 0.068642 0.001970 0.124789
4 0 0.086322 0.213061 0.035909 0.001950 0.662758
4 0 0.231241 0.187370 0.018647 0.001795 0.560948
0 0 0.558649 0.282657 0.091604 0.004728 0.062362
1 0 0.242733 0.449443 0.058322 0.001280 0.248223
1 0 0.184138 0.512852 0.083421 0.001285 0.218304
4 0 0.084082 0.294946 0.059444 0.002020 0.559508
4 0 0.239132 0.274336 0.048014 0.003186 0.435332
4 0 0.107532 0.374759 0.085257 0.002299 0.430153
4 0 0.107413 0.272477 0.057602 0.002671 0.559837
4 0 0.053420 0.088718 0.026713 0.004801 0.826348
4 0 0.036516 0.071643 0.028840 0.006036 0.856965
4 0 0.055873 0.090613 0.027875 0.005066 0.820573
4 0 0.070035 0.250966 0.065800 0.002865 0.610335
4 0 0.045103 0.082187 0.021315 0.003543 0.847852
4 0 0.127481 0.136829 0.030809 0.004753 0.700128
4 1 0.044994 0.292589 0.072062 0.001748 0.588607
4 1 0.148478 0.283985 0.067562 0.003718 0.496257
1 1 0.113528 0.503159 0.076821 0.000997 0.305495
4 1 0.041797 0.387468 0.110351 0.001613 0.458772
1 1 0.077975 0.493668 0.183566 0.002418 0.242373
1 1 0.048492 0.457612 0.188623 0.002297 0.302977
1 1 0.092483 0.510729 0.113312 0.001400 0.282076
1 1 0.102539 0.446469 0.101847 0.001857 0.347289
1 1 0.031649 0.452686 0.247825 0.002344 0.265496
1 1 0.058267 0.501778 0.142965 0.001473 0.295517
1 1 0.017267 0.426193 0.146148 0.000989 0.409403
1 1 0.030920 0.440182 0.295415 0.002881 0.230602
1 1 0.142062 0.455839 0.084040 0.001636 0.316423
1 1 0.058404 0.574120 0.162440 0.001127 0.203910
1 1 0.040774 0.516403 0.224496 0.001724 0.216602
1 1 0.034514 0.532641 0.266118 0.001576 0.165151
0 1 0.403638 0.361637 0.096372 0.004013 0.134340
4 1 0.032363 0.413254 0.097538 0.000988 0.455857
1 1 0.032544 0.490260 0.171728 0.001317 0.304151
1 1 0.037644 0.519179 0.242298 0.001712 0.199166
1 1 0.033709 0.496811 0.268497 0.001979 0.199004
1 1 0.032851 0.471531 0.336965 0.002575 0.156077
1 1 0.042268 0.452674 0.292828 0.003230 0.208999
2 2 0.028594 0.339338 0.374327 0.006412 0.251329
2 2 0.005033 0.076285 0.890743 0.009416 0.018524
2 2 0.017309 0.247835 0.675373 0.006090 0.053393
2 2 0.019630 0.270458 0.619349 0.007914 0.082650
2 2 0.002282 0.036322 0.938251 0.011027 0.012119
2 2 0.000758 0.013383 0.972270 0.008821 0.004768
2 2 0.012075 0.144344 0.793114 0.009939 0.040528
2 2 0.018017 0.205395 0.714092 0.007779 0.054718
2 2 0.005254 0.099782 0.864512 0.007380 0.023072
2 2 0.001661 0.030428 0.950790 0.008465 0.008656
2 2 0.005779 0.071824 0.895714 0.009671 0.017013
2 2 0.018210 0.169413 0.748947 0.011335 0.052095
2 2 0.025411 0.244914 0.680522 0.007672 0.041481
2 2 0.005541 0.081151 0.887759 0.008335 0.017214
2 2 0.001038 0.018875 0.964867 0.008920 0.006300
2 2 0.000639 0.010766 0.976280 0.008470 0.003846
2 2 0.002001 0.024416 0.955546 0.010303 0.007733
2 2 0.004017 0.069595 0.905655 0.007037 0.013696
2 2 0.207810 0.275112 0.427561 0.019404 0.070113
0 0 0.850536 0.091473 0.028096 0.005087 0.024808
1 1 0.283105 0.372068 0.068794 0.002704 0.273329
1 1 0.105810 0.562226 0.071471 0.000636 0.259857
0 0 0.871672 0.083891 0.021582 0.003560 0.019295
0 0 0.681488 0.165431 0.051750 0.007861 0.093470
0 0 0.561664 0.374116 0.015593 0.000189 0.048438
1 0 0.425867 0.483204 0.030714 0.000295 0.059919
1 0 0.265919 0.540659 0.107213 0.001283 0.084926
1 1 0.153570 0.609738 0.129585 0.001028 0.106078
1 2 0.064014 0.550465 0.202291 0.001673 0.181557
2 2 0.002298 0.023526 0.941058 0.023553 0.009565
2 2 0.029650 0.399283 0.408301 0.004280 0.158487
2 2 0.003047 0.059084 0.922349 0.005537 0.009984
2 2 0.002051 0.034334 0.947218 0.007815 0.008583
2 2 0.001566 0.024228 0.952472 0.015801 0.005933
2 2 0.010634 0.106320 0.854494 0.008678 0.019874
2 2 0.001122 0.017075 0.964817 0.012289 0.004697
2 2 0.001244 0.020984 0.966169 0.006566 0.005037
2 2 0.002276 0.022114 0.951254 0.016053 0.008302
2 2 0.005047 0.066746 0.906480 0.008003 0.013725
2 2 0.001307 0.019760 0.949180 0.023236 0.006517
2 2 0.001997 0.028848 0.921381 0.038551 0.009222
2 2 0.004712 0.048819 0.928276 0.008118 0.010076
2 2 0.007376 0.093045 0.875961 0.007317 0.016301
2 2 0.000407 0.010770 0.957908 0.028292 0.002623
2 2 0.005301 0.059741 0.890135 0.028664 0.016159
2 2 0.001639 0.027230 0.950687 0.013326 0.007118
2 2 0.000714 0.015146 0.962937 0.017032 0.004171
2 2 0.001728 0.021811 0.939501 0.029150 0.007811
2 2 0.001042 0.015808 0.948446 0.029664 0.005040
2 2 0.004580 0.053781 0.908012 0.019983 0.013644
2 2 0.001050 0.013797 0.931973 0.048366 0.004815
3 3 0.001716 0.013428 0.435677 0.544699 0.004481
2 2 0.027913 0.173927 0.745728 0.014275 0.038156
2 2 0.001484 0.019019 0.947160 0.026132 0.006205
2 2 0.000884 0.013859 0.956280 0.024479 0.004498
2 2 0.000950 0.013976 0.885560 0.095248 0.004267
2 2 0.001338 0.017536 0.884228 0.091210 0.005689
2 2 0.000516 0.010503 0.907480 0.078787 0.002712
2 2 0.003310 0.031351 0.891897 0.062799 0.010643
2 2 0.002944 0.037984 0.925434 0.023198 0.010440
2 2 0.001189 0.019693 0.945177 0.028868 0.005073
2 2 0.002978 0.042511 0.929544 0.014395 0.010572
2 2 0.002750 0.044133 0.932573 0.010753 0.009791
2 2 0.001258 0.028720 0.949473 0.014142 0.006407
2 2 0.001244 0.021101 0.896604 0.075305 0.005747
2 2 0.001312 0.024047 0.945804 0.022651 0.006186
2 2 0.000888 0.018664 0.952617 0.022680 0.005151
2 2 0.000657 0.014693 0.948606 0.032558 0.003486
2 2 0.000765 0.012394 0.918391 0.064674 0.003776
2 2 0.002654 0.033314 0.873477 0.082871 0.007684
2 2 0.000749 0.014644 0.923138 0.057570 0.003899
2 2 0.001599 0.035989 0.930666 0.024647 0.007098
2 3 0.001000 0.011961 0.493993 0.489914 0.003132
2 3 0.000460 0.006972 0.638177 0.352591 0.001801
2 3 0.007145 0.094779 0.836073 0.042836 0.019167
2 3 0.001451 0.013926 0.581801 0.398386 0.004436
2 3 0.001783 0.020857 0.838550 0.131998 0.006811
2 3 0.000766 0.009384 0.622935 0.364216 0.002699
2 3 0.000501 0.006515 0.565802 0.425382 0.001800
3 3 0.001278 0.011270 0.394070 0.589963 0.003419
3 3 0.000589 0.007275 0.483528 0.506661 0.001948
3 3 0.001412 0.010807 0.411947 0.572150 0.003684
2 3 0.000909 0.006381 0.501653 0.488457 0.002600
2 3 0.000145 0.004146 0.568885 0.426127 0.000697
3 3 0.001130 0.005035 0.191078 0.800553 0.002205
3 3 0.000281 0.001844 0.088825 0.908477 0.000573
3 3 0.000242 0.000953 0.031906 0.966540 0.000359
3 3 0.000616 0.003617 0.132526 0.862001 0.001240
3 3 0.000258 0.002100 0.108300 0.888764 0.000579
3 3 0.000519 0.002403 0.102117 0.894007 0.000954
3 3 0.000184 0.000878 0.031975 0.966672 0.000291
3 3 0.000996 0.002126 0.036646 0.959074 0.001159
3 3 0.000459 0.000761 0.013066 0.985274 0.000439
3 3 0.000440 0.000843 0.018815 0.979431 0.000471
3 3 0.001105 0.002999 0.062932 0.931456 0.001508
3 3 0.001201 0.002082 0.037582 0.957813 0.001322
3 3 0.000777 0.001702 0.045719 0.950822 0.000981
3 3 0.001664 0.002220 0.025982 0.968588 0.001546
3 3 0.000394 0.000732 0.014729 0.983745 0.000402
3 3 0.000487 0.000793 0.013089 0.985169 0.000461
3 3 0.000392 0.000637 0.009592 0.989025 0.000354
3 3 0.000512 0.000856 0.015884 0.982243 0.000506
3 3 0.000446 0.000714 0.010590 0.987845 0.000405
3 3 0.000399 0.000667 0.011211 0.987349 0.000375
3 3 0.000212 0.000382 0.006581 0.992634 0.000192
3 3 0.000191 0.000351 0.006266 0.993019 0.000174
3 3 0.002007 0.002679 0.037618 0.955709 0.001987
3 3 0.000143 0.000267 0.004484 0.994981 0.000125
3 3 0.000564 0.001122 0.021700 0.976002 0.000612
3 3 0.000175 0.000338 0.006991 0.992328 0.000167
3 3 0.000881 0.001309 0.019513 0.977457 0.000840
3 3 0.000399 0.000667 0.011177 0.987383 0.000375
3 3 0.000191 0.000330 0.004609 0.994710 0.000160
3 3 0.000367 0.000624 0.010775 0.987889 0.000346
3 3 0.000766 0.001152 0.016958 0.980404 0.000720
3 3 0.000284 0.000504 0.009169 0.989775 0.000268
3 3 0.001008 0.001631 0.024310 0.972039 0.001012
3 3 0.000485 0.000830 0.016415 0.981783 0.000488
3 3 0.000140 0.000252 0.003637 0.995854 0.000117
3 3 0.000442 0.000731 0.012231 0.986178 0.000418
3 3 0.000356 0.000592 0.009311 0.989418 0.000324
3 3 0.000188 0.000330 0.004912 0.994409 0.000161
3 3 0.000430 0.000688 0.010084 0.988411 0.000388
3 3 0.000378 0.000665 0.013180 0.985403 0.000374
3 3 0.000272 0.000476 0.008169 0.990833 0.000250
3 3 0.000496 0.000822 0.014632 0.983568 0.000482
3 3 0.000551 0.000886 0.014612 0.983425 0.000526
3 3 0.000584 0.001013 0.019761 0.978040 0.000602
3 3 0.001648 0.002775 0.059546 0.934096 0.001936
3 3 0.000462 0.000736 0.010929 0.987453 0.000420
3 3 0.000367 0.000595 0.008566 0.990146 0.000326
3 3 0.000310 0.000531 0.008818 0.990056 0.000285
3 3 0.000441 0.000695 0.009729 0.988742 0.000393
3 3 0.000472 0.000782 0.013563 0.984729 0.000454
3 3 0.000590 0.000895 0.012164 0.985820 0.000531
3 3 0.000243 0.000440 0.008105 0.990983 0.000228
3 3 0.000536 0.001313 0.030587 0.966907 0.000658
3 3 0.000692 0.001244 0.024451 0.972873 0.000739
3 3 0.000245 0.000441 0.008040 0.991046 0.000228
3 3 0.000227 0.000401 0.006560 0.992609 0.000203
3 3 0.000480 0.000766 0.011639 0.986674 0.000441
3 3 0.000267 0.000456 0.007035 0.992004 0.000237
3 3 0.000396 0.000625 0.008459 0.990175 0.000345
3 3 0.000507 0.000834 0.014503 0.983666 0.000490
2 3 0.022331 0.036412 0.515049 0.409581 0.016627
2 2 0.107487 0.347892 0.481630 0.015083 0.047908
2 2 0.208427 0.325857 0.411530 0.009474 0.044712
2 2 0.093404 0.410667 0.453920 0.004836 0.037173
0 1 0.436811 0.384174 0.148485 0.002867 0.027664
1 1 0.106099 0.496943 0.370322 0.002207 0.024428
1 1 0.186319 0.521263 0.267915 0.001847 0.022657
0 0 0.530398 0.325672 0.038596 0.001351 0.103983
0 0 0.809989 0.129683 0.009747 0.000844 0.049736
0 0 0.614742 0.185411 0.029290 0.003632 0.166925
4 1 0.044574 0.084206 0.013115 0.001669 0.856437
4 1 0.371016 0.235055 0.013447 0.000846 0.379636
4 0 0.078100 0.109787 0.022309 0.003262 0.786541
0 0 0.564828 0.195324 0.023190 0.002555 0.214103
4 0 0.278904 0.181227 0.043923 0.007038 0.488908
4 0 0.075802 0.111001 0.014720 0.001721 0.796756
4 0 0.287743 0.182774 0.044010 0.007028 0.478444
4 0 0.025658 0.060513 0.018977 0.003486 0.891367
4 0 0.098937 0.129451 0.010769 0.000986 0.759856
4 0 0.043678 0.082662 0.014803 0.002027 0.856830
4 1 0.102218 0.131298 0.011143 0.001031 0.754310
4 1 0.073829 0.108629 0.016730 0.002116 0.798697
0 1 0.411303 0.198912 0.033961 0.004528 0.351296
4 1 0.157309 0.210633 0.017691 0.001065 0.613302
4 1 0.333535 0.199207 0.023184 0.002529 0.441545
0 1 0.448806 0.198199 0.035330 0.004817 0.312848
0 0 0.477911 0.190889 0.047821 0.007793 0.275587
4 0 0.241821 0.174066 0.041875 0.006685 0.535554
4 0 0.027197 0.064468 0.011657 0.001604 0.895073
0 0 0.694752 0.167984 0.019510 0.002124 0.115630
4 0 0.112389 0.127288 0.036183 0.006307 0.717833
4 0 0.055006 0.092103 0.019365 0.002883 0.830643
4 0 0.293339 0.186157 0.037894 0.005542 0.477068
4 0 0.256607 0.174223 0.051145 0.009062 0.508964
4 0 0.070334 0.106614 0.015046 0.001818 0.806188
0 0 0.630610 0.176775 0.032499 0.004501 0.155615
4 0 0.027051 0.062493 0.018295 0.003241 0.888921
4 0 0.028513 0.065263 0.014727 0.002276 0.889221
4 0 0.053271 0.090582 0.019184 0.002867 0.834095
0 0 0.505569 0.188180 0.048981 0.008143 0.249127
4 0 0.161945 0.149102 0.041048 0.007035 0.640870
4 0 0.044361 0.081679 0.020411 0.003327 0.850222
4 0 0.022761 0.056991 0.016820 0.002993 0.900435
0 0 0.381838 0.192841 0.044721 0.007000 0.373600
4 0 0.026480 0.061391 0.019984 0.003743 0.888402
4 0 0.031054 0.067634 0.017846 0.002994 0.880473
4 0 0.030371 0.065867 0.022082 0.004200 0.877480
4 0 0.059748 0.098985 0.012363 0.001401 0.827503
4 0 0.030782 0.068351 0.013955 0.002047 0.884865
4 0 0.043373 0.080652 0.020511 0.003375 0.852090
4 0 0.236444 0.333497 0.016658 0.000464 0.412937
4 0 0.135163 0.236322 0.017319 0.000748 0.610448
1 0 0.323388 0.353329 0.014156 0.000353 0.308774
4 0 0.246385 0.229666 0.019348 0.001297 0.503304
4 0 0.036488 0.074051 0.017611 0.002798 0.869052
4 0 0.037490 0.075071 0.017980 0.002867 0.866592
0 0 0.604873 0.209095 0.021491 0.001818 0.162723
4 0 0.014331 0.045632 0.008443 0.001177 0.930417
4 0 0.106303 0.137041 0.007343 0.000534 0.748779
4 0 0.070291 0.191657 0.014777 0.000583 0.722691
4 0 0.064912 0.118144 0.007261 0.000495 0.809188
4 0 0.134969 0.148701 0.012879 0.001204 0.702246
4 0 0.034106 0.073579 0.010613 0.001297 0.880405
4 0 0.066245 0.163896 0.010154 0.000440 0.759265
0 0 0.505685 0.284565 0.008566 0.000272 0.200911
4 0 0.050430 0.234844 0.020280 0.000490 0.693956
0 0 0.647021 0.176987 0.025909 0.003185 0.146899
1 0 0.176466 0.405660 0.024098 0.000437 0.393338
4 1 0.069751 0.338026 0.033628 0.000600 0.557995
4 1 0.030424 0.204489 0.051021 0.001670 0.712396
4 1 0.030104 0.141156 0.029985 0.001581 0.797174
4 4 0.013158 0.057811 0.014173 0.001521 0.913336
4 4 0.024476 0.059848 0.014873 0.002418 0.898385
4 4 0.022519 0.056690 0.016616 0.002946 0.901229
4 4 0.038071 0.073063 0.030250 0.006425 0.852191
4 4 0.040734 0.075405 0.032686 0.007111 0.844064
4 4 0.037491 0.072537 0.029723 0.006279 0.853970
4 4 0.047704 0.129519 0.018659 0.001310 0.802808
4 4 0.245844 0.180680 0.028017 0.003553 0.541906
0 1 0.591426 0.246900 0.015065 0.000744 0.145864
1 1 0.352893 0.414011 0.038204 0.000918 0.193974
0 1 0.619811 0.278567 0.013140 0.000380 0.088102
0 1 0.605392 0.298392 0.007548 0.000148 0.088520
0 1 0.510179 0.342057 0.014509 0.000334 0.132921
4 1 0.071292 0.372580 0.046453 0.000778 0.508897
1 1 0.241074 0.385536 0.038536 0.001087 0.333766
1 1 0.176785 0.385647 0.061688 0.001825 0.374055
1 1 0.313482 0.387632 0.022887 0.000550 0.275450
1 1 0.141340 0.581490 0.055694 0.000471 0.221005
1 1 0.135136 0.468067 0.043033 0.000605 0.353160
0 1 0.584082 0.206041 0.015656 0.001266 0.192955
0 1 0.723910 0.206649 0.011953 0.000492 0.056995
0 1 0.484283 0.399461 0.015838 0.000235 0.100183
0 1 0.454468 0.420535 0.017318 0.000242 0.107436
1 1 0.287776 0.513266 0.039244 0.000498 0.159216
1 1 0.093858 0.574018 0.087470 0.000725 0.243930
1 1 0.050026 0.559748 0.150158 0.001027 0.239042
1 1 0.088984 0.615001 0.092841 0.000603 0.202571
1 1 0.107944 0.576545 0.145111 0.001348 0.169052
1 1 0.060338 0.631849 0.127317 0.000635 0.179862
1 1 0.090183 0.607804 0.087020 0.000585 0.214408
1 1 0.184771 0.506483 0.111777 0.001888 0.195081
1 1 0.082563 0.614318 0.085644 0.000529 0.216946
1 1 0.098778 0.672020 0.068132 0.000310 0.160760
1 1 0.066413 0.561388 0.098465 0.000738 0.272996
4 1 0.024438 0.373491 0.092489 0.000946 0.508637
1 1 0.084267 0.443990 0.067523 0.000971 0.403249
1 1 0.063434 0.511187 0.088072 0.000809 0.336497
4 1 0.044669 0.317585 0.035510 0.000543 0.601692
4 1 0.023669 0.302275 0.065785 0.000909 0.607362
4 1 0.033425 0.389481 0.111675 0.001384 0.464035
1 1 0.033040 0.427359 0.145550 0.001552 0.392500
1 1 0.016501 0.344572 0.307136 0.003618 0.328173
1 1 0.033137 0.435776 0.232252 0.002518 0.296318
1 1 0.026545 0.427682 0.224706 0.002193 0.318874
4 1 0.017142 0.303022 0.127750 0.001764 0.550322
1 1 0.044105 0.483947 0.141269 0.001335 0.329344
1 1 0.023027 0.411074 0.362107 0.003237 0.200555
1 1 0.064043 0.522508 0.106382 0.000976 0.306090
1 1 0.175290 0.473679 0.143133 0.003016 0.204882
1 1 0.084167 0.501668 0.084301 0.000957 0.328907
1 1 0.049684 0.518985 0.109287 0.000874 0.321170
1 1 0.030917 0.502286 0.166224 0.001148 0.299426
1 1 0.047259 0.559264 0.189283 0.001255 0.202939
1 1 0.031969 0.506344 0.193429 0.001353 0.266905
1 1 0.030348 0.521951 0.203078 0.001254 0.243368
1 2 0.034836 0.532794 0.241893 0.001493 0.188985
1 2 0.036051 0.540274 0.308475 0.001584 0.113617
2 2 0.028575 0.264780 0.656554 0.008012 0.042079
2 2 0.027417 0.372125 0.523338 0.004187 0.072933
2 2 0.005553 0.091184 0.882572 0.006068 0.014623
2 2 0.002361 0.041948 0.940351 0.006601 0.008739
2 2 0.001642 0.027597 0.953938 0.008755 0.008068
2 2 0.026471 0.267142 0.656468 0.006616 0.043303
2 2 0.000795 0.013867 0.973627 0.007557 0.004154
2 2 0.012903 0.189491 0.760927 0.006839 0.029840
2 2 0.001826 0.036711 0.947521 0.006206 0.007737
2 2 0.001528 0.028150 0.957506 0.006450 0.006366
2 2 0.000610 0.013051 0.977074 0.005854 0.003411
2 2 0.001034 0.015554 0.969494 0.008830 0.005088
2 2 0.017908 0.179104 0.767662 0.007586 0.027739
2 2 0.002028 0.036675 0.947623 0.006198 0.007475
2 2 0.000470 0.012664 0.978450 0.005202 0.003214
2 2 0.001376 0.019032 0.966096 0.008139 0.005357
2 2 0.030703 0.278041 0.639407 0.006305 0.045544
2 2 0.001509 0.022247 0.961389 0.008474 0.006381
2 2 0.003829 0.064521 0.913740 0.006325 0.011586
2 2 0.008267 0.115207 0.850823 0.006837 0.018865
2 2 0.003825 0.043937 0.930595 0.010017 0.011626
2 2 0.015872 0.192934 0.756735 0.006637 0.027822
2 2 0.000970 0.019409 0.966707 0.007358 0.005555
2 2 0.000335 0.008101 0.979201 0.010037 0.002326
2 2 0.006968 0.094747 0.872796 0.007712 0.017776
2 2 0.000827 0.012891 0.974003 0.008136 0.004143
2 2 0.000561 0.011396 0.979545 0.005591 0.002908
2 2 0.000420 0.009109 0.980714 0.006769 0.002989
2 2 0.001067 0.022719 0.964052 0.006482 0.005680
2 2 0.000680 0.014359 0.975721 0.005686 0.003554
2 2 0.005544 0.076911 0.889962 0.011183 0.016399
2 2 0.002378 0.029827 0.951851 0.008407 0.007537
2 2 0.001810 0.034596 0.947345 0.007544 0.008706
2 2 0.001459 0.016930 0.965731 0.010177 0.005703
2 2 0.003830 0.060166 0.911030 0.009482 0.015491
2 2 0.001766 0.030257 0.951688 0.008143 0.008146
2 2 0.000418 0.010312 0.979875 0.006232 0.003163
2 2 0.012775 0.057659 0.890886 0.019033 0.019647
2 2 0.057403 0.370384 0.531312 0.004977 0.035923
2 2 0.023985 0.378483 0.536227 0.003333 0.057972
2 2 0.033551 0.365701 0.560311 0.003726 0.036711
0 0 0.451452 0.240725 0.177873 0.019625 0.110325
0 0 0.404459 0.347090 0.191905 0.006634 0.049913
0 0 0.482113 0.296815 0.140307 0.007898 0.072868
0 0 0.667665 0.252445 0.050583 0.001735 0.027571
1 0 0.149829 0.599140 0.168835 0.001308 0.080889
1 0 0.340229 0.440799 0.137825 0.003048 0.078099
1 0 0.075142 0.568718 0.202006 0.001606 0.152529
1 0 0.057504 0.538269 0.222415 0.001835 0.179977
1 0 0.058372 0.542467 0.213729 0.001748 0.183684
1 1 0.033838 0.494563 0.318798 0.002185 0.150615
1 1 0.090228 0.650291 0.202486 0.000815 0.056180
1 1 0.045890 0.555121 0.326276 0.001496 0.071217
1 1 0.042987 0.580723 0.236451 0.001211 0.138627
1 1 0.025756 0.482466 0.422300 0.001763 0.067716
1 1 0.204762 0.409987 0.237041 0.007348 0.140862
1 1 0.072185 0.594818 0.236345 0.001375 0.095276
1 1 0.036338 0.484668 0.354902 0.002467 0.121624
1 1 0.102104 0.588249 0.164912 0.001366 0.143370
1 1 0.165392 0.547382 0.087251 0.001067 0.198908
1 1 0.039383 0.496206 0.159934 0.001339 0.303139
1 1 0.080728 0.533157 0.094652 0.000917 0.290546
1 1 0.185143 0.469629 0.045269 0.000745 0.299215
1 1 0.279938 0.491613 0.094390 0.001697 0.132362
1 1 0.079365 0.527391 0.087211 0.000843 0.305190
1 1 0.108603 0.567923 0.120284 0.001174 0.202015
4 4 0.059604 0.384450 0.077010 0.001294 0.477642
1 4 0.090902 0.482768 0.066561 0.000810 0.358959
4 4 0.033351 0.107385 0.029980 0.002839 0.826445
4 1 0.359468 0.218460 0.054627 0.007018 0.360427
4 1 0.078542 0.333503 0.057223 0.001412 0.529319
4 1 0.052270 0.156756 0.026031 0.001574 0.763369
4 1 0.093387 0.301041 0.038208 0.001115 0.566249
4 1 0.050184 0.315907 0.071051 0.001577 0.561281
4 1 0.056747 0.177958 0.038896 0.002322 0.724077
4 4 0.196418 0.164886 0.031681 0.004496 0.602520
4 4 0.074856 0.103652 0.036567 0.007139 0.777786
4 4 0.159764 0.148076 0.041551 0.007192 0.643416
4 4 0.096380 0.302389 0.026986 0.000688 0.573557
0 4 0.409772 0.229718 0.065101 0.008011 0.287399
4 4 0.137081 0.136439 0.048432 0.009483 0.668565
0 1 0.440173 0.367007 0.055086 0.001861 0.135873
4 1 0.085720 0.109057 0.046032 0.009872 0.749319
4 1 0.287839 0.182481 0.044826 0.007234 0.477620
1 1 0.170513 0.454298 0.056360 0.001058 0.317771
4 0 0.188091 0.152203 0.063869 0.013649 0.582187
4 0 0.020165 0.053666 0.014656 0.002504 0.909009
4 0 0.185006 0.313791 0.079601 0.004212 0.417390
1 0 0.182299 0.430592 0.053024 0.001151 0.332934
4 0 0.120398 0.221253 0.071954 0.005953 0.580441
1 0 0.115261 0.566196 0.064865 0.000573 0.253104
4 1 0.020914 0.088032 0.021232 0.001777 0.868044
4 1 0.029069 0.065009 0.018570 0.003248 0.884105
4 1 0.034772 0.327239 0.049559 0.000684 0.587746
4 1 0.205821 0.313334 0.075738 0.004157 0.400949
