0 0 0.902854 0.029143 0.002954 0.000087 0.064963
0 0 0.900870 0.028209 0.002445 0.000065 0.068412
0 0 0.770563 0.080813 0.006524 0.000180 0.141921
0 0 0.696467 0.163517 0.021212 0.000356 0.118448
0 0 0.634693 0.240001 0.042219 0.000490 0.082597
0 0 0.755632 0.122384 0.013965 0.000371 0.107647
0 0 0.881544 0.037753 0.002823 0.000065 0.077814
0 0 0.861157 0.025529 0.002930 0.000166 0.110218
0 0 0.820522 0.075199 0.005439 0.000098 0.098742
0 0 0.557714 0.276164 0.053949 0.000609 0.111564
1 0 0.328518 0.426072 0.151259 0.001572 0.092579
1 0 0.373102 0.398209 0.128961 0.001558 0.098171
0 0 0.406367 0.376695 0.102004 0.000904 0.114030
1 0 0.281815 0.451932 0.183741 0.001816 0.080697
1 1 0.207600 0.467206 0.219341 0.002243 0.103609
1 1 0.235251 0.448674 0.201580 0.002756 0.111739
1 1 0.086275 0.459658 0.369760 0.004635 0.079673
1 1 0.097206 0.440222 0.326389 0.006487 0.129696
1 1 0.062765 0.417009 0.344685 0.005942 0.169599
1 1 0.040750 0.355431 0.294048 0.005001 0.304770
4 1 0.065013 0.174405 0.068664 0.002351 0.689566
4 4 0.107355 0.348832 0.177540 0.004032 0.362240
4 4 0.042598 0.251898 0.160352 0.004498 0.540654
1 4 0.118512 0.377273 0.190739 0.003620 0.309856
1 4 0.108175 0.436301 0.265811 0.003873 0.185840
4 4 0.073621 0.348626 0.197629 0.003105 0.377019
4 4 0.050774 0.252540 0.145435 0.003927 0.547324
4 4 0.054680 0.330988 0.222665 0.004557 0.387109
4 4 0.045211 0.337148 0.247913 0.004352 0.365376
1 4 0.061713 0.360148 0.249110 0.005060 0.323970
4 4 0.062858 0.329717 0.209010 0.004664 0.393750
4 4 0.064869 0.299627 0.168573 0.003670 0.463262
1 4 0.083107 0.373403 0.229075 0.004677 0.309738
4 4 0.129399 0.270079 0.106953 0.003539 0.490030
1 4 0.074909 0.399658 0.273492 0.004773 0.247167
2 4 0.034078 0.369149 0.386975 0.007933 0.201866
4 4 0.051203 0.329480 0.234728 0.005326 0.379263
1 4 0.087754 0.396185 0.257143 0.005394 0.253524
1 4 0.192924 0.400715 0.181301 0.004085 0.220975
0 0 0.535238 0.203352 0.040280 0.002079 0.219050
1 0 0.146829 0.477683 0.286900 0.003140 0.085447
1 1 0.107090 0.472746 0.349851 0.003923 0.066390
2 1 0.055971 0.414621 0.424887 0.009317 0.095204
1 2 0.124139 0.480709 0.344304 0.003374 0.047475
1 2 0.130274 0.482152 0.332264 0.003275 0.052034
1 2 0.056002 0.428294 0.427595 0.006588 0.081521
1 2 0.067568 0.415062 0.405599 0.011645 0.100126
1 2 0.079661 0.439218 0.393520 0.007743 0.079858
2 2 0.075141 0.367352 0.438986 0.019413 0.099108
2 2 0.058318 0.339987 0.483747 0.020185 0.097763
2 2 0.042140 0.254549 0.580085 0.033787 0.089440
2 2 0.093114 0.358412 0.427693 0.024060 0.096720
2 2 0.043562 0.174783 0.678217 0.049430 0.054009
2 2 0.059718 0.296994 0.549530 0.020867 0.072891
2 2 0.051797 0.238479 0.537017 0.063984 0.108724
2 2 0.060803 0.409061 0.414748 0.011825 0.103564
1 2 0.127671 0.482550 0.340656 0.003207 0.045915
2 2 0.037815 0.212136 0.607183 0.053047 0.089820
2 2 0.060155 0.359298 0.433460 0.023661 0.123426
2 2 0.027362 0.147024 0.703678 0.062019 0.059917
2 2 0.034817 0.113067 0.668290 0.129788 0.054038
2 2 0.012794 0.033710 0.725571 0.208061 0.019862
2 2 0.033529 0.154304 0.576318 0.133665 0.102185
3 2 0.018421 0.015489 0.343574 0.601567 0.020949
3 2 0.025601 0.017715 0.255438 0.672629 0.028617
2 2 0.041897 0.097567 0.516767 0.266087 0.077682
3 2 0.014441 0.004662 0.108344 0.859923 0.012629
3 2 0.031870 0.028413 0.313807 0.586910 0.039000
3 2 0.013777 0.003688 0.082384 0.888660 0.011491
3 2 0.021972 0.009481 0.145714 0.801329 0.021504
3 2 0.011139 0.002478 0.065440 0.912227 0.008716
3 2 0.014399 0.004048 0.087741 0.881611 0.012200
3 3 0.010887 0.001577 0.032456 0.947337 0.007743
3 3 0.016509 0.004935 0.092538 0.871625 0.014393
3 3 0.007626 0.000866 0.023979 0.962572 0.004957
3 3 0.005812 0.000550 0.019023 0.971086 0.003529
3 3 0.012488 0.001989 0.036463 0.939861 0.009200
3 3 0.008448 0.001029 0.026160 0.958730 0.005634
3 3 0.011630 0.001907 0.039171 0.938735 0.008556
3 3 0.006739 0.000704 0.021581 0.966730 0.004246
3 3 0.006718 0.000700 0.021523 0.966829 0.004230
3 3 0.007600 0.000861 0.023908 0.962695 0.004935
3 3 0.013365 0.002231 0.038623 0.935761 0.010020
3 3 0.005571 0.000512 0.018349 0.972220 0.003348
3 3 0.005252 0.000464 0.017449 0.973725 0.003110
3 3 0.005481 0.000498 0.018095 0.972645 0.003280
3 3 0.006631 0.000685 0.021285 0.967238 0.004161
3 3 0.007589 0.000859 0.023880 0.962745 0.004927
3 3 0.004444 0.000351 0.015129 0.977552 0.002525
3 3 0.005401 0.000486 0.017870 0.973023 0.003221
3 3 0.004903 0.000414 0.016455 0.975373 0.002855
3 3 0.005036 0.000433 0.016834 0.974745 0.002951
3 3 0.005487 0.000499 0.018113 0.972615 0.003285
3 3 0.004679 0.000383 0.015810 0.976436 0.002692
3 3 0.006413 0.000648 0.020689 0.968258 0.003992
3 3 0.006565 0.000674 0.021104 0.967548 0.004109
3 3 0.005746 0.000539 0.018838 0.971397 0.003479
3 3 0.003883 0.000281 0.013483 0.980219 0.002134
3 3 0.004389 0.000344 0.014971 0.977810 0.002486
3 3 0.005020 0.000430 0.016790 0.974820 0.002940
3 3 0.006029 0.000584 0.019627 0.970065 0.003695
3 3 0.003538 0.000240 0.012454 0.981867 0.001900
3 3 0.004495 0.000358 0.015278 0.977308 0.002561
3 3 0.004841 0.000405 0.016276 0.975668 0.002809
3 3 0.003189 0.000202 0.011396 0.983543 0.001670
3 3 0.004330 0.000336 0.014798 0.978090 0.002444
3 3 0.004749 0.000392 0.016011 0.976105 0.002743
3 3 0.003488 0.000235 0.012301 0.982110 0.001866
3 3 0.003972 0.000291 0.013745 0.979798 0.002195
3 3 0.003508 0.000237 0.012363 0.982011 0.001880
3 3 0.004194 0.000319 0.014401 0.978737 0.002349
3 3 0.003749 0.000265 0.013084 0.980860 0.002042
3 3 0.004705 0.000386 0.015886 0.976312 0.002711
3 3 0.003784 0.000269 0.013190 0.980690 0.002066
3 3 0.004749 0.000392 0.016012 0.976104 0.002743
3 3 0.002913 0.000174 0.010547 0.984874 0.001491
3 3 0.004902 0.000414 0.016450 0.975381 0.002853
3 3 0.004918 0.000416 0.016498 0.975302 0.002865
3 3 0.003660 0.000254 0.012817 0.981287 0.001982
3 3 0.003718 0.000261 0.012991 0.981010 0.002021
3 3 0.006706 0.000698 0.021492 0.966883 0.004221
3 3 0.004093 0.000306 0.014102 0.979221 0.002278
3 3 0.006022 0.000583 0.019609 0.970096 0.003690
3 3 0.004368 0.000341 0.014908 0.977911 0.002471
3 3 0.004685 0.000384 0.015828 0.976406 0.002697
3 3 0.004134 0.000311 0.014225 0.979022 0.002307
3 3 0.005897 0.000563 0.019259 0.970688 0.003594
3 3 0.005096 0.000441 0.017006 0.974461 0.002995
3 3 0.028652 0.001337 0.033201 0.927322 0.009488
3 3 0.009502 0.001254 0.028914 0.953802 0.006529
3 3 0.037337 0.003489 0.052485 0.889646 0.017043
3 0 0.248125 0.025231 0.095321 0.481011 0.150312
0 0 0.795190 0.030357 0.036510 0.023508 0.114435
0 1 0.515932 0.083567 0.110644 0.102146 0.187710
0 1 0.718576 0.034226 0.037859 0.032728 0.176612
2 1 0.240103 0.117705 0.303792 0.205724 0.132676
0 1 0.705475 0.032664 0.037651 0.036731 0.187479
0 0 0.908643 0.008537 0.005761 0.002135 0.074924
0 0 0.824768 0.018515 0.017629 0.011588 0.127501
0 0 0.698807 0.031986 0.036949 0.037766 0.194492
0 0 0.716941 0.042413 0.055031 0.043030 0.142586
0 0 0.703406 0.066591 0.087072 0.039746 0.103186
0 0 0.786241 0.073322 0.068776 0.013716 0.057946
3 0 0.092913 0.048465 0.233861 0.550344 0.074417
0 0 0.515745 0.069057 0.169335 0.151062 0.094802
0 0 0.427687 0.065481 0.142088 0.208835 0.155909
0 0 0.353636 0.046765 0.135492 0.324668 0.139440
2 2 0.021343 0.142217 0.699602 0.067501 0.069337
3 2 0.184842 0.059936 0.235261 0.439525 0.080435
0 2 0.344277 0.217905 0.176282 0.080675 0.180861
0 2 0.413336 0.308298 0.198413 0.018899 0.061053
0 0 0.772761 0.087088 0.047703 0.007215 0.085232
0 0 0.547161 0.094427 0.116302 0.081000 0.161110
0 0 0.462716 0.207593 0.097483 0.017837 0.214371
0 0 0.338172 0.309221 0.235144 0.023101 0.094362
2 0 0.081788 0.288237 0.583075 0.010265 0.036636
0 0 0.535713 0.175110 0.213355 0.016729 0.059092
0 0 0.979831 0.002603 0.002105 0.000353 0.015109
0 0 0.954209 0.011491 0.005464 0.000530 0.028305
0 0 0.964942 0.010066 0.008697 0.000960 0.015335
1 0 0.373156 0.405558 0.172032 0.003528 0.045727
1 1 0.144832 0.452567 0.327883 0.007907 0.066811
1 1 0.103007 0.469954 0.366770 0.004223 0.056046
2 2 0.092394 0.319401 0.502765 0.020027 0.065412
1 2 0.138903 0.420256 0.389117 0.005877 0.045847
1 2 0.124443 0.452388 0.345883 0.007707 0.069579
1 2 0.149660 0.485107 0.320573 0.002952 0.041708
0 2 0.742524 0.133418 0.047101 0.003460 0.073498
1 2 0.141926 0.479954 0.328345 0.003526 0.046249
1 2 0.161312 0.489662 0.309540 0.002443 0.037043
1 2 0.129029 0.467237 0.341491 0.005149 0.057094
2 2 0.100910 0.400247 0.431090 0.008432 0.059321
2 2 0.072067 0.295007 0.569156 0.013946 0.049825
1 2 0.269461 0.456550 0.236653 0.003000 0.034336
1 2 0.243266 0.466414 0.253908 0.002889 0.033524
0 2 0.716197 0.168649 0.052319 0.002385 0.060450
1 2 0.364251 0.419414 0.165866 0.002191 0.048278
1 2 0.348384 0.431983 0.182508 0.002038 0.035088
1 2 0.153877 0.487295 0.316438 0.002716 0.039674
1 2 0.116593 0.478295 0.351938 0.003545 0.049629
1 2 0.183486 0.492108 0.287890 0.002008 0.034509
2 2 0.080831 0.367201 0.499636 0.006462 0.045870
2 2 0.069286 0.330727 0.551160 0.007008 0.041819
0 2 0.476923 0.352391 0.100528 0.001339 0.068819
0 0 0.946881 0.022550 0.005298 0.000174 0.025097
0 0 0.883644 0.067038 0.006155 0.000084 0.043079
0 0 0.479067 0.384808 0.116813 0.000527 0.018786
0 0 0.429659 0.408544 0.141523 0.000766 0.019508
1 1 0.169289 0.457521 0.308308 0.006654 0.058227
0 1 0.765845 0.192061 0.032481 0.000162 0.009451
0 1 0.937724 0.026748 0.005927 0.000198 0.029403
0 0 0.685735 0.235444 0.042439 0.000350 0.036032
0 0 0.696643 0.197014 0.030388 0.000423 0.075533
0 0 0.879660 0.091023 0.007586 0.000046 0.021684
0 0 0.863782 0.096502 0.008577 0.000075 0.031064
1 1 0.254343 0.475184 0.243057 0.001740 0.025677
1 1 0.213551 0.495721 0.264836 0.001285 0.024607
0 2 0.502278 0.363485 0.100716 0.000645 0.032876
0 2 0.597520 0.306575 0.070254 0.000396 0.025256
0 0 0.821476 0.136387 0.016654 0.000153 0.025329
0 0 0.830997 0.133283 0.015802 0.000114 0.019805
0 1 0.853120 0.102957 0.009743 0.000097 0.034082
0 1 0.792355 0.152352 0.022518 0.000250 0.032525
0 1 0.884299 0.087285 0.010038 0.000075 0.018303
0 0 0.959558 0.007394 0.002086 0.000150 0.030812
0 0 0.968244 0.003912 0.000620 0.000028 0.027196
0 0 0.973205 0.003949 0.000468 0.000013 0.022365
0 0 0.921210 0.029183 0.008019 0.000438 0.041150
0 0 0.844868 0.110468 0.011150 0.000114 0.033399
0 1 0.558115 0.307937 0.068384 0.000620 0.064944
0 1 0.444000 0.386803 0.124047 0.001208 0.043943
0 1 0.523190 0.338241 0.091460 0.000968 0.046141
0 0 0.925971 0.024026 0.004487 0.000192 0.045324
0 0 0.743588 0.205452 0.036141 0.000234 0.014587
0 0 0.584799 0.312587 0.074620 0.000486 0.027509
0 0 0.856874 0.112106 0.011875 0.000078 0.019067
0 0 0.940786 0.034691 0.007347 0.000133 0.017043
0 1 0.970389 0.006245 0.000702 0.000016 0.022649
0 1 0.975056 0.004045 0.000636 0.000022 0.020242
0 1 0.940049 0.009467 0.002872 0.000296 0.047316
0 1 0.964345 0.005590 0.000925 0.000040 0.029099
0 1 0.914143 0.019462 0.002198 0.000082 0.064115
0 0 0.951402 0.017893 0.001712 0.000027 0.028966
0 0 0.953546 0.009326 0.001213 0.000041 0.035875
0 0 0.972279 0.003649 0.001319 0.000121 0.022632
0 0 0.983131 0.001780 0.000526 0.000035 0.014529
0 0 0.966587 0.010949 0.001806 0.000045 0.020613
0 0 0.957132 0.012429 0.002174 0.000073 0.028193
0 0 0.839891 0.079950 0.009191 0.000234 0.070734
0 0 0.795662 0.153972 0.021291 0.000242 0.028832
0 0 0.963657 0.016816 0.005792 0.000183 0.013551
0 0 0.976958 0.008014 0.001579 0.000037 0.013412
0 0 0.974998 0.003461 0.001028 0.000072 0.020441
0 0 0.968286 0.009254 0.002552 0.000111 0.019797
0 0 0.972857 0.007288 0.000616 0.000008 0.019230
0 0 0.947885 0.029623 0.004931 0.000075 0.017486
0 0 0.985001 0.001956 0.000590 0.000033 0.012420
0 0 0.943121 0.013642 0.002426 0.000110 0.040702
0 0 0.950943 0.010871 0.002843 0.000184 0.035159
0 0 0.972986 0.005403 0.001774 0.000113 0.019724
0 0 0.980097 0.001707 0.000250 0.000010 0.017936
0 0 0.981241 0.001723 0.000463 0.000032 0.016540
0 0 0.963763 0.007282 0.001010 0.000032 0.027914
0 0 0.942946 0.011993 0.001248 0.000036 0.043776
0 0 0.910381 0.023036 0.002896 0.000113 0.063573
0 0 0.917039 0.023129 0.003873 0.000181 0.055778
0 0 0.958163 0.007720 0.000438 0.000006 0.033673
0 0 0.950943 0.009231 0.001383 0.000058 0.038386
0 0 0.938096 0.024939 0.003027 0.000063 0.033875
0 0 0.872188 0.062215 0.005757 0.000109 0.059731
0 0 0.815586 0.119211 0.015606 0.000290 0.049306
0 0 0.931155 0.013882 0.002117 0.000103 0.052743
0 0 0.896194 0.035772 0.002484 0.000046 0.065504
0 0 0.967941 0.008902 0.001340 0.000035 0.021782
0 0 0.981716 0.006336 0.000957 0.000015 0.010975
0 0 0.970545 0.014785 0.002779 0.000044 0.011847
0 0 0.975918 0.011260 0.002383 0.000042 0.010398
0 0 0.944678 0.031784 0.003675 0.000042 0.019821
0 0 0.857432 0.119098 0.012523 0.000049 0.010898
0 0 0.898842 0.079139 0.007769 0.000041 0.014210
0 0 0.893154 0.089974 0.007298 0.000021 0.009553
0 0 0.951405 0.030320 0.002690 0.000019 0.015565
0 0 0.965731 0.009768 0.001723 0.000052 0.022727
0 0 0.963352 0.016330 0.001837 0.000024 0.018456
0 0 0.950349 0.007742 0.000841 0.000029 0.041039
0 0 0.902250 0.024162 0.001998 0.000055 0.071535
0 0 0.940233 0.011679 0.001338 0.000046 0.046703
0 0 0.954113 0.007695 0.000555 0.000011 0.037625
0 0 0.944481 0.018522 0.002055 0.000045 0.034897
0 0 0.898418 0.030560 0.002948 0.000084 0.067989
0 0 0.892027 0.021440 0.003040 0.000176 0.083316
0 0 0.915811 0.030740 0.002377 0.000042 0.051031
0 0 0.871664 0.072167 0.005056 0.000059 0.051054
0 0 0.872969 0.050092 0.010408 0.000538 0.065993
0 1 0.651910 0.243186 0.044380 0.000475 0.060047
1 1 0.406182 0.409338 0.140729 0.001235 0.042516
0 1 0.797694 0.152974 0.020996 0.000232 0.028105
0 0 0.942924 0.022564 0.001340 0.000014 0.033158
0 0 0.969614 0.001874 0.000268 0.000015 0.028230
0 0 0.925952 0.045232 0.003033 0.000022 0.025760
0 0 0.933740 0.002099 0.000180 0.000012 0.063969
0 0 0.965296 0.008329 0.001083 0.000028 0.025264
0 0 0.969228 0.008117 0.000902 0.000018 0.021735
0 0 0.791125 0.013316 0.000605 0.000029 0.194925
0 4 0.484838 0.141929 0.020317 0.000893 0.352023
0 4 0.443118 0.228520 0.051150 0.002449 0.274763
4 4 0.253526 0.167094 0.037269 0.002256 0.539855
0 4 0.452836 0.162579 0.028835 0.001861 0.353889
4 4 0.257745 0.277836 0.085818 0.003421 0.375180
0 4 0.389531 0.239691 0.055117 0.002107 0.313554
0 4 0.536163 0.301374 0.074108 0.001334 0.087020
0 4 0.365956 0.240014 0.056502 0.002184 0.335345
0 4 0.396723 0.201364 0.041159 0.001884 0.358870
4 4 0.271364 0.153740 0.032882 0.002524 0.539490
0 4 0.396843 0.319827 0.088536 0.002162 0.192632
0 4 0.429246 0.196198 0.036493 0.001349 0.336715
0 4 0.375968 0.366405 0.119457 0.002599 0.135571
1 4 0.320093 0.332397 0.107549 0.003375 0.236586
0 4 0.390429 0.374136 0.122602 0.002350 0.110484
0 4 0.424866 0.282988 0.068766 0.001817 0.221562
1 4 0.056807 0.421742 0.384942 0.006352 0.130157
1 4 0.058646 0.422908 0.365363 0.005573 0.147510
2 4 0.054129 0.423390 0.430147 0.007131 0.085203
1 4 0.059639 0.429515 0.421582 0.006970 0.082294
1 4 0.056280 0.427702 0.406014 0.006193 0.103812
2 4 0.055577 0.426411 0.428060 0.006846 0.083106
1 4 0.067682 0.430732 0.395848 0.007529 0.098209
1 4 0.070563 0.445213 0.406449 0.005733 0.072043
1 4 0.065852 0.417966 0.409102 0.010554 0.096526
1 4 0.073340 0.397545 0.387898 0.017209 0.124008
1 4 0.123847 0.427367 0.342762 0.014247 0.091777
0 0 0.794899 0.072890 0.067245 0.012130 0.052835
0 0 0.688527 0.125296 0.013565 0.000314 0.172298
0 1 0.431757 0.250067 0.055832 0.001778 0.260567
1 1 0.088058 0.460900 0.384034 0.004777 0.062232
1 1 0.091839 0.460761 0.379641 0.004998 0.062761
1 1 0.193374 0.405090 0.234923 0.011823 0.154789
1 1 0.320667 0.423878 0.190356 0.003917 0.061182
0 0 0.664691 0.216800 0.049067 0.001864 0.067577
1 0 0.154179 0.481411 0.307564 0.003297 0.053549
0 1 0.738398 0.118930 0.045384 0.004624 0.092664
1 1 0.135987 0.454563 0.335536 0.007448 0.066466
1 1 0.131908 0.488396 0.335446 0.002664 0.041585
1 1 0.214726 0.446207 0.244805 0.005617 0.088645
0 1 0.556954 0.260354 0.061249 0.002062 0.119382
0 1 0.407737 0.387952 0.117210 0.001237 0.085864
0 4 0.439088 0.335562 0.084881 0.001139 0.139331
1 4 0.088103 0.445577 0.383613 0.007273 0.075434
1 4 0.074998 0.438687 0.399702 0.007341 0.079272
2 4 0.058853 0.327013 0.510557 0.018833 0.084744
2 4 0.056991 0.334670 0.504028 0.017558 0.086753
2 4 0.059575 0.341741 0.526812 0.010166 0.061706
2 4 0.077809 0.367389 0.479074 0.010747 0.064982
1 2 0.125479 0.468051 0.344705 0.004985 0.056779
2 2 0.054304 0.333000 0.544364 0.009499 0.058833
1 2 0.088843 0.431081 0.412846 0.006077 0.061153
2 2 0.044163 0.262951 0.623393 0.015020 0.054472
2 2 0.038229 0.230942 0.676268 0.012867 0.041695
2 2 0.050806 0.288948 0.605944 0.009328 0.044973
2 2 0.063056 0.337781 0.496984 0.017803 0.084377
2 2 0.041206 0.229995 0.625755 0.032014 0.071030
2 2 0.031995 0.194562 0.674286 0.035461 0.063696
2 2 0.030487 0.184577 0.716768 0.023119 0.045049
2 2 0.045441 0.250583 0.604408 0.027517 0.072051
2 2 0.038340 0.241000 0.625577 0.025349 0.069734
2 2 0.030310 0.212582 0.659522 0.029069 0.068518
2 2 0.064851 0.287403 0.511905 0.038008 0.097833
2 2 0.036084 0.185153 0.653609 0.053835 0.071319
1 2 0.199139 0.461533 0.285916 0.005132 0.048279
2 2 0.021782 0.145993 0.680204 0.074767 0.077254
2 2 0.035968 0.232139 0.651170 0.021083 0.059640
2 2 0.034929 0.200142 0.690208 0.024496 0.050224
2 2 0.032986 0.155109 0.731158 0.037930 0.042817
2 2 0.061415 0.247361 0.560269 0.046598 0.084357
2 2 0.062188 0.333370 0.492751 0.020568 0.091123
2 2 0.075580 0.186061 0.551330 0.108905 0.078124
4 2 0.300257 0.234848 0.116618 0.018679 0.329599
1 2 0.230402 0.331888 0.141431 0.008470 0.287808
2 2 0.034889 0.114864 0.591882 0.183463 0.074902
2 2 0.078956 0.243330 0.463984 0.093706 0.120023
3 2 0.054932 0.046776 0.366999 0.481960 0.049333
0 2 0.481847 0.060166 0.050792 0.057605 0.349590
0 2 0.289576 0.115557 0.277323 0.217361 0.100183
3 2 0.037351 0.050278 0.396163 0.456431 0.059777
0 2 0.348883 0.107709 0.262464 0.184446 0.096498
0 2 0.438713 0.151405 0.248945 0.097366 0.063571
1 2 0.106511 0.408784 0.354058 0.019770 0.110876
1 2 0.102500 0.430886 0.364903 0.011867 0.089844
2 2 0.057114 0.230767 0.601773 0.040781 0.069565
2 2 0.039922 0.209213 0.620360 0.049718 0.080786
2 2 0.099145 0.280109 0.512004 0.036938 0.071804
1 2 0.076357 0.389207 0.382077 0.022878 0.129481
2 2 0.136831 0.344520 0.446034 0.016403 0.056212
1 2 0.099917 0.409801 0.390594 0.013347 0.086341
2 2 0.035894 0.182803 0.689442 0.037257 0.054604
2 2 0.042787 0.185511 0.668002 0.045718 0.057982
1 2 0.132189 0.378907 0.364544 0.020214 0.104147
0 0 0.573746 0.242434 0.109606 0.008548 0.065667
0 0 0.601784 0.233759 0.084442 0.003189 0.076826
0 0 0.440541 0.179836 0.244143 0.072609 0.062872
1 0 0.114094 0.453414 0.352262 0.007112 0.073118
2 1 0.062035 0.373902 0.462431 0.013255 0.088377
2 1 0.065550 0.331007 0.509596 0.017107 0.076741
2 2 0.031449 0.145140 0.678832 0.080271 0.064308
2 2 0.027621 0.139869 0.724470 0.056799 0.051242
2 2 0.024909 0.095854 0.726056 0.108714 0.044468
2 2 0.019221 0.095436 0.770168 0.076172 0.039003
2 2 0.026140 0.103654 0.698790 0.119840 0.051576
2 2 0.021178 0.062469 0.678896 0.199212 0.038244
2 2 0.040260 0.212377 0.617660 0.048401 0.081302
2 2 0.035875 0.156508 0.646607 0.087894 0.073116
2 2 0.044273 0.203781 0.659340 0.035286 0.057320
2 2 0.033339 0.139445 0.671912 0.091878 0.063426
2 2 0.040399 0.226080 0.610806 0.040850 0.081866
2 2 0.032313 0.143681 0.714542 0.059093 0.050372
2 2 0.035078 0.136281 0.622340 0.130033 0.076268
2 2 0.040723 0.152670 0.583337 0.134195 0.089075
2 2 0.037211 0.066164 0.499852 0.340148 0.056624
2 2 0.031112 0.119787 0.634906 0.144457 0.069738
2 2 0.050108 0.124528 0.467819 0.250987 0.106557
2 2 0.027408 0.055855 0.579343 0.295236 0.042158
2 3 0.099785 0.126304 0.452237 0.241885 0.079789
2 3 0.030181 0.068184 0.587906 0.265262 0.048467
3 3 0.015968 0.007978 0.195321 0.765087 0.015647
2 3 0.038938 0.135004 0.620061 0.133967 0.072030
2 2 0.038370 0.188277 0.658587 0.048559 0.066207
2 2 0.021058 0.027884 0.486435 0.437006 0.027617
2 2 0.019508 0.036419 0.599702 0.316163 0.028208
2 2 0.027338 0.082708 0.653123 0.188976 0.047854
2 2 0.023282 0.079248 0.675731 0.174373 0.047367
2 2 0.027025 0.035141 0.452915 0.448758 0.036160
2 2 0.030064 0.133640 0.613841 0.137951 0.084503
2 2 0.029111 0.042608 0.480783 0.406837 0.040661
2 2 0.036306 0.082780 0.532114 0.279946 0.068854
2 2 0.028033 0.072615 0.602872 0.242984 0.053496
3 2 0.030973 0.035734 0.398804 0.493887 0.040603
3 2 0.034104 0.028000 0.282272 0.614501 0.041123
1 2 0.189990 0.401499 0.282930 0.023978 0.101602
2 2 0.086295 0.330222 0.364205 0.056947 0.162330
2 2 0.030363 0.064924 0.598553 0.261493 0.044666
2 2 0.038166 0.191974 0.653745 0.047846 0.068269
2 2 0.071352 0.359002 0.417827 0.027438 0.124381
2 2 0.049720 0.214713 0.580330 0.064955 0.090281
2 2 0.089196 0.359270 0.435556 0.022158 0.093820
2 2 0.075308 0.339965 0.457126 0.026175 0.101426
2 2 0.032304 0.073964 0.579602 0.261653 0.052477
2 2 0.032552 0.131126 0.699313 0.083379 0.053630
2 2 0.062777 0.291826 0.538322 0.026647 0.080428
2 2 0.029271 0.123446 0.685296 0.102728 0.059258
2 2 0.056369 0.208898 0.582686 0.069110 0.082937
2 2 0.041221 0.191830 0.561287 0.097097 0.108564
2 2 0.045237 0.192985 0.587944 0.082327 0.091507
3 2 0.039620 0.047442 0.376562 0.481425 0.054952
2 2 0.043987 0.101315 0.523278 0.257347 0.074073
2 2 0.032401 0.051741 0.487513 0.380267 0.048078
2 2 0.048339 0.134202 0.519029 0.207696 0.090733
3 2 0.038045 0.040672 0.351026 0.520354 0.049903
3 2 0.102739 0.083160 0.279040 0.442675 0.092386
3 2 0.018917 0.004715 0.066624 0.893672 0.016072
3 2 0.038701 0.040229 0.340488 0.530121 0.050461
0 2 0.658519 0.113975 0.032637 0.004951 0.189918
1 0 0.121746 0.402856 0.310198 0.018462 0.146738
3 0 0.042782 0.046634 0.342586 0.510831 0.057167
2 0 0.069785 0.158420 0.457017 0.202460 0.112318
2 0 0.074568 0.103255 0.570734 0.199135 0.052308
1 4 0.320053 0.412217 0.164722 0.003271 0.099737
0 4 0.490341 0.250947 0.065473 0.002913 0.190325
0 4 0.882271 0.019158 0.011122 0.002934 0.084515
1 1 0.303688 0.346882 0.126217 0.004867 0.218347
1 1 0.067880 0.425174 0.407704 0.009188 0.090055
2 4 0.061860 0.387290 0.446257 0.012407 0.092185
2 4 0.036660 0.295067 0.513562 0.030150 0.124561
2 4 0.047381 0.294715 0.533496 0.026877 0.097532
2 4 0.050485 0.268287 0.560444 0.032828 0.087956
2 4 0.032195 0.146787 0.634034 0.107130 0.079854
2 4 0.024944 0.133787 0.710317 0.072027 0.058925
1 4 0.133290 0.450031 0.337706 0.008373 0.070599
0 4 0.629182 0.211666 0.051115 0.001708 0.106329
0 0 0.703649 0.111202 0.068485 0.013208 0.103456
1 0 0.148873 0.452735 0.281091 0.005514 0.111787
2 0 0.059953 0.409245 0.416269 0.011574 0.102959
2 4 0.057127 0.342427 0.470957 0.022105 0.107383
2 4 0.062511 0.351120 0.451264 0.023163 0.111943
2 4 0.043453 0.275886 0.567725 0.025981 0.086954
2 4 0.027268 0.150503 0.635139 0.099398 0.087691
2 4 0.050151 0.279234 0.559708 0.026939 0.083968
2 2 0.031480 0.183617 0.658775 0.051872 0.074256
2 2 0.040701 0.291656 0.534018 0.027461 0.106163
2 2 0.039547 0.230202 0.643003 0.025113 0.062135
2 2 0.032805 0.174544 0.701242 0.037966 0.053442
1 2 0.147160 0.400558 0.379713 0.011342 0.061227
1 2 0.187713 0.435306 0.277510 0.010017 0.089454
0 0 0.825256 0.073504 0.021147 0.001582 0.078512
1 0 0.121840 0.470342 0.347925 0.004608 0.055285
1 1 0.173374 0.439440 0.263328 0.007199 0.116659
1 1 0.194413 0.445762 0.237138 0.004764 0.117924
0 1 0.339670 0.261600 0.080962 0.006505 0.311264
1 0 0.159987 0.343132 0.314761 0.035755 0.146365
2 0 0.065586 0.226407 0.597323 0.044746 0.065938
2 2 0.081249 0.331806 0.479904 0.023067 0.083974
2 2 0.057858 0.236841 0.633250 0.022656 0.049395
1 2 0.160922 0.393368 0.218221 0.008535 0.218954
1 2 0.214669 0.432581 0.200680 0.003651 0.148419
2 2 0.061219 0.414279 0.415632 0.010547 0.098323
2 2 0.023203 0.156729 0.740576 0.031666 0.047827
2 2 0.033605 0.201336 0.670927 0.032166 0.061967
1 2 0.160628 0.420695 0.269207 0.011014 0.138456
0 2 0.801384 0.046571 0.002519 0.000071 0.149456
0 2 0.560439 0.242456 0.047810 0.001101 0.148193
0 0 0.790221 0.011848 0.000813 0.000063 0.197055
0 0 0.867022 0.029253 0.003609 0.000192 0.099923
0 0 0.766775 0.053174 0.004379 0.000212 0.175460
0 0 0.791736 0.039281 0.004525 0.000322 0.164136
0 0 0.916824 0.005190 0.000593 0.000043 0.077350
0 0 0.824401 0.019414 0.004056 0.000636 0.151494
0 0 0.884708 0.024501 0.005372 0.000475 0.084944
0 0 0.866528 0.023459 0.001502 0.000047 0.108463
1 0 0.334523 0.383332 0.112570 0.001196 0.168380
1 1 0.142492 0.460075 0.279376 0.004301 0.113756
1 1 0.167709 0.423534 0.212671 0.004108 0.191978
4 4 0.035696 0.121040 0.053950 0.002836 0.786478
4 4 0.064803 0.238241 0.119593 0.003864 0.573500
4 4 0.049386 0.267038 0.169472 0.005245 0.508860
4 4 0.066890 0.080585 0.019752 0.001168 0.831605
4 4 0.101809 0.206146 0.074136 0.002584 0.615325
4 4 0.082991 0.068249 0.013859 0.000992 0.833909
4 4 0.054645 0.053592 0.012320 0.001309 0.878133
4 4 0.067570 0.234273 0.116481 0.004224 0.577452
4 4 0.182136 0.116835 0.022278 0.001151 0.677599
4 4 0.086815 0.155170 0.049976 0.002020 0.706019
4 4 0.082582 0.123220 0.036506 0.001991 0.755701
4 4 0.063078 0.082521 0.023054 0.001993 0.829354
4 4 0.069276 0.034069 0.004652 0.000351 0.891653
4 4 0.068420 0.189253 0.081651 0.003537 0.657139
4 4 0.027730 0.167942 0.097136 0.002923 0.704269
4 4 0.079523 0.114172 0.030334 0.001200 0.774771
4 4 0.047021 0.026691 0.004716 0.000695 0.920877
4 4 0.120915 0.084969 0.016365 0.001046 0.776705
4 4 0.154398 0.140766 0.032182 0.001401 0.671253
4 4 0.116240 0.217894 0.077502 0.002824 0.585540
4 4 0.131230 0.216438 0.075486 0.003367 0.573480
4 4 0.108109 0.101904 0.023904 0.001584 0.764499
4 4 0.052810 0.244397 0.139601 0.004508 0.558683
4 4 0.088467 0.101822 0.026030 0.001621 0.782060
4 4 0.117126 0.141087 0.038260 0.001941 0.701586
4 4 0.183637 0.046558 0.005259 0.000543 0.764004
4 4 0.078204 0.161227 0.056974 0.002412 0.701182
4 4 0.094104 0.252294 0.116116 0.004784 0.532702
4 4 0.076374 0.279869 0.149637 0.004961 0.489159
4 4 0.070311 0.198157 0.087611 0.003820 0.640100
4 4 0.045600 0.046753 0.010700 0.001144 0.895804
4 4 0.063804 0.079208 0.019213 0.001029 0.836747
4 4 0.142735 0.146754 0.037620 0.002003 0.670888
4 4 0.036857 0.213225 0.135428 0.005043 0.609447
4 4 0.066321 0.159337 0.060486 0.002524 0.711333
4 4 0.042057 0.278582 0.199616 0.006031 0.473714
4 4 0.099461 0.314517 0.163840 0.005420 0.416761
4 4 0.055449 0.306513 0.209190 0.006513 0.422335
1 4 0.056248 0.349295 0.249113 0.005366 0.339978
1 4 0.046481 0.355634 0.299563 0.007259 0.291063
1 4 0.297870 0.348487 0.173885 0.020444 0.159315
1 4 0.068210 0.411985 0.403654 0.012636 0.103515
2 2 0.069839 0.389986 0.392161 0.020760 0.127255
2 2 0.043250 0.385470 0.440927 0.013053 0.117300
1 2 0.065563 0.405740 0.405687 0.013923 0.109086
1 2 0.123320 0.377692 0.230392 0.009697 0.258899
0 2 0.345718 0.251334 0.067618 0.003588 0.331743
1 2 0.076074 0.404782 0.389430 0.016581 0.113133
2 2 0.055757 0.401610 0.421171 0.012616 0.108846
2 2 0.066319 0.399331 0.401965 0.016222 0.116163
2 2 0.056691 0.371696 0.413847 0.022565 0.135201
2 2 0.065114 0.397965 0.403350 0.016381 0.117191
2 2 0.045647 0.268016 0.461168 0.066249 0.158920
2 2 0.053719 0.286839 0.531062 0.032033 0.096347
1 2 0.085800 0.384794 0.369850 0.026772 0.132784
2 2 0.044656 0.263683 0.459236 0.070026 0.162399
2 2 0.074986 0.337086 0.428880 0.035092 0.123957
2 2 0.062035 0.279966 0.490858 0.050460 0.116681
1 3 0.096978 0.374819 0.348035 0.035379 0.144788
1 3 0.096379 0.389148 0.356514 0.027297 0.130662
2 3 0.126218 0.362581 0.408073 0.022216 0.080913
2 2 0.058183 0.355742 0.463737 0.018748 0.103590
2 2 0.059245 0.338105 0.474910 0.022975 0.104765
2 2 0.039247 0.215803 0.640568 0.035432 0.068950
2 2 0.041954 0.259253 0.544867 0.043102 0.110823
1 2 0.084763 0.387189 0.360779 0.024143 0.143125
2 2 0.057688 0.371136 0.405332 0.024369 0.141475
2 2 0.041616 0.274093 0.577034 0.023955 0.083302
2 2 0.028239 0.227613 0.622454 0.032821 0.088874
2 2 0.030060 0.191323 0.667433 0.040854 0.070331
2 2 0.007504 0.067088 0.878636 0.027402 0.019369
2 2 0.009999 0.068585 0.864028 0.036971 0.020417
2 2 0.015988 0.091380 0.799413 0.059108 0.034112
2 2 0.011046 0.068564 0.851605 0.046555 0.022231
2 2 0.010948 0.074790 0.836985 0.050109 0.027168
2 2 0.011883 0.066908 0.867093 0.036559 0.017557
2 2 0.009867 0.055204 0.817076 0.092236 0.025617
2 2 0.015348 0.065246 0.748335 0.135565 0.035506
2 2 0.018301 0.089568 0.722012 0.120712 0.049407
2 2 0.014037 0.079333 0.786279 0.083994 0.036357
2 2 0.022172 0.074176 0.685454 0.174852 0.043346
2 2 0.021808 0.031981 0.515645 0.400973 0.029593
2 2 0.032626 0.063707 0.517132 0.328669 0.057867
2 2 0.028670 0.085166 0.618853 0.209049 0.058263
2 2 0.015451 0.023549 0.563738 0.376756 0.020507
3 2 0.016034 0.011193 0.292493 0.663173 0.017107
2 2 0.015619 0.022245 0.540711 0.401098 0.020327
3 2 0.018975 0.018197 0.386210 0.554176 0.022441
3 2 0.029859 0.038998 0.442509 0.448212 0.040422
3 2 0.012850 0.004670 0.133544 0.837529 0.011407
3 2 0.011944 0.002362 0.052923 0.923594 0.009177
3 2 0.019586 0.007827 0.135346 0.818647 0.018594
3 2 0.023168 0.005726 0.061434 0.889583 0.020089
3 3 0.017780 0.003629 0.049166 0.915065 0.014361
3 3 0.008192 0.000977 0.025485 0.959926 0.005421
3 3 0.013880 0.002379 0.039881 0.933351 0.010508
3 3 0.008726 0.001086 0.026891 0.957431 0.005867
3 3 0.006089 0.000594 0.019794 0.969782 0.003741
3 3 0.014983 0.003138 0.054181 0.915753 0.011946
3 3 0.006148 0.000604 0.019957 0.969505 0.003786
3 3 0.005373 0.000482 0.017791 0.973154 0.003200
3 3 0.004628 0.000376 0.015661 0.976680 0.002656
3 3 0.009897 0.001343 0.029931 0.951959 0.006870
3 3 0.010788 0.001553 0.032206 0.947799 0.007655
3 3 0.010866 0.001572 0.032404 0.947434 0.007725
3 3 0.010194 0.001411 0.030692 0.950574 0.007130
3 3 0.010754 0.001544 0.032118 0.947959 0.007624
3 3 0.007186 0.000784 0.022795 0.964633 0.004602
3 3 0.008381 0.001015 0.025983 0.959043 0.005578
3 3 0.007477 0.000838 0.023577 0.963273 0.004835
3 3 0.005316 0.000474 0.017629 0.973424 0.003157
3 3 0.011880 0.001827 0.034953 0.942699 0.008640
3 3 0.008239 0.000986 0.025609 0.959706 0.005460
3 3 0.005906 0.000565 0.019284 0.970645 0.003601
3 3 0.009464 0.001245 0.028813 0.953983 0.006495
3 3 0.006609 0.000681 0.021224 0.967342 0.004144
3 3 0.007017 0.000753 0.022336 0.965428 0.004466
3 3 0.005580 0.000514 0.018373 0.972179 0.003354
3 3 0.006459 0.000656 0.020814 0.968045 0.004027
3 3 0.004855 0.000407 0.016317 0.975600 0.002820
3 3 0.004687 0.000384 0.015833 0.976398 0.002698
3 3 0.003816 0.000272 0.013284 0.980540 0.002088
3 3 0.005560 0.000510 0.018317 0.972273 0.003339
3 3 0.005851 0.000556 0.019131 0.970903 0.003559
3 3 0.006361 0.000639 0.020546 0.968502 0.003951
3 3 0.005241 0.000462 0.017416 0.973779 0.003102
3 3 0.003812 0.000272 0.013273 0.980557 0.002086
3 3 0.003785 0.000269 0.013192 0.980688 0.002067
3 3 0.004512 0.000360 0.015328 0.977227 0.002573
3 3 0.003745 0.000264 0.013073 0.980878 0.002040
3 3 0.003398 0.000225 0.012031 0.982540 0.001807
3 3 0.003800 0.000271 0.013238 0.980614 0.002077
3 3 0.004360 0.000340 0.014886 0.977947 0.002466
3 3 0.004240 0.000325 0.014534 0.978521 0.002381
3 3 0.004864 0.000408 0.016341 0.975561 0.002826
3 3 0.005317 0.000474 0.017632 0.973420 0.003158
3 3 0.005084 0.000440 0.016972 0.974517 0.002987
3 3 0.004273 0.000329 0.014632 0.978360 0.002405
3 3 0.005612 0.000518 0.018463 0.972028 0.003378
3 3 0.003380 0.000223 0.011976 0.982626 0.001795
3 3 0.003786 0.000269 0.013195 0.980683 0.002067
3 3 0.004182 0.000317 0.014364 0.978796 0.002340
3 3 0.003478 0.000233 0.012271 0.982158 0.001860
3 3 0.003945 0.000288 0.013667 0.979924 0.002176
3 3 0.003862 0.000278 0.013420 0.980322 0.002119
3 3 0.005620 0.000520 0.018485 0.971991 0.003384
3 3 0.002945 0.000177 0.010645 0.984722 0.001512
3 3 0.004180 0.000317 0.014358 0.978807 0.002339
3 3 0.003428 0.000228 0.012120 0.982397 0.001827
3 3 0.003417 0.000227 0.012088 0.982449 0.001819
3 3 0.004142 0.000312 0.014246 0.978988 0.002312
3 3 0.003231 0.000207 0.011524 0.983342 0.001697
3 3 0.003466 0.000232 0.012237 0.982212 0.001852
3 3 0.003941 0.000288 0.013655 0.979943 0.002174
3 3 0.004102 0.000307 0.014129 0.979177 0.002285
3 3 0.005222 0.000460 0.017363 0.973868 0.003088
3 3 0.003421 0.000227 0.012101 0.982429 0.001822
3 3 0.011295 0.001678 0.033486 0.945432 0.008109
3 3 0.021709 0.005116 0.058167 0.896514 0.018495
3 3 0.024534 0.012529 0.177362 0.760276 0.025300
3 3 0.013716 0.006930 0.206444 0.759646 0.013265
2 3 0.014690 0.017406 0.483657 0.466256 0.017991
2 2 0.018835 0.281789 0.448752 0.037825 0.212799
2 2 0.030107 0.178267 0.581269 0.096948 0.113409
2 2 0.017873 0.048024 0.673615 0.227458 0.033030
2 2 0.025643 0.266531 0.465611 0.051789 0.190427
2 2 0.020445 0.225802 0.540482 0.055487 0.157783
2 2 0.019463 0.178631 0.617436 0.068674 0.115796
2 2 0.019753 0.282360 0.443943 0.039519 0.214424
2 2 0.011184 0.262345 0.370551 0.009932 0.345988
2 2 0.009939 0.270296 0.509071 0.020982 0.189712
2 2 0.024906 0.211885 0.542671 0.072608 0.147930
2 2 0.022108 0.333722 0.480958 0.015993 0.147218
2 2 0.036354 0.318543 0.436765 0.035565 0.172774
2 2 0.027316 0.314036 0.422459 0.026380 0.209809
2 2 0.017263 0.303339 0.482083 0.021936 0.175379
2 2 0.011645 0.274084 0.485351 0.022579 0.206341
4 4 0.015286 0.250780 0.293132 0.009679 0.431123
2 4 0.036931 0.341488 0.422445 0.025285 0.173851
2 4 0.017883 0.294561 0.387539 0.013458 0.286560
2 4 0.014382 0.278037 0.458363 0.025924 0.223294
2 4 0.018233 0.316245 0.487896 0.017848 0.159778
2 4 0.014244 0.275009 0.411492 0.018369 0.280886
2 4 0.037899 0.330108 0.352640 0.018063 0.261290
2 4 0.009172 0.268460 0.516152 0.019482 0.186734
2 4 0.012031 0.284503 0.477082 0.016801 0.209582
2 4 0.009074 0.269107 0.505487 0.017498 0.198834
2 4 0.019005 0.258169 0.497228 0.042120 0.183478
2 4 0.013398 0.281934 0.488249 0.024581 0.191837
2 4 0.013122 0.236892 0.593648 0.025111 0.131226
2 4 0.013211 0.282865 0.490934 0.023627 0.189363
2 4 0.024875 0.254952 0.645685 0.012035 0.062453
2 4 0.022562 0.257151 0.610416 0.019007 0.090863
2 4 0.027787 0.231078 0.624141 0.029968 0.087026
2 4 0.028962 0.177535 0.723417 0.024859 0.045227
1 2 0.087761 0.420197 0.346409 0.010538 0.135096
2 2 0.051816 0.366125 0.392706 0.021278 0.168076
2 2 0.028565 0.224010 0.672118 0.017891 0.057417
2 2 0.019871 0.151488 0.762669 0.024296 0.041676
2 2 0.009904 0.078178 0.858021 0.030925 0.022971
2 2 0.012093 0.090326 0.832379 0.036296 0.028907
2 2 0.012811 0.100937 0.820147 0.033745 0.032360
2 2 0.015558 0.109470 0.807196 0.034241 0.033536
2 2 0.024400 0.181144 0.704387 0.030633 0.059436
1 2 0.163409 0.433082 0.292537 0.011041 0.099930
1 2 0.195760 0.423671 0.286364 0.014730 0.079474
2 2 0.057877 0.319003 0.475684 0.031416 0.116020
2 2 0.044741 0.333918 0.457873 0.027044 0.136425
2 2 0.029346 0.182914 0.707875 0.028319 0.051546
2 2 0.026408 0.187582 0.655808 0.048245 0.081957
2 2 0.012972 0.109663 0.790348 0.043408 0.043610
2 2 0.026321 0.169332 0.705472 0.039657 0.059218
2 2 0.031842 0.129743 0.692376 0.089880 0.056159
2 2 0.025892 0.128531 0.727465 0.067080 0.051032
2 2 0.018298 0.136137 0.712498 0.064796 0.068270
2 2 0.015223 0.097040 0.778814 0.066684 0.042239
2 2 0.024320 0.065117 0.642792 0.224698 0.043073
2 2 0.020162 0.114814 0.695261 0.104173 0.065590
2 2 0.027698 0.188532 0.637582 0.056490 0.089699
2 2 0.040990 0.171577 0.563342 0.120953 0.103139
1 2 0.143705 0.418620 0.323234 0.017934 0.096507
1 2 0.105155 0.425486 0.360780 0.013675 0.094904
1 2 0.090009 0.406684 0.371873 0.018424 0.113010
2 2 0.057583 0.411185 0.421032 0.010509 0.099691
2 2 0.023504 0.106574 0.674362 0.133089 0.062470
2 2 0.017081 0.106231 0.756847 0.071399 0.048441
2 2 0.012596 0.091529 0.830276 0.036586 0.029014
2 2 0.018247 0.098622 0.790728 0.057149 0.035253
2 2 0.019026 0.110601 0.797423 0.039680 0.033271
2 2 0.012234 0.063391 0.830610 0.069989 0.023776
2 2 0.042494 0.266229 0.609352 0.017931 0.063994
2 2 0.028658 0.160244 0.715641 0.042389 0.053067
2 2 0.039628 0.237541 0.605223 0.035081 0.082527
2 2 0.024385 0.115310 0.730230 0.080765 0.049310
2 2 0.029819 0.129256 0.720484 0.071112 0.049328
2 2 0.031325 0.107562 0.720890 0.097463 0.042760
2 2 0.026851 0.121459 0.738115 0.068046 0.045529
2 2 0.026067 0.118842 0.702847 0.095859 0.056385
2 2 0.023645 0.122434 0.724096 0.076093 0.053732
2 2 0.021290 0.087099 0.700260 0.142782 0.048568
2 2 0.017841 0.093779 0.725480 0.111478 0.051422
2 2 0.026492 0.146391 0.697524 0.066222 0.063371
1 2 0.189136 0.343918 0.341017 0.035664 0.090265
1 0 0.209143 0.419995 0.258916 0.012698 0.099248
0 0 0.390213 0.350389 0.137385 0.007588 0.114425
2 0 0.064177 0.260837 0.547241 0.042096 0.085649
2 2 0.052941 0.108143 0.463424 0.287850 0.087642
2 2 0.046162 0.245897 0.612652 0.027163 0.068126
2 2 0.028778 0.115380 0.639089 0.147486 0.069268
2 2 0.018022 0.077063 0.739961 0.125594 0.039360
2 2 0.026428 0.103356 0.658817 0.150836 0.060563
2 2 0.022023 0.143954 0.741731 0.041786 0.050507
2 2 0.032357 0.145956 0.707890 0.060923 0.052874
2 2 0.027362 0.132481 0.705684 0.077093 0.057379
2 2 0.018361 0.063975 0.720701 0.162055 0.034908
0 2 0.356369 0.344279 0.141715 0.010317 0.147321
2 2 0.049616 0.222203 0.570846 0.062731 0.094603
2 2 0.017301 0.084256 0.732712 0.120055 0.045675
2 2 0.018332 0.056084 0.712856 0.181780 0.030948
2 2 0.024272 0.136579 0.693075 0.079459 0.066615
2 2 0.022783 0.055198 0.643217 0.242432 0.036370
0 2 0.841123 0.057727 0.030019 0.003921 0.067210
0 0 0.870983 0.043839 0.014326 0.001301 0.069551
1 0 0.207001 0.386771 0.215790 0.013876 0.176563
1 2 0.080254 0.401672 0.384990 0.018142 0.114942
2 2 0.044495 0.303872 0.503797 0.030073 0.117762
2 4 0.063393 0.364650 0.445480 0.019362 0.107116
1 4 0.124021 0.451906 0.346252 0.007796 0.070025
1 4 0.069254 0.410575 0.406914 0.012480 0.100777
2 4 0.048807 0.310058 0.495439 0.029830 0.115867
2 4 0.046903 0.375974 0.431297 0.017315 0.128511
2 2 0.031900 0.168000 0.630053 0.083398 0.086648
2 2 0.026625 0.137786 0.684870 0.084084 0.066635
2 2 0.028974 0.139606 0.618211 0.125774 0.087435
2 2 0.032992 0.140777 0.726746 0.054209 0.045276
2 2 0.060873 0.314616 0.514238 0.022979 0.087294
1 2 0.158052 0.461713 0.292812 0.005282 0.082142
1 2 0.346817 0.379711 0.138244 0.003575 0.131653
1 2 0.113044 0.465808 0.356817 0.005074 0.059257
1 4 0.065571 0.422687 0.410716 0.009367 0.091659
2 4 0.042124 0.327139 0.495115 0.021574 0.114048
1 4 0.083271 0.397214 0.385122 0.019432 0.114963
2 4 0.043462 0.331391 0.518834 0.015357 0.090956
2 4 0.024021 0.196659 0.677155 0.031176 0.070990
2 4 0.038926 0.275627 0.575918 0.023330 0.086198
2 2 0.024089 0.162424 0.712536 0.041462 0.059489
2 2 0.012190 0.094014 0.809943 0.047346 0.036507
2 2 0.024411 0.122265 0.706925 0.088170 0.058230
2 2 0.016578 0.106130 0.750887 0.075345 0.051059
2 2 0.019559 0.153036 0.769819 0.019838 0.037747
2 2 0.114421 0.366568 0.398041 0.025299 0.095672
1 2 0.073401 0.448724 0.402647 0.005470 0.069758
1 2 0.142405 0.421815 0.258590 0.007684 0.169506
1 2 0.069474 0.427592 0.405810 0.008897 0.088228
2 2 0.058941 0.327227 0.510451 0.018772 0.084608
2 2 0.020516 0.134543 0.727358 0.059058 0.058525
2 2 0.031215 0.213186 0.638124 0.037403 0.080072
2 2 0.029807 0.225295 0.616265 0.037094 0.091540
2 2 0.021341 0.126385 0.673905 0.103194 0.075175
2 2 0.035257 0.240584 0.561188 0.048512 0.114459
2 2 0.019123 0.104765 0.736195 0.088712 0.051206
2 2 0.031054 0.243648 0.613192 0.027224 0.084881
2 2 0.043048 0.241790 0.581001 0.041973 0.092188
2 2 0.063332 0.263235 0.521300 0.051026 0.101107
1 2 0.152288 0.450715 0.281663 0.005982 0.109352
1 2 0.114742 0.414732 0.347817 0.018173 0.104537
1 2 0.165099 0.436680 0.243302 0.005345 0.149574
1 2 0.065763 0.413296 0.407903 0.011762 0.101276
2 2 0.066613 0.381895 0.444995 0.013947 0.092551
2 2 0.026367 0.341155 0.467407 0.017498 0.147573
2 2 0.042012 0.358240 0.469516 0.015889 0.114344
2 2 0.031898 0.251595 0.534969 0.047937 0.133601
1 2 0.110349 0.415548 0.339346 0.015852 0.118904
0 0 0.555529 0.235442 0.051167 0.002063 0.155800
1 0 0.347900 0.353179 0.135368 0.006532 0.157020
1 0 0.119408 0.421408 0.285977 0.008699 0.164508
