0 0 0.406853 0.253698 0.134809 0.016287 0.188353
1 0 0.239872 0.346654 0.175539 0.020523 0.217412
1 0 0.048875 0.541322 0.262619 0.010387 0.136798
1 1 0.024449 0.569847 0.282396 0.008727 0.114581
4 1 0.127848 0.296807 0.231907 0.045093 0.298346
0 1 0.496938 0.162156 0.088692 0.027550 0.224665
1 1 0.020405 0.553497 0.301878 0.009261 0.114959
1 1 0.016137 0.485562 0.383761 0.008723 0.105818
1 1 0.010875 0.490376 0.394621 0.008047 0.096080
1 1 0.006834 0.492769 0.405868 0.007541 0.086988
2 2 0.006029 0.337638 0.564328 0.008287 0.083718
2 2 0.002943 0.120882 0.824631 0.013190 0.038354
2 2 0.006487 0.264567 0.648343 0.007279 0.073324
2 2 0.006993 0.311553 0.585900 0.008785 0.086769
2 2 0.002976 0.056074 0.897438 0.009761 0.033752
2 2 0.007870 0.065550 0.828547 0.042329 0.055703
2 2 0.008692 0.063800 0.802762 0.072478 0.052269
2 3 0.004114 0.009502 0.799147 0.177024 0.010212
2 3 0.007052 0.074839 0.814423 0.055300 0.048385
2 3 0.005650 0.006190 0.620063 0.358465 0.009631
2 3 0.008478 0.011066 0.638239 0.324999 0.017218
2 3 0.008176 0.013271 0.491371 0.471594 0.015589
3 3 0.007832 0.004323 0.145031 0.837508 0.005307
3 3 0.010901 0.007151 0.413441 0.555972 0.012535
2 3 0.015370 0.079209 0.714415 0.108354 0.082651
2 2 0.030942 0.371179 0.475617 0.009129 0.113133
1 2 0.014135 0.456922 0.410707 0.009659 0.108576
2 2 0.019185 0.077743 0.795939 0.023812 0.083320
2 2 0.012442 0.372270 0.482164 0.012964 0.120160
2 2 0.009263 0.346464 0.571446 0.004955 0.067871
2 2 0.002973 0.035885 0.917047 0.017830 0.026264
2 2 0.002871 0.028060 0.928130 0.020276 0.020663
2 2 0.001764 0.014523 0.949849 0.022218 0.011646
2 3 0.002531 0.007879 0.922125 0.056876 0.010589
2 3 0.005526 0.008334 0.666571 0.307803 0.011765
3 3 0.010084 0.013807 0.354942 0.604455 0.016713
3 3 0.004605 0.004594 0.445958 0.539195 0.005648
2 3 0.004740 0.007060 0.510557 0.469729 0.007914
3 3 0.010691 0.006200 0.206128 0.768151 0.008830
3 3 0.007530 0.003960 0.108622 0.875694 0.004194
3 3 0.011358 0.011797 0.298502 0.664864 0.013479
3 3 0.010980 0.007168 0.143811 0.829233 0.008809
3 3 0.010762 0.006271 0.097153 0.879226 0.006589
3 3 0.007656 0.004008 0.125830 0.858032 0.004475
3 3 0.008313 0.005065 0.148680 0.831785 0.006157
3 3 0.005862 0.003161 0.112242 0.875175 0.003560
3 3 0.005267 0.002311 0.052202 0.938542 0.001677
3 3 0.007159 0.006243 0.202246 0.777781 0.006571
3 3 0.007511 0.003889 0.074807 0.910274 0.003519
3 3 0.003429 0.001474 0.061312 0.932607 0.001179
3 3 0.005156 0.002556 0.068885 0.921135 0.002268
3 3 0.008019 0.004318 0.097961 0.885267 0.004435
3 3 0.009258 0.004917 0.080464 0.900810 0.004552
3 3 0.006884 0.003621 0.136787 0.848458 0.004250
3 3 0.009511 0.004956 0.077903 0.903179 0.004451
3 3 0.005394 0.002655 0.065223 0.924445 0.002283
3 3 0.006327 0.003113 0.066492 0.921425 0.002643
3 3 0.005664 0.002498 0.053226 0.936794 0.001818
3 3 0.005400 0.002830 0.073400 0.915702 0.002669
3 3 0.009079 0.004872 0.081855 0.899606 0.004588
3 3 0.010909 0.006206 0.093124 0.883474 0.006286
3 3 0.011142 0.005147 0.063351 0.916536 0.003824
3 3 0.008389 0.003676 0.055330 0.930028 0.002577
3 3 0.011262 0.005919 0.080789 0.896708 0.005322
3 3 0.006504 0.002817 0.052364 0.936338 0.001977
3 3 0.005838 0.002610 0.054862 0.934756 0.001934
3 3 0.007330 0.003133 0.051847 0.935553 0.002137
3 3 0.004974 0.002151 0.050384 0.940958 0.001534
3 3 0.009331 0.003917 0.051659 0.932535 0.002557
3 3 0.009315 0.004324 0.062542 0.920541 0.003277
3 3 0.009263 0.004501 0.068141 0.914442 0.003653
3 3 0.008342 0.003578 0.053051 0.932599 0.002430
3 3 0.010399 0.004948 0.066430 0.914364 0.003860
3 3 0.007325 0.003374 0.059802 0.926927 0.002572
3 3 0.007737 0.003882 0.073481 0.911505 0.003395
3 3 0.011315 0.004938 0.056993 0.923384 0.003369
3 3 0.009879 0.004332 0.056554 0.926230 0.003005
3 3 0.009516 0.004543 0.066139 0.916216 0.003585
3 3 0.009867 0.004146 0.052114 0.931175 0.002700
3 3 0.008509 0.003431 0.047247 0.938690 0.002123
3 3 0.007265 0.003134 0.052725 0.934706 0.002169
3 3 0.008605 0.004175 0.067355 0.916466 0.003400
3 3 0.006024 0.002681 0.054586 0.934741 0.001968
3 3 0.006496 0.002606 0.045173 0.944094 0.001631
3 3 0.007462 0.003088 0.048830 0.938616 0.002005
3 3 0.005564 0.002473 0.053910 0.936229 0.001823
3 3 0.008534 0.003987 0.062649 0.921758 0.003072
3 3 0.007918 0.003471 0.054948 0.931219 0.002444
3 3 0.006105 0.002304 0.039828 0.950439 0.001324
3 3 0.011198 0.006115 0.086646 0.890221 0.005820
3 3 0.005408 0.002137 0.042835 0.948294 0.001326
3 3 0.011403 0.006268 0.090683 0.885556 0.006089
3 3 0.009486 0.004277 0.059332 0.923803 0.003102
3 3 0.010490 0.004907 0.064398 0.916475 0.003730
3 3 0.007380 0.003576 0.073688 0.912289 0.003067
3 3 0.006656 0.002796 0.049516 0.939161 0.001871
3 3 0.008834 0.003783 0.053303 0.931524 0.002554
3 3 0.009560 0.004229 0.057269 0.925963 0.002979
3 3 0.009014 0.003811 0.052145 0.932508 0.002521
3 3 0.006787 0.003024 0.055584 0.932399 0.002206
3 3 0.008097 0.003578 0.055951 0.929828 0.002546
3 3 0.007523 0.003085 0.048041 0.939375 0.001975
3 3 0.005693 0.002126 0.038659 0.952313 0.001209
3 3 0.007075 0.002836 0.045619 0.942706 0.001763
3 3 0.006518 0.002686 0.047599 0.941446 0.001750
3 3 0.019194 0.011293 0.105070 0.852904 0.011539
2 3 0.025724 0.063095 0.492779 0.372174 0.046228
2 3 0.014901 0.068693 0.653277 0.204428 0.058702
2 3 0.015051 0.054475 0.597009 0.282539 0.050927
2 3 0.009459 0.025494 0.636436 0.302892 0.025720
2 1 0.023160 0.255457 0.627117 0.007003 0.087264
1 1 0.031194 0.418867 0.411424 0.010949 0.127566
2 1 0.027555 0.420540 0.430922 0.008857 0.112127
1 1 0.036395 0.422553 0.400527 0.010827 0.129699
2 1 0.027712 0.388521 0.462515 0.009093 0.112159
1 1 0.037274 0.445785 0.415370 0.005961 0.095611
2 1 0.038411 0.385174 0.464201 0.007386 0.104829
2 1 0.055966 0.364482 0.453954 0.008432 0.117166
2 1 0.085397 0.304570 0.495223 0.006947 0.107863
1 1 0.179274 0.417848 0.293485 0.009700 0.099694
1 1 0.103513 0.551317 0.225048 0.006141 0.113982
1 1 0.203017 0.446837 0.191522 0.009452 0.149172
1 1 0.327740 0.378015 0.151735 0.007667 0.134843
0 0 0.643235 0.139980 0.064501 0.012004 0.140281
1 0 0.294413 0.444868 0.156976 0.004173 0.099569
0 0 0.412409 0.347255 0.127137 0.005097 0.108103
0 0 0.578040 0.227936 0.085783 0.005397 0.102844
0 0 0.860894 0.070452 0.027364 0.003762 0.037528
0 0 0.678334 0.194208 0.062154 0.002342 0.062962
0 0 0.470189 0.355621 0.106505 0.001988 0.065697
1 0 0.328196 0.461481 0.139481 0.002047 0.068795
1 0 0.219823 0.538339 0.168372 0.002214 0.071251
1 0 0.236152 0.539372 0.159768 0.001740 0.062968
1 0 0.328493 0.438235 0.144708 0.003110 0.085454
1 0 0.215384 0.542854 0.169211 0.002167 0.070382
1 0 0.186108 0.544367 0.183510 0.003019 0.082995
1 0 0.202611 0.530139 0.179151 0.003128 0.084971
1 0 0.147368 0.579297 0.193676 0.002700 0.076960
1 0 0.164649 0.558874 0.190473 0.003064 0.082940
1 0 0.115221 0.584470 0.210322 0.003523 0.086464
1 0 0.224986 0.504751 0.174753 0.003605 0.091904
1 0 0.110463 0.611646 0.204391 0.002440 0.071061
1 0 0.123692 0.583664 0.205663 0.003268 0.083714
1 0 0.089943 0.604724 0.219639 0.003367 0.082327
1 0 0.138347 0.522772 0.211680 0.006518 0.120684
1 0 0.128450 0.582384 0.203330 0.003169 0.082668
1 0 0.150877 0.545181 0.201069 0.004329 0.098544
1 0 0.210682 0.519436 0.177964 0.003374 0.088544
1 0 0.105259 0.584721 0.216123 0.003873 0.090024
1 0 0.034604 0.580610 0.268416 0.007254 0.109116
1 0 0.095745 0.570528 0.225467 0.005133 0.103127
1 0 0.113031 0.564262 0.216883 0.004776 0.101047
1 0 0.198188 0.421621 0.193798 0.012884 0.173510
1 0 0.102040 0.511859 0.231629 0.009851 0.144621
1 0 0.096527 0.576160 0.223631 0.004730 0.098953
1 0 0.171750 0.502022 0.199112 0.006324 0.120791
1 0 0.193930 0.483230 0.191980 0.006593 0.124267
1 0 0.123218 0.526665 0.218683 0.007054 0.124380
1 0 0.207484 0.468343 0.188101 0.007056 0.129016
1 0 0.129908 0.555739 0.209593 0.004580 0.100180
1 0 0.130315 0.518624 0.216278 0.007330 0.127453
1 0 0.184302 0.514155 0.191358 0.004798 0.105385
1 0 0.150818 0.502729 0.208558 0.007492 0.130403
1 0 0.169409 0.479772 0.202753 0.008443 0.139623
1 0 0.116068 0.501169 0.225356 0.009989 0.147418
1 0 0.308805 0.347018 0.156833 0.012953 0.174391
0 0 0.426742 0.295342 0.123748 0.009346 0.144823
0 0 0.861771 0.065955 0.024014 0.002721 0.045539
1 0 0.180442 0.427152 0.200292 0.013760 0.178355
1 0 0.094194 0.524667 0.234537 0.009059 0.137544
1 0 0.159405 0.520700 0.201825 0.005558 0.112511
1 0 0.066166 0.575771 0.243377 0.006141 0.108545
1 1 0.056822 0.514697 0.259238 0.013054 0.156190
1 1 0.032070 0.481468 0.282053 0.020877 0.183532
1 1 0.023712 0.455502 0.291334 0.027551 0.201901
1 1 0.035400 0.484542 0.278558 0.019913 0.181588
1 1 0.037116 0.425913 0.272822 0.032684 0.231465
1 1 0.018145 0.461718 0.300504 0.026893 0.192740
1 1 0.034266 0.440271 0.277362 0.029533 0.218568
1 1 0.027911 0.431983 0.283513 0.032779 0.223814
1 1 0.019008 0.439275 0.297151 0.032455 0.212110
1 1 0.037787 0.405476 0.268985 0.038257 0.249494
1 1 0.026974 0.414733 0.282160 0.037842 0.238291
1 1 0.028471 0.424936 0.281897 0.034595 0.230102
1 1 0.043358 0.377450 0.258373 0.045809 0.275010
1 1 0.044753 0.333580 0.245052 0.061967 0.314648
1 1 0.029723 0.388157 0.273726 0.045660 0.262735
1 1 0.038381 0.376508 0.262364 0.047395 0.275352
1 1 0.034399 0.427259 0.275684 0.032830 0.229827
4 4 0.154346 0.195958 0.149085 0.095846 0.404764
1 4 0.037583 0.407160 0.269474 0.037805 0.247978
4 4 0.126672 0.167268 0.139397 0.127298 0.439365
4 4 0.093011 0.225082 0.177995 0.100284 0.403628
1 4 0.031282 0.381751 0.270541 0.047455 0.268970
1 4 0.045571 0.432855 0.266242 0.029454 0.225878
1 4 0.026572 0.441412 0.286265 0.030556 0.215194
1 4 0.040288 0.369865 0.259064 0.049221 0.281563
1 4 0.042155 0.342025 0.249707 0.059293 0.306820
4 4 0.114196 0.184702 0.151667 0.119152 0.430284
4 4 0.110520 0.194334 0.157673 0.113674 0.423799
4 4 0.126672 0.167268 0.139397 0.127298 0.439365
4 4 0.126672 0.167268 0.139397 0.127298 0.439365
4 4 0.126672 0.167268 0.139397 0.127298 0.439365
1 4 0.020549 0.430981 0.293609 0.034461 0.220400
1 4 0.037329 0.388184 0.265990 0.043735 0.264763
1 4 0.034348 0.374362 0.265607 0.049232 0.276452
1 0 0.026093 0.403950 0.281352 0.041367 0.247238
1 0 0.015364 0.460669 0.305765 0.027529 0.190674
1 0 0.035990 0.409585 0.271411 0.037432 0.245583
1 0 0.103758 0.522134 0.229554 0.008674 0.135880
1 0 0.072331 0.564337 0.241590 0.006738 0.115005
1 0 0.147995 0.406190 0.211194 0.020626 0.213995
1 0 0.139614 0.471364 0.216198 0.011590 0.161234
1 0 0.102729 0.436285 0.232467 0.020623 0.207896
1 0 0.054528 0.539795 0.258350 0.010170 0.137157
1 0 0.058385 0.489587 0.259274 0.016554 0.176200
1 0 0.089281 0.475095 0.240432 0.015656 0.179537
0 0 0.474241 0.212625 0.104130 0.017947 0.191057
1 0 0.077068 0.457722 0.246968 0.019840 0.198401
1 0 0.040992 0.463729 0.272683 0.023257 0.199338
1 0 0.059890 0.439019 0.256358 0.025807 0.218926
1 0 0.070723 0.461354 0.250876 0.019946 0.197102
1 0 0.186620 0.400388 0.197008 0.017186 0.198798
1 0 0.225283 0.373487 0.182586 0.017412 0.201232
1 0 0.088211 0.467600 0.240999 0.016925 0.186266
1 0 0.066208 0.421929 0.250487 0.028702 0.232674
1 0 0.061847 0.399051 0.249784 0.035260 0.254058
1 0 0.065811 0.440842 0.252687 0.024567 0.216093
1 0 0.110538 0.520946 0.226079 0.008347 0.134089
4 0 0.277134 0.204288 0.132124 0.056155 0.330299
1 0 0.085395 0.443268 0.241603 0.021476 0.208258
1 0 0.035926 0.478834 0.277978 0.020919 0.186342
1 1 0.045034 0.423943 0.265574 0.031764 0.233684
1 1 0.102143 0.427601 0.232099 0.022335 0.215822
1 1 0.066167 0.517010 0.252485 0.011987 0.152351
1 1 0.071678 0.440851 0.249114 0.023752 0.214605
1 1 0.037058 0.459500 0.276139 0.024684 0.202618
1 1 0.065120 0.477686 0.254758 0.017766 0.184669
1 1 0.048173 0.464274 0.266625 0.022201 0.198727
1 1 0.009577 0.502109 0.319970 0.019031 0.149312
1 1 0.009586 0.502032 0.319947 0.019046 0.149389
2 1 0.004912 0.280824 0.626066 0.008568 0.079631
2 1 0.006615 0.417871 0.469214 0.009759 0.096542
2 1 0.001783 0.043439 0.932184 0.002056 0.020539
2 2 0.004601 0.142100 0.800709 0.004545 0.048045
2 2 0.001379 0.065955 0.908357 0.002736 0.021573
2 2 0.001215 0.053389 0.926001 0.001594 0.017800
2 2 0.002760 0.112204 0.845138 0.003460 0.036437
2 2 0.014639 0.364872 0.560204 0.003130 0.057155
1 2 0.052645 0.553926 0.257691 0.008800 0.126938
1 2 0.070334 0.573457 0.241003 0.006116 0.109090
1 2 0.015819 0.487107 0.305410 0.021580 0.170084
2 2 0.012320 0.347898 0.475225 0.019093 0.145464
1 2 0.019335 0.440083 0.296683 0.032178 0.211720
1 2 0.027248 0.568680 0.279150 0.008721 0.116202
1 2 0.012381 0.480582 0.313035 0.023270 0.170732
1 2 0.009659 0.510176 0.331685 0.015221 0.133260
2 2 0.002614 0.101517 0.855888 0.003649 0.036332
2 2 0.001969 0.044249 0.929590 0.002244 0.021947
2 2 0.006313 0.139874 0.802144 0.004126 0.047542
2 2 0.022384 0.251605 0.596847 0.012267 0.116897
1 2 0.024758 0.566806 0.282633 0.009028 0.116774
1 2 0.019786 0.559064 0.324582 0.005944 0.090623
2 2 0.002096 0.072455 0.895989 0.002576 0.026884
2 2 0.001097 0.042218 0.940126 0.001360 0.015199
2 2 0.002333 0.070985 0.894319 0.002980 0.029384
2 2 0.000949 0.012368 0.975670 0.001902 0.009111
2 2 0.000940 0.021052 0.965491 0.001587 0.010930
2 2 0.010083 0.146785 0.774931 0.005890 0.062311
2 2 0.006003 0.085138 0.872778 0.002898 0.033183
2 2 0.002582 0.054919 0.911389 0.002995 0.028116
2 2 0.001923 0.031155 0.944476 0.002998 0.019448
2 2 0.002324 0.111773 0.853217 0.002708 0.029977
2 2 0.004340 0.089635 0.859694 0.004392 0.041939
2 2 0.001554 0.046599 0.930855 0.001876 0.019116
2 2 0.000914 0.020391 0.965458 0.002267 0.010970
2 2 0.002469 0.097092 0.862453 0.003465 0.034521
2 2 0.002732 0.036073 0.924862 0.009173 0.027160
2 2 0.002030 0.031675 0.939145 0.005840 0.021310
2 2 0.012439 0.184523 0.716622 0.007780 0.078636
2 2 0.001669 0.030625 0.941611 0.007698 0.018397
2 2 0.002407 0.034974 0.933803 0.004968 0.023848
2 2 0.001048 0.004482 0.937664 0.052150 0.004657
2 2 0.010299 0.155873 0.742517 0.009467 0.081844
2 2 0.002453 0.096686 0.860486 0.004957 0.035418
2 2 0.001076 0.025989 0.956776 0.002816 0.013343
2 2 0.002691 0.053262 0.907928 0.005989 0.030130
2 2 0.001600 0.037329 0.937692 0.004662 0.018717
2 2 0.001459 0.030812 0.941345 0.008212 0.018172
2 2 0.001595 0.055680 0.914661 0.005063 0.023001
2 2 0.002958 0.077943 0.870441 0.010345 0.038313
2 2 0.001319 0.029010 0.949846 0.003916 0.015910
2 3 0.004401 0.039659 0.889235 0.033015 0.033689
2 3 0.003734 0.016490 0.885571 0.073520 0.020685
2 3 0.003874 0.053862 0.887647 0.015047 0.039570
2 3 0.002152 0.054896 0.912403 0.004219 0.026329
2 3 0.010731 0.303945 0.603728 0.006110 0.075486
2 3 0.004494 0.251186 0.688721 0.004089 0.051510
2 2 0.006985 0.173822 0.730893 0.009365 0.078934
1 2 0.010588 0.457393 0.438220 0.006869 0.086930
2 2 0.002298 0.049320 0.914438 0.006724 0.027220
2 2 0.000845 0.026988 0.958235 0.002368 0.011563
2 2 0.004144 0.078230 0.863541 0.008927 0.045158
2 2 0.001687 0.032636 0.940506 0.005653 0.019517
2 2 0.001645 0.016593 0.959729 0.006887 0.015147
2 2 0.002843 0.058476 0.901904 0.005096 0.031681
2 2 0.005552 0.047503 0.891325 0.011233 0.044386
2 2 0.002501 0.024150 0.922776 0.033227 0.017345
2 2 0.004468 0.104444 0.839579 0.007371 0.044138
2 2 0.000945 0.015100 0.969401 0.004080 0.010473
2 2 0.000484 0.015572 0.975264 0.001735 0.006946
2 2 0.002866 0.125227 0.851552 0.001149 0.019206
2 2 0.002292 0.066023 0.898157 0.005251 0.028277
2 2 0.002196 0.017875 0.944883 0.018519 0.016527
2 2 0.001777 0.028870 0.945188 0.005171 0.018995
2 2 0.021871 0.282037 0.615748 0.005176 0.075168
2 2 0.011116 0.457810 0.473281 0.002881 0.054913
2 2 0.002887 0.081487 0.876676 0.003703 0.035248
2 2 0.008967 0.383367 0.496806 0.010062 0.100799
1 2 0.013724 0.545496 0.304385 0.011974 0.124421
2 2 0.005336 0.145293 0.772936 0.010447 0.065990
2 2 0.002091 0.053577 0.915857 0.003308 0.025167
2 2 0.007221 0.220273 0.724984 0.002916 0.044606
2 2 0.005251 0.118344 0.838821 0.002638 0.034947
2 2 0.005180 0.251872 0.690178 0.003608 0.049163
1 2 0.015120 0.569427 0.296817 0.009081 0.109557
1 2 0.047379 0.640439 0.238165 0.002940 0.071077
1 2 0.004488 0.449938 0.444926 0.009478 0.091171
2 2 0.003061 0.258327 0.676756 0.005320 0.056536
2 2 0.001105 0.016330 0.969022 0.002372 0.011171
2 2 0.000963 0.020802 0.965374 0.001752 0.011110
2 2 0.006711 0.210197 0.733742 0.003226 0.046124
2 2 0.001355 0.015721 0.966266 0.003884 0.012774
2 2 0.000715 0.012207 0.977130 0.002066 0.007882
1 2 0.017913 0.584491 0.326564 0.003479 0.067554
1 2 0.038468 0.578361 0.265133 0.007274 0.110765
1 2 0.021028 0.604507 0.277906 0.005772 0.090787
2 2 0.002701 0.214307 0.728109 0.004755 0.050129
2 2 0.000790 0.023015 0.962612 0.002755 0.010827
2 2 0.001638 0.077192 0.894231 0.002280 0.024660
2 2 0.001169 0.019633 0.963658 0.002965 0.012575
2 2 0.000754 0.019049 0.967172 0.003094 0.009930
2 2 0.003260 0.040175 0.916525 0.009054 0.030986
2 2 0.002637 0.029830 0.924681 0.020411 0.022440
2 2 0.001259 0.018025 0.962282 0.005165 0.013269
2 2 0.005297 0.191043 0.756157 0.003305 0.044198
1 2 0.100559 0.576896 0.221023 0.004514 0.097008
1 2 0.013215 0.516862 0.309310 0.016265 0.144349
2 2 0.002284 0.110313 0.849359 0.003349 0.034695
2 2 0.001150 0.043421 0.937386 0.001848 0.016195
1 2 0.011497 0.539624 0.377192 0.004004 0.067683
1 2 0.009634 0.599778 0.299884 0.006192 0.084512
1 2 0.016907 0.470186 0.388125 0.010121 0.114661
1 2 0.029814 0.640032 0.254853 0.003373 0.071929
1 2 0.028088 0.553641 0.280974 0.010305 0.126992
1 2 0.018296 0.573972 0.290291 0.008530 0.108911
1 1 0.013337 0.603879 0.297680 0.005119 0.079985
2 1 0.004731 0.259714 0.656824 0.007298 0.071433
1 1 0.008918 0.520960 0.368801 0.007903 0.093418
2 1 0.005891 0.369288 0.543301 0.006561 0.074959
2 2 0.009675 0.141860 0.763738 0.008734 0.075994
1 2 0.043083 0.643241 0.240786 0.002919 0.069970
1 2 0.035882 0.614556 0.257729 0.004653 0.087179
2 2 0.005599 0.158668 0.780017 0.004612 0.051104
2 2 0.016205 0.312088 0.618401 0.002592 0.050715
1 2 0.073925 0.618258 0.225922 0.003220 0.078675
1 2 0.085013 0.594103 0.226026 0.004109 0.090749
1 2 0.064714 0.598379 0.238657 0.004633 0.093617
1 2 0.099412 0.587217 0.218947 0.003955 0.090469
1 0 0.149257 0.542218 0.202556 0.004582 0.101387
1 0 0.162382 0.470331 0.206447 0.009922 0.150918
0 0 0.577377 0.147019 0.074623 0.019143 0.181838
0 0 0.647686 0.140037 0.063903 0.011467 0.136907
0 0 0.688053 0.120720 0.054771 0.010542 0.125913
0 0 0.698894 0.117805 0.052807 0.009854 0.120640
0 0 0.690409 0.120092 0.054345 0.010390 0.124764
0 0 0.780826 0.093692 0.037911 0.005443 0.082127
0 0 0.603950 0.236347 0.079237 0.003133 0.077333
0 0 0.766947 0.098047 0.040438 0.006096 0.088472
0 0 0.696689 0.118403 0.053207 0.009992 0.121709
1 0 0.121778 0.455191 0.224396 0.015389 0.183247
1 0 0.062425 0.553028 0.250521 0.008297 0.125728
1 0 0.048281 0.530291 0.264451 0.011736 0.145241
1 0 0.161629 0.469196 0.206832 0.010104 0.152239
1 0 0.185219 0.394889 0.197085 0.018262 0.204545
0 0 0.659657 0.128066 0.059903 0.012466 0.139908
1 0 0.262040 0.400687 0.172141 0.010092 0.155039
0 0 0.317462 0.224731 0.132634 0.039641 0.285533
1 0 0.208229 0.405419 0.189955 0.014197 0.182199
0 0 0.453721 0.208525 0.106628 0.021644 0.209482
0 0 0.624405 0.136609 0.066242 0.015116 0.157629
0 0 0.573552 0.153674 0.076739 0.018014 0.178021
0 0 0.408961 0.236165 0.120013 0.021450 0.213411
0 0 0.371497 0.178322 0.109560 0.045834 0.294787
0 0 0.432388 0.171704 0.099638 0.036011 0.260259
4 0 0.270788 0.225690 0.140717 0.048817 0.313988
1 0 0.130642 0.425409 0.219472 0.019242 0.205234
1 0 0.099770 0.480530 0.234792 0.013869 0.171039
1 0 0.102854 0.458159 0.233326 0.016875 0.188787
1 0 0.197836 0.316793 0.181583 0.033476 0.270312
1 0 0.203146 0.370571 0.189023 0.020510 0.216751
1 0 0.250817 0.335224 0.171081 0.021377 0.221500
1 0 0.218611 0.444610 0.185759 0.008564 0.142455
1 0 0.246181 0.357089 0.174962 0.017873 0.203894
1 0 0.161049 0.335125 0.195927 0.034803 0.273095
1 0 0.154679 0.414709 0.209344 0.018333 0.202936
1 0 0.136733 0.348750 0.206604 0.035346 0.272567
1 0 0.104114 0.470409 0.232768 0.014889 0.177821
1 0 0.147631 0.523730 0.206971 0.005941 0.115726
1 0 0.163116 0.438592 0.206992 0.013789 0.177511
1 0 0.245558 0.358052 0.175234 0.017777 0.203379
0 0 0.463557 0.229575 0.109008 0.015857 0.182003
1 0 0.251186 0.401917 0.175679 0.010824 0.160395
1 0 0.205810 0.412438 0.190980 0.013435 0.177336
1 0 0.176654 0.376719 0.198090 0.022666 0.225871
1 0 0.170366 0.399146 0.202514 0.019228 0.208747
1 0 0.176904 0.401547 0.200426 0.018065 0.203058
1 0 0.133231 0.381164 0.213695 0.027788 0.244122
1 0 0.073097 0.446445 0.248684 0.022445 0.209329
1 0 0.051308 0.406371 0.258104 0.035264 0.248953
1 0 0.033079 0.448662 0.279399 0.027711 0.211150
1 0 0.246367 0.384143 0.176838 0.013591 0.179061
0 0 0.495970 0.195296 0.097133 0.018886 0.192715
1 0 0.191501 0.435022 0.196215 0.011735 0.165526
0 0 0.306665 0.237784 0.138290 0.037392 0.279869
0 0 0.467520 0.166810 0.093726 0.031190 0.240755
1 0 0.131284 0.472349 0.219881 0.012164 0.164322
1 0 0.207662 0.406763 0.190192 0.014059 0.181324
0 0 0.451868 0.238184 0.112541 0.015608 0.181800
1 0 0.247468 0.396091 0.176841 0.011869 0.167731
0 0 0.496498 0.228194 0.102689 0.012431 0.160189
0 0 0.582068 0.210664 0.084147 0.006999 0.116122
1 0 0.187240 0.519329 0.188964 0.004336 0.100132
1 0 0.078082 0.520877 0.244462 0.010607 0.145972
1 0 0.133451 0.466491 0.219089 0.012727 0.168243
1 0 0.074904 0.537860 0.244415 0.009006 0.133815
0 0 0.391041 0.239955 0.123991 0.023073 0.221941
1 0 0.033234 0.539010 0.277378 0.011742 0.138636
1 0 0.029951 0.541819 0.280614 0.011609 0.136007
1 1 0.022828 0.538348 0.290065 0.012508 0.136252
1 1 0.049959 0.557646 0.259200 0.008592 0.124603
1 1 0.034925 0.555977 0.273071 0.009652 0.126374
1 1 0.024089 0.552738 0.286151 0.010627 0.126395
1 1 0.063426 0.572442 0.246065 0.006537 0.111531
1 1 0.024322 0.569437 0.282648 0.008775 0.114818
1 1 0.043987 0.556660 0.264408 0.009045 0.125900
1 1 0.053066 0.564553 0.255447 0.007759 0.119175
1 1 0.038130 0.540704 0.272212 0.011197 0.137756
1 1 0.010038 0.583397 0.304060 0.007658 0.094847
1 1 0.008852 0.582920 0.307315 0.007667 0.093245
1 1 0.017790 0.574942 0.296764 0.007700 0.102803
2 2 0.005605 0.360193 0.559380 0.005762 0.069060
2 2 0.006513 0.445741 0.446467 0.008838 0.092441
1 2 0.013169 0.568105 0.323042 0.006403 0.089282
2 2 0.004072 0.263183 0.691300 0.002459 0.038986
2 2 0.004093 0.184526 0.760451 0.004011 0.046918
2 2 0.009642 0.301850 0.642062 0.002327 0.044119
2 2 0.001402 0.041231 0.943915 0.001004 0.012448
2 2 0.001207 0.056649 0.924539 0.001320 0.016284
2 2 0.001768 0.049977 0.933368 0.000947 0.013941
2 2 0.002934 0.062061 0.915821 0.001201 0.017983
2 2 0.003592 0.140645 0.825863 0.001808 0.028092
2 2 0.001095 0.026096 0.962281 0.000757 0.009772
2 2 0.009941 0.243594 0.710263 0.001606 0.034595
2 2 0.024909 0.302544 0.591573 0.004967 0.076007
2 2 0.001901 0.107434 0.857928 0.002722 0.030015
2 2 0.001397 0.029272 0.951854 0.001966 0.015511
2 2 0.005472 0.190708 0.745497 0.004691 0.053632
2 2 0.002521 0.062022 0.903288 0.003046 0.029123
2 2 0.001466 0.049935 0.925006 0.003254 0.020339
2 2 0.001544 0.051149 0.925239 0.001917 0.020152
2 2 0.005131 0.137933 0.788624 0.007021 0.061291
2 2 0.003618 0.082070 0.869448 0.004471 0.040393
2 2 0.001300 0.026543 0.955637 0.002067 0.014454
2 0 0.023915 0.209907 0.720818 0.002688 0.042672
2 0 0.003688 0.128040 0.849083 0.000851 0.018338
2 0 0.005276 0.111701 0.853013 0.001817 0.028193
2 0 0.003260 0.073290 0.894001 0.003081 0.026368
2 2 0.001717 0.076129 0.896402 0.002369 0.023383
2 2 0.002830 0.100578 0.856530 0.004353 0.035709
2 2 0.003909 0.049147 0.915818 0.012484 0.018641
2 3 0.001429 0.006386 0.911965 0.075264 0.004956
2 3 0.001980 0.015874 0.936475 0.034954 0.010717
2 3 0.006229 0.014165 0.658934 0.306179 0.014492
2 3 0.002057 0.006931 0.869350 0.114974 0.006688
2 3 0.002583 0.005121 0.787864 0.198840 0.005592
2 3 0.003622 0.006029 0.646859 0.336645 0.006844
2 3 0.003531 0.005876 0.554162 0.430575 0.005855
2 3 0.008148 0.015456 0.612381 0.346444 0.017570
2 3 0.004357 0.004928 0.512428 0.472144 0.006143
3 3 0.006088 0.007153 0.309078 0.671136 0.006546
3 3 0.013335 0.008779 0.114970 0.853939 0.008977
3 3 0.007841 0.007792 0.307247 0.668091 0.009029
3 3 0.006017 0.007130 0.297430 0.683178 0.006246
3 3 0.004511 0.004599 0.309281 0.677343 0.004266
3 3 0.009363 0.013685 0.330768 0.632310 0.013874
3 3 0.005017 0.002891 0.157832 0.831199 0.003061
3 3 0.007661 0.003708 0.066059 0.919540 0.003032
3 3 0.008759 0.006933 0.114342 0.864112 0.005854
3 3 0.005401 0.002541 0.064349 0.925610 0.002099
3 3 0.010679 0.005682 0.082112 0.896307 0.005220
3 3 0.008653 0.004074 0.063654 0.920450 0.003170
3 3 0.005896 0.002519 0.050361 0.939479 0.001744
3 3 0.007939 0.004142 0.076412 0.907730 0.003777
3 3 0.009154 0.004723 0.076133 0.905799 0.004192
3 3 0.006899 0.003697 0.099744 0.886081 0.003579
3 3 0.009081 0.004623 0.074185 0.908086 0.004025
3 3 0.012423 0.006114 0.072302 0.904210 0.004952
3 3 0.006244 0.002721 0.052710 0.936392 0.001933
3 3 0.006493 0.003045 0.060933 0.927125 0.002404
3 3 0.008328 0.004243 0.073527 0.910179 0.003723
3 3 0.010736 0.004795 0.059153 0.921919 0.003397
3 3 0.011973 0.006975 0.094771 0.879484 0.006796
3 3 0.006730 0.002734 0.046482 0.942315 0.001739
3 3 0.006519 0.002668 0.046985 0.942106 0.001721
3 3 0.004291 0.001749 0.044079 0.948726 0.001155
3 3 0.007049 0.004015 0.094210 0.891039 0.003687
3 3 0.007011 0.003290 0.061601 0.925512 0.002586
3 3 0.005605 0.002396 0.050053 0.940281 0.001665
3 3 0.008316 0.004229 0.073250 0.910506 0.003700
3 3 0.009278 0.004623 0.071440 0.910766 0.003893
3 3 0.007731 0.003734 0.065870 0.919622 0.003042
3 3 0.007434 0.003478 0.061711 0.924667 0.002710
3 3 0.008970 0.004347 0.067549 0.915611 0.003523
3 3 0.006258 0.002760 0.053940 0.935046 0.001995
3 3 0.010116 0.005101 0.073827 0.906611 0.004345
3 3 0.005920 0.002631 0.054357 0.935160 0.001931
3 3 0.003925 0.001578 0.042431 0.951038 0.001028
3 3 0.008800 0.004144 0.063824 0.920009 0.003222
3 3 0.006441 0.002980 0.059330 0.928941 0.002308
3 3 0.010099 0.004964 0.070383 0.910481 0.004073
3 3 0.005098 0.002067 0.044663 0.946835 0.001338
3 3 0.007002 0.003221 0.059306 0.928014 0.002458
3 3 0.010070 0.005180 0.076581 0.903624 0.004546
3 3 0.006573 0.003028 0.058991 0.929081 0.002327
3 3 0.008528 0.003848 0.058622 0.926187 0.002815
3 3 0.007509 0.003321 0.055522 0.931270 0.002379
3 3 0.005746 0.002328 0.045301 0.945134 0.001492
3 3 0.005907 0.002526 0.050465 0.939349 0.001751
3 3 0.007855 0.004056 0.074821 0.909624 0.003643
3 3 0.003715 0.001839 0.062779 0.930029 0.001637
3 3 0.004993 0.002551 0.094520 0.895309 0.002627
3 3 0.005731 0.002987 0.073211 0.915288 0.002783
3 3 0.007024 0.004081 0.091912 0.892580 0.004403
3 3 0.007146 0.003977 0.116979 0.867343 0.004555
3 3 0.017437 0.012101 0.139075 0.815509 0.015878
2 3 0.021555 0.053682 0.508435 0.341592 0.074736
1 2 0.046392 0.450521 0.369563 0.012788 0.120736
2 2 0.010201 0.072581 0.795374 0.041836 0.080008
2 2 0.019250 0.102576 0.651523 0.091188 0.135464
2 2 0.013231 0.184250 0.664869 0.017004 0.120646
2 2 0.006416 0.068069 0.844457 0.022795 0.058263
2 2 0.001913 0.008423 0.900199 0.082131 0.007336
1 2 0.047095 0.492952 0.267833 0.017178 0.174943
2 2 0.011239 0.306448 0.530041 0.017716 0.134556
2 2 0.003502 0.130926 0.808594 0.007461 0.049516
2 2 0.005765 0.161015 0.755184 0.008127 0.069908
2 2 0.003012 0.141245 0.806034 0.004548 0.045161
1 2 0.016930 0.451133 0.302022 0.029680 0.200233
1 2 0.016744 0.480816 0.307341 0.022055 0.173043
1 2 0.025050 0.442704 0.288389 0.030488 0.213368
1 1 0.038578 0.354250 0.256310 0.055521 0.295341
1 1 0.037606 0.357703 0.258145 0.054476 0.292070
4 1 0.074321 0.256104 0.199020 0.089207 0.381348
1 1 0.030420 0.385267 0.272295 0.046466 0.265552
1 1 0.027827 0.396244 0.277672 0.043438 0.254820
4 1 0.063727 0.280613 0.214204 0.080044 0.361412
1 0 0.166460 0.450284 0.205596 0.011949 0.165711
4 0 0.075979 0.252527 0.196758 0.090589 0.384147
4 0 0.091016 0.222789 0.177500 0.102541 0.406154
4 0 0.087482 0.229372 0.181832 0.099822 0.401491
4 0 0.126672 0.167268 0.139397 0.127298 0.439365
4 0 0.075336 0.253908 0.197632 0.090054 0.383070
4 0 0.068618 0.268926 0.207033 0.084348 0.371076
4 0 0.126672 0.167268 0.139397 0.127298 0.439365
4 0 0.126672 0.167268 0.139397 0.127298 0.439365
4 0 0.152739 0.218713 0.159911 0.082947 0.385690
4 0 0.145621 0.171762 0.138356 0.115809 0.428452
4 0 0.051051 0.314446 0.234230 0.068234 0.332038
4 0 0.126672 0.167268 0.139397 0.127298 0.439365
4 0 0.113284 0.186051 0.152605 0.118536 0.429523
4 0 0.053774 0.306693 0.229739 0.070857 0.338936
1 2 0.043328 0.338169 0.247591 0.060507 0.310404
4 4 0.097243 0.211730 0.170135 0.107206 0.413685
4 4 0.126672 0.167268 0.139397 0.127298 0.439365
4 4 0.126672 0.167268 0.139397 0.127298 0.439365
4 4 0.078747 0.246698 0.193046 0.092866 0.388643
4 4 0.126672 0.167268 0.139397 0.127298 0.439365
4 4 0.126672 0.167268 0.139397 0.127298 0.439365
4 4 0.089794 0.225039 0.178986 0.101607 0.404574
4 4 0.057123 0.297543 0.224363 0.074016 0.346955
4 4 0.053978 0.306125 0.229408 0.071051 0.339437
1 4 0.022479 0.421108 0.289255 0.036919 0.230239
1 4 0.045854 0.330105 0.243115 0.063084 0.317842
4 4 0.084247 0.235607 0.185899 0.097286 0.396961
4 4 0.059581 0.291076 0.220515 0.076290 0.352538
1 4 0.031565 0.380612 0.269969 0.047778 0.270076
1 4 0.025585 0.406271 0.282445 0.040752 0.244948
1 4 0.014332 0.467272 0.308260 0.026082 0.184055
4 4 0.060898 0.287694 0.218486 0.077494 0.355428
1 4 0.108081 0.410373 0.227707 0.025023 0.228815
1 4 0.048664 0.449733 0.265370 0.025124 0.211110
1 1 0.018012 0.463869 0.300851 0.026404 0.190863
1 1 0.042244 0.423275 0.267821 0.032437 0.234223
1 1 0.042239 0.418336 0.267121 0.033743 0.238561
1 1 0.053917 0.324428 0.235854 0.062919 0.322881
1 1 0.042600 0.443329 0.269821 0.027458 0.216791
1 1 0.049063 0.459867 0.265707 0.022961 0.202403
1 0 0.051848 0.404841 0.257457 0.035582 0.250272
1 0 0.043412 0.432542 0.267998 0.029891 0.226157
1 0 0.037627 0.387420 0.265550 0.043912 0.265492
1 0 0.028455 0.433174 0.283002 0.032361 0.223007
1 0 0.011796 0.502708 0.313801 0.018834 0.152861
1 0 0.032093 0.426999 0.278067 0.033331 0.229508
1 0 0.018975 0.465707 0.299257 0.025848 0.190213
1 0 0.048137 0.418644 0.262378 0.032575 0.238266
1 0 0.017755 0.462226 0.301231 0.026827 0.191962
1 0 0.104860 0.452779 0.232222 0.017524 0.192615
1 0 0.107301 0.498868 0.229988 0.010910 0.152933
1 0 0.312660 0.391005 0.156006 0.007419 0.132910
1 0 0.106581 0.557981 0.221946 0.005496 0.107996
1 0 0.066572 0.427749 0.250944 0.027305 0.227430
4 0 0.113982 0.137820 0.263483 0.102399 0.382316
4 0 0.113982 0.137820 0.263483 0.102399 0.382316
4 0 0.113982 0.137820 0.263483 0.102399 0.382316
4 0 0.113982 0.137820 0.263483 0.102399 0.382316
4 0 0.082190 0.177886 0.307535 0.082802 0.349587
1 1 0.026737 0.435729 0.285427 0.032000 0.220107
1 1 0.040191 0.483826 0.273925 0.019494 0.182564
1 1 0.026498 0.413345 0.282526 0.038362 0.239269
1 1 0.021243 0.427365 0.292032 0.035352 0.224007
1 1 0.021756 0.424746 0.290876 0.036004 0.226618
1 1 0.023526 0.415971 0.286933 0.038227 0.235344
1 1 0.011772 0.484987 0.314537 0.022372 0.166332
1 1 0.008262 0.513511 0.323203 0.016944 0.138079
1 1 0.017882 0.489854 0.301506 0.020831 0.169927
1 1 0.026852 0.522114 0.286556 0.014514 0.149963
1 1 0.019962 0.514245 0.296881 0.016270 0.152642
1 1 0.081658 0.507990 0.243432 0.011855 0.155064
1 1 0.016441 0.475781 0.304165 0.023905 0.179708
1 1 0.019721 0.467338 0.298076 0.025376 0.189489
1 1 0.014920 0.477478 0.307245 0.023701 0.176655
1 1 0.008436 0.453163 0.389192 0.016261 0.132949
1 1 0.046790 0.458516 0.267450 0.023541 0.203703
1 1 0.039388 0.525517 0.272747 0.013041 0.149308
1 1 0.027776 0.396466 0.277779 0.043377 0.254602
2 1 0.008851 0.416966 0.425561 0.016340 0.132281
1 1 0.006861 0.455706 0.408362 0.013222 0.115850
2 1 0.005074 0.302967 0.599217 0.009044 0.083699
2 2 0.005090 0.093632 0.842959 0.006178 0.052141
2 2 0.002214 0.137192 0.819896 0.003493 0.037204
2 2 0.002032 0.035883 0.941291 0.001862 0.018933
2 2 0.003761 0.082165 0.868102 0.004620 0.041353
1 2 0.036797 0.599169 0.261465 0.005671 0.096898
2 2 0.001943 0.046175 0.928289 0.002122 0.021471
2 2 0.001392 0.030353 0.952210 0.001385 0.014661
2 2 0.002004 0.071243 0.897225 0.002629 0.026899
2 2 0.003927 0.098719 0.846590 0.005066 0.045698
2 2 0.002028 0.044141 0.929224 0.002297 0.022309
2 2 0.007259 0.152122 0.763895 0.007659 0.069066
2 2 0.007705 0.239659 0.715211 0.001824 0.035601
2 2 0.012460 0.099054 0.832361 0.004642 0.051483
2 2 0.001018 0.042802 0.938645 0.002194 0.015340
2 2 0.001908 0.089035 0.877755 0.002702 0.028599
2 2 0.001097 0.029752 0.955112 0.001171 0.012868
2 2 0.003201 0.052628 0.920046 0.001872 0.022253
2 2 0.002088 0.099869 0.863428 0.003015 0.031600
2 2 0.000858 0.027545 0.960097 0.000904 0.010596
2 2 0.001822 0.039950 0.935715 0.002243 0.020271
2 2 0.001342 0.050269 0.933185 0.001046 0.014158
2 2 0.008216 0.383668 0.528823 0.005721 0.073572
2 2 0.001319 0.046636 0.934937 0.001327 0.015781
2 2 0.000861 0.024339 0.964673 0.000991 0.009136
2 2 0.002596 0.052689 0.911410 0.004543 0.028762
2 2 0.007142 0.165804 0.778587 0.003366 0.045101
2 2 0.017907 0.304959 0.591063 0.005955 0.080116
2 2 0.004178 0.114029 0.840211 0.003361 0.038220
2 2 0.008100 0.263243 0.655804 0.005622 0.067231
2 2 0.010515 0.400763 0.509797 0.005284 0.073641
2 2 0.000667 0.017175 0.972186 0.001536 0.008436
2 2 0.000665 0.017292 0.972064 0.001536 0.008443
2 2 0.002990 0.034766 0.926608 0.007915 0.027721
2 2 0.001563 0.041924 0.935956 0.001825 0.018732
2 2 0.003664 0.063288 0.892245 0.004174 0.036629
2 2 0.001757 0.045197 0.930300 0.002055 0.020691
2 2 0.002393 0.047363 0.922022 0.002812 0.025410
2 2 0.002684 0.088352 0.872167 0.003313 0.033484
2 2 0.001129 0.029515 0.954214 0.001522 0.013621
2 2 0.033593 0.122941 0.708750 0.015479 0.119238
2 2 0.009072 0.168355 0.717478 0.012031 0.093064
2 2 0.009776 0.231751 0.633534 0.014254 0.110685
2 2 0.004308 0.160157 0.770453 0.006369 0.058714
2 2 0.001730 0.076797 0.893229 0.002618 0.025625
2 2 0.001419 0.030978 0.948297 0.002826 0.016480
2 2 0.001341 0.039589 0.940773 0.001581 0.016716
2 2 0.000429 0.015372 0.977468 0.000713 0.006019
2 2 0.008543 0.108459 0.820597 0.005863 0.056538
2 2 0.007585 0.162773 0.785290 0.002862 0.041490
1 2 0.020903 0.564525 0.288386 0.009435 0.116751
1 1 0.197326 0.382359 0.203315 0.017359 0.199642
1 1 0.024705 0.572459 0.281498 0.008453 0.112885
1 1 0.009014 0.534449 0.359309 0.007287 0.089941
1 1 0.006640 0.511516 0.389151 0.007263 0.085429
2 1 0.003289 0.290805 0.652887 0.003842 0.049177
2 2 0.002725 0.127268 0.825155 0.004051 0.040801
2 2 0.001533 0.046488 0.930819 0.001852 0.019308
2 2 0.001551 0.051309 0.924977 0.001927 0.020236
2 2 0.002773 0.061691 0.903993 0.002981 0.028562
2 2 0.003400 0.105491 0.859133 0.002302 0.029675
2 2 0.001535 0.023183 0.959271 0.002709 0.013303
1 2 0.055179 0.535716 0.258378 0.010585 0.140142
1 2 0.052157 0.555512 0.257807 0.008672 0.125851
1 2 0.017940 0.536632 0.303841 0.012093 0.129493
1 2 0.012524 0.502025 0.393432 0.006226 0.085793
1 2 0.045344 0.597655 0.254072 0.005449 0.097480
1 1 0.015801 0.528632 0.302699 0.014279 0.138589
0 0 0.393750 0.213111 0.155129 0.022420 0.215590
1 0 0.035592 0.561846 0.311435 0.004674 0.086453
1 0 0.070267 0.540657 0.247047 0.009025 0.133004
1 0 0.154318 0.489872 0.208393 0.008469 0.138947
1 0 0.134482 0.484161 0.217826 0.010495 0.153035
1 1 0.026987 0.546051 0.283515 0.011270 0.132177
1 1 0.042390 0.600208 0.255959 0.005384 0.096059
1 1 0.084015 0.404022 0.238195 0.030096 0.243672
1 1 0.050209 0.345940 0.244987 0.055327 0.303537
1 1 0.018006 0.444892 0.299488 0.031127 0.206488
1 1 0.015146 0.462038 0.306289 0.027226 0.189301
1 1 0.016026 0.456570 0.304176 0.028445 0.194784
1 1 0.034876 0.367729 0.263396 0.051495 0.282503
1 1 0.032654 0.376282 0.267782 0.049013 0.274269
1 1 0.031580 0.389113 0.271898 0.044857 0.262551
4 1 0.053492 0.307483 0.230199 0.070588 0.338238
1 1 0.033820 0.371750 0.265469 0.050321 0.278641
1 1 0.035832 0.364162 0.261541 0.052547 0.285918
1 1 0.043569 0.375745 0.257801 0.046331 0.276553
1 1 0.044833 0.333327 0.244911 0.062048 0.314881
4 1 0.067740 0.270974 0.208298 0.083585 0.369403
4 1 0.093218 0.218803 0.174858 0.104208 0.408913
4 1 0.054066 0.305881 0.229265 0.071135 0.339653
4 4 0.126672 0.167268 0.139397 0.127298 0.439365
2 4 0.028143 0.202051 0.540892 0.033308 0.195606
4 4 0.142192 0.171026 0.138577 0.117755 0.430450
4 4 0.115595 0.182651 0.150239 0.120091 0.431424
1 4 0.039087 0.352466 0.255356 0.056064 0.297027
4 4 0.126672 0.167268 0.139397 0.127298 0.439365
4 4 0.126672 0.167268 0.139397 0.127298 0.439365
4 4 0.126672 0.167268 0.139397 0.127298 0.439365
4 4 0.097219 0.211772 0.170163 0.107188 0.413658
4 4 0.126672 0.167268 0.139397 0.127298 0.439365
4 4 0.126672 0.167268 0.139397 0.127298 0.439365
4 4 0.126672 0.167268 0.139397 0.127298 0.439365
4 4 0.154509 0.173523 0.137725 0.111001 0.423241
4 4 0.126042 0.157064 0.167824 0.121803 0.427266
4 4 0.157179 0.174014 0.137520 0.109619 0.421668
1 4 0.036168 0.362921 0.260892 0.052915 0.287103
4 4 0.144652 0.171557 0.138420 0.116353 0.429018
4 4 0.126672 0.167268 0.139397 0.127298 0.439365
1 4 0.045875 0.330039 0.243078 0.063105 0.317903
4 4 0.126672 0.167268 0.139397 0.127298 0.439365
1 4 0.046021 0.329584 0.242823 0.063252 0.318320
4 4 0.126672 0.167268 0.139397 0.127298 0.439365
4 4 0.126672 0.167268 0.139397 0.127298 0.439365
4 4 0.126672 0.167268 0.139397 0.127298 0.439365
4 4 0.140701 0.170696 0.138669 0.118619 0.431316
4 4 0.168083 0.175845 0.136618 0.104246 0.415208
4 4 0.126672 0.167268 0.139397 0.127298 0.439365
1 4 0.025719 0.405657 0.282157 0.040914 0.245554
4 4 0.126672 0.167268 0.139397 0.127298 0.439365
4 4 0.126672 0.167268 0.139397 0.127298 0.439365
4 4 0.126672 0.167268 0.139397 0.127298 0.439365
4 4 0.126672 0.167268 0.139397 0.127298 0.439365
4 4 0.080212 0.243682 0.191113 0.094056 0.390937
4 4 0.126672 0.167268 0.139397 0.127298 0.439365
4 4 0.084110 0.233543 0.187528 0.098914 0.395905
1 4 0.029294 0.389958 0.274612 0.045161 0.260976
4 4 0.102769 0.202452 0.163871 0.111218 0.419691
4 4 0.126672 0.167268 0.139397 0.127298 0.439365
4 4 0.058029 0.295137 0.222936 0.074858 0.349040
4 4 0.065849 0.275458 0.211057 0.081928 0.365708
4 4 0.068869 0.268343 0.206672 0.084565 0.371550
4 4 0.061298 0.286679 0.217875 0.077857 0.356292
1 4 0.020424 0.431638 0.293894 0.034301 0.219744
1 4 0.013100 0.475542 0.311268 0.024318 0.175772
1 4 0.015831 0.457769 0.304644 0.028176 0.193581
1 4 0.012526 0.479549 0.312677 0.023483 0.171764
1 4 0.020407 0.413059 0.367231 0.022760 0.176543
1 4 0.021306 0.427044 0.291890 0.035432 0.224328
1 1 0.011949 0.483694 0.314100 0.022634 0.167623
1 1 0.036719 0.360908 0.259836 0.053515 0.289023
1 1 0.032003 0.378859 0.269087 0.048276 0.271776
1 1 0.015882 0.420262 0.349313 0.027118 0.187424
1 1 0.024917 0.409363 0.283890 0.039939 0.241891
2 1 0.014356 0.142886 0.688757 0.033000 0.121001
1 1 0.015823 0.457816 0.304662 0.028165 0.193534
1 2 0.030744 0.438288 0.280938 0.030627 0.219403
1 2 0.016676 0.452645 0.302626 0.029335 0.198719
1 2 0.019941 0.434207 0.295000 0.033675 0.217177
1 2 0.011416 0.476605 0.328181 0.021594 0.162204
1 2 0.027280 0.398641 0.278825 0.042789 0.252465
1 2 0.015400 0.549166 0.300417 0.011449 0.123568
1 2 0.011519 0.535710 0.310959 0.013377 0.128435
1 2 0.016517 0.453595 0.303004 0.029118 0.197766
1 2 0.023928 0.414039 0.286050 0.038724 0.237260
2 2 0.010344 0.342345 0.496118 0.017224 0.133969
1 2 0.015413 0.460364 0.305647 0.027597 0.190980
1 2 0.022406 0.421474 0.289419 0.036826 0.229875
2 2 0.007743 0.410100 0.446254 0.014485 0.121418
2 2 0.009524 0.320266 0.530349 0.015659 0.124203
1 2 0.022755 0.419743 0.288642 0.037264 0.231597
1 2 0.008835 0.478736 0.364606 0.015627 0.132196
2 1 0.024067 0.379902 0.404203 0.021038 0.170789
1 1 0.017810 0.419573 0.386234 0.018875 0.157507
1 1 0.026186 0.447708 0.287370 0.029045 0.209691
1 1 0.010928 0.447982 0.377580 0.018069 0.145442
1 1 0.013932 0.469905 0.309232 0.025514 0.181417
2 1 0.005908 0.326812 0.562291 0.010560 0.094429
