0 0 0.332669 0.249196 0.192958 0.013185 0.211992
0 0 0.470100 0.126424 0.033051 0.003845 0.366581
2 0 0.040142 0.310264 0.481025 0.010600 0.157969
2 1 0.004880 0.311085 0.366961 0.002924 0.314151
2 1 0.004474 0.306918 0.428023 0.003600 0.256985
2 1 0.007094 0.310234 0.400046 0.005287 0.277340
2 1 0.007124 0.295004 0.494289 0.008632 0.194951
2 1 0.006338 0.294614 0.507589 0.006715 0.184745
2 1 0.006009 0.306272 0.435813 0.005240 0.246665
2 1 0.004657 0.299853 0.473796 0.004750 0.216945
4 1 0.008928 0.311540 0.328730 0.004771 0.346031
2 1 0.005656 0.304199 0.449656 0.005245 0.235244
2 1 0.019172 0.304396 0.506787 0.008627 0.161018
2 1 0.005002 0.300236 0.471975 0.005107 0.217680
4 4 0.028320 0.261630 0.146676 0.005806 0.557568
4 4 0.026132 0.246516 0.123183 0.004329 0.599840
2 4 0.007717 0.304107 0.449213 0.007484 0.231479
2 4 0.015822 0.302766 0.502263 0.009155 0.169994
2 4 0.006179 0.286935 0.526087 0.008676 0.172123
2 4 0.005364 0.292742 0.505693 0.006597 0.189604
2 1 0.015772 0.315673 0.412167 0.008502 0.247886
2 1 0.005212 0.291370 0.511220 0.006572 0.185626
2 1 0.014568 0.305274 0.468357 0.010839 0.200962
2 1 0.007575 0.307801 0.424053 0.006439 0.254132
2 1 0.005918 0.301095 0.467429 0.006051 0.219506
2 1 0.004764 0.284827 0.535319 0.006743 0.168348
2 1 0.005834 0.303631 0.453195 0.005533 0.231807
2 1 0.005561 0.290022 0.515963 0.007266 0.181189
2 1 0.005507 0.261407 0.614093 0.008093 0.110901
2 1 0.006727 0.292456 0.505081 0.008553 0.187183
2 1 0.006249 0.270884 0.574131 0.011550 0.137186
2 1 0.004978 0.276213 0.562088 0.008236 0.148486
2 2 0.008087 0.188512 0.673288 0.036819 0.093294
2 2 0.011740 0.282635 0.537973 0.026317 0.141335
2 2 0.008549 0.081537 0.741706 0.124332 0.043876
2 2 0.009955 0.070320 0.713262 0.169858 0.036605
2 2 0.003653 0.039157 0.787835 0.154908 0.014446
3 2 0.005668 0.027538 0.458653 0.499012 0.009129
2 2 0.012225 0.067411 0.729692 0.157985 0.032687
2 3 0.007409 0.025991 0.756324 0.201215 0.009061
2 3 0.016182 0.048900 0.625595 0.285104 0.024218
2 3 0.016657 0.051758 0.479436 0.424550 0.027599
3 3 0.007276 0.019522 0.358403 0.605744 0.009055
3 3 0.005580 0.011660 0.169680 0.808834 0.004245
3 3 0.035222 0.059506 0.350371 0.518989 0.035913
3 3 0.017006 0.030024 0.271495 0.666536 0.014940
3 3 0.007417 0.016069 0.141582 0.829647 0.005285
3 3 0.012232 0.025420 0.155495 0.797962 0.008890
3 3 0.004806 0.012378 0.072120 0.907878 0.002818
3 3 0.006632 0.014620 0.133965 0.840127 0.004656
3 3 0.008634 0.018475 0.145716 0.820987 0.006188
3 3 0.010455 0.020362 0.204075 0.756767 0.008341
3 3 0.005730 0.014028 0.087848 0.888846 0.003547
3 3 0.004724 0.011499 0.092486 0.888305 0.002985
3 3 0.010370 0.022813 0.126711 0.833023 0.007083
3 3 0.004880 0.012453 0.074933 0.904842 0.002893
3 3 0.017957 0.035980 0.168255 0.764493 0.013315
3 3 0.009489 0.019069 0.183861 0.780260 0.007322
3 3 0.004007 0.009775 0.093639 0.890026 0.002553
3 3 0.004648 0.012135 0.068157 0.912378 0.002682
3 3 0.010938 0.023240 0.144835 0.813201 0.007786
3 3 0.011865 0.027084 0.106315 0.847080 0.007656
3 3 0.001983 0.006226 0.033049 0.957790 0.000951
3 3 0.003947 0.011483 0.042776 0.939796 0.001998
3 3 0.004784 0.012522 0.067146 0.912802 0.002747
3 3 0.008559 0.020099 0.099188 0.866711 0.005443
3 3 0.005612 0.014141 0.077668 0.899228 0.003350
3 3 0.004452 0.011714 0.066258 0.915025 0.002551
3 3 0.004813 0.012514 0.069109 0.910778 0.002787
3 3 0.004471 0.012440 0.051488 0.929221 0.002380
3 3 0.002500 0.008095 0.027725 0.960547 0.001133
3 3 0.001400 0.004682 0.025728 0.967559 0.000632
3 3 0.002409 0.007460 0.034325 0.954644 0.001161
3 3 0.003750 0.010713 0.046831 0.936754 0.001952
3 3 0.001802 0.005969 0.026036 0.965383 0.000810
3 3 0.001998 0.006621 0.025700 0.964789 0.000892
3 3 0.003125 0.009417 0.037569 0.948355 0.001534
3 3 0.004900 0.012818 0.067101 0.912369 0.002811
3 3 0.002332 0.007226 0.034339 0.954978 0.001125
3 3 0.002458 0.007418 0.038547 0.950352 0.001224
3 3 0.007340 0.018469 0.075187 0.894694 0.004311
3 3 0.002809 0.007947 0.050888 0.936846 0.001510
3 3 0.005611 0.014661 0.066156 0.910377 0.003194
3 3 0.002696 0.007829 0.045393 0.942679 0.001403
3 3 0.002630 0.008395 0.029434 0.958330 0.001210
3 3 0.001910 0.006221 0.027997 0.962997 0.000875
3 3 0.003321 0.009293 0.052301 0.933294 0.001791
3 3 0.002865 0.008409 0.042874 0.944388 0.001464
3 3 0.003135 0.009028 0.046223 0.939981 0.001633
3 3 0.005596 0.014584 0.066979 0.909642 0.003198
3 3 0.002977 0.008534 0.047539 0.939385 0.001566
3 3 0.002944 0.008754 0.040280 0.946545 0.001477
3 3 0.005317 0.013193 0.083705 0.894536 0.003250
3 3 0.012213 0.024924 0.166989 0.786791 0.009084
3 3 0.010602 0.022978 0.134278 0.824770 0.007372
3 3 0.016285 0.030580 0.218092 0.721843 0.013199
3 3 0.003752 0.010086 0.061642 0.922405 0.002115
3 3 0.007152 0.016883 0.099583 0.871809 0.004573
3 3 0.005377 0.013158 0.088809 0.889311 0.003345
3 3 0.004225 0.010603 0.082167 0.900421 0.002584
3 3 0.005698 0.012517 0.138700 0.839025 0.004060
3 3 0.005272 0.012822 0.114289 0.863985 0.003632
3 3 0.004332 0.010901 0.080963 0.901169 0.002636
3 3 0.003896 0.009886 0.079165 0.904692 0.002362
3 3 0.003779 0.010077 0.063807 0.920186 0.002151
3 3 0.005022 0.012296 0.089406 0.890140 0.003136
3 3 0.002941 0.007853 0.065579 0.921927 0.001700
3 3 0.004916 0.013243 0.058811 0.920317 0.002713
3 3 0.001360 0.004757 0.020972 0.972331 0.000580
3 3 0.003272 0.009282 0.049202 0.936510 0.001734
3 3 0.003066 0.008581 0.052848 0.933843 0.001662
3 3 0.007997 0.019747 0.080637 0.886833 0.004786
3 3 0.002439 0.006835 0.054078 0.935309 0.001339
3 3 0.006650 0.016708 0.076796 0.895905 0.003940
3 3 0.003638 0.009636 0.066098 0.918534 0.002095
3 3 0.002230 0.006687 0.040186 0.949771 0.001127
3 3 0.003551 0.010200 0.046023 0.938384 0.001842
3 3 0.003272 0.008757 0.064003 0.922096 0.001872
3 3 0.004466 0.011583 0.070618 0.910726 0.002608
3 3 0.002860 0.008194 0.047932 0.939504 0.001510
3 3 0.001511 0.005181 0.022717 0.969933 0.000657
3 3 0.003296 0.009152 0.054191 0.931566 0.001796
3 3 0.005423 0.013639 0.078733 0.898951 0.003254
3 3 0.006868 0.016853 0.084780 0.887312 0.004188
3 3 0.001843 0.005916 0.030089 0.961290 0.000862
3 3 0.002133 0.006685 0.033011 0.957149 0.001021
3 3 0.005138 0.014204 0.052002 0.925923 0.002733
3 3 0.004170 0.011869 0.046943 0.934852 0.002166
3 3 0.002578 0.008064 0.032486 0.955651 0.001221
3 3 0.002162 0.006859 0.031084 0.958879 0.001016
3 3 0.004185 0.011479 0.055457 0.926598 0.002280
3 3 0.002805 0.008489 0.037366 0.949962 0.001379
3 3 0.007660 0.019690 0.067962 0.900326 0.004362
3 3 0.001829 0.006133 0.024593 0.966637 0.000809
3 3 0.001589 0.005571 0.020282 0.971890 0.000668
3 3 0.001545 0.005469 0.019511 0.972832 0.000643
3 3 0.001666 0.005793 0.020968 0.970867 0.000706
3 3 0.002684 0.007985 0.040684 0.947292 0.001354
3 3 0.002623 0.008488 0.027639 0.960064 0.001186
3 3 0.002098 0.006680 0.030737 0.959501 0.000984
3 3 0.001888 0.006168 0.027629 0.963453 0.000862
3 3 0.002785 0.008395 0.038107 0.949336 0.001377
3 3 0.005152 0.014419 0.049161 0.928572 0.002696
3 3 0.001448 0.005317 0.016555 0.976103 0.000577
3 3 0.004147 0.012240 0.039747 0.941813 0.002053
3 3 0.001772 0.005983 0.023864 0.967604 0.000777
3 3 0.004243 0.011290 0.063442 0.918621 0.002404
3 3 0.002865 0.008818 0.034492 0.952448 0.001376
3 3 0.006423 0.016513 0.069736 0.903626 0.003701
3 3 0.001402 0.004967 0.019653 0.973393 0.000586
3 3 0.006431 0.017011 0.061434 0.911553 0.003571
3 3 0.001842 0.006109 0.025832 0.965392 0.000825
3 3 0.002481 0.007499 0.038181 0.950608 0.001232
3 3 0.003747 0.010583 0.049340 0.934349 0.001980
3 3 0.003511 0.009796 0.052588 0.932212 0.001893
3 3 0.041929 0.060246 0.317376 0.552015 0.028433
3 3 0.008272 0.017261 0.162020 0.806306 0.006141
2 3 0.013800 0.038285 0.543993 0.384899 0.019024
2 2 0.027602 0.085322 0.663834 0.185729 0.037513
2 1 0.081538 0.259451 0.562935 0.020479 0.075596
2 1 0.096461 0.257215 0.549537 0.022230 0.074556
2 1 0.047849 0.214397 0.661322 0.017940 0.058492
2 1 0.024811 0.264684 0.503794 0.055157 0.151554
2 2 0.007972 0.075137 0.760600 0.119286 0.037005
2 2 0.014588 0.207691 0.613288 0.048452 0.115981
2 2 0.020042 0.203648 0.689057 0.017751 0.069501
2 2 0.016054 0.223854 0.653105 0.018152 0.088836
2 2 0.005316 0.071230 0.744769 0.148346 0.030339
2 2 0.008959 0.120114 0.766819 0.044937 0.059171
2 2 0.015088 0.141800 0.653418 0.115161 0.074534
2 2 0.011806 0.158129 0.682562 0.058054 0.089449
2 2 0.012202 0.214128 0.618456 0.042510 0.112704
2 2 0.010646 0.218407 0.621713 0.032715 0.116519
2 2 0.037551 0.273085 0.568904 0.019521 0.100939
2 2 0.040902 0.260449 0.609621 0.013782 0.075246
2 2 0.014268 0.268605 0.600297 0.012228 0.104603
2 2 0.013150 0.089380 0.809474 0.051472 0.036525
2 2 0.049605 0.268327 0.573701 0.019232 0.089136
2 2 0.054411 0.256732 0.605517 0.014374 0.068965
2 2 0.077775 0.258929 0.575530 0.016546 0.071221
0 2 0.747111 0.105884 0.091913 0.004785 0.050306
2 2 0.153642 0.266289 0.495482 0.010080 0.074508
2 2 0.034464 0.250219 0.643510 0.009755 0.062052
2 2 0.065529 0.250637 0.615535 0.010538 0.057760
2 2 0.037857 0.247265 0.647780 0.009244 0.057854
0 1 0.456870 0.203606 0.252620 0.009952 0.076952
2 1 0.102516 0.263405 0.544369 0.015248 0.074462
2 1 0.029217 0.267720 0.597397 0.014780 0.090886
2 1 0.025998 0.237528 0.664188 0.009932 0.062354
2 1 0.028754 0.250864 0.647006 0.009245 0.064131
2 1 0.036286 0.250612 0.640815 0.010064 0.062224
2 1 0.017948 0.176030 0.762018 0.007301 0.036704
2 1 0.016339 0.188166 0.733023 0.011051 0.051420
2 1 0.017839 0.159331 0.737567 0.026495 0.058767
2 1 0.024578 0.208689 0.695154 0.013126 0.058453
2 2 0.016800 0.109378 0.783806 0.046723 0.043292
2 2 0.008749 0.085878 0.846290 0.033564 0.025519
2 2 0.016425 0.137813 0.785842 0.019158 0.040762
2 2 0.015760 0.107610 0.809254 0.032442 0.034933
2 2 0.015442 0.195543 0.676420 0.027224 0.085370
2 2 0.014416 0.205530 0.617047 0.044810 0.118197
2 2 0.009380 0.068023 0.791380 0.104701 0.026516
2 2 0.012399 0.169559 0.670467 0.062722 0.084853
2 2 0.015882 0.100139 0.729072 0.107268 0.047639
2 2 0.014828 0.117830 0.726079 0.084715 0.056549
2 2 0.011005 0.090258 0.802812 0.058863 0.037062
2 2 0.008168 0.056876 0.847155 0.065432 0.022369
2 2 0.015864 0.094251 0.640603 0.197360 0.051922
2 2 0.009900 0.084018 0.805760 0.067551 0.032771
2 2 0.018736 0.051672 0.481277 0.418827 0.029488
2 2 0.024457 0.103786 0.588920 0.221799 0.061039
2 2 0.021324 0.097290 0.598097 0.226280 0.057010
2 2 0.013782 0.050781 0.508085 0.401498 0.025854
2 2 0.027404 0.140265 0.570372 0.180050 0.081909
3 2 0.017752 0.030540 0.291104 0.644614 0.015990
2 3 0.016301 0.057263 0.673581 0.222685 0.030171
2 3 0.021813 0.087088 0.511012 0.335122 0.044965
2 3 0.033628 0.095002 0.702305 0.130491 0.038574
2 3 0.094283 0.254601 0.561403 0.020025 0.069687
2 2 0.186212 0.249064 0.482881 0.015174 0.066667
2 2 0.221148 0.262319 0.423834 0.010196 0.082503
0 0 0.774943 0.095206 0.061505 0.003556 0.064790
2 0 0.034750 0.272415 0.574623 0.018421 0.099792
2 0 0.018407 0.255521 0.585336 0.021793 0.118943
2 1 0.024974 0.230967 0.657690 0.014277 0.072091
2 1 0.026271 0.256570 0.634096 0.010380 0.072684
2 1 0.045237 0.266493 0.585517 0.017269 0.085485
2 1 0.079923 0.289285 0.504976 0.014916 0.110900
2 0 0.073362 0.254030 0.590479 0.016083 0.066046
0 0 0.749004 0.104814 0.083992 0.005376 0.056814
2 0 0.034438 0.272551 0.574371 0.018435 0.100205
2 1 0.014468 0.112575 0.798009 0.033948 0.041000
2 1 0.012689 0.162071 0.767664 0.012015 0.045560
2 1 0.016401 0.247497 0.663641 0.007065 0.065396
2 1 0.017823 0.170654 0.748718 0.014335 0.048470
2 2 0.014732 0.204822 0.706362 0.011565 0.062518
2 2 0.010769 0.088279 0.820908 0.049210 0.030835
2 2 0.035133 0.276389 0.556464 0.021355 0.110659
2 2 0.028579 0.257386 0.630003 0.010936 0.073096
2 2 0.018871 0.211254 0.671455 0.019444 0.078976
2 2 0.012401 0.094794 0.816818 0.044097 0.031889
2 2 0.019653 0.157311 0.731829 0.032171 0.059036
2 2 0.009907 0.089519 0.847885 0.024814 0.027875
2 2 0.034490 0.193488 0.653335 0.038535 0.080153
2 2 0.024580 0.171198 0.695667 0.040869 0.067686
2 2 0.012866 0.075133 0.844042 0.046345 0.021614
2 2 0.029154 0.235773 0.638034 0.017679 0.079361
2 2 0.019705 0.125865 0.758642 0.044801 0.050987
2 2 0.019916 0.147463 0.709436 0.060098 0.063088
2 2 0.021026 0.103352 0.769572 0.062459 0.043591
2 2 0.007220 0.028039 0.585528 0.368468 0.010745
2 2 0.022408 0.132116 0.631821 0.143361 0.070294
2 2 0.016673 0.112317 0.789849 0.039238 0.041923
2 2 0.118263 0.257295 0.515077 0.028287 0.081078
2 2 0.314964 0.243812 0.326372 0.016080 0.098772
0 2 0.383341 0.209341 0.322493 0.018138 0.066687
2 2 0.090587 0.262812 0.537134 0.025245 0.084221
2 2 0.028085 0.275890 0.565367 0.019114 0.111544
2 2 0.015162 0.121828 0.742895 0.063088 0.057026
2 2 0.020631 0.159903 0.708724 0.040553 0.070189
2 2 0.029698 0.238554 0.596406 0.029634 0.105706
2 2 0.017762 0.162872 0.726105 0.029200 0.064062
2 2 0.025781 0.168531 0.655718 0.066252 0.083718
2 2 0.012787 0.170250 0.709836 0.033576 0.073551
2 2 0.025779 0.216674 0.609213 0.041849 0.106484
2 2 0.016991 0.103287 0.665650 0.161623 0.052449
2 2 0.014899 0.091162 0.713858 0.133707 0.046374
2 2 0.013200 0.113035 0.660405 0.157024 0.056336
2 2 0.016817 0.131941 0.663817 0.109310 0.078115
2 2 0.064617 0.216515 0.584319 0.045630 0.088918
0 2 0.741052 0.107488 0.088569 0.005868 0.057023
0 0 0.882752 0.052242 0.024537 0.000666 0.039803
2 0 0.031214 0.266501 0.599900 0.014615 0.087770
0 0 0.832186 0.074569 0.028801 0.001792 0.062652
0 0 0.745042 0.105559 0.067373 0.004585 0.077441
2 1 0.023502 0.273423 0.579382 0.016458 0.107234
2 1 0.013661 0.282468 0.520779 0.021840 0.161252
2 2 0.010016 0.279918 0.542773 0.017725 0.149568
2 2 0.012947 0.282829 0.524566 0.021550 0.158107
2 2 0.008050 0.281577 0.539344 0.012767 0.158262
2 2 0.010307 0.278969 0.540958 0.017398 0.152367
2 4 0.024802 0.305289 0.394284 0.021886 0.253738
2 4 0.009829 0.278242 0.544247 0.016712 0.150969
4 4 0.053832 0.296131 0.244922 0.020832 0.384283
2 4 0.019796 0.290352 0.488849 0.024493 0.176511
2 4 0.033304 0.305760 0.441691 0.020091 0.199153
2 4 0.019337 0.309421 0.374569 0.014898 0.281775
2 4 0.017524 0.282237 0.529766 0.022124 0.148349
2 4 0.041517 0.275721 0.552341 0.022592 0.107829
2 4 0.009928 0.280368 0.543299 0.017917 0.148488
2 4 0.145806 0.292534 0.375040 0.023577 0.163043
2 1 0.042153 0.271200 0.584255 0.014140 0.088253
2 1 0.010338 0.278959 0.540757 0.017412 0.152534
2 1 0.008513 0.276075 0.554013 0.014865 0.146535
2 1 0.010267 0.278863 0.541231 0.017316 0.152322
2 1 0.010841 0.271207 0.548916 0.019229 0.149807
2 1 0.013561 0.270209 0.538520 0.024328 0.153382
2 1 0.010168 0.274585 0.568500 0.014176 0.132572
2 1 0.010057 0.278570 0.542667 0.017026 0.151679
2 1 0.015213 0.244558 0.565868 0.034604 0.139757
0 0 0.592913 0.148384 0.181410 0.021662 0.055630
2 0 0.142596 0.256427 0.512586 0.016987 0.071404
0 0 0.618349 0.139476 0.186693 0.011645 0.043837
0 0 0.939563 0.033457 0.014910 0.000431 0.011640
0 0 0.477425 0.183146 0.271703 0.012909 0.054816
2 0 0.123786 0.253496 0.525668 0.023963 0.073087
2 0 0.091103 0.261474 0.551597 0.019264 0.076561
2 0 0.147179 0.258716 0.501168 0.017637 0.075299
2 0 0.084795 0.250689 0.590373 0.013847 0.060296
2 0 0.216305 0.244987 0.459293 0.013959 0.065455
2 0 0.187835 0.253307 0.467905 0.017003 0.073949
2 0 0.200771 0.243186 0.473092 0.017799 0.065153
2 0 0.280226 0.241303 0.385982 0.015309 0.077180
2 0 0.130204 0.248980 0.537450 0.018949 0.064417
2 0 0.102776 0.247144 0.572431 0.017391 0.060258
2 0 0.152521 0.258686 0.490609 0.019795 0.078388
2 0 0.157748 0.239856 0.518812 0.022841 0.060743
0 0 0.547837 0.158976 0.202297 0.030683 0.060207
2 0 0.292535 0.172429 0.447531 0.032911 0.054594
0 0 0.561292 0.188178 0.114368 0.088830 0.047331
3 0 0.135328 0.074113 0.044974 0.743834 0.001751
3 0 0.129368 0.094272 0.098421 0.666513 0.011426
2 0 0.053769 0.265477 0.578864 0.018416 0.083474
2 0 0.021956 0.175374 0.733675 0.017154 0.051841
2 1 0.012632 0.087828 0.851199 0.023762 0.024580
2 1 0.028117 0.244370 0.636123 0.014395 0.076995
2 1 0.028043 0.215628 0.651323 0.024218 0.080788
2 1 0.020291 0.167766 0.706347 0.034922 0.070673
2 1 0.026985 0.139308 0.757390 0.031129 0.045188
2 2 0.026271 0.144308 0.713455 0.052777 0.063189
2 2 0.030431 0.220321 0.644970 0.023599 0.080679
2 2 0.026609 0.164385 0.693216 0.044542 0.071248
2 2 0.021992 0.160497 0.724401 0.031922 0.061188
2 2 0.037358 0.173771 0.685354 0.038378 0.065139
2 2 0.022803 0.132807 0.670597 0.106987 0.066807
2 2 0.035545 0.172319 0.617115 0.078562 0.096458
3 2 0.045415 0.099683 0.392978 0.404649 0.057275
2 2 0.040351 0.099465 0.566397 0.241590 0.052198
2 3 0.033024 0.150284 0.546728 0.183970 0.085994
2 3 0.024778 0.097866 0.672502 0.156246 0.048609
2 3 0.024092 0.089521 0.629159 0.210444 0.046783
2 3 0.023480 0.099388 0.712909 0.118190 0.046034
2 3 0.020213 0.108707 0.616861 0.194863 0.059356
3 3 0.019303 0.034996 0.240058 0.689482 0.016161
2 3 0.025541 0.118545 0.563885 0.224870 0.067160
3 3 0.011102 0.023065 0.157960 0.799750 0.008124
3 3 0.013036 0.026557 0.230375 0.718766 0.011266
2 3 0.012700 0.045829 0.683451 0.237046 0.020974
3 3 0.012189 0.031697 0.376043 0.564623 0.015448
3 3 0.014116 0.026613 0.219896 0.727879 0.011496
3 3 0.054341 0.087157 0.281319 0.528077 0.049106
3 3 0.030846 0.051603 0.286587 0.603354 0.027610
3 3 0.007591 0.016955 0.124613 0.845647 0.005194
3 3 0.016703 0.033081 0.178164 0.759419 0.012633
3 3 0.010469 0.022455 0.140341 0.819350 0.007384
3 3 0.010063 0.021468 0.144233 0.817071 0.007165
3 3 0.010255 0.022975 0.117684 0.842240 0.006847
3 3 0.007404 0.017647 0.095115 0.875169 0.004665
3 3 0.005826 0.013846 0.099615 0.876968 0.003745
3 3 0.003027 0.008822 0.044003 0.942592 0.001557
3 3 0.010219 0.023719 0.101467 0.858074 0.006520
3 3 0.002770 0.008408 0.036903 0.950562 0.001357
3 3 0.002619 0.008415 0.028603 0.959167 0.001196
3 3 0.001147 0.003992 0.021980 0.972382 0.000498
3 3 0.003175 0.008976 0.050224 0.935932 0.001694
3 3 0.001925 0.006150 0.030586 0.960434 0.000904
3 3 0.007597 0.019260 0.072388 0.896346 0.004409
3 3 0.002365 0.007240 0.036265 0.952971 0.001159
3 3 0.004066 0.011013 0.058936 0.923728 0.002257
3 3 0.002491 0.008035 0.028294 0.960044 0.001136
3 3 0.002667 0.008343 0.032300 0.955430 0.001260
3 3 0.002299 0.007236 0.032016 0.957362 0.001088
3 3 0.002572 0.008467 0.025595 0.962228 0.001138
3 3 0.003427 0.010397 0.035983 0.948536 0.001658
3 3 0.005322 0.014659 0.052625 0.924556 0.002838
3 3 0.001265 0.004386 0.022083 0.971718 0.000549
3 3 0.002283 0.007084 0.034266 0.955265 0.001102
3 3 0.002566 0.008266 0.028309 0.959691 0.001169
3 3 0.003602 0.010909 0.036005 0.947745 0.001740
3 3 0.004142 0.012196 0.040204 0.941401 0.002057
3 3 0.002019 0.006439 0.030621 0.959974 0.000947
3 3 0.004032 0.012448 0.031560 0.950069 0.001891
3 3 0.001990 0.006495 0.027585 0.963024 0.000907
3 3 0.002209 0.007255 0.026392 0.963155 0.000990
3 3 0.001631 0.005616 0.022040 0.970011 0.000701
3 3 0.002535 0.008113 0.029256 0.958930 0.001166
3 3 0.002826 0.008545 0.037487 0.949752 0.001390
3 3 0.001130 0.004232 0.015537 0.978657 0.000445
3 3 0.004313 0.012670 0.040391 0.940483 0.002143
3 3 0.001216 0.004415 0.017865 0.976006 0.000497
3 3 0.002199 0.007279 0.025472 0.964073 0.000977
3 3 0.002041 0.006725 0.026309 0.964007 0.000917
3 3 0.002642 0.008121 0.035087 0.952871 0.001278
3 3 0.003012 0.008838 0.042675 0.943941 0.001535
3 3 0.001615 0.005764 0.018662 0.973296 0.000663
3 3 0.002754 0.009005 0.026165 0.960852 0.001224
3 3 0.004980 0.014336 0.043428 0.934740 0.002516
3 3 0.002793 0.008592 0.034703 0.952566 0.001345
3 3 0.004806 0.013472 0.049288 0.929913 0.002521
3 3 0.002721 0.008507 0.032316 0.955170 0.001285
3 3 0.001232 0.004660 0.014679 0.978952 0.000477
3 3 0.001519 0.005319 0.020555 0.971965 0.000642
3 3 0.002203 0.007166 0.027644 0.961986 0.001001
3 3 0.001943 0.006763 0.020487 0.969992 0.000814
3 3 0.001355 0.005028 0.015897 0.977185 0.000535
3 3 0.002465 0.007600 0.034925 0.953816 0.001193
3 3 0.003140 0.009624 0.034742 0.950986 0.001508
3 3 0.004439 0.012411 0.050422 0.930379 0.002349
3 3 0.002455 0.007930 0.028124 0.960373 0.001117
3 3 0.002111 0.007108 0.023664 0.966198 0.000919
3 3 0.004052 0.011739 0.043472 0.938677 0.002060
3 3 0.002070 0.006901 0.024822 0.965293 0.000914
3 3 0.002325 0.008051 0.020469 0.968185 0.000969
3 3 0.000837 0.003292 0.012834 0.982723 0.000315
3 3 0.001668 0.005496 0.027002 0.965075 0.000759
3 3 0.002419 0.007371 0.036931 0.952090 0.001190
3 3 0.001258 0.004379 0.021621 0.972200 0.000542
3 3 0.001866 0.006076 0.028121 0.963081 0.000856
3 3 0.001870 0.006607 0.019181 0.971573 0.000770
3 3 0.001564 0.005568 0.018964 0.973259 0.000646
3 3 0.002512 0.008254 0.025916 0.962201 0.001117
3 3 0.002324 0.007285 0.032572 0.956713 0.001105
3 3 0.002192 0.006874 0.032792 0.957096 0.001046
3 3 0.002835 0.008807 0.033066 0.953947 0.001346
3 3 0.001779 0.006204 0.020522 0.970747 0.000748
3 3 0.004188 0.010908 0.069943 0.912518 0.002443
2 3 0.022594 0.113155 0.514855 0.295165 0.054230
2 0 0.149803 0.128024 0.628617 0.051455 0.042101
2 0 0.047534 0.191115 0.652721 0.037924 0.070707
2 0 0.037242 0.276799 0.512132 0.033481 0.140346
2 0 0.032063 0.208022 0.530976 0.101983 0.126956
2 2 0.013464 0.148334 0.663986 0.097704 0.076512
2 2 0.010571 0.279270 0.539197 0.017732 0.153230
2 2 0.034854 0.211977 0.515684 0.089936 0.147549
2 2 0.015587 0.224583 0.588763 0.048854 0.122212
2 2 0.016715 0.277087 0.518389 0.030537 0.157271
2 2 0.016018 0.169351 0.640404 0.079981 0.094247
2 2 0.015974 0.203360 0.610093 0.057515 0.113059
2 2 0.015834 0.223716 0.588795 0.046457 0.125198
2 4 0.023340 0.221575 0.547604 0.049917 0.157564
2 4 0.010526 0.258444 0.567748 0.020540 0.142741
2 4 0.016128 0.271060 0.525845 0.027479 0.159487
2 4 0.015003 0.234403 0.578493 0.033846 0.138255
2 4 0.015184 0.197809 0.621380 0.052750 0.112878
2 4 0.020063 0.207898 0.586314 0.063450 0.122276
2 4 0.018358 0.237016 0.537564 0.033799 0.173263
2 4 0.029530 0.185644 0.564493 0.102433 0.117900
2 4 0.018774 0.260321 0.529449 0.033933 0.157524
2 4 0.031086 0.288077 0.348669 0.023108 0.309060
2 4 0.040450 0.300988 0.352350 0.032826 0.273386
2 4 0.017724 0.291918 0.478355 0.023631 0.188372
2 4 0.011367 0.280245 0.534084 0.018810 0.155494
2 4 0.015952 0.234117 0.572724 0.035305 0.141901
2 4 0.024196 0.211445 0.565626 0.068071 0.130661
2 4 0.016042 0.193553 0.621464 0.057263 0.111678
2 4 0.021816 0.291871 0.465733 0.028574 0.192006
2 4 0.050156 0.282237 0.369036 0.048376 0.250195
2 4 0.019957 0.275799 0.569851 0.017066 0.117326
2 4 0.009169 0.277216 0.549004 0.015792 0.148819
2 4 0.021375 0.243172 0.541616 0.045754 0.148083
2 4 0.031144 0.241048 0.498640 0.055216 0.173951
2 4 0.012404 0.219683 0.610904 0.039511 0.117497
2 4 0.018345 0.182561 0.615291 0.081262 0.102541
2 4 0.015243 0.277166 0.561692 0.016878 0.129022
2 2 0.027861 0.177086 0.692670 0.033681 0.068702
2 1 0.033060 0.260246 0.617933 0.012501 0.076260
2 1 0.011886 0.276119 0.563500 0.015456 0.133039
2 2 0.012082 0.270101 0.550180 0.026682 0.140955
2 2 0.012921 0.250012 0.575980 0.027183 0.133904
2 2 0.019420 0.263651 0.576288 0.021460 0.119182
2 2 0.017107 0.266100 0.593615 0.015098 0.108081
2 0 0.060432 0.230811 0.618039 0.021922 0.068796
2 0 0.238741 0.241540 0.439863 0.013124 0.066731
2 0 0.177296 0.258656 0.470889 0.015790 0.077369
2 0 0.134825 0.268806 0.502668 0.013221 0.080481
2 0 0.111304 0.269796 0.528928 0.012086 0.077886
2 0 0.025727 0.264109 0.612177 0.012686 0.085301
2 0 0.039389 0.245112 0.650911 0.009072 0.055516
2 0 0.139181 0.235171 0.529673 0.022563 0.073412
2 0 0.070333 0.258408 0.593645 0.011823 0.065791
2 0 0.018356 0.272136 0.586510 0.014641 0.108356
2 0 0.022036 0.203486 0.643263 0.035218 0.095996
2 0 0.035384 0.224621 0.637681 0.023254 0.079061
2 0 0.014945 0.180397 0.718981 0.019821 0.065855
2 0 0.012719 0.085264 0.853962 0.024330 0.023725
2 0 0.014294 0.193575 0.718759 0.012850 0.060522
2 1 0.011005 0.132829 0.801127 0.015577 0.039461
2 1 0.012491 0.184353 0.732680 0.012644 0.057832
2 2 0.012412 0.133946 0.805335 0.013012 0.035295
2 2 0.019419 0.204923 0.697282 0.014425 0.063950
2 2 0.029427 0.203482 0.704073 0.012088 0.050929
2 2 0.013390 0.137288 0.799886 0.013275 0.036162
2 2 0.020130 0.170169 0.745204 0.015794 0.048703
2 2 0.017429 0.180486 0.748501 0.009601 0.043983
2 2 0.012359 0.086428 0.834969 0.037419 0.028825
2 2 0.018039 0.180947 0.728059 0.016331 0.056624
2 2 0.022658 0.173274 0.718642 0.024870 0.060555
2 2 0.016339 0.139599 0.778145 0.021666 0.044251
2 2 0.019655 0.124425 0.771681 0.039089 0.045151
2 2 0.016112 0.127368 0.776940 0.033962 0.045620
2 2 0.019384 0.083505 0.711112 0.151433 0.034566
2 2 0.016104 0.105690 0.809192 0.033671 0.035343
2 2 0.040258 0.209731 0.657601 0.023901 0.068508
2 2 0.015298 0.077699 0.842006 0.040121 0.024875
2 2 0.016061 0.080446 0.818533 0.055771 0.029189
2 2 0.019337 0.110252 0.752369 0.074435 0.043608
2 2 0.010663 0.058555 0.849402 0.061557 0.019823
2 2 0.029389 0.144813 0.747493 0.031330 0.046975
2 2 0.016701 0.076190 0.825799 0.055720 0.025590
2 2 0.014965 0.154053 0.760152 0.019859 0.050971
2 2 0.012942 0.071580 0.794856 0.090697 0.029924
2 2 0.025763 0.109500 0.779118 0.046950 0.038669
2 2 0.018384 0.106143 0.774373 0.057811 0.043290
2 3 0.015430 0.075649 0.752683 0.123789 0.032449
2 2 0.038674 0.133308 0.778368 0.019533 0.030117
2 0 0.086177 0.200750 0.652713 0.016938 0.043422
2 0 0.016031 0.149501 0.747108 0.029485 0.057875
2 0 0.028324 0.216610 0.614202 0.038652 0.102212
2 0 0.019798 0.229257 0.616511 0.030532 0.103902
2 0 0.027847 0.170341 0.683289 0.044250 0.074273
2 1 0.027535 0.162878 0.650483 0.078240 0.080864
2 1 0.017569 0.176252 0.697040 0.032164 0.076975
2 1 0.015855 0.145541 0.741869 0.035564 0.061170
2 1 0.012750 0.102048 0.697048 0.141317 0.046836
2 1 0.025445 0.174936 0.645205 0.065003 0.089410
2 1 0.024815 0.183016 0.655868 0.046745 0.089556
2 1 0.033266 0.176589 0.630826 0.068928 0.090391
2 1 0.011839 0.101674 0.802320 0.047636 0.036531
2 1 0.023687 0.196110 0.652695 0.037252 0.090256
2 1 0.018413 0.152693 0.695806 0.056399 0.076688
2 2 0.023126 0.258303 0.570266 0.025742 0.122564
2 2 0.021893 0.196060 0.645457 0.040025 0.096566
2 2 0.034337 0.244833 0.538551 0.055471 0.126808
2 2 0.044760 0.213514 0.552763 0.077402 0.111561
2 2 0.018004 0.218453 0.626092 0.030448 0.107003
2 2 0.009653 0.062959 0.815502 0.083205 0.028681
2 2 0.019004 0.128247 0.663630 0.122010 0.067108
2 2 0.017731 0.146061 0.706001 0.063379 0.066828
2 2 0.026913 0.202549 0.635131 0.045540 0.089867
2 2 0.027336 0.220781 0.629967 0.028864 0.093051
2 2 0.027126 0.123409 0.693409 0.098266 0.057790
2 2 0.049724 0.221362 0.594174 0.040884 0.093857
2 2 0.022286 0.184966 0.665488 0.043293 0.083968
2 2 0.027812 0.192699 0.667988 0.033041 0.078460
2 2 0.018392 0.107646 0.739650 0.085829 0.048484
2 2 0.037758 0.172147 0.573693 0.110124 0.106279
2 2 0.066427 0.174001 0.569641 0.102444 0.087487
2 0 0.114353 0.205966 0.598562 0.023257 0.057862
2 0 0.047114 0.265498 0.586781 0.017112 0.083495
2 0 0.018682 0.126212 0.719112 0.074934 0.061060
2 0 0.028801 0.255470 0.613493 0.015714 0.086522
2 1 0.022854 0.269845 0.589401 0.015529 0.102371
2 1 0.019123 0.177166 0.747147 0.011436 0.045128
2 1 0.031512 0.222208 0.670788 0.013788 0.061704
2 1 0.017641 0.102343 0.832382 0.021194 0.026440
2 1 0.025596 0.223706 0.656440 0.018050 0.076208
2 1 0.028584 0.197995 0.685191 0.022052 0.066177
2 0 0.154728 0.274537 0.472978 0.010874 0.086883
2 0 0.140758 0.259323 0.518312 0.012532 0.069075
0 0 0.632989 0.145280 0.163138 0.005948 0.052645
2 0 0.040755 0.123973 0.727645 0.060843 0.046785
2 0 0.023990 0.274193 0.575781 0.017019 0.109017
2 0 0.010946 0.139298 0.714692 0.062801 0.072263
2 0 0.012051 0.115208 0.683432 0.130702 0.058606
2 2 0.009611 0.126198 0.755101 0.050350 0.058739
2 2 0.013887 0.202932 0.649305 0.031443 0.102433
2 2 0.010073 0.250590 0.580586 0.020901 0.137851
2 2 0.011085 0.230812 0.602112 0.027145 0.128845
2 2 0.008310 0.275693 0.555630 0.014574 0.145793
2 2 0.013827 0.209408 0.615240 0.038208 0.123317
2 2 0.011191 0.210528 0.627653 0.032892 0.117736
2 2 0.011179 0.279647 0.536880 0.019254 0.153039
2 2 0.011294 0.282969 0.534103 0.020423 0.151210
2 2 0.066805 0.260113 0.593847 0.011687 0.067548
2 2 0.010722 0.272129 0.582131 0.012997 0.122021
2 2 0.012669 0.232190 0.594176 0.034787 0.126178
2 4 0.010324 0.278940 0.540852 0.017393 0.152492
2 4 0.014660 0.237961 0.575471 0.032276 0.139632
2 4 0.014723 0.300029 0.454607 0.016488 0.214154
2 4 0.032953 0.304146 0.468219 0.017467 0.177215
2 4 0.010041 0.277136 0.552792 0.015838 0.144193
2 4 0.025947 0.305877 0.380671 0.021997 0.265508
2 4 0.006942 0.272723 0.567416 0.012586 0.140333
2 4 0.084314 0.294239 0.445673 0.026221 0.149553
2 4 0.006355 0.268497 0.587042 0.010538 0.127567
2 4 0.014905 0.270204 0.532054 0.025793 0.157043
2 4 0.025071 0.308888 0.338553 0.016745 0.310743
4 4 0.029434 0.305296 0.285957 0.015138 0.364176
2 4 0.091340 0.284398 0.485466 0.022489 0.116307
2 4 0.095365 0.307761 0.431906 0.012957 0.152010
2 4 0.009454 0.271311 0.583571 0.012351 0.123313
2 4 0.008085 0.275256 0.557449 0.014253 0.144956
2 4 0.011643 0.280500 0.532860 0.019117 0.155880
2 4 0.010965 0.277187 0.555131 0.016022 0.140696
2 1 0.028167 0.270073 0.589692 0.015686 0.096382
2 1 0.025814 0.268735 0.596365 0.014579 0.094507
2 0 0.033105 0.201325 0.690878 0.017215 0.057477
0 0 0.488915 0.158052 0.303479 0.015565 0.033988
2 0 0.029716 0.235610 0.648601 0.014591 0.071483
2 1 0.017935 0.285558 0.522807 0.025274 0.148426
2 1 0.112071 0.265156 0.504897 0.027273 0.090603
0 1 0.544281 0.177053 0.149535 0.013455 0.115676
2 1 0.011475 0.271278 0.587143 0.012761 0.117342
2 1 0.012960 0.279874 0.541450 0.018624 0.147093
2 1 0.010328 0.275515 0.563648 0.014769 0.135739
2 2 0.013570 0.248428 0.583686 0.023610 0.130705
2 2 0.013791 0.275901 0.567286 0.015717 0.127304
2 2 0.019738 0.237830 0.612312 0.023703 0.106417
2 2 0.023626 0.278299 0.541125 0.024592 0.132358
2 2 0.018482 0.227240 0.644244 0.019534 0.090499
2 2 0.016985 0.238417 0.643107 0.014532 0.086960
2 2 0.011567 0.082956 0.846469 0.032153 0.026855
2 2 0.014544 0.157292 0.721642 0.040945 0.065577
2 2 0.020038 0.160362 0.736830 0.026026 0.056744
2 2 0.014992 0.164596 0.748279 0.018059 0.054073
2 2 0.019058 0.110607 0.785860 0.043174 0.041301
2 2 0.016447 0.203630 0.709267 0.011371 0.059285
2 2 0.016965 0.217640 0.687182 0.011679 0.066534
2 0 0.200988 0.265225 0.434466 0.012657 0.086665
2 0 0.175919 0.262229 0.478765 0.010115 0.072972
0 0 0.620533 0.141598 0.188064 0.007678 0.042127
2 0 0.057952 0.294301 0.523665 0.011043 0.113039
0 0 0.396507 0.229548 0.257551 0.010657 0.105738
2 0 0.038867 0.264457 0.599297 0.015096 0.082283
2 0 0.016429 0.273761 0.579308 0.015059 0.115444
2 0 0.018110 0.266679 0.607460 0.012255 0.095495
2 1 0.016393 0.152450 0.728481 0.036528 0.066148
2 1 0.026048 0.267022 0.602261 0.013880 0.090790
2 1 0.014462 0.236563 0.644543 0.014415 0.090017
2 2 0.018287 0.153675 0.743808 0.027842 0.056388
2 2 0.026111 0.244315 0.616561 0.019915 0.093098
2 2 0.019347 0.189557 0.698733 0.022364 0.070000
2 2 0.020595 0.250350 0.626951 0.014155 0.087949
2 2 0.023039 0.244848 0.624219 0.017351 0.090543
2 2 0.019478 0.260543 0.582096 0.020558 0.117324
2 0 0.314370 0.165389 0.315930 0.135988 0.068323
0 0 0.683033 0.127658 0.100068 0.008913 0.080328
0 0 0.571339 0.153227 0.223199 0.009707 0.042529
2 0 0.278730 0.251614 0.343512 0.020150 0.105994
2 0 0.118218 0.196741 0.621796 0.018954 0.044291
2 0 0.190289 0.282975 0.379737 0.016410 0.130588
2 0 0.025617 0.266915 0.602933 0.013755 0.090781
2 0 0.019624 0.281512 0.536563 0.021764 0.140537
2 0 0.236748 0.251539 0.374306 0.032411 0.104995
0 0 0.388872 0.207160 0.324479 0.016364 0.063125
2 0 0.226225 0.252379 0.406605 0.024119 0.090673
0 0 0.760867 0.097028 0.100385 0.005487 0.036233
2 0 0.180228 0.279867 0.363183 0.027665 0.149057
2 0 0.201192 0.279713 0.340763 0.023506 0.154826
2 0 0.060956 0.279338 0.523716 0.024644 0.111346
2 0 0.038896 0.270418 0.578233 0.018144 0.094309
2 0 0.009885 0.269837 0.591177 0.011803 0.117298
2 1 0.007756 0.274581 0.560198 0.013777 0.143688
2 1 0.013924 0.262461 0.546771 0.025855 0.150989
2 4 0.011639 0.295463 0.490752 0.013364 0.188782
2 4 0.015834 0.300799 0.447724 0.017343 0.218300
4 4 0.034084 0.301074 0.262260 0.015722 0.386860
2 4 0.014707 0.307019 0.414845 0.013314 0.250115
2 4 0.033260 0.304220 0.443215 0.021476 0.197829
4 4 0.051605 0.297637 0.255694 0.022066 0.372998
4 4 0.024746 0.304710 0.272691 0.011417 0.386435
2 4 0.025886 0.311586 0.324723 0.013702 0.324103
4 4 0.097435 0.145238 0.032672 0.002655 0.722000
4 4 0.057369 0.128538 0.026845 0.002391 0.784858
4 4 0.064004 0.308754 0.223606 0.007451 0.396185
4 4 0.040727 0.193301 0.066398 0.003768 0.695806
4 4 0.141578 0.150794 0.034481 0.002612 0.670536
4 4 0.023304 0.296088 0.229843 0.008255 0.442509
4 4 0.043378 0.159858 0.042978 0.002663 0.751122
4 4 0.056191 0.087331 0.012005 0.001152 0.843321
4 4 0.138429 0.113696 0.020412 0.003136 0.724326
0 4 0.634699 0.088222 0.019555 0.001623 0.255901
4 4 0.030853 0.273010 0.168518 0.007588 0.520032
4 4 0.110959 0.286951 0.175337 0.008429 0.418323
4 4 0.051431 0.077842 0.009496 0.000851 0.860380
4 4 0.036263 0.238125 0.112213 0.005694 0.607704
4 4 0.041252 0.169367 0.048692 0.002736 0.737952
4 4 0.036519 0.245808 0.122588 0.006336 0.588750
4 4 0.028749 0.139470 0.031947 0.001265 0.798569
4 4 0.023730 0.288579 0.205429 0.007223 0.475039
4 4 0.097050 0.076611 0.009163 0.001457 0.815719
4 4 0.047368 0.095305 0.014335 0.001102 0.841891
4 4 0.121243 0.095437 0.013916 0.001863 0.767541
4 4 0.054683 0.125227 0.025371 0.002149 0.792570
4 4 0.026337 0.230034 0.102149 0.003558 0.637923
4 4 0.051017 0.145557 0.035027 0.002657 0.765741
4 4 0.041957 0.170912 0.049931 0.002954 0.734245
4 4 0.048715 0.094579 0.014114 0.001123 0.841470
1 0 0.163742 0.299056 0.253873 0.013846 0.269482
1 0 0.074245 0.320999 0.281028 0.009234 0.314494
4 4 0.016881 0.294138 0.222082 0.005425 0.461473
2 4 0.025974 0.314875 0.449337 0.010321 0.199494
2 4 0.012767 0.309904 0.413138 0.009948 0.254243
2 4 0.014004 0.311299 0.371040 0.009990 0.293667
4 4 0.031386 0.155452 0.040416 0.001735 0.771011
4 4 0.048120 0.139183 0.031758 0.002270 0.778669
4 4 0.061260 0.252730 0.128486 0.008659 0.548865
4 4 0.016574 0.306059 0.274516 0.007232 0.395618
4 4 0.046893 0.171160 0.050160 0.003375 0.728413
4 4 0.055748 0.201062 0.068310 0.003335 0.671544
4 4 0.026631 0.202448 0.074178 0.002585 0.694158
4 4 0.026862 0.305794 0.284592 0.013467 0.369285
2 4 0.021396 0.314148 0.343112 0.011286 0.310058
4 4 0.017954 0.248358 0.126317 0.002903 0.604468
4 4 0.023988 0.310868 0.312416 0.012222 0.340506
4 4 0.059651 0.315926 0.266726 0.010055 0.347642
4 4 0.016196 0.269857 0.162134 0.003453 0.548359
4 4 0.014726 0.307166 0.281301 0.006555 0.390252
4 4 0.032198 0.232257 0.104774 0.004605 0.626165
4 4 0.025431 0.111216 0.019838 0.000720 0.842794
4 4 0.032339 0.220578 0.091636 0.004012 0.651436
4 4 0.018254 0.309758 0.308221 0.009748 0.354019
4 4 0.032885 0.283051 0.192525 0.009695 0.481845
4 4 0.034913 0.309698 0.270985 0.011190 0.373214
2 4 0.009257 0.302890 0.453751 0.009467 0.224635
4 4 0.337499 0.134332 0.030662 0.003013 0.494495
4 1 0.016381 0.270397 0.163142 0.003524 0.546556
2 1 0.012256 0.282245 0.556072 0.012290 0.137136
2 1 0.008421 0.282702 0.534977 0.013143 0.160757
2 1 0.007917 0.293020 0.500769 0.010112 0.188182
2 1 0.005674 0.266139 0.594894 0.009537 0.123756
2 1 0.010026 0.263863 0.615098 0.009746 0.101267
2 1 0.005556 0.268749 0.581492 0.010492 0.133711
2 1 0.010147 0.260100 0.628127 0.008738 0.092888
2 1 0.010417 0.258655 0.632965 0.008434 0.089530
2 1 0.008170 0.263372 0.614158 0.009216 0.105083
2 1 0.007084 0.266063 0.600821 0.009813 0.116219
2 1 0.015422 0.257772 0.597950 0.016906 0.111949
2 1 0.010236 0.267307 0.603356 0.010914 0.108188
2 1 0.010059 0.272326 0.559279 0.016411 0.141926
2 1 0.008300 0.269262 0.590302 0.011237 0.120899
2 1 0.007159 0.271683 0.574352 0.012083 0.134723
2 1 0.011723 0.238688 0.611203 0.020462 0.117923
2 1 0.010006 0.275329 0.563887 0.014594 0.136184
2 1 0.011153 0.276657 0.558875 0.015676 0.137640
2 1 0.011436 0.272664 0.580691 0.013407 0.121802
2 1 0.012675 0.242322 0.615778 0.019178 0.110047
2 1 0.009107 0.207612 0.644265 0.033477 0.105538
2 1 0.009700 0.260512 0.571506 0.020500 0.137781
2 1 0.021343 0.132659 0.750999 0.044214 0.050784
2 0 0.307536 0.207843 0.406265 0.016755 0.061601
2 0 0.055174 0.256821 0.604385 0.014523 0.069096
2 0 0.062579 0.272177 0.539598 0.025672 0.099974
2 0 0.023886 0.269113 0.596228 0.014368 0.096405
2 0 0.019843 0.268381 0.589276 0.015712 0.106788
2 0 0.018319 0.271866 0.587641 0.014501 0.107673
2 0 0.010960 0.236620 0.635930 0.016949 0.099540
2 0 0.009157 0.157535 0.767292 0.014698 0.051317
2 1 0.005985 0.099490 0.829608 0.031985 0.032932
2 0 0.022174 0.198518 0.692071 0.019546 0.067691
2 0 0.021194 0.271132 0.589867 0.014756 0.103050
2 0 0.017922 0.270510 0.593186 0.013781 0.104600
2 1 0.011475 0.208249 0.650311 0.031710 0.098256
2 2 0.007957 0.112144 0.800829 0.036903 0.042168
2 2 0.009440 0.130526 0.758983 0.047244 0.053806
2 2 0.012085 0.179952 0.655165 0.058228 0.094571
2 2 0.006795 0.084383 0.814249 0.061520 0.033054
2 2 0.005956 0.078535 0.800704 0.083794 0.031011
2 2 0.010471 0.100556 0.755617 0.086874 0.046482
2 2 0.008606 0.118944 0.798130 0.027174 0.047145
2 2 0.009767 0.082768 0.788840 0.083632 0.034993
2 2 0.008239 0.104581 0.765094 0.075092 0.046994
2 2 0.009081 0.104735 0.813430 0.035246 0.037508
2 2 0.008312 0.164949 0.747341 0.019868 0.059530
2 2 0.008482 0.067411 0.849741 0.052534 0.021832
2 2 0.014619 0.128363 0.740691 0.057927 0.058400
2 2 0.008419 0.096538 0.822879 0.038761 0.033402
2 2 0.009832 0.091653 0.803997 0.060114 0.034405
2 2 0.012372 0.081411 0.747934 0.123090 0.035193
2 2 0.010548 0.084297 0.791672 0.082559 0.030925
2 3 0.007430 0.051798 0.617818 0.300750 0.022204
2 3 0.014787 0.106531 0.704651 0.125060 0.048971
2 3 0.020424 0.076971 0.691538 0.173851 0.037215
2 3 0.007534 0.037017 0.637181 0.303026 0.015243
2 3 0.006446 0.035351 0.549272 0.393627 0.015303
2 3 0.013478 0.060198 0.588768 0.305364 0.032191
2 3 0.010688 0.058285 0.639378 0.261351 0.030299
2 3 0.006428 0.032536 0.640411 0.307686 0.012940
2 3 0.024695 0.088849 0.542877 0.291588 0.051991
2 3 0.012904 0.051003 0.551394 0.357808 0.026891
3 3 0.018239 0.032632 0.253631 0.679912 0.015586
3 3 0.020242 0.037635 0.217784 0.707975 0.016365
3 3 0.012879 0.033937 0.241656 0.698629 0.012899
3 3 0.021881 0.040411 0.245437 0.673531 0.018740
3 3 0.019866 0.045885 0.378452 0.531629 0.024168
3 3 0.011489 0.021249 0.242488 0.715055 0.009719
3 3 0.013535 0.025298 0.228193 0.721800 0.011174
3 3 0.012776 0.036843 0.385629 0.547432 0.017320
3 3 0.025201 0.060730 0.387054 0.494824 0.032191
3 3 0.017822 0.041081 0.393047 0.525950 0.022100
3 3 0.027806 0.045895 0.305274 0.595531 0.025494
3 3 0.026786 0.047484 0.243982 0.659209 0.022540
3 3 0.011043 0.021295 0.210011 0.748763 0.008888
3 3 0.009074 0.019742 0.135283 0.829556 0.006345
3 3 0.013347 0.028615 0.135308 0.813467 0.009264
3 3 0.007189 0.018060 0.075977 0.894537 0.004238
3 3 0.011994 0.027173 0.109553 0.843471 0.007809
3 3 0.013250 0.027288 0.159118 0.790656 0.009688
3 3 0.011618 0.025593 0.123807 0.831122 0.007861
3 3 0.006320 0.014874 0.102641 0.872075 0.004091
3 3 0.003598 0.009814 0.058056 0.926536 0.001995
3 3 0.016097 0.032082 0.175033 0.764679 0.012109
3 3 0.009502 0.020764 0.131967 0.831181 0.006586
3 3 0.010542 0.024061 0.108401 0.850138 0.006858
3 3 0.014629 0.029532 0.169263 0.775679 0.010897
3 3 0.008712 0.018637 0.145720 0.820687 0.006243
3 3 0.006956 0.017180 0.082235 0.889427 0.004201
3 3 0.004804 0.012785 0.062303 0.917410 0.002698
3 3 0.013999 0.030147 0.131799 0.814427 0.009628
3 3 0.002528 0.007389 0.044481 0.944291 0.001311
3 3 0.004765 0.013299 0.050370 0.929049 0.002516
3 3 0.004757 0.012754 0.060371 0.919470 0.002648
3 3 0.011131 0.027137 0.080922 0.874189 0.006622
3 3 0.005079 0.013791 0.056504 0.921858 0.002768
3 3 0.014438 0.031316 0.127324 0.817104 0.009818
3 3 0.006296 0.016759 0.059896 0.913577 0.003472
