0 0 0.940847 0.035775 0.012931 0.000195 0.010251
0 0 0.951464 0.029118 0.012499 0.000212 0.006707
0 0 0.974205 0.015241 0.008280 0.000124 0.002150
0 0 0.914462 0.050461 0.015397 0.000234 0.019445
0 0 0.898653 0.058525 0.018384 0.000333 0.024105
0 0 0.923171 0.045903 0.013837 0.000191 0.016899
0 0 0.966478 0.020412 0.009212 0.000128 0.003770
0 0 0.983017 0.010561 0.005044 0.000046 0.001332
0 0 0.986244 0.007385 0.005711 0.000087 0.000573
0 0 0.983021 0.009424 0.006569 0.000102 0.000886
0 0 0.960955 0.020289 0.015552 0.000514 0.002691
0 0 0.975703 0.012948 0.009761 0.000220 0.001368
0 0 0.964824 0.019684 0.012294 0.000283 0.002915
0 0 0.967467 0.017289 0.012738 0.000347 0.002158
0 0 0.967531 0.018438 0.011104 0.000228 0.002698
0 0 0.948736 0.022394 0.024747 0.001621 0.002502
0 0 0.940621 0.027631 0.026360 0.001604 0.003785
0 0 0.957095 0.022082 0.017164 0.000621 0.003038
0 0 0.983816 0.007789 0.007680 0.000181 0.000534
0 0 0.973944 0.012840 0.011657 0.000355 0.001204
0 0 0.974058 0.016602 0.006191 0.000053 0.003096
0 0 0.982897 0.010205 0.005683 0.000065 0.001150
0 0 0.969804 0.017389 0.010097 0.000187 0.002523
0 0 0.974436 0.013570 0.010285 0.000243 0.001465
0 0 0.976643 0.012630 0.009189 0.000192 0.001347
0 0 0.964007 0.018874 0.014254 0.000434 0.002431
0 0 0.943964 0.031323 0.017909 0.000517 0.006287
0 0 0.957289 0.023144 0.015535 0.000458 0.003574
0 0 0.979813 0.013325 0.004470 0.000027 0.002365
0 0 0.962360 0.019010 0.015747 0.000561 0.002322
0 0 0.978406 0.011826 0.008370 0.000158 0.001240
0 0 0.960521 0.021525 0.014348 0.000394 0.003212
0 0 0.948823 0.027489 0.018403 0.000620 0.004664
0 0 0.976434 0.014005 0.007559 0.000105 0.001898
0 0 0.963364 0.023250 0.007766 0.000073 0.005547
0 0 0.968378 0.017525 0.011466 0.000260 0.002371
0 0 0.969021 0.020203 0.005845 0.000039 0.004893
0 0 0.968026 0.019983 0.007959 0.000088 0.003944
0 0 0.982052 0.011896 0.004060 0.000023 0.001969
0 0 0.934347 0.040112 0.010313 0.000098 0.015130
0 0 0.969177 0.020423 0.004417 0.000018 0.005965
0 0 0.970729 0.019416 0.004661 0.000022 0.005172
0 0 0.989479 0.007219 0.002342 0.000008 0.000951
0 0 0.962650 0.024140 0.006349 0.000041 0.006819
0 0 0.983690 0.011328 0.002674 0.000008 0.002300
0 0 0.928578 0.043128 0.012181 0.000143 0.015969
0 0 0.970902 0.018950 0.005842 0.000041 0.004265
0 0 0.982299 0.011232 0.004877 0.000040 0.001552
0 0 0.967759 0.019200 0.009683 0.000154 0.003204
0 0 0.952663 0.026161 0.016178 0.000459 0.004539
0 0 0.924355 0.043902 0.018517 0.000427 0.012800
0 0 0.953525 0.028613 0.010550 0.000137 0.007174
0 0 0.980113 0.012147 0.006070 0.000066 0.001603
0 0 0.978549 0.014271 0.004382 0.000024 0.002774
0 0 0.952872 0.027519 0.013720 0.000284 0.005604
0 0 0.977557 0.014949 0.004423 0.000024 0.003047
0 0 0.976219 0.014971 0.006297 0.000061 0.002453
0 0 0.960800 0.024247 0.009463 0.000118 0.005371
0 0 0.952756 0.028187 0.012618 0.000223 0.006216
0 0 0.986474 0.008994 0.003280 0.000017 0.001235
4 0 0.129408 0.075215 0.260238 0.004726 0.530412
4 0 0.233035 0.104146 0.221806 0.004942 0.436071
0 0 0.873894 0.070340 0.025666 0.000698 0.029402
0 0 0.793121 0.107594 0.036591 0.001322 0.061373
0 0 0.778855 0.113606 0.041091 0.001736 0.064713
0 0 0.755968 0.123191 0.044159 0.002000 0.074682
0 0 0.925542 0.044676 0.013224 0.000173 0.016385
0 0 0.855081 0.075812 0.040703 0.002245 0.026159
0 0 0.883894 0.062705 0.032143 0.001386 0.019872
0 0 0.792338 0.094540 0.073646 0.009381 0.030095
0 0 0.418478 0.250836 0.148623 0.022755 0.159307
1 0 0.211002 0.240502 0.186194 0.124986 0.237315
0 0 0.717031 0.138768 0.051450 0.002809 0.089941
4 1 0.172703 0.251473 0.152288 0.086834 0.336701
4 2 0.139613 0.222597 0.171059 0.083441 0.383291
4 2 0.105729 0.202084 0.226376 0.076568 0.389243
4 2 0.090261 0.154979 0.212861 0.057284 0.484615
2 2 0.058565 0.179192 0.386813 0.070788 0.304642
4 1 0.121531 0.198728 0.186173 0.074138 0.419430
0 1 0.293015 0.282247 0.175343 0.037945 0.211450
1 4 0.157470 0.317351 0.280327 0.073301 0.171551
4 0 0.119513 0.196000 0.187875 0.073079 0.423532
2 4 0.030185 0.126071 0.527901 0.050693 0.265150
2 1 0.008150 0.080478 0.789920 0.035455 0.085998
2 3 0.007715 0.071091 0.787854 0.030836 0.102504
2 -1 0.006072 0.061434 0.813749 0.026814 0.091931
4 0 0.043179 0.114809 0.366337 0.043672 0.432003
4 0 0.047513 0.121374 0.349894 0.046097 0.435123
2 2 0.021698 0.107007 0.596628 0.043564 0.231102
4 2 0.048701 0.133549 0.371477 0.051338 0.394935
2 2 0.046214 0.157585 0.437346 0.062582 0.296273
2 2 0.033747 0.137567 0.512005 0.055397 0.261284
2 2 0.027853 0.108898 0.513854 0.043137 0.306259
2 2 0.026422 0.093500 0.481772 0.036353 0.361953
4 4 0.084519 0.154195 0.230212 0.057305 0.473770
4 2 0.055925 0.102888 0.242743 0.037535 0.560909
4 2 0.139726 0.222741 0.170966 0.083498 0.383070
4 2 0.099649 0.195822 0.236904 0.074256 0.393369
4 1 0.121472 0.198647 0.186223 0.074106 0.419551
1 2 0.125072 0.285251 0.228990 0.112569 0.248119
4 2 0.096160 0.163482 0.207778 0.060540 0.472039
4 2 0.074759 0.148466 0.257251 0.055519 0.464006
4 2 0.028412 0.057530 0.269539 0.020668 0.623850
4 2 0.123030 0.206969 0.190292 0.077602 0.402108
4 1 0.067074 0.172101 0.331279 0.066556 0.362989
4 2 0.069205 0.158146 0.298822 0.060162 0.413666
2 2 0.016363 0.082844 0.619694 0.033431 0.247667
2 0 0.026151 0.098359 0.503775 0.038601 0.333113
0 0 0.606050 0.164281 0.141417 0.026919 0.061334
0 1 0.551230 0.185301 0.158235 0.031594 0.073639
4 1 0.206103 0.257497 0.151789 0.069608 0.315004
4 2 0.068801 0.122981 0.231494 0.045111 0.531613
2 2 0.010405 0.072323 0.723521 0.030214 0.163537
2 2 0.001269 0.020455 0.949597 0.014174 0.014505
2 3 0.004555 0.052015 0.841990 0.022917 0.078523
2 3 0.004402 0.059870 0.840083 0.048939 0.046705
2 3 0.007556 0.074849 0.791690 0.034770 0.091136
2 3 0.004529 0.051848 0.838206 0.024243 0.081175
2 2 0.000721 0.019370 0.884974 0.088859 0.006076
2 3 0.002643 0.042258 0.894648 0.025918 0.034533
2 3 0.000181 0.007249 0.893885 0.097480 0.001205
2 3 0.000088 0.004248 0.876783 0.118152 0.000729
2 3 0.000125 0.005779 0.863358 0.129908 0.000830
2 3 0.000243 0.009711 0.748748 0.240034 0.001264
2 3 0.000103 0.004844 0.822755 0.171534 0.000764
2 3 0.000133 0.005254 0.676150 0.317896 0.000566
2 3 0.000099 0.005294 0.817714 0.176283 0.000611
2 3 0.000261 0.007890 0.507658 0.483106 0.001085
2 3 0.000174 0.006921 0.704053 0.287978 0.000874
3 3 0.000340 0.007717 0.351212 0.639801 0.000929
3 3 0.000692 0.010135 0.211094 0.776784 0.001295
3 3 0.000375 0.010705 0.450752 0.537139 0.001028
3 3 0.000565 0.011721 0.346578 0.639717 0.001420
2 3 0.000139 0.005240 0.543898 0.450227 0.000496
3 3 0.000289 0.006535 0.323748 0.668715 0.000713
3 3 0.000247 0.004493 0.153735 0.841114 0.000411
2 3 0.000202 0.007667 0.672507 0.318655 0.000969
3 3 0.000377 0.010203 0.482704 0.505386 0.001329
3 3 0.000392 0.007633 0.254117 0.736931 0.000927
3 3 0.000179 0.005713 0.461754 0.531736 0.000617
3 1 0.000325 0.006571 0.278574 0.713619 0.000911
3 3 0.001243 0.011164 0.140367 0.846023 0.001203
2 3 0.000486 0.014132 0.572422 0.411278 0.001682
3 3 0.000275 0.007626 0.463962 0.527197 0.000940
2 3 0.000294 0.009383 0.566824 0.422511 0.000989
3 3 0.000313 0.007697 0.368034 0.622764 0.001193
3 3 0.000446 0.010513 0.420025 0.567620 0.001396
3 3 0.000604 0.011172 0.284389 0.702707 0.001129
3 3 0.000133 0.004409 0.460798 0.534248 0.000412
3 3 0.000308 0.008326 0.384113 0.606469 0.000784
3 3 0.000386 0.008505 0.362185 0.628032 0.000892
3 3 0.000289 0.005611 0.214099 0.779376 0.000625
3 3 0.000671 0.011323 0.241704 0.744793 0.001510
3 3 0.000366 0.006057 0.139529 0.853558 0.000489
2 3 0.000954 0.020228 0.495717 0.479444 0.003658
3 3 0.000333 0.006218 0.182337 0.810553 0.000559
3 3 0.000564 0.012532 0.446979 0.538534 0.001390
2 3 0.000647 0.013852 0.559764 0.423484 0.002253
3 3 0.000522 0.007502 0.160747 0.830138 0.001092
2 3 0.000458 0.012842 0.537243 0.447775 0.001682
3 3 0.000466 0.008064 0.185037 0.805584 0.000849
3 3 0.000557 0.010461 0.253002 0.734794 0.001187
3 3 0.000248 0.006003 0.282020 0.711097 0.000632
3 3 0.000564 0.007568 0.147398 0.843555 0.000914
3 3 0.000557 0.009124 0.222429 0.766715 0.001175
3 3 0.000590 0.008407 0.169870 0.820038 0.001094
3 3 0.000617 0.008044 0.136989 0.853384 0.000966
3 3 0.000492 0.008354 0.189300 0.800787 0.001065
3 3 0.000694 0.013340 0.331794 0.652526 0.001646
3 3 0.000618 0.010484 0.257362 0.730306 0.001229
3 3 0.000387 0.006857 0.183299 0.808788 0.000670
3 3 0.000311 0.007429 0.346173 0.645328 0.000758
3 3 0.000357 0.007067 0.206288 0.785681 0.000608
3 3 0.000642 0.009221 0.201674 0.786901 0.001562
3 3 0.000653 0.009677 0.164254 0.824199 0.001217
3 3 0.000322 0.004429 0.078343 0.916421 0.000485
3 3 0.000321 0.007154 0.279361 0.712470 0.000694
3 3 0.000254 0.006333 0.375859 0.617015 0.000539
3 3 0.000762 0.010083 0.191580 0.796160 0.001414
3 3 0.000658 0.014000 0.333251 0.650763 0.001328
3 3 0.000891 0.007002 0.051547 0.939768 0.000793
3 3 0.001437 0.019909 0.266823 0.708416 0.003415
3 3 0.000755 0.013719 0.316006 0.667418 0.002101
3 3 0.000905 0.012475 0.221064 0.763946 0.001610
3 3 0.007760 0.047549 0.194823 0.740664 0.009204
3 0 0.004734 0.045940 0.419187 0.516025 0.014114
2 2 0.008260 0.055969 0.725020 0.201596 0.009155
2 2 0.022675 0.180154 0.628562 0.085546 0.083063
2 2 0.002265 0.038420 0.893906 0.042833 0.022576
2 2 0.009087 0.090808 0.716672 0.135174 0.048259
2 2 0.004681 0.058104 0.837016 0.051417 0.048783
2 2 0.001399 0.023142 0.888435 0.068103 0.018921
2 2 0.002428 0.035263 0.840666 0.099083 0.022560
2 2 0.004966 0.053392 0.829299 0.039019 0.073323
2 2 0.005203 0.062612 0.834819 0.038259 0.059106
2 0 0.001382 0.023966 0.923801 0.028517 0.022334
2 2 0.162695 0.237223 0.421094 0.130431 0.048557
2 2 0.012009 0.130943 0.739671 0.060882 0.056495
2 1 0.001573 0.030760 0.902376 0.048619 0.016673
2 2 0.021911 0.173196 0.637183 0.081595 0.086114
2 2 0.002378 0.034351 0.900078 0.022126 0.041066
2 2 0.002209 0.036889 0.914329 0.028028 0.018544
2 2 0.007217 0.070338 0.798530 0.030733 0.093181
2 2 0.000532 0.012516 0.953254 0.026451 0.007247
2 2 0.005672 0.067007 0.828288 0.035759 0.063274
2 2 0.004239 0.057249 0.857468 0.034772 0.046272
2 2 0.002954 0.041337 0.857728 0.072117 0.025863
2 2 0.001234 0.023267 0.895272 0.068545 0.011681
2 2 0.000555 0.014422 0.926273 0.053806 0.004944
2 2 0.007342 0.077876 0.786166 0.058096 0.070520
2 2 0.000979 0.023842 0.884024 0.081820 0.009335
2 1 0.006381 0.073741 0.812503 0.066521 0.040855
2 1 0.001077 0.023124 0.936071 0.027816 0.011912
2 1 0.001331 0.026027 0.901944 0.059584 0.011114
2 2 0.023766 0.162800 0.631146 0.070701 0.111587
2 0 0.006367 0.072243 0.810520 0.067264 0.043606
2 1 0.040256 0.280489 0.537247 0.095151 0.046858
2 2 0.038881 0.197506 0.525741 0.083382 0.154489
2 2 0.013295 0.142726 0.754034 0.051363 0.038582
2 2 0.032318 0.205073 0.566880 0.089347 0.106382
2 1 0.001626 0.030797 0.923589 0.027895 0.016093
2 2 0.025536 0.192744 0.612429 0.085657 0.083635
2 2 0.002968 0.056999 0.870271 0.057755 0.012007
2 2 0.016172 0.155643 0.721388 0.058320 0.048477
2 2 0.002685 0.042382 0.896743 0.031796 0.026394
2 2 0.005750 0.072871 0.831705 0.057370 0.032304
2 2 0.002023 0.033019 0.900054 0.046226 0.018678
2 2 0.001954 0.036695 0.910950 0.026849 0.023552
2 0 0.003193 0.045038 0.884955 0.043184 0.023630
2 0 0.287756 0.256665 0.347053 0.055822 0.052705
0 2 0.285159 0.258630 0.142768 0.043032 0.270412
2 1 0.002597 0.047976 0.894574 0.044676 0.010178
2 1 0.087688 0.320132 0.424014 0.080522 0.087644
0 1 0.311625 0.296495 0.201720 0.029902 0.160259
2 1 0.235113 0.263828 0.271033 0.101916 0.128111
2 2 0.066228 0.208972 0.376873 0.083577 0.264350
2 2 0.005653 0.069592 0.821408 0.047656 0.055692
2 2 0.000866 0.018443 0.895814 0.078342 0.006535
2 1 0.000670 0.017682 0.929514 0.045631 0.006504
2 1 0.049548 0.292223 0.470003 0.115378 0.072848
2 2 0.081173 0.308224 0.365402 0.115854 0.129347
2 2 0.005915 0.052607 0.790242 0.025057 0.126180
2 2 0.014121 0.099492 0.704155 0.042276 0.139955
4 2 0.076098 0.191539 0.314983 0.074366 0.343014
2 2 0.006831 0.070540 0.804351 0.036220 0.082057
2 2 0.027800 0.148457 0.587087 0.062073 0.174583
2 2 0.005750 0.064521 0.833068 0.034883 0.061777
2 2 0.024506 0.126935 0.597182 0.052439 0.198938
2 2 0.045171 0.246896 0.537878 0.083797 0.086258
1 2 0.171828 0.313425 0.260979 0.069562 0.184206
2 2 0.055148 0.298740 0.488536 0.094017 0.063559
2 2 0.035920 0.185549 0.571173 0.069133 0.138225
2 2 0.001569 0.030361 0.925151 0.025900 0.017019
2 2 0.003964 0.050370 0.850396 0.038681 0.056588
2 2 0.004728 0.055134 0.843259 0.046744 0.050135
2 2 0.002902 0.044982 0.876089 0.051815 0.024213
2 1 0.011817 0.106813 0.792954 0.064184 0.024232
2 2 0.076266 0.312659 0.417660 0.097949 0.095467
2 2 0.007279 0.097334 0.805578 0.045193 0.044616
2 2 0.004882 0.055515 0.902003 0.019079 0.018521
2 2 0.073191 0.310760 0.420759 0.100822 0.094469
2 2 0.003295 0.046311 0.870185 0.040847 0.039361
2 2 0.024397 0.215211 0.659604 0.066739 0.034048
2 2 0.008227 0.085354 0.808871 0.033515 0.064032
2 4 0.066573 0.252075 0.394756 0.104224 0.182372
1 4 0.121494 0.287925 0.237421 0.114030 0.239130
4 4 0.083897 0.145669 0.218365 0.053729 0.498341
4 4 0.113818 0.184758 0.208895 0.062075 0.430453
4 4 0.056795 0.104268 0.241982 0.038054 0.558901
4 4 0.091034 0.156100 0.212194 0.057713 0.482959
4 4 0.135893 0.253474 0.195738 0.097241 0.317653
4 4 0.049428 0.092455 0.248418 0.033624 0.576075
4 1 0.034297 0.067253 0.261535 0.024240 0.612674
2 4 0.109064 0.239754 0.319264 0.068382 0.263536
4 4 0.081877 0.089612 0.255571 0.014743 0.558197
4 4 0.075208 0.122263 0.233347 0.038945 0.530237
4 4 0.017897 0.026735 0.287766 0.005235 0.662368
4 4 0.027818 0.034009 0.287670 0.005232 0.645272
4 4 0.131851 0.212474 0.177516 0.079486 0.398673
4 4 0.036808 0.071534 0.259377 0.025827 0.606454
4 4 0.156929 0.213222 0.177214 0.062282 0.390353
4 4 0.110659 0.183880 0.195378 0.068390 0.441693
4 4 0.057821 0.068354 0.268352 0.011765 0.593708
4 4 0.118593 0.126874 0.231327 0.022182 0.501025
4 4 0.121782 0.190683 0.191662 0.065800 0.430073
4 4 0.015405 0.033287 0.276983 0.011779 0.662546
4 4 0.193453 0.263985 0.163246 0.074866 0.304450
4 4 0.015569 0.033598 0.276862 0.011892 0.662079
4 4 0.112532 0.117795 0.237135 0.019540 0.512998
4 4 0.161077 0.249611 0.153466 0.094074 0.341772
4 4 0.162253 0.249820 0.153354 0.093305 0.341268
4 4 0.161077 0.249611 0.153466 0.094074 0.341772
4 1 0.100902 0.170230 0.203708 0.063131 0.462028
4 4 0.251353 0.254841 0.141326 0.052905 0.299574
1 4 0.271047 0.286485 0.183452 0.042917 0.216099
4 4 0.138393 0.221018 0.172071 0.082823 0.385696
4 4 0.025487 0.050765 0.270003 0.017528 0.636216
4 4 0.056437 0.070910 0.266295 0.013463 0.592894
4 4 0.147686 0.264973 0.180248 0.101621 0.305471
4 4 0.213765 0.254203 0.147514 0.065942 0.318576
1 4 0.127600 0.310525 0.286418 0.094202 0.181254
2 4 0.084075 0.319111 0.461252 0.067746 0.067816
2 4 0.119075 0.328420 0.374424 0.070473 0.107608
2 4 0.120536 0.329463 0.379334 0.067426 0.103241
2 4 0.111110 0.328961 0.409335 0.063708 0.086886
2 2 0.078545 0.302806 0.349229 0.127205 0.142214
2 2 0.037618 0.226979 0.561448 0.085215 0.088740
2 0 0.092404 0.322986 0.439612 0.068538 0.076459
0 0 0.588004 0.172209 0.159996 0.026100 0.053690
0 1 0.420016 0.229380 0.122565 0.026908 0.201131
2 1 0.110133 0.311531 0.312059 0.102307 0.163970
1 1 0.111155 0.309265 0.303085 0.104462 0.172033
1 1 0.101160 0.298749 0.286656 0.121580 0.191856
2 2 0.074114 0.306188 0.382266 0.118438 0.118993
2 2 0.018972 0.133506 0.748162 0.035779 0.063581
2 2 0.048673 0.280812 0.571176 0.061416 0.037922
2 2 0.023460 0.190795 0.704014 0.048290 0.033441
2 2 0.030486 0.234024 0.594603 0.087196 0.053691
2 2 0.034829 0.194864 0.638049 0.053444 0.078813
2 2 0.005037 0.048415 0.925415 0.011755 0.009378
2 2 0.017775 0.168789 0.750605 0.039466 0.023365
2 2 0.016163 0.138867 0.773486 0.034700 0.036784
2 0 0.011001 0.113525 0.829386 0.024210 0.021878
2 0 0.160134 0.335561 0.364956 0.046244 0.093105
2 2 0.087406 0.320786 0.453699 0.067546 0.070563
2 2 0.035194 0.260572 0.632741 0.050752 0.020742
2 2 0.033439 0.242303 0.624007 0.063882 0.036369
2 2 0.004604 0.041206 0.935906 0.010043 0.008242
2 2 0.009836 0.112743 0.826414 0.028406 0.022601
2 2 0.018794 0.164528 0.758500 0.034313 0.023865
2 2 0.002679 0.040583 0.921841 0.020077 0.014820
2 2 0.023077 0.204252 0.702963 0.046924 0.022784
2 2 0.012970 0.142321 0.797729 0.031546 0.015434
2 2 0.012247 0.136190 0.777913 0.044149 0.029501
2 2 0.005362 0.065404 0.893807 0.019706 0.015721
2 2 0.050150 0.293442 0.506931 0.092766 0.056711
2 2 0.007677 0.094063 0.855567 0.026121 0.016572
2 3 0.018105 0.178344 0.724754 0.050867 0.027930
2 3 0.004456 0.065822 0.807931 0.108181 0.013611
2 3 0.022149 0.154081 0.743914 0.034426 0.045429
2 3 0.002018 0.034544 0.919319 0.039809 0.004310
2 3 0.003794 0.063774 0.885660 0.029461 0.017311
2 3 0.012523 0.143651 0.788372 0.036133 0.019322
2 3 0.010062 0.124706 0.811130 0.039149 0.014954
2 3 0.001038 0.026152 0.897620 0.070645 0.004545
2 3 0.005574 0.084038 0.846610 0.051259 0.012520
2 3 0.002330 0.042033 0.770577 0.180246 0.004814
2 2 0.004574 0.081099 0.838872 0.065870 0.009585
2 3 0.012077 0.145311 0.777670 0.042878 0.022064
2 3 0.002766 0.052629 0.885158 0.052011 0.007436
2 3 0.007054 0.090082 0.851217 0.038716 0.012931
2 3 0.001301 0.031015 0.894979 0.068869 0.003836
2 3 0.004368 0.069354 0.868761 0.041447 0.016070
2 3 0.003076 0.046643 0.921740 0.020506 0.008036
2 3 0.002807 0.048898 0.872624 0.071169 0.004502
2 3 0.000769 0.022857 0.857183 0.115732 0.003459
2 0 0.002759 0.050802 0.846631 0.089520 0.010287
0 0 0.689340 0.126782 0.112703 0.024807 0.046368
2 2 0.071655 0.311687 0.483825 0.071806 0.061027
2 2 0.056337 0.294539 0.554929 0.057236 0.036959
2 2 0.025387 0.222565 0.679080 0.051563 0.021405
2 2 0.010922 0.110688 0.819874 0.039829 0.018687
2 2 0.025742 0.243572 0.652029 0.060059 0.018597
2 2 0.024008 0.235621 0.662892 0.059217 0.018261
2 3 0.001869 0.035974 0.922314 0.034669 0.005175
2 3 0.004625 0.068300 0.877210 0.040055 0.009810
2 2 0.013129 0.169608 0.710708 0.075505 0.031050
2 3 0.013667 0.148829 0.778424 0.037692 0.021387
2 2 0.003456 0.061438 0.882908 0.042879 0.009319
2 2 0.005559 0.090687 0.811002 0.084288 0.008464
2 2 0.012079 0.138790 0.784951 0.047108 0.017072
2 2 0.004909 0.083351 0.851070 0.042031 0.018639
2 2 0.018589 0.179639 0.716222 0.054143 0.031407
2 2 0.003934 0.074377 0.781758 0.134790 0.005141
2 1 0.237180 0.188942 0.296263 0.218982 0.058633
0 2 0.290902 0.243232 0.263494 0.097690 0.104682
2 2 0.009048 0.111064 0.772059 0.071227 0.036603
2 3 0.004519 0.060919 0.880939 0.027957 0.025665
2 3 0.005199 0.074994 0.781709 0.124991 0.013107
2 3 0.024140 0.195059 0.651164 0.072377 0.057260
2 3 0.003261 0.046548 0.888226 0.028873 0.033092
2 3 0.001958 0.032780 0.912853 0.026826 0.025584
2 3 0.007468 0.091723 0.806521 0.041355 0.052933
2 2 0.007787 0.100472 0.755618 0.106153 0.029970
2 2 0.027399 0.251755 0.623717 0.072923 0.024207
2 2 0.004898 0.068647 0.852312 0.034776 0.039367
2 2 0.001312 0.025513 0.919984 0.039458 0.013732
2 2 0.003265 0.069610 0.850960 0.063549 0.012615
2 2 0.033424 0.270137 0.519295 0.123939 0.053205
2 1 0.120460 0.152082 0.632611 0.065741 0.029106
0 1 0.620978 0.097961 0.165745 0.093157 0.022159
2 2 0.056104 0.293765 0.483990 0.094857 0.071284
2 2 0.006379 0.078246 0.798756 0.074185 0.042434
2 2 0.006052 0.082022 0.784363 0.087862 0.039701
2 2 0.000942 0.019329 0.934876 0.033783 0.011070
2 2 0.002884 0.046399 0.885171 0.040956 0.024590
2 1 0.054872 0.160367 0.719096 0.029511 0.036154
2 2 0.087504 0.305018 0.333137 0.121230 0.153111
2 2 0.005417 0.062086 0.826750 0.053016 0.052731
2 2 0.001891 0.032332 0.906798 0.037708 0.021271
2 2 0.004656 0.055509 0.856179 0.036724 0.046932
2 2 0.000454 0.012594 0.946878 0.035438 0.004636
2 2 0.002922 0.045257 0.875363 0.041223 0.035236
2 2 0.005218 0.062319 0.832545 0.029732 0.070186
2 2 0.004021 0.053336 0.849061 0.066310 0.027272
2 2 0.000330 0.011248 0.931038 0.054272 0.003112
2 2 0.001562 0.026757 0.921946 0.022032 0.027703
2 2 0.000907 0.020027 0.937973 0.029527 0.011565
2 2 0.004214 0.051401 0.857137 0.030115 0.057132
2 2 0.005777 0.071996 0.806906 0.069312 0.046008
2 3 0.000243 0.007667 0.957179 0.032707 0.002204
2 3 0.004902 0.059830 0.827827 0.054436 0.053005
2 3 0.001225 0.024424 0.900688 0.065014 0.008648
2 3 0.000365 0.011910 0.926006 0.057423 0.004296
2 3 0.000925 0.022667 0.753601 0.217681 0.005126
2 3 0.002139 0.037139 0.870004 0.078388 0.012330
2 3 0.000887 0.021277 0.811192 0.160528 0.006117
2 3 0.005562 0.089362 0.753843 0.136642 0.014592
2 3 0.000660 0.016756 0.940190 0.037920 0.004474
2 3 0.001822 0.040041 0.846632 0.105653 0.005851
2 3 0.003487 0.061145 0.854817 0.062435 0.018115
2 3 0.001460 0.030370 0.922583 0.031032 0.014556
2 3 0.001037 0.025147 0.859046 0.108855 0.005915
2 3 0.000480 0.013396 0.936672 0.044640 0.004811
2 3 0.000401 0.014074 0.926862 0.054875 0.003787
2 3 0.000914 0.024622 0.905132 0.061274 0.008057
2 3 0.001321 0.029936 0.913617 0.045492 0.009634
2 3 0.000668 0.017361 0.914684 0.061415 0.005873
2 3 0.000341 0.010765 0.878358 0.108235 0.002300
2 3 0.000816 0.019429 0.861223 0.112262 0.006270
2 3 0.000249 0.009762 0.875806 0.112789 0.001395
2 3 0.001295 0.028200 0.860495 0.101222 0.008788
2 3 0.000981 0.019894 0.840452 0.132451 0.006222
2 3 0.000546 0.014330 0.838817 0.142216 0.004090
2 3 0.000529 0.015665 0.829402 0.151308 0.003096
2 3 0.000323 0.011087 0.823714 0.163208 0.001669
2 3 0.000684 0.015445 0.685900 0.294580 0.003392
2 3 0.000478 0.011690 0.630315 0.355555 0.001962
2 3 0.000254 0.008417 0.828156 0.161800 0.001374
2 3 0.000230 0.008455 0.653903 0.336354 0.001058
2 3 0.000408 0.011162 0.716543 0.270032 0.001855
2 3 0.000502 0.014393 0.830532 0.152188 0.002383
2 3 0.000559 0.015217 0.595157 0.387051 0.002017
2 3 0.000436 0.013180 0.806108 0.177962 0.002314
2 3 0.000952 0.019962 0.644308 0.330675 0.004103
2 3 0.000189 0.006605 0.654664 0.337969 0.000574
2 3 0.000617 0.018447 0.828938 0.148885 0.003112
3 3 0.000573 0.013268 0.453906 0.530577 0.001676
3 3 0.000725 0.014438 0.478618 0.503142 0.003077
2 3 0.000278 0.009720 0.637423 0.351729 0.000850
3 3 0.003384 0.030400 0.315028 0.643670 0.007518
2 3 0.000907 0.023110 0.771139 0.200911 0.003933
2 3 0.000293 0.008996 0.778637 0.210710 0.001364
2 3 0.001210 0.022318 0.567144 0.404503 0.004825
2 3 0.000470 0.013199 0.542443 0.442571 0.001317
2 3 0.000862 0.020550 0.530296 0.445778 0.002514
3 3 0.000211 0.005532 0.364173 0.629496 0.000588
3 3 0.000499 0.012022 0.405175 0.581128 0.001177
2 3 0.000349 0.011187 0.600715 0.386654 0.001095
3 3 0.000457 0.011939 0.409543 0.577012 0.001049
3 3 0.000403 0.007819 0.266885 0.724127 0.000766
3 3 0.000753 0.011381 0.229151 0.757161 0.001553
3 3 0.000644 0.014844 0.448715 0.533712 0.002086
3 3 0.000282 0.005442 0.209596 0.784129 0.000552
3 3 0.000270 0.008116 0.474686 0.516113 0.000815
3 3 0.001971 0.014582 0.133537 0.847789 0.002120
3 3 0.001151 0.012959 0.146121 0.838107 0.001663
3 1 0.010849 0.041464 0.158351 0.783652 0.005685
2 2 0.079590 0.307714 0.368461 0.116736 0.127499
2 2 0.002269 0.038494 0.885729 0.052004 0.021503
2 2 0.000367 0.012115 0.927608 0.056906 0.003004
2 3 0.000390 0.012495 0.921790 0.062279 0.003046
2 2 0.000165 0.006614 0.825218 0.167127 0.000877
2 2 0.040211 0.120401 0.399792 0.049452 0.390143
2 4 0.046557 0.133885 0.388626 0.051738 0.379194
4 4 0.094935 0.203948 0.259380 0.078201 0.363536
4 4 0.018779 0.039636 0.274410 0.014088 0.653088
4 4 0.016709 0.035759 0.276006 0.012677 0.658849
4 4 0.041801 0.079924 0.255058 0.028946 0.594271
2 4 0.040325 0.111639 0.408623 0.039006 0.400407
4 4 0.025782 0.052375 0.268738 0.018752 0.634354
4 4 0.014813 0.032154 0.277418 0.011368 0.664246
4 4 0.014776 0.032084 0.277445 0.011343 0.664353
4 1 0.019777 0.037355 0.277930 0.011125 0.653813
4 1 0.161077 0.249611 0.153466 0.094074 0.341772
4 4 0.161077 0.249611 0.153466 0.094074 0.341772
4 4 0.019363 0.040719 0.273951 0.014483 0.651484
4 4 0.048214 0.090483 0.249477 0.032886 0.578941
4 4 0.037172 0.072151 0.259063 0.026056 0.605557
4 4 0.012776 0.028218 0.278864 0.009944 0.670198
4 4 0.046466 0.087628 0.251001 0.031819 0.583086
4 4 0.031496 0.062422 0.263928 0.022454 0.619701
4 4 0.027779 0.055919 0.267070 0.020055 0.629178
4 4 0.041279 0.079055 0.255511 0.028622 0.595532
4 4 0.013637 0.029891 0.278263 0.010549 0.667660
4 4 0.024797 0.050615 0.269554 0.018105 0.636929
4 4 0.161077 0.249611 0.153466 0.094074 0.341772
4 4 0.143721 0.227877 0.167661 0.085510 0.375230
4 4 0.025449 0.051782 0.269014 0.018534 0.635221
4 4 0.080066 0.139994 0.221687 0.051568 0.506685
4 4 0.122394 0.199890 0.185446 0.074589 0.417681
4 4 0.056964 0.104536 0.241835 0.038155 0.558510
4 4 0.007204 0.017000 0.282127 0.005916 0.687752
4 4 0.014531 0.022529 0.288973 0.004489 0.669478
4 4 0.035085 0.033739 0.291354 0.003643 0.636180
4 4 0.047963 0.050938 0.279821 0.006989 0.614288
4 4 0.016474 0.025587 0.287539 0.005255 0.665146
4 4 0.139195 0.222056 0.171405 0.083229 0.384114
4 4 0.062584 0.113370 0.236923 0.041481 0.545643
4 4 0.119201 0.195577 0.188139 0.072915 0.424168
4 2 0.161077 0.249611 0.153466 0.094074 0.341772
4 2 0.059755 0.108942 0.239395 0.039812 0.552096
4 2 0.065954 0.118599 0.233979 0.043455 0.538014
4 1 0.079952 0.164244 0.277335 0.058301 0.420168
0 1 0.369494 0.241238 0.120207 0.026977 0.242083
4 1 0.041116 0.078783 0.255652 0.028521 0.595928
4 1 0.060842 0.110647 0.238445 0.040455 0.549612
4 2 0.032211 0.078645 0.339218 0.029156 0.520769
4 1 0.041955 0.080181 0.254924 0.029041 0.593899
4 2 0.128002 0.207386 0.180736 0.077503 0.406374
2 2 0.024378 0.080540 0.457137 0.030866 0.407079
2 2 0.022911 0.078448 0.471723 0.030150 0.396768
4 2 0.036531 0.087020 0.330217 0.032322 0.513910
2 2 0.008699 0.054664 0.703610 0.022253 0.210774
2 2 0.014785 0.075769 0.627182 0.030498 0.251765
2 2 0.006580 0.052067 0.770273 0.021804 0.149276
2 2 0.008302 0.056555 0.727429 0.023302 0.184411
2 2 0.014835 0.069049 0.594378 0.027352 0.294386
2 2 0.004635 0.040566 0.800713 0.017031 0.137055
2 2 0.011566 0.065193 0.664200 0.026378 0.232662
4 2 0.033308 0.084198 0.352230 0.031419 0.498845
2 2 0.007698 0.058337 0.787445 0.020884 0.125635
2 2 0.009801 0.061849 0.702016 0.025331 0.201003
2 2 0.007961 0.064176 0.766361 0.027200 0.134301
2 2 0.001395 0.022873 0.927387 0.013190 0.035156
2 2 0.010794 0.060456 0.663652 0.024359 0.240739
2 2 0.013791 0.079499 0.664414 0.032552 0.209745
2 2 0.002190 0.029978 0.894244 0.012351 0.061237
2 2 0.002692 0.033193 0.878032 0.013586 0.072496
2 2 0.011495 0.063321 0.657026 0.025513 0.242645
2 2 0.001396 0.022915 0.928248 0.015490 0.031951
2 2 0.005572 0.054756 0.814853 0.023676 0.101143
2 2 0.001248 0.025032 0.930360 0.024333 0.019026
2 2 0.001470 0.024337 0.926405 0.016934 0.030854
2 2 0.001405 0.024311 0.928604 0.016421 0.029259
2 2 0.000906 0.019793 0.941077 0.021289 0.016935
2 2 0.001509 0.027197 0.919665 0.023852 0.027778
2 2 0.000761 0.016867 0.941675 0.030982 0.009716
2 2 0.000359 0.010581 0.944021 0.039609 0.005428
2 2 0.000440 0.012502 0.954800 0.024514 0.007745
2 2 0.001937 0.030984 0.909924 0.018781 0.038373
2 2 0.003762 0.045157 0.858507 0.035495 0.057079
2 2 0.002501 0.036457 0.899246 0.023664 0.038133
2 2 0.001775 0.039422 0.866468 0.082453 0.009882
2 1 0.025051 0.174479 0.643937 0.067584 0.088949
0 1 0.335535 0.256016 0.137566 0.031993 0.238891
2 2 0.010700 0.093014 0.761746 0.038902 0.095638
2 2 0.003589 0.045755 0.881961 0.017965 0.050730
2 2 0.000862 0.017409 0.944599 0.025793 0.011338
2 2 0.001141 0.022155 0.940940 0.016680 0.019084
2 2 0.004053 0.048671 0.859664 0.020309 0.067303
2 2 0.004221 0.059190 0.856384 0.053117 0.027087
2 2 0.002624 0.038305 0.903793 0.015979 0.039300
2 2 0.000784 0.016045 0.962182 0.011509 0.009480
2 2 0.007214 0.066314 0.791997 0.028662 0.105813
2 2 0.003122 0.043248 0.868415 0.037449 0.047765
2 3 0.004315 0.053009 0.850954 0.023618 0.068104
2 2 0.001073 0.025620 0.913916 0.049758 0.009632
2 2 0.007513 0.086227 0.848574 0.028381 0.029306
2 2 0.004786 0.057399 0.843146 0.025580 0.069089
2 1 0.008271 0.091040 0.814977 0.034316 0.051396
2 2 0.072069 0.308910 0.411600 0.107073 0.100347
2 2 0.033503 0.268187 0.572981 0.088980 0.036349
2 2 0.022137 0.174389 0.642170 0.077499 0.083805
2 2 0.002046 0.032350 0.909746 0.019769 0.036089
2 2 0.004283 0.041040 0.872297 0.012221 0.070160
2 2 0.016547 0.168732 0.744106 0.045647 0.024968
2 2 0.004359 0.057869 0.862193 0.024396 0.051183
2 2 0.000647 0.016190 0.952321 0.025611 0.005230
2 2 0.008367 0.076497 0.803751 0.028818 0.082568
2 2 0.000784 0.014466 0.941323 0.031695 0.011732
2 0 0.098942 0.324351 0.407848 0.075529 0.093330
0 0 0.605910 0.178352 0.081156 0.008539 0.126043
0 1 0.396837 0.235531 0.119152 0.025486 0.222994
4 2 0.150877 0.261544 0.173740 0.099896 0.313943
2 2 0.017913 0.107635 0.656066 0.044954 0.173432
2 2 0.006773 0.062422 0.796045 0.026913 0.107847
2 2 0.007335 0.072824 0.799032 0.031955 0.088855
2 2 0.000789 0.016085 0.954775 0.016873 0.011478
2 2 0.001574 0.026855 0.920673 0.018289 0.032610
2 2 0.003875 0.046544 0.858327 0.021511 0.069743
2 2 0.001630 0.026734 0.921685 0.015412 0.034538
2 2 0.001195 0.023151 0.931481 0.019028 0.025145
2 2 0.005477 0.056756 0.808534 0.032343 0.096889
2 2 0.000805 0.018192 0.935193 0.033187 0.012624
2 2 0.002245 0.032910 0.886763 0.033243 0.044838
2 3 0.003063 0.038584 0.879204 0.019529 0.059620
2 2 0.001362 0.025844 0.908860 0.046854 0.017080
2 2 0.003887 0.045021 0.855098 0.022418 0.073576
2 2 0.002841 0.041844 0.885106 0.030622 0.039588
2 2 0.002629 0.038779 0.911570 0.021082 0.025940
2 2 0.009073 0.079681 0.770355 0.034519 0.106371
2 0 0.018620 0.105291 0.640625 0.043582 0.191882
0 1 0.516192 0.202859 0.114202 0.021240 0.145507
1 2 0.123705 0.286249 0.232100 0.113158 0.244789
2 2 0.011509 0.089808 0.766116 0.032765 0.099802
2 2 0.011724 0.093375 0.813190 0.024184 0.057528
2 2 0.005108 0.063657 0.843318 0.029987 0.057930
2 2 0.010039 0.083388 0.779222 0.031440 0.095911
2 2 0.008324 0.090317 0.773812 0.049966 0.077580
2 2 0.048421 0.184335 0.455092 0.074793 0.237359
2 2 0.002209 0.027592 0.940691 0.018651 0.010856
2 2 0.007766 0.074053 0.790979 0.032337 0.094865
2 2 0.019027 0.143019 0.687601 0.057392 0.092962
0 1 0.480287 0.208809 0.132144 0.032160 0.146599
1 2 0.097495 0.300031 0.296187 0.122702 0.183585
2 2 0.024005 0.114529 0.580626 0.046587 0.234252
2 2 0.010003 0.083506 0.838542 0.019757 0.048192
2 2 0.006570 0.057612 0.869143 0.017404 0.049271
2 2 0.008946 0.079592 0.772899 0.034541 0.104023
2 2 0.007965 0.081107 0.793975 0.035900 0.081053
2 2 0.001610 0.026971 0.935567 0.014015 0.021836
2 2 0.014015 0.098723 0.704832 0.041932 0.140499
2 2 0.003122 0.043413 0.872438 0.031728 0.049299
2 2 0.043080 0.283079 0.551215 0.080953 0.041673
2 1 0.025619 0.198791 0.644015 0.072202 0.059373
2 2 0.078701 0.313453 0.409456 0.098548 0.099841
2 2 0.015283 0.119991 0.756899 0.038246 0.069581
2 2 0.006053 0.058911 0.907102 0.012169 0.015766
2 2 0.016031 0.108821 0.703410 0.042686 0.129052
2 2 0.016348 0.155160 0.762720 0.046954 0.018817
2 2 0.096517 0.318572 0.371205 0.093700 0.120007
2 2 0.001051 0.022620 0.943506 0.021274 0.011548
2 2 0.007661 0.073063 0.811494 0.028068 0.079714
2 2 0.009980 0.082610 0.766014 0.033640 0.107756
2 2 0.006028 0.082792 0.813428 0.049300 0.048452
2 2 0.050223 0.246995 0.598464 0.050167 0.054151
2 1 0.103988 0.326675 0.412183 0.068861 0.088293
1 2 0.147376 0.306920 0.259677 0.085996 0.200031
1 2 0.113211 0.292141 0.256562 0.116973 0.221113
2 2 0.008318 0.076713 0.782381 0.033399 0.099189
2 2 0.001674 0.031374 0.923685 0.029116 0.014151
2 2 0.017490 0.108430 0.767006 0.026340 0.080734
2 1 0.129229 0.329014 0.357176 0.068681 0.115901
0 0 0.397134 0.253310 0.135909 0.021802 0.191844
0 0 0.777648 0.114184 0.039587 0.001568 0.067013
0 0 0.332791 0.247177 0.127088 0.033134 0.259810
0 0 0.671608 0.155164 0.069397 0.005899 0.097931
0 0 0.906958 0.049498 0.029763 0.001364 0.012416
0 0 0.970623 0.018556 0.007157 0.000071 0.003592
0 0 0.940551 0.035987 0.012843 0.000191 0.010428
0 0 0.928066 0.043475 0.011417 0.000120 0.016921
0 0 0.492843 0.213183 0.096110 0.013366 0.184498
0 0 0.836321 0.088457 0.028317 0.000766 0.046139
0 0 0.934070 0.038050 0.017846 0.000435 0.009598
0 0 0.563671 0.189659 0.119569 0.019968 0.107133
0 0 0.413221 0.232590 0.111792 0.021115 0.221282
0 0 0.355008 0.239151 0.125115 0.027707 0.253021
4 0 0.161077 0.249611 0.153466 0.094074 0.341772
4 0 0.161077 0.249611 0.153466 0.094074 0.341772
4 0 0.123083 0.200501 0.185083 0.074617 0.416716
4 0 0.161077 0.249611 0.153466 0.094074 0.341772
4 0 0.086693 0.149777 0.215944 0.055296 0.492289
4 0 0.094215 0.160691 0.209452 0.059471 0.476171
4 0 0.059515 0.108564 0.239604 0.039670 0.552646
4 0 0.056222 0.103360 0.242483 0.037713 0.560223
4 0 0.062495 0.113231 0.237000 0.041429 0.545844
4 0 0.053065 0.098321 0.245242 0.035821 0.567550
4 0 0.111842 0.185513 0.194373 0.069021 0.439251
4 0 0.194007 0.160807 0.201751 0.020970 0.422466
4 0 0.024689 0.050421 0.269643 0.018034 0.637213
4 0 0.105612 0.176859 0.199679 0.065682 0.452168
4 0 0.107582 0.074573 0.263592 0.006029 0.548223
0 0 0.428450 0.102093 0.165489 0.002053 0.301915
4 0 0.132090 0.068631 0.263893 0.003582 0.531803
4 0 0.035115 0.046194 0.279891 0.008481 0.630318
4 0 0.031514 0.034839 0.288770 0.004648 0.640230
2 0 0.163236 0.268562 0.304811 0.048274 0.215117
4 0 0.016545 0.026829 0.286097 0.005932 0.664597
4 0 0.031923 0.044899 0.279561 0.009034 0.634583
4 0 0.029728 0.056401 0.268055 0.018576 0.627240
4 0 0.089765 0.113129 0.292934 0.019569 0.484603
4 0 0.057007 0.075448 0.263124 0.015693 0.588727
4 1 0.078558 0.137745 0.222997 0.050712 0.509988
0 0 0.586146 0.184626 0.086613 0.010089 0.132526
2 1 0.149069 0.325986 0.359770 0.061517 0.103658
4 1 0.080499 0.140638 0.221312 0.051812 0.505739
4 1 0.092684 0.158485 0.210771 0.058626 0.479434
4 1 0.161077 0.249611 0.153466 0.094074 0.341772
4 1 0.090183 0.154867 0.212928 0.057241 0.484781
4 1 0.050538 0.094253 0.247449 0.034297 0.573463
4 1 0.063592 0.114939 0.236042 0.042073 0.543355
2 1 0.035427 0.126446 0.485516 0.047639 0.304971
4 1 0.161077 0.249611 0.153466 0.094074 0.341772
4 1 0.051448 0.095722 0.246654 0.034847 0.571328
4 1 0.049243 0.104958 0.289754 0.038874 0.517172
4 2 0.037161 0.072133 0.259072 0.026050 0.605583
4 2 0.044621 0.084596 0.252607 0.030687 0.587488
4 2 0.046652 0.091064 0.261868 0.033231 0.567186
4 2 0.054001 0.099821 0.244424 0.036384 0.565371
4 2 0.050032 0.093435 0.247891 0.033990 0.574652
2 2 0.027798 0.103348 0.497420 0.040598 0.330835
4 2 0.039023 0.109600 0.388164 0.041843 0.421371
2 2 0.021202 0.125817 0.650894 0.049748 0.152338
4 2 0.039277 0.098733 0.348934 0.037081 0.475975
2 2 0.014616 0.085989 0.666574 0.035431 0.197391
2 2 0.008157 0.057799 0.782003 0.019532 0.132509
2 2 0.005828 0.049304 0.842600 0.015064 0.087203
2 2 0.013480 0.068843 0.628619 0.027579 0.261480
2 2 0.007508 0.061637 0.772494 0.026141 0.132220
2 2 0.004687 0.045142 0.846131 0.016214 0.087826
2 2 0.006379 0.057426 0.795693 0.024585 0.115917
2 2 0.002299 0.033848 0.893836 0.015599 0.054418
2 2 0.011468 0.077512 0.712259 0.032366 0.166396
2 2 0.005682 0.058343 0.819209 0.025456 0.091310
2 2 0.001358 0.024955 0.925492 0.025355 0.022840
2 2 0.007161 0.065726 0.791823 0.028523 0.106767
2 2 0.008974 0.078344 0.770558 0.033885 0.108241
2 2 0.003961 0.049094 0.857799 0.021545 0.067601
2 2 0.004366 0.068615 0.857364 0.033029 0.036625
2 3 0.004014 0.059041 0.875682 0.028171 0.033093
2 3 0.003437 0.057393 0.849429 0.064780 0.024961
2 3 0.003484 0.058537 0.862316 0.048027 0.027636
2 3 0.001796 0.039464 0.908576 0.043032 0.007132
2 3 0.000706 0.023918 0.851507 0.120470 0.003399
2 3 0.001687 0.038108 0.897596 0.051351 0.011258
2 3 0.001030 0.030429 0.876480 0.085548 0.006514
2 3 0.003208 0.061863 0.880651 0.039105 0.015173
2 3 0.001632 0.038423 0.885407 0.069436 0.005102
2 3 0.000901 0.023650 0.896055 0.076600 0.002795
2 3 0.003386 0.072120 0.828553 0.086650 0.009291
2 3 0.000779 0.022717 0.825609 0.148480 0.002414
2 3 0.000495 0.016612 0.845478 0.135153 0.002261
2 3 0.001727 0.041783 0.779585 0.172390 0.004516
2 3 0.001579 0.038418 0.846992 0.109041 0.003970
2 3 0.000783 0.025666 0.818617 0.152426 0.002509
2 3 0.000885 0.023395 0.722094 0.250346 0.003280
2 3 0.000730 0.021236 0.838640 0.136789 0.002606
2 3 0.000890 0.021557 0.729644 0.245406 0.002503
2 3 0.000672 0.019176 0.821416 0.156302 0.002433
2 3 0.001178 0.027070 0.592701 0.376995 0.002057
2 3 0.000723 0.016888 0.592275 0.388435 0.001679
2 3 0.003692 0.059927 0.705888 0.222640 0.007854
2 3 0.000681 0.018194 0.717574 0.261910 0.001641
2 3 0.004883 0.078037 0.608112 0.302445 0.006524
2 3 0.000676 0.016104 0.515866 0.466090 0.001263
2 1 0.001130 0.020841 0.659303 0.316723 0.002003
3 1 0.097452 0.122145 0.316116 0.445227 0.019059
2 2 0.037035 0.225861 0.532968 0.170036 0.034100
2 2 0.053023 0.254473 0.451510 0.108410 0.132583
2 1 0.019488 0.159958 0.710686 0.053547 0.056322
2 2 0.045731 0.227056 0.531903 0.152444 0.042864
2 2 0.011850 0.098707 0.740599 0.042893 0.105950
2 2 0.009114 0.092696 0.838524 0.024449 0.035217
2 2 0.005622 0.073732 0.854709 0.029309 0.036628
2 2 0.001782 0.031788 0.934374 0.021061 0.010995
2 2 0.004282 0.064545 0.867481 0.028148 0.035544
2 1 0.006051 0.075594 0.830026 0.036817 0.051513
2 1 0.092043 0.309554 0.482756 0.051448 0.064199
2 1 0.009435 0.093994 0.840627 0.039281 0.016665
2 2 0.015244 0.118489 0.705869 0.051472 0.108927
2 2 0.003537 0.052421 0.899535 0.016831 0.027677
2 2 0.022545 0.163250 0.702005 0.049627 0.062572
2 2 0.002352 0.039486 0.900931 0.028446 0.028785
2 2 0.005733 0.070220 0.863627 0.022887 0.037534
2 2 0.014696 0.136640 0.740475 0.051182 0.057007
2 2 0.004259 0.056953 0.896120 0.018404 0.024264
2 2 0.000892 0.021017 0.938809 0.028925 0.010357
2 2 0.034769 0.213531 0.607225 0.068996 0.075479
2 2 0.004315 0.057589 0.901024 0.017393 0.019680
2 1 0.040226 0.178030 0.585078 0.053183 0.143483
2 2 0.266963 0.216577 0.277971 0.150548 0.087942
2 2 0.051986 0.295493 0.500066 0.093251 0.059204
2 2 0.030978 0.194189 0.577197 0.084187 0.113450
2 2 0.000824 0.020888 0.946412 0.024567 0.007309
2 2 0.003304 0.052499 0.893589 0.025044 0.025564
2 2 0.014901 0.116860 0.778398 0.032258 0.057583
2 2 0.001968 0.032387 0.931566 0.022210 0.011869
2 2 0.002945 0.047910 0.896401 0.021316 0.031429
2 2 0.038539 0.277130 0.553927 0.088869 0.041534
2 2 0.091554 0.290323 0.453908 0.061244 0.102971
2 2 0.040068 0.187153 0.550782 0.067028 0.154969
2 2 0.015594 0.103106 0.786051 0.024524 0.070725
2 2 0.020949 0.121911 0.634843 0.051019 0.171277
2 2 0.022037 0.118006 0.752987 0.024499 0.082471
2 2 0.056280 0.210902 0.428539 0.086092 0.218187
2 2 0.028276 0.143808 0.674958 0.038613 0.114345
1 2 0.119285 0.309955 0.294285 0.099318 0.177157
4 2 0.161077 0.249611 0.153466 0.094074 0.341772
2 2 0.009245 0.082812 0.826961 0.024096 0.056886
2 2 0.017312 0.127776 0.685410 0.055330 0.114171
2 2 0.009646 0.071261 0.857424 0.013494 0.048175
2 2 0.033698 0.182810 0.559420 0.076788 0.147283
2 2 0.054287 0.238836 0.507153 0.077147 0.122577
2 2 0.090170 0.320092 0.407256 0.085204 0.097278
2 2 0.029622 0.195865 0.637821 0.064410 0.072283
2 2 0.009194 0.091991 0.778899 0.040867 0.079048
2 2 0.039994 0.169196 0.500397 0.069195 0.221219
2 1 0.106289 0.225460 0.346512 0.056665 0.265075
0 1 0.607941 0.175517 0.092144 0.012075 0.112323
1 2 0.121778 0.287611 0.236520 0.113973 0.240118
2 2 0.054783 0.234734 0.444377 0.098051 0.168056
2 2 0.042349 0.204762 0.505768 0.086089 0.161031
2 2 0.017324 0.166776 0.715018 0.058758 0.042124
2 2 0.041205 0.217702 0.513756 0.092929 0.134408
2 2 0.041350 0.198787 0.643789 0.042316 0.073759
2 2 0.067973 0.202963 0.363431 0.080535 0.285097
2 2 0.082907 0.221143 0.368509 0.070930 0.256511
1 4 0.108607 0.296452 0.270369 0.118295 0.206276
4 4 0.136222 0.218198 0.173873 0.081720 0.389986
4 4 0.089080 0.153263 0.213880 0.056628 0.487149
4 4 0.155109 0.242243 0.158318 0.091162 0.353169
4 4 0.113363 0.114892 0.238786 0.018061 0.514897
4 4 0.072355 0.128402 0.228395 0.047165 0.523682
4 0 0.137169 0.219430 0.173086 0.082202 0.388112
0 1 0.325250 0.239270 0.259194 0.082486 0.093800
