1 0 0.185133 0.541403 0.089285 0.001258 0.182921
1 1 0.147682 0.469126 0.136395 0.004292 0.242505
4 1 0.141079 0.334355 0.171989 0.018152 0.334425
1 1 0.146820 0.415272 0.151368 0.007695 0.278845
1 1 0.147253 0.429022 0.147611 0.006639 0.269474
1 1 0.146270 0.402242 0.154876 0.008843 0.287769
1 1 0.147017 0.420949 0.149823 0.007241 0.274969
4 4 0.129170 0.254376 0.187685 0.042572 0.386197
4 4 0.143055 0.322542 0.171738 0.020184 0.342482
1 4 0.146055 0.397876 0.156038 0.009264 0.290767
1 4 0.156014 0.369385 0.153666 0.011628 0.309307
1 4 0.147692 0.466045 0.137268 0.004440 0.244554
1 4 0.146008 0.396951 0.156283 0.009356 0.291402
1 4 0.142417 0.347633 0.168833 0.015775 0.325342
4 4 0.162963 0.252125 0.159025 0.036474 0.389413
1 4 0.146463 0.406464 0.153745 0.008454 0.284874
1 4 0.147642 0.475069 0.134706 0.004020 0.238563
1 4 0.146077 0.398310 0.155923 0.009221 0.290469
1 4 0.182964 0.332995 0.139649 0.014174 0.330218
1 4 0.147476 0.487351 0.131199 0.003507 0.230467
4 4 0.186909 0.253032 0.142544 0.031566 0.385949
4 4 0.167447 0.201507 0.151141 0.059533 0.420372
1 4 0.144684 0.375205 0.161956 0.011784 0.306371
1 4 0.146716 0.412547 0.152106 0.007922 0.280709
1 4 0.144376 0.370926 0.163049 0.012330 0.309319
4 4 0.137923 0.308047 0.177865 0.023986 0.352179
1 4 0.142425 0.347712 0.168814 0.015761 0.325288
1 4 0.146152 0.399806 0.155525 0.009076 0.289442
4 4 0.170289 0.332346 0.148650 0.015495 0.333220
1 4 0.146021 0.397213 0.156214 0.009330 0.291222
1 4 0.147672 0.455130 0.140347 0.005004 0.251847
1 4 0.146870 0.416651 0.150994 0.007582 0.277903
1 4 0.147676 0.455876 0.140137 0.004963 0.251347
1 1 0.146973 0.419608 0.150189 0.007346 0.275884
1 1 0.146782 0.414248 0.151646 0.007780 0.279545
1 1 0.147561 0.444284 0.143384 0.005631 0.259141
1 1 0.146482 0.520266 0.121706 0.002415 0.209131
1 1 0.144785 0.551804 0.112519 0.001669 0.189223
1 1 0.147380 0.434274 0.146163 0.006274 0.265909
1 1 0.140674 0.600958 0.098115 0.000908 0.159345
1 1 0.139586 0.611225 0.095103 0.000795 0.153291
1 1 0.137421 0.629716 0.089682 0.000621 0.142560
1 1 0.139279 0.613991 0.094292 0.000766 0.151672
1 1 0.139225 0.614467 0.094152 0.000762 0.151394
1 1 0.134733 0.650020 0.083741 0.000469 0.131038
1 1 0.130731 0.589868 0.122678 0.000999 0.155724
1 2 0.100751 0.544764 0.218427 0.001120 0.134937
1 2 0.060976 0.470232 0.383707 0.000674 0.084411
1 2 0.106791 0.588758 0.175800 0.000774 0.127877
1 2 0.058605 0.477858 0.384830 0.000552 0.078156
1 2 0.073814 0.571944 0.269359 0.000398 0.084484
2 2 0.026339 0.211786 0.702898 0.001579 0.057398
2 2 0.022853 0.228458 0.705241 0.000712 0.042736
2 2 0.029064 0.225940 0.680798 0.001680 0.062518
2 2 0.018070 0.154973 0.781663 0.001568 0.043726
2 2 0.019808 0.154809 0.772775 0.002156 0.050451
2 2 0.029611 0.243230 0.666163 0.001313 0.059684
2 2 0.031760 0.222837 0.670483 0.002387 0.072533
2 2 0.025696 0.200986 0.713284 0.001803 0.058232
2 2 0.023459 0.238789 0.694570 0.000646 0.042536
2 2 0.020721 0.188200 0.745302 0.001138 0.044639
2 2 0.018631 0.160732 0.774895 0.001503 0.044239
2 2 0.019517 0.152545 0.775741 0.002175 0.050022
2 2 0.004888 0.049592 0.927301 0.001474 0.016745
2 2 0.027037 0.206881 0.703025 0.001899 0.061158
2 2 0.009724 0.084032 0.874166 0.002094 0.029984
2 2 0.016097 0.056143 0.872602 0.023008 0.032151
2 2 0.010420 0.059501 0.890111 0.007605 0.032362
2 2 0.008550 0.046388 0.912058 0.008472 0.024533
2 3 0.024284 0.123271 0.782767 0.008142 0.061536
2 3 0.016725 0.070791 0.856889 0.014882 0.040712
2 3 0.018635 0.126248 0.795269 0.003953 0.055894
2 3 0.010409 0.040618 0.900420 0.027872 0.020681
2 3 0.005646 0.018882 0.891660 0.076657 0.007155
2 3 0.006428 0.019697 0.901235 0.065480 0.007159
2 3 0.012554 0.046930 0.888458 0.027480 0.024577
2 3 0.003412 0.009118 0.844245 0.141071 0.002154
2 3 0.005000 0.011165 0.700153 0.280404 0.003277
3 3 0.014081 0.021493 0.360517 0.590905 0.013004
2 3 0.006020 0.011107 0.555937 0.423364 0.003572
2 3 0.013962 0.022359 0.495421 0.457111 0.011147
2 3 0.010723 0.018062 0.549044 0.414674 0.007497
3 3 0.007179 0.011275 0.417083 0.560260 0.004203
3 3 0.006306 0.009866 0.438093 0.542474 0.003261
2 3 0.013871 0.027558 0.626715 0.317455 0.014401
3 3 0.007373 0.011990 0.447943 0.528219 0.004475
3 3 0.004547 0.008246 0.481813 0.502938 0.002457
3 3 0.001886 0.002877 0.226842 0.767675 0.000720
3 3 0.002956 0.005567 0.447006 0.543061 0.001412
2 3 0.002114 0.004376 0.547516 0.445135 0.000860
2 3 0.013047 0.039665 0.853174 0.071094 0.023021
2 3 0.004871 0.016633 0.909513 0.063262 0.005722
2 3 0.002480 0.008431 0.925510 0.061694 0.001885
2 3 0.009376 0.054899 0.918058 0.003797 0.013870
2 2 0.013001 0.056356 0.893017 0.011960 0.025666
2 2 0.003773 0.012583 0.899662 0.080273 0.003709
2 2 0.004610 0.014965 0.904864 0.070799 0.004762
2 3 0.002840 0.005823 0.572904 0.417128 0.001306
2 3 0.012384 0.024856 0.648214 0.302616 0.011930
2 3 0.005134 0.017004 0.928621 0.043671 0.005571
2 3 0.006891 0.044455 0.925471 0.004750 0.018433
2 3 0.003390 0.017596 0.958958 0.013452 0.006603
2 3 0.005445 0.020964 0.913220 0.051697 0.008674
2 3 0.008630 0.025308 0.897441 0.058224 0.010398
2 3 0.004035 0.008575 0.684362 0.300894 0.002134
3 3 0.005750 0.009987 0.461193 0.519691 0.003379
2 3 0.004067 0.009181 0.682021 0.302266 0.002466
2 3 0.003845 0.009850 0.747152 0.236440 0.002713
2 3 0.005991 0.010315 0.511948 0.468481 0.003265
2 3 0.008570 0.016799 0.556650 0.410827 0.007155
2 3 0.002755 0.006078 0.588384 0.401359 0.001424
2 3 0.001413 0.003035 0.515033 0.480008 0.000511
2 3 0.012051 0.024410 0.621838 0.329628 0.012073
2 3 0.003161 0.008660 0.758142 0.227782 0.002255
2 3 0.002767 0.005491 0.509819 0.480640 0.001282
2 3 0.008549 0.020801 0.772275 0.189937 0.008437
2 3 0.003165 0.008621 0.783520 0.202534 0.002160
2 3 0.006903 0.012804 0.521939 0.453620 0.004734
2 3 0.002628 0.008435 0.867338 0.119573 0.002026
2 3 0.009105 0.017581 0.585278 0.380708 0.007328
3 3 0.001423 0.001740 0.176661 0.819732 0.000444
3 3 0.002468 0.004345 0.338221 0.653838 0.001128
3 3 0.001832 0.003238 0.323922 0.670281 0.000727
3 3 0.002421 0.002990 0.177022 0.816610 0.000957
3 3 0.003329 0.005541 0.359374 0.630209 0.001547
3 3 0.002551 0.003377 0.172786 0.820235 0.001051
3 3 0.002123 0.002584 0.157435 0.837011 0.000847
3 3 0.004359 0.005690 0.212565 0.775305 0.002082
3 3 0.004027 0.005118 0.209293 0.779551 0.002012
3 3 0.003586 0.003017 0.106845 0.885173 0.001379
3 3 0.002485 0.003552 0.236932 0.755967 0.001064
3 3 0.003391 0.002539 0.087485 0.905256 0.001329
3 3 0.002584 0.003115 0.155770 0.837431 0.001101
3 3 0.005988 0.003597 0.097516 0.890769 0.002131
3 3 0.003493 0.002958 0.107713 0.884493 0.001343
3 3 0.003576 0.003052 0.153495 0.838681 0.001196
3 3 0.003279 0.002192 0.072178 0.921138 0.001212
3 3 0.001538 0.002502 0.250773 0.744610 0.000576
3 3 0.001460 0.002318 0.228461 0.767209 0.000552
3 3 0.002458 0.002611 0.131466 0.862516 0.000949
3 3 0.005528 0.009095 0.404181 0.578073 0.003124
3 3 0.004026 0.002932 0.110866 0.880739 0.001438
3 3 0.003323 0.002078 0.083577 0.909948 0.001074
3 3 0.001864 0.001183 0.056664 0.939729 0.000559
3 3 0.002935 0.001511 0.049374 0.945189 0.000990
3 3 0.003045 0.001771 0.067170 0.927066 0.000949
3 3 0.003310 0.001274 0.041438 0.953132 0.000845
3 3 0.004664 0.002455 0.064778 0.926488 0.001616
3 3 0.003804 0.002111 0.065965 0.926854 0.001266
3 3 0.002262 0.001028 0.038804 0.957261 0.000644
3 3 0.004352 0.003908 0.122640 0.867227 0.001873
3 3 0.002999 0.002671 0.129728 0.863506 0.001094
3 3 0.003294 0.001483 0.050597 0.943674 0.000952
3 3 0.002179 0.001379 0.068766 0.927028 0.000649
3 3 0.002809 0.001612 0.062997 0.931746 0.000836
3 3 0.001704 0.000817 0.043073 0.954017 0.000389
3 3 0.002587 0.002085 0.098724 0.895713 0.000891
3 3 0.002785 0.001440 0.047799 0.947094 0.000882
3 3 0.003869 0.001897 0.049726 0.943197 0.001311
3 3 0.004806 0.002165 0.049672 0.941735 0.001623
3 3 0.002203 0.000788 0.032903 0.963625 0.000481
3 3 0.002973 0.002013 0.079388 0.914608 0.001017
3 3 0.002026 0.000859 0.035199 0.961399 0.000517
3 3 0.000867 0.000909 0.106222 0.891769 0.000234
3 3 0.001987 0.001690 0.099866 0.895799 0.000658
3 3 0.003472 0.001423 0.043382 0.950780 0.000943
3 3 0.002130 0.001130 0.052061 0.944096 0.000584
3 3 0.002367 0.001211 0.049717 0.946030 0.000675
3 3 0.004146 0.001748 0.045493 0.947361 0.001251
3 3 0.002004 0.001157 0.055443 0.940818 0.000578
3 3 0.002380 0.001661 0.068202 0.926957 0.000801
3 3 0.001857 0.001981 0.176841 0.818817 0.000503
2 3 0.020452 0.030866 0.719492 0.221318 0.007872
2 3 0.014448 0.024544 0.658486 0.291971 0.010552
2 3 0.002048 0.005583 0.816390 0.174950 0.001030
2 3 0.019038 0.034765 0.830293 0.101781 0.014123
2 3 0.012202 0.037682 0.891736 0.041327 0.017054
2 3 0.001687 0.005538 0.917564 0.074250 0.000961
2 3 0.003213 0.013270 0.954146 0.025435 0.003936
2 3 0.069050 0.134466 0.714205 0.040440 0.041838
2 2 0.040876 0.331353 0.556489 0.001002 0.070280
2 2 0.035087 0.267057 0.626150 0.001552 0.070153
2 2 0.023372 0.266430 0.672036 0.000400 0.037762
2 2 0.008461 0.072549 0.888986 0.002292 0.027712
2 2 0.003906 0.033475 0.945054 0.002740 0.014824
2 2 0.009740 0.081279 0.875554 0.002400 0.031027
2 2 0.005893 0.061700 0.912894 0.001214 0.018299
2 2 0.005716 0.068790 0.909050 0.000711 0.015733
2 2 0.041489 0.337918 0.549281 0.000964 0.070348
1 2 0.143773 0.363121 0.165019 0.013392 0.314695
1 4 0.121318 0.376012 0.231703 0.009843 0.261124
1 4 0.147567 0.444711 0.143265 0.005605 0.258852
1 4 0.147397 0.491385 0.130042 0.003352 0.227823
1 4 0.143823 0.565465 0.108522 0.001415 0.180775
1 4 0.147643 0.474948 0.134741 0.004025 0.238643
4 4 0.140614 0.330090 0.172978 0.018990 0.337329
1 4 0.143677 0.562694 0.110011 0.001462 0.182156
1 4 0.147407 0.435543 0.145812 0.006189 0.265049
1 4 0.147690 0.459320 0.139168 0.004780 0.249042
1 4 0.146892 0.509597 0.124795 0.002729 0.215987
1 4 0.145322 0.543177 0.115038 0.001849 0.194614
4 4 0.138190 0.310070 0.177434 0.023476 0.350830
1 4 0.147472 0.487597 0.131128 0.003498 0.230306
1 4 0.124737 0.552446 0.154985 0.001468 0.166363
1 4 0.147669 0.454751 0.140454 0.005025 0.252101
1 4 0.147646 0.474629 0.134831 0.004040 0.238854
1 4 0.144835 0.551026 0.112746 0.001684 0.189708
1 4 0.145015 0.548218 0.113567 0.001742 0.191459
1 4 0.134885 0.621663 0.098264 0.000687 0.144502
1 1 0.119065 0.571700 0.157608 0.001113 0.150515
1 1 0.113911 0.626299 0.136515 0.000555 0.122719
1 1 0.078561 0.536302 0.283657 0.000682 0.100797
2 1 0.020750 0.215774 0.723824 0.000649 0.039003
1 1 0.134259 0.615530 0.102570 0.000741 0.146900
1 2 0.076037 0.565062 0.268921 0.000463 0.089517
1 2 0.112780 0.660393 0.117288 0.000359 0.109179
1 2 0.112916 0.646548 0.125836 0.000429 0.114272
1 2 0.140926 0.589397 0.103127 0.001050 0.165500
1 2 0.143555 0.568954 0.107500 0.001356 0.178635
1 1 0.134801 0.649534 0.083883 0.000472 0.131310
1 1 0.134256 0.627730 0.096240 0.000633 0.141139
1 1 0.077490 0.581736 0.252485 0.000409 0.087879
2 2 0.009369 0.120206 0.849916 0.000443 0.020066
2 2 0.019532 0.200061 0.741365 0.000722 0.038320
2 2 0.020436 0.190087 0.745176 0.001041 0.043259
2 2 0.006081 0.065537 0.909148 0.001071 0.018163
2 2 0.026420 0.248491 0.675238 0.000818 0.049035
2 2 0.027057 0.251947 0.670014 0.000836 0.050146
2 2 0.013045 0.142522 0.815152 0.000712 0.028569
2 2 0.040063 0.335850 0.555998 0.000884 0.067204
2 2 0.047583 0.357637 0.512584 0.001157 0.081039
2 2 0.009678 0.108328 0.857893 0.000753 0.023348
2 2 0.035942 0.347739 0.560872 0.000530 0.054917
2 2 0.025107 0.271083 0.661913 0.000474 0.041422
2 2 0.007228 0.092125 0.882896 0.000514 0.017237
2 2 0.009615 0.115477 0.852610 0.000570 0.021727
2 2 0.019695 0.176816 0.758358 0.001234 0.043897
2 2 0.036376 0.345782 0.561004 0.000566 0.056273
2 2 0.011701 0.134138 0.827975 0.000622 0.025565
2 2 0.018393 0.185857 0.757381 0.000795 0.037574
2 2 0.010918 0.115313 0.846315 0.000895 0.026558
2 2 0.027618 0.282664 0.643264 0.000547 0.045907
2 2 0.046169 0.432414 0.458652 0.000432 0.062331
2 2 0.052814 0.433176 0.437529 0.000655 0.075826
1 2 0.082219 0.576304 0.244620 0.000503 0.096354
1 2 0.118568 0.727579 0.065702 0.000175 0.087976
1 2 0.099078 0.664693 0.141756 0.000284 0.094189
2 2 0.040373 0.336833 0.554129 0.000895 0.067769
2 2 0.016777 0.208598 0.745268 0.000359 0.028999
2 2 0.040285 0.381119 0.519205 0.000507 0.058883
1 2 0.061158 0.558187 0.312933 0.000270 0.067452
1 2 0.089342 0.610784 0.201884 0.000423 0.097567
2 2 0.026709 0.251741 0.671547 0.000803 0.049200
2 2 0.015986 0.201405 0.754396 0.000351 0.027863
2 2 0.013268 0.153357 0.805510 0.000561 0.027303
2 2 0.034128 0.288180 0.614528 0.001023 0.062142
2 2 0.027059 0.292394 0.637181 0.000441 0.042925
2 2 0.044927 0.421158 0.471708 0.000450 0.061757
2 2 0.018226 0.200167 0.746643 0.000567 0.034397
1 2 0.078040 0.645908 0.201219 0.000209 0.074624
2 2 0.042142 0.437278 0.466603 0.000305 0.053671
2 2 0.025163 0.312548 0.626299 0.000257 0.035733
2 2 0.027510 0.298109 0.630821 0.000429 0.043132
1 2 0.055327 0.474975 0.396743 0.000478 0.072477
2 2 0.049268 0.402635 0.472731 0.000747 0.074619
2 2 0.039923 0.345292 0.549158 0.000772 0.064855
2 2 0.017267 0.169747 0.774797 0.000927 0.037262
2 2 0.021856 0.219561 0.716330 0.000721 0.041532
2 2 0.033309 0.354906 0.563584 0.000375 0.047826
2 2 0.031278 0.343993 0.579406 0.000350 0.044974
2 2 0.028356 0.267668 0.652610 0.000757 0.050610
2 2 0.035798 0.357877 0.552994 0.000459 0.052872
2 2 0.024604 0.228366 0.698201 0.000917 0.047912
1 2 0.054084 0.472763 0.402161 0.000456 0.070535
1 2 0.118179 0.542255 0.175852 0.001529 0.162184
2 2 0.021877 0.220928 0.715159 0.000705 0.041331
2 2 0.045452 0.369620 0.511069 0.000861 0.072998
2 2 0.044991 0.412680 0.478444 0.000499 0.063386
2 2 0.033424 0.309656 0.600435 0.000698 0.055787
1 2 0.070947 0.497193 0.333848 0.000782 0.097230
2 2 0.031224 0.328832 0.592390 0.000426 0.047128
2 2 0.033865 0.352500 0.563807 0.000409 0.049419
2 2 0.036617 0.378556 0.533073 0.000382 0.051371
2 2 0.020742 0.250626 0.694844 0.000345 0.033443
2 2 0.031617 0.331840 0.588553 0.000427 0.047562
2 2 0.023254 0.235174 0.698282 0.000669 0.042621
1 2 0.069400 0.423686 0.399324 0.001562 0.106029
1 2 0.066813 0.485547 0.354659 0.000747 0.092235
1 2 0.071096 0.631323 0.228718 0.000193 0.068669
1 2 0.137976 0.479465 0.155730 0.003666 0.223164
0 0 0.752036 0.115339 0.101891 0.008140 0.022594
0 0 0.730717 0.141698 0.076190 0.006629 0.044766
1 1 0.202151 0.483177 0.096070 0.002254 0.216348
1 1 0.080675 0.763457 0.102702 0.000066 0.053101
1 1 0.068514 0.599760 0.260492 0.000243 0.070991
1 1 0.091107 0.717162 0.119201 0.000126 0.072403
1 1 0.047044 0.525071 0.377549 0.000170 0.050166
2 1 0.045511 0.427168 0.464974 0.000438 0.061909
2 1 0.007658 0.088372 0.883582 0.000743 0.019646
2 2 0.016586 0.211234 0.743728 0.000327 0.028126
2 2 0.016986 0.227896 0.727837 0.000259 0.027022
2 2 0.004080 0.048960 0.933396 0.000818 0.012746
2 2 0.007612 0.093214 0.880096 0.000588 0.018490
2 2 0.041006 0.431976 0.474449 0.000297 0.052272
2 2 0.022108 0.264711 0.677959 0.000340 0.034882
2 2 0.011919 0.150841 0.813366 0.000413 0.023461
2 2 0.011057 0.135290 0.829960 0.000493 0.023201
2 2 0.023429 0.160168 0.771036 0.002436 0.042931
1 2 0.075338 0.674594 0.184178 0.000139 0.065751
1 2 0.134711 0.663451 0.078507 0.000376 0.122955
1 2 0.111942 0.746410 0.063854 0.000124 0.077670
1 2 0.116704 0.630261 0.128340 0.000546 0.124148
0 0 0.618979 0.234647 0.053412 0.002465 0.090497
0 0 0.669953 0.131679 0.015789 0.002411 0.180167
0 0 0.532038 0.245973 0.028348 0.001631 0.192010
1 0 0.115939 0.735125 0.065174 0.000168 0.083594
1 1 0.124515 0.636375 0.109411 0.000541 0.129159
1 1 0.136554 0.634720 0.088662 0.000590 0.139474
1 1 0.185425 0.643993 0.056015 0.000240 0.114327
1 1 0.108438 0.704909 0.096315 0.000196 0.090143
1 1 0.124155 0.689399 0.079452 0.000282 0.106712
1 1 0.071346 0.605343 0.249126 0.000256 0.073929
1 1 0.061383 0.512393 0.349493 0.000439 0.076291
1 1 0.072552 0.609504 0.242894 0.000257 0.074794
1 1 0.052617 0.482108 0.398784 0.000379 0.066112
2 1 0.018492 0.224708 0.725139 0.000368 0.031293
2 1 0.008526 0.112888 0.859794 0.000409 0.018383
2 2 0.012710 0.133607 0.823625 0.000844 0.029214
2 2 0.016072 0.199320 0.755840 0.000373 0.028395
2 2 0.011087 0.114107 0.846339 0.000985 0.027481
2 2 0.004834 0.061577 0.919570 0.000607 0.013413
2 2 0.027455 0.274321 0.650668 0.000611 0.046945
2 2 0.008457 0.119026 0.854954 0.000321 0.017242
2 2 0.011450 0.129884 0.832511 0.000656 0.025499
2 2 0.019004 0.231385 0.717561 0.000358 0.031692
1 2 0.077957 0.621990 0.220214 0.000271 0.079569
1 2 0.334252 0.388137 0.059023 0.001964 0.216624
0 0 0.822164 0.068122 0.014052 0.004288 0.091374
0 0 0.397977 0.380614 0.056134 0.001497 0.163778
1 1 0.094301 0.668747 0.148673 0.000244 0.088036
1 1 0.056122 0.534278 0.345914 0.000268 0.063418
1 1 0.054005 0.527390 0.357296 0.000256 0.061054
2 1 0.039212 0.440543 0.472282 0.000233 0.047730
2 1 0.011980 0.155704 0.809023 0.000369 0.022923
2 2 0.016290 0.189035 0.763607 0.000487 0.030581
2 2 0.018077 0.182480 0.761384 0.000808 0.037251
1 2 0.128325 0.602269 0.154627 0.000985 0.113794
1 2 0.060799 0.591676 0.285953 0.000188 0.061383
2 2 0.025664 0.305689 0.630614 0.000303 0.037729
1 2 0.049942 0.494186 0.396251 0.000284 0.059337
1 2 0.085480 0.714014 0.132335 0.000117 0.068054
2 2 0.015499 0.136798 0.810640 0.001421 0.035641
2 2 0.013987 0.138628 0.813642 0.001015 0.032729
2 2 0.017540 0.177737 0.767426 0.000811 0.036486
0 2 0.385136 0.327257 0.207528 0.007570 0.072509
1 2 0.211831 0.633681 0.048937 0.000219 0.105333
1 2 0.087166 0.702965 0.137533 0.000139 0.072198
2 2 0.019364 0.190003 0.749954 0.000867 0.039812
2 2 0.008675 0.102909 0.867131 0.000629 0.020656
2 2 0.012395 0.157009 0.806211 0.000402 0.023983
2 2 0.017336 0.195358 0.754173 0.000528 0.032605
2 2 0.006610 0.079322 0.896114 0.000678 0.017276
2 2 0.091632 0.326548 0.518658 0.004887 0.058274
2 2 0.025336 0.290055 0.645127 0.000365 0.039117
2 2 0.044174 0.362762 0.520762 0.000856 0.071446
2 2 0.027891 0.270194 0.652364 0.000687 0.048864
2 2 0.012908 0.170702 0.792535 0.000329 0.023526
2 2 0.018664 0.203622 0.742060 0.000574 0.035081
1 2 0.107530 0.666937 0.123229 0.000311 0.101993
2 2 0.027584 0.329347 0.603893 0.000278 0.038898
2 2 0.011550 0.134882 0.828071 0.000581 0.024916
2 2 0.006511 0.069213 0.903976 0.001099 0.019201
2 2 0.009975 0.106400 0.857816 0.000900 0.024909
2 2 0.008339 0.110556 0.862581 0.000411 0.018113
2 2 0.022927 0.233723 0.700731 0.000654 0.041965
2 2 0.008731 0.105896 0.864501 0.000574 0.020297
2 2 0.012758 0.146071 0.813640 0.000596 0.026935
2 2 0.018156 0.183433 0.760300 0.000803 0.037308
2 2 0.035638 0.327297 0.578460 0.000676 0.057929
1 2 0.082916 0.506904 0.296921 0.001048 0.112212
2 2 0.013961 0.149483 0.805494 0.000744 0.030318
2 2 0.009156 0.121024 0.850198 0.000398 0.019224
1 2 0.065448 0.493253 0.352844 0.000648 0.087806
2 2 0.024644 0.219805 0.704544 0.001081 0.049926
2 2 0.015125 0.153643 0.796910 0.000879 0.033443
2 2 0.016123 0.166850 0.782177 0.000784 0.034066
1 2 0.308313 0.321352 0.278635 0.012872 0.078829
1 2 0.093876 0.538418 0.240657 0.001030 0.126018
2 2 0.038850 0.421636 0.489637 0.000279 0.049597
2 2 0.007784 0.102146 0.872087 0.000442 0.017541
2 2 0.004651 0.056783 0.924209 0.000728 0.013629
2 2 0.008864 0.107565 0.862528 0.000569 0.020475
2 2 0.002817 0.034787 0.951773 0.000834 0.009789
2 2 0.014598 0.129282 0.817126 0.001558 0.037436
2 2 0.044421 0.305383 0.587714 0.001440 0.061041
1 2 0.054710 0.518967 0.362456 0.000290 0.063576
2 2 0.016264 0.139750 0.805208 0.001528 0.037250
2 2 0.020293 0.213352 0.727611 0.000630 0.038113
2 2 0.040829 0.266490 0.615193 0.002276 0.075212
1 2 0.066553 0.438476 0.389667 0.001232 0.104072
2 2 0.009063 0.093977 0.871771 0.001052 0.024137
2 2 0.006745 0.059170 0.913381 0.001901 0.018803
2 2 0.014088 0.141095 0.811311 0.000969 0.032536
2 2 0.022725 0.253942 0.684880 0.000446 0.038007
2 2 0.032797 0.354974 0.565174 0.000356 0.046700
1 2 0.134350 0.533705 0.142250 0.001961 0.187733
1 2 0.307712 0.357455 0.106051 0.006211 0.222571
1 2 0.095449 0.630281 0.173852 0.000392 0.100026
1 2 0.134799 0.560594 0.200512 0.001409 0.102686
1 2 0.060984 0.532642 0.334427 0.000374 0.071573
1 2 0.079270 0.558273 0.265589 0.000555 0.096313
1 2 0.218025 0.494494 0.084486 0.001652 0.201343
1 2 0.076759 0.731335 0.135802 0.000101 0.056003
1 2 0.242140 0.476238 0.077265 0.001621 0.202736
0 0 0.507653 0.290318 0.065378 0.003066 0.133585
1 1 0.097170 0.721560 0.104785 0.000130 0.076355
0 1 0.639346 0.129882 0.024522 0.005703 0.200546
1 1 0.335633 0.507518 0.060220 0.000644 0.095985
1 1 0.216541 0.588339 0.061210 0.000483 0.133426
1 1 0.081383 0.747482 0.114227 0.000090 0.056818
1 1 0.105758 0.669657 0.124883 0.000293 0.099409
1 1 0.141478 0.338149 0.171099 0.017438 0.331836
4 1 0.138843 0.315152 0.176333 0.022245 0.347427
4 4 0.150015 0.186155 0.160229 0.075837 0.427764
4 4 0.136389 0.297017 0.180152 0.026968 0.359474
4 4 0.156341 0.214601 0.161022 0.055141 0.412895
4 4 0.127012 0.243693 0.189163 0.047783 0.392349
4 4 0.162099 0.153131 0.141700 0.100571 0.442499
1 4 0.144796 0.376828 0.161540 0.011583 0.305253
4 4 0.182051 0.325030 0.141289 0.015487 0.336143
4 4 0.137838 0.183961 0.169075 0.082082 0.427044
4 4 0.160918 0.181243 0.151284 0.075669 0.430887
4 4 0.225103 0.091078 0.085023 0.151344 0.447452
1 4 0.245599 0.320929 0.105327 0.010357 0.317788
4 4 0.246358 0.083351 0.074945 0.152242 0.443104
4 4 0.155786 0.203857 0.159747 0.061638 0.418972
4 4 0.211088 0.096579 0.092512 0.150385 0.449436
4 4 0.130508 0.261392 0.186614 0.039473 0.382013
1 4 0.143264 0.357012 0.166539 0.014286 0.318899
4 4 0.157442 0.191658 0.156148 0.069193 0.425559
1 4 0.171459 0.356352 0.144208 0.012009 0.315972
4 4 0.133231 0.276791 0.184014 0.033462 0.372502
4 4 0.139385 0.307662 0.176566 0.023883 0.352504
1 4 0.146033 0.397451 0.156151 0.009306 0.291059
1 4 0.147536 0.483781 0.132221 0.003650 0.232813
4 4 0.189266 0.161367 0.128978 0.081128 0.439261
1 4 0.147690 0.459064 0.139240 0.004794 0.249213
1 4 0.145974 0.531245 0.118515 0.002127 0.202138
4 4 0.176204 0.160217 0.135799 0.087453 0.440327
4 4 0.140749 0.331317 0.172694 0.018745 0.336495
4 4 0.138733 0.197015 0.171667 0.071717 0.420867
1 4 0.160567 0.340444 0.154863 0.015173 0.328952
4 4 0.213657 0.097280 0.092056 0.147569 0.449438
1 4 0.144309 0.370017 0.163280 0.012450 0.309945
1 4 0.170131 0.398746 0.137086 0.007770 0.286266
1 4 0.148271 0.388849 0.156132 0.010018 0.296729
1 4 0.147609 0.478293 0.133788 0.003879 0.236431
1 4 0.146924 0.508641 0.125072 0.002759 0.216604
1 4 0.146434 0.521399 0.121377 0.002384 0.208406
1 4 0.147658 0.453114 0.140914 0.005115 0.253199
4 4 0.196808 0.254671 0.136403 0.029279 0.382838
4 0 0.229876 0.247054 0.118237 0.025927 0.378906
1 0 0.142809 0.578109 0.104817 0.001212 0.173053
1 1 0.142508 0.581599 0.103794 0.001160 0.170938
1 1 0.145885 0.532996 0.118006 0.002084 0.201030
1 1 0.139852 0.589860 0.104909 0.001041 0.164338
1 1 0.146841 0.511049 0.124376 0.002684 0.215050
1 1 0.135672 0.537856 0.137471 0.001887 0.187115
1 1 0.088721 0.490150 0.286242 0.001511 0.133376
1 1 0.124677 0.476295 0.190793 0.003394 0.204842
1 1 0.105349 0.410046 0.275184 0.005296 0.204126
1 1 0.071871 0.456131 0.360364 0.001260 0.110374
1 1 0.147672 0.455223 0.140321 0.004999 0.251785
1 1 0.146806 0.512030 0.124092 0.002654 0.214418
1 1 0.131144 0.520195 0.155643 0.002229 0.190789
1 1 0.146877 0.510020 0.124673 0.002716 0.215713
0 0 0.326128 0.262237 0.077998 0.011036 0.322601
1 1 0.132321 0.612965 0.107517 0.000760 0.146437
1 1 0.104378 0.666456 0.129784 0.000299 0.099083
1 1 0.127500 0.627840 0.108585 0.000614 0.135461
2 1 0.038294 0.445710 0.470384 0.000203 0.045408
2 2 0.010414 0.126594 0.839941 0.000522 0.022529
1 2 0.044626 0.450173 0.448435 0.000318 0.056447
2 2 0.008442 0.115919 0.857644 0.000355 0.017640
2 2 0.012472 0.143258 0.817177 0.000596 0.026497
2 2 0.003462 0.041573 0.942632 0.000865 0.011468
2 2 0.003545 0.049593 0.936304 0.000473 0.010085
2 2 0.007517 0.102679 0.872900 0.000383 0.016521
2 2 0.038707 0.262540 0.613714 0.002297 0.082742
2 2 0.011915 0.141658 0.820959 0.000532 0.024937
2 2 0.002435 0.036431 0.953279 0.000415 0.007441
2 2 0.004639 0.061903 0.920434 0.000514 0.012510
2 2 0.004098 0.045686 0.935428 0.001089 0.013700
2 2 0.003184 0.040433 0.945352 0.000717 0.010314
2 2 0.001958 0.018545 0.970696 0.001919 0.006882
2 2 0.002438 0.030210 0.957597 0.000864 0.008891
2 2 0.002936 0.035664 0.950315 0.000876 0.010208
2 2 0.001954 0.016615 0.972068 0.002626 0.006736
2 2 0.003309 0.030890 0.949359 0.002340 0.014103
2 2 0.002501 0.027567 0.958500 0.001350 0.010083
2 2 0.003437 0.035585 0.946315 0.001545 0.013118
2 2 0.003936 0.023101 0.955061 0.007484 0.010418
2 2 0.003301 0.041847 0.943569 0.000712 0.010571
2 2 0.002513 0.024728 0.959423 0.002092 0.011245
2 2 0.004331 0.046171 0.933424 0.001271 0.014803
2 2 0.002949 0.032698 0.951953 0.001248 0.011152
2 2 0.004228 0.036678 0.938552 0.002859 0.017683
2 2 0.002839 0.018873 0.966228 0.004462 0.007598
2 2 0.005701 0.030951 0.937109 0.009660 0.016579
2 2 0.001171 0.007270 0.978481 0.011377 0.001701
2 2 0.002914 0.018878 0.961727 0.008500 0.007980
2 2 0.002163 0.009476 0.951366 0.034566 0.002430
2 2 0.003538 0.021746 0.956311 0.008611 0.009795
2 3 0.002271 0.012595 0.964550 0.016536 0.004048
2 3 0.002558 0.009407 0.895039 0.090516 0.002479
2 3 0.004485 0.017884 0.910322 0.060359 0.006950
2 3 0.003693 0.013117 0.919887 0.059370 0.003934
2 3 0.001556 0.005790 0.898369 0.093142 0.001142
2 3 0.002998 0.007708 0.754297 0.233179 0.001818
2 3 0.004038 0.019112 0.945717 0.023526 0.007608
2 3 0.003488 0.009400 0.781360 0.203278 0.002474
2 3 0.009655 0.017860 0.684002 0.282059 0.006425
2 3 0.002049 0.005102 0.739300 0.252610 0.000939
2 3 0.003697 0.012731 0.882122 0.097487 0.003962
2 3 0.001735 0.004556 0.772968 0.219970 0.000771
2 3 0.004091 0.014047 0.902712 0.074693 0.004458
2 3 0.002196 0.005310 0.629066 0.362290 0.001138
2 3 0.007952 0.016956 0.529406 0.437780 0.007907
2 3 0.004590 0.011521 0.720311 0.260006 0.003573
2 3 0.002451 0.005414 0.573499 0.417428 0.001208
2 3 0.003598 0.009086 0.774805 0.210228 0.002283
2 3 0.002334 0.005267 0.592417 0.398844 0.001138
2 3 0.003362 0.006793 0.512302 0.475727 0.001816
3 3 0.002416 0.004769 0.485138 0.506617 0.001060
3 3 0.001462 0.002499 0.317600 0.677961 0.000478
2 3 0.004558 0.009052 0.525484 0.458109 0.002797
3 3 0.001075 0.001774 0.223698 0.773104 0.000349
3 3 0.002078 0.003597 0.325971 0.667507 0.000847
3 3 0.002947 0.004874 0.307696 0.683076 0.001407
3 3 0.001916 0.003316 0.303258 0.690725 0.000784
2 3 0.003293 0.006480 0.517143 0.471436 0.001648
3 3 0.005118 0.007956 0.378604 0.605754 0.002568
3 3 0.002462 0.004707 0.488206 0.503609 0.001015
3 3 0.002170 0.003480 0.276705 0.716775 0.000870
3 3 0.003398 0.004772 0.274699 0.715776 0.001355
3 3 0.002268 0.003633 0.277333 0.715835 0.000930
3 3 0.002984 0.003342 0.152135 0.840306 0.001234
3 3 0.002236 0.002838 0.164364 0.829652 0.000910
3 3 0.006252 0.007463 0.142940 0.838863 0.004482
3 3 0.001831 0.002867 0.231211 0.763374 0.000717
3 3 0.002364 0.004299 0.356793 0.635460 0.001084
3 3 0.001377 0.002269 0.281284 0.714631 0.000438
3 3 0.002908 0.002556 0.106231 0.887138 0.001166
3 3 0.001932 0.001831 0.104407 0.891196 0.000635
3 3 0.003161 0.004301 0.195349 0.795644 0.001545
3 3 0.003145 0.005004 0.229309 0.760760 0.001781
3 3 0.004158 0.004261 0.142451 0.847132 0.001997
3 3 0.001802 0.002175 0.153827 0.841560 0.000636
3 3 0.003155 0.002978 0.119060 0.873556 0.001250
3 3 0.001436 0.001921 0.155505 0.840638 0.000499
3 3 0.001462 0.002514 0.266599 0.728875 0.000550
3 3 0.002831 0.004627 0.313323 0.677950 0.001269
3 3 0.002231 0.002972 0.174581 0.819261 0.000955
3 3 0.001474 0.001908 0.156536 0.839581 0.000500
3 3 0.003024 0.002414 0.098732 0.894806 0.001025
3 3 0.003181 0.005169 0.342695 0.647540 0.001415
3 3 0.001970 0.002641 0.186993 0.807668 0.000728
3 3 0.001747 0.002934 0.280533 0.714116 0.000671
3 3 0.001111 0.001857 0.220711 0.775939 0.000381
3 3 0.001379 0.001758 0.160331 0.836073 0.000460
3 3 0.003027 0.001881 0.058537 0.935543 0.001012
3 3 0.001815 0.002438 0.166583 0.828469 0.000696
3 3 0.004145 0.006353 0.286087 0.701200 0.002216
3 3 0.002085 0.003264 0.246830 0.746978 0.000842
3 3 0.002405 0.003659 0.262107 0.730875 0.000954
3 3 0.001738 0.002578 0.182976 0.811980 0.000728
3 3 0.004253 0.006224 0.231997 0.755127 0.002400
3 3 0.002047 0.003127 0.201433 0.792496 0.000898
3 3 0.002039 0.001000 0.046378 0.950078 0.000504
3 3 0.006362 0.010211 0.418135 0.561674 0.003619
2 3 0.050261 0.156983 0.672844 0.042826 0.077085
2 3 0.009415 0.042993 0.922370 0.012532 0.012690
2 3 0.054327 0.187191 0.674452 0.013040 0.070989
2 2 0.014368 0.073922 0.874336 0.011743 0.025631
2 2 0.003122 0.014874 0.957110 0.019908 0.004985
2 2 0.004015 0.018668 0.958156 0.012354 0.006805
2 2 0.006602 0.048163 0.926297 0.002988 0.015951
2 2 0.006873 0.027354 0.942003 0.014302 0.009468
2 2 0.004243 0.022497 0.956703 0.008198 0.008359
2 2 0.002835 0.017009 0.967852 0.006040 0.006264
2 2 0.006304 0.035077 0.936454 0.006907 0.015258
2 2 0.021270 0.138266 0.788440 0.003509 0.048515
2 2 0.003916 0.026033 0.953857 0.004772 0.011422
2 2 0.004532 0.046479 0.931734 0.001454 0.015800
2 2 0.021120 0.209732 0.727121 0.000776 0.041251
1 2 0.074168 0.443150 0.361750 0.001585 0.119347
2 2 0.036484 0.332187 0.571580 0.000684 0.059065
2 2 0.036861 0.314292 0.584259 0.000903 0.063684
1 2 0.069102 0.437400 0.382115 0.001388 0.109995
1 1 0.088844 0.558975 0.240050 0.000729 0.111403
1 1 0.109964 0.471390 0.234077 0.002928 0.181640
1 1 0.139534 0.460326 0.158301 0.004562 0.237278
1 4 0.146621 0.410169 0.152748 0.008126 0.282336
1 4 0.147361 0.433446 0.146392 0.006331 0.266471
1 4 0.098617 0.518013 0.240672 0.001427 0.141271
1 4 0.146566 0.518256 0.122289 0.002472 0.210418
1 4 0.142290 0.502707 0.137281 0.002900 0.214822
1 4 0.147247 0.428774 0.147680 0.006657 0.269642
1 4 0.100234 0.537276 0.224454 0.001201 0.136835
1 4 0.147688 0.467524 0.136849 0.004369 0.243570
4 4 0.140361 0.327841 0.173494 0.019447 0.338857
1 4 0.145876 0.394468 0.156940 0.009606 0.293109
1 4 0.118444 0.512648 0.190542 0.002122 0.176244
4 4 0.271445 0.304069 0.095388 0.010299 0.318798
1 4 0.129294 0.506435 0.166163 0.002555 0.195553
1 4 0.108721 0.507562 0.218988 0.001940 0.162790
1 4 0.104049 0.551245 0.205919 0.001113 0.137674
1 4 0.146184 0.526950 0.119764 0.002236 0.204866
0 4 0.459459 0.215022 0.044848 0.006474 0.274197
1 4 0.135472 0.644678 0.085302 0.000506 0.134042
1 4 0.108565 0.695294 0.102602 0.000236 0.093303
1 4 0.124029 0.598373 0.131876 0.000859 0.144863
1 4 0.129891 0.610112 0.113678 0.000777 0.145543
1 4 0.108843 0.656717 0.127395 0.000359 0.106686
1 4 0.094174 0.625197 0.180334 0.000404 0.099891
1 4 0.130143 0.632580 0.101074 0.000586 0.135618
1 0 0.381933 0.390193 0.043889 0.001042 0.182943
1 1 0.144698 0.553116 0.112135 0.001643 0.188407
4 4 0.348464 0.176431 0.071845 0.027304 0.375956
1 4 0.160985 0.427202 0.137281 0.006128 0.268404
1 4 0.113024 0.614724 0.145567 0.000630 0.126055
1 4 0.101524 0.603431 0.178515 0.000599 0.115932
1 4 0.129377 0.629636 0.104088 0.000606 0.136294
1 0 0.148381 0.585003 0.098422 0.001040 0.167154
1 1 0.114269 0.627502 0.135027 0.000550 0.122654
1 1 0.109622 0.619272 0.150039 0.000571 0.120496
1 1 0.080316 0.581523 0.245535 0.000449 0.092177
1 1 0.281566 0.433748 0.069738 0.001873 0.213075
1 1 0.140352 0.604070 0.097202 0.000872 0.157503
1 4 0.140700 0.600703 0.098190 0.000911 0.159496
1 4 0.065863 0.588873 0.275860 0.000244 0.069160
1 4 0.069358 0.619118 0.242714 0.000205 0.068605
1 4 0.060349 0.502576 0.360220 0.000463 0.076392
1 4 0.142027 0.586979 0.102216 0.001085 0.167693
1 4 0.245695 0.407525 0.090987 0.003784 0.252009
1 4 0.084135 0.701304 0.144836 0.000133 0.069592
1 4 0.130931 0.566246 0.134277 0.001321 0.167225
1 4 0.176901 0.612830 0.071059 0.000480 0.138730
1 4 0.084621 0.556007 0.253539 0.000769 0.105063
1 4 0.175855 0.582903 0.091019 0.000913 0.149309
1 4 0.091529 0.694340 0.135498 0.000174 0.078459
1 4 0.095714 0.684345 0.134473 0.000207 0.085261
1 4 0.063897 0.543887 0.317417 0.000356 0.074443
1 4 0.056944 0.616955 0.273576 0.000120 0.052406
1 4 0.091006 0.733993 0.106755 0.000098 0.068149
1 4 0.349839 0.403379 0.135327 0.004226 0.107230
1 4 0.122870 0.707488 0.071117 0.000238 0.098287
1 4 0.087676 0.718586 0.124842 0.000131 0.068765
1 4 0.063387 0.586739 0.283727 0.000224 0.065924
1 4 0.097495 0.631460 0.168617 0.000428 0.102000
1 4 0.075345 0.724731 0.143410 0.000079 0.056435
1 4 0.071276 0.670877 0.196398 0.000165 0.061284
1 4 0.061087 0.683926 0.206545 0.000072 0.048370
1 4 0.135210 0.636779 0.127819 0.000584 0.099609
1 4 0.115870 0.740069 0.061640 0.000112 0.082310
1 4 0.081700 0.765012 0.099951 0.000078 0.053260
1 4 0.079060 0.759270 0.108611 0.000057 0.053002
1 4 0.097013 0.618516 0.178588 0.000463 0.105420
1 4 0.242806 0.537540 0.129635 0.001224 0.088795
1 4 0.133445 0.674575 0.113112 0.000358 0.078511
1 4 0.051244 0.607106 0.295374 0.000096 0.046179
1 4 0.118578 0.676041 0.097253 0.000379 0.107750
1 4 0.061979 0.564117 0.305940 0.000265 0.067700
1 4 0.045844 0.530693 0.375721 0.000148 0.047594
1 1 0.087594 0.639293 0.184873 0.000295 0.087944
1 1 0.048868 0.502369 0.392262 0.000243 0.056258
1 1 0.063541 0.608291 0.265431 0.000180 0.062557
1 1 0.055087 0.518968 0.361438 0.000296 0.064211
2 2 0.023689 0.257614 0.678281 0.000484 0.039932
2 2 0.007861 0.076005 0.891028 0.001476 0.023630
2 2 0.009539 0.091617 0.877047 0.001119 0.020679
2 2 0.007924 0.104161 0.869775 0.000436 0.017704
2 2 0.006021 0.063970 0.911298 0.001101 0.017611
2 2 0.007675 0.100953 0.873580 0.000441 0.017350
2 2 0.017331 0.224091 0.729914 0.000298 0.028367
2 2 0.007721 0.084613 0.886013 0.000908 0.020745
2 2 0.013036 0.140204 0.817004 0.000759 0.028997
1 2 0.080437 0.439984 0.404580 0.001418 0.073581
1 0 0.289155 0.507326 0.148237 0.001095 0.054187
1 1 0.081845 0.748131 0.112954 0.000094 0.056976
2 2 0.023519 0.306932 0.636506 0.000221 0.032822
1 2 0.060705 0.574405 0.300639 0.000224 0.064027
0 0 0.604452 0.109286 0.023126 0.009431 0.253705
0 0 0.773766 0.084253 0.088316 0.019721 0.033944
1 0 0.105088 0.731672 0.084138 0.000134 0.078968
1 1 0.070285 0.727645 0.151214 0.000085 0.050770
1 1 0.079810 0.712887 0.144464 0.000115 0.062724
1 1 0.066310 0.671820 0.205910 0.000110 0.055850
1 1 0.159655 0.609068 0.143403 0.000855 0.087019
1 1 0.117773 0.649653 0.146606 0.000418 0.085550
1 1 0.065031 0.645198 0.231037 0.000130 0.058604
1 1 0.064048 0.639138 0.238357 0.000133 0.058323
1 1 0.111155 0.562382 0.259485 0.000803 0.066176
1 1 0.075796 0.550574 0.280526 0.000535 0.092569
1 1 0.066840 0.586277 0.275559 0.000261 0.071063
1 1 0.051920 0.547119 0.345958 0.000185 0.054818
1 1 0.044549 0.463481 0.437372 0.000274 0.054324
1 1 0.046909 0.514382 0.387178 0.000188 0.051342
1 1 0.045117 0.495492 0.408305 0.000203 0.050883
1 1 0.076134 0.640170 0.210070 0.000209 0.073417
1 1 0.063767 0.596842 0.274421 0.000205 0.064764
2 1 0.033599 0.444059 0.484811 0.000134 0.037397
2 1 0.033411 0.354192 0.563857 0.000383 0.048158
2 1 0.017554 0.179077 0.766320 0.000789 0.036259
2 1 0.031922 0.364233 0.560016 0.000289 0.043541
2 2 0.017785 0.182467 0.762664 0.000764 0.036321
2 2 0.013302 0.137911 0.817505 0.000870 0.030413
2 2 0.007973 0.102163 0.871168 0.000481 0.018214
2 2 0.012249 0.132491 0.826694 0.000767 0.027798
2 2 0.005514 0.076649 0.904020 0.000409 0.013409
2 2 0.022309 0.280849 0.663327 0.000272 0.033243
2 2 0.008582 0.090269 0.877103 0.001019 0.023027
2 2 0.011625 0.135132 0.827530 0.000590 0.025124
2 2 0.042245 0.299327 0.604406 0.001242 0.052781
2 2 0.009625 0.106093 0.859864 0.000803 0.023616
2 2 0.011135 0.113443 0.846573 0.001024 0.027824
2 2 0.012125 0.139544 0.821720 0.000601 0.026010
1 2 0.044568 0.451732 0.447288 0.000312 0.056100
2 2 0.041830 0.348732 0.539780 0.000859 0.068799
1 2 0.064014 0.597859 0.272977 0.000205 0.064944
2 2 0.031052 0.251258 0.665528 0.001150 0.051011
2 2 0.021221 0.204714 0.730610 0.000873 0.042582
2 2 0.010073 0.114399 0.851247 0.000697 0.023585
2 2 0.037985 0.178686 0.734099 0.004935 0.044295
1 2 0.079929 0.485351 0.372802 0.000813 0.061104
1 2 0.064097 0.466788 0.396942 0.000688 0.071486
2 2 0.031510 0.330676 0.589886 0.000429 0.047499
1 2 0.067043 0.465391 0.371281 0.000922 0.095362
2 2 0.028966 0.272557 0.648541 0.000728 0.049208
2 2 0.024184 0.242230 0.688980 0.000675 0.043931
2 2 0.127165 0.369062 0.448414 0.005247 0.050111
2 2 0.074611 0.279817 0.602608 0.004064 0.038900
2 2 0.071444 0.390696 0.468074 0.001694 0.068091
2 2 0.040587 0.346698 0.557305 0.000692 0.054718
2 2 0.017782 0.161667 0.778377 0.001251 0.040923
2 2 0.049573 0.295260 0.596529 0.001933 0.056705
2 2 0.010726 0.092538 0.867086 0.001799 0.027851
2 2 0.015131 0.111784 0.843648 0.002063 0.027375
2 2 0.017146 0.144346 0.800349 0.001523 0.036637
2 2 0.035772 0.215285 0.696915 0.002562 0.049466
2 2 0.058331 0.430228 0.439073 0.000793 0.071575
2 2 0.015040 0.172624 0.782245 0.000536 0.029555
2 2 0.016843 0.147721 0.792864 0.001494 0.041078
2 2 0.017809 0.109767 0.839481 0.003325 0.029618
2 2 0.032439 0.223413 0.693357 0.001820 0.048970
2 2 0.013272 0.144497 0.812557 0.000715 0.028959
2 2 0.055659 0.404848 0.485346 0.000737 0.053410
2 2 0.054159 0.430042 0.435724 0.000733 0.079342
2 2 0.030246 0.206517 0.714425 0.001967 0.046847
2 2 0.012271 0.160187 0.804041 0.000358 0.023144
2 2 0.018280 0.188563 0.755739 0.000734 0.036684
2 2 0.011176 0.103864 0.858465 0.001258 0.025237
2 2 0.006153 0.073444 0.903085 0.000713 0.016605
2 2 0.009631 0.098737 0.865237 0.001070 0.025325
2 2 0.003501 0.031320 0.953369 0.001878 0.009933
2 2 0.017196 0.119877 0.826269 0.002615 0.034043
2 2 0.005509 0.053651 0.923252 0.001454 0.016133
2 2 0.009427 0.097946 0.866922 0.001025 0.024680
2 2 0.003779 0.041414 0.942050 0.001078 0.011679
2 2 0.006005 0.040899 0.935474 0.003605 0.014017
2 2 0.011093 0.106433 0.851763 0.001302 0.029409
2 2 0.005324 0.068615 0.911404 0.000559 0.014099
2 2 0.006809 0.069019 0.902210 0.001301 0.020660
2 2 0.015597 0.099644 0.848918 0.004175 0.031665
2 2 0.010383 0.095949 0.862822 0.001560 0.029286
2 2 0.004249 0.048007 0.933680 0.000972 0.013093
2 2 0.009946 0.095483 0.865695 0.001369 0.027507
2 2 0.006179 0.070864 0.904832 0.000833 0.017292
2 2 0.008959 0.065533 0.901378 0.002854 0.021276
2 2 0.005139 0.040590 0.939338 0.002388 0.012545
2 2 0.030920 0.179479 0.732513 0.003642 0.053446
2 2 0.014623 0.055112 0.899422 0.012471 0.018372
0 0 0.618484 0.162158 0.126880 0.018609 0.073869
0 0 0.579991 0.194458 0.036903 0.004166 0.184482
1 1 0.094555 0.687675 0.134352 0.000195 0.083223
1 1 0.059115 0.527932 0.343161 0.000334 0.069458
1 1 0.115992 0.467280 0.319001 0.002609 0.095118
1 1 0.085579 0.602456 0.216962 0.000419 0.094584
1 1 0.071906 0.601218 0.251071 0.000273 0.075531
2 1 0.058034 0.338556 0.485887 0.002719 0.114803
1 1 0.112030 0.402528 0.255673 0.006452 0.223317
1 1 0.143939 0.365202 0.164497 0.013100 0.313262
4 4 0.205545 0.160794 0.120644 0.075317 0.437700
1 4 0.145130 0.381844 0.160245 0.010984 0.301797
1 4 0.146852 0.416158 0.151128 0.007622 0.278240
1 4 0.147108 0.502834 0.126748 0.002947 0.220363
1 4 0.147612 0.478102 0.133842 0.003887 0.236557
1 4 0.147696 0.463503 0.137987 0.004566 0.246249
4 4 0.184958 0.137794 0.123102 0.106537 0.447609
4 4 0.344886 0.199418 0.073744 0.020899 0.361053
1 4 0.146605 0.409784 0.152852 0.008160 0.282599
1 4 0.146950 0.418937 0.150372 0.007399 0.276342
1 4 0.147315 0.495069 0.128984 0.003217 0.225416
1 4 0.147690 0.459306 0.139172 0.004781 0.249051
1 4 0.145432 0.386681 0.158986 0.010434 0.298466
4 4 0.157515 0.165368 0.148942 0.090508 0.437666
4 4 0.153343 0.260667 0.166598 0.035280 0.384112
4 4 0.178678 0.112480 0.114011 0.144060 0.450771
4 4 0.201952 0.100355 0.097808 0.149587 0.450299
4 4 0.191138 0.105032 0.104548 0.148449 0.450834
4 4 0.136058 0.251191 0.181095 0.042436 0.389220
1 4 0.147452 0.488660 0.130824 0.003456 0.229608
4 4 0.147611 0.285323 0.170864 0.028475 0.367727
4 4 0.205413 0.190062 0.126819 0.055029 0.422678
4 4 0.220260 0.092941 0.087529 0.151047 0.448223
4 4 0.208966 0.097442 0.093712 0.150212 0.449668
