0 0 0.789080 0.075063 0.046257 0.048890 0.040710
0 0 0.746501 0.086279 0.059826 0.063967 0.043427
0 0 0.747032 0.086191 0.059624 0.063704 0.043450
0 0 0.746531 0.086421 0.059723 0.063728 0.043598
0 0 0.745419 0.086833 0.060004 0.063931 0.043813
0 0 0.748720 0.085755 0.059079 0.063104 0.043342
0 0 0.746649 0.086490 0.059622 0.063532 0.043706
0 0 0.677063 0.135533 0.045225 0.029637 0.112542
1 1 0.132927 0.320054 0.250075 0.103881 0.193062
4 1 0.284887 0.295675 0.067905 0.025049 0.326484
4 1 0.268551 0.302636 0.069860 0.025334 0.333620
1 1 0.211613 0.337108 0.107391 0.042009 0.301878
1 1 0.141446 0.324631 0.236676 0.106793 0.190454
1 1 0.223926 0.330363 0.097550 0.037442 0.310719
1 1 0.154183 0.329799 0.219465 0.114898 0.181655
1 1 0.197433 0.342919 0.135592 0.057775 0.266280
1 4 0.216149 0.333646 0.098233 0.037247 0.314724
0 4 0.388365 0.255820 0.063824 0.027319 0.264671
0 4 0.855437 0.059952 0.015844 0.011885 0.056882
0 0 0.359902 0.270389 0.108835 0.057098 0.203776
0 0 0.774824 0.083360 0.047296 0.046616 0.047904
0 0 0.680520 0.134313 0.041709 0.026474 0.116984
0 0 0.515542 0.177741 0.026280 0.010511 0.269926
0 0 0.601949 0.166771 0.043507 0.023388 0.164386
0 0 0.829177 0.071097 0.020722 0.015545 0.063459
0 0 0.593378 0.170857 0.046273 0.025105 0.164387
1 0 0.185295 0.343231 0.159405 0.072385 0.239683
1 0 0.191326 0.343540 0.147603 0.064994 0.252537
1 0 0.154183 0.329799 0.219465 0.114898 0.181655
1 0 0.154183 0.329799 0.219465 0.114898 0.181655
1 1 0.135969 0.325533 0.253907 0.122576 0.162015
2 1 0.091430 0.297875 0.358566 0.133248 0.118881
2 1 0.022851 0.170335 0.657522 0.100535 0.048757
2 1 0.019970 0.159838 0.681365 0.073345 0.065482
2 2 0.004759 0.075850 0.852425 0.041613 0.025353
2 2 0.003471 0.063792 0.876223 0.034876 0.021639
2 2 0.004613 0.074570 0.854497 0.034111 0.032208
2 2 0.002070 0.047857 0.907469 0.025575 0.017029
2 2 0.003197 0.060974 0.881876 0.031630 0.022323
2 2 0.000763 0.026487 0.946192 0.020695 0.005863
2 2 0.000874 0.029380 0.943321 0.015251 0.011174
2 2 0.003341 0.062472 0.878903 0.033273 0.022010
2 2 0.002046 0.047511 0.907205 0.029616 0.013622
2 2 0.001753 0.043545 0.914469 0.028549 0.011684
2 2 0.000775 0.027428 0.946882 0.016130 0.008785
2 2 0.000505 0.021459 0.957671 0.014799 0.005565
2 2 0.000376 0.018097 0.964718 0.011498 0.005312
2 2 0.000310 0.016176 0.966618 0.013711 0.003185
2 2 0.000689 0.025646 0.950466 0.014414 0.008785
2 2 0.001777 0.043882 0.914009 0.028267 0.012066
2 2 0.000240 0.013971 0.971403 0.011497 0.002888
2 2 0.001159 0.034447 0.931562 0.024472 0.008360
2 2 0.009191 0.091857 0.808196 0.065126 0.025631
2 2 0.004723 0.075483 0.851978 0.046129 0.021687
2 2 0.000786 0.027652 0.946451 0.016243 0.008868
2 2 0.000948 0.030752 0.939927 0.019675 0.008698
2 2 0.000179 0.011806 0.976449 0.008683 0.002883
2 2 0.000492 0.021129 0.958632 0.013868 0.005879
2 2 0.000228 0.013539 0.972014 0.011555 0.002664
2 2 0.000282 0.015351 0.969846 0.010327 0.004193
2 2 0.000185 0.012018 0.974269 0.011503 0.002025
2 2 0.000313 0.016262 0.965370 0.015287 0.002767
2 2 0.001202 0.035122 0.927460 0.029482 0.006735
2 2 0.000450 0.020041 0.957816 0.018133 0.003561
2 2 0.000457 0.020214 0.955590 0.020727 0.003011
2 2 0.001631 0.041701 0.912920 0.036187 0.007562
2 2 0.031667 0.172210 0.634417 0.105646 0.056059
2 2 0.003130 0.060065 0.877850 0.046370 0.012586
2 2 0.000856 0.028984 0.940958 0.023199 0.006003
2 2 0.000443 0.019896 0.960931 0.013342 0.005388
2 2 0.000371 0.017966 0.963897 0.013672 0.004094
2 2 0.000424 0.019401 0.961239 0.014355 0.004581
2 2 0.000514 0.021671 0.957079 0.015302 0.005434
2 2 0.000648 0.024732 0.950984 0.017491 0.006146
1 2 0.266638 0.289490 0.173871 0.101707 0.168293
2 0 0.043260 0.226322 0.531007 0.140548 0.058862
2 2 0.005755 0.084092 0.836116 0.040581 0.033457
2 2 0.002521 0.053419 0.895913 0.023910 0.024237
2 2 0.038500 0.216243 0.560150 0.102461 0.082646
2 2 0.002733 0.055896 0.891790 0.028226 0.021355
2 2 0.000534 0.022157 0.956289 0.015284 0.005734
2 2 0.000343 0.017178 0.966277 0.011510 0.004692
2 2 0.001121 0.033825 0.933737 0.022036 0.009281
1 0 0.129632 0.323207 0.266916 0.125151 0.155094
2 0 0.035190 0.207981 0.578873 0.104255 0.073700
2 0 0.079793 0.285822 0.393299 0.142087 0.098998
1 0 0.155248 0.330545 0.217433 0.113314 0.183460
0 0 0.407005 0.252124 0.080523 0.039480 0.220868
1 1 0.156293 0.331259 0.215437 0.111770 0.185241
0 1 0.362837 0.271360 0.092688 0.044910 0.228205
0 0 0.835824 0.068293 0.019489 0.014637 0.061757
1 1 0.154183 0.329799 0.219465 0.114898 0.181655
2 1 0.088650 0.294218 0.363407 0.120243 0.133482
2 1 0.037748 0.214443 0.564505 0.105492 0.077811
1 1 0.161129 0.334325 0.206178 0.104741 0.193626
0 0 0.602791 0.167289 0.057173 0.035076 0.137670
0 0 0.371089 0.267745 0.091786 0.044934 0.224446
0 0 0.901696 0.040467 0.012095 0.010716 0.035026
0 0 0.409397 0.250699 0.075555 0.036104 0.228245
1 0 0.154183 0.329799 0.219465 0.114898 0.181655
0 0 0.402818 0.250774 0.103995 0.057893 0.184519
0 0 0.893692 0.043789 0.013349 0.011694 0.037476
0 0 0.866319 0.054223 0.011138 0.007585 0.060735
0 0 0.747452 0.103458 0.022446 0.013000 0.113645
0 0 0.712767 0.119642 0.030034 0.017849 0.119708
4 0 0.282676 0.301985 0.079361 0.031062 0.304916
1 0 0.214720 0.334837 0.101127 0.038733 0.310583
1 0 0.182212 0.342750 0.165417 0.076266 0.233355
0 0 0.320022 0.289723 0.090719 0.040249 0.259287
0 0 0.436831 0.238434 0.087683 0.047479 0.189573
1 0 0.208398 0.339040 0.113835 0.045466 0.293261
4 0 0.204864 0.325704 0.095801 0.030847 0.342784
1 1 0.144908 0.325747 0.188948 0.052973 0.287425
1 1 0.210783 0.337646 0.109058 0.042895 0.299617
1 1 0.151261 0.331878 0.208092 0.081374 0.227394
1 1 0.118907 0.313237 0.249396 0.066613 0.251848
4 4 0.090914 0.248502 0.134750 0.010944 0.514890
4 4 0.189835 0.304777 0.081747 0.019679 0.403963
4 4 0.095009 0.246636 0.120516 0.009915 0.527923
4 4 0.173676 0.160436 0.013872 0.003124 0.648892
4 4 0.247046 0.232656 0.019919 0.004633 0.495746
4 4 0.120927 0.148412 0.016394 0.001592 0.712675
4 4 0.069296 0.110717 0.020326 0.001545 0.798116
4 4 0.314510 0.163817 0.008483 0.001852 0.511337
0 4 0.856538 0.053432 0.007289 0.004063 0.078678
0 0 0.459778 0.150683 0.009801 0.002560 0.377178
0 0 0.884911 0.043477 0.006233 0.003768 0.061611
0 0 0.940237 0.022711 0.003309 0.002387 0.031356
0 0 0.925227 0.026919 0.003214 0.002012 0.042628
0 0 0.569789 0.158935 0.021773 0.008518 0.240985
4 0 0.242486 0.279959 0.039884 0.011348 0.426323
4 0 0.234501 0.306434 0.059495 0.019133 0.380436
1 0 0.197845 0.342840 0.134782 0.057299 0.267235
4 0 0.245407 0.201366 0.012217 0.002480 0.538530
4 0 0.228154 0.319032 0.073367 0.025228 0.354219
4 0 0.233784 0.308109 0.061107 0.019817 0.377183
1 0 0.205225 0.340569 0.120162 0.048944 0.285101
4 1 0.140279 0.314072 0.162251 0.034504 0.348893
4 1 0.142695 0.280990 0.096347 0.014350 0.465617
1 1 0.120753 0.313699 0.235117 0.057985 0.272446
1 1 0.108829 0.303267 0.241658 0.047616 0.298630
4 1 0.172637 0.324774 0.127981 0.034983 0.339625
4 1 0.153291 0.296308 0.105220 0.018975 0.426206
1 1 0.160510 0.329700 0.161074 0.047442 0.301274
4 1 0.123200 0.309034 0.197396 0.039036 0.331334
4 1 0.174885 0.316943 0.111306 0.027719 0.369148
4 1 0.208844 0.327330 0.094919 0.031846 0.337062
4 1 0.091508 0.272928 0.199065 0.021564 0.414935
4 1 0.087586 0.271703 0.214449 0.022980 0.403282
4 1 0.136563 0.306391 0.151262 0.028297 0.377487
4 1 0.226942 0.320964 0.075939 0.026408 0.349747
4 1 0.213912 0.322918 0.085773 0.028167 0.349230
4 1 0.111115 0.291297 0.180471 0.025936 0.391182
1 1 0.149017 0.323018 0.166984 0.042429 0.318552
1 1 0.193819 0.343406 0.142708 0.062015 0.258051
1 1 0.188296 0.333421 0.124792 0.041551 0.311940
1 1 0.156928 0.327046 0.160830 0.044521 0.310675
1 2 0.158117 0.327910 0.160814 0.045403 0.307757
1 2 0.163791 0.332240 0.162059 0.050907 0.291003
1 2 0.188167 0.343486 0.153791 0.068832 0.245723
4 0 0.225394 0.323257 0.079198 0.027924 0.344227
0 0 0.824644 0.071635 0.015387 0.009907 0.078426
4 0 0.276957 0.237513 0.023717 0.006083 0.455730
1 0 0.200043 0.342339 0.130440 0.054771 0.272408
1 0 0.172638 0.339977 0.184004 0.088771 0.214610
0 0 0.775233 0.091825 0.019584 0.011672 0.101685
0 0 0.930215 0.027177 0.004430 0.003228 0.034950
0 0 0.918482 0.031295 0.004776 0.003248 0.042199
4 0 0.258754 0.303493 0.065873 0.022957 0.348922
1 0 0.202498 0.341607 0.125578 0.051987 0.278331
1 0 0.175071 0.340856 0.179293 0.085528 0.219252
1 0 0.154183 0.329799 0.219465 0.114898 0.181655
2 1 0.084169 0.284920 0.361573 0.093706 0.175632
1 1 0.137777 0.324932 0.248088 0.116829 0.172374
0 0 0.787655 0.085806 0.017034 0.009998 0.099507
1 0 0.253177 0.315414 0.085303 0.032646 0.313461
1 0 0.125876 0.317578 0.232135 0.062950 0.261461
2 1 0.090362 0.286922 0.332643 0.084525 0.205549
2 1 0.000649 0.024781 0.952100 0.014164 0.008305
2 1 0.014667 0.136976 0.725135 0.055261 0.067961
0 0 0.688656 0.130433 0.044378 0.029750 0.106782
0 0 0.933525 0.027199 0.007780 0.007475 0.024020
0 0 0.827357 0.071647 0.022958 0.018000 0.060038
1 0 0.157680 0.332178 0.212786 0.109735 0.187621
1 0 0.154183 0.329799 0.219465 0.114898 0.181655
2 1 0.042820 0.225936 0.535842 0.097851 0.097552
2 2 0.008874 0.105643 0.786640 0.039467 0.059376
0 0 0.723471 0.114726 0.042387 0.030864 0.088552
0 0 0.918094 0.033533 0.007817 0.006437 0.034119
1 0 0.178728 0.341957 0.172196 0.080737 0.226382
0 0 0.775496 0.093353 0.023577 0.015209 0.092365
0 0 0.906396 0.037377 0.006972 0.005000 0.044255
0 0 0.774317 0.091897 0.019151 0.011280 0.103356
0 0 0.949517 0.020554 0.004812 0.004498 0.020619
0 0 0.865205 0.054943 0.019873 0.017801 0.042178
1 0 0.183111 0.342912 0.163666 0.075128 0.235184
1 0 0.154183 0.329799 0.219465 0.114898 0.181655
1 1 0.107420 0.306740 0.306470 0.106744 0.172625
2 2 0.023589 0.172911 0.651133 0.072602 0.079765
2 2 0.005725 0.083785 0.834378 0.034573 0.041539
0 2 0.829511 0.070433 0.023922 0.019391 0.056744
0 0 0.952405 0.019398 0.005007 0.004980 0.018209
0 0 0.968961 0.012445 0.002532 0.002500 0.013562
1 0 0.172352 0.339865 0.184559 0.089156 0.214068
2 2 0.097066 0.299869 0.334731 0.109255 0.159078
2 2 0.023542 0.172572 0.649764 0.069205 0.084917
0 0 0.940016 0.024356 0.007529 0.007727 0.020372
0 0 0.952510 0.019355 0.004943 0.004894 0.018297
0 0 0.704041 0.118468 0.022298 0.011498 0.143696
0 0 0.748026 0.105008 0.035942 0.025949 0.085076
1 0 0.202544 0.341591 0.125487 0.051935 0.278442
1 0 0.116347 0.313225 0.288079 0.110816 0.171533
2 2 0.003450 0.063544 0.875735 0.038839 0.018432
2 2 0.004655 0.074950 0.854375 0.039401 0.026619
2 2 0.000779 0.027506 0.946920 0.014996 0.009798
2 2 0.000651 0.024838 0.952059 0.012514 0.009937
2 2 0.000477 0.020774 0.959811 0.012084 0.006854
2 2 0.000953 0.030862 0.940401 0.015337 0.012447
2 2 0.000188 0.012149 0.976272 0.007817 0.003574
2 2 0.000116 0.009191 0.981541 0.006977 0.002174
2 2 0.000551 0.022562 0.956304 0.013332 0.007251
2 2 0.000354 0.017489 0.965836 0.011296 0.005025
2 2 0.000454 0.020187 0.960164 0.013969 0.005226
2 2 0.000254 0.014431 0.970672 0.011543 0.003100
2 2 0.000618 0.024086 0.953466 0.013640 0.008190
2 2 0.000340 0.017087 0.965864 0.012651 0.004057
2 2 0.000826 0.028432 0.944973 0.016535 0.009234
2 2 0.000323 0.016576 0.966572 0.012823 0.003706
2 2 0.000499 0.021306 0.958824 0.012166 0.007205
2 2 0.000378 0.018154 0.964726 0.011167 0.005575
2 2 0.000658 0.024965 0.951461 0.015406 0.007509
2 2 0.000138 0.010153 0.978918 0.008811 0.001980
2 2 0.001633 0.041793 0.915618 0.031866 0.009090
2 2 0.000259 0.014604 0.970169 0.011920 0.003048
2 2 0.001699 0.042650 0.910112 0.038132 0.007407
2 2 0.001551 0.040574 0.916682 0.033185 0.008008
2 2 0.000300 0.015891 0.967428 0.013137 0.003243
2 2 0.005298 0.049028 0.873450 0.063317 0.008907
2 2 0.190894 0.203161 0.372988 0.172118 0.060838
2 2 0.133656 0.283867 0.329601 0.132439 0.120436
0 0 0.953708 0.018734 0.005585 0.006015 0.015957
1 0 0.111464 0.312775 0.305045 0.123507 0.147210
2 0 0.081427 0.287411 0.387237 0.128498 0.115427
0 0 0.577707 0.178306 0.058794 0.034557 0.150635
0 0 0.959628 0.016391 0.003868 0.003840 0.016274
1 0 0.174147 0.340536 0.181084 0.086754 0.217480
2 2 0.024711 0.176955 0.645012 0.080489 0.072834
0 2 0.360421 0.270418 0.107686 0.056216 0.205259
0 0 0.960875 0.015849 0.004403 0.004775 0.014099
0 0 0.835617 0.067265 0.024666 0.021026 0.051426
1 0 0.154183 0.329799 0.219465 0.114898 0.181655
2 2 0.006952 0.093002 0.817337 0.055235 0.027475
2 2 0.043970 0.228164 0.528485 0.094305 0.105075
2 2 0.000579 0.023207 0.955083 0.013583 0.007548
2 2 0.002752 0.056084 0.890152 0.024033 0.026979
2 2 0.000315 0.016344 0.968196 0.010200 0.004945
2 2 0.000577 0.023163 0.954512 0.015513 0.006234
2 2 0.000486 0.020988 0.958690 0.014284 0.005551
2 2 0.000246 0.014176 0.971780 0.010316 0.003481
2 2 0.000551 0.022553 0.955380 0.015821 0.005695
2 2 0.001413 0.038590 0.925415 0.021371 0.013211
2 2 0.000380 0.018214 0.964639 0.011097 0.005669
2 2 0.001824 0.044554 0.913485 0.026295 0.013842
0 2 0.464786 0.216162 0.108794 0.071385 0.138872
0 0 0.961641 0.015573 0.004003 0.004196 0.014587
0 0 0.869346 0.053875 0.013003 0.009606 0.054171
1 0 0.214990 0.334619 0.100581 0.038451 0.311359
2 2 0.003344 0.062501 0.878882 0.032423 0.022849
1 2 0.122023 0.313157 0.293508 0.132775 0.138537
0 2 0.952867 0.018606 0.006650 0.007839 0.014038
0 0 0.969930 0.012098 0.002581 0.002627 0.012763
0 0 0.953833 0.018787 0.005101 0.005243 0.017037
0 0 0.968121 0.012684 0.002398 0.002274 0.014521
0 0 0.949589 0.020328 0.004186 0.003683 0.022215
0 0 0.959315 0.016254 0.003129 0.002816 0.018486
0 0 0.920315 0.032746 0.009145 0.008281 0.029512
0 0 0.657556 0.143943 0.040842 0.024197 0.133462
1 1 0.154183 0.329799 0.219465 0.114898 0.181655
1 2 0.154183 0.329799 0.219465 0.114898 0.181655
2 2 0.034245 0.205475 0.584252 0.106297 0.069731
1 2 0.162970 0.291035 0.283054 0.138382 0.124559
0 0 0.857513 0.059031 0.018090 0.014656 0.050711
1 0 0.289325 0.299508 0.129181 0.064964 0.217022
1 2 0.154183 0.329799 0.219465 0.114898 0.181655
2 2 0.001735 0.043334 0.915389 0.018863 0.020679
2 2 0.018496 0.153469 0.687780 0.058538 0.081716
1 2 0.109157 0.303881 0.292845 0.094663 0.199454
4 2 0.140278 0.315388 0.165936 0.036155 0.342243
4 4 0.222581 0.326972 0.085058 0.030710 0.334679
1 4 0.217670 0.332270 0.095139 0.035678 0.319243
4 4 0.222530 0.327034 0.085162 0.030760 0.334513
4 4 0.158440 0.227531 0.037215 0.004601 0.572213
4 4 0.218193 0.311335 0.071069 0.021475 0.377929
4 4 0.127423 0.250414 0.075662 0.008225 0.538275
4 4 0.158640 0.322156 0.144489 0.036338 0.338378
4 4 0.230415 0.315065 0.068514 0.023044 0.362963
0 4 0.491165 0.147524 0.013031 0.004457 0.343823
0 4 0.752990 0.047109 0.007710 0.010358 0.181833
4 4 0.379701 0.143785 0.014049 0.006260 0.456205
0 4 0.702910 0.123151 0.029283 0.016773 0.127884
4 4 0.195800 0.187795 0.023547 0.010333 0.582525
4 4 0.303656 0.267956 0.052539 0.016308 0.359541
4 4 0.200319 0.248898 0.034985 0.006444 0.509354
4 4 0.039691 0.116559 0.055039 0.001841 0.786870
4 4 0.050216 0.066898 0.013262 0.002417 0.867206
4 4 0.040604 0.094325 0.041032 0.003238 0.820800
4 4 0.079913 0.263902 0.227976 0.021922 0.406287
4 4 0.114511 0.163475 0.025642 0.002656 0.693716
4 4 0.058473 0.238181 0.283125 0.019745 0.400477
4 4 0.039149 0.134574 0.084809 0.002627 0.738841
4 4 0.118475 0.266421 0.108855 0.012352 0.493897
4 4 0.085819 0.230345 0.111823 0.007542 0.564471
4 4 0.068950 0.220501 0.142173 0.007667 0.560710
2 4 0.047118 0.225694 0.396737 0.031340 0.299110
2 4 0.055056 0.242335 0.444709 0.068074 0.189826
2 4 0.063234 0.253990 0.358224 0.041889 0.282663
2 4 0.080897 0.277399 0.308842 0.046501 0.286362
2 2 0.055461 0.240202 0.430758 0.062024 0.211555
2 2 0.072091 0.265485 0.379078 0.073439 0.209907
2 2 0.058784 0.245793 0.419529 0.064423 0.211472
2 2 0.050592 0.231434 0.448197 0.058389 0.211388
2 2 0.046107 0.222683 0.465433 0.054901 0.210875
2 2 0.089144 0.285661 0.335473 0.083827 0.205896
1 2 0.166496 0.336766 0.174140 0.064570 0.258028
2 2 0.099330 0.295574 0.312794 0.089507 0.202795
4 2 0.165337 0.325763 0.141253 0.038392 0.329255
2 2 0.058070 0.244617 0.421898 0.063913 0.211502
2 2 0.076592 0.271302 0.366782 0.076297 0.209027
1 0 0.209558 0.338389 0.111513 0.044210 0.296329
1 0 0.212891 0.336224 0.104819 0.040654 0.305412
1 0 0.190854 0.343547 0.148529 0.065563 0.251506
0 0 0.441484 0.232929 0.056877 0.025396 0.243314
4 0 0.272057 0.287905 0.052725 0.017324 0.369989
4 0 0.225960 0.255582 0.031849 0.007178 0.479431
1 1 0.208717 0.338866 0.113196 0.045119 0.294102
0 0 0.572522 0.179908 0.064405 0.039246 0.143920
2 0 0.082162 0.278713 0.346594 0.073592 0.218938
2 1 0.050862 0.231938 0.447200 0.058594 0.211407
1 1 0.107699 0.302720 0.295696 0.093917 0.199968
2 1 0.020405 0.160323 0.665202 0.054762 0.099308
2 1 0.039231 0.214066 0.531625 0.066112 0.148966
2 1 0.028632 0.187550 0.602439 0.062439 0.118939
2 2 0.000441 0.019841 0.961698 0.010995 0.007025
2 2 0.000388 0.018451 0.964399 0.009680 0.007081
2 2 0.000639 0.024572 0.952566 0.012325 0.009898
2 2 0.000103 0.008539 0.983291 0.005543 0.002525
2 2 0.000099 0.008391 0.983517 0.005607 0.002385
2 2 0.000236 0.013847 0.972383 0.010175 0.003358
2 2 0.000268 0.014883 0.971187 0.008715 0.004948
2 2 0.000304 0.016030 0.968502 0.010810 0.004354
2 2 0.000218 0.013224 0.972908 0.010921 0.002728
2 2 0.000167 0.011311 0.977603 0.007992 0.002928
2 2 0.000100 0.008388 0.982285 0.007702 0.001525
2 2 0.000135 0.010021 0.979934 0.007506 0.002405
2 2 0.000218 0.013194 0.972295 0.011885 0.002409
2 2 0.000673 0.025275 0.949763 0.018148 0.006141
2 2 0.000561 0.021429 0.941877 0.032605 0.003528
2 2 0.000385 0.017265 0.954316 0.024902 0.003133
2 2 0.002632 0.054554 0.888465 0.043297 0.011053
2 2 0.000448 0.019992 0.959018 0.016500 0.004043
2 2 0.000187 0.006032 0.885524 0.107111 0.001146
2 2 0.001459 0.030580 0.847246 0.115251 0.005464
2 2 0.000628 0.014253 0.886690 0.096034 0.002395
2 2 0.000796 0.017189 0.860290 0.118697 0.003029
2 2 0.000687 0.012048 0.743037 0.241470 0.002758
2 2 0.002635 0.027448 0.702453 0.261142 0.006323
2 2 0.002209 0.019307 0.578778 0.393646 0.006060
2 3 0.000492 0.007020 0.663649 0.327135 0.001704
3 3 0.002295 0.015776 0.478684 0.498477 0.004767
3 3 0.002367 0.010812 0.274928 0.706654 0.005239
3 3 0.000823 0.007090 0.465259 0.524111 0.002717
3 3 0.001561 0.010321 0.366805 0.617207 0.004106
3 3 0.000628 0.004051 0.283262 0.709918 0.002141
3 3 0.001142 0.004238 0.181844 0.810051 0.002725
3 3 0.001254 0.005706 0.234957 0.755316 0.002767
3 3 0.000272 0.001663 0.176584 0.820390 0.001091
3 3 0.001988 0.005729 0.157985 0.830526 0.003772
3 3 0.000716 0.003404 0.197415 0.796175 0.002290
3 3 0.001165 0.002941 0.095133 0.897991 0.002770
3 3 0.000495 0.002529 0.211693 0.783693 0.001589
3 3 0.001185 0.003294 0.120845 0.872263 0.002414
3 3 0.001077 0.003330 0.112200 0.880523 0.002870
3 3 0.000759 0.003554 0.210743 0.782644 0.002301
3 3 0.000523 0.002001 0.104435 0.891226 0.001814
3 3 0.000660 0.002437 0.113943 0.880972 0.001987
3 3 0.001275 0.004213 0.142494 0.848680 0.003339
3 3 0.000361 0.000877 0.050211 0.947459 0.001093
3 3 0.000716 0.001812 0.064365 0.930766 0.002341
3 3 0.000697 0.002007 0.091994 0.903526 0.001776
3 3 0.000370 0.001270 0.083694 0.913592 0.001074
3 3 0.001326 0.002371 0.056018 0.936611 0.003674
3 3 0.000209 0.000601 0.043013 0.955353 0.000824
3 3 0.001108 0.003154 0.108436 0.884621 0.002681
3 3 0.000596 0.001605 0.082616 0.913781 0.001401
3 3 0.002981 0.009767 0.205216 0.775729 0.006307
2 3 0.001335 0.023539 0.799473 0.170673 0.004980
2 3 0.000277 0.009721 0.899566 0.088670 0.001767
2 2 0.000300 0.008179 0.891585 0.098495 0.001440
2 2 0.000199 0.011078 0.956084 0.031010 0.001628
2 2 0.000570 0.022953 0.951405 0.021116 0.003956
2 2 0.000309 0.013813 0.936612 0.047132 0.002133
2 2 0.004653 0.028649 0.689827 0.270557 0.006313
2 0 0.016383 0.075514 0.687737 0.207442 0.012924
2 0 0.129817 0.177581 0.426823 0.224183 0.041595
2 2 0.006111 0.086184 0.816968 0.076098 0.014639
2 2 0.000849 0.028776 0.936382 0.029854 0.004140
2 2 0.000345 0.017191 0.962189 0.017709 0.002565
2 2 0.000163 0.011136 0.974736 0.012452 0.001514
2 2 0.000359 0.017606 0.963871 0.014607 0.003557
2 2 0.000430 0.019560 0.960892 0.014524 0.004594
2 2 0.002242 0.049939 0.899628 0.036983 0.011207
2 2 0.118987 0.215657 0.410507 0.195543 0.059306
2 2 0.006656 0.090300 0.810369 0.076446 0.016229
2 2 0.001038 0.032303 0.932401 0.028441 0.005818
2 2 0.000205 0.012721 0.970984 0.014404 0.001687
2 2 0.000113 0.008848 0.978892 0.010826 0.001321
2 2 0.000297 0.015778 0.966603 0.014562 0.002760
2 2 0.000307 0.015789 0.962410 0.019217 0.002277
2 2 0.002312 0.050872 0.900472 0.031991 0.014353
2 2 0.013842 0.133271 0.737101 0.070516 0.045270
2 2 0.045251 0.222203 0.475459 0.056784 0.200303
2 2 0.058661 0.245592 0.419933 0.064336 0.211478
2 2 0.050062 0.230435 0.450174 0.057983 0.211347
2 2 0.063231 0.253984 0.389404 0.056452 0.236928
4 4 0.068170 0.222236 0.201712 0.021128 0.486753
2 4 0.050260 0.232225 0.418352 0.042838 0.256325
2 4 0.048915 0.229418 0.434376 0.046598 0.240693
4 4 0.139825 0.304516 0.140338 0.025857 0.389465
2 4 0.072574 0.266128 0.377727 0.073750 0.209820
4 4 0.096620 0.290471 0.247550 0.038354 0.327005
4 4 0.102978 0.273054 0.156583 0.017332 0.450053
2 4 0.056486 0.243113 0.409627 0.051974 0.238801
1 4 0.128767 0.319846 0.242028 0.078119 0.231240
4 4 0.077800 0.272691 0.302856 0.040213 0.306440
2 4 0.081418 0.277373 0.352517 0.077338 0.211354
2 4 0.100072 0.296242 0.311226 0.089907 0.202553
0 0 0.518336 0.193725 0.096797 0.066664 0.124478
1 0 0.201297 0.341988 0.127958 0.053344 0.275413
1 0 0.248384 0.319142 0.091542 0.035796 0.305136
0 0 0.415800 0.248129 0.086788 0.044890 0.204393
1 0 0.170346 0.339044 0.188436 0.091869 0.210305
1 0 0.173343 0.340243 0.182641 0.087827 0.215946
0 0 0.567502 0.181410 0.047587 0.024792 0.178709
0 0 0.395043 0.257203 0.089678 0.045364 0.212712
1 0 0.179531 0.342163 0.170635 0.079698 0.227973
1 2 0.123048 0.313811 0.267374 0.101461 0.194306
2 2 0.095258 0.301247 0.347725 0.131211 0.124560
1 2 0.254593 0.318439 0.117470 0.052305 0.257193
0 2 0.809494 0.076510 0.014653 0.008741 0.090602
1 0 0.194550 0.343336 0.141270 0.061150 0.259693
2 0 0.099251 0.296016 0.314287 0.090729 0.199716
2 0 0.051310 0.242649 0.493185 0.097755 0.115101
1 0 0.160548 0.333977 0.207294 0.105576 0.192605
0 0 0.705524 0.120913 0.049031 0.036688 0.087844
1 0 0.186277 0.343340 0.157488 0.071164 0.241731
4 0 0.157384 0.312686 0.126779 0.027701 0.375450
1 0 0.110831 0.308218 0.272778 0.072388 0.235784
0 0 0.832387 0.069682 0.021158 0.016287 0.060486
1 0 0.162646 0.335205 0.203268 0.102577 0.196305
2 2 0.085485 0.281737 0.344183 0.081695 0.206899
2 2 0.060277 0.257492 0.453523 0.098772 0.129936
1 2 0.107516 0.303542 0.298371 0.096356 0.194215
2 2 0.000394 0.018617 0.964031 0.010542 0.006415
2 2 0.004905 0.077115 0.849857 0.036810 0.031313
2 2 0.000356 0.017552 0.966131 0.009227 0.006734
2 2 0.000314 0.016337 0.968399 0.009451 0.005499
2 2 0.001129 0.033980 0.933136 0.013987 0.017767
2 2 0.000656 0.024929 0.951568 0.011347 0.011501
2 2 0.000211 0.012989 0.974914 0.006880 0.005006
2 2 0.000462 0.020399 0.960536 0.009842 0.008761
2 2 0.000404 0.018882 0.963391 0.008867 0.008457
2 2 0.000788 0.027685 0.946083 0.017317 0.008128
2 2 0.000363 0.017766 0.965642 0.008687 0.007542
2 2 0.000866 0.029227 0.943614 0.015100 0.011193
2 2 0.000112 0.009005 0.982393 0.005812 0.002678
2 2 0.000282 0.015358 0.970351 0.008353 0.005655
2 2 0.000265 0.014810 0.971029 0.009671 0.004225
2 2 0.000365 0.017800 0.965569 0.010314 0.005952
2 2 0.000714 0.026177 0.949503 0.013529 0.010078
2 2 0.001173 0.034742 0.932918 0.017469 0.013698
2 2 0.000286 0.015421 0.966286 0.015643 0.002364
2 2 0.000178 0.011758 0.975482 0.010351 0.002230
2 2 0.000094 0.008128 0.983565 0.006359 0.001854
2 2 0.000092 0.007993 0.983727 0.006438 0.001751
2 2 0.000245 0.014132 0.970739 0.012133 0.002752
2 2 0.000117 0.009228 0.980703 0.008205 0.001747
2 2 0.000223 0.013395 0.972418 0.011275 0.002688
2 2 0.000172 0.011511 0.975613 0.010670 0.002033
2 2 0.000270 0.014933 0.967815 0.014557 0.002425
2 2 0.000177 0.011721 0.975132 0.010913 0.002055
2 2 0.002505 0.053076 0.891714 0.041828 0.010878
2 2 0.000232 0.013696 0.970390 0.013477 0.002205
2 2 0.000269 0.014908 0.969222 0.012663 0.002938
2 2 0.000256 0.013677 0.961482 0.022598 0.001987
2 2 0.000357 0.017564 0.964699 0.013379 0.004001
2 2 0.000483 0.020081 0.948307 0.028203 0.002926
2 2 0.000696 0.025025 0.939615 0.030867 0.003798
2 2 0.000168 0.011338 0.975916 0.010598 0.001980
2 2 0.000581 0.023169 0.948851 0.024026 0.003373
2 2 0.000392 0.018487 0.959210 0.019193 0.002718
2 2 0.000364 0.017724 0.960849 0.018465 0.002599
2 2 0.000352 0.017380 0.961507 0.018234 0.002526
2 2 0.001130 0.033846 0.926322 0.033557 0.005146
2 2 0.000113 0.007766 0.967552 0.023095 0.001474
2 2 0.000594 0.018855 0.938726 0.038560 0.003266
2 2 0.001053 0.031010 0.916874 0.046714 0.004349
2 2 0.001022 0.031965 0.929408 0.033001 0.004605
2 2 0.000704 0.025899 0.945179 0.023765 0.004452
2 2 0.000250 0.011321 0.930137 0.056050 0.002243
2 2 0.000466 0.018457 0.936541 0.041781 0.002754
2 2 0.000411 0.017584 0.951301 0.027025 0.003679
2 2 0.001155 0.034283 0.925520 0.033789 0.005252
2 2 0.000220 0.011864 0.957226 0.028817 0.001873
2 2 0.002614 0.051569 0.869874 0.067221 0.008721
2 2 0.000598 0.022368 0.938605 0.035228 0.003201
2 2 0.000395 0.017717 0.954931 0.023827 0.003130
2 2 0.001024 0.031982 0.928721 0.033820 0.004454
2 2 0.000526 0.021905 0.952152 0.022091 0.003326
2 2 0.010082 0.067180 0.702616 0.208260 0.011862
2 2 0.005983 0.083929 0.815779 0.078940 0.015369
2 2 0.001951 0.046092 0.902468 0.041630 0.007858
2 2 0.000135 0.008290 0.970472 0.019802 0.001300
2 2 0.000281 0.014092 0.955782 0.027758 0.002088
2 2 0.000789 0.027635 0.942287 0.024247 0.005042
2 2 0.000655 0.024832 0.945435 0.025406 0.003671
2 2 0.000253 0.014381 0.969108 0.013887 0.002371
2 2 0.000303 0.015895 0.964099 0.017411 0.002292
2 2 0.000457 0.020215 0.957629 0.018040 0.003660
2 2 0.000442 0.019838 0.957388 0.019100 0.003231
2 2 0.000369 0.017870 0.962233 0.016397 0.003131
2 2 0.000177 0.011239 0.970173 0.016816 0.001595
2 2 0.000854 0.028909 0.938962 0.026264 0.005011
2 2 0.000248 0.014228 0.968581 0.014835 0.002107
2 2 0.011944 0.123111 0.750170 0.086624 0.028152
2 2 0.003468 0.063575 0.870946 0.048514 0.013497
2 2 0.087280 0.288892 0.377581 0.142956 0.103292
2 2 0.207203 0.267166 0.284064 0.134298 0.107270
2 2 0.008023 0.100426 0.803499 0.054711 0.033340
2 2 0.000856 0.028934 0.938262 0.027158 0.004790
2 2 0.000337 0.016978 0.963334 0.016629 0.002721
2 2 0.002466 0.052763 0.897397 0.031107 0.016267
2 2 0.001230 0.035671 0.930918 0.020696 0.011486
2 2 0.000885 0.029540 0.940044 0.023287 0.006244
2 2 0.000379 0.018175 0.964273 0.012284 0.004890
2 2 0.000482 0.020877 0.957557 0.016673 0.004411
2 2 0.001933 0.046023 0.910378 0.027967 0.013699
2 2 0.001171 0.034696 0.932633 0.015862 0.015638
2 2 0.001769 0.043667 0.909506 0.036840 0.008218
2 2 0.011606 0.121799 0.760144 0.057007 0.049445
2 2 0.034155 0.201305 0.557147 0.060266 0.147126
2 4 0.073521 0.267375 0.375103 0.074357 0.209644
2 4 0.060409 0.248421 0.414217 0.065573 0.211380
4 4 0.071192 0.259938 0.280149 0.027554 0.361167
4 4 0.062713 0.198895 0.157855 0.013356 0.567181
4 4 0.064162 0.249934 0.293062 0.025171 0.367672
4 4 0.091599 0.277454 0.215672 0.025306 0.389970
4 4 0.060640 0.247724 0.329443 0.030195 0.331999
1 4 0.176789 0.341407 0.175961 0.083264 0.222578
4 4 0.147851 0.257079 0.064653 0.008537 0.521881
4 4 0.080261 0.262444 0.219525 0.020503 0.417267
4 4 0.074787 0.255813 0.226916 0.019287 0.423198
4 4 0.093036 0.176120 0.047526 0.004254 0.679064
4 4 0.082110 0.276173 0.279015 0.036343 0.326360
1 4 0.197042 0.329710 0.108542 0.035351 0.329355
1 4 0.176768 0.341247 0.171742 0.076581 0.233662
1 4 0.135228 0.323318 0.237203 0.087041 0.217211
1 4 0.115205 0.307487 0.227347 0.046725 0.303237
4 4 0.120784 0.240948 0.072041 0.007025 0.559201
4 4 0.139856 0.314730 0.165115 0.035531 0.344768
4 4 0.091319 0.285114 0.255327 0.036573 0.331668
4 4 0.126980 0.288161 0.131973 0.019120 0.433766
4 4 0.098022 0.288806 0.229385 0.033081 0.350706
4 4 0.162009 0.289244 0.086646 0.015544 0.446557
0 4 0.509332 0.199949 0.041740 0.018514 0.230465
4 4 0.116816 0.257906 0.098438 0.010360 0.516481
4 4 0.116068 0.286143 0.152042 0.020566 0.425181
4 4 0.066384 0.256659 0.319028 0.033172 0.324756
2 4 0.075044 0.269345 0.370939 0.075325 0.209346
2 4 0.085062 0.281270 0.345212 0.081446 0.207010
1 4 0.120824 0.314081 0.238446 0.060577 0.266072
1 1 0.174458 0.338754 0.162473 0.061999 0.262317
4 1 0.109516 0.293514 0.193492 0.028932 0.374546
1 2 0.104819 0.301690 0.264318 0.055750 0.273423
1 2 0.152796 0.330324 0.184091 0.057600 0.275189
1 2 0.145694 0.325473 0.185092 0.051024 0.292718
2 2 0.097170 0.295267 0.301894 0.070526 0.235143
1 2 0.170877 0.339269 0.187411 0.091148 0.211296
1 0 0.156392 0.334054 0.196603 0.075591 0.237360
1 0 0.151610 0.325336 0.167948 0.044926 0.310180
1 0 0.164328 0.336134 0.200035 0.100197 0.199306
0 0 0.345609 0.278889 0.095148 0.045250 0.235103
1 0 0.137284 0.323878 0.210916 0.061236 0.266686
2 2 0.067580 0.260612 0.371747 0.055878 0.244182
2 2 0.074009 0.268011 0.373761 0.074668 0.209550
1 2 0.193686 0.343417 0.142970 0.062173 0.257754
1 2 0.185659 0.343274 0.158695 0.071932 0.240440
4 0 0.328471 0.219818 0.021582 0.005823 0.424306
0 0 0.888669 0.045384 0.015735 0.014540 0.035672
4 0 0.242446 0.280151 0.039996 0.011389 0.426018
1 0 0.217367 0.332553 0.095756 0.035990 0.318333
1 0 0.110227 0.306237 0.281722 0.081698 0.220116
1 0 0.119745 0.313469 0.263231 0.083455 0.220099
1 0 0.161143 0.335469 0.201563 0.094029 0.207796
1 0 0.191503 0.343536 0.147257 0.064782 0.252923
0 0 0.454586 0.226865 0.054269 0.024307 0.239973
4 0 0.110745 0.303036 0.227925 0.042741 0.315554
1 0 0.176284 0.341251 0.175593 0.081665 0.225207
1 1 0.153682 0.329600 0.220152 0.114699 0.181866
4 1 0.231833 0.312304 0.065425 0.021682 0.368755
0 0 0.653914 0.121873 0.014171 0.005631 0.204411
0 0 0.326533 0.286803 0.088955 0.039567 0.258142
2 0 0.084244 0.281980 0.324409 0.060630 0.248737
4 1 0.090533 0.287621 0.283405 0.047228 0.291212
2 1 0.092454 0.289039 0.327859 0.085712 0.204935
2 1 0.088992 0.285501 0.335829 0.083739 0.205939
2 1 0.093991 0.290555 0.324407 0.086574 0.204473
1 1 0.207548 0.339485 0.115533 0.046391 0.291043
0 0 0.564317 0.182781 0.048022 0.024960 0.179919
1 1 0.131122 0.320124 0.217734 0.058663 0.272356
2 1 0.089017 0.286901 0.323131 0.070258 0.230693
2 1 0.095607 0.292114 0.320831 0.087472 0.203977
0 0 0.424079 0.244385 0.073757 0.035782 0.221996
1 0 0.284593 0.302295 0.082394 0.032876 0.297842
0 0 0.375967 0.257794 0.058707 0.023800 0.283732
1 4 0.106088 0.303085 0.266771 0.059294 0.264762
2 4 0.098389 0.296315 0.301393 0.072932 0.230971
2 2 0.082095 0.277916 0.352548 0.079676 0.207765
1 2 0.154183 0.329799 0.219465 0.114898 0.181655
1 2 0.114028 0.307590 0.283574 0.097109 0.197698
2 2 0.093376 0.289952 0.325783 0.086230 0.204659
2 2 0.093965 0.290529 0.324465 0.086560 0.204481
1 2 0.154183 0.329799 0.219465 0.114898 0.181655
1 2 0.138125 0.322526 0.242770 0.108258 0.188321
0 2 0.342225 0.279593 0.104647 0.051930 0.221605
0 2 0.563482 0.173080 0.031303 0.013718 0.218418
2 2 0.095298 0.292653 0.316106 0.080307 0.215636
1 2 0.154183 0.329799 0.219465 0.114898 0.181655
4 0 0.168456 0.325421 0.135451 0.036898 0.333774
0 0 0.575695 0.177741 0.045986 0.023994 0.176584
0 0 0.874110 0.051493 0.011368 0.008136 0.054892
4 0 0.223500 0.325819 0.083151 0.029795 0.337735
1 0 0.189700 0.343463 0.150417 0.066492 0.249928
1 0 0.201462 0.341938 0.127632 0.053157 0.275811
0 0 0.467943 0.225044 0.064782 0.032056 0.210175
1 0 0.155151 0.330478 0.217619 0.113459 0.183294
2 0 0.104873 0.300400 0.301329 0.092452 0.200947
1 1 0.116088 0.309083 0.279767 0.098123 0.196938
2 1 0.102451 0.298337 0.306267 0.091177 0.201766
2 1 0.103153 0.298943 0.304825 0.091549 0.201531
2 2 0.009049 0.106959 0.788893 0.046415 0.048685
2 2 0.005340 0.080646 0.839420 0.031707 0.042887
2 2 0.002397 0.051953 0.899056 0.023963 0.022631
2 2 0.000118 0.009256 0.981585 0.006702 0.002339
2 2 0.053182 0.236186 0.438770 0.060340 0.211522
2 2 0.000797 0.027850 0.945120 0.018996 0.007237
2 2 0.016504 0.145399 0.709158 0.061123 0.067816
2 2 0.004571 0.074208 0.855792 0.036731 0.028698
2 2 0.000270 0.014951 0.971050 0.008783 0.004947
2 2 0.001424 0.038761 0.924937 0.022314 0.012563
2 2 0.001354 0.037681 0.926660 0.016825 0.017480
1 2 0.157177 0.318873 0.236330 0.124194 0.163426
0 0 0.335599 0.279396 0.119248 0.062833 0.202924
2 0 0.069072 0.268994 0.415866 0.095336 0.150733
1 2 0.112272 0.309269 0.293726 0.105007 0.179726
2 2 0.074015 0.268019 0.373746 0.074672 0.209549
1 2 0.136100 0.321469 0.245910 0.107378 0.189143
0 0 0.552839 0.159116 0.111180 0.095604 0.081261
1 0 0.118247 0.317823 0.291778 0.129609 0.142543
2 0 0.080744 0.276340 0.355967 0.078857 0.208092
2 1 0.072342 0.269095 0.389809 0.081589 0.187165
2 1 0.034667 0.206588 0.581603 0.098045 0.079098
2 1 0.006866 0.092408 0.818887 0.053620 0.028218
2 1 0.061797 0.261515 0.454901 0.125380 0.096408
0 0 0.584775 0.172105 0.070949 0.047061 0.125110
0 0 0.451804 0.228511 0.097661 0.057970 0.164054
2 0 0.081791 0.277564 0.353314 0.079492 0.207840
2 2 0.098164 0.294509 0.315282 0.088875 0.203170
2 2 0.034352 0.204873 0.577026 0.079309 0.104440
2 2 0.001202 0.035172 0.929897 0.025393 0.008336
2 2 0.001784 0.043971 0.913202 0.029776 0.011268
2 2 0.000516 0.021715 0.956326 0.016555 0.004888
2 2 0.000168 0.011350 0.976507 0.009739 0.002236
2 2 0.000212 0.012987 0.973430 0.010671 0.002701
2 2 0.000141 0.010268 0.979129 0.008220 0.002241
2 2 0.000341 0.017104 0.964758 0.014412 0.003386
2 2 0.000174 0.011608 0.976497 0.009146 0.002575
2 2 0.000123 0.009471 0.980039 0.008639 0.001728
2 2 0.001656 0.042161 0.916827 0.028502 0.010855
2 2 0.001480 0.039615 0.923383 0.022218 0.013304
2 2 0.001211 0.035304 0.929307 0.026079 0.008100
2 2 0.000246 0.014144 0.969111 0.014313 0.002186
2 2 0.002157 0.048870 0.901682 0.036398 0.010893
2 2 0.058808 0.254646 0.457091 0.094291 0.135163
2 2 0.001401 0.038396 0.925465 0.022865 0.011873
2 2 0.000185 0.012016 0.975792 0.009264 0.002743
2 2 0.000239 0.013910 0.971168 0.011987 0.002696
2 2 0.001382 0.038054 0.924232 0.027246 0.009087
2 2 0.000279 0.015256 0.970098 0.010109 0.004258
2 2 0.000097 0.008261 0.983124 0.006746 0.001773
2 2 0.000176 0.011680 0.976285 0.009310 0.002549
2 2 0.000197 0.012461 0.974636 0.010034 0.002672
2 2 0.000438 0.019789 0.961818 0.010723 0.007232
2 2 0.000104 0.008594 0.982566 0.006819 0.001916
2 2 0.000106 0.008708 0.982248 0.007052 0.001886
2 2 0.000085 0.007632 0.983182 0.007929 0.001172
2 2 0.000407 0.018949 0.962818 0.012651 0.005176
2 2 0.000302 0.015937 0.968193 0.011749 0.003820
2 2 0.000196 0.012409 0.973822 0.011348 0.002225
2 2 0.000166 0.011279 0.976862 0.009366 0.002327
2 2 0.000125 0.009564 0.979967 0.008551 0.001794
2 2 0.000168 0.011347 0.975628 0.010967 0.001891
2 2 0.000059 0.006212 0.986965 0.005581 0.001182
2 2 0.000227 0.013502 0.970316 0.013917 0.002038
2 2 0.002323 0.050792 0.891942 0.046489 0.008454
2 2 0.000390 0.018448 0.960280 0.017897 0.002984
2 2 0.000153 0.010743 0.977552 0.009526 0.002027
2 2 0.000229 0.013588 0.970599 0.013402 0.002181
2 2 0.002153 0.048702 0.897328 0.043374 0.008443
2 2 0.000092 0.006641 0.964000 0.028147 0.001120
2 2 0.000692 0.024433 0.936375 0.034649 0.003851
2 2 0.001493 0.018048 0.768605 0.208262 0.003591
2 2 0.001992 0.030124 0.756496 0.205464 0.005925
2 2 0.000752 0.014289 0.822475 0.159644 0.002840
2 2 0.000709 0.021800 0.895917 0.078107 0.003467
2 2 0.001724 0.021353 0.740358 0.231811 0.004754
2 2 0.000416 0.005594 0.635727 0.356803 0.001460
2 3 0.001251 0.011057 0.512646 0.471575 0.003471
3 3 0.000605 0.005562 0.413675 0.578058 0.002099
3 3 0.001043 0.006737 0.304737 0.684188 0.003295
3 3 0.000951 0.003697 0.192062 0.801321 0.001970
3 3 0.000839 0.005606 0.328256 0.662807 0.002492
3 3 0.000760 0.002791 0.144079 0.850501 0.001869
3 3 0.000415 0.003185 0.292366 0.702326 0.001708
3 3 0.001320 0.003748 0.129758 0.862511 0.002663
3 3 0.000420 0.001983 0.132200 0.864159 0.001239
3 3 0.000679 0.003224 0.175188 0.818766 0.002143
3 3 0.000373 0.002624 0.258153 0.737109 0.001741
3 3 0.001398 0.004320 0.156131 0.835562 0.002589
3 3 0.000593 0.002037 0.105803 0.889976 0.001591
3 3 0.000752 0.003556 0.196570 0.796886 0.002236
3 3 0.001069 0.002886 0.084592 0.908166 0.003287
3 3 0.000861 0.001805 0.061545 0.933503 0.002286
3 3 0.000370 0.000985 0.058554 0.939000 0.001092
3 3 0.000633 0.002496 0.144919 0.850224 0.001728
3 3 0.000784 0.001559 0.052419 0.942993 0.002246
3 3 0.000591 0.001767 0.081054 0.914844 0.001745
3 3 0.000440 0.001502 0.078575 0.917970 0.001513
3 3 0.000373 0.001015 0.051420 0.945806 0.001385
3 3 0.000412 0.001316 0.074581 0.922393 0.001297
3 3 0.000491 0.001165 0.052694 0.944101 0.001550
3 3 0.000875 0.001810 0.061621 0.933416 0.002278
3 3 0.000444 0.000924 0.039245 0.957824 0.001562
3 3 0.000596 0.001107 0.046130 0.950610 0.001557
3 3 0.000466 0.001525 0.085342 0.911211 0.001456
3 3 0.000377 0.001077 0.057937 0.939300 0.001308
3 3 0.000324 0.000759 0.041312 0.956470 0.001135
3 3 0.000120 0.000241 0.022190 0.977005 0.000444
3 3 0.000128 0.000298 0.026292 0.972764 0.000518
3 3 0.000924 0.001713 0.051365 0.943413 0.002584
3 3 0.000313 0.000598 0.031106 0.966904 0.001079
3 3 0.000604 0.001104 0.043199 0.953405 0.001688
3 3 0.000166 0.000438 0.035347 0.963399 0.000650
3 3 0.000541 0.001190 0.051860 0.944824 0.001585
3 3 0.000476 0.001217 0.061024 0.935892 0.001391
3 3 0.000189 0.000937 0.099669 0.898214 0.000990
3 3 0.000239 0.000623 0.038944 0.959234 0.000960
3 3 0.000431 0.001124 0.052532 0.944375 0.001538
3 3 0.000285 0.000849 0.048814 0.948867 0.001184
3 3 0.000397 0.001088 0.057748 0.939457 0.001310
3 3 0.000299 0.000616 0.036077 0.962061 0.000948
3 3 0.000096 0.000256 0.025879 0.973322 0.000446
3 3 0.000547 0.001027 0.041199 0.955591 0.001636
3 3 0.000150 0.000431 0.036374 0.962416 0.000630
3 3 0.000359 0.000783 0.043436 0.954343 0.001078
3 3 0.000306 0.000715 0.042216 0.955757 0.001006
3 3 0.000211 0.000379 0.025144 0.973559 0.000707
3 3 0.000444 0.001229 0.059743 0.937076 0.001508
3 3 0.000478 0.001362 0.067084 0.929564 0.001513
3 3 0.000510 0.001560 0.070282 0.925857 0.001792
3 3 0.000498 0.001241 0.056778 0.939914 0.001569
3 3 0.002039 0.002556 0.054712 0.937055 0.003638
3 3 0.003118 0.003595 0.056521 0.931172 0.005594
3 3 0.002019 0.002830 0.066676 0.925110 0.003365
3 3 0.000907 0.001380 0.044659 0.950975 0.002080
3 3 0.002226 0.005035 0.118274 0.870155 0.004310
3 3 0.001319 0.001959 0.054554 0.939533 0.002635
3 3 0.001726 0.002069 0.047661 0.945393 0.003151
3 3 0.001991 0.003190 0.085208 0.906461 0.003149
3 3 0.001503 0.002575 0.066127 0.926569 0.003226
3 3 0.018505 0.040195 0.324863 0.596171 0.020266
2 3 0.017476 0.097161 0.534914 0.316598 0.033851
2 3 0.014147 0.134119 0.726523 0.095004 0.030207
2 3 0.075758 0.279604 0.400972 0.111651 0.132015
2 3 0.053221 0.247050 0.489435 0.116659 0.093635
1 3 0.115307 0.316166 0.298531 0.130719 0.139277
1 2 0.151636 0.328771 0.222982 0.113883 0.182727
2 2 0.060322 0.258369 0.456879 0.106395 0.118034
2 2 0.095640 0.295651 0.330204 0.097137 0.181368
2 2 0.057247 0.254011 0.472216 0.116307 0.100219
2 2 0.090488 0.287051 0.332352 0.084597 0.205512
1 2 0.111637 0.305727 0.238904 0.049213 0.294520
2 2 0.081558 0.278474 0.312576 0.049196 0.278196
1 2 0.100376 0.298195 0.296439 0.072855 0.232136
2 2 0.077142 0.273521 0.341885 0.057798 0.249653
4 4 0.098698 0.272837 0.169782 0.018486 0.440196
4 4 0.052353 0.168768 0.127809 0.008517 0.642554
4 4 0.087748 0.254366 0.158576 0.013391 0.485918
4 4 0.063124 0.196261 0.140101 0.010276 0.590238
4 4 0.071489 0.108712 0.072672 0.031933 0.715194
1 4 0.139514 0.290161 0.247683 0.047222 0.275421
4 4 0.084132 0.149080 0.064465 0.020365 0.681958
4 4 0.071107 0.155186 0.061099 0.006032 0.706576
4 4 0.109294 0.242940 0.120081 0.020913 0.506772
4 4 0.101493 0.176995 0.055194 0.009886 0.656432
4 4 0.058607 0.149011 0.069092 0.004678 0.718611
4 4 0.073897 0.116211 0.029677 0.004949 0.775266
