0 0 0.930676 0.025643 0.012890 0.001341 0.029450
0 0 0.922122 0.028723 0.014799 0.001673 0.032683
0 0 0.928239 0.021093 0.014808 0.002262 0.033599
0 0 0.962030 0.011838 0.006774 0.000608 0.018749
0 0 0.944073 0.017579 0.010798 0.001267 0.026283
0 0 0.837109 0.083503 0.027533 0.002675 0.049180
0 0 0.950887 0.014948 0.009384 0.001060 0.023721
0 0 0.944086 0.018497 0.010568 0.001145 0.025704
0 0 0.915594 0.031588 0.016136 0.001877 0.034805
0 0 0.742799 0.140915 0.043764 0.005059 0.067463
1 0 0.312563 0.389013 0.158582 0.017112 0.122730
1 1 0.273887 0.518883 0.107971 0.008758 0.090502
1 1 0.067974 0.607917 0.244562 0.003517 0.076030
1 1 0.103684 0.588619 0.214879 0.005565 0.087253
1 1 0.027613 0.491662 0.403897 0.003860 0.072969
2 1 0.019101 0.347113 0.542246 0.008690 0.082851
1 1 0.048295 0.519142 0.341526 0.005690 0.085346
1 1 0.127217 0.612485 0.168026 0.004453 0.087819
1 1 0.094477 0.528599 0.251938 0.008749 0.116237
1 1 0.033751 0.509779 0.376111 0.004182 0.076177
2 1 0.028785 0.433460 0.447462 0.006651 0.083641
1 1 0.050541 0.454539 0.283791 0.007402 0.203726
1 1 0.099370 0.594126 0.153946 0.003360 0.149197
1 1 0.042072 0.505246 0.261984 0.003903 0.186795
1 1 0.035573 0.506104 0.276221 0.003352 0.178749
2 1 0.016555 0.363562 0.511961 0.006165 0.101757
1 1 0.065999 0.560660 0.205752 0.003664 0.163926
1 1 0.075727 0.546955 0.238519 0.005672 0.133127
1 1 0.064165 0.535787 0.197572 0.003826 0.198650
1 1 0.025062 0.443726 0.409370 0.004895 0.116947
1 1 0.042593 0.520016 0.249964 0.003426 0.184001
2 1 0.033548 0.418014 0.447586 0.009078 0.091775
1 1 0.054477 0.535355 0.205037 0.003284 0.201847
1 1 0.046851 0.506051 0.270155 0.004640 0.172302
1 1 0.089997 0.469686 0.277845 0.013380 0.149093
1 1 0.060985 0.519033 0.261647 0.005753 0.152582
1 1 0.029758 0.466030 0.336986 0.004326 0.162900
1 1 0.056573 0.543681 0.309335 0.005374 0.085037
1 1 0.028310 0.447476 0.437661 0.005785 0.080768
2 1 0.015371 0.246568 0.653399 0.014715 0.069946
2 2 0.006682 0.130522 0.812348 0.015542 0.034907
2 2 0.005164 0.135222 0.816202 0.010693 0.032719
2 2 0.007996 0.054922 0.871244 0.050583 0.015256
2 2 0.014088 0.112027 0.785887 0.047672 0.040327
2 2 0.012898 0.224415 0.683057 0.014722 0.064909
2 2 0.003221 0.057461 0.913246 0.014996 0.011076
2 2 0.016458 0.158124 0.728060 0.037406 0.059953
2 3 0.021710 0.122243 0.729379 0.073219 0.053449
2 3 0.010507 0.126105 0.794109 0.028838 0.040441
2 3 0.007210 0.032055 0.875085 0.077125 0.008525
2 3 0.023384 0.048401 0.701789 0.204414 0.022012
2 3 0.021277 0.087246 0.751023 0.103078 0.037376
2 3 0.039147 0.053792 0.564181 0.310457 0.032421
2 3 0.031280 0.040043 0.585616 0.321252 0.021808
2 3 0.041855 0.050676 0.530212 0.345171 0.032086
2 3 0.030996 0.029939 0.525409 0.396733 0.016923
3 3 0.046067 0.031180 0.384578 0.515039 0.023136
2 3 0.030945 0.064624 0.660413 0.210490 0.033528
2 3 0.034489 0.040884 0.556116 0.344930 0.023581
2 3 0.014658 0.035452 0.774038 0.162883 0.012970
3 3 0.039683 0.026763 0.403248 0.511900 0.018406
3 3 0.031549 0.021163 0.430204 0.504093 0.012991
3 3 0.043309 0.029270 0.392425 0.513955 0.021042
3 3 0.054072 0.036743 0.363330 0.516206 0.029649
3 3 0.036618 0.024649 0.412920 0.509530 0.016284
3 3 0.036858 0.024814 0.412143 0.509738 0.016446
3 3 0.055736 0.037903 0.359154 0.516123 0.031083
3 3 0.032215 0.021621 0.427827 0.504929 0.013408
3 3 0.037770 0.025443 0.409223 0.510494 0.017070
3 3 0.041554 0.028056 0.397586 0.513055 0.019749
3 3 0.048679 0.032993 0.377413 0.515725 0.025190
3 3 0.046090 0.031196 0.384514 0.515047 0.023153
3 3 0.046272 0.031323 0.384005 0.515105 0.023295
3 3 0.047592 0.032238 0.380365 0.515478 0.024327
3 3 0.056713 0.038585 0.356736 0.516028 0.031939
3 3 0.051241 0.034773 0.370611 0.516102 0.027272
3 3 0.046836 0.031714 0.382442 0.515274 0.023734
3 3 0.053326 0.036224 0.365227 0.516209 0.029015
3 3 0.052683 0.035776 0.366873 0.516194 0.028473
3 3 0.050318 0.034131 0.373037 0.515999 0.026515
3 3 0.056425 0.038384 0.357446 0.516060 0.031686
3 3 0.046651 0.031585 0.382954 0.515220 0.023589
3 3 0.042426 0.028659 0.395005 0.513523 0.020387
3 3 0.048520 0.032883 0.377841 0.515692 0.025064
3 3 0.046792 0.031683 0.382564 0.515262 0.023699
3 3 0.045000 0.030441 0.387578 0.514666 0.022316
3 3 0.055322 0.037615 0.360186 0.516153 0.030724
3 3 0.056780 0.038631 0.356571 0.516020 0.031998
2 3 0.075236 0.062353 0.445976 0.379027 0.037408
2 3 0.036891 0.094048 0.639821 0.176331 0.052909
2 3 0.043871 0.160040 0.576681 0.119044 0.100363
2 3 0.030623 0.158558 0.646867 0.081043 0.082908
2 3 0.054322 0.196297 0.632194 0.060259 0.056929
1 3 0.064108 0.407114 0.395906 0.019093 0.113778
2 3 0.020841 0.139456 0.719354 0.059962 0.060387
2 3 0.014410 0.113593 0.782408 0.048269 0.041319
2 3 0.009017 0.102250 0.828196 0.030132 0.030405
2 3 0.014131 0.157833 0.737529 0.032127 0.058380
2 3 0.015644 0.175102 0.717202 0.029663 0.062389
2 3 0.012422 0.147507 0.759070 0.029651 0.051350
2 3 0.024059 0.148121 0.706508 0.060219 0.061093
2 3 0.024761 0.282872 0.565797 0.022203 0.104367
2 2 0.006285 0.030731 0.887424 0.067849 0.007712
2 2 0.008068 0.086078 0.849948 0.031638 0.024268
2 2 0.020900 0.260956 0.594074 0.022826 0.101244
2 2 0.009945 0.112949 0.811438 0.030509 0.035159
2 2 0.007685 0.130140 0.806693 0.018666 0.036815
2 2 0.014762 0.125527 0.768895 0.044403 0.046414
2 2 0.035303 0.298286 0.570765 0.020286 0.075359
2 2 0.023783 0.276535 0.573250 0.022594 0.103838
2 2 0.006734 0.068035 0.875125 0.032421 0.017684
2 2 0.004908 0.078259 0.880298 0.018542 0.017995
2 2 0.007473 0.042130 0.877896 0.061142 0.011358
2 2 0.008183 0.124590 0.809913 0.021275 0.036039
2 2 0.003767 0.038129 0.921993 0.028350 0.007760
2 2 0.008039 0.073497 0.860493 0.037390 0.020581
2 2 0.015873 0.180879 0.708672 0.029138 0.065438
2 2 0.004328 0.039047 0.915156 0.033064 0.008405
2 2 0.023813 0.203997 0.635622 0.042587 0.093981
2 2 0.021428 0.071593 0.748886 0.127332 0.030761
2 2 0.025630 0.298030 0.553494 0.019865 0.102980
2 2 0.013395 0.126068 0.776644 0.039151 0.044742
2 2 0.005888 0.035038 0.895803 0.054721 0.008550
2 2 0.004835 0.049283 0.904889 0.029868 0.011126
2 2 0.015609 0.047643 0.786960 0.132027 0.017762
2 3 0.016400 0.206617 0.670238 0.026454 0.080290
2 3 0.011943 0.054286 0.831657 0.084219 0.017895
2 3 0.026462 0.034619 0.612623 0.308925 0.017371
2 3 0.019045 0.064717 0.766940 0.122970 0.026327
2 3 0.014232 0.040990 0.792894 0.137185 0.014700
2 3 0.025557 0.059325 0.700957 0.186214 0.027948
2 3 0.013818 0.049071 0.808703 0.111126 0.017281
2 3 0.021424 0.075077 0.749928 0.121327 0.032245
2 3 0.025509 0.053227 0.690527 0.205545 0.025192
2 3 0.036455 0.036729 0.512991 0.391511 0.022313
3 3 0.035774 0.024068 0.415675 0.508765 0.015717
3 3 0.042636 0.028804 0.394387 0.513630 0.020542
2 3 0.017208 0.068562 0.784660 0.102968 0.026602
2 3 0.034367 0.054315 0.608177 0.272882 0.030258
2 3 0.019517 0.041762 0.728782 0.192482 0.017457
2 3 0.025872 0.038598 0.640151 0.276492 0.018886
2 3 0.037473 0.040509 0.524518 0.372832 0.024667
3 3 0.057933 0.050221 0.424520 0.430417 0.036909
2 3 0.023494 0.230795 0.655973 0.023769 0.065970
2 3 0.025162 0.033267 0.621174 0.304113 0.016284
2 3 0.011305 0.149963 0.765719 0.024848 0.048165
2 3 0.009035 0.054650 0.861071 0.059266 0.015978
2 3 0.011715 0.045718 0.829747 0.097858 0.014962
2 3 0.017147 0.228126 0.674821 0.017624 0.062282
2 3 0.013267 0.044073 0.809655 0.117737 0.015268
2 3 0.005441 0.026910 0.896524 0.064763 0.006362
2 3 0.004298 0.035039 0.916478 0.036671 0.007514
2 3 0.012760 0.065028 0.824318 0.075819 0.022077
2 3 0.010555 0.114527 0.805972 0.032380 0.036566
2 3 0.006304 0.025658 0.880008 0.081568 0.006462
2 3 0.017101 0.106362 0.770898 0.064109 0.041530
2 3 0.009006 0.073551 0.852715 0.043143 0.021585
2 3 0.017808 0.055825 0.772580 0.131729 0.022058
2 3 0.033125 0.105812 0.665516 0.139251 0.056295
1 3 0.126468 0.349625 0.342054 0.049049 0.132804
2 3 0.024236 0.162578 0.676931 0.059857 0.076398
2 3 0.010413 0.042895 0.842931 0.090426 0.013335
2 3 0.005484 0.043085 0.900810 0.040403 0.010218
2 3 0.026936 0.307932 0.542804 0.019109 0.103219
2 3 0.005563 0.045707 0.899132 0.038688 0.010910
2 2 0.022764 0.343252 0.532709 0.011182 0.090093
2 2 0.012728 0.171630 0.734589 0.023922 0.057130
2 4 0.037332 0.378609 0.466417 0.014444 0.103198
2 4 0.030353 0.433785 0.443366 0.007059 0.085436
1 4 0.033953 0.448730 0.422355 0.007062 0.087900
1 4 0.054574 0.527759 0.324466 0.005966 0.087235
1 4 0.047851 0.520466 0.341293 0.005573 0.084817
1 4 0.043182 0.423811 0.418421 0.011367 0.103218
1 4 0.037037 0.455295 0.411689 0.007376 0.088603
1 4 0.029904 0.442157 0.437972 0.006457 0.083509
1 4 0.076630 0.567342 0.253373 0.005439 0.097216
1 4 0.032353 0.439635 0.434114 0.007231 0.086668
1 4 0.047551 0.520385 0.341878 0.005541 0.084645
1 4 0.032035 0.467470 0.413270 0.005639 0.081586
1 4 0.057300 0.513563 0.305079 0.006570 0.117488
1 4 0.224231 0.455227 0.071194 0.005704 0.243644
1 4 0.224531 0.484742 0.105777 0.008873 0.176077
1 4 0.200735 0.550363 0.115427 0.006127 0.127348
1 4 0.201768 0.583037 0.069404 0.002386 0.143405
1 4 0.173136 0.578916 0.117300 0.004590 0.126058
1 4 0.143522 0.609585 0.103929 0.002661 0.140302
1 4 0.097240 0.557676 0.143681 0.003593 0.197810
1 4 0.217550 0.510614 0.080516 0.004864 0.186456
1 4 0.098698 0.577569 0.163978 0.003985 0.155771
1 4 0.076116 0.556433 0.212946 0.004679 0.149826
1 4 0.066134 0.537167 0.239895 0.005130 0.151673
1 4 0.082574 0.575435 0.202716 0.004347 0.134928
1 4 0.096486 0.568988 0.182445 0.004713 0.147368
1 4 0.045296 0.453293 0.379897 0.009052 0.112462
1 4 0.056089 0.531164 0.308354 0.005773 0.098620
2 4 0.019524 0.275004 0.628874 0.012889 0.063709
1 2 0.051374 0.477934 0.363735 0.008569 0.098387
1 2 0.090285 0.565246 0.227606 0.005905 0.110958
2 2 0.014351 0.220997 0.703316 0.012932 0.048404
1 2 0.085493 0.606981 0.223112 0.004178 0.080235
2 2 0.004157 0.073498 0.892499 0.013976 0.015870
1 2 0.055418 0.539343 0.314420 0.005474 0.085345
0 2 0.831899 0.102318 0.022933 0.001422 0.041427
0 0 0.867455 0.071667 0.020365 0.001495 0.039018
0 0 0.885187 0.049695 0.021125 0.002317 0.041676
0 0 0.907053 0.046131 0.014682 0.001038 0.031095
0 0 0.911229 0.035700 0.015291 0.001426 0.036354
0 0 0.974703 0.007264 0.004362 0.000344 0.013327
0 0 0.937184 0.023107 0.011512 0.001132 0.027065
0 0 0.905130 0.036687 0.018165 0.002159 0.037860
0 0 0.931985 0.031329 0.010858 0.000732 0.025096
0 0 0.938813 0.034342 0.007747 0.000299 0.018799
0 0 0.912868 0.047099 0.012390 0.000678 0.026965
0 0 0.953173 0.013373 0.006967 0.000529 0.025958
0 0 0.966514 0.007072 0.003918 0.000231 0.022266
0 0 0.843008 0.087640 0.020344 0.001159 0.047848
0 0 0.972798 0.008328 0.003973 0.000229 0.014672
0 0 0.876014 0.062366 0.018651 0.001335 0.041634
0 0 0.584075 0.303048 0.046724 0.003071 0.063082
0 0 0.816739 0.101184 0.029108 0.002554 0.050414
1 0 0.269846 0.558660 0.089872 0.005137 0.076485
1 0 0.048167 0.512479 0.346801 0.006009 0.086544
1 1 0.098639 0.632229 0.189880 0.003482 0.075770
2 1 0.025850 0.408319 0.474557 0.007272 0.084002
1 1 0.056706 0.510272 0.333921 0.007201 0.091900
2 1 0.028542 0.422844 0.456283 0.007215 0.085115
2 2 0.029434 0.348072 0.508561 0.014517 0.099416
2 2 0.026819 0.396514 0.480950 0.008426 0.087290
2 2 0.013463 0.229857 0.693032 0.011840 0.051808
2 2 0.030694 0.340323 0.510050 0.016362 0.102570
2 2 0.011259 0.139675 0.793876 0.021078 0.034112
2 2 0.025942 0.353744 0.515067 0.011879 0.093369
2 2 0.010158 0.177569 0.756569 0.013708 0.041996
2 2 0.016629 0.159501 0.732552 0.035059 0.056259
2 2 0.030886 0.383708 0.479440 0.011138 0.094828
1 2 0.046767 0.467893 0.382587 0.008528 0.094225
2 2 0.005223 0.075288 0.880807 0.020961 0.017721
2 2 0.018186 0.270393 0.624449 0.014153 0.072820
2 2 0.005658 0.058041 0.891556 0.030741 0.014005
2 2 0.016556 0.124811 0.758678 0.051491 0.048464
2 2 0.003909 0.028676 0.921567 0.039935 0.005913
2 2 0.008383 0.057225 0.866745 0.051427 0.016220
2 2 0.018027 0.075518 0.778008 0.098510 0.029937
2 2 0.002911 0.026133 0.936086 0.030086 0.004784
2 2 0.014240 0.081664 0.806663 0.068250 0.029183
2 2 0.009720 0.051872 0.854259 0.068509 0.015640
2 2 0.011228 0.032141 0.814859 0.131366 0.010407
2 2 0.016113 0.132843 0.753485 0.046357 0.051202
2 3 0.009125 0.022791 0.818479 0.142809 0.006796
2 3 0.017180 0.091143 0.779942 0.076269 0.035467
2 3 0.009599 0.043309 0.853014 0.081085 0.012993
2 3 0.022954 0.043685 0.693671 0.219884 0.019807
2 3 0.015867 0.033236 0.749279 0.188931 0.012688
2 3 0.037495 0.079100 0.626173 0.212114 0.045118
2 3 0.033552 0.036444 0.541530 0.367471 0.021004
2 3 0.026471 0.032528 0.599851 0.324697 0.016453
2 3 0.037417 0.035510 0.495563 0.409433 0.022078
2 3 0.030900 0.055736 0.643837 0.240360 0.029167
2 3 0.043193 0.038184 0.458246 0.434521 0.025856
2 3 0.025346 0.063977 0.708987 0.171767 0.029923
2 3 0.025552 0.056571 0.696524 0.194644 0.026709
2 3 0.028723 0.023378 0.492513 0.442239 0.013146
3 3 0.031176 0.021972 0.444777 0.488818 0.013257
2 3 0.046836 0.046380 0.471128 0.403581 0.032075
2 3 0.033573 0.028483 0.483289 0.437516 0.017140
3 3 0.039917 0.026925 0.402530 0.512056 0.018572
3 3 0.037503 0.025259 0.410073 0.510279 0.016887
3 3 0.048582 0.032926 0.377674 0.515705 0.025113
3 3 0.045173 0.030560 0.387088 0.514730 0.022448
3 3 0.038639 0.026043 0.406484 0.511162 0.017672
3 3 0.052239 0.035467 0.368019 0.516175 0.028101
3 3 0.058647 0.039934 0.352019 0.515740 0.033660
3 3 0.044825 0.030320 0.388073 0.514599 0.022183
3 3 0.038818 0.026166 0.405927 0.511293 0.017797
3 3 0.047291 0.032029 0.381189 0.515400 0.024090
3 3 0.043575 0.029454 0.391653 0.514077 0.021241
3 3 0.060087 0.040941 0.348562 0.515444 0.034966
3 3 0.039762 0.026818 0.403006 0.511952 0.018462
3 3 0.040679 0.027451 0.400212 0.512541 0.019117
3 3 0.049157 0.033325 0.376127 0.515817 0.025574
3 3 0.041860 0.028268 0.396676 0.513224 0.019972
2 3 0.037948 0.035238 0.488485 0.416180 0.022149
3 3 0.037933 0.025556 0.408706 0.510623 0.017182
2 3 0.044421 0.045014 0.484522 0.395868 0.030175
3 3 0.044665 0.030208 0.388529 0.514536 0.022061
3 3 0.042943 0.029017 0.393489 0.513781 0.020770
3 3 0.047527 0.032193 0.380542 0.515462 0.024276
3 3 0.038601 0.026016 0.406604 0.511133 0.017645
3 3 0.050906 0.034540 0.371489 0.516069 0.026996
3 3 0.053084 0.036055 0.365845 0.516205 0.028810
3 3 0.046545 0.031512 0.383247 0.515189 0.023507
3 3 0.049336 0.033449 0.375647 0.515849 0.025718
3 3 0.063267 0.043165 0.341090 0.514554 0.037924
3 3 0.059050 0.040216 0.351047 0.515664 0.034023
3 3 0.062382 0.042546 0.343148 0.514833 0.037091
3 3 0.061339 0.041816 0.345595 0.515131 0.036118
3 3 0.055320 0.037613 0.360191 0.516154 0.030722
3 3 0.062788 0.042829 0.342203 0.514708 0.037472
3 3 0.057205 0.038928 0.355526 0.515967 0.032374
3 3 0.055091 0.037454 0.360764 0.516167 0.030524
3 3 0.051247 0.034777 0.370596 0.516103 0.027277
3 3 0.062260 0.042460 0.343433 0.514870 0.036977
3 3 0.054779 0.037236 0.361546 0.516183 0.030255
3 3 0.059308 0.040396 0.350426 0.515613 0.034257
3 3 0.058248 0.039656 0.352985 0.515810 0.033302
3 3 0.047167 0.031943 0.381529 0.515367 0.023993
3 3 0.052160 0.035413 0.368221 0.516171 0.028035
3 3 0.059983 0.040868 0.348810 0.515467 0.034871
3 3 0.047783 0.032371 0.379842 0.515526 0.024478
3 3 0.051191 0.034738 0.370742 0.516098 0.027231
3 3 0.057534 0.039157 0.354723 0.515921 0.032665
3 3 0.053125 0.036084 0.365739 0.516206 0.028845
3 3 0.053041 0.036025 0.365955 0.516205 0.028774
3 3 0.064835 0.044263 0.337483 0.514001 0.039419
3 3 0.062144 0.042379 0.343704 0.514904 0.036868
1 3 0.130793 0.393727 0.371529 0.025659 0.078291
2 3 0.028588 0.371991 0.494188 0.011297 0.093937
2 3 0.018110 0.093254 0.772156 0.079305 0.037174
2 2 0.009361 0.036292 0.849697 0.093858 0.010792
2 2 0.010263 0.086722 0.833434 0.042571 0.027010
2 2 0.026837 0.246731 0.575970 0.035523 0.114939
2 2 0.002597 0.026774 0.940620 0.025324 0.004684
2 2 0.006388 0.019213 0.859477 0.110019 0.004902
2 2 0.011597 0.018461 0.737346 0.226321 0.006275
2 2 0.043956 0.296752 0.496216 0.036344 0.126732
2 2 0.008432 0.045968 0.867546 0.065012 0.013042
2 2 0.002231 0.025229 0.946271 0.022115 0.004154
2 2 0.018959 0.330487 0.555262 0.010067 0.085225
2 2 0.007647 0.138675 0.797108 0.017222 0.039348
2 2 0.023331 0.389783 0.495992 0.007557 0.083337
2 4 0.032337 0.422726 0.446980 0.008356 0.089601
2 4 0.025379 0.396172 0.421747 0.007173 0.149529
1 4 0.028447 0.416381 0.415036 0.007076 0.133061
1 4 0.052526 0.538493 0.298577 0.004935 0.105469
2 4 0.029239 0.390354 0.478995 0.009853 0.091560
1 4 0.035071 0.474707 0.342161 0.005144 0.142917
1 4 0.073719 0.556966 0.274422 0.006016 0.088877
2 4 0.026927 0.362211 0.506029 0.011495 0.093338
1 4 0.064523 0.514556 0.301856 0.007448 0.111617
1 4 0.075706 0.379870 0.195933 0.011643 0.336848
1 4 0.034644 0.490889 0.383321 0.005016 0.086130
1 4 0.037735 0.506762 0.317087 0.004249 0.134165
1 4 0.045404 0.538324 0.294209 0.004070 0.117993
1 4 0.056214 0.511852 0.333572 0.007044 0.091317
1 4 0.035455 0.476293 0.398959 0.005875 0.083419
1 4 0.106490 0.535988 0.235587 0.008848 0.113087
1 4 0.051861 0.575565 0.289302 0.003699 0.079572
1 4 0.075370 0.583675 0.252792 0.004788 0.083375
1 4 0.047917 0.528761 0.297532 0.004672 0.121118
1 4 0.045231 0.546773 0.293494 0.003833 0.110670
1 4 0.068602 0.580166 0.264463 0.004595 0.082175
1 4 0.034668 0.475392 0.401330 0.005772 0.082838
1 4 0.041660 0.475396 0.386953 0.007076 0.088916
1 4 0.051839 0.533112 0.324926 0.005416 0.084707
2 4 0.026406 0.403530 0.476733 0.007778 0.085553
2 4 0.026401 0.425229 0.447746 0.006370 0.094254
2 4 0.032170 0.413649 0.454182 0.008984 0.091014
2 4 0.025364 0.332377 0.531905 0.014098 0.096256
2 4 0.021150 0.311378 0.560960 0.013849 0.092664
2 4 0.014462 0.323471 0.577960 0.007642 0.076466
2 4 0.016770 0.247998 0.620685 0.020138 0.094410
2 4 0.017901 0.268269 0.602863 0.017499 0.093468
2 4 0.016602 0.267786 0.609067 0.016025 0.090520
2 4 0.015680 0.282249 0.603416 0.012809 0.085847
2 4 0.010678 0.143648 0.779648 0.023272 0.042754
2 2 0.003111 0.086458 0.884564 0.009188 0.016679
2 2 0.007642 0.148092 0.791408 0.014545 0.038313
2 2 0.007783 0.153461 0.778886 0.015620 0.044249
2 2 0.018943 0.315260 0.566472 0.011643 0.087682
2 2 0.006639 0.124632 0.819334 0.016261 0.033134
2 2 0.005724 0.117898 0.832633 0.014317 0.029428
2 2 0.003557 0.083537 0.884584 0.011364 0.016959
2 2 0.024480 0.430883 0.460522 0.005600 0.078514
2 2 0.006157 0.083009 0.866597 0.023290 0.020946
2 2 0.003402 0.084808 0.884320 0.010543 0.016928
2 2 0.019360 0.376937 0.518251 0.006728 0.078724
2 2 0.012442 0.295478 0.608461 0.008310 0.075309
2 2 0.002225 0.032088 0.943237 0.017159 0.005290
2 2 0.002206 0.056376 0.922714 0.009338 0.009366
2 2 0.019672 0.400396 0.498594 0.005573 0.075766
1 2 0.119816 0.545281 0.225793 0.009022 0.100088
1 2 0.029592 0.470635 0.416295 0.005005 0.078471
2 2 0.010045 0.210153 0.713521 0.011727 0.054553
2 2 0.015350 0.310845 0.583978 0.009332 0.080496
2 2 0.005175 0.090529 0.865985 0.016919 0.021391
2 2 0.002793 0.045656 0.927354 0.015919 0.008277
2 2 0.003249 0.058661 0.911908 0.014831 0.011352
2 2 0.007212 0.153155 0.782622 0.014198 0.042813
2 2 0.001696 0.041668 0.941297 0.009135 0.006204
2 2 0.008640 0.175067 0.758549 0.012958 0.044787
2 2 0.012011 0.316081 0.594272 0.006455 0.071180
1 2 0.025189 0.471325 0.426143 0.004106 0.073237
2 2 0.022898 0.346856 0.529644 0.010891 0.089710
2 2 0.002424 0.064154 0.913132 0.009190 0.011099
2 2 0.005450 0.104862 0.848856 0.015348 0.025484
2 2 0.004788 0.099683 0.858846 0.013738 0.022946
2 2 0.007385 0.072121 0.866742 0.034257 0.019496
2 2 0.008759 0.119988 0.811436 0.024229 0.035589
2 2 0.008790 0.133486 0.796251 0.021518 0.039955
2 2 0.006681 0.124369 0.819372 0.016435 0.033144
2 2 0.007586 0.074881 0.863008 0.034038 0.020487
2 2 0.007070 0.093614 0.849849 0.024363 0.025105
2 2 0.019197 0.234390 0.616144 0.027657 0.102612
2 2 0.013414 0.126232 0.776362 0.039162 0.044831
2 2 0.009489 0.120876 0.805964 0.026606 0.037065
2 2 0.016925 0.274342 0.604163 0.015201 0.089369
2 0 0.024129 0.342304 0.528941 0.012104 0.092523
2 2 0.025410 0.424949 0.462756 0.006166 0.080718
2 2 0.010172 0.126253 0.795979 0.027642 0.039954
2 2 0.006003 0.121371 0.826965 0.014725 0.030935
2 2 0.008430 0.110723 0.823388 0.025287 0.032172
2 2 0.006083 0.078301 0.871555 0.024442 0.019619
2 2 0.010527 0.216034 0.703616 0.012077 0.057745
2 2 0.002665 0.038173 0.934306 0.018084 0.006772
2 2 0.003601 0.022383 0.923236 0.046314 0.004465
2 2 0.010746 0.186006 0.734115 0.016074 0.053059
2 2 0.003790 0.085197 0.881188 0.012077 0.017748
2 2 0.005283 0.060538 0.893045 0.026911 0.014223
2 2 0.004686 0.052719 0.904112 0.026716 0.011768
2 2 0.044174 0.405398 0.432207 0.013717 0.104503
1 2 0.065768 0.485988 0.336539 0.010186 0.101518
1 2 0.054324 0.543254 0.313215 0.005189 0.084017
1 2 0.033966 0.467106 0.409289 0.006050 0.083589
2 2 0.004556 0.084422 0.877081 0.015294 0.018647
1 2 0.039121 0.485910 0.383997 0.006042 0.084930
1 2 0.035675 0.451410 0.417600 0.007311 0.088004
2 2 0.004021 0.066340 0.898482 0.017142 0.014015
2 2 0.002318 0.036300 0.939389 0.015901 0.006092
1 2 0.049189 0.490536 0.361410 0.007408 0.091457
1 2 0.056410 0.522903 0.325097 0.006424 0.089166
1 2 0.070772 0.521756 0.303797 0.007960 0.095715
0 2 0.714664 0.183033 0.039367 0.003090 0.059845
0 0 0.924048 0.030408 0.013707 0.001317 0.030520
0 0 0.930449 0.026146 0.012826 0.001300 0.029278
0 0 0.951447 0.017189 0.008664 0.000765 0.021935
0 0 0.896548 0.049245 0.017326 0.001451 0.035431
0 0 0.936340 0.024700 0.011348 0.001025 0.026588
0 0 0.902429 0.042368 0.017416 0.001698 0.036089
1 0 0.342965 0.533933 0.057078 0.003509 0.062514
0 0 0.865853 0.050659 0.027318 0.004214 0.051956
1 0 0.348709 0.467227 0.085091 0.010275 0.088697
1 0 0.348589 0.482008 0.078498 0.008227 0.082678
1 0 0.085648 0.649043 0.192224 0.002720 0.070364
1 1 0.050850 0.541158 0.320439 0.004954 0.082599
2 2 0.016342 0.166784 0.722178 0.033646 0.061051
2 2 0.028416 0.315657 0.558396 0.015638 0.081893
1 2 0.039490 0.476880 0.390170 0.006591 0.086868
2 2 0.018080 0.276423 0.635559 0.011088 0.058849
1 2 0.041932 0.495721 0.370975 0.005994 0.085377
2 2 0.013095 0.209257 0.704725 0.015706 0.057217
2 2 0.006979 0.105352 0.842901 0.019144 0.025624
2 2 0.005735 0.117959 0.841994 0.011329 0.022983
2 2 0.002754 0.050115 0.926204 0.011809 0.009118
2 2 0.010492 0.118020 0.813233 0.026535 0.031719
2 2 0.015919 0.263572 0.653400 0.010707 0.056401
2 2 0.002851 0.029269 0.936504 0.026058 0.005318
1 2 0.037024 0.454811 0.412084 0.007404 0.088678
1 2 0.131480 0.562761 0.202086 0.007831 0.095842
2 2 0.021839 0.320778 0.558065 0.012514 0.086804
2 2 0.003592 0.079447 0.891682 0.010880 0.014399
2 2 0.003308 0.048231 0.920396 0.018709 0.009356
2 2 0.004472 0.075259 0.887447 0.016665 0.016157
2 2 0.005238 0.098624 0.861746 0.013778 0.020614
2 2 0.018240 0.289394 0.618085 0.010676 0.063606
2 2 0.024577 0.368362 0.508631 0.009741 0.088689
2 2 0.032368 0.229194 0.642487 0.031246 0.064706
1 2 0.035081 0.455690 0.415643 0.006916 0.086669
1 2 0.059219 0.543139 0.305627 0.005635 0.086379
2 2 0.012362 0.175674 0.755683 0.016103 0.040178
2 2 0.017528 0.340948 0.562147 0.007502 0.071875
2 2 0.012812 0.049070 0.819883 0.101535 0.016700
1 2 0.254670 0.538260 0.111307 0.007641 0.088122
0 0 0.634269 0.178099 0.080396 0.014378 0.092859
0 0 0.934005 0.023188 0.012490 0.001371 0.028946
0 0 0.944214 0.022115 0.009581 0.000761 0.023330
0 0 0.838319 0.076405 0.029437 0.003420 0.052419
0 0 0.924938 0.030121 0.013442 0.001266 0.030233
0 0 0.679039 0.219060 0.040058 0.002756 0.059087
1 0 0.240562 0.579888 0.098554 0.004715 0.076281
1 0 0.049587 0.543112 0.321030 0.004750 0.081521
1 4 0.030119 0.480235 0.366404 0.004377 0.118865
1 4 0.026993 0.416718 0.414764 0.006596 0.134928
1 4 0.038347 0.511244 0.286430 0.003751 0.160228
1 4 0.046187 0.524879 0.272934 0.004135 0.151866
1 4 0.056234 0.563394 0.238561 0.003588 0.138223
1 4 0.029672 0.449315 0.401251 0.005742 0.114020
1 4 0.023181 0.441900 0.434264 0.004679 0.095975
1 4 0.118489 0.424237 0.055734 0.002123 0.399416
1 4 0.070833 0.537136 0.136180 0.002478 0.253372
4 4 0.099960 0.283032 0.051221 0.003971 0.561815
1 4 0.043085 0.490460 0.209796 0.003203 0.253455
1 4 0.139959 0.512619 0.087241 0.003289 0.256893
1 4 0.081584 0.450121 0.116376 0.003712 0.348207
1 4 0.071528 0.569331 0.161215 0.002739 0.195187
4 4 0.129517 0.349752 0.054834 0.003731 0.462167
4 4 0.097541 0.289577 0.047623 0.003232 0.562026
1 4 0.154626 0.417453 0.052613 0.002814 0.372494
1 4 0.149096 0.413511 0.050824 0.002603 0.383965
4 4 0.108987 0.076954 0.022740 0.001539 0.789780
1 4 0.073202 0.498628 0.121871 0.002660 0.303639
4 4 0.127351 0.322974 0.060631 0.005219 0.483824
1 4 0.083259 0.464018 0.087257 0.002226 0.363239
1 4 0.140122 0.638897 0.123073 0.002797 0.095111
1 4 0.141730 0.595122 0.105400 0.002896 0.154852
4 4 0.103624 0.334100 0.042174 0.002033 0.518069
4 4 0.085600 0.287104 0.039197 0.002018 0.586081
1 4 0.080179 0.429858 0.088445 0.002631 0.398887
4 4 0.102040 0.373528 0.064146 0.003023 0.457263
4 4 0.145263 0.201012 0.029934 0.001176 0.622614
1 4 0.153883 0.458228 0.064152 0.003042 0.320696
4 4 0.088690 0.095955 0.024930 0.001680 0.788744
4 4 0.192046 0.250887 0.050688 0.003635 0.502744
1 4 0.089008 0.546955 0.116472 0.002473 0.245092
4 4 0.078971 0.403468 0.096622 0.003484 0.417454
1 4 0.133514 0.498541 0.069059 0.002305 0.296581
4 4 0.121569 0.369128 0.052170 0.002780 0.454353
4 4 0.089645 0.361573 0.061705 0.002597 0.484480
4 4 0.095420 0.411180 0.061563 0.002045 0.429792
1 4 0.074049 0.466944 0.104767 0.002523 0.351717
4 4 0.099321 0.381764 0.049318 0.001800 0.467796
1 4 0.068273 0.452992 0.099863 0.002273 0.376598
1 4 0.084187 0.529991 0.106802 0.002196 0.276825
4 4 0.107421 0.348569 0.059631 0.003394 0.480984
4 4 0.128413 0.117084 0.025526 0.001327 0.727650
1 4 0.096294 0.593697 0.164927 0.003573 0.141509
1 4 0.114174 0.616980 0.166912 0.003846 0.098087
4 4 0.046666 0.310263 0.070110 0.001961 0.571000
1 4 0.102676 0.491220 0.080742 0.002217 0.323145
1 4 0.102766 0.486853 0.092487 0.002823 0.315071
1 4 0.115189 0.477710 0.144020 0.006841 0.256241
1 4 0.097334 0.468022 0.082752 0.002443 0.349448
1 4 0.093873 0.613516 0.176563 0.003399 0.112649
1 4 0.131664 0.600275 0.161654 0.004741 0.101666
1 4 0.071700 0.614526 0.178768 0.002502 0.132504
1 4 0.103210 0.593660 0.167035 0.003942 0.132154
1 4 0.088005 0.612348 0.130811 0.002087 0.166750
1 4 0.068393 0.534826 0.152334 0.002845 0.241602
1 4 0.046812 0.578194 0.232144 0.002535 0.140315
1 4 0.044357 0.522113 0.256748 0.003694 0.173088
1 4 0.034595 0.494635 0.349265 0.004538 0.116967
1 4 0.087967 0.595773 0.228194 0.004745 0.083322
1 4 0.073306 0.529664 0.294527 0.007645 0.094858
1 4 0.047529 0.539465 0.327286 0.004697 0.081022
1 4 0.036885 0.493347 0.382728 0.005314 0.081726
1 4 0.038402 0.519230 0.359451 0.004458 0.078459
1 4 0.045350 0.522603 0.344054 0.005176 0.082818
1 4 0.029903 0.512337 0.382059 0.003559 0.072142
2 4 0.022071 0.375303 0.510941 0.008033 0.083652
1 4 0.111831 0.593499 0.202527 0.005471 0.086673
1 4 0.110277 0.571793 0.218935 0.006751 0.092244
1 4 0.026612 0.460209 0.431663 0.004821 0.076695
2 4 0.019970 0.370923 0.520981 0.007384 0.080741
2 4 0.009517 0.231525 0.690210 0.009572 0.059177
2 4 0.026052 0.424438 0.461467 0.006383 0.081660
2 4 0.009072 0.185303 0.739129 0.013816 0.052679
2 2 0.007643 0.138240 0.804818 0.015180 0.034119
2 2 0.019765 0.392246 0.504830 0.006023 0.077136
2 2 0.001615 0.040025 0.943571 0.008945 0.005844
2 2 0.003576 0.102003 0.864303 0.009163 0.020955
2 2 0.003942 0.075417 0.890231 0.014533 0.015877
2 2 0.009898 0.217847 0.709174 0.010325 0.052755
2 2 0.019536 0.396954 0.501776 0.005694 0.076040
2 2 0.006498 0.135986 0.812620 0.012808 0.032087
2 2 0.002653 0.049051 0.925779 0.013790 0.008727
1 2 0.029954 0.469312 0.416519 0.005134 0.079080
1 2 0.038595 0.504397 0.370709 0.005087 0.081211
2 2 0.021007 0.427468 0.472785 0.004779 0.073961
2 2 0.020477 0.396422 0.499311 0.006068 0.077722
1 2 0.060833 0.533820 0.310042 0.006269 0.089036
1 2 0.310721 0.331147 0.240651 0.021783 0.095698
0 2 0.385122 0.350755 0.106894 0.021322 0.135908
1 2 0.042577 0.553000 0.325224 0.003725 0.075474
1 2 0.031261 0.471628 0.411729 0.005292 0.080090
2 2 0.015812 0.345314 0.555540 0.006959 0.076375
1 2 0.030564 0.480946 0.405893 0.004763 0.077834
2 2 0.002569 0.070488 0.905476 0.008952 0.012515
2 2 0.001313 0.025120 0.960951 0.009230 0.003386
2 2 0.006172 0.138023 0.818101 0.010216 0.027488
2 2 0.002365 0.039659 0.936385 0.014873 0.006718
2 2 0.012347 0.222846 0.695065 0.012814 0.056928
2 2 0.003012 0.060098 0.912499 0.013094 0.011297
2 2 0.003572 0.068615 0.899792 0.014171 0.013849
2 2 0.001691 0.022490 0.955131 0.017372 0.003317
2 2 0.012757 0.151901 0.752122 0.029603 0.053617
2 2 0.002432 0.039647 0.935705 0.015426 0.006789
2 2 0.004238 0.042816 0.914571 0.029228 0.009148
2 2 0.008835 0.048738 0.863447 0.064875 0.014106
2 2 0.005596 0.061288 0.889778 0.028598 0.014740
2 2 0.002025 0.023024 0.949871 0.021434 0.003646
2 2 0.007299 0.068177 0.870363 0.035848 0.018313
2 2 0.007663 0.075042 0.862273 0.034403 0.020619
2 2 0.008696 0.069221 0.858052 0.044040 0.019991
2 2 0.005870 0.057763 0.889830 0.032391 0.014145
2 2 0.012823 0.202751 0.709501 0.016805 0.058120
2 2 0.008007 0.037866 0.869344 0.074266 0.010516
2 3 0.009804 0.091030 0.833193 0.038105 0.027869
2 3 0.015040 0.130646 0.762084 0.043401 0.048828
2 3 0.006248 0.041401 0.892302 0.049692 0.010357
2 3 0.009689 0.054090 0.854586 0.065347 0.016288
2 3 0.011052 0.084573 0.829219 0.048010 0.027147
2 3 0.015158 0.074480 0.801874 0.081177 0.027311
2 3 0.019700 0.057642 0.755416 0.143360 0.023882
2 3 0.009745 0.062480 0.854822 0.054754 0.018199
2 3 0.009699 0.040471 0.849715 0.087912 0.012204
2 3 0.009338 0.035537 0.849007 0.095559 0.010560
2 3 0.003489 0.037952 0.925258 0.025810 0.007491
2 3 0.008163 0.040954 0.869166 0.070254 0.011463
2 3 0.014777 0.031571 0.758994 0.182989 0.011668
2 3 0.018404 0.056079 0.766795 0.136217 0.022505
2 3 0.014931 0.048386 0.795546 0.123474 0.017662
2 3 0.009890 0.039160 0.846005 0.093031 0.011915
2 3 0.010316 0.029917 0.823071 0.127358 0.009339
2 3 0.012449 0.036509 0.807503 0.131192 0.012347
2 3 0.018836 0.041904 0.737495 0.184563 0.017202
2 3 0.015380 0.053637 0.795700 0.115474 0.019809
2 3 0.013539 0.023070 0.734882 0.220170 0.008338
2 3 0.042173 0.044368 0.500694 0.383978 0.028787
2 3 0.013630 0.029959 0.770338 0.175401 0.010672
2 3 0.029924 0.039728 0.598915 0.310345 0.021088
2 3 0.021556 0.029257 0.645219 0.290673 0.013295
2 3 0.020361 0.031448 0.675873 0.258580 0.013739
3 3 0.056990 0.039512 0.360392 0.510464 0.032642
2 3 0.028483 0.028238 0.542534 0.385485 0.015260
3 3 0.033593 0.022568 0.423016 0.506537 0.014286
3 3 0.044325 0.029973 0.389497 0.514400 0.021804
3 3 0.040303 0.027191 0.401354 0.512305 0.018847
2 3 0.038315 0.037350 0.498331 0.402617 0.023387
2 3 0.037016 0.034381 0.492049 0.415211 0.021343
3 3 0.032570 0.021865 0.426573 0.505359 0.013633
3 3 0.034345 0.023084 0.420451 0.507346 0.014774
3 3 0.031604 0.021201 0.430006 0.504164 0.013026
3 3 0.057441 0.039093 0.354949 0.515935 0.032583
3 3 0.051146 0.034707 0.370859 0.516093 0.027194
2 3 0.038793 0.065686 0.597047 0.259842 0.038632
2 3 0.009713 0.022572 0.805843 0.154937 0.006934
2 3 0.032464 0.039687 0.571140 0.334574 0.022135
2 3 0.026220 0.050455 0.676914 0.222098 0.024313
2 3 0.030205 0.033585 0.561099 0.356775 0.018335
3 3 0.036719 0.024719 0.412591 0.509618 0.016353
3 3 0.043826 0.029628 0.390929 0.514188 0.021429
3 3 0.042255 0.028541 0.395507 0.513435 0.020262
2 3 0.036280 0.029560 0.462977 0.452551 0.018632
2 3 0.037847 0.031392 0.461693 0.448933 0.020135
3 3 0.037124 0.024998 0.411285 0.509965 0.016628
3 3 0.039663 0.026749 0.403310 0.511886 0.018392
3 3 0.045573 0.030838 0.385960 0.514873 0.022755
3 3 0.054905 0.037324 0.361230 0.516177 0.030364
3 3 0.049407 0.033498 0.375459 0.515861 0.025775
3 3 0.048300 0.032729 0.378439 0.515645 0.024888
3 3 0.047833 0.032406 0.379705 0.515538 0.024518
3 3 0.048858 0.033117 0.376931 0.515761 0.025334
3 3 0.046694 0.031615 0.382836 0.515233 0.023623
3 3 0.047891 0.032445 0.379549 0.515551 0.024563
3 3 0.053621 0.036429 0.364475 0.516210 0.029265
3 3 0.052624 0.035735 0.367025 0.516192 0.028423
2 3 0.053512 0.169205 0.628502 0.086866 0.061916
1 3 0.119751 0.412498 0.302610 0.029680 0.135460
2 3 0.030283 0.214295 0.625729 0.043529 0.086163
2 2 0.007642 0.061885 0.871437 0.042134 0.016902
2 2 0.012697 0.076686 0.821200 0.063375 0.026042
2 2 0.015491 0.142418 0.747114 0.040711 0.054266
2 2 0.034030 0.406275 0.455055 0.010214 0.094426
2 2 0.003432 0.051262 0.922550 0.012500 0.010256
2 2 0.005531 0.044636 0.899835 0.039371 0.010627
2 2 0.011977 0.166160 0.742169 0.023853 0.055841
2 2 0.001740 0.040660 0.941786 0.009701 0.006113
2 2 0.026043 0.343620 0.492034 0.012693 0.125611
2 2 0.005380 0.094262 0.860689 0.017007 0.022663
2 2 0.001583 0.033083 0.949904 0.010653 0.004777
2 2 0.005965 0.109812 0.840112 0.016371 0.027739
2 2 0.022125 0.318619 0.528224 0.013390 0.117641
2 2 0.015832 0.281791 0.603059 0.013027 0.086292
2 2 0.018363 0.377392 0.495368 0.006181 0.102695
1 2 0.037510 0.467559 0.315358 0.005337 0.174236
1 4 0.039722 0.482004 0.266790 0.004247 0.207237
1 4 0.092166 0.579916 0.169370 0.003794 0.154754
1 4 0.098930 0.420184 0.110885 0.005244 0.364756
4 4 0.081067 0.392814 0.122314 0.005617 0.398188
1 4 0.056678 0.539670 0.213473 0.003570 0.186610
1 4 0.075706 0.398098 0.198607 0.010558 0.317031
1 4 0.046627 0.472790 0.265348 0.005471 0.209764
4 4 0.103270 0.274863 0.065847 0.006703 0.549317
1 4 0.044782 0.513372 0.271704 0.004229 0.165914
1 4 0.052026 0.496273 0.251452 0.005105 0.195144
1 4 0.065017 0.539040 0.171155 0.003105 0.221683
4 4 0.079219 0.259253 0.085358 0.008318 0.567852
4 4 0.084390 0.319585 0.087699 0.005737 0.502588
1 4 0.151491 0.478800 0.092888 0.004805 0.272016
1 4 0.128436 0.586212 0.139085 0.004083 0.142184
1 4 0.086151 0.446717 0.138909 0.005360 0.322863
1 4 0.063267 0.590207 0.189024 0.002639 0.154864
1 4 0.048286 0.557321 0.241394 0.003114 0.149884
1 4 0.046985 0.503870 0.206066 0.003244 0.239835
1 4 0.143290 0.533452 0.157241 0.007376 0.158641
1 4 0.048805 0.482845 0.209892 0.003932 0.254526
1 4 0.056860 0.412023 0.162225 0.004903 0.363989
1 4 0.036724 0.470247 0.301954 0.004840 0.186235
1 4 0.051470 0.544686 0.276251 0.004269 0.123324
1 4 0.062889 0.569271 0.229806 0.003801 0.134233
1 4 0.062115 0.600292 0.255917 0.003481 0.078195
1 4 0.068720 0.586484 0.219403 0.003620 0.121773
1 4 0.243620 0.468010 0.138307 0.014043 0.136019
1 4 0.261321 0.471843 0.089976 0.008733 0.168127
1 4 0.076037 0.590324 0.189022 0.003305 0.141313
1 4 0.055879 0.588752 0.255766 0.003314 0.096290
1 4 0.026324 0.419840 0.386849 0.005828 0.161159
1 4 0.036683 0.474409 0.357547 0.005709 0.125652
2 4 0.023562 0.388276 0.416760 0.006815 0.164588
2 4 0.022051 0.398725 0.430287 0.005984 0.142953
2 4 0.012839 0.144671 0.759889 0.031624 0.050977
2 4 0.017118 0.329782 0.562636 0.008916 0.081548
1 4 0.052004 0.509465 0.311965 0.006131 0.120436
1 4 0.161133 0.536026 0.109238 0.004854 0.188749
1 4 0.085107 0.610879 0.206664 0.003740 0.093610
1 4 0.068808 0.586040 0.200712 0.003245 0.141195
1 4 0.058493 0.560141 0.245061 0.003966 0.132339
1 4 0.028857 0.467225 0.340049 0.004169 0.159699
1 4 0.045968 0.533603 0.231065 0.003151 0.186214
1 4 0.040698 0.539428 0.339263 0.003993 0.076617
1 4 0.114407 0.569997 0.215556 0.006976 0.093064
1 4 0.189968 0.567874 0.144648 0.007108 0.090402
1 4 0.063997 0.588366 0.264712 0.004020 0.078905
1 4 0.069113 0.479668 0.335560 0.011238 0.104420
1 4 0.068232 0.562933 0.277708 0.005352 0.085774
1 0 0.059092 0.497764 0.339069 0.008340 0.095735
1 0 0.041550 0.543038 0.334888 0.003958 0.076567
1 4 0.028009 0.452609 0.434335 0.005467 0.079580
1 4 0.034336 0.469224 0.406838 0.006016 0.083585
2 4 0.020312 0.340156 0.543271 0.010009 0.086253
2 4 0.025206 0.438543 0.452520 0.005433 0.078298
1 4 0.049865 0.558954 0.308370 0.004158 0.078653
2 4 0.006765 0.110860 0.833857 0.019048 0.029470
2 2 0.011750 0.243603 0.676028 0.010162 0.058458
2 2 0.002766 0.065001 0.911354 0.008942 0.011936
2 2 0.004129 0.084198 0.879942 0.013643 0.018088
2 2 0.004678 0.074395 0.890211 0.013776 0.016940
2 2 0.006199 0.096110 0.853229 0.019985 0.024477
2 2 0.003847 0.071652 0.894700 0.014888 0.014913
2 2 0.003471 0.060794 0.908914 0.014708 0.012113
2 2 0.006104 0.123058 0.824424 0.014809 0.031605
2 2 0.003341 0.057823 0.911909 0.015619 0.011309
1 2 0.043423 0.505498 0.360680 0.005725 0.084673
2 2 0.014180 0.252448 0.652221 0.012698 0.068453
2 2 0.004514 0.033209 0.913743 0.041271 0.007264
2 2 0.007475 0.166830 0.776290 0.010977 0.038427
2 2 0.007573 0.098996 0.845271 0.023057 0.025102
2 2 0.002295 0.040853 0.936154 0.013857 0.006842
2 2 0.005530 0.093589 0.860374 0.017765 0.022742
2 2 0.012788 0.228395 0.682621 0.013583 0.062613
2 2 0.008031 0.131454 0.803111 0.019519 0.037884
1 2 0.027904 0.471128 0.419814 0.004650 0.076503
1 2 0.057972 0.458978 0.368336 0.011415 0.103299
2 2 0.018366 0.342576 0.548299 0.008631 0.082127
1 2 0.053123 0.516347 0.335387 0.006414 0.088730
1 2 0.046702 0.438893 0.403610 0.010905 0.099890
2 2 0.009910 0.160952 0.764467 0.018277 0.046393
1 2 0.048848 0.551480 0.315807 0.004349 0.079516
2 2 0.008583 0.123580 0.808585 0.022826 0.036426
2 2 0.036296 0.345231 0.512498 0.016345 0.089630
2 2 0.014047 0.245866 0.656367 0.013683 0.070037
2 2 0.021684 0.370621 0.515737 0.008199 0.083758
2 2 0.001820 0.037101 0.944085 0.011328 0.005666
2 2 0.005679 0.108475 0.846701 0.014413 0.024732
2 2 0.019337 0.270075 0.605529 0.017477 0.087581
2 2 0.002198 0.026069 0.955681 0.011687 0.004365
2 2 0.004894 0.087168 0.875255 0.014726 0.017957
2 2 0.001716 0.031432 0.953335 0.008768 0.004748
2 2 0.001248 0.023668 0.960902 0.011078 0.003103
2 2 0.002040 0.038003 0.941063 0.012823 0.006070
2 2 0.010052 0.150371 0.769363 0.022180 0.048034
2 2 0.005300 0.096106 0.859281 0.016323 0.022990
2 2 0.002089 0.044740 0.934807 0.011129 0.007235
2 2 0.006791 0.063709 0.877759 0.035153 0.016588
2 2 0.002385 0.041562 0.934674 0.014311 0.007069
2 2 0.007576 0.113853 0.825471 0.021369 0.031730
2 2 0.015150 0.182339 0.730318 0.021826 0.050368
2 2 0.005473 0.089276 0.865227 0.018468 0.021556
2 2 0.002291 0.031770 0.942632 0.018009 0.005298
2 2 0.022849 0.219236 0.665540 0.026199 0.066176
1 2 0.145210 0.407654 0.330380 0.023657 0.093100
0 0 0.874189 0.058649 0.022203 0.002228 0.042730
0 0 0.951959 0.017485 0.008433 0.000705 0.021417
1 0 0.339385 0.550847 0.050787 0.002589 0.056393
1 1 0.066145 0.564712 0.279354 0.005131 0.084659
1 1 0.074526 0.537705 0.287098 0.007214 0.093457
2 1 0.043240 0.341118 0.495274 0.021073 0.099295
1 1 0.056114 0.502559 0.340543 0.007618 0.093165
1 1 0.057096 0.435659 0.385781 0.013729 0.107736
2 2 0.019869 0.275425 0.629142 0.012862 0.062702
2 2 0.013993 0.233115 0.692663 0.011269 0.048961
1 2 0.044616 0.423301 0.418886 0.011879 0.101318
2 2 0.009167 0.147514 0.803738 0.012506 0.027074
1 2 0.091287 0.560113 0.249270 0.006814 0.092516
1 2 0.302958 0.550563 0.067551 0.003837 0.075091
1 2 0.217185 0.617636 0.093729 0.003191 0.068259
1 2 0.087476 0.590259 0.232730 0.004987 0.084548
1 2 0.141805 0.613298 0.159079 0.004602 0.081216
0 2 0.924822 0.033962 0.012424 0.000935 0.027857
1 0 0.387928 0.505328 0.048210 0.002360 0.056175
1 0 0.160950 0.608272 0.140971 0.004598 0.085209
1 0 0.215979 0.548617 0.075316 0.003513 0.156576
1 4 0.157904 0.630447 0.133328 0.003648 0.074672
1 4 0.053273 0.520713 0.299658 0.005640 0.120717
2 4 0.052983 0.408365 0.411726 0.016122 0.110804
2 4 0.016402 0.268749 0.650710 0.010097 0.054042
1 4 0.092848 0.575044 0.236959 0.005983 0.089164
2 2 0.035421 0.408723 0.449912 0.010464 0.095481
1 2 0.043710 0.479526 0.379836 0.007193 0.089735
1 2 0.238222 0.517617 0.134299 0.010736 0.099126
1 2 0.185479 0.618599 0.116992 0.003808 0.075122
1 2 0.047851 0.436342 0.403100 0.011432 0.101275
2 2 0.006019 0.142570 0.819495 0.008107 0.023810
1 2 0.079399 0.534162 0.282836 0.007824 0.095779
2 2 0.021314 0.302848 0.600736 0.011007 0.064094
1 2 0.375429 0.418287 0.098753 0.010569 0.096961
1 0 0.404380 0.465827 0.058556 0.003992 0.067245
