4 0 0.369245 0.067084 0.005349 0.000447 0.557875
0 0 0.521259 0.082086 0.008370 0.001154 0.387131
4 0 0.324718 0.031526 0.001410 0.000119 0.642227
0 0 0.631868 0.062236 0.004442 0.000550 0.300905
4 1 0.396673 0.165327 0.030882 0.003017 0.404101
0 1 0.544847 0.126279 0.014612 0.001151 0.313111
4 4 0.287670 0.049967 0.003878 0.000399 0.658085
0 4 0.481291 0.123639 0.012460 0.000686 0.381924
0 4 0.454805 0.083283 0.008348 0.000950 0.452612
1 4 0.290996 0.363598 0.158745 0.007659 0.179001
0 4 0.453915 0.321231 0.094713 0.004668 0.125474
1 4 0.085945 0.406788 0.386765 0.007413 0.113088
2 1 0.078200 0.395907 0.397937 0.008002 0.119955
2 1 0.012090 0.254733 0.695221 0.007092 0.030863
2 2 0.030052 0.341676 0.555920 0.006247 0.066106
2 2 0.020556 0.279575 0.646524 0.011498 0.041847
2 2 0.038534 0.318296 0.521611 0.014787 0.106772
2 2 0.056125 0.356623 0.514383 0.013104 0.059765
2 2 0.018213 0.295105 0.621726 0.006768 0.058187
2 2 0.018581 0.236459 0.611480 0.026162 0.107318
2 2 0.026189 0.303040 0.606064 0.010994 0.053713
2 2 0.018168 0.262451 0.635021 0.014525 0.069835
2 3 0.013934 0.218498 0.620987 0.025554 0.121027
2 3 0.004395 0.172195 0.558630 0.007632 0.257148
4 3 0.011939 0.182314 0.305508 0.006498 0.493741
2 3 0.014562 0.246352 0.541387 0.010966 0.186733
4 3 0.008935 0.186247 0.393493 0.007416 0.403909
4 2 0.009380 0.183664 0.359222 0.006554 0.441179
4 2 0.020167 0.190349 0.260188 0.008715 0.520581
4 2 0.011971 0.162547 0.221311 0.003944 0.600227
4 1 0.009302 0.181847 0.347901 0.006111 0.454838
4 1 0.013742 0.167173 0.223862 0.004699 0.590524
4 1 0.016543 0.123631 0.103662 0.002164 0.754001
4 1 0.011714 0.139038 0.153645 0.002360 0.693243
4 1 0.018766 0.174563 0.218625 0.006514 0.581532
4 1 0.015263 0.162723 0.199865 0.004514 0.617635
4 1 0.017069 0.120121 0.096328 0.002059 0.764422
4 1 0.016093 0.127664 0.112264 0.002303 0.741676
4 1 0.013621 0.117071 0.099359 0.001657 0.768292
4 1 0.024771 0.244467 0.351855 0.009488 0.369420
4 1 0.011762 0.194136 0.390321 0.010137 0.393644
4 1 0.012270 0.195204 0.388400 0.010558 0.393568
2 2 0.050930 0.330059 0.382501 0.009716 0.226794
2 2 0.032367 0.292810 0.488637 0.015395 0.170791
2 2 0.065618 0.392701 0.438301 0.007502 0.095879
2 2 0.027475 0.305963 0.611519 0.010940 0.044103
2 2 0.032184 0.303807 0.595717 0.015491 0.052801
2 2 0.022664 0.278746 0.632242 0.014480 0.051869
2 3 0.025878 0.275388 0.607960 0.020149 0.070625
2 3 0.037167 0.289588 0.604356 0.019215 0.049674
2 3 0.026386 0.098682 0.783925 0.056953 0.034054
2 3 0.026769 0.074814 0.715734 0.125210 0.057473
3 3 0.032350 0.009936 0.283669 0.662613 0.011431
2 3 0.021710 0.063575 0.690022 0.151915 0.072777
2 3 0.015915 0.033771 0.715841 0.194589 0.039883
2 3 0.012904 0.010508 0.580904 0.382950 0.012734
2 3 0.009762 0.006113 0.525146 0.451720 0.007259
3 3 0.012423 0.002577 0.231000 0.751126 0.002875
3 3 0.017122 0.002065 0.092092 0.886877 0.001844
3 3 0.049427 0.014939 0.227897 0.692041 0.015696
3 3 0.011630 0.001039 0.063629 0.922836 0.000866
3 3 0.022452 0.003307 0.112066 0.859145 0.003029
3 3 0.014590 0.001448 0.060539 0.922292 0.001131
3 3 0.010043 0.000741 0.039468 0.949221 0.000527
3 3 0.009308 0.000614 0.028887 0.960798 0.000394
3 3 0.009256 0.000581 0.023425 0.966394 0.000344
3 3 0.007235 0.000408 0.025522 0.966572 0.000262
3 3 0.009057 0.000605 0.032386 0.957545 0.000407
3 3 0.008673 0.000520 0.022187 0.968314 0.000305
3 3 0.006000 0.000268 0.013572 0.980020 0.000140
3 3 0.006471 0.000327 0.020113 0.972892 0.000196
3 3 0.005714 0.000243 0.012267 0.981651 0.000124
3 3 0.005268 0.000208 0.010331 0.984092 0.000100
3 3 0.006399 0.000296 0.013784 0.979367 0.000154
3 3 0.006119 0.000269 0.012161 0.981316 0.000135
3 3 0.005815 0.000245 0.011228 0.982592 0.000120
3 3 0.006896 0.000323 0.012185 0.980438 0.000158
3 3 0.004396 0.000157 0.009959 0.985410 0.000078
3 3 0.004665 0.000166 0.008562 0.986530 0.000077
3 3 0.004475 0.000152 0.007627 0.987677 0.000068
3 3 0.005685 0.000242 0.012452 0.981496 0.000124
3 3 0.004178 0.000136 0.007255 0.988371 0.000060
3 3 0.005817 0.000241 0.010408 0.983418 0.000115
3 3 0.004738 0.000173 0.009337 0.985670 0.000082
3 3 0.004518 0.000155 0.007800 0.987457 0.000070
3 3 0.004177 0.000141 0.008604 0.987012 0.000067
3 3 0.004634 0.000162 0.008043 0.987087 0.000073
3 3 0.003811 0.000113 0.005973 0.990055 0.000048
3 3 0.004564 0.000157 0.007577 0.987632 0.000069
3 3 0.003286 0.000088 0.005244 0.991346 0.000036
3 3 0.005286 0.000203 0.008992 0.985426 0.000093
3 3 0.005075 0.000182 0.007170 0.987497 0.000077
3 3 0.004512 0.000154 0.007553 0.987713 0.000068
3 3 0.004387 0.000148 0.007598 0.987801 0.000066
3 3 0.005646 0.000226 0.009443 0.984580 0.000104
3 3 0.005553 0.000227 0.010785 0.983325 0.000110
3 3 0.004065 0.000130 0.007274 0.988472 0.000058
3 3 0.004876 0.000175 0.008073 0.986797 0.000078
3 3 0.004183 0.000130 0.005940 0.989693 0.000054
3 3 0.007203 0.000349 0.012835 0.979442 0.000172
3 3 0.008130 0.000444 0.016822 0.974367 0.000237
3 3 0.004712 0.000158 0.006364 0.988701 0.000065
3 3 0.005891 0.000250 0.011223 0.982513 0.000122
3 3 0.007146 0.000344 0.012756 0.979585 0.000170
3 3 0.009368 0.000592 0.023461 0.966230 0.000350
3 3 0.011855 0.000803 0.018510 0.968419 0.000413
3 3 0.003144 0.000078 0.003962 0.992787 0.000029
3 3 0.006584 0.000294 0.010948 0.982035 0.000139
3 3 0.009535 0.000626 0.026789 0.962662 0.000388
3 3 0.007946 0.000458 0.022692 0.968628 0.000276
3 3 0.017783 0.001895 0.053216 0.925753 0.001353
3 3 0.013171 0.001111 0.038487 0.946490 0.000742
3 3 0.015891 0.001683 0.065626 0.915465 0.001334
3 3 0.011674 0.001000 0.053251 0.933299 0.000776
3 3 0.021211 0.003069 0.116761 0.856068 0.002891
3 3 0.024215 0.005049 0.204535 0.761466 0.004735
3 3 0.017037 0.001930 0.073827 0.905626 0.001580
3 3 0.040633 0.011292 0.231987 0.703858 0.012231
2 3 0.077087 0.069718 0.596947 0.227561 0.028688
3 3 0.018270 0.001988 0.054686 0.923630 0.001426
2 3 0.045788 0.041618 0.550906 0.326363 0.035326
3 3 0.029873 0.006263 0.199852 0.757110 0.006902
3 3 0.016555 0.008600 0.450145 0.514535 0.010165
3 3 0.025973 0.004934 0.188918 0.774722 0.005453
2 3 0.013360 0.011795 0.636512 0.325620 0.012713
3 3 0.019582 0.003822 0.221133 0.750986 0.004477
2 3 0.015689 0.070905 0.872259 0.028912 0.012235
2 3 0.010947 0.008494 0.618319 0.353722 0.008519
3 3 0.019982 0.007784 0.401973 0.561435 0.008826
3 3 0.026272 0.004428 0.131906 0.833190 0.004203
3 3 0.025032 0.004301 0.151212 0.815095 0.004360
2 3 0.010899 0.016506 0.790316 0.170581 0.011698
3 3 0.018804 0.006228 0.332570 0.635104 0.007293
3 3 0.012822 0.001283 0.080818 0.903924 0.001152
3 3 0.017900 0.005849 0.338257 0.631037 0.006958
3 3 0.030271 0.006050 0.173129 0.784294 0.006256
3 3 0.012450 0.001183 0.070428 0.914926 0.001012
3 3 0.012202 0.001119 0.063755 0.922001 0.000924
3 3 0.011654 0.001157 0.093912 0.892154 0.001124
3 3 0.031923 0.005656 0.110287 0.847328 0.004806
3 3 0.016746 0.002292 0.145197 0.833292 0.002473
2 3 0.027014 0.028353 0.596632 0.320511 0.027490
3 3 0.031929 0.006735 0.184784 0.769465 0.007086
2 3 0.019631 0.013751 0.545510 0.405376 0.015733
3 3 0.022265 0.003744 0.170162 0.799750 0.004079
3 3 0.024569 0.004049 0.137491 0.829931 0.003960
3 3 0.014863 0.005571 0.368128 0.604976 0.006461
2 3 0.047591 0.034591 0.554576 0.339883 0.023359
2 3 0.014293 0.008685 0.555416 0.411537 0.010069
2 3 0.010517 0.007478 0.626441 0.347875 0.007689
3 3 0.038072 0.008920 0.208955 0.735065 0.008987
2 3 0.044023 0.054327 0.640195 0.223411 0.038044
3 3 0.047678 0.012873 0.193576 0.733056 0.012817
3 3 0.015063 0.005912 0.381712 0.590407 0.006907
3 3 0.018495 0.007593 0.378911 0.586205 0.008797
3 3 0.043010 0.020757 0.375708 0.536632 0.023893
2 3 0.014961 0.052738 0.853552 0.058957 0.019791
2 3 0.019044 0.023490 0.728737 0.212743 0.015986
3 3 0.015697 0.003340 0.250225 0.726769 0.003969
3 3 0.038650 0.010945 0.252750 0.685274 0.012380
3 3 0.019822 0.005503 0.294057 0.674125 0.006493
3 3 0.020849 0.002971 0.114365 0.859032 0.002784
3 3 0.027997 0.009020 0.292954 0.659856 0.010172
3 3 0.045515 0.014099 0.250210 0.674751 0.015426
2 3 0.073073 0.059907 0.465637 0.352765 0.048618
2 3 0.092228 0.243232 0.564243 0.049294 0.051004
2 3 0.058975 0.287801 0.568030 0.029395 0.055799
2 3 0.043895 0.092654 0.720859 0.101516 0.041076
2 3 0.022115 0.016488 0.493541 0.449420 0.018436
2 3 0.016384 0.040992 0.819259 0.099560 0.023806
2 3 0.029274 0.063302 0.801016 0.083816 0.022592
2 3 0.035738 0.170986 0.729556 0.031482 0.032238
2 3 0.053474 0.215720 0.665401 0.031151 0.034253
2 3 0.072678 0.305802 0.536653 0.030232 0.054635
2 2 0.036608 0.322951 0.594927 0.011979 0.033535
2 2 0.020903 0.299521 0.652053 0.006346 0.021177
2 2 0.056549 0.353811 0.547744 0.012722 0.029175
2 2 0.046657 0.344028 0.570352 0.011218 0.027746
2 2 0.030176 0.298331 0.633238 0.010378 0.027877
2 2 0.066922 0.375042 0.528012 0.009874 0.020149
2 2 0.030529 0.308273 0.611930 0.012154 0.037114
2 2 0.029574 0.309099 0.616367 0.011069 0.033891
2 2 0.041982 0.331632 0.572374 0.013125 0.040886
2 2 0.052392 0.348400 0.547775 0.013259 0.038174
2 2 0.056261 0.357417 0.506313 0.012926 0.067083
2 2 0.039582 0.317774 0.581616 0.016052 0.044976
2 2 0.048377 0.349458 0.521420 0.011976 0.068768
2 2 0.033993 0.317367 0.586500 0.012680 0.049458
1 2 0.152255 0.390032 0.343158 0.018095 0.096460
2 2 0.045240 0.313761 0.476416 0.018292 0.146291
2 2 0.047244 0.309567 0.546961 0.025815 0.070412
2 2 0.053456 0.349515 0.541099 0.013603 0.042326
2 2 0.069740 0.343511 0.499014 0.023118 0.064617
2 2 0.031772 0.301972 0.590492 0.015928 0.059835
2 2 0.019278 0.275843 0.652316 0.011109 0.041454
2 2 0.033840 0.123012 0.641347 0.106800 0.095000
2 2 0.018893 0.274857 0.654255 0.010928 0.041068
2 2 0.049695 0.320382 0.548828 0.022399 0.058697
2 2 0.072380 0.267282 0.493976 0.057481 0.108881
2 2 0.044168 0.247441 0.640145 0.025485 0.042761
2 2 0.059690 0.346538 0.533532 0.017112 0.043128
1 2 0.193885 0.320951 0.188462 0.014550 0.282153
2 2 0.064105 0.374464 0.484684 0.011204 0.065543
2 2 0.064213 0.344954 0.496807 0.019927 0.074098
2 2 0.051083 0.252299 0.527902 0.051964 0.116753
2 2 0.015266 0.249631 0.659884 0.014253 0.060966
2 3 0.035815 0.245041 0.602241 0.034369 0.082535
2 3 0.019131 0.163485 0.751380 0.024825 0.041179
2 3 0.022109 0.229157 0.689950 0.016815 0.041968
2 3 0.073557 0.333282 0.484428 0.029626 0.079107
2 2 0.073129 0.380777 0.468476 0.011916 0.065702
2 2 0.038544 0.324409 0.588811 0.012838 0.035398
2 2 0.053157 0.335392 0.546786 0.018071 0.046594
2 2 0.028501 0.087335 0.794348 0.061955 0.027862
2 3 0.034689 0.238715 0.667763 0.020770 0.038063
2 3 0.041108 0.293879 0.614424 0.015775 0.034814
2 3 0.056472 0.373131 0.500107 0.009525 0.060764
2 1 0.088616 0.359679 0.418875 0.020075 0.112756
1 1 0.159721 0.398721 0.311812 0.013593 0.116153
1 1 0.160845 0.397313 0.297851 0.012535 0.131456
1 1 0.144116 0.377921 0.338440 0.019891 0.119632
2 1 0.054584 0.357362 0.528694 0.012190 0.047170
2 1 0.031040 0.283974 0.588331 0.022649 0.074006
2 2 0.070837 0.375902 0.468669 0.012453 0.072140
2 2 0.043305 0.345813 0.545417 0.010725 0.054739
2 2 0.071244 0.378996 0.464714 0.011784 0.073262
2 2 0.049963 0.345938 0.556424 0.012706 0.034969
1 2 0.113386 0.383233 0.367815 0.015328 0.120237
1 2 0.170466 0.413319 0.327316 0.012792 0.076107
2 2 0.078371 0.378370 0.443168 0.013119 0.086973
2 2 0.104081 0.388289 0.411739 0.015224 0.080667
1 2 0.109872 0.377355 0.320708 0.011253 0.180811
2 2 0.038697 0.315384 0.557351 0.016755 0.071814
2 2 0.074535 0.367833 0.478585 0.015786 0.063261
2 2 0.078646 0.370599 0.477414 0.016089 0.057251
2 2 0.038147 0.318078 0.554725 0.015459 0.073591
2 2 0.030805 0.302715 0.576830 0.014932 0.074718
2 2 0.033086 0.303297 0.594888 0.016399 0.052331
2 2 0.038052 0.325126 0.590776 0.012256 0.033791
2 2 0.019133 0.124033 0.791222 0.032064 0.033548
2 3 0.024155 0.071714 0.750991 0.104187 0.048953
2 3 0.050225 0.325859 0.551475 0.020255 0.052186
2 3 0.026319 0.138247 0.773094 0.032355 0.029986
2 3 0.008246 0.043407 0.900385 0.035193 0.012770
2 3 0.017795 0.278388 0.663600 0.008489 0.031729
2 3 0.017513 0.086064 0.837097 0.037162 0.022163
2 3 0.051470 0.321899 0.549431 0.021898 0.055303
2 3 0.038329 0.332012 0.558050 0.011661 0.059948
2 3 0.068789 0.371166 0.456382 0.012585 0.091078
1 2 0.166035 0.399682 0.294759 0.012310 0.127214
1 2 0.189045 0.373844 0.233327 0.011572 0.192211
4 2 0.136350 0.248676 0.142857 0.011834 0.460283
1 2 0.162894 0.380597 0.274767 0.013341 0.168401
1 2 0.094254 0.338302 0.271807 0.009629 0.286009
2 2 0.036800 0.205833 0.606724 0.051470 0.099174
2 2 0.027177 0.267725 0.639038 0.017099 0.048961
2 3 0.016933 0.025083 0.759362 0.178010 0.020613
2 3 0.015073 0.088411 0.854264 0.025730 0.016522
2 3 0.009619 0.130784 0.831408 0.010744 0.017445
2 3 0.011172 0.050064 0.883385 0.040713 0.014666
2 3 0.015201 0.097309 0.828322 0.032274 0.026892
2 3 0.007683 0.030608 0.906923 0.044701 0.010086
2 3 0.031569 0.118103 0.767128 0.049939 0.033262
2 3 0.003030 0.011626 0.934080 0.046272 0.004992
2 3 0.012538 0.043979 0.875740 0.053034 0.014710
2 3 0.012131 0.076184 0.881146 0.019638 0.010901
2 3 0.033521 0.196530 0.693731 0.030910 0.045308
2 3 0.073996 0.180043 0.606664 0.076607 0.062690
2 2 0.062750 0.346239 0.442871 0.015779 0.132361
2 2 0.054379 0.335901 0.509343 0.018572 0.081805
2 2 0.055651 0.337214 0.457491 0.015979 0.133665
1 2 0.156348 0.344086 0.266506 0.020514 0.212547
2 2 0.090809 0.365132 0.454142 0.021129 0.068788
2 2 0.042106 0.329460 0.485666 0.012470 0.130297
2 2 0.037716 0.286495 0.558240 0.028913 0.088637
2 2 0.021395 0.290090 0.586857 0.010204 0.091454
2 3 0.011455 0.108264 0.714005 0.057653 0.108623
2 3 0.022069 0.044019 0.659057 0.226237 0.048618
2 3 0.006595 0.173235 0.645770 0.023133 0.151267
2 2 0.005939 0.175360 0.618027 0.016226 0.184448
2 2 0.003669 0.162179 0.643930 0.010334 0.179888
2 2 0.008651 0.190624 0.475548 0.011051 0.314127
4 2 0.006998 0.170708 0.329590 0.003982 0.488722
4 4 0.019259 0.139088 0.126400 0.003253 0.712000
4 4 0.016813 0.126284 0.107837 0.002307 0.746759
4 4 0.016140 0.123410 0.104237 0.002118 0.754094
4 4 0.013265 0.130884 0.127755 0.002162 0.725934
4 4 0.023095 0.109641 0.071084 0.002055 0.794125
4 4 0.021616 0.117808 0.084624 0.002318 0.773635
4 4 0.017169 0.098985 0.064223 0.001319 0.818304
4 4 0.011615 0.122568 0.116573 0.001670 0.747574
4 4 0.023925 0.154013 0.146226 0.005001 0.670836
4 4 0.012945 0.170125 0.240716 0.004881 0.571333
4 4 0.018264 0.183052 0.251455 0.007791 0.539438
2 2 0.009154 0.190865 0.430167 0.009067 0.360747
4 2 0.023625 0.217937 0.303788 0.009878 0.444772
2 2 0.026812 0.232601 0.415040 0.024316 0.301231
2 2 0.010924 0.215190 0.633964 0.018084 0.121838
4 2 0.037759 0.230502 0.252234 0.010064 0.469441
2 2 0.009626 0.124415 0.702271 0.044087 0.119601
2 3 0.023717 0.227250 0.538783 0.042906 0.167345
2 3 0.032759 0.258002 0.470132 0.028985 0.210122
2 3 0.059585 0.259417 0.424163 0.064100 0.192735
2 3 0.031752 0.277134 0.575521 0.026922 0.088671
1 3 0.160419 0.408818 0.314589 0.011864 0.104310
1 2 0.314459 0.341734 0.148575 0.009881 0.185351
0 1 0.360381 0.283460 0.087024 0.005641 0.263493
4 1 0.378586 0.113843 0.013577 0.001008 0.492986
4 4 0.239477 0.269825 0.093000 0.004766 0.392931
1 4 0.110859 0.400671 0.389681 0.012401 0.086388
1 4 0.092952 0.368445 0.317273 0.009294 0.212036
1 4 0.163355 0.348032 0.214100 0.010402 0.264111
2 2 0.126612 0.300246 0.311477 0.047937 0.213728
2 2 0.037772 0.277237 0.544878 0.034071 0.106042
2 3 0.036216 0.133022 0.694002 0.072704 0.064056
2 3 0.024860 0.069878 0.742331 0.112654 0.050277
2 2 0.055208 0.125652 0.627860 0.118570 0.072710
2 2 0.061769 0.376080 0.449921 0.009415 0.102815
1 2 0.238105 0.378069 0.218519 0.012490 0.152816
1 2 0.155095 0.403594 0.304504 0.011383 0.125423
1 1 0.173265 0.418100 0.292063 0.009526 0.107045
1 1 0.207368 0.314449 0.168291 0.012546 0.297346
2 1 0.042678 0.312069 0.553040 0.020994 0.071219
2 1 0.039787 0.325690 0.561184 0.014135 0.059204
2 1 0.061445 0.368872 0.504395 0.011750 0.053537
2 1 0.031727 0.322063 0.590185 0.010085 0.045941
2 2 0.032306 0.305906 0.602867 0.014570 0.044350
2 2 0.039405 0.255784 0.592941 0.033342 0.078529
2 3 0.029949 0.293148 0.598266 0.017429 0.061207
2 3 0.038746 0.330961 0.590337 0.010830 0.029125
2 3 0.035648 0.316794 0.595687 0.013384 0.038488
2 3 0.009767 0.154550 0.795266 0.012143 0.028274
2 3 0.042324 0.190607 0.655065 0.048340 0.063665
2 3 0.027720 0.243946 0.663095 0.019305 0.045934
2 3 0.077381 0.329726 0.483873 0.033868 0.075151
1 2 0.120057 0.356820 0.343567 0.021939 0.157617
1 2 0.177596 0.405589 0.259129 0.008747 0.148939
1 2 0.147192 0.367715 0.245025 0.009743 0.230325
4 2 0.258019 0.122856 0.024296 0.002837 0.591992
1 2 0.081822 0.351577 0.349440 0.012787 0.204374
1 2 0.085698 0.335422 0.334945 0.016134 0.227801
1 2 0.159581 0.379321 0.260199 0.011220 0.189680
4 2 0.192326 0.262502 0.119364 0.008991 0.416817
0 0 0.392182 0.327029 0.121930 0.008632 0.150227
0 0 0.423926 0.205273 0.047106 0.004795 0.318900
0 0 0.584737 0.111816 0.011613 0.000969 0.290865
4 0 0.386127 0.055145 0.003020 0.000168 0.555539
0 0 0.510293 0.047336 0.003285 0.000556 0.438530
0 0 0.617146 0.104437 0.010144 0.000863 0.267411
4 0 0.437512 0.067529 0.004659 0.000336 0.489964
4 0 0.367107 0.107163 0.012858 0.001054 0.511817
4 0 0.344971 0.080674 0.006810 0.000417 0.567127
4 0 0.233753 0.305749 0.139064 0.009411 0.312023
4 1 0.111726 0.233199 0.125070 0.007092 0.522912
2 1 0.019711 0.252166 0.417314 0.008628 0.302180
2 1 0.016275 0.221387 0.473286 0.017320 0.271732
4 1 0.017664 0.195486 0.312501 0.010760 0.463589
2 1 0.010309 0.223738 0.613068 0.012332 0.140553
2 1 0.025305 0.248836 0.570561 0.032912 0.122386
2 1 0.054324 0.373279 0.506411 0.008933 0.057053
2 2 0.083293 0.398112 0.412791 0.009212 0.096592
2 2 0.030014 0.304471 0.536407 0.012781 0.116327
1 2 0.107931 0.394322 0.345771 0.010220 0.141755
4 4 0.359637 0.138241 0.020758 0.001559 0.479805
2 4 0.026291 0.309243 0.593425 0.009783 0.061259
2 2 0.020835 0.281867 0.646321 0.011082 0.039895
2 2 0.062867 0.151479 0.523990 0.140424 0.121239
2 3 0.057092 0.193377 0.514488 0.092866 0.142177
2 3 0.016017 0.093995 0.842732 0.027854 0.019403
2 3 0.013939 0.104609 0.840220 0.021640 0.019592
2 3 0.044145 0.176820 0.672464 0.050946 0.055625
2 3 0.007620 0.042833 0.903452 0.033446 0.012648
2 3 0.003944 0.048907 0.929215 0.010794 0.007141
2 3 0.009449 0.030235 0.893845 0.055744 0.010727
2 3 0.006368 0.045045 0.921875 0.018922 0.007790
2 3 0.009055 0.126880 0.844371 0.007959 0.011734
2 3 0.025144 0.304056 0.633825 0.008798 0.028176
2 3 0.053688 0.348518 0.533699 0.014239 0.049856
2 2 0.037912 0.322939 0.581734 0.013384 0.044031
2 2 0.043778 0.358814 0.517073 0.008395 0.071940
2 2 0.059530 0.314565 0.513164 0.032178 0.080563
2 2 0.041941 0.354594 0.522256 0.008514 0.072694
2 2 0.042710 0.360853 0.544933 0.007553 0.043951
1 2 0.136582 0.400903 0.321507 0.011233 0.129774
0 2 0.325065 0.293747 0.114770 0.010362 0.256056
1 2 0.129241 0.359947 0.246636 0.008916 0.255260
2 2 0.071431 0.340988 0.405879 0.017813 0.163890
2 2 0.044172 0.313319 0.411786 0.012241 0.218482
2 2 0.086948 0.378349 0.383751 0.011792 0.139160
2 2 0.077825 0.372485 0.438150 0.014144 0.097397
2 2 0.058157 0.331218 0.348449 0.009347 0.252829
2 2 0.041791 0.356497 0.532746 0.008170 0.060796
2 2 0.089625 0.395915 0.418969 0.010986 0.084504
2 2 0.021018 0.284306 0.620443 0.011356 0.062876
2 2 0.043405 0.326152 0.568546 0.015782 0.046114
2 2 0.037713 0.305582 0.579558 0.019597 0.057550
2 2 0.027019 0.322782 0.592754 0.007534 0.049911
2 2 0.021030 0.290360 0.649532 0.008733 0.030346
2 2 0.032348 0.145455 0.707828 0.055760 0.058610
2 2 0.077397 0.390514 0.458487 0.010652 0.062950
1 2 0.112754 0.382428 0.346053 0.013313 0.145452
1 2 0.190955 0.341124 0.187398 0.009872 0.270651
1 2 0.111204 0.403415 0.368720 0.010754 0.105906
2 2 0.027753 0.300939 0.620510 0.012121 0.038677
2 2 0.044392 0.331783 0.572947 0.014080 0.036798
2 2 0.032870 0.327805 0.579426 0.009628 0.050271
2 2 0.084299 0.393994 0.409881 0.009945 0.101880
2 2 0.062045 0.381769 0.485827 0.009259 0.061100
4 1 0.120957 0.309958 0.208635 0.010500 0.349950
4 1 0.077664 0.257992 0.200217 0.010496 0.453631
1 1 0.107736 0.325876 0.256382 0.012659 0.297347
1 1 0.091147 0.362826 0.357289 0.013753 0.174985
1 1 0.105362 0.376255 0.325195 0.011061 0.182126
1 1 0.196895 0.380402 0.228677 0.010463 0.183563
4 4 0.168197 0.286121 0.138660 0.007418 0.399604
1 4 0.164982 0.352760 0.217064 0.010251 0.254944
2 4 0.084363 0.311044 0.363520 0.030214 0.210860
2 2 0.030839 0.088183 0.621578 0.163706 0.095694
3 3 0.024011 0.005564 0.238514 0.725539 0.006373
2 3 0.039339 0.045786 0.518704 0.346426 0.049745
2 3 0.008627 0.032394 0.890304 0.055389 0.013285
2 3 0.029086 0.318681 0.620752 0.007965 0.023515
2 3 0.028948 0.150945 0.767878 0.027034 0.025196
2 3 0.074347 0.386818 0.513794 0.008632 0.016409
2 3 0.064996 0.354675 0.528780 0.016057 0.035492
2 3 0.142988 0.391980 0.418347 0.018593 0.028092
2 2 0.124789 0.382102 0.438280 0.020718 0.034110
2 2 0.104625 0.370626 0.462521 0.022087 0.040141
2 2 0.042535 0.338053 0.580558 0.010871 0.027983
2 2 0.025163 0.083748 0.833891 0.040864 0.016333
2 2 0.018499 0.080019 0.830662 0.046195 0.024625
2 3 0.010203 0.062146 0.870016 0.036681 0.020953
2 3 0.003432 0.015528 0.933358 0.041381 0.006302
2 3 0.005137 0.031654 0.932247 0.023910 0.007052
2 3 0.008124 0.028506 0.906836 0.047466 0.009068
2 3 0.007578 0.011042 0.734668 0.234933 0.011778
2 3 0.003923 0.013029 0.932596 0.045860 0.004592
2 3 0.004971 0.010352 0.870984 0.107140 0.006552
2 3 0.009541 0.020822 0.861793 0.096958 0.010887
2 3 0.011607 0.047266 0.876719 0.048356 0.016052
3 3 0.006927 0.003588 0.489995 0.495266 0.004224
2 3 0.022868 0.012940 0.476717 0.475001 0.012473
3 3 0.022741 0.007042 0.280369 0.682182 0.007666
2 3 0.007542 0.006286 0.601918 0.377464 0.006790
3 3 0.007697 0.000529 0.052018 0.939314 0.000443
3 3 0.028219 0.005052 0.140967 0.820902 0.004860
3 3 0.010506 0.000853 0.053391 0.934574 0.000677
3 3 0.008543 0.000579 0.039147 0.951307 0.000424
3 3 0.008086 0.000483 0.025628 0.965498 0.000304
3 3 0.005120 0.000219 0.016094 0.978441 0.000126
3 3 0.007707 0.000480 0.034234 0.957237 0.000341
3 3 0.005882 0.000275 0.017575 0.976109 0.000160
3 3 0.004976 0.000198 0.012437 0.982285 0.000104
3 3 0.006601 0.000311 0.013818 0.979110 0.000161
3 3 0.006549 0.000313 0.015179 0.977791 0.000168
3 3 0.005749 0.000255 0.014704 0.979153 0.000139
3 3 0.005111 0.000196 0.009803 0.984796 0.000094
3 3 0.003565 0.000110 0.008453 0.987818 0.000054
3 3 0.005064 0.000194 0.009830 0.984820 0.000093
3 3 0.003419 0.000096 0.005859 0.990586 0.000041
3 3 0.004531 0.000157 0.008172 0.987067 0.000072
3 3 0.004447 0.000157 0.009314 0.986006 0.000076
3 3 0.005995 0.000259 0.011740 0.981878 0.000128
3 3 0.003809 0.000125 0.009583 0.986420 0.000063
3 3 0.003784 0.000112 0.005943 0.990113 0.000047
3 3 0.004995 0.000190 0.010042 0.984680 0.000092
3 3 0.003712 0.000114 0.007398 0.988724 0.000052
3 3 0.004109 0.000136 0.008280 0.987412 0.000064
3 3 0.003769 0.000115 0.007018 0.989046 0.000052
3 3 0.004881 0.000171 0.007149 0.987725 0.000073
3 3 0.003504 0.000101 0.006169 0.990183 0.000043
3 3 0.003144 0.000084 0.005799 0.990936 0.000036
3 3 0.002754 0.000068 0.005342 0.991807 0.000029
3 3 0.003885 0.000116 0.005895 0.990055 0.000048
3 3 0.004463 0.000153 0.007968 0.987347 0.000069
3 3 0.003625 0.000108 0.006796 0.989423 0.000048
3 3 0.004125 0.000134 0.007411 0.988270 0.000060
3 3 0.002835 0.000070 0.004926 0.992140 0.000029
3 3 0.005132 0.000189 0.007983 0.986613 0.000083
3 3 0.003093 0.000080 0.005179 0.991614 0.000033
3 3 0.004188 0.000133 0.006568 0.989054 0.000057
3 3 0.004178 0.000120 0.003950 0.991710 0.000042
3 3 0.004263 0.000128 0.004702 0.990860 0.000048
3 3 0.004793 0.000156 0.005239 0.989753 0.000059
3 3 0.004588 0.000150 0.005876 0.989327 0.000060
3 3 0.004955 0.000162 0.004986 0.989837 0.000060
3 3 0.004348 0.000134 0.005093 0.990373 0.000051
3 3 0.003940 0.000114 0.004837 0.991066 0.000044
3 3 0.004082 0.000116 0.004116 0.991643 0.000042
3 3 0.004769 0.000165 0.007053 0.987943 0.000070
3 3 0.003171 0.000072 0.002510 0.994224 0.000022
3 3 0.003957 0.000113 0.004536 0.991351 0.000042
3 3 0.003747 0.000104 0.004530 0.991580 0.000040
3 3 0.003392 0.000086 0.003742 0.992749 0.000031
3 3 0.004704 0.000159 0.006590 0.988480 0.000066
3 3 0.004304 0.000123 0.003703 0.991827 0.000042
3 3 0.005133 0.000176 0.005738 0.988884 0.000069
3 3 0.004964 0.000173 0.006651 0.988140 0.000072
3 3 0.004734 0.000154 0.005322 0.989731 0.000059
3 3 0.004488 0.000140 0.005056 0.990262 0.000053
3 3 0.003990 0.000109 0.003474 0.992392 0.000037
3 3 0.003957 0.000113 0.004434 0.991455 0.000042
3 3 0.004240 0.000120 0.003578 0.992022 0.000040
3 3 0.004650 0.000148 0.005067 0.990080 0.000056
3 3 0.003236 0.000081 0.003950 0.992702 0.000030
3 3 0.003858 0.000108 0.004387 0.991606 0.000040
3 3 0.004780 0.000156 0.005360 0.989645 0.000060
3 3 0.004495 0.000136 0.004256 0.991065 0.000048
3 3 0.004206 0.000129 0.005475 0.990139 0.000051
3 3 0.004587 0.000142 0.004647 0.990572 0.000052
3 3 0.004337 0.000124 0.003607 0.991890 0.000042
3 3 0.004557 0.000146 0.005538 0.989701 0.000057
3 3 0.005387 0.000193 0.006270 0.988073 0.000077
3 3 0.004122 0.000116 0.003796 0.991926 0.000040
3 3 0.003545 0.000094 0.004131 0.992195 0.000035
3 3 0.004189 0.000124 0.004664 0.990976 0.000046
3 3 0.003840 0.000104 0.003742 0.992278 0.000036
3 3 0.004744 0.000154 0.005333 0.989709 0.000059
3 3 0.003629 0.000096 0.003743 0.992498 0.000034
3 3 0.004238 0.000128 0.004959 0.990626 0.000049
3 3 0.004369 0.000129 0.004078 0.991379 0.000045
3 3 0.004018 0.000114 0.004251 0.991575 0.000042
3 3 0.004694 0.000157 0.006268 0.988816 0.000064
3 3 0.005082 0.000174 0.005759 0.988917 0.000068
3 3 0.004816 0.000168 0.007173 0.987772 0.000072
3 3 0.004389 0.000137 0.005389 0.990031 0.000054
3 3 0.004740 0.000155 0.005450 0.989595 0.000060
3 3 0.004920 0.000158 0.004667 0.990197 0.000057
3 3 0.004165 0.000123 0.004686 0.990979 0.000046
3 3 0.004215 0.000122 0.004148 0.991471 0.000044
3 3 0.004531 0.000138 0.004360 0.990921 0.000050
3 3 0.003505 0.000090 0.003670 0.992703 0.000032
3 3 0.004056 0.000115 0.004040 0.991748 0.000041
3 3 0.004141 0.000117 0.003841 0.991859 0.000041
3 3 0.004791 0.000153 0.004717 0.990283 0.000056
3 3 0.005954 0.000225 0.006355 0.987377 0.000088
3 3 0.005851 0.000217 0.005972 0.987877 0.000083
3 3 0.012916 0.000983 0.025720 0.959817 0.000564
3 3 0.010231 0.000643 0.018588 0.970198 0.000341
3 3 0.015292 0.001371 0.035873 0.946600 0.000865
3 3 0.016975 0.002231 0.125150 0.853385 0.002259
3 3 0.009210 0.000618 0.031713 0.958048 0.000411
3 3 0.012288 0.001038 0.045181 0.940744 0.000748
3 3 0.010107 0.000929 0.092646 0.895395 0.000923
3 3 0.006970 0.000350 0.016482 0.976006 0.000192
3 3 0.016310 0.001820 0.075986 0.904364 0.001520
3 3 0.011077 0.000832 0.034384 0.953156 0.000551
3 3 0.012402 0.001064 0.047194 0.938561 0.000779
3 3 0.019071 0.002357 0.081933 0.894672 0.001967
3 3 0.006346 0.000328 0.023230 0.969888 0.000209
3 3 0.012883 0.001115 0.045101 0.940105 0.000796
3 3 0.012699 0.001100 0.046616 0.938788 0.000797
3 3 0.012258 0.001009 0.040687 0.945348 0.000699
3 3 0.014091 0.001482 0.081066 0.902052 0.001308
3 3 0.033278 0.006441 0.135869 0.818500 0.005912
3 3 0.010000 0.000713 0.034452 0.954353 0.000482
3 3 0.069131 0.048880 0.343441 0.489503 0.049045
2 1 0.020570 0.202641 0.481399 0.033548 0.261841
4 1 0.034591 0.207030 0.271158 0.019131 0.468091
4 1 0.014068 0.190875 0.325737 0.008830 0.460490
2 1 0.011317 0.197107 0.530749 0.021524 0.239302
2 1 0.063520 0.167917 0.427789 0.117190 0.223582
4 1 0.119582 0.176664 0.196024 0.055007 0.452724
4 1 0.026044 0.208785 0.321637 0.018282 0.425251
4 1 0.009746 0.184131 0.354219 0.006676 0.445228
2 1 0.015721 0.204807 0.521186 0.031804 0.226482
4 4 0.011797 0.162538 0.222711 0.003914 0.599040
4 4 0.022066 0.171934 0.196423 0.006751 0.602825
4 4 0.032059 0.178371 0.185030 0.009646 0.594893
4 4 0.103615 0.105423 0.039434 0.006266 0.745262
4 4 0.052481 0.133526 0.080163 0.006053 0.727776
2 4 0.012086 0.193698 0.578592 0.032933 0.182691
4 4 0.020984 0.170742 0.197107 0.006398 0.604769
4 4 0.010058 0.185579 0.357906 0.007067 0.439390
4 4 0.039745 0.129872 0.083292 0.004567 0.742524
4 4 0.018300 0.116056 0.087247 0.001989 0.776409
4 4 0.022139 0.130482 0.104254 0.003028 0.740097
4 4 0.019050 0.198307 0.315388 0.011986 0.455269
4 4 0.018267 0.124899 0.102040 0.002375 0.752418
4 4 0.045368 0.084410 0.032923 0.001946 0.835353
4 4 0.017216 0.193157 0.304262 0.009950 0.475415
4 4 0.039000 0.206779 0.215819 0.011220 0.527183
2 4 0.028533 0.288920 0.564462 0.017131 0.100954
2 4 0.025604 0.254394 0.473219 0.019840 0.226944
2 4 0.029186 0.226545 0.490469 0.047512 0.206288
4 4 0.092427 0.221477 0.245327 0.062845 0.377924
2 2 0.034574 0.183179 0.508895 0.082533 0.190820
2 2 0.024148 0.121354 0.629900 0.094490 0.130109
2 2 0.013162 0.211695 0.616241 0.027029 0.131873
2 2 0.108689 0.271388 0.306184 0.059878 0.253861
2 2 0.036033 0.277738 0.392115 0.014006 0.280108
2 2 0.044183 0.259251 0.440273 0.041647 0.214647
2 2 0.055784 0.298914 0.376390 0.019318 0.249593
4 4 0.071837 0.217319 0.290426 0.056997 0.363421
2 2 0.028131 0.231543 0.515921 0.048330 0.176075
2 2 0.071776 0.280403 0.316319 0.026165 0.305336
2 2 0.015927 0.250774 0.654764 0.015037 0.063499
2 2 0.027836 0.277025 0.597915 0.021980 0.075245
2 2 0.071835 0.332467 0.493684 0.029476 0.072539
2 2 0.092553 0.393531 0.415323 0.011869 0.086723
2 2 0.096259 0.349644 0.436171 0.028864 0.089062
2 2 0.033271 0.205117 0.694497 0.026628 0.040488
2 2 0.020525 0.053325 0.698247 0.174117 0.053787
2 2 0.035692 0.088914 0.699296 0.120761 0.055336
2 2 0.031656 0.258208 0.639056 0.020759 0.050321
2 2 0.041807 0.322264 0.576509 0.015938 0.043482
2 2 0.029245 0.295322 0.609331 0.015675 0.050427
2 2 0.043884 0.321814 0.569132 0.017614 0.047556
2 2 0.059005 0.330634 0.529680 0.023531 0.057149
2 2 0.027920 0.282158 0.598064 0.019747 0.072111
2 2 0.021733 0.075360 0.754516 0.095379 0.053012
2 2 0.029977 0.252820 0.647839 0.020264 0.049100
2 2 0.018710 0.164956 0.740208 0.027177 0.048949
2 2 0.022939 0.169365 0.736987 0.027862 0.042847
2 2 0.029090 0.195071 0.704130 0.027580 0.044129
2 2 0.021749 0.065595 0.778720 0.094336 0.039600
2 2 0.042392 0.087427 0.668988 0.148790 0.052402
2 2 0.011031 0.215084 0.737453 0.008106 0.028327
2 2 0.013358 0.125382 0.802193 0.024431 0.034635
2 2 0.019079 0.171981 0.764025 0.017270 0.027645
2 2 0.022372 0.054053 0.783018 0.112880 0.027677
2 2 0.016779 0.079378 0.814967 0.054668 0.034208
2 2 0.005486 0.072820 0.893883 0.013576 0.014235
2 2 0.017085 0.131927 0.807550 0.020458 0.022980
2 2 0.017827 0.149497 0.787342 0.019300 0.026034
2 2 0.003656 0.015145 0.938619 0.037628 0.004952
2 2 0.002869 0.029495 0.949645 0.012915 0.005076
2 2 0.010395 0.083589 0.882285 0.014011 0.009720
2 2 0.011072 0.074402 0.879009 0.022068 0.013449
2 2 0.025638 0.050409 0.790178 0.109281 0.024494
2 2 0.002710 0.009718 0.927133 0.055236 0.005202
2 2 0.010248 0.146274 0.820595 0.008364 0.014518
2 2 0.024879 0.083801 0.817007 0.051474 0.022839
2 2 0.006976 0.054707 0.914671 0.015748 0.007898
2 2 0.039985 0.120537 0.745402 0.060592 0.033484
2 2 0.030934 0.306802 0.609400 0.013015 0.039849
2 2 0.015646 0.018131 0.635692 0.309079 0.021452
2 2 0.017959 0.087757 0.826798 0.041426 0.026060
2 2 0.018875 0.153318 0.787464 0.017614 0.022730
2 2 0.018489 0.035700 0.796669 0.128940 0.020202
2 2 0.008964 0.090846 0.874347 0.013354 0.012489
2 2 0.007185 0.061509 0.904237 0.016749 0.010320
2 2 0.006917 0.074005 0.893183 0.013985 0.011910
2 2 0.007656 0.090978 0.879539 0.010746 0.011080
2 2 0.003323 0.027035 0.946530 0.017540 0.005572
2 2 0.011120 0.128339 0.834785 0.010963 0.014793
2 2 0.048359 0.050019 0.612890 0.255411 0.033321
2 2 0.034566 0.212429 0.704509 0.020158 0.028339
2 3 0.013351 0.040914 0.836786 0.085343 0.023607
2 3 0.031809 0.170685 0.724046 0.033583 0.039877
2 3 0.018426 0.044364 0.809968 0.102015 0.025226
2 3 0.018395 0.059517 0.798612 0.087994 0.035481
2 3 0.020343 0.111661 0.818071 0.028387 0.021539
2 3 0.014983 0.031074 0.833793 0.106221 0.013930
2 3 0.023894 0.087548 0.821042 0.045625 0.021890
2 3 0.034719 0.155536 0.753742 0.030209 0.025794
2 3 0.012759 0.104742 0.845702 0.018873 0.017922
2 3 0.005845 0.038285 0.925313 0.022539 0.008018
2 3 0.009381 0.023277 0.878684 0.078557 0.010102
2 3 0.029442 0.044469 0.772522 0.133561 0.020006
2 3 0.022811 0.108051 0.830955 0.023974 0.014209
2 3 0.086236 0.192495 0.598107 0.069554 0.053607
2 3 0.033460 0.202495 0.717068 0.020281 0.026696
2 3 0.021081 0.059527 0.833666 0.066697 0.019028
2 3 0.020771 0.060963 0.846528 0.055093 0.016644
2 3 0.012226 0.047159 0.900609 0.031568 0.008438
2 2 0.013479 0.076428 0.878303 0.021035 0.010756
2 2 0.008020 0.028973 0.915206 0.040245 0.007556
2 2 0.007842 0.091004 0.881549 0.009908 0.009697
2 2 0.019166 0.075826 0.861458 0.031132 0.012418
2 2 0.007100 0.027242 0.924033 0.035207 0.006417
2 2 0.008863 0.025739 0.913086 0.045772 0.006540
2 2 0.020813 0.149671 0.800007 0.014508 0.015000
2 2 0.006474 0.018641 0.906392 0.060928 0.007565
2 3 0.011802 0.096459 0.868968 0.012852 0.009919
2 3 0.018350 0.084274 0.858051 0.026549 0.012777
2 3 0.008188 0.025316 0.906867 0.051511 0.008118
2 3 0.027022 0.097522 0.831276 0.030576 0.013604
2 3 0.019099 0.059518 0.860403 0.047026 0.013954
2 3 0.004843 0.009116 0.888506 0.092574 0.004962
2 3 0.035370 0.199969 0.728272 0.017058 0.019331
2 3 0.016288 0.022613 0.820615 0.130878 0.009606
2 3 0.022040 0.018912 0.703288 0.245771 0.009990
2 3 0.018303 0.019041 0.764407 0.190021 0.008229
2 3 0.021939 0.064079 0.853673 0.046634 0.013676
2 3 0.052938 0.051125 0.689831 0.190394 0.015712
2 3 0.023616 0.087771 0.838814 0.034611 0.015188
2 3 0.045845 0.048152 0.665397 0.216320 0.024285
2 3 0.131763 0.173137 0.522823 0.111889 0.060388
3 3 0.021204 0.005645 0.250281 0.716759 0.006110
2 3 0.013978 0.013578 0.710608 0.251743 0.010093
2 3 0.012747 0.012569 0.744933 0.220943 0.008807
2 3 0.069346 0.154110 0.660672 0.072373 0.043499
2 3 0.049709 0.038060 0.588066 0.304492 0.019674
2 3 0.030257 0.063689 0.755074 0.122499 0.028481
2 3 0.023675 0.042432 0.789736 0.122496 0.021661
2 3 0.022436 0.078652 0.828413 0.049271 0.021228
2 3 0.047905 0.109841 0.741148 0.072091 0.029015
2 3 0.059462 0.365395 0.542698 0.010226 0.022219
2 3 0.031426 0.224094 0.689908 0.019921 0.034652
2 2 0.028885 0.315087 0.620973 0.008762 0.026292
2 2 0.086579 0.345394 0.483063 0.028112 0.056852
2 2 0.034949 0.244163 0.663869 0.019825 0.037194
2 2 0.036126 0.188667 0.707907 0.030233 0.037067
2 2 0.013365 0.066874 0.868456 0.034655 0.016651
2 2 0.029452 0.024229 0.601963 0.325789 0.018566
2 3 0.044541 0.134957 0.718740 0.061149 0.040612
2 3 0.020823 0.185284 0.748373 0.016932 0.028588
2 3 0.028027 0.308386 0.622639 0.009994 0.030954
2 3 0.028320 0.111701 0.785398 0.045403 0.029178
2 3 0.013137 0.033166 0.847360 0.089031 0.017306
2 3 0.034495 0.322633 0.602227 0.010605 0.030040
2 3 0.040226 0.093790 0.749956 0.082357 0.033671
0 0 0.396865 0.320496 0.147172 0.017650 0.117817
2 1 0.082927 0.378164 0.499823 0.013414 0.025672
2 1 0.044041 0.340256 0.576742 0.011017 0.027944
2 1 0.030514 0.274659 0.650110 0.013145 0.031573
2 1 0.027888 0.220067 0.688115 0.021564 0.042367
2 1 0.044396 0.333181 0.573579 0.013577 0.035267
2 1 0.040146 0.326715 0.584389 0.013131 0.035619
2 1 0.087715 0.388646 0.437193 0.012739 0.073707
2 1 0.080888 0.368573 0.476903 0.017348 0.056288
2 1 0.044384 0.338893 0.517484 0.012658 0.086581
2 1 0.082668 0.365856 0.390324 0.013810 0.147343
2 1 0.030636 0.305886 0.509577 0.011777 0.142124
2 1 0.011176 0.209032 0.641240 0.022505 0.116047
2 1 0.009675 0.193997 0.496285 0.014271 0.285772
4 2 0.017625 0.214614 0.345359 0.009055 0.413347
4 2 0.031806 0.129557 0.089785 0.003849 0.745003
4 2 0.028672 0.103610 0.058492 0.002120 0.807106
4 4 0.048843 0.112922 0.057858 0.003859 0.776519
4 4 0.019312 0.142163 0.132565 0.003459 0.702501
4 4 0.030251 0.086033 0.039396 0.001480 0.842840
4 4 0.055444 0.043994 0.008589 0.000636 0.891337
4 4 0.138940 0.013775 0.000868 0.000249 0.846168
4 4 0.366803 0.110903 0.014655 0.001388 0.506251
4 4 0.270285 0.148599 0.030254 0.002519 0.548344
4 4 0.037142 0.271892 0.331370 0.009885 0.349712
4 4 0.013765 0.191746 0.335169 0.009066 0.450253
4 4 0.038244 0.216252 0.248698 0.013845 0.482962
1 4 0.106994 0.368901 0.349048 0.015489 0.159567
2 4 0.041271 0.331028 0.505203 0.012520 0.109978
4 4 0.061725 0.118761 0.041944 0.001473 0.776097
4 4 0.066674 0.304660 0.293163 0.011319 0.324184
4 4 0.012303 0.181266 0.295449 0.006359 0.504624
4 4 0.012150 0.164362 0.226227 0.004141 0.593120
4 4 0.010452 0.163620 0.239157 0.003780 0.582991
4 4 0.020233 0.097852 0.059057 0.001447 0.821410
4 4 0.022479 0.091703 0.049822 0.001358 0.834639
4 4 0.024598 0.160778 0.159833 0.005793 0.648997
4 4 0.023979 0.108446 0.068542 0.002060 0.796973
4 4 0.013560 0.147487 0.165867 0.003071 0.670016
4 4 0.037918 0.134820 0.091744 0.004836 0.730682
4 4 0.027797 0.144922 0.120377 0.004666 0.702239
4 4 0.015004 0.162585 0.200900 0.004458 0.617054
4 4 0.081768 0.074747 0.021292 0.002469 0.819723
4 4 0.037882 0.052531 0.013788 0.000658 0.895140
4 4 0.050689 0.047654 0.010332 0.000688 0.890638
4 4 0.052823 0.122790 0.067024 0.004978 0.752386
4 4 0.084282 0.135741 0.054375 0.003535 0.722067
4 4 0.021919 0.092997 0.051725 0.001374 0.831986
4 4 0.013002 0.144849 0.161804 0.002836 0.677509
4 4 0.017395 0.067247 0.029444 0.000592 0.885321
4 4 0.049135 0.066802 0.020171 0.001292 0.862600
4 4 0.022546 0.128548 0.100269 0.002953 0.745684
4 4 0.016457 0.019249 0.002681 0.000054 0.961560
4 4 0.022300 0.067090 0.026806 0.000708 0.883095
4 4 0.028641 0.103897 0.058847 0.002132 0.806483
4 4 0.015657 0.087618 0.051847 0.000947 0.843932
4 4 0.032732 0.065314 0.022199 0.000899 0.878856
4 4 0.283522 0.105679 0.018014 0.002434 0.590351
4 4 0.078650 0.027157 0.003028 0.000346 0.890818
4 4 0.065875 0.050123 0.010445 0.000939 0.872617
4 4 0.034381 0.048234 0.012082 0.000518 0.904785
4 4 0.016955 0.026540 0.004905 0.000099 0.951501
4 4 0.045794 0.166294 0.133207 0.008983 0.645722
4 4 0.132301 0.161131 0.068712 0.008222 0.629635
4 4 0.028767 0.092720 0.046621 0.001669 0.830223
4 4 0.026085 0.074645 0.031297 0.000988 0.866984
4 4 0.027596 0.183185 0.210489 0.009706 0.569024
4 4 0.017333 0.199897 0.342664 0.012482 0.427624
4 4 0.047625 0.101579 0.046996 0.002992 0.800808
4 4 0.019799 0.165414 0.186692 0.005547 0.622548
4 4 0.021899 0.067633 0.027412 0.000710 0.882345
4 4 0.045394 0.212219 0.260863 0.025323 0.456202
4 1 0.011106 0.168879 0.253159 0.004414 0.562443
4 1 0.056297 0.195928 0.189862 0.019993 0.537920
4 1 0.110290 0.105466 0.034494 0.004346 0.745405
2 1 0.087165 0.346883 0.376168 0.018945 0.170839
2 1 0.080903 0.365270 0.394066 0.013738 0.146023
1 1 0.135471 0.357469 0.260929 0.012067 0.234064
2 1 0.060360 0.360428 0.465726 0.012608 0.100877
2 1 0.029810 0.322449 0.574493 0.009239 0.064010
1 1 0.080756 0.320128 0.279557 0.010691 0.308869
2 1 0.044827 0.350400 0.497133 0.009886 0.097753
2 1 0.020076 0.289526 0.587006 0.009164 0.094228
4 1 0.067163 0.244069 0.162973 0.005161 0.520634
2 1 0.026633 0.290039 0.469257 0.010065 0.204006
2 1 0.015930 0.232740 0.453195 0.011154 0.286981
2 1 0.006177 0.176613 0.614289 0.016662 0.186259
2 2 0.007094 0.188703 0.677136 0.017783 0.109284
2 2 0.010801 0.196312 0.523951 0.019388 0.249548
2 2 0.013802 0.234591 0.633293 0.017187 0.101126
2 2 0.014408 0.234952 0.540094 0.013921 0.196625
2 2 0.042455 0.283272 0.408867 0.019553 0.245852
2 2 0.014957 0.204346 0.430573 0.017033 0.333092
2 2 0.041727 0.309988 0.557321 0.021155 0.069808
2 2 0.040620 0.322172 0.440170 0.010607 0.186431
4 2 0.035928 0.238439 0.267540 0.009273 0.448820
2 2 0.023126 0.288093 0.573389 0.012044 0.103348
2 2 0.011786 0.229832 0.672729 0.014717 0.070936
2 2 0.010666 0.185038 0.733290 0.015995 0.055011
2 2 0.018278 0.213904 0.654153 0.026541 0.087124
2 2 0.017241 0.269213 0.624775 0.011261 0.077509
2 2 0.011905 0.219355 0.652029 0.019617 0.097094
2 2 0.040787 0.077526 0.574851 0.218838 0.087998
