0 0 0.745258 0.071550 0.023166 0.000694 0.159332
0 0 0.670913 0.099848 0.054438 0.002371 0.172430
0 0 0.369563 0.198060 0.140641 0.001816 0.289920
0 0 0.468785 0.184711 0.089506 0.001143 0.255856
4 0 0.301813 0.215724 0.107293 0.001023 0.374148
4 0 0.091749 0.157880 0.056847 0.000200 0.693324
1 1 0.200862 0.341992 0.129524 0.001292 0.326331
4 1 0.175998 0.246762 0.075621 0.000336 0.501283
1 1 0.179974 0.462429 0.079446 0.000465 0.277686
1 1 0.149845 0.427700 0.135267 0.001614 0.285575
0 4 0.386517 0.249717 0.151937 0.002134 0.209694
1 1 0.141590 0.509578 0.124031 0.001520 0.223281
1 1 0.086300 0.451158 0.210252 0.005584 0.246705
1 4 0.067669 0.385192 0.190558 0.004020 0.352562
1 4 0.087558 0.441512 0.218963 0.006129 0.245838
1 4 0.083560 0.471067 0.192756 0.004588 0.248029
1 4 0.055452 0.425154 0.132514 0.001766 0.385114
1 4 0.092153 0.402456 0.255727 0.008822 0.240841
4 4 0.046360 0.408878 0.109010 0.001134 0.434618
4 4 0.032097 0.323116 0.084223 0.000650 0.559913
4 4 0.011870 0.132308 0.045705 0.000229 0.809888
4 4 0.047847 0.337537 0.108055 0.001048 0.505514
4 4 0.031842 0.178280 0.086977 0.000702 0.702199
4 4 0.052756 0.215475 0.066773 0.000327 0.664670
1 4 0.096633 0.429972 0.113911 0.001098 0.358386
4 4 0.033906 0.336869 0.087137 0.000696 0.541391
4 4 0.023138 0.257966 0.066101 0.000405 0.652390
4 4 0.043083 0.278555 0.096510 0.000809 0.581043
4 4 0.035057 0.270436 0.081862 0.000585 0.612060
4 4 0.036569 0.317177 0.096417 0.000856 0.548981
4 4 0.057720 0.280880 0.070438 0.000361 0.590602
4 4 0.030774 0.089139 0.098167 0.001031 0.780889
1 4 0.082184 0.480586 0.184625 0.004166 0.248439
1 4 0.086062 0.452947 0.208654 0.005488 0.246849
1 4 0.093314 0.391250 0.266704 0.009762 0.238970
1 1 0.094080 0.383433 0.274469 0.010469 0.237549
1 1 0.086908 0.446541 0.214403 0.005840 0.246308
2 1 0.191378 0.263801 0.340022 0.017036 0.187763
1 1 0.090034 0.358203 0.281807 0.010832 0.259123
1 1 0.089289 0.427597 0.231789 0.006993 0.244331
2 2 0.085307 0.138901 0.553777 0.088131 0.133883
2 2 0.100398 0.271775 0.393876 0.027234 0.206717
2 2 0.097420 0.186497 0.491126 0.056193 0.168764
2 2 0.098085 0.194433 0.482149 0.052439 0.172895
2 2 0.067191 0.094429 0.604359 0.138851 0.095169
2 2 0.082555 0.134456 0.561836 0.092386 0.128766
2 3 0.049627 0.076569 0.633901 0.170248 0.069656
2 3 0.035947 0.061870 0.650851 0.200998 0.050333
2 3 0.063457 0.096720 0.611367 0.136438 0.092018
2 3 0.039948 0.066387 0.646715 0.190972 0.055978
2 3 0.060369 0.091634 0.617171 0.144118 0.086708
2 3 0.046900 0.073797 0.637842 0.175662 0.065799
2 3 0.035024 0.060799 0.651681 0.203464 0.049031
2 3 0.024923 0.048244 0.656472 0.235553 0.034807
2 3 0.026380 0.050162 0.656387 0.230214 0.036857
2 3 0.030272 0.055096 0.655044 0.217254 0.042335
2 3 0.027457 0.051553 0.656167 0.226451 0.038372
2 3 0.034000 0.059598 0.652539 0.206276 0.047587
2 3 0.016780 0.036667 0.650639 0.272540 0.023373
2 3 0.015681 0.034968 0.648672 0.278847 0.021832
2 3 0.008792 0.023211 0.623343 0.332459 0.012195
2 3 0.014234 0.032667 0.645444 0.287849 0.019805
2 3 0.022077 0.044376 0.655816 0.246925 0.030806
2 3 0.022153 0.044483 0.655850 0.246600 0.030914
2 3 0.015592 0.034827 0.648494 0.279380 0.021707
2 3 0.008335 0.022343 0.620384 0.337381 0.011557
2 3 0.014759 0.033510 0.646706 0.284486 0.020540
2 3 0.006929 0.019572 0.609508 0.354395 0.009596
2 3 0.009021 0.023643 0.624742 0.330079 0.012515
2 3 0.015042 0.033961 0.647344 0.282715 0.020937
2 3 0.013194 0.030966 0.642596 0.294895 0.018348
2 3 0.013296 0.031136 0.642899 0.294177 0.018492
2 3 0.005509 0.016595 0.594848 0.375428 0.007620
2 3 0.007525 0.020767 0.614485 0.346795 0.010428
2 3 0.005269 0.016069 0.591867 0.379509 0.007286
2 3 0.004482 0.014294 0.580738 0.394297 0.006191
3 3 0.005339 0.010295 0.370480 0.609705 0.004180
2 3 0.007420 0.020558 0.613649 0.348092 0.010281
3 3 0.008243 0.013692 0.383759 0.588118 0.006188
2 3 0.003547 0.011867 0.555389 0.424407 0.004790
3 3 0.004030 0.010664 0.462718 0.518363 0.004224
2 3 0.006451 0.015380 0.507501 0.463707 0.006961
2 3 0.006441 0.016155 0.533003 0.436988 0.007413
2 3 0.005599 0.016790 0.595918 0.373949 0.007745
2 3 0.004239 0.013729 0.576818 0.399359 0.005854
2 3 0.003150 0.010379 0.521814 0.460658 0.003999
2 3 0.004048 0.011704 0.508023 0.471477 0.004747
3 3 0.003974 0.010992 0.481760 0.498893 0.004380
3 3 0.003873 0.009404 0.413797 0.569316 0.003609
3 3 0.006368 0.009308 0.290249 0.690260 0.003815
3 3 0.004369 0.006311 0.234621 0.752374 0.002325
3 3 0.004026 0.006315 0.249528 0.737837 0.002295
3 3 0.004354 0.009719 0.397638 0.584482 0.003806
3 3 0.003894 0.010441 0.462184 0.519380 0.004102
3 3 0.004516 0.008085 0.312248 0.672065 0.003086
3 3 0.006760 0.009234 0.275232 0.704957 0.003817
3 3 0.004890 0.007542 0.270625 0.714056 0.002888
3 3 0.006315 0.009428 0.296656 0.683735 0.003866
3 3 0.004007 0.007434 0.306858 0.678947 0.002755
2 3 0.005958 0.017263 0.591206 0.377515 0.008058
3 3 0.004852 0.008722 0.325379 0.657645 0.003402
3 3 0.004353 0.005027 0.174769 0.814037 0.001813
3 3 0.004921 0.007921 0.286360 0.697744 0.003054
3 3 0.003255 0.004472 0.187162 0.803596 0.001515
3 3 0.005268 0.007518 0.255198 0.729104 0.002912
3 3 0.006982 0.011197 0.340116 0.636925 0.004780
2 3 0.004293 0.012162 0.510053 0.468485 0.005007
3 3 0.004815 0.005902 0.199917 0.787169 0.002197
3 3 0.005087 0.008802 0.318219 0.664430 0.003462
3 3 0.004588 0.007758 0.293543 0.691160 0.002951
3 3 0.005014 0.006616 0.224901 0.760962 0.002507
3 3 0.003924 0.005774 0.226789 0.761443 0.002070
3 3 0.004607 0.006185 0.219710 0.767203 0.002295
3 3 0.003933 0.005490 0.212086 0.776532 0.001959
3 3 0.004638 0.008817 0.340187 0.642936 0.003423
3 3 0.004514 0.005201 0.177798 0.810593 0.001894
3 3 0.005414 0.006989 0.227877 0.757021 0.002699
3 3 0.004406 0.006933 0.262761 0.723316 0.002584
3 3 0.007490 0.010494 0.299351 0.678183 0.004482
3 3 0.006735 0.009761 0.295584 0.683859 0.004062
3 3 0.008068 0.016109 0.464865 0.503437 0.007521
3 3 0.007672 0.011546 0.330325 0.645439 0.005019
2 3 0.007611 0.020209 0.597115 0.365014 0.010052
2 3 0.095065 0.101528 0.634377 0.100159 0.068871
2 3 0.032447 0.065144 0.662563 0.192277 0.047569
2 3 0.034665 0.060380 0.651989 0.204441 0.048525
2 3 0.040382 0.064787 0.662316 0.184257 0.048258
2 3 0.066866 0.124056 0.597960 0.105132 0.105987
2 3 0.038804 0.065116 0.647981 0.193735 0.054364
2 3 0.049948 0.076890 0.633423 0.169630 0.070110
2 3 0.059425 0.088061 0.618549 0.149635 0.084330
2 3 0.038553 0.064835 0.648250 0.194352 0.054010
2 3 0.063765 0.096452 0.610786 0.136743 0.092254
2 3 0.039622 0.066026 0.647083 0.191752 0.055518
2 3 0.038966 0.065296 0.647806 0.193339 0.054592
2 3 0.039489 0.065878 0.647231 0.192072 0.055330
2 3 0.033951 0.059540 0.652578 0.206411 0.047519
2 3 0.073331 0.128127 0.583264 0.100034 0.115244
2 3 0.100426 0.250497 0.418015 0.032553 0.198509
2 3 0.100431 0.268542 0.397524 0.027982 0.205520
2 2 0.100287 0.240900 0.428980 0.035288 0.194545
2 2 0.100410 0.249002 0.419721 0.032964 0.197903
4 2 0.042832 0.344712 0.118086 0.001337 0.493033
4 2 0.050786 0.318625 0.161485 0.002679 0.466425
1 2 0.070530 0.369217 0.209530 0.005011 0.345712
2 2 0.100462 0.255923 0.411834 0.031104 0.200678
4 2 0.055443 0.340910 0.168911 0.002972 0.431765
4 1 0.048072 0.310315 0.154219 0.002417 0.484976
4 1 0.054666 0.364563 0.154455 0.002435 0.423880
4 1 0.057556 0.314078 0.192721 0.004016 0.431629
1 1 0.077545 0.360561 0.239457 0.006971 0.315465
1 2 0.072477 0.384836 0.207006 0.004923 0.330758
1 2 0.077302 0.339427 0.253589 0.007945 0.321736
2 2 0.099552 0.218298 0.454888 0.042722 0.184538
2 2 0.100187 0.284047 0.380099 0.024572 0.211096
2 2 0.100459 0.255275 0.412571 0.031274 0.200421
2 2 0.097065 0.182663 0.495438 0.058115 0.166719
2 2 0.099970 0.292280 0.370928 0.022931 0.213892
2 2 0.096346 0.175561 0.503369 0.061876 0.162847
2 2 0.094616 0.161084 0.519249 0.070455 0.154596
2 2 0.097875 0.191802 0.485131 0.053651 0.171540
2 2 0.086494 0.151650 0.542742 0.078634 0.140480
2 2 0.101357 0.173776 0.502496 0.061174 0.161196
2 2 0.100467 0.257634 0.409887 0.030661 0.201351
2 2 0.100449 0.253428 0.414674 0.031762 0.199687
1 2 0.098264 0.329975 0.329815 0.016671 0.225276
2 2 0.099848 0.296145 0.366644 0.022198 0.215166
2 2 0.100466 0.257452 0.410094 0.030708 0.201279
2 2 0.100251 0.239145 0.430988 0.035813 0.193802
2 2 0.099946 0.293068 0.370053 0.022780 0.214154
2 2 0.094198 0.157998 0.522570 0.072460 0.152773
2 2 0.098888 0.205944 0.469035 0.047480 0.178654
2 2 0.098466 0.199575 0.476301 0.050156 0.175501
2 2 0.098877 0.318975 0.341652 0.018306 0.222191
2 2 0.099329 0.309522 0.351933 0.019831 0.219385
2 2 0.098877 0.318963 0.341664 0.018308 0.222188
2 2 0.099962 0.292545 0.370633 0.022880 0.213980
1 2 0.096926 0.349951 0.308694 0.014042 0.230386
2 2 0.098798 0.320496 0.340006 0.018071 0.222629
2 2 0.099332 0.309460 0.352000 0.019841 0.219366
1 1 0.094526 0.378701 0.279212 0.010919 0.236642
1 1 0.094391 0.380145 0.277761 0.010780 0.236923
2 1 0.100040 0.289836 0.373643 0.023406 0.213074
1 1 0.092833 0.395982 0.262046 0.009355 0.239784
1 1 0.095301 0.370086 0.287929 0.011782 0.234903
1 1 0.095337 0.369679 0.288343 0.011824 0.234818
2 1 0.100469 0.259062 0.408265 0.030296 0.201908
2 2 0.099733 0.222472 0.450102 0.041234 0.186459
2 2 0.099992 0.291517 0.371774 0.023078 0.213638
1 2 0.189402 0.387649 0.206072 0.004721 0.212156
1 2 0.090366 0.418497 0.240342 0.007613 0.243181
1 2 0.093815 0.386178 0.271732 0.010216 0.238058
1 1 0.092777 0.396520 0.261519 0.009309 0.239874
2 1 0.098874 0.319036 0.341585 0.018297 0.222209
1 1 0.097138 0.347043 0.311738 0.014400 0.229681
1 1 0.093288 0.391517 0.266441 0.009739 0.239016
1 1 0.137160 0.396600 0.232465 0.006526 0.227249
1 1 0.092678 0.397480 0.260579 0.009229 0.240034
1 1 0.094470 0.379303 0.278607 0.010861 0.236759
1 1 0.092650 0.397743 0.260322 0.009207 0.240078
1 1 0.097268 0.345224 0.313647 0.014627 0.229234
2 1 0.099181 0.312793 0.348364 0.019290 0.220372
1 1 0.096093 0.419278 0.235977 0.007193 0.241459
1 1 0.085035 0.460526 0.201938 0.005095 0.247406
1 1 0.093836 0.385966 0.271943 0.010235 0.238019
1 1 0.095632 0.366238 0.291854 0.012186 0.234089
1 1 0.104903 0.436752 0.212940 0.005530 0.239875
1 2 0.092242 0.401626 0.256534 0.008889 0.240709
2 2 0.098288 0.329574 0.330244 0.016728 0.225166
1 2 0.090344 0.418685 0.240165 0.007600 0.243206
1 2 0.092896 0.426023 0.231147 0.006890 0.243044
1 2 0.094319 0.380913 0.276992 0.010706 0.237070
1 2 0.088029 0.437806 0.222349 0.006350 0.245466
1 2 0.093373 0.390663 0.267284 0.009814 0.238866
1 2 0.094138 0.382823 0.275079 0.010526 0.237434
1 2 0.097087 0.347749 0.310998 0.014312 0.229854
1 2 0.095292 0.370188 0.287825 0.011771 0.234924
1 2 0.154183 0.386324 0.231573 0.006371 0.221550
1 2 0.127008 0.417177 0.218257 0.005671 0.231887
1 2 0.085795 0.454936 0.206882 0.005382 0.247004
1 1 0.102764 0.448371 0.202900 0.004954 0.241012
1 1 0.082595 0.477775 0.187010 0.004287 0.248333
1 1 0.086758 0.447688 0.213368 0.005775 0.246410
1 1 0.089066 0.429442 0.230071 0.006873 0.244548
1 1 0.097127 0.347205 0.311568 0.014380 0.229721
1 1 0.091080 0.412239 0.246298 0.008066 0.242316
1 1 0.083152 0.473924 0.190300 0.004458 0.248167
1 1 0.095217 0.371048 0.286950 0.011682 0.235103
2 1 0.100428 0.268924 0.397093 0.027893 0.205663
2 2 0.098488 0.199879 0.475955 0.050024 0.175654
2 2 0.098713 0.322074 0.338303 0.017831 0.223080
2 2 0.099084 0.209227 0.465280 0.046162 0.180247
2 2 0.097150 0.183561 0.494429 0.057658 0.167201
1 2 0.097282 0.345031 0.313850 0.014652 0.229186
1 2 0.094685 0.376969 0.280956 0.011087 0.236302
1 1 0.094343 0.380661 0.277244 0.010730 0.237022
1 1 0.106434 0.365298 0.285878 0.011339 0.231051
1 1 0.104360 0.378998 0.272575 0.010091 0.233975
1 1 0.097352 0.344033 0.314899 0.014778 0.228938
1 1 0.108381 0.341754 0.310214 0.013949 0.225702
1 1 0.122988 0.378585 0.260744 0.008789 0.228894
1 1 0.084408 0.465049 0.197976 0.004872 0.247695
1 1 0.094216 0.382002 0.275900 0.010603 0.237278
1 1 0.101716 0.380566 0.272622 0.010142 0.234953
1 1 0.096075 0.360912 0.297323 0.012767 0.232923
1 1 0.093345 0.390948 0.267003 0.009789 0.238916
1 1 0.092589 0.398336 0.259742 0.009158 0.240176
2 1 0.099986 0.229356 0.442206 0.038898 0.189554
2 1 0.098726 0.203403 0.471936 0.048528 0.177406
2 1 0.099384 0.308279 0.353292 0.020040 0.219005
2 1 0.100409 0.248879 0.419860 0.032998 0.197853
2 1 0.100358 0.244984 0.424309 0.034096 0.196253
1 2 0.114068 0.371747 0.273939 0.010063 0.230183
2 2 0.100097 0.287751 0.375965 0.023820 0.212368
2 2 0.100449 0.253438 0.414663 0.031759 0.199691
2 2 0.100392 0.272355 0.393222 0.027102 0.206930
2 2 0.098724 0.203372 0.471971 0.048541 0.177391
2 2 0.099653 0.220552 0.452304 0.041912 0.185580
2 2 0.092992 0.167235 0.517432 0.067297 0.155044
2 2 0.100265 0.239837 0.430197 0.035605 0.194096
2 2 0.099164 0.210645 0.463657 0.045605 0.180929
2 2 0.098164 0.195464 0.480978 0.051972 0.173422
2 2 0.097627 0.188848 0.488474 0.055050 0.170001
2 2 0.095144 0.165188 0.514795 0.067889 0.156985
2 2 0.128293 0.268415 0.379340 0.023662 0.200289
1 2 0.165737 0.368992 0.241726 0.007025 0.216520
1 2 0.095760 0.364726 0.293403 0.012349 0.233762
1 2 0.096661 0.353479 0.305017 0.013620 0.231223
1 2 0.113633 0.355227 0.292020 0.011841 0.227279
1 2 0.139024 0.360424 0.269265 0.009364 0.221924
1 2 0.103916 0.363743 0.289197 0.011726 0.231418
1 2 0.093424 0.390153 0.267788 0.009859 0.238776
1 2 0.096822 0.351353 0.307231 0.013873 0.230721
1 2 0.092545 0.400492 0.257523 0.008967 0.240473
1 2 0.088661 0.432743 0.227010 0.006662 0.244923
1 2 0.091933 0.404506 0.253740 0.008659 0.241163
1 1 0.084864 0.461765 0.200849 0.005033 0.247489
1 1 0.090862 0.414175 0.244450 0.007924 0.242590
1 1 0.095318 0.369890 0.288128 0.011802 0.234862
1 1 0.085873 0.454356 0.207398 0.005413 0.246960
1 1 0.090070 0.421041 0.237938 0.007435 0.243515
1 1 0.087194 0.444343 0.216390 0.005965 0.246108
1 1 0.082947 0.475345 0.189083 0.004394 0.248231
1 1 0.088187 0.436549 0.223503 0.006426 0.245335
1 1 0.091098 0.412079 0.246451 0.008078 0.242293
1 1 0.087110 0.444994 0.215801 0.005927 0.246168
1 1 0.071231 0.441249 0.173845 0.003383 0.310293
1 1 0.086339 0.421413 0.227606 0.006580 0.258063
1 0 0.278015 0.351873 0.180265 0.003443 0.186404
0 0 0.447578 0.194180 0.224202 0.007096 0.126943
0 0 0.821774 0.086197 0.040420 0.001074 0.050536
1 0 0.187424 0.338096 0.259488 0.008317 0.206674
1 1 0.114891 0.408504 0.234948 0.006884 0.234772
1 1 0.132694 0.409850 0.221911 0.005862 0.229684
1 1 0.109355 0.434763 0.212097 0.005436 0.238349
1 1 0.084471 0.464603 0.198365 0.004894 0.247668
1 1 0.111197 0.384532 0.262260 0.009064 0.232946
1 1 0.116619 0.441955 0.200445 0.004702 0.236280
1 1 0.097898 0.335878 0.323523 0.015850 0.226851
1 1 0.107632 0.414934 0.233075 0.006831 0.237527
1 1 0.088325 0.462631 0.197957 0.004823 0.246264
1 1 0.164720 0.430646 0.180268 0.003486 0.220880
1 1 0.114481 0.452191 0.191911 0.004260 0.237157
1 1 0.088182 0.436590 0.223465 0.006424 0.245340
1 1 0.165098 0.453425 0.158658 0.002594 0.220225
1 1 0.180550 0.512867 0.082848 0.000572 0.223163
1 1 0.063957 0.471898 0.124469 0.001553 0.338123
1 1 0.115454 0.474319 0.170532 0.003235 0.236460
1 1 0.163488 0.386130 0.131453 0.001410 0.317518
1 1 0.115888 0.485251 0.160325 0.002807 0.235728
4 4 0.058314 0.260541 0.071015 0.000365 0.609765
1 4 0.157362 0.490861 0.073467 0.000402 0.277908
1 1 0.122947 0.444551 0.131496 0.001553 0.299452
1 1 0.207134 0.479768 0.085894 0.000597 0.226607
4 1 0.089009 0.379081 0.071093 0.000348 0.460469
4 1 0.062782 0.421264 0.092170 0.000714 0.423070
1 1 0.082727 0.476862 0.187788 0.004327 0.248296
1 1 0.188738 0.431024 0.100790 0.000789 0.278659
1 4 0.224126 0.403165 0.080758 0.000450 0.291501
0 4 0.503138 0.203813 0.058846 0.000315 0.233888
1 4 0.175763 0.444572 0.116817 0.001158 0.261690
1 4 0.116816 0.447112 0.175771 0.003316 0.256985
1 4 0.151030 0.406441 0.213156 0.005230 0.224142
1 4 0.164090 0.493095 0.124465 0.001500 0.216850
0 4 0.371147 0.331268 0.061571 0.000251 0.235762
4 4 0.211130 0.258558 0.111252 0.000829 0.418231
1 4 0.143063 0.507654 0.092479 0.000724 0.256081
0 4 0.511481 0.120194 0.067885 0.001004 0.299435
0 0 0.585241 0.133858 0.078342 0.001397 0.201162
4 0 0.359556 0.195836 0.041735 0.000163 0.402711
0 0 0.342219 0.251970 0.114687 0.000963 0.290161
0 0 0.351605 0.186354 0.135362 0.002359 0.324319
1 0 0.187305 0.385754 0.125074 0.001251 0.300616
1 0 0.128398 0.440884 0.193979 0.004283 0.232457
1 1 0.091345 0.472367 0.186925 0.004190 0.245174
1 1 0.150186 0.448044 0.160455 0.002613 0.238702
1 1 0.092043 0.458047 0.200118 0.004904 0.244888
4 4 0.102780 0.327281 0.182613 0.003142 0.384184
1 4 0.080647 0.490904 0.175985 0.003746 0.248718
1 4 0.082158 0.480766 0.184472 0.004159 0.248445
1 4 0.103923 0.462087 0.189022 0.004188 0.240780
1 4 0.082479 0.478571 0.186333 0.004253 0.248364
1 4 0.078254 0.465878 0.181700 0.003901 0.270266
4 4 0.035822 0.323094 0.090820 0.000750 0.549514
1 4 0.079872 0.495993 0.171791 0.003553 0.248792
4 4 0.048616 0.398391 0.078304 0.000510 0.474180
1 4 0.086298 0.451174 0.210238 0.005583 0.246706
1 4 0.086284 0.451283 0.210141 0.005578 0.246715
4 4 0.024047 0.296755 0.060542 0.000329 0.618327
4 4 0.016437 0.176788 0.052734 0.000275 0.753767
4 4 0.026250 0.277634 0.055417 0.000261 0.640437
4 4 0.035846 0.219021 0.040387 0.000116 0.704630
4 4 0.022141 0.171918 0.044698 0.000173 0.761069
4 4 0.044054 0.143359 0.025222 0.000040 0.787326
1 4 0.067749 0.481115 0.126996 0.001635 0.322505
1 4 0.055544 0.465536 0.119125 0.001426 0.358368
1 4 0.110940 0.398515 0.120709 0.001195 0.368642
1 4 0.059040 0.463013 0.129851 0.001733 0.346363
1 1 0.094012 0.453942 0.202882 0.005042 0.244122
1 1 0.089222 0.502179 0.160895 0.002984 0.244719
1 1 0.065013 0.483565 0.139007 0.002073 0.310342
4 1 0.043798 0.408240 0.100986 0.000959 0.446017
4 1 0.051823 0.409494 0.126517 0.001578 0.410589
1 1 0.086350 0.450785 0.210587 0.005605 0.246674
1 1 0.102937 0.428669 0.222209 0.006143 0.240043
1 1 0.065515 0.441517 0.156893 0.002643 0.333431
1 0 0.184890 0.341848 0.205929 0.004269 0.263064
1 1 0.081134 0.487672 0.178671 0.003874 0.248649
1 1 0.119473 0.479045 0.163761 0.002930 0.234791
1 1 0.152962 0.475638 0.146255 0.002177 0.222968
1 1 0.094465 0.478219 0.179605 0.003793 0.243919
1 1 0.089628 0.424776 0.234427 0.007181 0.243988
1 1 0.100161 0.448152 0.204724 0.005085 0.241878
1 1 0.091252 0.410705 0.247767 0.008181 0.242094
1 1 0.110211 0.430308 0.215969 0.005666 0.237846
1 1 0.124794 0.444240 0.193039 0.004254 0.233673
1 0 0.264393 0.367666 0.174041 0.003155 0.190744
1 0 0.130067 0.399856 0.233844 0.006671 0.229561
1 1 0.194706 0.414340 0.176075 0.003250 0.211629
1 0 0.284373 0.360794 0.166883 0.002874 0.185076
1 0 0.206662 0.426516 0.156614 0.002468 0.207740
1 0 0.229262 0.284253 0.202070 0.003832 0.280583
1 0 0.153487 0.441799 0.176951 0.003367 0.224397
1 1 0.198684 0.439563 0.149786 0.002234 0.209732
1 0 0.155368 0.338343 0.281890 0.010394 0.214005
0 0 0.366209 0.286952 0.152948 0.002257 0.191634
0 0 0.592305 0.138298 0.091690 0.002489 0.175217
0 0 0.444969 0.214238 0.196109 0.004842 0.139841
1 0 0.140860 0.415774 0.210559 0.005126 0.227682
1 1 0.150839 0.348761 0.273702 0.009669 0.217029
1 1 0.332909 0.374814 0.120430 0.001381 0.170466
0 0 0.349762 0.292144 0.190086 0.004086 0.163922
0 0 0.405996 0.237124 0.147843 0.002019 0.207018
1 0 0.228927 0.432203 0.136923 0.001808 0.200138
1 1 0.114561 0.444890 0.198896 0.004631 0.237022
1 1 0.121670 0.440502 0.198647 0.004569 0.234612
1 1 0.102402 0.404210 0.247416 0.007970 0.238001
1 1 0.089192 0.428402 0.231039 0.006941 0.244426
1 1 0.095138 0.391567 0.265217 0.009591 0.238487
1 1 0.094514 0.378832 0.279080 0.010906 0.236668
1 1 0.088878 0.430975 0.228647 0.006774 0.244724
1 1 0.169962 0.364226 0.177317 0.002940 0.285556
1 1 0.093229 0.392097 0.265868 0.009688 0.239118
1 1 0.087729 0.440179 0.220178 0.006208 0.245707
1 1 0.083639 0.470516 0.193232 0.004613 0.248001
1 1 0.087480 0.442122 0.218407 0.006093 0.245897
1 2 0.096857 0.350884 0.307720 0.013930 0.230609
1 2 0.084568 0.463901 0.198978 0.004928 0.247625
1 2 0.089510 0.425766 0.233501 0.007114 0.244110
1 2 0.100059 0.385997 0.267941 0.009743 0.236260
2 2 0.099316 0.309822 0.351604 0.019781 0.219476
2 2 0.100466 0.262057 0.404865 0.029545 0.203066
2 2 0.096656 0.178524 0.500070 0.060274 0.164476
2 2 0.097651 0.189124 0.488162 0.054918 0.170146
2 2 0.099440 0.215930 0.457604 0.043593 0.183433
2 2 0.098378 0.198340 0.477707 0.050694 0.174880
2 2 0.100467 0.261817 0.405137 0.029604 0.202974
2 2 0.096230 0.174490 0.504559 0.062468 0.162253
2 2 0.095761 0.170318 0.509171 0.064834 0.159915
2 2 0.098362 0.328320 0.331587 0.016908 0.224824
2 2 0.057278 0.083980 0.621790 0.156468 0.080484
2 2 0.057019 0.083737 0.622222 0.156905 0.080117
2 2 0.081529 0.141265 0.559676 0.087306 0.130223
2 2 0.081127 0.140179 0.561154 0.088234 0.129306
2 2 0.051217 0.078151 0.631505 0.167224 0.071904
2 2 0.050924 0.077861 0.631951 0.167774 0.071490
2 2 0.072714 0.121667 0.587431 0.106119 0.112069
2 2 0.064419 0.103380 0.608898 0.127690 0.095614
2 2 0.061797 0.089822 0.614267 0.146562 0.087552
2 2 0.032376 0.057663 0.653757 0.210905 0.045299
2 2 0.082441 0.141786 0.557544 0.086682 0.131547
2 2 0.037516 0.063665 0.649329 0.196943 0.052547
2 2 0.040966 0.067505 0.645538 0.188577 0.057415
2 2 0.057095 0.100330 0.623628 0.132726 0.086220
2 2 0.039381 0.065758 0.647351 0.192332 0.055178
2 2 0.016589 0.036373 0.650323 0.273611 0.023104
2 3 0.027208 0.051233 0.656229 0.227310 0.038021
2 3 0.019037 0.040042 0.653608 0.260775 0.026538
2 3 0.030782 0.055724 0.654764 0.215676 0.043053
2 3 0.021350 0.043361 0.655447 0.250057 0.029786
2 3 0.012883 0.030449 0.641647 0.297108 0.017913
2 3 0.015127 0.034095 0.647528 0.282195 0.021055
2 3 0.011897 0.028783 0.638299 0.304487 0.016534
2 3 0.022593 0.045091 0.656025 0.244757 0.031533
2 3 0.005644 0.015511 0.552287 0.419583 0.006975
2 3 0.007374 0.020467 0.613277 0.348665 0.010217
2 3 0.008299 0.021273 0.596786 0.362837 0.010806
2 3 0.006950 0.019615 0.609693 0.354118 0.009625
2 3 0.006709 0.019124 0.607520 0.357357 0.009290
2 3 0.007479 0.020675 0.614118 0.347364 0.010363
2 3 0.007341 0.020402 0.613012 0.349073 0.010172
2 3 0.008568 0.022789 0.621927 0.334832 0.011883
2 3 0.005810 0.017244 0.598350 0.370557 0.008039
2 3 0.007589 0.020893 0.614984 0.346017 0.010517
2 3 0.008174 0.017375 0.498364 0.467808 0.008280
3 3 0.005859 0.012353 0.427974 0.548558 0.005255
2 3 0.003456 0.011690 0.555553 0.424612 0.004690
3 3 0.005072 0.008173 0.291241 0.692336 0.003179
2 3 0.004943 0.014544 0.559589 0.414560 0.006364
3 3 0.005156 0.008827 0.316283 0.666255 0.003479
2 3 0.006615 0.016945 0.549428 0.419110 0.007901
3 3 0.008277 0.014702 0.414527 0.555752 0.006742
3 3 0.007142 0.014259 0.440788 0.531418 0.006393
3 3 0.005249 0.011594 0.428521 0.549828 0.004808
3 3 0.004542 0.011090 0.447679 0.532204 0.004485
3 3 0.003356 0.008171 0.387935 0.597537 0.003001
3 3 0.007018 0.012456 0.383713 0.591393 0.005421
3 3 0.006014 0.013116 0.449175 0.526026 0.005669
3 3 0.005498 0.009178 0.316833 0.664818 0.003673
3 3 0.005086 0.008764 0.316580 0.666127 0.003444
3 3 0.004827 0.005996 0.203719 0.783222 0.002236
3 3 0.005018 0.009503 0.352014 0.629691 0.003775
3 3 0.005314 0.008228 0.283982 0.699249 0.003227
3 3 0.004756 0.008178 0.305186 0.678729 0.003151
3 3 0.007406 0.011106 0.323228 0.653486 0.004775
3 3 0.005346 0.005878 0.183535 0.803013 0.002229
3 3 0.005766 0.007672 0.244955 0.738583 0.003024
3 3 0.006859 0.008648 0.250806 0.730131 0.003555
3 3 0.003903 0.005127 0.195066 0.794088 0.001816
3 3 0.005069 0.008569 0.308765 0.674243 0.003355
3 3 0.006053 0.012877 0.438561 0.536962 0.005547
3 3 0.005199 0.007136 0.241223 0.743699 0.002743
3 3 0.008345 0.014749 0.413772 0.556358 0.006775
3 3 0.007711 0.015128 0.447433 0.522800 0.006928
3 3 0.007215 0.007994 0.218368 0.763136 0.003288
3 3 0.005596 0.006632 0.207669 0.777539 0.002563
3 3 0.007529 0.015281 0.459089 0.511102 0.006998
3 3 0.007287 0.012756 0.384440 0.589916 0.005602
3 3 0.005004 0.005015 0.156367 0.831756 0.001857
3 3 0.006467 0.010384 0.327961 0.650855 0.004334
3 3 0.006488 0.008711 0.263703 0.717546 0.003552
3 3 0.006829 0.008235 0.236414 0.745158 0.003365
3 3 0.006087 0.007068 0.211679 0.772377 0.002788
3 3 0.004824 0.007187 0.257227 0.728032 0.002730
3 3 0.004063 0.002923 0.088176 0.903830 0.001009
3 3 0.003847 0.005487 0.215486 0.773230 0.001950
3 3 0.004783 0.006050 0.207510 0.779402 0.002255
3 3 0.006494 0.011163 0.356307 0.621320 0.004717
3 3 0.004027 0.005071 0.187714 0.801384 0.001804
3 3 0.004927 0.004347 0.130496 0.858640 0.001590
3 3 0.006541 0.008445 0.252073 0.729506 0.003435
3 3 0.006231 0.008461 0.261826 0.720067 0.003415
3 3 0.004691 0.004172 0.128249 0.861380 0.001508
3 3 0.007178 0.009077 0.257816 0.722149 0.003780
3 3 0.003280 0.004170 0.169587 0.821556 0.001407
3 3 0.004167 0.003993 0.132667 0.857766 0.001406
3 3 0.005732 0.006738 0.208141 0.776771 0.002618
3 3 0.007858 0.013134 0.377884 0.595269 0.005855
2 3 0.011318 0.027783 0.636065 0.309110 0.015724
2 3 0.017120 0.037184 0.651172 0.270675 0.023849
2 3 0.027541 0.051661 0.656144 0.226162 0.038491
2 3 0.071538 0.138680 0.581214 0.091673 0.116895
2 3 0.057673 0.109113 0.621247 0.122083 0.089885
2 2 0.099102 0.209548 0.464913 0.046035 0.180402
2 2 0.096244 0.195294 0.485247 0.052540 0.170676
2 2 0.106305 0.192480 0.479977 0.050978 0.170261
2 2 0.100428 0.268850 0.397176 0.027910 0.205635
4 2 0.070089 0.316259 0.243287 0.007043 0.363322
4 1 0.038767 0.231904 0.153542 0.002481 0.573306
4 1 0.049195 0.300623 0.164240 0.002787 0.483155
4 1 0.052498 0.335951 0.159714 0.002614 0.449223
4 1 0.064011 0.353437 0.195102 0.004177 0.383273
1 1 0.082736 0.332354 0.278379 0.010129 0.296402
1 1 0.067503 0.376440 0.194761 0.004213 0.357083
4 1 0.047750 0.330406 0.143244 0.002047 0.476553
4 1 0.041230 0.266716 0.145810 0.002165 0.544080
1 1 0.095951 0.362426 0.295764 0.012600 0.233259
1 1 0.095440 0.368484 0.289561 0.011949 0.234567
4 1 0.051769 0.314666 0.167746 0.002920 0.462899
4 1 0.052558 0.358534 0.149326 0.002253 0.437329
1 1 0.073040 0.349515 0.231009 0.006303 0.340132
1 1 0.097462 0.342448 0.316569 0.014981 0.228540
1 1 0.087065 0.431325 0.223631 0.006377 0.251601
4 1 0.034832 0.292992 0.104831 0.001047 0.566298
4 1 0.068059 0.331554 0.224335 0.005799 0.370252
4 4 0.013603 0.054640 0.061123 0.000496 0.870139
2 4 0.146605 0.308765 0.320848 0.014665 0.209118
4 4 0.041737 0.264730 0.149365 0.002285 0.541884
4 4 0.057364 0.239600 0.248426 0.007389 0.447221
4 4 0.025379 0.111011 0.167564 0.003685 0.692361
4 4 0.010515 0.035747 0.023895 0.000071 0.929772
4 4 0.007493 0.041216 0.017821 0.000040 0.933429
4 4 0.009599 0.068666 0.024635 0.000068 0.897031
4 4 0.013168 0.125752 0.057608 0.000376 0.803097
4 4 0.031767 0.053692 0.047007 0.000281 0.867253
4 4 0.008491 0.048027 0.032740 0.000145 0.910596
4 4 0.009129 0.050635 0.029822 0.000114 0.910300
4 4 0.006004 0.072557 0.029491 0.000118 0.891830
4 4 0.010280 0.127521 0.039218 0.000170 0.822811
4 4 0.172613 0.277555 0.173045 0.002492 0.374296
4 4 0.025132 0.192135 0.056802 0.000283 0.725649
4 4 0.012685 0.058045 0.020053 0.000041 0.909177
4 4 0.037891 0.087479 0.032622 0.000080 0.841928
4 4 0.008890 0.051225 0.032868 0.000142 0.906875
4 4 0.021178 0.160380 0.049637 0.000224 0.768582
4 4 0.036133 0.282776 0.084878 0.000632 0.595580
4 4 0.022657 0.240157 0.068890 0.000448 0.667846
4 4 0.024015 0.086133 0.058817 0.000348 0.830688
1 4 0.165716 0.452559 0.159059 0.002608 0.220059
4 4 0.055143 0.355627 0.160420 0.002649 0.426160
4 4 0.195099 0.323896 0.151981 0.001882 0.327141
1 4 0.101512 0.431798 0.125679 0.001390 0.339620
1 4 0.058658 0.455360 0.131413 0.001770 0.352800
4 4 0.040970 0.225972 0.124873 0.001494 0.606691
1 4 0.069325 0.431174 0.150514 0.002321 0.346666
1 1 0.065313 0.415836 0.167562 0.003022 0.348267
4 1 0.087761 0.343510 0.159795 0.002344 0.406590
4 1 0.059038 0.401693 0.119629 0.001325 0.418315
4 1 0.033039 0.321150 0.088357 0.000720 0.556734
4 1 0.043793 0.388778 0.106730 0.001077 0.459621
1 1 0.077717 0.432256 0.197109 0.004579 0.288340
1 1 0.074514 0.423220 0.192426 0.004262 0.305577
4 1 0.038709 0.332612 0.106554 0.001072 0.521054
4 1 0.040760 0.336401 0.113153 0.001220 0.508466
4 1 0.051819 0.314471 0.168062 0.002932 0.462716
1 1 0.089226 0.428120 0.231302 0.006959 0.244393
1 1 0.090626 0.416241 0.242483 0.007774 0.242876
1 1 0.088321 0.435484 0.224482 0.006491 0.245222
1 1 0.085924 0.453977 0.207735 0.005433 0.246931
1 1 0.088038 0.437736 0.222413 0.006354 0.245459
1 1 0.094802 0.375692 0.282244 0.011213 0.236048
1 1 0.081130 0.487693 0.178654 0.003873 0.248649
1 1 0.089958 0.421992 0.237042 0.007370 0.243638
1 1 0.084499 0.464398 0.198544 0.004903 0.247655
1 1 0.087456 0.442314 0.218233 0.006082 0.245916
1 1 0.097792 0.337518 0.321781 0.015629 0.227280
4 1 0.062165 0.396862 0.141140 0.001949 0.397885
1 1 0.167959 0.400720 0.207516 0.004847 0.218957
1 1 0.128236 0.425028 0.172453 0.003015 0.271268
1 1 0.074726 0.441833 0.183657 0.003877 0.295908
4 1 0.055465 0.377072 0.151755 0.002349 0.413359
4 1 0.050804 0.332793 0.154455 0.002423 0.459525
4 1 0.060746 0.384316 0.151485 0.002304 0.401149
1 1 0.062167 0.442186 0.146642 0.002256 0.346749
1 1 0.081656 0.406567 0.223165 0.006106 0.282505
4 1 0.049360 0.412669 0.117462 0.001339 0.419171
4 1 0.045966 0.347632 0.128928 0.001622 0.475852
1 1 0.082831 0.414266 0.221992 0.006086 0.274825
1 1 0.072425 0.402017 0.197203 0.004432 0.323923
2 1 0.100279 0.279631 0.385041 0.025499 0.209550
2 1 0.098681 0.322680 0.337649 0.017739 0.223252
2 1 0.100315 0.277587 0.387336 0.025940 0.208823
2 2 0.100195 0.236728 0.433756 0.036550 0.192770
2 2 0.099589 0.219103 0.453965 0.042431 0.184911
2 2 0.099169 0.210736 0.463553 0.045570 0.180972
2 2 0.099638 0.220205 0.452702 0.042035 0.185420
2 2 0.100451 0.265740 0.400692 0.028647 0.204469
2 2 0.099181 0.210956 0.463301 0.045484 0.181078
2 2 0.100181 0.236124 0.434448 0.036737 0.192510
2 2 0.099735 0.222507 0.450061 0.041221 0.186475
2 2 0.100433 0.251279 0.417123 0.032340 0.198825
2 2 0.098685 0.202774 0.472654 0.048792 0.177095
2 2 0.091109 0.182279 0.508253 0.059852 0.158507
2 2 0.097650 0.189122 0.488164 0.054919 0.170145
2 2 0.097563 0.188112 0.489305 0.055405 0.169615
2 2 0.096978 0.181755 0.496456 0.058581 0.166230
2 2 0.100435 0.268032 0.398101 0.028102 0.205330
2 2 0.088350 0.152189 0.538652 0.077784 0.143025
2 2 0.098836 0.205108 0.469990 0.047822 0.178245
2 2 0.097542 0.187868 0.489580 0.055523 0.169487
2 2 0.099301 0.213188 0.460745 0.044625 0.182141
2 2 0.100095 0.232924 0.438115 0.037742 0.191123
2 2 0.083371 0.125748 0.565074 0.099656 0.126151
2 2 0.099162 0.210611 0.463696 0.045618 0.180912
2 2 0.097824 0.191187 0.485828 0.053939 0.171222
2 2 0.091068 0.167370 0.521236 0.067730 0.152595
2 2 0.100371 0.273958 0.391416 0.026741 0.207514
2 2 0.100423 0.250213 0.418339 0.032631 0.198394
2 2 0.084408 0.143761 0.552373 0.084709 0.134748
2 2 0.099088 0.209299 0.465198 0.046133 0.180282
2 2 0.083151 0.149195 0.551163 0.081169 0.135322
2 2 0.100290 0.241075 0.428780 0.035236 0.194619
2 2 0.099198 0.211258 0.462955 0.045367 0.181222
2 2 0.099382 0.214762 0.458942 0.044029 0.182885
2 2 0.098619 0.201789 0.473778 0.049207 0.176607
2 2 0.088506 0.141894 0.545610 0.084997 0.138992
2 2 0.114690 0.308615 0.342871 0.018057 0.215767
2 2 0.111895 0.299737 0.354728 0.019895 0.213745
2 2 0.104304 0.312090 0.345829 0.018753 0.219024
1 0 0.097433 0.342858 0.316136 0.014928 0.228644
1 1 0.094399 0.380058 0.277848 0.010788 0.236906
1 1 0.095913 0.362881 0.295296 0.012550 0.233359
2 1 0.124326 0.313332 0.331089 0.016246 0.215007
1 1 0.095105 0.372319 0.285660 0.011552 0.235365
1 1 0.086713 0.381149 0.254847 0.008435 0.268856
1 1 0.083111 0.330736 0.280997 0.010375 0.294782
1 1 0.090898 0.413852 0.244757 0.007947 0.242545
1 1 0.121193 0.357692 0.284302 0.010948 0.225866
1 1 0.091537 0.408135 0.250237 0.008376 0.241715
1 1 0.093651 0.387857 0.270064 0.010064 0.238364
1 1 0.094279 0.381336 0.276567 0.010666 0.237151
1 1 0.084046 0.467636 0.195725 0.004748 0.247846
2 1 0.098477 0.326330 0.333721 0.017197 0.224275
1 1 0.092151 0.402478 0.255706 0.008820 0.240845
1 1 0.097413 0.343150 0.315829 0.014891 0.228717
2 2 0.100016 0.290714 0.372667 0.023235 0.213369
2 2 0.099039 0.315750 0.345147 0.018813 0.221250
1 2 0.120100 0.454621 0.186070 0.003930 0.235279
1 1 0.098111 0.354806 0.302640 0.013311 0.231132
1 1 0.155917 0.375201 0.241978 0.007085 0.219819
1 1 0.122365 0.473450 0.137226 0.001821 0.265138
1 1 0.061243 0.484780 0.128510 0.001727 0.323739
1 1 0.068106 0.492229 0.143913 0.002276 0.293476
1 1 0.196996 0.436186 0.094194 0.000678 0.271947
1 1 0.311008 0.385905 0.083040 0.000522 0.219525
1 1 0.103709 0.550187 0.094971 0.000849 0.250284
1 1 0.102208 0.508266 0.143974 0.002231 0.243320
1 1 0.061684 0.513642 0.120281 0.001531 0.302862
1 1 0.086751 0.526157 0.125817 0.001660 0.259615
1 1 0.059682 0.448948 0.101376 0.000932 0.389062
1 1 0.091759 0.393170 0.126514 0.001372 0.387185
1 1 0.130490 0.463505 0.077801 0.000443 0.327760
1 1 0.066850 0.482790 0.125256 0.001588 0.323516
1 1 0.070084 0.433353 0.083781 0.000563 0.412219
1 1 0.074097 0.531898 0.143499 0.002404 0.248102
1 1 0.108956 0.464112 0.184018 0.003899 0.239015
4 1 0.217349 0.265659 0.122708 0.001054 0.393230
4 1 0.042802 0.297943 0.065360 0.000331 0.593564
1 1 0.067237 0.479688 0.146400 0.002334 0.304340
4 1 0.040749 0.399995 0.093496 0.000810 0.464950
1 1 0.078723 0.529133 0.127081 0.001734 0.263329
1 1 0.093963 0.414347 0.202196 0.004637 0.284857
4 1 0.037188 0.291966 0.092448 0.000766 0.577631
4 1 0.040891 0.377323 0.100331 0.000940 0.480515
4 1 0.045623 0.380474 0.115669 0.001282 0.456952
1 1 0.051657 0.438351 0.116362 0.001328 0.392302
4 1 0.037553 0.359262 0.093962 0.000816 0.508408
1 1 0.105853 0.522474 0.120719 0.001458 0.249496
4 4 0.021815 0.184517 0.065174 0.000406 0.728089
4 4 0.019312 0.217875 0.059977 0.000345 0.702491
4 4 0.025045 0.252157 0.064630 0.000376 0.657793
4 4 0.074779 0.184762 0.047345 0.000137 0.692977
4 4 0.094902 0.176481 0.104300 0.000794 0.623523
4 4 0.024406 0.062713 0.019017 0.000032 0.893833
4 4 0.012128 0.046406 0.021428 0.000050 0.919988
4 4 0.013534 0.030648 0.022084 0.000093 0.933641
4 4 0.155245 0.102411 0.043222 0.000288 0.698834
4 4 0.035168 0.073899 0.039911 0.000170 0.850852
4 4 0.023135 0.071285 0.037642 0.000133 0.867805
4 4 0.083703 0.163167 0.084255 0.000503 0.668372
4 4 0.155892 0.288292 0.102675 0.000709 0.452432
4 4 0.040593 0.283710 0.044583 0.000140 0.630974
4 4 0.017109 0.132043 0.042006 0.000168 0.808673
4 4 0.028346 0.175366 0.061012 0.000324 0.734951
4 4 0.075305 0.111157 0.049374 0.000247 0.763916
4 4 0.013108 0.039648 0.017996 0.000035 0.929213
4 4 0.058106 0.058842 0.017458 0.000047 0.865547
4 4 0.035225 0.051560 0.024140 0.000046 0.889028
4 4 0.034427 0.024395 0.008630 0.000033 0.932516
4 4 0.027057 0.059706 0.025012 0.000053 0.888174
4 4 0.039932 0.183246 0.038211 0.000101 0.738510
4 4 0.017402 0.111061 0.026925 0.000063 0.844549
4 4 0.022880 0.095212 0.042956 0.000170 0.838781
4 4 0.035861 0.070231 0.050419 0.000237 0.843252
4 4 0.017582 0.055306 0.015286 0.000020 0.911806
4 4 0.029331 0.126950 0.044820 0.000166 0.798734
4 4 0.165249 0.332257 0.117575 0.001008 0.383911
1 4 0.093907 0.394076 0.137418 0.001675 0.372925
1 4 0.134680 0.517550 0.121480 0.001464 0.224826
4 4 0.160128 0.321793 0.123025 0.001116 0.393937
4 4 0.138104 0.291205 0.229743 0.005332 0.335616
4 4 0.063939 0.335651 0.205483 0.004695 0.390232
4 4 0.041040 0.155483 0.109481 0.001124 0.692873
1 4 0.086460 0.376436 0.257380 0.008611 0.271114
1 4 0.091640 0.407197 0.251140 0.008448 0.241574
1 4 0.090997 0.378789 0.269178 0.009808 0.251228
1 4 0.097738 0.338345 0.320904 0.015519 0.227494
4 4 0.087492 0.290505 0.277663 0.009453 0.334887
1 4 0.088704 0.432395 0.227333 0.006684 0.244885
1 4 0.093914 0.385163 0.272744 0.010309 0.237871
1 4 0.097012 0.348781 0.309918 0.014185 0.230104
1 1 0.096816 0.351431 0.307150 0.013864 0.230740
1 1 0.072169 0.384625 0.206096 0.004868 0.332242
4 1 0.057104 0.385236 0.153949 0.002435 0.401276
4 1 0.050967 0.344752 0.149470 0.002253 0.452558
4 1 0.040601 0.311564 0.121975 0.001442 0.524419
1 1 0.095868 0.363430 0.294733 0.012490 0.233480
1 1 0.095304 0.370051 0.287964 0.011785 0.234896
1 1 0.087270 0.371483 0.223183 0.005730 0.312334
1 1 0.093229 0.392098 0.265867 0.009688 0.239118
2 1 0.099678 0.300966 0.361320 0.021315 0.216720
1 2 0.097140 0.347021 0.311760 0.014402 0.229676
2 2 0.099805 0.297405 0.365250 0.021964 0.215576
2 2 0.100465 0.257163 0.410423 0.030782 0.201166
2 2 0.097268 0.302117 0.353160 0.019767 0.227689
1 2 0.079449 0.332923 0.266268 0.008987 0.312372
2 2 0.100210 0.237352 0.433041 0.036358 0.193038
2 2 0.099855 0.225596 0.446518 0.040156 0.187875
2 2 0.095995 0.180551 0.499601 0.059435 0.164419
2 2 0.098489 0.326128 0.333939 0.017226 0.224219
1 2 0.098222 0.330669 0.329073 0.016572 0.225464
2 2 0.088593 0.129413 0.553220 0.094987 0.133787
2 2 0.099946 0.228156 0.443582 0.039294 0.189021
2 2 0.093294 0.160242 0.522577 0.071325 0.152562
2 2 0.098261 0.196742 0.479526 0.051400 0.174072
2 2 0.087105 0.148130 0.544054 0.080880 0.139832
2 2 0.099683 0.221258 0.451494 0.041661 0.185904
2 2 0.081091 0.122357 0.571057 0.103397 0.122098
2 2 0.076479 0.124528 0.578855 0.102536 0.117602
2 2 0.095674 0.169571 0.509994 0.065269 0.159492
2 2 0.080249 0.132076 0.567672 0.094950 0.125053
2 2 0.100392 0.247408 0.421540 0.033409 0.197252
2 2 0.100167 0.284890 0.379157 0.024399 0.211387
2 2 0.098320 0.197551 0.478606 0.051041 0.174482
2 2 0.099730 0.222400 0.450184 0.041259 0.186426
2 2 0.087481 0.141296 0.547998 0.085723 0.137501
2 2 0.071260 0.121657 0.590272 0.106458 0.110353
2 2 0.069432 0.109292 0.598035 0.119714 0.103527
2 2 0.093185 0.183929 0.502397 0.058516 0.161973
2 2 0.084841 0.158741 0.540790 0.074477 0.141151
2 2 0.071884 0.102484 0.594876 0.127211 0.103546
2 2 0.082502 0.133309 0.562606 0.093342 0.128241
2 2 0.073563 0.122131 0.585583 0.105479 0.113245
2 3 0.061552 0.099416 0.614901 0.133209 0.090923
2 3 0.056516 0.083741 0.623192 0.156965 0.079586
2 3 0.058008 0.090778 0.621655 0.145739 0.083819
2 3 0.080372 0.158775 0.549893 0.075569 0.135391
2 3 0.036946 0.063017 0.649898 0.198397 0.051742
2 3 0.031207 0.056245 0.654515 0.214380 0.043652
2 3 0.054656 0.090403 0.628205 0.146729 0.080007
2 3 0.044205 0.070986 0.641500 0.181318 0.061991
2 3 0.038960 0.065290 0.647812 0.193354 0.054584
2 3 0.069562 0.111154 0.597279 0.117613 0.104393
2 3 0.063070 0.103468 0.611504 0.127834 0.094125
2 2 0.049944 0.076886 0.633429 0.169638 0.070104
2 2 0.051555 0.078485 0.630985 0.166591 0.072383
2 2 0.048950 0.075887 0.634900 0.171564 0.068698
2 2 0.048132 0.075058 0.636090 0.173180 0.067541
2 2 0.045155 0.071985 0.640240 0.179288 0.063333
2 2 0.051187 0.078122 0.631550 0.167279 0.071862
2 2 0.030143 0.054937 0.655111 0.217655 0.042154
2 2 0.023051 0.045719 0.656175 0.242880 0.032175
2 3 0.040916 0.067450 0.645597 0.188693 0.057345
2 3 0.136342 0.161493 0.509772 0.056249 0.136144
2 3 0.064088 0.106900 0.608920 0.123546 0.096546
2 3 0.030796 0.055742 0.654756 0.215634 0.043073
2 3 0.043841 0.074376 0.644535 0.174502 0.062746
2 3 0.038389 0.064650 0.648425 0.194758 0.053778
2 3 0.039816 0.066241 0.646864 0.191285 0.055793
2 3 0.026573 0.050413 0.656357 0.229529 0.037129
2 3 0.043966 0.070733 0.641813 0.181837 0.061652
2 3 0.042181 0.068825 0.644072 0.185790 0.059132
2 3 0.030944 0.055924 0.654671 0.215180 0.043282
2 3 0.033639 0.059170 0.652826 0.207287 0.047078
2 3 0.023491 0.046319 0.656289 0.241108 0.032793
2 3 0.022245 0.044609 0.655889 0.246214 0.031043
2 3 0.016531 0.036284 0.650225 0.273938 0.023023
2 3 0.016737 0.036601 0.650569 0.272781 0.023312
2 3 0.014300 0.032774 0.645609 0.287419 0.019897
2 3 0.015498 0.034680 0.648305 0.279942 0.021575
2 3 0.018024 0.038545 0.652437 0.265877 0.025117
2 3 0.020283 0.041846 0.654731 0.254853 0.028287
2 3 0.005350 0.016248 0.592893 0.378110 0.007399
2 3 0.018643 0.039464 0.653182 0.262725 0.025986
2 3 0.014493 0.033084 0.646081 0.286174 0.020167
2 3 0.003427 0.010541 0.504403 0.477524 0.004105
