4 0 0.304150 0.227493 0.048472 0.002019 0.417867
0 0 0.764308 0.063144 0.028045 0.003964 0.140538
4 0 0.119947 0.114195 0.027810 0.003488 0.734561
0 0 0.912905 0.000812 0.000340 0.000052 0.085892
4 0 0.288608 0.073031 0.024864 0.005249 0.608248
4 0 0.379869 0.059617 0.023093 0.005937 0.531483
4 0 0.189795 0.332349 0.060611 0.001895 0.415350
4 0 0.191234 0.357275 0.063794 0.001792 0.385904
4 0 0.199325 0.275608 0.053884 0.002174 0.469009
4 0 0.161569 0.318541 0.053579 0.001528 0.464784
1 0 0.191568 0.381454 0.063951 0.001452 0.361575
0 0 0.424208 0.193131 0.054142 0.003722 0.324797
4 0 0.212493 0.318261 0.052957 0.001243 0.415046
4 0 0.455134 0.058475 0.022544 0.004954 0.458893
4 0 0.232893 0.137349 0.036083 0.003739 0.589937
4 0 0.159825 0.199167 0.039886 0.002213 0.598909
4 0 0.091989 0.255108 0.057816 0.003338 0.591748
4 1 0.092857 0.260359 0.041200 0.001453 0.604132
4 1 0.214815 0.185326 0.042404 0.002912 0.554542
1 1 0.257976 0.349000 0.063698 0.001557 0.327769
4 1 0.140996 0.272455 0.050040 0.002091 0.534417
1 1 0.290608 0.364319 0.059360 0.000943 0.284770
1 1 0.183031 0.380924 0.058745 0.001106 0.376193
4 1 0.119860 0.307463 0.045862 0.001137 0.525677
4 1 0.085298 0.308812 0.155716 0.003620 0.446554
4 1 0.109379 0.345751 0.188017 0.003974 0.352880
4 1 0.091654 0.307771 0.124054 0.003240 0.473280
2 1 0.022221 0.150725 0.566440 0.019987 0.240627
2 1 0.013731 0.112312 0.716412 0.015566 0.141978
2 1 0.031157 0.167255 0.633664 0.017217 0.150707
2 1 0.055361 0.252638 0.451804 0.008935 0.231263
2 1 0.007172 0.066938 0.854391 0.039090 0.032409
2 2 0.001253 0.024026 0.932528 0.032596 0.009596
2 2 0.011191 0.096564 0.772454 0.020226 0.099566
2 2 0.031832 0.161798 0.568141 0.040954 0.197275
2 2 0.002896 0.038609 0.890993 0.050002 0.017499
2 2 0.004011 0.058712 0.862570 0.028074 0.046632
3 2 0.001382 0.008851 0.389842 0.594446 0.005478
2 2 0.005951 0.044475 0.603150 0.320120 0.026304
2 2 0.004907 0.057975 0.821876 0.082698 0.032546
3 2 0.001436 0.009167 0.377622 0.606070 0.005705
2 2 0.007352 0.065260 0.667781 0.219697 0.039909
3 2 0.002319 0.013876 0.372838 0.602034 0.008933
3 2 0.007000 0.028906 0.352911 0.589930 0.021253
3 2 0.003536 0.006820 0.123226 0.859928 0.006491
3 3 0.007534 0.010060 0.113809 0.857780 0.010818
3 3 0.003557 0.003230 0.065276 0.924049 0.003887
3 3 0.005179 0.001780 0.037723 0.952449 0.002868
3 3 0.006122 0.005567 0.080715 0.900887 0.006709
3 3 0.003828 0.002030 0.045718 0.945554 0.002870
3 3 0.006591 0.001393 0.029190 0.960227 0.002598
3 3 0.006584 0.002094 0.039249 0.948618 0.003456
3 3 0.004019 0.001650 0.038746 0.953066 0.002519
3 3 0.005056 0.001526 0.033988 0.956874 0.002556
3 3 0.003929 0.000916 0.025439 0.968060 0.001657
3 3 0.008581 0.000500 0.012620 0.976927 0.001372
3 3 0.006938 0.000949 0.021677 0.968420 0.002016
3 3 0.008057 0.000546 0.013740 0.976226 0.001431
3 3 0.005503 0.001296 0.029358 0.961505 0.002338
3 3 0.009102 0.001089 0.021939 0.965459 0.002411
3 3 0.010773 0.000476 0.011291 0.976040 0.001420
3 3 0.010153 0.000816 0.017118 0.969879 0.002035
3 3 0.011778 0.000375 0.009198 0.977414 0.001235
3 3 0.006167 0.000751 0.018984 0.972446 0.001652
3 3 0.009180 0.000302 0.008507 0.981028 0.000984
3 3 0.006480 0.000401 0.011771 0.980267 0.001080
3 3 0.007180 0.000386 0.011054 0.980296 0.001084
3 3 0.008510 0.000630 0.014999 0.974252 0.001609
3 3 0.009453 0.000425 0.010841 0.978021 0.001261
3 3 0.009983 0.000415 0.010471 0.977869 0.001262
3 3 0.013244 0.000350 0.008403 0.976783 0.001219
3 3 0.006174 0.000408 0.012118 0.980221 0.001078
3 3 0.009269 0.000432 0.011054 0.977975 0.001269
3 3 0.008191 0.000352 0.009889 0.980510 0.001058
3 3 0.005734 0.000354 0.011171 0.981787 0.000954
3 3 0.023661 0.000243 0.005284 0.969613 0.001199
3 3 0.012250 0.000470 0.010710 0.975107 0.001463
3 3 0.009408 0.000245 0.007218 0.982275 0.000855
3 3 0.018445 0.001309 0.019854 0.956998 0.003395
3 3 0.010689 0.001208 0.022442 0.962941 0.002721
3 3 0.004341 0.001668 0.038095 0.953298 0.002598
3 3 0.010835 0.000945 0.018663 0.967256 0.002300
3 3 0.009901 0.004619 0.060687 0.917984 0.006808
3 3 0.007755 0.002022 0.036293 0.950387 0.003544
3 3 0.009574 0.003866 0.054040 0.926572 0.005948
3 3 0.011008 0.005407 0.065572 0.910163 0.007850
3 3 0.005673 0.003947 0.064877 0.920351 0.005152
3 3 0.004743 0.011457 0.152902 0.820654 0.010244
3 3 0.005744 0.003373 0.057785 0.928467 0.004632
3 3 0.007393 0.003406 0.053662 0.930504 0.005034
3 3 0.004952 0.001461 0.033151 0.957973 0.002463
3 3 0.003420 0.003468 0.069520 0.919553 0.004038
3 3 0.003357 0.002295 0.052078 0.939265 0.003006
3 3 0.008024 0.003484 0.053120 0.930129 0.005243
3 3 0.003668 0.008914 0.164273 0.815308 0.007836
3 3 0.006426 0.004393 0.067271 0.916143 0.005767
3 3 0.004285 0.005263 0.086834 0.897826 0.005791
3 3 0.008322 0.011903 0.123630 0.843600 0.012544
3 3 0.003879 0.003736 0.070421 0.917545 0.004419
3 3 0.003437 0.003939 0.075936 0.912267 0.004421
3 3 0.011447 0.004732 0.058912 0.917674 0.007235
3 3 0.003136 0.001544 0.040012 0.953077 0.002231
3 3 0.004904 0.001409 0.032395 0.958898 0.002394
3 3 0.004074 0.002741 0.055607 0.933969 0.003610
3 3 0.015036 0.002997 0.038842 0.937420 0.005705
3 3 0.004937 0.003486 0.062094 0.924953 0.004529
3 3 0.004388 0.006135 0.096873 0.886115 0.006489
3 3 0.005377 0.002712 0.050489 0.937525 0.003897
3 3 0.002196 0.003642 0.082705 0.907802 0.003655
3 3 0.003356 0.008198 0.168257 0.813029 0.007160
3 3 0.009313 0.005304 0.068261 0.909760 0.007363
2 3 0.105439 0.103165 0.572841 0.183867 0.034688
3 3 0.006389 0.002358 0.043191 0.944339 0.003722
3 3 0.009330 0.006106 0.075336 0.901096 0.008132
3 3 0.007159 0.002527 0.043762 0.942508 0.004044
3 3 0.005410 0.005480 0.083008 0.899710 0.006393
3 3 0.004878 0.005436 0.085276 0.898251 0.006160
3 3 0.005377 0.005683 0.085306 0.897088 0.006545
3 3 0.009279 0.010348 0.108718 0.859903 0.011752
3 3 0.003730 0.005623 0.094955 0.889875 0.005817
3 3 0.002572 0.005778 0.108562 0.877791 0.005298
3 3 0.002643 0.006859 0.138247 0.846294 0.005956
3 3 0.004146 0.010461 0.195233 0.781148 0.009012
3 3 0.017547 0.014387 0.111149 0.838965 0.017953
3 3 0.005530 0.007218 0.099828 0.879619 0.007806
3 3 0.002153 0.014782 0.484692 0.489463 0.008910
3 3 0.015667 0.052220 0.352959 0.521313 0.057841
3 3 0.003637 0.007341 0.114991 0.867072 0.006959
3 3 0.017247 0.022684 0.151022 0.783134 0.025912
3 3 0.004341 0.011016 0.188053 0.787064 0.009525
2 3 0.001135 0.012617 0.591099 0.388699 0.006450
3 3 0.007670 0.003201 0.050722 0.933533 0.004874
3 3 0.003272 0.006729 0.115975 0.867703 0.006321
3 3 0.010714 0.018461 0.152885 0.799521 0.018420
3 3 0.003739 0.001963 0.044961 0.946553 0.002783
3 3 0.002860 0.003562 0.074962 0.914718 0.003898
3 3 0.004691 0.002365 0.047816 0.941730 0.003397
3 3 0.010950 0.003348 0.046677 0.933423 0.005602
3 3 0.013866 0.006362 0.068265 0.902071 0.009435
4 3 0.083404 0.191653 0.137171 0.059950 0.527822
4 1 0.111609 0.202736 0.061275 0.011989 0.612391
0 1 0.481781 0.289568 0.106732 0.008081 0.113839
4 1 0.063593 0.178599 0.208734 0.192202 0.356872
3 1 0.004628 0.022717 0.363095 0.593807 0.015752
2 2 0.029137 0.164184 0.481488 0.114718 0.210472
2 2 0.001892 0.026975 0.743113 0.215354 0.012665
2 2 0.029092 0.168363 0.521364 0.047310 0.233870
4 2 0.037565 0.193763 0.325340 0.034923 0.408411
2 2 0.022320 0.140547 0.688308 0.015825 0.133001
4 2 0.024567 0.156876 0.163980 0.009382 0.645195
4 4 0.022380 0.164635 0.302090 0.011418 0.499476
4 4 0.023399 0.159550 0.199299 0.009641 0.608112
4 4 0.029985 0.189497 0.282164 0.010363 0.487991
2 4 0.018106 0.142122 0.578818 0.015433 0.245521
4 4 0.028505 0.107412 0.025174 0.005367 0.833542
4 4 0.026363 0.115023 0.037515 0.005907 0.815192
2 4 0.027512 0.192602 0.449012 0.008479 0.322396
4 4 0.050879 0.143658 0.035011 0.006098 0.764355
1 4 0.135981 0.379522 0.188306 0.003225 0.292967
4 4 0.026562 0.171963 0.275789 0.013576 0.512110
4 4 0.032589 0.180127 0.164095 0.009258 0.613930
4 4 0.030164 0.201933 0.353577 0.007905 0.406420
4 4 0.038085 0.156293 0.061818 0.006937 0.736866
2 4 0.025423 0.181522 0.440537 0.010301 0.342217
4 4 0.022663 0.166510 0.363513 0.012754 0.434561
4 4 0.035642 0.184694 0.169470 0.011095 0.599098
4 4 0.040242 0.201510 0.175882 0.009445 0.572921
2 4 0.059128 0.269390 0.340676 0.007488 0.323318
2 4 0.042717 0.237488 0.393267 0.007301 0.319227
2 4 0.024759 0.169730 0.460845 0.015280 0.329387
4 4 0.036645 0.213322 0.349487 0.009968 0.390578
2 4 0.014989 0.125253 0.656591 0.014559 0.188609
2 4 0.011945 0.107283 0.725781 0.013150 0.141841
2 4 0.013350 0.113684 0.705913 0.014404 0.152650
2 4 0.003655 0.049019 0.858638 0.062052 0.026637
2 2 0.025552 0.153828 0.576331 0.025101 0.219189
2 2 0.030262 0.161790 0.558123 0.030684 0.219141
2 2 0.002121 0.033459 0.892648 0.057445 0.014326
2 2 0.022362 0.124932 0.815865 0.007692 0.029148
1 2 0.140022 0.399693 0.204098 0.002267 0.253919
2 2 0.070885 0.255272 0.567009 0.006592 0.100242
2 2 0.014883 0.099842 0.758457 0.061153 0.065665
1 2 0.317025 0.340353 0.091058 0.004993 0.246571
1 2 0.118876 0.342709 0.313792 0.007016 0.217608
0 2 0.359584 0.305444 0.099552 0.006641 0.228780
0 2 0.404510 0.232414 0.071748 0.005957 0.285372
4 2 0.347251 0.183136 0.060381 0.007811 0.401420
4 2 0.162425 0.214419 0.057565 0.006692 0.558899
1 2 0.111260 0.349258 0.314689 0.004951 0.219841
2 2 0.034207 0.162263 0.567435 0.062933 0.173162
2 2 0.002541 0.040373 0.813185 0.125791 0.018110
2 2 0.003247 0.039205 0.904601 0.035944 0.017003
2 2 0.001282 0.024011 0.935811 0.030044 0.008852
2 2 0.000960 0.020222 0.943313 0.027933 0.007571
2 2 0.002042 0.032403 0.911142 0.039898 0.014514
2 2 0.004263 0.047150 0.900909 0.031611 0.016066
0 2 0.412223 0.218383 0.099288 0.018893 0.251213
2 2 0.025684 0.147579 0.607678 0.064368 0.154691
2 2 0.014225 0.080045 0.676099 0.157914 0.071717
2 2 0.002081 0.036273 0.828448 0.117471 0.015727
2 2 0.001922 0.031677 0.897746 0.055311 0.013345
2 2 0.000701 0.020136 0.888213 0.083657 0.007293
2 2 0.000669 0.018557 0.883100 0.090879 0.006794
2 2 0.000912 0.011458 0.578728 0.403242 0.005660
2 2 0.001138 0.025891 0.874520 0.088322 0.010129
2 2 0.001098 0.024536 0.897808 0.067065 0.009494
2 2 0.002037 0.020966 0.606649 0.359256 0.011092
2 2 0.001247 0.025662 0.821040 0.141464 0.010587
2 2 0.002063 0.019824 0.607292 0.360154 0.010668
3 2 0.010927 0.008308 0.088797 0.881383 0.010586
3 2 0.001631 0.010408 0.383990 0.597477 0.006495
2 3 0.003257 0.045402 0.811167 0.119015 0.021160
3 3 0.002323 0.012219 0.349578 0.627709 0.008170
2 3 0.001375 0.017695 0.647552 0.324715 0.008663
3 3 0.000811 0.006263 0.375117 0.614158 0.003651
3 3 0.002205 0.005803 0.158724 0.828340 0.004929
3 3 0.002122 0.008460 0.223765 0.759356 0.006296
3 3 0.008844 0.007710 0.090164 0.883860 0.009423
3 3 0.001587 0.005852 0.158237 0.829792 0.004532
2 3 0.001483 0.012871 0.540215 0.438291 0.007139
3 3 0.003731 0.013688 0.296120 0.676141 0.010321
3 3 0.001773 0.008198 0.266023 0.718250 0.005755
3 3 0.003509 0.011036 0.235546 0.741100 0.008809
3 3 0.002657 0.006289 0.124260 0.861157 0.005636
3 3 0.002462 0.002938 0.068558 0.922787 0.003254
3 3 0.003358 0.001677 0.041541 0.951011 0.002413
3 3 0.002702 0.001907 0.048881 0.944037 0.002473
3 3 0.004547 0.003364 0.062148 0.925633 0.004308
3 3 0.006244 0.001306 0.028337 0.961670 0.002443
3 3 0.008618 0.005673 0.073379 0.904789 0.007540
3 3 0.005701 0.001873 0.037935 0.951432 0.003060
3 3 0.006330 0.004615 0.069992 0.913121 0.005943
3 3 0.002748 0.001323 0.037315 0.956691 0.001923
3 3 0.004137 0.001046 0.027560 0.965410 0.001846
3 3 0.005338 0.002903 0.053136 0.934545 0.004078
3 3 0.004421 0.001288 0.031394 0.960717 0.002180
3 3 0.005358 0.001098 0.026249 0.965229 0.002066
3 3 0.004125 0.001038 0.027422 0.965581 0.001834
3 3 0.004241 0.000935 0.025186 0.967918 0.001720
3 3 0.003384 0.000664 0.021093 0.973596 0.001263
3 3 0.005937 0.000644 0.017161 0.974792 0.001466
3 3 0.007183 0.000305 0.009285 0.982309 0.000919
3 3 0.009223 0.000410 0.010639 0.978509 0.001220
3 3 0.006030 0.000247 0.008410 0.984562 0.000751
3 3 0.007622 0.000482 0.012764 0.977842 0.001289
3 3 0.009189 0.000186 0.005950 0.983973 0.000702
3 3 0.007704 0.000230 0.007364 0.983932 0.000770
3 3 0.006834 0.000134 0.005151 0.987371 0.000510
3 3 0.006380 0.000240 0.008099 0.984531 0.000751
3 3 0.012775 0.000304 0.007663 0.978164 0.001093
3 3 0.017423 0.000387 0.008255 0.972513 0.001421
3 3 0.009274 0.000158 0.005238 0.984706 0.000625
3 3 0.009343 0.000192 0.006040 0.983707 0.000719
3 3 0.008894 0.000487 0.012237 0.977019 0.001362
3 3 0.012602 0.000187 0.005373 0.981064 0.000774
3 3 0.006630 0.000301 0.009440 0.982741 0.000889
3 3 0.020699 0.000148 0.003823 0.974544 0.000786
3 3 0.011262 0.000181 0.005433 0.982394 0.000730
3 3 0.013773 0.000280 0.007019 0.977875 0.001053
3 3 0.013978 0.000113 0.003577 0.981769 0.000562
3 3 0.009061 0.000142 0.004883 0.985337 0.000577
3 3 0.014422 0.000120 0.003683 0.981186 0.000589
3 3 0.013666 0.000203 0.005551 0.979741 0.000840
3 3 0.017290 0.000153 0.004165 0.977651 0.000740
3 3 0.020058 0.000137 0.003651 0.975416 0.000738
3 3 0.006627 0.000113 0.004579 0.988233 0.000448
3 3 0.015135 0.000100 0.003167 0.981069 0.000530
3 3 0.026797 0.000178 0.004038 0.967919 0.001067
3 3 0.015252 0.000123 0.003703 0.980309 0.000613
3 3 0.030567 0.000435 0.007489 0.959345 0.002163
3 3 0.007230 0.000246 0.007905 0.983827 0.000792
3 3 0.013059 0.000137 0.004219 0.981955 0.000630
3 3 0.009855 0.000296 0.008195 0.980661 0.000992
3 3 0.011196 0.000115 0.003906 0.984250 0.000532
3 3 0.009599 0.000122 0.004279 0.985473 0.000528
3 3 0.012061 0.000103 0.003509 0.983824 0.000504
3 3 0.011836 0.000098 0.003390 0.984194 0.000482
3 3 0.023677 0.000280 0.005851 0.968946 0.001246
3 3 0.009137 0.000196 0.006196 0.983744 0.000727
3 3 0.009631 0.000085 0.003280 0.986592 0.000411
3 3 0.007590 0.000222 0.007223 0.984215 0.000749
3 3 0.015839 0.000183 0.004888 0.978275 0.000816
3 3 0.009189 0.000117 0.004212 0.985976 0.000506
3 3 0.010420 0.000186 0.005697 0.982970 0.000728
3 3 0.011008 0.000081 0.003007 0.985492 0.000412
3 3 0.016489 0.000115 0.003433 0.979342 0.000620
3 3 0.010245 0.000191 0.005845 0.982981 0.000738
3 3 0.015409 0.000156 0.004385 0.979327 0.000724
3 3 0.012498 0.000048 0.001972 0.985183 0.000299
3 3 0.008384 0.000119 0.004388 0.986613 0.000497
3 3 0.018515 0.000153 0.004082 0.976460 0.000790
3 3 0.007975 0.000161 0.005606 0.985650 0.000608
3 3 0.023893 0.000138 0.003475 0.971662 0.000831
3 3 0.015557 0.000168 0.004628 0.978880 0.000766
3 3 0.013236 0.000130 0.004028 0.981998 0.000608
3 3 0.011689 0.000114 0.003810 0.983853 0.000534
3 3 0.007001 0.000106 0.004285 0.988173 0.000435
3 3 0.014026 0.000342 0.008091 0.976323 0.001219
3 3 0.015846 0.000210 0.005413 0.977633 0.000899
0 3 0.881318 0.023870 0.034362 0.042680 0.017770
0 3 0.490114 0.056798 0.154157 0.268215 0.030716
2 3 0.171142 0.118977 0.355774 0.299067 0.055040
3 3 0.075995 0.018947 0.131611 0.756303 0.017143
3 3 0.042987 0.019342 0.142363 0.777627 0.017681
0 3 0.397844 0.163541 0.326134 0.078369 0.034112
3 3 0.068390 0.031892 0.232377 0.647702 0.019640
0 3 0.503367 0.247687 0.181152 0.010204 0.057590
2 3 0.207183 0.212010 0.492673 0.041918 0.046216
0 2 0.454459 0.402919 0.088857 0.001108 0.052658
2 2 0.315362 0.323943 0.328478 0.003939 0.028277
0 2 0.822320 0.114093 0.052559 0.001810 0.009217
0 2 0.520033 0.291145 0.161390 0.003381 0.024050
0 2 0.759149 0.155893 0.068706 0.002555 0.013697
0 2 0.773314 0.145564 0.062429 0.002365 0.016328
0 1 0.793095 0.132623 0.050507 0.001628 0.022146
0 1 0.851461 0.090375 0.047498 0.002261 0.008404
0 1 0.880421 0.072588 0.032178 0.001257 0.013557
0 1 0.662419 0.229780 0.069075 0.001539 0.037187
0 1 0.848606 0.092592 0.044560 0.002025 0.012217
0 1 0.672149 0.222058 0.056582 0.000922 0.048289
0 1 0.735752 0.173074 0.072639 0.002561 0.015974
0 1 0.598778 0.268367 0.085413 0.002497 0.044945
1 1 0.285837 0.410104 0.092375 0.002970 0.208714
1 1 0.247298 0.414911 0.140193 0.003572 0.194027
4 1 0.189533 0.350636 0.081594 0.004634 0.373603
4 1 0.078071 0.289079 0.232687 0.007919 0.392245
4 1 0.122083 0.323931 0.094680 0.003296 0.456009
4 1 0.150028 0.321624 0.066332 0.003349 0.458667
4 4 0.429415 0.043251 0.025701 0.019792 0.481841
4 4 0.353654 0.088853 0.040823 0.015775 0.500895
4 4 0.260125 0.097577 0.041881 0.016246 0.584171
4 4 0.329339 0.097688 0.039989 0.011735 0.521249
4 4 0.206608 0.298118 0.067989 0.003850 0.423435
4 4 0.282570 0.135048 0.048593 0.010283 0.523507
4 4 0.088472 0.233957 0.050300 0.004257 0.623014
4 4 0.193687 0.360901 0.077828 0.003508 0.364076
4 4 0.388289 0.123195 0.048847 0.010829 0.428839
0 4 0.470585 0.086264 0.042481 0.015518 0.385153
1 4 0.263202 0.420740 0.077383 0.001583 0.237093
4 4 0.196952 0.343515 0.072107 0.003107 0.384318
1 4 0.208748 0.379457 0.076158 0.002606 0.333030
1 4 0.208824 0.382057 0.074571 0.002362 0.332186
4 4 0.177318 0.353004 0.070402 0.002788 0.396488
1 4 0.206056 0.383742 0.071809 0.002052 0.336340
4 4 0.212656 0.320278 0.059918 0.001904 0.405244
1 4 0.240806 0.371285 0.077067 0.002632 0.308211
4 4 0.203676 0.353046 0.072166 0.002785 0.368326
0 4 0.595857 0.093640 0.034659 0.004412 0.271431
4 4 0.273441 0.255483 0.059503 0.003199 0.408374
4 4 0.181155 0.354645 0.072372 0.002992 0.388836
4 4 0.180291 0.346207 0.077165 0.004086 0.392252
4 4 0.124542 0.281382 0.065533 0.005377 0.523165
4 4 0.282897 0.104932 0.042180 0.012828 0.557163
0 4 0.497044 0.082280 0.040088 0.013664 0.366925
4 4 0.389718 0.159247 0.050502 0.005675 0.394858
4 4 0.270632 0.164938 0.045788 0.004725 0.513918
1 4 0.215965 0.384281 0.077565 0.002600 0.319590
4 4 0.235252 0.263426 0.058239 0.002987 0.440096
1 4 0.194224 0.367093 0.074219 0.002793 0.361672
4 4 0.165415 0.331413 0.074238 0.004316 0.424618
4 4 0.032570 0.136725 0.057515 0.008992 0.764198
4 4 0.023436 0.160257 0.204738 0.009789 0.601780
4 4 0.026703 0.182846 0.230973 0.007040 0.552438
4 1 0.025760 0.169434 0.255384 0.012407 0.537015
4 1 0.020165 0.164383 0.339049 0.008949 0.467455
4 1 0.020977 0.156911 0.224024 0.008854 0.589234
2 2 0.020705 0.159801 0.430276 0.013350 0.375867
4 2 0.020079 0.160098 0.330798 0.010480 0.478545
4 2 0.023113 0.166151 0.281743 0.011074 0.517919
4 2 0.019453 0.158016 0.404209 0.011638 0.406685
2 2 0.021759 0.162479 0.418861 0.013950 0.382951
4 2 0.020400 0.160944 0.343331 0.010978 0.464347
2 2 0.017193 0.148862 0.485422 0.011632 0.336891
4 2 0.022408 0.168797 0.387160 0.011446 0.410189
2 2 0.021823 0.163250 0.401340 0.013513 0.400074
2 2 0.028585 0.185274 0.439140 0.013028 0.333974
2 2 0.018250 0.146290 0.544101 0.014361 0.276998
4 2 0.025738 0.171884 0.344290 0.015029 0.443059
2 2 0.018742 0.126499 0.681486 0.021814 0.151459
2 2 0.021086 0.163180 0.425235 0.012183 0.378316
4 2 0.023861 0.170844 0.330780 0.011805 0.462711
2 2 0.024868 0.170904 0.503678 0.013755 0.286794
4 2 0.043534 0.231928 0.283361 0.008047 0.433131
2 2 0.023778 0.166213 0.423060 0.015883 0.371066
4 2 0.326427 0.106005 0.028959 0.002873 0.535736
4 1 0.213474 0.337591 0.058574 0.001475 0.388887
4 1 0.037087 0.129247 0.032820 0.006503 0.794343
4 1 0.130785 0.287547 0.068580 0.005778 0.507309
4 1 0.139284 0.237025 0.052031 0.003714 0.567946
4 1 0.059312 0.284508 0.244486 0.003880 0.407813
4 1 0.035825 0.222388 0.285481 0.005772 0.450533
2 1 0.021114 0.170033 0.494470 0.008497 0.305886
4 1 0.032215 0.184952 0.232716 0.012515 0.537602
2 1 0.028303 0.161682 0.590494 0.022221 0.197300
2 1 0.019827 0.142794 0.596679 0.018367 0.222333
2 1 0.030899 0.175302 0.454456 0.024487 0.314856
2 1 0.007573 0.076239 0.828526 0.020914 0.066749
2 1 0.012027 0.102976 0.721212 0.077615 0.086171
2 2 0.005183 0.060363 0.870017 0.015675 0.048763
2 2 0.001718 0.030080 0.931270 0.021811 0.015121
2 2 0.001091 0.022473 0.946347 0.020351 0.009737
2 2 0.002032 0.036359 0.912899 0.027863 0.020847
2 2 0.002430 0.037924 0.918744 0.018029 0.022873
2 2 0.012728 0.108456 0.728365 0.015542 0.134910
2 2 0.012419 0.112468 0.702719 0.012847 0.159547
2 2 0.001202 0.024684 0.937910 0.025112 0.011091
2 2 0.005121 0.059695 0.866222 0.026299 0.042663
2 2 0.005759 0.066750 0.852130 0.010709 0.064651
2 2 0.006068 0.069329 0.844917 0.018606 0.061080
2 2 0.003484 0.047717 0.882835 0.037782 0.028182
2 2 0.003806 0.045340 0.886717 0.040980 0.023157
2 2 0.008042 0.071449 0.769151 0.111764 0.039594
2 2 0.004921 0.062481 0.858107 0.024753 0.049738
2 2 0.005267 0.066531 0.801920 0.081851 0.044431
2 2 0.003351 0.052758 0.855185 0.054081 0.034625
2 2 0.001187 0.023954 0.922931 0.042611 0.009318
2 2 0.014690 0.121330 0.688282 0.031056 0.144642
2 2 0.002087 0.034348 0.908991 0.037838 0.016737
2 2 0.001176 0.024661 0.910561 0.053991 0.009612
3 2 0.106920 0.091718 0.235892 0.467457 0.098014
2 2 0.010965 0.081471 0.656106 0.203398 0.048059
2 2 0.000875 0.016557 0.743127 0.232355 0.007086
2 2 0.000470 0.012391 0.838260 0.144235 0.004644
2 2 0.001190 0.026803 0.864306 0.097116 0.010584
2 2 0.001973 0.035628 0.819828 0.127218 0.015353
2 2 0.001044 0.024581 0.882478 0.082423 0.009474
2 2 0.003303 0.044885 0.772649 0.157761 0.021402
2 2 0.001432 0.014187 0.582003 0.394844 0.007533
2 2 0.005193 0.036151 0.510239 0.426210 0.022207
3 2 0.015898 0.029173 0.186971 0.739430 0.028528
3 2 0.009090 0.039890 0.433664 0.488884 0.028472
3 2 0.001342 0.012158 0.472383 0.507353 0.006764
2 2 0.002833 0.041103 0.845641 0.091821 0.018602
2 2 0.000904 0.014951 0.758372 0.219185 0.006588
2 2 0.001528 0.026355 0.768780 0.191697 0.011640
2 2 0.002382 0.038203 0.840122 0.102431 0.016863
2 2 0.002290 0.016176 0.486810 0.485024 0.009700
2 2 0.000738 0.017364 0.842896 0.132232 0.006770
2 2 0.002079 0.019119 0.545133 0.423105 0.010564
3 2 0.002733 0.020207 0.441318 0.523543 0.012198
3 2 0.002214 0.015329 0.381988 0.590981 0.009487
2 2 0.000640 0.010420 0.670046 0.314225 0.004669
2 2 0.005937 0.051634 0.604951 0.307501 0.029976
2 2 0.003147 0.027660 0.487203 0.466095 0.015895
3 2 0.001945 0.014957 0.468055 0.506263 0.008780
3 2 0.001475 0.011677 0.418732 0.561288 0.006828
2 2 0.002921 0.033941 0.703650 0.242318 0.017170
2 2 0.001822 0.015326 0.541713 0.432518 0.008621
2 2 0.002528 0.029715 0.676240 0.276473 0.015044
3 2 0.001045 0.005851 0.264449 0.724804 0.003851
3 2 0.002734 0.012272 0.247920 0.728204 0.008870
3 2 0.002493 0.010603 0.213439 0.765617 0.007848
3 2 0.002835 0.020980 0.446155 0.517368 0.012662
3 2 0.002126 0.013024 0.360035 0.616473 0.008342
3 2 0.001695 0.008303 0.250219 0.734011 0.005773
3 3 0.003553 0.006330 0.104629 0.879259 0.006228
3 3 0.011993 0.012865 0.116261 0.844087 0.014794
3 3 0.002366 0.002911 0.068983 0.922546 0.003195
3 3 0.002551 0.005313 0.102719 0.884433 0.004984
3 3 0.011570 0.007538 0.081488 0.889344 0.010060
3 3 0.008247 0.001713 0.031538 0.955287 0.003214
3 3 0.048098 0.057376 0.189673 0.618425 0.086428
2 3 0.016358 0.110870 0.720871 0.097580 0.054321
3 3 0.004589 0.004292 0.073638 0.912358 0.005124
3 3 0.009552 0.018514 0.188627 0.765755 0.017552
3 3 0.003210 0.004853 0.089816 0.897108 0.005013
2 3 0.003538 0.036001 0.673142 0.268237 0.019083
3 3 0.005586 0.029667 0.367208 0.577257 0.020283
3 3 0.002527 0.019439 0.457500 0.508991 0.011543
2 3 0.003281 0.032038 0.597756 0.349458 0.017467
3 3 0.001629 0.008182 0.262590 0.721979 0.005620
3 3 0.001330 0.010432 0.409695 0.572436 0.006107
2 3 0.001624 0.016172 0.583368 0.390226 0.008610
2 3 0.001311 0.012951 0.559220 0.419620 0.006899
2 3 0.000847 0.012881 0.703058 0.277342 0.005872
3 3 0.002895 0.006150 0.129218 0.856084 0.005654
3 3 0.004770 0.007965 0.111827 0.867439 0.007999
3 3 0.001441 0.008373 0.312831 0.671919 0.005436
3 3 0.002708 0.009365 0.191655 0.788893 0.007379
3 3 0.005069 0.009369 0.122559 0.853874 0.009129
3 3 0.006626 0.005704 0.080075 0.900605 0.006990
3 3 0.001795 0.007797 0.253217 0.731606 0.005585
2 3 0.004030 0.032050 0.542532 0.402633 0.018754
3 3 0.004201 0.013581 0.273857 0.697678 0.010683
3 3 0.004651 0.021605 0.284033 0.674141 0.015571
3 3 0.005773 0.006041 0.087051 0.894155 0.006980
3 3 0.003460 0.008855 0.148245 0.831699 0.007742
3 3 0.005459 0.024394 0.360142 0.592589 0.017415
3 3 0.004786 0.004724 0.077751 0.907186 0.005552
2 3 0.002188 0.021781 0.572613 0.391674 0.011744
3 3 0.005923 0.010236 0.124033 0.849626 0.010182
2 3 0.001441 0.011830 0.512351 0.467690 0.006688
2 3 0.001553 0.016653 0.621977 0.351205 0.008612
3 3 0.003505 0.021315 0.449879 0.511727 0.013574
3 3 0.003850 0.005779 0.095826 0.888558 0.005987
3 3 0.006516 0.006351 0.086778 0.892856 0.007499
3 3 0.008089 0.012968 0.132080 0.833657 0.013207
3 3 0.005174 0.014318 0.192026 0.776306 0.012176
3 3 0.010224 0.009194 0.097258 0.872186 0.011139
3 3 0.013794 0.020959 0.211133 0.732998 0.021116
3 3 0.052376 0.044082 0.159265 0.680771 0.063506
3 3 0.024756 0.091114 0.338836 0.458164 0.087129
2 3 0.035076 0.109841 0.523874 0.227762 0.103447
2 3 0.010729 0.095067 0.619762 0.201215 0.073228
3 3 0.004546 0.016069 0.291575 0.675481 0.012329
2 3 0.001749 0.020418 0.659396 0.308151 0.010285
2 3 0.001373 0.012857 0.530639 0.448133 0.006999
2 3 0.010212 0.054495 0.643641 0.256538 0.035114
1 3 0.118251 0.322693 0.310036 0.014605 0.234415
3 3 0.014534 0.028607 0.183967 0.745428 0.027464
3 3 0.003071 0.014001 0.299396 0.673592 0.009940
3 3 0.003409 0.017096 0.389804 0.578109 0.011582
2 3 0.001323 0.022613 0.799068 0.167129 0.009867
1 3 0.297996 0.389482 0.086072 0.002698 0.223751
2 3 0.042537 0.190602 0.520904 0.056115 0.189842
2 3 0.007832 0.049916 0.619355 0.292040 0.030856
2 3 0.000991 0.021169 0.874983 0.094466 0.008390
2 3 0.000922 0.012324 0.631835 0.348996 0.005923
2 3 0.003799 0.030980 0.570361 0.377003 0.017857
2 3 0.003888 0.040686 0.721670 0.212593 0.021163
2 2 0.010963 0.092188 0.707101 0.126746 0.063003
2 2 0.004229 0.031006 0.518294 0.427822 0.018649
2 2 0.062201 0.222879 0.661427 0.005825 0.047669
2 2 0.084502 0.268017 0.529211 0.009105 0.109165
2 2 0.011160 0.091310 0.730386 0.110585 0.056558
3 2 0.001015 0.006772 0.405669 0.582458 0.004086
2 2 0.000892 0.018476 0.859932 0.113284 0.007417
2 2 0.001916 0.032741 0.880117 0.071379 0.013848
2 2 0.001132 0.025393 0.886277 0.077298 0.009900
3 2 0.002693 0.015570 0.417912 0.553793 0.010032
2 2 0.002897 0.042838 0.815604 0.119069 0.019592
2 2 0.003683 0.048232 0.825654 0.098899 0.023532
2 2 0.052257 0.190167 0.599331 0.039406 0.118840
2 2 0.000704 0.010352 0.648759 0.335389 0.004796
2 2 0.001361 0.020379 0.694405 0.274360 0.009495
2 2 0.004493 0.053031 0.760803 0.155209 0.026464
2 2 0.001163 0.025565 0.889898 0.073375 0.009999
2 2 0.000727 0.019483 0.915640 0.057103 0.007048
2 2 0.003650 0.047459 0.882918 0.051481 0.014492
2 2 0.179748 0.364334 0.371098 0.004293 0.080527
4 2 0.111377 0.310037 0.129265 0.006088 0.443233
2 2 0.023508 0.163302 0.463515 0.017037 0.332639
2 2 0.004977 0.066164 0.789127 0.095539 0.044194
2 2 0.001972 0.034675 0.809584 0.138661 0.015109
2 2 0.001051 0.024218 0.893739 0.071674 0.009318
2 2 0.013513 0.111257 0.725334 0.025363 0.124534
1 2 0.147178 0.385514 0.188255 0.003429 0.275624
1 2 0.289566 0.453960 0.065341 0.000588 0.190546
2 2 0.042884 0.207031 0.544617 0.014467 0.191001
2 2 0.031716 0.160560 0.657233 0.039299 0.111192
2 2 0.012370 0.102559 0.843024 0.008030 0.034017
2 2 0.002112 0.035697 0.850727 0.096032 0.015432
2 2 0.030791 0.177257 0.614057 0.021258 0.156637
2 2 0.068545 0.249558 0.522728 0.012117 0.147051
2 2 0.002127 0.034345 0.915244 0.031059 0.017225
0 2 0.721463 0.168044 0.052107 0.001580 0.056807
1 2 0.202311 0.384589 0.068974 0.001786 0.342340
1 2 0.177184 0.393193 0.114821 0.002481 0.312321
4 2 0.122716 0.337032 0.118967 0.003595 0.417689
2 2 0.023555 0.172037 0.398998 0.011892 0.393518
2 2 0.020130 0.152028 0.546592 0.014773 0.266478
2 2 0.025724 0.149392 0.588543 0.082871 0.153470
2 2 0.003977 0.045423 0.883518 0.044804 0.022279
2 2 0.033847 0.213505 0.500132 0.006647 0.245870
4 2 0.031657 0.198630 0.311746 0.009673 0.448295
4 2 0.039682 0.212668 0.245316 0.009714 0.492620
4 2 0.038854 0.187283 0.137909 0.009491 0.626463
4 2 0.031756 0.186380 0.194856 0.008704 0.578304
4 2 0.032281 0.150025 0.076987 0.008133 0.732573
4 4 0.019583 0.140505 0.132736 0.006375 0.700801
4 4 0.021328 0.114121 0.047688 0.004877 0.811985
4 4 0.018572 0.082803 0.016581 0.002902 0.879140
4 4 0.026721 0.109402 0.028169 0.004773 0.830935
4 4 0.024935 0.098748 0.022324 0.004643 0.849350
4 4 0.031906 0.137708 0.049620 0.005838 0.774928
4 4 0.082383 0.229058 0.044904 0.003098 0.640556
4 4 0.028762 0.112828 0.022423 0.003032 0.832954
4 4 0.015756 0.074953 0.014045 0.002237 0.893010
4 4 0.013424 0.067974 0.011948 0.001738 0.904916
4 4 0.025973 0.040900 0.010905 0.004055 0.918167
4 4 0.055084 0.190707 0.051826 0.004106 0.698277
4 4 0.018237 0.081899 0.016279 0.002820 0.880765
4 4 0.028345 0.052698 0.014057 0.004849 0.900050
4 4 0.017269 0.073795 0.014513 0.002545 0.891878
4 4 0.020342 0.054996 0.012327 0.003025 0.909310
4 4 0.065579 0.199197 0.038041 0.002837 0.694346
4 4 0.015307 0.065289 0.012335 0.002081 0.904987
4 4 0.031843 0.053395 0.015074 0.005759 0.893929
4 4 0.027708 0.113618 0.030111 0.004798 0.823765
4 4 0.071356 0.183386 0.033156 0.002109 0.709993
4 4 0.017972 0.036912 0.008333 0.002334 0.934450
4 4 0.024736 0.035276 0.009419 0.003669 0.926900
4 4 0.031942 0.023412 0.007652 0.004916 0.932078
4 4 0.019744 0.041915 0.009698 0.002740 0.925903
4 4 0.025687 0.043325 0.011373 0.004037 0.915577
4 4 0.025166 0.048101 0.012274 0.004003 0.910456
4 4 0.023706 0.101946 0.017774 0.001868 0.854707
4 4 0.025416 0.100306 0.023139 0.004813 0.846327
4 4 0.030228 0.141086 0.072469 0.008867 0.747350
4 4 0.021027 0.080657 0.017262 0.003453 0.877602
4 4 0.013337 0.065917 0.011608 0.001710 0.907427
4 4 0.092852 0.249223 0.046995 0.002684 0.608246
4 4 0.011889 0.050488 0.008785 0.001371 0.927467
4 4 0.023770 0.152399 0.109918 0.004952 0.708961
4 4 0.029668 0.140294 0.059567 0.005779 0.764692
4 4 0.082518 0.292888 0.131541 0.003783 0.489270
4 4 0.020913 0.127276 0.076762 0.005619 0.769430
4 4 0.022103 0.115598 0.047937 0.005115 0.809247
4 4 0.020737 0.138876 0.114860 0.006476 0.719051
4 4 0.035198 0.154533 0.055848 0.004616 0.749805
4 4 0.020157 0.088692 0.019370 0.003383 0.868399
4 4 0.020078 0.102210 0.033405 0.004009 0.840298
4 4 0.025065 0.164896 0.217545 0.011028 0.581466
4 4 0.067018 0.257004 0.109390 0.003781 0.562806
4 4 0.024558 0.141986 0.095135 0.006996 0.731324
4 4 0.032940 0.195261 0.199111 0.007245 0.565443
4 4 0.028896 0.142406 0.080207 0.008680 0.739810
4 4 0.023176 0.161235 0.219150 0.009982 0.586458
4 4 0.031753 0.187531 0.187471 0.007827 0.585418
4 4 0.031802 0.128086 0.040692 0.006369 0.793052
0 4 0.712017 0.093875 0.044512 0.007385 0.142212
0 4 0.835699 0.009373 0.005245 0.001745 0.147938
4 4 0.078976 0.231227 0.039276 0.001881 0.648640
4 4 0.034639 0.152782 0.066237 0.006742 0.739601
4 4 0.023280 0.165751 0.179384 0.006054 0.625531
4 4 0.030520 0.178410 0.266813 0.016041 0.508217
2 4 0.023217 0.174267 0.441625 0.010318 0.350573
4 4 0.021072 0.161039 0.282503 0.010119 0.525267
2 4 0.020983 0.148225 0.570618 0.018615 0.241559
4 4 0.044253 0.215300 0.155372 0.006526 0.578549
4 4 0.020524 0.161054 0.375785 0.011813 0.430825
4 4 0.053720 0.253221 0.199610 0.005449 0.488001
4 4 0.023355 0.164949 0.262161 0.011105 0.538429
2 4 0.019021 0.133390 0.647744 0.019988 0.179857
2 4 0.023800 0.156966 0.549291 0.019605 0.250338
2 4 0.019235 0.144957 0.572775 0.016551 0.246483
2 4 0.014711 0.137211 0.555416 0.010957 0.281706
4 4 0.024647 0.177965 0.385080 0.010678 0.401629
2 4 0.022429 0.164149 0.410785 0.014298 0.388339
4 4 0.094978 0.264843 0.041362 0.001384 0.597432
4 4 0.091896 0.277638 0.075695 0.002963 0.551807
4 4 0.135541 0.345515 0.076063 0.001768 0.441113
4 4 0.105764 0.352904 0.172198 0.002691 0.366443
4 4 0.341138 0.244540 0.053691 0.002123 0.358508
1 4 0.147838 0.370755 0.119695 0.002769 0.358942
4 1 0.022696 0.156132 0.184044 0.008916 0.628212
2 1 0.015808 0.126065 0.660823 0.015907 0.181396
2 1 0.037561 0.207785 0.378434 0.013542 0.362677
2 1 0.029596 0.163067 0.549918 0.033490 0.223929
2 1 0.030177 0.173260 0.466748 0.024350 0.305465
2 1 0.015218 0.117855 0.700491 0.017107 0.149328
2 1 0.003606 0.053571 0.878567 0.023360 0.040896
2 2 0.018535 0.144434 0.566295 0.015465 0.255271
2 2 0.000674 0.018408 0.936521 0.037442 0.006956
2 2 0.007157 0.083523 0.796449 0.011065 0.101805
2 2 0.004730 0.065874 0.818297 0.062717 0.048382
2 2 0.003441 0.050584 0.886608 0.022845 0.036523
2 2 0.004220 0.058400 0.868351 0.022014 0.047015
2 2 0.000681 0.018100 0.931997 0.042766 0.006456
2 2 0.004410 0.062027 0.821676 0.069453 0.042435
2 2 0.004930 0.052971 0.845664 0.069843 0.026592
2 2 0.001163 0.024696 0.867255 0.097010 0.009877
2 2 0.007060 0.076878 0.784145 0.077155 0.054763
2 2 0.004290 0.051818 0.804012 0.114654 0.025225
2 2 0.000769 0.019022 0.901885 0.071220 0.007105
2 2 0.000911 0.011587 0.636210 0.345666 0.005626
2 2 0.006756 0.068489 0.738705 0.148003 0.038048
2 2 0.002543 0.036664 0.886928 0.057706 0.016159
2 2 0.000509 0.009718 0.771893 0.213840 0.004040
2 2 0.003147 0.043243 0.777857 0.155252 0.020501
3 2 0.002837 0.015994 0.334270 0.636260 0.010639
3 2 0.002825 0.019754 0.478135 0.487302 0.011984
2 2 0.003335 0.045214 0.759340 0.170431 0.021680
2 2 0.002445 0.024594 0.643716 0.316209 0.013036
3 2 0.004642 0.012236 0.159277 0.813179 0.010666
3 2 0.005984 0.025451 0.320459 0.629437 0.018670
3 3 0.004271 0.008423 0.120193 0.859069 0.008045
3 3 0.004379 0.013536 0.169058 0.801754 0.011272
3 3 0.007565 0.005699 0.076735 0.902729 0.007272
3 3 0.007357 0.007892 0.097098 0.878593 0.009060
3 3 0.004715 0.003511 0.063325 0.923962 0.004488
3 3 0.006181 0.002778 0.049124 0.937783 0.004134
3 3 0.006770 0.007106 0.092700 0.885216 0.008208
3 3 0.005276 0.004034 0.067432 0.918140 0.005118
3 3 0.006433 0.003924 0.062072 0.922241 0.005330
3 3 0.003665 0.003908 0.073999 0.913945 0.004483
3 3 0.006726 0.001766 0.034455 0.953966 0.003087
3 3 0.010386 0.002732 0.041018 0.941084 0.004780
3 3 0.004588 0.001541 0.035326 0.956046 0.002499
3 3 0.015287 0.002773 0.036518 0.939993 0.005429
3 3 0.005428 0.000914 0.022858 0.968976 0.001824
3 3 0.010866 0.001297 0.023521 0.961440 0.002875
3 3 0.007455 0.001068 0.023082 0.966158 0.002238
3 3 0.014508 0.001343 0.021918 0.959016 0.003214
3 3 0.007935 0.001017 0.021818 0.967027 0.002204
3 3 0.004454 0.000827 0.022662 0.970455 0.001602
3 3 0.006682 0.000613 0.015932 0.975304 0.001468
3 3 0.005609 0.001098 0.025857 0.965341 0.002094
3 3 0.009602 0.000649 0.014729 0.973317 0.001704
3 3 0.006540 0.000785 0.019238 0.971703 0.001734
3 3 0.009450 0.001175 0.022911 0.963892 0.002572
3 3 0.004281 0.000802 0.022431 0.970939 0.001548
3 3 0.008635 0.001002 0.021003 0.967121 0.002238
3 3 0.008315 0.000474 0.012258 0.977644 0.001309
3 3 0.012123 0.001102 0.020135 0.963989 0.002651
3 3 0.017043 0.000727 0.013244 0.966789 0.002196
3 3 0.009935 0.000501 0.012047 0.976079 0.001437
3 3 0.046209 0.002528 0.023845 0.916641 0.010777
3 3 0.012024 0.000934 0.017881 0.966806 0.002355
3 3 0.009966 0.001206 0.022939 0.963229 0.002661
3 3 0.012050 0.000881 0.017122 0.967685 0.002263
3 3 0.012240 0.003578 0.047207 0.930906 0.006069
2 3 0.134941 0.237071 0.528708 0.047228 0.052051
2 3 0.093445 0.166207 0.317047 0.216028 0.207273
3 3 0.013380 0.053731 0.350918 0.541376 0.040595
3 3 0.005425 0.024352 0.367778 0.585123 0.017323
3 3 0.006115 0.027313 0.434234 0.513168 0.019170
2 3 0.005162 0.057045 0.788920 0.120208 0.028664
2 3 0.011810 0.083483 0.619994 0.234204 0.050510
2 3 0.002212 0.027429 0.735360 0.221578 0.013421
2 3 0.015430 0.114666 0.579527 0.200598 0.089778
2 3 0.000843 0.017214 0.801326 0.173527 0.007089
2 2 0.001317 0.028305 0.858887 0.100127 0.011365
2 2 0.011946 0.090229 0.668366 0.174603 0.054856
2 2 0.001229 0.027227 0.863867 0.096872 0.010805
2 2 0.003578 0.045733 0.892472 0.043655 0.014561
2 2 0.009066 0.077906 0.682161 0.187090 0.043777
2 2 0.020610 0.130022 0.599789 0.140275 0.109304
2 2 0.000570 0.016547 0.934000 0.043144 0.005739
2 2 0.007941 0.073136 0.691474 0.187266 0.040182
2 2 0.000748 0.018907 0.931722 0.041784 0.006840
2 2 0.002659 0.040065 0.842840 0.096466 0.017971
2 2 0.002454 0.031195 0.723176 0.227903 0.015272
2 2 0.008196 0.080076 0.786208 0.068676 0.056844
2 2 0.002945 0.040392 0.902402 0.033232 0.021029
2 2 0.003043 0.040013 0.882061 0.056740 0.018143
2 2 0.008172 0.081528 0.766113 0.086836 0.057350
2 2 0.000795 0.021164 0.894996 0.075243 0.007801
2 2 0.002372 0.034300 0.754173 0.193066 0.016089
2 2 0.001985 0.019317 0.618717 0.349662 0.010319
2 2 0.000819 0.020833 0.910727 0.059937 0.007684
3 2 0.006714 0.020215 0.219248 0.737032 0.016792
3 2 0.021539 0.034898 0.184301 0.723699 0.035562
2 2 0.001729 0.016222 0.530904 0.442249 0.008896
2 2 0.015307 0.115756 0.601125 0.174775 0.093037
2 2 0.008448 0.073454 0.740468 0.137391 0.040239
2 2 0.000864 0.022469 0.881822 0.086431 0.008414
2 2 0.002558 0.037273 0.750576 0.192089 0.017504
2 2 0.005217 0.061232 0.794602 0.104158 0.034791
2 2 0.002652 0.042146 0.779813 0.156212 0.019177
2 2 0.001985 0.020352 0.628526 0.338427 0.010709
3 2 0.006042 0.012987 0.155978 0.812969 0.012023
3 2 0.004943 0.024398 0.410498 0.543455 0.016706
2 2 0.007673 0.069556 0.758917 0.126471 0.037383
2 2 0.000729 0.016106 0.834322 0.142443 0.006399
2 2 0.005654 0.037562 0.653336 0.280914 0.022534
2 2 0.005813 0.044324 0.631289 0.292702 0.025871
2 2 0.007483 0.071031 0.697358 0.185511 0.038617
2 2 0.002362 0.021476 0.529115 0.435050 0.011997
3 2 0.003334 0.006267 0.146200 0.838299 0.005900
2 2 0.001571 0.029542 0.887071 0.069712 0.012103
3 2 0.003194 0.011001 0.233723 0.743511 0.008570
2 2 0.002577 0.034774 0.738510 0.207423 0.016715
2 2 0.002235 0.033673 0.779023 0.169589 0.015479
2 2 0.002480 0.026489 0.656886 0.300350 0.013795
2 2 0.000867 0.015174 0.809323 0.168157 0.006478
2 2 0.003507 0.033554 0.580468 0.363967 0.018504
2 2 0.001266 0.018160 0.757195 0.215003 0.008376
2 2 0.003645 0.033343 0.615065 0.329500 0.018447
2 2 0.006933 0.063597 0.580156 0.305678 0.043636
2 2 0.003663 0.045755 0.851286 0.077794 0.021501
2 2 0.018992 0.130772 0.661698 0.020831 0.167707
2 2 0.029366 0.175571 0.421223 0.021177 0.352662
4 2 0.027493 0.186798 0.377875 0.010699 0.397135
4 4 0.036031 0.166977 0.101331 0.009497 0.686165
4 4 0.029410 0.181751 0.340357 0.015534 0.432949
4 4 0.040226 0.081529 0.024213 0.008918 0.845115
4 4 0.034456 0.085823 0.023216 0.007032 0.849473
4 4 0.035069 0.120476 0.031504 0.008058 0.804894
0 4 0.621767 0.167795 0.051282 0.002676 0.156481
4 4 0.016035 0.075756 0.014296 0.002300 0.891613
4 4 0.020595 0.088115 0.018405 0.003421 0.869464
4 4 0.022271 0.038220 0.009546 0.003202 0.926762
4 4 0.032799 0.055330 0.015761 0.006059 0.890051
4 4 0.019367 0.031484 0.007589 0.002521 0.939039
4 4 0.104019 0.070353 0.024000 0.008740 0.792887
4 4 0.012743 0.054665 0.009712 0.001539 0.921341
4 4 0.051269 0.014953 0.006477 0.007776 0.919524
4 4 0.016908 0.035975 0.007914 0.002126 0.937077
4 4 0.016387 0.064674 0.012661 0.002292 0.903987
4 4 0.018992 0.083926 0.016960 0.003007 0.877115
4 4 0.015073 0.072959 0.013431 0.002086 0.896451
4 4 0.038030 0.059274 0.017999 0.007635 0.877063
4 4 0.013504 0.068222 0.012020 0.001754 0.904499
4 4 0.018089 0.037686 0.008504 0.002365 0.933356
4 4 0.020068 0.076877 0.015183 0.002516 0.885356
4 4 0.020881 0.088846 0.018663 0.003497 0.868112
4 4 0.016880 0.068210 0.013434 0.002420 0.899056
4 4 0.015438 0.074028 0.013759 0.002166 0.894610
4 4 0.027229 0.134848 0.068694 0.007592 0.761636
4 4 0.065202 0.200940 0.036536 0.002390 0.694932
4 4 0.033008 0.126812 0.036737 0.006277 0.797167
4 4 0.031817 0.122605 0.030210 0.004601 0.810768
4 4 0.021389 0.109983 0.041032 0.004653 0.822942
4 4 0.080036 0.220207 0.048642 0.004468 0.646647
4 4 0.053090 0.186749 0.055981 0.004948 0.699232
4 4 0.020060 0.134733 0.104734 0.005983 0.734489
4 4 0.023409 0.134855 0.084412 0.006731 0.750592
4 4 0.020355 0.132994 0.096658 0.005912 0.744081
4 4 0.017785 0.133951 0.121998 0.005439 0.720826
4 4 0.021506 0.133706 0.091536 0.006218 0.747034
4 4 0.023521 0.147577 0.121341 0.007265 0.700296
4 4 0.017775 0.129431 0.104001 0.005105 0.743688
4 4 0.040109 0.185120 0.087704 0.004918 0.682148
4 4 0.027316 0.140486 0.075815 0.007001 0.749381
4 4 0.027101 0.160860 0.159617 0.010544 0.641878
