0 0 0.993799 0.003637 0.001626 0.000066 0.000872
0 0 0.990052 0.005777 0.002438 0.000113 0.001620
0 0 0.993829 0.003430 0.001876 0.000099 0.000767
0 0 0.986618 0.007425 0.003560 0.000222 0.002176
0 0 0.957291 0.023920 0.006938 0.000369 0.011482
0 0 0.970438 0.016942 0.005168 0.000250 0.007201
0 0 0.983464 0.009231 0.004100 0.000254 0.002950
0 0 0.997036 0.001598 0.001046 0.000050 0.000270
0 0 0.995099 0.002915 0.001283 0.000046 0.000657
0 0 0.996176 0.002178 0.001171 0.000049 0.000426
0 0 0.995001 0.002770 0.001575 0.000079 0.000575
0 0 0.994762 0.003136 0.001327 0.000046 0.000730
0 0 0.983913 0.009359 0.003405 0.000160 0.003163
0 0 0.991666 0.005016 0.001857 0.000067 0.001394
0 0 0.991958 0.004809 0.001858 0.000070 0.001305
0 0 0.984751 0.009049 0.002973 0.000119 0.003107
0 0 0.991591 0.005005 0.001958 0.000076 0.001370
0 0 0.992912 0.004128 0.001851 0.000080 0.001029
0 0 0.994507 0.003180 0.001530 0.000065 0.000719
0 0 0.994630 0.003182 0.001400 0.000052 0.000736
0 0 0.991570 0.004589 0.002566 0.000159 0.001115
0 0 0.994793 0.002942 0.001558 0.000073 0.000633
0 0 0.996184 0.002205 0.001128 0.000044 0.000439
0 0 0.993410 0.003443 0.002258 0.000154 0.000736
0 0 0.994948 0.002835 0.001545 0.000074 0.000599
0 0 0.995073 0.002838 0.001416 0.000060 0.000614
0 0 0.994381 0.003141 0.001707 0.000085 0.000685
0 0 0.994645 0.003092 0.001508 0.000064 0.000690
0 0 0.994757 0.003091 0.001395 0.000053 0.000704
0 0 0.995910 0.002442 0.001093 0.000037 0.000519
0 0 0.993112 0.003956 0.001887 0.000087 0.000958
0 0 0.995463 0.002766 0.001108 0.000034 0.000628
0 0 0.988975 0.006621 0.002278 0.000084 0.002042
0 0 0.993718 0.003665 0.001670 0.000070 0.000877
0 0 0.993650 0.003598 0.001830 0.000089 0.000832
0 0 0.994300 0.003335 0.001529 0.000062 0.000774
0 0 0.993404 0.003795 0.001811 0.000082 0.000907
0 0 0.991354 0.005062 0.002126 0.000092 0.001366
0 0 0.991396 0.005012 0.002157 0.000096 0.001339
0 0 0.995934 0.002369 0.001166 0.000044 0.000487
0 0 0.993308 0.003955 0.001685 0.000066 0.000986
0 0 0.992242 0.004643 0.001803 0.000067 0.001245
0 0 0.991773 0.004812 0.002053 0.000089 0.001273
0 0 0.991442 0.004968 0.002172 0.000099 0.001319
0 0 0.990981 0.005254 0.002236 0.000100 0.001428
0 0 0.992904 0.004272 0.001647 0.000058 0.001119
0 0 0.989660 0.006267 0.002084 0.000071 0.001917
0 0 0.994755 0.003018 0.001496 0.000064 0.000666
0 0 0.991267 0.005221 0.001976 0.000075 0.001461
0 0 0.979845 0.011526 0.004268 0.000227 0.004134
0 0 0.995245 0.002853 0.001217 0.000041 0.000644
0 0 0.996414 0.002118 0.001009 0.000035 0.000424
0 0 0.996418 0.002085 0.001047 0.000039 0.000410
0 0 0.997006 0.001744 0.000895 0.000031 0.000323
0 0 0.994389 0.003365 0.001393 0.000049 0.000804
0 0 0.995682 0.002509 0.001236 0.000048 0.000524
0 0 0.995939 0.002354 0.001181 0.000046 0.000480
0 0 0.989216 0.005862 0.003163 0.000209 0.001550
0 0 0.990995 0.005004 0.002577 0.000148 0.001276
0 0 0.996039 0.002281 0.001175 0.000047 0.000458
0 0 0.982403 0.010713 0.002629 0.000075 0.004180
0 0 0.983940 0.009804 0.002498 0.000072 0.003686
0 0 0.991800 0.005176 0.001419 0.000034 0.001570
0 0 0.979003 0.012754 0.002735 0.000070 0.005438
0 0 0.990225 0.006262 0.001341 0.000025 0.002147
0 0 0.990220 0.006056 0.001781 0.000050 0.001893
0 0 0.981039 0.011165 0.003514 0.000146 0.004136
0 0 0.981098 0.011446 0.002817 0.000084 0.004554
0 0 0.962625 0.021217 0.005996 0.000290 0.009872
0 0 0.952628 0.025992 0.008375 0.000538 0.012467
0 0 0.966383 0.019449 0.004908 0.000194 0.009067
0 0 0.953978 0.025644 0.007362 0.000399 0.012618
0 0 0.947991 0.029130 0.006873 0.000300 0.015706
0 0 0.957987 0.023220 0.007623 0.000476 0.010693
0 0 0.977978 0.013313 0.002904 0.000078 0.005727
0 0 0.974199 0.015070 0.004255 0.000175 0.006302
0 0 0.891969 0.055946 0.014612 0.001022 0.036451
0 0 0.806861 0.092597 0.027414 0.003025 0.070104
0 0 0.721532 0.125893 0.040655 0.006151 0.105769
0 0 0.970628 0.016769 0.005293 0.000268 0.007043
0 0 0.978702 0.012393 0.004017 0.000183 0.004705
0 0 0.984743 0.009289 0.002507 0.000077 0.003384
0 1 0.882435 0.060256 0.016018 0.001195 0.040097
4 1 0.196436 0.251261 0.122656 0.083336 0.346311
0 0 0.466629 0.207379 0.081301 0.024894 0.219797
0 1 0.802396 0.094418 0.028098 0.003159 0.071929
0 4 0.604985 0.166554 0.059122 0.012617 0.156722
0 4 0.618030 0.162275 0.057040 0.011745 0.150910
0 4 0.449260 0.211857 0.084085 0.026924 0.227875
0 4 0.540888 0.186541 0.069385 0.017548 0.185638
0 4 0.543187 0.185855 0.069016 0.017351 0.184591
0 4 0.640316 0.154805 0.053490 0.010350 0.141039
0 4 0.329954 0.237663 0.102990 0.045385 0.284008
0 4 0.408678 0.221665 0.090569 0.032226 0.246862
0 4 0.442372 0.213587 0.085187 0.027766 0.231087
0 4 0.325005 0.238513 0.103759 0.046372 0.286350
0 4 0.445509 0.212802 0.084685 0.027380 0.229624
4 4 0.266442 0.246831 0.112694 0.060036 0.313997
0 4 0.315821 0.240035 0.105183 0.048266 0.290695
0 4 0.391315 0.225561 0.093330 0.034768 0.255026
0 4 0.791497 0.098825 0.029774 0.003501 0.076403
0 4 0.561527 0.180298 0.066076 0.015835 0.176265
0 4 0.544835 0.185362 0.068752 0.017211 0.183841
0 4 0.502020 0.197777 0.075623 0.021144 0.203435
4 4 0.288527 0.244099 0.109368 0.054411 0.303596
4 4 0.277078 0.245582 0.111100 0.057246 0.308994
0 4 0.436045 0.215154 0.086200 0.028560 0.234042
0 4 0.396889 0.224331 0.092445 0.033932 0.252403
0 4 0.363870 0.231313 0.097674 0.039173 0.267970
0 4 0.419374 0.219173 0.088863 0.030746 0.241844
4 4 0.263329 0.247172 0.113157 0.060883 0.315458
0 4 0.584270 0.173204 0.062434 0.014088 0.166004
0 4 0.367278 0.230627 0.097136 0.038598 0.266361
4 4 0.169828 0.250676 0.126059 0.095414 0.358022
4 4 0.232837 0.249865 0.117612 0.070001 0.329685
0 4 0.716315 0.127830 0.041474 0.006383 0.107999
0 4 0.713479 0.128878 0.041919 0.006511 0.109214
0 4 0.642345 0.154115 0.053168 0.010228 0.140144
0 4 0.657608 0.148870 0.050743 0.009344 0.133435
0 4 0.476833 0.204675 0.079665 0.023762 0.215065
4 4 0.092383 0.192386 0.186503 0.105677 0.423051
4 4 0.116556 0.233100 0.142434 0.119775 0.388134
4 4 0.121163 0.244506 0.131197 0.125706 0.377428
4 4 0.142439 0.248190 0.129179 0.110803 0.369389
4 4 0.222018 0.235869 0.131857 0.066148 0.344108
4 4 0.158629 0.218749 0.158429 0.079828 0.384364
4 4 0.221712 0.250524 0.119191 0.073755 0.334819
4 4 0.152792 0.249391 0.128057 0.104561 0.365199
4 4 0.121163 0.244506 0.131197 0.125706 0.377428
4 4 0.103316 0.212522 0.163475 0.113755 0.406932
4 4 0.119180 0.241007 0.134495 0.124453 0.380865
4 4 0.113598 0.231083 0.144151 0.120824 0.390344
4 4 0.121163 0.244506 0.131197 0.125706 0.377428
4 4 0.138732 0.225604 0.152017 0.095843 0.387803
4 4 0.102639 0.211287 0.164823 0.113272 0.407979
4 0 0.119906 0.242289 0.133281 0.124913 0.379611
4 1 0.121163 0.244506 0.131197 0.125706 0.377428
4 2 0.103905 0.213594 0.162311 0.114173 0.406017
4 2 0.076108 0.161631 0.226573 0.092523 0.443165
4 2 0.075186 0.159861 0.229087 0.091736 0.444131
4 2 0.087543 0.183337 0.197631 0.101909 0.429581
4 1 0.052302 0.209461 0.316891 0.091094 0.330252
2 1 0.040960 0.287345 0.365909 0.085764 0.220023
4 1 0.088355 0.184860 0.195721 0.102549 0.428515
2 1 0.009176 0.189452 0.650337 0.044059 0.106976
2 1 0.045182 0.196249 0.353517 0.084263 0.320790
4 1 0.041870 0.112937 0.359923 0.064911 0.420359
2 1 0.012629 0.131274 0.634838 0.043540 0.177718
2 2 0.018490 0.149919 0.560442 0.053688 0.217461
2 2 0.014647 0.115187 0.610573 0.043852 0.215741
2 2 0.028384 0.129604 0.465939 0.059764 0.316309
2 2 0.004543 0.108515 0.775017 0.026108 0.085816
2 2 0.017327 0.149677 0.573103 0.052266 0.207626
2 2 0.024098 0.159895 0.503680 0.061221 0.251106
2 2 0.001187 0.052471 0.894922 0.010772 0.040648
2 2 0.001560 0.055782 0.883040 0.011687 0.047930
2 2 0.001764 0.058980 0.871478 0.013466 0.054312
2 2 0.008470 0.061475 0.699229 0.026913 0.203913
2 2 0.001749 0.042135 0.878236 0.011678 0.066202
2 2 0.001439 0.037200 0.891352 0.010179 0.059830
2 2 0.003372 0.087704 0.812190 0.021036 0.075698
2 2 0.000834 0.023326 0.931209 0.031177 0.013454
2 2 0.005069 0.109918 0.761243 0.029781 0.093989
2 2 0.007004 0.101682 0.731069 0.030628 0.129617
2 2 0.002360 0.088019 0.842409 0.025218 0.041993
2 2 0.002214 0.063481 0.759339 0.160477 0.014488
2 2 0.001437 0.036175 0.764729 0.188036 0.009623
2 3 0.005695 0.139556 0.712016 0.106241 0.036492
2 3 0.002508 0.069864 0.786091 0.123606 0.017931
2 3 0.002266 0.042768 0.650350 0.293432 0.011183
2 3 0.003512 0.133214 0.747874 0.084683 0.030717
3 3 0.002422 0.022950 0.296886 0.672240 0.005501
3 3 0.004013 0.033762 0.276819 0.675460 0.009946
3 3 0.002256 0.012491 0.159217 0.821777 0.004259
3 3 0.002944 0.025738 0.278904 0.685863 0.006552
3 3 0.002939 0.017674 0.198524 0.775582 0.005281
3 3 0.003938 0.020497 0.196463 0.771741 0.007362
3 3 0.002004 0.021515 0.345024 0.625467 0.005990
3 3 0.002970 0.008436 0.101719 0.882653 0.004222
3 3 0.005429 0.038111 0.272291 0.671709 0.012460
3 3 0.002500 0.014589 0.175119 0.803015 0.004776
3 3 0.002597 0.017919 0.194692 0.778711 0.006081
3 3 0.004456 0.007982 0.071458 0.908740 0.007363
3 3 0.003556 0.010996 0.111527 0.867699 0.006222
3 3 0.003746 0.015694 0.153128 0.820544 0.006887
3 3 0.002245 0.018578 0.223490 0.750775 0.004912
3 3 0.003087 0.020319 0.204858 0.764895 0.006841
3 3 0.004962 0.017451 0.144149 0.824040 0.009398
3 3 0.004418 0.013183 0.118810 0.855820 0.007768
3 3 0.003694 0.010784 0.104105 0.874503 0.006915
3 3 0.004458 0.014892 0.129026 0.842988 0.008635
3 3 0.003595 0.020321 0.188601 0.779500 0.007982
3 3 0.005954 0.010600 0.083956 0.890307 0.009183
3 3 0.003151 0.006656 0.073434 0.911801 0.004958
3 3 0.003728 0.011151 0.110581 0.868078 0.006462
3 3 0.002994 0.004180 0.047132 0.941293 0.004401
3 3 0.005020 0.007439 0.066393 0.914186 0.006962
3 3 0.002407 0.005248 0.065740 0.922699 0.003906
3 3 0.004601 0.006346 0.059568 0.923278 0.006208
3 3 0.002728 0.009934 0.113325 0.868883 0.005130
3 3 0.006461 0.013895 0.101306 0.867063 0.011276
3 3 0.003564 0.005086 0.052859 0.933310 0.005181
3 3 0.002752 0.011218 0.127033 0.853731 0.005267
3 3 0.003651 0.009562 0.099307 0.881777 0.005704
3 3 0.004976 0.006407 0.054808 0.926268 0.007541
3 3 0.004678 0.010569 0.091397 0.885159 0.008197
3 3 0.003593 0.014339 0.138772 0.836163 0.007132
3 3 0.004899 0.017372 0.139607 0.827987 0.010135
3 3 0.006795 0.007153 0.053520 0.923211 0.009321
3 3 0.007260 0.012426 0.084831 0.883044 0.012438
3 3 0.004983 0.007284 0.063357 0.916964 0.007411
3 3 0.004178 0.010780 0.098361 0.879131 0.007549
3 3 0.003901 0.006302 0.059098 0.924027 0.006673
3 3 0.005704 0.007293 0.057830 0.920409 0.008764
3 3 0.003138 0.007063 0.074979 0.909305 0.005515
3 3 0.003553 0.004932 0.053754 0.933169 0.004591
3 3 0.008850 0.040451 0.233156 0.699569 0.017974
3 2 0.011806 0.032861 0.205942 0.736348 0.013042
2 3 0.006621 0.117996 0.535376 0.320523 0.019484
2 3 0.005231 0.080644 0.527213 0.372671 0.014241
2 2 0.004215 0.102833 0.686391 0.188204 0.018356
2 2 0.008416 0.313558 0.565938 0.058966 0.053122
2 2 0.008708 0.174995 0.537337 0.243367 0.035593
3 2 0.010271 0.093082 0.420719 0.453113 0.022815
2 2 0.015890 0.150903 0.538227 0.263685 0.031295
2 2 0.017855 0.119237 0.691882 0.148721 0.022305
2 2 0.010317 0.235506 0.636406 0.074064 0.043707
2 2 0.004696 0.145070 0.706925 0.120308 0.023001
3 2 0.003082 0.046567 0.465260 0.477270 0.007821
2 2 0.009014 0.158451 0.652116 0.153344 0.027075
2 2 0.002806 0.103476 0.798571 0.070836 0.024310
2 2 0.006463 0.126943 0.662178 0.174855 0.029562
2 2 0.002854 0.042962 0.626937 0.317649 0.009598
2 3 0.002808 0.071606 0.542692 0.374248 0.008645
2 2 0.002004 0.054096 0.678560 0.256243 0.009098
2 2 0.003743 0.153686 0.727260 0.096826 0.018486
2 2 0.006885 0.169800 0.655478 0.142816 0.025021
2 3 0.004742 0.099529 0.528286 0.351036 0.016408
3 2 0.002743 0.025699 0.308502 0.658311 0.004745
2 3 0.006626 0.091803 0.472296 0.411276 0.017999
2 3 0.002725 0.045686 0.495830 0.448195 0.007564
2 2 0.006864 0.123023 0.554556 0.294649 0.020908
3 2 0.011256 0.076018 0.362737 0.528198 0.021791
2 2 0.005135 0.126939 0.686396 0.156689 0.024841
2 2 0.002122 0.094312 0.793876 0.096869 0.012820
2 2 0.004146 0.086844 0.609682 0.283446 0.015882
2 3 0.002667 0.104705 0.832492 0.034691 0.025446
2 2 0.001286 0.043916 0.846808 0.098188 0.009801
2 2 0.011336 0.147362 0.684634 0.134910 0.021758
2 2 0.005570 0.252796 0.647117 0.049572 0.044944
2 2 0.003197 0.161459 0.766238 0.048476 0.020630
2 2 0.000998 0.060795 0.911395 0.011428 0.015383
2 2 0.009876 0.237268 0.614358 0.075326 0.063171
2 2 0.006283 0.191314 0.641944 0.130055 0.030404
2 2 0.008147 0.214959 0.646728 0.073052 0.057114
2 2 0.004086 0.072719 0.592705 0.315818 0.014673
2 2 0.001790 0.050427 0.768348 0.168923 0.010512
2 2 0.008444 0.290856 0.596670 0.052781 0.051249
2 3 0.010355 0.165002 0.536402 0.251557 0.036684
2 3 0.005443 0.189742 0.676145 0.092100 0.036570
2 3 0.002181 0.046199 0.518265 0.425633 0.007722
2 3 0.006186 0.100861 0.494140 0.379352 0.019462
2 3 0.004520 0.160156 0.621787 0.193393 0.020145
3 0 0.007001 0.056626 0.347090 0.574332 0.014951
2 2 0.192717 0.280978 0.395283 0.077029 0.053993
2 2 0.005174 0.061696 0.620114 0.299267 0.013748
2 2 0.004060 0.197687 0.722611 0.032412 0.043230
2 2 0.004632 0.096726 0.670674 0.205466 0.022502
2 2 0.002239 0.115104 0.817542 0.039090 0.026025
2 2 0.003866 0.142672 0.771811 0.059476 0.022175
2 2 0.000545 0.026154 0.928242 0.035894 0.009165
2 2 0.005063 0.162183 0.722252 0.053340 0.057162
2 3 0.003881 0.092251 0.677830 0.207528 0.018509
2 2 0.002122 0.046797 0.679581 0.262810 0.008690
2 2 0.008459 0.212163 0.638935 0.083286 0.057157
2 2 0.002106 0.076202 0.710530 0.199725 0.011438
2 3 0.002311 0.146949 0.792988 0.036972 0.020781
2 2 0.003286 0.090918 0.779638 0.103852 0.022305
2 3 0.004508 0.119447 0.740507 0.098389 0.037150
2 2 0.002809 0.065097 0.685504 0.234118 0.012472
2 3 0.003183 0.064078 0.619458 0.300368 0.012913
2 3 0.004339 0.090232 0.579445 0.311108 0.014876
2 2 0.007339 0.125014 0.529346 0.316307 0.021994
2 3 0.003595 0.062015 0.495612 0.428256 0.010522
2 2 0.003933 0.083605 0.723248 0.168605 0.020609
2 0 0.029611 0.128112 0.429626 0.378659 0.033991
2 2 0.035869 0.302081 0.592831 0.035224 0.033994
2 2 0.006815 0.319929 0.561375 0.059046 0.052834
2 2 0.003251 0.139999 0.770716 0.047452 0.038582
2 2 0.003352 0.174457 0.745017 0.036916 0.040258
2 2 0.003686 0.102480 0.667928 0.210722 0.015184
2 2 0.006060 0.237885 0.696456 0.021796 0.037803
2 2 0.002078 0.083291 0.806722 0.092906 0.015003
2 2 0.001233 0.028229 0.695256 0.269126 0.006157
2 2 0.002716 0.059496 0.613412 0.314300 0.010076
2 2 0.011913 0.283466 0.535969 0.119274 0.049378
2 2 0.004928 0.170627 0.614736 0.187005 0.022704
2 2 0.004612 0.070895 0.560264 0.351366 0.012864
2 2 0.007959 0.132793 0.537119 0.290818 0.031311
2 2 0.003322 0.103444 0.675461 0.203297 0.014476
2 2 0.013520 0.190052 0.490722 0.257126 0.048580
2 3 0.005244 0.147552 0.706954 0.094876 0.045374
2 2 0.009160 0.150863 0.567916 0.236776 0.035284
2 3 0.007056 0.199102 0.603259 0.150152 0.040431
3 3 0.007231 0.070017 0.401611 0.505365 0.015776
3 3 0.005722 0.062614 0.385730 0.530824 0.015109
2 3 0.001950 0.031215 0.530205 0.430159 0.006471
3 3 0.003980 0.060857 0.449313 0.475834 0.010016
2 0 0.007058 0.108365 0.483712 0.377572 0.023294
3 3 0.005040 0.051049 0.446245 0.487052 0.010615
2 2 0.001430 0.065905 0.826912 0.093709 0.012044
2 2 0.004919 0.248269 0.670164 0.031591 0.045057
2 2 0.002650 0.066454 0.776325 0.140503 0.014067
2 2 0.001244 0.040481 0.786101 0.164770 0.007404
2 3 0.015278 0.385887 0.440227 0.070577 0.088031
2 3 0.002455 0.086608 0.735847 0.162168 0.012922
2 3 0.010419 0.182628 0.617055 0.139814 0.050084
2 2 0.003563 0.086096 0.626472 0.269968 0.013901
2 2 0.007503 0.232229 0.644365 0.047240 0.068663
2 2 0.004863 0.105488 0.802997 0.052787 0.033866
2 3 0.003481 0.107989 0.749278 0.115683 0.023569
2 3 0.002593 0.045084 0.600644 0.341459 0.010220
2 0 0.007534 0.107006 0.551123 0.308213 0.026124
2 2 0.094899 0.258688 0.513170 0.084287 0.048956
2 2 0.010646 0.224262 0.637182 0.038522 0.089388
2 2 0.000796 0.028899 0.828914 0.135870 0.005521
2 2 0.000863 0.026358 0.912333 0.052343 0.008103
2 2 0.000638 0.032046 0.942470 0.014687 0.010160
2 2 0.001630 0.073290 0.831490 0.076416 0.017174
2 2 0.002006 0.139953 0.816128 0.017168 0.024745
2 2 0.001408 0.083469 0.875259 0.023713 0.016151
2 2 0.003802 0.210497 0.715074 0.033078 0.037549
2 2 0.001298 0.086843 0.843816 0.055453 0.012590
2 2 0.001985 0.091854 0.853668 0.013664 0.038829
2 2 0.002304 0.101294 0.828535 0.018871 0.048995
2 2 0.001408 0.075186 0.878811 0.025637 0.018958
2 2 0.016883 0.243392 0.659979 0.017882 0.061865
1 2 0.100933 0.331839 0.316732 0.049417 0.201079
1 2 0.088340 0.385731 0.274519 0.065575 0.185835
2 1 0.004074 0.121989 0.800556 0.018065 0.055316
1 1 0.127746 0.382640 0.249329 0.052685 0.187600
2 1 0.020677 0.197097 0.598404 0.038532 0.145290
1 0 0.078513 0.416161 0.320436 0.047626 0.137264
1 1 0.240709 0.376657 0.216481 0.024188 0.141966
4 0 0.170062 0.277838 0.145748 0.084634 0.321718
4 4 0.210990 0.250973 0.120683 0.077627 0.339727
4 4 0.143366 0.248312 0.129082 0.110221 0.369020
4 4 0.112984 0.229985 0.145248 0.120416 0.391368
4 4 0.086580 0.161500 0.230168 0.081826 0.439926
4 4 0.120481 0.243303 0.132325 0.125277 0.378615
4 4 0.121163 0.244506 0.131197 0.125706 0.377428
4 4 0.088109 0.191129 0.196642 0.103914 0.420207
4 0 0.268740 0.246572 0.112351 0.059420 0.312917
0 0 0.494894 0.199760 0.076767 0.021861 0.206719
0 0 0.318718 0.228292 0.113522 0.043733 0.295735
4 0 0.266661 0.246594 0.112831 0.059885 0.314029
1 1 0.109146 0.359713 0.234495 0.072767 0.223879
2 1 0.038483 0.325283 0.375127 0.079796 0.181311
2 1 0.034474 0.180503 0.419704 0.073771 0.291547
2 1 0.006208 0.078926 0.751689 0.026216 0.136961
2 2 0.002464 0.104336 0.823187 0.019424 0.050589
2 2 0.002605 0.137174 0.793130 0.022476 0.044616
2 2 0.002040 0.061037 0.879824 0.010259 0.046839
2 2 0.002359 0.048640 0.900217 0.006089 0.042695
2 2 0.001542 0.054960 0.880987 0.012325 0.050186
2 2 0.000806 0.050000 0.911496 0.019756 0.017941
2 2 0.001488 0.062708 0.889191 0.009839 0.036773
2 2 0.003052 0.122519 0.800771 0.022260 0.051397
2 2 0.001146 0.047878 0.915450 0.006349 0.029178
2 2 0.001961 0.087349 0.855272 0.014078 0.041341
2 2 0.003446 0.102702 0.825031 0.015615 0.053206
2 2 0.005239 0.104368 0.763455 0.027333 0.099604
2 2 0.000938 0.051371 0.907679 0.008851 0.031161
2 2 0.001710 0.104044 0.840855 0.016722 0.036669
2 2 0.002431 0.101438 0.825420 0.019332 0.051379
2 2 0.000674 0.035357 0.934859 0.005122 0.023988
2 2 0.000785 0.051487 0.911585 0.017834 0.018310
2 2 0.002879 0.115864 0.804755 0.022051 0.054451
2 2 0.000966 0.074532 0.894519 0.010361 0.019622
2 2 0.001409 0.072883 0.873987 0.026971 0.024750
2 2 0.004000 0.050779 0.699162 0.228254 0.017804
2 2 0.002970 0.133357 0.827848 0.009556 0.026269
2 2 0.000536 0.034868 0.936384 0.011549 0.016662
2 2 0.001628 0.080038 0.862021 0.014717 0.041597
2 2 0.002423 0.132972 0.800403 0.021507 0.042695
2 2 0.000827 0.033998 0.909633 0.042889 0.012653
2 2 0.001693 0.052262 0.891362 0.028879 0.025804
2 2 0.000616 0.041585 0.911061 0.037537 0.009200
2 2 0.000831 0.026695 0.895853 0.069507 0.007114
2 2 0.003088 0.161529 0.788656 0.015249 0.031477
2 0 0.001724 0.108886 0.837390 0.022674 0.029326
2 1 0.141903 0.277476 0.471330 0.009304 0.099988
2 2 0.019278 0.261421 0.500725 0.067846 0.150730
2 2 0.001497 0.049428 0.916444 0.010278 0.022353
2 2 0.000718 0.032176 0.925243 0.026351 0.015513
2 2 0.001393 0.088024 0.868661 0.020085 0.021837
2 2 0.000310 0.023715 0.953374 0.015942 0.006658
2 2 0.001367 0.043491 0.918360 0.020689 0.016093
2 2 0.001259 0.087780 0.870152 0.014777 0.026033
2 2 0.002143 0.137648 0.802291 0.020651 0.037267
2 2 0.001447 0.084842 0.863451 0.014303 0.035957
2 2 0.001207 0.038154 0.915910 0.006581 0.038148
2 2 0.000805 0.040551 0.927575 0.008235 0.022833
2 2 0.000776 0.049031 0.920437 0.009936 0.019820
2 2 0.002376 0.088647 0.848846 0.019580 0.040551
2 2 0.003014 0.141024 0.778242 0.049003 0.028716
2 2 0.001513 0.080420 0.874808 0.018008 0.025251
2 2 0.001364 0.041469 0.847070 0.098646 0.011452
2 3 0.001876 0.049978 0.801917 0.135904 0.010325
2 2 0.004247 0.096159 0.732097 0.139347 0.028150
2 2 0.005339 0.204872 0.702760 0.038563 0.048467
2 2 0.002412 0.063330 0.731339 0.190951 0.011968
2 2 0.001699 0.075713 0.862887 0.027394 0.032307
2 2 0.001834 0.067463 0.827565 0.088578 0.014560
2 2 0.004272 0.098067 0.698897 0.179009 0.019755
2 2 0.008117 0.259232 0.573395 0.119933 0.039322
2 2 0.004228 0.093859 0.696823 0.183284 0.021805
2 2 0.006824 0.157174 0.679886 0.121039 0.035077
2 3 0.003840 0.101285 0.704658 0.172040 0.018177
2 3 0.000975 0.028453 0.665933 0.300199 0.004440
2 2 0.002171 0.044371 0.522420 0.424145 0.006892
2 2 0.004393 0.198047 0.642122 0.133771 0.021666
2 3 0.009064 0.194828 0.549835 0.208113 0.038160
2 3 0.005526 0.128066 0.567948 0.279092 0.019368
2 3 0.001838 0.054667 0.519346 0.417765 0.006384
3 3 0.005145 0.045502 0.338794 0.599928 0.010631
2 3 0.005335 0.098959 0.528194 0.352091 0.015420
3 3 0.003330 0.056374 0.456479 0.475332 0.008484
3 3 0.002175 0.028399 0.376163 0.587791 0.005473
3 3 0.004639 0.051409 0.366657 0.565410 0.011886
2 3 0.003838 0.113841 0.584989 0.281731 0.015601
3 3 0.001094 0.011329 0.285717 0.699385 0.002475
2 3 0.004138 0.065082 0.473108 0.447967 0.009705
3 3 0.002832 0.049933 0.420071 0.518281 0.008882
3 3 0.001653 0.013174 0.191683 0.790050 0.003439
2 3 0.001821 0.027876 0.483342 0.481824 0.005136
3 3 0.002531 0.034126 0.361990 0.595326 0.006027
3 3 0.002968 0.020238 0.219087 0.751959 0.005748
3 3 0.002798 0.043970 0.402784 0.543019 0.007430
3 3 0.003080 0.017143 0.181822 0.791922 0.006033
3 3 0.002915 0.017380 0.192383 0.781807 0.005514
2 3 0.002407 0.052817 0.481023 0.456842 0.006912
3 3 0.003729 0.022637 0.203045 0.762039 0.008550
3 3 0.002647 0.029519 0.300730 0.660453 0.006650
3 3 0.002148 0.011928 0.152989 0.828661 0.004274
3 3 0.002653 0.019665 0.207214 0.763965 0.006503
3 3 0.002852 0.010703 0.117330 0.863507 0.005608
2 3 0.003811 0.068049 0.482672 0.435037 0.010431
3 3 0.004026 0.055946 0.409439 0.519572 0.011017
3 3 0.002067 0.032108 0.355468 0.604756 0.005600
3 3 0.005046 0.026165 0.206886 0.751520 0.010384
2 3 0.004957 0.092071 0.503226 0.383464 0.016282
3 3 0.002408 0.046199 0.456669 0.488567 0.006157
2 3 0.002526 0.068409 0.658570 0.260480 0.010015
2 3 0.003014 0.094551 0.670014 0.219822 0.012599
2 3 0.004387 0.090064 0.556605 0.335307 0.013638
3 3 0.004265 0.047966 0.366650 0.570757 0.010362
3 3 0.004525 0.046050 0.338206 0.599580 0.011639
2 3 0.005045 0.078643 0.484429 0.417335 0.014549
3 3 0.004005 0.063587 0.456449 0.465423 0.010537
3 3 0.002398 0.039665 0.400092 0.551600 0.006246
3 3 0.003075 0.029561 0.286827 0.673369 0.007168
3 3 0.003957 0.048698 0.362174 0.573632 0.011540
3 3 0.002119 0.033381 0.353195 0.605061 0.006244
3 3 0.002830 0.014999 0.162071 0.814140 0.005960
3 3 0.002360 0.014257 0.173475 0.805183 0.004724
3 3 0.003301 0.014396 0.153560 0.822983 0.005760
3 3 0.003010 0.017023 0.183884 0.790277 0.005806
3 3 0.002423 0.011494 0.143543 0.838201 0.004339
3 3 0.003884 0.018019 0.183798 0.788256 0.006042
3 3 0.002173 0.016451 0.203986 0.772753 0.004637
3 3 0.004401 0.026454 0.217415 0.741809 0.009920
3 3 0.001898 0.012707 0.179530 0.802361 0.003504
3 3 0.002677 0.010274 0.118303 0.863677 0.005069
3 3 0.003352 0.012191 0.129827 0.848935 0.005695
3 3 0.003287 0.014632 0.147117 0.828239 0.006726
3 3 0.001828 0.010080 0.143206 0.841398 0.003489
3 3 0.003650 0.015394 0.151064 0.823034 0.006858
3 3 0.003807 0.016200 0.151754 0.820634 0.007605
3 3 0.004292 0.010849 0.098463 0.878827 0.007568
3 3 0.004139 0.024177 0.214918 0.748439 0.008327
3 3 0.003239 0.012723 0.128944 0.848516 0.006578
3 3 0.006268 0.010988 0.093258 0.881881 0.007605
3 3 0.003209 0.015923 0.165546 0.809075 0.006247
3 3 0.004351 0.013638 0.128973 0.846095 0.006942
3 3 0.002677 0.019185 0.220559 0.752446 0.005134
3 3 0.003379 0.004939 0.056366 0.931121 0.004195
3 3 0.004072 0.012202 0.119803 0.857487 0.006436
3 0 0.004095 0.016732 0.152055 0.819141 0.007977
3 0 0.024185 0.090968 0.400572 0.461191 0.023084
0 2 0.348123 0.225824 0.336888 0.053792 0.035373
2 2 0.009490 0.216727 0.620042 0.101583 0.052158
2 3 0.001609 0.040908 0.655420 0.295754 0.006308
2 3 0.001081 0.033008 0.842128 0.116848 0.006935
2 3 0.002136 0.090282 0.811915 0.081638 0.014030
2 2 0.006652 0.210169 0.667894 0.039947 0.075338
2 2 0.003144 0.119014 0.785052 0.067928 0.024862
2 4 0.017068 0.290514 0.615181 0.020544 0.056693
4 4 0.114452 0.286454 0.175072 0.104352 0.319671
2 4 0.021160 0.102427 0.720355 0.014671 0.141387
4 4 0.275571 0.245767 0.111327 0.057632 0.309704
4 4 0.120175 0.242293 0.197385 0.086236 0.353911
1 4 0.202934 0.313494 0.167417 0.057963 0.258193
4 4 0.297516 0.242839 0.107998 0.052296 0.299351
1 4 0.270684 0.323060 0.166516 0.035476 0.204263
0 4 0.320560 0.239259 0.104449 0.047279 0.288453
0 4 0.311158 0.219341 0.123139 0.041695 0.304667
4 4 0.156555 0.235591 0.141255 0.092323 0.374277
4 4 0.145583 0.221625 0.168248 0.082477 0.382066
4 4 0.225754 0.250306 0.118620 0.072362 0.332958
4 4 0.269378 0.210962 0.142948 0.044827 0.331885
0 4 0.318453 0.239606 0.104775 0.047715 0.289450
4 4 0.188344 0.251246 0.123721 0.086765 0.349923
4 4 0.135312 0.247152 0.129902 0.115455 0.372178
0 4 0.312618 0.240548 0.105677 0.048946 0.292211
4 4 0.169879 0.250679 0.126053 0.095389 0.358000
4 4 0.190701 0.251264 0.123413 0.085746 0.348875
4 4 0.188096 0.251244 0.123754 0.086873 0.350034
4 4 0.174930 0.250913 0.125431 0.092909 0.355817
4 4 0.139476 0.165379 0.225846 0.054375 0.414923
4 4 0.241713 0.249209 0.116333 0.067181 0.325564
4 0 0.261661 0.247350 0.113405 0.061343 0.316241
0 4 0.507127 0.196341 0.074803 0.020642 0.201087
0 4 0.335160 0.236747 0.102178 0.044369 0.281545
4 4 0.121163 0.244506 0.131197 0.125706 0.377428
4 4 0.121163 0.244506 0.131197 0.125706 0.377428
2 4 0.052526 0.198631 0.362284 0.072590 0.313969
4 4 0.113982 0.231768 0.143469 0.121078 0.389702
4 4 0.123422 0.244985 0.131004 0.123969 0.376619
4 4 0.161891 0.250177 0.127011 0.099517 0.361404
4 4 0.121163 0.244506 0.131197 0.125706 0.377428
4 4 0.110518 0.225560 0.149723 0.118759 0.395440
4 4 0.230072 0.231609 0.133989 0.061847 0.342483
4 4 0.183679 0.251176 0.124324 0.088833 0.351987
4 4 0.163015 0.250258 0.126878 0.098920 0.360929
4 4 0.135428 0.207837 0.171825 0.084631 0.400279
4 4 0.145629 0.248597 0.128842 0.108818 0.368115
4 4 0.188041 0.251243 0.123761 0.086897 0.350058
4 4 0.192146 0.251270 0.123224 0.085129 0.348231
4 4 0.277735 0.241291 0.114352 0.055347 0.311274
4 4 0.259031 0.247624 0.113795 0.062076 0.317474
4 4 0.161352 0.250137 0.127074 0.099806 0.361632
4 4 0.143919 0.248383 0.129023 0.109875 0.368799
4 4 0.263937 0.247106 0.113067 0.060716 0.315173
4 4 0.140755 0.247961 0.129354 0.111875 0.370056
4 4 0.244357 0.248993 0.115949 0.066369 0.324333
0 4 0.326311 0.238291 0.103556 0.046110 0.285732
0 4 0.338195 0.236203 0.101705 0.043789 0.280109
0 4 0.314750 0.240207 0.105348 0.048493 0.291202
0 4 0.479785 0.203883 0.079191 0.023443 0.213699
4 4 0.234268 0.249767 0.117407 0.069537 0.329022
0 4 0.335190 0.236742 0.102174 0.044364 0.281531
4 4 0.136123 0.247279 0.129822 0.114910 0.371865
4 4 0.131137 0.246456 0.130305 0.118331 0.373771
4 4 0.227092 0.250229 0.118431 0.071908 0.332341
4 0 0.238122 0.249488 0.116852 0.068304 0.327233
0 0 0.793198 0.098141 0.029512 0.003446 0.075703
0 0 0.801359 0.094840 0.028258 0.003191 0.072353
0 0 0.681585 0.140444 0.046946 0.008052 0.122973
0 0 0.423833 0.218114 0.088151 0.030148 0.239755
0 0 0.452187 0.211113 0.083616 0.026572 0.226512
4 1 0.251060 0.248402 0.114970 0.064364 0.321205
4 1 0.172595 0.250812 0.125720 0.094044 0.356829
4 1 0.186652 0.251226 0.123941 0.087507 0.350674
4 1 0.226574 0.250259 0.118504 0.072083 0.332580
0 0 0.353571 0.233334 0.099295 0.040963 0.272837
0 1 0.634794 0.156675 0.054369 0.010685 0.143478
4 1 0.272810 0.246098 0.111741 0.058347 0.311003
0 0 0.305793 0.241610 0.106729 0.050430 0.295439
0 0 0.600038 0.168159 0.059912 0.012958 0.158933
0 0 0.893136 0.055414 0.014441 0.001002 0.036008
0 0 0.745600 0.116813 0.036890 0.005147 0.095550
0 0 0.792091 0.098586 0.029682 0.003481 0.076159
0 0 0.758902 0.111692 0.034818 0.004634 0.089953
0 0 0.696763 0.134991 0.044550 0.007295 0.116402
0 0 0.956493 0.024876 0.005413 0.000195 0.013023
0 0 0.849507 0.074719 0.020934 0.001890 0.052951
0 0 0.817810 0.088092 0.025740 0.002707 0.065652
0 0 0.832247 0.082064 0.023543 0.002317 0.059830
0 0 0.912173 0.046605 0.011666 0.000699 0.028857
0 0 0.874825 0.063654 0.017146 0.001342 0.043033
0 0 0.942867 0.031775 0.007296 0.000320 0.017742
0 0 0.972995 0.016155 0.003203 0.000082 0.007565
0 0 0.982812 0.010698 0.001943 0.000036 0.004511
0 0 0.947434 0.029488 0.006660 0.000275 0.016143
0 0 0.930106 0.038047 0.009094 0.000461 0.022292
0 0 0.937924 0.034224 0.007989 0.000372 0.019491
0 0 0.901314 0.051662 0.013244 0.000866 0.032915
0 0 0.913831 0.045825 0.011426 0.000675 0.028242
0 0 0.826029 0.084672 0.024487 0.002481 0.062330
0 0 0.910851 0.047225 0.011857 0.000719 0.029348
0 0 0.924083 0.040952 0.009953 0.000536 0.024476
0 0 0.920408 0.042709 0.010479 0.000584 0.025819
0 0 0.911515 0.046914 0.011761 0.000709 0.029101
0 0 0.888730 0.057416 0.015089 0.001079 0.037685
0 0 0.959731 0.023200 0.004972 0.000170 0.011927
0 0 0.971460 0.016987 0.003404 0.000091 0.008058
0 0 0.965645 0.020098 0.004176 0.000127 0.009955
0 0 0.912156 0.046613 0.011668 0.000699 0.028863
0 0 0.927890 0.039120 0.009410 0.000488 0.023093
0 0 0.817299 0.088303 0.025818 0.002722 0.065859
0 0 0.818041 0.083576 0.028343 0.002465 0.067574
0 1 0.456390 0.210038 0.082943 0.026074 0.224555
4 1 0.121163 0.244506 0.131197 0.125706 0.377428
4 0 0.128972 0.246068 0.130508 0.119869 0.374583
4 1 0.255661 0.247963 0.114293 0.063031 0.319053
4 1 0.126288 0.245561 0.130752 0.121823 0.375576
4 1 0.135563 0.289829 0.162620 0.096110 0.315878
1 1 0.093197 0.332657 0.216310 0.096928 0.260907
2 1 0.040429 0.326521 0.331042 0.098119 0.203889
2 2 0.035467 0.250284 0.393331 0.084814 0.236104
2 1 0.002460 0.113248 0.815715 0.020309 0.048268
4 1 0.080286 0.261300 0.210516 0.114515 0.333383
4 1 0.144278 0.248429 0.128985 0.109652 0.368656
4 1 0.108775 0.262852 0.148825 0.125535 0.354014
1 1 0.046629 0.357170 0.292058 0.104082 0.200061
1 1 0.041213 0.341928 0.322404 0.098690 0.195765
1 1 0.099326 0.297613 0.249161 0.078403 0.275497
4 1 0.125941 0.299971 0.173675 0.096371 0.304042
2 2 0.041152 0.335999 0.431321 0.051135 0.140393
2 2 0.027350 0.315523 0.471461 0.055594 0.130071
2 2 0.008319 0.150941 0.686444 0.038649 0.115647
2 2 0.005659 0.156891 0.770009 0.017126 0.050315
1 2 0.065592 0.357554 0.290314 0.082260 0.204281
0 1 0.433754 0.212252 0.089007 0.028032 0.236955
4 1 0.121163 0.244506 0.131197 0.125706 0.377428
4 1 0.060061 0.206936 0.284336 0.095042 0.353625
2 1 0.054930 0.273845 0.304727 0.095813 0.270685
2 1 0.035428 0.251557 0.490701 0.048907 0.173406
2 2 0.006669 0.158802 0.706053 0.035874 0.092602
2 2 0.005148 0.158578 0.753256 0.023568 0.059450
2 2 0.000998 0.037889 0.910034 0.008725 0.042354
2 2 0.010360 0.109064 0.672604 0.037174 0.170798
2 2 0.007288 0.095681 0.759054 0.023006 0.114970
2 2 0.005841 0.095974 0.807531 0.015212 0.075442
2 2 0.001102 0.048711 0.914140 0.006732 0.029316
2 1 0.051028 0.339770 0.473596 0.028738 0.106868
4 1 0.060760 0.210324 0.281277 0.096042 0.351597
2 1 0.093824 0.211292 0.406310 0.034675 0.253899
1 1 0.050159 0.314933 0.293570 0.104776 0.236562
2 2 0.016054 0.201509 0.565250 0.057026 0.160161
1 2 0.093290 0.347459 0.257625 0.075052 0.226574
2 2 0.046832 0.189137 0.345582 0.084072 0.334376
0 0 0.333443 0.291533 0.167792 0.023151 0.184080
0 1 0.393685 0.225040 0.092954 0.034410 0.253911
4 2 0.068625 0.235141 0.249823 0.104549 0.341862
2 2 0.010200 0.144057 0.663226 0.041353 0.141164
2 2 0.017300 0.261788 0.554384 0.049535 0.116992
2 2 0.026534 0.294022 0.457297 0.067154 0.154992
2 2 0.013613 0.231987 0.614463 0.039483 0.100454
2 2 0.000169 0.016041 0.972002 0.004611 0.007178
2 2 0.004178 0.112779 0.779742 0.025568 0.077733
2 2 0.001528 0.042435 0.897934 0.008790 0.049313
2 2 0.006125 0.118643 0.791614 0.016457 0.067161
2 2 0.023376 0.275777 0.501404 0.057458 0.141985
2 2 0.015612 0.215976 0.592690 0.046382 0.129340
2 2 0.001046 0.040649 0.912183 0.007970 0.038152
2 2 0.023346 0.265911 0.486373 0.065247 0.159122
2 2 0.004162 0.097824 0.836529 0.011577 0.049908
2 2 0.000467 0.022380 0.946576 0.016131 0.014446
2 2 0.000602 0.024607 0.954084 0.002611 0.018096
2 2 0.000726 0.032699 0.942057 0.003661 0.020856
2 2 0.001423 0.060392 0.900070 0.007583 0.030531
2 1 0.001133 0.038575 0.928547 0.004484 0.027260
2 1 0.009142 0.156190 0.745241 0.018640 0.070787
2 1 0.003760 0.069037 0.887344 0.004981 0.034877
2 2 0.020232 0.226506 0.527892 0.059877 0.165493
2 0 0.020161 0.389783 0.502558 0.030047 0.057451
1 0 0.210831 0.411019 0.257790 0.017353 0.103007
0 1 0.569900 0.177712 0.064734 0.015175 0.172479
1 2 0.057942 0.423481 0.357072 0.045797 0.115709
2 2 0.007631 0.229608 0.692882 0.021715 0.048164
2 2 0.002205 0.095032 0.848228 0.022363 0.032171
2 2 0.001396 0.036584 0.912517 0.039592 0.009910
2 2 0.001587 0.106990 0.842033 0.016133 0.033257
2 2 0.000064 0.006896 0.982092 0.007723 0.003225
2 2 0.000928 0.052057 0.923056 0.008409 0.015550
2 2 0.003651 0.104680 0.795798 0.023398 0.072473
2 2 0.004253 0.149269 0.766755 0.023433 0.056290
2 2 0.000467 0.026272 0.954106 0.004178 0.014977
2 2 0.002149 0.047792 0.904547 0.008124 0.037388
2 2 0.004899 0.151115 0.767831 0.020803 0.055353
2 2 0.000764 0.045207 0.933956 0.008390 0.011683
2 2 0.001474 0.060927 0.906425 0.005825 0.025349
2 2 0.000475 0.023436 0.961645 0.005819 0.008625
2 2 0.000414 0.037623 0.935625 0.013840 0.012499
2 2 0.000493 0.042655 0.934044 0.005613 0.017195
2 2 0.001446 0.088322 0.868045 0.011944 0.030243
2 2 0.002256 0.036410 0.941077 0.005131 0.015126
2 2 0.000343 0.020260 0.953849 0.016619 0.008930
2 2 0.003011 0.087493 0.818660 0.064896 0.025939
2 2 0.000552 0.035262 0.925042 0.029683 0.009460
2 2 0.002914 0.113784 0.833364 0.012610 0.037328
2 2 0.002299 0.059716 0.894753 0.023879 0.019354
2 2 0.003116 0.179246 0.747269 0.027003 0.043365
2 2 0.002568 0.108655 0.817182 0.040370 0.031224
2 2 0.001114 0.037885 0.869332 0.079777 0.011892
2 2 0.001285 0.052571 0.911875 0.015749 0.018520
2 2 0.000821 0.035751 0.866575 0.088914 0.007939
2 2 0.000739 0.036457 0.913467 0.040114 0.009224
2 2 0.005254 0.150361 0.657393 0.157977 0.029015
2 3 0.004760 0.188427 0.718568 0.038328 0.049918
2 2 0.002929 0.055751 0.609297 0.322251 0.009771
2 3 0.005988 0.148086 0.642364 0.175716 0.027847
2 3 0.000946 0.042657 0.864340 0.083252 0.008805
2 3 0.003898 0.081144 0.565023 0.335413 0.014522
2 3 0.001569 0.062863 0.686202 0.242776 0.006591
3 3 0.001999 0.030203 0.353114 0.609731 0.004953
2 3 0.002281 0.036761 0.492884 0.460093 0.007980
2 3 0.003831 0.102515 0.591763 0.286105 0.015785
3 3 0.003761 0.054340 0.387755 0.541597 0.012546
3 3 0.003727 0.031560 0.274722 0.681166 0.008824
3 3 0.002191 0.021532 0.255421 0.715802 0.005054
3 3 0.002337 0.020921 0.248160 0.723640 0.004941
2 3 0.002056 0.043433 0.487320 0.460725 0.006467
3 3 0.004313 0.025485 0.212257 0.748252 0.009693
3 3 0.002664 0.021592 0.232349 0.737318 0.006076
3 3 0.003519 0.034267 0.294136 0.658877 0.009201
3 3 0.001413 0.012851 0.202846 0.779927 0.002963
3 3 0.001262 0.012141 0.200642 0.783197 0.002758
2 3 0.002484 0.066565 0.553839 0.367180 0.009932
3 3 0.002665 0.024711 0.280902 0.684412 0.007310
3 3 0.005309 0.077833 0.442718 0.457295 0.016845
3 3 0.003253 0.012828 0.136754 0.841391 0.005773
3 3 0.001358 0.022385 0.346550 0.626089 0.003619
3 3 0.005147 0.011191 0.094200 0.880990 0.008474
3 3 0.001565 0.016289 0.236105 0.742539 0.003502
3 3 0.002123 0.030545 0.334536 0.626952 0.005845
3 3 0.001601 0.015851 0.246045 0.732813 0.003690
3 3 0.002615 0.028475 0.289966 0.672180 0.006765
3 3 0.002462 0.011896 0.144720 0.836304 0.004619
3 3 0.002930 0.006061 0.071029 0.915641 0.004339
3 3 0.002260 0.012151 0.155485 0.825894 0.004209
3 3 0.004118 0.033918 0.284350 0.668389 0.009225
3 3 0.005369 0.031187 0.222690 0.727721 0.013032
3 3 0.002806 0.015405 0.171548 0.804710 0.005531
3 3 0.004251 0.008174 0.080393 0.901202 0.005981
3 3 0.002288 0.020531 0.236139 0.735598 0.005443
3 3 0.002840 0.005914 0.070715 0.916365 0.004166
3 3 0.003611 0.031671 0.277619 0.678337 0.008762
3 3 0.002699 0.024435 0.266254 0.700895 0.005717
3 3 0.002096 0.008511 0.115081 0.870633 0.003680
2 0 0.013989 0.229365 0.515305 0.182423 0.058917
1 1 0.103998 0.440462 0.334292 0.025006 0.096241
2 2 0.034210 0.197965 0.471474 0.058562 0.237789
2 2 0.008007 0.091909 0.849902 0.021437 0.028746
2 2 0.008287 0.188360 0.695188 0.069122 0.039044
2 1 0.011746 0.260167 0.610344 0.037899 0.079844
2 1 0.046465 0.234264 0.536989 0.029017 0.153266
1 1 0.081379 0.299261 0.227456 0.104157 0.287746
1 1 0.152812 0.393468 0.251403 0.039221 0.163096
4 4 0.234349 0.253182 0.119675 0.068426 0.324369
2 4 0.059487 0.312051 0.408458 0.047581 0.172422
2 4 0.109107 0.299133 0.353932 0.037731 0.200097
2 4 0.047222 0.169882 0.467500 0.045029 0.270367
4 4 0.199184 0.173859 0.202556 0.042333 0.382069
4 0 0.134483 0.212812 0.166113 0.088900 0.397693
1 0 0.284960 0.341567 0.180398 0.026416 0.166659
0 4 0.364497 0.231187 0.097575 0.039067 0.267674
4 4 0.207917 0.251066 0.121105 0.078787 0.341125
4 4 0.232052 0.249918 0.117724 0.070258 0.330048
4 4 0.267488 0.214488 0.140204 0.046506 0.331314
0 4 0.498298 0.198816 0.076220 0.021516 0.205149
0 4 0.529261 0.189975 0.071251 0.018572 0.190942
4 4 0.225724 0.250308 0.118625 0.072372 0.332971
4 4 0.160769 0.250092 0.127143 0.100119 0.361877
4 4 0.270575 0.218663 0.135531 0.047608 0.327624
4 4 0.160283 0.250055 0.127199 0.100381 0.362081
4 4 0.157270 0.203906 0.174931 0.070918 0.392976
0 4 0.533861 0.188624 0.070512 0.018162 0.188841
0 4 0.327762 0.238042 0.103331 0.045819 0.285045
4 4 0.122892 0.244875 0.131050 0.124373 0.376810
4 0 0.289491 0.238742 0.113344 0.052128 0.306295
0 0 0.720444 0.126298 0.040826 0.006199 0.106234
0 4 0.415853 0.220001 0.089425 0.031227 0.243494
4 4 0.148988 0.248989 0.128478 0.106788 0.366756
4 4 0.176837 0.250985 0.125193 0.091998 0.354987
4 4 0.157115 0.249794 0.127566 0.102117 0.363408
4 4 0.119382 0.241362 0.134158 0.124581 0.380518
4 4 0.123700 0.245043 0.130980 0.123758 0.376519
4 4 0.121163 0.244506 0.131197 0.125706 0.377428
4 4 0.121163 0.244506 0.131197 0.125706 0.377428
4 4 0.147615 0.248833 0.128628 0.107611 0.367313
4 4 0.209987 0.251005 0.120821 0.078003 0.340184
4 4 0.167333 0.250537 0.126362 0.096676 0.359091
4 4 0.240174 0.249331 0.116556 0.067660 0.326279
4 4 0.258081 0.247721 0.113935 0.062343 0.317919
4 4 0.121163 0.244506 0.131197 0.125706 0.377428
4 4 0.145257 0.154759 0.240313 0.046337 0.413334
4 4 0.230174 0.207469 0.156998 0.050717 0.354643
4 4 0.141131 0.248013 0.129315 0.111634 0.369907
4 4 0.138936 0.241112 0.136017 0.107764 0.376170
4 4 0.121163 0.244506 0.131197 0.125706 0.377428
4 4 0.121163 0.244506 0.131197 0.125706 0.377428
4 4 0.294527 0.243267 0.108454 0.052989 0.300763
4 4 0.216471 0.250767 0.119924 0.075615 0.337224
4 4 0.121163 0.244506 0.131197 0.125706 0.377428
4 4 0.114025 0.231846 0.143393 0.121107 0.389630
4 4 0.121163 0.244506 0.131197 0.125706 0.377428
4 4 0.121163 0.244506 0.131197 0.125706 0.377428
4 4 0.120172 0.242758 0.132838 0.125082 0.379151
4 4 0.121163 0.244506 0.131197 0.125706 0.377428
4 4 0.121163 0.244506 0.131197 0.125706 0.377428
4 4 0.097824 0.202458 0.174698 0.109770 0.415249
4 4 0.121163 0.244506 0.131197 0.125706 0.377428
4 0 0.271311 0.246275 0.111966 0.058739 0.311708
0 0 0.757665 0.112172 0.035011 0.004680 0.090472
4 1 0.210364 0.250993 0.120769 0.077861 0.340012
4 1 0.121163 0.244506 0.131197 0.125706 0.377428
4 1 0.121163 0.244506 0.131197 0.125706 0.377428
4 1 0.107012 0.219236 0.156287 0.116354 0.401112
4 2 0.066060 0.142165 0.255660 0.083680 0.452435
4 2 0.059018 0.128289 0.278561 0.077122 0.457009
4 2 0.104100 0.213950 0.161927 0.114312 0.405712
4 2 0.088607 0.185333 0.195132 0.102748 0.428181
4 1 0.104499 0.214675 0.161144 0.114594 0.405088
