0 0 0.619191 0.140103 0.075688 0.066165 0.098852
0 0 0.565932 0.235320 0.060206 0.016339 0.122204
0 0 0.818383 0.103553 0.025985 0.024873 0.027205
0 0 0.913288 0.054823 0.007923 0.013562 0.010404
0 0 0.828774 0.090664 0.021913 0.026851 0.031798
0 0 0.850267 0.079892 0.019417 0.027232 0.023192
0 0 0.844049 0.099368 0.012777 0.010665 0.033141
0 0 0.904424 0.058809 0.009324 0.015404 0.012039
0 0 0.710283 0.181103 0.012989 0.003650 0.091974
0 0 0.362505 0.360855 0.125381 0.012171 0.139089
0 0 0.391820 0.358937 0.042370 0.003165 0.203707
0 0 0.620774 0.246429 0.044309 0.009470 0.079017
0 0 0.770243 0.109310 0.034160 0.036666 0.049621
0 0 0.596296 0.156408 0.061922 0.042401 0.142972
0 0 0.795514 0.106324 0.024810 0.025188 0.048164
0 0 0.728126 0.131855 0.029583 0.022696 0.087740
0 0 0.854422 0.085895 0.013908 0.015821 0.029954
0 0 0.861325 0.075981 0.017163 0.024756 0.020775
0 0 0.546786 0.305221 0.013441 0.001109 0.133443
1 0 0.401819 0.454299 0.025542 0.001257 0.117083
1 0 0.248035 0.475423 0.077774 0.002794 0.195974
0 0 0.436021 0.366055 0.093756 0.008758 0.095410
0 1 0.546951 0.332407 0.035469 0.003297 0.081875
1 1 0.166650 0.580284 0.067931 0.001893 0.183243
1 0 0.307272 0.481633 0.057767 0.002323 0.151005
0 0 0.451732 0.335308 0.034411 0.003059 0.175490
1 0 0.367563 0.442818 0.038632 0.002078 0.148908
0 1 0.522084 0.289780 0.026485 0.003243 0.158409
1 1 0.070217 0.638381 0.155624 0.002826 0.132952
1 1 0.180776 0.573066 0.137563 0.002839 0.105756
1 1 0.048474 0.629801 0.248328 0.008880 0.064517
1 1 0.029889 0.472110 0.424509 0.009705 0.063787
2 0 0.044828 0.304385 0.597552 0.010095 0.043141
1 0 0.070037 0.586230 0.278453 0.004935 0.060344
1 0 0.170780 0.656244 0.090244 0.002503 0.080230
1 1 0.386071 0.475092 0.040528 0.001778 0.096530
1 0 0.162222 0.641416 0.132100 0.003500 0.060762
1 0 0.378903 0.478730 0.033846 0.001410 0.107111
0 0 0.521711 0.355111 0.032182 0.002429 0.088567
0 0 0.653274 0.153475 0.030239 0.017610 0.145402
0 0 0.836768 0.084432 0.022290 0.030285 0.026225
0 0 0.823178 0.088794 0.025293 0.033343 0.029392
0 0 0.896229 0.062341 0.010689 0.017136 0.013606
0 0 0.793595 0.103581 0.028110 0.030811 0.043904
0 0 0.797567 0.135318 0.020599 0.011009 0.035508
0 0 0.789165 0.101522 0.031576 0.036864 0.040873
0 0 0.837856 0.091441 0.017318 0.019429 0.033955
0 0 0.877051 0.081326 0.003659 0.002781 0.035184
0 0 0.877356 0.076553 0.010275 0.012342 0.023474
0 0 0.718562 0.134760 0.030483 0.022751 0.093445
0 0 0.827282 0.096187 0.018400 0.019605 0.038525
0 0 0.742665 0.129604 0.023675 0.017386 0.086671
0 0 0.827751 0.099689 0.014443 0.013463 0.044655
0 0 0.870926 0.081880 0.008921 0.009293 0.028980
0 0 0.866748 0.081306 0.011657 0.013467 0.026823
0 0 0.854814 0.086661 0.013072 0.014379 0.031074
0 0 0.898471 0.069755 0.006875 0.007797 0.017102
0 0 0.891528 0.064305 0.011500 0.018141 0.014526
0 0 0.803922 0.094519 0.029796 0.037823 0.033940
0 0 0.880794 0.068635 0.013425 0.020463 0.016683
0 0 0.802296 0.094986 0.030186 0.038199 0.034333
0 0 0.625662 0.135717 0.082645 0.076114 0.079862
0 0 0.735605 0.120804 0.048959 0.047198 0.047435
0 0 0.866673 0.074024 0.016106 0.023567 0.019629
0 0 0.736460 0.126363 0.049385 0.043066 0.044726
0 0 0.760620 0.118535 0.042220 0.039106 0.039519
0 0 0.761608 0.105773 0.040453 0.047683 0.044483
0 0 0.834457 0.085185 0.022794 0.030811 0.026753
0 0 0.878611 0.080519 0.004689 0.003961 0.032220
0 0 0.778217 0.116996 0.021691 0.018247 0.064850
0 0 0.861025 0.079825 0.015217 0.019736 0.024197
0 0 0.493420 0.204895 0.082049 0.032057 0.187580
0 0 0.681202 0.146808 0.028752 0.018016 0.125221
0 0 0.743826 0.131585 0.013197 0.007671 0.103720
0 1 0.912109 0.063186 0.001719 0.001399 0.021588
1 0 0.313491 0.542379 0.061989 0.002630 0.079511
0 1 0.716066 0.211429 0.006766 0.000959 0.064781
1 1 0.151865 0.623919 0.127680 0.003086 0.093451
1 1 0.185298 0.646255 0.092221 0.002678 0.073548
1 1 0.099436 0.627576 0.209166 0.004048 0.059774
1 1 0.035821 0.557104 0.366200 0.006548 0.034327
1 2 0.033603 0.467566 0.453279 0.006536 0.039016
2 2 0.036477 0.432142 0.491047 0.012664 0.027671
2 2 0.025528 0.346794 0.566258 0.035809 0.025611
2 2 0.011748 0.123565 0.790145 0.054542 0.019999
2 2 0.047854 0.353619 0.534093 0.028042 0.036393
2 2 0.028342 0.251027 0.657091 0.023923 0.039618
2 2 0.020155 0.218953 0.680016 0.048783 0.032093
2 2 0.017203 0.157604 0.770632 0.021677 0.032884
2 2 0.013249 0.090071 0.830316 0.040304 0.026061
2 2 0.007562 0.050422 0.870477 0.054825 0.016713
2 2 0.058631 0.311076 0.514106 0.062814 0.053373
2 3 0.019315 0.063324 0.795289 0.089195 0.032877
2 3 0.088587 0.121574 0.467511 0.272354 0.049974
2 3 0.020504 0.072144 0.711487 0.171210 0.024655
2 3 0.049683 0.077972 0.441282 0.402390 0.028672
2 3 0.044774 0.086602 0.682216 0.144667 0.041740
2 3 0.028337 0.061105 0.671560 0.209000 0.029999
3 2 0.054885 0.055404 0.266361 0.599812 0.023539
2 0 0.091325 0.247639 0.505875 0.088727 0.066434
2 1 0.242324 0.199311 0.345582 0.096448 0.116336
1 1 0.062616 0.458379 0.407315 0.011603 0.060087
1 0 0.108217 0.611384 0.148418 0.003637 0.128344
1 0 0.388004 0.400991 0.089535 0.006267 0.115203
1 2 0.297432 0.511209 0.132080 0.003964 0.055316
2 0 0.110848 0.269723 0.518615 0.031394 0.069420
0 0 0.803301 0.160271 0.009704 0.002410 0.024315
0 2 0.662638 0.276199 0.012299 0.001116 0.047747
1 1 0.059104 0.454609 0.434233 0.006223 0.045832
1 1 0.216245 0.548868 0.172851 0.004157 0.057879
1 2 0.117600 0.546336 0.295094 0.005616 0.035354
2 2 0.009268 0.065702 0.812867 0.094263 0.017901
2 2 0.057017 0.265900 0.604821 0.017518 0.054743
2 3 0.017157 0.111302 0.781630 0.063449 0.026463
2 3 0.028812 0.124357 0.745198 0.071926 0.029707
2 3 0.012336 0.041336 0.784557 0.141263 0.020509
2 3 0.016334 0.069326 0.769009 0.122274 0.023057
2 3 0.034079 0.162002 0.660810 0.100610 0.042499
3 3 0.020363 0.040529 0.352393 0.573611 0.013105
3 3 0.022665 0.026432 0.217081 0.723592 0.010230
2 3 0.032777 0.118834 0.696933 0.114873 0.036583
2 3 0.039058 0.127428 0.584531 0.211484 0.037500
2 3 0.028097 0.131291 0.556322 0.257815 0.026475
3 3 0.014794 0.042697 0.342372 0.588966 0.011171
2 3 0.019328 0.116605 0.696926 0.141587 0.025553
3 3 0.019263 0.024398 0.245725 0.699721 0.010894
2 3 0.015596 0.112000 0.721173 0.129243 0.021989
2 3 0.058830 0.121554 0.420976 0.366923 0.031717
2 3 0.008563 0.126408 0.728293 0.121368 0.015369
2 3 0.011388 0.058431 0.646935 0.267754 0.015493
3 3 0.014695 0.057324 0.323918 0.590468 0.013595
2 3 0.009490 0.063284 0.700882 0.211265 0.015079
2 3 0.020338 0.272887 0.561197 0.119975 0.025602
2 3 0.014159 0.077563 0.712880 0.176190 0.019207
2 3 0.008747 0.032928 0.489541 0.458813 0.009971
3 3 0.014674 0.022335 0.165118 0.789552 0.008320
2 3 0.004536 0.032858 0.749447 0.204119 0.009040
3 3 0.013013 0.022679 0.188139 0.768196 0.007973
2 3 0.013674 0.090005 0.715563 0.159938 0.020820
3 3 0.040830 0.057883 0.327790 0.551553 0.021945
2 3 0.027319 0.078789 0.462729 0.407452 0.023710
3 3 0.021506 0.028449 0.192371 0.746028 0.011647
3 3 0.018144 0.024191 0.189656 0.758859 0.009150
3 3 0.015409 0.025682 0.138178 0.813875 0.006856
3 3 0.018346 0.025424 0.119151 0.829847 0.007233
3 3 0.031324 0.087536 0.363411 0.497755 0.019974
3 3 0.060390 0.073133 0.323710 0.514341 0.028426
2 3 0.118740 0.156133 0.517649 0.108970 0.098508
2 3 0.055972 0.301012 0.539060 0.048432 0.055524
2 2 0.055122 0.226933 0.566134 0.111197 0.040613
2 2 0.087734 0.374198 0.442237 0.050808 0.045023
2 3 0.030714 0.347655 0.548340 0.044283 0.029008
2 2 0.080855 0.245599 0.555064 0.069307 0.049174
1 2 0.112347 0.427803 0.413523 0.011994 0.034334
2 2 0.146607 0.365522 0.416170 0.016727 0.054973
2 1 0.082403 0.332543 0.512511 0.018563 0.053979
2 2 0.109023 0.330631 0.480724 0.017995 0.061627
2 2 0.032922 0.128965 0.677769 0.124161 0.036183
2 2 0.042763 0.238620 0.642021 0.018888 0.057707
2 2 0.041971 0.191958 0.671834 0.044187 0.050049
2 3 0.037619 0.261744 0.594235 0.062009 0.044393
2 2 0.080010 0.076733 0.472145 0.320582 0.050530
2 2 0.062665 0.356261 0.494797 0.043860 0.042417
2 3 0.042426 0.290946 0.581553 0.035205 0.049870
2 3 0.013627 0.078774 0.806896 0.077069 0.023634
2 2 0.020993 0.089219 0.741208 0.115882 0.032698
2 2 0.058873 0.362379 0.485429 0.046098 0.047221
2 2 0.036476 0.373115 0.502314 0.060272 0.027822
2 2 0.004467 0.043147 0.871915 0.068273 0.012197
2 2 0.037030 0.376714 0.507639 0.040706 0.037911
2 2 0.011095 0.109077 0.791079 0.066183 0.022567
2 2 0.043046 0.308721 0.561947 0.045090 0.041197
2 2 0.024244 0.236437 0.637291 0.070366 0.031661
2 2 0.012446 0.072176 0.838922 0.049390 0.027065
2 2 0.013858 0.161700 0.716648 0.079166 0.028627
2 2 0.044294 0.222955 0.594766 0.099128 0.038856
2 2 0.037136 0.286004 0.596483 0.040835 0.039541
2 2 0.020465 0.174753 0.741118 0.029521 0.034143
2 3 0.003130 0.039084 0.903150 0.044899 0.009736
2 2 0.008212 0.028051 0.506708 0.446581 0.010448
2 3 0.034603 0.323411 0.558758 0.048030 0.035198
2 2 0.016871 0.086791 0.494958 0.385682 0.015698
2 3 0.032160 0.310562 0.587204 0.033068 0.037005
3 3 0.017082 0.045690 0.405003 0.519027 0.013199
2 2 0.031834 0.229101 0.616238 0.087591 0.035235
2 3 0.021953 0.201305 0.637688 0.115248 0.023806
2 3 0.026223 0.237468 0.652959 0.052994 0.030355
2 3 0.016050 0.133207 0.726394 0.100019 0.024329
2 2 0.011578 0.058849 0.726434 0.187829 0.015309
2 2 0.009277 0.062731 0.791291 0.117931 0.018769
2 3 0.012422 0.086305 0.782225 0.100660 0.018387
2 3 0.021818 0.118402 0.483504 0.356528 0.019749
2 0 0.012868 0.056616 0.566825 0.347194 0.016498
1 0 0.241901 0.378236 0.309353 0.018599 0.051910
0 0 0.694083 0.260816 0.018716 0.001993 0.024392
0 0 0.567034 0.353587 0.022480 0.001413 0.055486
0 0 0.600196 0.337180 0.023090 0.001549 0.037985
0 0 0.627809 0.313980 0.017100 0.001239 0.039872
0 0 0.649980 0.290405 0.019563 0.001808 0.038244
0 0 0.510015 0.413972 0.027933 0.001650 0.046430
0 1 0.588445 0.356461 0.017571 0.000981 0.036542
1 1 0.182284 0.668810 0.094367 0.002133 0.052405
1 1 0.157254 0.664280 0.110696 0.002976 0.064793
1 2 0.143089 0.645527 0.155995 0.004160 0.051230
2 2 0.053457 0.332596 0.553456 0.017859 0.042633
1 2 0.155259 0.449271 0.345385 0.008437 0.041648
1 2 0.115868 0.513690 0.338361 0.004909 0.027172
2 2 0.059023 0.288725 0.575576 0.017907 0.058770
2 2 0.047704 0.379022 0.521620 0.020866 0.030788
2 2 0.030097 0.182098 0.725458 0.019075 0.043272
2 2 0.068605 0.392887 0.495789 0.009852 0.032867
2 2 0.050483 0.277005 0.589327 0.034891 0.048294
2 2 0.085860 0.356225 0.496951 0.014032 0.046932
2 2 0.099793 0.406810 0.447856 0.009335 0.036206
2 2 0.141222 0.362319 0.424206 0.016752 0.055500
2 1 0.087830 0.378246 0.484136 0.009450 0.040339
1 2 0.110745 0.427457 0.419644 0.008839 0.033315
2 2 0.055051 0.370803 0.526413 0.013752 0.033981
2 3 0.060522 0.292164 0.575996 0.014104 0.057213
2 2 0.036337 0.215195 0.665052 0.053223 0.030193
2 2 0.055214 0.304805 0.557481 0.037052 0.045447
2 3 0.052741 0.226636 0.628976 0.034575 0.057072
2 2 0.065277 0.247430 0.589256 0.034156 0.063881
2 2 0.051704 0.310054 0.579185 0.012638 0.046418
2 2 0.026170 0.130886 0.769394 0.032514 0.041035
2 0 0.061526 0.324131 0.554971 0.012316 0.047055
0 1 0.517523 0.385450 0.029689 0.001671 0.065667
2 1 0.190066 0.306746 0.385731 0.033021 0.084436
2 2 0.179921 0.337955 0.384142 0.024366 0.073616
2 2 0.113675 0.258839 0.491281 0.036394 0.099811
2 2 0.049406 0.276321 0.595188 0.021036 0.058049
2 2 0.070007 0.311723 0.536681 0.024323 0.057266
2 2 0.039945 0.331675 0.559539 0.031534 0.037307
2 2 0.055363 0.353423 0.529668 0.022388 0.039157
2 2 0.043009 0.314938 0.585949 0.015127 0.040977
2 2 0.057289 0.268176 0.598314 0.027241 0.048979
2 2 0.050177 0.266257 0.605190 0.027954 0.050422
2 2 0.053385 0.307394 0.572143 0.017617 0.049461
2 2 0.036027 0.214935 0.620066 0.089104 0.039868
2 0 0.082274 0.321960 0.513596 0.023818 0.058352
0 0 0.884812 0.076772 0.005820 0.005686 0.026909
0 0 0.857085 0.090465 0.006032 0.004735 0.041683
0 0 0.796312 0.168296 0.003754 0.000591 0.031046
0 0 0.857749 0.112055 0.004155 0.001558 0.024483
0 1 0.753335 0.211035 0.006898 0.000825 0.027907
0 1 0.616866 0.327404 0.021325 0.001452 0.032953
1 1 0.178605 0.623457 0.125035 0.002988 0.069915
1 0 0.332091 0.533487 0.091064 0.003536 0.039822
0 0 0.630057 0.313187 0.021252 0.001632 0.033873
1 1 0.415411 0.486949 0.055871 0.002134 0.039635
0 1 0.515673 0.400501 0.043557 0.002286 0.037983
1 2 0.427847 0.439440 0.089990 0.004322 0.038401
1 2 0.260262 0.548714 0.140330 0.003586 0.047108
1 2 0.250234 0.460151 0.233752 0.008571 0.047291
2 2 0.080726 0.426508 0.452379 0.006806 0.033581
2 2 0.064738 0.404213 0.493305 0.008362 0.029381
1 0 0.394837 0.399601 0.154045 0.010444 0.041074
0 0 0.715394 0.241365 0.020283 0.002569 0.020389
0 0 0.788483 0.177868 0.013103 0.002704 0.017842
0 0 0.939469 0.041880 0.004285 0.008373 0.005993
0 0 0.899038 0.083484 0.005408 0.003203 0.008868
0 0 0.774923 0.195699 0.010011 0.001489 0.017878
0 0 0.747738 0.210161 0.020385 0.003473 0.018243
0 0 0.860826 0.114223 0.005884 0.002231 0.016836
0 0 0.756227 0.208101 0.010240 0.001441 0.023992
0 0 0.845925 0.127698 0.007608 0.002514 0.016255
0 0 0.806457 0.155834 0.009273 0.002443 0.025993
0 0 0.769543 0.184718 0.010759 0.002188 0.032792
0 0 0.869052 0.108413 0.005769 0.002325 0.014441
0 0 0.802666 0.152183 0.007105 0.001908 0.036138
0 0 0.611817 0.300426 0.032619 0.003579 0.051560
0 0 0.804533 0.132388 0.011048 0.005130 0.046902
0 0 0.810831 0.103889 0.019327 0.018721 0.047233
0 0 0.860156 0.086809 0.009976 0.009961 0.033098
0 0 0.874629 0.082232 0.005547 0.004838 0.032755
0 0 0.751846 0.178272 0.009126 0.002130 0.058626
0 0 0.762592 0.148229 0.022427 0.011211 0.055541
0 0 0.907658 0.064709 0.004433 0.004953 0.018248
0 0 0.906711 0.061246 0.007360 0.010613 0.014070
0 0 0.916317 0.060605 0.003027 0.003212 0.016839
0 0 0.845028 0.118932 0.005395 0.002073 0.028572
0 0 0.645939 0.227969 0.032607 0.007631 0.085854
0 0 0.900868 0.067338 0.005910 0.006945 0.018939
0 0 0.881609 0.073119 0.010737 0.013937 0.020599
0 0 0.899041 0.063506 0.009145 0.013562 0.014745
0 0 0.939105 0.050340 0.001674 0.001591 0.007290
0 0 0.925625 0.063145 0.001440 0.000855 0.008935
0 0 0.782604 0.114533 0.022515 0.019816 0.060533
0 0 0.855138 0.091299 0.006295 0.004953 0.042314
0 0 0.829300 0.094201 0.019119 0.021251 0.036129
0 0 0.725528 0.136312 0.020132 0.012812 0.105216
0 0 0.885034 0.072094 0.009919 0.012768 0.020185
0 0 0.896957 0.069516 0.006122 0.006978 0.020428
0 0 0.789110 0.114204 0.018836 0.015688 0.062162
0 0 0.849256 0.090831 0.011983 0.011969 0.035961
0 0 0.865328 0.082224 0.011603 0.013176 0.027669
0 0 0.828366 0.097449 0.016638 0.016823 0.040723
0 0 0.936284 0.048518 0.002196 0.002782 0.010220
0 0 0.890325 0.069494 0.009299 0.012297 0.018585
0 0 0.687545 0.146169 0.023990 0.014249 0.128048
0 0 0.844287 0.093797 0.011483 0.010792 0.039641
0 0 0.772590 0.158004 0.017252 0.006502 0.045652
0 0 0.780393 0.118782 0.006168 0.003205 0.091451
0 0 0.779149 0.166556 0.007152 0.001662 0.045481
0 0 0.837718 0.098267 0.004396 0.002715 0.056904
0 1 0.652808 0.254274 0.014097 0.001804 0.077016
1 1 0.090123 0.631997 0.154300 0.003526 0.120055
1 1 0.038561 0.583335 0.300965 0.004480 0.072659
1 1 0.116552 0.680415 0.130350 0.002803 0.069880
1 1 0.090573 0.656875 0.197491 0.003168 0.051892
1 1 0.139039 0.606213 0.218728 0.005722 0.030298
1 1 0.280151 0.539589 0.117466 0.002862 0.059932
0 1 0.592958 0.342709 0.029487 0.002015 0.032831
1 1 0.301078 0.487492 0.164094 0.005567 0.041769
0 1 0.539363 0.377236 0.051116 0.003169 0.029115
1 1 0.410013 0.432980 0.110238 0.005766 0.041003
1 2 0.384585 0.468650 0.108933 0.004725 0.033107
1 2 0.225480 0.497343 0.217159 0.006046 0.053971
1 2 0.242358 0.459245 0.253957 0.008600 0.035840
0 1 0.412642 0.363119 0.173304 0.015155 0.035780
1 1 0.213612 0.535462 0.195631 0.004143 0.051152
2 0 0.091438 0.401545 0.463653 0.007986 0.035378
1 0 0.367584 0.425030 0.167720 0.008811 0.030856
0 0 0.745077 0.215857 0.015490 0.002309 0.021268
0 0 0.861625 0.117039 0.006412 0.002221 0.012703
1 1 0.356106 0.476253 0.136420 0.004807 0.026414
0 1 0.613723 0.318023 0.035443 0.003085 0.029727
0 1 0.600596 0.347046 0.027423 0.001628 0.023307
1 1 0.418789 0.419264 0.118126 0.006763 0.037058
1 2 0.168535 0.617175 0.165372 0.002940 0.045980
2 2 0.082769 0.405416 0.470782 0.008009 0.033024
2 2 0.071900 0.410123 0.480289 0.007823 0.029865
2 2 0.052288 0.415155 0.497327 0.007682 0.027549
2 2 0.073567 0.384397 0.499870 0.007380 0.034787
2 2 0.098182 0.384136 0.465788 0.010486 0.041408
2 2 0.047948 0.319717 0.558441 0.029269 0.044625
2 2 0.045321 0.351303 0.561625 0.009198 0.032553
2 2 0.008866 0.076011 0.848539 0.043985 0.022599
2 2 0.032772 0.332530 0.593781 0.010874 0.030043
2 2 0.036039 0.290881 0.610801 0.018957 0.043321
2 2 0.016577 0.124296 0.791839 0.037375 0.029914
2 2 0.003716 0.046883 0.868792 0.070402 0.010208
2 2 0.029535 0.174352 0.715622 0.036876 0.043615
2 2 0.036703 0.280068 0.620403 0.020283 0.042544
2 2 0.019665 0.191921 0.733484 0.026724 0.028206
2 2 0.033434 0.276543 0.621813 0.022714 0.045495
2 2 0.003606 0.048586 0.892511 0.043715 0.011582
2 2 0.055793 0.345263 0.514523 0.042004 0.042418
2 2 0.014304 0.133630 0.782883 0.039531 0.029652
2 2 0.027484 0.226105 0.647236 0.064418 0.034757
2 2 0.046727 0.332654 0.554163 0.026047 0.040409
2 2 0.015414 0.086042 0.807939 0.066509 0.024095
2 2 0.045042 0.325936 0.564341 0.019283 0.045398
2 2 0.044483 0.283523 0.601216 0.029848 0.040930
2 2 0.027968 0.167707 0.732989 0.036446 0.034891
2 2 0.064609 0.308700 0.534284 0.036164 0.056243
2 2 0.057121 0.322319 0.525672 0.045567 0.049321
2 3 0.007661 0.069840 0.814304 0.093020 0.015174
2 3 0.033080 0.258872 0.646712 0.023323 0.038013
2 3 0.033816 0.193433 0.691664 0.035976 0.045110
2 3 0.013172 0.081290 0.776091 0.107435 0.022011
2 2 0.021914 0.064149 0.523615 0.368740 0.021582
2 3 0.019254 0.179043 0.643475 0.129508 0.028719
2 3 0.003400 0.022536 0.851912 0.114329 0.007823
2 3 0.008028 0.058062 0.792765 0.123722 0.017422
2 3 0.010002 0.058596 0.770750 0.140642 0.020009
2 3 0.034887 0.203317 0.610885 0.110580 0.040330
2 3 0.013962 0.047843 0.707639 0.207786 0.022769
2 3 0.016141 0.092809 0.623668 0.241423 0.025959
2 3 0.025861 0.163286 0.588781 0.188372 0.033700
2 3 0.007838 0.064118 0.769515 0.141940 0.016589
2 3 0.021842 0.074526 0.735009 0.140551 0.028071
2 3 0.022718 0.178440 0.606669 0.163009 0.029164
2 3 0.010779 0.052684 0.665660 0.255215 0.015662
2 3 0.013857 0.073125 0.552634 0.342133 0.018250
2 3 0.020230 0.126152 0.470920 0.362143 0.020555
2 3 0.011548 0.061666 0.584486 0.326451 0.015849
2 3 0.028153 0.162032 0.403482 0.382710 0.023622
2 3 0.018920 0.067102 0.554432 0.338754 0.020792
2 3 0.007275 0.059005 0.725493 0.195076 0.013151
2 3 0.016932 0.059842 0.601630 0.300958 0.020639
2 3 0.008773 0.067239 0.622656 0.284757 0.016576
3 3 0.009484 0.017508 0.083297 0.885600 0.004111
2 3 0.036677 0.296672 0.498461 0.128826 0.039364
3 3 0.038225 0.103872 0.414187 0.419532 0.024184
2 3 0.022872 0.066146 0.479322 0.413053 0.018608
2 3 0.031059 0.163978 0.471381 0.306219 0.027363
2 3 0.026953 0.176708 0.622496 0.146436 0.027406
2 3 0.011037 0.103014 0.583583 0.287270 0.015096
2 3 0.024889 0.127000 0.473195 0.352378 0.022538
2 3 0.007936 0.044870 0.469217 0.467782 0.010194
2 3 0.023517 0.184861 0.513856 0.252375 0.025391
3 3 0.024924 0.056997 0.235874 0.667620 0.014586
2 3 0.037100 0.195983 0.474952 0.257700 0.034266
3 3 0.013260 0.062136 0.245840 0.668106 0.010658
3 3 0.012502 0.067103 0.345410 0.563147 0.011838
3 3 0.020300 0.069826 0.355994 0.536978 0.016901
3 3 0.042288 0.086667 0.275238 0.573682 0.022124
3 3 0.013613 0.072778 0.272069 0.628889 0.012651
3 3 0.007622 0.014632 0.074082 0.900374 0.003290
3 3 0.009703 0.032292 0.248132 0.701848 0.008026
3 3 0.019422 0.055172 0.147974 0.766567 0.010866
3 3 0.033491 0.055744 0.169047 0.728224 0.013494
3 3 0.009845 0.034537 0.167455 0.781280 0.006883
3 3 0.009920 0.039295 0.283164 0.658813 0.008808
3 3 0.019055 0.059072 0.199055 0.711609 0.011209
3 3 0.028269 0.041571 0.128959 0.790828 0.010373
2 3 0.021320 0.137502 0.444461 0.378815 0.017902
2 3 0.027971 0.123700 0.451062 0.376703 0.020564
3 3 0.042303 0.049751 0.166451 0.726608 0.014887
3 3 0.020342 0.061332 0.271844 0.634407 0.012076
3 3 0.013215 0.044153 0.205181 0.728199 0.009251
3 3 0.021829 0.096499 0.412243 0.450408 0.019021
3 3 0.009246 0.025839 0.192155 0.765937 0.006823
3 3 0.013897 0.062447 0.250894 0.662401 0.010361
3 3 0.018754 0.077836 0.350997 0.537349 0.015064
3 3 0.017180 0.093480 0.366114 0.508255 0.014971
2 3 0.008836 0.080065 0.484197 0.415331 0.011572
2 3 0.020598 0.121132 0.466821 0.370879 0.020570
3 3 0.018108 0.052352 0.316661 0.599924 0.012954
3 3 0.016334 0.075239 0.306577 0.589428 0.012422
2 3 0.008199 0.081490 0.608889 0.289061 0.012361
3 3 0.007617 0.014356 0.063477 0.911695 0.002855
3 3 0.015956 0.033805 0.138183 0.803841 0.008215
3 3 0.009984 0.027118 0.122355 0.834346 0.006197
3 3 0.011981 0.063112 0.317916 0.595484 0.011507
3 3 0.010356 0.055867 0.259334 0.665406 0.009037
3 3 0.012293 0.059400 0.353838 0.562652 0.011818
3 3 0.009398 0.026922 0.297658 0.657502 0.008520
3 3 0.009236 0.040881 0.216719 0.725639 0.007525
3 3 0.007536 0.018634 0.122374 0.846804 0.004651
2 3 0.010092 0.081586 0.592436 0.300380 0.015506
3 3 0.007441 0.032279 0.176020 0.777749 0.006511
3 3 0.009005 0.025634 0.100777 0.859255 0.005329
3 3 0.017611 0.030849 0.157247 0.785792 0.008501
3 3 0.010010 0.017779 0.070285 0.898037 0.003890
3 3 0.013754 0.032431 0.198827 0.746309 0.008679
3 3 0.012246 0.025333 0.101685 0.855370 0.005364
3 3 0.007520 0.026827 0.131209 0.828588 0.005856
3 3 0.006166 0.019314 0.143351 0.826527 0.004642
2 3 0.007097 0.064736 0.483832 0.434134 0.010201
3 3 0.004066 0.012119 0.110993 0.869977 0.002844
3 3 0.008432 0.019526 0.106763 0.860823 0.004456
3 3 0.007277 0.014379 0.065273 0.910022 0.003050
3 3 0.009828 0.031762 0.116494 0.836319 0.005598
3 3 0.009514 0.058648 0.259573 0.663419 0.008846
3 3 0.012713 0.030676 0.102702 0.847203 0.006705
3 3 0.006224 0.062457 0.402154 0.519733 0.009432
3 3 0.010750 0.086206 0.373722 0.516149 0.013173
3 3 0.005662 0.032332 0.242724 0.712774 0.006508
3 3 0.006453 0.030073 0.326668 0.629155 0.007651
3 3 0.015691 0.036347 0.199608 0.738538 0.009816
2 3 0.015507 0.101072 0.462164 0.404421 0.016836
3 3 0.011603 0.036543 0.144808 0.798658 0.008389
3 3 0.006075 0.016393 0.124977 0.847909 0.004646
3 3 0.007993 0.019655 0.128135 0.838984 0.005233
3 3 0.005433 0.018303 0.186032 0.784828 0.005403
3 3 0.006852 0.021609 0.093077 0.874269 0.004193
3 3 0.016723 0.100716 0.351329 0.513846 0.017386
3 0 0.008655 0.088779 0.347641 0.544250 0.010675
0 0 0.494172 0.166200 0.157328 0.097394 0.084906
0 0 0.430630 0.410085 0.085989 0.005514 0.067782
0 1 0.545152 0.347835 0.061025 0.005357 0.040631
1 1 0.322311 0.397081 0.216848 0.014233 0.049527
2 2 0.068587 0.408003 0.463397 0.015157 0.044856
2 2 0.129250 0.361549 0.439344 0.015747 0.054111
2 2 0.091113 0.340680 0.495800 0.018472 0.053936
2 2 0.052643 0.308895 0.559817 0.028411 0.050235
2 2 0.055590 0.209843 0.645161 0.038673 0.050733
2 2 0.073318 0.383093 0.472670 0.024202 0.046716
1 2 0.157251 0.490665 0.291227 0.007522 0.053334
2 2 0.072870 0.307017 0.543084 0.018086 0.058943
1 2 0.109228 0.464892 0.366720 0.011958 0.047202
2 0 0.073664 0.367745 0.501186 0.016231 0.041173
1 1 0.383936 0.452210 0.089320 0.004216 0.070319
1 2 0.201872 0.550588 0.163588 0.005065 0.078886
1 2 0.095108 0.441953 0.377711 0.009986 0.075243
1 2 0.100131 0.506009 0.333000 0.010675 0.050185
1 2 0.158282 0.493638 0.239580 0.007849 0.100651
2 2 0.041127 0.397186 0.511903 0.005880 0.043904
1 1 0.097243 0.470931 0.325036 0.005130 0.101659
1 1 0.096363 0.524048 0.303272 0.006101 0.070216
1 1 0.052765 0.505801 0.353667 0.006905 0.080862
1 2 0.060489 0.579834 0.267645 0.004376 0.087655
2 2 0.083938 0.413866 0.417970 0.009358 0.074867
1 2 0.054155 0.586561 0.272679 0.004724 0.081882
1 2 0.069424 0.545480 0.270609 0.007110 0.107377
1 2 0.252445 0.476446 0.072887 0.002280 0.195942
1 2 0.213044 0.558430 0.170125 0.003619 0.054782
1 2 0.240570 0.511410 0.201561 0.005186 0.041272
1 2 0.089716 0.451561 0.393215 0.011097 0.054412
1 2 0.149883 0.529811 0.193187 0.004373 0.122747
1 2 0.094539 0.434487 0.421714 0.006565 0.042694
2 2 0.078110 0.393038 0.461733 0.009720 0.057399
2 2 0.063459 0.390390 0.500876 0.012422 0.032853
2 2 0.057154 0.356090 0.527186 0.018602 0.040968
1 2 0.090019 0.503603 0.351058 0.005693 0.049627
1 2 0.208882 0.498503 0.228067 0.006568 0.057980
2 2 0.034716 0.297087 0.583987 0.007635 0.076574
1 2 0.045913 0.569112 0.297858 0.005013 0.082103
1 2 0.101106 0.521249 0.292573 0.004368 0.080704
2 2 0.036131 0.436339 0.464792 0.011004 0.051734
1 2 0.079489 0.498298 0.353024 0.005895 0.063293
1 2 0.168700 0.561720 0.208701 0.007741 0.053139
1 2 0.072079 0.472623 0.372548 0.004760 0.077990
1 2 0.126333 0.562901 0.228189 0.003858 0.078719
1 2 0.090571 0.423770 0.397025 0.007233 0.081402
2 2 0.044600 0.347931 0.524873 0.006524 0.076073
1 2 0.039256 0.452095 0.416348 0.007956 0.084346
1 2 0.167429 0.433525 0.299794 0.010106 0.089147
1 2 0.053000 0.455806 0.388348 0.003654 0.099191
1 2 0.086835 0.528201 0.301055 0.007249 0.076660
2 2 0.074146 0.353717 0.507915 0.010639 0.053583
2 2 0.130838 0.372146 0.431827 0.014458 0.050730
1 2 0.259675 0.518740 0.172085 0.005085 0.044415
2 2 0.039848 0.270667 0.621090 0.016544 0.051851
2 2 0.060916 0.277851 0.581308 0.016394 0.063531
2 2 0.037152 0.228219 0.659157 0.031369 0.044102
2 2 0.049909 0.275776 0.597304 0.022713 0.054297
2 2 0.066628 0.292600 0.564465 0.015642 0.060665
2 2 0.051782 0.366130 0.517080 0.022175 0.042833
2 2 0.067669 0.404911 0.467063 0.013291 0.047066
2 2 0.034352 0.309367 0.610760 0.010148 0.035372
2 2 0.042926 0.294693 0.597266 0.014350 0.050765
2 2 0.028147 0.188887 0.694176 0.047940 0.040851
2 2 0.045270 0.304017 0.579960 0.023922 0.046832
2 2 0.012561 0.102078 0.826918 0.027450 0.030993
1 2 0.265064 0.455306 0.219788 0.008790 0.051051
2 2 0.102656 0.378008 0.444877 0.022630 0.051828
2 2 0.070186 0.425274 0.433388 0.010102 0.061049
2 2 0.009539 0.094207 0.843251 0.026819 0.026184
2 2 0.032078 0.266763 0.646277 0.010489 0.044393
2 2 0.023360 0.152853 0.759606 0.020974 0.043207
2 2 0.034222 0.214563 0.671935 0.029330 0.049950
1 0 0.149693 0.442617 0.322317 0.016136 0.069238
0 1 0.756417 0.203226 0.007519 0.001050 0.031788
1 1 0.245003 0.449955 0.234511 0.009445 0.061086
1 1 0.393909 0.456125 0.103925 0.004565 0.041476
1 2 0.207958 0.514621 0.179101 0.005465 0.092855
2 2 0.016470 0.123559 0.810796 0.020048 0.029128
2 2 0.050532 0.410978 0.480466 0.014312 0.043712
2 2 0.053279 0.220515 0.645300 0.037361 0.043545
2 2 0.027661 0.282179 0.643847 0.010034 0.036278
2 2 0.024641 0.291337 0.641779 0.010453 0.031790
2 0 0.065301 0.278839 0.580804 0.017180 0.057876
0 0 0.463173 0.301895 0.149458 0.023779 0.061696
0 0 0.742935 0.193143 0.013203 0.002878 0.047841
1 1 0.446250 0.464622 0.024981 0.001179 0.062967
1 2 0.317599 0.565945 0.044820 0.001740 0.069896
1 2 0.067341 0.522061 0.361757 0.005182 0.043659
1 2 0.079337 0.481045 0.402920 0.007487 0.029211
2 2 0.049131 0.363856 0.544849 0.010067 0.032097
2 2 0.045398 0.368754 0.538387 0.016366 0.031094
2 2 0.024462 0.182373 0.737051 0.025240 0.030874
2 2 0.060193 0.332871 0.554449 0.009446 0.043041
2 2 0.063456 0.351429 0.536484 0.009026 0.039606
2 2 0.041162 0.297997 0.609134 0.009442 0.042265
2 2 0.106029 0.390938 0.443674 0.015401 0.043957
2 2 0.063469 0.403046 0.472336 0.014543 0.046604
2 2 0.046205 0.346223 0.548225 0.022630 0.036717
2 2 0.040788 0.314178 0.576112 0.027272 0.041651
2 2 0.036111 0.346661 0.583115 0.006306 0.027806
2 2 0.008235 0.054973 0.791430 0.129665 0.015697
2 2 0.043923 0.330171 0.570795 0.016857 0.038254
2 2 0.089443 0.356931 0.495028 0.011686 0.046911
2 1 0.035302 0.195281 0.703040 0.023412 0.042964
2 1 0.146204 0.395987 0.400132 0.012696 0.044981
1 1 0.237398 0.606506 0.106783 0.002444 0.046870
1 2 0.055871 0.470210 0.442447 0.007747 0.023726
2 1 0.061355 0.342528 0.545833 0.009253 0.041031
2 2 0.067559 0.357858 0.526752 0.008544 0.039286
2 2 0.073625 0.291746 0.552204 0.017577 0.064848
2 2 0.047213 0.181641 0.690956 0.031948 0.048242
2 2 0.052320 0.344931 0.559718 0.007125 0.035905
2 2 0.091255 0.392073 0.470373 0.008677 0.037622
2 2 0.110064 0.354453 0.467870 0.014616 0.052998
2 2 0.096437 0.394666 0.450135 0.018328 0.040435
2 2 0.080729 0.360229 0.499478 0.014850 0.044714
2 2 0.052793 0.340139 0.553019 0.014307 0.039742
2 0 0.062838 0.378415 0.492060 0.017346 0.049341
1 2 0.337631 0.532930 0.095654 0.003238 0.030547
1 2 0.100085 0.500823 0.354041 0.005544 0.039507
2 2 0.029870 0.340421 0.589731 0.009660 0.030317
2 2 0.061806 0.316733 0.561161 0.011365 0.048934
2 2 0.113892 0.368866 0.455016 0.013235 0.048990
1 0 0.104199 0.480220 0.376031 0.006841 0.032710
0 0 0.793647 0.134712 0.027171 0.015508 0.028962
0 1 0.730289 0.187033 0.012177 0.002953 0.067548
1 1 0.397376 0.481216 0.040431 0.001756 0.079221
1 1 0.444951 0.453879 0.042198 0.001926 0.057046
0 2 0.448139 0.428459 0.080074 0.004090 0.039237
1 2 0.198745 0.494511 0.233447 0.006188 0.067109
2 2 0.093736 0.318430 0.508349 0.017463 0.062022
2 2 0.048288 0.342061 0.568497 0.006634 0.034521
2 2 0.095358 0.334784 0.498407 0.015265 0.056185
0 2 0.462840 0.430260 0.074671 0.003486 0.028742
0 2 0.430261 0.355574 0.157655 0.015134 0.041374
1 2 0.184660 0.394214 0.358741 0.014832 0.047553
2 2 0.106813 0.306739 0.493107 0.022010 0.071331
1 2 0.167639 0.489377 0.281788 0.006334 0.054862
1 0 0.194981 0.429384 0.327298 0.010954 0.037383
0 0 0.900180 0.065402 0.007638 0.010225 0.016555
0 0 0.838436 0.102410 0.015922 0.013292 0.029941
0 0 0.719631 0.228012 0.009927 0.001267 0.041162
0 0 0.834254 0.092466 0.018190 0.020419 0.034671
0 0 0.828018 0.100379 0.013329 0.011962 0.046312
0 0 0.786506 0.119254 0.007623 0.004227 0.082390
0 0 0.640002 0.255869 0.015605 0.002082 0.086442
0 0 0.826545 0.102980 0.009417 0.007187 0.053871
0 0 0.781302 0.118538 0.016466 0.012349 0.071344
0 0 0.801328 0.111726 0.013919 0.010795 0.062231
0 0 0.807433 0.105278 0.019651 0.018769 0.048868
0 0 0.827454 0.099183 0.015247 0.014588 0.043528
0 0 0.694985 0.141904 0.031630 0.021796 0.109685
0 0 0.828271 0.094795 0.019119 0.021061 0.036754
0 0 0.664439 0.150423 0.031675 0.019528 0.133934
0 0 0.849252 0.082222 0.018589 0.024726 0.025212
0 0 0.790308 0.108602 0.025195 0.024911 0.050984
0 0 0.822123 0.102382 0.014441 0.012944 0.048111
0 0 0.925539 0.052991 0.004317 0.006230 0.010923
0 0 0.908174 0.067599 0.006071 0.006313 0.011844
0 0 0.890882 0.075461 0.008826 0.009227 0.015605
0 0 0.902506 0.077555 0.006207 0.004579 0.009153
0 0 0.905132 0.064148 0.006253 0.008003 0.016464
0 0 0.784784 0.172658 0.016710 0.004276 0.021572
0 0 0.866187 0.074204 0.016201 0.023675 0.019733
0 0 0.918988 0.052163 0.007064 0.012397 0.009387
0 0 0.888560 0.082323 0.010209 0.008499 0.010409
0 0 0.851866 0.080926 0.018267 0.024690 0.024250
0 0 0.918555 0.059625 0.002326 0.002291 0.017203
0 0 0.936751 0.050699 0.001460 0.001396 0.009694
0 0 0.905111 0.065825 0.004885 0.005525 0.018653
0 0 0.881634 0.079146 0.003861 0.003110 0.032250
0 0 0.948373 0.042935 0.000776 0.000724 0.007192
0 0 0.840163 0.125295 0.007503 0.002847 0.024192
0 0 0.706287 0.231300 0.019452 0.003144 0.039816
0 0 0.903796 0.066671 0.004838 0.005360 0.019333
0 0 0.883321 0.100684 0.002891 0.000963 0.012141
0 0 0.829334 0.111740 0.012637 0.008474 0.037814
0 0 0.843571 0.090434 0.015402 0.016875 0.033719
0 0 0.885763 0.073823 0.008326 0.009759 0.022328
0 0 0.873751 0.104591 0.005477 0.002304 0.013878
0 0 0.780127 0.175132 0.014800 0.003670 0.026271
0 0 0.888135 0.078851 0.008864 0.008492 0.015658
0 0 0.863818 0.114065 0.006561 0.002444 0.013112
0 0 0.819174 0.131133 0.018889 0.009239 0.021565
0 0 0.898766 0.065973 0.007888 0.010557 0.016815
0 0 0.875465 0.083969 0.008492 0.007867 0.024206
0 0 0.844637 0.089812 0.015409 0.017050 0.033091
0 0 0.884426 0.069170 0.011835 0.017114 0.017455
0 0 0.935569 0.049549 0.001241 0.001239 0.012403
0 0 0.847511 0.123190 0.002330 0.000565 0.026403
0 0 0.840868 0.097052 0.004398 0.002767 0.054915
0 0 0.894511 0.087062 0.001354 0.000478 0.016596
0 0 0.797094 0.170012 0.005670 0.001001 0.026224
0 0 0.923088 0.056608 0.002784 0.003139 0.014382
0 0 0.572212 0.364104 0.017243 0.000987 0.045455
0 0 0.755031 0.206801 0.007459 0.000981 0.029728
0 0 0.855832 0.097412 0.010492 0.008099 0.028166
0 0 0.819290 0.151402 0.008007 0.001958 0.019342
0 0 0.784105 0.180831 0.006387 0.001048 0.027629
0 0 0.819055 0.154353 0.003588 0.000618 0.022386
0 0 0.867941 0.111864 0.002042 0.000517 0.017636
0 0 0.816695 0.157858 0.003649 0.000594 0.021203
0 0 0.660199 0.226516 0.019519 0.003840 0.089926
0 0 0.939834 0.048999 0.000612 0.000433 0.010122
0 0 0.893249 0.087649 0.002467 0.001096 0.015540
0 0 0.850474 0.125890 0.006267 0.001939 0.015430
0 0 0.836092 0.142727 0.005180 0.001115 0.014885
0 0 0.858802 0.122813 0.004514 0.001212 0.012660
0 0 0.776108 0.190244 0.005141 0.000686 0.027821
0 0 0.865303 0.115493 0.003814 0.001121 0.014269
0 0 0.828525 0.147626 0.006345 0.001414 0.016090
0 0 0.698351 0.261020 0.010509 0.000920 0.029201
0 0 0.789346 0.180559 0.006854 0.001100 0.022141
0 0 0.537739 0.380246 0.045019 0.002714 0.034282
0 0 0.873190 0.106147 0.005650 0.002281 0.012733
0 0 0.842962 0.127468 0.008381 0.002985 0.018205
0 0 0.908213 0.070907 0.005283 0.004602 0.010996
0 0 0.812486 0.155406 0.009884 0.002508 0.019716
0 0 0.795776 0.174695 0.007053 0.001221 0.021256
0 0 0.849351 0.129506 0.006489 0.001824 0.012831
0 0 0.777128 0.191791 0.009002 0.001392 0.020688
0 0 0.792868 0.175279 0.008766 0.001656 0.021432
0 0 0.822424 0.151432 0.007200 0.001634 0.017310
0 0 0.760786 0.202209 0.009596 0.001431 0.025978
0 0 0.669642 0.280550 0.017458 0.001599 0.030752
0 0 0.750443 0.215645 0.010093 0.001280 0.022538
0 0 0.866859 0.089897 0.011704 0.010379 0.021160
0 0 0.757307 0.195063 0.013680 0.002688 0.031262
0 0 0.860268 0.117632 0.003839 0.001142 0.017119
0 0 0.814381 0.154440 0.005615 0.001198 0.024365
0 0 0.947550 0.042929 0.000830 0.000819 0.007872
0 0 0.865123 0.116531 0.003195 0.000853 0.014298
0 0 0.845342 0.120653 0.002385 0.000636 0.030985
0 0 0.842325 0.121438 0.002414 0.000649 0.033174
0 0 0.868168 0.102818 0.001937 0.000637 0.026440
0 0 0.826870 0.136413 0.002600 0.000564 0.033553
0 0 0.756979 0.188295 0.003337 0.000434 0.050954
0 1 0.825176 0.145980 0.002915 0.000535 0.025395
1 1 0.423475 0.440737 0.022018 0.001066 0.112704
1 1 0.203640 0.579759 0.057670 0.001615 0.157316
1 1 0.385976 0.504603 0.032495 0.001551 0.075375
1 1 0.174178 0.651355 0.063800 0.001426 0.109241
1 0 0.191832 0.618427 0.060611 0.001450 0.127680
1 0 0.315071 0.514193 0.054659 0.001845 0.114232
0 0 0.724456 0.195367 0.010540 0.002179 0.067458
0 0 0.859727 0.087943 0.008804 0.008255 0.035271
0 0 0.605267 0.163229 0.029193 0.014539 0.187773
0 1 0.842472 0.096816 0.005926 0.004184 0.050602
0 1 0.474701 0.385444 0.027171 0.001703 0.110981
1 0 0.173275 0.614923 0.077748 0.001988 0.132067
0 0 0.619399 0.314043 0.015762 0.001154 0.049642
0 0 0.851519 0.092967 0.005389 0.003900 0.046225
0 0 0.743405 0.194735 0.005916 0.000928 0.055017
0 0 0.915226 0.066592 0.001059 0.000584 0.016539
0 0 0.904796 0.078797 0.001734 0.000799 0.013875
0 0 0.913721 0.070964 0.001668 0.000916 0.012730
0 0 0.928191 0.055716 0.001401 0.001189 0.013503
0 0 0.718250 0.232607 0.012470 0.001612 0.035061
0 0 0.883174 0.093676 0.002156 0.000843 0.020151
0 0 0.813298 0.151870 0.004361 0.000909 0.029562
0 0 0.659310 0.266441 0.017891 0.002121 0.054236
0 0 0.732933 0.200614 0.008920 0.001562 0.055971
0 0 0.726625 0.213411 0.008186 0.001174 0.050604
0 0 0.901700 0.078179 0.001409 0.000647 0.018064
0 0 0.845255 0.095546 0.007066 0.005428 0.046704
0 0 0.942613 0.045048 0.000847 0.000832 0.010660
0 0 0.937565 0.048053 0.000747 0.000643 0.012991
0 0 0.937797 0.048157 0.001186 0.001209 0.011651
0 0 0.737648 0.133052 0.011278 0.006056 0.111966
0 0 0.740111 0.206828 0.007905 0.001166 0.043990
0 0 0.916083 0.061054 0.001792 0.001552 0.019519
0 0 0.914240 0.063053 0.001218 0.000846 0.020643
0 0 0.878604 0.088589 0.001761 0.000785 0.030261
0 0 0.851236 0.099977 0.002220 0.000937 0.045630
0 0 0.863720 0.104593 0.002324 0.000814 0.028549
0 0 0.824661 0.126158 0.002429 0.000652 0.046100
0 0 0.869128 0.107945 0.001778 0.000477 0.020672
0 0 0.902710 0.075250 0.001558 0.000828 0.019654
0 0 0.790036 0.162433 0.003248 0.000563 0.043719
0 0 0.533096 0.352152 0.017147 0.001049 0.096556
0 0 0.655612 0.233599 0.008877 0.001189 0.100722
1 0 0.253573 0.527385 0.041951 0.001552 0.175540
0 1 0.676080 0.255178 0.007177 0.000660 0.060904
0 1 0.618938 0.260768 0.009721 0.001042 0.109531
1 1 0.399884 0.467278 0.030729 0.001445 0.100664
1 0 0.167435 0.664198 0.069380 0.001449 0.097539
1 0 0.322249 0.574118 0.040890 0.001337 0.061406
0 0 0.486999 0.438809 0.027969 0.001200 0.045023
1 1 0.385868 0.536896 0.042933 0.001778 0.032525
1 1 0.401318 0.519640 0.035706 0.001330 0.042006
0 0 0.525185 0.407444 0.022605 0.001082 0.043684
1 0 0.287180 0.614254 0.063351 0.001777 0.033439
0 0 0.502732 0.434016 0.033389 0.001511 0.028352
0 0 0.684311 0.267666 0.013890 0.001320 0.032814
0 0 0.685156 0.271689 0.013331 0.001163 0.028661
0 0 0.848068 0.093035 0.009895 0.008926 0.040076
0 0 0.797234 0.113181 0.014376 0.011054 0.064155
0 4 0.861910 0.088353 0.004509 0.003289 0.041938
1 4 0.170073 0.695261 0.092097 0.002011 0.040557
1 4 0.204056 0.617850 0.088840 0.002113 0.087141
1 4 0.169001 0.687458 0.081055 0.001673 0.060814
1 4 0.198105 0.621143 0.062625 0.001544 0.116583
1 4 0.213249 0.641799 0.094301 0.002403 0.048247
1 4 0.190589 0.648382 0.107815 0.002979 0.050235
1 4 0.141257 0.696436 0.122798 0.002312 0.037197
1 4 0.191442 0.629973 0.134535 0.003065 0.040984
1 4 0.061168 0.602298 0.293910 0.004273 0.038352
1 1 0.426918 0.487918 0.045515 0.001634 0.038015
1 0 0.383169 0.512273 0.064633 0.001729 0.038196
0 0 0.528790 0.388971 0.028612 0.001494 0.052133
0 4 0.881238 0.079336 0.003700 0.002924 0.032801
0 4 0.573695 0.348518 0.015685 0.000966 0.061136
0 4 0.464368 0.445121 0.022854 0.001156 0.066501
0 4 0.618868 0.302352 0.009361 0.000699 0.068720
1 4 0.176441 0.637570 0.098037 0.002560 0.085392
1 4 0.345448 0.510019 0.065353 0.002547 0.076633
0 4 0.683274 0.256216 0.008621 0.000821 0.051069
0 4 0.642266 0.289965 0.014296 0.001245 0.052228
0 4 0.700427 0.254398 0.009917 0.000936 0.034322
0 4 0.505121 0.386582 0.040850 0.002545 0.064902
0 4 0.622115 0.313887 0.015516 0.001120 0.047363
0 4 0.572990 0.348446 0.019758 0.001236 0.057570
0 4 0.459353 0.434612 0.040488 0.001767 0.063780
0 0 0.460369 0.429219 0.042805 0.001983 0.065623
0 1 0.499723 0.392975 0.036401 0.002095 0.068806
0 1 0.739833 0.217503 0.008527 0.001084 0.033052
0 0 0.774620 0.189912 0.005791 0.000824 0.028852
0 0 0.833103 0.094403 0.017104 0.018268 0.037122
0 0 0.695580 0.236581 0.008598 0.001016 0.058226
0 0 0.547960 0.292763 0.013235 0.001209 0.144833
0 0 0.730793 0.210317 0.007108 0.000994 0.050789
0 0 0.889126 0.074866 0.005128 0.004953 0.025927
0 0 0.770616 0.118105 0.024788 0.021468 0.065023
0 0 0.753356 0.128703 0.014239 0.008849 0.094853
0 0 0.671080 0.229551 0.007605 0.000983 0.090782
0 0 0.905611 0.073685 0.001403 0.000732 0.018569
0 0 0.911834 0.062320 0.004236 0.004897 0.016713
0 0 0.878318 0.079174 0.007348 0.007483 0.027676
0 0 0.843127 0.121105 0.004645 0.001623 0.029500
0 0 0.745560 0.160770 0.019943 0.008232 0.065496
0 0 0.883031 0.074738 0.008949 0.010582 0.022701
0 0 0.552179 0.361117 0.027341 0.001759 0.057605
0 0 0.852788 0.092370 0.006211 0.004781 0.043850
0 0 0.733241 0.175339 0.029657 0.011178 0.050585
0 0 0.886458 0.072178 0.009231 0.011570 0.020564
0 0 0.898513 0.065901 0.008040 0.010849 0.016697
0 0 0.757112 0.127554 0.011704 0.006870 0.096760
0 0 0.809551 0.103741 0.020179 0.019870 0.046659
0 0 0.791842 0.147143 0.004945 0.001342 0.054728
0 1 0.772208 0.120845 0.004976 0.002301 0.099671
1 1 0.216293 0.508567 0.121427 0.003621 0.150092
1 1 0.074998 0.673580 0.185088 0.002973 0.063361
1 1 0.078829 0.672171 0.174734 0.002798 0.071468
1 1 0.062138 0.647817 0.224542 0.003519 0.061985
