0 0 0.603822 0.233339 0.101480 0.002581 0.058778
0 0 0.519403 0.308982 0.116245 0.002792 0.052579
0 0 0.525745 0.305698 0.113079 0.002823 0.052655
0 0 0.557922 0.285756 0.100546 0.002808 0.052968
0 0 0.658756 0.042330 0.053554 0.009124 0.236236
4 0 0.307873 0.026591 0.050211 0.003599 0.611725
0 0 0.798268 0.089319 0.034073 0.005948 0.072392
0 0 0.762975 0.017915 0.029325 0.003929 0.185856
0 0 0.530240 0.049823 0.097389 0.007131 0.315416
2 0 0.222348 0.124493 0.331747 0.024400 0.297012
4 1 0.037535 0.368581 0.210545 0.011204 0.372134
1 1 0.039344 0.380072 0.248509 0.010596 0.321479
2 1 0.046325 0.308196 0.328413 0.014512 0.302554
1 1 0.035838 0.390987 0.300246 0.010959 0.261969
2 1 0.044711 0.344359 0.454703 0.008793 0.147434
2 1 0.062166 0.330189 0.473894 0.011090 0.122661
2 1 0.058914 0.292276 0.423411 0.013044 0.212356
2 1 0.084584 0.270587 0.488261 0.016871 0.139697
4 1 0.019095 0.279348 0.278858 0.010895 0.411805
2 1 0.078932 0.143594 0.495525 0.028756 0.253193
4 1 0.032291 0.169326 0.216930 0.008712 0.572742
4 4 0.064222 0.042917 0.070783 0.004756 0.817322
4 4 0.089536 0.067905 0.097351 0.010627 0.734581
2 4 0.084632 0.216777 0.354270 0.017176 0.327144
4 4 0.037904 0.315215 0.300957 0.014175 0.331749
4 1 0.141915 0.078571 0.238168 0.019125 0.522221
0 1 0.391403 0.073534 0.214343 0.021420 0.299301
0 0 0.626268 0.061925 0.120888 0.020733 0.170186
0 0 0.364394 0.112427 0.164632 0.018656 0.339890
4 0 0.087741 0.297079 0.295112 0.019387 0.300681
2 0 0.012507 0.273858 0.477660 0.008510 0.227466
2 0 0.008151 0.223104 0.606756 0.004889 0.157100
2 0 0.008511 0.131516 0.790194 0.005261 0.064518
2 0 0.014900 0.227425 0.590412 0.010494 0.156769
2 0 0.010700 0.261203 0.541199 0.005336 0.181562
4 0 0.171715 0.094476 0.251790 0.020044 0.461974
2 0 0.058182 0.134362 0.481125 0.015183 0.311147
2 1 0.020576 0.271513 0.474255 0.015991 0.217665
2 2 0.004904 0.028102 0.935548 0.020770 0.010676
2 2 0.007951 0.048566 0.906071 0.017931 0.019481
2 2 0.004406 0.020016 0.893322 0.072777 0.009478
2 2 0.002095 0.009195 0.892283 0.092203 0.004225
2 2 0.001012 0.004101 0.821854 0.170994 0.002039
2 2 0.003501 0.025088 0.930417 0.029645 0.011350
2 2 0.001638 0.005182 0.714034 0.276292 0.002854
2 2 0.000462 0.001876 0.758434 0.238260 0.000969
2 2 0.001160 0.004700 0.830909 0.160909 0.002322
2 2 0.001675 0.004128 0.531283 0.460351 0.002563
3 3 0.000938 0.002316 0.468473 0.526801 0.001472
3 3 0.002023 0.003620 0.322958 0.668817 0.002582
3 3 0.001321 0.002628 0.350905 0.643329 0.001818
3 3 0.000719 0.001453 0.304665 0.692139 0.001023
3 3 0.000488 0.000977 0.266182 0.731652 0.000701
3 3 0.000646 0.000666 0.065380 0.932682 0.000627
3 3 0.001024 0.001256 0.115829 0.880808 0.001082
3 3 0.000328 0.000343 0.052975 0.946024 0.000329
3 3 0.000497 0.000912 0.223623 0.774288 0.000679
3 3 0.000730 0.000750 0.067888 0.929928 0.000704
3 3 0.000166 0.000176 0.042786 0.956699 0.000172
3 3 0.000397 0.000453 0.069945 0.928789 0.000416
3 3 0.000191 0.000202 0.044721 0.954689 0.000197
3 3 0.000172 0.000182 0.043246 0.956222 0.000178
3 3 0.000089 0.000096 0.035162 0.964558 0.000095
3 3 0.000458 0.000475 0.058767 0.939848 0.000452
3 3 0.000226 0.000238 0.047139 0.952166 0.000231
3 3 0.000309 0.000323 0.051970 0.947088 0.000310
3 3 0.000120 0.000127 0.038552 0.961076 0.000126
3 3 0.000130 0.000138 0.039603 0.959992 0.000136
3 3 0.000130 0.000138 0.039555 0.960042 0.000136
3 3 0.000177 0.000186 0.043591 0.955864 0.000182
3 3 0.000202 0.000213 0.045509 0.953869 0.000207
3 3 0.000135 0.000143 0.040065 0.959516 0.000141
3 3 0.000103 0.000110 0.036760 0.962919 0.000109
3 3 0.000189 0.000200 0.044560 0.954856 0.000194
3 3 0.000067 0.000072 0.032067 0.967722 0.000072
3 3 0.000167 0.000177 0.042837 0.956646 0.000173
3 3 0.000138 0.000147 0.040338 0.959234 0.000144
3 3 0.000067 0.000072 0.032127 0.967661 0.000073
3 3 0.000127 0.000135 0.039254 0.960352 0.000133
3 3 0.000137 0.000145 0.040230 0.959345 0.000143
3 3 0.000256 0.000268 0.048971 0.950246 0.000259
3 3 0.000193 0.000203 0.044799 0.954607 0.000198
3 3 0.000070 0.000075 0.032527 0.967253 0.000075
3 3 0.000129 0.000138 0.039526 0.960071 0.000135
3 3 0.000048 0.000052 0.028786 0.971062 0.000052
3 3 0.000046 0.000050 0.028501 0.971352 0.000051
3 3 0.000090 0.000097 0.035267 0.964450 0.000096
3 3 0.000059 0.000064 0.030865 0.968947 0.000064
3 3 0.000069 0.000074 0.032374 0.967408 0.000074
3 3 0.000051 0.000055 0.029372 0.970467 0.000055
3 3 0.000077 0.000083 0.033580 0.966177 0.000083
3 3 0.000094 0.000100 0.035660 0.964047 0.000099
3 3 0.000045 0.000048 0.028181 0.971677 0.000049
3 3 0.000120 0.000128 0.038635 0.960990 0.000126
3 3 0.000090 0.000096 0.035212 0.964506 0.000096
3 3 0.000142 0.000150 0.040658 0.958903 0.000147
3 3 0.000138 0.000147 0.040373 0.959197 0.000144
3 3 0.000070 0.000075 0.032500 0.967280 0.000075
3 3 0.000049 0.000053 0.029071 0.970773 0.000054
3 3 0.000102 0.000109 0.036700 0.962980 0.000108
3 3 0.000104 0.000111 0.036881 0.962794 0.000110
3 3 0.000111 0.000119 0.037677 0.961976 0.000117
3 3 0.000109 0.000116 0.037418 0.962242 0.000115
3 3 0.000358 0.000374 0.054444 0.944466 0.000358
3 3 0.001619 0.002318 0.190798 0.803426 0.001838
3 3 0.000638 0.000693 0.073773 0.924257 0.000639
2 3 0.001871 0.006060 0.741680 0.247110 0.003278
3 3 0.004790 0.006115 0.214771 0.769404 0.004921
2 3 0.010401 0.017687 0.650886 0.307418 0.013608
2 3 0.078039 0.042486 0.607085 0.197267 0.075122
0 0 0.460835 0.067211 0.239224 0.067856 0.164874
0 0 0.755566 0.082904 0.065400 0.016784 0.079346
0 0 0.563753 0.103578 0.134055 0.072627 0.125986
2 1 0.045288 0.255473 0.577576 0.014488 0.107175
4 1 0.216860 0.139853 0.232675 0.079664 0.330949
2 4 0.106694 0.144179 0.413507 0.030968 0.304652
2 4 0.044150 0.195846 0.596742 0.033330 0.129933
4 4 0.264104 0.148331 0.230191 0.053533 0.303840
2 4 0.158454 0.233673 0.378077 0.034294 0.195502
2 4 0.047878 0.251481 0.547055 0.024117 0.129469
4 4 0.307930 0.059784 0.158203 0.020423 0.453660
4 4 0.154271 0.126925 0.118862 0.015767 0.584176
4 4 0.346844 0.036269 0.085452 0.016488 0.514948
0 4 0.706944 0.042782 0.061034 0.019992 0.169248
4 4 0.244823 0.029226 0.081048 0.013070 0.631834
4 4 0.272668 0.063062 0.113744 0.020892 0.529635
4 4 0.276901 0.049530 0.099452 0.018965 0.555152
0 4 0.423244 0.087788 0.103496 0.022849 0.362623
4 4 0.175134 0.024731 0.055412 0.004090 0.740632
4 4 0.198694 0.035544 0.087720 0.013593 0.664449
4 4 0.354730 0.054741 0.102735 0.023807 0.463987
4 4 0.122214 0.043564 0.085326 0.009112 0.739783
4 4 0.268541 0.069683 0.101266 0.016121 0.544389
0 4 0.511959 0.033067 0.062447 0.009931 0.382595
4 4 0.375591 0.048509 0.080323 0.012082 0.483495
0 4 0.566227 0.028626 0.062891 0.013346 0.328910
4 4 0.148661 0.047866 0.094554 0.013103 0.695814
4 4 0.197486 0.108668 0.238161 0.025671 0.430014
4 4 0.332208 0.038059 0.074129 0.009879 0.545726
0 4 0.344594 0.154273 0.160685 0.031619 0.308830
0 4 0.542523 0.070482 0.116120 0.027763 0.243112
0 4 0.460458 0.040683 0.075894 0.014024 0.408941
0 4 0.582933 0.082681 0.083052 0.021653 0.229681
4 4 0.251989 0.079854 0.114422 0.021475 0.532259
2 4 0.142573 0.250022 0.399178 0.031072 0.177156
4 4 0.126355 0.070731 0.109400 0.015764 0.677750
4 4 0.062511 0.314777 0.209244 0.018514 0.394955
1 4 0.038123 0.345969 0.329634 0.020084 0.266189
1 4 0.079215 0.426277 0.258695 0.015358 0.220454
4 4 0.112263 0.125380 0.115720 0.013509 0.633128
4 4 0.078874 0.198863 0.214297 0.012644 0.495322
4 4 0.055090 0.256242 0.139495 0.011141 0.538033
4 4 0.052094 0.238232 0.317077 0.017175 0.375422
4 4 0.304363 0.100986 0.153181 0.029537 0.411934
2 4 0.124376 0.197996 0.345511 0.025251 0.306867
4 4 0.382867 0.084873 0.099487 0.018176 0.414598
0 4 0.514273 0.032985 0.065175 0.011488 0.376078
4 4 0.072783 0.055573 0.080668 0.006605 0.784371
4 4 0.028032 0.062625 0.061945 0.002661 0.844736
4 4 0.020975 0.218398 0.114857 0.009336 0.636433
4 4 0.021441 0.198822 0.136166 0.007710 0.635862
2 4 0.017457 0.230537 0.428103 0.007756 0.316148
4 4 0.017455 0.280497 0.230918 0.009765 0.461365
4 1 0.012071 0.197078 0.230049 0.003269 0.557533
2 1 0.006039 0.109032 0.832425 0.003455 0.049049
4 1 0.013613 0.249616 0.359180 0.006022 0.371569
4 1 0.013326 0.270890 0.173633 0.006826 0.535325
4 1 0.014761 0.299161 0.278397 0.009067 0.398615
4 1 0.011786 0.324216 0.303375 0.008299 0.352324
2 1 0.013488 0.295257 0.413714 0.009487 0.268055
2 2 0.013867 0.194875 0.660272 0.009946 0.121040
2 2 0.014167 0.269372 0.371859 0.007545 0.337057
2 2 0.011220 0.191871 0.671516 0.007330 0.118062
2 2 0.001364 0.008478 0.953826 0.033026 0.003306
2 2 0.005575 0.057694 0.903351 0.009047 0.024332
2 2 0.013834 0.168252 0.701187 0.013572 0.103155
0 2 0.338279 0.060860 0.258233 0.022612 0.320016
4 2 0.315367 0.072820 0.169096 0.022895 0.419822
4 4 0.083996 0.074861 0.100759 0.011080 0.729304
4 4 0.013522 0.278929 0.170965 0.007366 0.529217
2 4 0.010342 0.133575 0.741423 0.018502 0.096158
2 4 0.015463 0.284599 0.394139 0.009918 0.295881
2 4 0.014710 0.155055 0.685180 0.032238 0.112817
4 4 0.007889 0.329685 0.238259 0.005060 0.419107
2 4 0.021869 0.213750 0.380034 0.008710 0.375637
2 4 0.049273 0.228823 0.374356 0.017164 0.330385
2 4 0.096259 0.153100 0.409939 0.019878 0.320825
4 4 0.041162 0.160801 0.315080 0.010696 0.472262
4 4 0.059821 0.033523 0.056101 0.003015 0.847540
4 4 0.228613 0.059098 0.103853 0.017765 0.590671
0 0 0.757691 0.043684 0.050298 0.014821 0.133505
4 0 0.091328 0.024420 0.054014 0.003430 0.826808
4 0 0.071895 0.069323 0.156465 0.006831 0.695486
4 1 0.015230 0.261317 0.119407 0.008447 0.595598
2 1 0.013209 0.226464 0.584282 0.008516 0.167529
2 1 0.020800 0.206710 0.543275 0.010401 0.218815
2 1 0.019286 0.258475 0.411000 0.011058 0.300180
2 1 0.007997 0.082896 0.858239 0.011477 0.039390
2 1 0.011116 0.232730 0.531209 0.005822 0.219122
2 1 0.003137 0.009415 0.737829 0.244456 0.005162
2 1 0.018341 0.205256 0.614523 0.011997 0.149884
2 2 0.010690 0.055350 0.878124 0.031187 0.024649
2 2 0.003931 0.026506 0.947609 0.012626 0.009327
2 2 0.001370 0.011332 0.972645 0.010874 0.003780
2 2 0.002022 0.013960 0.961562 0.017426 0.005031
2 2 0.009027 0.058853 0.903814 0.008195 0.020111
2 2 0.099955 0.080480 0.590262 0.019231 0.210073
0 2 0.515041 0.131314 0.164362 0.036295 0.152989
0 2 0.815873 0.030510 0.033996 0.007496 0.112125
0 0 0.566969 0.043100 0.074823 0.018736 0.296372
4 0 0.435153 0.031371 0.062281 0.008215 0.462981
4 0 0.043022 0.054595 0.066459 0.003611 0.832313
4 1 0.037697 0.216634 0.257770 0.016003 0.471896
4 1 0.037658 0.162678 0.232219 0.009815 0.557630
4 1 0.341855 0.065985 0.126108 0.022742 0.443309
0 1 0.415423 0.088636 0.102140 0.021539 0.372263
4 1 0.235342 0.048664 0.105721 0.019890 0.590383
0 0 0.759309 0.029598 0.047677 0.014681 0.148735
0 0 0.619143 0.041557 0.079915 0.017960 0.241426
4 0 0.038194 0.050608 0.060986 0.002916 0.847296
2 1 0.016224 0.276527 0.404725 0.010078 0.292447
4 1 0.025637 0.202245 0.284131 0.008596 0.479391
4 1 0.009591 0.324520 0.195031 0.006316 0.464542
4 1 0.024767 0.224789 0.267827 0.009945 0.472673
2 1 0.015395 0.063270 0.830436 0.046448 0.044450
2 1 0.028503 0.122995 0.545146 0.011198 0.292158
2 1 0.001382 0.007162 0.924027 0.064349 0.003079
2 2 0.005934 0.031604 0.925663 0.024435 0.012364
2 2 0.014071 0.100998 0.811669 0.008925 0.064336
2 2 0.001408 0.011059 0.970657 0.013088 0.003788
2 2 0.003577 0.022568 0.953978 0.011264 0.008612
2 2 0.018603 0.036813 0.886841 0.027236 0.030507
2 2 0.086753 0.112918 0.450491 0.015518 0.334320
4 2 0.184777 0.108541 0.192462 0.019407 0.494813
4 2 0.308288 0.056988 0.083047 0.010477 0.541201
4 4 0.055174 0.114772 0.111460 0.011551 0.707043
4 4 0.017819 0.221802 0.232079 0.006472 0.521828
2 4 0.025021 0.185375 0.513015 0.098554 0.178034
2 4 0.021282 0.085599 0.702502 0.133268 0.057350
2 4 0.004637 0.020361 0.906970 0.059066 0.008966
2 2 0.001381 0.008407 0.951426 0.035472 0.003313
2 2 0.013121 0.099204 0.818129 0.019827 0.049719
2 2 0.056209 0.122560 0.641406 0.021293 0.158532
2 2 0.031818 0.210617 0.487902 0.016292 0.253371
4 2 0.092849 0.141317 0.242899 0.036800 0.486135
4 2 0.172227 0.040526 0.106762 0.017550 0.662935
2 2 0.186217 0.181357 0.386232 0.030772 0.215422
0 2 0.709781 0.060781 0.070155 0.018579 0.140704
4 4 0.040999 0.101698 0.144227 0.005983 0.707092
2 4 0.038407 0.285526 0.399331 0.035900 0.240837
4 4 0.281172 0.091209 0.224758 0.083285 0.319576
0 4 0.648511 0.119404 0.088904 0.021503 0.121678
4 4 0.056942 0.093006 0.099838 0.009197 0.741017
2 4 0.019890 0.285157 0.437076 0.015427 0.242449
2 4 0.002827 0.011050 0.864193 0.116614 0.005315
2 4 0.003638 0.012230 0.811975 0.165874 0.006282
2 2 0.001735 0.007551 0.882486 0.104708 0.003520
2 2 0.003195 0.010498 0.792190 0.188626 0.005492
2 2 0.001139 0.004888 0.856305 0.135323 0.002345
2 2 0.001701 0.008918 0.930673 0.054940 0.003768
2 2 0.006547 0.024825 0.875300 0.081722 0.011607
2 2 0.000535 0.003226 0.932551 0.062345 0.001344
2 2 0.002504 0.009897 0.863171 0.119666 0.004763
2 2 0.000478 0.002060 0.797185 0.199247 0.001030
2 2 0.000710 0.004535 0.949590 0.043360 0.001805
2 2 0.000589 0.004165 0.960794 0.032866 0.001585
2 2 0.002691 0.010648 0.866709 0.114851 0.005102
2 2 0.001326 0.006586 0.912683 0.076504 0.002902
2 2 0.001780 0.008446 0.909250 0.076768 0.003756
2 2 0.001245 0.005621 0.880710 0.109809 0.002615
2 2 0.000923 0.004749 0.910071 0.082163 0.002094
2 2 0.003152 0.013371 0.894137 0.083217 0.006123
2 2 0.003438 0.010390 0.749522 0.230999 0.005651
2 2 0.000958 0.005404 0.933553 0.057822 0.002263
3 2 0.001586 0.003512 0.444274 0.548330 0.002297
2 2 0.004242 0.010126 0.606470 0.373034 0.006128
2 2 0.001786 0.006386 0.796792 0.191743 0.003293
3 3 0.001965 0.004260 0.451514 0.539472 0.002789
2 3 0.001376 0.006335 0.891688 0.097700 0.002901
2 3 0.001861 0.007170 0.837061 0.150358 0.003550
2 3 0.003290 0.008095 0.603069 0.380662 0.004883
2 3 0.002441 0.006129 0.586729 0.400989 0.003711
3 3 0.000793 0.001806 0.391630 0.604571 0.001200
3 3 0.001157 0.002128 0.290544 0.704638 0.001532
3 3 0.001375 0.003291 0.486906 0.506340 0.002089
3 3 0.000510 0.001088 0.306708 0.690936 0.000757
3 3 0.000644 0.000907 0.135839 0.861860 0.000749
3 3 0.000481 0.000610 0.096622 0.901755 0.000532
3 3 0.001151 0.001386 0.115478 0.880787 0.001198
3 3 0.001045 0.001669 0.210272 0.785731 0.001283
3 3 0.000979 0.002017 0.345279 0.650334 0.001390
3 3 0.001720 0.002772 0.249991 0.743434 0.002083
3 3 0.000301 0.000371 0.076563 0.922432 0.000333
3 3 0.000279 0.000347 0.075786 0.923277 0.000311
3 3 0.000393 0.000409 0.056039 0.942768 0.000391
3 3 0.000257 0.000270 0.049059 0.950154 0.000260
3 3 0.000523 0.000542 0.061258 0.937163 0.000513
3 3 0.000400 0.000455 0.069962 0.928766 0.000418
3 3 0.000339 0.000354 0.053507 0.945461 0.000339
3 3 0.000229 0.000241 0.047342 0.951953 0.000234
3 3 0.000204 0.000215 0.045599 0.953774 0.000209
3 3 0.000200 0.000211 0.045368 0.954015 0.000205
3 3 0.000135 0.000144 0.040098 0.959481 0.000141
3 3 0.000184 0.000194 0.044157 0.955276 0.000189
3 3 0.000291 0.000305 0.051013 0.948098 0.000293
3 3 0.000175 0.000185 0.043462 0.955998 0.000180
3 3 0.000399 0.000415 0.056275 0.942516 0.000396
3 3 0.000133 0.000141 0.039856 0.959732 0.000139
3 3 0.000294 0.000307 0.051165 0.947937 0.000296
3 3 0.000097 0.000103 0.036056 0.963641 0.000103
3 3 0.000120 0.000128 0.038595 0.961031 0.000126
3 3 0.000481 0.000499 0.059668 0.938879 0.000473
3 3 0.000164 0.000173 0.042587 0.956906 0.000170
3 3 0.000220 0.000231 0.046711 0.952613 0.000224
3 3 0.000150 0.000159 0.041393 0.958143 0.000156
3 3 0.000265 0.000278 0.049523 0.949667 0.000268
3 3 0.000115 0.000122 0.038032 0.961611 0.000120
3 3 0.000108 0.000115 0.037358 0.962304 0.000114
3 3 0.000138 0.000146 0.040307 0.959266 0.000144
3 3 0.000096 0.000102 0.035939 0.963761 0.000102
3 3 0.000111 0.000118 0.037611 0.962044 0.000117
3 3 0.000048 0.000052 0.028787 0.971061 0.000052
3 3 0.000042 0.000045 0.027612 0.972255 0.000046
3 3 0.000173 0.000183 0.043304 0.956162 0.000178
3 3 0.000105 0.000112 0.036970 0.962703 0.000111
3 3 0.000076 0.000081 0.033316 0.966447 0.000081
3 3 0.000036 0.000039 0.026278 0.973607 0.000040
3 3 0.000041 0.000045 0.027428 0.972441 0.000045
3 3 0.000090 0.000096 0.035223 0.964495 0.000096
3 3 0.000068 0.000073 0.032196 0.967591 0.000073
3 3 0.000100 0.000107 0.036444 0.963243 0.000106
3 3 0.000084 0.000090 0.034500 0.965235 0.000090
3 3 0.000179 0.000189 0.043803 0.955644 0.000185
3 3 0.000065 0.000070 0.031703 0.968093 0.000070
3 3 0.000079 0.000085 0.033809 0.965942 0.000085
3 3 0.000079 0.000085 0.033778 0.965974 0.000084
3 3 0.000159 0.000168 0.042178 0.957330 0.000165
3 3 0.000054 0.000059 0.030025 0.969802 0.000059
3 3 0.000032 0.000035 0.025459 0.974437 0.000036
3 3 0.000070 0.000076 0.032578 0.967201 0.000076
3 3 0.000040 0.000043 0.027223 0.972649 0.000044
3 3 0.000071 0.000076 0.032649 0.967128 0.000076
3 3 0.000091 0.000097 0.035301 0.964416 0.000096
3 3 0.000073 0.000079 0.032977 0.966793 0.000078
3 3 0.000056 0.000060 0.030226 0.969598 0.000060
3 3 0.000142 0.000151 0.040736 0.958822 0.000148
3 3 0.000077 0.000083 0.033587 0.966170 0.000083
3 3 0.000047 0.000051 0.028650 0.971201 0.000051
3 3 0.000055 0.000059 0.030058 0.969769 0.000059
3 3 0.000043 0.000046 0.027748 0.972117 0.000047
3 3 0.000128 0.000136 0.039367 0.960235 0.000134
3 3 0.000089 0.000095 0.035108 0.964613 0.000095
3 3 0.000046 0.000050 0.028470 0.971384 0.000050
3 3 0.000018 0.000020 0.021193 0.978747 0.000021
3 3 0.000090 0.000097 0.035257 0.964461 0.000096
3 3 0.000105 0.000112 0.036944 0.962730 0.000110
3 3 0.000036 0.000039 0.026275 0.973610 0.000040
3 3 0.000108 0.000115 0.037270 0.962395 0.000113
3 3 0.000109 0.000116 0.037408 0.962253 0.000115
3 3 0.000115 0.000123 0.038077 0.961564 0.000121
3 3 0.000447 0.000520 0.076740 0.921821 0.000472
3 3 0.000419 0.000436 0.057165 0.941565 0.000415
3 3 0.001060 0.001469 0.154768 0.841503 0.001200
3 3 0.001753 0.002804 0.247651 0.745679 0.002113
3 3 0.002501 0.003414 0.197424 0.793941 0.002719
3 3 0.004591 0.008961 0.463308 0.517198 0.005943
3 3 0.021830 0.026392 0.286125 0.645273 0.020380
3 3 0.003338 0.005125 0.275680 0.712020 0.003836
3 3 0.007435 0.022504 0.422484 0.512115 0.035463
2 2 0.030909 0.091867 0.421864 0.209407 0.245954
3 2 0.006220 0.012273 0.258241 0.707432 0.015834
3 2 0.006912 0.014045 0.434919 0.533897 0.010228
2 2 0.010883 0.035979 0.636308 0.290841 0.025989
3 2 0.013047 0.031549 0.306330 0.609735 0.039339
2 2 0.042363 0.103800 0.389119 0.165184 0.299535
2 2 0.023570 0.182237 0.505294 0.106474 0.182425
2 1 0.020462 0.064650 0.426293 0.392275 0.096320
2 1 0.036214 0.062709 0.410444 0.154375 0.336259
4 1 0.037798 0.113498 0.252562 0.045598 0.550544
2 1 0.033603 0.090502 0.387349 0.132694 0.355852
4 1 0.041365 0.061119 0.239510 0.036114 0.621892
4 1 0.043384 0.088701 0.311691 0.076409 0.479814
4 1 0.035450 0.111859 0.188910 0.023904 0.639876
4 1 0.041247 0.108786 0.294201 0.068425 0.487342
4 1 0.033501 0.035591 0.122744 0.008396 0.799769
4 4 0.030729 0.119999 0.254230 0.041980 0.553063
2 4 0.054151 0.090257 0.370433 0.184522 0.300636
4 4 0.048401 0.117954 0.260023 0.057422 0.516201
4 4 0.029991 0.082775 0.148540 0.012928 0.725766
4 4 0.047206 0.156265 0.202873 0.036035 0.557622
4 4 0.023274 0.066891 0.092858 0.004820 0.812156
4 4 0.038142 0.119795 0.197822 0.027822 0.616419
4 4 0.016309 0.225634 0.141205 0.006715 0.610137
4 4 0.019040 0.254160 0.183380 0.009345 0.534075
4 4 0.033523 0.154118 0.177148 0.008222 0.626990
4 4 0.029327 0.162155 0.265467 0.016778 0.526274
4 4 0.023199 0.207449 0.306852 0.012497 0.450003
4 4 0.027091 0.132309 0.109880 0.007001 0.723720
4 4 0.034619 0.094268 0.091707 0.006159 0.773247
2 4 0.024101 0.169498 0.601517 0.069179 0.135706
4 4 0.032586 0.126723 0.279124 0.031691 0.529876
2 4 0.024282 0.159413 0.567811 0.101587 0.146907
4 1 0.020254 0.246247 0.270703 0.011179 0.451618
2 1 0.025418 0.167194 0.581855 0.086012 0.139521
2 1 0.022692 0.090835 0.510469 0.249972 0.126032
2 1 0.025774 0.124484 0.507461 0.187357 0.154925
4 1 0.020114 0.259135 0.268004 0.009987 0.442759
4 1 0.036476 0.120451 0.224114 0.011682 0.607277
2 1 0.008291 0.066067 0.846825 0.040196 0.038620
2 1 0.003993 0.008443 0.508466 0.473671 0.005427
2 1 0.036396 0.242307 0.471596 0.051106 0.198595
2 0 0.176855 0.167686 0.327562 0.031122 0.296775
4 0 0.047457 0.056176 0.069934 0.004150 0.822283
4 1 0.232707 0.059648 0.099088 0.015320 0.593237
4 1 0.069497 0.101035 0.112196 0.012844 0.704427
4 1 0.030325 0.224904 0.282679 0.012938 0.449154
2 1 0.023366 0.186300 0.542722 0.072593 0.175019
2 1 0.002767 0.019018 0.956843 0.014619 0.006753
2 1 0.037092 0.161625 0.412482 0.013555 0.375247
4 1 0.161748 0.101856 0.210873 0.039864 0.485659
4 4 0.066919 0.027272 0.051707 0.002727 0.851374
4 4 0.026507 0.113798 0.085894 0.005054 0.768748
4 4 0.028149 0.297860 0.236041 0.020406 0.417544
2 4 0.025192 0.189095 0.604854 0.023528 0.157331
4 4 0.070614 0.055288 0.079587 0.006344 0.788167
4 4 0.023899 0.253350 0.255370 0.011896 0.455486
4 4 0.033813 0.172290 0.173748 0.010003 0.610147
4 4 0.057114 0.041220 0.063233 0.003686 0.834746
4 4 0.061065 0.040066 0.062711 0.003752 0.832407
4 4 0.184802 0.028862 0.082305 0.010418 0.693613
4 4 0.018363 0.063471 0.053795 0.001729 0.862642
4 4 0.019003 0.046629 0.045574 0.001278 0.887515
4 4 0.015233 0.317491 0.231087 0.010587 0.425603
2 4 0.017127 0.268613 0.380828 0.009683 0.323749
2 4 0.014285 0.106064 0.777987 0.037579 0.064086
4 4 0.062250 0.104316 0.110009 0.011759 0.711666
4 4 0.126922 0.091241 0.135251 0.016624 0.629962
4 4 0.060023 0.040453 0.062687 0.003720 0.833118
4 4 0.016796 0.081231 0.061031 0.002070 0.838871
4 4 0.045360 0.021440 0.039190 0.001382 0.892628
4 4 0.028335 0.065598 0.063882 0.002837 0.839349
4 4 0.041071 0.087639 0.086088 0.005937 0.779265
4 4 0.017141 0.102850 0.069515 0.002807 0.807687
4 4 0.028971 0.093578 0.079136 0.004390 0.793926
4 4 0.030293 0.174086 0.114827 0.010178 0.670616
4 4 0.070160 0.049086 0.074095 0.005499 0.801160
4 4 0.110093 0.060760 0.068928 0.004060 0.756159
4 4 0.029107 0.025955 0.037504 0.001059 0.906376
4 4 0.016211 0.124067 0.075971 0.003320 0.780432
4 4 0.019238 0.176558 0.098782 0.006284 0.699138
4 4 0.031195 0.046835 0.054289 0.002156 0.865524
4 4 0.023935 0.023608 0.033112 0.000780 0.918565
4 4 0.025331 0.030693 0.039400 0.001094 0.903482
4 4 0.010515 0.074377 0.048469 0.001158 0.865481
4 4 0.012981 0.227301 0.099334 0.005845 0.654540
4 4 0.032781 0.180417 0.207888 0.016178 0.562735
2 4 0.028848 0.213703 0.535584 0.050292 0.171573
2 4 0.020162 0.160002 0.639749 0.056298 0.123788
4 4 0.030474 0.176755 0.367776 0.022461 0.402534
2 4 0.011086 0.045455 0.615527 0.288587 0.039345
4 2 0.022722 0.316139 0.271917 0.017739 0.371482
2 2 0.022217 0.238906 0.506963 0.030466 0.201449
2 2 0.007505 0.021952 0.772183 0.186471 0.011888
2 2 0.013681 0.085669 0.800093 0.032533 0.068024
4 2 0.050669 0.162071 0.204359 0.014666 0.568234
4 2 0.047288 0.179543 0.164666 0.016748 0.591756
4 2 0.018388 0.033505 0.037045 0.000861 0.910200
4 2 0.168950 0.180215 0.158865 0.038357 0.453612
4 2 0.035018 0.036420 0.048809 0.001851 0.877902
4 2 0.021909 0.078016 0.064553 0.002632 0.832890
4 2 0.025537 0.146399 0.125044 0.006054 0.696966
2 2 0.005901 0.014530 0.660483 0.310556 0.008530
2 2 0.006158 0.021669 0.840001 0.121248 0.010926
2 2 0.014603 0.081388 0.811673 0.019834 0.072503
2 2 0.004681 0.031334 0.923967 0.026314 0.013704
4 2 0.117306 0.135239 0.196772 0.016246 0.534436
4 2 0.033577 0.197386 0.352003 0.012048 0.404986
4 2 0.022348 0.121199 0.083899 0.004544 0.768010
0 2 0.377906 0.139827 0.128816 0.035710 0.317741
4 2 0.301075 0.022155 0.057287 0.005974 0.613508
4 2 0.119474 0.032868 0.070509 0.006501 0.770648
4 4 0.019634 0.043331 0.044072 0.001217 0.891747
4 4 0.050455 0.018146 0.036889 0.001299 0.893211
4 4 0.054104 0.069212 0.082656 0.006097 0.787931
4 4 0.010271 0.102430 0.057900 0.001633 0.827766
4 4 0.025029 0.084453 0.070834 0.003324 0.816359
4 4 0.019713 0.244092 0.229408 0.008739 0.498047
4 4 0.024101 0.170677 0.133300 0.007007 0.664915
2 4 0.008845 0.034286 0.823767 0.114422 0.018681
2 4 0.016267 0.048740 0.661338 0.240914 0.032741
2 4 0.007459 0.019170 0.590969 0.369558 0.012844
2 4 0.002529 0.008336 0.777219 0.207511 0.004405
2 2 0.017766 0.051472 0.721195 0.178852 0.030715
2 2 0.006963 0.024723 0.692750 0.258935 0.016629
2 2 0.038784 0.121267 0.602217 0.154103 0.083629
2 2 0.010848 0.029957 0.722911 0.218797 0.017487
2 2 0.008100 0.034036 0.802707 0.134969 0.020187
2 2 0.020039 0.126292 0.652605 0.100486 0.100578
2 2 0.011878 0.093526 0.788455 0.046130 0.060011
2 2 0.023885 0.190912 0.635114 0.026357 0.123732
2 2 0.007851 0.062729 0.855013 0.038445 0.035963
2 2 0.017883 0.079973 0.711741 0.134952 0.055450
2 2 0.012429 0.074223 0.727545 0.095478 0.090325
4 2 0.014385 0.263834 0.264771 0.006785 0.450224
2 2 0.013583 0.135013 0.716325 0.037926 0.097154
4 2 0.014333 0.322941 0.309181 0.010600 0.342944
2 2 0.019259 0.233372 0.427878 0.014370 0.305121
4 2 0.030520 0.143675 0.336637 0.035746 0.453423
2 2 0.013480 0.310549 0.361162 0.009623 0.305187
4 2 0.036430 0.155912 0.221111 0.013599 0.572948
4 2 0.026082 0.200362 0.164233 0.009403 0.599920
4 2 0.015684 0.122404 0.074511 0.003153 0.784248
4 4 0.014075 0.270354 0.184393 0.007181 0.523997
4 4 0.019682 0.060302 0.053503 0.001756 0.864757
4 4 0.013721 0.118277 0.069691 0.002626 0.795686
4 4 0.007154 0.264723 0.087819 0.003863 0.636441
4 4 0.014388 0.217430 0.134365 0.005494 0.628323
4 4 0.027856 0.255327 0.286690 0.014829 0.415298
4 4 0.015964 0.323140 0.273030 0.011807 0.376060
4 4 0.020972 0.189304 0.117102 0.008287 0.664335
4 4 0.028971 0.138340 0.193526 0.007562 0.631601
4 4 0.026751 0.076747 0.068590 0.003193 0.824719
2 4 0.009817 0.109310 0.775173 0.031292 0.074408
4 4 0.019975 0.171723 0.121256 0.005806 0.681241
4 4 0.015703 0.161676 0.087480 0.004489 0.730652
4 4 0.021796 0.294951 0.203595 0.014475 0.465184
4 4 0.025661 0.285157 0.323508 0.017310 0.348364
4 4 0.017990 0.040812 0.041262 0.001041 0.898896
4 4 0.013343 0.238368 0.103020 0.006461 0.638809
4 4 0.039956 0.038286 0.070894 0.003663 0.847202
4 4 0.027067 0.208936 0.232706 0.009845 0.521446
2 4 0.015805 0.245711 0.437283 0.009517 0.291684
2 4 0.027928 0.266452 0.472341 0.024205 0.209074
2 4 0.013770 0.071058 0.764965 0.103399 0.046809
4 4 0.050994 0.230596 0.263490 0.027146 0.427773
4 4 0.182026 0.172011 0.261231 0.043954 0.340777
4 4 0.088831 0.070218 0.176521 0.031508 0.632921
4 4 0.161449 0.131793 0.189573 0.057017 0.460168
4 4 0.141234 0.046691 0.110348 0.011032 0.690695
4 4 0.032680 0.028649 0.041392 0.001329 0.895951
4 4 0.020722 0.327305 0.229252 0.016756 0.405966
4 4 0.034194 0.312975 0.299999 0.031120 0.321713
2 4 0.047014 0.192152 0.441969 0.147579 0.171287
2 4 0.060539 0.178827 0.450530 0.084130 0.225973
4 4 0.101215 0.089249 0.119649 0.017482 0.672405
2 4 0.058079 0.164521 0.365983 0.110859 0.300558
4 4 0.030249 0.226015 0.195661 0.013400 0.534676
2 4 0.044009 0.202359 0.444096 0.127078 0.182458
2 1 0.015451 0.037230 0.710851 0.215395 0.021073
2 1 0.002504 0.012396 0.925403 0.054407 0.005290
2 1 0.003085 0.011871 0.861929 0.117384 0.005731
2 2 0.006852 0.027900 0.875851 0.076070 0.013327
2 2 0.008818 0.025739 0.787447 0.164403 0.013593
2 2 0.002776 0.012126 0.899075 0.080519 0.005504
2 2 0.002237 0.010485 0.911946 0.070697 0.004636
2 2 0.001840 0.012009 0.958727 0.022938 0.004486
2 2 0.003260 0.011274 0.819374 0.160354 0.005738
2 2 0.002414 0.010153 0.883649 0.099046 0.004737
2 2 0.000826 0.003526 0.833683 0.160240 0.001724
2 2 0.002102 0.006636 0.735665 0.251981 0.003616
2 2 0.000773 0.004004 0.905496 0.087953 0.001775
2 2 0.001887 0.005021 0.603033 0.387068 0.002991
2 2 0.006632 0.016540 0.679280 0.287954 0.009595
2 2 0.001642 0.006061 0.807676 0.181533 0.003088
2 2 0.004168 0.013453 0.799657 0.175713 0.007009
2 2 0.001951 0.005677 0.673001 0.316139 0.003232
2 2 0.002510 0.006093 0.563917 0.423736 0.003744
2 2 0.001283 0.003398 0.556837 0.436418 0.002063
2 2 0.002145 0.008118 0.837294 0.148415 0.004028
2 2 0.002348 0.007591 0.759970 0.226025 0.004065
2 2 0.001000 0.003729 0.774800 0.218535 0.001936
3 2 0.001823 0.003829 0.420566 0.571230 0.002551
3 2 0.001453 0.002838 0.347956 0.645781 0.001972
3 2 0.000307 0.000584 0.207146 0.791526 0.000436
2 2 0.002430 0.007554 0.738621 0.247276 0.004119
3 2 0.001434 0.002915 0.373255 0.620406 0.001990
2 2 0.001793 0.005646 0.719453 0.270004 0.003104
3 2 0.000720 0.001338 0.257900 0.739065 0.000977
3 2 0.000941 0.001463 0.191854 0.804598 0.001143
3 2 0.000543 0.001283 0.378421 0.618901 0.000851
3 2 0.000331 0.000500 0.127615 0.871143 0.000411
3 3 0.000419 0.000546 0.098262 0.900299 0.000473
3 3 0.000611 0.000753 0.098108 0.899869 0.000659
3 3 0.001241 0.001911 0.205324 0.790040 0.001483
3 3 0.000254 0.000307 0.068738 0.930422 0.000280
3 3 0.000216 0.000245 0.055640 0.943668 0.000231
3 3 0.000221 0.000232 0.046784 0.952537 0.000225
3 3 0.000256 0.000268 0.048970 0.950248 0.000259
3 3 0.000075 0.000080 0.033184 0.966581 0.000080
3 3 0.000308 0.000322 0.051923 0.947138 0.000309
3 3 0.000071 0.000077 0.032734 0.967041 0.000077
3 3 0.000107 0.000114 0.037187 0.962480 0.000113
3 3 0.000123 0.000131 0.038864 0.960754 0.000129
3 3 0.000283 0.000297 0.050590 0.948543 0.000286
3 3 0.000064 0.000069 0.031683 0.968113 0.000070
3 3 0.000054 0.000058 0.029967 0.969861 0.000059
3 3 0.000065 0.000070 0.031733 0.968062 0.000070
3 3 0.000069 0.000074 0.032365 0.967418 0.000074
3 3 0.000054 0.000059 0.029993 0.969835 0.000059
3 3 0.000031 0.000034 0.025173 0.974727 0.000035
3 3 0.000365 0.000380 0.054741 0.944151 0.000364
3 3 0.000138 0.000146 0.040311 0.959262 0.000144
3 3 0.000071 0.000077 0.032727 0.967048 0.000077
3 3 0.000189 0.000199 0.044519 0.954899 0.000194
3 3 0.000074 0.000080 0.033113 0.966654 0.000079
3 3 0.000104 0.000111 0.036864 0.962812 0.000110
3 3 0.000193 0.000204 0.044867 0.954536 0.000199
3 3 0.000049 0.000053 0.028954 0.970892 0.000053
3 3 0.000064 0.000069 0.031608 0.968190 0.000069
3 3 0.000074 0.000079 0.033106 0.966661 0.000079
3 3 0.000224 0.000235 0.046971 0.952342 0.000228
3 3 0.000053 0.000057 0.029795 0.970036 0.000058
3 3 0.000027 0.000030 0.024034 0.975879 0.000030
3 3 0.000101 0.000108 0.036558 0.963126 0.000107
3 3 0.000057 0.000062 0.030510 0.969308 0.000062
3 3 0.000037 0.000040 0.026434 0.973449 0.000040
3 3 0.000072 0.000077 0.032787 0.966987 0.000077
3 3 0.000042 0.000045 0.027549 0.972319 0.000046
3 3 0.000114 0.000122 0.037983 0.961661 0.000120
3 3 0.000066 0.000071 0.031925 0.967866 0.000071
3 3 0.000085 0.000091 0.034604 0.965129 0.000091
3 3 0.000079 0.000085 0.033858 0.965892 0.000085
3 3 0.000075 0.000081 0.033304 0.966459 0.000081
3 3 0.000117 0.000125 0.038298 0.961337 0.000123
3 3 0.000091 0.000097 0.035371 0.964344 0.000097
3 3 0.000218 0.000230 0.046614 0.952715 0.000223
3 3 0.000148 0.000157 0.041213 0.958329 0.000154
3 3 0.000156 0.000166 0.041955 0.957561 0.000162
3 3 0.000258 0.000270 0.049099 0.950112 0.000261
3 3 0.000988 0.001010 0.074523 0.922538 0.000941
3 3 0.000668 0.000688 0.066063 0.931933 0.000648
3 3 0.000356 0.000371 0.054305 0.944614 0.000355
3 3 0.001140 0.001437 0.127744 0.868460 0.001219
3 2 0.001623 0.002838 0.289909 0.703569 0.002062
3 2 0.001261 0.002762 0.412111 0.582034 0.001833
2 2 0.002749 0.008658 0.756836 0.227094 0.004663
3 2 0.005160 0.008406 0.348749 0.631662 0.006024
2 2 0.010700 0.022869 0.612151 0.340290 0.013990
2 2 0.003744 0.011343 0.757658 0.221119 0.006136
2 2 0.016881 0.058177 0.834473 0.063313 0.027156
2 2 0.027130 0.193214 0.633113 0.026523 0.120021
2 2 0.025902 0.137759 0.620217 0.108615 0.107507
2 2 0.023967 0.049317 0.582229 0.312488 0.032000
4 4 0.051060 0.211445 0.212046 0.049461 0.475988
4 4 0.057775 0.204532 0.228299 0.062666 0.446729
2 4 0.028676 0.257235 0.386730 0.059544 0.267815
4 4 0.071685 0.119415 0.274208 0.087085 0.447607
2 4 0.087080 0.135083 0.529385 0.179607 0.068845
4 4 0.041813 0.154353 0.187151 0.019130 0.597553
4 4 0.040441 0.251593 0.334618 0.031181 0.342168
2 4 0.053610 0.206743 0.352883 0.060328 0.326436
4 4 0.049664 0.084754 0.108343 0.009640 0.747598
4 4 0.028570 0.182016 0.147708 0.009287 0.632419
4 4 0.030901 0.250408 0.269758 0.016248 0.432686
2 4 0.053928 0.113595 0.667734 0.044245 0.120498
4 4 0.060446 0.073826 0.150071 0.018616 0.697042
4 4 0.044445 0.149183 0.181309 0.011117 0.613946
4 4 0.040911 0.099347 0.094845 0.007187 0.757709
4 4 0.068155 0.122848 0.291964 0.030525 0.486509
4 4 0.107620 0.055740 0.132065 0.019646 0.684929
4 4 0.024774 0.011522 0.021993 0.000382 0.941329
4 4 0.060040 0.038215 0.060643 0.003495 0.837607
4 4 0.022524 0.032256 0.040930 0.001107 0.903184
1 4 0.038144 0.333902 0.297345 0.027888 0.302721
4 4 0.052253 0.044736 0.063336 0.003571 0.836102
4 4 0.025604 0.008497 0.018666 0.000290 0.946943
4 4 0.023641 0.066547 0.060444 0.002379 0.846989
4 4 0.007735 0.038048 0.029389 0.000405 0.924423
4 4 0.032440 0.071105 0.070206 0.003595 0.822654
4 4 0.014856 0.055435 0.046129 0.001193 0.882387
4 4 0.024013 0.016697 0.029498 0.000625 0.929167
4 4 0.032774 0.011101 0.025229 0.000542 0.930355
4 4 0.022657 0.013342 0.023229 0.000406 0.940366
4 4 0.008305 0.021026 0.021280 0.000233 0.949156
4 4 0.013810 0.034482 0.034052 0.000661 0.916996
4 4 0.052813 0.041342 0.080104 0.002907 0.822835
4 4 0.016522 0.033571 0.035713 0.000773 0.913422
4 4 0.013208 0.032636 0.032455 0.000595 0.921106
4 4 0.010540 0.021029 0.023155 0.000297 0.944979
4 4 0.016383 0.049817 0.044860 0.001174 0.887766
4 4 0.017604 0.026458 0.031764 0.000640 0.923534
4 4 0.019164 0.013035 0.021597 0.000333 0.945871
4 4 0.012575 0.016486 0.021363 0.000276 0.949300
4 4 0.019468 0.023555 0.030743 0.000628 0.925606
4 4 0.012487 0.053604 0.042542 0.000960 0.890407
4 4 0.014104 0.026289 0.029261 0.000506 0.929840
4 4 0.009858 0.031229 0.028520 0.000421 0.929972
4 4 0.052538 0.110686 0.107325 0.010425 0.719025
4 4 0.017805 0.030737 0.034822 0.000760 0.915876
4 4 0.015742 0.066247 0.052240 0.001545 0.864226
4 4 0.010451 0.022437 0.023981 0.000315 0.942816
4 4 0.021226 0.023235 0.031442 0.000677 0.923419
4 4 0.018153 0.019019 0.026454 0.000467 0.935908
4 4 0.012823 0.054353 0.043292 0.001002 0.888530
4 4 0.025103 0.062585 0.059565 0.002365 0.850382
4 4 0.006036 0.079658 0.041462 0.000706 0.872137
4 4 0.014387 0.239672 0.119418 0.006764 0.619759
4 4 0.010422 0.142317 0.070386 0.002470 0.774406
4 4 0.011470 0.047592 0.038511 0.000772 0.901655
4 4 0.008939 0.109929 0.057437 0.001537 0.822157
4 4 0.014282 0.035461 0.035028 0.000705 0.914525
4 4 0.011468 0.096019 0.057980 0.001698 0.832835
4 4 0.007142 0.044714 0.031404 0.000444 0.916297
4 4 0.012074 0.244001 0.123739 0.005553 0.614633
4 4 0.011511 0.061313 0.044712 0.001024 0.881440
4 4 0.009050 0.060890 0.040904 0.000793 0.888363
4 4 0.008490 0.013061 0.016212 0.000145 0.962092
4 4 0.017349 0.136236 0.082115 0.004009 0.760291
4 4 0.008206 0.091986 0.050251 0.001142 0.848415
4 4 0.011962 0.247942 0.101375 0.006086 0.632635
4 4 0.041893 0.197988 0.154893 0.017175 0.588051
4 4 0.009015 0.060521 0.040702 0.000785 0.888978
4 4 0.012154 0.085399 0.055284 0.001575 0.845589
4 4 0.010113 0.118419 0.062632 0.001910 0.806927
4 4 0.005469 0.123121 0.051565 0.001058 0.818788
4 4 0.021072 0.089495 0.068959 0.002963 0.817511
4 4 0.008237 0.086793 0.048647 0.001072 0.855252
4 4 0.008224 0.154217 0.067814 0.002132 0.767614
4 4 0.020317 0.260978 0.168690 0.010851 0.539163
4 4 0.009057 0.125892 0.062414 0.001833 0.800803
4 4 0.025682 0.034324 0.042271 0.001252 0.896471
4 4 0.015681 0.163909 0.113802 0.004105 0.702503
4 4 0.013581 0.200599 0.128532 0.004547 0.652741
4 4 0.018949 0.165830 0.104548 0.005457 0.705216
4 4 0.020101 0.309132 0.158507 0.015037 0.497224
4 4 0.007072 0.158621 0.065349 0.001887 0.767072
4 1 0.019112 0.275206 0.210135 0.010644 0.484903
4 1 0.018493 0.200086 0.194874 0.005847 0.580701
4 1 0.023915 0.289227 0.326992 0.018431 0.341435
2 1 0.024988 0.215313 0.430865 0.034037 0.294798
4 1 0.015872 0.151125 0.122730 0.003565 0.706708
4 1 0.017946 0.180625 0.127051 0.007114 0.667264
4 1 0.017805 0.245192 0.169994 0.008200 0.558808
2 1 0.025624 0.117626 0.473686 0.072247 0.310817
4 1 0.016200 0.213076 0.203572 0.005475 0.561678
4 1 0.023984 0.172965 0.230551 0.008524 0.563976
2 1 0.013248 0.124017 0.748028 0.032866 0.081842
2 1 0.022843 0.085651 0.568338 0.251828 0.071339
2 1 0.017378 0.180086 0.550497 0.015273 0.236766
2 1 0.017580 0.182517 0.619154 0.036660 0.144089
2 1 0.004786 0.017060 0.794758 0.173923 0.009473
2 2 0.014985 0.137522 0.679737 0.058170 0.109587
2 2 0.012644 0.088459 0.790542 0.052672 0.055682
2 2 0.004342 0.018713 0.900958 0.067565 0.008422
2 2 0.002805 0.010830 0.859309 0.121812 0.005245
2 2 0.003070 0.008987 0.719912 0.263036 0.004994
2 2 0.019053 0.165553 0.632790 0.051140 0.131464
2 2 0.014290 0.075421 0.734858 0.121960 0.053471
2 2 0.007652 0.052488 0.842641 0.065108 0.032111
2 2 0.000843 0.005091 0.943570 0.048427 0.002069
2 2 0.030639 0.146662 0.654805 0.071125 0.096770
4 2 0.111007 0.072178 0.132711 0.021318 0.662787
4 2 0.057840 0.138933 0.189192 0.013838 0.600198
4 2 0.013299 0.307328 0.236933 0.008338 0.434101
2 2 0.011722 0.033662 0.750625 0.184935 0.019057
2 0 0.046257 0.282521 0.448142 0.031719 0.191361
2 0 0.013885 0.204861 0.543883 0.005998 0.231372
4 1 0.014246 0.216873 0.169920 0.005025 0.593936
2 1 0.020684 0.131865 0.637482 0.093412 0.116557
2 1 0.018088 0.159047 0.603875 0.076863 0.142128
2 1 0.004167 0.019631 0.791676 0.172171 0.012355
2 2 0.008642 0.022357 0.721947 0.234482 0.012571
2 2 0.002767 0.014800 0.916438 0.059187 0.006808
2 2 0.009092 0.044979 0.779943 0.136062 0.029925
2 2 0.002571 0.008795 0.798862 0.185215 0.004556
2 2 0.002719 0.009935 0.834643 0.147743 0.004960
2 2 0.000859 0.005081 0.940218 0.051755 0.002087
2 2 0.005587 0.027734 0.917242 0.021923 0.027514
2 2 0.001191 0.005608 0.893145 0.097499 0.002557
2 2 0.002905 0.011085 0.856244 0.124375 0.005392
2 2 0.004532 0.012045 0.710777 0.264628 0.008017
2 2 0.002386 0.006549 0.651157 0.336106 0.003802
2 2 0.003304 0.011726 0.831998 0.147087 0.005885
2 2 0.006320 0.019912 0.763555 0.198976 0.011238
2 2 0.001290 0.006241 0.904591 0.085086 0.002793
2 2 0.003320 0.013481 0.860200 0.116273 0.006726
2 2 0.001251 0.007157 0.941314 0.047345 0.002933
2 2 0.005414 0.014457 0.707927 0.264017 0.008186
2 2 0.002263 0.012184 0.938282 0.042274 0.004997
2 2 0.000679 0.002472 0.723559 0.271966 0.001324
2 2 0.001928 0.007402 0.837714 0.149291 0.003665
2 2 0.001993 0.006921 0.788855 0.198628 0.003603
2 2 0.003500 0.008964 0.639198 0.343049 0.005289
2 2 0.001348 0.004315 0.703499 0.288453 0.002384
2 2 0.001527 0.006876 0.888602 0.099826 0.003169
2 2 0.001270 0.004137 0.709720 0.282602 0.002272
3 2 0.000942 0.002080 0.387991 0.607595 0.001392
3 2 0.001110 0.002762 0.492479 0.501911 0.001738
2 2 0.001164 0.004737 0.833592 0.158173 0.002334
2 2 0.002101 0.007444 0.803500 0.183129 0.003826
3 2 0.000841 0.001804 0.356867 0.639261 0.001228
2 2 0.000433 0.001741 0.746655 0.250266 0.000906
2 2 0.005029 0.010180 0.499830 0.478348 0.006613
2 2 0.001568 0.004762 0.681351 0.309636 0.002682
2 2 0.001206 0.003918 0.702492 0.290224 0.002160
3 2 0.002718 0.005567 0.443914 0.544110 0.003691
3 2 0.000421 0.000847 0.257781 0.740342 0.000609
3 2 0.000847 0.002087 0.455381 0.540350 0.001334
3 3 0.002385 0.004713 0.404648 0.585061 0.003194
2 3 0.005838 0.014151 0.648554 0.323082 0.008375
2 3 0.100142 0.162195 0.578769 0.017351 0.141544
2 3 0.004279 0.008813 0.496030 0.485160 0.005718
2 3 0.010552 0.024110 0.656890 0.294164 0.014284
2 3 0.001941 0.006786 0.790722 0.197027 0.003525
2 3 0.002426 0.007956 0.771081 0.214313 0.004223
2 3 0.000914 0.003519 0.785895 0.207866 0.001806
2 3 0.005149 0.015008 0.757880 0.213812 0.008151
2 3 0.001156 0.004289 0.783941 0.208397 0.002217
2 3 0.001368 0.005991 0.873954 0.115868 0.002818
2 3 0.001978 0.004846 0.544785 0.445395 0.002996
2 3 0.002107 0.006612 0.731961 0.255706 0.003613
2 3 0.002444 0.006645 0.646632 0.340408 0.003871
2 3 0.001425 0.004313 0.669421 0.322398 0.002444
3 3 0.000799 0.001687 0.341682 0.654673 0.001159
2 3 0.008796 0.022041 0.703670 0.252910 0.012583
2 2 0.035368 0.104791 0.744169 0.026242 0.089430
