0 0 0.988037 0.003598 0.000113 0.000934 0.007317
0 0 0.995464 0.001564 0.000042 0.000667 0.002263
0 0 0.996979 0.001012 0.000022 0.000439 0.001548
0 0 0.999239 0.000192 0.000001 0.000062 0.000506
0 0 0.998613 0.000111 0.000000 0.000032 0.001243
0 0 0.996206 0.001411 0.000044 0.000856 0.001482
0 0 0.996505 0.000955 0.000016 0.000265 0.002260
0 0 0.993629 0.002435 0.000099 0.001447 0.002390
0 0 0.997257 0.000799 0.000013 0.000259 0.001672
0 0 0.998291 0.000511 0.000007 0.000192 0.000999
0 0 0.998124 0.000469 0.000005 0.000126 0.001276
0 0 0.999286 0.000059 0.000000 0.000011 0.000644
0 0 0.997644 0.000679 0.000010 0.000223 0.001443
0 0 0.988436 0.004162 0.000177 0.001625 0.005601
0 0 0.988404 0.004295 0.000195 0.001837 0.005269
0 0 0.987747 0.004416 0.000193 0.001708 0.005937
0 0 0.991940 0.002904 0.000107 0.001236 0.003813
0 0 0.990475 0.003414 0.000133 0.001376 0.004601
0 0 0.992516 0.002913 0.000138 0.001930 0.002504
0 0 0.973408 0.008084 0.000362 0.001845 0.016301
0 0 0.989858 0.003861 0.000180 0.001913 0.004188
0 0 0.968938 0.010351 0.000574 0.002740 0.017398
0 0 0.989428 0.003861 0.000164 0.001610 0.004937
0 0 0.994386 0.001564 0.000032 0.000409 0.003609
0 0 0.993440 0.001745 0.000036 0.000412 0.004368
0 0 0.991095 0.002898 0.000091 0.000930 0.004985
0 0 0.991021 0.002698 0.000075 0.000738 0.005469
0 0 0.996713 0.000618 0.000006 0.000103 0.002560
0 0 0.992462 0.002319 0.000062 0.000686 0.004471
0 0 0.980748 0.005782 0.000222 0.001371 0.011877
0 0 0.990172 0.002635 0.000065 0.000585 0.006543
0 0 0.984506 0.004662 0.000163 0.001154 0.009514
0 0 0.886354 0.047386 0.008281 0.022003 0.035976
0 0 0.980551 0.007720 0.000701 0.006560 0.004468
0 0 0.941816 0.020862 0.001735 0.005797 0.029791
0 0 0.987895 0.004634 0.000235 0.002238 0.004999
0 0 0.994136 0.001826 0.000045 0.000580 0.003413
0 0 0.973218 0.010111 0.000673 0.003806 0.012192
0 0 0.969946 0.010958 0.000708 0.003621 0.014767
0 0 0.962390 0.014056 0.001053 0.004767 0.017734
0 0 0.978628 0.008103 0.000497 0.003258 0.009514
0 0 0.989601 0.003224 0.000100 0.000909 0.006165
0 0 0.984780 0.005173 0.000519 0.007648 0.001881
0 0 0.977813 0.007884 0.000426 0.002587 0.011290
0 0 0.987602 0.004505 0.000201 0.001783 0.005909
0 0 0.976163 0.009526 0.000721 0.004787 0.008803
0 0 0.976900 0.009256 0.000901 0.007502 0.005442
0 0 0.994739 0.001391 0.000026 0.000338 0.003506
0 0 0.986745 0.004182 0.000148 0.001165 0.007760
0 0 0.989223 0.004258 0.000243 0.002761 0.003515
0 0 0.979335 0.008368 0.000688 0.005516 0.006093
0 0 0.989353 0.004031 0.000188 0.001920 0.004507
0 0 0.989486 0.003770 0.000153 0.001487 0.005103
0 0 0.981364 0.007193 0.000685 0.007118 0.003640
0 0 0.921108 0.029834 0.006362 0.031511 0.011185
0 0 0.972087 0.010158 0.001313 0.012499 0.003944
0 0 0.979837 0.007665 0.000784 0.008115 0.003598
0 0 0.973111 0.010599 0.001184 0.009659 0.005447
0 0 0.957675 0.016932 0.002347 0.014498 0.008547
0 1 0.949166 0.020023 0.003173 0.018500 0.009137
0 1 0.491322 0.199261 0.107336 0.106024 0.096056
1 0 0.252717 0.275465 0.213218 0.112090 0.146510
0 1 0.884426 0.044819 0.011261 0.041925 0.017568
0 1 0.827759 0.068032 0.020410 0.055816 0.027982
0 1 0.833272 0.065777 0.019444 0.054560 0.026946
0 0 0.877668 0.050217 0.011452 0.035276 0.025387
0 0 0.990353 0.003711 0.000243 0.003507 0.002185
0 0 0.974067 0.009117 0.001174 0.012357 0.003284
0 0 0.866134 0.052316 0.014019 0.046662 0.020868
0 0 0.844918 0.061010 0.017455 0.051844 0.024772
0 0 0.947711 0.019096 0.003422 0.022942 0.006830
0 0 0.951312 0.017660 0.003071 0.021693 0.006265
0 0 0.983856 0.006332 0.000534 0.005689 0.003588
0 0 0.990553 0.003684 0.000185 0.002181 0.003396
0 0 0.987854 0.004723 0.000253 0.002481 0.004689
0 0 0.995152 0.001710 0.000049 0.000768 0.002321
0 0 0.971093 0.011802 0.001191 0.008098 0.007817
0 0 0.975844 0.009014 0.000559 0.003341 0.011242
0 0 0.995251 0.001817 0.000073 0.001396 0.001463
0 0 0.984695 0.006132 0.000445 0.004344 0.004383
0 0 0.972285 0.009446 0.001295 0.013832 0.003142
0 0 0.992028 0.003116 0.000157 0.002159 0.002539
0 0 0.979397 0.008279 0.000616 0.004605 0.007103
0 0 0.986493 0.004496 0.000175 0.001395 0.007441
0 0 0.988630 0.004494 0.000292 0.003492 0.003093
0 0 0.987971 0.004696 0.000337 0.004174 0.002823
0 0 0.981133 0.007207 0.000705 0.007463 0.003491
0 0 0.990771 0.003593 0.000178 0.002118 0.003340
0 0 0.978669 0.008120 0.000855 0.008566 0.003790
0 0 0.973384 0.010388 0.001179 0.009935 0.005114
0 0 0.983766 0.006417 0.000530 0.005475 0.003812
0 0 0.991633 0.003278 0.000171 0.002308 0.002609
0 0 0.989959 0.003960 0.000235 0.002945 0.002901
0 0 0.985973 0.005606 0.000378 0.003789 0.004254
0 0 0.989318 0.004219 0.000240 0.002737 0.003486
0 0 0.994088 0.002257 0.000111 0.002043 0.001500
0 0 0.981174 0.006529 0.000719 0.009179 0.002399
0 0 0.970659 0.011324 0.001385 0.011397 0.005235
0 0 0.981934 0.006121 0.000674 0.009122 0.002149
0 0 0.973565 0.009680 0.001207 0.011692 0.003856
0 0 0.920955 0.029896 0.006380 0.031558 0.011211
0 0 0.853611 0.057449 0.016018 0.049759 0.023164
0 0 0.939592 0.022353 0.004257 0.025671 0.008127
0 0 0.912682 0.033264 0.007407 0.034028 0.012619
0 0 0.915923 0.031944 0.006999 0.033069 0.012065
0 0 0.937079 0.023365 0.004527 0.026494 0.008535
0 0 0.989253 0.004089 0.000294 0.004154 0.002211
0 0 0.989344 0.003163 0.000289 0.006262 0.000942
0 0 0.999177 0.000288 0.000005 0.000231 0.000299
0 0 0.998181 0.000645 0.000019 0.000732 0.000423
0 0 0.994209 0.002232 0.000095 0.001552 0.001912
0 0 0.984802 0.005913 0.000492 0.005534 0.003259
0 0 0.976989 0.008074 0.000432 0.002547 0.011957
0 0 0.987240 0.004211 0.000158 0.001297 0.007094
0 0 0.994107 0.001919 0.000051 0.000670 0.003252
0 0 0.992572 0.002752 0.000106 0.001321 0.003249
0 0 0.991884 0.003054 0.000127 0.001530 0.003404
0 0 0.984062 0.006353 0.000418 0.003653 0.005513
0 0 0.970512 0.011985 0.001270 0.008849 0.007383
0 0 0.978004 0.008921 0.000768 0.006015 0.006291
0 0 0.730770 0.107357 0.039852 0.075240 0.046781
0 0 0.904910 0.037259 0.004706 0.012320 0.040804
0 0 0.756120 0.101419 0.029895 0.051160 0.061406
1 1 0.250319 0.276738 0.212676 0.109722 0.150545
1 1 0.166173 0.297278 0.253879 0.091081 0.191590
2 0 0.103803 0.276486 0.390843 0.070039 0.158829
1 1 0.236689 0.282638 0.210380 0.098516 0.171777
1 2 0.162563 0.293759 0.275945 0.103495 0.164237
2 2 0.106700 0.283034 0.286771 0.040466 0.283030
2 2 0.093106 0.277253 0.351373 0.042950 0.235319
2 2 0.069694 0.258237 0.454161 0.063334 0.154574
4 0 0.107949 0.271392 0.212543 0.028562 0.379555
0 0 0.918046 0.031080 0.006736 0.032435 0.011704
0 0 0.917023 0.034496 0.006015 0.022109 0.020357
0 0 0.757585 0.098784 0.032659 0.062839 0.048132
0 4 0.729876 0.112005 0.035151 0.055793 0.067175
1 4 0.161000 0.294440 0.275314 0.099633 0.169614
2 4 0.099396 0.280784 0.323808 0.042502 0.253509
2 4 0.065293 0.245388 0.498535 0.046386 0.144398
2 2 0.039428 0.207179 0.599137 0.029452 0.124804
2 2 0.035375 0.199016 0.618453 0.026696 0.120460
2 2 0.008099 0.055284 0.880736 0.029743 0.026138
2 2 0.000943 0.009582 0.968538 0.017346 0.003591
2 2 0.013596 0.092314 0.819014 0.026589 0.048487
2 2 0.034473 0.190867 0.632609 0.028349 0.113703
2 2 0.003539 0.028746 0.931581 0.023636 0.012499
2 2 0.005203 0.039672 0.911583 0.025479 0.018062
2 2 0.003653 0.029929 0.929828 0.023450 0.013139
2 2 0.003087 0.028189 0.937268 0.018878 0.012578
2 2 0.003530 0.025863 0.912867 0.047058 0.010683
2 2 0.003452 0.028493 0.920293 0.035412 0.012349
2 2 0.030824 0.220843 0.540431 0.063063 0.144840
2 2 0.002675 0.017773 0.931010 0.041839 0.006702
2 2 0.009778 0.092607 0.799627 0.045811 0.052176
2 2 0.001119 0.010269 0.913485 0.071377 0.003750
2 2 0.001173 0.009879 0.947102 0.038316 0.003531
2 2 0.003286 0.029374 0.880911 0.073470 0.012959
2 2 0.002265 0.016936 0.856102 0.118225 0.006472
0 2 0.446441 0.215221 0.123518 0.109271 0.105548
2 2 0.044174 0.215815 0.578025 0.032640 0.129346
2 2 0.031910 0.191365 0.636064 0.024313 0.116347
2 2 0.002038 0.016234 0.949094 0.026327 0.006307
2 2 0.011227 0.084687 0.837020 0.022233 0.044833
2 2 0.003143 0.020900 0.931614 0.036205 0.008137
2 2 0.003678 0.029428 0.929833 0.024257 0.012804
2 2 0.002466 0.014109 0.928172 0.050334 0.004920
2 2 0.001776 0.011974 0.944545 0.037489 0.004217
2 2 0.005929 0.029754 0.893878 0.058876 0.011563
2 2 0.004548 0.028281 0.804186 0.151547 0.011437
2 3 0.000934 0.007060 0.776923 0.212761 0.002322
2 0 0.001501 0.012930 0.713180 0.267455 0.004934
2 0 0.138693 0.289892 0.317438 0.090244 0.163733
0 0 0.709933 0.094234 0.014864 0.015650 0.165320
0 1 0.702450 0.118671 0.046368 0.080076 0.052435
1 1 0.240048 0.281075 0.170344 0.069026 0.239507
1 1 0.205654 0.290743 0.220546 0.089626 0.193431
1 1 0.164620 0.293930 0.272639 0.104617 0.164195
2 1 0.081562 0.261265 0.448566 0.056574 0.152034
2 2 0.044801 0.216889 0.575345 0.033058 0.129907
2 2 0.007673 0.058550 0.881261 0.023719 0.028797
2 2 0.002021 0.016745 0.950298 0.024327 0.006608
2 2 0.014587 0.103773 0.801625 0.023431 0.056585
2 2 0.005066 0.040319 0.912611 0.023389 0.018615
2 2 0.005299 0.042916 0.909262 0.022377 0.020146
2 2 0.002103 0.018045 0.950026 0.022539 0.007286
2 2 0.002003 0.011329 0.930287 0.052599 0.003783
2 2 0.003585 0.025799 0.929654 0.030302 0.010660
2 2 0.006829 0.043648 0.894931 0.035218 0.019373
2 2 0.007923 0.038920 0.855205 0.082131 0.015821
2 2 0.007243 0.035651 0.847855 0.094998 0.014254
2 2 0.002863 0.016789 0.927110 0.047155 0.006083
2 2 0.003100 0.016335 0.891289 0.083549 0.005727
2 2 0.002845 0.016457 0.852660 0.122134 0.005904
2 3 0.003775 0.016903 0.853838 0.119734 0.005751
2 3 0.001390 0.008875 0.779296 0.207512 0.002927
2 3 0.003447 0.016437 0.821495 0.152966 0.005655
2 3 0.003963 0.026495 0.733834 0.224858 0.010850
2 3 0.001730 0.010070 0.665031 0.319780 0.003389
2 3 0.003278 0.018311 0.719971 0.251698 0.006742
2 3 0.002361 0.012163 0.780814 0.200616 0.004047
3 3 0.000627 0.004832 0.465184 0.527763 0.001594
2 3 0.005355 0.036591 0.799246 0.142938 0.015870
2 3 0.002907 0.016198 0.769844 0.205263 0.005788
2 3 0.002961 0.016905 0.834584 0.139468 0.006083
2 3 0.004436 0.022140 0.888271 0.077036 0.008116
2 3 0.001404 0.009004 0.671065 0.315495 0.003032
2 3 0.002728 0.019787 0.547632 0.421731 0.008121
2 3 0.000972 0.005790 0.609481 0.381965 0.001792
2 3 0.001451 0.007817 0.741633 0.246661 0.002437
2 3 0.002419 0.014215 0.689756 0.288528 0.005081
3 3 0.001014 0.007757 0.423908 0.564500 0.002822
3 3 0.000995 0.008508 0.466392 0.520923 0.003183
2 3 0.000658 0.004311 0.503836 0.489868 0.001327
3 3 0.000461 0.003986 0.430710 0.563525 0.001319
2 3 0.001512 0.010684 0.581579 0.402359 0.003865
3 3 0.000425 0.003081 0.324416 0.671103 0.000976
2 3 0.000807 0.005766 0.527305 0.464226 0.001896
3 3 0.000564 0.004850 0.421438 0.571482 0.001666
2 2 0.008789 0.034730 0.559715 0.383040 0.013726
2 2 0.019467 0.090828 0.724618 0.121699 0.043388
2 3 0.002641 0.014420 0.784210 0.193716 0.005013
2 3 0.005528 0.028869 0.741639 0.212619 0.011346
2 3 0.006525 0.032798 0.812129 0.135560 0.012988
2 3 0.004039 0.022311 0.699996 0.265130 0.008523
2 3 0.003866 0.022234 0.760869 0.204540 0.008490
2 3 0.001695 0.010939 0.616828 0.366675 0.003863
2 3 0.002527 0.015222 0.615294 0.361336 0.005621
2 3 0.001066 0.008401 0.659677 0.327923 0.002933
2 3 0.000870 0.005482 0.557286 0.434639 0.001723
2 3 0.001232 0.008852 0.556330 0.430460 0.003126
2 3 0.001998 0.011024 0.634804 0.348424 0.003748
2 3 0.000940 0.006070 0.520110 0.470907 0.001973
2 3 0.002012 0.014865 0.499043 0.478186 0.005894
3 3 0.001313 0.010286 0.386027 0.598357 0.004016
3 3 0.000573 0.004239 0.349417 0.644357 0.001413
3 3 0.000453 0.003695 0.296342 0.698251 0.001260
3 3 0.000821 0.007293 0.315353 0.673694 0.002839
3 3 0.000803 0.006336 0.378399 0.612185 0.002277
3 3 0.000345 0.002992 0.265043 0.730607 0.001013
3 3 0.001121 0.008291 0.372882 0.614618 0.003089
3 3 0.000328 0.003386 0.241576 0.753472 0.001238
3 3 0.001101 0.008513 0.380577 0.606600 0.003209
3 3 0.001375 0.011174 0.344885 0.638024 0.004543
3 3 0.000853 0.007239 0.452431 0.536839 0.002637
3 3 0.000668 0.005157 0.251446 0.740836 0.001893
3 3 0.000319 0.003199 0.329683 0.665704 0.001096
3 3 0.000456 0.004319 0.207284 0.786284 0.001657
3 3 0.000291 0.002793 0.226114 0.769822 0.000980
3 3 0.000458 0.003862 0.169181 0.825037 0.001461
3 3 0.000785 0.007011 0.268771 0.720653 0.002782
3 3 0.000331 0.003219 0.207888 0.787385 0.001178
3 3 0.000284 0.002575 0.234412 0.761854 0.000874
3 3 0.000643 0.005551 0.403827 0.588011 0.001968
3 3 0.000519 0.004213 0.343164 0.650667 0.001437
3 3 0.000409 0.004030 0.185847 0.808147 0.001567
3 3 0.000618 0.005240 0.324760 0.667490 0.001893
3 3 0.000714 0.006408 0.269426 0.720949 0.002503
3 3 0.000168 0.001650 0.104431 0.893153 0.000598
3 3 0.000270 0.002467 0.144863 0.851501 0.000898
3 3 0.001092 0.009948 0.246671 0.738009 0.004280
3 3 0.000548 0.004795 0.351832 0.641130 0.001696
3 3 0.000602 0.005463 0.174934 0.816775 0.002226
3 3 0.000452 0.004167 0.236223 0.757612 0.001547
3 3 0.000251 0.002589 0.174112 0.822098 0.000950
3 3 0.000525 0.005007 0.216596 0.775909 0.001963
3 3 0.000463 0.004215 0.210548 0.783182 0.001592
3 3 0.000226 0.002450 0.154023 0.842384 0.000917
3 2 0.000516 0.005275 0.227961 0.764145 0.002103
2 2 0.027553 0.090387 0.733395 0.108831 0.039834
1 2 0.155028 0.292926 0.288404 0.099360 0.164283
2 3 0.070330 0.255972 0.463610 0.058227 0.151861
2 2 0.004259 0.026240 0.854859 0.104230 0.010413
2 2 0.014489 0.082491 0.824130 0.038399 0.040491
2 2 0.012487 0.098218 0.806469 0.028832 0.053993
2 2 0.033429 0.169916 0.664783 0.035835 0.096036
2 2 0.018791 0.092823 0.794734 0.048501 0.045152
2 2 0.006101 0.047625 0.900059 0.023608 0.022607
2 2 0.014636 0.083335 0.822747 0.038288 0.040995
2 2 0.019882 0.119656 0.761822 0.034076 0.064564
2 4 0.006329 0.060362 0.859842 0.042262 0.031204
2 4 0.049664 0.245436 0.362646 0.022975 0.319279
2 4 0.047030 0.223352 0.552686 0.031741 0.145190
2 4 0.022981 0.201112 0.552788 0.023066 0.200053
2 4 0.052068 0.228357 0.545884 0.037856 0.135835
4 2 0.029249 0.206286 0.276861 0.011197 0.476406
2 0 0.048638 0.244226 0.386038 0.023575 0.297523
2 0 0.072102 0.253722 0.471513 0.048992 0.153670
4 4 0.064723 0.257921 0.282636 0.026375 0.368345
2 4 0.043132 0.237441 0.389820 0.021093 0.308514
2 4 0.036816 0.228824 0.466455 0.024673 0.243232
4 4 0.060016 0.243973 0.206925 0.023042 0.466044
2 4 0.107635 0.284354 0.338451 0.054491 0.215069
4 4 0.035451 0.220845 0.243631 0.017214 0.482858
2 4 0.051734 0.239972 0.406627 0.018724 0.282942
4 0 0.048259 0.181239 0.124777 0.005574 0.640151
1 0 0.210698 0.285426 0.239257 0.109493 0.155126
1 1 0.153045 0.292650 0.291776 0.098264 0.164265
2 1 0.060662 0.242624 0.500960 0.039896 0.155857
2 1 0.021026 0.152366 0.715885 0.019328 0.091395
2 2 0.018637 0.153932 0.716828 0.014897 0.095706
2 2 0.044247 0.226561 0.545623 0.044586 0.138983
2 2 0.025715 0.171775 0.677186 0.021183 0.104141
2 2 0.035951 0.200225 0.615626 0.027090 0.121107
2 2 0.015591 0.113706 0.785376 0.021637 0.063691
2 2 0.021256 0.140539 0.733474 0.023989 0.080742
2 2 0.065986 0.246166 0.496239 0.046827 0.144782
2 2 0.029272 0.169348 0.674555 0.028133 0.098691
2 2 0.085550 0.264481 0.437420 0.059025 0.153524
2 2 0.045843 0.218643 0.570942 0.033751 0.130821
2 2 0.100559 0.274647 0.398638 0.068105 0.158050
2 -1 0.030891 0.188981 0.641463 0.023607 0.115058
2 1 0.044592 0.216533 0.576235 0.032919 0.129721
1 0 0.202685 0.287115 0.244648 0.108814 0.156738
0 0 0.354174 0.246069 0.161473 0.113140 0.125143
0 0 0.504772 0.194380 0.102737 0.104891 0.093221
0 0 0.617926 0.152538 0.067376 0.090169 0.071990
0 1 0.428861 0.221321 0.130232 0.110310 0.109277
1 1 0.164620 0.293930 0.272639 0.104617 0.164195
2 2 0.121880 0.284760 0.350632 0.080638 0.162091
2 0 0.134594 0.288843 0.325199 0.087924 0.163441
1 0 0.193111 0.289028 0.251297 0.107916 0.158648
0 0 0.738599 0.108651 0.031336 0.048377 0.073037
0 1 0.511783 0.191819 0.100382 0.104271 0.091746
1 1 0.252210 0.275595 0.213513 0.112067 0.146615
2 2 0.137318 0.289554 0.320019 0.089467 0.163642
2 1 0.019873 0.158143 0.708117 0.015797 0.098069
2 1 0.013689 0.120304 0.779694 0.014730 0.071582
2 2 0.012807 0.108321 0.800065 0.016499 0.062308
2 2 0.004284 0.050374 0.908015 0.010479 0.026849
2 0 0.009458 0.091107 0.833777 0.013512 0.052145
0 0 0.671700 0.130847 0.053867 0.084946 0.058640
0 0 0.820513 0.070994 0.021704 0.057440 0.029349
0 0 0.499916 0.197041 0.103070 0.102140 0.097833
0 0 0.885788 0.047216 0.007824 0.019984 0.039188
0 0 0.910171 0.034289 0.007728 0.034762 0.013050
0 0 0.698169 0.120920 0.047015 0.079031 0.054865
0 0 0.846019 0.064484 0.014519 0.033921 0.041057
1 0 0.238637 0.278990 0.221564 0.111387 0.149422
1 0 0.164620 0.293930 0.272639 0.104617 0.164195
1 0 0.218341 0.283746 0.234255 0.110082 0.153577
1 1 0.164620 0.293930 0.272639 0.104617 0.164195
1 1 0.164620 0.293930 0.272639 0.104617 0.164195
2 1 0.127929 0.286865 0.338265 0.084121 0.162821
2 2 0.082095 0.261709 0.447053 0.056903 0.152241
2 2 0.017467 0.149756 0.725384 0.014040 0.093354
2 2 0.006042 0.062171 0.885318 0.013066 0.033403
2 1 0.029921 0.186650 0.646702 0.022932 0.113794
2 2 0.070582 0.251083 0.481420 0.049733 0.147183
2 2 0.019520 0.107543 0.779716 0.037738 0.055482
2 1 0.022380 0.154178 0.710669 0.021188 0.091585
2 1 0.022081 0.143587 0.727222 0.024523 0.082586
2 1 0.017601 0.120410 0.770772 0.023968 0.067250
1 1 0.164620 0.293930 0.272639 0.104617 0.164195
2 1 0.015622 0.111219 0.788699 0.022850 0.061610
2 2 0.033120 0.194114 0.629788 0.025148 0.117830
2 2 0.021555 0.163577 0.696753 0.017012 0.101103
2 2 0.019956 0.153764 0.715309 0.017073 0.093897
2 2 0.019445 0.123257 0.761886 0.027501 0.067911
2 2 0.003184 0.032413 0.934171 0.014958 0.015274
2 2 0.006344 0.049929 0.896714 0.023041 0.023972
2 2 0.009451 0.076380 0.853930 0.019980 0.040258
2 0 0.011640 0.083409 0.836846 0.024656 0.043449
2 0 0.049750 0.187385 0.603273 0.058135 0.101458
0 0 0.685821 0.125270 0.050368 0.082758 0.055783
0 0 0.526439 0.186429 0.095553 0.102913 0.088666
0 1 0.632608 0.146144 0.064046 0.090587 0.066615
1 1 0.229071 0.281282 0.227442 0.110817 0.151387
1 1 0.199267 0.287812 0.246994 0.108504 0.157422
2 2 0.087050 0.265631 0.433324 0.059943 0.154051
2 0 0.021587 0.163677 0.696542 0.017035 0.101159
1 1 0.214372 0.284627 0.236836 0.109783 0.154382
1 0 0.185000 0.290551 0.257123 0.107076 0.160250
2 1 0.248936 0.263311 0.263555 0.086171 0.138027
0 1 0.315714 0.257909 0.179596 0.113487 0.133294
2 2 0.064833 0.219438 0.554996 0.034350 0.126383
2 2 0.101384 0.245747 0.466614 0.048371 0.137884
2 2 0.018499 0.141976 0.737270 0.017072 0.085183
2 2 0.043885 0.215315 0.579267 0.032447 0.129085
2 1 0.102332 0.254849 0.444969 0.053893 0.143957
2 2 0.053813 0.230864 0.539213 0.038995 0.137115
2 1 0.015276 0.123789 0.771614 0.016527 0.072794
2 2 0.026092 0.176812 0.668427 0.020247 0.108421
2 2 0.026708 0.178468 0.664811 0.020682 0.109330
2 0 0.032597 0.115060 0.754017 0.041523 0.056803
0 0 0.398429 0.231648 0.142399 0.111783 0.115741
1 0 0.215210 0.284442 0.236288 0.109847 0.154212
1 0 0.164620 0.293930 0.272639 0.104617 0.164195
0 0 0.572704 0.169125 0.081098 0.098077 0.078996
0 0 0.318220 0.257160 0.178366 0.113490 0.132764
1 1 0.164620 0.293930 0.272639 0.104617 0.164195
2 2 0.093174 0.270005 0.417132 0.063666 0.156023
2 2 0.020002 0.112534 0.772803 0.035705 0.058956
2 2 0.023073 0.153724 0.710085 0.022634 0.090484
2 2 0.002454 0.022138 0.946055 0.019946 0.009407
2 1 0.089528 0.267462 0.426673 0.061454 0.154883
2 1 0.009248 0.072200 0.859607 0.021662 0.037283
2 1 0.020457 0.138326 0.738466 0.023141 0.079610
2 2 0.007646 0.066604 0.873138 0.017833 0.034778
2 2 0.007608 0.052787 0.885694 0.029082 0.024829
2 1 0.027318 0.144547 0.712804 0.036177 0.079154
2 1 0.005931 0.048677 0.900551 0.021337 0.023502
2 1 0.025535 0.150492 0.709574 0.028936 0.085463
2 1 0.003144 0.027820 0.936652 0.020099 0.012285
2 1 0.129031 0.287216 0.336065 0.084752 0.162936
2 1 0.021339 0.159054 0.704566 0.017891 0.097150
2 1 0.046590 0.219876 0.567825 0.034247 0.131462
2 1 0.003160 0.034336 0.932815 0.013052 0.016636
2 2 0.007350 0.053280 0.887299 0.026687 0.025383
2 2 0.007260 0.050485 0.889502 0.029203 0.023549
2 2 0.012195 0.092342 0.824076 0.021534 0.049853
2 2 0.002950 0.021640 0.936850 0.029869 0.008691
2 2 0.025104 0.156700 0.701604 0.025400 0.091192
2 2 0.007063 0.050507 0.891036 0.027667 0.023727
2 2 0.017101 0.108127 0.788003 0.028992 0.057777
2 2 0.008456 0.058859 0.876076 0.028291 0.028319
2 2 0.007294 0.062234 0.879741 0.018851 0.031879
2 2 0.018458 0.102564 0.788788 0.037724 0.052465
2 2 0.010845 0.067750 0.843978 0.044870 0.032558
2 2 0.017893 0.115552 0.776347 0.027196 0.063013
2 2 0.004093 0.027737 0.923039 0.033685 0.011446
2 2 0.005901 0.044415 0.903437 0.025642 0.020606
2 2 0.011484 0.072358 0.848007 0.032723 0.035428
2 2 0.065049 0.245110 0.499350 0.046230 0.144261
2 2 0.027144 0.128491 0.730889 0.046890 0.066586
2 0 0.037686 0.163310 0.661856 0.049187 0.087962
2 0 0.102725 0.244576 0.424449 0.096820 0.131430
0 0 0.422825 0.223393 0.132588 0.110635 0.110558
0 4 0.497443 0.197045 0.105229 0.105517 0.094765
1 2 0.164620 0.293930 0.272639 0.104617 0.164195
2 0 0.004282 0.035334 0.922079 0.022258 0.016047
0 0 0.538459 0.181027 0.107052 0.088405 0.085057
0 0 0.607859 0.155710 0.070872 0.093849 0.071709
0 1 0.531397 0.184595 0.093947 0.102435 0.087626
0 1 0.340128 0.250476 0.167911 0.113362 0.128124
0 2 0.385079 0.236078 0.147971 0.112294 0.118578
2 2 0.153214 0.245947 0.416051 0.052536 0.132252
0 2 0.266975 0.266652 0.226561 0.099973 0.139840
2 2 0.045672 0.193450 0.622809 0.024918 0.113151
2 2 0.150827 0.239808 0.432382 0.048526 0.128456
2 2 0.043798 0.205169 0.600374 0.028753 0.121906
2 2 0.013543 0.106616 0.800759 0.019078 0.060004
2 2 0.016552 0.134179 0.752521 0.016493 0.080255
2 2 0.172743 0.274883 0.322447 0.079920 0.150008
2 2 0.091480 0.247094 0.472549 0.048541 0.140337
2 2 0.018054 0.136351 0.748441 0.015723 0.081430
2 2 0.005829 0.053060 0.897196 0.017157 0.026757
2 2 0.046886 0.195050 0.618718 0.025423 0.113923
2 2 0.022603 0.150649 0.718120 0.019373 0.089256
2 2 0.010157 0.078172 0.848938 0.021839 0.040895
2 2 0.009198 0.082725 0.846626 0.015883 0.045568
2 2 0.119248 0.243376 0.455214 0.048201 0.133961
2 2 0.004183 0.043354 0.916953 0.013796 0.021715
2 2 0.016742 0.147072 0.730843 0.013507 0.091836
2 2 0.019550 0.147847 0.725572 0.018058 0.088972
2 2 0.005445 0.053362 0.898910 0.014829 0.027454
2 2 0.005585 0.049386 0.902258 0.018400 0.024371
2 2 0.011413 0.099207 0.816930 0.016102 0.056348
2 2 0.017433 0.130919 0.755955 0.019347 0.076347
2 2 0.015507 0.104519 0.797717 0.025941 0.056315
2 2 0.011065 0.078348 0.844783 0.025649 0.040155
2 2 0.011984 0.065597 0.848307 0.043706 0.030406
2 2 0.010882 0.077189 0.846819 0.025656 0.039455
2 2 0.002583 0.014795 0.923296 0.054124 0.005203
2 2 0.008866 0.050796 0.875511 0.042213 0.022613
2 2 0.005668 0.037619 0.906785 0.033555 0.016373
2 2 0.003635 0.028928 0.930332 0.024578 0.012527
2 2 0.038649 0.205669 0.602753 0.028925 0.124004
2 2 0.008616 0.049689 0.877771 0.041864 0.022059
2 2 0.001993 0.013899 0.944416 0.034618 0.005074
2 2 0.006292 0.046199 0.899328 0.026715 0.021466
2 2 0.014385 0.091846 0.816353 0.029961 0.047456
2 2 0.004555 0.036509 0.918940 0.023433 0.016563
2 0 0.048635 0.196903 0.603212 0.039775 0.111475
0 0 0.673096 0.130297 0.053517 0.084733 0.058357
0 0 0.856371 0.060119 0.012336 0.028904 0.042269
0 0 0.868222 0.050255 0.006955 0.014267 0.060302
0 0 0.445179 0.219812 0.100620 0.072775 0.161614
0 0 0.796754 0.084899 0.021247 0.039545 0.057555
0 0 0.893845 0.042943 0.006281 0.016003 0.040929
0 0 0.941347 0.024276 0.003549 0.016105 0.014724
0 0 0.953773 0.009429 0.000317 0.001091 0.035390
0 0 0.943736 0.012072 0.000471 0.001439 0.042283
0 0 0.919451 0.021381 0.001292 0.003204 0.054672
0 0 0.927190 0.026306 0.002455 0.007145 0.036904
0 0 0.967522 0.004231 0.000072 0.000312 0.027862
0 0 0.989921 0.003814 0.000174 0.001841 0.004249
0 0 0.986750 0.004165 0.000146 0.001152 0.007785
0 0 0.945729 0.022353 0.003215 0.015619 0.013084
0 0 0.903034 0.039858 0.008002 0.028351 0.020755
0 0 0.904618 0.036556 0.008454 0.036362 0.014010
0 0 0.973302 0.010849 0.001076 0.007826 0.006947
0 0 0.996658 0.001004 0.000019 0.000332 0.001988
0 0 0.979091 0.007663 0.000431 0.002772 0.010043
0 0 0.967067 0.013355 0.001213 0.006742 0.011624
0 0 0.962702 0.004071 0.000061 0.000243 0.032923
0 0 0.957623 0.009220 0.000322 0.001176 0.031658
0 0 0.880667 0.025952 0.001459 0.002744 0.089177
0 0 0.847943 0.024811 0.001116 0.001770 0.124361
0 0 0.938787 0.016955 0.000958 0.002850 0.040450
0 0 0.948263 0.013635 0.000667 0.002189 0.035245
0 0 0.984072 0.004952 0.000185 0.001295 0.009497
0 0 0.835275 0.059907 0.008401 0.014270 0.082147
0 0 0.650475 0.113238 0.020069 0.018016 0.198202
0 0 0.553087 0.147403 0.032336 0.023148 0.244026
0 0 0.591563 0.135789 0.028134 0.022110 0.222404
0 0 0.893999 0.034866 0.003284 0.007166 0.060686
0 0 0.956800 0.014383 0.000919 0.003573 0.024325
0 0 0.596379 0.140698 0.031510 0.025677 0.205736
0 0 0.466925 0.178295 0.047001 0.027870 0.279909
4 0 0.243644 0.214664 0.067980 0.021449 0.452263
0 4 0.641603 0.073887 0.007126 0.005797 0.271586
0 4 0.477283 0.078237 0.006896 0.003764 0.433820
4 4 0.162465 0.106596 0.014433 0.004419 0.712088
4 4 0.298127 0.102778 0.012264 0.004267 0.582564
0 4 0.676441 0.042826 0.002272 0.002241 0.276220
4 4 0.241220 0.096258 0.009331 0.008369 0.644823
4 4 0.374350 0.176044 0.041496 0.018560 0.389550
0 4 0.536755 0.084650 0.008503 0.005336 0.364755
0 4 0.459611 0.081182 0.007407 0.003877 0.447923
4 0 0.232702 0.208503 0.063438 0.019090 0.476268
0 0 0.581077 0.143449 0.031969 0.024880 0.218625
0 4 0.541310 0.114880 0.017019 0.011028 0.315764
0 4 0.563109 0.113659 0.017062 0.011705 0.294466
0 4 0.531113 0.081553 0.007802 0.004828 0.374704
0 4 0.728251 0.044259 0.002714 0.002792 0.221985
0 4 0.598968 0.075871 0.007085 0.005365 0.312711
4 4 0.350359 0.071043 0.005059 0.003622 0.569918
4 4 0.224763 0.182796 0.046289 0.013177 0.532974
4 4 0.230158 0.116691 0.014986 0.009182 0.628982
0 0 0.562094 0.105107 0.014188 0.009605 0.309005
0 4 0.681326 0.109139 0.020015 0.019943 0.169577
4 0 0.268588 0.137719 0.023364 0.007874 0.562455
0 4 0.825662 0.049468 0.004772 0.007122 0.112977
4 0 0.138547 0.247749 0.111550 0.024108 0.478046
0 0 0.549009 0.126105 0.021484 0.014451 0.288950
0 0 0.968476 0.012786 0.001145 0.006563 0.011030
0 0 0.771066 0.092003 0.030802 0.065000 0.041129
0 0 0.840227 0.066696 0.015987 0.037798 0.039291
0 0 0.732041 0.111316 0.032737 0.049772 0.074135
0 0 0.857810 0.059556 0.012326 0.029377 0.040931
0 0 0.468580 0.207415 0.115371 0.107774 0.100860
0 0 0.400687 0.230893 0.141471 0.111688 0.115261
0 0 0.489395 0.199957 0.108005 0.106181 0.096463
0 1 0.437204 0.218437 0.127018 0.109833 0.107507
0 1 0.329722 0.254847 0.169936 0.109230 0.136265
1 1 0.173712 0.296084 0.212343 0.069384 0.248477
0 1 0.319540 0.256764 0.177721 0.113490 0.132485
2 1 0.146329 0.290410 0.307024 0.092941 0.163296
2 1 0.065295 0.249384 0.477581 0.040700 0.167041
2 2 0.080839 0.269052 0.372014 0.035972 0.242122
2 2 0.042562 0.212984 0.585028 0.031562 0.127864
2 2 0.024603 0.172676 0.677383 0.019192 0.106146
2 2 0.035913 0.204448 0.594512 0.023649 0.141478
1 2 0.214124 0.285206 0.235319 0.108030 0.157320
2 2 0.032490 0.192692 0.633040 0.024714 0.117064
2 2 0.022369 0.166098 0.691429 0.017598 0.102505
2 2 0.145183 0.280580 0.337328 0.080491 0.156418
2 2 0.032329 0.191965 0.634606 0.024492 0.116607
2 2 0.004058 0.047887 0.912262 0.010501 0.025292
2 2 0.008922 0.075782 0.856741 0.018170 0.040384
2 0 0.031719 0.190922 0.637070 0.024181 0.116108
0 0 0.785782 0.085144 0.028269 0.064809 0.035996
0 0 0.806354 0.076772 0.024309 0.060523 0.032042
0 0 0.882775 0.043613 0.005398 0.011739 0.056476
0 1 0.836070 0.065984 0.011808 0.022265 0.063873
4 1 0.280261 0.230810 0.082551 0.030537 0.375842
1 1 0.145705 0.295679 0.247366 0.062216 0.249034
1 1 0.154816 0.297223 0.240971 0.068735 0.238254
1 1 0.130402 0.292801 0.276807 0.058102 0.241888
2 1 0.056143 0.234080 0.530518 0.040511 0.138747
2 1 0.083647 0.262976 0.442689 0.057858 0.152830
2 4 0.047960 0.222088 0.562189 0.035154 0.132609
2 4 0.036361 0.213117 0.531363 0.017410 0.201749
2 2 0.043696 0.215062 0.579747 0.032249 0.129246
2 4 0.005987 0.053473 0.895884 0.017778 0.026877
2 0 0.104719 0.276984 0.388677 0.070583 0.159038
0 1 0.403302 0.230015 0.140402 0.111576 0.114705
1 1 0.164620 0.293930 0.272639 0.104617 0.164195
2 1 0.030325 0.187629 0.644506 0.023214 0.114325
2 2 0.055210 0.232810 0.533972 0.039905 0.138104
2 2 0.016915 0.146994 0.730770 0.013799 0.091522
2 2 0.016336 0.134843 0.751813 0.015888 0.081120
2 2 0.003520 0.031222 0.931465 0.019692 0.014102
2 2 0.002982 0.035727 0.932699 0.010705 0.017887
2 2 0.007263 0.068844 0.871908 0.015002 0.036983
2 2 0.008383 0.071979 0.863569 0.018016 0.038052
2 2 0.019292 0.140390 0.736675 0.021102 0.082540
2 2 0.005885 0.053226 0.896710 0.017366 0.026813
2 2 0.005536 0.060453 0.889527 0.011690 0.032794
2 2 0.005503 0.041342 0.908206 0.026046 0.018904
2 2 0.012189 0.086339 0.831318 0.024978 0.045176
2 2 0.010187 0.093947 0.827751 0.014584 0.053530
2 2 0.006461 0.052585 0.893848 0.021378 0.025727
2 2 0.006610 0.062017 0.883180 0.015669 0.032524
2 2 0.010116 0.077189 0.843083 0.029572 0.040039
2 2 0.002118 0.020364 0.951073 0.017788 0.008658
2 2 0.004895 0.043032 0.912372 0.019065 0.020636
2 2 0.004005 0.037741 0.923286 0.017012 0.017956
2 2 0.002432 0.021132 0.946039 0.021580 0.008817
2 2 0.008798 0.060909 0.872435 0.028390 0.029469
2 2 0.006615 0.051060 0.894000 0.023819 0.024506
2 2 0.002907 0.024985 0.939801 0.021578 0.010730
2 2 0.005670 0.042847 0.906125 0.025600 0.019759
2 2 0.011245 0.069637 0.851306 0.034132 0.033680
2 2 0.023282 0.088274 0.768860 0.079643 0.039941
2 2 0.035789 0.186391 0.636826 0.032324 0.108670
2 2 0.003615 0.037768 0.926271 0.013893 0.018453
2 2 0.008681 0.072928 0.861206 0.018741 0.038445
2 2 0.002685 0.022184 0.942253 0.023655 0.009223
2 2 0.009266 0.071052 0.860763 0.022516 0.036403
2 2 0.002663 0.019629 0.940029 0.029930 0.007749
2 2 0.014046 0.099900 0.791149 0.041233 0.053672
2 2 0.003231 0.027602 0.935552 0.021553 0.012062
2 2 0.007157 0.060006 0.882808 0.019653 0.030376
2 2 0.006276 0.044061 0.898535 0.031087 0.020041
2 2 0.014121 0.097465 0.797741 0.038912 0.051762
2 2 0.005269 0.043117 0.909385 0.021918 0.020311
2 2 0.002894 0.023043 0.937705 0.026807 0.009552
2 2 0.003182 0.025650 0.921219 0.039120 0.010829
2 2 0.008319 0.058595 0.876683 0.028158 0.028244
2 2 0.002922 0.021542 0.915857 0.051076 0.008603
2 2 0.006024 0.042318 0.903011 0.029533 0.019114
2 2 0.001710 0.011743 0.940533 0.041881 0.004133
2 2 0.006851 0.053981 0.886700 0.026186 0.026281
2 2 0.004760 0.031355 0.912650 0.038096 0.013139
2 2 0.003835 0.023525 0.875633 0.087872 0.009136
2 2 0.009614 0.071966 0.809614 0.072445 0.036361
2 2 0.004434 0.039827 0.902457 0.034522 0.018760
2 2 0.001905 0.014547 0.949135 0.028934 0.005479
2 2 0.004433 0.033016 0.833803 0.114458 0.014289
2 2 0.027515 0.190595 0.628908 0.033825 0.119158
2 2 0.002532 0.018019 0.916848 0.055700 0.006901
2 2 0.004075 0.033915 0.866271 0.080613 0.015126
2 2 0.013594 0.091617 0.761868 0.085371 0.047550
2 1 0.003866 0.026225 0.875551 0.083724 0.010634
2 1 0.042669 0.193489 0.612805 0.040731 0.110306
2 0 0.037000 0.168273 0.658062 0.044279 0.092387
0 0 0.733088 0.106426 0.039335 0.074829 0.046321
0 0 0.813857 0.074963 0.014404 0.024895 0.071881
0 0 0.630050 0.144524 0.039485 0.038660 0.147281
0 0 0.901654 0.040271 0.005949 0.016350 0.035776
0 0 0.897863 0.036390 0.003870 0.008970 0.052907
0 1 0.686659 0.124581 0.031794 0.036669 0.120297
1 0 0.166333 0.297680 0.250072 0.088521 0.197394
1 0 0.164620 0.293930 0.272639 0.104617 0.164195
0 0 0.768462 0.092167 0.031761 0.068249 0.039360
0 0 0.924251 0.028119 0.002821 0.008150 0.036659
0 0 0.905889 0.036037 0.008286 0.035998 0.013790
0 0 0.927185 0.029998 0.003994 0.013638 0.025184
0 0 0.726511 0.109064 0.040808 0.075989 0.047628
0 1 0.461939 0.209771 0.117781 0.108245 0.102266
0 2 0.439146 0.217763 0.126277 0.109718 0.107095
2 2 0.153690 0.288004 0.305835 0.091627 0.160844
1 2 0.180379 0.285657 0.280501 0.096465 0.156998
2 2 0.082806 0.257982 0.455214 0.054532 0.149467
2 2 0.093500 0.270224 0.416293 0.063863 0.156120
2 2 0.018758 0.154350 0.715965 0.014985 0.095942
2 2 0.010620 0.105049 0.809601 0.012262 0.062468
2 2 0.110189 0.248851 0.451429 0.050767 0.138765
2 2 0.011439 0.110474 0.799418 0.012631 0.066038
2 2 0.030442 0.187910 0.643875 0.023295 0.114478
2 2 0.030645 0.182004 0.655599 0.021601 0.110151
2 2 0.010386 0.093053 0.830891 0.012283 0.053388
2 2 0.004417 0.053173 0.903686 0.009901 0.028823
2 2 0.023162 0.168489 0.686352 0.018166 0.103831
2 1 0.033253 0.194409 0.629109 0.025240 0.117989
1 1 0.245055 0.277404 0.217716 0.111727 0.148097
2 1 0.070690 0.251194 0.481079 0.049801 0.147237
2 1 0.056709 0.235567 0.525112 0.039997 0.142616
2 1 0.013158 0.098454 0.813033 0.021613 0.053741
2 1 0.005164 0.054300 0.899116 0.012874 0.028545
2 1 0.035355 0.198973 0.618553 0.026682 0.120437
2 1 0.017130 0.133737 0.752193 0.017776 0.079164
2 1 0.051578 0.236118 0.494714 0.027683 0.189907
2 1 0.010231 0.103939 0.812068 0.011675 0.062087
2 1 0.003503 0.035806 0.928853 0.014622 0.017217
2 2 0.011883 0.087010 0.831747 0.023376 0.045985
2 2 0.003694 0.033993 0.928458 0.018102 0.015754
2 2 0.023401 0.160268 0.695817 0.024702 0.095812
2 2 0.013572 0.112038 0.792755 0.017095 0.064540
2 1 0.003063 0.029159 0.937223 0.017319 0.013236
2 1 0.024369 0.172010 0.678817 0.019026 0.105778
2 2 0.011357 0.099240 0.817021 0.015936 0.056447
2 2 0.011249 0.086049 0.835286 0.021545 0.045871
2 2 0.007778 0.063918 0.875535 0.020160 0.032609
2 2 0.008239 0.075710 0.859312 0.015582 0.041157
2 2 0.004627 0.036942 0.918081 0.023567 0.016782
2 2 0.002000 0.017740 0.951894 0.021165 0.007200
2 2 0.008616 0.071549 0.863123 0.019253 0.037459
2 2 0.011939 0.110360 0.798713 0.013773 0.065215
2 2 0.003334 0.031798 0.933145 0.017042 0.014682
2 2 0.006268 0.054567 0.893186 0.018619 0.027359
2 2 0.002402 0.020129 0.945940 0.023284 0.008246
2 2 0.008719 0.063178 0.871154 0.025799 0.031149
2 2 0.002412 0.021956 0.946673 0.019623 0.009336
2 2 0.015538 0.090742 0.812333 0.035643 0.045743
2 2 0.009668 0.067641 0.861977 0.027190 0.033523
2 2 0.003768 0.031974 0.928520 0.021393 0.014346
2 2 0.005130 0.043866 0.909977 0.020060 0.020967
2 2 0.011716 0.096612 0.819849 0.017996 0.053827
2 2 0.012656 0.093772 0.820696 0.022359 0.050517
2 1 0.014348 0.100133 0.807012 0.024599 0.053908
2 2 0.010166 0.074735 0.852674 0.024140 0.038285
2 2 0.016270 0.126358 0.765285 0.018392 0.073694
2 2 0.004878 0.041184 0.913777 0.020780 0.019381
2 2 0.003675 0.033054 0.929117 0.019006 0.015148
2 2 0.005511 0.043180 0.907351 0.023834 0.020125
2 2 0.022994 0.156226 0.687833 0.040798 0.092148
2 2 0.003205 0.028770 0.935728 0.019465 0.012832
2 2 0.020756 0.150642 0.716634 0.021982 0.089986
2 2 0.006780 0.051436 0.890038 0.027163 0.024582
2 2 0.001486 0.011145 0.952596 0.030795 0.003978
2 2 0.007246 0.052509 0.888530 0.026772 0.024943
2 2 0.001383 0.014113 0.962307 0.016508 0.005689
2 2 0.001981 0.022847 0.952495 0.012278 0.010400
2 2 0.004398 0.037303 0.920137 0.020923 0.017239
2 2 0.003999 0.033112 0.925706 0.022319 0.014864
2 2 0.007078 0.059272 0.883978 0.019751 0.029920
2 2 0.003999 0.035549 0.924745 0.019235 0.016472
2 2 0.002027 0.017287 0.950854 0.022918 0.006913
2 1 0.024788 0.163948 0.691151 0.022180 0.097934
2 2 0.078275 0.264037 0.424484 0.044332 0.188872
2 2 0.044051 0.221470 0.547201 0.026922 0.160356
2 1 0.009005 0.080788 0.849897 0.016061 0.044250
2 2 0.068473 0.253753 0.461207 0.040991 0.175575
2 2 0.021027 0.126482 0.753201 0.030084 0.069207
2 2 0.016291 0.144924 0.719152 0.012024 0.107608
2 2 0.060970 0.255482 0.401430 0.030501 0.251617
2 2 0.024267 0.162042 0.695041 0.021917 0.096732
2 0 0.023957 0.156245 0.704555 0.023385 0.091858
0 0 0.772675 0.090461 0.030899 0.067426 0.038539
0 0 0.815531 0.073498 0.022452 0.057177 0.031341
0 0 0.934616 0.027114 0.004178 0.017722 0.016370
0 0 0.918000 0.032254 0.003844 0.011135 0.034767
0 1 0.777378 0.092569 0.026529 0.049588 0.053935
1 4 0.166323 0.297653 0.250363 0.088715 0.196947
4 4 0.148496 0.268776 0.139569 0.033395 0.409764
4 4 0.128276 0.268477 0.163207 0.029718 0.410322
4 4 0.069580 0.167594 0.062454 0.006659 0.693713
4 4 0.297250 0.080187 0.007242 0.002538 0.612782
4 0 0.173570 0.236443 0.092737 0.023130 0.474120
4 4 0.285602 0.120779 0.017487 0.005867 0.570266
4 4 0.078665 0.168087 0.055440 0.007313 0.690495
4 4 0.075811 0.154717 0.047426 0.005528 0.716518
4 4 0.119117 0.100418 0.014763 0.002642 0.763060
4 4 0.232178 0.247853 0.101684 0.032958 0.385328
4 4 0.290763 0.149481 0.027663 0.010397 0.521697
4 4 0.163866 0.059579 0.003732 0.002850 0.769973
4 4 0.177734 0.045425 0.002184 0.001347 0.773310
4 4 0.234547 0.079194 0.007158 0.002521 0.676580
4 4 0.084295 0.048902 0.002651 0.003807 0.860345
4 4 0.364376 0.142532 0.025004 0.010500 0.457588
4 4 0.258953 0.188865 0.049035 0.015753 0.487393
4 4 0.134810 0.132406 0.025621 0.004946 0.702216
4 4 0.139218 0.174850 0.047087 0.009402 0.629443
4 4 0.287821 0.145858 0.026549 0.009026 0.530746
4 4 0.186829 0.136022 0.024688 0.006022 0.646440
4 4 0.094660 0.167053 0.058105 0.006408 0.673774
4 4 0.088217 0.183632 0.073372 0.010218 0.644561
4 4 0.052934 0.173480 0.076470 0.008778 0.688337
4 4 0.081131 0.152554 0.051221 0.005148 0.709946
4 4 0.170785 0.132684 0.021711 0.009463 0.665357
4 4 0.223724 0.097304 0.011250 0.003604 0.664118
4 4 0.088336 0.071092 0.007344 0.001873 0.831356
4 4 0.099419 0.195061 0.073003 0.010375 0.622142
4 4 0.146909 0.129632 0.023822 0.004877 0.694760
4 4 0.188798 0.140921 0.026637 0.006513 0.637131
4 4 0.167589 0.101194 0.012072 0.005566 0.713579
4 4 0.221610 0.205008 0.061249 0.017636 0.494496
4 4 0.168696 0.124875 0.021088 0.004757 0.680584
0 4 0.407685 0.175691 0.042168 0.020748 0.353708
4 4 0.251967 0.144158 0.026332 0.008021 0.569522
4 4 0.236152 0.164792 0.036043 0.010531 0.552482
4 4 0.286096 0.200614 0.056580 0.020131 0.436579
4 4 0.288441 0.123953 0.018485 0.006255 0.562866
4 4 0.046105 0.084805 0.011745 0.005054 0.852292
4 4 0.202856 0.133880 0.023380 0.006019 0.633865
4 4 0.143301 0.160805 0.039240 0.007706 0.648949
0 4 0.427697 0.139508 0.024329 0.012037 0.396429
4 4 0.348488 0.199624 0.056673 0.024457 0.370758
4 4 0.060314 0.159632 0.072564 0.004567 0.702923
4 4 0.108290 0.229323 0.109717 0.016171 0.536498
4 4 0.009558 0.073432 0.015312 0.005878 0.895820
4 0 0.013094 0.078350 0.020917 0.003250 0.884388
0 4 0.381827 0.210056 0.067350 0.033229 0.307538
4 4 0.136085 0.247135 0.111348 0.023735 0.481698
4 4 0.126326 0.264282 0.155560 0.027680 0.426151
4 4 0.067960 0.107820 0.020131 0.003982 0.800108
4 4 0.052739 0.149909 0.062343 0.004173 0.730836
4 4 0.018944 0.094246 0.028390 0.003194 0.855225
4 4 0.069676 0.107147 0.018163 0.005078 0.799936
4 4 0.016100 0.081851 0.027726 0.001507 0.872816
4 4 0.036850 0.094573 0.017030 0.004485 0.847061
4 4 0.017704 0.101215 0.041656 0.002680 0.836745
4 4 0.150434 0.272122 0.144920 0.035396 0.397128
4 4 0.044253 0.220956 0.231837 0.012826 0.490128
4 4 0.088048 0.220023 0.120127 0.012515 0.559287
4 4 0.047655 0.086960 0.015414 0.002028 0.847944
4 4 0.018839 0.073182 0.016819 0.001618 0.889541
4 4 0.024642 0.092056 0.026632 0.001996 0.854674
4 4 0.044961 0.105125 0.026815 0.002786 0.820314
4 4 0.074085 0.090375 0.013351 0.002422 0.819767
4 4 0.048404 0.116290 0.026918 0.004291 0.804097
4 4 0.082608 0.081382 0.011395 0.001475 0.823140
4 4 0.246548 0.237973 0.089969 0.030012 0.395499
4 4 0.163567 0.226894 0.084347 0.019826 0.505367
4 4 0.142721 0.146104 0.031221 0.006275 0.673679
4 4 0.118958 0.216890 0.082533 0.015332 0.566286
4 4 0.119547 0.217935 0.083394 0.015562 0.563562
4 4 0.131143 0.182754 0.053112 0.010228 0.622764
0 4 0.447236 0.149488 0.029064 0.015322 0.358890
4 4 0.148248 0.211432 0.072468 0.015566 0.552286
4 4 0.100619 0.216169 0.097640 0.013257 0.572314
0 4 0.526721 0.124645 0.020291 0.012805 0.315538
4 4 0.173717 0.221570 0.078201 0.019071 0.507441
4 4 0.144423 0.261709 0.129306 0.029712 0.434850
