0 0 0.838967 0.086313 0.006977 0.001342 0.066401
0 0 0.855975 0.055990 0.003147 0.001372 0.083516
0 0 0.867730 0.048871 0.002432 0.001119 0.079849
0 0 0.905926 0.033495 0.001677 0.000671 0.058231
0 0 0.933730 0.022888 0.004666 0.001529 0.037186
0 0 0.881049 0.043311 0.001975 0.000872 0.072792
0 0 0.870680 0.049439 0.002494 0.001050 0.076337
0 0 0.782981 0.143907 0.018593 0.001516 0.053002
0 0 0.793361 0.138251 0.017360 0.001313 0.049715
0 0 0.923314 0.026319 0.000935 0.000349 0.049083
0 0 0.929322 0.024598 0.001570 0.000556 0.043954
0 0 0.923849 0.025980 0.000829 0.000309 0.049033
0 0 0.675245 0.181225 0.027229 0.006546 0.109755
0 0 0.796650 0.139212 0.017796 0.001136 0.045206
0 0 0.856349 0.071138 0.004896 0.001136 0.066480
0 0 0.906297 0.032973 0.001240 0.000500 0.058990
0 0 0.894430 0.037796 0.001565 0.000660 0.065549
0 0 0.878369 0.044425 0.002063 0.000919 0.074224
0 0 0.833318 0.095491 0.008478 0.001295 0.061418
0 0 0.912494 0.029368 0.010969 0.003829 0.043340
0 0 0.878568 0.044994 0.003970 0.001725 0.070743
0 0 0.918850 0.028880 0.002685 0.000990 0.048595
0 4 0.824432 0.106516 0.010463 0.001281 0.057307
0 4 0.794369 0.115464 0.011795 0.002196 0.076176
0 4 0.728406 0.138255 0.016069 0.005041 0.112229
0 4 0.535407 0.270629 0.061051 0.006521 0.126392
1 4 0.344666 0.380496 0.148529 0.013458 0.112851
1 0 0.244897 0.414001 0.208356 0.014803 0.117943
0 1 0.835342 0.068115 0.004385 0.001810 0.090349
0 4 0.686643 0.210177 0.038352 0.002989 0.061839
0 0 0.715649 0.164287 0.022693 0.004398 0.092973
0 4 0.517998 0.297318 0.078342 0.010685 0.095657
0 2 0.542376 0.249097 0.050396 0.005742 0.152388
1 2 0.073667 0.385071 0.337257 0.017491 0.186514
1 2 0.104435 0.378747 0.248749 0.010792 0.257277
1 2 0.145577 0.361344 0.183025 0.009629 0.300425
2 2 0.017115 0.298249 0.615895 0.009094 0.059647
2 2 0.017680 0.301016 0.611496 0.008902 0.060906
1 2 0.114511 0.415130 0.306380 0.010888 0.153091
2 2 0.017605 0.290176 0.647742 0.010727 0.033751
2 2 0.053104 0.377433 0.397513 0.008970 0.162980
2 2 0.014941 0.288746 0.632043 0.007345 0.056924
2 2 0.027746 0.332432 0.489784 0.017484 0.132554
4 2 0.051656 0.321380 0.265701 0.013516 0.347747
2 2 0.023775 0.318884 0.583909 0.015741 0.057691
2 0 0.026200 0.321131 0.587514 0.019383 0.045773
1 1 0.290046 0.335255 0.122841 0.059819 0.192038
0 2 0.631276 0.232692 0.045987 0.005738 0.084308
1 2 0.070449 0.378508 0.323337 0.011761 0.215946
2 2 0.023585 0.324059 0.540283 0.012812 0.099261
2 2 0.053099 0.376383 0.481781 0.022550 0.066187
2 2 0.034137 0.340364 0.547130 0.025809 0.052561
2 2 0.038200 0.344045 0.532242 0.035791 0.049722
2 2 0.037108 0.346038 0.521827 0.032566 0.062460
2 2 0.030749 0.330295 0.568802 0.025419 0.044735
2 2 0.037987 0.349913 0.498616 0.032218 0.081266
2 2 0.061267 0.365826 0.423483 0.074242 0.075182
2 2 0.045502 0.349712 0.511717 0.049445 0.043624
2 2 0.042845 0.353423 0.497907 0.041258 0.064567
2 3 0.049869 0.350978 0.500825 0.059135 0.039192
2 3 0.059127 0.162012 0.510141 0.223074 0.045646
2 3 0.062666 0.295482 0.433176 0.144556 0.064119
2 3 0.033749 0.327473 0.533528 0.027111 0.078138
2 3 0.051183 0.177959 0.591324 0.135238 0.044296
2 3 0.039081 0.131712 0.690341 0.119091 0.019776
2 3 0.045696 0.100664 0.625380 0.203818 0.024443
2 3 0.060697 0.307479 0.425725 0.141485 0.064614
2 1 0.050499 0.251815 0.553851 0.105708 0.038127
1 2 0.096145 0.368451 0.300971 0.048662 0.185771
2 2 0.031724 0.337382 0.451843 0.021328 0.157723
2 1 0.029789 0.326950 0.577417 0.024510 0.041334
1 1 0.335814 0.384297 0.158947 0.021410 0.099532
1 0 0.160943 0.426343 0.325284 0.028819 0.058612
0 1 0.704656 0.152444 0.020339 0.006292 0.116270
1 2 0.206070 0.430491 0.286063 0.020382 0.056994
2 2 0.041832 0.363167 0.511868 0.015149 0.067985
2 1 0.032248 0.342514 0.539787 0.017918 0.067533
1 1 0.263700 0.410050 0.197469 0.014545 0.114237
1 2 0.136155 0.416218 0.279224 0.013422 0.154981
1 2 0.098878 0.411414 0.330587 0.011107 0.148014
2 2 0.043806 0.368919 0.488919 0.013285 0.085071
2 2 0.020827 0.307438 0.610853 0.013146 0.047736
2 0 0.032743 0.333507 0.561565 0.028352 0.043832
0 1 0.567764 0.256570 0.055925 0.010455 0.109285
1 1 0.252482 0.417576 0.213624 0.014341 0.101976
2 2 0.012811 0.284539 0.593618 0.005082 0.103951
2 1 0.022897 0.318065 0.476428 0.010962 0.171648
2 2 0.025320 0.327888 0.518994 0.015422 0.112377
2 2 0.027382 0.338538 0.496345 0.005624 0.132110
2 2 0.019273 0.310310 0.528172 0.009544 0.132702
2 2 0.011831 0.277130 0.631160 0.004743 0.075136
2 2 0.019077 0.311185 0.518733 0.005877 0.145128
2 2 0.017087 0.295433 0.473994 0.007357 0.206130
2 2 0.017812 0.305531 0.571099 0.008848 0.096711
2 2 0.015996 0.297158 0.600200 0.007700 0.078947
2 2 0.014655 0.292430 0.597531 0.006521 0.088863
2 2 0.024435 0.315186 0.570810 0.017859 0.071711
2 2 0.032800 0.290297 0.592129 0.030718 0.054057
2 2 0.019007 0.282568 0.625437 0.011080 0.061908
2 2 0.028790 0.334060 0.479835 0.018464 0.138850
2 3 0.030468 0.227429 0.679122 0.031170 0.031811
2 3 0.016344 0.300215 0.552622 0.007358 0.123461
2 3 0.016427 0.159785 0.789681 0.013487 0.020620
2 3 0.029910 0.337808 0.508727 0.020671 0.102883
2 3 0.027825 0.333555 0.519792 0.018399 0.100429
2 3 0.050254 0.343998 0.436574 0.062146 0.107027
2 3 0.051147 0.253129 0.562022 0.080826 0.052875
2 2 0.042450 0.352603 0.457816 0.038508 0.108624
1 2 0.247072 0.391564 0.188873 0.041697 0.130795
2 2 0.039664 0.340438 0.542070 0.040454 0.037374
2 2 0.056071 0.365190 0.427171 0.061559 0.090008
2 2 0.040093 0.334124 0.554262 0.043955 0.027566
2 2 0.065643 0.392122 0.400620 0.015699 0.125917
2 0 0.032653 0.339991 0.550617 0.020763 0.055975
0 1 0.644048 0.203350 0.034298 0.007658 0.110646
1 2 0.211527 0.432496 0.274622 0.015664 0.065692
1 2 0.162389 0.432853 0.323558 0.017803 0.063398
1 2 0.116172 0.420003 0.391034 0.022129 0.050663
1 2 0.120089 0.419760 0.395063 0.021828 0.043260
1 2 0.113749 0.421593 0.378121 0.020747 0.065790
1 1 0.142413 0.432468 0.352401 0.014387 0.058331
1 2 0.325567 0.398100 0.171726 0.011368 0.093239
0 2 0.594275 0.246881 0.051278 0.007034 0.100530
1 0 0.241876 0.427116 0.254592 0.017445 0.058971
0 1 0.577431 0.248750 0.052112 0.009650 0.112058
0 0 0.501496 0.328999 0.102650 0.006026 0.060828
0 0 0.455480 0.331933 0.099569 0.007587 0.105431
0 0 0.771798 0.121038 0.012473 0.001806 0.092885
0 1 0.807069 0.106746 0.010216 0.001945 0.074025
0 1 0.675580 0.222862 0.043743 0.002676 0.055139
0 1 0.600918 0.273029 0.067193 0.003613 0.055247
0 1 0.467088 0.346118 0.116563 0.007218 0.063012
0 2 0.517068 0.325352 0.101377 0.004493 0.051710
1 2 0.328588 0.388353 0.161727 0.017319 0.104014
1 2 0.319863 0.411286 0.203350 0.010682 0.054819
2 2 0.090333 0.413623 0.431077 0.012380 0.052587
0 0 0.652892 0.230646 0.046050 0.003818 0.066594
0 1 0.698818 0.143533 0.016660 0.002906 0.138082
4 2 0.256036 0.315306 0.100977 0.004784 0.322897
1 1 0.045094 0.331543 0.304209 0.006286 0.312868
0 4 0.333613 0.333030 0.102361 0.005060 0.225936
1 0 0.050002 0.348154 0.319984 0.006295 0.275564
1 1 0.264961 0.340316 0.116166 0.003872 0.274684
4 4 0.230239 0.164484 0.029699 0.001068 0.574510
1 4 0.140711 0.384551 0.213825 0.007471 0.253441
1 4 0.050501 0.342473 0.303802 0.005672 0.297551
4 4 0.254287 0.253999 0.065014 0.002725 0.423974
1 4 0.052862 0.350240 0.313858 0.007041 0.276000
1 2 0.191144 0.357661 0.150877 0.004004 0.296314
1 2 0.111802 0.403700 0.278997 0.007551 0.197950
2 0 0.033211 0.349984 0.511572 0.011459 0.093773
0 1 0.623577 0.184321 0.026788 0.003306 0.162008
4 4 0.299228 0.304159 0.087081 0.003752 0.305780
1 1 0.070469 0.362021 0.279923 0.006302 0.281285
0 1 0.515646 0.250770 0.050274 0.003575 0.179736
1 0 0.277520 0.328883 0.106795 0.005246 0.281556
0 0 0.785486 0.102411 0.009206 0.003075 0.099823
0 0 0.847655 0.058940 0.003378 0.001547 0.088481
0 0 0.825556 0.096602 0.008568 0.001534 0.067740
0 1 0.659870 0.226830 0.044584 0.003597 0.065120
0 1 0.529689 0.304044 0.083492 0.007358 0.075416
0 2 0.631997 0.223427 0.041908 0.006764 0.095905
1 2 0.136339 0.433178 0.349892 0.012132 0.068460
1 2 0.170393 0.429706 0.274070 0.011385 0.114446
1 2 0.132134 0.431059 0.343312 0.013327 0.080168
2 2 0.039351 0.361391 0.528393 0.008826 0.062038
0 1 0.376809 0.372428 0.135506 0.007910 0.107347
0 0 0.659834 0.219687 0.041210 0.004347 0.074922
0 0 0.724844 0.144347 0.027222 0.006711 0.096876
0 1 0.835464 0.088691 0.007326 0.001399 0.067120
0 1 0.514217 0.178104 0.025047 0.002018 0.280614
4 1 0.227121 0.307113 0.101070 0.004584 0.360112
0 1 0.508531 0.288643 0.069554 0.004558 0.128715
1 4 0.170801 0.392677 0.204515 0.009439 0.222568
1 4 0.158383 0.419760 0.260403 0.011479 0.149975
1 4 0.190255 0.413463 0.224495 0.010540 0.161247
1 2 0.126104 0.416742 0.291369 0.011165 0.154619
1 2 0.082216 0.409636 0.391871 0.012300 0.103977
2 2 0.027360 0.339727 0.526903 0.005580 0.100429
2 2 0.056271 0.385843 0.439168 0.013441 0.105276
2 2 0.016844 0.295747 0.625517 0.008663 0.053229
1 2 0.095707 0.408909 0.334581 0.012961 0.147842
2 2 0.042028 0.364128 0.516490 0.013000 0.064354
2 2 0.057726 0.387229 0.417177 0.010497 0.127372
2 2 0.017245 0.292105 0.640698 0.010003 0.039949
2 1 0.013564 0.279952 0.651650 0.006484 0.048351
1 1 0.098068 0.408507 0.328157 0.013678 0.151591
4 1 0.331812 0.219141 0.043693 0.003223 0.402132
2 2 0.030185 0.312993 0.351073 0.007177 0.298571
2 2 0.026667 0.334826 0.530808 0.009733 0.097967
2 2 0.025573 0.330579 0.525718 0.011770 0.106361
2 2 0.018147 0.302706 0.610064 0.009000 0.060083
1 2 0.092760 0.417474 0.386063 0.011452 0.092251
2 2 0.027614 0.328459 0.564883 0.020092 0.058952
2 2 0.059075 0.389675 0.446112 0.013341 0.091797
1 1 0.081480 0.386379 0.303556 0.007516 0.221068
4 1 0.235267 0.301662 0.095721 0.004361 0.362989
0 0 0.558701 0.216263 0.036756 0.003225 0.185055
0 0 0.805357 0.076459 0.022417 0.009150 0.086616
0 1 0.699416 0.199823 0.034562 0.002915 0.063284
1 2 0.242829 0.407310 0.194521 0.011343 0.143998
2 2 0.043547 0.368876 0.489935 0.012609 0.085033
2 2 0.062939 0.393386 0.409442 0.009976 0.124256
1 2 0.098058 0.415099 0.351596 0.013086 0.122161
2 2 0.027233 0.334530 0.553517 0.010453 0.074267
2 2 0.025124 0.324642 0.564913 0.016664 0.068658
2 2 0.043489 0.367736 0.468284 0.014213 0.106279
2 2 0.020520 0.301898 0.626847 0.013515 0.037220
2 2 0.019968 0.307235 0.605201 0.011883 0.055713
2 2 0.023777 0.321041 0.572178 0.015249 0.067754
2 2 0.028520 0.334704 0.526377 0.019518 0.090880
1 2 0.076428 0.405131 0.382655 0.008845 0.126940
1 0 0.273552 0.397242 0.173975 0.011563 0.143668
0 1 0.455928 0.333943 0.102569 0.009566 0.097994
1 2 0.151195 0.345673 0.160331 0.006087 0.336715
2 2 0.034181 0.347054 0.434249 0.007752 0.176765
1 2 0.058252 0.375114 0.354947 0.007263 0.204424
0 0 0.374052 0.269304 0.063696 0.007279 0.285669
0 0 0.888088 0.041021 0.003017 0.001277 0.066597
0 0 0.979325 0.006273 0.000368 0.000082 0.013952
0 0 0.967185 0.010145 0.000308 0.000083 0.022279
0 0 0.735994 0.167658 0.024225 0.002761 0.069362
0 0 0.507637 0.280892 0.065621 0.005637 0.140213
0 0 0.474271 0.253991 0.052003 0.003457 0.216278
0 0 0.606799 0.245078 0.050796 0.006079 0.091249
4 0 0.241529 0.249182 0.064557 0.003306 0.441425
4 0 0.237565 0.283551 0.084135 0.004193 0.390556
1 0 0.267587 0.342039 0.119427 0.007712 0.263235
0 1 0.407395 0.314267 0.085086 0.004445 0.188806
4 1 0.076075 0.280722 0.152750 0.004066 0.486388
0 1 0.352997 0.278989 0.069275 0.005594 0.293146
1 2 0.189284 0.401344 0.203017 0.006870 0.199485
1 1 0.139810 0.408113 0.255078 0.010818 0.186182
0 4 0.356029 0.314269 0.088564 0.005564 0.235574
1 1 0.137762 0.383396 0.216106 0.008845 0.253892
0 1 0.493802 0.321733 0.095390 0.009153 0.079922
0 2 0.465287 0.297756 0.074585 0.005192 0.157181
0 0 0.465711 0.334074 0.104420 0.010555 0.085240
0 0 0.730834 0.158823 0.021398 0.003663 0.085280
0 0 0.856459 0.056750 0.011136 0.004215 0.071440
0 0 0.915978 0.029006 0.008096 0.002848 0.044072
0 0 0.820860 0.093007 0.007888 0.001806 0.076439
0 0 0.686878 0.205393 0.036260 0.003399 0.068070
0 0 0.492746 0.334433 0.107133 0.006051 0.059636
0 0 0.673866 0.211130 0.038090 0.003949 0.072965
0 0 0.704750 0.178038 0.026715 0.004245 0.086252
0 0 0.843651 0.063680 0.018980 0.006081 0.067609
0 0 0.697602 0.202539 0.035621 0.002822 0.061417
0 0 0.806606 0.091464 0.030208 0.006346 0.065376
0 0 0.891918 0.050022 0.002645 0.000620 0.054794
0 0 0.742461 0.178785 0.028566 0.001663 0.048525
0 0 0.879972 0.044310 0.003228 0.001407 0.071083
0 1 0.566629 0.286869 0.073623 0.005461 0.067418
0 1 0.494829 0.327365 0.100340 0.007546 0.069920
0 1 0.580324 0.274110 0.066026 0.005865 0.073675
0 1 0.445058 0.348607 0.117476 0.010699 0.078160
0 1 0.568349 0.273127 0.064822 0.007609 0.086093
1 1 0.267836 0.420464 0.229269 0.017542 0.064889
1 2 0.263085 0.421577 0.233116 0.017786 0.064436
1 2 0.346543 0.395325 0.173418 0.013856 0.070859
1 1 0.238856 0.426121 0.253100 0.019357 0.062565
1 2 0.096806 0.415961 0.370481 0.015719 0.101033
2 2 0.093785 0.409873 0.431361 0.019364 0.045617
2 2 0.096651 0.404561 0.451373 0.018238 0.029177
1 2 0.285007 0.422094 0.231349 0.011097 0.050453
1 2 0.224767 0.431823 0.278870 0.014861 0.049678
1 2 0.119981 0.421141 0.375272 0.024579 0.059027
1 2 0.139012 0.425099 0.372315 0.021152 0.042422
2 2 0.094556 0.408507 0.429500 0.022457 0.044979
2 2 0.016057 0.278821 0.669500 0.009773 0.025848
2 2 0.032651 0.332010 0.586390 0.017008 0.031941
2 2 0.037819 0.337688 0.570477 0.024984 0.029031
2 2 0.032229 0.330827 0.580075 0.021832 0.035038
2 2 0.037863 0.329189 0.567068 0.040703 0.025176
2 2 0.039137 0.332258 0.559382 0.042476 0.026748
2 2 0.038908 0.355933 0.529997 0.015961 0.059200
2 2 0.035935 0.347468 0.540139 0.020127 0.056331
1 2 0.080794 0.363082 0.343680 0.116888 0.095555
2 2 0.039691 0.358097 0.498368 0.020503 0.083341
2 2 0.018661 0.303107 0.611004 0.010593 0.056634
2 2 0.023039 0.314210 0.602053 0.013981 0.046717
2 2 0.024327 0.325485 0.527498 0.014524 0.108166
2 2 0.033258 0.343249 0.511799 0.025483 0.086210
2 2 0.040053 0.348062 0.518841 0.037981 0.055063
2 2 0.026532 0.326133 0.569149 0.018770 0.059416
2 2 0.051826 0.354339 0.488485 0.061817 0.043534
2 1 0.038153 0.342391 0.537604 0.036373 0.045478
2 2 0.080944 0.380934 0.387036 0.075735 0.075351
2 2 0.056814 0.367355 0.456371 0.055319 0.064142
1 2 0.176382 0.426079 0.284837 0.025931 0.086771
2 2 0.034524 0.328097 0.574240 0.033697 0.029442
1 0 0.166549 0.412280 0.280899 0.051027 0.089245
0 0 0.526818 0.278766 0.073947 0.013067 0.107402
0 0 0.492469 0.325267 0.098294 0.008488 0.075483
1 1 0.290457 0.400776 0.176567 0.011543 0.120657
1 2 0.219989 0.413445 0.211284 0.011176 0.144106
1 1 0.116460 0.420582 0.329307 0.015614 0.118038
2 2 0.058263 0.385560 0.446591 0.019209 0.090377
1 4 0.136028 0.430331 0.343812 0.016203 0.073626
1 2 0.236334 0.324730 0.111999 0.005861 0.321076
1 2 0.267355 0.407172 0.188968 0.011316 0.125188
2 2 0.051541 0.378199 0.414688 0.009202 0.146371
1 2 0.172165 0.413101 0.235090 0.010314 0.169331
2 2 0.030441 0.343049 0.523957 0.012184 0.090370
2 1 0.050709 0.379573 0.454805 0.012473 0.102441
1 1 0.107830 0.415704 0.326203 0.013050 0.137212
1 1 0.087607 0.413285 0.378638 0.010864 0.109607
2 0 0.066513 0.397963 0.453396 0.011578 0.070551
0 0 0.774307 0.142221 0.017809 0.002013 0.063651
0 0 0.604939 0.259173 0.058504 0.005180 0.072205
0 0 0.482749 0.314308 0.087674 0.008827 0.106441
0 0 0.865412 0.049845 0.002516 0.001166 0.081062
0 0 0.867433 0.076874 0.005846 0.000747 0.049101
0 0 0.602137 0.269227 0.064622 0.004041 0.059972
0 0 0.927104 0.025518 0.004582 0.001569 0.041227
0 0 0.571601 0.264377 0.060004 0.008620 0.095397
0 0 0.643632 0.247010 0.054521 0.002809 0.052027
0 1 0.555003 0.298672 0.081565 0.004829 0.059931
0 1 0.535071 0.308991 0.087975 0.005518 0.062444
0 0 0.485829 0.335546 0.107402 0.006924 0.064299
0 0 0.579013 0.265259 0.060708 0.007463 0.087557
0 0 0.503456 0.327376 0.101267 0.006118 0.061784
0 0 0.587612 0.277734 0.069070 0.004396 0.061188
0 0 0.652413 0.228722 0.045065 0.004073 0.069727
0 0 0.555156 0.296292 0.079643 0.005259 0.063650
0 0 0.583896 0.282216 0.071971 0.004112 0.057805
0 0 0.478443 0.341626 0.113008 0.006506 0.060417
1 0 0.356513 0.388004 0.162372 0.015078 0.078033
0 0 0.500123 0.332031 0.105670 0.005472 0.056705
1 0 0.372330 0.389742 0.165208 0.010325 0.062396
1 0 0.356829 0.397718 0.177869 0.009830 0.057754
1 0 0.141724 0.426389 0.377668 0.016976 0.037244
1 0 0.324506 0.409856 0.200333 0.010468 0.054837
1 2 0.264219 0.424630 0.240796 0.014364 0.055991
1 1 0.143379 0.427885 0.341414 0.022702 0.064621
1 2 0.304075 0.406362 0.194870 0.018583 0.076111
1 0 0.133534 0.426980 0.342974 0.020822 0.075690
0 0 0.585293 0.252588 0.052490 0.003695 0.105934
0 1 0.614853 0.254581 0.056488 0.004712 0.069367
0 1 0.390788 0.353091 0.117217 0.009823 0.129082
0 0 0.466138 0.335599 0.105190 0.009203 0.083870
0 1 0.759343 0.150718 0.019766 0.002370 0.067802
0 1 0.494088 0.302700 0.079634 0.008295 0.115283
1 2 0.265701 0.406325 0.186961 0.010300 0.130713
1 0 0.345196 0.374197 0.137901 0.008594 0.134112
0 1 0.721588 0.177548 0.027042 0.003044 0.070778
0 1 0.445644 0.346257 0.115210 0.011337 0.081552
1 1 0.277287 0.400466 0.179062 0.013174 0.130010
1 1 0.235798 0.426492 0.247161 0.017456 0.073094
0 1 0.467121 0.346034 0.116473 0.007238 0.063135
0 1 0.544875 0.290107 0.073982 0.006939 0.084097
1 2 0.185467 0.431195 0.282241 0.017775 0.083323
1 2 0.145547 0.430463 0.341403 0.018813 0.063773
1 2 0.150876 0.432923 0.334262 0.015995 0.065944
2 2 0.070567 0.399190 0.444362 0.015801 0.070081
1 2 0.180843 0.434204 0.300750 0.016074 0.068128
2 2 0.077840 0.400408 0.456140 0.017848 0.047763
2 2 0.100704 0.413806 0.418434 0.019859 0.047198
2 2 0.097593 0.406278 0.434304 0.024596 0.037229
2 0 0.071748 0.388007 0.473095 0.027156 0.039994
0 0 0.798307 0.130083 0.015290 0.001447 0.054873
0 1 0.665744 0.222631 0.042896 0.003516 0.065213
0 1 0.447764 0.354472 0.123945 0.008233 0.065586
0 1 0.416202 0.358435 0.124130 0.009883 0.091350
2 2 0.075894 0.405002 0.415561 0.014069 0.089473
2 2 0.077637 0.405281 0.430688 0.015520 0.070874
1 2 0.090202 0.414409 0.389109 0.013978 0.092302
1 2 0.166176 0.432062 0.289673 0.013048 0.099040
1 1 0.105078 0.424188 0.376338 0.010975 0.083421
0 1 0.651200 0.192560 0.029838 0.003660 0.122742
0 1 0.539523 0.290511 0.073551 0.006600 0.089815
1 1 0.064756 0.378261 0.333279 0.006055 0.217649
1 2 0.123788 0.384653 0.228496 0.005971 0.257092
2 2 0.034920 0.353839 0.451606 0.005350 0.154285
1 1 0.135938 0.387890 0.223292 0.007995 0.244886
1 2 0.099330 0.417000 0.341549 0.008058 0.134063
2 2 0.019785 0.314664 0.557278 0.006842 0.101431
2 2 0.022973 0.321614 0.548198 0.013550 0.093665
2 2 0.014948 0.291748 0.614724 0.007022 0.071558
2 2 0.017486 0.301879 0.600413 0.009096 0.071125
2 2 0.016080 0.296083 0.610841 0.007972 0.069023
2 2 0.040642 0.363697 0.503459 0.012430 0.079773
2 2 0.021628 0.306157 0.618599 0.014592 0.039024
2 2 0.039684 0.357652 0.518453 0.017974 0.066237
2 2 0.018007 0.301388 0.611716 0.009908 0.058981
2 2 0.024901 0.328839 0.546943 0.010743 0.088572
1 1 0.081921 0.396831 0.331338 0.009211 0.180698
1 0 0.329834 0.379384 0.142491 0.006465 0.141827
0 2 0.516354 0.234597 0.044091 0.004815 0.200143
2 2 0.043317 0.349517 0.358581 0.006116 0.242468
2 2 0.012649 0.283850 0.589486 0.004935 0.109080
2 1 0.015669 0.298024 0.559524 0.006260 0.120522
2 2 0.028844 0.340540 0.473741 0.005518 0.151357
2 2 0.037578 0.354292 0.424763 0.006669 0.176699
2 2 0.041590 0.363405 0.435900 0.009320 0.149786
1 1 0.065130 0.388009 0.363021 0.007112 0.176728
4 1 0.132131 0.238288 0.079997 0.001856 0.547729
4 1 0.290464 0.283752 0.075888 0.002611 0.347286
1 2 0.099873 0.375118 0.246016 0.007261 0.271732
2 2 0.016085 0.299085 0.590289 0.006583 0.087957
2 2 0.019096 0.308097 0.487751 0.005394 0.179662
1 2 0.119835 0.417619 0.298900 0.008379 0.155267
2 1 0.030335 0.339443 0.565417 0.009996 0.054809
1 1 0.121681 0.403819 0.264486 0.007391 0.202623
1 1 0.176346 0.395998 0.203873 0.007607 0.216176
1 1 0.094371 0.361811 0.231012 0.005106 0.307701
1 2 0.182492 0.370501 0.168665 0.005399 0.272944
2 2 0.012023 0.279335 0.618561 0.004751 0.085329
1 1 0.075979 0.391100 0.332428 0.008222 0.192270
4 1 0.222416 0.289837 0.089507 0.002531 0.395709
1 2 0.127007 0.352534 0.184282 0.006170 0.330007
2 2 0.046857 0.372577 0.423421 0.007763 0.149382
2 2 0.022649 0.314658 0.447269 0.006492 0.208933
1 2 0.142220 0.423778 0.282659 0.008703 0.142640
1 1 0.231702 0.404361 0.192648 0.010279 0.161010
0 0 0.463867 0.288682 0.068922 0.003985 0.174544
0 0 0.328136 0.314185 0.089456 0.003124 0.265099
0 1 0.437156 0.317960 0.088154 0.006971 0.149759
4 1 0.185061 0.279596 0.091477 0.002506 0.441360
1 0 0.134008 0.403042 0.250957 0.009649 0.202344
0 1 0.379482 0.346121 0.108289 0.004633 0.161475
0 0 0.351052 0.253979 0.056475 0.002737 0.335758
0 0 0.431502 0.351451 0.116358 0.007689 0.093000
1 0 0.304000 0.369400 0.136118 0.007463 0.183019
1 1 0.162866 0.408065 0.231092 0.008157 0.189822
1 2 0.059561 0.350935 0.286570 0.004539 0.298396
4 2 0.040544 0.305544 0.266800 0.004036 0.383075
1 2 0.137331 0.350188 0.173261 0.005502 0.333718
1 1 0.233936 0.391176 0.174420 0.009261 0.191207
4 0 0.289762 0.285959 0.077813 0.003604 0.342862
4 0 0.233189 0.317222 0.106007 0.003716 0.339866
0 1 0.426721 0.323060 0.090819 0.005309 0.154091
1 1 0.122674 0.418049 0.296667 0.009115 0.153495
1 1 0.342074 0.359308 0.122601 0.006564 0.169453
1 1 0.174253 0.404333 0.218031 0.008778 0.194605
1 1 0.328313 0.361231 0.125699 0.006935 0.177823
0 1 0.429264 0.323353 0.091781 0.006745 0.148858
0 0 0.506982 0.308459 0.084677 0.008008 0.091874
0 1 0.561999 0.280417 0.068294 0.005811 0.083480
1 1 0.186016 0.361146 0.158828 0.006830 0.287179
1 0 0.088398 0.415298 0.403528 0.011688 0.081087
1 0 0.210530 0.406675 0.203633 0.010122 0.169040
0 1 0.382692 0.347191 0.110632 0.006995 0.152490
1 1 0.108559 0.421984 0.347299 0.011892 0.110266
1 1 0.151934 0.432994 0.304767 0.010965 0.099340
1 1 0.276445 0.313049 0.096880 0.006142 0.307484
1 2 0.155548 0.433638 0.302714 0.010928 0.097171
1 1 0.138006 0.426715 0.301433 0.011075 0.122772
1 1 0.131947 0.424872 0.308309 0.012705 0.122167
1 0 0.154657 0.418579 0.256138 0.007749 0.162877
1 0 0.315004 0.373553 0.138875 0.007694 0.164873
1 1 0.266704 0.404397 0.183804 0.010152 0.134943
1 1 0.245962 0.409847 0.196233 0.009986 0.137971
0 1 0.432501 0.279612 0.064903 0.003904 0.219080
1 0 0.221185 0.339060 0.126046 0.005100 0.308609
0 0 0.399567 0.317401 0.087893 0.005451 0.189687
0 0 0.503012 0.307877 0.083097 0.006572 0.099442
0 0 0.888808 0.040528 0.002405 0.001024 0.067237
0 0 0.893660 0.038647 0.002463 0.001027 0.064203
0 0 0.860126 0.070758 0.004876 0.001042 0.063198
0 0 0.896145 0.040259 0.001766 0.000622 0.061208
0 0 0.920322 0.028023 0.000946 0.000342 0.050366
0 1 0.667230 0.190754 0.029593 0.003511 0.108912
0 0 0.518205 0.273275 0.061935 0.006227 0.140358
0 1 0.628076 0.247039 0.053113 0.004302 0.067470
1 1 0.202824 0.366022 0.156586 0.006510 0.268057
1 1 0.216206 0.389516 0.176472 0.006821 0.210984
0 1 0.370388 0.325265 0.094392 0.005339 0.204616
0 0 0.625672 0.179402 0.025030 0.002013 0.167884
0 0 0.753879 0.153222 0.020335 0.002543 0.070022
0 1 0.619628 0.242058 0.049565 0.004607 0.084142
0 1 0.460779 0.313386 0.084784 0.006030 0.135022
0 0 0.379562 0.344735 0.108588 0.006678 0.160437
0 1 0.614133 0.219845 0.038882 0.003715 0.123425
4 1 0.305762 0.270036 0.067764 0.003396 0.353042
4 1 0.261979 0.275505 0.075674 0.003705 0.383138
0 1 0.467497 0.132038 0.014425 0.000797 0.385244
4 1 0.194233 0.283030 0.092165 0.003471 0.427101
0 1 0.486580 0.251456 0.050759 0.003497 0.207709
4 1 0.187411 0.323854 0.124178 0.004968 0.359589
4 1 0.225725 0.296257 0.094115 0.004271 0.379631
0 0 0.539286 0.233821 0.043535 0.004178 0.179180
4 1 0.248853 0.307911 0.097449 0.004805 0.340983
1 1 0.348131 0.349794 0.113970 0.006036 0.182068
4 1 0.132346 0.331969 0.157765 0.005443 0.372478
1 2 0.070628 0.373974 0.303374 0.006014 0.246011
4 2 0.106865 0.304495 0.148507 0.004874 0.435259
4 2 0.077423 0.280787 0.151224 0.004024 0.486542
4 2 0.037641 0.278255 0.229164 0.004087 0.450853
2 0 0.032682 0.328672 0.369867 0.004477 0.264303
0 0 0.370434 0.304281 0.081410 0.005067 0.238807
0 1 0.504048 0.273481 0.061572 0.005417 0.155482
4 1 0.259911 0.297860 0.087956 0.002721 0.351552
4 1 0.303552 0.271174 0.068361 0.003078 0.353835
4 0 0.141189 0.244743 0.082165 0.003018 0.528885
0 1 0.567608 0.242406 0.048429 0.008121 0.133436
4 1 0.286043 0.244357 0.057270 0.002961 0.409369
4 1 0.125857 0.208488 0.064179 0.002080 0.599396
4 1 0.112739 0.178463 0.050769 0.001460 0.656569
1 1 0.212528 0.368795 0.153606 0.004142 0.260929
4 0 0.283098 0.276259 0.073354 0.003514 0.363776
0 0 0.439002 0.199294 0.032299 0.001750 0.327655
0 0 0.641861 0.191591 0.029564 0.004686 0.132298
0 0 0.907385 0.036612 0.001512 0.000472 0.054019
0 0 0.708876 0.140844 0.016016 0.002184 0.132080
4 0 0.370968 0.126565 0.014673 0.000909 0.486885
4 0 0.278439 0.145835 0.021746 0.001114 0.552867
0 0 0.657988 0.095265 0.007365 0.000882 0.238500
0 0 0.802780 0.082402 0.005981 0.001122 0.107715
0 0 0.858511 0.075545 0.005534 0.000998 0.059412
0 0 0.770887 0.124471 0.013224 0.001938 0.089480
0 0 0.843977 0.088456 0.007396 0.001135 0.059037
0 0 0.807143 0.112293 0.011337 0.001753 0.067473
0 0 0.715038 0.076654 0.004940 0.000773 0.202596
0 0 0.935665 0.021388 0.000598 0.000209 0.042141
0 0 0.866511 0.066811 0.004408 0.000945 0.061325
0 0 0.864451 0.082336 0.006686 0.000710 0.045818
0 0 0.870554 0.069384 0.004788 0.000807 0.054467
0 0 0.778727 0.139503 0.017196 0.001923 0.062651
0 0 0.776154 0.115117 0.011507 0.003111 0.094112
0 0 0.636506 0.200994 0.032382 0.003599 0.126519
0 0 0.713411 0.159508 0.020957 0.002940 0.103183
0 0 0.747957 0.137447 0.015827 0.002255 0.096514
0 0 0.868893 0.063897 0.004058 0.000932 0.062221
0 0 0.837368 0.066182 0.004161 0.001771 0.090518
0 0 0.849913 0.084704 0.006851 0.001046 0.057487
4 0 0.298332 0.150932 0.022491 0.001324 0.526921
0 0 0.609368 0.178563 0.024939 0.002767 0.184364
0 0 0.696031 0.189324 0.030348 0.004044 0.080254
0 0 0.710565 0.181871 0.028167 0.003513 0.075885
0 0 0.704017 0.184667 0.028938 0.003790 0.078587
0 0 0.642336 0.209276 0.035574 0.003607 0.109207
0 0 0.608504 0.236105 0.045998 0.004763 0.104630
0 0 0.760645 0.154562 0.020952 0.002090 0.061750
0 0 0.747483 0.157171 0.021317 0.002694 0.071335
0 0 0.735145 0.168394 0.024436 0.002767 0.069257
0 0 0.735071 0.172447 0.025796 0.002509 0.064178
0 0 0.688992 0.205587 0.036453 0.003215 0.065753
0 0 0.741496 0.169209 0.024950 0.002323 0.062022
0 0 0.653167 0.222956 0.042388 0.004628 0.076862
0 0 0.415589 0.192179 0.030855 0.002081 0.359296
0 0 0.722310 0.169271 0.024338 0.003570 0.080510
0 0 0.707705 0.192528 0.032010 0.002900 0.064856
0 0 0.753771 0.149489 0.019271 0.002756 0.074713
0 0 0.775135 0.140680 0.017412 0.002045 0.064728
0 0 0.842308 0.089146 0.007490 0.001169 0.059887
0 0 0.900702 0.035238 0.001389 0.000572 0.062099
0 0 0.926529 0.025589 0.001469 0.000530 0.045883
0 0 0.889686 0.039286 0.001666 0.000687 0.068674
0 0 0.706167 0.086560 0.006243 0.001272 0.199758
0 0 0.860114 0.051688 0.002673 0.001225 0.084300
0 0 0.896059 0.037130 0.001518 0.000637 0.064657
0 0 0.503154 0.197905 0.031061 0.002749 0.265131
0 0 0.547825 0.144848 0.016630 0.001576 0.289121
0 0 0.479450 0.181580 0.026617 0.002581 0.309772
0 0 0.470524 0.150194 0.018490 0.001396 0.359395
0 0 0.713265 0.079708 0.005327 0.000916 0.200785
0 1 0.382950 0.227473 0.044631 0.004244 0.340702
4 1 0.394403 0.180800 0.028084 0.002136 0.394577
0 0 0.823412 0.054716 0.002798 0.000705 0.118369
0 0 0.904122 0.033851 0.001297 0.000528 0.060202
0 0 0.866024 0.048447 0.012028 0.005137 0.068363
0 4 0.871128 0.064225 0.004116 0.000875 0.059656
0 4 0.749429 0.137383 0.015977 0.002993 0.094219
0 4 0.858176 0.052896 0.002788 0.001319 0.084822
0 4 0.645438 0.230502 0.045557 0.004541 0.073961
0 4 0.870280 0.060738 0.003687 0.000943 0.064352
0 4 0.798739 0.081451 0.005982 0.002981 0.110847
0 4 0.559602 0.229635 0.041841 0.003744 0.165177
0 4 0.636514 0.224894 0.042198 0.004623 0.091771
0 4 0.892985 0.038388 0.001607 0.000681 0.066339
1 4 0.321935 0.323005 0.097366 0.005959 0.251736
0 4 0.476963 0.262425 0.056211 0.004906 0.199496
1 4 0.268264 0.319653 0.101500 0.004367 0.306216
4 4 0.355586 0.202591 0.036133 0.001943 0.403747
1 4 0.329134 0.340461 0.109174 0.007008 0.214223
1 4 0.255090 0.323657 0.107186 0.005443 0.308625
0 4 0.434476 0.249515 0.051077 0.003386 0.261545
4 4 0.146876 0.310127 0.128205 0.003692 0.411099
0 4 0.491544 0.307130 0.081681 0.006337 0.113308
0 4 0.490450 0.211762 0.035725 0.003032 0.259031
0 4 0.497993 0.282247 0.066378 0.006039 0.147343
4 0 0.202991 0.254103 0.072721 0.002753 0.467432
0 4 0.817931 0.078548 0.005661 0.002250 0.095610
4 4 0.168558 0.200599 0.050938 0.001906 0.578000
0 4 0.426703 0.135783 0.015954 0.001568 0.419992
0 4 0.560713 0.185012 0.026842 0.002982 0.224452
4 4 0.122083 0.303011 0.136516 0.004955 0.433435
4 4 0.243685 0.319156 0.106338 0.005529 0.325292
0 4 0.478495 0.140797 0.016547 0.002413 0.361748
1 2 0.125615 0.374332 0.215137 0.008945 0.275971
1 4 0.090330 0.402831 0.323341 0.008865 0.174633
0 4 0.542768 0.237067 0.045138 0.005230 0.169797
1 4 0.357308 0.380871 0.148067 0.011624 0.102129
1 4 0.187525 0.435367 0.278091 0.010259 0.088758
1 2 0.122419 0.426150 0.328815 0.011444 0.111172
1 2 0.133674 0.430371 0.327098 0.012093 0.096765
1 2 0.328383 0.328810 0.101598 0.008276 0.232933
0 1 0.402912 0.346338 0.110102 0.007760 0.132889
1 2 0.176185 0.429872 0.272713 0.012907 0.108324
2 2 0.042412 0.363281 0.515601 0.015490 0.063216
1 1 0.160955 0.433840 0.308736 0.014209 0.082260
2 1 0.033058 0.339193 0.570997 0.014713 0.042038
0 1 0.372174 0.337800 0.106347 0.012875 0.170803
1 2 0.093778 0.394355 0.295206 0.009316 0.207344
2 2 0.066881 0.396203 0.396787 0.010031 0.130097
1 2 0.094203 0.387119 0.280703 0.010438 0.227537
2 2 0.069270 0.399365 0.411573 0.012572 0.107220
2 2 0.026210 0.329849 0.571192 0.010408 0.062341
1 2 0.112242 0.418444 0.319560 0.010253 0.139501
1 1 0.164003 0.413158 0.240771 0.009843 0.172225
1 2 0.167387 0.433043 0.298877 0.015014 0.085679
1 2 0.195092 0.418838 0.231279 0.010544 0.144247
1 2 0.105803 0.421942 0.387242 0.015080 0.069932
1 2 0.084781 0.412524 0.389453 0.010664 0.102579
2 0 0.032975 0.335215 0.579520 0.016497 0.035793
0 0 0.809713 0.098146 0.008660 0.002102 0.081379
0 1 0.369087 0.284158 0.070217 0.004137 0.272401
4 1 0.229595 0.248616 0.065678 0.002918 0.453194
1 1 0.208024 0.393572 0.186715 0.009483 0.202206
1 4 0.247122 0.405985 0.190085 0.009860 0.146949
0 1 0.531520 0.265072 0.057045 0.003848 0.142515
0 1 0.383180 0.206732 0.036759 0.002755 0.370575
1 2 0.113750 0.415264 0.303184 0.008176 0.159626
1 4 0.180436 0.431152 0.274375 0.013248 0.100790
0 4 0.449466 0.328193 0.095441 0.006364 0.120536
0 4 0.429945 0.183374 0.027953 0.002200 0.356528
0 4 0.488631 0.174931 0.024210 0.001213 0.311015
0 4 0.584955 0.117047 0.011113 0.001903 0.284983
4 4 0.150027 0.311477 0.128788 0.004808 0.404900
4 4 0.211921 0.321066 0.113610 0.003511 0.349893
4 4 0.145886 0.273557 0.100237 0.003426 0.476893
0 4 0.351571 0.310925 0.086199 0.004248 0.247057
4 4 0.318684 0.234235 0.050286 0.002815 0.393980
4 4 0.171907 0.338208 0.142949 0.006064 0.340871
1 4 0.318502 0.389223 0.154548 0.006708 0.131019
4 0 0.208755 0.284633 0.090562 0.004651 0.411399
0 0 0.718226 0.127014 0.013234 0.002921 0.138605
0 1 0.822968 0.074450 0.005134 0.002136 0.095312
0 0 0.513679 0.277238 0.063902 0.006050 0.139130
0 1 0.709566 0.083024 0.005760 0.001073 0.200576
1 1 0.180547 0.380606 0.182383 0.007327 0.249138
0 1 0.372853 0.332637 0.098358 0.004059 0.192093
1 2 0.203918 0.396639 0.192005 0.009120 0.198318
1 2 0.114222 0.420628 0.323102 0.010510 0.131538
1 4 0.085290 0.414959 0.389865 0.007937 0.101950
1 4 0.238854 0.323888 0.110691 0.005584 0.320982
2 4 0.050360 0.377235 0.427107 0.010896 0.134401
2 2 0.045274 0.369300 0.429089 0.009710 0.146627
2 2 0.024455 0.327050 0.568578 0.008781 0.071136
2 2 0.077197 0.407161 0.423876 0.012401 0.079365
1 2 0.289931 0.408337 0.194709 0.016429 0.090593
2 2 0.059625 0.388640 0.469316 0.014529 0.067890
2 2 0.013542 0.269195 0.682659 0.007308 0.027296
2 2 0.026086 0.327817 0.554343 0.017469 0.074286
2 2 0.016689 0.285414 0.656364 0.009969 0.031563
2 2 0.021046 0.313319 0.585243 0.012456 0.067937
2 2 0.021827 0.313620 0.592607 0.013637 0.058309
2 2 0.022806 0.314635 0.595589 0.015008 0.051963
2 2 0.031269 0.336803 0.544246 0.024372 0.063310
2 2 0.045122 0.351910 0.505445 0.047375 0.050148
2 2 0.043540 0.342782 0.531234 0.048279 0.034166
2 2 0.032160 0.326785 0.578784 0.029189 0.033082
2 2 0.032642 0.324590 0.583091 0.030809 0.028869
2 2 0.045612 0.344539 0.523611 0.052341 0.033897
2 2 0.041414 0.339980 0.540719 0.044592 0.033296
2 2 0.053497 0.355464 0.481888 0.065153 0.043999
2 3 0.041722 0.352667 0.499411 0.039154 0.067046
2 3 0.069520 0.316544 0.379551 0.154511 0.079874
2 3 0.039844 0.339393 0.544268 0.041277 0.035219
2 3 0.040233 0.343066 0.534976 0.040623 0.041102
2 3 0.050936 0.352390 0.495216 0.060882 0.040576
2 3 0.065437 0.338953 0.415099 0.113661 0.066850
2 3 0.053304 0.146161 0.573400 0.192111 0.035024
2 3 0.065426 0.203181 0.458636 0.213830 0.058927
2 3 0.066770 0.360197 0.414490 0.093554 0.064989
2 3 0.055487 0.345402 0.463947 0.079202 0.055961
2 0 0.070034 0.289953 0.353148 0.198664 0.088201
0 1 0.523789 0.236014 0.046915 0.019193 0.174090
0 1 0.608629 0.253671 0.055601 0.005531 0.076568
0 0 0.370899 0.345135 0.110743 0.009476 0.163747
0 0 0.731602 0.136725 0.015741 0.004893 0.111039
0 0 0.768036 0.135843 0.015998 0.002650 0.077473
0 0 0.802667 0.112219 0.011248 0.001945 0.071922
0 0 0.785181 0.117376 0.012067 0.002561 0.082815
0 0 0.700755 0.172362 0.024698 0.004190 0.097995
0 0 0.702675 0.192845 0.031903 0.003243 0.069334
0 0 0.544746 0.285744 0.071170 0.007646 0.090695
0 0 0.890932 0.052142 0.002859 0.000617 0.053450
0 0 0.703667 0.186166 0.029458 0.003700 0.077009
0 0 0.624916 0.243313 0.050922 0.005104 0.075745
0 0 0.645254 0.240384 0.050694 0.003430 0.060238
0 0 0.576147 0.278165 0.068368 0.005728 0.071592
0 0 0.678070 0.217461 0.041210 0.002995 0.060264
0 0 0.876793 0.060181 0.003666 0.000804 0.058556
0 0 0.706367 0.176342 0.026202 0.004246 0.086843
0 0 0.800603 0.124167 0.013870 0.001587 0.059773
0 0 0.770426 0.158512 0.022701 0.001383 0.046978
0 1 0.627195 0.252890 0.056473 0.003649 0.059793
0 1 0.697962 0.215699 0.042196 0.001685 0.042458
0 1 0.647039 0.169955 0.022882 0.003219 0.156905
0 1 0.733486 0.165234 0.023376 0.003078 0.074826
0 1 0.364667 0.251816 0.055185 0.003721 0.324611
0 1 0.526618 0.225136 0.039649 0.002342 0.206255
0 1 0.777612 0.109927 0.010514 0.003226 0.098721
0 0 0.806559 0.114379 0.011770 0.001704 0.065588
0 0 0.712532 0.188405 0.030631 0.002876 0.065556
0 0 0.676074 0.180055 0.026448 0.004129 0.113294
0 1 0.422523 0.310012 0.082930 0.006253 0.178283
0 1 0.501859 0.213554 0.036266 0.003396 0.244925
0 0 0.418617 0.244462 0.049893 0.004358 0.282669
0 0 0.771200 0.119765 0.012402 0.003194 0.093439
0 0 0.536363 0.189291 0.028053 0.002381 0.243912
4 1 0.345006 0.213162 0.040778 0.003190 0.397864
1 1 0.265192 0.332440 0.111456 0.005344 0.285568
4 1 0.274078 0.248275 0.060445 0.003441 0.413760
0 1 0.363014 0.283591 0.069773 0.003111 0.280511
0 1 0.568404 0.282037 0.070405 0.006073 0.073080
0 1 0.550851 0.295030 0.078273 0.006085 0.069761
0 1 0.658546 0.199746 0.033211 0.006494 0.102003
0 0 0.773858 0.130833 0.014891 0.002572 0.077846
0 1 0.822793 0.093038 0.007913 0.001733 0.074523
0 0 0.416851 0.249833 0.051990 0.003856 0.277470
0 0 0.822703 0.065877 0.004052 0.001858 0.105510
0 4 0.822004 0.068361 0.004365 0.002260 0.103010
0 4 0.498378 0.223667 0.040153 0.004632 0.233170
0 4 0.600712 0.230392 0.042539 0.003015 0.123342
0 4 0.735339 0.152573 0.019740 0.003741 0.088607
0 4 0.868468 0.048561 0.002405 0.001104 0.079462
0 4 0.869056 0.048314 0.002384 0.001093 0.079153
0 0 0.735432 0.130045 0.014278 0.004959 0.115286
0 0 0.762500 0.084415 0.006178 0.002366 0.144542
0 1 0.872405 0.054694 0.003027 0.000965 0.068909
0 0 0.690840 0.112878 0.010351 0.002165 0.183767
0 4 0.892005 0.036859 0.001768 0.000616 0.068752
0 1 0.766668 0.115393 0.011479 0.003622 0.102838
0 1 0.719975 0.176397 0.026593 0.003238 0.073797
0 1 0.628261 0.202517 0.033871 0.009572 0.125780
0 0 0.724291 0.142191 0.021648 0.006149 0.105721
0 1 0.771796 0.104195 0.020886 0.007077 0.096046
0 1 0.785408 0.120447 0.012723 0.002428 0.078993
0 1 0.849545 0.062166 0.003743 0.001458 0.083088
0 0 0.731134 0.136909 0.015780 0.004916 0.111261
0 1 0.763681 0.141184 0.017264 0.002627 0.075244
0 1 0.762518 0.136334 0.016020 0.002934 0.082196
0 1 0.508297 0.152784 0.018805 0.001948 0.318166
0 0 0.743319 0.126616 0.013332 0.002388 0.114345
0 0 0.856080 0.055737 0.003069 0.001349 0.083765
0 1 0.583097 0.205019 0.032431 0.001708 0.177746
0 1 0.473501 0.174456 0.024717 0.002374 0.324953
0 0 0.451945 0.210670 0.035802 0.002177 0.299405
0 0 0.749921 0.152360 0.019983 0.002824 0.074912
0 1 0.765891 0.120512 0.012504 0.003460 0.097633
0 1 0.521905 0.138036 0.015386 0.001580 0.323094
0 4 0.819631 0.107751 0.010622 0.001416 0.060579
4 0 0.412138 0.145950 0.018580 0.002079 0.421253
0 0 0.904392 0.033742 0.001290 0.000524 0.060052
0 1 0.810951 0.070652 0.004581 0.002136 0.111680
0 0 0.675577 0.143812 0.016525 0.002804 0.161282
0 0 0.763896 0.139318 0.016789 0.002709 0.077289
0 0 0.748476 0.152183 0.019898 0.002922 0.076522
0 0 0.788215 0.132187 0.015537 0.001803 0.062257
0 0 0.843969 0.069360 0.004582 0.001521 0.080568
0 0 0.852800 0.061571 0.003690 0.001375 0.080564
0 0 0.878607 0.052544 0.002833 0.000853 0.065163
0 0 0.865412 0.049845 0.002516 0.001166 0.081062
0 0 0.800022 0.091308 0.007411 0.002260 0.099000
0 0 0.631978 0.109771 0.009740 0.001679 0.246831
0 0 0.779887 0.103449 0.009277 0.002539 0.104849
0 0 0.685201 0.124215 0.012465 0.002655 0.175465
0 0 0.850267 0.069195 0.004598 0.001338 0.074602
0 0 0.797659 0.103382 0.009443 0.002177 0.087338
0 0 0.812056 0.094221 0.008009 0.002117 0.083596
0 0 0.858743 0.069352 0.004678 0.001102 0.066125
0 0 0.798785 0.121217 0.013133 0.001779 0.065085
0 0 0.839397 0.086904 0.007078 0.001314 0.065306
0 0 0.738891 0.158960 0.021618 0.003121 0.077410
0 0 0.761490 0.150261 0.019698 0.002276 0.066274
0 0 0.778855 0.122439 0.013061 0.002677 0.082968
0 0 0.808076 0.112915 0.011485 0.001693 0.065830
0 0 0.879700 0.069180 0.004868 0.000607 0.045644
0 0 0.687050 0.098025 0.007842 0.001300 0.205783
4 0 0.443024 0.100954 0.008914 0.000435 0.446672
0 0 0.796904 0.069210 0.004286 0.001207 0.128393
0 0 0.553697 0.163838 0.021009 0.001834 0.259621
0 0 0.695608 0.147492 0.017359 0.001922 0.137620
0 0 0.681879 0.124945 0.012362 0.001300 0.179513
4 0 0.258325 0.117202 0.014887 0.000453 0.609133
0 0 0.494986 0.169951 0.022837 0.001193 0.311033
0 0 0.688176 0.150460 0.017787 0.001252 0.142324
0 0 0.678340 0.139518 0.015399 0.001773 0.164970
0 0 0.685856 0.148346 0.017461 0.001897 0.146440
0 0 0.699552 0.159084 0.020516 0.002740 0.118109
0 0 0.801325 0.126256 0.014403 0.001475 0.056541
0 0 0.703800 0.161908 0.021384 0.002800 0.110108
0 0 0.780281 0.134004 0.015798 0.002101 0.067815
0 1 0.361009 0.297230 0.077358 0.003638 0.260765
0 1 0.413734 0.161339 0.022080 0.001374 0.401472
0 1 0.521393 0.161538 0.020674 0.001726 0.294670
0 1 0.510249 0.164102 0.021416 0.001752 0.302481
0 1 0.693103 0.183284 0.027540 0.002364 0.093710
0 1 0.625629 0.226496 0.042972 0.006736 0.098166
4 1 0.364680 0.206923 0.037263 0.002043 0.389091
4 1 0.221289 0.137564 0.021816 0.000880 0.618452
0 1 0.546655 0.226265 0.040175 0.002765 0.184141
4 1 0.375563 0.198396 0.033960 0.001898 0.390182
0 1 0.614256 0.194664 0.029484 0.002055 0.159540
0 1 0.688963 0.144987 0.016661 0.001701 0.147687
0 0 0.631667 0.163141 0.020768 0.002100 0.182323
0 0 0.766393 0.125641 0.013404 0.001971 0.092592
0 0 0.475872 0.117087 0.011577 0.000985 0.394479
4 1 0.352686 0.141266 0.018431 0.001201 0.486416
4 1 0.253582 0.141921 0.021667 0.001105 0.581725
4 0 0.337014 0.138877 0.018222 0.001169 0.504717
0 1 0.800644 0.100359 0.008827 0.001407 0.088764
0 1 0.544104 0.103270 0.008796 0.000796 0.343034
