0 0 0.931357 0.040680 0.005621 0.003116 0.019226
0 0 0.830786 0.042149 0.006222 0.003468 0.117375
0 0 0.784814 0.117574 0.027855 0.005966 0.063791
0 0 0.924037 0.027198 0.003151 0.003443 0.042170
0 0 0.924825 0.020544 0.002122 0.001650 0.050859
0 0 0.887102 0.047699 0.007329 0.001227 0.056643
0 0 0.896187 0.057026 0.009209 0.007360 0.030218
0 0 0.688936 0.167884 0.049050 0.009031 0.085099
1 0 0.216226 0.370710 0.250624 0.028257 0.134182
0 0 0.778940 0.122540 0.029590 0.007198 0.061731
0 0 0.357526 0.297703 0.147869 0.017530 0.179372
0 0 0.586751 0.236957 0.085237 0.026044 0.065011
0 0 0.552275 0.250355 0.095379 0.016351 0.085639
0 0 0.377465 0.343274 0.176021 0.029070 0.074171
2 1 0.031274 0.356737 0.551567 0.014555 0.045867
2 2 0.003175 0.104895 0.869738 0.007669 0.014523
2 2 0.001425 0.068377 0.916499 0.005135 0.008563
2 2 0.000451 0.036102 0.956490 0.002916 0.004041
2 2 0.000385 0.027340 0.962540 0.004479 0.005256
2 2 0.000469 0.029090 0.958273 0.005612 0.006556
2 2 0.000191 0.016309 0.974954 0.004360 0.004185
2 2 0.000077 0.009910 0.985171 0.002627 0.002215
2 2 0.000196 0.017006 0.974689 0.004087 0.004022
2 2 0.000887 0.040408 0.939979 0.008256 0.010470
2 2 0.000214 0.017058 0.973202 0.004851 0.004675
2 2 0.000421 0.024051 0.962595 0.006791 0.006142
2 2 0.000216 0.017441 0.974118 0.004361 0.003863
2 2 0.000354 0.023929 0.964487 0.005381 0.005849
2 2 0.002891 0.079969 0.882772 0.013331 0.021038
2 2 0.002422 0.086232 0.890126 0.007738 0.013482
1 1 0.137020 0.418806 0.362554 0.035370 0.046249
1 0 0.140870 0.413980 0.352626 0.033711 0.058813
2 0 0.080006 0.411047 0.449663 0.017466 0.041818
1 0 0.229711 0.393230 0.265504 0.029797 0.081758
1 0 0.306573 0.379172 0.221536 0.037207 0.055511
2 1 0.044841 0.368806 0.492385 0.022943 0.071026
2 2 0.021372 0.266591 0.644209 0.018767 0.049062
2 2 0.000594 0.040599 0.949919 0.003690 0.005199
2 4 0.005916 0.075141 0.809630 0.035985 0.073329
4 4 0.099986 0.210357 0.262296 0.047303 0.380058
4 4 0.159259 0.197199 0.142642 0.032316 0.468584
4 4 0.120973 0.202360 0.205179 0.044472 0.427017
4 4 0.179945 0.226483 0.132669 0.040582 0.420321
4 4 0.176856 0.179194 0.114094 0.021534 0.508321
4 4 0.193230 0.204253 0.111319 0.029160 0.462038
4 4 0.213124 0.157515 0.076420 0.010022 0.542920
1 4 0.134939 0.305937 0.231486 0.046711 0.280928
1 4 0.087234 0.354004 0.344506 0.051489 0.162768
2 4 0.060693 0.370165 0.432135 0.033864 0.103143
4 4 0.198164 0.115357 0.058599 0.007730 0.620150
1 4 0.180606 0.391590 0.292042 0.037091 0.098670
1 4 0.087268 0.358081 0.351131 0.042330 0.161189
2 4 0.065139 0.373842 0.427353 0.023370 0.110296
4 4 0.165163 0.263372 0.171552 0.034945 0.364968
4 4 0.198846 0.192955 0.101471 0.025291 0.481437
4 4 0.157034 0.271647 0.182761 0.044050 0.344509
4 4 0.159304 0.273351 0.183768 0.036289 0.347288
1 4 0.089995 0.364376 0.357979 0.024616 0.163033
1 4 0.132802 0.308648 0.236036 0.047266 0.275248
4 4 0.186276 0.236156 0.140463 0.017404 0.419701
4 4 0.144640 0.236902 0.198543 0.019370 0.400545
2 4 0.067582 0.367978 0.408370 0.038203 0.117866
4 4 0.179993 0.249415 0.154577 0.017255 0.398759
2 4 0.073073 0.369802 0.398955 0.030197 0.127973
1 4 0.099663 0.348360 0.318553 0.043411 0.190013
4 4 0.140699 0.175163 0.153196 0.027209 0.503733
4 4 0.113012 0.188631 0.228497 0.014072 0.455788
2 4 0.042440 0.367550 0.502207 0.021392 0.066411
2 4 0.068261 0.371546 0.413965 0.028561 0.117668
2 4 0.060914 0.370111 0.431340 0.034024 0.103611
1 4 0.109455 0.285110 0.284266 0.042015 0.279154
2 4 0.067059 0.367925 0.409601 0.038580 0.116834
4 4 0.200709 0.211557 0.117909 0.008833 0.460992
1 4 0.113781 0.351355 0.309542 0.013397 0.211924
2 4 0.082508 0.361561 0.364988 0.040679 0.150263
2 4 0.068019 0.367469 0.406266 0.039308 0.118939
2 4 0.067413 0.374020 0.421642 0.022278 0.114646
2 4 0.043655 0.368226 0.497209 0.022173 0.068737
2 4 0.078106 0.363319 0.376236 0.041562 0.140777
4 4 0.141649 0.251599 0.208017 0.026670 0.372066
2 4 0.049852 0.370450 0.472559 0.026268 0.080871
2 4 0.080385 0.362850 0.371078 0.040181 0.145506
2 4 0.076208 0.250604 0.365465 0.052119 0.255604
2 4 0.032808 0.284335 0.571738 0.030972 0.080148
2 4 0.089566 0.279772 0.339606 0.040612 0.250444
2 4 0.063046 0.369501 0.423717 0.035585 0.108151
2 4 0.044692 0.368737 0.492987 0.022846 0.070738
2 2 0.006713 0.126163 0.812898 0.019123 0.035104
2 2 0.000823 0.040547 0.942389 0.007076 0.009164
2 2 0.000525 0.034761 0.954660 0.004381 0.005673
2 2 0.002498 0.077556 0.891553 0.010934 0.017459
2 2 0.000450 0.030925 0.958808 0.004391 0.005426
2 2 0.000562 0.032748 0.953658 0.005876 0.007155
2 2 0.000138 0.014093 0.979277 0.003350 0.003142
2 2 0.000248 0.019032 0.971049 0.004843 0.004827
2 2 0.000369 0.025823 0.963556 0.004797 0.005454
2 2 0.000126 0.011546 0.981738 0.003987 0.002601
2 2 0.000240 0.011412 0.973525 0.010919 0.003904
2 2 0.000299 0.007804 0.960458 0.027815 0.003623
2 2 0.000225 0.009030 0.972199 0.014936 0.003611
2 2 0.000311 0.006378 0.948066 0.041642 0.003602
2 2 0.000310 0.005151 0.933960 0.057380 0.003199
2 2 0.000229 0.011222 0.975649 0.009719 0.003181
2 2 0.000235 0.005968 0.960248 0.030601 0.002948
2 2 0.000192 0.006167 0.968774 0.022062 0.002805
2 3 0.000416 0.004738 0.889988 0.100926 0.003932
2 3 0.000259 0.006376 0.960565 0.030019 0.002780
2 3 0.000408 0.012522 0.961445 0.020326 0.005299
2 3 0.000354 0.003188 0.847413 0.145935 0.003109
2 3 0.000420 0.005779 0.911713 0.077523 0.004565
2 3 0.000323 0.009766 0.965081 0.020954 0.003877
2 3 0.000341 0.003277 0.859274 0.134004 0.003104
2 3 0.000463 0.004330 0.856623 0.134387 0.004197
2 3 0.000466 0.005609 0.904834 0.085336 0.003755
2 3 0.000798 0.004060 0.720596 0.269493 0.005054
2 3 0.000454 0.003388 0.808134 0.184238 0.003786
2 3 0.000452 0.002576 0.730405 0.263035 0.003532
2 3 0.000175 0.002405 0.909980 0.085623 0.001818
2 3 0.000871 0.009082 0.892669 0.091718 0.005660
2 3 0.003731 0.099991 0.870383 0.010549 0.015346
2 3 0.000385 0.005256 0.923745 0.067843 0.002771
2 3 0.000584 0.003757 0.791998 0.200110 0.003551
2 3 0.000576 0.002659 0.687307 0.306562 0.002896
2 3 0.000254 0.002322 0.853176 0.142257 0.001991
2 3 0.000399 0.003171 0.837339 0.156500 0.002591
3 3 0.001158 0.002156 0.350267 0.643961 0.002459
2 3 0.000519 0.002439 0.695305 0.298901 0.002837
2 3 0.000749 0.003440 0.697118 0.294689 0.004004
2 3 0.000253 0.001815 0.801083 0.195138 0.001711
2 3 0.000686 0.003882 0.757807 0.233549 0.004076
2 3 0.000404 0.002902 0.811883 0.182176 0.002635
2 3 0.000628 0.006401 0.891334 0.097755 0.003883
3 3 0.000658 0.001820 0.479756 0.515098 0.002669
2 3 0.000469 0.002111 0.670760 0.324083 0.002577
2 3 0.000573 0.003250 0.755718 0.237064 0.003396
3 3 0.001137 0.001755 0.287866 0.707436 0.001805
2 3 0.000650 0.002460 0.620511 0.373552 0.002827
2 3 0.000893 0.003101 0.600343 0.392016 0.003648
2 3 0.000599 0.003323 0.757181 0.235690 0.003207
2 3 0.000929 0.002981 0.560164 0.432278 0.003647
3 3 0.001110 0.002749 0.462987 0.529187 0.003966
2 3 0.001042 0.003043 0.517857 0.474329 0.003729
2 3 0.001343 0.004201 0.568513 0.420283 0.005660
2 3 0.000523 0.002287 0.668251 0.326076 0.002863
3 3 0.000468 0.001289 0.472402 0.523949 0.001892
2 3 0.000467 0.004336 0.872292 0.119916 0.002989
2 3 0.000512 0.001900 0.604497 0.390355 0.002737
2 3 0.000834 0.002363 0.503669 0.490002 0.003131
2 3 0.000511 0.001995 0.613130 0.381312 0.003052
2 3 0.000587 0.001753 0.511165 0.484025 0.002470
3 3 0.001041 0.002081 0.370153 0.624264 0.002461
2 3 0.000713 0.002495 0.586053 0.406906 0.003832
3 3 0.000783 0.002081 0.468167 0.526340 0.002628
2 3 0.000893 0.002784 0.546874 0.444751 0.004698
2 3 0.000473 0.002007 0.648571 0.346205 0.002743
3 3 0.000648 0.001292 0.350417 0.646079 0.001564
2 3 0.000710 0.002361 0.568183 0.425352 0.003395
3 3 0.000900 0.001889 0.384675 0.610168 0.002369
2 3 0.001326 0.005600 0.690714 0.296182 0.006178
3 3 0.000806 0.001437 0.322454 0.673662 0.001640
3 3 0.000668 0.001828 0.478756 0.515922 0.002826
2 3 0.001086 0.003063 0.519728 0.471725 0.004398
3 3 0.002825 0.002763 0.184443 0.808063 0.001905
2 3 0.000716 0.002232 0.528562 0.465005 0.003486
3 3 0.000880 0.001954 0.402925 0.591741 0.002501
3 3 0.000610 0.001303 0.378292 0.618074 0.001721
3 3 0.000501 0.001039 0.354911 0.642238 0.001311
2 3 0.000629 0.001818 0.499480 0.495360 0.002713
2 3 0.000685 0.001962 0.506836 0.487447 0.003071
3 3 0.000886 0.001598 0.329043 0.666662 0.001811
3 3 0.001096 0.001804 0.307762 0.687398 0.001940
2 3 0.000369 0.001470 0.612975 0.383331 0.001854
3 3 0.000806 0.001544 0.346861 0.648956 0.001834
3 3 0.001291 0.002807 0.418694 0.573496 0.003712
3 3 0.000757 0.001546 0.368405 0.627359 0.001933
3 3 0.000479 0.001197 0.430193 0.566330 0.001802
2 3 0.000886 0.002507 0.501339 0.491532 0.003736
3 3 0.000486 0.001244 0.440110 0.556263 0.001897
3 3 0.001165 0.001897 0.304070 0.690888 0.001981
2 3 0.000508 0.001705 0.558146 0.437196 0.002445
2 3 0.002224 0.007117 0.593617 0.388781 0.008261
3 3 0.001583 0.003244 0.407650 0.583325 0.004199
2 3 0.001213 0.006815 0.769485 0.215771 0.006716
2 3 0.001617 0.006890 0.693736 0.289911 0.007847
2 3 0.001315 0.005084 0.659841 0.327782 0.005979
2 3 0.001737 0.006113 0.623744 0.360064 0.008342
3 3 0.001834 0.003668 0.396338 0.593804 0.004356
3 3 0.001609 0.002945 0.361893 0.630135 0.003418
2 3 0.001671 0.004863 0.555432 0.432087 0.005946
3 3 0.001484 0.003376 0.433155 0.557721 0.004264
2 3 0.006664 0.015845 0.520464 0.445015 0.012012
2 2 0.030017 0.362218 0.572540 0.016045 0.019181
2 1 0.029198 0.353606 0.561620 0.013355 0.042223
2 2 0.034179 0.360454 0.538033 0.016272 0.051062
2 2 0.011427 0.219065 0.731022 0.010943 0.027543
2 2 0.005206 0.130534 0.831772 0.010857 0.021632
2 0 0.041838 0.372927 0.516524 0.019427 0.049285
0 0 0.470825 0.300824 0.133419 0.014882 0.080051
4 0 0.299172 0.068863 0.037771 0.002830 0.591365
4 0 0.183712 0.295802 0.197047 0.010112 0.313327
2 1 0.042510 0.320778 0.515590 0.032111 0.089011
2 2 0.003552 0.089624 0.868443 0.014551 0.023830
2 2 0.000255 0.015863 0.973579 0.006421 0.003881
2 2 0.008610 0.052650 0.766938 0.019528 0.152275
2 2 0.022186 0.046804 0.530435 0.023705 0.376870
2 2 0.006171 0.106214 0.819701 0.025481 0.042433
2 2 0.002943 0.075685 0.881368 0.015942 0.024062
2 2 0.049324 0.232913 0.477456 0.051327 0.188980
2 2 0.041829 0.367177 0.504744 0.021002 0.065248
2 2 0.004131 0.099350 0.856701 0.014702 0.025117
2 2 0.004590 0.092442 0.847140 0.021609 0.034218
1 2 0.100055 0.355048 0.328665 0.029092 0.187139
2 2 0.065505 0.368600 0.415036 0.037411 0.113449
1 2 0.102357 0.345567 0.311186 0.044270 0.196619
4 2 0.143935 0.293036 0.211620 0.045520 0.305889
2 2 0.036251 0.265713 0.551184 0.042704 0.104147
2 2 0.077058 0.290272 0.375851 0.050297 0.206523
2 2 0.023444 0.239626 0.637554 0.029495 0.069881
2 2 0.086747 0.272719 0.337836 0.052171 0.250527
2 4 0.057233 0.363230 0.446141 0.033305 0.100092
4 4 0.120712 0.095832 0.104317 0.003547 0.675591
1 4 0.121330 0.335352 0.278791 0.027021 0.237506
2 4 0.040050 0.222938 0.544149 0.030747 0.162116
2 0 0.022462 0.213716 0.669336 0.013858 0.080627
2 0 0.062001 0.404653 0.490231 0.018252 0.024863
1 0 0.244684 0.365068 0.226568 0.146656 0.017024
1 0 0.108604 0.393400 0.368871 0.022727 0.106397
1 0 0.170996 0.432751 0.345860 0.029667 0.020726
1 0 0.255835 0.407526 0.266787 0.028321 0.041532
1 0 0.242753 0.371008 0.236996 0.045939 0.103305
1 0 0.305348 0.369756 0.215164 0.026048 0.083685
0 0 0.537933 0.285837 0.116453 0.019367 0.040410
0 0 0.483002 0.284208 0.120165 0.034282 0.078342
0 0 0.406755 0.300135 0.140135 0.034131 0.118844
1 0 0.091471 0.365122 0.357306 0.021000 0.165101
2 1 0.067665 0.367641 0.407496 0.039039 0.118160
2 1 0.001184 0.052774 0.928570 0.007166 0.010305
2 2 0.000189 0.018117 0.975079 0.003243 0.003372
2 2 0.002224 0.069298 0.898852 0.011805 0.017821
2 2 0.000904 0.041318 0.939304 0.008092 0.010381
2 2 0.001294 0.049758 0.925574 0.009960 0.013415
2 2 0.000307 0.025014 0.966853 0.003615 0.004211
2 2 0.000365 0.027385 0.963449 0.004017 0.004784
2 2 0.001991 0.072938 0.903363 0.008315 0.013393
2 2 0.020441 0.276540 0.645042 0.015601 0.042376
2 2 0.046241 0.370672 0.490574 0.019413 0.073099
1 2 0.109547 0.395879 0.371734 0.019040 0.103799
2 2 0.041674 0.367079 0.505389 0.020903 0.064954
2 2 0.023557 0.243082 0.636353 0.028587 0.068422
2 2 0.000918 0.046842 0.937893 0.005972 0.008376
2 2 0.000284 0.025016 0.967953 0.003082 0.003665
2 2 0.000619 0.038546 0.950051 0.004607 0.006177
2 2 0.005375 0.128853 0.830422 0.011949 0.023401
2 2 0.000401 0.028399 0.961564 0.004391 0.005244
2 2 0.000686 0.039072 0.947624 0.005440 0.007179
2 2 0.012273 0.215513 0.727118 0.013086 0.032011
2 2 0.000283 0.024307 0.968259 0.003303 0.003848
2 2 0.001372 0.057298 0.922344 0.007674 0.011311
2 2 0.082848 0.409952 0.438057 0.029364 0.039779
1 0 0.154215 0.426353 0.354479 0.028185 0.036768
2 0 0.050580 0.378931 0.485990 0.022800 0.061699
2 1 0.040984 0.366625 0.508280 0.020465 0.063646
2 2 0.002139 0.086810 0.894319 0.005963 0.010768
2 2 0.001029 0.054845 0.931718 0.004898 0.007510
2 2 0.000398 0.030620 0.960967 0.003538 0.004477
2 2 0.000737 0.042800 0.944731 0.004915 0.006816
2 2 0.000837 0.047449 0.939933 0.004809 0.006972
2 2 0.002663 0.091075 0.884007 0.008022 0.014234
2 2 0.000203 0.013035 0.977801 0.006093 0.002867
2 2 0.000357 0.026216 0.964141 0.004299 0.004988
2 2 0.000296 0.024050 0.967658 0.003733 0.004263
2 2 0.000146 0.012479 0.980926 0.004041 0.002408
2 2 0.000255 0.021645 0.970434 0.003653 0.004012
2 2 0.000271 0.022922 0.969266 0.003544 0.003997
2 2 0.000307 0.017197 0.971765 0.006931 0.003801
2 2 0.000362 0.027806 0.963481 0.003783 0.004568
2 2 0.000494 0.031029 0.956873 0.005253 0.006351
2 2 0.000555 0.036494 0.952982 0.004290 0.005680
2 2 0.000915 0.049160 0.938178 0.004973 0.006775
2 2 0.059224 0.399295 0.489400 0.021931 0.030151
2 2 0.049514 0.370378 0.473872 0.026039 0.080197
2 2 0.030804 0.277712 0.589733 0.024815 0.076937
2 2 0.027945 0.351504 0.567856 0.012642 0.040052
2 2 0.034886 0.361252 0.534822 0.016697 0.052343
2 2 0.000592 0.040000 0.950254 0.003823 0.005330
2 2 0.000937 0.052408 0.935073 0.004600 0.006982
2 2 0.000276 0.024474 0.968528 0.003085 0.003637
2 2 0.000491 0.035541 0.955537 0.003603 0.004828
2 2 0.000488 0.032338 0.956846 0.004589 0.005739
2 2 0.001145 0.055924 0.928497 0.005741 0.008694
2 2 0.000133 0.015711 0.979413 0.002341 0.002401
2 2 0.000219 0.015685 0.976044 0.004937 0.003115
2 2 0.000437 0.026121 0.961414 0.006040 0.005987
2 2 0.000304 0.024059 0.967989 0.003724 0.003925
2 2 0.000289 0.019191 0.971377 0.005273 0.003870
2 2 0.000476 0.031130 0.957662 0.004826 0.005907
2 2 0.000394 0.021919 0.965661 0.006889 0.005136
2 2 0.001079 0.048524 0.932594 0.007472 0.010331
2 2 0.000270 0.023140 0.969257 0.003432 0.003901
2 2 0.000206 0.015511 0.976842 0.004527 0.002914
2 2 0.001868 0.061497 0.908367 0.011581 0.016686
2 2 0.000301 0.022508 0.967610 0.004600 0.004980
2 2 0.000894 0.038450 0.940295 0.009347 0.011013
2 3 0.000475 0.026895 0.957788 0.007070 0.007773
2 2 0.000824 0.044024 0.941618 0.005695 0.007838
2 2 0.000650 0.037766 0.949252 0.005351 0.006981
2 2 0.022900 0.285208 0.630309 0.014562 0.047022
2 2 0.055016 0.375054 0.462976 0.019323 0.087630
2 1 0.080784 0.368271 0.380375 0.026951 0.143619
2 2 0.004405 0.104627 0.851254 0.014441 0.025273
2 2 0.001963 0.068308 0.905262 0.009636 0.014832
2 2 0.000793 0.039876 0.943595 0.006868 0.008869
2 2 0.006942 0.130614 0.813496 0.014538 0.034410
0 0 0.758636 0.051716 0.008809 0.001422 0.179417
0 0 0.636919 0.204865 0.067264 0.013738 0.077214
0 0 0.404707 0.272411 0.123340 0.016868 0.182675
0 0 0.627041 0.069736 0.014555 0.003661 0.285008
2 0 0.061994 0.373818 0.436451 0.023669 0.104069
2 2 0.003684 0.097995 0.864720 0.012281 0.021319
2 2 0.000337 0.027170 0.964766 0.003498 0.004228
2 2 0.000879 0.040563 0.940277 0.008037 0.010243
2 2 0.001430 0.051520 0.921137 0.011033 0.014880
4 1 0.139825 0.285963 0.219585 0.040043 0.314583
4 1 0.195635 0.201293 0.108579 0.026119 0.468374
4 1 0.178890 0.158031 0.099810 0.014461 0.548808
4 1 0.227544 0.116657 0.047085 0.007101 0.601612
4 1 0.143878 0.188612 0.169138 0.011556 0.486816
4 1 0.157070 0.118072 0.090086 0.005270 0.629503
0 0 0.465597 0.177329 0.062482 0.016354 0.278238
1 0 0.131023 0.353892 0.291660 0.025390 0.198036
4 0 0.217398 0.149522 0.068170 0.012957 0.551953
4 1 0.145331 0.301023 0.220286 0.030561 0.302798
4 4 0.194580 0.116886 0.061362 0.008082 0.619089
4 4 0.149595 0.133362 0.107581 0.013613 0.595850
4 4 0.183744 0.225890 0.131415 0.031885 0.427066
4 4 0.145882 0.293385 0.211105 0.040368 0.309260
4 4 0.159920 0.281653 0.192593 0.024540 0.341293
4 4 0.183875 0.226676 0.132096 0.030823 0.426530
4 4 0.182277 0.233725 0.138797 0.027695 0.417506
1 4 0.096863 0.359985 0.340891 0.024059 0.178202
2 4 0.073644 0.370063 0.398223 0.029117 0.128953
4 4 0.204889 0.167069 0.085300 0.015276 0.527466
4 4 0.192649 0.132031 0.072193 0.010551 0.592576
4 4 0.197952 0.201939 0.108867 0.020816 0.470426
4 4 0.204349 0.143972 0.073802 0.009013 0.568865
4 4 0.218625 0.146061 0.065794 0.012223 0.557297
1 4 0.100439 0.350113 0.320329 0.038470 0.190649
4 4 0.180586 0.229478 0.135232 0.035872 0.418832
4 4 0.156637 0.274768 0.186199 0.040816 0.341580
4 4 0.210361 0.167791 0.081353 0.017303 0.523193
1 4 0.131046 0.314407 0.244230 0.041791 0.268526
2 4 0.078051 0.366348 0.381883 0.034359 0.139359
4 4 0.173845 0.153247 0.100111 0.015730 0.557068
4 4 0.222378 0.134752 0.058292 0.010028 0.574549
1 4 0.101564 0.357136 0.329260 0.029427 0.182613
4 4 0.154798 0.291597 0.205533 0.023037 0.325034
2 4 0.059131 0.370495 0.437787 0.032735 0.099852
4 4 0.183045 0.275071 0.176674 0.015491 0.349719
4 4 0.184547 0.220531 0.126527 0.035153 0.433242
2 4 0.068628 0.367164 0.404159 0.039772 0.120278
2 2 0.054520 0.370921 0.454789 0.029471 0.090299
2 2 0.023046 0.287611 0.625472 0.017042 0.046829
2 2 0.010739 0.183088 0.753821 0.016312 0.036040
2 2 0.006179 0.145043 0.814258 0.011214 0.023307
2 2 0.007805 0.126333 0.796346 0.024983 0.044533
2 2 0.002961 0.098698 0.875882 0.007913 0.014547
2 2 0.001644 0.069178 0.911884 0.006594 0.010701
2 2 0.000900 0.047875 0.938042 0.005419 0.007764
2 2 0.001933 0.073280 0.904429 0.007745 0.012613
2 2 0.006349 0.106750 0.829135 0.014484 0.043283
2 2 0.046678 0.369556 0.485018 0.024148 0.074601
2 2 0.023520 0.241101 0.636849 0.029158 0.069372
2 2 0.000241 0.022656 0.970889 0.002886 0.003328
2 2 0.010135 0.190179 0.756109 0.013188 0.030389
2 2 0.015303 0.234751 0.696640 0.015200 0.038107
2 2 0.000491 0.036045 0.955293 0.003472 0.004701
2 2 0.000575 0.034002 0.952943 0.005560 0.006920
2 2 0.000241 0.021902 0.971122 0.003171 0.003564
2 2 0.000376 0.026359 0.963145 0.004709 0.005411
2 2 0.000649 0.036132 0.949625 0.006008 0.007586
2 2 0.000239 0.021576 0.971337 0.003239 0.003609
2 2 0.000569 0.034762 0.953192 0.005092 0.006385
2 2 0.000348 0.026272 0.964577 0.004057 0.004746
2 2 0.000271 0.020712 0.970609 0.004322 0.004086
2 2 0.000761 0.041162 0.944497 0.005813 0.007767
1 2 0.127915 0.421915 0.382300 0.014315 0.053556
2 2 0.024490 0.344765 0.585838 0.010724 0.034183
2 2 0.002045 0.081830 0.898509 0.006416 0.011200
2 2 0.006081 0.138667 0.818094 0.012326 0.024832
2 2 0.000781 0.043196 0.943217 0.005391 0.007415
2 2 0.000179 0.018494 0.975630 0.002751 0.002946
2 2 0.000199 0.018299 0.974385 0.003499 0.003617
2 2 0.000277 0.022992 0.968919 0.003678 0.004134
2 2 0.000132 0.014404 0.979813 0.002876 0.002775
2 2 0.000201 0.019162 0.974109 0.003159 0.003369
2 2 0.000612 0.035534 0.951178 0.005594 0.007081
2 2 0.000251 0.019210 0.971625 0.004609 0.004305
2 2 0.000396 0.026838 0.962083 0.004971 0.005713
2 2 0.000190 0.015058 0.977414 0.004353 0.002985
2 2 0.000188 0.019399 0.974858 0.002650 0.002906
2 2 0.000166 0.015445 0.978186 0.003399 0.002804
2 2 0.000477 0.027032 0.960881 0.006116 0.005494
2 2 0.000522 0.028878 0.958160 0.006335 0.006105
2 2 0.000448 0.028729 0.961045 0.004830 0.004947
2 2 0.000367 0.026202 0.964399 0.004348 0.004684
2 2 0.000258 0.022613 0.970278 0.003269 0.003582
2 2 0.000220 0.016132 0.975804 0.004712 0.003133
2 2 0.000329 0.016862 0.971558 0.007660 0.003591
2 2 0.000146 0.011469 0.981338 0.004684 0.002362
2 2 0.000282 0.013967 0.973855 0.008603 0.003293
2 2 0.000215 0.012126 0.977760 0.007238 0.002661
2 2 0.000245 0.016973 0.974506 0.005015 0.003261
2 2 0.000197 0.008537 0.976617 0.012111 0.002539
2 2 0.000228 0.016111 0.975796 0.004856 0.003009
2 2 0.000273 0.012527 0.973433 0.010304 0.003463
2 2 0.000291 0.006142 0.953638 0.037117 0.002812
2 2 0.000347 0.020509 0.968526 0.006224 0.004394
2 2 0.000271 0.015346 0.974245 0.006871 0.003266
2 2 0.000946 0.016886 0.938521 0.036957 0.006690
2 2 0.000150 0.004931 0.972484 0.020559 0.001876
2 2 0.000476 0.009112 0.947824 0.038655 0.003932
2 2 0.000231 0.006926 0.969929 0.020642 0.002271
2 2 0.000241 0.005387 0.957895 0.034200 0.002278
2 2 0.000181 0.001813 0.860523 0.135845 0.001638
2 2 0.000175 0.005052 0.969541 0.023427 0.001806
2 3 0.000438 0.005205 0.906996 0.084213 0.003148
2 3 0.000335 0.003666 0.887577 0.105639 0.002783
2 3 0.000896 0.005283 0.774900 0.213600 0.005321
2 3 0.000696 0.005888 0.859855 0.129343 0.004218
2 3 0.000493 0.010518 0.954827 0.030459 0.003704
2 3 0.000340 0.006498 0.950165 0.040256 0.002741
2 3 0.000480 0.004610 0.871599 0.119717 0.003594
2 3 0.000959 0.010422 0.899085 0.083475 0.006059
2 3 0.000298 0.003455 0.895341 0.098368 0.002539
2 3 0.000387 0.004934 0.910389 0.081008 0.003282
2 3 0.000414 0.003031 0.812964 0.180711 0.002879
2 3 0.000595 0.003886 0.795478 0.196365 0.003677
2 3 0.000607 0.004108 0.809331 0.182425 0.003529
2 3 0.000262 0.004053 0.931726 0.061736 0.002223
2 3 0.000943 0.008063 0.866773 0.118920 0.005301
2 3 0.000339 0.006118 0.945580 0.045140 0.002823
2 3 0.000312 0.003212 0.883464 0.110816 0.002196
2 3 0.000562 0.008623 0.933824 0.052896 0.004095
2 3 0.000711 0.006558 0.876087 0.112334 0.004311
2 3 0.000835 0.005448 0.805456 0.183528 0.004734
2 3 0.001101 0.003740 0.597153 0.392993 0.005013
2 3 0.000772 0.002762 0.607665 0.385400 0.003401
2 3 0.000996 0.004209 0.675162 0.314645 0.004988
2 3 0.000946 0.008537 0.876726 0.108523 0.005268
2 3 0.000970 0.004178 0.678562 0.311066 0.005224
2 3 0.001410 0.005300 0.650038 0.337540 0.005713
2 3 0.003584 0.022873 0.826856 0.133598 0.013090
2 3 0.001431 0.009999 0.834091 0.147417 0.007062
2 3 0.001362 0.012251 0.880185 0.099428 0.006774
2 3 0.001934 0.006327 0.604078 0.380813 0.006848
2 3 0.001481 0.006120 0.681316 0.305626 0.005457
2 3 0.005825 0.017156 0.595426 0.366738 0.014854
3 3 0.001241 0.003077 0.469826 0.521374 0.004482
2 3 0.001597 0.010689 0.826082 0.153924 0.007708
2 3 0.002291 0.006168 0.525154 0.462144 0.004244
2 3 0.001756 0.012551 0.845495 0.132520 0.007678
2 3 0.000551 0.004776 0.862520 0.128786 0.003367
2 3 0.001571 0.008576 0.774829 0.207539 0.007485
2 3 0.001382 0.010768 0.855966 0.125035 0.006848
2 3 0.001910 0.011566 0.809325 0.168880 0.008319
2 3 0.002039 0.011932 0.792952 0.183077 0.009999
2 3 0.001172 0.007233 0.805739 0.180282 0.005573
3 3 0.002168 0.005244 0.480096 0.505786 0.006705
2 3 0.002107 0.005430 0.500543 0.484776 0.007144
2 3 0.001404 0.004717 0.592687 0.395410 0.005781
2 3 0.000898 0.003988 0.687057 0.303617 0.004440
2 3 0.006308 0.014124 0.493619 0.475027 0.010922
2 3 0.004304 0.014899 0.649750 0.317478 0.013568
3 3 0.001152 0.002848 0.465998 0.526299 0.003703
2 3 0.001524 0.004387 0.535721 0.451961 0.006408
2 3 0.004609 0.018228 0.696252 0.266159 0.014752
3 3 0.004427 0.009973 0.486288 0.488894 0.010418
2 3 0.002798 0.010126 0.657510 0.318721 0.010845
2 3 0.000634 0.003768 0.764791 0.226663 0.004144
3 3 0.001616 0.003482 0.419430 0.571115 0.004356
2 3 0.004090 0.015343 0.676068 0.288148 0.016350
2 3 0.003225 0.012056 0.661992 0.308162 0.014564
2 3 0.004246 0.014870 0.644567 0.319224 0.017093
2 3 0.003539 0.014914 0.707534 0.258673 0.015340
1 0 0.197443 0.418004 0.309998 0.026089 0.048466
1 0 0.196680 0.404454 0.295335 0.032481 0.071049
2 0 0.063799 0.374217 0.432045 0.022507 0.107432
2 0 0.077896 0.372889 0.395410 0.018604 0.135201
2 1 0.044750 0.368764 0.492752 0.022884 0.070850
2 2 0.012145 0.234271 0.717158 0.010046 0.026380
2 2 0.048435 0.370111 0.478079 0.025316 0.078059
2 2 0.027246 0.248036 0.655438 0.013584 0.055696
2 2 0.072388 0.373191 0.407648 0.022027 0.124746
1 1 0.242636 0.382578 0.250194 0.022757 0.101835
2 1 0.061368 0.369995 0.429712 0.034354 0.104572
2 1 0.012232 0.197348 0.735553 0.016718 0.038149
2 2 0.000287 0.020935 0.970188 0.004546 0.004043
2 2 0.007473 0.090590 0.790101 0.036367 0.075469
4 4 0.231525 0.116342 0.046909 0.004054 0.601169
2 4 0.076002 0.362555 0.379065 0.045533 0.136845
4 4 0.177965 0.219689 0.133283 0.034899 0.434164
4 4 0.163137 0.265825 0.174673 0.036741 0.359625
4 4 0.159855 0.268644 0.178644 0.041085 0.351772
4 4 0.143728 0.079470 0.060762 0.004362 0.711678
1 4 0.097579 0.354261 0.330367 0.034770 0.183023
1 4 0.124652 0.321375 0.257388 0.044201 0.252385
4 4 0.170412 0.250120 0.156902 0.038112 0.384455
2 4 0.082988 0.359690 0.360926 0.044402 0.151994
4 4 0.178011 0.237365 0.142992 0.033882 0.407749
1 4 0.143628 0.328383 0.252918 0.017640 0.257432
4 4 0.224876 0.126465 0.053040 0.008604 0.587015
4 4 0.200683 0.195995 0.103748 0.019482 0.480092
4 4 0.185312 0.246896 0.151058 0.011031 0.405703
4 4 0.136787 0.155074 0.147945 0.011531 0.548663
2 4 0.082919 0.361244 0.363717 0.040907 0.151213
4 4 0.191879 0.221889 0.126672 0.018085 0.441475
4 4 0.203944 0.271982 0.166020 0.014481 0.343573
4 4 0.178437 0.101651 0.059770 0.005537 0.654606
4 4 0.234167 0.099963 0.037603 0.003258 0.625009
4 4 0.164152 0.268419 0.177065 0.031183 0.359181
4 4 0.148448 0.126622 0.106362 0.006476 0.612092
1 4 0.151470 0.310292 0.226438 0.027004 0.284797
1 4 0.115219 0.337920 0.287279 0.034441 0.225140
1 4 0.112270 0.342796 0.296989 0.031164 0.216782
2 4 0.064698 0.369389 0.418840 0.035553 0.111520
4 4 0.212104 0.163421 0.078100 0.016233 0.530142
4 4 0.206702 0.188114 0.097021 0.013503 0.494659
1 4 0.129801 0.314676 0.245359 0.044142 0.266023
1 4 0.088064 0.357902 0.349590 0.041604 0.162840
4 4 0.106149 0.216448 0.249097 0.049867 0.378439
2 4 0.033563 0.229905 0.577141 0.036081 0.123311
2 4 0.072212 0.365811 0.393137 0.040843 0.127996
1 4 0.108104 0.343346 0.301754 0.037980 0.208816
1 4 0.130113 0.312970 0.243029 0.046286 0.267602
1 4 0.131482 0.311861 0.240789 0.045009 0.270860
2 4 0.052563 0.349845 0.466704 0.033327 0.097560
4 4 0.144327 0.285536 0.205763 0.050475 0.313898
4 4 0.176869 0.187673 0.118096 0.026169 0.491193
4 4 0.176299 0.238182 0.144122 0.037149 0.404248
2 4 0.075246 0.259773 0.377178 0.046354 0.241448
4 4 0.128922 0.284078 0.236450 0.046689 0.303861
2 4 0.034551 0.277582 0.562449 0.035308 0.090109
2 4 0.042447 0.287626 0.517336 0.042859 0.109730
2 2 0.002478 0.083966 0.890092 0.008697 0.014767
2 2 0.037903 0.294279 0.542168 0.034720 0.090930
2 2 0.000883 0.045475 0.939358 0.005988 0.008296
2 2 0.004441 0.117865 0.846774 0.010620 0.020300
2 2 0.006710 0.150201 0.806290 0.011885 0.024913
2 2 0.001241 0.055870 0.926147 0.006742 0.010000
2 2 0.013475 0.201667 0.723605 0.018690 0.042562
2 2 0.005987 0.115465 0.824360 0.019626 0.034562
2 2 0.006821 0.129849 0.811951 0.017353 0.034027
1 0 0.149796 0.425407 0.358459 0.024995 0.041343
0 0 0.411196 0.337096 0.167620 0.010179 0.073908
0 0 0.443924 0.331957 0.155919 0.032879 0.035321
0 0 0.524168 0.292553 0.122108 0.016141 0.045030
0 0 0.348410 0.338043 0.179192 0.020433 0.113922
0 0 0.577836 0.214361 0.075563 0.007596 0.124643
0 0 0.603130 0.236365 0.084349 0.017824 0.058332
1 0 0.281860 0.367658 0.221095 0.025116 0.104270
1 0 0.183583 0.366179 0.264845 0.024571 0.160823
2 0 0.070619 0.370806 0.406639 0.029265 0.122671
1 0 0.162430 0.416773 0.339197 0.013171 0.068430
0 0 0.400169 0.334978 0.164644 0.044458 0.055750
0 0 0.625013 0.225131 0.077734 0.013215 0.058906
0 0 0.376317 0.339206 0.172569 0.038578 0.073330
1 0 0.225626 0.369466 0.246008 0.020146 0.138754
2 0 0.078567 0.367665 0.383372 0.030678 0.139718
2 1 0.047526 0.369843 0.481657 0.024709 0.076265
2 2 0.002850 0.092593 0.880350 0.008747 0.015460
2 2 0.019869 0.243732 0.662065 0.021466 0.052869
2 2 0.008578 0.179686 0.774375 0.011376 0.025985
2 2 0.021099 0.282400 0.638489 0.015475 0.042536
1 2 0.102253 0.382307 0.362661 0.026189 0.126590
2 2 0.031251 0.300765 0.576668 0.024539 0.066777
2 2 0.014305 0.182655 0.719220 0.027131 0.056689
2 2 0.000779 0.038965 0.944217 0.007050 0.008989
2 2 0.003732 0.089544 0.864821 0.016002 0.025900
2 2 0.001315 0.052162 0.924859 0.009067 0.012597
2 2 0.000321 0.023961 0.966361 0.004423 0.004934
2 2 0.002244 0.074970 0.897502 0.009735 0.015549
2 2 0.001258 0.052521 0.926510 0.008174 0.011537
2 2 0.002242 0.068261 0.898435 0.012474 0.018588
2 2 0.001314 0.047370 0.924503 0.011687 0.015125
2 2 0.001595 0.059531 0.915997 0.009294 0.013583
2 2 0.001076 0.048227 0.932738 0.007554 0.010404
2 2 0.001861 0.061520 0.908576 0.011481 0.016563
2 2 0.001111 0.047915 0.931683 0.008174 0.011117
2 2 0.002232 0.070288 0.898586 0.011446 0.017448
2 2 0.007210 0.129803 0.805510 0.020186 0.037290
2 2 0.000266 0.022419 0.969660 0.003620 0.004036
2 2 0.000551 0.028103 0.956815 0.007538 0.006994
2 2 0.007264 0.166723 0.792711 0.010296 0.023006
2 2 0.004622 0.131988 0.837672 0.008387 0.017331
2 2 0.000566 0.036355 0.952638 0.004513 0.005927
2 2 0.001094 0.055165 0.930035 0.005446 0.008258
2 2 0.001397 0.058685 0.921317 0.007459 0.011142
2 2 0.000476 0.034155 0.956647 0.003774 0.004948
2 2 0.000557 0.033795 0.953711 0.005307 0.006629
2 2 0.000938 0.051077 0.935696 0.004939 0.007351
2 2 0.004062 0.108269 0.855714 0.011293 0.020662
2 2 0.001038 0.052802 0.932423 0.005523 0.008213
2 2 0.023992 0.262229 0.629543 0.023851 0.060385
2 2 0.005402 0.120856 0.832613 0.014365 0.026764
2 2 0.001492 0.064264 0.917146 0.006645 0.010454
1 2 0.090450 0.371539 0.367941 0.021875 0.148196
1 2 0.140805 0.378086 0.309201 0.037923 0.133986
0 0 0.782697 0.137300 0.034396 0.015850 0.029756
0 0 0.625395 0.220862 0.075069 0.021862 0.056812
1 0 0.317089 0.371325 0.210900 0.050740 0.049946
1 1 0.102796 0.353020 0.320975 0.038084 0.185125
2 2 0.064320 0.350329 0.420372 0.042114 0.122865
2 2 0.074782 0.364071 0.384326 0.042998 0.133822
2 2 0.007673 0.145881 0.797040 0.016522 0.032884
2 2 0.003516 0.090135 0.869116 0.014058 0.023175
0 2 0.844566 0.087423 0.017274 0.020516 0.030222
0 0 0.915027 0.046023 0.006684 0.008129 0.024138
0 0 0.952282 0.022682 0.002371 0.006036 0.016629
0 0 0.836245 0.074596 0.013923 0.011105 0.064131
0 0 0.879106 0.062816 0.010633 0.010243 0.037202
0 0 0.851507 0.071638 0.013192 0.004482 0.059181
0 0 0.965683 0.013029 0.001077 0.001616 0.018594
0 0 0.927605 0.034578 0.004435 0.004344 0.029038
0 0 0.758781 0.134489 0.033929 0.013787 0.059013
0 0 0.935212 0.026109 0.002944 0.004444 0.031292
0 0 0.870806 0.078266 0.014660 0.010411 0.025856
0 0 0.936327 0.029221 0.003437 0.007298 0.023716
0 0 0.960464 0.019678 0.001922 0.006308 0.011627
0 0 0.965134 0.017873 0.001663 0.007814 0.007517
0 0 0.918602 0.039909 0.005369 0.018195 0.017925
0 0 0.881687 0.071231 0.012645 0.016075 0.018362
0 0 0.873097 0.070102 0.012470 0.011871 0.032460
0 0 0.953485 0.022486 0.002358 0.003518 0.018153
0 0 0.967935 0.012361 0.000997 0.001644 0.017063
0 0 0.896659 0.064490 0.010963 0.008833 0.019054
0 0 0.963358 0.018870 0.001813 0.004942 0.011018
0 0 0.960536 0.019481 0.001896 0.005916 0.012171
0 0 0.937721 0.024818 0.002747 0.003029 0.031686
0 0 0.926500 0.038379 0.005186 0.002931 0.027003
0 0 0.936020 0.027756 0.003229 0.003194 0.029800
0 0 0.930083 0.037573 0.005001 0.003846 0.023497
0 0 0.948615 0.021802 0.002257 0.004042 0.023284
0 0 0.896584 0.028849 0.003492 0.002613 0.068462
0 0 0.935784 0.030113 0.003585 0.008243 0.022276
0 0 0.938446 0.025543 0.002846 0.004634 0.028532
0 0 0.940532 0.026791 0.003041 0.005118 0.024518
0 0 0.971248 0.011832 0.000933 0.001821 0.014165
0 0 0.968314 0.012290 0.000988 0.001684 0.016725
0 0 0.944650 0.025075 0.002754 0.005762 0.021760
0 0 0.975087 0.011677 0.000910 0.002508 0.009817
0 0 0.957750 0.021218 0.002140 0.007557 0.011334
0 0 0.960778 0.016534 0.001512 0.002857 0.018320
0 0 0.959951 0.017797 0.001677 0.003482 0.017093
0 0 0.954385 0.014914 0.001318 0.001553 0.027830
0 0 0.912323 0.020307 0.002105 0.001345 0.063920
0 0 0.924407 0.029331 0.003499 0.004703 0.038061
0 0 0.960094 0.011243 0.000880 0.000893 0.026890
0 0 0.952790 0.021552 0.002212 0.004363 0.019082
0 0 0.951217 0.015771 0.001430 0.001627 0.029955
0 0 0.955415 0.017116 0.001597 0.002431 0.023442
0 0 0.865578 0.049979 0.007832 0.002944 0.073666
0 0 0.947003 0.019357 0.001914 0.002552 0.029174
0 0 0.921456 0.023730 0.002605 0.002348 0.049861
0 0 0.877625 0.061349 0.010256 0.012485 0.038285
0 0 0.942946 0.023487 0.002522 0.003824 0.027221
0 0 0.934055 0.016889 0.001598 0.001245 0.046213
0 0 0.950592 0.012448 0.001025 0.000858 0.035076
0 0 0.898884 0.016119 0.001533 0.000653 0.082811
0 0 0.932004 0.026836 0.003081 0.003270 0.034809
0 0 0.825184 0.031553 0.004150 0.001640 0.137473
0 0 0.951146 0.020039 0.002006 0.002774 0.024035
0 0 0.951805 0.017441 0.001646 0.002220 0.026888
0 0 0.943028 0.019779 0.001981 0.002387 0.032825
0 0 0.947697 0.017272 0.001633 0.001661 0.031736
0 0 0.944382 0.017694 0.001692 0.001812 0.034420
0 0 0.912581 0.027397 0.003210 0.002941 0.053871
0 0 0.947307 0.015883 0.001449 0.001469 0.033891
0 0 0.952721 0.013740 0.001176 0.001177 0.031186
0 0 0.953939 0.019531 0.001924 0.003537 0.021070
0 0 0.947774 0.017268 0.001630 0.001875 0.031453
0 0 0.950401 0.020467 0.002062 0.003506 0.023565
0 0 0.917169 0.026683 0.003082 0.002982 0.050084
0 0 0.945214 0.017942 0.001724 0.001930 0.033192
0 0 0.841244 0.064521 0.011348 0.006429 0.076458
0 0 0.627981 0.063681 0.012762 0.003554 0.292022
0 0 0.788864 0.060243 0.010573 0.006456 0.133863
0 0 0.951962 0.019107 0.001870 0.002978 0.024083
0 0 0.895530 0.039112 0.005359 0.006167 0.053832
0 0 0.729374 0.085999 0.018147 0.011886 0.154595
0 0 0.924401 0.029315 0.003496 0.004693 0.038095
0 0 0.898749 0.038198 0.005171 0.006088 0.051794
0 0 0.926091 0.037141 0.004862 0.010113 0.021793
0 0 0.881171 0.041922 0.005969 0.005968 0.064969
0 0 0.881265 0.068227 0.011953 0.010932 0.027622
0 0 0.785460 0.014192 0.001374 0.000222 0.198752
0 0 0.921133 0.031660 0.003906 0.005382 0.037919
0 0 0.924042 0.031820 0.003921 0.006192 0.034025
0 0 0.920237 0.034323 0.004372 0.007299 0.033769
0 0 0.844551 0.063872 0.011043 0.014037 0.066496
0 0 0.870673 0.038587 0.005353 0.004068 0.081320
0 0 0.614283 0.152054 0.044148 0.022762 0.166753
4 0 0.192299 0.220493 0.125381 0.018340 0.443487
4 1 0.157857 0.272888 0.183774 0.040366 0.345115
4 1 0.158410 0.264731 0.175116 0.049924 0.351820
4 1 0.166180 0.251730 0.159640 0.046812 0.375638
4 1 0.191681 0.206653 0.113525 0.030741 0.457399
4 1 0.207109 0.175301 0.087108 0.019496 0.510987
0 1 0.649324 0.190221 0.059312 0.028918 0.072225
4 1 0.291745 0.175134 0.075112 0.017272 0.440737
4 1 0.168557 0.250200 0.157476 0.042627 0.381139
4 1 0.180817 0.225111 0.131271 0.039810 0.422992
4 1 0.131473 0.200165 0.184700 0.039982 0.443680
4 1 0.183184 0.221305 0.127452 0.037748 0.430311
4 1 0.198711 0.195357 0.103413 0.023877 0.478641
0 1 0.573846 0.127531 0.035441 0.016365 0.246816
0 0 0.568018 0.229439 0.082078 0.038920 0.081545
0 0 0.543991 0.234491 0.086215 0.042404 0.092899
1 0 0.164589 0.369308 0.278486 0.047892 0.139724
4 0 0.352634 0.132716 0.046954 0.006727 0.460970
1 1 0.161860 0.307295 0.215841 0.039322 0.275682
2 2 0.041190 0.366764 0.507415 0.020596 0.064036
2 2 0.044552 0.368672 0.493556 0.022755 0.070466
2 2 0.047310 0.369773 0.482508 0.024566 0.075842
2 2 0.019217 0.231658 0.670019 0.023404 0.055702
2 2 0.002348 0.062370 0.894195 0.017263 0.023824
2 2 0.006821 0.119743 0.811073 0.022590 0.039774
2 2 0.014738 0.158050 0.712710 0.037088 0.077414
2 2 0.072107 0.221843 0.364716 0.052445 0.288889
2 2 0.003648 0.081741 0.865490 0.019479 0.029643
2 2 0.056378 0.281998 0.452938 0.050098 0.158588
2 2 0.058653 0.370577 0.439527 0.032392 0.098851
2 2 0.036531 0.204844 0.549842 0.042326 0.166458
2 2 0.082557 0.390937 0.410294 0.028097 0.088115
2 2 0.047322 0.369777 0.482463 0.024574 0.075864
2 2 0.019621 0.215419 0.669170 0.029522 0.066267
2 2 0.053589 0.370903 0.458285 0.028824 0.088400
2 2 0.056973 0.371865 0.448176 0.028085 0.094901
2 2 0.050943 0.377550 0.480784 0.027237 0.063486
2 2 0.039197 0.365312 0.515863 0.019342 0.060286
2 2 0.043172 0.367967 0.499189 0.021862 0.067810
2 2 0.012527 0.227473 0.718857 0.011604 0.029539
2 2 0.001774 0.065261 0.910368 0.008951 0.013646
2 2 0.049836 0.370447 0.472620 0.026257 0.080840
2 2 0.014935 0.226458 0.702938 0.016150 0.039518
2 2 0.043299 0.368036 0.498668 0.021943 0.068054
2 2 0.042000 0.367283 0.504034 0.021111 0.065572
2 2 0.004949 0.129509 0.835278 0.010075 0.020189
2 2 0.000909 0.048283 0.937652 0.005395 0.007761
2 2 0.003114 0.096097 0.874709 0.009382 0.016698
2 2 0.000395 0.028415 0.961821 0.004259 0.005109
2 2 0.000683 0.039582 0.947551 0.005221 0.006963
2 2 0.002226 0.078669 0.896704 0.008424 0.013977
2 2 0.004005 0.105766 0.857380 0.011718 0.021131
2 2 0.000893 0.044242 0.939355 0.006590 0.008920
2 2 0.000387 0.024846 0.962581 0.005825 0.006361
2 2 0.001351 0.059189 0.922277 0.006830 0.010353
2 0 0.067942 0.409713 0.480102 0.017284 0.024959
0 0 0.344613 0.331365 0.175527 0.016139 0.132357
1 0 0.224570 0.397924 0.274001 0.021380 0.082125
1 0 0.114256 0.412394 0.385074 0.027232 0.061044
1 1 0.086920 0.360792 0.356281 0.036735 0.159272
2 1 0.065240 0.369590 0.417780 0.034864 0.112527
2 1 0.026803 0.234792 0.620755 0.029840 0.087809
2 1 0.074364 0.365971 0.389891 0.037364 0.132410
2 2 0.006138 0.104503 0.824690 0.021499 0.043170
2 2 0.071623 0.368630 0.399900 0.034182 0.125664
2 2 0.006939 0.124452 0.809558 0.021053 0.037999
2 2 0.003775 0.096703 0.863410 0.013330 0.022782
2 2 0.000610 0.031266 0.951337 0.007798 0.008989
2 2 0.000421 0.028234 0.960698 0.004896 0.005752
2 2 0.063125 0.383005 0.448993 0.021443 0.083434
2 0 0.078639 0.413150 0.457291 0.014895 0.036026
2 0 0.070530 0.400831 0.455110 0.027563 0.045965
2 1 0.043010 0.377107 0.517030 0.023950 0.038903
2 1 0.047593 0.369864 0.481393 0.024754 0.076397
2 1 0.040097 0.365999 0.512026 0.019905 0.061973
1 1 0.256829 0.389790 0.248973 0.037224 0.067184
2 1 0.037278 0.363669 0.524178 0.018153 0.056722
2 1 0.054794 0.370919 0.453766 0.029662 0.090859
2 2 0.001179 0.054808 0.928079 0.006423 0.009511
2 2 0.000915 0.045488 0.938368 0.006417 0.008813
2 2 0.000132 0.014583 0.979788 0.002785 0.002712
2 2 0.004803 0.114792 0.842798 0.013242 0.024365
2 2 0.003904 0.106549 0.858661 0.010936 0.019950
2 2 0.001842 0.074874 0.905493 0.006651 0.011140
2 2 0.001516 0.062325 0.917307 0.007448 0.011404
2 2 0.000944 0.050429 0.935825 0.005180 0.007622
2 2 0.000478 0.028804 0.957818 0.005989 0.006911
2 2 0.000515 0.032360 0.955722 0.005105 0.006298
2 2 0.000535 0.034682 0.954315 0.004578 0.005889
2 2 0.001668 0.057441 0.914060 0.011143 0.015689
2 2 0.000540 0.031153 0.954787 0.006185 0.007334
2 2 0.000302 0.022242 0.967580 0.004765 0.005111
2 2 0.002411 0.080719 0.892470 0.009176 0.015224
2 2 0.017859 0.232945 0.687394 0.013096 0.048707
1 1 0.119850 0.410773 0.376168 0.022233 0.070976
2 1 0.057691 0.372312 0.446759 0.027082 0.096156
2 1 0.064657 0.369252 0.418672 0.035927 0.111491
1 1 0.112427 0.337081 0.288555 0.041521 0.220416
2 2 0.019590 0.213909 0.669484 0.030004 0.067013
2 2 0.050744 0.334444 0.476335 0.036147 0.102330
2 2 0.045858 0.369243 0.488292 0.023608 0.073000
2 2 0.049687 0.370416 0.473199 0.026156 0.080542
2 2 0.049102 0.370283 0.475475 0.025762 0.079379
2 2 0.055224 0.390675 0.490574 0.017453 0.046074
2 2 0.076659 0.388645 0.419676 0.030044 0.084976
2 2 0.076332 0.380177 0.407238 0.030880 0.105373
2 2 0.030367 0.319041 0.574419 0.019686 0.056487
2 2 0.005580 0.136302 0.824850 0.010989 0.022279
2 2 0.000544 0.038882 0.952226 0.003486 0.004862
2 2 0.001160 0.056959 0.927682 0.005612 0.008587
2 2 0.003764 0.115149 0.856738 0.008247 0.016102
2 2 0.000829 0.048367 0.939714 0.004482 0.006607
2 2 0.000230 0.021387 0.971855 0.003083 0.003445
2 2 0.000645 0.042146 0.947678 0.003941 0.005589
2 2 0.004657 0.114939 0.846641 0.010793 0.022969
