0 0 0.948600 0.023997 0.005616 0.000751 0.021035
0 0 0.941741 0.026821 0.006613 0.000973 0.023852
0 0 0.958827 0.019680 0.004201 0.000475 0.016817
0 0 0.964356 0.017286 0.003476 0.000352 0.014529
0 0 0.966658 0.016275 0.003184 0.000306 0.013576
0 0 0.961469 0.018151 0.003562 0.000322 0.016496
0 0 0.963601 0.017616 0.003573 0.000368 0.014842
0 0 0.960597 0.018919 0.003966 0.000433 0.016085
0 0 0.970334 0.014643 0.002730 0.000241 0.012053
0 0 0.926862 0.032771 0.008887 0.001558 0.029922
0 0 0.966595 0.016304 0.003192 0.000308 0.013602
0 0 0.966374 0.015944 0.002910 0.000226 0.014547
0 0 0.955776 0.020983 0.004614 0.000550 0.018078
0 0 0.967714 0.015809 0.003052 0.000287 0.013138
0 0 0.958446 0.019844 0.004252 0.000484 0.016975
0 0 0.953806 0.021817 0.004884 0.000602 0.018891
0 0 0.950391 0.023251 0.005362 0.000698 0.020298
0 0 0.950627 0.023152 0.005328 0.000691 0.020201
0 0 0.960302 0.019046 0.004005 0.000440 0.016207
0 0 0.956242 0.020785 0.004550 0.000538 0.017885
0 0 0.960089 0.019138 0.004033 0.000445 0.016295
0 0 0.938532 0.028123 0.007091 0.001088 0.025166
0 0 0.947884 0.024294 0.005718 0.000773 0.021330
0 0 0.936606 0.028900 0.007381 0.001159 0.025954
0 0 0.954247 0.021631 0.004823 0.000590 0.018709
0 0 0.974587 0.012724 0.002226 0.000174 0.010289
0 0 0.965192 0.016920 0.003369 0.000335 0.014183
0 0 0.928383 0.031604 0.008055 0.001178 0.030779
0 0 0.954829 0.021384 0.004743 0.000575 0.018469
0 0 0.962726 0.017997 0.003687 0.000386 0.015204
0 0 0.962569 0.018065 0.003707 0.000390 0.015269
0 0 0.963702 0.017572 0.003560 0.000366 0.014800
0 0 0.957981 0.020043 0.004314 0.000495 0.017167
0 0 0.934929 0.029573 0.007636 0.001223 0.026638
0 0 0.963276 0.017757 0.003615 0.000374 0.014977
0 0 0.968884 0.015290 0.002907 0.000266 0.012653
0 0 0.974006 0.012988 0.002293 0.000183 0.010530
0 0 0.967333 0.015978 0.003099 0.000294 0.013296
0 0 0.958815 0.019685 0.004202 0.000475 0.016822
0 0 0.958709 0.019731 0.004217 0.000477 0.016866
0 0 0.949264 0.023595 0.005409 0.000683 0.021049
0 0 0.918671 0.035954 0.010196 0.001940 0.033238
0 0 0.969663 0.014943 0.002812 0.000252 0.012330
0 0 0.949212 0.023743 0.005529 0.000733 0.020784
0 0 0.947142 0.024602 0.005825 0.000796 0.021635
0 0 0.930742 0.031241 0.008280 0.001392 0.028345
0 0 0.968803 0.015326 0.002917 0.000267 0.012687
0 0 0.962853 0.017941 0.003670 0.000383 0.015152
0 0 0.942493 0.026513 0.006502 0.000948 0.023544
0 0 0.969049 0.015216 0.002887 0.000263 0.012585
0 0 0.951947 0.022599 0.005143 0.000653 0.019657
0 0 0.945016 0.025479 0.006133 0.000864 0.022508
0 0 0.960714 0.018868 0.003950 0.000431 0.016037
0 0 0.961083 0.018709 0.003902 0.000422 0.015884
0 0 0.904247 0.060825 0.013365 0.000538 0.021024
0 0 0.919352 0.044572 0.010740 0.000861 0.024475
0 4 0.854714 0.091612 0.022205 0.000870 0.030599
0 4 0.457550 0.301785 0.084706 0.001418 0.154541
0 4 0.556308 0.238174 0.071259 0.002162 0.132097
0 4 0.482793 0.326517 0.073304 0.000500 0.116886
1 4 0.029724 0.487360 0.226014 0.001749 0.255153
1 4 0.025955 0.511618 0.242831 0.001691 0.217905
1 4 0.057331 0.452739 0.223447 0.003981 0.262502
1 4 0.045091 0.479946 0.204323 0.001667 0.268975
1 4 0.025838 0.491731 0.259617 0.002759 0.220056
1 4 0.026360 0.498351 0.252579 0.002323 0.220388
1 4 0.021177 0.488875 0.262023 0.002531 0.225394
1 4 0.024329 0.524346 0.257442 0.001829 0.192053
1 4 0.022571 0.551114 0.253945 0.001256 0.171115
1 4 0.038514 0.497876 0.240532 0.002528 0.220550
1 4 0.026103 0.507278 0.271622 0.002889 0.192109
4 4 0.036923 0.369603 0.199846 0.004603 0.389024
1 4 0.032986 0.520538 0.258058 0.002429 0.185989
1 4 0.059978 0.504431 0.184054 0.001015 0.250522
1 4 0.030998 0.500179 0.259112 0.002891 0.206820
1 4 0.051681 0.543773 0.198779 0.000872 0.204895
1 4 0.068970 0.546061 0.181509 0.000709 0.202752
1 4 0.090882 0.446872 0.213749 0.004921 0.243576
1 4 0.053236 0.561186 0.226739 0.001345 0.157493
1 1 0.063478 0.550435 0.198110 0.000941 0.187036
1 4 0.165603 0.530312 0.222922 0.003504 0.077660
1 4 0.043987 0.438280 0.207037 0.002712 0.307984
1 4 0.059504 0.475798 0.183248 0.001324 0.280126
1 4 0.094164 0.561304 0.186932 0.000873 0.156728
1 4 0.115587 0.537974 0.179087 0.001040 0.166313
1 4 0.041352 0.504868 0.212621 0.001445 0.239714
1 4 0.060218 0.549691 0.224984 0.001589 0.163518
1 1 0.050608 0.544438 0.214541 0.001194 0.189219
1 1 0.021130 0.572291 0.317083 0.002436 0.087059
1 1 0.029389 0.605135 0.317361 0.002173 0.045943
1 1 0.032468 0.601648 0.324969 0.002602 0.038314
1 1 0.040068 0.620182 0.304585 0.001932 0.033233
1 1 0.072333 0.610640 0.267127 0.001962 0.047939
1 0 0.063898 0.588669 0.311425 0.003939 0.032069
1 1 0.086510 0.608752 0.275100 0.002354 0.027284
1 0 0.068184 0.651398 0.245091 0.000874 0.034452
1 1 0.313427 0.435222 0.189568 0.006459 0.055324
1 1 0.213280 0.537891 0.181793 0.001519 0.065517
1 1 0.057964 0.604292 0.301425 0.002800 0.033518
1 1 0.044839 0.582239 0.333472 0.004347 0.035103
1 1 0.050890 0.593090 0.314689 0.003435 0.037896
1 1 0.044934 0.541177 0.369704 0.009781 0.034404
1 2 0.030048 0.541305 0.394443 0.008956 0.025247
1 2 0.044583 0.589272 0.337421 0.004031 0.024694
1 2 0.062747 0.397086 0.379354 0.072550 0.088263
1 4 0.023599 0.468157 0.445560 0.027059 0.035625
1 4 0.092669 0.562474 0.304924 0.006016 0.033917
1 4 0.143199 0.454958 0.303610 0.025911 0.072322
1 2 0.046293 0.567420 0.354020 0.006238 0.026029
1 4 0.029766 0.458466 0.439918 0.031195 0.040655
1 4 0.042195 0.563060 0.362341 0.006662 0.025742
1 4 0.093666 0.553495 0.309355 0.007084 0.036400
1 0 0.035480 0.555496 0.376755 0.007336 0.024933
0 1 0.628078 0.218282 0.081545 0.005792 0.066303
1 1 0.031831 0.603964 0.334162 0.002676 0.027367
1 2 0.035768 0.519129 0.398940 0.013835 0.032329
1 2 0.042060 0.526588 0.385360 0.012658 0.033334
1 2 0.036069 0.556797 0.372340 0.007111 0.027684
2 2 0.024502 0.222173 0.566493 0.147216 0.039615
1 2 0.023575 0.475953 0.442471 0.024033 0.033967
2 2 0.014543 0.138024 0.615354 0.206473 0.025607
2 2 0.019035 0.252399 0.597737 0.098912 0.031917
3 2 0.007983 0.016844 0.226340 0.735181 0.013652
2 2 0.023572 0.299796 0.555249 0.083411 0.037973
1 2 0.059507 0.498128 0.375323 0.020471 0.046570
2 2 0.027374 0.335233 0.520913 0.073667 0.042813
2 2 0.018207 0.268404 0.597579 0.085150 0.030660
2 2 0.018895 0.287708 0.585370 0.076486 0.031540
2 2 0.008543 0.030810 0.475351 0.469158 0.016139
3 2 0.009873 0.035440 0.364441 0.572890 0.017355
3 2 0.008514 0.027892 0.364868 0.583346 0.015381
2 3 0.017375 0.158229 0.599736 0.194925 0.029735
3 3 0.003803 0.004345 0.101974 0.883351 0.006526
3 3 0.011512 0.025438 0.259527 0.684481 0.019041
3 3 0.005027 0.007430 0.142821 0.836066 0.008656
3 3 0.004315 0.005015 0.108085 0.875254 0.007331
3 3 0.003303 0.003951 0.101758 0.885211 0.005776
3 3 0.002039 0.002447 0.086793 0.904987 0.003733
3 3 0.001331 0.001651 0.077531 0.916941 0.002546
3 3 0.002935 0.003422 0.095420 0.893049 0.005174
3 3 0.004931 0.005520 0.108880 0.872433 0.008236
3 3 0.001699 0.002067 0.082715 0.910351 0.003169
3 3 0.002319 0.002755 0.089765 0.900972 0.004190
3 3 0.001468 0.001807 0.079574 0.914372 0.002780
3 3 0.001005 0.001274 0.071917 0.923827 0.001978
3 3 0.001245 0.001552 0.076157 0.918650 0.002397
3 3 0.001235 0.001541 0.076001 0.918843 0.002381
3 3 0.000911 0.001163 0.070040 0.926075 0.001811
3 3 0.002715 0.003185 0.093515 0.895760 0.004825
3 3 0.000992 0.001259 0.071673 0.924120 0.001956
3 3 0.001820 0.002203 0.084236 0.908369 0.003371
3 3 0.001732 0.002105 0.083140 0.909799 0.003225
3 3 0.001299 0.001614 0.077033 0.917562 0.002491
3 3 0.000929 0.001184 0.070415 0.925628 0.001844
3 3 0.001839 0.002224 0.084463 0.908072 0.003402
3 3 0.001862 0.002250 0.084739 0.907709 0.003441
3 3 0.001884 0.002274 0.085005 0.907359 0.003477
3 3 0.001696 0.002064 0.082683 0.910392 0.003165
3 3 0.001405 0.001735 0.078655 0.915532 0.002673
3 3 0.000929 0.001184 0.070410 0.925634 0.001843
3 3 0.001609 0.001966 0.081535 0.911872 0.003018
3 3 0.001495 0.001838 0.079968 0.913872 0.002826
3 3 0.000363 0.000498 0.054553 0.943794 0.000793
3 3 0.001845 0.002231 0.084541 0.907969 0.003413
3 3 0.001039 0.001313 0.072561 0.923049 0.002038
3 3 0.002018 0.002423 0.086556 0.905303 0.003699
3 3 0.000978 0.001242 0.071393 0.924456 0.001931
3 3 0.001314 0.001632 0.077273 0.917263 0.002518
3 3 0.002061 0.002471 0.087033 0.904667 0.003769
3 3 0.001580 0.001934 0.081148 0.912368 0.002970
3 3 0.001214 0.001516 0.075647 0.919280 0.002344
3 3 0.001275 0.001587 0.076653 0.918035 0.002450
3 3 0.000715 0.000930 0.065615 0.931282 0.001458
3 3 0.001243 0.001550 0.076140 0.918671 0.002395
3 3 0.001662 0.002026 0.082244 0.910960 0.003108
3 3 0.000822 0.001058 0.068127 0.928342 0.001651
3 3 0.000850 0.001091 0.068751 0.927605 0.001702
3 3 0.002136 0.002553 0.087851 0.903569 0.003891
3 3 0.000947 0.001206 0.070788 0.925182 0.001876
3 3 0.001378 0.001704 0.078246 0.916047 0.002626
3 3 0.002762 0.003236 0.093936 0.895165 0.004900
3 3 0.001219 0.001522 0.075737 0.919168 0.002353
3 3 0.001987 0.002388 0.086200 0.905778 0.003647
3 3 0.002168 0.002588 0.088193 0.903108 0.003943
3 3 0.001951 0.002349 0.085791 0.906321 0.003588
3 3 0.001856 0.002243 0.084671 0.907799 0.003431
3 3 0.001349 0.001671 0.077808 0.916595 0.002577
3 3 0.001580 0.001934 0.081149 0.912367 0.002970
3 3 0.000893 0.001142 0.069670 0.926515 0.001779
3 3 0.001315 0.001632 0.077280 0.917254 0.002518
3 3 0.001246 0.001553 0.076176 0.918626 0.002399
3 3 0.001391 0.001719 0.078444 0.915798 0.002648
3 3 0.000520 0.000693 0.060169 0.937524 0.001094
3 3 0.001218 0.001520 0.075712 0.919199 0.002351
3 3 0.000864 0.001108 0.069055 0.927245 0.001728
3 3 0.000747 0.000969 0.066406 0.930361 0.001517
3 3 0.001310 0.001627 0.077207 0.917345 0.002510
3 3 0.001473 0.001812 0.079649 0.914278 0.002788
3 3 0.001261 0.001570 0.076420 0.918324 0.002425
3 3 0.000611 0.000805 0.062876 0.934443 0.001266
3 3 0.002009 0.002413 0.086449 0.905446 0.003683
3 3 0.001992 0.002395 0.086264 0.905693 0.003656
3 3 0.001576 0.001929 0.081091 0.912441 0.002963
3 3 0.001709 0.002079 0.082846 0.910180 0.003186
3 3 0.001267 0.001578 0.076524 0.918195 0.002436
3 2 0.007980 0.014392 0.197214 0.766993 0.013422
1 2 0.065495 0.516423 0.359942 0.015192 0.042948
1 2 0.067921 0.555975 0.335470 0.007633 0.033001
1 2 0.027472 0.504327 0.421023 0.016244 0.030933
2 2 0.026378 0.303080 0.540246 0.088558 0.041738
1 2 0.041737 0.499184 0.399654 0.019716 0.039708
1 2 0.018284 0.501738 0.441024 0.014200 0.024753
1 2 0.028480 0.535246 0.400932 0.009766 0.025575
1 2 0.029766 0.519182 0.408683 0.013072 0.029298
1 2 0.018662 0.488927 0.447406 0.017719 0.027286
1 2 0.027979 0.506156 0.419116 0.015871 0.030878
1 2 0.034895 0.522431 0.398453 0.013006 0.031216
1 0 0.055516 0.514006 0.373521 0.015970 0.040986
1 1 0.115142 0.573369 0.275892 0.004075 0.031522
1 0 0.076048 0.605536 0.292687 0.002796 0.022933
1 0 0.242682 0.487911 0.216564 0.005555 0.047289
1 0 0.256413 0.489141 0.205808 0.004477 0.044161
0 0 0.420784 0.335841 0.155806 0.011677 0.075892
1 1 0.351042 0.431563 0.166880 0.003950 0.046565
1 1 0.091080 0.581490 0.294194 0.004183 0.029052
1 2 0.042379 0.589512 0.342121 0.004022 0.021966
1 2 0.020695 0.470350 0.451459 0.024874 0.032623
1 2 0.030613 0.559952 0.380731 0.006442 0.022262
2 2 0.025084 0.371423 0.509384 0.054652 0.039456
1 2 0.033256 0.473829 0.423898 0.027627 0.041390
1 2 0.017553 0.491171 0.448799 0.016579 0.025899
1 2 0.055296 0.550568 0.353719 0.008577 0.031839
1 2 0.024363 0.519996 0.417719 0.011928 0.025993
2 2 0.021613 0.201939 0.583120 0.157629 0.035699
1 2 0.044733 0.569155 0.354818 0.006011 0.025284
1 2 0.037059 0.592004 0.347935 0.003728 0.019274
1 2 0.033201 0.481274 0.421238 0.024719 0.039569
1 2 0.031898 0.587065 0.358629 0.003917 0.018492
1 2 0.018656 0.483245 0.450379 0.019417 0.028302
1 2 0.037265 0.477319 0.415584 0.026911 0.042921
1 2 0.096753 0.605444 0.271579 0.002423 0.023802
1 2 0.058014 0.607163 0.311101 0.002886 0.020836
1 2 0.054541 0.594153 0.324877 0.003768 0.022661
1 2 0.068548 0.608976 0.298108 0.002696 0.021672
1 1 0.092708 0.617331 0.266730 0.001927 0.021304
1 1 0.195565 0.599064 0.185480 0.000740 0.019151
1 2 0.107479 0.608473 0.258815 0.002053 0.023180
1 2 0.177828 0.588112 0.209022 0.001352 0.023687
1 2 0.239991 0.561387 0.175007 0.000932 0.022682
1 2 0.214917 0.573751 0.187311 0.001058 0.022964
1 2 0.111859 0.631966 0.232521 0.001081 0.022574
1 2 0.161300 0.602788 0.213006 0.001196 0.021710
1 2 0.139372 0.616448 0.222727 0.001162 0.020291
1 2 0.220938 0.589140 0.168967 0.000581 0.020375
1 2 0.137006 0.614862 0.226116 0.001249 0.020767
1 0 0.184860 0.596170 0.197005 0.000973 0.020992
1 1 0.362030 0.449498 0.150873 0.001998 0.035601
1 1 0.139184 0.591508 0.237736 0.002043 0.029529
1 1 0.107032 0.610211 0.257961 0.001983 0.022813
1 1 0.126828 0.599066 0.247233 0.002069 0.024803
1 1 0.160479 0.608466 0.207947 0.001024 0.022084
1 1 0.077490 0.609626 0.288114 0.002543 0.022227
1 1 0.064724 0.587884 0.317815 0.004198 0.025379
1 2 0.090058 0.601652 0.281067 0.002773 0.024449
1 2 0.083468 0.596405 0.291607 0.003240 0.025280
1 2 0.123888 0.592087 0.254947 0.002503 0.026575
1 2 0.158718 0.598280 0.218628 0.001393 0.022980
1 2 0.104852 0.602664 0.265627 0.002397 0.024459
1 2 0.092035 0.552874 0.311387 0.007239 0.036466
1 2 0.087206 0.609849 0.277922 0.002374 0.022650
1 2 0.076091 0.614188 0.286128 0.002325 0.021269
1 2 0.124841 0.615966 0.236636 0.001422 0.021134
1 2 0.052588 0.554336 0.354723 0.008010 0.030344
1 2 0.151711 0.587774 0.232420 0.001983 0.026112
1 2 0.086761 0.619395 0.271147 0.001930 0.020767
1 2 0.236471 0.523153 0.202567 0.002731 0.035079
1 2 0.083178 0.625688 0.269925 0.001722 0.019487
1 2 0.104154 0.613269 0.258482 0.001903 0.022191
1 2 0.182302 0.593772 0.201009 0.001084 0.021833
1 2 0.167172 0.600831 0.209201 0.001149 0.021647
1 2 0.193924 0.590089 0.193560 0.000982 0.021445
1 2 0.258838 0.565600 0.154963 0.000533 0.020066
1 2 0.162641 0.596009 0.216767 0.001393 0.023190
1 2 0.129902 0.613838 0.233494 0.001406 0.021361
1 2 0.177787 0.608241 0.194209 0.000789 0.018973
1 2 0.221607 0.580998 0.176412 0.000757 0.020227
1 2 0.123869 0.591038 0.255698 0.002563 0.026831
1 2 0.118045 0.562829 0.279836 0.004920 0.034370
1 2 0.142092 0.609033 0.225800 0.001347 0.021728
1 2 0.225063 0.567391 0.183245 0.001047 0.023254
1 2 0.263308 0.558146 0.156108 0.000605 0.021833
1 2 0.204156 0.587253 0.186783 0.000883 0.020924
1 2 0.235940 0.566049 0.175093 0.000882 0.022036
1 0 0.243397 0.569327 0.162779 0.000639 0.023858
0 1 0.521358 0.335076 0.103601 0.001863 0.038101
1 1 0.317534 0.470452 0.129324 0.000844 0.081846
1 1 0.121505 0.586398 0.251914 0.002612 0.037571
1 0 0.133510 0.606360 0.229176 0.001487 0.029466
1 0 0.393491 0.442664 0.132730 0.001227 0.029887
0 0 0.897370 0.043961 0.013762 0.003140 0.041768
0 0 0.604833 0.268996 0.082342 0.002044 0.041785
0 0 0.533878 0.326031 0.090669 0.001221 0.048201
0 0 0.770235 0.146336 0.042405 0.001909 0.039115
0 0 0.523581 0.328395 0.100862 0.001877 0.045286
0 1 0.441923 0.380118 0.111169 0.001404 0.065386
1 1 0.261858 0.496932 0.188866 0.002913 0.049431
1 1 0.102037 0.604388 0.253353 0.002033 0.038189
1 1 0.138179 0.610707 0.224374 0.001303 0.025436
1 1 0.226088 0.562634 0.182818 0.001116 0.027344
1 1 0.221747 0.585589 0.156339 0.000469 0.035856
1 1 0.193735 0.592337 0.177406 0.000714 0.035808
1 1 0.240136 0.560804 0.173093 0.000909 0.025059
1 1 0.187424 0.602401 0.188186 0.000761 0.021229
1 1 0.197523 0.598476 0.181421 0.000695 0.021885
1 0 0.354200 0.449785 0.156129 0.002317 0.037569
1 1 0.291723 0.492307 0.178021 0.002366 0.035582
1 1 0.152219 0.582838 0.220598 0.001790 0.042556
1 1 0.163962 0.585110 0.198873 0.001199 0.050856
1 1 0.223406 0.562559 0.174207 0.000950 0.038878
1 1 0.114504 0.630794 0.230366 0.001070 0.023265
1 1 0.170616 0.596471 0.207125 0.001183 0.024605
1 1 0.183707 0.590016 0.197511 0.001086 0.027680
1 1 0.202153 0.604708 0.164594 0.000453 0.028092
1 0 0.226689 0.568674 0.177526 0.000922 0.026188
0 0 0.829162 0.098303 0.029286 0.002327 0.040922
0 0 0.923017 0.034272 0.009497 0.001732 0.031481
0 0 0.906146 0.046560 0.012880 0.001704 0.032710
0 0 0.695436 0.212130 0.056434 0.001157 0.034844
0 0 0.655611 0.245099 0.065929 0.001142 0.032219
0 0 0.506761 0.349552 0.101370 0.001374 0.040942
1 0 0.402438 0.434267 0.125543 0.001100 0.036653
1 0 0.373789 0.460934 0.126332 0.000816 0.038128
1 0 0.354484 0.452893 0.154323 0.002113 0.036187
0 0 0.656664 0.216412 0.072758 0.003501 0.050665
1 4 0.256158 0.505780 0.162443 0.001427 0.074192
1 4 0.266036 0.427290 0.155765 0.003027 0.147882
1 4 0.143503 0.502941 0.181226 0.001793 0.170537
1 4 0.126359 0.525171 0.208952 0.002448 0.137070
0 4 0.503933 0.243378 0.079518 0.003150 0.170021
1 4 0.352391 0.411935 0.123594 0.001460 0.110620
1 4 0.297271 0.384296 0.168456 0.007692 0.142284
1 4 0.126962 0.486369 0.200370 0.003057 0.183243
1 4 0.124091 0.433564 0.190768 0.004317 0.247260
1 4 0.090556 0.495718 0.205956 0.002476 0.205295
1 4 0.121322 0.469586 0.187484 0.002643 0.218965
1 4 0.129633 0.543926 0.236233 0.003418 0.086790
1 4 0.068922 0.487602 0.232682 0.003770 0.207023
1 4 0.082858 0.548343 0.216835 0.001724 0.150240
0 4 0.392076 0.267855 0.088136 0.002867 0.249066
1 4 0.085447 0.501815 0.224889 0.003280 0.184569
1 4 0.105097 0.423530 0.184728 0.003725 0.282920
4 4 0.186600 0.310928 0.114462 0.002881 0.385129
1 4 0.142285 0.430053 0.160200 0.002268 0.265195
1 4 0.082105 0.470215 0.182954 0.001776 0.262950
1 4 0.110071 0.385205 0.182384 0.005775 0.316566
1 4 0.247400 0.494512 0.162934 0.001634 0.093519
0 4 0.538983 0.248849 0.110155 0.011894 0.090118
1 4 0.306783 0.358149 0.118666 0.002354 0.214047
1 4 0.080582 0.524913 0.205770 0.001692 0.187043
1 4 0.157215 0.441553 0.163003 0.002303 0.235926
1 4 0.132377 0.508611 0.203449 0.002662 0.152901
0 4 0.537763 0.289099 0.088595 0.002138 0.082404
1 4 0.315581 0.368285 0.126458 0.002763 0.186912
1 4 0.199622 0.462036 0.131984 0.000832 0.205526
0 4 0.398298 0.378942 0.103259 0.001048 0.118452
1 4 0.272578 0.433035 0.143409 0.001986 0.148992
1 4 0.242631 0.438681 0.146715 0.001942 0.170031
1 0 0.271189 0.458728 0.133542 0.001070 0.135471
1 0 0.277791 0.495622 0.186545 0.002762 0.037280
1 0 0.291576 0.488478 0.180248 0.002618 0.037079
1 4 0.330279 0.458450 0.168287 0.002871 0.040113
0 4 0.565874 0.259658 0.093588 0.004638 0.076242
1 1 0.284924 0.419037 0.125314 0.001319 0.169405
1 4 0.321578 0.477507 0.132990 0.000871 0.067054
1 4 0.210279 0.430218 0.156167 0.002609 0.200726
1 4 0.180126 0.481451 0.147607 0.001045 0.189772
1 0 0.140368 0.523294 0.166002 0.000978 0.169358
0 0 0.462265 0.377348 0.111582 0.001437 0.047368
1 4 0.381741 0.450620 0.127807 0.000976 0.038856
1 4 0.170998 0.484837 0.172190 0.001931 0.170044
1 1 0.129417 0.509243 0.161261 0.000938 0.199141
1 4 0.377578 0.408567 0.104554 0.000739 0.108563
0 4 0.394018 0.388078 0.140135 0.003470 0.074299
1 1 0.295943 0.440366 0.119043 0.000826 0.143823
1 1 0.329658 0.476416 0.139965 0.001084 0.052877
1 1 0.128525 0.568239 0.234396 0.002537 0.066303
1 1 0.109641 0.582186 0.238033 0.002153 0.067986
1 0 0.227070 0.542863 0.170165 0.001105 0.058797
0 0 0.435612 0.363014 0.141576 0.005053 0.054746
0 0 0.707075 0.204623 0.054581 0.001171 0.032550
0 1 0.644148 0.263717 0.062666 0.000622 0.028847
1 1 0.355912 0.452213 0.125079 0.000912 0.065883
1 1 0.204274 0.538116 0.169905 0.001133 0.086572
1 0 0.328196 0.482409 0.134110 0.000842 0.054443
1 0 0.352132 0.465520 0.133370 0.000999 0.047979
0 1 0.663618 0.239169 0.064025 0.001127 0.032062
1 1 0.365170 0.457803 0.133660 0.001094 0.042272
0 0 0.438419 0.414610 0.114566 0.000928 0.031476
0 0 0.891078 0.053369 0.015677 0.002278 0.037599
0 0 0.917636 0.036352 0.010364 0.001992 0.033656
0 0 0.949968 0.023427 0.005422 0.000710 0.020472
0 0 0.962703 0.018007 0.003690 0.000387 0.015214
0 0 0.965844 0.016634 0.003287 0.000322 0.013913
0 0 0.941652 0.026857 0.006626 0.000976 0.023889
0 0 0.937940 0.028362 0.007180 0.001109 0.025408
0 0 0.969043 0.015219 0.002888 0.000263 0.012588
0 0 0.943093 0.026268 0.006414 0.000927 0.023298
0 0 0.860724 0.064724 0.021460 0.004078 0.049015
0 0 0.777839 0.141714 0.040530 0.001802 0.038115
0 0 0.946363 0.024924 0.005937 0.000820 0.021955
0 0 0.716348 0.189678 0.054408 0.001705 0.037860
0 0 0.689003 0.216344 0.059265 0.001308 0.034079
0 0 0.838866 0.092935 0.027084 0.002102 0.039013
0 0 0.686488 0.200236 0.063982 0.002822 0.046472
0 0 0.731977 0.187281 0.048611 0.001052 0.031078
0 0 0.841374 0.082581 0.026347 0.003313 0.046385
0 0 0.935799 0.029224 0.007504 0.001190 0.026283
0 0 0.910165 0.044515 0.012141 0.001591 0.031588
0 0 0.813830 0.118898 0.032074 0.001395 0.033803
0 0 0.861239 0.078333 0.022195 0.001862 0.036371
0 0 0.827671 0.093787 0.029610 0.003106 0.045827
0 0 0.900116 0.041812 0.011876 0.002033 0.044163
0 0 0.745074 0.166378 0.048038 0.001823 0.038687
0 0 0.695892 0.206590 0.058868 0.001608 0.037042
0 1 0.439648 0.416323 0.102303 0.000571 0.041155
1 1 0.150791 0.601390 0.206826 0.001127 0.039865
1 1 0.115147 0.638171 0.197554 0.000581 0.048547
1 1 0.221598 0.579665 0.159033 0.000540 0.039163
1 1 0.111665 0.627962 0.222679 0.001002 0.036692
1 1 0.126752 0.644106 0.197932 0.000553 0.030657
1 1 0.161992 0.595704 0.205052 0.001176 0.036076
1 1 0.101103 0.634552 0.220538 0.000870 0.042937
1 0 0.097964 0.641108 0.226139 0.000867 0.033922
1 0 0.324515 0.444049 0.178968 0.004514 0.047954
0 1 0.547934 0.311492 0.090872 0.001554 0.048147
1 1 0.113161 0.628676 0.205510 0.000746 0.051908
1 1 0.034177 0.616373 0.291504 0.001586 0.056360
1 1 0.043258 0.619961 0.298149 0.001903 0.036729
1 1 0.108627 0.611325 0.235400 0.001481 0.043167
1 1 0.045257 0.624628 0.290024 0.001693 0.038398
1 1 0.045522 0.610566 0.307092 0.002407 0.034413
1 1 0.060295 0.542876 0.352234 0.009796 0.034798
1 1 0.163403 0.600172 0.211141 0.001208 0.024075
1 1 0.062296 0.639471 0.271647 0.001337 0.025249
1 2 0.036611 0.627182 0.309889 0.001740 0.024578
1 2 0.054211 0.580955 0.330918 0.004760 0.029156
1 2 0.101337 0.615836 0.256605 0.001799 0.024422
1 2 0.137951 0.599151 0.233027 0.001727 0.028144
1 2 0.126167 0.622175 0.214717 0.000972 0.035969
1 2 0.077631 0.633290 0.259417 0.001381 0.028281
1 0 0.092191 0.634480 0.241058 0.001143 0.031128
0 1 0.476304 0.325537 0.130581 0.006324 0.061255
1 1 0.167312 0.542426 0.174352 0.001108 0.114802
1 1 0.137380 0.552170 0.208496 0.001932 0.100021
1 2 0.030253 0.573128 0.337825 0.003949 0.054844
1 2 0.040469 0.530247 0.362741 0.009986 0.056557
2 2 0.017538 0.449126 0.465159 0.014004 0.054173
2 2 0.018079 0.426818 0.492470 0.016982 0.045652
1 2 0.027330 0.547205 0.352028 0.005681 0.067756
1 2 0.035411 0.582407 0.321217 0.003332 0.057632
2 2 0.027068 0.247262 0.597034 0.084673 0.043962
1 2 0.030949 0.559291 0.344552 0.005023 0.060185
1 2 0.035289 0.485282 0.426762 0.014618 0.038049
1 2 0.023924 0.539184 0.384858 0.007580 0.044454
1 2 0.056796 0.591067 0.312833 0.003665 0.035638
1 2 0.035539 0.559232 0.356677 0.006147 0.042404
1 2 0.028041 0.490617 0.428653 0.019250 0.033440
1 2 0.025250 0.502066 0.426424 0.016326 0.029933
2 2 0.017792 0.402855 0.528584 0.018534 0.032236
1 2 0.089690 0.624544 0.234107 0.001156 0.050503
1 2 0.070722 0.625102 0.275558 0.001779 0.026839
1 2 0.037359 0.537094 0.386004 0.010311 0.029232
1 2 0.044599 0.570307 0.344287 0.005523 0.035283
1 2 0.031319 0.508835 0.411798 0.015777 0.032271
1 2 0.054560 0.568861 0.342791 0.006139 0.027648
1 2 0.129271 0.590377 0.251111 0.002452 0.026789
1 2 0.055601 0.598241 0.320604 0.003470 0.022084
1 1 0.156906 0.518799 0.269422 0.008045 0.046827
1 2 0.074599 0.612176 0.283517 0.002341 0.027367
1 2 0.029665 0.500711 0.418904 0.017683 0.033036
1 2 0.018301 0.508531 0.436536 0.012659 0.023974
1 2 0.038145 0.585022 0.351849 0.004304 0.020679
2 2 0.018853 0.225939 0.665022 0.057414 0.032772
2 2 0.021193 0.232637 0.687865 0.025575 0.032730
1 1 0.045087 0.450747 0.439654 0.021432 0.043079
1 2 0.071444 0.581069 0.315157 0.004694 0.027636
1 2 0.028901 0.522796 0.408012 0.012170 0.028121
1 2 0.023176 0.528246 0.414632 0.010120 0.023826
1 2 0.028135 0.507750 0.417972 0.015493 0.030650
1 2 0.041323 0.522104 0.388908 0.013600 0.034065
1 2 0.029935 0.525735 0.404505 0.011722 0.028103
2 2 0.028700 0.435118 0.452319 0.040334 0.043528
1 2 0.023371 0.485390 0.438678 0.020686 0.031875
1 2 0.022216 0.466887 0.449236 0.026965 0.034696
1 2 0.024404 0.489987 0.434306 0.019566 0.031737
1 2 0.028907 0.517310 0.411240 0.013350 0.029193
2 2 0.030688 0.422536 0.491619 0.019456 0.035701
2 2 0.026161 0.409926 0.479270 0.044135 0.040509
1 2 0.021522 0.468462 0.450256 0.026008 0.033753
2 2 0.032884 0.382968 0.472847 0.061831 0.049471
1 2 0.037892 0.513664 0.398571 0.015352 0.034520
2 2 0.021941 0.439779 0.471940 0.031741 0.034599
1 1 0.041651 0.481971 0.406717 0.025613 0.044048
1 1 0.044253 0.587382 0.336044 0.004098 0.028223
1 0 0.028752 0.523427 0.407886 0.012017 0.027919
1 1 0.230710 0.415698 0.247837 0.023236 0.082519
1 1 0.104524 0.607674 0.262183 0.002149 0.023470
1 2 0.043519 0.595866 0.334863 0.003550 0.022203
2 2 0.025353 0.358358 0.542929 0.032588 0.040771
2 2 0.031351 0.435231 0.473222 0.022376 0.037820
2 2 0.023248 0.333112 0.575160 0.030927 0.037553
2 2 0.021968 0.328243 0.585080 0.028122 0.036587
2 2 0.028163 0.432263 0.456204 0.040498 0.042871
2 2 0.013934 0.105462 0.801660 0.052055 0.026889
2 2 0.030260 0.280816 0.529208 0.112711 0.047005
2 2 0.035500 0.356286 0.480765 0.074301 0.053148
2 2 0.026329 0.177862 0.626847 0.125316 0.043645
2 2 0.027207 0.248636 0.576281 0.104177 0.043700
1 2 0.026869 0.456523 0.442199 0.033493 0.040916
2 2 0.020906 0.129155 0.536413 0.278975 0.034551
1 2 0.026093 0.458232 0.443395 0.032391 0.039890
2 2 0.026114 0.374726 0.503196 0.055169 0.040795
2 2 0.029608 0.342931 0.507658 0.074130 0.045673
2 2 0.027794 0.235511 0.547572 0.145140 0.043984
2 2 0.026419 0.146240 0.512920 0.272366 0.042054
2 2 0.022928 0.417819 0.485272 0.037844 0.036137
2 2 0.047893 0.394186 0.440529 0.059539 0.057853
1 2 0.029874 0.492849 0.422335 0.020078 0.034863
2 2 0.017183 0.108131 0.577500 0.267548 0.029638
2 2 0.033572 0.430131 0.439956 0.046584 0.049757
1 2 0.026882 0.464605 0.440036 0.029592 0.038885
1 1 0.050616 0.532979 0.370047 0.011623 0.034734
1 1 0.072746 0.561694 0.326502 0.006762 0.032295
1 2 0.024820 0.492547 0.432201 0.018908 0.031524
2 2 0.031250 0.399388 0.472283 0.050319 0.046760
2 2 0.026300 0.449381 0.449577 0.034481 0.040261
2 2 0.023528 0.447567 0.460305 0.031958 0.036641
2 2 0.029490 0.279652 0.560147 0.084044 0.046667
2 2 0.017980 0.121220 0.622390 0.207159 0.031250
2 2 0.027983 0.448973 0.451692 0.032193 0.039158
2 2 0.029144 0.293693 0.530729 0.100973 0.045461
1 2 0.023758 0.471075 0.444068 0.025960 0.035139
2 2 0.027978 0.411182 0.471908 0.046065 0.042868
2 2 0.023177 0.151231 0.542977 0.244840 0.037775
1 2 0.026790 0.449844 0.447603 0.034871 0.040892
2 2 0.028023 0.180873 0.531018 0.215759 0.044327
2 2 0.025576 0.344774 0.523433 0.065873 0.040344
2 3 0.026103 0.227118 0.557035 0.147986 0.041759
2 2 0.023478 0.129335 0.514185 0.294983 0.038019
1 2 0.044785 0.530255 0.379447 0.012019 0.033493
1 2 0.039298 0.507771 0.399386 0.017022 0.036524
2 2 0.024717 0.384586 0.502572 0.049413 0.038712
1 2 0.026520 0.473951 0.436991 0.025833 0.036705
1 2 0.028655 0.513420 0.413903 0.014201 0.029820
1 2 0.022492 0.466262 0.448828 0.027347 0.035070
2 2 0.024064 0.285501 0.558414 0.093287 0.038734
2 2 0.032475 0.388677 0.470828 0.059131 0.048888
2 2 0.028869 0.214352 0.539194 0.172130 0.045454
1 2 0.044954 0.461585 0.411016 0.032961 0.049484
2 2 0.019839 0.119070 0.596119 0.231132 0.033840
2 2 0.029892 0.241044 0.536201 0.146141 0.046722
2 2 0.025654 0.411882 0.479704 0.042938 0.039821
2 2 0.021619 0.338887 0.544315 0.060158 0.035021
2 2 0.017821 0.085103 0.529220 0.337458 0.030399
2 2 0.027087 0.322266 0.528564 0.079546 0.042538
2 2 0.024817 0.204303 0.561672 0.169133 0.040076
2 2 0.025507 0.196917 0.554933 0.181634 0.041009
2 2 0.034394 0.187359 0.497070 0.228659 0.052518
3 2 0.016308 0.048368 0.351954 0.556711 0.026660
3 2 0.017473 0.064776 0.412899 0.476038 0.028814
2 2 0.020916 0.132912 0.541433 0.270145 0.034593
2 2 0.019589 0.140846 0.563284 0.243472 0.032809
2 3 0.024759 0.184723 0.554986 0.195530 0.040001
2 2 0.022469 0.100125 0.469276 0.371845 0.036285
3 2 0.017106 0.057869 0.388240 0.508690 0.028095
2 2 0.020735 0.118879 0.522204 0.303957 0.034225
2 2 0.024906 0.161054 0.538538 0.235362 0.040140
2 2 0.020908 0.085590 0.446833 0.412741 0.033927
2 2 0.016919 0.077688 0.465533 0.411462 0.028397
2 2 0.033972 0.259177 0.515238 0.139711 0.051903
2 2 0.024800 0.121397 0.491042 0.323084 0.039677
3 2 0.016885 0.066038 0.424585 0.464427 0.028064
2 2 0.020717 0.133155 0.543576 0.268231 0.034321
2 2 0.019647 0.081182 0.446404 0.420614 0.032154
3 3 0.020970 0.080702 0.431919 0.432521 0.033889
2 2 0.029999 0.194185 0.525681 0.203210 0.046926
2 2 0.020570 0.116886 0.520377 0.308187 0.033980
3 2 0.018512 0.074364 0.436479 0.440173 0.030472
3 3 0.014776 0.047761 0.366945 0.545916 0.024601
3 0 0.019841 0.072431 0.416123 0.459427 0.032178
1 2 0.135890 0.455298 0.309601 0.027074 0.072137
1 2 0.044648 0.533289 0.377899 0.011409 0.032755
1 2 0.024816 0.520127 0.416810 0.011995 0.026252
2 2 0.019254 0.155489 0.666541 0.125181 0.033536
2 2 0.021553 0.232673 0.650361 0.058668 0.036745
2 2 0.032670 0.317425 0.506704 0.093353 0.049848
1 2 0.028682 0.498162 0.421970 0.018215 0.032970
2 2 0.028215 0.324590 0.577097 0.028923 0.041174
1 1 0.028133 0.486537 0.428493 0.021734 0.035104
1 2 0.050370 0.551287 0.359445 0.008441 0.030458
1 2 0.042959 0.524625 0.385164 0.013130 0.034123
1 2 0.036551 0.555409 0.375289 0.007409 0.025341
1 2 0.054904 0.599707 0.320307 0.003371 0.021711
1 2 0.026974 0.516291 0.415226 0.013237 0.028273
2 2 0.021786 0.228979 0.621508 0.091209 0.036517
2 2 0.030549 0.445633 0.463989 0.022482 0.037347
1 2 0.030380 0.498693 0.418624 0.018403 0.033900
2 2 0.025782 0.407159 0.500765 0.028042 0.038251
2 2 0.021811 0.260487 0.651364 0.028880 0.037459
2 2 0.021414 0.239704 0.656590 0.045571 0.036720
2 2 0.012541 0.183670 0.741521 0.038677 0.023592
2 2 0.026798 0.290673 0.542890 0.097258 0.042382
2 2 0.030109 0.345897 0.504101 0.073596 0.046297
2 2 0.026776 0.328368 0.541188 0.061215 0.042452
2 2 0.024056 0.127744 0.507076 0.302352 0.038771
2 2 0.025976 0.284259 0.596671 0.050602 0.042492
1 2 0.034860 0.452973 0.429600 0.036152 0.046414
1 2 0.033735 0.486284 0.418275 0.023004 0.038702
2 2 0.029761 0.439290 0.451756 0.036979 0.042214
3 2 0.017876 0.068554 0.422856 0.461250 0.029464
1 2 0.026862 0.467766 0.438581 0.028447 0.038344
2 2 0.032903 0.343549 0.494262 0.079378 0.049909
2 2 0.021377 0.223794 0.586751 0.132757 0.035321
2 2 0.032278 0.192155 0.511465 0.214251 0.049852
2 2 0.028639 0.234787 0.542854 0.148619 0.045102
2 2 0.031469 0.329292 0.506654 0.084380 0.048204
2 2 0.031278 0.271610 0.526368 0.122363 0.048381
2 2 0.028329 0.234116 0.544547 0.148311 0.044696
2 2 0.022619 0.149847 0.546138 0.244382 0.037013
2 2 0.024454 0.160198 0.541194 0.234623 0.039532
2 2 0.025146 0.169506 0.543277 0.221580 0.040491
2 2 0.019808 0.120031 0.533032 0.294158 0.032970
2 2 0.023485 0.165189 0.552482 0.220599 0.038245
2 2 0.019022 0.104257 0.511726 0.333275 0.031720
2 2 0.030863 0.161998 0.498935 0.260290 0.047914
2 2 0.025813 0.169808 0.538745 0.224254 0.041379
2 3 0.023630 0.105023 0.469911 0.363540 0.037896
2 2 0.022092 0.095439 0.461644 0.385126 0.035699
2 2 0.022283 0.102738 0.476780 0.362115 0.036085
2 2 0.022104 0.150496 0.551034 0.240051 0.036315
2 2 0.018304 0.080621 0.458924 0.411810 0.030341
2 2 0.022684 0.149039 0.570896 0.219898 0.037484
2 2 0.026181 0.181924 0.597065 0.151989 0.042842
2 2 0.027048 0.272173 0.547106 0.110846 0.042827
2 0 0.024098 0.189934 0.561894 0.184961 0.039112
1 0 0.260781 0.432604 0.224866 0.013135 0.068614
1 0 0.212906 0.527349 0.218864 0.003499 0.037382
1 1 0.262382 0.495913 0.174182 0.002143 0.065380
1 1 0.230572 0.519379 0.191013 0.002321 0.056715
1 1 0.118025 0.572862 0.236154 0.002391 0.070569
1 1 0.060084 0.584392 0.302393 0.003688 0.049443
1 1 0.043360 0.563633 0.355433 0.006441 0.031132
1 1 0.042335 0.531429 0.382209 0.011676 0.032351
1 2 0.027821 0.502248 0.421476 0.016878 0.031577
1 2 0.034231 0.559615 0.374676 0.006706 0.024772
1 0 0.037047 0.516620 0.398314 0.014549 0.033470
1 0 0.369888 0.402940 0.166305 0.005756 0.055111
1 1 0.310570 0.500482 0.152583 0.001131 0.035235
1 1 0.214233 0.531718 0.192375 0.002049 0.059626
1 1 0.090508 0.571690 0.276973 0.003895 0.056933
1 1 0.155588 0.534871 0.225063 0.003376 0.081101
1 1 0.027906 0.548551 0.364024 0.006353 0.053166
1 1 0.042562 0.598347 0.307921 0.002712 0.048457
1 1 0.058678 0.552680 0.342575 0.007905 0.038162
1 1 0.026178 0.549504 0.382356 0.006913 0.035049
1 2 0.033221 0.509614 0.408179 0.015855 0.033130
1 2 0.022955 0.482211 0.441058 0.021590 0.032185
2 2 0.018205 0.211850 0.738711 0.008910 0.022323
1 2 0.039735 0.526536 0.388767 0.012529 0.032433
1 2 0.028135 0.580756 0.356376 0.003997 0.030736
1 2 0.032635 0.532644 0.391568 0.010493 0.032661
2 2 0.028940 0.449293 0.474347 0.015639 0.031781
1 2 0.023959 0.505130 0.427250 0.015200 0.028461
2 2 0.014160 0.270599 0.674784 0.015795 0.024662
2 2 0.022765 0.371907 0.542689 0.026663 0.035976
1 2 0.041755 0.545461 0.374528 0.009131 0.029126
1 2 0.021245 0.484156 0.440225 0.019997 0.034376
1 2 0.024291 0.502718 0.427937 0.015905 0.029149
1 2 0.025745 0.508021 0.421369 0.014871 0.029993
1 1 0.058044 0.532065 0.361080 0.011830 0.036981
1 0 0.302621 0.438666 0.195634 0.007019 0.056060
0 0 0.608176 0.218760 0.065414 0.002217 0.105433
0 0 0.541745 0.311098 0.101332 0.002508 0.043317
0 0 0.498483 0.337934 0.115292 0.002929 0.045361
0 0 0.518937 0.358547 0.094389 0.000827 0.027300
0 0 0.491320 0.326394 0.122762 0.004713 0.054810
1 0 0.362621 0.425892 0.161815 0.003729 0.045943
0 0 0.561056 0.273310 0.102158 0.005164 0.058312
1 1 0.184706 0.553742 0.216547 0.002433 0.042572
1 4 0.099218 0.560682 0.272319 0.004336 0.063446
1 4 0.140306 0.520336 0.253780 0.006113 0.079466
1 4 0.067607 0.537981 0.275164 0.004545 0.114703
1 4 0.096599 0.513023 0.224661 0.003173 0.162543
1 4 0.054119 0.506071 0.239656 0.002966 0.197188
1 4 0.055260 0.525353 0.232128 0.002163 0.185095
1 4 0.044026 0.514481 0.256710 0.003144 0.181638
1 4 0.069638 0.528987 0.284641 0.005842 0.110892
1 4 0.046934 0.529097 0.270839 0.003583 0.149546
1 4 0.119105 0.504567 0.226755 0.004141 0.145432
1 4 0.034587 0.484012 0.263243 0.003980 0.214178
1 4 0.021340 0.505535 0.289725 0.003317 0.180084
1 4 0.030655 0.397897 0.241855 0.006548 0.323044
1 4 0.073385 0.470806 0.258797 0.007482 0.189530
1 4 0.058341 0.547306 0.290455 0.004648 0.099250
1 4 0.128895 0.440311 0.188503 0.003894 0.238398
4 4 0.079846 0.338117 0.157205 0.004340 0.420492
1 4 0.027975 0.476951 0.238583 0.002360 0.254131
1 4 0.033806 0.504592 0.310044 0.006349 0.145209
1 4 0.067770 0.440694 0.222889 0.005104 0.263544
1 4 0.038523 0.539235 0.243707 0.001779 0.176756
1 4 0.035729 0.499536 0.242727 0.002441 0.219566
1 4 0.068588 0.422771 0.184547 0.002719 0.321375
1 4 0.044725 0.431351 0.232794 0.005007 0.286123
1 4 0.035114 0.553461 0.268230 0.002178 0.141017
1 4 0.071506 0.473826 0.222617 0.003686 0.228364
1 4 0.056103 0.470633 0.224116 0.003274 0.245874
1 4 0.021714 0.501752 0.326483 0.005781 0.144271
1 4 0.061903 0.461472 0.198250 0.002256 0.276120
1 4 0.041087 0.493450 0.222285 0.001963 0.241215
1 4 0.084634 0.487758 0.224046 0.003705 0.199858
1 4 0.052413 0.512132 0.259177 0.003823 0.172455
1 4 0.034763 0.521120 0.260735 0.002629 0.180753
1 4 0.063943 0.459005 0.195104 0.002210 0.279738
4 4 0.075308 0.361461 0.183925 0.006127 0.373178
1 4 0.035384 0.554351 0.301385 0.003514 0.105367
1 4 0.037762 0.410409 0.202325 0.002990 0.346514
1 4 0.045194 0.528764 0.264087 0.003140 0.158815
1 4 0.070146 0.511630 0.227401 0.002703 0.188120
4 4 0.066559 0.138887 0.067315 0.005073 0.722167
1 4 0.033769 0.404628 0.224368 0.004662 0.332574
1 4 0.124948 0.444580 0.288608 0.022575 0.119288
4 4 0.127933 0.315230 0.160595 0.009517 0.386724
1 4 0.029019 0.498545 0.281229 0.003981 0.187226
1 4 0.029759 0.489313 0.215849 0.001399 0.263679
1 4 0.067511 0.422019 0.178042 0.002306 0.330121
1 4 0.047024 0.554447 0.276320 0.003032 0.119176
4 4 0.058450 0.325621 0.156531 0.004000 0.455398
1 4 0.050305 0.523663 0.223251 0.001729 0.201053
1 4 0.045695 0.540586 0.253149 0.002352 0.158218
1 4 0.048298 0.502468 0.237166 0.002697 0.209371
1 4 0.030266 0.523052 0.265575 0.002510 0.178597
1 4 0.025587 0.519229 0.297300 0.003707 0.154177
1 4 0.048671 0.517557 0.225460 0.001869 0.206443
1 4 0.033509 0.501856 0.254573 0.002795 0.207268
1 4 0.052187 0.547125 0.254111 0.002474 0.144103
1 4 0.075870 0.538631 0.225190 0.002098 0.158211
1 4 0.040800 0.533014 0.259595 0.002591 0.164000
1 4 0.019430 0.481299 0.399554 0.012688 0.087030
1 4 0.050416 0.526484 0.258671 0.003189 0.161240
1 4 0.027016 0.509269 0.341278 0.007547 0.114890
1 1 0.035802 0.572285 0.278509 0.002151 0.111252
1 1 0.029762 0.530293 0.329009 0.005620 0.105316
1 1 0.029907 0.535765 0.320120 0.004779 0.109429
1 1 0.016366 0.503202 0.367136 0.007340 0.105956
1 1 0.024367 0.520787 0.379270 0.009142 0.066434
1 1 0.019667 0.499462 0.364439 0.008545 0.107887
1 1 0.051082 0.563256 0.280063 0.003112 0.102488
1 1 0.016739 0.524520 0.341835 0.004492 0.112414
1 1 0.045523 0.554961 0.291196 0.003650 0.104669
1 1 0.020789 0.516823 0.352006 0.006455 0.103926
1 0 0.048343 0.571886 0.251865 0.001772 0.126133
1 1 0.238646 0.399275 0.244937 0.027681 0.089461
1 1 0.062515 0.572499 0.281683 0.003321 0.079983
1 1 0.036374 0.574193 0.319797 0.003659 0.065977
1 1 0.027225 0.568273 0.344931 0.004161 0.055409
1 1 0.021310 0.508066 0.421730 0.013260 0.035634
1 2 0.029301 0.451216 0.438407 0.036976 0.044100
1 2 0.039927 0.550027 0.368540 0.008085 0.033421
1 2 0.023509 0.492009 0.433789 0.018570 0.032123
1 2 0.025928 0.458595 0.443647 0.032157 0.039672
1 2 0.034003 0.506537 0.405067 0.016473 0.037920
1 2 0.018803 0.525268 0.415223 0.009330 0.031376
1 2 0.017212 0.497951 0.440906 0.014479 0.029452
2 2 0.001595 0.012855 0.954699 0.026379 0.004471
2 2 0.020793 0.342350 0.575236 0.026945 0.034676
2 2 0.013421 0.109221 0.722960 0.129367 0.025031
2 2 0.009019 0.132547 0.820622 0.019398 0.018412
2 2 0.017571 0.257067 0.667014 0.027317 0.031032
2 2 0.022744 0.309700 0.592960 0.036855 0.037742
2 2 0.014688 0.108682 0.706213 0.143431 0.026985
2 2 0.027644 0.376982 0.495844 0.056742 0.042788
2 2 0.009022 0.061890 0.786294 0.124475 0.018320
2 2 0.013058 0.098293 0.724614 0.139506 0.024528
2 2 0.012967 0.075176 0.735267 0.151855 0.024735
2 2 0.010704 0.042152 0.682078 0.244093 0.020973
2 2 0.016362 0.059723 0.468609 0.427364 0.027942
2 2 0.013208 0.056563 0.574160 0.332000 0.024069
2 2 0.024323 0.144458 0.526760 0.265187 0.039271
2 2 0.011683 0.051809 0.600029 0.314632 0.021845
2 2 0.010304 0.037814 0.631174 0.300681 0.020027
2 2 0.021458 0.128210 0.564173 0.250390 0.035770
3 2 0.012859 0.033996 0.307585 0.624185 0.021376
3 2 0.012895 0.038496 0.337319 0.589630 0.021660
2 2 0.020469 0.100748 0.489420 0.355730 0.033634
3 3 0.015803 0.044953 0.339520 0.573888 0.025837
3 3 0.003367 0.003882 0.104310 0.882534 0.005907
3 3 0.008960 0.017346 0.216951 0.741737 0.015006
3 3 0.006719 0.015759 0.236272 0.729427 0.011823
3 3 0.008406 0.019727 0.251342 0.706070 0.014455
3 3 0.015752 0.050427 0.368831 0.538975 0.026014
3 3 0.008145 0.013172 0.179899 0.785273 0.013511
3 3 0.004938 0.007020 0.136889 0.842673 0.008480
3 3 0.007677 0.010916 0.157107 0.811672 0.012627
3 3 0.004366 0.004934 0.105601 0.877714 0.007385
3 3 0.004512 0.005086 0.106482 0.876313 0.007606
3 3 0.003178 0.003683 0.097396 0.890187 0.005556
3 3 0.007694 0.010392 0.149890 0.819447 0.012578
3 3 0.004535 0.005110 0.106615 0.876101 0.007640
2 2 0.020027 0.094825 0.479891 0.372317 0.032941
2 2 0.022906 0.203440 0.574332 0.161842 0.037479
2 2 0.023841 0.271794 0.564077 0.101780 0.038509
2 2 0.027650 0.391515 0.486449 0.051736 0.042650
2 2 0.027801 0.216857 0.545776 0.165524 0.044042
2 2 0.022115 0.146529 0.546952 0.248093 0.036311
2 2 0.020759 0.127576 0.535525 0.281804 0.034337
2 2 0.013760 0.064361 0.458817 0.439338 0.023725
