0 0 0.657125 0.095274 0.024615 0.008805 0.214182
0 0 0.401802 0.131296 0.054969 0.025318 0.386615
4 0 0.209477 0.002341 0.000461 0.001374 0.786347
4 0 0.271828 0.065609 0.029959 0.023391 0.609213
1 1 0.223352 0.360313 0.226271 0.048269 0.141795
4 1 0.110938 0.182987 0.171439 0.090757 0.443879
4 1 0.111093 0.182006 0.170292 0.090525 0.446083
0 0 0.556124 0.136489 0.044363 0.015399 0.247625
0 0 0.681432 0.186555 0.046832 0.007915 0.077266
0 0 0.859229 0.049613 0.007411 0.001986 0.081762
0 0 0.717278 0.024017 0.004006 0.002494 0.252203
0 0 0.720477 0.053691 0.011024 0.004717 0.210092
4 0 0.317272 0.127444 0.062098 0.032638 0.460549
4 0 0.211620 0.198998 0.133281 0.058990 0.397110
0 0 0.491479 0.153368 0.056524 0.020321 0.278308
4 1 0.135458 0.266112 0.229559 0.083082 0.285789
1 1 0.135172 0.297823 0.254783 0.079955 0.232268
4 1 0.180767 0.218578 0.161302 0.068323 0.371030
4 1 0.109757 0.189986 0.179702 0.092359 0.428197
4 1 0.105862 0.209376 0.203330 0.096298 0.385135
4 1 0.115276 0.142383 0.125986 0.079640 0.536714
4 1 0.108414 0.197202 0.188365 0.093911 0.412108
4 1 0.241445 0.134278 0.078143 0.043811 0.502323
4 1 0.106032 0.208613 0.202379 0.096157 0.386818
4 1 0.147636 0.263836 0.217941 0.078926 0.291661
4 1 0.099742 0.233500 0.234441 0.100126 0.332191
4 4 0.109804 0.189721 0.179387 0.092300 0.428788
0 4 0.561384 0.153625 0.050209 0.015706 0.219077
1 4 0.112178 0.277677 0.261905 0.091066 0.257174
4 4 0.098694 0.237141 0.239324 0.100593 0.324248
4 4 0.212840 0.034939 0.015461 0.016971 0.719789
4 4 0.114077 0.176205 0.162005 0.088076 0.459637
4 4 0.120973 0.088043 0.068542 0.056735 0.665707
4 4 0.112268 0.174044 0.161075 0.088576 0.464037
4 4 0.093237 0.254480 0.263374 0.102379 0.286530
2 4 0.024874 0.084101 0.805492 0.025649 0.059884
4 4 0.096853 0.243274 0.247676 0.101309 0.310888
2 4 0.081627 0.231574 0.358138 0.088620 0.240040
2 2 0.041307 0.121926 0.728189 0.031656 0.076921
2 2 0.038293 0.099996 0.720009 0.034645 0.107058
1 2 0.251379 0.324021 0.195108 0.048022 0.181470
4 2 0.118812 0.238198 0.219635 0.090847 0.332508
0 2 0.333154 0.257265 0.131994 0.038778 0.238809
0 4 0.813275 0.058241 0.010125 0.003068 0.115291
2 4 0.088201 0.194901 0.342932 0.081486 0.292479
2 4 0.086433 0.211171 0.532042 0.047172 0.123183
4 2 0.094866 0.249558 0.256406 0.101948 0.297222
2 2 0.031041 0.102378 0.757458 0.032243 0.076879
4 2 0.125494 0.072203 0.052454 0.047564 0.702286
2 2 0.061811 0.185550 0.516207 0.066003 0.170428
2 2 0.020569 0.070970 0.838984 0.021085 0.048391
2 2 0.019407 0.067365 0.848028 0.019858 0.045342
2 2 0.010952 0.040236 0.913808 0.011021 0.023984
2 2 0.006669 0.031431 0.931836 0.017066 0.012998
2 2 0.043591 0.137861 0.659455 0.045840 0.113253
2 2 0.008605 0.035081 0.926164 0.013117 0.017033
2 2 0.016335 0.057706 0.871923 0.016628 0.037408
2 2 0.011961 0.043782 0.905554 0.012371 0.026332
2 2 0.010041 0.042510 0.907972 0.020152 0.019325
2 2 0.013750 0.049416 0.892025 0.013927 0.030881
2 2 0.002003 0.017238 0.930699 0.046880 0.003179
2 2 0.037365 0.099402 0.802495 0.017991 0.042748
2 2 0.005917 0.024172 0.952010 0.007831 0.010070
2 2 0.001193 0.014031 0.890101 0.092934 0.001741
2 2 0.003475 0.016497 0.967947 0.007707 0.004374
2 2 0.000921 0.009305 0.958654 0.029688 0.001431
2 2 0.003620 0.025045 0.923248 0.042038 0.006049
2 2 0.010844 0.044333 0.904362 0.018946 0.021515
2 2 0.003768 0.021348 0.949908 0.018879 0.006097
2 2 0.003332 0.016648 0.966554 0.009205 0.004261
2 2 0.000609 0.008146 0.929375 0.061025 0.000845
2 2 0.000462 0.006685 0.936771 0.055423 0.000658
2 2 0.002325 0.016936 0.948737 0.028368 0.003634
2 2 0.000724 0.012118 0.758512 0.227614 0.001032
2 2 0.000780 0.011292 0.861290 0.125513 0.001126
2 2 0.003334 0.021461 0.942755 0.026896 0.005554
2 2 0.000658 0.009609 0.889687 0.099093 0.000953
2 2 0.003427 0.026374 0.898699 0.066140 0.005359
2 2 0.000793 0.008955 0.948043 0.041052 0.001156
2 2 0.000786 0.011159 0.870468 0.116460 0.001128
2 2 0.001114 0.012706 0.917573 0.066824 0.001782
2 2 0.001273 0.014732 0.888551 0.093539 0.001905
2 2 0.000850 0.013335 0.774416 0.210147 0.001252
2 2 0.000737 0.012408 0.747729 0.238055 0.001071
2 2 0.130607 0.233263 0.497849 0.051490 0.086792
2 2 0.034747 0.109759 0.779482 0.038671 0.037342
2 2 0.011003 0.043318 0.915234 0.019523 0.010922
2 2 0.014678 0.057775 0.882221 0.030028 0.015298
2 2 0.037357 0.095047 0.816790 0.015094 0.035712
2 2 0.008749 0.043539 0.898120 0.038047 0.011545
2 2 0.014266 0.049092 0.909273 0.015780 0.011589
2 2 0.007131 0.028136 0.945659 0.009302 0.009773
2 2 0.003471 0.019793 0.954470 0.017894 0.004372
2 2 0.002222 0.016213 0.952023 0.025959 0.003583
2 2 0.008120 0.032358 0.932459 0.010668 0.016395
2 2 0.003771 0.019575 0.957839 0.012546 0.006269
2 2 0.002082 0.017755 0.930663 0.046054 0.003445
2 2 0.003744 0.026198 0.915860 0.048177 0.006022
2 2 0.011876 0.039858 0.923474 0.009195 0.015597
2 2 0.011684 0.061579 0.834798 0.069922 0.022017
2 2 0.011573 0.042822 0.907954 0.012443 0.025208
2 2 0.004305 0.025555 0.935894 0.026764 0.007482
2 2 0.002358 0.016013 0.957527 0.020195 0.003907
2 2 0.000916 0.013902 0.793234 0.190514 0.001434
2 2 0.009087 0.052859 0.845574 0.076033 0.016448
2 2 0.057978 0.175901 0.546470 0.061717 0.157934
2 2 0.026761 0.104024 0.755084 0.062094 0.052037
2 2 0.062949 0.188372 0.507212 0.067279 0.174188
2 2 0.025200 0.092809 0.794323 0.043965 0.043703
2 2 0.022259 0.064532 0.874023 0.011959 0.027226
2 2 0.043340 0.127252 0.714634 0.033345 0.081430
2 2 0.025034 0.078523 0.842662 0.020872 0.032909
2 2 0.011177 0.049638 0.888290 0.030877 0.020018
2 2 0.009580 0.034247 0.934693 0.009091 0.012388
2 2 0.037609 0.089363 0.833908 0.011667 0.027453
2 2 0.013115 0.059907 0.863713 0.048980 0.014286
2 2 0.013012 0.043344 0.919482 0.010954 0.013208
2 2 0.032759 0.083791 0.840911 0.012749 0.029790
2 2 0.004402 0.025419 0.938475 0.024481 0.007223
2 2 0.066803 0.133033 0.753441 0.013520 0.033203
1 2 0.235616 0.334983 0.320199 0.028390 0.080812
2 2 0.185756 0.284823 0.438008 0.024462 0.066951
2 2 0.034375 0.097531 0.798860 0.020539 0.048695
2 2 0.191404 0.297901 0.406495 0.027693 0.076505
1 2 0.263085 0.371436 0.220082 0.036738 0.108659
1 2 0.266107 0.375394 0.207532 0.037988 0.112979
2 2 0.163196 0.274815 0.454658 0.028876 0.078455
1 2 0.233081 0.335869 0.317393 0.029533 0.084123
1 2 0.337493 0.386039 0.174869 0.025197 0.076401
1 2 0.269574 0.367237 0.235670 0.032361 0.095158
0 2 0.714847 0.148645 0.035375 0.007093 0.094040
0 2 0.959108 0.017654 0.001361 0.000266 0.021611
0 0 0.963098 0.007605 0.000479 0.000145 0.028672
0 0 0.948279 0.028085 0.002492 0.000406 0.020738
0 0 0.928026 0.039250 0.004161 0.000701 0.027861
0 0 0.955353 0.023101 0.001894 0.000319 0.019334
0 0 0.644506 0.250333 0.060827 0.006544 0.037789
0 0 0.835099 0.116268 0.018280 0.002145 0.028208
0 0 0.814839 0.106430 0.019117 0.003278 0.056335
0 0 0.549679 0.313392 0.089137 0.009167 0.038625
0 0 0.680795 0.223256 0.051213 0.005778 0.038958
0 0 0.790810 0.154531 0.026669 0.002703 0.025287
0 0 0.968999 0.012402 0.000816 0.000163 0.017620
0 0 0.911132 0.025797 0.002851 0.000814 0.059407
0 0 0.887511 0.059520 0.008078 0.001475 0.043415
0 0 0.856807 0.041639 0.006073 0.001853 0.093628
0 0 0.941115 0.014944 0.001275 0.000371 0.042295
0 0 0.907098 0.049991 0.006097 0.001071 0.035743
0 0 0.887203 0.040593 0.005344 0.001370 0.065490
0 0 0.961956 0.010962 0.000758 0.000193 0.026131
0 0 0.950808 0.016218 0.001324 0.000322 0.031328
0 0 0.926687 0.019337 0.001879 0.000552 0.051545
0 0 0.915089 0.048352 0.005598 0.000911 0.030050
0 0 0.952600 0.012449 0.000951 0.000263 0.033737
0 0 0.945409 0.020168 0.001778 0.000406 0.032240
0 0 0.934750 0.022139 0.002121 0.000526 0.040464
0 0 0.917084 0.032328 0.003617 0.000840 0.046132
0 0 0.923878 0.029411 0.003134 0.000724 0.042852
0 0 0.918685 0.027165 0.002933 0.000757 0.050460
0 0 0.944750 0.029579 0.002719 0.000454 0.022498
0 0 0.861836 0.090243 0.013323 0.001833 0.032765
0 1 0.939584 0.022590 0.002109 0.000484 0.035233
0 0 0.934042 0.037354 0.003773 0.000602 0.024230
0 0 0.801248 0.042321 0.007071 0.002709 0.146651
0 0 0.788330 0.121823 0.023700 0.004086 0.062062
0 0 0.639571 0.225994 0.060081 0.008825 0.065531
0 0 0.661749 0.196012 0.051388 0.008830 0.082021
0 0 0.897931 0.045022 0.005743 0.001240 0.050065
0 0 0.914049 0.018559 0.001884 0.000631 0.064876
0 0 0.942208 0.010464 0.000815 0.000281 0.046233
0 0 0.940710 0.009671 0.000743 0.000270 0.048606
0 0 0.935283 0.021813 0.002078 0.000517 0.040309
0 1 0.916370 0.027122 0.002959 0.000782 0.052768
0 1 0.949806 0.011556 0.000883 0.000264 0.037491
0 0 0.907263 0.058985 0.007056 0.000992 0.025704
0 0 0.943549 0.020694 0.001855 0.000428 0.033474
0 0 0.925288 0.025364 0.002620 0.000661 0.046067
0 0 0.874070 0.047656 0.006737 0.001689 0.069849
0 0 0.894577 0.053323 0.006979 0.001328 0.043792
0 0 0.847994 0.082077 0.013218 0.002424 0.054287
0 0 0.497755 0.295215 0.103312 0.016515 0.087203
1 0 0.298365 0.350082 0.184098 0.036551 0.130905
4 4 0.109342 0.071195 0.055508 0.051962 0.711993
4 4 0.112332 0.173577 0.160538 0.088458 0.465095
4 4 0.115284 0.142221 0.125813 0.079589 0.537092
4 4 0.167078 0.138092 0.099611 0.060206 0.535013
4 4 0.114370 0.155433 0.140156 0.083553 0.506488
4 4 0.114300 0.099063 0.081727 0.064199 0.640712
4 4 0.115384 0.140086 0.123533 0.078917 0.542080
4 4 0.114554 0.101591 0.084195 0.065212 0.634448
4 4 0.119810 0.159726 0.141201 0.082051 0.497213
4 4 0.114693 0.103106 0.085680 0.065811 0.630709
4 4 0.113648 0.162806 0.148341 0.085621 0.489583
4 4 0.080017 0.019761 0.012720 0.021579 0.865923
4 4 0.087426 0.027069 0.018221 0.026908 0.840375
4 4 0.047526 0.003710 0.001902 0.006539 0.940323
4 4 0.094267 0.036015 0.025272 0.032806 0.811640
4 4 0.055116 0.002678 0.001148 0.004323 0.936735
4 4 0.032383 0.001161 0.000511 0.002828 0.963117
4 4 0.065816 0.002024 0.000723 0.002918 0.928519
4 4 0.035667 0.001552 0.000709 0.003487 0.958586
4 4 0.177927 0.003506 0.000859 0.002315 0.815395
4 4 0.126476 0.041303 0.025686 0.029782 0.776754
4 4 0.076314 0.016801 0.010572 0.019244 0.877068
4 4 0.135402 0.031477 0.017445 0.022273 0.793404
4 4 0.044004 0.002931 0.001456 0.005518 0.946090
4 4 0.183368 0.002119 0.000437 0.001398 0.812678
4 4 0.118255 0.003933 0.001254 0.003565 0.872993
4 4 0.108457 0.014093 0.006955 0.012656 0.857840
4 4 0.104348 0.055698 0.041753 0.044152 0.754049
4 4 0.161714 0.182445 0.140300 0.070473 0.445067
4 4 0.182793 0.219913 0.161374 0.067827 0.368093
0 4 0.776130 0.049163 0.008941 0.003433 0.162333
0 4 0.621399 0.215105 0.061366 0.010862 0.091268
1 4 0.229992 0.272938 0.176848 0.056433 0.263789
1 4 0.257577 0.327013 0.193548 0.046514 0.175349
0 4 0.570340 0.238949 0.075363 0.013731 0.101618
0 0 0.873058 0.059869 0.008688 0.001810 0.056574
0 0 0.874467 0.072124 0.010360 0.001728 0.041321
0 0 0.891793 0.045586 0.005984 0.001352 0.055286
0 0 0.881349 0.058503 0.008182 0.001619 0.050347
0 0 0.691355 0.189437 0.045881 0.007126 0.066200
0 0 0.944390 0.006050 0.000402 0.000173 0.048985
0 0 0.926759 0.014426 0.001309 0.000448 0.057058
0 0 0.882939 0.022413 0.002641 0.000984 0.091023
0 0 0.653704 0.024944 0.004630 0.003213 0.313510
0 0 0.552286 0.027676 0.006133 0.004801 0.409105
0 0 0.797120 0.027652 0.004186 0.002001 0.169040
0 0 0.859361 0.041644 0.006030 0.001815 0.091150
0 0 0.678041 0.154333 0.040134 0.008980 0.118512
0 0 0.805604 0.061796 0.011055 0.003326 0.118218
0 0 0.707814 0.030680 0.005562 0.003186 0.252758
0 0 0.857288 0.050744 0.007652 0.002042 0.082275
0 0 0.775285 0.098349 0.020065 0.004778 0.101524
0 0 0.899081 0.033055 0.004019 0.001082 0.062763
0 0 0.927097 0.020197 0.001978 0.000564 0.050164
0 0 0.892293 0.031713 0.003923 0.001141 0.070931
0 0 0.789269 0.070703 0.013435 0.003938 0.122656
0 0 0.907757 0.039820 0.004788 0.001040 0.046595
0 0 0.899667 0.027189 0.003174 0.000960 0.069011
0 0 0.641528 0.192828 0.053531 0.010348 0.101766
1 0 0.323208 0.385201 0.181433 0.027398 0.082759
1 0 0.264850 0.375052 0.208097 0.038258 0.113743
1 1 0.326332 0.385436 0.179997 0.026903 0.081332
0 4 0.432863 0.356888 0.132122 0.016904 0.061223
1 4 0.330201 0.385687 0.178218 0.026301 0.079593
1 4 0.264265 0.374891 0.208361 0.038384 0.114100
1 4 0.230800 0.363477 0.223099 0.046303 0.136322
1 4 0.185325 0.340175 0.241507 0.059698 0.173295
1 2 0.140791 0.306570 0.255998 0.076898 0.219743
1 2 0.237482 0.366114 0.220214 0.044606 0.131584
0 2 0.608968 0.263239 0.070627 0.008535 0.048631
0 2 0.530113 0.200429 0.070342 0.018359 0.180757
0 2 0.455272 0.337114 0.122329 0.016766 0.068518
1 2 0.370878 0.385733 0.159632 0.020636 0.063121
4 2 0.269447 0.169694 0.096470 0.044813 0.419576
1 2 0.125797 0.291343 0.258827 0.084071 0.239963
1 2 0.223653 0.360446 0.226144 0.048188 0.141569
4 2 0.124208 0.091663 0.214150 0.046492 0.523487
1 2 0.356681 0.386239 0.166087 0.022482 0.068512
0 2 0.730128 0.088950 0.019869 0.006103 0.154950
0 2 0.797082 0.109966 0.021013 0.003925 0.068014
0 2 0.681740 0.163958 0.042092 0.008615 0.103595
0 2 0.638269 0.234621 0.061401 0.008333 0.057376
0 2 0.713653 0.161093 0.038039 0.006857 0.080358
0 0 0.862322 0.049433 0.007308 0.001927 0.079010
0 0 0.727952 0.134693 0.031173 0.006640 0.099541
1 0 0.167347 0.328060 0.247924 0.066061 0.190608
1 1 0.175127 0.333526 0.245226 0.063221 0.182901
4 1 0.093237 0.254480 0.263374 0.102379 0.286530
4 2 0.110642 0.184812 0.173582 0.091184 0.439781
0 2 0.466393 0.235517 0.093008 0.023423 0.181659
0 2 0.773137 0.087353 0.017736 0.004728 0.117047
0 2 0.659780 0.224060 0.055847 0.007365 0.052947
1 2 0.203942 0.350906 0.234279 0.053791 0.157082
1 2 0.154533 0.318263 0.252064 0.071054 0.204086
0 2 0.400040 0.354174 0.144345 0.021406 0.080036
0 2 0.313061 0.309505 0.162727 0.038816 0.175891
2 2 0.126935 0.220629 0.353394 0.061719 0.237323
2 2 0.022836 0.072497 0.846344 0.017671 0.040652
2 2 0.161897 0.242372 0.443504 0.034326 0.117902
1 2 0.285947 0.380040 0.198533 0.033951 0.101530
2 2 0.033372 0.103492 0.768231 0.028027 0.066877
2 2 0.013198 0.047623 0.896320 0.013353 0.029506
2 2 0.019844 0.068724 0.844628 0.020319 0.046486
2 2 0.011946 0.041201 0.915825 0.009751 0.021278
1 2 0.257742 0.373008 0.211283 0.039819 0.118148
2 2 0.029970 0.082365 0.838197 0.014849 0.034618
2 2 0.002720 0.012707 0.975150 0.004397 0.005027
2 2 0.008020 0.030349 0.936647 0.008001 0.016983
2 2 0.012956 0.041788 0.918367 0.008438 0.018451
2 2 0.021082 0.062438 0.877158 0.012028 0.027295
2 2 0.046140 0.128552 0.723259 0.029633 0.072416
2 2 0.020055 0.069379 0.842986 0.020542 0.047039
2 2 0.023698 0.080546 0.814645 0.024399 0.056713
2 2 0.042639 0.135244 0.666909 0.044800 0.110409
2 2 0.075760 0.176015 0.640323 0.030499 0.077403
2 2 0.098500 0.247131 0.398281 0.069118 0.186971
2 2 0.043950 0.128910 0.710236 0.033926 0.082978
1 2 0.287226 0.380292 0.197949 0.033705 0.100828
2 2 0.019346 0.067176 0.848501 0.019794 0.045183
2 2 0.028829 0.095891 0.774694 0.029871 0.070715
2 2 0.019283 0.066981 0.848987 0.019728 0.045020
2 2 0.023628 0.073373 0.846778 0.017019 0.039202
2 2 0.018578 0.064780 0.854473 0.018985 0.043185
2 2 0.006977 0.026748 0.944782 0.006935 0.014558
2 2 0.014797 0.059202 0.868780 0.027464 0.029757
2 2 0.013004 0.054277 0.879255 0.027042 0.026422
2 2 0.024929 0.084267 0.805062 0.025708 0.060034
2 2 0.011079 0.040660 0.912815 0.011153 0.024293
2 2 0.004614 0.033611 0.877918 0.075953 0.007903
2 2 0.003184 0.021865 0.936921 0.032561 0.005470
2 2 0.055835 0.140268 0.736777 0.030062 0.037057
1 2 0.336072 0.385983 0.175521 0.025409 0.077015
2 2 0.011728 0.046220 0.900300 0.017643 0.024109
2 2 0.009011 0.032838 0.932611 0.008139 0.017402
2 2 0.319429 0.240887 0.343780 0.016253 0.079651
1 4 0.246640 0.365229 0.232384 0.039544 0.116203
2 4 0.022417 0.073023 0.857591 0.022227 0.024742
2 4 0.016920 0.046326 0.915809 0.006523 0.014422
2 4 0.011696 0.040145 0.923988 0.010336 0.013835
2 4 0.007023 0.025330 0.952935 0.006004 0.008708
2 4 0.005839 0.028275 0.938463 0.017202 0.010222
2 2 0.017021 0.055911 0.895116 0.015604 0.016348
1 2 0.362827 0.386086 0.163287 0.021666 0.066133
2 2 0.053165 0.111281 0.795528 0.011743 0.028284
2 2 0.009244 0.034654 0.926848 0.009452 0.019802
2 2 0.008325 0.031556 0.935909 0.008879 0.015330
2 2 0.013407 0.044033 0.912229 0.009490 0.020842
2 2 0.043761 0.127876 0.752787 0.039961 0.035616
0 2 0.636113 0.235718 0.061976 0.008429 0.057764
1 2 0.382769 0.384899 0.154265 0.019189 0.058878
0 2 0.586379 0.256546 0.075407 0.011127 0.070540
1 2 0.345346 0.386246 0.171268 0.024054 0.073085
0 2 0.439963 0.344502 0.128471 0.017672 0.069391
0 0 0.720335 0.172291 0.039134 0.006056 0.062184
0 0 0.867816 0.095668 0.013150 0.001450 0.021917
0 0 0.473346 0.367381 0.115128 0.010657 0.033488
1 1 0.317827 0.384727 0.183908 0.028269 0.085269
2 1 0.134396 0.249441 0.502604 0.030940 0.082618
2 2 0.055866 0.154557 0.653786 0.038793 0.096998
2 2 0.005684 0.023801 0.951579 0.008052 0.010885
2 2 0.006654 0.025619 0.947310 0.006604 0.013812
2 2 0.007826 0.029681 0.938165 0.007802 0.016527
2 2 0.009356 0.034894 0.926235 0.009374 0.020142
2 2 0.010693 0.039376 0.915823 0.010753 0.023356
2 2 0.008585 0.032278 0.932246 0.008580 0.018311
2 2 0.001869 0.014298 0.956104 0.024734 0.002995
2 2 0.017704 0.064551 0.856051 0.022244 0.039450
0 2 0.586550 0.263976 0.076311 0.010508 0.062656
1 2 0.348561 0.386281 0.169797 0.023599 0.071763
2 2 0.074901 0.165045 0.689835 0.026149 0.044069
2 2 0.011170 0.036395 0.930067 0.007165 0.015202
2 2 0.021907 0.063854 0.883014 0.013415 0.017810
2 2 0.005653 0.022429 0.954504 0.006038 0.011377
2 2 0.006018 0.022444 0.955920 0.005089 0.010529
2 2 0.001956 0.014918 0.955486 0.024216 0.003424
2 2 0.200087 0.228274 0.498929 0.016319 0.056392
0 2 0.501668 0.325617 0.105675 0.012861 0.054179
1 2 0.341469 0.386166 0.173045 0.024613 0.074707
2 2 0.011511 0.046130 0.900189 0.018364 0.023806
2 2 0.023918 0.069165 0.863750 0.013114 0.030053
2 2 0.146815 0.253248 0.502773 0.026428 0.070736
2 2 0.028469 0.075595 0.855966 0.012066 0.027905
2 2 0.059692 0.108316 0.804854 0.007966 0.019172
1 2 0.320533 0.384976 0.182664 0.027828 0.083999
2 2 0.023777 0.060850 0.888894 0.008103 0.018375
2 2 0.061106 0.141664 0.722138 0.021637 0.053455
2 2 0.040640 0.090672 0.834410 0.010208 0.024070
2 2 0.047985 0.110164 0.792419 0.014523 0.034910
2 2 0.022540 0.056910 0.897328 0.007136 0.016085
2 2 0.001359 0.007799 0.984446 0.004064 0.002332
2 2 0.003079 0.015086 0.970000 0.007258 0.004577
2 2 0.001986 0.012256 0.972313 0.010128 0.003318
2 2 0.003878 0.018925 0.961692 0.010398 0.005107
2 2 0.005766 0.029003 0.935514 0.019858 0.009858
2 2 0.041453 0.123495 0.758213 0.040554 0.036285
2 2 0.005393 0.031125 0.921606 0.032026 0.009850
2 2 0.024521 0.083036 0.808240 0.025273 0.058930
2 2 0.002535 0.026004 0.827513 0.139485 0.004463
2 2 0.005389 0.028475 0.935282 0.020238 0.010616
2 2 0.014017 0.050278 0.889953 0.014205 0.031547
2 2 0.008568 0.032367 0.932032 0.008717 0.018316
2 2 0.004130 0.026316 0.928379 0.033852 0.007322
2 2 0.001060 0.015767 0.752966 0.228596 0.001611
2 2 0.012307 0.046170 0.900331 0.014692 0.026501
2 2 0.006745 0.044195 0.848175 0.091135 0.009750
0 2 0.571545 0.268264 0.080448 0.011535 0.068208
1 2 0.366132 0.385962 0.161785 0.021238 0.064883
2 2 0.082079 0.194054 0.590177 0.037409 0.096281
2 2 0.003792 0.019766 0.957380 0.012583 0.006478
2 2 0.023023 0.076678 0.828781 0.021588 0.049930
2 2 0.002106 0.017205 0.939640 0.037428 0.003620
2 2 0.005444 0.026824 0.941831 0.015552 0.010349
2 2 0.010521 0.038802 0.917163 0.010575 0.022939
2 2 0.008401 0.038726 0.914376 0.022386 0.016111
2 2 0.017356 0.060939 0.863981 0.017699 0.040025
2 2 0.008502 0.031995 0.932894 0.008495 0.018115
2 2 0.002756 0.017412 0.956912 0.018252 0.004668
2 2 0.001832 0.015050 0.947010 0.033201 0.002907
2 2 0.004462 0.025821 0.937236 0.024416 0.008066
2 2 0.005103 0.022264 0.954565 0.007947 0.010121
2 2 0.008691 0.035120 0.926124 0.012716 0.017349
2 2 0.002745 0.020717 0.930644 0.041429 0.004465
2 2 0.001055 0.015327 0.784675 0.197308 0.001635
2 2 0.010403 0.058888 0.827009 0.085333 0.018367
2 2 0.005800 0.031467 0.924591 0.027831 0.010312
2 2 0.004208 0.027889 0.914461 0.048317 0.005125
2 2 0.107179 0.193102 0.618533 0.021807 0.059378
0 2 0.593035 0.194006 0.060109 0.013705 0.139145
1 2 0.230171 0.363219 0.223368 0.046466 0.136776
2 2 0.102020 0.199315 0.590256 0.028830 0.079579
2 2 0.101183 0.249111 0.403660 0.066413 0.179632
2 2 0.009773 0.036298 0.922988 0.009803 0.021138
2 2 0.004363 0.018729 0.962278 0.005655 0.008975
2 2 0.021857 0.080592 0.816182 0.032929 0.048440
2 2 0.037969 0.114107 0.745680 0.029968 0.072276
2 2 0.013037 0.041058 0.921182 0.007765 0.016958
1 2 0.179359 0.326658 0.295614 0.051558 0.146811
2 2 0.039853 0.113536 0.758014 0.025983 0.062613
2 2 0.000832 0.006653 0.982806 0.008271 0.001438
2 2 0.004461 0.020581 0.957902 0.008678 0.008378
2 2 0.002549 0.014548 0.968131 0.010549 0.004224
2 2 0.007937 0.030064 0.937295 0.007916 0.016788
2 2 0.001116 0.008444 0.978202 0.010368 0.001870
2 2 0.000391 0.004915 0.971805 0.022314 0.000575
2 2 0.003982 0.016540 0.967118 0.004334 0.008025
2 2 0.001151 0.009623 0.969958 0.017404 0.001863
2 2 0.002280 0.013149 0.971779 0.008679 0.004113
2 2 0.000200 0.003700 0.945394 0.050449 0.000257
2 2 0.002230 0.014223 0.965887 0.013926 0.003734
2 2 0.000494 0.007378 0.921826 0.069581 0.000721
2 2 0.000745 0.008492 0.952150 0.037480 0.001131
2 2 0.000528 0.007610 0.926425 0.064653 0.000784
2 2 0.000816 0.011579 0.863325 0.123105 0.001176
2 2 0.000661 0.007531 0.959363 0.031452 0.000993
2 2 0.000099 0.003611 0.571660 0.424498 0.000132
2 2 0.000878 0.010889 0.913656 0.073297 0.001281
2 2 0.000516 0.005731 0.973501 0.019485 0.000768
2 2 0.000297 0.005741 0.881845 0.111725 0.000393
2 2 0.000392 0.007789 0.792319 0.198976 0.000524
2 3 0.000155 0.003682 0.884658 0.111317 0.000188
2 3 0.000758 0.010546 0.890950 0.096615 0.001131
2 3 0.000334 0.007679 0.701165 0.290330 0.000491
2 3 0.000522 0.010178 0.717048 0.271480 0.000771
2 3 0.000351 0.007700 0.722272 0.269201 0.000476
2 3 0.000183 0.005442 0.556068 0.438060 0.000247
2 3 0.000130 0.003868 0.758309 0.237527 0.000166
2 3 0.000307 0.007425 0.653655 0.338171 0.000442
2 3 0.000251 0.006618 0.594657 0.398130 0.000344
2 3 0.000386 0.008408 0.699089 0.291563 0.000554
2 3 0.000417 0.008096 0.796085 0.194837 0.000566
2 3 0.000204 0.005405 0.700539 0.293593 0.000258
2 3 0.000481 0.008581 0.823059 0.167243 0.000637
2 3 0.000308 0.007386 0.660111 0.331763 0.000432
2 3 0.000683 0.011093 0.806111 0.181161 0.000953
2 3 0.000270 0.006376 0.723217 0.269800 0.000337
2 3 0.000672 0.011078 0.794512 0.192819 0.000919
2 3 0.000773 0.012167 0.793550 0.192438 0.001072
2 3 0.000214 0.005578 0.723712 0.270203 0.000293
2 3 0.000514 0.010169 0.707995 0.280551 0.000771
2 3 0.000336 0.007880 0.633272 0.358053 0.000459
2 3 0.000224 0.006102 0.613622 0.379745 0.000307
2 3 0.000472 0.009994 0.624721 0.364128 0.000686
2 3 0.000449 0.009652 0.623742 0.365514 0.000643
3 3 0.000264 0.007260 0.472183 0.519884 0.000409
2 3 0.000758 0.012812 0.736651 0.248649 0.001130
2 3 0.000545 0.011673 0.495791 0.491122 0.000869
2 3 0.000343 0.008295 0.574701 0.416157 0.000504
2 3 0.003026 0.031436 0.753268 0.207121 0.005149
2 3 0.000535 0.010082 0.734120 0.254526 0.000737
2 3 0.000891 0.014872 0.668946 0.313960 0.001331
2 3 0.070353 0.169951 0.558989 0.151804 0.048903
2 3 0.255465 0.248963 0.396194 0.021330 0.078048
0 0 0.427762 0.334658 0.131355 0.020378 0.085847
2 2 0.091233 0.178200 0.659286 0.020127 0.051154
2 2 0.094683 0.178442 0.661467 0.018463 0.046945
2 2 0.004080 0.022470 0.948593 0.018715 0.006143
2 2 0.044195 0.099647 0.815589 0.012003 0.028566
2 2 0.101294 0.181131 0.658639 0.016608 0.042329
1 2 0.215375 0.356656 0.229612 0.050466 0.147892
1 2 0.248479 0.370057 0.215397 0.041944 0.124124
2 2 0.062743 0.167899 0.625925 0.040665 0.102767
1 2 0.145016 0.310302 0.254851 0.075043 0.214787
1 1 0.265668 0.375275 0.207730 0.038082 0.113246
1 4 0.173799 0.330191 0.261006 0.060623 0.174381
4 4 0.093237 0.254480 0.263374 0.102379 0.286530
4 4 0.115575 0.134661 0.117787 0.077170 0.554807
4 4 0.115667 0.129733 0.112626 0.075532 0.566442
4 4 0.089187 0.029137 0.019823 0.028325 0.833528
4 4 0.076972 0.017298 0.010929 0.019645 0.875157
4 4 0.049208 0.004129 0.002147 0.007062 0.937453
4 4 0.054868 0.005788 0.003149 0.009001 0.927194
4 4 0.048577 0.003968 0.002053 0.006863 0.938539
4 4 0.024673 0.000516 0.000204 0.001573 0.973034
4 4 0.045601 0.003269 0.001648 0.005969 0.943514
4 4 0.102523 0.051287 0.037957 0.041766 0.766468
4 4 0.113056 0.089401 0.072432 0.060188 0.664924
4 4 0.075676 0.016331 0.010236 0.018862 0.878895
4 4 0.114884 0.105398 0.087937 0.066708 0.625072
4 4 0.071670 0.013617 0.008323 0.016582 0.889809
4 4 0.046406 0.003449 0.001751 0.006203 0.942191
4 4 0.026703 0.000653 0.000266 0.001865 0.970513
4 4 0.054667 0.005722 0.003109 0.008927 0.927575
4 4 0.084382 0.023815 0.015740 0.024603 0.851461
4 4 0.115572 0.118388 0.100951 0.071574 0.593515
4 4 0.099412 0.044769 0.032452 0.038086 0.785280
4 4 0.094489 0.036351 0.025542 0.033017 0.810602
4 4 0.202531 0.248882 0.173575 0.063337 0.311676
0 4 0.773908 0.058748 0.011154 0.003898 0.152293
1 4 0.147851 0.291934 0.239391 0.076569 0.244255
4 4 0.113251 0.090711 0.073679 0.060745 0.661614
4 4 0.115406 0.139576 0.122990 0.078755 0.543273
4 4 0.110502 0.075928 0.059831 0.054191 0.699548
4 4 0.094207 0.035925 0.025199 0.032749 0.811920
4 4 0.077604 0.017786 0.011282 0.020035 0.873294
4 4 0.114403 0.155065 0.139750 0.083447 0.507335
4 4 0.088195 0.027955 0.018905 0.027519 0.837426
4 4 0.105833 0.043501 0.030243 0.035522 0.784901
4 4 0.216973 0.132158 0.081587 0.047609 0.521674
4 4 0.114857 0.149305 0.133452 0.081756 0.520630
4 4 0.094764 0.022095 0.013418 0.021138 0.848585
0 4 0.375165 0.172477 0.079315 0.031509 0.341534
0 4 0.419369 0.247154 0.106755 0.028067 0.198655
4 4 0.114182 0.097978 0.080673 0.063760 0.643406
4 4 0.112391 0.085323 0.068573 0.058424 0.675289
4 4 0.110827 0.183674 0.172245 0.090919 0.442335
4 4 0.067303 0.011081 0.006584 0.014321 0.900712
4 4 0.089769 0.029854 0.020382 0.028808 0.831186
4 4 0.081142 0.020743 0.013444 0.022329 0.862343
4 4 0.103683 0.218626 0.215016 0.097912 0.364763
4 4 0.112944 0.088673 0.071740 0.059876 0.666768
4 4 0.109885 0.073336 0.057458 0.052979 0.706342
4 4 0.115251 0.142867 0.126504 0.079791 0.535587
4 4 0.115138 0.144936 0.128727 0.080431 0.530769
4 4 0.114625 0.152388 0.136814 0.082669 0.513504
4 0 0.248317 0.199904 0.122045 0.051432 0.378302
0 0 0.610368 0.245852 0.068685 0.009840 0.065256
0 0 0.465589 0.335978 0.118660 0.015697 0.064076
1 0 0.328463 0.385580 0.179017 0.026570 0.080370
1 0 0.348310 0.386279 0.169911 0.023634 0.071866
1 0 0.322968 0.385182 0.181544 0.027436 0.082870
1 0 0.374725 0.382813 0.157740 0.020579 0.064142
1 0 0.367313 0.385911 0.161249 0.021087 0.064441
0 0 0.455791 0.325416 0.120669 0.018090 0.080035
0 0 0.421625 0.374795 0.137161 0.015757 0.050662
0 0 0.481595 0.327791 0.112550 0.014845 0.063219
0 0 0.518811 0.318917 0.099673 0.011778 0.050821
0 0 0.504083 0.337094 0.104864 0.011198 0.042760
0 0 0.484506 0.320233 0.110873 0.015387 0.069000
0 0 0.733465 0.178959 0.037968 0.004906 0.044701
0 0 0.754852 0.145031 0.030697 0.005098 0.064322
0 0 0.568239 0.274793 0.082049 0.011279 0.063639
1 0 0.365459 0.385990 0.162090 0.021325 0.065136
1 0 0.366517 0.385946 0.161610 0.021189 0.064738
0 0 0.447425 0.361423 0.126503 0.014517 0.050132
0 0 0.786838 0.105758 0.020927 0.004361 0.082115
0 0 0.812087 0.099522 0.018186 0.003475 0.066730
0 0 0.667667 0.155201 0.041313 0.009543 0.126275
0 0 0.797080 0.116489 0.022102 0.003816 0.060513
0 0 0.725784 0.096469 0.021991 0.006450 0.149307
1 0 0.258225 0.373153 0.211067 0.039711 0.117844
1 0 0.333555 0.344886 0.167756 0.031807 0.121996
0 0 0.780256 0.094537 0.018994 0.004584 0.101629
0 0 0.705137 0.064103 0.014074 0.005687 0.210999
4 0 0.235404 0.180851 0.112511 0.052093 0.419140
0 0 0.577681 0.115326 0.035203 0.013177 0.258613
0 0 0.491717 0.320369 0.108596 0.014568 0.064750
0 0 0.674489 0.196210 0.049523 0.007941 0.071837
0 0 0.915769 0.051588 0.005900 0.000871 0.025872
0 0 0.595606 0.109162 0.032041 0.011998 0.251193
0 0 0.732575 0.036626 0.006693 0.003350 0.220756
0 0 0.745170 0.113733 0.025205 0.005966 0.109926
0 0 0.438358 0.294388 0.118845 0.023195 0.125214
1 0 0.208015 0.275921 0.189319 0.061263 0.265482
0 0 0.533910 0.181271 0.063030 0.018070 0.203718
0 1 0.540769 0.209587 0.071943 0.017362 0.160340
0 1 0.622706 0.215513 0.061238 0.010742 0.089801
0 1 0.757445 0.133354 0.028410 0.005262 0.075529
1 1 0.307309 0.383542 0.188744 0.030042 0.090363
1 1 0.278108 0.378370 0.202103 0.035496 0.105923
1 1 0.303290 0.382997 0.190591 0.030745 0.092378
1 1 0.268154 0.375938 0.206610 0.037552 0.111747
1 1 0.249643 0.370446 0.214882 0.041671 0.123358
1 4 0.248400 0.370030 0.215431 0.041962 0.124176
4 4 0.114448 0.154533 0.139166 0.083294 0.508559
4 4 0.101964 0.225367 0.223718 0.098975 0.349976
4 4 0.094373 0.251069 0.258533 0.102087 0.293939
4 4 0.093237 0.254480 0.263374 0.102379 0.286530
2 4 0.091134 0.250640 0.280725 0.099847 0.277653
4 2 0.093237 0.254480 0.263374 0.102379 0.286530
2 2 0.078497 0.224797 0.383348 0.084986 0.228372
4 2 0.093237 0.254480 0.263374 0.102379 0.286530
2 2 0.089961 0.248430 0.290365 0.098443 0.272800
4 2 0.093237 0.254480 0.263374 0.102379 0.286530
2 2 0.062200 0.186516 0.513135 0.066439 0.171710
4 2 0.094049 0.252050 0.259920 0.102174 0.291807
2 2 0.028850 0.095953 0.774529 0.029894 0.070774
4 2 0.093237 0.254480 0.263374 0.102379 0.286530
2 2 0.035379 0.114891 0.723629 0.036916 0.089184
2 2 0.049164 0.152930 0.615784 0.051953 0.130169
4 2 0.093237 0.254480 0.263374 0.102379 0.286530
4 2 0.093237 0.254480 0.263374 0.102379 0.286530
4 2 0.114111 0.158261 0.143280 0.084359 0.499990
2 2 0.035819 0.116145 0.720197 0.037391 0.090448
2 2 0.057652 0.175070 0.549041 0.061353 0.156884
4 2 0.093237 0.254480 0.263374 0.102379 0.286530
2 2 0.009354 0.034888 0.926248 0.009372 0.020138
2 2 0.030550 0.100945 0.761285 0.031716 0.075505
4 2 0.093237 0.254480 0.263374 0.102379 0.286530
2 2 0.032306 0.106056 0.747596 0.033603 0.080439
2 2 0.026243 0.088212 0.794830 0.027108 0.063607
4 2 0.095036 0.249033 0.255670 0.101899 0.298362
4 2 0.218664 0.175140 0.113197 0.054780 0.438219
4 2 0.093237 0.254480 0.263374 0.102379 0.286530
2 2 0.091290 0.250930 0.279442 0.100034 0.278303
2 2 0.084622 0.237844 0.333910 0.092122 0.251502
2 2 0.017553 0.061559 0.862451 0.017906 0.040531
2 2 0.028431 0.094716 0.777794 0.029445 0.069614
2 2 0.035497 0.115229 0.722706 0.037044 0.089524
2 2 0.013906 0.049919 0.890815 0.014090 0.031270
4 2 0.093237 0.254480 0.263374 0.102379 0.286530
4 2 0.093237 0.254480 0.263374 0.102379 0.286530
4 2 0.093237 0.254480 0.263374 0.102379 0.286530
0 0 0.497996 0.169524 0.062524 0.020507 0.249448
0 0 0.744510 0.116634 0.025910 0.005997 0.106949
0 0 0.750075 0.127154 0.027805 0.005700 0.089266
0 0 0.433212 0.377460 0.132026 0.013945 0.043357
1 0 0.370440 0.385757 0.159830 0.020691 0.063282
0 0 0.776017 0.141061 0.027768 0.004133 0.051021
0 0 0.771457 0.136457 0.027606 0.004509 0.059970
0 0 0.650069 0.225101 0.057919 0.008056 0.058855
0 0 0.721131 0.119707 0.028135 0.006980 0.124046
0 0 0.725386 0.057138 0.011803 0.004826 0.200847
0 0 0.679128 0.169368 0.043608 0.008643 0.099253
1 0 0.211651 0.354850 0.231148 0.051526 0.150825
4 0 0.093237 0.254480 0.263374 0.102379 0.286530
4 1 0.144768 0.190062 0.155853 0.077269 0.432049
0 1 0.410749 0.363932 0.141275 0.018687 0.065357
4 1 0.098542 0.237661 0.240026 0.100657 0.323114
4 1 0.093237 0.254480 0.263374 0.102379 0.286530
4 1 0.093237 0.254480 0.263374 0.102379 0.286530
4 1 0.093237 0.254480 0.263374 0.102379 0.286530
4 2 0.120621 0.266782 0.243690 0.088738 0.280169
4 2 0.093237 0.254480 0.263374 0.102379 0.286530
4 2 0.099955 0.232745 0.233434 0.100025 0.333841
2 2 0.050616 0.156786 0.604393 0.053552 0.134654
4 2 0.093237 0.254480 0.263374 0.102379 0.286530
2 2 0.078682 0.225205 0.381856 0.085201 0.229056
2 4 0.082089 0.232555 0.354410 0.089158 0.241788
4 4 0.093237 0.254480 0.263374 0.102379 0.286530
4 4 0.093237 0.254480 0.263374 0.102379 0.286530
2 2 0.049826 0.154693 0.610589 0.052682 0.132211
4 2 0.099382 0.234763 0.236129 0.100291 0.329434
1 2 0.206882 0.352443 0.233094 0.052916 0.154666
1 2 0.172297 0.331578 0.246222 0.064238 0.185665
1 4 0.117188 0.283229 0.261145 0.088359 0.250079
2 4 0.043854 0.138582 0.657395 0.046128 0.114041
2 4 0.145722 0.303906 0.305063 0.064254 0.181055
2 2 0.010730 0.039498 0.915537 0.010791 0.023445
4 2 0.093237 0.254480 0.263374 0.102379 0.286530
2 2 0.024789 0.083844 0.806155 0.025558 0.059654
2 2 0.019842 0.068718 0.844643 0.020317 0.046481
2 2 0.017658 0.061893 0.861627 0.018017 0.040804
2 2 0.028078 0.093671 0.780545 0.029067 0.068639
2 2 0.016556 0.058407 0.870205 0.016860 0.037972
2 2 0.031292 0.103108 0.755507 0.032512 0.077582
2 2 0.013851 0.049741 0.891243 0.014032 0.031132
2 2 0.070727 0.207120 0.445487 0.076073 0.200593
2 2 0.016922 0.059569 0.867354 0.017244 0.038911
2 2 0.041286 0.131506 0.677487 0.043325 0.106395
2 2 0.012148 0.044189 0.904493 0.012261 0.026909
2 2 0.045990 0.144399 0.640670 0.048465 0.120476
2 2 0.077199 0.193452 0.426111 0.073764 0.229475
1 2 0.126895 0.293365 0.259314 0.083404 0.237021
2 2 0.045592 0.143320 0.643785 0.048030 0.119272
2 2 0.031194 0.102825 0.756264 0.032407 0.077309
2 2 0.016880 0.059435 0.867683 0.017200 0.038802
0 4 0.792967 0.103306 0.020073 0.004146 0.079508
0 0 0.734313 0.127179 0.029001 0.006407 0.103100
0 0 0.587905 0.150298 0.046758 0.014027 0.201012
0 0 0.459783 0.105139 0.038123 0.018424 0.378530
4 0 0.151735 0.126833 0.094818 0.061540 0.565074
4 1 0.093237 0.254480 0.263374 0.102379 0.286530
4 1 0.093237 0.254480 0.263374 0.102379 0.286530
4 1 0.093867 0.252600 0.260699 0.102222 0.290613
4 2 0.093237 0.254480 0.263374 0.102379 0.286530
4 2 0.093237 0.254480 0.263374 0.102379 0.286530
2 2 0.076456 0.220266 0.399724 0.082631 0.220922
2 2 0.027811 0.092881 0.782621 0.028782 0.067905
2 2 0.066731 0.197609 0.477251 0.071541 0.186869
2 2 0.049404 0.153568 0.613906 0.052216 0.130906
2 2 0.024101 0.081767 0.811507 0.024827 0.057798
2 2 0.017877 0.062580 0.859928 0.018247 0.041368
2 2 0.044015 0.139021 0.656139 0.046303 0.114522
2 2 0.005575 0.021819 0.955739 0.005507 0.011360
2 2 0.014845 0.052948 0.883508 0.015070 0.033629
2 2 0.039746 0.127222 0.689523 0.041650 0.101859
2 2 0.026373 0.088599 0.793821 0.027246 0.063961
2 2 0.002988 0.016976 0.962881 0.011148 0.006006
2 2 0.034775 0.113166 0.728340 0.036264 0.087455
2 2 0.018616 0.064897 0.854182 0.019024 0.043282
2 2 0.010487 0.038691 0.917423 0.010541 0.022858
2 2 0.013938 0.050024 0.890565 0.014123 0.031351
2 2 0.010666 0.039286 0.916033 0.010725 0.023290
4 2 0.097857 0.239970 0.243158 0.100934 0.318081
2 2 0.029360 0.097455 0.770558 0.030439 0.072188
2 2 0.012602 0.045678 0.900958 0.012733 0.028029
2 2 0.006429 0.024835 0.949062 0.006376 0.013299
2 2 0.038628 0.124088 0.698264 0.040434 0.098585
2 2 0.008762 0.032882 0.930862 0.008763 0.018731
2 2 0.047309 0.147960 0.630334 0.049912 0.124484
2 2 0.015526 0.055130 0.878210 0.015782 0.035351
2 2 0.008987 0.034763 0.926301 0.010149 0.019800
2 2 0.023362 0.079525 0.817260 0.024042 0.055811
2 2 0.006808 0.026159 0.946103 0.006762 0.014168
2 2 0.014472 0.051745 0.886416 0.014679 0.032688
2 2 0.015481 0.054985 0.878564 0.015734 0.035236
2 2 0.003059 0.015305 0.968895 0.006785 0.005957
2 2 0.015818 0.056062 0.875939 0.016087 0.036093
2 2 0.023855 0.081022 0.813422 0.024566 0.057136
2 2 0.028769 0.095712 0.775166 0.029806 0.070547
2 2 0.086104 0.240863 0.321871 0.093867 0.257295
2 2 0.010421 0.038470 0.917938 0.010472 0.022699
2 2 0.011569 0.042283 0.908997 0.011661 0.025490
2 2 0.017364 0.060965 0.863916 0.017708 0.040046
2 2 0.021870 0.074974 0.828864 0.022461 0.051831
2 2 0.003643 0.015632 0.968971 0.004329 0.007424
2 2 0.006338 0.026335 0.945242 0.008188 0.013897
2 2 0.011728 0.042805 0.907765 0.011825 0.025877
2 2 0.016488 0.058193 0.870730 0.016789 0.037800
2 2 0.003390 0.014518 0.971386 0.003897 0.006809
2 2 0.003127 0.017916 0.959851 0.013326 0.005779
2 2 0.043077 0.136450 0.663477 0.045278 0.111717
2 2 0.003839 0.016553 0.966946 0.004732 0.007929
2 2 0.010037 0.037186 0.920928 0.010076 0.021773
2 2 0.007073 0.027082 0.944034 0.007032 0.014779
2 2 0.012414 0.045060 0.902426 0.012537 0.027563
2 2 0.006696 0.026005 0.946405 0.006877 0.014017
2 2 0.016408 0.057940 0.871351 0.016705 0.037596
2 2 0.017375 0.061001 0.863828 0.017720 0.040075
2 2 0.003328 0.014096 0.972324 0.003649 0.006602
2 2 0.025050 0.084632 0.804120 0.025837 0.060362
2 2 0.013394 0.048259 0.894798 0.013556 0.029993
4 2 0.093237 0.254480 0.263374 0.102379 0.286530
2 2 0.014244 0.051011 0.888186 0.014442 0.032116
2 2 0.061352 0.176271 0.573053 0.053301 0.136024
1 2 0.260714 0.373886 0.209954 0.039159 0.116287
2 2 0.109172 0.269301 0.315647 0.081015 0.224865
2 2 0.021364 0.073420 0.832801 0.021925 0.050490
2 2 0.088884 0.246362 0.299192 0.097159 0.268403
4 2 0.093237 0.254480 0.263374 0.102379 0.286530
2 2 0.040942 0.130552 0.680177 0.042950 0.105379
2 2 0.060342 0.181877 0.527817 0.064357 0.165607
1 2 0.194385 0.345616 0.238054 0.056743 0.165202
1 2 0.158117 0.321106 0.250948 0.069616 0.200213
4 2 0.093237 0.254480 0.263374 0.102379 0.286530
2 2 0.038377 0.123385 0.700221 0.040163 0.097855
2 2 0.010093 0.037589 0.919951 0.010353 0.022014
4 2 0.093237 0.254480 0.263374 0.102379 0.286530
2 2 0.009310 0.034738 0.926594 0.009326 0.020032
2 2 0.015431 0.054824 0.878956 0.015682 0.035108
0 2 0.342501 0.186403 0.105218 0.035054 0.330824
4 2 0.099088 0.262043 0.263187 0.098685 0.276998
4 2 0.097678 0.260256 0.263256 0.099557 0.279253
4 2 0.093237 0.254480 0.263374 0.102379 0.286530
1 2 0.104470 0.268677 0.262794 0.095451 0.268609
4 2 0.098468 0.261260 0.263219 0.099067 0.277986
4 2 0.239142 0.259577 0.164558 0.054923 0.281800
0 0 0.381548 0.246341 0.114680 0.032553 0.224879
0 0 0.358023 0.333890 0.155268 0.029617 0.123203
1 0 0.142449 0.308050 0.255555 0.076164 0.217781
1 1 0.130629 0.297059 0.258498 0.081591 0.232223
4 1 0.093237 0.254480 0.263374 0.102379 0.286530
1 1 0.133823 0.282540 0.244288 0.082267 0.257082
1 1 0.127731 0.294202 0.259137 0.082994 0.235937
4 2 0.093237 0.254480 0.263374 0.102379 0.286530
4 2 0.093237 0.254480 0.263374 0.102379 0.286530
4 2 0.103414 0.267399 0.262886 0.096074 0.270227
4 2 0.093237 0.254480 0.263374 0.102379 0.286530
4 2 0.109603 0.190849 0.180730 0.092550 0.426268
4 2 0.108954 0.194384 0.184964 0.093317 0.418381
4 2 0.180932 0.062050 0.035385 0.031805 0.689829
4 2 0.390052 0.044420 0.014501 0.011600 0.539428
4 0 0.240927 0.239718 0.151106 0.054645 0.313605
4 0 0.114303 0.156190 0.140990 0.083770 0.504746
0 0 0.709323 0.079316 0.018069 0.006372 0.186919
0 0 0.514804 0.065430 0.019425 0.011067 0.389275
4 0 0.209935 0.094906 0.055445 0.039185 0.600529
4 0 0.139664 0.188229 0.157114 0.078933 0.436061
4 0 0.115092 0.145707 0.129557 0.080668 0.528977
4 0 0.109647 0.072384 0.056590 0.052529 0.708850
4 1 0.110870 0.077567 0.061341 0.054947 0.695276
4 1 0.064383 0.009601 0.005594 0.012930 0.907492
4 1 0.070631 0.012976 0.007878 0.016024 0.892491
4 4 0.110913 0.077765 0.061524 0.055038 0.694759
4 4 0.050667 0.004519 0.002379 0.007535 0.934899
4 4 0.047462 0.003695 0.001893 0.006519 0.940430
4 4 0.031790 0.001099 0.000480 0.002717 0.963915
4 4 0.037886 0.001861 0.000871 0.003977 0.955405
4 4 0.035715 0.001558 0.000712 0.003497 0.958517
4 4 0.076157 0.016685 0.010489 0.019150 0.877519
4 4 0.110416 0.075555 0.059489 0.054018 0.700522
4 4 0.115188 0.144058 0.127782 0.080160 0.532812
4 4 0.072072 0.013872 0.008500 0.016802 0.888753
4 4 0.077462 0.017676 0.011202 0.019947 0.873713
4 4 0.112086 0.083618 0.066971 0.057674 0.679650
4 4 0.114661 0.151936 0.136319 0.082536 0.514547
4 4 0.084711 0.024149 0.015992 0.024844 0.850305
4 4 0.101990 0.050088 0.036934 0.041103 0.769885
4 4 0.060562 0.007897 0.004481 0.011246 0.915814
4 4 0.110849 0.077473 0.061255 0.054904 0.695519
4 4 0.112127 0.175056 0.162237 0.088830 0.461749
4 4 0.097006 0.040409 0.028844 0.035509 0.798232
4 4 0.079016 0.018920 0.012105 0.020928 0.869030
4 4 0.050660 0.004517 0.002377 0.007533 0.934912
