2 2 0.002276 0.066028 0.901792 0.007625 0.022279
2 2 0.000762 0.020758 0.961779 0.011531 0.005170
1 4 0.114781 0.439553 0.337783 0.005417 0.102465
1 4 0.163874 0.444334 0.268600 0.006351 0.116842
2 4 0.053855 0.358099 0.487683 0.006749 0.093614
1 4 0.243955 0.320361 0.272736 0.019705 0.143244
1 4 0.147627 0.458636 0.274531 0.005488 0.113718
1 4 0.176184 0.429741 0.262075 0.007632 0.124368
1 4 0.100934 0.446327 0.300488 0.007455 0.144796
1 4 0.228241 0.288761 0.201028 0.024157 0.257813
1 4 0.236074 0.379195 0.240162 0.011095 0.133475
1 4 0.262037 0.400082 0.249305 0.005626 0.082950
1 4 0.121466 0.459045 0.272733 0.006739 0.140018
1 4 0.118029 0.450046 0.268019 0.008028 0.155877
1 4 0.177166 0.397147 0.245568 0.013373 0.166746
1 4 0.095582 0.463442 0.271942 0.007207 0.161826
1 4 0.110374 0.463033 0.273539 0.006734 0.146321
1 4 0.118538 0.442859 0.264522 0.008986 0.165095
1 4 0.104060 0.464752 0.273649 0.006774 0.150766
1 4 0.253883 0.380663 0.239581 0.009931 0.115942
1 4 0.151274 0.451727 0.271463 0.006129 0.119407
1 4 0.214866 0.408017 0.252650 0.008262 0.116206
1 4 0.273275 0.333352 0.219382 0.016090 0.157901
1 4 0.186452 0.438695 0.266814 0.005674 0.102365
1 4 0.228545 0.445494 0.270015 0.002283 0.053663
1 4 0.134903 0.504201 0.293902 0.001919 0.065075
0 4 0.439665 0.301007 0.196748 0.005986 0.056594
0 4 0.387070 0.334727 0.215214 0.005050 0.057940
1 4 0.078523 0.453128 0.405250 0.002183 0.060916
1 4 0.058369 0.503311 0.359262 0.001904 0.077154
1 4 0.047436 0.485811 0.384533 0.002068 0.080152
1 4 0.061305 0.515726 0.290185 0.003376 0.129408
2 2 0.000739 0.026836 0.958791 0.007324 0.006309
2 2 0.001787 0.080065 0.894571 0.003695 0.019882
2 2 0.000869 0.022986 0.958436 0.011814 0.005894
2 2 0.000412 0.010066 0.981124 0.006742 0.001656
2 2 0.001756 0.021659 0.965696 0.007361 0.003528
2 2 0.000445 0.005137 0.982625 0.011169 0.000623
2 2 0.000394 0.007909 0.967840 0.022252 0.001606
2 2 0.000952 0.014815 0.962648 0.018459 0.003126
2 3 0.000432 0.003832 0.957382 0.037811 0.000542
2 3 0.000466 0.004464 0.937990 0.056297 0.000782
2 3 0.000371 0.002655 0.853143 0.143374 0.000457
2 3 0.000684 0.005178 0.871906 0.121223 0.001008
2 3 0.000573 0.002759 0.749903 0.246269 0.000497
2 3 0.000260 0.001596 0.823908 0.173951 0.000285
2 3 0.002249 0.017039 0.877608 0.098742 0.004361
2 3 0.000432 0.003480 0.885656 0.109760 0.000672
2 3 0.000622 0.005207 0.890974 0.102168 0.001030
2 3 0.000472 0.002970 0.830809 0.165200 0.000549
2 3 0.000313 0.001262 0.684741 0.313467 0.000217
2 3 0.000298 0.001148 0.569467 0.428954 0.000132
2 3 0.000688 0.002878 0.736469 0.259331 0.000634
3 3 0.000851 0.002420 0.465134 0.531152 0.000443
2 3 0.000645 0.002281 0.658474 0.338143 0.000457
2 3 0.000288 0.001152 0.616979 0.381436 0.000144
2 3 0.000854 0.002783 0.563362 0.432578 0.000423
2 3 0.000276 0.001346 0.747206 0.250947 0.000225
2 3 0.000540 0.001918 0.584232 0.413045 0.000266
2 3 0.000783 0.002362 0.511011 0.485414 0.000430
2 3 0.000403 0.001506 0.587018 0.410883 0.000190
3 3 0.000694 0.002118 0.497988 0.498841 0.000359
2 3 0.000517 0.001827 0.552680 0.444755 0.000221
2 3 0.000485 0.001611 0.501706 0.495983 0.000214
2 3 0.000437 0.001539 0.537483 0.460348 0.000193
2 3 0.000450 0.001544 0.529921 0.467874 0.000210
3 3 0.000679 0.001226 0.213193 0.784378 0.000525
3 3 0.000785 0.001627 0.280222 0.716835 0.000531
3 3 0.000781 0.001629 0.282882 0.714183 0.000526
3 3 0.000580 0.001073 0.212778 0.785133 0.000437
2 3 0.000788 0.002619 0.577352 0.418834 0.000407
3 3 0.000486 0.001270 0.366764 0.631202 0.000279
3 3 0.000356 0.000910 0.313916 0.684629 0.000188
3 3 0.000595 0.001394 0.306061 0.691622 0.000328
3 3 0.000585 0.001212 0.244213 0.753643 0.000347
3 3 0.000506 0.000918 0.193233 0.804972 0.000371
3 3 0.000624 0.001454 0.314772 0.682786 0.000365
3 3 0.000463 0.000839 0.185138 0.813231 0.000329
3 3 0.000583 0.001087 0.204942 0.792998 0.000391
3 3 0.000416 0.000976 0.295130 0.703219 0.000258
3 3 0.000561 0.000733 0.102963 0.895232 0.000510
3 3 0.000338 0.000976 0.384263 0.614253 0.000170
3 3 0.000382 0.000673 0.167180 0.831483 0.000283
3 3 0.000853 0.002048 0.357167 0.639443 0.000489
3 3 0.000366 0.000609 0.141517 0.857251 0.000258
3 3 0.000528 0.000870 0.157931 0.840280 0.000391
3 3 0.000640 0.001534 0.321434 0.676052 0.000340
3 3 0.000545 0.001663 0.464985 0.532541 0.000266
3 3 0.000412 0.000966 0.287917 0.710460 0.000245
3 3 0.000932 0.001967 0.300212 0.696275 0.000614
3 3 0.000220 0.000281 0.072784 0.926511 0.000204
3 3 0.000423 0.001154 0.371790 0.626408 0.000224
3 3 0.001087 0.001934 0.227257 0.768942 0.000781
3 3 0.000913 0.001716 0.235143 0.761623 0.000605
3 3 0.000406 0.000643 0.131913 0.866743 0.000295
3 3 0.000438 0.000484 0.067325 0.931301 0.000452
3 3 0.000581 0.000929 0.156035 0.841996 0.000458
3 3 0.000492 0.001263 0.354177 0.643788 0.000281
3 0 0.038116 0.018669 0.243718 0.685803 0.013693
3 1 0.008824 0.008950 0.206159 0.765157 0.010910
2 2 0.250119 0.100803 0.514762 0.108860 0.025455
0 0 0.856854 0.051926 0.050547 0.019507 0.021166
0 0 0.882478 0.042693 0.045664 0.015823 0.013342
2 0 0.303762 0.268532 0.374847 0.008046 0.044814
2 0 0.087371 0.227020 0.647003 0.005906 0.032700
2 0 0.015467 0.161315 0.809037 0.001325 0.012856
2 0 0.030991 0.155030 0.795871 0.002761 0.015346
2 1 0.042064 0.241223 0.684684 0.003021 0.029007
2 1 0.009749 0.061134 0.914788 0.005760 0.008569
2 1 0.086662 0.245843 0.625839 0.005606 0.036050
2 1 0.016323 0.178989 0.768459 0.004299 0.031929
2 1 0.024690 0.144049 0.806389 0.004468 0.020404
2 1 0.039782 0.119886 0.809844 0.009757 0.020730
2 2 0.035583 0.169170 0.770036 0.003986 0.021225
2 2 0.005364 0.081631 0.889248 0.005662 0.018096
2 2 0.002549 0.029357 0.959437 0.004931 0.003727
2 2 0.005344 0.035653 0.949885 0.005088 0.004030
2 2 0.023087 0.098008 0.855019 0.007395 0.016492
2 2 0.016800 0.093002 0.880161 0.002207 0.007830
2 2 0.030508 0.193857 0.755346 0.002118 0.018171
2 1 0.009205 0.092893 0.874435 0.005633 0.017835
2 2 0.002166 0.030029 0.960393 0.003161 0.004250
2 2 0.001639 0.020748 0.969848 0.004894 0.002872
2 2 0.002068 0.020772 0.969518 0.004798 0.002843
2 2 0.005711 0.048834 0.936589 0.003075 0.005792
2 2 0.002370 0.034462 0.958480 0.001540 0.003148
2 2 0.001355 0.026869 0.962518 0.004352 0.004906
2 2 0.006859 0.050661 0.933289 0.003263 0.005928
2 2 0.004488 0.052553 0.934284 0.002523 0.006153
2 2 0.004783 0.042575 0.941255 0.005378 0.006009
2 2 0.007770 0.067773 0.910060 0.004271 0.010127
2 1 0.009291 0.080324 0.898259 0.002851 0.009275
2 2 0.010241 0.086696 0.889885 0.002958 0.010220
2 2 0.040232 0.218664 0.721102 0.001838 0.018163
2 2 0.015755 0.141572 0.827427 0.001905 0.013341
2 2 0.002536 0.025228 0.967011 0.002549 0.002676
2 2 0.001001 0.010940 0.980604 0.006184 0.001270
2 2 0.002383 0.052106 0.935704 0.002402 0.007406
2 2 0.011516 0.093349 0.882421 0.002630 0.010085
2 2 0.012818 0.090874 0.883744 0.002810 0.009754
2 2 0.068718 0.173308 0.734435 0.004447 0.019091
2 2 0.028767 0.185138 0.764092 0.002539 0.019464
2 2 0.004005 0.029439 0.959309 0.003899 0.003348
2 2 0.008342 0.049214 0.932510 0.004029 0.005904
2 2 0.003971 0.034653 0.953783 0.003479 0.004114
2 2 0.003216 0.029845 0.956650 0.006083 0.004206
2 2 0.004735 0.051703 0.931277 0.004145 0.008139
2 2 0.002758 0.023931 0.965427 0.005047 0.002837
2 2 0.012276 0.063491 0.898250 0.013999 0.011983
2 2 0.002891 0.020637 0.955619 0.017171 0.003682
2 2 0.011222 0.086359 0.887753 0.003563 0.011103
2 2 0.013165 0.109773 0.864833 0.002019 0.010210
2 2 0.034626 0.196400 0.744197 0.002910 0.021867
2 2 0.078015 0.345791 0.525389 0.003346 0.047459
2 2 0.022553 0.150329 0.810006 0.002356 0.014756
2 2 0.021881 0.144527 0.819733 0.001847 0.012011
2 2 0.063465 0.271245 0.640510 0.001927 0.022853
2 2 0.233078 0.310032 0.420758 0.003504 0.032628
0 1 0.406905 0.335399 0.214484 0.002929 0.040283
1 1 0.204620 0.455311 0.274554 0.002664 0.062852
2 1 0.091037 0.418545 0.433077 0.002536 0.054805
2 1 0.056756 0.323470 0.592359 0.001418 0.025997
2 1 0.057355 0.309313 0.606868 0.001505 0.024959
2 0 0.140566 0.311345 0.514637 0.002873 0.030579
1 1 0.233614 0.443527 0.269052 0.002189 0.051619
2 1 0.074820 0.405745 0.479765 0.001524 0.038146
2 1 0.044496 0.309461 0.615877 0.001628 0.028537
1 1 0.201192 0.467442 0.279480 0.001786 0.050100
2 1 0.097752 0.369562 0.498792 0.001717 0.032177
1 1 0.239416 0.437031 0.266222 0.002489 0.054841
1 1 0.132194 0.416145 0.401749 0.002360 0.047551
1 1 0.144045 0.423713 0.379887 0.002436 0.049918
2 0 0.024949 0.130655 0.829987 0.002465 0.011943
1 1 0.339044 0.374160 0.235354 0.003060 0.048382
1 1 0.267120 0.429475 0.261880 0.001647 0.039878
1 1 0.192259 0.473644 0.282094 0.001719 0.050285
1 1 0.199993 0.470471 0.280656 0.001611 0.047269
1 1 0.280765 0.407702 0.265431 0.002220 0.043882
1 1 0.278985 0.413681 0.255041 0.002511 0.049781
1 1 0.117550 0.532604 0.303800 0.000925 0.045120
2 2 0.041140 0.192145 0.742117 0.003230 0.021368
2 2 0.045323 0.235131 0.698280 0.001820 0.019446
0 2 0.357295 0.347313 0.242067 0.003912 0.049413
1 1 0.285646 0.401204 0.249443 0.003563 0.060143
1 1 0.158099 0.488332 0.288093 0.002111 0.063364
1 1 0.271936 0.414591 0.255719 0.002875 0.054880
1 1 0.241440 0.424131 0.260619 0.003812 0.069998
1 1 0.226932 0.440887 0.268150 0.002832 0.061199
1 1 0.217711 0.454578 0.273979 0.002038 0.051694
1 1 0.134643 0.472805 0.340787 0.001686 0.050079
1 2 0.269359 0.349605 0.335646 0.003499 0.041891
1 2 0.174885 0.491153 0.288972 0.001245 0.043745
2 2 0.019518 0.162251 0.793290 0.003292 0.021649
2 2 0.003062 0.026943 0.965326 0.002520 0.002150
2 2 0.028005 0.167225 0.792886 0.001253 0.010632
2 2 0.071179 0.358282 0.535108 0.001761 0.033670
2 2 0.088518 0.396624 0.477827 0.001563 0.035468
1 1 0.338155 0.371221 0.234110 0.003556 0.052957
2 2 0.066945 0.427004 0.459433 0.001595 0.045023
2 2 0.008066 0.071736 0.910884 0.002226 0.007089
2 2 0.151655 0.324875 0.493651 0.002243 0.027576
0 0 0.496931 0.262501 0.175005 0.007855 0.057708
0 0 0.655574 0.171877 0.120049 0.009697 0.042802
1 1 0.342631 0.361507 0.229489 0.004707 0.061666
1 1 0.345326 0.361724 0.229498 0.004412 0.059039
2 1 0.093143 0.360500 0.503558 0.002519 0.040280
1 1 0.228743 0.419593 0.258541 0.005337 0.087786
0 1 0.376048 0.326364 0.211355 0.008180 0.078052
1 1 0.248825 0.421545 0.259360 0.003622 0.066648
2 2 0.048674 0.354944 0.542727 0.002791 0.050864
2 2 0.004451 0.045157 0.941696 0.003046 0.005651
2 2 0.001421 0.015409 0.972108 0.009024 0.002039
2 2 0.003088 0.034959 0.956032 0.002223 0.003698
2 2 0.000596 0.007444 0.978905 0.012167 0.000889
2 2 0.000669 0.011008 0.982442 0.004537 0.001344
2 2 0.001335 0.024896 0.968287 0.002281 0.003201
2 2 0.001910 0.024372 0.967226 0.003261 0.003231
2 2 0.007450 0.061960 0.918661 0.003687 0.008242
2 4 0.027368 0.325882 0.552295 0.005820 0.088634
1 4 0.160370 0.429466 0.261114 0.008715 0.140336
1 4 0.159950 0.430188 0.261449 0.008629 0.139785
1 4 0.192062 0.310439 0.205169 0.029034 0.263296
1 4 0.067961 0.461131 0.266196 0.007975 0.196738
1 4 0.302609 0.343776 0.220818 0.013161 0.119635
1 4 0.231616 0.396101 0.247050 0.008978 0.116254
0 4 0.462664 0.241516 0.164759 0.021588 0.109473
0 4 0.289180 0.280635 0.193719 0.025849 0.210617
1 4 0.264362 0.355450 0.227474 0.014077 0.138637
0 4 0.343589 0.247588 0.175272 0.030267 0.203285
0 4 0.397938 0.198664 0.148814 0.037008 0.217576
0 4 0.325509 0.275732 0.186483 0.029336 0.182939
1 4 0.204808 0.393551 0.244952 0.011852 0.144836
1 4 0.234075 0.398754 0.248434 0.008271 0.110466
1 4 0.140123 0.444319 0.267120 0.007722 0.140716
1 4 0.126099 0.465824 0.276387 0.005735 0.125956
1 4 0.093794 0.495532 0.286786 0.004089 0.119798
1 4 0.099311 0.443370 0.369607 0.003915 0.083797
1 4 0.043966 0.465377 0.400032 0.002606 0.088019
2 4 0.023189 0.307736 0.621420 0.002360 0.045294
2 4 0.009005 0.221441 0.726842 0.002654 0.040058
2 4 0.010139 0.151758 0.819763 0.001781 0.016559
2 2 0.004710 0.079640 0.901909 0.002631 0.011110
2 2 0.026050 0.211865 0.741513 0.001679 0.018894
2 2 0.000510 0.007379 0.985720 0.005527 0.000864
2 2 0.000439 0.004463 0.981297 0.013319 0.000483
2 2 0.000622 0.008662 0.987629 0.002315 0.000772
2 2 0.000409 0.005044 0.988100 0.005985 0.000461
2 2 0.001273 0.017439 0.975957 0.003160 0.002171
2 0 0.028554 0.250960 0.692093 0.001956 0.026437
2 0 0.243516 0.264655 0.421095 0.012419 0.058316
1 1 0.139669 0.469222 0.334756 0.001954 0.054399
2 1 0.056613 0.292343 0.618438 0.002314 0.030293
2 1 0.093123 0.389960 0.467072 0.002549 0.047295
1 1 0.116164 0.425883 0.417585 0.001582 0.038786
1 1 0.246549 0.431253 0.263603 0.002658 0.055937
2 0 0.190358 0.376574 0.382572 0.003361 0.047135
2 1 0.086086 0.256246 0.618607 0.004700 0.034361
2 1 0.098038 0.301038 0.561985 0.003455 0.035483
1 1 0.149968 0.428371 0.359809 0.002986 0.058866
2 1 0.057488 0.341651 0.565671 0.001797 0.033393
2 1 0.056058 0.349054 0.564024 0.001391 0.029473
2 1 0.015637 0.113565 0.855645 0.002769 0.012384
2 2 0.012665 0.178243 0.790792 0.001433 0.016867
2 1 0.020309 0.180478 0.785695 0.001121 0.012397
2 1 0.021327 0.172546 0.793107 0.001189 0.011831
2 1 0.034036 0.184815 0.768755 0.001194 0.011201
2 2 0.040379 0.274974 0.665904 0.001016 0.017727
2 2 0.068400 0.271124 0.637351 0.001799 0.021327
2 2 0.007618 0.065884 0.913831 0.003772 0.008895
2 2 0.001548 0.018036 0.976017 0.002699 0.001701
2 2 0.001703 0.019055 0.975944 0.001647 0.001650
2 2 0.003327 0.041388 0.949433 0.001838 0.004015
2 2 0.004767 0.053481 0.936433 0.001300 0.004019
2 2 0.005616 0.050844 0.939185 0.001129 0.003225
2 2 0.006718 0.069121 0.918273 0.001164 0.004724
2 2 0.006388 0.044586 0.944277 0.001571 0.003178
2 2 0.008294 0.063113 0.920329 0.002289 0.005975
2 1 0.021602 0.162477 0.796261 0.002443 0.017216
2 2 0.002434 0.030133 0.960812 0.002852 0.003769
2 2 0.001632 0.019855 0.972140 0.003787 0.002586
2 2 0.000722 0.007241 0.982813 0.008447 0.000777
2 2 0.002183 0.016008 0.977042 0.003424 0.001343
2 2 0.001606 0.015905 0.976636 0.004337 0.001515
2 2 0.000747 0.006137 0.983914 0.008694 0.000508
2 2 0.004115 0.029578 0.959817 0.003989 0.002502
2 2 0.001701 0.024022 0.968311 0.003173 0.002793
2 2 0.009828 0.031377 0.946416 0.009217 0.003162
2 1 0.003442 0.026780 0.955006 0.010499 0.004272
2 1 0.002749 0.032073 0.959214 0.002382 0.003583
2 2 0.001012 0.005979 0.969798 0.022528 0.000682
2 2 0.004115 0.049024 0.939838 0.002024 0.005000
2 2 0.000479 0.008804 0.985493 0.004152 0.001072
2 2 0.001009 0.012894 0.982794 0.002138 0.001165
2 2 0.001039 0.008356 0.985428 0.004493 0.000685
2 2 0.002279 0.032034 0.961365 0.001492 0.002830
2 2 0.002837 0.018526 0.970327 0.006399 0.001911
2 2 0.002433 0.023870 0.969403 0.002034 0.002259
2 2 0.001420 0.012184 0.969080 0.015514 0.001801
2 2 0.003216 0.028409 0.960253 0.004622 0.003500
2 2 0.001637 0.013825 0.976971 0.006143 0.001424
2 2 0.005177 0.031247 0.955240 0.005190 0.003145
2 2 0.001011 0.004508 0.948466 0.045572 0.000443
2 2 0.001480 0.008193 0.980776 0.008890 0.000660
2 2 0.002179 0.013388 0.970029 0.013032 0.001372
2 2 0.001063 0.008213 0.961112 0.028458 0.001154
2 2 0.000813 0.005159 0.965865 0.027636 0.000527
2 2 0.001014 0.007418 0.959557 0.031062 0.000949
2 2 0.000944 0.004333 0.944336 0.049896 0.000490
2 2 0.000803 0.006221 0.952229 0.039926 0.000822
2 2 0.001207 0.008628 0.974875 0.014448 0.000842
2 2 0.000874 0.003525 0.900883 0.094292 0.000427
2 2 0.002978 0.014961 0.957810 0.022557 0.001694
2 2 0.001127 0.006812 0.960547 0.030735 0.000778
2 2 0.002474 0.012737 0.965126 0.018451 0.001213
2 2 0.002077 0.011421 0.967857 0.017443 0.001202
2 2 0.001329 0.008653 0.968566 0.020592 0.000860
2 2 0.002040 0.009611 0.949199 0.038126 0.001023
2 2 0.001873 0.015132 0.962035 0.019003 0.001958
2 2 0.000585 0.003074 0.905102 0.090812 0.000427
2 3 0.000818 0.003013 0.740566 0.255107 0.000495
2 2 0.001484 0.007907 0.966648 0.023158 0.000803
2 2 0.000833 0.002968 0.762879 0.232842 0.000478
2 2 0.001219 0.006422 0.951057 0.040537 0.000765
2 2 0.001050 0.003629 0.768907 0.225793 0.000620
2 3 0.002305 0.007989 0.857962 0.130389 0.001355
2 2 0.001066 0.007974 0.937573 0.052049 0.001339
2 3 0.000713 0.002024 0.606094 0.390918 0.000251
2 2 0.003286 0.008120 0.904163 0.083442 0.000989
2 3 0.001014 0.003251 0.595634 0.399505 0.000596
2 3 0.001370 0.007499 0.939970 0.050003 0.001157
2 2 0.001236 0.004731 0.889006 0.104266 0.000761
2 2 0.003343 0.018860 0.965430 0.010128 0.002239
2 2 0.001549 0.008575 0.947164 0.041499 0.001212
2 2 0.015893 0.051537 0.919370 0.007439 0.005760
2 0 0.118575 0.273350 0.551393 0.007643 0.049039
2 1 0.025849 0.173975 0.787768 0.001191 0.011218
2 2 0.021667 0.104923 0.861672 0.002505 0.009233
2 1 0.163926 0.274242 0.528465 0.003949 0.029418
2 1 0.202987 0.292953 0.467566 0.004016 0.032478
1 1 0.265297 0.419655 0.267996 0.002120 0.044932
0 1 0.387216 0.335528 0.215591 0.004879 0.056785
2 1 0.099606 0.390847 0.474495 0.001564 0.033488
2 1 0.024386 0.146129 0.817074 0.001620 0.010792
2 1 0.032763 0.148761 0.805436 0.001907 0.011133
1 1 0.298762 0.402107 0.256990 0.001997 0.040144
1 1 0.145518 0.501828 0.302038 0.001348 0.049269
1 1 0.303734 0.396867 0.246847 0.002783 0.049769
1 1 0.130024 0.523929 0.300998 0.000969 0.044080
2 1 0.098674 0.349746 0.505803 0.003052 0.042724
0 0 0.389502 0.317993 0.206793 0.008484 0.077228
0 1 0.423770 0.325433 0.209003 0.002942 0.038851
0 1 0.431748 0.323321 0.207492 0.002534 0.034905
0 1 0.626131 0.194141 0.133537 0.007064 0.039126
0 0 0.589721 0.220548 0.149169 0.005017 0.035544
0 0 0.801730 0.093581 0.068897 0.010167 0.025626
0 0 0.510623 0.265828 0.176098 0.004871 0.042579
0 0 0.414242 0.340063 0.215700 0.001671 0.028324
0 0 0.466961 0.306520 0.197437 0.001911 0.027171
0 0 0.586298 0.234298 0.155788 0.002105 0.021511
0 0 0.504178 0.283352 0.184434 0.002053 0.025982
0 0 0.481971 0.288297 0.188460 0.003525 0.037748
0 0 0.784210 0.111142 0.080008 0.005251 0.019388
0 0 0.895374 0.046285 0.035896 0.009086 0.013359
0 0 0.671044 0.117222 0.122595 0.043610 0.045529
0 0 0.557210 0.152741 0.207194 0.044974 0.037880
0 0 0.568661 0.216170 0.149176 0.010305 0.055687
0 0 0.475472 0.297646 0.193050 0.002506 0.031326
2 0 0.150826 0.271626 0.550130 0.002993 0.024424
0 0 0.438921 0.322105 0.206356 0.002083 0.030536
1 0 0.165204 0.412645 0.386090 0.001589 0.034473
1 1 0.223739 0.459762 0.275606 0.001341 0.039552
2 1 0.076060 0.361471 0.539998 0.000905 0.021566
2 1 0.070690 0.293976 0.618023 0.000990 0.016321
2 1 0.044185 0.260617 0.675887 0.001249 0.018063
2 1 0.028290 0.222173 0.735983 0.000853 0.012702
2 2 0.014389 0.093109 0.880724 0.002589 0.009189
2 2 0.002031 0.011262 0.980200 0.005713 0.000793
2 2 0.007398 0.037625 0.949268 0.002892 0.002818
2 2 0.012003 0.091995 0.889362 0.001101 0.005539
2 2 0.003862 0.022784 0.967700 0.003780 0.001874
2 2 0.029055 0.160592 0.801635 0.000876 0.007841
2 2 0.006812 0.043134 0.944309 0.002449 0.003297
2 2 0.016593 0.112579 0.863405 0.001047 0.006376
2 2 0.011907 0.067953 0.913817 0.001637 0.004686
2 2 0.009866 0.058589 0.924467 0.002408 0.004670
2 1 0.169876 0.303718 0.500241 0.002237 0.023929
2 2 0.013837 0.079775 0.900013 0.001384 0.004991
2 2 0.002145 0.012179 0.977799 0.006942 0.000936
2 1 0.014614 0.097736 0.880293 0.001249 0.006107
2 1 0.040015 0.164599 0.787039 0.000903 0.007445
2 1 0.087142 0.377832 0.509856 0.001006 0.024164
1 1 0.231559 0.452657 0.272615 0.001514 0.041654
1 1 0.121648 0.447328 0.385598 0.001637 0.043790
2 1 0.043607 0.365306 0.560688 0.001082 0.029317
2 2 0.000268 0.003113 0.979768 0.016535 0.000316
2 2 0.000545 0.006993 0.986947 0.004839 0.000676
2 2 0.000858 0.010300 0.983863 0.004010 0.000969
2 2 0.002165 0.025571 0.966638 0.002842 0.002784
2 2 0.003403 0.026704 0.966436 0.001522 0.001935
2 2 0.001850 0.015928 0.978544 0.002390 0.001288
2 2 0.001688 0.010139 0.982529 0.004892 0.000752
2 2 0.002091 0.019402 0.974058 0.002580 0.001869
2 2 0.008344 0.042016 0.943183 0.003074 0.003383
2 2 0.005482 0.047763 0.939758 0.002289 0.004709
2 2 0.000940 0.007635 0.986066 0.004743 0.000616
2 2 0.002011 0.020954 0.973134 0.002249 0.001652
2 2 0.000669 0.004984 0.980832 0.013091 0.000424
2 2 0.002817 0.021744 0.969752 0.003754 0.001933
2 2 0.003789 0.026338 0.957186 0.009857 0.002830
2 2 0.005986 0.037100 0.948648 0.004782 0.003484
2 2 0.002230 0.017254 0.973692 0.005295 0.001529
2 2 0.000938 0.005651 0.972743 0.020141 0.000527
2 2 0.003415 0.015699 0.962095 0.017236 0.001555
2 2 0.000901 0.006255 0.970581 0.021597 0.000665
2 2 0.010436 0.058337 0.923123 0.002904 0.005200
2 2 0.006068 0.046524 0.939863 0.003094 0.004451
2 2 0.002947 0.023888 0.962562 0.007904 0.002699
2 2 0.000956 0.005861 0.971259 0.021357 0.000568
2 2 0.002071 0.012865 0.974264 0.009637 0.001163
2 2 0.004302 0.018793 0.960614 0.014283 0.002007
2 2 0.000720 0.004875 0.975219 0.018778 0.000408
2 2 0.001151 0.005097 0.940341 0.052815 0.000596
2 2 0.001131 0.006617 0.967755 0.023804 0.000692
2 2 0.000668 0.002533 0.945829 0.050744 0.000226
2 2 0.000891 0.004701 0.928326 0.065548 0.000534
2 2 0.000515 0.001706 0.827637 0.169927 0.000216
2 2 0.000915 0.004830 0.940382 0.053342 0.000532
2 3 0.001014 0.003313 0.890435 0.104919 0.000320
2 3 0.002262 0.010185 0.961638 0.024902 0.001013
2 3 0.000254 0.001594 0.905818 0.092137 0.000196
2 3 0.001452 0.006070 0.930600 0.061196 0.000682
2 3 0.001030 0.002451 0.696892 0.299223 0.000405
2 3 0.000167 0.000822 0.721876 0.277022 0.000114
2 3 0.000971 0.004700 0.921492 0.072288 0.000549
2 3 0.000220 0.000982 0.699878 0.298771 0.000149
2 3 0.000327 0.001264 0.583027 0.415236 0.000145
2 3 0.000953 0.002254 0.710113 0.286319 0.000361
2 2 0.002471 0.006779 0.902050 0.087946 0.000754
2 2 0.003747 0.017224 0.958063 0.019380 0.001585
2 2 0.002038 0.009729 0.968679 0.018716 0.000839
2 2 0.003277 0.017600 0.964824 0.012747 0.001551
2 2 0.003176 0.014339 0.957653 0.023482 0.001351
2 2 0.007573 0.032052 0.939260 0.017335 0.003781
2 2 0.006392 0.036952 0.947572 0.005840 0.003244
2 2 0.003356 0.013494 0.958586 0.023363 0.001202
2 2 0.017463 0.042137 0.912165 0.023259 0.004975
2 1 0.016240 0.083929 0.890594 0.002266 0.006971
2 1 0.016828 0.093684 0.879469 0.002178 0.007841
2 2 0.008840 0.054484 0.929152 0.002493 0.005031
2 2 0.004951 0.029216 0.952549 0.009871 0.003413
2 2 0.002220 0.014544 0.974610 0.007221 0.001404
2 2 0.004712 0.023772 0.967346 0.002534 0.001637
2 1 0.035017 0.146005 0.803708 0.002533 0.012736
2 1 0.069020 0.229800 0.678839 0.002440 0.019901
2 1 0.127187 0.392770 0.420345 0.003530 0.056168
2 1 0.092432 0.336732 0.546308 0.001328 0.023200
2 1 0.022682 0.136501 0.829017 0.001653 0.010147
2 2 0.010800 0.070606 0.912172 0.001527 0.004895
2 2 0.004336 0.036534 0.954701 0.001608 0.002820
2 2 0.000813 0.006529 0.986070 0.006115 0.000473
2 2 0.002406 0.019338 0.973791 0.002933 0.001532
2 2 0.001405 0.008459 0.983294 0.006224 0.000618
2 2 0.004173 0.029081 0.962502 0.002075 0.002170
2 2 0.003551 0.018980 0.971852 0.004270 0.001348
2 2 0.008943 0.066184 0.920237 0.000999 0.003637
2 2 0.003113 0.026344 0.964680 0.003394 0.002468
2 2 0.001264 0.007827 0.986347 0.004065 0.000498
2 2 0.001087 0.006473 0.980488 0.011420 0.000532
2 2 0.001320 0.006769 0.974772 0.016636 0.000504
2 2 0.001860 0.010907 0.978922 0.007503 0.000808
2 2 0.002658 0.013443 0.973110 0.009670 0.001119
2 2 0.001453 0.008367 0.978105 0.011381 0.000694
2 2 0.003203 0.022702 0.966904 0.005045 0.002146
2 2 0.000982 0.005818 0.981599 0.011184 0.000418
2 2 0.004908 0.037807 0.951185 0.002859 0.003240
2 2 0.002549 0.011109 0.972907 0.012595 0.000840
2 2 0.002689 0.008779 0.960141 0.027672 0.000719
2 2 0.004853 0.027420 0.953807 0.011045 0.002876
2 2 0.001435 0.007087 0.973881 0.017028 0.000568
2 2 0.003622 0.016459 0.967583 0.010979 0.001357
2 2 0.001538 0.006407 0.965951 0.025582 0.000521
2 2 0.002926 0.011643 0.964073 0.020447 0.000911
2 2 0.001696 0.009856 0.962572 0.024935 0.000941
2 2 0.003244 0.015286 0.972197 0.008244 0.001029
2 2 0.003334 0.018262 0.962928 0.013741 0.001736
2 2 0.002856 0.009668 0.953356 0.033253 0.000867
2 2 0.005085 0.024403 0.950293 0.017807 0.002412
2 2 0.002195 0.010444 0.968413 0.018074 0.000874
2 2 0.006404 0.036112 0.949306 0.005304 0.002875
2 2 0.002824 0.011093 0.957071 0.027989 0.001023
2 2 0.002342 0.007947 0.944762 0.044220 0.000729
2 2 0.002458 0.010274 0.953205 0.033078 0.000986
2 2 0.003658 0.013735 0.947591 0.033699 0.001317
2 2 0.003864 0.009538 0.929243 0.056289 0.001066
2 2 0.003217 0.013684 0.968500 0.013408 0.001190
2 2 0.002544 0.009882 0.966593 0.020149 0.000832
2 2 0.000779 0.003504 0.951323 0.044111 0.000283
2 2 0.001780 0.006579 0.967547 0.023576 0.000518
2 2 0.003128 0.019532 0.965323 0.010269 0.001748
2 2 0.003265 0.018450 0.965692 0.010969 0.001623
2 2 0.001319 0.006403 0.962381 0.029308 0.000589
2 2 0.001666 0.006415 0.944085 0.047158 0.000675
2 2 0.002436 0.008162 0.952750 0.035978 0.000674
2 2 0.001237 0.004839 0.946139 0.047355 0.000430
2 2 0.003809 0.011013 0.940100 0.043949 0.001129
2 2 0.001452 0.006247 0.927144 0.064536 0.000620
2 2 0.001789 0.007173 0.927387 0.062893 0.000758
2 2 0.001681 0.007087 0.949205 0.041440 0.000588
2 2 0.001866 0.009239 0.969487 0.018715 0.000692
2 2 0.001533 0.005006 0.884826 0.108111 0.000524
2 2 0.001407 0.004042 0.896836 0.097340 0.000375
2 2 0.004719 0.018590 0.951866 0.022938 0.001887
2 2 0.004312 0.018943 0.950847 0.024064 0.001833
2 2 0.003979 0.009488 0.872996 0.112452 0.001085
2 2 0.004635 0.016724 0.926898 0.049797 0.001945
2 2 0.002112 0.004864 0.741219 0.251212 0.000594
2 2 0.001548 0.005240 0.907527 0.085165 0.000520
2 2 0.002410 0.006761 0.860925 0.129076 0.000828
2 2 0.003444 0.005601 0.748103 0.242144 0.000708
2 2 0.002390 0.006263 0.901912 0.088838 0.000597
2 2 0.000999 0.002443 0.807844 0.188468 0.000246
2 2 0.006449 0.021597 0.931166 0.038529 0.002259
2 2 0.002273 0.008628 0.935246 0.052967 0.000886
2 2 0.002796 0.009350 0.944502 0.042521 0.000831
2 2 0.001514 0.005174 0.903348 0.089423 0.000541
2 2 0.004227 0.009823 0.856121 0.128675 0.001154
2 2 0.002565 0.011084 0.952036 0.033329 0.000986
2 2 0.002056 0.007576 0.896125 0.093349 0.000894
2 2 0.004517 0.014059 0.924204 0.055681 0.001541
2 2 0.002851 0.012611 0.932334 0.050704 0.001500
2 2 0.002742 0.008072 0.908681 0.079637 0.000869
2 2 0.003211 0.011802 0.949055 0.034871 0.001061
2 3 0.002082 0.004548 0.797551 0.195297 0.000522
2 2 0.006776 0.029905 0.948663 0.011989 0.002667
2 1 0.011283 0.018666 0.880136 0.087318 0.002597
2 2 0.011828 0.044379 0.928701 0.009881 0.005211
1 0 0.295975 0.306053 0.305820 0.020503 0.071650
2 1 0.016196 0.117423 0.852571 0.002332 0.011478
2 1 0.033241 0.164836 0.785036 0.002303 0.014585
2 2 0.005318 0.023742 0.962503 0.006236 0.002202
2 2 0.026015 0.245183 0.685545 0.003623 0.039634
2 2 0.024191 0.198211 0.741646 0.004159 0.031792
2 4 0.033768 0.338766 0.533169 0.005821 0.088476
1 4 0.231275 0.407580 0.252771 0.006985 0.101390
1 4 0.041482 0.424953 0.340409 0.008265 0.184891
1 4 0.106743 0.448435 0.266006 0.008693 0.170123
1 4 0.118030 0.381938 0.233114 0.020181 0.246738
4 4 0.176733 0.216455 0.157853 0.045223 0.403735
0 4 0.540519 0.159374 0.122595 0.031713 0.145798
1 4 0.104655 0.401859 0.242115 0.016313 0.235058
1 4 0.266556 0.393746 0.246236 0.006271 0.087191
4 4 0.067389 0.163849 0.120711 0.045301 0.602751
4 4 0.092071 0.197244 0.144357 0.038334 0.527995
4 4 0.083948 0.299111 0.200734 0.020305 0.395901
4 4 0.057791 0.109471 0.088381 0.045597 0.698761
1 4 0.247672 0.306905 0.201297 0.030125 0.214001
4 4 0.117571 0.147906 0.111834 0.072848 0.549841
4 4 0.148248 0.256623 0.179500 0.034805 0.380825
4 4 0.274472 0.169653 0.135450 0.046136 0.374289
4 4 0.073510 0.110116 0.089163 0.054925 0.672287
1 4 0.158828 0.326568 0.219464 0.019180 0.275961
1 4 0.199068 0.366006 0.230134 0.018843 0.185950
1 4 0.221233 0.377822 0.237306 0.013783 0.149855
0 4 0.401356 0.295604 0.194731 0.013124 0.095186
1 4 0.070785 0.393472 0.232798 0.017779 0.285167
1 4 0.114603 0.449842 0.267569 0.008200 0.159786
0 4 0.331490 0.329598 0.213374 0.013260 0.112278
1 4 0.161606 0.382437 0.236901 0.017781 0.201276
0 4 0.351528 0.271117 0.180706 0.031862 0.164787
1 4 0.084183 0.414435 0.245825 0.014298 0.241260
1 4 0.152468 0.312295 0.206529 0.027358 0.301349
1 4 0.140821 0.388418 0.238581 0.017702 0.214477
1 4 0.272189 0.350114 0.223818 0.015212 0.138668
1 4 0.179347 0.333933 0.211576 0.030405 0.244739
1 4 0.198551 0.376437 0.235698 0.016241 0.173073
1 4 0.169983 0.337976 0.220471 0.021715 0.249855
0 4 0.620596 0.191395 0.132253 0.009353 0.046403
1 4 0.196435 0.401318 0.248632 0.011007 0.142607
0 4 0.345016 0.285450 0.188910 0.026607 0.154017
1 4 0.167138 0.368883 0.229996 0.020768 0.213215
0 4 0.475655 0.217776 0.149744 0.032222 0.124603
1 4 0.149671 0.436848 0.264110 0.008250 0.141121
1 4 0.142256 0.418304 0.255596 0.010999 0.172844
1 4 0.316559 0.317112 0.206443 0.019252 0.140636
0 4 0.396859 0.233337 0.158806 0.042596 0.168402
1 4 0.167270 0.410311 0.251824 0.011518 0.159077
0 4 0.316772 0.314649 0.205078 0.020057 0.143444
1 4 0.192920 0.348921 0.220553 0.024301 0.213304
0 4 0.466549 0.211146 0.155472 0.022454 0.144380
4 4 0.208072 0.140921 0.115444 0.057802 0.477762
4 4 0.243761 0.225661 0.169343 0.032316 0.328920
4 4 0.082721 0.256060 0.172328 0.034146 0.454746
4 4 0.262203 0.174261 0.138824 0.043590 0.381122
4 4 0.107452 0.163621 0.128415 0.038457 0.562055
2 4 0.136029 0.249700 0.485830 0.029446 0.098995
0 4 0.346480 0.235551 0.169050 0.033016 0.215903
1 4 0.077255 0.411767 0.243335 0.014713 0.252930
0 4 0.371298 0.311590 0.203614 0.012820 0.100678
0 4 0.353119 0.272108 0.181300 0.031085 0.162389
1 4 0.182002 0.345484 0.218107 0.026352 0.228055
1 4 0.088437 0.449156 0.263937 0.009133 0.189337
1 4 0.132834 0.355451 0.225579 0.021035 0.265101
4 4 0.205568 0.273722 0.195070 0.024887 0.300752
0 4 0.527901 0.204090 0.146046 0.019823 0.102140
0 4 0.628920 0.167617 0.118191 0.019280 0.065992
0 4 0.302216 0.284378 0.191275 0.029194 0.192936
1 4 0.328293 0.336956 0.217297 0.011681 0.105773
1 4 0.260569 0.381730 0.240215 0.009051 0.108434
1 4 0.256861 0.350536 0.223726 0.016924 0.151953
1 4 0.242986 0.360291 0.228630 0.015862 0.152230
1 4 0.261282 0.348849 0.222915 0.016872 0.150082
4 4 0.206401 0.233071 0.174488 0.029220 0.356820
0 4 0.468320 0.184022 0.140414 0.030398 0.176845
0 4 0.406122 0.279823 0.185964 0.017813 0.110277
0 4 0.486333 0.236183 0.161793 0.018588 0.097104
1 4 0.269601 0.333685 0.214816 0.020379 0.161518
0 4 0.376566 0.203294 0.150671 0.040205 0.229264
0 4 0.368057 0.277026 0.184281 0.026007 0.144629
0 4 0.438104 0.213297 0.150560 0.037258 0.160781
1 4 0.237906 0.375461 0.236549 0.012674 0.137410
1 4 0.215353 0.340213 0.216747 0.024795 0.202891
4 4 0.084818 0.317912 0.207346 0.021109 0.368815
0 4 0.317304 0.245525 0.177272 0.028988 0.230911
4 4 0.058286 0.222718 0.154109 0.030116 0.534771
1 4 0.070831 0.450853 0.261756 0.009139 0.207421
1 4 0.146926 0.444026 0.267458 0.007387 0.134203
1 4 0.079723 0.462841 0.391331 0.002193 0.063911
1 4 0.225731 0.418190 0.257845 0.005768 0.092466
1 4 0.069531 0.474549 0.272975 0.006577 0.176368
1 4 0.043359 0.419698 0.243426 0.010227 0.283291
4 4 0.036972 0.203061 0.143902 0.020002 0.596062
1 4 0.098914 0.412193 0.247109 0.014301 0.227483
1 4 0.080720 0.481820 0.278487 0.005682 0.153291
1 4 0.084054 0.450990 0.264163 0.008986 0.191808
1 4 0.046360 0.445296 0.253040 0.009317 0.245987
1 4 0.128289 0.444175 0.266090 0.008351 0.153095
1 4 0.249804 0.409634 0.253883 0.005164 0.081516
1 4 0.191251 0.359053 0.229084 0.018758 0.201854
1 4 0.066655 0.472946 0.271612 0.006761 0.182027
1 4 0.131211 0.466658 0.277194 0.005402 0.119535
0 4 0.339457 0.336432 0.216995 0.010380 0.096737
1 4 0.120616 0.444727 0.265653 0.008633 0.160370
1 4 0.246973 0.403771 0.251070 0.006301 0.091886
1 4 0.077748 0.445991 0.417351 0.002073 0.056837
1 4 0.213646 0.444266 0.269762 0.003270 0.069057
1 4 0.181415 0.459805 0.276399 0.003495 0.078886
1 4 0.310917 0.374621 0.236535 0.005473 0.072454
1 4 0.221419 0.430786 0.263721 0.004352 0.079721
1 1 0.299634 0.368126 0.233462 0.007819 0.090959
1 1 0.182980 0.416154 0.255609 0.009344 0.135913
1 1 0.064446 0.493373 0.280752 0.004956 0.156474
1 1 0.138315 0.474437 0.281298 0.004242 0.101708
1 1 0.342595 0.346517 0.222163 0.007629 0.081097
1 1 0.290268 0.385784 0.242218 0.005485 0.076245
1 1 0.247973 0.391711 0.245114 0.008317 0.106886
1 1 0.245017 0.377250 0.237652 0.011552 0.128529
0 0 0.658287 0.159294 0.112627 0.015501 0.054291
0 1 0.436622 0.268970 0.179697 0.016325 0.098385
0 1 0.525246 0.222229 0.152058 0.017585 0.082882
0 0 0.666044 0.140527 0.100990 0.025350 0.067088
0 1 0.470270 0.262400 0.175616 0.012511 0.079202
0 1 0.442251 0.282161 0.186888 0.010759 0.077942
0 1 0.392555 0.294302 0.194076 0.014983 0.104084
1 1 0.291598 0.367996 0.233407 0.008693 0.098306
0 1 0.407934 0.289801 0.191501 0.013947 0.096817
1 1 0.213013 0.391553 0.244208 0.011542 0.139683
0 0 0.482722 0.249659 0.168319 0.014920 0.084380
0 0 0.460929 0.265606 0.177539 0.013074 0.082852
1 1 0.256125 0.401521 0.250007 0.005895 0.086452
1 1 0.151617 0.444570 0.268027 0.007045 0.128741
1 1 0.179230 0.425670 0.260200 0.008050 0.126849
1 1 0.233408 0.410805 0.254372 0.006292 0.095123
0 1 0.389870 0.322709 0.209200 0.007292 0.070928
0 1 0.422512 0.284039 0.188198 0.013433 0.091819
0 1 0.465898 0.247110 0.167047 0.019462 0.100484
0 0 0.563189 0.218236 0.149021 0.010885 0.058669
1 0 0.270995 0.398195 0.248347 0.005169 0.077294
0 0 0.673783 0.158967 0.112033 0.011289 0.043929
1 1 0.222582 0.431639 0.264113 0.004166 0.077500
1 1 0.235032 0.428934 0.262836 0.003660 0.069537
1 0 0.220751 0.435879 0.266029 0.003773 0.073568
1 0 0.277429 0.395210 0.246864 0.005090 0.075407
1 0 0.205636 0.448037 0.271430 0.003343 0.071554
1 1 0.265670 0.405363 0.251763 0.004533 0.072671
1 1 0.218059 0.445197 0.270124 0.002909 0.063711
1 1 0.148435 0.496396 0.291156 0.001927 0.062085
1 1 0.130385 0.510309 0.296139 0.001693 0.061474
1 1 0.148243 0.426996 0.378408 0.002018 0.044335
1 1 0.076736 0.455062 0.427486 0.001150 0.039566
1 1 0.121022 0.522786 0.300504 0.001294 0.054393
1 1 0.118075 0.528935 0.302588 0.001077 0.049325
2 1 0.075068 0.412083 0.479462 0.001137 0.032249
1 1 0.163561 0.487160 0.287670 0.001966 0.059644
2 1 0.049615 0.314198 0.596611 0.002448 0.037128
2 1 0.031793 0.343654 0.593738 0.001111 0.029703
2 2 0.013500 0.157769 0.815291 0.001200 0.012240
2 2 0.067708 0.418651 0.469788 0.001552 0.042301
1 1 0.239769 0.426519 0.261706 0.003633 0.068373
1 1 0.201424 0.457964 0.275693 0.002585 0.062334
1 1 0.119845 0.518471 0.298867 0.001566 0.061251
1 1 0.099712 0.467894 0.389328 0.001251 0.041815
1 1 0.099752 0.544530 0.307235 0.000885 0.047599
1 1 0.174510 0.485335 0.286892 0.001638 0.051626
0 0 0.392200 0.304875 0.236545 0.007039 0.059341
0 0 0.424103 0.315059 0.204253 0.004814 0.051771
1 1 0.209880 0.458616 0.275804 0.002088 0.053612
1 1 0.095877 0.485869 0.377977 0.000997 0.039280
1 1 0.159782 0.497322 0.291533 0.001428 0.049935
1 1 0.199757 0.467784 0.279655 0.001826 0.050978
1 1 0.108870 0.541040 0.306374 0.000800 0.042916
1 1 0.130850 0.521866 0.300315 0.001043 0.045927
1 1 0.113017 0.462619 0.385134 0.001175 0.038055
1 1 0.112402 0.539741 0.306005 0.000764 0.041089
1 1 0.122614 0.527568 0.302191 0.001012 0.046616
2 1 0.061436 0.378447 0.532474 0.000999 0.026644
2 1 0.030096 0.176056 0.775344 0.002223 0.016280
2 2 0.021026 0.194681 0.771246 0.000925 0.012121
2 2 0.055765 0.359239 0.558839 0.001011 0.025146
1 1 0.078900 0.457195 0.431282 0.000830 0.031793
2 2 0.017946 0.184656 0.785885 0.000795 0.010717
2 2 0.021545 0.130640 0.838951 0.001160 0.007704
2 1 0.028116 0.265856 0.688657 0.000825 0.016546
2 2 0.007472 0.068078 0.918480 0.001267 0.004703
2 2 0.012245 0.078989 0.902234 0.001386 0.005146
2 2 0.010413 0.080640 0.902713 0.001179 0.005056
2 2 0.011295 0.077212 0.904356 0.001572 0.005565
2 2 0.016453 0.103205 0.872842 0.001231 0.006269
1 0 0.180571 0.452804 0.273230 0.004301 0.089094
2 2 0.005704 0.078536 0.904863 0.002104 0.008793
2 2 0.000317 0.005943 0.989609 0.003517 0.000614
2 2 0.000227 0.003095 0.993051 0.003400 0.000226
2 2 0.000720 0.008532 0.985433 0.004363 0.000952
2 2 0.000473 0.006774 0.988434 0.003590 0.000729
2 2 0.000120 0.001782 0.992245 0.005717 0.000137
2 2 0.000407 0.007601 0.987699 0.003374 0.000919
2 2 0.000291 0.003153 0.990788 0.005515 0.000254
2 2 0.000687 0.009373 0.985041 0.003819 0.001080
2 2 0.000704 0.009279 0.986231 0.002835 0.000951
2 2 0.000286 0.006051 0.990440 0.002618 0.000605
2 2 0.000350 0.005181 0.990928 0.003038 0.000503
2 2 0.000598 0.008606 0.985467 0.004340 0.000989
2 2 0.000342 0.003955 0.987367 0.007950 0.000385
2 2 0.000791 0.010014 0.985333 0.002867 0.000995
2 2 0.000372 0.005322 0.989488 0.004310 0.000508
2 2 0.000419 0.005879 0.986017 0.006960 0.000725
2 2 0.000216 0.003253 0.991002 0.005257 0.000273
2 2 0.000301 0.004341 0.990206 0.004732 0.000421
2 2 0.000115 0.001376 0.979635 0.018757 0.000117
2 2 0.000532 0.006835 0.984813 0.006983 0.000837
2 2 0.000337 0.002989 0.988635 0.007815 0.000225
2 2 0.000190 0.001846 0.979425 0.018360 0.000179
2 2 0.000071 0.000918 0.963358 0.035564 0.000089
2 2 0.000116 0.001220 0.984836 0.013737 0.000092
2 2 0.000224 0.003444 0.983612 0.012265 0.000455
2 2 0.000109 0.001792 0.981703 0.016207 0.000189
2 2 0.000120 0.000884 0.952342 0.046570 0.000084
2 2 0.000107 0.001289 0.982475 0.016018 0.000110
2 2 0.000133 0.001071 0.928899 0.069766 0.000131
2 2 0.000096 0.001620 0.967383 0.030664 0.000236
2 2 0.000079 0.001657 0.986277 0.011798 0.000189
2 2 0.000240 0.002474 0.974299 0.022709 0.000278
2 2 0.000150 0.000884 0.901288 0.097582 0.000095
2 2 0.000167 0.001037 0.889701 0.108958 0.000137
2 2 0.000159 0.001419 0.893694 0.104494 0.000233
2 2 0.000073 0.000525 0.925224 0.074127 0.000052
2 3 0.000138 0.000635 0.670700 0.328451 0.000076
2 3 0.000144 0.000670 0.714643 0.284443 0.000100
2 3 0.000108 0.000717 0.821264 0.177806 0.000104
2 3 0.000181 0.000797 0.659512 0.339409 0.000100
2 3 0.000238 0.000992 0.642425 0.356217 0.000128
2 3 0.000100 0.000848 0.867615 0.131324 0.000114
2 3 0.000091 0.000454 0.702453 0.296948 0.000054
2 3 0.000293 0.002018 0.854939 0.142373 0.000376
2 3 0.000099 0.000495 0.728952 0.270385 0.000069
2 3 0.000162 0.000720 0.634795 0.364245 0.000078
2 3 0.000063 0.000337 0.727872 0.271690 0.000039
2 3 0.000214 0.000903 0.627629 0.371149 0.000106
2 3 0.000174 0.000750 0.587932 0.411075 0.000070
2 3 0.000183 0.000903 0.751051 0.247715 0.000148
2 3 0.000080 0.000411 0.704944 0.294518 0.000047
2 3 0.000289 0.001047 0.508968 0.489577 0.000120
2 3 0.000120 0.000553 0.607153 0.392126 0.000048
3 3 0.000134 0.000532 0.480848 0.518437 0.000049
2 3 0.000191 0.000804 0.571656 0.427277 0.000073
2 3 0.000150 0.000670 0.611130 0.387985 0.000065
2 3 0.000113 0.000534 0.648112 0.351188 0.000054
3 3 0.000351 0.001089 0.417862 0.580543 0.000155
2 3 0.000140 0.000631 0.609708 0.389462 0.000059
3 3 0.000108 0.000431 0.481924 0.517494 0.000043
2 3 0.000106 0.000503 0.619495 0.379852 0.000044
2 3 0.000253 0.001036 0.619587 0.379000 0.000125
2 3 0.000197 0.000852 0.652780 0.346064 0.000108
2 3 0.000108 0.000515 0.652594 0.346732 0.000052
3 3 0.000166 0.000538 0.378090 0.621134 0.000072
2 3 0.000090 0.000446 0.661559 0.337862 0.000044
2 3 0.000172 0.000751 0.624562 0.374435 0.000080
2 3 0.000176 0.000756 0.582452 0.416547 0.000069
3 3 0.000195 0.000681 0.426122 0.572928 0.000074
2 3 0.000377 0.001308 0.501577 0.496581 0.000157
2 3 0.000138 0.000618 0.582174 0.417018 0.000052
2 3 0.000220 0.000923 0.620457 0.378294 0.000106
2 3 0.000142 0.000637 0.608073 0.391089 0.000059
2 3 0.000203 0.000852 0.586635 0.412226 0.000083
3 3 0.000198 0.000610 0.371997 0.627103 0.000093
2 3 0.000308 0.001201 0.576883 0.421476 0.000132
2 3 0.000168 0.000720 0.559835 0.439216 0.000060
3 3 0.000116 0.000470 0.485754 0.513619 0.000042
2 3 0.000180 0.000779 0.612237 0.386724 0.000081
3 3 0.000276 0.000983 0.492028 0.506597 0.000115
2 3 0.000109 0.000525 0.679355 0.319952 0.000060
2 3 0.000118 0.000504 0.508254 0.491085 0.000039
2 3 0.000138 0.000627 0.627358 0.371815 0.000062
2 3 0.000216 0.000852 0.544438 0.454405 0.000089
2 3 0.000092 0.000450 0.636994 0.362424 0.000040
2 3 0.000215 0.000884 0.561292 0.437529 0.000080
3 3 0.000210 0.000617 0.338602 0.660477 0.000095
