0 0 0.377351 0.206685 0.168463 0.088394 0.159107
0 0 0.372938 0.141775 0.105898 0.123117 0.256273
0 0 0.359047 0.248532 0.214228 0.067502 0.110692
0 0 0.363570 0.240888 0.205479 0.071221 0.118842
0 0 0.372938 0.141775 0.105898 0.123117 0.256273
0 0 0.374694 0.146337 0.110013 0.120601 0.248355
0 0 0.344061 0.269274 0.239021 0.057637 0.090007
0 0 0.374534 0.145893 0.109610 0.120845 0.249117
0 0 0.379110 0.198277 0.159836 0.092744 0.170032
0 0 0.380369 0.172956 0.134837 0.106127 0.205712
0 0 0.380172 0.170663 0.132642 0.107358 0.209164
0 0 0.366084 0.236198 0.200204 0.073525 0.123990
0 0 0.378717 0.160818 0.123341 0.112680 0.224443
1 0 0.295455 0.315193 0.301280 0.036997 0.051075
1 0 0.278059 0.327535 0.320581 0.031724 0.042101
1 0 0.275414 0.329282 0.323439 0.030986 0.040879
2 1 0.234793 0.352797 0.353877 0.023733 0.034801
2 1 0.194720 0.374937 0.377878 0.018559 0.033906
1 1 0.053068 0.455376 0.430804 0.004763 0.055988
2 1 0.008044 0.302916 0.615808 0.001049 0.072182
1 1 0.177850 0.381610 0.362269 0.020137 0.058134
2 1 0.260565 0.338526 0.339190 0.027113 0.034606
1 1 0.064775 0.445901 0.411598 0.006537 0.071189
1 2 0.032958 0.458334 0.436186 0.003058 0.069463
1 2 0.069099 0.442893 0.408030 0.007105 0.072873
2 2 0.018796 0.329826 0.620801 0.001745 0.028832
1 2 0.269533 0.333055 0.329733 0.029399 0.038280
1 2 0.272459 0.331197 0.326612 0.030180 0.039553
1 2 0.113147 0.420307 0.406597 0.010954 0.048995
1 2 0.019025 0.472274 0.416807 0.001769 0.090125
2 2 0.003467 0.143118 0.819943 0.000637 0.032834
2 2 0.013487 0.208944 0.717356 0.002466 0.057747
2 2 0.005633 0.135159 0.830180 0.001078 0.027951
2 2 0.007361 0.219340 0.660257 0.001523 0.111519
1 2 0.087335 0.388289 0.319095 0.013798 0.191483
1 2 0.107419 0.367731 0.299303 0.018324 0.207224
1 2 0.057199 0.377176 0.296458 0.009723 0.259444
1 2 0.084595 0.356255 0.280240 0.015517 0.263393
0 2 0.353552 0.238237 0.199972 0.072700 0.135539
1 2 0.073662 0.392971 0.320425 0.011557 0.201386
1 2 0.030417 0.365921 0.316096 0.005247 0.282319
1 2 0.115889 0.358697 0.290632 0.020414 0.214367
1 2 0.080730 0.330556 0.252537 0.016338 0.319839
1 2 0.135240 0.323379 0.254924 0.027212 0.259245
4 2 0.059999 0.257006 0.182176 0.015306 0.485514
1 2 0.209095 0.307543 0.251775 0.040607 0.190980
1 2 0.255173 0.282671 0.232285 0.051462 0.178409
1 2 0.137744 0.309551 0.240827 0.029225 0.282652
0 2 0.305394 0.271838 0.230491 0.057904 0.134374
1 2 0.190982 0.295925 0.235247 0.040371 0.237475
0 2 0.279642 0.251618 0.201969 0.063051 0.203719
4 4 0.151878 0.285494 0.218739 0.034917 0.308972
4 4 0.286153 0.170473 0.125420 0.091634 0.326321
0 4 0.378570 0.160094 0.122665 0.113074 0.225597
0 4 0.331801 0.283088 0.256520 0.051254 0.077336
0 4 0.281184 0.259217 0.210484 0.060843 0.188271
1 4 0.256483 0.292639 0.244604 0.048734 0.157539
0 4 0.324717 0.210588 0.165700 0.082647 0.216348
0 4 0.379671 0.166436 0.128624 0.109637 0.215633
0 4 0.288355 0.284595 0.242589 0.052789 0.131672
1 4 0.135407 0.330075 0.262235 0.026487 0.245796
4 4 0.090851 0.310222 0.234212 0.019715 0.345000
1 4 0.148463 0.298996 0.231714 0.032513 0.288315
1 4 0.209018 0.311093 0.255990 0.039849 0.184050
4 4 0.070505 0.317141 0.237622 0.014936 0.359797
4 4 0.086643 0.287218 0.212002 0.020314 0.393822
4 4 0.076952 0.328194 0.249498 0.015709 0.329647
1 4 0.145220 0.359924 0.300602 0.024142 0.170111
1 4 0.115568 0.370953 0.305776 0.019146 0.188557
1 4 0.248881 0.314086 0.271165 0.041895 0.123973
1 4 0.080369 0.396275 0.327195 0.012283 0.183878
1 4 0.157975 0.383728 0.345624 0.020703 0.091970
4 4 0.142043 0.279640 0.211814 0.033599 0.332904
1 4 0.163637 0.308650 0.244214 0.033923 0.249576
1 4 0.096674 0.412880 0.361137 0.012602 0.116708
0 4 0.305039 0.188781 0.143052 0.088290 0.274839
1 4 0.076194 0.349989 0.271625 0.014371 0.287821
1 4 0.110512 0.384370 0.322118 0.017123 0.165877
1 4 0.075149 0.431704 0.383400 0.008857 0.100889
1 4 0.027681 0.433288 0.353666 0.003583 0.181782
1 4 0.041668 0.383036 0.298285 0.006883 0.270129
2 4 0.011008 0.305414 0.501620 0.001963 0.179995
1 4 0.031478 0.436052 0.360060 0.004012 0.168398
2 2 0.005161 0.233040 0.616559 0.001054 0.144186
2 2 0.006560 0.151596 0.798697 0.001337 0.041811
1 2 0.032562 0.446505 0.377487 0.003856 0.139590
2 2 0.241428 0.349155 0.358919 0.022715 0.027782
2 2 0.102029 0.426588 0.426636 0.008699 0.036048
1 2 0.022277 0.471957 0.422788 0.002031 0.080947
1 2 0.272651 0.331073 0.326406 0.030232 0.039638
2 2 0.016247 0.413320 0.497299 0.001618 0.071515
1 2 0.067143 0.447084 0.427654 0.006082 0.052036
2 2 0.005480 0.132501 0.844260 0.000878 0.016882
2 2 0.091855 0.431924 0.435625 0.007468 0.033128
1 2 0.284586 0.323083 0.313448 0.033614 0.045269
2 2 0.186176 0.374234 0.410560 0.013429 0.015602
1 2 0.041004 0.454682 0.402433 0.004353 0.097529
2 2 0.013063 0.102435 0.852003 0.003542 0.028958
1 2 0.078238 0.427336 0.376457 0.009547 0.108422
1 2 0.160194 0.387133 0.355987 0.019667 0.077018
2 2 0.161074 0.392491 0.405909 0.013565 0.026961
1 2 0.133812 0.408527 0.396365 0.013283 0.048013
1 2 0.231388 0.351903 0.337011 0.027061 0.052637
1 2 0.225302 0.354700 0.337694 0.026688 0.055616
1 2 0.017526 0.471738 0.412413 0.001656 0.096667
2 2 0.007292 0.151608 0.793424 0.001558 0.046118
2 2 0.010243 0.234084 0.701010 0.001584 0.053078
2 2 0.004035 0.069785 0.913055 0.000976 0.012149
2 2 0.005355 0.052294 0.927367 0.001774 0.013210
2 2 0.030945 0.302301 0.630548 0.003448 0.032758
2 2 0.232076 0.353870 0.368397 0.020776 0.024881
2 2 0.253711 0.342490 0.346317 0.025467 0.032014
1 2 0.295784 0.314944 0.300905 0.037105 0.051262
0 2 0.325081 0.289867 0.265448 0.048177 0.071428
1 2 0.021912 0.474089 0.470402 0.001436 0.032161
2 2 0.253051 0.342863 0.347001 0.025313 0.031773
0 2 0.318705 0.295887 0.273587 0.045474 0.066346
1 4 0.113389 0.417882 0.391702 0.012158 0.064869
2 4 0.015259 0.193312 0.748520 0.002661 0.040248
1 4 0.135486 0.407806 0.398648 0.013163 0.044897
1 4 0.284283 0.323295 0.313783 0.033523 0.045116
1 4 0.295395 0.315238 0.301349 0.036978 0.051040
2 4 0.205496 0.366545 0.391716 0.016460 0.019783
2 4 0.207340 0.364928 0.393163 0.016221 0.018348
2 4 0.009904 0.300400 0.668983 0.000825 0.019888
2 2 0.071978 0.158798 0.710447 0.017367 0.041411
2 2 0.148326 0.397862 0.419981 0.011504 0.022327
2 2 0.003827 0.129102 0.852446 0.000563 0.014062
2 2 0.020189 0.245734 0.711867 0.002206 0.020003
2 2 0.016433 0.365002 0.602646 0.001052 0.014868
2 2 0.006134 0.144213 0.838083 0.000774 0.010796
2 2 0.002166 0.031044 0.962341 0.000850 0.003599
1 2 0.217888 0.356534 0.333670 0.027079 0.064828
2 2 0.081322 0.423873 0.478830 0.004519 0.011456
2 2 0.005556 0.111961 0.874291 0.000824 0.007369
2 2 0.003354 0.072229 0.917980 0.000581 0.005856
2 2 0.002259 0.035079 0.958320 0.000678 0.003664
2 2 0.002818 0.011696 0.978097 0.005447 0.001943
2 2 0.011845 0.071085 0.904687 0.002907 0.009476
2 2 0.212840 0.362642 0.387680 0.017167 0.019670
2 2 0.082942 0.435153 0.449274 0.006138 0.026493
2 2 0.002995 0.014184 0.972169 0.007287 0.003365
2 2 0.231780 0.354015 0.368696 0.020717 0.024793
1 2 0.291226 0.318338 0.306062 0.035643 0.048731
2 2 0.231274 0.354260 0.369205 0.020616 0.024644
2 2 0.021569 0.472919 0.476085 0.001346 0.028080
2 2 0.018150 0.259935 0.695630 0.002001 0.024284
2 2 0.188503 0.374136 0.405995 0.014111 0.017254
0 2 0.331057 0.283863 0.257528 0.050900 0.076651
2 2 0.160947 0.380297 0.439603 0.009548 0.009605
2 2 0.041502 0.456309 0.478414 0.002568 0.021207
2 2 0.009862 0.116656 0.857903 0.002026 0.013552
2 2 0.008831 0.075660 0.903995 0.001964 0.009551
0 2 0.333779 0.280998 0.253814 0.052210 0.079199
0 2 0.372391 0.222244 0.184898 0.080476 0.139990
2 0 0.243299 0.348175 0.357013 0.023119 0.028394
2 0 0.167325 0.378609 0.433145 0.010339 0.010581
2 2 0.023531 0.456611 0.507425 0.001094 0.011339
2 2 0.016851 0.467090 0.499942 0.000830 0.015288
2 2 0.012557 0.088892 0.888506 0.002312 0.007733
2 2 0.003658 0.107028 0.883992 0.000421 0.004901
2 2 0.002859 0.113352 0.878544 0.000305 0.004941
2 2 0.011387 0.376415 0.595574 0.000699 0.015925
2 2 0.002091 0.044017 0.950793 0.000393 0.002707
2 2 0.006253 0.140345 0.844618 0.000723 0.008060
2 2 0.007434 0.031871 0.944505 0.010624 0.005566
2 2 0.009364 0.081321 0.900248 0.003610 0.005457
2 2 0.013835 0.083411 0.882339 0.009686 0.010728
2 2 0.012629 0.024895 0.919551 0.036475 0.006451
2 2 0.015261 0.025522 0.900595 0.050647 0.007976
2 2 0.010938 0.015380 0.669786 0.294136 0.009760
2 2 0.018089 0.036174 0.875679 0.063092 0.006965
2 2 0.033362 0.134933 0.797403 0.015067 0.019237
2 3 0.014234 0.019695 0.794347 0.163007 0.008718
2 3 0.022267 0.049586 0.861389 0.056346 0.010412
2 3 0.013521 0.024230 0.843910 0.110770 0.007569
3 3 0.016559 0.021520 0.421519 0.520553 0.019849
3 3 0.004949 0.006361 0.290752 0.687703 0.010235
2 3 0.042192 0.090161 0.741045 0.106905 0.019696
3 3 0.007022 0.008659 0.269643 0.700779 0.013897
3 3 0.007004 0.013116 0.282566 0.686875 0.010439
3 3 0.003539 0.005312 0.166872 0.815507 0.008771
3 3 0.008063 0.011977 0.171117 0.793095 0.015748
3 3 0.002541 0.004160 0.138719 0.847677 0.006903
3 3 0.004833 0.007419 0.089093 0.885995 0.012660
3 3 0.005326 0.007794 0.112061 0.861611 0.013209
3 3 0.008980 0.011944 0.131921 0.827476 0.019679
3 3 0.005128 0.007637 0.088115 0.885776 0.013344
3 3 0.005193 0.007964 0.065815 0.906911 0.014116
3 3 0.023210 0.025107 0.110289 0.797306 0.044089
2 3 0.154428 0.266378 0.492581 0.044842 0.041771
2 3 0.125113 0.410888 0.430749 0.009573 0.023677
1 3 0.235692 0.343494 0.316850 0.031308 0.072655
2 2 0.017642 0.262618 0.701001 0.001678 0.017061
2 2 0.008084 0.170333 0.802776 0.001090 0.017717
2 2 0.007857 0.058209 0.922784 0.003120 0.008030
2 2 0.105559 0.424484 0.425922 0.008967 0.035068
2 2 0.020133 0.312162 0.651155 0.001552 0.014997
2 2 0.004640 0.029605 0.958402 0.002990 0.004363
2 2 0.040569 0.457580 0.477015 0.002545 0.022291
2 2 0.005384 0.043190 0.943495 0.002503 0.005428
2 2 0.019638 0.443439 0.513979 0.001192 0.021752
2 2 0.003285 0.024452 0.966469 0.002461 0.003334
2 2 0.016869 0.040960 0.921545 0.014022 0.006604
2 2 0.018852 0.166642 0.793709 0.005062 0.015735
2 2 0.016964 0.133149 0.831844 0.004769 0.013274
2 2 0.009344 0.147082 0.831581 0.001208 0.010785
2 2 0.007034 0.045410 0.939185 0.003905 0.004467
2 2 0.008337 0.066420 0.914498 0.002849 0.007896
2 2 0.010761 0.148701 0.826723 0.001473 0.012343
2 2 0.017292 0.044729 0.913785 0.015548 0.008645
2 2 0.020297 0.305833 0.659097 0.001524 0.013248
2 2 0.005245 0.058151 0.929661 0.001519 0.005424
2 2 0.005595 0.095658 0.890806 0.001163 0.006778
2 2 0.008903 0.051401 0.927595 0.005986 0.006115
2 2 0.007867 0.162173 0.816559 0.001008 0.012392
2 2 0.012669 0.022432 0.878338 0.081177 0.005384
2 2 0.016129 0.042153 0.893509 0.037498 0.010712
2 2 0.008216 0.013895 0.751712 0.220154 0.006022
3 2 0.013654 0.020854 0.445004 0.505421 0.015066
2 2 0.004245 0.006407 0.530536 0.452754 0.006058
3 2 0.002823 0.004422 0.299120 0.687628 0.006008
2 3 0.015978 0.024407 0.591401 0.354549 0.013666
3 3 0.001509 0.002591 0.188011 0.803659 0.004230
3 3 0.002831 0.004316 0.186249 0.799460 0.007144
3 3 0.003769 0.005851 0.123450 0.857171 0.009759
3 3 0.003553 0.005252 0.165484 0.816885 0.008827
3 3 0.003453 0.005747 0.064678 0.916020 0.010101
3 3 0.004802 0.007237 0.111185 0.864643 0.012133
3 3 0.003890 0.006223 0.055871 0.922583 0.011433
3 3 0.006935 0.010044 0.073072 0.892337 0.017611
3 3 0.007498 0.010687 0.075165 0.887960 0.018690
3 3 0.003841 0.006228 0.056495 0.922155 0.011280
3 3 0.005750 0.008437 0.064991 0.905398 0.015423
3 3 0.002532 0.004483 0.047738 0.937047 0.008200
3 3 0.005919 0.008792 0.067557 0.902065 0.015667
3 3 0.003883 0.006288 0.056814 0.921642 0.011373
3 3 0.003076 0.005223 0.051594 0.930586 0.009521
3 3 0.003257 0.005445 0.052526 0.928815 0.009957
3 3 0.005666 0.008396 0.065251 0.905471 0.015217
3 3 0.002701 0.004577 0.046859 0.937162 0.008702
3 3 0.004260 0.006624 0.057173 0.919652 0.012292
3 3 0.002268 0.004097 0.045432 0.940659 0.007544
3 3 0.002710 0.004639 0.047676 0.936282 0.008693
3 3 0.003673 0.005810 0.052744 0.926747 0.011026
3 3 0.002561 0.004409 0.046167 0.938523 0.008341
3 3 0.005708 0.008324 0.064072 0.906520 0.015376
3 3 0.012513 0.015756 0.089821 0.854262 0.027649
2 3 0.045909 0.138121 0.775707 0.023389 0.016873
3 3 0.030203 0.042847 0.351195 0.544980 0.030776
2 3 0.014461 0.020089 0.606940 0.345262 0.013248
2 3 0.017197 0.030426 0.500484 0.437045 0.014849
3 3 0.005290 0.007540 0.154625 0.820159 0.012386
3 3 0.004965 0.007763 0.073500 0.900428 0.013344
3 3 0.005553 0.008479 0.067235 0.903879 0.014854
3 3 0.005791 0.008724 0.067911 0.902214 0.015359
3 3 0.003451 0.005791 0.055051 0.925354 0.010353
3 3 0.005662 0.008316 0.064375 0.906395 0.015253
3 3 0.004491 0.006900 0.058332 0.917476 0.012801
3 3 0.003912 0.006204 0.055395 0.922978 0.011510
3 3 0.004762 0.007329 0.060977 0.913610 0.013323
3 3 0.005166 0.007755 0.062277 0.910587 0.014215
3 3 0.003401 0.005714 0.054566 0.926072 0.010247
3 3 0.002350 0.004195 0.045783 0.939907 0.007765
3 3 0.003094 0.005133 0.050042 0.932095 0.009636
3 3 0.003877 0.006321 0.057332 0.921135 0.011334
3 3 0.003107 0.005176 0.050508 0.931560 0.009649
3 3 0.003748 0.006022 0.054762 0.924341 0.011126
3 3 0.004691 0.007176 0.059785 0.915135 0.013213
3 3 0.005432 0.007904 0.061643 0.910151 0.014871
3 3 0.003206 0.005233 0.050124 0.931507 0.009930
3 3 0.004959 0.007366 0.059565 0.914245 0.013866
3 3 0.003710 0.005934 0.053992 0.925299 0.011065
3 3 0.008286 0.011104 0.073672 0.886492 0.020446
3 3 0.013876 0.016392 0.087936 0.851471 0.030324
3 3 0.029520 0.035861 0.269675 0.627296 0.037648
3 3 0.012469 0.014139 0.222373 0.727751 0.023267
3 3 0.012255 0.016224 0.238296 0.712697 0.020528
3 3 0.012273 0.015502 0.089015 0.855951 0.027260
2 3 0.066995 0.130164 0.584051 0.187669 0.031121
3 3 0.017600 0.019607 0.172879 0.757518 0.032396
2 3 0.142807 0.172283 0.426472 0.197256 0.061182
2 3 0.122733 0.414486 0.420219 0.010401 0.032162
2 3 0.040846 0.226344 0.700624 0.008940 0.023247
2 3 0.042108 0.330308 0.611059 0.003375 0.013151
2 3 0.198579 0.368369 0.401886 0.014787 0.016379
2 2 0.253961 0.342349 0.346059 0.025526 0.032105
2 2 0.070624 0.427129 0.488518 0.003675 0.010054
2 2 0.010772 0.231793 0.744617 0.000958 0.011860
2 2 0.002988 0.055860 0.930038 0.000799 0.010314
1 2 0.058622 0.397551 0.379629 0.008531 0.155667
1 2 0.103499 0.421295 0.387639 0.011573 0.075994
1 2 0.102094 0.416787 0.373632 0.012400 0.095088
1 2 0.046621 0.369186 0.284786 0.008148 0.291259
1 2 0.048919 0.392087 0.391422 0.007227 0.160345
1 2 0.036572 0.378624 0.344410 0.005988 0.234406
1 2 0.042990 0.458429 0.416943 0.004213 0.077426
1 2 0.041913 0.397379 0.368272 0.006250 0.186186
0 2 0.313905 0.290198 0.260102 0.049512 0.086282
2 2 0.234747 0.352554 0.365699 0.021317 0.025683
1 0 0.265708 0.335428 0.333786 0.028405 0.036672
1 0 0.300096 0.311624 0.295954 0.038543 0.053783
1 0 0.080378 0.416141 0.356905 0.010786 0.135789
1 0 0.105835 0.376985 0.310513 0.017258 0.189410
1 2 0.054342 0.385005 0.304496 0.008942 0.247215
1 4 0.044750 0.387208 0.303949 0.007283 0.256811
4 4 0.099836 0.276021 0.203416 0.024287 0.396440
1 4 0.085166 0.404240 0.340461 0.012298 0.157836
1 4 0.288820 0.320084 0.308754 0.034895 0.047447
1 4 0.303055 0.309280 0.292512 0.039563 0.055589
1 4 0.045624 0.394053 0.312124 0.007216 0.240983
1 4 0.034144 0.401921 0.317012 0.005184 0.241737
1 4 0.154737 0.335255 0.272279 0.028801 0.208927
1 4 0.142381 0.357746 0.296839 0.024111 0.178923
1 4 0.073392 0.421632 0.362180 0.009622 0.133172
1 4 0.051093 0.430571 0.363651 0.006611 0.148074
2 4 0.017744 0.314179 0.527131 0.002978 0.137968
1 4 0.070276 0.427517 0.370766 0.008847 0.122595
1 4 0.028261 0.423116 0.340302 0.003865 0.204456
1 4 0.026082 0.401170 0.376489 0.003746 0.192512
1 4 0.034043 0.422170 0.398015 0.004351 0.141421
2 4 0.014919 0.316543 0.584616 0.002064 0.081858
2 4 0.003947 0.101094 0.871236 0.000875 0.022848
1 4 0.059870 0.433236 0.374056 0.007416 0.125422
2 4 0.011732 0.161991 0.783831 0.002348 0.040098
2 2 0.004472 0.075950 0.903295 0.001106 0.015177
1 2 0.102920 0.426235 0.412341 0.009775 0.048729
1 2 0.300721 0.311133 0.295230 0.038756 0.054159
2 2 0.233851 0.352998 0.366604 0.021135 0.025412
2 0 0.213685 0.362283 0.386837 0.017316 0.019879
2 0 0.198421 0.368428 0.402043 0.014762 0.016346
2 0 0.069958 0.442738 0.455083 0.005081 0.027140
2 0 0.046432 0.458416 0.458504 0.003404 0.033243
1 2 0.064442 0.448396 0.444463 0.005170 0.037529
2 2 0.256174 0.341086 0.343765 0.026049 0.032925
1 2 0.174005 0.386313 0.381712 0.017232 0.040737
2 2 0.101336 0.425490 0.436967 0.007932 0.028275
1 4 0.066863 0.440713 0.397312 0.007333 0.087779
2 4 0.036831 0.417470 0.472926 0.003841 0.068933
2 4 0.140742 0.402619 0.421459 0.011086 0.024093
1 4 0.084748 0.436452 0.416942 0.008065 0.053793
2 2 0.005113 0.123074 0.848209 0.000973 0.022632
2 2 0.017792 0.244714 0.676128 0.002881 0.058485
1 2 0.199228 0.372352 0.370188 0.019939 0.038292
1 2 0.067768 0.446824 0.429405 0.006059 0.049944
2 2 0.023807 0.417448 0.474158 0.002541 0.082045
1 2 0.053007 0.455011 0.451733 0.004078 0.036171
2 2 0.015068 0.394093 0.557975 0.001173 0.031692
2 2 0.001409 0.028564 0.966852 0.000374 0.002800
2 2 0.013263 0.234773 0.718344 0.001737 0.031884
2 2 0.208479 0.364463 0.392028 0.016414 0.018616
2 2 0.168799 0.378200 0.431659 0.010527 0.010816
2 2 0.168786 0.381471 0.424742 0.011375 0.013625
0 2 0.364000 0.240111 0.204600 0.071602 0.119687
2 2 0.188864 0.371894 0.411562 0.013297 0.014383
1 2 0.035833 0.465530 0.460530 0.002593 0.035515
1 2 0.031961 0.464862 0.418345 0.003068 0.081764
2 2 0.014644 0.382175 0.529885 0.001579 0.071717
2 2 0.001999 0.047577 0.945063 0.000442 0.004920
2 2 0.007781 0.104309 0.872361 0.001493 0.014056
1 2 0.029297 0.470541 0.457908 0.002152 0.040102
2 2 0.014437 0.178519 0.786776 0.001999 0.018269
2 2 0.001378 0.032098 0.963423 0.000329 0.002771
2 2 0.012532 0.286563 0.672432 0.001263 0.027210
2 2 0.002480 0.071358 0.918489 0.000457 0.007217
2 2 0.011541 0.173024 0.799247 0.001480 0.014708
2 2 0.015694 0.125642 0.831418 0.003352 0.023894
2 2 0.001809 0.052170 0.941329 0.000348 0.004344
2 2 0.004648 0.040994 0.945707 0.002850 0.005801
2 2 0.015171 0.309896 0.648558 0.001394 0.024980
2 2 0.004625 0.081148 0.904880 0.000864 0.008483
2 2 0.005472 0.048111 0.934896 0.001739 0.009782
2 2 0.004103 0.074390 0.914668 0.000720 0.006119
2 2 0.085802 0.435508 0.437754 0.006958 0.033978
2 2 0.232959 0.353438 0.367506 0.020954 0.025144
2 2 0.251044 0.343984 0.349071 0.024849 0.031051
2 2 0.126524 0.397674 0.458933 0.007177 0.009692
2 2 0.010440 0.261409 0.712458 0.000897 0.014796
2 2 0.001839 0.058156 0.935880 0.000306 0.003818
2 2 0.007524 0.079029 0.900997 0.001661 0.010788
2 2 0.007229 0.227006 0.751691 0.000661 0.013414
2 2 0.007811 0.224629 0.754926 0.000695 0.011939
2 2 0.003771 0.056842 0.933056 0.000892 0.005440
2 2 0.063272 0.205179 0.705814 0.008549 0.017185
2 2 0.220355 0.359360 0.380172 0.018520 0.021593
2 2 0.180885 0.374561 0.419528 0.012147 0.012879
2 2 0.203331 0.366533 0.397155 0.015554 0.017427
2 0 0.178236 0.375400 0.422179 0.011780 0.012405
2 0 0.196966 0.368975 0.403492 0.014533 0.016035
1 0 0.269117 0.333315 0.330175 0.029290 0.038102
2 0 0.215267 0.361603 0.385258 0.017596 0.020276
2 0 0.210356 0.363687 0.390158 0.016735 0.019064
2 2 0.160166 0.389789 0.419469 0.011881 0.018695
2 2 0.218781 0.360571 0.378958 0.018742 0.022946
2 0 0.224445 0.357497 0.376073 0.019286 0.022699
2 0 0.201536 0.367235 0.398942 0.015262 0.017025
2 4 0.163107 0.385949 0.424212 0.011364 0.015367
2 4 0.209196 0.364168 0.391313 0.016537 0.018786
0 4 0.332413 0.282447 0.255688 0.051547 0.077906
2 4 0.186670 0.372648 0.413750 0.012974 0.013958
2 4 0.165686 0.386317 0.418102 0.012160 0.017735
1 4 0.027593 0.472151 0.451886 0.002114 0.046255
1 4 0.086653 0.428504 0.387400 0.009905 0.087538
2 4 0.258668 0.339641 0.341170 0.026650 0.033871
1 4 0.074206 0.443100 0.430163 0.006536 0.045995
2 4 0.022009 0.441323 0.464457 0.002074 0.070137
2 4 0.086047 0.434573 0.442463 0.006703 0.030214
1 4 0.047686 0.458980 0.446768 0.003829 0.042737
2 4 0.005441 0.170227 0.784098 0.000955 0.039279
2 2 0.016521 0.294626 0.643249 0.001984 0.043620
2 2 0.007934 0.101729 0.870998 0.001703 0.017635
2 2 0.007983 0.134667 0.825857 0.001629 0.029864
2 2 0.108018 0.258119 0.582534 0.015787 0.035543
2 2 0.060361 0.439993 0.481088 0.003510 0.015049
2 2 0.011338 0.337052 0.639055 0.000698 0.011857
2 2 0.023972 0.379029 0.579421 0.001571 0.016008
2 2 0.010414 0.250072 0.726625 0.000862 0.012027
2 2 0.183207 0.374230 0.416194 0.012616 0.013753
2 2 0.022933 0.467583 0.487824 0.001293 0.020366
2 2 0.011379 0.144967 0.828210 0.001672 0.013771
2 2 0.010271 0.216531 0.758569 0.001023 0.013606
2 2 0.003792 0.040331 0.950620 0.001466 0.003791
2 2 0.007098 0.135008 0.847800 0.000907 0.009187
2 2 0.006565 0.189645 0.794160 0.000604 0.009026
2 2 0.165297 0.343951 0.452870 0.015178 0.022704
2 2 0.181214 0.374455 0.419199 0.012193 0.012939
2 2 0.229198 0.355261 0.371297 0.020205 0.024039
2 2 0.145185 0.389190 0.446779 0.008613 0.010233
2 2 0.153332 0.382122 0.447372 0.008652 0.008521
2 2 0.016357 0.448135 0.511975 0.000977 0.022557
2 2 0.007735 0.232955 0.741723 0.000758 0.016829
2 2 0.009738 0.207515 0.773563 0.000831 0.008352
2 2 0.017590 0.412441 0.550583 0.001075 0.018312
2 2 0.011905 0.158413 0.815824 0.001551 0.012307
2 2 0.031701 0.228862 0.722841 0.003306 0.013290
2 2 0.176135 0.376049 0.424284 0.011493 0.012038
2 2 0.010397 0.389837 0.583544 0.000604 0.015617
2 2 0.001113 0.029211 0.967953 0.000225 0.001498
2 2 0.003851 0.076796 0.913087 0.000662 0.005604
2 2 0.005083 0.083948 0.904748 0.000949 0.005272
2 2 0.003110 0.150779 0.839963 0.000277 0.005871
2 2 0.002584 0.070127 0.923319 0.000370 0.003600
2 2 0.004528 0.121929 0.867072 0.000512 0.005959
2 2 0.003498 0.087078 0.904344 0.000470 0.004610
2 2 0.006276 0.084917 0.900046 0.001120 0.007642
2 2 0.005220 0.041786 0.945485 0.002890 0.004619
2 2 0.007783 0.146137 0.837144 0.000887 0.008049
2 2 0.008298 0.065251 0.915296 0.003855 0.007300
2 2 0.005276 0.040951 0.948045 0.002682 0.003047
2 2 0.004704 0.020386 0.966971 0.004872 0.003066
2 2 0.003139 0.008722 0.966195 0.020327 0.001617
2 2 0.004331 0.018864 0.966329 0.007524 0.002952
2 2 0.006413 0.040713 0.943128 0.004990 0.004756
2 2 0.004516 0.033269 0.956930 0.002716 0.002569
2 2 0.010878 0.050163 0.921165 0.011608 0.006186
2 2 0.005051 0.011239 0.946818 0.034415 0.002477
2 2 0.005815 0.014925 0.948800 0.026767 0.003693
2 2 0.002746 0.025013 0.968181 0.001382 0.002678
2 2 0.004323 0.023645 0.964271 0.004250 0.003512
2 2 0.003685 0.007663 0.950569 0.036292 0.001792
2 2 0.004190 0.038192 0.952152 0.001927 0.003539
2 2 0.004673 0.009612 0.909679 0.073669 0.002367
2 2 0.007274 0.033458 0.939242 0.013766 0.006260
2 2 0.008982 0.017918 0.866442 0.100025 0.006633
2 2 0.006349 0.011079 0.875502 0.103755 0.003315
2 2 0.004803 0.008983 0.800628 0.182142 0.003444
2 2 0.007959 0.019775 0.859212 0.106521 0.006534
2 2 0.005044 0.007862 0.796696 0.186336 0.004061
2 2 0.002792 0.005837 0.772080 0.216919 0.002371
2 2 0.012520 0.027721 0.846803 0.105444 0.007511
2 2 0.001598 0.003417 0.677143 0.315918 0.001923
3 2 0.002421 0.003685 0.249916 0.738100 0.005878
3 2 0.002273 0.003421 0.260350 0.728423 0.005534
2 3 0.006842 0.012531 0.680090 0.294650 0.005887
2 3 0.011071 0.024046 0.857354 0.100509 0.007021
2 3 0.007500 0.011304 0.819436 0.156705 0.005056
2 3 0.004566 0.006794 0.658483 0.324873 0.005284
3 3 0.004172 0.006914 0.478470 0.504381 0.006063
2 3 0.002340 0.004041 0.602842 0.387483 0.003295
3 3 0.002672 0.004278 0.369152 0.618678 0.005219
3 3 0.002580 0.003953 0.220882 0.766212 0.006373
3 3 0.003853 0.005621 0.199552 0.781908 0.009066
3 3 0.004317 0.006412 0.144201 0.834455 0.010615
3 3 0.006572 0.009047 0.128934 0.840114 0.015333
3 3 0.012557 0.016859 0.455711 0.499618 0.015256
3 3 0.001522 0.002660 0.374705 0.617849 0.003264
2 3 0.010381 0.016032 0.625970 0.338034 0.009583
3 3 0.005093 0.006961 0.413703 0.565693 0.008550
3 3 0.002322 0.003489 0.368836 0.620424 0.004930
3 3 0.003331 0.005037 0.162857 0.820387 0.008388
3 3 0.003043 0.004509 0.300968 0.684883 0.006598
3 3 0.002102 0.003471 0.181157 0.807670 0.005601
3 3 0.003284 0.005199 0.126271 0.856571 0.008675
3 3 0.002383 0.004159 0.079219 0.907040 0.007199
3 3 0.003840 0.005989 0.112665 0.867436 0.010070
3 3 0.003858 0.005939 0.118228 0.861942 0.010033
3 3 0.006006 0.008790 0.066775 0.902522 0.015907
3 3 0.001980 0.003245 0.191735 0.797763 0.005277
3 3 0.005541 0.008214 0.089662 0.882416 0.014167
3 3 0.005040 0.007733 0.076939 0.896860 0.013428
3 3 0.006126 0.008919 0.090870 0.878731 0.015353
3 3 0.003340 0.005603 0.053759 0.927176 0.010122
3 3 0.003322 0.005483 0.052261 0.928793 0.010141
3 3 0.002568 0.004513 0.047679 0.936937 0.008302
3 3 0.008318 0.011511 0.077445 0.882454 0.020272
3 3 0.002308 0.004165 0.045939 0.939950 0.007638
3 3 0.002846 0.004950 0.050561 0.932696 0.008948
3 3 0.003548 0.005765 0.053536 0.926481 0.010670
3 3 0.002666 0.004604 0.047725 0.936433 0.008571
3 3 0.003851 0.006235 0.056464 0.922142 0.011309
3 3 0.004403 0.006826 0.076813 0.899927 0.012031
3 3 0.007912 0.010474 0.156070 0.808332 0.017211
3 3 0.005870 0.008476 0.064412 0.905515 0.015728
0 3 0.298535 0.235151 0.254747 0.103100 0.108467
1 3 0.280286 0.326039 0.318161 0.032357 0.043157
1 0 0.278249 0.327408 0.320375 0.031778 0.042190
2 0 0.227941 0.355860 0.372562 0.019959 0.023679
2 2 0.186996 0.372537 0.413425 0.013022 0.014020
2 2 0.042492 0.460128 0.463769 0.002990 0.030621
1 2 0.060717 0.450997 0.431330 0.005399 0.051557
1 2 0.127145 0.411527 0.393136 0.013127 0.055065
1 2 0.110307 0.421973 0.408503 0.010600 0.048617
1 2 0.087035 0.409112 0.348920 0.012094 0.142839
1 2 0.056475 0.444079 0.393940 0.006322 0.099183
2 4 0.165561 0.390477 0.400456 0.014403 0.029102
2 4 0.091549 0.431815 0.437624 0.007325 0.031687
2 4 0.113074 0.417873 0.435612 0.008629 0.024812
1 4 0.125029 0.411315 0.386706 0.013546 0.063403
1 4 0.112151 0.404466 0.355346 0.014848 0.113189
1 4 0.106630 0.424109 0.410662 0.010169 0.048430
1 4 0.135750 0.399577 0.363571 0.016652 0.084450
1 4 0.094070 0.429610 0.403271 0.009670 0.063379
1 4 0.114866 0.419544 0.416493 0.010269 0.038828
1 4 0.248850 0.312140 0.268345 0.042507 0.128157
0 4 0.344337 0.268937 0.238604 0.057795 0.090327
1 4 0.292029 0.317749 0.305159 0.035896 0.049167
0 4 0.315105 0.298968 0.277698 0.044142 0.064087
0 4 0.331679 0.263200 0.226214 0.061446 0.117461
1 4 0.084273 0.436632 0.416227 0.008066 0.054801
1 4 0.092474 0.426638 0.389252 0.010392 0.081244
1 4 0.180137 0.344495 0.290930 0.030248 0.154189
1 4 0.202175 0.344448 0.299028 0.031720 0.122629
0 4 0.355865 0.253434 0.219944 0.065140 0.105617
1 4 0.209641 0.366656 0.366417 0.020879 0.036408
4 4 0.103936 0.289059 0.215933 0.024187 0.366885
4 4 0.111708 0.304391 0.231663 0.024581 0.327657
1 4 0.075118 0.356801 0.278652 0.013806 0.275623
0 4 0.364544 0.239115 0.203477 0.072090 0.120775
1 4 0.142391 0.324782 0.257792 0.028263 0.246772
0 4 0.380559 0.184584 0.146141 0.099930 0.188786
1 4 0.203343 0.310960 0.254553 0.039231 0.191913
0 4 0.288502 0.244192 0.195407 0.066401 0.205498
4 4 0.158716 0.278483 0.212781 0.037259 0.312761
1 4 0.232489 0.327112 0.284528 0.037490 0.118381
0 4 0.379950 0.168598 0.130675 0.108470 0.212307
1 4 0.208593 0.362017 0.339019 0.025605 0.064765
0 4 0.321516 0.288770 0.261387 0.049389 0.078938
1 4 0.215095 0.322748 0.272318 0.037799 0.152040
0 4 0.347385 0.265120 0.233923 0.059586 0.093986
1 4 0.260219 0.313955 0.275306 0.042007 0.108512
0 4 0.358695 0.249091 0.214876 0.067231 0.110107
0 4 0.380574 0.184197 0.145760 0.100135 0.189334
1 4 0.241746 0.343598 0.323229 0.030292 0.061135
0 4 0.373593 0.143404 0.107362 0.122218 0.253424
0 4 0.377376 0.206583 0.168357 0.088447 0.159237
0 4 0.380603 0.177533 0.139252 0.103677 0.198934
1 4 0.170165 0.361276 0.311754 0.026186 0.130619
1 4 0.236211 0.333203 0.296261 0.035492 0.098832
1 4 0.249091 0.306284 0.260298 0.044297 0.140030
1 4 0.246908 0.324800 0.287074 0.038279 0.102938
1 4 0.264138 0.336385 0.335441 0.028006 0.036030
1 4 0.199210 0.334713 0.283645 0.033845 0.148587
1 4 0.188907 0.359397 0.317696 0.027438 0.106562
1 4 0.186091 0.358115 0.313975 0.027692 0.114127
1 4 0.148172 0.382276 0.336131 0.020750 0.112671
1 4 0.100549 0.418662 0.376699 0.012028 0.092062
1 4 0.092170 0.416732 0.365487 0.011794 0.113818
1 4 0.140327 0.398250 0.364863 0.016947 0.079612
1 4 0.207443 0.352466 0.315566 0.029508 0.095017
0 0 0.324017 0.290897 0.266826 0.047712 0.070547
1 1 0.188901 0.377815 0.371412 0.019367 0.042505
1 1 0.221396 0.355991 0.336449 0.026747 0.059417
1 1 0.200891 0.367345 0.346031 0.023981 0.061753
1 1 0.288550 0.310225 0.283124 0.041835 0.076267
1 1 0.102205 0.385799 0.321022 0.015969 0.175004
1 1 0.202991 0.335152 0.285512 0.034018 0.142328
1 1 0.115852 0.331085 0.259541 0.023001 0.270521
0 0 0.304964 0.265071 0.221919 0.060468 0.147577
1 0 0.300673 0.311171 0.295286 0.038740 0.054130
1 0 0.103333 0.394416 0.333807 0.015264 0.153181
1 0 0.059581 0.435803 0.378759 0.007212 0.118645
0 0 0.325695 0.289267 0.264647 0.048448 0.071943
0 0 0.343910 0.269458 0.239248 0.057551 0.089833
1 0 0.127199 0.380472 0.323040 0.019411 0.149879
0 0 0.321465 0.293326 0.270099 0.046620 0.068489
1 0 0.293143 0.316924 0.303902 0.036251 0.049780
1 0 0.301212 0.310746 0.294661 0.038925 0.054456
1 0 0.303582 0.308857 0.291895 0.039748 0.055918
1 0 0.283672 0.323719 0.314455 0.033343 0.044811
0 0 0.343281 0.270220 0.240192 0.057195 0.089112
1 0 0.058386 0.452311 0.444010 0.004741 0.040551
1 0 0.070872 0.442369 0.409481 0.007212 0.070066
1 1 0.064092 0.445448 0.408431 0.006597 0.075432
1 1 0.271117 0.332053 0.328046 0.029820 0.038964
1 1 0.044550 0.448624 0.392083 0.005009 0.109735
0 1 0.348078 0.264227 0.232836 0.060006 0.094853
1 0 0.284801 0.322933 0.313211 0.033677 0.045377
1 0 0.164000 0.381844 0.346286 0.021186 0.086684
1 0 0.189937 0.375177 0.357902 0.021483 0.055501
2 0 0.194640 0.372136 0.398371 0.015318 0.019535
1 0 0.279706 0.326431 0.318793 0.032191 0.042879
1 0 0.100909 0.427523 0.415841 0.009381 0.046346
1 1 0.068293 0.446232 0.425016 0.006293 0.054166
1 1 0.044168 0.459106 0.422490 0.004187 0.070049
1 1 0.034490 0.462314 0.414543 0.003397 0.085256
1 1 0.039009 0.448447 0.386488 0.004481 0.121576
1 1 0.118823 0.413708 0.384929 0.013177 0.069363
1 1 0.082111 0.438135 0.435091 0.006861 0.037803
1 1 0.051733 0.452106 0.410412 0.005281 0.080467
1 1 0.063957 0.430440 0.371775 0.008014 0.125814
1 1 0.045540 0.452291 0.401949 0.004865 0.095355
2 2 0.013902 0.385624 0.549587 0.001296 0.049591
2 2 0.080778 0.438547 0.439112 0.006554 0.035010
2 2 0.048201 0.365584 0.545447 0.004722 0.036045
1 2 0.024966 0.448801 0.375155 0.002923 0.148154
2 2 0.002423 0.102951 0.859856 0.000586 0.034185
2 2 0.011021 0.130055 0.838620 0.001989 0.018315
1 2 0.183709 0.374566 0.346792 0.022736 0.072198
1 2 0.059013 0.452116 0.440329 0.004924 0.043617
2 2 0.236276 0.351790 0.364151 0.021631 0.026152
2 2 0.240526 0.349623 0.359837 0.022523 0.027491
1 2 0.042024 0.462439 0.450547 0.003287 0.041703
1 2 0.044749 0.451790 0.399694 0.004836 0.098931
2 2 0.022585 0.390418 0.524395 0.002330 0.060272
2 2 0.003337 0.101459 0.883071 0.000558 0.011575
2 2 0.002477 0.037513 0.954558 0.000680 0.004772
2 2 0.001834 0.046670 0.946030 0.000413 0.005054
2 2 0.004505 0.123276 0.854173 0.000762 0.017284
2 2 0.004079 0.086571 0.895152 0.000847 0.013351
2 2 0.005228 0.121021 0.860448 0.000805 0.012498
2 2 0.034386 0.306433 0.632858 0.003337 0.022986
2 2 0.202666 0.370273 0.379815 0.018427 0.028819
2 2 0.027432 0.461947 0.491782 0.001500 0.017339
2 2 0.009953 0.205074 0.767335 0.001122 0.016516
2 2 0.020128 0.403921 0.539991 0.001614 0.034345
2 2 0.001995 0.061195 0.931759 0.000348 0.004703
2 2 0.085911 0.433725 0.446774 0.006448 0.027144
2 2 0.008267 0.156612 0.816089 0.001210 0.017821
2 2 0.006243 0.196211 0.776975 0.000750 0.019821
2 2 0.003229 0.063684 0.925224 0.000674 0.007188
1 2 0.272745 0.331013 0.326306 0.030257 0.039680
2 2 0.117733 0.409062 0.450711 0.007609 0.014885
2 2 0.008779 0.298913 0.673549 0.000700 0.018059
2 2 0.014510 0.408629 0.552817 0.000960 0.023085
2 2 0.003703 0.071908 0.917445 0.000669 0.006274
2 2 0.002448 0.085507 0.906081 0.000348 0.005617
2 2 0.004047 0.059218 0.928102 0.000947 0.007687
2 2 0.005028 0.112373 0.872386 0.000740 0.009472
2 2 0.004323 0.072248 0.914641 0.000865 0.007922
2 2 0.006861 0.216546 0.763287 0.000638 0.012668
2 2 0.003299 0.095270 0.894249 0.000471 0.006711
2 2 0.003181 0.049337 0.942134 0.000699 0.004649
2 2 0.002149 0.045038 0.949513 0.000408 0.002892
2 2 0.003750 0.056596 0.933741 0.000895 0.005018
2 2 0.003329 0.036807 0.955694 0.000998 0.003172
2 2 0.002407 0.035395 0.958036 0.000833 0.003331
2 2 0.005215 0.046999 0.938143 0.002808 0.006835
2 2 0.004027 0.121599 0.866582 0.000488 0.007305
2 2 0.003839 0.040616 0.949068 0.001371 0.005106
2 2 0.004909 0.067537 0.920586 0.001038 0.005930
2 2 0.003486 0.018219 0.973662 0.002323 0.002310
2 2 0.008735 0.133197 0.845258 0.001261 0.011549
2 2 0.003219 0.023888 0.968551 0.002032 0.002309
2 2 0.039952 0.085558 0.820095 0.033269 0.021127
2 2 0.147559 0.397148 0.424317 0.011005 0.019972
2 2 0.018058 0.305501 0.653305 0.001617 0.021518
2 2 0.009615 0.110102 0.862268 0.001893 0.016123
2 2 0.017042 0.425098 0.525367 0.001227 0.031265
2 2 0.019173 0.215491 0.740447 0.002472 0.022417
2 2 0.188747 0.371935 0.411678 0.013280 0.014360
2 2 0.069033 0.441199 0.462426 0.004703 0.022639
1 2 0.131298 0.410143 0.400160 0.012752 0.045647
2 2 0.027389 0.434184 0.507611 0.001950 0.028867
2 2 0.081277 0.431934 0.462622 0.005337 0.018830
1 4 0.019555 0.475383 0.473030 0.001244 0.030788
2 4 0.027058 0.292995 0.652033 0.002784 0.025130
2 4 0.186235 0.379608 0.382872 0.017532 0.033754
1 4 0.031760 0.467521 0.465820 0.002197 0.032702
2 4 0.006611 0.244053 0.716947 0.000775 0.031614
2 4 0.005293 0.073408 0.909833 0.001181 0.010285
2 2 0.001938 0.025066 0.969123 0.000631 0.003242
2 2 0.001118 0.014387 0.982443 0.000516 0.001536
2 2 0.002652 0.085721 0.905802 0.000375 0.005450
2 2 0.001019 0.018464 0.978584 0.000308 0.001624
2 2 0.001538 0.022139 0.973278 0.000531 0.002514
2 2 0.001920 0.032196 0.959962 0.000611 0.005312
2 2 0.003055 0.045986 0.945440 0.000724 0.004796
2 2 0.003936 0.074694 0.915322 0.000652 0.005397
2 2 0.009674 0.198108 0.781771 0.000908 0.009539
2 2 0.006031 0.273300 0.707720 0.000440 0.012508
2 2 0.002462 0.065537 0.926360 0.000430 0.005211
2 2 0.003371 0.117326 0.871411 0.000418 0.007474
2 2 0.004719 0.136558 0.851176 0.000515 0.007031
2 2 0.057394 0.366979 0.556486 0.004081 0.015060
2 2 0.011084 0.327827 0.645886 0.000756 0.014447
2 2 0.001522 0.015011 0.979511 0.002184 0.001772
2 2 0.017526 0.115272 0.844645 0.003732 0.018825
2 2 0.015058 0.411260 0.552716 0.000941 0.020025
2 2 0.235376 0.352241 0.365062 0.021446 0.025875
2 2 0.006845 0.226741 0.751063 0.000645 0.014706
2 2 0.001561 0.014307 0.980882 0.001101 0.002150
2 2 0.000934 0.012606 0.984740 0.000503 0.001216
2 2 0.005206 0.131266 0.850079 0.000749 0.012699
2 2 0.008161 0.110018 0.867028 0.001469 0.013324
1 2 0.271001 0.332127 0.328169 0.029789 0.038914
2 2 0.026896 0.459459 0.497497 0.001389 0.014758
2 2 0.008451 0.307146 0.667329 0.000630 0.016444
2 2 0.014972 0.200074 0.769751 0.001666 0.013537
2 2 0.005176 0.101913 0.883904 0.000789 0.008217
2 2 0.005101 0.182557 0.801885 0.000493 0.009965
2 2 0.004257 0.146647 0.840594 0.000454 0.008048
2 2 0.005067 0.081056 0.905783 0.001064 0.007030
2 2 0.003317 0.093717 0.895631 0.000485 0.006849
2 2 0.008734 0.139415 0.836918 0.001290 0.013642
2 2 0.006704 0.191414 0.791063 0.000642 0.010176
2 2 0.003097 0.031960 0.960657 0.000876 0.003409
2 2 0.001631 0.043658 0.951367 0.000314 0.003029
2 2 0.006425 0.108735 0.876608 0.000904 0.007327
2 2 0.002536 0.035639 0.957607 0.000653 0.003564
2 2 0.009931 0.228179 0.749026 0.000893 0.011972
2 2 0.004781 0.083619 0.904420 0.000782 0.006398
2 2 0.012170 0.182211 0.784940 0.001651 0.019027
2 2 0.085649 0.251735 0.601478 0.014088 0.047049
2 2 0.048689 0.454297 0.468515 0.003268 0.025230
2 2 0.010909 0.317501 0.640978 0.001009 0.029603
2 2 0.007936 0.065997 0.914334 0.001985 0.009749
2 2 0.017512 0.460208 0.488825 0.001167 0.032287
2 2 0.001526 0.046156 0.948568 0.000293 0.003456
2 2 0.003147 0.039310 0.949747 0.000978 0.006819
2 2 0.048210 0.413453 0.494602 0.004258 0.039478
2 2 0.008222 0.181683 0.796189 0.000928 0.012979
2 2 0.004578 0.041066 0.942589 0.001660 0.010108
2 2 0.019427 0.178762 0.778935 0.002864 0.020013
2 2 0.018146 0.412518 0.497480 0.001817 0.070039
2 2 0.025955 0.262715 0.675428 0.003273 0.032630
2 2 0.004224 0.077916 0.909110 0.000791 0.007960
2 2 0.097169 0.414282 0.439240 0.008927 0.040383
2 2 0.132008 0.404938 0.434355 0.009501 0.019198
2 2 0.030445 0.465301 0.477677 0.001902 0.024675
2 2 0.001827 0.034067 0.959081 0.000554 0.004471
2 2 0.002427 0.027049 0.965332 0.000953 0.004239
2 2 0.003122 0.055075 0.930869 0.000842 0.010092
2 2 0.016587 0.128264 0.824214 0.003675 0.027259
2 2 0.007739 0.056628 0.924188 0.003884 0.007560
2 2 0.008558 0.113554 0.858038 0.001696 0.018154
2 2 0.002811 0.069037 0.921401 0.000510 0.006240
2 2 0.004468 0.080573 0.907299 0.000772 0.006888
2 2 0.006624 0.125152 0.854931 0.001007 0.012285
2 2 0.008978 0.187111 0.788498 0.001035 0.014379
2 2 0.009009 0.103355 0.877158 0.001487 0.008990
2 2 0.034256 0.381261 0.560438 0.002573 0.021473
2 2 0.003218 0.051320 0.940476 0.000682 0.004304
2 2 0.003228 0.052602 0.938996 0.000664 0.004510
2 2 0.005446 0.137123 0.848437 0.000643 0.008351
2 2 0.002328 0.036920 0.956662 0.000627 0.003464
2 2 0.002470 0.053320 0.939488 0.000477 0.004245
2 2 0.003025 0.038945 0.954063 0.000785 0.003182
2 2 0.003663 0.087420 0.901894 0.000562 0.006461
2 2 0.010788 0.074535 0.900040 0.003621 0.011016
2 2 0.041598 0.133031 0.799976 0.008898 0.016497
2 2 0.028275 0.467024 0.477684 0.001763 0.025255
2 2 0.002452 0.054715 0.938886 0.000430 0.003517
2 2 0.009367 0.138714 0.839284 0.001303 0.011333
2 2 0.006349 0.131914 0.848592 0.000915 0.012230
2 2 0.011284 0.099372 0.878562 0.001959 0.008822
2 2 0.041524 0.424203 0.509735 0.002822 0.021716
2 2 0.016668 0.204224 0.760352 0.001996 0.016761
2 2 0.001901 0.060343 0.932656 0.000335 0.004764
2 2 0.001142 0.035101 0.961048 0.000237 0.002472
2 2 0.022674 0.298631 0.653993 0.002161 0.022541
2 2 0.004503 0.036202 0.952053 0.001842 0.005399
2 2 0.036707 0.205604 0.731076 0.005162 0.021451
2 2 0.014639 0.386899 0.578999 0.000947 0.018517
2 2 0.010791 0.151582 0.828904 0.001198 0.007526
2 2 0.002860 0.053972 0.938362 0.000555 0.004251
2 2 0.004043 0.098241 0.892021 0.000518 0.005177
2 2 0.004055 0.062177 0.928358 0.000748 0.004662
2 2 0.006356 0.116491 0.868393 0.000865 0.007896
2 2 0.132101 0.407360 0.425916 0.010308 0.024315
2 2 0.019326 0.257141 0.705216 0.001867 0.016450
2 2 0.010705 0.315104 0.653307 0.000859 0.020025
2 2 0.002096 0.024647 0.969115 0.000934 0.003209
2 2 0.006035 0.136780 0.846439 0.000773 0.009973
2 2 0.003745 0.078676 0.912456 0.000553 0.004571
1 2 0.112800 0.420580 0.419995 0.009860 0.036765
2 2 0.006118 0.120222 0.858026 0.001023 0.014611
2 2 0.002295 0.036609 0.955628 0.000641 0.004826
2 2 0.006873 0.143148 0.833620 0.001012 0.015347
2 2 0.006795 0.090903 0.887209 0.001437 0.013656
2 2 0.001775 0.044847 0.948972 0.000377 0.004028
2 2 0.003855 0.065931 0.923305 0.000749 0.006160
2 2 0.013436 0.280522 0.682658 0.001287 0.022098
2 2 0.002445 0.041770 0.951568 0.000616 0.003601
2 2 0.002441 0.047176 0.945874 0.000512 0.003998
2 2 0.001637 0.022913 0.972450 0.000593 0.002406
2 2 0.002753 0.061272 0.927878 0.000595 0.007503
2 2 0.005126 0.105697 0.879523 0.000779 0.008876
2 2 0.001687 0.021819 0.973560 0.000791 0.002144
2 2 0.004988 0.041956 0.946120 0.002336 0.004599
2 2 0.004824 0.104734 0.881761 0.000705 0.007976
2 2 0.005529 0.034990 0.951076 0.003548 0.004857
2 2 0.007600 0.026178 0.953365 0.007915 0.004941
2 2 0.003690 0.010639 0.946664 0.036126 0.002880
2 3 0.005782 0.008970 0.894784 0.087403 0.003061
2 3 0.010104 0.058103 0.915697 0.006969 0.009127
2 3 0.018405 0.050682 0.893552 0.021730 0.015631
