0 0 0.992007 0.004925 0.000901 0.001956 0.000212
0 0 0.990686 0.005811 0.001096 0.002136 0.000271
0 0 0.983123 0.007850 0.001876 0.006421 0.000730
0 0 0.974282 0.013447 0.003460 0.007322 0.001489
0 0 0.981044 0.009943 0.002376 0.005734 0.000903
0 0 0.970367 0.011869 0.003354 0.012643 0.001767
0 0 0.986120 0.007405 0.001631 0.004304 0.000540
0 0 0.990367 0.005433 0.001075 0.002830 0.000294
0 0 0.983141 0.008218 0.001944 0.005958 0.000738
0 0 0.981433 0.007168 0.001806 0.008805 0.000788
0 0 0.947643 0.021059 0.006857 0.019874 0.004568
0 0 0.970093 0.015722 0.004184 0.008101 0.001901
0 0 0.979402 0.010556 0.002591 0.006416 0.001035
0 0 0.936816 0.039465 0.011216 0.007166 0.005337
0 0 0.865943 0.081821 0.026777 0.009668 0.015791
0 0 0.973344 0.016861 0.004009 0.004348 0.001438
0 0 0.976071 0.014448 0.003447 0.004770 0.001263
0 0 0.979608 0.011600 0.002742 0.005044 0.001006
0 0 0.971656 0.017890 0.004315 0.004554 0.001584
0 0 0.928022 0.043937 0.013011 0.008366 0.006664
0 0 0.941851 0.032171 0.009716 0.010925 0.005337
0 0 0.968548 0.019589 0.004871 0.005106 0.001887
0 0 0.984735 0.009696 0.002035 0.002940 0.000595
0 0 0.975622 0.014095 0.003448 0.005502 0.001333
0 0 0.937135 0.039583 0.011166 0.006884 0.005232
0 0 0.989654 0.005363 0.001107 0.003546 0.000330
0 0 0.923781 0.048219 0.013999 0.007176 0.006824
0 0 0.949502 0.030364 0.008501 0.007608 0.004025
0 0 0.965156 0.016939 0.004788 0.010676 0.002441
0 0 0.988936 0.005963 0.001238 0.003492 0.000371
0 0 0.982544 0.010264 0.002308 0.004111 0.000773
0 0 0.984859 0.008119 0.001824 0.004575 0.000624
0 0 0.913331 0.060562 0.015985 0.003848 0.006275
0 0 0.984163 0.009334 0.002049 0.003795 0.000660
0 0 0.971864 0.013884 0.003713 0.008816 0.001723
0 0 0.866439 0.091830 0.026054 0.004320 0.011357
0 0 0.834444 0.113291 0.033050 0.004307 0.014908
0 0 0.893121 0.064375 0.020599 0.010012 0.011892
0 0 0.957016 0.027418 0.007137 0.005487 0.002941
0 0 0.970875 0.019627 0.004531 0.003459 0.001508
0 0 0.981251 0.010156 0.002396 0.005311 0.000886
0 0 0.983769 0.009457 0.002098 0.003987 0.000689
0 0 0.970166 0.019376 0.004630 0.004171 0.001656
0 0 0.966076 0.023204 0.005438 0.003445 0.001837
0 0 0.964932 0.022992 0.005631 0.004361 0.002084
0 0 0.974091 0.016664 0.003895 0.003999 0.001350
0 0 0.977295 0.012109 0.003006 0.006377 0.001213
0 0 0.963365 0.022916 0.005863 0.005484 0.002372
0 0 0.978642 0.013567 0.003068 0.003710 0.001013
0 0 0.979461 0.012358 0.002854 0.004334 0.000993
0 0 0.985860 0.007352 0.001639 0.004593 0.000556
0 0 0.985748 0.006640 0.001520 0.005541 0.000550
0 0 0.975870 0.010713 0.002826 0.009284 0.001306
0 0 0.966831 0.018478 0.004926 0.007554 0.002211
0 0 0.984185 0.006915 0.001644 0.006616 0.000640
0 0 0.978308 0.011664 0.002856 0.006047 0.001125
0 0 0.977861 0.012789 0.003062 0.005146 0.001142
0 0 0.963834 0.023687 0.005841 0.004453 0.002185
0 0 0.977165 0.014220 0.003302 0.004168 0.001146
0 0 0.904530 0.069402 0.017359 0.002685 0.006025
0 0 0.920171 0.050991 0.014784 0.006906 0.007147
0 0 0.884074 0.068877 0.022579 0.010871 0.013599
0 0 0.960414 0.025026 0.006454 0.005474 0.002632
0 0 0.977234 0.015639 0.003381 0.002740 0.001006
0 0 0.969478 0.018434 0.004639 0.005598 0.001851
0 0 0.958489 0.027212 0.006883 0.004741 0.002676
0 0 0.958646 0.024984 0.006700 0.006711 0.002959
0 0 0.959251 0.025327 0.006648 0.005966 0.002808
0 0 0.977858 0.013646 0.003165 0.004229 0.001101
0 0 0.980823 0.012503 0.002716 0.003125 0.000833
0 0 0.971150 0.018155 0.004404 0.004657 0.001634
0 0 0.985959 0.007072 0.001587 0.004835 0.000548
0 0 0.927967 0.041843 0.012829 0.010276 0.007086
0 0 0.955408 0.026064 0.007237 0.007874 0.003417
0 0 0.964578 0.020024 0.005382 0.007578 0.002438
0 0 0.976241 0.015118 0.003494 0.003952 0.001195
0 0 0.966680 0.019644 0.005104 0.006411 0.002161
0 0 0.913347 0.047226 0.015578 0.013983 0.009866
0 0 0.932529 0.037425 0.011637 0.011725 0.006685
0 0 0.969356 0.018860 0.004698 0.005253 0.001833
0 0 0.963111 0.020038 0.005528 0.008681 0.002642
0 0 0.972269 0.019558 0.004279 0.002617 0.001277
0 0 0.898493 0.067650 0.019400 0.005538 0.008919
0 0 0.953540 0.028192 0.007718 0.007034 0.003515
0 0 0.971015 0.015894 0.004136 0.007163 0.001792
0 0 0.975250 0.013729 0.003429 0.006207 0.001386
0 0 0.964083 0.020327 0.005477 0.007623 0.002490
0 0 0.953695 0.028133 0.007691 0.006988 0.003493
0 0 0.837316 0.100438 0.033355 0.009062 0.019830
0 0 0.700943 0.151952 0.064758 0.021637 0.060710
0 0 0.763640 0.123117 0.049775 0.020417 0.043051
0 0 0.668690 0.217618 0.071460 0.004334 0.037897
0 0 0.904903 0.047552 0.016667 0.018946 0.011931
0 0 0.698033 0.150944 0.065169 0.023102 0.062752
0 0 0.466799 0.199661 0.112433 0.046078 0.175029
0 0 0.901363 0.062527 0.018868 0.007545 0.009697
0 0 0.955190 0.029013 0.007521 0.005218 0.003057
0 0 0.944856 0.036221 0.009621 0.005279 0.004022
0 0 0.955916 0.026113 0.007179 0.007471 0.003321
0 0 0.889334 0.073057 0.021432 0.005939 0.010238
0 0 0.908722 0.048368 0.016360 0.015674 0.010877
0 0 0.909030 0.050725 0.016669 0.013174 0.010402
0 0 0.834521 0.085933 0.032842 0.020323 0.026381
4 0 0.263390 0.208935 0.144653 0.058451 0.324571
0 1 0.314441 0.182687 0.126832 0.081570 0.294470
4 1 0.189665 0.210044 0.158658 0.055283 0.386351
4 1 0.208222 0.189993 0.144347 0.070822 0.386616
4 1 0.278795 0.204979 0.140894 0.061649 0.313684
4 1 0.217222 0.207749 0.150896 0.057036 0.367097
0 1 0.320236 0.238341 0.146063 0.038420 0.256940
4 1 0.226599 0.229084 0.157792 0.043840 0.342685
0 4 0.342166 0.111768 0.086087 0.199506 0.260473
0 4 0.332820 0.114034 0.088330 0.195636 0.269180
0 4 0.403273 0.096229 0.071419 0.222931 0.206147
0 4 0.331229 0.146079 0.107143 0.130148 0.285400
0 4 0.394003 0.115014 0.083713 0.179311 0.227959
4 4 0.296046 0.172590 0.124541 0.094025 0.312797
0 4 0.439204 0.196732 0.115580 0.053104 0.195380
4 4 0.152602 0.241706 0.183650 0.036385 0.385656
1 4 0.247375 0.298568 0.173599 0.018050 0.262409
4 4 0.011213 0.158978 0.235385 0.019290 0.575133
4 4 0.018154 0.161550 0.219875 0.027490 0.572931
4 4 0.022122 0.162914 0.213795 0.031450 0.569720
4 4 0.048540 0.165276 0.186957 0.053356 0.545871
4 4 0.014195 0.159575 0.227182 0.023237 0.575810
4 4 0.012927 0.158756 0.229899 0.021794 0.576623
4 4 0.007089 0.152871 0.246723 0.014420 0.578898
4 4 0.029196 0.164396 0.204873 0.037953 0.563582
4 4 0.024462 0.163515 0.210618 0.033672 0.567733
4 4 0.014178 0.159565 0.227218 0.023218 0.575822
4 4 0.021804 0.162822 0.214247 0.031142 0.569985
4 4 0.026819 0.164003 0.207657 0.035836 0.565684
4 4 0.021127 0.174355 0.224944 0.025594 0.553981
4 4 0.033528 0.215551 0.236198 0.020816 0.493907
4 4 0.017049 0.161073 0.221765 0.026337 0.573776
4 4 0.008174 0.170417 0.257881 0.012250 0.551277
4 4 0.017075 0.210847 0.260401 0.012778 0.498899
4 4 0.006041 0.187485 0.284878 0.007153 0.514444
4 4 0.007879 0.211953 0.292985 0.006326 0.480857
4 4 0.004252 0.155224 0.314807 0.009914 0.515803
2 4 0.007119 0.227375 0.387628 0.005004 0.372874
4 4 0.004487 0.175246 0.359517 0.007574 0.453177
2 4 0.005183 0.170747 0.479764 0.009708 0.334598
2 2 0.002332 0.093359 0.831693 0.006680 0.065937
2 2 0.018453 0.110357 0.749874 0.043337 0.077978
4 2 0.004489 0.144572 0.326806 0.013440 0.510693
2 2 0.000871 0.026606 0.921259 0.028610 0.022654
2 2 0.000012 0.001099 0.973081 0.025326 0.000482
2 2 0.000614 0.020720 0.915901 0.040492 0.022273
2 2 0.000167 0.011196 0.952233 0.025611 0.010794
2 2 0.000108 0.007351 0.981000 0.008929 0.002613
2 2 0.000040 0.003605 0.983230 0.011678 0.001448
2 2 0.000035 0.003372 0.981774 0.013291 0.001528
2 2 0.000034 0.003033 0.984136 0.011696 0.001100
2 2 0.000675 0.029836 0.921158 0.020507 0.027824
2 2 0.078303 0.231682 0.590918 0.017343 0.081754
4 2 0.006338 0.161914 0.387609 0.014253 0.429886
2 2 0.000099 0.008753 0.983095 0.005274 0.002780
2 2 0.000201 0.013101 0.976371 0.006024 0.004304
2 2 0.000059 0.004533 0.986653 0.007498 0.001258
2 2 0.000091 0.005358 0.977756 0.014655 0.002139
2 2 0.000048 0.004218 0.984155 0.010015 0.001565
2 2 0.000094 0.004451 0.972842 0.020831 0.001782
2 2 0.000043 0.002167 0.966217 0.030676 0.000898
2 2 0.000135 0.004098 0.948380 0.045351 0.002036
2 2 0.000009 0.000586 0.948844 0.050313 0.000248
2 2 0.000051 0.002117 0.962105 0.034910 0.000817
2 2 0.000074 0.003512 0.963715 0.030976 0.001723
2 2 0.000016 0.000693 0.906063 0.092861 0.000367
2 2 0.000030 0.001182 0.922278 0.075889 0.000621
2 2 0.000108 0.003074 0.901324 0.093164 0.002330
2 2 0.000039 0.001372 0.932183 0.065772 0.000635
2 2 0.000024 0.000934 0.913538 0.085015 0.000488
2 2 0.000139 0.002181 0.788295 0.207553 0.001833
2 3 0.000014 0.000714 0.925354 0.073558 0.000359
2 3 0.000093 0.002293 0.879876 0.116115 0.001624
2 3 0.000055 0.001742 0.895466 0.101541 0.001195
2 3 0.000001 0.000079 0.883438 0.116455 0.000027
2 3 0.000039 0.000870 0.777979 0.220407 0.000705
2 3 0.000035 0.001009 0.839772 0.158432 0.000753
3 3 0.000011 0.000062 0.253862 0.746031 0.000033
3 3 0.000055 0.000263 0.317346 0.682154 0.000182
3 3 0.000054 0.000484 0.486585 0.512483 0.000393
2 3 0.000008 0.000136 0.571675 0.428102 0.000079
3 3 0.000184 0.000701 0.328138 0.670374 0.000603
2 3 0.000049 0.000550 0.553817 0.445113 0.000471
3 3 0.000012 0.000135 0.450780 0.548987 0.000087
3 3 0.000083 0.000379 0.323981 0.675265 0.000292
3 3 0.000018 0.000054 0.153743 0.846157 0.000028
3 3 0.000095 0.000483 0.357262 0.641760 0.000400
3 3 0.000016 0.000082 0.253145 0.746711 0.000046
2 3 0.000093 0.000821 0.532919 0.465409 0.000758
3 3 0.000181 0.000400 0.202139 0.796984 0.000296
3 3 0.000198 0.000530 0.249945 0.748913 0.000414
3 3 0.000116 0.000221 0.153174 0.846341 0.000148
3 3 0.000097 0.000187 0.142167 0.857426 0.000124
3 3 0.000032 0.000100 0.187088 0.812724 0.000056
3 3 0.000187 0.000374 0.170483 0.828666 0.000289
3 3 0.000176 0.000373 0.180060 0.819104 0.000287
3 3 0.000083 0.000199 0.173702 0.825883 0.000134
3 3 0.000179 0.000451 0.220162 0.778854 0.000354
3 3 0.000018 0.000073 0.203375 0.796494 0.000040
3 3 0.000071 0.000213 0.218290 0.781286 0.000140
3 3 0.000151 0.000276 0.149141 0.850233 0.000199
3 3 0.000149 0.000329 0.180829 0.818447 0.000247
3 3 0.000034 0.000142 0.241459 0.758275 0.000090
3 3 0.000173 0.000283 0.138864 0.860476 0.000204
3 3 0.000009 0.000023 0.098768 0.901190 0.000010
3 3 0.000054 0.000099 0.114533 0.885256 0.000059
3 3 0.000011 0.000032 0.132212 0.867730 0.000015
3 3 0.000286 0.000417 0.140866 0.858112 0.000320
3 3 0.000019 0.000053 0.142754 0.857146 0.000027
3 3 0.000024 0.000041 0.086324 0.913591 0.000021
3 3 0.000145 0.000224 0.119178 0.880295 0.000159
3 3 0.000034 0.000146 0.259881 0.739849 0.000091
3 3 0.000263 0.000378 0.135357 0.863716 0.000286
3 3 0.000024 0.000091 0.204849 0.794984 0.000053
3 3 0.000104 0.000150 0.106988 0.892664 0.000095
3 3 0.000102 0.000147 0.106564 0.893095 0.000093
3 3 0.000148 0.000357 0.195973 0.803249 0.000272
3 3 0.000050 0.000054 0.062587 0.937281 0.000029
3 3 0.000037 0.000096 0.150568 0.849243 0.000056
3 3 0.000713 0.000771 0.130695 0.867161 0.000660
3 3 0.000356 0.000323 0.088651 0.910432 0.000238
3 3 0.000027 0.000058 0.116782 0.883102 0.000030
3 3 0.000109 0.000197 0.142527 0.857038 0.000128
3 3 0.000164 0.000168 0.082744 0.916815 0.000109
3 3 0.000143 0.000196 0.111772 0.887760 0.000129
3 3 0.000134 0.000170 0.098528 0.901057 0.000111
3 3 0.000037 0.000053 0.079958 0.919924 0.000028
3 3 0.000021 0.000066 0.168837 0.831041 0.000035
3 3 0.000036 0.000037 0.056171 0.943738 0.000018
3 3 0.000467 0.000234 0.048352 0.950781 0.000165
3 3 0.002669 0.005115 0.310474 0.675267 0.006475
3 3 0.000290 0.000617 0.211656 0.786931 0.000507
3 3 0.001032 0.003750 0.436866 0.553755 0.004598
2 3 0.000525 0.003523 0.585684 0.406016 0.004251
2 3 0.000038 0.000637 0.683855 0.314939 0.000530
2 3 0.000548 0.004751 0.693090 0.296291 0.005320
2 3 0.000202 0.002764 0.768167 0.226297 0.002569
2 2 0.004394 0.031947 0.694009 0.213044 0.056606
2 2 0.000434 0.005248 0.765518 0.222953 0.005847
2 2 0.000521 0.006358 0.816022 0.171186 0.005913
2 2 0.000456 0.005932 0.813863 0.174077 0.005672
2 2 0.000203 0.002297 0.680222 0.314806 0.002472
2 2 0.000172 0.002849 0.786680 0.207438 0.002862
2 2 0.002436 0.010842 0.725217 0.253918 0.007588
3 2 0.042439 0.051370 0.333152 0.474495 0.098543
2 2 0.000077 0.001156 0.721985 0.275800 0.000982
2 2 0.000044 0.001170 0.859597 0.138428 0.000761
2 2 0.003679 0.024462 0.812831 0.137856 0.021171
2 2 0.000047 0.000839 0.746108 0.252365 0.000641
2 2 0.000443 0.006029 0.853782 0.134975 0.004771
2 2 0.000094 0.001507 0.731450 0.265489 0.001460
2 2 0.000077 0.001024 0.662024 0.335926 0.000949
2 2 0.000308 0.003209 0.665564 0.327112 0.003807
2 2 0.000012 0.000358 0.814521 0.184909 0.000201
2 2 0.000322 0.003727 0.742935 0.249153 0.003862
3 2 0.000196 0.000887 0.390120 0.608051 0.000746
2 2 0.000097 0.001860 0.878619 0.118419 0.001005
2 2 0.000093 0.001166 0.656012 0.341614 0.001116
2 2 0.000008 0.000188 0.681456 0.318229 0.000119
2 2 0.000121 0.001880 0.761563 0.234742 0.001694
2 2 0.000185 0.003403 0.871561 0.122453 0.002398
2 2 0.000322 0.007842 0.937651 0.049451 0.004734
2 2 0.000397 0.007401 0.912047 0.075226 0.004929
2 2 0.000191 0.004675 0.923213 0.068981 0.002940
2 2 0.001748 0.023657 0.846991 0.099852 0.027752
2 2 0.000429 0.007936 0.906577 0.079368 0.005689
2 2 0.000512 0.012881 0.934307 0.043289 0.009011
2 2 0.000303 0.008487 0.936170 0.049131 0.005909
2 2 0.000192 0.004756 0.943630 0.049141 0.002281
2 2 0.000635 0.006172 0.742036 0.244297 0.006860
2 2 0.000367 0.003619 0.674053 0.317654 0.004307
2 2 0.001696 0.018307 0.883814 0.083108 0.013075
2 2 0.000981 0.003498 0.625921 0.367903 0.001697
2 2 0.007505 0.027257 0.661603 0.273039 0.030596
2 2 0.000243 0.003120 0.787055 0.206969 0.002613
2 2 0.000129 0.001481 0.670029 0.326971 0.001389
2 2 0.001291 0.018595 0.861775 0.098575 0.019765
2 2 0.000446 0.006307 0.832170 0.155148 0.005929
2 2 0.000482 0.014470 0.950506 0.026256 0.008285
2 2 0.000163 0.004591 0.936684 0.055892 0.002670
2 2 0.000631 0.006772 0.782870 0.202700 0.007026
2 2 0.000490 0.014491 0.942220 0.032904 0.009896
2 2 0.000119 0.002843 0.919523 0.075990 0.001525
2 2 0.000569 0.011469 0.926227 0.054165 0.007570
2 2 0.000352 0.006619 0.898549 0.089565 0.004915
2 2 0.001577 0.021883 0.889312 0.069456 0.017773
2 2 0.000047 0.001423 0.906174 0.091567 0.000789
2 2 0.000385 0.007549 0.898928 0.087095 0.006043
2 2 0.000227 0.003912 0.884757 0.108596 0.002508
2 2 0.000381 0.005458 0.862278 0.127822 0.004061
2 2 0.000380 0.004583 0.800237 0.190742 0.004058
2 2 0.000117 0.002083 0.833633 0.162693 0.001473
2 2 0.000756 0.007380 0.725579 0.256865 0.009421
2 2 0.000120 0.001668 0.785525 0.211633 0.001054
3 2 0.000352 0.001706 0.470768 0.525589 0.001585
2 2 0.000350 0.004588 0.817889 0.173203 0.003970
3 2 0.000115 0.000828 0.488210 0.510097 0.000749
2 2 0.006022 0.032847 0.844449 0.096106 0.020577
0 0 0.375001 0.189483 0.337200 0.048792 0.049524
0 0 0.640508 0.154207 0.156019 0.024239 0.025026
0 0 0.794175 0.125870 0.043440 0.009279 0.027235
0 0 0.700391 0.123429 0.096563 0.043294 0.036324
2 0 0.307415 0.149937 0.360036 0.120127 0.062484
0 0 0.471063 0.234166 0.119396 0.025708 0.149666
4 0 0.065550 0.222881 0.212859 0.030519 0.468191
0 0 0.483587 0.192856 0.108049 0.047973 0.167536
0 0 0.887830 0.068412 0.021821 0.009496 0.012441
0 0 0.796177 0.106977 0.042042 0.019910 0.034893
0 0 0.519676 0.197054 0.103634 0.037772 0.141863
4 0 0.096736 0.285782 0.223836 0.018006 0.375640
4 1 0.055449 0.292030 0.252641 0.011782 0.388099
4 1 0.018348 0.182742 0.236968 0.020207 0.541735
4 1 0.037339 0.245892 0.249189 0.015345 0.452234
4 1 0.028397 0.185358 0.222193 0.027547 0.536505
0 0 0.604684 0.199140 0.088776 0.019578 0.087822
1 0 0.245112 0.310359 0.181446 0.016921 0.246162
4 0 0.059558 0.306404 0.254528 0.010453 0.369057
0 0 0.539939 0.206607 0.102141 0.028194 0.123119
0 1 0.466073 0.267159 0.124344 0.014730 0.127694
1 1 0.108568 0.360066 0.237982 0.007917 0.285468
4 1 0.057379 0.281307 0.246834 0.013720 0.400761
4 1 0.076095 0.292897 0.238112 0.014429 0.378467
4 1 0.025515 0.239273 0.261604 0.012277 0.461330
2 1 0.048530 0.271354 0.413562 0.015229 0.251325
2 1 0.017401 0.250515 0.400367 0.008398 0.323319
2 1 0.014440 0.200466 0.427262 0.015593 0.342239
2 1 0.014447 0.209283 0.580703 0.009964 0.185604
2 1 0.011705 0.164826 0.728143 0.008525 0.086801
0 1 0.545024 0.232646 0.104287 0.016150 0.101893
0 1 0.480045 0.232446 0.117435 0.025257 0.144817
0 2 0.321003 0.286729 0.160039 0.020738 0.211491
4 2 0.030208 0.260045 0.265486 0.010844 0.433416
4 2 0.038707 0.218178 0.231972 0.022441 0.488701
4 2 0.028565 0.164381 0.205660 0.037354 0.564041
2 2 0.037133 0.320029 0.322371 0.006417 0.314050
2 2 0.009828 0.137815 0.716196 0.018050 0.118111
2 2 0.012237 0.159829 0.751979 0.007454 0.068501
2 2 0.003317 0.058402 0.895602 0.014900 0.027778
2 2 0.008975 0.174342 0.662475 0.009089 0.145119
2 2 0.001199 0.034157 0.942679 0.009373 0.012591
2 2 0.193152 0.175071 0.546737 0.043551 0.041488
4 2 0.046573 0.266088 0.249586 0.014160 0.423593
1 2 0.202904 0.361937 0.200182 0.008761 0.226215
1 2 0.147530 0.443964 0.228897 0.003124 0.176485
1 2 0.335111 0.356808 0.162876 0.006857 0.138347
2 2 0.005844 0.096133 0.838390 0.011492 0.048142
2 2 0.028234 0.119075 0.654813 0.081603 0.116275
4 2 0.097986 0.220931 0.194942 0.039600 0.446541
2 2 0.042622 0.246004 0.463666 0.019352 0.228356
4 2 0.038559 0.266650 0.258117 0.012164 0.424510
2 2 0.026734 0.317583 0.330359 0.004945 0.320379
2 2 0.035733 0.314755 0.351924 0.006646 0.290940
1 2 0.070838 0.332906 0.305581 0.009018 0.281657
4 2 0.199984 0.264104 0.187568 0.034244 0.314099
4 2 0.017718 0.175795 0.232762 0.021746 0.551979
2 2 0.004565 0.076369 0.823265 0.027093 0.068707
2 2 0.018567 0.156811 0.581460 0.036142 0.207021
2 2 0.002010 0.070608 0.716326 0.038584 0.172472
2 2 0.005033 0.114741 0.580082 0.031243 0.268901
4 2 0.007685 0.153712 0.244513 0.015245 0.578846
2 2 0.005051 0.138519 0.455049 0.019775 0.381606
4 2 0.010242 0.150832 0.333425 0.026763 0.478738
4 1 0.060765 0.164613 0.178186 0.061891 0.534545
0 1 0.378185 0.191695 0.122209 0.066544 0.241368
4 1 0.132578 0.172303 0.158117 0.088570 0.448432
4 1 0.057851 0.164826 0.180158 0.059923 0.537242
4 1 0.030883 0.164623 0.203003 0.039419 0.562072
4 1 0.074784 0.238611 0.215486 0.027303 0.443816
4 1 0.046764 0.165314 0.188355 0.052051 0.547516
4 4 0.023764 0.163349 0.211540 0.033016 0.568331
4 4 0.011299 0.157525 0.233753 0.019873 0.577550
4 4 0.028619 0.164309 0.205532 0.037445 0.564095
4 4 0.020453 0.162400 0.216232 0.029816 0.571099
4 4 0.015307 0.160210 0.224969 0.024467 0.575047
4 4 0.015369 0.160243 0.224850 0.024535 0.575003
4 4 0.057419 0.164855 0.180456 0.059627 0.537642
4 4 0.012295 0.158305 0.231341 0.021058 0.577001
4 4 0.029974 0.164505 0.204001 0.038633 0.562887
4 4 0.034885 0.165016 0.198860 0.042789 0.558450
4 4 0.017620 0.161326 0.220775 0.026936 0.573342
4 4 0.026645 0.163971 0.207869 0.035679 0.565837
4 4 0.039261 0.165255 0.194722 0.046318 0.554443
4 4 0.020084 0.162275 0.216793 0.029449 0.571399
4 4 0.020308 0.162351 0.216452 0.029672 0.571217
4 4 0.033626 0.164912 0.200122 0.041745 0.559595
4 4 0.030603 0.164588 0.203308 0.039178 0.562324
4 4 0.039376 0.165259 0.194618 0.046409 0.554337
4 4 0.040395 0.165290 0.193706 0.047209 0.553400
4 4 0.044151 0.165337 0.190483 0.050096 0.549933
4 4 0.037331 0.165171 0.196502 0.044780 0.556215
4 4 0.045357 0.165332 0.189490 0.051003 0.548818
4 4 0.018737 0.161783 0.218916 0.028089 0.572475
4 4 0.010918 0.157201 0.234728 0.019410 0.577744
4 4 0.022956 0.163143 0.212632 0.032251 0.569018
4 4 0.043598 0.165336 0.190944 0.049677 0.550444
4 4 0.013543 0.159168 0.228551 0.022501 0.576237
4 4 0.031669 0.164715 0.202158 0.040093 0.561365
4 4 0.026399 0.163924 0.208170 0.035455 0.566052
4 4 0.007763 0.153816 0.244234 0.015352 0.578835
4 4 0.010594 0.156915 0.235578 0.019013 0.577900
4 2 0.009910 0.156270 0.237458 0.018160 0.578203
4 2 0.019417 0.162039 0.217829 0.028780 0.571935
4 2 0.010658 0.156972 0.235408 0.019092 0.577870
4 2 0.012368 0.158359 0.231170 0.021145 0.576958
4 2 0.039863 0.165275 0.194181 0.046792 0.553890
4 2 0.007754 0.153804 0.244266 0.015339 0.578836
4 2 0.003797 0.146050 0.263492 0.009368 0.577293
4 2 0.006765 0.143712 0.376151 0.021983 0.451389
4 2 0.004831 0.148735 0.257078 0.011066 0.578289
4 2 0.019939 0.174363 0.227132 0.024436 0.554131
4 2 0.004644 0.148298 0.258134 0.010768 0.578155
2 2 0.001062 0.044342 0.901929 0.014855 0.037811
2 2 0.033966 0.292231 0.412092 0.008202 0.253510
4 2 0.008449 0.154682 0.241900 0.016273 0.578696
4 2 0.006023 0.151139 0.251149 0.012887 0.578801
2 2 0.003590 0.130666 0.447791 0.016969 0.400984
2 0 0.005237 0.040816 0.906567 0.031920 0.015459
2 0 0.247545 0.210462 0.423991 0.044549 0.073452
2 0 0.166461 0.300054 0.314509 0.019616 0.199360
0 0 0.509821 0.210023 0.108050 0.031771 0.140335
4 1 0.020681 0.212007 0.253437 0.014787 0.499088
4 1 0.022751 0.206949 0.246196 0.017144 0.506961
4 1 0.018500 0.248839 0.280482 0.008236 0.443943
4 1 0.009056 0.155381 0.239975 0.017069 0.578520
4 1 0.016099 0.198081 0.277181 0.015532 0.493106
4 1 0.010169 0.205688 0.277846 0.008728 0.497569
4 2 0.008637 0.154187 0.373891 0.022294 0.440990
4 2 0.007927 0.177382 0.268989 0.010804 0.534898
2 2 0.003559 0.083349 0.831393 0.015117 0.066582
4 2 0.048689 0.238754 0.235628 0.020906 0.456023
2 2 0.004504 0.108019 0.745145 0.017766 0.124566
2 2 0.001814 0.055443 0.898390 0.011174 0.033178
2 2 0.001891 0.096449 0.819274 0.006056 0.076331
2 2 0.001843 0.062334 0.844302 0.020443 0.071077
2 2 0.000235 0.014162 0.968042 0.010626 0.006934
2 2 0.001688 0.034195 0.900144 0.036064 0.027909
2 2 0.031387 0.296971 0.405195 0.007240 0.259207
2 2 0.007557 0.144326 0.695771 0.013620 0.138726
2 2 0.002308 0.071718 0.862861 0.011547 0.051566
2 2 0.005977 0.086162 0.737092 0.046235 0.124533
2 2 0.000160 0.008371 0.970493 0.016853 0.004123
2 2 0.000860 0.035835 0.932751 0.010334 0.020220
2 2 0.000939 0.038557 0.922463 0.012242 0.025799
2 2 0.001306 0.029762 0.924924 0.025235 0.018772
2 2 0.001635 0.055008 0.908927 0.007893 0.026537
2 2 0.008035 0.116168 0.759795 0.019695 0.096306
2 2 0.009595 0.170874 0.655988 0.011228 0.152315
2 2 0.000314 0.011419 0.964756 0.018318 0.005194
2 2 0.001072 0.034736 0.936351 0.011194 0.016647
2 2 0.000337 0.012589 0.970729 0.011954 0.004393
2 2 0.001290 0.037384 0.927234 0.013844 0.020247
2 2 0.000749 0.024369 0.945260 0.016312 0.013309
2 2 0.000715 0.022147 0.944790 0.019584 0.012764
2 2 0.002166 0.067682 0.861345 0.013805 0.055001
2 2 0.000554 0.017736 0.934129 0.033227 0.014354
2 2 0.041099 0.174675 0.666494 0.026377 0.091354
2 2 0.002461 0.027795 0.888870 0.061487 0.019387
2 2 0.008856 0.079393 0.838003 0.028978 0.044769
2 2 0.000374 0.020213 0.956669 0.011309 0.011435
2 2 0.000573 0.024681 0.930619 0.022172 0.021955
2 2 0.000201 0.011547 0.968085 0.013967 0.006199
2 2 0.000636 0.019171 0.937266 0.029181 0.013746
2 2 0.000497 0.024483 0.935616 0.018697 0.020708
2 2 0.000656 0.019859 0.940782 0.025640 0.013063
2 2 0.000238 0.011452 0.968430 0.014466 0.005415
2 2 0.000669 0.024637 0.919539 0.030569 0.024587
2 2 0.000076 0.004566 0.970604 0.022369 0.002385
2 2 0.000195 0.006766 0.954207 0.034994 0.003838
2 2 0.000695 0.028254 0.931166 0.018269 0.021615
2 2 0.000993 0.023992 0.934403 0.026057 0.014555
2 2 0.000062 0.002947 0.966048 0.029647 0.001296
2 2 0.000016 0.000540 0.893798 0.105409 0.000238
2 2 0.000212 0.007711 0.960995 0.027143 0.003939
2 2 0.000278 0.009937 0.949383 0.033682 0.006720
2 2 0.000157 0.003678 0.890333 0.103025 0.002808
2 2 0.001382 0.021418 0.882623 0.074468 0.020109
2 2 0.000262 0.001697 0.516210 0.480139 0.001692
2 2 0.000107 0.001985 0.844872 0.151778 0.001259
2 2 0.003453 0.017413 0.775532 0.190171 0.013431
2 2 0.151018 0.147838 0.474397 0.133061 0.093685
2 2 0.076156 0.321322 0.341795 0.010840 0.249888
2 2 0.033100 0.231977 0.388961 0.019969 0.325993
2 2 0.011811 0.137789 0.646168 0.030572 0.173660
2 2 0.002022 0.051671 0.903526 0.013279 0.029502
2 2 0.000070 0.002483 0.953158 0.043201 0.001088
2 2 0.002882 0.042107 0.908139 0.024859 0.022013
2 2 0.159202 0.344575 0.368520 0.008823 0.118880
2 2 0.003009 0.081576 0.763669 0.027526 0.124220
2 2 0.000809 0.027042 0.948483 0.011580 0.012086
2 2 0.000421 0.016120 0.957635 0.017232 0.008592
2 2 0.000317 0.009863 0.952844 0.031369 0.005606
2 2 0.000256 0.009904 0.969072 0.016679 0.004088
2 2 0.000181 0.006551 0.963567 0.026627 0.003075
2 2 0.000836 0.026402 0.937052 0.019135 0.016574
2 2 0.000173 0.010556 0.974584 0.010197 0.004490
2 2 0.000616 0.018768 0.951962 0.019091 0.009563
2 2 0.000081 0.004178 0.975733 0.018405 0.001603
2 2 0.000480 0.019760 0.959750 0.011242 0.008769
2 2 0.000265 0.006081 0.933109 0.057074 0.003470
2 2 0.000514 0.018036 0.948460 0.021702 0.011288
2 2 0.000256 0.006320 0.939712 0.050202 0.003510
2 2 0.000244 0.010622 0.967549 0.016597 0.004988
2 2 0.000089 0.002224 0.887585 0.108607 0.001495
2 2 0.000180 0.004348 0.940610 0.052799 0.002063
2 2 0.002991 0.052787 0.849162 0.040217 0.054843
2 2 0.000163 0.004750 0.938809 0.053489 0.002788
2 2 0.017545 0.028701 0.647755 0.289278 0.016721
2 2 0.037606 0.102085 0.744712 0.063798 0.051799
2 2 0.001303 0.014830 0.883986 0.089353 0.010528
2 2 0.000450 0.004912 0.800139 0.190418 0.004081
2 2 0.039689 0.193942 0.674820 0.014316 0.077233
2 2 0.074287 0.194533 0.615159 0.031184 0.084837
4 2 0.015037 0.216329 0.355831 0.012295 0.400508
2 2 0.001154 0.021092 0.913585 0.048405 0.015764
2 2 0.000427 0.007193 0.859041 0.126458 0.006881
2 2 0.000084 0.002683 0.956937 0.039259 0.001037
2 2 0.001441 0.037607 0.906469 0.024635 0.029848
2 2 0.000244 0.008562 0.959393 0.027301 0.004500
2 2 0.025910 0.151553 0.719525 0.022865 0.080147
2 2 0.008887 0.069080 0.767760 0.077493 0.076780
1 2 0.114293 0.376023 0.261580 0.006976 0.241128
2 2 0.031939 0.276006 0.417787 0.009827 0.264442
1 2 0.224443 0.387962 0.265965 0.005332 0.116298
4 2 0.015335 0.203526 0.259611 0.012908 0.508620
4 2 0.016216 0.275753 0.331251 0.005375 0.371405
2 2 0.003456 0.043668 0.871992 0.046540 0.034344
2 2 0.001151 0.014451 0.880494 0.092417 0.011488
2 2 0.001446 0.041194 0.933611 0.008278 0.015472
2 2 0.000307 0.007021 0.934247 0.054313 0.004112
2 2 0.000249 0.006850 0.945193 0.043806 0.003902
2 2 0.000556 0.017825 0.960075 0.014176 0.007368
2 2 0.001263 0.025469 0.941746 0.020206 0.011315
2 2 0.000472 0.010052 0.955012 0.030368 0.004096
2 2 0.005967 0.125364 0.718079 0.015615 0.134974
2 2 0.000352 0.007264 0.917617 0.069821 0.004946
2 2 0.000139 0.005616 0.970599 0.021383 0.002263
2 2 0.000180 0.005179 0.947844 0.044084 0.002713
2 2 0.001785 0.045953 0.903649 0.017723 0.030889
2 2 0.000352 0.017043 0.962540 0.011741 0.008325
2 2 0.000188 0.008664 0.973167 0.014501 0.003479
2 2 0.000283 0.014334 0.955102 0.020106 0.010174
2 2 0.000236 0.011764 0.967914 0.014294 0.005793
2 2 0.001857 0.036007 0.910688 0.027665 0.023783
2 2 0.000372 0.014838 0.958826 0.017856 0.008108
2 2 0.000321 0.009860 0.958700 0.026306 0.004812
2 2 0.000708 0.022144 0.932458 0.027741 0.016949
2 2 0.000670 0.017714 0.949778 0.022828 0.009009
2 2 0.000106 0.003442 0.950341 0.044449 0.001662
2 2 0.000258 0.009275 0.961123 0.024588 0.004756
2 2 0.000036 0.001313 0.921058 0.076890 0.000702
2 2 0.004511 0.074406 0.713906 0.061980 0.145197
2 2 0.000175 0.003236 0.896775 0.097971 0.001843
2 2 0.000244 0.009838 0.967623 0.017851 0.004443
2 2 0.000688 0.014621 0.885847 0.082538 0.016306
2 2 0.000189 0.005660 0.943692 0.047108 0.003352
2 2 0.000822 0.024112 0.940415 0.020441 0.014210
2 2 0.000452 0.010934 0.938911 0.042951 0.006753
2 2 0.002399 0.040059 0.894024 0.034381 0.029137
2 2 0.000120 0.002827 0.879722 0.115205 0.002126
2 2 0.001133 0.027753 0.865050 0.065538 0.040527
2 2 0.000189 0.004164 0.886182 0.106184 0.003281
3 2 0.008034 0.011341 0.393211 0.576582 0.010832
2 2 0.000294 0.008066 0.943124 0.043627 0.004889
2 2 0.000432 0.008916 0.884790 0.097015 0.008847
2 2 0.000080 0.002702 0.930470 0.065115 0.001634
2 2 0.000785 0.018638 0.927986 0.038888 0.013701
2 2 0.000492 0.009457 0.921594 0.062276 0.006180
2 2 0.001018 0.012249 0.835624 0.138518 0.012590
2 2 0.000038 0.001081 0.908884 0.089517 0.000481
2 2 0.000809 0.012908 0.877210 0.096807 0.012267
2 2 0.000034 0.000635 0.817649 0.181395 0.000287
2 2 0.003440 0.011673 0.743588 0.235364 0.005936
2 2 0.018433 0.030148 0.483356 0.431292 0.036771
2 2 0.000405 0.005173 0.799333 0.190067 0.005022
2 2 0.001777 0.026984 0.897059 0.052869 0.021311
2 2 0.000046 0.001524 0.932109 0.065620 0.000701
2 2 0.000067 0.001454 0.864832 0.132781 0.000867
2 2 0.000026 0.001228 0.885549 0.112117 0.001080
2 2 0.000098 0.001951 0.865144 0.131582 0.001227
2 2 0.000112 0.001665 0.754756 0.242097 0.001370
2 2 0.000100 0.001928 0.824916 0.171563 0.001493
2 2 0.000149 0.003236 0.884973 0.109315 0.002326
2 2 0.001561 0.018563 0.872504 0.091652 0.015721
4 2 0.016966 0.160392 0.242939 0.028762 0.550942
2 2 0.001222 0.022724 0.830840 0.108748 0.036466
2 2 0.010551 0.097956 0.639455 0.073767 0.178271
4 2 0.020861 0.166103 0.355567 0.039558 0.417911
2 2 0.010445 0.156648 0.551987 0.023100 0.257819
4 4 0.052679 0.165124 0.183832 0.056330 0.542035
4 4 0.051942 0.165157 0.184376 0.055807 0.542718
4 4 0.042147 0.165324 0.192177 0.048567 0.551785
4 4 0.177631 0.146741 0.127934 0.125100 0.422594
4 4 0.129885 0.180877 0.159768 0.072318 0.457152
4 4 0.050121 0.165228 0.185742 0.054503 0.544406
4 4 0.022859 0.163117 0.212766 0.032158 0.569100
4 4 0.030968 0.164633 0.202910 0.039493 0.561995
4 4 0.057808 0.164829 0.180188 0.059893 0.537282
4 4 0.045701 0.165328 0.189210 0.051261 0.548499
4 4 0.150776 0.151377 0.136114 0.111668 0.450065
4 4 0.053849 0.165067 0.182980 0.057154 0.540950
4 4 0.055050 0.165001 0.182118 0.057993 0.539837
4 4 0.049202 0.165258 0.186445 0.053838 0.545257
4 4 0.038590 0.165230 0.195334 0.045786 0.555060
4 4 0.047835 0.165293 0.187508 0.052840 0.546524
4 4 0.039203 0.165253 0.194775 0.046272 0.554496
4 4 0.053695 0.165074 0.183091 0.057046 0.541093
4 4 0.068770 0.163886 0.173075 0.067113 0.527156
4 4 0.027845 0.164184 0.206433 0.036758 0.564780
4 4 0.105264 0.197437 0.178363 0.054227 0.464709
4 4 0.025813 0.163808 0.208895 0.034920 0.566564
4 4 0.024339 0.163487 0.210779 0.033556 0.567839
4 4 0.021133 0.162619 0.215220 0.030487 0.570541
4 4 0.024667 0.163562 0.210353 0.033862 0.567557
4 4 0.029812 0.164483 0.204181 0.038492 0.563032
4 4 0.123994 0.155633 0.145272 0.097717 0.477384
4 4 0.035722 0.165076 0.198040 0.043476 0.557686
4 4 0.009253 0.155595 0.239374 0.017324 0.578453
4 4 0.030559 0.164582 0.203356 0.039140 0.562363
4 4 0.042875 0.165332 0.191555 0.049126 0.551113
4 4 0.041337 0.165311 0.192879 0.047942 0.552532
4 4 0.062881 0.164439 0.176794 0.063297 0.532589
4 4 0.059012 0.164745 0.179364 0.060711 0.536167
4 4 0.049117 0.165260 0.186510 0.053776 0.545336
4 4 0.078330 0.162799 0.167457 0.073034 0.518379
4 4 0.068262 0.163938 0.173387 0.066790 0.527624
4 4 0.056558 0.164911 0.181055 0.059036 0.538440
4 4 0.060574 0.164628 0.178314 0.061763 0.534723
4 4 0.077061 0.162955 0.168177 0.072266 0.519541
4 4 0.061188 0.164579 0.177905 0.062174 0.534154
4 4 0.066431 0.164118 0.174526 0.065614 0.529311
4 4 0.083252 0.162165 0.164735 0.075963 0.513884
4 4 0.043324 0.165335 0.191175 0.049468 0.550698
4 4 0.057374 0.164858 0.180488 0.059596 0.537685
4 4 0.094324 0.160589 0.158960 0.082288 0.503839
4 4 0.037117 0.165160 0.196705 0.044607 0.556411
4 4 0.053919 0.165063 0.182929 0.057203 0.540885
4 4 0.056683 0.164903 0.180967 0.059123 0.538324
4 4 0.062316 0.164487 0.177162 0.062924 0.533111
4 4 0.053760 0.165071 0.183044 0.057092 0.541033
4 4 0.081003 0.163857 0.169014 0.076176 0.509951
4 4 0.029413 0.164427 0.204628 0.038143 0.563388
4 4 0.024875 0.163609 0.210084 0.034056 0.567377
4 4 0.031447 0.164690 0.202395 0.039903 0.561565
4 4 0.068084 0.163955 0.173497 0.066676 0.527787
4 4 0.035775 0.165079 0.197988 0.043519 0.557638
4 4 0.026614 0.163965 0.207907 0.035651 0.565864
4 4 0.090665 0.162203 0.163116 0.081531 0.502485
4 4 0.017045 0.161071 0.221772 0.026333 0.573779
4 4 0.016761 0.160940 0.222275 0.026033 0.573991
4 4 0.017178 0.161131 0.221539 0.026473 0.573678
4 4 0.023128 0.163188 0.212397 0.032415 0.568872
4 4 0.038355 0.165220 0.195550 0.045600 0.555275
4 4 0.116590 0.167092 0.155351 0.082671 0.478295
4 4 0.010151 0.156503 0.236782 0.018463 0.578101
4 4 0.015800 0.160469 0.224033 0.025003 0.574696
4 4 0.036206 0.165107 0.197572 0.043870 0.557245
4 4 0.030860 0.164620 0.203028 0.039400 0.562093
4 4 0.013423 0.159090 0.228808 0.022365 0.576313
4 4 0.015625 0.160378 0.224362 0.024814 0.574821
4 4 0.009659 0.156019 0.238176 0.017843 0.578303
4 4 0.008007 0.154135 0.243383 0.015682 0.578793
4 4 0.011128 0.157382 0.234185 0.019666 0.577638
4 4 0.005977 0.151056 0.251359 0.012818 0.578791
4 4 0.006278 0.151583 0.250029 0.013260 0.578850
4 4 0.006346 0.151698 0.249737 0.013359 0.578860
4 4 0.041696 0.195831 0.233936 0.034080 0.494457
4 4 0.008681 0.154956 0.241150 0.016579 0.578634
4 4 0.126302 0.188703 0.169172 0.069562 0.446261
4 4 0.008799 0.155093 0.240774 0.016735 0.578599
4 4 0.009342 0.155690 0.239107 0.017439 0.578422
4 1 0.003130 0.143785 0.271184 0.008275 0.573626
4 1 0.002907 0.141383 0.309244 0.008951 0.537516
4 1 0.004456 0.135102 0.419475 0.018326 0.422641
2 2 0.002171 0.072992 0.719813 0.035914 0.169109
4 2 0.004117 0.146955 0.261349 0.009906 0.577673
4 2 0.004622 0.148246 0.258261 0.010733 0.578138
4 2 0.004160 0.147072 0.261071 0.009978 0.577719
4 2 0.003934 0.146448 0.262552 0.009601 0.577465
2 2 0.000264 0.022174 0.953925 0.008504 0.015132
2 2 0.003342 0.132673 0.427194 0.014557 0.422234
2 2 0.000526 0.032643 0.907993 0.018612 0.040225
2 2 0.000257 0.016285 0.959410 0.013298 0.010750
2 2 0.000584 0.030695 0.918985 0.018774 0.030962
2 2 0.012692 0.153505 0.576839 0.027346 0.229619
2 2 0.002321 0.082378 0.716778 0.027778 0.170745
4 2 0.025882 0.203906 0.238984 0.019836 0.511392
2 2 0.001242 0.054232 0.879001 0.013736 0.051789
2 2 0.003782 0.115514 0.551655 0.023630 0.305418
2 2 0.001781 0.073275 0.850311 0.010510 0.064123
4 2 0.030627 0.232911 0.325686 0.017946 0.392830
4 2 0.024007 0.221754 0.253680 0.014682 0.485877
0 2 0.318550 0.255413 0.151950 0.031113 0.242974
4 2 0.019128 0.214645 0.258354 0.013359 0.494515
4 2 0.010393 0.156731 0.236118 0.018765 0.577993
4 2 0.006110 0.151293 0.250761 0.013015 0.578820
4 2 0.008634 0.175260 0.260030 0.011910 0.544165
2 2 0.003524 0.138151 0.601141 0.011706 0.245477
2 2 0.000681 0.036291 0.923140 0.011915 0.027974
2 2 0.000315 0.019588 0.960094 0.009369 0.010634
2 2 0.000488 0.034542 0.921687 0.011204 0.032079
2 2 0.000041 0.003938 0.984320 0.010185 0.001516
2 2 0.002517 0.086017 0.796655 0.015845 0.098966
1 2 0.200249 0.402522 0.202138 0.004985 0.190105
4 2 0.010873 0.170824 0.247202 0.015586 0.555515
4 2 0.006814 0.156162 0.304093 0.015276 0.517654
2 2 0.006031 0.156243 0.524975 0.014418 0.298333
2 2 0.005318 0.144628 0.581667 0.015228 0.253158
4 2 0.011703 0.206863 0.327390 0.010875 0.443169
2 2 0.001862 0.067026 0.821749 0.021103 0.088260
2 2 0.001370 0.056425 0.880992 0.012833 0.048380
4 2 0.007076 0.180945 0.272869 0.009136 0.529974
2 2 0.000185 0.008257 0.962369 0.024421 0.004768
4 2 0.004712 0.146012 0.311975 0.013279 0.524021
2 2 0.001598 0.060647 0.819151 0.025479 0.093125
4 2 0.011029 0.157297 0.234440 0.019545 0.577688
4 2 0.006480 0.151922 0.249167 0.013554 0.578876
4 2 0.025315 0.191191 0.230904 0.023219 0.529371
4 1 0.008578 0.161297 0.247643 0.014790 0.567692
2 1 0.003923 0.081294 0.768627 0.033523 0.112632
4 1 0.013276 0.196261 0.260044 0.012646 0.517774
1 1 0.270177 0.371211 0.179808 0.006812 0.171991
4 1 0.013750 0.246626 0.352781 0.007052 0.379791
4 2 0.008129 0.165794 0.347966 0.016228 0.461883
2 2 0.004149 0.075177 0.812166 0.029225 0.079283
2 2 0.005777 0.126016 0.699299 0.017062 0.151846
2 2 0.001838 0.063070 0.867615 0.014148 0.053330
4 2 0.008255 0.143241 0.392014 0.027197 0.429292
2 2 0.000112 0.006834 0.981019 0.009747 0.002289
2 2 0.000721 0.018290 0.953667 0.019261 0.008060
2 2 0.000331 0.015744 0.964507 0.011940 0.007478
2 2 0.001071 0.040412 0.918614 0.012984 0.026920
2 2 0.000176 0.009813 0.972152 0.013259 0.004600
2 2 0.000498 0.013270 0.947199 0.031373 0.007660
2 2 0.001609 0.037452 0.926413 0.015899 0.018628
2 2 0.000250 0.012689 0.967476 0.013410 0.006175
2 2 0.001966 0.040646 0.886084 0.034639 0.036665
2 2 0.008007 0.122359 0.677304 0.027981 0.164348
2 2 0.000443 0.017164 0.952951 0.019176 0.010266
2 2 0.002021 0.058303 0.876178 0.016739 0.046759
2 2 0.001081 0.038804 0.904002 0.020392 0.035721
2 2 0.001421 0.036124 0.926599 0.016210 0.019647
2 2 0.000844 0.027293 0.949765 0.010827 0.011271
2 2 0.000083 0.005556 0.981832 0.010584 0.001945
2 2 0.000516 0.017232 0.943287 0.026897 0.012068
2 2 0.003007 0.077496 0.843441 0.014650 0.061406
2 2 0.000864 0.026682 0.945886 0.013860 0.012708
2 2 0.000064 0.004122 0.976183 0.017810 0.001821
2 2 0.000492 0.019249 0.953905 0.015835 0.010520
2 2 0.000451 0.018505 0.949277 0.019459 0.012308
2 2 0.000069 0.003743 0.976222 0.018531 0.001435
2 2 0.001545 0.060313 0.842516 0.019822 0.075805
2 2 0.000163 0.007515 0.966244 0.022111 0.003966
2 2 0.000106 0.002574 0.893281 0.102314 0.001725
2 2 0.000130 0.006518 0.972889 0.017601 0.002862
2 2 0.000435 0.012340 0.947458 0.032373 0.007395
2 2 0.000018 0.001160 0.964864 0.033471 0.000488
2 2 0.000361 0.009477 0.939842 0.044265 0.006056
2 2 0.000325 0.008571 0.948828 0.037678 0.004598
2 2 0.000155 0.003241 0.904726 0.089984 0.001895
2 2 0.000308 0.006457 0.867110 0.119465 0.006660
2 2 0.000311 0.006997 0.942761 0.046359 0.003572
2 2 0.000711 0.011956 0.850264 0.122858 0.014211
2 2 0.000062 0.001205 0.844146 0.153896 0.000691
2 2 0.000629 0.011783 0.863911 0.109875 0.013802
2 2 0.000151 0.002262 0.806362 0.189505 0.001721
2 2 0.000081 0.001120 0.667193 0.330526 0.001081
2 2 0.000083 0.001791 0.817678 0.178919 0.001529
2 2 0.000048 0.001006 0.738766 0.259248 0.000931
2 2 0.000137 0.002427 0.843956 0.151724 0.001755
2 2 0.000140 0.001819 0.693443 0.302725 0.001872
2 2 0.000381 0.004529 0.793179 0.197832 0.004079
2 2 0.000209 0.002265 0.663902 0.331149 0.002475
2 2 0.000096 0.000931 0.767997 0.230626 0.000350
2 0 0.115436 0.104561 0.561211 0.168527 0.050265
0 0 0.407746 0.285839 0.190497 0.014165 0.101753
0 0 0.754653 0.126747 0.051834 0.021042 0.045724
0 0 0.793991 0.107644 0.042504 0.020273 0.035588
0 0 0.930802 0.044123 0.012517 0.006686 0.005872
0 0 0.912150 0.062335 0.016101 0.003382 0.006031
0 0 0.834594 0.092534 0.033623 0.015053 0.024196
0 0 0.810337 0.096368 0.045337 0.021855 0.026103
0 0 0.616715 0.107919 0.112991 0.112263 0.050112
0 0 0.552274 0.183196 0.095275 0.040211 0.129044
0 0 0.487654 0.136276 0.086562 0.110314 0.179192
0 0 0.601632 0.100153 0.059790 0.124102 0.114324
0 0 0.576445 0.237839 0.096953 0.010505 0.078259
0 0 0.450216 0.128875 0.086480 0.134603 0.199826
0 0 0.628526 0.143808 0.074112 0.051625 0.101929
0 0 0.637704 0.089343 0.052032 0.124833 0.096088
0 0 0.846395 0.064265 0.026673 0.036592 0.026075
0 0 0.529227 0.096586 0.063042 0.167707 0.143437
0 0 0.668303 0.096312 0.052980 0.095559 0.086847
4 0 0.264983 0.155432 0.119591 0.117759 0.342236
0 0 0.440693 0.154715 0.099680 0.096875 0.208037
0 0 0.634708 0.090442 0.052765 0.124445 0.097640
0 0 0.501994 0.174390 0.099893 0.059601 0.164121
4 0 0.246085 0.136282 0.110795 0.150141 0.356697
4 0 0.120121 0.198414 0.173329 0.056635 0.451501
0 1 0.499633 0.188083 0.104372 0.048373 0.159539
0 1 0.782101 0.112229 0.045145 0.021466 0.039059
0 1 0.417374 0.092490 0.068046 0.227846 0.194244
0 1 0.512719 0.212433 0.108013 0.029950 0.136885
0 1 0.348591 0.174277 0.118889 0.088251 0.269993
0 1 0.752944 0.115280 0.050241 0.030636 0.050899
0 1 0.811177 0.058661 0.027490 0.068076 0.034595
0 1 0.741897 0.102170 0.048363 0.048998 0.058572
0 1 0.477430 0.189098 0.107836 0.052164 0.173472
0 1 0.517139 0.283636 0.111350 0.006788 0.081087
0 1 0.474413 0.229196 0.117922 0.027509 0.150961
0 1 0.668102 0.119460 0.061836 0.062828 0.087774
0 1 0.883923 0.072185 0.022731 0.008604 0.012557
0 1 0.752692 0.159500 0.052564 0.006041 0.029204
0 1 0.582666 0.267096 0.092653 0.004318 0.053267
