0 0 0.920933 0.042553 0.006801 0.001980 0.027733
0 0 0.876927 0.056087 0.011257 0.002366 0.053363
0 0 0.864166 0.050341 0.010139 0.001386 0.073967
0 0 0.885868 0.051777 0.010446 0.002445 0.049464
0 0 0.904978 0.037931 0.005997 0.000782 0.050312
0 0 0.868027 0.048909 0.009613 0.001284 0.072167
0 0 0.872955 0.043506 0.007815 0.000807 0.074916
0 0 0.896706 0.039663 0.006525 0.000805 0.056301
0 0 0.862182 0.039877 0.006913 0.000578 0.090450
0 0 0.933508 0.029707 0.003781 0.000525 0.032478
0 0 0.896691 0.039125 0.006373 0.000755 0.057057
0 0 0.712932 0.046559 0.011454 0.001980 0.227075
0 0 0.901091 0.045618 0.008281 0.001816 0.043194
0 0 0.859817 0.043635 0.007946 0.000681 0.087921
0 0 0.840383 0.049458 0.010185 0.001079 0.098894
0 0 0.882470 0.037273 0.005931 0.000471 0.073855
0 0 0.869448 0.045493 0.008470 0.000938 0.075651
0 0 0.835122 0.050405 0.010593 0.001127 0.102753
0 0 0.868280 0.056230 0.012235 0.002599 0.060656
0 0 0.788296 0.074122 0.016792 0.001561 0.119228
0 0 0.859050 0.055369 0.011197 0.001584 0.072800
0 0 0.559051 0.057401 0.011957 0.001039 0.370552
0 0 0.774429 0.029401 0.004823 0.000501 0.190846
0 0 0.901762 0.036583 0.005648 0.000614 0.055392
0 0 0.896645 0.038997 0.006337 0.000743 0.057278
0 0 0.917421 0.031424 0.004285 0.000439 0.046431
0 0 0.914466 0.033435 0.004782 0.000543 0.046773
0 0 0.884641 0.044208 0.006513 0.000532 0.064106
0 0 0.859605 0.029695 0.004514 0.000374 0.105811
0 0 0.874863 0.037947 0.006158 0.000455 0.080577
0 0 0.903106 0.048339 0.009139 0.002718 0.036698
0 0 0.897578 0.037785 0.005995 0.000654 0.057988
0 0 0.894010 0.048874 0.009387 0.002188 0.045542
0 0 0.931299 0.031660 0.004290 0.000701 0.032050
0 0 0.945063 0.029388 0.003728 0.000901 0.020919
0 0 0.915832 0.035887 0.005399 0.000792 0.042090
0 0 0.905725 0.042693 0.007355 0.001448 0.042779
0 0 0.911351 0.050626 0.006445 0.001007 0.030571
0 0 0.905913 0.049656 0.007934 0.001743 0.034753
0 0 0.919756 0.044293 0.006608 0.001658 0.027685
0 0 0.826253 0.107499 0.013187 0.000961 0.052100
0 0 0.857159 0.077528 0.011218 0.001161 0.052935
0 0 0.763905 0.137566 0.026792 0.003738 0.067999
0 0 0.882908 0.061202 0.010754 0.002245 0.042890
0 0 0.923360 0.035547 0.005277 0.000959 0.034856
0 0 0.821010 0.073943 0.011978 0.000755 0.092313
0 0 0.858506 0.056276 0.009108 0.000750 0.075361
0 0 0.668546 0.152439 0.030525 0.001510 0.146980
0 0 0.869130 0.052806 0.010966 0.001904 0.065194
0 0 0.805646 0.093602 0.016865 0.001572 0.082315
0 0 0.792525 0.076802 0.015071 0.001078 0.114524
0 0 0.793433 0.081005 0.016372 0.001360 0.107830
0 0 0.819523 0.078067 0.015834 0.001850 0.084726
0 0 0.849454 0.047624 0.008703 0.000695 0.093524
0 0 0.628377 0.174127 0.036323 0.001688 0.159485
0 0 0.794583 0.073648 0.014591 0.001046 0.116132
0 0 0.824431 0.075634 0.015560 0.001947 0.082427
0 0 0.695989 0.136581 0.027333 0.001499 0.138598
0 0 0.759254 0.107295 0.023181 0.002202 0.108069
0 0 0.867148 0.053727 0.009353 0.001022 0.068750
0 0 0.445049 0.236700 0.087234 0.006716 0.224300
0 0 0.425976 0.218812 0.091024 0.007863 0.256325
0 0 0.393883 0.261068 0.104278 0.008115 0.232655
0 0 0.488586 0.176225 0.063845 0.006153 0.265192
0 0 0.763379 0.098187 0.035359 0.013258 0.089818
0 0 0.665713 0.145576 0.047235 0.007686 0.133789
0 0 0.538284 0.144776 0.060825 0.010680 0.245436
0 0 0.605372 0.162475 0.061921 0.010573 0.159659
0 0 0.367971 0.279454 0.112886 0.008488 0.231201
1 1 0.203243 0.347399 0.183463 0.011029 0.254866
1 1 0.049285 0.492938 0.289233 0.009033 0.159511
1 1 0.024333 0.446715 0.374612 0.013664 0.140676
2 2 0.007989 0.026779 0.917171 0.038816 0.009244
2 2 0.003185 0.022652 0.952239 0.015192 0.006732
2 2 0.000911 0.001782 0.975084 0.021689 0.000533
2 1 0.005935 0.112578 0.839620 0.009509 0.032358
2 2 0.001655 0.011137 0.971945 0.012201 0.003062
2 2 0.000364 0.000736 0.984064 0.014641 0.000195
2 2 0.000642 0.001198 0.978384 0.019431 0.000345
2 2 0.001476 0.006631 0.974761 0.015239 0.001893
2 2 0.011775 0.026165 0.883573 0.069769 0.008718
2 2 0.004549 0.022140 0.943594 0.022478 0.007238
1 0 0.126778 0.366076 0.305511 0.057718 0.143917
2 1 0.016348 0.237625 0.648303 0.014738 0.082986
2 2 0.001102 0.004845 0.978966 0.013750 0.001336
2 2 0.000361 0.000731 0.984136 0.014579 0.000194
2 2 0.002475 0.004507 0.957594 0.033876 0.001548
2 2 0.001113 0.003709 0.977554 0.016562 0.001062
2 2 0.001760 0.002839 0.962446 0.032007 0.000948
2 2 0.000898 0.001590 0.939583 0.057702 0.000227
2 2 0.003596 0.007324 0.949885 0.036601 0.002594
2 2 0.001929 0.003064 0.941848 0.052439 0.000720
2 2 0.186338 0.110099 0.437881 0.209464 0.056218
2 2 0.021744 0.122500 0.772292 0.034394 0.049071
2 2 0.134870 0.143703 0.520463 0.109516 0.091448
2 2 0.012907 0.049352 0.879814 0.038775 0.019153
2 2 0.049357 0.169803 0.638868 0.059616 0.082356
2 2 0.095905 0.127463 0.587105 0.112750 0.076777
0 0 0.565622 0.189161 0.080351 0.010261 0.154605
1 0 0.187813 0.436801 0.199333 0.015485 0.160568
2 1 0.021006 0.353282 0.483600 0.012472 0.129640
2 2 0.008976 0.047848 0.899067 0.027166 0.016943
2 2 0.001398 0.002405 0.967425 0.027999 0.000773
2 2 0.004694 0.037023 0.930448 0.016404 0.011432
2 2 0.000997 0.001746 0.972553 0.024169 0.000536
2 2 0.001632 0.004510 0.970614 0.021854 0.001390
2 2 0.000740 0.001352 0.966137 0.031486 0.000285
2 2 0.001516 0.002500 0.965424 0.029743 0.000817
2 2 0.000508 0.000975 0.937181 0.061239 0.000097
2 2 0.000978 0.001714 0.957293 0.039666 0.000349
2 3 0.000424 0.000832 0.916840 0.081845 0.000059
2 2 0.000561 0.001061 0.931096 0.067178 0.000104
2 2 0.001549 0.002511 0.864859 0.130834 0.000246
2 2 0.000601 0.001118 0.886534 0.111673 0.000074
2 2 0.000693 0.001224 0.794970 0.203033 0.000080
2 2 0.000693 0.001268 0.910562 0.087366 0.000112
2 2 0.000595 0.001081 0.830048 0.168201 0.000075
2 2 0.001332 0.002142 0.774924 0.221428 0.000174
2 2 0.000755 0.001354 0.857789 0.140018 0.000085
2 2 0.001847 0.002863 0.785231 0.209815 0.000243
2 3 0.000990 0.001672 0.794868 0.202354 0.000116
2 2 0.001072 0.001643 0.562527 0.434613 0.000146
2 2 0.000387 0.000733 0.774504 0.224337 0.000040
2 2 0.000326 0.000637 0.751064 0.247949 0.000023
2 2 0.000971 0.001685 0.875462 0.121746 0.000136
2 2 0.001228 0.001982 0.744787 0.251857 0.000146
3 2 0.000715 0.001088 0.394610 0.603509 0.000077
3 2 0.000468 0.000760 0.394591 0.604144 0.000038
2 2 0.000641 0.001128 0.713610 0.284568 0.000053
2 2 0.000516 0.000918 0.675174 0.323345 0.000047
3 2 0.001076 0.001563 0.418569 0.578653 0.000138
2 2 0.000712 0.001236 0.722996 0.274992 0.000065
2 2 0.000398 0.000729 0.635678 0.363167 0.000028
3 2 0.000659 0.001065 0.497639 0.500575 0.000062
3 2 0.000557 0.000909 0.454727 0.543762 0.000046
3 2 0.000724 0.001151 0.480528 0.517532 0.000065
2 2 0.000585 0.001068 0.789299 0.208999 0.000049
2 2 0.000281 0.000526 0.569605 0.429568 0.000019
3 2 0.000600 0.000913 0.333509 0.664922 0.000056
2 2 0.000750 0.001236 0.617092 0.380837 0.000085
3 2 0.000756 0.001051 0.237167 0.760951 0.000074
2 2 0.000808 0.001387 0.758389 0.239330 0.000086
3 3 0.000413 0.000659 0.325221 0.673672 0.000034
2 2 0.000622 0.001074 0.657754 0.340495 0.000055
3 2 0.000543 0.000830 0.331213 0.667355 0.000058
3 2 0.001461 0.002092 0.476019 0.520241 0.000187
2 2 0.000696 0.001250 0.815243 0.182747 0.000064
3 2 0.000477 0.000796 0.472068 0.526617 0.000043
3 3 0.000872 0.001337 0.462064 0.535639 0.000089
3 2 0.000415 0.000688 0.406376 0.592487 0.000034
2 2 0.000457 0.000818 0.648207 0.350478 0.000040
3 3 0.000411 0.000694 0.441906 0.556956 0.000032
2 3 0.000942 0.001590 0.805789 0.191537 0.000142
3 2 0.000639 0.000956 0.333216 0.665117 0.000072
2 2 0.001220 0.001964 0.745156 0.251501 0.000159
3 2 0.000896 0.001307 0.368522 0.629173 0.000102
2 3 0.000707 0.001144 0.528941 0.469140 0.000068
3 3 0.000709 0.001034 0.309064 0.689115 0.000078
3 2 0.000498 0.000804 0.414022 0.584628 0.000048
2 2 0.000636 0.001152 0.825012 0.173133 0.000067
3 2 0.001146 0.001576 0.330575 0.666542 0.000163
3 2 0.000483 0.000776 0.391901 0.606795 0.000045
2 2 0.000672 0.001197 0.812048 0.186002 0.000081
2 2 0.001103 0.001704 0.608667 0.388357 0.000169
3 2 0.000726 0.001137 0.461510 0.536548 0.000077
3 2 0.001240 0.001749 0.408847 0.587977 0.000187
2 2 0.000575 0.000957 0.541095 0.457315 0.000058
3 2 0.000810 0.001105 0.240198 0.757782 0.000106
2 2 0.000763 0.001251 0.608479 0.389422 0.000085
3 2 0.000774 0.001055 0.241186 0.756866 0.000120
3 2 0.000581 0.000908 0.384176 0.614279 0.000056
3 2 0.000892 0.001238 0.297384 0.700347 0.000138
2 2 0.001399 0.002219 0.760477 0.235711 0.000195
2 2 0.000740 0.001255 0.686360 0.311569 0.000077
3 2 0.000655 0.000993 0.391679 0.606575 0.000098
3 2 0.000904 0.001302 0.338495 0.659202 0.000096
3 2 0.000737 0.001114 0.380131 0.617945 0.000074
3 2 0.000545 0.000835 0.324356 0.674215 0.000050
3 2 0.000790 0.001129 0.298236 0.699757 0.000088
2 2 0.000500 0.000939 0.844603 0.153903 0.000055
3 2 0.001265 0.001840 0.475478 0.521248 0.000169
2 2 0.000995 0.001651 0.790253 0.206933 0.000167
3 2 0.003757 0.004067 0.238979 0.751975 0.001222
2 0 0.075470 0.261446 0.493001 0.032536 0.137546
1 0 0.138951 0.431970 0.236268 0.017610 0.175201
1 1 0.176608 0.343586 0.261984 0.035526 0.182296
1 1 0.014165 0.477443 0.377665 0.007869 0.122858
2 1 0.011604 0.402272 0.445018 0.006061 0.135045
2 2 0.012930 0.089013 0.840272 0.025591 0.032194
2 2 0.002791 0.008044 0.960225 0.026299 0.002641
2 2 0.001617 0.019924 0.965341 0.008065 0.005053
2 2 0.002215 0.007779 0.966516 0.021073 0.002416
2 2 0.003305 0.044506 0.929956 0.009968 0.012265
2 2 0.005007 0.138655 0.811436 0.006862 0.038040
2 4 0.011463 0.316538 0.481952 0.009416 0.180631
1 4 0.020880 0.390921 0.241094 0.003820 0.343285
1 4 0.023287 0.369339 0.254376 0.006032 0.346965
1 4 0.031361 0.394594 0.212663 0.003310 0.358073
1 4 0.015340 0.388603 0.276688 0.004851 0.314517
1 4 0.017813 0.384367 0.277822 0.005711 0.314287
1 4 0.020632 0.394836 0.262045 0.004790 0.317698
4 4 0.018601 0.343919 0.224224 0.004342 0.408914
1 4 0.030976 0.400882 0.231056 0.004068 0.333018
1 4 0.018366 0.407904 0.264280 0.004019 0.305431
1 4 0.019790 0.410198 0.250171 0.003486 0.316356
1 4 0.040134 0.434325 0.202686 0.002405 0.320451
1 4 0.014074 0.400578 0.300603 0.005323 0.279422
4 4 0.019958 0.337467 0.219758 0.004576 0.418241
4 4 0.017440 0.326509 0.231331 0.005499 0.419221
1 4 0.029051 0.384916 0.220207 0.003831 0.361995
1 4 0.023052 0.398646 0.295533 0.005991 0.276778
4 4 0.026793 0.362012 0.227349 0.004976 0.378870
1 4 0.020902 0.372821 0.263209 0.006018 0.337051
1 4 0.012335 0.424792 0.322871 0.004885 0.235118
2 4 0.022081 0.346474 0.428947 0.007786 0.194712
2 4 0.014162 0.412438 0.431377 0.006093 0.135929
2 4 0.018889 0.407482 0.420254 0.008113 0.145262
2 4 0.001760 0.020125 0.964141 0.008765 0.005209
2 2 0.002480 0.024817 0.954914 0.010956 0.006833
2 2 0.005721 0.057318 0.905664 0.013658 0.017639
2 2 0.001367 0.011218 0.974569 0.009911 0.002933
2 2 0.001085 0.007473 0.979352 0.010151 0.001940
2 2 0.001403 0.011981 0.973742 0.009747 0.003127
2 2 0.000845 0.002895 0.980892 0.014571 0.000798
2 2 0.001660 0.008885 0.972712 0.014226 0.002517
2 2 0.001985 0.010903 0.968957 0.015006 0.003150
2 2 0.002603 0.016178 0.961073 0.015380 0.004765
2 2 0.002285 0.011602 0.965945 0.016719 0.003449
2 2 0.002106 0.011867 0.967476 0.015107 0.003444
2 2 0.263913 0.225412 0.303837 0.068651 0.138186
0 2 0.531026 0.231377 0.095827 0.026872 0.114897
0 2 0.495211 0.199088 0.116323 0.050632 0.138747
0 2 0.429708 0.232389 0.138854 0.050984 0.148065
2 2 0.023872 0.244063 0.616798 0.021093 0.094173
2 2 0.019172 0.378686 0.456185 0.010435 0.135521
1 2 0.072595 0.468323 0.214942 0.003549 0.240591
2 2 0.011637 0.178202 0.738522 0.013379 0.058260
2 2 0.004547 0.065673 0.900394 0.010640 0.018746
2 2 0.002748 0.028714 0.949496 0.011070 0.007971
2 2 0.096496 0.291894 0.414742 0.032211 0.164657
2 2 0.002596 0.008993 0.962918 0.022637 0.002856
0 2 0.485294 0.215987 0.116615 0.041187 0.140917
1 0 0.282326 0.365975 0.114772 0.003719 0.233207
1 1 0.095080 0.499415 0.195640 0.003746 0.206119
1 1 0.064892 0.473035 0.287500 0.012942 0.161632
2 2 0.014351 0.208241 0.693512 0.012995 0.070902
2 2 0.154916 0.242641 0.425228 0.020522 0.156692
1 2 0.048844 0.485939 0.231984 0.002846 0.230386
2 2 0.199836 0.249158 0.339259 0.035202 0.176545
1 2 0.150734 0.340660 0.272505 0.018291 0.217810
2 2 0.121939 0.285367 0.396621 0.024254 0.171820
0 2 0.496994 0.183608 0.126453 0.039066 0.153879
0 0 0.354803 0.338533 0.141395 0.020175 0.145094
1 1 0.131187 0.485595 0.176409 0.004163 0.202646
1 1 0.083917 0.466988 0.184857 0.002315 0.261922
2 1 0.023241 0.228412 0.638695 0.021911 0.087740
2 1 0.013049 0.257737 0.634080 0.010828 0.084306
2 2 0.001114 0.005981 0.979200 0.012095 0.001609
2 2 0.001240 0.003711 0.975389 0.018568 0.001093
2 2 0.001757 0.015867 0.967880 0.010264 0.004232
2 2 0.001361 0.012397 0.973817 0.009229 0.003196
2 2 0.001606 0.009184 0.973210 0.013432 0.002569
2 2 0.001302 0.007965 0.976767 0.011817 0.002150
2 2 0.164132 0.171759 0.466737 0.097714 0.099658
2 2 0.085582 0.348252 0.362181 0.015113 0.188873
0 2 0.572156 0.214843 0.076348 0.015264 0.121389
1 2 0.152751 0.344584 0.276474 0.033588 0.192602
0 2 0.580931 0.187212 0.083685 0.028490 0.119682
0 2 0.567395 0.187350 0.088648 0.031647 0.124960
1 2 0.248749 0.328566 0.152706 0.008897 0.261081
1 2 0.069484 0.465862 0.216321 0.003411 0.244922
2 2 0.003552 0.026065 0.947042 0.015513 0.007827
2 2 0.001034 0.001802 0.971990 0.024618 0.000557
1 2 0.108897 0.369491 0.285434 0.018097 0.218082
2 2 0.002659 0.029834 0.948922 0.010414 0.008171
2 2 0.001143 0.003523 0.976679 0.017631 0.001023
2 2 0.002026 0.007360 0.968477 0.019887 0.002250
2 2 0.001392 0.007304 0.975839 0.013436 0.002028
2 2 0.002514 0.013100 0.963398 0.017059 0.003929
0 2 0.534689 0.207537 0.096312 0.029017 0.132445
0 2 0.489270 0.219360 0.102728 0.021545 0.167097
0 2 0.428998 0.264384 0.132997 0.037350 0.136271
1 2 0.158725 0.474022 0.183178 0.007268 0.176806
1 2 0.051464 0.491705 0.276166 0.007399 0.173266
2 2 0.031632 0.278155 0.564894 0.011225 0.114095
2 2 0.013194 0.154918 0.765586 0.013362 0.052940
2 2 0.002508 0.022091 0.957215 0.011994 0.006191
2 2 0.002241 0.016070 0.963950 0.013181 0.004557
2 2 0.002452 0.016080 0.962307 0.014494 0.004667
2 2 0.002660 0.019113 0.959965 0.012726 0.005536
2 2 0.001250 0.003842 0.975473 0.018307 0.001128
2 2 0.001658 0.012996 0.970814 0.011028 0.003504
2 2 0.005047 0.042293 0.927847 0.011759 0.013054
2 2 0.001575 0.005529 0.972846 0.018405 0.001644
2 2 0.003710 0.040506 0.932120 0.012027 0.011637
2 2 0.001711 0.014679 0.969166 0.010516 0.003928
2 2 0.001509 0.005320 0.973563 0.018036 0.001572
2 2 0.004557 0.016060 0.946015 0.027893 0.005475
2 2 0.001676 0.004108 0.969044 0.023881 0.001291
2 2 0.004784 0.029464 0.936793 0.019549 0.009410
2 2 0.001491 0.005286 0.973776 0.017889 0.001559
0 2 0.572737 0.188644 0.087361 0.031795 0.119463
0 2 0.602423 0.199798 0.072130 0.018280 0.107369
0 2 0.505709 0.225728 0.104621 0.029218 0.134724
0 0 0.638562 0.189804 0.051894 0.007032 0.112708
0 0 0.561725 0.213470 0.072347 0.010464 0.141995
1 0 0.111970 0.507384 0.247231 0.019506 0.113909
1 0 0.115469 0.530931 0.189560 0.005109 0.158930
1 1 0.045064 0.556720 0.266703 0.006586 0.124927
1 1 0.052847 0.543654 0.243062 0.004649 0.155788
1 1 0.041706 0.458724 0.287514 0.006223 0.205834
2 2 0.001726 0.010185 0.971689 0.013536 0.002864
2 2 0.004162 0.061696 0.906670 0.010129 0.017342
2 2 0.002145 0.023054 0.958759 0.009870 0.006172
2 2 0.003812 0.013381 0.952249 0.026099 0.004459
2 2 0.001278 0.004821 0.976380 0.016139 0.001382
2 2 0.037498 0.063282 0.772011 0.095449 0.031760
0 2 0.541748 0.223547 0.086494 0.018157 0.130054
1 0 0.125418 0.418858 0.186987 0.004699 0.264037
1 1 0.013894 0.475636 0.348869 0.004411 0.157191
2 2 0.014381 0.212314 0.686698 0.014320 0.072287
2 2 0.001616 0.014947 0.969729 0.009775 0.003932
2 2 0.001933 0.024241 0.959006 0.008542 0.006278
2 2 0.001447 0.005480 0.974559 0.016919 0.001596
2 2 0.001965 0.017008 0.965363 0.011036 0.004628
2 2 0.000746 0.001363 0.976553 0.020937 0.000401
2 2 0.002864 0.015695 0.959321 0.017363 0.004757
2 2 0.001760 0.007291 0.971553 0.017245 0.002152
2 2 0.001961 0.003792 0.963292 0.029701 0.001254
2 2 0.001097 0.002602 0.974920 0.020602 0.000778
2 2 0.001659 0.007014 0.972662 0.016617 0.002049
2 2 0.001218 0.004034 0.976324 0.017253 0.001170
2 2 0.002308 0.003579 0.956299 0.036569 0.001245
2 2 0.002184 0.003415 0.957629 0.035594 0.001178
1 1 0.058845 0.441446 0.287857 0.010227 0.201624
2 1 0.010159 0.094132 0.844851 0.019105 0.031753
2 2 0.001784 0.002873 0.962154 0.032227 0.000962
2 1 0.002544 0.017402 0.960710 0.014296 0.005047
2 2 0.002316 0.016023 0.963401 0.013675 0.004584
2 2 0.001697 0.013460 0.970160 0.011047 0.003635
2 2 0.001714 0.025980 0.958666 0.007173 0.006466
2 2 0.035656 0.042470 0.774532 0.126456 0.020885
0 2 0.543298 0.218142 0.089128 0.021607 0.127825
1 2 0.094464 0.406871 0.284984 0.021191 0.192490
2 2 0.225262 0.158030 0.372487 0.145689 0.098531
1 2 0.132106 0.405730 0.196790 0.006445 0.258930
1 1 0.301229 0.382855 0.105544 0.003211 0.207161
1 1 0.045979 0.480152 0.247365 0.003500 0.223004
1 1 0.028331 0.449119 0.334187 0.008115 0.180249
2 2 0.003004 0.017185 0.957413 0.017187 0.005212
2 2 0.002335 0.012555 0.965170 0.016226 0.003715
2 2 0.001296 0.006879 0.976978 0.012956 0.001890
2 2 0.003399 0.011468 0.955737 0.025612 0.003784
1 2 0.061901 0.486463 0.270296 0.008723 0.172617
1 1 0.049388 0.431385 0.311900 0.006034 0.201293
2 2 0.002221 0.008913 0.966829 0.019316 0.002722
1 2 0.049270 0.433213 0.310309 0.005315 0.201892
2 2 0.026589 0.250831 0.613720 0.010168 0.098691
2 2 0.007358 0.102245 0.846171 0.012815 0.031411
2 2 0.003274 0.009125 0.955901 0.028628 0.003072
2 2 0.004849 0.058203 0.909536 0.010295 0.017116
2 2 0.001255 0.009154 0.976829 0.010359 0.002404
2 2 0.002513 0.018199 0.960366 0.013691 0.005231
2 2 0.010318 0.110644 0.825023 0.017212 0.036802
0 1 0.417665 0.292997 0.100882 0.008396 0.180060
1 1 0.319710 0.376305 0.103973 0.003625 0.196387
1 1 0.170128 0.527061 0.137207 0.002722 0.162882
1 1 0.078584 0.576510 0.206699 0.004586 0.133620
2 1 0.016189 0.215623 0.680600 0.012113 0.075475
2 2 0.003980 0.043403 0.927677 0.012351 0.012589
2 2 0.023397 0.320730 0.527874 0.007395 0.120604
2 2 0.002960 0.022454 0.959096 0.008958 0.006532
2 2 0.018853 0.177665 0.732274 0.005935 0.065273
2 2 0.010795 0.127459 0.804588 0.017190 0.039969
0 2 0.321141 0.276893 0.179017 0.017486 0.205464
0 0 0.649478 0.180947 0.045222 0.004709 0.119644
1 0 0.335969 0.411649 0.098178 0.003667 0.150537
1 1 0.167179 0.518042 0.139172 0.002690 0.172917
1 1 0.145670 0.542433 0.133649 0.001788 0.176459
1 1 0.206496 0.467769 0.117835 0.001982 0.205918
0 0 0.404788 0.328927 0.093315 0.005389 0.167581
0 0 0.771674 0.079367 0.015321 0.000856 0.132781
0 0 0.846902 0.086141 0.012369 0.001246 0.053343
1 1 0.262097 0.426797 0.093722 0.001409 0.215975
0 1 0.515071 0.215863 0.049145 0.001544 0.218377
0 0 0.791990 0.087310 0.019323 0.002202 0.099175
0 0 0.730422 0.113722 0.024985 0.001906 0.128964
0 0 0.828127 0.063737 0.015079 0.002250 0.090807
0 0 0.702045 0.109031 0.027138 0.001995 0.159791
0 0 0.786828 0.072754 0.015498 0.001193 0.123727
0 0 0.825216 0.071408 0.013683 0.001330 0.088363
0 0 0.909299 0.032871 0.004664 0.000444 0.052721
0 0 0.906991 0.036152 0.005509 0.000653 0.050695
0 0 0.817989 0.071015 0.014870 0.001605 0.094521
0 0 0.912515 0.034381 0.005027 0.000589 0.047487
0 0 0.945682 0.021107 0.002101 0.000173 0.030937
0 0 0.853072 0.062699 0.014971 0.003523 0.065734
0 0 0.777184 0.095255 0.023593 0.003367 0.100600
0 0 0.862866 0.057278 0.012692 0.002585 0.064579
0 0 0.886623 0.047448 0.008975 0.001562 0.055391
0 0 0.902586 0.037891 0.005999 0.000737 0.052787
0 0 0.850811 0.070491 0.012473 0.001547 0.064678
0 0 0.822656 0.093461 0.018457 0.003060 0.062367
0 0 0.772691 0.108946 0.024034 0.003017 0.091311
1 1 0.322912 0.419074 0.094670 0.002769 0.160576
1 1 0.250362 0.436069 0.105009 0.001955 0.206604
0 0 0.622894 0.226164 0.035226 0.001317 0.114399
1 1 0.135520 0.509734 0.144805 0.001988 0.207954
1 1 0.086297 0.524281 0.180808 0.002345 0.206268
1 1 0.077475 0.517001 0.207137 0.003574 0.194814
1 1 0.069810 0.496677 0.235505 0.005323 0.192684
1 2 0.033903 0.493912 0.258889 0.002921 0.210376
2 2 0.001903 0.017797 0.965180 0.010345 0.004775
2 2 0.006837 0.076621 0.882578 0.010161 0.023802
2 2 0.003419 0.035223 0.939134 0.012141 0.010083
2 2 0.001915 0.015139 0.967187 0.011605 0.004154
2 2 0.041056 0.087898 0.808897 0.019540 0.042608
1 2 0.221609 0.421631 0.137736 0.004208 0.214815
2 2 0.003335 0.025981 0.948462 0.014543 0.007678
1 2 0.148628 0.434078 0.172440 0.004558 0.240296
2 2 0.001086 0.003259 0.977135 0.017578 0.000943
2 2 0.007988 0.087947 0.862101 0.013913 0.028052
2 2 0.005355 0.034396 0.929338 0.019819 0.011092
2 2 0.001017 0.008898 0.979423 0.008440 0.002222
1 2 0.182953 0.377674 0.224116 0.024065 0.191192
2 2 0.001348 0.012944 0.973521 0.008876 0.003311
2 2 0.001136 0.009915 0.977606 0.008832 0.002511
2 2 0.002845 0.021695 0.955287 0.013877 0.006296
2 2 0.035614 0.156583 0.720612 0.018075 0.069116
0 0 0.531575 0.204056 0.099615 0.033815 0.130939
0 1 0.353936 0.330305 0.098446 0.004046 0.213267
1 1 0.054096 0.492120 0.210059 0.002122 0.241603
1 1 0.167196 0.468535 0.141946 0.002631 0.219691
0 0 0.584804 0.191196 0.048562 0.002974 0.172464
0 1 0.441869 0.297205 0.071863 0.002766 0.186297
1 1 0.096010 0.461314 0.174483 0.002248 0.265946
1 1 0.069751 0.478150 0.196525 0.002277 0.253296
1 1 0.062222 0.453697 0.249331 0.005490 0.229260
1 1 0.033402 0.454934 0.313149 0.007136 0.191379
2 2 0.005976 0.106377 0.846829 0.009994 0.030823
2 2 0.003681 0.034320 0.938591 0.013362 0.010046
2 2 0.002430 0.024365 0.955659 0.010856 0.006689
2 2 0.005427 0.049277 0.914349 0.015698 0.015249
2 2 0.001429 0.018271 0.968267 0.007495 0.004538
2 2 0.003236 0.025228 0.949741 0.014369 0.007426
2 2 0.001729 0.023637 0.960949 0.007717 0.005967
2 2 0.013322 0.025044 0.887766 0.063178 0.010690
0 2 0.614961 0.196491 0.068455 0.017261 0.102832
0 0 0.349599 0.327074 0.113696 0.006928 0.202704
1 1 0.154801 0.530817 0.144397 0.002755 0.167231
1 1 0.086827 0.534086 0.216445 0.005728 0.156914
1 2 0.044150 0.506008 0.302533 0.010598 0.136712
1 2 0.230848 0.315502 0.220753 0.022491 0.210406
0 0 0.507696 0.207514 0.091910 0.016446 0.176434
0 0 0.565585 0.175909 0.037899 0.001131 0.219476
0 0 0.501148 0.267907 0.063310 0.003070 0.164564
1 1 0.051836 0.528018 0.266200 0.006993 0.146952
1 1 0.090704 0.461437 0.180356 0.002356 0.265148
1 1 0.048855 0.497806 0.214073 0.002009 0.237256
1 1 0.056967 0.493497 0.201094 0.001891 0.246550
1 1 0.060148 0.482145 0.211456 0.002522 0.243729
1 1 0.073015 0.473542 0.168017 0.001460 0.283965
4 4 0.061471 0.339606 0.123702 0.001518 0.473702
4 4 0.062556 0.387370 0.146612 0.001710 0.401751
1 4 0.042047 0.399835 0.171314 0.001920 0.384884
4 4 0.028680 0.232043 0.119860 0.002886 0.616530
4 4 0.026688 0.067700 0.043357 0.005656 0.856600
4 4 0.032606 0.052709 0.036926 0.008831 0.868929
4 4 0.036565 0.156717 0.079853 0.003340 0.723526
4 4 0.027740 0.042280 0.031797 0.009871 0.888312
4 4 0.031036 0.143724 0.103642 0.009544 0.712054
4 4 0.053016 0.051383 0.028542 0.005769 0.861290
4 4 0.067172 0.199831 0.079999 0.002310 0.650688
4 4 0.063237 0.374768 0.150970 0.002135 0.408891
4 4 0.022337 0.098950 0.060864 0.004357 0.813493
4 4 0.023868 0.061412 0.049123 0.011012 0.854585
4 4 0.051238 0.203381 0.089170 0.002571 0.653640
4 4 0.035166 0.358839 0.144444 0.001396 0.460155
4 4 0.090962 0.357058 0.111374 0.001190 0.439416
4 4 0.028836 0.050626 0.042781 0.015175 0.862582
4 4 0.084468 0.279383 0.092590 0.001420 0.542139
4 4 0.028898 0.065681 0.037305 0.003992 0.864123
4 4 0.046724 0.049368 0.026966 0.004954 0.871988
4 4 0.065944 0.170931 0.061049 0.001554 0.700522
4 4 0.050559 0.128757 0.059390 0.003035 0.758258
4 4 0.068277 0.280495 0.107773 0.002001 0.541454
4 4 0.032352 0.041157 0.027524 0.007430 0.891537
4 4 0.094932 0.166436 0.062253 0.002373 0.674007
4 4 0.065371 0.179060 0.072879 0.002401 0.680289
4 4 0.033212 0.115000 0.072846 0.006485 0.772457
4 4 0.178949 0.244076 0.069243 0.001445 0.506287
4 4 0.194696 0.282872 0.063561 0.000689 0.458182
1 4 0.062347 0.418606 0.138754 0.001079 0.379213
4 4 0.128192 0.213536 0.063694 0.001363 0.593214
0 0 0.520976 0.204862 0.046690 0.001417 0.226055
4 4 0.133030 0.290398 0.073494 0.000790 0.502288
4 4 0.073584 0.251626 0.079279 0.001091 0.594420
4 4 0.093256 0.319127 0.086876 0.000777 0.499962
4 4 0.075484 0.228623 0.063698 0.000736 0.631459
4 4 0.044280 0.260485 0.099366 0.001427 0.594442
4 4 0.062248 0.149439 0.061860 0.002455 0.723998
4 4 0.025121 0.127365 0.091899 0.008175 0.747440
4 4 0.062913 0.164609 0.056373 0.001302 0.714802
4 4 0.039443 0.089424 0.044524 0.003250 0.823360
4 4 0.053221 0.105626 0.055084 0.004765 0.781304
4 4 0.074310 0.370015 0.122983 0.001266 0.431426
4 4 0.054212 0.370441 0.158457 0.002336 0.414553
4 4 0.033774 0.068402 0.038719 0.004439 0.854666
4 4 0.035643 0.035022 0.020487 0.005039 0.903808
4 4 0.040021 0.059430 0.032733 0.004571 0.863245
4 4 0.089713 0.287353 0.099609 0.001722 0.521603
4 4 0.069494 0.059446 0.026733 0.003461 0.840865
4 4 0.045154 0.073662 0.038591 0.004249 0.838343
4 4 0.038353 0.046841 0.028980 0.006512 0.879314
4 4 0.031117 0.052409 0.030640 0.004618 0.881215
4 4 0.049430 0.351143 0.151849 0.002286 0.445293
1 4 0.092183 0.403771 0.114062 0.000844 0.389141
4 4 0.066640 0.157702 0.064236 0.002444 0.708978
4 4 0.070932 0.120074 0.048708 0.002521 0.757765
4 4 0.030495 0.030993 0.023838 0.011288 0.903386
4 4 0.044159 0.043227 0.025408 0.006060 0.881147
4 4 0.083313 0.076702 0.027170 0.001775 0.811041
4 4 0.072326 0.313669 0.090324 0.000783 0.522898
4 4 0.041234 0.252382 0.103685 0.001741 0.600957
4 4 0.065227 0.029235 0.016481 0.006910 0.882147
4 4 0.030064 0.024445 0.016332 0.006856 0.922302
4 4 0.045534 0.041136 0.023410 0.005545 0.884375
4 4 0.079019 0.330114 0.101061 0.001020 0.488785
4 4 0.054096 0.280046 0.103768 0.001493 0.560597
4 4 0.047040 0.124354 0.056564 0.002743 0.769298
4 4 0.080556 0.355339 0.110444 0.001079 0.452582
4 4 0.058060 0.308302 0.106585 0.001235 0.525817
4 4 0.023538 0.069502 0.050349 0.007821 0.848790
4 4 0.025436 0.043461 0.030070 0.006982 0.894051
4 4 0.040844 0.112235 0.053173 0.002831 0.790916
4 4 0.129268 0.215573 0.076709 0.002488 0.575962
4 4 0.077367 0.270342 0.094711 0.001611 0.555969
4 4 0.049851 0.211467 0.080636 0.001571 0.656475
4 4 0.058722 0.329702 0.110249 0.001106 0.500221
4 4 0.051184 0.360176 0.140933 0.001673 0.446034
4 4 0.028497 0.337385 0.246409 0.006889 0.380819
4 4 0.020940 0.160257 0.117833 0.007584 0.693386
4 4 0.017674 0.144356 0.102598 0.005969 0.729404
4 4 0.035138 0.331553 0.223750 0.007776 0.401783
1 4 0.021774 0.350381 0.281189 0.009401 0.337255
2 4 0.019404 0.322157 0.344467 0.007564 0.306409
4 4 0.022285 0.331126 0.273316 0.008459 0.364815
4 4 0.033997 0.331974 0.216158 0.006120 0.411750
1 4 0.018548 0.346744 0.282841 0.007241 0.344627
4 4 0.032604 0.350135 0.208560 0.004870 0.403830
0 0 0.311164 0.306394 0.135685 0.010220 0.236537
1 1 0.122691 0.445889 0.145121 0.001606 0.284693
1 1 0.042837 0.449538 0.254235 0.004636 0.248754
1 1 0.016820 0.436759 0.291834 0.004037 0.250551
1 1 0.027814 0.454149 0.267104 0.003821 0.247111
1 1 0.023818 0.376391 0.275495 0.007424 0.316872
1 1 0.034365 0.421287 0.270417 0.006103 0.267828
1 1 0.028493 0.390033 0.315887 0.011520 0.254067
1 1 0.016710 0.453057 0.365987 0.007023 0.157223
2 1 0.016696 0.343238 0.461026 0.012217 0.166822
2 1 0.008524 0.114788 0.826802 0.013709 0.036176
2 2 0.002548 0.023555 0.955643 0.011680 0.006575
2 2 0.004301 0.095953 0.866292 0.007625 0.025829
2 2 0.014859 0.211950 0.688452 0.012071 0.072668
2 2 0.001797 0.012178 0.970098 0.012546 0.003381
2 2 0.002022 0.016340 0.965447 0.011688 0.004503
2 2 0.001382 0.006462 0.975881 0.014454 0.001820
2 2 0.000722 0.003204 0.983721 0.011517 0.000836
2 2 0.000989 0.004555 0.980465 0.012760 0.001232
2 2 0.001261 0.004685 0.976499 0.016212 0.001344
2 2 0.002083 0.009022 0.968284 0.017905 0.002705
2 2 0.001250 0.004386 0.976323 0.016776 0.001266
1 2 0.025673 0.418346 0.381066 0.012011 0.162906
2 2 0.001067 0.005803 0.979781 0.011798 0.001551
2 2 0.001021 0.002128 0.974435 0.021775 0.000641
2 2 0.001859 0.013397 0.968836 0.012203 0.003706
2 2 0.001364 0.007322 0.976168 0.013124 0.002022
2 2 0.001060 0.003457 0.978016 0.016480 0.000987
2 2 0.001342 0.006361 0.976360 0.014155 0.001782
2 2 0.001305 0.004639 0.975784 0.016927 0.001344
2 2 0.000823 0.003345 0.982066 0.012868 0.000898
2 2 0.001602 0.006288 0.973056 0.017208 0.001846
2 2 0.001900 0.009289 0.970170 0.015932 0.002709
2 2 0.001329 0.003437 0.973170 0.021022 0.001041
2 2 0.000876 0.002544 0.979383 0.016478 0.000719
2 2 0.001072 0.002495 0.975015 0.020672 0.000745
2 2 0.003138 0.011816 0.958150 0.023091 0.003804
2 2 0.000949 0.001673 0.972299 0.024586 0.000493
2 2 0.010188 0.038748 0.900685 0.035815 0.014564
2 2 0.003845 0.032017 0.939908 0.014670 0.009561
2 2 0.015409 0.177495 0.728075 0.016555 0.062466
2 2 0.002112 0.005730 0.965820 0.024508 0.001830
2 1 0.037704 0.256957 0.561838 0.031481 0.112020
2 1 0.003749 0.024760 0.946900 0.017001 0.007589
1 1 0.274158 0.284083 0.207742 0.061516 0.172501
2 1 0.004022 0.024438 0.945423 0.018476 0.007641
2 2 0.001310 0.008369 0.976566 0.011507 0.002248
2 2 0.004841 0.009248 0.939752 0.042716 0.003443
2 2 0.001325 0.008917 0.976210 0.011167 0.002382
2 2 0.000876 0.005093 0.982292 0.010423 0.001316
2 2 0.001895 0.003935 0.964931 0.027956 0.001284
2 2 0.004065 0.017040 0.949520 0.023779 0.005596
2 2 0.001547 0.003854 0.970511 0.022891 0.001196
2 2 0.000559 0.001063 0.979950 0.018129 0.000300
2 2 0.001685 0.003912 0.968354 0.024811 0.001239
2 2 0.000968 0.001700 0.961406 0.035550 0.000376
2 2 0.002506 0.003841 0.954225 0.038077 0.001352
2 2 0.001400 0.002335 0.965284 0.030260 0.000720
2 2 0.001884 0.003007 0.953631 0.040620 0.000859
2 2 0.001280 0.002163 0.968510 0.027358 0.000689
2 2 0.000549 0.001043 0.947698 0.050583 0.000127
2 2 0.002379 0.003673 0.955540 0.037125 0.001283
2 1 0.006540 0.009245 0.922175 0.058314 0.003726
2 2 0.001207 0.003072 0.974360 0.020439 0.000921
2 2 0.001258 0.002129 0.961828 0.034224 0.000561
2 2 0.001637 0.002667 0.954882 0.040100 0.000713
2 2 0.001501 0.002470 0.940289 0.055255 0.000485
2 2 0.001050 0.001823 0.959584 0.037135 0.000407
2 2 0.001059 0.001839 0.969194 0.027380 0.000528
2 2 0.002618 0.003966 0.911177 0.081471 0.000768
2 2 0.001020 0.001767 0.908633 0.088388 0.000191
2 2 0.001183 0.002017 0.949731 0.046670 0.000399
2 2 0.001455 0.002403 0.932331 0.063396 0.000415
2 2 0.001280 0.002160 0.959124 0.036896 0.000540
2 2 0.001341 0.002250 0.967692 0.027994 0.000722
2 2 0.001273 0.002148 0.947820 0.048330 0.000430
2 2 0.005782 0.007825 0.912958 0.070817 0.002618
2 2 0.001109 0.001911 0.961039 0.035485 0.000456
2 2 0.001044 0.001815 0.966497 0.030166 0.000478
2 2 0.002544 0.003878 0.927994 0.064691 0.000893
2 2 0.000526 0.001002 0.917031 0.081361 0.000081
2 2 0.000855 0.001517 0.907916 0.089565 0.000147
2 2 0.001045 0.001817 0.967436 0.029210 0.000492
2 2 0.001656 0.002669 0.889521 0.105830 0.000324
2 2 0.001461 0.002410 0.926981 0.068758 0.000390
2 2 0.002157 0.003379 0.957555 0.035755 0.001153
2 2 0.001139 0.001942 0.912924 0.083762 0.000233
2 2 0.003355 0.004914 0.925189 0.065235 0.001308
2 2 0.002873 0.006914 0.957940 0.029940 0.002333
2 2 0.007889 0.010254 0.905462 0.072423 0.003973
2 2 0.002053 0.003240 0.959065 0.034534 0.001107
2 2 0.000984 0.001725 0.970240 0.026564 0.000488
2 2 0.000765 0.001390 0.959492 0.038097 0.000256
2 2 0.001618 0.002632 0.931085 0.064187 0.000477
2 2 0.001898 0.003027 0.954582 0.039606 0.000887
2 2 0.002614 0.003966 0.920538 0.072033 0.000849
2 2 0.001374 0.002291 0.942091 0.053805 0.000438
2 2 0.002403 0.003695 0.932877 0.060149 0.000876
2 2 0.001108 0.001907 0.950737 0.045878 0.000369
2 2 0.001909 0.003037 0.941518 0.052830 0.000706
2 2 0.000924 0.001632 0.955457 0.041678 0.000309
2 2 0.001848 0.002944 0.915412 0.079314 0.000482
2 2 0.000942 0.001656 0.937990 0.059174 0.000238
2 2 0.001877 0.002965 0.873542 0.121273 0.000344
2 2 0.001002 0.001745 0.933743 0.063264 0.000246
2 2 0.001177 0.001975 0.836626 0.160081 0.000140
2 2 0.001216 0.002060 0.931073 0.065337 0.000314
2 2 0.000568 0.001069 0.906753 0.091529 0.000081
2 2 0.002083 0.003259 0.910358 0.083756 0.000544
2 2 0.000849 0.001507 0.899835 0.097673 0.000136
2 2 0.001285 0.002154 0.911538 0.084750 0.000273
2 2 0.000802 0.001437 0.908179 0.089447 0.000135
2 2 0.001401 0.002318 0.907645 0.088338 0.000298
2 2 0.001350 0.002245 0.905173 0.090956 0.000276
2 2 0.001621 0.002577 0.783876 0.211755 0.000172
2 2 0.004043 0.005705 0.851691 0.137657 0.000904
2 2 0.001582 0.002541 0.826464 0.169210 0.000203
2 2 0.001333 0.002208 0.867760 0.128497 0.000202
2 2 0.001145 0.001948 0.899231 0.097468 0.000207
2 2 0.001737 0.002732 0.781512 0.213832 0.000187
2 2 0.001773 0.002780 0.780851 0.214404 0.000192
2 2 0.001256 0.002097 0.861683 0.134784 0.000179
2 2 0.001113 0.001882 0.834422 0.162455 0.000128
2 2 0.002261 0.003455 0.832384 0.161552 0.000348
2 2 0.000773 0.001360 0.810529 0.187256 0.000083
2 2 0.002947 0.004382 0.900818 0.091027 0.000826
2 2 0.001083 0.001848 0.878266 0.118636 0.000167
2 2 0.000880 0.001535 0.845408 0.152070 0.000107
2 2 0.002062 0.003202 0.850661 0.143736 0.000339
3 2 0.002119 0.002698 0.345987 0.648831 0.000365
2 2 0.002521 0.003789 0.825661 0.167637 0.000393
2 2 0.001435 0.002288 0.766718 0.229385 0.000173
2 2 0.001539 0.002481 0.825165 0.170622 0.000193
2 2 0.005860 0.007768 0.792777 0.192463 0.001133
2 2 0.001323 0.002123 0.738743 0.257671 0.000139
2 2 0.001436 0.002335 0.819519 0.176540 0.000170
2 2 0.001958 0.003031 0.786470 0.208314 0.000227
2 2 0.001459 0.002385 0.862638 0.133296 0.000223
2 2 0.001264 0.002100 0.837084 0.159396 0.000156
2 2 0.001436 0.002212 0.645227 0.350980 0.000146
2 0 0.024746 0.313231 0.544284 0.023248 0.094492
1 1 0.079177 0.440326 0.245112 0.007296 0.228090
1 2 0.027140 0.427464 0.363813 0.012228 0.169355
2 2 0.059084 0.134983 0.650422 0.085039 0.070471
0 2 0.340067 0.247171 0.182727 0.089851 0.140183
2 2 0.111531 0.158392 0.528090 0.104310 0.097677
2 2 0.197801 0.239122 0.295446 0.125834 0.141798
2 2 0.011275 0.177621 0.740516 0.012982 0.057607
2 2 0.002058 0.006627 0.967586 0.021667 0.002062
2 2 0.004444 0.028215 0.939826 0.018627 0.008889
2 2 0.082393 0.174143 0.550247 0.103458 0.089757
2 2 0.009378 0.159585 0.769513 0.011702 0.049823
2 2 0.006891 0.138430 0.804730 0.009490 0.040458
2 2 0.001820 0.010473 0.970676 0.014058 0.002974
2 2 0.022920 0.317460 0.524640 0.015421 0.119559
2 2 0.001539 0.009482 0.973793 0.012573 0.002613
2 2 0.002257 0.011387 0.966267 0.016707 0.003382
2 2 0.003655 0.080454 0.883642 0.008009 0.024240
2 2 0.002774 0.041265 0.936268 0.008722 0.010972
2 2 0.002981 0.049977 0.925575 0.008245 0.013222
2 2 0.001134 0.012008 0.976129 0.007762 0.002966
2 2 0.006427 0.126060 0.805644 0.011721 0.050148
2 2 0.010890 0.272243 0.531936 0.012673 0.172258
2 2 0.002490 0.037498 0.941890 0.008308 0.009813
2 2 0.011418 0.082852 0.852791 0.023694 0.029245
0 2 0.355847 0.264515 0.168680 0.055523 0.155436
1 2 0.239043 0.404977 0.179663 0.017192 0.159125
1 2 0.037070 0.394398 0.383716 0.015157 0.169659
2 2 0.012955 0.099564 0.828301 0.023610 0.035571
2 2 0.004296 0.029159 0.939901 0.017576 0.009068
2 2 0.018065 0.173400 0.731289 0.013679 0.063567
2 2 0.003082 0.033393 0.942878 0.011279 0.009368
2 2 0.005201 0.019819 0.940311 0.027862 0.006806
2 2 0.007465 0.226237 0.674581 0.008075 0.083643
4 2 0.027654 0.353791 0.215792 0.004652 0.398110
1 2 0.027340 0.393721 0.273853 0.006864 0.298222
1 2 0.039717 0.492780 0.222828 0.002046 0.242629
1 2 0.110833 0.416479 0.214944 0.006940 0.250804
1 2 0.131429 0.408066 0.234068 0.014254 0.212183
1 2 0.042487 0.474112 0.264458 0.004287 0.214656
2 2 0.046573 0.349240 0.435132 0.010543 0.158512
1 2 0.063930 0.458979 0.238161 0.004631 0.234300
1 2 0.043514 0.406090 0.359069 0.009190 0.182137
2 2 0.008015 0.110759 0.833539 0.013203 0.034484
0 2 0.354367 0.285552 0.146919 0.023396 0.189765
0 0 0.489033 0.195589 0.138042 0.041253 0.136083
0 0 0.440732 0.230117 0.085781 0.006230 0.237139
1 0 0.254751 0.352859 0.097791 0.001601 0.292998
1 1 0.054474 0.491524 0.185217 0.001423 0.267363
1 1 0.058692 0.498871 0.169141 0.001055 0.272241
1 1 0.062333 0.501876 0.174752 0.001199 0.259840
0 1 0.336903 0.304436 0.086098 0.002190 0.270373
1 1 0.132085 0.443038 0.144955 0.001814 0.278109
1 1 0.046957 0.463393 0.268826 0.005280 0.215545
1 1 0.036581 0.465488 0.291039 0.005571 0.201322
1 1 0.068248 0.485401 0.200438 0.002410 0.243502
1 1 0.139470 0.404627 0.186808 0.005695 0.263401
0 0 0.534595 0.208100 0.057348 0.003272 0.196685
0 0 0.544797 0.187740 0.034900 0.000675 0.231889
1 0 0.229315 0.370569 0.102779 0.001490 0.295847
1 1 0.061140 0.419192 0.181541 0.002580 0.335546
1 1 0.040932 0.434780 0.211348 0.002787 0.310154
1 1 0.031270 0.441813 0.285940 0.005717 0.235259
1 1 0.049763 0.452287 0.207821 0.002634 0.287495
1 1 0.037650 0.418959 0.315776 0.007108 0.220508
1 1 0.046179 0.438429 0.222881 0.003508 0.289003
1 1 0.053034 0.451837 0.230037 0.003846 0.261246
1 0 0.236262 0.428006 0.144407 0.006146 0.185179
1 1 0.272234 0.430112 0.125994 0.005233 0.166428
1 1 0.064738 0.502517 0.247558 0.006151 0.179036
1 1 0.038046 0.500820 0.285565 0.005800 0.169768
1 1 0.049029 0.521910 0.252951 0.004708 0.171401
2 1 0.023338 0.295757 0.556023 0.012960 0.111923
2 2 0.003715 0.030558 0.942026 0.014603 0.009098
2 2 0.015430 0.181365 0.721781 0.017650 0.063773
2 2 0.001760 0.016273 0.967530 0.010109 0.004328
2 2 0.001632 0.004692 0.970948 0.021289 0.001439
2 2 0.010799 0.122387 0.810436 0.015654 0.040724
2 2 0.007713 0.073116 0.881457 0.014117 0.023597
2 2 0.001350 0.005234 0.975700 0.016209 0.001506
2 2 0.003793 0.036596 0.935704 0.013198 0.010709
2 2 0.002042 0.013627 0.967143 0.013333 0.003854
2 2 0.001221 0.009934 0.976751 0.009531 0.002563
2 2 0.001251 0.010646 0.976022 0.009341 0.002739
2 2 0.001406 0.009271 0.975227 0.011593 0.002503
2 4 0.013993 0.282337 0.543222 0.010852 0.149597
2 4 0.014012 0.241382 0.602316 0.014405 0.127886
4 4 0.037973 0.358250 0.232299 0.007160 0.364317
4 4 0.031046 0.191246 0.113643 0.004946 0.659120
4 4 0.057751 0.324627 0.170751 0.004976 0.441895
4 4 0.064358 0.391502 0.145107 0.001625 0.397408
1 4 0.099250 0.390583 0.129763 0.001539 0.378865
0 0 0.464445 0.220928 0.086091 0.007977 0.220559
0 0 0.400801 0.396425 0.082343 0.003760 0.116671
1 4 0.170809 0.422533 0.097049 0.000638 0.308970
4 4 0.174649 0.351497 0.071193 0.000440 0.402220
4 4 0.076338 0.097795 0.036483 0.001996 0.787388
4 4 0.033696 0.125719 0.059493 0.002447 0.778645
4 4 0.048796 0.161939 0.072702 0.002697 0.713865
4 4 0.053799 0.226004 0.084567 0.001556 0.634075
4 4 0.035327 0.049689 0.030139 0.005740 0.879105
4 4 0.053968 0.039110 0.018111 0.003119 0.885692
4 4 0.050887 0.042308 0.025364 0.007194 0.874246
4 4 0.037304 0.036755 0.021769 0.005448 0.898723
4 4 0.064269 0.121086 0.058657 0.004275 0.751712
4 4 0.035295 0.024899 0.016619 0.007709 0.915478
4 4 0.039230 0.050918 0.035782 0.010230 0.863841
4 4 0.228799 0.207667 0.050623 0.001032 0.511880
0 0 0.549420 0.221776 0.055038 0.003080 0.170687
4 1 0.176955 0.202654 0.067165 0.002447 0.550779
4 4 0.065319 0.169375 0.061006 0.001588 0.702712
4 4 0.042402 0.119738 0.055901 0.002772 0.779188
4 4 0.055175 0.333916 0.114454 0.001146 0.495308
4 4 0.043885 0.109607 0.051018 0.002812 0.792678
4 4 0.070700 0.108036 0.040694 0.001953 0.778617
4 4 0.037498 0.309267 0.127483 0.001615 0.524137
4 4 0.070064 0.339704 0.104792 0.000956 0.484483
4 4 0.047107 0.130591 0.063643 0.003469 0.755189
4 4 0.051793 0.042913 0.024153 0.005887 0.875253
4 4 0.077145 0.377767 0.115413 0.000978 0.428697
4 4 0.099512 0.238617 0.074010 0.001291 0.586570
4 4 0.058086 0.304833 0.104496 0.001202 0.531382
4 4 0.078353 0.289824 0.097948 0.001432 0.532443
4 4 0.050344 0.326642 0.114500 0.001159 0.507356
4 4 0.069900 0.162400 0.066773 0.002613 0.698315
4 4 0.099475 0.348083 0.101095 0.001002 0.450345
