0 0 0.859359 0.056155 0.034992 0.005980 0.043514
0 0 0.964608 0.017390 0.005882 0.000427 0.011693
0 0 0.940950 0.028444 0.009778 0.000794 0.020034
0 0 0.946712 0.024021 0.011070 0.001164 0.017034
0 0 0.897826 0.057374 0.014880 0.001427 0.028493
0 0 0.916518 0.036718 0.018172 0.002292 0.026301
0 0 0.941611 0.024003 0.013694 0.001652 0.019040
0 0 0.935496 0.025146 0.015120 0.001779 0.022459
0 0 0.940468 0.030147 0.010262 0.000945 0.018177
0 0 0.771404 0.126173 0.035610 0.004769 0.062044
0 0 0.807661 0.101914 0.028398 0.003095 0.058932
0 0 0.811937 0.127159 0.015601 0.001131 0.044171
0 1 0.743860 0.185175 0.018969 0.001549 0.050447
0 0 0.505128 0.231481 0.029676 0.001926 0.231790
0 0 0.713788 0.174215 0.025715 0.002159 0.084122
0 0 0.453474 0.272411 0.027671 0.001701 0.244743
4 1 0.322298 0.261966 0.025663 0.001331 0.388742
0 0 0.611097 0.201897 0.032156 0.002574 0.152276
0 0 0.863365 0.066479 0.024948 0.003053 0.042155
4 0 0.284451 0.311568 0.050957 0.005155 0.347869
0 0 0.793826 0.083272 0.034667 0.004038 0.084197
0 0 0.964485 0.014498 0.007477 0.000649 0.012891
0 0 0.929260 0.026850 0.016659 0.001992 0.025239
0 0 0.957690 0.021818 0.005785 0.000351 0.014356
0 0 0.744897 0.131747 0.043914 0.006510 0.072932
0 0 0.832159 0.106811 0.017888 0.001565 0.041578
0 0 0.788041 0.128769 0.025520 0.002631 0.055039
0 0 0.937126 0.027148 0.012771 0.001293 0.021663
0 0 0.980075 0.006523 0.005683 0.000593 0.007126
0 0 0.968939 0.010225 0.009624 0.001349 0.009863
0 0 0.971959 0.009127 0.008249 0.000999 0.009667
0 0 0.962791 0.014695 0.008905 0.000942 0.012667
0 0 0.864458 0.082991 0.016896 0.001619 0.034036
0 0 0.540792 0.289137 0.021222 0.001249 0.147599
0 4 0.490977 0.231514 0.024861 0.001349 0.251299
0 4 0.581039 0.195221 0.020533 0.001000 0.202207
4 4 0.273184 0.323763 0.044316 0.003996 0.354742
0 4 0.668229 0.129882 0.015425 0.000594 0.185870
0 4 0.521333 0.249967 0.028770 0.001936 0.197995
4 4 0.204520 0.163268 0.039120 0.002804 0.590287
4 4 0.142106 0.339565 0.061980 0.003193 0.453156
4 4 0.319436 0.228843 0.026971 0.001411 0.423339
0 4 0.400346 0.337111 0.059959 0.005696 0.196888
4 4 0.130836 0.286961 0.028616 0.001377 0.552210
1 4 0.120657 0.409611 0.085027 0.002447 0.382258
4 4 0.145217 0.352086 0.074072 0.003878 0.424746
4 4 0.110450 0.235971 0.037963 0.002956 0.612659
0 4 0.410000 0.228522 0.032906 0.002122 0.326451
1 4 0.146734 0.403395 0.081646 0.003039 0.365186
1 4 0.184919 0.450504 0.158414 0.006793 0.199370
4 4 0.069044 0.317495 0.085563 0.002552 0.525346
1 4 0.126418 0.392917 0.086254 0.002996 0.391415
4 4 0.137459 0.360724 0.061242 0.002531 0.438043
1 4 0.191368 0.490064 0.102175 0.002945 0.213447
4 4 0.090962 0.231686 0.044492 0.003109 0.629752
1 4 0.261670 0.448597 0.092967 0.004582 0.192184
1 4 0.073780 0.388313 0.159128 0.003884 0.374895
1 4 0.146122 0.426422 0.124344 0.004685 0.298427
1 4 0.217305 0.467291 0.142382 0.005951 0.167070
1 1 0.126742 0.467319 0.213906 0.005803 0.186230
2 1 0.015357 0.220285 0.420488 0.008447 0.335423
2 1 0.029202 0.312793 0.384340 0.006549 0.267116
2 1 0.018224 0.250273 0.408226 0.007187 0.316090
2 1 0.019364 0.213550 0.606446 0.014828 0.145812
2 2 0.009250 0.182539 0.640919 0.009093 0.158199
2 2 0.015492 0.229108 0.435989 0.007916 0.311495
2 2 0.009785 0.144669 0.768768 0.014625 0.062153
2 2 0.015005 0.138738 0.754525 0.028499 0.063233
2 2 0.003732 0.016946 0.856395 0.116061 0.006865
2 2 0.002104 0.043734 0.935192 0.012336 0.006634
2 2 0.001150 0.010004 0.931595 0.054711 0.002540
2 2 0.001822 0.021421 0.940470 0.031681 0.004605
2 2 0.002532 0.020114 0.917097 0.054637 0.005620
3 2 0.004846 0.005473 0.469883 0.514284 0.005514
2 2 0.004726 0.007238 0.578393 0.403682 0.005961
2 2 0.006476 0.019008 0.774193 0.189882 0.010440
3 3 0.005270 0.002193 0.177583 0.810614 0.004340
2 2 0.003588 0.004762 0.519201 0.468195 0.004253
3 3 0.005687 0.003959 0.311080 0.673725 0.005549
3 2 0.005578 0.004252 0.338955 0.645612 0.005603
3 2 0.005295 0.004861 0.399346 0.584856 0.005643
3 3 0.004737 0.001304 0.106629 0.883924 0.003407
3 2 0.004787 0.002877 0.263958 0.723960 0.004418
3 3 0.010357 0.005597 0.253071 0.721418 0.009558
3 3 0.005730 0.004681 0.362223 0.621470 0.005895
3 3 0.004764 0.002213 0.199227 0.789750 0.004046
3 3 0.003384 0.003063 0.381038 0.608998 0.003518
3 3 0.003335 0.000629 0.063012 0.930925 0.002099
3 3 0.004182 0.000848 0.071309 0.920941 0.002719
3 3 0.005739 0.002045 0.149383 0.838319 0.004515
3 3 0.003887 0.000770 0.068515 0.924328 0.002500
3 3 0.005797 0.001450 0.096926 0.891746 0.004081
3 3 0.003997 0.000799 0.069569 0.923053 0.002582
3 3 0.004295 0.000879 0.072348 0.919676 0.002803
3 3 0.004100 0.000826 0.070538 0.921878 0.002658
3 3 0.005915 0.001345 0.086052 0.902644 0.004045
3 3 0.006645 0.001884 0.115045 0.871532 0.004895
3 3 0.008574 0.002206 0.104957 0.878070 0.006194
3 3 0.005141 0.001116 0.079769 0.910531 0.003444
3 3 0.005720 0.001286 0.084509 0.904593 0.003892
3 3 0.004915 0.001051 0.077847 0.912917 0.003271
3 3 0.003045 0.000557 0.059940 0.934567 0.001891
3 3 0.001642 0.000246 0.042609 0.954570 0.000934
3 3 0.006328 0.001471 0.089233 0.898599 0.004370
3 3 0.003662 0.000712 0.066322 0.926968 0.002336
3 3 0.003747 0.000733 0.067158 0.925964 0.002398
3 3 0.003907 0.000775 0.068713 0.924089 0.002515
3 3 0.005014 0.001080 0.078700 0.911859 0.003347
3 3 0.004138 0.000836 0.070891 0.921449 0.002686
3 3 0.002628 0.000459 0.055275 0.940040 0.001598
3 3 0.003724 0.000727 0.066927 0.926242 0.002380
3 3 0.004997 0.001075 0.078555 0.912039 0.003334
3 3 0.002600 0.000452 0.054956 0.940412 0.001579
3 3 0.005870 0.001538 0.102844 0.885552 0.004196
3 3 0.004328 0.000888 0.072646 0.919311 0.002827
3 3 0.004816 0.001023 0.076992 0.913973 0.003196
3 3 0.005753 0.001296 0.084771 0.904262 0.003918
3 3 0.002573 0.000446 0.054634 0.940788 0.001560
3 3 0.005122 0.001110 0.079608 0.910730 0.003429
3 3 0.003199 0.000595 0.061585 0.932620 0.002001
3 3 0.008180 0.002072 0.102368 0.881513 0.005868
3 3 0.006331 0.001472 0.089254 0.898571 0.004372
3 3 0.007661 0.001898 0.098855 0.886144 0.005442
3 3 0.004481 0.000924 0.073790 0.917889 0.002916
3 3 0.010456 0.002844 0.115904 0.863132 0.007663
3 3 0.013656 0.004112 0.133810 0.837858 0.010563
3 3 0.010385 0.002810 0.115331 0.863900 0.007574
3 3 0.006313 0.001466 0.089124 0.898738 0.004359
3 3 0.009090 0.002297 0.106287 0.876029 0.006296
3 3 0.012793 0.003772 0.129473 0.844143 0.009819
3 3 0.008938 0.002332 0.107299 0.874933 0.006498
3 3 0.006166 0.001421 0.088000 0.900170 0.004242
3 3 0.009593 0.002564 0.111383 0.869412 0.007048
3 3 0.007445 0.001827 0.097358 0.888104 0.005267
3 3 0.005982 0.001365 0.086576 0.901980 0.004097
3 3 0.006693 0.001585 0.091962 0.895100 0.004660
3 3 0.006599 0.001555 0.091266 0.895994 0.004585
3 3 0.011015 0.003085 0.119772 0.857864 0.008263
2 1 0.048935 0.076739 0.621961 0.204022 0.048343
1 1 0.227036 0.339082 0.294194 0.032423 0.107266
1 1 0.164315 0.446412 0.310003 0.010207 0.069063
0 1 0.404013 0.372219 0.107766 0.012258 0.103744
1 1 0.301362 0.431274 0.167285 0.010730 0.089351
0 0 0.716164 0.139471 0.058679 0.011783 0.073903
0 1 0.452408 0.348845 0.071644 0.008403 0.118700
1 1 0.159767 0.460803 0.287028 0.008830 0.083573
2 2 0.126721 0.388431 0.396643 0.015459 0.072746
1 1 0.144828 0.399300 0.363245 0.015485 0.077142
0 0 0.840488 0.089602 0.025514 0.003269 0.041127
0 1 0.826452 0.113636 0.019039 0.001872 0.039001
0 0 0.939560 0.027781 0.013909 0.001872 0.016878
0 0 0.976353 0.010936 0.005312 0.000528 0.006871
0 0 0.941660 0.023316 0.016024 0.002559 0.016441
0 0 0.972389 0.012025 0.006928 0.000821 0.007837
0 0 0.962472 0.015092 0.010334 0.001466 0.010637
0 0 0.965275 0.014705 0.008873 0.001123 0.010025
0 0 0.946696 0.020811 0.014997 0.002388 0.015107
0 0 0.978260 0.007953 0.006582 0.000878 0.006327
0 0 0.988995 0.003351 0.003929 0.000525 0.003201
0 0 0.921444 0.039990 0.014515 0.001635 0.022417
0 0 0.841744 0.102430 0.018671 0.001942 0.035213
0 0 0.981199 0.006649 0.005987 0.000827 0.005338
0 0 0.958231 0.019995 0.008254 0.000801 0.012718
0 0 0.980198 0.006702 0.006408 0.000891 0.005802
0 0 0.962767 0.011135 0.013168 0.002447 0.010483
0 0 0.987792 0.004924 0.003341 0.000341 0.003602
0 0 0.963219 0.018614 0.006809 0.000616 0.010741
0 0 0.986776 0.004603 0.004011 0.000443 0.004166
0 0 0.976491 0.009349 0.006696 0.000880 0.006584
0 0 0.945478 0.017927 0.018618 0.003954 0.014024
0 0 0.927150 0.038520 0.013772 0.001678 0.018880
0 0 0.905072 0.044669 0.021501 0.003325 0.025432
0 0 0.981070 0.007571 0.004738 0.000456 0.006164
0 0 0.941496 0.021960 0.016805 0.002752 0.016986
0 0 0.974306 0.008306 0.008668 0.001373 0.007347
0 0 0.899207 0.056339 0.016088 0.001768 0.026598
0 0 0.874296 0.070889 0.019755 0.002297 0.032764
0 0 0.914998 0.038993 0.019844 0.003036 0.023129
0 0 0.913948 0.048888 0.013990 0.001559 0.021614
0 0 0.873774 0.079489 0.016237 0.001697 0.028802
0 0 0.808376 0.133164 0.016337 0.001324 0.040798
0 0 0.790958 0.156669 0.013094 0.000885 0.038393
0 0 0.774893 0.169318 0.013833 0.000945 0.041011
0 1 0.451940 0.446436 0.045791 0.001643 0.054190
1 1 0.370602 0.499512 0.065993 0.001830 0.062062
1 1 0.338475 0.540928 0.069986 0.001297 0.049314
1 1 0.402343 0.500730 0.055305 0.001231 0.040391
0 0 0.811385 0.125413 0.016384 0.001221 0.045597
0 0 0.953824 0.022614 0.007812 0.000624 0.015125
0 0 0.937718 0.035218 0.008674 0.000683 0.017707
0 1 0.472621 0.326187 0.031208 0.002495 0.167489
1 1 0.369723 0.395326 0.068176 0.004069 0.162706
1 1 0.183361 0.580984 0.136122 0.001943 0.097590
1 1 0.126142 0.556816 0.219483 0.002760 0.094800
1 1 0.079763 0.479150 0.205821 0.003043 0.232223
1 1 0.052956 0.435565 0.381268 0.004369 0.125842
2 1 0.048883 0.394117 0.429811 0.005980 0.121209
1 1 0.063733 0.468304 0.313664 0.003756 0.150543
2 2 0.013615 0.192408 0.746110 0.008537 0.039329
1 1 0.156511 0.448305 0.319161 0.009703 0.066320
0 1 0.774384 0.145410 0.022298 0.001975 0.055933
0 0 0.905612 0.062314 0.008417 0.000521 0.023136
0 0 0.812089 0.123018 0.016969 0.001289 0.046636
0 1 0.475410 0.437776 0.042612 0.001268 0.042933
0 1 0.712442 0.203155 0.023782 0.002216 0.058405
1 1 0.448505 0.455007 0.051496 0.001361 0.043631
0 1 0.508206 0.374359 0.051944 0.002996 0.062495
1 1 0.361589 0.493383 0.075543 0.002361 0.067124
1 1 0.224057 0.514950 0.197522 0.004860 0.058612
1 2 0.148998 0.515732 0.274784 0.004609 0.055877
1 2 0.147775 0.466129 0.319021 0.007692 0.059383
2 2 0.061784 0.338320 0.539705 0.011006 0.049185
2 2 0.093343 0.417334 0.428173 0.008200 0.052951
2 2 0.069624 0.383407 0.496929 0.007700 0.042340
2 1 0.208196 0.315414 0.349080 0.023057 0.104252
0 1 0.484397 0.426532 0.045283 0.001214 0.042575
0 1 0.535607 0.354162 0.048004 0.002578 0.059649
0 1 0.421090 0.414449 0.080826 0.004693 0.078942
1 1 0.243334 0.555494 0.128603 0.002468 0.070101
1 1 0.165193 0.528489 0.239908 0.004235 0.062175
2 2 0.014708 0.179232 0.775061 0.008971 0.022028
2 2 0.033476 0.271936 0.644947 0.009822 0.039819
0 1 0.421376 0.369067 0.113495 0.007819 0.088244
0 2 0.405328 0.392168 0.119870 0.005703 0.076931
1 1 0.374787 0.500022 0.067876 0.001832 0.055483
1 1 0.342482 0.427532 0.140714 0.007639 0.081633
1 1 0.290632 0.528238 0.125813 0.002968 0.052349
1 1 0.162130 0.522876 0.251517 0.004456 0.059021
2 2 0.062175 0.421926 0.473481 0.004544 0.037874
1 2 0.089828 0.455260 0.409537 0.005078 0.040296
2 2 0.011694 0.157895 0.802663 0.008808 0.018940
2 2 0.057223 0.382338 0.520190 0.005754 0.034495
2 2 0.080282 0.288393 0.566988 0.011765 0.052572
2 1 0.058966 0.386297 0.511049 0.005944 0.037745
1 1 0.259963 0.435954 0.211193 0.010130 0.082759
2 2 0.076546 0.413287 0.442074 0.007238 0.060855
2 2 0.004584 0.090561 0.883803 0.009050 0.012003
2 2 0.019633 0.192263 0.745069 0.012400 0.030635
2 2 0.029384 0.284175 0.635882 0.007492 0.043068
2 2 0.009932 0.146216 0.815771 0.008829 0.019253
2 2 0.181032 0.296656 0.431835 0.012850 0.077628
1 1 0.119949 0.438612 0.376586 0.008560 0.056293
1 1 0.263002 0.468281 0.190096 0.006990 0.071631
1 1 0.152099 0.462060 0.318645 0.007636 0.059560
1 1 0.356199 0.422839 0.140873 0.005811 0.074277
2 1 0.076456 0.392070 0.478566 0.008024 0.044884
1 2 0.178209 0.438334 0.311406 0.007829 0.064221
2 2 0.086511 0.357084 0.495819 0.009694 0.050892
2 2 0.010880 0.132413 0.823927 0.012175 0.020606
2 2 0.034747 0.248722 0.665738 0.013193 0.037600
2 2 0.048490 0.302250 0.596497 0.011279 0.041484
2 2 0.019187 0.202203 0.744202 0.009522 0.024887
2 2 0.059534 0.339274 0.546340 0.009108 0.045745
2 2 0.014467 0.149010 0.804981 0.009847 0.021695
2 2 0.038678 0.280879 0.634414 0.010192 0.035836
2 2 0.013614 0.151126 0.797730 0.013507 0.024022
2 2 0.007842 0.112959 0.849086 0.012417 0.017696
2 2 0.016699 0.165187 0.776097 0.014631 0.027386
2 2 0.009666 0.100497 0.850051 0.020275 0.019510
2 2 0.005556 0.088437 0.882375 0.010022 0.013611
2 2 0.022497 0.199030 0.735845 0.012668 0.029959
2 1 0.108521 0.164031 0.623001 0.038262 0.066184
1 1 0.188760 0.421874 0.302253 0.011220 0.075892
2 2 0.020100 0.222408 0.726911 0.007431 0.023150
2 2 0.005511 0.090043 0.876203 0.013102 0.015141
2 2 0.006170 0.127005 0.841191 0.006796 0.018838
2 1 0.005338 0.062427 0.893557 0.024581 0.014098
1 1 0.205087 0.528497 0.209240 0.004208 0.052968
2 1 0.090100 0.409393 0.443104 0.008334 0.049069
2 2 0.016656 0.187696 0.762483 0.009562 0.023603
2 2 0.014082 0.171400 0.783721 0.009463 0.021333
2 2 0.008247 0.122660 0.841614 0.010470 0.017009
2 2 0.023163 0.211444 0.724637 0.011467 0.029289
2 2 0.004458 0.086513 0.886857 0.009919 0.012254
2 2 0.018944 0.195427 0.749533 0.010460 0.025636
2 2 0.006236 0.113231 0.859218 0.007971 0.013344
2 2 0.018149 0.195052 0.752634 0.009737 0.024428
2 2 0.005236 0.096252 0.875767 0.009617 0.013129
2 2 0.005646 0.080982 0.883648 0.015572 0.014153
2 2 0.006105 0.094108 0.869685 0.013834 0.016267
2 2 0.010611 0.070223 0.861150 0.037219 0.020798
2 2 0.056150 0.300643 0.579705 0.014511 0.048991
2 2 0.020469 0.192013 0.746003 0.012776 0.028738
2 1 0.221178 0.165695 0.450661 0.060995 0.101470
2 1 0.024980 0.255447 0.688138 0.006707 0.024728
2 2 0.004368 0.092615 0.884333 0.007676 0.011009
2 2 0.005583 0.101770 0.870269 0.009100 0.013277
2 2 0.009878 0.134167 0.826018 0.010988 0.018949
2 2 0.026580 0.247570 0.689655 0.008404 0.027791
2 2 0.009583 0.093722 0.854006 0.023199 0.019489
2 2 0.011831 0.146114 0.812101 0.010021 0.019934
2 1 0.024840 0.219444 0.714044 0.011419 0.030253
1 1 0.134912 0.456093 0.343522 0.007950 0.057523
2 1 0.009983 0.133167 0.825993 0.011485 0.019372
2 1 0.022854 0.194158 0.735793 0.014975 0.032220
2 2 0.002204 0.050768 0.929467 0.010318 0.007243
2 2 0.011339 0.159035 0.803431 0.008115 0.018080
2 2 0.009532 0.132282 0.828952 0.010762 0.018471
2 2 0.002962 0.041032 0.925742 0.022103 0.008160
2 2 0.009387 0.148463 0.819321 0.007143 0.015686
2 2 0.009781 0.146816 0.818661 0.008015 0.016726
2 2 0.002323 0.042745 0.933173 0.014726 0.007033
2 2 0.004610 0.070362 0.894617 0.016928 0.013482
2 2 0.003436 0.062080 0.910117 0.013823 0.010544
2 2 0.003161 0.053197 0.918377 0.015863 0.009402
2 2 0.004101 0.081090 0.892486 0.010371 0.011952
2 2 0.005503 0.103484 0.869843 0.008388 0.012781
2 2 0.003027 0.068522 0.908593 0.009812 0.010047
2 2 0.006299 0.101940 0.865013 0.011393 0.015355
2 2 0.003067 0.037618 0.924557 0.026671 0.008086
2 2 0.007869 0.108839 0.850636 0.014070 0.018585
2 2 0.005394 0.044008 0.893121 0.044912 0.012565
2 2 0.003490 0.056882 0.912996 0.016322 0.010309
2 3 0.004238 0.022671 0.875092 0.089665 0.008334
2 2 0.005345 0.089433 0.877885 0.012631 0.014706
2 2 0.022253 0.080928 0.792408 0.071246 0.033166
2 1 0.027298 0.200843 0.715792 0.018215 0.037852
1 1 0.161018 0.397284 0.363700 0.010077 0.067921
0 1 0.509363 0.347954 0.070721 0.003637 0.068324
1 1 0.266674 0.539475 0.140392 0.002936 0.050524
1 1 0.225425 0.508127 0.202641 0.004973 0.058834
2 1 0.069401 0.385162 0.496070 0.007515 0.041853
2 2 0.026012 0.227463 0.705169 0.010932 0.030424
2 2 0.018509 0.191194 0.753826 0.010806 0.025664
2 2 0.022311 0.203592 0.732419 0.012215 0.029463
2 2 0.023673 0.245821 0.699016 0.006998 0.024492
2 2 0.003675 0.058104 0.910520 0.016940 0.010761
2 2 0.012243 0.144808 0.808476 0.012413 0.022059
2 2 0.014301 0.172699 0.781984 0.009493 0.021522
2 2 0.003607 0.085119 0.894705 0.006941 0.009628
2 2 0.012943 0.165833 0.792078 0.009037 0.020109
2 2 0.003920 0.086257 0.891510 0.007815 0.010499
2 2 0.028648 0.219864 0.701337 0.014568 0.035583
2 1 0.027364 0.264017 0.675351 0.007000 0.026268
2 2 0.012609 0.153567 0.801221 0.011121 0.021482
1 1 0.154138 0.451561 0.320314 0.009272 0.064715
2 2 0.017038 0.162671 0.777525 0.015195 0.027571
2 2 0.039455 0.260043 0.645739 0.013945 0.040818
2 2 0.015593 0.168298 0.779304 0.012141 0.024664
2 2 0.032652 0.218830 0.699544 0.012981 0.035992
1 1 0.252321 0.445013 0.218112 0.008444 0.076110
1 1 0.149864 0.508440 0.287408 0.004863 0.049425
2 2 0.007937 0.126913 0.840872 0.008714 0.015565
2 2 0.001387 0.025523 0.952604 0.016397 0.004090
2 2 0.004025 0.082370 0.892617 0.009523 0.011465
2 2 0.055184 0.321586 0.568697 0.010951 0.043582
2 2 0.035027 0.308657 0.620914 0.006135 0.029268
1 1 0.175196 0.431499 0.308594 0.011184 0.073526
1 1 0.132251 0.516868 0.303099 0.004030 0.043752
1 1 0.155179 0.505637 0.282810 0.005131 0.051243
1 1 0.127206 0.514328 0.311845 0.003997 0.042624
1 2 0.114482 0.499339 0.340221 0.004241 0.041717
1 1 0.163564 0.555126 0.236447 0.002957 0.041907
2 2 0.047847 0.363312 0.552716 0.005327 0.030798
2 1 0.063670 0.409460 0.487405 0.005049 0.034417
2 2 0.051825 0.377920 0.533557 0.005150 0.031547
2 2 0.026460 0.272042 0.671410 0.005896 0.024191
1 2 0.089222 0.480031 0.389579 0.003910 0.037258
2 2 0.031268 0.288975 0.646481 0.006334 0.026942
2 2 0.023432 0.250382 0.696178 0.006425 0.023583
2 2 0.051500 0.359920 0.533614 0.007123 0.047844
1 2 0.217193 0.482387 0.222536 0.007299 0.070586
0 0 0.527512 0.306361 0.046175 0.005968 0.113984
1 1 0.147663 0.548980 0.211524 0.003228 0.088605
2 2 0.070152 0.399283 0.455563 0.007730 0.067271
2 2 0.017710 0.177063 0.752553 0.014934 0.037740
2 2 0.005760 0.097165 0.871290 0.011198 0.014587
2 2 0.003180 0.069739 0.906412 0.010213 0.010456
2 2 0.012501 0.161403 0.768206 0.013161 0.044730
2 2 0.030285 0.265750 0.655855 0.009209 0.038901
2 2 0.014340 0.164567 0.786913 0.011216 0.022964
2 2 0.003266 0.070403 0.905211 0.010436 0.010684
2 2 0.006142 0.104614 0.860175 0.011082 0.017988
2 2 0.024390 0.223317 0.704682 0.011430 0.036181
2 2 0.002338 0.048243 0.929838 0.012190 0.007392
2 2 0.042989 0.331791 0.509894 0.009470 0.105857
2 4 0.010487 0.166905 0.741527 0.011272 0.069810
4 4 0.063036 0.138376 0.033539 0.002781 0.762268
4 4 0.092538 0.070986 0.024914 0.001404 0.810159
4 4 0.263973 0.072812 0.022722 0.000935 0.639559
4 4 0.060019 0.110162 0.026578 0.001811 0.801429
4 4 0.057429 0.110346 0.058378 0.008014 0.765833
4 4 0.123044 0.101866 0.031615 0.002043 0.741432
1 4 0.119018 0.391085 0.188891 0.008532 0.292474
4 4 0.028628 0.213797 0.052714 0.001087 0.703774
4 4 0.088683 0.112490 0.043917 0.004138 0.750772
4 4 0.039999 0.102076 0.040939 0.004580 0.812406
4 4 0.080352 0.105557 0.059426 0.007503 0.747163
4 4 0.109772 0.273614 0.031057 0.001432 0.584125
4 4 0.068101 0.278126 0.063301 0.002267 0.588205
1 4 0.183070 0.432970 0.098552 0.004094 0.281314
4 4 0.028199 0.165154 0.042762 0.001504 0.762380
4 4 0.028362 0.200856 0.081266 0.002491 0.687025
4 4 0.034735 0.080296 0.042058 0.005011 0.837901
0 4 0.557314 0.119444 0.033009 0.002089 0.288144
4 4 0.190675 0.307648 0.030266 0.001954 0.469458
4 4 0.041210 0.216349 0.097911 0.004498 0.640032
4 4 0.035202 0.221918 0.054221 0.001360 0.687298
4 4 0.192265 0.063517 0.017241 0.000590 0.726387
0 4 0.421391 0.187634 0.025161 0.001224 0.364591
4 4 0.072176 0.184634 0.017361 0.000800 0.725028
4 4 0.195419 0.264435 0.028488 0.001674 0.509984
4 4 0.043062 0.101326 0.024379 0.001701 0.829531
4 4 0.030224 0.228108 0.073320 0.001652 0.666697
4 4 0.070233 0.325504 0.066319 0.001645 0.536299
4 1 0.128318 0.257185 0.027809 0.001727 0.584961
4 1 0.064070 0.255277 0.039448 0.001256 0.639950
4 1 0.103762 0.229814 0.027948 0.001803 0.636673
0 0 0.458257 0.236149 0.030342 0.001914 0.273338
0 1 0.498563 0.340722 0.025641 0.001901 0.133173
0 0 0.826063 0.103339 0.019034 0.001540 0.050024
0 0 0.678519 0.210105 0.034008 0.003899 0.073469
0 1 0.453322 0.395701 0.037538 0.002326 0.111114
0 1 0.511354 0.349168 0.025181 0.001976 0.112321
1 1 0.308711 0.491971 0.101801 0.003675 0.093841
1 1 0.319633 0.512273 0.086637 0.002462 0.078995
0 1 0.471084 0.395309 0.038838 0.002364 0.092405
1 1 0.270518 0.534494 0.117039 0.002794 0.075156
1 1 0.302341 0.523431 0.095799 0.002493 0.075936
1 1 0.377850 0.475639 0.068094 0.002473 0.075944
1 1 0.208578 0.561452 0.182566 0.002727 0.044677
1 1 0.175813 0.532250 0.239235 0.003986 0.048716
1 1 0.182242 0.543732 0.219976 0.003531 0.050519
1 1 0.166893 0.543421 0.241374 0.003430 0.044881
1 1 0.129505 0.546770 0.274140 0.002990 0.046596
1 1 0.116263 0.510243 0.321644 0.004018 0.047832
1 1 0.224578 0.534346 0.184787 0.003777 0.052512
1 1 0.243289 0.547614 0.152350 0.002939 0.053809
1 1 0.196184 0.562459 0.194882 0.002744 0.043731
0 0 0.520714 0.334533 0.055662 0.005981 0.083110
1 1 0.144630 0.572624 0.215180 0.002484 0.065082
1 1 0.080096 0.463698 0.392680 0.004695 0.058831
1 1 0.153267 0.523519 0.272221 0.004157 0.046835
1 1 0.137098 0.510697 0.296541 0.004556 0.051108
2 1 0.076506 0.428303 0.430592 0.006211 0.058389
2 1 0.023823 0.246516 0.692718 0.007574 0.029369
2 2 0.002400 0.063048 0.918102 0.008125 0.008325
2 2 0.009657 0.149983 0.816567 0.007370 0.016423
2 2 0.002510 0.065434 0.915744 0.007891 0.008422
2 2 0.005292 0.107149 0.868146 0.007126 0.012287
2 2 0.004519 0.090638 0.884278 0.008782 0.011783
2 2 0.016246 0.210403 0.733115 0.007685 0.032551
2 2 0.001672 0.055289 0.930778 0.006054 0.006207
2 2 0.003221 0.084036 0.896041 0.006374 0.010328
2 2 0.004296 0.092481 0.884952 0.007467 0.010804
2 2 0.006373 0.102262 0.864323 0.011529 0.015513
2 2 0.004270 0.089183 0.887052 0.008289 0.011206
2 2 0.002288 0.063233 0.919320 0.007338 0.007820
2 2 0.002934 0.068926 0.909469 0.009070 0.009601
2 2 0.001885 0.058080 0.926449 0.006634 0.006953
2 2 0.004605 0.093151 0.882235 0.008343 0.011666
2 2 0.003007 0.034280 0.924914 0.030094 0.007705
1 0 0.316438 0.340051 0.221051 0.015948 0.106513
1 0 0.172373 0.415087 0.333162 0.009896 0.069482
1 1 0.142295 0.493715 0.307594 0.005519 0.050876
2 1 0.054716 0.331396 0.563007 0.009613 0.041269
1 1 0.076980 0.445707 0.429502 0.004836 0.042975
2 2 0.014468 0.195599 0.765057 0.006333 0.018544
2 2 0.011452 0.165695 0.795926 0.007573 0.019355
2 2 0.039654 0.295351 0.621903 0.008811 0.034281
2 1 0.132156 0.361856 0.409625 0.017958 0.078406
1 0 0.281315 0.490111 0.156518 0.005496 0.066560
1 1 0.157287 0.544761 0.239488 0.003442 0.055022
2 1 0.024384 0.254230 0.679260 0.007614 0.034512
2 2 0.003728 0.085147 0.892929 0.007594 0.010602
2 2 0.006098 0.109501 0.862364 0.008510 0.013527
2 2 0.005606 0.107505 0.866724 0.007686 0.012479
2 2 0.002609 0.068666 0.913063 0.007313 0.008349
2 2 0.002924 0.067683 0.910083 0.009540 0.009770
2 2 0.001748 0.051072 0.933617 0.007355 0.006208
2 2 0.003361 0.073669 0.902915 0.009566 0.010489
2 2 0.003769 0.076375 0.897634 0.010651 0.011572
2 2 0.002091 0.051922 0.929708 0.009229 0.007050
2 2 0.002138 0.050637 0.930214 0.009923 0.007088
2 2 0.001772 0.056483 0.928886 0.006349 0.006509
2 2 0.001613 0.041246 0.942384 0.009331 0.005426
2 2 0.003513 0.069900 0.903694 0.011702 0.011192
2 2 0.003610 0.064164 0.907166 0.014023 0.011038
2 2 0.002454 0.041696 0.932067 0.016554 0.007229
2 2 0.004763 0.063116 0.897697 0.021197 0.013227
2 2 0.002436 0.016227 0.904537 0.071744 0.005055
2 2 0.002090 0.018893 0.927765 0.046433 0.004820
2 2 0.002965 0.036101 0.925980 0.027174 0.007781
2 2 0.001641 0.014105 0.928203 0.052381 0.003670
2 2 0.003968 0.021477 0.877518 0.089227 0.007811
2 2 0.003220 0.007052 0.688558 0.296649 0.004520
2 2 0.004741 0.043533 0.901873 0.038385 0.011467
2 2 0.005097 0.010513 0.679010 0.298221 0.007159
2 2 0.010982 0.049848 0.824549 0.093287 0.021335
2 2 0.003307 0.018713 0.884989 0.086433 0.006558
2 2 0.018582 0.047216 0.719135 0.185078 0.029989
2 2 0.003854 0.010869 0.762843 0.216462 0.005972
2 2 0.005937 0.013199 0.703443 0.268794 0.008627
3 2 0.008894 0.007386 0.379440 0.594894 0.009386
3 2 0.005037 0.003110 0.272721 0.714431 0.004701
3 2 0.010427 0.006898 0.310778 0.661615 0.010282
3 2 0.004014 0.003085 0.332302 0.656617 0.003983
3 3 0.006388 0.002716 0.185778 0.799777 0.005342
3 2 0.007221 0.003056 0.187100 0.796561 0.006062
3 2 0.010823 0.009056 0.386651 0.581915 0.011554
3 2 0.017451 0.008877 0.247120 0.710381 0.016170
3 2 0.006176 0.003069 0.220539 0.764796 0.005421
3 2 0.007387 0.003212 0.193396 0.789744 0.006261
3 3 0.005801 0.001348 0.088324 0.900536 0.003991
3 3 0.006211 0.002340 0.160955 0.825503 0.004991
3 2 0.007690 0.001907 0.099054 0.885882 0.005466
3 3 0.005216 0.001138 0.080402 0.909742 0.003502
3 3 0.005316 0.001421 0.104213 0.885243 0.003807
3 3 0.004557 0.000951 0.074720 0.916772 0.003000
3 3 0.008076 0.005843 0.332223 0.645750 0.008107
3 3 0.008650 0.002232 0.105448 0.877414 0.006257
3 3 0.005784 0.001305 0.085015 0.903954 0.003942
3 3 0.005650 0.001265 0.083952 0.905295 0.003838
3 3 0.010700 0.004240 0.180366 0.795743 0.008950
3 3 0.010677 0.002959 0.117834 0.860557 0.007972
3 3 0.008874 0.002310 0.106887 0.875486 0.006444
3 3 0.005843 0.001323 0.085483 0.903363 0.003988
3 3 0.005264 0.001151 0.080794 0.909253 0.003538
3 3 0.004980 0.001352 0.105426 0.884668 0.003574
3 3 0.008894 0.002317 0.107018 0.875310 0.006461
3 3 0.010136 0.002760 0.114657 0.864939 0.007509
3 3 0.006695 0.001854 0.111840 0.874715 0.004897
3 3 0.009582 0.002559 0.111313 0.869508 0.007038
3 3 0.005518 0.001226 0.082885 0.906636 0.003735
3 3 0.003956 0.000788 0.069175 0.923531 0.002551
3 3 0.007060 0.001702 0.094630 0.891654 0.004955
3 3 0.007396 0.002794 0.164490 0.819325 0.005995
3 3 0.007401 0.001813 0.097051 0.888505 0.005231
3 3 0.003932 0.000782 0.068952 0.923799 0.002534
3 3 0.007530 0.002381 0.133324 0.850992 0.005773
3 3 0.004008 0.000802 0.069675 0.922925 0.002590
3 3 0.005171 0.002180 0.179930 0.808448 0.004272
3 3 0.002989 0.000544 0.059333 0.935283 0.001851
3 3 0.006150 0.002119 0.144590 0.842341 0.004802
3 3 0.007590 0.001875 0.098367 0.886783 0.005385
3 3 0.007364 0.003630 0.222377 0.760131 0.006498
3 3 0.006150 0.001471 0.092195 0.895904 0.004280
3 3 0.001861 0.000291 0.045678 0.951093 0.001077
3 3 0.005182 0.001128 0.080113 0.910102 0.003475
3 3 0.006119 0.001407 0.087636 0.900633 0.004205
3 3 0.005949 0.001355 0.086319 0.902306 0.004072
3 3 0.003325 0.000626 0.062906 0.931052 0.002091
3 3 0.006949 0.001666 0.093835 0.892683 0.004866
3 3 0.002812 0.000502 0.057380 0.937579 0.001727
3 3 0.008010 0.002470 0.130191 0.853222 0.006108
3 3 0.009520 0.004016 0.191546 0.786837 0.008082
3 3 0.009169 0.002785 0.129694 0.851351 0.007001
3 3 0.008603 0.002361 0.113752 0.868941 0.006343
3 3 0.005471 0.001212 0.082505 0.907113 0.003699
3 3 0.009933 0.002686 0.113446 0.866598 0.007336
3 3 0.003434 0.000653 0.064023 0.929720 0.002170
3 3 0.008186 0.002074 0.102408 0.881459 0.005873
3 3 0.004585 0.000958 0.074963 0.916473 0.003021
3 3 0.009423 0.003876 0.185982 0.792787 0.007932
3 3 0.009752 0.004995 0.237858 0.738572 0.008822
3 3 0.009085 0.002782 0.130826 0.850356 0.006951
3 3 0.002211 0.000365 0.050256 0.945855 0.001312
3 3 0.008339 0.002126 0.103423 0.880113 0.006000
3 3 0.008892 0.002316 0.107002 0.875332 0.006459
3 3 0.009609 0.002569 0.111480 0.869280 0.007061
3 3 0.007771 0.005946 0.349084 0.629266 0.007933
3 3 0.009225 0.002433 0.109104 0.872502 0.006737
3 3 0.007550 0.001861 0.098090 0.887147 0.005352
3 3 0.007234 0.001758 0.095875 0.890037 0.005096
3 3 0.010146 0.002763 0.114718 0.864855 0.007517
2 2 0.014245 0.064107 0.805434 0.088242 0.027972
2 1 0.051869 0.188430 0.656890 0.043715 0.059096
2 1 0.092339 0.323588 0.489320 0.022150 0.072602
2 1 0.216372 0.290497 0.331222 0.036038 0.125870
2 1 0.110557 0.402087 0.414600 0.011580 0.061176
2 1 0.099364 0.371933 0.451439 0.014161 0.063104
2 1 0.107899 0.400932 0.419605 0.011405 0.060159
2 1 0.093122 0.339077 0.480592 0.018800 0.068409
1 1 0.155346 0.449310 0.320095 0.009551 0.065698
2 2 0.035693 0.276310 0.645069 0.009441 0.033487
2 2 0.014020 0.154487 0.793881 0.013291 0.024322
2 0 0.173807 0.281394 0.391429 0.038330 0.115039
1 1 0.089773 0.428063 0.422734 0.007106 0.052324
2 2 0.003719 0.074354 0.898884 0.011292 0.011751
2 1 0.090200 0.343255 0.484105 0.017239 0.065201
2 1 0.004523 0.082259 0.888014 0.011957 0.013247
1 1 0.115721 0.397646 0.394410 0.013302 0.078921
1 1 0.084972 0.438201 0.418150 0.006124 0.052553
2 2 0.014604 0.156232 0.782734 0.015171 0.031260
2 1 0.067613 0.369131 0.510826 0.008646 0.043783
2 1 0.081639 0.384235 0.474951 0.009589 0.049586
2 1 0.011876 0.138794 0.812793 0.013862 0.022675
2 2 0.063099 0.348520 0.534064 0.009831 0.044486
2 2 0.063138 0.362515 0.523657 0.008421 0.042270
2 2 0.005867 0.098198 0.869811 0.011260 0.014864
2 2 0.034768 0.293098 0.628559 0.007800 0.035775
1 1 0.158710 0.402892 0.341368 0.015925 0.081105
2 1 0.058914 0.342672 0.546499 0.009461 0.042454
2 2 0.002394 0.064216 0.916667 0.007932 0.008791
1 1 0.243587 0.446011 0.216868 0.010789 0.082745
1 1 0.203147 0.498042 0.227273 0.006124 0.065414
1 1 0.128033 0.431442 0.366998 0.009947 0.063580
1 1 0.149582 0.367809 0.354209 0.022398 0.106003
1 1 0.283801 0.500768 0.148216 0.004678 0.062537
1 1 0.289651 0.510319 0.134526 0.003896 0.061609
0 1 0.592336 0.329144 0.027802 0.001563 0.049156
1 1 0.376500 0.511752 0.066684 0.001496 0.043568
1 1 0.270354 0.566106 0.110795 0.001818 0.050927
1 1 0.273799 0.559200 0.117972 0.002026 0.047002
1 1 0.180291 0.547723 0.220589 0.003346 0.048051
0 0 0.700722 0.210889 0.030223 0.001973 0.056193
1 1 0.284852 0.541902 0.122406 0.002490 0.048350
1 1 0.293348 0.548558 0.109883 0.002063 0.046148
1 1 0.274408 0.561650 0.111851 0.001907 0.050184
1 1 0.246318 0.565701 0.135018 0.002203 0.050760
1 1 0.248634 0.560326 0.143531 0.002376 0.045133
1 1 0.255892 0.573748 0.127538 0.001833 0.040989
1 1 0.316030 0.508535 0.119515 0.002842 0.053078
0 1 0.627599 0.308994 0.019273 0.001122 0.043012
0 0 0.716438 0.178861 0.031928 0.003340 0.069433
1 1 0.288995 0.533669 0.087940 0.002088 0.087307
1 1 0.271867 0.559228 0.088884 0.001647 0.078374
1 1 0.252203 0.565550 0.112846 0.001968 0.067433
1 1 0.284546 0.552766 0.109632 0.002036 0.051021
1 1 0.395219 0.467793 0.077940 0.002761 0.056287
1 1 0.401923 0.490194 0.059729 0.001577 0.046577
0 1 0.510478 0.381449 0.046483 0.002611 0.058979
1 1 0.267052 0.554804 0.125752 0.002287 0.050106
1 1 0.275610 0.571183 0.107513 0.001616 0.044078
1 1 0.402502 0.468094 0.069384 0.002512 0.057508
1 1 0.324596 0.521842 0.100410 0.002433 0.050719
1 1 0.316114 0.531830 0.101941 0.002228 0.047887
0 1 0.501429 0.392629 0.044763 0.002613 0.058565
0 0 0.561314 0.332841 0.042452 0.002639 0.060754
0 0 0.700896 0.202970 0.034559 0.002236 0.059339
0 0 0.712758 0.209666 0.019819 0.001611 0.056145
1 1 0.340218 0.458376 0.121925 0.004723 0.074758
0 1 0.748169 0.194458 0.014346 0.001006 0.042020
0 1 0.635610 0.295161 0.021841 0.001304 0.046084
0 1 0.656720 0.278075 0.018136 0.001285 0.045785
0 1 0.699678 0.246424 0.013797 0.000871 0.039229
0 1 0.584055 0.342840 0.025604 0.001360 0.046142
0 1 0.506066 0.405405 0.037045 0.001659 0.049824
0 1 0.561237 0.356223 0.031419 0.001631 0.049490
0 1 0.599641 0.323410 0.026319 0.001552 0.049077
0 1 0.530724 0.366905 0.046668 0.002002 0.053701
0 0 0.810728 0.134482 0.013555 0.000911 0.040325
0 0 0.682118 0.243053 0.020383 0.001767 0.052679
0 1 0.546546 0.360487 0.033378 0.002240 0.057348
1 1 0.305147 0.546848 0.092038 0.001788 0.054179
0 0 0.808830 0.137413 0.013977 0.001000 0.038779
0 0 0.861540 0.082683 0.018523 0.001899 0.035355
0 0 0.860953 0.086777 0.017605 0.001812 0.032853
0 0 0.953468 0.024273 0.006531 0.000428 0.015300
0 0 0.920337 0.051459 0.008636 0.000642 0.018926
0 0 0.938680 0.033159 0.009381 0.000792 0.017988
0 0 0.898996 0.060244 0.012659 0.001067 0.027035
0 0 0.972878 0.015262 0.003411 0.000183 0.008265
0 0 0.862804 0.090434 0.013772 0.001120 0.031870
0 0 0.879847 0.081013 0.011623 0.000908 0.026608
0 0 0.869858 0.070507 0.019508 0.001989 0.038138
0 0 0.935991 0.037592 0.008437 0.000656 0.017324
0 0 0.965803 0.015266 0.006950 0.000616 0.011365
0 0 0.881905 0.085392 0.006508 0.000287 0.025908
0 0 0.941754 0.031205 0.009651 0.000899 0.016490
0 0 0.973745 0.015334 0.004250 0.000356 0.006315
0 0 0.853356 0.120596 0.005788 0.000273 0.019987
0 0 0.972450 0.013263 0.006274 0.000707 0.007307
0 0 0.985517 0.008665 0.002172 0.000143 0.003502
0 0 0.983928 0.009484 0.002437 0.000164 0.003987
0 0 0.993753 0.003364 0.001176 0.000075 0.001633
0 0 0.984082 0.008683 0.002932 0.000236 0.004067
0 0 0.963627 0.023090 0.004466 0.000311 0.008507
0 0 0.940512 0.037153 0.007759 0.000655 0.013922
0 0 0.912917 0.058523 0.009219 0.000744 0.018596
0 0 0.841785 0.120276 0.010188 0.000688 0.027063
0 0 0.734035 0.205363 0.016319 0.001292 0.042990
0 0 0.954950 0.026660 0.006916 0.000630 0.010844
0 0 0.973092 0.013598 0.005741 0.000612 0.006956
0 0 0.951766 0.031899 0.005222 0.000356 0.010757
0 0 0.966386 0.020705 0.004698 0.000368 0.007843
0 0 0.968492 0.017726 0.005427 0.000494 0.007861
0 0 0.940575 0.036397 0.008720 0.000856 0.013452
0 0 0.974383 0.014040 0.004547 0.000393 0.006637
0 0 0.981329 0.010663 0.002838 0.000188 0.004982
0 0 0.972014 0.013424 0.006659 0.000818 0.007084
0 0 0.991518 0.004606 0.001603 0.000113 0.002160
0 0 0.979761 0.009889 0.004698 0.000516 0.005135
0 0 0.989287 0.004373 0.003237 0.000402 0.002702
0 0 0.985006 0.008635 0.002481 0.000180 0.003698
0 0 0.925594 0.050251 0.007587 0.000561 0.016007
0 0 0.939593 0.040899 0.006268 0.000452 0.012789
0 0 0.984884 0.008737 0.002462 0.000176 0.003741
0 0 0.988487 0.005004 0.003199 0.000366 0.002945
0 0 0.943648 0.036948 0.006466 0.000492 0.012446
0 0 0.948379 0.032657 0.006524 0.000518 0.011922
0 0 0.976634 0.013558 0.003724 0.000291 0.005794
0 0 0.926891 0.049370 0.007345 0.000528 0.015866
0 0 0.960260 0.021038 0.007807 0.000860 0.010035
0 0 0.947260 0.031974 0.007868 0.000750 0.012147
0 0 0.972388 0.014743 0.005157 0.000476 0.007237
0 0 0.983013 0.009084 0.003318 0.000291 0.004294
0 0 0.989217 0.005026 0.002629 0.000249 0.002879
0 0 0.968882 0.017673 0.005249 0.000468 0.007728
0 0 0.987689 0.006357 0.002542 0.000213 0.003198
0 0 0.965113 0.021767 0.004472 0.000317 0.008331
0 0 0.977095 0.012600 0.004343 0.000412 0.005549
0 0 0.971256 0.017489 0.004147 0.000319 0.006789
0 0 0.906209 0.056342 0.014421 0.001676 0.021351
0 0 0.982985 0.011378 0.001779 0.000090 0.003769
0 0 0.974013 0.014060 0.004905 0.000464 0.006558
0 0 0.967238 0.020542 0.004387 0.000331 0.007502
0 0 0.980623 0.010997 0.003316 0.000266 0.004797
0 0 0.978344 0.013862 0.002545 0.000147 0.005102
0 0 0.955572 0.031289 0.003842 0.000216 0.009081
0 0 0.990778 0.005709 0.001122 0.000051 0.002340
0 0 0.993282 0.003800 0.001177 0.000074 0.001668
0 0 0.980959 0.010029 0.003780 0.000343 0.004889
0 0 0.986212 0.006713 0.003171 0.000306 0.003598
0 0 0.987233 0.006232 0.002982 0.000291 0.003261
0 0 0.979040 0.010934 0.004235 0.000401 0.005390
0 0 0.984516 0.007418 0.003847 0.000437 0.003781
0 0 0.934851 0.041820 0.008157 0.000704 0.014468
0 0 0.872797 0.089875 0.011548 0.000947 0.024834
0 0 0.976695 0.014776 0.003072 0.000212 0.005245
0 0 0.950547 0.029820 0.007354 0.000677 0.011601
0 0 0.968160 0.017462 0.005515 0.000486 0.008377
0 0 0.980583 0.012045 0.002573 0.000162 0.004637
0 0 0.982202 0.008619 0.003994 0.000391 0.004794
0 0 0.986198 0.008247 0.001891 0.000107 0.003557
0 0 0.985158 0.008206 0.002563 0.000185 0.003888
0 0 0.988573 0.005585 0.002464 0.000201 0.003176
0 0 0.988415 0.006262 0.002155 0.000160 0.003007
0 0 0.959043 0.028434 0.003224 0.000150 0.009149
0 0 0.932138 0.044108 0.007176 0.000498 0.016080
0 0 0.933077 0.045496 0.006154 0.000386 0.014887
0 0 0.950892 0.030579 0.005950 0.000423 0.012157
0 0 0.944912 0.037092 0.004985 0.000283 0.012728
0 0 0.969850 0.020672 0.002679 0.000132 0.006667
0 0 0.966645 0.021081 0.004069 0.000271 0.007934
0 0 0.979295 0.012876 0.002581 0.000151 0.005096
0 0 0.950732 0.032400 0.005452 0.000381 0.011035
0 0 0.958703 0.029441 0.003365 0.000177 0.008315
0 0 0.937022 0.041343 0.007066 0.000537 0.014032
0 1 0.682952 0.259955 0.014315 0.001026 0.041752
0 1 0.521411 0.390577 0.035663 0.001796 0.050553
0 0 0.840920 0.111345 0.014284 0.001200 0.032252
0 0 0.945311 0.036172 0.006004 0.000432 0.012080
0 0 0.937553 0.043129 0.006105 0.000428 0.012785
0 0 0.976856 0.013897 0.003275 0.000225 0.005748
0 0 0.928159 0.048921 0.007147 0.000515 0.015258
0 0 0.892841 0.068650 0.013198 0.001275 0.024036
0 0 0.988191 0.005495 0.002795 0.000255 0.003264
0 0 0.925665 0.050117 0.007543 0.000551 0.016125
0 0 0.946197 0.035663 0.005917 0.000428 0.011795
0 1 0.736779 0.210477 0.012841 0.000851 0.039052
0 1 0.574966 0.351825 0.024902 0.001435 0.046872
0 1 0.552370 0.361389 0.024149 0.001379 0.060712
0 1 0.585643 0.304778 0.033653 0.004008 0.071917
0 1 0.881381 0.083415 0.010469 0.000796 0.023939
0 0 0.832111 0.133003 0.008488 0.000490 0.025908
0 1 0.784730 0.183716 0.006456 0.000293 0.024805
0 0 0.881146 0.087846 0.008882 0.000617 0.021508
0 0 0.972334 0.016254 0.004397 0.000366 0.006649
0 0 0.989682 0.006407 0.001212 0.000054 0.002645
0 0 0.989100 0.006855 0.001331 0.000066 0.002648
0 0 0.988667 0.006893 0.001466 0.000074 0.002900
0 0 0.991318 0.004567 0.001530 0.000092 0.002494
0 0 0.981404 0.011436 0.002396 0.000141 0.004624
0 0 0.979805 0.011348 0.003268 0.000237 0.005343
0 0 0.992296 0.004331 0.001140 0.000056 0.002176
0 0 0.992471 0.003888 0.001431 0.000091 0.002120
0 0 0.988596 0.007755 0.000971 0.000034 0.002644
0 0 0.987745 0.007778 0.001364 0.000062 0.003052
0 0 0.986703 0.006956 0.002567 0.000199 0.003576
0 0 0.983198 0.010551 0.001976 0.000103 0.004173
0 0 0.984084 0.008308 0.003062 0.000247 0.004299
0 0 0.962699 0.024420 0.004116 0.000263 0.008502
0 0 0.904524 0.066406 0.009110 0.000708 0.019252
0 0 0.941415 0.033016 0.009470 0.000923 0.015175
0 0 0.956935 0.024217 0.007253 0.000692 0.010904
0 0 0.981431 0.009216 0.004025 0.000388 0.004940
0 0 0.979357 0.011948 0.003160 0.000222 0.005313
0 0 0.988611 0.005154 0.002877 0.000284 0.003074
0 0 0.991403 0.004134 0.001978 0.000165 0.002321
0 0 0.987104 0.007988 0.001840 0.000117 0.002952
0 0 0.983902 0.009244 0.002841 0.000234 0.003779
0 0 0.989082 0.006720 0.001572 0.000096 0.002530
0 0 0.993430 0.003691 0.001122 0.000066 0.001690
0 0 0.981871 0.010985 0.002610 0.000176 0.004359
0 0 0.949920 0.037861 0.002956 0.000126 0.009137
0 0 0.990672 0.006114 0.001051 0.000048 0.002115
0 0 0.994270 0.003472 0.000880 0.000049 0.001330
0 0 0.988677 0.006535 0.001914 0.000135 0.002739
0 0 0.987197 0.007488 0.002110 0.000151 0.003055
0 0 0.986333 0.008100 0.002194 0.000157 0.003216
0 0 0.914812 0.059339 0.008191 0.000625 0.017033
0 0 0.962181 0.025382 0.003996 0.000255 0.008186
0 0 0.975574 0.014861 0.003660 0.000287 0.005617
0 0 0.991453 0.005303 0.001217 0.000069 0.001958
0 0 0.977330 0.013335 0.003639 0.000293 0.005403
0 0 0.987768 0.007163 0.002070 0.000153 0.002847
0 0 0.962655 0.026323 0.003192 0.000169 0.007660
0 0 0.966935 0.022125 0.003417 0.000202 0.007321
0 0 0.897501 0.076088 0.007441 0.000482 0.018488
0 0 0.980757 0.011387 0.003115 0.000246 0.004496
0 0 0.966208 0.022391 0.003746 0.000241 0.007413
0 0 0.979867 0.013372 0.002217 0.000124 0.004419
0 0 0.967255 0.021355 0.003925 0.000272 0.007193
0 0 0.977195 0.015124 0.002498 0.000143 0.005041
0 0 0.983166 0.010652 0.002220 0.000140 0.003823
0 0 0.969513 0.018413 0.004774 0.000422 0.006877
0 0 0.975470 0.016336 0.002754 0.000168 0.005271
0 0 0.978009 0.015190 0.002203 0.000121 0.004477
0 0 0.988749 0.006070 0.002204 0.000177 0.002800
0 0 0.965477 0.021520 0.004558 0.000337 0.008108
0 0 0.989080 0.005669 0.002345 0.000207 0.002700
0 0 0.980196 0.013480 0.001959 0.000099 0.004267
0 0 0.943769 0.037929 0.005635 0.000375 0.012292
0 0 0.812503 0.155192 0.006677 0.000306 0.025322
0 0 0.936506 0.045943 0.005195 0.000322 0.012034
