0 0 0.975046 0.005966 0.013257 0.003965 0.001766
0 0 0.997256 0.001132 0.001472 0.000020 0.000120
0 0 0.993338 0.003728 0.001560 0.000001 0.001372
0 0 0.999000 0.000214 0.000724 0.000053 0.000009
0 0 0.996276 0.001499 0.002059 0.000041 0.000124
0 0 0.998344 0.001025 0.000598 0.000001 0.000033
0 0 0.995624 0.002265 0.001205 0.000002 0.000905
2 0 0.030209 0.000587 0.969201 0.000000 0.000002
0 0 0.556723 0.412364 0.029002 0.000000 0.001911
2 0 0.015977 0.431326 0.551238 0.000001 0.001459
0 0 0.995843 0.001184 0.002698 0.000227 0.000048
0 0 0.993483 0.002176 0.003899 0.000250 0.000192
0 0 0.990045 0.003254 0.005910 0.000554 0.000237
0 0 0.993546 0.002939 0.002433 0.000017 0.001066
0 0 0.994213 0.002391 0.002099 0.000003 0.001293
0 0 0.983042 0.011138 0.003761 0.000004 0.002055
0 0 0.979229 0.009189 0.008056 0.000171 0.003355
0 0 0.969974 0.018080 0.007614 0.000027 0.004305
0 0 0.958928 0.021926 0.009134 0.000037 0.009975
0 0 0.809976 0.121732 0.025209 0.000021 0.043062
0 0 0.933426 0.041684 0.009641 0.000010 0.015239
0 0 0.983184 0.011113 0.003529 0.000003 0.002170
0 0 0.959171 0.021046 0.008376 0.000028 0.011379
0 0 0.943883 0.027329 0.012161 0.000074 0.016553
0 0 0.964199 0.018115 0.007028 0.000019 0.010639
0 0 0.906169 0.052536 0.010145 0.000007 0.031143
0 0 0.962887 0.023050 0.007255 0.000012 0.006796
0 0 0.991635 0.003261 0.003535 0.000063 0.001506
0 0 0.991834 0.001842 0.004502 0.000682 0.001139
0 0 0.968056 0.014038 0.013399 0.000134 0.004373
0 0 0.994048 0.002425 0.001854 0.000008 0.001664
0 0 0.997817 0.001304 0.000739 0.000001 0.000139
0 0 0.995454 0.003015 0.001184 0.000001 0.000346
0 0 0.997957 0.001326 0.000568 0.000000 0.000148
0 0 0.998256 0.000837 0.000599 0.000001 0.000308
0 0 0.997907 0.000757 0.001185 0.000005 0.000147
0 0 0.996318 0.001499 0.001807 0.000017 0.000359
0 0 0.995271 0.002770 0.001589 0.000003 0.000367
0 0 0.990027 0.006257 0.002432 0.000003 0.001281
0 0 0.942952 0.039442 0.006262 0.000001 0.011343
0 0 0.992477 0.003205 0.003486 0.000062 0.000770
0 0 0.995411 0.002194 0.002084 0.000012 0.000299
0 0 0.985199 0.009033 0.003928 0.000009 0.001832
0 0 0.928240 0.042870 0.022799 0.000010 0.006080
0 0 0.971833 0.015766 0.008803 0.000059 0.003539
0 0 0.981868 0.008283 0.007616 0.000173 0.002060
0 0 0.980637 0.010637 0.007192 0.000075 0.001458
0 0 0.993108 0.002676 0.003611 0.000110 0.000495
0 0 0.994872 0.001550 0.002775 0.000099 0.000704
0 0 0.928840 0.036172 0.026096 0.000047 0.008845
0 0 0.989592 0.004943 0.003527 0.000023 0.001915
0 0 0.997389 0.001000 0.000774 0.000002 0.000835
0 0 0.997983 0.000636 0.000963 0.000013 0.000405
0 0 0.994163 0.003269 0.001517 0.000002 0.001049
0 0 0.989721 0.005624 0.002111 0.000002 0.002543
0 0 0.985903 0.006646 0.003130 0.000007 0.004313
0 0 0.901015 0.032494 0.005804 0.000002 0.060685
0 0 0.974068 0.010579 0.003595 0.000004 0.011754
0 0 0.986490 0.007019 0.002717 0.000003 0.003770
0 0 0.938032 0.036397 0.008605 0.000009 0.016958
0 0 0.979432 0.011143 0.007063 0.000062 0.002299
0 0 0.986159 0.008702 0.003022 0.000003 0.002114
0 0 0.979376 0.012484 0.004577 0.000008 0.003556
0 0 0.985331 0.007698 0.003673 0.000009 0.003288
0 0 0.992924 0.003556 0.002491 0.000012 0.001017
0 0 0.971877 0.012069 0.005292 0.000015 0.010748
0 0 0.979017 0.011385 0.004562 0.000009 0.005026
0 0 0.884027 0.063560 0.010459 0.000005 0.041948
0 0 0.971286 0.017556 0.005744 0.000009 0.005406
0 0 0.977301 0.013790 0.005710 0.000015 0.003184
0 0 0.979700 0.010380 0.006065 0.000039 0.003816
0 0 0.971081 0.016620 0.006266 0.000014 0.006018
0 0 0.900824 0.052413 0.015562 0.000046 0.031155
0 0 0.948481 0.026210 0.012601 0.000094 0.012615
0 0 0.836910 0.067698 0.016472 0.000005 0.078915
0 0 0.625897 0.286187 0.067492 0.000107 0.020316
0 0 0.534924 0.281001 0.167020 0.001315 0.015740
0 0 0.946267 0.025064 0.024804 0.001231 0.002634
0 0 0.949840 0.030385 0.016053 0.000184 0.003538
0 0 0.873473 0.079243 0.033123 0.000422 0.013740
0 0 0.994286 0.002473 0.002562 0.000031 0.000648
0 0 0.983546 0.009889 0.004309 0.000010 0.002246
0 0 0.993490 0.003404 0.001798 0.000003 0.001305
0 0 0.995489 0.002681 0.001153 0.000001 0.000676
0 0 0.982089 0.006790 0.002664 0.000003 0.008454
0 0 0.909220 0.046094 0.009196 0.000007 0.035482
0 0 0.965794 0.023081 0.004442 0.000002 0.006682
0 0 0.992195 0.004191 0.001869 0.000002 0.001742
0 0 0.989748 0.005466 0.002280 0.000003 0.002503
0 0 0.979626 0.011816 0.005439 0.000018 0.003101
0 0 0.431204 0.184205 0.063900 0.000397 0.320294
1 1 0.145487 0.524401 0.131763 0.000053 0.198297
1 1 0.147037 0.510759 0.132143 0.000076 0.209984
1 2 0.023816 0.513078 0.424315 0.000081 0.038710
1 2 0.217819 0.510867 0.154866 0.000368 0.116080
1 2 0.268177 0.432280 0.207431 0.001787 0.090325
1 2 0.151487 0.340601 0.340161 0.004889 0.162862
2 2 0.083567 0.285863 0.504384 0.010691 0.115496
2 2 0.060836 0.344165 0.475301 0.005224 0.114474
2 2 0.090157 0.201275 0.393217 0.077827 0.237524
2 2 0.000230 0.009037 0.975368 0.010916 0.004449
2 2 0.000064 0.001731 0.989512 0.008508 0.000185
2 2 0.000017 0.001198 0.997455 0.001230 0.000101
2 2 0.001114 0.003045 0.951881 0.043672 0.000288
2 2 0.000653 0.004489 0.986195 0.007202 0.001462
2 2 0.000344 0.004003 0.992956 0.002409 0.000288
2 2 0.000021 0.000987 0.996967 0.001932 0.000094
2 2 0.000031 0.000342 0.948766 0.050847 0.000014
2 2 0.044609 0.007409 0.896739 0.049737 0.001507
2 2 0.009734 0.003229 0.870756 0.115931 0.000350
2 2 0.000114 0.000262 0.955666 0.043947 0.000010
2 2 0.000014 0.000061 0.940948 0.058976 0.000001
2 2 0.000064 0.000155 0.875562 0.124216 0.000004
2 2 0.000075 0.000369 0.947424 0.052121 0.000010
2 2 0.000072 0.000180 0.874832 0.124911 0.000005
2 2 0.000233 0.001165 0.975223 0.023344 0.000035
2 2 0.001639 0.001828 0.925823 0.070637 0.000073
2 2 0.005519 0.001059 0.844203 0.149161 0.000058
2 2 0.001333 0.003804 0.974877 0.019878 0.000108
2 3 0.001031 0.001397 0.953671 0.043808 0.000093
2 3 0.004703 0.003481 0.622309 0.368756 0.000751
2 3 0.001824 0.002081 0.688287 0.307636 0.000172
2 3 0.000057 0.000530 0.758118 0.241244 0.000051
2 3 0.000456 0.001096 0.929152 0.069253 0.000042
2 3 0.005748 0.002816 0.846227 0.145085 0.000124
3 3 0.000147 0.000329 0.383097 0.616383 0.000043
3 3 0.002442 0.001975 0.487170 0.508176 0.000236
3 3 0.004187 0.000608 0.167890 0.827234 0.000081
3 3 0.011567 0.001334 0.122789 0.863856 0.000454
3 3 0.010109 0.001180 0.046964 0.941036 0.000711
3 3 0.000188 0.000135 0.152501 0.847154 0.000022
2 3 0.017768 0.006265 0.716227 0.259260 0.000479
2 3 0.008720 0.003041 0.847654 0.140408 0.000176
2 2 0.027735 0.209261 0.733102 0.008591 0.021311
2 2 0.000755 0.020998 0.906539 0.068116 0.003593
2 2 0.002304 0.001836 0.808538 0.187221 0.000101
2 2 0.002175 0.002094 0.769097 0.226495 0.000139
2 2 0.000174 0.000608 0.964567 0.034637 0.000015
2 2 0.000354 0.001137 0.929805 0.068648 0.000056
2 2 0.155185 0.030121 0.798989 0.014661 0.001044
2 2 0.000407 0.002130 0.835975 0.161237 0.000252
2 2 0.001527 0.002994 0.874264 0.121026 0.000189
3 2 0.001306 0.001012 0.392934 0.604619 0.000128
2 3 0.001056 0.000728 0.595417 0.402745 0.000053
2 3 0.002745 0.001606 0.554412 0.441071 0.000166
2 3 0.002593 0.003387 0.718024 0.275682 0.000314
2 3 0.000134 0.002463 0.836188 0.160793 0.000422
2 3 0.000948 0.002642 0.858977 0.137254 0.000179
3 3 0.000802 0.000687 0.272451 0.725942 0.000119
3 3 0.002020 0.000581 0.182355 0.814940 0.000104
3 3 0.002107 0.001107 0.150676 0.845841 0.000269
3 3 0.012349 0.001328 0.187951 0.798189 0.000183
3 3 0.003771 0.000648 0.097664 0.897771 0.000145
3 3 0.004297 0.001236 0.144652 0.849521 0.000294
3 3 0.044776 0.008441 0.259603 0.682499 0.004681
3 3 0.050837 0.006924 0.239095 0.701882 0.001262
3 3 0.002598 0.001139 0.269836 0.726239 0.000188
3 3 0.004581 0.002659 0.387013 0.605296 0.000451
3 3 0.004066 0.001324 0.096000 0.898153 0.000455
0 3 0.433308 0.011984 0.143647 0.406269 0.004791
3 3 0.004408 0.001070 0.067651 0.926203 0.000667
3 3 0.000867 0.000061 0.010472 0.988568 0.000032
3 3 0.001427 0.000377 0.068811 0.929182 0.000205
3 3 0.010162 0.002142 0.344063 0.643374 0.000259
2 3 0.021653 0.006916 0.588245 0.382501 0.000685
3 3 0.005918 0.001655 0.485311 0.506980 0.000136
3 3 0.000589 0.000393 0.331878 0.667096 0.000044
3 3 0.012219 0.003953 0.338482 0.644669 0.000676
3 3 0.006015 0.001269 0.268834 0.723720 0.000161
3 3 0.037315 0.002935 0.360925 0.598583 0.000243
3 3 0.003611 0.000169 0.026789 0.969358 0.000074
3 3 0.002455 0.000229 0.040014 0.957239 0.000064
3 3 0.001497 0.000120 0.023825 0.974518 0.000040
3 3 0.007511 0.000917 0.071310 0.919993 0.000269
3 3 0.008349 0.000459 0.055620 0.935476 0.000096
3 3 0.005417 0.000400 0.031676 0.962364 0.000143
3 3 0.001053 0.000904 0.070805 0.926775 0.000463
3 3 0.000398 0.000305 0.042635 0.956496 0.000166
3 3 0.054269 0.001094 0.034891 0.909064 0.000682
3 3 0.037646 0.000855 0.043476 0.917471 0.000551
3 3 0.009179 0.000518 0.047242 0.942738 0.000323
3 3 0.006518 0.000800 0.057569 0.934844 0.000269
3 3 0.002703 0.002208 0.239893 0.754642 0.000554
3 3 0.006262 0.000846 0.109557 0.882961 0.000374
3 3 0.003548 0.003206 0.354991 0.637559 0.000696
3 3 0.020923 0.006886 0.203933 0.766368 0.001891
3 3 0.002333 0.001479 0.093349 0.902000 0.000838
3 3 0.001397 0.000372 0.055555 0.942547 0.000129
3 2 0.002906 0.000405 0.100539 0.896068 0.000082
2 2 0.006638 0.005813 0.706048 0.280890 0.000611
2 2 0.000065 0.000855 0.823164 0.175839 0.000078
2 2 0.001285 0.004621 0.822550 0.170803 0.000740
2 2 0.019107 0.013198 0.689818 0.273519 0.004359
2 2 0.003352 0.010342 0.664299 0.320089 0.001917
2 2 0.004614 0.012342 0.775125 0.206297 0.001622
3 3 0.001446 0.004000 0.489507 0.504263 0.000785
2 3 0.001505 0.002470 0.584500 0.411113 0.000412
2 3 0.021799 0.013749 0.649482 0.313215 0.001755
2 3 0.006435 0.018030 0.783222 0.189697 0.002615
3 3 0.023212 0.012914 0.443988 0.517623 0.002263
2 3 0.001613 0.008323 0.798594 0.187214 0.004256
2 3 0.000396 0.004078 0.666019 0.328245 0.001262
2 2 0.000713 0.013338 0.938222 0.042983 0.004744
2 2 0.000157 0.007321 0.865838 0.124932 0.001753
2 2 0.000676 0.037435 0.952138 0.005389 0.004362
2 2 0.000112 0.008911 0.981861 0.007425 0.001691
2 2 0.000112 0.024422 0.959381 0.001683 0.014402
2 2 0.000242 0.038483 0.922169 0.001809 0.037296
2 2 0.001427 0.072939 0.733444 0.004020 0.188171
2 2 0.000262 0.022349 0.934549 0.004099 0.038741
2 2 0.021891 0.127051 0.705549 0.016855 0.128654
2 2 0.010048 0.151643 0.682069 0.004903 0.151337
2 2 0.001838 0.080814 0.706151 0.003502 0.207695
2 2 0.004828 0.138780 0.619432 0.002526 0.234433
2 2 0.002151 0.108090 0.722340 0.000867 0.166552
2 2 0.000960 0.057594 0.845696 0.007920 0.087831
2 2 0.005497 0.073353 0.900359 0.001604 0.019187
2 2 0.006814 0.196990 0.760076 0.001878 0.034242
2 2 0.001087 0.051226 0.940411 0.003767 0.003509
2 2 0.009572 0.055527 0.930182 0.002941 0.001778
2 2 0.032617 0.436947 0.478315 0.002343 0.049778
2 2 0.012877 0.090194 0.889606 0.003375 0.003948
2 2 0.013648 0.010560 0.958315 0.017217 0.000261
2 2 0.010065 0.017479 0.951664 0.020107 0.000685
2 2 0.008021 0.046087 0.904511 0.036715 0.004666
2 2 0.006293 0.100913 0.874108 0.009413 0.009272
2 2 0.000744 0.007132 0.955088 0.036583 0.000452
2 2 0.000127 0.002247 0.981972 0.015487 0.000166
2 2 0.000482 0.003706 0.982824 0.012538 0.000449
2 2 0.000274 0.003155 0.989091 0.006787 0.000693
2 2 0.000789 0.003016 0.976620 0.019387 0.000188
2 2 0.000097 0.000936 0.983239 0.015703 0.000024
2 2 0.000053 0.000854 0.969694 0.029366 0.000033
2 2 0.000399 0.001976 0.966663 0.030890 0.000073
2 2 0.000279 0.000536 0.768708 0.230449 0.000029
2 2 0.000361 0.002122 0.961111 0.036262 0.000145
2 2 0.000143 0.000427 0.854445 0.144965 0.000020
2 2 0.000047 0.000157 0.801000 0.198789 0.000007
3 3 0.000527 0.000164 0.465985 0.533315 0.000008
2 3 0.000539 0.000541 0.733580 0.265315 0.000025
2 3 0.000704 0.001591 0.776138 0.221307 0.000260
2 3 0.004082 0.005814 0.924083 0.065740 0.000281
2 3 0.000557 0.001182 0.650632 0.347511 0.000118
2 3 0.008519 0.003540 0.668763 0.318927 0.000251
2 3 0.011194 0.009472 0.836938 0.141738 0.000658
2 3 0.083949 0.029837 0.741814 0.142078 0.002322
3 3 0.008672 0.002153 0.345085 0.643794 0.000296
3 3 0.077342 0.003374 0.116042 0.801606 0.001636
2 3 0.022440 0.010167 0.586732 0.378544 0.002116
3 3 0.083495 0.006321 0.307755 0.599211 0.003219
3 3 0.007727 0.001222 0.094852 0.895519 0.000679
3 3 0.012301 0.002975 0.210067 0.774025 0.000632
2 3 0.007326 0.007462 0.669222 0.315106 0.000884
3 3 0.001311 0.000621 0.303458 0.694535 0.000075
3 3 0.000524 0.000696 0.219929 0.778696 0.000156
3 3 0.005806 0.002151 0.180962 0.810562 0.000519
2 3 0.009930 0.007327 0.598777 0.382988 0.000978
3 3 0.000567 0.001734 0.471507 0.525856 0.000336
2 3 0.115534 0.014965 0.440886 0.426782 0.001834
2 3 0.139524 0.021640 0.593088 0.243885 0.001864
3 2 0.276989 0.016843 0.136830 0.564419 0.004919
0 2 0.746323 0.062675 0.116789 0.062677 0.011536
2 2 0.154518 0.235042 0.486100 0.065420 0.058920
2 2 0.001302 0.089077 0.874238 0.017050 0.018333
2 2 0.000340 0.014527 0.802036 0.172447 0.010650
2 2 0.000058 0.000764 0.612093 0.386964 0.000121
2 2 0.000206 0.000959 0.743671 0.255074 0.000090
2 2 0.000210 0.000237 0.653412 0.346130 0.000012
2 2 0.000298 0.000180 0.585764 0.413750 0.000009
2 2 0.000425 0.000581 0.789313 0.209654 0.000027
2 2 0.000681 0.005610 0.858940 0.133995 0.000775
2 2 0.011359 0.020971 0.931522 0.034802 0.001347
2 2 0.000136 0.000619 0.905583 0.093595 0.000067
2 2 0.004998 0.002354 0.738525 0.253901 0.000222
2 2 0.002807 0.001782 0.635403 0.359883 0.000125
2 2 0.000184 0.000750 0.599142 0.399842 0.000082
3 2 0.000420 0.001049 0.368029 0.630297 0.000205
3 2 0.086643 0.005802 0.333104 0.573683 0.000768
2 2 0.012445 0.005421 0.887524 0.094375 0.000235
2 2 0.046141 0.013411 0.799475 0.140230 0.000743
3 2 0.001058 0.000332 0.127860 0.870689 0.000061
3 2 0.003527 0.001097 0.381019 0.614228 0.000128
2 2 0.006583 0.003086 0.663664 0.326433 0.000234
2 3 0.018225 0.004029 0.670477 0.307013 0.000256
3 3 0.016642 0.004079 0.469917 0.508913 0.000449
3 3 0.008786 0.001562 0.227667 0.761764 0.000221
3 3 0.002858 0.000691 0.212177 0.784122 0.000152
3 3 0.003260 0.000100 0.031253 0.965367 0.000019
3 3 0.005239 0.000685 0.064648 0.929234 0.000193
3 3 0.006783 0.003610 0.351944 0.637071 0.000592
3 3 0.010014 0.004928 0.248919 0.729570 0.006570
2 3 0.015461 0.017859 0.648406 0.314917 0.003356
3 3 0.053376 0.008737 0.316342 0.620131 0.001412
3 3 0.062625 0.006418 0.333931 0.595588 0.001438
2 3 0.006581 0.010433 0.719387 0.260663 0.002936
3 3 0.039723 0.010454 0.469308 0.479082 0.001433
3 2 0.013599 0.002097 0.282986 0.701032 0.000287
2 2 0.008628 0.007800 0.732037 0.250779 0.000756
2 2 0.004317 0.003127 0.763248 0.229089 0.000219
2 2 0.013285 0.008929 0.896653 0.080652 0.000481
3 2 0.000834 0.000430 0.224977 0.773702 0.000057
2 2 0.001220 0.000538 0.624129 0.374085 0.000029
3 2 0.000525 0.000192 0.391823 0.607448 0.000013
2 2 0.015265 0.001623 0.773237 0.209828 0.000047
2 2 0.000563 0.001704 0.981526 0.016169 0.000037
3 2 0.003813 0.001724 0.478978 0.515320 0.000165
2 2 0.002057 0.007761 0.961722 0.028122 0.000339
2 2 0.001126 0.008574 0.944846 0.044854 0.000600
2 2 0.000566 0.002399 0.831774 0.165063 0.000198
2 2 0.002240 0.002621 0.669937 0.324842 0.000360
2 2 0.000035 0.001573 0.930672 0.067582 0.000138
2 2 0.000041 0.000957 0.965009 0.033948 0.000044
2 2 0.000216 0.002255 0.978059 0.019389 0.000081
2 2 0.000268 0.001499 0.853624 0.144497 0.000111
2 2 0.000078 0.001235 0.907006 0.091586 0.000095
2 2 0.001039 0.005822 0.968204 0.024627 0.000308
2 2 0.000141 0.001327 0.863564 0.134850 0.000118
2 2 0.000197 0.001296 0.888274 0.110153 0.000080
2 2 0.000040 0.000385 0.923578 0.075982 0.000016
2 2 0.004135 0.003648 0.902539 0.089535 0.000144
3 2 0.004193 0.002325 0.421300 0.571905 0.000277
2 2 0.003482 0.005100 0.646177 0.344578 0.000664
2 2 0.000981 0.001753 0.722845 0.274219 0.000201
2 2 0.000326 0.000829 0.508279 0.490437 0.000129
2 2 0.000148 0.000656 0.804701 0.194450 0.000045
2 2 0.002665 0.002894 0.788270 0.205935 0.000236
3 2 0.000977 0.000333 0.349372 0.649292 0.000027
2 2 0.008152 0.004611 0.641804 0.345011 0.000422
2 2 0.005574 0.003380 0.687657 0.303131 0.000257
3 2 0.008412 0.001375 0.229274 0.760745 0.000194
3 2 0.000846 0.001542 0.312542 0.684558 0.000513
3 2 0.030286 0.010981 0.453319 0.502941 0.002473
2 2 0.126347 0.008404 0.432553 0.431923 0.000773
3 2 0.039580 0.006723 0.457601 0.495385 0.000710
2 2 0.015393 0.005054 0.712222 0.266993 0.000337
3 2 0.015050 0.004945 0.444800 0.534550 0.000655
3 2 0.002178 0.001492 0.477339 0.518834 0.000157
2 2 0.028359 0.007707 0.680131 0.283170 0.000633
2 2 0.188211 0.032498 0.580644 0.195151 0.003497
2 2 0.053120 0.047853 0.815730 0.079188 0.004109
2 2 0.000607 0.002322 0.831818 0.165034 0.000219
2 2 0.000155 0.001200 0.959667 0.038924 0.000053
2 2 0.000123 0.000648 0.891841 0.107356 0.000032
2 2 0.000853 0.004957 0.970109 0.023859 0.000222
2 2 0.032625 0.039986 0.828314 0.094965 0.004110
2 2 0.003070 0.015976 0.945558 0.034387 0.001009
2 2 0.000037 0.001613 0.991635 0.006666 0.000048
2 2 0.000012 0.000492 0.984487 0.014994 0.000015
2 2 0.000017 0.000349 0.978317 0.021307 0.000010
2 2 0.016417 0.009107 0.882663 0.091423 0.000390
2 2 0.013570 0.007229 0.777222 0.200321 0.001657
2 2 0.001635 0.006305 0.959332 0.032413 0.000316
2 2 0.010753 0.021570 0.909935 0.054973 0.002770
2 2 0.001316 0.004412 0.881712 0.112186 0.000374
2 2 0.002477 0.001231 0.605273 0.390933 0.000086
2 2 0.001189 0.006293 0.895964 0.095595 0.000959
2 2 0.001347 0.009965 0.882063 0.105225 0.001399
2 2 0.014859 0.013873 0.785636 0.182630 0.003002
3 2 0.006426 0.001716 0.411308 0.580381 0.000170
2 2 0.048748 0.017093 0.671610 0.260284 0.002265
3 2 0.020107 0.011081 0.414551 0.543568 0.010694
3 3 0.056936 0.013920 0.406879 0.515063 0.007201
3 3 0.004524 0.002271 0.220034 0.771837 0.001334
3 3 0.007256 0.001530 0.209667 0.781234 0.000313
2 3 0.018218 0.012558 0.583344 0.383639 0.002241
3 3 0.006226 0.005119 0.455954 0.531637 0.001064
2 3 0.045572 0.030725 0.749963 0.170281 0.003459
2 3 0.006040 0.004297 0.505744 0.482791 0.001129
3 3 0.004089 0.001039 0.123340 0.871293 0.000239
2 3 0.057419 0.012797 0.537724 0.390345 0.001715
2 3 0.005174 0.006065 0.620351 0.367641 0.000770
2 3 0.005289 0.009306 0.665486 0.318492 0.001428
3 3 0.001857 0.003417 0.463894 0.530196 0.000635
3 3 0.002305 0.001057 0.277083 0.719412 0.000143
3 3 0.001003 0.000847 0.300296 0.697719 0.000135
2 3 0.001054 0.002741 0.595946 0.399859 0.000400
3 3 0.061017 0.006885 0.216565 0.713911 0.001621
3 3 0.169684 0.005550 0.188327 0.634948 0.001491
2 3 0.018576 0.009640 0.546696 0.421524 0.003564
2 3 0.016911 0.056716 0.869454 0.033874 0.023045
2 4 0.004669 0.047724 0.614871 0.054753 0.277983
2 4 0.001920 0.032761 0.818150 0.050429 0.096740
4 4 0.054227 0.114226 0.264886 0.000771 0.565889
2 4 0.028187 0.260837 0.402965 0.002145 0.305867
2 4 0.063863 0.240485 0.622083 0.002470 0.071099
2 4 0.012399 0.254851 0.657719 0.003695 0.071336
2 4 0.031020 0.335872 0.579162 0.000374 0.053573
2 4 0.005544 0.203888 0.683602 0.002847 0.104119
2 4 0.019062 0.255146 0.532207 0.001057 0.192529
4 4 0.003691 0.112672 0.424943 0.001008 0.457686
4 4 0.017703 0.134185 0.331914 0.009709 0.506489
4 4 0.014544 0.100032 0.140521 0.001989 0.742915
4 4 0.011387 0.124777 0.241443 0.003090 0.619304
4 4 0.015048 0.098139 0.090504 0.000436 0.795872
4 4 0.040414 0.038826 0.017274 0.000096 0.903391
4 4 0.334191 0.080986 0.028982 0.000500 0.555341
4 4 0.079619 0.332597 0.222695 0.005111 0.359979
4 4 0.018715 0.183591 0.252246 0.002753 0.542694
2 4 0.003771 0.137857 0.538783 0.002335 0.317254
4 4 0.042449 0.266931 0.152435 0.000316 0.537869
0 4 0.389975 0.186083 0.076165 0.003558 0.344219
4 4 0.191741 0.335790 0.104924 0.006021 0.361525
2 4 0.005501 0.143014 0.642325 0.005612 0.203547
2 4 0.005377 0.126875 0.605281 0.007156 0.255311
4 4 0.023758 0.163986 0.240694 0.004041 0.567520
4 4 0.044135 0.195151 0.100729 0.000354 0.659631
4 4 0.061150 0.120731 0.036515 0.000166 0.781439
4 4 0.092461 0.112971 0.095313 0.005982 0.693272
2 4 0.009117 0.165709 0.459545 0.001659 0.363970
2 4 0.008907 0.128765 0.630981 0.001801 0.229546
4 4 0.009648 0.112671 0.265709 0.002805 0.609166
4 4 0.006579 0.117554 0.354621 0.003263 0.517984
4 4 0.025474 0.164651 0.316825 0.007630 0.485421
2 4 0.015473 0.126985 0.660734 0.026437 0.170371
2 4 0.002464 0.032889 0.803186 0.044965 0.116497
2 4 0.001264 0.063890 0.762233 0.004908 0.167705
4 4 0.009529 0.072934 0.177254 0.001552 0.738730
4 4 0.021487 0.086879 0.045179 0.000229 0.846225
4 4 0.111589 0.155252 0.040836 0.001108 0.691214
4 4 0.026367 0.251556 0.303173 0.002107 0.416798
2 4 0.008471 0.085884 0.787795 0.015412 0.102438
2 4 0.000226 0.030432 0.930302 0.007058 0.031982
2 4 0.001192 0.068084 0.829097 0.011868 0.089759
4 4 0.061201 0.282375 0.161070 0.000433 0.494921
4 4 0.052449 0.317054 0.176722 0.000346 0.453429
4 4 0.078253 0.224486 0.123035 0.000364 0.573862
4 4 0.089628 0.210425 0.271521 0.008517 0.419909
4 4 0.076694 0.106058 0.050172 0.003125 0.763951
4 4 0.027678 0.199013 0.283228 0.017858 0.472223
4 4 0.021864 0.157186 0.112435 0.000331 0.708184
2 4 0.004133 0.097556 0.683255 0.012011 0.203045
2 4 0.010584 0.188162 0.459305 0.001442 0.340508
4 4 0.031044 0.208768 0.174159 0.001107 0.584923
4 4 0.008596 0.124825 0.312957 0.003576 0.550046
2 4 0.001279 0.065271 0.788846 0.017368 0.127237
2 4 0.008885 0.131667 0.491327 0.022801 0.345320
2 4 0.002216 0.084519 0.706248 0.006622 0.200394
2 4 0.005092 0.101699 0.461108 0.007180 0.424920
2 4 0.004671 0.119474 0.617801 0.017419 0.240634
4 4 0.007820 0.126420 0.247793 0.000446 0.617521
4 4 0.018624 0.130622 0.192996 0.003133 0.654625
4 4 0.022238 0.190656 0.189375 0.002566 0.595164
2 4 0.002385 0.094865 0.749681 0.022024 0.131044
2 4 0.002920 0.114823 0.731677 0.007394 0.143186
2 4 0.001337 0.065463 0.888345 0.003261 0.041594
2 4 0.000311 0.041462 0.868386 0.003636 0.086205
4 4 0.006989 0.111780 0.347827 0.004130 0.529275
2 4 0.004953 0.140363 0.531249 0.003163 0.320272
4 4 0.020488 0.169398 0.221732 0.002400 0.585982
2 4 0.005529 0.132680 0.560725 0.001019 0.300046
2 4 0.000913 0.059901 0.898513 0.001966 0.038706
2 2 0.000349 0.046714 0.910461 0.003068 0.039408
2 2 0.000033 0.014879 0.972122 0.001943 0.011023
2 2 0.000072 0.020699 0.935297 0.001539 0.042394
2 2 0.000096 0.012137 0.942430 0.027970 0.017367
2 2 0.018326 0.120633 0.737986 0.000887 0.122167
2 2 0.026430 0.369895 0.495195 0.001760 0.106720
2 2 0.006963 0.202230 0.741450 0.000956 0.048401
2 2 0.001394 0.012911 0.972166 0.008831 0.004698
2 2 0.004300 0.012446 0.976155 0.004018 0.003082
2 2 0.001300 0.003902 0.980295 0.012803 0.001699
2 2 0.000124 0.004357 0.993637 0.000976 0.000906
2 2 0.000466 0.002907 0.991734 0.004726 0.000166
2 2 0.000024 0.000916 0.992914 0.006010 0.000137
2 2 0.000046 0.000250 0.927942 0.071647 0.000115
2 2 0.000007 0.000201 0.985891 0.013876 0.000025
2 2 0.000012 0.000219 0.984244 0.015511 0.000014
2 2 0.000078 0.001351 0.984770 0.013752 0.000049
2 2 0.000365 0.001509 0.979507 0.018413 0.000206
2 2 0.001252 0.007519 0.950485 0.039399 0.001344
2 2 0.000069 0.000835 0.959687 0.039235 0.000174
2 2 0.000148 0.002667 0.980527 0.016473 0.000185
2 2 0.000097 0.001394 0.989692 0.008736 0.000081
2 2 0.000404 0.001074 0.963317 0.035175 0.000030
2 2 0.000012 0.000181 0.982206 0.017598 0.000004
2 2 0.000077 0.000530 0.923354 0.076018 0.000022
2 2 0.000051 0.000667 0.919670 0.079547 0.000064
2 2 0.000116 0.000811 0.871074 0.127882 0.000118
2 2 0.000110 0.000640 0.884524 0.114693 0.000034
2 2 0.001843 0.000600 0.557511 0.440013 0.000034
2 2 0.000579 0.002190 0.993836 0.003226 0.000170
2 2 0.000081 0.001860 0.993560 0.004321 0.000178
2 2 0.000173 0.002215 0.993047 0.004440 0.000124
2 2 0.002945 0.004747 0.953546 0.038558 0.000204
2 2 0.000135 0.000335 0.886612 0.112907 0.000010
2 2 0.000022 0.000102 0.924561 0.075313 0.000002
2 2 0.001312 0.001166 0.898670 0.098772 0.000081
2 2 0.000199 0.001538 0.950375 0.047727 0.000161
2 2 0.000012 0.000750 0.891490 0.107590 0.000158
2 2 0.000036 0.000817 0.786596 0.212448 0.000103
2 2 0.001580 0.004421 0.950165 0.043479 0.000354
2 2 0.145088 0.024415 0.739793 0.089451 0.001253
2 2 0.237873 0.119618 0.589231 0.041917 0.011361
2 2 0.054811 0.171325 0.743299 0.014678 0.015887
2 2 0.003976 0.126821 0.857101 0.002453 0.009649
2 2 0.000199 0.009019 0.989116 0.001426 0.000239
2 2 0.000121 0.007379 0.991630 0.000336 0.000534
2 2 0.001844 0.014615 0.970223 0.008361 0.004957
2 2 0.012186 0.010398 0.946416 0.029978 0.001022
2 2 0.000567 0.006584 0.988608 0.003119 0.001122
2 2 0.000016 0.000330 0.959934 0.039683 0.000037
2 2 0.000008 0.000551 0.997493 0.001939 0.000009
2 2 0.000010 0.001084 0.997255 0.001627 0.000024
2 2 0.000074 0.001348 0.989601 0.008940 0.000036
2 2 0.011228 0.014178 0.927198 0.046242 0.001153
3 2 0.004427 0.001027 0.417865 0.576535 0.000147
2 2 0.001389 0.001593 0.842627 0.154239 0.000151
2 2 0.000723 0.001721 0.947340 0.050076 0.000139
2 2 0.002725 0.002248 0.932258 0.062627 0.000143
2 2 0.000322 0.002220 0.872208 0.125081 0.000168
2 2 0.001884 0.003408 0.919448 0.075117 0.000143
2 2 0.001692 0.005635 0.937480 0.054884 0.000308
2 2 0.001693 0.001570 0.613828 0.382777 0.000132
2 2 0.000293 0.000699 0.779247 0.219721 0.000040
2 2 0.000255 0.001843 0.904913 0.092858 0.000131
2 2 0.000688 0.004289 0.911256 0.083140 0.000627
2 2 0.000301 0.004430 0.920548 0.074318 0.000403
2 2 0.000802 0.000948 0.501695 0.496429 0.000126
2 2 0.000389 0.001582 0.754813 0.243063 0.000153
2 2 0.024093 0.008913 0.762068 0.203761 0.001165
2 2 0.014677 0.005091 0.522246 0.457473 0.000514
2 2 0.002202 0.001345 0.666774 0.329595 0.000084
2 2 0.000458 0.000840 0.768491 0.230159 0.000052
2 2 0.000037 0.000332 0.945875 0.053744 0.000012
2 2 0.000360 0.000477 0.836775 0.162370 0.000018
2 2 0.016796 0.005068 0.908089 0.069745 0.000302
2 2 0.001396 0.003227 0.836040 0.159101 0.000236
2 2 0.007958 0.007047 0.882950 0.101653 0.000392
2 2 0.000727 0.002823 0.963845 0.032511 0.000094
3 2 0.000814 0.000458 0.267267 0.731409 0.000053
2 2 0.000049 0.000199 0.711188 0.288552 0.000012
2 2 0.000235 0.001067 0.821805 0.176818 0.000075
2 2 0.000409 0.003377 0.922382 0.073573 0.000259
2 2 0.000786 0.007326 0.956801 0.034589 0.000499
2 2 0.003942 0.006640 0.886112 0.102844 0.000463
2 2 0.003387 0.002610 0.681044 0.312730 0.000229
3 2 0.013691 0.005569 0.380226 0.599604 0.000909
2 2 0.059707 0.027627 0.557184 0.349288 0.006193
2 3 0.419493 0.096169 0.434905 0.027685 0.021748
2 3 0.026112 0.033754 0.816764 0.119836 0.003533
3 3 0.001739 0.001804 0.347208 0.648955 0.000294
3 3 0.051765 0.007305 0.378256 0.561735 0.000939
3 3 0.012507 0.002179 0.438195 0.546922 0.000198
2 3 0.008114 0.006458 0.707896 0.276857 0.000675
3 3 0.001123 0.001087 0.414290 0.583356 0.000144
2 3 0.000332 0.000856 0.534595 0.464107 0.000111
3 3 0.026743 0.004516 0.293127 0.674923 0.000690
3 3 0.029698 0.013985 0.406270 0.546859 0.003188
2 3 0.014396 0.010959 0.636628 0.336612 0.001404
2 3 0.157373 0.046582 0.585702 0.201866 0.008477
3 3 0.004821 0.002008 0.076430 0.915900 0.000842
3 3 0.032911 0.007503 0.172547 0.784428 0.002610
3 3 0.023538 0.002414 0.074411 0.898327 0.001310
3 3 0.091583 0.009516 0.235561 0.660953 0.002388
3 3 0.010033 0.002892 0.101126 0.884864 0.001086
3 3 0.004144 0.001035 0.054811 0.939560 0.000451
3 3 0.012527 0.008698 0.374179 0.602616 0.001980
2 3 0.005284 0.006785 0.621171 0.365823 0.000937
3 3 0.004460 0.003182 0.302989 0.688730 0.000640
3 3 0.161593 0.011506 0.274418 0.549485 0.002998
3 3 0.000017 0.000030 0.028356 0.971583 0.000014
3 3 0.003053 0.002439 0.149331 0.844291 0.000886
2 3 0.038171 0.023942 0.633782 0.300023 0.004081
2 3 0.002056 0.004915 0.748075 0.244421 0.000533
3 3 0.001410 0.001680 0.305088 0.691487 0.000334
2 3 0.008663 0.007924 0.613526 0.368860 0.001028
3 3 0.004792 0.005621 0.474255 0.514138 0.001194
2 3 0.009419 0.013629 0.599719 0.374507 0.002726
3 3 0.023699 0.005235 0.161704 0.805495 0.003867
3 3 0.013741 0.002558 0.168105 0.814924 0.000672
3 3 0.000081 0.000014 0.007965 0.991934 0.000006
3 3 0.002314 0.000942 0.183016 0.813541 0.000188
3 3 0.001162 0.003226 0.269373 0.725068 0.001170
3 3 0.002176 0.004653 0.272130 0.719303 0.001737
2 3 0.009997 0.014427 0.533769 0.437926 0.003882
3 3 0.020502 0.014051 0.478951 0.483806 0.002690
2 3 0.018277 0.009113 0.512740 0.458607 0.001263
2 3 0.012650 0.016254 0.679934 0.288714 0.002447
2 3 0.017205 0.013481 0.484172 0.482529 0.002614
3 3 0.206664 0.030368 0.364160 0.393668 0.005140
3 3 0.059710 0.009024 0.184414 0.744584 0.002267
2 3 0.098800 0.037360 0.510823 0.325739 0.027278
2 3 0.295405 0.162489 0.423311 0.067197 0.051598
3 3 0.255022 0.051128 0.242283 0.413672 0.037894
3 3 0.021742 0.003179 0.147708 0.825913 0.001458
3 3 0.016181 0.005668 0.332167 0.644946 0.001037
2 3 0.003395 0.004173 0.841397 0.150759 0.000277
2 3 0.007225 0.008942 0.851306 0.131806 0.000721
3 3 0.055045 0.011835 0.354407 0.575458 0.003254
3 3 0.101210 0.009523 0.355476 0.531676 0.002115
2 3 0.008436 0.019564 0.810278 0.156610 0.005112
2 3 0.009196 0.027344 0.894981 0.065457 0.003021
2 3 0.002375 0.008892 0.788003 0.199479 0.001252
2 3 0.032838 0.013733 0.645915 0.301960 0.005554
2 3 0.016863 0.012739 0.496698 0.469517 0.004184
3 3 0.019834 0.004503 0.346323 0.628704 0.000636
3 3 0.008889 0.002844 0.254998 0.732752 0.000518
3 3 0.148458 0.006544 0.172149 0.671797 0.001052
3 3 0.010512 0.006610 0.319398 0.661872 0.001607
2 3 0.010521 0.010742 0.689355 0.287980 0.001403
2 3 0.032469 0.027256 0.542413 0.389520 0.008342
3 3 0.009354 0.007785 0.415324 0.565915 0.001622
2 3 0.050461 0.030340 0.675741 0.237130 0.006328
2 3 0.003311 0.005113 0.697865 0.293142 0.000569
3 3 0.002512 0.001855 0.484878 0.510539 0.000216
3 2 0.000712 0.000597 0.181541 0.817022 0.000130
2 2 0.083090 0.029092 0.677695 0.206574 0.003550
2 2 0.024394 0.011219 0.535645 0.424648 0.004094
2 2 0.008921 0.022313 0.707796 0.256598 0.004373
2 2 0.035481 0.041267 0.861159 0.056679 0.005415
2 2 0.008136 0.014982 0.573882 0.392427 0.010573
3 2 0.017079 0.010005 0.288815 0.677945 0.006157
2 2 0.010797 0.027287 0.778286 0.177567 0.006063
3 2 0.027647 0.012783 0.460436 0.491056 0.008077
2 2 0.036841 0.016925 0.481742 0.456933 0.007559
2 2 0.206763 0.024500 0.505770 0.257662 0.005305
2 2 0.183045 0.044111 0.683837 0.082206 0.006801
0 2 0.767857 0.035811 0.148781 0.043447 0.004104
2 2 0.122533 0.115187 0.722442 0.030809 0.009029
2 2 0.002729 0.015441 0.802631 0.176308 0.002891
2 2 0.000352 0.000768 0.660195 0.338584 0.000101
2 2 0.000076 0.001049 0.921265 0.077548 0.000062
2 2 0.000016 0.000280 0.930259 0.069434 0.000012
2 2 0.000256 0.002000 0.956666 0.040978 0.000100
2 2 0.000044 0.000895 0.924862 0.074140 0.000059
2 2 0.000148 0.001000 0.943604 0.055206 0.000042
2 2 0.000125 0.001386 0.884782 0.113593 0.000114
2 2 0.000026 0.001499 0.984323 0.014045 0.000108
2 2 0.000010 0.000799 0.973362 0.025779 0.000050
2 2 0.000421 0.003750 0.958343 0.036598 0.000889
2 2 0.000088 0.002720 0.975637 0.021358 0.000197
2 2 0.000067 0.002548 0.983566 0.013685 0.000135
2 2 0.000059 0.002551 0.990070 0.007161 0.000158
2 2 0.000090 0.024251 0.962230 0.004286 0.009144
2 2 0.000235 0.031006 0.914684 0.007500 0.046576
2 4 0.001969 0.030169 0.847339 0.026408 0.094115
2 4 0.005658 0.053638 0.739453 0.084532 0.116719
2 4 0.060640 0.256499 0.462087 0.000619 0.220156
1 4 0.050904 0.522617 0.270846 0.000056 0.155577
2 4 0.001508 0.066099 0.921798 0.003160 0.007435
2 4 0.010306 0.064565 0.703064 0.041015 0.181050
4 4 0.091301 0.076128 0.151447 0.030420 0.650704
4 4 0.029258 0.116936 0.157578 0.001731 0.694496
4 4 0.103117 0.141120 0.045519 0.000284 0.709960
4 4 0.139016 0.153574 0.027245 0.000172 0.679993
4 4 0.117416 0.143292 0.030639 0.000383 0.708270
4 4 0.049851 0.107768 0.033995 0.000204 0.808181
4 4 0.009042 0.063563 0.037442 0.000016 0.889937
4 4 0.041351 0.034381 0.004965 0.000013 0.919290
4 4 0.075307 0.094778 0.017587 0.000050 0.812279
4 4 0.129610 0.184586 0.104433 0.001744 0.579627
4 4 0.074112 0.139656 0.051646 0.000426 0.734159
2 4 0.009568 0.200966 0.430064 0.000647 0.358755
4 4 0.038578 0.158064 0.212315 0.004453 0.586590
2 4 0.015810 0.234279 0.490625 0.004243 0.255044
2 4 0.017656 0.189525 0.413430 0.007043 0.372346
2 4 0.003784 0.163767 0.770991 0.001715 0.059744
2 4 0.003318 0.088833 0.756151 0.006257 0.145442
2 4 0.006683 0.043549 0.663092 0.036598 0.250077
4 4 0.007239 0.084413 0.193261 0.000532 0.714554
2 4 0.000481 0.047082 0.909634 0.003484 0.039319
2 4 0.000327 0.035471 0.854773 0.001580 0.107849
4 4 0.037265 0.194772 0.128413 0.000071 0.639479
4 4 0.295815 0.235869 0.092757 0.000141 0.375418
0 4 0.515668 0.300050 0.045187 0.000006 0.139089
1 1 0.231458 0.371345 0.113093 0.000048 0.284055
1 1 0.074480 0.515035 0.284396 0.000947 0.125142
2 1 0.000631 0.054001 0.895487 0.006581 0.043300
2 2 0.000078 0.018195 0.963780 0.005618 0.012328
2 2 0.000576 0.011169 0.957066 0.023231 0.007958
2 2 0.000036 0.004466 0.961519 0.030100 0.003880
2 2 0.000499 0.048793 0.899822 0.004154 0.046732
2 2 0.000190 0.033317 0.915117 0.003879 0.047497
2 2 0.000413 0.044471 0.833245 0.003405 0.118466
2 2 0.001197 0.069392 0.766965 0.006816 0.155630
2 2 0.000483 0.021778 0.960161 0.001924 0.015656
2 2 0.000221 0.019292 0.955032 0.004139 0.021316
2 2 0.002552 0.042947 0.921259 0.003894 0.029348
2 2 0.000490 0.047160 0.929431 0.001531 0.021388
2 2 0.000051 0.012138 0.974042 0.009604 0.004164
2 2 0.000202 0.020120 0.915040 0.024619 0.040018
2 2 0.000449 0.018796 0.932428 0.019891 0.028435
2 2 0.005528 0.072594 0.846566 0.010798 0.064514
2 2 0.015246 0.101083 0.792812 0.001890 0.088969
2 2 0.015962 0.141659 0.616995 0.002378 0.223006
2 2 0.000660 0.049981 0.897035 0.017857 0.034468
2 2 0.000025 0.008825 0.974579 0.006608 0.009962
2 2 0.000518 0.024349 0.954593 0.006401 0.014140
2 2 0.002470 0.020055 0.795628 0.158636 0.023212
2 4 0.001702 0.076475 0.760129 0.007482 0.154212
2 4 0.002143 0.054337 0.739234 0.012840 0.191446
2 4 0.000210 0.022767 0.906924 0.015516 0.054584
2 4 0.000013 0.005218 0.974947 0.004701 0.015120
2 4 0.001257 0.072446 0.719892 0.002278 0.204127
2 4 0.004123 0.120031 0.695603 0.009002 0.171241
4 4 0.012796 0.119203 0.263777 0.006598 0.597626
2 4 0.007933 0.152245 0.488102 0.010637 0.341083
2 2 0.002368 0.101588 0.809703 0.024221 0.062120
2 2 0.004130 0.141183 0.661561 0.006640 0.186486
2 2 0.001252 0.067051 0.773137 0.009096 0.149464
2 2 0.000155 0.008689 0.979719 0.003086 0.008352
2 2 0.000047 0.007343 0.979882 0.005276 0.007451
2 2 0.000426 0.040380 0.850345 0.006903 0.101946
2 2 0.002455 0.094562 0.641392 0.006607 0.254984
2 2 0.002346 0.098092 0.696095 0.009630 0.193838
2 2 0.006316 0.135006 0.506707 0.003752 0.348219
2 2 0.000658 0.050335 0.846782 0.008561 0.093663
2 2 0.000148 0.022496 0.926110 0.012354 0.038892
2 2 0.000116 0.023775 0.941237 0.002939 0.031934
2 2 0.000112 0.014651 0.973605 0.002422 0.009210
2 2 0.000929 0.010765 0.962810 0.018005 0.007492
2 2 0.000000 0.000085 0.997100 0.002784 0.000030
2 2 0.000006 0.000156 0.998273 0.001525 0.000040
2 2 0.000044 0.001063 0.997552 0.001258 0.000083
2 2 0.000158 0.003555 0.993044 0.002994 0.000248
2 2 0.000058 0.009275 0.986414 0.001009 0.003245
2 2 0.000007 0.001381 0.997523 0.000893 0.000195
2 2 0.000083 0.002413 0.996333 0.000581 0.000590
2 2 0.000430 0.003179 0.993674 0.001795 0.000922
2 2 0.000737 0.008580 0.982684 0.001914 0.006085
2 2 0.000202 0.003201 0.935734 0.059930 0.000933
2 2 0.000027 0.001578 0.983141 0.014242 0.001012
2 2 0.000004 0.000231 0.986596 0.013144 0.000026
2 2 0.000060 0.000854 0.994513 0.004330 0.000244
2 2 0.000013 0.001775 0.990595 0.006868 0.000749
2 2 0.000002 0.000840 0.993849 0.004977 0.000333
2 2 0.000016 0.001056 0.997129 0.001714 0.000086
2 2 0.000014 0.000705 0.988674 0.010478 0.000128
2 2 0.000035 0.000543 0.994417 0.004969 0.000037
2 2 0.000174 0.004931 0.990199 0.002117 0.002580
2 2 0.000010 0.001739 0.994749 0.002481 0.001022
2 2 0.000617 0.006462 0.990550 0.000892 0.001478
2 2 0.000670 0.002832 0.982244 0.013590 0.000663
2 2 0.000028 0.000496 0.986367 0.013076 0.000033
2 2 0.000009 0.000341 0.934562 0.065069 0.000019
2 2 0.000090 0.001279 0.994195 0.004410 0.000026
2 2 0.000218 0.004390 0.989827 0.004764 0.000801
2 2 0.000219 0.004586 0.989468 0.003339 0.002388
2 2 0.000301 0.004275 0.993174 0.000373 0.001876
2 2 0.010281 0.008258 0.975773 0.003712 0.001975
2 2 0.000009 0.000461 0.997354 0.002135 0.000041
2 2 0.000033 0.001052 0.987074 0.011631 0.000210
2 2 0.000042 0.001739 0.993663 0.004268 0.000289
2 2 0.000794 0.005134 0.946231 0.045536 0.002304
2 2 0.000098 0.003289 0.993801 0.002452 0.000358
2 2 0.001163 0.013471 0.978912 0.003864 0.002590
2 2 0.000236 0.003391 0.991107 0.004981 0.000285
2 2 0.000080 0.000881 0.983330 0.015641 0.000068
2 2 0.000050 0.002125 0.995847 0.001678 0.000299
2 2 0.000766 0.004724 0.985945 0.007722 0.000843
2 2 0.000386 0.001470 0.983062 0.014986 0.000095
2 2 0.000020 0.000393 0.989962 0.009618 0.000007
2 2 0.000048 0.001486 0.994473 0.003962 0.000031
2 2 0.000419 0.005306 0.986277 0.007640 0.000358
2 2 0.000038 0.000441 0.964624 0.034875 0.000022
2 2 0.000114 0.000575 0.929740 0.069531 0.000040
2 2 0.000005 0.000137 0.957190 0.042663 0.000005
2 2 0.000185 0.001306 0.984551 0.013928 0.000031
2 2 0.000007 0.000302 0.963617 0.036057 0.000017
2 2 0.004688 0.004892 0.960377 0.029639 0.000404
0 1 0.552193 0.299410 0.128182 0.001202 0.019014
0 1 0.484740 0.358734 0.126195 0.000608 0.029722
1 2 0.332386 0.422623 0.174195 0.000612 0.070184
0 2 0.413019 0.228452 0.286338 0.003209 0.068981
0 0 0.380938 0.246341 0.315778 0.001066 0.055878
0 0 0.879705 0.079206 0.033680 0.000452 0.006957
0 0 0.894510 0.068631 0.015717 0.000025 0.021116
0 0 0.930567 0.052072 0.009115 0.000005 0.008242
0 0 0.713120 0.218373 0.048821 0.000010 0.019675
1 0 0.332562 0.488805 0.093666 0.000022 0.084945
0 0 0.705813 0.178996 0.040012 0.000030 0.075148
0 0 0.660511 0.264832 0.047089 0.000045 0.027523
0 0 0.931079 0.049398 0.009797 0.000003 0.009722
0 0 0.836707 0.125704 0.017363 0.000002 0.020224
0 0 0.851805 0.115547 0.014438 0.000001 0.018209
1 1 0.381756 0.480542 0.074437 0.000003 0.063263
1 1 0.148121 0.590618 0.118939 0.000007 0.142314
1 1 0.049380 0.549115 0.302542 0.000082 0.098881
1 2 0.051163 0.549244 0.321928 0.000190 0.077475
1 2 0.065634 0.601583 0.283695 0.000122 0.048966
0 2 0.549609 0.228234 0.156692 0.000623 0.064841
0 2 0.452239 0.265394 0.190449 0.000918 0.091001
0 2 0.938809 0.033015 0.022665 0.000654 0.004857
0 1 0.975514 0.013707 0.006337 0.000008 0.004433
1 1 0.386655 0.456514 0.103713 0.000013 0.053105
1 1 0.060251 0.444954 0.222752 0.000150 0.271894
1 1 0.062384 0.390897 0.242904 0.001628 0.302187
2 1 0.000824 0.074925 0.891988 0.004100 0.028163
2 2 0.001501 0.027986 0.958550 0.003160 0.008803
2 2 0.000813 0.022061 0.962844 0.010506 0.003775
2 2 0.000101 0.002622 0.983140 0.013400 0.000737
2 2 0.000022 0.001276 0.989514 0.009063 0.000125
2 2 0.000007 0.001294 0.996669 0.001908 0.000122
2 2 0.000270 0.008937 0.982655 0.006129 0.002009
2 2 0.000031 0.002777 0.993858 0.002971 0.000363
2 2 0.000136 0.002515 0.994431 0.002689 0.000229
2 2 0.000089 0.002104 0.992355 0.005356 0.000096
2 2 0.000904 0.018633 0.974035 0.002843 0.003584
2 2 0.001462 0.015691 0.975676 0.003822 0.003349
2 2 0.004745 0.022361 0.953667 0.005248 0.013979
2 2 0.000323 0.032196 0.900597 0.025483 0.041400
2 2 0.000916 0.056034 0.791807 0.010005 0.141238
2 2 0.004077 0.123298 0.623361 0.011410 0.237853
2 2 0.001685 0.102692 0.746702 0.002862 0.146059
2 2 0.000202 0.034681 0.952121 0.001784 0.011212
2 2 0.000124 0.015825 0.970626 0.005050 0.008375
2 2 0.000418 0.019616 0.927309 0.031393 0.021264
2 2 0.001021 0.052649 0.887539 0.005274 0.053517
2 2 0.013072 0.097000 0.703835 0.010085 0.176008
4 2 0.066833 0.229156 0.205636 0.000636 0.497739
