0 0 0.717375 0.063368 0.030128 0.004607 0.184523
0 0 0.611342 0.041170 0.015800 0.001304 0.330384
0 0 0.740599 0.103629 0.070843 0.030830 0.054098
0 0 0.740599 0.103629 0.070843 0.030830 0.054098
0 0 0.740599 0.103629 0.070843 0.030830 0.054098
0 0 0.740599 0.103629 0.070843 0.030830 0.054098
0 0 0.740599 0.103629 0.070843 0.030830 0.054098
0 0 0.754238 0.089325 0.053531 0.015943 0.086963
0 0 0.628806 0.169914 0.102750 0.028418 0.070112
0 0 0.673903 0.142321 0.090109 0.029533 0.064133
0 0 0.740599 0.103629 0.070843 0.030830 0.054098
0 0 0.740599 0.103629 0.070843 0.030830 0.054098
0 0 0.740599 0.103629 0.070843 0.030830 0.054098
0 0 0.740599 0.103629 0.070843 0.030830 0.054098
0 0 0.740599 0.103629 0.070843 0.030830 0.054098
0 0 0.740599 0.103629 0.070843 0.030830 0.054098
0 0 0.740599 0.103629 0.070843 0.030830 0.054098
0 0 0.740599 0.103629 0.070843 0.030830 0.054098
0 0 0.740599 0.103629 0.070843 0.030830 0.054098
0 0 0.740599 0.103629 0.070843 0.030830 0.054098
0 0 0.740599 0.103629 0.070843 0.030830 0.054098
0 0 0.740599 0.103629 0.070843 0.030830 0.054098
0 0 0.740599 0.103629 0.070843 0.030830 0.054098
0 0 0.645143 0.117240 0.152019 0.028866 0.056731
1 0 0.291607 0.403247 0.195865 0.016239 0.093042
1 0 0.157422 0.539703 0.203277 0.009771 0.089827
0 0 0.740599 0.103629 0.070843 0.030830 0.054098
0 0 0.740599 0.103629 0.070843 0.030830 0.054098
0 0 0.740599 0.103629 0.070843 0.030830 0.054098
0 0 0.740599 0.103629 0.070843 0.030830 0.054098
0 0 0.740599 0.103629 0.070843 0.030830 0.054098
0 0 0.740599 0.103629 0.070843 0.030830 0.054098
0 0 0.740599 0.103629 0.070843 0.030830 0.054098
0 0 0.740599 0.103629 0.070843 0.030830 0.054098
0 0 0.740599 0.103629 0.070843 0.030830 0.054098
0 0 0.740599 0.103629 0.070843 0.030830 0.054098
0 0 0.740599 0.103629 0.070843 0.030830 0.054098
0 0 0.598205 0.189268 0.111138 0.027573 0.073816
0 0 0.610906 0.181173 0.107676 0.027932 0.072313
0 0 0.740599 0.103629 0.070843 0.030830 0.054098
0 0 0.753417 0.092325 0.056840 0.018295 0.079122
0 1 0.646517 0.131817 0.064932 0.009976 0.146759
0 1 0.359424 0.323568 0.126078 0.007919 0.183011
4 1 0.236303 0.217220 0.056457 0.001035 0.488985
4 1 0.113546 0.136085 0.026036 0.000193 0.724139
4 1 0.342463 0.066451 0.018394 0.000494 0.572198
4 1 0.402129 0.097500 0.029929 0.001071 0.469372
0 1 0.498674 0.100570 0.035374 0.001957 0.363425
4 2 0.099940 0.248447 0.082278 0.000709 0.568626
4 2 0.009649 0.037799 0.026888 0.000553 0.925112
2 2 0.000100 0.045603 0.824816 0.002722 0.126760
2 2 0.000548 0.074655 0.730596 0.001920 0.192281
2 2 0.004609 0.070146 0.796267 0.000033 0.128946
4 1 0.276147 0.261382 0.076178 0.001969 0.384323
4 1 0.375620 0.162048 0.053835 0.001815 0.406683
0 1 0.473352 0.142446 0.050700 0.002768 0.330733
0 1 0.603321 0.113470 0.048104 0.004732 0.230373
0 1 0.466469 0.249275 0.107608 0.009836 0.166812
1 1 0.130546 0.532718 0.224879 0.006410 0.105447
2 1 0.017665 0.423564 0.453863 0.000456 0.104452
1 1 0.033822 0.461950 0.306929 0.000736 0.196563
2 2 0.000197 0.072749 0.892895 0.000098 0.034061
2 2 0.000082 0.047600 0.903507 0.000079 0.048732
2 2 0.000203 0.080591 0.909195 0.000080 0.009932
2 2 0.000035 0.044479 0.952256 0.000097 0.003132
2 2 0.000001 0.004088 0.995712 0.000021 0.000178
2 2 0.000009 0.003748 0.995823 0.000120 0.000300
2 1 0.000307 0.183916 0.809030 0.000174 0.006573
2 2 0.003930 0.374286 0.594089 0.001037 0.026657
1 2 0.016204 0.543049 0.330520 0.000457 0.109769
4 2 0.055447 0.282384 0.142284 0.000506 0.519378
2 2 0.006562 0.192167 0.766650 0.002747 0.031874
2 2 0.011298 0.052852 0.922095 0.002660 0.011095
0 0 0.706786 0.109924 0.097347 0.030294 0.055650
0 0 0.732562 0.108151 0.073199 0.030700 0.055387
0 0 0.740599 0.103629 0.070843 0.030830 0.054098
0 0 0.740599 0.103629 0.070843 0.030830 0.054098
0 0 0.740599 0.103629 0.070843 0.030830 0.054098
0 0 0.740599 0.103629 0.070843 0.030830 0.054098
0 0 0.740599 0.103629 0.070843 0.030830 0.054098
0 0 0.603647 0.185789 0.109658 0.027728 0.073178
0 0 0.740599 0.103629 0.070843 0.030830 0.054098
0 0 0.740599 0.103629 0.070843 0.030830 0.054098
0 0 0.619883 0.118970 0.176326 0.028157 0.056663
0 0 0.487461 0.223027 0.188311 0.024118 0.077083
0 0 0.740599 0.103629 0.070843 0.030830 0.054098
0 0 0.740599 0.103629 0.070843 0.030830 0.054098
0 0 0.602803 0.186327 0.109888 0.027704 0.073278
0 0 0.698880 0.127527 0.082972 0.030074 0.060548
0 0 0.740599 0.103629 0.070843 0.030830 0.054098
0 0 0.508397 0.119812 0.293589 0.024440 0.053762
0 0 0.629783 0.123233 0.160413 0.028469 0.058102
0 0 0.707394 0.109826 0.096845 0.030305 0.055629
0 0 0.458819 0.283926 0.147129 0.022996 0.087130
0 0 0.740599 0.103629 0.070843 0.030830 0.054098
0 0 0.622984 0.145502 0.139225 0.028341 0.063948
1 0 0.259093 0.442107 0.189640 0.014740 0.094421
0 0 0.535693 0.120514 0.263557 0.025424 0.054812
0 0 0.435256 0.175685 0.302378 0.022056 0.064625
0 0 0.740599 0.103629 0.070843 0.030830 0.054098
0 0 0.740599 0.103629 0.070843 0.030830 0.054098
0 0 0.740599 0.103629 0.070843 0.030830 0.054098
0 0 0.677878 0.136897 0.092802 0.029644 0.062779
2 0 0.247779 0.187069 0.495355 0.014010 0.055787
0 0 0.494577 0.119255 0.309084 0.023927 0.053158
0 0 0.740599 0.103629 0.070843 0.030830 0.054098
0 0 0.740599 0.103629 0.070843 0.030830 0.054098
0 0 0.740599 0.103629 0.070843 0.030830 0.054098
0 0 0.740599 0.103629 0.070843 0.030830 0.054098
0 0 0.745222 0.100878 0.067182 0.027115 0.059602
0 0 0.740599 0.103629 0.070843 0.030830 0.054098
0 0 0.706119 0.123306 0.080886 0.030219 0.059471
0 0 0.726025 0.111859 0.075109 0.030589 0.056419
0 0 0.740599 0.103629 0.070843 0.030830 0.054098
0 0 0.740599 0.103629 0.070843 0.030830 0.054098
0 0 0.740599 0.103629 0.070843 0.030830 0.054098
0 0 0.740599 0.103629 0.070843 0.030830 0.054098
0 0 0.740599 0.103629 0.070843 0.030830 0.054098
0 0 0.736977 0.104394 0.073541 0.030783 0.054304
0 0 0.740599 0.103629 0.070843 0.030830 0.054098
0 0 0.740599 0.103629 0.070843 0.030830 0.054098
0 0 0.625961 0.171692 0.103536 0.028343 0.070468
0 0 0.501539 0.253748 0.136520 0.024513 0.083680
0 0 0.740599 0.103629 0.070843 0.030830 0.054098
0 0 0.740599 0.103629 0.070843 0.030830 0.054098
0 0 0.724754 0.112582 0.075479 0.030567 0.056618
0 0 0.740599 0.103629 0.070843 0.030830 0.054098
0 0 0.415456 0.294424 0.182171 0.021426 0.086523
2 0 0.334601 0.234944 0.341564 0.018101 0.070791
0 0 0.673313 0.114488 0.126141 0.029579 0.056479
0 0 0.740599 0.103629 0.070843 0.030830 0.054098
0 0 0.740599 0.103629 0.070843 0.030830 0.054098
0 0 0.645491 0.159575 0.098111 0.028850 0.067973
0 0 0.655251 0.153598 0.095377 0.029092 0.066682
0 0 0.740599 0.103629 0.070843 0.030830 0.054098
0 0 0.740599 0.103629 0.070843 0.030830 0.054098
0 0 0.740599 0.103629 0.070843 0.030830 0.054098
0 0 0.740599 0.103629 0.070843 0.030830 0.054098
0 0 0.652438 0.155315 0.096167 0.029023 0.067057
0 0 0.740599 0.103629 0.070843 0.030830 0.054098
0 0 0.740599 0.103629 0.070843 0.030830 0.054098
0 0 0.740599 0.103629 0.070843 0.030830 0.054098
0 0 0.740599 0.103629 0.070843 0.030830 0.054098
0 0 0.740599 0.103629 0.070843 0.030830 0.054098
0 0 0.740599 0.103629 0.070843 0.030830 0.054098
0 0 0.738306 0.104915 0.071516 0.030794 0.054468
0 0 0.740599 0.103629 0.070843 0.030830 0.054098
0 0 0.723267 0.113430 0.075913 0.030540 0.056850
0 0 0.600745 0.187642 0.110448 0.027646 0.073519
0 0 0.713211 0.119200 0.078834 0.030356 0.058399
0 0 0.659066 0.151276 0.094304 0.029185 0.066169
0 0 0.659557 0.150977 0.094166 0.029197 0.066103
0 0 0.716151 0.117507 0.077982 0.030411 0.057949
0 0 0.646857 0.158736 0.097730 0.028884 0.067794
0 0 0.599308 0.188561 0.110838 0.027605 0.073688
0 0 0.693756 0.125187 0.091211 0.030003 0.059843
0 0 0.740599 0.103629 0.070843 0.030830 0.054098
0 0 0.732386 0.108251 0.073251 0.030697 0.055415
0 0 0.421406 0.311270 0.156065 0.021593 0.089666
0 0 0.468648 0.228689 0.201860 0.023451 0.077352
0 0 0.610765 0.145366 0.152257 0.028001 0.063611
0 0 0.726535 0.111568 0.074960 0.030598 0.056339
0 0 0.733813 0.105044 0.075927 0.030740 0.054476
0 0 0.740599 0.103629 0.070843 0.030830 0.054098
0 0 0.608285 0.182836 0.108392 0.027859 0.072627
1 0 0.291319 0.330715 0.278704 0.016302 0.082960
0 0 0.656637 0.147879 0.101057 0.029156 0.065271
0 0 0.740599 0.103629 0.070843 0.030830 0.054098
0 0 0.740599 0.103629 0.070843 0.030830 0.054098
0 0 0.621599 0.174426 0.104740 0.028225 0.071009
0 0 0.634687 0.118036 0.161962 0.028580 0.056735
0 0 0.740599 0.103629 0.070843 0.030830 0.054098
0 0 0.740599 0.103629 0.070843 0.030830 0.054098
0 0 0.740599 0.103629 0.070843 0.030830 0.054098
0 0 0.740599 0.103629 0.070843 0.030830 0.054098
0 0 0.445427 0.252086 0.199194 0.022597 0.080696
0 0 0.586774 0.196627 0.114230 0.027241 0.075128
0 0 0.594351 0.191741 0.112183 0.027462 0.074263
0 0 0.714772 0.118301 0.078382 0.030385 0.058161
0 0 0.697978 0.128055 0.083231 0.030055 0.060681
0 0 0.532719 0.232387 0.128529 0.025560 0.080805
0 0 0.606031 0.184270 0.109008 0.027796 0.072896
0 0 0.480002 0.268827 0.141919 0.023760 0.085491
0 0 0.548367 0.221871 0.124446 0.026064 0.079252
0 0 0.514398 0.244872 0.133249 0.024951 0.082530
1 1 0.352504 0.360159 0.161272 0.015211 0.110854
1 1 0.261789 0.439047 0.186737 0.014175 0.098251
1 1 0.141452 0.360572 0.321602 0.003054 0.173319
1 1 0.127628 0.400526 0.108806 0.001145 0.361896
1 1 0.171658 0.417652 0.114565 0.002194 0.293930
4 1 0.110810 0.276045 0.272030 0.000851 0.340263
4 1 0.179886 0.185199 0.049248 0.001512 0.584155
1 1 0.153367 0.392694 0.098844 0.001449 0.353647
1 1 0.166420 0.504863 0.163538 0.005049 0.160131
2 1 0.064566 0.367817 0.466345 0.002246 0.099025
2 1 0.041080 0.390364 0.451830 0.001110 0.115616
2 1 0.012200 0.322233 0.593948 0.001559 0.070059
4 2 0.015573 0.243563 0.087764 0.000504 0.652597
2 2 0.004990 0.104972 0.581449 0.002608 0.305981
2 2 0.023119 0.240575 0.454344 0.001639 0.280324
2 2 0.118139 0.285794 0.359691 0.003376 0.232998
1 2 0.008244 0.475987 0.449283 0.000667 0.065819
2 2 0.001298 0.160994 0.812785 0.001105 0.023818
2 2 0.000004 0.003386 0.992893 0.003461 0.000256
2 2 0.000000 0.000165 0.998976 0.000838 0.000021
2 2 0.000000 0.000010 0.998821 0.001168 0.000001
2 2 0.000000 0.000338 0.999545 0.000053 0.000063
2 2 0.000017 0.011860 0.987611 0.000099 0.000414
2 2 0.000005 0.003615 0.995817 0.000447 0.000116
2 2 0.000047 0.002425 0.995874 0.001168 0.000486
2 2 0.000011 0.002590 0.994358 0.002943 0.000097
2 2 0.000007 0.000828 0.997306 0.001756 0.000103
2 2 0.000000 0.000058 0.998752 0.001187 0.000004
2 2 0.000002 0.000198 0.997093 0.002693 0.000014
2 2 0.000011 0.002149 0.995495 0.002226 0.000119
2 2 0.000014 0.005644 0.993795 0.000240 0.000308
2 2 0.000003 0.000473 0.996408 0.003094 0.000021
2 2 0.000000 0.000054 0.930274 0.069668 0.000004
2 3 0.000000 0.000058 0.993445 0.006493 0.000004
2 3 0.000008 0.000624 0.975064 0.024221 0.000083
2 3 0.000000 0.000117 0.966889 0.032987 0.000006
2 3 0.000000 0.000021 0.951449 0.048529 0.000001
2 3 0.000000 0.000027 0.968625 0.031347 0.000001
2 3 0.000006 0.000405 0.815753 0.183791 0.000045
2 3 0.000025 0.000768 0.744017 0.255022 0.000167
2 3 0.001177 0.005540 0.520988 0.470415 0.001881
2 3 0.000347 0.002543 0.787602 0.208846 0.000661
2 3 0.000307 0.004471 0.548763 0.445605 0.000855
3 3 0.000008 0.000424 0.381970 0.617523 0.000075
3 3 0.000071 0.000991 0.221035 0.777560 0.000343
3 3 0.000023 0.000720 0.268362 0.730754 0.000140
3 3 0.000042 0.000907 0.125336 0.873499 0.000217
3 3 0.000000 0.000011 0.063470 0.936517 0.000002
3 3 0.000005 0.000176 0.209476 0.790304 0.000039
3 3 0.000009 0.000243 0.113281 0.886368 0.000097
2 3 0.000005 0.000467 0.916162 0.083308 0.000058
3 3 0.000022 0.000851 0.311346 0.687566 0.000214
3 3 0.000000 0.000006 0.064447 0.935545 0.000001
3 3 0.000000 0.000030 0.143807 0.856155 0.000008
3 3 0.000006 0.000200 0.378129 0.621630 0.000034
3 3 0.000030 0.000553 0.147856 0.851280 0.000282
3 3 0.000072 0.000734 0.047914 0.950924 0.000355
3 3 0.000086 0.000976 0.113771 0.884769 0.000397
3 3 0.000030 0.000499 0.057696 0.941463 0.000311
3 3 0.000004 0.000219 0.407929 0.591811 0.000037
3 3 0.000000 0.000023 0.090809 0.909163 0.000005
3 3 0.000012 0.000319 0.209790 0.789745 0.000135
3 3 0.000002 0.000104 0.162795 0.837075 0.000024
3 3 0.000003 0.000114 0.059095 0.940754 0.000034
3 3 0.000026 0.000488 0.125329 0.873964 0.000192
3 3 0.000030 0.000630 0.445947 0.553086 0.000307
3 3 0.000041 0.000650 0.277106 0.721855 0.000349
3 3 0.000001 0.000076 0.306652 0.693258 0.000013
3 3 0.000001 0.000056 0.154864 0.845067 0.000012
3 3 0.000002 0.000178 0.358327 0.641464 0.000029
3 3 0.000010 0.000308 0.250875 0.748739 0.000069
3 3 0.000046 0.000781 0.285913 0.712888 0.000372
3 3 0.000001 0.000053 0.066940 0.932991 0.000015
3 3 0.000006 0.000413 0.111999 0.887479 0.000103
3 3 0.000010 0.000210 0.046802 0.952899 0.000079
3 3 0.000021 0.000370 0.099432 0.900069 0.000108
3 3 0.000046 0.000495 0.034624 0.964586 0.000250
3 3 0.000096 0.000692 0.015605 0.983153 0.000454
3 3 0.000017 0.000714 0.128319 0.870746 0.000204
3 3 0.000015 0.000346 0.209405 0.790152 0.000082
3 3 0.000003 0.000141 0.171676 0.828147 0.000033
3 3 0.000004 0.000235 0.211932 0.787775 0.000054
3 3 0.000010 0.000316 0.462856 0.536756 0.000062
3 3 0.000178 0.001742 0.310398 0.687142 0.000540
3 3 0.000053 0.000750 0.117758 0.881132 0.000307
3 3 0.000008 0.000164 0.027582 0.972180 0.000066
3 3 0.000001 0.000038 0.012784 0.987163 0.000013
3 3 0.000000 0.000004 0.006407 0.993588 0.000001
3 3 0.000000 0.000021 0.055775 0.944199 0.000005
3 3 0.000004 0.000133 0.066497 0.933322 0.000043
3 3 0.000001 0.000036 0.042308 0.957645 0.000010
3 3 0.000002 0.000127 0.308910 0.690933 0.000028
3 3 0.000064 0.000771 0.088668 0.910180 0.000318
3 3 0.000011 0.000160 0.008021 0.991710 0.000097
3 3 0.000050 0.000675 0.105706 0.893319 0.000250
3 3 0.000038 0.001348 0.193095 0.805206 0.000313
3 3 0.000014 0.000245 0.041976 0.957674 0.000091
3 3 0.000009 0.000204 0.046800 0.952906 0.000081
3 3 0.000288 0.004898 0.402474 0.591111 0.001228
3 3 0.000190 0.001570 0.148821 0.848854 0.000565
3 3 0.000069 0.000607 0.028890 0.970144 0.000290
3 3 0.000125 0.001249 0.113478 0.884598 0.000549
0 2 0.621909 0.118855 0.174341 0.028216 0.056678
1 2 0.019765 0.645486 0.101188 0.000258 0.233303
2 2 0.000547 0.051171 0.934392 0.010427 0.003463
2 2 0.002760 0.339512 0.640761 0.000575 0.016392
2 2 0.002667 0.140339 0.844715 0.003297 0.008983
2 2 0.000367 0.008414 0.985114 0.005046 0.001058
2 2 0.000010 0.003170 0.995796 0.000918 0.000107
2 2 0.000072 0.010018 0.988299 0.001151 0.000460
2 2 0.000242 0.020022 0.976227 0.002413 0.001097
2 2 0.000988 0.054172 0.937411 0.001197 0.006232
2 2 0.000091 0.015520 0.982079 0.000622 0.001687
2 2 0.000001 0.000804 0.998637 0.000502 0.000056
2 2 0.000041 0.001841 0.995495 0.002111 0.000512
2 2 0.000000 0.000086 0.999819 0.000094 0.000001
2 2 0.000000 0.000085 0.999671 0.000241 0.000003
2 2 0.000024 0.003006 0.995491 0.001005 0.000474
2 2 0.000036 0.016503 0.980624 0.000433 0.002405
2 2 0.000000 0.000859 0.999006 0.000116 0.000018
2 2 0.000002 0.001250 0.998326 0.000128 0.000294
2 2 0.000061 0.007007 0.988863 0.001053 0.003017
2 2 0.000035 0.017443 0.977807 0.000113 0.004602
2 2 0.000218 0.103342 0.855303 0.000192 0.040945
2 2 0.000493 0.073287 0.752663 0.000048 0.173509
1 4 0.003640 0.460693 0.232262 0.000516 0.302889
1 4 0.001617 0.369426 0.365820 0.000421 0.262717
2 4 0.002884 0.310772 0.518311 0.002400 0.165633
4 4 0.009587 0.345236 0.280333 0.003970 0.360874
4 4 0.005609 0.221688 0.132540 0.000925 0.639238
4 4 0.003875 0.221176 0.138067 0.000550 0.636332
1 4 0.004077 0.384726 0.336657 0.000726 0.273814
4 4 0.003766 0.377778 0.147544 0.000717 0.470195
1 4 0.000729 0.471219 0.130898 0.000826 0.396328
4 4 0.001565 0.199603 0.158559 0.000125 0.640147
4 4 0.021489 0.346153 0.220804 0.002632 0.408922
1 4 0.004049 0.535924 0.286939 0.000995 0.172092
1 4 0.006539 0.425058 0.272062 0.001143 0.295198
1 4 0.007370 0.525371 0.270011 0.000871 0.196377
1 4 0.005689 0.442075 0.393132 0.000784 0.158320
2 4 0.000497 0.171990 0.797721 0.000263 0.029529
2 2 0.000135 0.032601 0.955970 0.001051 0.010243
2 2 0.000058 0.007381 0.990952 0.000508 0.001101
2 2 0.000004 0.001208 0.998266 0.000141 0.000381
2 2 0.000057 0.011514 0.981593 0.001479 0.005358
2 2 0.010169 0.294804 0.405506 0.001750 0.287771
4 4 0.005872 0.395817 0.166206 0.001084 0.431020
4 4 0.001558 0.312877 0.215985 0.000184 0.469396
4 4 0.002989 0.370578 0.230799 0.000327 0.395308
4 4 0.009430 0.266538 0.130289 0.000807 0.592937
4 4 0.002095 0.169726 0.093383 0.001479 0.733316
4 4 0.005952 0.063436 0.015051 0.001431 0.914130
4 4 0.004115 0.191983 0.087310 0.000603 0.715988
4 4 0.011870 0.118273 0.049173 0.000445 0.820239
4 4 0.011743 0.089482 0.055266 0.001360 0.842149
2 4 0.008232 0.432401 0.446931 0.000936 0.111501
2 4 0.016071 0.301919 0.528639 0.000482 0.152888
2 4 0.000056 0.037593 0.955978 0.000355 0.006018
2 4 0.000052 0.020973 0.975306 0.000804 0.002864
2 2 0.000015 0.006441 0.992190 0.000069 0.001285
2 2 0.000000 0.000603 0.999187 0.000169 0.000041
2 2 0.000000 0.000504 0.999203 0.000280 0.000012
2 2 0.000011 0.004612 0.994292 0.000577 0.000508
2 2 0.000014 0.003682 0.995386 0.000220 0.000698
2 2 0.000063 0.003462 0.994727 0.001103 0.000645
2 2 0.000001 0.001845 0.997430 0.000609 0.000116
2 2 0.000000 0.001365 0.998528 0.000026 0.000081
2 2 0.000000 0.000227 0.999397 0.000365 0.000010
2 2 0.000000 0.000144 0.998318 0.001534 0.000005
2 2 0.000004 0.000494 0.998308 0.001126 0.000067
2 2 0.000001 0.000236 0.999583 0.000137 0.000043
2 2 0.000000 0.000083 0.999741 0.000170 0.000005
2 2 0.000016 0.001164 0.997691 0.000621 0.000508
2 2 0.000002 0.000832 0.998802 0.000297 0.000067
2 2 0.000033 0.002606 0.996207 0.000678 0.000477
2 2 0.000027 0.001453 0.995536 0.002693 0.000291
2 2 0.000009 0.000589 0.997790 0.001422 0.000189
2 2 0.000001 0.000391 0.999422 0.000117 0.000068
2 2 0.000000 0.000030 0.999087 0.000882 0.000001
2 2 0.000000 0.000016 0.999356 0.000627 0.000000
2 2 0.000000 0.000062 0.996344 0.003591 0.000003
2 2 0.000001 0.000041 0.980930 0.019026 0.000003
2 2 0.000001 0.000102 0.986526 0.013366 0.000005
2 2 0.000004 0.000316 0.995851 0.003812 0.000017
2 2 0.000009 0.000792 0.996152 0.002999 0.000048
2 2 0.000001 0.000454 0.997736 0.001793 0.000018
2 2 0.000001 0.000319 0.998034 0.001611 0.000035
2 2 0.000001 0.000249 0.996968 0.002771 0.000011
2 2 0.000004 0.000557 0.996205 0.003187 0.000047
2 2 0.000007 0.000850 0.980047 0.018990 0.000106
2 2 0.000017 0.003254 0.959367 0.036961 0.000401
2 2 0.000137 0.001753 0.936518 0.060401 0.001191
2 2 0.000027 0.000389 0.981687 0.017787 0.000109
2 2 0.000020 0.000944 0.992462 0.006486 0.000088
2 2 0.000009 0.000352 0.993445 0.006170 0.000025
2 2 0.000013 0.000746 0.981978 0.017156 0.000107
2 2 0.000057 0.001136 0.897568 0.100882 0.000356
2 2 0.000883 0.002651 0.992645 0.003320 0.000501
0 2 0.577077 0.120504 0.219584 0.026831 0.056005
2 2 0.017736 0.257213 0.696482 0.001499 0.027070
2 2 0.000033 0.007664 0.991089 0.000920 0.000294
2 2 0.000000 0.000034 0.999598 0.000367 0.000001
2 2 0.000001 0.000154 0.998821 0.001010 0.000015
2 2 0.000001 0.000252 0.996186 0.003533 0.000028
2 2 0.000068 0.001866 0.969171 0.028565 0.000330
2 2 0.000000 0.000150 0.998663 0.001180 0.000007
2 2 0.000000 0.000039 0.984386 0.015572 0.000003
2 2 0.000046 0.001312 0.970372 0.028153 0.000117
2 2 0.000574 0.005089 0.838868 0.154645 0.000824
2 2 0.000004 0.000393 0.904025 0.095538 0.000040
2 3 0.000044 0.002027 0.729425 0.268202 0.000302
2 3 0.000016 0.000442 0.897775 0.101719 0.000049
2 3 0.000003 0.000222 0.843054 0.156683 0.000038
2 3 0.000019 0.000785 0.845799 0.153245 0.000152
2 3 0.000157 0.001778 0.626319 0.371380 0.000366
3 3 0.000088 0.000884 0.106613 0.892125 0.000290
3 3 0.000263 0.002182 0.411461 0.585577 0.000517
3 3 0.000271 0.001824 0.164291 0.833066 0.000549
2 3 0.000061 0.000850 0.516060 0.482875 0.000154
3 3 0.000148 0.001386 0.241463 0.756626 0.000377
2 3 0.000019 0.000445 0.612384 0.387075 0.000077
2 3 0.001977 0.006819 0.499491 0.489710 0.002004
2 3 0.002984 0.010384 0.554338 0.429694 0.002601
3 3 0.000328 0.002819 0.220931 0.774918 0.001004
3 3 0.002665 0.008343 0.274947 0.710978 0.003067
3 3 0.000045 0.000650 0.151404 0.847703 0.000197
3 3 0.000017 0.000391 0.230813 0.768680 0.000099
3 3 0.000204 0.001451 0.128475 0.869431 0.000439
3 3 0.000077 0.000924 0.226362 0.772397 0.000240
3 3 0.000003 0.000126 0.084897 0.914937 0.000037
3 3 0.000001 0.000080 0.104446 0.895451 0.000022
3 3 0.000023 0.000331 0.033795 0.965703 0.000149
3 3 0.000020 0.000342 0.087168 0.912372 0.000098
3 3 0.000010 0.000268 0.150605 0.848996 0.000120
3 3 0.000040 0.000550 0.063064 0.935509 0.000837
3 3 0.000016 0.000710 0.285763 0.713381 0.000130
3 3 0.000070 0.000880 0.188691 0.810100 0.000259
3 3 0.000030 0.001676 0.435801 0.562233 0.000260
3 3 0.000186 0.004743 0.412661 0.581440 0.000970
3 3 0.000273 0.002491 0.197294 0.799252 0.000691
3 3 0.000002 0.000073 0.030013 0.969888 0.000023
3 3 0.000028 0.000652 0.184917 0.814231 0.000171
3 3 0.000209 0.001862 0.300283 0.697089 0.000556
2 3 0.000164 0.002107 0.648412 0.348822 0.000495
3 3 0.000158 0.001387 0.193428 0.804626 0.000402
3 3 0.000009 0.000171 0.023336 0.976370 0.000114
3 3 0.000076 0.000781 0.072855 0.925983 0.000306
3 3 0.000036 0.000563 0.181682 0.817574 0.000145
3 3 0.000051 0.000629 0.078045 0.921037 0.000238
3 3 0.000153 0.001037 0.040537 0.957797 0.000475
3 3 0.000122 0.000973 0.051998 0.946475 0.000432
3 3 0.000028 0.000433 0.087179 0.912222 0.000138
3 3 0.000047 0.000523 0.031788 0.967368 0.000274
3 3 0.000115 0.003831 0.307064 0.687310 0.001681
3 3 0.001616 0.006664 0.398317 0.587715 0.005688
3 3 0.000017 0.000379 0.172550 0.826947 0.000107
3 3 0.000076 0.000826 0.093400 0.905390 0.000309
3 3 0.000005 0.000183 0.101203 0.898548 0.000061
3 3 0.000098 0.000854 0.063873 0.934853 0.000321
3 3 0.000268 0.002040 0.315117 0.682046 0.000530
3 3 0.000113 0.001044 0.095639 0.902812 0.000393
3 3 0.000007 0.000167 0.032890 0.966868 0.000068
3 3 0.000002 0.000101 0.154620 0.845257 0.000020
3 3 0.000009 0.000239 0.122056 0.877631 0.000064
3 3 0.000040 0.000543 0.094633 0.904609 0.000175
3 3 0.000038 0.000507 0.076056 0.923213 0.000186
3 3 0.000212 0.001489 0.077820 0.919805 0.000675
3 3 0.000033 0.000515 0.094549 0.904715 0.000188
3 3 0.001477 0.005729 0.127912 0.861405 0.003478
3 3 0.000098 0.000752 0.022976 0.975451 0.000723
3 3 0.000066 0.000688 0.049218 0.949709 0.000319
3 3 0.000030 0.000419 0.071399 0.927995 0.000156
3 3 0.000011 0.000256 0.086728 0.912922 0.000082
3 3 0.000070 0.000611 0.039505 0.959582 0.000233
3 3 0.001251 0.004941 0.203399 0.788651 0.001757
3 3 0.000136 0.000941 0.030728 0.967421 0.000774
3 3 0.000268 0.001482 0.031532 0.964887 0.001831
3 3 0.000089 0.000715 0.033332 0.965232 0.000632
3 3 0.000006 0.000141 0.019731 0.980052 0.000069
3 3 0.000017 0.000284 0.031144 0.968416 0.000139
2 3 0.003261 0.021073 0.602346 0.366963 0.006356
0 2 0.452710 0.151007 0.313986 0.022599 0.059698
0 2 0.522232 0.209703 0.093990 0.009973 0.164102
2 2 0.012000 0.248736 0.616685 0.002429 0.120149
2 2 0.005845 0.144291 0.653318 0.000450 0.196095
2 2 0.007902 0.084623 0.700881 0.001825 0.204769
2 2 0.000507 0.053001 0.926621 0.000468 0.019404
2 2 0.000756 0.048120 0.926930 0.000381 0.023814
2 2 0.000008 0.001772 0.997515 0.000549 0.000156
2 2 0.000074 0.003687 0.994123 0.000377 0.001740
2 2 0.000032 0.003592 0.995148 0.000480 0.000748
2 2 0.000014 0.002730 0.996607 0.000149 0.000499
2 2 0.000932 0.012727 0.978862 0.001737 0.005741
2 2 0.000113 0.005044 0.992191 0.001048 0.001604
2 2 0.000505 0.010081 0.981220 0.003698 0.004496
2 2 0.000020 0.001460 0.995693 0.001105 0.001722
2 2 0.000320 0.013828 0.975016 0.000982 0.009855
2 2 0.000017 0.010593 0.986810 0.000092 0.002487
2 2 0.000054 0.004340 0.993695 0.001049 0.000861
2 2 0.000040 0.006469 0.991973 0.000612 0.000906
2 2 0.000875 0.024942 0.964925 0.000958 0.008300
2 2 0.000649 0.036354 0.952112 0.000484 0.010402
2 2 0.000080 0.006870 0.990844 0.000756 0.001450
2 2 0.000057 0.004286 0.992302 0.002795 0.000560
2 2 0.000014 0.000888 0.995497 0.003465 0.000136
2 2 0.000079 0.001872 0.994027 0.003858 0.000163
2 2 0.000722 0.014396 0.980388 0.003158 0.001337
2 2 0.006917 0.091506 0.875622 0.016511 0.009444
2 2 0.000383 0.061465 0.934002 0.001495 0.002654
2 2 0.000089 0.010584 0.986410 0.002412 0.000506
2 2 0.000004 0.002941 0.995525 0.001396 0.000135
2 2 0.000016 0.004034 0.991784 0.003996 0.000169
2 2 0.000021 0.002490 0.995980 0.001070 0.000438
2 2 0.000004 0.000723 0.998520 0.000675 0.000079
2 2 0.000343 0.008074 0.988035 0.000792 0.002755
2 2 0.000053 0.013592 0.983434 0.000157 0.002764
2 2 0.000016 0.002817 0.996068 0.000355 0.000743
2 2 0.000006 0.001472 0.996874 0.001328 0.000319
2 2 0.000002 0.000445 0.998231 0.001256 0.000067
2 2 0.000002 0.000393 0.999051 0.000510 0.000045
2 2 0.000001 0.000626 0.999093 0.000254 0.000027
2 2 0.000000 0.000191 0.999655 0.000149 0.000005
2 2 0.000038 0.004391 0.993982 0.000326 0.001262
2 2 0.000001 0.000336 0.998784 0.000868 0.000012
2 2 0.000039 0.003250 0.994439 0.001766 0.000505
2 2 0.000024 0.000960 0.995145 0.003749 0.000121
2 2 0.000000 0.000155 0.999332 0.000502 0.000011
2 2 0.000000 0.000067 0.999654 0.000274 0.000005
2 2 0.000000 0.000069 0.998693 0.001236 0.000002
2 2 0.000000 0.000076 0.998835 0.001086 0.000003
2 2 0.000049 0.002139 0.993087 0.004533 0.000192
2 2 0.000001 0.000655 0.998726 0.000588 0.000029
2 2 0.000027 0.001809 0.993782 0.004195 0.000186
2 2 0.000012 0.000527 0.992210 0.007186 0.000066
2 2 0.000092 0.001578 0.992156 0.005914 0.000260
2 2 0.000024 0.001822 0.993670 0.003904 0.000580
2 2 0.000004 0.001310 0.997803 0.000814 0.000069
2 2 0.000001 0.000923 0.998729 0.000326 0.000022
2 2 0.000001 0.000363 0.998995 0.000627 0.000014
2 2 0.000000 0.000080 0.998953 0.000963 0.000004
2 2 0.000002 0.000149 0.997087 0.002753 0.000009
2 2 0.000008 0.000856 0.996337 0.002739 0.000060
2 2 0.000009 0.000677 0.998563 0.000572 0.000180
2 2 0.000001 0.000293 0.999456 0.000217 0.000033
2 2 0.000012 0.001084 0.998042 0.000505 0.000356
2 2 0.000024 0.003354 0.995235 0.001115 0.000272
2 2 0.000009 0.000533 0.997567 0.001847 0.000044
2 2 0.001097 0.003601 0.987676 0.006980 0.000645
2 2 0.000614 0.012954 0.973030 0.012265 0.001137
2 2 0.000085 0.013223 0.983854 0.002263 0.000574
2 2 0.000004 0.001417 0.996613 0.001913 0.000053
2 2 0.000025 0.006989 0.992101 0.000532 0.000353
2 2 0.000153 0.071954 0.915351 0.000508 0.012035
2 4 0.000810 0.186274 0.501317 0.000076 0.311523
2 4 0.002511 0.312046 0.408106 0.000061 0.277276
4 4 0.004316 0.241493 0.200277 0.000510 0.553403
1 4 0.002299 0.532934 0.279295 0.000635 0.184837
1 4 0.002949 0.514347 0.353966 0.001354 0.127385
1 4 0.002530 0.417831 0.223460 0.000696 0.355483
4 4 0.014815 0.350742 0.100118 0.000274 0.534052
1 4 0.013436 0.448407 0.312163 0.000136 0.225860
1 4 0.028348 0.603669 0.231774 0.000770 0.135439
1 4 0.074387 0.479572 0.375709 0.005246 0.065086
1 0 0.218854 0.337669 0.334851 0.009574 0.099052
1 1 0.114948 0.587400 0.205383 0.007499 0.084769
4 1 0.040020 0.438674 0.081421 0.000616 0.439268
1 2 0.014489 0.503213 0.063801 0.000097 0.418400
4 2 0.007279 0.387072 0.075475 0.000285 0.529888
2 2 0.001149 0.173301 0.577303 0.000594 0.247653
2 2 0.000923 0.209144 0.655075 0.000604 0.134253
2 4 0.000739 0.121109 0.669035 0.000499 0.208618
4 4 0.004341 0.087931 0.056893 0.003351 0.847485
4 4 0.011716 0.025260 0.006468 0.002372 0.954183
4 4 0.015626 0.026775 0.006492 0.001365 0.949741
4 4 0.032921 0.056186 0.013174 0.000433 0.897285
4 4 0.021087 0.006884 0.007461 0.001106 0.963461
4 4 0.008524 0.002973 0.003484 0.000361 0.984657
4 4 0.043811 0.005978 0.003876 0.000181 0.946155
4 4 0.016855 0.016059 0.011130 0.000135 0.955822
4 4 0.029263 0.083740 0.015900 0.000135 0.870962
4 4 0.011322 0.180235 0.053403 0.000587 0.754453
4 4 0.001843 0.201806 0.072434 0.000116 0.723802
4 4 0.003785 0.033195 0.019768 0.000285 0.942967
4 4 0.004514 0.101823 0.039403 0.000582 0.853678
4 4 0.007439 0.057720 0.021684 0.000414 0.912743
4 4 0.004918 0.119436 0.025880 0.000319 0.849446
4 4 0.008806 0.127876 0.046805 0.000908 0.815605
4 4 0.003336 0.029345 0.036570 0.000634 0.930116
4 4 0.004117 0.044151 0.036841 0.001017 0.913874
4 4 0.007836 0.016651 0.006376 0.003044 0.966093
4 4 0.008565 0.005117 0.005229 0.000265 0.980824
4 4 0.013069 0.005578 0.001930 0.000349 0.979074
4 4 0.009363 0.016886 0.007824 0.000418 0.965509
4 4 0.012050 0.013047 0.002920 0.000257 0.971725
4 4 0.014397 0.021598 0.005913 0.000229 0.957863
4 4 0.006309 0.179756 0.078025 0.000674 0.735236
4 4 0.005596 0.152351 0.033475 0.000848 0.807731
4 4 0.002202 0.060469 0.030301 0.000202 0.906826
4 4 0.005306 0.012745 0.016342 0.000198 0.965409
4 4 0.011840 0.003186 0.002333 0.000390 0.982251
4 4 0.069380 0.004866 0.001588 0.000061 0.924105
4 4 0.030153 0.019990 0.004503 0.000072 0.945282
4 4 0.014807 0.057056 0.010611 0.000414 0.917112
4 4 0.011548 0.077088 0.016083 0.000139 0.895142
4 4 0.010692 0.091270 0.015129 0.000343 0.882565
4 4 0.023776 0.044022 0.021191 0.000760 0.910251
4 4 0.017470 0.018804 0.005413 0.001059 0.957253
4 4 0.027322 0.024266 0.015716 0.001877 0.930818
4 4 0.020940 0.017700 0.006617 0.000072 0.954671
4 4 0.013180 0.145890 0.031549 0.000014 0.809367
4 4 0.001416 0.273029 0.123563 0.000110 0.601882
4 4 0.003414 0.157234 0.068901 0.000214 0.770237
4 4 0.001522 0.139854 0.063448 0.000559 0.794617
4 4 0.001622 0.069992 0.015057 0.000203 0.913125
4 4 0.003348 0.078315 0.019788 0.000361 0.898188
2 4 0.001099 0.243944 0.389708 0.000339 0.364909
4 4 0.000441 0.099575 0.166847 0.000254 0.732883
4 4 0.000943 0.143975 0.177055 0.000519 0.677508
4 4 0.001811 0.168648 0.080263 0.000354 0.748923
4 4 0.000660 0.288093 0.259817 0.000112 0.451319
4 4 0.001089 0.241645 0.111753 0.000199 0.645315
4 4 0.003522 0.213805 0.122047 0.000915 0.659711
4 4 0.003187 0.125208 0.076783 0.004953 0.789869
4 4 0.007641 0.057773 0.020889 0.002071 0.911626
4 4 0.013376 0.038444 0.016624 0.000609 0.930947
4 4 0.002195 0.229972 0.259385 0.000052 0.508395
4 4 0.001682 0.181418 0.154940 0.000102 0.661858
4 4 0.001313 0.322966 0.115487 0.000114 0.560119
4 4 0.001184 0.254410 0.066853 0.000050 0.677503
4 4 0.004899 0.356273 0.093738 0.001015 0.544076
4 4 0.003230 0.266990 0.068651 0.000774 0.660355
4 4 0.006267 0.039148 0.030804 0.002438 0.921342
4 4 0.002184 0.033767 0.084532 0.000499 0.879019
4 4 0.004864 0.116464 0.026255 0.000693 0.851724
4 4 0.008512 0.217090 0.057452 0.001004 0.715941
4 4 0.002642 0.082242 0.025987 0.000695 0.888434
4 4 0.001141 0.240197 0.242879 0.000788 0.514994
4 4 0.002597 0.204155 0.202572 0.001168 0.589508
4 4 0.001253 0.259810 0.287708 0.000916 0.450313
2 4 0.000326 0.217049 0.456123 0.000462 0.326040
4 2 0.001066 0.243561 0.272764 0.000392 0.482217
2 2 0.000795 0.248816 0.414325 0.000351 0.335713
2 2 0.000104 0.123757 0.766745 0.000072 0.109322
2 2 0.000102 0.028166 0.966849 0.000021 0.004863
2 2 0.002544 0.166614 0.812164 0.000560 0.018118
2 2 0.000100 0.022367 0.935295 0.000291 0.041947
2 2 0.000215 0.021468 0.964671 0.000053 0.013593
2 2 0.000005 0.003019 0.996337 0.000031 0.000608
2 2 0.000004 0.004429 0.994875 0.000068 0.000625
2 2 0.000032 0.006479 0.988906 0.000489 0.004095
2 2 0.000024 0.006631 0.990776 0.000043 0.002526
2 2 0.000118 0.021907 0.963961 0.000014 0.014000
2 2 0.000184 0.009668 0.977733 0.000105 0.012311
2 2 0.000264 0.015781 0.966678 0.000141 0.017136
2 2 0.000002 0.000849 0.998782 0.000099 0.000268
2 2 0.000035 0.015456 0.979512 0.000025 0.004972
2 2 0.000030 0.017384 0.979135 0.000045 0.003405
2 2 0.000017 0.009471 0.989291 0.000075 0.001146
2 2 0.000001 0.001886 0.997854 0.000022 0.000237
2 2 0.000001 0.000426 0.999424 0.000030 0.000119
2 2 0.000006 0.001218 0.998273 0.000188 0.000316
2 2 0.000015 0.001955 0.996709 0.000243 0.001078
2 2 0.000006 0.002917 0.996095 0.000033 0.000949
2 2 0.000029 0.003063 0.994863 0.000119 0.001925
2 2 0.000103 0.004064 0.993601 0.000619 0.001613
2 2 0.000000 0.000028 0.999725 0.000236 0.000010
2 2 0.000000 0.000102 0.999856 0.000017 0.000025
2 2 0.000002 0.000460 0.999358 0.000072 0.000108
2 2 0.000015 0.003773 0.995537 0.000097 0.000578
2 2 0.000001 0.000562 0.999263 0.000054 0.000120
2 2 0.000002 0.000919 0.998858 0.000062 0.000159
2 2 0.000003 0.001014 0.998690 0.000111 0.000182
2 2 0.000000 0.000270 0.999653 0.000053 0.000024
2 2 0.000015 0.001331 0.997920 0.000618 0.000115
2 2 0.000075 0.011650 0.987410 0.000333 0.000532
2 2 0.000027 0.003207 0.995428 0.000202 0.001137
2 2 0.000004 0.001396 0.998285 0.000092 0.000225
2 2 0.000012 0.002654 0.996562 0.000088 0.000684
2 2 0.000007 0.007251 0.991462 0.000045 0.001235
2 2 0.000007 0.008345 0.989237 0.000024 0.002387
2 2 0.000087 0.010559 0.979404 0.000569 0.009381
2 2 0.000002 0.000752 0.999031 0.000136 0.000079
2 2 0.000007 0.000764 0.998576 0.000566 0.000087
2 2 0.000210 0.008099 0.988713 0.001073 0.001904
2 2 0.004987 0.097240 0.865849 0.000706 0.031218
2 2 0.000394 0.019717 0.973280 0.000908 0.005702
2 2 0.000135 0.008505 0.988031 0.000545 0.002785
2 2 0.000006 0.001007 0.998588 0.000182 0.000217
2 2 0.000001 0.001006 0.998602 0.000268 0.000122
2 2 0.000001 0.001784 0.997992 0.000040 0.000183
2 2 0.000000 0.000410 0.999506 0.000053 0.000030
2 2 0.000030 0.004782 0.993867 0.000168 0.001153
2 2 0.000034 0.003860 0.994137 0.000503 0.001467
2 2 0.000003 0.000802 0.998922 0.000167 0.000106
2 2 0.000010 0.000878 0.998467 0.000427 0.000219
2 2 0.000000 0.000135 0.999637 0.000202 0.000026
2 2 0.000000 0.000061 0.998880 0.001054 0.000004
2 2 0.000001 0.000091 0.999378 0.000514 0.000016
2 2 0.000004 0.000615 0.998750 0.000488 0.000143
2 2 0.000001 0.000220 0.998095 0.001666 0.000018
2 2 0.000001 0.000367 0.997119 0.002471 0.000042
2 2 0.000003 0.000644 0.996762 0.002505 0.000086
2 2 0.000151 0.001837 0.844649 0.152295 0.001068
2 2 0.000182 0.004167 0.573535 0.418886 0.003231
2 3 0.000128 0.001993 0.949765 0.046188 0.001925
2 3 0.000029 0.001126 0.893756 0.104776 0.000312
2 3 0.000021 0.001088 0.963405 0.034896 0.000589
2 3 0.000078 0.002233 0.981430 0.014627 0.001632
2 3 0.000007 0.000738 0.997454 0.001579 0.000222
2 3 0.000062 0.002642 0.977693 0.018551 0.001053
2 3 0.000047 0.002061 0.740238 0.256723 0.000931
2 3 0.000004 0.001689 0.873247 0.124576 0.000484
2 3 0.000006 0.001268 0.850300 0.148111 0.000315
2 3 0.000072 0.005114 0.967539 0.025764 0.001511
2 3 0.000006 0.000887 0.978292 0.020682 0.000133
2 3 0.000010 0.000406 0.592861 0.406585 0.000138
3 3 0.000001 0.000063 0.263336 0.736570 0.000030
2 3 0.000011 0.001281 0.662674 0.335577 0.000457
2 3 0.000035 0.001185 0.722725 0.275872 0.000182
2 3 0.000003 0.000267 0.565715 0.433962 0.000054
2 3 0.000005 0.000407 0.803345 0.196162 0.000081
2 3 0.000004 0.000590 0.844071 0.155262 0.000073
2 3 0.000013 0.000550 0.579198 0.420113 0.000126
3 3 0.000010 0.000398 0.237956 0.761550 0.000087
3 3 0.000530 0.004416 0.445463 0.548379 0.001213
2 3 0.000107 0.001468 0.645272 0.352765 0.000388
2 3 0.000048 0.001470 0.543482 0.454384 0.000617
2 3 0.000057 0.003003 0.967444 0.025839 0.003657
2 3 0.000676 0.010119 0.887696 0.082486 0.019023
2 3 0.000122 0.001628 0.978733 0.018696 0.000820
2 3 0.000004 0.000862 0.981717 0.017289 0.000127
2 3 0.000023 0.003753 0.906276 0.089424 0.000524
2 2 0.000013 0.003141 0.983209 0.012687 0.000950
2 2 0.000004 0.001536 0.980518 0.017791 0.000151
2 2 0.000034 0.003163 0.994747 0.001616 0.000441
2 2 0.000002 0.000410 0.999191 0.000281 0.000115
2 2 0.000000 0.000085 0.998892 0.001013 0.000010
2 2 0.000016 0.000986 0.995700 0.002228 0.001070
2 2 0.000012 0.002468 0.996659 0.000154 0.000707
2 2 0.000084 0.024874 0.963978 0.001366 0.009698
2 2 0.000095 0.012946 0.981575 0.000061 0.005323
2 1 0.007761 0.130549 0.579852 0.000021 0.281817
4 2 0.031221 0.305923 0.091757 0.000091 0.571008
2 2 0.000959 0.268083 0.687727 0.000219 0.043012
2 2 0.000235 0.138289 0.799223 0.000447 0.061807
1 4 0.003149 0.348410 0.341974 0.000228 0.306239
4 4 0.003327 0.311964 0.076759 0.001120 0.606830
4 4 0.003732 0.122115 0.041741 0.001026 0.831386
4 4 0.003977 0.167155 0.064493 0.000641 0.763734
4 4 0.002312 0.224175 0.231427 0.000205 0.541882
4 4 0.003645 0.276979 0.099940 0.000065 0.619370
4 4 0.001347 0.327815 0.325222 0.000096 0.345521
4 4 0.002200 0.261304 0.252981 0.000405 0.483109
4 4 0.003107 0.149196 0.134304 0.000310 0.713084
4 4 0.009129 0.188591 0.040589 0.000463 0.761228
4 4 0.025820 0.405828 0.115591 0.000212 0.452549
1 4 0.017065 0.501858 0.122032 0.000117 0.358928
1 4 0.020424 0.525897 0.084432 0.000370 0.368877
4 4 0.005578 0.402851 0.073878 0.000777 0.516915
1 4 0.001879 0.495808 0.395958 0.000332 0.106024
1 4 0.004053 0.531764 0.328280 0.002002 0.133901
2 4 0.001105 0.392457 0.489676 0.001709 0.115053
4 4 0.000688 0.253295 0.269175 0.000251 0.476590
4 4 0.001821 0.208792 0.100687 0.000326 0.688374
4 4 0.005434 0.049452 0.031810 0.000049 0.913255
4 4 0.149100 0.223386 0.067759 0.004956 0.554799
4 4 0.042212 0.277563 0.068216 0.003792 0.608217
4 4 0.009573 0.243673 0.075732 0.001294 0.669728
4 4 0.013345 0.374193 0.102714 0.004030 0.505717
4 4 0.004769 0.294728 0.065932 0.000603 0.633968
4 4 0.119940 0.105126 0.029462 0.002220 0.743252
4 4 0.046821 0.241297 0.060023 0.001223 0.650637
1 4 0.020787 0.507080 0.095020 0.001067 0.376047
4 4 0.009021 0.133192 0.094326 0.000124 0.763337
4 4 0.044870 0.131502 0.061137 0.000070 0.762422
1 1 0.055305 0.498843 0.114904 0.000922 0.330025
4 2 0.002258 0.286230 0.163543 0.001044 0.546925
4 4 0.010925 0.252885 0.155996 0.007133 0.573061
4 4 0.015233 0.288628 0.080910 0.004351 0.610878
4 4 0.006919 0.187626 0.080630 0.003523 0.721302
4 4 0.006242 0.191220 0.065463 0.000589 0.736487
4 4 0.012593 0.143096 0.071073 0.000190 0.773047
4 4 0.007396 0.254953 0.128633 0.000210 0.608809
4 4 0.001537 0.199178 0.134078 0.000082 0.665124
4 4 0.010392 0.077702 0.069325 0.000199 0.842382
4 4 0.041723 0.023650 0.060939 0.000367 0.873322
4 4 0.073095 0.045310 0.014857 0.005268 0.861470
4 4 0.022328 0.020574 0.021717 0.000599 0.934782
4 4 0.148130 0.083590 0.049320 0.000172 0.718789
4 4 0.043658 0.055759 0.023091 0.000020 0.877472
1 4 0.020372 0.689200 0.119264 0.000408 0.170755
4 4 0.020764 0.366680 0.163025 0.000849 0.448682
4 4 0.005382 0.137071 0.103043 0.001030 0.753475
4 4 0.007820 0.022620 0.020876 0.000117 0.948568
4 4 0.005318 0.036351 0.042356 0.000409 0.915567
4 4 0.054155 0.011371 0.020979 0.000320 0.913176
4 4 0.113590 0.011160 0.003326 0.000569 0.871355
4 4 0.125791 0.015130 0.004445 0.000446 0.854188
4 4 0.012344 0.007332 0.010425 0.000102 0.969797
4 4 0.028580 0.003856 0.004616 0.000039 0.962909
4 4 0.022305 0.002352 0.000645 0.000084 0.974614
4 4 0.035090 0.007699 0.001920 0.000305 0.954985
4 4 0.024141 0.025953 0.011713 0.000225 0.937968
4 4 0.059242 0.082689 0.023734 0.000042 0.834292
4 4 0.033194 0.206140 0.053682 0.000054 0.706930
4 4 0.035531 0.037343 0.056127 0.000307 0.870693
4 4 0.041647 0.016696 0.007762 0.001070 0.932825
4 4 0.045843 0.014244 0.008919 0.001658 0.929335
4 4 0.006233 0.017296 0.014131 0.000052 0.962288
4 4 0.007423 0.005372 0.003006 0.000158 0.984041
4 4 0.009466 0.015132 0.003685 0.000970 0.970747
4 4 0.024600 0.014398 0.007410 0.000879 0.952711
4 4 0.010919 0.002760 0.002639 0.000073 0.983609
4 4 0.058594 0.012950 0.006998 0.000249 0.921209
4 4 0.022487 0.005692 0.007270 0.000043 0.964508
4 4 0.035940 0.073726 0.018778 0.002337 0.869219
4 4 0.014169 0.109461 0.019081 0.000454 0.856834
4 4 0.003111 0.272139 0.082066 0.000481 0.642203
4 4 0.019121 0.224246 0.061532 0.000569 0.694531
4 4 0.006282 0.268976 0.082586 0.000341 0.641815
4 4 0.003557 0.232250 0.066751 0.000712 0.696730
4 4 0.001211 0.107328 0.050281 0.000239 0.840941
4 4 0.000912 0.060685 0.057164 0.000130 0.881110
4 4 0.009442 0.130961 0.057069 0.000164 0.802363
4 1 0.061398 0.240149 0.038749 0.000140 0.659564
4 1 0.002443 0.176433 0.088920 0.000171 0.732032
4 4 0.002423 0.207869 0.045568 0.000142 0.743999
4 4 0.001936 0.324778 0.084435 0.000421 0.588431
4 4 0.001822 0.197599 0.039217 0.003957 0.757406
4 4 0.000480 0.261591 0.167622 0.000891 0.569416
4 4 0.000721 0.163743 0.131873 0.000377 0.703286
