0 0 0.915632 0.058758 0.020562 0.000756 0.004292
0 0 0.970771 0.022534 0.005544 0.000139 0.001013
0 0 0.981111 0.014119 0.003721 0.000159 0.000889
0 0 0.991469 0.006773 0.001400 0.000047 0.000310
0 0 0.949167 0.038379 0.010420 0.000242 0.001793
0 0 0.917036 0.068871 0.011359 0.000062 0.002673
0 0 0.964861 0.024966 0.007040 0.000320 0.002813
0 0 0.959321 0.022501 0.005014 0.000282 0.012882
0 0 0.894608 0.052481 0.031647 0.006538 0.014727
0 0 0.654349 0.213630 0.114827 0.002148 0.015045
0 0 0.747517 0.088111 0.077898 0.033422 0.053052
0 0 0.897866 0.072182 0.024648 0.000721 0.004583
0 0 0.835032 0.116355 0.041112 0.000917 0.006585
2 0 0.005838 0.131833 0.850618 0.002738 0.008972
0 0 0.836742 0.129006 0.032570 0.000056 0.001627
0 0 0.805837 0.145924 0.045681 0.000130 0.002427
0 0 0.985211 0.012000 0.002351 0.000046 0.000392
0 0 0.851915 0.115351 0.031233 0.000071 0.001430
0 0 0.941632 0.047816 0.010122 0.000033 0.000397
0 0 0.599174 0.176214 0.213771 0.004339 0.006502
0 0 0.958185 0.034866 0.006277 0.000044 0.000627
0 0 0.926941 0.035429 0.036045 0.001071 0.000514
0 0 0.634355 0.083769 0.277075 0.004379 0.000422
0 0 0.932760 0.035074 0.030839 0.000811 0.000515
0 0 0.728482 0.128544 0.140530 0.001193 0.001251
0 0 0.882123 0.077813 0.038968 0.000284 0.000811
0 0 0.849159 0.103209 0.046299 0.000207 0.001126
0 0 0.646705 0.138860 0.213297 0.000639 0.000499
0 0 0.936019 0.028785 0.033864 0.001007 0.000326
0 0 0.915852 0.040773 0.042785 0.000418 0.000171
0 0 0.964122 0.032010 0.003477 0.000008 0.000383
1 0 0.416729 0.456529 0.120765 0.000013 0.005963
0 0 0.833503 0.118002 0.040978 0.000860 0.006657
0 0 0.913501 0.068837 0.015804 0.000143 0.001715
0 0 0.979012 0.017563 0.003027 0.000030 0.000367
0 0 0.992455 0.005919 0.001374 0.000043 0.000208
0 0 0.940398 0.047244 0.011846 0.000059 0.000454
0 0 0.810838 0.136910 0.050537 0.000125 0.001590
0 0 0.910601 0.074286 0.014435 0.000025 0.000653
0 0 0.625307 0.175759 0.198326 0.000172 0.000435
0 0 0.850703 0.092238 0.051102 0.001138 0.004819
0 0 0.974414 0.021269 0.003822 0.000038 0.000458
0 0 0.977404 0.012881 0.007539 0.000989 0.001186
0 0 0.979990 0.011727 0.006677 0.000734 0.000872
0 0 0.929531 0.035375 0.034062 0.000629 0.000402
0 0 0.982261 0.015822 0.001797 0.000005 0.000115
0 0 0.836214 0.130442 0.032394 0.000027 0.000923
0 0 0.908475 0.073977 0.016479 0.000060 0.001010
0 0 0.579379 0.339619 0.072471 0.000022 0.008510
2 1 0.211142 0.378002 0.406470 0.000182 0.004205
0 1 0.754464 0.105179 0.125975 0.008646 0.005736
0 0 0.680591 0.159645 0.157488 0.000779 0.001497
0 0 0.608560 0.236874 0.152660 0.000164 0.001742
0 1 0.456021 0.266085 0.276659 0.000164 0.001071
0 1 0.693032 0.130863 0.167702 0.004856 0.003546
0 0 0.887052 0.051912 0.058643 0.001642 0.000751
0 1 0.448293 0.213782 0.334247 0.001240 0.002438
1 1 0.381118 0.444101 0.163505 0.000062 0.011214
1 1 0.242989 0.569095 0.162622 0.000028 0.025265
2 1 0.009024 0.183511 0.794359 0.000920 0.012186
2 2 0.025164 0.198970 0.754231 0.003385 0.018250
2 2 0.142919 0.095764 0.738597 0.020931 0.001790
2 2 0.082712 0.288199 0.625468 0.000305 0.003316
2 2 0.008060 0.236401 0.734213 0.000392 0.020934
2 2 0.037106 0.350695 0.593873 0.000356 0.017970
2 2 0.002060 0.023744 0.871822 0.099738 0.002637
2 2 0.001294 0.020973 0.943744 0.032921 0.001068
2 2 0.003430 0.025285 0.902339 0.067554 0.001392
2 2 0.000951 0.023434 0.964919 0.010115 0.000581
2 2 0.003410 0.073956 0.919437 0.001366 0.001831
2 2 0.000164 0.010447 0.960740 0.028004 0.000645
2 2 0.000227 0.016878 0.977247 0.005074 0.000575
2 2 0.000090 0.005773 0.979226 0.014789 0.000121
2 2 0.001856 0.012954 0.911433 0.073319 0.000438
2 2 0.000043 0.002326 0.968108 0.029479 0.000044
2 2 0.000012 0.000788 0.942014 0.057170 0.000016
2 2 0.000095 0.002349 0.822234 0.175118 0.000205
2 3 0.000640 0.010054 0.916733 0.071813 0.000759
2 3 0.000312 0.010099 0.941324 0.047436 0.000828
2 3 0.001026 0.013204 0.868537 0.115896 0.001336
2 3 0.000199 0.003564 0.697327 0.298192 0.000717
2 3 0.001721 0.008748 0.709389 0.278877 0.001265
2 3 0.006197 0.026969 0.870637 0.093895 0.002302
2 0 0.006124 0.056041 0.896736 0.036742 0.004357
1 0 0.309424 0.355941 0.314607 0.001690 0.018337
0 1 0.524203 0.269975 0.201518 0.000443 0.003861
2 1 0.248515 0.348567 0.395221 0.000553 0.007145
2 2 0.012226 0.128808 0.852081 0.002150 0.004735
2 2 0.009861 0.050575 0.934025 0.005135 0.000403
2 1 0.359503 0.187707 0.445804 0.004468 0.002518
2 2 0.029963 0.077821 0.839554 0.047907 0.004756
2 2 0.023476 0.082642 0.851651 0.037148 0.005083
0 0 0.900515 0.074634 0.023996 0.000098 0.000757
0 0 0.543238 0.197158 0.255818 0.001460 0.002326
0 0 0.886907 0.039705 0.066309 0.005834 0.001245
0 0 0.708820 0.069826 0.212556 0.008179 0.000619
0 0 0.945801 0.045814 0.007715 0.000037 0.000633
0 0 0.726440 0.185521 0.082618 0.000464 0.004957
1 0 0.402775 0.409474 0.176759 0.000128 0.010864
2 1 0.102474 0.279247 0.600316 0.002978 0.014986
0 1 0.746761 0.168528 0.071974 0.001034 0.011702
2 2 0.018957 0.071254 0.884515 0.023079 0.002194
2 2 0.004238 0.074616 0.918932 0.001061 0.001154
2 2 0.006934 0.061810 0.928568 0.002155 0.000533
2 2 0.188059 0.318193 0.490264 0.000417 0.003068
2 1 0.128728 0.315459 0.552410 0.000358 0.003045
2 2 0.030205 0.249283 0.717763 0.000209 0.002540
2 1 0.096351 0.214497 0.684506 0.001762 0.002884
0 1 0.855481 0.071093 0.071382 0.001152 0.000891
0 0 0.931151 0.049726 0.015924 0.000370 0.002829
2 0 0.167621 0.408690 0.412140 0.000341 0.011208
0 1 0.809921 0.110288 0.074766 0.001309 0.003716
0 0 0.950387 0.030048 0.014879 0.001211 0.003476
2 1 0.043614 0.271267 0.658729 0.002343 0.024046
2 1 0.017651 0.247361 0.698073 0.001979 0.034936
2 2 0.001036 0.052011 0.942667 0.002000 0.002286
2 2 0.018794 0.173936 0.802786 0.000718 0.003765
2 2 0.017482 0.083455 0.893574 0.004423 0.001067
2 2 0.032273 0.119497 0.836523 0.008391 0.003317
1 2 0.311428 0.345930 0.331311 0.000701 0.010631
2 2 0.001146 0.066041 0.927406 0.001525 0.003883
2 2 0.004868 0.067888 0.922078 0.003509 0.001657
2 2 0.001583 0.036578 0.957316 0.003834 0.000689
2 2 0.000862 0.050640 0.947293 0.000441 0.000765
2 2 0.000197 0.005389 0.974385 0.019922 0.000108
2 2 0.001003 0.008961 0.950220 0.039613 0.000204
2 2 0.000024 0.001045 0.943421 0.055492 0.000019
2 2 0.000048 0.002422 0.696926 0.300000 0.000605
2 2 0.000041 0.002781 0.858878 0.137589 0.000712
2 2 0.000121 0.002195 0.584365 0.412885 0.000434
3 2 0.003618 0.010172 0.365386 0.609457 0.011366
2 2 0.001008 0.007721 0.606363 0.381861 0.003047
2 2 0.004324 0.036311 0.763264 0.164162 0.031940
3 3 0.000224 0.000392 0.052100 0.946511 0.000772
3 3 0.000161 0.000471 0.090987 0.907954 0.000427
3 3 0.000056 0.000064 0.017937 0.981851 0.000092
3 3 0.000045 0.000129 0.043825 0.955861 0.000140
3 3 0.000902 0.001005 0.059639 0.936264 0.002190
3 3 0.000825 0.001822 0.173884 0.822246 0.001223
3 3 0.000418 0.001073 0.165302 0.832745 0.000462
3 3 0.062814 0.044537 0.431391 0.443987 0.017271
2 2 0.026529 0.095951 0.866567 0.008992 0.001961
2 2 0.008369 0.069501 0.906749 0.012717 0.002664
0 0 0.836851 0.122254 0.035808 0.000332 0.004755
0 0 0.938648 0.050569 0.009995 0.000055 0.000733
0 0 0.855197 0.123265 0.020740 0.000008 0.000790
0 0 0.602023 0.253190 0.142439 0.000123 0.002224
1 1 0.261182 0.414015 0.318666 0.000130 0.006006
0 1 0.453195 0.335473 0.207673 0.000133 0.003526
2 0 0.241431 0.098668 0.635426 0.022004 0.002471
0 0 0.914151 0.068394 0.015815 0.000116 0.001524
0 0 0.945235 0.043163 0.010112 0.000137 0.001352
0 0 0.967777 0.027597 0.004381 0.000015 0.000230
0 0 0.965775 0.029861 0.004067 0.000013 0.000283
0 0 0.970946 0.025207 0.003617 0.000012 0.000217
0 0 0.697625 0.211173 0.087563 0.000192 0.003447
0 0 0.851155 0.120115 0.027946 0.000021 0.000763
0 0 0.895029 0.087501 0.016956 0.000013 0.000501
0 0 0.479595 0.341781 0.175360 0.000088 0.003175
1 1 0.307617 0.459228 0.221115 0.000110 0.011930
2 1 0.017093 0.235354 0.726596 0.001479 0.019478
2 1 0.045336 0.186025 0.762000 0.002503 0.004136
0 1 0.874068 0.089861 0.034589 0.000213 0.001269
0 0 0.968020 0.027344 0.004467 0.000012 0.000157
0 0 0.928443 0.049780 0.021515 0.000053 0.000208
0 0 0.703979 0.122785 0.172306 0.000525 0.000405
0 0 0.940773 0.046284 0.012782 0.000018 0.000144
0 0 0.961472 0.032106 0.006002 0.000029 0.000391
0 0 0.960222 0.030713 0.008292 0.000107 0.000666
0 0 0.743206 0.128143 0.123672 0.002038 0.002940
0 0 0.949310 0.032575 0.016030 0.000656 0.001429
0 0 0.986296 0.011022 0.002480 0.000030 0.000173
0 0 0.975111 0.019654 0.004402 0.000091 0.000741
0 0 0.919525 0.067281 0.011593 0.000057 0.001545
0 0 0.797144 0.163014 0.037145 0.000043 0.002654
1 1 0.339710 0.446530 0.193887 0.000176 0.019696
1 1 0.377490 0.394112 0.194281 0.000685 0.033432
0 0 0.880521 0.070756 0.045826 0.000880 0.002018
0 0 0.471423 0.043564 0.438815 0.045709 0.000489
0 0 0.835708 0.082097 0.080417 0.000961 0.000818
0 0 0.900865 0.074369 0.022106 0.000136 0.002524
0 0 0.571372 0.317310 0.107321 0.000039 0.003958
0 0 0.922415 0.049836 0.023759 0.000726 0.003263
0 0 0.892666 0.050181 0.031219 0.005239 0.020695
0 0 0.581640 0.255625 0.155123 0.000672 0.006941
0 1 0.450300 0.345678 0.196088 0.000245 0.007689
0 1 0.675225 0.241126 0.077385 0.000140 0.006125
0 2 0.700021 0.191648 0.105679 0.000275 0.002377
1 2 0.260627 0.376163 0.358263 0.000201 0.004745
0 0 0.433402 0.118185 0.421315 0.023093 0.004005
0 0 0.634986 0.158685 0.203504 0.001024 0.001802
0 0 0.953956 0.030619 0.011340 0.000796 0.003289
0 0 0.902166 0.067928 0.028976 0.000143 0.000788
0 0 0.717466 0.187036 0.089973 0.000467 0.005059
2 0 0.164455 0.231414 0.597191 0.002846 0.004093
0 0 0.708153 0.097925 0.166915 0.016249 0.010759
0 0 0.986880 0.011056 0.001813 0.000021 0.000230
0 0 0.960133 0.034755 0.004771 0.000015 0.000326
0 0 0.956825 0.036698 0.005945 0.000029 0.000502
0 0 0.916912 0.067753 0.014576 0.000039 0.000720
0 0 0.955691 0.038707 0.005351 0.000009 0.000242
0 0 0.828497 0.139781 0.031235 0.000008 0.000479
0 0 0.978870 0.019564 0.001528 0.000001 0.000039
0 0 0.974214 0.023857 0.001896 0.000000 0.000032
0 0 0.961607 0.032335 0.005851 0.000016 0.000191
0 0 0.948928 0.044605 0.005899 0.000016 0.000552
0 0 0.781539 0.180763 0.035124 0.000023 0.002551
0 1 0.456908 0.436299 0.096228 0.000018 0.010546
0 1 0.741774 0.236485 0.019538 0.000001 0.002203
0 0 0.872489 0.096431 0.029538 0.000123 0.001419
0 0 0.970191 0.022818 0.006195 0.000118 0.000678
0 0 0.971138 0.025269 0.003431 0.000008 0.000153
0 0 0.823299 0.130022 0.043882 0.000207 0.002590
0 0 0.881776 0.051388 0.060711 0.004159 0.001967
0 1 0.889263 0.069250 0.035815 0.001145 0.004528
0 1 0.847098 0.088019 0.063505 0.000551 0.000827
0 1 0.412891 0.305925 0.277711 0.000336 0.003137
0 1 0.399485 0.236039 0.360720 0.001247 0.002509
0 0 0.576077 0.124118 0.278999 0.015214 0.005593
0 0 0.737769 0.156692 0.101818 0.000774 0.002946
0 0 0.476691 0.283944 0.227801 0.001485 0.010079
0 1 0.855134 0.111860 0.030849 0.000123 0.002035
0 0 0.965391 0.029473 0.004799 0.000021 0.000317
0 0 0.922036 0.054936 0.022446 0.000142 0.000441
2 0 0.204430 0.335189 0.456765 0.000244 0.003372
2 1 0.087223 0.447788 0.458976 0.000057 0.005955
2 2 0.006680 0.132112 0.858174 0.000349 0.002685
2 2 0.000580 0.020081 0.972270 0.006555 0.000514
2 2 0.000837 0.008249 0.880332 0.110180 0.000403
2 2 0.009284 0.049115 0.903456 0.035921 0.002224
2 2 0.000293 0.007925 0.940756 0.050649 0.000377
2 2 0.001491 0.045851 0.944056 0.006074 0.002528
2 2 0.001214 0.036252 0.952821 0.007978 0.001736
2 1 0.043531 0.224718 0.703625 0.005564 0.022562
2 1 0.138557 0.194357 0.653188 0.007533 0.006365
2 2 0.011454 0.130444 0.847336 0.003090 0.007676
2 2 0.007992 0.149806 0.833207 0.001026 0.007968
2 2 0.001511 0.018578 0.966927 0.012677 0.000307
2 2 0.000634 0.021008 0.974932 0.003183 0.000243
2 2 0.000412 0.011193 0.975258 0.012977 0.000161
2 2 0.001359 0.013122 0.918077 0.066710 0.000732
2 2 0.007780 0.050594 0.935138 0.005924 0.000564
2 2 0.000992 0.020267 0.968949 0.009343 0.000449
2 2 0.000790 0.019345 0.964399 0.014944 0.000523
2 2 0.000116 0.001366 0.502669 0.495554 0.000295
2 2 0.001775 0.037738 0.954944 0.004624 0.000919
2 2 0.000254 0.006136 0.975544 0.017973 0.000094
2 2 0.002130 0.011390 0.939209 0.047036 0.000234
2 2 0.000237 0.009512 0.986492 0.003698 0.000061
2 2 0.004868 0.030286 0.960266 0.004429 0.000151
2 2 0.000015 0.002116 0.972729 0.025080 0.000059
2 2 0.000021 0.002738 0.991587 0.005633 0.000020
2 2 0.000557 0.017127 0.965651 0.016015 0.000650
2 2 0.001763 0.034735 0.919648 0.039825 0.004028
2 2 0.003273 0.027853 0.816958 0.144551 0.007365
2 2 0.000044 0.002273 0.672631 0.324347 0.000704
2 2 0.001655 0.032164 0.875044 0.070244 0.020894
2 2 0.000708 0.037756 0.943727 0.011804 0.006004
2 2 0.000048 0.005025 0.964997 0.029559 0.000371
2 2 0.000004 0.001145 0.961954 0.036845 0.000052
2 2 0.000075 0.003493 0.943663 0.052532 0.000237
2 2 0.000107 0.007635 0.968596 0.022896 0.000766
2 2 0.000546 0.029992 0.930854 0.029437 0.009171
2 2 0.009229 0.167575 0.670685 0.006494 0.146017
4 2 0.162318 0.188734 0.295279 0.025934 0.327734
2 2 0.016528 0.069967 0.864747 0.039058 0.009700
2 2 0.008503 0.123477 0.840721 0.008054 0.019245
2 2 0.003233 0.159033 0.816315 0.000612 0.020808
2 2 0.003579 0.288069 0.647498 0.000103 0.060752
2 2 0.003696 0.250416 0.626573 0.000437 0.118878
1 2 0.252911 0.445755 0.156306 0.000625 0.144403
1 0 0.138474 0.437243 0.331226 0.001526 0.091530
2 1 0.081019 0.049582 0.562866 0.297390 0.009143
2 2 0.059026 0.346142 0.474291 0.002177 0.118364
2 2 0.077335 0.248511 0.611639 0.010949 0.051567
2 1 0.028111 0.273726 0.630245 0.004361 0.063556
2 1 0.026242 0.228246 0.616113 0.020318 0.109080
2 2 0.007508 0.043983 0.776721 0.138793 0.032996
2 2 0.000037 0.030875 0.961734 0.000528 0.006825
2 2 0.001841 0.098578 0.881333 0.002398 0.015849
2 2 0.003012 0.162320 0.625026 0.002944 0.206698
2 2 0.000046 0.022405 0.965466 0.003287 0.008795
2 2 0.000047 0.017802 0.969818 0.006055 0.006278
2 2 0.000033 0.010845 0.974110 0.011032 0.003980
2 2 0.000018 0.007406 0.990448 0.001848 0.000280
2 2 0.000071 0.010452 0.952679 0.034157 0.002640
2 2 0.000057 0.010668 0.986932 0.002073 0.000271
2 2 0.000010 0.005597 0.992065 0.002091 0.000237
2 2 0.001043 0.022400 0.949153 0.025467 0.001937
2 2 0.000081 0.004992 0.822099 0.171562 0.001266
2 2 0.000045 0.003432 0.916128 0.079945 0.000451
2 2 0.000005 0.001141 0.944956 0.053840 0.000057
3 2 0.000080 0.001769 0.425581 0.571546 0.001024
3 3 0.000218 0.003161 0.426627 0.566479 0.003515
2 3 0.001377 0.009755 0.490035 0.480737 0.018096
3 3 0.007750 0.019631 0.415243 0.540803 0.016574
3 3 0.006079 0.006080 0.129647 0.842285 0.015908
3 3 0.001525 0.002100 0.095149 0.897437 0.003789
3 3 0.001826 0.002023 0.115091 0.878876 0.002184
3 3 0.014999 0.006101 0.093848 0.875500 0.009552
3 3 0.000766 0.000611 0.041460 0.955230 0.001933
3 3 0.000712 0.000194 0.011388 0.986975 0.000731
3 3 0.000656 0.000226 0.014216 0.984158 0.000744
3 3 0.001047 0.000356 0.017390 0.979992 0.001215
3 3 0.004886 0.001308 0.026656 0.961529 0.005621
3 3 0.003882 0.001902 0.047318 0.941568 0.005331
3 3 0.001322 0.001243 0.058847 0.935679 0.002910
3 3 0.000368 0.000157 0.013849 0.985169 0.000458
3 3 0.001067 0.000226 0.010171 0.987378 0.001157
3 3 0.000285 0.000075 0.007232 0.992129 0.000278
3 3 0.003711 0.003789 0.110213 0.873673 0.008614
3 3 0.000430 0.000183 0.016491 0.982516 0.000381
3 3 0.000217 0.000096 0.011628 0.987854 0.000205
3 3 0.000583 0.000168 0.011056 0.987606 0.000587
3 3 0.000784 0.000329 0.019694 0.978427 0.000766
3 3 0.000688 0.000132 0.007424 0.991019 0.000736
3 3 0.000694 0.000118 0.006485 0.991924 0.000779
3 3 0.002890 0.000625 0.016406 0.976767 0.003311
3 3 0.001056 0.000174 0.007536 0.990053 0.001181
3 3 0.001409 0.000375 0.015077 0.981631 0.001509
3 3 0.005232 0.001969 0.040782 0.946224 0.005794
3 3 0.000571 0.000313 0.023000 0.975488 0.000627
3 3 0.001369 0.000281 0.010969 0.985868 0.001512
3 3 0.001643 0.000277 0.010839 0.985854 0.001387
3 3 0.002651 0.000796 0.023142 0.970510 0.002901
3 3 0.002270 0.000721 0.023049 0.971517 0.002444
3 3 0.001842 0.000625 0.022631 0.972959 0.001944
3 3 0.000360 0.000053 0.003998 0.995205 0.000384
3 3 0.000943 0.000215 0.010506 0.987330 0.001006
3 3 0.001962 0.000462 0.017672 0.978348 0.001555
3 3 0.000568 0.000233 0.015761 0.982486 0.000952
3 3 0.000198 0.000044 0.005031 0.994534 0.000193
3 3 0.000922 0.000138 0.006313 0.991591 0.001036
3 3 0.002290 0.000569 0.017369 0.977229 0.002543
3 3 0.000622 0.000131 0.007925 0.990667 0.000654
3 3 0.001707 0.000638 0.024504 0.971378 0.001772
3 3 0.001216 0.000332 0.014536 0.982630 0.001287
3 3 0.000915 0.000120 0.005410 0.992510 0.001044
3 3 0.001091 0.000169 0.007134 0.990375 0.001231
3 3 0.000758 0.000093 0.004562 0.993724 0.000863
3 3 0.002304 0.001174 0.040161 0.954020 0.002342
3 3 0.007835 0.003449 0.058266 0.921730 0.008720
3 3 0.007762 0.003029 0.050558 0.929888 0.008763
3 3 0.001321 0.000267 0.010599 0.986355 0.001458
3 3 0.001067 0.001431 0.079667 0.915444 0.002391
3 3 0.000429 0.000090 0.006627 0.992413 0.000441
3 3 0.000738 0.000271 0.016391 0.981870 0.000731
3 3 0.001763 0.000551 0.020180 0.975633 0.001874
3 3 0.004701 0.000776 0.015065 0.973478 0.005979
3 3 0.001973 0.000253 0.007646 0.987583 0.002545
0 3 0.631771 0.086371 0.224702 0.043553 0.013603
2 1 0.051623 0.169434 0.760522 0.010174 0.008247
2 1 0.053142 0.054626 0.823190 0.067209 0.001833
2 1 0.015587 0.029994 0.822263 0.130397 0.001759
2 1 0.003576 0.014226 0.657342 0.322791 0.002065
2 1 0.006036 0.020950 0.707878 0.261676 0.003460
2 1 0.019746 0.042296 0.845115 0.091037 0.001806
2 2 0.272491 0.143532 0.574299 0.008038 0.001640
2 2 0.003272 0.021628 0.945790 0.028897 0.000413
2 2 0.000739 0.015339 0.973975 0.009753 0.000193
2 2 0.005008 0.021527 0.884798 0.087563 0.001104
2 2 0.001375 0.009538 0.894444 0.094091 0.000552
2 2 0.000009 0.004487 0.991903 0.003445 0.000157
2 2 0.000617 0.017500 0.962001 0.019209 0.000673
2 2 0.000210 0.009909 0.982030 0.007665 0.000186
2 2 0.000282 0.011707 0.977263 0.010523 0.000225
2 2 0.000166 0.019225 0.969933 0.008806 0.001869
2 2 0.000035 0.001907 0.917270 0.080690 0.000098
3 2 0.000914 0.003598 0.474891 0.519944 0.000653
2 2 0.000677 0.003965 0.687231 0.307764 0.000363
2 3 0.002193 0.015820 0.753025 0.224964 0.003997
2 3 0.000783 0.005378 0.682305 0.310865 0.000670
2 3 0.000481 0.008129 0.916552 0.074334 0.000504
2 3 0.006962 0.026974 0.896838 0.067303 0.001923
2 3 0.012857 0.016750 0.724227 0.245119 0.001047
2 3 0.008964 0.028226 0.925710 0.036420 0.000680
2 3 0.001765 0.028086 0.962329 0.007383 0.000437
2 3 0.006910 0.034555 0.909857 0.047187 0.001491
2 1 0.213409 0.148269 0.553888 0.067558 0.016877
2 1 0.382356 0.196637 0.386725 0.016016 0.018267
2 1 0.319776 0.149972 0.520423 0.007907 0.001922
2 1 0.057524 0.080722 0.851049 0.009873 0.000832
2 2 0.017614 0.047823 0.918580 0.015410 0.000574
2 2 0.006037 0.037664 0.948590 0.007371 0.000338
2 2 0.219829 0.146170 0.628298 0.004677 0.001026
2 2 0.133406 0.097392 0.740030 0.026862 0.002310
2 2 0.041601 0.043495 0.855183 0.058762 0.000958
2 2 0.000410 0.007075 0.981776 0.010705 0.000034
2 2 0.000216 0.005872 0.911102 0.082480 0.000330
2 2 0.001698 0.018829 0.956738 0.022284 0.000451
2 2 0.035428 0.029046 0.705745 0.227614 0.002167
2 2 0.033012 0.067194 0.872727 0.025856 0.001210
2 2 0.348959 0.075041 0.500591 0.072801 0.002608
2 2 0.022697 0.033530 0.749421 0.190483 0.003869
2 2 0.067163 0.070634 0.786662 0.071646 0.003894
2 2 0.009945 0.044853 0.913644 0.030114 0.001444
2 2 0.011828 0.041957 0.888283 0.055966 0.001966
2 2 0.000374 0.008196 0.975517 0.015765 0.000148
2 0 0.000157 0.009472 0.976334 0.013782 0.000256
2 0 0.215430 0.358511 0.385066 0.003969 0.037023
2 1 0.017096 0.050157 0.884306 0.046149 0.002292
2 1 0.081001 0.100531 0.780566 0.034153 0.003750
2 2 0.007614 0.055023 0.924538 0.011528 0.001297
2 2 0.012599 0.073325 0.906377 0.006404 0.001294
2 2 0.201516 0.147042 0.646890 0.003657 0.000895
0 0 0.504564 0.111053 0.373786 0.009661 0.000935
2 0 0.085674 0.134758 0.775434 0.003134 0.001001
2 0 0.233774 0.354392 0.404790 0.000586 0.006458
2 1 0.004378 0.094237 0.896949 0.001738 0.002698
2 1 0.018533 0.104200 0.867731 0.006317 0.003218
2 2 0.071449 0.072059 0.778375 0.074442 0.003675
2 2 0.031496 0.036437 0.833299 0.097520 0.001248
2 2 0.010897 0.045039 0.912988 0.030010 0.001066
0 0 0.937599 0.048105 0.013045 0.000148 0.001102
0 1 0.749246 0.164343 0.079806 0.000860 0.005746
2 2 0.042672 0.090872 0.860365 0.005296 0.000795
2 2 0.013281 0.105645 0.875802 0.002955 0.002316
2 2 0.019169 0.028177 0.841670 0.109109 0.001876
2 2 0.005353 0.067792 0.921460 0.003879 0.001517
2 2 0.000720 0.009916 0.962797 0.026240 0.000327
2 2 0.000098 0.004783 0.991601 0.003501 0.000017
2 2 0.000021 0.001866 0.996698 0.001413 0.000002
2 2 0.000169 0.002973 0.966715 0.030101 0.000042
2 2 0.003801 0.013965 0.932619 0.049295 0.000320
2 2 0.001525 0.009965 0.882510 0.105465 0.000535
2 2 0.001000 0.007741 0.816674 0.174000 0.000585
2 2 0.002156 0.040735 0.949889 0.006156 0.001064
2 2 0.005966 0.052872 0.929610 0.010037 0.001515
2 2 0.005336 0.025184 0.952583 0.016555 0.000342
2 2 0.012863 0.068216 0.903958 0.013043 0.001920
2 2 0.001383 0.037912 0.954021 0.005181 0.001504
2 2 0.004641 0.082900 0.903371 0.004091 0.004996
2 2 0.012776 0.167368 0.795355 0.002114 0.022387
2 2 0.024924 0.268160 0.660922 0.001305 0.044689
2 2 0.020645 0.258582 0.686433 0.000815 0.033524
2 2 0.049853 0.279984 0.591252 0.002310 0.076601
2 2 0.003802 0.268633 0.592527 0.000451 0.134586
2 2 0.002868 0.360885 0.384765 0.000046 0.251435
2 4 0.051618 0.303153 0.370480 0.002771 0.271978
4 4 0.041333 0.148615 0.267926 0.013272 0.528854
4 4 0.025330 0.057442 0.126104 0.020917 0.770206
4 4 0.244532 0.047967 0.018214 0.002323 0.686964
2 4 0.059052 0.233309 0.352360 0.004358 0.350920
4 4 0.026469 0.150155 0.144211 0.003465 0.675700
0 4 0.534178 0.078916 0.034696 0.006804 0.345406
0 4 0.718907 0.056279 0.012422 0.000765 0.211628
0 4 0.633489 0.029768 0.006334 0.000733 0.329676
0 4 0.688481 0.047706 0.011236 0.000969 0.251609
0 4 0.530022 0.093742 0.016216 0.000390 0.359630
4 4 0.118202 0.313057 0.160881 0.000982 0.406879
4 4 0.078144 0.242957 0.316331 0.004182 0.358385
2 4 0.007180 0.265047 0.616601 0.000582 0.110590
2 4 0.000610 0.039037 0.956760 0.001941 0.001652
2 4 0.001013 0.082298 0.900074 0.001462 0.015153
2 4 0.011093 0.185986 0.670743 0.003418 0.128759
4 4 0.008123 0.108588 0.048579 0.000133 0.834578
2 4 0.018190 0.398427 0.467165 0.000288 0.115930
1 4 0.045734 0.381164 0.374624 0.000796 0.197682
2 4 0.232402 0.301859 0.338412 0.003297 0.124030
2 4 0.234578 0.295028 0.349845 0.004432 0.116117
4 4 0.087800 0.113473 0.056725 0.001429 0.740572
1 4 0.043301 0.385272 0.301379 0.000407 0.269640
0 4 0.512814 0.103596 0.035063 0.002936 0.345591
0 4 0.480337 0.044075 0.018328 0.005817 0.451443
0 4 0.866818 0.019362 0.003851 0.000441 0.109528
4 4 0.362104 0.126937 0.030023 0.000955 0.479981
0 4 0.436498 0.121023 0.037287 0.002222 0.402969
0 4 0.786065 0.114667 0.011603 0.000053 0.087613
0 4 0.654551 0.110387 0.011332 0.000073 0.223658
4 4 0.259582 0.022873 0.006189 0.001278 0.710079
0 4 0.452648 0.051766 0.051357 0.032253 0.411976
0 4 0.300978 0.194500 0.266698 0.023611 0.214212
2 4 0.014322 0.161720 0.742222 0.008640 0.073096
4 4 0.029066 0.357726 0.205122 0.000187 0.407900
4 4 0.008548 0.304688 0.222461 0.000074 0.464229
0 4 0.560124 0.127460 0.032683 0.001246 0.278488
4 4 0.112124 0.160986 0.114221 0.007094 0.605576
4 4 0.393255 0.056603 0.014393 0.001242 0.534506
4 4 0.272557 0.059987 0.021862 0.003350 0.642244
1 0 0.162668 0.452517 0.075524 0.000086 0.309205
2 1 0.002600 0.157067 0.752691 0.001652 0.085991
2 2 0.018975 0.344086 0.567652 0.000474 0.068813
1 2 0.263584 0.431991 0.115643 0.000124 0.188658
2 2 0.060096 0.328218 0.352162 0.001946 0.257578
2 2 0.061984 0.289648 0.608685 0.001758 0.037924
2 2 0.007031 0.100931 0.885247 0.002671 0.004120
2 2 0.000920 0.042218 0.954524 0.001351 0.000987
2 2 0.000439 0.034949 0.962745 0.001054 0.000813
2 2 0.000353 0.020145 0.978227 0.001099 0.000176
2 2 0.000309 0.014454 0.982530 0.002562 0.000145
2 2 0.000531 0.033685 0.960452 0.003382 0.001950
2 2 0.000157 0.023497 0.975176 0.000616 0.000553
2 2 0.000025 0.014871 0.982998 0.000936 0.001170
2 2 0.000001 0.001679 0.995395 0.002877 0.000048
2 2 0.000023 0.005957 0.985935 0.007842 0.000244
2 0 0.001047 0.033130 0.947224 0.016321 0.002278
0 0 0.871925 0.099579 0.026362 0.000133 0.002000
0 0 0.928331 0.058565 0.011870 0.000083 0.001151
0 0 0.959759 0.032804 0.006584 0.000068 0.000785
0 0 0.639666 0.211477 0.140060 0.001407 0.007390
0 0 0.652328 0.228642 0.110477 0.000656 0.007897
0 0 0.868344 0.089255 0.034290 0.001216 0.006896
0 0 0.676864 0.156377 0.111485 0.015089 0.040185
0 0 0.852598 0.093094 0.041778 0.002288 0.010242
0 0 0.832863 0.113158 0.050216 0.000635 0.003128
0 0 0.896849 0.052073 0.041365 0.004511 0.005202
0 0 0.897890 0.052016 0.042633 0.003652 0.003809
0 0 0.907295 0.036037 0.043602 0.009020 0.004046
0 0 0.929924 0.034775 0.020065 0.004924 0.010312
0 0 0.840335 0.048351 0.069592 0.029697 0.012026
0 0 0.851860 0.107024 0.035166 0.000674 0.005275
0 0 0.944866 0.034396 0.014511 0.001392 0.004836
0 0 0.958088 0.016818 0.010735 0.006010 0.008349
0 0 0.985434 0.008896 0.003407 0.000629 0.001634
0 0 0.952213 0.039031 0.007164 0.000068 0.001525
0 0 0.976477 0.017416 0.004784 0.000201 0.001123
0 0 0.982303 0.010785 0.004009 0.000642 0.002260
0 0 0.992279 0.004412 0.000910 0.000103 0.002296
0 0 0.931100 0.039775 0.004458 0.000045 0.024622
0 0 0.925696 0.060206 0.011930 0.000091 0.002076
0 0 0.797281 0.069360 0.114731 0.013757 0.004870
0 0 0.919689 0.035054 0.038048 0.004760 0.002449
0 0 0.865796 0.066344 0.064492 0.001552 0.001817
0 0 0.991060 0.007076 0.001483 0.000051 0.000330
0 0 0.942844 0.046320 0.010460 0.000016 0.000360
0 0 0.974340 0.014579 0.009882 0.000606 0.000594
0 0 0.917746 0.036185 0.042555 0.002516 0.000998
2 0 0.241153 0.133423 0.615701 0.007481 0.002242
0 1 0.615317 0.188840 0.185951 0.001503 0.008388
0 1 0.445681 0.432566 0.101776 0.000034 0.019942
2 1 0.150882 0.268530 0.575735 0.000945 0.003908
0 1 0.486830 0.254225 0.257465 0.000215 0.001266
2 1 0.053516 0.246200 0.688155 0.001817 0.010312
2 2 0.018242 0.109726 0.863015 0.005034 0.003983
2 2 0.007890 0.101212 0.885238 0.002227 0.003433
2 2 0.015458 0.121184 0.851246 0.005865 0.006246
2 2 0.010786 0.058648 0.919068 0.010455 0.001043
2 2 0.000842 0.021450 0.965995 0.011177 0.000535
2 2 0.001821 0.029924 0.939087 0.027646 0.001521
2 2 0.013038 0.141930 0.826733 0.005165 0.013135
2 2 0.000724 0.058533 0.932571 0.002030 0.006142
2 2 0.000234 0.052851 0.943121 0.000356 0.003438
2 2 0.000129 0.048818 0.938332 0.000900 0.011822
2 2 0.000009 0.005652 0.992957 0.001244 0.000138
2 2 0.000001 0.001968 0.995884 0.002088 0.000059
2 2 0.000002 0.002645 0.994293 0.002929 0.000131
2 2 0.000018 0.011777 0.985959 0.001392 0.000854
2 2 0.000131 0.032183 0.965491 0.000624 0.001570
2 2 0.000075 0.008246 0.988998 0.002579 0.000101
2 2 0.000056 0.003740 0.980739 0.015413 0.000052
2 2 0.000112 0.006843 0.985406 0.007548 0.000092
2 2 0.000203 0.013132 0.982813 0.003663 0.000189
2 2 0.000064 0.008233 0.988314 0.003233 0.000156
2 2 0.002342 0.031192 0.959944 0.005663 0.000859
2 2 0.000318 0.008735 0.977197 0.013555 0.000195
2 2 0.002570 0.057830 0.935425 0.002810 0.001365
2 2 0.000401 0.012130 0.970917 0.016137 0.000414
2 2 0.000394 0.008822 0.980338 0.010335 0.000112
2 2 0.000013 0.004110 0.993998 0.001836 0.000043
2 2 0.000030 0.005890 0.976621 0.017092 0.000366
2 2 0.000113 0.004301 0.953326 0.042085 0.000176
2 2 0.000131 0.004539 0.979553 0.015694 0.000084
2 2 0.000036 0.003694 0.994122 0.002130 0.000017
2 2 0.000015 0.001855 0.987761 0.010353 0.000016
2 2 0.000092 0.003823 0.860816 0.134866 0.000404
2 3 0.000849 0.010458 0.861643 0.125818 0.001231
2 3 0.000051 0.002112 0.902165 0.095531 0.000140
2 3 0.000038 0.001107 0.704907 0.293822 0.000126
2 3 0.000469 0.007851 0.929457 0.061792 0.000430
2 3 0.003687 0.015798 0.705813 0.271860 0.002842
3 3 0.000058 0.000251 0.094401 0.905044 0.000246
3 3 0.000435 0.000644 0.074927 0.923339 0.000656
3 3 0.000233 0.000197 0.024378 0.974825 0.000367
3 3 0.000188 0.000556 0.092398 0.906117 0.000741
3 3 0.000211 0.002243 0.442126 0.554796 0.000623
3 3 0.000078 0.001430 0.420685 0.577373 0.000434
3 3 0.000787 0.000940 0.119808 0.877788 0.000677
3 3 0.000635 0.000648 0.046402 0.950905 0.001410
3 3 0.000123 0.000165 0.030278 0.969168 0.000265
3 3 0.002951 0.003336 0.140694 0.850543 0.002475
3 3 0.000955 0.005342 0.324241 0.663820 0.005641
3 3 0.000815 0.000788 0.050213 0.946878 0.001306
3 3 0.001069 0.000461 0.023121 0.974124 0.001225
3 3 0.001729 0.000494 0.017992 0.977930 0.001856
3 3 0.000718 0.000444 0.028635 0.969148 0.001055
3 3 0.000067 0.000043 0.010187 0.989620 0.000082
3 3 0.000216 0.000254 0.034971 0.964274 0.000285
3 3 0.000737 0.000457 0.029314 0.968531 0.000962
3 3 0.001614 0.000594 0.023475 0.972645 0.001672
3 3 0.001626 0.000408 0.015017 0.981181 0.001769
3 3 0.001994 0.000327 0.010006 0.985359 0.002315
3 3 0.005737 0.001422 0.026188 0.959926 0.006727
3 3 0.001153 0.000255 0.011084 0.986260 0.001248
3 3 0.002146 0.000521 0.016411 0.978542 0.002381
3 3 0.000826 0.000371 0.021874 0.976126 0.000803
3 3 0.000806 0.000353 0.020961 0.977096 0.000785
3 3 0.000150 0.000049 0.006857 0.992806 0.000138
3 3 0.001010 0.000391 0.020102 0.977485 0.001012
3 3 0.000377 0.000112 0.009435 0.989707 0.000369
3 3 0.000870 0.000313 0.017243 0.980702 0.000872
3 3 0.002278 0.000443 0.012985 0.981686 0.002609
3 3 0.002081 0.001947 0.104081 0.890588 0.001303
3 3 0.002465 0.000647 0.028921 0.966885 0.001081
3 3 0.000546 0.000184 0.012943 0.985789 0.000537
3 3 0.003043 0.000684 0.017554 0.975239 0.003480
3 3 0.001244 0.000285 0.011981 0.985142 0.001347
3 3 0.000343 0.000095 0.008260 0.990967 0.000337
3 3 0.001263 0.000735 0.035107 0.961374 0.001520
3 3 0.001920 0.000784 0.028631 0.966681 0.001984
3 3 0.005252 0.002549 0.058195 0.926943 0.007061
2 3 0.000090 0.003760 0.775575 0.218968 0.001606
2 3 0.001176 0.029442 0.939940 0.027286 0.002156
2 1 0.023029 0.074185 0.855252 0.043909 0.003625
2 1 0.013378 0.038302 0.640433 0.297679 0.010209
2 2 0.012043 0.045301 0.763162 0.164334 0.015161
2 2 0.002667 0.034353 0.914601 0.042632 0.005748
2 2 0.004939 0.043930 0.909145 0.035866 0.006121
2 2 0.005219 0.054976 0.927831 0.009242 0.002732
2 2 0.000149 0.002860 0.885970 0.110889 0.000132
2 2 0.000120 0.003649 0.960390 0.035785 0.000057
2 2 0.006895 0.017633 0.788986 0.184871 0.001615
2 2 0.002685 0.013999 0.899777 0.082977 0.000563
2 2 0.011273 0.054046 0.914151 0.019115 0.001414
2 2 0.134102 0.091950 0.723087 0.047439 0.003423
2 2 0.001739 0.008640 0.712468 0.276353 0.000800
2 2 0.000500 0.004061 0.846877 0.148391 0.000171
2 2 0.000455 0.010444 0.957328 0.031339 0.000434
2 2 0.000056 0.003057 0.930560 0.066171 0.000156
2 2 0.000423 0.021399 0.970097 0.007303 0.000779
2 2 0.004875 0.031330 0.942366 0.020889 0.000541
2 2 0.000217 0.010288 0.964662 0.024148 0.000685
2 2 0.000033 0.003415 0.936787 0.059456 0.000310
2 2 0.000200 0.010494 0.962528 0.026308 0.000470
2 2 0.001498 0.018120 0.964524 0.015617 0.000240
2 2 0.022298 0.065783 0.887114 0.023327 0.001477
2 2 0.000265 0.007390 0.970048 0.022128 0.000170
2 2 0.000736 0.024959 0.967892 0.005788 0.000626
2 2 0.000641 0.011520 0.964015 0.023591 0.000233
2 2 0.000056 0.003109 0.987395 0.009422 0.000019
2 2 0.000120 0.006158 0.980505 0.013132 0.000085
2 2 0.052143 0.147309 0.786348 0.008025 0.006174
2 2 0.154990 0.392409 0.421750 0.000773 0.030077
2 2 0.007708 0.234449 0.731883 0.000397 0.025563
2 2 0.002114 0.080557 0.912636 0.000827 0.003865
2 2 0.009160 0.044588 0.914259 0.028836 0.003158
2 2 0.000716 0.068428 0.911783 0.003061 0.016011
2 2 0.004020 0.369542 0.425055 0.000058 0.201326
2 2 0.004408 0.222317 0.703418 0.000570 0.069287
1 2 0.076864 0.361346 0.285695 0.001803 0.274291
2 2 0.020266 0.216487 0.746872 0.001464 0.014911
2 2 0.005858 0.260584 0.690363 0.000245 0.042950
2 2 0.001492 0.209263 0.688689 0.000320 0.100237
2 2 0.027291 0.399841 0.413260 0.000435 0.159173
2 2 0.008374 0.282482 0.632675 0.000581 0.075888
2 2 0.120192 0.365468 0.496735 0.000606 0.017000
1 2 0.195626 0.547073 0.228955 0.000053 0.028293
1 2 0.041866 0.481887 0.460665 0.000037 0.015546
2 2 0.035944 0.319057 0.564609 0.001082 0.079309
2 4 0.011274 0.166783 0.526457 0.007098 0.288389
4 4 0.042880 0.167337 0.155525 0.002984 0.631274
4 4 0.160892 0.062005 0.138497 0.152054 0.486552
0 4 0.351571 0.110480 0.246113 0.100716 0.191120
0 4 0.420180 0.144372 0.114977 0.012933 0.307538
0 4 0.467687 0.307850 0.194240 0.000664 0.029558
2 4 0.189015 0.262934 0.390955 0.009767 0.147329
4 4 0.237938 0.147987 0.191750 0.032973 0.389352
0 4 0.510947 0.064887 0.016759 0.001355 0.406052
0 4 0.916064 0.051954 0.004953 0.000028 0.027001
0 4 0.688531 0.228131 0.046074 0.000105 0.037158
2 4 0.027895 0.229361 0.690159 0.005263 0.047322
4 4 0.091868 0.059913 0.013189 0.000170 0.834860
4 4 0.300212 0.027741 0.006487 0.000867 0.664694
0 4 0.631702 0.079128 0.018058 0.000890 0.270222
0 4 0.683578 0.095825 0.017139 0.000395 0.203064
0 4 0.477199 0.143309 0.027434 0.000513 0.351545
1 4 0.004087 0.388281 0.286999 0.000028 0.320604
1 1 0.082560 0.625238 0.086756 0.000007 0.205440
0 1 0.551493 0.314827 0.119507 0.000286 0.013887
1 2 0.113671 0.653563 0.189782 0.000010 0.042974
2 2 0.011039 0.276430 0.663116 0.000527 0.048889
2 2 0.004938 0.098277 0.865663 0.005862 0.025260
2 2 0.019695 0.367687 0.514627 0.000439 0.097553
1 2 0.055500 0.375515 0.250394 0.000317 0.318274
4 2 0.022787 0.278758 0.182113 0.000369 0.515972
2 2 0.011443 0.198316 0.745325 0.003012 0.041904
2 2 0.001255 0.145440 0.795337 0.000906 0.057062
1 4 0.201117 0.338525 0.136808 0.000763 0.322786
4 4 0.054741 0.163050 0.091970 0.001593 0.688646
4 4 0.124008 0.266352 0.228236 0.003891 0.377514
1 4 0.147586 0.397392 0.146650 0.000619 0.307753
4 4 0.047054 0.266617 0.298288 0.001812 0.386229
4 4 0.221685 0.334679 0.062666 0.000121 0.380850
4 4 0.289546 0.057851 0.010619 0.000415 0.641569
4 4 0.076126 0.109279 0.036942 0.000367 0.777287
4 4 0.307312 0.037992 0.007166 0.000456 0.647074
0 4 0.513767 0.036089 0.007858 0.000801 0.441484
4 4 0.192221 0.176914 0.068766 0.000887 0.561212
0 4 0.826705 0.112800 0.023506 0.000223 0.036765
0 4 0.786854 0.138815 0.034367 0.000614 0.039350
1 4 0.085811 0.507072 0.199049 0.000219 0.207848
2 4 0.004065 0.234268 0.461510 0.000970 0.299187
2 4 0.003652 0.176259 0.616296 0.001474 0.202319
4 4 0.041253 0.200709 0.208189 0.001801 0.548048
0 4 0.811745 0.095335 0.013994 0.000161 0.078765
0 4 0.873275 0.080771 0.013250 0.000163 0.032541
0 4 0.711244 0.155473 0.115814 0.002866 0.014602
2 4 0.049957 0.225890 0.699041 0.004998 0.020113
2 4 0.006146 0.064765 0.791930 0.087077 0.050082
0 1 0.510276 0.150152 0.213036 0.055372 0.071164
0 0 0.628026 0.057675 0.295098 0.018610 0.000590
1 0 0.272547 0.362797 0.331066 0.002074 0.031515
2 1 0.017114 0.225984 0.741523 0.001066 0.014312
2 1 0.000471 0.040682 0.954451 0.001947 0.002448
2 1 0.000157 0.060105 0.924088 0.000713 0.014938
2 2 0.000124 0.090132 0.868689 0.000236 0.040819
2 2 0.000088 0.047180 0.941862 0.000484 0.010387
2 2 0.000179 0.073265 0.906260 0.000368 0.019928
2 2 0.000002 0.003798 0.993077 0.002720 0.000403
2 2 0.000015 0.014228 0.982569 0.001079 0.002109
2 2 0.000043 0.009655 0.982497 0.007073 0.000732
2 2 0.000109 0.018444 0.975722 0.002433 0.003292
2 2 0.000169 0.015625 0.982283 0.001687 0.000236
2 2 0.000274 0.024079 0.971703 0.003028 0.000916
2 2 0.000047 0.011942 0.986162 0.001505 0.000343
2 2 0.000031 0.016087 0.978458 0.002597 0.002828
2 2 0.000005 0.008890 0.987061 0.002039 0.002005
2 2 0.000109 0.030250 0.965590 0.001016 0.003034
2 2 0.000547 0.031943 0.964106 0.001894 0.001510
2 2 0.000010 0.005349 0.988265 0.005003 0.001374
2 2 0.000091 0.007830 0.985597 0.006345 0.000137
2 2 0.000160 0.058523 0.910898 0.001389 0.029031
2 2 0.002597 0.144170 0.624048 0.002853 0.226332
2 2 0.004824 0.167008 0.717971 0.002330 0.107867
2 2 0.007793 0.213272 0.755892 0.000729 0.022315
2 2 0.000412 0.093052 0.898328 0.000177 0.008031
2 2 0.003956 0.134378 0.859326 0.000153 0.002187
2 2 0.000466 0.019138 0.978514 0.001731 0.000151
2 2 0.000064 0.007045 0.992200 0.000669 0.000022
2 1 0.000052 0.004769 0.981263 0.013826 0.000090
2 2 0.001492 0.042154 0.921996 0.028205 0.006154
2 2 0.001523 0.215913 0.683561 0.000220 0.098784
2 2 0.000288 0.192862 0.572800 0.000061 0.233989
2 2 0.002329 0.250280 0.596396 0.000316 0.150679
2 2 0.000541 0.093508 0.842641 0.002921 0.060390
2 2 0.000364 0.126136 0.821867 0.000312 0.051322
2 2 0.000340 0.074718 0.885220 0.001662 0.038061
2 2 0.000753 0.052373 0.926747 0.008005 0.012123
2 2 0.000896 0.098805 0.847276 0.002467 0.050556
2 2 0.002070 0.138142 0.844546 0.000490 0.014752
2 2 0.002418 0.128991 0.842485 0.001776 0.024331
2 2 0.007084 0.190198 0.782302 0.000753 0.019663
2 2 0.000067 0.036170 0.956941 0.000737 0.006085
2 1 0.002848 0.207338 0.770525 0.000224 0.019065
2 1 0.001445 0.039438 0.951692 0.005959 0.001466
2 2 0.000236 0.023733 0.972917 0.002186 0.000929
2 2 0.000019 0.007653 0.984527 0.006657 0.001144
2 2 0.003495 0.077263 0.748842 0.030585 0.139815
4 2 0.148365 0.023884 0.028325 0.066813 0.732613
4 2 0.123964 0.209425 0.251370 0.009883 0.405358
2 2 0.001431 0.076248 0.906280 0.003182 0.012858
2 2 0.000190 0.061768 0.885416 0.001344 0.051281
2 2 0.000016 0.015274 0.974314 0.001803 0.008594
2 2 0.000005 0.005845 0.991523 0.002124 0.000503
2 2 0.001339 0.022927 0.921534 0.046195 0.008005
2 2 0.000112 0.025227 0.970312 0.002073 0.002276
2 2 0.000249 0.044379 0.950329 0.001034 0.004009
2 2 0.000751 0.057583 0.927925 0.004344 0.009397
2 2 0.003004 0.024570 0.874446 0.094861 0.003118
2 2 0.000138 0.016043 0.982506 0.001059 0.000255
2 2 0.000005 0.002056 0.981106 0.016744 0.000089
2 2 0.000110 0.037219 0.944495 0.002494 0.015682
2 2 0.002548 0.127113 0.734455 0.005679 0.130205
2 2 0.000395 0.143921 0.732209 0.000332 0.123143
2 2 0.001762 0.247853 0.609665 0.000212 0.140508
2 2 0.000194 0.075916 0.875913 0.000900 0.047077
2 2 0.000003 0.005306 0.987930 0.005856 0.000905
2 1 0.255578 0.326499 0.365047 0.008334 0.044542
2 1 0.096550 0.135099 0.728785 0.030841 0.008725
2 2 0.000896 0.031388 0.933542 0.026314 0.007859
2 2 0.000392 0.033740 0.941040 0.015173 0.009655
2 2 0.001037 0.096380 0.877920 0.001523 0.023140
2 2 0.000219 0.032256 0.965042 0.000976 0.001507
2 2 0.000119 0.040380 0.954479 0.000530 0.004493
2 2 0.001179 0.072779 0.908649 0.003363 0.014030
2 4 0.004846 0.233475 0.672564 0.000797 0.088318
2 4 0.000477 0.181449 0.617533 0.000222 0.200319
2 4 0.000128 0.058739 0.887269 0.000975 0.052889
4 4 0.003662 0.224492 0.358910 0.000502 0.412434
4 4 0.028144 0.335603 0.294987 0.000325 0.340941
1 4 0.037569 0.393685 0.361413 0.000612 0.206722
0 4 0.639332 0.013193 0.007954 0.015550 0.323971
0 4 0.749360 0.114879 0.041722 0.002315 0.091725
0 4 0.568580 0.323644 0.020198 0.000005 0.087572
0 1 0.587999 0.364598 0.027432 0.000003 0.019968
2 1 0.160839 0.317240 0.509254 0.001000 0.011667
1 1 0.174087 0.595655 0.078227 0.000013 0.152018
1 1 0.080937 0.532854 0.241260 0.000162 0.144787
2 2 0.101247 0.426694 0.448359 0.000344 0.023357
2 2 0.037290 0.220262 0.731281 0.001925 0.009241
2 2 0.014381 0.142846 0.837688 0.001158 0.003927
2 2 0.000169 0.023723 0.968931 0.003834 0.003344
2 2 0.000023 0.009898 0.988294 0.001412 0.000373
2 2 0.000006 0.004453 0.985210 0.009762 0.000570
2 2 0.000162 0.016167 0.977476 0.005497 0.000699
2 2 0.000145 0.015833 0.971477 0.011185 0.001360
2 2 0.000160 0.012398 0.980647 0.006307 0.000489
2 2 0.000143 0.020866 0.976828 0.001365 0.000798
2 2 0.000152 0.046548 0.940214 0.001555 0.011530
2 2 0.002719 0.072933 0.917952 0.002599 0.003797
2 2 0.001070 0.026764 0.957988 0.012051 0.002127
2 2 0.000120 0.013480 0.981882 0.004022 0.000496
2 2 0.000508 0.022540 0.964761 0.010156 0.002035
2 2 0.000008 0.001543 0.928943 0.069367 0.000139
2 2 0.000010 0.002450 0.992433 0.005081 0.000025
2 2 0.000071 0.014374 0.984346 0.000910 0.000300
2 2 0.000015 0.005099 0.993456 0.001359 0.000071
