0 0 0.990427 0.009173 0.000331 0.000000 0.000070
0 0 0.906780 0.064938 0.007179 0.000004 0.021100
0 0 0.938686 0.038600 0.001459 0.000000 0.021255
0 0 0.970486 0.026232 0.001204 0.000000 0.002077
0 0 0.932289 0.058614 0.007649 0.000004 0.001445
0 0 0.986235 0.010616 0.000780 0.000000 0.002369
0 0 0.940437 0.043736 0.006210 0.000007 0.009610
0 0 0.988756 0.005295 0.000670 0.000000 0.005278
0 0 0.949980 0.032161 0.004359 0.000005 0.013495
0 0 0.916917 0.055466 0.008468 0.000006 0.019143
0 0 0.964835 0.005080 0.003122 0.000076 0.026886
0 0 0.982425 0.002489 0.000840 0.000004 0.014242
0 0 0.968798 0.009525 0.002082 0.000006 0.019589
0 0 0.937200 0.045334 0.002262 0.000000 0.015203
0 0 0.899901 0.068414 0.006598 0.000006 0.025080
0 0 0.867458 0.084260 0.006801 0.000006 0.041475
0 0 0.938403 0.045363 0.002321 0.000000 0.013913
0 0 0.970743 0.023758 0.000773 0.000000 0.004727
0 0 0.965295 0.025057 0.000726 0.000000 0.008921
0 0 0.938437 0.041214 0.001742 0.000000 0.018607
0 0 0.906544 0.069984 0.005603 0.000003 0.017865
0 0 0.910309 0.059984 0.003612 0.000001 0.026094
0 0 0.862607 0.089534 0.006452 0.000002 0.041404
1 0 0.234461 0.381283 0.114046 0.000551 0.269658
0 0 0.549652 0.338375 0.066246 0.000026 0.045702
0 0 0.687205 0.221361 0.073828 0.000807 0.016799
0 0 0.660499 0.206626 0.028503 0.000041 0.104331
0 0 0.841947 0.083330 0.005902 0.000005 0.068815
0 0 0.920964 0.038985 0.001751 0.000000 0.038300
0 0 0.919905 0.053160 0.002831 0.000001 0.024103
0 0 0.938128 0.048237 0.002843 0.000001 0.010792
0 0 0.954697 0.039097 0.002407 0.000000 0.003798
0 0 0.914316 0.070367 0.006986 0.000004 0.008326
0 0 0.827189 0.135230 0.016351 0.000009 0.021221
0 0 0.911892 0.069121 0.005935 0.000003 0.013048
0 0 0.918228 0.060611 0.004137 0.000002 0.017023
0 0 0.874669 0.099282 0.006204 0.000000 0.019845
0 0 0.937192 0.045471 0.002283 0.000000 0.015053
0 0 0.955404 0.030096 0.000962 0.000000 0.013538
0 0 0.945513 0.042721 0.002261 0.000000 0.009504
0 0 0.906257 0.047757 0.009039 0.000038 0.036909
0 0 0.947128 0.044686 0.002940 0.000001 0.005246
0 0 0.892754 0.067684 0.004362 0.000002 0.035198
0 0 0.933515 0.043311 0.002381 0.000001 0.020793
0 0 0.968411 0.016615 0.002490 0.000003 0.012481
0 0 0.918869 0.058303 0.003776 0.000001 0.019051
0 1 0.899551 0.066796 0.007093 0.000008 0.026552
0 1 0.800373 0.158122 0.016271 0.000003 0.025231
0 1 0.476389 0.276822 0.043398 0.000059 0.203333
0 2 0.708454 0.080109 0.009835 0.000047 0.201555
1 2 0.225657 0.400008 0.098253 0.000137 0.275944
4 2 0.007247 0.196097 0.059739 0.000011 0.736907
4 2 0.015941 0.328105 0.242962 0.000267 0.412725
4 2 0.003726 0.255890 0.201435 0.000205 0.538743
2 2 0.009406 0.350317 0.453037 0.000632 0.186608
2 2 0.004239 0.147149 0.749206 0.003482 0.095924
2 2 0.000209 0.076335 0.894830 0.000778 0.027848
2 2 0.000166 0.036737 0.935792 0.008891 0.018414
2 2 0.000443 0.046438 0.888980 0.003016 0.061124
2 2 0.002918 0.175865 0.710575 0.000229 0.110413
2 2 0.000158 0.005730 0.976706 0.016386 0.001019
2 2 0.006898 0.086790 0.892500 0.005290 0.008521
2 2 0.001970 0.088041 0.891915 0.001712 0.016362
2 2 0.000149 0.044939 0.916531 0.001209 0.037173
2 2 0.000826 0.053340 0.929667 0.006186 0.009981
2 2 0.000644 0.060077 0.920695 0.001272 0.017312
2 2 0.000154 0.014474 0.982005 0.001994 0.001372
2 2 0.000003 0.001129 0.993112 0.005592 0.000164
2 2 0.000089 0.004438 0.978655 0.013575 0.003243
2 2 0.000750 0.036892 0.949067 0.002105 0.011186
2 2 0.000007 0.000502 0.918417 0.080930 0.000144
2 2 0.000304 0.001624 0.623737 0.373923 0.000412
2 2 0.000149 0.002294 0.687846 0.308775 0.000936
2 2 0.000231 0.005062 0.772313 0.218272 0.004122
2 2 0.000033 0.001717 0.900093 0.097616 0.000541
2 2 0.000051 0.001836 0.866097 0.131586 0.000430
2 3 0.000020 0.001359 0.932391 0.065951 0.000279
3 3 0.000033 0.000760 0.469632 0.528977 0.000598
2 3 0.000170 0.002749 0.574266 0.420446 0.002369
3 3 0.000164 0.001086 0.421591 0.576691 0.000468
3 3 0.000242 0.002197 0.375198 0.619768 0.002594
3 3 0.000155 0.001003 0.192906 0.804672 0.001263
3 3 0.000530 0.003737 0.273640 0.716280 0.005813
3 3 0.000019 0.000356 0.248189 0.750549 0.000886
3 3 0.000046 0.000401 0.176204 0.822769 0.000580
3 3 0.000125 0.001735 0.382692 0.613448 0.002000
3 3 0.002391 0.004265 0.108985 0.862376 0.021983
3 3 0.000388 0.000776 0.055501 0.941130 0.002205
3 3 0.000027 0.000049 0.017407 0.982319 0.000198
3 3 0.000087 0.002143 0.486432 0.507343 0.003995
3 3 0.000002 0.000009 0.018082 0.981864 0.000042
3 3 0.000062 0.000373 0.116649 0.882184 0.000732
3 3 0.000196 0.001531 0.248959 0.747421 0.001893
3 3 0.000949 0.006775 0.340741 0.631729 0.019807
3 3 0.000732 0.001492 0.083836 0.905268 0.008672
3 3 0.000223 0.001231 0.152664 0.843312 0.002569
3 3 0.000421 0.002816 0.224955 0.766123 0.005685
3 3 0.001770 0.008514 0.251758 0.722003 0.015955
3 3 0.000039 0.000032 0.006645 0.993090 0.000193
3 3 0.000147 0.000054 0.006334 0.992612 0.000853
3 3 0.000014 0.000159 0.151850 0.847704 0.000273
3 3 0.000294 0.000385 0.030000 0.968255 0.001066
3 3 0.000522 0.000270 0.007777 0.988996 0.002435
3 3 0.001025 0.001281 0.041958 0.946065 0.009671
3 3 0.000028 0.000023 0.006055 0.993752 0.000141
3 3 0.000131 0.000253 0.025743 0.972145 0.001728
3 3 0.000797 0.001905 0.073505 0.916769 0.007024
3 3 0.001089 0.003374 0.116823 0.868778 0.009935
3 3 0.000063 0.000443 0.123094 0.875205 0.001195
3 3 0.000469 0.000385 0.020424 0.974009 0.004713
3 3 0.001198 0.002548 0.107465 0.880236 0.008553
3 3 0.000210 0.000160 0.010794 0.987919 0.000917
3 3 0.000281 0.000200 0.010674 0.987620 0.001225
3 3 0.000417 0.000554 0.027983 0.968441 0.002604
3 3 0.000494 0.000744 0.032593 0.962217 0.003953
3 3 0.000852 0.000497 0.011422 0.983599 0.003629
3 3 0.000027 0.000008 0.001081 0.998681 0.000202
3 3 0.000333 0.000090 0.003324 0.994211 0.002043
3 3 0.000377 0.000288 0.014135 0.982302 0.002897
3 3 0.001760 0.001846 0.070351 0.902313 0.023730
3 3 0.000098 0.000144 0.020264 0.978878 0.000616
3 3 0.000779 0.001159 0.036758 0.954965 0.006339
3 3 0.000422 0.000442 0.023607 0.973941 0.001588
3 3 0.000181 0.000663 0.085530 0.911951 0.001674
3 3 0.000801 0.000852 0.030989 0.964639 0.002720
3 3 0.000114 0.000105 0.009656 0.989262 0.000862
3 3 0.000067 0.000070 0.009501 0.989825 0.000537
3 3 0.000079 0.000092 0.012543 0.986715 0.000571
3 3 0.000791 0.000449 0.014306 0.981066 0.003388
3 3 0.001589 0.000521 0.010892 0.979220 0.007778
3 3 0.000180 0.000236 0.021511 0.976580 0.001493
3 3 0.009347 0.003531 0.023487 0.926675 0.036961
3 3 0.001991 0.001243 0.018964 0.970171 0.007631
3 3 0.001447 0.000759 0.011533 0.980136 0.006125
3 3 0.000729 0.000397 0.009584 0.986056 0.003235
3 3 0.002950 0.001082 0.014632 0.968202 0.013134
3 3 0.000068 0.000043 0.005133 0.994405 0.000352
3 3 0.000613 0.000392 0.011845 0.984554 0.002596
3 3 0.001251 0.000293 0.004920 0.986369 0.007167
3 3 0.000339 0.000187 0.007437 0.990433 0.001603
3 3 0.000078 0.000162 0.022747 0.975823 0.001190
3 3 0.000621 0.000255 0.006880 0.989150 0.003094
3 3 0.000126 0.000054 0.004038 0.995069 0.000712
3 3 0.000108 0.000073 0.006875 0.992419 0.000525
3 3 0.001313 0.000801 0.016911 0.975716 0.005258
3 3 0.000294 0.000173 0.007825 0.990334 0.001375
3 3 0.000195 0.000047 0.002034 0.996411 0.001313
3 3 0.000439 0.000115 0.002813 0.993952 0.002680
3 3 0.000548 0.000214 0.005588 0.990824 0.002825
3 3 0.000219 0.000136 0.007779 0.990839 0.001027
3 3 0.001170 0.002652 0.118508 0.862839 0.014831
3 3 0.001585 0.000679 0.008423 0.982114 0.007199
3 3 0.000568 0.000412 0.014290 0.982425 0.002306
3 3 0.000063 0.000031 0.003534 0.996013 0.000359
3 3 0.000367 0.000179 0.010492 0.987060 0.001902
3 3 0.002006 0.002034 0.038840 0.937058 0.020061
3 3 0.005480 0.002292 0.028835 0.941691 0.021702
3 3 0.005117 0.002251 0.029901 0.942715 0.020016
3 3 0.000703 0.000072 0.001745 0.991772 0.005708
3 3 0.005072 0.000573 0.007041 0.954875 0.032440
3 3 0.000778 0.000287 0.007054 0.987940 0.003940
3 3 0.000265 0.000107 0.004180 0.994009 0.001440
3 3 0.001057 0.000200 0.004301 0.987843 0.006598
4 3 0.071154 0.054989 0.146940 0.216765 0.510153
3 3 0.010121 0.001744 0.018635 0.917977 0.051523
3 3 0.014440 0.004198 0.052624 0.870869 0.057868
3 3 0.013444 0.002076 0.021024 0.894587 0.068869
3 3 0.000557 0.000137 0.003219 0.992698 0.003389
3 3 0.001074 0.000280 0.006932 0.985779 0.005935
3 3 0.000256 0.000116 0.004801 0.993487 0.001339
3 3 0.000188 0.000172 0.016828 0.980072 0.002741
3 3 0.004546 0.002707 0.037601 0.939005 0.016140
3 3 0.000286 0.000158 0.013455 0.984440 0.001661
3 3 0.037767 0.007023 0.040030 0.753707 0.161473
3 3 0.003170 0.000416 0.009140 0.967422 0.019852
3 3 0.073774 0.007932 0.028478 0.541089 0.348728
3 3 0.000357 0.000076 0.002950 0.994253 0.002363
3 3 0.003651 0.001139 0.011401 0.966798 0.017011
3 3 0.001244 0.000554 0.010854 0.981719 0.005630
3 3 0.000360 0.000129 0.009051 0.988530 0.001930
3 3 0.014803 0.008573 0.224217 0.445976 0.306430
4 3 0.032464 0.045323 0.346524 0.180640 0.395049
4 2 0.082844 0.231093 0.100043 0.001756 0.584265
0 2 0.490733 0.175564 0.028298 0.000372 0.305033
0 1 0.781364 0.140865 0.020232 0.000082 0.057457
4 2 0.029536 0.305474 0.209232 0.005155 0.450603
2 2 0.002381 0.272494 0.376148 0.001962 0.347015
2 2 0.006404 0.102520 0.704375 0.065095 0.121607
2 2 0.008495 0.066377 0.508978 0.131341 0.284808
4 2 0.012443 0.186826 0.287362 0.003504 0.509866
4 2 0.017633 0.272504 0.145078 0.000672 0.564113
4 2 0.165618 0.246889 0.079959 0.002913 0.504622
4 2 0.047479 0.277201 0.102665 0.000496 0.572158
1 2 0.087435 0.439062 0.190599 0.000597 0.282308
4 2 0.008981 0.278347 0.230018 0.001335 0.481319
4 2 0.022223 0.271136 0.157154 0.001318 0.548168
4 2 0.012523 0.265272 0.143684 0.000415 0.578107
2 2 0.007080 0.224111 0.411398 0.004328 0.353082
2 2 0.000526 0.046767 0.886778 0.012232 0.053697
2 2 0.001647 0.117634 0.641835 0.001786 0.237097
4 2 0.017557 0.163392 0.280570 0.020991 0.517489
4 2 0.106530 0.132699 0.102808 0.004885 0.653078
4 2 0.056784 0.075454 0.207778 0.057654 0.602330
4 2 0.348737 0.092966 0.038723 0.006010 0.513564
2 2 0.026499 0.210827 0.394327 0.012818 0.355529
4 2 0.012422 0.245156 0.337612 0.000823 0.403986
2 2 0.005494 0.107096 0.726856 0.003339 0.157214
2 2 0.005451 0.056923 0.752287 0.053788 0.131551
4 2 0.088756 0.085225 0.169950 0.007064 0.649005
4 2 0.171179 0.279046 0.101538 0.000509 0.447729
2 2 0.011974 0.181529 0.668794 0.002773 0.134929
0 2 0.790186 0.157546 0.037678 0.000240 0.014350
0 0 0.883135 0.086261 0.008408 0.000008 0.022188
0 1 0.569867 0.230514 0.058660 0.001601 0.139359
4 1 0.029539 0.205648 0.081949 0.000305 0.682559
4 2 0.014009 0.250758 0.285065 0.000645 0.449523
4 1 0.051282 0.294585 0.184472 0.004687 0.464974
1 2 0.132314 0.425897 0.243911 0.000441 0.197438
2 2 0.026980 0.285550 0.441056 0.001980 0.244433
2 2 0.003246 0.052369 0.790682 0.007107 0.146596
0 1 0.855465 0.062349 0.016992 0.000216 0.064978
0 1 0.677765 0.201319 0.033358 0.000114 0.087444
2 2 0.008810 0.224527 0.583677 0.001772 0.181214
2 2 0.003155 0.074830 0.697116 0.012482 0.212418
2 2 0.004716 0.091374 0.806557 0.002432 0.094921
3 2 0.011723 0.015521 0.321515 0.481572 0.169670
2 2 0.006380 0.059849 0.511265 0.032867 0.389639
4 2 0.011260 0.226557 0.335997 0.000323 0.425863
2 2 0.003205 0.073981 0.710351 0.005928 0.206535
2 2 0.003911 0.123074 0.571188 0.002071 0.299757
2 2 0.003191 0.021173 0.638735 0.236044 0.100856
3 2 0.014122 0.019637 0.274986 0.451270 0.239985
2 2 0.008950 0.028324 0.531977 0.183140 0.247609
2 2 0.003683 0.025396 0.751529 0.129858 0.089534
2 2 0.002814 0.015792 0.964960 0.015093 0.001342
2 2 0.038228 0.096657 0.809726 0.007290 0.048098
0 2 0.385445 0.295423 0.199039 0.018476 0.101617
2 2 0.000143 0.025499 0.927244 0.015245 0.031869
2 2 0.000523 0.069035 0.768411 0.006079 0.155952
2 2 0.006082 0.131208 0.740875 0.004529 0.117305
2 2 0.000255 0.010677 0.808794 0.164559 0.015715
2 2 0.000765 0.035794 0.890383 0.036704 0.036354
2 2 0.000026 0.008857 0.975980 0.007738 0.007399
2 2 0.000078 0.017832 0.966118 0.009683 0.006288
2 2 0.000003 0.002789 0.988007 0.007509 0.001691
2 2 0.000026 0.005207 0.959847 0.030037 0.004884
2 2 0.000021 0.009467 0.977147 0.005454 0.007911
2 2 0.000434 0.012226 0.691509 0.276439 0.019391
2 2 0.000198 0.012166 0.900728 0.076933 0.009975
2 2 0.000848 0.022086 0.849334 0.079221 0.048511
2 2 0.000371 0.024383 0.956013 0.014406 0.004827
2 2 0.000103 0.008498 0.917548 0.069196 0.004654
2 2 0.000126 0.003725 0.643979 0.347955 0.004215
2 2 0.000792 0.020877 0.818743 0.119874 0.039713
2 2 0.112078 0.073781 0.631560 0.130507 0.052074
2 1 0.038338 0.333713 0.492034 0.001943 0.133972
2 2 0.041007 0.222800 0.591339 0.061119 0.083736
2 2 0.007929 0.147901 0.713683 0.038813 0.091674
2 2 0.003098 0.112170 0.820930 0.008234 0.055569
2 2 0.002276 0.050898 0.932132 0.006060 0.008635
4 2 0.065471 0.317807 0.291649 0.001916 0.323157
4 2 0.077406 0.248377 0.081527 0.000842 0.591848
4 1 0.021887 0.203793 0.057093 0.000051 0.717176
4 2 0.010992 0.311780 0.279511 0.003046 0.394671
2 2 0.000756 0.103192 0.805722 0.006723 0.083606
2 2 0.000801 0.033144 0.943542 0.011090 0.011423
2 2 0.000435 0.011568 0.976770 0.010541 0.000686
2 2 0.004301 0.044451 0.919460 0.028850 0.002937
2 2 0.021569 0.298827 0.466059 0.006679 0.206866
2 2 0.019281 0.356668 0.441575 0.000799 0.181677
2 2 0.012872 0.039016 0.665288 0.191889 0.090935
2 2 0.024879 0.293161 0.380546 0.001840 0.299574
2 2 0.040306 0.101798 0.688965 0.062295 0.106635
4 2 0.230065 0.323704 0.065913 0.000112 0.380206
4 2 0.034693 0.304324 0.209039 0.000348 0.451596
1 2 0.186354 0.391738 0.251987 0.001118 0.168803
4 2 0.050710 0.283900 0.186612 0.003001 0.475778
2 2 0.005821 0.077048 0.781669 0.040411 0.095052
2 2 0.001376 0.076289 0.901341 0.002495 0.018499
2 2 0.004947 0.068246 0.861744 0.026801 0.038261
2 2 0.002494 0.082863 0.875528 0.017916 0.021199
2 2 0.005153 0.016942 0.824679 0.150520 0.002706
2 2 0.062681 0.080912 0.556658 0.244184 0.055565
2 2 0.003488 0.036516 0.849959 0.091118 0.018920
2 2 0.000194 0.006193 0.944012 0.048144 0.001457
2 2 0.000339 0.027879 0.946313 0.013840 0.011629
2 2 0.002091 0.040481 0.900822 0.041814 0.014792
2 2 0.017703 0.084537 0.651009 0.162749 0.084002
2 2 0.007888 0.049531 0.680424 0.201764 0.060393
2 2 0.000278 0.032350 0.961295 0.002465 0.003612
4 2 0.015859 0.288410 0.327581 0.006018 0.362133
4 2 0.131983 0.296374 0.181697 0.039686 0.350260
2 2 0.001004 0.076150 0.866342 0.017301 0.039203
2 2 0.000612 0.021789 0.916634 0.054369 0.006595
2 2 0.002683 0.053481 0.905058 0.020883 0.017896
2 2 0.000755 0.044841 0.924190 0.012373 0.017841
2 2 0.000914 0.090650 0.843823 0.014239 0.050373
2 2 0.000057 0.027357 0.959407 0.003136 0.010043
2 2 0.000278 0.057961 0.905312 0.007551 0.028899
2 2 0.000437 0.041320 0.951293 0.002022 0.004928
2 2 0.000048 0.010812 0.967985 0.016394 0.004760
2 2 0.000183 0.031469 0.943028 0.012412 0.012909
2 2 0.000309 0.019949 0.897084 0.068765 0.013894
2 2 0.000056 0.013504 0.976273 0.006944 0.003224
2 2 0.000177 0.008352 0.825818 0.158422 0.007231
2 2 0.000035 0.003306 0.933611 0.061678 0.001370
2 2 0.000168 0.012669 0.952648 0.030814 0.003701
2 2 0.000992 0.035472 0.957796 0.004047 0.001693
2 2 0.001296 0.028761 0.966346 0.002905 0.000692
2 2 0.003759 0.031495 0.944246 0.014993 0.005507
2 2 0.000076 0.005102 0.953896 0.039609 0.001317
2 2 0.000104 0.007416 0.932087 0.057597 0.002797
2 2 0.000073 0.001902 0.671441 0.325449 0.001134
2 2 0.000057 0.008721 0.960225 0.022315 0.008681
2 2 0.000030 0.006954 0.971289 0.017086 0.004642
2 2 0.000051 0.006598 0.948873 0.033977 0.010502
2 2 0.000398 0.009872 0.785240 0.190722 0.013766
2 2 0.002080 0.032540 0.743962 0.190655 0.030763
2 2 0.000612 0.010316 0.629767 0.350462 0.008844
2 2 0.003498 0.024121 0.895910 0.065179 0.011292
2 2 0.000316 0.007096 0.832224 0.157900 0.002464
2 2 0.000118 0.009734 0.977131 0.011639 0.001379
2 2 0.000160 0.021810 0.970450 0.001651 0.005929
2 2 0.000588 0.029430 0.953639 0.010431 0.005912
2 2 0.000018 0.007930 0.989359 0.001802 0.000891
2 2 0.000016 0.002292 0.921762 0.074450 0.001480
2 2 0.000057 0.003720 0.850513 0.142984 0.002725
2 2 0.000016 0.005218 0.975332 0.016687 0.002746
2 2 0.000100 0.005920 0.932290 0.059841 0.001849
2 2 0.000218 0.017243 0.959187 0.019217 0.004134
2 2 0.000084 0.002488 0.760809 0.235174 0.001445
2 2 0.000270 0.002240 0.502728 0.493509 0.001253
2 3 0.002063 0.037698 0.748296 0.181472 0.030470
2 3 0.000074 0.008226 0.948933 0.039769 0.002998
2 3 0.000039 0.002910 0.966394 0.030251 0.000406
2 3 0.000683 0.007379 0.759378 0.230306 0.002254
2 3 0.000185 0.008563 0.889268 0.099190 0.002794
2 3 0.000161 0.007156 0.934247 0.056633 0.001804
2 3 0.006390 0.092616 0.886324 0.002282 0.012389
2 3 0.017226 0.165615 0.666799 0.009844 0.140516
2 3 0.000372 0.013809 0.952144 0.029338 0.004337
2 3 0.000462 0.024193 0.940110 0.026217 0.009018
2 3 0.000767 0.055912 0.892844 0.026370 0.024108
2 2 0.000055 0.004203 0.936055 0.058375 0.001312
2 2 0.000406 0.022407 0.928099 0.040473 0.008616
2 2 0.000179 0.017646 0.950953 0.025800 0.005421
2 2 0.000096 0.006792 0.883019 0.104529 0.005565
2 2 0.000111 0.004663 0.803739 0.188750 0.002737
2 3 0.000381 0.014564 0.852132 0.117663 0.015259
2 3 0.000049 0.008893 0.967574 0.018886 0.004598
2 3 0.000087 0.006715 0.868806 0.117040 0.007352
2 3 0.000085 0.003264 0.750612 0.243886 0.002153
3 3 0.000211 0.000563 0.086091 0.912183 0.000952
2 3 0.000353 0.010635 0.805038 0.166738 0.017236
2 3 0.000446 0.019483 0.839416 0.117437 0.023217
2 3 0.001255 0.035833 0.855332 0.071004 0.036576
2 3 0.000148 0.013042 0.947279 0.033059 0.006472
2 3 0.000197 0.005582 0.707665 0.282081 0.004475
2 3 0.000254 0.008526 0.750432 0.232012 0.008776
2 3 0.001148 0.014635 0.769529 0.202397 0.012292
2 3 0.000113 0.018634 0.957252 0.009744 0.014257
2 3 0.003173 0.045062 0.926805 0.017305 0.007654
2 3 0.074034 0.160001 0.660306 0.089306 0.016352
4 1 0.183061 0.268324 0.175383 0.102133 0.271099
2 2 0.004259 0.247192 0.511093 0.011260 0.226196
2 2 0.001218 0.030329 0.820753 0.128179 0.019521
2 2 0.000280 0.023187 0.967844 0.005765 0.002923
2 2 0.000252 0.052554 0.918305 0.006592 0.022297
2 2 0.000058 0.014327 0.955213 0.011274 0.019128
2 2 0.000830 0.060887 0.853458 0.007221 0.077605
2 2 0.001031 0.056312 0.921608 0.010196 0.010853
2 2 0.001145 0.077117 0.867821 0.006727 0.047191
2 2 0.000225 0.018929 0.918674 0.044549 0.017623
2 2 0.003423 0.200787 0.404885 0.000663 0.390243
4 4 0.019479 0.212819 0.065897 0.000067 0.701739
4 4 0.098213 0.145566 0.018970 0.000020 0.737230
4 4 0.070150 0.169857 0.029003 0.000038 0.730952
4 4 0.156445 0.190448 0.037289 0.000269 0.615549
4 4 0.050757 0.241241 0.078857 0.000409 0.628735
4 4 0.181825 0.130501 0.017089 0.000051 0.670534
4 4 0.028925 0.052016 0.047158 0.001396 0.870505
4 4 0.026456 0.119163 0.084184 0.001149 0.769048
4 4 0.032791 0.235005 0.112137 0.000864 0.619203
4 4 0.031252 0.154110 0.052252 0.000126 0.762260
4 4 0.039235 0.061412 0.034297 0.000428 0.864627
4 4 0.048487 0.042851 0.008242 0.000008 0.900412
4 4 0.025617 0.050442 0.009724 0.000004 0.914213
4 4 0.110372 0.017494 0.002391 0.000004 0.869739
4 4 0.102262 0.099366 0.007484 0.000002 0.790887
4 4 0.042901 0.158016 0.025999 0.000014 0.773069
4 4 0.070933 0.066968 0.018673 0.000089 0.843337
4 4 0.089045 0.008964 0.004640 0.000205 0.897147
4 4 0.114695 0.002708 0.001439 0.000123 0.881036
4 4 0.147641 0.011563 0.003420 0.000074 0.837302
4 4 0.147089 0.046368 0.011381 0.000126 0.795035
4 4 0.197779 0.138547 0.015734 0.000032 0.647907
0 0 0.791558 0.143616 0.022800 0.000098 0.041927
0 0 0.893414 0.084888 0.020904 0.000030 0.000763
0 0 0.817439 0.139556 0.027980 0.000120 0.014905
0 0 0.788007 0.147459 0.019131 0.000029 0.045375
0 0 0.767422 0.139875 0.018853 0.000075 0.073774
0 0 0.625723 0.105319 0.008166 0.000017 0.260776
4 1 0.348134 0.223806 0.041006 0.000324 0.386731
4 1 0.067415 0.236006 0.071012 0.000450 0.625117
4 1 0.209686 0.185597 0.024888 0.000045 0.579784
4 1 0.302664 0.185746 0.018068 0.000010 0.493512
4 1 0.191430 0.237702 0.024495 0.000004 0.546370
4 1 0.183250 0.263076 0.035192 0.000013 0.518468
0 1 0.706317 0.147291 0.018568 0.000078 0.127747
4 1 0.301624 0.186657 0.023008 0.000043 0.488668
0 0 0.596808 0.190932 0.035333 0.000513 0.176415
0 0 0.748632 0.116825 0.011348 0.000028 0.123167
0 0 0.661450 0.113933 0.008128 0.000007 0.216482
4 1 0.329090 0.230354 0.038977 0.000173 0.401407
4 1 0.218099 0.175198 0.021719 0.000034 0.584949
4 1 0.039196 0.170782 0.032140 0.000022 0.757859
4 2 0.044183 0.217641 0.059960 0.000150 0.678067
4 2 0.039166 0.276326 0.127691 0.001302 0.555516
4 2 0.003767 0.228129 0.118930 0.000049 0.649124
4 2 0.009981 0.186922 0.053504 0.000016 0.749577
4 2 0.018071 0.221338 0.155986 0.001495 0.603110
4 2 0.037303 0.297553 0.172929 0.003499 0.488717
2 2 0.001014 0.135704 0.757787 0.006044 0.099452
2 2 0.000821 0.202158 0.422042 0.001566 0.373413
2 2 0.000516 0.192250 0.481471 0.000598 0.325164
2 2 0.000484 0.080173 0.737477 0.006666 0.175200
2 2 0.000258 0.038792 0.858425 0.013032 0.089494
2 2 0.000329 0.054795 0.880719 0.014128 0.050029
2 2 0.000191 0.066786 0.891364 0.003829 0.037831
2 2 0.000194 0.017254 0.895055 0.056541 0.030956
2 2 0.000023 0.007594 0.970904 0.013023 0.008455
2 2 0.000013 0.012509 0.975527 0.003252 0.008699
2 2 0.000074 0.028912 0.954875 0.003803 0.012336
2 2 0.000089 0.018129 0.954679 0.016528 0.010575
2 2 0.000007 0.006212 0.982699 0.005925 0.005157
2 2 0.000005 0.013470 0.980677 0.000525 0.005322
2 2 0.000025 0.020382 0.963081 0.000831 0.015681
2 2 0.000007 0.003687 0.981714 0.010950 0.003643
2 2 0.000002 0.003854 0.990657 0.002371 0.003116
2 2 0.000470 0.065725 0.857947 0.001216 0.074642
2 2 0.000112 0.020921 0.958712 0.005624 0.014632
2 2 0.000002 0.001938 0.987745 0.009274 0.001041
2 2 0.000011 0.009046 0.982896 0.003673 0.004375
2 2 0.000065 0.016649 0.967004 0.010059 0.006224
2 2 0.000653 0.023683 0.925992 0.033400 0.016273
2 2 0.000019 0.001841 0.882249 0.114582 0.001309
2 2 0.000050 0.007771 0.932430 0.051020 0.008729
2 2 0.000057 0.017213 0.957755 0.012022 0.012953
3 2 0.000734 0.009339 0.456007 0.513590 0.020330
2 2 0.000058 0.008626 0.958376 0.021053 0.011886
2 2 0.000441 0.014895 0.871395 0.091104 0.022165
2 2 0.000004 0.005454 0.987719 0.003288 0.003534
2 2 0.000020 0.014160 0.976116 0.002460 0.007243
2 2 0.000019 0.005681 0.977575 0.014563 0.002161
2 2 0.000032 0.002398 0.854342 0.141747 0.001481
2 2 0.000056 0.004505 0.900846 0.090311 0.004283
2 2 0.000012 0.002131 0.940238 0.056342 0.001276
2 2 0.000249 0.008755 0.857480 0.119794 0.013722
2 2 0.000245 0.007762 0.809550 0.173025 0.009418
2 2 0.000131 0.007944 0.930323 0.047688 0.013913
2 2 0.000010 0.002199 0.952645 0.043846 0.001301
2 2 0.000015 0.000573 0.751948 0.247256 0.000207
2 2 0.000020 0.001156 0.725236 0.272619 0.000969
3 3 0.000014 0.000441 0.476012 0.523130 0.000402
2 3 0.000022 0.000582 0.678949 0.320267 0.000179
3 3 0.000014 0.000217 0.468848 0.530849 0.000073
2 3 0.000021 0.003333 0.944642 0.050226 0.001778
2 3 0.000286 0.015423 0.908921 0.052862 0.022508
2 3 0.000077 0.003404 0.803381 0.191400 0.001738
2 3 0.000143 0.003350 0.793072 0.202316 0.001118
3 3 0.000059 0.000272 0.074656 0.924239 0.000773
3 3 0.000031 0.000216 0.132333 0.867130 0.000290
2 3 0.000119 0.002978 0.605231 0.388883 0.002790
2 3 0.000873 0.016355 0.725953 0.246837 0.009982
3 3 0.000089 0.000648 0.177050 0.821277 0.000936
3 3 0.000072 0.000322 0.096974 0.902148 0.000484
3 3 0.000023 0.000165 0.110522 0.889015 0.000275
3 3 0.001174 0.003221 0.158831 0.830561 0.006214
3 3 0.000885 0.001088 0.063775 0.931493 0.002759
3 3 0.001189 0.007805 0.365127 0.605276 0.020603
2 3 0.000549 0.015795 0.843513 0.117470 0.022673
2 3 0.000169 0.006055 0.763351 0.225525 0.004900
2 3 0.001668 0.023726 0.778182 0.172134 0.024290
3 3 0.000242 0.001530 0.210310 0.785910 0.002008
3 3 0.000896 0.001804 0.067382 0.924363 0.005554
2 3 0.001518 0.021353 0.657928 0.303153 0.016048
2 3 0.000811 0.014085 0.654274 0.317929 0.012901
2 3 0.001656 0.019542 0.619576 0.345657 0.013569
2 3 0.001113 0.014980 0.595035 0.374811 0.014062
3 3 0.000141 0.001411 0.253965 0.741859 0.002624
3 3 0.000092 0.000456 0.096881 0.901417 0.001153
3 3 0.000133 0.001505 0.292342 0.703551 0.002469
2 3 0.000045 0.012350 0.970836 0.011615 0.005153
2 3 0.000024 0.003060 0.910345 0.083903 0.002669
2 3 0.000041 0.013335 0.968782 0.010519 0.007323
2 3 0.000024 0.017131 0.974112 0.002605 0.006130
2 2 0.000084 0.010677 0.972811 0.013012 0.003417
2 2 0.001313 0.034837 0.831241 0.073748 0.058861
2 2 0.000078 0.034499 0.946507 0.002264 0.016653
2 2 0.000207 0.047998 0.909756 0.001181 0.040859
2 2 0.003623 0.166902 0.644392 0.001541 0.183542
2 2 0.000036 0.017948 0.971876 0.000904 0.009237
2 2 0.000018 0.015946 0.976556 0.000890 0.006590
2 2 0.000943 0.101481 0.813681 0.001970 0.081924
2 2 0.000053 0.021346 0.959804 0.006471 0.012326
2 2 0.000010 0.007740 0.986351 0.003463 0.002436
2 2 0.000002 0.001881 0.988961 0.008073 0.001083
2 2 0.000005 0.002711 0.986639 0.009473 0.001172
2 2 0.000246 0.032311 0.929611 0.009576 0.028255
2 2 0.000086 0.009094 0.944759 0.041064 0.004996
2 2 0.000279 0.015911 0.846733 0.116932 0.020145
2 2 0.000179 0.051756 0.916075 0.002238 0.029753
2 2 0.011925 0.251419 0.509194 0.000092 0.227370
4 2 0.250491 0.208368 0.051914 0.001843 0.487383
4 1 0.342108 0.175991 0.036620 0.001465 0.443816
4 1 0.284608 0.232855 0.080463 0.010546 0.391529
4 2 0.016588 0.288351 0.184844 0.001445 0.508773
4 2 0.015480 0.239134 0.097198 0.000157 0.648031
4 4 0.020672 0.076242 0.039047 0.000149 0.863890
4 4 0.049022 0.133321 0.029466 0.000043 0.788148
4 4 0.081403 0.011906 0.007621 0.000492 0.898578
4 4 0.104513 0.032351 0.007538 0.000043 0.855555
4 4 0.047347 0.040647 0.008428 0.000010 0.903568
4 4 0.018717 0.018854 0.005793 0.000006 0.956631
4 4 0.122636 0.022841 0.005757 0.000055 0.848711
4 4 0.079072 0.013042 0.004910 0.000073 0.902904
4 4 0.015483 0.002755 0.004303 0.000313 0.977145
4 4 0.093227 0.004171 0.001826 0.000063 0.900713
4 4 0.136024 0.001560 0.000855 0.000115 0.861446
4 4 0.143469 0.009323 0.002149 0.000024 0.845035
4 4 0.102889 0.184235 0.034436 0.000107 0.678333
4 4 0.102750 0.045915 0.010227 0.000049 0.841059
4 4 0.092549 0.008295 0.003021 0.000056 0.896079
4 4 0.080048 0.028143 0.005308 0.000012 0.886489
4 4 0.044600 0.030439 0.009393 0.000031 0.915538
4 4 0.018019 0.012933 0.006583 0.000024 0.962440
4 4 0.021563 0.025298 0.003072 0.000000 0.950067
4 4 0.028451 0.032560 0.004649 0.000001 0.934339
4 4 0.077474 0.041944 0.010921 0.000051 0.869610
4 4 0.175970 0.068700 0.014284 0.000135 0.740911
4 4 0.022559 0.138324 0.057724 0.000149 0.781243
4 4 0.015215 0.109068 0.037585 0.000032 0.838100
4 4 0.015703 0.026084 0.009576 0.000011 0.948626
4 4 0.086280 0.037228 0.010170 0.000065 0.866257
4 4 0.107317 0.035594 0.002715 0.000001 0.854373
4 4 0.408594 0.034455 0.002295 0.000006 0.554650
4 4 0.043907 0.003480 0.002295 0.000076 0.950241
4 4 0.122948 0.009255 0.003706 0.000138 0.863953
4 4 0.211876 0.017512 0.005305 0.000215 0.765091
4 4 0.040669 0.032776 0.018956 0.000287 0.907313
4 4 0.031716 0.046021 0.021320 0.000119 0.900824
4 4 0.129684 0.051951 0.006458 0.000009 0.811898
4 4 0.236722 0.056969 0.006214 0.000018 0.700077
4 4 0.374292 0.038656 0.004513 0.000041 0.582498
4 4 0.067808 0.010238 0.003100 0.000021 0.918832
4 4 0.144659 0.000959 0.000944 0.000718 0.852720
4 4 0.176205 0.001190 0.000580 0.000092 0.821932
4 4 0.219699 0.008415 0.002463 0.000108 0.769315
4 4 0.223585 0.070985 0.014043 0.000155 0.691231
4 4 0.107718 0.106416 0.007340 0.000001 0.778525
4 4 0.090911 0.025391 0.007530 0.000068 0.876100
4 4 0.136321 0.005822 0.001678 0.000033 0.856146
4 4 0.066054 0.044868 0.014941 0.000105 0.874032
4 4 0.030172 0.181305 0.039307 0.000027 0.749188
4 4 0.153757 0.326754 0.093092 0.000079 0.426318
4 4 0.106297 0.112784 0.010332 0.000005 0.770583
4 4 0.050323 0.133649 0.030266 0.000049 0.785714
4 4 0.113920 0.013091 0.004698 0.000109 0.868181
4 4 0.214381 0.010564 0.003042 0.000118 0.771894
4 4 0.054106 0.015443 0.005980 0.000052 0.924419
4 4 0.294791 0.014756 0.003546 0.000148 0.686759
4 1 0.194428 0.109318 0.019124 0.000137 0.676994
4 2 0.045367 0.126740 0.014968 0.000004 0.812921
4 1 0.295543 0.194235 0.049239 0.001755 0.459229
4 2 0.366734 0.147859 0.023571 0.000506 0.461330
4 2 0.012538 0.271295 0.155979 0.000548 0.559639
4 2 0.002770 0.277194 0.316274 0.001174 0.402587
4 2 0.002653 0.256919 0.201411 0.000183 0.538834
4 2 0.001505 0.262441 0.287080 0.000349 0.448625
4 2 0.014754 0.289310 0.194345 0.001484 0.500107
4 4 0.075180 0.144531 0.050129 0.000484 0.729676
4 4 0.017951 0.086366 0.028978 0.000029 0.866677
4 4 0.047663 0.006137 0.004964 0.000292 0.940944
4 4 0.048374 0.005699 0.003016 0.000060 0.942851
4 4 0.300194 0.024947 0.003787 0.000007 0.671064
4 4 0.084349 0.141314 0.017894 0.000014 0.756429
0 4 0.498861 0.116573 0.005119 0.000000 0.379446
4 4 0.043173 0.019587 0.008165 0.000060 0.929016
4 4 0.016391 0.056253 0.015446 0.000008 0.911902
4 4 0.046701 0.197033 0.045305 0.000073 0.710889
4 4 0.033415 0.013953 0.014569 0.000881 0.937183
4 4 0.115147 0.024705 0.007483 0.000104 0.852562
4 4 0.082713 0.113176 0.031346 0.000186 0.772579
4 4 0.009523 0.165259 0.094391 0.000171 0.730656
4 4 0.004876 0.171287 0.126022 0.000179 0.697637
4 4 0.022834 0.138705 0.093022 0.000909 0.744530
4 4 0.029593 0.144988 0.028987 0.000015 0.796416
4 4 0.071124 0.118018 0.011785 0.000004 0.799070
4 4 0.018320 0.082784 0.017296 0.000005 0.881595
4 4 0.018365 0.126692 0.049502 0.000078 0.805363
4 4 0.077045 0.064977 0.020141 0.000144 0.837693
4 4 0.251476 0.005943 0.001265 0.000032 0.741284
4 4 0.483103 0.010950 0.003984 0.000065 0.501898
4 4 0.381234 0.038105 0.003025 0.000010 0.577626
4 4 0.030076 0.136484 0.019267 0.000004 0.814169
4 4 0.012501 0.250213 0.117853 0.000217 0.619216
4 4 0.002982 0.211605 0.100349 0.000022 0.685042
4 4 0.004285 0.244623 0.144542 0.000107 0.606443
4 2 0.002342 0.264873 0.244697 0.000323 0.487765
4 2 0.001531 0.240604 0.252467 0.000104 0.505295
4 2 0.018374 0.299267 0.215184 0.002945 0.464230
4 2 0.039925 0.162949 0.092402 0.001352 0.703372
4 4 0.058201 0.175026 0.065762 0.000553 0.700458
4 4 0.051496 0.128972 0.070681 0.001313 0.747539
4 4 0.129523 0.096492 0.023559 0.000203 0.750222
4 4 0.039978 0.072445 0.011177 0.000005 0.876395
4 4 0.023611 0.068657 0.017323 0.000012 0.890397
4 4 0.020995 0.111353 0.028408 0.000017 0.839227
4 4 0.007676 0.209241 0.077306 0.000033 0.705745
4 4 0.011970 0.221880 0.082524 0.000069 0.683558
4 4 0.005960 0.263624 0.172848 0.000298 0.557270
4 4 0.002447 0.241038 0.160965 0.000076 0.595473
4 2 0.003252 0.209869 0.207844 0.000443 0.578592
4 2 0.003283 0.063599 0.116816 0.001028 0.815274
4 2 0.008674 0.175542 0.129902 0.000437 0.685445
4 2 0.009381 0.234776 0.154015 0.000393 0.601435
4 2 0.015029 0.230504 0.099836 0.000182 0.654450
4 4 0.016687 0.005695 0.013277 0.002795 0.961546
4 4 0.171987 0.014206 0.005453 0.000296 0.808057
4 4 0.103436 0.032353 0.007804 0.000048 0.856360
4 4 0.301887 0.005078 0.002332 0.000291 0.690412
4 4 0.162677 0.004750 0.001019 0.000013 0.831541
4 4 0.245462 0.007327 0.001277 0.000018 0.745916
4 4 0.068851 0.005060 0.001356 0.000008 0.924726
4 4 0.068387 0.004247 0.000900 0.000003 0.926462
4 4 0.175576 0.008098 0.001897 0.000031 0.814398
4 4 0.072783 0.004476 0.003045 0.000226 0.919470
4 4 0.135466 0.024609 0.002650 0.000003 0.837272
4 4 0.380510 0.131845 0.017810 0.000259 0.469576
4 4 0.013767 0.264124 0.138080 0.000411 0.583618
4 4 0.006914 0.273026 0.190571 0.000510 0.528979
4 2 0.013259 0.120529 0.072614 0.000231 0.793367
4 2 0.003613 0.014878 0.014131 0.000026 0.967352
4 4 0.019729 0.002604 0.002489 0.000071 0.975107
4 4 0.074095 0.016904 0.006997 0.000117 0.901888
4 4 0.069009 0.006855 0.003303 0.000085 0.920747
4 4 0.171963 0.028254 0.006254 0.000072 0.793457
4 4 0.017585 0.208560 0.063663 0.000053 0.710139
4 4 0.006729 0.157647 0.050179 0.000011 0.785435
4 4 0.005773 0.018109 0.019140 0.000089 0.956888
4 4 0.279843 0.165767 0.028272 0.000409 0.525709
4 4 0.012981 0.182626 0.047521 0.000016 0.756856
0 2 0.435893 0.266366 0.041199 0.000067 0.256475
4 2 0.151005 0.240765 0.072989 0.001831 0.533409
4 2 0.007388 0.289859 0.253726 0.001662 0.447365
4 2 0.000924 0.255697 0.318284 0.000291 0.424805
2 2 0.000296 0.221482 0.471313 0.000285 0.306625
4 2 0.000744 0.238472 0.227734 0.000057 0.532993
4 2 0.001068 0.255389 0.285044 0.000218 0.458280
4 2 0.002635 0.246676 0.343725 0.002039 0.404924
4 2 0.002697 0.265446 0.284154 0.000502 0.447201
4 2 0.002029 0.268242 0.285431 0.000501 0.443797
4 2 0.001095 0.202402 0.215541 0.000117 0.580844
4 2 0.001114 0.243725 0.216620 0.000079 0.538461
4 2 0.002065 0.219972 0.124169 0.000026 0.653767
4 2 0.002152 0.166434 0.134955 0.000077 0.696383
4 2 0.011578 0.268928 0.154230 0.000475 0.564788
4 2 0.007027 0.188905 0.059528 0.000014 0.744526
4 2 0.003905 0.108009 0.099207 0.000171 0.788708
4 2 0.002889 0.223795 0.163814 0.000123 0.609379
2 2 0.001267 0.177863 0.632932 0.002435 0.185503
4 2 0.001405 0.252251 0.233463 0.000141 0.512741
2 2 0.000306 0.205771 0.431118 0.000068 0.362737
2 2 0.001613 0.199984 0.476416 0.002970 0.319017
2 2 0.000329 0.103208 0.614806 0.002567 0.279090
2 2 0.000357 0.171378 0.511111 0.000308 0.316846
2 2 0.000994 0.154445 0.599748 0.001690 0.243123
2 2 0.000056 0.058276 0.865725 0.000335 0.075608
2 2 0.000324 0.110668 0.732603 0.000863 0.155542
2 2 0.001194 0.194981 0.415521 0.000257 0.388048
2 2 0.000081 0.014974 0.981058 0.002089 0.001798
2 2 0.000036 0.031022 0.952827 0.001744 0.014371
2 2 0.000012 0.016369 0.975805 0.000477 0.007337
2 2 0.000090 0.017013 0.938004 0.002982 0.041911
2 2 0.000091 0.017920 0.949665 0.005145 0.027179
2 2 0.000113 0.013793 0.966339 0.008514 0.011242
2 2 0.000162 0.027645 0.949475 0.008739 0.013980
2 2 0.000145 0.029458 0.940332 0.002892 0.027172
2 2 0.000083 0.015339 0.955991 0.013393 0.015193
2 2 0.000025 0.005992 0.975110 0.010015 0.008858
2 2 0.000008 0.002342 0.969005 0.027235 0.001410
2 2 0.000064 0.020361 0.963046 0.005457 0.011072
2 2 0.000023 0.017636 0.971779 0.002253 0.008308
2 2 0.000040 0.006331 0.955747 0.034810 0.003072
2 2 0.000123 0.021378 0.946833 0.015205 0.016460
2 2 0.000051 0.016361 0.972015 0.006612 0.004960
2 2 0.000129 0.011759 0.941907 0.041484 0.004721
2 2 0.000018 0.003463 0.959791 0.035194 0.001534
2 2 0.000038 0.006743 0.957986 0.031559 0.003673
2 2 0.000249 0.017759 0.907976 0.062528 0.011489
2 2 0.000160 0.008562 0.829167 0.152917 0.009193
2 3 0.000116 0.006873 0.884994 0.100590 0.007428
2 3 0.000031 0.011434 0.983709 0.002248 0.002579
2 3 0.000072 0.019248 0.962736 0.005297 0.012648
2 3 0.000152 0.008744 0.870117 0.112472 0.008515
2 3 0.000220 0.022348 0.916128 0.039796 0.021507
2 3 0.000292 0.028108 0.906545 0.038949 0.026105
2 3 0.003562 0.091212 0.572819 0.010462 0.321944
2 3 0.000825 0.029141 0.884888 0.045356 0.039791
2 3 0.000886 0.008675 0.713802 0.258885 0.017753
3 3 0.000090 0.001156 0.284702 0.711854 0.002198
3 3 0.000274 0.002709 0.282557 0.708448 0.006012
2 3 0.000441 0.010361 0.644697 0.329004 0.015497
2 3 0.000054 0.003001 0.779177 0.214755 0.003012
2 3 0.001268 0.065581 0.816524 0.017440 0.099187
2 3 0.000306 0.018025 0.900765 0.071049 0.009854
2 3 0.000245 0.008377 0.774937 0.209632 0.006809
3 3 0.000115 0.000538 0.100603 0.897490 0.001254
2 3 0.001328 0.024097 0.650297 0.267491 0.056788
2 3 0.005798 0.062233 0.695341 0.127522 0.109106
2 3 0.000161 0.003154 0.525180 0.467947 0.003558
2 3 0.000667 0.012679 0.653302 0.320202 0.013149
3 3 0.000220 0.001178 0.156422 0.838817 0.003362
3 3 0.002170 0.017464 0.423449 0.523956 0.032961
3 3 0.003156 0.021670 0.389701 0.548803 0.036669
3 3 0.003956 0.023789 0.365486 0.566142 0.040627
3 3 0.000402 0.001524 0.110162 0.883702 0.004210
3 3 0.000474 0.001163 0.071321 0.923781 0.003260
3 3 0.002149 0.010843 0.313787 0.660795 0.012427
3 3 0.001226 0.003372 0.175607 0.816203 0.003591
3 3 0.000093 0.000390 0.076120 0.922233 0.001164
3 3 0.000172 0.001227 0.219596 0.777466 0.001539
3 3 0.000337 0.000634 0.054877 0.942940 0.001212
3 3 0.000364 0.001601 0.107183 0.883780 0.007072
3 3 0.000081 0.000255 0.049872 0.948910 0.000882
3 3 0.000790 0.003521 0.139279 0.842075 0.014335
3 3 0.000253 0.000286 0.018516 0.979382 0.001564
3 3 0.001101 0.000946 0.024197 0.969809 0.003946
3 3 0.000736 0.000747 0.027786 0.968169 0.002562
3 3 0.004862 0.014077 0.260952 0.688351 0.031759
3 3 0.000119 0.000446 0.073749 0.924408 0.001279
3 3 0.000260 0.000648 0.056569 0.940388 0.002134
3 3 0.002411 0.009818 0.190728 0.767017 0.030026
3 3 0.000720 0.006049 0.346604 0.634833 0.011794
2 3 0.003438 0.030503 0.655798 0.269477 0.040784
3 3 0.002404 0.006522 0.145635 0.832104 0.013335
3 3 0.000040 0.000172 0.068778 0.930658 0.000352
3 3 0.000366 0.002613 0.243907 0.748650 0.004464
3 3 0.000414 0.003528 0.258850 0.727871 0.009337
2 3 0.000285 0.008807 0.639391 0.330043 0.021474
3 3 0.004110 0.012398 0.204528 0.722329 0.056635
3 3 0.000488 0.002956 0.213460 0.777201 0.005895
3 3 0.001019 0.006966 0.301294 0.678440 0.012280
3 3 0.001271 0.004455 0.174974 0.808491 0.010809
2 3 0.018017 0.057574 0.371661 0.273478 0.279270
3 3 0.010180 0.007518 0.060173 0.875415 0.046715
3 3 0.005430 0.005548 0.101070 0.872664 0.015288
3 3 0.002099 0.003393 0.087019 0.901958 0.005532
3 3 0.000416 0.005632 0.458443 0.527405 0.008104
3 3 0.000351 0.002431 0.294354 0.693141 0.009723
3 3 0.001140 0.005610 0.227848 0.749956 0.015447
3 3 0.001146 0.006771 0.270011 0.709907 0.012165
2 3 0.002192 0.018546 0.512585 0.444500 0.022177
3 3 0.002103 0.008314 0.385703 0.598828 0.005051
2 1 0.029877 0.138766 0.729265 0.034092 0.067999
1 2 0.340222 0.411047 0.190097 0.001827 0.056808
1 2 0.010971 0.353982 0.351511 0.002329 0.281207
2 2 0.001537 0.165076 0.678266 0.002806 0.152315
2 2 0.022478 0.279869 0.383079 0.000144 0.314430
1 1 0.156616 0.446133 0.139747 0.000024 0.257480
4 2 0.009864 0.288367 0.165782 0.000277 0.535710
4 2 0.002189 0.273828 0.359633 0.001578 0.362771
2 2 0.000786 0.230184 0.487730 0.000947 0.280353
2 2 0.003148 0.143125 0.491496 0.002778 0.359452
4 2 0.009263 0.295027 0.258413 0.002425 0.434872
4 2 0.011339 0.280370 0.239355 0.002592 0.466344
4 2 0.002327 0.260356 0.258405 0.000420 0.478492
4 2 0.017815 0.245901 0.102601 0.000222 0.633460
4 1 0.004196 0.234524 0.141794 0.000070 0.619415
4 2 0.018244 0.307556 0.262480 0.006614 0.405105
2 2 0.003155 0.259458 0.432339 0.003043 0.302005
2 2 0.003562 0.204303 0.453343 0.008098 0.330693
4 2 0.007169 0.293571 0.287014 0.002691 0.409555
4 2 0.017471 0.226351 0.080360 0.000103 0.675715
4 4 0.004893 0.144975 0.032592 0.000002 0.817538
4 4 0.019411 0.071486 0.033089 0.000088 0.875926
4 4 0.032265 0.215795 0.063260 0.000117 0.688563
4 4 0.014702 0.276477 0.160624 0.000747 0.547450
4 4 0.029827 0.173306 0.100340 0.001024 0.695503
4 4 0.057359 0.052625 0.028309 0.000570 0.861137
4 4 0.053905 0.003916 0.002602 0.000117 0.939460
4 4 0.222582 0.006748 0.001698 0.000053 0.768919
4 4 0.026462 0.060182 0.015610 0.000014 0.897732
4 4 0.018332 0.224384 0.077544 0.000099 0.679640
4 4 0.011304 0.252485 0.124458 0.000227 0.611526
4 4 0.003572 0.262671 0.200424 0.000262 0.533071
4 4 0.082773 0.170376 0.028669 0.000047 0.718137
0 1 0.401817 0.216862 0.032380 0.000113 0.348829
4 1 0.327580 0.191857 0.046003 0.002564 0.431996
4 2 0.008469 0.276178 0.244988 0.000958 0.469406
4 2 0.010272 0.291939 0.230580 0.001755 0.465454
4 2 0.006135 0.290832 0.289881 0.002281 0.410872
4 2 0.002755 0.273485 0.277750 0.000663 0.445346
4 2 0.008553 0.149362 0.199169 0.003496 0.639420
4 2 0.013012 0.183040 0.126760 0.000647 0.676542
4 2 0.008915 0.240613 0.113000 0.000123 0.637349
4 2 0.005484 0.274191 0.209962 0.000539 0.509824
4 2 0.015649 0.286451 0.182589 0.001278 0.514033
4 2 0.016117 0.269230 0.142026 0.000555 0.572072
4 4 0.059551 0.116348 0.027279 0.000062 0.796760
4 4 0.112531 0.136024 0.016441 0.000017 0.734986
4 4 0.017361 0.206448 0.062070 0.000048 0.714073
4 4 0.003680 0.197297 0.168559 0.000263 0.630201
4 4 0.000739 0.247090 0.276666 0.000121 0.475384
4 4 0.001519 0.256136 0.244746 0.000186 0.497412
4 2 0.001550 0.261161 0.272425 0.000292 0.464572
