0 0 0.754566 0.140669 0.052533 0.000568 0.051664
0 0 0.815530 0.114257 0.028315 0.000322 0.041575
0 0 0.942466 0.033529 0.008269 0.000530 0.015205
0 0 0.907358 0.051106 0.015611 0.001399 0.024527
0 0 0.641945 0.152533 0.100186 0.037452 0.067884
0 0 0.500418 0.277551 0.100271 0.001014 0.120747
1 0 0.133734 0.390971 0.270433 0.002109 0.202753
0 0 0.697187 0.110638 0.028397 0.000276 0.163502
0 0 0.852300 0.080768 0.018418 0.000253 0.048262
0 0 0.842439 0.116591 0.024457 0.000127 0.016386
0 0 0.833109 0.050535 0.009165 0.000094 0.107096
0 0 0.739420 0.076974 0.013294 0.000056 0.170256
0 0 0.860778 0.063243 0.013372 0.000192 0.062414
0 0 0.881332 0.062151 0.019951 0.002261 0.034304
0 0 0.962497 0.024232 0.006067 0.000625 0.006578
0 0 0.950224 0.027444 0.011699 0.008441 0.002192
0 0 0.962704 0.025371 0.007166 0.001070 0.003689
0 0 0.915735 0.055482 0.011618 0.000183 0.016982
0 0 0.836564 0.048258 0.008369 0.000081 0.106727
0 0 0.880532 0.049733 0.010845 0.000252 0.058638
0 0 0.462102 0.168349 0.174684 0.000552 0.194312
0 0 0.574160 0.219155 0.101352 0.000250 0.105084
0 0 0.655140 0.212051 0.048922 0.000140 0.083748
0 0 0.793238 0.133561 0.024274 0.000059 0.048869
0 0 0.838093 0.104866 0.018414 0.000056 0.038571
0 0 0.857408 0.045632 0.007989 0.000083 0.088887
0 0 0.663755 0.093474 0.025181 0.000497 0.217092
0 0 0.576189 0.105938 0.030934 0.000607 0.286332
0 0 0.627163 0.243279 0.056035 0.000127 0.073396
0 0 0.562690 0.178835 0.039352 0.000128 0.218995
0 0 0.599303 0.272011 0.074067 0.000269 0.054349
0 0 0.644526 0.235315 0.069938 0.000488 0.049732
0 0 0.645653 0.242849 0.062245 0.000222 0.049030
0 0 0.494275 0.294638 0.075799 0.000127 0.135161
0 0 0.741015 0.177366 0.041470 0.000179 0.039971
0 0 0.731114 0.177611 0.038092 0.000115 0.053067
0 0 0.522461 0.244427 0.089939 0.000510 0.142663
0 0 0.510261 0.305882 0.088947 0.000314 0.094596
0 0 0.676527 0.168114 0.061778 0.000316 0.093265
0 0 0.872946 0.079758 0.019155 0.000326 0.027815
4 0 0.381716 0.173548 0.058987 0.000691 0.385058
0 0 0.792579 0.132303 0.051885 0.003058 0.020176
0 0 0.899362 0.067108 0.018067 0.000617 0.014846
0 0 0.929231 0.051548 0.010223 0.000135 0.008862
0 0 0.962299 0.020186 0.003217 0.000066 0.014233
0 0 0.965323 0.018286 0.002708 0.000046 0.013637
0 0 0.944467 0.026442 0.004400 0.000077 0.024614
0 0 0.749678 0.096711 0.029186 0.001073 0.123353
0 0 0.758969 0.112833 0.042552 0.002179 0.083467
0 0 0.698421 0.161503 0.044975 0.000467 0.094634
0 0 0.703450 0.202704 0.054519 0.000163 0.039164
0 0 0.806886 0.132423 0.026434 0.000095 0.034163
0 0 0.744995 0.126588 0.034952 0.000465 0.093001
0 0 0.877073 0.059460 0.016746 0.000799 0.045922
0 0 0.853909 0.081400 0.016713 0.000145 0.047832
0 0 0.825508 0.113704 0.048225 0.001931 0.010631
2 0 0.225114 0.145021 0.581552 0.010601 0.037713
0 0 0.760909 0.127551 0.049238 0.003030 0.059271
0 0 0.814480 0.071376 0.018622 0.000539 0.094982
0 0 0.934218 0.044795 0.012159 0.000736 0.008092
0 0 0.937311 0.017973 0.001727 0.000005 0.042984
0 0 0.919346 0.031815 0.005097 0.000060 0.043682
0 0 0.988602 0.007999 0.001064 0.000031 0.002305
0 0 0.986439 0.009099 0.000974 0.000010 0.003477
0 0 0.970350 0.021398 0.002673 0.000017 0.005563
0 0 0.978733 0.017149 0.001686 0.000005 0.002426
0 0 0.985186 0.011351 0.000959 0.000003 0.002501
0 0 0.965220 0.026511 0.002445 0.000003 0.005822
0 0 0.973097 0.022855 0.002271 0.000004 0.001773
0 0 0.927269 0.060054 0.009028 0.000027 0.003621
0 0 0.953875 0.029135 0.009700 0.002449 0.004840
0 0 0.982458 0.012454 0.003066 0.000627 0.001394
0 0 0.981086 0.014569 0.002812 0.000165 0.001368
0 0 0.977310 0.015396 0.002555 0.000082 0.004657
0 0 0.977268 0.013641 0.001982 0.000044 0.007065
0 0 0.969243 0.021352 0.004906 0.000393 0.004106
0 0 0.912200 0.049244 0.021502 0.008415 0.008639
0 0 0.965279 0.022910 0.006144 0.000870 0.004797
0 0 0.906182 0.050558 0.014556 0.001240 0.027464
0 0 0.978211 0.015043 0.004030 0.000976 0.001740
0 0 0.915277 0.047332 0.020858 0.008890 0.007643
0 0 0.940707 0.035753 0.012472 0.004305 0.006763
0 0 0.976430 0.015990 0.003294 0.000291 0.003996
0 0 0.979735 0.013356 0.002240 0.000091 0.004578
0 0 0.972595 0.018144 0.003835 0.000276 0.005150
0 0 0.983569 0.011682 0.002916 0.000679 0.001154
0 0 0.966941 0.020716 0.007210 0.003245 0.001889
0 0 0.985401 0.010604 0.002129 0.000232 0.001634
0 0 0.995023 0.003963 0.000549 0.000042 0.000423
0 0 0.962964 0.022336 0.004435 0.000194 0.010071
0 0 0.920313 0.021496 0.012815 0.044848 0.000528
0 0 0.999373 0.000560 0.000038 0.000001 0.000028
0 0 0.969253 0.018833 0.003437 0.000131 0.008346
0 0 0.961466 0.021942 0.003954 0.000120 0.012517
0 0 0.967651 0.019733 0.003686 0.000146 0.008784
0 0 0.968237 0.020290 0.004233 0.000253 0.006987
0 0 0.979566 0.013708 0.002438 0.000122 0.004166
0 0 0.958097 0.023913 0.004528 0.000174 0.013289
0 0 0.982887 0.011403 0.001765 0.000063 0.003883
0 0 0.975540 0.014050 0.001964 0.000036 0.008408
0 0 0.955611 0.025900 0.005366 0.000233 0.012890
0 0 0.948688 0.026864 0.004950 0.000128 0.019370
0 0 0.902884 0.040445 0.007767 0.000141 0.048763
0 0 0.873578 0.049377 0.010238 0.000195 0.066613
0 0 0.944013 0.030448 0.006323 0.000238 0.018977
0 0 0.976819 0.015707 0.003189 0.000231 0.004054
0 0 0.984491 0.011196 0.002551 0.000433 0.001329
0 0 0.998236 0.001486 0.000193 0.000035 0.000049
0 0 0.996627 0.002616 0.000231 0.000005 0.000521
0 0 0.981618 0.012894 0.002538 0.000204 0.002746
0 0 0.997527 0.002057 0.000279 0.000041 0.000095
0 0 0.997816 0.001807 0.000261 0.000057 0.000059
0 0 0.999311 0.000609 0.000058 0.000008 0.000014
0 0 0.999115 0.000767 0.000085 0.000017 0.000016
0 0 0.990758 0.007007 0.001212 0.000117 0.000906
0 0 0.973743 0.019888 0.004289 0.000269 0.001812
0 0 0.989783 0.007688 0.001491 0.000205 0.000834
0 0 0.993764 0.004885 0.000840 0.000120 0.000391
0 0 0.996160 0.003043 0.000534 0.000142 0.000121
0 0 0.992729 0.005517 0.000753 0.000037 0.000963
0 0 0.984729 0.006588 0.002512 0.006074 0.000097
0 0 0.993506 0.004946 0.001011 0.000283 0.000255
0 0 0.993014 0.005370 0.001044 0.000218 0.000353
0 0 0.990440 0.006886 0.000921 0.000033 0.001720
0 0 0.989911 0.006733 0.000758 0.000014 0.002584
0 0 0.994351 0.003852 0.000326 0.000004 0.001468
0 0 0.995539 0.003526 0.000412 0.000018 0.000505
0 0 0.988484 0.008550 0.001567 0.000152 0.001247
0 0 0.981779 0.014905 0.002461 0.000068 0.000787
0 0 0.929965 0.052189 0.008499 0.000048 0.009299
0 0 0.988313 0.009840 0.001332 0.000027 0.000488
0 0 0.976897 0.019192 0.001608 0.000002 0.002301
0 0 0.978417 0.017420 0.001995 0.000010 0.002157
0 0 0.985812 0.011695 0.001035 0.000003 0.001455
0 0 0.975066 0.019440 0.002245 0.000011 0.003238
0 0 0.958916 0.030220 0.004000 0.000020 0.006844
0 0 0.985257 0.010942 0.001102 0.000006 0.002692
0 0 0.977332 0.015293 0.001502 0.000005 0.005867
0 0 0.981219 0.010755 0.001026 0.000005 0.006995
0 0 0.855595 0.086830 0.013168 0.000029 0.044378
0 0 0.848018 0.118956 0.018574 0.000027 0.014425
0 0 0.816172 0.131351 0.021751 0.000036 0.030690
0 1 0.761984 0.173342 0.034101 0.000074 0.030499
0 1 0.760270 0.174652 0.030798 0.000042 0.034239
0 1 0.505333 0.341440 0.078614 0.000086 0.074528
0 1 0.905065 0.063168 0.013290 0.000178 0.018300
0 0 0.947892 0.033557 0.008900 0.000743 0.008909
0 1 0.926473 0.049548 0.012801 0.000556 0.010621
0 1 0.608499 0.236881 0.067362 0.000379 0.086879
0 2 0.403814 0.340900 0.115892 0.000646 0.138748
4 2 0.032235 0.284850 0.215221 0.005065 0.462629
2 2 0.011401 0.227010 0.463525 0.024142 0.273922
2 2 0.002793 0.105097 0.748231 0.004763 0.139115
2 2 0.000510 0.031475 0.920005 0.001312 0.046698
2 2 0.003517 0.136273 0.680122 0.001576 0.178512
2 2 0.000868 0.059693 0.862408 0.013118 0.063913
2 2 0.000047 0.007131 0.975164 0.005825 0.011834
2 2 0.000033 0.003268 0.983660 0.003685 0.009354
2 2 0.000879 0.023824 0.934110 0.002608 0.038579
2 2 0.000423 0.010864 0.977876 0.003796 0.007041
2 2 0.001469 0.025478 0.914411 0.006704 0.051937
2 2 0.000079 0.005270 0.975148 0.012347 0.007156
2 2 0.000116 0.003258 0.870003 0.124682 0.001941
2 2 0.000248 0.004256 0.802778 0.190628 0.002092
2 2 0.001370 0.006246 0.748408 0.242557 0.001419
3 2 0.002657 0.004616 0.305091 0.687256 0.000381
2 2 0.001494 0.004571 0.568088 0.425357 0.000490
2 3 0.000661 0.004691 0.657831 0.335874 0.000944
2 3 0.000312 0.006463 0.768080 0.222834 0.002311
3 3 0.000293 0.006204 0.406033 0.584870 0.002600
3 3 0.000299 0.003766 0.439507 0.555326 0.001102
3 3 0.001108 0.003113 0.197181 0.797908 0.000690
3 3 0.000356 0.001407 0.171245 0.826818 0.000173
3 3 0.000605 0.003059 0.386346 0.609147 0.000843
3 3 0.000306 0.002395 0.292577 0.704169 0.000552
3 3 0.000489 0.002207 0.148690 0.848129 0.000485
3 3 0.000153 0.002275 0.423371 0.573545 0.000657
3 3 0.000167 0.001367 0.168165 0.829815 0.000486
3 3 0.000245 0.000813 0.118005 0.880801 0.000136
3 3 0.000147 0.000805 0.178973 0.819978 0.000097
3 3 0.000171 0.000871 0.069224 0.929485 0.000249
3 3 0.000455 0.001975 0.117224 0.879662 0.000682
3 3 0.000435 0.001363 0.049826 0.948108 0.000268
3 3 0.000133 0.000771 0.024072 0.974839 0.000185
3 3 0.000295 0.001113 0.028013 0.970367 0.000212
3 3 0.000342 0.001834 0.028100 0.969207 0.000516
3 3 0.001101 0.002014 0.030056 0.966581 0.000248
3 3 0.004265 0.004300 0.037497 0.953502 0.000437
3 2 0.016448 0.022446 0.108933 0.846813 0.005359
3 2 0.005053 0.034791 0.391493 0.551967 0.016696
2 2 0.006328 0.033152 0.752060 0.200377 0.008083
2 2 0.007175 0.054705 0.870646 0.036630 0.030845
2 2 0.211164 0.100264 0.616458 0.042922 0.029193
0 2 0.804269 0.119558 0.049666 0.004406 0.022102
1 1 0.252150 0.399026 0.139564 0.000334 0.208926
1 2 0.098286 0.453637 0.176033 0.000172 0.271872
2 2 0.007542 0.173338 0.679955 0.034112 0.105053
2 2 0.005697 0.128378 0.735088 0.024670 0.106167
2 2 0.001589 0.046201 0.919189 0.012981 0.020041
2 2 0.001116 0.033386 0.905521 0.046466 0.013512
2 2 0.000113 0.005985 0.987305 0.002597 0.004001
2 2 0.003414 0.026050 0.953222 0.006535 0.010779
2 2 0.012651 0.056404 0.878550 0.008056 0.044338
2 2 0.000727 0.012687 0.972572 0.006503 0.007510
2 2 0.000667 0.012648 0.955895 0.025631 0.005160
2 2 0.000285 0.004220 0.932825 0.060956 0.001715
2 2 0.001254 0.008731 0.838835 0.148762 0.002418
2 2 0.000611 0.005226 0.870247 0.122866 0.001050
2 3 0.000504 0.003252 0.527242 0.468747 0.000255
3 3 0.000113 0.001124 0.359125 0.639482 0.000156
3 3 0.001167 0.007327 0.490957 0.497960 0.002589
3 3 0.000563 0.002344 0.174610 0.821988 0.000494
3 3 0.000375 0.001515 0.103949 0.893710 0.000451
3 3 0.000935 0.002024 0.094605 0.902056 0.000379
3 3 0.003015 0.003604 0.095963 0.897195 0.000223
3 3 0.001761 0.004595 0.130578 0.862255 0.000811
3 3 0.000169 0.000652 0.075320 0.923716 0.000143
3 3 0.000196 0.000709 0.061985 0.936966 0.000143
3 3 0.000123 0.000659 0.046599 0.952452 0.000168
3 3 0.000185 0.001596 0.070213 0.927629 0.000376
3 3 0.000319 0.001463 0.088517 0.909267 0.000434
3 3 0.000568 0.000903 0.056457 0.941975 0.000097
3 3 0.000563 0.001044 0.033342 0.964936 0.000115
3 3 0.000168 0.000589 0.034932 0.964226 0.000085
3 3 0.000662 0.001325 0.022157 0.975707 0.000149
3 3 0.000316 0.001063 0.018536 0.979920 0.000166
3 3 0.000764 0.001414 0.012305 0.985384 0.000132
3 3 0.000456 0.001302 0.018015 0.980042 0.000185
3 3 0.001679 0.002907 0.026209 0.968846 0.000359
3 3 0.000371 0.001734 0.051528 0.946005 0.000362
3 2 0.001553 0.005470 0.055507 0.935827 0.001643
3 2 0.000503 0.003171 0.159304 0.835192 0.001830
3 2 0.000821 0.003506 0.184350 0.809771 0.001553
2 3 0.002119 0.015275 0.512209 0.465382 0.005015
3 3 0.007000 0.022320 0.295384 0.670834 0.004461
3 3 0.009312 0.028922 0.311074 0.646549 0.004143
3 3 0.000695 0.001980 0.042833 0.954115 0.000377
3 3 0.001337 0.002653 0.051408 0.944181 0.000421
3 3 0.002580 0.003962 0.047811 0.945098 0.000549
3 3 0.009480 0.020291 0.141311 0.826489 0.002429
3 3 0.007655 0.006316 0.022777 0.962757 0.000495
3 3 0.001830 0.002219 0.012158 0.983630 0.000163
3 3 0.000471 0.001071 0.006472 0.991890 0.000096
3 3 0.001422 0.004436 0.030890 0.962249 0.001003
3 3 0.002885 0.008583 0.037208 0.949067 0.002258
3 3 0.005479 0.017188 0.041526 0.929100 0.006706
3 3 0.003268 0.004234 0.011149 0.980967 0.000382
3 3 0.003389 0.004633 0.018990 0.972501 0.000487
3 3 0.000665 0.001422 0.004863 0.992929 0.000121
3 3 0.000938 0.004228 0.022729 0.970922 0.001183
3 3 0.001782 0.002929 0.008614 0.986405 0.000269
3 3 0.000549 0.001113 0.003900 0.994355 0.000082
3 3 0.000427 0.001170 0.004304 0.993985 0.000114
3 3 0.000865 0.002897 0.009736 0.986017 0.000484
3 3 0.000792 0.003726 0.012868 0.981692 0.000921
3 3 0.000397 0.002370 0.011015 0.985598 0.000620
3 3 0.001066 0.002235 0.009865 0.986591 0.000243
3 3 0.000410 0.001576 0.007637 0.990133 0.000244
3 3 0.001017 0.001465 0.004638 0.992789 0.000091
3 3 0.001464 0.002720 0.011008 0.984521 0.000287
3 3 0.001030 0.004326 0.025386 0.968049 0.001208
3 3 0.002704 0.005548 0.015209 0.975701 0.000837
3 3 0.000772 0.002106 0.012671 0.984155 0.000296
3 3 0.000680 0.001922 0.015142 0.981973 0.000283
3 3 0.001086 0.003215 0.013634 0.981529 0.000537
3 3 0.002371 0.004729 0.013064 0.979170 0.000666
3 3 0.001352 0.004670 0.014475 0.978488 0.001015
3 3 0.000712 0.004081 0.014426 0.979544 0.001238
3 3 0.001135 0.004090 0.013264 0.980673 0.000838
3 3 0.000582 0.002515 0.009042 0.987369 0.000492
3 3 0.000942 0.002081 0.008665 0.988086 0.000226
3 3 0.000324 0.000764 0.002906 0.995951 0.000055
3 3 0.000405 0.001230 0.004583 0.993648 0.000133
3 3 0.001057 0.002076 0.006625 0.990050 0.000193
3 3 0.001140 0.002597 0.030565 0.965293 0.000404
3 2 0.007888 0.010388 0.095263 0.885080 0.001381
0 2 0.443227 0.231478 0.193037 0.109123 0.023135
0 1 0.644652 0.152301 0.096826 0.033205 0.073017
0 2 0.573799 0.191619 0.105748 0.012655 0.116179
0 2 0.382691 0.215129 0.187245 0.168376 0.046558
0 2 0.624554 0.154014 0.082259 0.021588 0.117586
0 2 0.700774 0.131930 0.076586 0.034052 0.056658
0 2 0.705659 0.130797 0.073195 0.030084 0.060265
0 2 0.504269 0.185762 0.115753 0.023702 0.170514
3 2 0.203987 0.117047 0.137128 0.508699 0.033139
0 2 0.335753 0.245401 0.190534 0.061159 0.167152
4 2 0.109805 0.224544 0.177470 0.022447 0.465735
4 2 0.066734 0.243387 0.309505 0.048248 0.332126
2 2 0.079098 0.272756 0.336856 0.171621 0.139670
3 2 0.068024 0.104308 0.160297 0.646461 0.020910
3 2 0.031019 0.093902 0.193669 0.589020 0.092390
3 2 0.050940 0.145501 0.238996 0.363797 0.200766
3 2 0.006485 0.049391 0.230822 0.635304 0.077998
3 2 0.044322 0.110921 0.284206 0.433631 0.126919
3 2 0.095583 0.098062 0.137754 0.631447 0.037154
3 2 0.013912 0.045538 0.099252 0.819719 0.021579
3 2 0.059533 0.116247 0.169156 0.561761 0.093303
3 2 0.032289 0.115555 0.193392 0.511215 0.147548
4 2 0.139436 0.199760 0.216735 0.202333 0.241737
2 2 0.000948 0.041050 0.763079 0.139946 0.054976
2 2 0.001939 0.045592 0.792060 0.126965 0.033444
2 2 0.000407 0.022284 0.882007 0.072015 0.023286
2 2 0.000092 0.006858 0.944301 0.040566 0.008183
2 2 0.016075 0.103291 0.591027 0.101672 0.187935
4 2 0.035865 0.223960 0.244462 0.043029 0.452684
2 2 0.003221 0.112909 0.707496 0.055570 0.120804
2 2 0.002409 0.062086 0.713410 0.033303 0.188792
2 2 0.000763 0.034730 0.877004 0.010787 0.076716
4 2 0.018324 0.188482 0.266922 0.001307 0.524966
4 2 0.016341 0.190593 0.220977 0.003241 0.568848
2 2 0.010926 0.131050 0.447975 0.006723 0.403326
2 2 0.014350 0.164196 0.408667 0.006991 0.405796
4 2 0.016083 0.085957 0.230206 0.004079 0.663676
4 4 0.149741 0.115483 0.054164 0.001691 0.678921
4 4 0.160579 0.062254 0.015081 0.000060 0.762026
4 4 0.165031 0.235073 0.125698 0.002368 0.471830
4 4 0.016464 0.183116 0.194286 0.002258 0.603877
4 4 0.015761 0.213597 0.253202 0.002891 0.514549
4 4 0.007949 0.151343 0.258104 0.000787 0.581817
4 4 0.022900 0.230861 0.211913 0.000814 0.533512
4 4 0.054090 0.075634 0.032428 0.000661 0.837187
4 4 0.062178 0.164035 0.072256 0.000554 0.700978
4 4 0.027982 0.106351 0.034722 0.000051 0.830895
4 4 0.026998 0.057579 0.026532 0.000529 0.888362
4 4 0.053468 0.073250 0.027820 0.000288 0.845174
4 4 0.038818 0.141503 0.082948 0.001209 0.735522
4 4 0.018144 0.156048 0.097833 0.000165 0.727810
4 4 0.031906 0.148992 0.083873 0.000402 0.734827
4 4 0.014180 0.091758 0.038254 0.000121 0.855686
4 4 0.035712 0.231834 0.137992 0.001509 0.592953
4 4 0.010339 0.121956 0.365599 0.003082 0.499024
4 4 0.009936 0.171298 0.299734 0.002535 0.516497
4 4 0.015621 0.152152 0.104714 0.000914 0.726599
4 4 0.023725 0.096467 0.086193 0.015706 0.777909
4 4 0.030101 0.079170 0.051563 0.003607 0.835559
4 4 0.019844 0.047977 0.023926 0.000696 0.907556
4 4 0.088581 0.083324 0.033954 0.000761 0.793381
4 4 0.050165 0.065884 0.023234 0.000061 0.860656
4 4 0.129793 0.252072 0.104644 0.000585 0.512907
4 4 0.223166 0.132827 0.058954 0.001631 0.583422
4 4 0.008009 0.164261 0.358273 0.000836 0.468621
4 4 0.013740 0.205952 0.158193 0.002255 0.619860
4 4 0.025464 0.140991 0.163832 0.055663 0.614050
4 4 0.019004 0.138734 0.184795 0.089913 0.567554
3 2 0.112965 0.184911 0.218502 0.272240 0.211382
4 2 0.072622 0.161268 0.259443 0.084634 0.422033
2 2 0.004399 0.040680 0.784295 0.006576 0.164049
2 2 0.008187 0.073872 0.689554 0.025037 0.203349
4 2 0.013050 0.082634 0.371924 0.047842 0.484550
4 2 0.081744 0.218246 0.304324 0.080309 0.315378
4 2 0.174202 0.178678 0.165743 0.034106 0.447271
4 2 0.141807 0.161317 0.134074 0.019361 0.543442
4 2 0.285812 0.133839 0.053716 0.002092 0.524541
4 2 0.247851 0.202012 0.120570 0.011840 0.417726
4 2 0.252494 0.158997 0.079482 0.007265 0.501762
4 2 0.048040 0.170970 0.305039 0.011480 0.464472
2 2 0.010028 0.075525 0.724896 0.075747 0.113803
2 2 0.007463 0.078894 0.674096 0.013691 0.225856
2 2 0.085049 0.242967 0.483825 0.036395 0.151763
2 2 0.048340 0.169986 0.564196 0.123879 0.093599
2 2 0.039503 0.118143 0.440394 0.073775 0.328186
4 2 0.108160 0.190274 0.189941 0.148659 0.362967
4 2 0.213224 0.211181 0.174040 0.078908 0.322648
4 2 0.071258 0.192579 0.189075 0.034018 0.513071
2 2 0.211162 0.206458 0.251105 0.094417 0.236858
2 2 0.047132 0.129347 0.539511 0.200608 0.083402
2 2 0.103011 0.111344 0.451747 0.293191 0.040708
3 2 0.127677 0.133080 0.266166 0.383554 0.089523
3 2 0.144341 0.162158 0.191007 0.391545 0.110948
3 2 0.161884 0.164086 0.192237 0.381287 0.100506
2 2 0.194207 0.173377 0.273218 0.163484 0.195714
2 3 0.061427 0.112315 0.434289 0.298464 0.093504
0 3 0.349376 0.139735 0.271628 0.170317 0.068944
0 3 0.523381 0.169566 0.121034 0.102338 0.083681
3 3 0.266381 0.170327 0.174792 0.308212 0.080288
0 3 0.243536 0.211083 0.185748 0.135218 0.224416
2 3 0.070671 0.199185 0.422395 0.237395 0.070354
3 3 0.183866 0.141519 0.258267 0.361265 0.055083
3 3 0.168572 0.157205 0.181306 0.404167 0.088749
3 3 0.024165 0.054045 0.186573 0.717928 0.017289
0 3 0.263692 0.184145 0.169743 0.257934 0.124486
3 3 0.166985 0.096805 0.120774 0.592024 0.023412
2 3 0.150456 0.154075 0.390215 0.250478 0.054775
3 3 0.038726 0.073777 0.310656 0.531109 0.045732
3 3 0.039626 0.066237 0.178842 0.679204 0.036092
3 3 0.129482 0.184066 0.192062 0.264758 0.229632
3 3 0.150448 0.091246 0.157706 0.579478 0.021122
3 3 0.016190 0.011811 0.047263 0.924006 0.000731
3 3 0.010219 0.007448 0.041852 0.939980 0.000501
3 3 0.002397 0.004922 0.053926 0.937823 0.000931
3 3 0.072324 0.096603 0.336949 0.458557 0.035567
3 3 0.076280 0.113330 0.204801 0.520801 0.084788
3 3 0.014681 0.037437 0.074005 0.855442 0.018435
3 3 0.091526 0.057024 0.196317 0.638724 0.016409
3 3 0.293481 0.107491 0.135465 0.439607 0.023955
3 3 0.220847 0.097744 0.113029 0.548315 0.020064
3 3 0.146145 0.049497 0.063675 0.735448 0.005235
3 3 0.075659 0.085324 0.125053 0.681536 0.032428
3 3 0.083606 0.067419 0.097100 0.734902 0.016973
3 3 0.034667 0.091053 0.282526 0.479418 0.112335
3 3 0.006114 0.008701 0.055137 0.928459 0.001589
3 3 0.006643 0.009077 0.033337 0.949629 0.001315
3 3 0.108782 0.053234 0.071119 0.758645 0.008220
3 3 0.028901 0.022590 0.039020 0.906263 0.003226
3 3 0.044944 0.057825 0.090045 0.785768 0.021418
3 3 0.061893 0.090645 0.131426 0.667011 0.049025
3 3 0.020024 0.022369 0.041493 0.911849 0.004264
3 3 0.108229 0.037010 0.049514 0.801752 0.003495
3 3 0.046841 0.019092 0.030496 0.902157 0.001414
3 3 0.010325 0.009111 0.019822 0.959907 0.000836
3 3 0.003538 0.007031 0.045415 0.942544 0.001472
3 3 0.032769 0.049353 0.083101 0.816343 0.018433
3 3 0.004655 0.009000 0.022386 0.962323 0.001636
3 3 0.007248 0.009159 0.021551 0.960931 0.001111
3 3 0.002631 0.003524 0.009506 0.984031 0.000308
3 3 0.027236 0.010728 0.019015 0.942451 0.000571
3 1 0.149102 0.014096 0.023625 0.812927 0.000250
0 2 0.552567 0.089049 0.086890 0.266214 0.005280
2 2 0.260860 0.150767 0.370325 0.197808 0.020240
0 1 0.917191 0.042017 0.020704 0.015811 0.004277
0 1 0.885116 0.065248 0.022537 0.002491 0.024608
3 2 0.058711 0.149366 0.235413 0.427697 0.128812
3 2 0.020917 0.051619 0.177380 0.717962 0.032122
2 2 0.108494 0.112131 0.470333 0.252536 0.056505
0 2 0.325001 0.300617 0.219889 0.043116 0.111377
1 2 0.203491 0.352301 0.239937 0.014603 0.189668
1 2 0.168141 0.343335 0.293885 0.042611 0.152027
2 2 0.065428 0.360867 0.383582 0.004326 0.185796
2 2 0.002522 0.058792 0.871385 0.010088 0.057213
2 2 0.002191 0.080475 0.839908 0.028195 0.049231
2 2 0.021059 0.118238 0.500713 0.012326 0.347664
2 2 0.006834 0.135720 0.506056 0.005945 0.345445
2 2 0.007627 0.112644 0.603824 0.029033 0.246871
2 2 0.004918 0.094700 0.598148 0.082433 0.219801
2 2 0.004123 0.058015 0.756691 0.006431 0.174740
2 2 0.001250 0.025371 0.932972 0.014374 0.026034
2 2 0.005450 0.076614 0.859940 0.011083 0.046913
2 2 0.003063 0.065707 0.865823 0.021533 0.043874
2 2 0.005102 0.039754 0.863110 0.016144 0.075889
2 2 0.260102 0.240398 0.393100 0.049944 0.056455
2 2 0.002317 0.046274 0.889196 0.019229 0.042983
2 2 0.000977 0.036644 0.889494 0.037342 0.035542
2 2 0.002082 0.064685 0.825791 0.045940 0.061502
2 2 0.000916 0.017946 0.897324 0.070740 0.013073
2 2 0.000711 0.010082 0.869022 0.116609 0.003577
2 2 0.006585 0.045323 0.860260 0.064924 0.022907
2 2 0.013952 0.056780 0.766153 0.142677 0.020438
2 2 0.016718 0.065642 0.725956 0.059802 0.131881
0 2 0.774396 0.092608 0.062255 0.055506 0.015234
0 2 0.342495 0.230493 0.237551 0.148292 0.041168
2 2 0.000536 0.007985 0.913826 0.070038 0.007614
2 2 0.006930 0.019623 0.728376 0.238154 0.006916
0 2 0.762394 0.130876 0.060571 0.007419 0.038741
0 1 0.768135 0.160921 0.058944 0.001794 0.010207
0 2 0.469562 0.273620 0.160378 0.015334 0.081106
4 2 0.050727 0.218560 0.219484 0.031675 0.479555
4 2 0.034248 0.156408 0.287700 0.116537 0.405107
2 2 0.003748 0.065732 0.801785 0.027497 0.101239
2 2 0.000202 0.008834 0.959120 0.026546 0.005297
2 2 0.000222 0.006634 0.899797 0.092208 0.001139
2 2 0.008859 0.124644 0.598814 0.015208 0.252476
2 2 0.002744 0.047126 0.860084 0.011107 0.078939
2 2 0.015144 0.046430 0.886416 0.013786 0.038224
2 2 0.004406 0.051856 0.901985 0.030248 0.011505
2 2 0.000263 0.014368 0.972117 0.004669 0.008583
2 2 0.000034 0.002868 0.976906 0.017802 0.002389
2 2 0.000162 0.010087 0.921585 0.058639 0.009527
2 2 0.001010 0.026410 0.917006 0.035280 0.020294
2 2 0.000994 0.023060 0.889701 0.055090 0.031155
2 2 0.249339 0.052041 0.393000 0.297913 0.007708
2 2 0.078636 0.154292 0.580338 0.086408 0.100327
2 2 0.013926 0.094199 0.616156 0.029095 0.246624
2 2 0.005275 0.086350 0.728458 0.010249 0.169668
2 2 0.000537 0.027429 0.936694 0.007535 0.027806
2 2 0.000570 0.020106 0.940967 0.028331 0.010026
2 2 0.003320 0.019609 0.833855 0.135933 0.007283
2 2 0.002802 0.035348 0.888089 0.059901 0.013860
2 2 0.003752 0.085827 0.797886 0.020411 0.092124
2 2 0.003682 0.019102 0.643672 0.325001 0.008542
2 2 0.009806 0.033303 0.502607 0.444797 0.009486
2 2 0.180399 0.272996 0.279405 0.006753 0.260448
2 2 0.027890 0.179355 0.541145 0.016783 0.234827
2 2 0.051097 0.331110 0.344692 0.006274 0.266827
4 2 0.162419 0.228363 0.181425 0.005505 0.422288
1 2 0.137287 0.314809 0.258985 0.015392 0.273527
2 2 0.034942 0.136700 0.767632 0.005798 0.054928
2 2 0.014418 0.182882 0.671298 0.002413 0.128990
2 2 0.016316 0.075479 0.823492 0.037587 0.047127
2 2 0.130972 0.204524 0.506630 0.100996 0.056878
2 2 0.086992 0.353898 0.388856 0.045927 0.124326
0 1 0.908732 0.052498 0.019675 0.003998 0.015098
0 2 0.745433 0.102108 0.067841 0.064408 0.020211
3 2 0.047564 0.187335 0.273183 0.294838 0.197080
3 2 0.013377 0.104586 0.201529 0.417053 0.263455
3 2 0.020833 0.102762 0.184313 0.526395 0.165697
4 2 0.064155 0.161610 0.215935 0.075840 0.482460
2 2 0.007839 0.074703 0.574004 0.171192 0.172262
2 2 0.000250 0.022166 0.906192 0.045937 0.025455
2 2 0.001329 0.055393 0.838920 0.009463 0.094895
2 2 0.006468 0.131268 0.721802 0.011507 0.128955
2 2 0.000211 0.005243 0.947790 0.040595 0.006160
2 2 0.000409 0.013973 0.944328 0.019466 0.021823
2 2 0.000385 0.013571 0.948891 0.007062 0.030091
2 2 0.000742 0.028098 0.919046 0.001186 0.050929
2 2 0.001058 0.015630 0.946221 0.028932 0.008160
2 2 0.000145 0.010307 0.967902 0.013568 0.008078
2 2 0.000419 0.018967 0.916271 0.020376 0.043966
2 2 0.000406 0.012533 0.956587 0.015723 0.014750
2 2 0.006293 0.062914 0.734629 0.127622 0.068542
2 2 0.000096 0.009630 0.872714 0.109127 0.008432
2 2 0.000712 0.021662 0.925779 0.032928 0.018919
2 2 0.002326 0.052537 0.869508 0.026741 0.048887
2 2 0.038198 0.098771 0.743438 0.032341 0.087252
2 2 0.040245 0.116084 0.700261 0.021043 0.122368
2 2 0.047810 0.194769 0.563739 0.048971 0.144711
2 2 0.010234 0.064174 0.730586 0.136239 0.058768
2 2 0.005011 0.036133 0.805680 0.115203 0.037973
2 2 0.005567 0.030917 0.677943 0.273220 0.012353
2 2 0.001856 0.024954 0.806514 0.151579 0.015097
2 2 0.001437 0.021611 0.705733 0.253432 0.017787
2 2 0.003411 0.028900 0.889764 0.037254 0.040671
2 2 0.002847 0.027592 0.914415 0.028259 0.026887
2 2 0.000485 0.013882 0.952783 0.011801 0.021049
2 2 0.000518 0.016082 0.927015 0.034548 0.021837
2 2 0.002093 0.049681 0.829473 0.071231 0.047521
2 2 0.000983 0.017364 0.898467 0.075858 0.007328
2 2 0.001036 0.013462 0.787375 0.191982 0.006146
2 2 0.001208 0.012719 0.826322 0.147750 0.012001
2 2 0.002893 0.028792 0.890876 0.035884 0.041556
2 2 0.001099 0.019843 0.874174 0.091985 0.012899
3 2 0.000527 0.007196 0.300195 0.682691 0.009391
2 2 0.000358 0.010654 0.741453 0.242193 0.005341
2 2 0.003052 0.017260 0.547474 0.428194 0.004019
3 2 0.005278 0.013725 0.348969 0.628803 0.003224
3 2 0.007260 0.008166 0.260855 0.722250 0.001468
2 2 0.007130 0.022452 0.660210 0.304961 0.005248
2 3 0.013625 0.038181 0.569029 0.345163 0.034002
3 3 0.019647 0.022671 0.369797 0.579537 0.008348
2 3 0.003452 0.014307 0.744630 0.230011 0.007600
2 3 0.000230 0.005919 0.745545 0.243275 0.005031
3 3 0.002025 0.014545 0.473435 0.496667 0.013328
3 3 0.012818 0.040389 0.464084 0.464432 0.018276
3 3 0.004798 0.008035 0.155012 0.830759 0.001396
3 3 0.009405 0.019856 0.222994 0.743150 0.004595
3 3 0.002343 0.006813 0.085789 0.902996 0.002059
3 3 0.003772 0.008897 0.106533 0.879612 0.001187
3 3 0.001710 0.010864 0.435793 0.549207 0.002426
3 3 0.000941 0.002307 0.081083 0.915249 0.000419
3 3 0.001742 0.005143 0.154810 0.836559 0.001745
3 3 0.001278 0.003860 0.131819 0.861996 0.001048
3 3 0.000385 0.002359 0.136235 0.859852 0.001168
3 3 0.000447 0.001913 0.122947 0.874035 0.000659
3 3 0.000777 0.003969 0.131503 0.862135 0.001616
3 3 0.003775 0.006672 0.097435 0.891163 0.000955
3 3 0.045854 0.039347 0.185391 0.719128 0.010279
3 3 0.061266 0.041747 0.064014 0.825972 0.007002
3 3 0.281702 0.080228 0.083823 0.542674 0.011573
0 3 0.695468 0.069309 0.050427 0.178269 0.006527
0 0 0.748770 0.076581 0.067755 0.102350 0.004544
0 0 0.508603 0.267746 0.146118 0.010289 0.067244
0 0 0.795633 0.118491 0.044364 0.002668 0.038844
0 0 0.957664 0.027116 0.005728 0.000247 0.009245
0 0 0.835820 0.077806 0.019726 0.000449 0.066198
0 0 0.770433 0.106230 0.032191 0.000952 0.090194
0 0 0.804131 0.073622 0.019320 0.000545 0.102383
0 0 0.854735 0.067819 0.020090 0.001081 0.056276
0 0 0.922261 0.046653 0.008702 0.000110 0.022274
0 0 0.733651 0.184434 0.047529 0.000286 0.034100
0 0 0.774250 0.148091 0.020694 0.000014 0.056951
0 1 0.779010 0.164854 0.028709 0.000040 0.027387
1 1 0.082418 0.366081 0.288984 0.003888 0.258630
0 1 0.769818 0.107135 0.040766 0.003092 0.079188
0 0 0.849239 0.080023 0.038271 0.011356 0.021112
0 0 0.971140 0.019427 0.004751 0.000565 0.004117
0 0 0.949957 0.027238 0.005293 0.000167 0.017344
0 0 0.921555 0.050438 0.011545 0.000356 0.016107
0 0 0.680608 0.119642 0.045404 0.002671 0.151675
0 0 0.828323 0.087068 0.044382 0.015168 0.025058
0 0 0.978424 0.015473 0.002370 0.000053 0.003680
0 0 0.920096 0.057521 0.013441 0.000303 0.008639
0 0 0.912972 0.058103 0.012194 0.000181 0.016550
0 0 0.946491 0.033156 0.005509 0.000070 0.014774
0 0 0.948403 0.026505 0.004748 0.000112 0.020233
0 0 0.958466 0.026078 0.006310 0.000508 0.008639
0 0 0.842767 0.089736 0.029965 0.001790 0.035743
0 0 0.868672 0.066522 0.013354 0.000143 0.051309
0 0 0.848440 0.100989 0.016875 0.000044 0.033653
0 0 0.778766 0.151456 0.031706 0.000112 0.037960
0 0 0.850938 0.105477 0.020656 0.000096 0.022833
0 1 0.744846 0.187354 0.043826 0.000169 0.023806
0 1 0.542420 0.280668 0.109230 0.001559 0.066123
1 1 0.355621 0.379864 0.194776 0.003930 0.065809
1 1 0.241262 0.470033 0.214749 0.001274 0.072681
1 1 0.349439 0.468649 0.140731 0.000183 0.040998
0 2 0.787542 0.148157 0.036179 0.000250 0.027872
0 1 0.878038 0.090085 0.025287 0.000614 0.005976
0 1 0.814938 0.122831 0.035046 0.000629 0.026556
0 1 0.834808 0.094309 0.028400 0.000987 0.041495
0 1 0.800142 0.115418 0.029401 0.000372 0.054667
0 1 0.608311 0.270805 0.077260 0.000344 0.043280
0 1 0.811580 0.142567 0.030765 0.000130 0.014958
0 1 0.556672 0.296331 0.115372 0.001469 0.030157
1 1 0.142561 0.381450 0.281509 0.012805 0.181675
2 2 0.027132 0.311559 0.416427 0.054026 0.190856
2 2 0.007434 0.139278 0.411739 0.108910 0.332639
2 2 0.002172 0.065388 0.731237 0.022602 0.178601
2 2 0.003181 0.091771 0.599950 0.017487 0.287609
2 2 0.009253 0.142806 0.528021 0.013993 0.305927
2 2 0.005271 0.114159 0.552795 0.009364 0.318410
2 2 0.001254 0.059080 0.774584 0.095780 0.069303
2 2 0.000822 0.029600 0.897657 0.022192 0.049729
2 2 0.000389 0.022113 0.902418 0.039156 0.035925
2 2 0.000124 0.008988 0.950141 0.024437 0.016309
2 2 0.000781 0.021192 0.912895 0.019072 0.046060
2 2 0.000825 0.031085 0.911454 0.010595 0.046042
2 2 0.000400 0.020422 0.952885 0.003930 0.022363
2 2 0.000136 0.010289 0.971217 0.003427 0.014931
2 2 0.000089 0.007131 0.978732 0.003048 0.011001
2 2 0.001080 0.028390 0.874913 0.001400 0.094218
2 2 0.076610 0.284577 0.359848 0.002587 0.276379
2 2 0.006492 0.137991 0.611636 0.012488 0.231393
2 2 0.005233 0.101310 0.559861 0.007651 0.325945
2 2 0.006857 0.164665 0.469203 0.010203 0.349073
2 2 0.016398 0.213444 0.474345 0.011242 0.284571
2 2 0.001453 0.070210 0.870382 0.006338 0.051617
2 2 0.000086 0.008812 0.977893 0.005636 0.007573
2 2 0.000177 0.009949 0.960042 0.023550 0.006282
2 2 0.001154 0.029181 0.908383 0.006394 0.054888
2 2 0.001082 0.024325 0.929972 0.009312 0.035309
2 2 0.001288 0.016771 0.898664 0.073734 0.009544
2 2 0.004880 0.047845 0.816436 0.045987 0.084851
2 2 0.000779 0.012877 0.868359 0.115542 0.002443
2 2 0.000075 0.004277 0.967697 0.022144 0.005807
2 2 0.000350 0.007469 0.930075 0.059125 0.002981
2 2 0.000157 0.005013 0.955702 0.033921 0.005207
2 2 0.000233 0.006043 0.877701 0.109895 0.006128
2 2 0.001889 0.026943 0.877556 0.036878 0.056734
2 2 0.001115 0.044857 0.886272 0.008178 0.059577
2 2 0.000153 0.013409 0.964293 0.009181 0.012964
2 2 0.000241 0.006087 0.889403 0.102751 0.001517
2 2 0.000983 0.015427 0.957675 0.007945 0.017969
2 2 0.001126 0.016436 0.934111 0.006858 0.041469
2 2 0.000025 0.003633 0.988638 0.004311 0.003393
2 2 0.000029 0.004982 0.955201 0.034985 0.004803
2 2 0.000026 0.003331 0.987900 0.006139 0.002604
2 2 0.000042 0.003991 0.989107 0.003890 0.002970
2 2 0.000135 0.012848 0.963410 0.008061 0.015546
2 2 0.002673 0.066534 0.863355 0.004426 0.063011
2 2 0.083895 0.253538 0.516253 0.006136 0.140179
4 2 0.047785 0.250483 0.257376 0.000620 0.443735
2 2 0.002972 0.035643 0.937089 0.005200 0.019096
2 2 0.001603 0.018325 0.965934 0.009691 0.004448
2 2 0.001284 0.017281 0.970746 0.002862 0.007827
2 2 0.011021 0.116400 0.812259 0.002071 0.058250
2 2 0.030209 0.287213 0.477487 0.001261 0.203831
2 2 0.011528 0.184318 0.712219 0.003483 0.088452
2 2 0.018826 0.183884 0.564383 0.010064 0.222842
2 2 0.015794 0.143552 0.714576 0.027002 0.099076
2 2 0.169040 0.297110 0.359171 0.088860 0.085819
0 2 0.567636 0.256897 0.132264 0.010206 0.032997
0 1 0.669173 0.175136 0.059046 0.001173 0.095472
0 1 0.504531 0.174107 0.092634 0.015859 0.212870
0 1 0.402565 0.161816 0.075037 0.005633 0.354949
0 1 0.533075 0.146867 0.061529 0.004462 0.254067
0 1 0.464904 0.230558 0.083485 0.001058 0.219994
1 2 0.064421 0.375338 0.246603 0.002901 0.310737
2 2 0.105349 0.276964 0.414599 0.009625 0.193463
0 1 0.794165 0.123605 0.036841 0.000803 0.044586
0 1 0.905513 0.056511 0.017189 0.001287 0.019500
0 0 0.865953 0.082221 0.027504 0.001778 0.022543
0 0 0.965471 0.025828 0.002210 0.000002 0.006489
0 0 0.914782 0.068878 0.006395 0.000002 0.009943
0 0 0.982282 0.009066 0.000882 0.000006 0.007764
0 0 0.847914 0.097602 0.017115 0.000058 0.037311
0 0 0.931161 0.046192 0.007790 0.000063 0.014793
0 0 0.968105 0.023746 0.003092 0.000020 0.005037
0 0 0.983985 0.012465 0.001645 0.000025 0.001880
0 0 0.908508 0.064101 0.007662 0.000009 0.019721
0 1 0.609029 0.264462 0.038437 0.000011 0.088061
1 1 0.366368 0.457012 0.087489 0.000020 0.089111
1 1 0.198773 0.455640 0.217967 0.001626 0.125994
1 1 0.065190 0.479902 0.342244 0.002954 0.109710
1 2 0.146442 0.382075 0.229784 0.000657 0.241042
0 2 0.494688 0.296592 0.076686 0.000170 0.131863
0 2 0.441803 0.390859 0.088345 0.000063 0.078930
1 2 0.034945 0.488880 0.305587 0.000688 0.169900
2 2 0.003090 0.191146 0.637949 0.007923 0.159892
2 2 0.002223 0.134725 0.636324 0.009099 0.217630
2 2 0.000749 0.058158 0.830829 0.010135 0.100129
2 2 0.000296 0.026427 0.923780 0.021052 0.028446
2 2 0.013180 0.088966 0.589459 0.004860 0.303535
2 2 0.011161 0.119559 0.667712 0.004524 0.197044
2 2 0.004852 0.088988 0.702129 0.003718 0.200313
2 2 0.002140 0.054716 0.887096 0.016832 0.039215
2 2 0.000918 0.035111 0.899264 0.008916 0.055792
2 2 0.000332 0.018814 0.947242 0.002878 0.030735
2 2 0.000224 0.016699 0.968135 0.001162 0.013779
2 2 0.000529 0.026542 0.945777 0.001044 0.026108
2 2 0.000394 0.028020 0.950037 0.002578 0.018970
2 2 0.001945 0.054852 0.876079 0.010146 0.056978
2 2 0.000379 0.014745 0.901053 0.026097 0.057726
2 2 0.000277 0.017942 0.949432 0.002764 0.029586
2 2 0.000283 0.013032 0.963713 0.005871 0.017102
2 2 0.001638 0.021864 0.932819 0.025437 0.018242
2 2 0.003148 0.052081 0.676796 0.038208 0.229767
2 2 0.025887 0.132670 0.478139 0.002501 0.360803
0 1 0.439597 0.209972 0.209734 0.003051 0.137646
0 2 0.472317 0.351797 0.111797 0.000416 0.063673
0 2 0.456513 0.332452 0.088005 0.000166 0.122864
0 2 0.399008 0.355553 0.131929 0.000852 0.112659
0 1 0.653239 0.215850 0.035413 0.000024 0.095473
1 1 0.278758 0.434508 0.142128 0.000249 0.144358
1 2 0.214181 0.415716 0.178073 0.000956 0.191073
2 2 0.008638 0.278687 0.566141 0.023474 0.123060
2 2 0.005948 0.120441 0.630731 0.051201 0.191679
2 2 0.001115 0.062778 0.821095 0.036392 0.078620
2 2 0.005138 0.159787 0.663198 0.004577 0.167300
2 2 0.000493 0.034196 0.930022 0.006380 0.028909
2 2 0.002071 0.074835 0.782756 0.001761 0.138576
2 2 0.001982 0.112312 0.771784 0.002805 0.111117
2 2 0.001028 0.031333 0.940460 0.007041 0.020138
2 2 0.002533 0.074531 0.840656 0.005380 0.076901
2 2 0.000970 0.028340 0.924804 0.001985 0.043901
2 2 0.000057 0.006679 0.979599 0.007226 0.006439
2 2 0.000091 0.007236 0.954349 0.032147 0.006177
2 2 0.000324 0.007087 0.882293 0.107556 0.002740
2 2 0.000062 0.003196 0.912003 0.082169 0.002570
2 2 0.000156 0.009060 0.851759 0.131585 0.007440
2 2 0.000810 0.016933 0.711874 0.244631 0.025752
2 2 0.000156 0.007094 0.665433 0.315071 0.012246
2 2 0.000378 0.023135 0.937827 0.000667 0.037993
2 2 0.000370 0.011685 0.966938 0.009492 0.011516
2 2 0.000206 0.011237 0.880557 0.092719 0.015281
2 2 0.000047 0.004228 0.952891 0.031496 0.011339
2 2 0.000030 0.002785 0.937412 0.053831 0.005941
2 2 0.000085 0.004568 0.931703 0.060384 0.003260
2 2 0.000048 0.002486 0.805783 0.189615 0.002068
2 2 0.000153 0.005814 0.797539 0.193087 0.003407
2 2 0.000449 0.005359 0.810091 0.182555 0.001547
2 2 0.000091 0.002615 0.791808 0.204006 0.001480
2 2 0.002684 0.032411 0.592394 0.144495 0.228017
4 2 0.010899 0.060548 0.063244 0.007520 0.857789
4 4 0.060984 0.114124 0.073871 0.005291 0.745730
4 4 0.023437 0.047419 0.021591 0.000483 0.907071
4 4 0.107871 0.048187 0.010942 0.000034 0.832966
4 4 0.121127 0.057813 0.013882 0.000049 0.807130
4 4 0.020217 0.068459 0.105810 0.000742 0.804773
4 4 0.013779 0.068749 0.070783 0.001688 0.845000
4 4 0.032909 0.078600 0.049373 0.002965 0.836153
4 4 0.016126 0.053690 0.032848 0.001757 0.895579
4 4 0.037662 0.033558 0.014095 0.000049 0.914637
4 4 0.368459 0.064964 0.012041 0.000040 0.554496
4 1 0.095743 0.270444 0.085863 0.000075 0.547876
4 1 0.095022 0.289265 0.108609 0.000173 0.506931
4 2 0.085013 0.292727 0.095227 0.000090 0.526943
4 2 0.021635 0.124452 0.053815 0.000184 0.799914
4 4 0.097259 0.108988 0.038271 0.000338 0.755144
4 4 0.325238 0.106774 0.032551 0.000642 0.534795
4 4 0.084425 0.066876 0.022425 0.000344 0.825930
4 4 0.064029 0.120824 0.083357 0.007676 0.724115
4 4 0.039339 0.048407 0.017498 0.000213 0.894542
4 4 0.055301 0.060914 0.023205 0.000330 0.860250
4 4 0.035129 0.067590 0.035154 0.001245 0.860882
4 4 0.043643 0.058216 0.023773 0.000408 0.873960
4 4 0.171960 0.073144 0.019616 0.000168 0.735113
4 4 0.079414 0.053540 0.015339 0.000094 0.851613
4 4 0.168604 0.129755 0.061433 0.002901 0.637307
4 4 0.163350 0.101766 0.038095 0.000938 0.695851
4 4 0.363411 0.074023 0.015519 0.000081 0.546966
4 4 0.044463 0.059581 0.024478 0.000495 0.870983
4 4 0.123424 0.080625 0.027678 0.000333 0.767940
4 4 0.070027 0.067064 0.024931 0.000369 0.837609
4 4 0.056472 0.063302 0.024744 0.000383 0.855099
4 4 0.036027 0.107329 0.046678 0.000339 0.809628
4 4 0.062738 0.047030 0.013341 0.000077 0.876813
4 4 0.031817 0.073009 0.032276 0.000421 0.862478
4 4 0.026739 0.062103 0.034031 0.001372 0.875755
4 4 0.022165 0.040358 0.016304 0.000250 0.920923
4 4 0.024935 0.048125 0.021558 0.000462 0.904921
4 4 0.216252 0.120745 0.047295 0.001996 0.613713
4 4 0.071751 0.063254 0.022021 0.000269 0.842705
0 4 0.617771 0.096218 0.025468 0.000552 0.259991
0 4 0.545392 0.102514 0.028271 0.000546 0.323277
4 4 0.163662 0.113615 0.047174 0.001758 0.673792
4 4 0.063207 0.060670 0.021640 0.000255 0.854227
4 4 0.028374 0.049231 0.021162 0.000405 0.900829
4 4 0.030949 0.055873 0.025873 0.000630 0.886675
4 4 0.106152 0.108147 0.051806 0.002423 0.731472
4 4 0.196779 0.119421 0.048739 0.001585 0.633475
4 4 0.138626 0.056005 0.012878 0.000061 0.792431
4 4 0.058349 0.054129 0.017989 0.000181 0.869352
4 4 0.107183 0.089683 0.035925 0.000818 0.766391
4 4 0.096800 0.078003 0.028343 0.000590 0.796264
0 4 0.561532 0.089806 0.021834 0.000242 0.326586
0 4 0.848906 0.051061 0.009882 0.000133 0.090019
4 4 0.169262 0.064246 0.015439 0.000085 0.750968
4 4 0.040410 0.064693 0.030210 0.000779 0.863908
4 4 0.017804 0.054470 0.032183 0.001563 0.893981
4 4 0.034281 0.060151 0.028395 0.000742 0.876431
4 4 0.198599 0.106551 0.038480 0.000955 0.655415
4 4 0.035841 0.044627 0.015676 0.000169 0.903687
4 4 0.053216 0.045508 0.013526 0.000089 0.887661
4 4 0.081310 0.077461 0.030508 0.000663 0.810058
0 4 0.637166 0.090433 0.022819 0.000386 0.249197
0 4 0.583972 0.147730 0.065113 0.007226 0.195959
4 4 0.260468 0.160655 0.081514 0.005920 0.491443
4 4 0.055511 0.090303 0.049436 0.002511 0.802239
4 4 0.121421 0.079664 0.026790 0.000430 0.771696
4 4 0.087778 0.047747 0.011783 0.000046 0.852645
4 4 0.438529 0.090142 0.022073 0.000202 0.449055
4 4 0.085320 0.074303 0.020052 0.000064 0.820260
4 4 0.034419 0.162785 0.125570 0.000180 0.677046
4 4 0.013638 0.152915 0.233994 0.000718 0.598735
4 4 0.023724 0.242411 0.137510 0.000582 0.595773
4 4 0.013014 0.102922 0.207365 0.005845 0.670854
4 4 0.016216 0.157066 0.135604 0.006397 0.684718
