0 0 0.887976 0.038387 0.030163 0.005206 0.038267
0 0 0.620765 0.078756 0.038358 0.004896 0.257226
0 0 0.378509 0.232281 0.039578 0.000326 0.349305
4 0 0.153334 0.379727 0.049647 0.000038 0.417253
4 0 0.118118 0.421451 0.019926 0.000004 0.440500
1 0 0.183740 0.534928 0.011775 0.000001 0.269556
1 0 0.104193 0.490449 0.006865 0.000000 0.398493
1 0 0.069376 0.573634 0.016899 0.000000 0.340091
1 0 0.077103 0.484221 0.005403 0.000000 0.433273
4 0 0.052420 0.444171 0.011259 0.000000 0.492150
1 0 0.132569 0.618484 0.016583 0.000000 0.232364
1 0 0.048906 0.526571 0.007793 0.000000 0.416729
1 0 0.046901 0.482743 0.006700 0.000000 0.463656
1 0 0.152331 0.495182 0.008894 0.000001 0.343592
1 0 0.278035 0.434781 0.019949 0.000006 0.267230
4 0 0.151903 0.378018 0.025642 0.000013 0.444424
4 0 0.228753 0.326967 0.017725 0.000015 0.426540
4 0 0.105286 0.419897 0.010475 0.000002 0.464340
1 0 0.116538 0.449312 0.019478 0.000003 0.414669
4 0 0.156635 0.413258 0.015132 0.000005 0.414970
1 1 0.277388 0.443910 0.052065 0.000015 0.226622
1 1 0.279538 0.553169 0.006188 0.000000 0.161106
4 1 0.042660 0.433640 0.003894 0.000000 0.519806
1 1 0.192790 0.553680 0.067513 0.000003 0.186014
1 0 0.309889 0.415752 0.065014 0.000029 0.209316
0 0 0.566562 0.230682 0.047827 0.000357 0.154573
0 0 0.729324 0.135684 0.038440 0.000621 0.095931
4 0 0.280075 0.327924 0.034855 0.000087 0.357059
4 0 0.086273 0.369747 0.011706 0.000003 0.532271
4 0 0.067111 0.451280 0.011077 0.000001 0.470532
1 0 0.039040 0.516302 0.015432 0.000000 0.429227
4 1 0.003348 0.251695 0.004400 0.000000 0.740557
4 1 0.021886 0.205923 0.008147 0.000005 0.764039
4 1 0.007032 0.250724 0.024255 0.000001 0.717987
4 1 0.002269 0.159639 0.030011 0.000002 0.808079
4 1 0.002093 0.195770 0.006168 0.000000 0.795968
4 2 0.001480 0.131127 0.014233 0.000002 0.853158
4 2 0.006964 0.161000 0.031016 0.000017 0.801003
4 1 0.018195 0.311822 0.021934 0.000002 0.648047
4 2 0.006285 0.408129 0.015234 0.000000 0.570351
2 2 0.000046 0.331092 0.599208 0.000017 0.069637
2 2 0.000018 0.119796 0.841372 0.000202 0.038612
2 2 0.000017 0.021614 0.972440 0.003357 0.002572
2 2 0.000015 0.042591 0.949970 0.001752 0.005672
2 2 0.000005 0.022027 0.974526 0.001551 0.001891
2 2 0.000004 0.043882 0.950297 0.000100 0.005717
2 2 0.000021 0.035333 0.957019 0.002963 0.004663
2 2 0.000007 0.011250 0.982952 0.005237 0.000554
2 2 0.000005 0.031364 0.962391 0.000234 0.006006
2 2 0.000002 0.048162 0.946123 0.000119 0.005594
2 2 0.000200 0.071926 0.892979 0.002829 0.032065
2 2 0.000009 0.016843 0.979428 0.001649 0.002071
2 2 0.000018 0.044171 0.946069 0.000883 0.008860
2 2 0.000000 0.006385 0.992371 0.001094 0.000150
2 2 0.000065 0.078740 0.898479 0.001963 0.020753
2 2 0.000130 0.078906 0.891496 0.002835 0.026633
2 2 0.000002 0.007704 0.980640 0.011457 0.000197
2 2 0.000000 0.002604 0.989333 0.008035 0.000028
2 2 0.000008 0.029891 0.964764 0.003013 0.002324
2 2 0.000343 0.094105 0.862347 0.008372 0.034832
2 2 0.000036 0.040514 0.949129 0.002347 0.007975
2 2 0.000003 0.011058 0.985833 0.002625 0.000482
2 2 0.000086 0.019280 0.880181 0.099010 0.001444
2 2 0.000013 0.024248 0.907900 0.067132 0.000707
2 2 0.000013 0.009233 0.936498 0.053886 0.000369
2 2 0.000023 0.009381 0.861265 0.128919 0.000411
2 2 0.000056 0.018376 0.769736 0.210450 0.001383
2 2 0.000508 0.034131 0.632805 0.326935 0.005622
2 2 0.000116 0.031697 0.838717 0.126620 0.002850
2 2 0.000118 0.040589 0.910991 0.044202 0.004101
3 3 0.000021 0.002252 0.282836 0.714792 0.000099
2 3 0.000128 0.030356 0.705086 0.262254 0.002176
3 3 0.000643 0.018551 0.271685 0.705288 0.003833
3 3 0.001952 0.024557 0.258495 0.704877 0.010120
3 3 0.000156 0.012769 0.332303 0.653554 0.001219
2 3 0.000053 0.022604 0.855433 0.120406 0.001503
2 3 0.000055 0.012306 0.624469 0.362487 0.000683
3 3 0.000031 0.001513 0.112655 0.885709 0.000091
2 3 0.000039 0.006138 0.676668 0.316792 0.000362
3 3 0.000155 0.007742 0.270251 0.720941 0.000911
2 3 0.000014 0.006422 0.702943 0.290345 0.000276
2 3 0.000038 0.031193 0.883765 0.083165 0.001838
3 3 0.000181 0.011771 0.431335 0.555456 0.001257
3 3 0.000086 0.002118 0.121101 0.876457 0.000238
3 3 0.000005 0.000209 0.037826 0.961950 0.000010
3 3 0.000014 0.000632 0.046494 0.952816 0.000043
3 3 0.000003 0.000309 0.049997 0.949683 0.000008
3 3 0.000005 0.001916 0.246085 0.751943 0.000051
3 3 0.000014 0.001069 0.135680 0.863187 0.000050
3 3 0.000142 0.001664 0.064584 0.933345 0.000265
2 3 0.000201 0.131598 0.823745 0.022467 0.021988
2 3 0.000039 0.030626 0.862140 0.105653 0.001542
3 3 0.001080 0.026538 0.332764 0.632062 0.007555
2 3 0.000203 0.014022 0.518385 0.466028 0.001362
3 3 0.000008 0.001496 0.303282 0.695164 0.000049
3 3 0.000088 0.000574 0.029095 0.970124 0.000119
3 3 0.000094 0.004673 0.143901 0.850800 0.000532
3 3 0.000008 0.000273 0.028266 0.971439 0.000015
3 3 0.000010 0.000558 0.073794 0.925612 0.000026
3 3 0.000045 0.000584 0.037031 0.962266 0.000074
3 3 0.000075 0.008161 0.231022 0.760117 0.000626
3 3 0.000050 0.006019 0.215763 0.777826 0.000342
3 3 0.000027 0.000476 0.033196 0.966254 0.000047
3 3 0.000168 0.004607 0.125312 0.869146 0.000767
3 3 0.000197 0.001740 0.057177 0.940446 0.000440
3 3 0.000215 0.011343 0.238696 0.748321 0.001425
3 3 0.000014 0.000854 0.061726 0.937363 0.000043
3 3 0.000002 0.000093 0.016145 0.983757 0.000003
3 3 0.000005 0.000121 0.014856 0.985008 0.000009
3 3 0.000171 0.000650 0.027101 0.971865 0.000213
3 3 0.000493 0.008990 0.159670 0.828189 0.002658
3 3 0.000350 0.025172 0.367937 0.602419 0.004122
3 3 0.000113 0.007746 0.190834 0.800251 0.001055
3 3 0.002020 0.012849 0.152810 0.823910 0.008411
3 3 0.002359 0.046178 0.366405 0.565146 0.019911
3 3 0.000709 0.020258 0.252950 0.718894 0.007189
3 3 0.000063 0.000668 0.033679 0.965461 0.000129
3 3 0.000012 0.000360 0.032163 0.967442 0.000023
3 3 0.000117 0.000895 0.038688 0.960107 0.000193
3 3 0.000451 0.005699 0.119065 0.873153 0.001632
3 3 0.000029 0.000422 0.028561 0.970935 0.000053
3 3 0.000004 0.000070 0.010358 0.989562 0.000005
3 3 0.000005 0.000034 0.005378 0.994580 0.000004
3 3 0.000022 0.000123 0.011255 0.988579 0.000021
3 3 0.000022 0.000354 0.032668 0.966920 0.000036
3 3 0.000128 0.000554 0.026076 0.973098 0.000145
2 3 0.000416 0.027798 0.708082 0.261986 0.001719
2 3 0.000298 0.082288 0.852184 0.056558 0.008673
2 2 0.000121 0.055732 0.889726 0.047884 0.006537
2 2 0.000060 0.033424 0.934103 0.028905 0.003508
2 2 0.000088 0.118926 0.866811 0.000714 0.013462
2 2 0.000066 0.083263 0.900402 0.002886 0.013384
2 2 0.000107 0.039395 0.939429 0.014727 0.006341
2 2 0.000006 0.016823 0.976335 0.006149 0.000687
2 2 0.000002 0.012199 0.981306 0.006139 0.000354
2 2 0.000006 0.032587 0.961443 0.004310 0.001654
2 2 0.000003 0.006827 0.974995 0.018012 0.000164
2 2 0.000094 0.056673 0.923382 0.010815 0.009036
2 2 0.000044 0.043934 0.942125 0.008719 0.005177
2 2 0.000016 0.031224 0.962229 0.003130 0.003401
2 2 0.000020 0.017379 0.950365 0.031058 0.001178
2 2 0.000016 0.002945 0.524861 0.472107 0.000072
3 2 0.000014 0.002590 0.441079 0.556228 0.000089
2 2 0.000004 0.004053 0.844090 0.151771 0.000082
2 2 0.000024 0.004605 0.673086 0.322083 0.000201
3 2 0.000031 0.003739 0.429117 0.566935 0.000178
2 2 0.000138 0.012075 0.617308 0.369245 0.001234
2 2 0.000057 0.022908 0.821513 0.154344 0.001179
2 2 0.000020 0.007774 0.716148 0.275742 0.000316
3 3 0.000015 0.001850 0.393523 0.604520 0.000092
2 3 0.000023 0.016917 0.926979 0.055314 0.000767
2 3 0.000033 0.006233 0.712352 0.281095 0.000288
3 3 0.000015 0.002628 0.408756 0.588507 0.000094
3 3 0.000506 0.002738 0.071357 0.924617 0.000782
3 3 0.000073 0.001446 0.066895 0.931435 0.000150
3 3 0.000030 0.002890 0.216558 0.780396 0.000126
3 3 0.000015 0.001450 0.163022 0.835456 0.000057
3 3 0.000044 0.003826 0.305851 0.690075 0.000204
3 3 0.000004 0.000900 0.188770 0.810305 0.000020
3 3 0.000054 0.002009 0.128840 0.868919 0.000178
3 3 0.000445 0.004829 0.128390 0.865307 0.001029
3 3 0.000073 0.005064 0.357071 0.637449 0.000343
3 3 0.000050 0.003076 0.209171 0.787492 0.000211
3 3 0.000273 0.005727 0.147804 0.845428 0.000768
3 3 0.000090 0.005270 0.166664 0.827513 0.000463
3 3 0.000383 0.008345 0.176573 0.813310 0.001390
3 3 0.001284 0.016922 0.217935 0.757932 0.005928
3 3 0.000048 0.001114 0.065002 0.933735 0.000101
3 3 0.000041 0.001475 0.076625 0.921751 0.000108
3 3 0.000050 0.000713 0.040700 0.958456 0.000083
3 3 0.000460 0.001507 0.044383 0.953091 0.000559
3 3 0.000127 0.001045 0.042988 0.955617 0.000223
3 3 0.000632 0.000968 0.028299 0.969527 0.000574
3 3 0.006216 0.021697 0.261936 0.706264 0.003887
2 2 0.013204 0.211390 0.767211 0.002674 0.005521
2 2 0.003363 0.225910 0.731647 0.000645 0.038435
1 2 0.006889 0.492177 0.402176 0.000493 0.098265
2 2 0.000147 0.060659 0.916206 0.015648 0.007340
2 2 0.000002 0.003466 0.973446 0.023041 0.000045
2 2 0.000011 0.011948 0.959965 0.027617 0.000460
2 2 0.027906 0.329908 0.601846 0.001489 0.038852
2 2 0.000154 0.049039 0.949763 0.000331 0.000712
2 2 0.010089 0.071022 0.880240 0.016595 0.022054
2 0 0.152946 0.291917 0.400719 0.012436 0.141982
2 1 0.001340 0.363472 0.575837 0.000124 0.059225
2 2 0.000147 0.129443 0.855177 0.000335 0.014898
2 2 0.000089 0.052342 0.941834 0.001455 0.004280
2 2 0.000008 0.030127 0.965632 0.001210 0.003022
2 2 0.000017 0.066744 0.919485 0.000524 0.013230
2 2 0.000012 0.029426 0.967974 0.000997 0.001591
2 2 0.000015 0.071099 0.926084 0.000469 0.002333
2 2 0.000003 0.008455 0.987948 0.003492 0.000102
2 2 0.000012 0.003481 0.700338 0.296040 0.000129
2 2 0.000003 0.002263 0.967421 0.030238 0.000074
2 2 0.000000 0.002651 0.996643 0.000664 0.000042
2 2 0.000027 0.041807 0.948963 0.003654 0.005549
2 2 0.000007 0.055657 0.938197 0.002017 0.004122
2 2 0.000010 0.080338 0.905594 0.000449 0.013609
2 2 0.000018 0.052432 0.933323 0.000444 0.013784
2 2 0.000091 0.065886 0.905584 0.001268 0.027170
2 2 0.000010 0.172751 0.791079 0.000199 0.035961
2 2 0.000264 0.267608 0.509205 0.000554 0.222369
2 2 0.000081 0.211446 0.637351 0.000193 0.150929
2 2 0.000024 0.226031 0.574618 0.000024 0.199304
1 2 0.000798 0.399477 0.347073 0.000270 0.252382
4 2 0.000779 0.331652 0.088920 0.000008 0.578641
4 2 0.000140 0.108834 0.039888 0.000002 0.851136
4 2 0.000201 0.198370 0.307609 0.000039 0.493780
2 2 0.000127 0.186869 0.477493 0.000048 0.335463
2 2 0.000033 0.070265 0.903364 0.000417 0.025922
4 4 0.000138 0.142910 0.025642 0.000000 0.831311
4 4 0.000177 0.058099 0.004021 0.000001 0.937703
4 4 0.000184 0.121656 0.020219 0.000003 0.857939
4 4 0.000061 0.184729 0.105241 0.000002 0.709967
4 4 0.000463 0.153152 0.052074 0.000003 0.794308
4 4 0.001038 0.208125 0.128705 0.000060 0.662071
4 4 0.000327 0.219319 0.301185 0.000027 0.479142
4 4 0.000425 0.230052 0.126002 0.000006 0.643516
4 4 0.000211 0.103749 0.032053 0.000000 0.863987
4 4 0.000735 0.166257 0.021267 0.000001 0.811741
4 4 0.000725 0.136931 0.046505 0.000008 0.815831
4 4 0.000318 0.101292 0.022140 0.000001 0.876248
4 4 0.000310 0.390873 0.132569 0.000001 0.476247
4 4 0.000451 0.172591 0.031061 0.000001 0.795897
4 4 0.000934 0.144268 0.028795 0.000001 0.826002
4 4 0.001806 0.306670 0.047162 0.000001 0.644360
4 4 0.001024 0.262729 0.087550 0.000002 0.648695
4 4 0.003506 0.265312 0.069423 0.000002 0.661757
4 4 0.000163 0.244910 0.084483 0.000000 0.670443
4 4 0.001922 0.411636 0.074324 0.000001 0.512116
2 4 0.000626 0.274903 0.531885 0.000090 0.192497
1 2 0.004260 0.510761 0.365505 0.000093 0.119381
2 2 0.000106 0.230293 0.663534 0.000235 0.105832
2 2 0.000121 0.196200 0.551590 0.000092 0.251997
2 2 0.001602 0.369025 0.373509 0.000105 0.255760
2 2 0.000152 0.242752 0.566181 0.000010 0.190906
4 2 0.000118 0.197234 0.392544 0.000003 0.410101
2 2 0.000185 0.234698 0.615508 0.000014 0.149595
2 2 0.000623 0.332429 0.365201 0.000025 0.301722
2 2 0.000312 0.119148 0.823298 0.002763 0.054478
2 2 0.000499 0.242661 0.722219 0.000004 0.034618
2 2 0.000578 0.136522 0.836463 0.000192 0.026245
2 2 0.012481 0.241471 0.688584 0.001064 0.056400
4 2 0.029390 0.337134 0.072193 0.000072 0.561209
2 2 0.000290 0.234444 0.693893 0.000031 0.071341
2 2 0.000700 0.108807 0.823903 0.000712 0.065878
2 2 0.000014 0.028240 0.969999 0.000081 0.001665
2 2 0.000053 0.079474 0.910776 0.000070 0.009626
2 2 0.000202 0.067147 0.911484 0.000331 0.020835
2 2 0.000092 0.035480 0.952025 0.003137 0.009266
2 2 0.000303 0.142833 0.741269 0.000744 0.114851
2 2 0.000379 0.138012 0.602153 0.000210 0.259246
2 2 0.000096 0.115682 0.822438 0.000119 0.061665
2 2 0.001376 0.114767 0.830121 0.000277 0.053459
2 2 0.001018 0.281707 0.591848 0.000223 0.125203
2 2 0.000106 0.150361 0.816307 0.000097 0.033130
2 2 0.000221 0.145057 0.838476 0.000055 0.016191
2 2 0.002179 0.177151 0.796374 0.000183 0.024113
2 2 0.000227 0.066069 0.929225 0.000410 0.004070
2 2 0.010192 0.208981 0.777011 0.000128 0.003688
1 0 0.125358 0.622868 0.033540 0.000004 0.218229
4 1 0.035403 0.333254 0.032915 0.000008 0.598420
4 0 0.017169 0.412547 0.036984 0.000001 0.533299
1 0 0.024064 0.693384 0.016422 0.000000 0.266131
1 1 0.030730 0.694437 0.018448 0.000000 0.256384
4 1 0.010778 0.445021 0.029500 0.000000 0.514701
4 2 0.001999 0.362305 0.098053 0.000004 0.537639
1 2 0.000368 0.469092 0.321121 0.000047 0.209372
2 2 0.000005 0.041201 0.956084 0.000019 0.002690
2 2 0.000008 0.010935 0.986547 0.001187 0.001324
2 2 0.000060 0.069325 0.909889 0.001745 0.018981
2 2 0.000122 0.114369 0.836405 0.001395 0.047710
2 2 0.000033 0.028328 0.963849 0.001586 0.006204
2 2 0.000002 0.013940 0.984146 0.000243 0.001670
2 2 0.000012 0.039889 0.948623 0.000093 0.011384
2 2 0.000002 0.033587 0.959638 0.000048 0.006725
2 2 0.000006 0.086712 0.886361 0.000009 0.026912
2 2 0.000004 0.047495 0.945979 0.000308 0.006214
2 2 0.000014 0.008631 0.980401 0.010286 0.000667
2 2 0.000337 0.044999 0.913822 0.036368 0.004473
2 2 0.000275 0.143721 0.809648 0.001610 0.044746
2 2 0.000923 0.303755 0.421930 0.000181 0.273210
2 2 0.000171 0.124029 0.819872 0.001104 0.054825
2 2 0.000009 0.034109 0.962743 0.000359 0.002780
2 2 0.000000 0.002066 0.994444 0.003470 0.000020
2 2 0.000005 0.008329 0.988761 0.002820 0.000085
2 2 0.000000 0.001296 0.994917 0.003776 0.000011
2 2 0.000002 0.003957 0.994596 0.001404 0.000042
2 2 0.000008 0.018017 0.979741 0.000892 0.001342
2 2 0.000118 0.056478 0.923766 0.006873 0.012764
2 2 0.000011 0.009589 0.984872 0.005237 0.000292
2 2 0.000011 0.012317 0.980223 0.006499 0.000950
2 2 0.000824 0.062913 0.875843 0.041078 0.019343
2 2 0.000163 0.032348 0.891316 0.072032 0.004141
2 2 0.000077 0.039266 0.909345 0.048336 0.002977
2 2 0.000081 0.118029 0.863138 0.005393 0.013359
2 2 0.000104 0.070130 0.922885 0.002238 0.004643
2 2 0.000190 0.036329 0.954938 0.007918 0.000626
2 2 0.000188 0.029547 0.905841 0.062939 0.001484
2 2 0.000008 0.005888 0.938795 0.055123 0.000187
2 2 0.000006 0.007334 0.979557 0.012986 0.000116
2 2 0.000004 0.004304 0.928916 0.066683 0.000093
2 2 0.000000 0.003916 0.981254 0.014801 0.000029
2 2 0.000002 0.006398 0.966967 0.026545 0.000088
2 2 0.000050 0.024555 0.939295 0.035139 0.000960
2 2 0.000005 0.007164 0.945996 0.046677 0.000158
2 2 0.000036 0.007764 0.802253 0.189476 0.000472
2 2 0.000018 0.003832 0.604888 0.391119 0.000143
3 2 0.000140 0.007201 0.405718 0.586023 0.000918
2 2 0.000140 0.030309 0.841434 0.124887 0.003230
2 2 0.000452 0.031247 0.594702 0.368645 0.004953
2 2 0.000025 0.026349 0.887907 0.084856 0.000862
2 2 0.000043 0.040664 0.917493 0.039416 0.002384
2 3 0.000010 0.024604 0.959170 0.015518 0.000699
2 3 0.000012 0.008870 0.729603 0.261299 0.000217
3 3 0.000069 0.004203 0.338439 0.656980 0.000309
3 3 0.000166 0.003128 0.150607 0.845791 0.000308
3 3 0.000120 0.004306 0.175551 0.819593 0.000430
3 3 0.000043 0.001024 0.056031 0.942808 0.000095
3 3 0.000249 0.001861 0.058641 0.938766 0.000482
2 3 0.000715 0.100855 0.634835 0.244410 0.019186
3 3 0.000206 0.002509 0.086027 0.910800 0.000458
3 3 0.000023 0.000914 0.080533 0.918469 0.000060
3 3 0.000090 0.001224 0.055429 0.943096 0.000160
3 3 0.000200 0.002533 0.083639 0.913237 0.000391
3 3 0.000027 0.000399 0.029023 0.970510 0.000041
3 3 0.000004 0.000084 0.012241 0.987665 0.000006
3 3 0.000004 0.000042 0.006918 0.993033 0.000004
3 3 0.000032 0.000115 0.009700 0.990126 0.000027
3 3 0.000249 0.007997 0.183623 0.807006 0.001125
3 3 0.000374 0.008234 0.178154 0.811960 0.001279
3 3 0.000423 0.006696 0.143348 0.848120 0.001412
3 3 0.001008 0.013604 0.197768 0.783401 0.004219
3 3 0.000283 0.000931 0.033315 0.965152 0.000319
3 3 0.000103 0.003682 0.121014 0.874771 0.000430
3 3 0.000152 0.001307 0.049705 0.948557 0.000278
3 3 0.000023 0.000087 0.008265 0.991605 0.000019
3 3 0.000002 0.000022 0.005356 0.994619 0.000002
3 3 0.000003 0.000055 0.009237 0.990701 0.000004
3 3 0.000100 0.001165 0.051800 0.946766 0.000169
3 3 0.000044 0.000956 0.050486 0.948404 0.000111
3 3 0.000213 0.001528 0.050820 0.947016 0.000423
3 3 0.000045 0.005397 0.258111 0.736164 0.000283
3 3 0.001275 0.024941 0.298020 0.669405 0.006359
3 3 0.000284 0.005386 0.145630 0.847952 0.000747
3 3 0.000051 0.001769 0.099498 0.898530 0.000152
3 3 0.000090 0.000995 0.046403 0.952363 0.000149
3 3 0.000208 0.002879 0.092004 0.904482 0.000427
3 3 0.000066 0.002260 0.096713 0.900772 0.000189
3 3 0.000420 0.001091 0.034614 0.963422 0.000453
3 3 0.000032 0.000136 0.011181 0.988622 0.000029
3 3 0.000021 0.000264 0.021673 0.978012 0.000029
3 3 0.000087 0.000589 0.029119 0.970073 0.000132
3 3 0.000053 0.000302 0.019394 0.980192 0.000059
3 3 0.000173 0.001461 0.054820 0.943269 0.000276
3 3 0.000028 0.000182 0.014787 0.984974 0.000030
3 3 0.000063 0.000098 0.007093 0.992706 0.000041
3 3 0.000068 0.000173 0.011380 0.988324 0.000055
3 1 0.017612 0.025830 0.185554 0.744074 0.026930
2 1 0.022166 0.185281 0.646958 0.031528 0.114067
2 2 0.000092 0.192458 0.639982 0.000154 0.167313
4 2 0.000309 0.232165 0.368509 0.000047 0.398969
4 2 0.002578 0.272807 0.146094 0.000017 0.578504
4 2 0.007053 0.284473 0.125426 0.000081 0.582967
1 2 0.007542 0.555798 0.273782 0.000318 0.162561
2 2 0.000036 0.195723 0.790310 0.000289 0.013642
2 2 0.000010 0.110348 0.876295 0.000272 0.013075
2 2 0.000041 0.073770 0.904602 0.000340 0.021247
2 2 0.000165 0.080977 0.882295 0.002341 0.034223
2 2 0.000020 0.057981 0.927800 0.000656 0.013542
2 2 0.000006 0.032024 0.964134 0.000778 0.003058
2 2 0.000012 0.036145 0.957159 0.000886 0.005799
2 2 0.001298 0.201700 0.525880 0.000902 0.270221
2 2 0.000838 0.304421 0.373067 0.000138 0.321535
2 2 0.000241 0.206341 0.625702 0.000325 0.167390
2 2 0.000002 0.033182 0.963416 0.000195 0.003205
2 2 0.000002 0.007576 0.989600 0.002504 0.000319
2 2 0.000007 0.028542 0.966791 0.000390 0.004270
2 2 0.000006 0.017933 0.979494 0.000648 0.001920
2 2 0.000001 0.005281 0.993125 0.001372 0.000221
2 2 0.000003 0.038987 0.955562 0.000251 0.005197
2 2 0.000005 0.039406 0.952521 0.000050 0.008018
2 2 0.000000 0.003413 0.996289 0.000207 0.000091
2 2 0.000269 0.034425 0.962852 0.001109 0.001346
2 2 0.000177 0.028594 0.942104 0.025937 0.003189
2 2 0.000017 0.016214 0.975934 0.007260 0.000574
2 1 0.000349 0.044035 0.949958 0.002259 0.003399
2 2 0.001702 0.335082 0.592444 0.000427 0.070346
2 2 0.000006 0.052862 0.936032 0.000049 0.011050
2 2 0.000159 0.088255 0.884121 0.000269 0.027196
2 2 0.000055 0.024996 0.965981 0.007695 0.001273
2 2 0.000003 0.015795 0.977749 0.005962 0.000491
2 2 0.000002 0.005332 0.980681 0.013839 0.000146
2 2 0.000005 0.011573 0.984076 0.003568 0.000778
2 2 0.000523 0.083295 0.886366 0.006018 0.023797
2 2 0.000019 0.017449 0.978420 0.002093 0.002020
2 2 0.000002 0.011471 0.986490 0.001508 0.000530
2 2 0.000002 0.008310 0.989529 0.001826 0.000332
2 2 0.000001 0.003087 0.990288 0.006573 0.000051
2 2 0.000022 0.017394 0.977975 0.003164 0.001445
2 2 0.000034 0.016532 0.978348 0.003825 0.001261
2 2 0.000009 0.016862 0.982350 0.000413 0.000365
2 2 0.000000 0.002612 0.997002 0.000361 0.000025
2 2 0.000005 0.016835 0.980522 0.001459 0.001178
2 2 0.000084 0.043345 0.947412 0.001574 0.007585
2 2 0.000002 0.022167 0.976168 0.000405 0.001258
2 2 0.000000 0.003737 0.993839 0.002361 0.000062
2 2 0.000055 0.016570 0.958245 0.024592 0.000537
2 2 0.000216 0.022095 0.871299 0.105757 0.000633
2 2 0.000089 0.026260 0.939020 0.033218 0.001413
2 2 0.000187 0.038959 0.952238 0.007006 0.001610
2 2 0.000045 0.026541 0.972261 0.000811 0.000343
2 2 0.001521 0.098066 0.880337 0.000463 0.019612
1 1 0.012779 0.428154 0.423037 0.001074 0.134956
2 2 0.002476 0.344053 0.584546 0.001088 0.067836
2 2 0.000026 0.051788 0.937478 0.005336 0.005372
2 2 0.000025 0.060323 0.928490 0.004891 0.006271
2 2 0.000019 0.055448 0.933673 0.006523 0.004337
2 2 0.000165 0.131905 0.852009 0.002317 0.013604
2 2 0.000091 0.039977 0.940933 0.016404 0.002595
2 2 0.000313 0.051523 0.927274 0.012553 0.008337
2 2 0.002539 0.116351 0.840794 0.004099 0.036217
2 1 0.006248 0.323448 0.587558 0.028402 0.054344
2 2 0.000010 0.112469 0.885345 0.000032 0.002143
2 2 0.000379 0.100988 0.884417 0.009038 0.005178
2 2 0.000008 0.025392 0.968704 0.004272 0.001624
2 2 0.000095 0.054819 0.936478 0.001099 0.007508
2 2 0.000004 0.021085 0.976776 0.001426 0.000708
2 2 0.000050 0.075376 0.920882 0.001107 0.002585
2 2 0.000044 0.020525 0.935714 0.042026 0.001689
2 2 0.000052 0.017616 0.960191 0.021089 0.001052
2 2 0.000007 0.007026 0.989040 0.003768 0.000158
2 2 0.000021 0.039999 0.956307 0.000662 0.003011
2 2 0.000005 0.012854 0.986369 0.000694 0.000078
2 2 0.000003 0.007524 0.985747 0.006639 0.000088
2 2 0.000011 0.009830 0.960531 0.029536 0.000092
2 2 0.000021 0.018679 0.971529 0.009270 0.000502
2 2 0.000090 0.037493 0.908642 0.050696 0.003079
2 2 0.000016 0.012984 0.954631 0.031850 0.000519
2 2 0.000066 0.020204 0.946220 0.031208 0.002302
2 2 0.000294 0.049528 0.909286 0.035743 0.005148
2 2 0.000013 0.006795 0.975663 0.017369 0.000160
2 2 0.000001 0.003105 0.992011 0.004809 0.000074
2 2 0.000001 0.004792 0.991685 0.003397 0.000126
2 2 0.000048 0.014978 0.971966 0.011040 0.001967
4 4 0.001295 0.146453 0.393920 0.000314 0.458018
4 4 0.001734 0.157907 0.340573 0.000423 0.499363
4 4 0.005916 0.181041 0.064173 0.000123 0.748747
4 4 0.001128 0.207473 0.070159 0.000009 0.721231
4 4 0.001077 0.091494 0.047751 0.000018 0.859659
4 4 0.001386 0.123283 0.024677 0.000008 0.850646
4 4 0.005599 0.097347 0.041852 0.000195 0.855008
4 4 0.010177 0.058615 0.016585 0.000418 0.914205
4 4 0.009749 0.087850 0.007052 0.000029 0.895320
4 4 0.005190 0.067041 0.006590 0.000043 0.921135
4 4 0.007495 0.139222 0.033563 0.000043 0.819677
4 4 0.005659 0.126242 0.013719 0.000012 0.854369
4 4 0.004154 0.079612 0.005369 0.000015 0.910849
4 4 0.003097 0.106750 0.010442 0.000006 0.879705
4 4 0.005281 0.135027 0.021233 0.000014 0.838445
4 4 0.013185 0.182709 0.014612 0.000009 0.789484
4 4 0.000399 0.092781 0.016719 0.000001 0.890100
4 4 0.001502 0.223488 0.057127 0.000001 0.717882
4 4 0.001268 0.261870 0.148243 0.000001 0.588619
4 4 0.003056 0.295759 0.105612 0.000001 0.595572
4 4 0.002886 0.355722 0.074558 0.000000 0.566834
4 4 0.002265 0.151214 0.032940 0.000004 0.813577
4 4 0.001373 0.073752 0.013649 0.000012 0.911214
4 4 0.010000 0.082426 0.014287 0.000241 0.893045
4 4 0.017372 0.149899 0.010641 0.000024 0.822064
4 4 0.182628 0.154248 0.044256 0.001615 0.617253
4 4 0.033427 0.076412 0.021701 0.001227 0.867233
4 4 0.121668 0.123376 0.038436 0.001984 0.714537
4 4 0.107883 0.072431 0.028860 0.003864 0.786962
4 4 0.071538 0.064063 0.026494 0.003981 0.833924
4 4 0.002131 0.067477 0.008626 0.000020 0.921746
4 4 0.001271 0.059792 0.005680 0.000008 0.933249
4 4 0.030276 0.251661 0.019456 0.000011 0.698597
4 1 0.100171 0.334357 0.016780 0.000011 0.548680
1 1 0.012333 0.646811 0.071825 0.000005 0.269027
1 1 0.066504 0.474944 0.031081 0.000002 0.427469
4 1 0.004018 0.327844 0.014626 0.000000 0.653512
4 1 0.001697 0.185050 0.035655 0.000001 0.777598
4 1 0.000711 0.168477 0.016621 0.000000 0.814192
4 1 0.001228 0.188777 0.019993 0.000000 0.790001
4 1 0.000720 0.147436 0.028705 0.000000 0.823139
1 1 0.006045 0.455041 0.223938 0.000001 0.314975
1 1 0.028038 0.567168 0.110063 0.000001 0.294730
1 1 0.013438 0.539156 0.044272 0.000000 0.403134
4 1 0.005375 0.316327 0.099518 0.000002 0.578778
4 4 0.003572 0.190023 0.028097 0.000005 0.778303
4 4 0.000262 0.215206 0.089182 0.000001 0.695349
4 4 0.000305 0.393178 0.185994 0.000001 0.420522
4 4 0.001371 0.447929 0.020974 0.000000 0.529726
4 4 0.002109 0.371271 0.016619 0.000000 0.610002
4 4 0.000783 0.319908 0.018932 0.000000 0.660378
4 4 0.004316 0.310265 0.061723 0.000001 0.623696
4 4 0.000624 0.221935 0.086321 0.000001 0.691118
4 4 0.000497 0.271481 0.043188 0.000000 0.684835
4 4 0.000763 0.115016 0.024840 0.000003 0.859378
4 4 0.002562 0.070201 0.009865 0.000028 0.917345
4 4 0.005138 0.040909 0.005389 0.000095 0.948469
4 4 0.012184 0.055529 0.011918 0.000450 0.919920
4 4 0.011877 0.069022 0.013891 0.000377 0.904833
4 4 0.006514 0.095592 0.019414 0.000091 0.878389
4 4 0.009660 0.104016 0.040566 0.000347 0.845411
4 4 0.004171 0.105940 0.020093 0.000028 0.869768
4 4 0.001445 0.098615 0.011041 0.000003 0.888897
4 4 0.002464 0.063066 0.005930 0.000020 0.928519
4 4 0.007255 0.065031 0.012108 0.000174 0.915432
4 4 0.026172 0.077165 0.025436 0.001743 0.869484
4 4 0.042206 0.157558 0.090515 0.004203 0.705517
4 4 0.040532 0.183502 0.023813 0.000116 0.752037
4 4 0.029331 0.223308 0.011306 0.000009 0.736046
1 4 0.075433 0.531857 0.021847 0.000001 0.370862
1 4 0.017579 0.473718 0.047592 0.000000 0.461110
1 4 0.007219 0.585333 0.046925 0.000000 0.360523
4 4 0.003888 0.481880 0.027685 0.000000 0.486547
1 4 0.002824 0.502040 0.104857 0.000001 0.390278
4 4 0.000994 0.248664 0.094687 0.000008 0.655646
4 4 0.000069 0.250505 0.249890 0.000002 0.499533
4 4 0.000026 0.220038 0.239176 0.000003 0.540757
4 4 0.000076 0.226103 0.067416 0.000000 0.706405
1 4 0.000423 0.349318 0.304580 0.000006 0.345673
4 4 0.004398 0.332455 0.085694 0.000001 0.577452
4 4 0.002047 0.374743 0.104239 0.000001 0.518969
4 4 0.000137 0.240015 0.100414 0.000003 0.659432
4 4 0.001188 0.140534 0.114955 0.000078 0.743245
4 4 0.001447 0.084018 0.029899 0.000023 0.884612
4 4 0.020385 0.171300 0.010269 0.000015 0.798031
4 4 0.003223 0.142380 0.035472 0.000010 0.818915
4 4 0.000196 0.217474 0.070678 0.000000 0.711651
4 2 0.000138 0.148517 0.089077 0.000000 0.762267
4 2 0.000270 0.293079 0.117779 0.000000 0.588872
4 2 0.000300 0.233569 0.122688 0.000001 0.643443
4 2 0.000477 0.276018 0.229686 0.000001 0.493817
4 2 0.001262 0.224892 0.028221 0.000000 0.745624
4 2 0.000213 0.110586 0.021043 0.000000 0.868158
4 2 0.001492 0.151561 0.023436 0.000001 0.823509
2 2 0.000636 0.253429 0.421070 0.000033 0.324832
4 2 0.003520 0.234273 0.092740 0.000022 0.669445
1 2 0.004798 0.527405 0.227696 0.000069 0.240033
2 2 0.000073 0.097168 0.888396 0.000546 0.013818
2 2 0.000014 0.107897 0.841271 0.000068 0.050750
2 2 0.000172 0.217600 0.439445 0.000087 0.342695
4 2 0.000051 0.194406 0.054965 0.000002 0.750576
4 2 0.000132 0.224243 0.163191 0.000007 0.612426
2 2 0.000181 0.242874 0.605277 0.000023 0.151645
2 2 0.000043 0.175234 0.790670 0.000051 0.034003
4 2 0.000493 0.190120 0.392270 0.000173 0.416945
1 2 0.001879 0.639627 0.173056 0.000003 0.185435
2 2 0.000071 0.267073 0.629998 0.000075 0.102783
2 2 0.001227 0.196408 0.713421 0.000581 0.088362
2 2 0.000027 0.032694 0.959557 0.002947 0.004775
2 2 0.000006 0.037001 0.958479 0.000205 0.004308
2 2 0.000007 0.045927 0.949892 0.000015 0.004159
2 2 0.000323 0.221721 0.723872 0.000057 0.054027
2 2 0.000247 0.169416 0.765758 0.000047 0.064533
2 2 0.000034 0.061158 0.928540 0.000059 0.010210
2 2 0.000524 0.106488 0.789848 0.000460 0.102680
2 2 0.000088 0.113645 0.862973 0.000063 0.023231
2 2 0.000226 0.126357 0.803474 0.000039 0.069904
4 2 0.000279 0.229918 0.378144 0.000031 0.391628
2 2 0.000111 0.083185 0.862635 0.000046 0.054023
2 2 0.000230 0.136289 0.798410 0.000328 0.064742
2 2 0.000249 0.119464 0.826484 0.000322 0.053481
2 2 0.000027 0.106273 0.800928 0.000042 0.092730
4 2 0.000116 0.160304 0.114620 0.000000 0.724960
2 2 0.000023 0.151400 0.739570 0.000005 0.109002
2 2 0.000028 0.044381 0.950711 0.000173 0.004707
2 2 0.000149 0.151020 0.786831 0.000424 0.061576
2 2 0.000013 0.032082 0.961752 0.001061 0.005091
2 2 0.000013 0.052101 0.923931 0.000091 0.023864
2 2 0.000037 0.074716 0.890375 0.000111 0.034760
2 2 0.000229 0.058739 0.914102 0.001336 0.025594
2 2 0.000048 0.074043 0.917081 0.000393 0.008435
2 2 0.000024 0.026380 0.970708 0.000557 0.002332
2 2 0.000018 0.028064 0.965477 0.001323 0.005118
2 2 0.000229 0.036334 0.938391 0.001486 0.023560
4 0 0.055988 0.231396 0.192446 0.001340 0.518829
1 1 0.020634 0.549934 0.131474 0.000001 0.297957
4 1 0.006650 0.382277 0.086027 0.000001 0.525045
4 2 0.006430 0.365601 0.065795 0.000001 0.562173
1 2 0.031442 0.584479 0.050517 0.000001 0.333561
1 2 0.001326 0.413970 0.214987 0.000005 0.369712
2 2 0.000031 0.085155 0.880234 0.000290 0.034291
2 2 0.000026 0.060461 0.910804 0.000192 0.028517
2 2 0.000014 0.016437 0.978076 0.000298 0.005175
2 2 0.000002 0.018481 0.978030 0.000036 0.003451
2 2 0.000049 0.041775 0.910711 0.000079 0.047386
4 2 0.000243 0.158990 0.260829 0.000024 0.579914
2 2 0.000031 0.089896 0.846771 0.000088 0.063214
2 2 0.000002 0.044081 0.940531 0.000004 0.015381
2 2 0.000002 0.041283 0.940304 0.000007 0.018405
2 2 0.000246 0.133787 0.745250 0.000121 0.120595
2 2 0.000305 0.160136 0.719888 0.001123 0.118548
2 2 0.000088 0.130489 0.820400 0.000055 0.048968
2 2 0.000034 0.098324 0.865406 0.000026 0.036210
2 2 0.000162 0.132933 0.800104 0.000128 0.066673
2 2 0.000238 0.075574 0.896026 0.000703 0.027458
2 2 0.000029 0.100972 0.886480 0.000072 0.012447
2 2 0.000004 0.020407 0.978427 0.000523 0.000638
2 2 0.000002 0.008634 0.985112 0.005982 0.000269
2 2 0.000001 0.003835 0.985097 0.010982 0.000084
2 2 0.000002 0.004664 0.992422 0.002689 0.000223
2 2 0.000003 0.019092 0.977686 0.000257 0.002961
2 2 0.000004 0.029324 0.967982 0.000054 0.002635
2 2 0.000004 0.008091 0.987934 0.003518 0.000453
2 2 0.000003 0.004271 0.952870 0.042772 0.000084
2 2 0.000002 0.004623 0.986951 0.008282 0.000142
2 2 0.000023 0.051449 0.943014 0.002008 0.003506
2 2 0.000007 0.013376 0.979374 0.006500 0.000744
2 2 0.000013 0.013310 0.941631 0.044530 0.000515
2 2 0.000003 0.003815 0.923572 0.072550 0.000060
2 2 0.000029 0.006797 0.904284 0.088613 0.000277
2 2 0.000022 0.031899 0.957525 0.008722 0.001832
2 2 0.000001 0.005810 0.990294 0.003785 0.000110
2 2 0.000006 0.015120 0.980261 0.003550 0.001063
2 2 0.000014 0.030917 0.963706 0.003185 0.002179
2 2 0.000190 0.053656 0.912367 0.023922 0.009864
2 2 0.000121 0.053212 0.925923 0.009806 0.010938
2 3 0.000007 0.019914 0.975240 0.003375 0.001464
2 3 0.000001 0.004029 0.983471 0.012427 0.000073
2 3 0.000002 0.002771 0.861817 0.135382 0.000027
2 3 0.000007 0.005113 0.843397 0.151384 0.000100
2 3 0.000021 0.007942 0.663752 0.328008 0.000275
2 3 0.000196 0.021431 0.560203 0.415705 0.002466
2 3 0.000167 0.010810 0.495328 0.492662 0.001033
2 3 0.000023 0.010234 0.862616 0.126676 0.000451
2 3 0.000034 0.014258 0.928058 0.056495 0.001155
3 3 0.000127 0.007917 0.242587 0.748646 0.000723
3 3 0.000032 0.001683 0.167299 0.830879 0.000108
3 3 0.000008 0.000454 0.067579 0.931939 0.000021
3 3 0.000017 0.000914 0.095713 0.903307 0.000049
3 3 0.000035 0.003894 0.339014 0.656878 0.000180
3 3 0.000028 0.002142 0.159368 0.838363 0.000100
3 3 0.000030 0.007539 0.411738 0.580392 0.000301
3 3 0.000073 0.007230 0.407660 0.584567 0.000469
3 3 0.000360 0.024247 0.367208 0.605129 0.003056
3 3 0.000312 0.017217 0.394003 0.585920 0.002548
3 3 0.000125 0.006565 0.263172 0.729571 0.000567
3 3 0.000141 0.001533 0.059996 0.938086 0.000244
3 3 0.000037 0.001278 0.143860 0.854716 0.000110
2 3 0.001978 0.018975 0.565535 0.410744 0.002768
2 2 0.000279 0.039436 0.920272 0.037525 0.002487
2 2 0.000395 0.073912 0.903921 0.001617 0.020155
2 2 0.020918 0.326724 0.366260 0.000119 0.285978
1 2 0.002764 0.425244 0.314165 0.000027 0.257801
2 2 0.000248 0.233607 0.694163 0.000058 0.071924
2 2 0.000042 0.086261 0.889469 0.001034 0.023194
2 2 0.000384 0.113760 0.861924 0.000064 0.023868
2 2 0.003926 0.118099 0.821125 0.000400 0.056450
4 2 0.021968 0.304503 0.061378 0.000011 0.612138
4 2 0.005954 0.338737 0.089362 0.000002 0.565945
4 2 0.007855 0.322463 0.203565 0.000029 0.466088
4 2 0.074331 0.384492 0.142766 0.000046 0.398365
4 1 0.112466 0.264813 0.029597 0.000110 0.593014
1 1 0.002102 0.626162 0.324587 0.000006 0.047142
2 2 0.000322 0.326292 0.503238 0.000001 0.170148
1 2 0.007868 0.442353 0.406497 0.000059 0.143223
2 2 0.000014 0.032412 0.964364 0.000510 0.002699
2 2 0.000012 0.038868 0.951513 0.000142 0.009466
2 2 0.002073 0.140978 0.758969 0.000511 0.097471
4 1 0.025079 0.322989 0.098305 0.000018 0.553609
1 2 0.181898 0.429822 0.047614 0.000018 0.340648
4 2 0.067422 0.342163 0.033440 0.000015 0.556959
2 2 0.000885 0.373148 0.576343 0.000146 0.049478
2 2 0.000223 0.160143 0.817546 0.000213 0.021875
2 2 0.004040 0.307876 0.514932 0.000033 0.173119
1 2 0.017969 0.553670 0.045348 0.000000 0.383013
4 1 0.314406 0.217737 0.092620 0.001164 0.374073
4 1 0.358344 0.127418 0.049099 0.003467 0.461673
0 0 0.573985 0.066100 0.024633 0.002698 0.332584
0 0 0.750091 0.122825 0.006929 0.000009 0.120146
1 0 0.183288 0.475884 0.011166 0.000001 0.329661
4 0 0.126048 0.318231 0.015177 0.000009 0.540536
0 0 0.587835 0.070948 0.046966 0.011836 0.282414
0 0 0.454408 0.090915 0.016336 0.000425 0.437916
0 0 0.852457 0.022880 0.005799 0.000472 0.118392
0 0 0.850080 0.034748 0.005314 0.000116 0.109741
0 0 0.939198 0.003246 0.003231 0.009199 0.045126
0 0 0.926482 0.025050 0.004385 0.000091 0.043992
0 0 0.983066 0.005125 0.003816 0.001218 0.006775
0 0 0.853742 0.056509 0.023483 0.001322 0.064944
0 0 0.904366 0.034480 0.014188 0.000993 0.045971
0 0 0.916095 0.009900 0.012330 0.018110 0.043565
0 0 0.987437 0.001881 0.002673 0.004365 0.003644
0 0 0.980396 0.005130 0.004447 0.002060 0.007966
0 0 0.982037 0.008480 0.004913 0.000456 0.004113
0 0 0.957539 0.015851 0.012150 0.002150 0.012310
0 0 0.746273 0.107790 0.026691 0.000489 0.118756
0 0 0.729531 0.105955 0.026003 0.000524 0.137987
4 0 0.209958 0.150052 0.030159 0.000622 0.609209
4 0 0.135025 0.251413 0.023401 0.000069 0.590093
0 0 0.390150 0.185195 0.034953 0.000459 0.389243
0 0 0.435232 0.132471 0.030847 0.000832 0.400618
4 0 0.162298 0.131894 0.028259 0.000739 0.676810
4 0 0.033537 0.377926 0.011947 0.000001 0.576590
1 0 0.015350 0.604910 0.038370 0.000000 0.341369
1 1 0.052019 0.750971 0.025794 0.000000 0.171216
1 1 0.059105 0.588814 0.009641 0.000000 0.342439
1 1 0.042980 0.628722 0.009953 0.000000 0.318345
1 1 0.021127 0.543933 0.015108 0.000000 0.419832
1 1 0.032736 0.568025 0.008640 0.000000 0.390598
4 1 0.013863 0.400890 0.007289 0.000000 0.577958
1 1 0.025232 0.536686 0.007947 0.000000 0.430135
1 1 0.028202 0.626898 0.006544 0.000000 0.338356
1 1 0.015779 0.508669 0.016661 0.000000 0.458891
1 1 0.028856 0.568454 0.034661 0.000000 0.368028
1 1 0.068806 0.519982 0.032879 0.000001 0.378333
1 1 0.025176 0.513605 0.031931 0.000000 0.429288
1 1 0.058465 0.561385 0.025571 0.000000 0.354579
1 1 0.039671 0.643609 0.029050 0.000000 0.287670
4 1 0.003241 0.338458 0.033551 0.000000 0.624750
1 1 0.002499 0.493878 0.014653 0.000000 0.488971
1 1 0.002778 0.535836 0.014727 0.000000 0.446658
4 1 0.003460 0.411868 0.066803 0.000001 0.517868
4 2 0.000237 0.252051 0.129706 0.000006 0.618000
2 2 0.000270 0.309735 0.404198 0.000024 0.285773
4 2 0.000963 0.220092 0.160379 0.000198 0.618368
2 2 0.000066 0.284413 0.370790 0.000029 0.344703
2 2 0.000021 0.183705 0.588327 0.000011 0.227936
2 2 0.000032 0.165580 0.609384 0.000016 0.224988
2 2 0.000004 0.071405 0.921652 0.000005 0.006935
2 2 0.000019 0.096699 0.879865 0.000005 0.023413
2 2 0.000035 0.083421 0.828391 0.000043 0.088110
2 2 0.000036 0.120711 0.835652 0.000041 0.043561
2 2 0.000096 0.149907 0.767457 0.000502 0.082038
2 2 0.000001 0.015574 0.982632 0.001225 0.000568
2 2 0.000004 0.011507 0.985366 0.002341 0.000781
2 2 0.001069 0.258597 0.660514 0.000340 0.079480
2 2 0.000060 0.096271 0.866883 0.000176 0.036609
2 2 0.000024 0.125322 0.821284 0.000162 0.053208
4 2 0.000943 0.269601 0.268780 0.000068 0.460608
2 2 0.000045 0.208776 0.717579 0.000429 0.073170
2 2 0.000012 0.080813 0.894951 0.000168 0.024057
2 2 0.000022 0.105509 0.846879 0.000132 0.047458
2 2 0.000015 0.146490 0.791373 0.000063 0.062059
4 4 0.000177 0.262606 0.142502 0.000032 0.594682
4 4 0.001728 0.071096 0.008539 0.000017 0.918621
2 4 0.000155 0.162704 0.621964 0.000132 0.215046
2 4 0.000113 0.156234 0.493173 0.000013 0.350466
4 4 0.000038 0.179907 0.102950 0.000001 0.717104
1 4 0.000153 0.393970 0.291475 0.000003 0.314399
4 4 0.000111 0.197201 0.104337 0.000007 0.698344
4 4 0.001129 0.255919 0.027039 0.000000 0.715912
4 4 0.000897 0.120964 0.018114 0.000001 0.860024
4 4 0.001199 0.242235 0.044729 0.000001 0.711836
4 4 0.032020 0.413865 0.029278 0.000001 0.524837
4 1 0.018177 0.324226 0.053551 0.000005 0.604042
4 1 0.003478 0.282643 0.114237 0.000018 0.599624
1 1 0.003219 0.402278 0.226139 0.000018 0.368346
2 1 0.000149 0.264416 0.557745 0.000013 0.177676
2 4 0.000081 0.304695 0.495126 0.000003 0.200095
4 4 0.000273 0.121196 0.057499 0.000007 0.821025
4 4 0.000336 0.128221 0.111348 0.000012 0.760083
4 4 0.000615 0.074104 0.020840 0.000006 0.904434
4 4 0.000453 0.135986 0.072980 0.000017 0.790563
4 4 0.000384 0.260839 0.172512 0.000006 0.566258
4 4 0.000426 0.199809 0.106543 0.000002 0.693220
4 4 0.014928 0.069365 0.011485 0.000233 0.903989
4 4 0.013497 0.068590 0.015021 0.000490 0.902403
4 4 0.012918 0.047232 0.009666 0.000398 0.929786
4 4 0.019675 0.106399 0.030592 0.001132 0.842202
4 4 0.002301 0.231830 0.046457 0.000014 0.719399
4 4 0.002294 0.201584 0.018841 0.000007 0.777275
4 4 0.001018 0.108636 0.025365 0.000003 0.864978
4 4 0.004038 0.122998 0.020328 0.000013 0.852622
4 4 0.001093 0.126708 0.013376 0.000001 0.858822
4 4 0.008643 0.161196 0.037591 0.000032 0.792539
4 4 0.001473 0.062713 0.004286 0.000005 0.931523
4 4 0.001474 0.054479 0.003473 0.000007 0.940567
4 4 0.001660 0.073909 0.013400 0.000017 0.911014
4 4 0.001029 0.078613 0.023689 0.000013 0.896656
4 4 0.001004 0.122472 0.070189 0.000039 0.806297
4 4 0.000461 0.202646 0.052638 0.000002 0.744252
4 4 0.011769 0.277411 0.067166 0.000007 0.643647
4 4 0.005403 0.291527 0.110261 0.000004 0.592807
4 4 0.002770 0.246245 0.049693 0.000005 0.701288
4 4 0.001886 0.089715 0.020473 0.000016 0.887909
4 4 0.123466 0.038158 0.032684 0.030619 0.775073
4 4 0.034504 0.028175 0.013964 0.005450 0.917907
4 4 0.012635 0.047415 0.010796 0.000530 0.928623
4 4 0.024200 0.048939 0.016906 0.001928 0.908028
4 4 0.056380 0.039477 0.024821 0.011696 0.867626
4 4 0.021813 0.092988 0.019990 0.000522 0.864686
4 4 0.016402 0.098908 0.019159 0.000368 0.865164
4 4 0.023139 0.210320 0.093725 0.000149 0.672666
4 4 0.016387 0.124540 0.018887 0.000121 0.840064
4 4 0.030358 0.051256 0.018049 0.002141 0.898195
4 4 0.173034 0.083778 0.041571 0.007371 0.694246
4 4 0.037332 0.056586 0.023679 0.003593 0.878810
4 4 0.015137 0.121330 0.012730 0.000067 0.850736
4 4 0.004047 0.093586 0.010188 0.000017 0.892162
4 4 0.004498 0.048654 0.005653 0.000066 0.941130
4 4 0.040939 0.030211 0.016507 0.007400 0.904943
4 4 0.009618 0.060910 0.010987 0.000265 0.918220
4 4 0.010010 0.166278 0.038949 0.000062 0.784700
4 4 0.002000 0.226563 0.129726 0.000204 0.641506
4 4 0.002830 0.148910 0.066393 0.000146 0.781720
4 4 0.038603 0.263636 0.029684 0.000023 0.668054
4 4 0.015057 0.227921 0.011042 0.000002 0.745978
4 4 0.001283 0.242793 0.010906 0.000000 0.745018
1 4 0.000372 0.440439 0.155895 0.000001 0.403293
4 4 0.000551 0.307427 0.342884 0.000006 0.349131
4 4 0.000129 0.129700 0.067208 0.000003 0.802960
4 4 0.000727 0.068486 0.009109 0.000005 0.921672
4 4 0.004895 0.050986 0.006189 0.000076 0.937854
4 4 0.078907 0.052204 0.039560 0.020697 0.808632
0 4 0.415584 0.041216 0.053337 0.083507 0.406356
4 4 0.069622 0.065034 0.030806 0.005723 0.828815
4 4 0.013041 0.033924 0.008517 0.000687 0.943831
4 4 0.030184 0.034370 0.014885 0.003700 0.916861
4 4 0.036505 0.033958 0.016728 0.005476 0.907334
4 4 0.038700 0.053975 0.024899 0.004715 0.877712
4 4 0.020067 0.046940 0.014478 0.001353 0.917161
