0 0 0.781160 0.104351 0.099158 0.000024 0.015306
0 0 0.924805 0.042044 0.022567 0.000077 0.010507
0 0 0.969280 0.019179 0.006210 0.000005 0.005326
0 0 0.987499 0.006177 0.004784 0.000003 0.001536
0 0 0.985998 0.007347 0.004253 0.000004 0.002398
0 0 0.967108 0.011762 0.020004 0.000013 0.001112
0 0 0.989752 0.005308 0.002868 0.000002 0.002070
0 0 0.979535 0.009447 0.008979 0.000010 0.002030
0 0 0.944637 0.027844 0.025506 0.000010 0.002002
0 0 0.955473 0.022483 0.018343 0.000025 0.003676
0 0 0.987411 0.004313 0.006952 0.000014 0.001310
0 0 0.987563 0.005244 0.006661 0.000001 0.000530
0 0 0.987801 0.005769 0.005669 0.000001 0.000760
0 0 0.973793 0.014374 0.008317 0.000009 0.003507
0 0 0.965656 0.010091 0.022255 0.000070 0.001928
0 0 0.972763 0.015820 0.007862 0.000007 0.003548
0 0 0.984628 0.007843 0.006400 0.000002 0.001128
0 0 0.957897 0.010886 0.028021 0.000061 0.003135
0 0 0.983128 0.004861 0.010299 0.000044 0.001668
0 0 0.988509 0.004545 0.003958 0.000016 0.002972
0 0 0.977476 0.006865 0.013365 0.000065 0.002228
0 0 0.881918 0.039849 0.073671 0.000275 0.004289
0 0 0.865377 0.096071 0.025678 0.000025 0.012849
0 0 0.893655 0.071335 0.025230 0.000027 0.009753
0 0 0.852860 0.084032 0.026903 0.000011 0.036194
0 0 0.882813 0.032520 0.068185 0.000034 0.016448
0 0 0.936952 0.032709 0.026311 0.000030 0.003998
0 0 0.851418 0.074794 0.066275 0.000149 0.007364
0 0 0.898465 0.062419 0.033928 0.000021 0.005165
0 0 0.987254 0.005146 0.001341 0.000004 0.006255
0 0 0.956633 0.016988 0.024291 0.000030 0.002058
0 0 0.977891 0.009447 0.009984 0.000022 0.002656
0 0 0.989946 0.006211 0.002410 0.000001 0.001433
0 0 0.761373 0.055460 0.151440 0.000179 0.031549
0 0 0.911304 0.013329 0.063380 0.000024 0.011963
0 0 0.986338 0.004950 0.006929 0.000018 0.001765
0 0 0.997273 0.001197 0.000595 0.000000 0.000934
0 0 0.996376 0.001701 0.001212 0.000001 0.000710
0 0 0.921559 0.016520 0.056195 0.000001 0.005724
0 0 0.946374 0.023163 0.025121 0.000062 0.005281
0 0 0.963967 0.021456 0.010625 0.000008 0.003944
0 0 0.989841 0.006519 0.001828 0.000000 0.001812
0 0 0.938041 0.032156 0.026012 0.000027 0.003765
0 0 0.991395 0.003653 0.002420 0.000006 0.002526
0 0 0.964198 0.011029 0.022911 0.000054 0.001808
0 0 0.962260 0.011654 0.023461 0.000006 0.002619
0 0 0.941272 0.023887 0.033237 0.000018 0.001587
0 0 0.938312 0.033398 0.020565 0.000056 0.007669
0 0 0.945506 0.018632 0.012294 0.000001 0.023567
0 0 0.917021 0.051911 0.018386 0.000003 0.012678
0 0 0.900906 0.039463 0.049362 0.000119 0.010151
0 0 0.901581 0.028291 0.061891 0.000209 0.008028
0 0 0.910354 0.016160 0.062681 0.000048 0.010756
0 0 0.925191 0.007788 0.047992 0.000010 0.019018
0 0 0.810294 0.033794 0.127268 0.000159 0.028486
0 0 0.722469 0.042818 0.214251 0.000158 0.020304
0 0 0.989646 0.002317 0.007086 0.000006 0.000945
0 0 0.995114 0.000937 0.003335 0.000002 0.000613
0 0 0.990642 0.001397 0.006348 0.000002 0.001611
0 0 0.946400 0.008547 0.036632 0.000020 0.008401
0 0 0.997313 0.000635 0.001381 0.000006 0.000665
0 0 0.731749 0.035279 0.188174 0.000077 0.044721
0 0 0.906413 0.019082 0.069065 0.000045 0.005395
0 0 0.978207 0.005521 0.015005 0.000019 0.001248
2 0 0.456728 0.047582 0.471531 0.000012 0.024148
0 0 0.572254 0.040736 0.374619 0.000008 0.012383
0 0 0.939588 0.014823 0.044000 0.000033 0.001556
0 0 0.967376 0.008729 0.022961 0.000024 0.000909
0 0 0.991558 0.003972 0.002555 0.000003 0.001912
0 0 0.988615 0.004960 0.001257 0.000002 0.005166
0 0 0.791701 0.062839 0.023529 0.000000 0.121931
0 0 0.930404 0.009335 0.000380 0.000000 0.059880
0 0 0.756942 0.059148 0.010128 0.000000 0.173781
0 0 0.869769 0.020835 0.003017 0.000003 0.106375
0 0 0.973673 0.009982 0.000599 0.000000 0.015746
0 0 0.908532 0.023969 0.004968 0.000001 0.062530
4 0 0.233038 0.162072 0.087090 0.000001 0.517799
4 0 0.224971 0.143888 0.123605 0.000009 0.507527
0 0 0.981529 0.006965 0.000431 0.000000 0.011074
0 0 0.772521 0.117688 0.007236 0.000000 0.102555
0 0 0.891902 0.075080 0.024413 0.000009 0.008596
0 0 0.963472 0.010931 0.023291 0.000005 0.002301
0 0 0.977545 0.002887 0.018293 0.000001 0.001274
0 0 0.960596 0.004520 0.030336 0.000002 0.004546
0 0 0.990483 0.002438 0.006592 0.000006 0.000480
0 0 0.995189 0.001873 0.002242 0.000002 0.000695
0 0 0.935278 0.044666 0.014504 0.000007 0.005546
0 0 0.743045 0.093862 0.134238 0.005355 0.023500
0 0 0.819329 0.155570 0.013387 0.000002 0.011712
0 0 0.741178 0.227341 0.007833 0.000001 0.023647
0 0 0.956023 0.034760 0.006945 0.000000 0.002272
0 0 0.905970 0.082721 0.009291 0.000000 0.002017
0 0 0.927678 0.060400 0.009768 0.000000 0.002155
0 0 0.972348 0.023862 0.001838 0.000000 0.001952
0 0 0.927674 0.063231 0.005453 0.000000 0.003642
0 0 0.979565 0.016473 0.000900 0.000000 0.003062
0 0 0.989714 0.007566 0.000449 0.000000 0.002272
0 0 0.968158 0.025378 0.001942 0.000000 0.004521
0 1 0.970128 0.025373 0.001950 0.000000 0.002549
0 1 0.938821 0.051279 0.004965 0.000000 0.004935
0 1 0.924765 0.064314 0.005410 0.000000 0.005512
1 1 0.446574 0.494478 0.027966 0.000000 0.030981
1 1 0.379061 0.508456 0.024414 0.000000 0.088069
0 1 0.619993 0.336025 0.014803 0.000000 0.029180
0 1 0.799422 0.061053 0.037057 0.000009 0.102460
0 1 0.626751 0.096925 0.039275 0.000006 0.237043
0 1 0.664330 0.050279 0.014408 0.000174 0.270809
0 1 0.783315 0.136181 0.017629 0.000000 0.062875
0 1 0.750790 0.134347 0.033074 0.000002 0.081787
0 1 0.654213 0.145771 0.047066 0.000003 0.152948
0 1 0.899540 0.050928 0.001697 0.000000 0.047835
0 1 0.830106 0.130719 0.002998 0.000000 0.036177
1 1 0.312409 0.585129 0.037819 0.000001 0.064642
0 2 0.538225 0.345799 0.030025 0.000002 0.085949
0 2 0.721854 0.193061 0.003583 0.000000 0.081502
1 2 0.425793 0.469036 0.016965 0.000000 0.088206
0 2 0.858076 0.115448 0.005115 0.000000 0.021361
0 2 0.400871 0.380327 0.012465 0.000000 0.206337
1 2 0.163911 0.503976 0.015758 0.000000 0.316354
4 2 0.137461 0.394392 0.049054 0.000007 0.419086
1 2 0.379243 0.424796 0.073806 0.000012 0.122143
1 2 0.356590 0.508993 0.011550 0.000001 0.122866
0 2 0.373321 0.349788 0.083879 0.000004 0.193008
1 1 0.276721 0.491768 0.018290 0.000000 0.213220
0 1 0.552181 0.318624 0.017652 0.000003 0.111540
0 2 0.602362 0.097123 0.006246 0.000000 0.294268
4 2 0.154561 0.298278 0.055090 0.000001 0.492070
4 2 0.154235 0.143864 0.103247 0.000004 0.598650
1 2 0.108345 0.447670 0.028985 0.000004 0.414996
4 2 0.088911 0.179350 0.036176 0.000005 0.695558
0 1 0.748331 0.060260 0.063046 0.000055 0.128308
1 2 0.079581 0.461326 0.194264 0.000000 0.264829
4 2 0.150961 0.221135 0.142329 0.000002 0.485573
1 2 0.072056 0.665925 0.030158 0.000000 0.231861
0 2 0.457499 0.400506 0.004925 0.000000 0.137069
1 2 0.034712 0.787666 0.061541 0.000001 0.116080
1 2 0.043885 0.611514 0.225671 0.000017 0.118912
4 2 0.062333 0.411273 0.049354 0.000004 0.477036
1 2 0.077274 0.562810 0.048608 0.000001 0.311307
1 2 0.218730 0.531220 0.048340 0.000002 0.201709
1 2 0.062255 0.555675 0.100586 0.000448 0.281036
1 2 0.017275 0.455428 0.346704 0.000075 0.180519
1 2 0.022475 0.485607 0.360495 0.000060 0.131362
1 2 0.020597 0.496382 0.398756 0.000041 0.084224
2 2 0.046862 0.340470 0.439497 0.000029 0.173141
2 2 0.007733 0.193565 0.753400 0.000136 0.045166
2 2 0.017665 0.095651 0.853882 0.001129 0.031672
2 2 0.018739 0.132622 0.735427 0.000255 0.112958
2 2 0.298430 0.087570 0.520331 0.000305 0.093364
2 2 0.273542 0.144644 0.351783 0.001802 0.228229
2 2 0.003422 0.034988 0.933974 0.000505 0.027112
2 2 0.014693 0.029671 0.938329 0.002467 0.014841
2 2 0.027568 0.036892 0.906873 0.014467 0.014200
2 2 0.022626 0.012846 0.951263 0.008012 0.005252
2 2 0.013021 0.016837 0.959773 0.005137 0.005231
2 2 0.030102 0.027770 0.922357 0.006894 0.012876
2 2 0.035353 0.021401 0.919170 0.017460 0.006616
2 1 0.426608 0.121976 0.430488 0.001102 0.019825
0 2 0.726241 0.185113 0.052320 0.000274 0.036052
1 2 0.075205 0.610230 0.243217 0.000021 0.071327
2 2 0.123776 0.013919 0.852521 0.004811 0.004973
2 2 0.060505 0.108623 0.768479 0.002111 0.060282
2 2 0.025796 0.244635 0.705257 0.000174 0.024139
2 2 0.035828 0.084601 0.863139 0.000233 0.016199
2 2 0.046798 0.069810 0.871498 0.000283 0.011611
2 2 0.099766 0.029968 0.855806 0.001778 0.012682
2 2 0.016564 0.023279 0.945805 0.004683 0.009669
2 2 0.161325 0.043527 0.778662 0.007012 0.009474
2 2 0.017746 0.032058 0.936331 0.009109 0.004756
2 3 0.004833 0.005372 0.819937 0.168387 0.001471
2 3 0.117866 0.054106 0.780320 0.030987 0.016720
2 3 0.030783 0.045829 0.866193 0.043308 0.013888
2 3 0.323528 0.053116 0.535931 0.060132 0.027293
2 3 0.009252 0.005110 0.854382 0.130091 0.001166
2 3 0.022397 0.008544 0.767277 0.198777 0.003006
3 3 0.011412 0.004147 0.184635 0.797152 0.002655
3 3 0.007501 0.024511 0.372094 0.590753 0.005141
2 3 0.001652 0.005240 0.569729 0.420023 0.003357
2 3 0.171483 0.050114 0.504883 0.224649 0.048871
3 3 0.020225 0.011672 0.252022 0.710362 0.005720
3 3 0.040959 0.009817 0.228029 0.713867 0.007328
2 3 0.016077 0.017135 0.635182 0.327282 0.004325
2 3 0.006574 0.014755 0.548761 0.417874 0.012036
2 3 0.007047 0.005666 0.529545 0.453441 0.004302
3 3 0.015900 0.007655 0.378712 0.590851 0.006881
3 3 0.062851 0.010596 0.298725 0.620659 0.007168
3 3 0.023421 0.005352 0.331597 0.637565 0.002065
3 3 0.001925 0.002659 0.356395 0.638027 0.000994
3 3 0.000253 0.000241 0.038443 0.960933 0.000129
3 3 0.001100 0.002565 0.112984 0.882632 0.000719
2 3 0.008569 0.005924 0.821030 0.157006 0.007470
2 3 0.005709 0.009604 0.928393 0.048932 0.007362
2 3 0.004825 0.013926 0.863757 0.112297 0.005195
2 3 0.062642 0.046001 0.536413 0.318987 0.035958
3 3 0.007515 0.004982 0.196985 0.786533 0.003985
3 3 0.013050 0.010021 0.319805 0.653747 0.003376
2 3 0.009001 0.036926 0.672493 0.252639 0.028941
3 3 0.039404 0.013793 0.193823 0.740271 0.012709
3 3 0.018411 0.008613 0.142781 0.821639 0.008556
3 3 0.186026 0.017268 0.164614 0.595282 0.036809
2 3 0.216165 0.124388 0.570644 0.068177 0.020625
2 2 0.142787 0.089352 0.750832 0.011645 0.005383
2 2 0.063542 0.040790 0.849456 0.037707 0.008504
2 2 0.166488 0.106492 0.711006 0.000715 0.015300
2 2 0.142011 0.036468 0.812036 0.005194 0.004290
2 2 0.372034 0.041368 0.577162 0.003550 0.005887
2 2 0.075201 0.034759 0.849267 0.035111 0.005662
2 2 0.043780 0.012353 0.911797 0.029077 0.002993
2 2 0.005919 0.005418 0.973271 0.014712 0.000680
2 2 0.034457 0.017474 0.934418 0.011364 0.002288
2 2 0.110577 0.021083 0.800389 0.062112 0.005839
2 2 0.124296 0.022712 0.759109 0.080175 0.013707
2 3 0.157974 0.068253 0.664567 0.074887 0.034320
2 3 0.040447 0.042138 0.677709 0.231055 0.008650
2 3 0.007542 0.010928 0.763853 0.216168 0.001509
2 3 0.025597 0.046697 0.589523 0.328862 0.009322
2 3 0.018864 0.024365 0.705347 0.246728 0.004696
3 3 0.011028 0.006796 0.338474 0.642039 0.001663
3 3 0.003899 0.004330 0.198754 0.791803 0.001214
3 3 0.002832 0.002048 0.109228 0.884873 0.001019
3 3 0.000232 0.001283 0.044873 0.953177 0.000435
3 3 0.000952 0.003028 0.063977 0.930690 0.001353
3 3 0.002574 0.002174 0.069431 0.924216 0.001605
2 3 0.292292 0.033659 0.549702 0.115427 0.008921
0 1 0.738526 0.084480 0.092108 0.020107 0.064778
1 1 0.249874 0.530628 0.206394 0.000269 0.012835
1 2 0.145697 0.633735 0.202388 0.000558 0.017624
1 2 0.155161 0.503207 0.321694 0.000145 0.019794
0 2 0.738567 0.130608 0.124139 0.000170 0.006515
1 2 0.286611 0.483052 0.209461 0.000722 0.020154
0 2 0.614382 0.260719 0.062903 0.000054 0.061941
2 2 0.217612 0.089222 0.676182 0.001747 0.015237
2 2 0.356823 0.146767 0.471512 0.002337 0.022561
2 2 0.019785 0.245817 0.717350 0.000116 0.016933
2 2 0.091838 0.121781 0.760230 0.013803 0.012348
2 2 0.006633 0.024961 0.960284 0.002330 0.005793
2 2 0.066734 0.077343 0.838954 0.000173 0.016795
2 2 0.074465 0.037060 0.866246 0.001911 0.020317
2 2 0.012462 0.012278 0.966063 0.001684 0.007514
2 2 0.004931 0.007148 0.976058 0.006530 0.005332
2 2 0.001527 0.007539 0.980089 0.003818 0.007028
2 2 0.014113 0.048765 0.917406 0.000451 0.019265
2 2 0.031343 0.034921 0.913383 0.007587 0.012766
2 2 0.014069 0.031281 0.928839 0.011144 0.014667
2 2 0.003035 0.014571 0.958210 0.019088 0.005096
2 2 0.000635 0.011723 0.983190 0.000949 0.003503
2 2 0.001500 0.011477 0.970093 0.011961 0.004969
2 2 0.016761 0.044307 0.899287 0.007134 0.032511
2 2 0.013331 0.037716 0.931491 0.003212 0.014249
2 2 0.002536 0.008969 0.968941 0.012878 0.006677
2 2 0.000301 0.019554 0.962056 0.006270 0.011819
2 2 0.000189 0.003796 0.988942 0.005809 0.001264
2 2 0.000758 0.006239 0.976910 0.014372 0.001722
2 2 0.006102 0.065335 0.826048 0.009973 0.092542
4 2 0.011597 0.143028 0.397168 0.001823 0.446385
4 2 0.028848 0.207578 0.272084 0.000958 0.490532
2 2 0.001921 0.065380 0.890441 0.006889 0.035369
2 2 0.022215 0.116345 0.678338 0.037290 0.145812
2 2 0.017581 0.115709 0.687172 0.012198 0.167341
2 2 0.020061 0.065115 0.663275 0.002220 0.249331
4 2 0.080691 0.128902 0.177359 0.000159 0.612889
4 2 0.020018 0.322729 0.203549 0.000089 0.453615
2 2 0.019481 0.261898 0.364292 0.001805 0.352524
4 2 0.019279 0.325921 0.322982 0.004528 0.327289
4 2 0.034886 0.342476 0.180254 0.002229 0.440155
1 2 0.047887 0.432814 0.152739 0.001093 0.365466
1 2 0.039414 0.424248 0.413623 0.001550 0.121165
4 2 0.023803 0.359856 0.192944 0.000603 0.422795
4 2 0.011169 0.153219 0.137001 0.000097 0.698514
4 2 0.035936 0.215145 0.271855 0.002480 0.474584
4 2 0.057590 0.238649 0.070480 0.000013 0.633268
4 2 0.012214 0.325472 0.090461 0.000023 0.571830
4 2 0.010386 0.310430 0.022766 0.000005 0.656413
4 2 0.014497 0.146453 0.016779 0.000011 0.822260
4 2 0.009497 0.149477 0.085971 0.000021 0.755034
4 2 0.007722 0.199502 0.390343 0.000702 0.401730
4 2 0.010451 0.307604 0.201900 0.000194 0.479852
4 2 0.012646 0.378821 0.142558 0.000051 0.465924
4 2 0.010207 0.092002 0.005807 0.000001 0.891982
4 2 0.071018 0.041314 0.004803 0.000001 0.882864
4 2 0.032260 0.095143 0.046713 0.000051 0.825833
4 2 0.027988 0.169268 0.059461 0.000062 0.743220
4 2 0.016743 0.308192 0.293351 0.000368 0.381346
2 2 0.059361 0.366128 0.460531 0.000054 0.113926
1 2 0.139552 0.402076 0.096982 0.000022 0.361368
4 2 0.003015 0.243562 0.121463 0.000064 0.631895
4 2 0.004210 0.227601 0.170818 0.000046 0.597325
4 2 0.010006 0.265846 0.225434 0.000104 0.498609
2 2 0.008987 0.198142 0.520783 0.000119 0.271970
2 2 0.046988 0.046821 0.480068 0.001957 0.424165
2 2 0.026373 0.172813 0.712453 0.000111 0.088250
2 2 0.010145 0.073707 0.906455 0.000277 0.009416
2 2 0.011217 0.018617 0.958055 0.003292 0.008818
2 2 0.064792 0.037817 0.819430 0.000901 0.077060
2 2 0.005234 0.028724 0.948219 0.000349 0.017474
2 2 0.008108 0.008400 0.978343 0.001513 0.003636
2 2 0.043180 0.055718 0.860024 0.000449 0.040629
2 2 0.069827 0.060678 0.836729 0.000355 0.032412
2 2 0.179296 0.138168 0.601483 0.000140 0.080914
2 2 0.019862 0.028050 0.931151 0.001679 0.019258
2 2 0.039937 0.031596 0.899175 0.004130 0.025162
2 2 0.024945 0.015292 0.939446 0.009533 0.010784
2 2 0.034484 0.024204 0.930111 0.002936 0.008265
2 2 0.124876 0.091418 0.764357 0.003463 0.015886
2 2 0.270911 0.062961 0.636200 0.016999 0.012928
2 2 0.081396 0.059857 0.796870 0.012172 0.049705
2 2 0.109797 0.070526 0.743638 0.008173 0.067865
2 2 0.161155 0.042371 0.766268 0.001122 0.029084
2 2 0.033885 0.015669 0.925389 0.016276 0.008781
2 2 0.119362 0.014277 0.785877 0.067348 0.013136
3 2 0.011317 0.008570 0.426154 0.552013 0.001947
2 2 0.088384 0.017049 0.567793 0.322060 0.004713
2 2 0.040098 0.034820 0.869342 0.041402 0.014338
2 2 0.020926 0.026467 0.478918 0.467963 0.005726
3 2 0.002258 0.001269 0.104760 0.891084 0.000629
3 2 0.022656 0.005813 0.211043 0.756547 0.003941
3 3 0.003882 0.005166 0.109069 0.879246 0.002637
3 3 0.005297 0.006447 0.117062 0.867694 0.003499
3 3 0.140671 0.043818 0.374556 0.413527 0.027428
3 3 0.022481 0.008009 0.176340 0.787336 0.005834
3 3 0.007508 0.011663 0.325461 0.652980 0.002389
3 3 0.004083 0.002698 0.113091 0.878620 0.001509
3 3 0.002850 0.003223 0.115430 0.877065 0.001431
3 3 0.005293 0.005300 0.152620 0.834315 0.002473
3 3 0.013160 0.009029 0.246498 0.727939 0.003374
3 3 0.000698 0.000753 0.055164 0.942977 0.000408
3 3 0.006150 0.003304 0.142004 0.846781 0.001761
3 3 0.005265 0.029844 0.479648 0.482848 0.002395
3 3 0.062862 0.055722 0.310671 0.544599 0.026147
3 3 0.012425 0.035831 0.168792 0.766610 0.016341
3 3 0.018867 0.015256 0.157189 0.798383 0.010305
3 3 0.010681 0.006465 0.101440 0.875552 0.005862
3 3 0.041115 0.010713 0.168861 0.768707 0.010604
3 3 0.007610 0.004947 0.092782 0.890380 0.004281
3 3 0.225940 0.049587 0.166673 0.477123 0.080677
3 3 0.017051 0.012059 0.128485 0.832043 0.010361
3 3 0.002403 0.001419 0.063793 0.931212 0.001173
3 3 0.003450 0.005092 0.111057 0.878001 0.002401
3 3 0.000729 0.002095 0.060921 0.935353 0.000902
3 3 0.021858 0.021598 0.295528 0.653674 0.007342
3 3 0.009254 0.010341 0.107910 0.864928 0.007567
3 3 0.090960 0.028435 0.238941 0.618078 0.023587
0 3 0.401820 0.073767 0.291610 0.183933 0.048870
2 3 0.014744 0.061543 0.845871 0.073902 0.003939
2 3 0.011706 0.034423 0.553240 0.377532 0.023099
3 3 0.015541 0.009088 0.275241 0.696663 0.003468
3 3 0.088536 0.027535 0.229889 0.622791 0.031249
3 3 0.000978 0.003240 0.107130 0.887783 0.000868
3 3 0.006734 0.008070 0.113643 0.866623 0.004930
3 3 0.005871 0.005086 0.116853 0.869168 0.003022
3 3 0.009110 0.010314 0.146507 0.828603 0.005467
3 3 0.001550 0.002407 0.065825 0.928813 0.001406
3 3 0.008283 0.011100 0.295275 0.682599 0.002743
3 3 0.001990 0.001877 0.083863 0.911246 0.001024
3 3 0.010939 0.007652 0.167391 0.809944 0.004073
3 3 0.027432 0.007613 0.141964 0.814313 0.008677
3 3 0.011164 0.008617 0.161330 0.813646 0.005243
3 3 0.002124 0.003372 0.112318 0.880891 0.001295
3 3 0.000141 0.000474 0.034873 0.964329 0.000183
3 3 0.001827 0.002061 0.090215 0.904913 0.000984
3 3 0.011078 0.038887 0.178740 0.753136 0.018159
3 3 0.011808 0.041097 0.252855 0.680437 0.013803
3 3 0.015719 0.007018 0.161324 0.811174 0.004765
3 3 0.034928 0.009225 0.193891 0.754527 0.007429
3 3 0.007326 0.007669 0.164931 0.816720 0.003354
3 3 0.001281 0.003444 0.076947 0.916855 0.001472
3 3 0.008712 0.007144 0.100435 0.877927 0.005782
3 3 0.001924 0.005228 0.077640 0.912630 0.002578
3 3 0.003521 0.009239 0.160212 0.823981 0.003047
3 3 0.006740 0.006942 0.101506 0.879632 0.005180
3 3 0.000539 0.001786 0.053745 0.943172 0.000758
3 3 0.027556 0.015214 0.143067 0.798631 0.015532
3 3 0.001530 0.003009 0.068330 0.925506 0.001625
3 3 0.003663 0.004852 0.093214 0.895429 0.002843
3 3 0.028607 0.034673 0.266161 0.656455 0.014104
3 3 0.004739 0.012234 0.115172 0.861389 0.006466
3 3 0.007285 0.004761 0.100841 0.883389 0.003724
3 3 0.000221 0.001206 0.044081 0.954082 0.000410
3 3 0.000512 0.002429 0.056354 0.939791 0.000913
3 3 0.000792 0.003446 0.063768 0.930621 0.001372
3 3 0.001674 0.010145 0.252332 0.734636 0.001213
3 3 0.005757 0.006213 0.137504 0.847534 0.002993
3 3 0.000563 0.002618 0.057873 0.937950 0.000997
3 3 0.004251 0.004491 0.084382 0.903690 0.003186
3 3 0.000972 0.002179 0.060552 0.935204 0.001094
3 3 0.011557 0.016721 0.143047 0.816716 0.011960
3 3 0.000224 0.001247 0.044413 0.953697 0.000421
3 3 0.000513 0.001554 0.062783 0.934586 0.000564
3 3 0.003527 0.006316 0.087167 0.899269 0.003721
3 3 0.000271 0.001457 0.046963 0.950805 0.000504
3 3 0.005682 0.013246 0.107163 0.866480 0.007428
3 3 0.001608 0.006079 0.077713 0.911941 0.002658
3 3 0.001126 0.004570 0.070391 0.922007 0.001906
3 3 0.011477 0.011589 0.113460 0.854528 0.008946
3 3 0.001302 0.002165 0.063041 0.932270 0.001222
3 3 0.000254 0.001421 0.067219 0.930772 0.000335
3 3 0.000618 0.002827 0.059665 0.935806 0.001085
3 3 0.004403 0.003733 0.082143 0.906868 0.002853
3 3 0.003733 0.002180 0.073148 0.919077 0.001862
3 3 0.001522 0.003356 0.085319 0.908378 0.001425
3 3 0.000767 0.005990 0.259143 0.733602 0.000498
3 3 0.007263 0.004519 0.100537 0.884111 0.003569
3 3 0.003207 0.005855 0.084943 0.902589 0.003405
3 3 0.012438 0.006660 0.103948 0.870604 0.006351
3 3 0.001159 0.002103 0.061696 0.933898 0.001145
3 3 0.013808 0.003603 0.095057 0.883152 0.004381
3 3 0.045566 0.008336 0.132019 0.801542 0.012536
3 3 0.002979 0.002794 0.074032 0.918183 0.002012
3 3 0.000863 0.003690 0.065315 0.928646 0.001486
3 3 0.001285 0.005970 0.108908 0.882184 0.001653
3 3 0.000058 0.000473 0.040743 0.958628 0.000097
3 3 0.001394 0.003497 0.138482 0.855768 0.000859
3 3 0.003930 0.010263 0.263518 0.720452 0.001836
3 3 0.007274 0.012575 0.154946 0.819803 0.005402
3 3 0.003638 0.008921 0.127018 0.856973 0.003450
3 3 0.003273 0.005347 0.103944 0.884834 0.002603
3 3 0.143981 0.075259 0.372653 0.374141 0.033966
2 1 0.329093 0.102189 0.511656 0.042293 0.014769
2 1 0.244153 0.070833 0.673627 0.008365 0.003022
0 2 0.911192 0.040750 0.039401 0.000158 0.008499
2 2 0.027613 0.104686 0.820638 0.004719 0.042344
2 2 0.016325 0.084444 0.878479 0.003068 0.017683
2 2 0.016573 0.032955 0.940514 0.005403 0.004555
2 2 0.003250 0.011116 0.978795 0.004304 0.002536
2 2 0.006935 0.013683 0.966138 0.010215 0.003029
2 2 0.137630 0.085833 0.755770 0.001319 0.019448
2 2 0.005191 0.012994 0.960696 0.019286 0.001834
2 2 0.016015 0.036905 0.924007 0.008710 0.014363
2 2 0.393531 0.060291 0.447320 0.009335 0.089523
0 2 0.721905 0.046509 0.127578 0.001133 0.102875
2 2 0.016587 0.030222 0.928177 0.006170 0.018844
0 1 0.450294 0.086355 0.427478 0.022404 0.013469
2 2 0.092558 0.022730 0.875980 0.003805 0.004926
2 2 0.033339 0.023057 0.871952 0.029396 0.042257
2 2 0.042831 0.013323 0.899567 0.028805 0.015473
2 2 0.003486 0.017366 0.935487 0.002011 0.041650
2 2 0.000339 0.016559 0.957115 0.009077 0.016910
2 2 0.004919 0.040476 0.904930 0.026318 0.023356
2 2 0.012528 0.191906 0.715025 0.002356 0.078184
2 2 0.003839 0.086410 0.799402 0.003769 0.106580
4 2 0.032350 0.252675 0.233306 0.000804 0.480864
4 2 0.017828 0.131358 0.094145 0.000086 0.756583
4 2 0.006414 0.203333 0.101226 0.000217 0.688810
4 2 0.005397 0.175185 0.069566 0.000282 0.749571
4 2 0.005466 0.186763 0.094589 0.000136 0.713047
4 2 0.007713 0.370869 0.082798 0.000030 0.538591
4 2 0.007973 0.202571 0.103198 0.000197 0.686061
4 2 0.003826 0.220669 0.206810 0.000540 0.568155
4 2 0.002144 0.198567 0.300749 0.000420 0.498119
4 4 0.001060 0.132991 0.362264 0.000649 0.503036
4 4 0.050533 0.090612 0.028848 0.000095 0.829912
4 4 0.012222 0.037249 0.017534 0.000004 0.932991
4 4 0.073752 0.082176 0.024276 0.000003 0.819793
4 4 0.013795 0.103255 0.074637 0.000213 0.808099
4 4 0.015120 0.255331 0.167667 0.000253 0.561629
4 4 0.026637 0.229011 0.051861 0.000199 0.692291
4 4 0.049393 0.127319 0.019038 0.000085 0.804165
4 4 0.023458 0.038166 0.020878 0.000051 0.917447
4 4 0.060788 0.023603 0.014015 0.000009 0.901586
4 4 0.013837 0.015906 0.021905 0.000016 0.948337
4 4 0.064943 0.322162 0.233007 0.001201 0.378688
0 4 0.476102 0.191926 0.081954 0.000045 0.249973
0 4 0.329250 0.251180 0.139497 0.000002 0.280071
2 4 0.001840 0.120602 0.498190 0.000008 0.379360
4 4 0.004815 0.349613 0.205916 0.000001 0.439655
4 4 0.085654 0.342296 0.054752 0.000003 0.517295
1 1 0.344779 0.502814 0.074072 0.000011 0.078324
1 1 0.312964 0.573385 0.048488 0.000129 0.065034
1 1 0.219060 0.540133 0.071431 0.001247 0.168129
4 1 0.047041 0.323337 0.209673 0.002325 0.417624
1 1 0.049158 0.503834 0.219829 0.000074 0.227105
1 1 0.009244 0.450932 0.400701 0.000175 0.138948
2 2 0.017059 0.389627 0.400561 0.000954 0.191800
4 2 0.023535 0.243425 0.047033 0.000086 0.685921
4 2 0.016821 0.394782 0.055883 0.000065 0.532449
1 2 0.009644 0.399267 0.197015 0.000237 0.393837
1 2 0.019198 0.543889 0.142684 0.000125 0.294104
1 2 0.008670 0.412511 0.342956 0.000274 0.235589
2 2 0.005401 0.266085 0.374822 0.000984 0.352709
2 2 0.001481 0.087758 0.852133 0.001385 0.057243
2 2 0.003612 0.028916 0.920307 0.000765 0.046400
2 2 0.002116 0.084735 0.875371 0.000029 0.037749
2 2 0.002400 0.051189 0.916310 0.000989 0.029112
2 2 0.002515 0.016815 0.967030 0.001749 0.011891
2 2 0.033048 0.022752 0.890123 0.013755 0.040323
2 2 0.041055 0.074778 0.797917 0.001644 0.084607
2 2 0.003756 0.032659 0.891058 0.001822 0.070704
2 2 0.091825 0.132448 0.618019 0.004811 0.152897
2 2 0.028806 0.182381 0.407195 0.000455 0.381163
2 2 0.008713 0.064376 0.691170 0.000202 0.235539
2 2 0.004114 0.069502 0.846857 0.000356 0.079170
2 2 0.014927 0.124529 0.533453 0.000480 0.326611
2 2 0.026248 0.076715 0.816590 0.000726 0.079721
2 2 0.106627 0.105452 0.720178 0.004555 0.063188
2 2 0.076656 0.074471 0.810042 0.004271 0.034560
2 2 0.045561 0.118124 0.695316 0.001906 0.139093
2 2 0.238278 0.225397 0.448549 0.000672 0.087103
2 2 0.120508 0.093824 0.763036 0.001959 0.020673
0 2 0.376039 0.136404 0.327977 0.003220 0.156360
0 2 0.522580 0.162625 0.145922 0.000445 0.168429
2 2 0.066489 0.112519 0.800396 0.002775 0.017822
0 2 0.469186 0.140268 0.362531 0.008694 0.019322
2 2 0.110714 0.131765 0.711934 0.001026 0.044561
2 2 0.261132 0.156420 0.509251 0.000366 0.072831
0 2 0.699094 0.197406 0.070433 0.000001 0.033066
0 1 0.548688 0.271723 0.128254 0.000692 0.050643
2 2 0.026547 0.048059 0.907444 0.001499 0.016451
2 2 0.005042 0.020942 0.969758 0.000841 0.003418
2 2 0.001180 0.010865 0.983736 0.002513 0.001706
2 2 0.005066 0.027539 0.957530 0.002950 0.006915
2 2 0.004145 0.011383 0.979887 0.002245 0.002341
2 1 0.077175 0.056695 0.852703 0.002696 0.010730
2 2 0.026853 0.024282 0.938830 0.006207 0.003828
2 2 0.075565 0.075951 0.825979 0.000630 0.021874
2 2 0.164102 0.124433 0.633050 0.001744 0.076671
0 2 0.609783 0.054395 0.318468 0.004648 0.012706
0 2 0.645600 0.078302 0.239165 0.010280 0.026653
0 2 0.976191 0.010203 0.008793 0.000042 0.004771
0 2 0.901995 0.044861 0.011051 0.000182 0.041910
0 2 0.933191 0.021669 0.033057 0.000982 0.011101
0 2 0.926640 0.033781 0.016499 0.000272 0.022807
0 2 0.844878 0.101984 0.034376 0.000078 0.018685
0 2 0.387328 0.213044 0.304690 0.000803 0.094134
2 2 0.169773 0.202334 0.562556 0.003414 0.061922
0 2 0.810535 0.117952 0.032785 0.000254 0.038472
0 2 0.885547 0.060385 0.020926 0.000023 0.033118
0 2 0.929195 0.035699 0.013479 0.000010 0.021616
0 2 0.926335 0.026704 0.010008 0.000005 0.036948
0 1 0.920343 0.017289 0.031908 0.000018 0.030441
0 1 0.997675 0.000751 0.001198 0.000001 0.000375
0 2 0.832327 0.062101 0.009628 0.000034 0.095910
0 2 0.980199 0.005992 0.001208 0.000007 0.012593
0 2 0.932152 0.026527 0.027835 0.000454 0.013032
0 2 0.919664 0.037752 0.028977 0.000288 0.013318
0 2 0.952106 0.020779 0.011901 0.000164 0.015050
0 2 0.912820 0.026897 0.052298 0.000287 0.007698
0 2 0.631635 0.129995 0.210652 0.002070 0.025649
0 2 0.816739 0.027463 0.144500 0.004203 0.007095
0 2 0.403714 0.208651 0.354574 0.005504 0.027557
0 2 0.922080 0.033860 0.036322 0.000209 0.007528
0 2 0.592164 0.154172 0.218219 0.008867 0.026578
2 2 0.268084 0.357381 0.358630 0.002538 0.013366
0 2 0.600932 0.279375 0.078559 0.000436 0.040698
0 2 0.588829 0.196601 0.184660 0.000056 0.029854
0 2 0.453151 0.267723 0.257717 0.000420 0.020988
2 2 0.225296 0.370105 0.383722 0.002765 0.018111
1 2 0.259668 0.364077 0.257886 0.001532 0.116837
2 2 0.110743 0.154063 0.689025 0.000866 0.045303
2 2 0.086270 0.372546 0.481923 0.000094 0.059168
0 2 0.661641 0.111768 0.136745 0.000074 0.089772
1 2 0.122297 0.361791 0.294058 0.000024 0.221830
2 2 0.142141 0.145171 0.589507 0.000107 0.123075
2 2 0.016050 0.015785 0.962296 0.000758 0.005110
2 2 0.129368 0.050598 0.812919 0.000839 0.006277
2 2 0.282766 0.233514 0.389064 0.000086 0.094570
2 2 0.074966 0.198504 0.598525 0.000198 0.127807
2 2 0.007955 0.034422 0.939258 0.001463 0.016902
2 2 0.000791 0.010399 0.985378 0.000778 0.002654
2 2 0.006701 0.060446 0.904595 0.000508 0.027749
2 2 0.033162 0.076223 0.704314 0.002163 0.184139
0 2 0.400800 0.202721 0.280331 0.000679 0.115469
2 2 0.262014 0.111940 0.609734 0.001184 0.015127
0 2 0.581095 0.168261 0.230595 0.000944 0.019106
2 2 0.006959 0.059441 0.928197 0.000552 0.004853
2 2 0.004227 0.068256 0.919725 0.000880 0.006912
2 2 0.002150 0.011416 0.981571 0.001342 0.003521
2 2 0.002720 0.009111 0.985056 0.000377 0.002736
2 2 0.004403 0.009598 0.982189 0.000559 0.003252
2 2 0.108628 0.100294 0.696876 0.000308 0.093893
2 2 0.063134 0.046291 0.858140 0.000834 0.031601
2 2 0.016457 0.049283 0.927064 0.000218 0.006978
2 2 0.021166 0.049035 0.918256 0.001453 0.010090
2 2 0.078141 0.140527 0.759921 0.000943 0.020468
2 2 0.005475 0.019180 0.957092 0.015183 0.003070
2 2 0.004386 0.018509 0.971189 0.003700 0.002216
2 2 0.006998 0.011770 0.968935 0.011284 0.001013
2 2 0.015847 0.029346 0.937940 0.006167 0.010700
2 2 0.034097 0.068227 0.840786 0.001029 0.055861
2 2 0.056338 0.083446 0.827441 0.001053 0.031720
2 2 0.082073 0.052320 0.830468 0.008311 0.026828
2 2 0.042265 0.151892 0.593118 0.003528 0.209197
2 2 0.060915 0.093140 0.791287 0.003016 0.051642
2 2 0.011598 0.032202 0.936783 0.002692 0.016725
2 2 0.017432 0.027710 0.948324 0.001003 0.005530
2 2 0.022832 0.029916 0.930523 0.008239 0.008490
2 2 0.130586 0.025406 0.820220 0.013559 0.010229
2 2 0.239272 0.056151 0.675047 0.006161 0.023370
2 2 0.404568 0.075733 0.480493 0.018872 0.020334
2 2 0.046745 0.039253 0.897004 0.002632 0.014366
2 2 0.030584 0.041748 0.908242 0.003778 0.015648
2 2 0.016026 0.039454 0.923082 0.001968 0.019469
2 2 0.092085 0.078202 0.726671 0.026227 0.076814
2 2 0.052331 0.026154 0.808215 0.106797 0.006502
2 2 0.077386 0.021558 0.866938 0.023981 0.010137
2 2 0.087399 0.055169 0.837307 0.003717 0.016407
2 2 0.199383 0.047054 0.733767 0.006032 0.013764
2 2 0.070902 0.025972 0.879821 0.016372 0.006933
2 2 0.131583 0.043395 0.808548 0.008245 0.008229
2 2 0.285340 0.082838 0.588611 0.007263 0.035947
2 2 0.086948 0.042319 0.707599 0.138645 0.024489
2 2 0.032694 0.059131 0.897624 0.005714 0.004837
2 2 0.106260 0.044988 0.843650 0.000475 0.004627
0 2 0.548266 0.186592 0.226342 0.000010 0.038791
0 1 0.550360 0.238995 0.144602 0.000023 0.066020
2 2 0.189044 0.100873 0.689326 0.002931 0.017825
2 2 0.324886 0.061057 0.608787 0.003005 0.002265
0 2 0.513757 0.096669 0.356561 0.002855 0.030159
2 2 0.049417 0.163972 0.758421 0.002431 0.025759
2 2 0.002573 0.013793 0.980718 0.000902 0.002014
2 2 0.014200 0.008617 0.943765 0.030896 0.002522
2 2 0.017338 0.030888 0.942988 0.002978 0.005807
2 2 0.286585 0.205089 0.489070 0.000363 0.018895
2 2 0.228414 0.069051 0.692910 0.001764 0.007861
0 1 0.477848 0.160965 0.354408 0.000925 0.005854
2 2 0.109791 0.092377 0.786822 0.003322 0.007687
2 2 0.008198 0.013633 0.961521 0.010466 0.006182
2 2 0.016975 0.043160 0.913365 0.007131 0.019368
2 2 0.009872 0.047411 0.924418 0.002358 0.015940
2 2 0.039253 0.030964 0.898968 0.002662 0.028152
2 2 0.149152 0.034589 0.794248 0.010632 0.011380
0 1 0.536209 0.089396 0.351925 0.011044 0.011426
2 2 0.010532 0.081793 0.896936 0.003725 0.007014
2 2 0.047834 0.066884 0.827457 0.033963 0.023863
2 2 0.026249 0.034045 0.859123 0.056466 0.024116
2 2 0.001384 0.004193 0.966966 0.025965 0.001492
2 2 0.002113 0.007055 0.982665 0.006537 0.001629
2 2 0.006617 0.042593 0.865456 0.000370 0.084965
2 2 0.019021 0.110466 0.601740 0.002268 0.266505
4 2 0.032151 0.050352 0.092513 0.001057 0.823927
4 2 0.010179 0.061985 0.437798 0.000901 0.489138
4 2 0.029316 0.199886 0.239155 0.000656 0.530986
2 2 0.008093 0.222285 0.393458 0.000904 0.375261
4 2 0.009998 0.282682 0.197405 0.000684 0.509231
4 2 0.114952 0.216063 0.177204 0.000002 0.491779
1 1 0.045656 0.391159 0.242753 0.000441 0.319992
4 2 0.015837 0.314729 0.301851 0.001760 0.365823
4 2 0.005692 0.253658 0.189248 0.000361 0.551041
2 2 0.000988 0.237759 0.396407 0.000050 0.364796
2 2 0.004049 0.282679 0.525635 0.000232 0.187405
4 4 0.008887 0.191885 0.386071 0.000128 0.413029
4 4 0.034629 0.124646 0.221607 0.000356 0.618762
4 4 0.016871 0.043900 0.047468 0.000004 0.891758
4 4 0.015591 0.060656 0.119208 0.000058 0.804487
4 4 0.034599 0.050910 0.155051 0.000156 0.759284
4 4 0.142342 0.181111 0.157643 0.000191 0.518714
4 4 0.209475 0.241238 0.209298 0.000012 0.339977
4 4 0.064716 0.339831 0.062615 0.000002 0.532836
4 4 0.036202 0.299561 0.046778 0.000024 0.617436
4 4 0.036270 0.363873 0.122888 0.000020 0.476949
1 4 0.021714 0.408272 0.231164 0.000058 0.338792
4 4 0.009277 0.229243 0.173495 0.002223 0.585762
4 4 0.021149 0.132206 0.087774 0.000304 0.758567
4 4 0.015609 0.148728 0.047971 0.000094 0.787599
4 4 0.036935 0.234605 0.062617 0.000178 0.665666
4 4 0.053583 0.346225 0.122672 0.000543 0.476978
4 4 0.035289 0.215061 0.072163 0.000018 0.677469
4 4 0.058997 0.144812 0.096099 0.000041 0.700050
4 4 0.065619 0.032430 0.007993 0.000014 0.893944
4 4 0.169037 0.072169 0.010446 0.000015 0.748333
4 4 0.008184 0.033807 0.004924 0.000002 0.953084
4 4 0.015523 0.134146 0.077280 0.000366 0.772685
4 4 0.280352 0.076298 0.012216 0.000006 0.631128
4 4 0.066458 0.131167 0.023158 0.000005 0.779212
4 4 0.055708 0.066359 0.023814 0.000003 0.854116
4 4 0.019658 0.034447 0.019604 0.000030 0.926262
4 4 0.040675 0.154882 0.086169 0.000284 0.717991
4 4 0.038091 0.361646 0.046890 0.000018 0.553356
1 4 0.049265 0.626027 0.050347 0.000032 0.274330
4 4 0.072837 0.263342 0.040193 0.000067 0.623561
4 4 0.023796 0.274755 0.046088 0.000089 0.655271
4 4 0.044233 0.201320 0.162221 0.000048 0.592177
4 4 0.075363 0.373094 0.076762 0.000007 0.474774
4 1 0.080694 0.373379 0.117038 0.000198 0.428691
4 1 0.063472 0.332574 0.123547 0.000643 0.479764
4 2 0.006105 0.170068 0.257628 0.000301 0.565898
2 2 0.010292 0.170346 0.451351 0.000812 0.367198
4 2 0.010606 0.062507 0.046858 0.000065 0.879965
4 4 0.025810 0.051781 0.007630 0.000010 0.914769
4 4 0.022087 0.038684 0.007315 0.000006 0.931907
4 4 0.042900 0.049212 0.010052 0.000005 0.897831
4 4 0.017945 0.110221 0.118294 0.000077 0.753464
4 4 0.058962 0.236147 0.034125 0.000082 0.670685
4 4 0.059099 0.361903 0.064237 0.001244 0.513517
4 4 0.014745 0.237331 0.127607 0.003088 0.617229
4 4 0.008154 0.203913 0.111685 0.000205 0.676043
4 4 0.017078 0.179273 0.118905 0.000569 0.684175
4 4 0.024091 0.113794 0.055858 0.000047 0.806210
4 4 0.048396 0.140711 0.055267 0.000063 0.755564
4 4 0.029869 0.209322 0.042862 0.000005 0.717942
4 4 0.019849 0.041815 0.014068 0.000002 0.924266
4 4 0.014198 0.162050 0.023268 0.000053 0.800430
4 4 0.021886 0.253588 0.035593 0.000054 0.688879
4 4 0.063065 0.142059 0.024188 0.000006 0.770681
4 4 0.088885 0.151675 0.053958 0.000016 0.705466
4 4 0.034378 0.167141 0.060725 0.000004 0.737752
4 4 0.005570 0.092396 0.065228 0.000038 0.836768
4 4 0.002060 0.134627 0.189884 0.000102 0.673327
4 4 0.003694 0.134189 0.091807 0.000183 0.770127
2 4 0.004524 0.252034 0.411071 0.000128 0.332243
2 4 0.007462 0.237278 0.510078 0.003631 0.241551
4 4 0.047747 0.149195 0.196560 0.000757 0.605741
4 1 0.027383 0.149002 0.177640 0.000773 0.645202
4 1 0.001453 0.115594 0.353410 0.002170 0.527373
4 2 0.003858 0.216191 0.365583 0.000839 0.413528
2 2 0.003074 0.188001 0.421511 0.001582 0.385831
4 2 0.001017 0.146341 0.348520 0.000382 0.503740
2 2 0.000330 0.051997 0.730788 0.002135 0.214750
4 2 0.000651 0.147421 0.425266 0.000178 0.426484
4 2 0.006080 0.234558 0.176343 0.000227 0.582792
4 2 0.022478 0.125981 0.019983 0.000003 0.831554
4 2 0.042271 0.188699 0.223834 0.001303 0.543893
1 2 0.021063 0.504801 0.255549 0.000140 0.218448
4 2 0.092330 0.254233 0.055543 0.000012 0.597882
1 1 0.014422 0.515189 0.186509 0.000016 0.283864
1 1 0.016819 0.479472 0.413446 0.000331 0.089933
2 2 0.016488 0.322209 0.361249 0.003791 0.296264
2 2 0.010992 0.247680 0.481927 0.003002 0.256398
2 2 0.008988 0.215775 0.556469 0.003395 0.215373
1 2 0.135885 0.359819 0.266887 0.004363 0.233046
2 2 0.051044 0.159899 0.468152 0.003937 0.316968
2 2 0.002752 0.077836 0.884698 0.019220 0.015494
2 2 0.000282 0.025438 0.962810 0.002180 0.009290
2 2 0.002733 0.016048 0.960332 0.003814 0.017073
2 2 0.002193 0.031835 0.952717 0.001893 0.011362
2 2 0.000677 0.025389 0.958887 0.010412 0.004635
2 2 0.000162 0.016483 0.970794 0.000762 0.011800
2 2 0.000392 0.015530 0.971630 0.002989 0.009458
2 2 0.001507 0.029088 0.931873 0.000805 0.036727
2 2 0.015502 0.107680 0.692047 0.001946 0.182825
2 2 0.003719 0.075833 0.732489 0.000190 0.187769
2 2 0.026675 0.046205 0.801879 0.001071 0.124170
2 2 0.013019 0.063951 0.730053 0.000559 0.192419
2 2 0.006131 0.047322 0.687338 0.000556 0.258653
2 2 0.006065 0.060956 0.759431 0.000308 0.173240
2 2 0.006262 0.073715 0.815875 0.000641 0.103507
2 2 0.003430 0.071708 0.886267 0.000163 0.038431
2 2 0.000149 0.011702 0.981929 0.000620 0.005600
2 2 0.003773 0.045132 0.923780 0.000911 0.026405
2 2 0.001909 0.071174 0.864278 0.005547 0.057093
2 2 0.014202 0.128488 0.704320 0.000520 0.152470
4 2 0.067570 0.115246 0.264450 0.000202 0.552532
2 2 0.013313 0.059681 0.882897 0.001078 0.043031
2 2 0.046665 0.032292 0.901603 0.005899 0.013541
2 2 0.004299 0.024102 0.959453 0.000795 0.011351
2 2 0.019777 0.046890 0.899435 0.003930 0.029968
2 2 0.033008 0.060519 0.816581 0.045738 0.044155
2 2 0.065004 0.075972 0.723700 0.006513 0.128811
2 2 0.041363 0.050079 0.788727 0.005351 0.114481
2 2 0.000631 0.012927 0.969344 0.006960 0.010138
2 2 0.024395 0.075777 0.820811 0.001027 0.077990
2 2 0.002115 0.009190 0.951192 0.028997 0.008507
2 2 0.020950 0.054257 0.848257 0.002754 0.073782
2 2 0.001732 0.085719 0.808203 0.000215 0.104131
2 2 0.004750 0.074490 0.882732 0.002031 0.035997
2 2 0.011127 0.052481 0.891249 0.014645 0.030498
2 2 0.019192 0.073567 0.831801 0.010274 0.065167
2 2 0.092052 0.098529 0.408842 0.002014 0.398562
2 2 0.033210 0.044380 0.785177 0.030136 0.107097
2 2 0.043826 0.087608 0.602987 0.001788 0.263792
2 2 0.003103 0.028897 0.857582 0.002382 0.108035
2 2 0.004002 0.013244 0.889304 0.082187 0.011264
2 2 0.055337 0.054682 0.734580 0.014151 0.141249
2 2 0.033916 0.037460 0.881930 0.005170 0.041523
1 1 0.043583 0.533842 0.210109 0.000388 0.212078
2 2 0.002354 0.143362 0.834419 0.000695 0.019170
2 2 0.002097 0.110594 0.845354 0.000179 0.041775
2 2 0.023181 0.044359 0.853929 0.009663 0.068868
2 2 0.013900 0.037543 0.926243 0.001984 0.020330
2 2 0.023047 0.035302 0.828491 0.002804 0.110357
2 2 0.267977 0.077970 0.472443 0.002623 0.178987
2 2 0.104456 0.182869 0.665608 0.001240 0.045827
2 2 0.066412 0.128729 0.599811 0.001598 0.203449
2 2 0.048083 0.067189 0.738150 0.098666 0.047912
2 2 0.024940 0.067331 0.753072 0.103718 0.050939
2 2 0.063552 0.088442 0.642236 0.130904 0.074865
2 2 0.003063 0.042317 0.833513 0.004784 0.116323
2 2 0.003116 0.041748 0.931352 0.009485 0.014300
2 2 0.019403 0.037046 0.873006 0.012587 0.057957
2 2 0.087698 0.023822 0.725700 0.141040 0.021740
0 2 0.359662 0.049692 0.304772 0.210781 0.075093
3 2 0.026164 0.013661 0.431626 0.523068 0.005481
2 2 0.220210 0.039471 0.619888 0.111556 0.008874
0 2 0.437668 0.079143 0.361403 0.084732 0.037054
2 2 0.037899 0.061181 0.726709 0.107860 0.066351
2 2 0.005441 0.015679 0.741231 0.229456 0.008193
2 2 0.007837 0.027091 0.912863 0.040184 0.012025
2 2 0.003854 0.051069 0.821718 0.111778 0.011581
2 2 0.001132 0.015946 0.908463 0.069019 0.005440
3 2 0.004254 0.007010 0.429048 0.557933 0.001755
3 2 0.001162 0.004184 0.183027 0.809601 0.002025
3 2 0.002328 0.012102 0.363386 0.609997 0.012187
3 2 0.006948 0.007728 0.154521 0.823085 0.007718
2 2 0.000783 0.011497 0.653140 0.326967 0.007613
3 3 0.012802 0.022026 0.414577 0.537078 0.013516
3 3 0.004557 0.006889 0.109799 0.874208 0.004547
3 3 0.012682 0.010216 0.132620 0.835602 0.008880
2 3 0.002625 0.020578 0.716825 0.245879 0.014093
3 3 0.001649 0.005854 0.380571 0.610063 0.001862
3 3 0.000464 0.004516 0.206445 0.788029 0.000546
3 3 0.004447 0.006942 0.097721 0.886479 0.004411
2 3 0.002075 0.039871 0.867834 0.075595 0.014624
2 3 0.004774 0.028518 0.593747 0.351849 0.021112
3 3 0.025433 0.043269 0.330844 0.584329 0.016127
3 3 0.166341 0.038226 0.208787 0.524152 0.062494
2 3 0.061286 0.024145 0.682877 0.199510 0.032182
2 3 0.098452 0.040853 0.632927 0.130035 0.097733
2 3 0.032609 0.051342 0.714980 0.143366 0.057704
2 3 0.010391 0.012899 0.573295 0.399806 0.003609
3 3 0.000094 0.001613 0.277880 0.720077 0.000336
3 3 0.003617 0.002249 0.217538 0.775988 0.000607
3 3 0.005054 0.006868 0.124609 0.858037 0.005433
2 3 0.135317 0.042592 0.614472 0.179763 0.027857
0 2 0.484522 0.085346 0.402689 0.007851 0.019591
0 2 0.874089 0.061802 0.043357 0.000579 0.020174
2 2 0.018130 0.149697 0.741118 0.000425 0.090630
2 2 0.079688 0.205363 0.530491 0.000339 0.184120
