0 0 0.983339 0.008476 0.001732 0.000287 0.006167
0 0 0.988554 0.008201 0.001691 0.000115 0.001438
0 0 0.986710 0.008468 0.002365 0.000714 0.001743
0 0 0.959124 0.023065 0.004333 0.000062 0.013415
0 0 0.978581 0.007608 0.001294 0.000191 0.012326
0 0 0.978732 0.010404 0.001574 0.000049 0.009240
0 0 0.938251 0.010231 0.002355 0.001635 0.047528
0 0 0.981608 0.002714 0.000318 0.000130 0.015230
0 0 0.940907 0.007444 0.001028 0.000150 0.050471
0 0 0.981216 0.007125 0.001735 0.001296 0.008627
0 0 0.967221 0.011318 0.003149 0.002061 0.016250
0 0 0.991116 0.003635 0.000560 0.000172 0.004517
0 0 0.981835 0.009022 0.001770 0.000228 0.007145
0 0 0.890028 0.042345 0.033052 0.010419 0.024155
0 0 0.967387 0.016377 0.004859 0.001207 0.010170
0 0 0.978909 0.010451 0.003184 0.001888 0.005569
0 0 0.982102 0.007520 0.001711 0.000761 0.007906
0 0 0.986726 0.007354 0.001516 0.000285 0.004120
0 0 0.983013 0.009802 0.002193 0.000317 0.004675
0 0 0.981701 0.010498 0.002014 0.000134 0.005654
0 0 0.974408 0.019157 0.004709 0.000090 0.001637
0 0 0.987814 0.008536 0.001948 0.000199 0.001502
0 0 0.986454 0.008581 0.002574 0.000929 0.001463
0 0 0.994919 0.002938 0.000386 0.000049 0.001709
0 0 0.986039 0.002774 0.000334 0.000116 0.010738
0 0 0.977504 0.013313 0.002675 0.000131 0.006377
0 0 0.982358 0.010429 0.002170 0.000194 0.004848
0 0 0.974768 0.011530 0.003036 0.001025 0.009640
0 0 0.992583 0.001365 0.000153 0.000150 0.005751
0 0 0.993649 0.001224 0.000119 0.000071 0.004938
0 0 0.984340 0.006144 0.001266 0.000579 0.007671
0 0 0.983812 0.003338 0.000556 0.000593 0.011700
0 0 0.979484 0.002107 0.000263 0.000313 0.017832
0 0 0.989012 0.002205 0.000241 0.000082 0.008460
0 0 0.992824 0.001950 0.000205 0.000055 0.004967
0 0 0.989008 0.001153 0.000119 0.000172 0.009547
0 0 0.993014 0.002093 0.000276 0.000165 0.004453
0 0 0.988680 0.005395 0.000873 0.000131 0.004921
0 0 0.978666 0.005827 0.001043 0.000424 0.014040
0 0 0.931601 0.005378 0.000884 0.000761 0.061376
0 0 0.984537 0.002321 0.000323 0.000392 0.012427
0 0 0.989723 0.001644 0.000190 0.000173 0.008270
0 0 0.976109 0.002492 0.000336 0.000408 0.020655
0 0 0.961017 0.002013 0.000184 0.000088 0.036698
0 0 0.923383 0.002466 0.000264 0.000243 0.073645
0 0 0.984307 0.001907 0.000210 0.000146 0.013429
0 0 0.980058 0.002044 0.000256 0.000328 0.017314
0 0 0.972749 0.002196 0.000234 0.000145 0.024676
0 0 0.985452 0.002561 0.000322 0.000176 0.011488
0 0 0.983108 0.002261 0.000267 0.000174 0.014190
0 0 0.992705 0.004179 0.000653 0.000096 0.002367
0 0 0.987783 0.008955 0.001346 0.000020 0.001896
0 0 0.985754 0.009895 0.002288 0.000199 0.001865
0 0 0.980374 0.013468 0.003034 0.000146 0.002978
0 0 0.972169 0.017416 0.003939 0.000167 0.006310
0 0 0.975398 0.014937 0.003136 0.000140 0.006389
0 0 0.970883 0.019068 0.005826 0.000554 0.003668
0 0 0.970696 0.019389 0.005012 0.000245 0.004658
0 0 0.951885 0.033012 0.008364 0.000118 0.006620
0 0 0.916917 0.058964 0.020001 0.000165 0.003953
0 0 0.981064 0.005308 0.001103 0.001011 0.011514
0 0 0.979007 0.005923 0.000971 0.000249 0.013850
0 0 0.971760 0.004277 0.000772 0.001049 0.022142
0 0 0.976055 0.005477 0.001171 0.001406 0.015890
0 0 0.973169 0.009384 0.002049 0.000650 0.014748
0 0 0.974589 0.010711 0.002054 0.000223 0.012423
0 0 0.967737 0.021579 0.007701 0.000774 0.002208
0 0 0.991594 0.006361 0.001504 0.000151 0.000391
0 0 0.991133 0.006893 0.001409 0.000068 0.000497
0 0 0.993402 0.003524 0.000529 0.000102 0.002442
0 0 0.987192 0.004344 0.000778 0.000429 0.007257
0 0 0.993485 0.002115 0.000284 0.000166 0.003950
0 0 0.996429 0.002136 0.000269 0.000047 0.001120
0 0 0.993489 0.003418 0.000472 0.000068 0.002553
0 0 0.995200 0.001199 0.000160 0.000326 0.003115
0 0 0.984332 0.001291 0.000128 0.000152 0.014096
0 0 0.991596 0.002938 0.000469 0.000303 0.004693
0 0 0.993962 0.003452 0.000505 0.000079 0.002001
0 0 0.988062 0.007816 0.001691 0.000221 0.002209
0 0 0.983926 0.011551 0.003367 0.000330 0.000825
0 0 0.895623 0.049058 0.014666 0.000522 0.040130
0 0 0.941102 0.040640 0.012498 0.000224 0.005536
0 0 0.972225 0.020117 0.004428 0.000070 0.003159
0 0 0.986655 0.010458 0.001450 0.000008 0.001429
0 0 0.946146 0.036993 0.007177 0.000028 0.009657
0 0 0.843603 0.091816 0.056124 0.000141 0.008316
0 0 0.957318 0.027897 0.008168 0.000175 0.006443
0 0 0.963776 0.025373 0.006606 0.000151 0.004094
0 0 0.951775 0.035295 0.009234 0.000083 0.003613
0 0 0.933387 0.048727 0.013084 0.000068 0.004734
0 0 0.958032 0.031486 0.007311 0.000046 0.003125
0 0 0.886270 0.083752 0.025480 0.000052 0.004446
0 0 0.832314 0.111640 0.042774 0.000239 0.013033
0 0 0.869692 0.072359 0.048295 0.002469 0.007186
0 0 0.930767 0.043962 0.019481 0.001348 0.004441
0 0 0.918378 0.054834 0.023862 0.000543 0.002384
0 0 0.910067 0.068721 0.017332 0.000025 0.003854
0 0 0.613581 0.265278 0.099494 0.000112 0.021534
0 0 0.828062 0.104443 0.046222 0.000823 0.020450
0 0 0.881535 0.073743 0.032151 0.000977 0.011594
0 0 0.985737 0.007281 0.001984 0.001322 0.003676
0 0 0.988143 0.006989 0.001614 0.000452 0.002801
0 0 0.989120 0.005870 0.001097 0.000215 0.003697
0 0 0.988705 0.005394 0.000944 0.000200 0.004757
0 0 0.994102 0.003278 0.000548 0.000177 0.001895
0 0 0.993506 0.002960 0.000418 0.000109 0.003007
0 0 0.995469 0.001736 0.000270 0.000349 0.002174
0 0 0.991362 0.002697 0.000544 0.001224 0.004173
0 0 0.988855 0.006531 0.001520 0.000499 0.002595
0 0 0.988193 0.007602 0.001806 0.000372 0.002026
0 0 0.992439 0.004113 0.000603 0.000076 0.002769
0 0 0.984282 0.011061 0.002613 0.000188 0.001857
0 0 0.974397 0.017648 0.004926 0.000304 0.002725
0 0 0.989962 0.004331 0.000681 0.000156 0.004871
0 0 0.991476 0.003465 0.000562 0.000239 0.004259
0 0 0.990391 0.002952 0.000536 0.000696 0.005424
0 0 0.987656 0.002257 0.000318 0.000360 0.009410
0 0 0.990407 0.002752 0.000288 0.000038 0.006515
0 0 0.985831 0.005942 0.000825 0.000062 0.007340
0 0 0.981248 0.010929 0.002195 0.000160 0.005467
0 0 0.946376 0.032742 0.008837 0.000255 0.011790
0 0 0.722189 0.139738 0.046208 0.000618 0.091247
0 0 0.888468 0.069546 0.019391 0.003354 0.019240
0 0 0.985599 0.009544 0.002220 0.000258 0.002379
0 0 0.988018 0.006559 0.001995 0.001715 0.001714
0 0 0.987248 0.007735 0.001770 0.000373 0.002874
0 0 0.988243 0.006733 0.001230 0.000150 0.003644
0 0 0.985582 0.005995 0.000893 0.000092 0.007438
0 0 0.982398 0.006689 0.001060 0.000132 0.009721
0 0 0.990201 0.004526 0.000891 0.000454 0.003927
0 0 0.965582 0.011767 0.001918 0.000240 0.020492
0 0 0.991083 0.002161 0.000191 0.000021 0.006545
0 0 0.987700 0.002392 0.000391 0.000737 0.008780
0 0 0.993604 0.001632 0.000210 0.000207 0.004347
0 0 0.992933 0.004038 0.000551 0.000047 0.002431
0 0 0.990738 0.005387 0.000841 0.000075 0.002959
0 0 0.988031 0.003921 0.000635 0.000280 0.007133
0 0 0.986551 0.006543 0.001537 0.000780 0.004590
0 0 0.985582 0.007225 0.001395 0.000248 0.005551
0 0 0.985530 0.006213 0.001310 0.000572 0.006374
0 0 0.993331 0.004082 0.000741 0.000184 0.001662
0 0 0.993856 0.004395 0.000799 0.000103 0.000847
0 0 0.969596 0.020401 0.006456 0.000530 0.003018
0 0 0.922831 0.052699 0.022188 0.000549 0.001732
0 0 0.959935 0.026550 0.008039 0.000388 0.005088
0 0 0.978599 0.015946 0.003423 0.000063 0.001970
0 0 0.965555 0.026098 0.005899 0.000044 0.002404
0 0 0.955705 0.031631 0.008349 0.000116 0.004199
0 0 0.943297 0.037545 0.010220 0.000174 0.008764
0 0 0.919980 0.050007 0.021725 0.001323 0.006966
0 0 0.973194 0.017350 0.004210 0.000215 0.005031
0 0 0.946042 0.039474 0.007306 0.000015 0.007163
0 0 0.965938 0.026915 0.005143 0.000014 0.001990
0 0 0.943061 0.040676 0.008544 0.000032 0.007687
0 0 0.723698 0.186236 0.068550 0.000152 0.021364
0 1 0.632500 0.222696 0.129527 0.000368 0.014909
0 1 0.559323 0.206441 0.211292 0.003879 0.019065
0 1 0.557774 0.176151 0.244672 0.003960 0.017443
0 1 0.629299 0.226092 0.136332 0.000447 0.007830
0 1 0.862438 0.095588 0.031364 0.000115 0.010496
0 2 0.488769 0.282882 0.178839 0.001163 0.048348
2 2 0.012546 0.127469 0.849801 0.003182 0.007001
2 2 0.018646 0.122545 0.844794 0.005709 0.008306
2 2 0.003561 0.078097 0.888109 0.006466 0.023767
2 2 0.008974 0.153697 0.783617 0.001898 0.051814
2 2 0.051004 0.156682 0.749588 0.013825 0.028901
2 2 0.007324 0.081369 0.872528 0.014072 0.024707
2 2 0.004905 0.072105 0.869745 0.007749 0.045497
2 2 0.000938 0.013112 0.799959 0.181690 0.004301
2 2 0.000908 0.008284 0.752598 0.237244 0.000965
2 1 0.355984 0.194128 0.430415 0.007980 0.011493
0 1 0.424630 0.195131 0.357925 0.008046 0.014267
0 0 0.841030 0.101346 0.053500 0.000694 0.003430
0 0 0.867085 0.086603 0.038344 0.000587 0.007381
0 0 0.880953 0.074212 0.038014 0.000518 0.006303
0 0 0.873617 0.070068 0.049738 0.001775 0.004802
0 0 0.942316 0.039444 0.015424 0.000504 0.002312
0 1 0.906514 0.065045 0.025213 0.000245 0.002984
0 1 0.847520 0.104645 0.040257 0.000346 0.007232
0 1 0.854289 0.085349 0.051764 0.001451 0.007148
0 1 0.394266 0.185974 0.387863 0.012728 0.019169
2 1 0.207269 0.177377 0.556358 0.032916 0.026080
2 2 0.288149 0.151318 0.498177 0.049880 0.012475
2 2 0.152175 0.138784 0.675485 0.027831 0.005725
2 2 0.209194 0.147965 0.588046 0.044732 0.010063
2 2 0.160296 0.165303 0.630107 0.023701 0.020593
2 2 0.013984 0.040425 0.791425 0.150041 0.004125
2 2 0.027068 0.062269 0.821357 0.086949 0.002357
2 2 0.027778 0.062431 0.794146 0.112361 0.003283
2 2 0.014310 0.043295 0.860281 0.078143 0.003972
2 2 0.000791 0.011439 0.959889 0.027318 0.000564
2 2 0.000572 0.008563 0.940130 0.050451 0.000284
2 2 0.001581 0.013227 0.880718 0.103639 0.000835
2 2 0.004445 0.019458 0.924994 0.050645 0.000458
2 2 0.020283 0.044176 0.890260 0.043526 0.001755
2 2 0.002520 0.016030 0.934388 0.046697 0.000364
2 2 0.002075 0.013096 0.933851 0.050802 0.000176
2 2 0.000638 0.005393 0.852385 0.141466 0.000118
2 3 0.000742 0.005590 0.718455 0.274881 0.000332
2 3 0.001449 0.005752 0.569496 0.423012 0.000292
2 3 0.007403 0.013805 0.695382 0.282482 0.000927
3 3 0.000502 0.001566 0.166338 0.831217 0.000378
3 3 0.000169 0.000934 0.174020 0.824594 0.000283
3 3 0.000475 0.001660 0.171241 0.826133 0.000491
3 3 0.028083 0.019845 0.325392 0.625243 0.001438
2 2 0.132889 0.095806 0.547207 0.218738 0.005360
0 2 0.577616 0.148511 0.216192 0.032485 0.025196
2 0 0.288593 0.135073 0.455431 0.104043 0.016860
0 0 0.731789 0.147674 0.102417 0.002108 0.016013
0 0 0.868639 0.069943 0.037420 0.004763 0.019235
0 0 0.972986 0.013452 0.006235 0.005752 0.001576
0 0 0.899310 0.060428 0.024990 0.001171 0.014100
0 0 0.783284 0.120548 0.073040 0.003496 0.019633
0 0 0.742752 0.158318 0.075111 0.000515 0.023303
0 0 0.835432 0.103495 0.045714 0.000665 0.014694
0 0 0.921652 0.051329 0.014436 0.000158 0.012425
0 0 0.952985 0.021750 0.004729 0.000207 0.020329
0 0 0.956149 0.029853 0.006363 0.000057 0.007578
0 0 0.939025 0.041514 0.011401 0.000145 0.007915
0 0 0.925259 0.048447 0.020042 0.000883 0.005369
0 0 0.900934 0.059981 0.028699 0.001915 0.008470
0 0 0.958940 0.022368 0.007745 0.001663 0.009284
0 0 0.961610 0.020593 0.005622 0.000569 0.011606
0 1 0.902189 0.053466 0.026526 0.003991 0.013828
0 1 0.774865 0.087114 0.086698 0.031865 0.019457
0 1 0.869297 0.069908 0.033188 0.002872 0.024735
0 1 0.919042 0.040223 0.014358 0.001473 0.024904
0 1 0.952935 0.033110 0.008167 0.000091 0.005697
0 1 0.928105 0.051810 0.013332 0.000061 0.006692
0 1 0.825614 0.112374 0.045729 0.000378 0.015904
0 1 0.726226 0.183863 0.080271 0.000169 0.009471
0 1 0.900148 0.070866 0.020839 0.000087 0.008060
0 1 0.861868 0.087447 0.027073 0.000277 0.023335
0 1 0.774001 0.122419 0.026507 0.000394 0.076678
0 1 0.969955 0.018509 0.002611 0.000014 0.008912
0 1 0.989673 0.006939 0.000892 0.000020 0.002476
0 1 0.947133 0.030221 0.005177 0.000068 0.017401
0 1 0.860980 0.103768 0.018685 0.000020 0.016547
0 1 0.786058 0.145762 0.038659 0.000070 0.029451
0 1 0.650640 0.158212 0.076972 0.001489 0.112688
0 1 0.656834 0.205363 0.086797 0.000929 0.050076
0 1 0.912569 0.058982 0.018939 0.000218 0.009291
0 1 0.939609 0.035037 0.014602 0.002181 0.008571
0 1 0.867294 0.085309 0.032231 0.000409 0.014757
1 1 0.275295 0.394069 0.178319 0.000463 0.151855
2 1 0.036873 0.264450 0.634403 0.001984 0.062291
2 2 0.001291 0.055503 0.930431 0.004220 0.008555
2 2 0.004564 0.041275 0.925358 0.022137 0.006666
2 0 0.057339 0.090459 0.688143 0.155650 0.008409
0 0 0.839965 0.080151 0.061641 0.012458 0.005785
0 0 0.960498 0.025516 0.007938 0.000871 0.005178
0 0 0.923951 0.052373 0.012783 0.000062 0.010832
0 0 0.957832 0.030780 0.006983 0.000052 0.004353
0 0 0.900020 0.058269 0.029525 0.002952 0.009233
0 0 0.856750 0.093010 0.040780 0.000554 0.008905
0 0 0.548773 0.172637 0.252465 0.003271 0.022855
0 0 0.844276 0.091125 0.052616 0.001200 0.010783
0 1 0.733564 0.149326 0.108865 0.000853 0.007391
0 1 0.631987 0.152276 0.198550 0.003173 0.014013
2 1 0.267576 0.239909 0.470606 0.003597 0.018312
2 2 0.041218 0.070128 0.849479 0.036640 0.002535
2 2 0.045184 0.075311 0.818701 0.051892 0.008912
2 2 0.003736 0.037709 0.920669 0.031295 0.006591
2 2 0.007556 0.036489 0.853649 0.099404 0.002902
2 2 0.013080 0.053558 0.911327 0.020865 0.001170
2 2 0.004005 0.026516 0.956819 0.011644 0.001016
2 2 0.000254 0.006556 0.959116 0.033809 0.000265
2 2 0.000708 0.009160 0.911421 0.078269 0.000443
2 2 0.016827 0.045359 0.755891 0.177869 0.004055
2 2 0.001140 0.011856 0.925127 0.061410 0.000467
2 2 0.000312 0.009642 0.951786 0.036423 0.001838
2 2 0.000204 0.007561 0.946116 0.044028 0.002090
2 2 0.000677 0.011233 0.877330 0.108639 0.002122
2 2 0.000763 0.009150 0.790921 0.197636 0.001530
2 2 0.002508 0.020367 0.847911 0.126631 0.002583
2 2 0.015397 0.041407 0.748758 0.190867 0.003572
2 2 0.010185 0.040313 0.863011 0.084465 0.002026
2 2 0.000507 0.006376 0.874227 0.118588 0.000303
2 2 0.001222 0.010222 0.874700 0.113448 0.000408
2 2 0.000691 0.007758 0.844316 0.146694 0.000541
2 2 0.001166 0.011195 0.922645 0.064264 0.000731
2 2 0.001263 0.007365 0.669456 0.321355 0.000561
2 3 0.004195 0.013242 0.507406 0.472056 0.003100
3 3 0.000952 0.005404 0.416478 0.575558 0.001609
3 3 0.000280 0.001640 0.237369 0.760187 0.000524
3 3 0.001492 0.003810 0.268041 0.725546 0.001111
3 3 0.001255 0.004590 0.312880 0.679806 0.001469
3 3 0.000553 0.001370 0.101223 0.896200 0.000653
3 3 0.002119 0.002437 0.068671 0.923098 0.003674
3 3 0.002584 0.002805 0.105813 0.887901 0.000898
3 3 0.003696 0.001711 0.050547 0.943054 0.000992
3 3 0.001070 0.000579 0.017436 0.980527 0.000388
3 3 0.000280 0.000159 0.007250 0.992140 0.000171
3 3 0.002166 0.000737 0.013494 0.982401 0.001202
3 3 0.000715 0.000638 0.032642 0.965675 0.000330
3 3 0.000774 0.000397 0.014298 0.983866 0.000665
3 3 0.001327 0.000527 0.013193 0.984078 0.000875
3 3 0.000861 0.000376 0.009369 0.988958 0.000436
3 3 0.057579 0.017208 0.110668 0.789691 0.024854
3 3 0.038059 0.002457 0.010787 0.946104 0.002594
3 3 0.002049 0.000399 0.005641 0.991539 0.000372
3 3 0.000951 0.000121 0.001906 0.996883 0.000139
3 3 0.003783 0.001204 0.016227 0.976824 0.001962
3 3 0.001803 0.000304 0.004692 0.992731 0.000471
3 3 0.016879 0.001983 0.011250 0.965464 0.004424
3 3 0.001296 0.000323 0.005357 0.992600 0.000425
3 3 0.004744 0.000665 0.005444 0.988228 0.000918
3 3 0.003735 0.000556 0.004308 0.990696 0.000705
3 3 0.001407 0.000206 0.002844 0.995298 0.000244
3 3 0.004158 0.000468 0.003201 0.991577 0.000596
3 3 0.042026 0.005171 0.014302 0.924210 0.014291
3 3 0.011723 0.000775 0.003678 0.982368 0.001455
3 3 0.002862 0.000220 0.001854 0.994773 0.000291
3 3 0.014481 0.000767 0.003176 0.980162 0.001415
3 3 0.252077 0.008297 0.007513 0.713067 0.019045
3 3 0.040226 0.000775 0.001737 0.956428 0.000835
3 3 0.006354 0.000454 0.003018 0.989389 0.000785
3 3 0.008987 0.000392 0.002011 0.987852 0.000758
3 3 0.000905 0.000055 0.000688 0.998290 0.000062
3 3 0.010255 0.000579 0.002927 0.985200 0.001040
3 3 0.018999 0.001701 0.009128 0.965847 0.004324
3 3 0.007584 0.000386 0.002196 0.989122 0.000712
3 3 0.001834 0.000229 0.002796 0.994844 0.000297
3 3 0.009312 0.001028 0.006935 0.980770 0.001956
3 3 0.042761 0.003508 0.013453 0.929708 0.010570
3 3 0.026889 0.001959 0.008565 0.957296 0.005290
3 3 0.003677 0.000692 0.008293 0.986150 0.001188
3 3 0.016725 0.001487 0.008123 0.970581 0.003083
3 3 0.003812 0.000917 0.013145 0.980578 0.001548
3 3 0.015097 0.000568 0.002742 0.980029 0.001564
3 3 0.003996 0.000542 0.005593 0.989125 0.000744
3 3 0.005146 0.001153 0.011583 0.980302 0.001817
3 3 0.010996 0.000352 0.001305 0.986771 0.000576
3 3 0.013980 0.000406 0.001275 0.983686 0.000653
3 3 0.092704 0.007209 0.017912 0.860043 0.022133
3 3 0.026331 0.002799 0.009587 0.955203 0.006080
3 3 0.017508 0.001512 0.007726 0.969818 0.003437
3 3 0.002353 0.000632 0.011102 0.984766 0.001147
3 3 0.011738 0.000843 0.004729 0.980913 0.001778
3 3 0.002506 0.000386 0.004304 0.992371 0.000433
3 3 0.017757 0.001269 0.004811 0.973228 0.002935
3 3 0.009777 0.001198 0.009458 0.976760 0.002806
3 3 0.006086 0.000558 0.003523 0.989154 0.000679
3 3 0.005060 0.000239 0.001484 0.992830 0.000386
3 3 0.003701 0.000186 0.001298 0.994539 0.000275
3 3 0.006617 0.000473 0.003008 0.989110 0.000792
3 3 0.011696 0.000932 0.005013 0.980595 0.001764
3 3 0.006955 0.000237 0.001361 0.990947 0.000500
3 3 0.009868 0.000264 0.001133 0.988202 0.000532
3 3 0.006791 0.000515 0.004655 0.987688 0.000350
3 3 0.003724 0.000379 0.003207 0.992157 0.000534
3 3 0.005819 0.002166 0.024761 0.963686 0.003568
3 3 0.003840 0.001149 0.015416 0.977661 0.001934
3 3 0.002093 0.000486 0.008256 0.988337 0.000828
3 3 0.000923 0.000125 0.002129 0.996671 0.000153
3 3 0.002476 0.000203 0.001923 0.995121 0.000277
3 3 0.005342 0.000376 0.002392 0.991346 0.000544
3 3 0.009854 0.000484 0.002461 0.986267 0.000934
3 3 0.003423 0.000262 0.002160 0.993864 0.000291
3 3 0.060504 0.003810 0.011810 0.918522 0.005354
3 3 0.027980 0.001511 0.006189 0.959932 0.004389
3 3 0.009481 0.001118 0.009073 0.977619 0.002709
3 3 0.022501 0.001771 0.007343 0.964625 0.003760
3 3 0.004190 0.001601 0.021921 0.970981 0.001305
3 3 0.000918 0.000185 0.003466 0.995223 0.000209
3 3 0.007234 0.000499 0.003025 0.988353 0.000888
3 3 0.013007 0.001523 0.010945 0.970600 0.003925
3 3 0.007531 0.000710 0.005782 0.984356 0.001621
3 3 0.004012 0.000262 0.001907 0.993496 0.000323
3 3 0.007639 0.000515 0.003406 0.988131 0.000309
3 3 0.019427 0.002238 0.013459 0.958813 0.006063
3 3 0.003136 0.000388 0.004164 0.991695 0.000618
3 3 0.006976 0.000807 0.005500 0.985479 0.001238
3 3 0.006966 0.000933 0.006691 0.983848 0.001562
3 3 0.002033 0.000135 0.001396 0.996236 0.000199
3 3 0.005080 0.000931 0.009074 0.983389 0.001526
3 3 0.011258 0.001795 0.012654 0.970765 0.003528
3 3 0.011789 0.000395 0.001541 0.985562 0.000713
0 0 0.429733 0.089436 0.273004 0.205693 0.002133
0 0 0.784286 0.095435 0.108436 0.011466 0.000377
2 1 0.025568 0.049090 0.822812 0.072983 0.029547
2 1 0.005951 0.028534 0.917078 0.042513 0.005924
2 1 0.002982 0.018697 0.877394 0.097587 0.003340
2 2 0.000293 0.015044 0.953522 0.028045 0.003096
2 2 0.000200 0.012831 0.871604 0.100080 0.015286
2 2 0.000211 0.012953 0.870288 0.093244 0.023304
2 2 0.000044 0.009234 0.937870 0.038700 0.014152
2 2 0.000359 0.033488 0.868237 0.023313 0.074603
2 2 0.000287 0.042571 0.865918 0.014907 0.076317
2 2 0.004068 0.099393 0.486091 0.009782 0.400666
2 2 0.001820 0.105251 0.637133 0.010443 0.245354
2 2 0.000158 0.028099 0.908815 0.022551 0.040377
2 2 0.000111 0.019367 0.927229 0.029252 0.024041
2 2 0.000669 0.055863 0.830242 0.026539 0.086687
2 2 0.000637 0.047842 0.839944 0.030679 0.080898
2 2 0.002631 0.082187 0.695387 0.029695 0.190101
2 2 0.011277 0.116306 0.503053 0.041803 0.327560
2 2 0.001556 0.113581 0.676142 0.011867 0.196854
2 2 0.000841 0.094589 0.728695 0.009070 0.166805
2 2 0.007801 0.102342 0.528929 0.029299 0.331628
2 2 0.002112 0.084148 0.623212 0.011930 0.278598
2 2 0.000626 0.077330 0.720379 0.005994 0.195671
2 2 0.000120 0.065775 0.822021 0.002443 0.109641
2 2 0.000266 0.088665 0.755121 0.002948 0.153000
2 2 0.000391 0.110229 0.690055 0.002542 0.196783
4 2 0.001775 0.174288 0.402722 0.001789 0.419426
2 2 0.000580 0.083752 0.765626 0.008425 0.141617
2 2 0.000534 0.081878 0.751154 0.006537 0.159896
2 2 0.000189 0.062972 0.829285 0.004629 0.102925
2 2 0.000163 0.062081 0.832128 0.004023 0.101605
2 2 0.000159 0.015063 0.925378 0.043216 0.016184
2 2 0.000217 0.021462 0.899654 0.038091 0.040575
2 2 0.000076 0.024699 0.927083 0.012742 0.035400
2 2 0.000146 0.033185 0.903055 0.014577 0.049037
2 2 0.000074 0.011547 0.917867 0.055731 0.014782
2 2 0.000280 0.020541 0.888873 0.042990 0.047316
2 2 0.000176 0.013070 0.887650 0.076048 0.023056
2 2 0.000349 0.021118 0.885470 0.053483 0.039580
2 2 0.000036 0.007233 0.928510 0.054390 0.009830
2 2 0.003445 0.028405 0.749274 0.162067 0.056810
2 2 0.000066 0.003516 0.899272 0.096149 0.000997
2 2 0.000025 0.002758 0.934985 0.061628 0.000603
2 2 0.000018 0.004588 0.983859 0.010788 0.000746
2 2 0.000027 0.005645 0.984034 0.009215 0.001079
2 2 0.000071 0.007131 0.982230 0.009358 0.001210
2 2 0.000095 0.006832 0.987382 0.005261 0.000431
2 2 0.000091 0.004676 0.944096 0.050414 0.000724
2 2 0.000253 0.007984 0.941992 0.048757 0.001014
2 2 0.000910 0.007627 0.788214 0.201716 0.001533
2 2 0.003330 0.015240 0.739564 0.240288 0.001578
2 2 0.001264 0.014910 0.932733 0.048902 0.002191
2 2 0.000040 0.002586 0.925230 0.071736 0.000407
2 2 0.000048 0.003704 0.918275 0.077082 0.000891
2 2 0.000127 0.004209 0.941254 0.054032 0.000378
2 2 0.000606 0.007211 0.895071 0.096064 0.001048
2 2 0.001830 0.009877 0.658101 0.324303 0.005889
2 2 0.001024 0.013178 0.855772 0.122067 0.007958
2 2 0.002017 0.010159 0.763582 0.220819 0.003424
2 2 0.003544 0.014670 0.654124 0.316405 0.011256
2 2 0.001045 0.022549 0.931958 0.039143 0.005304
1 2 0.321010 0.384429 0.273953 0.000447 0.020161
0 0 0.808342 0.141971 0.045776 0.001160 0.002751
2 0 0.265210 0.310426 0.412556 0.003912 0.007896
2 2 0.085721 0.125970 0.725064 0.028645 0.034599
2 2 0.118036 0.106758 0.662597 0.106692 0.005916
2 2 0.117195 0.118888 0.725572 0.034568 0.003778
2 2 0.002665 0.025335 0.953421 0.018063 0.000515
2 2 0.001281 0.013318 0.956240 0.028820 0.000340
2 2 0.006547 0.017703 0.856581 0.118498 0.000670
2 2 0.007462 0.029535 0.859184 0.102638 0.001181
2 2 0.154858 0.133071 0.633402 0.070671 0.007998
2 2 0.360299 0.156949 0.421844 0.039135 0.021773
2 2 0.105868 0.096107 0.672779 0.113492 0.011753
2 2 0.038635 0.049477 0.752059 0.153527 0.006303
2 2 0.000557 0.005798 0.800675 0.192585 0.000385
2 2 0.000169 0.003003 0.766284 0.230230 0.000314
2 2 0.000376 0.005656 0.851762 0.141752 0.000454
2 2 0.000530 0.005783 0.798128 0.195165 0.000394
2 2 0.004785 0.028016 0.926663 0.039743 0.000794
2 2 0.005836 0.026690 0.882372 0.083677 0.001425
2 2 0.011605 0.048315 0.894088 0.041860 0.004132
2 2 0.013745 0.062041 0.848175 0.068348 0.007690
2 2 0.007227 0.030262 0.895106 0.062907 0.004497
2 2 0.253489 0.112419 0.585445 0.040230 0.008417
0 0 0.838175 0.083976 0.063003 0.009488 0.005358
0 0 0.807987 0.135799 0.037944 0.000260 0.018010
0 2 0.546675 0.162359 0.227103 0.008343 0.055520
2 2 0.261397 0.166279 0.517687 0.013648 0.040989
2 2 0.023898 0.051790 0.892462 0.027791 0.004058
2 2 0.009606 0.033326 0.877266 0.078214 0.001587
2 2 0.065128 0.060564 0.733721 0.138477 0.002110
0 2 0.476077 0.223980 0.291439 0.002315 0.006190
0 0 0.662689 0.161690 0.161854 0.012593 0.001173
0 0 0.387923 0.321248 0.261813 0.017647 0.011369
0 0 0.780781 0.085551 0.097228 0.029338 0.007103
0 0 0.965026 0.023417 0.007747 0.000574 0.003235
0 0 0.971689 0.019306 0.005463 0.000320 0.003222
0 0 0.935991 0.031171 0.012074 0.002866 0.017898
0 0 0.694716 0.129638 0.141798 0.008464 0.025384
0 0 0.715174 0.141673 0.128578 0.003107 0.011469
0 0 0.758925 0.111863 0.111269 0.011999 0.005944
0 0 0.801764 0.090112 0.087816 0.012938 0.007371
0 0 0.955048 0.027412 0.011200 0.001861 0.004478
0 0 0.825204 0.101676 0.062617 0.002840 0.007663
0 0 0.651529 0.228304 0.098163 0.002707 0.019297
0 0 0.730228 0.142995 0.093104 0.007621 0.026051
0 0 0.926575 0.043411 0.018081 0.001718 0.010215
0 0 0.803455 0.093217 0.083533 0.007420 0.012374
0 0 0.811494 0.102958 0.070467 0.003781 0.011300
0 0 0.895656 0.054787 0.027470 0.004726 0.017360
0 0 0.378936 0.368758 0.223378 0.001273 0.027656
1 0 0.340258 0.412311 0.226828 0.000317 0.020285
0 0 0.694886 0.195640 0.103925 0.000357 0.005191
0 0 0.780294 0.145126 0.071331 0.000211 0.003037
0 1 0.776095 0.153194 0.059339 0.000168 0.011204
0 1 0.654241 0.233229 0.094323 0.000277 0.017930
2 1 0.136589 0.294067 0.561595 0.001535 0.006214
1 1 0.347566 0.378269 0.259788 0.000506 0.013870
1 1 0.240963 0.410894 0.312499 0.000469 0.035174
2 1 0.208615 0.373851 0.399574 0.000519 0.017442
0 1 0.718275 0.128223 0.129427 0.015805 0.008270
0 1 0.514077 0.196772 0.251989 0.019987 0.017176
2 1 0.203778 0.199768 0.567309 0.020665 0.008479
2 1 0.146068 0.211283 0.587854 0.033383 0.021413
1 0 0.111353 0.476169 0.398818 0.001201 0.012459
0 0 0.407617 0.325443 0.238796 0.003344 0.024800
0 0 0.741710 0.159844 0.088267 0.001017 0.009162
0 1 0.815622 0.114779 0.059631 0.000972 0.008995
0 1 0.824930 0.100686 0.056526 0.002020 0.015838
0 1 0.611101 0.239802 0.133016 0.000625 0.015457
0 0 0.920591 0.046810 0.022492 0.002725 0.007381
0 0 0.888841 0.055841 0.034240 0.010273 0.010804
0 0 0.856324 0.068082 0.049728 0.016879 0.008987
0 0 0.863145 0.076567 0.047233 0.005011 0.008044
0 0 0.923450 0.055649 0.016688 0.000093 0.004120
0 0 0.907221 0.062778 0.022613 0.000400 0.006987
0 0 0.804046 0.126160 0.046275 0.000586 0.022932
0 0 0.754630 0.156707 0.074622 0.000715 0.013325
0 0 0.537927 0.315179 0.117854 0.000117 0.028923
0 0 0.681333 0.195406 0.111186 0.000485 0.011590
0 0 0.794032 0.143015 0.057975 0.000176 0.004803
1 0 0.232599 0.531801 0.223951 0.000016 0.011633
0 0 0.510360 0.324729 0.147283 0.000179 0.017449
0 0 0.850701 0.102280 0.035605 0.000148 0.011266
0 0 0.792397 0.138614 0.063461 0.000229 0.005298
0 1 0.774476 0.121859 0.092418 0.001356 0.009891
0 1 0.731475 0.139866 0.114654 0.002934 0.011071
0 1 0.743715 0.149793 0.069334 0.001112 0.036046
0 1 0.866724 0.077850 0.032278 0.001306 0.021843
2 1 0.371735 0.227562 0.386253 0.008182 0.006268
0 0 0.559657 0.290185 0.144900 0.000880 0.004378
0 0 0.888244 0.066410 0.024993 0.000726 0.019627
0 0 0.954202 0.031262 0.005677 0.000032 0.008828
0 0 0.780503 0.135855 0.052115 0.000444 0.031084
0 0 0.708345 0.190720 0.078810 0.000333 0.021791
0 0 0.617191 0.228673 0.131594 0.000668 0.021874
1 0 0.327524 0.370211 0.140606 0.000190 0.161469
0 0 0.371442 0.359920 0.129469 0.005169 0.134001
0 0 0.932290 0.048613 0.013949 0.000105 0.005043
0 0 0.876463 0.081558 0.021928 0.000124 0.019927
0 0 0.667725 0.174752 0.127253 0.005434 0.024835
0 0 0.519827 0.231366 0.174969 0.005115 0.068724
0 0 0.370323 0.351510 0.244642 0.003575 0.029950
1 0 0.353574 0.381350 0.252514 0.002658 0.009905
0 0 0.642307 0.172050 0.167400 0.002730 0.015513
0 0 0.707574 0.136634 0.074042 0.006913 0.074836
0 0 0.872441 0.056788 0.026440 0.004955 0.039376
0 0 0.883814 0.056134 0.022432 0.002005 0.035615
0 0 0.808566 0.091067 0.063563 0.003037 0.033766
0 0 0.840688 0.092877 0.060482 0.001288 0.004665
0 0 0.495972 0.152756 0.330651 0.014599 0.006024
0 0 0.740119 0.130296 0.097761 0.004351 0.027473
0 0 0.660336 0.186827 0.072964 0.002777 0.077096
0 0 0.640778 0.204612 0.077542 0.003497 0.073571
0 0 0.976926 0.013738 0.003485 0.000423 0.005428
0 0 0.879890 0.063908 0.026597 0.001727 0.027879
0 0 0.961415 0.025412 0.005310 0.000110 0.007753
0 0 0.908565 0.056400 0.027700 0.001835 0.005500
0 0 0.577403 0.172256 0.226668 0.010087 0.013585
0 0 0.953410 0.028182 0.013954 0.002730 0.001723
0 0 0.890061 0.068968 0.033840 0.001333 0.005796
0 0 0.862427 0.093767 0.038217 0.000254 0.005336
0 0 0.826590 0.129598 0.039711 0.000023 0.004079
0 0 0.876241 0.095984 0.024577 0.000012 0.003186
0 0 0.658013 0.240031 0.091385 0.000042 0.010529
0 0 0.669533 0.225414 0.097364 0.000073 0.007616
0 0 0.733806 0.175549 0.083403 0.000208 0.007034
0 0 0.755625 0.152289 0.080820 0.000688 0.010577
0 0 0.392380 0.285402 0.294620 0.001264 0.026334
0 0 0.460090 0.238535 0.283467 0.002725 0.015184
0 0 0.443578 0.245702 0.290130 0.006253 0.014337
0 0 0.693506 0.156060 0.110577 0.002785 0.037072
0 0 0.773568 0.131314 0.077408 0.002168 0.015543
0 0 0.691545 0.153026 0.115729 0.009292 0.030408
0 1 0.396103 0.293419 0.191502 0.004905 0.114071
1 1 0.327272 0.358716 0.225200 0.001429 0.087383
2 1 0.285665 0.286459 0.348483 0.007284 0.072109
2 1 0.209292 0.262584 0.466533 0.021244 0.040348
2 1 0.057362 0.102912 0.791478 0.033623 0.014625
2 2 0.003445 0.058823 0.928689 0.005101 0.003942
2 2 0.001712 0.020148 0.971669 0.005584 0.000888
2 2 0.000317 0.008969 0.983419 0.007145 0.000149
2 2 0.000117 0.008256 0.989404 0.002127 0.000095
2 2 0.000115 0.004924 0.981094 0.013743 0.000125
2 2 0.000186 0.005620 0.969442 0.024582 0.000170
2 2 0.000114 0.003620 0.948655 0.047473 0.000138
2 2 0.000370 0.007222 0.948976 0.043171 0.000260
2 2 0.000855 0.015474 0.963011 0.020057 0.000603
2 2 0.089577 0.130999 0.756701 0.010041 0.012682
2 2 0.002332 0.036975 0.954042 0.005838 0.000814
2 2 0.006339 0.026104 0.934613 0.031688 0.001256
2 2 0.019783 0.047484 0.915987 0.014342 0.002404
2 2 0.018878 0.094078 0.869468 0.014090 0.003486
2 2 0.002883 0.042023 0.947116 0.006799 0.001179
2 2 0.000275 0.011338 0.980164 0.007859 0.000363
2 2 0.005762 0.049451 0.937005 0.006488 0.001294
2 2 0.020603 0.088728 0.877258 0.010663 0.002748
2 2 0.004776 0.042008 0.944877 0.007286 0.001052
2 2 0.000239 0.010131 0.983755 0.005640 0.000235
2 2 0.006153 0.035586 0.920867 0.036342 0.001052
2 2 0.000225 0.009967 0.981954 0.007367 0.000488
2 2 0.000093 0.007513 0.985235 0.006854 0.000306
2 2 0.000346 0.006006 0.929760 0.063676 0.000212
2 2 0.000084 0.002742 0.959278 0.037840 0.000056
2 2 0.000063 0.002537 0.973604 0.023754 0.000042
2 2 0.001060 0.009703 0.915100 0.073750 0.000387
2 2 0.000557 0.006218 0.940947 0.052089 0.000188
2 2 0.001032 0.010309 0.961202 0.027083 0.000373
2 2 0.000042 0.001737 0.947131 0.051049 0.000041
2 2 0.000824 0.010205 0.908710 0.079716 0.000544
2 2 0.001341 0.013879 0.978085 0.006602 0.000092
2 2 0.000098 0.002968 0.967037 0.029853 0.000044
2 2 0.000054 0.002361 0.961380 0.036140 0.000065
2 2 0.003324 0.018743 0.814923 0.161207 0.001803
2 2 0.007745 0.020428 0.808170 0.162607 0.001050
2 3 0.001471 0.008052 0.801430 0.188778 0.000268
2 3 0.001037 0.008406 0.901038 0.089350 0.000168
2 3 0.000222 0.003432 0.850946 0.145267 0.000132
2 3 0.000157 0.002844 0.874619 0.122291 0.000089
2 3 0.000568 0.003754 0.623628 0.371857 0.000193
2 3 0.001729 0.009269 0.850598 0.137177 0.001228
3 3 0.000133 0.001359 0.399386 0.598922 0.000199
2 3 0.000105 0.001658 0.512896 0.485021 0.000320
2 3 0.001742 0.009603 0.705784 0.282142 0.000729
2 3 0.010117 0.020778 0.594450 0.370166 0.004489
2 3 0.004392 0.012312 0.498178 0.481781 0.003336
3 3 0.001302 0.004715 0.375794 0.617433 0.000757
3 3 0.000096 0.000530 0.127237 0.871972 0.000165
3 3 0.000314 0.000577 0.046200 0.952562 0.000347
3 3 0.003457 0.002987 0.076406 0.915905 0.001246
3 3 0.003124 0.008024 0.417088 0.568909 0.002855
3 3 0.001776 0.003594 0.185799 0.807953 0.000878
3 3 0.000745 0.003895 0.347475 0.646780 0.001105
3 3 0.002904 0.004253 0.147572 0.842211 0.003060
3 3 0.003352 0.003669 0.100299 0.889242 0.003438
3 3 0.000422 0.000843 0.056646 0.941426 0.000663
3 3 0.001917 0.001742 0.049263 0.945518 0.001560
3 3 0.001251 0.001563 0.050791 0.944232 0.002163
3 3 0.013065 0.005196 0.073039 0.906365 0.002335
3 3 0.003182 0.002232 0.054875 0.938812 0.000899
3 3 0.001445 0.002625 0.079216 0.913511 0.003203
3 3 0.000875 0.000803 0.026893 0.970621 0.000808
3 3 0.001728 0.002664 0.106816 0.887664 0.001128
3 3 0.002403 0.001668 0.044221 0.950808 0.000900
3 3 0.030908 0.007123 0.047396 0.909961 0.004613
3 3 0.009810 0.001062 0.006464 0.981627 0.001037
3 3 0.009269 0.002690 0.026312 0.956147 0.005582
3 3 0.004463 0.001097 0.013320 0.980162 0.000959
3 3 0.012559 0.010890 0.147212 0.818099 0.011240
3 3 0.032181 0.007822 0.060610 0.895764 0.003622
3 3 0.003475 0.009180 0.421359 0.562259 0.003727
2 3 0.014474 0.025494 0.499324 0.452423 0.008286
3 2 0.020160 0.028260 0.442208 0.505023 0.004348
2 2 0.133313 0.081019 0.404696 0.371105 0.009867
2 2 0.026239 0.062292 0.777130 0.129819 0.004519
2 2 0.046754 0.049170 0.778776 0.119643 0.005657
2 2 0.003761 0.019026 0.875476 0.101128 0.000610
2 2 0.008129 0.021848 0.797795 0.171005 0.001224
2 2 0.002727 0.012012 0.823502 0.161467 0.000293
2 2 0.000461 0.005093 0.917711 0.076662 0.000073
2 2 0.001432 0.010546 0.921105 0.066556 0.000361
2 2 0.000956 0.007389 0.798386 0.192912 0.000357
2 2 0.000568 0.005110 0.797511 0.196510 0.000301
2 2 0.000249 0.004864 0.952410 0.042354 0.000123
2 2 0.000102 0.004347 0.986598 0.008898 0.000055
2 2 0.002575 0.031241 0.949203 0.015759 0.001221
2 2 0.038343 0.123629 0.788893 0.030683 0.018453
2 2 0.000563 0.039792 0.949456 0.002057 0.008131
2 2 0.000076 0.013737 0.974764 0.008211 0.003212
2 2 0.000076 0.013337 0.958296 0.016505 0.011786
2 2 0.001364 0.047067 0.792129 0.045075 0.114365
2 2 0.000683 0.078693 0.748728 0.008641 0.163256
2 2 0.004212 0.096873 0.602984 0.023419 0.272511
4 4 0.006380 0.181856 0.167054 0.001048 0.643663
2 4 0.005119 0.182901 0.456220 0.009084 0.346677
2 4 0.002818 0.135966 0.605904 0.013667 0.241645
4 4 0.007692 0.151951 0.246033 0.003104 0.591220
4 4 0.010926 0.110405 0.087378 0.000716 0.790575
4 4 0.012289 0.146752 0.131767 0.001545 0.707647
4 4 0.011931 0.166722 0.226512 0.004223 0.590613
4 4 0.044394 0.183681 0.106142 0.001613 0.664170
4 4 0.023215 0.165695 0.108221 0.002350 0.700518
4 4 0.005333 0.248523 0.172319 0.000554 0.573271
4 4 0.022025 0.153083 0.094987 0.001655 0.728251
4 4 0.019080 0.095114 0.039219 0.000361 0.846226
4 4 0.174133 0.040538 0.011979 0.002133 0.771216
4 4 0.162437 0.045814 0.015365 0.002331 0.774053
4 4 0.112811 0.031727 0.007392 0.000548 0.847522
4 4 0.106377 0.133765 0.066236 0.001949 0.691674
4 4 0.123317 0.084901 0.039318 0.006108 0.746355
4 4 0.019766 0.172084 0.300192 0.009418 0.498539
4 4 0.026552 0.122812 0.121246 0.003774 0.725616
4 4 0.236003 0.051364 0.023060 0.008016 0.681556
4 4 0.100355 0.033947 0.009054 0.000475 0.856169
4 4 0.178812 0.005963 0.000510 0.000043 0.814671
4 4 0.269096 0.004498 0.000337 0.000063 0.726006
4 4 0.304175 0.011310 0.001727 0.000511 0.682277
4 4 0.287829 0.017836 0.003599 0.001129 0.689608
4 4 0.436792 0.006051 0.000770 0.000400 0.555987
4 4 0.111766 0.012789 0.001670 0.000082 0.873692
4 4 0.088342 0.032521 0.007001 0.000393 0.871743
4 4 0.038359 0.034906 0.007802 0.000110 0.918823
4 4 0.031261 0.033599 0.006833 0.000077 0.928230
4 4 0.057649 0.069269 0.025430 0.000961 0.846692
4 4 0.056643 0.058166 0.017235 0.000667 0.867289
4 4 0.068157 0.110413 0.061231 0.003986 0.756213
4 4 0.076393 0.064544 0.023374 0.001305 0.834384
4 4 0.059083 0.082374 0.034830 0.001497 0.822215
4 4 0.041178 0.113666 0.131879 0.008827 0.704451
4 4 0.060738 0.081461 0.035369 0.001496 0.820936
4 4 0.023725 0.075522 0.026968 0.000289 0.873496
4 4 0.019755 0.157974 0.105350 0.001725 0.715196
4 4 0.036764 0.169601 0.124591 0.005358 0.663686
4 4 0.044172 0.135855 0.082898 0.003505 0.733570
4 4 0.067629 0.085349 0.038233 0.002029 0.806759
4 4 0.040955 0.091994 0.040018 0.001089 0.825944
4 4 0.090506 0.113624 0.071920 0.006962 0.716988
4 4 0.037011 0.193384 0.160513 0.002904 0.606188
4 4 0.037824 0.155558 0.126585 0.005383 0.674650
4 4 0.037492 0.094077 0.041990 0.000989 0.825452
4 4 0.413701 0.012278 0.002187 0.001508 0.570325
4 4 0.142110 0.014947 0.002400 0.000166 0.840377
4 4 0.084802 0.028102 0.005874 0.000256 0.880966
4 4 0.059526 0.070617 0.034750 0.001552 0.833555
4 4 0.070581 0.075544 0.037182 0.002323 0.814369
4 4 0.070257 0.078013 0.033274 0.001725 0.816731
4 4 0.032090 0.152042 0.178892 0.008795 0.628181
2 4 0.010481 0.150041 0.435943 0.019450 0.384084
4 4 0.014039 0.131817 0.080095 0.000754 0.773294
4 4 0.016238 0.058373 0.016735 0.000091 0.908564
4 4 0.040409 0.061819 0.019403 0.000429 0.877940
4 4 0.017427 0.032681 0.005982 0.000030 0.943879
4 4 0.014499 0.026745 0.004594 0.000014 0.954148
4 4 0.009580 0.089558 0.031585 0.000114 0.869163
4 4 0.006334 0.140023 0.263224 0.002955 0.587463
4 4 0.052522 0.099293 0.050199 0.002220 0.795766
4 4 0.034378 0.077619 0.028533 0.000557 0.858913
4 4 0.023984 0.078980 0.029652 0.000323 0.867062
4 4 0.015464 0.108311 0.045772 0.000376 0.830078
4 4 0.020251 0.156879 0.135257 0.002858 0.684755
4 4 0.009879 0.156341 0.320160 0.007605 0.506015
4 4 0.002984 0.213836 0.309384 0.001590 0.472206
4 4 0.004760 0.225468 0.236406 0.001455 0.531912
4 4 0.010831 0.163201 0.146338 0.001561 0.678068
4 4 0.005086 0.147732 0.367182 0.004975 0.475025
2 4 0.005326 0.195080 0.415153 0.007038 0.377403
2 4 0.003311 0.163309 0.521975 0.008709 0.302696
2 4 0.005390 0.132633 0.600399 0.030486 0.231092
2 2 0.003937 0.107480 0.669006 0.039105 0.180473
4 2 0.006719 0.183050 0.337602 0.005271 0.467358
2 2 0.002030 0.140048 0.596754 0.008487 0.252681
2 2 0.000523 0.097891 0.727351 0.005026 0.169209
4 2 0.002495 0.160612 0.379005 0.002292 0.455596
4 2 0.016461 0.163303 0.139559 0.002335 0.678342
2 2 0.005524 0.155064 0.540402 0.018902 0.280108
2 2 0.001430 0.102842 0.706501 0.014210 0.175017
2 2 0.001577 0.101347 0.708966 0.016539 0.171570
2 2 0.001556 0.110557 0.648272 0.009359 0.230256
2 2 0.001494 0.140199 0.531391 0.003665 0.323251
2 2 0.001364 0.190123 0.428583 0.001562 0.378367
2 2 0.001778 0.052838 0.780863 0.066029 0.098492
2 2 0.006138 0.091704 0.612840 0.043519 0.245799
4 2 0.030261 0.137304 0.088002 0.002191 0.742242
2 2 0.014307 0.188245 0.389187 0.019537 0.388723
2 2 0.004721 0.130366 0.610237 0.027786 0.226890
2 2 0.001919 0.114202 0.671783 0.014866 0.197230
2 2 0.001537 0.147301 0.574970 0.005150 0.271042
2 2 0.001029 0.107213 0.697604 0.008645 0.185509
2 2 0.000309 0.058719 0.837603 0.009762 0.093607
2 2 0.001046 0.056222 0.813380 0.042829 0.086523
2 2 0.000489 0.040728 0.861312 0.036993 0.060478
2 2 0.000256 0.023194 0.892630 0.033350 0.050569
2 2 0.000163 0.016615 0.907559 0.044123 0.031540
2 2 0.000290 0.017596 0.921250 0.035173 0.025691
2 2 0.000030 0.010234 0.953557 0.018416 0.017762
2 2 0.000059 0.018335 0.938676 0.017681 0.025249
2 2 0.000032 0.010454 0.949430 0.026658 0.013426
2 2 0.000004 0.003378 0.969163 0.023703 0.003752
2 2 0.000009 0.004252 0.963568 0.028400 0.003771
2 2 0.000231 0.022454 0.897024 0.040791 0.039500
2 2 0.000239 0.014326 0.955603 0.024330 0.005502
2 2 0.000022 0.005385 0.964535 0.027198 0.002860
2 2 0.000155 0.012932 0.900953 0.059504 0.026457
2 2 0.000097 0.007348 0.933161 0.056392 0.003002
2 2 0.000022 0.002965 0.900413 0.093763 0.002838
2 2 0.000019 0.005167 0.968345 0.023896 0.002573
2 2 0.000568 0.012367 0.950189 0.033242 0.003635
2 2 0.093712 0.332547 0.516986 0.008985 0.047771
2 2 0.010142 0.204858 0.761450 0.003543 0.020008
2 2 0.001546 0.037107 0.937072 0.018373 0.005901
2 2 0.010787 0.026241 0.834836 0.116605 0.011531
2 2 0.001351 0.010320 0.906752 0.080844 0.000733
2 2 0.000246 0.006423 0.975812 0.017400 0.000118
2 2 0.000263 0.010394 0.980231 0.008621 0.000491
2 2 0.002069 0.020335 0.946739 0.029713 0.001144
2 2 0.002000 0.015775 0.936444 0.045075 0.000707
2 2 0.003354 0.018900 0.921873 0.055311 0.000561
2 2 0.000720 0.009742 0.943615 0.045498 0.000425
2 2 0.001643 0.024688 0.958458 0.012947 0.002263
2 2 0.000977 0.016799 0.935760 0.044897 0.001565
2 2 0.003523 0.027916 0.880659 0.079921 0.007980
2 2 0.000940 0.014341 0.930777 0.052805 0.001137
2 2 0.010751 0.037809 0.805212 0.139381 0.006847
2 2 0.000445 0.007119 0.889674 0.102281 0.000481
2 2 0.000694 0.007186 0.746446 0.244644 0.001030
2 2 0.003130 0.015177 0.749189 0.229731 0.002772
2 3 0.000693 0.007311 0.721235 0.268891 0.001870
3 3 0.000777 0.004214 0.339847 0.653195 0.001968
3 3 0.000269 0.001846 0.221079 0.775181 0.001626
3 3 0.010327 0.012654 0.227592 0.727886 0.021541
2 3 0.015313 0.022534 0.558448 0.392126 0.011579
3 3 0.009350 0.014367 0.320878 0.643150 0.012255
3 3 0.012123 0.014439 0.291353 0.674065 0.008019
3 3 0.004786 0.006225 0.153883 0.827351 0.007755
3 3 0.003805 0.005790 0.160845 0.825986 0.003575
3 3 0.003022 0.002761 0.066337 0.923319 0.004560
