0 0 0.978891 0.015340 0.005523 0.000006 0.000240
0 0 0.934024 0.027011 0.012326 0.000032 0.026608
0 0 0.904956 0.033915 0.030877 0.000267 0.029986
0 0 0.962368 0.010640 0.005151 0.000022 0.021819
0 0 0.952088 0.013979 0.008487 0.000069 0.025377
0 0 0.945395 0.021639 0.007353 0.000017 0.025595
0 0 0.935733 0.029519 0.011862 0.000044 0.022843
0 0 0.955070 0.017575 0.008857 0.000044 0.018454
0 0 0.924682 0.031575 0.023995 0.000392 0.019357
0 0 0.946949 0.027104 0.009558 0.000024 0.016365
0 0 0.866711 0.052273 0.062014 0.000103 0.018899
0 0 0.890226 0.052795 0.046724 0.000199 0.010056
0 0 0.946516 0.031327 0.010722 0.000020 0.011414
0 0 0.968493 0.018972 0.006865 0.000014 0.005657
0 0 0.953069 0.030747 0.008458 0.000003 0.007723
0 0 0.914022 0.054752 0.026220 0.000006 0.004999
0 0 0.958542 0.026508 0.007332 0.000009 0.007609
0 0 0.956461 0.028308 0.007169 0.000007 0.008055
0 0 0.969674 0.013397 0.007454 0.000041 0.009435
0 0 0.929905 0.033709 0.022453 0.000217 0.013716
0 0 0.905812 0.032416 0.025551 0.000172 0.036049
0 0 0.903273 0.030694 0.030008 0.000985 0.035041
0 0 0.919869 0.044551 0.019976 0.000099 0.015506
0 0 0.956273 0.020819 0.009143 0.000034 0.013730
0 0 0.950484 0.021679 0.009425 0.000029 0.018382
0 0 0.939250 0.039232 0.011467 0.000019 0.010032
0 0 0.907635 0.055818 0.017524 0.000019 0.019003
0 0 0.922617 0.044555 0.017630 0.000065 0.015134
0 0 0.941658 0.035858 0.012452 0.000029 0.010003
0 0 0.950656 0.029859 0.012300 0.000039 0.007146
0 0 0.951730 0.024541 0.012787 0.000072 0.010870
0 0 0.951467 0.021802 0.009403 0.000036 0.017292
0 0 0.951241 0.032453 0.009914 0.000016 0.006376
0 0 0.942158 0.032943 0.017393 0.000102 0.007404
0 0 0.932396 0.037839 0.019760 0.000124 0.009882
0 0 0.948484 0.032077 0.011647 0.000028 0.007763
0 0 0.852021 0.071092 0.061863 0.000232 0.014793
0 0 0.795423 0.101121 0.086125 0.000141 0.017191
0 0 0.930253 0.046403 0.019044 0.000062 0.004238
0 0 0.887782 0.054616 0.048538 0.000288 0.008777
0 0 0.980438 0.013629 0.003037 0.000002 0.002894
0 0 0.948173 0.040335 0.009297 0.000002 0.002193
0 0 0.791815 0.092781 0.106410 0.000087 0.008907
0 0 0.873161 0.064139 0.033051 0.000041 0.029607
0 0 0.820521 0.075847 0.024941 0.000025 0.078667
0 0 0.924017 0.036143 0.012533 0.000036 0.027272
0 0 0.940786 0.014444 0.008450 0.000068 0.036252
0 0 0.978409 0.004990 0.006608 0.000219 0.009774
0 0 0.979172 0.006169 0.010548 0.000563 0.003548
0 0 0.979607 0.008239 0.005952 0.000050 0.006152
0 0 0.956262 0.008927 0.001170 0.000000 0.033641
0 0 0.821198 0.048175 0.008514 0.000001 0.122111
0 1 0.467046 0.243929 0.020298 0.000007 0.268721
0 1 0.781227 0.122878 0.013197 0.000002 0.082695
0 1 0.627831 0.269716 0.052780 0.000003 0.049671
0 1 0.738522 0.203517 0.020427 0.000006 0.037529
1 1 0.330944 0.474470 0.124853 0.000058 0.069675
2 2 0.011212 0.427535 0.493521 0.000062 0.067669
2 2 0.024582 0.308526 0.486424 0.000284 0.180183
1 2 0.069721 0.394329 0.381110 0.000036 0.154804
2 2 0.001019 0.168703 0.780795 0.000852 0.048632
2 2 0.000549 0.092445 0.888943 0.000290 0.017774
2 2 0.000283 0.049539 0.941253 0.000628 0.008297
2 2 0.000198 0.057385 0.908530 0.002570 0.031317
2 2 0.000675 0.036851 0.922799 0.019524 0.020150
2 2 0.000235 0.090295 0.830428 0.001602 0.077440
2 2 0.000222 0.023633 0.956337 0.006698 0.013111
2 2 0.002737 0.100346 0.788610 0.018124 0.090183
2 2 0.000646 0.047244 0.908644 0.013357 0.030109
2 2 0.002457 0.033822 0.811185 0.136446 0.016090
2 2 0.004771 0.068751 0.783607 0.098540 0.044331
2 2 0.015510 0.074440 0.872112 0.013075 0.024864
2 2 0.002842 0.082978 0.877221 0.012535 0.024425
2 2 0.010702 0.114862 0.768399 0.064946 0.041090
2 2 0.000865 0.008472 0.557399 0.431140 0.002123
3 2 0.003002 0.012235 0.381088 0.599640 0.004034
2 2 0.011993 0.043061 0.569970 0.349168 0.025808
2 2 0.003450 0.016665 0.543233 0.430434 0.006218
3 2 0.002590 0.006455 0.219997 0.769061 0.001897
2 2 0.000841 0.005248 0.550343 0.442311 0.001256
3 2 0.000324 0.001045 0.156574 0.841897 0.000160
3 3 0.001558 0.002238 0.101222 0.894442 0.000540
3 3 0.003772 0.001958 0.032743 0.960913 0.000613
3 3 0.008030 0.003682 0.040166 0.946716 0.001405
3 3 0.001778 0.000720 0.014955 0.982366 0.000181
3 3 0.004063 0.001686 0.023899 0.969811 0.000541
3 3 0.003577 0.001731 0.023901 0.970253 0.000538
3 3 0.000163 0.000190 0.022921 0.976703 0.000023
3 3 0.000139 0.000091 0.008539 0.991220 0.000011
3 3 0.003480 0.003566 0.063554 0.928292 0.001107
3 3 0.000218 0.000129 0.009167 0.990468 0.000017
3 3 0.000244 0.000065 0.002712 0.996969 0.000009
3 3 0.000115 0.000111 0.014246 0.985515 0.000012
3 3 0.000138 0.000144 0.017695 0.982006 0.000017
3 3 0.000932 0.000727 0.030134 0.968058 0.000150
3 3 0.003522 0.001429 0.021408 0.973202 0.000439
3 3 0.001342 0.000467 0.010156 0.987926 0.000108
3 3 0.000775 0.000581 0.025717 0.972813 0.000113
3 3 0.000566 0.000247 0.006387 0.992755 0.000045
3 3 0.000667 0.000208 0.005911 0.993174 0.000039
3 3 0.000692 0.000235 0.006871 0.992158 0.000045
3 3 0.000306 0.000085 0.003229 0.996367 0.000013
3 3 0.000478 0.000142 0.004564 0.994792 0.000024
3 3 0.000391 0.000112 0.003908 0.995570 0.000018
3 3 0.000189 0.000051 0.002445 0.997308 0.000007
3 3 0.000446 0.000131 0.004324 0.995077 0.000022
3 3 0.000201 0.000052 0.002332 0.997407 0.000007
3 3 0.000332 0.000093 0.003437 0.996124 0.000014
3 3 0.001519 0.000540 0.011179 0.986633 0.000130
3 3 0.002443 0.000935 0.016138 0.980226 0.000258
3 3 0.000934 0.000529 0.018216 0.980211 0.000110
3 3 0.046722 0.010347 0.145714 0.789676 0.007541
2 2 0.050370 0.055831 0.529143 0.265761 0.098896
2 2 0.045729 0.080082 0.592000 0.267787 0.014402
3 2 0.002308 0.002744 0.046114 0.948071 0.000764
3 2 0.000861 0.000813 0.024994 0.973164 0.000167
3 3 0.000671 0.000466 0.021119 0.977657 0.000087
3 3 0.001329 0.000643 0.017026 0.980855 0.000148
3 3 0.001011 0.000337 0.008156 0.990424 0.000072
3 3 0.003067 0.001217 0.019239 0.976118 0.000359
3 3 0.000474 0.000140 0.004531 0.994832 0.000024
3 3 0.000385 0.000110 0.003861 0.995626 0.000018
3 3 0.000141 0.000035 0.001842 0.997978 0.000004
3 3 0.000108 0.000037 0.002661 0.997189 0.000004
3 3 0.000122 0.000048 0.003496 0.996329 0.000005
3 3 0.000271 0.000073 0.002937 0.996709 0.000011
3 3 0.000067 0.000015 0.000995 0.998921 0.000001
3 3 0.000427 0.000124 0.004182 0.995246 0.000021
3 3 0.000331 0.000207 0.013457 0.985981 0.000026
3 3 0.002824 0.001200 0.018907 0.976721 0.000347
3 3 0.000726 0.000283 0.008780 0.990157 0.000055
3 3 0.000712 0.000225 0.006216 0.992804 0.000043
3 3 0.000116 0.000027 0.001518 0.998336 0.000003
3 3 0.000136 0.000033 0.001723 0.998104 0.000004
3 3 0.000979 0.000325 0.007956 0.990671 0.000069
3 3 0.000076 0.000017 0.001094 0.998811 0.000002
3 3 0.000122 0.000029 0.001586 0.998258 0.000003
3 3 0.000151 0.000037 0.001864 0.997943 0.000005
3 3 0.000151 0.000037 0.001869 0.997938 0.000005
3 3 0.001557 0.000555 0.011396 0.986357 0.000135
3 3 0.001811 0.001691 0.035931 0.960134 0.000433
3 3 0.000544 0.000463 0.026117 0.972795 0.000081
3 3 0.000339 0.000120 0.005091 0.994431 0.000019
3 3 0.000222 0.000058 0.002516 0.997195 0.000008
3 3 0.000088 0.000020 0.001229 0.998661 0.000002
3 3 0.000231 0.000074 0.003557 0.996127 0.000010
3 3 0.000537 0.000162 0.004995 0.994278 0.000029
3 3 0.000376 0.000118 0.004402 0.995086 0.000019
3 3 0.000448 0.000132 0.004342 0.995056 0.000022
3 3 0.001461 0.000516 0.010847 0.987053 0.000123
3 3 0.000076 0.000017 0.001091 0.998815 0.000002
3 3 0.000124 0.000030 0.001606 0.998236 0.000003
3 3 0.000202 0.000052 0.002343 0.997395 0.000007
3 3 0.000607 0.000187 0.005494 0.993677 0.000034
3 3 0.000480 0.000142 0.004581 0.994771 0.000025
3 3 0.000259 0.000070 0.002834 0.996828 0.000010
3 3 0.000241 0.000064 0.002680 0.997006 0.000009
3 3 0.000618 0.000190 0.005567 0.993590 0.000035
3 3 0.000425 0.000297 0.016803 0.982427 0.000049
3 3 0.000403 0.000427 0.031635 0.967467 0.000068
3 3 0.000718 0.000258 0.006723 0.992248 0.000052
3 3 0.000296 0.000082 0.003151 0.996459 0.000012
3 3 0.000139 0.000034 0.001746 0.998077 0.000004
3 3 0.000121 0.000029 0.001576 0.998271 0.000003
3 3 0.000187 0.000056 0.002403 0.997347 0.000007
3 3 0.000327 0.000091 0.003400 0.996167 0.000014
3 3 0.000429 0.000125 0.004194 0.995231 0.000021
3 3 0.000301 0.000083 0.003186 0.996418 0.000012
3 3 0.000190 0.000049 0.002228 0.997527 0.000006
3 3 0.000731 0.000232 0.006346 0.992646 0.000045
3 3 0.001139 0.000395 0.009266 0.989112 0.000087
3 3 0.000083 0.000019 0.001170 0.998727 0.000002
3 3 0.000222 0.000058 0.002518 0.997193 0.000008
3 3 0.000314 0.000087 0.003298 0.996288 0.000013
3 3 0.000200 0.000052 0.002322 0.997420 0.000007
3 3 0.000325 0.000091 0.003387 0.996183 0.000014
3 3 0.000181 0.000046 0.002149 0.997618 0.000006
3 3 0.000334 0.000094 0.003457 0.996100 0.000015
3 3 0.001179 0.000557 0.011052 0.987086 0.000126
3 3 0.000394 0.000113 0.003926 0.995548 0.000018
3 3 0.000218 0.000057 0.002482 0.997235 0.000008
3 3 0.000109 0.000026 0.001448 0.998415 0.000003
3 3 0.000453 0.000133 0.004377 0.995015 0.000023
3 3 0.000290 0.000079 0.003095 0.996523 0.000012
3 3 0.000044 0.000009 0.000718 0.999228 0.000001
3 3 0.000066 0.000014 0.000984 0.998934 0.000001
3 3 0.000260 0.000070 0.002843 0.996818 0.000010
3 3 0.000316 0.000088 0.003313 0.996269 0.000013
3 3 0.000894 0.000292 0.007413 0.991341 0.000060
3 3 0.003046 0.001208 0.019139 0.976251 0.000356
3 3 0.000292 0.000080 0.003116 0.996500 0.000012
3 3 0.000509 0.000152 0.004794 0.994518 0.000027
3 3 0.000223 0.000059 0.002523 0.997188 0.000008
3 3 0.002153 0.000516 0.011166 0.985989 0.000176
3 3 0.000807 0.000314 0.007639 0.991177 0.000063
3 3 0.000981 0.000325 0.007969 0.990656 0.000069
3 3 0.000663 0.000207 0.005899 0.993192 0.000039
3 3 0.001165 0.000397 0.009099 0.989251 0.000088
3 3 0.000131 0.000032 0.001672 0.998162 0.000004
3 3 0.000262 0.000071 0.002861 0.996797 0.000010
3 3 0.000269 0.000101 0.003524 0.996091 0.000015
3 3 0.000585 0.000223 0.007595 0.991556 0.000041
3 3 0.003072 0.005411 0.190358 0.799522 0.001637
2 2 0.002923 0.019731 0.568968 0.401121 0.007257
2 2 0.001357 0.010190 0.599730 0.385751 0.002972
2 2 0.003380 0.036806 0.752888 0.189344 0.017582
2 2 0.002036 0.126707 0.746961 0.029962 0.094334
2 2 0.001631 0.103784 0.789882 0.030351 0.074351
2 2 0.001265 0.178845 0.640943 0.008410 0.170537
2 2 0.001834 0.116164 0.760906 0.016860 0.104236
2 2 0.003819 0.034648 0.582930 0.364085 0.014517
2 2 0.007722 0.101246 0.663301 0.160531 0.067200
2 2 0.003070 0.179627 0.634220 0.030732 0.152352
2 2 0.000702 0.128735 0.756634 0.007200 0.106729
2 2 0.001147 0.074289 0.854027 0.018698 0.051839
2 2 0.002599 0.118907 0.737613 0.064137 0.076745
2 2 0.004772 0.242727 0.487666 0.035877 0.228959
4 2 0.003157 0.279866 0.127116 0.002401 0.587459
2 2 0.002704 0.233128 0.421784 0.006420 0.335963
4 2 0.001356 0.179849 0.340407 0.000989 0.477399
2 2 0.000588 0.038560 0.900856 0.042560 0.017436
2 2 0.000374 0.053859 0.903183 0.010030 0.032554
2 2 0.000254 0.111315 0.797193 0.003086 0.088152
2 2 0.000965 0.129533 0.660572 0.002087 0.206844
2 2 0.000611 0.223799 0.527831 0.002745 0.245014
4 2 0.005239 0.302750 0.318313 0.020335 0.353363
2 2 0.002183 0.239227 0.502736 0.012644 0.243210
2 2 0.001264 0.066733 0.850432 0.043700 0.037872
2 2 0.000680 0.033544 0.858428 0.094689 0.012659
2 2 0.001977 0.056133 0.836712 0.074533 0.030646
3 2 0.001592 0.016119 0.479134 0.498372 0.004783
2 2 0.000665 0.021316 0.820888 0.150248 0.006882
2 2 0.001195 0.090399 0.824889 0.015460 0.068058
2 2 0.000310 0.083351 0.853165 0.005808 0.057366
2 2 0.000155 0.033448 0.942582 0.005575 0.018240
2 2 0.000058 0.004709 0.964472 0.029638 0.001124
2 2 0.000113 0.002557 0.860457 0.136406 0.000467
2 2 0.000071 0.002086 0.893998 0.103485 0.000359
2 2 0.000033 0.003274 0.980900 0.015004 0.000789
2 2 0.000446 0.027248 0.941435 0.015858 0.015013
2 2 0.000242 0.028676 0.944097 0.013184 0.013801
2 2 0.000007 0.006744 0.989921 0.000991 0.002337
2 2 0.000072 0.008694 0.975410 0.012977 0.002847
2 2 0.000052 0.024778 0.960165 0.002196 0.012809
2 2 0.000587 0.028200 0.932743 0.022258 0.016212
2 2 0.000397 0.017936 0.952434 0.019525 0.009708
2 2 0.000240 0.009263 0.942279 0.045246 0.002972
2 2 0.000274 0.013782 0.933342 0.047971 0.004631
2 2 0.000026 0.004220 0.989576 0.004868 0.001311
2 2 0.000137 0.011469 0.975971 0.006621 0.005802
2 2 0.000222 0.002723 0.720203 0.276330 0.000521
2 2 0.000191 0.007498 0.896329 0.094133 0.001850
2 2 0.000564 0.018934 0.898549 0.075002 0.006951
2 2 0.000284 0.004966 0.870212 0.123310 0.001228
2 2 0.000909 0.009037 0.766534 0.220821 0.002699
2 2 0.000311 0.004525 0.817391 0.176735 0.001039
2 2 0.000650 0.013639 0.912049 0.067345 0.006317
2 2 0.010652 0.066078 0.714166 0.143903 0.065201
2 2 0.004352 0.029918 0.653259 0.299050 0.013421
2 2 0.005364 0.018213 0.706018 0.259702 0.010703
2 2 0.000625 0.016946 0.858287 0.118512 0.005630
2 2 0.000572 0.020817 0.923281 0.046417 0.008912
2 2 0.001182 0.019603 0.919797 0.047434 0.011984
2 2 0.000738 0.006167 0.683806 0.307480 0.001808
3 2 0.000518 0.001322 0.139375 0.858554 0.000231
3 2 0.000321 0.001674 0.306461 0.691276 0.000267
3 2 0.001192 0.003509 0.253662 0.740824 0.000814
2 2 0.000366 0.004430 0.759511 0.234708 0.000986
2 2 0.002011 0.011115 0.689889 0.293833 0.003152
2 1 0.010068 0.055169 0.928460 0.003648 0.002655
2 2 0.000051 0.001596 0.881009 0.117104 0.000240
3 2 0.001477 0.003932 0.438861 0.554329 0.001401
2 2 0.002742 0.013869 0.703899 0.273681 0.005809
2 2 0.000425 0.016612 0.946064 0.028710 0.008189
2 2 0.001979 0.079671 0.826509 0.016862 0.074978
2 2 0.004646 0.089004 0.780074 0.028962 0.097314
3 2 0.052581 0.055776 0.391779 0.442517 0.057346
2 2 0.007445 0.024901 0.496799 0.459397 0.011458
2 2 0.000868 0.005285 0.542556 0.450019 0.001271
2 2 0.000342 0.007109 0.928356 0.061937 0.002257
2 2 0.000291 0.003920 0.733636 0.261359 0.000795
2 2 0.000177 0.004153 0.875425 0.119339 0.000908
3 2 0.000181 0.001671 0.490150 0.507755 0.000243
3 2 0.000493 0.002039 0.444048 0.553331 0.000088
3 2 0.000563 0.003069 0.480773 0.515227 0.000368
3 2 0.001323 0.004039 0.279260 0.714404 0.000975
2 2 0.002907 0.011720 0.691259 0.292637 0.001478
2 1 0.015159 0.050167 0.855244 0.030205 0.049225
2 2 0.003098 0.047316 0.925594 0.007346 0.016646
2 2 0.031129 0.069456 0.664839 0.133007 0.101569
2 2 0.002121 0.053508 0.839906 0.074867 0.029597
2 2 0.003937 0.024412 0.812311 0.143292 0.016048
2 2 0.000135 0.001373 0.561009 0.437277 0.000207
3 2 0.000056 0.000579 0.352421 0.646888 0.000056
3 2 0.000451 0.002047 0.295876 0.701266 0.000360
2 2 0.001696 0.026386 0.770887 0.190713 0.010318
2 2 0.000251 0.004102 0.835821 0.158915 0.000911
3 2 0.001249 0.005147 0.400592 0.591730 0.001282
2 3 0.001577 0.010961 0.750428 0.234113 0.002921
2 3 0.000587 0.005631 0.720196 0.272201 0.001385
3 3 0.002530 0.012801 0.408701 0.571878 0.004090
3 3 0.001849 0.002170 0.081002 0.914429 0.000550
3 3 0.000493 0.002126 0.336952 0.660184 0.000245
2 1 0.013317 0.018692 0.505549 0.460112 0.002329
2 2 0.002209 0.010982 0.777493 0.208181 0.001135
2 2 0.003786 0.022883 0.638604 0.325198 0.009529
2 2 0.005999 0.021703 0.544802 0.417943 0.009554
2 2 0.002605 0.012665 0.613285 0.366970 0.004474
3 2 0.003056 0.010368 0.448216 0.534893 0.003467
3 2 0.004043 0.012747 0.427611 0.550984 0.004616
3 2 0.078500 0.022836 0.373566 0.477397 0.047701
3 2 0.022760 0.004024 0.077009 0.892002 0.004205
3 2 0.005235 0.003837 0.139421 0.849677 0.001831
2 2 0.001738 0.006176 0.538512 0.453006 0.000569
3 2 0.003112 0.005178 0.238359 0.752643 0.000708
2 2 0.024759 0.033439 0.913763 0.024477 0.003562
3 1 0.024814 0.016947 0.429651 0.524675 0.003913
3 2 0.014452 0.016054 0.291079 0.674798 0.003617
3 2 0.000612 0.001506 0.143374 0.854231 0.000277
2 2 0.000619 0.003633 0.515356 0.479858 0.000534
2 2 0.002612 0.017352 0.939619 0.039319 0.001098
2 2 0.000677 0.008537 0.912618 0.076727 0.001440
2 2 0.000355 0.007354 0.894392 0.095790 0.002110
2 2 0.002548 0.017531 0.921070 0.057105 0.001746
2 1 0.002797 0.012094 0.799756 0.184243 0.001109
2 2 0.003062 0.012802 0.868109 0.115502 0.000526
2 2 0.004285 0.013162 0.607187 0.373562 0.001803
3 2 0.001597 0.003679 0.260150 0.734084 0.000490
3 2 0.011944 0.009032 0.217540 0.760870 0.000615
3 2 0.004693 0.008223 0.367719 0.618290 0.001076
2 1 0.199408 0.073826 0.703848 0.013053 0.009865
2 2 0.035226 0.107750 0.846488 0.004031 0.006505
2 1 0.071545 0.181782 0.659189 0.002340 0.085145
2 1 0.029408 0.139930 0.798193 0.001856 0.030612
2 1 0.099234 0.140918 0.731813 0.002262 0.025774
2 2 0.164999 0.167753 0.650940 0.002797 0.013511
2 2 0.037532 0.098563 0.846016 0.002789 0.015101
2 2 0.042831 0.171316 0.732307 0.002533 0.051014
2 1 0.005690 0.046549 0.942159 0.001255 0.004347
2 2 0.006155 0.061230 0.926293 0.000040 0.006282
2 2 0.078882 0.103976 0.778294 0.006698 0.032150
2 1 0.139502 0.230866 0.566537 0.017035 0.046060
2 2 0.043299 0.286636 0.645579 0.000658 0.023828
2 1 0.032820 0.459015 0.481238 0.000371 0.026556
1 1 0.033401 0.598489 0.357771 0.000011 0.010328
1 1 0.047134 0.465916 0.465043 0.000102 0.021806
1 1 0.083646 0.654330 0.231266 0.000018 0.030740
1 2 0.031194 0.620247 0.331243 0.000021 0.017295
2 2 0.009974 0.301644 0.665550 0.000374 0.022458
2 2 0.006525 0.054033 0.925508 0.010240 0.003694
2 2 0.010042 0.280296 0.692415 0.000112 0.017136
2 2 0.004935 0.072748 0.918328 0.001309 0.002680
2 2 0.007872 0.101231 0.888278 0.000279 0.002341
2 2 0.003894 0.030142 0.961181 0.003936 0.000848
2 2 0.005301 0.093312 0.895257 0.002385 0.003745
2 2 0.029297 0.416839 0.535039 0.000158 0.018668
2 2 0.019632 0.453306 0.522843 0.000004 0.004214
2 2 0.018892 0.316524 0.657891 0.000036 0.006657
2 2 0.015458 0.200943 0.773923 0.001523 0.008153
2 2 0.047768 0.163970 0.783549 0.002227 0.002486
1 2 0.015535 0.726516 0.243440 0.000004 0.014505
2 2 0.004687 0.249535 0.743554 0.000005 0.002219
2 2 0.002657 0.165956 0.829201 0.000010 0.002175
2 2 0.001599 0.028734 0.968772 0.000313 0.000582
2 2 0.007121 0.048893 0.942438 0.000889 0.000659
2 2 0.014125 0.066017 0.915896 0.003040 0.000922
2 2 0.095258 0.164891 0.732298 0.003539 0.004015
2 2 0.010709 0.144301 0.841206 0.000059 0.003725
2 2 0.063328 0.326449 0.606613 0.000055 0.003555
0 1 0.417738 0.227793 0.333665 0.000178 0.020626
2 1 0.017363 0.252222 0.717563 0.000315 0.012537
2 2 0.019296 0.345554 0.574416 0.000412 0.060321
0 2 0.339647 0.224890 0.320288 0.001159 0.114015
1 0 0.155313 0.495788 0.245611 0.000012 0.103277
1 1 0.149095 0.609205 0.213370 0.000024 0.028306
1 2 0.021563 0.512538 0.452121 0.000023 0.013754
2 2 0.005839 0.136661 0.839256 0.001796 0.016449
1 2 0.053946 0.499377 0.424904 0.000078 0.021695
1 2 0.030830 0.634840 0.286602 0.000103 0.047626
1 2 0.106938 0.461596 0.344928 0.000246 0.086291
1 1 0.065124 0.693448 0.229172 0.000011 0.012245
2 2 0.002246 0.154031 0.832696 0.000088 0.010939
2 2 0.008218 0.090479 0.878634 0.010588 0.012081
2 2 0.048582 0.153075 0.791377 0.000535 0.006431
2 0 0.298125 0.176221 0.491342 0.000794 0.033519
0 0 0.554916 0.317689 0.042972 0.000018 0.084405
1 1 0.235684 0.628498 0.108064 0.000010 0.027744
1 2 0.087684 0.449883 0.411387 0.000367 0.050679
2 2 0.029953 0.090444 0.871503 0.000299 0.007801
2 0 0.391649 0.166659 0.419472 0.000174 0.022046
1 1 0.064692 0.544186 0.372338 0.000008 0.018776
2 2 0.017168 0.375397 0.543845 0.000142 0.063447
1 2 0.054032 0.476016 0.364680 0.000110 0.105162
2 1 0.040695 0.351904 0.597647 0.000266 0.009487
2 2 0.011745 0.187431 0.795963 0.000215 0.004645
2 2 0.000508 0.011062 0.987609 0.000678 0.000143
2 2 0.000110 0.005960 0.990890 0.002829 0.000210
2 2 0.001393 0.013874 0.956927 0.026742 0.001064
2 2 0.000725 0.006797 0.879628 0.112524 0.000325
2 2 0.000066 0.006220 0.982203 0.010306 0.001204
2 2 0.005378 0.063408 0.806045 0.068554 0.056616
2 2 0.004108 0.158251 0.554295 0.010704 0.272642
4 2 0.017467 0.129687 0.157266 0.003405 0.692174
2 4 0.001826 0.151117 0.564524 0.002979 0.279553
2 4 0.000672 0.124399 0.666697 0.001462 0.206770
4 4 0.010575 0.191962 0.217089 0.004669 0.575705
4 4 0.028047 0.150890 0.128768 0.005125 0.687170
4 4 0.012939 0.079077 0.023607 0.000412 0.883965
4 4 0.001402 0.101417 0.151166 0.000163 0.745853
2 4 0.000628 0.128127 0.467035 0.000413 0.403798
4 4 0.029307 0.115949 0.074010 0.002738 0.777995
4 4 0.010762 0.100947 0.057992 0.000706 0.829592
4 4 0.005189 0.267087 0.340281 0.009240 0.378203
4 4 0.011101 0.183082 0.337543 0.007297 0.460977
4 4 0.015624 0.176354 0.387208 0.013094 0.407720
4 4 0.008123 0.211208 0.264949 0.005473 0.510247
4 4 0.000741 0.203293 0.369059 0.000855 0.426051
4 4 0.000912 0.223038 0.288083 0.000899 0.487068
4 4 0.005359 0.198415 0.060597 0.001316 0.734313
4 4 0.002243 0.127204 0.061544 0.000253 0.808756
4 4 0.002131 0.093519 0.327176 0.000386 0.576787
4 4 0.002404 0.161128 0.309536 0.001166 0.525766
4 4 0.007559 0.098522 0.068599 0.000509 0.824812
4 4 0.001468 0.188644 0.175257 0.000610 0.634021
4 4 0.002074 0.110013 0.246073 0.000380 0.641459
4 4 0.001724 0.136913 0.173828 0.000373 0.687163
2 4 0.000570 0.191565 0.589898 0.002161 0.215806
4 4 0.007593 0.088693 0.139058 0.000578 0.764078
4 4 0.008494 0.049784 0.042499 0.000151 0.899072
4 4 0.032772 0.028259 0.016020 0.000164 0.922785
4 4 0.039604 0.024077 0.007905 0.000128 0.928286
4 4 0.006350 0.086813 0.033856 0.000276 0.872705
4 4 0.006706 0.059349 0.019604 0.000131 0.914211
4 4 0.006151 0.090151 0.036973 0.000294 0.866431
4 4 0.001816 0.140372 0.029342 0.000198 0.828272
4 4 0.000788 0.119238 0.046597 0.000079 0.833297
4 4 0.002154 0.115842 0.138376 0.000292 0.743337
4 4 0.002479 0.132138 0.197865 0.000531 0.666988
4 4 0.001502 0.235779 0.309148 0.001782 0.451789
4 4 0.003457 0.134878 0.243840 0.000888 0.616937
4 4 0.036853 0.023181 0.007311 0.000110 0.932546
4 4 0.015779 0.028959 0.006523 0.000068 0.948672
4 4 0.015936 0.011361 0.004084 0.000014 0.968605
4 4 0.036168 0.035393 0.014030 0.000251 0.914158
4 4 0.019173 0.035534 0.009088 0.000123 0.936081
4 4 0.013478 0.043007 0.011247 0.000128 0.932140
4 4 0.008629 0.181038 0.113574 0.002226 0.694532
4 4 0.001345 0.117953 0.205394 0.000252 0.675056
4 4 0.001249 0.111123 0.336013 0.000338 0.551277
4 4 0.005806 0.054113 0.039455 0.000119 0.900507
4 4 0.001379 0.151170 0.392774 0.000862 0.453815
2 4 0.000935 0.214786 0.410957 0.001485 0.371837
4 4 0.000452 0.114225 0.226787 0.000095 0.658441
4 4 0.017692 0.030356 0.009447 0.000089 0.942416
4 4 0.066860 0.012431 0.004598 0.000066 0.916045
4 4 0.029867 0.018832 0.005190 0.000059 0.946051
4 4 0.031471 0.008696 0.002772 0.000016 0.957045
4 4 0.051661 0.029793 0.034580 0.000344 0.883623
4 1 0.164528 0.064119 0.101571 0.000713 0.669069
2 2 0.107919 0.168184 0.639950 0.000258 0.083688
2 2 0.002051 0.110173 0.777408 0.019915 0.090453
2 2 0.001477 0.049727 0.870574 0.050578 0.027644
2 2 0.001091 0.025809 0.899225 0.061847 0.012027
2 2 0.000480 0.035450 0.929560 0.014377 0.020132
2 2 0.000830 0.049261 0.897205 0.023933 0.028771
2 2 0.000474 0.026740 0.920224 0.041318 0.011243
2 2 0.005307 0.119098 0.722203 0.059281 0.094112
2 2 0.000696 0.064166 0.871643 0.000212 0.063282
2 1 0.013484 0.216474 0.732795 0.000095 0.037153
2 2 0.001236 0.060015 0.930337 0.000169 0.008243
2 2 0.000313 0.015286 0.976193 0.002965 0.005243
2 2 0.000005 0.002468 0.995629 0.001184 0.000714
2 2 0.000069 0.005059 0.988786 0.003320 0.002766
2 2 0.000043 0.021869 0.963096 0.000777 0.014214
2 2 0.000026 0.016644 0.971425 0.000679 0.011225
2 2 0.000031 0.002197 0.962924 0.034439 0.000409
2 2 0.000045 0.003786 0.960381 0.034988 0.000800
2 2 0.000066 0.003527 0.955996 0.039619 0.000792
2 2 0.000135 0.013058 0.973168 0.007732 0.005908
2 2 0.000315 0.014680 0.968380 0.008089 0.008536
2 2 0.001969 0.069935 0.841525 0.015343 0.071228
2 2 0.000179 0.018767 0.960965 0.011719 0.008370
2 2 0.000349 0.007431 0.854724 0.135553 0.001944
2 2 0.000400 0.006133 0.801234 0.190730 0.001503
2 2 0.000823 0.032061 0.924679 0.022461 0.019976
2 2 0.002561 0.077385 0.809683 0.015846 0.094526
2 2 0.001107 0.062391 0.865928 0.034261 0.036313
2 2 0.005020 0.043247 0.833910 0.075364 0.042459
2 2 0.000175 0.004836 0.942399 0.051266 0.001325
2 2 0.000247 0.012764 0.970249 0.008004 0.008736
2 2 0.000647 0.025866 0.873975 0.089923 0.009588
2 2 0.001320 0.057251 0.869098 0.038834 0.033496
2 2 0.007600 0.066346 0.742398 0.129501 0.054156
2 2 0.001298 0.009897 0.505862 0.480227 0.002715
2 2 0.001359 0.014616 0.664418 0.315022 0.004585
2 2 0.001785 0.018775 0.767718 0.204207 0.007515
2 2 0.001898 0.023934 0.872944 0.087422 0.013802
3 2 0.004280 0.013092 0.432684 0.545115 0.004829
3 2 0.002802 0.005161 0.194396 0.796121 0.001520
3 2 0.003629 0.008935 0.323220 0.661240 0.002976
3 2 0.001354 0.005762 0.261289 0.730163 0.001432
3 2 0.003330 0.002333 0.049117 0.944518 0.000703
3 2 0.006229 0.002769 0.033200 0.956795 0.001008
3 2 0.005375 0.003347 0.042672 0.947430 0.001175
3 3 0.001020 0.001137 0.055272 0.942330 0.000240
3 3 0.001149 0.003857 0.297911 0.696184 0.000899
3 3 0.000430 0.001371 0.133110 0.864859 0.000230
3 3 0.001342 0.004179 0.192923 0.800549 0.001006
3 3 0.001173 0.001071 0.043536 0.953984 0.000236
3 3 0.000911 0.000321 0.008457 0.990243 0.000067
3 3 0.000453 0.000245 0.011598 0.987663 0.000041
3 3 0.001099 0.000524 0.015092 0.983170 0.000114
3 3 0.002881 0.001184 0.019691 0.975901 0.000343
3 3 0.004599 0.003729 0.072612 0.917819 0.001241
3 3 0.003551 0.003277 0.099412 0.892639 0.001121
3 3 0.000755 0.000471 0.025616 0.973055 0.000103
3 3 0.010998 0.013213 0.083794 0.885247 0.006748
3 3 0.002313 0.003354 0.124864 0.868553 0.000916
3 3 0.002675 0.001874 0.048524 0.946377 0.000551
3 3 0.002864 0.002886 0.108135 0.885165 0.000949
3 3 0.001030 0.000783 0.033247 0.964768 0.000172
3 3 0.000879 0.000787 0.036333 0.961842 0.000159
3 3 0.002996 0.001611 0.030737 0.964185 0.000471
3 3 0.002800 0.001095 0.017932 0.977859 0.000315
3 3 0.001238 0.000426 0.009541 0.988698 0.000097
3 3 0.001686 0.000609 0.012117 0.985437 0.000151
3 3 0.000377 0.000108 0.003794 0.995705 0.000017
3 3 0.000105 0.000025 0.001408 0.998460 0.000003
3 3 0.000187 0.000048 0.002203 0.997555 0.000006
3 3 0.001004 0.000514 0.016082 0.982292 0.000109
3 3 0.033353 0.016283 0.104328 0.832535 0.013501
3 3 0.005258 0.001412 0.021992 0.970746 0.000591
3 3 0.003292 0.001696 0.030154 0.964349 0.000510
3 3 0.001654 0.000721 0.013826 0.983621 0.000179
3 3 0.000550 0.000350 0.016620 0.982418 0.000062
3 3 0.001544 0.000759 0.018912 0.978602 0.000183
3 3 0.000797 0.000320 0.009682 0.989138 0.000064
3 3 0.000988 0.000328 0.008012 0.990602 0.000070
3 3 0.003263 0.001342 0.020481 0.974510 0.000404
3 3 0.006358 0.002836 0.033730 0.956038 0.001039
3 3 0.001237 0.000680 0.020113 0.977817 0.000153
3 3 0.000909 0.000754 0.033981 0.964200 0.000156
3 3 0.001131 0.001389 0.067756 0.929421 0.000303
3 3 0.000364 0.000298 0.019989 0.979302 0.000047
3 3 0.000208 0.000082 0.004661 0.995038 0.000011
3 3 0.001330 0.001062 0.037614 0.959751 0.000243
3 3 0.003732 0.001528 0.022386 0.971876 0.000478
3 3 0.001351 0.000471 0.010209 0.987859 0.000110
3 3 0.000803 0.000481 0.018399 0.980221 0.000095
3 3 0.007628 0.010423 0.232443 0.745023 0.004483
3 3 0.005760 0.003313 0.042978 0.946766 0.001183
3 3 0.001225 0.000421 0.009465 0.988794 0.000095
3 3 0.003322 0.001201 0.019220 0.975878 0.000379
3 3 0.001873 0.000687 0.013143 0.984121 0.000176
3 3 0.000100 0.000023 0.001357 0.998518 0.000003
3 3 0.000393 0.000113 0.003920 0.995556 0.000018
3 3 0.000322 0.000090 0.003358 0.996217 0.000014
3 3 0.000374 0.000107 0.003774 0.995728 0.000017
3 3 0.001632 0.000498 0.012347 0.985381 0.000142
3 3 0.005195 0.002330 0.029382 0.962232 0.000862
3 3 0.011359 0.002371 0.031795 0.952994 0.001482
3 3 0.001101 0.000372 0.008713 0.989733 0.000081
3 3 0.001830 0.000669 0.012911 0.984419 0.000170
3 3 0.000905 0.000458 0.014953 0.983590 0.000094
3 3 0.000589 0.000465 0.024208 0.974654 0.000084
3 3 0.001378 0.000482 0.010366 0.987661 0.000113
3 3 0.000667 0.000613 0.032853 0.965753 0.000114
3 3 0.000681 0.002046 0.201533 0.795345 0.000395
2 3 0.000594 0.004216 0.559086 0.435190 0.000914
2 3 0.006116 0.042050 0.764086 0.158028 0.029719
3 3 0.000412 0.002155 0.358289 0.638813 0.000331
2 3 0.001399 0.005075 0.603436 0.388114 0.001976
2 3 0.003268 0.008785 0.513187 0.472822 0.001938
2 3 0.001095 0.007789 0.669139 0.319770 0.002206
2 3 0.000990 0.009661 0.740259 0.246207 0.002884
2 3 0.001161 0.008962 0.642839 0.344417 0.002622
2 3 0.010293 0.025245 0.555772 0.392789 0.015901
2 2 0.001431 0.007713 0.564699 0.423967 0.002190
3 2 0.001161 0.003682 0.277432 0.716870 0.000855
2 2 0.002831 0.019781 0.797743 0.170777 0.008868
3 2 0.000379 0.000434 0.034665 0.964454 0.000068
2 2 0.004619 0.025122 0.601478 0.357950 0.010831
2 2 0.003296 0.020393 0.700971 0.266024 0.009316
2 2 0.001091 0.021754 0.861970 0.106483 0.008702
2 2 0.000198 0.006928 0.845653 0.145685 0.001535
2 2 0.000638 0.006452 0.807365 0.184340 0.001205
3 2 0.002493 0.008059 0.292723 0.694318 0.002407
2 2 0.000406 0.003997 0.670769 0.323989 0.000839
2 2 0.000538 0.005400 0.836501 0.156961 0.000600
2 2 0.001402 0.015071 0.875048 0.104509 0.003970
3 2 0.010585 0.046115 0.398422 0.521179 0.023699
3 2 0.004661 0.020923 0.361938 0.604473 0.008006
3 2 0.003522 0.001502 0.023161 0.971353 0.000462
2 2 0.006227 0.018172 0.622915 0.349429 0.003258
2 2 0.000741 0.005216 0.614770 0.378183 0.001090
2 2 0.011339 0.023266 0.953288 0.008599 0.003509
2 0 0.061543 0.121192 0.775689 0.000558 0.041017
2 1 0.050012 0.358706 0.528609 0.000588 0.062085
2 2 0.001021 0.040119 0.932820 0.003421 0.022618
2 2 0.000827 0.019673 0.947527 0.011895 0.020078
2 2 0.000238 0.013923 0.968949 0.004818 0.012072
2 2 0.000222 0.008622 0.949745 0.038595 0.002816
2 2 0.000203 0.005303 0.940259 0.052726 0.001509
2 2 0.000091 0.004280 0.962558 0.032115 0.000956
2 2 0.000216 0.004135 0.927886 0.066672 0.001091
2 2 0.000516 0.004899 0.806587 0.187474 0.000523
2 2 0.000134 0.002080 0.720895 0.276564 0.000327
2 2 0.000200 0.004745 0.887925 0.106017 0.001113
2 2 0.000977 0.014885 0.883924 0.093734 0.006479
2 2 0.002706 0.023043 0.885710 0.072818 0.015722
2 2 0.000254 0.009722 0.924927 0.062173 0.002924
2 2 0.000263 0.008798 0.941493 0.046591 0.002856
2 2 0.000109 0.013618 0.967907 0.013290 0.005076
2 2 0.000089 0.011136 0.969229 0.015841 0.003706
2 2 0.000057 0.026631 0.957244 0.003138 0.012929
2 2 0.000092 0.031675 0.947555 0.003150 0.017528
2 2 0.000175 0.110397 0.793984 0.001649 0.093794
2 2 0.000151 0.102131 0.809010 0.001364 0.087344
2 2 0.000875 0.152804 0.513315 0.001046 0.331960
2 2 0.000628 0.098637 0.597891 0.000473 0.302370
2 2 0.000408 0.219651 0.475820 0.001057 0.303065
2 2 0.000991 0.237427 0.463430 0.003833 0.294320
4 2 0.003378 0.164544 0.286487 0.001718 0.543874
2 2 0.001077 0.048504 0.891377 0.000096 0.058946
2 1 0.029138 0.238234 0.394522 0.000335 0.337771
2 2 0.003313 0.090184 0.793707 0.025323 0.087474
2 2 0.001201 0.106612 0.794845 0.027114 0.070229
2 2 0.000806 0.062985 0.879286 0.014438 0.042486
2 2 0.001326 0.114500 0.779388 0.017669 0.087118
2 2 0.001259 0.128624 0.659065 0.003001 0.208050
2 2 0.001273 0.066084 0.801967 0.003126 0.127549
2 2 0.000225 0.070762 0.867615 0.002152 0.059246
2 2 0.004134 0.103788 0.764282 0.046935 0.080861
2 2 0.001739 0.116374 0.759411 0.009048 0.113428
2 2 0.000554 0.141584 0.710388 0.002696 0.144778
2 2 0.000887 0.142946 0.615404 0.002055 0.238708
2 2 0.001667 0.168109 0.608789 0.006903 0.214532
2 2 0.003336 0.138157 0.710931 0.028880 0.118696
2 2 0.000775 0.104753 0.796172 0.005858 0.092442
2 2 0.001053 0.137682 0.693764 0.004264 0.163237
2 2 0.000426 0.105548 0.797698 0.003329 0.092999
2 2 0.000612 0.141281 0.724482 0.004522 0.129102
2 2 0.000209 0.085343 0.816071 0.001230 0.097146
2 2 0.000264 0.016388 0.962936 0.012560 0.007851
2 2 0.000447 0.028166 0.935841 0.001418 0.034127
1 1 0.162979 0.456951 0.294543 0.000358 0.085170
1 2 0.008162 0.511119 0.342892 0.000422 0.137405
2 2 0.000486 0.118238 0.824278 0.001586 0.055413
2 2 0.000132 0.012969 0.984563 0.001462 0.000875
2 2 0.001135 0.025281 0.967140 0.003806 0.002638
2 2 0.000858 0.056677 0.913939 0.001248 0.027279
2 2 0.004482 0.038824 0.883405 0.049613 0.023676
2 2 0.006012 0.052003 0.887465 0.044343 0.010177
2 2 0.000112 0.027188 0.947419 0.014885 0.010396
2 2 0.000155 0.014221 0.951102 0.029822 0.004699
2 2 0.000154 0.024578 0.966875 0.002261 0.006132
2 2 0.000208 0.037432 0.934564 0.006615 0.021181
2 2 0.000223 0.037624 0.933112 0.009113 0.019927
2 2 0.000104 0.017842 0.966026 0.008496 0.007532
2 2 0.002234 0.128609 0.837861 0.002248 0.029048
2 2 0.000202 0.009149 0.963664 0.023658 0.003328
2 2 0.000262 0.012662 0.965224 0.016304 0.005547
2 2 0.000958 0.027634 0.961922 0.001133 0.008353
2 1 0.022131 0.071356 0.891298 0.002979 0.012237
2 2 0.001742 0.041694 0.953871 0.000340 0.002352
2 2 0.000219 0.007057 0.972693 0.018187 0.001844
2 2 0.000234 0.027852 0.949155 0.007222 0.015538
2 2 0.000121 0.028452 0.951692 0.004146 0.015588
2 2 0.000850 0.023272 0.920225 0.044649 0.011004
2 2 0.003648 0.046504 0.837612 0.083882 0.028355
2 2 0.000147 0.016282 0.961562 0.015667 0.006342
2 2 0.000059 0.009499 0.979068 0.007988 0.003386
2 2 0.000059 0.003422 0.968563 0.027132 0.000823
2 2 0.000150 0.006073 0.956543 0.035444 0.001791
2 2 0.000199 0.010294 0.940237 0.046114 0.003157
2 2 0.000281 0.009070 0.928176 0.059659 0.002814
2 2 0.000107 0.002535 0.806690 0.190249 0.000419
2 2 0.000377 0.005920 0.772269 0.220059 0.001376
2 2 0.000070 0.003213 0.978435 0.017858 0.000424
2 1 0.032141 0.051940 0.901310 0.005105 0.009505
2 2 0.023488 0.057902 0.875020 0.031910 0.011680
2 1 0.005829 0.043083 0.885562 0.063325 0.002201
2 2 0.002048 0.040941 0.909001 0.036952 0.011058
2 2 0.001155 0.016985 0.964366 0.015675 0.001819
2 2 0.001522 0.025979 0.966305 0.003638 0.002556
2 2 0.000123 0.013452 0.981635 0.002368 0.002421
2 2 0.000151 0.004587 0.979657 0.015147 0.000457
2 2 0.000043 0.002058 0.973245 0.024396 0.000258
2 2 0.000116 0.004617 0.985181 0.009507 0.000580
2 2 0.000127 0.007768 0.987756 0.003128 0.001222
2 2 0.000512 0.008668 0.983979 0.006617 0.000223
2 2 0.000068 0.002410 0.951142 0.046036 0.000344
2 2 0.000321 0.005446 0.968594 0.025337 0.000302
2 2 0.000149 0.001538 0.516326 0.481772 0.000214
3 2 0.001943 0.009188 0.342553 0.643687 0.002628
2 2 0.001350 0.007421 0.574647 0.415275 0.001307
2 2 0.000899 0.006690 0.659063 0.331579 0.001769
2 2 0.000137 0.002543 0.807623 0.189247 0.000449
2 2 0.000853 0.005310 0.661003 0.331267 0.001567
2 2 0.001557 0.007036 0.496810 0.492804 0.001793
2 2 0.002405 0.015440 0.952438 0.029157 0.000560
2 2 0.000311 0.009075 0.951229 0.037024 0.002361
2 2 0.000347 0.010011 0.933544 0.053600 0.002498
2 2 0.000848 0.005970 0.618741 0.372940 0.001501
3 2 0.003145 0.013485 0.425788 0.552985 0.004598
3 2 0.002958 0.008680 0.372543 0.613045 0.002773
2 2 0.000496 0.006649 0.805907 0.185206 0.001743
2 2 0.000919 0.015557 0.933035 0.047417 0.003072
2 2 0.000556 0.007166 0.943824 0.047857 0.000598
2 2 0.002150 0.011845 0.951123 0.026406 0.008476
2 2 0.005608 0.029662 0.957584 0.005426 0.001719
2 2 0.007166 0.037687 0.948660 0.002640 0.003847
2 1 0.007136 0.145799 0.820355 0.004606 0.022104
2 2 0.001175 0.037439 0.953239 0.002422 0.005726
2 2 0.000109 0.020588 0.961998 0.008394 0.008911
2 2 0.000082 0.010075 0.973357 0.013049 0.003437
2 2 0.000032 0.007077 0.983659 0.007049 0.002184
2 2 0.000099 0.003319 0.914791 0.081109 0.000682
2 2 0.000163 0.008189 0.935094 0.054300 0.002254
2 2 0.001454 0.015418 0.885762 0.088390 0.008975
3 2 0.000347 0.001823 0.320449 0.677082 0.000299
3 2 0.000664 0.002315 0.245975 0.750596 0.000450
3 2 0.000962 0.004623 0.434372 0.558962 0.001081
2 2 0.000543 0.004616 0.642802 0.351006 0.001033
2 2 0.000170 0.003596 0.886431 0.109061 0.000742
2 2 0.000905 0.011640 0.956279 0.029841 0.001335
2 2 0.000171 0.004528 0.859370 0.134973 0.000957
2 2 0.000643 0.004506 0.566202 0.427645 0.001005
2 2 0.000141 0.001580 0.551141 0.446917 0.000221
2 2 0.000333 0.004929 0.833159 0.160393 0.001187
2 2 0.000332 0.006316 0.867195 0.124508 0.001649
2 2 0.000162 0.003465 0.861801 0.133860 0.000711
2 2 0.000030 0.001071 0.868290 0.130476 0.000133
2 2 0.000292 0.011434 0.926619 0.057989 0.003667
2 2 0.000493 0.006290 0.955572 0.036531 0.001114
2 2 0.000228 0.005443 0.966653 0.026979 0.000697
2 2 0.000929 0.039205 0.890884 0.049860 0.019121
2 2 0.000346 0.010378 0.806985 0.179709 0.002581
3 2 0.000922 0.004719 0.441062 0.552200 0.001097
2 2 0.003101 0.014860 0.634932 0.341465 0.005641
2 2 0.000143 0.005016 0.965329 0.028361 0.001151
2 2 0.000058 0.001762 0.914009 0.083889 0.000282
2 2 0.000042 0.001846 0.987589 0.010420 0.000104
2 2 0.003340 0.008206 0.971929 0.016156 0.000369
2 2 0.027609 0.090389 0.856585 0.000083 0.025334
2 2 0.003032 0.323122 0.667728 0.000106 0.006011
2 2 0.000697 0.047931 0.947928 0.000567 0.002876
2 2 0.000088 0.002240 0.914446 0.082981 0.000246
2 2 0.000540 0.008696 0.904176 0.083682 0.002906
2 2 0.005125 0.145649 0.667385 0.022004 0.159836
2 2 0.000803 0.048603 0.895152 0.018857 0.036585
2 2 0.000523 0.047813 0.895246 0.033763 0.022655
2 2 0.000088 0.017423 0.962968 0.013257 0.006263
2 2 0.000213 0.035069 0.933790 0.014859 0.016068
2 2 0.002195 0.123667 0.750903 0.026406 0.096829
4 4 0.002682 0.156934 0.320352 0.001274 0.518758
4 4 0.002689 0.192814 0.299239 0.001826 0.503432
2 4 0.002090 0.130304 0.571924 0.002275 0.293407
2 4 0.002030 0.148805 0.517541 0.002190 0.329434
4 4 0.000782 0.169171 0.361462 0.000571 0.468013
4 4 0.004614 0.117085 0.203138 0.000764 0.674399
4 4 0.006627 0.149346 0.307610 0.002534 0.533884
4 4 0.003740 0.098603 0.274131 0.000590 0.622935
4 4 0.012121 0.044183 0.014998 0.000130 0.928569
4 4 0.004310 0.033557 0.013597 0.000031 0.948505
4 2 0.033668 0.041543 0.033856 0.000385 0.890548
4 2 0.041418 0.023079 0.007671 0.000124 0.927707
4 2 0.078102 0.015573 0.006472 0.000121 0.899732
4 2 0.031398 0.024462 0.007249 0.000102 0.936789
4 2 0.006827 0.025187 0.004412 0.000023 0.963551
4 2 0.178304 0.017738 0.012065 0.000507 0.791385
4 2 0.048206 0.007944 0.003635 0.000022 0.940192
4 1 0.375427 0.050617 0.019156 0.000042 0.554757
4 1 0.012677 0.217533 0.260312 0.008995 0.500482
2 2 0.002886 0.102850 0.783111 0.023274 0.087880
2 2 0.000790 0.080924 0.848345 0.012841 0.057100
4 2 0.006988 0.135136 0.204472 0.001661 0.651744
4 4 0.017763 0.031582 0.007625 0.000091 0.942938
4 4 0.036519 0.026706 0.008622 0.000142 0.928011
4 4 0.007722 0.117988 0.127446 0.000937 0.745907
4 4 0.014804 0.106483 0.075340 0.001133 0.802240
4 4 0.032043 0.055759 0.020381 0.000519 0.891298
4 4 0.016492 0.020272 0.025572 0.000056 0.937607
2 4 0.007162 0.072626 0.484551 0.000277 0.435383
4 4 0.004900 0.136879 0.334781 0.001781 0.521659
2 4 0.000113 0.121437 0.763067 0.000754 0.114629
2 4 0.000576 0.230015 0.488443 0.001797 0.279169
4 4 0.010543 0.199364 0.109664 0.003217 0.677212
4 4 0.021191 0.101592 0.034654 0.001130 0.841433
4 4 0.003703 0.140125 0.082816 0.000537 0.772818
4 4 0.003322 0.198907 0.380613 0.003421 0.413737
4 4 0.001750 0.236075 0.276252 0.001779 0.484143
4 4 0.004215 0.057121 0.287123 0.000263 0.651279
2 1 0.008856 0.117347 0.489455 0.002905 0.381436
4 1 0.072864 0.152442 0.182078 0.000149 0.592466
4 1 0.004287 0.204451 0.193764 0.002086 0.595412
2 4 0.000511 0.143774 0.691145 0.002097 0.162473
4 4 0.004275 0.137597 0.135263 0.000745 0.722120
4 4 0.011227 0.028618 0.016598 0.000061 0.943496
4 4 0.006652 0.022871 0.011294 0.000024 0.959160
4 4 0.021165 0.146914 0.056160 0.002585 0.773175
4 4 0.005456 0.150910 0.051797 0.000742 0.791096
4 4 0.003032 0.100287 0.051039 0.000204 0.845437
4 4 0.008455 0.070032 0.049622 0.000280 0.871611
4 4 0.009053 0.025063 0.008844 0.000035 0.957004
4 4 0.019407 0.032199 0.012023 0.000114 0.936257
4 4 0.005447 0.147840 0.229829 0.001536 0.615349
4 4 0.001042 0.159337 0.184363 0.000328 0.654929
4 4 0.000895 0.186246 0.192985 0.000405 0.619469
4 4 0.002332 0.130340 0.063047 0.000277 0.804004
4 4 0.002968 0.174063 0.258505 0.001362 0.563101
4 4 0.013139 0.077845 0.028424 0.000428 0.880165
4 4 0.006242 0.130654 0.079813 0.000752 0.782540
4 4 0.004583 0.100435 0.132392 0.000441 0.762150
4 4 0.009014 0.093504 0.401372 0.000277 0.495833
4 4 0.020328 0.124234 0.106477 0.001123 0.747838
