0 0 0.454940 0.068657 0.077589 0.000007 0.398807
0 0 0.856669 0.023872 0.010757 0.000392 0.108310
0 0 0.986320 0.002513 0.000994 0.000125 0.010048
0 0 0.969817 0.000886 0.001121 0.003924 0.024252
0 0 0.995414 0.003559 0.000655 0.000000 0.000372
0 0 0.990550 0.008273 0.000215 0.000000 0.000962
0 0 0.956655 0.041735 0.001039 0.000000 0.000572
1 0 0.418701 0.426856 0.011071 0.000000 0.143372
1 0 0.183311 0.598346 0.032490 0.000000 0.185853
1 0 0.365812 0.432153 0.012256 0.000001 0.189777
0 0 0.494557 0.255913 0.001223 0.000000 0.248308
4 1 0.235611 0.308950 0.001184 0.000000 0.454255
4 1 0.225922 0.287057 0.000538 0.000000 0.486483
4 1 0.121185 0.380171 0.003701 0.000000 0.494943
4 1 0.143917 0.395849 0.003946 0.000000 0.456289
1 1 0.251785 0.423045 0.007771 0.000000 0.317398
4 1 0.180569 0.360897 0.004421 0.000000 0.454113
1 1 0.314416 0.357704 0.003476 0.000000 0.324405
1 1 0.256925 0.399252 0.005750 0.000000 0.338073
1 1 0.050797 0.508122 0.027621 0.000000 0.413459
1 1 0.049558 0.548697 0.073955 0.000005 0.327786
4 1 0.008517 0.361110 0.043260 0.000001 0.587112
1 1 0.032894 0.498506 0.100083 0.000022 0.368494
1 1 0.009919 0.461972 0.132610 0.000006 0.395494
4 2 0.006492 0.291916 0.048906 0.000002 0.652685
4 2 0.016882 0.386340 0.041688 0.000004 0.555086
4 2 0.002645 0.323862 0.063612 0.000001 0.609881
1 2 0.003484 0.407152 0.388053 0.000008 0.201302
4 2 0.002508 0.325827 0.153361 0.000020 0.518284
4 2 0.000694 0.225847 0.308078 0.000050 0.465330
4 2 0.001260 0.317210 0.330721 0.000023 0.350786
4 2 0.000335 0.222324 0.380516 0.000051 0.396773
2 2 0.000770 0.286118 0.516603 0.000011 0.196497
2 2 0.000320 0.262389 0.414621 0.000002 0.322668
2 2 0.000348 0.265028 0.419982 0.000006 0.314636
2 2 0.000181 0.227819 0.531061 0.000004 0.240936
2 2 0.000012 0.027973 0.961307 0.000039 0.010670
2 2 0.000104 0.217972 0.555624 0.000001 0.226299
2 2 0.000927 0.160558 0.806452 0.000019 0.032044
2 2 0.000774 0.192944 0.668661 0.000007 0.137614
2 2 0.000667 0.178019 0.709640 0.000089 0.111585
2 3 0.000763 0.132108 0.745327 0.000330 0.121473
2 3 0.000522 0.108866 0.774332 0.000671 0.115608
2 3 0.006178 0.305749 0.385658 0.000298 0.302117
2 3 0.000002 0.006419 0.991843 0.000096 0.001640
2 3 0.000006 0.007050 0.991437 0.000325 0.001181
2 3 0.000022 0.006277 0.992616 0.000664 0.000420
2 3 0.000020 0.006805 0.987966 0.003414 0.001794
2 3 0.000093 0.008393 0.978671 0.011294 0.001550
2 3 0.002974 0.131297 0.827021 0.001125 0.037584
2 3 0.000579 0.018692 0.809109 0.139704 0.031916
2 3 0.000361 0.012865 0.834869 0.147068 0.004838
2 3 0.000553 0.010344 0.498685 0.447190 0.043228
2 3 0.000313 0.048152 0.916624 0.011995 0.022916
2 3 0.008712 0.165404 0.606498 0.058149 0.161237
2 3 0.000287 0.022392 0.862825 0.078608 0.035888
2 3 0.000302 0.012783 0.742107 0.181221 0.063587
2 3 0.000116 0.005943 0.694145 0.284798 0.014998
2 3 0.000170 0.008969 0.791994 0.192509 0.006358
2 3 0.017073 0.066051 0.369170 0.355944 0.191761
3 3 0.000104 0.000145 0.012288 0.985986 0.001477
3 3 0.001052 0.003621 0.103130 0.880648 0.011549
3 3 0.007060 0.011393 0.110382 0.799246 0.071919
2 3 0.000458 0.014608 0.702399 0.264585 0.017949
2 3 0.000238 0.004947 0.510168 0.482145 0.002503
3 3 0.000003 0.000070 0.099541 0.900164 0.000221
3 3 0.000954 0.001478 0.390043 0.607390 0.000135
2 2 0.011934 0.060432 0.920386 0.005794 0.001454
2 2 0.018733 0.192886 0.768274 0.002841 0.017266
2 3 0.000033 0.013722 0.969169 0.010709 0.006367
2 3 0.000877 0.033215 0.860523 0.079036 0.026349
2 3 0.000649 0.025279 0.943677 0.021367 0.009028
3 3 0.000088 0.000902 0.168629 0.828420 0.001961
2 3 0.000146 0.003459 0.642199 0.352743 0.001453
3 3 0.008218 0.054032 0.391370 0.466965 0.079416
2 3 0.001509 0.018671 0.483359 0.477712 0.018749
3 3 0.001456 0.003910 0.130336 0.861758 0.002539
3 3 0.002337 0.017220 0.312047 0.640020 0.028377
2 3 0.001804 0.025185 0.506641 0.447354 0.019016
2 3 0.000522 0.009499 0.648355 0.333799 0.007824
2 3 0.000009 0.000713 0.885291 0.113699 0.000287
3 3 0.000360 0.001264 0.062413 0.934225 0.001737
3 3 0.000787 0.000880 0.028321 0.966152 0.003861
3 3 0.000015 0.000027 0.006990 0.992852 0.000115
3 3 0.000053 0.000377 0.095778 0.903669 0.000123
3 3 0.000263 0.000716 0.039955 0.957809 0.001257
3 3 0.000932 0.012541 0.417138 0.553782 0.015608
3 3 0.000195 0.000790 0.060281 0.936327 0.002407
3 3 0.000179 0.000251 0.015392 0.982447 0.001730
3 3 0.001146 0.001796 0.039839 0.944239 0.012980
2 3 0.000124 0.007979 0.781389 0.199757 0.010752
3 3 0.000538 0.003252 0.147308 0.842609 0.006293
3 3 0.001492 0.002250 0.040613 0.948838 0.006808
3 3 0.000559 0.000892 0.028708 0.967013 0.002828
2 3 0.001248 0.022347 0.561077 0.397615 0.017714
3 3 0.002220 0.006613 0.107941 0.875206 0.008020
3 3 0.001903 0.005691 0.107371 0.863497 0.021538
3 3 0.000653 0.001055 0.031107 0.963951 0.003234
3 3 0.000447 0.000217 0.005981 0.990125 0.003229
3 3 0.003559 0.008592 0.103597 0.865850 0.018402
3 3 0.002297 0.005362 0.082359 0.900747 0.009235
3 3 0.000578 0.001324 0.045522 0.949573 0.003003
3 3 0.000530 0.004116 0.194607 0.794330 0.006417
3 3 0.001987 0.003771 0.060576 0.925127 0.008539
2 3 0.000542 0.021269 0.752549 0.186607 0.039033
2 3 0.005484 0.087130 0.668555 0.161018 0.077812
3 3 0.001346 0.002149 0.062695 0.925796 0.008015
3 3 0.008274 0.004058 0.030451 0.920205 0.037012
2 3 0.018345 0.072440 0.552637 0.329482 0.027096
1 3 0.177178 0.348210 0.275272 0.100512 0.098829
2 3 0.000046 0.013135 0.976601 0.004774 0.005444
2 3 0.000160 0.012814 0.956130 0.027003 0.003893
2 3 0.000097 0.035173 0.943640 0.003373 0.017717
2 3 0.000891 0.055202 0.842899 0.049048 0.051960
2 3 0.000238 0.018900 0.857308 0.084147 0.039408
2 3 0.000635 0.053643 0.819617 0.025373 0.100733
2 3 0.000061 0.010164 0.964538 0.018811 0.006426
2 3 0.001044 0.031957 0.788172 0.151306 0.027522
2 3 0.000077 0.005654 0.963008 0.030774 0.000488
2 3 0.000185 0.011718 0.925555 0.048345 0.014197
2 3 0.006490 0.038841 0.565862 0.308324 0.080483
3 3 0.006457 0.011179 0.146395 0.789019 0.046950
3 3 0.018728 0.039223 0.222173 0.548715 0.171161
3 3 0.001301 0.001767 0.039733 0.936954 0.020245
3 3 0.007333 0.009111 0.062722 0.877184 0.043650
3 3 0.000941 0.002070 0.056448 0.925826 0.014715
3 3 0.002725 0.008357 0.127543 0.828385 0.032990
3 3 0.000425 0.000874 0.052406 0.943532 0.002763
2 3 0.021498 0.090974 0.422466 0.140238 0.324825
2 3 0.000224 0.005067 0.579258 0.408324 0.007127
3 3 0.004060 0.006644 0.081593 0.895859 0.011843
3 3 0.054174 0.036151 0.089501 0.626468 0.193706
2 3 0.004430 0.073292 0.562617 0.136318 0.223343
3 3 0.010475 0.039317 0.244239 0.570675 0.135293
3 3 0.000383 0.000930 0.045440 0.942929 0.010317
3 3 0.000040 0.000020 0.002224 0.997335 0.000381
3 3 0.000802 0.001369 0.036325 0.957687 0.003816
3 3 0.001683 0.000510 0.008615 0.978724 0.010468
3 3 0.002149 0.004727 0.076580 0.901710 0.014834
3 3 0.000425 0.000585 0.021290 0.975384 0.002316
3 3 0.002043 0.000612 0.006916 0.976804 0.013625
3 3 0.004839 0.003434 0.029449 0.939519 0.022759
3 3 0.000806 0.001172 0.029897 0.964116 0.004009
3 3 0.001040 0.001604 0.035842 0.956584 0.004930
3 3 0.001163 0.001890 0.040987 0.947560 0.008400
3 3 0.005503 0.005088 0.038544 0.926379 0.024486
3 3 0.000953 0.002219 0.057977 0.933109 0.005743
3 3 0.000152 0.000427 0.047636 0.951362 0.000423
3 3 0.004478 0.009680 0.098082 0.871685 0.016076
3 3 0.000475 0.000126 0.002908 0.992473 0.004017
3 3 0.000238 0.000158 0.006715 0.991189 0.001700
3 3 0.029398 0.016640 0.070701 0.783111 0.100149
3 3 0.000151 0.000089 0.004755 0.993825 0.001180
3 3 0.000441 0.000855 0.032883 0.963644 0.002178
3 3 0.000540 0.000894 0.029538 0.966308 0.002719
3 3 0.000846 0.003740 0.147551 0.817520 0.030343
3 3 0.000597 0.002515 0.105204 0.880672 0.011012
3 3 0.004443 0.010747 0.111453 0.857905 0.015452
3 3 0.003002 0.001770 0.017239 0.961676 0.016313
3 3 0.001121 0.000841 0.015256 0.976354 0.006428
3 3 0.004783 0.002783 0.022369 0.946066 0.023999
4 3 0.133720 0.021467 0.028909 0.383342 0.432562
3 3 0.000215 0.000340 0.018855 0.979357 0.001233
3 3 0.007600 0.010471 0.079123 0.874830 0.027975
3 3 0.000102 0.000115 0.008900 0.990181 0.000702
3 3 0.000296 0.000210 0.007991 0.989477 0.002026
3 3 0.000325 0.000228 0.008237 0.989003 0.002206
3 3 0.000833 0.000984 0.087643 0.909939 0.000600
2 2 0.004263 0.026699 0.763111 0.198042 0.007885
2 2 0.000185 0.017959 0.979994 0.000897 0.000964
2 2 0.000001 0.005493 0.992341 0.000030 0.002135
2 2 0.000011 0.036604 0.903193 0.000061 0.060131
4 2 0.000257 0.253171 0.189632 0.000001 0.556940
4 2 0.000482 0.192694 0.141888 0.000003 0.664933
4 2 0.000151 0.232629 0.181602 0.000000 0.585618
4 2 0.000382 0.250294 0.331662 0.000010 0.417652
4 2 0.000452 0.260656 0.214631 0.000005 0.524255
4 2 0.000088 0.196209 0.338872 0.000003 0.464828
4 2 0.000021 0.084935 0.203241 0.000000 0.711802
4 2 0.000099 0.059667 0.134527 0.000007 0.805700
4 2 0.000151 0.190132 0.123147 0.000000 0.686570
4 2 0.000243 0.227388 0.258634 0.000005 0.513731
4 2 0.000078 0.192179 0.344340 0.000003 0.463400
4 2 0.000415 0.247349 0.108025 0.000000 0.644211
4 2 0.000126 0.221156 0.068413 0.000000 0.710305
4 2 0.000430 0.256114 0.054535 0.000000 0.688921
4 2 0.001148 0.298791 0.137209 0.000004 0.562848
4 2 0.000040 0.170501 0.382352 0.000002 0.447105
2 2 0.000057 0.168605 0.439765 0.000008 0.391565
4 2 0.000099 0.140038 0.253350 0.000004 0.606510
4 2 0.000853 0.252388 0.133080 0.000003 0.613676
4 2 0.000352 0.258416 0.144820 0.000001 0.596412
4 2 0.000329 0.250717 0.066706 0.000000 0.682248
4 2 0.000035 0.183207 0.265261 0.000000 0.551497
4 2 0.000038 0.182777 0.289270 0.000000 0.527914
4 2 0.000104 0.125508 0.273694 0.000009 0.600686
4 2 0.000058 0.106193 0.333608 0.000011 0.560129
4 2 0.000136 0.224522 0.214717 0.000001 0.560624
4 2 0.000264 0.249230 0.117067 0.000000 0.633439
4 2 0.000297 0.252625 0.152645 0.000001 0.594433
4 2 0.034380 0.260280 0.014955 0.000001 0.690383
4 2 0.012101 0.378583 0.051572 0.000005 0.557739
4 2 0.003523 0.404741 0.162048 0.000003 0.429685
4 2 0.000499 0.260695 0.310370 0.000017 0.428419
2 2 0.000090 0.159220 0.540317 0.000038 0.300335
2 2 0.000155 0.177417 0.497735 0.000080 0.324612
2 2 0.000020 0.067697 0.864203 0.000033 0.068046
2 2 0.000022 0.027960 0.964984 0.000056 0.006978
2 2 0.000695 0.137199 0.834245 0.000045 0.027817
2 2 0.000640 0.323698 0.363538 0.000002 0.312123
2 2 0.004501 0.361482 0.416450 0.000115 0.217452
2 2 0.009648 0.368633 0.551998 0.000041 0.069679
2 2 0.001593 0.221662 0.728583 0.000029 0.048134
2 2 0.000667 0.153063 0.823832 0.000009 0.022430
2 2 0.001555 0.101684 0.888574 0.000209 0.007978
2 2 0.001105 0.089000 0.898825 0.000517 0.010553
2 2 0.001183 0.044628 0.951996 0.000555 0.001639
2 2 0.000462 0.092810 0.895337 0.000050 0.011341
2 2 0.000026 0.008623 0.991042 0.000042 0.000267
2 2 0.000019 0.023407 0.974034 0.000010 0.002531
2 2 0.000944 0.078424 0.905418 0.001487 0.013727
2 2 0.001315 0.117162 0.858015 0.000375 0.023132
2 2 0.000311 0.041556 0.952755 0.000644 0.004733
2 2 0.000281 0.017332 0.980327 0.001351 0.000710
2 2 0.000009 0.010294 0.988886 0.000020 0.000791
2 2 0.000244 0.058580 0.936641 0.000030 0.004505
2 2 0.000143 0.080223 0.890550 0.000122 0.028962
2 2 0.007627 0.356313 0.533735 0.000080 0.102246
2 2 0.000820 0.210834 0.674990 0.000134 0.113223
2 2 0.000153 0.040803 0.953057 0.000222 0.005766
2 2 0.000050 0.007162 0.991872 0.000657 0.000259
2 2 0.000006 0.005425 0.993844 0.000207 0.000517
2 2 0.000064 0.014189 0.983824 0.000699 0.001224
2 2 0.000471 0.018708 0.973343 0.006478 0.001000
2 2 0.000721 0.051192 0.938312 0.001767 0.008008
2 2 0.002710 0.149459 0.780177 0.002987 0.064667
2 2 0.000452 0.075782 0.859437 0.005292 0.059038
2 2 0.000244 0.044986 0.936523 0.003799 0.014448
2 2 0.004978 0.059155 0.455967 0.102478 0.377423
2 1 0.048774 0.049014 0.581118 0.304317 0.016776
2 2 0.000413 0.115039 0.848296 0.000199 0.036052
2 2 0.000044 0.129652 0.662066 0.000024 0.208215
2 2 0.000020 0.039725 0.945621 0.000015 0.014619
2 2 0.000069 0.051844 0.914917 0.000344 0.032826
2 2 0.000001 0.003944 0.995321 0.000015 0.000719
2 2 0.000012 0.067402 0.832105 0.000015 0.100466
2 2 0.000127 0.047010 0.936062 0.000804 0.015997
2 2 0.000042 0.036539 0.933555 0.001478 0.028386
2 2 0.000033 0.007713 0.957195 0.028831 0.006228
2 2 0.000510 0.032303 0.908457 0.029194 0.029538
2 2 0.000386 0.169435 0.580715 0.000509 0.248955
2 2 0.000096 0.027704 0.961539 0.002619 0.008041
2 2 0.000021 0.007012 0.990817 0.001446 0.000704
2 2 0.000120 0.024868 0.969306 0.001592 0.004114
2 2 0.000014 0.008347 0.990375 0.000351 0.000913
2 2 0.000086 0.054678 0.923026 0.000122 0.022088
2 2 0.000204 0.091043 0.869722 0.000116 0.038914
2 2 0.000025 0.016887 0.960476 0.001269 0.021343
2 2 0.000008 0.004534 0.992142 0.001553 0.001762
2 2 0.000059 0.005732 0.938949 0.048807 0.006453
2 3 0.000308 0.011928 0.893774 0.089902 0.004088
2 3 0.000062 0.018799 0.966573 0.004683 0.009883
2 3 0.000374 0.041516 0.843325 0.025745 0.089041
2 3 0.000124 0.009595 0.849246 0.078531 0.062504
2 3 0.000876 0.054804 0.870897 0.012170 0.061252
2 3 0.000513 0.020815 0.754220 0.176916 0.047536
2 3 0.003431 0.032172 0.473623 0.270954 0.219820
2 3 0.000075 0.007759 0.860893 0.115708 0.015564
2 3 0.000578 0.054125 0.880413 0.033648 0.031236
2 3 0.000765 0.058039 0.873856 0.021834 0.045506
2 3 0.000027 0.005736 0.979428 0.013190 0.001619
2 3 0.000484 0.028339 0.823748 0.042336 0.105093
2 3 0.000587 0.073431 0.838449 0.014473 0.073059
4 3 0.013532 0.140957 0.366219 0.087308 0.391985
4 3 0.029606 0.145645 0.151170 0.016796 0.656783
2 3 0.003399 0.048311 0.608250 0.188073 0.151967
2 3 0.004238 0.063421 0.655258 0.078575 0.198508
3 3 0.000111 0.002079 0.301688 0.688334 0.007788
3 3 0.000652 0.008450 0.373339 0.583058 0.034501
3 3 0.001342 0.001271 0.022466 0.963961 0.010959
3 3 0.003341 0.012102 0.166480 0.692206 0.125870
3 3 0.006948 0.006062 0.043836 0.913657 0.029497
3 3 0.002281 0.004028 0.061142 0.910128 0.022421
3 3 0.010391 0.026351 0.210065 0.696534 0.056659
3 3 0.017554 0.025358 0.118339 0.764215 0.074534
2 3 0.000255 0.029533 0.896045 0.037273 0.036894
2 3 0.003075 0.050011 0.611007 0.268032 0.067875
3 3 0.001304 0.006554 0.172324 0.794080 0.025738
2 3 0.000345 0.018335 0.796956 0.140488 0.043875
2 3 0.002328 0.028541 0.550100 0.294288 0.124743
3 3 0.000277 0.000810 0.049691 0.939150 0.010072
3 3 0.002843 0.001560 0.022236 0.959232 0.014129
3 3 0.001005 0.002028 0.050564 0.938236 0.008166
3 3 0.018369 0.007085 0.032631 0.864100 0.077816
3 3 0.011928 0.008705 0.055337 0.801760 0.122270
3 3 0.000236 0.000428 0.024127 0.972709 0.002500
4 3 0.310769 0.115613 0.051765 0.040195 0.481658
3 3 0.008545 0.013205 0.093012 0.813732 0.071506
4 3 0.188917 0.094026 0.077829 0.209134 0.430093
2 3 0.023386 0.280255 0.466291 0.025905 0.204162
3 3 0.000358 0.002586 0.156533 0.834200 0.006323
3 3 0.004182 0.005418 0.065097 0.872922 0.052381
3 3 0.063985 0.016335 0.046211 0.655221 0.218248
3 3 0.001402 0.003350 0.099990 0.865517 0.029741
3 3 0.000825 0.004001 0.137126 0.845344 0.012703
2 3 0.001776 0.030286 0.584383 0.348634 0.034920
3 3 0.001114 0.005523 0.172842 0.783734 0.036787
3 3 0.001245 0.001644 0.032008 0.959075 0.006027
3 3 0.000382 0.000302 0.010228 0.986627 0.002461
3 3 0.001481 0.002021 0.035849 0.953690 0.006958
2 3 0.014922 0.148164 0.509360 0.182591 0.144963
3 3 0.004160 0.025032 0.302851 0.559656 0.108300
4 3 0.037151 0.121553 0.216507 0.060779 0.564010
2 3 0.040066 0.246495 0.656399 0.021651 0.035388
2 2 0.038901 0.419657 0.443863 0.001038 0.096541
2 2 0.003603 0.267567 0.597482 0.001028 0.130321
2 2 0.000374 0.055158 0.936836 0.000426 0.007206
2 2 0.000016 0.004750 0.994363 0.000628 0.000243
2 2 0.000012 0.009701 0.988106 0.000445 0.001737
2 2 0.000022 0.004015 0.992652 0.003089 0.000223
2 2 0.001907 0.048316 0.817499 0.097426 0.034852
2 2 0.019360 0.197879 0.603016 0.059199 0.120545
2 2 0.000109 0.068193 0.828300 0.000860 0.102538
4 4 0.000230 0.200063 0.285341 0.000010 0.514356
4 4 0.000302 0.252822 0.161480 0.000001 0.585394
4 4 0.000730 0.283161 0.118968 0.000001 0.597141
4 4 0.000671 0.273227 0.214997 0.000010 0.511095
4 4 0.000425 0.242597 0.313957 0.000027 0.442994
4 4 0.001662 0.311215 0.150530 0.000010 0.536584
4 4 0.000553 0.265225 0.227902 0.000009 0.506311
4 4 0.000611 0.208293 0.095643 0.000001 0.695451
4 4 0.000795 0.131661 0.079389 0.000004 0.788151
4 4 0.000113 0.146281 0.182799 0.000001 0.670806
4 4 0.000835 0.115214 0.043276 0.000001 0.840674
4 4 0.001412 0.028202 0.004702 0.000000 0.965684
4 4 0.003354 0.002280 0.000332 0.000000 0.994034
4 4 0.002671 0.020727 0.002377 0.000000 0.974225
4 4 0.001056 0.150568 0.019674 0.000000 0.828702
4 4 0.000230 0.245096 0.128220 0.000000 0.626454
4 4 0.000241 0.042918 0.049278 0.000003 0.907560
4 4 0.002095 0.266333 0.098605 0.000005 0.632962
4 4 0.000555 0.218634 0.174716 0.000006 0.606089
4 4 0.000571 0.111886 0.055424 0.000001 0.832119
4 4 0.000057 0.093672 0.075510 0.000000 0.830761
4 4 0.000292 0.002974 0.000571 0.000000 0.996162
4 4 0.000829 0.018313 0.001246 0.000000 0.979612
4 4 0.002193 0.004238 0.000475 0.000000 0.993095
4 4 0.004429 0.144129 0.019920 0.000001 0.831522
4 4 0.001908 0.317076 0.100778 0.000003 0.580235
4 4 0.001468 0.307401 0.140526 0.000006 0.550599
4 1 0.000967 0.289233 0.183556 0.000009 0.526235
4 1 0.000489 0.263820 0.066361 0.000000 0.669330
4 1 0.000192 0.235788 0.077716 0.000000 0.686304
4 1 0.000386 0.260233 0.093251 0.000000 0.646129
4 1 0.000083 0.211343 0.203938 0.000000 0.584636
4 1 0.002669 0.318322 0.047198 0.000000 0.631811
4 1 0.006896 0.100311 0.024845 0.000009 0.867938
4 1 0.007252 0.279408 0.023417 0.000000 0.689922
4 1 0.001380 0.293864 0.091535 0.000001 0.613220
1 1 0.004977 0.446164 0.326927 0.000006 0.221926
4 1 0.002695 0.143270 0.031245 0.000001 0.822789
4 2 0.001010 0.243814 0.056777 0.000000 0.698399
4 2 0.000354 0.105668 0.039727 0.000000 0.854251
4 2 0.002036 0.319899 0.114396 0.000005 0.563665
4 2 0.000715 0.275557 0.249768 0.000011 0.473949
4 2 0.000226 0.238015 0.226674 0.000002 0.535082
4 2 0.000362 0.249396 0.246714 0.000007 0.503522
2 2 0.000066 0.157805 0.508628 0.000025 0.333476
2 2 0.000028 0.121688 0.540533 0.000006 0.337745
4 2 0.000867 0.208775 0.318219 0.000009 0.472130
2 2 0.000256 0.162544 0.711036 0.000049 0.126116
2 2 0.000022 0.027375 0.962870 0.000139 0.009594
2 2 0.000050 0.030053 0.964297 0.000123 0.005477
2 2 0.000076 0.025760 0.969076 0.000525 0.004563
2 2 0.000049 0.057682 0.904575 0.000189 0.037505
2 2 0.000022 0.087754 0.759041 0.000041 0.153142
2 2 0.000005 0.102013 0.587097 0.000002 0.310883
2 2 0.000120 0.195224 0.445903 0.000012 0.358741
2 2 0.000069 0.102820 0.816166 0.000048 0.080897
2 2 0.000033 0.033608 0.954485 0.000155 0.011719
4 2 0.046969 0.096296 0.185476 0.003658 0.667601
4 2 0.005410 0.156452 0.029897 0.000002 0.808239
4 1 0.123022 0.207668 0.073103 0.000151 0.596056
4 1 0.103091 0.344296 0.029397 0.000019 0.523197
4 2 0.000280 0.249601 0.262986 0.000004 0.487130
4 2 0.000140 0.273189 0.267153 0.000000 0.459519
4 2 0.000015 0.146136 0.416895 0.000001 0.436953
2 2 0.000023 0.042385 0.944087 0.000016 0.013490
2 2 0.000108 0.088468 0.885717 0.000018 0.025689
2 2 0.000026 0.051320 0.923084 0.000036 0.025534
1 2 0.014135 0.432008 0.176587 0.000005 0.377266
2 2 0.069322 0.365802 0.543950 0.000081 0.020845
0 0 0.420941 0.380264 0.089725 0.004285 0.104785
1 0 0.304288 0.454229 0.040482 0.000083 0.200918
2 1 0.006255 0.392932 0.503829 0.000013 0.096971
1 1 0.004143 0.503906 0.325130 0.000000 0.166820
2 1 0.001328 0.294560 0.555611 0.000020 0.148480
1 1 0.025563 0.560380 0.247459 0.000008 0.166591
1 1 0.006446 0.442957 0.218697 0.000012 0.331888
4 2 0.000611 0.290771 0.335487 0.000008 0.373122
1 1 0.391383 0.432578 0.149967 0.000036 0.026035
0 1 0.606523 0.328172 0.045896 0.000004 0.019407
4 1 0.012709 0.460288 0.062073 0.000001 0.464929
4 1 0.053373 0.446866 0.009994 0.000000 0.489767
4 1 0.082392 0.363180 0.004762 0.000000 0.549666
4 1 0.060697 0.315276 0.010096 0.000000 0.613931
4 1 0.018877 0.367092 0.018429 0.000000 0.595602
4 2 0.005360 0.217547 0.036678 0.000002 0.740413
2 2 0.000291 0.205379 0.439489 0.000096 0.354744
4 2 0.000861 0.248419 0.310997 0.000095 0.439628
2 2 0.003885 0.131028 0.854629 0.000341 0.010117
1 2 0.034150 0.500143 0.281403 0.000174 0.184129
2 2 0.012719 0.338893 0.564229 0.000540 0.083619
2 2 0.000431 0.269342 0.443912 0.000008 0.286307
2 2 0.002954 0.192021 0.770566 0.000296 0.034163
2 2 0.003748 0.245126 0.697766 0.000117 0.053243
1 2 0.025034 0.498799 0.389820 0.000015 0.086333
2 2 0.001054 0.241120 0.679986 0.000016 0.077824
2 2 0.000561 0.147998 0.801748 0.000147 0.049545
2 2 0.000007 0.007297 0.992205 0.000025 0.000467
2 2 0.001727 0.310558 0.572709 0.000011 0.114995
2 2 0.001398 0.322917 0.456582 0.000017 0.219086
2 2 0.000574 0.208659 0.725611 0.000008 0.065149
2 2 0.005006 0.369007 0.511543 0.000027 0.114416
4 2 0.000771 0.257290 0.223728 0.000014 0.518197
2 2 0.000496 0.113748 0.845921 0.000321 0.039514
2 2 0.000109 0.065347 0.907552 0.000198 0.026794
2 2 0.000003 0.023621 0.964857 0.000008 0.011511
2 2 0.000347 0.091505 0.880477 0.000168 0.027504
2 2 0.003209 0.194204 0.764599 0.000158 0.037831
2 2 0.002029 0.088363 0.888390 0.001196 0.020022
2 2 0.007356 0.208601 0.564818 0.001538 0.217687
4 2 0.010554 0.163841 0.349141 0.001466 0.474999
2 2 0.002939 0.091414 0.896449 0.000696 0.008503
2 2 0.000139 0.024962 0.968439 0.002279 0.004181
2 2 0.001668 0.131799 0.827131 0.001712 0.037690
2 2 0.000629 0.077407 0.907815 0.000682 0.013467
2 2 0.003865 0.251236 0.654192 0.000648 0.090059
2 2 0.000690 0.288914 0.578371 0.000002 0.132023
1 2 0.012325 0.457281 0.166059 0.000004 0.364332
2 2 0.002107 0.090446 0.883565 0.006919 0.016964
2 2 0.000860 0.134374 0.812982 0.000476 0.051308
2 2 0.001221 0.278248 0.487224 0.000096 0.233211
2 2 0.000779 0.183113 0.687204 0.000501 0.128404
2 2 0.003095 0.267556 0.597910 0.000655 0.130785
2 2 0.001349 0.206127 0.697110 0.000347 0.095067
2 2 0.000144 0.056004 0.922641 0.000467 0.020744
2 2 0.000519 0.077239 0.844082 0.003375 0.074784
2 2 0.000118 0.012470 0.978212 0.003767 0.005434
2 2 0.001125 0.012076 0.782005 0.189358 0.015435
2 2 0.000961 0.054324 0.901240 0.003624 0.039850
2 2 0.001030 0.101432 0.699302 0.001117 0.197120
2 2 0.000375 0.068727 0.903729 0.001098 0.026071
2 2 0.000062 0.050117 0.905447 0.001199 0.043175
2 2 0.000907 0.140743 0.786708 0.001117 0.070526
2 2 0.000363 0.035800 0.959710 0.000858 0.003269
2 2 0.018235 0.125846 0.838161 0.001301 0.016457
2 0 0.002388 0.100177 0.888166 0.000219 0.009050
1 1 0.000938 0.370994 0.280083 0.000001 0.347985
2 2 0.000056 0.018699 0.978923 0.000298 0.002023
2 2 0.019705 0.336866 0.602083 0.000144 0.041203
2 2 0.003377 0.204571 0.768085 0.000016 0.023949
2 2 0.000680 0.218209 0.729352 0.000003 0.051756
1 2 0.001673 0.408255 0.401611 0.000001 0.188461
2 2 0.002533 0.171609 0.725192 0.000838 0.099828
2 2 0.000016 0.005265 0.993554 0.000817 0.000348
2 2 0.000021 0.013813 0.984558 0.000080 0.001527
2 2 0.000079 0.012986 0.986220 0.000198 0.000518
2 2 0.001867 0.098457 0.891576 0.000155 0.007945
2 0 0.088462 0.223669 0.658715 0.005302 0.023852
0 0 0.923008 0.014858 0.007164 0.002509 0.052461
0 0 0.924735 0.018628 0.011151 0.003434 0.042052
0 0 0.966362 0.013794 0.015210 0.000763 0.003870
0 0 0.940027 0.017752 0.007205 0.001051 0.033965
0 0 0.977090 0.007618 0.003251 0.000256 0.011785
0 0 0.977604 0.013659 0.002407 0.000010 0.006320
0 0 0.777004 0.154236 0.018286 0.000035 0.050439
0 0 0.443402 0.388935 0.034581 0.000054 0.133028
0 0 0.532419 0.342166 0.050873 0.000023 0.074519
0 0 0.569492 0.342225 0.038151 0.000014 0.050118
0 0 0.819066 0.077327 0.018851 0.000691 0.084064
0 0 0.465191 0.400177 0.024811 0.000011 0.109810
1 0 0.310049 0.345675 0.002064 0.000000 0.342213
4 1 0.050972 0.338419 0.003115 0.000000 0.607495
4 1 0.052387 0.328492 0.002285 0.000000 0.616835
4 1 0.091788 0.398527 0.013010 0.000002 0.496674
1 1 0.150796 0.479824 0.019068 0.000001 0.350312
1 1 0.105149 0.525918 0.012195 0.000000 0.356738
4 1 0.063674 0.371896 0.007018 0.000000 0.557412
4 1 0.115449 0.425838 0.013040 0.000001 0.445672
4 1 0.010104 0.418864 0.098712 0.000009 0.472311
4 1 0.003287 0.337758 0.112551 0.000009 0.546395
4 2 0.000756 0.262000 0.301354 0.000055 0.435835
4 2 0.005778 0.314481 0.333320 0.002601 0.343819
4 2 0.003558 0.343694 0.289695 0.000148 0.362905
2 2 0.000055 0.120768 0.773937 0.000017 0.105223
2 2 0.000036 0.074413 0.873632 0.000036 0.051884
2 2 0.000003 0.010487 0.987310 0.000024 0.002175
2 2 0.000134 0.120339 0.778591 0.000124 0.100813
2 2 0.000070 0.047211 0.939656 0.000099 0.012963
2 2 0.000093 0.015455 0.981485 0.001494 0.001474
2 2 0.000073 0.030058 0.962454 0.000531 0.006884
2 2 0.000005 0.026020 0.960221 0.000015 0.013739
2 2 0.000002 0.011527 0.986357 0.000005 0.002109
2 2 0.000013 0.018710 0.979558 0.000007 0.001712
2 2 0.000007 0.018984 0.976320 0.000021 0.004669
2 2 0.000000 0.000711 0.999263 0.000004 0.000021
2 2 0.000002 0.005017 0.994425 0.000019 0.000537
2 2 0.000009 0.050749 0.910911 0.000009 0.038322
2 2 0.000213 0.024636 0.973250 0.000330 0.001571
2 2 0.000005 0.006523 0.992609 0.000114 0.000749
2 2 0.000006 0.004361 0.995291 0.000108 0.000234
2 2 0.000002 0.003142 0.996656 0.000039 0.000161
2 2 0.000007 0.009413 0.989668 0.000025 0.000888
2 2 0.000013 0.013242 0.985405 0.000034 0.001305
2 2 0.000015 0.010531 0.988554 0.000069 0.000831
2 2 0.000169 0.029694 0.967957 0.000111 0.002068
2 2 0.000040 0.009911 0.989703 0.000058 0.000289
2 2 0.000007 0.002220 0.997589 0.000142 0.000042
2 2 0.000001 0.001919 0.998011 0.000013 0.000056
2 2 0.000016 0.011637 0.986710 0.000166 0.001471
2 2 0.000784 0.156276 0.808269 0.000005 0.034667
1 2 0.087737 0.619612 0.217158 0.000003 0.075490
1 1 0.047495 0.658107 0.126603 0.000000 0.167795
2 2 0.003236 0.359861 0.470796 0.000028 0.166079
2 2 0.001325 0.298920 0.528587 0.000024 0.171144
2 2 0.000746 0.074391 0.910558 0.000986 0.013320
2 2 0.012298 0.286709 0.638480 0.000690 0.061823
1 2 0.017443 0.415189 0.223378 0.000656 0.343335
2 2 0.003164 0.233263 0.729751 0.000035 0.033787
2 2 0.000200 0.051299 0.936709 0.000518 0.011274
2 2 0.000002 0.001703 0.998189 0.000067 0.000039
2 2 0.000005 0.002969 0.996746 0.000152 0.000127
2 2 0.000023 0.011903 0.987299 0.000055 0.000720
2 2 0.000182 0.144086 0.785360 0.000022 0.070350
2 2 0.000026 0.059838 0.902051 0.000034 0.038050
2 2 0.000011 0.035197 0.948334 0.000021 0.016438
2 2 0.000016 0.028285 0.958539 0.000128 0.013030
2 2 0.000196 0.031452 0.965716 0.000117 0.002518
2 2 0.000015 0.020823 0.973246 0.000103 0.005812
2 2 0.000327 0.029271 0.966379 0.001510 0.002514
2 2 0.000011 0.010427 0.988589 0.000037 0.000935
2 2 0.000001 0.003011 0.996632 0.000027 0.000330
2 2 0.000001 0.001801 0.998102 0.000013 0.000084
2 2 0.000048 0.035578 0.956258 0.000064 0.008052
2 2 0.000198 0.028041 0.969614 0.000210 0.001938
2 2 0.000200 0.034028 0.962577 0.000260 0.002936
2 2 0.000312 0.067821 0.917702 0.000361 0.013804
2 2 0.000040 0.029788 0.963290 0.000134 0.006749
2 2 0.000159 0.031428 0.965414 0.000173 0.002826
2 2 0.000229 0.070152 0.914037 0.000102 0.015480
2 2 0.000104 0.053002 0.932200 0.000175 0.014519
2 2 0.001353 0.075609 0.919227 0.000040 0.003770
2 2 0.000061 0.014770 0.983074 0.000668 0.001427
2 2 0.000004 0.003801 0.995816 0.000123 0.000255
2 2 0.000009 0.002828 0.996263 0.000786 0.000114
2 2 0.000002 0.002776 0.996918 0.000122 0.000181
2 2 0.000037 0.019194 0.973240 0.001539 0.005991
2 2 0.000175 0.150496 0.707228 0.000062 0.142038
2 2 0.000529 0.100050 0.877007 0.000116 0.022299
2 2 0.003096 0.078918 0.815215 0.073031 0.029740
2 2 0.000141 0.022663 0.955377 0.008555 0.013263
2 2 0.000230 0.032462 0.951019 0.007611 0.008678
2 2 0.000019 0.007450 0.991457 0.000476 0.000598
2 3 0.000042 0.031559 0.957561 0.000317 0.010521
2 3 0.000033 0.015323 0.979340 0.001618 0.003686
2 3 0.000126 0.082084 0.835436 0.000983 0.081371
2 3 0.000051 0.040236 0.930085 0.001227 0.028401
2 3 0.000110 0.047296 0.918107 0.003059 0.031428
2 3 0.000013 0.011130 0.985409 0.000721 0.002727
2 3 0.000703 0.085852 0.866839 0.005577 0.041030
2 3 0.005315 0.054498 0.511836 0.231792 0.196558
4 3 0.019790 0.246850 0.292474 0.002548 0.438338
2 3 0.000998 0.052595 0.857896 0.039072 0.049440
2 3 0.000520 0.054015 0.893999 0.025820 0.025646
2 3 0.000164 0.015108 0.949296 0.030576 0.004856
2 3 0.004848 0.106584 0.674032 0.060743 0.153793
2 3 0.019554 0.143562 0.544617 0.131131 0.161136
2 3 0.001186 0.026550 0.587562 0.212936 0.171766
2 3 0.000434 0.023892 0.812889 0.113320 0.049464
2 3 0.000134 0.030085 0.937448 0.010181 0.022153
4 3 0.000323 0.104581 0.444997 0.000187 0.449912
2 3 0.000051 0.018475 0.960997 0.002325 0.018152
2 3 0.000856 0.080580 0.835031 0.008763 0.074770
2 3 0.000878 0.016764 0.545100 0.209264 0.227995
4 3 0.092493 0.109498 0.264009 0.223099 0.310901
4 3 0.012209 0.036963 0.196313 0.090320 0.664194
2 3 0.001110 0.040594 0.730826 0.057784 0.169685
2 3 0.000554 0.019687 0.713821 0.186336 0.079603
2 3 0.000875 0.056392 0.854599 0.020213 0.067921
2 3 0.005260 0.084330 0.819354 0.047605 0.043451
2 3 0.003775 0.029753 0.453643 0.411097 0.101731
2 3 0.006621 0.115074 0.623714 0.055343 0.199248
4 3 0.013301 0.107266 0.370452 0.020868 0.488113
4 3 0.001426 0.060751 0.442827 0.008480 0.486515
2 3 0.006129 0.091926 0.531624 0.021993 0.348328
2 3 0.000302 0.025157 0.847612 0.045380 0.081549
2 3 0.001714 0.045319 0.683065 0.154298 0.115604
3 3 0.002404 0.020229 0.359395 0.535681 0.082291
2 3 0.049889 0.129638 0.384715 0.101525 0.334233
2 3 0.026336 0.174199 0.787388 0.000934 0.011143
2 2 0.270861 0.171800 0.520007 0.033416 0.003916
2 2 0.007509 0.317036 0.345928 0.005045 0.324483
2 2 0.000112 0.164404 0.582825 0.000051 0.252608
4 2 0.000066 0.185280 0.363798 0.000003 0.450852
4 2 0.000070 0.199891 0.273143 0.000001 0.526894
4 4 0.000082 0.210669 0.211424 0.000000 0.577825
4 4 0.000047 0.180825 0.341877 0.000001 0.477249
4 4 0.000126 0.226665 0.127228 0.000000 0.645981
4 4 0.000015 0.154309 0.352813 0.000000 0.492863
1 4 0.126668 0.425264 0.033765 0.000087 0.414217
4 4 0.004210 0.337513 0.051165 0.000001 0.607110
4 4 0.006985 0.362118 0.066789 0.000005 0.564103
4 4 0.000442 0.265107 0.098026 0.000000 0.636425
4 4 0.000105 0.151623 0.131925 0.000000 0.716347
4 4 0.000322 0.032221 0.017358 0.000000 0.950098
4 4 0.002558 0.069450 0.004107 0.000000 0.923885
4 4 0.003616 0.062895 0.003108 0.000000 0.930381
4 4 0.010024 0.046346 0.002249 0.000000 0.941380
4 4 0.012520 0.206876 0.027681 0.000001 0.752921
4 4 0.000225 0.243795 0.155431 0.000000 0.600549
4 4 0.000737 0.283014 0.103865 0.000001 0.612383
4 4 0.000900 0.151587 0.050335 0.000001 0.797176
4 4 0.001508 0.135683 0.015484 0.000000 0.847326
2 4 0.000018 0.122229 0.571533 0.000008 0.306212
4 4 0.015854 0.390677 0.056824 0.000011 0.536634
4 4 0.000566 0.220601 0.164213 0.000005 0.614615
4 4 0.002007 0.024790 0.005257 0.000000 0.967945
4 4 0.000305 0.018115 0.005216 0.000000 0.976364
4 4 0.000356 0.104878 0.028543 0.000000 0.866224
4 4 0.000903 0.011683 0.004460 0.000001 0.982953
4 4 0.001895 0.037744 0.013874 0.000003 0.946484
4 4 0.002779 0.113558 0.009964 0.000000 0.873699
4 4 0.001128 0.192191 0.031354 0.000000 0.775326
4 4 0.000502 0.203414 0.030058 0.000000 0.766026
4 4 0.001447 0.272124 0.044287 0.000000 0.682142
4 4 0.007658 0.136121 0.027308 0.000006 0.828907
4 4 0.001480 0.074486 0.008057 0.000000 0.915976
4 4 0.000418 0.017951 0.005125 0.000000 0.976506
4 4 0.000349 0.048792 0.020014 0.000000 0.930845
4 4 0.000205 0.238563 0.193103 0.000001 0.568127
4 4 0.006439 0.341731 0.031027 0.000000 0.620804
4 4 0.009282 0.361835 0.038886 0.000001 0.589996
4 4 0.010125 0.204041 0.008759 0.000000 0.777074
4 4 0.021968 0.057827 0.002216 0.000000 0.917989
4 4 0.017235 0.077719 0.004909 0.000000 0.900136
4 4 0.001172 0.020683 0.008336 0.000002 0.969807
4 4 0.021891 0.184456 0.031621 0.000026 0.762006
4 4 0.001512 0.257135 0.035365 0.000000 0.705988
4 4 0.004893 0.352519 0.098911 0.000011 0.543666
4 4 0.017769 0.011819 0.001494 0.000005 0.968912
4 4 0.016907 0.061929 0.004405 0.000001 0.916758
4 4 0.009369 0.013864 0.000518 0.000000 0.976249
4 4 0.003851 0.009116 0.000947 0.000000 0.986086
4 4 0.019569 0.015315 0.001683 0.000004 0.963430
4 4 0.006185 0.027977 0.003101 0.000000 0.962736
4 4 0.011197 0.006477 0.000984 0.000004 0.981338
4 4 0.027032 0.026596 0.001504 0.000001 0.944868
4 4 0.004140 0.096750 0.009191 0.000000 0.889919
4 4 0.001382 0.160630 0.034700 0.000000 0.803288
4 4 0.015111 0.357367 0.026471 0.000001 0.601050
4 1 0.006317 0.353351 0.051393 0.000002 0.588938
4 4 0.000311 0.254240 0.151550 0.000001 0.593898
4 4 0.000077 0.199886 0.078242 0.000000 0.721795
4 4 0.000700 0.040891 0.004375 0.000000 0.954034
4 4 0.000667 0.007699 0.003032 0.000001 0.988601
4 4 0.000449 0.083475 0.016018 0.000000 0.900058
4 4 0.000465 0.049724 0.008422 0.000000 0.941389
4 4 0.000169 0.085078 0.020655 0.000000 0.894097
4 4 0.001059 0.072824 0.019100 0.000000 0.907017
4 4 0.000721 0.164679 0.045677 0.000000 0.788923
4 4 0.000391 0.235034 0.073938 0.000000 0.690637
4 4 0.002092 0.313196 0.057496 0.000000 0.627215
4 4 0.012039 0.375717 0.045648 0.000003 0.566593
4 4 0.009282 0.348043 0.023617 0.000000 0.619057
4 4 0.002124 0.193468 0.043905 0.000001 0.760503
4 4 0.000680 0.273959 0.062003 0.000000 0.663357
4 4 0.000750 0.269053 0.040754 0.000000 0.689444
4 4 0.000781 0.257464 0.023611 0.000000 0.718145
1 1 0.022048 0.480905 0.125347 0.000028 0.371673
4 1 0.001090 0.283638 0.043592 0.000000 0.671681
4 1 0.000788 0.281532 0.072338 0.000000 0.645343
4 1 0.000740 0.283527 0.135517 0.000002 0.580214
4 4 0.000662 0.269389 0.050781 0.000000 0.679167
4 4 0.000430 0.259031 0.064465 0.000000 0.676073
4 4 0.002421 0.321014 0.065528 0.000001 0.611036
4 4 0.001946 0.308314 0.051483 0.000000 0.638256
4 4 0.003375 0.331988 0.059518 0.000001 0.605118
4 4 0.004084 0.331050 0.040524 0.000000 0.624342
4 4 0.004610 0.352221 0.037162 0.000000 0.606006
4 4 0.000311 0.250263 0.203420 0.000002 0.546004
4 4 0.001205 0.295765 0.068022 0.000000 0.635008
4 4 0.000642 0.278715 0.117520 0.000001 0.603123
4 4 0.001899 0.273292 0.031922 0.000000 0.692886
4 4 0.000166 0.221959 0.043806 0.000000 0.734070
4 4 0.000068 0.200117 0.054842 0.000000 0.744973
4 4 0.000028 0.181742 0.219000 0.000000 0.599230
4 4 0.000088 0.214816 0.097032 0.000000 0.688064
4 4 0.000020 0.175461 0.104680 0.000000 0.719839
4 4 0.000223 0.242755 0.097402 0.000000 0.659620
4 4 0.022235 0.156851 0.011937 0.000001 0.808976
4 4 0.001353 0.294815 0.051210 0.000000 0.652622
4 4 0.002305 0.314391 0.050836 0.000000 0.632467
4 4 0.000484 0.253247 0.038857 0.000000 0.707412
4 4 0.000027 0.183559 0.163825 0.000000 0.652589
4 4 0.009653 0.029902 0.004407 0.000003 0.956034
4 4 0.002056 0.013131 0.002302 0.000000 0.982511
4 4 0.013781 0.091850 0.002918 0.000000 0.891452
4 4 0.002976 0.222135 0.029782 0.000000 0.745107
4 4 0.001871 0.229849 0.035602 0.000000 0.732678
4 4 0.027133 0.007742 0.000364 0.000000 0.964760
4 4 0.041174 0.002318 0.000176 0.000005 0.956328
4 4 0.046451 0.012822 0.000264 0.000000 0.940462
4 4 0.082560 0.119588 0.003117 0.000000 0.794734
4 4 0.003557 0.310027 0.022413 0.000000 0.664003
4 4 0.000101 0.218866 0.179145 0.000000 0.601887
4 4 0.000411 0.261164 0.083969 0.000000 0.654456
4 4 0.000110 0.222329 0.117505 0.000000 0.660057
4 4 0.000133 0.227967 0.117310 0.000000 0.654590
4 4 0.001499 0.308383 0.104584 0.000002 0.585532
4 4 0.002824 0.295403 0.018112 0.000000 0.683660
4 4 0.000713 0.264155 0.035377 0.000000 0.699755
4 4 0.001922 0.294745 0.029522 0.000000 0.673811
4 4 0.001204 0.297748 0.078152 0.000001 0.622896
4 4 0.000238 0.243606 0.187065 0.000001 0.569089
4 4 0.000091 0.208181 0.260538 0.000001 0.531189
4 4 0.000336 0.240078 0.291075 0.000013 0.468498
2 4 0.000065 0.142513 0.461579 0.000021 0.395823
4 2 0.000145 0.228085 0.195740 0.000001 0.576029
4 2 0.000174 0.224434 0.271976 0.000003 0.503412
4 2 0.000303 0.251415 0.182813 0.000001 0.565468
4 2 0.000399 0.199773 0.197893 0.000007 0.601928
4 2 0.000312 0.224741 0.360454 0.000034 0.414458
4 2 0.000075 0.139176 0.311330 0.000006 0.549413
4 2 0.000113 0.211541 0.279764 0.000002 0.508580
4 2 0.000156 0.189584 0.293769 0.000006 0.516484
2 2 0.000083 0.168121 0.480689 0.000024 0.351083
2 2 0.000055 0.150660 0.531673 0.000020 0.317593
2 2 0.000083 0.160293 0.517346 0.000040 0.322239
4 2 0.000314 0.197379 0.285154 0.000020 0.517133
2 2 0.000464 0.221914 0.418360 0.000148 0.359113
4 2 0.000266 0.216709 0.379135 0.000035 0.403855
2 2 0.000110 0.158677 0.580701 0.000029 0.260483
2 2 0.000005 0.019947 0.971065 0.000018 0.008965
2 2 0.000010 0.021651 0.970847 0.000056 0.007436
2 2 0.000044 0.053046 0.919763 0.000114 0.027033
2 2 0.000007 0.014530 0.980342 0.000145 0.004976
2 2 0.000125 0.150517 0.714282 0.000016 0.135060
2 2 0.000003 0.055753 0.829250 0.000007 0.114986
2 2 0.000090 0.077185 0.773399 0.000199 0.149127
2 2 0.000041 0.044546 0.943157 0.000019 0.012238
2 2 0.000185 0.159861 0.745681 0.000006 0.094266
2 2 0.000278 0.214195 0.410516 0.000037 0.374974
2 2 0.000408 0.177735 0.586458 0.000511 0.234887
2 2 0.000019 0.010028 0.988451 0.000360 0.001142
2 2 0.000002 0.005212 0.993530 0.000096 0.001160
2 2 0.000045 0.124496 0.653084 0.000024 0.222352
2 2 0.001045 0.388534 0.454933 0.000000 0.155488
2 1 0.000276 0.199631 0.469975 0.000111 0.330008
4 2 0.001482 0.334072 0.211772 0.000008 0.452667
1 2 0.002441 0.420926 0.200766 0.000001 0.375867
2 2 0.000354 0.276385 0.514936 0.000002 0.208323
2 2 0.000027 0.198929 0.511667 0.000000 0.289376
4 2 0.000081 0.210110 0.236175 0.000000 0.553635
2 2 0.000124 0.203273 0.442572 0.000008 0.354023
2 2 0.000178 0.142663 0.767394 0.000055 0.089709
2 2 0.000051 0.087173 0.839825 0.000060 0.072891
2 2 0.000543 0.184843 0.699046 0.000192 0.115376
2 2 0.000300 0.192785 0.566303 0.000139 0.240472
2 2 0.000489 0.120424 0.854702 0.000035 0.024351
2 2 0.006482 0.389875 0.530521 0.000007 0.073115
2 2 0.002353 0.381813 0.423885 0.000006 0.191943
2 2 0.000324 0.221127 0.638210 0.000008 0.140330
2 2 0.000214 0.106328 0.863910 0.000045 0.029503
2 2 0.000412 0.140482 0.815636 0.000063 0.043406
2 2 0.000175 0.065465 0.920745 0.000088 0.013527
2 2 0.000321 0.052038 0.943891 0.000077 0.003674
2 2 0.000231 0.141781 0.803665 0.000022 0.054301
2 2 0.000011 0.004550 0.995321 0.000027 0.000090
2 2 0.000021 0.005838 0.993590 0.000285 0.000266
2 2 0.000077 0.055539 0.930131 0.000048 0.014205
2 2 0.000326 0.143508 0.821377 0.000010 0.034779
2 2 0.000105 0.120899 0.807466 0.000024 0.071507
2 2 0.000004 0.009440 0.989644 0.000007 0.000905
2 2 0.000406 0.053305 0.942507 0.000076 0.003707
2 2 0.000020 0.004108 0.995641 0.000151 0.000081
2 2 0.000213 0.038955 0.955637 0.000423 0.004773
2 2 0.000515 0.105643 0.877479 0.000036 0.016327
2 2 0.000008 0.009044 0.989839 0.000074 0.001035
2 2 0.000151 0.041806 0.950766 0.000313 0.006964
2 2 0.000008 0.003154 0.996462 0.000268 0.000108
2 2 0.000048 0.013596 0.984042 0.000810 0.001505
2 2 0.000335 0.019096 0.967282 0.011500 0.001787
2 2 0.000017 0.004645 0.994549 0.000581 0.000208
2 2 0.000037 0.007363 0.990247 0.001825 0.000528
2 2 0.000071 0.014405 0.981740 0.002036 0.001747
2 2 0.000019 0.015086 0.982089 0.000186 0.002620
2 2 0.000237 0.044601 0.944750 0.001193 0.009219
2 2 0.000150 0.036855 0.952007 0.001583 0.009405
2 2 0.000095 0.010982 0.986097 0.002140 0.000687
2 2 0.003449 0.302232 0.483707 0.000624 0.209988
2 2 0.000331 0.043037 0.949524 0.001091 0.006016
2 2 0.000042 0.012782 0.983799 0.001532 0.001844
2 2 0.000064 0.014465 0.978130 0.003897 0.003445
2 2 0.000008 0.002328 0.995783 0.001769 0.000112
2 2 0.000075 0.003250 0.959183 0.036553 0.000939
2 2 0.003521 0.219568 0.710559 0.000335 0.066017
2 3 0.000203 0.084992 0.868449 0.000580 0.045776
2 3 0.000227 0.043927 0.943360 0.001452 0.011034
2 3 0.000537 0.085884 0.872155 0.000971 0.040454
2 3 0.000153 0.119156 0.812563 0.000055 0.068072
2 2 0.000399 0.036884 0.950844 0.005313 0.006560
2 2 0.000510 0.096444 0.864761 0.000542 0.037744
2 2 0.000965 0.138311 0.788037 0.001988 0.070698
2 2 0.000214 0.061510 0.911851 0.001248 0.025177
2 2 0.000062 0.018914 0.973258 0.002989 0.004777
