0 0 0.951035 0.018436 0.006318 0.022557 0.001653
0 0 0.955563 0.027540 0.009927 0.006286 0.000683
0 0 0.946260 0.035642 0.011842 0.005375 0.000882
0 0 0.931213 0.045106 0.016242 0.006210 0.001230
0 0 0.927150 0.045234 0.016839 0.008783 0.001993
0 0 0.898622 0.072391 0.021909 0.001990 0.005088
0 0 0.883403 0.068423 0.030720 0.013814 0.003640
0 0 0.572265 0.059843 0.128746 0.227871 0.011275
0 0 0.935594 0.038835 0.014291 0.009714 0.001566
0 0 0.949971 0.033390 0.010815 0.005035 0.000788
0 0 0.531653 0.120732 0.193940 0.134671 0.019004
0 0 0.732976 0.162766 0.087491 0.010903 0.005865
0 0 0.855420 0.082244 0.040885 0.016634 0.004817
0 0 0.749352 0.053827 0.081859 0.109499 0.005464
0 0 0.835911 0.061303 0.043162 0.052482 0.007141
0 0 0.649538 0.160613 0.153304 0.026569 0.009976
0 0 0.610173 0.131413 0.216136 0.036438 0.005841
2 0 0.348585 0.142058 0.430841 0.068064 0.010452
0 0 0.605106 0.179764 0.180640 0.028911 0.005579
0 0 0.756750 0.142298 0.080711 0.013222 0.007019
0 0 0.927889 0.012335 0.008251 0.050857 0.000668
0 0 0.878208 0.028094 0.023779 0.067142 0.002777
0 0 0.916616 0.038914 0.019472 0.022483 0.002515
0 0 0.865203 0.059622 0.035246 0.034475 0.005454
0 0 0.918245 0.028206 0.014103 0.036622 0.002823
2 0 0.355396 0.113891 0.387893 0.129789 0.013031
0 0 0.642870 0.134176 0.159889 0.047285 0.015780
0 0 0.669470 0.105943 0.100893 0.061102 0.062592
0 0 0.877199 0.063192 0.026507 0.015069 0.018032
0 0 0.768112 0.072077 0.075514 0.057516 0.026781
3 0 0.231217 0.040695 0.233581 0.477657 0.016850
0 0 0.399494 0.142454 0.314556 0.101596 0.041901
2 0 0.206172 0.120167 0.402979 0.240861 0.029822
2 0 0.124812 0.228571 0.558541 0.055591 0.032484
2 0 0.029308 0.154656 0.769478 0.035812 0.010746
2 0 0.099728 0.123757 0.711681 0.052043 0.012790
2 0 0.190867 0.132482 0.478675 0.161353 0.036624
2 0 0.028316 0.062921 0.737893 0.156095 0.014776
0 0 0.548935 0.158349 0.123794 0.056987 0.111935
0 0 0.800191 0.091190 0.038692 0.015540 0.054386
0 0 0.902859 0.052463 0.012569 0.004002 0.028107
0 0 0.743608 0.149736 0.065552 0.006093 0.035011
0 0 0.545672 0.106500 0.167101 0.143100 0.037627
2 0 0.088976 0.178401 0.612324 0.108717 0.011582
2 0 0.045571 0.208621 0.705929 0.012566 0.027313
2 0 0.103991 0.221998 0.591936 0.040131 0.041943
0 0 0.441940 0.298549 0.189518 0.025854 0.044139
0 0 0.783646 0.110097 0.075040 0.024009 0.007208
2 0 0.097788 0.224373 0.640288 0.016935 0.020616
2 0 0.058858 0.104164 0.796453 0.032223 0.008302
0 0 0.734832 0.084430 0.137162 0.040389 0.003187
0 0 0.470459 0.093446 0.324008 0.106089 0.005999
2 0 0.305828 0.078809 0.448664 0.160191 0.006509
2 0 0.259358 0.077928 0.506106 0.150436 0.006171
2 0 0.069469 0.031989 0.541894 0.350841 0.005807
0 0 0.654671 0.134683 0.085845 0.031585 0.093216
0 0 0.728801 0.099036 0.103658 0.052674 0.015830
0 0 0.578652 0.232831 0.147140 0.011113 0.030265
2 0 0.153777 0.260288 0.558064 0.012480 0.015391
2 0 0.343119 0.172396 0.437888 0.037427 0.009169
0 0 0.480527 0.154370 0.316194 0.032675 0.016234
0 0 0.721973 0.098846 0.114408 0.054549 0.010225
0 0 0.397325 0.144164 0.384798 0.063656 0.010058
0 0 0.935951 0.029260 0.011162 0.021267 0.002360
0 0 0.953206 0.022461 0.007541 0.015116 0.001676
0 0 0.816850 0.064525 0.061693 0.049642 0.007289
0 0 0.900662 0.036510 0.016249 0.041475 0.005104
0 0 0.968943 0.015433 0.004708 0.010223 0.000693
0 0 0.951084 0.006877 0.004765 0.036920 0.000355
0 0 0.503618 0.012278 0.059418 0.423293 0.001393
0 0 0.750793 0.167130 0.043670 0.006896 0.031511
0 0 0.861571 0.068253 0.032027 0.026246 0.011903
0 0 0.516017 0.191864 0.229472 0.043175 0.019473
0 0 0.737228 0.122641 0.078816 0.044017 0.017298
0 0 0.873917 0.070872 0.036027 0.015580 0.003604
0 0 0.755025 0.091964 0.119848 0.027969 0.005193
3 0 0.263291 0.101819 0.269805 0.349674 0.015410
0 0 0.461589 0.124182 0.054066 0.344630 0.015533
0 1 0.557842 0.227423 0.120891 0.076636 0.017208
0 1 0.697937 0.186686 0.081158 0.008263 0.025957
0 1 0.826993 0.075660 0.044166 0.043489 0.009692
0 0 0.883333 0.042510 0.020105 0.047463 0.006589
0 0 0.809688 0.046375 0.042383 0.098148 0.003406
0 0 0.837337 0.069215 0.052957 0.035500 0.004991
0 0 0.668106 0.094883 0.182912 0.050043 0.004055
0 0 0.744407 0.060612 0.109401 0.081787 0.003793
0 0 0.627151 0.025218 0.111821 0.234273 0.001536
0 0 0.575637 0.008187 0.039125 0.376375 0.000676
0 0 0.452363 0.020894 0.147128 0.378001 0.001614
0 0 0.652377 0.041413 0.152290 0.151782 0.002137
3 0 0.408238 0.032144 0.124665 0.427743 0.007210
0 0 0.852482 0.025942 0.033270 0.086319 0.001987
0 0 0.788256 0.067500 0.051719 0.073880 0.018645
2 0 0.327073 0.170840 0.337039 0.088619 0.076429
2 0 0.201672 0.205430 0.279780 0.140974 0.172143
2 0 0.160930 0.261948 0.373273 0.068411 0.135438
2 0 0.023390 0.143551 0.819330 0.005345 0.008383
1 0 0.222523 0.409263 0.345097 0.002253 0.020864
0 1 0.564037 0.354894 0.074037 0.001218 0.005815
1 1 0.205564 0.639740 0.147585 0.000686 0.006425
3 1 0.147910 0.031301 0.373132 0.442068 0.005589
3 0 0.302375 0.013553 0.103099 0.578810 0.002163
0 0 0.755337 0.007483 0.021395 0.215294 0.000490
0 0 0.731514 0.031674 0.068659 0.165223 0.002930
0 0 0.864151 0.044471 0.035531 0.051853 0.003993
0 0 0.876372 0.042898 0.021950 0.052106 0.006674
0 0 0.911314 0.030974 0.029558 0.027120 0.001033
0 0 0.984753 0.002058 0.000903 0.012237 0.000050
3 0 0.270129 0.003856 0.051193 0.674490 0.000332
0 0 0.969785 0.005809 0.006739 0.017597 0.000071
0 0 0.850309 0.081137 0.040871 0.021589 0.006094
0 0 0.901242 0.036307 0.016124 0.041270 0.005057
0 0 0.374815 0.361696 0.199306 0.001461 0.062722
4 0 0.345837 0.242826 0.063080 0.000095 0.348162
0 0 0.410571 0.354295 0.139046 0.000649 0.095439
0 0 0.747596 0.166075 0.075726 0.003463 0.007140
0 0 0.460411 0.379045 0.149525 0.000192 0.010828
0 0 0.486398 0.410057 0.067301 0.002018 0.034226
1 1 0.068028 0.669724 0.115977 0.000571 0.145700
1 1 0.039320 0.791885 0.127188 0.000008 0.041599
1 1 0.336782 0.469185 0.137612 0.000087 0.056333
0 1 0.371362 0.266164 0.059364 0.000042 0.303068
1 1 0.024545 0.712629 0.173873 0.000189 0.088765
1 1 0.016738 0.569611 0.143540 0.000061 0.270050
1 1 0.006421 0.613448 0.336257 0.000004 0.043870
1 2 0.010442 0.503847 0.389265 0.000041 0.096404
2 2 0.001310 0.279886 0.687557 0.000013 0.031234
2 2 0.001505 0.132153 0.779777 0.000003 0.086562
2 2 0.001985 0.171337 0.734916 0.000003 0.091759
2 2 0.006529 0.214828 0.630472 0.000042 0.148129
2 2 0.000182 0.031826 0.963540 0.000040 0.004412
2 2 0.000048 0.014024 0.983818 0.000022 0.002088
2 2 0.000002 0.002379 0.997473 0.000008 0.000138
2 2 0.000391 0.061135 0.919192 0.000006 0.019276
2 2 0.000007 0.004007 0.995523 0.000029 0.000433
2 2 0.000003 0.001930 0.997743 0.000033 0.000291
2 2 0.000004 0.002313 0.997353 0.000045 0.000286
2 2 0.000004 0.004346 0.995477 0.000012 0.000161
2 2 0.000001 0.000865 0.998811 0.000233 0.000090
2 2 0.000002 0.000840 0.998565 0.000470 0.000123
2 2 0.000020 0.005515 0.993178 0.000218 0.001068
2 2 0.000025 0.005976 0.992796 0.000300 0.000903
2 2 0.000033 0.006171 0.991948 0.000218 0.001630
2 2 0.000109 0.011471 0.983626 0.000388 0.004406
2 3 0.000031 0.005177 0.992568 0.000275 0.001949
2 3 0.000012 0.003179 0.969259 0.025942 0.001607
2 3 0.000009 0.002683 0.951384 0.045113 0.000812
2 3 0.000015 0.005814 0.948307 0.044587 0.001277
2 3 0.000002 0.001543 0.976992 0.021197 0.000266
2 3 0.000005 0.002736 0.942992 0.053649 0.000617
2 3 0.000002 0.000885 0.988184 0.010525 0.000404
2 3 0.000001 0.000787 0.940664 0.058349 0.000199
2 3 0.000000 0.000869 0.929182 0.069826 0.000123
2 3 0.000001 0.001309 0.966350 0.032083 0.000256
2 3 0.000000 0.000507 0.874503 0.124902 0.000088
2 3 0.000000 0.000726 0.718621 0.280584 0.000068
2 3 0.000000 0.000359 0.977353 0.022264 0.000025
2 3 0.000000 0.000365 0.797895 0.201649 0.000090
2 3 0.000004 0.004532 0.731964 0.262810 0.000690
2 3 0.000001 0.000998 0.613610 0.385094 0.000296
2 3 0.000001 0.000837 0.600308 0.398506 0.000348
3 3 0.000001 0.000748 0.444210 0.554825 0.000216
2 3 0.000000 0.000180 0.803431 0.196330 0.000058
2 3 0.000000 0.000294 0.587255 0.412360 0.000090
3 3 0.000000 0.000223 0.228016 0.771712 0.000049
3 3 0.000000 0.000320 0.053524 0.946066 0.000089
3 3 0.000000 0.000214 0.061892 0.937831 0.000064
3 3 0.000000 0.000235 0.158370 0.841300 0.000094
2 3 0.000000 0.000798 0.740102 0.259034 0.000066
2 3 0.000000 0.000318 0.653602 0.345995 0.000085
2 3 0.000002 0.008608 0.878901 0.112071 0.000417
2 3 0.000002 0.002560 0.677927 0.319132 0.000380
3 3 0.000000 0.000373 0.346377 0.653158 0.000091
3 3 0.000000 0.000168 0.062898 0.936865 0.000068
3 3 0.000001 0.001147 0.077331 0.921245 0.000275
3 3 0.000000 0.000507 0.135750 0.863585 0.000157
3 3 0.000000 0.000074 0.229189 0.770723 0.000014
3 3 0.000000 0.000029 0.060164 0.939796 0.000011
3 3 0.000002 0.001802 0.234634 0.763173 0.000389
2 3 0.000028 0.005109 0.604149 0.388434 0.002280
3 3 0.000000 0.000137 0.051387 0.948399 0.000076
3 3 0.000001 0.000315 0.050623 0.948891 0.000170
3 3 0.000000 0.000152 0.059096 0.940687 0.000065
3 3 0.000000 0.000082 0.009128 0.990772 0.000018
3 3 0.000000 0.000108 0.013685 0.986165 0.000042
3 3 0.000000 0.000099 0.035445 0.964410 0.000046
3 3 0.000000 0.000016 0.033365 0.966613 0.000005
3 3 0.000000 0.000064 0.033925 0.965993 0.000019
3 3 0.000000 0.000039 0.049934 0.950014 0.000014
3 3 0.000000 0.000165 0.082883 0.916890 0.000062
3 3 0.000002 0.001645 0.244681 0.753237 0.000435
2 3 0.000000 0.000685 0.594858 0.404344 0.000113
3 3 0.000000 0.000825 0.310510 0.688551 0.000113
2 3 0.000011 0.009871 0.550465 0.438386 0.001267
3 3 0.000002 0.002012 0.171409 0.826203 0.000374
3 3 0.000000 0.000320 0.093774 0.905749 0.000157
3 3 0.000000 0.000133 0.131821 0.867989 0.000057
3 3 0.000000 0.000030 0.039568 0.960385 0.000017
3 3 0.000000 0.000006 0.010608 0.989383 0.000004
3 3 0.000000 0.000023 0.034503 0.965465 0.000009
3 3 0.000000 0.000034 0.007436 0.992512 0.000018
3 3 0.000000 0.000036 0.013726 0.986206 0.000032
3 3 0.000001 0.000291 0.070908 0.928587 0.000212
2 3 0.000035 0.004589 0.613947 0.378781 0.002648
2 3 0.000357 0.024302 0.920631 0.047298 0.007412
2 2 0.000532 0.047299 0.929579 0.017866 0.004724
2 3 0.001970 0.215159 0.758450 0.000539 0.023883
2 3 0.002271 0.341438 0.625902 0.000716 0.029674
2 2 0.000681 0.089784 0.900111 0.000502 0.008922
2 2 0.002599 0.110074 0.878730 0.000357 0.008240
2 2 0.000990 0.157107 0.823327 0.000078 0.018497
2 2 0.002638 0.150276 0.818983 0.000081 0.028022
2 2 0.000227 0.023147 0.972151 0.000366 0.004110
2 2 0.000146 0.019337 0.977990 0.000361 0.002166
2 2 0.000021 0.008431 0.990901 0.000208 0.000439
2 2 0.000008 0.005937 0.993853 0.000033 0.000169
2 2 0.000023 0.009998 0.989561 0.000063 0.000356
2 2 0.000233 0.055378 0.942737 0.000106 0.001545
2 2 0.000202 0.059870 0.937318 0.000008 0.002601
2 2 0.000028 0.010955 0.988645 0.000056 0.000316
2 2 0.000093 0.019118 0.978072 0.000054 0.002664
2 2 0.000506 0.058265 0.931008 0.000045 0.010176
2 2 0.000012 0.007711 0.991835 0.000012 0.000430
2 2 0.000000 0.000197 0.999718 0.000070 0.000015
2 2 0.000002 0.001219 0.998556 0.000131 0.000093
2 2 0.000005 0.003653 0.996162 0.000046 0.000134
2 2 0.000022 0.004530 0.994201 0.000663 0.000584
2 2 0.000089 0.021431 0.977407 0.000108 0.000965
2 2 0.000023 0.007969 0.991151 0.000342 0.000514
2 2 0.000004 0.001595 0.996201 0.001930 0.000270
2 2 0.000074 0.009603 0.987214 0.000645 0.002464
2 2 0.000004 0.003686 0.995885 0.000255 0.000170
2 2 0.000015 0.004804 0.994543 0.000254 0.000384
2 2 0.000112 0.018300 0.978352 0.001453 0.001784
2 2 0.000021 0.010121 0.976683 0.012178 0.000997
2 2 0.000103 0.042226 0.955239 0.000948 0.001483
2 3 0.000002 0.002703 0.996772 0.000390 0.000133
2 3 0.000001 0.001189 0.998661 0.000092 0.000058
2 3 0.000003 0.001833 0.997926 0.000118 0.000120
2 3 0.000008 0.001620 0.996205 0.001764 0.000404
2 3 0.000012 0.002350 0.986969 0.009925 0.000744
2 3 0.000001 0.000758 0.998026 0.001099 0.000117
2 3 0.000001 0.001189 0.997290 0.001400 0.000120
2 3 0.000135 0.019260 0.955144 0.021954 0.003506
2 3 0.000580 0.027190 0.962601 0.003695 0.005935
2 2 0.000070 0.013626 0.985048 0.000289 0.000967
2 2 0.000042 0.007282 0.990859 0.000393 0.001424
2 2 0.000045 0.004206 0.990945 0.001211 0.003593
2 2 0.000026 0.004761 0.993155 0.000662 0.001396
2 2 0.000003 0.000976 0.995017 0.003733 0.000271
2 2 0.000148 0.024397 0.966945 0.000080 0.008430
2 2 0.000129 0.015832 0.978709 0.000161 0.005169
2 2 0.000009 0.002261 0.996683 0.000565 0.000482
2 2 0.000013 0.004119 0.995161 0.000171 0.000535
2 2 0.000014 0.007164 0.992426 0.000041 0.000355
2 2 0.000002 0.001710 0.998116 0.000079 0.000093
2 2 0.000003 0.002136 0.997654 0.000089 0.000118
2 2 0.000051 0.009545 0.989106 0.000427 0.000871
2 2 0.000289 0.042537 0.944872 0.000257 0.012045
2 2 0.000575 0.042942 0.942281 0.000736 0.013466
2 2 0.004472 0.148546 0.736266 0.000072 0.110644
2 2 0.000184 0.023542 0.968001 0.000758 0.007515
2 2 0.001336 0.129675 0.844143 0.000064 0.024781
2 3 0.000056 0.007505 0.990053 0.000711 0.001674
2 3 0.000057 0.006462 0.986466 0.004740 0.002275
2 3 0.000002 0.000642 0.995456 0.003686 0.000213
2 3 0.000003 0.001843 0.934835 0.062906 0.000413
2 3 0.000000 0.000337 0.758365 0.241195 0.000104
3 3 0.000000 0.000443 0.197166 0.802262 0.000128
3 3 0.000006 0.004514 0.487915 0.506697 0.000869
2 3 0.000003 0.001788 0.785180 0.212431 0.000597
2 3 0.000017 0.004672 0.570334 0.423299 0.001678
2 3 0.000014 0.008062 0.842984 0.147660 0.001279
2 3 0.000629 0.070975 0.843331 0.074257 0.010808
2 2 0.001023 0.109892 0.882505 0.000290 0.006289
2 2 0.003953 0.166431 0.758999 0.003940 0.066677
2 2 0.002706 0.114814 0.808423 0.001462 0.072595
2 2 0.000022 0.003310 0.994454 0.000916 0.001298
2 2 0.000066 0.012323 0.985165 0.000110 0.002335
2 2 0.000034 0.007233 0.991555 0.000283 0.000895
2 2 0.000037 0.006385 0.991950 0.000351 0.001276
2 2 0.000020 0.007845 0.991670 0.000100 0.000365
2 2 0.000001 0.001290 0.998630 0.000022 0.000056
2 2 0.000001 0.001049 0.998778 0.000101 0.000070
2 2 0.000005 0.002910 0.996792 0.000118 0.000175
2 2 0.000117 0.014447 0.981368 0.000794 0.003274
2 2 0.000190 0.022126 0.973992 0.000298 0.003393
2 2 0.000039 0.007295 0.990168 0.000132 0.002366
2 2 0.000328 0.024762 0.962773 0.000260 0.011876
2 2 0.000210 0.027144 0.967653 0.001815 0.003179
2 2 0.000227 0.037409 0.955199 0.000106 0.007058
2 2 0.000023 0.004939 0.993238 0.001002 0.000798
2 2 0.000003 0.002281 0.997170 0.000405 0.000141
2 2 0.000013 0.006945 0.992739 0.000055 0.000248
2 2 0.000009 0.002236 0.996747 0.000483 0.000525
2 2 0.000005 0.001981 0.996687 0.001045 0.000282
2 2 0.000663 0.029809 0.954299 0.001313 0.013915
2 2 0.002571 0.036396 0.949525 0.007215 0.004293
2 1 0.002483 0.152750 0.838393 0.000260 0.006114
2 2 0.001204 0.107813 0.885956 0.000221 0.004805
2 2 0.000283 0.022398 0.963511 0.000189 0.013619
2 2 0.000332 0.036922 0.943490 0.000027 0.019230
2 2 0.001255 0.217021 0.739335 0.000001 0.042388
2 2 0.001378 0.136945 0.827540 0.000027 0.034110
2 2 0.001023 0.077605 0.880200 0.000026 0.041146
2 2 0.001936 0.064504 0.796803 0.000102 0.136656
2 2 0.000593 0.026102 0.937268 0.000402 0.035635
2 2 0.002720 0.064778 0.737084 0.000194 0.195224
2 4 0.007880 0.112816 0.450633 0.000079 0.428593
2 4 0.010267 0.133326 0.481218 0.000296 0.374893
4 4 0.029399 0.049795 0.012747 0.000021 0.908038
4 4 0.032190 0.107704 0.032968 0.000017 0.827120
4 4 0.019055 0.259849 0.073449 0.000035 0.647612
4 4 0.018122 0.173246 0.040798 0.000021 0.767812
4 4 0.067003 0.265803 0.062838 0.000991 0.603364
4 4 0.044430 0.092979 0.034401 0.000044 0.828147
4 4 0.050155 0.183672 0.088912 0.000072 0.677189
1 4 0.014930 0.435606 0.157469 0.000138 0.391858
4 4 0.028137 0.239382 0.086243 0.000203 0.646035
4 4 0.022359 0.029618 0.005981 0.000009 0.942033
4 4 0.025260 0.194413 0.058968 0.000014 0.721346
4 4 0.012418 0.112640 0.018832 0.000013 0.856098
4 4 0.018149 0.031452 0.005140 0.000009 0.945251
4 4 0.026562 0.038731 0.009032 0.000028 0.925647
4 4 0.020078 0.042140 0.008317 0.000033 0.929433
4 4 0.019918 0.022087 0.004012 0.000004 0.953979
4 4 0.033700 0.043886 0.012062 0.000017 0.910334
4 4 0.188307 0.072227 0.016587 0.000118 0.722761
4 4 0.077614 0.039538 0.006363 0.000014 0.876472
4 4 0.100722 0.031053 0.003708 0.000004 0.864513
4 4 0.257408 0.065333 0.006169 0.000029 0.671061
4 4 0.024603 0.023599 0.004936 0.000006 0.946857
4 4 0.023255 0.022047 0.004416 0.000005 0.950278
4 4 0.302088 0.054483 0.007067 0.000026 0.636337
4 4 0.032716 0.034138 0.008948 0.000019 0.924180
4 4 0.036507 0.024525 0.004168 0.000004 0.934796
4 1 0.258118 0.154971 0.071587 0.000816 0.514508
0 1 0.650936 0.188590 0.085215 0.004957 0.070302
1 1 0.068995 0.616411 0.119770 0.000203 0.194620
1 1 0.027659 0.757078 0.156102 0.000012 0.059149
1 1 0.020679 0.527020 0.340669 0.000005 0.111628
1 1 0.011213 0.507949 0.371695 0.000003 0.109139
2 2 0.001956 0.176050 0.777695 0.000048 0.044251
2 2 0.002440 0.125972 0.810134 0.000206 0.061248
2 2 0.003540 0.152768 0.801595 0.000124 0.041974
2 2 0.004567 0.148163 0.737045 0.000079 0.110145
2 2 0.000491 0.028606 0.942915 0.000196 0.027792
2 2 0.003568 0.112291 0.733651 0.000064 0.150427
2 2 0.000180 0.022392 0.963281 0.000034 0.014112
2 2 0.000723 0.038438 0.907483 0.000094 0.053263
2 2 0.000063 0.007082 0.986315 0.000228 0.006312
2 2 0.000192 0.016373 0.973205 0.000245 0.009985
2 2 0.000021 0.004025 0.993289 0.000135 0.002530
2 2 0.000004 0.001587 0.997572 0.000081 0.000756
2 2 0.000041 0.008820 0.987268 0.000038 0.003832
2 2 0.000007 0.001818 0.996585 0.000131 0.001458
2 2 0.000070 0.014197 0.976663 0.000012 0.009057
2 2 0.000234 0.021934 0.960395 0.000073 0.017364
2 2 0.000269 0.025450 0.954187 0.000054 0.020041
2 2 0.001347 0.046406 0.912217 0.000666 0.039364
2 2 0.000009 0.004191 0.995056 0.000026 0.000718
2 2 0.000002 0.000983 0.998551 0.000285 0.000179
2 2 0.000003 0.000605 0.997744 0.001226 0.000423
2 2 0.000004 0.001689 0.997714 0.000111 0.000481
2 2 0.000035 0.011112 0.985250 0.000009 0.003593
2 2 0.000113 0.032696 0.958123 0.000002 0.009066
2 2 0.000123 0.034156 0.957666 0.000003 0.008052
2 2 0.000106 0.021725 0.971664 0.000015 0.006490
2 2 0.000022 0.004644 0.993428 0.000146 0.001759
2 2 0.000025 0.003762 0.994112 0.000843 0.001259
2 2 0.000001 0.000966 0.998848 0.000083 0.000102
2 2 0.000007 0.002816 0.996540 0.000071 0.000566
2 2 0.000002 0.001882 0.997877 0.000025 0.000214
2 2 0.000016 0.003013 0.995317 0.000377 0.001276
2 2 0.000290 0.020759 0.969095 0.000467 0.009389
2 2 0.000011 0.001596 0.995389 0.002250 0.000755
2 2 0.000024 0.002866 0.993714 0.002205 0.001191
2 2 0.001014 0.025349 0.946629 0.015645 0.011363
1 1 0.221646 0.457050 0.255862 0.000362 0.065080
2 1 0.004612 0.422399 0.551050 0.000137 0.021802
1 1 0.017546 0.580517 0.305622 0.000014 0.096300
2 1 0.006756 0.185118 0.750926 0.000349 0.056852
2 1 0.011175 0.362975 0.558935 0.000054 0.066862
2 1 0.019141 0.174549 0.459882 0.000505 0.345923
4 1 0.014602 0.119496 0.368100 0.000291 0.497510
1 1 0.023716 0.370943 0.257136 0.000011 0.348194
1 1 0.016232 0.402354 0.352917 0.001229 0.227268
1 2 0.016475 0.437973 0.355549 0.000065 0.189938
2 2 0.005832 0.128164 0.742235 0.000309 0.123460
2 2 0.010606 0.190133 0.507723 0.000066 0.291473
2 2 0.010029 0.173605 0.583750 0.001030 0.231587
1 2 0.012036 0.486761 0.397500 0.000927 0.102776
1 2 0.027084 0.413759 0.382395 0.002751 0.174011
2 2 0.019786 0.326092 0.393359 0.000810 0.259952
4 2 0.017501 0.180865 0.341766 0.000174 0.459694
2 2 0.004705 0.249881 0.628942 0.000323 0.116149
2 2 0.014310 0.209892 0.551247 0.020383 0.204168
4 2 0.019310 0.182662 0.103600 0.016009 0.678419
2 2 0.010333 0.158676 0.578027 0.068312 0.184652
2 2 0.007152 0.090616 0.612061 0.016550 0.273622
2 2 0.008921 0.231508 0.372985 0.043487 0.343100
1 2 0.019707 0.393615 0.309291 0.035743 0.241644
2 2 0.008188 0.122414 0.388332 0.283101 0.197965
4 2 0.042113 0.150800 0.119082 0.009948 0.678057
2 3 0.011740 0.080484 0.480085 0.163447 0.264245
4 3 0.027843 0.157790 0.068694 0.005476 0.740196
4 3 0.008578 0.151123 0.268125 0.102904 0.469270
4 3 0.026842 0.254100 0.153005 0.061071 0.504982
4 3 0.007629 0.138964 0.320712 0.200320 0.332375
4 3 0.006682 0.087998 0.342953 0.060070 0.502297
3 3 0.001718 0.032932 0.316857 0.596759 0.051734
4 3 0.024341 0.254917 0.148757 0.060675 0.511311
4 3 0.010415 0.138000 0.330632 0.156025 0.364928
2 3 0.006139 0.087406 0.428927 0.190692 0.286836
3 3 0.002270 0.057137 0.295429 0.560272 0.084892
3 3 0.002669 0.069251 0.328081 0.478387 0.121611
2 3 0.005970 0.112071 0.364498 0.205846 0.311615
3 3 0.007746 0.134396 0.231780 0.496160 0.129918
3 3 0.004652 0.108671 0.204674 0.585650 0.096353
3 3 0.001025 0.024693 0.301626 0.631928 0.040728
4 3 0.034746 0.285177 0.164226 0.094002 0.421850
4 3 0.041595 0.273769 0.177249 0.091768 0.415619
4 3 0.022362 0.202627 0.249287 0.122179 0.403545
4 3 0.015141 0.284161 0.162881 0.155351 0.382467
4 3 0.017471 0.218548 0.188151 0.077863 0.497967
4 3 0.021421 0.181347 0.173075 0.036826 0.587331
4 3 0.014338 0.337022 0.117422 0.124169 0.407049
3 3 0.011462 0.254746 0.172021 0.326498 0.235274
3 3 0.005623 0.116352 0.303969 0.391520 0.182537
4 3 0.009490 0.246338 0.186693 0.238111 0.319368
4 3 0.015579 0.144975 0.267423 0.065454 0.506569
3 3 0.013770 0.205056 0.228425 0.326765 0.225985
3 3 0.004745 0.140711 0.286894 0.297878 0.269773
3 3 0.009899 0.219502 0.207919 0.301673 0.261007
4 3 0.015843 0.259314 0.081402 0.025787 0.617654
4 3 0.008849 0.156456 0.235325 0.077060 0.522310
3 3 0.001846 0.064482 0.254711 0.591879 0.087081
3 3 0.001128 0.053924 0.079176 0.842510 0.023262
4 3 0.006297 0.154534 0.274436 0.154206 0.410526
4 3 0.011892 0.190821 0.186608 0.064005 0.546675
2 3 0.010045 0.149715 0.366734 0.258661 0.214844
3 3 0.003831 0.056328 0.277708 0.597447 0.064687
3 3 0.002546 0.097498 0.103550 0.748835 0.047571
3 3 0.002688 0.100244 0.146879 0.680009 0.070181
3 3 0.000132 0.012609 0.031191 0.952377 0.003693
3 3 0.000172 0.015090 0.052793 0.925204 0.006742
3 3 0.008923 0.307113 0.131658 0.354141 0.198166
3 3 0.002912 0.124225 0.230466 0.479098 0.163298
3 3 0.002924 0.092531 0.179719 0.647281 0.077546
4 3 0.017730 0.325617 0.133035 0.134683 0.388935
3 3 0.003697 0.099841 0.262185 0.504553 0.129725
3 3 0.005047 0.125488 0.259359 0.447559 0.162547
3 3 0.006785 0.152305 0.178624 0.547172 0.115115
4 3 0.021565 0.196408 0.128899 0.025664 0.627464
4 3 0.021669 0.190660 0.053886 0.006198 0.727586
2 1 0.029559 0.079559 0.501118 0.095564 0.294200
2 1 0.042210 0.295024 0.562547 0.012016 0.088203
2 2 0.001241 0.160267 0.781660 0.000043 0.056790
2 2 0.000056 0.018904 0.978840 0.000014 0.002186
2 2 0.000080 0.026112 0.971668 0.000011 0.002129
2 2 0.000149 0.011658 0.983839 0.002438 0.001916
2 2 0.003620 0.088498 0.879834 0.003179 0.024868
2 2 0.006724 0.069056 0.843620 0.038884 0.041716
2 2 0.000299 0.031630 0.955312 0.000934 0.011825
2 2 0.000111 0.013257 0.979818 0.000132 0.006682
2 2 0.000062 0.011484 0.981373 0.000026 0.007054
2 2 0.001716 0.177874 0.714127 0.000001 0.106282
2 2 0.000422 0.044767 0.921889 0.000014 0.032908
2 2 0.000102 0.013570 0.972143 0.000031 0.014153
2 2 0.000090 0.010240 0.979708 0.000106 0.009856
2 2 0.000214 0.027557 0.965135 0.000071 0.007023
2 2 0.000024 0.005363 0.992674 0.000099 0.001840
2 2 0.000087 0.011838 0.982481 0.000113 0.005480
2 2 0.000049 0.005611 0.986192 0.000170 0.007977
2 2 0.000098 0.008686 0.975483 0.000150 0.015583
2 2 0.000500 0.022220 0.913898 0.000179 0.063203
2 2 0.000214 0.012492 0.960651 0.002910 0.023734
2 2 0.000007 0.001960 0.996601 0.000115 0.001317
2 2 0.000129 0.010184 0.968905 0.000146 0.020637
2 2 0.000091 0.011271 0.982230 0.000136 0.006272
2 2 0.000093 0.007629 0.983695 0.001208 0.007375
2 2 0.000123 0.012052 0.969916 0.000075 0.017835
2 2 0.000006 0.001169 0.997271 0.000458 0.001096
2 2 0.000007 0.001370 0.996685 0.000265 0.001674
2 2 0.000003 0.000882 0.997711 0.000918 0.000486
2 2 0.000137 0.008971 0.974623 0.000438 0.015831
2 2 0.000740 0.017141 0.905750 0.001709 0.074660
2 2 0.000974 0.044462 0.888715 0.000213 0.065636
2 2 0.000455 0.028507 0.946081 0.000176 0.024780
2 2 0.000238 0.009490 0.958262 0.004365 0.027645
2 2 0.001007 0.057298 0.823257 0.000017 0.118422
2 2 0.002745 0.060973 0.669332 0.000104 0.266846
2 2 0.002390 0.101686 0.605437 0.000005 0.290482
4 2 0.004376 0.099812 0.438471 0.000012 0.457329
4 2 0.004545 0.057732 0.426553 0.000105 0.511064
4 2 0.009093 0.148752 0.411753 0.000034 0.430368
2 2 0.007585 0.255746 0.404031 0.000066 0.332572
2 2 0.005681 0.155930 0.578267 0.000383 0.259739
2 2 0.009356 0.116229 0.705634 0.001541 0.167241
4 1 0.040705 0.269431 0.262276 0.000078 0.427510
1 2 0.030875 0.462734 0.381391 0.000048 0.124952
2 1 0.003536 0.122917 0.858040 0.001556 0.013951
2 2 0.000449 0.108997 0.881661 0.000002 0.008890
2 2 0.000343 0.060720 0.927677 0.000008 0.011253
2 2 0.000089 0.027194 0.963816 0.000002 0.008898
2 2 0.000036 0.006085 0.988368 0.000065 0.005445
2 2 0.000089 0.009484 0.980475 0.000135 0.009818
2 2 0.000178 0.021376 0.966156 0.000048 0.012241
2 2 0.000006 0.003145 0.996271 0.000032 0.000545
2 2 0.000167 0.016560 0.974770 0.000180 0.008323
2 2 0.003119 0.225145 0.723117 0.000010 0.048609
2 2 0.000223 0.055817 0.939577 0.000008 0.004375
2 2 0.000019 0.007310 0.991460 0.000021 0.001190
2 2 0.000080 0.027723 0.969036 0.000005 0.003156
2 2 0.000017 0.008430 0.990285 0.000008 0.001260
2 2 0.000179 0.025652 0.964118 0.000030 0.010021
2 2 0.000064 0.016702 0.978528 0.000011 0.004695
2 2 0.000026 0.008617 0.989640 0.000022 0.001696
2 2 0.000083 0.012218 0.980758 0.000061 0.006880
2 2 0.001486 0.110355 0.850772 0.000025 0.037361
2 2 0.000030 0.010561 0.987845 0.000020 0.001544
2 2 0.000008 0.003750 0.995829 0.000086 0.000326
2 2 0.000048 0.029153 0.969721 0.000003 0.001076
2 2 0.000061 0.027924 0.969640 0.000003 0.002372
2 2 0.000021 0.009528 0.989677 0.000018 0.000756
2 2 0.000023 0.012200 0.987044 0.000012 0.000720
2 2 0.000020 0.007096 0.992135 0.000061 0.000689
2 2 0.000030 0.006126 0.991658 0.000117 0.002070
2 2 0.000063 0.012295 0.984657 0.000067 0.002919
2 2 0.000254 0.031669 0.962917 0.000231 0.004930
2 2 0.000489 0.056680 0.927222 0.000098 0.015511
2 2 0.000728 0.046666 0.930485 0.000153 0.021969
2 2 0.000030 0.006251 0.992288 0.000354 0.001076
2 2 0.000118 0.014512 0.983275 0.000668 0.001427
2 1 0.079834 0.320295 0.573293 0.002416 0.024162
4 2 0.320501 0.181309 0.074595 0.001437 0.422158
0 0 0.679184 0.164249 0.051197 0.001173 0.104198
1 0 0.123192 0.579118 0.166074 0.000058 0.131558
1 1 0.085529 0.647160 0.251077 0.000158 0.016076
0 0 0.717132 0.232207 0.042429 0.000018 0.008214
1 0 0.142915 0.600268 0.198351 0.000186 0.058280
1 1 0.152100 0.489841 0.299812 0.000316 0.057931
1 1 0.156305 0.524954 0.294772 0.000094 0.023875
0 0 0.717223 0.227312 0.053752 0.000038 0.001675
1 0 0.188524 0.713559 0.087866 0.000282 0.009769
1 1 0.097294 0.646459 0.211031 0.000082 0.045135
1 1 0.065077 0.566428 0.328043 0.000165 0.040287
1 0 0.191647 0.472285 0.236892 0.000169 0.099006
1 0 0.023185 0.596628 0.323598 0.000007 0.056582
1 0 0.044446 0.739458 0.199539 0.000011 0.016547
1 0 0.071250 0.563953 0.224965 0.000007 0.139825
1 1 0.014944 0.448384 0.386189 0.000006 0.150478
2 1 0.004786 0.267708 0.648444 0.000009 0.079052
2 2 0.001713 0.088677 0.841407 0.000045 0.068157
2 2 0.000563 0.038439 0.939732 0.000140 0.021126
2 2 0.000037 0.007093 0.988935 0.000061 0.003874
2 2 0.000040 0.011387 0.983625 0.000009 0.004938
2 2 0.000003 0.003381 0.996423 0.000006 0.000187
2 2 0.000024 0.017489 0.981790 0.000003 0.000694
2 2 0.000020 0.005025 0.994067 0.000295 0.000593
2 2 0.000112 0.014333 0.979252 0.000111 0.006192
2 2 0.000279 0.047155 0.942554 0.000012 0.010000
2 2 0.000099 0.016734 0.976403 0.000034 0.006730
2 2 0.000057 0.023307 0.974093 0.000004 0.002539
2 2 0.000020 0.007705 0.989768 0.000008 0.002500
2 2 0.000091 0.026335 0.970668 0.000012 0.002895
2 2 0.000900 0.094277 0.873902 0.000010 0.030911
2 2 0.000035 0.010699 0.987149 0.000022 0.002095
2 2 0.000002 0.001368 0.998435 0.000024 0.000171
2 2 0.000008 0.002402 0.996890 0.000245 0.000455
2 2 0.001110 0.072014 0.875635 0.000035 0.051206
2 2 0.000024 0.004258 0.993239 0.000199 0.002280
2 2 0.000006 0.001643 0.997404 0.000221 0.000726
2 2 0.000068 0.012885 0.982631 0.000044 0.004372
2 2 0.000394 0.068218 0.921632 0.000010 0.009746
2 2 0.000100 0.019816 0.976649 0.000135 0.003300
2 2 0.000100 0.016311 0.980294 0.000105 0.003189
2 2 0.000032 0.007516 0.989096 0.000033 0.003323
2 2 0.000003 0.002544 0.997224 0.000014 0.000215
2 2 0.000031 0.006658 0.991553 0.000126 0.001633
2 2 0.000107 0.024093 0.972926 0.000032 0.002842
2 2 0.000003 0.001423 0.998164 0.000087 0.000322
2 2 0.000002 0.001017 0.998585 0.000173 0.000223
2 2 0.000067 0.009449 0.987214 0.000234 0.003036
2 2 0.000166 0.023266 0.971267 0.000082 0.005219
2 2 0.000017 0.003472 0.995220 0.000596 0.000695
2 2 0.000023 0.005766 0.992568 0.000084 0.001559
2 2 0.000012 0.003384 0.995606 0.000119 0.000879
2 2 0.000006 0.002768 0.996747 0.000065 0.000413
2 2 0.000005 0.002058 0.995739 0.001885 0.000312
2 2 0.001648 0.046855 0.855620 0.000689 0.095189
2 2 0.000132 0.015218 0.979895 0.001202 0.003554
2 2 0.000065 0.011958 0.985187 0.000094 0.002696
2 2 0.000040 0.006815 0.990214 0.000148 0.002783
2 2 0.000012 0.003220 0.995709 0.000155 0.000905
2 2 0.000028 0.008375 0.990285 0.000050 0.001262
2 2 0.000016 0.004470 0.994430 0.000125 0.000959
2 2 0.000007 0.002739 0.996586 0.000174 0.000494
2 2 0.000009 0.002758 0.991348 0.005255 0.000631
2 2 0.000206 0.013208 0.977589 0.001306 0.007690
2 2 0.000052 0.005291 0.990691 0.001302 0.002664
2 2 0.000072 0.006288 0.988735 0.001305 0.003600
2 2 0.001247 0.049072 0.924089 0.001984 0.023608
2 2 0.000093 0.009694 0.985764 0.001388 0.003062
2 2 0.000011 0.004095 0.995031 0.000372 0.000491
2 2 0.000001 0.000486 0.998137 0.001230 0.000146
2 2 0.000004 0.000944 0.996459 0.002298 0.000294
2 2 0.000006 0.001162 0.996171 0.002169 0.000492
2 2 0.000034 0.004602 0.990349 0.000499 0.004516
2 2 0.000155 0.015714 0.974543 0.000144 0.009443
2 2 0.000098 0.020103 0.973802 0.000319 0.005678
2 2 0.000032 0.004368 0.991822 0.001289 0.002490
2 2 0.000026 0.003241 0.993004 0.000485 0.003244
2 2 0.000006 0.002225 0.992038 0.004941 0.000789
2 3 0.000003 0.001140 0.969518 0.028981 0.000359
2 3 0.000076 0.008363 0.954202 0.033289 0.004069
2 3 0.000009 0.003949 0.989199 0.006276 0.000567
2 3 0.000037 0.004514 0.992437 0.000749 0.002264
2 3 0.000012 0.004006 0.995314 0.000153 0.000514
2 3 0.000037 0.013582 0.985420 0.000028 0.000933
2 3 0.000009 0.003189 0.983153 0.012999 0.000651
2 3 0.000003 0.001583 0.994002 0.004150 0.000262
2 3 0.000030 0.005971 0.991203 0.001431 0.001365
2 3 0.000156 0.025486 0.962689 0.001972 0.009697
2 3 0.000023 0.006965 0.989550 0.001192 0.002268
2 3 0.000172 0.017410 0.969492 0.004466 0.008460
2 3 0.000025 0.003821 0.900664 0.093471 0.002019
2 3 0.000032 0.003571 0.957908 0.032895 0.005594
2 3 0.000134 0.006331 0.966663 0.006216 0.020656
2 2 0.000414 0.041835 0.946409 0.000098 0.011244
2 2 0.000094 0.014866 0.977268 0.000893 0.006879
2 2 0.000022 0.004946 0.993523 0.000708 0.000800
2 2 0.000013 0.001721 0.994525 0.002366 0.001374
2 2 0.000013 0.001514 0.993427 0.004038 0.001008
2 2 0.000050 0.004587 0.990755 0.002677 0.001932
2 2 0.000027 0.003881 0.993876 0.000846 0.001371
2 2 0.000274 0.031702 0.960643 0.000094 0.007287
2 2 0.000137 0.017973 0.971570 0.000047 0.010272
2 2 0.000006 0.003625 0.995852 0.000020 0.000497
2 2 0.000056 0.009634 0.988409 0.000252 0.001648
2 2 0.000266 0.012595 0.974108 0.003718 0.009313
2 2 0.000006 0.002575 0.996741 0.000042 0.000636
2 2 0.000116 0.004261 0.993407 0.001996 0.000221
2 2 0.000068 0.010791 0.987460 0.000570 0.001110
2 2 0.001222 0.053505 0.934799 0.002256 0.008218
2 2 0.000095 0.018848 0.974705 0.000394 0.005958
2 2 0.000095 0.012044 0.982006 0.000136 0.005720
2 2 0.000067 0.016528 0.981297 0.000040 0.002068
2 2 0.001119 0.051623 0.898385 0.000157 0.048716
2 4 0.001638 0.077539 0.820245 0.000104 0.100474
4 4 0.021579 0.235663 0.069713 0.000072 0.672974
4 4 0.020208 0.224308 0.062463 0.000151 0.692869
4 4 0.024554 0.053508 0.012317 0.000019 0.909601
4 4 0.019091 0.027390 0.004965 0.000008 0.948545
4 4 0.013310 0.036287 0.005425 0.000017 0.944960
4 4 0.014299 0.045367 0.005274 0.000024 0.935036
4 4 0.017813 0.111392 0.020806 0.000017 0.849972
4 4 0.018674 0.199212 0.049597 0.000006 0.732511
4 4 0.013090 0.178900 0.034635 0.000065 0.773310
4 4 0.011636 0.285223 0.060576 0.000067 0.642498
4 4 0.037615 0.033618 0.008125 0.000017 0.920625
4 4 0.021833 0.018256 0.003054 0.000002 0.956855
4 4 0.023745 0.074207 0.017549 0.000034 0.884465
4 4 0.016441 0.074852 0.013936 0.000009 0.894763
4 4 0.014281 0.309878 0.078298 0.000013 0.597530
4 4 0.024930 0.085197 0.021207 0.000024 0.868642
4 4 0.042448 0.089651 0.019236 0.000085 0.848580
4 4 0.025864 0.051002 0.008192 0.000042 0.914901
4 4 0.022641 0.021346 0.004188 0.000004 0.951820
4 4 0.022719 0.021436 0.004217 0.000004 0.951623
4 4 0.019484 0.017676 0.003065 0.000002 0.959773
4 4 0.018235 0.016448 0.002737 0.000002 0.962579
4 4 0.014180 0.012157 0.001674 0.000001 0.971988
4 4 0.021539 0.020100 0.003796 0.000003 0.954562
4 4 0.026692 0.021496 0.003825 0.000003 0.947983
4 4 0.067921 0.020097 0.001832 0.000001 0.910150
4 4 0.069938 0.027108 0.003444 0.000003 0.899507
4 4 0.028486 0.037812 0.009192 0.000027 0.924483
4 4 0.021970 0.114297 0.027605 0.000016 0.836113
4 4 0.034773 0.225781 0.050160 0.000054 0.689232
4 4 0.024798 0.139437 0.037949 0.000010 0.797807
4 4 0.014991 0.238351 0.249036 0.000023 0.497600
4 4 0.011563 0.218867 0.382118 0.000033 0.387419
2 4 0.012301 0.224290 0.497753 0.000062 0.265593
2 4 0.011377 0.210323 0.444729 0.000061 0.333510
4 4 0.021115 0.127125 0.095489 0.000028 0.756242
4 4 0.019618 0.233745 0.064104 0.000018 0.682516
4 4 0.013307 0.327665 0.081407 0.000009 0.577612
4 4 0.013975 0.400599 0.122758 0.000073 0.462595
4 4 0.020392 0.294623 0.093040 0.000020 0.591924
4 4 0.025551 0.268251 0.094806 0.000047 0.611344
4 4 0.018044 0.373410 0.198506 0.000009 0.410031
4 4 0.022083 0.397239 0.173482 0.000005 0.407191
1 4 0.011007 0.495248 0.256898 0.000026 0.236820
4 4 0.023567 0.344332 0.229340 0.000053 0.402708
4 4 0.020173 0.356158 0.214338 0.000104 0.409227
1 4 0.018723 0.417338 0.171077 0.000029 0.392832
1 4 0.012443 0.466789 0.160268 0.000070 0.360430
4 4 0.034119 0.276912 0.122487 0.000010 0.566472
4 4 0.021381 0.226359 0.227779 0.000106 0.524374
2 4 0.008051 0.266144 0.649706 0.000071 0.076028
2 4 0.017289 0.397674 0.416278 0.000025 0.168735
1 0 0.014631 0.489527 0.357845 0.000005 0.137991
2 1 0.005318 0.337225 0.498124 0.000014 0.159319
2 1 0.009850 0.292770 0.468187 0.000029 0.229163
2 2 0.007101 0.304894 0.563728 0.000009 0.124267
2 2 0.001482 0.116658 0.850768 0.000026 0.031066
2 2 0.000328 0.050976 0.941001 0.000039 0.007656
2 2 0.000111 0.017219 0.970064 0.000019 0.012587
2 2 0.000119 0.013857 0.976968 0.000120 0.008936
2 2 0.000664 0.051071 0.924196 0.000066 0.024003
2 2 0.000242 0.030353 0.952631 0.000023 0.016750
2 2 0.000086 0.030807 0.965001 0.000003 0.004103
2 2 0.000010 0.005508 0.993493 0.000010 0.000978
2 2 0.000011 0.002444 0.995609 0.000156 0.001780
2 2 0.000092 0.009778 0.983067 0.000224 0.006840
2 2 0.000851 0.049209 0.903359 0.000074 0.046507
2 2 0.000552 0.075912 0.892378 0.000004 0.031155
2 2 0.000189 0.027788 0.957220 0.000015 0.014788
2 2 0.000184 0.017498 0.970612 0.000131 0.011575
2 2 0.000043 0.005919 0.990448 0.000277 0.003312
2 2 0.000011 0.002470 0.996123 0.000206 0.001190
2 2 0.000113 0.011315 0.979523 0.000184 0.008865
2 2 0.000033 0.006465 0.988650 0.000042 0.004810
2 2 0.000001 0.000663 0.998776 0.000055 0.000505
2 2 0.000016 0.002206 0.993671 0.000286 0.003821
2 2 0.000006 0.002816 0.995534 0.000008 0.001636
2 2 0.000001 0.000658 0.999096 0.000023 0.000223
2 2 0.000072 0.011398 0.982222 0.000054 0.006254
2 2 0.000483 0.037533 0.932205 0.000054 0.029724
2 2 0.000132 0.009424 0.974037 0.000304 0.016103
2 2 0.000062 0.014619 0.978971 0.000011 0.006338
2 2 0.000013 0.003320 0.992476 0.000022 0.004170
2 2 0.000003 0.001357 0.997597 0.000034 0.001009
2 2 0.000010 0.003332 0.995436 0.000059 0.001162
2 2 0.000128 0.015361 0.971733 0.000052 0.012725
2 2 0.000016 0.004453 0.993824 0.000060 0.001646
2 2 0.000027 0.003686 0.990739 0.000174 0.005374
2 2 0.000007 0.001852 0.997249 0.000341 0.000551
2 2 0.000064 0.003713 0.985086 0.007742 0.003395
2 2 0.000186 0.009781 0.975198 0.001179 0.013656
2 2 0.000016 0.002973 0.995439 0.000578 0.000994
2 2 0.000019 0.002931 0.994682 0.001056 0.001313
2 2 0.000034 0.003630 0.992633 0.001358 0.002344
2 2 0.000108 0.015714 0.978075 0.000079 0.006024
2 2 0.000030 0.004192 0.991930 0.000279 0.003569
2 2 0.000012 0.001977 0.995959 0.001096 0.000957
2 2 0.000002 0.000418 0.997623 0.001658 0.000300
2 3 0.000007 0.002190 0.997046 0.000161 0.000596
2 3 0.000061 0.005324 0.987166 0.001874 0.005575
2 3 0.000014 0.005868 0.992418 0.000809 0.000892
2 3 0.000002 0.001228 0.947514 0.050940 0.000316
2 3 0.000000 0.000137 0.739388 0.260294 0.000181
2 3 0.000001 0.000994 0.993360 0.005465 0.000180
2 3 0.000018 0.001874 0.992326 0.004596 0.001186
2 3 0.000007 0.002634 0.982680 0.014128 0.000552
2 3 0.000019 0.004531 0.987128 0.006968 0.001354
2 3 0.000025 0.004983 0.990390 0.001831 0.002771
2 3 0.000207 0.012910 0.972219 0.001255 0.013409
2 3 0.000021 0.004578 0.969552 0.024215 0.001634
2 3 0.000009 0.001474 0.990981 0.006901 0.000635
2 3 0.000021 0.003111 0.812880 0.182186 0.001801
2 3 0.000153 0.013585 0.781188 0.192908 0.012166
2 3 0.000000 0.000351 0.942800 0.056716 0.000133
2 3 0.000000 0.000371 0.868940 0.130512 0.000177
2 3 0.000000 0.000206 0.934329 0.065343 0.000122
2 3 0.000005 0.001688 0.948020 0.049295 0.000992
3 3 0.000000 0.000223 0.482613 0.517051 0.000113
2 3 0.000001 0.000266 0.906096 0.093457 0.000180
2 3 0.000007 0.001990 0.950335 0.046927 0.000741
2 3 0.000267 0.024433 0.961554 0.000105 0.013640
2 3 0.000013 0.002605 0.995986 0.000637 0.000759
2 3 0.000048 0.004547 0.989194 0.003924 0.002287
2 3 0.000011 0.003867 0.984271 0.011018 0.000833
2 3 0.000012 0.002536 0.992071 0.004676 0.000705
2 3 0.000089 0.012455 0.864504 0.116849 0.006103
2 3 0.000040 0.017822 0.879870 0.100062 0.002206
2 3 0.000015 0.007127 0.977414 0.014582 0.000862
2 3 0.000001 0.000591 0.990750 0.008520 0.000138
2 3 0.000005 0.000906 0.933159 0.065036 0.000895
2 3 0.000080 0.008377 0.985906 0.000347 0.005289
2 3 0.000006 0.001834 0.995338 0.002446 0.000376
2 3 0.000011 0.004654 0.960630 0.033829 0.000875
2 3 0.000008 0.005951 0.929085 0.064152 0.000803
2 3 0.000003 0.001655 0.917280 0.080604 0.000457
2 3 0.000010 0.003986 0.989582 0.005862 0.000560
2 3 0.000003 0.001031 0.992891 0.005790 0.000286
2 3 0.000008 0.002415 0.936642 0.060103 0.000832
2 3 0.000088 0.015454 0.956708 0.024618 0.003132
2 3 0.000008 0.007340 0.967718 0.024278 0.000656
2 3 0.000024 0.005850 0.959800 0.031192 0.003134
2 3 0.000071 0.010350 0.963366 0.018229 0.007983
2 2 0.001671 0.054449 0.926279 0.003045 0.014557
2 2 0.022218 0.219445 0.525452 0.000846 0.232040
2 2 0.033478 0.328262 0.547837 0.003117 0.087307
2 2 0.000125 0.020689 0.970813 0.000062 0.008311
2 2 0.000008 0.002354 0.996542 0.000146 0.000950
2 2 0.000090 0.010642 0.976411 0.000061 0.012796
2 2 0.000545 0.038654 0.926638 0.000062 0.034102
2 2 0.017263 0.148087 0.734098 0.000429 0.100122
2 2 0.000030 0.007911 0.990059 0.000047 0.001953
2 2 0.000014 0.005186 0.993998 0.000060 0.000742
2 2 0.000003 0.002776 0.996984 0.000021 0.000215
2 2 0.000025 0.012086 0.986998 0.000012 0.000879
2 2 0.000069 0.018607 0.979551 0.000034 0.001739
2 2 0.000330 0.044684 0.950965 0.000063 0.003958
2 2 0.000134 0.026599 0.968709 0.000026 0.004533
2 2 0.000209 0.058081 0.932074 0.000002 0.009635
2 2 0.000003 0.003609 0.996221 0.000008 0.000159
2 2 0.000033 0.006950 0.992052 0.000149 0.000816
2 2 0.000147 0.026171 0.968801 0.000036 0.004845
2 2 0.000067 0.019047 0.977900 0.000014 0.002972
2 2 0.000088 0.035295 0.962880 0.000006 0.001731
2 2 0.000185 0.063556 0.932372 0.000003 0.003884
2 2 0.000369 0.041213 0.946891 0.000051 0.011477
2 2 0.000072 0.016234 0.981932 0.000074 0.001688
