0 0 0.917306 0.045489 0.013824 0.000179 0.023202
0 0 0.897811 0.051983 0.023304 0.000519 0.026382
0 0 0.979889 0.008207 0.001431 0.000004 0.010468
0 0 0.980775 0.004496 0.000669 0.000001 0.014059
0 0 0.984095 0.005267 0.000805 0.000001 0.009832
0 0 0.978735 0.010100 0.001859 0.000005 0.009300
0 0 0.958630 0.016760 0.003744 0.000022 0.020844
0 0 0.967238 0.011504 0.002288 0.000010 0.018961
0 0 0.905055 0.010143 0.002143 0.000019 0.082640
0 0 0.854675 0.041157 0.011374 0.000142 0.092651
0 0 0.958839 0.024094 0.005309 0.000020 0.011738
0 0 0.959052 0.020914 0.004866 0.000028 0.015140
0 0 0.974829 0.015763 0.003235 0.000010 0.006162
0 0 0.983949 0.008627 0.001215 0.000001 0.006208
0 0 0.978620 0.012140 0.002311 0.000006 0.006923
0 0 0.910867 0.031414 0.005667 0.000010 0.052042
0 0 0.977816 0.012316 0.002375 0.000007 0.007486
0 0 0.974904 0.016616 0.003428 0.000010 0.005042
0 0 0.998468 0.000684 0.000051 0.000000 0.000798
0 0 0.973916 0.007197 0.001243 0.000004 0.017640
0 0 0.989339 0.005774 0.000864 0.000001 0.004022
0 0 0.988787 0.005648 0.000847 0.000001 0.004718
0 0 0.996732 0.002225 0.000233 0.000000 0.000810
0 0 0.994029 0.002964 0.000358 0.000000 0.002649
0 0 0.986524 0.004804 0.000707 0.000001 0.007964
0 0 0.987853 0.008051 0.001303 0.000002 0.002792
0 0 0.984490 0.010031 0.001756 0.000003 0.003720
0 0 0.934302 0.015747 0.003628 0.000032 0.046291
0 0 0.944130 0.022125 0.005464 0.000046 0.028235
0 0 0.959596 0.024305 0.005607 0.000025 0.010467
0 0 0.959665 0.025352 0.005033 0.000011 0.009940
0 0 0.986483 0.010368 0.001153 0.000000 0.001995
0 0 0.975145 0.015515 0.002296 0.000002 0.007042
0 0 0.963341 0.013896 0.002498 0.000006 0.020259
0 0 0.989362 0.004984 0.000722 0.000001 0.004930
0 0 0.989341 0.005004 0.000726 0.000001 0.004927
0 0 0.992790 0.002495 0.000294 0.000000 0.004420
0 0 0.984719 0.005142 0.000778 0.000001 0.009359
0 0 0.983122 0.010996 0.001604 0.000001 0.004277
0 0 0.971085 0.021291 0.003025 0.000001 0.004597
0 0 0.938163 0.037351 0.008550 0.000031 0.015906
0 0 0.969852 0.017373 0.003264 0.000007 0.009505
0 0 0.979426 0.010290 0.001894 0.000005 0.008385
0 0 0.981610 0.009113 0.001300 0.000001 0.007976
0 0 0.834185 0.099604 0.012109 0.000002 0.054101
0 0 0.858286 0.111878 0.010975 0.000000 0.018860
0 0 0.930244 0.050427 0.005890 0.000001 0.013438
0 0 0.982942 0.010573 0.001265 0.000000 0.005220
0 0 0.943362 0.035439 0.003366 0.000000 0.017832
0 0 0.619011 0.076568 0.034915 0.003453 0.266052
0 0 0.697057 0.215289 0.083269 0.000642 0.003742
0 0 0.528785 0.358123 0.035544 0.000001 0.077547
1 0 0.416924 0.425180 0.047184 0.000001 0.110711
0 0 0.482241 0.367335 0.047731 0.000003 0.102690
1 0 0.412993 0.421289 0.050606 0.000002 0.115110
0 1 0.565354 0.282241 0.043985 0.000009 0.108410
1 1 0.078256 0.642810 0.096141 0.000005 0.182787
1 1 0.263173 0.551260 0.101851 0.000020 0.083695
1 0 0.369651 0.495897 0.105269 0.000004 0.029180
0 0 0.790622 0.161332 0.027951 0.000010 0.020085
1 1 0.043359 0.723562 0.163735 0.000032 0.069311
1 2 0.068069 0.704675 0.154984 0.000033 0.072240
2 2 0.010000 0.314214 0.658953 0.000102 0.016730
2 2 0.037929 0.409729 0.477935 0.000163 0.074244
2 2 0.025391 0.444776 0.482368 0.000160 0.047305
2 2 0.010076 0.330077 0.595430 0.000255 0.064162
2 2 0.002173 0.092252 0.873702 0.000730 0.031144
2 2 0.002320 0.062182 0.908439 0.000276 0.026783
2 2 0.001207 0.051921 0.927209 0.000190 0.019474
2 2 0.001210 0.020380 0.975610 0.001398 0.001402
2 2 0.001473 0.040445 0.949223 0.004774 0.004086
2 2 0.000473 0.010584 0.977927 0.010227 0.000788
2 2 0.001138 0.025823 0.959515 0.010701 0.002823
2 2 0.001620 0.014924 0.969436 0.013309 0.000712
2 2 0.006809 0.026039 0.870630 0.094289 0.002232
2 3 0.000610 0.006139 0.922093 0.070664 0.000494
2 3 0.002156 0.009606 0.836148 0.151274 0.000816
2 3 0.009239 0.041430 0.902548 0.043288 0.003495
2 3 0.003144 0.012644 0.895839 0.087453 0.000919
2 3 0.011153 0.029917 0.882350 0.074507 0.002073
2 3 0.091427 0.126396 0.655875 0.111840 0.014462
0 0 0.909792 0.058695 0.023221 0.000274 0.008018
0 0 0.941610 0.032536 0.008761 0.000075 0.017017
0 0 0.889139 0.054321 0.011697 0.000032 0.044813
0 0 0.650056 0.279047 0.034524 0.000002 0.036372
1 0 0.381615 0.518403 0.070581 0.000003 0.029398
0 0 0.478704 0.337634 0.059356 0.000019 0.124288
0 1 0.428192 0.389447 0.054194 0.000005 0.128161
1 1 0.352902 0.368197 0.066469 0.000023 0.212410
1 1 0.313432 0.411873 0.083652 0.000043 0.191000
1 2 0.070474 0.643986 0.175369 0.000123 0.110048
1 1 0.035812 0.683819 0.182473 0.000082 0.097814
1 2 0.017681 0.536066 0.135699 0.000033 0.310521
2 2 0.017834 0.353686 0.430681 0.000311 0.197488
2 2 0.006090 0.130728 0.818954 0.000720 0.043508
2 2 0.000339 0.041610 0.940643 0.000866 0.016542
2 2 0.000129 0.022423 0.973173 0.000757 0.003518
2 2 0.000132 0.013737 0.980620 0.001894 0.003617
2 2 0.000053 0.005126 0.988893 0.005367 0.000561
2 2 0.002286 0.019407 0.963529 0.013674 0.001104
2 2 0.012087 0.046370 0.743125 0.190491 0.007927
2 2 0.003446 0.014097 0.773655 0.206930 0.001871
3 2 0.000348 0.002895 0.440035 0.555736 0.000985
3 2 0.000501 0.003426 0.229051 0.764778 0.002245
3 2 0.001764 0.008733 0.252267 0.731343 0.005894
3 2 0.001535 0.007691 0.399108 0.588852 0.002815
3 2 0.000318 0.002238 0.247577 0.748777 0.001089
3 3 0.000106 0.001146 0.233114 0.764950 0.000685
3 3 0.001638 0.007241 0.330812 0.657517 0.002792
3 3 0.006615 0.019949 0.393479 0.573092 0.006865
3 3 0.000359 0.002076 0.121736 0.874160 0.001668
3 3 0.001922 0.005766 0.080847 0.905668 0.005798
3 3 0.010857 0.022656 0.112683 0.831578 0.022226
3 3 0.002273 0.007180 0.103265 0.880557 0.006725
3 3 0.006973 0.016994 0.120656 0.839403 0.015974
3 3 0.003548 0.012687 0.189271 0.784623 0.009871
3 3 0.000807 0.004058 0.153483 0.838503 0.003149
3 3 0.000333 0.002040 0.132744 0.863297 0.001586
3 3 0.000025 0.000301 0.113119 0.886342 0.000214
3 3 0.000361 0.001962 0.105108 0.890912 0.001656
3 3 0.000761 0.001984 0.029335 0.965310 0.002610
3 3 0.001199 0.004659 0.108777 0.881219 0.004147
3 3 0.001653 0.005513 0.094090 0.893508 0.005236
3 3 0.000378 0.001886 0.088127 0.907920 0.001689
3 3 0.002406 0.008090 0.125041 0.857333 0.007129
3 3 0.007345 0.016842 0.107945 0.851395 0.016473
3 3 0.006355 0.013897 0.086913 0.878336 0.014500
3 3 0.006998 0.015177 0.091136 0.871026 0.015663
3 3 0.000801 0.004170 0.165800 0.826081 0.003148
3 3 0.029785 0.053729 0.180153 0.694496 0.041836
3 3 0.000734 0.002202 0.040488 0.953961 0.002616
3 3 0.000599 0.001593 0.025886 0.969772 0.002149
3 3 0.002916 0.006810 0.058770 0.923755 0.007749
3 3 0.000779 0.002681 0.059383 0.934322 0.002835
3 2 0.001547 0.006419 0.152453 0.834414 0.005167
3 2 0.011313 0.024455 0.286970 0.667951 0.009310
2 2 0.019005 0.099516 0.648557 0.179770 0.053152
2 2 0.000981 0.028159 0.807280 0.144476 0.019103
2 2 0.000255 0.007454 0.912785 0.077609 0.001897
2 2 0.000169 0.009759 0.936971 0.049432 0.003669
2 2 0.003042 0.049867 0.928749 0.012475 0.005867
2 2 0.001212 0.011691 0.933353 0.052586 0.001157
2 3 0.000222 0.004108 0.954609 0.040669 0.000392
2 3 0.000590 0.005389 0.734438 0.258503 0.001080
2 3 0.000509 0.003930 0.710343 0.284544 0.000674
3 3 0.033812 0.058406 0.249714 0.595560 0.062509
3 3 0.013123 0.027408 0.256998 0.669843 0.032628
2 3 0.031213 0.128472 0.430080 0.288462 0.121773
2 3 0.001894 0.026479 0.865148 0.098223 0.008256
3 3 0.002021 0.009164 0.338053 0.646716 0.004046
3 3 0.000538 0.002978 0.145803 0.848382 0.002300
3 3 0.000554 0.003259 0.172062 0.821744 0.002381
3 3 0.000766 0.003715 0.135630 0.856889 0.002999
3 3 0.012426 0.033047 0.219201 0.709597 0.025730
3 3 0.058967 0.103846 0.224963 0.530776 0.081449
3 3 0.016552 0.033273 0.137367 0.781798 0.031011
3 3 0.000986 0.003051 0.054077 0.938521 0.003365
3 3 0.000991 0.002528 0.033661 0.959588 0.003232
3 3 0.032231 0.060084 0.182948 0.674323 0.050414
3 3 0.007353 0.019514 0.153504 0.802701 0.016927
3 3 0.000440 0.001420 0.033570 0.962832 0.001739
3 3 0.000461 0.001592 0.041127 0.954985 0.001835
3 3 0.000723 0.001892 0.028553 0.966330 0.002502
3 3 0.001125 0.002842 0.035973 0.956475 0.003585
3 3 0.003292 0.008404 0.079757 0.899820 0.008727
3 3 0.008842 0.018789 0.102128 0.851364 0.018878
3 3 0.002122 0.006841 0.103355 0.881301 0.006382
3 3 0.002767 0.006785 0.063846 0.919104 0.007499
3 3 0.001281 0.003526 0.048928 0.942196 0.004070
3 3 0.007319 0.015812 0.093162 0.867472 0.016235
3 3 0.004163 0.009438 0.070388 0.905686 0.010325
3 3 0.001074 0.002724 0.035118 0.957631 0.003453
3 3 0.003725 0.009144 0.079080 0.898470 0.009582
3 3 0.001319 0.004149 0.069432 0.920807 0.004294
3 3 0.001476 0.004126 0.056228 0.933576 0.004594
3 3 0.002310 0.005499 0.052164 0.933608 0.006419
3 3 0.002757 0.006468 0.057106 0.926265 0.007405
3 3 0.003677 0.008422 0.066107 0.912453 0.009341
3 3 0.000719 0.001883 0.028476 0.966430 0.002492
3 3 0.000281 0.000793 0.017371 0.980396 0.001159
3 3 0.009252 0.019582 0.104384 0.847210 0.019572
3 3 0.002701 0.006348 0.056515 0.927152 0.007284
3 3 0.001053 0.003249 0.056345 0.935803 0.003550
3 3 0.005366 0.011972 0.081021 0.888965 0.012676
3 3 0.004209 0.009531 0.070771 0.905074 0.010415
3 3 0.000843 0.002180 0.030949 0.963191 0.002836
3 3 0.001999 0.005743 0.074733 0.911591 0.005935
3 3 0.002746 0.006446 0.056998 0.926428 0.007383
3 3 0.002801 0.006564 0.057577 0.925556 0.007502
3 3 0.001158 0.002917 0.036506 0.955752 0.003668
3 3 0.001310 0.003269 0.038935 0.952429 0.004056
3 3 0.002991 0.006970 0.059529 0.922602 0.007909
3 3 0.016134 0.033828 0.149257 0.770185 0.030596
3 3 0.003921 0.008933 0.068289 0.909020 0.009838
3 3 0.011076 0.023073 0.113757 0.829514 0.022581
3 3 0.001700 0.005753 0.099427 0.887745 0.005374
3 3 0.002020 0.005915 0.078916 0.907140 0.006009
3 3 0.006415 0.015048 0.103788 0.859931 0.014817
3 3 0.004653 0.011265 0.089456 0.883157 0.011469
3 3 0.006367 0.013922 0.086998 0.878189 0.014523
3 3 0.003389 0.007815 0.063433 0.916616 0.008747
3 3 0.000670 0.001765 0.027444 0.967769 0.002353
3 3 0.000327 0.000944 0.020460 0.976945 0.001324
3 3 0.000663 0.002840 0.090747 0.903151 0.002599
3 3 0.001890 0.005962 0.090313 0.896056 0.005779
3 3 0.005987 0.014075 0.099434 0.866493 0.014011
3 3 0.001916 0.004632 0.047382 0.940554 0.005517
3 3 0.001580 0.003882 0.042902 0.946914 0.004721
3 3 0.008948 0.018994 0.102716 0.850285 0.019057
3 3 0.018243 0.036310 0.143207 0.768776 0.033463
3 3 0.008986 0.019069 0.102930 0.849892 0.019123
3 3 0.009500 0.020060 0.105719 0.844733 0.019988
3 3 0.000615 0.002512 0.076610 0.917845 0.002418
3 3 0.002592 0.007256 0.084361 0.898482 0.007309
3 3 0.000964 0.003163 0.061538 0.930990 0.003345
3 3 0.001230 0.003083 0.037669 0.954166 0.003852
3 3 0.001725 0.004207 0.044887 0.944114 0.005068
3 3 0.002159 0.005170 0.050392 0.936201 0.006078
3 3 0.000395 0.001332 0.034643 0.962025 0.001605
3 3 0.005909 0.013003 0.083843 0.883566 0.013679
3 3 0.002790 0.006540 0.057458 0.925735 0.007477
3 3 0.002509 0.006148 0.059445 0.924982 0.006917
3 3 0.000669 0.002711 0.079726 0.914307 0.002588
3 3 0.000816 0.004567 0.199429 0.791957 0.003232
3 3 0.000671 0.003236 0.122072 0.871335 0.002687
3 3 0.007841 0.017229 0.101863 0.855836 0.017231
3 3 0.004507 0.010149 0.073252 0.901086 0.011006
3 3 0.007345 0.015862 0.093321 0.867192 0.016280
3 3 0.020980 0.041208 0.152327 0.748163 0.037321
3 3 0.011058 0.023038 0.113668 0.829685 0.022551
3 3 0.026302 0.050538 0.167765 0.710930 0.044465
3 3 0.002885 0.006743 0.058447 0.924243 0.007682
3 3 0.005039 0.011239 0.077455 0.894230 0.012037
3 3 0.002423 0.005746 0.053459 0.931701 0.006672
3 3 0.003174 0.007360 0.061359 0.919810 0.008297
3 3 0.006111 0.013409 0.085253 0.881173 0.014053
3 3 0.004099 0.009304 0.069838 0.906562 0.010197
3 3 0.002770 0.006496 0.057246 0.926055 0.007434
3 3 0.000923 0.002368 0.032438 0.961220 0.003051
3 3 0.001287 0.003214 0.038567 0.952935 0.003997
3 3 0.003708 0.008488 0.066392 0.912007 0.009406
3 3 0.000958 0.002452 0.033083 0.960360 0.003146
3 3 0.001231 0.003086 0.037694 0.954133 0.003856
3 3 0.002459 0.005825 0.053871 0.931091 0.006753
3 3 0.001689 0.004126 0.044400 0.944804 0.004982
3 3 0.003572 0.008202 0.065150 0.913948 0.009127
3 3 0.003103 0.007209 0.060656 0.920885 0.008147
3 3 0.000794 0.002063 0.029992 0.964450 0.002701
3 3 0.002766 0.006489 0.057208 0.926111 0.007426
3 3 0.003087 0.007176 0.060502 0.921121 0.008114
3 3 0.024974 0.034580 0.145419 0.747398 0.047629
2 1 0.189882 0.176491 0.282423 0.249466 0.101738
2 2 0.054758 0.191518 0.661800 0.050005 0.041919
2 2 0.017293 0.077079 0.808376 0.082829 0.014423
2 2 0.000710 0.004739 0.586302 0.407174 0.001075
2 2 0.005596 0.036282 0.896223 0.056593 0.005306
2 2 0.006907 0.044854 0.926519 0.017575 0.004145
2 2 0.004000 0.043307 0.922367 0.023652 0.006673
2 2 0.006664 0.062994 0.831108 0.078921 0.020314
2 2 0.000926 0.028104 0.909889 0.049972 0.011109
2 2 0.012169 0.283260 0.544778 0.006973 0.152820
2 2 0.005273 0.240263 0.385590 0.000957 0.367916
4 2 0.014046 0.230368 0.184928 0.000863 0.569796
4 2 0.048696 0.319236 0.109585 0.000472 0.522011
4 2 0.129776 0.272592 0.082273 0.000320 0.515039
4 2 0.027874 0.277663 0.104894 0.000639 0.588929
4 2 0.017800 0.232700 0.111220 0.000993 0.637287
4 2 0.011534 0.251319 0.185995 0.000537 0.550616
4 2 0.011883 0.170666 0.144485 0.001063 0.671902
4 2 0.018507 0.088141 0.025821 0.000097 0.867433
4 2 0.013990 0.326471 0.125399 0.000545 0.533595
2 2 0.011551 0.248497 0.383177 0.002888 0.353886
2 2 0.008022 0.209374 0.541070 0.023080 0.218454
4 2 0.017281 0.226414 0.170864 0.002710 0.582731
4 2 0.021101 0.199828 0.085785 0.000766 0.692520
4 2 0.012046 0.134496 0.042989 0.000151 0.810317
4 2 0.017720 0.163001 0.058878 0.000370 0.760031
4 2 0.036554 0.248044 0.101012 0.001063 0.613327
4 2 0.011697 0.234459 0.202283 0.000936 0.550625
4 2 0.009825 0.255125 0.320141 0.002236 0.412674
4 4 0.181940 0.042645 0.011900 0.000142 0.763373
4 4 0.070015 0.178620 0.063155 0.000574 0.687635
4 2 0.025264 0.310627 0.308803 0.002278 0.353028
2 2 0.002116 0.168779 0.721627 0.003511 0.103967
4 2 0.008812 0.277558 0.325775 0.002106 0.385750
4 2 0.007451 0.270849 0.194250 0.000846 0.526605
4 2 0.008612 0.255423 0.102309 0.000549 0.633107
4 2 0.008296 0.278965 0.176013 0.000937 0.535789
4 2 0.005879 0.273779 0.235694 0.000548 0.484100
4 2 0.016622 0.312533 0.280562 0.000576 0.389706
2 2 0.014906 0.269992 0.406799 0.000781 0.307521
4 2 0.018600 0.263830 0.193237 0.002167 0.522167
4 2 0.015956 0.275857 0.235987 0.000048 0.472152
2 2 0.004189 0.180683 0.696043 0.000137 0.118948
2 2 0.005451 0.249402 0.428025 0.000075 0.317048
2 2 0.004986 0.227360 0.577048 0.000065 0.190541
2 2 0.016942 0.193356 0.699878 0.000248 0.089577
2 2 0.001228 0.046407 0.938464 0.000244 0.013657
2 2 0.001008 0.071327 0.880735 0.002316 0.044614
2 2 0.006491 0.056767 0.881225 0.001235 0.054282
0 1 0.455469 0.275981 0.141715 0.001216 0.125618
2 2 0.077523 0.358769 0.481526 0.000101 0.082081
2 2 0.022847 0.267368 0.613822 0.000080 0.095884
2 2 0.042642 0.372217 0.457640 0.000038 0.127463
2 2 0.002746 0.078345 0.905625 0.000083 0.013200
2 2 0.009049 0.101719 0.865396 0.000183 0.023653
2 2 0.000678 0.015750 0.979828 0.001374 0.002370
2 2 0.000480 0.011258 0.984353 0.003284 0.000626
2 2 0.000111 0.006382 0.991682 0.001525 0.000300
2 2 0.000518 0.022635 0.972612 0.001601 0.002635
2 2 0.000448 0.020276 0.975835 0.001944 0.001497
2 2 0.002921 0.038058 0.957280 0.000300 0.001442
2 2 0.000204 0.008377 0.990236 0.000856 0.000328
2 2 0.000428 0.008527 0.988263 0.002399 0.000382
2 2 0.000271 0.003535 0.992942 0.003194 0.000059
2 2 0.000768 0.009159 0.987323 0.002574 0.000177
2 2 0.000453 0.011195 0.986947 0.001123 0.000283
2 2 0.000302 0.006130 0.989652 0.003648 0.000269
2 2 0.000111 0.001548 0.971021 0.027258 0.000062
2 2 0.000776 0.006076 0.949437 0.043264 0.000448
2 2 0.002180 0.015892 0.973467 0.007949 0.000511
2 2 0.000092 0.001022 0.967454 0.031405 0.000027
2 2 0.000092 0.001917 0.946464 0.051379 0.000148
2 2 0.000128 0.004509 0.983261 0.011738 0.000364
2 2 0.000237 0.004124 0.987991 0.007518 0.000130
2 2 0.001089 0.007488 0.979385 0.011816 0.000221
2 2 0.000144 0.002502 0.989310 0.007964 0.000079
2 2 0.006099 0.023177 0.956241 0.010913 0.003569
2 1 0.001688 0.018281 0.720653 0.251886 0.007492
2 2 0.037072 0.189481 0.510026 0.016051 0.247370
2 2 0.000217 0.011375 0.982877 0.004505 0.001027
2 2 0.000052 0.003598 0.994146 0.002035 0.000169
2 2 0.000072 0.003282 0.994406 0.002117 0.000122
2 2 0.000292 0.021029 0.976978 0.000464 0.001237
2 2 0.000102 0.004376 0.993913 0.001470 0.000138
2 2 0.046497 0.068764 0.849831 0.011696 0.023213
0 1 0.551788 0.154819 0.232711 0.022812 0.037870
0 1 0.841959 0.079102 0.030100 0.000898 0.047941
0 1 0.410321 0.298149 0.124204 0.002410 0.164916
2 2 0.031637 0.352596 0.380806 0.002039 0.232922
2 2 0.002954 0.191216 0.678059 0.000414 0.127357
2 2 0.000808 0.097112 0.862125 0.000365 0.039591
2 2 0.000274 0.039093 0.950101 0.000472 0.010061
2 2 0.000903 0.050988 0.940305 0.000856 0.006948
2 2 0.000035 0.012583 0.983355 0.000964 0.003063
2 2 0.000052 0.007656 0.990468 0.000810 0.001013
2 2 0.000013 0.002065 0.997353 0.000485 0.000083
2 2 0.000029 0.003373 0.991718 0.004425 0.000455
2 2 0.000035 0.005345 0.981519 0.011352 0.001749
2 2 0.000070 0.004562 0.948210 0.045818 0.001341
2 2 0.000666 0.014814 0.966944 0.015784 0.001791
2 2 0.000312 0.005429 0.981730 0.012219 0.000309
2 2 0.000350 0.006866 0.953698 0.038207 0.000879
2 2 0.000136 0.006333 0.947490 0.044297 0.001744
2 2 0.000229 0.004898 0.883991 0.109728 0.001153
2 2 0.000698 0.008866 0.735918 0.251516 0.003002
2 2 0.000151 0.004782 0.833743 0.159493 0.001831
2 2 0.000582 0.007502 0.720439 0.268822 0.002656
2 2 0.007955 0.042302 0.911728 0.034107 0.003909
2 2 0.002699 0.049984 0.916088 0.016054 0.015174
0 2 0.689306 0.100837 0.120721 0.003760 0.085375
0 0 0.536937 0.197972 0.143401 0.022547 0.099144
1 1 0.054929 0.480262 0.301210 0.001234 0.162365
2 2 0.003416 0.170061 0.788005 0.001268 0.037250
2 2 0.005135 0.070814 0.903605 0.001095 0.019350
2 2 0.175547 0.279057 0.468856 0.000582 0.075958
2 0 0.253070 0.326654 0.384488 0.003181 0.032607
2 1 0.133383 0.324689 0.505583 0.001735 0.034610
2 2 0.024115 0.157118 0.802424 0.002866 0.013478
2 2 0.010203 0.095968 0.883009 0.002948 0.007871
2 2 0.002253 0.068584 0.924737 0.000678 0.003748
2 2 0.002066 0.056925 0.938471 0.000454 0.002084
2 2 0.001479 0.030133 0.967411 0.000359 0.000618
2 2 0.002013 0.047330 0.949068 0.000358 0.001231
2 2 0.000834 0.019822 0.977522 0.001181 0.000642
2 2 0.000684 0.015045 0.981450 0.001914 0.000908
2 2 0.000029 0.003967 0.994777 0.000986 0.000241
2 2 0.000051 0.002939 0.993557 0.003299 0.000154
2 2 0.003249 0.011127 0.945980 0.039248 0.000396
2 0 0.190509 0.166874 0.620535 0.016156 0.005926
0 0 0.736990 0.196885 0.055688 0.000142 0.010295
1 1 0.228961 0.543360 0.185087 0.000514 0.042077
1 1 0.158202 0.580965 0.204400 0.000288 0.056145
2 2 0.062392 0.367323 0.546590 0.001075 0.022620
2 2 0.010901 0.141742 0.835692 0.001906 0.009759
2 2 0.001289 0.045333 0.948485 0.001301 0.003592
2 2 0.000440 0.049825 0.940878 0.000699 0.008158
2 2 0.000311 0.017385 0.979627 0.001276 0.001401
2 2 0.000034 0.004744 0.994370 0.000546 0.000305
2 2 0.000104 0.007577 0.991315 0.000386 0.000617
2 2 0.000364 0.023036 0.972320 0.001767 0.002513
2 2 0.000684 0.022116 0.974722 0.001074 0.001404
2 2 0.000145 0.019270 0.977006 0.000937 0.002643
2 2 0.000052 0.005906 0.993411 0.000418 0.000213
2 2 0.000818 0.014546 0.983949 0.000460 0.000226
2 2 0.000592 0.013552 0.985162 0.000453 0.000241
2 2 0.001247 0.044649 0.951180 0.000661 0.002264
2 2 0.000744 0.061092 0.935612 0.000086 0.002466
2 2 0.001988 0.057665 0.935869 0.000260 0.004219
2 2 0.003725 0.081931 0.906147 0.001000 0.007196
2 2 0.001935 0.048197 0.947011 0.000768 0.002089
2 2 0.001768 0.057487 0.937721 0.000371 0.002653
2 2 0.001004 0.030899 0.965213 0.001109 0.001775
2 2 0.000709 0.020566 0.976887 0.000669 0.001168
2 2 0.001435 0.032984 0.963041 0.000559 0.001981
2 2 0.002485 0.115022 0.874807 0.000241 0.007444
2 2 0.002794 0.159970 0.825776 0.000041 0.011418
2 2 0.000105 0.020650 0.974721 0.001036 0.003489
2 2 0.000217 0.031253 0.964623 0.000511 0.003395
2 2 0.000113 0.011854 0.985396 0.001401 0.001236
2 2 0.000054 0.003787 0.994806 0.001198 0.000154
2 2 0.000382 0.004685 0.988947 0.005861 0.000124
2 2 0.000019 0.002141 0.996388 0.001337 0.000115
2 2 0.000028 0.001650 0.988010 0.010171 0.000142
2 2 0.000027 0.001700 0.995055 0.003132 0.000085
2 2 0.000217 0.007097 0.984534 0.007594 0.000558
2 2 0.000633 0.030135 0.964146 0.002074 0.003012
2 2 0.000083 0.010234 0.987791 0.000996 0.000896
2 2 0.000050 0.002412 0.978557 0.018731 0.000250
2 2 0.000310 0.004261 0.957307 0.037822 0.000301
2 2 0.002255 0.022682 0.912770 0.058909 0.003383
2 2 0.000396 0.009553 0.981631 0.007799 0.000621
2 2 0.000234 0.008964 0.984744 0.005314 0.000744
2 2 0.000384 0.007012 0.981790 0.010425 0.000388
2 2 0.000120 0.003560 0.987935 0.008152 0.000234
2 2 0.000066 0.001675 0.859302 0.138686 0.000271
2 2 0.000490 0.002884 0.799078 0.197321 0.000227
2 2 0.017442 0.046895 0.861807 0.069671 0.004185
0 0 0.371254 0.299016 0.222572 0.047459 0.059699
0 0 0.656802 0.212103 0.110306 0.004915 0.015875
1 0 0.348872 0.446328 0.135768 0.000343 0.068689
1 1 0.155443 0.482743 0.259235 0.000040 0.102539
1 1 0.094156 0.617310 0.181546 0.000028 0.106959
1 1 0.185645 0.623951 0.151511 0.000037 0.038856
2 2 0.032991 0.239784 0.719241 0.000279 0.007705
2 2 0.004473 0.062226 0.927344 0.002606 0.003351
2 2 0.005699 0.104143 0.883097 0.001197 0.005863
2 2 0.003416 0.070164 0.922558 0.000781 0.003081
2 2 0.000330 0.017943 0.979532 0.001132 0.001063
2 2 0.001779 0.012731 0.976727 0.008220 0.000542
2 2 0.012108 0.245111 0.728458 0.000259 0.014063
2 2 0.007298 0.114604 0.873622 0.000119 0.004357
2 2 0.000500 0.038833 0.956456 0.000359 0.003852
2 2 0.000457 0.060481 0.934324 0.000139 0.004599
2 2 0.000262 0.021605 0.975802 0.000296 0.002036
2 2 0.000067 0.013438 0.985049 0.000369 0.001076
2 2 0.005325 0.064908 0.924937 0.000457 0.004373
2 0 0.211953 0.197100 0.573958 0.000067 0.016921
0 0 0.796203 0.135329 0.063006 0.000723 0.004740
0 0 0.447114 0.398616 0.134357 0.000467 0.019446
1 0 0.116713 0.500938 0.271059 0.004844 0.106447
2 1 0.106833 0.329267 0.507223 0.011180 0.045497
2 1 0.216299 0.349176 0.387268 0.011112 0.036144
2 1 0.074679 0.276507 0.611369 0.007778 0.029668
2 2 0.051813 0.224874 0.695341 0.007195 0.020777
2 2 0.007864 0.205186 0.773031 0.000310 0.013610
2 2 0.006907 0.208328 0.773504 0.000198 0.011063
2 2 0.005009 0.072871 0.917705 0.000869 0.003546
2 2 0.001966 0.048453 0.946096 0.000920 0.002565
2 2 0.004274 0.092596 0.890546 0.002386 0.010199
2 2 0.003257 0.133230 0.855994 0.000188 0.007332
2 2 0.002780 0.096010 0.896872 0.000217 0.004121
2 2 0.000468 0.023508 0.971996 0.001979 0.002049
2 2 0.000571 0.026294 0.966033 0.001213 0.005888
2 2 0.001262 0.068458 0.922274 0.000272 0.007733
2 2 0.000578 0.029898 0.968432 0.000034 0.001058
2 2 0.002218 0.033813 0.961746 0.000820 0.001404
2 2 0.005750 0.038027 0.947984 0.006609 0.001630
2 2 0.005427 0.091116 0.897810 0.000923 0.004725
2 2 0.000639 0.034011 0.961314 0.001046 0.002989
2 2 0.001252 0.031907 0.962013 0.002597 0.002230
2 2 0.000292 0.017290 0.981565 0.000264 0.000589
2 2 0.000186 0.017707 0.981091 0.000223 0.000793
2 2 0.002037 0.070172 0.923352 0.000112 0.004328
2 2 0.000517 0.045313 0.949414 0.000254 0.004501
2 2 0.000144 0.022288 0.974946 0.000223 0.002400
2 2 0.003166 0.069109 0.917757 0.000629 0.009339
0 2 0.377626 0.233068 0.323514 0.000298 0.065493
0 1 0.560055 0.186008 0.241482 0.002302 0.010153
1 1 0.365925 0.394950 0.212705 0.002869 0.023552
2 2 0.006171 0.027287 0.948549 0.016665 0.001329
2 2 0.002159 0.012507 0.975231 0.009686 0.000418
2 2 0.003661 0.024186 0.951421 0.019364 0.001368
2 2 0.001368 0.025380 0.968955 0.003184 0.001113
2 2 0.000261 0.013442 0.985191 0.000489 0.000617
2 2 0.000146 0.013973 0.984848 0.000398 0.000634
2 2 0.001011 0.038505 0.959027 0.000079 0.001377
2 2 0.002670 0.129500 0.863096 0.000026 0.004708
2 2 0.000525 0.035685 0.962374 0.000065 0.001351
2 2 0.000080 0.010086 0.988670 0.000511 0.000653
2 2 0.002179 0.052994 0.942923 0.000325 0.001579
2 2 0.000294 0.012762 0.986596 0.000106 0.000241
2 2 0.000344 0.016404 0.982462 0.000347 0.000444
2 2 0.000202 0.019286 0.979874 0.000100 0.000539
2 2 0.000062 0.004134 0.994646 0.001013 0.000145
2 2 0.000372 0.005741 0.989462 0.004256 0.000170
2 2 0.001395 0.013097 0.970476 0.014413 0.000620
2 2 0.000080 0.004416 0.992616 0.002664 0.000224
2 2 0.000521 0.008297 0.988023 0.002929 0.000230
2 2 0.000774 0.007972 0.984994 0.006046 0.000214
2 2 0.000150 0.003669 0.988374 0.007636 0.000171
2 2 0.000041 0.002071 0.987063 0.010675 0.000150
2 2 0.000121 0.001632 0.982033 0.016164 0.000050
2 2 0.004549 0.024331 0.932539 0.036782 0.001798
2 2 0.048378 0.079697 0.826761 0.040737 0.004426
0 1 0.378011 0.302853 0.279208 0.012787 0.027142
0 1 0.401132 0.395780 0.123201 0.000413 0.079473
1 1 0.287353 0.478977 0.140651 0.000288 0.092732
2 2 0.060142 0.405796 0.518248 0.000328 0.015486
2 2 0.017295 0.179758 0.792202 0.000303 0.010442
2 2 0.000293 0.018055 0.980198 0.000499 0.000955
2 2 0.000422 0.018562 0.978940 0.000643 0.001433
2 2 0.000900 0.047447 0.944453 0.000288 0.006913
2 2 0.000110 0.007171 0.990308 0.001992 0.000419
2 2 0.005971 0.041584 0.951312 0.000097 0.001036
2 2 0.001044 0.026792 0.970485 0.000791 0.000888
2 2 0.000411 0.017153 0.981471 0.000365 0.000600
2 2 0.000887 0.027206 0.970668 0.000148 0.001092
2 2 0.001767 0.037790 0.959575 0.000162 0.000707
2 2 0.001574 0.055329 0.939086 0.000420 0.003592
2 2 0.001770 0.125672 0.860211 0.000065 0.012283
2 2 0.009318 0.154433 0.827563 0.000055 0.008631
2 2 0.000475 0.022085 0.975521 0.000561 0.001357
2 2 0.000174 0.005574 0.992905 0.001212 0.000135
2 2 0.000010 0.002449 0.996531 0.000834 0.000176
2 2 0.000047 0.008121 0.991539 0.000066 0.000227
2 2 0.000064 0.010543 0.988912 0.000044 0.000436
2 2 0.000031 0.004618 0.994891 0.000281 0.000179
2 2 0.000127 0.004356 0.992255 0.003105 0.000157
2 2 0.000018 0.001674 0.985667 0.012445 0.000196
2 2 0.000057 0.001699 0.975509 0.022630 0.000104
2 2 0.000028 0.001661 0.995013 0.003242 0.000057
2 2 0.000019 0.001618 0.990327 0.007899 0.000137
2 2 0.000014 0.002228 0.996063 0.001540 0.000155
2 2 0.000153 0.004306 0.989452 0.005862 0.000227
2 2 0.000174 0.001697 0.969650 0.028424 0.000054
2 3 0.000557 0.004965 0.839341 0.154475 0.000663
2 3 0.005182 0.019043 0.688489 0.283884 0.003402
2 3 0.001675 0.011259 0.600903 0.382265 0.003898
2 3 0.003139 0.053422 0.910260 0.022592 0.010587
2 3 0.000350 0.016490 0.979085 0.002705 0.001370
2 2 0.000018 0.002406 0.992057 0.005248 0.000270
2 2 0.000050 0.007195 0.991020 0.001028 0.000707
2 2 0.000070 0.006600 0.981089 0.010921 0.001320
2 2 0.001093 0.042522 0.943767 0.002030 0.010587
2 2 0.000497 0.006984 0.970493 0.021562 0.000464
2 2 0.000208 0.003167 0.900643 0.095551 0.000431
2 2 0.001165 0.008081 0.839086 0.150668 0.001001
2 2 0.004067 0.026829 0.716565 0.244613 0.007926
2 2 0.006112 0.027835 0.703768 0.254837 0.007448
2 2 0.019526 0.272033 0.394620 0.006796 0.307025
4 2 0.009579 0.205493 0.091737 0.000364 0.692827
4 2 0.023124 0.064177 0.017534 0.000065 0.895101
4 4 0.060187 0.106723 0.039241 0.000592 0.793258
4 4 0.053492 0.059465 0.017811 0.000149 0.869083
4 4 0.010056 0.046538 0.010393 0.000013 0.932999
4 4 0.091064 0.033493 0.009191 0.000093 0.866158
4 4 0.063638 0.030601 0.007728 0.000049 0.897983
4 4 0.125241 0.064528 0.015802 0.000067 0.794361
4 4 0.033997 0.050393 0.011357 0.000024 0.904230
4 4 0.265139 0.082030 0.018832 0.000065 0.633935
4 4 0.125159 0.094722 0.020750 0.000040 0.759328
4 4 0.206427 0.086084 0.015833 0.000017 0.691639
4 4 0.121782 0.069677 0.015090 0.000034 0.793417
4 4 0.144391 0.095065 0.018565 0.000022 0.741957
4 4 0.070102 0.056879 0.011405 0.000017 0.861597
4 4 0.192565 0.035316 0.007731 0.000034 0.764353
4 4 0.256913 0.004010 0.000676 0.000004 0.738396
4 4 0.128513 0.001867 0.000247 0.000001 0.869372
4 4 0.445778 0.007708 0.001494 0.000013 0.545006
4 4 0.304844 0.031155 0.006260 0.000024 0.657717
0 4 0.572737 0.030648 0.005644 0.000016 0.390955
0 4 0.525914 0.046254 0.008842 0.000022 0.418967
4 4 0.105426 0.032587 0.006553 0.000017 0.855417
4 4 0.120305 0.009582 0.001947 0.000013 0.868154
4 4 0.152996 0.017273 0.004310 0.000053 0.825368
4 4 0.080695 0.025151 0.006243 0.000046 0.887864
4 4 0.081084 0.053552 0.014880 0.000111 0.850373
4 4 0.102324 0.091824 0.019588 0.000032 0.786232
4 4 0.183900 0.190247 0.041399 0.000053 0.584400
4 4 0.073220 0.202106 0.056349 0.000157 0.668168
4 4 0.044911 0.157519 0.035376 0.000036 0.762157
4 4 0.033788 0.189420 0.050610 0.000090 0.726092
4 4 0.027282 0.123704 0.034810 0.000100 0.814105
4 4 0.014714 0.067919 0.015448 0.000020 0.901900
4 4 0.028165 0.096276 0.022391 0.000032 0.853136
4 4 0.033127 0.092766 0.023670 0.000057 0.850380
4 4 0.051944 0.110329 0.037432 0.000358 0.799936
4 4 0.106897 0.281824 0.078395 0.000190 0.532694
4 4 0.083162 0.154243 0.040630 0.000112 0.721853
4 4 0.141135 0.140102 0.035310 0.000103 0.683350
4 4 0.087134 0.058671 0.012231 0.000023 0.841941
4 4 0.097166 0.077500 0.025081 0.000314 0.799939
4 4 0.094773 0.070005 0.024096 0.000428 0.810697
4 4 0.017920 0.049722 0.012179 0.000029 0.920150
4 4 0.353909 0.081564 0.020620 0.000120 0.543787
0 1 0.428176 0.166868 0.046143 0.000234 0.358579
1 1 0.341750 0.354613 0.133325 0.001333 0.168979
1 2 0.108743 0.595610 0.139923 0.000068 0.155656
4 2 0.043422 0.398288 0.112984 0.000157 0.445149
1 2 0.080840 0.527895 0.141833 0.000086 0.249347
1 1 0.120651 0.632170 0.126500 0.000027 0.120652
1 1 0.045544 0.616356 0.184708 0.000076 0.153316
1 2 0.013088 0.429386 0.226884 0.000256 0.330385
2 2 0.003480 0.211982 0.723230 0.001107 0.060200
2 2 0.004896 0.148570 0.818351 0.001860 0.026324
2 2 0.001366 0.284951 0.486632 0.000475 0.226577
4 2 0.001507 0.263801 0.258405 0.000194 0.476093
4 2 0.008060 0.285822 0.149939 0.000848 0.555330
4 2 0.010699 0.240826 0.132718 0.000710 0.615048
4 2 0.010399 0.259737 0.107666 0.000719 0.621479
4 2 0.005471 0.199559 0.064167 0.000126 0.730678
4 2 0.004615 0.272579 0.108724 0.000149 0.613932
4 2 0.005777 0.261107 0.180275 0.000376 0.552465
4 2 0.007136 0.248516 0.136336 0.000500 0.607513
4 2 0.013564 0.289695 0.216065 0.002158 0.478518
2 2 0.011046 0.271312 0.555299 0.003825 0.158518
2 2 0.000760 0.084870 0.844584 0.008005 0.061781
2 2 0.001304 0.167063 0.696451 0.003285 0.131898
4 2 0.005900 0.220274 0.140299 0.000318 0.633210
4 2 0.009227 0.308123 0.162448 0.001267 0.518935
2 2 0.003882 0.311329 0.383798 0.001748 0.299243
4 2 0.005782 0.320493 0.238790 0.001254 0.433680
2 2 0.001795 0.278006 0.513640 0.000507 0.206052
2 2 0.000489 0.123504 0.807282 0.000871 0.067855
2 2 0.000249 0.067054 0.891948 0.000321 0.040428
2 2 0.006026 0.177924 0.453540 0.000132 0.362378
2 2 0.016984 0.391898 0.502563 0.001276 0.087279
2 2 0.003515 0.184630 0.783753 0.000075 0.028027
2 2 0.002876 0.105499 0.862546 0.000165 0.028913
2 2 0.007750 0.228867 0.717241 0.000252 0.045891
2 2 0.004093 0.140097 0.834195 0.000838 0.020778
2 2 0.001544 0.109613 0.871600 0.000233 0.017010
2 2 0.000333 0.038286 0.954294 0.000158 0.006929
2 2 0.000394 0.035562 0.957450 0.000180 0.006414
2 2 0.000825 0.074284 0.893693 0.000183 0.031015
2 2 0.000986 0.085715 0.884648 0.000329 0.028323
2 2 0.000777 0.044331 0.944087 0.000444 0.010360
2 2 0.000059 0.009790 0.987032 0.001311 0.001807
2 2 0.000881 0.026402 0.967805 0.000386 0.004526
2 2 0.000178 0.019713 0.975033 0.001999 0.003076
2 2 0.000074 0.009887 0.986928 0.001977 0.001134
2 2 0.000246 0.027642 0.965091 0.002278 0.004742
2 2 0.000160 0.008301 0.987067 0.003791 0.000682
2 2 0.000241 0.011174 0.983734 0.003800 0.001050
2 2 0.000123 0.014505 0.973902 0.007269 0.004201
2 2 0.000534 0.007802 0.930627 0.060070 0.000968
2 2 0.000112 0.004624 0.978374 0.016327 0.000564
2 2 0.000060 0.002014 0.762881 0.234435 0.000609
2 2 0.000664 0.009104 0.906080 0.082715 0.001438
2 2 0.001598 0.019188 0.945660 0.031447 0.002107
2 2 0.000579 0.011908 0.949862 0.035839 0.001811
2 3 0.001782 0.021928 0.942166 0.031126 0.002998
2 3 0.007597 0.039266 0.845095 0.100544 0.007499
2 3 0.000414 0.008177 0.873246 0.116082 0.002081
2 3 0.000142 0.002466 0.745873 0.250876 0.000644
2 3 0.004428 0.024639 0.907141 0.060854 0.002938
2 3 0.003872 0.026500 0.865804 0.099418 0.004405
2 3 0.000928 0.010295 0.758352 0.227500 0.002925
2 3 0.017651 0.055770 0.791374 0.125829 0.009376
3 3 0.000852 0.004255 0.156773 0.834833 0.003287
2 3 0.000068 0.001840 0.739782 0.257718 0.000592
2 3 0.000314 0.008143 0.732302 0.254580 0.004661
2 3 0.017557 0.069695 0.596479 0.285539 0.030729
2 3 0.006407 0.026384 0.667436 0.292971 0.006802
2 3 0.002352 0.011482 0.593836 0.389457 0.002873
2 3 0.002711 0.013439 0.717115 0.264114 0.002621
3 3 0.000120 0.001733 0.494785 0.502636 0.000727
3 3 0.000136 0.001331 0.307446 0.690530 0.000557
3 3 0.000570 0.003309 0.223971 0.770356 0.001793
3 3 0.013883 0.045282 0.380232 0.533225 0.027378
3 3 0.000577 0.004091 0.273000 0.719806 0.002525
3 3 0.000821 0.005205 0.414326 0.577718 0.001930
3 3 0.001328 0.006610 0.211724 0.775652 0.004686
3 3 0.002178 0.006882 0.100246 0.884200 0.006494
3 3 0.000804 0.008337 0.402835 0.582355 0.005670
3 3 0.002152 0.008327 0.162080 0.820766 0.006675
2 3 0.000620 0.006620 0.723591 0.267022 0.002147
2 3 0.000612 0.014930 0.863028 0.114592 0.006837
2 3 0.019458 0.067000 0.589847 0.296712 0.026982
3 3 0.015401 0.037311 0.301805 0.626341 0.019142
3 3 0.000462 0.003714 0.324542 0.669227 0.002053
3 3 0.000159 0.001178 0.125485 0.872282 0.000896
3 3 0.003989 0.013142 0.168978 0.803184 0.010708
3 3 0.009751 0.032662 0.316005 0.619831 0.021750
3 3 0.002006 0.006989 0.119876 0.864941 0.006188
3 3 0.000912 0.004426 0.153397 0.837808 0.003457
3 3 0.004872 0.018342 0.250013 0.713471 0.013302
2 3 0.022616 0.095215 0.777430 0.084657 0.020082
2 3 0.003741 0.048779 0.903249 0.034483 0.009747
2 3 0.002312 0.023005 0.941661 0.030144 0.002878
2 3 0.001186 0.011536 0.863058 0.121982 0.002238
2 3 0.001882 0.039634 0.918717 0.030225 0.009542
2 3 0.001313 0.019735 0.855571 0.117272 0.006108
2 3 0.003417 0.027020 0.870338 0.093779 0.005446
2 3 0.006128 0.029648 0.795709 0.162266 0.006249
2 3 0.005533 0.040333 0.892208 0.055413 0.006513
2 3 0.000913 0.010856 0.759267 0.225702 0.003261
2 3 0.000563 0.007684 0.880489 0.109951 0.001313
2 3 0.001287 0.008141 0.664526 0.324189 0.001857
2 3 0.003745 0.022490 0.483625 0.477983 0.012157
3 3 0.001345 0.009108 0.410784 0.573776 0.004987
2 3 0.002045 0.014618 0.717106 0.262191 0.004040
2 3 0.000757 0.005853 0.669096 0.322882 0.001413
3 3 0.000661 0.005071 0.296679 0.694326 0.003263
2 3 0.000877 0.009848 0.693067 0.292839 0.003368
2 3 0.005798 0.036108 0.692143 0.252199 0.013751
2 3 0.007408 0.031169 0.520367 0.427356 0.013701
2 2 0.242101 0.275320 0.368193 0.061055 0.053330
2 2 0.291788 0.240704 0.303946 0.116393 0.047169
2 2 0.014144 0.323767 0.352833 0.001766 0.307490
2 2 0.002174 0.159863 0.702916 0.000861 0.134186
2 2 0.005249 0.148589 0.768979 0.000852 0.076330
2 2 0.023550 0.381663 0.510733 0.000083 0.083972
2 2 0.017875 0.400329 0.513319 0.000034 0.068443
2 2 0.003999 0.285698 0.605919 0.000060 0.104325
2 2 0.036115 0.231667 0.624273 0.000403 0.107542
0 1 0.453071 0.221604 0.269366 0.001664 0.054296
0 1 0.420651 0.318706 0.202442 0.018598 0.039603
1 2 0.143693 0.463035 0.170261 0.000971 0.222040
2 2 0.002189 0.108790 0.874965 0.000169 0.013887
2 2 0.006485 0.171681 0.803555 0.000477 0.017801
2 2 0.031615 0.332157 0.607447 0.000185 0.028597
2 2 0.008998 0.310692 0.625226 0.000695 0.054389
2 2 0.004619 0.094810 0.876682 0.000675 0.023215
2 2 0.012621 0.068688 0.909622 0.001871 0.007197
2 1 0.042110 0.183375 0.755405 0.006205 0.012905
1 2 0.224301 0.535276 0.165170 0.000338 0.074916
2 2 0.010364 0.203997 0.780081 0.000065 0.005494
2 2 0.000191 0.017204 0.980932 0.000558 0.001115
2 2 0.000312 0.019601 0.978441 0.000511 0.001134
2 2 0.001996 0.149174 0.831365 0.000248 0.017216
2 2 0.006673 0.368726 0.425706 0.000237 0.198658
2 2 0.006844 0.292157 0.628184 0.000366 0.072449
2 2 0.002549 0.153439 0.798860 0.000767 0.044385
1 2 0.030405 0.438597 0.351105 0.000193 0.179701
2 2 0.012922 0.275823 0.641730 0.000291 0.069234
2 2 0.002775 0.078326 0.903913 0.000757 0.014230
2 2 0.000219 0.020299 0.977905 0.000441 0.001135
2 2 0.004148 0.119919 0.843271 0.000391 0.032270
2 2 0.000441 0.025720 0.971674 0.000526 0.001639
2 2 0.003214 0.113224 0.871249 0.000887 0.011425
2 2 0.000611 0.041738 0.953738 0.000499 0.003414
2 2 0.000455 0.020709 0.976169 0.001056 0.001612
2 2 0.001097 0.038665 0.948270 0.005691 0.006276
2 2 0.002716 0.268417 0.663053 0.000428 0.065385
2 2 0.002844 0.096518 0.877185 0.004642 0.018811
2 2 0.000186 0.010279 0.985294 0.003316 0.000925
2 2 0.001492 0.055780 0.931448 0.001242 0.010039
2 2 0.001072 0.024745 0.964274 0.003104 0.006805
2 2 0.006420 0.190585 0.712062 0.009488 0.081445
2 2 0.000332 0.038003 0.948033 0.002816 0.010817
2 2 0.000414 0.018104 0.974431 0.004820 0.002230
2 2 0.000590 0.037988 0.954493 0.000838 0.006090
2 2 0.000088 0.020852 0.976480 0.000294 0.002287
2 2 0.000471 0.067018 0.914708 0.001010 0.016794
2 2 0.000187 0.022456 0.970480 0.002326 0.004550
2 2 0.000363 0.020316 0.971138 0.005158 0.003025
2 2 0.000129 0.014952 0.981519 0.001535 0.001864
2 2 0.000208 0.018404 0.975229 0.001037 0.005122
2 2 0.001770 0.083300 0.894801 0.003138 0.016991
2 2 0.016292 0.145090 0.803851 0.002105 0.032662
2 2 0.002939 0.040069 0.939198 0.013178 0.004616
2 2 0.000954 0.052043 0.935928 0.002464 0.008610
2 2 0.003320 0.108239 0.867716 0.000726 0.019998
2 2 0.001354 0.044413 0.943481 0.003706 0.007048
2 2 0.001968 0.054324 0.918606 0.003714 0.021388
2 2 0.000171 0.028605 0.964487 0.001216 0.005522
2 2 0.006495 0.117072 0.862257 0.000205 0.013971
2 2 0.001455 0.059717 0.928019 0.000783 0.010026
2 2 0.000834 0.016873 0.905609 0.072303 0.004381
2 2 0.001033 0.023997 0.953696 0.016983 0.004290
2 2 0.001890 0.040110 0.940519 0.011259 0.006221
2 2 0.003945 0.053469 0.918163 0.016256 0.008167
4 2 0.119040 0.278897 0.235912 0.003848 0.362303
4 1 0.026460 0.271739 0.120551 0.001537 0.579712
4 2 0.037380 0.414277 0.128954 0.000250 0.419139
4 2 0.060694 0.365192 0.122159 0.000260 0.451695
4 2 0.035587 0.337051 0.144465 0.000458 0.482439
4 4 0.040274 0.100349 0.033332 0.000280 0.825765
4 4 0.074394 0.337770 0.125924 0.000881 0.461031
4 4 0.088288 0.279727 0.082424 0.000245 0.549316
4 4 0.079217 0.066825 0.020080 0.000183 0.833696
4 4 0.052456 0.067775 0.020455 0.000161 0.859154
4 4 0.204788 0.113268 0.041274 0.000889 0.639781
4 4 0.066583 0.223045 0.063144 0.000169 0.647059
4 4 0.045307 0.218353 0.062179 0.000150 0.674011
4 4 0.037910 0.240671 0.063164 0.000090 0.658164
4 4 0.327756 0.240145 0.046576 0.000034 0.385488
4 4 0.116009 0.278682 0.110179 0.000075 0.495055
4 4 0.043268 0.115486 0.030011 0.000075 0.811161
4 4 0.044454 0.063118 0.017155 0.000082 0.875192
4 4 0.055756 0.143665 0.029988 0.000025 0.770565
4 4 0.040924 0.024500 0.005469 0.000019 0.929087
4 4 0.269905 0.019394 0.004607 0.000051 0.706043
0 4 0.610500 0.008771 0.001573 0.000009 0.379147
0 4 0.513412 0.022388 0.004394 0.000021 0.459784
4 4 0.243415 0.021061 0.004520 0.000028 0.730976
4 4 0.349899 0.057865 0.016951 0.000250 0.575035
0 4 0.394705 0.220841 0.064620 0.000346 0.319488
4 4 0.045733 0.042732 0.011348 0.000064 0.900122
4 4 0.022918 0.014130 0.002157 0.000001 0.960793
4 4 0.134510 0.034831 0.006324 0.000010 0.824324
4 4 0.121229 0.015691 0.003375 0.000020 0.859685
4 4 0.162485 0.032946 0.007398 0.000037 0.797135
4 4 0.172338 0.065544 0.016329 0.000084 0.745705
4 4 0.064262 0.017782 0.002634 0.000002 0.915320
4 4 0.178707 0.016763 0.002934 0.000007 0.801589
4 4 0.288569 0.005076 0.000704 0.000002 0.705650
4 4 0.286871 0.009444 0.001140 0.000001 0.702545
4 4 0.171398 0.008249 0.001549 0.000009 0.818795
0 4 0.517664 0.007385 0.000896 0.000001 0.474054
0 4 0.745709 0.005153 0.000558 0.000000 0.248580
4 4 0.432533 0.011804 0.002934 0.000063 0.552666
4 4 0.280086 0.060011 0.017106 0.000204 0.642593
4 4 0.255088 0.062744 0.015538 0.000091 0.666539
