0 0 0.996958 0.001719 0.000288 0.000000 0.001035
0 0 0.934009 0.003301 0.001019 0.000007 0.061663
0 0 0.988378 0.003415 0.001360 0.000046 0.006801
0 0 0.984397 0.005744 0.003312 0.000669 0.005879
0 0 0.991787 0.002564 0.001297 0.000171 0.004181
0 0 0.993690 0.000947 0.000607 0.000425 0.004331
0 0 0.995881 0.001172 0.000533 0.000050 0.002364
0 0 0.997337 0.000973 0.000391 0.000019 0.001280
0 0 0.994973 0.001702 0.000867 0.000130 0.002327
0 0 0.988111 0.005387 0.001732 0.000015 0.004755
0 0 0.974206 0.012400 0.006848 0.000805 0.005740
0 0 0.985194 0.006844 0.002690 0.000063 0.005208
0 0 0.979850 0.005232 0.004015 0.003800 0.007104
0 0 0.936682 0.010241 0.005030 0.000311 0.047737
0 0 0.991860 0.001381 0.000469 0.000010 0.006281
0 0 0.768848 0.011389 0.003748 0.000014 0.216001
0 0 0.947580 0.001764 0.000511 0.000002 0.050143
4 0 0.448527 0.015802 0.001865 0.000000 0.533806
0 0 0.938057 0.003401 0.000602 0.000000 0.057940
0 0 0.720647 0.039158 0.008321 0.000002 0.231872
4 0 0.194178 0.039213 0.009503 0.000002 0.757104
4 0 0.064118 0.008116 0.001741 0.000000 0.926024
4 0 0.030388 0.014114 0.002165 0.000000 0.953333
4 0 0.176919 0.010110 0.001507 0.000000 0.811463
0 0 0.669480 0.010705 0.004202 0.000029 0.315584
0 0 0.562977 0.006515 0.002743 0.000030 0.427734
4 0 0.157306 0.011811 0.001984 0.000000 0.828898
0 0 0.622928 0.016561 0.003076 0.000000 0.357434
4 0 0.342928 0.019942 0.007423 0.000028 0.629679
4 0 0.409643 0.041325 0.021609 0.000393 0.527031
4 0 0.127501 0.009924 0.005842 0.000158 0.856575
4 0 0.324289 0.015970 0.008292 0.000184 0.651266
4 0 0.103475 0.063337 0.010962 0.000000 0.822226
4 0 0.095105 0.025725 0.003899 0.000000 0.875270
4 0 0.170184 0.014170 0.004127 0.000003 0.811517
4 0 0.180794 0.005156 0.004188 0.001043 0.808819
4 1 0.212937 0.015251 0.011271 0.001063 0.759478
4 1 0.048407 0.016227 0.007307 0.000028 0.928029
4 2 0.014358 0.021007 0.007531 0.000005 0.957099
4 2 0.005149 0.030212 0.015322 0.000032 0.949285
4 2 0.013133 0.069067 0.019281 0.000001 0.898517
4 2 0.019376 0.058725 0.026790 0.000000 0.895110
2 2 0.000123 0.048106 0.832872 0.000005 0.118895
2 2 0.000033 0.025353 0.816690 0.000005 0.157919
2 2 0.001397 0.150581 0.516280 0.000045 0.331697
2 2 0.000309 0.081528 0.867761 0.000001 0.050402
4 2 0.293314 0.114628 0.017045 0.000000 0.575014
4 2 0.068787 0.229773 0.049700 0.000001 0.651737
4 2 0.002165 0.113740 0.146529 0.000008 0.737558
4 2 0.000305 0.049210 0.388487 0.000009 0.561989
2 2 0.002326 0.046847 0.913621 0.000053 0.037153
2 2 0.003932 0.240628 0.630146 0.000007 0.125287
2 2 0.005281 0.123556 0.832442 0.000002 0.038720
2 2 0.000129 0.013083 0.972771 0.000000 0.014017
2 2 0.000001 0.001225 0.998503 0.000000 0.000271
2 2 0.000002 0.001411 0.997894 0.000002 0.000691
2 2 0.000001 0.001621 0.997716 0.000002 0.000661
2 2 0.000005 0.001612 0.996838 0.000005 0.001540
2 2 0.000651 0.046346 0.874823 0.000052 0.078129
2 2 0.007821 0.109336 0.578951 0.000670 0.303222
2 2 0.001253 0.082721 0.803463 0.000005 0.112557
4 1 0.001851 0.279861 0.157072 0.000005 0.561211
1 2 0.010439 0.500827 0.256407 0.000002 0.232326
2 2 0.000604 0.053376 0.881931 0.000002 0.064087
2 2 0.000022 0.014469 0.969853 0.000001 0.015655
2 2 0.000001 0.004001 0.995073 0.000001 0.000925
2 2 0.000001 0.000798 0.997762 0.000003 0.001436
2 2 0.000420 0.019594 0.870020 0.000132 0.109834
2 2 0.000250 0.017918 0.955630 0.000133 0.026070
2 2 0.000008 0.002729 0.992375 0.000123 0.004764
2 2 0.000001 0.000997 0.998651 0.000057 0.000293
2 2 0.000000 0.000145 0.999830 0.000007 0.000018
2 2 0.000000 0.000046 0.999950 0.000003 0.000002
2 2 0.000000 0.000160 0.999808 0.000010 0.000022
2 3 0.000001 0.000230 0.999697 0.000033 0.000039
2 3 0.000003 0.001025 0.997693 0.000581 0.000698
2 3 0.000021 0.001464 0.994315 0.001131 0.003069
2 3 0.000006 0.000547 0.996384 0.002738 0.000324
2 3 0.000002 0.000536 0.998190 0.001206 0.000065
2 3 0.000003 0.000774 0.998341 0.000696 0.000186
2 3 0.000009 0.000643 0.979909 0.019206 0.000233
2 3 0.000006 0.000480 0.939140 0.060079 0.000295
2 3 0.000001 0.000126 0.948133 0.051729 0.000011
2 3 0.000046 0.001136 0.942752 0.055812 0.000254
2 3 0.000029 0.000807 0.892087 0.106879 0.000198
2 3 0.000006 0.000706 0.955771 0.042989 0.000528
2 3 0.000009 0.001068 0.991719 0.006897 0.000308
2 3 0.004660 0.022538 0.819757 0.132452 0.020594
2 3 0.011850 0.138079 0.748405 0.006299 0.095367
2 3 0.000137 0.025400 0.953082 0.000988 0.020393
2 3 0.000042 0.006331 0.986030 0.000112 0.007486
2 3 0.000080 0.016059 0.972989 0.000114 0.010757
2 3 0.000041 0.005785 0.979200 0.000421 0.014554
2 3 0.000002 0.000932 0.998355 0.000214 0.000497
2 3 0.000001 0.000289 0.999376 0.000281 0.000053
2 3 0.000003 0.000724 0.998609 0.000537 0.000127
2 3 0.000006 0.000511 0.998924 0.000471 0.000088
2 3 0.000015 0.000841 0.998391 0.000672 0.000081
2 3 0.000006 0.000388 0.984816 0.014681 0.000109
2 3 0.000000 0.000343 0.996453 0.003135 0.000069
2 3 0.000017 0.000649 0.965754 0.033295 0.000286
2 3 0.000001 0.000314 0.988655 0.010964 0.000066
2 3 0.000000 0.000123 0.976696 0.023109 0.000071
2 3 0.000003 0.000276 0.922640 0.076984 0.000097
2 3 0.000039 0.000704 0.810896 0.187511 0.000851
2 3 0.000004 0.000242 0.773941 0.225765 0.000048
2 3 0.000008 0.000630 0.950528 0.048729 0.000105
3 3 0.000299 0.000948 0.390455 0.607372 0.000926
2 3 0.000275 0.003416 0.872998 0.121227 0.002085
2 3 0.002512 0.013540 0.528134 0.426378 0.029436
2 2 0.000005 0.007166 0.977003 0.000280 0.015547
2 2 0.000052 0.010826 0.951571 0.000459 0.037092
2 2 0.000001 0.002244 0.984413 0.000045 0.013297
2 2 0.000004 0.001582 0.994617 0.001400 0.002397
2 2 0.000011 0.010140 0.975434 0.000218 0.014197
2 2 0.000456 0.046680 0.913283 0.000014 0.039567
2 2 0.000073 0.015170 0.935561 0.000096 0.049101
2 2 0.000007 0.003089 0.989704 0.000027 0.007173
2 2 0.000020 0.006932 0.976557 0.000035 0.016456
2 2 0.000003 0.001857 0.996854 0.000012 0.001274
2 2 0.005019 0.054256 0.713844 0.001311 0.225570
2 2 0.000020 0.007776 0.985760 0.000111 0.006333
2 2 0.000111 0.036091 0.920294 0.000017 0.043486
2 2 0.000010 0.007062 0.986162 0.000051 0.006716
2 2 0.000004 0.001397 0.998003 0.000284 0.000312
2 2 0.019884 0.050692 0.910230 0.000499 0.018695
2 2 0.030925 0.251531 0.619964 0.000047 0.097533
2 2 0.000850 0.036954 0.830760 0.000044 0.131391
2 2 0.000147 0.010306 0.980528 0.000047 0.008971
2 2 0.000663 0.030405 0.869620 0.000035 0.099278
2 2 0.000054 0.006850 0.984576 0.000011 0.008509
2 2 0.000011 0.004689 0.977082 0.000058 0.018160
2 2 0.000000 0.000181 0.999607 0.000183 0.000029
2 2 0.000002 0.000797 0.998499 0.000314 0.000387
2 2 0.000002 0.001261 0.997663 0.000410 0.000665
2 2 0.000002 0.002286 0.996666 0.000015 0.001031
2 2 0.000000 0.000458 0.999273 0.000023 0.000246
2 2 0.000090 0.005638 0.986619 0.000201 0.007451
2 2 0.000058 0.008734 0.971541 0.000668 0.018999
2 2 0.000054 0.011265 0.953697 0.000152 0.034832
2 2 0.000017 0.001540 0.995011 0.000604 0.002827
2 2 0.000266 0.010656 0.964453 0.000341 0.024283
2 2 0.001323 0.050084 0.742610 0.000101 0.205882
2 2 0.000153 0.013792 0.977172 0.000131 0.008753
2 2 0.000078 0.004318 0.985399 0.001030 0.009175
2 2 0.000006 0.001853 0.994446 0.000304 0.003392
2 2 0.000057 0.003693 0.986327 0.001586 0.008337
2 2 0.000072 0.004696 0.984087 0.001565 0.009579
2 2 0.005038 0.077150 0.758965 0.000415 0.158432
2 2 0.001316 0.040639 0.923917 0.000343 0.033786
2 2 0.000011 0.002102 0.997456 0.000097 0.000333
2 2 0.000059 0.003789 0.990812 0.000203 0.005138
2 2 0.000005 0.001235 0.997541 0.000086 0.001133
2 2 0.000001 0.001013 0.998235 0.000035 0.000716
2 2 0.000000 0.000459 0.999409 0.000012 0.000121
2 2 0.000005 0.001751 0.995512 0.000048 0.002684
2 2 0.000004 0.002625 0.996165 0.000013 0.001193
2 2 0.000035 0.009501 0.978204 0.000074 0.012186
2 2 0.000006 0.005920 0.990420 0.000078 0.003576
2 2 0.000148 0.011901 0.956504 0.000158 0.031290
2 2 0.000005 0.001159 0.997675 0.000773 0.000388
2 2 0.000006 0.001548 0.997500 0.000053 0.000892
2 2 0.000021 0.002411 0.995527 0.000089 0.001951
2 2 0.000005 0.000722 0.998596 0.000539 0.000138
2 2 0.000003 0.000956 0.991587 0.006988 0.000466
2 2 0.000009 0.001357 0.971470 0.026072 0.001092
2 2 0.000030 0.001491 0.985047 0.012609 0.000823
2 3 0.000022 0.002499 0.993441 0.001640 0.002398
2 3 0.000034 0.001481 0.985858 0.010343 0.002284
2 3 0.000086 0.002323 0.988563 0.007954 0.001074
2 3 0.000011 0.001028 0.972201 0.025425 0.001335
2 3 0.000068 0.001010 0.927254 0.070515 0.001154
2 3 0.000263 0.007504 0.955892 0.031747 0.004595
2 3 0.000036 0.001798 0.889390 0.106968 0.001808
2 3 0.000095 0.004059 0.953725 0.034811 0.007311
2 3 0.000018 0.001182 0.921961 0.075979 0.000860
2 3 0.000042 0.001767 0.928348 0.067167 0.002675
2 3 0.000002 0.000434 0.976172 0.023162 0.000230
3 3 0.000111 0.000647 0.249309 0.749344 0.000589
3 3 0.000201 0.000533 0.116035 0.882787 0.000444
3 3 0.000076 0.000198 0.120623 0.878918 0.000185
2 3 0.000012 0.000285 0.719499 0.280093 0.000111
3 3 0.000276 0.001690 0.426074 0.570494 0.001467
3 3 0.000038 0.000623 0.455799 0.543253 0.000287
3 3 0.000149 0.000864 0.347835 0.650441 0.000710
2 3 0.000266 0.001358 0.602494 0.394598 0.001285
2 3 0.000039 0.000651 0.740490 0.258546 0.000274
2 3 0.000121 0.003053 0.952040 0.041608 0.003178
2 3 0.000081 0.002135 0.863004 0.133336 0.001444
3 3 0.000770 0.004076 0.301978 0.689760 0.003416
2 3 0.000185 0.003000 0.763158 0.231238 0.002418
3 3 0.000036 0.000290 0.157825 0.841721 0.000128
3 3 0.000462 0.002814 0.258192 0.736770 0.001762
3 3 0.000500 0.004549 0.466491 0.523938 0.004522
2 3 0.000023 0.001382 0.898126 0.098802 0.001667
2 3 0.000190 0.001515 0.540917 0.456209 0.001168
3 3 0.000119 0.001102 0.435665 0.562362 0.000753
3 3 0.000054 0.000470 0.306289 0.692913 0.000274
3 3 0.000556 0.001134 0.184316 0.812698 0.001296
3 3 0.000394 0.000657 0.062977 0.935524 0.000449
2 3 0.000168 0.001976 0.621470 0.373282 0.003104
3 3 0.000086 0.000644 0.367355 0.631352 0.000563
2 3 0.000165 0.001226 0.538786 0.457992 0.001831
2 3 0.000040 0.001591 0.861541 0.135357 0.001472
3 3 0.003453 0.006864 0.321174 0.660699 0.007810
2 3 0.000270 0.005189 0.735639 0.253891 0.005010
2 3 0.000042 0.001180 0.761668 0.235899 0.001211
2 3 0.000117 0.003952 0.895832 0.094025 0.006074
2 3 0.000037 0.001280 0.708320 0.289893 0.000471
3 3 0.000392 0.001013 0.164589 0.833191 0.000816
2 3 0.000144 0.003673 0.759466 0.233761 0.002956
2 3 0.000068 0.001286 0.637850 0.359882 0.000914
3 3 0.000013 0.000192 0.204811 0.794905 0.000078
3 3 0.000053 0.000439 0.187003 0.812253 0.000251
2 3 0.000157 0.002477 0.602363 0.392602 0.002401
2 3 0.000092 0.005113 0.872726 0.117606 0.004462
2 3 0.000090 0.001818 0.666614 0.330026 0.001452
2 3 0.000096 0.003343 0.757279 0.236592 0.002690
2 3 0.000353 0.004202 0.838218 0.155292 0.001936
2 3 0.001983 0.013419 0.614350 0.360297 0.009951
3 3 0.000351 0.001248 0.295298 0.701500 0.001603
2 3 0.000425 0.003820 0.624085 0.366702 0.004967
3 3 0.000029 0.000479 0.365721 0.633465 0.000307
3 3 0.000043 0.000321 0.172775 0.826701 0.000160
3 3 0.000002 0.000024 0.094870 0.905096 0.000008
3 3 0.000015 0.000140 0.110133 0.889642 0.000070
2 3 0.000119 0.002093 0.549417 0.446993 0.001378
3 3 0.000071 0.000894 0.430400 0.568033 0.000602
3 3 0.000833 0.003443 0.396822 0.596574 0.002329
2 3 0.000524 0.005962 0.695602 0.295128 0.002783
3 3 0.000311 0.002215 0.460294 0.534216 0.002964
3 3 0.000314 0.002259 0.283938 0.712267 0.001222
2 3 0.000585 0.004055 0.654576 0.336075 0.004708
2 3 0.000319 0.001949 0.526584 0.468794 0.002353
2 3 0.000025 0.002003 0.941536 0.054198 0.002238
3 3 0.000039 0.000493 0.401995 0.597211 0.000262
3 3 0.000005 0.000145 0.352012 0.647768 0.000069
2 3 0.000027 0.000488 0.537652 0.461528 0.000305
2 3 0.000252 0.001605 0.534220 0.461581 0.002341
2 3 0.001303 0.011930 0.774067 0.202257 0.010443
2 3 0.000073 0.001243 0.510766 0.486575 0.001343
3 3 0.000023 0.000286 0.308954 0.690550 0.000187
3 3 0.000032 0.000145 0.072530 0.927222 0.000071
3 3 0.000217 0.000479 0.097822 0.901112 0.000370
3 3 0.000021 0.000379 0.498737 0.500576 0.000286
3 3 0.000005 0.000134 0.317743 0.682055 0.000063
3 3 0.000015 0.000357 0.325556 0.673864 0.000208
3 3 0.000067 0.000835 0.313505 0.685070 0.000523
3 3 0.000195 0.000774 0.241021 0.757252 0.000758
3 3 0.003751 0.007045 0.314781 0.663814 0.010609
3 3 0.000026 0.000223 0.151743 0.847917 0.000091
2 3 0.000568 0.003043 0.569836 0.425134 0.001419
2 3 0.001658 0.016725 0.919026 0.057990 0.004602
2 3 0.025818 0.062840 0.745832 0.130743 0.034767
2 3 0.003362 0.077342 0.905049 0.000999 0.013247
2 3 0.001421 0.076972 0.862991 0.002144 0.056471
2 2 0.006139 0.256192 0.429513 0.000046 0.308110
2 2 0.124605 0.415005 0.426506 0.000046 0.033838
1 2 0.152204 0.531942 0.162705 0.000067 0.153083
2 1 0.023962 0.425268 0.526104 0.000012 0.024655
0 0 0.788604 0.109465 0.027566 0.000017 0.074348
4 0 0.173413 0.164554 0.029238 0.000001 0.632795
4 1 0.174590 0.083617 0.017164 0.000001 0.724627
4 0 0.073751 0.087858 0.021249 0.000002 0.817140
4 0 0.200850 0.071337 0.017743 0.000005 0.710065
4 1 0.064237 0.097052 0.024351 0.000002 0.814358
4 1 0.013961 0.048400 0.014970 0.000002 0.922667
2 2 0.043658 0.169282 0.396960 0.000237 0.389863
2 2 0.000147 0.025155 0.966488 0.000043 0.008167
2 2 0.000264 0.037091 0.957297 0.000022 0.005326
2 2 0.000007 0.003223 0.993659 0.000209 0.002902
2 2 0.000028 0.011216 0.949191 0.000072 0.039492
2 2 0.000081 0.038549 0.711904 0.000045 0.249422
2 2 0.000042 0.021540 0.823696 0.000478 0.154243
4 2 0.000579 0.050985 0.255664 0.000122 0.692649
2 2 0.004377 0.222555 0.468929 0.000020 0.304119
2 2 0.000027 0.014315 0.918414 0.000118 0.067127
2 2 0.000001 0.002604 0.994169 0.000019 0.003207
2 2 0.000001 0.001223 0.996395 0.000027 0.002354
2 2 0.000001 0.001669 0.997434 0.000009 0.000886
2 2 0.001066 0.039179 0.779744 0.000301 0.179711
2 2 0.000828 0.038700 0.785071 0.000412 0.174990
2 2 0.000148 0.030710 0.822633 0.000058 0.146451
2 2 0.000058 0.012308 0.826327 0.000030 0.161277
4 2 0.000159 0.021109 0.124766 0.000029 0.853937
4 2 0.000220 0.020108 0.040650 0.000009 0.939012
2 2 0.000156 0.044535 0.910164 0.000075 0.045070
2 2 0.000038 0.029116 0.919898 0.000032 0.050916
2 2 0.000039 0.035183 0.842039 0.000055 0.122684
2 2 0.000027 0.018254 0.933109 0.000082 0.048529
2 2 0.000551 0.012777 0.923930 0.001283 0.061459
2 2 0.000317 0.015337 0.963485 0.000453 0.020408
2 2 0.000026 0.029149 0.839516 0.000165 0.131144
2 2 0.000346 0.027461 0.603388 0.000868 0.367937
4 2 0.002186 0.010810 0.058518 0.000042 0.928443
4 4 0.001809 0.011347 0.025469 0.000015 0.961359
4 4 0.001871 0.005012 0.003334 0.000001 0.989782
4 4 0.007248 0.005622 0.001696 0.000000 0.985433
4 4 0.002551 0.008683 0.002441 0.000000 0.986325
4 4 0.002966 0.050820 0.023721 0.000003 0.922490
4 2 0.029106 0.028114 0.009217 0.000005 0.933558
4 2 0.004516 0.004566 0.001314 0.000000 0.989604
4 4 0.007765 0.003285 0.001093 0.000001 0.987857
4 4 0.000665 0.002762 0.000868 0.000000 0.995705
4 4 0.000812 0.005603 0.002131 0.000000 0.991454
4 4 0.001678 0.008671 0.003536 0.000002 0.986114
4 4 0.001617 0.025446 0.008634 0.000001 0.964302
4 4 0.000624 0.017867 0.006061 0.000000 0.975448
4 4 0.005055 0.052688 0.014511 0.000001 0.927746
4 4 0.000976 0.015560 0.004049 0.000000 0.979415
4 4 0.020780 0.059551 0.026500 0.000007 0.893162
2 2 0.000149 0.056764 0.539722 0.000014 0.403350
2 2 0.000158 0.056195 0.619290 0.000002 0.324354
2 2 0.000003 0.004682 0.977805 0.000019 0.017491
2 2 0.000019 0.015402 0.937935 0.000004 0.046639
2 2 0.000042 0.025403 0.891793 0.000004 0.082758
2 2 0.000007 0.011242 0.941109 0.000003 0.047639
2 2 0.000456 0.058254 0.514636 0.000004 0.426650
2 2 0.000143 0.039678 0.732721 0.000001 0.227457
4 2 0.001780 0.083660 0.442010 0.000002 0.472548
2 2 0.000253 0.031629 0.777831 0.000006 0.190282
2 2 0.000038 0.012417 0.749155 0.000004 0.238386
2 2 0.000040 0.004937 0.965904 0.000097 0.029021
2 2 0.000031 0.007144 0.979757 0.000018 0.013051
2 2 0.000000 0.000917 0.997867 0.000000 0.001216
2 2 0.000026 0.009292 0.963271 0.000018 0.027394
2 2 0.001056 0.017888 0.911985 0.000092 0.068979
2 1 0.010199 0.191266 0.682794 0.000016 0.115724
4 2 0.069934 0.336969 0.080025 0.000004 0.513068
4 2 0.030857 0.210453 0.144097 0.000001 0.614591
2 2 0.000074 0.004496 0.991303 0.000082 0.004044
2 2 0.000187 0.028785 0.828108 0.000002 0.142918
2 2 0.002804 0.068645 0.633758 0.000004 0.294790
2 2 0.000114 0.012304 0.925001 0.000001 0.062580
2 2 0.000067 0.014566 0.967091 0.000011 0.018264
2 2 0.000082 0.022196 0.961208 0.000005 0.016509
2 2 0.000026 0.010334 0.984208 0.000001 0.005432
2 2 0.000032 0.006039 0.992758 0.000012 0.001160
2 2 0.000116 0.015981 0.972352 0.000281 0.011270
2 2 0.000600 0.012910 0.975855 0.000847 0.009789
2 2 0.000016 0.003169 0.990322 0.000048 0.006445
2 2 0.000130 0.004949 0.976892 0.000127 0.017901
2 2 0.000980 0.027401 0.891103 0.000168 0.080347
4 2 0.005716 0.110365 0.354518 0.000006 0.529396
2 2 0.016107 0.095368 0.612968 0.000040 0.275517
4 1 0.285003 0.317499 0.047950 0.000000 0.349547
4 1 0.100859 0.237040 0.073790 0.000006 0.588305
4 2 0.019430 0.132834 0.356905 0.000050 0.490782
2 2 0.002594 0.078112 0.824825 0.000056 0.094412
2 2 0.005182 0.078816 0.589759 0.000162 0.326081
2 2 0.000255 0.005940 0.987070 0.000687 0.006048
2 2 0.000012 0.002008 0.991226 0.000087 0.006667
2 2 0.000352 0.012992 0.974164 0.000055 0.012437
2 2 0.000241 0.026073 0.939808 0.000003 0.033875
2 2 0.000865 0.051395 0.688032 0.000007 0.259702
2 2 0.000212 0.055794 0.913766 0.000004 0.030224
2 2 0.000982 0.126290 0.789942 0.000000 0.082786
2 2 0.000006 0.002611 0.996087 0.000009 0.001287
2 2 0.000001 0.002355 0.996387 0.000018 0.001239
2 2 0.000029 0.003281 0.994695 0.000093 0.001902
2 2 0.000005 0.003871 0.993706 0.000025 0.002393
2 2 0.000005 0.004626 0.985651 0.000044 0.009673
2 2 0.000004 0.003405 0.988573 0.000004 0.008014
2 2 0.000003 0.002543 0.994664 0.000058 0.002732
2 2 0.000002 0.003519 0.994101 0.000008 0.002370
2 2 0.000001 0.001160 0.998213 0.000033 0.000593
2 2 0.000007 0.007046 0.990444 0.000002 0.002501
2 2 0.000020 0.008650 0.986427 0.000002 0.004901
2 2 0.000045 0.008264 0.985731 0.000002 0.005959
2 2 0.000037 0.007505 0.988634 0.000014 0.003809
2 2 0.000060 0.007491 0.976283 0.000046 0.016120
2 2 0.000009 0.003676 0.987025 0.000006 0.009284
2 2 0.000000 0.001730 0.997793 0.000006 0.000471
2 2 0.000002 0.001866 0.997590 0.000012 0.000531
2 2 0.000000 0.000373 0.999201 0.000179 0.000246
2 2 0.000006 0.001751 0.994026 0.000235 0.003981
2 2 0.000000 0.000393 0.999323 0.000191 0.000093
2 2 0.000000 0.000339 0.999631 0.000009 0.000021
2 2 0.000002 0.000325 0.999476 0.000144 0.000053
2 2 0.000111 0.007059 0.987116 0.001706 0.004008
2 2 0.000135 0.007147 0.989049 0.000190 0.003479
2 2 0.000043 0.004126 0.993467 0.000330 0.002034
2 2 0.000001 0.000732 0.998921 0.000136 0.000211
2 2 0.000000 0.000379 0.999487 0.000083 0.000052
2 2 0.000007 0.001527 0.995817 0.002008 0.000641
2 2 0.000011 0.002627 0.995268 0.001202 0.000893
2 2 0.000001 0.000714 0.996878 0.002064 0.000343
2 2 0.000005 0.001483 0.996067 0.000366 0.002078
2 2 0.000005 0.001124 0.994514 0.000463 0.003894
2 2 0.000001 0.001164 0.997718 0.000045 0.001072
2 2 0.000069 0.003023 0.994406 0.000843 0.001659
2 2 0.000002 0.001916 0.996560 0.000121 0.001400
2 2 0.000001 0.001126 0.998155 0.000122 0.000596
2 2 0.000001 0.000601 0.999057 0.000033 0.000307
2 2 0.000039 0.003615 0.994914 0.000132 0.001300
2 2 0.000007 0.001589 0.993155 0.004344 0.000905
2 3 0.000001 0.000589 0.995690 0.003569 0.000151
2 3 0.000010 0.002537 0.996725 0.000159 0.000568
2 3 0.000003 0.000758 0.997572 0.000876 0.000791
2 3 0.000008 0.001793 0.996370 0.000330 0.001499
2 3 0.000000 0.000143 0.997313 0.002488 0.000056
2 3 0.000000 0.000311 0.995559 0.003992 0.000139
2 3 0.000002 0.000568 0.998840 0.000408 0.000183
2 3 0.000015 0.002374 0.994937 0.000370 0.002303
2 3 0.000005 0.000875 0.998599 0.000447 0.000074
2 3 0.000017 0.002122 0.995764 0.001606 0.000490
2 3 0.000015 0.001634 0.995969 0.002256 0.000126
2 3 0.000010 0.002784 0.995808 0.000367 0.001031
2 3 0.000003 0.000612 0.994708 0.004451 0.000227
2 3 0.000030 0.002991 0.995612 0.000151 0.001215
2 3 0.000010 0.002712 0.996248 0.000081 0.000948
2 3 0.000003 0.000635 0.998743 0.000510 0.000110
2 3 0.000181 0.010037 0.985563 0.000421 0.003798
2 3 0.000436 0.012690 0.980763 0.000794 0.005318
2 3 0.004025 0.112575 0.721063 0.000057 0.162281
2 2 0.001159 0.065001 0.908096 0.000111 0.025632
2 2 0.000020 0.003803 0.994711 0.000026 0.001440
2 2 0.000176 0.012519 0.984398 0.000013 0.002895
2 2 0.050327 0.108522 0.634509 0.000295 0.206348
4 1 0.143739 0.219598 0.107548 0.000326 0.528789
2 2 0.006653 0.174825 0.442439 0.000004 0.376079
2 2 0.002915 0.141593 0.428369 0.000004 0.427119
4 2 0.005568 0.115339 0.279072 0.000005 0.600016
2 2 0.000486 0.028617 0.930951 0.000050 0.039895
2 2 0.000007 0.004870 0.990966 0.000013 0.004143
2 2 0.000018 0.007053 0.990323 0.000061 0.002544
2 2 0.000004 0.001618 0.997743 0.000026 0.000609
2 2 0.000001 0.000798 0.998524 0.000040 0.000637
2 2 0.001421 0.037120 0.835275 0.000415 0.125769
4 2 0.008156 0.141358 0.277344 0.000151 0.572991
2 2 0.000307 0.014789 0.980701 0.000047 0.004156
2 2 0.000013 0.005994 0.992975 0.000065 0.000952
2 2 0.000015 0.006423 0.992223 0.000001 0.001338
2 2 0.000006 0.002878 0.994223 0.000012 0.002881
2 2 0.000112 0.014286 0.969872 0.000425 0.015305
2 2 0.000136 0.012298 0.973243 0.000094 0.014229
2 2 0.000007 0.001183 0.997612 0.000029 0.001169
2 2 0.000008 0.001470 0.995465 0.000074 0.002983
2 2 0.000005 0.001933 0.988666 0.000146 0.009250
2 2 0.000245 0.013055 0.950331 0.000202 0.036167
2 2 0.000002 0.001671 0.997358 0.000005 0.000964
2 2 0.000001 0.001607 0.997309 0.000003 0.001080
2 2 0.000981 0.062358 0.838834 0.000005 0.097822
2 2 0.000565 0.047970 0.891010 0.000013 0.060441
2 2 0.001123 0.031903 0.929030 0.000027 0.037918
2 2 0.000057 0.008762 0.988539 0.000036 0.002606
2 2 0.000446 0.046499 0.887479 0.000330 0.065247
2 2 0.000030 0.008924 0.985030 0.000060 0.005956
2 2 0.000011 0.003361 0.990012 0.000045 0.006572
2 2 0.000220 0.013687 0.948410 0.000263 0.037420
2 2 0.000003 0.001120 0.997947 0.000161 0.000768
2 2 0.000001 0.000686 0.998811 0.000074 0.000428
2 2 0.000010 0.002299 0.996316 0.000016 0.001360
2 2 0.000002 0.001237 0.998323 0.000010 0.000428
2 2 0.000026 0.004159 0.991180 0.000048 0.004587
2 2 0.000015 0.005742 0.990040 0.000018 0.004185
2 2 0.000046 0.024958 0.940146 0.000011 0.034839
2 2 0.000210 0.026312 0.970112 0.000001 0.003365
2 2 0.000257 0.011391 0.977800 0.000107 0.010445
2 2 0.001245 0.030103 0.890400 0.000096 0.078157
2 2 0.000126 0.005800 0.986058 0.000085 0.007931
2 2 0.000017 0.005276 0.992411 0.000157 0.002139
2 2 0.000002 0.003463 0.994911 0.000028 0.001595
2 2 0.000000 0.001355 0.997665 0.000031 0.000948
2 2 0.000043 0.012568 0.976686 0.000006 0.010697
2 2 0.000043 0.008542 0.976709 0.000005 0.014701
2 2 0.000002 0.002771 0.996668 0.000001 0.000558
2 2 0.000003 0.002373 0.996430 0.000012 0.001182
2 2 0.000007 0.003385 0.994678 0.000023 0.001908
2 2 0.000027 0.011324 0.975448 0.000023 0.013178
2 2 0.000138 0.014691 0.966790 0.000040 0.018341
2 2 0.000027 0.006501 0.978369 0.000092 0.015011
2 2 0.000231 0.025208 0.953661 0.000032 0.020867
2 2 0.000085 0.008229 0.981712 0.000182 0.009791
2 2 0.000016 0.003923 0.992885 0.000049 0.003127
2 2 0.000080 0.011783 0.982536 0.000036 0.005566
2 2 0.000030 0.007943 0.989022 0.000054 0.002951
2 2 0.000027 0.003009 0.992760 0.002106 0.002098
2 2 0.000241 0.003820 0.988429 0.004722 0.002787
2 2 0.000542 0.020289 0.954986 0.000963 0.023220
2 2 0.003828 0.041481 0.932575 0.000851 0.021264
4 1 0.127488 0.262742 0.227593 0.000182 0.381995
2 2 0.036245 0.209725 0.689523 0.000455 0.064052
2 2 0.000493 0.026287 0.958525 0.000031 0.014664
2 2 0.000087 0.021581 0.963779 0.000054 0.014498
2 2 0.008123 0.122881 0.697687 0.000269 0.171040
2 2 0.021368 0.120051 0.754410 0.000232 0.103939
2 2 0.002293 0.066106 0.884168 0.000023 0.047410
2 2 0.000070 0.009247 0.986670 0.000032 0.003982
2 2 0.000091 0.022351 0.953273 0.000006 0.024279
2 2 0.062751 0.175800 0.721799 0.000052 0.039599
1 2 0.351900 0.384470 0.060924 0.000001 0.202706
1 2 0.040371 0.704712 0.119610 0.000000 0.135306
2 2 0.037029 0.313356 0.341430 0.000004 0.308180
2 2 0.000212 0.024836 0.899001 0.000031 0.075919
2 2 0.004481 0.070506 0.552527 0.000003 0.372483
2 2 0.000026 0.005046 0.992067 0.000005 0.002856
2 2 0.000006 0.007925 0.988923 0.000002 0.003143
2 2 0.000007 0.006590 0.991376 0.000000 0.002027
2 2 0.000020 0.007762 0.980853 0.000067 0.011297
2 2 0.000002 0.001286 0.998299 0.000017 0.000396
2 2 0.000004 0.001155 0.998052 0.000148 0.000641
2 2 0.000002 0.001237 0.998333 0.000008 0.000420
2 2 0.000489 0.032050 0.933003 0.000088 0.034371
2 2 0.000058 0.008191 0.985550 0.000033 0.006169
2 2 0.000329 0.032088 0.919037 0.000030 0.048515
4 2 0.019131 0.118267 0.422500 0.000166 0.439936
2 2 0.003586 0.124758 0.547885 0.000017 0.323754
2 2 0.000175 0.047976 0.924638 0.000018 0.027193
2 2 0.001744 0.050307 0.921654 0.000026 0.026268
4 1 0.125486 0.255519 0.088930 0.000068 0.529996
4 1 0.016647 0.124323 0.047518 0.000021 0.811491
1 2 0.064211 0.433108 0.092433 0.000001 0.410247
2 2 0.001484 0.061729 0.922359 0.000011 0.014417
2 2 0.001427 0.046668 0.933732 0.000031 0.018141
2 2 0.001864 0.180677 0.590588 0.000008 0.226864
4 2 0.002565 0.126803 0.252592 0.000012 0.618029
2 2 0.000233 0.036687 0.619503 0.000004 0.343572
2 2 0.000388 0.062894 0.648387 0.000008 0.288322
2 2 0.000277 0.066990 0.735421 0.000006 0.197305
2 2 0.000052 0.004399 0.993657 0.000012 0.001880
2 2 0.000008 0.007442 0.988530 0.000000 0.004020
2 2 0.000003 0.004226 0.995031 0.000000 0.000740
2 2 0.000002 0.002603 0.995160 0.000000 0.002235
2 2 0.000001 0.001607 0.996550 0.000006 0.001835
2 2 0.000002 0.002769 0.991494 0.000008 0.005726
2 2 0.002243 0.017090 0.812968 0.000718 0.166981
2 2 0.000962 0.020015 0.961576 0.000582 0.016864
2 2 0.000213 0.012250 0.980865 0.000328 0.006344
2 2 0.000060 0.004543 0.991991 0.000130 0.003275
2 2 0.063486 0.355898 0.493763 0.000024 0.086829
4 2 0.007127 0.248200 0.229401 0.000009 0.515263
2 2 0.001137 0.057481 0.521476 0.000101 0.419805
2 2 0.000422 0.032926 0.832198 0.000145 0.134308
2 2 0.000982 0.102794 0.799527 0.000293 0.096404
4 2 0.011034 0.151433 0.344840 0.000013 0.492680
2 2 0.000035 0.008115 0.979090 0.000101 0.012659
2 2 0.000005 0.000925 0.994424 0.000433 0.004214
2 2 0.000102 0.058664 0.800820 0.002835 0.137579
2 2 0.000066 0.012913 0.967953 0.004453 0.014615
2 2 0.000047 0.007059 0.988899 0.000185 0.003809
2 2 0.000113 0.008839 0.976512 0.000398 0.014137
2 2 0.033241 0.068159 0.839469 0.002077 0.057054
0 0 0.888604 0.074661 0.019072 0.000019 0.017644
0 0 0.988539 0.005892 0.002135 0.000032 0.003402
0 0 0.836433 0.008211 0.148926 0.002206 0.004225
0 0 0.974015 0.016180 0.003684 0.000003 0.006118
0 0 0.779603 0.063101 0.021084 0.000066 0.136147
4 0 0.194078 0.014815 0.001991 0.000000 0.789115
4 0 0.337760 0.049262 0.006749 0.000000 0.606229
4 0 0.349722 0.209174 0.039832 0.000002 0.401270
0 0 0.706742 0.056480 0.013452 0.000004 0.223322
4 0 0.259334 0.188918 0.035694 0.000001 0.516053
4 0 0.133261 0.139127 0.034717 0.000005 0.692890
4 0 0.037982 0.033700 0.007430 0.000000 0.920888
4 0 0.058617 0.018905 0.002724 0.000000 0.919753
4 0 0.010798 0.022199 0.003184 0.000000 0.963819
4 0 0.021467 0.048310 0.008552 0.000000 0.921670
4 0 0.020535 0.028161 0.004984 0.000000 0.946320
0 0 0.936540 0.008425 0.001612 0.000001 0.053423
0 0 0.515589 0.043581 0.011747 0.000008 0.429075
4 0 0.242137 0.015826 0.002727 0.000000 0.739311
4 0 0.175979 0.023549 0.005428 0.000001 0.795043
4 0 0.087582 0.016321 0.002798 0.000000 0.893298
4 0 0.040066 0.078471 0.009502 0.000000 0.871962
4 0 0.090630 0.110693 0.020141 0.000000 0.778535
4 1 0.023277 0.010624 0.002161 0.000000 0.963937
4 1 0.042286 0.006171 0.001077 0.000000 0.950466
4 1 0.010990 0.013517 0.002810 0.000000 0.972683
4 1 0.007437 0.010690 0.002947 0.000000 0.978925
4 1 0.009107 0.047000 0.016898 0.000005 0.926990
4 2 0.000544 0.026867 0.010108 0.000001 0.962481
4 2 0.000851 0.016124 0.007464 0.000003 0.975558
4 2 0.000736 0.038930 0.016768 0.000003 0.943564
4 2 0.001237 0.036474 0.017015 0.000006 0.945269
2 2 0.000070 0.052322 0.670480 0.000181 0.276947
2 2 0.000016 0.021725 0.903613 0.000004 0.074642
2 2 0.000000 0.001575 0.996605 0.000010 0.001810
2 2 0.000000 0.000450 0.999386 0.000007 0.000156
2 2 0.000017 0.008212 0.984738 0.000004 0.007029
2 2 0.000006 0.002121 0.991241 0.000504 0.006129
2 2 0.000032 0.020992 0.702729 0.000021 0.276226
2 2 0.000002 0.003740 0.985749 0.000006 0.010504
2 2 0.000005 0.007967 0.983198 0.000023 0.008806
2 2 0.000001 0.001512 0.997899 0.000015 0.000572
2 2 0.000000 0.000847 0.999001 0.000004 0.000148
2 2 0.000004 0.003437 0.994178 0.000008 0.002374
2 2 0.000000 0.001178 0.998441 0.000004 0.000376
2 2 0.000000 0.000453 0.999366 0.000012 0.000170
2 2 0.000002 0.001289 0.997030 0.000275 0.001404
2 2 0.000003 0.001368 0.998070 0.000004 0.000554
2 2 0.000001 0.002156 0.995027 0.000000 0.002817
2 2 0.000000 0.000367 0.999521 0.000000 0.000111
2 2 0.000000 0.000556 0.998779 0.000000 0.000664
2 2 0.000001 0.002477 0.994400 0.000000 0.003121
2 2 0.000001 0.004288 0.991924 0.000001 0.003786
2 2 0.000001 0.001828 0.996996 0.000006 0.001170
2 2 0.000005 0.009875 0.980619 0.000001 0.009500
2 2 0.000001 0.002917 0.990429 0.000028 0.006625
2 2 0.000000 0.000942 0.997236 0.000002 0.001819
2 2 0.000000 0.001102 0.998251 0.000022 0.000625
2 2 0.000000 0.001905 0.992927 0.000003 0.005164
2 2 0.000011 0.005583 0.991059 0.000005 0.003343
2 2 0.000000 0.001007 0.998664 0.000001 0.000329
2 2 0.000000 0.000091 0.999897 0.000000 0.000011
2 2 0.000000 0.000055 0.999937 0.000000 0.000007
2 2 0.000000 0.000067 0.999922 0.000001 0.000010
2 2 0.000000 0.000403 0.999491 0.000008 0.000098
2 2 0.000005 0.001191 0.998333 0.000011 0.000461
2 2 0.000000 0.000374 0.999471 0.000004 0.000150
2 2 0.000000 0.001127 0.998460 0.000003 0.000409
2 2 0.000000 0.000157 0.999775 0.000011 0.000058
2 2 0.000000 0.000052 0.999923 0.000022 0.000004
2 2 0.000000 0.000133 0.999851 0.000010 0.000006
2 2 0.000002 0.000691 0.999195 0.000024 0.000088
2 2 0.000006 0.002624 0.996505 0.000012 0.000853
2 2 0.000001 0.001256 0.998407 0.000026 0.000310
2 2 0.000000 0.000560 0.999310 0.000005 0.000125
2 2 0.000000 0.000131 0.999782 0.000028 0.000060
2 2 0.000005 0.001136 0.998171 0.000006 0.000682
2 2 0.000007 0.000664 0.995026 0.003948 0.000354
2 2 0.000000 0.000168 0.999756 0.000056 0.000021
2 2 0.000000 0.000224 0.999747 0.000014 0.000015
2 2 0.000003 0.001607 0.997950 0.000075 0.000365
2 2 0.000003 0.001533 0.998077 0.000012 0.000375
2 2 0.000001 0.000357 0.999593 0.000012 0.000037
2 3 0.000000 0.000123 0.999647 0.000190 0.000040
2 3 0.000000 0.000099 0.999301 0.000559 0.000041
2 3 0.000000 0.000150 0.999532 0.000256 0.000062
2 3 0.000010 0.002126 0.996228 0.000069 0.001567
2 3 0.000001 0.000245 0.998996 0.000678 0.000080
2 3 0.000000 0.000172 0.999750 0.000060 0.000018
2 3 0.000001 0.000396 0.998840 0.000713 0.000050
2 3 0.000000 0.000231 0.998431 0.001310 0.000027
2 3 0.000001 0.000369 0.995785 0.003727 0.000118
2 3 0.000001 0.000782 0.997867 0.001250 0.000101
2 3 0.000043 0.003323 0.995562 0.000272 0.000800
2 3 0.000090 0.001609 0.992684 0.003800 0.001818
2 3 0.000007 0.000592 0.968646 0.030180 0.000576
2 3 0.000007 0.000421 0.855741 0.143418 0.000412
2 3 0.000064 0.001335 0.992338 0.005986 0.000278
2 3 0.000001 0.000400 0.996142 0.003397 0.000060
2 3 0.000000 0.000516 0.998615 0.000772 0.000097
2 3 0.000024 0.001564 0.994532 0.003338 0.000542
2 3 0.000004 0.000854 0.997421 0.001409 0.000312
2 3 0.000000 0.000251 0.999530 0.000198 0.000021
2 3 0.000000 0.000265 0.998904 0.000764 0.000067
2 3 0.000017 0.000708 0.994064 0.004960 0.000252
2 3 0.000006 0.000465 0.990079 0.009098 0.000352
2 3 0.000085 0.005121 0.984561 0.000600 0.009632
2 3 0.000005 0.000825 0.996341 0.002598 0.000232
2 3 0.000006 0.001421 0.997359 0.000943 0.000271
2 3 0.000020 0.002854 0.995279 0.000841 0.001005
2 3 0.000317 0.013315 0.980601 0.001412 0.004355
2 3 0.000191 0.005935 0.973903 0.016659 0.003312
2 3 0.000006 0.000670 0.976788 0.021848 0.000688
2 3 0.000000 0.000191 0.996902 0.002812 0.000095
2 3 0.000001 0.000705 0.996491 0.002357 0.000446
2 3 0.000004 0.001726 0.996863 0.000650 0.000757
2 3 0.000098 0.004819 0.984357 0.004607 0.006118
2 3 0.000030 0.000551 0.894188 0.104955 0.000276
2 3 0.000046 0.000925 0.897070 0.101528 0.000431
2 3 0.000005 0.000414 0.833069 0.166414 0.000098
2 3 0.000009 0.000722 0.973450 0.025453 0.000366
2 3 0.000002 0.000434 0.986961 0.012465 0.000137
2 3 0.000006 0.002112 0.994003 0.002473 0.001406
2 3 0.000004 0.001544 0.997902 0.000224 0.000327
2 3 0.000111 0.005523 0.992600 0.000248 0.001518
2 3 0.000024 0.002031 0.994895 0.002908 0.000142
2 3 0.000180 0.005527 0.966524 0.027152 0.000616
2 3 0.001923 0.021670 0.942578 0.003281 0.030548
2 3 0.000250 0.008038 0.984782 0.001013 0.005916
2 3 0.000017 0.001913 0.990279 0.005479 0.002312
2 3 0.000029 0.002057 0.993757 0.002784 0.001374
2 3 0.000001 0.000244 0.993671 0.005934 0.000151
2 3 0.000002 0.000409 0.992125 0.006874 0.000589
2 3 0.000006 0.000643 0.992517 0.006499 0.000335
2 3 0.000195 0.005518 0.976848 0.006508 0.010931
2 3 0.000033 0.002663 0.988558 0.007191 0.001554
2 3 0.003491 0.033690 0.906335 0.007665 0.048819
2 3 0.000118 0.001323 0.871650 0.125188 0.001721
2 3 0.000066 0.001054 0.765137 0.232233 0.001509
2 3 0.001132 0.009619 0.798338 0.173689 0.017222
2 3 0.004468 0.050847 0.861672 0.026028 0.056985
2 3 0.000157 0.019557 0.973028 0.000560 0.006697
2 3 0.005068 0.083524 0.892208 0.001506 0.017694
2 2 0.000054 0.007445 0.987082 0.000062 0.005357
2 2 0.000003 0.001651 0.996452 0.000026 0.001869
2 2 0.000000 0.001561 0.997948 0.000015 0.000475
2 2 0.000097 0.021519 0.962911 0.000003 0.015470
2 2 0.000007 0.002513 0.996933 0.000068 0.000479
2 2 0.000005 0.006316 0.983082 0.000007 0.010591
2 2 0.001177 0.106691 0.521976 0.000002 0.370155
2 2 0.000095 0.020551 0.765195 0.000402 0.213757
4 2 0.000608 0.020018 0.104218 0.000022 0.875134
4 2 0.005581 0.062663 0.150974 0.000265 0.780518
4 2 0.009153 0.127904 0.070940 0.000017 0.791985
4 2 0.003737 0.070873 0.086010 0.000018 0.839362
4 2 0.000556 0.016689 0.035598 0.000013 0.947144
4 2 0.009673 0.006836 0.002432 0.000002 0.981058
4 4 0.009750 0.006814 0.002501 0.000002 0.980934
4 4 0.053173 0.002065 0.000773 0.000002 0.943986
4 4 0.099999 0.002272 0.001305 0.000055 0.896369
4 4 0.118263 0.004317 0.005493 0.007366 0.864561
4 4 0.147813 0.002781 0.003032 0.002638 0.843736
4 4 0.326049 0.002920 0.002365 0.001011 0.667654
4 4 0.403709 0.003354 0.002623 0.001338 0.588976
4 4 0.157050 0.008841 0.008317 0.003488 0.822304
4 4 0.278104 0.004930 0.006113 0.013455 0.697398
4 4 0.317707 0.006326 0.005793 0.003395 0.666780
4 4 0.164187 0.005867 0.004278 0.000504 0.825165
4 4 0.151527 0.014376 0.009856 0.000656 0.823584
4 4 0.047685 0.016835 0.012557 0.000721 0.922202
4 4 0.098947 0.010907 0.008853 0.001331 0.879962
4 4 0.127266 0.006124 0.005319 0.001398 0.859893
4 4 0.056633 0.009176 0.005418 0.000125 0.928648
4 4 0.057386 0.007726 0.003832 0.000048 0.931007
4 4 0.114250 0.003730 0.002188 0.000104 0.879728
4 4 0.174339 0.007875 0.004427 0.000159 0.813201
4 4 0.289503 0.043447 0.018740 0.000062 0.648248
4 4 0.009000 0.012313 0.004305 0.000002 0.974380
4 4 0.005144 0.003416 0.001037 0.000000 0.990403
4 4 0.022775 0.002014 0.000700 0.000001 0.974510
4 4 0.004559 0.006041 0.001735 0.000000 0.987665
4 4 0.337423 0.029086 0.017350 0.000676 0.615464
4 4 0.208456 0.001686 0.001966 0.003244 0.784648
4 4 0.445499 0.001666 0.001873 0.005571 0.545390
4 4 0.176929 0.003969 0.002429 0.000196 0.816477
4 4 0.020348 0.001011 0.000429 0.000002 0.978210
4 4 0.054775 0.002945 0.002212 0.000180 0.939889
4 4 0.233115 0.007843 0.005514 0.000793 0.752735
4 4 0.273553 0.002185 0.002022 0.001521 0.720719
4 4 0.188968 0.006077 0.003470 0.000158 0.801327
4 4 0.007084 0.011360 0.002937 0.000000 0.978619
4 4 0.003668 0.001852 0.000508 0.000000 0.993972
4 4 0.004570 0.011107 0.002477 0.000000 0.981846
4 4 0.006706 0.005718 0.020218 0.000006 0.967352
4 1 0.211996 0.056164 0.007726 0.000000 0.724115
4 1 0.009238 0.058439 0.019171 0.000003 0.913149
4 2 0.006426 0.018448 0.004962 0.000000 0.970163
4 2 0.028692 0.013438 0.008502 0.000170 0.949197
4 4 0.005917 0.003843 0.001829 0.000004 0.988407
4 4 0.008841 0.001937 0.000584 0.000000 0.988638
4 4 0.062685 0.004551 0.002794 0.000100 0.929870
4 4 0.035938 0.006568 0.005140 0.000330 0.952025
4 4 0.057029 0.005473 0.003601 0.000158 0.933739
4 4 0.005799 0.003832 0.001371 0.000001 0.988997
4 4 0.020440 0.003246 0.001408 0.000005 0.974901
4 4 0.269727 0.002047 0.001486 0.000391 0.726349
4 4 0.049414 0.001028 0.000607 0.000019 0.948932
4 4 0.007105 0.010745 0.005436 0.000016 0.976699
4 4 0.002616 0.006972 0.001927 0.000000 0.988486
4 4 0.003272 0.003823 0.001019 0.000000 0.991885
4 4 0.022046 0.004447 0.002459 0.000024 0.971024
4 4 0.001038 0.011925 0.003396 0.000000 0.983641
4 4 0.002631 0.001790 0.000541 0.000000 0.995038
4 4 0.013455 0.001629 0.000674 0.000002 0.984241
4 4 0.145830 0.003419 0.002557 0.000424 0.847770
4 4 0.031765 0.004778 0.002535 0.000026 0.960896
4 4 0.009992 0.056443 0.023284 0.000016 0.910265
4 2 0.001768 0.026191 0.013139 0.000012 0.958890
4 2 0.006550 0.010890 0.006066 0.000007 0.976487
4 2 0.014958 0.090994 0.077272 0.000057 0.816719
4 2 0.006694 0.089473 0.045343 0.000041 0.858448
4 2 0.000273 0.015585 0.007300 0.000001 0.976841
4 2 0.000280 0.007105 0.002447 0.000000 0.990167
4 2 0.001366 0.032713 0.010154 0.000000 0.955767
4 2 0.001238 0.024938 0.010994 0.000004 0.962827
4 2 0.000391 0.051519 0.269409 0.000265 0.678416
4 2 0.000975 0.033371 0.032584 0.000012 0.933058
4 2 0.002473 0.143275 0.276626 0.000088 0.577539
4 2 0.000506 0.192341 0.350513 0.000053 0.456588
4 2 0.000096 0.065583 0.283914 0.000036 0.650371
4 2 0.000091 0.040514 0.028085 0.000002 0.931307
4 2 0.000053 0.019918 0.013332 0.000001 0.966696
4 2 0.000429 0.013093 0.005208 0.000001 0.981270
4 2 0.001101 0.012577 0.004939 0.000001 0.981382
4 2 0.004925 0.036069 0.014286 0.000006 0.944714
4 2 0.001311 0.095563 0.176381 0.000420 0.726325
4 2 0.000746 0.047195 0.120934 0.000126 0.830999
4 2 0.003266 0.032342 0.015555 0.000016 0.948820
4 2 0.000853 0.027943 0.014358 0.000009 0.956837
4 2 0.000144 0.072665 0.230845 0.000083 0.696263
2 2 0.000007 0.028005 0.729515 0.000150 0.242322
2 2 0.000010 0.012117 0.980369 0.000000 0.007504
2 2 0.000013 0.021870 0.973268 0.000000 0.004849
1 2 0.015834 0.784355 0.185664 0.000000 0.014148
2 2 0.002929 0.155831 0.795666 0.000001 0.045573
2 2 0.000197 0.043624 0.888106 0.000000 0.068072
2 2 0.000050 0.031970 0.891161 0.000002 0.076817
2 2 0.000016 0.010571 0.977824 0.000001 0.011587
2 2 0.000011 0.007514 0.967616 0.000001 0.024858
2 2 0.000016 0.009588 0.980895 0.000002 0.009500
2 2 0.000016 0.024132 0.869473 0.000001 0.106378
2 2 0.000001 0.004658 0.969891 0.000010 0.025439
2 2 0.000002 0.002987 0.987941 0.000001 0.009070
2 2 0.000003 0.005221 0.974988 0.000000 0.019788
2 2 0.000006 0.012320 0.883293 0.000000 0.104381
2 2 0.000005 0.023270 0.836623 0.000000 0.140101
2 2 0.000002 0.002873 0.983636 0.000002 0.013487
2 2 0.000006 0.008313 0.974990 0.000000 0.016691
2 2 0.000001 0.007669 0.982049 0.000000 0.010281
2 2 0.000018 0.013533 0.923431 0.000000 0.063018
2 2 0.000000 0.000596 0.998711 0.000000 0.000693
2 2 0.000003 0.003079 0.991465 0.000001 0.005452
2 2 0.000000 0.001047 0.998529 0.000000 0.000423
2 2 0.000003 0.006465 0.991909 0.000000 0.001623
2 2 0.000001 0.003851 0.990358 0.000001 0.005789
2 2 0.000001 0.002607 0.988996 0.000001 0.008396
2 2 0.000035 0.010652 0.955785 0.000000 0.033527
2 2 0.000004 0.001845 0.994694 0.000001 0.003457
2 2 0.000004 0.005216 0.985176 0.000000 0.009604
2 2 0.000001 0.003280 0.994472 0.000000 0.002248
2 2 0.000000 0.000618 0.996994 0.000016 0.002372
2 2 0.000002 0.003661 0.990329 0.000004 0.006004
2 2 0.000027 0.008979 0.978289 0.000009 0.012696
