0 0 0.952401 0.026398 0.003909 0.000008 0.017284
0 0 0.956133 0.024429 0.003431 0.000006 0.016002
0 0 0.694446 0.110952 0.028210 0.000308 0.166084
0 0 0.771248 0.056800 0.010307 0.000022 0.161623
0 0 0.551201 0.051248 0.009292 0.000012 0.388247
0 0 0.918060 0.036520 0.005764 0.000012 0.039644
0 1 0.607013 0.091210 0.021300 0.000115 0.280361
0 1 0.739054 0.092744 0.021499 0.000159 0.146544
0 1 0.571413 0.113537 0.029869 0.000286 0.284895
0 1 0.633274 0.129216 0.035783 0.000534 0.201194
0 4 0.821377 0.092130 0.022022 0.000280 0.064192
0 1 0.397004 0.252268 0.110712 0.013237 0.226779
4 1 0.038756 0.187626 0.145979 0.072491 0.555148
4 4 0.021106 0.210164 0.149631 0.016746 0.602354
1 4 0.114598 0.428773 0.214614 0.008944 0.233071
1 4 0.213702 0.401823 0.185609 0.010198 0.188668
4 4 0.050267 0.323997 0.234156 0.062020 0.329560
4 4 0.025055 0.250252 0.157946 0.007841 0.558906
4 4 0.012941 0.212092 0.135989 0.003920 0.635057
4 4 0.049250 0.223594 0.105681 0.001600 0.619875
4 4 0.355300 0.155823 0.054163 0.001459 0.433255
4 4 0.222839 0.107944 0.036453 0.000598 0.632166
4 4 0.153718 0.142132 0.062117 0.003197 0.638835
4 4 0.223522 0.187211 0.082585 0.005754 0.500929
0 4 0.480073 0.116065 0.032101 0.000330 0.371431
0 4 0.483883 0.183513 0.064045 0.002448 0.266111
4 4 0.005295 0.025328 0.016707 0.001442 0.951227
4 4 0.022092 0.029596 0.012484 0.000205 0.935623
4 4 0.003183 0.015889 0.010203 0.000618 0.970106
4 4 0.064592 0.081424 0.035781 0.001103 0.817100
4 4 0.051956 0.040169 0.014309 0.000146 0.893421
4 4 0.049208 0.103232 0.058037 0.006102 0.783421
4 4 0.048129 0.169420 0.122689 0.050891 0.608871
2 4 0.022365 0.183283 0.559332 0.154287 0.080733
1 4 0.056054 0.427932 0.295661 0.057949 0.162404
1 1 0.045223 0.471063 0.311067 0.032125 0.140522
1 1 0.049081 0.376685 0.264872 0.051181 0.258180
2 1 0.077052 0.178459 0.437713 0.010950 0.295826
0 1 0.415215 0.187624 0.103742 0.008456 0.284963
4 1 0.133071 0.286888 0.150269 0.013395 0.416376
2 2 0.149955 0.185739 0.330238 0.184225 0.149843
3 2 0.013247 0.018381 0.125129 0.834044 0.009199
3 2 0.030665 0.071332 0.402662 0.457541 0.037800
2 2 0.006427 0.016926 0.527438 0.443593 0.005616
3 2 0.004776 0.007980 0.143636 0.840256 0.003353
3 2 0.001402 0.001836 0.088326 0.907808 0.000628
3 3 0.001162 0.001517 0.085775 0.911044 0.000503
2 3 0.000803 0.003995 0.574563 0.419220 0.001418
3 3 0.014583 0.024570 0.182743 0.769494 0.008611
2 3 0.028685 0.165765 0.537347 0.191453 0.076750
3 3 0.005515 0.005733 0.076302 0.909977 0.002473
3 3 0.020814 0.016605 0.061088 0.892477 0.009016
3 3 0.015543 0.010491 0.046643 0.921893 0.005431
3 3 0.015255 0.011905 0.063710 0.888345 0.020784
3 3 0.016697 0.012634 0.058389 0.900396 0.011884
3 3 0.028661 0.038940 0.132965 0.760090 0.039344
3 3 0.026160 0.023917 0.075397 0.861024 0.013501
3 3 0.009477 0.011910 0.110354 0.859184 0.009074
3 3 0.031576 0.039221 0.126164 0.755021 0.048018
3 3 0.009709 0.006770 0.048061 0.930589 0.004870
3 3 0.010935 0.008229 0.052364 0.924468 0.004004
3 3 0.034038 0.036743 0.095955 0.811516 0.021749
3 3 0.042932 0.054377 0.118479 0.750523 0.033690
3 3 0.030962 0.031437 0.087998 0.831317 0.018286
3 3 0.015476 0.010421 0.046459 0.922253 0.005391
3 3 0.008826 0.004366 0.027606 0.957134 0.002068
3 3 0.014154 0.009066 0.042774 0.929382 0.004624
3 3 0.011658 0.006708 0.035738 0.942578 0.003318
3 3 0.014906 0.009828 0.044873 0.925340 0.005053
3 3 0.005937 0.002400 0.019390 0.971204 0.001070
3 3 0.017062 0.012140 0.050846 0.913572 0.006380
3 3 0.008573 0.004175 0.026872 0.958411 0.001969
3 3 0.013034 0.007975 0.039630 0.935347 0.004014
3 3 0.005510 0.002119 0.017820 0.973617 0.000934
3 3 0.008968 0.004474 0.028019 0.956414 0.002125
3 3 0.003774 0.001189 0.012535 0.982006 0.000495
3 3 0.004051 0.001325 0.013390 0.980676 0.000558
3 3 0.005422 0.002068 0.017558 0.974043 0.000909
3 3 0.009782 0.005115 0.030370 0.952271 0.002462
3 3 0.012107 0.007113 0.037012 0.940229 0.003539
3 3 0.014214 0.009126 0.042942 0.929060 0.004657
3 3 0.005926 0.002369 0.019068 0.971582 0.001056
3 3 0.007891 0.003675 0.024879 0.961845 0.001711
3 3 0.012755 0.007712 0.038844 0.936820 0.003869
3 3 0.015142 0.010071 0.045529 0.924066 0.005192
3 3 0.007501 0.003400 0.023736 0.963793 0.001571
3 3 0.004817 0.001725 0.015727 0.976985 0.000745
3 3 0.005643 0.002198 0.018220 0.972967 0.000972
3 3 0.014184 0.009096 0.042858 0.929220 0.004640
3 3 0.005010 0.001833 0.016314 0.976046 0.000796
3 3 0.001478 0.000286 0.005239 0.992893 0.000104
3 3 0.002784 0.000748 0.009444 0.986726 0.000298
3 3 0.006862 0.002966 0.021853 0.966967 0.001352
3 3 0.016764 0.011809 0.050022 0.915218 0.006188
3 3 0.006379 0.002651 0.020418 0.969357 0.001195
3 3 0.008607 0.004200 0.026971 0.958240 0.001982
3 3 0.005039 0.001849 0.016400 0.975909 0.000804
3 3 0.006523 0.002744 0.020847 0.968645 0.001241
3 3 0.007782 0.003597 0.024561 0.962388 0.001671
3 3 0.009671 0.005381 0.035139 0.945214 0.004595
3 3 0.004999 0.001826 0.016278 0.976104 0.000793
3 3 0.003760 0.001182 0.012491 0.982075 0.000492
3 3 0.003960 0.001280 0.013108 0.981116 0.000537
3 3 0.003007 0.000841 0.010146 0.985668 0.000339
3 3 0.003091 0.000877 0.010409 0.985269 0.000355
3 3 0.004599 0.001608 0.015065 0.978038 0.000690
3 3 0.004851 0.001745 0.015833 0.976817 0.000754
3 3 0.005900 0.002353 0.018991 0.971707 0.001048
3 3 0.011907 0.006931 0.036443 0.941281 0.003439
3 3 0.008908 0.004428 0.027845 0.956717 0.002101
3 3 0.002479 0.000627 0.008479 0.988170 0.000245
3 3 0.001056 0.000171 0.003831 0.994883 0.000059
3 3 0.003064 0.000866 0.010327 0.985393 0.000350
3 3 0.003196 0.000923 0.010738 0.984769 0.000375
3 3 0.001854 0.000403 0.006471 0.991121 0.000151
3 3 0.002190 0.000519 0.007555 0.989537 0.000199
3 3 0.001247 0.000221 0.004471 0.993984 0.000078
3 3 0.004932 0.001789 0.016076 0.976427 0.000776
3 3 0.003685 0.001147 0.012259 0.982434 0.000476
3 3 0.004328 0.001465 0.014236 0.979348 0.000623
3 3 0.006160 0.002514 0.019767 0.970432 0.001127
3 3 0.003476 0.001049 0.011612 0.983431 0.000432
3 3 0.023817 0.020575 0.069164 0.875015 0.011429
3 3 0.008372 0.004092 0.027327 0.957991 0.002218
3 3 0.017840 0.013020 0.052984 0.909264 0.006892
3 3 0.022927 0.070099 0.329562 0.542643 0.034769
2 3 0.198583 0.151709 0.430454 0.139826 0.079427
2 3 0.176188 0.196309 0.277325 0.260701 0.089477
3 3 0.031030 0.043046 0.134068 0.767690 0.024166
2 3 0.202233 0.169191 0.334643 0.158945 0.134988
2 3 0.199996 0.148630 0.444958 0.127719 0.078697
2 3 0.305939 0.090916 0.500321 0.063985 0.038839
3 3 0.252331 0.136519 0.266260 0.267091 0.077799
3 3 0.064036 0.047649 0.378018 0.489254 0.021043
0 3 0.753072 0.090952 0.084426 0.020394 0.051157
3 3 0.006700 0.025198 0.429417 0.531925 0.006759
2 3 0.002031 0.017317 0.729989 0.246006 0.004657
2 3 0.006075 0.037698 0.584087 0.344740 0.027400
3 3 0.054887 0.097645 0.170551 0.561367 0.115549
4 3 0.117218 0.162740 0.161739 0.077101 0.481202
2 2 0.026624 0.238763 0.343797 0.060636 0.330180
4 2 0.006295 0.155290 0.232911 0.005272 0.600231
4 2 0.012503 0.214167 0.142824 0.005210 0.625297
4 2 0.011672 0.258459 0.264952 0.006668 0.458249
4 2 0.037011 0.140037 0.141072 0.110059 0.571821
4 2 0.018568 0.152667 0.112867 0.018715 0.697184
4 2 0.016313 0.174056 0.174685 0.018417 0.616529
4 1 0.028246 0.197276 0.168476 0.041070 0.564932
4 1 0.054353 0.181786 0.177735 0.180740 0.405387
2 1 0.082453 0.270619 0.448169 0.033275 0.165484
4 1 0.017510 0.137559 0.102709 0.018697 0.723525
4 2 0.037130 0.305447 0.217334 0.036250 0.403839
4 2 0.025680 0.191802 0.256759 0.063494 0.462265
2 2 0.077192 0.322824 0.433031 0.061769 0.105183
2 2 0.017811 0.300276 0.579503 0.022886 0.079524
2 2 0.069232 0.265862 0.366414 0.008406 0.290086
0 2 0.369070 0.270049 0.140588 0.021265 0.199028
4 2 0.031332 0.202599 0.281653 0.011892 0.472523
2 2 0.059258 0.386050 0.469470 0.005423 0.079799
0 2 0.558522 0.194562 0.126998 0.016176 0.103742
2 2 0.053786 0.142162 0.706751 0.059919 0.037382
2 2 0.036745 0.112008 0.541612 0.243748 0.065887
0 2 0.512360 0.176182 0.147642 0.051967 0.111849
0 2 0.610357 0.146979 0.119158 0.032924 0.090582
2 2 0.145874 0.354312 0.417705 0.004587 0.077521
0 2 0.374316 0.290373 0.128873 0.014115 0.192323
1 2 0.072688 0.344201 0.255137 0.133860 0.194114
1 2 0.126962 0.438736 0.238654 0.021352 0.174295
1 2 0.253169 0.351716 0.173737 0.021227 0.200151
1 2 0.213191 0.358033 0.249968 0.014783 0.164026
0 2 0.347054 0.320276 0.145225 0.009626 0.177819
2 2 0.048237 0.227167 0.478748 0.129673 0.116176
2 2 0.085495 0.267258 0.280972 0.194807 0.171468
2 2 0.022312 0.280215 0.564437 0.052413 0.080623
1 2 0.076711 0.462017 0.326834 0.011088 0.123350
1 2 0.041872 0.514132 0.311003 0.014919 0.118073
2 2 0.030968 0.383303 0.441452 0.038633 0.105644
1 2 0.080048 0.459674 0.274056 0.026678 0.159544
1 2 0.151535 0.547791 0.196254 0.000980 0.103440
1 2 0.121494 0.468169 0.210729 0.004198 0.195411
1 1 0.107626 0.586858 0.214339 0.000789 0.090389
1 1 0.074053 0.606879 0.237998 0.000784 0.080285
1 1 0.040682 0.489754 0.317714 0.024382 0.127468
1 1 0.040222 0.492541 0.317428 0.023488 0.126322
1 1 0.090496 0.527690 0.252246 0.005383 0.124184
1 1 0.069148 0.519950 0.275607 0.009065 0.126230
2 1 0.010184 0.165260 0.725243 0.055521 0.043792
2 2 0.019969 0.137874 0.567381 0.214131 0.060645
2 2 0.079258 0.292616 0.430683 0.061885 0.135559
1 2 0.085197 0.411696 0.321841 0.027948 0.153317
1 2 0.236297 0.490056 0.161911 0.000841 0.110895
1 2 0.068158 0.617174 0.236746 0.000710 0.077212
1 1 0.057939 0.458724 0.296240 0.035303 0.151794
1 1 0.071631 0.423941 0.279735 0.052544 0.172148
1 1 0.078827 0.391781 0.267283 0.075799 0.186311
1 1 0.134968 0.504985 0.222396 0.004354 0.133297
0 1 0.401489 0.365652 0.113155 0.000902 0.118802
1 1 0.118593 0.493075 0.256074 0.005032 0.127225
1 1 0.215776 0.455139 0.188921 0.003061 0.137103
2 1 0.033332 0.382841 0.467563 0.022535 0.093728
1 1 0.030312 0.522559 0.333300 0.012344 0.101485
1 1 0.029505 0.472478 0.379836 0.017600 0.100582
1 1 0.034324 0.515831 0.322564 0.015648 0.111633
1 1 0.033500 0.519108 0.323152 0.014717 0.109524
1 1 0.035643 0.510603 0.321555 0.017219 0.114980
1 1 0.133534 0.474188 0.287236 0.002177 0.102865
1 1 0.201196 0.360767 0.283490 0.010191 0.144356
1 2 0.065795 0.433470 0.288492 0.013368 0.198876
1 2 0.038409 0.336797 0.318528 0.051708 0.254558
1 2 0.023076 0.459096 0.281442 0.007006 0.229381
1 2 0.069793 0.591500 0.247804 0.001451 0.089452
1 2 0.051940 0.445395 0.302505 0.046659 0.153501
1 2 0.074101 0.335190 0.250138 0.144225 0.196346
1 2 0.088230 0.503636 0.260734 0.009786 0.137615
1 2 0.047062 0.465345 0.309495 0.035590 0.142508
1 2 0.035685 0.510437 0.321522 0.017270 0.115086
1 2 0.070831 0.463519 0.336301 0.010649 0.118700
1 2 0.240459 0.421373 0.175847 0.005339 0.156982
1 2 0.101357 0.553530 0.221667 0.001455 0.121991
1 2 0.056409 0.469891 0.256360 0.007999 0.209341
0 1 0.490212 0.293719 0.091651 0.001205 0.123214
1 1 0.236666 0.494247 0.160369 0.000731 0.107987
4 1 0.162143 0.262312 0.127664 0.009151 0.438730
1 1 0.107979 0.425651 0.242850 0.025237 0.198282
1 1 0.062733 0.397628 0.282353 0.081209 0.176077
1 1 0.063538 0.393758 0.280534 0.084520 0.177650
1 1 0.027900 0.541744 0.326226 0.009332 0.094798
1 1 0.067512 0.420072 0.282893 0.057882 0.171641
1 1 0.057089 0.419520 0.312640 0.053882 0.156870
2 2 0.008919 0.317900 0.625319 0.007746 0.040117
1 2 0.102122 0.485519 0.269565 0.008298 0.134497
2 2 0.070699 0.397920 0.429079 0.010807 0.091495
1 2 0.023904 0.461541 0.422207 0.011101 0.081247
1 2 0.039341 0.496012 0.318296 0.022178 0.124173
1 2 0.046345 0.468228 0.310427 0.034147 0.140853
1 1 0.034194 0.516346 0.322659 0.015499 0.111302
1 1 0.024538 0.556132 0.327082 0.006765 0.085483
1 1 0.043994 0.572246 0.287618 0.003685 0.092457
1 1 0.100484 0.469772 0.255857 0.016754 0.157133
1 1 0.260965 0.403602 0.168287 0.005800 0.161346
1 1 0.204738 0.359133 0.193945 0.033916 0.208267
1 1 0.102303 0.412011 0.226190 0.016467 0.243028
2 1 0.050758 0.319896 0.410295 0.083847 0.135204
1 1 0.080313 0.390602 0.265848 0.075914 0.187322
1 1 0.133250 0.487093 0.228012 0.006926 0.144719
1 1 0.060990 0.405831 0.286123 0.074447 0.172610
1 1 0.225960 0.354691 0.186028 0.028098 0.205223
1 1 0.064324 0.436947 0.315362 0.034130 0.149237
1 1 0.155415 0.350295 0.256679 0.045717 0.191894
2 1 0.043626 0.301774 0.613679 0.001079 0.039842
2 1 0.067586 0.284394 0.514640 0.027382 0.105998
2 1 0.109132 0.300830 0.395842 0.048275 0.145921
1 2 0.081640 0.436817 0.322688 0.019349 0.139507
1 2 0.304862 0.338405 0.136559 0.004971 0.215203
2 2 0.048435 0.282852 0.532216 0.042171 0.094326
1 2 0.298373 0.302359 0.254919 0.007179 0.137170
0 2 0.888049 0.059277 0.013101 0.000072 0.039500
4 2 0.115109 0.300192 0.265534 0.013372 0.305793
1 2 0.025224 0.456353 0.412711 0.015541 0.090171
2 2 0.147185 0.312591 0.335122 0.002626 0.202475
0 2 0.248065 0.204960 0.208811 0.200434 0.137730
1 2 0.263818 0.264274 0.200538 0.095442 0.175929
2 2 0.100496 0.240418 0.452682 0.125120 0.081285
2 2 0.047740 0.233423 0.661745 0.008866 0.048226
1 2 0.220394 0.405051 0.274885 0.001364 0.098306
0 2 0.374173 0.337342 0.127958 0.004109 0.156418
0 2 0.586640 0.253765 0.065806 0.000347 0.093442
1 2 0.214611 0.367043 0.160808 0.006208 0.251330
0 2 0.695927 0.177134 0.044095 0.000310 0.082534
0 2 0.764652 0.142310 0.029981 0.000093 0.062964
1 2 0.239424 0.448049 0.171417 0.002689 0.138420
1 2 0.066246 0.526198 0.277020 0.008207 0.122329
1 2 0.017425 0.588082 0.326445 0.002987 0.065062
1 2 0.031333 0.604239 0.290520 0.001813 0.072095
1 2 0.121488 0.464992 0.315384 0.002097 0.096039
1 2 0.032235 0.524157 0.323989 0.013361 0.106258
1 1 0.019507 0.461266 0.359236 0.007426 0.152565
1 1 0.033961 0.461839 0.284707 0.011893 0.207600
1 1 0.046245 0.460899 0.306897 0.034705 0.151254
1 1 0.020878 0.452063 0.437937 0.011747 0.077375
1 1 0.079081 0.253840 0.200254 0.233978 0.232847
1 1 0.057209 0.490831 0.295039 0.019832 0.137089
1 1 0.056374 0.557737 0.277653 0.004456 0.103780
1 1 0.036874 0.473283 0.306062 0.020515 0.163266
1 1 0.039587 0.487479 0.314712 0.023009 0.135214
1 1 0.057685 0.420790 0.292681 0.063008 0.165837
1 1 0.047835 0.462228 0.308465 0.037194 0.144279
1 1 0.217982 0.362069 0.188691 0.027448 0.203810
0 0 0.593560 0.204590 0.067962 0.002457 0.131430
0 0 0.748891 0.126094 0.034879 0.000777 0.089358
0 0 0.910785 0.048012 0.008748 0.000039 0.032415
0 0 0.897333 0.054829 0.010535 0.000058 0.037246
0 1 0.634435 0.176610 0.058532 0.002613 0.127810
0 1 0.567387 0.180842 0.060986 0.002417 0.188369
0 1 0.366852 0.216370 0.088443 0.006183 0.322152
1 1 0.073886 0.417228 0.276717 0.056565 0.175605
1 1 0.125561 0.380364 0.208740 0.020495 0.264840
1 1 0.106081 0.317303 0.212467 0.083833 0.280316
1 1 0.096071 0.394569 0.232714 0.027275 0.249370
1 1 0.075794 0.413294 0.234754 0.014976 0.261183
1 1 0.077644 0.459229 0.276269 0.027710 0.159148
1 1 0.028898 0.585115 0.304911 0.003123 0.077953
1 1 0.010131 0.628221 0.318849 0.000833 0.041967
1 1 0.009277 0.596406 0.308508 0.000744 0.085065
1 1 0.059366 0.485230 0.255502 0.006481 0.193421
0 1 0.432328 0.248839 0.106373 0.012147 0.200313
4 1 0.187701 0.286102 0.170605 0.063222 0.292369
4 1 0.044744 0.138853 0.093273 0.024268 0.698863
4 1 0.211213 0.208273 0.088656 0.004056 0.487802
0 1 0.589854 0.130201 0.034908 0.000361 0.244677
0 4 0.612827 0.143607 0.042218 0.000842 0.200506
0 4 0.563172 0.205923 0.075277 0.004899 0.150729
0 1 0.620247 0.182588 0.061742 0.002978 0.132445
0 1 0.661740 0.164920 0.052526 0.002012 0.118801
0 1 0.557299 0.175914 0.058509 0.002068 0.206211
4 1 0.087230 0.217978 0.145080 0.054800 0.494911
1 1 0.072219 0.435438 0.209145 0.003533 0.279665
4 1 0.260026 0.276786 0.120366 0.006805 0.336017
0 4 0.702496 0.125784 0.034273 0.000578 0.136868
4 4 0.396934 0.136085 0.042834 0.000739 0.423408
1 4 0.276904 0.464570 0.147227 0.000721 0.110578
0 4 0.352547 0.341601 0.119087 0.001847 0.184918
0 4 0.404240 0.219400 0.088136 0.006209 0.282015
0 4 0.725157 0.136888 0.039454 0.001030 0.097471
0 4 0.749352 0.070492 0.014214 0.000050 0.165892
0 4 0.846815 0.042888 0.006892 0.000010 0.103395
0 4 0.644753 0.147926 0.044074 0.001049 0.162197
0 4 0.555236 0.130026 0.036829 0.000511 0.277398
0 0 0.618608 0.042878 0.006976 0.000006 0.331532
0 0 0.784644 0.024929 0.003063 0.000001 0.187363
0 0 0.837647 0.078296 0.017211 0.000142 0.066703
0 0 0.820946 0.092336 0.022093 0.000282 0.064343
0 0 0.748226 0.126399 0.035005 0.000783 0.089586
1 0 0.157600 0.423895 0.269031 0.008165 0.141309
1 1 0.133389 0.404003 0.233675 0.036495 0.192438
1 1 0.188246 0.422379 0.203014 0.012386 0.173974
4 1 0.254557 0.189637 0.080708 0.005084 0.470014
1 4 0.210006 0.302564 0.179552 0.073176 0.234702
4 4 0.077308 0.231027 0.167029 0.096762 0.427874
4 4 0.059096 0.294561 0.218278 0.091570 0.336495
1 4 0.145405 0.551245 0.199387 0.001010 0.102953
1 4 0.037488 0.503316 0.320007 0.019587 0.119601
1 4 0.038830 0.498026 0.318783 0.021441 0.122919
1 4 0.031961 0.525254 0.324160 0.013078 0.105547
1 4 0.074426 0.333038 0.248928 0.146764 0.196844
1 4 0.045095 0.473230 0.311994 0.031736 0.137945
1 4 0.066010 0.432900 0.238137 0.009857 0.253096
1 4 0.039426 0.380365 0.260915 0.031408 0.287886
4 4 0.061119 0.204341 0.109833 0.005912 0.618796
4 4 0.010937 0.112882 0.082238 0.008505 0.785438
4 4 0.321117 0.181588 0.070288 0.003153 0.423855
4 4 0.334505 0.156993 0.055770 0.001608 0.451124
4 4 0.265133 0.121229 0.040853 0.000743 0.572042
4 4 0.108390 0.047812 0.014196 0.000081 0.829521
4 4 0.220420 0.182364 0.066239 0.001137 0.529839
4 4 0.181949 0.315617 0.148746 0.008577 0.345111
4 4 0.155020 0.272759 0.138273 0.012238 0.421711
0 4 0.449473 0.248266 0.105265 0.012118 0.184878
0 1 0.462088 0.283342 0.101777 0.003398 0.149395
1 1 0.310162 0.333588 0.136766 0.005783 0.213702
4 1 0.119778 0.201145 0.099151 0.006600 0.573326
1 1 0.052466 0.450142 0.258509 0.010934 0.227948
1 1 0.083330 0.482249 0.245072 0.007359 0.181990
1 1 0.049996 0.425413 0.260795 0.017275 0.246521
1 1 0.065946 0.473387 0.260257 0.010493 0.189917
4 1 0.312830 0.234073 0.104594 0.010518 0.337985
4 0 0.315967 0.207069 0.086257 0.005793 0.384915
0 1 0.406180 0.276946 0.118773 0.011817 0.186285
1 1 0.205391 0.447130 0.190254 0.005236 0.151989
1 1 0.311055 0.319901 0.150808 0.018453 0.199783
1 1 0.061291 0.454426 0.292482 0.036528 0.155273
2 1 0.027660 0.400244 0.469334 0.017470 0.085292
1 1 0.014002 0.605575 0.324102 0.001779 0.054543
1 1 0.025949 0.575013 0.315437 0.004162 0.079438
1 1 0.049774 0.596034 0.268648 0.001792 0.083751
1 1 0.334439 0.472274 0.114654 0.000110 0.078524
0 0 0.565800 0.265524 0.070683 0.000409 0.097585
1 0 0.354328 0.398310 0.126517 0.000963 0.119882
1 1 0.242681 0.526814 0.145231 0.000210 0.085064
1 0 0.184014 0.533889 0.179135 0.000723 0.102238
0 0 0.723371 0.137694 0.039805 0.001051 0.098079
0 0 0.679611 0.157143 0.048719 0.001683 0.112845
0 0 0.381383 0.352449 0.123443 0.002246 0.140479
1 1 0.309813 0.459026 0.131767 0.000376 0.099018
0 0 0.504550 0.234443 0.090447 0.006584 0.163976
0 0 0.784382 0.109653 0.028370 0.000489 0.077107
0 0 0.923792 0.041351 0.007104 0.000025 0.027728
0 0 0.716321 0.157739 0.040666 0.000422 0.084852
1 0 0.297419 0.394271 0.152742 0.003761 0.151806
1 1 0.355275 0.363144 0.132402 0.002844 0.146335
0 1 0.759629 0.121158 0.032868 0.000679 0.085666
0 0 0.868700 0.069114 0.014601 0.000115 0.047470
0 0 0.794068 0.105104 0.026663 0.000426 0.073739
0 0 0.731758 0.133902 0.038164 0.000954 0.095222
0 1 0.411467 0.235488 0.098202 0.008905 0.245939
4 1 0.315828 0.244052 0.103014 0.006718 0.330389
1 1 0.070996 0.378262 0.263704 0.077693 0.209345
1 1 0.042698 0.482756 0.314800 0.027460 0.132286
1 1 0.044103 0.477184 0.313188 0.029911 0.135615
1 1 0.031705 0.477990 0.365400 0.018806 0.106098
0 1 0.529490 0.190705 0.066909 0.003009 0.209886
0 1 0.322140 0.298544 0.145347 0.024724 0.209245
1 1 0.082602 0.256477 0.202301 0.253362 0.205258
1 1 0.054504 0.414606 0.288062 0.056828 0.185999
1 1 0.054525 0.361421 0.259014 0.067736 0.257303
1 1 0.022401 0.534170 0.316253 0.005909 0.121267
2 2 0.002647 0.190852 0.787004 0.003000 0.016497
2 2 0.025762 0.366634 0.482377 0.033284 0.091943
2 2 0.010101 0.282603 0.649198 0.013775 0.044324
0 2 0.511422 0.228111 0.088508 0.006995 0.164965
1 2 0.115896 0.510782 0.235401 0.005274 0.132648
2 2 0.033668 0.320738 0.537208 0.030295 0.078091
2 2 0.013463 0.165358 0.754476 0.029114 0.037589
2 2 0.005413 0.108205 0.819964 0.045335 0.021084
2 2 0.007645 0.129382 0.839938 0.004909 0.018126
2 2 0.026961 0.209037 0.652385 0.049109 0.062508
2 2 0.003712 0.068924 0.856370 0.058742 0.012253
2 2 0.018624 0.163227 0.641052 0.133891 0.043206
2 2 0.132586 0.343855 0.409595 0.018517 0.095448
0 2 0.500950 0.234878 0.175701 0.005622 0.082849
2 2 0.020111 0.157209 0.680147 0.108739 0.033795
2 2 0.031425 0.214477 0.543304 0.153340 0.057454
2 2 0.111423 0.164427 0.316733 0.304548 0.102869
0 2 0.344020 0.249435 0.212100 0.049505 0.144939
2 2 0.015910 0.082525 0.674227 0.205934 0.021404
3 2 0.007370 0.027126 0.402484 0.551864 0.011155
3 2 0.035537 0.084235 0.241734 0.546615 0.091879
3 2 0.014973 0.053814 0.380432 0.525108 0.025673
3 2 0.067001 0.151186 0.228731 0.473471 0.079611
2 2 0.033421 0.211092 0.523735 0.170852 0.060901
3 2 0.012212 0.013813 0.094193 0.872966 0.006816
3 2 0.011932 0.020702 0.177782 0.779375 0.010209
3 2 0.006186 0.006629 0.081947 0.902442 0.002796
3 2 0.002867 0.005657 0.175031 0.814525 0.001919
3 2 0.006146 0.012961 0.226241 0.750944 0.003709
3 2 0.023481 0.021738 0.079651 0.853729 0.021401
3 3 0.014387 0.016484 0.107068 0.834395 0.027666
3 3 0.058456 0.127768 0.226044 0.481176 0.106556
3 3 0.043015 0.054559 0.118686 0.749925 0.033816
3 3 0.036987 0.043770 0.110125 0.775827 0.033292
3 3 0.006752 0.004554 0.042048 0.944598 0.002048
3 3 0.022227 0.018430 0.064901 0.884325 0.010117
3 3 0.014727 0.009644 0.044374 0.926305 0.004950
3 3 0.012420 0.007399 0.037896 0.938590 0.003696
3 3 0.012660 0.007974 0.042673 0.930898 0.005795
3 3 0.007011 0.003065 0.022294 0.966228 0.001402
3 3 0.012361 0.007345 0.037729 0.938900 0.003666
3 3 0.010746 0.008225 0.053548 0.923491 0.003990
3 3 0.005315 0.002006 0.017234 0.974566 0.000879
3 3 0.010626 0.005812 0.032795 0.947934 0.002833
3 3 0.009621 0.004986 0.029906 0.953095 0.002393
3 3 0.006668 0.002838 0.021277 0.967929 0.001288
3 3 0.004586 0.001601 0.015026 0.978101 0.000687
3 3 0.005768 0.002273 0.018595 0.972356 0.001009
3 3 0.008464 0.004093 0.026552 0.958965 0.001926
3 3 0.003654 0.001132 0.012164 0.982580 0.000469
3 3 0.004603 0.001610 0.015078 0.978018 0.000691
3 3 0.004582 0.001599 0.015012 0.978122 0.000685
3 3 0.005315 0.002005 0.017233 0.974568 0.000879
3 3 0.007662 0.003512 0.024209 0.962989 0.001628
3 3 0.010682 0.005859 0.032953 0.947647 0.002859
3 3 0.011553 0.006615 0.035439 0.943126 0.003267
3 3 0.008399 0.004045 0.026364 0.959291 0.001901
3 3 0.006893 0.002986 0.021945 0.966814 0.001362
3 3 0.005103 0.001885 0.016595 0.975596 0.000821
3 3 0.002102 0.000488 0.007273 0.989950 0.000186
3 3 0.002819 0.000762 0.009555 0.986559 0.000304
3 3 0.005695 0.002229 0.018378 0.972710 0.000988
3 3 0.002284 0.000554 0.007856 0.989093 0.000214
3 3 0.006918 0.003003 0.022018 0.966691 0.001370
3 3 0.008880 0.004407 0.027763 0.956861 0.002089
3 3 0.004365 0.001485 0.014351 0.979168 0.000632
3 3 0.005002 0.001828 0.016288 0.976088 0.000794
3 3 0.004178 0.001389 0.013778 0.980068 0.000587
3 3 0.010061 0.005342 0.031173 0.950843 0.002582
3 3 0.003330 0.000983 0.011157 0.984129 0.000402
3 3 0.004933 0.001789 0.016080 0.976422 0.000776
3 3 0.002076 0.000479 0.007187 0.990076 0.000182
3 3 0.002505 0.000637 0.008563 0.988045 0.000250
3 3 0.003641 0.001126 0.012123 0.982644 0.000466
3 3 0.006988 0.003049 0.022224 0.966345 0.001394
3 3 0.002871 0.000784 0.009719 0.986313 0.000313
3 3 0.008205 0.003902 0.025798 0.960267 0.001828
3 3 0.016695 0.011732 0.049832 0.915597 0.006144
3 3 0.009256 0.004697 0.028853 0.954952 0.002242
3 3 0.009793 0.005124 0.030402 0.952215 0.002466
3 3 0.007707 0.003544 0.024341 0.962763 0.001644
3 3 0.007662 0.003627 0.026096 0.960400 0.002214
3 3 0.003178 0.000915 0.010683 0.984852 0.000371
3 3 0.001430 0.000272 0.005079 0.993121 0.000098
3 3 0.005616 0.002182 0.018140 0.973097 0.000965
3 3 0.004299 0.001451 0.014150 0.979485 0.000616
3 3 0.004518 0.001597 0.015545 0.977526 0.000814
3 3 0.002677 0.000705 0.009108 0.987231 0.000279
3 3 0.001138 0.000192 0.004107 0.994495 0.000067
3 3 0.004736 0.001682 0.015482 0.977376 0.000725
3 3 0.010827 0.005983 0.033369 0.946897 0.002925
3 3 0.009892 0.005204 0.030688 0.951707 0.002509
3 3 0.002081 0.000481 0.007204 0.990051 0.000183
3 3 0.003111 0.000886 0.010475 0.985169 0.000359
3 3 0.006426 0.002682 0.020559 0.969123 0.001210
3 3 0.001430 0.000272 0.005081 0.993120 0.000098
3 3 0.003581 0.001097 0.011936 0.982932 0.000453
3 3 0.001956 0.000437 0.006801 0.990640 0.000165
3 3 0.006683 0.002848 0.021321 0.967856 0.001293
3 3 0.003703 0.001155 0.012316 0.982346 0.000480
3 3 0.007920 0.003695 0.024964 0.961700 0.001722
3 3 0.006157 0.002512 0.019758 0.970447 0.001126
3 3 0.022199 0.018393 0.064825 0.884489 0.010095
3 3 0.022278 0.018497 0.065039 0.884027 0.010159
3 3 0.046021 0.133653 0.311915 0.447457 0.060954
3 3 0.071319 0.196556 0.220748 0.324549 0.186828
3 3 0.075688 0.171845 0.197029 0.432385 0.123052
1 2 0.080246 0.267550 0.228447 0.241399 0.182359
1 2 0.061202 0.352973 0.326325 0.113737 0.145764
1 2 0.052770 0.433114 0.375860 0.019931 0.118325
1 2 0.076645 0.302196 0.254270 0.189672 0.177216
4 2 0.071385 0.244720 0.193122 0.196663 0.294110
4 1 0.044482 0.187209 0.147889 0.098110 0.522310
4 1 0.009744 0.192711 0.126953 0.003438 0.667154
4 1 0.026176 0.324699 0.219524 0.015675 0.413927
4 1 0.043460 0.240706 0.181834 0.068540 0.465461
4 1 0.034296 0.282909 0.202338 0.033524 0.446933
2 1 0.033973 0.275780 0.363223 0.076635 0.250389
4 1 0.043309 0.183946 0.145317 0.094580 0.532848
4 1 0.033895 0.130678 0.094349 0.031288 0.709790
4 1 0.047238 0.137502 0.090108 0.021097 0.704055
1 1 0.059287 0.329240 0.242355 0.091276 0.277842
4 1 0.047052 0.329142 0.236865 0.055312 0.331629
4 1 0.025527 0.270323 0.188430 0.018617 0.497103
1 1 0.054559 0.434362 0.298256 0.053615 0.159209
1 1 0.042471 0.413726 0.280775 0.033187 0.229842
4 1 0.020694 0.306689 0.203909 0.010071 0.458637
4 1 0.044619 0.273964 0.202869 0.061878 0.416669
4 1 0.006680 0.045370 0.035926 0.008769 0.903256
4 4 0.025554 0.056331 0.033825 0.002574 0.881715
4 4 0.058139 0.035725 0.011587 0.000077 0.894471
4 4 0.055264 0.198525 0.135989 0.038831 0.571391
4 4 0.017325 0.036577 0.018553 0.000703 0.926842
4 4 0.016800 0.035470 0.017941 0.000661 0.929129
4 4 0.082290 0.019325 0.004189 0.000004 0.894191
4 4 0.031233 0.019038 0.005801 0.000021 0.943908
4 4 0.002385 0.016270 0.011729 0.001130 0.968486
4 4 0.015937 0.043407 0.024544 0.001562 0.914551
4 4 0.027148 0.044534 0.030924 0.002180 0.895214
4 4 0.038660 0.029055 0.011882 0.000124 0.920279
4 4 0.013452 0.017619 0.007028 0.000070 0.961831
4 4 0.043578 0.031869 0.010882 0.000082 0.913589
4 4 0.145738 0.081025 0.027656 0.000375 0.745205
4 4 0.283599 0.097313 0.028908 0.000283 0.589898
0 4 0.591177 0.080836 0.017893 0.000070 0.310024
4 4 0.434780 0.101500 0.027013 0.000205 0.436502
4 4 0.101510 0.059259 0.019869 0.000204 0.819158
4 4 0.050480 0.048737 0.019163 0.000319 0.881301
4 4 0.192170 0.190104 0.088899 0.007682 0.521145
0 4 0.406371 0.203793 0.078455 0.004314 0.307067
4 4 0.215014 0.187900 0.084119 0.006182 0.506785
4 4 0.047492 0.074164 0.036169 0.001777 0.840399
4 4 0.044049 0.048024 0.019696 0.000383 0.887848
4 4 0.147611 0.244304 0.108934 0.003878 0.495273
0 4 0.937145 0.034237 0.005460 0.000015 0.023144
0 4 0.534801 0.132414 0.038137 0.000553 0.294095
4 4 0.065670 0.065192 0.025539 0.000433 0.843166
4 4 0.031941 0.063269 0.033076 0.001930 0.869784
4 4 0.040277 0.175237 0.138454 0.085694 0.560338
1 1 0.053853 0.417555 0.289065 0.054465 0.185062
1 1 0.183511 0.337851 0.177150 0.021077 0.280410
1 1 0.306827 0.318048 0.152104 0.020350 0.202671
1 1 0.046138 0.469059 0.310691 0.033738 0.140373
1 1 0.042975 0.481658 0.314489 0.027931 0.132946
1 1 0.070048 0.359823 0.263539 0.116910 0.189679
1 1 0.078279 0.304398 0.232274 0.182915 0.202133
1 1 0.038992 0.370389 0.255182 0.031704 0.303734
1 1 0.082602 0.256477 0.202301 0.253362 0.205258
1 1 0.062991 0.335450 0.247319 0.101635 0.252605
1 1 0.035984 0.478423 0.307692 0.019181 0.158720
1 1 0.052831 0.441671 0.301100 0.048940 0.155459
1 1 0.048021 0.391864 0.272588 0.046429 0.241099
1 1 0.026436 0.435406 0.425232 0.019839 0.093088
1 1 0.036963 0.422436 0.383918 0.036517 0.120167
1 1 0.054104 0.436298 0.299020 0.052350 0.158227
1 1 0.041365 0.488029 0.316249 0.025267 0.129089
1 1 0.026397 0.482638 0.348695 0.011881 0.130389
2 1 0.024188 0.291632 0.500596 0.052263 0.131322
1 1 0.064380 0.389641 0.278570 0.088128 0.179280
1 1 0.036576 0.479714 0.342793 0.022847 0.118070
2 1 0.121102 0.282321 0.436810 0.003097 0.156671
0 1 0.375949 0.372219 0.167670 0.000304 0.083858
1 1 0.374663 0.405030 0.115803 0.000449 0.104054
1 1 0.139301 0.477961 0.225595 0.007753 0.149391
4 1 0.102901 0.275615 0.170233 0.038022 0.413230
4 1 0.173385 0.311289 0.161190 0.017595 0.336540
1 1 0.044449 0.468018 0.309153 0.031215 0.147165
1 1 0.073226 0.340831 0.253280 0.137685 0.194977
2 1 0.036748 0.392950 0.404474 0.045810 0.120017
1 1 0.090084 0.430333 0.286264 0.011901 0.181418
2 1 0.033390 0.354402 0.445569 0.054676 0.111963
2 1 0.035992 0.391096 0.409560 0.045162 0.118190
1 1 0.056412 0.426374 0.295019 0.059030 0.163164
2 1 0.036305 0.299368 0.431697 0.091846 0.140785
2 1 0.051236 0.334764 0.527402 0.007338 0.079260
2 1 0.014188 0.133545 0.612732 0.005357 0.234177
2 2 0.020304 0.202731 0.654181 0.004588 0.118195
2 2 0.144396 0.175048 0.514706 0.069682 0.096167
3 2 0.015281 0.060921 0.442279 0.445973 0.035547
2 2 0.031457 0.262841 0.620767 0.015694 0.069243
2 2 0.031168 0.298908 0.582585 0.016932 0.070406
2 2 0.054852 0.257943 0.549549 0.018200 0.119456
1 2 0.087293 0.438224 0.315529 0.008584 0.150369
2 2 0.005499 0.186383 0.710395 0.001385 0.096338
1 2 0.261991 0.291847 0.239694 0.026809 0.179659
1 2 0.078258 0.300419 0.236402 0.189764 0.195157
1 2 0.074905 0.325855 0.252607 0.156548 0.190085
3 2 0.025416 0.077234 0.321483 0.517951 0.057916
2 2 0.014890 0.151104 0.666099 0.116230 0.051677
2 2 0.010547 0.134872 0.704455 0.084661 0.065465
2 2 0.010714 0.092040 0.656467 0.172222 0.068557
2 2 0.002780 0.089972 0.802167 0.017260 0.087821
2 2 0.003760 0.053115 0.821766 0.090294 0.031064
2 2 0.032835 0.208303 0.573582 0.123615 0.061665
2 2 0.019211 0.119878 0.634486 0.163827 0.062598
2 2 0.003713 0.034133 0.718824 0.221307 0.022023
3 2 0.012020 0.023155 0.188649 0.764733 0.011443
2 2 0.020692 0.094420 0.426871 0.367224 0.090792
2 2 0.009979 0.063008 0.554772 0.309674 0.062567
2 2 0.011562 0.178051 0.702968 0.055793 0.051627
2 2 0.009104 0.144064 0.795895 0.015196 0.035740
2 2 0.008136 0.172030 0.775675 0.014436 0.029723
2 2 0.035135 0.107877 0.647868 0.176179 0.032940
2 2 0.159131 0.127125 0.577162 0.100178 0.036404
2 2 0.020755 0.212032 0.612112 0.094782 0.060319
4 2 0.053547 0.268895 0.213075 0.100059 0.364423
2 2 0.023480 0.317410 0.495981 0.039912 0.123218
2 2 0.019726 0.303472 0.564540 0.037282 0.074980
2 2 0.032791 0.365289 0.442794 0.048711 0.110414
2 2 0.017624 0.419076 0.483787 0.011378 0.068134
1 2 0.076983 0.508277 0.270421 0.010471 0.133848
1 2 0.148439 0.474862 0.219939 0.007160 0.149599
1 2 0.205102 0.435766 0.192281 0.006951 0.159900
0 0 0.606795 0.201410 0.064773 0.001956 0.125067
1 1 0.269484 0.299041 0.161190 0.045235 0.225051
4 1 0.167525 0.246648 0.139065 0.032065 0.414697
4 1 0.156352 0.164261 0.076601 0.005665 0.597121
0 1 0.466709 0.202199 0.075043 0.003942 0.252107
4 1 0.046981 0.258912 0.178070 0.034710 0.481327
4 1 0.060687 0.255213 0.149847 0.012661 0.521592
4 1 0.184718 0.244557 0.132651 0.026276 0.411798
4 1 0.130553 0.203501 0.112679 0.019261 0.534006
0 1 0.550633 0.217137 0.078514 0.004379 0.149337
1 1 0.222952 0.367930 0.165828 0.008319 0.234971
1 1 0.185868 0.414169 0.204819 0.015277 0.179867
1 1 0.065654 0.383285 0.275484 0.093873 0.181705
1 1 0.037360 0.503822 0.320120 0.019416 0.119282
1 1 0.046412 0.467958 0.310340 0.034281 0.141009
1 1 0.045865 0.420685 0.286585 0.038386 0.208479
1 2 0.035677 0.369213 0.275783 0.029597 0.289730
1 2 0.040630 0.490931 0.317014 0.024112 0.127313
1 2 0.197518 0.440306 0.195806 0.007093 0.159276
0 1 0.507725 0.245496 0.089678 0.004318 0.152782
0 1 0.332826 0.293200 0.110208 0.002939 0.260827
1 1 0.029568 0.474242 0.299562 0.012662 0.183965
1 1 0.041002 0.350451 0.245500 0.037911 0.325136
1 1 0.058431 0.376561 0.285805 0.054578 0.224624
0 1 0.540003 0.164376 0.052908 0.001466 0.241247
0 1 0.841516 0.082420 0.018763 0.000198 0.057103
0 1 0.621812 0.181932 0.061385 0.002936 0.131936
1 1 0.251078 0.289536 0.149409 0.027604 0.282373
1 1 0.077018 0.314535 0.238283 0.169617 0.200546
1 1 0.049441 0.423959 0.273500 0.026372 0.226729
4 1 0.047829 0.284142 0.207674 0.061065 0.399291
0 1 0.502813 0.242883 0.085084 0.002970 0.166250
0 1 0.436418 0.313723 0.107789 0.002247 0.139823
1 1 0.210175 0.335743 0.182315 0.035485 0.236282
1 1 0.060067 0.350620 0.255122 0.086766 0.247425
1 1 0.038097 0.500916 0.319462 0.020414 0.121111
1 1 0.263953 0.418493 0.164623 0.003720 0.149211
0 1 0.470985 0.340897 0.090551 0.000326 0.097241
0 1 0.448930 0.321926 0.093988 0.000619 0.134537
4 1 0.033847 0.266206 0.192191 0.035118 0.472638
4 1 0.058449 0.302606 0.226107 0.098316 0.314522
1 1 0.199947 0.391036 0.162895 0.003816 0.242306
4 1 0.059841 0.169519 0.087606 0.004065 0.678968
4 1 0.032564 0.342066 0.233266 0.022429 0.369675
4 1 0.028494 0.129281 0.099032 0.041391 0.701801
4 1 0.032103 0.302933 0.212379 0.026670 0.425916
2 1 0.015358 0.159291 0.474497 0.078863 0.271991
2 1 0.056617 0.256126 0.503670 0.050097 0.133491
4 1 0.281124 0.272208 0.134990 0.022637 0.289040
0 4 0.518649 0.160892 0.051579 0.001319 0.267561
4 4 0.041654 0.082166 0.041186 0.001913 0.833081
4 4 0.153204 0.157983 0.072782 0.004971 0.611060
4 4 0.257784 0.117494 0.039365 0.000681 0.584675
4 4 0.169880 0.070388 0.021346 0.000171 0.738216
4 4 0.280712 0.075417 0.019950 0.000106 0.623815
4 4 0.014282 0.010050 0.003043 0.000008 0.972617
4 4 0.064592 0.027550 0.007646 0.000024 0.900188
4 4 0.049034 0.021724 0.010800 0.000096 0.918346
4 4 0.312086 0.039083 0.007381 0.000007 0.641442
4 4 0.150826 0.052741 0.014592 0.000068 0.781772
4 4 0.201106 0.050169 0.012288 0.000036 0.736400
4 4 0.276152 0.096260 0.028695 0.000281 0.598613
4 4 0.337904 0.125236 0.039702 0.000622 0.496535
4 4 0.046734 0.046597 0.018452 0.000308 0.887909
4 4 0.150684 0.095881 0.034993 0.000686 0.717757
4 4 0.359713 0.123126 0.037987 0.000541 0.478633
4 4 0.097196 0.033437 0.008764 0.000025 0.860578
4 4 0.211328 0.024713 0.004310 0.000002 0.759646
0 4 0.618827 0.040667 0.006455 0.000005 0.334046
4 4 0.305430 0.040483 0.007824 0.000009 0.646255
4 4 0.065489 0.014379 0.002958 0.000002 0.917171
4 4 0.056527 0.073674 0.033647 0.001279 0.834872
4 4 0.042482 0.092002 0.051658 0.005011 0.808847
4 4 0.076381 0.058131 0.021370 0.000307 0.843811
4 4 0.102690 0.027275 0.006391 0.000011 0.863633
4 4 0.076999 0.048404 0.016314 0.000150 0.858133
4 4 0.038279 0.033186 0.012093 0.000121 0.916321
4 4 0.108965 0.084073 0.032320 0.000698 0.773944
4 4 0.176588 0.124618 0.048745 0.001509 0.648541
4 4 0.113574 0.228117 0.141317 0.042178 0.474814
4 4 0.230734 0.168817 0.064307 0.001765 0.534377
0 4 0.775502 0.101175 0.024819 0.000294 0.098209
4 4 0.062034 0.042741 0.014699 0.000136 0.880390
4 4 0.095692 0.062335 0.021844 0.000273 0.819855
4 4 0.068167 0.106931 0.054363 0.003974 0.766565
1 4 0.156256 0.448145 0.219074 0.011557 0.164968
1 4 0.180994 0.459892 0.202092 0.005876 0.151146
0 4 0.450529 0.247904 0.104967 0.012020 0.184579
1 4 0.136357 0.318348 0.211297 0.110812 0.223187
1 4 0.080867 0.279583 0.217063 0.217819 0.204668
1 4 0.040427 0.496004 0.311450 0.018871 0.133249
1 4 0.090109 0.408489 0.262350 0.054415 0.184638
2 1 0.041605 0.349970 0.400569 0.076142 0.131715
1 1 0.064172 0.399347 0.347228 0.042844 0.146409
4 1 0.109670 0.290620 0.272377 0.016228 0.311106
4 1 0.074078 0.255314 0.196847 0.168726 0.305036
4 1 0.069193 0.292227 0.206882 0.075021 0.356676
1 1 0.056411 0.317318 0.233564 0.083821 0.308885
1 1 0.094890 0.379823 0.219136 0.021751 0.284399
1 1 0.105562 0.459089 0.252855 0.019291 0.163204
4 1 0.026486 0.212210 0.124557 0.004470 0.632278
1 1 0.058950 0.415147 0.290257 0.067188 0.168458
1 2 0.048773 0.458421 0.307175 0.039215 0.146416
2 2 0.029381 0.410218 0.430481 0.028674 0.101246
2 2 0.033995 0.271288 0.455430 0.108804 0.130483
2 2 0.042759 0.316365 0.410600 0.083797 0.146479
2 2 0.033600 0.319881 0.460546 0.073528 0.112446
2 2 0.025350 0.248213 0.567726 0.088463 0.070247
2 2 0.023610 0.158993 0.576716 0.189047 0.051634
2 2 0.019966 0.322686 0.553026 0.031600 0.072722
1 2 0.047566 0.337196 0.241786 0.054950 0.318503
2 2 0.050841 0.208497 0.668220 0.012721 0.059720
2 2 0.013047 0.083373 0.651621 0.235992 0.015967
2 2 0.020884 0.110544 0.514294 0.310210 0.044067
3 2 0.059313 0.163655 0.245821 0.416443 0.114769
2 2 0.033058 0.192892 0.482899 0.212800 0.078351
2 2 0.006138 0.035526 0.610781 0.329732 0.017823
2 2 0.000806 0.037832 0.946006 0.012133 0.003223
2 2 0.000733 0.010103 0.847646 0.134366 0.007152
2 2 0.007272 0.075489 0.729942 0.132006 0.055290
2 2 0.017720 0.063272 0.466823 0.426133 0.026053
3 2 0.042443 0.137454 0.343450 0.415300 0.061353
2 2 0.025048 0.195104 0.563649 0.148889 0.067310
3 2 0.059765 0.137525 0.205134 0.437232 0.160344
4 2 0.056392 0.220907 0.222989 0.161313 0.338399
3 2 0.010228 0.039932 0.407334 0.501056 0.041449
2 2 0.009306 0.080112 0.694873 0.189947 0.025761
3 2 0.029806 0.065284 0.249241 0.627740 0.027929
3 2 0.009292 0.018433 0.205106 0.760199 0.006970
3 2 0.012710 0.024968 0.210649 0.742112 0.009561
2 2 0.002628 0.038724 0.856502 0.095856 0.006290
2 2 0.006230 0.036283 0.595112 0.352825 0.009550
3 2 0.003107 0.010163 0.342970 0.641016 0.002743
3 2 0.005256 0.020771 0.454677 0.514560 0.004738
3 3 0.015753 0.056934 0.446869 0.466245 0.014198
3 3 0.049399 0.069609 0.134405 0.702127 0.044460
3 3 0.027414 0.026316 0.082253 0.849728 0.014289
3 3 0.021530 0.017520 0.063022 0.888361 0.009567
3 3 0.052339 0.121907 0.289350 0.499024 0.037379
3 3 0.027045 0.025235 0.077737 0.855654 0.014328
3 3 0.016313 0.016116 0.082344 0.876216 0.009012
3 3 0.010571 0.040316 0.444557 0.482664 0.021893
3 3 0.013329 0.035444 0.282330 0.652376 0.016521
3 3 0.018611 0.028738 0.147755 0.789605 0.015291
3 3 0.008052 0.021087 0.313269 0.652393 0.005200
3 2 0.009136 0.020504 0.241149 0.721878 0.007333
3 2 0.022934 0.049137 0.253947 0.656671 0.017310
3 2 0.039693 0.133508 0.387952 0.395639 0.043208
3 2 0.047959 0.127297 0.302987 0.471960 0.049797
3 2 0.006406 0.014178 0.235662 0.739368 0.004386
3 2 0.021473 0.053424 0.295175 0.609774 0.020152
3 2 0.005256 0.003311 0.036802 0.953201 0.001430
3 2 0.026719 0.024744 0.076874 0.857643 0.014020
0 3 0.354057 0.166361 0.197357 0.179240 0.102985
3 3 0.042491 0.053417 0.117378 0.753690 0.033024
3 3 0.072999 0.179063 0.228240 0.414376 0.105321
3 3 0.054699 0.128299 0.268537 0.497768 0.050697
3 3 0.021741 0.066697 0.396932 0.498399 0.016230
3 3 0.011482 0.021403 0.201165 0.758544 0.007405
3 3 0.008727 0.030214 0.437275 0.517781 0.006002
3 3 0.023406 0.021985 0.083805 0.861057 0.009746
3 3 0.050878 0.084502 0.165530 0.647736 0.051354
3 3 0.007861 0.010529 0.116664 0.858066 0.006880
3 3 0.037749 0.103413 0.310390 0.504862 0.043585
3 3 0.041376 0.059758 0.156073 0.716325 0.026467
3 3 0.052386 0.114212 0.258244 0.518527 0.056631
3 3 0.037810 0.045098 0.110962 0.773263 0.032866
3 3 0.044551 0.062149 0.135348 0.700894 0.057059
3 3 0.016181 0.012455 0.061038 0.895026 0.015300
3 3 0.015932 0.012468 0.063370 0.889710 0.018521
3 3 0.005737 0.002517 0.021806 0.968827 0.001113
3 3 0.002909 0.001976 0.037936 0.956407 0.000772
3 3 0.011033 0.006160 0.033957 0.945830 0.003020
3 3 0.018973 0.014345 0.056084 0.902928 0.007670
3 3 0.017526 0.012938 0.054610 0.906812 0.008114
3 3 0.021619 0.019607 0.078218 0.856950 0.023607
3 3 0.011239 0.006725 0.039502 0.937117 0.005418
