0 0 0.920898 0.015700 0.012742 0.033618 0.017042
0 0 0.935665 0.020104 0.014697 0.016283 0.013250
0 0 0.841608 0.047877 0.009615 0.000666 0.100234
0 0 0.739163 0.100870 0.031333 0.001379 0.127255
4 0 0.209395 0.268291 0.099821 0.000538 0.421954
0 0 0.881115 0.037141 0.011787 0.002536 0.067420
0 0 0.960906 0.009347 0.005025 0.008195 0.016526
0 0 0.962102 0.004853 0.002617 0.011673 0.018755
0 0 0.973908 0.007748 0.002896 0.001815 0.013634
0 0 0.791814 0.030350 0.017992 0.027313 0.132532
4 0 0.245187 0.164683 0.162924 0.006304 0.420901
0 0 0.634485 0.066145 0.050938 0.017720 0.230712
0 0 0.625247 0.095713 0.023669 0.001536 0.253836
0 0 0.500403 0.189471 0.048135 0.000783 0.261208
0 0 0.552467 0.255461 0.104841 0.002131 0.085101
0 0 0.753243 0.104766 0.087843 0.012001 0.042147
0 0 0.924510 0.030322 0.018423 0.009269 0.017475
0 0 0.896386 0.072590 0.022066 0.000248 0.008710
0 0 0.844512 0.094139 0.024312 0.000505 0.036532
2 0 0.243146 0.254308 0.479242 0.006683 0.016622
0 0 0.760500 0.088913 0.037124 0.004556 0.108907
0 0 0.945648 0.017635 0.012313 0.012675 0.011729
0 0 0.866238 0.028618 0.037506 0.050071 0.017567
3 0 0.203685 0.023140 0.100601 0.644629 0.027945
2 0 0.245045 0.129236 0.453134 0.132449 0.040136
0 0 0.670598 0.040076 0.028932 0.119105 0.141290
0 0 0.867268 0.072023 0.025545 0.001699 0.033465
0 0 0.496529 0.097582 0.049921 0.017365 0.338603
0 0 0.773355 0.099029 0.045323 0.005284 0.077009
0 0 0.843158 0.023962 0.006822 0.003836 0.122222
0 0 0.950370 0.016994 0.007483 0.004026 0.021127
0 0 0.904949 0.023397 0.008570 0.004894 0.058190
0 0 0.875079 0.078159 0.014432 0.000134 0.032196
0 0 0.948489 0.030306 0.005428 0.000081 0.015695
0 0 0.445210 0.177447 0.051671 0.000351 0.325321
1 0 0.011644 0.439229 0.162378 0.000018 0.386731
4 0 0.013584 0.103447 0.046122 0.000070 0.836777
2 0 0.015601 0.290365 0.481551 0.000326 0.212157
1 0 0.228425 0.368072 0.234024 0.002643 0.166835
0 0 0.670674 0.177468 0.118094 0.007395 0.026370
0 0 0.745509 0.083663 0.103721 0.025238 0.041868
0 0 0.919034 0.032919 0.021280 0.010564 0.016202
0 0 0.848514 0.056916 0.065374 0.016012 0.013183
0 0 0.390542 0.122140 0.276103 0.165104 0.046111
0 0 0.785978 0.133024 0.074719 0.000723 0.005556
0 0 0.581264 0.111321 0.217048 0.062135 0.028231
0 0 0.662385 0.042064 0.064425 0.187429 0.043697
0 0 0.693781 0.083108 0.106581 0.076525 0.040005
2 0 0.144822 0.233528 0.589878 0.012833 0.018939
0 0 0.417199 0.102885 0.261948 0.178072 0.039896
0 0 0.705110 0.120908 0.047060 0.001678 0.125244
0 0 0.881731 0.065272 0.014332 0.000150 0.038516
0 0 0.849068 0.082241 0.022509 0.000323 0.045859
0 0 0.805456 0.034425 0.013538 0.003854 0.142727
0 0 0.763612 0.036775 0.014992 0.005439 0.179182
0 0 0.867987 0.030475 0.006045 0.000703 0.094789
0 0 0.781178 0.046890 0.011274 0.002053 0.158606
0 0 0.750917 0.128323 0.042516 0.001478 0.076765
0 0 0.725864 0.129336 0.039751 0.002363 0.102685
0 0 0.683423 0.126395 0.096302 0.025576 0.068304
1 0 0.306927 0.373841 0.161993 0.000574 0.156666
0 0 0.779299 0.153141 0.036121 0.000117 0.031322
0 0 0.797203 0.108973 0.035388 0.001751 0.056686
0 0 0.821634 0.021660 0.020021 0.100788 0.035897
0 0 0.787169 0.085780 0.088249 0.018722 0.020079
0 0 0.545650 0.086715 0.176128 0.144694 0.046813
0 0 0.731851 0.083352 0.101572 0.047932 0.035293
0 0 0.915341 0.023585 0.017887 0.024670 0.018517
0 0 0.928368 0.035099 0.017525 0.003682 0.015326
0 0 0.979809 0.009573 0.003829 0.000940 0.005850
0 0 0.866382 0.040521 0.040990 0.030431 0.021676
0 0 0.978039 0.005961 0.004170 0.007220 0.004610
0 0 0.941694 0.017735 0.010502 0.011000 0.019067
0 0 0.862478 0.057278 0.030759 0.006768 0.042716
0 0 0.935412 0.018463 0.013106 0.017519 0.015500
0 0 0.873508 0.059699 0.043996 0.008502 0.014294
0 0 0.727788 0.157936 0.068273 0.002313 0.043690
2 0 0.009026 0.149295 0.768629 0.005420 0.067631
2 0 0.222262 0.185152 0.308810 0.044236 0.239540
0 0 0.745452 0.146185 0.062398 0.001365 0.044600
0 0 0.847516 0.041047 0.036935 0.045273 0.029229
0 0 0.929954 0.032953 0.020779 0.006085 0.010230
0 0 0.923855 0.046607 0.024041 0.000987 0.004510
0 0 0.940677 0.024852 0.010544 0.002945 0.020982
0 0 0.882238 0.010036 0.005515 0.033991 0.068221
0 0 0.744482 0.059118 0.052089 0.040104 0.104207
0 0 0.861500 0.070382 0.051753 0.003246 0.013119
0 0 0.850882 0.072029 0.055199 0.006184 0.015707
2 0 0.029311 0.168702 0.724535 0.012916 0.064536
2 0 0.001780 0.196791 0.694774 0.000397 0.106258
2 0 0.007558 0.244612 0.698122 0.000657 0.049050
2 0 0.007424 0.197909 0.710465 0.000820 0.083382
2 0 0.000690 0.164962 0.812168 0.000038 0.022142
2 0 0.003432 0.342722 0.451186 0.000070 0.202590
2 0 0.001774 0.184772 0.792508 0.000096 0.020850
2 0 0.009313 0.226965 0.721752 0.001348 0.040622
0 0 0.560708 0.114786 0.274660 0.035247 0.014599
0 0 0.582105 0.165290 0.218620 0.015216 0.018769
0 0 0.869985 0.064491 0.055860 0.003166 0.006498
0 0 0.395283 0.321824 0.254748 0.001346 0.026799
2 0 0.105638 0.234653 0.386231 0.014442 0.259036
2 0 0.041128 0.303317 0.488255 0.001953 0.165347
4 0 0.013107 0.324518 0.126284 0.000098 0.535992
4 0 0.000805 0.201897 0.332099 0.000186 0.465014
2 1 0.000105 0.139855 0.579625 0.000095 0.280320
4 1 0.000237 0.176983 0.282668 0.000033 0.540079
2 1 0.000314 0.164623 0.446142 0.000221 0.388700
2 1 0.000154 0.118184 0.623182 0.000651 0.257829
2 1 0.000637 0.161713 0.507730 0.001070 0.328850
2 1 0.000460 0.135298 0.662647 0.001572 0.200023
4 1 0.002690 0.186837 0.352076 0.001879 0.456518
4 4 0.009635 0.044803 0.083726 0.014152 0.847684
4 4 0.004616 0.072086 0.106687 0.002273 0.814339
4 4 0.001262 0.097595 0.069795 0.000041 0.831308
4 4 0.001611 0.161605 0.191725 0.000231 0.644829
4 4 0.002480 0.196667 0.148486 0.000116 0.652250
4 4 0.000908 0.208445 0.230269 0.000080 0.560299
4 4 0.002513 0.232984 0.206478 0.000186 0.557840
4 4 0.000739 0.189915 0.362753 0.000295 0.446298
2 4 0.000129 0.051562 0.913768 0.003932 0.030609
2 4 0.000054 0.048216 0.910167 0.001996 0.039567
2 4 0.000620 0.143742 0.604928 0.002213 0.248497
4 4 0.001378 0.098927 0.196689 0.000857 0.702149
4 4 0.001932 0.079553 0.160682 0.001515 0.756317
4 4 0.000915 0.145626 0.281038 0.000416 0.572005
2 4 0.000066 0.120244 0.582139 0.000121 0.297429
2 4 0.000073 0.100067 0.671048 0.000461 0.228351
4 4 0.000796 0.186083 0.296245 0.000192 0.516684
4 4 0.000931 0.112855 0.318703 0.001211 0.566300
2 4 0.000897 0.110173 0.607551 0.005602 0.275777
4 4 0.001733 0.116216 0.078522 0.000054 0.803474
4 4 0.002858 0.126978 0.249381 0.001692 0.619091
2 4 0.000356 0.129796 0.651774 0.000780 0.217295
2 4 0.000087 0.053908 0.890242 0.004007 0.051756
2 4 0.000026 0.045391 0.894084 0.001630 0.058869
2 4 0.000308 0.105779 0.726932 0.003305 0.163676
2 4 0.000161 0.112767 0.697661 0.000723 0.188688
2 4 0.000209 0.085656 0.805562 0.003578 0.104995
2 4 0.000027 0.033932 0.931842 0.003263 0.030936
2 4 0.000052 0.028180 0.944085 0.011112 0.016570
2 4 0.000021 0.016017 0.964976 0.012243 0.006742
2 4 0.000033 0.026424 0.949149 0.007491 0.016902
2 4 0.000022 0.014826 0.964594 0.014915 0.005643
2 2 0.000185 0.036958 0.924989 0.020866 0.017002
2 2 0.000009 0.002620 0.841888 0.154376 0.001107
2 2 0.000003 0.003145 0.970794 0.025612 0.000446
2 2 0.000000 0.000928 0.981692 0.017289 0.000091
2 2 0.000000 0.000069 0.991575 0.008354 0.000002
2 2 0.000000 0.000185 0.996216 0.003588 0.000011
2 2 0.000000 0.000834 0.993106 0.005958 0.000103
2 2 0.000000 0.000433 0.994002 0.005531 0.000034
2 2 0.000000 0.000028 0.998618 0.001353 0.000001
2 2 0.000000 0.000013 0.996793 0.003194 0.000000
2 2 0.000000 0.000062 0.999505 0.000432 0.000001
2 2 0.000000 0.001019 0.993201 0.005680 0.000099
2 2 0.000005 0.008210 0.987327 0.002873 0.001586
2 2 0.000009 0.009369 0.982075 0.006544 0.002003
2 2 0.000001 0.003619 0.987809 0.007222 0.001349
2 2 0.000000 0.000076 0.999181 0.000742 0.000001
2 2 0.000000 0.000044 0.993410 0.006545 0.000002
2 2 0.000000 0.000035 0.999531 0.000433 0.000000
2 2 0.000000 0.000034 0.999413 0.000553 0.000001
2 2 0.000000 0.000017 0.999269 0.000714 0.000000
2 2 0.000000 0.000029 0.999639 0.000333 0.000000
2 2 0.000000 0.000010 0.997457 0.002533 0.000000
2 2 0.000000 0.000010 0.998215 0.001775 0.000000
2 2 0.000000 0.000009 0.998140 0.001852 0.000000
2 2 0.000000 0.000035 0.957698 0.042266 0.000001
2 2 0.000000 0.000012 0.861034 0.138953 0.000000
2 2 0.000000 0.000048 0.730178 0.269772 0.000002
2 2 0.000000 0.000048 0.983958 0.015993 0.000001
2 2 0.000000 0.000007 0.994788 0.005205 0.000000
2 2 0.000000 0.000030 0.623876 0.376093 0.000001
2 2 0.000000 0.000020 0.809067 0.190913 0.000000
2 3 0.000000 0.000018 0.824529 0.175452 0.000001
2 3 0.000000 0.000005 0.916108 0.083888 0.000000
3 3 0.000000 0.000005 0.265538 0.734457 0.000000
2 3 0.000000 0.000010 0.662876 0.337114 0.000000
2 3 0.000000 0.000007 0.537360 0.462633 0.000000
2 3 0.000000 0.000020 0.926094 0.073884 0.000001
3 3 0.000000 0.000007 0.170061 0.829931 0.000001
3 3 0.000000 0.000016 0.367166 0.632817 0.000001
3 3 0.000000 0.000015 0.137777 0.862206 0.000002
3 3 0.000000 0.000007 0.346490 0.653502 0.000000
2 3 0.000000 0.000006 0.560053 0.439941 0.000000
3 3 0.000000 0.000004 0.208372 0.791624 0.000000
3 3 0.000000 0.000016 0.311655 0.688328 0.000001
2 3 0.000000 0.000003 0.574883 0.425114 0.000000
3 3 0.000000 0.000005 0.483796 0.516199 0.000000
3 3 0.000001 0.000050 0.155015 0.844923 0.000011
3 3 0.000000 0.000011 0.368921 0.631067 0.000001
3 3 0.000000 0.000006 0.187491 0.812503 0.000000
3 3 0.000000 0.000003 0.158100 0.841897 0.000000
3 3 0.000000 0.000012 0.106683 0.893303 0.000002
3 3 0.000000 0.000004 0.020742 0.979252 0.000002
3 3 0.000000 0.000005 0.115473 0.884522 0.000001
3 3 0.000000 0.000013 0.461954 0.538031 0.000001
2 3 0.000000 0.000008 0.655373 0.344618 0.000000
3 3 0.000000 0.000009 0.134198 0.865791 0.000001
3 3 0.000001 0.000039 0.109868 0.890085 0.000008
3 3 0.000000 0.000022 0.185652 0.814323 0.000002
3 3 0.000000 0.000002 0.129401 0.870597 0.000000
3 3 0.000000 0.000002 0.052341 0.947657 0.000000
3 3 0.000000 0.000008 0.080073 0.919917 0.000001
3 3 0.000000 0.000024 0.221407 0.778565 0.000003
2 3 0.000000 0.000026 0.592017 0.407955 0.000001
3 3 0.000000 0.000011 0.202471 0.797518 0.000001
3 3 0.000000 0.000005 0.029698 0.970295 0.000002
3 3 0.000000 0.000005 0.040662 0.959331 0.000001
3 3 0.000000 0.000006 0.023224 0.976768 0.000003
3 3 0.000000 0.000012 0.113968 0.886018 0.000002
3 3 0.000000 0.000003 0.102963 0.897033 0.000000
3 3 0.000000 0.000002 0.055993 0.944004 0.000000
3 3 0.000000 0.000027 0.225122 0.774845 0.000005
3 3 0.000001 0.000029 0.057493 0.942467 0.000010
3 3 0.000000 0.000007 0.057751 0.942241 0.000001
3 3 0.000000 0.000012 0.129495 0.870492 0.000001
3 3 0.000000 0.000030 0.144499 0.855466 0.000004
3 3 0.000001 0.000018 0.024838 0.975132 0.000011
3 3 0.000001 0.000019 0.033905 0.966064 0.000011
3 3 0.000000 0.000018 0.131669 0.868310 0.000002
3 3 0.000000 0.000020 0.324702 0.675276 0.000002
3 3 0.000000 0.000039 0.314317 0.685640 0.000004
3 3 0.000000 0.000008 0.202821 0.797171 0.000000
3 3 0.000000 0.000002 0.038127 0.961870 0.000000
3 3 0.000000 0.000004 0.108696 0.891300 0.000000
3 3 0.000000 0.000002 0.037384 0.962613 0.000000
3 3 0.000000 0.000005 0.059641 0.940353 0.000001
3 3 0.000000 0.000004 0.113846 0.886150 0.000000
3 3 0.000000 0.000014 0.043467 0.956513 0.000005
3 3 0.000001 0.000013 0.031762 0.968219 0.000006
3 3 0.000003 0.000022 0.016791 0.983163 0.000021
3 3 0.000101 0.000413 0.052991 0.946132 0.000364
3 3 0.000150 0.000339 0.032050 0.967017 0.000445
3 3 0.000018 0.000763 0.280970 0.717741 0.000508
3 3 0.000013 0.000566 0.270024 0.729214 0.000183
3 3 0.000002 0.000282 0.391309 0.608362 0.000046
3 3 0.000000 0.000007 0.095136 0.904856 0.000001
2 3 0.000000 0.000070 0.588498 0.411428 0.000004
2 3 0.000000 0.000134 0.776521 0.223338 0.000007
2 2 0.000000 0.000284 0.828985 0.170707 0.000025
2 2 0.000000 0.000012 0.820584 0.179404 0.000000
2 2 0.000000 0.000013 0.970282 0.029704 0.000000
2 2 0.000000 0.000037 0.954019 0.045942 0.000001
2 2 0.000000 0.000006 0.711556 0.288438 0.000000
3 2 0.000000 0.000033 0.197930 0.802033 0.000004
2 2 0.000029 0.002520 0.876572 0.120710 0.000169
3 2 0.000261 0.003336 0.379831 0.615750 0.000824
3 2 0.000004 0.000393 0.366219 0.633337 0.000047
2 2 0.000000 0.000188 0.636318 0.363486 0.000008
2 2 0.000020 0.002208 0.758780 0.238732 0.000260
3 2 0.000003 0.000243 0.283161 0.716560 0.000034
2 2 0.000000 0.000070 0.581960 0.417967 0.000004
2 2 0.000000 0.000039 0.867677 0.132284 0.000001
2 2 0.000000 0.000040 0.666261 0.333698 0.000001
3 2 0.000000 0.000021 0.217566 0.782411 0.000002
2 2 0.000000 0.000015 0.503086 0.496899 0.000000
3 2 0.000000 0.000018 0.350475 0.649506 0.000001
3 2 0.000000 0.000010 0.103453 0.896535 0.000001
3 2 0.000000 0.000034 0.181049 0.818912 0.000004
3 2 0.000000 0.000035 0.395325 0.604636 0.000003
2 2 0.000000 0.000018 0.674899 0.325083 0.000001
2 2 0.000000 0.000064 0.752906 0.247027 0.000003
2 2 0.000000 0.000061 0.991102 0.008836 0.000001
2 2 0.000000 0.000024 0.997977 0.001999 0.000000
2 2 0.000000 0.000008 0.988417 0.011575 0.000000
2 2 0.000000 0.000026 0.935399 0.064574 0.000001
2 2 0.000000 0.000048 0.780500 0.219450 0.000002
2 2 0.000000 0.000180 0.973564 0.026249 0.000007
2 2 0.000000 0.000124 0.983431 0.016440 0.000005
2 2 0.000000 0.000044 0.984936 0.015019 0.000001
2 2 0.000000 0.000077 0.907877 0.092042 0.000004
2 2 0.000000 0.000161 0.944597 0.055236 0.000006
2 2 0.000000 0.000277 0.970209 0.029504 0.000010
2 2 0.000001 0.000569 0.958574 0.040841 0.000015
2 2 0.002339 0.014108 0.796587 0.185908 0.001058
3 2 0.000120 0.001156 0.242926 0.755508 0.000290
2 2 0.000000 0.000349 0.822297 0.177331 0.000022
2 2 0.000000 0.000084 0.973101 0.026813 0.000002
2 2 0.000000 0.000404 0.914798 0.084769 0.000029
2 2 0.000000 0.000039 0.989899 0.010061 0.000001
2 2 0.000000 0.000043 0.993648 0.006308 0.000001
2 2 0.000000 0.000045 0.916064 0.083890 0.000001
2 2 0.000000 0.000061 0.948128 0.051808 0.000002
2 2 0.000000 0.000094 0.974074 0.025826 0.000006
2 2 0.000000 0.000068 0.998412 0.001519 0.000001
2 2 0.000000 0.000014 0.994634 0.005352 0.000000
2 2 0.000000 0.000022 0.997149 0.002828 0.000000
2 2 0.000000 0.000108 0.976300 0.023588 0.000005
2 2 0.000000 0.000238 0.918193 0.081554 0.000016
2 2 0.000000 0.000221 0.945153 0.054609 0.000018
2 2 0.000000 0.000023 0.790520 0.209456 0.000002
2 2 0.000000 0.000028 0.572228 0.427742 0.000001
2 2 0.000000 0.000010 0.857562 0.142428 0.000000
2 2 0.000000 0.000026 0.954037 0.045937 0.000000
2 2 0.000000 0.000055 0.708265 0.291677 0.000003
2 2 0.000005 0.000882 0.935522 0.063569 0.000021
2 2 0.000018 0.001838 0.906204 0.091894 0.000046
2 2 0.000000 0.000283 0.918970 0.080738 0.000009
3 2 0.000002 0.000397 0.471209 0.528293 0.000098
2 2 0.014071 0.032150 0.738448 0.211746 0.003585
2 0 0.155045 0.057095 0.493325 0.282391 0.012145
0 0 0.888554 0.012372 0.011098 0.066436 0.021541
0 0 0.508286 0.035646 0.087895 0.331773 0.036399
0 0 0.463993 0.106499 0.227066 0.158494 0.043948
3 0 0.124536 0.076554 0.329445 0.429521 0.039944
2 0 0.000770 0.043229 0.925193 0.023892 0.006916
2 0 0.000083 0.033783 0.949050 0.005120 0.011963
2 0 0.037087 0.329601 0.461114 0.002464 0.169733
0 0 0.572558 0.150840 0.151263 0.016691 0.108648
0 0 0.519273 0.149238 0.040795 0.000493 0.290200
2 0 0.000979 0.311487 0.368276 0.000016 0.319243
4 0 0.000861 0.232238 0.272820 0.000054 0.494027
2 1 0.000891 0.148495 0.647567 0.002828 0.200219
2 1 0.000691 0.159391 0.582849 0.001279 0.255790
2 1 0.000015 0.054463 0.862049 0.000312 0.083161
2 1 0.001036 0.169078 0.803939 0.000102 0.025845
2 0 0.004074 0.339186 0.611886 0.000020 0.044834
1 0 0.082367 0.633618 0.204589 0.000011 0.079416
4 0 0.003859 0.239231 0.253713 0.000586 0.502610
2 0 0.034617 0.347273 0.583922 0.000448 0.033739
2 1 0.012618 0.382248 0.561565 0.000059 0.043510
4 1 0.002132 0.218046 0.317350 0.000624 0.461848
2 1 0.001567 0.168756 0.619535 0.003483 0.206660
2 1 0.001437 0.126968 0.728531 0.012017 0.131047
2 1 0.000074 0.024389 0.937415 0.022921 0.015201
2 1 0.000009 0.009016 0.974014 0.014298 0.002663
2 1 0.000002 0.005837 0.987210 0.005085 0.001867
2 1 0.000008 0.009360 0.975974 0.011660 0.002999
2 1 0.000005 0.009894 0.980018 0.006118 0.003965
2 1 0.001227 0.048015 0.945784 0.003156 0.001818
2 1 0.001769 0.101176 0.873192 0.003887 0.019977
2 1 0.004760 0.279958 0.627334 0.000306 0.087642
4 2 0.002254 0.224429 0.277397 0.000418 0.495503
2 2 0.000821 0.124757 0.710293 0.006296 0.157832
2 2 0.000019 0.024257 0.953954 0.004577 0.017194
2 2 0.000085 0.023580 0.910859 0.021209 0.044267
2 2 0.000019 0.019433 0.963569 0.006919 0.010060
2 2 0.000002 0.005283 0.986963 0.006246 0.001506
2 2 0.000001 0.002739 0.987443 0.009330 0.000488
2 2 0.000000 0.001889 0.996714 0.001282 0.000115
2 2 0.000002 0.003713 0.993394 0.002587 0.000305
2 2 0.000094 0.006652 0.951308 0.041532 0.000414
2 2 0.008585 0.107884 0.853758 0.017944 0.011829
2 2 0.003707 0.155116 0.817826 0.001314 0.022038
2 2 0.010693 0.261306 0.373829 0.004120 0.350051
2 2 0.019571 0.322358 0.587598 0.000981 0.069492
2 2 0.004585 0.120351 0.786169 0.034572 0.054323
2 2 0.000050 0.024275 0.971793 0.001093 0.002790
2 2 0.000314 0.032871 0.929558 0.026377 0.010880
1 2 0.005877 0.409126 0.359232 0.000042 0.225723
2 2 0.000198 0.066005 0.897268 0.002630 0.033899
2 2 0.000151 0.047491 0.928555 0.004568 0.019234
2 2 0.000070 0.030236 0.963224 0.001527 0.004944
2 2 0.000129 0.037489 0.954353 0.001891 0.006139
2 2 0.000069 0.020224 0.953282 0.020467 0.005958
2 2 0.000117 0.036214 0.941202 0.007937 0.014530
2 2 0.000004 0.005920 0.980346 0.012267 0.001463
2 2 0.000000 0.001081 0.997456 0.001293 0.000171
2 2 0.000000 0.001119 0.987263 0.011502 0.000116
2 2 0.000002 0.001640 0.930677 0.067156 0.000525
2 2 0.000000 0.001056 0.983735 0.015022 0.000187
2 2 0.000000 0.001567 0.996386 0.001700 0.000347
2 2 0.000000 0.001437 0.989863 0.008464 0.000236
2 2 0.000006 0.007654 0.979513 0.010768 0.002058
2 1 0.000508 0.039720 0.906433 0.041602 0.011737
2 1 0.009380 0.199403 0.746922 0.003424 0.040872
2 1 0.001114 0.079088 0.765540 0.017169 0.137089
2 1 0.000487 0.111945 0.857556 0.000363 0.029649
2 1 0.000402 0.114815 0.774820 0.001660 0.108303
2 1 0.000126 0.056407 0.909349 0.002213 0.031906
2 1 0.001310 0.174278 0.535503 0.002342 0.286567
2 4 0.000378 0.138181 0.582697 0.001231 0.277512
2 4 0.000465 0.110007 0.731971 0.004725 0.152831
2 4 0.000239 0.085952 0.778699 0.004011 0.131099
2 4 0.000713 0.079546 0.735621 0.021929 0.162191
2 4 0.000636 0.088322 0.599908 0.005996 0.305137
2 4 0.000848 0.096510 0.577651 0.005072 0.319920
2 4 0.000244 0.126240 0.718971 0.000540 0.154004
2 4 0.000398 0.108810 0.759311 0.003059 0.128423
4 4 0.001026 0.123733 0.174304 0.000201 0.700735
4 4 0.009400 0.143808 0.167633 0.002940 0.676219
4 4 0.000645 0.185544 0.374750 0.000286 0.438776
4 4 0.006796 0.231084 0.256311 0.001532 0.504278
4 4 0.006389 0.095293 0.259692 0.017594 0.621032
4 4 0.010582 0.057057 0.062560 0.003423 0.866379
4 4 0.006585 0.074858 0.122090 0.005010 0.791457
4 4 0.009440 0.011685 0.017160 0.009208 0.952507
4 4 0.009195 0.019511 0.022582 0.004052 0.944660
4 4 0.001154 0.124200 0.149845 0.000153 0.724647
4 4 0.032936 0.023852 0.025475 0.020211 0.897526
4 4 0.006202 0.017112 0.040108 0.017116 0.919462
4 4 0.006218 0.010065 0.016291 0.006782 0.960645
4 4 0.004075 0.079201 0.322858 0.018737 0.575128
2 4 0.004274 0.139770 0.459776 0.011318 0.384861
2 4 0.000028 0.034412 0.934791 0.002634 0.028136
4 4 0.001629 0.158252 0.338294 0.001306 0.500519
2 4 0.000832 0.056460 0.564619 0.020980 0.357109
4 4 0.004080 0.066313 0.231749 0.018934 0.678925
2 4 0.001621 0.073448 0.613260 0.034514 0.277156
2 4 0.001462 0.178098 0.493092 0.002485 0.324863
2 4 0.000007 0.032260 0.920245 0.000732 0.046756
2 4 0.000004 0.018182 0.964610 0.001397 0.015807
2 2 0.000014 0.025610 0.950110 0.002991 0.021276
2 2 0.000014 0.027703 0.944336 0.002463 0.025484
2 2 0.000250 0.067456 0.856102 0.010378 0.065815
2 2 0.000057 0.030415 0.940063 0.010501 0.018964
2 2 0.000006 0.008566 0.979730 0.008854 0.002844
2 2 0.000011 0.011520 0.973037 0.011265 0.004167
2 2 0.000134 0.067499 0.844608 0.004924 0.082836
2 2 0.000004 0.008993 0.982523 0.004794 0.003687
2 2 0.000001 0.006991 0.988864 0.001057 0.003087
2 2 0.000000 0.005245 0.991023 0.001380 0.002352
2 2 0.000000 0.002590 0.994812 0.001870 0.000728
2 2 0.000000 0.000748 0.997700 0.001434 0.000118
2 2 0.000003 0.006998 0.987048 0.004171 0.001780
2 2 0.000012 0.018076 0.979564 0.000304 0.002044
2 2 0.000116 0.040578 0.918503 0.013051 0.027751
2 2 0.000001 0.003866 0.990409 0.004708 0.001016
2 0 0.000152 0.011754 0.885240 0.101277 0.001578
0 0 0.376441 0.149837 0.334238 0.101890 0.037593
2 0 0.239348 0.277586 0.467775 0.004465 0.010826
2 0 0.015684 0.355801 0.526368 0.000446 0.101700
2 1 0.003062 0.242507 0.612153 0.000689 0.141589
2 1 0.000392 0.077695 0.833862 0.012157 0.075894
2 1 0.000028 0.028957 0.944018 0.005026 0.021971
2 1 0.000004 0.018636 0.963261 0.001123 0.016977
2 1 0.000037 0.039014 0.925059 0.002816 0.033073
2 1 0.000053 0.029768 0.941558 0.010007 0.018614
2 2 0.000069 0.036236 0.928631 0.009082 0.025983
2 2 0.000010 0.007207 0.964240 0.026085 0.002458
2 2 0.000006 0.005213 0.960198 0.032108 0.002474
2 2 0.000002 0.004495 0.985308 0.009147 0.001048
2 2 0.000007 0.007306 0.976010 0.014767 0.001910
2 2 0.000000 0.001452 0.994764 0.003537 0.000247
2 2 0.000000 0.002672 0.994176 0.002448 0.000703
2 2 0.000000 0.000380 0.998685 0.000887 0.000048
2 2 0.000000 0.000236 0.996053 0.003692 0.000020
2 2 0.000000 0.000451 0.998258 0.001285 0.000005
2 2 0.000015 0.004590 0.992070 0.003251 0.000074
2 2 0.000006 0.008332 0.979240 0.009776 0.002645
2 2 0.000001 0.002820 0.991652 0.004908 0.000619
2 2 0.000000 0.000452 0.994491 0.004967 0.000090
2 2 0.000000 0.000369 0.987754 0.011837 0.000040
2 2 0.000000 0.000456 0.983873 0.015627 0.000044
2 2 0.000001 0.001720 0.982846 0.015302 0.000131
2 2 0.000010 0.004633 0.984460 0.010632 0.000266
2 2 0.000000 0.001484 0.986915 0.011422 0.000179
2 2 0.000005 0.005673 0.992075 0.001892 0.000356
2 2 0.000067 0.015145 0.953294 0.028597 0.002896
2 2 0.000000 0.000380 0.989752 0.009848 0.000020
2 2 0.000000 0.000194 0.993009 0.006788 0.000009
2 2 0.000000 0.000534 0.968084 0.031354 0.000028
2 2 0.000000 0.000398 0.974142 0.025440 0.000020
2 2 0.000000 0.000238 0.992603 0.007146 0.000013
2 2 0.000001 0.000829 0.938622 0.060477 0.000071
2 2 0.000000 0.000225 0.961440 0.038317 0.000018
2 2 0.000001 0.001082 0.922363 0.076491 0.000063
2 2 0.000001 0.001088 0.961899 0.036980 0.000032
3 2 0.000781 0.003725 0.197832 0.795848 0.001814
4 2 0.013601 0.293480 0.163250 0.000414 0.529255
2 2 0.000012 0.011680 0.972770 0.011285 0.004254
2 2 0.000000 0.000117 0.997172 0.002705 0.000006
2 2 0.000000 0.000434 0.963169 0.036367 0.000031
2 2 0.000000 0.000082 0.996991 0.002923 0.000003
2 2 0.000000 0.000094 0.992994 0.006907 0.000005
2 2 0.000000 0.000030 0.995660 0.004309 0.000001
2 2 0.000000 0.000057 0.919025 0.080915 0.000002
2 2 0.000000 0.000038 0.958012 0.041948 0.000002
2 2 0.000000 0.000098 0.974254 0.025644 0.000004
2 2 0.000000 0.000047 0.990154 0.009797 0.000002
2 2 0.000000 0.000017 0.994283 0.005699 0.000000
2 2 0.000000 0.000001 0.999630 0.000370 0.000000
2 2 0.000000 0.000005 0.998880 0.001116 0.000000
2 2 0.000000 0.000013 0.991331 0.008656 0.000000
2 2 0.000000 0.000017 0.987034 0.012949 0.000000
2 2 0.000000 0.000024 0.996707 0.003268 0.000000
2 2 0.000000 0.000104 0.994193 0.005699 0.000004
2 2 0.000000 0.000019 0.964527 0.035454 0.000000
2 2 0.000000 0.000029 0.505593 0.494377 0.000002
3 2 0.000015 0.000423 0.189411 0.810043 0.000108
2 2 0.003750 0.013808 0.506190 0.473335 0.002917
2 2 0.033520 0.212842 0.733045 0.004716 0.015877
2 2 0.001661 0.084816 0.897994 0.004353 0.011176
2 2 0.000355 0.032383 0.873269 0.074503 0.019490
2 2 0.000003 0.004877 0.976104 0.017273 0.001742
2 2 0.000002 0.002857 0.975264 0.021472 0.000405
2 2 0.000000 0.000721 0.994094 0.005169 0.000016
2 2 0.000004 0.002086 0.989912 0.007961 0.000037
2 2 0.022658 0.098698 0.863768 0.012388 0.002488
2 2 0.000000 0.000900 0.990195 0.008813 0.000092
2 2 0.000000 0.000547 0.991842 0.007579 0.000031
2 2 0.000000 0.000049 0.997633 0.002317 0.000001
2 2 0.000000 0.000135 0.998669 0.001191 0.000005
2 2 0.000000 0.000140 0.975640 0.024213 0.000007
2 2 0.000000 0.000160 0.996781 0.003051 0.000009
2 2 0.000000 0.000243 0.997503 0.002236 0.000018
2 2 0.000000 0.000285 0.998723 0.000962 0.000030
2 2 0.000000 0.000058 0.999455 0.000484 0.000003
2 2 0.000000 0.000178 0.997768 0.002043 0.000012
2 2 0.000000 0.000055 0.998234 0.001709 0.000001
2 2 0.000000 0.000014 0.997196 0.002789 0.000000
2 2 0.000000 0.000016 0.979414 0.020569 0.000000
2 2 0.000000 0.000009 0.985771 0.014219 0.000000
2 2 0.000000 0.000006 0.984122 0.015872 0.000000
2 2 0.000000 0.000035 0.913437 0.086526 0.000002
2 2 0.000000 0.000030 0.911872 0.088096 0.000001
2 2 0.000000 0.000198 0.976001 0.023788 0.000013
2 2 0.000001 0.000905 0.916959 0.082072 0.000064
2 2 0.000729 0.006992 0.628654 0.362798 0.000827
2 2 0.000308 0.008691 0.805667 0.184630 0.000705
2 2 0.000002 0.000670 0.866669 0.132633 0.000026
2 2 0.000096 0.006244 0.899589 0.093686 0.000385
2 2 0.000069 0.006579 0.968077 0.025032 0.000243
2 2 0.000034 0.007916 0.965138 0.026245 0.000667
2 2 0.000001 0.002528 0.992831 0.004292 0.000348
2 2 0.000000 0.000701 0.970160 0.028978 0.000161
2 2 0.000000 0.000497 0.953628 0.045826 0.000049
2 2 0.000000 0.000258 0.945514 0.054206 0.000023
2 2 0.000000 0.000366 0.992301 0.007310 0.000024
2 2 0.000002 0.002556 0.991098 0.006232 0.000111
2 2 0.000002 0.001675 0.996811 0.001496 0.000016
2 2 0.000013 0.004998 0.993278 0.001632 0.000079
2 2 0.000013 0.008399 0.988545 0.002511 0.000532
2 2 0.022057 0.356221 0.580116 0.000248 0.041357
1 2 0.331885 0.454989 0.046376 0.000024 0.166725
2 2 0.010226 0.392484 0.458597 0.000153 0.138540
2 2 0.000474 0.076127 0.837772 0.016606 0.069021
2 2 0.000054 0.019048 0.943870 0.026399 0.010629
2 2 0.000006 0.003195 0.923186 0.073006 0.000607
2 2 0.000001 0.001116 0.970500 0.028314 0.000069
2 2 0.000000 0.000223 0.933924 0.065844 0.000009
2 2 0.000000 0.000212 0.998118 0.001668 0.000003
2 2 0.000000 0.000207 0.988304 0.011482 0.000007
2 2 0.000000 0.000275 0.986950 0.012764 0.000010
2 2 0.000000 0.000758 0.988856 0.010335 0.000050
2 2 0.000000 0.000337 0.998462 0.001191 0.000011
2 2 0.000000 0.000749 0.989173 0.010013 0.000066
2 2 0.000000 0.000013 0.998516 0.001471 0.000000
2 2 0.000000 0.000031 0.981359 0.018607 0.000002
2 2 0.000000 0.000591 0.993679 0.005683 0.000047
2 2 0.000000 0.000703 0.988946 0.010232 0.000119
2 2 0.000000 0.000782 0.988446 0.010708 0.000064
2 2 0.000000 0.000302 0.995408 0.004269 0.000021
2 2 0.000000 0.000052 0.995995 0.003951 0.000001
2 2 0.000000 0.000123 0.995719 0.004153 0.000005
2 2 0.000000 0.000056 0.996365 0.003577 0.000002
2 2 0.000000 0.000064 0.985530 0.014404 0.000002
2 2 0.000000 0.000080 0.984828 0.015089 0.000003
2 2 0.000000 0.000764 0.987494 0.011678 0.000064
2 2 0.000000 0.000058 0.984377 0.015560 0.000004
2 2 0.000000 0.000028 0.985879 0.014093 0.000001
2 2 0.000000 0.000211 0.986605 0.013171 0.000013
2 2 0.000000 0.000425 0.972897 0.026657 0.000021
2 2 0.000000 0.000426 0.988973 0.010581 0.000020
2 2 0.000000 0.000181 0.994821 0.004989 0.000009
2 2 0.000000 0.000020 0.997752 0.002227 0.000000
2 2 0.000000 0.000010 0.988903 0.011086 0.000000
2 2 0.000000 0.000004 0.987852 0.012144 0.000000
2 2 0.000000 0.000022 0.989780 0.010198 0.000000
2 2 0.000000 0.000036 0.975119 0.024844 0.000001
2 2 0.000000 0.000069 0.976717 0.023211 0.000002
2 2 0.000000 0.000043 0.987254 0.012702 0.000002
2 2 0.000000 0.000846 0.975567 0.023527 0.000060
2 2 0.000003 0.000874 0.722292 0.276701 0.000130
2 2 0.000000 0.000395 0.966394 0.033194 0.000017
2 2 0.000000 0.000026 0.925901 0.074072 0.000001
2 2 0.000000 0.000060 0.959920 0.040016 0.000004
2 2 0.000000 0.000092 0.848237 0.151666 0.000006
2 2 0.000000 0.000037 0.847190 0.152772 0.000001
2 2 0.000000 0.000151 0.921807 0.078028 0.000013
2 2 0.000000 0.000020 0.939736 0.060243 0.000001
2 2 0.000000 0.000066 0.984046 0.015887 0.000001
2 2 0.000003 0.001853 0.940977 0.057064 0.000103
2 2 0.001307 0.013406 0.690306 0.293327 0.001653
3 2 0.001061 0.006129 0.246244 0.743721 0.002845
3 2 0.000005 0.000121 0.103607 0.896230 0.000037
2 2 0.000000 0.000184 0.603051 0.396730 0.000035
3 2 0.000000 0.000046 0.298348 0.701600 0.000006
2 2 0.000000 0.000012 0.657907 0.342080 0.000001
3 2 0.000000 0.000006 0.379091 0.620902 0.000000
2 2 0.000000 0.000010 0.734772 0.265219 0.000000
2 2 0.000000 0.000012 0.892231 0.107757 0.000000
2 2 0.000000 0.000016 0.970389 0.029595 0.000000
2 2 0.000000 0.000019 0.863396 0.136585 0.000001
2 2 0.000000 0.000411 0.972299 0.027257 0.000033
2 2 0.000000 0.001446 0.991255 0.007100 0.000199
2 2 0.000000 0.000515 0.994786 0.004651 0.000048
2 2 0.000002 0.002148 0.957981 0.039423 0.000446
2 2 0.000003 0.003608 0.969016 0.026196 0.001177
4 2 0.008806 0.101143 0.190493 0.011082 0.688476
4 4 0.003297 0.052366 0.265056 0.028430 0.650851
4 4 0.017475 0.028395 0.035315 0.011762 0.907053
4 4 0.009994 0.014947 0.027383 0.017712 0.929964
4 4 0.004904 0.031341 0.211904 0.111995 0.639856
4 4 0.015680 0.066944 0.271823 0.084602 0.560951
2 4 0.000781 0.121448 0.736936 0.004839 0.135995
2 4 0.001421 0.114663 0.560632 0.008301 0.314983
4 4 0.001916 0.076963 0.285130 0.008654 0.627337
4 4 0.006911 0.075529 0.116407 0.004570 0.796583
4 4 0.164722 0.040154 0.016896 0.003565 0.774662
4 4 0.302483 0.161366 0.106120 0.005079 0.424951
4 4 0.021790 0.022694 0.036893 0.036478 0.882144
4 4 0.019885 0.010678 0.011990 0.013179 0.944268
4 4 0.029894 0.022438 0.030660 0.035666 0.881341
4 4 0.018152 0.016927 0.020362 0.012648 0.931912
4 4 0.010313 0.019709 0.046041 0.034831 0.889105
4 4 0.008671 0.022583 0.031940 0.006337 0.930469
4 4 0.044256 0.086569 0.129477 0.064009 0.675689
2 4 0.007623 0.094926 0.434976 0.047357 0.415119
2 4 0.026049 0.289640 0.397146 0.008703 0.278462
2 4 0.000639 0.179383 0.564479 0.000443 0.255056
2 4 0.000094 0.054274 0.876742 0.005420 0.063470
2 4 0.000180 0.095161 0.729792 0.002673 0.172194
2 4 0.000199 0.072695 0.835295 0.006570 0.085242
4 4 0.000727 0.117533 0.323004 0.000847 0.557890
4 4 0.003725 0.116620 0.349897 0.012054 0.517704
4 4 0.005049 0.153576 0.156473 0.000798 0.684105
2 4 0.000428 0.131297 0.670953 0.001659 0.195664
2 4 0.002234 0.142835 0.651581 0.018751 0.184598
4 4 0.001512 0.068833 0.286503 0.005274 0.637878
4 4 0.016884 0.124695 0.213301 0.019154 0.625966
4 4 0.016236 0.122200 0.233291 0.017514 0.610759
4 4 0.056364 0.147825 0.142899 0.008943 0.643969
4 4 0.011249 0.038930 0.054019 0.007858 0.887944
4 4 0.010137 0.043033 0.059293 0.006481 0.881056
4 4 0.009295 0.051132 0.063052 0.002453 0.874068
4 4 0.003503 0.065027 0.381526 0.028300 0.521644
4 4 0.003688 0.022214 0.045304 0.005099 0.923694
4 4 0.006857 0.016637 0.030017 0.009530 0.936959
4 4 0.038537 0.037060 0.036028 0.017802 0.870572
4 4 0.016053 0.028200 0.044547 0.020446 0.890755
4 4 0.005142 0.014896 0.026772 0.006328 0.946863
4 4 0.016888 0.015275 0.016582 0.008708 0.942547
4 4 0.023688 0.011259 0.013949 0.022252 0.928852
4 4 0.007650 0.017438 0.030184 0.009855 0.934873
4 4 0.008297 0.045544 0.043088 0.001652 0.901418
4 4 0.019955 0.141637 0.232266 0.023961 0.582181
4 4 0.005162 0.049628 0.114021 0.009990 0.821198
4 4 0.030041 0.040095 0.042976 0.011650 0.875238
4 4 0.008115 0.041623 0.059412 0.005201 0.885649
4 4 0.001540 0.030940 0.054333 0.000869 0.912318
4 4 0.005910 0.031251 0.052024 0.005346 0.905469
4 4 0.017365 0.026499 0.055934 0.053109 0.847093
4 4 0.002454 0.116495 0.362414 0.007270 0.511367
4 4 0.001625 0.064203 0.216726 0.005293 0.712153
4 4 0.001904 0.021695 0.035553 0.001050 0.939798
4 4 0.002982 0.075382 0.092055 0.000689 0.828893
2 4 0.001533 0.167717 0.475389 0.002828 0.352533
2 4 0.000968 0.067859 0.628332 0.024262 0.278579
2 4 0.000022 0.049091 0.880489 0.000985 0.069412
2 4 0.000039 0.059786 0.842017 0.001370 0.096789
2 4 0.000081 0.081633 0.775392 0.001272 0.141622
2 4 0.000673 0.164502 0.508863 0.001042 0.324920
4 4 0.008277 0.295763 0.214717 0.000361 0.480880
2 4 0.000189 0.116190 0.737720 0.000549 0.145352
2 4 0.000158 0.120272 0.614911 0.000618 0.264040
2 4 0.000226 0.116737 0.649845 0.001371 0.231821
2 4 0.000190 0.126562 0.595307 0.000624 0.277317
4 4 0.000826 0.196932 0.327713 0.000231 0.474298
4 4 0.001221 0.202207 0.346668 0.000447 0.449457
2 4 0.000559 0.124021 0.448916 0.001232 0.425272
2 4 0.000530 0.115118 0.700081 0.005754 0.178518
2 4 0.000051 0.045699 0.902408 0.003842 0.048000
2 4 0.000067 0.045206 0.906539 0.005488 0.042699
2 4 0.000008 0.027166 0.941521 0.001305 0.030001
2 4 0.000024 0.041454 0.905072 0.001906 0.051544
2 4 0.000206 0.070232 0.844494 0.007463 0.077605
2 4 0.000029 0.021352 0.957553 0.009869 0.011197
2 4 0.000027 0.020302 0.959427 0.009890 0.010353
4 4 0.015666 0.355616 0.133277 0.000083 0.495357
2 4 0.001717 0.188065 0.470462 0.002181 0.337575
2 4 0.000062 0.055233 0.872163 0.003127 0.069415
2 1 0.000085 0.052311 0.887846 0.005187 0.054571
2 1 0.000001 0.007234 0.987444 0.001723 0.003599
2 1 0.000000 0.001652 0.996452 0.001506 0.000390
2 2 0.000000 0.001333 0.996921 0.001463 0.000283
2 2 0.000004 0.016748 0.968032 0.001452 0.013765
2 2 0.000006 0.026147 0.942295 0.001014 0.030538
2 2 0.000005 0.011538 0.978435 0.004519 0.005503
2 2 0.000000 0.002375 0.996093 0.000657 0.000875
2 2 0.000000 0.001741 0.996967 0.000775 0.000517
2 2 0.000000 0.000421 0.998939 0.000575 0.000064
2 2 0.000000 0.000074 0.999650 0.000271 0.000006
2 2 0.000000 0.000086 0.999806 0.000105 0.000003
2 2 0.000000 0.000193 0.997088 0.002710 0.000009
2 2 0.000000 0.000650 0.985462 0.013845 0.000043
2 2 0.000000 0.000981 0.984219 0.014711 0.000088
2 2 0.000001 0.002276 0.981535 0.015875 0.000313
2 2 0.000000 0.001713 0.987263 0.010796 0.000228
2 2 0.000001 0.004873 0.989819 0.003958 0.001349
2 2 0.000008 0.004425 0.945105 0.049843 0.000618
2 2 0.000031 0.004824 0.833570 0.160934 0.000641
2 2 0.000501 0.031113 0.937207 0.027294 0.003885
2 2 0.000380 0.049886 0.936176 0.004336 0.009222
2 2 0.000069 0.051714 0.903799 0.002234 0.042185
2 2 0.000007 0.015556 0.971554 0.003345 0.009539
2 2 0.000021 0.022405 0.957517 0.006141 0.013917
2 2 0.000001 0.007754 0.986539 0.001652 0.004055
2 2 0.000004 0.008505 0.982657 0.005606 0.003228
2 2 0.000000 0.000284 0.998578 0.001122 0.000016
2 2 0.000000 0.000063 0.999209 0.000725 0.000003
2 2 0.000000 0.000222 0.999362 0.000388 0.000027
2 2 0.000000 0.000122 0.999756 0.000117 0.000005
2 2 0.000006 0.008905 0.990227 0.000386 0.000476
2 2 0.000201 0.032603 0.960365 0.003401 0.003429
2 2 0.000437 0.062069 0.913516 0.005832 0.018147
2 2 0.000034 0.027301 0.947494 0.007126 0.018046
2 2 0.000001 0.004822 0.990689 0.002824 0.001664
2 2 0.000002 0.004928 0.987794 0.005900 0.001377
2 2 0.000001 0.002578 0.980677 0.016137 0.000607
2 2 0.000001 0.001346 0.976851 0.021652 0.000151
2 2 0.000000 0.001077 0.993106 0.005681 0.000136
2 2 0.000000 0.001064 0.994425 0.004366 0.000144
2 2 0.000000 0.001560 0.995399 0.002742 0.000298
2 2 0.000000 0.001847 0.995750 0.001977 0.000426
2 2 0.000000 0.005593 0.990492 0.001225 0.002690
2 2 0.000003 0.011391 0.979700 0.002169 0.006738
2 2 0.000028 0.026714 0.948877 0.005951 0.018429
2 2 0.000018 0.014213 0.967469 0.012758 0.005542
2 1 0.000023 0.026517 0.949219 0.004823 0.019418
2 1 0.000116 0.042452 0.918038 0.010557 0.028836
2 1 0.004329 0.161303 0.731618 0.010607 0.092144
2 1 0.000009 0.022548 0.965804 0.000752 0.010888
2 1 0.000024 0.026095 0.950175 0.005365 0.018341
2 2 0.000001 0.004406 0.989102 0.005293 0.001198
2 2 0.000001 0.003036 0.990215 0.006100 0.000649
2 2 0.000001 0.005062 0.988993 0.004373 0.001570
2 2 0.000001 0.005207 0.989087 0.004022 0.001682
2 2 0.000001 0.005481 0.988261 0.004497 0.001759
2 2 0.000000 0.000532 0.997373 0.002074 0.000021
2 2 0.000000 0.000080 0.996817 0.003100 0.000003
2 2 0.000000 0.000192 0.998497 0.001296 0.000015
2 2 0.000000 0.000270 0.997568 0.002141 0.000022
2 2 0.000000 0.000059 0.998899 0.001039 0.000003
2 2 0.000000 0.000145 0.995928 0.003924 0.000003
2 2 0.000000 0.001812 0.992873 0.005003 0.000313
2 2 0.000000 0.000873 0.998361 0.000568 0.000197
2 2 0.000000 0.000766 0.994879 0.004267 0.000088
2 2 0.000000 0.000502 0.995572 0.003877 0.000049
2 2 0.000000 0.000738 0.995941 0.003240 0.000082
2 2 0.000002 0.005724 0.992143 0.001471 0.000661
2 2 0.000000 0.000919 0.997161 0.001824 0.000096
2 2 0.000000 0.000253 0.997451 0.002276 0.000020
2 2 0.000000 0.000035 0.999094 0.000870 0.000001
2 2 0.000000 0.000199 0.997682 0.002104 0.000015
2 2 0.000000 0.000313 0.997360 0.002308 0.000019
2 2 0.000000 0.001305 0.996935 0.001487 0.000273
2 2 0.000000 0.001037 0.996261 0.002539 0.000163
2 2 0.000000 0.000609 0.990436 0.008905 0.000050
2 2 0.000000 0.000274 0.997470 0.002233 0.000022
2 2 0.000000 0.000028 0.999674 0.000297 0.000001
2 2 0.000000 0.000029 0.999146 0.000823 0.000001
2 2 0.000000 0.000142 0.998717 0.001131 0.000010
2 2 0.000000 0.000054 0.996783 0.003161 0.000002
2 2 0.000000 0.000008 0.999135 0.000856 0.000000
2 2 0.000000 0.000017 0.999595 0.000388 0.000000
2 2 0.000000 0.000071 0.998861 0.001068 0.000001
2 2 0.000000 0.000053 0.998384 0.001563 0.000001
2 2 0.000000 0.000067 0.982731 0.017199 0.000002
2 2 0.000000 0.000020 0.989769 0.010211 0.000000
2 2 0.000000 0.000011 0.979191 0.020797 0.000000
2 2 0.000000 0.000015 0.951035 0.048949 0.000000
2 2 0.000000 0.000018 0.938720 0.061261 0.000000
2 2 0.000000 0.000045 0.643093 0.356857 0.000005
2 2 0.000000 0.000089 0.845688 0.154218 0.000006
2 2 0.000000 0.000088 0.951797 0.048113 0.000002
2 2 0.000000 0.000011 0.910095 0.089894 0.000000
2 2 0.000000 0.000013 0.891588 0.108399 0.000000
2 2 0.000000 0.000026 0.628455 0.371517 0.000002
3 2 0.000000 0.000016 0.273013 0.726969 0.000001
3 2 0.000000 0.000003 0.144931 0.855066 0.000000
2 2 0.000000 0.000036 0.564457 0.435503 0.000003
2 2 0.000000 0.000024 0.827919 0.172056 0.000001
3 2 0.000000 0.000009 0.290935 0.709055 0.000000
3 2 0.000003 0.000141 0.149255 0.850569 0.000032
3 0 0.120841 0.040946 0.306469 0.513180 0.018564
0 0 0.618715 0.114397 0.219069 0.030990 0.016830
0 0 0.522278 0.164202 0.281648 0.016667 0.015206
0 0 0.435975 0.098581 0.333296 0.111534 0.020614
0 0 0.794577 0.154235 0.039697 0.000129 0.011362
0 0 0.721462 0.220973 0.050444 0.000044 0.007077
0 0 0.931609 0.021241 0.023165 0.015453 0.008532
0 0 0.587177 0.034341 0.092856 0.258611 0.027014
0 0 0.543129 0.110342 0.211932 0.098679 0.035918
2 0 0.011414 0.192492 0.773256 0.002192 0.020647
2 0 0.004094 0.222994 0.439270 0.002932 0.330710
1 0 0.038538 0.453508 0.201501 0.000181 0.306272
1 0 0.012867 0.460594 0.359094 0.000049 0.167395
2 0 0.000254 0.127428 0.838410 0.000065 0.033844
4 0 0.029006 0.341263 0.284473 0.000388 0.344869
4 0 0.081802 0.323670 0.118325 0.000172 0.476031
4 0 0.171251 0.137902 0.091061 0.002871 0.596915
4 0 0.109608 0.037375 0.022955 0.003240 0.826822
4 0 0.061237 0.065340 0.045819 0.003922 0.823682
4 0 0.026143 0.089401 0.105445 0.004086 0.774925
4 0 0.002500 0.143108 0.210063 0.000640 0.643689
2 0 0.010874 0.333252 0.352672 0.000425 0.302777
2 0 0.007204 0.190973 0.669582 0.002175 0.130066
2 0 0.000930 0.141348 0.686999 0.001383 0.169340
4 0 0.009138 0.351480 0.236857 0.000158 0.402368
2 1 0.019176 0.297094 0.518472 0.002179 0.163078
2 1 0.015573 0.314162 0.607850 0.000680 0.061735
1 1 0.021732 0.389197 0.352943 0.000664 0.235463
4 1 0.003146 0.234635 0.252861 0.000456 0.508902
2 1 0.016991 0.289131 0.599921 0.002682 0.091275
2 1 0.006202 0.181844 0.786232 0.001324 0.024398
2 1 0.005618 0.075264 0.848577 0.042922 0.027620
4 1 0.010047 0.203639 0.348717 0.005515 0.432083
2 1 0.042874 0.274084 0.509674 0.004181 0.169188
2 1 0.011492 0.429916 0.484920 0.000041 0.073630
2 1 0.007511 0.280164 0.625739 0.000740 0.085846
1 1 0.261360 0.490716 0.170963 0.000201 0.076760
1 1 0.306253 0.401216 0.061920 0.000203 0.230407
1 1 0.095727 0.452828 0.358426 0.000421 0.092597
2 1 0.010625 0.366303 0.546764 0.000152 0.076155
