3 0 0.318693 0.018290 0.155564 0.504955 0.002498
4 0 0.223465 0.062550 0.000305 0.000000 0.713679
0 0 0.988152 0.009184 0.000751 0.000009 0.001905
0 0 0.975200 0.017385 0.002182 0.000046 0.005188
0 0 0.652708 0.123514 0.036300 0.002624 0.184855
4 0 0.374784 0.139253 0.023345 0.000940 0.461679
4 0 0.076489 0.075741 0.030994 0.000400 0.816376
4 0 0.086778 0.080359 0.029179 0.000403 0.803282
4 0 0.382945 0.153867 0.052136 0.004811 0.406241
0 0 0.804066 0.083386 0.048268 0.007232 0.057048
0 0 0.872362 0.063634 0.012396 0.000502 0.051106
4 0 0.256603 0.141904 0.033880 0.002148 0.565465
4 0 0.118501 0.089795 0.020464 0.000280 0.770960
4 0 0.161541 0.334118 0.038591 0.000136 0.465614
0 0 0.389109 0.281457 0.301295 0.005101 0.023038
4 0 0.246700 0.291350 0.036087 0.000211 0.425653
0 0 0.457639 0.325170 0.039845 0.000132 0.177214
4 0 0.164672 0.346020 0.113886 0.001583 0.373840
0 0 0.522874 0.301894 0.060427 0.000351 0.114454
0 0 0.332441 0.317208 0.189594 0.005394 0.155363
4 0 0.159757 0.329641 0.023904 0.000043 0.486655
4 0 0.223827 0.123378 0.002920 0.000007 0.649868
4 0 0.065957 0.293046 0.167569 0.000742 0.472687
4 0 0.114748 0.285206 0.041195 0.000092 0.558759
0 0 0.433412 0.351030 0.049234 0.000162 0.166162
4 0 0.138879 0.349466 0.123951 0.004128 0.383576
1 1 0.062739 0.458260 0.141473 0.002607 0.334921
4 1 0.249662 0.154077 0.068847 0.009174 0.518240
1 1 0.101575 0.429214 0.192829 0.001739 0.274643
2 1 0.311375 0.293957 0.359438 0.007214 0.028015
0 1 0.625596 0.203298 0.089359 0.002567 0.079180
0 1 0.445595 0.232915 0.052077 0.001026 0.268386
1 1 0.097493 0.400861 0.126056 0.002164 0.373425
1 1 0.076581 0.468264 0.094953 0.000705 0.359496
1 1 0.069378 0.400159 0.137684 0.005705 0.387074
1 1 0.184549 0.497943 0.098149 0.000238 0.219122
0 1 0.599977 0.213925 0.101351 0.005078 0.079669
0 1 0.484808 0.317955 0.163427 0.002275 0.031536
1 1 0.340318 0.341236 0.150561 0.004505 0.163381
1 1 0.088725 0.468613 0.269966 0.007289 0.165407
2 1 0.050711 0.307932 0.492309 0.077196 0.071852
1 1 0.037941 0.506275 0.314496 0.007717 0.133570
1 1 0.065876 0.626302 0.200883 0.000572 0.106367
2 1 0.034007 0.303901 0.592803 0.035307 0.033983
2 2 0.117134 0.375320 0.394332 0.025880 0.087334
2 2 0.345436 0.221303 0.405707 0.013522 0.014033
2 2 0.279495 0.286965 0.398865 0.008798 0.025877
2 2 0.228634 0.271690 0.483022 0.006177 0.010477
1 2 0.301024 0.373114 0.299258 0.001909 0.024695
0 2 0.603493 0.211287 0.168928 0.002387 0.013905
2 2 0.014278 0.082752 0.847968 0.046900 0.008103
2 2 0.019140 0.142538 0.814532 0.005374 0.018415
2 2 0.019313 0.109319 0.817298 0.047508 0.006561
2 2 0.017178 0.113915 0.695207 0.145376 0.028324
2 2 0.049502 0.127614 0.651969 0.161790 0.009125
2 2 0.217133 0.142329 0.348227 0.264624 0.027687
2 2 0.000881 0.013807 0.835912 0.147800 0.001600
2 2 0.000209 0.006266 0.970496 0.021056 0.001974
2 2 0.000276 0.018857 0.914714 0.065005 0.001149
2 2 0.001223 0.012309 0.655591 0.330253 0.000624
2 2 0.000375 0.007483 0.496341 0.494830 0.000972
2 2 0.000156 0.016561 0.807511 0.172313 0.003459
2 2 0.001797 0.019002 0.640130 0.330382 0.008689
2 2 0.001042 0.024080 0.707238 0.262815 0.004825
2 2 0.000718 0.023370 0.834529 0.129787 0.011596
2 2 0.001119 0.019207 0.732073 0.236386 0.011215
2 2 0.006735 0.031965 0.594090 0.350029 0.017180
3 2 0.005555 0.016060 0.217061 0.759449 0.001874
3 2 0.006016 0.046555 0.373853 0.566160 0.007416
3 2 0.010163 0.010057 0.124643 0.854212 0.000926
3 2 0.002034 0.011228 0.324261 0.656068 0.006409
3 2 0.005632 0.016896 0.312531 0.661935 0.003006
3 2 0.001778 0.011575 0.166275 0.816214 0.004158
3 2 0.000214 0.004927 0.087713 0.906031 0.001114
3 3 0.000296 0.003070 0.055997 0.940301 0.000336
3 3 0.000093 0.008024 0.142383 0.848678 0.000822
3 3 0.000112 0.004407 0.194265 0.800056 0.001160
3 3 0.000054 0.005264 0.404122 0.588497 0.002064
3 3 0.000347 0.006056 0.420258 0.571988 0.001352
3 3 0.001618 0.008935 0.237846 0.748507 0.003094
3 3 0.000147 0.001390 0.054481 0.943642 0.000340
3 3 0.000195 0.002395 0.078205 0.918240 0.000965
3 3 0.001062 0.005691 0.063501 0.928188 0.001557
3 3 0.001000 0.006753 0.171319 0.819122 0.001807
3 3 0.003654 0.008523 0.237183 0.748970 0.001670
3 3 0.003277 0.027598 0.468358 0.491017 0.009750
3 3 0.001001 0.005005 0.074818 0.918774 0.000402
3 3 0.035399 0.137655 0.263656 0.483400 0.079889
3 3 0.002052 0.010877 0.097524 0.886695 0.002853
2 3 0.003977 0.063550 0.771798 0.147642 0.013034
3 3 0.000158 0.006157 0.141934 0.850767 0.000984
3 3 0.000066 0.002099 0.036968 0.960147 0.000721
3 3 0.000116 0.006627 0.184774 0.805092 0.003391
3 3 0.001009 0.007487 0.136877 0.849945 0.004682
3 3 0.000111 0.002463 0.082403 0.913656 0.001367
3 3 0.000144 0.005920 0.156215 0.832664 0.005058
3 3 0.000202 0.005280 0.165764 0.827549 0.001205
3 3 0.000965 0.025472 0.181807 0.767564 0.024192
3 3 0.000729 0.015925 0.163259 0.816713 0.003375
3 3 0.000989 0.008064 0.066021 0.923836 0.001091
3 3 0.000606 0.003860 0.065484 0.929445 0.000605
3 3 0.000884 0.009241 0.074869 0.910718 0.004288
3 3 0.006019 0.014811 0.088701 0.886024 0.004446
3 3 0.037729 0.122930 0.234681 0.421748 0.182912
4 3 0.026133 0.149967 0.282851 0.163313 0.377735
2 2 0.007110 0.047960 0.556183 0.080557 0.308190
2 0 0.099878 0.092296 0.357224 0.193865 0.256738
4 0 0.346775 0.146480 0.047733 0.002366 0.456646
4 0 0.060827 0.080512 0.112637 0.004425 0.741599
4 0 0.256460 0.142644 0.035194 0.002320 0.563383
4 0 0.436222 0.101642 0.004951 0.000026 0.457160
4 0 0.039270 0.044103 0.010774 0.000028 0.905825
4 0 0.052393 0.057069 0.014173 0.000066 0.876299
4 1 0.148401 0.369723 0.041826 0.000110 0.439940
4 1 0.062396 0.359450 0.092206 0.001220 0.484728
4 1 0.244045 0.163385 0.029306 0.000930 0.562334
4 0 0.354089 0.138286 0.022454 0.000875 0.484296
0 0 0.636567 0.121995 0.024658 0.001153 0.215627
4 0 0.255026 0.120311 0.011588 0.000250 0.612824
0 0 0.499331 0.121772 0.011008 0.000206 0.367682
4 0 0.238559 0.101411 0.004812 0.000041 0.655177
0 0 0.508302 0.115811 0.008100 0.000112 0.367675
0 0 0.845700 0.062941 0.051826 0.011321 0.028212
0 0 0.895202 0.052584 0.005141 0.000091 0.046982
0 0 0.596546 0.094416 0.003032 0.000016 0.305990
0 0 0.853487 0.063201 0.004402 0.000054 0.078856
4 0 0.351539 0.100584 0.003074 0.000017 0.544787
0 0 0.716873 0.115503 0.031456 0.001791 0.134376
0 0 0.732622 0.103770 0.021519 0.001005 0.141085
4 0 0.108574 0.074505 0.008556 0.000047 0.808317
4 0 0.223711 0.086732 0.002220 0.000008 0.687329
4 0 0.282769 0.109614 0.001605 0.000002 0.606009
4 0 0.226249 0.086276 0.001478 0.000003 0.685994
4 0 0.140219 0.205785 0.004694 0.000002 0.649300
1 1 0.037354 0.591775 0.064637 0.000185 0.306049
1 1 0.004501 0.531520 0.335147 0.003873 0.124959
1 1 0.020813 0.370165 0.278455 0.001513 0.329054
1 1 0.064214 0.552538 0.116714 0.000312 0.266222
1 2 0.076321 0.432340 0.205852 0.002138 0.283350
1 2 0.100341 0.430807 0.080931 0.000304 0.387617
1 2 0.072605 0.409209 0.397813 0.001000 0.119372
1 2 0.110540 0.528104 0.125118 0.000209 0.236029
1 2 0.112244 0.375212 0.343365 0.002823 0.166356
2 2 0.102927 0.418852 0.431644 0.002759 0.043818
2 2 0.035423 0.188085 0.561593 0.011131 0.203767
2 2 0.078906 0.384021 0.476402 0.002357 0.058314
2 2 0.037454 0.451136 0.456457 0.001509 0.053445
2 2 0.067541 0.156550 0.729988 0.029563 0.016357
2 2 0.266019 0.233063 0.441788 0.033169 0.025961
0 2 0.502473 0.137622 0.318767 0.030691 0.010447
0 2 0.380210 0.178742 0.368768 0.052637 0.019643
2 2 0.197391 0.156055 0.615868 0.026596 0.004090
1 2 0.193428 0.401193 0.329298 0.003821 0.072260
2 2 0.313397 0.272984 0.379854 0.009276 0.024488
2 2 0.087435 0.181368 0.658867 0.037634 0.034696
2 2 0.042682 0.333806 0.380465 0.002581 0.240467
2 2 0.167516 0.097746 0.571163 0.134137 0.029438
2 2 0.013529 0.125677 0.757469 0.008900 0.094425
2 2 0.047053 0.137502 0.791772 0.017263 0.006410
2 2 0.045885 0.258674 0.656027 0.005987 0.033427
2 2 0.084475 0.125020 0.695954 0.085388 0.009162
2 2 0.000841 0.015915 0.910252 0.072213 0.000779
2 2 0.016262 0.095656 0.755392 0.060784 0.071906
2 2 0.006624 0.115056 0.583990 0.118751 0.175579
2 2 0.007110 0.146002 0.614902 0.011168 0.220818
2 2 0.005709 0.132968 0.582982 0.005283 0.273058
2 2 0.015530 0.107921 0.519490 0.008008 0.349051
4 2 0.044405 0.219387 0.303482 0.002923 0.429803
2 2 0.015717 0.174800 0.689555 0.006073 0.113854
2 2 0.146793 0.330944 0.378502 0.006528 0.137234
2 2 0.067182 0.094353 0.766321 0.069669 0.002475
2 2 0.097358 0.286735 0.520807 0.009714 0.085386
2 2 0.049796 0.276964 0.624301 0.003195 0.045743
2 2 0.279040 0.297411 0.308776 0.018217 0.096556
0 2 0.322550 0.179686 0.207435 0.118367 0.171961
0 2 0.575346 0.166746 0.079804 0.006664 0.171440
0 2 0.332489 0.244176 0.300045 0.010555 0.112736
0 0 0.632027 0.142732 0.133396 0.014330 0.077514
1 0 0.170411 0.350114 0.196594 0.019417 0.263464
2 1 0.034399 0.267029 0.504473 0.080871 0.113227
0 1 0.489702 0.085673 0.218463 0.187329 0.018834
0 2 0.718975 0.071469 0.154405 0.047584 0.007567
0 2 0.447793 0.242412 0.170261 0.032978 0.106557
0 2 0.723457 0.134752 0.071688 0.004782 0.065321
0 2 0.387236 0.225760 0.032448 0.000398 0.354159
0 2 0.720294 0.123368 0.041846 0.004201 0.110291
0 2 0.898276 0.054087 0.028348 0.002546 0.016744
0 2 0.516876 0.164856 0.198794 0.073958 0.045517
1 2 0.213730 0.289054 0.247441 0.005186 0.244589
0 0 0.800963 0.096407 0.035373 0.002357 0.064900
4 0 0.248975 0.265150 0.162301 0.011801 0.311773
4 1 0.094420 0.278646 0.133976 0.002071 0.490888
4 1 0.032701 0.173603 0.106335 0.000818 0.686542
4 2 0.031313 0.275688 0.175839 0.001503 0.515657
4 2 0.060068 0.191321 0.172800 0.003175 0.572637
2 2 0.028564 0.267692 0.533335 0.015069 0.155339
1 2 0.020949 0.573761 0.319462 0.000794 0.085034
2 2 0.009291 0.287871 0.515432 0.002897 0.184508
1 2 0.101888 0.452429 0.325111 0.004234 0.116338
2 2 0.113231 0.302330 0.490459 0.056797 0.037183
2 2 0.041311 0.239694 0.660713 0.012514 0.045767
2 2 0.000098 0.045990 0.928413 0.018525 0.006973
2 2 0.000575 0.028684 0.903652 0.061746 0.005344
2 2 0.001880 0.061839 0.822907 0.105469 0.007905
2 2 0.012747 0.191159 0.703432 0.084034 0.008627
2 2 0.006460 0.060172 0.711061 0.205030 0.017277
2 2 0.070884 0.105425 0.700462 0.119533 0.003695
2 2 0.100935 0.132991 0.589968 0.151302 0.024805
2 2 0.055587 0.051172 0.727737 0.163905 0.001599
2 2 0.051230 0.067990 0.548543 0.318810 0.013427
2 2 0.015279 0.028569 0.517856 0.428058 0.010239
2 2 0.016501 0.167601 0.679838 0.083003 0.053057
2 2 0.002009 0.060812 0.849801 0.079227 0.008152
3 2 0.028191 0.045865 0.383476 0.533717 0.008751
2 2 0.004535 0.075954 0.690350 0.209146 0.020016
2 2 0.000345 0.016037 0.733930 0.244453 0.005235
2 2 0.001674 0.025057 0.760740 0.207913 0.004616
2 2 0.002656 0.032449 0.610860 0.349413 0.004623
2 2 0.000132 0.026820 0.851659 0.112614 0.008774
2 2 0.000252 0.030544 0.674308 0.268731 0.026165
2 2 0.251169 0.113549 0.323881 0.112776 0.198625
0 2 0.658575 0.121126 0.078739 0.014336 0.127225
0 2 0.294360 0.258408 0.138196 0.045057 0.263978
2 2 0.164845 0.150347 0.316451 0.313843 0.054514
0 2 0.337027 0.226879 0.179223 0.086590 0.170280
0 0 0.638811 0.127321 0.043975 0.003859 0.186034
0 0 0.659505 0.116629 0.021098 0.000859 0.201909
0 0 0.665446 0.104142 0.009023 0.000154 0.221236
0 0 0.702388 0.102758 0.011944 0.000285 0.182624
4 0 0.243120 0.090716 0.002289 0.000010 0.663865
0 0 0.412504 0.154833 0.059276 0.006264 0.367124
4 0 0.254396 0.117910 0.010266 0.000197 0.617231
0 0 0.580666 0.139399 0.055209 0.005865 0.218861
0 0 0.669635 0.121330 0.060246 0.007997 0.140793
0 0 0.564896 0.137107 0.038802 0.002754 0.256442
0 0 0.561976 0.134754 0.025304 0.001146 0.276820
0 0 0.766885 0.089830 0.010459 0.000244 0.132583
0 0 0.675298 0.114388 0.021552 0.000917 0.187846
0 0 0.717077 0.102875 0.014746 0.000448 0.164853
4 0 0.313412 0.117036 0.008163 0.000118 0.561271
0 0 0.693555 0.114040 0.068350 0.011188 0.112868
0 0 0.689039 0.132063 0.040795 0.002262 0.135841
4 0 0.246595 0.117725 0.007016 0.000075 0.628588
4 0 0.227759 0.104338 0.006586 0.000070 0.661247
4 0 0.249076 0.102937 0.004655 0.000041 0.643291
4 0 0.146441 0.095784 0.015304 0.000203 0.742268
0 0 0.835465 0.084449 0.025428 0.001320 0.053338
0 0 0.753386 0.103337 0.022603 0.001179 0.119494
4 0 0.393456 0.145226 0.031954 0.001766 0.427598
4 0 0.302145 0.124487 0.015491 0.000336 0.557541
0 0 0.638134 0.119624 0.008269 0.000082 0.233891
4 0 0.314006 0.109937 0.010086 0.000095 0.565876
0 0 0.519929 0.124633 0.030035 0.000563 0.324840
4 0 0.169907 0.091672 0.007243 0.000057 0.731121
4 0 0.174275 0.104137 0.014829 0.000236 0.706522
4 0 0.235772 0.130247 0.006397 0.000042 0.627541
0 0 0.465336 0.125740 0.005116 0.000028 0.403781
4 0 0.179499 0.263360 0.013544 0.000024 0.543574
0 0 0.628823 0.107034 0.008270 0.000124 0.255749
0 0 0.573935 0.123060 0.016063 0.000456 0.286486
0 0 0.811559 0.075946 0.058096 0.011925 0.042474
0 0 0.682494 0.118593 0.041428 0.003632 0.153853
0 0 0.818419 0.082217 0.020625 0.001161 0.077578
0 0 0.694623 0.147031 0.042106 0.001526 0.114714
0 0 0.711670 0.110108 0.027510 0.001611 0.149100
0 0 0.724781 0.077848 0.002132 0.000009 0.195230
0 0 0.455113 0.095204 0.002187 0.000008 0.447489
4 0 0.351606 0.108167 0.004745 0.000039 0.535443
4 0 0.222461 0.100678 0.005658 0.000051 0.671152
4 0 0.198182 0.097980 0.006782 0.000061 0.696994
4 0 0.089771 0.073461 0.014772 0.000111 0.821885
4 0 0.132139 0.194250 0.023427 0.000079 0.650106
4 0 0.111881 0.151595 0.024621 0.000106 0.711797
4 0 0.226620 0.148674 0.007332 0.000038 0.617336
4 0 0.138398 0.113964 0.033305 0.000944 0.713390
4 0 0.243124 0.118997 0.012429 0.000267 0.625183
0 0 0.613418 0.126857 0.028015 0.001464 0.230246
0 0 0.600471 0.122352 0.018237 0.000601 0.258339
0 0 0.839599 0.074795 0.015152 0.000656 0.069798
0 0 0.891290 0.045383 0.039863 0.009027 0.014437
0 0 0.792980 0.086680 0.013776 0.000459 0.106106
0 0 0.465969 0.158725 0.021078 0.000440 0.353787
4 0 0.330642 0.118426 0.008490 0.000126 0.542315
4 1 0.133370 0.341637 0.004344 0.000000 0.520649
1 1 0.089948 0.551153 0.032014 0.000009 0.326876
1 1 0.069180 0.518382 0.080587 0.000267 0.331584
1 1 0.124759 0.435851 0.062810 0.000145 0.376435
1 1 0.030233 0.446265 0.320402 0.013379 0.189721
4 1 0.241080 0.277768 0.035241 0.000236 0.445675
4 1 0.182995 0.225956 0.006056 0.000005 0.584988
1 1 0.232557 0.341971 0.175888 0.011378 0.238206
1 1 0.128258 0.339612 0.213790 0.006022 0.312318
1 1 0.084782 0.506037 0.157472 0.000517 0.251192
2 1 0.035496 0.342072 0.478915 0.002570 0.140947
1 1 0.044658 0.374569 0.330609 0.026378 0.223786
2 1 0.065511 0.358066 0.436487 0.051220 0.088717
1 1 0.143435 0.350195 0.312785 0.045289 0.148297
1 1 0.126214 0.429862 0.029918 0.000025 0.413981
1 1 0.091613 0.498316 0.028716 0.000017 0.381339
1 1 0.150245 0.492092 0.163187 0.000705 0.193771
4 1 0.138001 0.367168 0.042268 0.000095 0.452468
4 1 0.084693 0.289388 0.074941 0.000180 0.550798
1 1 0.025101 0.559896 0.228687 0.000962 0.185355
4 1 0.066726 0.323032 0.258707 0.002180 0.349355
1 1 0.149416 0.473174 0.075818 0.000450 0.301141
4 1 0.154831 0.353452 0.051367 0.000219 0.440132
1 1 0.059205 0.650302 0.075986 0.000026 0.214481
4 1 0.064715 0.264886 0.232580 0.002133 0.435686
4 1 0.063815 0.323262 0.209299 0.001048 0.402577
4 4 0.101311 0.355470 0.179162 0.001803 0.362254
4 4 0.182068 0.285114 0.042190 0.000313 0.490316
4 4 0.142196 0.232354 0.148507 0.005801 0.471142
1 4 0.126606 0.412073 0.108746 0.000661 0.351914
4 4 0.159175 0.334226 0.090088 0.001044 0.415467
4 4 0.156189 0.270787 0.123252 0.007326 0.442447
4 4 0.141995 0.298609 0.081119 0.002869 0.475408
4 4 0.202939 0.335624 0.051206 0.000283 0.409948
1 4 0.069343 0.523732 0.162977 0.000630 0.243318
4 4 0.141723 0.308092 0.092165 0.002571 0.455449
1 4 0.283290 0.316979 0.203273 0.006952 0.189507
4 4 0.399725 0.145448 0.025712 0.001024 0.428091
0 4 0.351327 0.307035 0.121884 0.003682 0.216072
0 4 0.335710 0.307428 0.162916 0.018503 0.175442
1 4 0.201163 0.389966 0.256559 0.020608 0.131704
1 4 0.064178 0.512184 0.145078 0.000902 0.277659
1 4 0.211437 0.459794 0.093883 0.000314 0.234572
0 2 0.452165 0.225435 0.296784 0.008280 0.017336
0 2 0.500987 0.352424 0.108615 0.000413 0.037561
1 2 0.318940 0.354807 0.312047 0.003552 0.010655
2 2 0.082497 0.374617 0.457099 0.017387 0.068400
2 2 0.120846 0.335266 0.428818 0.043546 0.071525
1 2 0.302496 0.329228 0.292635 0.017149 0.058492
1 2 0.077714 0.586969 0.234258 0.000968 0.100091
1 2 0.232661 0.387297 0.109628 0.002689 0.267724
1 2 0.083157 0.404867 0.261555 0.023137 0.227284
2 2 0.096971 0.388040 0.413039 0.025414 0.076535
2 2 0.001991 0.044704 0.927947 0.020166 0.005193
2 2 0.036451 0.386450 0.561053 0.002321 0.013725
2 2 0.022405 0.358471 0.587224 0.003021 0.028879
1 2 0.170736 0.372593 0.370810 0.016575 0.069286
2 2 0.236978 0.219244 0.381514 0.034055 0.128209
2 2 0.017843 0.142707 0.734754 0.023493 0.081203
2 2 0.044668 0.266267 0.567315 0.080713 0.041038
2 2 0.099570 0.307594 0.540810 0.011572 0.040454
2 2 0.037011 0.283041 0.661897 0.004360 0.013691
2 2 0.003686 0.116116 0.847863 0.012102 0.020233
2 2 0.093625 0.193233 0.657701 0.014775 0.040667
2 2 0.022615 0.240390 0.543795 0.076607 0.116594
2 2 0.008380 0.222798 0.572558 0.097818 0.098446
2 2 0.003670 0.096469 0.880297 0.009222 0.010343
2 2 0.056731 0.187651 0.663689 0.058446 0.033483
2 2 0.028813 0.352552 0.429418 0.013954 0.175262
2 2 0.029284 0.271201 0.572508 0.051760 0.075246
4 2 0.042445 0.227733 0.350816 0.013237 0.365769
2 2 0.004081 0.051139 0.547165 0.287806 0.109810
3 2 0.021763 0.087766 0.304668 0.510527 0.075277
3 2 0.081567 0.091608 0.313395 0.490218 0.023212
2 2 0.045266 0.102172 0.585574 0.262854 0.004134
2 2 0.082577 0.153838 0.626810 0.114935 0.021839
2 2 0.050324 0.156710 0.641669 0.128220 0.023076
2 2 0.041519 0.138622 0.601807 0.176239 0.041812
2 2 0.006861 0.039491 0.544263 0.403746 0.005638
2 2 0.007515 0.096797 0.646685 0.214589 0.034414
3 2 0.000756 0.009259 0.153254 0.834824 0.001907
3 2 0.010463 0.025921 0.142927 0.811452 0.009237
2 2 0.001100 0.023167 0.507708 0.462088 0.005938
2 2 0.002259 0.033146 0.534981 0.418558 0.011056
2 3 0.005006 0.042075 0.510871 0.418243 0.023804
3 3 0.000932 0.015834 0.486789 0.492763 0.003682
2 3 0.002469 0.026717 0.743507 0.222583 0.004724
3 3 0.017728 0.069226 0.414155 0.447368 0.051523
3 3 0.006142 0.033428 0.165535 0.784006 0.010889
3 3 0.001056 0.014880 0.211641 0.768556 0.003867
3 3 0.001409 0.020148 0.379280 0.591957 0.007206
3 3 0.001559 0.027587 0.445483 0.517200 0.008171
3 3 0.003555 0.034385 0.366808 0.577725 0.017527
3 3 0.006840 0.035688 0.281937 0.630025 0.045509
3 3 0.049159 0.095771 0.228556 0.568608 0.057906
2 3 0.008902 0.091046 0.508542 0.355702 0.035809
2 3 0.032328 0.211726 0.498950 0.192351 0.064645
3 3 0.003152 0.045874 0.291886 0.645033 0.014055
3 3 0.004049 0.069839 0.261669 0.579014 0.085429
3 3 0.029922 0.101718 0.245919 0.521234 0.101207
3 3 0.002909 0.017569 0.114781 0.858969 0.005773
3 3 0.005756 0.050305 0.150476 0.773886 0.019578
3 3 0.003914 0.025237 0.104805 0.850899 0.015145
3 3 0.001345 0.005735 0.045065 0.946767 0.001088
3 3 0.003481 0.011343 0.069885 0.912574 0.002717
3 3 0.000319 0.004482 0.043051 0.950791 0.001358
3 3 0.000478 0.004238 0.033853 0.960573 0.000858
3 3 0.000440 0.007006 0.086127 0.903926 0.002501
3 3 0.000987 0.009620 0.060626 0.926273 0.002494
3 3 0.000822 0.003261 0.037202 0.958266 0.000449
3 3 0.000278 0.002059 0.043387 0.953871 0.000406
3 3 0.000127 0.005869 0.149195 0.841924 0.002885
3 3 0.000311 0.022068 0.281820 0.678829 0.016972
3 3 0.000317 0.031659 0.271326 0.682884 0.013814
3 3 0.001050 0.021299 0.129152 0.823379 0.025120
3 3 0.001200 0.005746 0.050585 0.941214 0.001255
3 3 0.000820 0.006859 0.045149 0.945337 0.001835
3 3 0.000207 0.005035 0.060989 0.931149 0.002620
3 3 0.000350 0.010801 0.058315 0.923530 0.007004
3 3 0.000245 0.004632 0.067173 0.925673 0.002276
3 3 0.000534 0.008290 0.125904 0.862485 0.002787
3 3 0.001089 0.004348 0.038273 0.955618 0.000672
3 3 0.000387 0.006080 0.043274 0.948201 0.002058
3 3 0.000255 0.010720 0.079266 0.899564 0.010195
3 3 0.006318 0.041043 0.148403 0.774882 0.029355
3 3 0.000235 0.005435 0.055935 0.937549 0.000846
3 3 0.000645 0.003350 0.031083 0.964445 0.000477
3 3 0.045080 0.064478 0.219647 0.619253 0.051542
3 3 0.110175 0.156264 0.257145 0.331309 0.145107
2 3 0.030260 0.269137 0.280014 0.168887 0.251702
2 2 0.011313 0.141432 0.510444 0.151218 0.185593
2 2 0.005444 0.179550 0.620908 0.061415 0.132682
2 2 0.004394 0.169771 0.688303 0.011340 0.126191
2 2 0.000556 0.042739 0.893715 0.031909 0.031081
2 2 0.000471 0.050975 0.890989 0.034510 0.023055
2 2 0.001138 0.052723 0.879598 0.019218 0.047324
2 2 0.020482 0.215149 0.650906 0.016573 0.096890
2 2 0.000660 0.023529 0.828882 0.127674 0.019254
2 2 0.000189 0.029054 0.921058 0.029504 0.020195
2 2 0.000430 0.046737 0.839908 0.086721 0.026204
2 2 0.003749 0.114174 0.698953 0.074980 0.108144
2 2 0.007539 0.101978 0.722340 0.080598 0.087545
2 2 0.004911 0.138706 0.770182 0.026351 0.059850
2 2 0.001008 0.040966 0.914628 0.023350 0.020049
2 2 0.000374 0.026988 0.947974 0.012619 0.012045
2 2 0.004714 0.076682 0.820965 0.007522 0.090117
2 2 0.001547 0.034248 0.847040 0.099441 0.017723
2 2 0.000396 0.023420 0.920801 0.041060 0.014323
2 2 0.003480 0.087153 0.805496 0.049367 0.054504
2 2 0.021053 0.137090 0.759944 0.022432 0.059480
2 2 0.339944 0.174773 0.341921 0.060096 0.083266
4 2 0.145789 0.272283 0.129530 0.009350 0.443048
0 0 0.732008 0.078384 0.111878 0.060039 0.017692
0 0 0.523935 0.097258 0.189386 0.124212 0.065209
0 0 0.907854 0.049343 0.017066 0.001311 0.024427
0 0 0.857844 0.062247 0.042897 0.007592 0.029419
0 0 0.607781 0.148219 0.126343 0.050651 0.067006
0 0 0.728854 0.091996 0.093082 0.027316 0.058752
0 0 0.405667 0.181274 0.085311 0.013870 0.313878
0 0 0.622084 0.156765 0.061471 0.008278 0.151401
1 0 0.273082 0.326831 0.151830 0.010942 0.237314
0 0 0.636732 0.165264 0.088910 0.021831 0.087264
0 0 0.849914 0.069519 0.034809 0.004296 0.041462
0 0 0.879037 0.049792 0.043820 0.010056 0.017295
0 0 0.780964 0.091797 0.018666 0.000835 0.107737
0 0 0.604901 0.126177 0.024509 0.001104 0.243309
4 0 0.191372 0.116970 0.023209 0.000645 0.667804
0 0 0.837810 0.067296 0.051369 0.010353 0.033172
0 0 0.904239 0.051453 0.014845 0.000927 0.028536
0 0 0.556369 0.134641 0.030045 0.001616 0.277330
0 0 0.653504 0.103278 0.007704 0.000110 0.235404
0 0 0.847401 0.071994 0.013628 0.000543 0.066434
0 0 0.794239 0.089978 0.028588 0.002146 0.085049
0 0 0.622734 0.125048 0.026876 0.001357 0.223985
0 0 0.823767 0.073319 0.006526 0.000108 0.096279
1 0 0.294196 0.340518 0.038461 0.000294 0.326532
0 0 0.615452 0.137400 0.022183 0.000621 0.224345
0 0 0.675909 0.196195 0.025453 0.000156 0.102288
0 0 0.768926 0.094697 0.018761 0.000819 0.116798
0 0 0.605945 0.100980 0.004882 0.000042 0.288151
0 0 0.564201 0.088147 0.001817 0.000005 0.345829
0 0 0.684861 0.180767 0.055977 0.001163 0.077232
0 0 0.421185 0.136984 0.025777 0.000945 0.415109
0 0 0.442264 0.155395 0.049102 0.003843 0.349397
0 0 0.671862 0.118459 0.029974 0.001806 0.177899
0 0 0.739855 0.098258 0.014168 0.000430 0.147288
0 0 0.758363 0.100035 0.031502 0.002378 0.107722
4 0 0.399598 0.102073 0.003242 0.000018 0.495070
4 0 0.210284 0.112395 0.001092 0.000001 0.676228
4 0 0.191190 0.194303 0.004212 0.000004 0.610291
1 0 0.065979 0.507442 0.049283 0.000122 0.377174
1 1 0.044029 0.615077 0.107624 0.000195 0.233075
1 1 0.040116 0.534602 0.234871 0.001688 0.188723
1 1 0.075088 0.355923 0.230359 0.001757 0.336874
4 1 0.113045 0.233616 0.148347 0.003194 0.501799
2 1 0.010777 0.153379 0.615698 0.002890 0.217256
4 1 0.058219 0.164803 0.253733 0.005898 0.517347
1 1 0.056710 0.471784 0.270624 0.002679 0.198202
1 1 0.079563 0.535295 0.116897 0.000187 0.268058
1 1 0.055342 0.567554 0.104674 0.000288 0.272141
2 1 0.018152 0.385146 0.463044 0.022901 0.110758
4 1 0.162233 0.288265 0.164030 0.007000 0.378471
1 1 0.055365 0.499265 0.282491 0.001223 0.161657
1 1 0.132992 0.419574 0.328342 0.003943 0.115150
4 4 0.168473 0.297435 0.122685 0.003334 0.408073
4 4 0.091245 0.399847 0.102293 0.000459 0.406156
4 4 0.173606 0.283051 0.016039 0.000028 0.527276
1 4 0.105674 0.480722 0.094922 0.000238 0.318444
1 4 0.084338 0.551984 0.090283 0.000104 0.273291
4 4 0.048349 0.214057 0.361777 0.006259 0.369556
4 4 0.078013 0.204199 0.065351 0.000227 0.652210
1 4 0.028727 0.373126 0.317935 0.007580 0.272631
2 4 0.015131 0.250972 0.467057 0.039390 0.227451
2 4 0.007374 0.250660 0.580891 0.019963 0.141112
2 4 0.001093 0.102953 0.856803 0.008664 0.030486
1 4 0.079614 0.546534 0.118349 0.000187 0.255317
4 4 0.053059 0.373942 0.110011 0.000093 0.462896
4 4 0.053051 0.361620 0.159566 0.000261 0.425501
2 4 0.008464 0.309129 0.423973 0.001438 0.256997
2 4 0.010526 0.378602 0.453140 0.000414 0.157318
2 4 0.017317 0.348080 0.415769 0.000408 0.218425
1 4 0.033651 0.403930 0.338937 0.000762 0.222721
4 4 0.079010 0.310734 0.212461 0.001978 0.395817
2 4 0.016698 0.405452 0.414912 0.001973 0.160964
1 4 0.063012 0.408236 0.286220 0.002653 0.239879
1 4 0.035376 0.446386 0.284940 0.004637 0.228661
1 4 0.046813 0.466848 0.304735 0.003680 0.177924
1 4 0.131651 0.399704 0.105496 0.000707 0.362442
1 4 0.031575 0.696445 0.155382 0.000051 0.116548
1 4 0.045241 0.402255 0.200222 0.000283 0.352000
2 4 0.015322 0.346654 0.510230 0.005805 0.121989
1 4 0.031264 0.484663 0.342398 0.000649 0.141026
1 4 0.084230 0.488482 0.183416 0.000820 0.243052
1 4 0.071584 0.444442 0.260141 0.001779 0.222054
1 4 0.031734 0.574878 0.115609 0.001003 0.276776
1 4 0.021088 0.535702 0.171324 0.006918 0.264967
1 4 0.035102 0.423604 0.129089 0.001853 0.410352
0 0 0.848755 0.082628 0.040471 0.002424 0.025722
0 0 0.789085 0.094772 0.041586 0.003996 0.070560
0 0 0.372134 0.358316 0.155203 0.003086 0.111261
4 0 0.187091 0.375103 0.038335 0.000090 0.399381
1 0 0.064192 0.501859 0.131048 0.000984 0.301916
4 0 0.217491 0.170942 0.009021 0.000040 0.602505
4 0 0.220931 0.202007 0.036014 0.000742 0.540305
4 0 0.267190 0.131630 0.019509 0.000700 0.580971
4 0 0.244459 0.091636 0.002411 0.000011 0.661482
4 1 0.243116 0.090709 0.002288 0.000010 0.663877
4 1 0.126016 0.291247 0.107007 0.001147 0.474583
2 1 0.010546 0.351263 0.435920 0.000906 0.201365
4 1 0.017220 0.289267 0.261999 0.000114 0.431400
4 1 0.115599 0.281196 0.076288 0.000426 0.526490
4 0 0.231110 0.134986 0.005952 0.000031 0.627921
0 0 0.678288 0.202145 0.033308 0.000242 0.086017
0 0 0.700098 0.126521 0.065836 0.006733 0.100812
0 0 0.768326 0.135470 0.039513 0.000937 0.055754
0 1 0.377388 0.329474 0.189939 0.017798 0.085402
4 1 0.077767 0.387222 0.077024 0.001822 0.456166
1 1 0.053177 0.514476 0.156988 0.000158 0.275200
1 1 0.034623 0.484978 0.100972 0.000065 0.379362
2 1 0.006093 0.308511 0.623995 0.001677 0.059724
2 2 0.001699 0.125103 0.827553 0.002592 0.043054
2 2 0.002672 0.136357 0.811844 0.001430 0.047697
2 2 0.002421 0.223511 0.735268 0.000314 0.038486
2 2 0.002275 0.171478 0.752799 0.000764 0.072684
2 2 0.013463 0.136353 0.570099 0.004276 0.275808
2 2 0.000788 0.076262 0.887580 0.008871 0.026499
2 2 0.005459 0.082742 0.837919 0.009213 0.064668
2 2 0.027002 0.232243 0.429924 0.001953 0.308878
2 2 0.011575 0.169347 0.726462 0.004273 0.088343
2 2 0.002154 0.089011 0.846634 0.002323 0.059879
2 2 0.000584 0.047716 0.921165 0.001518 0.029017
2 2 0.000376 0.050353 0.918739 0.007240 0.023292
2 2 0.004007 0.087262 0.862595 0.009912 0.036223
2 2 0.002231 0.052589 0.902707 0.005515 0.036958
2 2 0.001941 0.059242 0.851918 0.003856 0.083043
2 2 0.028493 0.222960 0.390402 0.002943 0.355202
4 2 0.051123 0.260813 0.222341 0.001103 0.464621
2 2 0.030029 0.244279 0.503018 0.004806 0.217868
2 2 0.001990 0.076692 0.854184 0.004081 0.063054
2 2 0.000173 0.016688 0.953129 0.005155 0.024854
2 2 0.000091 0.010678 0.959717 0.005401 0.024113
2 2 0.000375 0.045341 0.898737 0.033726 0.021822
2 2 0.000397 0.026859 0.933360 0.007141 0.032243
2 2 0.001756 0.091712 0.822425 0.004664 0.079443
2 2 0.000623 0.050145 0.879772 0.008366 0.061093
2 2 0.000459 0.041563 0.909941 0.021902 0.026135
2 2 0.003521 0.063918 0.842418 0.017114 0.073029
2 2 0.002291 0.158306 0.785970 0.002545 0.050888
2 2 0.000707 0.069540 0.903176 0.008599 0.017979
2 2 0.002407 0.151933 0.739164 0.003796 0.102699
2 2 0.000331 0.078014 0.884540 0.018241 0.018874
2 2 0.006299 0.077309 0.734923 0.093626 0.087843
2 2 0.001672 0.076241 0.862039 0.007220 0.052828
2 2 0.001123 0.058256 0.871848 0.049620 0.019152
2 2 0.002765 0.129263 0.785511 0.010595 0.071866
2 2 0.004116 0.165724 0.777719 0.020281 0.032160
2 2 0.007603 0.133238 0.817711 0.019559 0.021889
2 2 0.007317 0.039046 0.787135 0.148880 0.017621
2 2 0.000563 0.018120 0.848549 0.124095 0.008673
2 2 0.087200 0.067045 0.661717 0.129150 0.054888
4 2 0.105730 0.134419 0.306337 0.041075 0.412438
4 2 0.175492 0.115372 0.028048 0.000836 0.680252
4 2 0.057838 0.104093 0.030125 0.000245 0.807699
4 2 0.020267 0.223701 0.366819 0.008272 0.380942
2 2 0.003813 0.191858 0.535183 0.003063 0.266083
2 2 0.000820 0.123447 0.820739 0.011865 0.043128
2 2 0.006260 0.167417 0.675641 0.014346 0.136337
2 2 0.007520 0.205829 0.631452 0.002003 0.153196
2 2 0.000149 0.034959 0.930843 0.010161 0.023888
2 2 0.001569 0.097627 0.831841 0.001364 0.067599
2 2 0.003050 0.109897 0.780760 0.010274 0.096019
2 2 0.002200 0.057744 0.829765 0.019487 0.090804
2 2 0.000220 0.022478 0.935878 0.014939 0.026484
2 2 0.000469 0.018984 0.914426 0.012452 0.053669
2 2 0.001659 0.051266 0.810912 0.002183 0.133981
2 2 0.001331 0.048869 0.850400 0.010218 0.089182
2 2 0.001933 0.062231 0.880851 0.010305 0.044680
2 2 0.005478 0.123948 0.695420 0.006585 0.168569
2 2 0.002151 0.087294 0.854093 0.008729 0.047733
2 2 0.000534 0.069532 0.885316 0.006900 0.037718
2 2 0.000215 0.029896 0.943522 0.008723 0.017644
2 2 0.000458 0.037689 0.905268 0.026768 0.029816
2 2 0.000343 0.034794 0.903924 0.034034 0.026905
2 2 0.000506 0.026379 0.845516 0.075072 0.052527
2 2 0.000089 0.021396 0.911812 0.050029 0.016674
2 2 0.000156 0.017483 0.921993 0.030917 0.029452
2 2 0.002123 0.040554 0.845919 0.038841 0.072563
2 2 0.002467 0.049030 0.826427 0.012882 0.109195
2 2 0.000213 0.032821 0.905279 0.041213 0.020474
2 2 0.000118 0.020477 0.931657 0.034991 0.012756
2 2 0.053398 0.140931 0.519897 0.027933 0.257841
0 2 0.719535 0.109931 0.035924 0.002875 0.131735
0 0 0.857064 0.066740 0.034002 0.004261 0.037933
4 0 0.256921 0.131237 0.019909 0.000737 0.591197
4 0 0.218291 0.208131 0.038982 0.000813 0.533783
1 1 0.047355 0.559622 0.066383 0.000208 0.326432
1 1 0.045325 0.531605 0.063639 0.000188 0.359243
2 1 0.003600 0.222997 0.708388 0.005121 0.059894
2 1 0.000556 0.036213 0.905342 0.010413 0.047476
2 1 0.003014 0.155721 0.754557 0.000627 0.086081
2 2 0.012181 0.274207 0.415113 0.000513 0.297986
1 2 0.024077 0.410808 0.295211 0.000265 0.269639
2 2 0.021277 0.386776 0.391246 0.001610 0.199091
2 2 0.000224 0.047157 0.914520 0.016329 0.021770
2 2 0.000053 0.025382 0.954974 0.012037 0.007553
2 2 0.000163 0.029207 0.942045 0.012900 0.015684
2 2 0.000507 0.047826 0.915218 0.013868 0.022580
2 2 0.001054 0.059756 0.878818 0.010536 0.049835
2 2 0.003162 0.046142 0.761891 0.046364 0.142442
4 2 0.033458 0.069853 0.195900 0.006356 0.694434
4 2 0.156627 0.121949 0.048876 0.002054 0.670493
1 2 0.051790 0.476928 0.133543 0.002644 0.335095
4 2 0.046635 0.383185 0.179713 0.003008 0.387460
2 2 0.025208 0.327910 0.400359 0.017032 0.229491
2 2 0.022860 0.296777 0.471099 0.014988 0.194276
1 2 0.021718 0.389998 0.340511 0.000283 0.247490
2 2 0.015533 0.299412 0.577232 0.002210 0.105613
2 2 0.000777 0.051454 0.902757 0.004626 0.040387
2 2 0.000166 0.029316 0.954238 0.002875 0.013405
2 2 0.000204 0.025109 0.938122 0.014381 0.022183
2 2 0.000094 0.014323 0.958412 0.007689 0.019482
2 2 0.003307 0.078802 0.836810 0.014416 0.066665
2 2 0.000395 0.040729 0.924390 0.012717 0.021769
2 2 0.000158 0.023463 0.953360 0.006160 0.016858
2 2 0.002502 0.101979 0.786490 0.003736 0.105293
2 2 0.000451 0.032056 0.940303 0.002967 0.024223
2 1 0.014855 0.242113 0.462826 0.001287 0.278920
4 2 0.298737 0.131453 0.017540 0.000551 0.551720
4 1 0.081386 0.201168 0.083213 0.002412 0.631821
2 1 0.029383 0.193850 0.394689 0.023261 0.358817
2 1 0.004947 0.147994 0.636209 0.031422 0.179428
2 2 0.006611 0.111786 0.696007 0.032167 0.153428
2 2 0.009800 0.213613 0.522978 0.005967 0.247641
2 2 0.011104 0.236834 0.507145 0.016393 0.228524
2 2 0.005051 0.129659 0.634644 0.070229 0.160417
2 2 0.009424 0.146606 0.687442 0.021198 0.135329
2 2 0.011413 0.230170 0.589431 0.008835 0.160151
2 2 0.131152 0.296097 0.474117 0.016935 0.081700
2 2 0.065525 0.242537 0.586849 0.013660 0.091429
2 2 0.003550 0.094721 0.788707 0.019588 0.093434
2 2 0.001947 0.042759 0.826375 0.106228 0.022691
2 2 0.000667 0.064885 0.895698 0.017781 0.020969
2 2 0.001437 0.042109 0.903122 0.029653 0.023678
2 2 0.000056 0.028555 0.945544 0.018406 0.007440
2 2 0.000385 0.046069 0.854961 0.074406 0.024178
2 2 0.000355 0.049803 0.816365 0.103871 0.029607
2 2 0.002754 0.077464 0.809046 0.052248 0.058488
2 2 0.004685 0.051889 0.586558 0.344409 0.012459
2 2 0.000324 0.033147 0.873852 0.063321 0.029356
2 2 0.001683 0.092998 0.854630 0.030588 0.020101
2 2 0.000570 0.075567 0.836095 0.059860 0.027909
2 2 0.000334 0.029129 0.866799 0.069125 0.034613
2 2 0.000249 0.037879 0.910727 0.031993 0.019152
2 2 0.008559 0.236240 0.578732 0.003238 0.173232
2 2 0.004842 0.143001 0.741238 0.031854 0.079066
2 2 0.001088 0.044392 0.805514 0.111668 0.037339
2 2 0.001834 0.089085 0.829688 0.002960 0.076433
2 2 0.000418 0.055370 0.900308 0.030928 0.012976
2 2 0.007753 0.124116 0.727652 0.029405 0.111073
4 2 0.147512 0.274686 0.205822 0.005200 0.366779
4 2 0.183150 0.214916 0.113863 0.012968 0.475103
4 2 0.101726 0.219124 0.109429 0.006033 0.563689
2 2 0.004857 0.123180 0.686561 0.070260 0.115143
2 2 0.004738 0.192550 0.695706 0.049352 0.057654
2 2 0.007702 0.212466 0.657127 0.003980 0.118725
2 2 0.013315 0.143339 0.727259 0.066416 0.049671
2 2 0.009949 0.125002 0.784978 0.059305 0.020767
2 2 0.004158 0.133506 0.766521 0.019091 0.076725
2 2 0.000353 0.057944 0.887672 0.037695 0.016336
2 2 0.000691 0.038281 0.880690 0.038269 0.042068
2 2 0.000673 0.045094 0.840359 0.076145 0.037729
2 2 0.000097 0.015343 0.942791 0.019903 0.021866
2 2 0.001644 0.071462 0.863584 0.030819 0.032491
2 2 0.094797 0.314170 0.370628 0.003309 0.217096
2 0 0.263929 0.278066 0.327245 0.020523 0.110238
0 0 0.838106 0.029469 0.073619 0.054348 0.004458
0 0 0.867198 0.046204 0.055190 0.017977 0.013431
4 1 0.240628 0.086321 0.001739 0.000006 0.671306
4 1 0.159662 0.175350 0.001175 0.000000 0.663812
1 1 0.011138 0.572958 0.151723 0.001149 0.263031
2 1 0.005805 0.324358 0.396658 0.000122 0.273057
2 1 0.005210 0.236914 0.560261 0.012174 0.185441
2 2 0.002830 0.173876 0.701836 0.004730 0.116727
4 2 0.043507 0.204616 0.300459 0.002920 0.448497
1 2 0.029906 0.459598 0.291343 0.000697 0.218456
1 2 0.007558 0.447951 0.375414 0.000405 0.168672
2 2 0.002613 0.174863 0.677252 0.001751 0.143520
1 2 0.120753 0.389717 0.155863 0.002001 0.331667
1 2 0.047749 0.367268 0.291437 0.001156 0.292390
2 2 0.008926 0.151952 0.697801 0.014582 0.126739
2 2 0.003133 0.153873 0.724862 0.004651 0.113481
2 2 0.003076 0.142511 0.750113 0.046833 0.057466
2 2 0.006631 0.130707 0.602793 0.014554 0.245316
2 2 0.001345 0.047081 0.878103 0.007216 0.066255
2 2 0.006174 0.133503 0.605531 0.001272 0.253520
2 2 0.023249 0.315083 0.436277 0.001193 0.224198
2 2 0.010544 0.162198 0.595679 0.002090 0.229490
4 2 0.352218 0.261756 0.032191 0.000233 0.353602
0 0 0.687530 0.234131 0.041967 0.000130 0.036241
0 0 0.526405 0.393605 0.047638 0.000028 0.032324
0 0 0.739483 0.163428 0.093720 0.000345 0.003025
0 0 0.897865 0.045412 0.049304 0.004146 0.003273
0 0 0.936382 0.036378 0.012733 0.000958 0.013550
4 0 0.423420 0.095340 0.002161 0.000008 0.479070
0 0 0.566353 0.105248 0.005311 0.000049 0.323038
4 0 0.187402 0.083478 0.003003 0.000012 0.726105
4 0 0.022679 0.026354 0.003175 0.000002 0.947791
4 0 0.097452 0.355689 0.025359 0.000012 0.521487
1 1 0.021118 0.557511 0.132560 0.000010 0.288801
2 1 0.012321 0.290235 0.392354 0.000190 0.304901
2 1 0.007604 0.242983 0.557915 0.000363 0.191135
2 1 0.010744 0.351321 0.536610 0.000740 0.100585
2 1 0.013632 0.250424 0.567556 0.001491 0.166897
2 1 0.005717 0.217027 0.638030 0.001430 0.137797
2 1 0.003074 0.089869 0.821592 0.017619 0.067846
2 1 0.007021 0.171516 0.669742 0.016356 0.135365
4 1 0.047098 0.213165 0.318517 0.003939 0.417281
2 1 0.008410 0.297341 0.540808 0.007188 0.146254
1 1 0.052960 0.392937 0.261000 0.014285 0.278818
4 1 0.062169 0.266485 0.135512 0.003688 0.532146
4 1 0.191399 0.213514 0.021154 0.000208 0.573724
1 4 0.219364 0.351856 0.228145 0.019404 0.181231
4 4 0.046385 0.198402 0.248608 0.005402 0.501203
4 4 0.040284 0.280449 0.088122 0.000127 0.591017
4 4 0.014393 0.184165 0.253909 0.001899 0.545633
4 4 0.035892 0.358019 0.106374 0.000037 0.499679
4 4 0.118000 0.146430 0.020188 0.000082 0.715300
4 4 0.239062 0.171180 0.015024 0.000149 0.574584
4 4 0.104948 0.273186 0.079681 0.000397 0.541789
4 4 0.165160 0.127893 0.029103 0.000611 0.677233
4 4 0.102444 0.203321 0.136792 0.002747 0.554696
4 4 0.103265 0.222682 0.039108 0.004167 0.630778
4 4 0.054421 0.107760 0.033973 0.000392 0.803454
4 4 0.054681 0.138923 0.049363 0.000210 0.756823
4 4 0.034643 0.241205 0.265622 0.027372 0.431158
4 4 0.074591 0.341905 0.144528 0.004631 0.434345
4 4 0.066833 0.201211 0.151005 0.004736 0.576215
4 4 0.194007 0.090763 0.004511 0.000027 0.710692
4 4 0.119662 0.153490 0.009164 0.000012 0.717672
4 4 0.107638 0.294466 0.058397 0.000170 0.539329
4 4 0.090707 0.353179 0.147905 0.000816 0.407393
4 4 0.136152 0.339507 0.059807 0.000245 0.464289
2 4 0.020839 0.369838 0.440973 0.000790 0.167561
2 4 0.012205 0.413388 0.419918 0.000388 0.154101
1 4 0.015257 0.417502 0.409668 0.028115 0.129459
1 4 0.038932 0.441076 0.233436 0.000840 0.285715
1 4 0.023845 0.549565 0.262542 0.002877 0.161171
4 4 0.079730 0.272458 0.080831 0.014973 0.552008
4 4 0.131667 0.168685 0.022547 0.000203 0.676899
4 4 0.071845 0.192052 0.083679 0.002306 0.650118
4 4 0.048689 0.247514 0.079193 0.001000 0.623604
1 4 0.121398 0.426626 0.039913 0.000046 0.412017
4 4 0.093703 0.142292 0.013540 0.000020 0.750445
4 4 0.060408 0.210509 0.072942 0.000452 0.655689
4 4 0.078048 0.274875 0.123478 0.001385 0.522214
1 4 0.042936 0.497362 0.311372 0.001776 0.146555
1 4 0.078316 0.472654 0.227024 0.001366 0.220641
2 4 0.031271 0.327415 0.359290 0.003012 0.279013
1 4 0.014274 0.510872 0.282981 0.001944 0.189929
1 4 0.014065 0.432243 0.331465 0.046525 0.175702
4 4 0.112641 0.178034 0.085359 0.011761 0.612205
1 4 0.048483 0.360563 0.231965 0.001707 0.357282
4 4 0.083852 0.249156 0.162238 0.009875 0.494879
2 4 0.019146 0.230633 0.579544 0.004177 0.166501
4 4 0.040741 0.241454 0.224659 0.000779 0.492367
4 4 0.022440 0.310010 0.268702 0.000198 0.398650
4 4 0.038009 0.359409 0.155690 0.000113 0.446779
1 4 0.066038 0.488946 0.154469 0.000266 0.290280
2 4 0.010304 0.228056 0.617808 0.002011 0.141822
4 4 0.045950 0.251284 0.206731 0.000757 0.495278
4 4 0.210099 0.211065 0.021200 0.000168 0.557467
4 4 0.255986 0.124671 0.014403 0.000386 0.604554
4 0 0.319930 0.192658 0.024750 0.000365 0.462298
1 0 0.126687 0.423514 0.083517 0.000322 0.365960
1 0 0.057666 0.463027 0.122128 0.001166 0.356013
4 1 0.043160 0.291945 0.073820 0.000049 0.591026
4 1 0.091382 0.122987 0.006510 0.000005 0.779117
1 1 0.027701 0.446574 0.346605 0.003257 0.175863
1 1 0.026167 0.437187 0.228823 0.000861 0.306962
4 1 0.027948 0.357937 0.057841 0.000052 0.556222
4 1 0.053065 0.442721 0.059414 0.000015 0.444785
4 1 0.114246 0.366672 0.028858 0.000029 0.490195
2 1 0.000698 0.088833 0.859197 0.007369 0.043903
2 1 0.000797 0.075256 0.834208 0.018303 0.071436
4 1 0.014089 0.065600 0.360560 0.005436 0.554316
4 1 0.206789 0.231540 0.041897 0.000663 0.519110
4 1 0.038428 0.404184 0.142958 0.000075 0.414355
1 1 0.032659 0.455385 0.314070 0.001947 0.195939
2 1 0.000214 0.054255 0.921600 0.001506 0.022424
2 2 0.002169 0.100744 0.794645 0.001147 0.101295
2 2 0.005872 0.208885 0.709142 0.001366 0.074735
2 2 0.000671 0.049175 0.912653 0.001589 0.035912
2 2 0.000677 0.053526 0.890554 0.000782 0.054461
