4 0 0.006030 0.044607 0.025649 0.000192 0.923522
4 0 0.004731 0.036982 0.025067 0.000285 0.932935
4 1 0.004745 0.093345 0.083577 0.001930 0.816402
4 1 0.035690 0.270003 0.271987 0.023160 0.399161
4 1 0.008598 0.069851 0.072561 0.005278 0.843712
4 4 0.012132 0.046930 0.054600 0.009133 0.877205
4 4 0.060183 0.100544 0.101347 0.037669 0.700256
1 4 0.067829 0.465423 0.197279 0.000377 0.269093
1 4 0.072567 0.421742 0.414054 0.007008 0.084630
1 4 0.041784 0.336780 0.318376 0.011288 0.291772
4 4 0.029159 0.235482 0.064270 0.000097 0.670992
4 4 0.127045 0.309737 0.129099 0.003745 0.430374
4 4 0.010975 0.049842 0.047443 0.003494 0.888246
4 4 0.020129 0.012013 0.016462 0.006913 0.944483
4 4 0.030582 0.129115 0.130606 0.022159 0.687539
4 4 0.016835 0.128016 0.118844 0.009341 0.726963
4 4 0.048372 0.041433 0.034332 0.006495 0.869368
4 4 0.012178 0.116697 0.107863 0.006296 0.756966
4 4 0.010153 0.162516 0.132752 0.003973 0.690606
4 4 0.028669 0.283483 0.317608 0.020053 0.350187
4 2 0.006708 0.144065 0.117147 0.002401 0.729679
4 2 0.088696 0.167273 0.163686 0.077534 0.502811
4 2 0.009064 0.153607 0.269954 0.012124 0.555250
2 2 0.000589 0.008898 0.593100 0.238380 0.159033
3 2 0.000630 0.002682 0.276346 0.689474 0.030866
2 2 0.000038 0.001695 0.778096 0.219445 0.000727
2 2 0.000030 0.002648 0.904944 0.088150 0.004228
3 2 0.000009 0.000124 0.241800 0.757951 0.000115
3 3 0.000027 0.000092 0.080657 0.919074 0.000150
3 3 0.000101 0.000208 0.072670 0.925687 0.001334
3 3 0.000025 0.000035 0.028013 0.971466 0.000460
3 3 0.000004 0.000006 0.017527 0.982383 0.000080
3 3 0.000095 0.000197 0.069970 0.927610 0.002129
3 3 0.000003 0.000014 0.063128 0.936834 0.000022
3 3 0.000005 0.000009 0.019274 0.980691 0.000020
3 3 0.000010 0.000003 0.003153 0.996817 0.000017
3 3 0.000007 0.000001 0.001860 0.998120 0.000011
3 3 0.000010 0.000006 0.007948 0.991990 0.000046
3 3 0.000013 0.000002 0.001988 0.997963 0.000035
3 3 0.000347 0.000063 0.007399 0.991449 0.000743
3 3 0.000010 0.000005 0.006566 0.993272 0.000147
3 3 0.000014 0.000012 0.018684 0.981133 0.000158
3 3 0.000020 0.000004 0.002572 0.997373 0.000032
3 3 0.000059 0.000001 0.000185 0.999734 0.000021
3 3 0.000294 0.000003 0.000303 0.999312 0.000087
3 3 0.000306 0.000101 0.013936 0.984353 0.001305
3 3 0.000102 0.000007 0.001424 0.998393 0.000075
3 3 0.000006 0.000001 0.001984 0.997999 0.000010
3 3 0.000030 0.000011 0.006309 0.993594 0.000056
3 3 0.000508 0.000026 0.001977 0.997196 0.000293
3 3 0.000016 0.000009 0.008649 0.991051 0.000274
3 3 0.000122 0.000013 0.002889 0.996494 0.000482
3 3 0.000006 0.000001 0.001696 0.998259 0.000038
3 3 0.000004 0.000000 0.000104 0.999890 0.000002
3 3 0.000003 0.000000 0.000179 0.999816 0.000002
3 3 0.000001 0.000000 0.000221 0.999776 0.000001
3 3 0.000009 0.000000 0.000270 0.999714 0.000006
3 3 0.000014 0.000001 0.000473 0.999502 0.000010
3 3 0.000060 0.000025 0.009745 0.989994 0.000177
3 3 0.000017 0.000000 0.000218 0.999755 0.000009
3 3 0.000009 0.000000 0.000454 0.999523 0.000015
3 3 0.000001 0.000000 0.000200 0.999797 0.000001
3 3 0.000015 0.000003 0.003052 0.996813 0.000117
3 3 0.000043 0.000008 0.003443 0.996364 0.000143
3 3 0.000023 0.000002 0.000851 0.999105 0.000019
3 3 0.000059 0.000006 0.001907 0.997971 0.000056
3 3 0.000018 0.000002 0.001137 0.998824 0.000019
3 3 0.000005 0.000001 0.001015 0.998972 0.000007
3 3 0.000008 0.000001 0.000813 0.999170 0.000008
3 3 0.000011 0.000000 0.000128 0.999856 0.000005
3 3 0.000007 0.000000 0.000124 0.999866 0.000004
3 3 0.000003 0.000000 0.000039 0.999958 0.000001
3 3 0.000001 0.000000 0.000035 0.999964 0.000000
3 3 0.000002 0.000000 0.001012 0.998982 0.000004
3 3 0.000007 0.000000 0.000254 0.999734 0.000005
3 3 0.000008 0.000001 0.000551 0.999433 0.000007
3 3 0.000087 0.000004 0.000925 0.998863 0.000121
3 3 0.000034 0.000004 0.001838 0.998056 0.000068
3 3 0.000317 0.000022 0.002432 0.997004 0.000224
3 3 0.000048 0.000029 0.013416 0.986222 0.000285
3 3 0.000001 0.000000 0.000522 0.999474 0.000002
3 3 0.000001 0.000000 0.000440 0.999558 0.000001
3 3 0.000020 0.000009 0.006834 0.993047 0.000090
3 3 0.000090 0.000010 0.002562 0.997232 0.000106
3 3 0.000014 0.000005 0.004961 0.994955 0.000064
3 3 0.000008 0.000001 0.001489 0.998481 0.000022
3 3 0.000017 0.000004 0.003348 0.996551 0.000080
3 3 0.000025 0.000001 0.000414 0.999545 0.000015
3 3 0.000061 0.000004 0.001244 0.998642 0.000048
3 3 0.000478 0.000005 0.000368 0.999010 0.000137
3 3 0.000008 0.000001 0.000729 0.999255 0.000008
3 3 0.000018 0.000003 0.001901 0.998056 0.000023
3 3 0.000006 0.000001 0.001330 0.998655 0.000008
3 3 0.000224 0.000020 0.002783 0.996790 0.000182
3 3 0.000443 0.000027 0.002352 0.996894 0.000284
3 3 0.001617 0.000407 0.054631 0.942893 0.000452
3 3 0.000287 0.000017 0.003844 0.995740 0.000112
3 3 0.000044 0.000040 0.021790 0.978074 0.000052
3 3 0.000241 0.000043 0.006170 0.993277 0.000269
3 3 0.000424 0.000188 0.020720 0.977932 0.000735
3 3 0.000064 0.000020 0.007077 0.992736 0.000104
3 3 0.000041 0.000004 0.001681 0.998234 0.000040
3 3 0.000207 0.000023 0.003480 0.996102 0.000188
3 3 0.000144 0.000012 0.002086 0.997643 0.000115
3 3 0.000063 0.000004 0.001149 0.998737 0.000047
3 3 0.000023 0.000001 0.000388 0.999574 0.000014
3 3 0.000011 0.000010 0.012620 0.987343 0.000016
3 3 0.000016 0.000004 0.003892 0.996071 0.000016
3 3 0.000071 0.000031 0.010497 0.989266 0.000135
3 3 0.000369 0.000151 0.018323 0.980655 0.000502
3 3 0.002890 0.000884 0.116774 0.878801 0.000650
3 3 0.000039 0.000059 0.049645 0.950226 0.000031
3 3 0.000113 0.000099 0.028897 0.970187 0.000704
3 3 0.000110 0.000034 0.010475 0.988515 0.000866
3 3 0.000002 0.000000 0.000804 0.999191 0.000003
3 3 0.000057 0.000124 0.060779 0.937928 0.001111
3 3 0.000060 0.000019 0.007053 0.992683 0.000185
3 3 0.000011 0.000004 0.003777 0.996188 0.000021
3 3 0.000002 0.000001 0.003950 0.996043 0.000003
3 3 0.000039 0.000016 0.007881 0.992007 0.000057
3 3 0.000207 0.000022 0.006949 0.992667 0.000155
3 3 0.012554 0.003128 0.209275 0.769733 0.005310
2 3 0.214994 0.045341 0.409704 0.280274 0.049687
3 3 0.026660 0.010354 0.412144 0.546194 0.004647
3 3 0.000027 0.000015 0.009569 0.990327 0.000061
3 3 0.000088 0.000068 0.022401 0.977306 0.000137
3 3 0.000173 0.000065 0.013032 0.986310 0.000421
3 3 0.000027 0.000027 0.019227 0.980667 0.000051
3 3 0.000229 0.000131 0.021723 0.977474 0.000443
3 3 0.012582 0.001286 0.033160 0.947914 0.005058
3 3 0.000282 0.000245 0.047558 0.951677 0.000238
3 3 0.000183 0.000169 0.054359 0.944942 0.000347
3 3 0.000067 0.000211 0.097815 0.901302 0.000605
3 3 0.000126 0.000076 0.019321 0.980290 0.000187
3 3 0.000062 0.000014 0.005112 0.994602 0.000210
3 3 0.000007 0.000001 0.001973 0.998011 0.000008
3 3 0.000149 0.000047 0.024989 0.974730 0.000085
3 3 0.000003 0.000003 0.008641 0.991347 0.000005
3 3 0.000024 0.000006 0.003774 0.996150 0.000046
3 3 0.002562 0.003359 0.261507 0.723515 0.009058
3 3 0.073210 0.015097 0.279922 0.618859 0.012912
3 3 0.006730 0.001533 0.089941 0.900491 0.001306
3 3 0.007440 0.000352 0.010908 0.978871 0.002429
3 3 0.012504 0.004797 0.126256 0.845559 0.010883
2 3 0.039547 0.033569 0.498628 0.415440 0.012817
3 3 0.005232 0.002400 0.128806 0.862031 0.001531
3 3 0.000090 0.000186 0.080544 0.919129 0.000052
3 3 0.000185 0.000062 0.012494 0.986673 0.000587
3 3 0.000133 0.000080 0.020309 0.978358 0.001119
3 3 0.000165 0.000062 0.012651 0.986768 0.000354
3 3 0.000025 0.000051 0.044139 0.955626 0.000158
3 3 0.000453 0.000525 0.121119 0.877507 0.000395
3 3 0.000044 0.000455 0.292124 0.707254 0.000123
2 3 0.003082 0.006691 0.527628 0.458788 0.003810
3 3 0.000020 0.000024 0.025877 0.974053 0.000025
3 3 0.000017 0.000088 0.166607 0.833248 0.000040
2 3 0.000164 0.003568 0.677715 0.315115 0.003438
3 3 0.000010 0.000162 0.285277 0.714498 0.000052
3 3 0.000022 0.000373 0.362593 0.636922 0.000090
3 3 0.003429 0.001622 0.047632 0.941299 0.006017
3 2 0.005892 0.018722 0.326482 0.410019 0.238884
3 2 0.021545 0.032720 0.258613 0.546706 0.140417
4 2 0.013368 0.066719 0.335853 0.120611 0.463448
2 2 0.010357 0.036885 0.395829 0.345074 0.211855
3 2 0.017062 0.008432 0.086630 0.860267 0.027609
3 2 0.003647 0.000684 0.017787 0.974051 0.003831
3 2 0.001301 0.002153 0.138556 0.827868 0.030121
3 3 0.000699 0.001023 0.097081 0.895797 0.005401
3 3 0.007374 0.012248 0.236114 0.699251 0.045014
2 3 0.000940 0.007069 0.500968 0.481697 0.009326
3 3 0.002656 0.004597 0.335839 0.638598 0.018310
3 3 0.000018 0.000086 0.106523 0.893356 0.000017
3 3 0.000116 0.000924 0.307301 0.690925 0.000734
3 3 0.000559 0.001196 0.137223 0.860302 0.000720
2 3 0.332203 0.253407 0.373664 0.005901 0.034824
0 3 0.717305 0.153341 0.105738 0.002689 0.020926
0 3 0.479835 0.168309 0.316074 0.022364 0.013418
2 3 0.284827 0.337078 0.338214 0.009626 0.030255
2 3 0.175435 0.195901 0.525372 0.072722 0.030570
3 3 0.074140 0.082067 0.408846 0.413669 0.021278
0 3 0.770610 0.122769 0.048623 0.002165 0.055835
0 3 0.919834 0.029408 0.004161 0.000133 0.046464
0 0 0.655476 0.199355 0.110197 0.002238 0.032734
2 2 0.214396 0.166397 0.484124 0.106893 0.028190
2 1 0.140448 0.290242 0.337349 0.018763 0.213197
0 1 0.535073 0.146080 0.102939 0.054729 0.161179
1 1 0.216641 0.403057 0.282596 0.012509 0.085196
1 1 0.118390 0.428360 0.411894 0.006273 0.035083
0 1 0.332255 0.302144 0.222528 0.022436 0.120636
0 1 0.329498 0.105133 0.210409 0.276356 0.078604
0 1 0.618939 0.218475 0.112733 0.002685 0.047167
1 1 0.329246 0.335602 0.277227 0.010173 0.047751
0 1 0.410394 0.244375 0.198016 0.037448 0.109767
0 1 0.284787 0.178922 0.268303 0.187911 0.080077
2 1 0.267727 0.263381 0.304914 0.077211 0.086768
0 1 0.418129 0.143292 0.174802 0.160693 0.103084
0 1 0.487372 0.220574 0.177938 0.027748 0.086368
0 1 0.319087 0.161372 0.205961 0.199467 0.114113
0 1 0.555760 0.286694 0.092777 0.000904 0.063866
0 0 0.826624 0.091078 0.067143 0.002170 0.012984
0 0 0.835325 0.052297 0.038360 0.021137 0.052881
0 0 0.750866 0.178912 0.044145 0.000135 0.025942
0 0 0.570209 0.220537 0.168767 0.006261 0.034226
1 1 0.223897 0.442106 0.323349 0.000629 0.010018
0 1 0.601282 0.204423 0.169015 0.004151 0.021130
0 1 0.781438 0.101636 0.080271 0.007965 0.028691
0 1 0.791054 0.114935 0.074849 0.001962 0.017200
0 1 0.658824 0.188158 0.124742 0.002836 0.025440
0 1 0.723884 0.139447 0.107637 0.004924 0.024109
0 1 0.598747 0.150681 0.189801 0.030423 0.030348
0 1 0.560982 0.062650 0.251508 0.108983 0.015878
0 1 0.609486 0.179010 0.192586 0.005356 0.013563
0 1 0.398644 0.286658 0.291654 0.005188 0.017857
2 1 0.042416 0.370560 0.584747 0.000558 0.001718
2 1 0.119536 0.165797 0.691533 0.020141 0.002993
0 1 0.684039 0.180022 0.085242 0.002527 0.048169
0 1 0.662880 0.143393 0.137667 0.018293 0.037767
0 1 0.508453 0.361086 0.111415 0.000120 0.018927
1 1 0.294461 0.480936 0.211424 0.000180 0.012999
1 1 0.247172 0.394637 0.342908 0.001767 0.013516
0 1 0.722993 0.141476 0.119180 0.001851 0.014500
0 0 0.782892 0.142563 0.059166 0.000353 0.015025
0 0 0.918684 0.048710 0.021598 0.000446 0.010562
0 0 0.932633 0.032161 0.020808 0.002204 0.012194
0 0 0.927562 0.038984 0.027080 0.000811 0.005563
0 0 0.916713 0.042904 0.036219 0.000717 0.003447
2 0 0.359035 0.155958 0.467596 0.014587 0.002825
0 0 0.756141 0.128778 0.108830 0.000803 0.005448
0 0 0.863861 0.071142 0.058934 0.000932 0.005131
0 0 0.861705 0.067750 0.056700 0.002920 0.010924
0 0 0.910583 0.051651 0.031385 0.000502 0.005879
0 0 0.916371 0.054880 0.023856 0.000126 0.004768
0 0 0.969880 0.015385 0.009172 0.000661 0.004902
0 0 0.956414 0.024915 0.014139 0.000355 0.004177
0 0 0.747730 0.135464 0.109572 0.000856 0.006379
0 0 0.825457 0.114458 0.053483 0.000169 0.006433
0 0 0.926083 0.048438 0.019363 0.000142 0.005974
0 0 0.939407 0.040915 0.013641 0.000087 0.005950
0 0 0.827625 0.100250 0.060245 0.000861 0.011020
0 0 0.724105 0.148495 0.112054 0.001917 0.013429
0 0 0.748108 0.145234 0.085673 0.001527 0.019458
0 0 0.690154 0.161007 0.136587 0.001841 0.010412
0 1 0.703611 0.136399 0.148913 0.003041 0.008037
0 1 0.889757 0.043703 0.049925 0.007465 0.009151
0 1 0.880856 0.060534 0.051616 0.001287 0.005706
0 1 0.970390 0.018127 0.006793 0.000128 0.004563
0 1 0.909402 0.049291 0.028653 0.001171 0.011484
0 1 0.891766 0.055735 0.044039 0.001427 0.007033
0 1 0.883003 0.064144 0.045379 0.000861 0.006613
0 1 0.918424 0.046822 0.028210 0.000530 0.006013
0 1 0.800971 0.112122 0.075585 0.001055 0.010268
0 1 0.782805 0.102143 0.106106 0.002295 0.006651
0 1 0.861510 0.077316 0.055829 0.000530 0.004815
0 0 0.939007 0.038131 0.019022 0.000160 0.003680
0 0 0.903178 0.045663 0.033706 0.003429 0.014024
0 1 0.904468 0.065822 0.021407 0.000101 0.008202
0 1 0.663139 0.237741 0.087191 0.000131 0.011798
0 1 0.855643 0.084488 0.039859 0.000964 0.019047
1 1 0.333459 0.484674 0.167026 0.000101 0.014740
0 1 0.807986 0.115228 0.038441 0.000740 0.037605
0 0 0.844685 0.087759 0.048334 0.001397 0.017825
0 0 0.690204 0.183790 0.117180 0.000509 0.008317
1 0 0.259852 0.371013 0.354911 0.002110 0.012115
0 0 0.751881 0.089559 0.107430 0.025985 0.025144
0 1 0.617722 0.239984 0.125868 0.000607 0.015818
0 1 0.556987 0.246121 0.175363 0.002098 0.019431
0 1 0.525530 0.295073 0.164843 0.000556 0.013998
0 0 0.695260 0.155506 0.131887 0.002975 0.014372
0 0 0.770467 0.098654 0.102025 0.010165 0.018689
0 0 0.879462 0.064574 0.025438 0.001164 0.029361
0 0 0.810401 0.106903 0.046267 0.001559 0.034870
0 1 0.870231 0.068123 0.029009 0.001570 0.031067
0 1 0.823951 0.077426 0.052686 0.008409 0.037527
0 1 0.608493 0.194868 0.171261 0.004918 0.020460
0 1 0.538198 0.227621 0.202518 0.006381 0.025281
0 1 0.394168 0.308921 0.272078 0.003973 0.020860
0 1 0.394419 0.310478 0.255891 0.005957 0.033256
2 1 0.099123 0.443277 0.449771 0.000976 0.006853
2 1 0.073713 0.397627 0.518783 0.002488 0.007389
2 1 0.108738 0.235227 0.616966 0.031343 0.007726
0 1 0.725118 0.165696 0.097185 0.000647 0.011354
0 1 0.692075 0.187335 0.110930 0.000462 0.009197
0 1 0.711247 0.206836 0.066152 0.000137 0.015628
0 0 0.735868 0.117809 0.104802 0.011471 0.030049
0 1 0.815237 0.109676 0.054932 0.001027 0.019128
0 1 0.730018 0.177578 0.078195 0.000339 0.013870
0 1 0.577055 0.232082 0.161106 0.003135 0.026621
2 1 0.258480 0.323571 0.392998 0.007841 0.017110
1 1 0.182529 0.455988 0.348864 0.000887 0.011732
1 1 0.290026 0.381080 0.309353 0.002110 0.017431
2 1 0.320943 0.267803 0.395681 0.005524 0.010050
0 1 0.404221 0.310682 0.273027 0.001485 0.010585
0 1 0.804177 0.104815 0.080389 0.001400 0.009219
0 1 0.734636 0.165598 0.072725 0.000868 0.026174
0 1 0.694216 0.181283 0.107899 0.001020 0.015582
0 1 0.429768 0.284965 0.270214 0.002517 0.012536
0 1 0.616277 0.227868 0.138697 0.001022 0.016137
0 1 0.536566 0.242974 0.193393 0.003853 0.023214
1 1 0.302208 0.446484 0.239694 0.000287 0.011327
0 1 0.637451 0.219688 0.116866 0.001262 0.024733
0 1 0.814811 0.128196 0.034606 0.000169 0.022217
0 1 0.374919 0.325421 0.283084 0.002180 0.014396
2 1 0.176299 0.382777 0.424385 0.003571 0.012970
0 1 0.423172 0.221087 0.305839 0.025006 0.024896
0 1 0.532888 0.245603 0.196187 0.003536 0.021785
0 1 0.427493 0.241370 0.311636 0.007091 0.012411
0 1 0.620490 0.169068 0.169543 0.012681 0.028219
0 1 0.357157 0.270525 0.349481 0.008331 0.014506
0 1 0.468296 0.286990 0.212888 0.003722 0.028104
0 1 0.583505 0.244167 0.141555 0.001948 0.028825
0 1 0.821727 0.071847 0.054257 0.012907 0.039261
0 1 0.889956 0.050111 0.031587 0.004325 0.024021
0 1 0.658419 0.212781 0.095702 0.001098 0.032000
0 1 0.388879 0.387610 0.190673 0.001046 0.031793
0 1 0.906218 0.040043 0.020225 0.003344 0.030170
0 1 0.856343 0.052797 0.045153 0.015353 0.030355
0 1 0.360247 0.278948 0.317201 0.014772 0.028832
2 1 0.297812 0.334953 0.347952 0.004030 0.015253
0 1 0.388666 0.378709 0.209216 0.000925 0.022483
0 1 0.691044 0.217016 0.071452 0.000212 0.020276
0 1 0.711596 0.154081 0.106529 0.003376 0.024417
0 1 0.483906 0.348232 0.147796 0.000353 0.019713
0 1 0.470101 0.337173 0.172643 0.000633 0.019451
0 1 0.613554 0.153157 0.166615 0.027516 0.039159
0 1 0.855615 0.087772 0.026408 0.000438 0.029766
0 1 0.877762 0.052908 0.014557 0.000993 0.053781
0 1 0.595783 0.212411 0.086768 0.004212 0.100827
1 1 0.298980 0.416873 0.225601 0.002999 0.055548
0 1 0.592375 0.170619 0.145015 0.025630 0.066361
1 1 0.313087 0.341566 0.296914 0.008974 0.039459
0 1 0.702956 0.208598 0.055765 0.000222 0.032459
0 1 0.700494 0.138873 0.066676 0.007017 0.086940
0 1 0.679986 0.189316 0.101438 0.001634 0.027626
0 1 0.954784 0.018188 0.008303 0.001592 0.017133
0 1 0.603952 0.187185 0.187082 0.005436 0.016345
0 1 0.760459 0.118924 0.107181 0.002708 0.010727
2 1 0.311138 0.287754 0.377370 0.008787 0.014951
0 1 0.410941 0.298687 0.270394 0.003220 0.016757
0 1 0.616632 0.230517 0.119278 0.001630 0.031943
0 1 0.532119 0.252936 0.195434 0.002247 0.017264
0 1 0.630589 0.234915 0.103684 0.000893 0.029919
0 1 0.537337 0.322061 0.126624 0.000174 0.013805
0 1 0.636848 0.215117 0.128144 0.001215 0.018676
1 1 0.194958 0.467580 0.331984 0.000219 0.005259
2 1 0.223731 0.355245 0.413143 0.001552 0.006329
2 1 0.062748 0.403586 0.529064 0.000915 0.003686
1 1 0.321907 0.409643 0.245366 0.001101 0.021983
1 1 0.186402 0.479615 0.319434 0.000711 0.013838
0 1 0.396764 0.319706 0.256090 0.003531 0.023910
1 1 0.317040 0.386539 0.268823 0.002223 0.025375
2 1 0.102925 0.428593 0.462949 0.000697 0.004836
1 1 0.102703 0.481780 0.411072 0.000267 0.004178
1 1 0.119387 0.479116 0.393952 0.000509 0.007036
0 1 0.721801 0.156656 0.093626 0.002276 0.025642
0 1 0.603563 0.239728 0.139303 0.000890 0.016516
1 1 0.181754 0.479492 0.317501 0.001189 0.020063
2 1 0.066903 0.385608 0.538034 0.002717 0.006738
2 1 0.026973 0.216782 0.726225 0.023294 0.006727
2 1 0.003409 0.041255 0.782056 0.171472 0.001808
2 1 0.001206 0.016500 0.816934 0.164858 0.000504
2 1 0.001268 0.003894 0.884584 0.110102 0.000152
2 2 0.000346 0.002455 0.898881 0.098278 0.000040
2 2 0.000073 0.001030 0.912833 0.086055 0.000008
2 2 0.000448 0.002125 0.883448 0.113933 0.000046
2 2 0.001556 0.003929 0.801136 0.193264 0.000115
2 2 0.000390 0.004445 0.915512 0.079578 0.000075
2 2 0.000531 0.006201 0.967317 0.025895 0.000057
2 2 0.000242 0.002473 0.879636 0.117612 0.000037
2 2 0.000024 0.000285 0.739415 0.260273 0.000003
2 2 0.000014 0.000234 0.615961 0.383788 0.000003
2 2 0.000020 0.002289 0.997156 0.000528 0.000007
2 2 0.000011 0.000552 0.979894 0.019542 0.000002
2 2 0.012604 0.016211 0.932608 0.037835 0.000742
2 2 0.000172 0.001827 0.918679 0.079294 0.000029
2 2 0.001757 0.005017 0.865656 0.127384 0.000186
2 2 0.029770 0.077485 0.891838 0.000407 0.000500
1 0 0.184919 0.498088 0.301953 0.000554 0.014486
0 0 0.637480 0.283739 0.028879 0.000017 0.049885
0 0 0.653351 0.238013 0.023362 0.000036 0.085239
0 1 0.855351 0.075202 0.036592 0.002128 0.030727
2 1 0.009241 0.081331 0.706163 0.163824 0.039441
2 1 0.002919 0.068939 0.738008 0.060190 0.129944
2 2 0.000091 0.001792 0.595085 0.402760 0.000272
2 2 0.000016 0.002365 0.984450 0.013121 0.000048
2 2 0.000042 0.001449 0.959599 0.038895 0.000015
2 2 0.000189 0.009451 0.921377 0.068750 0.000232
2 2 0.000105 0.003953 0.814919 0.180629 0.000394
2 2 0.000013 0.002214 0.971921 0.025642 0.000211
2 2 0.000001 0.000315 0.961826 0.037846 0.000012
2 2 0.000005 0.000443 0.804144 0.195366 0.000042
2 2 0.000593 0.007094 0.612237 0.373447 0.006630
2 2 0.000194 0.005306 0.770918 0.222551 0.001031
3 3 0.000019 0.000214 0.255784 0.743959 0.000025
3 3 0.000031 0.000083 0.069318 0.930547 0.000021
3 3 0.000003 0.000011 0.040828 0.959154 0.000003
3 3 0.000129 0.000169 0.050436 0.949162 0.000104
3 3 0.000436 0.000151 0.017087 0.981997 0.000329
3 3 0.000234 0.000704 0.172382 0.825324 0.001355
3 3 0.000008 0.000021 0.037894 0.962062 0.000015
3 3 0.000129 0.000200 0.057910 0.941475 0.000285
3 3 0.003807 0.000906 0.077369 0.916395 0.001523
2 3 0.055417 0.031244 0.598723 0.302175 0.012442
0 0 0.781222 0.101977 0.052013 0.005695 0.059093
0 0 0.838431 0.069230 0.012229 0.000381 0.079729
0 1 0.519755 0.071816 0.211828 0.143619 0.052980
3 1 0.037222 0.061883 0.337032 0.518247 0.045617
2 1 0.005143 0.049207 0.721289 0.215489 0.008873
2 1 0.000003 0.000711 0.947536 0.051742 0.000009
2 2 0.000005 0.000342 0.840692 0.158956 0.000005
2 2 0.000034 0.001183 0.693540 0.305176 0.000067
2 2 0.000479 0.010347 0.846278 0.142412 0.000484
2 2 0.000040 0.001367 0.691934 0.306611 0.000049
3 2 0.000040 0.000706 0.475889 0.523308 0.000058
3 2 0.000066 0.000897 0.420179 0.578647 0.000211
3 2 0.000018 0.000314 0.370785 0.628779 0.000105
2 2 0.000016 0.000671 0.659733 0.339475 0.000106
3 2 0.000147 0.000315 0.089614 0.909662 0.000262
3 2 0.000010 0.000077 0.137808 0.862085 0.000020
3 2 0.000009 0.000056 0.110231 0.889618 0.000086
3 2 0.000250 0.000271 0.103180 0.896078 0.000222
3 2 0.000027 0.000067 0.053781 0.945390 0.000735
3 2 0.000059 0.000017 0.006419 0.993260 0.000245
3 3 0.000004 0.000001 0.001566 0.998413 0.000016
3 3 0.000022 0.000003 0.001821 0.998129 0.000026
3 3 0.001101 0.000114 0.005877 0.992069 0.000838
3 3 0.000144 0.000034 0.006893 0.992739 0.000191
3 3 0.000039 0.000005 0.002157 0.997756 0.000043
3 3 0.000060 0.000013 0.004690 0.995154 0.000083
3 3 0.000033 0.000017 0.009369 0.990505 0.000076
3 3 0.001009 0.000063 0.005186 0.993191 0.000551
3 3 0.001194 0.000063 0.005525 0.992516 0.000702
3 3 0.000035 0.000002 0.000958 0.998967 0.000037
3 3 0.000118 0.000006 0.001382 0.998324 0.000169
3 3 0.000094 0.000003 0.000587 0.999264 0.000053
3 3 0.000003 0.000000 0.000720 0.999272 0.000004
3 3 0.000015 0.000002 0.001440 0.998525 0.000018
3 3 0.000038 0.000004 0.001884 0.998033 0.000040
3 3 0.000053 0.000010 0.003520 0.996350 0.000067
3 3 0.000047 0.000005 0.001816 0.998086 0.000046
3 3 0.000182 0.000008 0.001185 0.998516 0.000108
3 3 0.000098 0.000050 0.019147 0.980540 0.000166
3 3 0.000106 0.000047 0.012534 0.987119 0.000194
3 3 0.000109 0.000012 0.002639 0.997101 0.000139
3 3 0.000098 0.000005 0.001057 0.998767 0.000073
3 3 0.000022 0.000002 0.001325 0.998624 0.000027
3 3 0.000026 0.000012 0.008213 0.991608 0.000141
3 3 0.000011 0.000006 0.006996 0.992934 0.000053
3 3 0.000004 0.000001 0.001031 0.998958 0.000006
3 3 0.000041 0.000004 0.001790 0.998123 0.000042
3 3 0.000330 0.000005 0.000414 0.999143 0.000109
3 3 0.000626 0.000011 0.000788 0.998251 0.000324
3 3 0.000153 0.000007 0.001173 0.998572 0.000094
3 3 0.000129 0.000004 0.000746 0.999053 0.000068
3 3 0.000035 0.000001 0.000423 0.999521 0.000020
3 3 0.000018 0.000003 0.001980 0.997977 0.000023
3 3 0.000016 0.000002 0.001658 0.998304 0.000020
3 3 0.000003 0.000001 0.002636 0.997352 0.000008
3 3 0.000065 0.000037 0.014225 0.985405 0.000268
3 3 0.000131 0.000010 0.001829 0.997921 0.000109
3 3 0.000320 0.000023 0.002516 0.996913 0.000228
3 3 0.000042 0.000002 0.000648 0.999281 0.000027
3 3 0.000057 0.000001 0.000149 0.999774 0.000019
3 3 0.000087 0.000002 0.000337 0.999538 0.000036
3 3 0.000021 0.000000 0.000142 0.999829 0.000008
3 3 0.000052 0.000002 0.000584 0.999332 0.000031
3 3 0.000007 0.000000 0.000370 0.999618 0.000005
3 3 0.000009 0.000000 0.000125 0.999862 0.000004
3 3 0.000202 0.000012 0.001661 0.997991 0.000135
3 3 0.000017 0.000000 0.000254 0.999719 0.000009
3 3 0.000156 0.000002 0.000291 0.999498 0.000053
3 3 0.000044 0.000006 0.002223 0.997680 0.000048
3 3 0.000180 0.000061 0.011108 0.988374 0.000277
3 3 0.000053 0.000005 0.001645 0.998249 0.000048
3 3 0.000068 0.000015 0.004991 0.994831 0.000094
3 3 0.000071 0.000003 0.000822 0.999054 0.000050
3 3 0.000025 0.000002 0.001064 0.998886 0.000023
3 3 0.000129 0.000103 0.027311 0.971171 0.001286
3 3 0.003976 0.001822 0.114797 0.873060 0.006346
2 3 0.074511 0.031228 0.617223 0.267156 0.009882
2 3 0.020960 0.036523 0.771424 0.168765 0.002328
3 2 0.051235 0.076789 0.273754 0.360425 0.237797
3 2 0.003001 0.004099 0.147703 0.841783 0.003414
3 2 0.000479 0.002126 0.253868 0.733085 0.010443
3 2 0.001026 0.004497 0.315325 0.643035 0.036117
3 2 0.038348 0.016629 0.094927 0.738968 0.111128
4 2 0.028898 0.049473 0.225053 0.277801 0.418774
3 2 0.061769 0.066233 0.207324 0.384618 0.280056
3 2 0.085592 0.034825 0.099035 0.547385 0.233163
4 2 0.012662 0.050424 0.059912 0.010998 0.866004
4 2 0.022796 0.068837 0.079385 0.020757 0.808224
4 2 0.069322 0.158139 0.297099 0.160899 0.314542
4 2 0.029158 0.184522 0.160428 0.015897 0.609996
4 2 0.089944 0.159380 0.158629 0.081498 0.510548
4 2 0.029903 0.208735 0.238106 0.025338 0.497918
4 2 0.068907 0.226843 0.196328 0.045060 0.462862
4 2 0.026062 0.198444 0.166501 0.012975 0.596018
4 2 0.018800 0.140566 0.128108 0.010277 0.702249
4 2 0.015211 0.077035 0.082533 0.011046 0.814174
4 2 0.025536 0.106553 0.145288 0.029722 0.692901
4 2 0.052094 0.263648 0.243697 0.033515 0.407046
4 2 0.009959 0.161627 0.131997 0.003880 0.692537
4 2 0.034095 0.129660 0.128382 0.024701 0.683161
4 2 0.036331 0.056137 0.077890 0.051072 0.778570
4 2 0.031761 0.078157 0.089658 0.030490 0.769933
4 2 0.013280 0.053127 0.062499 0.011398 0.859695
4 1 0.031681 0.048549 0.063858 0.040296 0.815616
4 1 0.006707 0.058979 0.062664 0.004123 0.867527
4 1 0.014074 0.109167 0.104536 0.008026 0.764196
4 1 0.116029 0.105527 0.120663 0.147513 0.510268
4 1 0.031107 0.058137 0.072527 0.035330 0.802900
4 1 0.353158 0.133836 0.041652 0.001431 0.469922
1 1 0.131343 0.335439 0.234752 0.016628 0.281838
4 1 0.147719 0.086806 0.104753 0.225361 0.435360
4 1 0.138210 0.230555 0.202092 0.111254 0.317889
4 1 0.176729 0.225044 0.196262 0.152839 0.249126
2 1 0.045763 0.174587 0.529588 0.200209 0.049853
2 1 0.026813 0.184876 0.469613 0.081180 0.237519
4 1 0.026291 0.199427 0.180338 0.014496 0.579449
2 1 0.024237 0.207550 0.368747 0.038897 0.360570
2 2 0.003848 0.144956 0.626395 0.016291 0.208511
4 2 0.056902 0.158094 0.102824 0.006803 0.675377
4 2 0.012687 0.266522 0.254510 0.003251 0.463028
0 2 0.605977 0.159444 0.098028 0.015371 0.121179
1 2 0.195870 0.361487 0.233305 0.019582 0.189756
0 2 0.380677 0.278176 0.212113 0.026301 0.102733
0 2 0.483218 0.216861 0.138200 0.015822 0.145898
4 2 0.097627 0.347639 0.113261 0.000632 0.440842
4 2 0.062731 0.145129 0.128346 0.028931 0.634863
4 2 0.053380 0.136914 0.125875 0.028165 0.655666
4 2 0.023265 0.064344 0.075822 0.022230 0.814338
0 2 0.573354 0.142216 0.034290 0.000559 0.249582
0 2 0.690915 0.158486 0.070371 0.004237 0.075991
0 2 0.481556 0.224399 0.169466 0.026743 0.097836
0 1 0.686899 0.222790 0.049315 0.000165 0.040832
0 0 0.608022 0.189672 0.166062 0.007878 0.028367
0 0 0.877269 0.066836 0.033579 0.001498 0.020818
0 1 0.727953 0.199198 0.038885 0.000090 0.033874
0 1 0.643984 0.244274 0.077673 0.000372 0.033697
0 1 0.718252 0.214120 0.049411 0.000060 0.018158
0 1 0.491097 0.327899 0.166938 0.000381 0.013685
0 1 0.553100 0.249688 0.138572 0.004184 0.054456
1 1 0.371366 0.415935 0.175792 0.000753 0.036154
1 1 0.352915 0.484309 0.140438 0.000106 0.022233
0 1 0.792244 0.102444 0.051872 0.004267 0.049174
0 1 0.662222 0.225326 0.058676 0.000401 0.053375
1 1 0.388635 0.405279 0.149060 0.000929 0.056096
1 1 0.265958 0.437288 0.259553 0.002018 0.035183
0 1 0.492592 0.350147 0.102228 0.000470 0.054562
0 1 0.566326 0.219391 0.101855 0.006623 0.105806
0 1 0.447691 0.180234 0.058754 0.003225 0.310097
0 1 0.402765 0.386429 0.055204 0.000060 0.155542
1 1 0.338041 0.440077 0.075718 0.000074 0.146091
0 1 0.719186 0.124499 0.052769 0.003860 0.099686
0 1 0.875102 0.043393 0.010760 0.000759 0.069986
0 1 0.923618 0.021633 0.004645 0.000628 0.049476
0 1 0.846440 0.094528 0.015398 0.000106 0.043527
0 1 0.893328 0.076077 0.010993 0.000026 0.019576
0 0 0.677846 0.227017 0.055455 0.000212 0.039470
0 0 0.437068 0.372130 0.122459 0.000896 0.067447
0 1 0.734904 0.106351 0.028296 0.002197 0.128252
4 1 0.116651 0.332677 0.159097 0.001007 0.390568
4 1 0.051333 0.157646 0.125065 0.015397 0.650559
4 1 0.114988 0.099392 0.075403 0.018936 0.691282
4 1 0.289181 0.060856 0.047445 0.040575 0.561943
3 1 0.219506 0.059298 0.073985 0.405961 0.241250
0 1 0.388187 0.179634 0.115004 0.067541 0.249634
4 4 0.273882 0.098190 0.083540 0.086520 0.457869
4 4 0.362040 0.061983 0.051418 0.075096 0.449464
4 4 0.107030 0.047391 0.046360 0.032843 0.766376
4 4 0.234197 0.050064 0.055420 0.150603 0.509716
4 4 0.260660 0.033839 0.030302 0.044525 0.630673
4 4 0.119776 0.096900 0.055344 0.005277 0.722703
4 4 0.073483 0.071749 0.052770 0.008275 0.793723
4 4 0.096194 0.185444 0.175712 0.080735 0.461915
4 4 0.161689 0.238618 0.158180 0.016849 0.424664
4 4 0.045972 0.372403 0.193323 0.000773 0.387530
1 4 0.266300 0.426626 0.146666 0.001247 0.159161
0 4 0.700931 0.190315 0.043480 0.000383 0.064890
0 4 0.331244 0.327789 0.113653 0.002429 0.224885
0 4 0.713092 0.117476 0.036459 0.002048 0.130926
0 4 0.941908 0.022082 0.003630 0.000145 0.032235
0 4 0.728305 0.160477 0.036015 0.000484 0.074720
0 4 0.498767 0.337239 0.068847 0.000345 0.094801
4 4 0.105336 0.200027 0.187454 0.030333 0.476850
4 4 0.186859 0.262049 0.153041 0.004882 0.393169
4 4 0.169385 0.208968 0.166947 0.033997 0.420703
4 4 0.022600 0.207825 0.123462 0.001403 0.644710
4 4 0.145755 0.072721 0.042197 0.005599 0.733728
4 4 0.048304 0.037235 0.041555 0.023370 0.849536
4 4 0.042584 0.035112 0.050378 0.063741 0.808185
4 4 0.289955 0.057596 0.029632 0.005775 0.617042
4 4 0.026880 0.056705 0.070271 0.029282 0.816863
4 4 0.053082 0.042428 0.060509 0.088645 0.755336
4 4 0.058601 0.164272 0.142332 0.020642 0.614154
2 1 0.022429 0.074016 0.443890 0.307680 0.151986
2 1 0.000367 0.006672 0.706424 0.276239 0.010297
2 2 0.000052 0.002513 0.813020 0.182227 0.002188
2 2 0.000034 0.001952 0.867571 0.130114 0.000329
2 2 0.000320 0.006079 0.716875 0.275927 0.000798
3 2 0.000830 0.005401 0.486074 0.503080 0.004616
2 2 0.000061 0.003942 0.883943 0.111405 0.000648
2 2 0.000080 0.003914 0.842622 0.152804 0.000580
2 2 0.000005 0.001748 0.975936 0.022194 0.000117
2 2 0.000047 0.006461 0.955501 0.036784 0.001207
2 2 0.000004 0.001629 0.974199 0.024027 0.000140
2 2 0.000004 0.000676 0.901741 0.097478 0.000101
2 2 0.000031 0.003707 0.940408 0.054800 0.001054
2 2 0.000025 0.002639 0.915801 0.081121 0.000414
2 2 0.000004 0.001029 0.952551 0.046157 0.000259
2 2 0.000020 0.000844 0.697181 0.301852 0.000103
2 2 0.000369 0.003800 0.503858 0.481288 0.010684
2 2 0.000044 0.001316 0.674164 0.324130 0.000346
2 2 0.000051 0.004257 0.913642 0.080837 0.001212
2 2 0.000035 0.004873 0.974585 0.019618 0.000889
2 2 0.000029 0.005627 0.990496 0.003598 0.000250
2 2 0.000017 0.001912 0.912236 0.085692 0.000143
2 2 0.001048 0.011391 0.694740 0.287372 0.005450
2 2 0.000488 0.013481 0.931745 0.051329 0.002957
2 2 0.001327 0.007052 0.564029 0.426172 0.001421
2 2 0.000871 0.007099 0.844383 0.146090 0.001556
2 2 0.014494 0.045967 0.840047 0.094940 0.004552
0 2 0.545296 0.353654 0.070922 0.000061 0.030067
1 2 0.304669 0.475191 0.195125 0.000368 0.024648
1 2 0.251885 0.374531 0.345251 0.002057 0.026277
1 2 0.209344 0.432349 0.280590 0.006043 0.071674
2 2 0.007732 0.121710 0.821384 0.035773 0.013401
3 2 0.204153 0.127666 0.238311 0.260117 0.169753
3 2 0.143177 0.095719 0.149941 0.328589 0.282574
2 2 0.112010 0.274238 0.316499 0.119901 0.177353
2 2 0.166050 0.302432 0.322721 0.079181 0.129615
3 1 0.041656 0.073436 0.358810 0.473155 0.052943
2 1 0.000564 0.038533 0.914892 0.029619 0.016391
2 1 0.000001 0.000643 0.979451 0.019801 0.000104
2 2 0.000003 0.001278 0.987845 0.010790 0.000084
2 2 0.000002 0.001189 0.983741 0.014954 0.000115
2 2 0.000102 0.003194 0.950397 0.046097 0.000210
2 2 0.000032 0.005214 0.980044 0.014372 0.000338
2 2 0.000140 0.005598 0.930523 0.063444 0.000296
2 2 0.000082 0.007797 0.942004 0.048805 0.001311
2 2 0.000001 0.000520 0.984402 0.015052 0.000024
2 2 0.001803 0.013133 0.635032 0.347730 0.002301
2 2 0.000148 0.002254 0.548276 0.448722 0.000600
2 2 0.000009 0.001408 0.957590 0.040907 0.000087
2 2 0.000033 0.004779 0.956997 0.038009 0.000181
2 2 0.003165 0.010206 0.942400 0.043840 0.000390
2 2 0.000627 0.003071 0.827041 0.169140 0.000121
3 2 0.000033 0.000453 0.418881 0.580610 0.000023
2 2 0.000008 0.002132 0.966136 0.031620 0.000104
2 2 0.000046 0.004106 0.921137 0.074424 0.000287
2 2 0.000312 0.004447 0.690419 0.304392 0.000430
2 2 0.000183 0.009924 0.975938 0.013631 0.000324
2 2 0.000129 0.011467 0.955327 0.032537 0.000540
2 2 0.000131 0.005429 0.852287 0.141803 0.000350
2 2 0.000083 0.001811 0.614943 0.382967 0.000196
3 2 0.000064 0.000397 0.201337 0.797935 0.000268
2 2 0.003841 0.012003 0.555772 0.425323 0.003060
2 2 0.201037 0.135170 0.624908 0.020201 0.018685
0 2 0.571748 0.167218 0.249132 0.001413 0.010489
2 2 0.305321 0.269707 0.396845 0.013100 0.015026
0 2 0.698049 0.101519 0.076389 0.024800 0.099244
0 0 0.926878 0.030458 0.003911 0.000074 0.038679
0 0 0.599709 0.244522 0.053063 0.000550 0.102157
1 0 0.349977 0.440410 0.162572 0.000683 0.046358
2 0 0.035166 0.255501 0.638021 0.034301 0.037011
1 0 0.227044 0.383980 0.307284 0.013979 0.067713
2 0 0.198863 0.273312 0.327449 0.090236 0.110140
3 0 0.124420 0.055321 0.155255 0.592799 0.072204
0 0 0.620139 0.142178 0.120347 0.036699 0.080638
0 0 0.786388 0.057004 0.026655 0.015009 0.114944
0 1 0.481148 0.203008 0.083837 0.004078 0.227930
0 1 0.424984 0.295438 0.187886 0.010377 0.081315
2 1 0.154035 0.346278 0.387591 0.042766 0.069331
0 1 0.385407 0.263076 0.286445 0.022957 0.042116
0 1 0.788054 0.078194 0.045798 0.013867 0.074087
0 1 0.319710 0.244885 0.273138 0.073829 0.088438
3 1 0.213851 0.118567 0.168966 0.372201 0.126416
2 1 0.089476 0.253642 0.434651 0.159559 0.062672
2 1 0.117588 0.294915 0.363522 0.116314 0.107660
2 1 0.154994 0.348781 0.442162 0.020508 0.033556
3 1 0.188061 0.142975 0.283163 0.310903 0.074898
0 1 0.874715 0.039988 0.015077 0.004121 0.066100
0 1 0.538967 0.234851 0.129630 0.008454 0.088099
2 1 0.175801 0.345454 0.403041 0.028365 0.047340
1 1 0.234009 0.492575 0.250143 0.000615 0.022657
0 1 0.376141 0.238789 0.325159 0.029860 0.030051
0 1 0.542102 0.214313 0.214264 0.007615 0.021706
0 1 0.417105 0.189132 0.321830 0.048210 0.023723
2 1 0.207990 0.242131 0.479105 0.050990 0.019785
2 1 0.147813 0.351763 0.464218 0.013696 0.022510
0 1 0.347764 0.311085 0.308854 0.007395 0.024903
0 1 0.274950 0.272666 0.246211 0.068015 0.138158
1 1 0.211198 0.402753 0.289647 0.013104 0.083299
4 1 0.072781 0.175173 0.064873 0.000718 0.686455
4 1 0.021196 0.253888 0.144657 0.001116 0.579144
4 1 0.007968 0.112355 0.100513 0.003562 0.775602
4 1 0.017894 0.058043 0.068638 0.016398 0.839027
4 1 0.010364 0.032729 0.035346 0.004401 0.917159
4 4 0.001069 0.008529 0.010751 0.000460 0.979191
4 4 0.059895 0.034142 0.035213 0.018846 0.851904
4 4 0.044874 0.093208 0.104656 0.044192 0.713070
4 4 0.053098 0.008278 0.003513 0.000121 0.934990
4 4 0.007319 0.003513 0.002449 0.000105 0.986615
4 4 0.033532 0.041783 0.025913 0.001253 0.897520
4 4 0.121090 0.085171 0.055455 0.008799 0.729484
4 4 0.083046 0.033717 0.052420 0.184541 0.646277
4 4 0.030648 0.021110 0.032294 0.043811 0.872137
4 4 0.007751 0.026129 0.022740 0.001096 0.942285
4 4 0.022517 0.043872 0.030761 0.001557 0.901293
4 4 0.039189 0.098818 0.073118 0.005926 0.782949
4 4 0.032241 0.072760 0.085354 0.032491 0.777154
4 4 0.111438 0.101296 0.032109 0.000353 0.754804
4 4 0.037654 0.026888 0.011416 0.000189 0.923853
4 4 0.012953 0.185440 0.058764 0.000074 0.742769
1 4 0.018223 0.386434 0.377436 0.001641 0.216265
4 4 0.152153 0.106147 0.037123 0.000503 0.704073
4 4 0.156493 0.032723 0.014007 0.000879 0.795898
4 4 0.155885 0.049544 0.039593 0.019613 0.735366
4 4 0.008188 0.015090 0.014976 0.001451 0.960295
4 4 0.048362 0.019042 0.008445 0.000232 0.923918
4 4 0.025284 0.006452 0.004059 0.000304 0.963900
4 4 0.112521 0.080599 0.044733 0.003800 0.758348
4 4 0.022747 0.055317 0.062099 0.015609 0.844228
4 4 0.035515 0.051809 0.045491 0.007376 0.859809
4 4 0.005928 0.049398 0.054486 0.003852 0.886336
4 4 0.002274 0.055429 0.053355 0.000940 0.888001
4 4 0.011126 0.030017 0.023640 0.001066 0.934151
4 4 0.010162 0.028377 0.015487 0.000181 0.945793
4 4 0.012053 0.035892 0.027079 0.001065 0.923911
4 4 0.019152 0.063912 0.035130 0.000579 0.881227
4 4 0.013070 0.038412 0.021868 0.000338 0.926313
4 4 0.072836 0.153784 0.021461 0.000008 0.751911
4 4 0.034342 0.029790 0.024030 0.003340 0.908498
4 4 0.031816 0.036264 0.023584 0.001343 0.906993
4 4 0.137044 0.041451 0.023240 0.003041 0.795224
4 4 0.131831 0.049325 0.029880 0.004675 0.784289
4 4 0.012837 0.102407 0.087835 0.004238 0.792683
4 4 0.014305 0.172752 0.113313 0.002094 0.697535
4 4 0.037554 0.199859 0.172926 0.021402 0.568259
4 4 0.043940 0.132323 0.133137 0.034615 0.655985
4 4 0.020292 0.114953 0.112433 0.012948 0.739374
4 4 0.105853 0.117228 0.049014 0.001308 0.726598
4 4 0.276682 0.099471 0.062027 0.019912 0.541908
4 4 0.270890 0.088236 0.052045 0.013655 0.575173
4 4 0.100262 0.080341 0.066084 0.020346 0.732966
4 4 0.078597 0.133463 0.041142 0.000272 0.746526
4 4 0.012484 0.047523 0.049361 0.005651 0.884980
4 4 0.054944 0.031976 0.029158 0.009480 0.874442
4 4 0.046247 0.080174 0.022445 0.000073 0.851061
4 4 0.008468 0.069852 0.038511 0.000295 0.882873
4 4 0.048373 0.023471 0.018739 0.003750 0.905667
4 4 0.124207 0.048935 0.012202 0.000080 0.814576
4 4 0.043892 0.030660 0.013790 0.000308 0.911350
4 4 0.139996 0.035738 0.013041 0.000406 0.810819
4 4 0.258031 0.092697 0.042083 0.004055 0.603134
0 4 0.537282 0.074752 0.036091 0.012412 0.339462
4 4 0.101984 0.099552 0.084850 0.028813 0.684801
4 4 0.226409 0.094574 0.059273 0.015498 0.604246
4 4 0.168537 0.122921 0.101012 0.049304 0.558227
4 4 0.085202 0.285040 0.146221 0.005932 0.477605
4 4 0.059871 0.278249 0.151982 0.003002 0.506897
4 4 0.058600 0.211069 0.040249 0.000026 0.690056
4 4 0.042776 0.310203 0.124496 0.000520 0.522005
4 4 0.068070 0.288276 0.169293 0.006925 0.467435
4 4 0.260476 0.139447 0.066795 0.007261 0.526022
4 4 0.141623 0.168649 0.111251 0.019160 0.559318
4 4 0.196888 0.201476 0.139594 0.042142 0.419900
0 4 0.779661 0.070526 0.009944 0.000108 0.139761
0 0 0.841984 0.126800 0.014354 0.000007 0.016855
0 0 0.598539 0.277075 0.112324 0.000167 0.011896
0 0 0.518829 0.261711 0.213607 0.000488 0.005365
1 0 0.275910 0.405493 0.301852 0.001306 0.015438
0 0 0.530500 0.281133 0.169570 0.001022 0.017776
1 0 0.292741 0.449933 0.245483 0.000309 0.011535
1 0 0.256498 0.529346 0.203141 0.000087 0.010929
1 1 0.218081 0.519552 0.250049 0.000205 0.012113
1 1 0.300404 0.450186 0.196193 0.001327 0.051889
2 1 0.069372 0.328317 0.549196 0.030224 0.022890
2 1 0.063834 0.269891 0.506140 0.117200 0.042935
2 1 0.036408 0.217192 0.591437 0.112269 0.042693
2 1 0.007453 0.114321 0.774622 0.076913 0.026691
2 1 0.000706 0.025614 0.887966 0.080296 0.005418
2 1 0.001290 0.021605 0.931247 0.045419 0.000439
2 2 0.000007 0.000982 0.910574 0.088398 0.000039
2 2 0.003397 0.018024 0.887997 0.089335 0.001246
2 2 0.042503 0.357227 0.584722 0.000485 0.015064
1 2 0.125168 0.496861 0.316250 0.001423 0.060298
0 2 0.359515 0.333556 0.210890 0.010277 0.085762
2 2 0.062825 0.277989 0.500008 0.107406 0.051773
2 2 0.022031 0.098114 0.565628 0.271975 0.042252
2 2 0.000338 0.020734 0.916354 0.051777 0.010797
2 2 0.000003 0.000602 0.981703 0.017651 0.000040
2 2 0.000000 0.000048 0.999644 0.000307 0.000001
2 2 0.000000 0.000229 0.998621 0.001148 0.000001
2 2 0.000002 0.001117 0.996701 0.002162 0.000019
2 2 0.000000 0.000084 0.968179 0.031735 0.000002
2 2 0.000000 0.000076 0.990418 0.009504 0.000002
2 2 0.000000 0.000110 0.995758 0.004131 0.000001
2 2 0.000001 0.000918 0.993153 0.005851 0.000077
2 2 0.000000 0.000198 0.986080 0.013717 0.000004
2 2 0.000010 0.001962 0.994168 0.003821 0.000039
2 2 0.000013 0.000657 0.941726 0.057576 0.000028
2 2 0.000003 0.000350 0.958780 0.040857 0.000010
2 2 0.000000 0.000030 0.747673 0.252297 0.000001
2 2 0.000001 0.000158 0.897943 0.101896 0.000002
2 2 0.000007 0.001055 0.908453 0.090392 0.000094
2 2 0.000015 0.000514 0.721572 0.277827 0.000072
2 2 0.000015 0.000665 0.847971 0.151294 0.000056
2 2 0.000002 0.000683 0.970799 0.028498 0.000017
2 2 0.000031 0.001297 0.742263 0.256335 0.000074
2 2 0.000000 0.000146 0.954268 0.045581 0.000004
3 2 0.000000 0.000002 0.031179 0.968819 0.000000
3 2 0.000003 0.000036 0.146841 0.853113 0.000006
3 2 0.000019 0.000126 0.154103 0.845729 0.000023
3 3 0.000004 0.000046 0.145977 0.853962 0.000011
3 3 0.000007 0.000036 0.085812 0.914134 0.000011
3 3 0.000006 0.000017 0.040444 0.959527 0.000007
