0 0 0.930451 0.040458 0.009754 0.000201 0.019136
0 0 0.980162 0.014032 0.001649 0.000006 0.004151
0 0 0.980135 0.014049 0.001652 0.000006 0.004158
0 0 0.981624 0.011620 0.000731 0.000001 0.006024
0 0 0.941465 0.025702 0.001892 0.000003 0.030938
0 0 0.934485 0.029086 0.002495 0.000005 0.033928
0 0 0.908515 0.034645 0.002891 0.000006 0.053942
0 0 0.953165 0.021154 0.001317 0.000001 0.024363
0 0 0.941129 0.033812 0.005883 0.000059 0.019117
0 0 0.942312 0.028529 0.002865 0.000009 0.026286
4 0 0.363031 0.096222 0.020174 0.000366 0.520207
0 0 0.950862 0.023993 0.001942 0.000004 0.023199
0 0 0.961172 0.016958 0.000795 0.000000 0.021075
0 0 0.971304 0.017359 0.001527 0.000003 0.009807
0 0 0.959568 0.025177 0.003835 0.000028 0.011392
0 0 0.993655 0.005070 0.000306 0.000000 0.000970
0 0 0.964833 0.022966 0.003750 0.000031 0.008421
0 0 0.981656 0.013104 0.001472 0.000005 0.003763
0 0 0.921167 0.044763 0.011597 0.000282 0.022191
0 0 0.941806 0.034978 0.007615 0.000124 0.015478
0 0 0.944474 0.033652 0.007132 0.000109 0.014632
0 0 0.963039 0.023954 0.004024 0.000036 0.008948
0 0 0.962775 0.024098 0.004064 0.000037 0.009026
0 0 0.981683 0.013087 0.001469 0.000005 0.003756
0 0 0.981656 0.012255 0.000960 0.000002 0.005128
0 0 0.982459 0.010407 0.000499 0.000000 0.006635
0 0 0.972715 0.017897 0.002093 0.000008 0.007287
0 0 0.980912 0.013568 0.001559 0.000006 0.003955
0 0 0.990147 0.007550 0.000590 0.000001 0.001711
0 0 0.959124 0.020748 0.001533 0.000002 0.018593
0 0 0.858723 0.058358 0.010214 0.000110 0.072596
0 0 0.978720 0.014871 0.001782 0.000007 0.004620
0 0 0.935995 0.037866 0.011359 0.000264 0.014516
0 0 0.985303 0.010783 0.001065 0.000003 0.002847
0 0 0.977253 0.015806 0.002010 0.000009 0.004922
0 0 0.971033 0.019466 0.002844 0.000018 0.006638
0 0 0.942320 0.029723 0.003383 0.000013 0.024561
0 0 0.948340 0.026026 0.002437 0.000006 0.023190
0 0 0.899120 0.036227 0.002975 0.000006 0.061671
0 0 0.889558 0.044553 0.005405 0.000026 0.060458
0 0 0.725752 0.074136 0.011021 0.000087 0.189005
0 0 0.659928 0.096580 0.022223 0.000465 0.220804
0 0 0.945987 0.030459 0.004382 0.000029 0.019144
0 0 0.626860 0.085076 0.013905 0.000138 0.274021
0 0 0.876471 0.055160 0.010210 0.000123 0.058035
0 0 0.969699 0.020103 0.002893 0.000018 0.007288
0 0 0.937683 0.031785 0.003835 0.000017 0.026679
0 0 0.968838 0.020257 0.002698 0.000014 0.008193
0 0 0.958624 0.026287 0.004645 0.000047 0.010396
0 0 0.927545 0.040245 0.008068 0.000112 0.024030
0 0 0.936571 0.030791 0.003262 0.000011 0.029365
0 0 0.954892 0.023668 0.002152 0.000005 0.019283
0 0 0.964352 0.020173 0.001794 0.000004 0.013676
0 0 0.932243 0.031636 0.003232 0.000010 0.032878
0 0 0.943145 0.026349 0.002167 0.000004 0.028335
0 0 0.973282 0.015824 0.001190 0.000002 0.009703
0 4 0.863384 0.049065 0.005733 0.000025 0.081792
4 4 0.394988 0.058557 0.004568 0.000009 0.541878
4 4 0.185131 0.044975 0.003526 0.000008 0.766361
4 4 0.201599 0.073872 0.009608 0.000053 0.714869
4 4 0.033124 0.068491 0.026009 0.000003 0.872374
4 4 0.029335 0.058209 0.021309 0.000006 0.891142
4 4 0.009012 0.017365 0.003482 0.000004 0.970136
4 4 0.008038 0.026157 0.005328 0.000002 0.960474
4 4 0.031684 0.034357 0.005639 0.000001 0.928318
4 4 0.008287 0.101298 0.060200 0.000003 0.830212
4 4 0.015643 0.073509 0.023569 0.000002 0.887277
4 4 0.006002 0.065644 0.019737 0.000003 0.908614
4 4 0.020687 0.080091 0.021274 0.000009 0.877938
4 4 0.053818 0.134547 0.045334 0.000042 0.766260
4 4 0.022079 0.032904 0.017578 0.000013 0.927426
4 4 0.011134 0.032620 0.008552 0.000010 0.947684
4 4 0.024486 0.040478 0.007529 0.000002 0.927505
4 4 0.021733 0.041473 0.008577 0.000001 0.928216
4 4 0.137154 0.043438 0.005361 0.000002 0.814046
4 4 0.072624 0.124579 0.005853 0.000001 0.796943
4 4 0.109419 0.115820 0.008238 0.000005 0.766518
4 4 0.043290 0.111040 0.008887 0.000004 0.836779
4 4 0.073018 0.217459 0.024691 0.000009 0.684824
4 1 0.039050 0.190797 0.041533 0.000007 0.728612
4 4 0.228365 0.076072 0.011538 0.000016 0.684008
4 4 0.035852 0.044078 0.003400 0.000001 0.916669
4 4 0.055314 0.046642 0.003559 0.000001 0.894484
4 4 0.220160 0.163029 0.007902 0.000001 0.608908
4 4 0.150583 0.138232 0.010797 0.000008 0.700380
4 4 0.084922 0.108632 0.029547 0.000010 0.776889
4 4 0.077642 0.064457 0.007979 0.000010 0.849912
4 1 0.071829 0.146398 0.011673 0.000002 0.770098
4 1 0.062530 0.220668 0.058678 0.000014 0.658111
4 1 0.409472 0.153064 0.023118 0.000072 0.414274
0 1 0.732601 0.162292 0.032751 0.000170 0.072186
0 1 0.805339 0.112166 0.018489 0.000088 0.063918
0 1 0.823774 0.110521 0.018373 0.000081 0.047252
0 0 0.920009 0.041771 0.007440 0.000080 0.030700
0 1 0.926326 0.040932 0.008419 0.000123 0.024199
0 0 0.900122 0.051609 0.012029 0.000237 0.036004
0 1 0.940949 0.035400 0.007772 0.000129 0.015750
0 1 0.925686 0.041680 0.009097 0.000152 0.023385
0 1 0.863339 0.065538 0.018013 0.000520 0.052591
0 1 0.587122 0.257707 0.076814 0.000840 0.077517
1 1 0.230842 0.361590 0.068217 0.000080 0.339271
4 1 0.283915 0.311958 0.079638 0.000650 0.323839
1 2 0.131412 0.475401 0.187828 0.002030 0.203328
4 2 0.178932 0.259595 0.225491 0.008872 0.327110
1 2 0.143124 0.469397 0.288136 0.005143 0.094200
1 4 0.193759 0.371904 0.220398 0.008965 0.204974
1 4 0.177353 0.414514 0.231262 0.003086 0.173786
0 4 0.484669 0.290408 0.145227 0.002522 0.077174
2 2 0.151165 0.332292 0.333657 0.007119 0.175768
1 4 0.250961 0.340504 0.200217 0.006373 0.201944
0 4 0.336120 0.277049 0.283079 0.006058 0.097694
0 4 0.455148 0.267529 0.174982 0.005214 0.097128
0 0 0.768967 0.088113 0.057088 0.000464 0.085367
0 1 0.693651 0.215146 0.054065 0.000340 0.036798
0 1 0.419972 0.370932 0.145365 0.001756 0.061975
2 2 0.085057 0.377875 0.425837 0.001196 0.110036
2 2 0.087228 0.327117 0.410202 0.001993 0.173459
1 2 0.068171 0.399594 0.373676 0.005784 0.152775
2 2 0.047431 0.272438 0.502888 0.008361 0.168882
4 2 0.078468 0.276184 0.237954 0.004071 0.403323
2 2 0.027418 0.089773 0.734464 0.122720 0.025625
2 2 0.054338 0.116834 0.725396 0.041920 0.061511
2 2 0.191977 0.128897 0.377043 0.246575 0.055508
2 2 0.255899 0.116684 0.295493 0.262075 0.069849
1 2 0.155311 0.372702 0.211009 0.005133 0.255845
1 2 0.163523 0.354368 0.321242 0.002634 0.158234
2 2 0.091636 0.147875 0.625662 0.071290 0.063537
2 2 0.111098 0.161332 0.469405 0.121640 0.136524
2 2 0.008907 0.032053 0.591691 0.355186 0.012162
2 2 0.001804 0.017691 0.888117 0.089361 0.003027
2 2 0.003802 0.033036 0.738428 0.217489 0.007245
2 3 0.011833 0.037964 0.676499 0.253980 0.019724
2 3 0.003037 0.011324 0.494720 0.488237 0.002683
2 3 0.001585 0.011295 0.856624 0.128362 0.002133
2 3 0.016461 0.058147 0.648062 0.255006 0.022325
3 3 0.000711 0.003487 0.161588 0.832871 0.001344
3 3 0.001816 0.002584 0.129857 0.864817 0.000927
3 3 0.009015 0.007465 0.144139 0.837076 0.002306
3 3 0.011710 0.007543 0.122779 0.855754 0.002214
3 3 0.016997 0.011009 0.237861 0.731587 0.002546
3 3 0.000757 0.001306 0.031040 0.966231 0.000666
3 3 0.000107 0.000328 0.039416 0.960018 0.000130
3 3 0.000216 0.000586 0.049450 0.949489 0.000258
3 3 0.002013 0.002533 0.072423 0.922050 0.000981
3 3 0.000842 0.001047 0.031265 0.966507 0.000339
3 3 0.000705 0.000891 0.028815 0.969311 0.000278
3 3 0.002415 0.002690 0.061447 0.932437 0.001010
3 3 0.000118 0.000485 0.031091 0.968162 0.000144
3 3 0.000148 0.000835 0.070229 0.928644 0.000143
3 3 0.000079 0.000183 0.010340 0.989332 0.000065
3 3 0.000437 0.000800 0.022853 0.975536 0.000373
3 3 0.000730 0.001247 0.028955 0.968437 0.000631
3 3 0.001217 0.001941 0.036625 0.959152 0.001064
3 3 0.000096 0.000216 0.011305 0.988304 0.000079
3 3 0.000095 0.000214 0.011267 0.988345 0.000079
3 3 0.000067 0.000182 0.014057 0.985632 0.000063
3 3 0.000081 0.000204 0.014783 0.984857 0.000074
3 3 0.000098 0.000220 0.011434 0.988166 0.000081
3 3 0.000395 0.000733 0.021799 0.976737 0.000336
3 3 0.000165 0.000344 0.014544 0.984809 0.000138
3 3 0.000434 0.000795 0.022775 0.975625 0.000370
3 3 0.000810 0.001365 0.030383 0.966739 0.000702
3 3 0.000694 0.001233 0.029108 0.968310 0.000654
3 3 0.000040 0.000487 0.038090 0.961311 0.000072
3 3 0.000097 0.000676 0.030204 0.968887 0.000136
3 3 0.000807 0.001275 0.030394 0.966931 0.000592
3 3 0.000149 0.000316 0.013878 0.985533 0.000124
3 3 0.000689 0.001187 0.028199 0.969330 0.000595
3 3 0.000478 0.000865 0.023822 0.974426 0.000409
3 3 0.000111 0.000244 0.012081 0.987472 0.000092
3 3 0.001740 0.002644 0.043114 0.950969 0.001534
3 3 0.000413 0.000762 0.022259 0.976214 0.000352
3 3 0.000239 0.000475 0.017285 0.981799 0.000202
3 3 0.000877 0.001463 0.031515 0.965383 0.000761
3 3 0.000850 0.001423 0.031062 0.965927 0.000737
3 3 0.000077 0.000178 0.010192 0.989490 0.000063
3 3 0.000372 0.000698 0.021451 0.977162 0.000317
3 3 0.001018 0.002215 0.060102 0.935563 0.001103
3 3 0.001217 0.001940 0.036615 0.959164 0.001063
3 3 0.001426 0.002225 0.039365 0.955734 0.001250
3 3 0.001547 0.002389 0.040867 0.953837 0.001360
3 3 0.000317 0.000605 0.019681 0.979129 0.000268
3 3 0.000326 0.000516 0.020076 0.978909 0.000173
3 3 0.000637 0.001109 0.027192 0.970514 0.000548
3 3 0.000561 0.000993 0.025646 0.972318 0.000482
3 3 0.000068 0.000159 0.009609 0.990108 0.000056
3 3 0.000071 0.000167 0.009838 0.989866 0.000058
3 3 0.000168 0.000349 0.014656 0.984686 0.000140
3 3 0.000408 0.000754 0.022141 0.976348 0.000348
3 3 0.000076 0.000164 0.010188 0.989519 0.000052
3 3 0.000133 0.000286 0.013159 0.986312 0.000111
3 3 0.000011 0.000032 0.004035 0.995914 0.000008
3 3 0.000080 0.000184 0.010375 0.989295 0.000066
3 3 0.000096 0.000216 0.011307 0.988302 0.000079
3 3 0.000084 0.000193 0.010643 0.989010 0.000069
3 3 0.000053 0.000128 0.008545 0.991231 0.000043
3 3 0.000120 0.000252 0.012571 0.986966 0.000090
3 3 0.000185 0.000380 0.015324 0.983957 0.000155
3 3 0.000844 0.001414 0.030957 0.966053 0.000731
3 3 0.000161 0.000337 0.014378 0.984989 0.000134
3 3 0.000888 0.001478 0.031688 0.965176 0.000770
3 3 0.000068 0.000166 0.009929 0.989780 0.000057
3 3 0.000941 0.001972 0.048149 0.947932 0.001007
3 3 0.000885 0.001329 0.031767 0.965430 0.000589
3 3 0.001918 0.002875 0.045063 0.948450 0.001694
2 2 0.229879 0.117373 0.311299 0.233893 0.107555
2 2 0.083081 0.233165 0.569159 0.015941 0.098654
0 2 0.694087 0.118349 0.061556 0.002437 0.123571
1 2 0.203089 0.367929 0.310413 0.017453 0.101116
2 2 0.053221 0.152689 0.644520 0.115429 0.034141
2 2 0.022301 0.307233 0.502954 0.017234 0.150277
1 2 0.171955 0.320800 0.183775 0.007324 0.316146
4 2 0.034818 0.193194 0.087167 0.002764 0.682056
2 2 0.077593 0.281262 0.357841 0.042336 0.240968
4 2 0.139366 0.255988 0.261756 0.053170 0.289721
0 2 0.307902 0.193500 0.177821 0.042245 0.278533
0 2 0.464305 0.196018 0.204989 0.036558 0.098131
0 0 0.305492 0.270476 0.238076 0.025896 0.160060
0 1 0.366641 0.218875 0.286560 0.054658 0.073266
0 0 0.528938 0.210701 0.168470 0.016287 0.075605
0 0 0.925818 0.042339 0.015621 0.000474 0.015749
0 0 0.930621 0.040377 0.009721 0.000200 0.019081
0 0 0.848576 0.095148 0.015009 0.000062 0.041205
0 1 0.850077 0.089531 0.013073 0.000049 0.047270
0 1 0.698466 0.192281 0.029770 0.000077 0.079406
4 2 0.085883 0.342613 0.073826 0.000249 0.497429
0 2 0.370813 0.342154 0.115389 0.001578 0.170067
4 2 0.101579 0.266443 0.141583 0.007307 0.483088
1 2 0.076986 0.335700 0.300216 0.005134 0.281964
2 2 0.082225 0.175413 0.574982 0.056596 0.110785
0 2 0.302539 0.301302 0.218320 0.017406 0.160432
2 2 0.098434 0.260724 0.562134 0.009006 0.069702
2 2 0.039920 0.216523 0.696587 0.013607 0.033362
2 2 0.103238 0.177922 0.580166 0.038554 0.100119
2 2 0.194686 0.143528 0.490703 0.110974 0.060110
4 2 0.286434 0.262961 0.136242 0.006265 0.308098
0 2 0.592438 0.199198 0.104383 0.005526 0.098455
0 2 0.390423 0.281952 0.143518 0.007367 0.176741
0 2 0.388356 0.246266 0.114269 0.005892 0.245217
2 2 0.177432 0.278732 0.344634 0.010362 0.188841
1 2 0.181867 0.311021 0.193177 0.003835 0.310101
2 2 0.095423 0.286682 0.432913 0.005044 0.179939
0 2 0.437079 0.206829 0.070089 0.002012 0.283991
0 2 0.414970 0.192663 0.086080 0.005569 0.300718
0 1 0.452594 0.268437 0.088251 0.001588 0.189130
0 1 0.441317 0.278408 0.097394 0.001949 0.180932
0 2 0.636374 0.196703 0.069561 0.001732 0.095631
0 2 0.632567 0.111223 0.034220 0.001367 0.220622
0 2 0.595455 0.220026 0.062130 0.000821 0.121568
1 2 0.345190 0.418352 0.162001 0.001821 0.072636
0 2 0.489237 0.306513 0.108183 0.001616 0.094451
1 2 0.358224 0.367577 0.123912 0.001479 0.148808
1 2 0.268454 0.425041 0.175424 0.002643 0.128438
0 2 0.516174 0.155482 0.048296 0.001496 0.278552
0 2 0.398045 0.304362 0.114687 0.002481 0.180425
0 0 0.754688 0.135070 0.050931 0.001812 0.057499
0 1 0.757863 0.141687 0.055201 0.001436 0.043814
0 1 0.751412 0.170069 0.047606 0.000384 0.030529
0 1 0.819495 0.081737 0.029746 0.001461 0.067561
0 1 0.738033 0.152464 0.053807 0.001392 0.054304
1 1 0.308234 0.412105 0.126968 0.001015 0.151678
1 1 0.216392 0.465971 0.155186 0.001210 0.161241
0 1 0.427997 0.370516 0.139211 0.001372 0.060904
0 2 0.627244 0.205715 0.077876 0.002141 0.087024
0 2 0.421775 0.271147 0.081045 0.001166 0.224867
0 2 0.791292 0.124021 0.039590 0.000881 0.044215
0 2 0.478399 0.297821 0.109764 0.002014 0.112003
0 2 0.577982 0.213635 0.112060 0.005997 0.090326
2 2 0.187657 0.366735 0.377241 0.006943 0.061424
0 2 0.470481 0.280475 0.168024 0.005764 0.075255
0 2 0.529620 0.201712 0.151780 0.017187 0.099700
1 2 0.287062 0.326483 0.321221 0.007643 0.057591
0 2 0.648296 0.213836 0.074654 0.001187 0.062027
0 2 0.662925 0.152530 0.079688 0.006143 0.098714
0 2 0.601857 0.200606 0.111006 0.006663 0.079868
0 2 0.493027 0.190612 0.218806 0.008153 0.089402
0 2 0.766391 0.119184 0.049144 0.002594 0.062687
0 2 0.682887 0.163389 0.064669 0.002369 0.086685
0 2 0.643346 0.218166 0.075046 0.000337 0.063106
0 2 0.488550 0.305622 0.144704 0.000994 0.060129
0 2 0.669806 0.188385 0.066191 0.001541 0.074077
0 2 0.690135 0.190755 0.064129 0.001158 0.053824
0 2 0.549734 0.273091 0.070680 0.000556 0.105938
1 2 0.164108 0.555272 0.226332 0.001440 0.052848
0 2 0.588517 0.256393 0.071010 0.000660 0.083420
0 2 0.670869 0.163535 0.067768 0.003102 0.094727
1 2 0.163608 0.388797 0.312746 0.007973 0.126875
0 2 0.482498 0.206626 0.197278 0.029396 0.084201
0 2 0.693189 0.130082 0.074377 0.008086 0.094266
0 2 0.834263 0.093189 0.030365 0.000910 0.041273
0 2 0.567503 0.181607 0.114289 0.015317 0.121284
0 2 0.536589 0.193990 0.090083 0.005691 0.173647
0 2 0.499705 0.244063 0.098833 0.003251 0.154148
0 0 0.686356 0.145234 0.061040 0.003383 0.103987
0 1 0.843444 0.087779 0.015006 0.000093 0.053679
0 1 0.847151 0.067957 0.008416 0.000032 0.076445
0 1 0.771052 0.087863 0.013606 0.000089 0.127390
0 0 0.810104 0.100029 0.021071 0.000223 0.068572
0 0 0.871440 0.058585 0.012200 0.000191 0.057584
0 0 0.935556 0.037109 0.007446 0.000102 0.019786
0 0 0.677013 0.067916 0.007499 0.000031 0.247541
0 0 0.807469 0.062722 0.008881 0.000061 0.120867
0 0 0.790910 0.059772 0.006983 0.000032 0.142303
0 0 0.789900 0.061489 0.006730 0.000025 0.141856
0 1 0.818456 0.055292 0.006224 0.000026 0.120002
0 1 0.918714 0.042679 0.007930 0.000094 0.030584
0 1 0.781063 0.087732 0.026005 0.000918 0.104282
0 1 0.726274 0.129855 0.044668 0.001581 0.097621
0 1 0.834558 0.083333 0.023202 0.000580 0.058327
0 1 0.641616 0.255439 0.059203 0.000268 0.043475
0 1 0.829678 0.090510 0.020526 0.000275 0.059011
0 1 0.661315 0.254852 0.042282 0.000077 0.041474
0 1 0.569605 0.316289 0.076631 0.000288 0.037186
0 1 0.724828 0.148993 0.034113 0.000346 0.091720
0 0 0.845531 0.096516 0.025935 0.000401 0.031618
0 1 0.857513 0.064936 0.015621 0.000338 0.061592
0 1 0.959476 0.025887 0.004583 0.000046 0.010008
0 1 0.946247 0.032090 0.005914 0.000067 0.015683
0 1 0.887854 0.050057 0.008179 0.000074 0.053836
0 1 0.712148 0.122443 0.029615 0.000484 0.135310
0 1 0.729865 0.173884 0.051531 0.000674 0.044047
0 1 0.777776 0.118987 0.032953 0.000624 0.069661
0 1 0.829305 0.073553 0.014711 0.000193 0.082239
0 0 0.904181 0.049026 0.010327 0.000162 0.036303
0 0 0.626075 0.111389 0.033909 0.001325 0.227301
0 0 0.920579 0.036703 0.004374 0.000019 0.038325
0 0 0.839960 0.046005 0.003907 0.000009 0.110120
0 0 0.980515 0.013654 0.001472 0.000005 0.004355
0 0 0.943126 0.030373 0.003822 0.000019 0.022661
0 0 0.928254 0.039180 0.004777 0.000019 0.027770
0 0 0.920149 0.053510 0.006644 0.000018 0.019679
0 0 0.883500 0.052681 0.009398 0.000104 0.054317
0 0 0.603468 0.117943 0.125744 0.001096 0.151749
0 0 0.812185 0.085557 0.026242 0.000918 0.075098
0 4 0.701405 0.082158 0.014370 0.000163 0.201905
4 4 0.394477 0.102644 0.009146 0.000016 0.493717
4 4 0.186282 0.063495 0.003578 0.000002 0.746643
4 4 0.340334 0.048991 0.002952 0.000003 0.607719
0 4 0.478562 0.061609 0.004996 0.000011 0.454821
0 4 0.670657 0.065315 0.006590 0.000022 0.257416
4 4 0.337286 0.057982 0.004790 0.000011 0.599932
4 4 0.059285 0.020641 0.001085 0.000001 0.918989
4 4 0.036419 0.016174 0.001102 0.000001 0.946305
4 4 0.029613 0.053540 0.005592 0.000004 0.911251
4 4 0.070257 0.104866 0.019536 0.000006 0.805335
4 4 0.095132 0.066227 0.008692 0.000005 0.829944
4 4 0.063247 0.057259 0.007117 0.000007 0.872370
4 4 0.152187 0.077308 0.018657 0.000012 0.751837
4 4 0.251668 0.089709 0.010337 0.000037 0.648249
4 4 0.156564 0.145485 0.047325 0.000048 0.650578
4 4 0.138274 0.030805 0.001551 0.000001 0.829368
4 4 0.076801 0.028287 0.001800 0.000002 0.893109
4 4 0.028111 0.051580 0.004846 0.000007 0.915456
4 4 0.214954 0.074057 0.012989 0.000164 0.697835
4 4 0.131080 0.055098 0.009941 0.000021 0.803859
0 4 0.671692 0.071948 0.008863 0.000047 0.247450
0 4 0.679718 0.080593 0.012832 0.000119 0.226739
0 4 0.686862 0.060632 0.005414 0.000014 0.247079
4 4 0.287771 0.051419 0.003739 0.000007 0.657064
4 4 0.332588 0.056190 0.003997 0.000006 0.607218
4 4 0.387703 0.054509 0.003852 0.000005 0.553930
4 4 0.412598 0.078754 0.004979 0.000004 0.503664
4 4 0.124439 0.035603 0.002313 0.000002 0.837643
4 4 0.075021 0.031782 0.003490 0.000006 0.889701
4 4 0.392525 0.056563 0.002901 0.000002 0.548009
0 4 0.505068 0.062272 0.005124 0.000011 0.427524
0 4 0.565983 0.056930 0.003982 0.000006 0.373099
4 0 0.278082 0.069986 0.005529 0.000005 0.646399
0 0 0.725496 0.098950 0.013355 0.000035 0.162164
0 0 0.586019 0.229260 0.071747 0.001134 0.111841
4 4 0.351957 0.158858 0.019331 0.000047 0.469807
4 4 0.208714 0.087435 0.007070 0.000009 0.696772
4 1 0.260772 0.074140 0.005587 0.000008 0.659494
4 4 0.222868 0.070890 0.006980 0.000019 0.699242
4 4 0.403419 0.065019 0.006119 0.000019 0.525424
4 4 0.081529 0.092935 0.006311 0.000003 0.819222
4 0 0.344655 0.094261 0.005448 0.000003 0.555633
0 0 0.787439 0.054612 0.004795 0.000011 0.153143
0 4 0.830572 0.055491 0.006771 0.000033 0.107133
0 4 0.694731 0.099303 0.013899 0.000071 0.191996
4 1 0.364150 0.171659 0.017317 0.000003 0.446871
0 4 0.740617 0.064536 0.005171 0.000009 0.189667
0 4 0.762734 0.054322 0.004658 0.000011 0.178274
0 1 0.837403 0.055505 0.007097 0.000039 0.099956
0 1 0.805012 0.075719 0.014548 0.000183 0.104538
0 1 0.786672 0.110562 0.017006 0.000076 0.085683
0 1 0.723450 0.150691 0.042595 0.000053 0.083211
0 0 0.677751 0.178639 0.030387 0.000071 0.113153
0 0 0.542435 0.092032 0.251988 0.000066 0.113479
0 0 0.548114 0.283093 0.058219 0.000242 0.110332
0 1 0.654836 0.127478 0.011015 0.000012 0.206658
0 1 0.498479 0.184230 0.015461 0.000012 0.301818
4 1 0.232335 0.109040 0.010220 0.000017 0.648388
1 0 0.281070 0.400086 0.047541 0.000036 0.271267
0 0 0.807969 0.103198 0.014547 0.000052 0.074234
0 1 0.685772 0.181641 0.035499 0.000197 0.096891
0 1 0.856962 0.090425 0.011919 0.000032 0.040662
0 0 0.960525 0.025321 0.004417 0.000043 0.009694
0 0 0.979985 0.014141 0.001670 0.000007 0.004197
0 0 0.979579 0.014391 0.001720 0.000007 0.004303
0 0 0.962950 0.024003 0.004037 0.000036 0.008974
0 0 0.985386 0.010728 0.001056 0.000003 0.002827
0 0 0.975869 0.016635 0.002188 0.000011 0.005297
0 0 0.984621 0.011098 0.001044 0.000002 0.003235
0 0 0.960469 0.023985 0.003138 0.000016 0.012392
0 0 0.922919 0.043962 0.011243 0.000266 0.021611
0 0 0.933270 0.039121 0.009211 0.000180 0.018219
0 0 0.964095 0.023373 0.003862 0.000033 0.008637
0 0 0.979916 0.014184 0.001679 0.000007 0.004215
0 0 0.900987 0.050134 0.010614 0.000169 0.038096
0 0 0.940401 0.034995 0.006903 0.000091 0.017610
0 0 0.964172 0.023331 0.003850 0.000033 0.008614
0 0 0.973259 0.018175 0.002536 0.000015 0.006015
0 0 0.985267 0.010806 0.001069 0.000003 0.002856
0 0 0.980101 0.014070 0.001656 0.000007 0.004166
0 0 0.967613 0.021215 0.003116 0.000021 0.008035
0 0 0.959646 0.025678 0.004405 0.000041 0.010229
0 0 0.923366 0.034631 0.003719 0.000013 0.038270
0 0 0.950177 0.028152 0.003690 0.000020 0.017962
0 0 0.946693 0.025932 0.002272 0.000005 0.025097
0 0 0.600258 0.078935 0.010710 0.000071 0.310026
0 0 0.915823 0.041604 0.006526 0.000053 0.035993
0 0 0.941814 0.030425 0.003667 0.000016 0.024078
0 0 0.955692 0.021159 0.001438 0.000002 0.021709
0 1 0.833756 0.085623 0.008480 0.000014 0.072127
0 1 0.661392 0.161509 0.013341 0.000010 0.163748
0 1 0.688156 0.184945 0.022086 0.000033 0.104780
0 1 0.943592 0.030018 0.002951 0.000008 0.023431
0 1 0.887600 0.067567 0.008833 0.000028 0.035972
1 1 0.366405 0.453865 0.065293 0.000058 0.114379
0 1 0.672558 0.215564 0.037933 0.000121 0.073826
0 1 0.826644 0.104711 0.013140 0.000030 0.055475
0 0 0.677873 0.228627 0.056633 0.000321 0.036547
0 0 0.821384 0.097730 0.032613 0.000082 0.048191
0 1 0.662258 0.173741 0.027967 0.000109 0.135925
0 1 0.520456 0.313558 0.039877 0.000043 0.126065
0 1 0.561112 0.269899 0.020863 0.000007 0.148118
0 1 0.695004 0.133228 0.017827 0.000057 0.153885
0 1 0.581507 0.141245 0.028550 0.000301 0.248396
0 1 0.582428 0.245995 0.048557 0.000219 0.122801
1 1 0.198886 0.491210 0.255090 0.000431 0.054383
0 1 0.484406 0.315910 0.099157 0.000426 0.100100
1 1 0.245663 0.469748 0.230856 0.000845 0.052888
0 1 0.539006 0.340093 0.081301 0.000160 0.039440
0 2 0.644532 0.239496 0.059536 0.000283 0.056153
0 2 0.378897 0.345708 0.144989 0.002477 0.127929
0 2 0.853082 0.086568 0.023790 0.000457 0.036103
0 2 0.761085 0.171607 0.025168 0.000049 0.042091
0 2 0.867592 0.083016 0.007073 0.000006 0.042312
0 2 0.466136 0.322262 0.031917 0.000019 0.179666
0 0 0.656044 0.104775 0.090600 0.000355 0.148226
0 1 0.873185 0.058638 0.012584 0.000210 0.055383
0 1 0.538486 0.103347 0.013125 0.000057 0.344984
4 1 0.216706 0.085134 0.008626 0.000022 0.689511
4 2 0.184502 0.126484 0.016136 0.000050 0.672827
4 2 0.060244 0.141135 0.052430 0.000088 0.746104
4 2 0.006658 0.097759 0.095584 0.000373 0.799627
2 2 0.001997 0.073775 0.512395 0.003693 0.408140
4 2 0.004319 0.115409 0.320854 0.000237 0.559181
4 2 0.015525 0.146043 0.080739 0.000104 0.757589
2 2 0.012765 0.083933 0.638819 0.005692 0.258791
4 2 0.128918 0.208818 0.124339 0.000595 0.537330
4 2 0.076164 0.220841 0.105224 0.000105 0.597666
4 2 0.325708 0.169556 0.053262 0.000784 0.450690
0 2 0.543620 0.203039 0.041287 0.000293 0.211762
1 2 0.247306 0.401258 0.141223 0.000443 0.209770
1 2 0.133917 0.344108 0.258909 0.000428 0.262639
2 2 0.084609 0.186108 0.559067 0.004613 0.165602
2 2 0.040777 0.256968 0.546175 0.000869 0.155211
4 2 0.353575 0.201878 0.055300 0.000093 0.389154
1 2 0.148864 0.463428 0.261540 0.000853 0.125315
1 2 0.152526 0.362241 0.329995 0.000592 0.154647
0 2 0.375517 0.338167 0.157519 0.000452 0.128344
2 2 0.257040 0.323195 0.333297 0.002184 0.084283
0 2 0.638175 0.192374 0.113708 0.004799 0.050945
0 2 0.711611 0.172989 0.060287 0.001219 0.053894
0 2 0.715598 0.156850 0.068522 0.002540 0.056491
2 1 0.103412 0.099979 0.687944 0.003299 0.105365
0 2 0.492320 0.346125 0.086326 0.000411 0.074819
2 2 0.047487 0.420604 0.468586 0.000186 0.063137
1 2 0.262956 0.350664 0.283196 0.001429 0.101755
2 2 0.198003 0.247974 0.427181 0.018807 0.108035
2 2 0.140932 0.123455 0.661730 0.033191 0.040691
2 2 0.036712 0.053414 0.893115 0.007974 0.008785
2 1 0.191286 0.194303 0.591943 0.001832 0.020636
0 2 0.703911 0.182657 0.066227 0.000309 0.046896
1 2 0.295691 0.421547 0.160154 0.000157 0.122452
0 2 0.330122 0.233843 0.219040 0.003224 0.213771
2 2 0.232155 0.266868 0.412430 0.006248 0.082300
0 2 0.415981 0.241255 0.245034 0.004032 0.093698
2 2 0.090587 0.289443 0.554329 0.000636 0.065005
2 2 0.170636 0.224508 0.520505 0.007966 0.076385
2 2 0.067259 0.235399 0.630054 0.024469 0.042819
2 2 0.046353 0.263443 0.627699 0.017284 0.045220
2 2 0.211215 0.291790 0.373204 0.011886 0.111904
0 2 0.413871 0.191805 0.292499 0.038867 0.062958
2 2 0.170639 0.171231 0.529451 0.078414 0.050265
2 2 0.042265 0.122574 0.792057 0.011973 0.031130
2 2 0.161110 0.241001 0.512170 0.015630 0.070088
2 2 0.064223 0.220125 0.648815 0.014184 0.052653
2 2 0.045651 0.259752 0.581363 0.005098 0.108136
2 2 0.126347 0.154282 0.605813 0.031177 0.082381
2 1 0.129860 0.167767 0.607932 0.019704 0.074737
0 1 0.669669 0.148916 0.071651 0.003954 0.105810
0 0 0.694106 0.115844 0.060885 0.004343 0.124822
2 1 0.368093 0.150337 0.368927 0.001963 0.110680
0 1 0.634660 0.213010 0.076333 0.001648 0.074349
0 2 0.531441 0.269470 0.085606 0.000561 0.112923
2 2 0.200530 0.223721 0.423128 0.012879 0.139741
2 2 0.158878 0.218949 0.440714 0.001965 0.179494
4 2 0.056761 0.190095 0.263800 0.001584 0.487760
4 2 0.072784 0.238347 0.318960 0.002956 0.366954
2 2 0.024760 0.147096 0.751342 0.013911 0.062891
2 2 0.020298 0.127843 0.819408 0.003494 0.028959
2 2 0.013768 0.107098 0.857777 0.001447 0.019910
2 2 0.011605 0.140847 0.776689 0.009713 0.061146
2 2 0.023527 0.163193 0.615586 0.053437 0.144257
2 2 0.051724 0.186677 0.620878 0.015095 0.125625
2 2 0.025169 0.159871 0.651833 0.043253 0.119875
2 2 0.183530 0.265127 0.340856 0.012148 0.198339
2 2 0.121546 0.176798 0.663583 0.011206 0.026866
2 2 0.160809 0.102553 0.678512 0.034333 0.023793
2 2 0.150086 0.127601 0.662059 0.031395 0.028859
2 2 0.187457 0.148627 0.417531 0.167341 0.079044
2 2 0.206145 0.207654 0.471454 0.051886 0.062862
2 2 0.051190 0.122294 0.534345 0.249819 0.042353
2 2 0.179713 0.134532 0.427595 0.207665 0.050496
2 2 0.027269 0.057659 0.795030 0.105645 0.014397
2 2 0.163424 0.120687 0.591940 0.082465 0.041483
2 2 0.084379 0.101244 0.641569 0.148316 0.024492
0 2 0.532112 0.123753 0.259668 0.031437 0.053030
0 1 0.454947 0.159143 0.322112 0.010628 0.053169
0 1 0.324787 0.309324 0.310213 0.009146 0.046530
2 2 0.092628 0.132711 0.734340 0.016563 0.023758
2 2 0.213287 0.183226 0.524049 0.034714 0.044724
2 2 0.047799 0.130717 0.792342 0.016170 0.012972
2 2 0.150151 0.127986 0.622887 0.073583 0.025393
2 2 0.071937 0.060122 0.665242 0.193251 0.009448
2 2 0.086062 0.075789 0.621629 0.196153 0.020368
2 2 0.040053 0.089511 0.602180 0.257437 0.010820
2 2 0.126885 0.185656 0.563115 0.061266 0.063078
2 2 0.258346 0.241243 0.421491 0.025729 0.053190
2 2 0.087500 0.175642 0.557104 0.134143 0.045611
2 2 0.007583 0.033576 0.680506 0.272659 0.005676
3 2 0.031639 0.043690 0.346977 0.565080 0.012615
3 2 0.048216 0.053466 0.432975 0.451155 0.014188
2 2 0.267759 0.131708 0.365711 0.185310 0.049513
2 3 0.056873 0.109764 0.605445 0.198033 0.029885
3 2 0.027346 0.039216 0.399734 0.517276 0.016428
2 2 0.044484 0.143664 0.677547 0.099234 0.035071
2 2 0.053833 0.145668 0.770210 0.010798 0.019491
2 2 0.074940 0.141812 0.739264 0.021122 0.022862
2 2 0.091907 0.153359 0.682553 0.031630 0.040550
2 2 0.102414 0.235069 0.573213 0.033805 0.055499
2 2 0.287628 0.249526 0.347993 0.035900 0.078953
2 2 0.201758 0.198997 0.460361 0.078509 0.060375
2 2 0.058560 0.063199 0.441145 0.421814 0.015281
2 2 0.069971 0.057485 0.553231 0.300726 0.018587
2 2 0.116281 0.083404 0.536539 0.229770 0.034007
2 2 0.074236 0.149992 0.639627 0.100555 0.035590
2 2 0.054933 0.060227 0.511508 0.353927 0.019405
2 2 0.041094 0.122742 0.732231 0.084649 0.019284
2 2 0.187332 0.142975 0.509979 0.114571 0.045144
2 2 0.156084 0.100092 0.361162 0.350924 0.031737
2 2 0.075363 0.076254 0.416808 0.414465 0.017110
2 2 0.220572 0.144480 0.447973 0.134058 0.052918
2 2 0.113743 0.105125 0.451362 0.272449 0.057321
3 2 0.009352 0.009830 0.133393 0.843246 0.004178
2 2 0.008285 0.030559 0.517711 0.438875 0.004570
3 2 0.014160 0.010359 0.136439 0.836461 0.002581
2 2 0.312176 0.234768 0.340019 0.043537 0.069500
0 2 0.435117 0.154560 0.240277 0.088589 0.081457
2 3 0.068876 0.102854 0.603863 0.201707 0.022701
2 2 0.118727 0.098708 0.645324 0.113999 0.023242
2 2 0.045430 0.085490 0.701380 0.151122 0.016578
2 2 0.049634 0.104155 0.768007 0.056527 0.021678
2 2 0.039995 0.112222 0.752797 0.078820 0.016166
2 2 0.023375 0.070879 0.612329 0.278026 0.015390
2 2 0.010479 0.041270 0.499482 0.440090 0.008678
3 2 0.002961 0.012860 0.167539 0.813782 0.002858
2 2 0.007599 0.045281 0.590259 0.348401 0.008460
2 2 0.011731 0.064897 0.630274 0.279176 0.013922
2 2 0.038900 0.055212 0.686477 0.203189 0.016222
2 2 0.038621 0.115769 0.675621 0.156258 0.013731
2 3 0.085857 0.071111 0.596367 0.229536 0.017129
2 2 0.053675 0.041957 0.654379 0.236540 0.013449
2 2 0.037746 0.035028 0.587655 0.323164 0.016407
2 2 0.033118 0.045994 0.476738 0.431753 0.012397
3 3 0.017612 0.033235 0.397848 0.541757 0.009548
3 0 0.002330 0.011867 0.324443 0.659500 0.001860
1 2 0.258731 0.344867 0.324239 0.015752 0.056411
1 2 0.105294 0.494422 0.320952 0.000259 0.079073
2 2 0.258949 0.179246 0.278801 0.115570 0.167435
2 2 0.079093 0.130168 0.686988 0.073027 0.030724
2 2 0.042889 0.068543 0.772270 0.102555 0.013743
2 2 0.110808 0.212456 0.607863 0.032044 0.036829
2 2 0.255722 0.301274 0.333496 0.009143 0.100365
4 2 0.255976 0.192665 0.186242 0.044640 0.320477
2 1 0.188384 0.233578 0.405331 0.065125 0.107581
2 2 0.249661 0.251328 0.400800 0.020914 0.077297
0 2 0.447703 0.267255 0.209590 0.009338 0.066114
0 2 0.429445 0.219770 0.235495 0.027706 0.087584
2 2 0.120268 0.330137 0.469018 0.022121 0.058456
2 2 0.183894 0.267497 0.390160 0.048351 0.110098
2 2 0.053960 0.083811 0.510382 0.314237 0.037610
2 2 0.248697 0.116138 0.497156 0.097412 0.040596
2 2 0.207132 0.237456 0.479366 0.003985 0.072061
2 2 0.042544 0.117260 0.822859 0.004050 0.013287
2 2 0.341149 0.222262 0.371651 0.004766 0.060172
2 2 0.032623 0.085469 0.862872 0.007739 0.011297
2 2 0.039242 0.126963 0.691729 0.093641 0.048424
2 2 0.021321 0.070408 0.710608 0.185925 0.011738
2 2 0.066717 0.112487 0.784587 0.020618 0.015590
2 2 0.011571 0.026643 0.901573 0.056611 0.003601
2 2 0.024578 0.048173 0.899777 0.021875 0.005598
2 2 0.069527 0.091453 0.712449 0.102531 0.024040
2 2 0.039277 0.085975 0.696432 0.165337 0.012978
2 2 0.060753 0.102625 0.627886 0.173849 0.034887
2 2 0.082254 0.191663 0.606834 0.079002 0.040247
2 2 0.134219 0.151546 0.501987 0.181060 0.031189
2 2 0.330299 0.163489 0.399418 0.049196 0.057599
2 2 0.092902 0.173544 0.504080 0.194496 0.034978
2 2 0.021370 0.082212 0.875209 0.013723 0.007487
2 2 0.013388 0.054096 0.771272 0.150043 0.011202
2 2 0.044208 0.072646 0.743550 0.122244 0.017351
2 2 0.193181 0.112673 0.456993 0.187374 0.049778
2 2 0.117147 0.082435 0.495852 0.278102 0.026464
2 2 0.041585 0.046543 0.508121 0.392639 0.011113
3 2 0.018726 0.022535 0.312427 0.639982 0.006331
3 2 0.052417 0.050680 0.428649 0.459946 0.008309
3 2 0.026753 0.041087 0.301839 0.618797 0.011524
2 2 0.033649 0.088734 0.564701 0.294361 0.018555
2 2 0.036393 0.147595 0.749919 0.048724 0.017370
2 2 0.054380 0.136296 0.746689 0.034358 0.028276
2 2 0.017715 0.057696 0.862407 0.054431 0.007752
2 2 0.022986 0.058479 0.815133 0.094905 0.008497
2 3 0.030400 0.041802 0.602805 0.313943 0.011050
2 2 0.022558 0.035964 0.523272 0.410938 0.007267
3 2 0.031837 0.029256 0.242924 0.687124 0.008859
3 2 0.001611 0.003039 0.059222 0.935101 0.001027
2 2 0.167076 0.100413 0.348269 0.341376 0.042865
2 2 0.223587 0.083582 0.364502 0.296166 0.032163
3 2 0.141869 0.090106 0.343622 0.379726 0.044677
2 2 0.114308 0.088425 0.536655 0.231921 0.028690
2 0 0.127573 0.054303 0.403260 0.394615 0.020249
2 0 0.296629 0.193294 0.400376 0.066231 0.043470
0 0 0.878765 0.078726 0.018403 0.000210 0.023896
0 1 0.908564 0.036598 0.003497 0.000010 0.051331
0 1 0.742832 0.047695 0.002479 0.000002 0.206992
0 1 0.588245 0.093148 0.006755 0.000007 0.311845
4 1 0.145241 0.105608 0.016171 0.000053 0.732927
0 1 0.442582 0.128280 0.023478 0.000100 0.405559
0 1 0.526257 0.173515 0.053044 0.000816 0.246368
0 2 0.537810 0.196444 0.072029 0.002475 0.191243
0 2 0.300980 0.193256 0.254830 0.016162 0.234772
0 0 0.613730 0.100505 0.196330 0.050116 0.039319
0 0 0.962071 0.024032 0.005135 0.000025 0.008736
0 1 0.656638 0.269534 0.028898 0.000016 0.044914
0 1 0.923192 0.037835 0.003164 0.000005 0.035803
0 1 0.859151 0.071014 0.007202 0.000014 0.062620
0 1 0.487189 0.162028 0.030340 0.000238 0.320205
0 1 0.639227 0.130201 0.039358 0.001232 0.189983
0 1 0.711948 0.097679 0.025004 0.000631 0.164739
0 1 0.641372 0.162879 0.044005 0.000759 0.150986
0 1 0.391891 0.263243 0.230580 0.014085 0.100200
2 2 0.263596 0.272203 0.358959 0.010123 0.095119
2 2 0.062720 0.188344 0.697167 0.015850 0.035919
2 2 0.064922 0.271008 0.613776 0.004332 0.045962
2 2 0.062823 0.131595 0.791909 0.001835 0.011838
2 2 0.335185 0.251736 0.337164 0.000991 0.074924
2 2 0.188506 0.216541 0.500028 0.003158 0.091768
0 2 0.602159 0.125882 0.209979 0.009781 0.052199
2 2 0.060340 0.148745 0.747799 0.008080 0.035037
2 2 0.097595 0.135068 0.704861 0.026565 0.035911
0 2 0.392059 0.168467 0.373160 0.012323 0.053992
2 2 0.103192 0.321851 0.502957 0.002088 0.069912
0 2 0.542355 0.183144 0.182716 0.013669 0.078116
0 2 0.526142 0.160853 0.216002 0.013992 0.083011
2 2 0.206406 0.311026 0.435025 0.002666 0.044878
2 1 0.119026 0.133777 0.718406 0.005931 0.022859
0 0 0.918310 0.043597 0.008709 0.000120 0.029263
0 0 0.954584 0.030696 0.003602 0.000011 0.011108
0 0 0.959263 0.025934 0.007455 0.000115 0.007233
0 0 0.890411 0.071486 0.021219 0.000266 0.016618
0 0 0.956485 0.027487 0.007640 0.000121 0.008267
0 0 0.937322 0.037172 0.008444 0.000152 0.016911
0 0 0.960134 0.025603 0.004845 0.000051 0.009368
0 0 0.962018 0.024511 0.004182 0.000039 0.009250
0 1 0.968432 0.020951 0.003216 0.000023 0.007378
0 4 0.937492 0.037214 0.008102 0.000130 0.017062
4 4 0.071210 0.033236 0.003629 0.000013 0.891912
4 4 0.105078 0.047418 0.003453 0.000005 0.844046
4 4 0.153528 0.064632 0.004181 0.000004 0.777655
4 4 0.153170 0.088184 0.014365 0.000013 0.744268
4 4 0.134888 0.116024 0.018023 0.000010 0.731056
4 4 0.128615 0.118110 0.026204 0.000027 0.727043
4 4 0.094738 0.070639 0.009970 0.000023 0.824630
4 4 0.308159 0.097195 0.022805 0.000078 0.571762
4 4 0.353400 0.061990 0.005843 0.000015 0.578751
4 4 0.222285 0.104274 0.016753 0.000123 0.656566
4 4 0.033118 0.068921 0.027048 0.000004 0.870910
4 4 0.025566 0.026370 0.006959 0.000004 0.941101
4 4 0.188959 0.101815 0.045101 0.000048 0.664077
4 4 0.228127 0.085924 0.037765 0.000140 0.648045
4 4 0.157643 0.048804 0.004634 0.000015 0.788904
4 4 0.048363 0.040436 0.002827 0.000003 0.908371
4 4 0.312513 0.055315 0.004374 0.000009 0.627789
4 4 0.148714 0.062078 0.005737 0.000013 0.783457
4 4 0.056339 0.077596 0.018469 0.000021 0.847576
4 4 0.061598 0.267370 0.086533 0.000041 0.584458
4 4 0.130485 0.082906 0.008750 0.000013 0.777846
4 4 0.130974 0.058897 0.008793 0.000025 0.801311
4 4 0.149815 0.061472 0.015989 0.000045 0.772679
4 4 0.179945 0.100940 0.020156 0.000048 0.698910
4 4 0.062382 0.053091 0.017370 0.000014 0.867143
4 4 0.095989 0.198345 0.067214 0.000019 0.638433
4 4 0.062465 0.067690 0.007653 0.000020 0.862171
4 4 0.026063 0.054025 0.011102 0.000007 0.908803
4 4 0.075558 0.066462 0.008538 0.000008 0.849434
4 4 0.154094 0.081443 0.027819 0.000055 0.736589
4 4 0.253787 0.051124 0.005510 0.000004 0.689576
4 4 0.138359 0.035355 0.002076 0.000002 0.824209
4 4 0.225990 0.043502 0.002511 0.000003 0.727993
4 4 0.252695 0.179876 0.013013 0.000005 0.554411
4 4 0.057504 0.106504 0.006963 0.000003 0.829027
4 4 0.037623 0.027066 0.001817 0.000001 0.933492
4 4 0.049402 0.046301 0.004230 0.000003 0.900065
4 4 0.062053 0.069550 0.009350 0.000008 0.859038
4 4 0.089249 0.046680 0.007308 0.000075 0.856688
4 4 0.122373 0.046785 0.005561 0.000031 0.825251
4 4 0.156382 0.077641 0.011876 0.000034 0.754067
4 4 0.053540 0.051442 0.007258 0.000018 0.887742
4 4 0.012896 0.012127 0.001077 0.000003 0.973897
4 4 0.047087 0.052899 0.005325 0.000002 0.894686
4 4 0.051903 0.131641 0.033585 0.000006 0.782866
4 4 0.042672 0.043299 0.003409 0.000004 0.910615
4 4 0.019445 0.053337 0.012788 0.000003 0.914427
4 4 0.062210 0.034807 0.003666 0.000009 0.899307
4 4 0.108178 0.063510 0.006767 0.000020 0.821524
4 4 0.069095 0.053606 0.010170 0.000022 0.867108
4 4 0.073784 0.130847 0.039974 0.000004 0.755391
4 4 0.099862 0.163284 0.076542 0.000008 0.660304
4 4 0.145855 0.085579 0.015180 0.000002 0.753384
4 4 0.161066 0.146391 0.022353 0.000006 0.670184
4 4 0.249239 0.100182 0.012623 0.000009 0.637947
4 4 0.089906 0.058924 0.005224 0.000009 0.845935
4 4 0.159467 0.105684 0.014758 0.000066 0.720026
4 4 0.059083 0.111182 0.018539 0.000016 0.811180
4 4 0.024296 0.094176 0.069849 0.000119 0.811560
4 4 0.024802 0.200166 0.135752 0.000035 0.639244
4 1 0.018114 0.127612 0.074633 0.000015 0.779626
4 1 0.058203 0.160983 0.129674 0.000391 0.650749
4 1 0.024976 0.293394 0.175863 0.000068 0.505699
4 1 0.051753 0.225516 0.186201 0.000137 0.536393
4 1 0.077452 0.092944 0.027350 0.000115 0.802140
4 1 0.058788 0.083303 0.033552 0.000101 0.824256
4 1 0.154571 0.060976 0.007514 0.000039 0.776901
4 1 0.221750 0.086227 0.012229 0.000076 0.679718
4 1 0.071620 0.192859 0.027132 0.000051 0.708338
4 1 0.202495 0.293284 0.096006 0.000070 0.408145
0 0 0.307543 0.176933 0.300809 0.000664 0.214051
0 1 0.786604 0.106277 0.031353 0.000664 0.075102
0 1 0.680040 0.133248 0.044913 0.000191 0.141608
0 1 0.466899 0.195575 0.027479 0.000081 0.309966
4 1 0.210924 0.276754 0.088047 0.000171 0.424104
2 1 0.149527 0.296943 0.481917 0.000468 0.071145
2 2 0.052002 0.207699 0.664811 0.003358 0.072130
0 2 0.377541 0.158651 0.322499 0.030411 0.110898
0 2 0.525210 0.239113 0.069728 0.000910 0.165040
1 2 0.120342 0.443064 0.337023 0.000618 0.098952
2 2 0.314809 0.214755 0.361312 0.012456 0.096668
2 2 0.065610 0.248443 0.642197 0.006678 0.037071
2 2 0.007804 0.084252 0.890547 0.008940 0.008457
2 2 0.011707 0.040214 0.811562 0.128727 0.007790
2 2 0.010282 0.041445 0.890153 0.051300 0.006819
2 2 0.020056 0.058769 0.901870 0.011171 0.008134
2 2 0.005179 0.043911 0.927996 0.017291 0.005623
2 2 0.062546 0.122587 0.758704 0.037648 0.018515
2 2 0.042667 0.089725 0.826730 0.026790 0.014089
2 2 0.005366 0.028469 0.951355 0.012580 0.002230
2 2 0.064959 0.127132 0.753394 0.035470 0.019045
2 2 0.221439 0.128548 0.565719 0.041621 0.042673
2 2 0.023874 0.051195 0.891774 0.025082 0.008075
2 2 0.032716 0.103699 0.830497 0.013174 0.019914
2 2 0.001881 0.024717 0.963814 0.006407 0.003182
2 2 0.004473 0.030950 0.914212 0.033986 0.016379
2 2 0.010700 0.029429 0.729816 0.202624 0.027431
2 2 0.003278 0.040027 0.756321 0.178850 0.021524
2 2 0.015945 0.083306 0.775750 0.092668 0.032332
2 2 0.026263 0.017738 0.575311 0.375186 0.005502
2 2 0.027053 0.098526 0.744172 0.102910 0.027340
2 2 0.005952 0.028632 0.732182 0.215567 0.017667
2 2 0.004236 0.034558 0.762615 0.192606 0.005985
3 2 0.005728 0.018414 0.405787 0.563750 0.006321
3 3 0.001690 0.006157 0.203878 0.785036 0.003240
3 3 0.002153 0.005087 0.241378 0.747373 0.004008
3 3 0.003720 0.008157 0.342276 0.641175 0.004671
2 3 0.020312 0.028647 0.542593 0.383387 0.025060
3 3 0.008352 0.016486 0.440392 0.527390 0.007381
3 3 0.000349 0.001652 0.097046 0.900540 0.000413
3 3 0.000688 0.001884 0.042110 0.954221 0.001097
3 3 0.000341 0.000865 0.031317 0.966889 0.000588
3 3 0.000245 0.000551 0.019567 0.979344 0.000293
3 3 0.015948 0.017375 0.136609 0.815379 0.014688
3 3 0.011848 0.012396 0.106351 0.860973 0.008431
3 3 0.001320 0.002636 0.058675 0.935998 0.001370
3 3 0.000670 0.002849 0.104158 0.891085 0.001238
3 3 0.001284 0.003119 0.067916 0.924443 0.003237
3 2 0.000938 0.006866 0.280550 0.708509 0.003137
2 2 0.000730 0.008903 0.640424 0.348150 0.001792
2 2 0.143946 0.185197 0.586745 0.054325 0.029787
2 2 0.212599 0.132880 0.563649 0.067187 0.023686
2 2 0.039412 0.086171 0.844586 0.018664 0.011167
2 2 0.012603 0.062917 0.875244 0.042392 0.006844
2 2 0.023712 0.079128 0.856979 0.033275 0.006906
2 2 0.058569 0.083744 0.793856 0.049982 0.013849
