0 0 0.912331 0.042453 0.019157 0.000151 0.025908
0 0 0.788670 0.124666 0.060812 0.000171 0.025680
0 0 0.433228 0.369199 0.168861 0.000317 0.028395
0 0 0.734220 0.144731 0.059149 0.000892 0.061007
0 1 0.571375 0.256788 0.057333 0.000972 0.113532
1 1 0.341338 0.528262 0.074872 0.000274 0.055254
1 1 0.400602 0.404965 0.081748 0.000053 0.112632
0 1 0.404102 0.392551 0.125000 0.000027 0.078321
0 4 0.836075 0.022680 0.019143 0.000029 0.122072
0 4 0.750399 0.057202 0.025554 0.000042 0.166802
0 4 0.742070 0.074514 0.041497 0.000235 0.141683
0 4 0.916091 0.013348 0.008860 0.000148 0.061553
0 4 0.362299 0.222934 0.055055 0.000133 0.359579
0 4 0.682910 0.202744 0.061637 0.000069 0.052641
1 4 0.165874 0.427923 0.265395 0.000241 0.140568
1 4 0.082072 0.606361 0.248066 0.000148 0.063354
1 4 0.283312 0.399465 0.227490 0.000154 0.089579
0 4 0.489707 0.191341 0.109774 0.000061 0.209118
1 4 0.079887 0.389907 0.205205 0.000031 0.324970
0 4 0.331611 0.224115 0.231265 0.000081 0.212929
0 4 0.360903 0.113196 0.180169 0.000128 0.345604
0 4 0.859307 0.040697 0.035959 0.000007 0.064030
0 4 0.709446 0.136980 0.061700 0.000045 0.091830
0 4 0.463151 0.219358 0.210493 0.000053 0.106944
2 4 0.136072 0.321329 0.497339 0.000135 0.045125
1 4 0.100345 0.472262 0.345358 0.000320 0.081715
0 4 0.346775 0.332438 0.215331 0.000633 0.104823
2 4 0.210544 0.223858 0.550253 0.000394 0.014950
2 1 0.094510 0.110268 0.777389 0.003540 0.014294
2 1 0.020167 0.126413 0.834938 0.000556 0.017926
2 1 0.126511 0.209484 0.556352 0.014185 0.093468
2 1 0.005918 0.158427 0.822812 0.000560 0.012284
2 1 0.023624 0.413350 0.486439 0.000052 0.076535
2 1 0.038049 0.313932 0.497436 0.000246 0.150337
2 1 0.012131 0.283345 0.655046 0.004266 0.045211
2 1 0.002199 0.039021 0.952760 0.001255 0.004765
2 1 0.002886 0.012454 0.980358 0.003295 0.001008
2 2 0.000092 0.007140 0.984375 0.008060 0.000333
2 2 0.000041 0.009400 0.982968 0.007360 0.000232
2 2 0.000238 0.004653 0.990290 0.004663 0.000157
2 2 0.003425 0.028761 0.955215 0.010000 0.002599
2 2 0.000041 0.005825 0.993450 0.000427 0.000257
2 2 0.001023 0.002697 0.990259 0.005844 0.000176
2 2 0.000038 0.000708 0.990481 0.008747 0.000026
2 2 0.000038 0.000331 0.983624 0.015993 0.000015
2 3 0.000053 0.000416 0.995598 0.003918 0.000015
2 3 0.000891 0.000255 0.996835 0.002006 0.000012
2 3 0.022764 0.001096 0.952441 0.023598 0.000101
2 3 0.002000 0.000857 0.993842 0.003277 0.000024
2 3 0.000236 0.000273 0.998024 0.001453 0.000015
2 3 0.000421 0.001850 0.994647 0.002973 0.000108
2 3 0.000849 0.002562 0.908271 0.088035 0.000283
2 3 0.003094 0.000489 0.914361 0.082026 0.000030
2 3 0.000536 0.000069 0.815349 0.184033 0.000013
2 3 0.001372 0.000375 0.775340 0.222811 0.000103
2 3 0.000643 0.000097 0.714298 0.284954 0.000007
3 3 0.000384 0.000137 0.335911 0.663548 0.000021
2 3 0.000045 0.000247 0.940299 0.059402 0.000008
2 3 0.000072 0.000715 0.997150 0.002050 0.000013
2 3 0.003684 0.001057 0.831821 0.163342 0.000095
2 3 0.003541 0.002120 0.932084 0.062156 0.000100
2 3 0.013928 0.000955 0.700680 0.284187 0.000249
2 3 0.003452 0.000836 0.816246 0.179387 0.000080
2 3 0.000548 0.000170 0.669984 0.329286 0.000012
2 3 0.000514 0.000457 0.718252 0.280753 0.000025
2 3 0.004408 0.000801 0.562506 0.432111 0.000174
2 3 0.004376 0.000398 0.828084 0.167096 0.000045
3 3 0.001378 0.000241 0.231988 0.766301 0.000092
3 3 0.000640 0.000191 0.209714 0.789399 0.000056
3 3 0.001786 0.000199 0.149759 0.848123 0.000133
3 3 0.000836 0.001239 0.210487 0.787118 0.000319
3 3 0.000208 0.000074 0.105318 0.894375 0.000026
3 3 0.000135 0.000027 0.080725 0.919102 0.000011
2 3 0.005568 0.001660 0.938642 0.054035 0.000095
2 3 0.002982 0.000924 0.902065 0.093973 0.000055
3 3 0.000583 0.000146 0.166704 0.832515 0.000053
3 3 0.000541 0.000278 0.303252 0.695879 0.000050
3 3 0.003257 0.001752 0.372377 0.622132 0.000483
3 3 0.002528 0.000233 0.229493 0.767624 0.000122
3 3 0.000171 0.000217 0.344352 0.655240 0.000020
3 3 0.000128 0.000082 0.055359 0.944392 0.000039
3 3 0.000118 0.000180 0.426588 0.573103 0.000011
3 3 0.000544 0.000108 0.136429 0.862873 0.000047
3 3 0.003990 0.000730 0.205386 0.789456 0.000438
3 3 0.008235 0.000938 0.171438 0.818491 0.000897
3 3 0.001649 0.000491 0.343129 0.654606 0.000125
3 3 0.000231 0.000193 0.289189 0.710362 0.000025
3 3 0.000013 0.000023 0.028666 0.971290 0.000007
3 3 0.000116 0.000154 0.074435 0.925246 0.000049
3 3 0.001000 0.000224 0.061866 0.936674 0.000236
3 3 0.000333 0.000217 0.102448 0.896917 0.000086
3 3 0.000092 0.000050 0.165836 0.834014 0.000008
3 3 0.002619 0.000327 0.382333 0.614624 0.000097
3 3 0.000382 0.000454 0.238088 0.760995 0.000081
3 3 0.000367 0.000043 0.065861 0.933696 0.000033
3 3 0.000036 0.000018 0.068600 0.931342 0.000005
3 3 0.000004 0.000005 0.009594 0.990395 0.000003
3 3 0.000221 0.000158 0.126060 0.873516 0.000044
3 3 0.000007 0.000049 0.129682 0.870260 0.000003
3 3 0.000201 0.000158 0.209620 0.789994 0.000027
3 3 0.005287 0.002892 0.436576 0.554482 0.000764
2 3 0.000707 0.000932 0.610000 0.388290 0.000070
2 3 0.004393 0.001971 0.784783 0.208645 0.000207
3 3 0.000579 0.000405 0.136098 0.862766 0.000151
3 3 0.000279 0.000198 0.036523 0.962846 0.000153
3 3 0.000322 0.000079 0.077710 0.921843 0.000045
3 3 0.000958 0.000592 0.238950 0.759339 0.000161
3 3 0.000004 0.000011 0.010902 0.989078 0.000005
3 3 0.000017 0.000033 0.026669 0.973269 0.000012
3 3 0.000109 0.000073 0.043641 0.956139 0.000039
3 3 0.000514 0.000417 0.427842 0.571179 0.000048
3 3 0.000033 0.000096 0.248369 0.751496 0.000006
3 3 0.000065 0.000164 0.060171 0.939554 0.000046
3 3 0.000050 0.000051 0.031117 0.968757 0.000026
3 3 0.000298 0.000320 0.174811 0.824500 0.000071
3 3 0.000977 0.000463 0.138737 0.859619 0.000204
3 3 0.000033 0.000133 0.136671 0.863148 0.000014
3 3 0.000026 0.000077 0.059809 0.940073 0.000015
3 3 0.000092 0.000263 0.109268 0.890327 0.000050
3 3 0.000957 0.000480 0.209413 0.789000 0.000150
3 3 0.000020 0.000275 0.037441 0.962206 0.000059
3 3 0.000032 0.000056 0.035814 0.964078 0.000020
3 3 0.000005 0.000027 0.024607 0.975356 0.000005
3 3 0.001922 0.000452 0.353021 0.644482 0.000123
3 3 0.000123 0.000153 0.032213 0.967410 0.000102
3 3 0.000118 0.000221 0.054360 0.945212 0.000089
3 3 0.000301 0.000163 0.065358 0.934085 0.000093
3 3 0.000012 0.000060 0.017287 0.982618 0.000023
3 3 0.000131 0.000092 0.091231 0.908518 0.000028
3 3 0.000038 0.000047 0.035586 0.964310 0.000018
3 3 0.000149 0.000569 0.159573 0.839621 0.000089
3 3 0.000020 0.000080 0.100547 0.899345 0.000009
3 3 0.000003 0.000021 0.010829 0.989139 0.000007
3 3 0.000113 0.000156 0.104154 0.895540 0.000037
3 3 0.000167 0.000115 0.063836 0.935830 0.000053
3 3 0.003147 0.002188 0.306392 0.687570 0.000704
2 3 0.030392 0.024310 0.696436 0.243265 0.005597
2 2 0.046661 0.051735 0.768030 0.124504 0.009070
2 2 0.004939 0.051882 0.802340 0.137877 0.002962
2 2 0.002739 0.005781 0.900303 0.090924 0.000253
2 2 0.027537 0.098693 0.757795 0.105734 0.010241
2 2 0.045212 0.070524 0.810707 0.065577 0.007980
0 1 0.603225 0.195462 0.173046 0.000623 0.027644
0 1 0.719880 0.101142 0.149822 0.001249 0.027906
0 0 0.932835 0.029216 0.011144 0.000127 0.026678
2 1 0.021446 0.238109 0.724508 0.004270 0.011669
2 1 0.029238 0.084479 0.835700 0.002767 0.047816
0 0 0.464425 0.159105 0.088733 0.000734 0.287003
0 1 0.898871 0.037784 0.013463 0.000109 0.049773
2 1 0.031231 0.144348 0.819557 0.001749 0.003115
2 1 0.001471 0.012295 0.981880 0.003909 0.000446
2 2 0.001617 0.004054 0.862601 0.131553 0.000175
2 2 0.000615 0.001521 0.961221 0.036620 0.000024
2 2 0.000188 0.004795 0.827988 0.166886 0.000144
2 2 0.000054 0.005616 0.984492 0.009688 0.000151
2 2 0.000525 0.022661 0.911965 0.063520 0.001329
2 2 0.000474 0.040147 0.953604 0.004149 0.001625
2 2 0.000117 0.015627 0.982530 0.001166 0.000561
2 2 0.000570 0.038720 0.958915 0.001523 0.000272
2 2 0.005423 0.137598 0.846976 0.000521 0.009482
2 2 0.000030 0.006418 0.992351 0.001139 0.000062
2 2 0.000156 0.017305 0.979008 0.003284 0.000247
2 2 0.000032 0.012908 0.986038 0.000819 0.000204
2 2 0.000046 0.006536 0.991709 0.001567 0.000143
2 2 0.000222 0.036254 0.957098 0.002931 0.003495
2 2 0.000524 0.054602 0.937694 0.002619 0.004561
2 2 0.000476 0.044892 0.950475 0.000915 0.003242
2 2 0.000111 0.012681 0.983824 0.002991 0.000394
2 2 0.000822 0.009300 0.987357 0.002216 0.000305
2 2 0.002219 0.006501 0.990773 0.000167 0.000340
2 2 0.023114 0.204564 0.768584 0.000152 0.003586
2 2 0.002360 0.180187 0.814391 0.000081 0.002982
2 2 0.000505 0.055587 0.942276 0.000606 0.001026
2 2 0.002823 0.111039 0.878851 0.002175 0.005112
2 2 0.000643 0.035684 0.958474 0.002778 0.002421
2 2 0.006806 0.043294 0.945267 0.002960 0.001673
2 2 0.006294 0.109086 0.879797 0.002494 0.002329
2 2 0.399603 0.145469 0.440974 0.001444 0.012511
0 0 0.953772 0.011633 0.029731 0.000067 0.004797
0 1 0.657875 0.132113 0.191597 0.000551 0.017864
2 1 0.000219 0.015094 0.959584 0.024808 0.000295
2 2 0.000360 0.004843 0.937494 0.057173 0.000130
2 2 0.000585 0.017713 0.973871 0.007595 0.000237
2 2 0.043862 0.177817 0.772888 0.000466 0.004967
2 2 0.072340 0.062452 0.860456 0.002718 0.002033
2 2 0.003961 0.163097 0.831078 0.000348 0.001516
2 2 0.004516 0.029266 0.935014 0.030430 0.000774
2 2 0.003498 0.016839 0.975496 0.004003 0.000164
2 2 0.002126 0.012503 0.980957 0.004280 0.000134
2 2 0.002189 0.007396 0.965777 0.024492 0.000146
2 2 0.007156 0.063679 0.927761 0.000374 0.001030
2 2 0.003141 0.075158 0.920107 0.001251 0.000343
2 2 0.003460 0.043516 0.927462 0.024690 0.000872
2 2 0.011275 0.052293 0.934615 0.000616 0.001202
2 2 0.001348 0.050244 0.944694 0.002300 0.001414
2 2 0.001816 0.092317 0.904890 0.000048 0.000928
2 2 0.008623 0.265018 0.724795 0.000103 0.001462
2 2 0.005210 0.067514 0.925716 0.001033 0.000527
2 2 0.010901 0.082108 0.903763 0.002290 0.000938
2 2 0.002209 0.017176 0.977841 0.002605 0.000168
2 2 0.016830 0.161735 0.813856 0.003904 0.003675
2 2 0.002378 0.034571 0.958668 0.003681 0.000702
2 2 0.296618 0.078420 0.619296 0.001225 0.004442
2 2 0.095968 0.191292 0.694699 0.006643 0.011399
0 2 0.455788 0.321061 0.186851 0.000715 0.035584
0 0 0.375213 0.243245 0.360945 0.001056 0.019541
0 0 0.488317 0.363599 0.100673 0.000387 0.047024
2 0 0.053706 0.448187 0.478593 0.000860 0.018655
2 1 0.001428 0.138788 0.855220 0.000167 0.004396
2 1 0.002557 0.006712 0.986712 0.003652 0.000367
2 2 0.046515 0.074099 0.874686 0.001232 0.003468
2 2 0.000826 0.039992 0.956899 0.001966 0.000317
2 2 0.007044 0.133574 0.857372 0.000568 0.001442
2 2 0.055666 0.309266 0.617625 0.004839 0.012605
2 2 0.020613 0.168983 0.769982 0.025964 0.014458
2 2 0.011426 0.221890 0.754145 0.004190 0.008349
2 2 0.060431 0.022115 0.890804 0.024619 0.002031
2 2 0.023634 0.043652 0.928048 0.003689 0.000978
2 2 0.026562 0.140016 0.830019 0.001405 0.001998
2 2 0.007954 0.159744 0.828914 0.001232 0.002156
2 2 0.003540 0.072310 0.911205 0.011991 0.000954
2 2 0.000300 0.021209 0.977854 0.000407 0.000230
2 2 0.015244 0.025691 0.958259 0.000257 0.000549
2 2 0.124409 0.118246 0.755509 0.000213 0.001623
2 2 0.006913 0.095471 0.895088 0.001768 0.000761
2 2 0.006569 0.086852 0.894398 0.010662 0.001518
2 2 0.003217 0.047066 0.944286 0.004954 0.000477
2 2 0.001228 0.037876 0.959593 0.000982 0.000321
2 2 0.058499 0.079661 0.857074 0.000561 0.004205
2 2 0.005270 0.044739 0.941712 0.006925 0.001354
2 2 0.093013 0.104955 0.787353 0.008159 0.006520
2 2 0.012352 0.093167 0.891404 0.002014 0.001063
2 2 0.011477 0.110286 0.875088 0.001962 0.001187
2 2 0.045259 0.141988 0.799992 0.007106 0.005656
0 2 0.537753 0.206777 0.247610 0.000072 0.007789
0 0 0.787210 0.139522 0.066232 0.000010 0.007026
0 0 0.397009 0.346736 0.235694 0.000308 0.020254
1 0 0.252439 0.577173 0.133384 0.000091 0.036913
1 1 0.056017 0.558522 0.380738 0.000093 0.004630
2 1 0.066848 0.396702 0.531567 0.000143 0.004741
0 1 0.480150 0.345011 0.148088 0.000225 0.026526
0 1 0.438381 0.359778 0.184381 0.000129 0.017331
1 1 0.187619 0.646071 0.150370 0.000072 0.015868
1 1 0.185473 0.554793 0.248072 0.000102 0.011560
1 1 0.048684 0.516563 0.429881 0.000117 0.004755
2 1 0.058839 0.352336 0.586548 0.000080 0.002198
2 1 0.007674 0.130312 0.859114 0.001806 0.001094
1 1 0.123084 0.499077 0.370076 0.000139 0.007624
0 0 0.777509 0.080599 0.136563 0.000041 0.005289
0 0 0.947298 0.007480 0.034186 0.000812 0.010225
0 0 0.733618 0.057520 0.187064 0.002052 0.019747
0 0 0.911162 0.014398 0.064915 0.000576 0.008948
0 0 0.828466 0.029862 0.134523 0.000326 0.006823
0 0 0.975574 0.002971 0.020045 0.000022 0.001388
0 0 0.980395 0.001956 0.016516 0.000020 0.001114
0 0 0.996302 0.000426 0.002494 0.000006 0.000772
0 0 0.999072 0.000135 0.000023 0.000000 0.000770
0 0 0.988012 0.002006 0.002930 0.000070 0.006981
0 0 0.988735 0.002001 0.001733 0.000037 0.007494
0 0 0.920659 0.033048 0.010315 0.000005 0.035973
0 0 0.689487 0.226886 0.053292 0.000025 0.030309
0 0 0.652478 0.262062 0.076489 0.000009 0.008963
0 0 0.423038 0.382467 0.165332 0.000063 0.029100
1 0 0.331217 0.368366 0.282298 0.000080 0.018039
0 0 0.790781 0.081763 0.113773 0.000045 0.013638
0 0 0.809079 0.118944 0.020981 0.000155 0.050841
1 0 0.267430 0.531645 0.179357 0.000041 0.021528
1 1 0.155807 0.657730 0.158966 0.000006 0.027491
0 1 0.546573 0.246411 0.178644 0.000009 0.028362
2 1 0.137378 0.221922 0.602343 0.000093 0.038264
2 1 0.031699 0.185437 0.774009 0.003208 0.005648
2 1 0.059336 0.390065 0.525531 0.000211 0.024856
2 1 0.093393 0.339919 0.535784 0.000187 0.030717
0 1 0.533957 0.186127 0.259442 0.000122 0.020353
2 1 0.330145 0.245587 0.348946 0.000377 0.074945
1 1 0.040876 0.439733 0.390086 0.000106 0.129199
0 1 0.458644 0.289490 0.217278 0.000121 0.034467
0 0 0.543383 0.271275 0.172065 0.000082 0.013195
0 0 0.968465 0.006304 0.022896 0.000023 0.002311
0 0 0.600728 0.093225 0.287409 0.001602 0.017036
0 0 0.737792 0.039889 0.211266 0.001111 0.009941
0 0 0.999293 0.000021 0.000105 0.000004 0.000577
0 0 0.998571 0.000131 0.000650 0.000004 0.000644
0 0 0.978200 0.008269 0.005824 0.000024 0.007683
0 0 0.941493 0.018496 0.022990 0.000293 0.016727
0 0 0.403472 0.228705 0.344048 0.001327 0.022448
0 0 0.564567 0.282041 0.132315 0.000134 0.020943
0 0 0.670535 0.199811 0.034845 0.000658 0.094150
0 0 0.417671 0.363811 0.208758 0.000041 0.009719
2 0 0.365589 0.143139 0.479046 0.001389 0.010836
2 0 0.065279 0.355083 0.433030 0.000448 0.146161
2 0 0.193495 0.290878 0.473303 0.004892 0.037432
1 0 0.144890 0.553364 0.279377 0.000615 0.021754
1 0 0.025163 0.521025 0.444890 0.000026 0.008897
1 0 0.190112 0.452324 0.313134 0.000055 0.044375
0 0 0.666652 0.184121 0.076750 0.000087 0.072390
1 0 0.345419 0.396272 0.090543 0.000297 0.167470
1 0 0.058841 0.504491 0.295043 0.000749 0.140877
1 0 0.052513 0.634366 0.191073 0.000050 0.121998
1 0 0.137508 0.402302 0.324477 0.000069 0.135644
0 0 0.646154 0.162638 0.178706 0.000146 0.012357
1 0 0.277233 0.497158 0.199795 0.000317 0.025498
1 0 0.124524 0.515751 0.216052 0.000568 0.143105
1 0 0.184601 0.385449 0.376511 0.000035 0.053404
2 0 0.197447 0.311359 0.363951 0.000119 0.127124
1 0 0.086960 0.382540 0.265286 0.000027 0.265187
2 0 0.290327 0.248832 0.381111 0.001360 0.078371
1 0 0.149242 0.531983 0.289669 0.000236 0.028870
0 0 0.854274 0.087741 0.039783 0.000070 0.018132
0 0 0.392457 0.300355 0.231636 0.000444 0.075108
0 0 0.819600 0.129396 0.033516 0.000014 0.017474
1 0 0.343852 0.351267 0.237142 0.000176 0.067563
1 0 0.017773 0.417222 0.403160 0.001029 0.160816
4 0 0.197190 0.344702 0.104327 0.000033 0.353748
1 0 0.094197 0.465278 0.269734 0.000105 0.170686
1 0 0.016939 0.567612 0.267535 0.000060 0.147854
4 0 0.083906 0.304657 0.136300 0.000222 0.474916
2 0 0.031057 0.152502 0.788867 0.001228 0.026345
2 0 0.116679 0.254302 0.613520 0.000615 0.014885
2 1 0.255037 0.242118 0.468652 0.000085 0.034109
2 1 0.139692 0.068695 0.769959 0.010115 0.011539
2 1 0.009887 0.092832 0.868799 0.009422 0.019060
2 1 0.057338 0.141141 0.767984 0.008238 0.025299
2 0 0.038872 0.182380 0.745938 0.001371 0.031439
1 0 0.293205 0.425771 0.239766 0.000413 0.040845
2 1 0.070871 0.305645 0.585868 0.005186 0.032431
1 1 0.279798 0.429974 0.226961 0.000820 0.062447
2 1 0.116866 0.351517 0.506338 0.000914 0.024366
2 1 0.032902 0.419270 0.532751 0.000510 0.014568
2 1 0.001992 0.091427 0.895182 0.004510 0.006889
2 1 0.007565 0.242080 0.730901 0.001392 0.018062
2 1 0.051854 0.207821 0.719191 0.003049 0.018086
2 1 0.003001 0.080077 0.910788 0.000828 0.005306
2 2 0.002099 0.152727 0.837551 0.000291 0.007331
2 2 0.003662 0.197000 0.786531 0.000432 0.012376
2 2 0.000593 0.041955 0.953922 0.001992 0.001538
2 2 0.002199 0.008390 0.976115 0.011822 0.001475
2 2 0.002440 0.003077 0.993550 0.000628 0.000305
2 2 0.000166 0.001652 0.998045 0.000096 0.000041
2 2 0.000079 0.001169 0.997417 0.001298 0.000037
0 2 0.646291 0.076521 0.260537 0.001539 0.015112
0 1 0.504562 0.199401 0.270973 0.001059 0.024005
2 1 0.137522 0.334472 0.520456 0.000353 0.007197
0 1 0.881294 0.016808 0.097571 0.000169 0.004158
0 0 0.752786 0.098683 0.122641 0.000733 0.025157
0 1 0.656251 0.168961 0.024228 0.000089 0.150471
1 1 0.047934 0.480180 0.454699 0.000579 0.016608
2 2 0.000341 0.045552 0.951907 0.000330 0.001870
2 2 0.004058 0.008478 0.986342 0.000958 0.000164
2 2 0.004098 0.007427 0.984687 0.003178 0.000609
2 2 0.000477 0.002680 0.981290 0.015288 0.000265
2 2 0.003927 0.021182 0.973961 0.000158 0.000772
2 2 0.000089 0.001435 0.998398 0.000073 0.000005
2 2 0.002249 0.005290 0.991779 0.000620 0.000062
2 2 0.024839 0.105322 0.868354 0.000328 0.001156
2 0 0.077554 0.361287 0.554329 0.000536 0.006294
0 0 0.460930 0.211542 0.319576 0.000122 0.007830
0 0 0.702496 0.200732 0.077886 0.000066 0.018820
2 1 0.169645 0.236984 0.576524 0.002621 0.014226
2 1 0.005103 0.061433 0.921659 0.003472 0.008334
2 2 0.000356 0.008134 0.991040 0.000300 0.000170
2 2 0.000045 0.001426 0.997986 0.000531 0.000013
2 2 0.000115 0.001411 0.998172 0.000164 0.000139
2 2 0.000196 0.014318 0.982199 0.003081 0.000206
2 2 0.010672 0.007802 0.979116 0.001984 0.000425
2 2 0.112702 0.029239 0.854446 0.002359 0.001255
2 2 0.021186 0.092670 0.885173 0.000355 0.000616
2 2 0.091475 0.154618 0.750735 0.000536 0.002637
0 2 0.445122 0.298742 0.247083 0.000065 0.008987
2 2 0.039141 0.117408 0.831418 0.000379 0.011654
2 2 0.003421 0.012551 0.971944 0.011397 0.000688
2 2 0.011028 0.025148 0.927597 0.035083 0.001145
0 0 0.562251 0.223398 0.205039 0.000066 0.009245
0 0 0.416104 0.325396 0.238856 0.000301 0.019343
2 1 0.073038 0.205294 0.718548 0.000421 0.002699
2 2 0.024947 0.066043 0.908078 0.000412 0.000519
2 2 0.001867 0.040761 0.954735 0.002294 0.000343
2 2 0.020480 0.048653 0.925401 0.004385 0.001081
2 2 0.047357 0.099309 0.851838 0.000297 0.001198
2 2 0.012584 0.027514 0.957250 0.001683 0.000969
2 2 0.011216 0.010107 0.975804 0.002383 0.000490
2 2 0.017597 0.038056 0.943515 0.000304 0.000528
2 2 0.000711 0.016319 0.982086 0.000628 0.000256
2 2 0.001302 0.005126 0.977816 0.015481 0.000276
2 2 0.000248 0.006053 0.991479 0.002127 0.000093
2 2 0.003461 0.011727 0.982048 0.002550 0.000214
2 2 0.003636 0.014420 0.972550 0.009181 0.000214
2 2 0.004691 0.021721 0.971019 0.002102 0.000467
2 2 0.000925 0.008538 0.988186 0.002120 0.000232
2 2 0.003856 0.022339 0.971638 0.001229 0.000938
2 2 0.062483 0.048180 0.875321 0.001842 0.012174
2 2 0.010111 0.012974 0.976328 0.000420 0.000167
2 2 0.006481 0.009007 0.983682 0.000674 0.000155
2 2 0.002788 0.002793 0.993589 0.000793 0.000036
2 2 0.000403 0.001936 0.987649 0.009950 0.000062
2 2 0.000682 0.003532 0.994653 0.000986 0.000146
2 2 0.000276 0.003187 0.991217 0.005276 0.000043
2 2 0.002751 0.003579 0.965197 0.028379 0.000094
2 2 0.000265 0.001763 0.991536 0.006394 0.000042
2 2 0.002728 0.003223 0.832052 0.161787 0.000210
2 2 0.003308 0.004815 0.968505 0.022930 0.000442
2 3 0.000995 0.001866 0.789113 0.207933 0.000093
2 3 0.001014 0.004004 0.853456 0.141388 0.000138
2 3 0.005534 0.001587 0.805419 0.187279 0.000180
2 3 0.004877 0.000852 0.798857 0.195313 0.000102
2 3 0.000610 0.002561 0.983565 0.013241 0.000023
2 3 0.007310 0.001488 0.945759 0.045353 0.000091
3 3 0.001439 0.000650 0.412362 0.585426 0.000122
2 3 0.008878 0.008952 0.939137 0.042575 0.000457
2 3 0.001677 0.006261 0.890163 0.101674 0.000224
2 3 0.008286 0.005394 0.898060 0.087849 0.000411
2 3 0.001725 0.001848 0.691337 0.304929 0.000161
2 3 0.000678 0.001970 0.596581 0.400637 0.000135
2 3 0.004592 0.005894 0.627980 0.360703 0.000831
2 3 0.003421 0.002191 0.776112 0.217923 0.000353
2 3 0.000613 0.000647 0.923437 0.075286 0.000016
2 3 0.002430 0.001019 0.800712 0.195756 0.000083
2 3 0.006078 0.000857 0.903398 0.089594 0.000073
2 3 0.004429 0.000677 0.693651 0.301134 0.000109
3 3 0.000540 0.000684 0.423106 0.575595 0.000076
3 3 0.001330 0.003128 0.311500 0.683431 0.000610
3 3 0.001327 0.000903 0.214135 0.783333 0.000302
3 3 0.000539 0.000648 0.218723 0.779949 0.000142
3 3 0.000041 0.000264 0.126605 0.873061 0.000029
3 3 0.000082 0.000541 0.187809 0.811514 0.000054
3 3 0.000154 0.000837 0.249269 0.749657 0.000083
3 3 0.000004 0.000073 0.064742 0.935176 0.000005
3 3 0.000003 0.000029 0.042904 0.957062 0.000003
2 3 0.000577 0.001692 0.661081 0.336556 0.000093
2 3 0.004453 0.002910 0.815896 0.176479 0.000262
2 3 0.004564 0.003851 0.539545 0.451341 0.000700
3 3 0.000773 0.000584 0.317848 0.680687 0.000108
2 3 0.000353 0.000345 0.589467 0.409813 0.000022
3 3 0.000684 0.000317 0.203314 0.795592 0.000093
3 3 0.000590 0.000249 0.115039 0.884006 0.000116
3 3 0.005752 0.001272 0.462762 0.529834 0.000381
2 3 0.002339 0.003140 0.546117 0.447978 0.000426
3 3 0.000207 0.000088 0.048348 0.951299 0.000059
3 3 0.000034 0.000044 0.035850 0.964054 0.000017
3 3 0.000217 0.000195 0.045309 0.954152 0.000126
3 3 0.000539 0.000444 0.053425 0.945257 0.000335
3 3 0.000121 0.000138 0.113738 0.885971 0.000032
3 3 0.000222 0.000186 0.116365 0.883172 0.000055
3 3 0.000223 0.000084 0.130129 0.869539 0.000025
3 3 0.000002 0.000012 0.009014 0.990969 0.000004
3 3 0.002687 0.002034 0.084633 0.908786 0.001860
3 3 0.000226 0.003638 0.271972 0.723838 0.000326
3 3 0.000036 0.000415 0.153395 0.846120 0.000034
3 3 0.000025 0.000097 0.063956 0.935903 0.000017
3 3 0.000064 0.000452 0.423682 0.575783 0.000018
3 3 0.000450 0.000657 0.379376 0.619440 0.000075
3 3 0.000264 0.000299 0.050786 0.948469 0.000182
3 3 0.000041 0.000549 0.135435 0.863923 0.000052
3 3 0.000134 0.000336 0.035671 0.963672 0.000188
3 3 0.000046 0.000285 0.116635 0.882998 0.000036
3 3 0.000004 0.000014 0.011002 0.988974 0.000006
3 3 0.000010 0.000088 0.017271 0.982600 0.000030
3 3 0.000064 0.000334 0.084482 0.915056 0.000064
3 3 0.000039 0.000125 0.056808 0.942998 0.000030
3 3 0.000327 0.002628 0.125029 0.871466 0.000550
3 3 0.000002 0.000029 0.009767 0.990195 0.000007
3 3 0.000049 0.000161 0.076202 0.923555 0.000033
3 3 0.000007 0.000164 0.044987 0.954822 0.000020
3 3 0.000142 0.000470 0.057917 0.941295 0.000176
3 3 0.000019 0.000088 0.032587 0.967281 0.000025
2 3 0.053933 0.004671 0.670636 0.268802 0.001958
2 1 0.118762 0.070521 0.766825 0.033540 0.010353
2 1 0.012092 0.185525 0.801285 0.000266 0.000831
2 1 0.001187 0.046618 0.945996 0.005552 0.000647
2 1 0.002319 0.031999 0.793615 0.170583 0.001484
2 1 0.000306 0.012541 0.903563 0.083356 0.000234
2 2 0.001241 0.013598 0.977744 0.007293 0.000124
2 2 0.000083 0.003491 0.958057 0.038342 0.000027
2 2 0.000683 0.003282 0.955106 0.040877 0.000051
2 2 0.002185 0.006703 0.855440 0.135353 0.000319
2 2 0.001719 0.019557 0.942461 0.035592 0.000670
2 2 0.000507 0.005415 0.993252 0.000637 0.000190
2 2 0.000083 0.012794 0.986774 0.000294 0.000056
2 2 0.000126 0.022131 0.975367 0.001909 0.000467
2 2 0.000629 0.077042 0.921107 0.000178 0.001044
2 2 0.001286 0.041686 0.931721 0.022130 0.003177
2 2 0.001487 0.042975 0.948739 0.005557 0.001242
2 2 0.004712 0.154582 0.838617 0.000295 0.001794
2 2 0.036611 0.235683 0.720349 0.000414 0.006942
2 2 0.003500 0.264409 0.719821 0.000117 0.012154
2 2 0.010305 0.145179 0.835684 0.000120 0.008712
2 2 0.019001 0.285906 0.685936 0.000381 0.008776
2 2 0.008157 0.098983 0.879656 0.007288 0.005916
2 1 0.026157 0.090162 0.872607 0.002271 0.008803
2 1 0.168128 0.152530 0.662080 0.001216 0.016046
2 1 0.048545 0.109868 0.774964 0.039183 0.027440
2 1 0.003823 0.146992 0.829862 0.000477 0.018845
2 1 0.162066 0.196931 0.584358 0.003985 0.052660
2 1 0.063084 0.281102 0.643223 0.000312 0.012278
2 1 0.050976 0.437351 0.483917 0.000070 0.027685
1 1 0.024229 0.525986 0.414366 0.000167 0.035252
2 1 0.016449 0.413952 0.537926 0.000061 0.031612
2 1 0.081857 0.271960 0.623288 0.000719 0.022175
2 1 0.120260 0.363955 0.495883 0.001012 0.018890
2 1 0.018260 0.144887 0.823866 0.000509 0.012477
1 1 0.061839 0.512970 0.344074 0.001421 0.079696
1 1 0.080289 0.565692 0.301889 0.000903 0.051228
2 1 0.019378 0.291851 0.675117 0.000543 0.013112
2 1 0.009352 0.157031 0.828066 0.002421 0.003130
2 1 0.059996 0.365680 0.550137 0.001481 0.022706
2 1 0.102607 0.300868 0.435642 0.016193 0.144690
1 1 0.192515 0.389781 0.184677 0.006231 0.226796
0 1 0.634658 0.198105 0.143042 0.000336 0.023858
0 0 0.756963 0.114914 0.102746 0.000419 0.024958
2 1 0.174593 0.305693 0.502805 0.001610 0.015299
2 1 0.117487 0.185666 0.655912 0.002774 0.038162
1 1 0.107779 0.503118 0.376783 0.000224 0.012095
1 1 0.190250 0.493894 0.304538 0.000152 0.011167
2 1 0.018580 0.068267 0.910691 0.000745 0.001717
2 1 0.038500 0.127276 0.833251 0.000154 0.000818
1 1 0.049307 0.569096 0.378264 0.000035 0.003298
2 1 0.041121 0.408072 0.546796 0.000241 0.003770
2 1 0.017000 0.125146 0.856272 0.000616 0.000966
2 1 0.054171 0.223653 0.718753 0.000475 0.002947
2 1 0.033658 0.070881 0.891956 0.001592 0.001914
2 1 0.054752 0.142778 0.801699 0.000066 0.000705
0 1 0.649164 0.228807 0.109984 0.000037 0.012008
1 1 0.033907 0.494188 0.470008 0.000037 0.001860
2 1 0.003458 0.112578 0.882816 0.000503 0.000646
2 1 0.041068 0.142189 0.809409 0.003468 0.003866
2 1 0.020686 0.112098 0.864465 0.001362 0.001388
1 1 0.051775 0.479475 0.463712 0.000193 0.004845
2 1 0.012637 0.203919 0.779645 0.000941 0.002857
2 1 0.008209 0.167337 0.817194 0.002043 0.005217
2 1 0.006084 0.038360 0.951118 0.003832 0.000605
2 2 0.015016 0.155918 0.827434 0.000589 0.001043
2 2 0.047531 0.234407 0.716386 0.000136 0.001540
2 2 0.049528 0.345091 0.597410 0.001083 0.006888
2 2 0.022081 0.118465 0.842237 0.012417 0.004799
2 2 0.003775 0.092258 0.902190 0.001305 0.000472
2 2 0.002286 0.074164 0.922123 0.001092 0.000334
2 2 0.000961 0.004224 0.993843 0.000929 0.000043
2 2 0.000060 0.002215 0.996479 0.001232 0.000015
2 2 0.000161 0.010780 0.988437 0.000593 0.000030
2 2 0.003862 0.009203 0.983227 0.003604 0.000104
2 2 0.000736 0.015293 0.963940 0.019792 0.000238
2 2 0.004310 0.060645 0.930589 0.003894 0.000562
0 2 0.434277 0.217486 0.340648 0.000140 0.007449
2 0 0.096925 0.287822 0.604434 0.001547 0.009272
2 0 0.025002 0.273625 0.698081 0.000597 0.002695
2 1 0.016789 0.100653 0.877174 0.003632 0.001751
2 1 0.004737 0.037878 0.949223 0.006797 0.001365
2 1 0.082160 0.152804 0.760067 0.001348 0.003622
1 1 0.087629 0.645581 0.258058 0.000098 0.008634
2 1 0.010138 0.154177 0.833234 0.000849 0.001602
2 2 0.021793 0.222420 0.737868 0.009374 0.008544
2 2 0.117456 0.086494 0.791365 0.001602 0.003083
2 2 0.079098 0.225345 0.688391 0.001304 0.005862
2 2 0.047595 0.349841 0.590754 0.002182 0.009629
1 2 0.090235 0.506725 0.387396 0.000834 0.014809
1 1 0.063788 0.583276 0.345583 0.000127 0.007226
1 1 0.083423 0.514446 0.389285 0.000592 0.012254
1 1 0.178514 0.420334 0.375808 0.001488 0.023856
0 1 0.931939 0.020733 0.038177 0.000140 0.009010
0 0 0.801827 0.092525 0.060526 0.000878 0.044243
0 0 0.990974 0.000832 0.001583 0.000100 0.006511
0 0 0.980271 0.004802 0.005840 0.000084 0.009004
0 0 0.899101 0.039348 0.048248 0.000164 0.013139
0 0 0.899593 0.051373 0.021659 0.000151 0.027224
0 0 0.417179 0.356880 0.203875 0.000149 0.021917
1 0 0.136376 0.657549 0.178358 0.000086 0.027631
2 1 0.008799 0.207518 0.764106 0.003700 0.015877
2 1 0.007322 0.039644 0.943387 0.008915 0.000732
2 1 0.000126 0.014773 0.983815 0.001069 0.000217
2 1 0.000426 0.017447 0.980859 0.000696 0.000572
2 1 0.068073 0.315650 0.610393 0.000622 0.005262
2 1 0.000808 0.054194 0.941874 0.001974 0.001149
2 1 0.001055 0.024076 0.972439 0.002159 0.000271
2 2 0.001778 0.025055 0.961472 0.011145 0.000550
2 2 0.001298 0.015393 0.981549 0.001452 0.000308
2 2 0.093682 0.234695 0.666784 0.000564 0.004276
2 2 0.307085 0.332990 0.352148 0.000076 0.007701
2 2 0.277143 0.102624 0.616121 0.000420 0.003691
2 2 0.044666 0.248783 0.698398 0.001711 0.006442
2 2 0.011066 0.126857 0.844817 0.002117 0.015143
2 1 0.064929 0.301692 0.619087 0.000951 0.013341
1 1 0.131054 0.639563 0.212277 0.000145 0.016961
1 1 0.090403 0.545393 0.344616 0.000076 0.019512
0 1 0.570694 0.157624 0.230884 0.000232 0.040566
0 1 0.789751 0.064738 0.118258 0.001394 0.025857
0 1 0.817270 0.115049 0.050948 0.000057 0.016676
0 1 0.445360 0.432866 0.106030 0.000020 0.015724
0 1 0.478961 0.376610 0.118211 0.000134 0.026084
2 1 0.221577 0.262879 0.500406 0.001249 0.013889
2 1 0.073644 0.106444 0.808844 0.001895 0.009173
1 1 0.161953 0.435437 0.387555 0.000557 0.014498
1 0 0.168527 0.437677 0.368205 0.001468 0.024124
1 1 0.037288 0.714205 0.242243 0.000012 0.006250
1 1 0.123110 0.629962 0.225764 0.000386 0.020777
2 1 0.037522 0.386832 0.563383 0.000680 0.011584
2 1 0.002486 0.086864 0.906467 0.002427 0.001755
2 1 0.009251 0.085877 0.900562 0.002601 0.001709
2 1 0.021729 0.109130 0.862064 0.004652 0.002424
2 1 0.037033 0.186233 0.771575 0.001750 0.003410
2 1 0.070960 0.443560 0.470239 0.001648 0.013592
2 1 0.005860 0.176943 0.805697 0.001345 0.010156
2 1 0.007863 0.297284 0.681910 0.000213 0.012730
2 1 0.078553 0.324128 0.585342 0.001705 0.010273
2 1 0.060220 0.425955 0.505270 0.000653 0.007902
2 1 0.209958 0.298946 0.476354 0.000966 0.013776
2 1 0.194293 0.321030 0.473108 0.000650 0.010919
1 1 0.098468 0.492932 0.396763 0.000468 0.011369
1 1 0.387037 0.460398 0.116201 0.000236 0.036128
0 1 0.433969 0.315537 0.211143 0.001090 0.038261
0 1 0.319732 0.292848 0.306085 0.000172 0.081164
2 1 0.198375 0.378178 0.393243 0.000401 0.029803
1 1 0.292804 0.349633 0.339195 0.000550 0.017818
2 1 0.051276 0.460797 0.480071 0.000610 0.007247
1 1 0.042634 0.548610 0.398496 0.000108 0.010152
1 1 0.235553 0.417959 0.340782 0.000044 0.005662
0 1 0.781411 0.092048 0.114955 0.000132 0.011455
0 0 0.970780 0.005666 0.022002 0.000011 0.001541
0 0 0.988288 0.004021 0.005590 0.000005 0.002097
0 0 0.991173 0.000785 0.006415 0.000044 0.001583
0 0 0.991152 0.002936 0.003880 0.000004 0.002028
0 0 0.991470 0.000712 0.001467 0.000105 0.006246
0 0 0.995843 0.000291 0.003434 0.000005 0.000427
0 0 0.979814 0.002237 0.015149 0.000094 0.002706
0 0 0.922731 0.021141 0.041324 0.000424 0.014381
0 0 0.487742 0.232521 0.209631 0.004948 0.065158
0 0 0.949905 0.010923 0.020282 0.000682 0.018207
0 0 0.936047 0.023799 0.016119 0.000243 0.023791
0 0 0.707914 0.062846 0.192483 0.005784 0.030973
0 0 0.864085 0.082168 0.036692 0.000059 0.016996
0 0 0.473977 0.254092 0.256631 0.000259 0.015042
0 0 0.513902 0.253059 0.202502 0.000256 0.030282
1 0 0.375847 0.471965 0.112262 0.000105 0.039821
1 0 0.180990 0.649047 0.047718 0.000240 0.122005
1 0 0.071821 0.444443 0.109349 0.001493 0.372894
1 0 0.230703 0.412905 0.103897 0.009233 0.243262
2 1 0.203822 0.299817 0.355444 0.006999 0.133917
4 1 0.145041 0.259996 0.277656 0.003024 0.314284
1 4 0.215275 0.368772 0.189638 0.000202 0.226114
1 4 0.187443 0.379963 0.193485 0.000080 0.239030
2 4 0.415865 0.094910 0.434436 0.000058 0.054732
1 4 0.162675 0.435291 0.177865 0.000050 0.224118
1 4 0.101264 0.390121 0.286069 0.000018 0.222529
1 4 0.311869 0.325147 0.260771 0.000057 0.102156
0 4 0.566547 0.303673 0.088440 0.000273 0.041066
0 4 0.608924 0.195573 0.065918 0.000304 0.129282
0 4 0.569806 0.269300 0.049227 0.000160 0.111507
0 4 0.839323 0.059241 0.026365 0.000113 0.074959
0 4 0.969998 0.008971 0.008498 0.000116 0.012416
0 4 0.681530 0.121999 0.086323 0.000234 0.109914
0 4 0.654769 0.081246 0.093678 0.000675 0.169631
0 4 0.886103 0.017296 0.003906 0.000032 0.092662
4 4 0.269744 0.088678 0.178387 0.004047 0.459144
4 4 0.237118 0.025870 0.033891 0.000100 0.703021
4 4 0.097283 0.288596 0.250762 0.000301 0.363057
4 4 0.381001 0.112823 0.085302 0.000251 0.420622
0 4 0.630532 0.063017 0.149985 0.000223 0.156242
4 4 0.354658 0.088437 0.046692 0.000184 0.510029
0 4 0.404028 0.105996 0.214667 0.001173 0.274136
2 4 0.139618 0.212010 0.448468 0.002113 0.197792
2 4 0.299118 0.199256 0.430889 0.000561 0.070176
2 4 0.301346 0.192950 0.395374 0.004094 0.106236
1 4 0.182249 0.374064 0.184659 0.000145 0.258882
4 4 0.035801 0.055017 0.068512 0.000075 0.840594
4 4 0.066480 0.010102 0.013342 0.000011 0.910065
4 4 0.418977 0.025465 0.015063 0.000069 0.540426
4 4 0.039809 0.130283 0.126352 0.000169 0.703386
4 4 0.355830 0.090864 0.195406 0.000723 0.357178
4 4 0.166480 0.097870 0.111610 0.000596 0.623444
4 4 0.169637 0.091802 0.045095 0.000055 0.693411
0 4 0.527301 0.259284 0.118434 0.000147 0.094834
2 4 0.129950 0.092150 0.614628 0.000615 0.162657
2 4 0.083918 0.153510 0.578370 0.000214 0.183989
2 4 0.072618 0.177329 0.603974 0.000210 0.145868
2 4 0.067219 0.204290 0.599936 0.018729 0.109827
2 4 0.025208 0.315846 0.607263 0.000506 0.051176
2 4 0.012092 0.358763 0.625443 0.000115 0.003587
0 4 0.856161 0.070211 0.061175 0.000084 0.012368
0 4 0.683030 0.192170 0.077572 0.000514 0.046714
0 4 0.435311 0.297070 0.223195 0.000714 0.043710
1 4 0.056041 0.620185 0.294598 0.000037 0.029139
2 1 0.167126 0.319502 0.366275 0.004257 0.142840
2 4 0.078476 0.308397 0.539887 0.004073 0.069168
2 4 0.005156 0.044725 0.921323 0.022803 0.005992
0 4 0.503384 0.204759 0.245275 0.001321 0.045261
2 4 0.031496 0.347370 0.494016 0.000132 0.126985
1 4 0.054285 0.589836 0.211800 0.000120 0.143960
1 4 0.035221 0.663396 0.264916 0.000074 0.036393
2 4 0.011131 0.304770 0.673565 0.000495 0.010040
2 4 0.012385 0.358747 0.597006 0.000761 0.031102
2 4 0.009306 0.420634 0.490339 0.000028 0.079693
2 4 0.264675 0.251802 0.299835 0.000275 0.183413
0 4 0.383417 0.131018 0.137648 0.000052 0.347865
0 4 0.768331 0.041528 0.013286 0.000135 0.176720
1 4 0.191605 0.401781 0.120034 0.000399 0.286181
1 4 0.156165 0.576608 0.219997 0.000135 0.047096
1 4 0.271344 0.401880 0.122897 0.000013 0.203866
1 4 0.095335 0.600204 0.228319 0.000012 0.076129
1 1 0.034935 0.617199 0.173209 0.000067 0.174590
1 1 0.089355 0.642027 0.206089 0.000451 0.062079
2 1 0.127868 0.355108 0.486641 0.000543 0.029840
1 1 0.188208 0.559807 0.210055 0.001154 0.040775
1 1 0.044449 0.671390 0.217884 0.000130 0.066146
2 4 0.244943 0.253750 0.329651 0.000157 0.171499
1 4 0.195982 0.291732 0.286153 0.002939 0.223195
0 4 0.526980 0.273153 0.094559 0.000380 0.104928
1 1 0.242183 0.373758 0.270796 0.001035 0.112228
2 1 0.028578 0.268305 0.667787 0.007977 0.027353
2 1 0.032862 0.158549 0.800382 0.000446 0.007760
1 0 0.330612 0.385156 0.268670 0.000211 0.015352
2 1 0.022805 0.162612 0.808741 0.000355 0.005488
1 1 0.058102 0.523346 0.391262 0.000925 0.026364
1 1 0.020968 0.550332 0.393493 0.000102 0.035106
2 1 0.048682 0.426666 0.499149 0.001118 0.024384
2 1 0.044182 0.352388 0.586722 0.000987 0.015721
2 1 0.153173 0.300070 0.543243 0.000082 0.003432
0 1 0.918697 0.033209 0.042337 0.000013 0.005744
2 1 0.168481 0.208555 0.597648 0.000012 0.025304
0 1 0.500549 0.332336 0.154071 0.000052 0.012992
0 1 0.480157 0.395551 0.114408 0.000015 0.009869
0 1 0.446482 0.305165 0.233669 0.000135 0.014548
1 1 0.295440 0.441797 0.235437 0.000514 0.026812
1 1 0.037228 0.625173 0.317606 0.000080 0.019913
2 1 0.008509 0.447558 0.538310 0.000014 0.005609
2 1 0.252195 0.346394 0.384833 0.000029 0.016550
1 1 0.324954 0.413215 0.248495 0.000046 0.013290
2 1 0.037526 0.250366 0.692062 0.004363 0.015682
1 1 0.048571 0.472007 0.457007 0.000681 0.021734
2 2 0.000528 0.064553 0.932724 0.000481 0.001714
2 2 0.001265 0.047547 0.939301 0.002559 0.009327
2 2 0.026405 0.067311 0.886450 0.014377 0.005457
2 2 0.000791 0.013219 0.984771 0.000659 0.000560
2 2 0.001010 0.005001 0.993415 0.000432 0.000142
2 2 0.000999 0.024911 0.973006 0.000385 0.000698
2 2 0.002153 0.011273 0.985876 0.000204 0.000494
2 2 0.000292 0.013226 0.986249 0.000021 0.000211
2 2 0.000162 0.014828 0.984614 0.000093 0.000302
2 2 0.000353 0.002501 0.996634 0.000427 0.000086
2 2 0.000609 0.008960 0.989813 0.000174 0.000443
2 2 0.000855 0.010011 0.987877 0.000453 0.000804
0 2 0.569764 0.155372 0.253183 0.001083 0.020598
2 1 0.075177 0.105186 0.801461 0.011242 0.006933
2 1 0.018923 0.268939 0.705319 0.000776 0.006043
2 2 0.000020 0.011842 0.987361 0.000252 0.000525
2 2 0.000034 0.004249 0.995087 0.000087 0.000543
2 2 0.004315 0.013734 0.980698 0.000314 0.000939
2 2 0.006162 0.038443 0.952539 0.001062 0.001793
2 2 0.001440 0.020871 0.975824 0.000447 0.001418
2 2 0.001352 0.016468 0.980706 0.000925 0.000549
2 2 0.000279 0.013143 0.985378 0.000812 0.000389
2 2 0.012514 0.014361 0.969830 0.002172 0.001123
2 2 0.018310 0.034169 0.943104 0.001775 0.002643
2 2 0.056672 0.056192 0.874702 0.006545 0.005889
2 2 0.335185 0.093375 0.545568 0.010386 0.015485
0 0 0.680427 0.168796 0.065092 0.001726 0.083959
1 1 0.306544 0.431692 0.207758 0.001783 0.052223
2 2 0.047062 0.296460 0.614275 0.006163 0.036041
2 2 0.031854 0.068352 0.894419 0.002330 0.003045
2 2 0.005966 0.054801 0.915073 0.013656 0.010504
2 2 0.099154 0.092268 0.801761 0.002367 0.004450
2 2 0.124470 0.144432 0.717221 0.002329 0.011548
1 2 0.101171 0.504969 0.339320 0.000146 0.054394
1 2 0.034900 0.511348 0.412616 0.000395 0.040741
2 2 0.007099 0.105092 0.877118 0.006008 0.004683
2 2 0.001029 0.026789 0.971188 0.000660 0.000334
2 2 0.001832 0.009856 0.985898 0.002119 0.000295
2 2 0.000481 0.002924 0.996449 0.000075 0.000071
2 2 0.000185 0.001040 0.998448 0.000186 0.000141
2 2 0.011664 0.028344 0.950984 0.002433 0.006575
2 2 0.003251 0.046813 0.947098 0.000423 0.002416
2 2 0.000050 0.001112 0.997507 0.001296 0.000035
2 2 0.003170 0.032407 0.960152 0.000490 0.003781
2 2 0.019151 0.063381 0.915179 0.000120 0.002169
2 2 0.015094 0.122814 0.849998 0.003350 0.008743
1 2 0.205010 0.563250 0.219596 0.000081 0.012063
2 2 0.095403 0.440931 0.457370 0.000211 0.006084
2 2 0.110271 0.145880 0.738229 0.001241 0.004378
2 2 0.006086 0.012114 0.980945 0.000592 0.000263
2 2 0.015141 0.034363 0.947906 0.001519 0.001070
2 2 0.016923 0.077383 0.902854 0.001832 0.001007
2 1 0.356023 0.194518 0.442445 0.000221 0.006795
1 1 0.287953 0.505418 0.163101 0.000665 0.042863
2 1 0.040330 0.239460 0.689712 0.012452 0.018046
2 2 0.007875 0.043993 0.938726 0.007228 0.002178
2 2 0.007175 0.019145 0.969776 0.003519 0.000386
2 2 0.001382 0.002064 0.995537 0.000958 0.000058
2 2 0.005223 0.007184 0.985452 0.001590 0.000551
2 2 0.004124 0.005921 0.986987 0.002640 0.000327
2 2 0.004203 0.046674 0.947195 0.000719 0.001209
2 2 0.000623 0.003864 0.994904 0.000406 0.000203
2 2 0.000454 0.002995 0.994782 0.001659 0.000111
2 2 0.005713 0.036690 0.936533 0.014797 0.006266
2 2 0.000548 0.011169 0.984757 0.003239 0.000288
2 2 0.000993 0.004426 0.992227 0.002148 0.000206
2 2 0.000188 0.001770 0.990886 0.007077 0.000079
2 2 0.001630 0.002964 0.971744 0.023551 0.000111
2 2 0.000835 0.001768 0.990254 0.007053 0.000090
2 2 0.001530 0.002356 0.983827 0.012162 0.000126
2 2 0.151113 0.042281 0.797978 0.005594 0.003034
2 2 0.043883 0.021753 0.930705 0.003046 0.000614
2 3 0.003130 0.024570 0.971412 0.000401 0.000486
2 3 0.000230 0.002258 0.995340 0.002115 0.000056
2 3 0.002202 0.001646 0.989500 0.006625 0.000028
2 3 0.004049 0.005107 0.977143 0.013591 0.000110
2 3 0.008638 0.001007 0.932553 0.057722 0.000080
2 3 0.008938 0.002067 0.955140 0.033740 0.000116
2 3 0.012085 0.004115 0.896220 0.087188 0.000393
2 3 0.021034 0.024866 0.940994 0.012144 0.000962
2 3 0.039738 0.013141 0.939332 0.007183 0.000606
2 3 0.000553 0.005965 0.971648 0.021773 0.000060
2 3 0.009193 0.010769 0.961102 0.018568 0.000368
2 2 0.000227 0.004546 0.976808 0.018392 0.000027
2 2 0.000111 0.000909 0.960903 0.038068 0.000009
2 2 0.018121 0.003400 0.969744 0.008600 0.000135
2 2 0.000286 0.002461 0.991367 0.005824 0.000062
2 2 0.000249 0.004201 0.991152 0.004372 0.000028
2 2 0.001940 0.003189 0.979347 0.015470 0.000054
