0 0 0.604171 0.231594 0.086177 0.012765 0.065293
0 0 0.858766 0.085135 0.022364 0.010011 0.023724
0 0 0.981750 0.010817 0.001694 0.000868 0.004870
0 0 0.853975 0.064497 0.014073 0.004339 0.063115
0 0 0.915494 0.043333 0.008895 0.003304 0.028974
0 0 0.876449 0.076613 0.020063 0.008089 0.018786
0 0 0.833395 0.097098 0.025874 0.010625 0.033008
0 0 0.570067 0.229296 0.077788 0.025175 0.097674
0 0 0.910610 0.051039 0.011343 0.004733 0.022274
0 0 0.870180 0.069168 0.016155 0.005942 0.038554
0 0 0.985444 0.008588 0.001274 0.000665 0.004030
0 0 0.903298 0.049763 0.012353 0.004777 0.029809
0 0 0.915730 0.052684 0.012495 0.006286 0.012805
0 0 0.840902 0.105478 0.034132 0.005065 0.014422
0 0 0.491995 0.199764 0.106439 0.029875 0.171927
0 0 0.749755 0.097881 0.023405 0.006190 0.122769
0 0 0.788047 0.084479 0.019430 0.005329 0.102715
0 0 0.726840 0.120392 0.031200 0.008791 0.112777
0 0 0.942462 0.035652 0.007581 0.003786 0.010518
0 0 0.932661 0.042636 0.009667 0.005080 0.009956
0 0 0.820441 0.106191 0.029329 0.012397 0.031643
0 0 0.935344 0.041109 0.009269 0.004941 0.009337
0 4 0.741511 0.101439 0.024522 0.006464 0.126064
0 4 0.431591 0.127625 0.034215 0.008712 0.397857
0 4 0.421478 0.126535 0.032792 0.005684 0.413511
0 4 0.468998 0.206452 0.064332 0.014729 0.245490
4 4 0.088797 0.332869 0.194003 0.020478 0.363853
4 0 0.056835 0.299238 0.211028 0.016654 0.416245
2 1 0.046900 0.174864 0.558499 0.021560 0.198177
0 4 0.320539 0.290836 0.109723 0.022845 0.256058
0 0 0.479013 0.195564 0.148765 0.027078 0.149580
2 4 0.041094 0.225901 0.413996 0.028181 0.290829
2 2 0.004925 0.140417 0.815472 0.021297 0.017890
2 2 0.004142 0.096317 0.660665 0.064411 0.174465
2 2 0.005124 0.120316 0.604316 0.049522 0.220722
4 2 0.007685 0.085962 0.216112 0.117915 0.572325
2 2 0.001278 0.031214 0.688819 0.249814 0.028875
2 2 0.000449 0.015552 0.683566 0.288614 0.011820
2 2 0.001510 0.047738 0.762416 0.144521 0.043815
2 2 0.001168 0.065376 0.697503 0.115013 0.120940
2 2 0.002249 0.069569 0.783746 0.109216 0.035220
2 2 0.000273 0.017010 0.521645 0.454042 0.007031
3 2 0.000770 0.023718 0.448844 0.494017 0.032651
2 2 0.002204 0.044644 0.458133 0.443820 0.051199
3 2 0.001519 0.034797 0.377104 0.557284 0.029296
3 0 0.000678 0.019458 0.457587 0.506105 0.016171
2 1 0.004014 0.044297 0.823697 0.112616 0.015375
2 2 0.041109 0.166931 0.461841 0.198207 0.131912
2 2 0.016263 0.203568 0.634019 0.048567 0.097583
2 2 0.011652 0.149759 0.451574 0.126076 0.260940
2 2 0.000188 0.023970 0.940974 0.033148 0.001720
2 2 0.000176 0.015191 0.725315 0.256974 0.002344
2 2 0.000124 0.008043 0.676120 0.314599 0.001114
2 2 0.000607 0.028250 0.555742 0.407776 0.007625
3 2 0.000587 0.018639 0.325902 0.647380 0.007492
3 2 0.001020 0.020223 0.161026 0.789347 0.028384
3 2 0.000883 0.017381 0.182465 0.788362 0.010909
3 2 0.000094 0.004364 0.091835 0.900730 0.002978
3 2 0.000016 0.001986 0.102438 0.894582 0.000978
3 3 0.000054 0.004163 0.162537 0.830943 0.002303
3 3 0.000029 0.001760 0.175293 0.822382 0.000535
3 3 0.000013 0.000705 0.090342 0.908682 0.000258
3 3 0.000004 0.000261 0.051070 0.948561 0.000104
3 3 0.000006 0.000352 0.032675 0.966751 0.000216
3 3 0.000010 0.000979 0.151587 0.847162 0.000261
3 3 0.000013 0.000810 0.085479 0.913398 0.000300
3 3 0.000024 0.001314 0.108872 0.889270 0.000521
3 1 0.000368 0.009556 0.136348 0.847593 0.006135
3 2 0.000791 0.011114 0.409943 0.574915 0.003237
2 2 0.007064 0.072187 0.590565 0.302983 0.027202
2 1 0.006117 0.082426 0.771365 0.112118 0.027975
2 1 0.032924 0.167207 0.715272 0.049742 0.034854
2 0 0.167811 0.147865 0.454894 0.202205 0.027224
0 1 0.791070 0.100862 0.055328 0.027920 0.024819
1 2 0.253355 0.315349 0.258368 0.077368 0.095561
2 2 0.016782 0.200611 0.675623 0.063424 0.043560
2 1 0.017846 0.135878 0.758885 0.062938 0.024453
2 1 0.138915 0.146571 0.434395 0.147655 0.132464
2 2 0.065488 0.260611 0.444340 0.038186 0.191374
2 2 0.018639 0.219038 0.570362 0.079468 0.112493
2 2 0.005067 0.129339 0.779250 0.048173 0.038170
2 2 0.004491 0.106199 0.669796 0.189981 0.029534
2 0 0.007097 0.035455 0.820902 0.128960 0.007586
2 1 0.100742 0.127796 0.506507 0.227962 0.036993
2 1 0.006556 0.145894 0.820439 0.012632 0.014480
2 2 0.013452 0.236522 0.448842 0.052924 0.248260
2 1 0.006470 0.141681 0.438192 0.139025 0.274632
4 2 0.029094 0.192433 0.270968 0.067597 0.439908
2 2 0.013715 0.122536 0.414390 0.105501 0.343858
4 2 0.010781 0.102621 0.254501 0.099911 0.532186
4 2 0.012263 0.160747 0.278397 0.131941 0.416653
4 2 0.010197 0.161895 0.360509 0.055691 0.411708
4 2 0.012467 0.144425 0.292257 0.103839 0.447012
2 2 0.001350 0.056383 0.747757 0.152815 0.041696
2 2 0.000063 0.011313 0.869019 0.116592 0.003013
2 2 0.000065 0.007832 0.561184 0.428389 0.002530
2 2 0.000144 0.014321 0.511326 0.464885 0.009324
2 2 0.000063 0.008782 0.657695 0.325330 0.008130
3 2 0.000211 0.007426 0.256717 0.728504 0.007142
3 2 0.001407 0.036190 0.457851 0.458098 0.046453
3 3 0.000227 0.010464 0.209631 0.757751 0.021928
3 3 0.000043 0.005316 0.308723 0.682852 0.003066
3 3 0.000201 0.014308 0.426024 0.545948 0.013519
3 3 0.000064 0.005936 0.347107 0.642742 0.004152
3 3 0.000078 0.002801 0.092469 0.897234 0.007418
3 3 0.000014 0.000910 0.044727 0.952686 0.001662
3 3 0.000090 0.006186 0.148221 0.840935 0.004569
3 2 0.001671 0.029847 0.460658 0.472181 0.035642
2 2 0.031581 0.072791 0.596261 0.278776 0.020591
1 2 0.259628 0.297664 0.228373 0.117646 0.096689
3 2 0.011574 0.083334 0.316790 0.550393 0.037909
2 2 0.024217 0.127807 0.414447 0.338877 0.094652
2 2 0.014139 0.149487 0.526357 0.187592 0.122426
2 0 0.194200 0.196709 0.406860 0.077593 0.124638
0 1 0.699927 0.158728 0.064849 0.026122 0.050374
1 2 0.165844 0.343629 0.338261 0.041908 0.110358
2 2 0.006130 0.215784 0.740364 0.011655 0.026068
2 2 0.003536 0.125965 0.843042 0.014341 0.013117
2 2 0.019250 0.180842 0.608928 0.117945 0.073035
1 2 0.200848 0.248294 0.221331 0.088439 0.241088
2 1 0.014957 0.162216 0.630062 0.096166 0.096599
4 2 0.112929 0.191939 0.271942 0.112367 0.310822
2 2 0.125497 0.267973 0.355273 0.107419 0.143840
2 0 0.104648 0.209167 0.574940 0.068869 0.042376
0 1 0.382294 0.232308 0.212662 0.054469 0.118267
0 0 0.649260 0.147317 0.040418 0.010574 0.152431
0 0 0.506235 0.231587 0.153459 0.029323 0.079397
0 0 0.466174 0.149189 0.112855 0.028732 0.243050
0 1 0.525297 0.241537 0.082597 0.024585 0.125984
0 1 0.410819 0.342947 0.160452 0.014616 0.071165
0 1 0.708459 0.183186 0.066961 0.009307 0.032086
0 1 0.540422 0.247994 0.087679 0.026624 0.097280
2 2 0.049302 0.243687 0.503930 0.034954 0.168127
1 2 0.134680 0.311945 0.289035 0.035022 0.229318
1 2 0.067851 0.358427 0.329117 0.048669 0.195936
2 2 0.057766 0.273043 0.380777 0.056039 0.232375
0 0 0.408149 0.199803 0.158708 0.042710 0.190630
0 1 0.343817 0.239924 0.081588 0.016965 0.317706
4 2 0.294966 0.239669 0.113509 0.019642 0.332214
2 1 0.024742 0.300631 0.396382 0.008045 0.270200
2 4 0.018118 0.228182 0.478517 0.073160 0.202023
2 0 0.007590 0.141078 0.670387 0.028617 0.152328
2 1 0.046448 0.094978 0.521290 0.099074 0.238210
4 4 0.060005 0.093923 0.105835 0.027498 0.712740
4 4 0.034456 0.085561 0.122852 0.035677 0.721453
4 4 0.013494 0.077406 0.197099 0.097289 0.614712
4 4 0.012160 0.113104 0.273983 0.066314 0.534439
2 4 0.016619 0.114345 0.413962 0.054801 0.400274
4 2 0.007328 0.083911 0.366495 0.035444 0.506823
2 2 0.030960 0.160054 0.467391 0.027423 0.314172
4 0 0.072475 0.106153 0.275792 0.048271 0.497310
0 1 0.476375 0.109137 0.060521 0.017024 0.336944
4 4 0.035562 0.280072 0.278066 0.004523 0.401776
4 1 0.046003 0.189602 0.114160 0.003430 0.646804
4 1 0.033196 0.174361 0.349282 0.011522 0.431638
4 0 0.051418 0.093492 0.067988 0.009643 0.777459
0 0 0.563438 0.114753 0.103597 0.029230 0.188982
0 0 0.675900 0.159921 0.049517 0.015367 0.099296
0 0 0.828097 0.102029 0.027919 0.011927 0.030028
0 1 0.779029 0.137528 0.043888 0.009987 0.029568
0 1 0.345230 0.246980 0.124136 0.032730 0.250925
4 2 0.077713 0.198194 0.173362 0.061328 0.489402
2 2 0.029519 0.277322 0.417247 0.047160 0.228751
2 2 0.018589 0.183830 0.571673 0.161023 0.064885
2 2 0.009719 0.155730 0.762900 0.039252 0.032398
2 2 0.004923 0.103502 0.795966 0.056140 0.039469
2 1 0.043575 0.167643 0.617000 0.042996 0.128787
0 0 0.854033 0.063992 0.018882 0.009453 0.053640
0 0 0.891586 0.066628 0.016598 0.007894 0.017294
0 1 0.913898 0.053401 0.013144 0.006648 0.012909
1 1 0.277271 0.293072 0.136351 0.011447 0.281859
4 1 0.181308 0.200279 0.121876 0.028885 0.467653
4 1 0.161272 0.247939 0.193718 0.017424 0.379648
4 4 0.045406 0.254124 0.292363 0.012293 0.395814
2 4 0.020917 0.146225 0.558193 0.119317 0.155349
4 4 0.056917 0.159761 0.278440 0.140650 0.364233
2 2 0.023464 0.197001 0.622882 0.042112 0.114541
2 2 0.002463 0.068573 0.881995 0.032765 0.014204
2 2 0.001938 0.073446 0.879083 0.017477 0.028057
2 2 0.001800 0.073729 0.834903 0.045380 0.044188
2 2 0.000709 0.052361 0.914266 0.014199 0.018466
2 2 0.000585 0.037010 0.934896 0.019013 0.008496
2 2 0.000950 0.035212 0.879553 0.078626 0.005659
2 2 0.000876 0.041053 0.764871 0.179775 0.013425
2 2 0.000949 0.056806 0.889131 0.044454 0.008660
2 1 0.000674 0.038404 0.882039 0.071773 0.007111
2 1 0.004074 0.072673 0.651095 0.082343 0.189816
4 1 0.017783 0.078802 0.232129 0.129689 0.541597
2 2 0.033553 0.158682 0.446402 0.074376 0.286988
2 2 0.004752 0.114577 0.745659 0.018380 0.116632
2 2 0.000641 0.044895 0.862367 0.078620 0.013476
2 2 0.002201 0.118474 0.796471 0.037946 0.044908
2 2 0.004044 0.069127 0.542323 0.356066 0.028439
2 2 0.001789 0.043493 0.700089 0.227537 0.027091
2 2 0.004533 0.077017 0.588146 0.241181 0.089123
2 1 0.007285 0.095625 0.570317 0.063863 0.262910
4 1 0.022549 0.095684 0.343907 0.062508 0.475352
0 0 0.423899 0.129635 0.198286 0.041167 0.207014
0 0 0.663217 0.171610 0.088559 0.029981 0.046633
0 1 0.819030 0.109719 0.031976 0.006705 0.032571
4 2 0.097018 0.239379 0.149947 0.038207 0.475448
2 2 0.018704 0.186640 0.555170 0.031793 0.207693
2 2 0.014101 0.199583 0.556785 0.038362 0.191169
2 2 0.001112 0.057983 0.725916 0.196672 0.018317
3 2 0.003636 0.055255 0.365958 0.540522 0.034629
2 2 0.001389 0.036204 0.639460 0.314345 0.008602
2 2 0.000756 0.040236 0.787242 0.164867 0.006899
2 2 0.000576 0.035874 0.875650 0.082250 0.005650
2 2 0.001298 0.050708 0.691821 0.235345 0.020828
2 2 0.002104 0.075196 0.841734 0.055570 0.025396
2 2 0.004402 0.085399 0.699973 0.149167 0.061059
2 2 0.035021 0.199616 0.548887 0.054389 0.162087
2 0 0.111591 0.234439 0.394912 0.065021 0.194036
2 1 0.097911 0.356354 0.439520 0.014255 0.091960
2 2 0.003998 0.124586 0.785311 0.035129 0.050976
2 2 0.009941 0.157539 0.606965 0.026375 0.199180
4 2 0.018449 0.158650 0.304933 0.051655 0.466312
4 0 0.059229 0.113153 0.087640 0.019584 0.720394
0 0 0.789001 0.064704 0.016915 0.006404 0.122975
0 0 0.972369 0.010656 0.001485 0.000526 0.014964
0 0 0.948774 0.029243 0.005675 0.002499 0.013810
0 0 0.644194 0.137361 0.036456 0.009021 0.172967
4 0 0.208849 0.181492 0.059738 0.009572 0.540349
4 0 0.176192 0.155404 0.096842 0.015778 0.555785
4 0 0.196186 0.093438 0.026364 0.003349 0.680663
4 0 0.110569 0.156463 0.054911 0.007090 0.670966
4 0 0.052181 0.134612 0.055030 0.002741 0.755437
4 0 0.056504 0.155927 0.113421 0.011555 0.662593
2 1 0.036966 0.156389 0.384724 0.039622 0.382299
2 1 0.013436 0.184795 0.615669 0.027229 0.158872
4 1 0.244967 0.230398 0.199605 0.034677 0.290352
2 2 0.035793 0.230324 0.418625 0.050200 0.265059
4 1 0.049777 0.154281 0.105057 0.031289 0.659596
2 4 0.075205 0.243729 0.408771 0.043808 0.228487
0 1 0.315637 0.205923 0.242875 0.078949 0.156615
2 1 0.177811 0.165921 0.311700 0.120599 0.223969
2 2 0.081490 0.173475 0.348161 0.147955 0.248919
0 0 0.284937 0.210295 0.198660 0.036375 0.269734
0 0 0.510794 0.177052 0.084492 0.015712 0.211951
0 0 0.859192 0.084898 0.022288 0.009984 0.023638
0 0 0.901600 0.060882 0.014880 0.007233 0.015405
0 0 0.957250 0.027851 0.005811 0.003385 0.005703
0 0 0.631269 0.203025 0.066529 0.023129 0.076048
0 0 0.644930 0.179985 0.078352 0.027939 0.068794
1 0 0.295950 0.373131 0.171839 0.026051 0.133029
0 0 0.942167 0.037021 0.008173 0.004463 0.008175
0 0 0.770587 0.132800 0.038704 0.015385 0.042524
0 0 0.895233 0.064542 0.015970 0.007654 0.016602
0 0 0.787010 0.124126 0.035579 0.014414 0.038871
0 0 0.912624 0.054496 0.013015 0.006496 0.013369
0 0 0.826897 0.098126 0.025830 0.010049 0.039098
0 0 0.773116 0.114941 0.030334 0.009897 0.071711
0 1 0.317963 0.308540 0.119599 0.028904 0.224994
1 1 0.061562 0.441449 0.328472 0.007245 0.161271
2 1 0.058294 0.364480 0.480288 0.018066 0.078872
0 1 0.417710 0.311831 0.152350 0.019906 0.098203
1 1 0.311020 0.374084 0.178883 0.022543 0.113471
2 1 0.020638 0.265359 0.610271 0.042225 0.061507
2 2 0.016998 0.322480 0.608989 0.007815 0.043719
2 2 0.029993 0.330800 0.562505 0.015777 0.060925
2 1 0.222010 0.199727 0.459522 0.063359 0.055383
2 2 0.026620 0.217938 0.619324 0.072459 0.063660
2 2 0.004997 0.197598 0.762170 0.012141 0.023093
2 2 0.026554 0.357442 0.472986 0.037294 0.105724
2 2 0.027633 0.328123 0.528710 0.032870 0.082665
2 2 0.038279 0.306888 0.491273 0.063477 0.100083
2 2 0.008952 0.233344 0.636647 0.062003 0.059054
2 2 0.009402 0.196961 0.659635 0.083333 0.050669
2 2 0.001448 0.061263 0.832882 0.094926 0.009482
2 2 0.000439 0.018088 0.849890 0.130048 0.001535
2 2 0.001069 0.025014 0.534445 0.432820 0.006653
3 2 0.000900 0.028401 0.426401 0.534167 0.010132
3 2 0.001194 0.027900 0.212824 0.739892 0.018190
2 2 0.001510 0.032892 0.543315 0.412948 0.009335
2 2 0.000117 0.008987 0.821450 0.168546 0.000900
2 2 0.001198 0.037070 0.738652 0.216063 0.007017
2 2 0.015392 0.137150 0.628111 0.186299 0.033048
2 2 0.025184 0.038401 0.687126 0.244942 0.004348
2 2 0.002810 0.026295 0.527814 0.438378 0.004704
2 2 0.000572 0.032990 0.658915 0.300189 0.007335
2 2 0.000047 0.011347 0.896471 0.091176 0.000959
2 2 0.000146 0.012415 0.513606 0.470978 0.002854
3 2 0.000548 0.024779 0.469064 0.497854 0.007755
3 2 0.000211 0.008457 0.255439 0.732671 0.003221
3 2 0.000040 0.004244 0.433770 0.561135 0.000811
3 2 0.002007 0.021060 0.417278 0.554207 0.005448
3 1 0.001387 0.009268 0.411734 0.576744 0.000868
2 2 0.067125 0.104117 0.546130 0.253130 0.029498
3 2 0.000793 0.011404 0.149143 0.832906 0.005754
3 2 0.010181 0.016047 0.215440 0.754069 0.004262
2 2 0.094397 0.092793 0.533887 0.267762 0.011161
0 0 0.472319 0.052018 0.246302 0.222553 0.006809
0 0 0.626695 0.186677 0.089949 0.035168 0.061511
2 0 0.026062 0.443791 0.450514 0.005654 0.073979
1 1 0.039888 0.347039 0.262968 0.004738 0.345367
1 2 0.105170 0.322545 0.236336 0.015731 0.320217
2 1 0.014769 0.206374 0.676734 0.023557 0.078566
2 2 0.022916 0.255052 0.368805 0.091347 0.261881
2 4 0.017331 0.204496 0.437417 0.076827 0.263930
2 2 0.017721 0.164031 0.413665 0.030304 0.374279
2 2 0.004848 0.081398 0.844565 0.049728 0.019460
2 2 0.019043 0.152303 0.482703 0.086963 0.258988
4 2 0.050181 0.234200 0.271496 0.095617 0.348506
2 2 0.020629 0.196497 0.465906 0.107792 0.209175
2 1 0.013164 0.109907 0.495866 0.242964 0.138098
2 1 0.019369 0.136345 0.631894 0.118196 0.094197
2 1 0.037794 0.246301 0.471108 0.048524 0.196273
2 0 0.052478 0.188616 0.570297 0.106440 0.082169
2 0 0.041523 0.114876 0.781546 0.036839 0.025215
0 0 0.516574 0.263007 0.100220 0.012436 0.107763
0 0 0.589719 0.211558 0.070353 0.013805 0.114564
0 0 0.709526 0.159130 0.047843 0.015831 0.067670
0 0 0.721117 0.158412 0.048322 0.018233 0.053916
0 0 0.836103 0.081219 0.019431 0.006469 0.056778
0 0 0.845472 0.092503 0.024754 0.010848 0.026424
0 0 0.787503 0.123865 0.035486 0.014385 0.038762
0 0 0.462183 0.271019 0.109087 0.052526 0.105186
1 1 0.246853 0.370538 0.280061 0.023834 0.078715
0 1 0.346525 0.247927 0.328635 0.040165 0.036747
2 0 0.208266 0.229774 0.507837 0.032400 0.021722
2 0 0.128695 0.145759 0.671685 0.043638 0.010222
0 0 0.553561 0.239703 0.158510 0.019788 0.028438
0 0 0.673129 0.182542 0.057931 0.020891 0.065506
0 0 0.738243 0.144748 0.042278 0.015229 0.059503
0 0 0.426635 0.324970 0.141680 0.016440 0.090276
0 0 0.379106 0.340120 0.174468 0.021252 0.085055
2 0 0.188658 0.298422 0.408844 0.044855 0.059221
2 0 0.057723 0.274117 0.526530 0.073709 0.067920
2 0 0.047517 0.354967 0.475633 0.035516 0.086366
2 0 0.109963 0.261102 0.501784 0.079080 0.048071
2 0 0.013138 0.061939 0.713173 0.203201 0.008549
2 0 0.108441 0.166987 0.437933 0.243459 0.043179
2 0 0.033671 0.152921 0.717497 0.075292 0.020619
2 2 0.105204 0.128349 0.613267 0.137616 0.015564
2 1 0.185140 0.104129 0.575962 0.125492 0.009276
2 2 0.028596 0.129878 0.818000 0.016457 0.007070
2 0 0.205879 0.202908 0.484250 0.082975 0.023989
0 0 0.372954 0.217506 0.247226 0.042726 0.119588
0 1 0.787558 0.108333 0.028162 0.009327 0.066620
1 1 0.174403 0.399191 0.218003 0.008406 0.199997
4 0 0.241702 0.159299 0.074242 0.009780 0.514977
4 1 0.352243 0.151350 0.042785 0.007312 0.446309
4 1 0.133520 0.280660 0.123935 0.010444 0.451441
4 2 0.052103 0.239099 0.152780 0.005374 0.550644
4 0 0.120465 0.209835 0.178247 0.014289 0.477164
0 1 0.469980 0.186888 0.055760 0.012068 0.275304
0 1 0.497956 0.272738 0.103847 0.017421 0.108038
1 1 0.074845 0.440026 0.296327 0.013655 0.175148
1 1 0.071342 0.413109 0.266964 0.011042 0.237544
1 1 0.214141 0.323358 0.142789 0.011440 0.308272
1 1 0.300177 0.301316 0.241984 0.026950 0.129572
2 2 0.017075 0.205382 0.708561 0.033258 0.035724
2 2 0.015496 0.215661 0.653289 0.063907 0.051647
2 2 0.001302 0.067620 0.896984 0.027527 0.006567
2 2 0.001648 0.095346 0.890370 0.006447 0.006189
2 2 0.000785 0.064666 0.914997 0.014645 0.004907
2 2 0.001998 0.069266 0.870403 0.049826 0.008507
2 2 0.001839 0.051975 0.819744 0.118225 0.008217
2 2 0.004044 0.108147 0.822145 0.049635 0.016029
2 0 0.004323 0.079585 0.824148 0.082495 0.009450
0 0 0.843679 0.091844 0.026855 0.012051 0.025571
0 1 0.564884 0.249298 0.092783 0.019504 0.073532
0 1 0.470710 0.311313 0.136962 0.014637 0.066379
1 1 0.253652 0.351644 0.290194 0.028469 0.076041
2 2 0.037474 0.293948 0.601272 0.019919 0.047387
2 2 0.007613 0.208400 0.740918 0.015617 0.027452
2 2 0.010975 0.231994 0.717874 0.009705 0.029452
2 2 0.003238 0.158494 0.821360 0.002941 0.013967
2 1 0.004820 0.109802 0.862174 0.011691 0.011513
2 1 0.145263 0.125178 0.609713 0.076992 0.042853
1 1 0.066905 0.422599 0.388733 0.011351 0.110413
2 1 0.021763 0.277026 0.408607 0.006988 0.285614
2 2 0.016388 0.166634 0.575022 0.012398 0.229558
4 2 0.032019 0.145252 0.294926 0.091274 0.436528
2 1 0.024301 0.156013 0.543185 0.153101 0.123399
2 2 0.007256 0.105480 0.767566 0.098308 0.021391
2 2 0.001673 0.082866 0.861485 0.043470 0.010506
2 2 0.002728 0.127835 0.747667 0.084405 0.037364
2 2 0.002557 0.105367 0.779227 0.092371 0.020478
2 2 0.002295 0.077642 0.704390 0.195402 0.020271
2 2 0.028680 0.168488 0.312663 0.287817 0.202352
2 2 0.013437 0.169005 0.562259 0.184309 0.070990
2 2 0.003828 0.137238 0.693922 0.127971 0.037043
2 2 0.002843 0.086704 0.457756 0.413131 0.039567
2 2 0.002229 0.095018 0.806745 0.075270 0.020738
2 2 0.008763 0.133092 0.683529 0.058197 0.116419
2 1 0.016631 0.122877 0.537960 0.052772 0.269761
4 0 0.074522 0.174028 0.120265 0.036396 0.594789
4 2 0.093216 0.183026 0.112405 0.029960 0.581393
4 2 0.155379 0.241451 0.213211 0.145822 0.244136
2 2 0.000538 0.051072 0.893104 0.032275 0.023010
2 1 0.002030 0.100877 0.855703 0.004708 0.036682
2 2 0.013319 0.158750 0.520886 0.048669 0.258376
2 2 0.005404 0.097224 0.595106 0.240126 0.062141
2 2 0.009604 0.141116 0.661197 0.097239 0.090845
4 1 0.030866 0.165417 0.325549 0.138373 0.339796
2 1 0.048571 0.180843 0.390619 0.050069 0.329898
4 1 0.162069 0.127747 0.128973 0.025261 0.555950
2 2 0.042079 0.246466 0.379625 0.041399 0.290431
2 2 0.001460 0.076164 0.859014 0.030060 0.033301
2 2 0.003075 0.094914 0.799943 0.049854 0.052213
2 2 0.016853 0.196856 0.676949 0.052636 0.056707
2 1 0.009946 0.158984 0.710113 0.020792 0.100165
2 1 0.026421 0.219035 0.606854 0.018598 0.129093
2 1 0.030044 0.213975 0.455544 0.027040 0.273397
2 1 0.018007 0.215473 0.440042 0.023147 0.303330
2 2 0.015180 0.287541 0.448967 0.013976 0.234335
2 2 0.005092 0.193928 0.664514 0.008446 0.128021
2 1 0.002265 0.086328 0.651970 0.074116 0.185321
4 1 0.035060 0.104437 0.100141 0.008195 0.752167
2 2 0.048244 0.192939 0.407371 0.124070 0.227375
2 2 0.001347 0.080588 0.834904 0.038699 0.044462
2 2 0.009019 0.196428 0.510867 0.011531 0.272154
4 2 0.059292 0.349822 0.215530 0.006280 0.369076
2 1 0.075726 0.353477 0.373801 0.008725 0.188271
0 0 0.598874 0.168713 0.049014 0.010758 0.172642
0 0 0.474260 0.152829 0.044510 0.008924 0.319477
4 1 0.160086 0.217396 0.088501 0.009600 0.524417
4 1 0.107836 0.222357 0.126451 0.013260 0.530095
2 0 0.191166 0.184807 0.324768 0.073249 0.226010
4 1 0.228422 0.238188 0.249390 0.016957 0.267043
1 0 0.264111 0.266547 0.199125 0.011336 0.258881
4 0 0.187483 0.278949 0.138317 0.009689 0.385563
2 0 0.067877 0.200486 0.592756 0.022406 0.116476
2 1 0.009041 0.184984 0.745509 0.006462 0.054004
2 2 0.000277 0.031902 0.929907 0.030458 0.007456
2 2 0.002672 0.088952 0.748551 0.091813 0.068012
2 2 0.006540 0.101595 0.552373 0.263523 0.075970
2 1 0.007260 0.149912 0.759883 0.005027 0.077919
1 0 0.045615 0.400080 0.368542 0.006954 0.178808
2 0 0.229236 0.270693 0.298861 0.020720 0.180490
2 1 0.059824 0.249921 0.558741 0.042123 0.089391
2 1 0.013456 0.216539 0.674394 0.007196 0.088414
2 1 0.001702 0.061602 0.886618 0.025437 0.024642
1 1 0.207244 0.310246 0.295914 0.038695 0.147902
1 1 0.229044 0.299821 0.277960 0.057101 0.136074
0 1 0.491135 0.199299 0.235213 0.027301 0.047051
2 0 0.203613 0.250401 0.462195 0.040496 0.043295
0 1 0.422128 0.282164 0.194178 0.022123 0.079408
2 1 0.292105 0.241987 0.307619 0.038349 0.119941
2 0 0.016228 0.204908 0.665339 0.022483 0.091043
2 0 0.026842 0.206888 0.582327 0.025912 0.158031
2 1 0.020448 0.216509 0.681542 0.018039 0.063462
2 1 0.002096 0.098532 0.878736 0.006182 0.014454
2 1 0.009803 0.188972 0.706441 0.033061 0.061722
2 1 0.032636 0.235804 0.522773 0.094088 0.114700
2 2 0.010815 0.157520 0.750216 0.046095 0.035354
2 1 0.003521 0.114697 0.823434 0.031037 0.027310
2 1 0.001577 0.080146 0.883243 0.024340 0.010693
2 0 0.002737 0.117770 0.844043 0.009062 0.026388
2 0 0.164226 0.228798 0.577560 0.016198 0.013218
2 1 0.031892 0.221561 0.720605 0.010250 0.015691
1 1 0.149270 0.344170 0.264566 0.015482 0.226512
1 1 0.112433 0.392866 0.228257 0.012503 0.253940
4 0 0.080465 0.333960 0.189856 0.005191 0.390529
2 0 0.024960 0.367486 0.456884 0.003638 0.147031
2 0 0.056509 0.188838 0.628308 0.043966 0.082379
0 0 0.800436 0.105129 0.038836 0.015999 0.039600
0 0 0.766266 0.113392 0.029462 0.009178 0.081701
0 0 0.749664 0.120355 0.031754 0.009721 0.088507
0 0 0.813435 0.056468 0.011222 0.002748 0.116127
0 0 0.707210 0.126570 0.033198 0.009127 0.123896
0 1 0.696570 0.148269 0.041886 0.012679 0.100597
0 0 0.629045 0.141995 0.038088 0.009307 0.181565
4 1 0.311729 0.239903 0.082500 0.016416 0.349452
1 1 0.092478 0.373273 0.220768 0.014346 0.299135
2 1 0.045191 0.265705 0.470900 0.013719 0.204485
2 1 0.051823 0.328802 0.438827 0.014443 0.166105
4 0 0.262754 0.239632 0.178630 0.025721 0.293263
0 0 0.741239 0.087399 0.028653 0.007623 0.135086
0 1 0.757258 0.154435 0.053540 0.008263 0.026504
1 1 0.255570 0.389409 0.231454 0.011710 0.111857
1 0 0.226159 0.315513 0.228270 0.008888 0.221169
0 1 0.417680 0.239560 0.156429 0.041623 0.144708
1 1 0.134586 0.353974 0.181498 0.009282 0.320660
4 1 0.136179 0.195234 0.076823 0.003519 0.588245
4 1 0.207820 0.132102 0.041750 0.004846 0.613482
4 1 0.400142 0.123209 0.031819 0.005343 0.439488
0 1 0.418396 0.195944 0.077573 0.017087 0.290999
4 1 0.276024 0.198030 0.083707 0.011456 0.430784
2 1 0.081496 0.314776 0.334406 0.002693 0.266628
4 0 0.136152 0.280108 0.185432 0.006493 0.391816
4 1 0.371869 0.181552 0.054693 0.009943 0.381943
4 1 0.122727 0.316627 0.163669 0.003873 0.393104
2 1 0.028688 0.291827 0.463036 0.011560 0.204890
2 2 0.018156 0.226945 0.562958 0.010460 0.181481
2 2 0.040687 0.279724 0.455186 0.014247 0.210156
2 2 0.002956 0.098713 0.848620 0.004997 0.044714
2 2 0.003723 0.131749 0.777463 0.005760 0.081305
2 0 0.003857 0.143539 0.690697 0.008650 0.153256
0 0 0.549350 0.168953 0.077795 0.019583 0.184319
4 1 0.319729 0.216097 0.098365 0.020381 0.345428
1 1 0.148480 0.383755 0.237135 0.003065 0.227564
4 1 0.039600 0.237745 0.240846 0.004722 0.477086
4 0 0.122532 0.291421 0.262515 0.011122 0.312410
1 1 0.069178 0.349498 0.247968 0.004470 0.328887
1 1 0.115356 0.412366 0.250897 0.006993 0.214389
1 1 0.040311 0.357185 0.252239 0.003835 0.346430
2 1 0.021304 0.298215 0.462174 0.004192 0.214115
2 1 0.132808 0.295472 0.489231 0.009956 0.072533
0 0 0.403328 0.234253 0.084166 0.005462 0.272791
0 0 0.816692 0.092165 0.022806 0.007582 0.060755
0 0 0.595596 0.135037 0.035275 0.007890 0.226203
0 0 0.615257 0.125009 0.036554 0.008422 0.214759
0 0 0.702314 0.066557 0.013503 0.002739 0.214886
0 0 0.834716 0.059283 0.012203 0.003282 0.090516
0 0 0.657096 0.114554 0.029293 0.003881 0.195176
0 0 0.578736 0.102581 0.024149 0.004592 0.289942
0 0 0.559433 0.098828 0.024856 0.004738 0.312145
0 0 0.820199 0.055565 0.011023 0.002738 0.110475
0 0 0.925458 0.034759 0.006598 0.002304 0.030881
0 0 0.845034 0.065247 0.014143 0.004193 0.071384
0 0 0.669551 0.092332 0.021002 0.004525 0.212590
0 0 0.780866 0.057535 0.011323 0.002559 0.147717
0 0 0.900857 0.058128 0.013528 0.005833 0.021653
0 0 0.931312 0.041607 0.009062 0.004266 0.013753
0 0 0.918197 0.043984 0.009202 0.003596 0.025021
0 0 0.722322 0.108393 0.026707 0.006939 0.135639
0 0 0.726213 0.103219 0.024948 0.006371 0.139250
0 0 0.918937 0.035587 0.006701 0.002223 0.036552
4 0 0.383804 0.131840 0.035676 0.004610 0.444071
0 0 0.610988 0.137721 0.036337 0.008432 0.206522
0 0 0.838539 0.066524 0.014434 0.004199 0.076304
0 0 0.911993 0.037521 0.007110 0.002291 0.041084
0 0 0.715421 0.161313 0.049449 0.018553 0.055264
0 0 0.822626 0.078596 0.018071 0.005439 0.075267
0 0 0.667200 0.073213 0.015294 0.003022 0.241271
0 0 0.406921 0.218687 0.070353 0.015158 0.288882
0 0 0.390260 0.197819 0.341099 0.038629 0.032193
2 0 0.298632 0.174499 0.466600 0.045434 0.014836
2 0 0.158672 0.131271 0.394971 0.292469 0.022617
0 0 0.449195 0.131812 0.348753 0.058595 0.011645
2 0 0.173439 0.054742 0.525717 0.242007 0.004094
2 0 0.339038 0.205548 0.346021 0.072992 0.036402
0 0 0.395280 0.163338 0.377364 0.049981 0.014037
0 0 0.617632 0.201446 0.079935 0.029058 0.071929
0 0 0.429447 0.307785 0.194717 0.017163 0.050888
0 0 0.798013 0.099881 0.065780 0.020171 0.016154
0 0 0.646962 0.167474 0.094867 0.040086 0.050610
2 0 0.156830 0.086357 0.648723 0.103145 0.004944
1 0 0.190809 0.374778 0.172526 0.040669 0.221218
0 0 0.571729 0.230349 0.079017 0.027290 0.091615
0 0 0.681904 0.176519 0.092368 0.017474 0.031735
0 0 0.754342 0.075447 0.093484 0.062884 0.013844
2 0 0.338793 0.067913 0.375918 0.212473 0.004902
0 0 0.502199 0.103521 0.287549 0.097605 0.009127
0 0 0.865328 0.045014 0.047145 0.035431 0.007082
0 0 0.954637 0.029455 0.006214 0.003574 0.006121
0 0 0.879787 0.027200 0.004346 0.001024 0.087643
0 0 0.672209 0.032627 0.005180 0.000827 0.289157
0 0 0.641972 0.093891 0.021413 0.004435 0.238289
0 0 0.520800 0.112640 0.027489 0.005138 0.333932
4 0 0.188486 0.105910 0.029328 0.003768 0.672508
4 0 0.180095 0.082819 0.021305 0.002546 0.713235
4 0 0.325317 0.089138 0.021195 0.003004 0.561346
4 0 0.213742 0.074269 0.017853 0.002158 0.691977
4 0 0.315663 0.075596 0.020415 0.002837 0.585489
4 1 0.299473 0.098782 0.026717 0.003850 0.571177
4 1 0.112279 0.098383 0.033198 0.004614 0.751527
4 0 0.178648 0.106319 0.029776 0.003785 0.681472
0 0 0.932872 0.042582 0.009669 0.005112 0.009764
0 0 0.814543 0.109383 0.030420 0.012757 0.032897
0 4 0.536000 0.247619 0.086854 0.027936 0.101590
1 4 0.204410 0.349082 0.160032 0.015627 0.270849
0 4 0.569946 0.222472 0.076665 0.011598 0.119320
0 4 0.419782 0.164936 0.047267 0.008755 0.359261
0 4 0.707368 0.134539 0.046195 0.006314 0.105584
0 4 0.390752 0.255126 0.188467 0.056967 0.108688
0 4 0.472304 0.275737 0.101064 0.030913 0.119981
2 4 0.128883 0.383801 0.447280 0.006831 0.033205
4 4 0.329985 0.114825 0.029703 0.004538 0.520949
4 4 0.121292 0.151365 0.082050 0.012516 0.632777
2 4 0.054893 0.310365 0.435669 0.011680 0.187393
4 4 0.096358 0.312330 0.162463 0.007561 0.421289
4 4 0.109251 0.224412 0.092456 0.010089 0.563793
4 4 0.102633 0.297247 0.141628 0.011551 0.446941
4 4 0.066788 0.349935 0.209164 0.016168 0.357946
2 4 0.032762 0.278116 0.449331 0.023045 0.216746
2 4 0.032727 0.194532 0.421185 0.090053 0.261503
2 4 0.020953 0.162425 0.461102 0.102277 0.253242
4 4 0.071793 0.171333 0.147075 0.046853 0.562946
4 4 0.182230 0.198569 0.143675 0.046526 0.428999
4 0 0.284318 0.215993 0.072214 0.012636 0.414839
4 4 0.279727 0.174998 0.053968 0.008969 0.482338
4 4 0.042487 0.127382 0.056474 0.004219 0.769437
4 4 0.022650 0.060926 0.026833 0.006075 0.883516
4 4 0.049603 0.113370 0.118534 0.025718 0.692776
2 4 0.032581 0.250916 0.408347 0.039313 0.268844
4 4 0.011135 0.126693 0.084538 0.019161 0.758472
4 4 0.164461 0.154610 0.053975 0.008981 0.617973
2 2 0.008078 0.222023 0.613931 0.002206 0.153761
2 4 0.025626 0.229823 0.565971 0.012550 0.166028
1 4 0.244868 0.355406 0.251449 0.016415 0.131863
1 4 0.141450 0.417937 0.238361 0.022617 0.179635
2 4 0.119287 0.295851 0.457251 0.049182 0.078429
2 2 0.002323 0.072480 0.886263 0.028223 0.010711
2 2 0.001061 0.019666 0.903421 0.074630 0.001221
2 2 0.036656 0.096057 0.460971 0.379794 0.026521
2 1 0.058744 0.232815 0.461047 0.129519 0.117875
1 2 0.085178 0.385883 0.226245 0.018535 0.284159
2 2 0.029032 0.138687 0.446848 0.278752 0.106680
2 1 0.006156 0.116632 0.839901 0.021176 0.016134
2 1 0.001852 0.044756 0.935255 0.010765 0.007371
2 1 0.013365 0.159305 0.716331 0.076827 0.034172
2 2 0.027156 0.269882 0.555595 0.067893 0.079474
2 2 0.018824 0.248427 0.407500 0.141000 0.184249
1 2 0.028672 0.320251 0.271874 0.152909 0.226294
3 2 0.032388 0.206996 0.298455 0.312384 0.149776
2 2 0.018668 0.298914 0.501562 0.057756 0.123099
2 2 0.047345 0.284245 0.445123 0.064136 0.159151
1 1 0.125554 0.327033 0.267731 0.093860 0.185822
2 2 0.055704 0.260395 0.549586 0.067848 0.066467
2 2 0.021685 0.307537 0.588483 0.021718 0.060577
2 2 0.003617 0.116935 0.847671 0.019364 0.012414
2 2 0.002611 0.089425 0.834216 0.060455 0.013293
2 0 0.011019 0.273268 0.641516 0.013768 0.060429
2 0 0.130237 0.296011 0.367085 0.085113 0.121555
0 1 0.441842 0.259400 0.091269 0.020610 0.186878
4 1 0.092555 0.286173 0.138153 0.009456 0.473663
4 1 0.114516 0.252896 0.173485 0.009617 0.449487
2 4 0.136582 0.233954 0.363645 0.028101 0.237718
4 1 0.317354 0.121563 0.032599 0.005010 0.523475
4 1 0.249437 0.198963 0.065574 0.011057 0.474969
1 2 0.045605 0.424127 0.324258 0.006637 0.199373
2 4 0.028733 0.335627 0.464748 0.018130 0.152761
2 4 0.137688 0.219091 0.308467 0.097579 0.237174
4 4 0.188902 0.142783 0.153274 0.062482 0.452559
0 4 0.510007 0.110540 0.032557 0.008827 0.338068
0 4 0.531724 0.155215 0.042775 0.009239 0.261047
0 4 0.497135 0.197519 0.060495 0.013458 0.231392
0 4 0.333725 0.263659 0.102507 0.005649 0.294459
4 4 0.223608 0.241111 0.124038 0.020773 0.390470
4 4 0.056050 0.144876 0.060091 0.003146 0.735838
4 4 0.099393 0.254244 0.114857 0.007947 0.523559
4 4 0.047235 0.351196 0.233463 0.005274 0.362832
4 4 0.285603 0.209179 0.169395 0.033046 0.302778
0 0 0.437848 0.146121 0.069443 0.023191 0.323396
0 0 0.448918 0.172658 0.049997 0.010104 0.318323
0 1 0.809981 0.111844 0.031267 0.013034 0.033873
0 0 0.858606 0.085224 0.022393 0.010021 0.023756
0 1 0.364048 0.213578 0.068695 0.013768 0.339911
0 1 0.510475 0.141581 0.037664 0.007575 0.302704
1 1 0.266868 0.313521 0.303907 0.032065 0.083638
4 2 0.113805 0.337069 0.179321 0.025549 0.344255
2 2 0.003274 0.144952 0.743973 0.045168 0.062633
2 4 0.023057 0.216860 0.580407 0.011943 0.167732
2 4 0.049000 0.265410 0.491558 0.036928 0.157103
2 4 0.027011 0.178426 0.350538 0.251644 0.192381
2 2 0.006846 0.201485 0.718495 0.017438 0.055736
2 2 0.001568 0.111336 0.859366 0.012844 0.014887
2 2 0.006889 0.213698 0.733510 0.009187 0.036716
2 2 0.007146 0.254950 0.619392 0.018839 0.099673
2 2 0.019836 0.278569 0.450115 0.066552 0.184929
2 2 0.004638 0.166861 0.698636 0.089314 0.040550
2 2 0.000089 0.020973 0.932835 0.044462 0.001642
2 2 0.000057 0.017661 0.928268 0.052612 0.001402
2 2 0.000422 0.066254 0.708645 0.198045 0.026633
2 2 0.000282 0.029773 0.629536 0.333274 0.007135
2 2 0.000274 0.026929 0.867883 0.101720 0.003193
2 2 0.001234 0.059242 0.684410 0.240382 0.014731
3 2 0.000087 0.011169 0.409057 0.576507 0.003180
3 2 0.000022 0.001737 0.128496 0.869068 0.000676
3 2 0.000085 0.005584 0.210548 0.781586 0.002197
3 2 0.000010 0.001562 0.142311 0.855564 0.000553
3 2 0.000072 0.007187 0.294203 0.696178 0.002361
3 2 0.000062 0.004491 0.217944 0.775906 0.001597
3 2 0.000179 0.010027 0.173389 0.810785 0.005620
3 3 0.000078 0.003807 0.072272 0.920874 0.002970
3 3 0.000022 0.001879 0.072594 0.924343 0.001161
3 3 0.000071 0.003377 0.160347 0.835045 0.001160
3 3 0.000244 0.017659 0.261773 0.711689 0.008634
3 3 0.000022 0.004655 0.186160 0.807192 0.001972
3 3 0.000001 0.000245 0.032557 0.967059 0.000138
3 3 0.000000 0.000028 0.038001 0.961965 0.000007
3 3 0.000000 0.000029 0.022283 0.977677 0.000010
3 3 0.000005 0.000654 0.075105 0.923959 0.000277
3 3 0.000005 0.000494 0.037006 0.962179 0.000317
3 0 0.000147 0.004801 0.195032 0.798708 0.001312
2 1 0.024343 0.029074 0.723207 0.214180 0.009196
0 1 0.671490 0.140649 0.055265 0.009331 0.123266
2 0 0.049680 0.224853 0.469839 0.027540 0.228088
4 0 0.251564 0.177612 0.056021 0.009065 0.505738
0 0 0.716597 0.089833 0.020445 0.004770 0.168355
0 0 0.669770 0.097590 0.022671 0.004996 0.204973
0 0 0.718881 0.075024 0.022990 0.005412 0.177694
0 0 0.542583 0.123277 0.031051 0.006169 0.296921
0 0 0.577807 0.089863 0.020139 0.003750 0.308441
0 0 0.742152 0.091174 0.021078 0.005257 0.140338
0 0 0.670567 0.125928 0.064233 0.019781 0.119491
0 0 0.715667 0.111286 0.027650 0.007167 0.138231
0 0 0.550375 0.224096 0.152494 0.024069 0.048967
0 0 0.636914 0.178555 0.089792 0.026778 0.067961
0 0 0.766064 0.116858 0.057590 0.026557 0.032932
0 0 0.867473 0.072993 0.017506 0.006691 0.035337
0 0 0.755180 0.106587 0.026582 0.007547 0.104103
0 0 0.824776 0.103836 0.028529 0.012131 0.030727
0 0 0.794993 0.119878 0.034072 0.013938 0.037119
0 0 0.759907 0.146042 0.046263 0.012005 0.035784
0 1 0.404743 0.323125 0.141029 0.010782 0.120321
0 1 0.867473 0.088802 0.028210 0.002646 0.012868
0 1 0.497235 0.145816 0.039280 0.007858 0.309811
0 1 0.528430 0.131021 0.033795 0.006747 0.300007
0 1 0.737344 0.076051 0.016342 0.003720 0.166543
0 1 0.319073 0.280051 0.105605 0.015815 0.279457
0 1 0.856648 0.086314 0.022743 0.010145 0.024151
0 0 0.928312 0.047653 0.011824 0.003977 0.008233
0 0 0.635811 0.198394 0.064128 0.021872 0.079795
0 0 0.922505 0.054472 0.016206 0.001633 0.005184
0 1 0.478531 0.175453 0.050955 0.010808 0.284254
1 1 0.320883 0.359300 0.184593 0.003500 0.131724
4 0 0.220808 0.142219 0.096605 0.012907 0.527461
0 0 0.515421 0.133606 0.035947 0.004218 0.310809
4 0 0.197711 0.090173 0.023450 0.002921 0.685745
4 1 0.196256 0.175973 0.086244 0.009745 0.531782
4 1 0.170629 0.170611 0.058176 0.005825 0.594760
2 1 0.015824 0.087116 0.863423 0.014736 0.018900
1 1 0.100954 0.459498 0.379454 0.003161 0.056933
0 1 0.715949 0.096495 0.105260 0.062271 0.020024
1 1 0.181283 0.376876 0.175353 0.040834 0.225654
0 1 0.727723 0.169509 0.058827 0.010286 0.033655
1 0 0.287621 0.300653 0.214866 0.066774 0.130086
0 1 0.678603 0.181707 0.058131 0.019662 0.061897
0 0 0.829961 0.065189 0.013897 0.003852 0.087101
0 0 0.400813 0.305413 0.117684 0.033996 0.142094
0 4 0.730265 0.159765 0.066132 0.013524 0.030314
0 4 0.644260 0.111368 0.212673 0.024776 0.006922
2 4 0.193320 0.218434 0.371172 0.140642 0.076432
0 4 0.334403 0.330809 0.133876 0.036566 0.164346
0 4 0.586878 0.176798 0.060542 0.041363 0.134418
0 4 0.651631 0.126809 0.036294 0.007868 0.177397
0 0 0.759654 0.099928 0.051482 0.018483 0.070453
0 0 0.486141 0.245255 0.096897 0.013959 0.157748
0 1 0.915065 0.057334 0.015453 0.003726 0.008423
1 0 0.311014 0.321246 0.127713 0.031806 0.208221
0 4 0.967751 0.021336 0.004226 0.002612 0.004075
0 1 0.511684 0.258524 0.092217 0.029096 0.108478
0 1 0.981281 0.012728 0.002282 0.001581 0.002127
0 1 0.847164 0.091569 0.024448 0.010742 0.026077
0 0 0.993327 0.002421 0.001633 0.002449 0.000170
0 1 0.991562 0.005944 0.000922 0.000754 0.000818
0 1 0.688647 0.132827 0.097035 0.047227 0.034264
0 1 0.833061 0.106240 0.031901 0.007773 0.021025
1 0 0.310868 0.339199 0.139822 0.037394 0.172717
0 1 0.968082 0.021129 0.004177 0.002588 0.004025
0 1 0.576477 0.229026 0.078088 0.025943 0.090466
0 1 0.692858 0.155026 0.045364 0.011254 0.095497
0 0 0.531691 0.157557 0.045151 0.005862 0.259739
0 0 0.735154 0.062865 0.012583 0.002659 0.186739
0 1 0.765736 0.034801 0.112147 0.084110 0.003205
0 1 0.738419 0.095278 0.063610 0.022677 0.080016
1 0 0.248231 0.347762 0.147874 0.035619 0.220515
0 0 0.856092 0.084123 0.037884 0.007800 0.014100
0 1 0.686732 0.150122 0.042389 0.012536 0.108220
0 1 0.643897 0.127638 0.032828 0.007797 0.187840
4 4 0.312677 0.097791 0.024141 0.003464 0.561927
4 0 0.081733 0.095619 0.038674 0.007640 0.776334
4 0 0.037824 0.052435 0.045853 0.002060 0.861828
4 1 0.074465 0.066620 0.049663 0.005719 0.803534
4 0 0.260474 0.133036 0.037614 0.005584 0.563292
2 0 0.176341 0.176128 0.502995 0.106925 0.037611
0 0 0.423481 0.250748 0.156447 0.033557 0.135767
0 0 0.726641 0.125448 0.050295 0.017014 0.080602
0 0 0.413095 0.212743 0.114556 0.018542 0.241065
4 0 0.341600 0.183865 0.061032 0.003088 0.410415
0 0 0.405882 0.303382 0.116480 0.033788 0.140469
0 0 0.642310 0.173353 0.051512 0.015103 0.117721
4 0 0.403401 0.066116 0.013788 0.001953 0.514743
0 0 0.678993 0.056279 0.010734 0.001993 0.252001
0 0 0.452778 0.088280 0.020010 0.003212 0.435720
4 0 0.323770 0.070755 0.015586 0.002080 0.587809
0 0 0.680999 0.094857 0.021845 0.004857 0.197442
0 0 0.721412 0.092078 0.021195 0.005053 0.160261
0 0 0.760637 0.075129 0.016212 0.003874 0.144147
0 0 0.799851 0.067393 0.014227 0.003609 0.114921
0 0 0.713118 0.082377 0.018115 0.004047 0.182343
4 0 0.363523 0.118175 0.030450 0.004856 0.482996
0 0 0.490294 0.112933 0.027696 0.004995 0.364081
0 0 0.483519 0.157581 0.043812 0.008898 0.306190
0 0 0.804542 0.081086 0.018566 0.005278 0.090528
0 0 0.864477 0.056123 0.011670 0.003489 0.064242
0 0 0.771335 0.123441 0.033985 0.011956 0.059283
0 0 0.481521 0.184810 0.054836 0.012003 0.266829
4 0 0.190089 0.110139 0.030858 0.004014 0.664900
0 0 0.493921 0.171467 0.049275 0.010566 0.274771
0 0 0.672319 0.132472 0.034916 0.009013 0.151281
0 0 0.640683 0.123493 0.031571 0.006433 0.197820
4 0 0.372079 0.120144 0.031040 0.005020 0.471718
0 0 0.774035 0.088636 0.020610 0.005546 0.111172
0 0 0.512777 0.179367 0.177204 0.079626 0.051027
0 0 0.933073 0.037418 0.013768 0.008507 0.007234
4 0 0.162496 0.268864 0.165083 0.013746 0.389811
2 0 0.183743 0.267875 0.301913 0.029340 0.217128
0 0 0.662175 0.141263 0.102949 0.045073 0.048540
0 0 0.594745 0.210071 0.123111 0.024191 0.047882
0 0 0.345679 0.313442 0.268868 0.015245 0.056766
2 0 0.143936 0.324858 0.462468 0.023577 0.045161
2 1 0.086502 0.230282 0.559571 0.047856 0.075788
0 1 0.332985 0.240974 0.281068 0.027850 0.117122
4 1 0.261444 0.264200 0.156264 0.013234 0.304857
1 1 0.168551 0.317678 0.280304 0.010758 0.222709
2 1 0.276844 0.074142 0.367783 0.273187 0.008044
2 1 0.128839 0.108356 0.566895 0.178165 0.017745
2 1 0.044521 0.351513 0.505905 0.014476 0.083585
1 1 0.042647 0.440887 0.408620 0.010546 0.097300
2 1 0.067345 0.239324 0.626689 0.025182 0.041459
2 1 0.047767 0.192857 0.668673 0.057930 0.032773
2 1 0.021925 0.105094 0.825354 0.038347 0.009281
2 1 0.071665 0.326392 0.368323 0.024233 0.209387
2 0 0.033179 0.276160 0.599955 0.015065 0.075641
0 0 0.533894 0.238187 0.092146 0.003417 0.132356
0 0 0.453043 0.090168 0.020585 0.003325 0.432879
0 1 0.598227 0.074060 0.015496 0.002790 0.309427
0 1 0.667826 0.058813 0.011378 0.002105 0.259878
0 0 0.698743 0.087242 0.019536 0.004342 0.190137
0 1 0.794779 0.067612 0.014247 0.003564 0.119797
0 1 0.489814 0.143123 0.038311 0.007532 0.321219
