0 0 0.955499 0.025701 0.004267 0.001023 0.013509
0 0 0.912523 0.049742 0.011435 0.002802 0.023498
0 0 0.804950 0.092237 0.012109 0.000172 0.090531
0 0 0.610865 0.119751 0.044087 0.003405 0.221892
0 0 0.802219 0.079272 0.015303 0.001855 0.101350
4 0 0.399763 0.038829 0.006019 0.008140 0.547249
0 0 0.676446 0.056069 0.006967 0.001083 0.259435
0 0 0.947493 0.015183 0.001792 0.001638 0.033896
0 0 0.425047 0.196703 0.027697 0.000095 0.350458
4 0 0.095217 0.079413 0.013386 0.000355 0.811630
0 0 0.949426 0.014204 0.002578 0.007900 0.025891
0 0 0.922532 0.043282 0.010516 0.004074 0.019595
0 0 0.946795 0.021330 0.003640 0.003798 0.024437
0 0 0.881174 0.030377 0.008086 0.026005 0.054357
0 0 0.815163 0.027329 0.006806 0.011884 0.138819
0 0 0.523431 0.023013 0.002544 0.004793 0.446220
0 0 0.704854 0.018147 0.002522 0.019821 0.254656
0 0 0.794868 0.005409 0.000512 0.027783 0.171428
0 0 0.904854 0.038714 0.008891 0.008995 0.038547
0 0 0.942603 0.032306 0.006995 0.002995 0.015102
0 0 0.949094 0.027293 0.008269 0.004195 0.011149
0 0 0.879839 0.059547 0.017995 0.009905 0.032715
0 0 0.586808 0.200595 0.070666 0.001753 0.140179
0 0 0.665798 0.187718 0.044655 0.000781 0.101048
4 0 0.363764 0.140568 0.025804 0.000908 0.468956
4 0 0.216109 0.069811 0.010256 0.000744 0.703079
4 1 0.283686 0.142795 0.024870 0.000519 0.548131
4 0 0.059173 0.193339 0.040104 0.000044 0.707340
4 0 0.235148 0.168438 0.042640 0.001990 0.551783
4 0 0.091317 0.061708 0.013130 0.000764 0.833081
4 1 0.157410 0.136854 0.021723 0.000159 0.683854
4 1 0.013221 0.119894 0.026815 0.000020 0.840050
4 1 0.008610 0.155873 0.048892 0.000031 0.786594
4 1 0.001828 0.115815 0.038004 0.000005 0.844348
4 1 0.001357 0.044249 0.012764 0.000013 0.941617
4 1 0.001200 0.015945 0.003237 0.000014 0.979604
4 1 0.006782 0.043677 0.014122 0.000315 0.935104
4 1 0.024886 0.090237 0.043188 0.000786 0.840903
4 4 0.070743 0.068299 0.013122 0.000615 0.847220
4 4 0.052945 0.084230 0.016148 0.000231 0.846446
4 4 0.013292 0.027141 0.006179 0.000600 0.952788
4 4 0.001431 0.010192 0.002635 0.000128 0.985613
4 4 0.018037 0.089919 0.108031 0.002675 0.781338
4 4 0.009057 0.060758 0.042778 0.000728 0.886679
4 4 0.007104 0.014045 0.002317 0.000149 0.976385
4 4 0.020272 0.022521 0.003141 0.000141 0.953925
4 4 0.087617 0.071131 0.011755 0.000357 0.829140
4 4 0.032510 0.099484 0.025343 0.000311 0.842352
4 4 0.017411 0.039767 0.008516 0.000317 0.933988
4 4 0.008123 0.073725 0.018144 0.000044 0.899964
4 4 0.016273 0.124117 0.036631 0.000120 0.822859
4 4 0.022368 0.089702 0.018259 0.000061 0.869610
4 4 0.012308 0.062091 0.013088 0.000059 0.912455
4 4 0.020315 0.221111 0.056088 0.000019 0.702467
4 4 0.014553 0.196800 0.053891 0.000021 0.734735
4 4 0.022859 0.165979 0.049794 0.000118 0.761250
4 4 0.015240 0.021017 0.003645 0.000320 0.959778
4 4 0.048716 0.040648 0.006214 0.000299 0.904123
4 4 0.098390 0.075883 0.012981 0.000450 0.812296
4 4 0.045853 0.201996 0.053641 0.000126 0.698385
4 4 0.002694 0.200474 0.187740 0.000016 0.609076
4 4 0.026264 0.133618 0.023441 0.000014 0.816663
4 4 0.013422 0.154575 0.043636 0.000040 0.788327
4 4 0.013267 0.110091 0.024313 0.000023 0.852305
4 4 0.032022 0.167935 0.068900 0.000344 0.730798
4 4 0.031299 0.126224 0.045858 0.000419 0.796200
4 4 0.022664 0.068226 0.016232 0.000270 0.892608
4 4 0.009977 0.086950 0.029141 0.000161 0.873771
4 4 0.017466 0.031402 0.005814 0.000244 0.945074
4 4 0.092316 0.050765 0.007734 0.000533 0.848651
4 4 0.027108 0.074687 0.015473 0.000143 0.882588
4 1 0.004466 0.062228 0.017033 0.000039 0.916234
4 1 0.004939 0.052214 0.019205 0.000338 0.923303
4 1 0.013866 0.023148 0.004038 0.000227 0.958722
4 1 0.007699 0.021842 0.004153 0.000103 0.966203
4 1 0.008717 0.023786 0.004970 0.000247 0.962279
4 1 0.009060 0.039064 0.010127 0.000289 0.941461
4 0 0.185885 0.127766 0.018142 0.000132 0.668075
0 0 0.983755 0.006018 0.000620 0.000981 0.008626
4 0 0.036889 0.010530 0.004186 0.336709 0.611686
2 0 0.194933 0.312032 0.326556 0.076095 0.090384
2 0 0.194933 0.312032 0.326556 0.076095 0.090384
2 0 0.194933 0.312032 0.326556 0.076095 0.090384
2 0 0.175091 0.329745 0.332316 0.056421 0.106427
0 0 0.885773 0.062439 0.018168 0.006939 0.026681
2 0 0.194933 0.312032 0.326556 0.076095 0.090384
0 0 0.388816 0.333719 0.082405 0.000254 0.194805
4 0 0.207844 0.275208 0.063395 0.000260 0.453294
0 0 0.553027 0.221702 0.046994 0.000444 0.177833
0 0 0.623592 0.177831 0.058833 0.000398 0.139346
2 0 0.057471 0.149081 0.751161 0.006697 0.035590
2 0 0.239958 0.281635 0.368804 0.002851 0.106753
0 0 0.741906 0.129747 0.046968 0.001298 0.080081
0 0 0.725302 0.128144 0.024002 0.000720 0.121831
0 0 0.566531 0.141601 0.054176 0.004371 0.233322
0 0 0.574977 0.191049 0.159014 0.002588 0.072371
0 0 0.796242 0.082373 0.068857 0.027510 0.025018
0 0 0.654668 0.176808 0.082735 0.019291 0.066498
0 0 0.535681 0.231817 0.123536 0.001412 0.107554
0 0 0.503342 0.267790 0.044460 0.000070 0.184339
4 0 0.131669 0.091449 0.012821 0.000161 0.763901
0 0 0.552668 0.088085 0.022341 0.018022 0.318884
0 0 0.772002 0.107702 0.040901 0.020484 0.058910
0 0 0.954108 0.025993 0.005123 0.002274 0.012503
0 0 0.979553 0.011719 0.001648 0.000834 0.006245
0 0 0.920865 0.045510 0.009167 0.001620 0.022838
0 0 0.939483 0.009720 0.000778 0.000831 0.049188
0 0 0.880865 0.011729 0.000794 0.000554 0.106058
0 0 0.875346 0.021493 0.001936 0.000663 0.100563
0 0 0.512772 0.159406 0.021031 0.000123 0.306668
0 0 0.546526 0.106906 0.012471 0.000186 0.333911
4 1 0.377049 0.131772 0.019194 0.000320 0.471665
4 1 0.181050 0.176388 0.034597 0.000321 0.607644
4 1 0.292118 0.139995 0.025442 0.000707 0.541738
4 0 0.371901 0.076316 0.012382 0.002124 0.537278
4 0 0.192484 0.049348 0.008071 0.002644 0.747452
4 0 0.364530 0.026131 0.003030 0.003770 0.602539
0 0 0.545089 0.057300 0.008605 0.002709 0.386297
0 0 0.768298 0.115288 0.027655 0.000856 0.087903
0 0 0.941617 0.033720 0.005282 0.000630 0.018752
4 1 0.246201 0.059871 0.009355 0.001893 0.682679
2 4 0.022441 0.359713 0.452363 0.000077 0.165406
2 4 0.000714 0.075693 0.903308 0.000137 0.020148
2 4 0.005223 0.044554 0.864366 0.078754 0.007102
0 0 0.684118 0.086638 0.015228 0.002193 0.211824
0 0 0.923372 0.023187 0.003893 0.005368 0.044180
0 0 0.634076 0.080615 0.010786 0.000714 0.273809
0 0 0.528566 0.261061 0.077740 0.001221 0.131413
0 0 0.378952 0.280776 0.198939 0.003335 0.137998
4 0 0.392524 0.057516 0.006674 0.000480 0.542806
0 0 0.964815 0.012168 0.002176 0.004937 0.015904
0 0 0.893974 0.048608 0.007668 0.000969 0.048782
0 0 0.876614 0.046871 0.006704 0.000497 0.069314
0 0 0.748134 0.033606 0.003610 0.001352 0.213298
0 0 0.856646 0.042068 0.004512 0.000372 0.096402
0 4 0.917272 0.024264 0.002407 0.000429 0.055627
4 4 0.116391 0.037984 0.005228 0.000853 0.839544
4 4 0.020631 0.026296 0.003688 0.000107 0.949278
4 4 0.010556 0.095829 0.024723 0.000049 0.868843
4 4 0.006790 0.191389 0.186081 0.000355 0.615386
4 4 0.003651 0.142380 0.193077 0.000215 0.660677
4 2 0.005839 0.156681 0.242176 0.000685 0.594619
2 2 0.001519 0.219915 0.503666 0.000049 0.274850
4 2 0.001088 0.173416 0.211858 0.000019 0.613620
4 2 0.005594 0.099116 0.042702 0.000070 0.852519
4 2 0.002583 0.170957 0.282931 0.000047 0.543482
4 2 0.000857 0.173064 0.409293 0.000033 0.416751
4 2 0.000651 0.097488 0.267893 0.000043 0.633925
4 2 0.001380 0.103415 0.220443 0.000111 0.674652
4 2 0.005033 0.137618 0.260804 0.000122 0.596423
2 2 0.000813 0.050173 0.779343 0.009549 0.160122
4 2 0.003597 0.084048 0.301797 0.014587 0.595972
4 2 0.005986 0.104327 0.106163 0.000653 0.782870
4 2 0.001035 0.101656 0.178295 0.000037 0.718977
2 2 0.000388 0.059115 0.563889 0.001524 0.375084
2 2 0.000687 0.073033 0.751616 0.003351 0.171313
4 2 0.001892 0.132206 0.360724 0.000669 0.504509
4 2 0.003675 0.081655 0.317153 0.006734 0.590783
2 2 0.004334 0.144590 0.431358 0.001803 0.417914
4 2 0.007422 0.107911 0.186097 0.001270 0.697300
4 1 0.067367 0.294449 0.141897 0.001170 0.495116
2 1 0.024043 0.240515 0.420200 0.005327 0.309915
2 2 0.008625 0.162431 0.478935 0.004064 0.345945
2 1 0.001168 0.073816 0.860715 0.004879 0.059422
2 2 0.001788 0.098966 0.812444 0.002156 0.084646
2 2 0.001027 0.098352 0.855631 0.000220 0.044770
2 2 0.001690 0.053245 0.908528 0.001754 0.034783
2 2 0.011403 0.101601 0.789749 0.010949 0.086298
2 2 0.024655 0.105319 0.648117 0.083904 0.138006
2 2 0.007385 0.115018 0.508471 0.005824 0.363301
0 1 0.824199 0.071983 0.020362 0.013757 0.069699
0 1 0.589927 0.155387 0.039438 0.003544 0.211705
0 4 0.494717 0.279130 0.069437 0.000446 0.156270
0 0 0.623153 0.119282 0.030796 0.007780 0.218989
0 0 0.851841 0.069511 0.046235 0.007321 0.025092
0 0 0.873563 0.065809 0.025769 0.012387 0.022472
0 0 0.782100 0.090971 0.085722 0.014858 0.026350
0 0 0.621837 0.194076 0.092659 0.018251 0.073178
2 0 0.343963 0.194975 0.377851 0.034730 0.048481
0 0 0.860813 0.075193 0.023890 0.008820 0.031284
0 0 0.756520 0.086856 0.111073 0.022101 0.023450
0 0 0.906844 0.047620 0.023313 0.005531 0.016692
0 1 0.724686 0.124684 0.025481 0.001101 0.124048
0 1 0.639909 0.151990 0.027655 0.000572 0.179874
4 1 0.399555 0.108983 0.016645 0.000693 0.474125
4 1 0.221041 0.104748 0.014206 0.000211 0.659794
4 1 0.121645 0.133845 0.025139 0.000279 0.719092
4 1 0.044707 0.334098 0.104442 0.000067 0.516687
4 1 0.013766 0.176099 0.058426 0.000071 0.751638
4 1 0.010440 0.187691 0.093927 0.000174 0.707767
4 2 0.006331 0.270115 0.304407 0.000113 0.419034
4 2 0.009496 0.306523 0.161813 0.000085 0.522082
4 2 0.007479 0.166836 0.072346 0.000067 0.753273
4 2 0.002099 0.183011 0.262490 0.000029 0.552371
4 2 0.000770 0.107801 0.173196 0.000036 0.718196
2 2 0.000599 0.093056 0.780754 0.000242 0.125349
2 2 0.002698 0.163881 0.704499 0.000187 0.128734
2 2 0.003794 0.136257 0.553837 0.000994 0.305118
2 2 0.014719 0.224683 0.431245 0.001288 0.328065
4 2 0.006624 0.156001 0.150735 0.000183 0.686458
2 2 0.000158 0.044353 0.922479 0.000168 0.032842
2 2 0.003645 0.216557 0.496917 0.000255 0.282626
2 2 0.007822 0.228430 0.554267 0.001153 0.208328
4 2 0.007289 0.145713 0.181920 0.000538 0.664539
4 2 0.051059 0.208200 0.283951 0.004385 0.452404
4 1 0.051724 0.279059 0.129289 0.000967 0.538961
2 2 0.005170 0.142666 0.766106 0.003926 0.082133
2 2 0.003981 0.073728 0.858799 0.010696 0.052796
2 2 0.000313 0.017996 0.970675 0.003843 0.007173
2 2 0.001801 0.027197 0.948639 0.006907 0.015456
2 2 0.003457 0.065164 0.877145 0.008126 0.046108
2 2 0.004805 0.080063 0.819705 0.025938 0.069490
2 2 0.000842 0.025837 0.926876 0.029799 0.016646
2 2 0.000534 0.014406 0.833438 0.140559 0.011063
2 2 0.004681 0.075765 0.695866 0.057442 0.166246
2 2 0.016227 0.106548 0.612789 0.074727 0.189710
2 2 0.004149 0.088812 0.674987 0.020483 0.211568
2 2 0.002292 0.059814 0.870503 0.003481 0.063911
2 2 0.039609 0.086694 0.593213 0.126317 0.154168
2 2 0.004133 0.020214 0.681401 0.273277 0.020975
3 2 0.000685 0.002952 0.234536 0.760092 0.001736
3 3 0.007937 0.003163 0.062889 0.922784 0.003227
3 3 0.008119 0.012060 0.391231 0.575479 0.013110
3 2 0.001645 0.000646 0.044870 0.952418 0.000420
3 2 0.002633 0.001504 0.056956 0.937184 0.001722
3 3 0.005633 0.016944 0.361843 0.585963 0.029617
3 3 0.006897 0.006605 0.160012 0.812745 0.013740
3 3 0.002939 0.000464 0.006194 0.988461 0.001943
3 3 0.001064 0.000270 0.007622 0.990425 0.000619
3 3 0.005677 0.000790 0.010349 0.980713 0.002471
3 3 0.000696 0.000372 0.011780 0.986468 0.000684
3 3 0.013604 0.000944 0.006811 0.974057 0.004584
3 3 0.013707 0.001549 0.012049 0.967209 0.005487
3 3 0.009041 0.003084 0.042657 0.941368 0.003850
3 3 0.098233 0.008516 0.016812 0.833213 0.043227
3 3 0.091981 0.020719 0.039577 0.778236 0.069488
3 2 0.008710 0.010486 0.151045 0.816560 0.013200
3 3 0.012013 0.010372 0.140049 0.826763 0.010803
3 3 0.002515 0.000921 0.017681 0.977026 0.001857
3 3 0.004228 0.001389 0.033825 0.958956 0.001601
3 3 0.000343 0.000284 0.011326 0.987432 0.000614
3 3 0.002147 0.000591 0.010604 0.985073 0.001585
3 3 0.004796 0.001187 0.014972 0.975339 0.003706
3 3 0.003998 0.000965 0.014670 0.978324 0.002043
3 3 0.004682 0.000982 0.013566 0.978351 0.002419
3 3 0.002238 0.000835 0.023671 0.972058 0.001198
3 3 0.016074 0.003099 0.031905 0.943394 0.005528
3 3 0.003543 0.001249 0.027878 0.965524 0.001805
3 3 0.022911 0.004955 0.039109 0.925125 0.007900
3 3 0.012440 0.002344 0.039517 0.943014 0.002685
3 3 0.008609 0.000944 0.007055 0.978204 0.005188
3 3 0.007413 0.001062 0.018575 0.971208 0.001742
3 3 0.008821 0.000700 0.004305 0.981247 0.004927
3 3 0.162186 0.004407 0.007726 0.795036 0.030645
3 3 0.100255 0.017456 0.048376 0.798638 0.035274
3 2 0.201655 0.082807 0.101396 0.370460 0.243682
4 1 0.042186 0.200473 0.297621 0.016978 0.442742
2 2 0.036222 0.156292 0.660666 0.019866 0.126954
2 2 0.046469 0.201367 0.528977 0.014453 0.208734
3 1 0.107727 0.091444 0.248006 0.355637 0.197186
0 1 0.374835 0.250259 0.237964 0.069678 0.067264
0 0 0.516425 0.266480 0.086925 0.001780 0.128390
4 1 0.185435 0.291652 0.088342 0.000776 0.433794
4 1 0.061090 0.240414 0.115769 0.002854 0.579874
4 1 0.118204 0.242308 0.089922 0.001332 0.548234
0 1 0.393576 0.183171 0.038885 0.001004 0.383364
4 1 0.268075 0.180553 0.028794 0.000166 0.522412
4 1 0.321320 0.226944 0.054797 0.000926 0.396013
4 1 0.125296 0.261481 0.071187 0.000363 0.541673
4 1 0.079180 0.215755 0.044661 0.000070 0.660333
0 1 0.523498 0.212869 0.037662 0.000226 0.225745
0 1 0.540035 0.232759 0.053123 0.000554 0.173529
4 1 0.354908 0.159024 0.029868 0.000728 0.455472
4 0 0.169333 0.215355 0.122516 0.002399 0.490396
4 0 0.184443 0.216137 0.034206 0.000061 0.565153
4 0 0.220120 0.165647 0.028555 0.000247 0.585431
4 1 0.021794 0.206516 0.075997 0.000182 0.695511
4 1 0.014011 0.261828 0.132519 0.000225 0.591416
4 1 0.030279 0.170482 0.063891 0.000588 0.734760
4 1 0.047753 0.223709 0.067542 0.000202 0.660793
4 1 0.073795 0.315277 0.088054 0.000103 0.522772
4 1 0.133355 0.232543 0.054800 0.000261 0.579041
4 1 0.046074 0.133922 0.031177 0.000175 0.788653
4 1 0.056823 0.191386 0.053348 0.000269 0.698174
4 1 0.016836 0.151098 0.045252 0.000086 0.786727
4 4 0.108524 0.234002 0.048040 0.000090 0.609344
4 4 0.126605 0.224370 0.048490 0.000168 0.600367
4 4 0.041080 0.225838 0.065226 0.000121 0.667735
4 4 0.063296 0.119424 0.024952 0.000221 0.792106
4 4 0.169350 0.146130 0.025556 0.000166 0.658799
4 4 0.034708 0.186946 0.054973 0.000163 0.723211
4 4 0.011174 0.167622 0.046967 0.000022 0.774216
4 4 0.009479 0.104257 0.028590 0.000047 0.857627
4 4 0.050299 0.139418 0.031288 0.000151 0.778844
4 4 0.023555 0.106903 0.027254 0.000150 0.842138
4 4 0.048384 0.205202 0.067401 0.000407 0.678606
4 4 0.099902 0.135904 0.038139 0.001680 0.724376
4 4 0.019210 0.122460 0.032884 0.000100 0.825345
4 4 0.037573 0.151621 0.036614 0.000110 0.774082
4 4 0.039066 0.133639 0.031883 0.000100 0.795312
2 4 0.003869 0.094702 0.663711 0.009137 0.228581
2 4 0.018199 0.278810 0.480278 0.001255 0.221458
4 4 0.127688 0.037895 0.005406 0.000990 0.828021
4 4 0.102296 0.021471 0.002732 0.001560 0.871941
4 4 0.116545 0.131627 0.021770 0.000137 0.729921
4 4 0.039579 0.097537 0.020654 0.000170 0.842059
4 4 0.021966 0.039228 0.006907 0.000172 0.931727
4 4 0.026134 0.033264 0.004758 0.000109 0.935735
4 4 0.025605 0.204124 0.055776 0.000052 0.714443
4 4 0.015493 0.081243 0.015839 0.000032 0.887393
4 0 0.038778 0.069243 0.023648 0.000678 0.867653
4 0 0.122930 0.041859 0.006272 0.001190 0.827750
4 0 0.381269 0.038755 0.005114 0.003324 0.571539
0 0 0.933655 0.026063 0.002902 0.000414 0.036966
0 0 0.972033 0.015986 0.002562 0.001232 0.008188
0 0 0.977717 0.005546 0.000466 0.000832 0.015439
4 0 0.332419 0.171276 0.019191 0.000036 0.477078
0 0 0.692243 0.046582 0.004827 0.000615 0.255733
4 1 0.329936 0.133174 0.015823 0.000093 0.520974
4 1 0.218419 0.132653 0.016783 0.000081 0.632064
4 0 0.234017 0.237393 0.053830 0.000429 0.474331
4 1 0.025017 0.232555 0.070752 0.000062 0.671615
4 1 0.006802 0.250108 0.126066 0.000070 0.616955
4 2 0.003644 0.251240 0.111923 0.000012 0.633180
4 2 0.004407 0.242649 0.193448 0.000046 0.559449
2 2 0.005475 0.186955 0.675044 0.000709 0.131817
2 2 0.002721 0.125552 0.731876 0.000598 0.139253
2 2 0.003480 0.174351 0.424025 0.000276 0.397868
1 2 0.011698 0.406381 0.381675 0.000090 0.200156
4 2 0.005390 0.155302 0.192929 0.000152 0.646228
2 2 0.001235 0.086260 0.843605 0.000426 0.068475
2 2 0.030232 0.229962 0.399558 0.004336 0.335912
2 2 0.006511 0.191573 0.578453 0.001019 0.222445
2 2 0.002269 0.137928 0.680409 0.000149 0.179245
2 2 0.008074 0.186280 0.665500 0.000310 0.139836
2 2 0.000657 0.109472 0.810865 0.000162 0.078844
2 2 0.000345 0.074922 0.893851 0.000097 0.030785
2 2 0.000461 0.066212 0.849449 0.000265 0.083613
2 2 0.003049 0.098490 0.835818 0.000322 0.062322
2 2 0.000921 0.045333 0.933705 0.000134 0.019907
2 0 0.155666 0.199792 0.391950 0.077048 0.175543
2 1 0.021690 0.111728 0.581546 0.055966 0.229070
2 2 0.001182 0.087741 0.622761 0.001604 0.286712
2 2 0.000555 0.076348 0.798330 0.000954 0.123814
4 2 0.011295 0.175646 0.268925 0.000916 0.543218
4 2 0.019220 0.199192 0.364174 0.001944 0.415470
2 2 0.003762 0.190539 0.468823 0.000815 0.336061
2 2 0.002005 0.117412 0.798731 0.000690 0.081163
2 2 0.002621 0.164035 0.611801 0.000225 0.221319
2 2 0.001664 0.132697 0.655182 0.000320 0.210138
2 2 0.006600 0.092439 0.842893 0.004507 0.053561
2 2 0.019338 0.262114 0.359620 0.001178 0.357750
4 1 0.011688 0.219309 0.083005 0.000041 0.685957
4 2 0.055741 0.317414 0.118818 0.000263 0.507764
2 1 0.002705 0.114363 0.836382 0.001040 0.045510
2 2 0.008202 0.101367 0.621588 0.005576 0.263268
2 2 0.014792 0.091978 0.753367 0.025546 0.114317
4 2 0.018824 0.166808 0.384463 0.005032 0.424873
2 2 0.000971 0.074966 0.789286 0.004601 0.130175
2 2 0.001446 0.058309 0.776471 0.004651 0.159123
2 2 0.000442 0.034064 0.940772 0.002752 0.021970
2 2 0.000963 0.066118 0.888166 0.001674 0.043079
2 2 0.005075 0.121069 0.606351 0.006315 0.261190
2 2 0.000891 0.054196 0.877996 0.011411 0.055506
2 2 0.002105 0.095276 0.799826 0.006384 0.096409
2 2 0.001732 0.073240 0.873339 0.004941 0.046749
2 1 0.018921 0.150707 0.492006 0.025865 0.312501
2 2 0.001452 0.041729 0.907572 0.032607 0.016640
2 2 0.002436 0.112280 0.711631 0.001774 0.171880
2 2 0.002422 0.052587 0.867909 0.006081 0.071001
2 0 0.196876 0.308247 0.340389 0.007589 0.146899
2 1 0.023387 0.167799 0.630666 0.019007 0.159140
2 2 0.005229 0.107921 0.752185 0.002892 0.131774
2 2 0.004536 0.111253 0.597438 0.004477 0.282296
2 2 0.025561 0.250555 0.396485 0.002017 0.325382
4 2 0.021977 0.239882 0.220006 0.000512 0.517624
2 2 0.024155 0.169010 0.496814 0.008189 0.301831
2 2 0.003854 0.156865 0.666054 0.000707 0.172520
2 2 0.000630 0.058875 0.911650 0.000386 0.028460
2 2 0.000623 0.034976 0.934135 0.001639 0.028626
1 2 0.087794 0.428909 0.238146 0.000463 0.244688
1 1 0.152149 0.368142 0.192690 0.001000 0.286019
4 2 0.019577 0.140608 0.184592 0.000968 0.654255
4 2 0.236942 0.084329 0.023963 0.009823 0.644943
4 1 0.040061 0.097563 0.024089 0.000396 0.837891
4 1 0.041476 0.172427 0.070581 0.001572 0.713944
4 2 0.009008 0.153075 0.270062 0.006408 0.561447
2 2 0.002873 0.116800 0.674871 0.005474 0.199982
4 2 0.010575 0.161726 0.288553 0.001491 0.537655
2 1 0.008079 0.151192 0.575847 0.001835 0.263047
0 0 0.597408 0.111197 0.036764 0.032851 0.221781
4 0 0.228803 0.175976 0.036360 0.000584 0.558278
4 0 0.101011 0.261844 0.094357 0.001121 0.541667
4 1 0.063783 0.171475 0.055526 0.000961 0.708254
4 1 0.026472 0.348264 0.223230 0.000831 0.401203
1 1 0.031679 0.414807 0.275099 0.000586 0.277828
4 1 0.019136 0.348927 0.214729 0.000369 0.416838
4 1 0.023545 0.193563 0.115778 0.000452 0.666662
4 1 0.005911 0.118008 0.047646 0.000119 0.828317
4 2 0.005190 0.279287 0.320398 0.000116 0.395009
2 2 0.001227 0.116881 0.807796 0.000498 0.073598
2 2 0.001498 0.187930 0.620123 0.000097 0.190352
2 1 0.013704 0.261648 0.435083 0.002380 0.287186
2 2 0.004448 0.144479 0.665314 0.002993 0.182765
2 2 0.001695 0.097709 0.846971 0.001770 0.051855
2 2 0.000557 0.097745 0.723942 0.000436 0.177320
2 2 0.000348 0.045897 0.890422 0.003279 0.060053
2 2 0.001298 0.065426 0.873046 0.000573 0.059657
2 2 0.001063 0.050539 0.936613 0.000585 0.011200
2 2 0.001772 0.058892 0.894495 0.000593 0.044247
2 2 0.005267 0.043458 0.846065 0.059955 0.045255
2 2 0.006681 0.073142 0.776306 0.022306 0.121565
2 2 0.006117 0.049935 0.808691 0.066368 0.068889
2 2 0.002926 0.033768 0.877092 0.061474 0.024741
2 2 0.000358 0.012056 0.820278 0.161469 0.005839
2 2 0.003240 0.075554 0.848674 0.011344 0.061188
2 2 0.001624 0.046926 0.921896 0.005154 0.024400
2 2 0.003942 0.061747 0.871895 0.011213 0.051204
2 2 0.015468 0.106638 0.753172 0.032341 0.092380
2 2 0.017641 0.072169 0.805412 0.039588 0.065190
2 2 0.001901 0.019041 0.655014 0.315901 0.008143
2 2 0.011350 0.067155 0.774877 0.081864 0.064753
2 2 0.011669 0.088455 0.841457 0.015396 0.043022
2 2 0.004809 0.070229 0.894070 0.004864 0.026029
2 2 0.001397 0.040572 0.911297 0.009859 0.036875
2 2 0.006596 0.049037 0.788893 0.088284 0.067190
2 2 0.009445 0.034162 0.733491 0.192744 0.030157
2 2 0.000055 0.009875 0.974120 0.009298 0.006651
2 2 0.000436 0.042873 0.930304 0.002021 0.024366
2 2 0.001142 0.036721 0.836519 0.026509 0.099109
2 2 0.012747 0.046525 0.761854 0.142112 0.036761
2 2 0.038021 0.126913 0.647581 0.035465 0.152020
2 2 0.032888 0.046549 0.534920 0.344093 0.041549
2 2 0.040320 0.051441 0.509639 0.324964 0.073635
2 2 0.019000 0.034447 0.808906 0.126013 0.011633
2 2 0.002675 0.018977 0.861283 0.105841 0.011224
2 2 0.007252 0.050693 0.699873 0.177168 0.065014
2 2 0.010258 0.096296 0.721162 0.067506 0.104778
2 2 0.001452 0.030856 0.783793 0.133481 0.050419
2 2 0.011462 0.032744 0.766446 0.147186 0.042162
3 2 0.001346 0.005847 0.351897 0.638533 0.002378
2 3 0.037346 0.122982 0.650822 0.025808 0.163042
2 2 0.003259 0.081703 0.861559 0.004122 0.049356
2 2 0.006687 0.074814 0.784828 0.039150 0.094520
2 2 0.025842 0.074406 0.848212 0.028204 0.023335
0 2 0.407961 0.099913 0.292935 0.173638 0.025552
2 0 0.236178 0.229662 0.449131 0.030011 0.055018
2 1 0.059948 0.342095 0.415206 0.001869 0.180882
2 2 0.043211 0.302269 0.406502 0.002223 0.245796
2 1 0.006260 0.130068 0.500452 0.001527 0.361694
2 2 0.011931 0.129191 0.771700 0.006354 0.080825
2 2 0.013725 0.175045 0.675809 0.005137 0.130283
4 2 0.143151 0.131113 0.032609 0.001516 0.691610
4 1 0.047236 0.206665 0.066769 0.000351 0.678978
1 1 0.052542 0.413163 0.296396 0.001816 0.236084
2 1 0.005107 0.167556 0.732773 0.001294 0.093271
2 2 0.017118 0.306012 0.492595 0.000155 0.184120
2 1 0.047115 0.363056 0.378618 0.000541 0.210670
4 1 0.048065 0.282103 0.101524 0.000265 0.568043
4 1 0.060842 0.378171 0.169293 0.000265 0.391429
2 2 0.001389 0.074272 0.911365 0.000249 0.012726
2 2 0.000489 0.067427 0.918649 0.000121 0.013314
2 2 0.003891 0.146695 0.800881 0.000297 0.048235
2 1 0.006991 0.213914 0.649844 0.001120 0.128131
2 2 0.006315 0.242781 0.625896 0.000290 0.124717
2 2 0.000860 0.087476 0.830623 0.001224 0.079817
2 2 0.003790 0.202964 0.443579 0.000644 0.349023
2 2 0.003102 0.197767 0.610457 0.000390 0.188284
2 2 0.002606 0.234988 0.507017 0.000070 0.255319
2 2 0.002034 0.160780 0.708205 0.000536 0.128445
2 2 0.008761 0.167313 0.587557 0.004640 0.231728
2 2 0.010998 0.202952 0.661906 0.001796 0.122348
2 2 0.002509 0.138458 0.776622 0.000676 0.081735
2 2 0.005472 0.217525 0.600502 0.000146 0.176356
2 2 0.001668 0.214682 0.708503 0.000031 0.075115
2 2 0.009256 0.186502 0.707923 0.000511 0.095809
2 2 0.002466 0.121655 0.790513 0.000791 0.084575
2 2 0.011436 0.194083 0.675453 0.002045 0.116983
2 2 0.000906 0.117755 0.812092 0.000232 0.069015
2 2 0.012488 0.200388 0.467465 0.000586 0.319073
2 2 0.003263 0.053276 0.919477 0.003113 0.020871
2 2 0.002320 0.082711 0.869223 0.000780 0.044966
2 2 0.001235 0.073807 0.901976 0.001714 0.021268
2 2 0.006235 0.210331 0.663260 0.000312 0.119862
2 2 0.013490 0.227945 0.568298 0.001608 0.188659
1 1 0.110013 0.438945 0.169812 0.000269 0.280961
4 1 0.187413 0.210841 0.051501 0.000672 0.549572
4 1 0.107103 0.277023 0.121353 0.002800 0.491722
4 1 0.140066 0.341168 0.156829 0.001967 0.359971
4 1 0.011066 0.186099 0.329332 0.004708 0.468795
4 1 0.064315 0.285441 0.267800 0.001087 0.381357
1 2 0.010564 0.374770 0.348643 0.000062 0.265960
4 2 0.018745 0.216351 0.086971 0.000196 0.677737
4 1 0.020403 0.240873 0.151574 0.001697 0.585453
4 1 0.032396 0.296211 0.138551 0.000445 0.532396
2 2 0.009944 0.257049 0.370014 0.000335 0.362657
4 2 0.026465 0.294591 0.327689 0.000361 0.350893
1 2 0.096180 0.345042 0.319059 0.003989 0.235731
4 2 0.214776 0.253746 0.154677 0.007102 0.369698
2 1 0.016490 0.249570 0.402371 0.000689 0.330881
2 2 0.013138 0.271560 0.577906 0.000743 0.136654
2 2 0.004376 0.202922 0.516275 0.000285 0.276141
2 2 0.002183 0.108068 0.794371 0.000680 0.094697
2 2 0.004023 0.117398 0.808245 0.001294 0.069039
2 2 0.003034 0.164551 0.581046 0.000954 0.250415
4 0 0.006014 0.061645 0.031687 0.002002 0.898652
1 4 0.075331 0.386106 0.310004 0.006800 0.221761
4 4 0.124221 0.300274 0.127515 0.002287 0.445703
4 4 0.033321 0.146702 0.054217 0.000941 0.764820
4 4 0.008155 0.094677 0.044974 0.000278 0.851917
4 4 0.101912 0.165781 0.049637 0.001494 0.681176
4 4 0.123174 0.152777 0.034714 0.000570 0.688765
4 4 0.067998 0.117717 0.031542 0.000981 0.781761
4 4 0.050931 0.141924 0.050393 0.001717 0.755035
4 4 0.140028 0.082248 0.020421 0.004864 0.752438
4 4 0.063821 0.058748 0.010404 0.000466 0.866561
4 4 0.074761 0.072125 0.014130 0.000663 0.838321
4 4 0.068489 0.038209 0.008079 0.003530 0.881694
4 4 0.148745 0.162514 0.044230 0.001703 0.642808
4 4 0.058146 0.103970 0.032065 0.000733 0.805086
4 4 0.358651 0.071474 0.015103 0.009740 0.545032
4 4 0.087141 0.047469 0.009692 0.002723 0.852975
4 4 0.157571 0.120363 0.020264 0.000298 0.701504
4 4 0.056936 0.055897 0.008812 0.000229 0.878126
4 4 0.110383 0.023571 0.003600 0.003867 0.858579
4 4 0.051643 0.020096 0.003426 0.002752 0.922083
4 4 0.024617 0.041510 0.006839 0.000129 0.926905
4 4 0.026738 0.032277 0.005627 0.000352 0.935007
4 4 0.052374 0.038949 0.006523 0.000609 0.901545
4 4 0.077004 0.049009 0.007992 0.000614 0.865381
4 4 0.081093 0.086579 0.020015 0.000880 0.811434
4 4 0.026257 0.067859 0.017140 0.000489 0.888255
4 4 0.037563 0.026073 0.004365 0.000818 0.931181
4 4 0.104611 0.050019 0.006356 0.000254 0.838760
4 4 0.072900 0.040412 0.005965 0.000500 0.880223
4 4 0.045536 0.027078 0.004389 0.000885 0.922112
4 4 0.059505 0.018540 0.002666 0.001667 0.917621
4 4 0.101091 0.010686 0.001181 0.003200 0.883841
4 4 0.191507 0.040889 0.005954 0.002128 0.759522
4 4 0.015204 0.013516 0.001914 0.000275 0.969091
4 4 0.134073 0.095425 0.017504 0.000637 0.752361
4 4 0.265119 0.098739 0.016698 0.001006 0.618438
4 4 0.057610 0.065822 0.011934 0.000345 0.864289
4 4 0.050636 0.097276 0.020764 0.000274 0.831050
4 4 0.008812 0.067039 0.013732 0.000023 0.910394
4 4 0.021663 0.111422 0.028018 0.000109 0.838788
4 4 0.033239 0.067331 0.011747 0.000103 0.887582
4 4 0.047895 0.141787 0.031779 0.000133 0.778406
4 1 0.296061 0.121043 0.018349 0.000390 0.564157
4 4 0.129850 0.154436 0.036749 0.000771 0.678195
0 4 0.972827 0.015537 0.002460 0.001188 0.007987
0 0 0.999930 0.000035 0.000001 0.000001 0.000033
0 0 0.991241 0.000807 0.000037 0.000585 0.007330
0 0 0.997432 0.001431 0.000084 0.000060 0.000993
0 0 0.502022 0.158085 0.037419 0.002772 0.299702
0 0 0.729433 0.080929 0.011381 0.000674 0.177584
0 0 0.472320 0.056391 0.007083 0.001277 0.462928
4 0 0.442931 0.028578 0.002450 0.000721 0.525321
4 4 0.379983 0.095501 0.011592 0.000268 0.512657
0 4 0.612304 0.175217 0.029462 0.000260 0.182757
4 4 0.100123 0.160976 0.047096 0.000194 0.691610
4 0 0.066365 0.293365 0.081293 0.000104 0.558873
4 1 0.294189 0.286581 0.066059 0.000321 0.352850
4 1 0.137491 0.261211 0.059488 0.000164 0.541646
4 1 0.024141 0.164562 0.075699 0.000395 0.735203
4 1 0.086522 0.240471 0.095623 0.000972 0.576412
4 1 0.046535 0.298737 0.124684 0.000450 0.529594
4 1 0.009701 0.235014 0.101275 0.000070 0.653941
4 1 0.277887 0.271846 0.121549 0.001663 0.327055
0 0 0.570076 0.200124 0.053205 0.000354 0.176242
4 1 0.091326 0.128200 0.030176 0.000653 0.749644
4 1 0.034105 0.154174 0.052140 0.000540 0.759040
4 1 0.093893 0.202124 0.064655 0.001110 0.638218
4 1 0.047144 0.127344 0.037795 0.000752 0.786965
4 2 0.033614 0.245374 0.098443 0.000380 0.622189
4 2 0.069693 0.103800 0.029863 0.002012 0.794632
4 2 0.010317 0.182758 0.103560 0.000644 0.702722
4 2 0.011019 0.200448 0.220713 0.000652 0.567168
2 2 0.010397 0.279369 0.421043 0.000847 0.288345
4 2 0.014851 0.183412 0.127072 0.000509 0.674156
4 1 0.073947 0.318445 0.125516 0.000586 0.481506
2 1 0.004566 0.224529 0.567894 0.000285 0.202727
4 2 0.002987 0.209648 0.358943 0.000053 0.428370
2 1 0.004811 0.222151 0.519019 0.000506 0.253513
2 2 0.002220 0.198623 0.720123 0.000091 0.078944
2 2 0.000501 0.060828 0.926408 0.000213 0.012050
2 2 0.000334 0.024849 0.970563 0.001101 0.003153
2 2 0.001636 0.064373 0.922362 0.000486 0.011143
2 2 0.001303 0.058964 0.896248 0.001253 0.042232
2 1 0.001990 0.103872 0.809761 0.000519 0.083858
2 2 0.009043 0.108287 0.859482 0.001254 0.021934
2 2 0.007565 0.131259 0.827484 0.000238 0.033454
2 2 0.005545 0.151587 0.764614 0.000608 0.077647
4 2 0.081016 0.262443 0.289000 0.003008 0.364532
1 1 0.066055 0.331736 0.282382 0.001586 0.318240
2 2 0.015871 0.234218 0.616353 0.000928 0.132631
2 2 0.000941 0.052580 0.916575 0.001072 0.028833
2 2 0.002864 0.079674 0.885110 0.000834 0.031516
2 2 0.055570 0.225978 0.584748 0.003756 0.129947
4 1 0.057828 0.174945 0.363967 0.013697 0.389561
2 2 0.058287 0.133612 0.721716 0.033147 0.053239
0 0 0.553683 0.214206 0.055831 0.001433 0.174847
1 1 0.287130 0.358126 0.135833 0.001496 0.217415
4 1 0.023155 0.217955 0.080269 0.000176 0.678444
4 1 0.018325 0.104877 0.031603 0.000247 0.844948
4 1 0.027707 0.206167 0.074927 0.000261 0.690938
4 1 0.013480 0.307781 0.290200 0.000552 0.387987
4 2 0.009657 0.247551 0.120988 0.000027 0.621777
4 2 0.012020 0.339043 0.164364 0.000060 0.484513
4 2 0.031676 0.300727 0.229773 0.000852 0.436973
2 2 0.002441 0.106991 0.811205 0.000336 0.079027
2 2 0.001316 0.093200 0.856345 0.000296 0.048843
2 2 0.000127 0.037634 0.953373 0.000083 0.008782
2 2 0.000188 0.028965 0.963439 0.000239 0.007169
2 2 0.000095 0.026298 0.969365 0.000045 0.004196
2 2 0.000056 0.022489 0.974140 0.000045 0.003270
2 2 0.000058 0.024681 0.966858 0.000111 0.008291
2 2 0.001023 0.078470 0.883864 0.000656 0.035987
2 2 0.003039 0.135338 0.800197 0.000651 0.060775
2 2 0.003946 0.109287 0.789229 0.000974 0.096563
2 2 0.001730 0.121519 0.779053 0.000201 0.097497
2 2 0.002589 0.150186 0.745443 0.000320 0.101462
2 2 0.012938 0.227546 0.598777 0.000292 0.160446
2 2 0.000479 0.018371 0.957163 0.013877 0.010109
2 2 0.000069 0.008115 0.980849 0.008215 0.002753
2 2 0.000515 0.034199 0.937640 0.009115 0.018530
2 2 0.001603 0.037853 0.931537 0.012238 0.016769
2 2 0.000394 0.012908 0.981671 0.003162 0.001864
2 2 0.000500 0.011411 0.980696 0.005972 0.001421
2 2 0.001989 0.018821 0.959523 0.016417 0.003249
2 2 0.005939 0.042083 0.877877 0.044602 0.029499
2 2 0.000635 0.011023 0.887504 0.096902 0.003937
2 2 0.000732 0.024468 0.953806 0.012333 0.008661
2 2 0.001491 0.028669 0.954421 0.009367 0.006052
2 2 0.006185 0.096719 0.870255 0.002646 0.024194
2 2 0.001735 0.072642 0.906571 0.001787 0.017265
2 2 0.001514 0.038994 0.942982 0.003007 0.013502
2 2 0.002535 0.040694 0.940331 0.003789 0.012651
2 2 0.000314 0.013766 0.962131 0.011734 0.012055
2 2 0.001662 0.021966 0.881994 0.053202 0.041177
2 2 0.002827 0.018653 0.900194 0.072546 0.005780
2 2 0.003624 0.029148 0.942769 0.015324 0.009135
2 2 0.000622 0.023697 0.961132 0.004379 0.010170
2 2 0.000527 0.028877 0.940400 0.006699 0.023497
2 2 0.061130 0.096408 0.699463 0.059324 0.083676
2 2 0.336699 0.187285 0.396634 0.020465 0.058917
2 1 0.018334 0.328598 0.532148 0.000650 0.120270
2 2 0.003614 0.106353 0.867823 0.002826 0.019384
2 2 0.003110 0.068748 0.909554 0.003433 0.015155
2 2 0.003777 0.045323 0.930812 0.002593 0.017495
2 2 0.001999 0.054724 0.911487 0.003671 0.028118
2 2 0.001518 0.057878 0.890911 0.002858 0.046834
2 2 0.000299 0.031139 0.960059 0.000926 0.007576
2 2 0.000289 0.029596 0.966147 0.000237 0.003731
2 2 0.002420 0.046863 0.927962 0.005083 0.017673
2 2 0.000718 0.029975 0.959637 0.001950 0.007720
2 2 0.002798 0.045627 0.933096 0.003701 0.014777
2 2 0.001830 0.020365 0.961624 0.011413 0.004768
2 2 0.000411 0.012340 0.975379 0.008795 0.003076
2 3 0.005733 0.038940 0.884095 0.023273 0.047960
2 2 0.003420 0.064478 0.887379 0.005958 0.038766
2 2 0.000171 0.024376 0.967510 0.000341 0.007602
2 2 0.003109 0.075883 0.895000 0.002183 0.023826
2 2 0.008016 0.127221 0.833291 0.000452 0.031020
0 1 0.418261 0.316128 0.065536 0.000131 0.199944
2 1 0.008923 0.274312 0.620896 0.000444 0.095425
2 2 0.022247 0.133394 0.729114 0.019195 0.096049
2 2 0.025417 0.180341 0.708659 0.003699 0.081884
2 2 0.001355 0.067051 0.903083 0.000801 0.027710
2 1 0.014037 0.111041 0.794419 0.002473 0.078030
2 1 0.015184 0.360825 0.426963 0.000385 0.196643
2 1 0.006577 0.180734 0.630097 0.000521 0.182071
2 2 0.003038 0.099499 0.833643 0.000718 0.063103
2 2 0.011571 0.284648 0.591100 0.000105 0.112576
2 1 0.014172 0.144549 0.791180 0.006039 0.044059
2 2 0.028180 0.286433 0.515902 0.000887 0.168599
2 2 0.001402 0.056555 0.921405 0.001841 0.018797
2 2 0.042304 0.187356 0.499298 0.008981 0.262061
0 0 0.276449 0.179707 0.239329 0.068757 0.235757
2 0 0.172326 0.291198 0.374553 0.005883 0.156040
4 1 0.059133 0.258217 0.096162 0.000583 0.585905
1 1 0.045997 0.361443 0.307064 0.001037 0.284458
4 1 0.053258 0.231843 0.080532 0.000462 0.633906
4 1 0.056633 0.261138 0.074653 0.000132 0.607444
4 1 0.057887 0.218079 0.105036 0.002114 0.616884
4 1 0.032178 0.245076 0.206745 0.001245 0.514755
2 2 0.001873 0.101671 0.816064 0.000903 0.079489
2 2 0.003984 0.191541 0.624974 0.000177 0.179324
2 1 0.012185 0.238729 0.629949 0.000497 0.118639
4 1 0.260850 0.181880 0.045396 0.000923 0.510950
2 2 0.007549 0.138118 0.750456 0.001707 0.102170
2 2 0.002028 0.145424 0.508422 0.000487 0.343639
4 4 0.025123 0.053773 0.015298 0.000570 0.905236
4 4 0.202711 0.057582 0.007685 0.000675 0.731348
4 4 0.213752 0.012771 0.001223 0.003228 0.769026
4 4 0.153439 0.019469 0.002321 0.002595 0.822177
4 4 0.172063 0.045402 0.006497 0.001312 0.774726
4 4 0.083937 0.040123 0.006202 0.000826 0.868912
4 4 0.049250 0.047180 0.009047 0.000746 0.893777
4 4 0.028124 0.034829 0.006571 0.000500 0.929976
4 4 0.091566 0.096671 0.021102 0.000852 0.789810
4 4 0.057408 0.091818 0.020892 0.000470 0.829413
4 4 0.089457 0.143729 0.027249 0.000150 0.739415
4 4 0.007218 0.048717 0.013242 0.000153 0.930670
0 4 0.391655 0.312791 0.109656 0.001829 0.184069
0 0 0.949529 0.028515 0.005848 0.002557 0.013551
1 4 0.083153 0.453577 0.261978 0.000849 0.200443
4 4 0.073593 0.141940 0.038498 0.000762 0.745207
4 4 0.041905 0.077307 0.017848 0.000509 0.862432
4 4 0.046643 0.132858 0.035608 0.000387 0.784504
4 4 0.073057 0.116109 0.022804 0.000216 0.787815
4 4 0.077656 0.077750 0.017659 0.001322 0.825613
4 4 0.043236 0.093786 0.023690 0.000560 0.838728
4 4 0.069652 0.109358 0.027998 0.000952 0.792039
4 4 0.072752 0.040744 0.007571 0.001695 0.877238
4 4 0.100714 0.048725 0.007339 0.000634 0.842589
4 4 0.133010 0.041225 0.006405 0.001696 0.817664
4 4 0.099163 0.021898 0.002595 0.000967 0.875377
4 4 0.139408 0.020832 0.002064 0.000710 0.836986
4 4 0.036460 0.015397 0.002187 0.000994 0.944963
4 4 0.180359 0.096247 0.014814 0.000381 0.708198
4 4 0.192353 0.049673 0.005628 0.000360 0.751987
4 4 0.099945 0.019137 0.002388 0.001733 0.876798
4 4 0.055128 0.018126 0.001821 0.000221 0.924705
4 4 0.014724 0.002446 0.000189 0.000373 0.982269
4 4 0.052293 0.161695 0.033616 0.000075 0.752320
4 4 0.177797 0.073464 0.013386 0.001722 0.733631
4 4 0.090769 0.031736 0.004324 0.000795 0.872376
4 4 0.096891 0.034519 0.005022 0.001051 0.862517
4 4 0.223218 0.050567 0.007164 0.001428 0.717623
4 4 0.049993 0.020032 0.003277 0.002097 0.924601
4 4 0.056643 0.026341 0.004697 0.002291 0.910027
4 4 0.133701 0.013580 0.001300 0.001385 0.850034
4 4 0.328795 0.027749 0.002865 0.001589 0.639002
4 4 0.023074 0.012832 0.001492 0.000222 0.962380
4 4 0.016851 0.034774 0.005435 0.000073 0.942867
4 4 0.026784 0.149349 0.050318 0.000376 0.773173
4 4 0.087367 0.140319 0.031826 0.000400 0.740088
4 4 0.106880 0.096245 0.017763 0.000449 0.778663
4 4 0.185993 0.182617 0.042358 0.000744 0.588288
4 4 0.047130 0.366159 0.176960 0.000299 0.409452
4 4 0.059120 0.180759 0.075502 0.002174 0.682444
4 2 0.107002 0.177921 0.115127 0.014895 0.585055
4 2 0.140563 0.252353 0.097921 0.003003 0.506160
4 2 0.048262 0.260982 0.153634 0.004160 0.532962
4 2 0.063295 0.223854 0.117369 0.005740 0.589743
4 2 0.024967 0.153836 0.082776 0.003663 0.734758
4 2 0.047205 0.257345 0.138367 0.002656 0.554427
4 2 0.028997 0.237022 0.154205 0.003547 0.576229
4 2 0.021772 0.240927 0.312126 0.003398 0.421778
4 2 0.084921 0.299966 0.116766 0.000834 0.497514
4 2 0.035934 0.194764 0.076354 0.000712 0.692236
4 2 0.003442 0.109933 0.053460 0.000143 0.833022
1 0 0.035600 0.454730 0.310409 0.000447 0.198814
1 0 0.008718 0.474442 0.240359 0.000010 0.276470
1 1 0.015684 0.465244 0.191735 0.000012 0.327325
1 1 0.012890 0.438994 0.241145 0.000042 0.306928
4 1 0.006991 0.244454 0.118700 0.000065 0.629791
4 1 0.023546 0.297409 0.149984 0.000370 0.528691
4 1 0.013289 0.192372 0.099400 0.000402 0.694537
2 2 0.003151 0.116576 0.826187 0.000766 0.053319
2 2 0.006556 0.251241 0.652585 0.000228 0.089390
2 2 0.048327 0.275369 0.544277 0.001550 0.130477
0 0 0.502277 0.273639 0.091301 0.001856 0.130927
1 1 0.090926 0.417424 0.333635 0.004839 0.153176
1 1 0.027849 0.466597 0.282927 0.000166 0.222461
1 1 0.009309 0.413137 0.182468 0.000011 0.395075
4 2 0.002073 0.282297 0.237998 0.000008 0.477624
2 2 0.002587 0.166416 0.724183 0.000515 0.106299
2 2 0.005960 0.158124 0.687797 0.000593 0.147526
2 2 0.000755 0.049544 0.941080 0.000271 0.008351
2 2 0.006881 0.180806 0.758673 0.000262 0.053377
2 2 0.016927 0.288925 0.571779 0.000416 0.121953
2 1 0.017296 0.367595 0.403559 0.000109 0.211441
2 2 0.013360 0.268417 0.616918 0.000225 0.101079
2 1 0.017909 0.296243 0.586004 0.001451 0.098392
2 2 0.009217 0.327096 0.535941 0.000198 0.127548
2 2 0.006951 0.157804 0.787333 0.000431 0.047481
2 2 0.007511 0.166874 0.780262 0.000244 0.045109
2 2 0.001268 0.050624 0.920415 0.000930 0.026762
2 2 0.000413 0.022555 0.973469 0.000495 0.003068
2 2 0.003073 0.095761 0.880971 0.000751 0.019443
2 2 0.001389 0.056237 0.932523 0.000780 0.009072
2 2 0.000352 0.029438 0.966056 0.000375 0.003779
2 2 0.000575 0.016132 0.978538 0.003263 0.001491
2 2 0.000948 0.041363 0.947701 0.001070 0.008919
2 2 0.000421 0.051046 0.930874 0.000394 0.017265
2 2 0.004085 0.225362 0.619583 0.000189 0.150782
2 2 0.004346 0.206381 0.732005 0.000201 0.057067
2 2 0.000905 0.045151 0.944716 0.000415 0.008812
2 2 0.028394 0.145222 0.602581 0.016089 0.207713
1 0 0.089951 0.414117 0.340748 0.005480 0.149705
2 1 0.036263 0.239404 0.643198 0.017086 0.064049
2 2 0.002167 0.120004 0.851108 0.000111 0.026610
2 2 0.000262 0.029291 0.961060 0.000696 0.008692
2 2 0.000367 0.024367 0.972258 0.000228 0.002779
2 2 0.000600 0.023976 0.972318 0.000734 0.002373
2 2 0.007646 0.065563 0.891951 0.003853 0.030988
2 2 0.005939 0.045729 0.845616 0.061265 0.041451
2 2 0.004293 0.027384 0.739136 0.168116 0.061072
2 2 0.005070 0.016710 0.649337 0.319626 0.009256
2 2 0.028384 0.043725 0.677852 0.200941 0.049098
2 2 0.001796 0.011028 0.906887 0.074844 0.005445
2 2 0.001231 0.013390 0.932237 0.048839 0.004302
2 2 0.000609 0.016249 0.976143 0.003206 0.003793
2 2 0.002837 0.018159 0.946550 0.027837 0.004617
2 2 0.014436 0.029710 0.812688 0.127743 0.015424
2 2 0.014760 0.016508 0.580002 0.381272 0.007458
2 3 0.014368 0.019644 0.735896 0.222131 0.007962
2 3 0.057524 0.048032 0.778317 0.093419 0.022708
2 0 0.021888 0.084845 0.850215 0.026661 0.016391
2 2 0.011920 0.148197 0.742963 0.002564 0.094356
2 2 0.014997 0.121130 0.696541 0.013155 0.154177
2 2 0.002989 0.104604 0.771466 0.003358 0.117584
2 2 0.000496 0.039225 0.933339 0.001529 0.025410
2 2 0.000433 0.018406 0.945328 0.021501 0.014333
