0 0 0.998302 0.001275 0.000403 0.000000 0.000019
0 0 0.999282 0.000561 0.000148 0.000000 0.000010
0 0 0.999107 0.000695 0.000180 0.000000 0.000017
0 0 0.994548 0.003936 0.001273 0.000015 0.000228
0 0 0.955995 0.031874 0.005652 0.000191 0.006288
4 0 0.417447 0.031478 0.022424 0.000019 0.528632
4 0 0.210836 0.028802 0.013346 0.000010 0.747006
0 0 0.706768 0.071636 0.020717 0.000148 0.200731
0 0 0.785650 0.067736 0.016383 0.000132 0.130098
4 0 0.268066 0.078918 0.018051 0.000125 0.634841
4 1 0.041016 0.118936 0.020532 0.001340 0.818175
4 1 0.072873 0.194645 0.033614 0.005105 0.693763
4 1 0.081898 0.226913 0.039010 0.007238 0.644941
4 1 0.071033 0.206781 0.038828 0.004085 0.679273
4 1 0.082424 0.221450 0.078105 0.004733 0.613290
4 1 0.074731 0.234911 0.021661 0.005198 0.663499
4 1 0.112301 0.271529 0.022690 0.010516 0.582964
4 1 0.097685 0.153372 0.031177 0.005570 0.712197
4 1 0.203862 0.189962 0.040921 0.006504 0.558751
4 1 0.060965 0.097363 0.028310 0.002464 0.810898
4 1 0.022325 0.029378 0.013490 0.000257 0.934550
4 4 0.017154 0.017651 0.051706 0.000878 0.912612
4 4 0.084886 0.035503 0.040385 0.000446 0.838780
4 4 0.166728 0.220926 0.050209 0.018524 0.543612
4 4 0.188663 0.172705 0.049408 0.008156 0.581068
4 1 0.120670 0.147404 0.031543 0.003905 0.696478
4 1 0.196820 0.072154 0.036057 0.000547 0.694422
0 0 0.781340 0.047253 0.034149 0.000237 0.137021
0 0 0.603836 0.158363 0.024544 0.001229 0.212029
4 0 0.162061 0.096667 0.033331 0.001132 0.706810
4 0 0.109062 0.090993 0.084134 0.004392 0.711420
4 0 0.021977 0.058453 0.203657 0.041966 0.673947
4 0 0.030086 0.079153 0.215826 0.069133 0.605802
4 0 0.038060 0.054471 0.129733 0.011337 0.766399
4 0 0.067493 0.036023 0.025203 0.000254 0.871026
4 0 0.038049 0.025526 0.014594 0.000100 0.921731
4 0 0.018242 0.023239 0.011110 0.000148 0.947261
4 1 0.028308 0.037182 0.060051 0.002626 0.871833
4 2 0.046664 0.135440 0.195490 0.144238 0.478168
3 2 0.024954 0.102400 0.153423 0.603990 0.115233
3 2 0.007499 0.057343 0.260589 0.534659 0.139911
3 2 0.001791 0.015229 0.187815 0.755687 0.039478
3 2 0.008904 0.030861 0.327118 0.523684 0.109433
3 2 0.004842 0.025270 0.107284 0.838263 0.024341
3 2 0.006600 0.024042 0.192979 0.734987 0.041393
3 2 0.001190 0.005424 0.130145 0.854259 0.008982
3 2 0.001285 0.005974 0.105596 0.879494 0.007650
3 2 0.008814 0.031092 0.153496 0.769012 0.037586
3 3 0.001630 0.006871 0.063436 0.923434 0.004628
3 3 0.006729 0.020555 0.099297 0.858797 0.014622
3 3 0.001614 0.006601 0.067159 0.920440 0.004186
3 3 0.001215 0.006305 0.061199 0.926745 0.004536
3 3 0.000632 0.004246 0.052162 0.939809 0.003151
3 3 0.002530 0.010406 0.074598 0.904998 0.007468
3 3 0.001619 0.006336 0.061482 0.926475 0.004088
3 3 0.003495 0.011059 0.077179 0.901055 0.007213
3 3 0.000322 0.001925 0.037946 0.958615 0.001192
3 3 0.000504 0.002681 0.043454 0.951681 0.001679
3 3 0.001005 0.005926 0.059642 0.928996 0.004431
3 3 0.000686 0.003364 0.047656 0.946171 0.002123
3 3 0.000274 0.001710 0.036148 0.960813 0.001055
3 3 0.000160 0.001148 0.030676 0.967317 0.000698
3 3 0.000062 0.000570 0.022950 0.976080 0.000338
3 3 0.000116 0.000902 0.027762 0.970677 0.000544
3 3 0.000146 0.001074 0.029848 0.968279 0.000652
3 3 0.000232 0.001508 0.034327 0.963008 0.000926
3 3 0.000612 0.003335 0.047440 0.946424 0.002189
3 3 0.000108 0.000858 0.027193 0.971325 0.000517
3 3 0.000110 0.000868 0.027322 0.971178 0.000523
3 3 0.001232 0.004597 0.061488 0.930123 0.002560
3 3 0.000447 0.002741 0.043782 0.951209 0.001821
3 3 0.000764 0.003643 0.049219 0.944068 0.002306
3 3 0.000342 0.002013 0.038650 0.957746 0.001248
3 3 0.000458 0.002497 0.042209 0.953276 0.001560
3 3 0.000055 0.000522 0.022125 0.976989 0.000309
3 3 0.000049 0.000479 0.021356 0.977833 0.000283
3 3 0.000033 0.000359 0.018936 0.980462 0.000210
3 3 0.000205 0.001379 0.033086 0.964485 0.000844
3 3 0.000117 0.001085 0.029899 0.968176 0.000723
3 3 0.000562 0.002903 0.044886 0.949825 0.001823
3 3 0.000269 0.001683 0.035909 0.961103 0.001037
3 3 0.000263 0.001657 0.035685 0.961373 0.001021
3 3 0.000156 0.001124 0.030415 0.967622 0.000684
3 3 0.000106 0.000848 0.027061 0.971475 0.000510
3 3 0.000124 0.000950 0.028365 0.969987 0.000574
3 3 0.000070 0.000625 0.023843 0.975090 0.000372
3 3 0.000228 0.001493 0.034182 0.963181 0.000916
3 3 0.000209 0.001400 0.033293 0.964240 0.000858
3 3 0.000018 0.000227 0.015643 0.983982 0.000131
3 3 0.000645 0.003215 0.046787 0.947327 0.002026
3 3 0.000283 0.001750 0.036495 0.960392 0.001080
3 3 0.000048 0.000467 0.021123 0.978087 0.000275
3 3 0.000258 0.001634 0.035481 0.961620 0.001006
3 3 0.000064 0.000584 0.023191 0.975813 0.000347
3 3 0.000053 0.000505 0.021828 0.977316 0.000299
3 3 0.000018 0.000226 0.015614 0.984012 0.000130
3 3 0.000019 0.000241 0.016036 0.983565 0.000139
3 3 0.000255 0.001621 0.035358 0.961769 0.000998
3 3 0.000071 0.000628 0.023898 0.975029 0.000374
3 3 0.001452 0.005958 0.059976 0.928740 0.003874
3 3 0.000468 0.002535 0.042474 0.952938 0.001585
3 3 0.001578 0.006217 0.061018 0.927179 0.004009
3 3 0.000899 0.004107 0.051666 0.940717 0.002610
3 3 0.003143 0.007223 0.094245 0.892257 0.003132
3 3 0.012050 0.018304 0.140277 0.821593 0.007776
3 3 0.038742 0.032576 0.216187 0.701852 0.010644
3 3 0.120836 0.076164 0.242445 0.532400 0.028154
2 3 0.142745 0.073824 0.386055 0.317892 0.079484
3 3 0.124473 0.115892 0.293231 0.309341 0.157063
4 3 0.201643 0.131233 0.279317 0.075579 0.312228
0 0 0.832159 0.031647 0.080487 0.001762 0.053944
0 0 0.776536 0.123597 0.033399 0.005076 0.061392
0 0 0.714814 0.139635 0.024325 0.001600 0.119625
4 1 0.363175 0.070606 0.037754 0.000324 0.528141
4 1 0.211622 0.035309 0.045811 0.000173 0.707085
4 4 0.137747 0.058667 0.025580 0.000277 0.777729
4 4 0.409078 0.112907 0.042114 0.001141 0.434760
4 4 0.214849 0.212895 0.026309 0.003422 0.542525
4 4 0.282087 0.148358 0.022539 0.000791 0.546225
4 4 0.230105 0.124861 0.031245 0.001202 0.612587
4 4 0.083048 0.042670 0.014946 0.000099 0.859237
4 4 0.255966 0.126296 0.026453 0.000802 0.590482
4 4 0.245289 0.077231 0.033461 0.000432 0.643587
4 4 0.038418 0.051190 0.006849 0.000101 0.903443
4 4 0.302007 0.066634 0.041484 0.000392 0.589483
4 4 0.234529 0.097126 0.043188 0.001254 0.623904
4 4 0.411063 0.087649 0.069087 0.001743 0.430458
0 4 0.615173 0.096245 0.054365 0.001701 0.232515
4 4 0.109146 0.051843 0.026377 0.000307 0.812327
4 4 0.126049 0.082332 0.019346 0.000379 0.771893
4 4 0.287934 0.078850 0.027861 0.000271 0.605084
4 4 0.103004 0.345325 0.061253 0.006922 0.483496
0 4 0.407508 0.149319 0.057467 0.004409 0.381298
0 4 0.435524 0.086917 0.060299 0.001270 0.415989
0 4 0.503848 0.070658 0.036883 0.000288 0.388323
0 4 0.494144 0.083469 0.039457 0.000485 0.382445
4 4 0.214991 0.070561 0.021735 0.000175 0.692538
4 4 0.138570 0.081410 0.045679 0.001750 0.732590
4 4 0.124541 0.098645 0.018986 0.000555 0.757274
4 4 0.309951 0.161193 0.022871 0.000930 0.505055
4 4 0.241538 0.070145 0.052964 0.000883 0.634470
4 4 0.116512 0.036216 0.026636 0.000133 0.820502
4 4 0.185212 0.045152 0.032275 0.000171 0.737190
0 4 0.482245 0.120389 0.030836 0.000712 0.365817
4 4 0.357990 0.076157 0.073483 0.001513 0.490858
4 4 0.239636 0.119419 0.055927 0.003335 0.581684
4 4 0.125970 0.372056 0.041496 0.008309 0.452168
1 4 0.052494 0.528544 0.102817 0.006002 0.310143
4 4 0.034181 0.330868 0.105588 0.003986 0.525377
4 4 0.052179 0.230988 0.058427 0.001500 0.656907
4 4 0.118634 0.088716 0.029972 0.001007 0.761670
4 4 0.081446 0.109002 0.036670 0.004475 0.768408
4 4 0.054317 0.077976 0.053266 0.002335 0.812106
4 4 0.054644 0.090403 0.021428 0.001830 0.831694
4 4 0.067084 0.196418 0.028696 0.004264 0.703538
4 4 0.116797 0.050106 0.039687 0.000578 0.792832
4 4 0.182476 0.037712 0.018924 0.000042 0.760847
4 4 0.124168 0.054559 0.017557 0.000131 0.803585
4 4 0.021702 0.047597 0.007615 0.000250 0.922837
4 4 0.052055 0.106809 0.016328 0.001685 0.823122
4 4 0.050030 0.217371 0.029573 0.002937 0.700088
4 4 0.093583 0.158414 0.031473 0.006504 0.710026
4 4 0.068391 0.153438 0.088551 0.014475 0.675145
4 1 0.033325 0.145260 0.111130 0.003525 0.706760
4 1 0.027625 0.144378 0.139613 0.014579 0.673804
4 1 0.037685 0.183752 0.066374 0.005973 0.706215
4 1 0.076606 0.290267 0.061332 0.017047 0.554748
4 1 0.052425 0.174538 0.028765 0.003295 0.740977
4 1 0.082119 0.228103 0.033997 0.011543 0.644238
4 1 0.076318 0.325119 0.037567 0.013354 0.547641
4 2 0.022533 0.110210 0.320101 0.072968 0.474188
4 2 0.053502 0.101507 0.043241 0.003650 0.798100
4 2 0.027573 0.118429 0.325424 0.086145 0.442429
4 2 0.021389 0.060375 0.284235 0.074741 0.559260
3 2 0.011375 0.033758 0.383103 0.417635 0.154130
4 2 0.097857 0.172576 0.279820 0.072903 0.376844
4 2 0.231158 0.109738 0.088740 0.005587 0.564777
0 2 0.495383 0.091172 0.068121 0.001891 0.343434
4 4 0.114476 0.152817 0.040942 0.007664 0.684101
4 4 0.066245 0.069159 0.040920 0.002717 0.820959
4 4 0.057480 0.302996 0.136190 0.046092 0.457242
4 4 0.052901 0.214431 0.184847 0.080839 0.466981
4 4 0.073547 0.194393 0.043132 0.016299 0.672629
4 4 0.067170 0.154323 0.042095 0.010675 0.725736
4 4 0.074852 0.138248 0.024198 0.003849 0.758852
4 4 0.060745 0.069902 0.034449 0.002247 0.832657
4 4 0.065045 0.081928 0.032954 0.002642 0.817430
4 4 0.028680 0.032252 0.019511 0.000436 0.919122
4 4 0.024822 0.021029 0.023536 0.000317 0.930296
4 4 0.030180 0.022264 0.031907 0.000480 0.915170
4 0 0.289468 0.051297 0.030036 0.000121 0.629078
4 0 0.051044 0.032585 0.015627 0.000123 0.900622
4 0 0.037857 0.055007 0.018478 0.000803 0.887854
4 1 0.023553 0.045842 0.013822 0.000335 0.916448
4 1 0.038406 0.323696 0.066129 0.003721 0.568048
4 1 0.090509 0.205832 0.068716 0.009942 0.625001
4 1 0.092162 0.275343 0.114059 0.022041 0.496396
4 1 0.056506 0.107962 0.058069 0.009905 0.767558
4 1 0.047242 0.293712 0.097001 0.008791 0.553254
4 1 0.075123 0.329303 0.145391 0.047045 0.403138
4 1 0.103919 0.286077 0.152868 0.143693 0.313443
4 2 0.089229 0.202460 0.222288 0.166465 0.319557
2 2 0.117621 0.094507 0.398656 0.145091 0.244125
2 2 0.012682 0.025159 0.506721 0.256136 0.199302
2 2 0.117209 0.070878 0.469817 0.093765 0.248331
0 2 0.366105 0.108047 0.164704 0.013395 0.347749
0 2 0.421275 0.140291 0.059530 0.004034 0.374869
0 2 0.502034 0.153820 0.049791 0.003783 0.290573
0 2 0.715152 0.097265 0.030867 0.000825 0.155891
0 0 0.577776 0.040487 0.039028 0.000098 0.342610
4 0 0.122386 0.107747 0.020563 0.000808 0.748496
4 0 0.058710 0.076553 0.029317 0.002102 0.833318
4 1 0.058644 0.157047 0.018496 0.002592 0.763222
4 1 0.070818 0.311532 0.029063 0.006724 0.581862
4 1 0.158572 0.219592 0.037527 0.010568 0.573742
4 1 0.320732 0.135544 0.033116 0.001230 0.509377
4 1 0.300078 0.104052 0.018098 0.000212 0.577560
0 0 0.624341 0.083828 0.034405 0.000458 0.256968
0 0 0.494283 0.170102 0.023858 0.001078 0.310680
4 0 0.249831 0.091793 0.031770 0.000564 0.626043
4 1 0.087008 0.216163 0.140492 0.064297 0.492040
4 1 0.077608 0.321173 0.028264 0.007945 0.565009
4 1 0.057343 0.126640 0.016235 0.002128 0.797654
4 1 0.082213 0.102116 0.081284 0.011347 0.723040
4 1 0.094842 0.108874 0.079109 0.013014 0.704161
4 1 0.117316 0.235491 0.062680 0.036620 0.547893
4 1 0.087154 0.200984 0.117114 0.086470 0.508278
4 2 0.080249 0.232136 0.133804 0.056921 0.496890
4 2 0.105205 0.168084 0.210599 0.111138 0.404974
0 2 0.349787 0.077757 0.319780 0.016839 0.235838
0 2 0.512924 0.134118 0.088793 0.006217 0.257947
4 2 0.316099 0.143667 0.051436 0.003491 0.485307
4 2 0.139006 0.164538 0.018872 0.001550 0.676033
4 2 0.150774 0.241589 0.011024 0.001299 0.595313
4 2 0.106516 0.162360 0.023236 0.003186 0.704702
4 4 0.056096 0.134252 0.014618 0.002051 0.792983
4 4 0.067541 0.228338 0.019685 0.004201 0.680235
4 4 0.082350 0.331283 0.055001 0.026451 0.504914
4 4 0.040081 0.219345 0.193652 0.263300 0.283622
4 4 0.073001 0.136404 0.176126 0.079951 0.534518
4 2 0.286128 0.135741 0.176704 0.021734 0.379693
4 2 0.155926 0.108321 0.163136 0.029130 0.543487
4 2 0.085890 0.137539 0.031385 0.005217 0.739969
4 2 0.095994 0.183474 0.028034 0.007134 0.685364
4 2 0.071273 0.113206 0.027493 0.003348 0.784680
4 2 0.091194 0.037633 0.079916 0.001781 0.789475
4 2 0.326958 0.101208 0.041261 0.000941 0.529632
4 2 0.372039 0.167867 0.033690 0.002023 0.424382
4 4 0.206061 0.147977 0.037203 0.002856 0.605903
4 4 0.048908 0.174620 0.113175 0.004237 0.659060
4 4 0.122720 0.056343 0.030989 0.000429 0.789519
4 4 0.166381 0.102172 0.027537 0.000854 0.703056
4 4 0.103470 0.073791 0.086530 0.007589 0.728620
4 4 0.169033 0.203524 0.098282 0.035752 0.493409
4 4 0.070612 0.140956 0.207854 0.156951 0.423627
4 4 0.063757 0.134205 0.232615 0.234213 0.335210
4 2 0.100287 0.147104 0.192191 0.118948 0.441469
2 2 0.062326 0.105977 0.297851 0.243886 0.289960
2 2 0.100921 0.103017 0.358128 0.155090 0.282844
2 2 0.138829 0.094559 0.347099 0.334676 0.084838
3 2 0.026719 0.053999 0.270596 0.597614 0.051072
3 2 0.003295 0.011313 0.102661 0.873069 0.009662
3 2 0.030592 0.034333 0.408888 0.475775 0.050413
2 2 0.009434 0.022611 0.488622 0.448308 0.031024
2 2 0.097539 0.081701 0.554843 0.169279 0.096637
2 2 0.134259 0.102164 0.366958 0.332980 0.063639
2 2 0.112858 0.071852 0.505081 0.229460 0.080749
3 2 0.048685 0.073824 0.187837 0.632684 0.056971
2 2 0.187158 0.155001 0.349019 0.251843 0.056979
2 2 0.057372 0.087485 0.615244 0.173392 0.066508
2 2 0.058237 0.152353 0.342660 0.136315 0.310435
2 2 0.025007 0.160123 0.398248 0.061296 0.355326
3 2 0.026447 0.110755 0.265992 0.427887 0.168918
3 2 0.032478 0.081072 0.193973 0.588853 0.103624
3 2 0.089163 0.112701 0.226023 0.498529 0.073584
3 2 0.046120 0.078395 0.237905 0.544909 0.092671
3 2 0.025315 0.051255 0.298142 0.525940 0.099348
3 3 0.054240 0.090215 0.313347 0.360533 0.181665
3 3 0.016333 0.025519 0.266277 0.664886 0.026985
2 3 0.109592 0.058519 0.515126 0.212598 0.104166
2 3 0.039697 0.050375 0.422119 0.409357 0.078452
2 3 0.039483 0.040481 0.458746 0.353991 0.107299
3 3 0.011430 0.028445 0.116676 0.824102 0.019347
3 3 0.010711 0.018472 0.152568 0.806423 0.011827
3 3 0.010550 0.022755 0.110338 0.842488 0.013869
3 3 0.009570 0.033104 0.114138 0.815749 0.027439
3 3 0.013212 0.022597 0.140551 0.812735 0.010905
3 3 0.024747 0.035839 0.151020 0.769785 0.018608
3 3 0.005775 0.017287 0.090685 0.874243 0.012011
3 3 0.003020 0.014031 0.083520 0.888297 0.011133
3 3 0.003177 0.010394 0.074724 0.904880 0.006825
3 3 0.004141 0.012619 0.080544 0.894353 0.008343
3 3 0.000828 0.003867 0.050422 0.942431 0.002453
3 3 0.010316 0.026055 0.105359 0.839995 0.018276
3 3 0.005808 0.015937 0.089282 0.878508 0.010465
3 3 0.004195 0.012739 0.080838 0.893802 0.008425
3 3 0.004288 0.018140 0.092020 0.871014 0.014537
3 3 0.002308 0.008689 0.069619 0.913546 0.005837
3 3 0.000388 0.002210 0.040158 0.955867 0.001375
3 3 0.002825 0.010891 0.075967 0.902633 0.007684
3 3 0.001291 0.005363 0.057522 0.932383 0.003441
3 3 0.001493 0.005971 0.060043 0.928648 0.003845
3 3 0.000523 0.002753 0.043923 0.951076 0.001726
3 3 0.006968 0.019220 0.094366 0.866257 0.013189
3 3 0.001096 0.004755 0.054807 0.936304 0.003038
3 3 0.006081 0.016703 0.089598 0.876463 0.011155
3 3 0.007500 0.019930 0.095656 0.863344 0.013570
3 3 0.001558 0.006161 0.060799 0.927511 0.003971
3 3 0.001650 0.006424 0.061820 0.925960 0.004147
3 3 0.004276 0.011955 0.085611 0.890933 0.007225
3 3 0.001848 0.006983 0.063906 0.922742 0.004521
3 3 0.012650 0.028397 0.108660 0.830953 0.019340
3 3 0.006443 0.017586 0.091332 0.872813 0.011826
3 3 0.002696 0.009215 0.071293 0.910771 0.006025
3 3 0.000412 0.002309 0.040883 0.954957 0.001439
3 3 0.000224 0.001471 0.033980 0.963422 0.000903
3 3 0.001031 0.004545 0.053819 0.937707 0.002899
3 3 0.004549 0.013516 0.082691 0.890286 0.008958
3 3 0.000312 0.001881 0.037586 0.959057 0.001164
3 3 0.003195 0.010437 0.074843 0.904671 0.006854
3 3 0.000280 0.001734 0.036356 0.960560 0.001070
3 3 0.000119 0.000921 0.028010 0.970393 0.000556
3 3 0.000056 0.000529 0.022252 0.976849 0.000313
3 3 0.000219 0.001445 0.033731 0.963719 0.000886
3 3 0.000393 0.002232 0.040315 0.955672 0.001389
3 3 0.000614 0.003100 0.046098 0.948237 0.001951
3 3 0.000794 0.003747 0.049785 0.943300 0.002374
3 3 0.000192 0.001315 0.032445 0.965244 0.000804
3 3 0.000426 0.002366 0.041290 0.954443 0.001475
3 3 0.003106 0.010224 0.074243 0.905718 0.006709
3 3 0.000115 0.000853 0.028715 0.969833 0.000484
3 3 0.000090 0.000749 0.025705 0.973008 0.000449
3 3 0.000592 0.003017 0.045594 0.948900 0.001897
3 3 0.000190 0.001305 0.032338 0.965370 0.000797
3 3 0.000103 0.000852 0.027102 0.971422 0.000521
3 3 0.000027 0.000303 0.017638 0.981857 0.000176
3 3 0.000435 0.002404 0.041564 0.954097 0.001500
3 3 0.000136 0.001015 0.029149 0.969086 0.000615
3 3 0.000249 0.001590 0.035086 0.962097 0.000978
3 3 0.002363 0.008364 0.068631 0.915192 0.005450
3 3 0.000159 0.001159 0.030787 0.967184 0.000711
3 3 0.000953 0.004288 0.052574 0.939455 0.002730
3 3 0.000559 0.002892 0.044812 0.949921 0.001816
3 3 0.000231 0.001505 0.034301 0.963038 0.000924
3 3 0.000771 0.003848 0.050292 0.942586 0.002503
3 3 0.000874 0.004024 0.051240 0.941306 0.002556
3 3 0.001731 0.006656 0.062698 0.924613 0.004302
3 3 0.000574 0.002952 0.045190 0.949429 0.001855
3 3 0.001336 0.005502 0.058112 0.931517 0.003533
3 3 0.003187 0.010418 0.074790 0.904765 0.006841
3 3 0.000504 0.002679 0.043436 0.951705 0.001677
3 3 0.001005 0.004460 0.053412 0.938280 0.002843
3 3 0.002867 0.009640 0.072560 0.908621 0.006312
3 3 0.000608 0.003077 0.045962 0.948416 0.001937
3 3 0.000342 0.002012 0.038638 0.957761 0.001247
3 3 0.000117 0.000908 0.027838 0.970590 0.000548
3 3 0.000132 0.000993 0.028897 0.969376 0.000601
3 3 0.001401 0.005695 0.058920 0.930323 0.003661
3 3 0.001556 0.006154 0.060773 0.927549 0.003967
3 3 0.002375 0.008396 0.068734 0.915023 0.005471
3 3 0.001358 0.005357 0.059903 0.930092 0.003290
3 3 0.016399 0.028165 0.132289 0.807769 0.015379
3 3 0.005331 0.015175 0.086414 0.882982 0.010099
3 3 0.005329 0.014341 0.089735 0.881658 0.008937
3 3 0.022588 0.029760 0.160102 0.774157 0.013392
3 3 0.049467 0.051284 0.312359 0.540018 0.046871
3 3 0.082074 0.155684 0.182357 0.384546 0.195339
3 3 0.091513 0.157090 0.198235 0.309602 0.243560
3 3 0.019710 0.085416 0.224686 0.490337 0.179850
4 2 0.049565 0.092902 0.202915 0.064340 0.590278
3 2 0.007871 0.041860 0.300143 0.495162 0.154965
4 2 0.047257 0.123605 0.224319 0.171150 0.433670
4 2 0.057777 0.177050 0.168175 0.197101 0.399897
4 2 0.073297 0.244908 0.099933 0.113495 0.468368
4 2 0.097722 0.236830 0.096688 0.085572 0.483188
4 2 0.049439 0.129428 0.101043 0.033728 0.686362
4 1 0.060803 0.188938 0.158830 0.203221 0.388208
4 1 0.103541 0.236774 0.129821 0.245680 0.284184
4 1 0.095083 0.264495 0.092559 0.109052 0.438811
4 1 0.075123 0.265930 0.096698 0.137211 0.425039
4 1 0.113760 0.227319 0.064540 0.035839 0.558542
4 1 0.131276 0.263179 0.033064 0.016896 0.555584
4 1 0.158163 0.212286 0.058918 0.024933 0.545701
4 1 0.058911 0.107105 0.025105 0.002910 0.805970
4 1 0.102146 0.181391 0.045132 0.013601 0.657730
4 4 0.075515 0.099804 0.059022 0.007899 0.757759
4 4 0.165283 0.221415 0.068180 0.034383 0.510739
4 4 0.140397 0.220881 0.045545 0.018590 0.574587
4 4 0.109155 0.187603 0.034621 0.009642 0.658979
4 4 0.076494 0.218115 0.065456 0.007850 0.632085
4 4 0.102963 0.242927 0.038016 0.018701 0.597393
4 4 0.107254 0.262981 0.022909 0.010429 0.596427
4 4 0.114261 0.276071 0.024323 0.012376 0.572969
4 4 0.085643 0.285569 0.039114 0.009421 0.580252
4 4 0.114310 0.215442 0.032269 0.011197 0.626782
4 4 0.104222 0.282573 0.035150 0.022964 0.555090
4 4 0.078404 0.349566 0.059639 0.011938 0.500453
4 4 0.050805 0.269642 0.179623 0.010157 0.489773
4 4 0.049638 0.238428 0.116615 0.005516 0.589802
4 4 0.041244 0.318319 0.079145 0.004427 0.556865
4 4 0.119487 0.278941 0.026074 0.013836 0.561661
4 4 0.138107 0.220344 0.067850 0.034700 0.538999
4 1 0.144314 0.292303 0.069035 0.070412 0.423936
4 1 0.139305 0.241457 0.058238 0.033044 0.527955
4 1 0.166295 0.256344 0.051971 0.030742 0.494649
4 1 0.124497 0.206498 0.057988 0.024126 0.586890
4 1 0.068693 0.207600 0.093774 0.008134 0.621799
1 1 0.042454 0.402561 0.152345 0.009539 0.393101
1 1 0.077036 0.376072 0.133184 0.063166 0.350542
4 1 0.068777 0.192366 0.212651 0.082274 0.443932
4 1 0.337955 0.188972 0.098519 0.030602 0.343952
4 0 0.254832 0.230166 0.056008 0.017178 0.441817
4 0 0.057832 0.144426 0.014278 0.002220 0.781244
4 1 0.015189 0.031793 0.006014 0.000117 0.946887
4 1 0.042533 0.075852 0.016239 0.001055 0.864321
4 1 0.085334 0.120278 0.035905 0.005034 0.753449
4 1 0.128788 0.269158 0.061830 0.021649 0.518574
4 1 0.092964 0.205380 0.077773 0.020630 0.603254
4 1 0.075398 0.106720 0.081772 0.008116 0.727993
4 1 0.136338 0.217800 0.198265 0.030304 0.417293
4 4 0.053110 0.085659 0.021544 0.001712 0.837975
4 4 0.048441 0.065007 0.024453 0.001371 0.860728
4 4 0.075237 0.098554 0.035332 0.003707 0.787170
4 4 0.059525 0.067232 0.034598 0.002144 0.836501
4 4 0.046811 0.052161 0.029076 0.001257 0.870696
4 4 0.103063 0.159672 0.037253 0.008122 0.691889
4 4 0.107158 0.312528 0.061919 0.018228 0.500167
4 4 0.089358 0.201412 0.156965 0.014726 0.537540
4 4 0.039415 0.041847 0.026731 0.000861 0.891145
4 4 0.039352 0.033205 0.029636 0.000647 0.897160
4 4 0.064721 0.091731 0.028892 0.002642 0.812014
4 4 0.079341 0.145714 0.025441 0.004420 0.745083
4 4 0.072789 0.199994 0.043370 0.005704 0.678142
4 4 0.069704 0.167489 0.118975 0.063930 0.579903
4 4 0.069511 0.079033 0.070891 0.007296 0.773269
4 4 0.078076 0.078771 0.048192 0.003950 0.791011
4 4 0.041328 0.026600 0.042797 0.000773 0.888502
4 4 0.010553 0.009559 0.010998 0.000053 0.968836
4 4 0.017820 0.019982 0.013360 0.000159 0.948679
4 4 0.025350 0.056710 0.008437 0.000349 0.909154
4 4 0.020927 0.026714 0.013231 0.000224 0.938904
4 4 0.032699 0.072051 0.010497 0.000605 0.884148
4 4 0.076892 0.235190 0.014086 0.004706 0.669126
4 4 0.033981 0.414305 0.065086 0.004056 0.482573
4 4 0.032556 0.353430 0.051813 0.002855 0.559346
4 4 0.033154 0.062160 0.012637 0.000614 0.891435
4 4 0.009020 0.010120 0.007703 0.000038 0.973119
4 4 0.020370 0.032619 0.010152 0.000214 0.936644
4 4 0.067943 0.114371 0.024878 0.003019 0.789788
4 4 0.044939 0.167467 0.027918 0.002065 0.757610
4 4 0.075739 0.132465 0.025918 0.003920 0.761957
4 4 0.036998 0.055054 0.017686 0.000765 0.889497
4 4 0.033824 0.069422 0.011642 0.000647 0.884466
4 4 0.054117 0.112508 0.016587 0.001845 0.814943
4 4 0.113241 0.284498 0.026392 0.012909 0.562959
1 4 0.053803 0.463658 0.087761 0.011581 0.383196
4 4 0.103794 0.199490 0.029480 0.008731 0.658505
4 4 0.112693 0.183935 0.137080 0.089223 0.477070
1 4 0.056461 0.354290 0.218680 0.069832 0.300738
4 4 0.029785 0.249474 0.290246 0.027915 0.402579
4 2 0.084013 0.359621 0.106103 0.056839 0.393424
4 2 0.069460 0.297707 0.157841 0.142502 0.332489
3 2 0.073015 0.174273 0.154447 0.413081 0.185184
4 2 0.089146 0.216373 0.230245 0.043949 0.420288
4 2 0.104726 0.251893 0.095845 0.017511 0.530026
4 2 0.121668 0.184357 0.043026 0.012402 0.638547
4 2 0.029383 0.043788 0.014702 0.000465 0.911662
4 2 0.027968 0.032024 0.018758 0.000413 0.920837
4 2 0.111417 0.156055 0.044061 0.009693 0.678775
4 2 0.105492 0.122831 0.051804 0.008205 0.711668
1 2 0.033611 0.353641 0.250940 0.110165 0.251643
4 2 0.056321 0.222816 0.211721 0.160268 0.348875
4 2 0.124718 0.270696 0.134205 0.160489 0.309893
4 2 0.059126 0.237631 0.123549 0.023436 0.556258
4 2 0.058742 0.172052 0.088777 0.004962 0.675467
4 2 0.066176 0.280128 0.134433 0.010886 0.508377
4 2 0.070128 0.327462 0.078051 0.010470 0.513889
4 2 0.128856 0.320033 0.043927 0.022353 0.484830
4 2 0.079344 0.125402 0.029992 0.004306 0.760955
4 2 0.199170 0.117004 0.026360 0.000865 0.656600
4 2 0.031770 0.086255 0.008182 0.000581 0.873212
4 4 0.007774 0.008900 0.006683 0.000028 0.976614
4 4 0.006593 0.011805 0.003000 0.000014 0.978588
4 4 0.015830 0.015726 0.013826 0.000124 0.954494
4 4 0.041318 0.075583 0.015442 0.000992 0.866665
4 4 0.068925 0.259377 0.034067 0.005807 0.631823
4 4 0.104973 0.262218 0.022098 0.009909 0.600802
4 4 0.140414 0.269629 0.043887 0.021836 0.524234
4 4 0.213116 0.284067 0.070142 0.070539 0.362136
4 4 0.055299 0.245051 0.140138 0.207878 0.351634
3 4 0.010124 0.057107 0.134268 0.734704 0.063797
3 4 0.044651 0.139688 0.168086 0.506287 0.141287
3 2 0.022210 0.078983 0.180413 0.613181 0.105213
3 2 0.062041 0.150274 0.157807 0.476949 0.152930
3 2 0.027781 0.096147 0.182101 0.565693 0.128278
1 2 0.047325 0.284649 0.235018 0.206825 0.226183
3 2 0.091921 0.208774 0.156785 0.330399 0.212121
4 2 0.074426 0.267187 0.164473 0.190745 0.303169
4 2 0.049836 0.115769 0.250943 0.282402 0.301050
4 2 0.061534 0.127887 0.238078 0.241258 0.331243
4 2 0.101820 0.226815 0.159830 0.074102 0.437432
3 2 0.039479 0.105966 0.206598 0.487691 0.160267
4 2 0.091315 0.174518 0.179760 0.184262 0.370144
4 2 0.057873 0.203473 0.209526 0.098311 0.430818
4 2 0.090018 0.268513 0.080579 0.048360 0.512531
4 2 0.063249 0.173456 0.164489 0.025761 0.573044
4 2 0.042782 0.211955 0.267634 0.028845 0.448784
4 2 0.049272 0.177685 0.103747 0.006817 0.662479
4 2 0.058666 0.110674 0.077629 0.015686 0.737344
4 2 0.057806 0.169682 0.124078 0.006476 0.641959
4 2 0.079869 0.150412 0.024872 0.004514 0.740334
4 2 0.059553 0.256208 0.061630 0.005764 0.616845
4 4 0.094103 0.161903 0.038029 0.008845 0.697119
4 4 0.074626 0.134220 0.024856 0.003803 0.762495
4 4 0.039487 0.058859 0.018587 0.000882 0.882185
4 4 0.076127 0.119291 0.029339 0.003899 0.771344
4 4 0.081543 0.189893 0.019966 0.004997 0.703600
4 4 0.062619 0.367074 0.053025 0.008314 0.508967
1 4 0.072984 0.422372 0.074298 0.015132 0.415214
4 4 0.078213 0.316706 0.047268 0.011428 0.546385
4 4 0.137161 0.184432 0.053425 0.016620 0.608362
4 4 0.083329 0.208074 0.018764 0.005387 0.684447
4 4 0.093199 0.283045 0.023219 0.008854 0.591682
4 4 0.114664 0.187059 0.042683 0.011303 0.644291
4 4 0.060396 0.389092 0.105844 0.011905 0.432763
4 4 0.080712 0.208092 0.088192 0.009316 0.613687
4 4 0.093919 0.140545 0.036136 0.006406 0.722994
4 4 0.096436 0.232187 0.021716 0.007763 0.641898
4 4 0.058519 0.146029 0.014420 0.002282 0.778749
4 4 0.038650 0.201564 0.012785 0.001422 0.745579
4 4 0.066248 0.160615 0.078255 0.005417 0.689463
4 4 0.158188 0.210893 0.059371 0.024890 0.546658
4 4 0.210711 0.236756 0.085239 0.060764 0.406530
4 4 0.216058 0.256000 0.081080 0.069197 0.377665
4 4 0.230019 0.259103 0.088006 0.089525 0.333347
4 4 0.177277 0.205005 0.074861 0.033727 0.509131
4 4 0.142611 0.174896 0.060768 0.018102 0.603623
4 4 0.123221 0.134734 0.062146 0.012033 0.667867
4 4 0.091090 0.110972 0.044198 0.005774 0.747966
4 4 0.043978 0.033268 0.073545 0.002424 0.846785
4 4 0.092157 0.260052 0.106198 0.015314 0.526279
4 4 0.171887 0.151272 0.099133 0.029052 0.548655
4 4 0.189902 0.197651 0.114024 0.067458 0.430964
4 4 0.137088 0.177054 0.067849 0.017877 0.600133
4 4 0.104432 0.231429 0.087074 0.015415 0.561651
4 4 0.084135 0.133372 0.031247 0.004955 0.746290
4 4 0.042650 0.080697 0.027661 0.001301 0.847690
4 4 0.041158 0.149018 0.042669 0.001965 0.765189
4 1 0.099895 0.263860 0.121114 0.041500 0.473631
4 1 0.078578 0.172360 0.181648 0.200640 0.366774
4 1 0.055072 0.132190 0.250308 0.133364 0.429066
4 2 0.068658 0.156287 0.136717 0.072438 0.565900
4 2 0.066456 0.104210 0.034518 0.003390 0.791425
4 2 0.077712 0.157734 0.134443 0.044338 0.585773
4 2 0.053464 0.111648 0.323104 0.117126 0.394657
4 2 0.098109 0.158325 0.210609 0.119987 0.412971
4 2 0.104840 0.173539 0.106360 0.048304 0.566957
4 2 0.055466 0.123068 0.287206 0.125400 0.408860
2 2 0.029104 0.096969 0.450596 0.257973 0.165358
2 2 0.016043 0.041868 0.424777 0.342980 0.174332
3 2 0.034292 0.085520 0.214127 0.538117 0.127944
4 2 0.081051 0.160739 0.197783 0.220888 0.339540
3 2 0.074368 0.192037 0.149711 0.365638 0.218247
3 2 0.065088 0.130203 0.232011 0.302095 0.270603
4 2 0.082107 0.146753 0.200174 0.145715 0.425252
4 2 0.081222 0.142674 0.259123 0.127036 0.389945
4 2 0.051549 0.097057 0.289616 0.266845 0.294933
3 2 0.074821 0.165116 0.156115 0.436854 0.167095
2 2 0.134930 0.132416 0.275110 0.194220 0.263324
4 2 0.190993 0.147684 0.236745 0.077155 0.347423
3 2 0.010650 0.055908 0.321701 0.547131 0.064610
3 2 0.032482 0.124729 0.198197 0.540175 0.104417
3 2 0.028937 0.100971 0.153669 0.610153 0.106270
3 2 0.035147 0.069974 0.143230 0.697161 0.054489
3 2 0.017857 0.052564 0.193575 0.678226 0.057777
3 2 0.022682 0.052335 0.191945 0.667629 0.065409
3 2 0.016008 0.050113 0.173348 0.703219 0.057312
3 2 0.019016 0.063290 0.167049 0.705249 0.045396
3 2 0.014401 0.052273 0.219196 0.677528 0.036601
3 2 0.019262 0.065306 0.175529 0.695166 0.044737
3 2 0.006530 0.024047 0.102080 0.848111 0.019231
3 3 0.019495 0.057572 0.135824 0.737021 0.050088
3 3 0.033341 0.085440 0.212782 0.540461 0.127976
3 3 0.036138 0.073479 0.144933 0.687147 0.058303
3 3 0.010585 0.024971 0.103836 0.843684 0.016925
3 3 0.004722 0.013888 0.083553 0.888624 0.009213
3 3 0.005483 0.023342 0.100852 0.850685 0.019638
3 3 0.003235 0.014153 0.083845 0.887780 0.010987
3 3 0.005326 0.018585 0.093019 0.869186 0.013884
3 3 0.001118 0.004824 0.055127 0.935847 0.003083
3 3 0.001473 0.007638 0.065995 0.919215 0.005679
3 3 0.002489 0.009392 0.071754 0.909963 0.006401
3 3 0.000509 0.002701 0.043585 0.951513 0.001692
3 3 0.002166 0.007847 0.066925 0.917960 0.005101
3 3 0.000490 0.002624 0.043072 0.952173 0.001642
3 3 0.000559 0.002893 0.044822 0.949909 0.001817
3 3 0.000294 0.001797 0.036894 0.959904 0.001110
3 3 0.000462 0.002512 0.042316 0.953140 0.001570
3 3 0.000633 0.003170 0.046520 0.947681 0.001997
3 3 0.001514 0.006030 0.060279 0.928294 0.003884
3 3 0.001249 0.005234 0.056962 0.933200 0.003355
3 3 0.001753 0.006719 0.062933 0.924251 0.004344
3 3 0.001661 0.006456 0.061943 0.925772 0.004168
3 3 0.000467 0.002532 0.042450 0.952969 0.001583
3 3 0.000946 0.004266 0.052465 0.939607 0.002715
3 3 0.000811 0.003896 0.050558 0.942234 0.002502
3 3 0.004458 0.013429 0.082481 0.890694 0.008938
3 3 0.001123 0.004840 0.055201 0.935742 0.003094
3 3 0.000431 0.002388 0.041444 0.954248 0.001489
3 3 0.000998 0.004438 0.053307 0.938428 0.002828
3 3 0.001058 0.004632 0.054233 0.937121 0.002956
3 3 0.002298 0.008197 0.068087 0.916080 0.005337
3 3 0.005706 0.015945 0.088046 0.879673 0.010631
3 3 0.001673 0.006490 0.062072 0.925575 0.004191
3 3 0.000709 0.003644 0.049190 0.944082 0.002375
3 3 0.000617 0.003110 0.046161 0.948154 0.001958
3 3 0.000851 0.003946 0.050836 0.941863 0.002504
3 3 0.001612 0.006317 0.061407 0.926589 0.004075
3 3 0.000499 0.002661 0.043321 0.951852 0.001666
3 3 0.002155 0.008293 0.068348 0.915632 0.005572
3 3 0.000708 0.003445 0.048116 0.945554 0.002176
3 3 0.001421 0.005757 0.059173 0.929947 0.003702
3 3 0.002184 0.007895 0.067087 0.917700 0.005134
3 3 0.001710 0.006596 0.062475 0.924956 0.004262
3 3 0.007819 0.020053 0.095897 0.862749 0.013482
3 3 0.008703 0.021672 0.098661 0.856353 0.014612
3 3 0.005177 0.016800 0.089664 0.876378 0.011981
3 3 0.004411 0.013216 0.081984 0.891637 0.008752
3 3 0.018209 0.036875 0.118746 0.800803 0.025367
3 3 0.003223 0.010505 0.075033 0.904339 0.006900
3 3 0.001834 0.009459 0.071737 0.909684 0.007286
3 3 0.007027 0.018555 0.093183 0.868796 0.012439
3 3 0.007223 0.020355 0.096349 0.861841 0.014231
3 2 0.010203 0.024316 0.102854 0.846162 0.016465
3 2 0.041205 0.053211 0.163844 0.712486 0.029254
3 2 0.073249 0.084756 0.218579 0.571565 0.051850
3 2 0.051868 0.122230 0.197755 0.458901 0.169247
4 2 0.116164 0.153540 0.209250 0.195165 0.325880
3 2 0.075603 0.166486 0.186517 0.316877 0.254517
3 2 0.066909 0.087519 0.319673 0.381155 0.144745
4 2 0.112544 0.301045 0.070070 0.020232 0.496110
4 2 0.113954 0.210399 0.079538 0.042869 0.553239
4 2 0.134017 0.223908 0.041247 0.016638 0.584189
4 4 0.105069 0.122636 0.066959 0.011984 0.693352
4 4 0.104050 0.135839 0.061995 0.012809 0.685306
4 4 0.142991 0.193345 0.054634 0.018681 0.590350
4 4 0.106722 0.174209 0.052204 0.010350 0.656515
4 4 0.107787 0.153383 0.071986 0.011086 0.655759
4 4 0.108295 0.117112 0.094846 0.010794 0.668952
4 4 0.030839 0.139057 0.047547 0.001277 0.781279
4 4 0.031133 0.044269 0.030790 0.001275 0.892534
4 4 0.015784 0.022202 0.009504 0.000124 0.952385
4 4 0.070939 0.345072 0.038214 0.008296 0.537479
4 4 0.105100 0.261307 0.077394 0.016368 0.539831
4 4 0.078549 0.076783 0.050090 0.003998 0.790579
4 4 0.122664 0.150226 0.054729 0.012104 0.660278
4 4 0.103915 0.144576 0.061888 0.014281 0.675340
4 4 0.087948 0.103293 0.044786 0.005289 0.758684
4 4 0.062601 0.107274 0.022913 0.002505 0.804707
4 4 0.046499 0.083050 0.039029 0.003961 0.827461
4 4 0.017573 0.079632 0.029061 0.000354 0.873380
4 4 0.032064 0.064092 0.011484 0.000574 0.891787
4 4 0.077305 0.096622 0.037954 0.003930 0.784189
4 4 0.097916 0.105278 0.053430 0.006779 0.736596
4 4 0.094768 0.093384 0.066195 0.007696 0.737957
4 4 0.025285 0.030101 0.016596 0.000334 0.927684
4 4 0.033528 0.051932 0.015666 0.000620 0.898255
4 4 0.037767 0.092825 0.010444 0.000841 0.858123
4 4 0.037748 0.050541 0.020133 0.000794 0.890785
4 4 0.032503 0.030995 0.025726 0.000566 0.910210
4 4 0.035962 0.045204 0.020735 0.000712 0.897387
4 4 0.017168 0.042414 0.005552 0.000153 0.934714
4 4 0.013358 0.028239 0.005366 0.000089 0.952947
4 4 0.015491 0.023593 0.008596 0.000120 0.952201
4 4 0.040085 0.061698 0.018170 0.000914 0.879134
4 4 0.021770 0.032538 0.011531 0.000246 0.933915
4 4 0.041483 0.046352 0.027409 0.000978 0.883779
4 4 0.052899 0.104490 0.031946 0.004099 0.806566
4 4 0.023819 0.047247 0.009140 0.000302 0.919492
4 4 0.048610 0.095005 0.035485 0.001867 0.819032
4 4 0.025456 0.041367 0.011946 0.000344 0.920887
4 4 0.016909 0.034158 0.006811 0.000146 0.941976
4 4 0.017663 0.026522 0.009700 0.000158 0.945957
4 4 0.028752 0.037574 0.016640 0.000441 0.916593
4 4 0.032479 0.051511 0.014891 0.000580 0.900539
4 4 0.045674 0.089376 0.015528 0.001248 0.848174
4 4 0.032782 0.086382 0.008664 0.000620 0.871553
4 4 0.021392 0.046134 0.007665 0.000242 0.924567
4 4 0.026812 0.054087 0.009864 0.000390 0.908846
4 4 0.034549 0.072573 0.011546 0.000679 0.880653
4 4 0.025579 0.036214 0.013907 0.000345 0.923954
4 4 0.043379 0.053690 0.024458 0.001070 0.877404
4 4 0.026340 0.039513 0.013379 0.000368 0.920400
4 4 0.045031 0.084792 0.016011 0.001204 0.852962
4 4 0.068894 0.096390 0.030746 0.003046 0.800924
4 4 0.056126 0.078360 0.037166 0.003102 0.825246
4 4 0.040715 0.090786 0.025095 0.002614 0.840789
4 4 0.070346 0.120874 0.025971 0.003467 0.779342
4 4 0.059561 0.099589 0.022646 0.002228 0.815976
4 4 0.036894 0.062329 0.015390 0.000768 0.884619
4 4 0.038919 0.066162 0.015946 0.000864 0.878109
4 4 0.032160 0.090370 0.007958 0.000599 0.868914
4 4 0.048008 0.180846 0.007867 0.001575 0.761704
4 4 0.065892 0.176366 0.014598 0.003075 0.740069
4 4 0.055140 0.229652 0.023580 0.003276 0.688352
4 4 0.039148 0.157447 0.013447 0.001266 0.788692
4 4 0.021257 0.060798 0.010826 0.000300 0.906819
4 4 0.022371 0.056644 0.006681 0.000269 0.914035
4 4 0.045011 0.097026 0.014431 0.001240 0.842292
4 4 0.035702 0.085612 0.015378 0.000843 0.862466
4 4 0.064436 0.086761 0.030438 0.002602 0.815763
4 4 0.067884 0.133390 0.020994 0.003089 0.774643
4 4 0.058896 0.160018 0.013193 0.002360 0.765533
4 4 0.071367 0.173587 0.036892 0.005592 0.712562
4 4 0.043628 0.059267 0.030292 0.001211 0.865602
4 4 0.045796 0.039341 0.037768 0.001185 0.875910
4 4 0.035369 0.080760 0.010745 0.000721 0.872405
4 4 0.059455 0.113244 0.019624 0.002259 0.805418
4 4 0.050387 0.105286 0.048505 0.007682 0.788140
4 4 0.044479 0.266588 0.120828 0.009932 0.558174
4 4 0.030797 0.040918 0.017269 0.000511 0.910505
4 4 0.045081 0.157578 0.023427 0.001884 0.772029
4 4 0.075543 0.127266 0.040776 0.006958 0.749457
4 4 0.090464 0.218073 0.020718 0.006572 0.664173
4 4 0.078985 0.147094 0.030921 0.005922 0.737078
4 4 0.040914 0.099600 0.011237 0.001003 0.847246
4 1 0.058118 0.154253 0.027086 0.003632 0.756911
4 1 0.049520 0.123066 0.048390 0.004141 0.774883
4 1 0.146256 0.255618 0.048756 0.028041 0.521328
4 1 0.070889 0.219565 0.033776 0.005325 0.670445
4 1 0.021892 0.098812 0.022223 0.000494 0.856578
4 1 0.075632 0.392117 0.055327 0.012530 0.464394
4 1 0.082339 0.302073 0.067453 0.044302 0.503832
4 1 0.109094 0.196322 0.045287 0.015566 0.633730
4 1 0.063156 0.221810 0.045102 0.004987 0.664945
4 1 0.058194 0.208732 0.051988 0.004542 0.676544
4 1 0.092479 0.197442 0.082884 0.042822 0.584374
4 1 0.074046 0.335876 0.116860 0.050083 0.423134
4 1 0.123966 0.286852 0.093292 0.074578 0.421312
4 1 0.063918 0.270272 0.244693 0.047886 0.373231
4 1 0.055576 0.229254 0.195738 0.117709 0.401724
4 2 0.097646 0.255563 0.097051 0.034375 0.515364
4 2 0.114458 0.143182 0.092570 0.025497 0.624293
4 2 0.063082 0.256645 0.137983 0.017816 0.524474
2 2 0.006845 0.113278 0.629695 0.033768 0.216415
4 2 0.060653 0.206903 0.183613 0.046405 0.502426
4 2 0.114487 0.342183 0.127228 0.043359 0.372741
1 2 0.100820 0.413418 0.107136 0.032764 0.345862
4 2 0.068688 0.138156 0.316181 0.107821 0.369154
2 2 0.048656 0.198653 0.351844 0.234535 0.166312
4 2 0.269069 0.176314 0.063534 0.010307 0.480776
4 2 0.152899 0.108020 0.040359 0.002281 0.696441
4 2 0.065130 0.083918 0.037026 0.002791 0.811136
1 2 0.083449 0.397480 0.160999 0.029473 0.328599
1 2 0.045294 0.495736 0.228633 0.024642 0.205695
1 0 0.171274 0.356873 0.292248 0.007194 0.172411
1 0 0.101371 0.468312 0.145447 0.016890 0.267980
1 1 0.097563 0.380223 0.149295 0.034373 0.338547
4 1 0.082407 0.332206 0.117960 0.017451 0.449976
4 1 0.094684 0.293705 0.132690 0.129265 0.349656
4 1 0.054975 0.149772 0.224988 0.218374 0.351890
4 2 0.050156 0.225804 0.225589 0.126795 0.371656
2 2 0.067691 0.234698 0.277342 0.145729 0.274539
4 2 0.082908 0.307096 0.181168 0.081166 0.347662
4 2 0.073112 0.161752 0.188880 0.039780 0.536476
2 2 0.031217 0.165082 0.366640 0.081607 0.355454
4 2 0.094560 0.280571 0.209579 0.089303 0.325988
4 2 0.072474 0.282033 0.256551 0.066765 0.322177
2 2 0.032080 0.144833 0.416970 0.032518 0.373599
4 2 0.054850 0.216860 0.224366 0.089319 0.414604
4 2 0.076478 0.146118 0.261243 0.070606 0.445555
3 2 0.096301 0.136335 0.228205 0.294833 0.244327
3 2 0.047632 0.155987 0.316111 0.331995 0.148275
3 2 0.045753 0.201235 0.259054 0.358124 0.135834
4 2 0.065729 0.123448 0.237779 0.173105 0.399940
4 2 0.045987 0.125799 0.252299 0.039601 0.536314
4 2 0.058833 0.167034 0.272093 0.091789 0.410251
4 2 0.057377 0.176264 0.278049 0.064731 0.423579
4 2 0.115888 0.312628 0.055085 0.019854 0.496546
4 2 0.110635 0.337220 0.089971 0.060311 0.401863
3 2 0.063612 0.211594 0.216881 0.325786 0.182126
1 2 0.059383 0.257791 0.244191 0.255961 0.182674
1 2 0.084446 0.334774 0.146975 0.108842 0.324963
4 2 0.173957 0.259777 0.103816 0.130179 0.332272
2 2 0.044464 0.180054 0.307378 0.300718 0.167386
2 2 0.056556 0.151092 0.302594 0.225144 0.264614
2 2 0.045597 0.131160 0.285322 0.255462 0.282460
3 2 0.057318 0.166304 0.199360 0.408404 0.168614
3 2 0.017232 0.064778 0.250564 0.616501 0.050925
3 2 0.038973 0.092900 0.258958 0.490946 0.118222
3 2 0.010351 0.043223 0.170132 0.742022 0.034272
3 2 0.024238 0.094460 0.236430 0.563466 0.081406
3 2 0.017737 0.064215 0.333217 0.508345 0.076485
3 2 0.007524 0.031484 0.321380 0.603857 0.035755
3 2 0.017887 0.041207 0.248465 0.616174 0.076268
3 2 0.011313 0.034281 0.117595 0.809089 0.027722
3 2 0.017433 0.070454 0.218562 0.644974 0.048577
3 2 0.042678 0.093456 0.156980 0.629560 0.077326
4 3 0.112232 0.183879 0.151955 0.115079 0.436856
3 3 0.053454 0.130130 0.227771 0.345499 0.243146
4 3 0.126909 0.237022 0.195880 0.086736 0.353453
3 3 0.051648 0.184691 0.246470 0.394207 0.122984
3 3 0.021332 0.062501 0.208516 0.651191 0.056461
3 3 0.048990 0.235714 0.248577 0.270658 0.196062
1 3 0.063163 0.266718 0.212443 0.224131 0.233546
4 3 0.081204 0.269606 0.141486 0.162916 0.344787
3 3 0.068984 0.146907 0.195784 0.371731 0.216594
3 3 0.024812 0.084280 0.310303 0.479315 0.101290
3 3 0.049235 0.100479 0.210949 0.500996 0.138341
3 3 0.040891 0.083905 0.229234 0.516675 0.129296
3 3 0.021834 0.057836 0.346237 0.346946 0.227146
2 3 0.028839 0.096567 0.404952 0.287082 0.182559
3 3 0.045520 0.180694 0.245984 0.402700 0.125101
3 3 0.081248 0.126465 0.226061 0.364209 0.202018
4 3 0.139934 0.184363 0.227211 0.105421 0.343070
4 2 0.214189 0.238854 0.089724 0.046633 0.410600
