0 0 0.890941 0.025672 0.009597 0.001050 0.072739
0 0 0.843008 0.055895 0.013017 0.000383 0.087696
4 0 0.325704 0.072293 0.013387 0.000209 0.588407
4 0 0.162796 0.119278 0.022040 0.000202 0.695684
4 0 0.406066 0.148147 0.017427 0.000081 0.428279
4 0 0.127304 0.062477 0.011030 0.000124 0.799065
4 0 0.028325 0.222492 0.046441 0.000188 0.702554
4 0 0.010833 0.196933 0.035800 0.000083 0.756352
4 0 0.148329 0.094298 0.030256 0.000861 0.726256
4 0 0.273622 0.204540 0.029716 0.000149 0.491973
0 0 0.581331 0.048746 0.014165 0.000742 0.355016
0 0 0.595739 0.156429 0.014486 0.000044 0.233303
1 0 0.113393 0.519309 0.024481 0.000006 0.342811
4 0 0.026793 0.443458 0.012444 0.000001 0.517305
1 0 0.113572 0.591266 0.026375 0.000005 0.268782
0 0 0.674332 0.126999 0.023209 0.000281 0.175179
0 0 0.953225 0.016037 0.002861 0.000090 0.027787
0 0 0.983949 0.006102 0.001615 0.000151 0.008184
0 0 0.981926 0.010888 0.001579 0.000032 0.005575
0 0 0.979475 0.013660 0.001679 0.000022 0.005164
0 0 0.957217 0.017785 0.006142 0.000583 0.018273
0 0 0.948706 0.022610 0.006882 0.000461 0.021341
0 0 0.917777 0.011012 0.007611 0.004134 0.059466
0 0 0.906804 0.007841 0.003386 0.000971 0.080998
0 0 0.976338 0.003667 0.002279 0.001557 0.016158
0 0 0.929527 0.041522 0.007607 0.000139 0.021204
0 0 0.907235 0.027465 0.009549 0.000844 0.054907
0 0 0.392197 0.284690 0.057465 0.000254 0.265395
0 0 0.965652 0.017435 0.004387 0.000219 0.012307
0 0 0.961070 0.017223 0.004882 0.000321 0.016503
0 0 0.810664 0.021206 0.005884 0.000453 0.161793
0 0 0.932171 0.006881 0.003206 0.001086 0.056656
0 0 0.899306 0.007624 0.007829 0.011269 0.073971
0 0 0.897906 0.004989 0.002982 0.002058 0.092065
0 0 0.793346 0.020836 0.018574 0.012533 0.154711
0 0 0.926534 0.030614 0.012264 0.001208 0.029381
0 0 0.878431 0.046709 0.019576 0.001788 0.053496
0 0 0.950220 0.034729 0.005281 0.000067 0.009704
0 0 0.964212 0.012602 0.005029 0.000755 0.017403
0 0 0.915746 0.036260 0.012908 0.000925 0.034161
0 0 0.927311 0.028577 0.010450 0.000919 0.032743
0 0 0.986177 0.002369 0.000813 0.000219 0.010423
0 0 0.958949 0.013860 0.006084 0.001056 0.020052
0 0 0.908580 0.062561 0.011453 0.000159 0.017248
0 0 0.680835 0.159416 0.038502 0.000651 0.120596
0 0 0.613116 0.298807 0.020884 0.000021 0.067171
0 0 0.816899 0.053773 0.023932 0.002447 0.102949
0 0 0.936441 0.024823 0.007689 0.000533 0.030513
0 0 0.952859 0.011138 0.006937 0.002732 0.026333
0 0 0.774890 0.114814 0.044372 0.002056 0.063868
0 0 0.900660 0.012638 0.007942 0.003451 0.075309
0 0 0.985380 0.006772 0.001365 0.000069 0.006414
0 0 0.972876 0.005748 0.002137 0.000445 0.018794
4 0 0.046653 0.376738 0.022809 0.000008 0.553791
4 1 0.017338 0.385216 0.018095 0.000002 0.579349
4 1 0.000596 0.059789 0.008642 0.000008 0.930964
4 4 0.000723 0.022997 0.004052 0.000011 0.972217
4 4 0.010359 0.012738 0.007050 0.000626 0.969227
4 4 0.006870 0.005249 0.002777 0.000318 0.984787
4 4 0.003442 0.005390 0.002154 0.000110 0.988905
4 4 0.001739 0.071114 0.013975 0.000028 0.913145
4 4 0.013067 0.020645 0.007492 0.000252 0.958544
4 4 0.113914 0.003978 0.005902 0.016146 0.860060
4 4 0.038520 0.039514 0.018405 0.001041 0.902520
4 4 0.006137 0.024143 0.007426 0.000125 0.962169
4 4 0.046288 0.149626 0.070999 0.002038 0.731050
4 4 0.005669 0.306581 0.174849 0.000062 0.512838
1 4 0.062752 0.419806 0.110108 0.000358 0.406975
1 4 0.054930 0.487778 0.063498 0.000034 0.393761
1 4 0.078580 0.546083 0.128230 0.000095 0.247012
4 4 0.042237 0.045824 0.007483 0.000057 0.904399
4 4 0.014234 0.022748 0.009137 0.000364 0.953517
4 4 0.005446 0.035655 0.009530 0.000094 0.949275
4 4 0.005324 0.012617 0.004397 0.000127 0.977535
4 4 0.013574 0.112138 0.029893 0.000217 0.844178
4 4 0.011836 0.179948 0.042858 0.000120 0.765238
1 4 0.134142 0.487204 0.084375 0.000249 0.294031
4 4 0.020504 0.341235 0.023590 0.000008 0.614663
4 4 0.019492 0.045854 0.018133 0.000531 0.915989
4 4 0.012947 0.092572 0.023028 0.000161 0.871292
4 4 0.003924 0.015763 0.005743 0.000141 0.974429
4 4 0.001596 0.015835 0.004023 0.000035 0.978511
4 4 0.011369 0.140403 0.030900 0.000074 0.817255
4 4 0.013763 0.138603 0.045240 0.000255 0.802140
4 4 0.009950 0.050901 0.027376 0.000704 0.911069
0 4 0.657772 0.041758 0.026105 0.006246 0.268119
0 4 0.931230 0.029386 0.012152 0.001275 0.025956
0 4 0.789659 0.112307 0.033562 0.000981 0.063492
0 4 0.510555 0.095680 0.030366 0.001222 0.362177
4 4 0.104702 0.140479 0.057560 0.001785 0.695474
4 4 0.008485 0.056571 0.023906 0.000506 0.910532
4 4 0.004089 0.044624 0.014458 0.000160 0.936669
4 4 0.010125 0.042824 0.020091 0.000650 0.926309
4 4 0.000464 0.079162 0.021294 0.000009 0.899071
4 4 0.003308 0.190307 0.178490 0.000397 0.627497
4 4 0.001141 0.162462 0.153324 0.000071 0.683002
4 4 0.000478 0.114347 0.064422 0.000015 0.820738
4 4 0.000812 0.068544 0.010437 0.000012 0.920196
4 4 0.005592 0.090639 0.030720 0.000278 0.872772
4 4 0.034059 0.055144 0.013650 0.000187 0.896960
4 4 0.017410 0.009296 0.006618 0.001378 0.965299
4 4 0.010757 0.010222 0.005916 0.000656 0.972449
4 4 0.008729 0.004300 0.002573 0.000457 0.983941
4 4 0.010415 0.047081 0.022088 0.000685 0.919731
4 4 0.005137 0.136893 0.043132 0.000258 0.814579
4 4 0.004081 0.146285 0.032543 0.000066 0.817024
4 4 0.005323 0.270851 0.231374 0.000169 0.492282
4 4 0.000987 0.157576 0.145459 0.000057 0.695921
4 4 0.004231 0.198481 0.186674 0.000432 0.610183
4 4 0.003603 0.206933 0.385495 0.000612 0.403357
2 4 0.006992 0.242917 0.471297 0.001472 0.277322
2 4 0.006713 0.232253 0.573715 0.001616 0.185703
2 4 0.000736 0.132755 0.762602 0.000682 0.103225
2 4 0.001510 0.147689 0.673710 0.000957 0.176134
4 4 0.004564 0.193986 0.130822 0.000304 0.670323
4 2 0.031523 0.289048 0.090887 0.000691 0.587851
4 2 0.009384 0.198766 0.075875 0.000426 0.715548
4 2 0.006688 0.195213 0.145452 0.001958 0.650689
4 2 0.014452 0.230939 0.253942 0.010581 0.490086
4 2 0.035934 0.116487 0.346357 0.144580 0.356641
4 3 0.044329 0.128479 0.255494 0.046519 0.525179
4 3 0.021606 0.075109 0.254988 0.124112 0.524185
4 3 0.019718 0.070474 0.189059 0.066731 0.654017
4 3 0.028159 0.076509 0.283474 0.179220 0.432638
2 3 0.010947 0.063868 0.351159 0.233865 0.340161
2 3 0.014223 0.106645 0.386276 0.125549 0.367307
2 3 0.021724 0.137140 0.509851 0.185010 0.146275
3 3 0.017763 0.043065 0.297804 0.457805 0.183564
3 3 0.017321 0.033255 0.226637 0.402600 0.320187
2 3 0.007379 0.057473 0.420490 0.337563 0.177095
3 3 0.003325 0.008578 0.157472 0.810297 0.020328
3 3 0.009440 0.023275 0.231217 0.575190 0.160878
3 3 0.035663 0.002788 0.033010 0.880937 0.047602
3 3 0.007748 0.006534 0.102472 0.871104 0.012141
3 3 0.009100 0.010052 0.136623 0.819968 0.024257
2 3 0.021256 0.075392 0.394200 0.326695 0.182458
3 3 0.028770 0.032507 0.226680 0.563797 0.148245
3 3 0.039131 0.062842 0.331616 0.382018 0.184393
3 3 0.003221 0.001975 0.047870 0.923388 0.023546
3 3 0.008273 0.016960 0.205865 0.727940 0.040962
3 3 0.004485 0.018249 0.333095 0.621155 0.023016
3 3 0.024809 0.052790 0.336476 0.491966 0.093959
3 3 0.006790 0.013058 0.175364 0.748248 0.056540
3 3 0.005343 0.001490 0.033472 0.943786 0.015908
3 3 0.008757 0.002785 0.048974 0.915776 0.023707
3 3 0.004962 0.003717 0.073108 0.908889 0.009325
3 3 0.017709 0.006379 0.080049 0.870582 0.025281
3 3 0.003014 0.003577 0.080537 0.903601 0.009271
3 3 0.001691 0.001510 0.046389 0.944628 0.005782
3 3 0.006237 0.007125 0.115694 0.856602 0.014341
3 3 0.001708 0.000398 0.015437 0.980688 0.001770
3 3 0.000236 0.000042 0.003970 0.995465 0.000287
3 3 0.002698 0.006684 0.135285 0.838688 0.016645
3 3 0.003415 0.004121 0.085492 0.875614 0.031358
3 3 0.020325 0.004723 0.060280 0.886328 0.028344
3 3 0.007801 0.007851 0.117370 0.847005 0.019973
3 3 0.002562 0.001039 0.030486 0.959516 0.006398
3 3 0.061629 0.005878 0.050243 0.772599 0.109651
3 3 0.001277 0.000522 0.020793 0.974261 0.003146
3 3 0.001673 0.000475 0.017999 0.978027 0.001825
3 3 0.013379 0.003002 0.045358 0.878523 0.059737
3 3 0.031908 0.005699 0.058562 0.784374 0.119456
3 3 0.000695 0.000156 0.008915 0.988694 0.001541
3 3 0.000818 0.000115 0.006649 0.991604 0.000815
3 3 0.001270 0.000196 0.009239 0.987882 0.001413
3 3 0.000476 0.000211 0.012740 0.985434 0.001139
3 3 0.004688 0.002373 0.051769 0.935951 0.005219
3 3 0.004507 0.003703 0.074682 0.907530 0.009577
3 3 0.001729 0.000368 0.014349 0.980971 0.002582
3 3 0.011055 0.006832 0.096638 0.870628 0.014848
3 3 0.034178 0.010166 0.093281 0.769991 0.092384
3 3 0.000773 0.000147 0.008322 0.989922 0.000835
3 3 0.000489 0.000095 0.006517 0.992340 0.000559
3 3 0.000178 0.000050 0.005041 0.994479 0.000251
3 3 0.000336 0.000391 0.023595 0.975054 0.000624
3 3 0.001058 0.000370 0.016525 0.980649 0.001398
3 3 0.000679 0.000682 0.031021 0.966497 0.001121
3 3 0.000347 0.000299 0.018621 0.979899 0.000834
3 3 0.002372 0.000620 0.020256 0.971447 0.005306
3 3 0.023605 0.005949 0.068930 0.854660 0.046857
3 3 0.001669 0.000905 0.030824 0.964468 0.002134
3 3 0.001218 0.000617 0.024402 0.972175 0.001588
3 3 0.002335 0.001134 0.033779 0.958584 0.004168
3 3 0.006522 0.000830 0.019609 0.962029 0.011011
3 3 0.003275 0.002027 0.049301 0.933348 0.012049
3 3 0.000620 0.000112 0.007028 0.991519 0.000721
3 3 0.003028 0.000713 0.021315 0.968500 0.006444
3 3 0.005447 0.004027 0.074932 0.891957 0.023637
3 3 0.019483 0.004461 0.057651 0.878689 0.039717
3 3 0.001018 0.000860 0.033728 0.962858 0.001536
3 3 0.000465 0.000103 0.007056 0.991824 0.000552
3 3 0.002272 0.000111 0.004898 0.991166 0.001552
3 3 0.000716 0.000062 0.004086 0.994495 0.000642
3 3 0.004600 0.000490 0.013983 0.976087 0.004840
3 3 0.005825 0.000975 0.023399 0.964969 0.004831
3 3 0.000928 0.000153 0.008199 0.989771 0.000949
3 3 0.000544 0.000165 0.010075 0.988529 0.000687
3 3 0.002012 0.000217 0.008862 0.986904 0.002005
3 3 0.001108 0.000060 0.003545 0.994446 0.000842
3 3 0.000283 0.000277 0.018453 0.980269 0.000718
3 3 0.001437 0.000060 0.003311 0.994197 0.000995
3 3 0.002082 0.000291 0.011272 0.984494 0.001861
3 3 0.004368 0.001363 0.033184 0.953911 0.007174
3 3 0.000830 0.000640 0.027871 0.969406 0.001254
3 3 0.002366 0.000576 0.019273 0.975396 0.002388
3 3 0.004368 0.000918 0.024047 0.966708 0.003960
3 3 0.006711 0.002511 0.048825 0.930193 0.011760
3 3 0.013304 0.000902 0.017331 0.955065 0.013399
3 3 0.069393 0.009301 0.071329 0.758728 0.091249
3 3 0.000809 0.000129 0.007337 0.990893 0.000832
3 3 0.004581 0.001575 0.036636 0.944692 0.012516
3 3 0.000344 0.000204 0.013552 0.985141 0.000759
3 3 0.000549 0.000786 0.036845 0.960496 0.001324
3 3 0.000935 0.000263 0.012782 0.984385 0.001636
3 3 0.004545 0.007732 0.130842 0.819554 0.037327
3 3 0.008365 0.002652 0.047270 0.909761 0.031951
3 3 0.009348 0.022706 0.238654 0.636924 0.092368
3 3 0.003573 0.001099 0.029496 0.962192 0.003640
3 3 0.004114 0.000407 0.012402 0.979954 0.003123
3 3 0.000570 0.000114 0.007281 0.991389 0.000646
3 3 0.001353 0.000178 0.008394 0.988823 0.001252
3 3 0.000366 0.000037 0.003230 0.995997 0.000370
3 3 0.002395 0.000780 0.024681 0.969226 0.002918
3 3 0.001012 0.000210 0.010279 0.985514 0.002986
3 3 0.020659 0.005329 0.061728 0.777075 0.135210
3 3 0.021070 0.003221 0.044166 0.916873 0.014670
3 3 0.001236 0.000285 0.012760 0.984393 0.001327
3 3 0.006220 0.001155 0.026453 0.960922 0.005250
3 3 0.001573 0.000685 0.024836 0.970988 0.001919
3 3 0.003307 0.004121 0.089008 0.898801 0.004763
3 3 0.000930 0.000128 0.007043 0.990976 0.000923
3 3 0.002117 0.000289 0.011084 0.983191 0.003319
3 3 0.005408 0.001539 0.034854 0.953051 0.005148
3 3 0.029407 0.008597 0.087941 0.833181 0.040874
3 3 0.011588 0.007151 0.098583 0.863699 0.018979
2 3 0.072319 0.132876 0.362220 0.174296 0.258289
3 3 0.036212 0.048181 0.281659 0.495882 0.138066
3 3 0.012839 0.050472 0.402711 0.468552 0.065427
2 3 0.013588 0.143228 0.414371 0.080454 0.348359
2 3 0.002988 0.070337 0.792130 0.051985 0.082561
4 3 0.021300 0.071625 0.326147 0.236690 0.344239
4 1 0.016045 0.113339 0.177422 0.012464 0.680731
4 1 0.026679 0.304989 0.326616 0.002947 0.338770
2 1 0.008016 0.236936 0.471503 0.004160 0.279386
2 1 0.011167 0.216160 0.477933 0.010807 0.283933
1 1 0.094573 0.484464 0.062295 0.000095 0.358574
4 1 0.027329 0.266886 0.050382 0.000149 0.655255
4 1 0.025335 0.391281 0.060464 0.000037 0.522883
4 1 0.000848 0.142583 0.096328 0.000033 0.760208
4 1 0.002426 0.214114 0.070992 0.000017 0.712452
4 1 0.008963 0.247103 0.017642 0.000006 0.726286
4 1 0.000775 0.021769 0.003972 0.000012 0.973472
4 4 0.002390 0.119945 0.019414 0.000022 0.858228
4 4 0.004109 0.169586 0.013452 0.000005 0.812849
4 4 0.013933 0.268780 0.028529 0.000022 0.688736
4 4 0.024337 0.306514 0.048771 0.000092 0.620286
4 4 0.002140 0.015936 0.004255 0.000046 0.977623
4 4 0.009119 0.013425 0.007009 0.000515 0.969932
4 4 0.003364 0.070491 0.020003 0.000123 0.906019
4 4 0.004944 0.194468 0.044253 0.000023 0.756312
4 4 0.008955 0.165241 0.064451 0.000636 0.760716
4 4 0.017246 0.234395 0.067736 0.000399 0.680224
4 4 0.012898 0.338681 0.159115 0.000142 0.489164
4 4 0.002464 0.105353 0.025808 0.000080 0.866294
4 4 0.004706 0.169283 0.017805 0.000012 0.808195
4 4 0.006656 0.203463 0.018595 0.000010 0.771277
4 4 0.022673 0.435788 0.061655 0.000016 0.479868
1 4 0.031421 0.429073 0.267808 0.000317 0.271382
1 4 0.054187 0.433963 0.233655 0.000607 0.277587
1 4 0.054328 0.427905 0.207940 0.000610 0.309217
1 4 0.086132 0.564603 0.040993 0.000012 0.308259
1 4 0.097939 0.530771 0.113254 0.000309 0.257728
1 4 0.038752 0.432924 0.162199 0.000637 0.365489
1 4 0.011564 0.369763 0.287219 0.000278 0.331177
4 2 0.036212 0.316447 0.105773 0.000706 0.540862
1 2 0.088908 0.399835 0.120663 0.000998 0.389596
1 2 0.050548 0.420336 0.292509 0.001516 0.235091
2 2 0.013505 0.190767 0.668700 0.036546 0.090482
1 2 0.351144 0.382686 0.228265 0.002323 0.035582
0 2 0.681345 0.273618 0.030374 0.000063 0.014601
4 2 0.021258 0.359847 0.139438 0.000390 0.479066
1 2 0.075960 0.493296 0.107992 0.000156 0.322595
1 2 0.079658 0.429588 0.342111 0.001045 0.147598
1 2 0.093542 0.416059 0.383420 0.001207 0.105772
2 2 0.063082 0.345491 0.513425 0.001689 0.076313
1 2 0.018609 0.461599 0.151481 0.000058 0.368252
1 2 0.123076 0.484588 0.080735 0.000217 0.311385
1 2 0.116991 0.512706 0.151062 0.000779 0.218462
4 2 0.006617 0.264649 0.352305 0.002590 0.373839
2 2 0.003228 0.200860 0.691345 0.001463 0.103104
2 3 0.115811 0.222712 0.391421 0.061936 0.208120
2 3 0.007198 0.056799 0.615740 0.249611 0.070652
2 3 0.004842 0.150634 0.761394 0.015283 0.067846
3 3 0.007892 0.029586 0.411719 0.457229 0.093575
3 3 0.117268 0.066359 0.327136 0.434973 0.054264
3 3 0.361213 0.012806 0.057876 0.485581 0.082525
3 3 0.019576 0.010400 0.115580 0.831113 0.023331
4 3 0.096754 0.079986 0.209777 0.134502 0.478980
2 3 0.031141 0.117971 0.496231 0.203651 0.151007
2 3 0.055358 0.139540 0.487663 0.203857 0.113581
0 3 0.342404 0.196476 0.287127 0.056132 0.117861
4 3 0.099004 0.339405 0.083226 0.000553 0.477811
4 3 0.044173 0.416523 0.120477 0.000522 0.418305
4 3 0.046979 0.359701 0.182141 0.002040 0.409139
4 3 0.065704 0.255356 0.236821 0.010756 0.431363
2 3 0.009751 0.314658 0.398776 0.000754 0.276061
4 3 0.044237 0.305135 0.139215 0.002222 0.509191
1 3 0.151881 0.371092 0.158371 0.003114 0.315542
1 3 0.142110 0.502260 0.077054 0.000181 0.278395
1 3 0.099916 0.563277 0.208237 0.000316 0.128255
2 3 0.028970 0.200191 0.424647 0.033726 0.312465
2 3 0.006969 0.048531 0.535263 0.339543 0.069693
2 3 0.008698 0.094547 0.521500 0.194502 0.180753
3 3 0.015093 0.019051 0.196299 0.677448 0.092109
2 3 0.031686 0.147519 0.394894 0.113805 0.312096
3 3 0.010915 0.054691 0.393648 0.403271 0.137476
3 3 0.005651 0.029098 0.332189 0.590840 0.042221
3 3 0.006567 0.011952 0.204731 0.770462 0.006289
2 3 0.003101 0.032998 0.591899 0.348105 0.023897
3 3 0.027024 0.053485 0.320602 0.432046 0.166842
2 3 0.014090 0.101358 0.407816 0.155913 0.320823
3 3 0.015803 0.036472 0.298273 0.578383 0.071069
3 3 0.011619 0.037122 0.332121 0.583479 0.035660
3 3 0.005832 0.016065 0.220438 0.734418 0.023248
3 3 0.002083 0.001375 0.041047 0.952774 0.002721
3 3 0.011383 0.006423 0.090505 0.868757 0.022931
2 3 0.173343 0.126927 0.432351 0.218395 0.048984
2 3 0.077540 0.177824 0.500299 0.130044 0.114293
2 3 0.014480 0.187870 0.542037 0.065903 0.189709
2 3 0.013753 0.131747 0.470059 0.115463 0.268977
3 3 0.024122 0.060420 0.346546 0.375565 0.193347
3 3 0.002458 0.007386 0.152603 0.833039 0.004513
3 3 0.001751 0.001245 0.039461 0.954248 0.003295
3 3 0.011640 0.012829 0.158447 0.793338 0.023746
2 3 0.017730 0.168333 0.551765 0.099115 0.163056
2 3 0.010341 0.086994 0.527445 0.232110 0.143110
2 3 0.034843 0.173343 0.387588 0.067539 0.336687
2 3 0.009596 0.108667 0.554764 0.141480 0.185493
3 3 0.032998 0.010970 0.104875 0.825027 0.026130
0 3 0.676246 0.106739 0.101346 0.025400 0.090269
3 3 0.017650 0.020916 0.194954 0.687936 0.078543
2 3 0.006805 0.111179 0.568357 0.176084 0.137576
4 3 0.030187 0.153664 0.219909 0.026573 0.569667
2 3 0.038733 0.247215 0.373817 0.015511 0.324724
2 3 0.022426 0.250324 0.459357 0.035916 0.231978
2 3 0.026444 0.187700 0.587742 0.114543 0.083571
3 3 0.125084 0.018363 0.125426 0.687097 0.044030
2 3 0.242738 0.200263 0.363187 0.094254 0.099559
2 3 0.102857 0.204188 0.641477 0.020815 0.030662
2 3 0.126718 0.262595 0.355579 0.016962 0.238146
2 3 0.014754 0.087964 0.484416 0.307136 0.105730
2 3 0.012195 0.154678 0.519311 0.107931 0.205885
2 3 0.015414 0.151046 0.450827 0.094801 0.287912
2 3 0.024454 0.174209 0.434661 0.087297 0.279380
2 3 0.048787 0.236496 0.398822 0.040801 0.275094
1 3 0.099612 0.443574 0.235742 0.003505 0.217566
2 3 0.003344 0.069589 0.627194 0.275022 0.024852
2 3 0.004096 0.128182 0.780300 0.057652 0.029769
1 3 0.081730 0.472158 0.287574 0.002338 0.156200
2 3 0.005520 0.096676 0.745543 0.119383 0.032878
4 3 0.011017 0.291202 0.044983 0.000023 0.652775
4 3 0.006202 0.203367 0.089900 0.000211 0.700319
1 3 0.033414 0.378071 0.294091 0.000830 0.293594
1 3 0.101604 0.457045 0.085758 0.000281 0.355312
1 3 0.071569 0.425260 0.119997 0.000683 0.382490
4 3 0.014873 0.306277 0.220748 0.003050 0.455052
2 3 0.013874 0.321475 0.362334 0.000878 0.301439
1 3 0.042804 0.398555 0.260229 0.001279 0.297133
1 3 0.034698 0.472964 0.201777 0.000243 0.290318
2 3 0.020600 0.287924 0.530333 0.004514 0.156629
1 3 0.141706 0.484701 0.094590 0.000347 0.278656
4 3 0.031049 0.148018 0.341281 0.080053 0.399599
4 3 0.008583 0.166729 0.384170 0.037924 0.402593
2 3 0.005923 0.075662 0.844611 0.062840 0.010964
2 3 0.032353 0.283707 0.587340 0.016106 0.080494
2 3 0.078823 0.313333 0.354154 0.019864 0.233826
1 3 0.161792 0.377634 0.249035 0.007634 0.203905
2 3 0.026286 0.210403 0.424754 0.036524 0.302034
2 3 0.206911 0.196307 0.281069 0.048012 0.267701
2 3 0.018535 0.085943 0.463411 0.305958 0.126153
2 3 0.009746 0.146316 0.583766 0.135906 0.124266
2 3 0.030129 0.261781 0.398630 0.031647 0.277814
2 3 0.038965 0.146363 0.620811 0.153630 0.040231
2 3 0.047240 0.152867 0.664698 0.108724 0.026471
2 3 0.012733 0.126608 0.826788 0.013324 0.020547
2 3 0.001842 0.074921 0.816087 0.068844 0.038306
2 3 0.007096 0.101836 0.588028 0.189023 0.114017
2 3 0.030920 0.088729 0.581738 0.267892 0.030721
3 3 0.016512 0.028962 0.386097 0.558874 0.009555
3 3 0.023247 0.028023 0.289483 0.644597 0.014651
3 3 0.012907 0.012262 0.162307 0.795690 0.016834
3 3 0.005489 0.008126 0.143610 0.836303 0.006472
3 3 0.001111 0.000590 0.024097 0.972721 0.001481
3 3 0.002332 0.001558 0.044153 0.948942 0.003015
3 3 0.002868 0.001825 0.047438 0.943146 0.004723
3 3 0.001854 0.010454 0.209259 0.762372 0.016060
3 3 0.000783 0.002959 0.103958 0.889484 0.002816
3 3 0.026447 0.013218 0.138386 0.776345 0.045603
3 3 0.005517 0.006578 0.125863 0.850863 0.011180
3 3 0.015102 0.017959 0.222312 0.732939 0.011688
2 3 0.020613 0.075606 0.575766 0.239329 0.088686
2 3 0.164245 0.247110 0.387806 0.049815 0.151024
4 3 0.038046 0.143765 0.296477 0.069460 0.452252
1 3 0.257899 0.325678 0.237977 0.012480 0.165966
0 3 0.347704 0.194687 0.187779 0.028388 0.241442
4 3 0.031449 0.271201 0.170908 0.000960 0.525481
4 3 0.007336 0.192696 0.028962 0.000039 0.770966
4 3 0.026289 0.350256 0.033627 0.000023 0.589805
1 3 0.221331 0.522352 0.072377 0.000153 0.183787
1 0 0.050979 0.547961 0.176632 0.000068 0.224360
0 0 0.700195 0.265292 0.022690 0.000028 0.011794
0 0 0.504822 0.435003 0.024177 0.000011 0.035987
0 0 0.956872 0.016591 0.006454 0.000802 0.019281
0 0 0.919816 0.036279 0.011659 0.000698 0.031549
0 0 0.899928 0.020614 0.010729 0.002436 0.066293
0 0 0.871216 0.055296 0.012205 0.000312 0.060971
4 0 0.269821 0.178660 0.015555 0.000033 0.535932
4 1 0.030309 0.297434 0.026568 0.000019 0.645670
4 1 0.017256 0.260568 0.047426 0.000111 0.674639
4 4 0.028211 0.205595 0.067565 0.000666 0.697963
4 4 0.068809 0.309199 0.041773 0.000086 0.580133
1 4 0.067089 0.487369 0.038589 0.000021 0.406932
4 4 0.014959 0.284186 0.025131 0.000014 0.675710
4 4 0.024182 0.366678 0.068465 0.000063 0.540611
4 4 0.028217 0.328877 0.048577 0.000080 0.594248
1 4 0.104901 0.506312 0.057102 0.000068 0.331616
1 4 0.164141 0.597820 0.031776 0.000009 0.206254
4 4 0.162996 0.207283 0.044940 0.000395 0.584386
4 4 0.119569 0.179124 0.026246 0.000109 0.674952
4 4 0.030992 0.446229 0.064128 0.000021 0.458630
4 4 0.072182 0.275143 0.053809 0.000242 0.598624
4 4 0.043908 0.101772 0.030537 0.000463 0.823320
4 4 0.020765 0.025271 0.004563 0.000045 0.949356
4 4 0.067961 0.046561 0.021636 0.001381 0.862461
4 4 0.147508 0.057913 0.022567 0.001224 0.770788
4 4 0.026348 0.056289 0.017438 0.000324 0.899600
4 4 0.011344 0.004747 0.003114 0.000688 0.980107
4 4 0.010829 0.046416 0.023509 0.000516 0.918730
4 4 0.027652 0.042824 0.030256 0.003115 0.896153
4 4 0.096693 0.087880 0.048634 0.003388 0.763405
4 4 0.058619 0.031171 0.023068 0.004165 0.882978
4 4 0.021097 0.022829 0.009435 0.000462 0.946177
4 4 0.020630 0.160029 0.067225 0.001079 0.751037
4 4 0.005000 0.135569 0.042282 0.000247 0.816902
4 4 0.005178 0.017053 0.006871 0.000217 0.970681
4 4 0.004956 0.019136 0.007462 0.000204 0.968243
4 4 0.022242 0.021787 0.015312 0.002112 0.938547
4 4 0.015653 0.039900 0.016258 0.000501 0.927689
4 4 0.040046 0.048009 0.013168 0.000252 0.898525
4 4 0.041636 0.049124 0.040491 0.006014 0.862734
4 4 0.037287 0.081902 0.033925 0.000998 0.845888
4 4 0.074379 0.180908 0.036953 0.000237 0.707523
4 4 0.036600 0.062167 0.024884 0.000801 0.875548
4 4 0.003908 0.101530 0.026748 0.000114 0.867700
4 4 0.002823 0.029284 0.008621 0.000088 0.959184
4 4 0.002049 0.028277 0.005519 0.000023 0.964132
4 4 0.072904 0.063420 0.014735 0.000222 0.848719
4 4 0.172266 0.140773 0.019610 0.000098 0.667252
4 4 0.015786 0.066916 0.013710 0.000087 0.903500
4 4 0.019687 0.365618 0.117054 0.000119 0.497523
4 4 0.001650 0.284367 0.224335 0.000013 0.489634
4 4 0.002870 0.140619 0.036194 0.000051 0.820266
4 4 0.007916 0.082649 0.027526 0.000292 0.881618
4 4 0.004780 0.135400 0.038968 0.000193 0.820660
4 4 0.033761 0.331016 0.077448 0.000269 0.557506
4 4 0.031768 0.300356 0.081188 0.000457 0.586231
4 4 0.037986 0.306443 0.099194 0.000822 0.555554
4 4 0.014283 0.122799 0.024969 0.000106 0.837843
4 4 0.038110 0.402976 0.036399 0.000024 0.522491
1 4 0.036149 0.499766 0.097992 0.000035 0.366058
4 4 0.225242 0.144692 0.051644 0.001600 0.576822
4 4 0.040192 0.341006 0.057055 0.000121 0.561625
1 4 0.053833 0.442138 0.151757 0.000325 0.351947
4 4 0.015349 0.307011 0.025285 0.000010 0.652344
4 4 0.039113 0.403242 0.037940 0.000027 0.519678
1 4 0.184055 0.440935 0.071202 0.000222 0.303586
1 4 0.297919 0.385699 0.069954 0.000342 0.246086
4 4 0.017545 0.226064 0.056319 0.000088 0.699983
4 1 0.009315 0.205926 0.034343 0.000062 0.750354
4 1 0.004832 0.140160 0.047636 0.000250 0.807122
4 1 0.006702 0.178644 0.094677 0.000531 0.719446
4 1 0.013753 0.190661 0.088211 0.001294 0.706082
4 1 0.019919 0.299042 0.037365 0.000042 0.643632
4 1 0.026259 0.372458 0.026114 0.000010 0.575160
4 1 0.009496 0.224579 0.026261 0.000023 0.739641
4 0 0.038036 0.334237 0.074499 0.000293 0.552935
1 0 0.227706 0.419408 0.095072 0.000608 0.257206
0 0 0.835145 0.101578 0.020681 0.000299 0.042297
0 0 0.620639 0.281545 0.050013 0.000286 0.047517
1 1 0.153466 0.528056 0.076350 0.000128 0.242000
4 1 0.154969 0.022981 0.009713 0.001062 0.811274
4 1 0.007344 0.079259 0.012946 0.000036 0.900415
4 1 0.022405 0.221980 0.046050 0.000169 0.709396
4 1 0.036122 0.220931 0.031166 0.000067 0.711714
4 1 0.049392 0.102739 0.025745 0.000290 0.821833
4 1 0.015279 0.205822 0.030599 0.000054 0.748245
4 1 0.016604 0.259273 0.050599 0.000121 0.673404
4 1 0.010438 0.235230 0.026699 0.000023 0.727610
4 1 0.032997 0.369614 0.040519 0.000038 0.556832
1 1 0.248592 0.459604 0.070946 0.000212 0.220645
1 1 0.105634 0.518970 0.051067 0.000047 0.324282
1 1 0.051189 0.482339 0.026539 0.000007 0.439926
1 1 0.077260 0.555304 0.023939 0.000004 0.343493
4 1 0.047140 0.461073 0.028708 0.000009 0.463071
1 0 0.169404 0.537634 0.024788 0.000006 0.268167
0 0 0.953388 0.031798 0.005019 0.000072 0.009723
0 0 0.950070 0.027805 0.006940 0.000269 0.014916
0 0 0.935409 0.029334 0.010970 0.000940 0.023347
0 0 0.957294 0.026971 0.004964 0.000105 0.010666
0 0 0.928608 0.036840 0.011885 0.000671 0.021996
0 0 0.953072 0.024270 0.006689 0.000340 0.015629
0 0 0.611351 0.200666 0.075303 0.000880 0.111800
4 0 0.235375 0.214534 0.043162 0.000366 0.506563
4 0 0.085965 0.131372 0.037725 0.000585 0.744352
0 0 0.767892 0.049252 0.019013 0.001649 0.162194
0 0 0.490185 0.138243 0.050080 0.002020 0.319472
0 0 0.703599 0.149947 0.080048 0.005565 0.060842
0 0 0.533155 0.284999 0.070192 0.000794 0.110859
4 1 0.012274 0.317852 0.011574 0.000001 0.658299
4 1 0.012320 0.410659 0.042432 0.000004 0.534585
0 1 0.425795 0.200062 0.086824 0.003692 0.283628
0 1 0.671197 0.150906 0.030087 0.000377 0.147433
1 1 0.229640 0.543147 0.057975 0.000074 0.169165
1 1 0.079348 0.525904 0.033530 0.000012 0.361205
4 1 0.145867 0.323948 0.017195 0.000008 0.512982
4 1 0.074252 0.093589 0.021822 0.000266 0.810072
0 0 0.815056 0.014801 0.004958 0.000667 0.164518
0 0 0.952450 0.016844 0.005675 0.000556 0.024476
0 0 0.952003 0.022858 0.007175 0.000490 0.017474
0 0 0.497765 0.257026 0.050461 0.000424 0.194325
4 0 0.144531 0.328616 0.049534 0.000157 0.477161
4 0 0.140862 0.187160 0.048016 0.000584 0.623378
0 0 0.660795 0.072307 0.021310 0.000908 0.244681
0 0 0.740496 0.093585 0.031050 0.001349 0.133520
0 0 0.672532 0.091217 0.023345 0.000659 0.212247
0 0 0.792525 0.030180 0.008883 0.000623 0.167789
0 0 0.966438 0.009712 0.004272 0.000902 0.018676
0 0 0.988630 0.004695 0.000976 0.000063 0.005635
0 0 0.991450 0.002285 0.000631 0.000104 0.005530
0 0 0.983869 0.003034 0.001427 0.000608 0.011061
0 0 0.965679 0.010574 0.004197 0.000698 0.018852
0 0 0.982868 0.001875 0.001231 0.001310 0.012716
0 0 0.967608 0.009594 0.004316 0.000947 0.017534
0 0 0.926493 0.054406 0.007894 0.000072 0.011136
0 0 0.978337 0.008585 0.002466 0.000230 0.010382
0 0 0.961112 0.032136 0.002379 0.000007 0.004365
0 0 0.971085 0.017742 0.002994 0.000066 0.008113
0 0 0.985239 0.002328 0.001175 0.000659 0.010599
0 0 0.969714 0.012345 0.003940 0.000380 0.013621
0 0 0.904385 0.035282 0.019410 0.003291 0.037632
0 0 0.970995 0.011138 0.003734 0.000418 0.013715
0 0 0.934267 0.046442 0.007563 0.000091 0.011637
0 0 0.739146 0.152675 0.080737 0.000541 0.026901
0 0 0.935209 0.043389 0.008073 0.000137 0.013192
0 0 0.932659 0.039533 0.009976 0.000330 0.017501
0 0 0.971884 0.013429 0.003408 0.000197 0.011082
0 0 0.958844 0.018802 0.005888 0.000442 0.016025
0 0 0.980970 0.009517 0.001929 0.000084 0.007501
0 0 0.972589 0.011198 0.003424 0.000317 0.012471
0 0 0.967519 0.017017 0.003990 0.000175 0.011299
0 0 0.865811 0.025288 0.007543 0.000570 0.100788
0 0 0.957613 0.014523 0.006364 0.001076 0.020424
0 0 0.990279 0.005131 0.000719 0.000020 0.003851
0 0 0.965464 0.015841 0.004608 0.000324 0.013763
0 0 0.980921 0.007468 0.002061 0.000190 0.009360
0 0 0.985033 0.006682 0.001426 0.000082 0.006777
0 0 0.918818 0.021385 0.008683 0.001169 0.049945
0 0 0.975289 0.005126 0.002705 0.001122 0.015758
0 0 0.731076 0.077271 0.020367 0.000665 0.170621
4 1 0.246771 0.279859 0.094301 0.001581 0.377488
4 1 0.001615 0.118884 0.024331 0.000017 0.855152
4 1 0.001537 0.123658 0.026968 0.000016 0.847821
4 1 0.002127 0.051412 0.015326 0.000066 0.931069
4 1 0.062581 0.121152 0.032777 0.000424 0.783066
4 4 0.049587 0.133686 0.027327 0.000181 0.789220
4 4 0.039107 0.025155 0.006085 0.000132 0.929521
4 4 0.003197 0.003806 0.001461 0.000081 0.991455
4 4 0.009882 0.010911 0.002383 0.000040 0.976784
4 4 0.036234 0.014824 0.007670 0.000901 0.940370
4 4 0.018961 0.006918 0.003359 0.000419 0.970343
4 4 0.039075 0.067454 0.027664 0.000911 0.864896
4 4 0.357198 0.046758 0.023427 0.003096 0.569521
4 4 0.243074 0.013100 0.005329 0.000876 0.737620
4 4 0.015771 0.015684 0.004734 0.000142 0.963668
4 4 0.005497 0.005144 0.002496 0.000225 0.986638
4 4 0.010316 0.018853 0.005707 0.000131 0.964993
4 4 0.007397 0.012751 0.005036 0.000208 0.974609
4 4 0.014876 0.069749 0.031700 0.000849 0.882826
4 4 0.106140 0.043752 0.021915 0.001975 0.826219
4 4 0.143405 0.053350 0.012494 0.000273 0.790478
4 4 0.013374 0.009821 0.003822 0.000226 0.972757
4 4 0.012091 0.008306 0.003855 0.000334 0.975413
4 4 0.015956 0.012788 0.003150 0.000073 0.968033
4 4 0.003193 0.010777 0.003002 0.000051 0.982976
4 4 0.007699 0.070617 0.016564 0.000099 0.905021
4 4 0.012349 0.054971 0.025920 0.000793 0.905968
4 4 0.026870 0.007264 0.004103 0.000757 0.961006
4 4 0.036933 0.005428 0.005647 0.004343 0.947649
4 4 0.035927 0.003877 0.004174 0.004097 0.951926
4 4 0.039553 0.043159 0.007004 0.000053 0.910231
4 4 0.089186 0.045657 0.017278 0.000844 0.847034
4 4 0.003115 0.001201 0.000567 0.000088 0.995029
4 4 0.025678 0.004757 0.003961 0.001881 0.963723
4 4 0.002643 0.012115 0.003903 0.000076 0.981263
4 4 0.003547 0.014937 0.004487 0.000076 0.976953
4 4 0.004208 0.012796 0.004929 0.000155 0.977912
4 4 0.034905 0.345667 0.057632 0.000125 0.561671
4 4 0.007568 0.217963 0.076900 0.000158 0.697411
4 4 0.008583 0.176615 0.049329 0.000248 0.765225
4 4 0.004628 0.117164 0.035870 0.000214 0.842124
4 4 0.003883 0.267349 0.151901 0.000052 0.576814
4 4 0.001501 0.172295 0.060578 0.000015 0.765611
4 4 0.007951 0.250306 0.074071 0.000077 0.667595
4 2 0.003444 0.155866 0.038333 0.000049 0.802308
4 2 0.005820 0.175941 0.023776 0.000027 0.794436
4 2 0.005614 0.198381 0.014761 0.000005 0.781239
4 2 0.010179 0.368997 0.223438 0.000088 0.397298
4 2 0.013145 0.359787 0.074791 0.000027 0.552250
4 2 0.008454 0.256790 0.100995 0.000137 0.633624
4 2 0.008501 0.143089 0.034030 0.000143 0.814237
4 2 0.001770 0.074579 0.018203 0.000049 0.905399
4 2 0.004089 0.101371 0.014744 0.000023 0.879773
4 2 0.029395 0.080743 0.019971 0.000207 0.869684
4 2 0.050771 0.389745 0.065882 0.000156 0.493446
4 2 0.029963 0.106477 0.009678 0.000013 0.853869
4 2 0.029989 0.099739 0.031466 0.000456 0.838350
4 2 0.039242 0.214695 0.080139 0.000325 0.665599
0 2 0.703277 0.087399 0.025210 0.000905 0.183208
0 2 0.649900 0.165671 0.053503 0.001513 0.129413
4 2 0.017859 0.334168 0.070235 0.000065 0.577674
4 2 0.005737 0.153086 0.036991 0.000132 0.804054
4 2 0.025874 0.230830 0.132321 0.003257 0.607717
1 2 0.049868 0.444012 0.183817 0.000356 0.321946
2 2 0.045656 0.307669 0.333378 0.005704 0.307593
4 2 0.011255 0.214583 0.157468 0.001378 0.615316
4 2 0.007654 0.276546 0.091518 0.000063 0.624219
1 2 0.043278 0.512008 0.184625 0.000097 0.259992
1 2 0.065080 0.459000 0.144672 0.000319 0.330929
4 2 0.034460 0.262650 0.136550 0.002882 0.563458
4 2 0.041077 0.288450 0.156707 0.002948 0.510819
4 2 0.011143 0.273045 0.145777 0.000320 0.569715
2 3 0.009133 0.275080 0.423767 0.000880 0.291140
2 3 0.007373 0.194883 0.581065 0.002673 0.214006
4 3 0.034304 0.267843 0.246957 0.007165 0.443730
4 3 0.014314 0.193009 0.090766 0.001383 0.700528
4 3 0.005739 0.188129 0.116669 0.000448 0.689014
4 3 0.012584 0.232568 0.275785 0.004898 0.474164
4 3 0.009836 0.215565 0.173587 0.001228 0.599784
4 3 0.040797 0.291441 0.329509 0.007457 0.330797
2 3 0.078877 0.241499 0.416881 0.046142 0.216602
4 3 0.025350 0.247218 0.316683 0.014084 0.396664
2 3 0.008427 0.147279 0.660654 0.066803 0.116836
4 3 0.012850 0.223953 0.194828 0.003594 0.564774
2 3 0.002499 0.149927 0.722128 0.003261 0.122186
2 3 0.001011 0.089522 0.817399 0.022969 0.069099
2 3 0.008002 0.215026 0.466040 0.013175 0.297758
4 3 0.017828 0.183810 0.254405 0.018949 0.525008
2 3 0.026230 0.139445 0.474977 0.150295 0.209053
2 3 0.022001 0.168129 0.433380 0.087203 0.289287
2 3 0.001259 0.085230 0.830678 0.025469 0.057364
2 3 0.012274 0.095156 0.406419 0.160926 0.325225
3 3 0.010154 0.046578 0.362990 0.438274 0.142004
3 3 0.013513 0.020808 0.203846 0.658877 0.102956
2 3 0.007823 0.133058 0.560257 0.102293 0.196569
4 3 0.007534 0.211214 0.221539 0.006176 0.553538
3 3 0.012276 0.044914 0.335730 0.442725 0.164354
3 3 0.001866 0.003053 0.079896 0.904694 0.010491
3 3 0.000786 0.018057 0.375235 0.593970 0.011951
3 3 0.006469 0.014750 0.197396 0.744598 0.036787
3 3 0.006503 0.018450 0.233910 0.710750 0.030388
3 3 0.181930 0.059586 0.253179 0.385854 0.119452
3 3 0.050333 0.046550 0.280000 0.507117 0.116000
3 3 0.024836 0.041703 0.269054 0.473520 0.190887
3 3 0.006100 0.007592 0.120498 0.835689 0.030121
3 3 0.004003 0.021497 0.281498 0.615702 0.077300
3 3 0.020233 0.054233 0.307739 0.343870 0.273924
3 3 0.012691 0.041712 0.335482 0.514400 0.095715
3 3 0.000832 0.001654 0.061018 0.934914 0.001582
3 3 0.001200 0.005021 0.135106 0.855429 0.003244
3 3 0.004141 0.007879 0.139758 0.838994 0.009229
4 3 0.018761 0.057333 0.237557 0.164006 0.522342
3 3 0.004299 0.002801 0.058897 0.904223 0.029781
3 3 0.012958 0.002560 0.040720 0.905781 0.037981
3 3 0.007019 0.001679 0.034704 0.947110 0.009488
3 3 0.012678 0.006375 0.090518 0.857329 0.033099
3 3 0.006924 0.008916 0.123112 0.720339 0.140709
3 3 0.004404 0.001785 0.040990 0.938826 0.013994
3 3 0.016306 0.014210 0.150403 0.760216 0.058865
3 3 0.000943 0.000532 0.022909 0.973107 0.002510
3 3 0.007480 0.020238 0.240489 0.693197 0.038595
3 3 0.010569 0.031318 0.301783 0.616855 0.039476
3 3 0.005992 0.020969 0.264801 0.691229 0.017009
3 3 0.004568 0.005800 0.105489 0.863307 0.020836
3 3 0.002454 0.001747 0.047719 0.943951 0.004130
3 3 0.002824 0.000519 0.016831 0.977221 0.002606
3 3 0.002981 0.003956 0.088223 0.899136 0.005704
3 3 0.008778 0.014946 0.185157 0.754200 0.036920
3 3 0.002194 0.015819 0.269497 0.684544 0.027945
2 3 0.028641 0.076178 0.366110 0.324652 0.204420
3 3 0.046512 0.021442 0.156892 0.698678 0.076476
3 3 0.002377 0.000630 0.020705 0.973467 0.002820
3 3 0.006189 0.003568 0.066452 0.910987 0.012804
3 3 0.002576 0.001958 0.051891 0.940180 0.003396
3 3 0.009931 0.027207 0.279017 0.649746 0.034099
3 3 0.025397 0.022861 0.191450 0.690446 0.069846
3 3 0.007418 0.008107 0.123510 0.851586 0.009378
3 3 0.007374 0.004392 0.075433 0.901951 0.010851
3 3 0.009566 0.011872 0.154627 0.806407 0.017528
3 3 0.003596 0.006486 0.125041 0.859284 0.005593
3 3 0.003443 0.001175 0.031484 0.960286 0.003613
3 3 0.010152 0.035488 0.301257 0.486522 0.166580
3 3 0.010738 0.018751 0.201876 0.683044 0.085591
3 3 0.001207 0.001641 0.053588 0.930801 0.012763
3 3 0.016951 0.021791 0.191207 0.603392 0.166659
3 3 0.006381 0.006147 0.099777 0.845799 0.041896
3 3 0.036905 0.033817 0.199390 0.458200 0.271689
3 3 0.003655 0.003223 0.069527 0.903978 0.019617
3 3 0.001097 0.000802 0.030893 0.963485 0.003722
3 3 0.001948 0.004370 0.105002 0.874268 0.014411
3 3 0.000501 0.000405 0.021750 0.976225 0.001118
3 3 0.001666 0.000493 0.018377 0.974651 0.004813
3 3 0.002106 0.000323 0.012172 0.982279 0.003120
3 3 0.003930 0.000279 0.009117 0.983305 0.003369
3 3 0.001948 0.000523 0.018616 0.975312 0.003601
3 3 0.002811 0.000318 0.011167 0.983184 0.002521
3 3 0.002358 0.001767 0.048301 0.940226 0.007348
3 3 0.002761 0.000836 0.025022 0.966544 0.004837
3 3 0.006571 0.001191 0.026642 0.958708 0.006888
3 3 0.009064 0.003674 0.061023 0.904118 0.022121
3 3 0.004390 0.000829 0.021990 0.967785 0.005006
3 3 0.002951 0.021893 0.308038 0.604316 0.062802
3 3 0.000649 0.000182 0.010374 0.987788 0.001008
3 3 0.000431 0.000118 0.008089 0.990817 0.000545
3 3 0.000790 0.000694 0.030225 0.967050 0.001240
3 3 0.004075 0.004988 0.096675 0.877996 0.016266
3 3 0.001871 0.000125 0.005670 0.990368 0.001967
3 3 0.000191 0.000060 0.005731 0.993743 0.000274
3 3 0.001197 0.000616 0.024488 0.972129 0.001570
3 3 0.017495 0.035210 0.264446 0.510154 0.172694
3 3 0.006735 0.004500 0.080106 0.897237 0.011421
3 3 0.004399 0.003868 0.077274 0.899193 0.015266
3 3 0.011842 0.005567 0.078956 0.867928 0.035707
3 3 0.015561 0.008076 0.093792 0.761302 0.121270
3 3 0.000962 0.000353 0.016245 0.980788 0.001653
3 3 0.000298 0.000039 0.003501 0.995836 0.000326
3 3 0.000232 0.000137 0.010798 0.988393 0.000440
3 3 0.003157 0.008106 0.152303 0.824987 0.011448
4 3 0.019750 0.094037 0.316016 0.123904 0.446293
3 3 0.005606 0.012235 0.177858 0.770748 0.033553
3 3 0.002659 0.012021 0.211437 0.748986 0.024897
3 3 0.030772 0.016015 0.164563 0.769229 0.019422
2 3 0.192037 0.133430 0.363369 0.225585 0.085579
0 1 0.546855 0.282841 0.077602 0.001055 0.091646
1 1 0.144057 0.559453 0.070293 0.000064 0.226132
4 1 0.008454 0.179392 0.140191 0.003169 0.668795
4 1 0.005244 0.162620 0.078826 0.000755 0.752555
4 1 0.005843 0.160209 0.032952 0.000085 0.800911
4 1 0.010579 0.221295 0.034046 0.000053 0.734026
4 1 0.001471 0.165289 0.055111 0.000015 0.778114
4 1 0.006466 0.371557 0.136934 0.000017 0.485026
4 1 0.010966 0.271760 0.017178 0.000005 0.700091
4 1 0.003518 0.165276 0.013126 0.000004 0.818076
4 1 0.010954 0.206438 0.055086 0.000219 0.727303
4 1 0.009041 0.166598 0.065204 0.000647 0.758510
4 1 0.033195 0.334597 0.059841 0.000149 0.572218
4 1 0.019279 0.283184 0.043031 0.000071 0.654435
1 1 0.052687 0.502534 0.022664 0.000004 0.422110
1 1 0.124441 0.532106 0.129327 0.000207 0.213919
4 1 0.009122 0.188137 0.061052 0.000309 0.741380
4 1 0.014050 0.191435 0.057169 0.000375 0.736971
4 1 0.001134 0.083597 0.010786 0.000009 0.904473
4 1 0.005386 0.155360 0.031200 0.000076 0.807977
4 1 0.009559 0.267984 0.020110 0.000005 0.702342
4 1 0.007609 0.235338 0.172255 0.000465 0.584333
4 1 0.015096 0.279376 0.074398 0.000145 0.630986
4 1 0.004530 0.214400 0.047602 0.000025 0.733443
4 1 0.017716 0.294401 0.069884 0.000129 0.617870
4 1 0.016474 0.432648 0.057370 0.000008 0.493500
4 1 0.018504 0.353969 0.048286 0.000024 0.579217
4 1 0.038658 0.394368 0.040802 0.000035 0.526137
1 1 0.120727 0.449730 0.106239 0.000570 0.322734
1 1 0.097276 0.391229 0.140156 0.001660 0.369680
1 1 0.085314 0.435285 0.085834 0.000301 0.393266
1 1 0.104366 0.453222 0.097863 0.000388 0.344161
1 1 0.039533 0.551877 0.097305 0.000020 0.311265
1 1 0.061035 0.537798 0.097609 0.000049 0.303508
4 1 0.037245 0.300831 0.102210 0.000931 0.558783
1 1 0.123036 0.550807 0.043575 0.000027 0.282556
4 1 0.121344 0.128425 0.010341 0.000017 0.739873
0 0 0.382273 0.216164 0.057386 0.000923 0.343254
0 0 0.975428 0.007557 0.002939 0.000540 0.013536
0 0 0.986850 0.004072 0.001205 0.000172 0.007701
0 0 0.979215 0.011265 0.002091 0.000070 0.007359
0 0 0.788200 0.065307 0.027558 0.002302 0.116633
1 0 0.268842 0.427881 0.078691 0.000352 0.224234
4 1 0.013419 0.189217 0.086671 0.001242 0.709452
4 1 0.059511 0.332889 0.137171 0.001978 0.468451
4 1 0.012031 0.200772 0.059865 0.000358 0.726975
1 1 0.079715 0.476536 0.086637 0.000149 0.356962
4 1 0.014875 0.261999 0.065661 0.000156 0.657309
4 1 0.009572 0.184659 0.052089 0.000270 0.753411
4 1 0.011210 0.042685 0.020877 0.000762 0.924466
4 1 0.023244 0.016230 0.006183 0.000328 0.954015
4 4 0.188321 0.015199 0.002942 0.000102 0.793436
4 4 0.117634 0.015489 0.004168 0.000222 0.862487
4 4 0.060422 0.049543 0.025045 0.001724 0.863266
4 4 0.007170 0.003337 0.001910 0.000333 0.987250
4 4 0.004144 0.008332 0.003380 0.000149 0.983995
4 4 0.079518 0.029104 0.009237 0.000403 0.881738
4 4 0.096333 0.215946 0.045863 0.000126 0.641732
4 4 0.179429 0.104035 0.068948 0.005459 0.642129
4 4 0.023752 0.041737 0.027830 0.002459 0.904222
4 4 0.004476 0.130239 0.038966 0.000206 0.826113
4 4 0.011513 0.180312 0.077651 0.000963 0.729561
4 4 0.042069 0.239593 0.063518 0.000446 0.654375
4 4 0.017812 0.130640 0.068782 0.001790 0.780976
