0 0 0.961562 0.012035 0.010100 0.013454 0.002850
0 0 0.970484 0.008546 0.007755 0.011348 0.001867
0 0 0.932496 0.020631 0.020577 0.008938 0.017359
0 0 0.951753 0.015107 0.013213 0.005553 0.014374
0 0 0.853062 0.049178 0.032002 0.010594 0.055164
0 0 0.866367 0.054909 0.032136 0.027744 0.018843
0 0 0.954725 0.014821 0.011857 0.014911 0.003687
0 0 0.772597 0.114654 0.086381 0.011425 0.014943
0 0 0.660574 0.088298 0.218706 0.024268 0.008154
0 0 0.467375 0.226529 0.282759 0.008059 0.015277
0 0 0.430218 0.284293 0.105181 0.038543 0.141765
1 0 0.264901 0.431256 0.249406 0.006400 0.048036
0 0 0.478879 0.292894 0.164528 0.013774 0.049925
1 0 0.097655 0.444942 0.375713 0.015060 0.066630
2 1 0.000651 0.136671 0.827796 0.022831 0.012052
2 2 0.000233 0.073456 0.903499 0.017433 0.005379
2 2 0.000002 0.003983 0.992452 0.003450 0.000114
2 2 0.000000 0.000240 0.999416 0.000342 0.000002
2 2 0.000001 0.000531 0.987118 0.012340 0.000010
2 2 0.000004 0.000317 0.989840 0.009837 0.000003
2 2 0.000001 0.000386 0.982220 0.017383 0.000010
2 2 0.000000 0.000073 0.983052 0.016872 0.000002
2 2 0.000000 0.000131 0.999341 0.000525 0.000003
2 2 0.000000 0.000168 0.995139 0.004690 0.000003
2 2 0.000000 0.000107 0.995471 0.004421 0.000001
2 2 0.000001 0.000339 0.973435 0.026216 0.000009
2 2 0.000000 0.000112 0.992869 0.007018 0.000001
2 2 0.000000 0.000180 0.921874 0.077940 0.000006
2 2 0.000000 0.000099 0.895842 0.104056 0.000003
2 2 0.000102 0.002903 0.977258 0.019646 0.000091
1 1 0.171476 0.398009 0.373548 0.012695 0.044273
0 0 0.400492 0.343083 0.196867 0.010519 0.049038
2 0 0.181868 0.155734 0.564512 0.077981 0.019905
2 0 0.039323 0.155672 0.788321 0.008115 0.008569
2 0 0.140962 0.308123 0.501816 0.018570 0.030528
2 1 0.015990 0.377539 0.553352 0.011144 0.041975
2 2 0.004852 0.074412 0.842659 0.066017 0.012059
2 2 0.000103 0.004949 0.754835 0.239544 0.000570
2 4 0.000002 0.002401 0.967637 0.029812 0.000148
2 4 0.000004 0.011154 0.982044 0.004247 0.002551
2 4 0.001192 0.232167 0.562941 0.000269 0.203432
2 4 0.000639 0.218090 0.672240 0.000194 0.108837
2 4 0.000873 0.177223 0.641132 0.000506 0.180266
1 4 0.006386 0.361267 0.295139 0.000040 0.337167
4 4 0.032109 0.198676 0.111104 0.002063 0.656048
4 4 0.009319 0.293979 0.217492 0.000440 0.478770
4 4 0.026289 0.270192 0.163462 0.000586 0.539471
2 4 0.019962 0.392613 0.431426 0.007118 0.148881
2 4 0.015398 0.413890 0.467633 0.023685 0.079394
1 4 0.012413 0.395527 0.273406 0.008786 0.309867
1 4 0.103045 0.418797 0.197640 0.001904 0.278614
1 4 0.042943 0.406005 0.228532 0.000847 0.321672
1 4 0.026101 0.405875 0.250304 0.000952 0.316767
4 4 0.006505 0.280458 0.220424 0.000562 0.492050
4 4 0.007399 0.324674 0.252277 0.000390 0.415259
4 4 0.008027 0.221937 0.164714 0.000501 0.604822
4 4 0.008212 0.319656 0.243735 0.000354 0.428044
4 4 0.003225 0.234864 0.208155 0.000316 0.553440
1 4 0.007667 0.374655 0.293607 0.000117 0.323953
4 4 0.008833 0.228560 0.168428 0.000210 0.593969
4 4 0.019499 0.233021 0.148611 0.000190 0.598679
4 4 0.009294 0.199416 0.142631 0.000461 0.648198
4 4 0.010483 0.320070 0.285072 0.000092 0.384283
2 4 0.005613 0.317968 0.446534 0.000116 0.229770
2 4 0.000561 0.301048 0.527020 0.000021 0.171351
4 4 0.000781 0.162665 0.180196 0.000464 0.655893
4 4 0.001507 0.129714 0.124280 0.000423 0.744077
4 4 0.059313 0.195077 0.097503 0.001061 0.647047
1 4 0.082070 0.384226 0.190459 0.001049 0.342196
1 4 0.055065 0.512534 0.270182 0.001943 0.160275
1 4 0.008167 0.360188 0.358889 0.001371 0.271385
4 4 0.032079 0.205501 0.113272 0.013475 0.635674
4 4 0.095402 0.118133 0.050062 0.005743 0.730660
4 4 0.122059 0.194539 0.083982 0.002012 0.597408
4 4 0.075053 0.238267 0.116591 0.000706 0.569383
4 4 0.015940 0.362668 0.250598 0.000052 0.370743
1 4 0.021163 0.483419 0.350307 0.000135 0.144975
1 4 0.028058 0.512409 0.311598 0.000189 0.147747
2 4 0.002298 0.349229 0.607650 0.000019 0.040805
4 4 0.002670 0.222918 0.204737 0.000173 0.569503
1 4 0.024006 0.491333 0.310258 0.000123 0.174281
2 4 0.000546 0.220329 0.738421 0.000005 0.040699
2 4 0.000005 0.033910 0.962786 0.000000 0.003300
2 4 0.000235 0.136304 0.823130 0.000011 0.040320
2 4 0.003045 0.311513 0.388006 0.000038 0.297399
2 4 0.005397 0.342825 0.516442 0.000053 0.135282
2 4 0.001646 0.212125 0.758642 0.000046 0.027542
2 2 0.000010 0.019387 0.980250 0.000018 0.000336
2 2 0.000000 0.003397 0.996536 0.000002 0.000065
2 2 0.000002 0.001347 0.998619 0.000010 0.000023
2 2 0.000005 0.004048 0.995760 0.000017 0.000169
2 2 0.000007 0.001679 0.998245 0.000032 0.000037
2 2 0.000001 0.000257 0.999718 0.000022 0.000002
2 2 0.000001 0.000112 0.999842 0.000045 0.000001
2 2 0.000013 0.000693 0.996234 0.003050 0.000009
2 2 0.000141 0.001130 0.989218 0.009495 0.000016
2 2 0.000045 0.001554 0.996664 0.001721 0.000016
2 2 0.000030 0.002231 0.973667 0.023998 0.000074
2 2 0.000147 0.001514 0.897846 0.100435 0.000058
2 2 0.000092 0.000472 0.754842 0.244581 0.000013
2 2 0.000001 0.000116 0.827010 0.172869 0.000004
2 2 0.000004 0.000032 0.674232 0.325732 0.000001
2 2 0.000002 0.000080 0.820658 0.179258 0.000002
2 2 0.000053 0.000883 0.890272 0.108758 0.000034
2 2 0.000116 0.002905 0.717275 0.279440 0.000264
2 3 0.000013 0.000817 0.939284 0.059856 0.000031
2 3 0.000050 0.000457 0.792030 0.207443 0.000019
2 3 0.000027 0.000456 0.744874 0.254625 0.000018
2 3 0.000019 0.000365 0.619843 0.379755 0.000017
3 3 0.000026 0.000286 0.244575 0.755090 0.000024
2 3 0.000014 0.001121 0.923878 0.074933 0.000054
3 3 0.000002 0.000195 0.495830 0.503955 0.000018
3 3 0.000003 0.000181 0.491884 0.507920 0.000013
3 3 0.000004 0.000066 0.120870 0.879052 0.000008
3 3 0.000002 0.000025 0.057224 0.942744 0.000004
3 3 0.000005 0.000291 0.421480 0.578192 0.000032
2 3 0.000001 0.000096 0.674227 0.325671 0.000004
3 3 0.000001 0.000058 0.310457 0.689481 0.000004
3 3 0.000005 0.000105 0.147481 0.852401 0.000009
2 3 0.000007 0.000709 0.717757 0.281492 0.000035
3 3 0.000003 0.000134 0.077912 0.921915 0.000037
3 3 0.000003 0.000099 0.211867 0.788022 0.000009
3 3 0.000006 0.000228 0.274519 0.725226 0.000022
3 3 0.000000 0.000050 0.192479 0.807465 0.000006
3 3 0.000005 0.000164 0.059365 0.940434 0.000032
3 3 0.000001 0.000010 0.005027 0.994959 0.000004
3 3 0.000004 0.000028 0.012759 0.987201 0.000008
3 3 0.000001 0.000033 0.055195 0.944767 0.000005
3 3 0.000003 0.000244 0.229432 0.770296 0.000025
2 3 0.000162 0.002560 0.554349 0.442759 0.000170
3 3 0.000001 0.000132 0.211517 0.788332 0.000018
3 3 0.000002 0.000127 0.171341 0.828515 0.000014
3 3 0.000001 0.000037 0.056413 0.943543 0.000007
3 3 0.000001 0.000107 0.117811 0.882063 0.000018
3 3 0.000001 0.000020 0.024966 0.975008 0.000005
3 3 0.000001 0.000063 0.150322 0.849608 0.000006
3 3 0.000002 0.000030 0.011544 0.988414 0.000010
3 3 0.000006 0.000050 0.038697 0.961238 0.000008
3 3 0.000002 0.000059 0.083830 0.916100 0.000010
3 3 0.000010 0.000058 0.011947 0.987968 0.000017
3 3 0.000010 0.000128 0.034375 0.965441 0.000045
3 3 0.000005 0.000076 0.045944 0.953957 0.000019
3 3 0.000001 0.000069 0.037852 0.962055 0.000024
3 3 0.000001 0.000019 0.022802 0.977174 0.000004
3 3 0.000001 0.000018 0.016269 0.983705 0.000006
3 3 0.000001 0.000049 0.057960 0.941979 0.000010
3 3 0.000005 0.000101 0.073772 0.926103 0.000019
3 3 0.000002 0.000044 0.024599 0.975343 0.000013
3 3 0.000000 0.000004 0.005986 0.994009 0.000001
3 3 0.000009 0.000067 0.022393 0.977520 0.000011
3 3 0.000003 0.000036 0.011824 0.988124 0.000013
3 3 0.000003 0.000018 0.019662 0.980314 0.000004
3 3 0.000013 0.000064 0.023885 0.976022 0.000016
3 3 0.000003 0.000072 0.038263 0.961643 0.000020
3 3 0.000001 0.000041 0.022186 0.977760 0.000012
3 3 0.000002 0.000033 0.023815 0.976142 0.000009
3 3 0.000012 0.000159 0.033633 0.966154 0.000042
3 3 0.000023 0.000146 0.125038 0.874772 0.000020
3 3 0.000028 0.000298 0.182686 0.816959 0.000030
3 3 0.000065 0.000903 0.178938 0.820006 0.000089
3 3 0.000006 0.000466 0.288007 0.711457 0.000064
3 3 0.000001 0.000192 0.244090 0.755698 0.000019
3 3 0.000001 0.000022 0.036691 0.963283 0.000004
3 3 0.000009 0.000048 0.028317 0.971616 0.000010
3 3 0.000002 0.000021 0.014897 0.985074 0.000006
3 3 0.000000 0.000006 0.006917 0.993075 0.000002
3 3 0.000001 0.000069 0.033134 0.966775 0.000020
3 3 0.000002 0.000308 0.275116 0.724537 0.000036
3 3 0.000002 0.000142 0.087218 0.912610 0.000027
3 3 0.000038 0.000777 0.153426 0.845662 0.000097
3 3 0.000005 0.000068 0.012667 0.987232 0.000028
3 3 0.000001 0.000024 0.010252 0.989714 0.000009
3 3 0.000002 0.000112 0.061571 0.938287 0.000029
3 3 0.000001 0.000146 0.102929 0.896890 0.000034
3 3 0.000001 0.000018 0.024084 0.975893 0.000004
3 3 0.000000 0.000012 0.112412 0.887575 0.000001
3 3 0.000001 0.000032 0.126199 0.873764 0.000003
3 3 0.000002 0.000059 0.106683 0.893250 0.000006
3 3 0.000001 0.000021 0.009291 0.990680 0.000007
3 3 0.000002 0.000027 0.008095 0.991868 0.000009
3 3 0.000000 0.000008 0.015712 0.984278 0.000002
3 3 0.000000 0.000007 0.020052 0.979939 0.000002
3 3 0.000001 0.000016 0.106098 0.893883 0.000001
3 3 0.000002 0.000045 0.066841 0.933105 0.000007
3 3 0.000004 0.000102 0.052851 0.947025 0.000017
3 3 0.000002 0.000016 0.009823 0.990155 0.000004
3 3 0.000008 0.000098 0.021929 0.977931 0.000034
3 3 0.000001 0.000027 0.008634 0.991327 0.000011
3 3 0.000001 0.000095 0.043739 0.956139 0.000025
3 3 0.000047 0.000796 0.137032 0.862024 0.000100
2 3 0.030821 0.049699 0.458231 0.447291 0.013958
2 2 0.132932 0.158546 0.369886 0.286361 0.052275
2 1 0.009727 0.219478 0.727616 0.016358 0.026821
2 2 0.010922 0.385522 0.535690 0.009516 0.058351
2 2 0.001616 0.193178 0.759052 0.001971 0.044182
2 2 0.004678 0.108068 0.871569 0.010292 0.005393
2 0 0.039360 0.275996 0.663088 0.004393 0.017163
0 0 0.605616 0.209562 0.154877 0.008696 0.021249
0 0 0.715873 0.136552 0.073710 0.031636 0.042229
0 0 0.387313 0.199089 0.104254 0.071652 0.237692
2 1 0.000058 0.035009 0.956884 0.002491 0.005557
2 2 0.000055 0.009572 0.974532 0.015265 0.000576
2 2 0.000119 0.005952 0.974044 0.019223 0.000662
2 2 0.000373 0.025486 0.930813 0.008934 0.034394
2 2 0.000128 0.033399 0.941247 0.001701 0.023524
2 2 0.000022 0.009100 0.987303 0.001142 0.002433
2 2 0.000003 0.004969 0.990693 0.002164 0.002171
2 2 0.000017 0.029790 0.958253 0.000517 0.011423
2 2 0.000416 0.145049 0.781392 0.000236 0.072907
2 2 0.000252 0.081169 0.894918 0.000209 0.023452
2 2 0.018169 0.329905 0.463022 0.000335 0.188568
1 2 0.029470 0.457573 0.279729 0.000155 0.233073
2 2 0.006526 0.346437 0.522636 0.000038 0.124363
2 2 0.009140 0.383406 0.431835 0.000037 0.175582
2 2 0.000805 0.111679 0.843651 0.000270 0.043596
2 2 0.000785 0.080345 0.801980 0.002114 0.114775
2 2 0.000370 0.081655 0.910718 0.000267 0.006991
2 2 0.000581 0.086922 0.897669 0.000050 0.014778
2 2 0.000417 0.119145 0.865210 0.000009 0.015219
2 4 0.000901 0.196258 0.727036 0.000047 0.075757
4 4 0.003770 0.017397 0.030763 0.001319 0.946751
4 4 0.001146 0.079970 0.277169 0.001508 0.640206
4 4 0.013623 0.169690 0.259472 0.007428 0.549787
2 0 0.006741 0.029520 0.924203 0.035913 0.003624
3 0 0.319209 0.029790 0.137813 0.505274 0.007914
0 0 0.852864 0.021189 0.059059 0.062310 0.004579
2 0 0.107144 0.027387 0.857667 0.007407 0.000396
0 0 0.690120 0.006569 0.260500 0.042621 0.000190
2 0 0.159963 0.010520 0.479139 0.348744 0.001634
2 0 0.147646 0.054914 0.528850 0.252875 0.015715
0 0 0.883069 0.046987 0.028589 0.025864 0.015492
0 0 0.706883 0.146725 0.078262 0.026006 0.042124
0 0 0.525746 0.207155 0.110216 0.010860 0.146023
4 0 0.124884 0.102579 0.040890 0.002272 0.729375
4 0 0.044658 0.352632 0.198130 0.000269 0.404312
2 1 0.001365 0.200976 0.785812 0.000083 0.011764
2 1 0.000052 0.022608 0.976408 0.000207 0.000726
2 2 0.000044 0.021139 0.977723 0.000445 0.000649
2 2 0.000001 0.004767 0.995166 0.000011 0.000054
2 2 0.000001 0.003844 0.995830 0.000037 0.000288
2 2 0.000008 0.012982 0.984558 0.000355 0.002097
2 2 0.000008 0.022728 0.976198 0.000007 0.001059
2 2 0.000006 0.011633 0.987239 0.000073 0.001049
2 2 0.000018 0.024694 0.964292 0.000216 0.010780
2 2 0.000215 0.065504 0.919806 0.000226 0.014249
1 2 0.144137 0.423280 0.243868 0.002502 0.186213
1 2 0.135578 0.533462 0.228642 0.006821 0.095497
1 2 0.150978 0.480124 0.205236 0.006120 0.157542
2 2 0.006286 0.454076 0.497893 0.000043 0.041702
2 2 0.001734 0.089573 0.902405 0.000045 0.006243
2 2 0.000003 0.001887 0.998031 0.000040 0.000039
2 2 0.000010 0.006182 0.993607 0.000062 0.000139
2 2 0.000085 0.018280 0.979956 0.000104 0.001575
2 2 0.000006 0.003389 0.996485 0.000019 0.000101
2 2 0.000159 0.032531 0.964802 0.000113 0.002395
2 2 0.000298 0.063061 0.930481 0.001759 0.004401
2 2 0.000173 0.008435 0.990676 0.000516 0.000201
2 2 0.000012 0.005125 0.994098 0.000596 0.000169
2 2 0.023276 0.168060 0.802628 0.001495 0.004541
1 0 0.043277 0.547791 0.391642 0.000480 0.016810
1 0 0.097810 0.504076 0.237375 0.002429 0.158310
2 1 0.001045 0.066811 0.928020 0.000412 0.003712
2 2 0.000071 0.009512 0.989669 0.000500 0.000249
2 2 0.000010 0.001573 0.997962 0.000445 0.000010
2 2 0.000040 0.001493 0.996873 0.001581 0.000013
2 2 0.000039 0.003212 0.995039 0.001657 0.000052
2 2 0.000117 0.017138 0.981759 0.000676 0.000309
2 2 0.000040 0.007848 0.991852 0.000168 0.000092
2 2 0.000008 0.001912 0.998012 0.000059 0.000009
2 2 0.000001 0.000181 0.999688 0.000128 0.000002
2 2 0.000030 0.005225 0.993664 0.000991 0.000091
2 2 0.000001 0.001101 0.998837 0.000057 0.000004
2 2 0.000002 0.001260 0.998661 0.000058 0.000019
2 2 0.000012 0.002034 0.996044 0.001852 0.000058
2 2 0.000048 0.005927 0.987873 0.005880 0.000272
2 2 0.000010 0.003797 0.994779 0.001339 0.000075
2 2 0.000009 0.003801 0.995942 0.000187 0.000061
2 2 0.000008 0.003729 0.995915 0.000226 0.000123
2 2 0.000185 0.013611 0.983344 0.002553 0.000307
2 2 0.043184 0.093311 0.807367 0.048767 0.007370
1 2 0.012596 0.478613 0.354055 0.000272 0.154464
2 2 0.010195 0.400232 0.521233 0.000135 0.068205
1 2 0.032229 0.557120 0.321643 0.000357 0.088652
2 2 0.001364 0.180621 0.808249 0.000072 0.009694
2 2 0.002069 0.042052 0.950055 0.002736 0.003088
2 2 0.000139 0.008216 0.991093 0.000396 0.000157
2 2 0.000024 0.001218 0.998621 0.000133 0.000005
2 2 0.000001 0.000390 0.999536 0.000068 0.000004
2 2 0.000001 0.000225 0.999675 0.000098 0.000002
2 2 0.000044 0.001329 0.992813 0.005775 0.000039
2 2 0.000019 0.003212 0.995454 0.001185 0.000131
2 2 0.000005 0.000688 0.998079 0.001223 0.000004
2 2 0.000001 0.000753 0.997358 0.001878 0.000010
2 2 0.000000 0.000128 0.995798 0.004072 0.000002
2 2 0.000001 0.000325 0.984662 0.015005 0.000007
2 2 0.000001 0.000365 0.996041 0.003585 0.000008
2 2 0.000001 0.000263 0.998841 0.000893 0.000001
2 2 0.000001 0.000196 0.997800 0.002002 0.000002
2 2 0.000002 0.000335 0.988758 0.010900 0.000006
2 2 0.000286 0.008848 0.988166 0.002532 0.000168
2 2 0.000024 0.001436 0.997234 0.001279 0.000026
2 2 0.000001 0.000676 0.998907 0.000410 0.000006
2 2 0.000000 0.000216 0.998868 0.000914 0.000002
2 3 0.000021 0.001062 0.957020 0.041863 0.000033
2 2 0.000073 0.002024 0.910455 0.087336 0.000112
2 2 0.001156 0.005840 0.985836 0.007062 0.000106
2 2 0.004162 0.031112 0.961747 0.002306 0.000673
2 2 0.009097 0.256467 0.718221 0.001922 0.014294
1 1 0.025943 0.550514 0.367533 0.000406 0.055604
1 2 0.006799 0.427955 0.355086 0.000091 0.210069
2 2 0.000007 0.002848 0.996845 0.000219 0.000082
2 2 0.000694 0.007645 0.988658 0.002822 0.000181
2 2 0.040511 0.039881 0.885185 0.027332 0.007091
0 0 0.839741 0.044028 0.077783 0.021198 0.017251
0 0 0.763042 0.095797 0.050167 0.022526 0.068469
0 0 0.910685 0.034269 0.023050 0.017468 0.014529
4 0 0.198810 0.128938 0.052195 0.004359 0.615698
4 0 0.145806 0.193801 0.137282 0.008395 0.514715
2 2 0.001134 0.046440 0.948399 0.001190 0.002837
2 2 0.001497 0.026314 0.966023 0.005140 0.001026
2 2 0.000006 0.003203 0.996371 0.000080 0.000341
2 2 0.000156 0.030655 0.962737 0.000221 0.006232
2 1 0.000393 0.067830 0.830874 0.000615 0.100288
4 1 0.002993 0.137711 0.208332 0.000117 0.650846
4 1 0.030967 0.158001 0.088384 0.000274 0.722374
4 1 0.023168 0.089749 0.049769 0.000172 0.837143
4 1 0.033148 0.081526 0.041578 0.000265 0.843483
4 1 0.017963 0.093916 0.054581 0.000354 0.833186
4 0 0.043668 0.147926 0.077092 0.000224 0.731089
1 0 0.020584 0.510156 0.329300 0.000103 0.139856
4 0 0.036817 0.036065 0.016257 0.000218 0.910644
4 1 0.017955 0.109248 0.064661 0.000369 0.807766
4 4 0.011398 0.102593 0.081169 0.000371 0.804468
4 4 0.005178 0.149041 0.244712 0.000574 0.600495
4 4 0.006962 0.132005 0.246618 0.000106 0.614308
4 4 0.016283 0.126135 0.076909 0.000700 0.779973
4 4 0.036218 0.251218 0.143945 0.000152 0.568467
4 4 0.074243 0.278241 0.138346 0.000711 0.508459
1 4 0.036446 0.376008 0.220809 0.000186 0.366551
4 4 0.061756 0.238240 0.119187 0.003710 0.577108
1 4 0.047131 0.502534 0.273418 0.002003 0.174913
4 4 0.025623 0.178322 0.102477 0.003052 0.690525
4 4 0.016849 0.214482 0.137136 0.001183 0.630349
4 4 0.017895 0.127871 0.076536 0.000910 0.776788
4 4 0.017944 0.115418 0.068639 0.000459 0.797541
4 4 0.032866 0.202972 0.115009 0.000391 0.648762
1 4 0.010941 0.369073 0.360118 0.000032 0.259836
2 4 0.003386 0.397845 0.450096 0.000101 0.148572
4 4 0.007971 0.317766 0.245962 0.000116 0.428184
4 4 0.002573 0.210500 0.193659 0.000173 0.593096
1 4 0.028751 0.350757 0.327327 0.000294 0.292871
4 4 0.042422 0.191670 0.103458 0.000208 0.662243
4 4 0.025020 0.130326 0.073646 0.000638 0.770370
4 4 0.094972 0.118820 0.051174 0.001216 0.733817
4 4 0.010113 0.097287 0.061636 0.005748 0.825216
4 4 0.023949 0.206812 0.145555 0.000160 0.623525
4 4 0.037362 0.118268 0.061066 0.000868 0.782436
4 4 0.106684 0.321544 0.149391 0.001655 0.420726
4 4 0.102525 0.284206 0.132057 0.001443 0.479770
2 4 0.014412 0.330783 0.403441 0.000103 0.251262
2 2 0.001592 0.170372 0.809498 0.000070 0.018468
2 2 0.000031 0.042033 0.956046 0.000247 0.001643
2 2 0.000004 0.010175 0.989615 0.000014 0.000192
2 2 0.000002 0.008249 0.991246 0.000018 0.000485
2 2 0.000002 0.012676 0.986789 0.000010 0.000523
2 2 0.000001 0.006347 0.993497 0.000003 0.000152
2 2 0.000001 0.002254 0.997693 0.000013 0.000040
2 2 0.000007 0.002528 0.997347 0.000030 0.000088
2 2 0.000001 0.001453 0.998156 0.000323 0.000066
2 2 0.000013 0.012644 0.984827 0.000073 0.002442
2 2 0.001416 0.114985 0.841110 0.000793 0.041696
2 2 0.000010 0.022322 0.973532 0.000018 0.004117
2 2 0.000008 0.007126 0.992332 0.000094 0.000440
2 2 0.000010 0.009211 0.990120 0.000040 0.000619
2 2 0.000014 0.007954 0.991654 0.000088 0.000291
2 2 0.000030 0.011356 0.988212 0.000018 0.000384
2 2 0.000000 0.000344 0.999648 0.000006 0.000001
2 2 0.000000 0.000331 0.999640 0.000027 0.000002
2 2 0.000001 0.000589 0.999310 0.000097 0.000003
2 2 0.000001 0.000240 0.999674 0.000074 0.000010
2 2 0.000014 0.001639 0.998050 0.000280 0.000017
2 2 0.000014 0.004085 0.995761 0.000047 0.000093
2 2 0.000010 0.003067 0.996387 0.000272 0.000264
2 2 0.000031 0.002146 0.997142 0.000546 0.000135
2 2 0.001345 0.005407 0.991669 0.001411 0.000169
2 2 0.053430 0.117620 0.792247 0.025257 0.011446
1 2 0.079408 0.544333 0.305900 0.003999 0.066360
2 2 0.019241 0.371583 0.536105 0.000979 0.072092
2 2 0.000605 0.048596 0.944948 0.000461 0.005390
2 2 0.000828 0.023238 0.971844 0.000393 0.003697
2 2 0.000000 0.001190 0.998613 0.000140 0.000057
2 2 0.000002 0.001901 0.997968 0.000088 0.000042
2 2 0.000002 0.000920 0.999047 0.000013 0.000017
2 2 0.000000 0.000484 0.999482 0.000030 0.000004
2 2 0.000003 0.000716 0.998478 0.000774 0.000029
2 2 0.000021 0.001343 0.994529 0.004065 0.000041
2 2 0.000008 0.000886 0.998444 0.000650 0.000012
2 2 0.000014 0.000755 0.987984 0.011233 0.000014
2 2 0.000001 0.000321 0.996727 0.002948 0.000003
2 2 0.000008 0.002060 0.994454 0.003377 0.000101
2 2 0.000109 0.001229 0.996892 0.001756 0.000014
2 2 0.000038 0.001587 0.993148 0.005198 0.000029
2 2 0.000081 0.003752 0.992276 0.003827 0.000063
2 2 0.000257 0.006902 0.985944 0.006728 0.000169
2 2 0.000015 0.001254 0.996831 0.001886 0.000013
2 2 0.000004 0.000393 0.998583 0.001017 0.000003
2 2 0.000010 0.000367 0.996781 0.002839 0.000003
2 2 0.000012 0.000503 0.996403 0.003079 0.000004
2 2 0.000029 0.002346 0.991679 0.005899 0.000047
2 2 0.000041 0.001919 0.994856 0.003162 0.000021
2 2 0.000007 0.000653 0.990913 0.008411 0.000016
2 2 0.000006 0.000427 0.967122 0.032434 0.000010
2 2 0.000002 0.000583 0.995928 0.003480 0.000007
2 2 0.000003 0.000358 0.992132 0.007502 0.000005
2 2 0.000033 0.000917 0.792678 0.206330 0.000043
2 2 0.000196 0.001629 0.879306 0.118789 0.000080
2 2 0.000003 0.000594 0.957795 0.041590 0.000018
2 2 0.000012 0.001217 0.988073 0.010669 0.000029
2 2 0.000180 0.002133 0.979092 0.018547 0.000048
2 2 0.000386 0.002853 0.857347 0.139282 0.000133
2 2 0.000026 0.000391 0.684222 0.315339 0.000021
2 2 0.000010 0.000273 0.864000 0.135708 0.000009
3 2 0.000025 0.000374 0.416040 0.583530 0.000032
2 2 0.000110 0.001501 0.665960 0.332296 0.000133
3 2 0.000810 0.002942 0.434167 0.561721 0.000361
2 3 0.000285 0.001026 0.514779 0.483832 0.000078
2 3 0.000091 0.000634 0.663330 0.335910 0.000034
3 3 0.000114 0.000207 0.176760 0.822899 0.000021
3 3 0.000017 0.000305 0.334954 0.664691 0.000033
2 3 0.000071 0.000768 0.758782 0.240347 0.000032
3 3 0.000023 0.001016 0.297823 0.700927 0.000211
2 3 0.000036 0.002580 0.683014 0.314104 0.000266
2 3 0.000019 0.001509 0.885998 0.112397 0.000078
2 3 0.000011 0.000375 0.536169 0.463420 0.000026
2 3 0.000006 0.000442 0.553223 0.446303 0.000026
3 3 0.000002 0.000193 0.419971 0.579820 0.000014
3 3 0.000005 0.000031 0.017584 0.982373 0.000007
3 3 0.000007 0.000088 0.126920 0.872974 0.000011
3 3 0.000007 0.000214 0.434620 0.565147 0.000011
3 3 0.000019 0.001006 0.495072 0.503852 0.000050
2 3 0.000007 0.001281 0.591957 0.406616 0.000138
3 3 0.000188 0.001986 0.492566 0.505030 0.000231
2 3 0.000012 0.001531 0.635077 0.363205 0.000175
3 3 0.000815 0.003739 0.416371 0.578565 0.000510
2 3 0.000053 0.001207 0.542754 0.455894 0.000092
3 3 0.000003 0.000013 0.013621 0.986360 0.000003
3 3 0.000063 0.000291 0.106128 0.893477 0.000041
3 3 0.000052 0.000623 0.091924 0.907298 0.000103
3 3 0.000099 0.001150 0.349286 0.649313 0.000151
3 3 0.000140 0.002089 0.289485 0.708088 0.000199
3 3 0.000373 0.002054 0.156821 0.840144 0.000608
3 3 0.000044 0.001663 0.451240 0.546923 0.000130
3 3 0.000022 0.000384 0.124542 0.875001 0.000052
3 3 0.000772 0.003336 0.145562 0.849719 0.000611
2 3 0.000364 0.007354 0.740996 0.250854 0.000433
3 3 0.000131 0.003927 0.322842 0.672335 0.000764
3 3 0.000021 0.001208 0.350888 0.647720 0.000163
3 3 0.000005 0.000090 0.024922 0.974959 0.000024
3 3 0.000008 0.000047 0.045287 0.954653 0.000006
3 3 0.002289 0.002147 0.091809 0.903524 0.000230
3 3 0.000095 0.001349 0.199538 0.798753 0.000265
3 3 0.000028 0.000294 0.063837 0.935784 0.000057
3 3 0.000073 0.000455 0.022501 0.976783 0.000188
3 3 0.000507 0.004434 0.184128 0.809885 0.001045
3 3 0.001177 0.004776 0.259390 0.733970 0.000688
3 3 0.000497 0.002663 0.248918 0.747622 0.000301
3 3 0.000062 0.000579 0.084801 0.914457 0.000101
3 3 0.000077 0.000593 0.028860 0.970292 0.000178
3 3 0.000294 0.000628 0.018875 0.980001 0.000203
3 3 0.000385 0.000760 0.097588 0.901185 0.000082
3 3 0.000024 0.000346 0.020247 0.979213 0.000169
3 3 0.000134 0.000640 0.106940 0.892180 0.000106
3 3 0.000006 0.000122 0.017855 0.981974 0.000044
3 3 0.000076 0.001909 0.157685 0.840026 0.000303
2 3 0.000258 0.003037 0.557043 0.439448 0.000214
3 3 0.000318 0.002242 0.210038 0.787089 0.000313
3 3 0.000057 0.000402 0.063813 0.935633 0.000096
3 3 0.000054 0.000258 0.016394 0.983194 0.000101
3 3 0.000047 0.001431 0.272919 0.725435 0.000168
3 3 0.001320 0.003151 0.268760 0.726490 0.000279
3 3 0.000009 0.000732 0.279935 0.719251 0.000074
3 3 0.000017 0.000506 0.163295 0.836114 0.000068
3 3 0.000005 0.000053 0.010358 0.989565 0.000020
3 3 0.018627 0.007070 0.118851 0.853455 0.001997
2 0 0.173840 0.078084 0.521627 0.214385 0.012063
0 0 0.544619 0.248299 0.128341 0.020233 0.058508
1 0 0.328727 0.381912 0.162274 0.019058 0.108029
1 0 0.102063 0.398691 0.185951 0.007511 0.305783
2 1 0.007100 0.216807 0.756381 0.004243 0.015470
2 2 0.003181 0.095663 0.897200 0.001155 0.002801
2 2 0.000794 0.024663 0.970270 0.002566 0.001708
2 2 0.001808 0.081107 0.910532 0.002350 0.004203
1 2 0.117692 0.461063 0.317158 0.012444 0.091644
1 1 0.164310 0.484866 0.200213 0.017542 0.133069
2 1 0.017229 0.343627 0.572847 0.018322 0.047974
2 1 0.000028 0.017436 0.978034 0.003995 0.000506
2 2 0.000002 0.003549 0.995488 0.000885 0.000076
2 2 0.000466 0.053291 0.818552 0.024376 0.103315
4 4 0.007095 0.076348 0.282710 0.019916 0.613930
4 4 0.049805 0.051107 0.022652 0.000373 0.876064
1 4 0.004639 0.390511 0.335413 0.000083 0.269354
2 4 0.001967 0.316509 0.415691 0.000025 0.265808
4 4 0.018185 0.098846 0.056805 0.001843 0.824321
4 4 0.085830 0.146773 0.064573 0.013865 0.688958
4 4 0.163855 0.163054 0.064191 0.008605 0.600295
4 4 0.161763 0.328791 0.139263 0.004329 0.365854
2 4 0.007560 0.406766 0.474318 0.000157 0.111200
1 4 0.007445 0.436074 0.346427 0.000025 0.210028
1 4 0.006165 0.443294 0.360610 0.000057 0.189873
4 4 0.010135 0.300732 0.218675 0.000641 0.469816
4 4 0.023002 0.139496 0.078941 0.006989 0.751573
4 4 0.004283 0.074069 0.053655 0.002735 0.865258
4 4 0.012908 0.038415 0.020822 0.002314 0.925541
4 4 0.037584 0.196999 0.106930 0.001890 0.656597
4 4 0.071716 0.236118 0.115860 0.001236 0.575070
4 4 0.020416 0.175235 0.104773 0.003447 0.696129
4 4 0.068237 0.136945 0.064381 0.000584 0.729853
4 4 0.036366 0.051122 0.023769 0.001366 0.887378
4 4 0.016292 0.082423 0.047589 0.000905 0.852790
4 4 0.038542 0.102974 0.051578 0.001977 0.804929
4 4 0.047416 0.082548 0.039354 0.000296 0.830386
4 4 0.040604 0.227870 0.126343 0.000191 0.604993
1 4 0.016652 0.426515 0.287650 0.000375 0.268808
1 4 0.023924 0.546083 0.335729 0.000185 0.094079
1 4 0.018731 0.501027 0.330482 0.000081 0.149679
4 4 0.013243 0.222612 0.152258 0.000149 0.611738
4 4 0.011832 0.273677 0.192795 0.000428 0.521267
2 4 0.007537 0.270837 0.486390 0.000205 0.235031
2 4 0.003425 0.273912 0.529258 0.000132 0.193273
2 4 0.000147 0.105093 0.841659 0.000395 0.052707
2 4 0.001523 0.145955 0.823745 0.000211 0.028566
2 4 0.002204 0.288820 0.641281 0.000339 0.067356
2 4 0.002158 0.380850 0.473445 0.000044 0.143503
1 4 0.009447 0.482322 0.417445 0.000039 0.090747
2 4 0.000037 0.052932 0.942653 0.000013 0.004365
2 4 0.000159 0.095286 0.879776 0.000004 0.024775
2 4 0.000223 0.099285 0.865108 0.000074 0.035309
2 4 0.000500 0.174262 0.696772 0.000084 0.128382
2 4 0.000393 0.230306 0.734273 0.000154 0.034874
2 4 0.000363 0.105495 0.853508 0.000146 0.040488
2 4 0.000735 0.184676 0.791239 0.000267 0.023084
2 4 0.000157 0.116732 0.871552 0.000063 0.011496
2 4 0.000042 0.038036 0.958592 0.000829 0.002502
2 2 0.000099 0.056498 0.939068 0.000735 0.003601
2 2 0.000146 0.032510 0.961819 0.002176 0.003350
2 2 0.000098 0.015788 0.982287 0.000478 0.001350
2 2 0.000403 0.006795 0.984864 0.007690 0.000248
2 2 0.000018 0.004223 0.994135 0.001573 0.000052
2 2 0.000000 0.001041 0.998779 0.000173 0.000006
2 2 0.000171 0.003570 0.986729 0.009430 0.000100
2 2 0.000462 0.003307 0.994808 0.001379 0.000044
2 2 0.023215 0.034702 0.926231 0.014391 0.001460
2 0 0.275802 0.124324 0.572083 0.020158 0.007633
0 0 0.940979 0.018838 0.023785 0.013563 0.002835
0 0 0.774551 0.112536 0.071536 0.018261 0.023116
0 0 0.725900 0.131131 0.066399 0.031204 0.045366
0 0 0.674012 0.144492 0.066694 0.031502 0.083300
0 0 0.617169 0.194797 0.092410 0.030038 0.065586
0 0 0.716861 0.146721 0.105322 0.011728 0.019368
0 0 0.624279 0.200458 0.141411 0.010254 0.023597
0 0 0.432753 0.320405 0.159034 0.017136 0.070671
0 0 0.772923 0.106260 0.088972 0.012107 0.019739
0 0 0.433648 0.178022 0.358729 0.015701 0.013900
0 0 0.447712 0.142358 0.382369 0.017581 0.009980
0 0 0.403046 0.338581 0.196804 0.009798 0.051771
0 0 0.830697 0.069272 0.039272 0.022485 0.038275
4 0 0.181293 0.213851 0.085319 0.004952 0.514585
1 0 0.162969 0.388904 0.165208 0.005081 0.277839
2 1 0.009636 0.235792 0.666831 0.004920 0.082822
2 2 0.000655 0.113590 0.870470 0.000325 0.014961
2 2 0.000017 0.021467 0.977170 0.000278 0.001068
2 2 0.000766 0.233649 0.732817 0.000151 0.032616
1 2 0.008169 0.368828 0.275599 0.006367 0.341037
1 2 0.016902 0.443104 0.297581 0.000381 0.242032
2 2 0.006039 0.340451 0.481403 0.000145 0.171962
2 2 0.000004 0.012600 0.986929 0.000025 0.000443
2 2 0.000001 0.004163 0.995519 0.000093 0.000223
2 2 0.000000 0.000385 0.998943 0.000666 0.000006
2 2 0.000000 0.000433 0.999527 0.000027 0.000013
2 2 0.000001 0.000847 0.999009 0.000065 0.000078
2 2 0.000038 0.006283 0.991472 0.001566 0.000641
2 2 0.000002 0.003057 0.996484 0.000123 0.000334
2 2 0.000007 0.003862 0.995892 0.000046 0.000194
2 2 0.000003 0.001121 0.998738 0.000099 0.000038
2 2 0.000022 0.006974 0.992673 0.000106 0.000225
2 2 0.000040 0.015246 0.982846 0.000166 0.001703
2 2 0.000007 0.006419 0.992664 0.000123 0.000787
2 2 0.000025 0.006999 0.992015 0.000318 0.000643
2 2 0.000062 0.014336 0.984884 0.000094 0.000624
2 2 0.000128 0.013855 0.984653 0.000221 0.001143
2 2 0.000002 0.001432 0.997139 0.001405 0.000023
2 2 0.000296 0.024601 0.972837 0.001581 0.000685
2 2 0.000223 0.034070 0.963212 0.001642 0.000853
2 2 0.000022 0.005467 0.992759 0.001657 0.000094
2 2 0.000015 0.001098 0.985811 0.013046 0.000031
2 2 0.000005 0.001533 0.997937 0.000494 0.000031
2 2 0.000002 0.001102 0.998852 0.000035 0.000009
2 2 0.000002 0.000780 0.999036 0.000175 0.000007
2 2 0.000010 0.003622 0.994127 0.002032 0.000209
2 2 0.000012 0.003259 0.994455 0.002040 0.000234
2 2 0.000006 0.002834 0.996397 0.000726 0.000038
2 2 0.000031 0.002545 0.996619 0.000782 0.000024
2 2 0.000003 0.001068 0.996053 0.002862 0.000014
2 2 0.000018 0.002626 0.996201 0.001130 0.000026
2 2 0.001579 0.016426 0.968350 0.013040 0.000605
2 2 0.030871 0.335455 0.580719 0.010303 0.042653
2 2 0.089614 0.313421 0.534365 0.025667 0.036933
1 0 0.346965 0.373563 0.232702 0.007122 0.039649
0 0 0.455657 0.304813 0.150744 0.018404 0.070381
1 0 0.015570 0.599673 0.365702 0.000240 0.018815
2 1 0.000788 0.133688 0.848172 0.000039 0.017313
2 2 0.002612 0.279010 0.683026 0.000214 0.035138
2 2 0.000080 0.050233 0.945956 0.000916 0.002815
2 2 0.000017 0.014179 0.983317 0.000160 0.002328
2 2 0.000999 0.018003 0.979672 0.000773 0.000553
0 2 0.405914 0.299222 0.244130 0.007721 0.043014
0 0 0.819661 0.088030 0.062331 0.014818 0.015160
0 0 0.664103 0.178010 0.120780 0.012347 0.024760
0 0 0.762880 0.092801 0.059588 0.030337 0.054393
0 0 0.725782 0.139458 0.089372 0.014972 0.030415
0 0 0.933995 0.023684 0.016990 0.018739 0.006591
0 0 0.952594 0.015706 0.012397 0.015342 0.003961
0 0 0.909556 0.020994 0.019169 0.044662 0.005618
0 0 0.853837 0.041914 0.032021 0.058887 0.013341
0 0 0.488817 0.092088 0.119398 0.264828 0.034869
0 0 0.736092 0.121297 0.059079 0.035502 0.048031
1 0 0.036671 0.514886 0.380437 0.000513 0.067493
0 0 0.870678 0.059465 0.043080 0.015449 0.011329
0 0 0.907684 0.035527 0.023143 0.022728 0.010919
0 0 0.791539 0.102196 0.064225 0.019476 0.022564
0 0 0.472090 0.164259 0.284904 0.047242 0.031505
0 0 0.772918 0.064518 0.102530 0.032871 0.027163
0 0 0.940911 0.021186 0.015930 0.014281 0.007691
0 0 0.924431 0.032059 0.027518 0.011017 0.004975
0 0 0.824738 0.083616 0.076953 0.007323 0.007370
0 0 0.934835 0.023602 0.017172 0.018052 0.006338
0 0 0.879627 0.052731 0.035457 0.019379 0.012807
0 0 0.703627 0.148855 0.085695 0.019025 0.042797
0 0 0.823680 0.074169 0.040814 0.026534 0.034803
0 0 0.651301 0.184822 0.106908 0.018626 0.038343
1 0 0.325402 0.373506 0.185430 0.010226 0.105436
0 0 0.615644 0.098842 0.055262 0.007700 0.222552
4 0 0.390209 0.116003 0.055571 0.006053 0.432165
4 0 0.407727 0.102015 0.051396 0.005096 0.433766
0 0 0.433334 0.226168 0.096885 0.016636 0.226977
0 0 0.751610 0.108506 0.053616 0.031717 0.054551
0 0 0.778789 0.085946 0.046803 0.019270 0.069192
0 0 0.824873 0.059167 0.036597 0.011720 0.067643
0 0 0.856250 0.059754 0.034231 0.028802 0.020962
0 0 0.551917 0.233556 0.137671 0.011467 0.065390
0 0 0.564308 0.124305 0.084341 0.003349 0.223696
0 0 0.722622 0.065693 0.176857 0.020830 0.013998
0 0 0.889203 0.032075 0.025189 0.043988 0.009546
0 0 0.946566 0.018245 0.013911 0.016510 0.004769
0 0 0.810223 0.063637 0.043807 0.029060 0.053274
0 0 0.865234 0.039260 0.027665 0.007192 0.060649
0 0 0.891388 0.041810 0.027217 0.016116 0.023469
0 0 0.758503 0.067536 0.048626 0.010736 0.114599
0 0 0.851612 0.062529 0.051674 0.021118 0.013067
0 0 0.802820 0.089115 0.048702 0.029367 0.029997
0 0 0.757940 0.107531 0.052772 0.035505 0.046251
0 0 0.610963 0.144105 0.080238 0.009912 0.154782
0 0 0.709227 0.077888 0.045338 0.008751 0.158795
0 0 0.882390 0.049090 0.034429 0.012806 0.021283
0 0 0.797659 0.067345 0.055705 0.062707 0.016584
0 0 0.830433 0.062553 0.040244 0.032419 0.034350
0 0 0.956969 0.014547 0.011984 0.011388 0.005113
0 0 0.954230 0.015570 0.012552 0.012537 0.005111
0 0 0.418739 0.188378 0.077000 0.016238 0.299645
0 0 0.520890 0.201348 0.082784 0.027814 0.167164
0 0 0.889496 0.046927 0.032436 0.015835 0.015305
0 0 0.957786 0.014151 0.011935 0.013010 0.003118
0 0 0.901500 0.036927 0.024986 0.013892 0.022694
0 0 0.894769 0.030516 0.022959 0.006291 0.045465
0 0 0.779499 0.050842 0.034044 0.005701 0.129914
0 0 0.707938 0.060575 0.038539 0.005398 0.187550
0 0 0.750554 0.057005 0.039215 0.007963 0.145262
0 0 0.751940 0.079822 0.055813 0.015909 0.096516
0 0 0.771847 0.076507 0.044059 0.012883 0.094704
0 0 0.464257 0.087317 0.047307 0.004549 0.396570
0 0 0.835206 0.042426 0.029679 0.006091 0.086598
0 0 0.801354 0.056361 0.036076 0.008220 0.097988
0 0 0.602100 0.140392 0.065933 0.018010 0.173565
0 0 0.528517 0.103828 0.054004 0.007357 0.306294
4 0 0.118981 0.059413 0.027520 0.001015 0.793072
4 0 0.162581 0.042706 0.024328 0.000821 0.769563
0 0 0.620837 0.064651 0.040089 0.004328 0.270095
0 0 0.758261 0.066801 0.040749 0.008551 0.125639
0 0 0.539166 0.124237 0.060806 0.010650 0.265141
4 0 0.233336 0.237680 0.111906 0.004001 0.413077
0 0 0.932503 0.026488 0.020851 0.014562 0.005596
0 0 0.765971 0.103985 0.051383 0.036187 0.042474
0 0 0.721119 0.058800 0.037765 0.005437 0.176879
0 0 0.431201 0.141200 0.287514 0.029262 0.110822
0 0 0.737246 0.091902 0.131174 0.026312 0.013366
0 0 0.930355 0.025290 0.017864 0.019340 0.007151
0 0 0.742342 0.130176 0.077907 0.020266 0.029309
0 0 0.738456 0.092997 0.050175 0.015811 0.102561
4 0 0.278706 0.128014 0.055715 0.005357 0.532207
4 0 0.147095 0.128430 0.062495 0.001390 0.660589
4 0 0.161221 0.128447 0.049747 0.003865 0.656720
4 0 0.151105 0.165577 0.067003 0.003254 0.613061
4 1 0.033379 0.236875 0.136516 0.000239 0.592990
1 1 0.012299 0.415457 0.297477 0.000211 0.274556
1 1 0.002603 0.430701 0.413278 0.000006 0.153412
2 1 0.000248 0.287879 0.510139 0.000145 0.201589
1 1 0.013186 0.415230 0.408776 0.002282 0.160526
1 1 0.037959 0.348951 0.326236 0.007006 0.279848
1 1 0.211456 0.405118 0.160996 0.010518 0.211911
4 1 0.093850 0.327686 0.156736 0.001259 0.420469
2 1 0.000088 0.060723 0.917672 0.000028 0.021489
2 1 0.000011 0.022260 0.968715 0.000018 0.008996
2 1 0.005438 0.332207 0.383012 0.000008 0.279336
4 1 0.045428 0.197685 0.105534 0.000240 0.651113
0 1 0.725079 0.113338 0.056296 0.025020 0.080267
0 0 0.553633 0.214642 0.193180 0.011150 0.027394
1 0 0.315164 0.342737 0.200530 0.028085 0.113484
0 0 0.578270 0.163877 0.073653 0.021673 0.162527
1 0 0.152805 0.416547 0.197510 0.003358 0.229781
4 1 0.047015 0.269559 0.147187 0.000267 0.535971
2 2 0.016824 0.271955 0.645748 0.001739 0.063733
1 2 0.037606 0.470467 0.401509 0.001129 0.089289
1 2 0.006220 0.519470 0.404527 0.000070 0.069713
2 2 0.000033 0.090063 0.880416 0.000747 0.028740
2 2 0.000003 0.006353 0.991373 0.000387 0.001884
2 2 0.000003 0.010263 0.985080 0.001356 0.003298
2 2 0.000009 0.027775 0.965158 0.000005 0.007052
2 2 0.000015 0.062842 0.915028 0.000409 0.021706
2 2 0.000017 0.045201 0.945683 0.000035 0.009064
2 2 0.000025 0.028497 0.957877 0.000136 0.013465
2 2 0.000173 0.095091 0.866339 0.000009 0.038388
2 2 0.000663 0.156437 0.823444 0.000010 0.019446
1 2 0.042058 0.528066 0.294712 0.000465 0.134700
1 2 0.004574 0.499461 0.410194 0.000251 0.085520
2 2 0.000793 0.165046 0.773116 0.000451 0.060594
2 2 0.000015 0.020784 0.976257 0.000268 0.002677
2 2 0.003204 0.150383 0.791248 0.000607 0.054558
1 2 0.015534 0.549092 0.362849 0.000091 0.072434
1 2 0.012700 0.471253 0.458009 0.000145 0.057893
2 2 0.006375 0.272440 0.617148 0.000659 0.103378
2 2 0.000164 0.050448 0.943147 0.000058 0.006183
2 2 0.000055 0.024355 0.974434 0.000017 0.001139
2 2 0.000150 0.059350 0.935298 0.000035 0.005167
2 2 0.001662 0.260176 0.707455 0.000089 0.030617
2 2 0.001537 0.185501 0.795961 0.000055 0.016946
2 2 0.006359 0.360636 0.568367 0.000272 0.064366
2 2 0.000040 0.024050 0.975621 0.000052 0.000237
2 2 0.000001 0.000892 0.999099 0.000003 0.000005
2 2 0.000003 0.002408 0.997526 0.000003 0.000060
2 2 0.000062 0.002882 0.996886 0.000031 0.000139
2 2 0.000003 0.001033 0.998826 0.000108 0.000031
2 2 0.000007 0.003227 0.996636 0.000020 0.000110
2 2 0.000001 0.001636 0.998216 0.000023 0.000124
2 2 0.000009 0.003407 0.995977 0.000029 0.000578
2 2 0.000025 0.001431 0.997502 0.000972 0.000070
2 2 0.001706 0.011188 0.982535 0.003944 0.000626
2 0 0.225714 0.329194 0.339000 0.046065 0.060028
2 0 0.216082 0.314309 0.382488 0.039223 0.047898
0 0 0.420064 0.222524 0.094759 0.041552 0.221101
1 0 0.146492 0.383241 0.177222 0.004546 0.288500
4 1 0.019373 0.357901 0.237047 0.000104 0.385575
2 1 0.002770 0.357054 0.481714 0.000043 0.158419
2 1 0.001125 0.084923 0.893241 0.000165 0.020546
2 1 0.000018 0.016636 0.980859 0.000009 0.002478
2 2 0.000090 0.029752 0.966375 0.000032 0.003751
2 2 0.000041 0.035377 0.957223 0.000142 0.007217
2 2 0.000168 0.075758 0.912200 0.000017 0.011857
2 2 0.000002 0.003102 0.996661 0.000018 0.000217
2 2 0.000004 0.002351 0.997477 0.000040 0.000127
2 2 0.000005 0.002512 0.996731 0.000065 0.000686
1 2 0.074196 0.537709 0.363812 0.001010 0.023272
0 0 0.367872 0.365386 0.198005 0.011137 0.057600
1 0 0.123468 0.542546 0.259439 0.004556 0.069991
4 1 0.174705 0.310225 0.128653 0.005028 0.381388
1 1 0.019731 0.500291 0.353069 0.001198 0.125711
2 1 0.015216 0.370186 0.525525 0.000349 0.088725
1 1 0.022473 0.518988 0.356805 0.000186 0.101548
1 1 0.053907 0.579410 0.297087 0.001243 0.068352
1 1 0.003807 0.518784 0.428952 0.000193 0.048263
2 2 0.000618 0.083634 0.897606 0.000141 0.018001
2 2 0.000000 0.000177 0.999717 0.000099 0.000007
2 2 0.000001 0.000800 0.998866 0.000283 0.000049
2 2 0.000004 0.003259 0.996500 0.000078 0.000159
2 2 0.000007 0.001637 0.998288 0.000033 0.000034
2 2 0.000000 0.000658 0.999327 0.000008 0.000007
2 2 0.000003 0.000397 0.999548 0.000049 0.000003
2 2 0.000001 0.000330 0.999404 0.000264 0.000001
2 2 0.000016 0.000924 0.998788 0.000267 0.000005
2 2 0.000001 0.000186 0.999480 0.000333 0.000001
2 2 0.000010 0.000214 0.999570 0.000203 0.000002
2 2 0.000000 0.000236 0.999523 0.000239 0.000002
2 2 0.000000 0.000076 0.999648 0.000275 0.000000
2 2 0.000005 0.000322 0.999491 0.000172 0.000009
2 2 0.000529 0.009304 0.986755 0.002479 0.000932
2 2 0.034375 0.119107 0.821818 0.003924 0.020776
0 1 0.389938 0.339056 0.165724 0.014362 0.090920
1 1 0.083773 0.575217 0.269101 0.003106 0.068804
1 1 0.044941 0.480069 0.268496 0.000403 0.206091
1 1 0.007996 0.454016 0.450571 0.000035 0.087382
2 2 0.001244 0.198287 0.714527 0.000009 0.085934
1 2 0.013171 0.381570 0.333996 0.000040 0.271223
1 2 0.011310 0.469158 0.344070 0.000026 0.175435
1 2 0.007226 0.447973 0.356329 0.000029 0.188443
2 2 0.013751 0.084042 0.895046 0.002782 0.004379
2 2 0.004259 0.063156 0.920371 0.006408 0.005806
1 2 0.216722 0.469071 0.244092 0.006746 0.063369
1 2 0.022491 0.580394 0.348355 0.000259 0.048500
2 2 0.002727 0.406852 0.575517 0.000077 0.014827
2 2 0.000004 0.008926 0.990022 0.000298 0.000750
2 2 0.000025 0.005266 0.993591 0.000896 0.000222
2 2 0.000002 0.002152 0.997652 0.000140 0.000055
2 2 0.000002 0.000568 0.999320 0.000105 0.000005
2 2 0.000000 0.000134 0.999843 0.000023 0.000000
2 2 0.000000 0.000307 0.999674 0.000017 0.000002
2 2 0.000030 0.000686 0.996457 0.002817 0.000010
2 2 0.001024 0.018583 0.977610 0.002364 0.000419
