0 0 0.398003 0.102543 0.367458 0.007937 0.124059
0 0 0.685528 0.064285 0.067362 0.001679 0.181146
0 0 0.534004 0.101335 0.198902 0.040539 0.125221
0 0 0.800065 0.120224 0.030196 0.001246 0.048271
0 0 0.963241 0.027628 0.002944 0.000006 0.006181
0 0 0.978449 0.016704 0.003005 0.000004 0.001837
0 0 0.967005 0.024126 0.005730 0.000017 0.003122
0 0 0.980222 0.015826 0.002263 0.000002 0.001686
0 0 0.930137 0.047708 0.013725 0.000136 0.008294
0 0 0.967992 0.024798 0.004009 0.000009 0.003191
0 0 0.942444 0.044884 0.005344 0.000026 0.007302
0 0 0.982063 0.015367 0.001005 0.000001 0.001565
0 0 0.958716 0.031235 0.005586 0.000020 0.004443
0 0 0.875410 0.068969 0.033513 0.000519 0.021590
2 1 0.034153 0.068285 0.883994 0.001630 0.011938
2 1 0.001798 0.020199 0.946929 0.001356 0.029717
2 1 0.000168 0.002323 0.990304 0.001095 0.006109
2 1 0.000444 0.006058 0.983049 0.000261 0.010188
2 1 0.006950 0.033085 0.883715 0.009830 0.066420
2 1 0.057393 0.055623 0.787556 0.008189 0.091239
0 1 0.496004 0.118456 0.273783 0.011079 0.100678
0 1 0.499042 0.053004 0.152517 0.001948 0.293488
4 1 0.015793 0.037991 0.277442 0.000313 0.668461
2 1 0.074304 0.038834 0.819319 0.015217 0.052326
2 1 0.082703 0.076278 0.815703 0.003486 0.021829
0 1 0.665718 0.096861 0.126730 0.000676 0.110015
4 1 0.168221 0.169095 0.161680 0.000152 0.500851
2 1 0.004044 0.081155 0.630313 0.001046 0.283442
4 4 0.006666 0.097128 0.423919 0.000641 0.471646
2 4 0.015826 0.098895 0.628406 0.001372 0.255501
4 4 0.281695 0.069105 0.184047 0.007399 0.457754
4 4 0.134071 0.061306 0.086700 0.005306 0.712617
4 4 0.337507 0.106301 0.046248 0.001312 0.508632
0 4 0.797707 0.094842 0.026780 0.000699 0.079973
0 4 0.528583 0.117270 0.229799 0.072201 0.052147
0 4 0.554153 0.111830 0.192271 0.041750 0.099997
4 4 0.264737 0.099646 0.035323 0.000157 0.600137
2 4 0.054358 0.146773 0.647175 0.000308 0.151385
2 4 0.010590 0.071383 0.681732 0.011409 0.224886
2 4 0.014281 0.078459 0.776180 0.005081 0.125999
2 4 0.006215 0.210731 0.511168 0.000035 0.271851
2 4 0.009735 0.116767 0.495353 0.000038 0.378107
2 4 0.012954 0.082066 0.794738 0.000804 0.109437
2 4 0.070555 0.064704 0.824773 0.018453 0.021514
0 4 0.365928 0.208495 0.182651 0.000955 0.241970
4 4 0.181944 0.101551 0.124702 0.002704 0.589098
4 4 0.033425 0.092623 0.083925 0.000045 0.789983
2 4 0.269848 0.152628 0.391840 0.002202 0.183482
0 4 0.409157 0.185340 0.188897 0.000525 0.216082
0 4 0.875821 0.070353 0.024720 0.000333 0.028773
2 4 0.013140 0.045043 0.915940 0.001675 0.024202
2 4 0.009372 0.055592 0.896797 0.002139 0.036100
2 4 0.001447 0.069749 0.844390 0.003838 0.080577
2 4 0.002882 0.044994 0.558129 0.013389 0.380606
4 4 0.002567 0.055170 0.406191 0.007609 0.528464
2 4 0.001215 0.045295 0.641785 0.012976 0.298729
2 4 0.002819 0.032665 0.776591 0.030362 0.157562
2 4 0.020527 0.127224 0.618125 0.007446 0.226678
2 4 0.031748 0.134146 0.669210 0.029026 0.135870
2 4 0.135279 0.343853 0.436099 0.001943 0.082825
2 4 0.011275 0.100263 0.461713 0.000338 0.426411
4 4 0.004887 0.069519 0.196915 0.000170 0.728509
4 4 0.008087 0.063522 0.382718 0.000395 0.545279
2 4 0.019436 0.095049 0.527489 0.000733 0.357292
2 4 0.003688 0.037706 0.945725 0.000210 0.012671
2 4 0.096772 0.356130 0.403635 0.000026 0.143437
0 4 0.472251 0.247771 0.218683 0.000327 0.060969
2 4 0.011738 0.088172 0.854956 0.000863 0.044271
2 4 0.011041 0.042579 0.815588 0.031255 0.099536
2 4 0.005516 0.029058 0.902420 0.001899 0.061106
2 4 0.014854 0.015553 0.954759 0.012805 0.002028
2 4 0.161985 0.043620 0.786378 0.004544 0.003473
2 4 0.309347 0.163415 0.513986 0.001765 0.011487
2 4 0.085964 0.056927 0.841404 0.011124 0.004582
2 4 0.353969 0.147123 0.489757 0.000825 0.008327
2 4 0.061018 0.170569 0.759479 0.001142 0.007792
2 4 0.030147 0.085313 0.879292 0.001611 0.003637
2 4 0.028509 0.065879 0.869335 0.029591 0.006686
2 4 0.028991 0.024288 0.926702 0.009495 0.010525
2 4 0.052094 0.038910 0.859559 0.039133 0.010304
2 4 0.059592 0.055144 0.655138 0.217765 0.012361
2 2 0.249049 0.033641 0.444019 0.263198 0.010093
0 2 0.483580 0.050334 0.358727 0.094093 0.013266
0 2 0.935025 0.030878 0.029716 0.000231 0.004151
0 2 0.482790 0.112436 0.389649 0.003773 0.011352
0 2 0.685972 0.127124 0.174403 0.000727 0.011775
2 2 0.029643 0.033245 0.901330 0.032262 0.003520
2 2 0.317362 0.058959 0.604473 0.012819 0.006387
3 2 0.005601 0.002234 0.187334 0.803993 0.000838
2 2 0.012586 0.012888 0.765342 0.207153 0.002030
2 2 0.001021 0.002436 0.832262 0.163767 0.000513
2 2 0.082568 0.086261 0.822931 0.001688 0.006553
2 2 0.013485 0.022561 0.952884 0.009759 0.001311
2 2 0.007812 0.009652 0.873825 0.107621 0.001090
2 2 0.002076 0.006299 0.798932 0.191915 0.000778
2 2 0.001035 0.004265 0.836752 0.157474 0.000475
2 2 0.001253 0.001824 0.876136 0.120629 0.000158
2 2 0.000226 0.001050 0.864337 0.134308 0.000079
2 2 0.000332 0.000796 0.899358 0.099461 0.000053
2 2 0.003031 0.004879 0.970361 0.021453 0.000276
2 2 0.000221 0.000743 0.850605 0.148375 0.000056
2 2 0.000086 0.000587 0.605195 0.394067 0.000065
2 2 0.000188 0.000793 0.715771 0.283170 0.000079
2 2 0.004854 0.014313 0.889873 0.089432 0.001528
3 2 0.001842 0.003064 0.455292 0.539170 0.000631
3 2 0.000039 0.000156 0.119214 0.880552 0.000040
3 2 0.000671 0.000905 0.392507 0.605747 0.000170
2 2 0.000061 0.000170 0.704940 0.294815 0.000014
2 2 0.000010 0.000067 0.541004 0.458914 0.000006
3 2 0.000072 0.000110 0.216528 0.783271 0.000020
3 2 0.000126 0.000566 0.336309 0.662898 0.000100
3 2 0.000209 0.000380 0.091834 0.907438 0.000139
3 2 0.000084 0.000171 0.057912 0.941764 0.000068
3 2 0.000023 0.000084 0.049678 0.950184 0.000031
3 2 0.000104 0.000354 0.076621 0.922786 0.000134
3 2 0.002667 0.007620 0.444808 0.542890 0.002015
2 2 0.006131 0.026934 0.946088 0.018977 0.001870
2 2 0.009567 0.037091 0.901088 0.047986 0.004267
2 2 0.001270 0.003677 0.988189 0.006733 0.000131
2 2 0.001581 0.002943 0.994493 0.000927 0.000056
2 2 0.001494 0.003649 0.850381 0.144108 0.000369
2 2 0.001448 0.002779 0.826401 0.169081 0.000290
2 2 0.001644 0.002275 0.709795 0.285989 0.000297
2 2 0.009515 0.006671 0.805225 0.177697 0.000893
2 2 0.001596 0.007599 0.916521 0.073632 0.000652
2 2 0.000213 0.001878 0.908306 0.089471 0.000132
2 2 0.000822 0.002675 0.938146 0.058177 0.000180
2 2 0.000466 0.001273 0.838101 0.160049 0.000111
3 2 0.000409 0.000794 0.279359 0.719261 0.000177
3 2 0.000669 0.001334 0.316634 0.681062 0.000301
2 2 0.000295 0.000815 0.815930 0.182891 0.000069
3 2 0.001097 0.003055 0.421664 0.573540 0.000643
3 2 0.000181 0.001359 0.398585 0.599632 0.000242
3 2 0.000097 0.000321 0.072543 0.926916 0.000123
3 2 0.000129 0.000472 0.175749 0.823529 0.000121
3 2 0.000085 0.000242 0.112470 0.887132 0.000071
3 2 0.000282 0.000302 0.055858 0.943416 0.000142
3 2 0.000528 0.000228 0.044261 0.954862 0.000122
3 2 0.000151 0.000137 0.038325 0.961319 0.000068
3 2 0.006910 0.003790 0.353143 0.635117 0.001040
3 2 0.000371 0.001087 0.288411 0.709866 0.000265
3 2 0.000486 0.000778 0.120926 0.877528 0.000281
3 2 0.000045 0.000141 0.051894 0.947864 0.000056
3 2 0.000648 0.000344 0.043701 0.955111 0.000196
3 2 0.000220 0.000408 0.082609 0.916604 0.000159
3 2 0.001253 0.000892 0.198865 0.798725 0.000265
3 2 0.000013 0.000028 0.023035 0.976911 0.000013
3 2 0.000042 0.000161 0.133082 0.866676 0.000039
3 2 0.000812 0.001087 0.183474 0.814291 0.000336
3 3 0.000237 0.000460 0.148649 0.850520 0.000134
3 3 0.002566 0.001080 0.086380 0.909198 0.000777
2 2 0.031439 0.012663 0.708343 0.242761 0.004793
2 2 0.438845 0.079943 0.461349 0.002875 0.016988
2 1 0.170264 0.090742 0.703191 0.003197 0.032607
2 1 0.012456 0.022751 0.943303 0.018314 0.003176
2 1 0.002504 0.005043 0.748111 0.243472 0.000870
2 1 0.000269 0.001823 0.955874 0.041891 0.000143
2 1 0.001271 0.012452 0.967618 0.016136 0.002524
2 1 0.005376 0.011481 0.974885 0.007073 0.001184
2 1 0.007939 0.014395 0.953479 0.023179 0.001008
2 1 0.009831 0.012144 0.932415 0.043306 0.002305
2 1 0.000724 0.003048 0.930502 0.065490 0.000235
2 1 0.002842 0.005402 0.832148 0.158858 0.000749
2 1 0.006460 0.009656 0.960271 0.022948 0.000666
2 1 0.006980 0.008966 0.960788 0.022680 0.000585
2 1 0.009969 0.019007 0.946315 0.023310 0.001400
2 1 0.003905 0.010086 0.943058 0.042162 0.000788
2 1 0.006540 0.009995 0.902485 0.079975 0.001005
2 1 0.003418 0.008447 0.917058 0.070224 0.000852
2 1 0.011670 0.006914 0.894111 0.084806 0.002499
2 1 0.000378 0.001178 0.950200 0.047528 0.000717
2 1 0.006540 0.013908 0.966963 0.005879 0.006710
2 1 0.011942 0.012116 0.900832 0.072259 0.002851
2 1 0.000897 0.003975 0.984715 0.010081 0.000332
2 1 0.003278 0.006780 0.962956 0.026557 0.000428
2 1 0.004611 0.022804 0.967886 0.003704 0.000995
2 1 0.039585 0.066755 0.887839 0.002251 0.003570
2 1 0.007312 0.013644 0.967158 0.010073 0.001813
2 1 0.007734 0.016193 0.963039 0.011075 0.001959
2 1 0.011601 0.017887 0.912004 0.055648 0.002860
2 1 0.004006 0.012664 0.979467 0.001715 0.002148
2 1 0.048057 0.042364 0.884672 0.020372 0.004534
0 0 0.847885 0.088342 0.054369 0.000187 0.009216
0 0 0.650112 0.097630 0.234605 0.004371 0.013282
2 0 0.257648 0.109687 0.614806 0.007395 0.010463
0 0 0.662962 0.071253 0.257256 0.001770 0.006760
0 0 0.924933 0.032090 0.037371 0.000544 0.005061
0 0 0.953036 0.026229 0.016938 0.000116 0.003680
0 0 0.867552 0.037633 0.085393 0.002752 0.006671
0 0 0.934819 0.039546 0.011738 0.000077 0.013820
2 0 0.310216 0.056000 0.622042 0.006858 0.004885
0 0 0.844925 0.055398 0.087878 0.002287 0.009512
0 0 0.971775 0.018897 0.007052 0.000020 0.002256
0 0 0.900084 0.070651 0.014690 0.000218 0.014357
0 0 0.902856 0.062784 0.021566 0.000379 0.012415
0 0 0.957301 0.031357 0.006807 0.000028 0.004506
0 0 0.922521 0.042762 0.024698 0.000323 0.009697
0 0 0.806179 0.075142 0.094708 0.006341 0.017630
0 0 0.747737 0.125003 0.063786 0.004966 0.058508
0 0 0.921355 0.038973 0.007263 0.000029 0.032379
0 0 0.925126 0.049291 0.016630 0.000194 0.008758
0 0 0.950604 0.035869 0.008026 0.000042 0.005460
0 0 0.915123 0.037746 0.040071 0.000707 0.006353
0 0 0.906287 0.046419 0.026325 0.000351 0.020618
0 0 0.922114 0.058806 0.008194 0.000068 0.010818
0 0 0.918606 0.056991 0.012524 0.000134 0.011745
0 0 0.924321 0.057326 0.007869 0.000062 0.010423
0 0 0.938598 0.044803 0.007558 0.000045 0.008996
0 0 0.961607 0.026803 0.008302 0.000004 0.003285
0 0 0.941453 0.035600 0.020871 0.000004 0.002072
0 0 0.813450 0.041346 0.135011 0.003716 0.006476
0 0 0.780106 0.052516 0.145797 0.010396 0.011185
0 0 0.886011 0.054094 0.011945 0.000095 0.047855
0 0 0.936003 0.035067 0.005795 0.000019 0.023116
0 0 0.914028 0.047012 0.008772 0.000050 0.030137
0 0 0.881483 0.046739 0.035049 0.000541 0.036188
0 0 0.962475 0.021650 0.002824 0.000004 0.013047
0 0 0.957189 0.029567 0.003638 0.000008 0.009598
0 0 0.944843 0.038854 0.007036 0.000034 0.009233
0 0 0.947951 0.040993 0.004634 0.000019 0.006403
0 0 0.960707 0.021908 0.003094 0.000004 0.014287
0 0 0.973262 0.020703 0.003548 0.000007 0.002480
0 0 0.935168 0.038884 0.019382 0.000205 0.006362
0 0 0.886605 0.058047 0.029622 0.000104 0.025622
0 0 0.545851 0.123960 0.193448 0.000426 0.136316
0 0 0.660381 0.055524 0.252117 0.002283 0.029694
2 1 0.044653 0.028059 0.915260 0.002168 0.009860
2 1 0.001959 0.016496 0.956856 0.000916 0.023774
2 1 0.000221 0.017563 0.911892 0.005677 0.064647
2 1 0.000667 0.034322 0.766729 0.003911 0.194371
4 1 0.243018 0.138072 0.228507 0.000851 0.389551
0 1 0.353971 0.154411 0.163676 0.002337 0.325605
2 1 0.009707 0.113078 0.563087 0.000664 0.313464
2 1 0.002738 0.026084 0.818814 0.093254 0.059111
2 1 0.006888 0.096652 0.835111 0.001746 0.059603
2 1 0.308333 0.160770 0.504722 0.003738 0.022437
2 1 0.232953 0.109344 0.652888 0.000496 0.004319
0 1 0.662100 0.067285 0.215442 0.000360 0.054814
2 1 0.139357 0.106756 0.589733 0.000322 0.163833
4 1 0.052131 0.169627 0.349007 0.002606 0.426629
2 1 0.206217 0.079489 0.661162 0.022236 0.030897
0 1 0.647086 0.073699 0.217959 0.010839 0.050417
0 1 0.849398 0.072712 0.013831 0.000068 0.063992
2 1 0.263038 0.109065 0.615594 0.001534 0.010769
2 1 0.003713 0.012054 0.980904 0.002292 0.001038
2 1 0.001117 0.005089 0.988142 0.004776 0.000876
2 1 0.009918 0.021642 0.960891 0.000308 0.007241
2 1 0.002516 0.032627 0.905124 0.000164 0.059569
2 1 0.002866 0.062681 0.477539 0.001084 0.455830
4 1 0.006093 0.082892 0.381779 0.005577 0.523660
2 1 0.022408 0.093299 0.742703 0.001014 0.140576
2 1 0.016061 0.087454 0.747080 0.001170 0.148236
2 1 0.035563 0.091012 0.546861 0.003851 0.322713
2 1 0.012047 0.063165 0.475120 0.002357 0.447311
2 1 0.004002 0.025026 0.959980 0.000812 0.010180
2 1 0.008154 0.073095 0.885005 0.000809 0.032937
2 1 0.000224 0.022584 0.962561 0.000260 0.014372
2 1 0.000014 0.003575 0.986825 0.003481 0.006104
2 1 0.000097 0.010124 0.976448 0.001216 0.012115
2 1 0.004831 0.066608 0.684754 0.000159 0.243648
0 1 0.491637 0.114638 0.366981 0.002960 0.023784
1 1 0.060857 0.416047 0.345058 0.000223 0.177816
2 1 0.000646 0.054529 0.730965 0.000363 0.213496
2 1 0.002305 0.044073 0.848251 0.038165 0.067207
2 1 0.000945 0.030820 0.916691 0.002476 0.049068
2 1 0.002597 0.044951 0.887612 0.004614 0.060227
2 1 0.008054 0.061535 0.781194 0.012175 0.137042
2 1 0.018136 0.033381 0.923004 0.003318 0.022161
2 1 0.001460 0.022694 0.973870 0.000432 0.001544
2 1 0.009053 0.019575 0.960217 0.008788 0.002366
2 1 0.050220 0.063150 0.871605 0.007928 0.007097
2 1 0.312239 0.140501 0.507337 0.019263 0.020660
2 1 0.202838 0.103813 0.658129 0.022035 0.013185
0 0 0.786808 0.069141 0.098374 0.005527 0.040150
0 0 0.849873 0.055131 0.080225 0.003456 0.011315
2 1 0.115566 0.050501 0.769766 0.057040 0.007127
2 1 0.162604 0.158498 0.621495 0.004420 0.052983
0 1 0.820645 0.085370 0.074245 0.000151 0.019589
0 0 0.905466 0.052363 0.031694 0.000627 0.009851
0 0 0.943631 0.038460 0.011708 0.000085 0.006115
0 0 0.957181 0.032436 0.005679 0.000021 0.004682
0 0 0.985680 0.012327 0.000843 0.000000 0.001150
0 0 0.966329 0.015055 0.006225 0.000009 0.012381
0 0 0.932417 0.026539 0.004887 0.000010 0.036148
0 0 0.921527 0.028204 0.005602 0.000013 0.044653
0 0 0.977345 0.014558 0.001472 0.000001 0.006624
0 0 0.773502 0.066618 0.133483 0.010956 0.015441
0 0 0.917632 0.059728 0.011301 0.000119 0.011220
0 0 0.885820 0.062044 0.038495 0.001030 0.012611
0 0 0.821573 0.079651 0.075606 0.004409 0.018760
0 0 0.968580 0.019929 0.002309 0.000002 0.009179
0 0 0.981081 0.013628 0.001181 0.000001 0.004109
0 0 0.912682 0.036747 0.035758 0.000489 0.014324
0 0 0.951432 0.030653 0.006067 0.000019 0.011830
0 0 0.917417 0.053326 0.017362 0.000218 0.011678
0 0 0.952478 0.033626 0.005550 0.000019 0.008326
0 0 0.973562 0.012186 0.001479 0.000001 0.012773
0 0 0.953351 0.024580 0.006682 0.000017 0.015371
0 0 0.913642 0.041292 0.009007 0.000045 0.036015
0 0 0.960526 0.016220 0.002370 0.000002 0.020882
0 0 0.952394 0.031678 0.006826 0.000026 0.009077
0 0 0.969737 0.024985 0.002137 0.000003 0.003138
0 0 0.980033 0.014692 0.002572 0.000003 0.002700
0 0 0.909485 0.029225 0.053950 0.000431 0.006909
0 0 0.913851 0.054548 0.021082 0.000320 0.010199
0 0 0.949254 0.034616 0.010791 0.000068 0.005271
0 0 0.973645 0.021988 0.001752 0.000002 0.002613
0 0 0.964738 0.026045 0.005733 0.000018 0.003467
0 0 0.965107 0.024966 0.006686 0.000021 0.003220
0 0 0.899421 0.059252 0.031998 0.000124 0.009206
0 0 0.487102 0.084544 0.052048 0.000435 0.375872
0 0 0.928643 0.050239 0.013829 0.000045 0.007244
0 0 0.891712 0.058158 0.032895 0.000252 0.016983
2 0 0.379083 0.092444 0.490267 0.023890 0.014316
0 0 0.896235 0.035448 0.060919 0.001411 0.005987
0 0 0.974090 0.017949 0.005862 0.000014 0.002086
0 0 0.984830 0.012935 0.000998 0.000001 0.001237
0 0 0.927451 0.048278 0.018647 0.000059 0.005565
0 0 0.920677 0.053290 0.020347 0.000004 0.005681
0 0 0.939697 0.043208 0.013244 0.000015 0.003835
0 0 0.916261 0.046761 0.025074 0.000043 0.011861
0 0 0.972611 0.018363 0.005845 0.000013 0.003168
0 0 0.973455 0.022135 0.001770 0.000002 0.002638
0 0 0.974403 0.020702 0.001736 0.000002 0.003157
0 0 0.953873 0.033000 0.005310 0.000018 0.007798
0 0 0.945806 0.034074 0.009715 0.000049 0.010355
0 0 0.948278 0.033443 0.009601 0.000049 0.008629
0 1 0.688265 0.146145 0.149256 0.000836 0.015498
2 1 0.330413 0.138684 0.511119 0.003237 0.016546
2 1 0.041522 0.053895 0.880859 0.018978 0.004747
2 1 0.008606 0.024282 0.900047 0.058162 0.008902
2 1 0.016319 0.069178 0.884399 0.021558 0.008546
2 1 0.001460 0.020502 0.975028 0.001270 0.001740
2 1 0.118204 0.096198 0.770348 0.002430 0.012819
2 1 0.089412 0.063523 0.784838 0.047428 0.014800
2 1 0.028308 0.104848 0.840940 0.009752 0.016152
2 1 0.060612 0.045087 0.883017 0.004781 0.006503
2 1 0.019648 0.026704 0.943361 0.007282 0.003005
2 1 0.001418 0.010426 0.946411 0.040889 0.000856
2 1 0.004730 0.025270 0.944641 0.019375 0.005984
2 1 0.000746 0.004683 0.933316 0.060905 0.000350
2 1 0.000692 0.005507 0.979084 0.014085 0.000632
2 1 0.000049 0.003363 0.995871 0.000384 0.000332
2 1 0.000024 0.001151 0.996077 0.002657 0.000092
2 1 0.000017 0.000390 0.933260 0.066316 0.000017
2 1 0.000026 0.001103 0.988880 0.009960 0.000030
2 1 0.000103 0.001506 0.986850 0.011493 0.000049
2 1 0.037182 0.045462 0.905377 0.008937 0.003042
0 1 0.583270 0.138516 0.246751 0.008299 0.023164
0 1 0.648866 0.205146 0.125690 0.000431 0.019867
2 1 0.000374 0.007248 0.984607 0.007396 0.000374
2 1 0.000666 0.003480 0.966923 0.028743 0.000188
2 1 0.000061 0.000643 0.971203 0.028069 0.000024
2 1 0.003034 0.004277 0.938816 0.053517 0.000355
2 1 0.002008 0.005091 0.853784 0.138183 0.000934
2 1 0.000030 0.000483 0.779172 0.220251 0.000063
2 1 0.000200 0.002907 0.975310 0.021003 0.000579
2 1 0.004657 0.006807 0.915570 0.072348 0.000617
2 1 0.000935 0.003468 0.950431 0.044943 0.000222
2 1 0.010517 0.008347 0.771130 0.208767 0.001238
2 1 0.002720 0.006292 0.940456 0.049689 0.000843
2 1 0.000114 0.001293 0.814057 0.184428 0.000108
2 1 0.000307 0.002331 0.977783 0.019477 0.000101
2 1 0.000039 0.000400 0.731049 0.268479 0.000033
2 1 0.000200 0.000857 0.687454 0.311386 0.000103
2 1 0.000844 0.003791 0.882180 0.112816 0.000368
2 1 0.000484 0.003083 0.926678 0.069538 0.000217
2 1 0.020969 0.019742 0.935939 0.021838 0.001512
0 1 0.564626 0.112766 0.307340 0.003107 0.012160
2 1 0.315908 0.114992 0.540452 0.014087 0.014560
2 1 0.001528 0.007530 0.964810 0.025681 0.000452
2 1 0.000304 0.004117 0.979656 0.015722 0.000202
2 1 0.022061 0.036410 0.862558 0.074408 0.004563
2 1 0.034973 0.046424 0.856199 0.056725 0.005679
2 1 0.060842 0.082537 0.848416 0.003512 0.004693
2 1 0.024216 0.070940 0.898192 0.003147 0.003506
2 1 0.075622 0.120961 0.797092 0.001076 0.005249
2 1 0.333333 0.181293 0.388506 0.004975 0.091893
2 1 0.012345 0.048980 0.878728 0.030810 0.029137
4 1 0.033911 0.104870 0.325628 0.009227 0.526365
2 1 0.015337 0.018987 0.963378 0.001671 0.000626
2 1 0.032138 0.035425 0.928640 0.002236 0.001560
2 1 0.011344 0.035885 0.945362 0.005176 0.002234
2 1 0.066360 0.069291 0.851073 0.007831 0.005445
2 1 0.014988 0.024711 0.931044 0.027221 0.002036
2 1 0.076131 0.124858 0.781553 0.007510 0.009948
2 1 0.080306 0.096890 0.718660 0.086405 0.017739
2 1 0.140323 0.117343 0.696830 0.029763 0.015741
0 1 0.633538 0.094085 0.205037 0.040148 0.027192
0 0 0.856133 0.094662 0.019382 0.000450 0.029373
0 0 0.933218 0.033816 0.017723 0.000130 0.015112
0 0 0.959429 0.026307 0.005324 0.000014 0.008926
0 0 0.889207 0.067118 0.022009 0.000390 0.021276
0 0 0.914446 0.051237 0.009126 0.000061 0.025129
0 0 0.935326 0.048587 0.006376 0.000036 0.009675
0 0 0.858789 0.076014 0.045619 0.001673 0.017905
0 0 0.958397 0.022730 0.006850 0.000017 0.012006
0 0 0.973030 0.020319 0.004207 0.000009 0.002435
0 0 0.980576 0.015119 0.001215 0.000001 0.003089
0 0 0.965706 0.024233 0.003849 0.000008 0.006204
0 0 0.820890 0.054398 0.107450 0.005911 0.011351
0 0 0.952660 0.036553 0.005267 0.000021 0.005499
0 0 0.979145 0.017691 0.001250 0.000001 0.001914
0 0 0.920747 0.028005 0.009612 0.000032 0.041604
0 0 0.941526 0.022296 0.019823 0.000099 0.016257
2 1 0.146892 0.032350 0.805260 0.007727 0.007772
2 1 0.215588 0.072303 0.694070 0.006056 0.011983
2 1 0.105907 0.064733 0.706851 0.003643 0.118866
2 1 0.051858 0.045621 0.868217 0.001954 0.032350
2 1 0.030424 0.071616 0.789636 0.001974 0.106350
2 1 0.014794 0.034832 0.930641 0.002767 0.016966
2 1 0.001007 0.039664 0.907410 0.000759 0.051160
4 1 0.004653 0.142140 0.425753 0.000795 0.426660
4 1 0.002113 0.065484 0.416973 0.004500 0.510930
4 4 0.025159 0.104460 0.099618 0.012215 0.758548
4 4 0.020889 0.083650 0.139770 0.020859 0.734832
4 4 0.022588 0.078020 0.092276 0.010197 0.796919
4 4 0.031104 0.093539 0.100285 0.007383 0.767688
4 4 0.033721 0.079771 0.219833 0.005387 0.661288
4 4 0.093622 0.224607 0.196434 0.000882 0.484455
4 4 0.019091 0.027295 0.118642 0.016367 0.818605
2 4 0.004383 0.009489 0.558486 0.315600 0.112042
2 4 0.007582 0.020632 0.813637 0.045860 0.112289
2 4 0.002500 0.023805 0.869501 0.029554 0.074641
4 4 0.002639 0.082172 0.193379 0.001680 0.720130
4 4 0.004710 0.061985 0.316067 0.005498 0.611740
4 4 0.020826 0.136249 0.263473 0.000520 0.578932
2 4 0.008398 0.100732 0.701346 0.004341 0.185182
4 4 0.021916 0.107405 0.177660 0.011017 0.682002
4 4 0.014078 0.040230 0.019258 0.000344 0.926090
0 4 0.424793 0.126532 0.145605 0.002301 0.300769
4 4 0.047285 0.119809 0.118290 0.000433 0.714183
4 4 0.009573 0.042978 0.122798 0.006814 0.817837
4 4 0.016727 0.028517 0.042698 0.002547 0.909510
4 4 0.016439 0.029653 0.022483 0.000851 0.930573
4 4 0.023153 0.027506 0.020779 0.000896 0.927666
4 4 0.024370 0.030845 0.030608 0.001736 0.912441
4 4 0.062195 0.059619 0.049950 0.001112 0.827123
4 4 0.031188 0.120276 0.300789 0.004742 0.543005
4 4 0.214661 0.148291 0.248833 0.000731 0.387483
2 4 0.001740 0.021036 0.956082 0.001903 0.019239
2 4 0.001137 0.020761 0.942847 0.000226 0.035030
2 4 0.012589 0.028761 0.949221 0.000531 0.008898
2 4 0.009823 0.012476 0.940226 0.019206 0.018270
2 4 0.164843 0.157323 0.508501 0.001312 0.168022
2 4 0.021881 0.144666 0.745821 0.000222 0.087411
2 4 0.032319 0.130304 0.676668 0.000059 0.160650
2 4 0.010388 0.049663 0.532790 0.003071 0.404088
2 4 0.007173 0.097237 0.571984 0.000627 0.322979
2 4 0.000967 0.040417 0.875654 0.002014 0.080948
2 4 0.002251 0.029618 0.890891 0.054480 0.022760
4 4 0.033452 0.155013 0.378993 0.015986 0.416557
2 4 0.008971 0.056087 0.482382 0.059032 0.393528
4 4 0.020916 0.053976 0.066218 0.005633 0.853257
4 4 0.004787 0.123565 0.311882 0.005322 0.554444
2 4 0.001720 0.056209 0.781673 0.009081 0.151318
4 4 0.019799 0.038781 0.310907 0.092031 0.538482
4 4 0.050298 0.050484 0.126272 0.025564 0.747382
4 4 0.135585 0.045734 0.032410 0.000798 0.785474
4 4 0.040615 0.013257 0.012675 0.000127 0.933327
0 4 0.781541 0.116976 0.032742 0.001354 0.067386
2 4 0.053187 0.094414 0.809517 0.020678 0.022204
2 4 0.011808 0.115276 0.751736 0.000312 0.120867
2 4 0.011627 0.037963 0.808943 0.058811 0.082656
2 4 0.009728 0.041652 0.912887 0.016314 0.019420
2 4 0.005073 0.089045 0.871401 0.001034 0.033448
2 4 0.002775 0.048857 0.923170 0.000892 0.024306
2 4 0.016529 0.062437 0.849989 0.007016 0.064029
2 4 0.017465 0.033690 0.911451 0.029501 0.007892
2 4 0.001341 0.017966 0.849119 0.128305 0.003269
2 4 0.047466 0.067787 0.865658 0.010513 0.008576
2 4 0.002790 0.024117 0.962386 0.005942 0.004766
2 4 0.000198 0.005627 0.991283 0.000718 0.002174
2 4 0.003474 0.014260 0.973302 0.007078 0.001886
2 4 0.013259 0.020982 0.957721 0.006954 0.001084
2 4 0.011985 0.065369 0.914980 0.002698 0.004968
2 4 0.070142 0.107701 0.798722 0.010728 0.012708
2 4 0.069930 0.045917 0.517427 0.348368 0.018359
2 4 0.175715 0.070660 0.615009 0.102037 0.036580
2 4 0.042435 0.108580 0.750703 0.010599 0.087683
2 4 0.193737 0.041696 0.394314 0.349823 0.020430
0 4 0.829068 0.098206 0.046169 0.002229 0.024328
0 4 0.964652 0.022749 0.002736 0.000004 0.009859
0 4 0.786879 0.032755 0.056706 0.000804 0.122856
0 4 0.882329 0.014381 0.003460 0.000003 0.099828
0 4 0.952924 0.011083 0.001814 0.000001 0.034179
0 4 0.914860 0.022464 0.004730 0.000007 0.057939
0 4 0.940516 0.025623 0.007184 0.000019 0.026658
0 4 0.691080 0.164030 0.049846 0.000010 0.095035
2 4 0.072242 0.136450 0.440937 0.000068 0.350302
2 4 0.001279 0.021670 0.954761 0.003551 0.018738
2 4 0.001400 0.021783 0.956478 0.004111 0.016228
2 4 0.000706 0.020708 0.940898 0.000230 0.037458
2 4 0.000539 0.029037 0.773387 0.000582 0.196455
2 4 0.005218 0.106300 0.715129 0.001936 0.171418
2 4 0.003316 0.051177 0.879933 0.012917 0.052657
2 1 0.001436 0.007525 0.974635 0.014093 0.002311
2 1 0.009313 0.016148 0.929618 0.035361 0.009560
2 1 0.059237 0.144208 0.760084 0.001330 0.035141
2 2 0.003154 0.033020 0.955942 0.002702 0.005182
2 2 0.001961 0.023474 0.957904 0.004806 0.011855
2 2 0.005081 0.018830 0.923751 0.050187 0.002150
2 2 0.034142 0.049666 0.805425 0.103176 0.007591
2 1 0.092490 0.064983 0.757530 0.061106 0.023891
2 1 0.003990 0.046374 0.913722 0.020926 0.014988
2 1 0.013039 0.026668 0.823678 0.131042 0.005573
2 1 0.004417 0.021877 0.933512 0.037631 0.002562
2 1 0.000885 0.016939 0.976500 0.002436 0.003240
2 1 0.000983 0.015756 0.961240 0.020168 0.001854
2 2 0.016380 0.064221 0.839538 0.057664 0.022198
2 2 0.000211 0.003052 0.920297 0.074479 0.001961
2 2 0.000049 0.002902 0.987916 0.008589 0.000544
2 2 0.001817 0.005863 0.951765 0.038900 0.001655
2 2 0.000445 0.003757 0.931658 0.063379 0.000760
2 2 0.049177 0.036904 0.896189 0.003628 0.014101
0 2 0.443688 0.151517 0.353238 0.009392 0.042164
2 2 0.087868 0.071937 0.810988 0.021740 0.007467
2 2 0.004461 0.026849 0.919831 0.045708 0.003151
2 2 0.023316 0.032559 0.868895 0.055996 0.019235
2 1 0.108339 0.103101 0.743372 0.012800 0.032388
2 1 0.004907 0.021284 0.959302 0.007340 0.007166
2 1 0.300725 0.079423 0.560369 0.015833 0.043650
0 0 0.390983 0.109180 0.364443 0.103831 0.031564
2 1 0.025292 0.038947 0.905862 0.026395 0.003504
2 1 0.006023 0.073632 0.885271 0.000463 0.034610
2 1 0.039844 0.290601 0.581905 0.001263 0.086388
2 1 0.051420 0.111427 0.829397 0.000898 0.006858
2 1 0.002651 0.010173 0.985575 0.000296 0.001305
2 1 0.000383 0.002543 0.991930 0.004809 0.000336
2 1 0.001139 0.004805 0.932939 0.060443 0.000675
2 1 0.029107 0.048128 0.914343 0.001657 0.006765
2 1 0.080847 0.112301 0.791603 0.006722 0.008526
2 1 0.275317 0.177813 0.534158 0.001359 0.011353
2 1 0.031601 0.078269 0.881503 0.004223 0.004403
2 1 0.172218 0.343342 0.440826 0.000376 0.043239
2 1 0.063810 0.089205 0.830191 0.009675 0.007119
2 1 0.026388 0.049837 0.889066 0.029866 0.004843
2 0 0.201832 0.150084 0.628245 0.006197 0.013642
2 1 0.346826 0.227813 0.406505 0.001403 0.017454
0 1 0.579683 0.170988 0.231059 0.001293 0.016977
2 1 0.004272 0.050475 0.935525 0.005972 0.003756
2 1 0.027572 0.092248 0.868450 0.004660 0.007070
0 1 0.595175 0.094178 0.256792 0.010763 0.043092
0 0 0.650627 0.044964 0.231732 0.005486 0.067191
2 1 0.394837 0.060921 0.490749 0.020694 0.032798
2 1 0.067421 0.044076 0.870527 0.007332 0.010645
0 1 0.468887 0.066532 0.414864 0.007852 0.041865
0 0 0.955090 0.017901 0.011899 0.000033 0.015078
0 0 0.944363 0.020069 0.025544 0.000149 0.009875
0 0 0.923408 0.020640 0.049883 0.000243 0.005826
0 0 0.980333 0.012121 0.006309 0.000011 0.001225
0 0 0.975598 0.018311 0.003977 0.000007 0.002107
0 0 0.879862 0.085902 0.015054 0.000275 0.018907
0 0 0.928188 0.054500 0.007321 0.000052 0.009938
0 0 0.966321 0.020410 0.002492 0.000003 0.010774
0 0 0.955759 0.035376 0.003678 0.000011 0.005176
0 0 0.958843 0.031494 0.005167 0.000018 0.004478
0 0 0.951872 0.035571 0.007152 0.000034 0.005370
0 0 0.889872 0.042870 0.057978 0.001526 0.007754
0 0 0.952820 0.023167 0.010575 0.000036 0.013401
0 0 0.946018 0.022328 0.005411 0.000010 0.026233
0 0 0.977621 0.010001 0.001142 0.000000 0.011236
0 0 0.974543 0.016790 0.002436 0.000002 0.006229
0 0 0.979066 0.016534 0.001338 0.000001 0.003061
0 0 0.976062 0.012060 0.001376 0.000001 0.010501
0 0 0.954457 0.021248 0.003212 0.000004 0.021078
0 0 0.972474 0.016467 0.001868 0.000001 0.009190
0 0 0.978758 0.013758 0.004761 0.000007 0.002716
0 0 0.956883 0.034558 0.003545 0.000010 0.005004
0 0 0.947859 0.041058 0.004645 0.000019 0.006418
0 0 0.920817 0.041918 0.007660 0.000035 0.029569
0 0 0.959649 0.030343 0.003345 0.000008 0.006655
0 0 0.974612 0.015514 0.001687 0.000001 0.008186
0 0 0.979154 0.012660 0.001277 0.000001 0.006909
0 0 0.974279 0.017640 0.001794 0.000001 0.006285
0 0 0.898318 0.056463 0.033508 0.000740 0.010971
0 0 0.963012 0.024094 0.003115 0.000005 0.009774
0 0 0.969194 0.017731 0.002140 0.000002 0.010934
0 0 0.779525 0.052858 0.062939 0.001662 0.103016
0 0 0.855115 0.076324 0.018002 0.000287 0.050273
0 0 0.965121 0.026112 0.003073 0.000006 0.005688
0 0 0.980721 0.015151 0.001198 0.000001 0.002929
0 0 0.963347 0.029794 0.002812 0.000006 0.004041
0 0 0.946011 0.038563 0.009296 0.000058 0.006073
0 0 0.943654 0.044034 0.005186 0.000024 0.007102
0 0 0.894104 0.066585 0.025201 0.000525 0.013585
0 0 0.838326 0.109432 0.027249 0.000666 0.024327
0 0 0.914263 0.062060 0.011693 0.000131 0.011853
0 0 0.913923 0.041051 0.037254 0.000670 0.007102
0 0 0.965930 0.027862 0.002533 0.000005 0.003670
0 0 0.775320 0.062706 0.076528 0.002913 0.082533
0 0 0.857769 0.071814 0.052165 0.002021 0.016230
0 0 0.837036 0.065395 0.042553 0.001077 0.053939
0 0 0.866196 0.065789 0.049226 0.001628 0.017162
0 0 0.903477 0.034022 0.031853 0.000328 0.030321
0 0 0.953628 0.026271 0.003759 0.000007 0.016336
0 0 0.912750 0.053410 0.014289 0.000144 0.019406
0 1 0.841600 0.068557 0.031485 0.000389 0.057970
0 1 0.397664 0.289011 0.196991 0.000125 0.116210
2 1 0.041441 0.176169 0.551885 0.000259 0.230246
2 1 0.318046 0.040156 0.587512 0.012287 0.041999
0 1 0.548393 0.117945 0.243815 0.001762 0.088085
2 1 0.106604 0.364197 0.445485 0.005277 0.078437
2 1 0.019199 0.114113 0.552678 0.008306 0.305703
4 4 0.031467 0.055137 0.177083 0.042452 0.693861
4 4 0.097760 0.082743 0.066687 0.012908 0.739902
4 4 0.073263 0.060670 0.094101 0.020504 0.751461
4 4 0.018931 0.025716 0.020341 0.000787 0.934224
4 4 0.059933 0.041285 0.148127 0.044424 0.706230
4 4 0.033212 0.036039 0.319089 0.210084 0.401577
4 4 0.029400 0.054223 0.183748 0.044110 0.688519
4 4 0.025068 0.044410 0.029343 0.001572 0.899607
4 4 0.052855 0.059411 0.044540 0.004592 0.838603
4 4 0.004510 0.017224 0.009300 0.000111 0.968856
4 4 0.098275 0.051595 0.033183 0.000312 0.816635
2 4 0.092906 0.049629 0.335623 0.209421 0.312421
4 4 0.073922 0.060272 0.026388 0.000358 0.839059
2 4 0.029265 0.219686 0.430638 0.005713 0.314698
4 4 0.002721 0.055985 0.258135 0.002773 0.680386
4 4 0.002456 0.039549 0.155891 0.001335 0.800769
0 4 0.422879 0.088572 0.109654 0.003325 0.375570
0 4 0.506006 0.143576 0.032212 0.000187 0.318018
1 4 0.252157 0.381150 0.092820 0.000218 0.273655
4 4 0.065656 0.114984 0.132938 0.000977 0.685446
4 4 0.023895 0.095337 0.212392 0.004762 0.663614
2 4 0.001452 0.076065 0.582825 0.004307 0.335351
2 4 0.000428 0.054018 0.766696 0.002419 0.176438
2 4 0.004945 0.076802 0.657811 0.037842 0.222600
4 4 0.072934 0.164549 0.125262 0.000710 0.636546
4 4 0.168147 0.088857 0.033754 0.000187 0.709056
2 4 0.004027 0.053681 0.644793 0.028594 0.268904
4 4 0.010073 0.032532 0.054157 0.002918 0.900319
4 4 0.009865 0.017944 0.045811 0.002347 0.924032
4 4 0.010373 0.042472 0.038333 0.001592 0.907229
4 4 0.012774 0.078016 0.195523 0.002001 0.711685
4 4 0.007123 0.053566 0.455971 0.002235 0.481104
4 4 0.008717 0.110240 0.349987 0.002516 0.528541
4 4 0.005798 0.108037 0.216438 0.000613 0.669114
2 4 0.013496 0.055816 0.685885 0.114668 0.130134
2 4 0.175086 0.151510 0.347411 0.163066 0.162927
2 4 0.029350 0.120476 0.732636 0.003161 0.114378
4 4 0.004404 0.077775 0.245655 0.002185 0.669980
4 4 0.005628 0.072771 0.089186 0.001174 0.831241
2 4 0.006847 0.047696 0.489549 0.052046 0.403863
2 4 0.001670 0.046319 0.827347 0.012643 0.112022
2 4 0.000524 0.006401 0.970033 0.012800 0.010243
2 4 0.019784 0.095712 0.661680 0.001591 0.221232
2 4 0.053518 0.214329 0.582246 0.001270 0.148638
2 4 0.054297 0.095282 0.494764 0.001501 0.354156
2 4 0.051176 0.081554 0.475137 0.009161 0.382972
2 4 0.004841 0.047426 0.499839 0.019037 0.428858
2 4 0.001248 0.016207 0.842611 0.103564 0.036370
2 4 0.000377 0.012968 0.902027 0.030174 0.054453
4 4 0.003172 0.030864 0.368269 0.007992 0.589703
4 4 0.001845 0.028579 0.474685 0.003317 0.491575
2 4 0.003688 0.026413 0.910703 0.000643 0.058553
2 1 0.001089 0.035998 0.925030 0.000291 0.037592
2 1 0.001286 0.032326 0.953176 0.000634 0.012579
2 1 0.000177 0.016568 0.977605 0.000918 0.004732
2 1 0.000089 0.003519 0.989985 0.005311 0.001095
2 1 0.000506 0.007395 0.976068 0.001010 0.015022
2 1 0.001819 0.031475 0.857533 0.001560 0.107614
2 1 0.017362 0.103144 0.724004 0.000709 0.154781
4 1 0.008044 0.067203 0.263229 0.000519 0.661005
4 1 0.004667 0.065594 0.180073 0.000108 0.749558
2 1 0.000679 0.021824 0.608437 0.001860 0.367201
2 1 0.002608 0.036482 0.849650 0.003957 0.107303
2 1 0.000762 0.017496 0.905359 0.001485 0.074898
2 1 0.007422 0.044247 0.585923 0.001089 0.361320
2 1 0.005093 0.024338 0.731425 0.001302 0.237843
2 1 0.011838 0.028567 0.943681 0.004193 0.011720
2 1 0.003863 0.027824 0.954960 0.010264 0.003089
2 1 0.000077 0.004199 0.993043 0.000805 0.001876
2 1 0.000535 0.016614 0.976330 0.000547 0.005974
2 1 0.000463 0.007388 0.983699 0.004479 0.003970
2 2 0.000016 0.001423 0.997724 0.000667 0.000170
0 2 0.685654 0.186868 0.069351 0.005337 0.052790
0 2 0.478213 0.273680 0.099970 0.022972 0.125165
2 2 0.010711 0.070722 0.803968 0.014487 0.100112
2 2 0.016113 0.159656 0.655937 0.011783 0.156510
2 2 0.221463 0.127386 0.571846 0.001917 0.077388
2 2 0.207179 0.221390 0.405143 0.000430 0.165857
2 2 0.006141 0.204021 0.460269 0.000289 0.329279
2 1 0.026935 0.220308 0.628588 0.000633 0.123536
2 1 0.013726 0.124326 0.667625 0.004539 0.189784
2 1 0.005514 0.128700 0.696802 0.000866 0.168119
2 1 0.018054 0.141230 0.724454 0.000209 0.116052
2 1 0.069208 0.142894 0.728621 0.000703 0.058575
0 0 0.543680 0.187393 0.231962 0.000219 0.036745
0 0 0.951899 0.038169 0.004143 0.000014 0.005776
4 1 0.060857 0.102058 0.344090 0.003187 0.489808
2 1 0.001306 0.033248 0.816295 0.001112 0.148040
2 1 0.000061 0.003523 0.991226 0.001823 0.003368
2 1 0.000287 0.005109 0.981675 0.009025 0.003904
2 2 0.000468 0.010793 0.974131 0.005303 0.009305
2 2 0.000462 0.008348 0.981067 0.006891 0.003232
2 2 0.001834 0.002416 0.953738 0.041510 0.000501
2 2 0.000695 0.001267 0.994835 0.003139 0.000064
2 2 0.000295 0.002189 0.996433 0.000949 0.000134
2 2 0.001978 0.005973 0.988447 0.002889 0.000713
2 2 0.000022 0.000988 0.975787 0.022881 0.000322
2 2 0.000200 0.003466 0.934283 0.061069 0.000982
2 2 0.000074 0.002554 0.987630 0.009420 0.000322
2 2 0.000186 0.008327 0.986202 0.002695 0.002590
2 2 0.000078 0.004138 0.992678 0.000471 0.002634
2 2 0.000029 0.001623 0.940456 0.056827 0.001065
2 2 0.000002 0.000416 0.983512 0.015949 0.000121
2 2 0.000013 0.000161 0.682968 0.316842 0.000016
3 2 0.000103 0.000323 0.442111 0.557419 0.000044
3 2 0.000231 0.000938 0.412553 0.586095 0.000184
3 2 0.000124 0.000572 0.320159 0.678921 0.000224
3 2 0.000055 0.000383 0.291807 0.707678 0.000078
3 2 0.000060 0.000584 0.444134 0.555130 0.000093
3 2 0.000007 0.000036 0.052761 0.947185 0.000011
3 2 0.000158 0.000335 0.103266 0.896130 0.000111
3 2 0.004072 0.003463 0.351036 0.640516 0.000914
3 2 0.000831 0.001214 0.198371 0.799220 0.000364
3 2 0.003316 0.002845 0.391806 0.601360 0.000673
3 2 0.000109 0.000408 0.215392 0.784001 0.000091
3 2 0.000178 0.001197 0.334509 0.663774 0.000343
3 2 0.000081 0.000144 0.094840 0.904892 0.000044
3 2 0.000311 0.002038 0.419433 0.577668 0.000549
3 2 0.001107 0.001452 0.472098 0.525083 0.000260
2 2 0.065000 0.022019 0.758184 0.151063 0.003734
2 0 0.213467 0.097532 0.590749 0.078861 0.019390
2 1 0.018227 0.137210 0.821637 0.008955 0.013971
2 1 0.023158 0.235180 0.706761 0.001724 0.033178
2 1 0.081954 0.128098 0.741257 0.015898 0.032793
2 1 0.033920 0.093347 0.828549 0.002666 0.041518
2 1 0.002818 0.045936 0.945173 0.000862 0.005212
2 1 0.050768 0.066014 0.823317 0.023202 0.036699
2 1 0.019564 0.107099 0.737083 0.002072 0.134181
2 1 0.002403 0.040276 0.908195 0.002783 0.046343
2 1 0.001560 0.014237 0.935714 0.009560 0.038929
2 1 0.012991 0.097917 0.708048 0.000835 0.180210
2 1 0.001184 0.048849 0.906738 0.004083 0.039146
2 1 0.012166 0.172832 0.669309 0.007928 0.137764
2 1 0.000308 0.016574 0.969171 0.003721 0.010225
2 1 0.002925 0.045735 0.920952 0.006592 0.023795
2 1 0.004575 0.030522 0.941282 0.010778 0.012843
2 1 0.006702 0.027364 0.916932 0.025066 0.023936
2 1 0.005173 0.033831 0.956181 0.000639 0.004177
2 1 0.343482 0.149077 0.445910 0.008252 0.053280
0 1 0.468372 0.231152 0.260083 0.005633 0.034760
2 1 0.227716 0.230741 0.457742 0.001593 0.082208
0 1 0.474434 0.128953 0.293727 0.000929 0.101957
2 1 0.077791 0.093854 0.818522 0.001049 0.008784
2 1 0.019146 0.124863 0.827234 0.000524 0.028234
2 1 0.254324 0.318466 0.329616 0.000088 0.097506
2 1 0.064070 0.145660 0.767397 0.000725 0.022148
2 1 0.015441 0.093957 0.638317 0.000666 0.251619
2 1 0.005607 0.068979 0.597103 0.002532 0.325779
2 1 0.000204 0.014009 0.936452 0.030696 0.018639
2 1 0.002242 0.033742 0.915485 0.036225 0.012305
2 1 0.009358 0.036924 0.904997 0.015088 0.033633
2 1 0.005151 0.090509 0.846066 0.002286 0.055988
2 1 0.203674 0.239764 0.484727 0.008191 0.063645
1 1 0.326823 0.478825 0.102098 0.000104 0.092150
2 1 0.087392 0.332551 0.469548 0.000816 0.109693
2 1 0.003241 0.035731 0.910198 0.007210 0.043620
2 1 0.001108 0.041625 0.925997 0.001294 0.029976
2 1 0.000824 0.022768 0.961160 0.006765 0.008484
2 1 0.001506 0.027555 0.944561 0.015757 0.010621
2 1 0.003632 0.071291 0.862557 0.002124 0.060396
2 1 0.000537 0.025157 0.962642 0.007880 0.003784
2 1 0.023012 0.054112 0.875696 0.034269 0.012911
2 2 0.016946 0.241749 0.683503 0.002232 0.055570
2 2 0.003906 0.046211 0.891278 0.047483 0.011122
2 2 0.001556 0.038729 0.919342 0.021214 0.019159
1 2 0.069094 0.453355 0.422962 0.001784 0.052805
2 2 0.000690 0.008396 0.967475 0.022509 0.000930
2 2 0.000490 0.014246 0.955328 0.028381 0.001555
2 2 0.002241 0.053263 0.927500 0.001826 0.015170
2 2 0.001766 0.026684 0.948302 0.001083 0.022165
2 2 0.000017 0.001401 0.994820 0.003517 0.000245
2 2 0.000118 0.003505 0.993582 0.002111 0.000684
2 2 0.000023 0.001479 0.982498 0.014428 0.001573
2 2 0.000328 0.003890 0.974241 0.020383 0.001157
2 2 0.000238 0.004736 0.952458 0.041844 0.000725
2 2 0.003989 0.010969 0.931924 0.048766 0.004351
2 2 0.101026 0.077049 0.787045 0.015294 0.019585
2 2 0.256972 0.117912 0.579484 0.012911 0.032721
2 2 0.137584 0.161000 0.632109 0.002138 0.067168
4 2 0.039955 0.111057 0.326544 0.006320 0.516124
2 2 0.017398 0.061146 0.753752 0.055190 0.112515
2 2 0.002645 0.016362 0.959622 0.006607 0.014764
2 2 0.006539 0.056602 0.916041 0.000649 0.020169
2 2 0.007936 0.077349 0.877137 0.003879 0.033698
2 2 0.040591 0.137394 0.618257 0.002426 0.201332
2 1 0.059808 0.103543 0.688210 0.001067 0.147373
0 1 0.426669 0.080846 0.389444 0.001253 0.101787
2 0 0.201804 0.130612 0.619477 0.001675 0.046432
0 0 0.722451 0.064882 0.175234 0.003679 0.033754
0 0 0.864146 0.076805 0.040610 0.001387 0.017052
0 0 0.921357 0.049421 0.020079 0.000269 0.008874
0 0 0.924290 0.053373 0.011100 0.000102 0.011135
0 0 0.905067 0.059542 0.010744 0.000096 0.024551
0 0 0.542895 0.114037 0.136235 0.000264 0.206569
0 0 0.889329 0.018373 0.007977 0.000013 0.084308
0 0 0.855277 0.036323 0.010643 0.000005 0.097752
0 0 0.891577 0.029224 0.023109 0.000148 0.055943
0 0 0.691089 0.167286 0.034918 0.000135 0.106572
2 0 0.131476 0.154358 0.571402 0.001456 0.141308
2 1 0.019587 0.068331 0.568751 0.001810 0.341521
2 1 0.002807 0.042812 0.654526 0.014865 0.284990
2 1 0.000099 0.005360 0.953475 0.029371 0.011695
2 1 0.001178 0.022078 0.798513 0.024825 0.153405
2 1 0.089234 0.074692 0.586047 0.001815 0.248212
4 1 0.360044 0.076791 0.087874 0.001032 0.474259
2 1 0.172768 0.329375 0.353446 0.000017 0.144395
2 4 0.021439 0.033554 0.633574 0.068394 0.243039
2 4 0.006788 0.063381 0.560589 0.059520 0.309721
2 4 0.010480 0.053690 0.522650 0.159554 0.253626
0 4 0.415792 0.075502 0.339684 0.036167 0.132855
1 4 0.190308 0.438990 0.090966 0.001644 0.278092
0 4 0.394081 0.384626 0.067956 0.000002 0.153335
