3 0 0.000000 0.000350 0.007502 0.992058 0.000090
3 0 0.000000 0.000000 0.000018 0.999981 0.000000
3 0 0.000000 0.000000 0.000027 0.999971 0.000001
3 0 0.000000 0.000001 0.000034 0.999965 0.000001
3 0 0.000000 0.000001 0.000058 0.999940 0.000002
3 0 0.000000 0.000002 0.000113 0.999882 0.000002
3 0 0.000000 0.000001 0.000083 0.999915 0.000001
4 0 0.000011 0.027834 0.067566 0.257618 0.646972
4 1 0.058132 0.105262 0.037589 0.001979 0.797038
4 1 0.089870 0.082655 0.021176 0.000432 0.805867
4 1 0.007556 0.133997 0.035968 0.000057 0.822421
4 1 0.005328 0.204820 0.141475 0.000292 0.648085
4 1 0.007340 0.117953 0.085655 0.002584 0.786468
4 1 0.012821 0.166120 0.140368 0.004000 0.676691
4 1 0.014612 0.171286 0.090634 0.000372 0.723096
4 1 0.016233 0.052389 0.015284 0.000308 0.915786
4 4 0.007334 0.108045 0.061211 0.000905 0.822505
4 4 0.053853 0.162352 0.087288 0.004409 0.692098
4 4 0.261763 0.157765 0.191347 0.086401 0.302724
4 0 0.126049 0.161839 0.144181 0.035867 0.532065
4 0 0.004558 0.051848 0.063010 0.002245 0.878338
0 0 0.605507 0.114835 0.072125 0.020479 0.187054
0 0 0.649813 0.116346 0.052086 0.013426 0.168329
0 0 0.680662 0.088916 0.090496 0.082483 0.057444
0 0 0.657695 0.104651 0.076243 0.039348 0.122062
0 0 0.578574 0.116349 0.055418 0.011615 0.238044
0 0 0.555933 0.120438 0.043740 0.006344 0.273545
0 0 0.717526 0.093517 0.069146 0.052174 0.067637
1 0 0.121571 0.329418 0.312589 0.002364 0.234058
2 0 0.073946 0.171479 0.646940 0.008743 0.098892
2 1 0.001135 0.030507 0.946692 0.016535 0.005131
2 1 0.000126 0.006357 0.895296 0.097599 0.000621
2 1 0.000046 0.002145 0.832156 0.165402 0.000251
2 1 0.000009 0.000618 0.901048 0.098273 0.000052
2 2 0.000014 0.000304 0.920055 0.079596 0.000030
2 2 0.000078 0.000520 0.943180 0.056163 0.000059
2 2 0.000166 0.000969 0.664083 0.334563 0.000219
2 2 0.000042 0.000255 0.593847 0.405796 0.000058
3 2 0.000018 0.000082 0.174103 0.825760 0.000037
2 2 0.000103 0.000772 0.707463 0.291517 0.000145
2 2 0.000001 0.000416 0.960695 0.038869 0.000019
2 2 0.000319 0.005129 0.971102 0.023079 0.000370
2 2 0.000287 0.009828 0.941331 0.047787 0.000767
2 2 0.000045 0.001352 0.961061 0.037432 0.000110
2 2 0.000004 0.000192 0.862940 0.136843 0.000022
2 2 0.000001 0.000040 0.811472 0.188482 0.000005
2 2 0.000005 0.000065 0.633622 0.366296 0.000012
2 2 0.000002 0.000059 0.778041 0.221891 0.000007
3 2 0.000034 0.000190 0.270880 0.728826 0.000071
2 2 0.000166 0.001141 0.824665 0.173844 0.000184
2 2 0.000013 0.000248 0.804213 0.195493 0.000034
2 2 0.000016 0.001127 0.996341 0.002487 0.000030
2 2 0.000742 0.019929 0.976943 0.001768 0.000619
2 2 0.000658 0.002006 0.640799 0.356036 0.000501
2 2 0.000069 0.000528 0.935350 0.063996 0.000057
2 2 0.000026 0.000419 0.809642 0.189853 0.000060
2 2 0.000008 0.000386 0.838250 0.161314 0.000042
2 2 0.000001 0.000035 0.823441 0.176519 0.000004
2 2 0.000002 0.000088 0.709586 0.290312 0.000012
2 2 0.000008 0.000095 0.556656 0.443221 0.000020
2 2 0.000023 0.000177 0.673094 0.326607 0.000099
2 2 0.000002 0.000050 0.522841 0.477095 0.000013
3 2 0.000000 0.000008 0.304395 0.695594 0.000002
2 2 0.000001 0.000053 0.774564 0.225375 0.000007
2 2 0.000000 0.000009 0.917337 0.082654 0.000000
2 2 0.000000 0.000009 0.918468 0.081522 0.000001
3 2 0.000002 0.000029 0.352559 0.647402 0.000008
2 2 0.000005 0.000125 0.690910 0.308940 0.000020
2 2 0.000075 0.000696 0.511257 0.487705 0.000266
3 2 0.000011 0.000121 0.196636 0.803187 0.000045
3 2 0.000191 0.000868 0.151157 0.847348 0.000436
2 2 0.000005 0.000161 0.773718 0.226094 0.000021
2 2 0.000001 0.000069 0.805132 0.194790 0.000007
2 2 0.003275 0.010079 0.699929 0.284238 0.002479
2 2 0.055027 0.057703 0.701306 0.170257 0.015706
3 0 0.033568 0.014418 0.288251 0.654886 0.008877
2 2 0.001583 0.002937 0.691835 0.302889 0.000755
2 2 0.004682 0.006977 0.709460 0.276977 0.001905
2 2 0.007600 0.013286 0.812659 0.163473 0.002981
2 2 0.090957 0.091549 0.710838 0.086833 0.019822
2 2 0.000010 0.000278 0.538032 0.461631 0.000049
2 2 0.000033 0.000504 0.652224 0.347146 0.000093
2 2 0.033581 0.015785 0.716029 0.229097 0.005507
2 0 0.084912 0.121074 0.735340 0.038807 0.019867
2 0 0.288190 0.186012 0.395055 0.079689 0.051054
2 0 0.202178 0.086559 0.508691 0.171836 0.030735
2 0 0.018773 0.063856 0.811268 0.067763 0.038340
2 0 0.143377 0.218532 0.513753 0.013291 0.111048
0 1 0.599695 0.136345 0.100111 0.033867 0.129982
2 1 0.088519 0.199419 0.365835 0.083773 0.262455
0 0 0.679485 0.115408 0.049452 0.013838 0.141818
1 1 0.125755 0.424602 0.197499 0.007271 0.244873
2 1 0.002254 0.096864 0.748829 0.076121 0.075931
2 1 0.009800 0.025327 0.634961 0.313268 0.016644
0 1 0.594721 0.133986 0.121241 0.052978 0.097074
0 0 0.748072 0.102487 0.050822 0.025407 0.073213
0 0 0.762517 0.097608 0.050688 0.030440 0.058745
0 0 0.738258 0.098895 0.063097 0.038692 0.061059
0 0 0.762517 0.097608 0.050688 0.030440 0.058745
0 0 0.719456 0.125075 0.064367 0.027781 0.063322
0 0 0.692528 0.113777 0.049867 0.015264 0.128563
0 0 0.712099 0.110731 0.050381 0.017892 0.108898
0 0 0.737509 0.105367 0.050781 0.022669 0.083674
0 0 0.762517 0.097608 0.050688 0.030440 0.058745
0 0 0.585143 0.120589 0.045307 0.007520 0.241441
0 0 0.630087 0.119355 0.047487 0.009897 0.193174
0 0 0.524924 0.122477 0.057815 0.008230 0.286554
0 0 0.551196 0.120350 0.043476 0.006174 0.278804
0 0 0.435465 0.236116 0.146330 0.009664 0.172425
0 0 0.552905 0.122829 0.044634 0.006322 0.273309
4 0 0.019960 0.101966 0.125063 0.000841 0.752170
2 0 0.001508 0.119158 0.455280 0.001106 0.422947
4 1 0.010072 0.119929 0.104706 0.000423 0.764871
4 1 0.010241 0.159061 0.104742 0.000310 0.725645
2 1 0.001556 0.275303 0.496762 0.000332 0.226047
2 1 0.000270 0.127257 0.692421 0.000623 0.179429
4 4 0.000783 0.084662 0.152566 0.001211 0.760777
4 4 0.001423 0.031667 0.023154 0.002238 0.941519
4 4 0.001153 0.017023 0.006732 0.000325 0.974767
4 4 0.005618 0.022186 0.006380 0.000157 0.965659
4 4 0.011284 0.064268 0.027050 0.001800 0.895599
4 4 0.000632 0.017547 0.008627 0.000723 0.972471
4 4 0.002147 0.020609 0.007665 0.000345 0.969234
4 4 0.182672 0.076680 0.021837 0.000581 0.718231
0 4 0.744566 0.103496 0.050819 0.024431 0.076688
0 0 0.746864 0.102841 0.050822 0.025063 0.074410
0 0 0.762517 0.097608 0.050688 0.030440 0.058745
0 0 0.762517 0.097608 0.050688 0.030440 0.058745
0 0 0.762517 0.097608 0.050688 0.030440 0.058745
0 0 0.589492 0.211701 0.106636 0.021035 0.071137
0 0 0.401744 0.192618 0.095359 0.007580 0.302698
4 0 0.051926 0.140062 0.127992 0.001469 0.678551
4 0 0.284819 0.122396 0.126258 0.014725 0.451802
0 0 0.333851 0.139116 0.218754 0.023143 0.285137
4 0 0.263540 0.184960 0.161089 0.006031 0.384379
4 0 0.116735 0.092864 0.059057 0.008854 0.722490
4 0 0.019099 0.163341 0.349865 0.004463 0.463233
4 1 0.010982 0.136098 0.132535 0.008903 0.711482
4 1 0.002864 0.119052 0.075810 0.000800 0.801474
4 1 0.009081 0.162263 0.183928 0.001704 0.643025
4 1 0.014325 0.199330 0.142940 0.000434 0.642971
2 1 0.021499 0.260038 0.462317 0.001636 0.254510
4 1 0.002105 0.175683 0.243974 0.000682 0.577555
2 1 0.000305 0.070649 0.735732 0.001836 0.191478
2 1 0.002945 0.105572 0.642787 0.019076 0.229620
4 1 0.006715 0.215893 0.218745 0.000622 0.558025
4 1 0.003940 0.200019 0.305420 0.000710 0.489912
4 1 0.007803 0.173319 0.214786 0.000721 0.603371
4 1 0.001524 0.112660 0.082445 0.000523 0.802847
4 1 0.003104 0.221252 0.309195 0.001185 0.465264
4 1 0.141616 0.209721 0.094211 0.000946 0.553506
4 1 0.027168 0.281754 0.119067 0.000102 0.571909
2 1 0.000352 0.080203 0.800501 0.000553 0.118391
2 1 0.051963 0.332314 0.444365 0.001126 0.170232
2 1 0.001730 0.093052 0.831813 0.001960 0.071444
2 1 0.004098 0.107040 0.632167 0.007616 0.249079
4 1 0.011108 0.210065 0.181519 0.000386 0.596921
4 2 0.002170 0.153907 0.121701 0.000054 0.722169
4 2 0.012620 0.224241 0.211755 0.002915 0.548469
0 2 0.437132 0.129442 0.230419 0.052793 0.150215
0 0 0.706970 0.090622 0.077791 0.066416 0.058200
0 0 0.733024 0.106457 0.050738 0.021669 0.088111
1 0 0.245331 0.396584 0.176529 0.003612 0.177944
1 0 0.108387 0.463668 0.315412 0.005042 0.107492
1 0 0.198648 0.435603 0.249383 0.004271 0.112095
0 0 0.480026 0.181322 0.066447 0.005636 0.266569
0 0 0.624499 0.119617 0.047234 0.009554 0.199097
0 0 0.712080 0.110734 0.050380 0.017889 0.108917
0 0 0.563584 0.129725 0.051723 0.010182 0.244786
2 0 0.073072 0.303802 0.426739 0.004642 0.191746
2 0 0.007724 0.207523 0.727855 0.008166 0.048731
2 0 0.002473 0.088076 0.874434 0.014176 0.020841
2 1 0.001652 0.034432 0.929275 0.022699 0.011943
2 1 0.018095 0.092299 0.877475 0.005575 0.006555
0 0 0.746140 0.105483 0.057750 0.030707 0.059920
0 0 0.638037 0.166182 0.093882 0.027777 0.074122
2 0 0.030011 0.207112 0.545274 0.070702 0.146901
2 1 0.000029 0.007862 0.987557 0.003052 0.001499
2 1 0.000001 0.000691 0.989259 0.010002 0.000047
2 1 0.000001 0.000378 0.958757 0.040802 0.000061
0 0 0.715138 0.109647 0.080075 0.036163 0.058977
0 0 0.762517 0.097608 0.050688 0.030440 0.058745
0 0 0.762517 0.097608 0.050688 0.030440 0.058745
1 0 0.273040 0.291142 0.181148 0.060320 0.194349
2 0 0.065272 0.339539 0.512264 0.003428 0.079497
2 1 0.001930 0.055060 0.928177 0.004732 0.010101
2 2 0.013772 0.116299 0.807643 0.001619 0.060667
2 0 0.069558 0.190742 0.619041 0.002861 0.117798
0 0 0.739206 0.104935 0.050794 0.023071 0.081995
0 0 0.762517 0.097608 0.050688 0.030440 0.058745
0 0 0.701561 0.112469 0.050122 0.016393 0.119455
0 0 0.512155 0.119016 0.041211 0.004946 0.322672
0 0 0.617914 0.119883 0.046928 0.009169 0.206106
0 0 0.762517 0.097608 0.050688 0.030440 0.058745
0 0 0.762517 0.097608 0.050688 0.030440 0.058745
0 0 0.595034 0.207907 0.104810 0.021296 0.070953
2 0 0.073998 0.304054 0.320452 0.076017 0.225479
2 1 0.013266 0.121308 0.483722 0.147812 0.233892
2 2 0.000095 0.004064 0.922675 0.067772 0.005395
2 2 0.000622 0.010615 0.948076 0.007518 0.033169
0 2 0.762517 0.097608 0.050688 0.030440 0.058745
0 0 0.762517 0.097608 0.050688 0.030440 0.058745
0 0 0.626638 0.119520 0.047332 0.009683 0.196827
4 0 0.228681 0.141939 0.039770 0.001102 0.588508
2 2 0.033204 0.270227 0.443280 0.018247 0.235042
2 2 0.032538 0.057840 0.718766 0.097232 0.093623
0 0 0.638467 0.119454 0.048987 0.010658 0.182434
0 0 0.762517 0.097608 0.050688 0.030440 0.058745
0 0 0.587127 0.120574 0.045410 0.007609 0.239281
0 0 0.515850 0.119187 0.041432 0.005050 0.318481
4 0 0.041306 0.239096 0.188161 0.000407 0.531031
2 0 0.000991 0.051870 0.916038 0.003315 0.027786
2 2 0.000497 0.007150 0.951183 0.033344 0.007827
2 2 0.000031 0.001514 0.992359 0.005521 0.000575
2 2 0.000017 0.000636 0.991500 0.007715 0.000131
2 2 0.000164 0.002821 0.983435 0.012831 0.000749
2 2 0.000047 0.001009 0.995281 0.003560 0.000104
2 2 0.000002 0.000337 0.999024 0.000559 0.000078
2 2 0.000005 0.000216 0.985251 0.014511 0.000017
2 2 0.000038 0.000601 0.973621 0.025677 0.000063
2 2 0.000002 0.000270 0.982600 0.016922 0.000205
2 2 0.000001 0.000086 0.786238 0.213656 0.000019
2 2 0.000001 0.000093 0.974501 0.025393 0.000013
2 2 0.000000 0.000045 0.994987 0.004963 0.000006
2 2 0.000000 0.000020 0.993116 0.006859 0.000005
2 2 0.000000 0.000021 0.984660 0.015310 0.000008
2 2 0.000000 0.000031 0.984644 0.015315 0.000011
2 2 0.000000 0.000019 0.989148 0.010827 0.000007
2 2 0.000000 0.000029 0.970036 0.029933 0.000003
2 2 0.000000 0.000065 0.996102 0.003828 0.000005
2 2 0.000000 0.000059 0.993219 0.006705 0.000017
2 2 0.000000 0.000045 0.937014 0.062929 0.000012
2 2 0.000000 0.000010 0.967741 0.032247 0.000002
2 2 0.000001 0.000133 0.960801 0.038967 0.000097
2 2 0.000017 0.000643 0.970786 0.028405 0.000149
2 2 0.000003 0.000394 0.993885 0.005657 0.000061
2 2 0.000000 0.000126 0.989616 0.010229 0.000029
3 2 0.000147 0.000394 0.258007 0.741263 0.000190
2 2 0.027490 0.041029 0.544306 0.373250 0.013926
3 2 0.187428 0.132288 0.280731 0.330323 0.069229
0 0 0.677875 0.101020 0.078813 0.059518 0.082774
2 0 0.091393 0.154080 0.467702 0.052111 0.234714
2 0 0.006850 0.073290 0.831554 0.017037 0.071269
2 0 0.205719 0.207816 0.432921 0.059937 0.093607
0 0 0.686466 0.136234 0.064576 0.019874 0.092851
2 0 0.063909 0.322172 0.513704 0.009348 0.090867
2 2 0.000577 0.037400 0.951161 0.003620 0.007243
2 2 0.034966 0.107822 0.795434 0.018261 0.043517
0 0 0.624744 0.130625 0.052899 0.010433 0.181299
0 0 0.758001 0.099279 0.050759 0.028654 0.063307
2 0 0.001168 0.021409 0.744215 0.173506 0.059702
3 2 0.000364 0.003180 0.440762 0.554261 0.001433
2 2 0.000002 0.000127 0.940399 0.059434 0.000038
2 2 0.000156 0.001983 0.963427 0.033864 0.000569
2 2 0.000006 0.000287 0.968617 0.031067 0.000022
2 2 0.000003 0.000286 0.993427 0.006213 0.000072
2 2 0.000007 0.000310 0.959384 0.040229 0.000071
2 2 0.000018 0.000329 0.925055 0.074515 0.000083
2 2 0.000002 0.000120 0.964621 0.035249 0.000007
2 2 0.000013 0.001070 0.986243 0.012548 0.000126
2 2 0.000000 0.000032 0.783039 0.216926 0.000003
2 2 0.000000 0.000017 0.897825 0.102156 0.000001
2 2 0.000070 0.001106 0.900347 0.097949 0.000528
0 2 0.530808 0.093742 0.198285 0.125891 0.051274
0 0 0.762517 0.097608 0.050688 0.030440 0.058745
0 0 0.706295 0.111718 0.050244 0.017040 0.114703
1 0 0.159372 0.488519 0.200467 0.003155 0.148487
2 2 0.110967 0.183239 0.372219 0.115148 0.218427
2 2 0.262990 0.110815 0.476957 0.060821 0.088417
0 2 0.699550 0.100555 0.069375 0.039891 0.090629
0 0 0.762517 0.097608 0.050688 0.030440 0.058745
0 0 0.730163 0.091392 0.066168 0.053680 0.058598
0 0 0.762517 0.097608 0.050688 0.030440 0.058745
0 0 0.762517 0.097608 0.050688 0.030440 0.058745
0 0 0.762517 0.097608 0.050688 0.030440 0.058745
0 0 0.762517 0.097608 0.050688 0.030440 0.058745
0 0 0.520181 0.259837 0.129613 0.017907 0.072462
0 1 0.664745 0.160919 0.082007 0.024760 0.067570
2 2 0.009626 0.111703 0.754089 0.053524 0.071059
2 2 0.003262 0.036685 0.862969 0.049210 0.047875
0 2 0.447797 0.213985 0.249573 0.028998 0.059646
0 0 0.725547 0.121147 0.062420 0.028139 0.062747
2 0 0.048440 0.317281 0.560804 0.012272 0.061204
2 2 0.001176 0.028490 0.935388 0.028128 0.006819
2 2 0.000060 0.001403 0.914970 0.082935 0.000633
2 2 0.000002 0.000489 0.936587 0.062731 0.000191
2 2 0.000157 0.019065 0.960625 0.010069 0.010084
2 2 0.000327 0.085998 0.512549 0.000651 0.400475
4 4 0.001691 0.130391 0.145049 0.000544 0.722324
4 4 0.006518 0.071162 0.027624 0.000235 0.894461
4 4 0.000160 0.047032 0.059290 0.000016 0.893502
4 4 0.000472 0.006889 0.001881 0.000025 0.990732
4 4 0.001925 0.020290 0.005138 0.000037 0.972609
4 4 0.001283 0.043958 0.018316 0.000405 0.936037
4 4 0.000259 0.029018 0.014814 0.000447 0.955463
4 4 0.020680 0.069416 0.057571 0.001617 0.850716
4 4 0.001797 0.019442 0.007339 0.000334 0.971088
4 4 0.002163 0.018945 0.011193 0.000750 0.966949
4 4 0.002841 0.013673 0.005018 0.000032 0.978436
4 4 0.063065 0.035463 0.006735 0.000074 0.894662
4 4 0.074829 0.103104 0.042388 0.005139 0.774540
4 4 0.067607 0.102227 0.043009 0.005481 0.781677
4 4 0.003754 0.020873 0.006538 0.000194 0.968641
4 4 0.004772 0.033440 0.013740 0.000971 0.947076
4 4 0.000867 0.015524 0.006293 0.000311 0.977005
4 4 0.001305 0.015653 0.004775 0.000084 0.978183
4 4 0.007634 0.051557 0.025238 0.003326 0.912244
4 4 0.002697 0.032393 0.015646 0.001627 0.947638
4 4 0.000658 0.030976 0.011820 0.000165 0.956380
4 4 0.004377 0.137789 0.059758 0.000346 0.797731
4 4 0.155031 0.063403 0.017706 0.000525 0.763336
4 4 0.009061 0.072621 0.054278 0.003080 0.860960
4 4 0.001681 0.077219 0.171749 0.000999 0.748353
2 4 0.006222 0.145484 0.656206 0.002879 0.189209
2 4 0.002482 0.155300 0.683575 0.000272 0.158371
2 4 0.001383 0.144090 0.774037 0.000385 0.080105
4 4 0.018153 0.294151 0.084212 0.000197 0.603287
4 2 0.006494 0.291126 0.170962 0.000860 0.530558
4 2 0.001665 0.093878 0.081405 0.000971 0.822080
2 2 0.000777 0.052208 0.711630 0.023733 0.211651
2 2 0.000101 0.059014 0.600129 0.000795 0.339961
2 2 0.000143 0.098939 0.520972 0.000447 0.379499
4 2 0.009037 0.233312 0.162298 0.000037 0.595317
4 2 0.073790 0.219133 0.192180 0.002201 0.512697
4 2 0.041078 0.308898 0.231220 0.001063 0.417741
2 2 0.006385 0.241746 0.444689 0.001494 0.305686
1 2 0.021366 0.354781 0.307498 0.006186 0.310168
2 2 0.004790 0.187199 0.501445 0.009453 0.297113
4 0 0.182720 0.197757 0.133443 0.004189 0.481891
4 0 0.242785 0.243000 0.076520 0.001578 0.436118
4 0 0.248598 0.086191 0.022739 0.000926 0.641545
4 0 0.391364 0.108817 0.033354 0.002466 0.463999
0 0 0.588269 0.120563 0.045468 0.007661 0.238038
4 0 0.340871 0.102108 0.029752 0.001799 0.525470
4 1 0.147958 0.062700 0.014432 0.000342 0.774568
4 0 0.241949 0.084852 0.022212 0.000877 0.650109
4 0 0.097251 0.265880 0.108918 0.000785 0.527166
2 1 0.001090 0.049520 0.684502 0.065614 0.199274
2 1 0.000076 0.045203 0.862680 0.025014 0.067027
3 1 0.000003 0.000606 0.179140 0.819573 0.000677
2 1 0.001269 0.073481 0.745646 0.071755 0.107849
2 1 0.000035 0.003819 0.968551 0.025797 0.001798
2 2 0.000096 0.004182 0.992147 0.002763 0.000813
2 2 0.000000 0.000161 0.994745 0.005020 0.000074
2 2 0.000000 0.000037 0.926116 0.073840 0.000007
2 2 0.000001 0.000079 0.992993 0.006738 0.000190
2 2 0.000000 0.000031 0.998283 0.001678 0.000007
2 2 0.000001 0.000175 0.998923 0.000845 0.000056
2 2 0.000000 0.000024 0.992093 0.007880 0.000003
2 2 0.000005 0.001090 0.988388 0.010254 0.000264
2 2 0.000002 0.000087 0.920382 0.079521 0.000008
2 2 0.000000 0.000026 0.859091 0.140880 0.000002
2 2 0.000000 0.000004 0.985416 0.014580 0.000000
2 2 0.000000 0.000016 0.987243 0.012737 0.000004
2 2 0.000000 0.000029 0.968172 0.031777 0.000022
2 2 0.000000 0.000001 0.715125 0.284874 0.000000
3 2 0.000000 0.000000 0.077232 0.922767 0.000000
3 2 0.000000 0.000002 0.184687 0.815310 0.000001
2 2 0.000000 0.000026 0.552620 0.447343 0.000011
3 2 0.000003 0.000128 0.395315 0.604526 0.000028
2 2 0.000002 0.000377 0.710227 0.289282 0.000113
3 2 0.000001 0.000028 0.124306 0.875636 0.000030
3 2 0.000000 0.000008 0.220295 0.779691 0.000006
3 2 0.000000 0.000000 0.028380 0.971619 0.000000
3 2 0.000000 0.000000 0.024344 0.975655 0.000000
3 2 0.000000 0.000000 0.008376 0.991623 0.000000
3 2 0.000000 0.000001 0.020576 0.979423 0.000000
3 3 0.000000 0.000003 0.028195 0.971800 0.000002
3 3 0.000000 0.000000 0.030501 0.969499 0.000000
3 3 0.000000 0.000005 0.008995 0.990996 0.000004
3 3 0.000000 0.000011 0.052132 0.947847 0.000010
3 3 0.000000 0.000000 0.038469 0.961530 0.000000
3 3 0.000000 0.000002 0.042093 0.957905 0.000001
3 3 0.000000 0.000013 0.047020 0.952960 0.000006
3 3 0.000000 0.000000 0.003714 0.996286 0.000000
3 3 0.000000 0.000000 0.002167 0.997832 0.000000
3 3 0.000000 0.000000 0.001435 0.998565 0.000000
3 3 0.000000 0.000001 0.005761 0.994237 0.000001
3 3 0.000000 0.000000 0.006839 0.993161 0.000000
3 3 0.000000 0.000000 0.002070 0.997930 0.000000
3 3 0.000000 0.000008 0.003697 0.996285 0.000009
3 3 0.000000 0.000000 0.001946 0.998054 0.000000
3 3 0.000000 0.000000 0.002105 0.997895 0.000000
3 3 0.000000 0.000000 0.004407 0.995593 0.000000
3 3 0.000000 0.000001 0.002043 0.997954 0.000001
3 3 0.000000 0.000003 0.032605 0.967390 0.000002
3 3 0.000000 0.000001 0.010054 0.989945 0.000001
3 3 0.000000 0.000003 0.003235 0.996759 0.000003
3 3 0.000000 0.000012 0.004803 0.995171 0.000013
3 3 0.000000 0.000007 0.003451 0.996534 0.000008
3 3 0.000000 0.000002 0.002455 0.997539 0.000003
3 3 0.000000 0.000001 0.002348 0.997650 0.000001
3 3 0.000000 0.000006 0.007948 0.992041 0.000005
3 3 0.000003 0.000026 0.010326 0.989618 0.000026
3 3 0.000000 0.000005 0.012250 0.987740 0.000004
3 3 0.000000 0.000005 0.034294 0.965698 0.000003
3 3 0.000000 0.000001 0.172537 0.827461 0.000000
3 2 0.000001 0.000054 0.252437 0.747494 0.000014
3 2 0.000006 0.000161 0.404319 0.595467 0.000047
2 2 0.000017 0.001320 0.917208 0.080630 0.000825
3 2 0.000586 0.000930 0.211062 0.786924 0.000498
3 2 0.016509 0.008752 0.374013 0.596128 0.004598
3 0 0.298018 0.063079 0.159302 0.431646 0.047954
3 0 0.012469 0.018608 0.468368 0.493227 0.007329
3 2 0.001110 0.003970 0.411773 0.581799 0.001348
3 2 0.000028 0.000206 0.461756 0.537874 0.000135
2 2 0.000074 0.000463 0.724536 0.274675 0.000252
2 2 0.000021 0.001339 0.985661 0.012505 0.000474
2 2 0.000091 0.001176 0.894063 0.103868 0.000803
2 2 0.000310 0.002235 0.611733 0.381874 0.003849
0 2 0.359173 0.153610 0.296234 0.031401 0.159582
0 2 0.367864 0.164736 0.340377 0.064015 0.063009
2 2 0.008188 0.023857 0.796825 0.141341 0.029788
2 2 0.000026 0.000685 0.932318 0.066733 0.000238
2 2 0.000002 0.000100 0.864162 0.135717 0.000019
2 2 0.000002 0.000026 0.554453 0.445510 0.000009
2 2 0.000001 0.000040 0.752236 0.247681 0.000042
2 2 0.000012 0.000241 0.614520 0.385060 0.000167
2 2 0.000169 0.008073 0.954467 0.025498 0.011794
2 2 0.000332 0.037575 0.935033 0.008215 0.018845
2 2 0.000213 0.030112 0.932903 0.002649 0.034122
2 2 0.000083 0.029503 0.924419 0.003563 0.042432
2 2 0.000078 0.019736 0.881207 0.016035 0.082944
2 2 0.000064 0.053894 0.651761 0.008357 0.285925
4 4 0.000373 0.062814 0.129594 0.026026 0.781193
4 4 0.000036 0.030941 0.105689 0.005726 0.857608
4 4 0.000345 0.070710 0.086653 0.000579 0.841713
4 4 0.000871 0.043273 0.025896 0.000584 0.929376
4 4 0.005505 0.086306 0.027540 0.000221 0.880428
4 4 0.003518 0.138663 0.089809 0.000691 0.767319
4 4 0.002684 0.146284 0.090143 0.002042 0.758847
2 4 0.001112 0.188007 0.616250 0.004086 0.190545
4 4 0.002793 0.084514 0.231627 0.010021 0.671045
2 4 0.003928 0.173298 0.431981 0.002783 0.388010
2 4 0.001399 0.178762 0.451198 0.001970 0.366671
2 4 0.084890 0.191082 0.606229 0.003806 0.113993
0 0 0.480048 0.283288 0.134814 0.014006 0.087844
0 0 0.418521 0.305908 0.188260 0.017885 0.069426
2 0 0.312967 0.289096 0.323799 0.018574 0.055564
0 0 0.749982 0.101121 0.057926 0.032048 0.058923
4 0 0.230021 0.317995 0.125118 0.002046 0.324820
0 0 0.486796 0.143045 0.092104 0.008243 0.269811
0 0 0.741975 0.104206 0.050810 0.023755 0.079254
0 0 0.710773 0.110963 0.050351 0.017691 0.110222
0 0 0.427682 0.176347 0.131150 0.042144 0.222677
4 2 0.115851 0.173206 0.184658 0.037167 0.489119
1 2 0.049007 0.397933 0.356260 0.000577 0.196223
4 2 0.204853 0.190407 0.134894 0.001970 0.467876
0 2 0.734594 0.106083 0.050755 0.022010 0.086557
0 0 0.675372 0.115864 0.049310 0.013430 0.146024
2 0 0.005059 0.087691 0.852042 0.001357 0.053850
2 0 0.041178 0.205286 0.671197 0.002801 0.079538
2 0 0.242922 0.212005 0.417833 0.025203 0.102037
0 0 0.616430 0.168644 0.109980 0.036103 0.068842
0 0 0.546751 0.135073 0.049736 0.006543 0.261897
4 0 0.005231 0.161531 0.044585 0.000083 0.788570
0 0 0.548326 0.222244 0.103120 0.013804 0.112506
0 0 0.382634 0.188889 0.227403 0.117971 0.083103
0 0 0.709265 0.128179 0.068969 0.029655 0.063931
2 2 0.018194 0.294160 0.641671 0.003323 0.042651
2 2 0.006374 0.144916 0.731903 0.004906 0.111901
2 2 0.000618 0.015168 0.943986 0.023070 0.017159
2 2 0.000849 0.004443 0.971620 0.022683 0.000405
2 2 0.010784 0.019901 0.915126 0.050540 0.003650
2 2 0.000125 0.002177 0.981826 0.015157 0.000715
2 2 0.000092 0.001450 0.973198 0.024230 0.001030
2 2 0.000087 0.001994 0.975883 0.021566 0.000470
2 2 0.000361 0.002784 0.971649 0.024499 0.000706
2 2 0.001537 0.018922 0.967040 0.001834 0.010667
2 2 0.007099 0.039572 0.936578 0.009575 0.007177
2 2 0.000009 0.002384 0.995059 0.002132 0.000416
2 2 0.000001 0.000576 0.995496 0.003813 0.000115
2 2 0.000002 0.000508 0.990694 0.008516 0.000280
2 2 0.000321 0.007211 0.987979 0.002417 0.002072
2 2 0.000047 0.002524 0.977033 0.020050 0.000346
2 2 0.000002 0.000412 0.992426 0.007006 0.000154
2 2 0.000010 0.000666 0.994627 0.004637 0.000060
2 2 0.000003 0.001146 0.997785 0.000631 0.000434
2 2 0.000006 0.002367 0.993831 0.001736 0.002060
2 2 0.000005 0.002784 0.994247 0.000702 0.002263
2 2 0.000004 0.000496 0.904780 0.094602 0.000118
2 2 0.000071 0.003396 0.990544 0.005498 0.000491
2 2 0.000001 0.000119 0.932631 0.067228 0.000022
2 2 0.000000 0.000113 0.997852 0.002018 0.000016
2 2 0.000002 0.000811 0.996588 0.002404 0.000196
2 2 0.000002 0.000243 0.998522 0.001186 0.000047
2 2 0.000001 0.000083 0.987684 0.012194 0.000038
2 2 0.000321 0.003277 0.768592 0.225742 0.002068
2 2 0.000002 0.000649 0.973660 0.025439 0.000250
2 2 0.000001 0.000343 0.960764 0.038751 0.000141
2 2 0.000020 0.003208 0.964605 0.028575 0.003590
2 2 0.000005 0.000803 0.949441 0.049367 0.000383
2 2 0.000000 0.000022 0.573758 0.426218 0.000003
2 2 0.000001 0.000080 0.819728 0.180162 0.000029
2 2 0.000000 0.000066 0.945765 0.054115 0.000054
2 2 0.000000 0.000044 0.859439 0.140503 0.000014
2 2 0.000000 0.000098 0.970915 0.028948 0.000038
2 2 0.000000 0.000008 0.927944 0.072047 0.000001
2 2 0.000012 0.000149 0.851049 0.148768 0.000022
2 2 0.000000 0.000042 0.736343 0.263609 0.000005
2 2 0.000008 0.000473 0.966225 0.032575 0.000718
2 2 0.000000 0.000113 0.916172 0.083648 0.000068
2 2 0.000000 0.000095 0.842856 0.156999 0.000049
3 2 0.000000 0.000003 0.303166 0.696829 0.000002
2 2 0.000002 0.000102 0.923834 0.076040 0.000022
2 2 0.000000 0.000282 0.985484 0.014197 0.000037
2 2 0.000114 0.001352 0.816935 0.180495 0.001103
2 2 0.000005 0.000332 0.965199 0.034342 0.000122
2 2 0.000002 0.000059 0.685175 0.314735 0.000029
3 2 0.000000 0.000002 0.096435 0.903562 0.000001
2 2 0.000035 0.001813 0.811522 0.186428 0.000201
3 2 0.000000 0.000028 0.458394 0.541557 0.000021
2 2 0.000001 0.000060 0.696490 0.303432 0.000017
2 2 0.000010 0.000790 0.776827 0.221458 0.000915
2 2 0.000001 0.000068 0.591343 0.408558 0.000030
2 2 0.000000 0.000055 0.931196 0.068727 0.000021
2 2 0.000002 0.000226 0.818914 0.180778 0.000080
2 2 0.000010 0.000293 0.518430 0.481164 0.000103
3 2 0.000044 0.000423 0.483670 0.515739 0.000124
2 2 0.000110 0.004013 0.851408 0.143878 0.000592
2 2 0.000009 0.000364 0.537837 0.461235 0.000555
2 2 0.000000 0.000040 0.924248 0.075701 0.000011
3 2 0.000000 0.000021 0.404393 0.595573 0.000013
2 2 0.000002 0.000081 0.704141 0.295760 0.000016
2 2 0.000009 0.000430 0.856055 0.143460 0.000046
2 2 0.000002 0.000135 0.906928 0.092924 0.000011
2 2 0.000002 0.000186 0.938187 0.061602 0.000023
2 2 0.000001 0.000059 0.875156 0.124777 0.000007
2 2 0.000000 0.000020 0.963653 0.036323 0.000003
2 2 0.000089 0.001042 0.886755 0.111978 0.000137
3 2 0.000001 0.000088 0.433124 0.566768 0.000019
2 2 0.000008 0.000381 0.805425 0.194141 0.000046
2 2 0.000039 0.000826 0.867722 0.131069 0.000345
2 2 0.000211 0.003488 0.812956 0.181490 0.001855
2 2 0.158906 0.144925 0.564135 0.096602 0.035431
2 2 0.013312 0.081841 0.859290 0.036546 0.009011
2 2 0.105682 0.346316 0.507835 0.007460 0.032707
2 2 0.000781 0.026446 0.901379 0.068921 0.002473
2 2 0.000035 0.001127 0.639944 0.358418 0.000476
2 2 0.000061 0.000897 0.566061 0.432793 0.000188
2 2 0.000891 0.006433 0.928387 0.059659 0.004630
2 2 0.000029 0.000558 0.838467 0.160871 0.000075
2 2 0.000004 0.000240 0.914048 0.085682 0.000026
2 2 0.000006 0.000354 0.987849 0.011752 0.000038
2 2 0.002586 0.005314 0.874458 0.116644 0.000997
2 2 0.000024 0.000602 0.827228 0.171860 0.000286
2 2 0.000005 0.000307 0.878635 0.121011 0.000043
2 2 0.000001 0.000716 0.978160 0.021021 0.000102
3 2 0.000001 0.000261 0.267404 0.732054 0.000279
2 2 0.000087 0.012448 0.807443 0.167656 0.012365
2 4 0.001089 0.089092 0.654105 0.018075 0.237638
2 4 0.000422 0.078963 0.607368 0.067293 0.245954
4 4 0.002421 0.111161 0.202769 0.064337 0.619312
4 4 0.001362 0.094655 0.211574 0.055898 0.636511
2 4 0.000431 0.076314 0.535482 0.009893 0.377879
4 4 0.007316 0.157292 0.131611 0.001338 0.702443
2 4 0.011425 0.333251 0.375444 0.000828 0.279052
2 4 0.013090 0.183390 0.445324 0.001049 0.357148
4 4 0.008251 0.319504 0.285902 0.000465 0.385878
4 4 0.003752 0.091982 0.053302 0.003160 0.847804
4 4 0.010261 0.133406 0.235144 0.085405 0.535784
2 4 0.011038 0.169691 0.608129 0.009571 0.201571
4 4 0.031207 0.204252 0.324710 0.003525 0.436307
4 4 0.030158 0.194616 0.060387 0.000431 0.714408
4 4 0.014934 0.271776 0.171755 0.001108 0.540426
2 4 0.071567 0.323552 0.457015 0.011708 0.136158
4 4 0.110435 0.195873 0.234929 0.036036 0.422727
4 4 0.038923 0.161653 0.301707 0.049748 0.447968
4 4 0.000629 0.148595 0.156244 0.001468 0.693064
4 4 0.002081 0.087177 0.084685 0.002527 0.823530
4 4 0.036536 0.095901 0.052981 0.010681 0.803902
4 4 0.006142 0.073218 0.090472 0.008896 0.821272
4 4 0.016322 0.134716 0.121283 0.001157 0.726521
4 4 0.072562 0.082614 0.017162 0.000117 0.827546
4 4 0.125479 0.143100 0.040293 0.000801 0.690327
4 4 0.007552 0.228679 0.094121 0.000888 0.668759
4 4 0.002160 0.121709 0.059224 0.000350 0.816557
4 4 0.005227 0.176312 0.117461 0.005837 0.695164
4 4 0.035109 0.281371 0.151181 0.004380 0.527959
4 4 0.005525 0.311771 0.328253 0.001938 0.352513
4 1 0.046971 0.157376 0.266427 0.041396 0.487830
4 1 0.040638 0.246338 0.299611 0.036799 0.376614
4 2 0.010944 0.214506 0.146028 0.001806 0.626716
4 2 0.005742 0.116466 0.082912 0.000018 0.794862
4 2 0.007607 0.116547 0.159971 0.000629 0.715246
4 2 0.058231 0.200008 0.109785 0.002059 0.629917
2 2 0.005802 0.176563 0.631734 0.013080 0.172821
4 0 0.018176 0.209909 0.334376 0.001101 0.436438
4 0 0.041091 0.152847 0.059602 0.000389 0.746071
4 0 0.011468 0.076565 0.232999 0.004829 0.674138
4 0 0.182390 0.150778 0.101890 0.035189 0.529752
4 0 0.149139 0.327667 0.142176 0.006931 0.374087
2 2 0.004362 0.110180 0.427491 0.238783 0.219184
4 2 0.034636 0.356147 0.210956 0.000607 0.397654
4 2 0.015522 0.265370 0.152907 0.000397 0.565804
4 2 0.177933 0.132309 0.034696 0.000676 0.654385
0 0 0.499436 0.118357 0.040441 0.004603 0.337163
0 0 0.762517 0.097608 0.050688 0.030440 0.058745
0 0 0.762517 0.097608 0.050688 0.030440 0.058745
0 0 0.323625 0.228985 0.166311 0.018448 0.262631
2 0 0.001784 0.102148 0.764068 0.002550 0.129451
4 0 0.060505 0.214002 0.127797 0.001036 0.596660
4 0 0.014302 0.144178 0.169224 0.001689 0.670607
4 0 0.208090 0.238546 0.087695 0.002802 0.462866
4 0 0.112846 0.151926 0.091112 0.010589 0.633528
4 0 0.068643 0.130900 0.068700 0.017039 0.714717
4 0 0.012152 0.072712 0.077266 0.024035 0.813835
4 1 0.016684 0.184339 0.064619 0.000671 0.733686
4 1 0.151542 0.065245 0.015294 0.000381 0.767538
0 0 0.529470 0.119739 0.042235 0.005455 0.303102
0 0 0.457856 0.288029 0.128861 0.010763 0.114491
2 0 0.010092 0.332752 0.426846 0.004488 0.225822
2 1 0.002309 0.279520 0.386115 0.001546 0.330510
2 1 0.012853 0.243526 0.568249 0.008586 0.166786
2 1 0.023432 0.105683 0.558605 0.138989 0.173291
4 1 0.233374 0.161845 0.130646 0.070343 0.403792
0 1 0.692506 0.119484 0.091959 0.036032 0.060019
0 0 0.455025 0.109638 0.131323 0.226275 0.077739
1 1 0.233644 0.366417 0.254735 0.050676 0.094528
1 1 0.008662 0.368640 0.299456 0.002292 0.320950
1 1 0.270248 0.272675 0.242464 0.038264 0.176349
0 0 0.553416 0.123699 0.045041 0.006371 0.271473
0 0 0.762517 0.097608 0.050688 0.030440 0.058745
4 0 0.230709 0.170124 0.088196 0.026276 0.484694
1 4 0.008376 0.398787 0.311711 0.011132 0.269994
4 4 0.004015 0.231678 0.341488 0.007200 0.415619
4 2 0.009601 0.188617 0.273800 0.009018 0.518963
2 2 0.004619 0.259018 0.577888 0.003583 0.154893
2 2 0.022216 0.381738 0.496092 0.002424 0.097529
2 2 0.029872 0.289432 0.502598 0.006634 0.171464
2 2 0.008896 0.233651 0.593113 0.005485 0.158855
2 2 0.025855 0.305463 0.385622 0.004151 0.278909
1 2 0.095305 0.355831 0.253486 0.003088 0.292291
2 2 0.101435 0.304498 0.361040 0.001721 0.231306
0 2 0.662850 0.117097 0.048852 0.012293 0.158908
4 2 0.068717 0.337445 0.164286 0.006124 0.423428
2 2 0.085378 0.337884 0.477464 0.002662 0.096612
1 0 0.171678 0.389362 0.385179 0.008596 0.045184
0 0 0.690390 0.134971 0.077341 0.032258 0.065039
0 0 0.762517 0.097608 0.050688 0.030440 0.058745
4 0 0.037806 0.293038 0.218952 0.000811 0.449392
4 0 0.078368 0.185825 0.055775 0.000248 0.679783
4 0 0.253879 0.147537 0.123709 0.003122 0.471753
0 0 0.470229 0.153356 0.053414 0.004626 0.318375
4 0 0.156852 0.220844 0.122284 0.006663 0.493357
4 0 0.004713 0.259726 0.272505 0.000771 0.462286
2 1 0.002095 0.115105 0.796467 0.017154 0.069179
2 1 0.003426 0.107092 0.801606 0.042241 0.045635
2 1 0.006294 0.191453 0.464158 0.009825 0.328269
2 2 0.001832 0.055388 0.814942 0.036576 0.091262
2 2 0.000001 0.000687 0.991820 0.007264 0.000228
2 2 0.000001 0.000217 0.975236 0.024430 0.000116
2 2 0.000003 0.000280 0.960201 0.039367 0.000149
2 2 0.000003 0.000591 0.979904 0.018645 0.000857
2 2 0.000076 0.002650 0.925056 0.069128 0.003090
2 2 0.000086 0.006883 0.924635 0.066402 0.001995
2 2 0.000070 0.002982 0.929645 0.066679 0.000624
2 2 0.000140 0.003476 0.963908 0.030345 0.002132
2 2 0.000000 0.000145 0.997835 0.001964 0.000055
2 2 0.000002 0.001075 0.993030 0.005471 0.000422
0 2 0.762517 0.097608 0.050688 0.030440 0.058745
0 0 0.755012 0.100305 0.050790 0.027591 0.066302
0 0 0.361146 0.236925 0.090685 0.006046 0.305198
4 2 0.014907 0.210124 0.202712 0.005845 0.566411
1 2 0.089699 0.471331 0.265029 0.013607 0.160334
0 2 0.580433 0.192762 0.085003 0.013019 0.128783
0 0 0.706243 0.087314 0.075872 0.072607 0.057963
0 0 0.516443 0.135386 0.144516 0.128621 0.075034
4 0 0.056387 0.339478 0.122075 0.001372 0.480689
4 1 0.014696 0.077894 0.047477 0.007129 0.852804
2 1 0.000979 0.016401 0.772211 0.187658 0.022751
2 1 0.010035 0.046131 0.908515 0.004615 0.030704
0 1 0.639468 0.171028 0.082359 0.019531 0.087615
0 0 0.750751 0.105041 0.054405 0.029682 0.060121
0 0 0.672983 0.140050 0.064672 0.017778 0.104516
4 0 0.070281 0.244430 0.128383 0.014732 0.542174
4 2 0.021250 0.344524 0.194290 0.008266 0.431670
2 2 0.003873 0.174131 0.695001 0.019846 0.107149
2 2 0.000003 0.001460 0.936855 0.060650 0.001032
2 2 0.000021 0.001503 0.855476 0.141761 0.001239
2 2 0.000000 0.000042 0.984167 0.015776 0.000015
2 2 0.000003 0.000274 0.971807 0.027850 0.000065
2 2 0.000001 0.000109 0.956997 0.042847 0.000045
2 2 0.000002 0.000201 0.995827 0.003844 0.000126
2 2 0.000000 0.000039 0.863349 0.136602 0.000010
2 2 0.000001 0.000169 0.990893 0.008920 0.000018
2 2 0.000000 0.000042 0.902751 0.097195 0.000011
2 2 0.000000 0.000023 0.901131 0.098840 0.000007
2 2 0.000016 0.001054 0.969233 0.028284 0.001412
2 2 0.000135 0.003009 0.986804 0.009518 0.000535
2 2 0.000000 0.000161 0.983042 0.016715 0.000082
2 2 0.000010 0.002499 0.947589 0.048807 0.001094
2 2 0.000015 0.001088 0.889414 0.107874 0.001609
2 2 0.000002 0.000273 0.972301 0.027210 0.000215
2 2 0.000000 0.000102 0.996039 0.003834 0.000025
2 2 0.000000 0.000195 0.995368 0.004275 0.000162
2 2 0.000006 0.000645 0.992974 0.005892 0.000482
2 2 0.000004 0.000675 0.986154 0.012540 0.000627
2 2 0.000000 0.000018 0.977670 0.022307 0.000006
2 2 0.000000 0.000109 0.880565 0.119221 0.000104
2 2 0.000002 0.000211 0.882032 0.117592 0.000163
2 2 0.000000 0.000017 0.901011 0.098969 0.000003
2 2 0.000000 0.000075 0.992317 0.007597 0.000010
2 2 0.000000 0.000014 0.790229 0.209756 0.000002
2 2 0.000001 0.000081 0.761352 0.238516 0.000050
3 2 0.000001 0.000028 0.326165 0.673800 0.000007
2 2 0.000061 0.000729 0.770311 0.228521 0.000379
2 2 0.000057 0.000830 0.917094 0.081723 0.000296
2 2 0.000008 0.000631 0.968925 0.030308 0.000128
2 2 0.000001 0.000471 0.987266 0.012219 0.000043
2 2 0.000004 0.000633 0.889992 0.108970 0.000400
2 2 0.000004 0.000268 0.947415 0.052178 0.000135
2 2 0.000001 0.000101 0.630180 0.369678 0.000039
2 2 0.000035 0.000840 0.519639 0.479214 0.000272
2 2 0.000014 0.001776 0.873017 0.123598 0.001596
2 2 0.000000 0.000068 0.849084 0.150828 0.000021
3 2 0.000000 0.000030 0.284124 0.715837 0.000009
2 2 0.000001 0.000131 0.844070 0.155758 0.000041
3 2 0.000000 0.000002 0.112006 0.887992 0.000001
3 2 0.000011 0.000095 0.151952 0.847900 0.000042
3 2 0.000001 0.000057 0.191208 0.808675 0.000060
3 2 0.000000 0.000003 0.034074 0.965921 0.000001
3 2 0.000001 0.000018 0.171683 0.828290 0.000008
3 2 0.000000 0.000011 0.154594 0.845390 0.000004
3 2 0.000000 0.000002 0.048671 0.951326 0.000001
3 2 0.000003 0.000088 0.239027 0.760847 0.000035
3 3 0.000002 0.000041 0.104552 0.895382 0.000023
3 3 0.000000 0.000012 0.058965 0.941011 0.000012
3 3 0.000000 0.000004 0.017441 0.982552 0.000003
3 3 0.000001 0.000023 0.016458 0.983500 0.000018
3 3 0.000000 0.000008 0.014710 0.985271 0.000010
3 3 0.000000 0.000002 0.004894 0.995102 0.000002
3 3 0.000000 0.000000 0.002598 0.997401 0.000000
3 3 0.000000 0.000001 0.003619 0.996379 0.000001
3 3 0.000000 0.000004 0.003684 0.996307 0.000004
3 3 0.000000 0.000001 0.008765 0.991234 0.000001
3 3 0.000000 0.000000 0.008289 0.991711 0.000000
3 3 0.000000 0.000000 0.004960 0.995039 0.000000
3 3 0.000000 0.000000 0.002737 0.997263 0.000000
3 3 0.000000 0.000005 0.004694 0.995296 0.000005
3 3 0.000000 0.000001 0.004148 0.995850 0.000001
3 3 0.000000 0.000002 0.010573 0.989424 0.000001
3 3 0.000000 0.000002 0.014689 0.985309 0.000001
3 3 0.000000 0.000000 0.002178 0.997822 0.000000
3 3 0.000000 0.000000 0.002042 0.997958 0.000000
3 3 0.000000 0.000007 0.015698 0.984290 0.000005
3 3 0.000000 0.000007 0.005574 0.994412 0.000007
3 3 0.000000 0.000002 0.005466 0.994531 0.000002
3 3 0.000000 0.000000 0.001563 0.998436 0.000000
3 3 0.000000 0.000000 0.000704 0.999296 0.000000
3 3 0.000000 0.000001 0.010482 0.989517 0.000001
3 3 0.000000 0.000000 0.001401 0.998599 0.000000
3 3 0.000000 0.000001 0.000988 0.999011 0.000001
3 3 0.000000 0.000001 0.001467 0.998532 0.000001
3 3 0.000000 0.000002 0.001028 0.998968 0.000002
3 3 0.000000 0.000000 0.000366 0.999633 0.000000
3 3 0.000000 0.000000 0.000525 0.999475 0.000000
3 3 0.000000 0.000000 0.000067 0.999933 0.000000
3 3 0.000000 0.000000 0.001181 0.998818 0.000000
3 3 0.000000 0.000000 0.000806 0.999194 0.000000
3 3 0.000000 0.000006 0.005052 0.994936 0.000006
3 3 0.000001 0.000014 0.003163 0.996804 0.000018
3 3 0.000000 0.000001 0.000437 0.999560 0.000002
3 3 0.000000 0.000000 0.000746 0.999254 0.000000
3 3 0.000000 0.000001 0.001491 0.998505 0.000002
3 3 0.000000 0.000009 0.001252 0.998723 0.000015
3 3 0.000000 0.000004 0.000649 0.999341 0.000007
3 3 0.000000 0.000002 0.001981 0.998015 0.000002
3 3 0.000000 0.000002 0.001284 0.998711 0.000003
3 3 0.000000 0.000001 0.003054 0.996943 0.000001
3 3 0.000000 0.000000 0.000430 0.999569 0.000000
3 3 0.000000 0.000000 0.000448 0.999552 0.000000
3 3 0.000000 0.000007 0.000787 0.999193 0.000013
3 3 0.000000 0.000003 0.000807 0.999185 0.000005
3 3 0.000000 0.000003 0.005461 0.994533 0.000003
3 3 0.000000 0.000002 0.002819 0.997176 0.000002
3 3 0.000000 0.000001 0.000821 0.999177 0.000001
3 3 0.000000 0.000000 0.001213 0.998786 0.000001
3 3 0.000000 0.000001 0.003288 0.996709 0.000001
3 3 0.000001 0.000012 0.007505 0.992470 0.000012
3 3 0.000000 0.000000 0.000512 0.999488 0.000000
3 3 0.000000 0.000000 0.000412 0.999588 0.000000
3 3 0.000000 0.000000 0.000088 0.999912 0.000000
3 3 0.000003 0.000059 0.005957 0.993915 0.000067
3 3 0.000001 0.000019 0.009910 0.990053 0.000017
3 3 0.000000 0.000001 0.006064 0.993935 0.000000
3 3 0.000000 0.000001 0.005107 0.994892 0.000001
3 3 0.000000 0.000000 0.001419 0.998581 0.000000
3 3 0.000000 0.000000 0.000236 0.999764 0.000000
3 3 0.000000 0.000002 0.000482 0.999512 0.000004
3 3 0.000061 0.001126 0.306542 0.689796 0.002475
3 3 0.004603 0.012009 0.446132 0.512671 0.024584
4 3 0.021131 0.078204 0.321520 0.075885 0.503261
2 3 0.008387 0.046712 0.506226 0.307067 0.131607
2 3 0.074795 0.190144 0.373849 0.151269 0.209943
2 2 0.009131 0.162212 0.595433 0.070762 0.162462
2 2 0.040926 0.092208 0.439029 0.314538 0.113299
2 2 0.000226 0.006589 0.910758 0.080253 0.002174
2 2 0.028907 0.046371 0.871343 0.045995 0.007383
2 2 0.029578 0.446029 0.504878 0.001490 0.018025
4 2 0.002803 0.090144 0.138963 0.020689 0.747402
4 2 0.002455 0.057658 0.068828 0.040509 0.830549
4 2 0.000842 0.111499 0.291048 0.009841 0.586770
4 2 0.002843 0.074694 0.227268 0.050304 0.644892
4 4 0.019438 0.067775 0.319352 0.016834 0.576602
3 4 0.005513 0.033169 0.251936 0.456368 0.253014
4 4 0.000401 0.018656 0.021481 0.003190 0.956272
4 4 0.000996 0.013705 0.005386 0.000140 0.979773
4 4 0.003526 0.029225 0.028690 0.005144 0.933415
4 4 0.062807 0.060860 0.018098 0.000287 0.857948
4 4 0.008221 0.041039 0.016486 0.001205 0.933048
4 4 0.002578 0.035274 0.027618 0.005753 0.928777
4 4 0.002495 0.042748 0.097496 0.098129 0.759132
4 4 0.001287 0.021514 0.010177 0.000798 0.966224
4 4 0.000436 0.012601 0.005484 0.000296 0.981183
4 4 0.000115 0.005920 0.004003 0.000221 0.989740
