0 0 0.994704 0.003580 0.000415 0.000050 0.001250
0 0 0.998146 0.001570 0.000028 0.000000 0.000255
0 0 0.996966 0.002482 0.000144 0.000013 0.000396
0 0 0.995291 0.003820 0.000174 0.000009 0.000707
0 0 0.996935 0.002530 0.000108 0.000006 0.000421
0 0 0.993514 0.005161 0.000299 0.000019 0.001008
0 0 0.938824 0.044601 0.002815 0.000035 0.013725
0 0 0.908162 0.063030 0.002897 0.000039 0.025872
0 0 0.467902 0.232580 0.197128 0.004761 0.097629
2 1 0.065778 0.286481 0.603961 0.001918 0.041862
2 1 0.002420 0.052873 0.802125 0.137490 0.005092
2 1 0.005492 0.142265 0.803778 0.025683 0.022784
2 1 0.002000 0.047393 0.862791 0.081899 0.005917
2 2 0.009308 0.076324 0.810153 0.048616 0.055598
2 2 0.003097 0.033589 0.839244 0.109513 0.014557
2 2 0.001999 0.013113 0.795449 0.184935 0.004504
2 2 0.001112 0.010876 0.948250 0.038123 0.001639
2 2 0.000429 0.009027 0.908226 0.081279 0.001039
2 2 0.000484 0.010544 0.947742 0.040708 0.000522
2 2 0.005283 0.011650 0.597153 0.385230 0.000684
2 2 0.000758 0.006855 0.690350 0.301746 0.000292
2 2 0.002640 0.010949 0.665794 0.320491 0.000127
2 3 0.008201 0.011567 0.576883 0.403184 0.000164
3 3 0.003394 0.006704 0.377378 0.612229 0.000295
3 3 0.001404 0.001135 0.109519 0.887891 0.000051
3 3 0.001028 0.001119 0.198747 0.799088 0.000019
3 3 0.000638 0.003099 0.429685 0.566393 0.000186
3 3 0.000265 0.001020 0.228803 0.769868 0.000044
3 3 0.000499 0.001120 0.157659 0.840522 0.000199
3 3 0.004031 0.006220 0.339215 0.650347 0.000187
3 3 0.001447 0.007154 0.474026 0.516082 0.001291
3 3 0.004567 0.001703 0.085163 0.908353 0.000214
3 3 0.001323 0.003652 0.313816 0.680653 0.000556
3 3 0.000228 0.000215 0.053498 0.945953 0.000108
3 3 0.000160 0.000068 0.010956 0.988784 0.000032
3 3 0.000176 0.000094 0.007095 0.992620 0.000015
3 3 0.000285 0.000236 0.041595 0.957855 0.000029
3 3 0.000634 0.000130 0.010622 0.988559 0.000056
3 3 0.001629 0.000714 0.028483 0.969104 0.000071
3 3 0.005180 0.003618 0.158829 0.832099 0.000274
3 3 0.000170 0.000151 0.045245 0.954386 0.000048
3 3 0.000336 0.000102 0.015762 0.983665 0.000135
3 3 0.000054 0.000024 0.004576 0.995323 0.000022
3 3 0.000065 0.000010 0.002220 0.997698 0.000006
3 3 0.000018 0.000004 0.001427 0.998549 0.000002
3 3 0.000009 0.000003 0.001611 0.998373 0.000003
3 3 0.000027 0.000011 0.003119 0.996830 0.000013
3 3 0.001013 0.000112 0.014543 0.984297 0.000035
3 3 0.000117 0.000015 0.004943 0.994920 0.000005
3 3 0.000030 0.000005 0.001544 0.998419 0.000002
3 3 0.000516 0.000037 0.004270 0.995167 0.000009
3 3 0.000527 0.000125 0.020158 0.979144 0.000047
3 3 0.000128 0.000027 0.007559 0.992269 0.000017
3 3 0.000021 0.000004 0.001385 0.998588 0.000001
3 3 0.000136 0.000009 0.001642 0.998210 0.000004
3 3 0.000019 0.000003 0.001045 0.998932 0.000001
3 3 0.000070 0.000029 0.003425 0.996471 0.000006
3 3 0.000099 0.000021 0.002750 0.997125 0.000005
3 3 0.000031 0.000003 0.001210 0.998753 0.000002
3 3 0.000039 0.000009 0.002136 0.997811 0.000005
3 3 0.000156 0.000050 0.006125 0.993631 0.000038
3 3 0.000044 0.000006 0.001838 0.998107 0.000005
3 3 0.000031 0.000005 0.001985 0.997970 0.000009
3 3 0.000011 0.000004 0.001674 0.998308 0.000003
3 3 0.000064 0.000009 0.002338 0.997580 0.000009
3 3 0.000054 0.000003 0.001205 0.998735 0.000003
3 3 0.000056 0.000011 0.002619 0.997305 0.000010
3 3 0.000145 0.000015 0.001916 0.997922 0.000003
3 3 0.000329 0.000026 0.003263 0.996368 0.000014
3 3 0.000546 0.000034 0.002735 0.996678 0.000006
3 3 0.000001 0.000002 0.001023 0.998973 0.000001
3 3 0.000036 0.000004 0.001147 0.998812 0.000002
3 3 0.000038 0.000005 0.001482 0.998472 0.000003
3 3 0.000018 0.000001 0.000488 0.999493 0.000001
3 3 0.000028 0.000002 0.000788 0.999182 0.000001
3 3 0.000050 0.000004 0.001397 0.998545 0.000004
3 3 0.000075 0.000006 0.001770 0.998142 0.000007
3 3 0.000060 0.000004 0.000999 0.998937 0.000001
3 3 0.000054 0.000011 0.002318 0.997612 0.000006
3 3 0.000107 0.000013 0.002080 0.997796 0.000004
3 3 0.000113 0.000022 0.003585 0.996265 0.000015
3 3 0.000027 0.000003 0.001114 0.998854 0.000002
3 3 0.000073 0.000007 0.001753 0.998162 0.000004
3 3 0.000027 0.000003 0.001169 0.998799 0.000002
3 3 0.000042 0.000004 0.000932 0.999022 0.000001
3 3 0.000040 0.000001 0.000544 0.999415 0.000001
3 3 0.000030 0.000004 0.001527 0.998434 0.000004
3 3 0.000058 0.000003 0.001104 0.998833 0.000003
3 3 0.000027 0.000004 0.001573 0.998391 0.000004
3 3 0.000241 0.000077 0.006838 0.992808 0.000035
3 3 0.000039 0.000030 0.004595 0.995324 0.000013
3 3 0.000011 0.000006 0.002170 0.997808 0.000005
3 3 0.000012 0.000001 0.000946 0.999038 0.000002
3 3 0.000021 0.000002 0.000793 0.999183 0.000001
3 3 0.000019 0.000003 0.001192 0.998783 0.000002
3 3 0.000146 0.000013 0.002783 0.997042 0.000016
3 3 0.009819 0.000354 0.010879 0.978798 0.000148
3 3 0.010723 0.001830 0.053709 0.933380 0.000358
3 3 0.001712 0.000482 0.027173 0.970460 0.000172
3 3 0.012870 0.007122 0.161738 0.817800 0.000469
3 3 0.002164 0.000931 0.053414 0.943393 0.000097
3 3 0.004307 0.002497 0.098333 0.894393 0.000470
3 3 0.002483 0.001621 0.047816 0.947584 0.000497
3 3 0.003608 0.000920 0.023294 0.971840 0.000337
3 3 0.002938 0.001255 0.056316 0.939159 0.000333
3 3 0.003115 0.001181 0.023725 0.971777 0.000202
3 3 0.002012 0.000997 0.039770 0.957053 0.000167
3 3 0.004563 0.006228 0.304078 0.683238 0.001893
3 3 0.004073 0.014390 0.360354 0.616986 0.004196
3 3 0.001116 0.011556 0.438405 0.544124 0.004800
2 3 0.003611 0.012368 0.556626 0.419526 0.007869
2 3 0.023848 0.039884 0.655789 0.258420 0.022059
2 3 0.064848 0.135032 0.671009 0.085399 0.043711
2 3 0.154627 0.253697 0.498361 0.010401 0.082913
2 3 0.003768 0.075812 0.773639 0.121521 0.025259
2 3 0.000812 0.018190 0.760549 0.204354 0.016096
2 3 0.001700 0.023977 0.860470 0.095197 0.018656
2 2 0.008437 0.054868 0.802156 0.062016 0.072524
2 2 0.001815 0.042489 0.827477 0.100394 0.027826
2 2 0.007110 0.076940 0.742948 0.020015 0.152988
2 2 0.010238 0.079781 0.620683 0.034635 0.254664
2 2 0.007002 0.071484 0.668797 0.227274 0.025443
2 2 0.002548 0.048286 0.851302 0.093341 0.004523
2 2 0.001189 0.009869 0.775079 0.213203 0.000661
2 2 0.000998 0.005775 0.913633 0.079184 0.000411
2 2 0.000091 0.002693 0.962992 0.034156 0.000068
2 2 0.001444 0.018073 0.951324 0.028460 0.000699
2 2 0.002669 0.016301 0.939642 0.040692 0.000696
2 2 0.006474 0.048140 0.912998 0.030565 0.001822
2 2 0.003153 0.025311 0.958498 0.012460 0.000577
2 2 0.174709 0.138356 0.555735 0.112433 0.018766
2 2 0.346980 0.138709 0.351120 0.143592 0.019599
2 2 0.063407 0.098063 0.531886 0.303094 0.003550
2 2 0.017600 0.022756 0.725312 0.233633 0.000698
2 2 0.012590 0.027870 0.903713 0.054802 0.001026
2 2 0.103505 0.119926 0.712003 0.038034 0.026532
2 2 0.064393 0.160263 0.733815 0.031313 0.010216
2 2 0.071733 0.153592 0.728778 0.035938 0.009959
2 2 0.013493 0.060985 0.826194 0.096114 0.003214
2 2 0.065294 0.089089 0.621285 0.217303 0.007029
2 2 0.012765 0.032632 0.748349 0.202275 0.003978
2 2 0.021813 0.081737 0.836148 0.044253 0.016049
2 2 0.016699 0.051394 0.875551 0.050390 0.005966
2 2 0.006550 0.050886 0.880345 0.058267 0.003953
2 2 0.009497 0.045113 0.847744 0.095720 0.001927
2 2 0.016583 0.063547 0.871907 0.046495 0.001469
2 2 0.001362 0.013188 0.960565 0.024478 0.000407
2 2 0.013769 0.035224 0.818917 0.129527 0.002563
2 2 0.172382 0.157426 0.534050 0.102962 0.033180
2 2 0.027821 0.097681 0.799338 0.058289 0.016871
2 2 0.040239 0.130223 0.752585 0.030474 0.046479
2 2 0.016509 0.157632 0.771499 0.005616 0.048744
2 2 0.046898 0.163079 0.675772 0.026814 0.087436
2 2 0.074726 0.242763 0.537443 0.014139 0.130929
2 2 0.049794 0.304316 0.559941 0.021874 0.064076
2 2 0.053995 0.115513 0.627964 0.157797 0.044730
2 2 0.224390 0.165948 0.420367 0.148916 0.040380
0 2 0.766646 0.100187 0.104944 0.015513 0.012710
0 2 0.499472 0.089734 0.169108 0.087158 0.154529
0 2 0.706069 0.059118 0.045959 0.008260 0.180594
2 2 0.131903 0.271437 0.450224 0.068139 0.078297
2 2 0.025522 0.163038 0.734652 0.062944 0.013844
2 2 0.100272 0.154548 0.590932 0.121432 0.032816
2 2 0.141228 0.208092 0.424520 0.209423 0.016738
2 2 0.019312 0.090716 0.811879 0.064434 0.013659
2 2 0.071424 0.113027 0.738275 0.062740 0.014533
0 2 0.688655 0.145627 0.072137 0.010423 0.083158
0 2 0.619465 0.215604 0.048006 0.003632 0.113293
2 2 0.094460 0.329225 0.495984 0.014322 0.066008
2 2 0.074418 0.313116 0.511750 0.005587 0.095130
0 2 0.626976 0.093685 0.045766 0.004252 0.229322
0 2 0.696490 0.139115 0.044544 0.001762 0.118090
0 2 0.565464 0.258351 0.071442 0.007764 0.096980
0 2 0.465755 0.317539 0.127376 0.005529 0.083801
1 2 0.295700 0.335265 0.273338 0.009772 0.085925
0 2 0.326356 0.267093 0.301917 0.008006 0.096628
2 2 0.122140 0.123679 0.481723 0.018479 0.253979
0 2 0.408277 0.136531 0.117534 0.021493 0.316165
0 2 0.521605 0.273640 0.072587 0.003040 0.129129
2 2 0.085783 0.317886 0.486938 0.016505 0.092888
0 2 0.716495 0.106309 0.047216 0.006709 0.123270
2 2 0.256923 0.293637 0.306494 0.075709 0.067236
0 2 0.334988 0.331389 0.266610 0.004768 0.062245
0 2 0.648917 0.211827 0.095746 0.001605 0.041905
0 1 0.860313 0.084260 0.026428 0.005072 0.023926
0 1 0.796965 0.123719 0.039223 0.008904 0.031190
0 1 0.780341 0.096305 0.036755 0.005568 0.081032
0 1 0.597605 0.234654 0.076570 0.005227 0.085944
0 1 0.701252 0.167049 0.085568 0.002879 0.043252
1 1 0.274032 0.386746 0.237691 0.010088 0.091443
0 1 0.974254 0.012865 0.005507 0.004091 0.003284
0 0 0.979799 0.014841 0.001598 0.000161 0.003601
0 0 0.988858 0.008125 0.001289 0.000232 0.001496
0 0 0.956272 0.024713 0.014879 0.000949 0.003188
0 0 0.893101 0.055181 0.042492 0.001441 0.007785
0 0 0.844858 0.074374 0.074618 0.000381 0.005770
0 0 0.888210 0.052724 0.050091 0.003794 0.005182
0 0 0.766172 0.079655 0.140625 0.005989 0.007559
0 0 0.765751 0.103546 0.115172 0.001590 0.013941
0 0 0.627247 0.198356 0.126035 0.000376 0.047985
0 0 0.919571 0.048284 0.013907 0.000672 0.017565
0 0 0.949936 0.026371 0.004460 0.000333 0.018900
0 0 0.980553 0.012191 0.002145 0.000326 0.004784
0 0 0.930319 0.046504 0.007447 0.000812 0.014918
0 0 0.950600 0.030623 0.005889 0.000802 0.012086
0 0 0.986145 0.009963 0.001509 0.000312 0.002072
0 0 0.997053 0.002049 0.000391 0.000239 0.000267
0 0 0.998987 0.000743 0.000115 0.000080 0.000075
0 0 0.994571 0.004201 0.000434 0.000073 0.000721
0 0 0.981044 0.014013 0.001439 0.000138 0.003365
0 0 0.831853 0.076787 0.041904 0.001235 0.048221
0 0 0.953301 0.029375 0.006132 0.001054 0.010138
0 0 0.773991 0.114727 0.087412 0.002407 0.021464
0 0 0.961983 0.024376 0.006786 0.000912 0.005943
0 0 0.926144 0.048581 0.008604 0.001075 0.015595
0 0 0.904682 0.051477 0.009108 0.000645 0.034088
0 0 0.913325 0.054447 0.007709 0.000529 0.023990
0 0 0.986049 0.009123 0.001997 0.000655 0.002175
0 0 0.986754 0.008126 0.001948 0.000608 0.002564
0 0 0.985600 0.010779 0.001095 0.000117 0.002408
0 0 0.949629 0.029042 0.003431 0.000166 0.017732
0 0 0.962782 0.026246 0.003116 0.000275 0.007581
0 0 0.944532 0.036827 0.006771 0.001027 0.010843
0 0 0.970950 0.013523 0.003087 0.000359 0.012081
0 0 0.984180 0.007038 0.003366 0.002372 0.003044
0 0 0.996785 0.002428 0.000193 0.000020 0.000574
0 0 0.989929 0.007164 0.001217 0.000351 0.001339
0 0 0.996680 0.002687 0.000184 0.000020 0.000429
0 0 0.999891 0.000083 0.000010 0.000011 0.000005
0 0 0.999033 0.000818 0.000047 0.000007 0.000096
0 0 0.975087 0.016391 0.003674 0.001114 0.003734
0 0 0.995611 0.003022 0.000375 0.000058 0.000934
0 0 0.969378 0.020994 0.002558 0.000227 0.006843
0 0 0.681584 0.170759 0.105410 0.006459 0.035787
2 0 0.141814 0.151772 0.377088 0.007398 0.321928
4 0 0.020989 0.048229 0.143191 0.006466 0.781126
4 0 0.019897 0.069294 0.207933 0.002200 0.700675
4 0 0.068236 0.072844 0.102530 0.003979 0.752411
4 0 0.226687 0.082329 0.164044 0.015896 0.511044
4 1 0.130967 0.105024 0.076248 0.002213 0.685547
0 1 0.491291 0.134249 0.065265 0.002959 0.306236
4 1 0.161273 0.054698 0.070420 0.006344 0.707264
4 1 0.088085 0.062133 0.055692 0.002485 0.791606
4 1 0.063923 0.044365 0.066933 0.004875 0.819904
4 1 0.134498 0.121668 0.135901 0.008058 0.599876
4 1 0.037916 0.071696 0.057959 0.001871 0.830558
4 1 0.044846 0.104054 0.178285 0.000955 0.671860
4 1 0.029473 0.193814 0.301418 0.000412 0.474882
4 1 0.032203 0.101688 0.154336 0.001936 0.709837
4 1 0.057556 0.061889 0.062093 0.000980 0.817482
0 1 0.722310 0.076062 0.016556 0.000513 0.184559
4 1 0.307083 0.147480 0.055523 0.002100 0.487814
4 1 0.165797 0.114221 0.132316 0.006873 0.580794
4 1 0.111269 0.167607 0.310880 0.018695 0.391549
2 1 0.039744 0.074976 0.572591 0.050053 0.262636
2 1 0.009224 0.062016 0.633054 0.037554 0.258153
2 1 0.015163 0.096546 0.511432 0.007161 0.369698
2 1 0.013519 0.138255 0.699349 0.013533 0.135344
2 1 0.001632 0.052730 0.901391 0.016340 0.027908
2 1 0.002510 0.054682 0.895150 0.010681 0.036978
2 1 0.000456 0.020829 0.953143 0.017296 0.008276
2 2 0.002294 0.048036 0.915187 0.011504 0.022979
2 2 0.005535 0.060383 0.873943 0.007353 0.052786
2 2 0.005523 0.041695 0.889778 0.033845 0.029159
2 2 0.000039 0.002149 0.977414 0.019653 0.000745
2 2 0.000533 0.011036 0.961051 0.024380 0.003000
2 2 0.000057 0.006035 0.984549 0.008821 0.000538
2 2 0.000388 0.015889 0.954781 0.023123 0.005820
2 2 0.000392 0.010567 0.900930 0.085726 0.002385
2 2 0.002292 0.014793 0.880691 0.085701 0.016523
2 2 0.000354 0.005034 0.880010 0.114055 0.000547
2 2 0.001290 0.007576 0.913185 0.077535 0.000414
2 2 0.001546 0.010420 0.939736 0.047311 0.000987
2 2 0.001485 0.016901 0.909778 0.070086 0.001750
2 2 0.000188 0.005377 0.961370 0.032813 0.000251
2 2 0.000478 0.007734 0.916601 0.074444 0.000743
2 2 0.017763 0.057698 0.783009 0.135859 0.005671
2 2 0.043718 0.121800 0.737820 0.079494 0.017168
2 2 0.100987 0.111845 0.688671 0.087514 0.010983
2 2 0.015288 0.028588 0.700710 0.254681 0.000733
2 2 0.009977 0.042508 0.800096 0.144059 0.003360
2 2 0.003488 0.025494 0.772735 0.194106 0.004176
2 2 0.003370 0.016826 0.600705 0.376153 0.002946
3 2 0.005542 0.017256 0.355718 0.616956 0.004529
2 2 0.012343 0.024446 0.511362 0.444040 0.007807
2 2 0.008209 0.027737 0.717788 0.241330 0.004937
2 2 0.001039 0.012935 0.754437 0.229675 0.001914
2 2 0.002603 0.013426 0.818514 0.162995 0.002463
2 2 0.001707 0.012523 0.808410 0.174896 0.002464
2 2 0.001046 0.014307 0.938730 0.044933 0.000985
2 2 0.003881 0.016301 0.565192 0.411376 0.003250
3 2 0.061659 0.030398 0.328305 0.571457 0.008181
2 2 0.006893 0.015973 0.755860 0.219663 0.001611
3 2 0.002516 0.004799 0.239000 0.753317 0.000368
3 2 0.001771 0.004674 0.299912 0.692822 0.000821
2 2 0.000687 0.010977 0.589186 0.397767 0.001383
2 2 0.002170 0.013565 0.674270 0.307978 0.002017
2 2 0.005008 0.012574 0.556567 0.424935 0.000915
2 2 0.002046 0.007771 0.613331 0.376384 0.000468
2 2 0.004036 0.009122 0.497949 0.488224 0.000668
3 2 0.000698 0.001502 0.147798 0.849893 0.000110
3 2 0.007518 0.005707 0.156397 0.830041 0.000337
3 3 0.004677 0.006834 0.220691 0.766649 0.001150
3 3 0.000653 0.002663 0.106872 0.889557 0.000256
3 3 0.000566 0.004551 0.309810 0.684820 0.000254
3 3 0.001416 0.001842 0.148088 0.848513 0.000142
3 3 0.001283 0.001171 0.044441 0.952862 0.000242
3 3 0.001054 0.000784 0.057891 0.939965 0.000306
3 3 0.002513 0.002530 0.094212 0.900493 0.000252
3 3 0.003997 0.004500 0.237351 0.753514 0.000639
0 3 0.439683 0.029796 0.243243 0.280379 0.006899
0 3 0.552241 0.062663 0.333889 0.045521 0.005685
2 3 0.042167 0.086454 0.605994 0.260629 0.004756
2 3 0.006423 0.015483 0.597992 0.376748 0.003354
2 3 0.009127 0.019243 0.501269 0.469108 0.001253
2 3 0.003147 0.015934 0.641959 0.336877 0.002083
3 3 0.002353 0.013068 0.467673 0.514430 0.002476
3 3 0.000114 0.002160 0.308525 0.688824 0.000378
3 3 0.000866 0.004881 0.380997 0.612715 0.000542
3 3 0.011466 0.002923 0.092246 0.893065 0.000301
3 3 0.002759 0.008306 0.464332 0.522449 0.002155
3 3 0.001766 0.010159 0.336772 0.647659 0.003645
3 3 0.002157 0.004827 0.220387 0.770190 0.002440
3 3 0.004280 0.004326 0.149501 0.838366 0.003526
3 3 0.000835 0.003526 0.184975 0.807596 0.003068
3 3 0.001489 0.002879 0.100245 0.893857 0.001531
3 3 0.002224 0.000920 0.032352 0.963781 0.000724
3 3 0.007146 0.002946 0.104035 0.884763 0.001110
3 3 0.000635 0.000289 0.028436 0.970498 0.000142
3 3 0.000796 0.000445 0.028591 0.969982 0.000186
3 3 0.000362 0.000808 0.072096 0.926430 0.000305
3 3 0.002576 0.001304 0.085465 0.910437 0.000218
3 3 0.000614 0.000315 0.023725 0.975294 0.000052
3 3 0.000166 0.000135 0.013995 0.985567 0.000137
3 3 0.001272 0.000550 0.019397 0.978571 0.000210
3 3 0.002192 0.000519 0.024632 0.972523 0.000133
3 3 0.000764 0.000097 0.007860 0.991220 0.000060
3 3 0.000130 0.000069 0.007441 0.992318 0.000042
3 3 0.000148 0.000058 0.006848 0.992910 0.000035
3 3 0.000566 0.000264 0.015469 0.983513 0.000188
3 3 0.001944 0.000223 0.010707 0.987043 0.000084
3 3 0.032802 0.002358 0.056927 0.907742 0.000171
3 3 0.000599 0.000624 0.016852 0.981865 0.000060
3 3 0.001620 0.001165 0.063514 0.933500 0.000201
3 3 0.002113 0.001418 0.075000 0.921065 0.000404
3 3 0.003178 0.002238 0.135253 0.859118 0.000214
3 3 0.006644 0.004326 0.189033 0.799613 0.000384
3 3 0.002681 0.001594 0.109191 0.886191 0.000343
3 3 0.005695 0.002679 0.069835 0.921249 0.000543
3 3 0.008435 0.007729 0.173641 0.809380 0.000814
3 3 0.000202 0.000230 0.011936 0.987587 0.000045
3 3 0.001760 0.000958 0.030259 0.966924 0.000099
3 3 0.004015 0.004849 0.156033 0.834597 0.000507
3 3 0.009027 0.005228 0.263962 0.721535 0.000249
3 3 0.010757 0.006165 0.294669 0.687677 0.000732
3 3 0.033035 0.006879 0.230854 0.728079 0.001153
3 3 0.034862 0.007579 0.154516 0.792050 0.010993
3 3 0.135673 0.017039 0.100021 0.738125 0.009142
3 3 0.003978 0.015200 0.324168 0.650334 0.006320
3 3 0.024172 0.012032 0.120264 0.834490 0.009042
2 3 0.000519 0.003463 0.499404 0.496185 0.000429
2 3 0.000662 0.006690 0.685995 0.306150 0.000504
2 3 0.001500 0.007910 0.542607 0.447140 0.000843
3 3 0.004607 0.011213 0.396081 0.587456 0.000643
3 3 0.001084 0.003729 0.372056 0.622820 0.000311
3 3 0.001966 0.007190 0.425271 0.564924 0.000649
2 3 0.000976 0.005863 0.535228 0.457157 0.000776
2 3 0.002403 0.016530 0.676520 0.302164 0.002383
2 3 0.000697 0.005386 0.649876 0.343597 0.000444
2 3 0.002043 0.008746 0.694314 0.294287 0.000610
2 3 0.003071 0.017669 0.812192 0.163818 0.003250
2 3 0.072880 0.043511 0.474483 0.401362 0.007764
2 3 0.033401 0.122911 0.814550 0.021232 0.007906
2 3 0.027638 0.129810 0.701181 0.134274 0.007098
2 3 0.021940 0.096149 0.814107 0.064328 0.003477
2 3 0.001703 0.014788 0.784688 0.198262 0.000559
2 3 0.009316 0.044342 0.823578 0.121977 0.000787
2 3 0.002500 0.034493 0.911638 0.050897 0.000473
2 3 0.008672 0.032299 0.870192 0.088523 0.000314
2 3 0.058312 0.041123 0.711828 0.188240 0.000497
0 3 0.702569 0.133367 0.117297 0.018804 0.027963
0 3 0.357332 0.326678 0.265185 0.001005 0.049801
2 3 0.319926 0.177268 0.448685 0.045831 0.008289
2 3 0.130672 0.076348 0.599930 0.190106 0.002943
2 3 0.090179 0.136860 0.743670 0.024135 0.005156
2 3 0.062418 0.078489 0.818087 0.039093 0.001912
2 3 0.007140 0.029725 0.921918 0.040892 0.000325
2 3 0.002053 0.015763 0.964610 0.017486 0.000088
2 3 0.011641 0.025598 0.897621 0.064767 0.000373
2 3 0.063597 0.071692 0.804081 0.058930 0.001701
2 3 0.020396 0.067945 0.853423 0.055631 0.002605
0 3 0.796611 0.071211 0.096395 0.022659 0.013125
0 3 0.638500 0.106332 0.146630 0.094319 0.014220
0 3 0.392848 0.296364 0.238911 0.021159 0.050719
2 3 0.100221 0.168955 0.658642 0.062404 0.009777
2 3 0.018235 0.057870 0.810205 0.112685 0.001005
2 3 0.003424 0.019405 0.919391 0.057643 0.000136
2 3 0.001581 0.013540 0.837437 0.147151 0.000290
2 3 0.005813 0.037089 0.710441 0.245641 0.001016
2 3 0.002928 0.030108 0.854667 0.112039 0.000258
2 3 0.000781 0.009340 0.897749 0.091164 0.000966
2 3 0.000330 0.008084 0.929173 0.061737 0.000675
2 3 0.000910 0.009379 0.870065 0.119493 0.000153
2 3 0.000578 0.004686 0.722328 0.271884 0.000523
2 2 0.000938 0.008424 0.688078 0.301857 0.000703
2 2 0.000057 0.002632 0.792344 0.204686 0.000282
2 2 0.000702 0.009039 0.964550 0.020083 0.005625
2 2 0.041045 0.063800 0.800076 0.041874 0.053206
0 2 0.773964 0.131189 0.063782 0.001355 0.029709
0 2 0.890865 0.065494 0.029081 0.001340 0.013220
2 2 0.210275 0.262734 0.444216 0.057160 0.025615
2 2 0.024038 0.120098 0.798360 0.052017 0.005487
2 2 0.026500 0.077366 0.702510 0.190855 0.002768
2 2 0.114081 0.168082 0.670157 0.039565 0.008116
2 2 0.097155 0.087513 0.682017 0.129780 0.003536
2 2 0.032898 0.052732 0.793145 0.120184 0.001042
2 2 0.013265 0.036217 0.898537 0.051487 0.000496
2 2 0.007486 0.039496 0.931676 0.020696 0.000646
2 2 0.008400 0.044850 0.940882 0.004471 0.001397
2 2 0.253784 0.162933 0.563947 0.001677 0.017659
0 2 0.862830 0.077686 0.048033 0.000494 0.010957
0 2 0.945968 0.021457 0.030103 0.000889 0.001583
0 0 0.989841 0.003766 0.004226 0.001896 0.000271
0 0 0.997952 0.000345 0.000196 0.001483 0.000024
0 0 0.996361 0.002979 0.000139 0.000008 0.000513
0 0 0.787279 0.135073 0.005714 0.000044 0.071890
4 1 0.157761 0.124319 0.094961 0.006638 0.616321
4 1 0.206056 0.303487 0.163061 0.004145 0.323251
0 0 0.834660 0.073538 0.069692 0.003372 0.018738
0 0 0.910632 0.057219 0.016124 0.001286 0.014739
4 0 0.080491 0.109395 0.193072 0.006573 0.610468
4 1 0.023250 0.051058 0.084306 0.002133 0.839253
4 1 0.032337 0.092070 0.120123 0.000969 0.754501
4 1 0.041941 0.164050 0.269629 0.004147 0.520234
4 1 0.048857 0.081093 0.181544 0.016052 0.672455
4 1 0.143405 0.040145 0.117910 0.031033 0.667507
4 4 0.111343 0.047521 0.047574 0.002311 0.791251
4 4 0.029140 0.016229 0.021105 0.000554 0.932972
4 4 0.394899 0.018053 0.040869 0.007376 0.538802
0 4 0.780446 0.027428 0.009517 0.000360 0.182249
0 4 0.765995 0.024653 0.007804 0.000225 0.201322
4 4 0.384572 0.056281 0.017476 0.000298 0.541372
0 4 0.525968 0.092982 0.053761 0.004721 0.322569
0 4 0.424149 0.152305 0.081157 0.007483 0.334907
4 4 0.181887 0.061650 0.071089 0.006145 0.679230
4 4 0.150888 0.041499 0.049279 0.003208 0.755126
4 4 0.374695 0.033302 0.025953 0.001266 0.564783
4 4 0.120605 0.044342 0.013581 0.000110 0.821361
4 4 0.110880 0.018642 0.007405 0.000054 0.863020
0 4 0.601741 0.043287 0.020347 0.000900 0.333724
0 4 0.647223 0.060342 0.042644 0.005241 0.244550
4 4 0.237254 0.184713 0.062943 0.000725 0.514365
4 4 0.345678 0.047676 0.029993 0.001238 0.575415
4 4 0.055623 0.018510 0.018125 0.000401 0.907341
4 4 0.110938 0.008909 0.011417 0.000318 0.868418
4 4 0.154430 0.012515 0.023130 0.001502 0.808424
0 4 0.456636 0.046149 0.051219 0.006295 0.439701
0 4 0.595235 0.069312 0.073653 0.004190 0.257610
0 4 0.672436 0.031179 0.024819 0.002441 0.269125
4 4 0.284490 0.069636 0.031382 0.000872 0.613620
4 4 0.158505 0.037139 0.030010 0.001042 0.773304
4 4 0.341678 0.024210 0.024244 0.001345 0.608523
4 4 0.088446 0.018831 0.023872 0.000904 0.867947
4 4 0.168845 0.026429 0.015121 0.000266 0.789339
4 4 0.231098 0.095096 0.045093 0.001479 0.627235
4 4 0.315781 0.187556 0.075476 0.004030 0.417157
4 4 0.118371 0.120853 0.139559 0.016705 0.604511
4 4 0.015438 0.040661 0.217714 0.009315 0.716871
4 4 0.025942 0.075630 0.203429 0.005582 0.689418
4 4 0.027901 0.060367 0.084423 0.002459 0.824851
4 4 0.202819 0.264530 0.167493 0.000775 0.364383
4 4 0.336235 0.040922 0.055498 0.006654 0.560692
4 4 0.091926 0.013751 0.010315 0.000153 0.883855
4 4 0.036502 0.006601 0.024852 0.002096 0.929950
4 4 0.087007 0.020789 0.042671 0.003508 0.846025
4 4 0.183523 0.011390 0.021299 0.001435 0.782354
4 4 0.059430 0.018191 0.024171 0.000852 0.897355
4 4 0.108426 0.041518 0.037334 0.001409 0.811312
4 4 0.034347 0.016414 0.019477 0.000469 0.929292
4 4 0.029949 0.037111 0.061003 0.003657 0.868279
4 4 0.259078 0.048526 0.039966 0.002102 0.650329
4 4 0.019193 0.029525 0.047287 0.002116 0.901880
4 4 0.048613 0.024285 0.025900 0.000726 0.900476
4 4 0.096985 0.061483 0.035401 0.000828 0.805304
4 4 0.178757 0.096891 0.073725 0.004494 0.646133
4 4 0.070016 0.208524 0.225406 0.003482 0.492573
4 4 0.089034 0.224618 0.298401 0.004146 0.383802
4 4 0.033209 0.144518 0.364562 0.007522 0.450188
2 4 0.032799 0.103224 0.509379 0.031219 0.323380
0 4 0.327499 0.193953 0.178599 0.013663 0.286286
2 4 0.005559 0.041045 0.695779 0.124093 0.133523
2 4 0.006151 0.025537 0.507750 0.185438 0.275124
4 4 0.033899 0.052367 0.283358 0.158882 0.471495
4 4 0.073106 0.139122 0.276290 0.043744 0.467738
2 4 0.011065 0.117247 0.657182 0.084899 0.129607
2 4 0.006522 0.064720 0.697541 0.071316 0.159902
2 4 0.005002 0.031477 0.693043 0.082659 0.187818
2 2 0.009209 0.062241 0.638365 0.066876 0.223309
2 2 0.003187 0.033570 0.670395 0.223190 0.069657
2 2 0.001389 0.021572 0.525820 0.414700 0.036518
2 2 0.001112 0.024983 0.948036 0.007725 0.018144
2 2 0.000685 0.012568 0.933963 0.043385 0.009399
2 2 0.002694 0.023482 0.882002 0.078407 0.013415
2 2 0.002141 0.017073 0.882750 0.095176 0.002861
2 2 0.000296 0.008033 0.966228 0.024623 0.000820
2 2 0.000109 0.002707 0.985883 0.010497 0.000805
2 2 0.000593 0.006854 0.981325 0.008321 0.002906
2 2 0.000967 0.010688 0.949303 0.030551 0.008491
2 2 0.000149 0.005706 0.964532 0.021645 0.007968
2 2 0.000537 0.009078 0.948666 0.033202 0.008516
2 2 0.000156 0.005753 0.896847 0.094897 0.002347
2 2 0.001277 0.016000 0.916243 0.058471 0.008010
2 2 0.000382 0.009297 0.767954 0.215027 0.007341
2 3 0.004794 0.021979 0.585826 0.376405 0.010996
2 3 0.094031 0.099586 0.603238 0.191966 0.011179
0 3 0.462398 0.190642 0.260822 0.058298 0.027840
0 3 0.459623 0.309366 0.112073 0.004429 0.114509
0 3 0.540892 0.241310 0.152003 0.005855 0.059941
2 3 0.029612 0.305130 0.612080 0.001400 0.051777
2 3 0.005341 0.076525 0.898473 0.006908 0.012753
2 3 0.000495 0.011109 0.975468 0.011762 0.001166
2 3 0.000521 0.011835 0.956977 0.030005 0.000662
2 3 0.002358 0.010766 0.698845 0.286633 0.001398
2 3 0.003165 0.012155 0.779319 0.197253 0.008107
2 3 0.001108 0.009383 0.724888 0.257084 0.007537
2 3 0.000529 0.012336 0.931211 0.035866 0.020058
2 3 0.003950 0.012887 0.703426 0.266279 0.013459
2 3 0.002933 0.008448 0.555866 0.422155 0.010598
3 3 0.001174 0.007501 0.466491 0.520858 0.003977
2 3 0.001603 0.011370 0.725253 0.258294 0.003480
2 3 0.001356 0.006268 0.646137 0.344254 0.001984
2 3 0.000539 0.006986 0.726951 0.262911 0.002613
2 3 0.002658 0.015978 0.558390 0.417673 0.005301
2 3 0.002064 0.022050 0.576408 0.396504 0.002974
2 3 0.000152 0.005245 0.802418 0.190824 0.001362
2 3 0.001054 0.006286 0.638753 0.353089 0.000818
3 3 0.004412 0.006238 0.228084 0.759531 0.001735
3 3 0.003186 0.004224 0.149091 0.841343 0.002155
3 3 0.002092 0.004666 0.126309 0.863470 0.003463
3 3 0.001387 0.001644 0.056555 0.938642 0.001771
3 3 0.000019 0.000086 0.014030 0.985833 0.000032
3 3 0.000152 0.000153 0.017960 0.981643 0.000091
3 3 0.000056 0.000024 0.004849 0.995042 0.000028
3 3 0.000072 0.000126 0.021483 0.978227 0.000092
3 3 0.000108 0.000114 0.012082 0.987613 0.000083
3 3 0.000177 0.000108 0.009371 0.990291 0.000053
3 3 0.000734 0.000404 0.039925 0.958531 0.000406
3 3 0.000038 0.000045 0.007477 0.992396 0.000043
3 3 0.000272 0.000138 0.009835 0.989695 0.000060
3 3 0.001640 0.000601 0.045857 0.951686 0.000217
3 3 0.000186 0.000116 0.009767 0.989869 0.000063
3 3 0.000383 0.000157 0.008988 0.990431 0.000040
3 3 0.000377 0.000106 0.008179 0.991284 0.000054
3 3 0.000103 0.000059 0.007546 0.992256 0.000036
3 3 0.000077 0.000058 0.008521 0.991299 0.000044
3 3 0.000344 0.000116 0.009044 0.990430 0.000066
3 3 0.000383 0.000074 0.006730 0.992766 0.000047
3 3 0.000314 0.000069 0.006566 0.993008 0.000043
3 3 0.000087 0.000023 0.003800 0.996075 0.000015
3 3 0.000354 0.000105 0.006835 0.992685 0.000021
3 3 0.000072 0.000037 0.005423 0.994444 0.000024
3 3 0.000046 0.000016 0.003370 0.996556 0.000012
3 3 0.000258 0.000050 0.004826 0.994847 0.000019
3 3 0.000011 0.000004 0.001707 0.998274 0.000003
3 3 0.000227 0.000016 0.002755 0.996989 0.000014
3 3 0.000036 0.000003 0.001107 0.998851 0.000002
3 3 0.000345 0.000058 0.004922 0.994656 0.000019
3 3 0.000286 0.000019 0.002693 0.996991 0.000010
3 3 0.000029 0.000012 0.002951 0.997000 0.000009
3 3 0.000130 0.000026 0.003133 0.996705 0.000007
3 3 0.000083 0.000013 0.002831 0.997061 0.000012
3 3 0.000023 0.000004 0.001425 0.998546 0.000003
3 3 0.000201 0.000019 0.002514 0.997259 0.000006
3 3 0.000072 0.000007 0.001462 0.998457 0.000002
3 3 0.000013 0.000002 0.000856 0.999129 0.000001
3 3 0.000004 0.000001 0.000512 0.999483 0.000000
3 3 0.000034 0.000004 0.001097 0.998864 0.000001
3 3 0.000046 0.000009 0.001790 0.998152 0.000003
3 3 0.000413 0.000059 0.006691 0.992766 0.000071
3 3 0.002749 0.000172 0.006961 0.990078 0.000039
3 3 0.000081 0.000008 0.001834 0.998073 0.000005
3 3 0.000060 0.000010 0.002839 0.997075 0.000016
3 3 0.000223 0.000027 0.003654 0.996079 0.000017
3 3 0.000314 0.000025 0.003434 0.996209 0.000019
3 3 0.000395 0.000039 0.004363 0.995178 0.000025
3 3 0.000251 0.000076 0.007962 0.991643 0.000068
3 3 0.000098 0.000016 0.002953 0.996922 0.000011
3 3 0.000062 0.000005 0.001601 0.998327 0.000005
3 3 0.000129 0.000008 0.001902 0.997953 0.000007
3 3 0.000804 0.000057 0.004138 0.994984 0.000016
3 3 0.000045 0.000013 0.002808 0.997126 0.000008
3 3 0.000268 0.000024 0.002715 0.996985 0.000007
3 3 0.000072 0.000015 0.002418 0.997490 0.000004
3 3 0.000082 0.000013 0.002986 0.996905 0.000015
3 3 0.000966 0.000015 0.001717 0.997296 0.000005
3 3 0.000176 0.000008 0.001237 0.998577 0.000001
3 3 0.000436 0.000015 0.001395 0.998153 0.000001
3 3 0.000071 0.000006 0.001149 0.998772 0.000001
3 3 0.000008 0.000002 0.000914 0.999074 0.000001
3 3 0.000044 0.000008 0.002103 0.997839 0.000005
3 3 0.000035 0.000009 0.002092 0.997860 0.000004
3 3 0.000192 0.000019 0.003924 0.995827 0.000038
3 3 0.001050 0.000022 0.002852 0.996054 0.000021
3 3 0.001052 0.000055 0.005350 0.993486 0.000057
3 3 0.000253 0.000031 0.003700 0.996002 0.000015
3 3 0.000263 0.000034 0.004518 0.995156 0.000029
3 3 0.000042 0.000008 0.002339 0.997602 0.000008
3 3 0.000195 0.000016 0.002555 0.997225 0.000009
3 3 0.000131 0.000011 0.002483 0.997364 0.000011
3 3 0.000703 0.000075 0.004494 0.994716 0.000013
3 3 0.000090 0.000010 0.001937 0.997958 0.000004
3 3 0.000171 0.000008 0.001495 0.998323 0.000003
3 3 0.000040 0.000002 0.000918 0.999039 0.000001
3 3 0.000014 0.000002 0.001157 0.998824 0.000003
3 3 0.000004 0.000002 0.001040 0.998954 0.000001
3 3 0.000072 0.000013 0.002979 0.996923 0.000013
3 3 0.000573 0.000047 0.003251 0.996123 0.000007
3 3 0.003616 0.000077 0.004860 0.991402 0.000045
3 3 0.059446 0.001302 0.023295 0.914858 0.001098
3 3 0.430602 0.014802 0.060935 0.491222 0.002439
2 3 0.369393 0.186967 0.383910 0.014658 0.045071
0 3 0.689697 0.094234 0.170126 0.033732 0.012211
2 3 0.277208 0.263006 0.394142 0.025406 0.040238
2 3 0.037778 0.139093 0.667448 0.118597 0.037084
2 3 0.003928 0.038524 0.654141 0.205132 0.098276
2 3 0.029205 0.205421 0.393766 0.048631 0.322977
2 3 0.010975 0.038835 0.335687 0.313057 0.301445
2 2 0.030295 0.148405 0.453231 0.047780 0.320289
2 2 0.029588 0.221119 0.529886 0.060016 0.159391
2 2 0.031923 0.150321 0.381695 0.060336 0.375725
4 2 0.085731 0.127480 0.164517 0.020490 0.601781
4 2 0.016230 0.034006 0.105204 0.004239 0.840321
4 2 0.016100 0.050725 0.201362 0.003062 0.728751
4 2 0.014002 0.034025 0.142837 0.004257 0.804879
4 2 0.040128 0.093644 0.412480 0.003428 0.450320
2 2 0.105259 0.106739 0.416074 0.004207 0.367722
0 2 0.390380 0.227418 0.127249 0.019762 0.235192
4 2 0.206568 0.281929 0.186736 0.010783 0.313985
4 2 0.048591 0.127702 0.384696 0.041750 0.397261
2 2 0.020737 0.115725 0.453090 0.012299 0.398150
4 2 0.080812 0.091651 0.189108 0.036252 0.602178
4 2 0.057376 0.084335 0.239265 0.010160 0.608864
4 2 0.033832 0.066395 0.108286 0.002617 0.788870
4 2 0.130455 0.120400 0.031771 0.000389 0.716984
4 2 0.097457 0.053092 0.047913 0.002029 0.799509
4 2 0.013556 0.020829 0.036336 0.001387 0.927892
4 2 0.027966 0.056823 0.074147 0.003797 0.837268
4 2 0.023824 0.041854 0.090966 0.008039 0.835317
4 2 0.021070 0.063645 0.284206 0.011609 0.619470
4 2 0.014236 0.050877 0.415942 0.015454 0.503491
2 2 0.008981 0.081738 0.625695 0.181180 0.102406
2 2 0.003849 0.044710 0.696702 0.174324 0.080414
2 2 0.001018 0.018824 0.893438 0.051664 0.035056
2 2 0.001996 0.024955 0.838187 0.082082 0.052779
2 2 0.001090 0.022549 0.814506 0.148894 0.012961
2 2 0.000217 0.011005 0.939506 0.044285 0.004988
2 2 0.000227 0.008418 0.823900 0.162298 0.005158
2 2 0.000256 0.009295 0.964993 0.016817 0.008638
2 2 0.010704 0.027596 0.801345 0.142946 0.017410
2 2 0.075476 0.114026 0.701059 0.058832 0.050607
0 2 0.888734 0.052688 0.049372 0.002577 0.006629
0 2 0.819663 0.111049 0.021493 0.002005 0.045790
4 2 0.142706 0.269627 0.271222 0.037218 0.279227
2 2 0.003064 0.038852 0.719165 0.230057 0.008862
2 2 0.002053 0.035933 0.905710 0.050837 0.005467
2 2 0.001414 0.021922 0.898361 0.075487 0.002816
2 2 0.011386 0.047066 0.827182 0.099164 0.015201
2 2 0.057205 0.133560 0.706707 0.046834 0.055694
0 2 0.661573 0.082203 0.130064 0.037661 0.088499
0 2 0.865320 0.083985 0.017282 0.002065 0.031348
0 2 0.640552 0.215727 0.095281 0.001889 0.046550
1 2 0.259744 0.357973 0.292243 0.001275 0.088765
1 2 0.206967 0.324820 0.283128 0.015639 0.169446
2 2 0.025436 0.254194 0.602984 0.016283 0.101103
2 2 0.003190 0.057361 0.782479 0.126730 0.030241
2 2 0.000470 0.011676 0.916278 0.067216 0.004360
2 2 0.003118 0.014552 0.899996 0.078420 0.003914
2 2 0.002039 0.012996 0.935062 0.046401 0.003502
2 2 0.008464 0.024503 0.884569 0.074374 0.008090
2 2 0.137450 0.107286 0.700727 0.014327 0.040210
0 2 0.555142 0.226329 0.116210 0.011381 0.090937
2 2 0.249859 0.184185 0.361244 0.034929 0.169783
2 2 0.031347 0.093741 0.607357 0.064845 0.202710
2 2 0.004841 0.027306 0.808101 0.148653 0.011100
2 2 0.001205 0.023931 0.917767 0.049235 0.007862
2 2 0.001202 0.022006 0.941092 0.019470 0.016229
2 2 0.013503 0.044771 0.912426 0.012381 0.016919
2 2 0.004557 0.028908 0.953386 0.010035 0.003114
2 2 0.015486 0.047126 0.919359 0.014579 0.003450
2 2 0.100996 0.150691 0.720282 0.013180 0.014851
0 2 0.917285 0.038241 0.020785 0.008373 0.015316
0 2 0.779192 0.127130 0.035558 0.005427 0.052692
0 2 0.764331 0.140737 0.052500 0.001852 0.040581
2 2 0.022718 0.153316 0.775504 0.014300 0.034161
2 2 0.006864 0.065458 0.838448 0.069218 0.020012
2 2 0.004743 0.051608 0.878311 0.059673 0.005666
2 2 0.017808 0.060565 0.761481 0.148941 0.011205
2 2 0.000757 0.014412 0.971682 0.012802 0.000347
2 2 0.000717 0.016492 0.973899 0.008684 0.000208
2 2 0.000916 0.011948 0.979967 0.006975 0.000195
2 2 0.000365 0.006947 0.845059 0.147044 0.000584
2 2 0.000255 0.005675 0.906306 0.087043 0.000721
2 2 0.000326 0.012502 0.936084 0.049682 0.001406
2 2 0.001265 0.017384 0.895406 0.084808 0.001137
2 2 0.005123 0.024158 0.836326 0.132261 0.002131
2 2 0.001074 0.009686 0.851779 0.136680 0.000781
2 2 0.001693 0.018256 0.835539 0.142673 0.001838
2 2 0.000704 0.013911 0.899399 0.084771 0.001215
2 2 0.000440 0.009651 0.877086 0.111444 0.001378
2 2 0.000246 0.006674 0.899038 0.093708 0.000335
2 2 0.002416 0.019067 0.851663 0.121400 0.005454
2 2 0.072799 0.078247 0.799619 0.043315 0.006020
0 2 0.656567 0.039219 0.151545 0.150100 0.002569
0 2 0.876195 0.069119 0.035933 0.004455 0.014298
2 2 0.295487 0.285848 0.322290 0.060414 0.035962
2 2 0.004465 0.022144 0.509823 0.459925 0.003643
2 2 0.002041 0.008733 0.795396 0.192627 0.001203
2 2 0.001021 0.014832 0.868560 0.112020 0.003567
2 2 0.000588 0.010373 0.726946 0.261174 0.000920
2 2 0.005587 0.018504 0.780976 0.193272 0.001660
2 2 0.321938 0.056793 0.577982 0.040801 0.002486
0 2 0.846196 0.061346 0.059831 0.019752 0.012875
2 2 0.223335 0.215255 0.377692 0.151762 0.031955
2 2 0.001673 0.023885 0.798920 0.166429 0.009094
2 2 0.000325 0.008418 0.919167 0.069007 0.003083
2 2 0.000195 0.008466 0.973554 0.016671 0.001114
2 2 0.002849 0.037038 0.852596 0.097154 0.010363
2 2 0.001828 0.023142 0.797866 0.173740 0.003425
2 2 0.001111 0.020846 0.871974 0.100971 0.005098
2 2 0.000398 0.013796 0.903197 0.071908 0.010702
2 2 0.005433 0.022410 0.875541 0.072541 0.024075
2 2 0.000195 0.009092 0.948552 0.039834 0.002327
2 2 0.000298 0.008844 0.851104 0.138281 0.001473
2 2 0.000361 0.006824 0.856901 0.134140 0.001775
2 2 0.001682 0.010305 0.770136 0.214788 0.003089
2 2 0.001098 0.013797 0.820192 0.156051 0.008862
3 2 0.002985 0.010644 0.368122 0.613818 0.004432
2 2 0.000851 0.018170 0.753199 0.218896 0.008883
2 2 0.001320 0.045012 0.847419 0.092821 0.013428
2 2 0.000721 0.028704 0.794592 0.168732 0.007251
3 2 0.247500 0.038354 0.156735 0.552473 0.004937
0 2 0.903071 0.040102 0.023849 0.027461 0.005517
2 2 0.089599 0.271256 0.550651 0.026022 0.062472
2 2 0.113488 0.127665 0.681222 0.060568 0.017057
2 2 0.261381 0.102392 0.493749 0.133619 0.008859
0 2 0.894154 0.050825 0.032157 0.011025 0.011839
0 0 0.851468 0.035705 0.039396 0.058650 0.014781
1 0 0.302498 0.363337 0.030731 0.000291 0.303143
0 1 0.762782 0.148082 0.016207 0.000526 0.072404
4 1 0.310995 0.196745 0.090838 0.004883 0.396539
2 1 0.036649 0.196458 0.430293 0.064120 0.272479
4 1 0.038347 0.079073 0.222706 0.045365 0.614508
4 2 0.022044 0.040045 0.053675 0.002218 0.882018
4 2 0.021306 0.035961 0.082928 0.007510 0.852295
4 2 0.020332 0.036940 0.073564 0.005160 0.864004
4 2 0.043325 0.131633 0.174053 0.010224 0.640766
4 2 0.047752 0.061236 0.174566 0.019525 0.696921
4 4 0.157333 0.073545 0.148922 0.016212 0.603989
4 4 0.255331 0.053487 0.047469 0.002950 0.640764
4 4 0.308092 0.080684 0.049555 0.002562 0.559107
4 4 0.015212 0.024073 0.031670 0.000884 0.928161
4 4 0.009698 0.010050 0.018269 0.000459 0.961524
4 4 0.013358 0.011959 0.017228 0.000365 0.957091
4 4 0.007040 0.008597 0.012935 0.000208 0.971220
4 4 0.019672 0.021718 0.029888 0.000661 0.928062
4 4 0.015121 0.019225 0.043505 0.002420 0.919730
4 4 0.030021 0.014314 0.032312 0.001823 0.921529
4 4 0.159599 0.123563 0.074772 0.003611 0.638455
0 4 0.880195 0.013938 0.011077 0.001720 0.093070
4 4 0.106403 0.075096 0.047969 0.001532 0.769000
4 4 0.162153 0.012974 0.025671 0.001920 0.797282
4 4 0.079014 0.017490 0.031414 0.001858 0.870223
4 4 0.122108 0.031614 0.034501 0.001555 0.810222
4 4 0.041051 0.015172 0.047246 0.004884 0.891647
4 4 0.149484 0.041440 0.039800 0.001867 0.767409
4 4 0.081020 0.039583 0.035247 0.001157 0.842992
4 4 0.139385 0.043152 0.078578 0.009860 0.729026
0 4 0.575380 0.082662 0.082845 0.019720 0.239392
0 4 0.622193 0.171502 0.016153 0.000208 0.189943
4 4 0.141222 0.050763 0.036092 0.001185 0.770738
4 4 0.052800 0.047466 0.030383 0.000592 0.868760
4 4 0.012999 0.012209 0.030267 0.001445 0.943080
4 4 0.046561 0.014703 0.015373 0.000315 0.923048
4 4 0.228074 0.030375 0.028261 0.001269 0.712020
4 4 0.436569 0.024151 0.023477 0.001502 0.514301
4 4 0.286752 0.045370 0.027983 0.000965 0.638930
4 4 0.191494 0.165400 0.047535 0.000578 0.594993
4 4 0.072002 0.025468 0.038436 0.001012 0.863083
0 4 0.606218 0.028030 0.024526 0.002151 0.339075
4 4 0.033948 0.011200 0.023001 0.001020 0.930831
4 4 0.178679 0.080703 0.109951 0.014933 0.615734
4 4 0.125872 0.059918 0.123465 0.022869 0.667875
0 4 0.372995 0.194142 0.083632 0.004768 0.344462
4 4 0.095263 0.183665 0.132327 0.000654 0.588091
4 4 0.337029 0.108597 0.087357 0.009287 0.457730
4 4 0.117481 0.177626 0.268871 0.016251 0.419771
2 4 0.052820 0.184673 0.429251 0.041881 0.291374
2 4 0.014492 0.131455 0.629174 0.024922 0.199957
2 4 0.017579 0.128399 0.578610 0.013375 0.262038
4 4 0.057363 0.227162 0.309011 0.001907 0.404558
4 4 0.098669 0.152896 0.225949 0.019237 0.503250
4 2 0.073015 0.095075 0.277386 0.037769 0.516754
2 2 0.070751 0.235497 0.353285 0.015438 0.325029
2 2 0.035092 0.187799 0.391247 0.074100 0.311762
2 2 0.041658 0.237618 0.464102 0.023179 0.233443
2 2 0.048031 0.208530 0.446744 0.033911 0.262784
2 2 0.027288 0.123407 0.450684 0.030379 0.368241
4 2 0.169109 0.180035 0.308921 0.005544 0.336391
0 2 0.943263 0.028778 0.014134 0.007363 0.006462
0 2 0.893866 0.061774 0.019270 0.005157 0.019933
1 2 0.249012 0.314629 0.135201 0.001502 0.299656
4 2 0.040571 0.164786 0.294136 0.004853 0.495655
2 2 0.024262 0.136274 0.467420 0.033014 0.339031
2 2 0.004813 0.054869 0.726281 0.084514 0.129523
2 2 0.003859 0.046026 0.770612 0.113302 0.066201
2 2 0.005179 0.061817 0.771816 0.065255 0.095934
