0 0 0.983546 0.005979 0.000649 0.000001 0.009825
0 0 0.920823 0.017975 0.002447 0.000003 0.058752
0 0 0.812069 0.145060 0.018685 0.000005 0.024181
0 1 0.541305 0.326557 0.061307 0.000054 0.070776
0 1 0.835038 0.073781 0.020506 0.000190 0.070486
0 1 0.822500 0.075321 0.015592 0.000110 0.086477
0 1 0.437104 0.338062 0.058773 0.000008 0.166052
1 1 0.221790 0.537551 0.111806 0.000046 0.128806
0 1 0.659500 0.207178 0.050902 0.000473 0.081947
0 1 0.468644 0.275504 0.076839 0.000300 0.178713
3 2 0.186601 0.136825 0.275314 0.348051 0.053209
0 2 0.372093 0.139830 0.186626 0.150732 0.150719
0 2 0.360309 0.250999 0.290900 0.036846 0.060946
2 2 0.054039 0.303696 0.621826 0.000438 0.020001
2 2 0.042809 0.059616 0.834360 0.051663 0.011551
2 2 0.250965 0.059343 0.427581 0.226030 0.036082
2 2 0.319884 0.050669 0.452985 0.146323 0.030138
2 3 0.047489 0.040515 0.635520 0.264002 0.012474
3 3 0.049000 0.032423 0.326178 0.574243 0.018156
2 3 0.157811 0.061335 0.486278 0.249202 0.045375
3 3 0.253415 0.017186 0.185792 0.536510 0.007097
3 3 0.026522 0.005555 0.057450 0.908325 0.002148
3 3 0.053054 0.025511 0.113796 0.791459 0.016181
2 3 0.047449 0.071697 0.525083 0.239829 0.115942
0 3 0.504828 0.097682 0.239122 0.078030 0.080338
0 2 0.707065 0.088124 0.051275 0.002576 0.150959
0 2 0.673934 0.115240 0.048798 0.000691 0.161338
0 2 0.617368 0.111801 0.073222 0.000195 0.197414
0 2 0.726556 0.150275 0.067826 0.000150 0.055192
0 2 0.559822 0.264989 0.062401 0.000072 0.112716
2 2 0.015000 0.015008 0.590642 0.376052 0.003298
2 2 0.181812 0.058113 0.580547 0.161614 0.017913
2 2 0.043277 0.026649 0.763839 0.153201 0.013034
2 3 0.151548 0.038188 0.592373 0.202574 0.015317
3 3 0.259507 0.035618 0.285566 0.403021 0.016289
3 3 0.145678 0.015105 0.166834 0.666117 0.006265
3 3 0.287622 0.021120 0.146950 0.535097 0.009212
3 3 0.048055 0.007802 0.075288 0.865775 0.003080
3 3 0.029088 0.005689 0.059567 0.903467 0.002190
3 3 0.009705 0.003988 0.037832 0.946881 0.001594
3 3 0.010263 0.003836 0.038237 0.946157 0.001508
3 3 0.004177 0.001270 0.021758 0.972376 0.000418
3 3 0.005865 0.001340 0.024813 0.967552 0.000430
3 3 0.004774 0.001522 0.023760 0.969427 0.000517
3 3 0.001819 0.000413 0.012556 0.985099 0.000113
3 3 0.007482 0.002800 0.031918 0.956747 0.001054
3 3 0.005539 0.001862 0.026203 0.965742 0.000654
3 3 0.009158 0.003685 0.036428 0.949276 0.001453
3 3 0.019666 0.010481 0.059679 0.905223 0.004951
3 3 0.008103 0.003120 0.033627 0.953954 0.001196
3 3 0.001785 0.000403 0.012400 0.985303 0.000109
3 3 0.000888 0.000157 0.007801 0.991118 0.000036
3 3 0.006826 0.002472 0.030056 0.959736 0.000911
3 3 0.018872 0.009903 0.058130 0.908463 0.004631
3 3 0.009415 0.003826 0.037090 0.948150 0.001519
3 3 0.002373 0.000591 0.014973 0.981891 0.000171
3 3 0.010783 0.004604 0.040518 0.942209 0.001886
3 3 0.005262 0.001737 0.025333 0.967065 0.000603
3 3 0.004817 0.001541 0.023901 0.969217 0.000524
3 3 0.002015 0.000474 0.013437 0.983941 0.000133
3 3 0.001992 0.000467 0.013336 0.984075 0.000130
3 3 0.018266 0.009469 0.056931 0.910940 0.004393
3 3 0.011596 0.005083 0.042476 0.938728 0.002118
3 3 0.011245 0.004874 0.041637 0.940228 0.002016
3 3 0.008053 0.003094 0.033492 0.954178 0.001184
3 3 0.015312 0.007433 0.050838 0.923112 0.003306
3 3 0.006601 0.002361 0.029401 0.960774 0.000864
3 3 0.001853 0.000423 0.012709 0.984899 0.000116
3 3 0.003956 0.001180 0.020994 0.973485 0.000384
3 3 0.009464 0.003853 0.037216 0.947936 0.001531
3 3 0.010554 0.004470 0.039954 0.943200 0.001822
3 3 0.011616 0.005095 0.042524 0.938641 0.002124
3 3 0.004570 0.001435 0.023088 0.970424 0.000482
3 3 0.001927 0.000446 0.013044 0.984459 0.000123
3 3 0.004572 0.001435 0.023093 0.970416 0.000483
3 3 0.006740 0.002430 0.029808 0.960129 0.000893
3 3 0.003746 0.001096 0.020249 0.974557 0.000352
3 3 0.006484 0.002305 0.029060 0.961311 0.000840
3 3 0.022561 0.012667 0.065116 0.893470 0.006186
3 3 0.010773 0.004598 0.040493 0.942253 0.001883
3 3 0.006279 0.002207 0.028451 0.962266 0.000798
3 3 0.003299 0.000923 0.018618 0.976872 0.000288
3 3 0.001259 0.000251 0.009834 0.988593 0.000063
3 3 0.004202 0.001280 0.021843 0.972252 0.000422
3 3 0.005632 0.001904 0.026492 0.965300 0.000672
3 3 0.002898 0.000775 0.017091 0.979002 0.000235
3 3 0.003394 0.000959 0.018971 0.976375 0.000301
3 3 0.015605 0.007629 0.051463 0.921894 0.003409
3 3 0.007279 0.002697 0.031348 0.957668 0.001009
3 3 0.010341 0.004348 0.039430 0.944117 0.001764
3 3 0.000922 0.000165 0.007999 0.990875 0.000039
3 3 0.005621 0.001899 0.026456 0.965355 0.000669
3 3 0.005124 0.001675 0.024895 0.967727 0.000578
3 3 0.009107 0.003657 0.036295 0.949500 0.001440
3 3 0.015620 0.007639 0.051495 0.921832 0.003414
3 3 0.005037 0.001637 0.024616 0.968148 0.000563
3 3 0.004929 0.001589 0.024266 0.968672 0.000544
3 3 0.006078 0.002112 0.027853 0.963199 0.000758
3 3 0.008285 0.003216 0.034121 0.953138 0.001239
3 3 0.005859 0.002009 0.027188 0.964230 0.000715
3 3 0.008028 0.003081 0.033423 0.954290 0.001178
3 3 0.007428 0.002772 0.031767 0.956991 0.001042
3 3 0.003072 0.000838 0.017764 0.978068 0.000258
3 3 0.008792 0.003486 0.035470 0.950891 0.001362
3 3 0.015412 0.007500 0.051053 0.922693 0.003341
3 3 0.064584 0.036161 0.113172 0.765350 0.020733
3 3 0.274868 0.134475 0.177118 0.311648 0.101890
3 3 0.138931 0.124371 0.308835 0.332308 0.095555
2 3 0.093791 0.246215 0.320243 0.043950 0.295800
4 3 0.128991 0.120812 0.268575 0.057933 0.423688
0 1 0.748343 0.089294 0.030865 0.001666 0.129832
0 1 0.802491 0.058730 0.013230 0.000171 0.125377
1 1 0.224704 0.535435 0.130679 0.000177 0.109004
0 1 0.851432 0.102737 0.014801 0.000010 0.031020
0 1 0.673455 0.254053 0.038915 0.000016 0.033561
0 1 0.503854 0.371550 0.074435 0.000099 0.050062
1 1 0.236482 0.660128 0.080782 0.000001 0.022607
0 1 0.684361 0.233593 0.030232 0.000004 0.051810
0 1 0.902234 0.055981 0.008940 0.000019 0.032825
0 1 0.743425 0.143560 0.028430 0.000030 0.084555
0 1 0.731039 0.207702 0.030280 0.000011 0.030968
0 1 0.791603 0.148248 0.023600 0.000021 0.036528
0 1 0.912951 0.026630 0.004505 0.000021 0.055893
0 0 0.908133 0.041056 0.006395 0.000013 0.044403
0 0 0.932835 0.030994 0.004219 0.000005 0.031948
0 0 0.954615 0.022814 0.003040 0.000004 0.019526
0 0 0.937679 0.024889 0.007222 0.000120 0.030091
0 0 0.890060 0.033891 0.042711 0.007782 0.025556
0 0 0.922795 0.029447 0.019114 0.001165 0.027480
0 0 0.863997 0.053497 0.012660 0.000326 0.069521
0 0 0.611747 0.312953 0.045691 0.000011 0.029597
0 0 0.869586 0.086934 0.012945 0.000012 0.030523
0 0 0.887300 0.082701 0.009971 0.000003 0.020026
0 0 0.889635 0.066286 0.010555 0.000019 0.033505
0 0 0.739043 0.211489 0.026452 0.000004 0.023012
0 0 0.757165 0.183286 0.027272 0.000013 0.032264
0 0 0.642964 0.286895 0.041093 0.000010 0.029038
0 0 0.728704 0.233939 0.023018 0.000001 0.014338
0 0 0.879134 0.099893 0.009128 0.000000 0.011844
0 0 0.706084 0.222700 0.035187 0.000020 0.036009
0 0 0.719494 0.232468 0.027489 0.000003 0.020547
0 0 0.673753 0.262374 0.036313 0.000008 0.027552
0 0 0.597212 0.318355 0.050264 0.000019 0.034150
0 0 0.748903 0.184866 0.029443 0.000022 0.036767
0 0 0.857623 0.078793 0.014998 0.000072 0.048513
0 0 0.866994 0.092141 0.013036 0.000009 0.027819
0 0 0.959830 0.029312 0.002493 0.000000 0.008366
0 0 0.922146 0.057809 0.005041 0.000000 0.015004
0 0 0.905757 0.072471 0.007450 0.000001 0.014322
0 0 0.496793 0.424459 0.049625 0.000002 0.029121
0 0 0.885289 0.073232 0.011021 0.000013 0.030446
0 0 0.862117 0.100355 0.013192 0.000005 0.024331
0 0 0.826358 0.130154 0.015671 0.000003 0.027815
0 0 0.879324 0.084264 0.011189 0.000005 0.025218
0 0 0.830790 0.116426 0.015982 0.000006 0.036796
0 0 0.814030 0.128086 0.020678 0.000023 0.037183
0 0 0.935954 0.038513 0.005006 0.000004 0.020524
0 0 0.862053 0.100545 0.013183 0.000005 0.024214
0 0 0.886829 0.059495 0.010834 0.000050 0.042792
0 0 0.875212 0.069573 0.012500 0.000047 0.042668
0 0 0.806929 0.129597 0.016779 0.000004 0.046691
0 0 0.798366 0.158971 0.019832 0.000004 0.022827
0 0 0.849955 0.096322 0.015905 0.000027 0.037792
0 0 0.767919 0.182152 0.024140 0.000006 0.025783
0 0 0.781744 0.161957 0.024099 0.000013 0.032186
0 0 0.780399 0.147341 0.026401 0.000050 0.045810
0 0 0.925522 0.032730 0.005743 0.000035 0.035971
0 0 0.940936 0.021758 0.003643 0.000022 0.033642
0 0 0.976753 0.008591 0.001056 0.000002 0.013599
0 0 0.943128 0.016072 0.002233 0.000004 0.038563
0 0 0.864141 0.100052 0.012787 0.000004 0.023016
0 0 0.716270 0.237521 0.026718 0.000001 0.019489
1 1 0.358662 0.523187 0.071165 0.000004 0.046983
1 1 0.065981 0.673094 0.136619 0.000012 0.124295
1 1 0.163280 0.428648 0.078355 0.000008 0.329709
1 1 0.218882 0.406718 0.064825 0.000004 0.309572
0 1 0.438365 0.373978 0.046230 0.000001 0.141426
1 1 0.049354 0.695870 0.116454 0.000002 0.138320
1 1 0.020150 0.751443 0.129122 0.000001 0.099284
4 1 0.060024 0.412997 0.101804 0.000028 0.425147
1 1 0.357205 0.457605 0.070154 0.000007 0.115029
1 1 0.262599 0.523592 0.076796 0.000003 0.137011
0 1 0.488099 0.210061 0.045203 0.000082 0.256554
1 1 0.272594 0.352463 0.065945 0.000016 0.308982
4 1 0.175847 0.252908 0.031251 0.000000 0.539994
4 1 0.224692 0.196875 0.022606 0.000000 0.555827
1 1 0.048575 0.656939 0.088293 0.000000 0.206193
4 1 0.116806 0.277008 0.047806 0.000003 0.558378
0 1 0.402428 0.218646 0.036144 0.000007 0.342774
0 4 0.505510 0.107341 0.021405 0.000033 0.365711
4 4 0.323241 0.048471 0.008535 0.000005 0.619747
4 4 0.212072 0.024407 0.003657 0.000001 0.759864
4 4 0.219261 0.040498 0.007874 0.000007 0.732361
0 4 0.413716 0.181825 0.039152 0.000059 0.365248
1 4 0.368068 0.385077 0.067375 0.000016 0.179463
1 4 0.318421 0.397800 0.056011 0.000002 0.227766
4 4 0.088642 0.138370 0.021608 0.000001 0.751379
4 4 0.191948 0.025733 0.004069 0.000001 0.778249
4 4 0.186810 0.020095 0.002809 0.000000 0.790286
4 4 0.082215 0.020548 0.003670 0.000001 0.893566
4 4 0.200856 0.026769 0.004271 0.000001 0.768103
4 4 0.102597 0.019633 0.003207 0.000001 0.874562
4 4 0.013686 0.006886 0.001202 0.000000 0.978226
4 4 0.170081 0.024740 0.003958 0.000001 0.801220
4 4 0.164581 0.057679 0.009437 0.000001 0.768302
4 4 0.387446 0.098450 0.012560 0.000001 0.501543
4 0 0.191029 0.104852 0.018741 0.000004 0.685374
4 0 0.191791 0.185563 0.035739 0.000004 0.586902
0 0 0.613908 0.119994 0.017995 0.000005 0.248098
0 0 0.493124 0.069862 0.015586 0.000067 0.421361
0 0 0.770737 0.149108 0.028447 0.000078 0.051630
0 0 0.848720 0.079910 0.013960 0.000034 0.057376
0 0 0.757360 0.117169 0.015919 0.000004 0.109549
0 0 0.687888 0.185618 0.028970 0.000005 0.097519
1 0 0.446944 0.449930 0.065408 0.000008 0.037711
0 0 0.702527 0.197473 0.069703 0.000028 0.030269
0 0 0.880884 0.075397 0.023424 0.000052 0.020244
0 0 0.889324 0.033235 0.009124 0.000072 0.068245
0 0 0.707945 0.113267 0.028340 0.000050 0.150397
0 0 0.514221 0.115041 0.048395 0.000118 0.322225
0 0 0.653291 0.263763 0.037635 0.000008 0.045303
0 0 0.843560 0.084925 0.014158 0.000024 0.057333
0 0 0.827018 0.137870 0.015845 0.000002 0.019265
0 0 0.957628 0.025380 0.002846 0.000001 0.014144
0 0 0.895594 0.057485 0.009757 0.000030 0.037133
0 0 0.692885 0.096207 0.019449 0.000062 0.191398
0 0 0.607990 0.091751 0.017170 0.000025 0.283064
0 0 0.853145 0.067491 0.008871 0.000003 0.070489
0 0 0.955042 0.027908 0.002652 0.000000 0.014398
0 0 0.789978 0.120868 0.013889 0.000001 0.075264
0 0 0.585663 0.060653 0.010774 0.000013 0.342897
4 0 0.278876 0.291420 0.040493 0.000001 0.389211
0 1 0.541541 0.193664 0.028785 0.000005 0.236004
0 1 0.860192 0.063703 0.008995 0.000006 0.067104
0 1 0.857788 0.056812 0.006265 0.000001 0.079134
0 1 0.711310 0.102178 0.013337 0.000002 0.173173
0 1 0.803420 0.083602 0.009387 0.000001 0.103590
0 1 0.524040 0.216134 0.037599 0.000017 0.222210
0 1 0.658015 0.152734 0.021160 0.000003 0.168087
4 1 0.237713 0.325992 0.055085 0.000006 0.381204
1 1 0.382916 0.428683 0.080036 0.000034 0.108331
0 1 0.329392 0.323859 0.075561 0.000116 0.271072
1 1 0.066319 0.611268 0.171742 0.000052 0.150619
1 1 0.153733 0.481168 0.209844 0.000015 0.155240
0 2 0.389533 0.207040 0.050641 0.000118 0.352668
4 2 0.134696 0.187799 0.088427 0.000369 0.588709
4 2 0.279156 0.256354 0.124863 0.000404 0.339223
0 2 0.590454 0.155210 0.034157 0.000115 0.220064
0 2 0.662416 0.130328 0.029500 0.000165 0.177591
0 2 0.639481 0.267083 0.043902 0.000024 0.049511
1 2 0.320470 0.548119 0.068494 0.000001 0.062916
0 2 0.458374 0.157685 0.027818 0.000013 0.356111
4 2 0.084370 0.281112 0.059091 0.000009 0.575417
0 2 0.594289 0.201670 0.031823 0.000010 0.172209
1 2 0.223934 0.540556 0.091140 0.000008 0.144361
4 2 0.198982 0.256801 0.056600 0.000033 0.487584
1 2 0.077212 0.439592 0.109981 0.000040 0.373174
4 2 0.067226 0.272438 0.057756 0.000007 0.602574
1 2 0.320171 0.409464 0.077257 0.000025 0.193083
0 2 0.820333 0.101771 0.025543 0.000030 0.052322
0 2 0.875481 0.090401 0.011519 0.000004 0.022595
0 2 0.649157 0.277399 0.041588 0.000014 0.031843
0 2 0.487239 0.336135 0.067357 0.000071 0.109198
4 2 0.067579 0.244727 0.280028 0.000627 0.407038
4 2 0.096484 0.156511 0.173327 0.000285 0.573394
0 2 0.518834 0.246384 0.069217 0.000130 0.165435
0 2 0.556856 0.188310 0.102757 0.000274 0.151804
0 2 0.491777 0.117480 0.238426 0.020694 0.131623
4 2 0.313495 0.130273 0.090866 0.001276 0.464090
2 2 0.262003 0.157667 0.307892 0.001534 0.270904
2 2 0.142475 0.135929 0.549014 0.004346 0.168236
0 2 0.669210 0.097760 0.106925 0.001857 0.124249
0 2 0.487951 0.194230 0.255269 0.000420 0.062131
0 2 0.780526 0.098903 0.039695 0.000349 0.080526
0 2 0.386380 0.280270 0.200790 0.001033 0.131527
4 2 0.095498 0.144290 0.255460 0.001777 0.502975
4 2 0.147598 0.107930 0.365814 0.003601 0.375057
2 2 0.138591 0.235711 0.342572 0.001181 0.281945
0 2 0.662876 0.156370 0.104533 0.000762 0.075458
0 2 0.463375 0.156080 0.262753 0.002305 0.115487
0 2 0.411650 0.112591 0.386344 0.035337 0.054078
2 2 0.028250 0.034191 0.713480 0.206642 0.017437
2 2 0.028436 0.063820 0.677521 0.182081 0.048143
0 2 0.313613 0.263524 0.233457 0.063263 0.126143
2 2 0.153945 0.303743 0.393393 0.001902 0.147017
2 2 0.233202 0.140720 0.336533 0.013637 0.275908
2 2 0.344681 0.107157 0.411584 0.022245 0.114333
2 2 0.341811 0.110147 0.420353 0.032465 0.095224
0 2 0.446181 0.135928 0.233992 0.028811 0.155088
2 2 0.036438 0.105446 0.768990 0.037364 0.051762
0 2 0.577406 0.088898 0.234691 0.026575 0.072429
2 2 0.208867 0.090101 0.579625 0.073464 0.047943
0 3 0.399740 0.182425 0.313653 0.017855 0.086327
0 3 0.408362 0.161851 0.156603 0.101749 0.171436
2 3 0.193051 0.113471 0.506310 0.131232 0.055936
2 3 0.220495 0.119935 0.586406 0.023475 0.049690
0 3 0.579510 0.154305 0.180206 0.010686 0.075295
0 3 0.762929 0.086589 0.056596 0.004523 0.089364
0 2 0.674996 0.071991 0.180534 0.012111 0.060369
0 2 0.876895 0.044209 0.009435 0.000137 0.069324
2 2 0.028517 0.030357 0.855702 0.057982 0.027443
2 2 0.158138 0.094047 0.489410 0.026776 0.231629
2 2 0.081468 0.130356 0.431616 0.027840 0.328719
2 2 0.071374 0.227622 0.625148 0.003631 0.072224
4 2 0.047560 0.233640 0.306365 0.000413 0.412022
0 2 0.516640 0.190691 0.153355 0.003125 0.136189
0 2 0.656670 0.149890 0.104419 0.002041 0.086980
2 2 0.227793 0.105980 0.555139 0.040597 0.070491
0 2 0.698740 0.088021 0.067286 0.005958 0.139995
2 2 0.154568 0.102520 0.561572 0.039027 0.142312
2 2 0.184434 0.324547 0.458118 0.000811 0.032089
2 2 0.317490 0.242086 0.388413 0.003566 0.048445
2 2 0.137304 0.088432 0.734588 0.007264 0.032413
2 2 0.116532 0.068831 0.642607 0.136836 0.035194
2 2 0.256726 0.126120 0.504957 0.065313 0.046884
0 2 0.666539 0.206103 0.079033 0.000604 0.047720
0 2 0.764881 0.127361 0.030248 0.000371 0.077139
1 2 0.246075 0.466600 0.166901 0.000100 0.120323
1 2 0.112847 0.511232 0.222601 0.000018 0.153303
1 2 0.187405 0.370265 0.194477 0.000145 0.247708
2 2 0.032179 0.177885 0.700532 0.005144 0.084260
2 2 0.046433 0.313618 0.571840 0.000192 0.067916
0 2 0.592995 0.292381 0.067745 0.000041 0.046838
0 2 0.596319 0.269677 0.077827 0.000063 0.056114
0 2 0.552315 0.321019 0.057983 0.000041 0.068643
0 2 0.737207 0.166724 0.036026 0.000125 0.059918
0 2 0.760882 0.163046 0.029424 0.000053 0.046596
1 2 0.327825 0.402061 0.077053 0.000029 0.193032
4 2 0.072659 0.261020 0.052918 0.000006 0.613396
1 2 0.085866 0.346728 0.257120 0.000065 0.310222
2 2 0.017585 0.068471 0.900103 0.001177 0.012664
2 2 0.094130 0.183670 0.676758 0.004600 0.040842
0 2 0.573950 0.088649 0.265549 0.007153 0.064699
0 2 0.584214 0.134415 0.240737 0.000425 0.040208
0 2 0.660416 0.163540 0.128416 0.000283 0.047344
0 2 0.864082 0.072020 0.013988 0.000083 0.049827
0 2 0.769679 0.156552 0.027991 0.000049 0.045730
0 2 0.504254 0.343388 0.062279 0.000032 0.090047
2 2 0.159463 0.268674 0.286220 0.000713 0.284930
2 2 0.211855 0.130309 0.494575 0.003592 0.159668
0 2 0.468348 0.182077 0.063843 0.000619 0.285112
0 2 0.493262 0.122389 0.153463 0.036127 0.194760
2 2 0.227825 0.120676 0.495034 0.051440 0.105026
0 2 0.568489 0.084286 0.220293 0.065429 0.061502
0 2 0.574731 0.084791 0.184609 0.007917 0.147953
0 2 0.569408 0.156947 0.229517 0.003161 0.040966
0 2 0.639026 0.245408 0.049764 0.000112 0.065689
1 2 0.309743 0.477447 0.130816 0.000058 0.081936
1 2 0.072649 0.392445 0.321926 0.000130 0.212850
2 2 0.050638 0.129511 0.651537 0.001905 0.166409
0 2 0.467016 0.367504 0.062965 0.000020 0.102495
0 2 0.408673 0.385630 0.065892 0.000016 0.139788
1 2 0.261930 0.542200 0.109575 0.000050 0.086246
0 2 0.680139 0.226967 0.031650 0.000006 0.061238
0 2 0.557354 0.348712 0.053559 0.000014 0.040361
0 2 0.460796 0.216189 0.037018 0.000012 0.285985
0 1 0.606763 0.142004 0.033354 0.000194 0.217685
0 1 0.561802 0.179850 0.050351 0.000793 0.207203
4 1 0.175449 0.279371 0.101895 0.001728 0.441556
1 1 0.234066 0.534031 0.121860 0.000108 0.109936
0 2 0.829194 0.116930 0.018472 0.000020 0.035385
0 2 0.761201 0.144601 0.024418 0.000026 0.069755
0 2 0.746765 0.137111 0.026163 0.000061 0.089900
1 2 0.323342 0.341268 0.100829 0.000385 0.234176
1 2 0.201837 0.400834 0.281819 0.000119 0.115391
1 2 0.374812 0.457917 0.096703 0.000023 0.070544
0 2 0.601859 0.312905 0.039805 0.000003 0.045428
0 2 0.416384 0.412900 0.079673 0.000051 0.090992
0 2 0.478062 0.431171 0.058199 0.000005 0.032564
0 0 0.759112 0.186197 0.026045 0.000008 0.028637
0 0 0.715603 0.135520 0.017431 0.000002 0.131444
0 0 0.896337 0.013012 0.001210 0.000000 0.089442
0 0 0.967656 0.012132 0.001679 0.000005 0.018528
0 0 0.975737 0.006801 0.000709 0.000000 0.016753
4 0 0.424140 0.018673 0.002087 0.000000 0.555100
0 0 0.884611 0.010705 0.001003 0.000000 0.103682
0 0 0.698131 0.029625 0.004178 0.000002 0.268064
0 0 0.964393 0.013411 0.001922 0.000007 0.020268
0 0 0.977616 0.007954 0.000940 0.000001 0.013488
0 0 0.917638 0.016901 0.002197 0.000002 0.063263
0 0 0.961260 0.022873 0.002518 0.000001 0.013348
0 0 0.853844 0.080315 0.010314 0.000003 0.055524
0 0 0.855138 0.081485 0.009820 0.000002 0.053555
0 0 0.948289 0.020866 0.003150 0.000010 0.027685
0 0 0.975152 0.009211 0.001159 0.000002 0.014475
0 0 0.975155 0.009210 0.001159 0.000002 0.014474
0 0 0.969415 0.011444 0.001552 0.000004 0.017584
0 0 0.908433 0.018101 0.002388 0.000002 0.071076
0 0 0.916233 0.015138 0.001838 0.000001 0.066790
0 0 0.876168 0.014526 0.001587 0.000000 0.107719
0 0 0.880354 0.058503 0.009635 0.000021 0.051487
0 0 0.962329 0.014222 0.002080 0.000008 0.021361
0 0 0.830846 0.030441 0.004753 0.000008 0.133952
0 0 0.556185 0.027596 0.003688 0.000001 0.412530
0 0 0.740420 0.020523 0.002408 0.000001 0.236648
0 0 0.705468 0.015696 0.001574 0.000000 0.277261
0 0 0.734432 0.072180 0.007252 0.000000 0.186136
0 0 0.672919 0.131835 0.017249 0.000002 0.177994
0 0 0.561970 0.292080 0.032271 0.000001 0.113678
0 0 0.769488 0.128353 0.020116 0.000013 0.082030
0 0 0.885924 0.043236 0.005029 0.000001 0.065810
0 0 0.913454 0.026657 0.003226 0.000001 0.056661
0 0 0.910687 0.038727 0.004528 0.000001 0.046056
0 0 0.680314 0.081769 0.009316 0.000001 0.228600
0 0 0.739721 0.075786 0.007996 0.000000 0.176498
4 0 0.185671 0.190930 0.026962 0.000001 0.596436
4 0 0.249229 0.252963 0.044371 0.000007 0.453430
0 0 0.771505 0.056842 0.009332 0.000012 0.162309
0 0 0.833004 0.099813 0.012930 0.000003 0.054250
0 0 0.672821 0.232503 0.032046 0.000005 0.062624
0 0 0.953289 0.030972 0.003206 0.000001 0.012532
0 0 0.963457 0.022190 0.002325 0.000001 0.012027
0 0 0.932884 0.037738 0.005324 0.000007 0.024047
0 0 0.928474 0.039097 0.005790 0.000011 0.026629
0 0 0.862848 0.082014 0.010319 0.000003 0.044816
0 0 0.839174 0.055634 0.006398 0.000001 0.098792
0 0 0.802527 0.019081 0.002233 0.000001 0.176159
0 0 0.522452 0.129665 0.016792 0.000001 0.331089
0 0 0.592851 0.102215 0.012201 0.000001 0.292733
0 0 0.400541 0.239651 0.033965 0.000002 0.325840
0 0 0.915435 0.021718 0.002526 0.000001 0.060320
0 0 0.841529 0.030623 0.004713 0.000007 0.123128
0 0 0.839323 0.046230 0.009402 0.000079 0.104966
0 0 0.957584 0.015797 0.002382 0.000010 0.024227
0 0 0.924298 0.009482 0.000904 0.000000 0.065316
0 0 0.676972 0.027855 0.003776 0.000001 0.291394
0 0 0.709781 0.017521 0.001866 0.000000 0.270831
0 0 0.912710 0.013063 0.001445 0.000001 0.072782
0 0 0.957822 0.010058 0.001140 0.000001 0.030979
0 0 0.920119 0.029180 0.005393 0.000047 0.045261
0 0 0.949314 0.022099 0.003362 0.000011 0.025215
0 0 0.982649 0.006322 0.000699 0.000001 0.010329
0 0 0.913755 0.039773 0.005059 0.000003 0.041410
0 0 0.923994 0.052169 0.005091 0.000000 0.018746
0 0 0.872289 0.052054 0.006328 0.000002 0.069326
0 0 0.706908 0.110159 0.018828 0.000018 0.164088
0 0 0.614200 0.074976 0.010280 0.000002 0.300542
4 0 0.214329 0.130178 0.018711 0.000001 0.636781
0 0 0.613589 0.186960 0.029343 0.000009 0.170099
0 1 0.472745 0.316473 0.050364 0.000009 0.160409
0 1 0.667055 0.246886 0.036502 0.000010 0.049545
0 1 0.765579 0.129190 0.021919 0.000025 0.083288
0 1 0.514698 0.230301 0.034856 0.000006 0.220139
0 1 0.744945 0.074472 0.012622 0.000016 0.167944
0 1 0.801365 0.086624 0.012231 0.000005 0.099775
0 1 0.784334 0.125015 0.018876 0.000010 0.071764
0 1 0.538815 0.288931 0.039911 0.000004 0.132339
1 1 0.372018 0.450160 0.062959 0.000003 0.114860
1 1 0.121254 0.680149 0.089669 0.000001 0.108928
1 1 0.092156 0.688716 0.094022 0.000001 0.125105
0 1 0.425945 0.414693 0.072206 0.000023 0.087132
1 2 0.300818 0.402982 0.111746 0.000511 0.183944
1 2 0.043569 0.609792 0.259945 0.000347 0.086347
0 2 0.397132 0.344830 0.083231 0.000219 0.174588
0 2 0.442892 0.230296 0.081630 0.004171 0.241010
0 2 0.708297 0.151627 0.041003 0.000937 0.098136
1 2 0.282521 0.461097 0.173347 0.000970 0.082065
1 2 0.199110 0.447350 0.280066 0.000231 0.073244
0 2 0.460389 0.259976 0.167014 0.000835 0.111787
2 2 0.137661 0.226065 0.592492 0.000578 0.043204
0 2 0.405180 0.360247 0.157562 0.000271 0.076739
1 2 0.245677 0.407288 0.256711 0.000969 0.089356
1 2 0.235510 0.418556 0.297311 0.000595 0.048028
1 2 0.216047 0.565491 0.182128 0.000066 0.036268
0 2 0.498241 0.370380 0.081801 0.000079 0.049499
1 2 0.295920 0.342951 0.288016 0.000449 0.072664
0 2 0.396914 0.173882 0.356150 0.010271 0.062784
0 2 0.513311 0.162200 0.137960 0.001155 0.185374
0 2 0.351291 0.268182 0.158548 0.001608 0.220371
2 2 0.220059 0.228024 0.496239 0.001147 0.054530
0 2 0.783056 0.096355 0.062097 0.000803 0.057689
0 2 0.853329 0.064755 0.018911 0.000484 0.062521
2 2 0.388990 0.121286 0.442946 0.002592 0.044186
2 2 0.309794 0.119672 0.544903 0.001845 0.023786
1 0 0.133505 0.501098 0.318284 0.000239 0.046874
0 0 0.435958 0.336268 0.145474 0.000324 0.081976
0 0 0.475577 0.307407 0.118561 0.001105 0.097351
0 0 0.487458 0.281350 0.120891 0.005365 0.104935
2 2 0.233382 0.274186 0.426768 0.013123 0.052540
2 2 0.111442 0.121747 0.684213 0.054082 0.028516
2 2 0.148359 0.072645 0.452974 0.278037 0.047984
2 3 0.116243 0.031350 0.512778 0.323066 0.016563
2 3 0.264466 0.037979 0.347475 0.330340 0.019740
3 3 0.239842 0.035732 0.282902 0.423380 0.018145
2 3 0.073748 0.024687 0.525929 0.362993 0.012643
2 3 0.046900 0.018462 0.476085 0.450890 0.007663
3 3 0.013083 0.002895 0.135072 0.847975 0.000975
3 3 0.058543 0.007488 0.114247 0.816901 0.002821
3 3 0.035187 0.011614 0.145772 0.802292 0.005135
3 3 0.006369 0.006004 0.111649 0.873310 0.002669
3 3 0.015424 0.002984 0.056908 0.923703 0.000980
3 3 0.014251 0.002255 0.058713 0.924053 0.000728
3 3 0.250630 0.038396 0.164811 0.527204 0.018959
3 3 0.070758 0.025713 0.109011 0.781196 0.013322
3 3 0.024618 0.014647 0.072069 0.881756 0.006910
3 3 0.016556 0.008273 0.053457 0.917965 0.003749
3 3 0.027243 0.007846 0.062536 0.899065 0.003309
3 3 0.022297 0.006421 0.055944 0.912706 0.002631
3 3 0.016192 0.008025 0.052700 0.919465 0.003618
3 3 0.005844 0.002002 0.027143 0.964299 0.000712
3 3 0.005402 0.001800 0.025775 0.966395 0.000629
3 3 0.004237 0.001295 0.021963 0.972078 0.000428
3 3 0.004946 0.001597 0.024323 0.968587 0.000547
3 3 0.014720 0.007042 0.049565 0.925569 0.003103
3 3 0.013230 0.006085 0.046263 0.931808 0.002615
3 3 0.013862 0.006486 0.047679 0.929155 0.002818
3 3 0.009026 0.003613 0.036084 0.949856 0.001420
3 3 0.002203 0.000535 0.014256 0.982853 0.000153
3 3 0.001194 0.000234 0.009493 0.989021 0.000058
3 3 0.029637 0.018494 0.077262 0.864942 0.009666
3 3 0.003862 0.001142 0.020661 0.973965 0.000370
3 3 0.004010 0.001202 0.021179 0.973217 0.000392
3 3 0.008687 0.003430 0.035193 0.951354 0.001336
3 3 0.034446 0.022822 0.084766 0.845570 0.012396
3 3 0.013668 0.006363 0.047248 0.929966 0.002755
3 3 0.003548 0.001019 0.019537 0.975573 0.000323
3 3 0.002249 0.000550 0.014450 0.982594 0.000158
3 3 0.001021 0.000189 0.008559 0.990185 0.000045
3 3 0.003669 0.001066 0.019973 0.974952 0.000341
3 3 0.011514 0.005034 0.042280 0.939079 0.002094
3 3 0.007404 0.002760 0.031699 0.957102 0.001036
3 3 0.018288 0.009484 0.056975 0.910851 0.004402
3 3 0.015938 0.007852 0.052166 0.920518 0.003526
3 3 0.026660 0.015962 0.072330 0.876924 0.008124
3 3 0.014767 0.007073 0.049666 0.925374 0.003119
3 3 0.007062 0.002588 0.030733 0.958656 0.000961
3 3 0.014688 0.007021 0.049495 0.925703 0.003093
3 3 0.004551 0.001427 0.023023 0.970520 0.000479
3 3 0.000742 0.000123 0.006924 0.992183 0.000028
3 3 0.001996 0.000468 0.013353 0.984052 0.000131
3 3 0.000661 0.000105 0.006412 0.992799 0.000023
3 3 0.002594 0.000667 0.015882 0.980660 0.000197
3 3 0.008533 0.003347 0.034785 0.952036 0.001299
3 3 0.017486 0.008918 0.055364 0.914138 0.004095
3 3 0.016225 0.008047 0.052768 0.919331 0.003629
3 3 0.003773 0.001107 0.020345 0.974419 0.000356
3 3 0.002477 0.000626 0.015404 0.981310 0.000183
3 3 0.000754 0.000126 0.006998 0.992094 0.000028
3 3 0.009604 0.003931 0.037575 0.947322 0.001568
3 3 0.013458 0.006230 0.046778 0.930846 0.002688
3 3 0.000914 0.000163 0.007950 0.990934 0.000038
3 3 0.009290 0.003757 0.036768 0.948698 0.001487
3 3 0.029599 0.018461 0.077201 0.865092 0.009646
3 3 0.002332 0.000578 0.014804 0.982119 0.000167
3 3 0.004402 0.001364 0.022523 0.971257 0.000455
3 3 0.147345 0.104412 0.163876 0.509407 0.074960
3 3 0.252060 0.116260 0.195414 0.352382 0.083884
0 2 0.382180 0.111435 0.311809 0.143572 0.051004
0 2 0.398603 0.085708 0.255197 0.203522 0.056970
0 2 0.327849 0.163794 0.172607 0.077233 0.258516
4 2 0.115748 0.165058 0.255770 0.012855 0.450569
4 2 0.216606 0.146712 0.238459 0.017834 0.380389
0 2 0.673012 0.107858 0.108096 0.009664 0.101371
0 2 0.847380 0.072638 0.033555 0.001008 0.045419
1 2 0.250698 0.439622 0.226628 0.000410 0.082643
2 2 0.040926 0.190576 0.603763 0.002120 0.162615
2 2 0.006630 0.134183 0.570161 0.003933 0.285093
4 2 0.173987 0.145213 0.049332 0.000706 0.630762
4 2 0.088638 0.289881 0.085173 0.000143 0.536165
4 2 0.249078 0.331716 0.074136 0.000057 0.345012
0 2 0.560773 0.076437 0.014648 0.000025 0.348117
4 1 0.084083 0.039709 0.009985 0.000018 0.866205
4 1 0.342935 0.082031 0.012539 0.000002 0.562492
4 1 0.031390 0.022954 0.005527 0.000004 0.940126
4 1 0.370498 0.213760 0.038407 0.000013 0.377321
4 1 0.358048 0.146872 0.028653 0.000020 0.466407
0 1 0.714120 0.091159 0.016513 0.000027 0.178181
0 0 0.780994 0.073129 0.015168 0.000091 0.130619
0 0 0.804190 0.029010 0.004289 0.000004 0.162507
4 0 0.223221 0.027638 0.004365 0.000001 0.744775
4 0 0.064194 0.015065 0.002461 0.000000 0.918279
4 0 0.012060 0.005390 0.000861 0.000000 0.981689
4 0 0.021382 0.010799 0.002076 0.000000 0.965743
4 0 0.061512 0.014726 0.002408 0.000000 0.921353
4 0 0.015577 0.008426 0.001514 0.000000 0.974483
4 0 0.016881 0.006156 0.000949 0.000000 0.976013
4 0 0.059148 0.014248 0.002317 0.000000 0.924287
0 0 0.508597 0.036467 0.005694 0.000003 0.449239
4 0 0.165033 0.033848 0.007517 0.000003 0.793598
4 0 0.105822 0.019774 0.003983 0.000000 0.870421
4 0 0.103840 0.221171 0.033606 0.000001 0.641383
4 0 0.125804 0.065489 0.010546 0.000001 0.798160
4 2 0.061442 0.035423 0.006347 0.000001 0.896787
4 4 0.039198 0.014221 0.002618 0.000000 0.943962
4 4 0.130403 0.018234 0.002674 0.000000 0.848689
4 4 0.124869 0.013284 0.001670 0.000000 0.860177
4 4 0.127739 0.010900 0.001228 0.000000 0.860133
4 4 0.039511 0.005349 0.000589 0.000000 0.954550
4 4 0.018024 0.003475 0.000390 0.000000 0.978111
4 4 0.014090 0.008065 0.001515 0.000000 0.976329
4 4 0.360854 0.141309 0.026039 0.000012 0.471785
4 4 0.288496 0.116954 0.024229 0.000022 0.570298
4 4 0.125758 0.304074 0.034910 0.000000 0.535258
4 4 0.141325 0.040920 0.006404 0.000001 0.811351
4 4 0.093160 0.047178 0.008243 0.000001 0.851418
4 4 0.161331 0.029144 0.005159 0.000002 0.804364
4 4 0.059025 0.044175 0.007199 0.000000 0.889601
4 4 0.062982 0.075910 0.018005 0.000010 0.843092
4 4 0.227567 0.105923 0.018547 0.000004 0.647958
4 4 0.289742 0.090245 0.019153 0.000025 0.600835
0 4 0.714924 0.141744 0.016577 0.000001 0.126754
0 4 0.571863 0.117028 0.018283 0.000006 0.292821
0 1 0.496128 0.227799 0.027983 0.000001 0.248088
0 1 0.714703 0.076948 0.009346 0.000001 0.199002
4 1 0.366153 0.156104 0.022425 0.000002 0.455316
0 1 0.556628 0.101210 0.015024 0.000004 0.327134
0 1 0.552130 0.097974 0.013939 0.000002 0.335954
0 1 0.672296 0.152371 0.018886 0.000001 0.156445
0 0 0.799732 0.054632 0.008766 0.000011 0.136859
0 0 0.582561 0.150927 0.068276 0.000058 0.198178
0 0 0.738873 0.041021 0.005545 0.000002 0.214560
4 0 0.187591 0.256800 0.037639 0.000001 0.517968
4 0 0.256465 0.180153 0.026176 0.000001 0.537204
4 0 0.137365 0.251001 0.043280 0.000003 0.568350
4 0 0.400973 0.094054 0.013832 0.000002 0.491139
0 0 0.498679 0.164058 0.024491 0.000004 0.312768
0 0 0.792959 0.132280 0.013954 0.000001 0.060806
0 0 0.500660 0.386989 0.045261 0.000001 0.067088
0 0 0.749145 0.171210 0.020027 0.000002 0.059617
0 0 0.829895 0.071715 0.012104 0.000021 0.086264
0 0 0.948459 0.032974 0.003697 0.000001 0.014868
0 0 0.979938 0.005217 0.000489 0.000000 0.014356
0 0 0.990757 0.001677 0.000099 0.000000 0.007466
0 0 0.988914 0.001791 0.000105 0.000000 0.009189
0 0 0.988914 0.001791 0.000105 0.000000 0.009189
0 0 0.990642 0.001657 0.000097 0.000000 0.007603
0 0 0.921738 0.009714 0.000767 0.000000 0.067781
0 1 0.953158 0.014014 0.001891 0.000004 0.030934
0 1 0.496368 0.170079 0.043075 0.000275 0.290204
4 1 0.332192 0.269520 0.054946 0.000035 0.343307
4 1 0.302214 0.173555 0.023059 0.000001 0.501171
4 1 0.238084 0.183231 0.028426 0.000002 0.550258
4 1 0.238445 0.307815 0.050584 0.000004 0.403151
4 1 0.193930 0.246798 0.050489 0.000017 0.508766
4 1 0.090174 0.195758 0.049001 0.000034 0.665034
4 1 0.293381 0.177492 0.032106 0.000009 0.497012
0 1 0.429400 0.247090 0.038912 0.000006 0.284592
0 1 0.680481 0.176002 0.025892 0.000007 0.117619
0 1 0.848197 0.077804 0.012068 0.000013 0.061918
0 1 0.761538 0.126020 0.021766 0.000027 0.090650
1 1 0.183484 0.542829 0.075826 0.000001 0.197860
4 1 0.115925 0.279363 0.050699 0.000004 0.554009
0 1 0.389167 0.351595 0.060888 0.000015 0.198336
0 1 0.832157 0.048503 0.009604 0.000063 0.109674
4 1 0.182290 0.226253 0.054244 0.000055 0.537157
4 1 0.265202 0.163207 0.029143 0.000007 0.542441
4 1 0.152793 0.217743 0.048654 0.000025 0.580785
1 1 0.080492 0.529559 0.144245 0.000111 0.245593
1 1 0.109552 0.517340 0.154830 0.000335 0.217942
4 2 0.136999 0.302321 0.221244 0.003144 0.336292
4 2 0.163093 0.151524 0.173288 0.000142 0.511953
4 2 0.264612 0.175861 0.122744 0.000987 0.435796
4 2 0.133733 0.305180 0.141544 0.000290 0.419254
1 2 0.298171 0.451158 0.093232 0.000030 0.157409
1 2 0.300461 0.328734 0.136107 0.000134 0.234564
2 2 0.030292 0.250219 0.494393 0.000177 0.224919
4 2 0.177641 0.247469 0.131347 0.000420 0.443124
4 2 0.230509 0.240125 0.086153 0.000064 0.443148
0 2 0.508532 0.204137 0.036802 0.000021 0.250509
1 2 0.149895 0.312182 0.265054 0.000343 0.272526
0 2 0.426603 0.361939 0.137435 0.000013 0.074009
1 2 0.318173 0.332032 0.319924 0.000151 0.029720
1 2 0.142912 0.412477 0.349902 0.000736 0.093974
2 2 0.091213 0.197619 0.594398 0.001223 0.115547
0 2 0.728517 0.076506 0.145720 0.001010 0.048247
0 2 0.465869 0.204881 0.261713 0.004429 0.063107
2 2 0.060687 0.149563 0.611172 0.006164 0.172413
2 2 0.103293 0.107000 0.572426 0.030496 0.186785
2 2 0.279316 0.196562 0.423595 0.015187 0.085340
1 2 0.175032 0.365822 0.237311 0.001828 0.220006
0 2 0.355263 0.324307 0.198570 0.002346 0.119514
2 2 0.025355 0.218075 0.716866 0.003696 0.036009
2 2 0.051482 0.136723 0.728839 0.016212 0.066744
1 2 0.207680 0.373390 0.364638 0.002402 0.051890
0 2 0.836926 0.091093 0.051228 0.000336 0.020418
0 2 0.521707 0.353226 0.085865 0.000106 0.039096
1 2 0.341636 0.431496 0.176871 0.000059 0.049937
1 2 0.188935 0.483882 0.169807 0.000162 0.157214
4 2 0.076950 0.193199 0.134057 0.000158 0.595636
4 2 0.167004 0.220815 0.279219 0.000748 0.332214
4 2 0.262568 0.102848 0.135854 0.000418 0.498312
0 2 0.565852 0.099768 0.037708 0.000306 0.296367
0 2 0.715605 0.056380 0.011322 0.000050 0.216644
4 2 0.285758 0.125262 0.043918 0.000095 0.544967
0 2 0.468352 0.122852 0.050659 0.000917 0.357220
0 2 0.443617 0.181274 0.097166 0.000418 0.277525
1 2 0.215796 0.351523 0.105345 0.000020 0.327315
4 2 0.055106 0.275440 0.139511 0.000094 0.529849
4 2 0.022677 0.171348 0.212493 0.000076 0.593405
4 2 0.063779 0.174656 0.075950 0.000091 0.685524
1 2 0.219070 0.431884 0.159266 0.000033 0.189748
1 2 0.203317 0.315290 0.187704 0.000266 0.293423
2 2 0.213489 0.259942 0.319787 0.000634 0.206148
2 2 0.049416 0.334948 0.562200 0.000166 0.053270
2 2 0.164209 0.240957 0.527311 0.004349 0.063174
1 2 0.064546 0.505928 0.354388 0.000118 0.075020
0 2 0.499721 0.300476 0.140499 0.000709 0.058595
1 2 0.311392 0.456875 0.114722 0.000291 0.116721
0 2 0.360709 0.234331 0.134760 0.000680 0.269519
0 1 0.792920 0.098457 0.020219 0.000107 0.088296
0 1 0.541177 0.304169 0.065651 0.000150 0.088854
0 1 0.460258 0.246230 0.080334 0.002392 0.210785
1 1 0.145379 0.387669 0.144456 0.002077 0.320419
0 1 0.376980 0.311280 0.109056 0.003759 0.198925
1 2 0.066622 0.363389 0.306290 0.000832 0.262867
2 2 0.118297 0.248364 0.408592 0.003028 0.221719
0 2 0.506581 0.201608 0.174269 0.001403 0.116139
2 2 0.179374 0.274603 0.340813 0.000573 0.204638
2 2 0.085371 0.185804 0.700512 0.002677 0.025635
2 2 0.298926 0.285582 0.304366 0.005599 0.105526
0 2 0.498398 0.337979 0.053412 0.000011 0.110200
1 2 0.331645 0.453970 0.080209 0.000018 0.134158
1 2 0.370322 0.397745 0.077780 0.000041 0.154113
1 2 0.259201 0.482016 0.090858 0.000022 0.167903
0 2 0.613797 0.140918 0.022825 0.000010 0.222450
0 1 0.814135 0.122531 0.016415 0.000005 0.046914
0 0 0.448117 0.341352 0.069714 0.000070 0.140747
0 0 0.467440 0.275775 0.067657 0.000089 0.189040
0 0 0.960440 0.014965 0.002228 0.000009 0.022358
0 0 0.936422 0.024991 0.004383 0.000033 0.034171
0 0 0.674520 0.276390 0.030928 0.000002 0.018160
0 1 0.645132 0.279806 0.042480 0.000015 0.032567
0 1 0.727411 0.113128 0.020804 0.000036 0.138621
0 1 0.652485 0.130687 0.024267 0.000033 0.192528
0 1 0.513098 0.216633 0.036516 0.000013 0.233740
1 1 0.259129 0.406868 0.107907 0.000287 0.225810
1 1 0.127031 0.426391 0.155351 0.001607 0.289620
1 1 0.062526 0.424328 0.107769 0.000038 0.405338
4 1 0.095888 0.234180 0.064647 0.000085 0.605200
4 1 0.044246 0.206244 0.063223 0.000065 0.686222
4 1 0.180479 0.187554 0.035945 0.000008 0.596014
4 1 0.190176 0.249035 0.052767 0.000023 0.508000
1 1 0.321708 0.391803 0.070937 0.000017 0.215535
0 1 0.337692 0.330346 0.058298 0.000013 0.273650
4 1 0.373255 0.156197 0.029897 0.000018 0.440632
4 1 0.405840 0.116893 0.023868 0.000031 0.453369
0 1 0.450520 0.119782 0.021857 0.000015 0.407827
4 1 0.298415 0.176056 0.034226 0.000017 0.491287
4 1 0.146583 0.027986 0.004979 0.000002 0.820450
4 4 0.105110 0.026867 0.005142 0.000002 0.862878
4 4 0.023034 0.040533 0.015297 0.000120 0.921016
4 4 0.187710 0.031752 0.005646 0.000003 0.774889
4 4 0.162926 0.023470 0.003695 0.000001 0.809908
4 4 0.041384 0.018500 0.003700 0.000001 0.936416
4 4 0.130359 0.019178 0.002889 0.000000 0.847575
4 4 0.022654 0.007965 0.001283 0.000000 0.968098
4 4 0.043339 0.010343 0.001563 0.000000 0.944755
4 4 0.079092 0.015962 0.002525 0.000000 0.902421
4 4 0.130476 0.041791 0.009507 0.000013 0.818213
4 4 0.209987 0.047262 0.010094 0.000014 0.732643
4 4 0.280134 0.032489 0.005291 0.000002 0.682085
4 4 0.035058 0.013569 0.002523 0.000000 0.948849
4 4 0.049874 0.016345 0.003008 0.000001 0.930773
4 4 0.009766 0.022055 0.007878 0.000026 0.960275
4 4 0.395933 0.022369 0.002782 0.000000 0.578915
0 4 0.539491 0.022754 0.002747 0.000000 0.435008
4 4 0.303958 0.024408 0.003352 0.000001 0.668281
4 4 0.275264 0.045228 0.008828 0.000009 0.670671
4 4 0.212070 0.039511 0.007646 0.000006 0.740766
4 4 0.185247 0.137095 0.027582 0.000011 0.650065
4 4 0.074828 0.016470 0.002693 0.000000 0.906009
4 4 0.105515 0.016462 0.002432 0.000000 0.875591
4 4 0.059105 0.011876 0.001756 0.000000 0.927263
4 4 0.062244 0.011655 0.001680 0.000000 0.924421
4 4 0.165642 0.010836 0.001131 0.000000 0.822391
4 4 0.054369 0.022969 0.004925 0.000003 0.917735
4 4 0.185318 0.046520 0.010178 0.000015 0.757969
4 4 0.042567 0.027728 0.007075 0.000009 0.922621
4 4 0.013067 0.008721 0.001748 0.000000 0.976464
4 4 0.008829 0.005012 0.000850 0.000000 0.985309
4 4 0.418611 0.031223 0.004594 0.000001 0.545570
4 4 0.218939 0.021625 0.003015 0.000000 0.756421
4 4 0.076985 0.042929 0.011552 0.000029 0.868504
4 4 0.024982 0.056288 0.024718 0.000488 0.893524
4 4 0.011846 0.050058 0.026440 0.000861 0.910795
4 4 0.354359 0.041890 0.007433 0.000006 0.596312
4 4 0.235759 0.026667 0.004076 0.000001 0.733497
4 4 0.104403 0.027157 0.005238 0.000002 0.863199
4 4 0.069670 0.041960 0.011492 0.000030 0.876849
4 4 0.029228 0.019203 0.004531 0.000003 0.947035
4 4 0.171684 0.036480 0.007153 0.000005 0.784677
4 4 0.345100 0.069537 0.016354 0.000063 0.568946
4 4 0.065064 0.052378 0.016493 0.000092 0.865974
4 4 0.165824 0.330222 0.087272 0.000134 0.416548
1 4 0.207515 0.383181 0.105726 0.000125 0.303453
4 4 0.155100 0.331158 0.083144 0.000082 0.430515
0 4 0.621817 0.220434 0.040161 0.000037 0.117551
4 1 0.193148 0.293502 0.048300 0.000003 0.465047
4 1 0.204103 0.274824 0.047121 0.000005 0.473948
4 1 0.169976 0.195599 0.047331 0.000052 0.587042
1 1 0.348523 0.464387 0.100170 0.000108 0.086812
1 1 0.055329 0.420848 0.371342 0.002531 0.149951
2 1 0.014923 0.136019 0.798158 0.004638 0.046262
0 1 0.699988 0.085366 0.022350 0.000479 0.191818
0 2 0.683066 0.080819 0.020233 0.000309 0.215573
0 2 0.365219 0.260834 0.055837 0.000058 0.318052
4 2 0.132832 0.281625 0.077329 0.000128 0.508086
4 2 0.212839 0.152331 0.046540 0.000388 0.587901
4 2 0.116565 0.361889 0.077721 0.000018 0.443808
1 2 0.223727 0.483174 0.090359 0.000017 0.202724
4 2 0.159583 0.103394 0.030299 0.000172 0.706552
4 2 0.134816 0.274650 0.057962 0.000016 0.532556
4 2 0.067722 0.382783 0.086434 0.000015 0.463046
4 2 0.166358 0.275915 0.062535 0.000035 0.495157
4 2 0.126522 0.124370 0.028925 0.000022 0.720160
4 2 0.245006 0.120962 0.022903 0.000009 0.611119
4 2 0.316439 0.199459 0.048429 0.000112 0.435560
4 2 0.316312 0.085426 0.022567 0.000155 0.575540
4 2 0.217864 0.089379 0.026810 0.000280 0.665666
4 2 0.281819 0.214553 0.049829 0.000070 0.453729
0 1 0.728829 0.133796 0.092908 0.000938 0.043529
0 1 0.497681 0.336994 0.086509 0.000087 0.078729
0 1 0.818309 0.117581 0.020648 0.000042 0.043420
0 1 0.517588 0.294009 0.069014 0.000250 0.119140
1 1 0.290451 0.384220 0.117649 0.001029 0.206650
0 1 0.572036 0.229826 0.065407 0.001158 0.131574
