0 0 0.912905 0.012517 0.032573 0.001484 0.040520
0 0 0.908311 0.008249 0.013648 0.000111 0.069681
0 0 0.947979 0.001440 0.011143 0.000282 0.039156
0 0 0.835218 0.000654 0.010805 0.000247 0.153076
0 0 0.648817 0.000931 0.020901 0.001133 0.328218
0 0 0.885738 0.000722 0.009133 0.000162 0.104245
0 0 0.987921 0.000263 0.003178 0.000048 0.008591
0 0 0.894692 0.001745 0.003529 0.000005 0.100030
0 0 0.967813 0.000134 0.003063 0.000038 0.028952
0 0 0.982565 0.000241 0.002334 0.000015 0.014845
0 0 0.502137 0.005852 0.008271 0.000018 0.483723
0 0 0.782213 0.001197 0.003440 0.000004 0.213145
0 0 0.972561 0.000323 0.002528 0.000012 0.024575
0 0 0.954312 0.003337 0.013838 0.000346 0.028167
0 0 0.989257 0.004182 0.004259 0.000031 0.002271
0 0 0.993719 0.002364 0.002502 0.000012 0.001403
0 0 0.972098 0.004291 0.016235 0.000999 0.006378
0 1 0.377616 0.320568 0.043789 0.000250 0.257775
4 1 0.017073 0.413435 0.066606 0.003252 0.499634
4 1 0.002773 0.238824 0.013105 0.000080 0.745218
4 1 0.002317 0.297462 0.038063 0.000125 0.662033
4 1 0.002128 0.318853 0.048549 0.000281 0.630189
4 4 0.001823 0.145884 0.003477 0.000002 0.848814
4 4 0.004574 0.035062 0.006824 0.000033 0.953507
4 4 0.007850 0.028890 0.009420 0.000075 0.953766
4 4 0.013872 0.375707 0.065621 0.000295 0.544505
4 4 0.012544 0.317342 0.025927 0.000230 0.643957
4 4 0.020388 0.333557 0.056507 0.001897 0.587652
4 4 0.025215 0.388441 0.049306 0.001034 0.536004
4 4 0.018708 0.378651 0.063217 0.000277 0.539147
4 4 0.017500 0.235173 0.009896 0.000012 0.737419
4 4 0.005645 0.063562 0.006255 0.000014 0.924525
4 4 0.009646 0.016372 0.013811 0.000336 0.959835
4 4 0.007625 0.012233 0.012753 0.000381 0.967008
4 4 0.014829 0.068602 0.011081 0.000043 0.905445
4 4 0.005130 0.015364 0.011010 0.000256 0.968240
4 4 0.009856 0.002243 0.010094 0.000631 0.977176
4 4 0.035658 0.008249 0.005952 0.000021 0.950120
4 4 0.028477 0.102023 0.029259 0.000432 0.839809
4 4 0.008497 0.354306 0.047830 0.000458 0.588909
4 4 0.032809 0.123707 0.011112 0.000018 0.832354
4 4 0.059826 0.335580 0.027675 0.000114 0.576805
4 4 0.034542 0.313087 0.022422 0.000083 0.629867
4 4 0.022295 0.298199 0.019892 0.000075 0.659539
4 4 0.005402 0.325520 0.035618 0.000387 0.633073
4 4 0.003051 0.394784 0.111865 0.002436 0.487865
1 4 0.004708 0.416995 0.265719 0.009033 0.303546
4 4 0.028381 0.423255 0.083083 0.001607 0.463674
4 4 0.200988 0.044092 0.145939 0.038356 0.570625
0 0 0.712900 0.038179 0.074506 0.004231 0.170184
0 0 0.969412 0.000051 0.002450 0.000040 0.028048
0 0 0.848114 0.000080 0.004181 0.000066 0.147558
0 0 0.896022 0.000295 0.007616 0.000187 0.095881
0 0 0.972101 0.000695 0.006660 0.000140 0.020404
0 0 0.983070 0.000726 0.008962 0.000593 0.006648
0 0 0.998257 0.000020 0.001109 0.000055 0.000559
0 0 0.997140 0.000009 0.000328 0.000001 0.002521
0 0 0.997402 0.000014 0.000605 0.000006 0.001973
0 0 0.941453 0.000498 0.002746 0.000008 0.055295
0 0 0.973069 0.000291 0.004874 0.000100 0.021665
4 0 0.137101 0.005697 0.014456 0.000188 0.842559
4 0 0.400371 0.010829 0.012321 0.000041 0.576438
4 0 0.361087 0.040406 0.032529 0.000317 0.565662
4 1 0.066994 0.218299 0.027219 0.000128 0.687361
4 1 0.026069 0.256168 0.033240 0.000126 0.684396
4 1 0.152860 0.012892 0.007515 0.000012 0.826722
4 1 0.087467 0.005089 0.002337 0.000001 0.905106
4 1 0.369771 0.074044 0.013758 0.000015 0.542413
1 1 0.070349 0.470756 0.102745 0.005666 0.350484
2 1 0.002674 0.343638 0.458784 0.010683 0.184221
2 1 0.002244 0.253168 0.630340 0.022266 0.091982
2 1 0.001197 0.174882 0.761356 0.008190 0.054375
2 1 0.001461 0.211182 0.700696 0.015482 0.071179
2 1 0.002316 0.168662 0.774825 0.001813 0.052384
2 1 0.004641 0.208488 0.717673 0.003795 0.065404
2 1 0.000390 0.028696 0.964899 0.003690 0.002325
2 1 0.005759 0.069478 0.896764 0.024473 0.003526
2 2 0.000141 0.021163 0.974706 0.001806 0.002184
2 2 0.000123 0.027160 0.967806 0.001435 0.003477
2 2 0.000492 0.121337 0.839235 0.005797 0.033139
2 2 0.003498 0.060536 0.926804 0.005409 0.003753
2 2 0.000255 0.040845 0.949029 0.004181 0.005689
2 2 0.001986 0.044455 0.939757 0.011534 0.002267
2 2 0.000383 0.022997 0.971748 0.003580 0.001292
2 2 0.000190 0.017397 0.979211 0.002175 0.001027
2 2 0.000127 0.005717 0.992588 0.001500 0.000069
2 2 0.000207 0.008715 0.988761 0.002168 0.000149
2 3 0.002881 0.012317 0.923144 0.061280 0.000378
2 3 0.000080 0.009816 0.987868 0.001945 0.000291
2 3 0.000337 0.021485 0.939357 0.035875 0.002946
2 3 0.016949 0.048277 0.841496 0.092525 0.000753
2 3 0.001531 0.018190 0.887872 0.091227 0.001180
2 3 0.004658 0.012942 0.781944 0.199865 0.000592
3 3 0.007564 0.004569 0.120464 0.866948 0.000455
3 3 0.005768 0.016314 0.321189 0.655249 0.001481
3 3 0.002384 0.002614 0.196561 0.797981 0.000459
3 3 0.003001 0.010178 0.186137 0.799377 0.001306
3 3 0.018191 0.039677 0.185709 0.754708 0.001715
3 3 0.023283 0.025781 0.115265 0.833567 0.002104
3 3 0.007921 0.017489 0.145201 0.827735 0.001653
3 3 0.006742 0.004146 0.043949 0.944491 0.000672
3 3 0.004513 0.002758 0.076326 0.916183 0.000220
3 3 0.003546 0.001871 0.029944 0.964323 0.000317
3 3 0.001274 0.002176 0.057641 0.938446 0.000463
3 3 0.001919 0.000856 0.019249 0.977841 0.000135
3 3 0.003520 0.000739 0.014632 0.981001 0.000108
3 3 0.004872 0.001740 0.022044 0.971106 0.000237
3 3 0.003921 0.001357 0.022098 0.972442 0.000182
3 3 0.001961 0.000324 0.008491 0.989192 0.000033
3 3 0.002305 0.000754 0.012653 0.984218 0.000069
3 3 0.004310 0.001595 0.021318 0.972509 0.000269
3 3 0.002995 0.000983 0.015451 0.980451 0.000119
3 3 0.004248 0.002676 0.026389 0.966294 0.000393
3 3 0.001409 0.000501 0.010409 0.987598 0.000083
3 3 0.000954 0.000630 0.011018 0.987275 0.000122
3 3 0.002309 0.000609 0.012573 0.984458 0.000052
3 3 0.003710 0.002494 0.046194 0.947398 0.000204
3 3 0.000572 0.000125 0.004790 0.994491 0.000022
3 3 0.000825 0.000113 0.004713 0.994334 0.000016
3 3 0.000992 0.000278 0.007628 0.991049 0.000052
3 3 0.002067 0.001411 0.018881 0.977261 0.000380
3 3 0.003476 0.000736 0.012888 0.982850 0.000049
3 3 0.007147 0.001523 0.019463 0.971793 0.000074
3 3 0.000641 0.000056 0.003120 0.996178 0.000005
3 3 0.005118 0.000396 0.009176 0.985300 0.000010
3 3 0.003138 0.000692 0.012022 0.984110 0.000038
3 3 0.007868 0.001912 0.020722 0.969438 0.000060
3 3 0.002304 0.000368 0.009155 0.988140 0.000034
3 3 0.001870 0.000335 0.008238 0.989533 0.000025
3 3 0.002958 0.000770 0.011876 0.984367 0.000028
3 3 0.000999 0.000607 0.011449 0.986773 0.000171
3 3 0.000970 0.000256 0.007271 0.991457 0.000046
3 3 0.000791 0.000092 0.004370 0.994732 0.000015
3 3 0.000543 0.000082 0.003846 0.995516 0.000013
3 3 0.001272 0.000263 0.007282 0.991153 0.000030
3 3 0.000327 0.000070 0.003562 0.996021 0.000021
3 3 0.001309 0.000401 0.008920 0.989322 0.000048
3 3 0.000745 0.000126 0.004958 0.994151 0.000020
3 3 0.000701 0.000367 0.008194 0.990665 0.000073
3 3 0.001567 0.001290 0.015333 0.981677 0.000134
3 3 0.000645 0.000289 0.007561 0.991425 0.000080
3 3 0.002425 0.000804 0.012418 0.984306 0.000047
3 3 0.000962 0.000316 0.007665 0.991016 0.000041
3 3 0.000242 0.000058 0.003095 0.996589 0.000016
3 3 0.001151 0.000333 0.007980 0.990498 0.000039
3 3 0.000938 0.000104 0.004610 0.994335 0.000014
3 3 0.001828 0.000201 0.006328 0.991631 0.000012
3 3 0.002057 0.000453 0.009593 0.987863 0.000034
3 3 0.000512 0.000043 0.002983 0.996452 0.000010
3 3 0.001141 0.000111 0.004770 0.993966 0.000012
3 3 0.001955 0.000364 0.009463 0.988160 0.000057
3 3 0.000732 0.000047 0.003033 0.996182 0.000005
3 3 0.002218 0.000395 0.008936 0.988426 0.000025
3 3 0.004744 0.001034 0.015187 0.978986 0.000049
3 3 0.003643 0.000535 0.011522 0.984257 0.000043
3 3 0.005443 0.000556 0.011768 0.982205 0.000027
3 3 0.001918 0.000582 0.011006 0.986436 0.000058
3 3 0.001654 0.000626 0.011357 0.986288 0.000075
3 3 0.004090 0.000938 0.014706 0.980206 0.000060
3 3 0.001822 0.000320 0.008140 0.989691 0.000027
3 3 0.005352 0.004219 0.033101 0.956787 0.000542
3 3 0.005538 0.000576 0.012447 0.981407 0.000031
3 3 0.004837 0.000435 0.009503 0.985214 0.000011
3 3 0.002047 0.000326 0.007990 0.989618 0.000019
3 3 0.032359 0.005583 0.038855 0.923113 0.000089
3 3 0.009823 0.000934 0.016432 0.972767 0.000045
3 3 0.017724 0.010631 0.072251 0.898543 0.000851
2 3 0.018397 0.037970 0.791783 0.151586 0.000265
2 3 0.007902 0.067804 0.875036 0.047576 0.001681
2 3 0.001073 0.020039 0.886314 0.090613 0.001960
2 3 0.016907 0.075091 0.839893 0.066554 0.001554
2 3 0.001998 0.117910 0.838835 0.022459 0.018798
2 2 0.000077 0.033622 0.955929 0.004327 0.006046
2 2 0.000484 0.085146 0.886687 0.010779 0.016905
2 2 0.000657 0.228689 0.643592 0.039021 0.088040
2 2 0.000868 0.220199 0.678168 0.018006 0.082759
2 4 0.000380 0.233608 0.627209 0.038365 0.100438
2 4 0.000876 0.299505 0.523031 0.006731 0.169856
2 4 0.000902 0.231835 0.658246 0.003155 0.105861
1 4 0.001084 0.388383 0.238327 0.005924 0.366281
2 4 0.003601 0.249752 0.635296 0.030124 0.081227
2 4 0.003746 0.197276 0.719775 0.027484 0.051719
2 4 0.002074 0.236556 0.638629 0.045139 0.077601
2 4 0.000116 0.078088 0.894831 0.008534 0.018431
2 4 0.000757 0.129383 0.822631 0.015120 0.032109
2 2 0.000134 0.053863 0.930653 0.005509 0.009841
2 2 0.000619 0.132776 0.813451 0.019106 0.034048
2 2 0.001873 0.248165 0.642830 0.007447 0.099685
2 2 0.000724 0.308928 0.491481 0.005215 0.193651
1 2 0.003269 0.398700 0.321452 0.014516 0.262063
2 2 0.002859 0.349441 0.446024 0.009186 0.192491
2 2 0.000370 0.099474 0.864613 0.012741 0.022802
2 2 0.000085 0.034948 0.957528 0.001934 0.005506
2 2 0.000090 0.041882 0.947114 0.003926 0.006988
2 2 0.001240 0.146553 0.793160 0.023021 0.036026
2 2 0.008303 0.218793 0.699744 0.014811 0.058348
2 2 0.002162 0.087977 0.884359 0.011302 0.014199
2 2 0.008201 0.113490 0.854183 0.012807 0.011320
2 2 0.040941 0.216043 0.676407 0.043178 0.023431
1 2 0.363200 0.363371 0.180970 0.034897 0.057562
2 2 0.011212 0.163344 0.777626 0.028316 0.019502
2 2 0.001152 0.068529 0.911096 0.009327 0.009896
2 2 0.001004 0.054965 0.929891 0.007395 0.006745
2 2 0.000945 0.128347 0.827777 0.011692 0.031239
2 2 0.013509 0.291219 0.585443 0.014713 0.095117
2 2 0.003114 0.082967 0.886900 0.019330 0.007690
2 2 0.003522 0.166469 0.762320 0.029733 0.037955
1 2 0.024705 0.417698 0.339393 0.014614 0.203590
1 2 0.032028 0.467000 0.154369 0.036008 0.310596
1 2 0.068807 0.481821 0.264590 0.050590 0.134192
2 2 0.002979 0.233955 0.657140 0.032703 0.073224
2 2 0.001261 0.152289 0.783872 0.024207 0.038371
1 2 0.012607 0.413254 0.322968 0.046593 0.204577
2 2 0.005060 0.314267 0.529873 0.025928 0.124871
2 2 0.004649 0.279615 0.570991 0.049853 0.094892
2 2 0.007995 0.280846 0.589307 0.031463 0.090388
2 2 0.001165 0.082792 0.890739 0.011270 0.014033
2 2 0.001003 0.109548 0.850937 0.015692 0.022821
2 2 0.001235 0.066025 0.914528 0.008602 0.009610
2 2 0.000404 0.031441 0.960921 0.005045 0.002189
2 2 0.000141 0.029440 0.964042 0.002678 0.003699
2 2 0.000113 0.022701 0.972732 0.001924 0.002531
2 2 0.000144 0.031561 0.961293 0.003005 0.003998
2 2 0.000120 0.019921 0.976104 0.002525 0.001331
2 2 0.000395 0.021141 0.973825 0.003635 0.001004
2 2 0.010425 0.086492 0.854125 0.045512 0.003446
2 2 0.006931 0.181080 0.734541 0.049093 0.028354
2 2 0.001285 0.169797 0.756670 0.031543 0.040704
2 2 0.002802 0.231206 0.650279 0.044913 0.070800
2 2 0.003238 0.144102 0.796374 0.035572 0.020714
2 2 0.010608 0.185705 0.725512 0.047146 0.031029
2 2 0.001820 0.084013 0.888833 0.011944 0.013389
2 2 0.000481 0.040453 0.949626 0.004376 0.005063
2 2 0.000168 0.018869 0.977546 0.002015 0.001402
2 2 0.000506 0.024675 0.969198 0.004352 0.001269
2 2 0.001451 0.035658 0.951527 0.009914 0.001450
2 2 0.001615 0.061508 0.918874 0.012840 0.005163
2 2 0.000688 0.054652 0.930464 0.007100 0.007095
2 2 0.002193 0.073116 0.902794 0.014662 0.007235
2 2 0.002905 0.118707 0.835207 0.028393 0.014789
2 2 0.000346 0.071052 0.906951 0.008388 0.013264
2 2 0.000379 0.024356 0.970162 0.003589 0.001515
2 2 0.000752 0.058588 0.924215 0.010821 0.005624
2 2 0.001106 0.067262 0.912548 0.011375 0.007708
2 2 0.002456 0.112825 0.846316 0.020775 0.017628
2 2 0.002316 0.084283 0.886552 0.018077 0.008773
2 2 0.013264 0.112370 0.816624 0.051336 0.006406
2 2 0.010952 0.348249 0.469024 0.036318 0.135457
2 2 0.007055 0.231916 0.650652 0.048973 0.061404
2 2 0.002095 0.218346 0.672257 0.040512 0.066790
2 2 0.008254 0.253055 0.633971 0.031738 0.072982
2 2 0.013576 0.361558 0.430988 0.053670 0.140208
2 2 0.008019 0.311704 0.496863 0.075745 0.107669
2 2 0.015999 0.376841 0.393281 0.063278 0.150601
2 2 0.002414 0.279719 0.555067 0.058009 0.104790
2 2 0.002344 0.199014 0.707022 0.036160 0.055460
2 2 0.002294 0.163189 0.767358 0.027891 0.039268
2 2 0.000504 0.066811 0.913333 0.008050 0.011302
2 2 0.002908 0.158291 0.775608 0.027654 0.035539
2 2 0.015089 0.267842 0.574400 0.092841 0.049827
2 2 0.005258 0.267681 0.617669 0.018142 0.091251
1 2 0.013737 0.449772 0.170325 0.009296 0.356871
1 2 0.013065 0.422213 0.293012 0.059479 0.212231
2 2 0.005205 0.229393 0.655302 0.046946 0.063153
2 2 0.000964 0.108255 0.852856 0.015407 0.022518
2 2 0.000497 0.072583 0.905066 0.008892 0.012962
2 2 0.000362 0.034855 0.957044 0.003568 0.004171
2 2 0.000367 0.030459 0.962753 0.003562 0.002859
2 2 0.000385 0.037461 0.953338 0.005562 0.003254
2 2 0.004277 0.136026 0.800311 0.046089 0.013298
2 2 0.000375 0.047305 0.940400 0.005232 0.006688
2 2 0.000938 0.118212 0.847360 0.003717 0.029773
1 2 0.021704 0.430153 0.303437 0.013017 0.231689
2 2 0.022386 0.337730 0.444243 0.085922 0.109720
2 2 0.049021 0.383020 0.458217 0.033018 0.076723
2 2 0.299081 0.145888 0.446076 0.040200 0.068756
0 0 0.882752 0.027874 0.063288 0.010259 0.015826
0 0 0.709010 0.196011 0.067413 0.002779 0.024787
1 0 0.118529 0.405860 0.226285 0.093326 0.156001
1 0 0.051408 0.388044 0.352943 0.069574 0.138032
2 1 0.002875 0.206545 0.694537 0.038678 0.057365
2 1 0.000241 0.094810 0.870826 0.011555 0.022568
2 2 0.000276 0.091483 0.876235 0.011195 0.020811
2 2 0.001595 0.137480 0.808172 0.021719 0.031033
2 2 0.001240 0.176115 0.744012 0.029130 0.049504
2 2 0.000766 0.145279 0.796114 0.019091 0.038750
2 2 0.005887 0.377180 0.401789 0.029244 0.185900
2 2 0.003805 0.238609 0.666872 0.015965 0.074749
2 2 0.004925 0.169428 0.759885 0.042371 0.023390
2 2 0.000655 0.160601 0.767710 0.024269 0.046765
2 2 0.000970 0.111491 0.848355 0.017068 0.022117
2 2 0.004301 0.149690 0.789067 0.029666 0.027277
2 2 0.004210 0.165025 0.774776 0.020547 0.035441
1 2 0.139849 0.363257 0.358248 0.085416 0.053230
0 2 0.561345 0.248538 0.162499 0.003087 0.024532
0 0 0.861456 0.102459 0.013395 0.000031 0.022659
0 0 0.436352 0.372160 0.068030 0.000941 0.122517
1 1 0.019864 0.419442 0.215962 0.130437 0.214296
1 1 0.013188 0.454405 0.128948 0.032047 0.371413
2 2 0.003101 0.261574 0.602868 0.043387 0.089069
1 2 0.051752 0.446006 0.267242 0.025701 0.209299
1 2 0.026142 0.459443 0.207078 0.028216 0.279121
1 2 0.042101 0.469079 0.149456 0.027557 0.311807
1 2 0.219325 0.441111 0.175477 0.025144 0.138943
1 2 0.037721 0.453820 0.238098 0.020288 0.250074
1 2 0.006520 0.431093 0.247017 0.034334 0.281035
1 2 0.003886 0.421784 0.203777 0.070819 0.299734
1 2 0.009581 0.445733 0.160685 0.060391 0.323609
1 2 0.020390 0.458901 0.160164 0.053904 0.306641
1 2 0.025612 0.458177 0.208080 0.016107 0.292024
0 2 0.405862 0.368287 0.097025 0.003303 0.125523
0 0 0.701886 0.204731 0.058297 0.001493 0.033593
0 0 0.583039 0.256297 0.116795 0.012224 0.031645
1 0 0.151231 0.463655 0.138298 0.011361 0.235456
1 0 0.020652 0.438868 0.269828 0.039812 0.230839
1 1 0.021192 0.377556 0.372487 0.084042 0.144725
2 1 0.003942 0.315799 0.482975 0.072730 0.124553
1 1 0.011522 0.429899 0.291666 0.036512 0.230401
1 2 0.243951 0.444867 0.150035 0.013584 0.147563
1 2 0.072334 0.465285 0.256760 0.028291 0.177329
2 2 0.007816 0.369922 0.407220 0.052144 0.162898
2 2 0.006022 0.254406 0.609792 0.054848 0.074932
2 2 0.005477 0.299662 0.534392 0.054070 0.106399
1 2 0.036764 0.496656 0.174270 0.047853 0.244458
1 2 0.114679 0.495423 0.165260 0.022389 0.202249
0 2 0.436711 0.361663 0.101404 0.004011 0.096211
0 0 0.876110 0.032696 0.045937 0.002067 0.043190
0 0 0.787083 0.055641 0.077598 0.005563 0.074114
0 0 0.776618 0.154213 0.051196 0.001679 0.016294
0 0 0.878648 0.090825 0.020577 0.000189 0.009760
0 0 0.867924 0.089426 0.016365 0.000058 0.026228
0 0 0.781795 0.155716 0.027719 0.000176 0.034594
0 0 0.855993 0.100962 0.034835 0.001022 0.007187
0 0 0.673600 0.196312 0.102360 0.013105 0.014623
1 0 0.112814 0.494448 0.144298 0.007703 0.240737
0 0 0.388569 0.364221 0.070719 0.001100 0.175391
1 1 0.035992 0.449099 0.094267 0.006372 0.414271
1 2 0.010121 0.415244 0.179805 0.143710 0.251120
1 2 0.014622 0.457531 0.152139 0.027000 0.348708
1 2 0.009214 0.395245 0.345704 0.061389 0.188449
2 2 0.004571 0.265043 0.588901 0.056706 0.084778
2 2 0.001318 0.155699 0.783381 0.019224 0.040379
2 2 0.000308 0.053063 0.932386 0.005828 0.008415
2 2 0.001736 0.055860 0.934106 0.003196 0.005103
2 2 0.000408 0.036861 0.954078 0.005548 0.003106
2 2 0.000063 0.012984 0.984868 0.001175 0.000910
2 2 0.001272 0.026414 0.963369 0.008180 0.000766
2 2 0.001812 0.040847 0.943678 0.011923 0.001740
2 2 0.001747 0.072580 0.902406 0.017095 0.006172
2 2 0.001982 0.101562 0.860403 0.025161 0.010892
2 2 0.001916 0.126817 0.825445 0.022026 0.023796
2 2 0.009879 0.176260 0.775892 0.009206 0.028763
2 2 0.022971 0.299816 0.510454 0.100120 0.066639
2 2 0.018140 0.323445 0.495050 0.071399 0.091967
2 2 0.017872 0.369215 0.434309 0.034176 0.144427
2 2 0.010539 0.340490 0.486535 0.031946 0.130490
2 2 0.001660 0.201698 0.714518 0.019289 0.062836
2 2 0.000692 0.165400 0.759644 0.025514 0.048750
2 2 0.033472 0.236848 0.650305 0.050474 0.028900
0 2 0.444806 0.336624 0.153535 0.017040 0.047995
2 2 0.009857 0.367186 0.401893 0.068499 0.152566
1 2 0.136366 0.488260 0.228575 0.010850 0.135950
0 2 0.895760 0.069068 0.022238 0.000250 0.012684
0 0 0.986911 0.002091 0.006298 0.000114 0.004585
0 0 0.967106 0.001691 0.016020 0.001266 0.013916
0 0 0.971458 0.002110 0.012994 0.000596 0.012843
0 0 0.743785 0.173324 0.023410 0.000077 0.059404
1 2 0.052766 0.444447 0.090703 0.003870 0.408214
4 2 0.003627 0.408825 0.142564 0.003190 0.441795
4 2 0.001339 0.368859 0.219914 0.000642 0.409246
1 2 0.010370 0.414380 0.315387 0.006792 0.253071
2 2 0.001950 0.300671 0.543586 0.014695 0.139098
4 2 0.011285 0.415419 0.072119 0.005308 0.495869
1 2 0.001272 0.378410 0.290734 0.003748 0.325836
4 2 0.006515 0.379107 0.066138 0.001188 0.547052
4 2 0.019961 0.411754 0.070589 0.001857 0.495839
4 4 0.024452 0.423058 0.071041 0.003230 0.478219
4 4 0.014959 0.165620 0.044852 0.001663 0.772906
4 4 0.007628 0.236021 0.032099 0.000699 0.723553
4 4 0.005165 0.171850 0.020908 0.000288 0.801790
4 4 0.025766 0.238464 0.067235 0.002327 0.666208
4 4 0.035003 0.384758 0.046331 0.000711 0.533197
4 4 0.051076 0.144449 0.024560 0.000141 0.779774
4 4 0.179324 0.031323 0.017797 0.000080 0.771477
4 4 0.048110 0.067692 0.033915 0.000687 0.849596
4 4 0.069854 0.348788 0.031759 0.000158 0.549441
4 4 0.021661 0.412952 0.064464 0.002561 0.498362
4 4 0.023980 0.366420 0.039712 0.000554 0.569333
4 4 0.004206 0.411601 0.140506 0.003127 0.440559
4 4 0.002285 0.268058 0.101356 0.000695 0.627607
4 4 0.004395 0.407131 0.144742 0.001952 0.441779
4 4 0.002337 0.394141 0.165939 0.001813 0.435771
1 4 0.005629 0.420019 0.172437 0.003053 0.398862
1 4 0.024045 0.447596 0.120013 0.004697 0.403649
1 1 0.089091 0.452115 0.126214 0.004969 0.327612
0 1 0.461218 0.337090 0.098462 0.003927 0.099303
1 1 0.114362 0.411089 0.065980 0.001170 0.407398
1 1 0.065003 0.454208 0.103133 0.006278 0.371378
4 0 0.052128 0.420854 0.066709 0.001754 0.458555
1 0 0.284610 0.448676 0.140256 0.010105 0.116352
4 0 0.259002 0.230529 0.091228 0.002810 0.416431
1 0 0.129059 0.405893 0.058566 0.000747 0.405735
1 0 0.034492 0.444359 0.088755 0.005376 0.427018
0 0 0.553911 0.306114 0.059811 0.000804 0.079361
0 0 0.833515 0.088960 0.053429 0.002328 0.021768
0 0 0.915748 0.047391 0.029514 0.001103 0.006244
0 0 0.483062 0.332448 0.090901 0.003045 0.090544
1 1 0.164760 0.472931 0.084308 0.001896 0.276104
1 1 0.042719 0.445043 0.088753 0.004789 0.418697
1 1 0.024672 0.438976 0.112647 0.002629 0.421076
1 0 0.366862 0.395943 0.153250 0.016615 0.067330
1 1 0.077633 0.486607 0.190121 0.038357 0.207282
1 1 0.189273 0.471644 0.151037 0.014022 0.174024
1 1 0.273616 0.422241 0.083981 0.001791 0.218371
1 1 0.215573 0.422655 0.100626 0.003636 0.257511
1 1 0.136694 0.436870 0.220956 0.052877 0.152603
1 1 0.056154 0.499594 0.160206 0.027985 0.256060
1 1 0.021436 0.451862 0.103923 0.011680 0.411099
1 1 0.044649 0.468032 0.134155 0.018298 0.334866
1 1 0.015530 0.445349 0.224155 0.008800 0.306166
1 1 0.023952 0.459336 0.202996 0.020937 0.292779
2 1 0.022563 0.350306 0.406689 0.100877 0.119566
2 1 0.002880 0.168547 0.759585 0.028864 0.040124
2 2 0.000282 0.096074 0.869243 0.011912 0.022488
2 2 0.007259 0.345295 0.479411 0.008799 0.159236
2 2 0.005797 0.314569 0.535212 0.019212 0.125210
2 2 0.012589 0.311362 0.525201 0.049166 0.101682
2 2 0.003702 0.139613 0.805039 0.024554 0.027093
2 2 0.001377 0.176758 0.743341 0.029540 0.048985
2 2 0.000845 0.132456 0.818382 0.015448 0.032870
2 2 0.012474 0.314196 0.533354 0.033915 0.106061
1 2 0.271518 0.451510 0.127795 0.007317 0.141861
1 2 0.148630 0.484852 0.143309 0.012305 0.210905
0 2 0.853334 0.106612 0.029195 0.000477 0.010383
0 2 0.955924 0.004709 0.017564 0.000640 0.021163
0 1 0.970670 0.009012 0.009645 0.000093 0.010580
0 0 0.804795 0.024726 0.086799 0.014384 0.069296
0 0 0.574055 0.278804 0.083517 0.003012 0.060612
0 0 0.383697 0.345706 0.176775 0.033620 0.060202
2 1 0.021934 0.330276 0.512171 0.031895 0.103725
1 1 0.032559 0.449033 0.100452 0.005786 0.412170
1 1 0.320619 0.434124 0.127805 0.007511 0.109941
0 1 0.893850 0.069881 0.028866 0.000766 0.006637
0 0 0.975823 0.007133 0.009557 0.000129 0.007357
0 0 0.952205 0.012250 0.014922 0.000199 0.020424
0 0 0.831681 0.028014 0.046586 0.001691 0.092029
1 0 0.314980 0.420815 0.133090 0.005137 0.125978
1 1 0.026809 0.453782 0.103614 0.010187 0.405608
1 2 0.004023 0.430153 0.190730 0.018947 0.356147
1 2 0.005380 0.436506 0.168421 0.017163 0.372530
1 2 0.007630 0.409654 0.321750 0.008659 0.252306
2 2 0.001733 0.242677 0.627576 0.043907 0.084108
1 2 0.014704 0.427548 0.303326 0.018704 0.235719
1 2 0.035039 0.439260 0.331525 0.017389 0.176787
1 2 0.252121 0.416772 0.210068 0.032796 0.088242
1 2 0.190888 0.495222 0.136855 0.009295 0.167740
0 1 0.841178 0.020599 0.036297 0.000943 0.100982
0 0 0.897488 0.004620 0.011606 0.000094 0.086192
4 0 0.294785 0.100330 0.022430 0.000061 0.582394
2 1 0.012562 0.331454 0.504510 0.032016 0.119459
1 1 0.070049 0.490331 0.195311 0.029535 0.214774
1 1 0.339801 0.394607 0.119406 0.006303 0.139883
2 1 0.006708 0.229557 0.655705 0.055589 0.052440
2 2 0.009190 0.153296 0.778046 0.037262 0.022207
2 2 0.003501 0.177869 0.743631 0.032365 0.042635
2 2 0.002994 0.133557 0.814560 0.022162 0.026727
2 2 0.002161 0.156067 0.780898 0.023916 0.036958
1 2 0.024802 0.451746 0.238934 0.027146 0.257373
1 1 0.071051 0.464662 0.153687 0.014522 0.296078
1 1 0.183972 0.462049 0.105377 0.002285 0.246316
2 2 0.000763 0.054472 0.930641 0.006526 0.007598
2 2 0.001698 0.039324 0.946884 0.010272 0.001822
2 2 0.009118 0.265789 0.588200 0.060562 0.076330
2 2 0.016557 0.169819 0.738574 0.057223 0.017826
2 2 0.000824 0.041945 0.946590 0.007494 0.003147
2 2 0.002357 0.042257 0.940746 0.012902 0.001738
2 2 0.002353 0.052809 0.926956 0.015099 0.002782
2 2 0.002199 0.042175 0.941499 0.012307 0.001820
2 2 0.000135 0.022818 0.972631 0.002256 0.002161
2 2 0.001505 0.084187 0.885280 0.021429 0.007598
2 2 0.000811 0.028045 0.963321 0.006679 0.001143
2 2 0.000757 0.037659 0.950125 0.009642 0.001817
2 2 0.000197 0.041863 0.947564 0.004208 0.006169
2 2 0.000162 0.011265 0.986336 0.001879 0.000358
2 2 0.003325 0.140901 0.803212 0.024796 0.027767
2 2 0.009005 0.100390 0.841722 0.043291 0.005592
2 2 0.012854 0.171237 0.736566 0.060526 0.018816
2 2 0.024547 0.218345 0.671882 0.060675 0.024551
0 2 0.806596 0.093086 0.072135 0.003388 0.024795
0 0 0.985903 0.002426 0.005736 0.000068 0.005867
0 0 0.634834 0.247773 0.052036 0.000686 0.064672
0 0 0.800092 0.143917 0.024768 0.000138 0.031085
1 0 0.355140 0.426303 0.059993 0.000522 0.158041
1 0 0.282614 0.432303 0.145891 0.012323 0.126868
1 1 0.019128 0.459624 0.167717 0.043968 0.309563
2 2 0.013411 0.292469 0.543488 0.063330 0.087301
2 2 0.016038 0.256057 0.652819 0.030449 0.044637
2 2 0.112373 0.371531 0.436955 0.016122 0.063019
0 2 0.378401 0.369380 0.124077 0.001565 0.126577
0 1 0.828582 0.122669 0.035320 0.000513 0.012917
0 1 0.593853 0.260449 0.099582 0.006555 0.039560
0 1 0.866875 0.096299 0.028303 0.000440 0.008083
0 1 0.937112 0.037059 0.016273 0.000130 0.009427
0 0 0.878587 0.003556 0.041768 0.006106 0.069983
0 0 0.997290 0.000051 0.000920 0.000009 0.001730
0 0 0.958611 0.000308 0.003423 0.000025 0.037634
0 0 0.993709 0.000928 0.002236 0.000011 0.003117
0 0 0.979274 0.009160 0.005044 0.000017 0.006506
1 2 0.371845 0.376560 0.125605 0.008123 0.117867
1 2 0.041638 0.436550 0.103177 0.001672 0.416963
4 2 0.015983 0.260081 0.013489 0.000030 0.710418
4 4 0.005652 0.219374 0.016660 0.000116 0.758198
4 4 0.015368 0.195704 0.018660 0.000098 0.770170
4 4 0.007806 0.013253 0.011534 0.000259 0.967148
4 4 0.006058 0.001919 0.006264 0.000221 0.985537
4 4 0.009803 0.001040 0.008526 0.000704 0.979928
4 4 0.043473 0.081724 0.020002 0.000124 0.854677
4 4 0.074121 0.181729 0.021658 0.000067 0.722426
4 4 0.037810 0.076334 0.009492 0.000014 0.876350
4 4 0.014497 0.013577 0.005648 0.000020 0.966259
4 4 0.023851 0.100714 0.038552 0.000198 0.836686
4 4 0.000858 0.000867 0.001414 0.000014 0.996848
4 4 0.003545 0.000596 0.002449 0.000044 0.993366
4 4 0.007127 0.000825 0.003849 0.000090 0.988109
4 4 0.006790 0.000661 0.005353 0.000304 0.986892
4 4 0.019378 0.001994 0.006536 0.000123 0.971969
4 4 0.027813 0.053460 0.026828 0.000546 0.891353
4 4 0.046573 0.310720 0.021501 0.000062 0.621144
4 4 0.040610 0.195889 0.030710 0.000261 0.732530
4 4 0.017496 0.109069 0.014899 0.000068 0.858468
4 4 0.017643 0.021720 0.025529 0.001195 0.933912
4 4 0.006410 0.003457 0.015910 0.002310 0.971912
4 4 0.023572 0.010293 0.009707 0.000098 0.956330
4 4 0.015617 0.306435 0.022547 0.000134 0.655268
4 4 0.003725 0.374360 0.083077 0.000926 0.537913
4 4 0.013029 0.365429 0.043573 0.000806 0.577163
4 4 0.014000 0.409892 0.132750 0.000451 0.442906
1 4 0.006608 0.411848 0.318581 0.019728 0.243234
4 4 0.001471 0.352459 0.116562 0.000307 0.529200
4 4 0.000875 0.337547 0.106740 0.000302 0.554537
1 4 0.004096 0.388228 0.329474 0.002945 0.275257
1 4 0.006839 0.398550 0.345701 0.042434 0.206477
2 4 0.001083 0.236125 0.650878 0.021698 0.090216
2 4 0.001825 0.332214 0.473858 0.020161 0.171943
2 4 0.000436 0.292408 0.522904 0.016833 0.167419
4 4 0.003291 0.380040 0.080730 0.001933 0.534006
1 4 0.004913 0.421051 0.213610 0.005088 0.355338
2 2 0.000316 0.228022 0.652103 0.009434 0.110125
4 2 0.003201 0.383294 0.093502 0.001582 0.518420
4 2 0.002911 0.391392 0.134811 0.001333 0.469554
1 2 0.043319 0.439550 0.111067 0.001738 0.404326
0 2 0.643805 0.115516 0.106221 0.003142 0.131317
0 0 0.766086 0.006045 0.042273 0.002883 0.182713
0 0 0.964832 0.008226 0.010229 0.000094 0.016619
0 0 0.876730 0.010276 0.028583 0.000817 0.083594
0 0 0.544026 0.017495 0.030700 0.000402 0.407377
4 0 0.039752 0.005927 0.007789 0.000058 0.946474
4 2 0.060659 0.396907 0.051814 0.000744 0.489875
4 2 0.047955 0.404203 0.061169 0.001409 0.485264
1 2 0.026710 0.458843 0.108272 0.011703 0.394472
0 0 0.987969 0.001782 0.001219 0.000001 0.009029
0 0 0.941172 0.042883 0.002487 0.000000 0.013457
4 0 0.164305 0.380092 0.052546 0.000506 0.402552
1 1 0.006724 0.411164 0.321193 0.018297 0.242623
1 1 0.003162 0.400659 0.314957 0.028597 0.252625
2 1 0.004227 0.330286 0.491985 0.031807 0.141696
2 1 0.003758 0.314903 0.508345 0.045981 0.127013
2 1 0.005116 0.210310 0.688818 0.041712 0.054044
2 1 0.002162 0.180711 0.738131 0.031642 0.047355
2 2 0.000880 0.135107 0.810721 0.020150 0.033143
2 2 0.002007 0.108340 0.848819 0.029717 0.011117
2 2 0.001718 0.083370 0.886654 0.020664 0.007593
2 2 0.000849 0.062271 0.919792 0.009653 0.007435
2 2 0.003042 0.099469 0.863884 0.022431 0.011174
2 2 0.005939 0.178385 0.742193 0.034076 0.039407
2 2 0.003625 0.055236 0.920894 0.017613 0.002632
2 2 0.006534 0.065449 0.898758 0.026533 0.002726
2 2 0.002479 0.059622 0.919897 0.013698 0.004305
2 2 0.000271 0.021925 0.973511 0.002823 0.001470
2 2 0.000648 0.036073 0.952580 0.008183 0.002517
2 2 0.003042 0.062948 0.911267 0.019208 0.003535
2 2 0.004553 0.036827 0.937970 0.019915 0.000734
2 2 0.005505 0.018696 0.894552 0.080477 0.000770
2 2 0.004765 0.064988 0.892820 0.035372 0.002055
2 2 0.001959 0.033081 0.948977 0.015233 0.000750
2 2 0.001389 0.016457 0.973392 0.008568 0.000194
2 2 0.006099 0.023394 0.941766 0.028508 0.000233
2 2 0.003904 0.007283 0.913877 0.074825 0.000111
2 3 0.003675 0.033220 0.940198 0.022009 0.000898
2 3 0.013863 0.125078 0.774288 0.081142 0.005629
2 3 0.008610 0.026650 0.810235 0.153859 0.000645
2 3 0.005513 0.012831 0.755618 0.225634 0.000405
3 3 0.013520 0.008559 0.262561 0.714826 0.000535
3 3 0.002689 0.001747 0.055799 0.939203 0.000562
3 3 0.006031 0.007502 0.113378 0.871821 0.001268
3 3 0.030653 0.018349 0.162642 0.787002 0.001354
2 3 0.020383 0.019199 0.527436 0.432569 0.000414
3 3 0.008511 0.004333 0.211490 0.775480 0.000187
2 3 0.004455 0.014806 0.666384 0.313767 0.000588
3 3 0.019655 0.060587 0.366512 0.550116 0.003130
3 3 0.003136 0.002278 0.059877 0.934475 0.000234
3 3 0.004712 0.001665 0.047161 0.946330 0.000132
3 3 0.003266 0.000684 0.014296 0.981691 0.000064
3 3 0.002194 0.001095 0.016870 0.979564 0.000276
3 3 0.002069 0.000793 0.013387 0.983640 0.000110
3 3 0.005636 0.002874 0.031120 0.960111 0.000259
3 3 0.005095 0.003607 0.031562 0.959289 0.000446
3 3 0.001872 0.003007 0.054828 0.939654 0.000639
3 3 0.001010 0.001113 0.016028 0.981342 0.000507
3 3 0.005245 0.006288 0.040046 0.947506 0.000915
3 3 0.003327 0.003620 0.030831 0.961354 0.000867
3 3 0.001953 0.002084 0.023358 0.971791 0.000814
3 3 0.003138 0.001059 0.016234 0.979432 0.000137
3 3 0.020407 0.008355 0.047238 0.923727 0.000273
3 3 0.003392 0.000913 0.014771 0.980838 0.000085
3 3 0.001564 0.000643 0.016630 0.981085 0.000078
3 3 0.000692 0.000605 0.010720 0.987813 0.000169
3 3 0.002673 0.000408 0.010838 0.986050 0.000031
3 3 0.002770 0.000963 0.015099 0.981052 0.000117
3 3 0.001192 0.000501 0.010647 0.987535 0.000125
3 3 0.005642 0.003739 0.030901 0.959319 0.000398
3 3 0.002102 0.000444 0.009834 0.987577 0.000042
3 3 0.002740 0.000359 0.008781 0.988099 0.000021
3 3 0.002198 0.000988 0.014532 0.982172 0.000110
3 3 0.001963 0.000614 0.011332 0.986029 0.000061
3 3 0.005778 0.000936 0.014782 0.978465 0.000039
3 3 0.001014 0.000124 0.004788 0.994063 0.000010
3 3 0.001196 0.000394 0.008926 0.989426 0.000057
3 3 0.000499 0.000465 0.009498 0.989338 0.000201
3 3 0.001885 0.000197 0.006153 0.991755 0.000010
3 3 0.003803 0.001435 0.018522 0.976103 0.000137
3 3 0.001219 0.000117 0.004963 0.993689 0.000013
3 3 0.002296 0.000286 0.008139 0.989253 0.000026
3 3 0.002420 0.000218 0.006964 0.990384 0.000014
3 3 0.005273 0.002986 0.036754 0.954782 0.000205
3 3 0.007905 0.001222 0.017952 0.972860 0.000060
3 3 0.029018 0.015950 0.067556 0.886923 0.000553
3 3 0.013838 0.013372 0.061034 0.910798 0.000958
3 3 0.004118 0.002917 0.026074 0.966593 0.000298
3 3 0.010230 0.007010 0.044120 0.938166 0.000474
3 3 0.000452 0.000141 0.005393 0.993957 0.000057
3 3 0.000339 0.000084 0.003880 0.995673 0.000024
3 3 0.001004 0.000475 0.009922 0.988495 0.000104
3 3 0.001754 0.000771 0.014111 0.983187 0.000177
3 3 0.033959 0.005669 0.047369 0.912775 0.000228
3 3 0.004692 0.000277 0.008253 0.986767 0.000012
3 3 0.003226 0.000556 0.011190 0.984991 0.000037
3 3 0.002093 0.000631 0.011437 0.985782 0.000056
3 3 0.000649 0.000456 0.009041 0.989754 0.000100
3 3 0.002119 0.000538 0.010645 0.986651 0.000047
3 3 0.001712 0.000553 0.010790 0.986879 0.000066
3 3 0.002140 0.000311 0.008013 0.989515 0.000021
3 3 0.001572 0.000356 0.008274 0.989770 0.000028
3 3 0.005247 0.000924 0.014971 0.978807 0.000051
3 3 0.005530 0.001001 0.015418 0.978002 0.000049
3 3 0.003750 0.000523 0.011067 0.984627 0.000032
3 3 0.001554 0.000560 0.010743 0.987072 0.000070
3 3 0.000704 0.000107 0.004581 0.994589 0.000018
3 3 0.001250 0.000552 0.010514 0.987602 0.000083
3 3 0.004250 0.000658 0.012022 0.983041 0.000029
3 3 0.009146 0.004203 0.032700 0.953709 0.000242
3 3 0.012278 0.001250 0.021132 0.965265 0.000074
3 3 0.005522 0.001021 0.018204 0.975124 0.000129
3 3 0.001566 0.000325 0.008205 0.989871 0.000034
3 3 0.002327 0.000649 0.011656 0.985314 0.000053
3 3 0.000871 0.000065 0.003459 0.995600 0.000005
3 3 0.008801 0.000825 0.013995 0.976359 0.000020
3 3 0.005728 0.001012 0.014465 0.978768 0.000027
3 3 0.001636 0.000844 0.012763 0.984668 0.000089
3 3 0.010476 0.003997 0.031083 0.954291 0.000153
3 3 0.004874 0.000271 0.008878 0.985958 0.000018
3 3 0.006050 0.000598 0.011900 0.981431 0.000021
3 3 0.000951 0.000249 0.006987 0.991776 0.000037
3 3 0.002092 0.000912 0.014055 0.982833 0.000107
3 3 0.001862 0.000270 0.007363 0.990487 0.000018
3 3 0.001547 0.000136 0.005335 0.992971 0.000011
3 3 0.000958 0.000115 0.004499 0.994420 0.000008
3 3 0.002417 0.001241 0.016097 0.980125 0.000121
3 3 0.001582 0.000827 0.013379 0.984072 0.000140
3 3 0.000954 0.000214 0.006289 0.992519 0.000024
3 3 0.001570 0.000740 0.012635 0.984933 0.000121
3 3 0.002236 0.000272 0.007404 0.990074 0.000015
3 3 0.008069 0.000989 0.015237 0.975677 0.000028
3 3 0.003492 0.000378 0.009536 0.986569 0.000025
3 3 0.001127 0.000225 0.007273 0.991322 0.000053
3 3 0.003624 0.000950 0.015729 0.979580 0.000116
3 3 0.030798 0.020632 0.272293 0.675765 0.000512
2 3 0.038144 0.169933 0.616671 0.169814 0.005437
2 2 0.010660 0.298334 0.577568 0.052369 0.061068
2 2 0.006825 0.254677 0.640668 0.048400 0.049430
1 2 0.052314 0.487560 0.203365 0.072787 0.183975
2 2 0.005669 0.369712 0.405077 0.046607 0.172935
2 2 0.003133 0.270281 0.576451 0.056429 0.093706
2 2 0.000875 0.209488 0.682721 0.035508 0.071407
2 2 0.001716 0.264916 0.581780 0.052066 0.099521
2 2 0.003421 0.360794 0.419846 0.035331 0.180607
2 2 0.000427 0.326345 0.395690 0.002007 0.275530
2 2 0.000420 0.296365 0.505942 0.005954 0.191319
4 4 0.001291 0.231836 0.154147 0.010828 0.601897
4 4 0.003934 0.350266 0.111792 0.001932 0.532076
4 4 0.009122 0.241929 0.053462 0.000205 0.695281
4 4 0.003042 0.132751 0.034047 0.000506 0.829655
4 4 0.002378 0.034380 0.012124 0.000285 0.950832
4 4 0.003564 0.027456 0.015570 0.000578 0.952833
4 4 0.007809 0.030709 0.045108 0.008810 0.907565
4 4 0.025402 0.141901 0.081450 0.008746 0.742501
4 4 0.055411 0.236501 0.028503 0.000156 0.679429
4 4 0.030277 0.361111 0.036916 0.000390 0.571306
4 4 0.002032 0.015307 0.014322 0.000994 0.967345
4 4 0.002553 0.010683 0.020403 0.003437 0.962924
4 4 0.007202 0.175970 0.117464 0.005259 0.694106
4 4 0.014245 0.164417 0.089758 0.001562 0.730018
4 4 0.003371 0.023965 0.009761 0.000159 0.962744
4 4 0.005563 0.003734 0.006518 0.000153 0.984031
4 4 0.012479 0.001758 0.002935 0.000015 0.982812
4 4 0.011583 0.004135 0.003410 0.000013 0.980860
4 4 0.040519 0.002506 0.004563 0.000022 0.952390
4 4 0.072726 0.002991 0.012760 0.000326 0.911197
4 4 0.048449 0.002990 0.011127 0.000268 0.937165
4 4 0.008199 0.014144 0.008283 0.000087 0.969288
4 4 0.017418 0.199319 0.025666 0.000241 0.757357
4 4 0.006701 0.064070 0.012478 0.000104 0.916647
4 4 0.004307 0.008193 0.012948 0.000773 0.973780
4 4 0.013663 0.002209 0.008567 0.000319 0.975241
4 4 0.044278 0.012252 0.012430 0.000127 0.930913
4 4 0.016062 0.024775 0.009217 0.000052 0.949895
4 4 0.010856 0.017900 0.010520 0.000127 0.960598
4 4 0.014860 0.003599 0.005036 0.000040 0.976465
4 4 0.002186 0.001381 0.001633 0.000009 0.994792
4 4 0.004201 0.004149 0.007421 0.000247 0.983982
4 4 0.036260 0.088824 0.022073 0.000153 0.852690
1 4 0.010791 0.423806 0.210316 0.001699 0.353387
1 4 0.007834 0.423147 0.212352 0.002683 0.353983
1 4 0.012855 0.449176 0.162173 0.009780 0.366016
1 4 0.016329 0.447075 0.101383 0.012612 0.422601
1 4 0.019331 0.442505 0.092225 0.008422 0.437517
4 4 0.041643 0.058934 0.049659 0.002693 0.847071
4 1 0.155653 0.070421 0.041451 0.000674 0.731801
4 1 0.056925 0.100483 0.025569 0.000195 0.816827
4 1 0.015108 0.420698 0.073320 0.004706 0.486168
1 1 0.003230 0.404879 0.244963 0.003636 0.343292
1 2 0.006642 0.435655 0.224929 0.017865 0.314909
4 2 0.050379 0.415607 0.062988 0.001494 0.469532
0 2 0.840211 0.077931 0.024629 0.000132 0.057097
0 0 0.942755 0.000844 0.015324 0.001082 0.039995
0 0 0.679154 0.000608 0.010009 0.000167 0.310061
4 0 0.094530 0.013615 0.020192 0.000341 0.871321
1 0 0.008005 0.435749 0.194097 0.006947 0.355201
1 1 0.006864 0.412275 0.316093 0.031151 0.233618
4 1 0.009751 0.417303 0.086177 0.004080 0.482689
1 1 0.040325 0.465018 0.140328 0.011810 0.342519
1 1 0.014656 0.414597 0.290475 0.078915 0.201357
1 4 0.024412 0.426308 0.255671 0.088925 0.204684
1 4 0.079185 0.467184 0.259198 0.036969 0.157463
1 4 0.183275 0.467305 0.095105 0.002798 0.251517
0 4 0.449682 0.035334 0.108720 0.012425 0.393839
4 1 0.116307 0.054889 0.082640 0.008034 0.738129
4 1 0.022327 0.159723 0.027086 0.000285 0.790579
1 1 0.004868 0.433888 0.194309 0.042302 0.324632
4 1 0.031684 0.409421 0.060041 0.001658 0.497196
2 1 0.035491 0.303554 0.557866 0.021879 0.081210
0 1 0.609750 0.250154 0.098725 0.006036 0.035336
1 1 0.112568 0.497392 0.111335 0.005534 0.273172
1 1 0.065455 0.466984 0.140172 0.017564 0.309825
2 1 0.036257 0.385830 0.405787 0.076667 0.095459
2 1 0.018989 0.374914 0.435926 0.051730 0.118442
1 1 0.049408 0.475939 0.159887 0.029611 0.285155
2 1 0.008643 0.384800 0.388168 0.038527 0.179862
1 1 0.013380 0.451304 0.171675 0.011706 0.351934
4 1 0.022848 0.412055 0.063499 0.002371 0.499228
1 1 0.051458 0.491584 0.126874 0.013077 0.317007
1 1 0.011487 0.447536 0.153984 0.066683 0.320309
1 2 0.022184 0.458403 0.262840 0.034874 0.221699
2 2 0.004114 0.369771 0.412203 0.019619 0.194294
2 2 0.001282 0.206847 0.704571 0.018418 0.068882
2 2 0.005564 0.260765 0.597709 0.056385 0.079577
2 2 0.010589 0.375610 0.416817 0.032239 0.164746
1 2 0.030386 0.463873 0.174425 0.015055 0.316261
1 2 0.018433 0.460273 0.147247 0.041927 0.332120
1 2 0.015043 0.446468 0.204074 0.007428 0.326986
2 2 0.001325 0.130954 0.823603 0.013782 0.030336
2 2 0.000531 0.070506 0.908338 0.008359 0.012266
2 2 0.000343 0.097640 0.867263 0.012366 0.022388
2 2 0.000448 0.146826 0.796174 0.012006 0.044547
2 2 0.002084 0.227997 0.654593 0.042936 0.072390
2 2 0.004036 0.194199 0.716352 0.036753 0.048659
2 2 0.001264 0.144918 0.795851 0.022736 0.035231
2 2 0.000744 0.099103 0.866385 0.013497 0.020271
2 2 0.000731 0.105344 0.856901 0.014533 0.022491
2 2 0.016525 0.252064 0.654838 0.034059 0.042514
1 1 0.020326 0.452692 0.227447 0.019658 0.279877
1 1 0.029067 0.438546 0.197559 0.103218 0.231611
2 1 0.005762 0.251985 0.614246 0.053906 0.074100
2 1 0.002057 0.152367 0.784766 0.025305 0.035506
2 2 0.001823 0.118100 0.838383 0.018175 0.023519
2 2 0.000714 0.023862 0.968791 0.005786 0.000848
2 2 0.000078 0.021576 0.974174 0.001946 0.002225
2 2 0.000339 0.033856 0.958249 0.004495 0.003061
2 2 0.000134 0.016555 0.980266 0.002093 0.000952
2 2 0.000258 0.026988 0.966346 0.004890 0.001519
2 2 0.000857 0.058695 0.924860 0.008002 0.007586
2 2 0.000299 0.014500 0.981843 0.002911 0.000447
2 2 0.001705 0.035787 0.950880 0.010224 0.001405
2 2 0.000263 0.018409 0.977488 0.002984 0.000855
2 2 0.001359 0.048046 0.936655 0.010868 0.003072
2 2 0.013952 0.108020 0.826065 0.045564 0.006399
2 2 0.043190 0.127401 0.727862 0.096753 0.004794
2 2 0.001053 0.092824 0.876064 0.012848 0.017210
2 2 0.000546 0.071586 0.906832 0.009718 0.011319
2 2 0.000321 0.068460 0.911174 0.009930 0.010114
2 2 0.000723 0.040408 0.943863 0.009844 0.005163
2 2 0.012390 0.213857 0.692393 0.033148 0.048211
2 2 0.001958 0.121058 0.834132 0.019974 0.022877
2 2 0.002311 0.139115 0.806783 0.021854 0.029937
2 2 0.001109 0.089258 0.880767 0.017871 0.010995
2 2 0.001001 0.032816 0.955969 0.008902 0.001313
