1 0 0.005380 0.786290 0.204424 0.000000 0.003905
4 1 0.001997 0.232739 0.293210 0.000100 0.471954
4 1 0.022719 0.054214 0.033152 0.004579 0.885335
4 4 0.032886 0.048077 0.026679 0.006634 0.885724
4 4 0.098804 0.080192 0.023474 0.003462 0.794069
4 4 0.018822 0.068788 0.027300 0.000924 0.884166
4 4 0.005237 0.175976 0.050007 0.000026 0.768753
4 4 0.008071 0.106422 0.039774 0.000161 0.845572
4 4 0.012603 0.157639 0.129831 0.000769 0.699157
4 4 0.009615 0.112305 0.334962 0.002701 0.540416
4 4 0.089398 0.160441 0.049841 0.001760 0.698560
4 4 0.021612 0.101658 0.057994 0.001940 0.816796
4 4 0.027863 0.144964 0.050922 0.000554 0.775698
4 4 0.053215 0.040954 0.011262 0.002425 0.892144
4 4 0.010549 0.127145 0.373062 0.002869 0.486375
4 4 0.010119 0.112840 0.083094 0.000828 0.793120
4 4 0.008070 0.152958 0.073388 0.000210 0.765373
4 4 0.005839 0.079776 0.036250 0.000225 0.877910
4 4 0.011757 0.081321 0.031947 0.000400 0.874575
4 4 0.020802 0.026255 0.009213 0.001901 0.941828
4 4 0.020016 0.041508 0.016371 0.001596 0.920510
4 4 0.025228 0.063909 0.022879 0.001137 0.886847
4 4 0.003911 0.076669 0.046776 0.000286 0.872357
4 4 0.010200 0.162645 0.070134 0.000208 0.756812
1 4 0.078173 0.443768 0.128472 0.000340 0.349246
2 1 0.028988 0.333143 0.352080 0.000859 0.284930
4 1 0.042310 0.303235 0.171671 0.000608 0.482176
4 1 0.082603 0.210118 0.042462 0.000394 0.664423
4 1 0.053085 0.358783 0.149784 0.000699 0.437649
2 1 0.005387 0.269976 0.528315 0.001110 0.195211
4 1 0.098328 0.274670 0.072054 0.000708 0.554240
4 1 0.157419 0.307941 0.062713 0.000585 0.471342
4 4 0.025777 0.032169 0.012385 0.002692 0.926978
4 4 0.024977 0.028540 0.009492 0.001971 0.935020
4 4 0.130279 0.062281 0.013938 0.003173 0.790328
0 4 0.437647 0.133992 0.031672 0.006870 0.389819
4 4 0.203850 0.274349 0.122489 0.002134 0.397179
4 1 0.063056 0.236618 0.167512 0.002500 0.530314
4 1 0.042174 0.274805 0.109749 0.000500 0.572770
2 1 0.006709 0.270863 0.622331 0.004940 0.095156
4 1 0.246785 0.210211 0.130847 0.015888 0.396270
2 1 0.040415 0.204373 0.394226 0.014074 0.346912
4 1 0.162020 0.135134 0.055656 0.013661 0.633529
4 2 0.075686 0.167450 0.221589 0.012332 0.522943
4 2 0.032141 0.075707 0.051266 0.006935 0.833951
4 0 0.117721 0.100466 0.056955 0.016526 0.708332
4 0 0.229226 0.118114 0.036826 0.008077 0.607756
4 1 0.063992 0.121841 0.053563 0.003641 0.756962
4 1 0.033490 0.038322 0.014866 0.003340 0.909981
4 2 0.008905 0.017851 0.008086 0.001626 0.963532
2 2 0.014065 0.092707 0.767008 0.079408 0.046813
2 2 0.086605 0.200275 0.426434 0.053210 0.233476
4 2 0.043234 0.205976 0.167497 0.005653 0.577640
4 2 0.009592 0.169630 0.141417 0.004636 0.674724
2 2 0.005544 0.249994 0.468019 0.000955 0.275489
2 2 0.004374 0.159498 0.796420 0.001128 0.038581
2 2 0.009487 0.069235 0.907020 0.006131 0.008128
2 2 0.003252 0.028138 0.933231 0.030108 0.005272
2 2 0.013127 0.041557 0.897571 0.020880 0.026865
2 2 0.058451 0.169469 0.661342 0.019527 0.091211
2 2 0.014395 0.146131 0.830892 0.002950 0.005633
2 2 0.002895 0.061973 0.916915 0.004339 0.013878
2 2 0.001927 0.040744 0.950389 0.002809 0.004131
2 2 0.001622 0.016325 0.978501 0.002280 0.001273
2 2 0.000226 0.013892 0.984377 0.000877 0.000629
2 2 0.000177 0.002980 0.983710 0.012861 0.000272
2 2 0.000147 0.002642 0.994899 0.002200 0.000111
2 2 0.000636 0.007538 0.988180 0.002533 0.001113
2 2 0.021046 0.061489 0.888453 0.010062 0.018950
2 2 0.014337 0.109887 0.782148 0.025069 0.068558
2 2 0.258336 0.232790 0.404245 0.053526 0.051102
2 2 0.000585 0.008979 0.943497 0.045631 0.001310
2 2 0.001794 0.008703 0.945835 0.042241 0.001427
2 2 0.000360 0.003364 0.967384 0.028734 0.000158
2 2 0.024671 0.042316 0.701009 0.209784 0.022220
2 2 0.013477 0.046276 0.857777 0.060637 0.021833
2 2 0.012868 0.050852 0.801460 0.110537 0.024284
2 2 0.002586 0.073885 0.898856 0.012139 0.012533
2 2 0.005892 0.018809 0.868206 0.102959 0.004133
2 2 0.002735 0.010329 0.955103 0.029457 0.002377
2 2 0.169266 0.108934 0.501127 0.175084 0.045589
2 2 0.013719 0.037074 0.808631 0.103647 0.036929
2 2 0.000972 0.018773 0.934175 0.043562 0.002518
2 2 0.004335 0.033028 0.907098 0.049856 0.005683
2 2 0.032844 0.045043 0.778489 0.135594 0.008030
3 2 0.048065 0.017186 0.390065 0.541265 0.003421
2 2 0.123471 0.043647 0.450766 0.361467 0.020649
2 2 0.056325 0.077691 0.815047 0.038006 0.012931
2 2 0.007771 0.016335 0.916238 0.053013 0.006644
2 2 0.027666 0.200346 0.554734 0.049626 0.167628
2 2 0.003437 0.014592 0.903298 0.077631 0.001042
2 2 0.002911 0.033666 0.938873 0.021242 0.003307
2 2 0.007174 0.031183 0.877690 0.081415 0.002539
2 2 0.000635 0.037431 0.959691 0.000975 0.001268
2 2 0.001872 0.029820 0.921457 0.036023 0.010829
2 2 0.000172 0.016076 0.855232 0.125810 0.002710
2 2 0.000551 0.012006 0.865747 0.118732 0.002964
2 2 0.007431 0.028334 0.851319 0.109207 0.003709
2 2 0.026924 0.073661 0.800525 0.057792 0.041098
2 3 0.043149 0.131370 0.692468 0.060366 0.072647
2 3 0.001192 0.026276 0.957977 0.013668 0.000887
3 3 0.000449 0.004653 0.429010 0.565440 0.000448
2 3 0.001321 0.018521 0.920525 0.058794 0.000840
2 3 0.002536 0.019292 0.491494 0.483174 0.003504
2 3 0.000661 0.009238 0.723495 0.266087 0.000519
3 3 0.001351 0.015353 0.380528 0.601140 0.001627
2 3 0.001158 0.007530 0.811441 0.179437 0.000433
2 3 0.028127 0.134039 0.727892 0.093045 0.016898
2 3 0.010407 0.039306 0.862623 0.086036 0.001628
2 3 0.013016 0.051980 0.657036 0.272462 0.005506
2 3 0.001664 0.040162 0.829264 0.125814 0.003097
2 3 0.027001 0.030028 0.707836 0.228477 0.006659
2 2 0.306211 0.104331 0.328390 0.145290 0.115778
4 1 0.305529 0.100484 0.023005 0.006018 0.564966
4 1 0.088411 0.071167 0.027879 0.007096 0.805447
4 1 0.024209 0.028502 0.009750 0.002033 0.935506
4 1 0.013570 0.025182 0.012567 0.002728 0.945953
2 2 0.020055 0.077169 0.444376 0.075841 0.382558
2 2 0.024363 0.076707 0.590646 0.135196 0.173088
2 2 0.016632 0.062985 0.855391 0.022162 0.042830
2 2 0.000457 0.011096 0.986134 0.001624 0.000690
2 2 0.001424 0.006899 0.973267 0.015858 0.002552
2 2 0.000925 0.002571 0.850333 0.145433 0.000738
2 2 0.000396 0.005988 0.958927 0.034142 0.000547
2 2 0.000496 0.007676 0.938046 0.052980 0.000801
2 2 0.003164 0.043995 0.923700 0.023679 0.005462
2 2 0.002422 0.027842 0.949150 0.018747 0.001839
2 2 0.001520 0.031854 0.958026 0.003458 0.005142
2 2 0.001108 0.015680 0.969799 0.012209 0.001203
2 2 0.000195 0.001925 0.990793 0.006895 0.000192
2 2 0.019632 0.097145 0.845564 0.033233 0.004426
2 2 0.000356 0.009189 0.980198 0.009921 0.000336
2 2 0.009025 0.012397 0.768130 0.210023 0.000425
2 2 0.000375 0.006685 0.936581 0.055698 0.000661
2 2 0.000231 0.003791 0.924863 0.070736 0.000378
2 3 0.000948 0.019407 0.953713 0.023875 0.002057
2 3 0.000661 0.006205 0.960514 0.032268 0.000351
2 3 0.000142 0.001783 0.886742 0.111229 0.000104
2 2 0.006337 0.018354 0.740336 0.232625 0.002348
2 2 0.000676 0.009878 0.955368 0.033371 0.000707
2 2 0.002704 0.029026 0.930884 0.035642 0.001744
2 2 0.000446 0.010601 0.962872 0.025654 0.000427
2 2 0.006375 0.126936 0.764799 0.021646 0.080244
2 2 0.003318 0.019059 0.849653 0.124296 0.003674
2 2 0.014978 0.050673 0.822874 0.105539 0.005936
2 2 0.008324 0.022120 0.948471 0.018961 0.002125
2 2 0.003900 0.020360 0.822017 0.135918 0.017806
2 2 0.001808 0.022091 0.947002 0.017567 0.011533
2 2 0.003804 0.045317 0.776493 0.110498 0.063889
2 2 0.000988 0.008206 0.868648 0.120265 0.001892
2 2 0.029935 0.057114 0.813519 0.096301 0.003132
2 2 0.006050 0.040603 0.916570 0.036102 0.000675
2 2 0.001705 0.011011 0.827710 0.159210 0.000364
2 2 0.000183 0.001961 0.963061 0.034769 0.000026
2 3 0.000279 0.003153 0.947219 0.049261 0.000088
2 3 0.000165 0.001091 0.821638 0.177099 0.000007
3 3 0.004050 0.001698 0.181529 0.812700 0.000024
2 3 0.149129 0.141000 0.628466 0.078228 0.003178
2 3 0.015393 0.019816 0.752310 0.208966 0.003516
2 3 0.000483 0.002942 0.986984 0.009434 0.000156
3 3 0.073672 0.032209 0.278192 0.601529 0.014398
2 2 0.019141 0.012616 0.653497 0.308027 0.006718
2 2 0.003021 0.005098 0.928221 0.063344 0.000315
3 2 0.084403 0.062190 0.363739 0.481637 0.008030
2 2 0.005621 0.027299 0.631782 0.324203 0.011095
2 2 0.000994 0.012982 0.942908 0.040019 0.003096
2 2 0.002414 0.033659 0.889274 0.066369 0.008283
2 2 0.000053 0.003391 0.992101 0.004413 0.000042
2 2 0.004574 0.020863 0.929297 0.044331 0.000935
2 2 0.001423 0.006329 0.903314 0.088464 0.000470
4 2 0.300456 0.185331 0.146267 0.057086 0.310861
4 2 0.186865 0.091804 0.027091 0.007047 0.687193
4 2 0.061575 0.099951 0.121931 0.034160 0.682384
2 2 0.128676 0.090879 0.626610 0.085454 0.068381
2 2 0.114416 0.086512 0.716364 0.059988 0.022720
2 2 0.210505 0.054441 0.448074 0.184161 0.102819
4 2 0.012179 0.104481 0.213853 0.003060 0.666427
4 2 0.019958 0.058313 0.036038 0.003674 0.882017
4 2 0.031538 0.138281 0.074308 0.002042 0.753832
2 2 0.041984 0.188444 0.665488 0.005645 0.098439
2 2 0.004798 0.040131 0.941609 0.008366 0.005097
2 2 0.094783 0.213484 0.630205 0.003272 0.058256
2 2 0.101326 0.056087 0.767906 0.065291 0.009390
2 2 0.007218 0.008640 0.883550 0.097638 0.002954
2 2 0.000148 0.001111 0.984113 0.014494 0.000134
2 2 0.000194 0.001011 0.984303 0.014387 0.000105
2 2 0.017270 0.044825 0.901231 0.024268 0.012406
2 2 0.006046 0.023665 0.948276 0.017375 0.004638
2 2 0.000899 0.006330 0.986681 0.004839 0.001253
2 2 0.007759 0.008353 0.938244 0.044790 0.000853
2 2 0.000378 0.005344 0.986914 0.007148 0.000217
2 2 0.000177 0.001581 0.988308 0.009837 0.000097
2 2 0.001534 0.005448 0.955256 0.037352 0.000410
2 2 0.000127 0.005858 0.988139 0.005580 0.000297
2 2 0.000067 0.002498 0.969086 0.028246 0.000104
2 2 0.000019 0.002021 0.994817 0.003099 0.000044
2 2 0.008279 0.014962 0.937310 0.038982 0.000467
2 2 0.029899 0.096771 0.850735 0.011541 0.011054
2 2 0.055367 0.135842 0.604125 0.016582 0.188085
2 2 0.077575 0.157532 0.701828 0.012368 0.050698
2 2 0.004693 0.012380 0.968999 0.011498 0.002430
2 2 0.001711 0.009223 0.984982 0.003450 0.000634
2 2 0.000645 0.001408 0.962378 0.035411 0.000158
2 2 0.002792 0.005255 0.985125 0.006513 0.000315
2 2 0.019640 0.050213 0.919455 0.006953 0.003739
2 2 0.014806 0.017967 0.942697 0.022119 0.002411
2 2 0.005479 0.016903 0.970843 0.005437 0.001338
2 2 0.000753 0.005751 0.959267 0.033597 0.000632
2 2 0.001782 0.012931 0.927425 0.056154 0.001708
2 2 0.000958 0.002403 0.985935 0.010513 0.000191
2 2 0.000581 0.011333 0.980632 0.006876 0.000578
2 2 0.016486 0.004483 0.594006 0.382487 0.002539
4 4 0.109992 0.110786 0.146800 0.048758 0.583664
4 4 0.035348 0.064516 0.066660 0.011649 0.821828
2 4 0.011646 0.120424 0.586585 0.013028 0.268318
2 2 0.022835 0.042648 0.875545 0.048497 0.010474
2 2 0.042849 0.033565 0.890523 0.027143 0.005920
2 2 0.016607 0.067272 0.883327 0.014641 0.018153
2 2 0.048048 0.059800 0.783801 0.050876 0.057474
2 2 0.001331 0.015441 0.970769 0.010721 0.001738
2 2 0.111136 0.080919 0.417960 0.169881 0.220104
4 2 0.029594 0.047361 0.028464 0.007151 0.887429
4 2 0.022440 0.064856 0.041396 0.004234 0.867074
4 2 0.082011 0.175057 0.061594 0.001966 0.679372
4 2 0.178701 0.091168 0.027661 0.007206 0.695264
4 2 0.040489 0.101682 0.052325 0.003518 0.801986
4 2 0.024965 0.149363 0.279504 0.006888 0.539281
2 2 0.012902 0.200278 0.533754 0.002825 0.250241
4 2 0.047775 0.137225 0.077579 0.004120 0.733302
4 2 0.053597 0.092987 0.117154 0.020549 0.715713
4 2 0.031515 0.218215 0.165355 0.003900 0.581015
2 2 0.018655 0.145532 0.760317 0.007131 0.068366
2 2 0.006720 0.159783 0.787551 0.002436 0.043510
2 2 0.003760 0.130607 0.814554 0.001834 0.049244
2 2 0.006624 0.075432 0.692986 0.011201 0.213757
4 2 0.021396 0.072065 0.098270 0.006386 0.801884
2 2 0.006218 0.147619 0.779185 0.000976 0.066004
2 2 0.000452 0.046543 0.948341 0.000159 0.004505
2 2 0.003668 0.034942 0.950750 0.004963 0.005678
2 2 0.034966 0.128907 0.735130 0.018007 0.082990
2 2 0.072923 0.073891 0.739922 0.047868 0.065396
2 2 0.059070 0.214527 0.552804 0.019975 0.153623
2 2 0.021357 0.095641 0.831415 0.007757 0.043829
2 2 0.013807 0.030868 0.909713 0.037793 0.007819
2 2 0.015413 0.114686 0.844687 0.002061 0.023152
2 2 0.031181 0.063759 0.889322 0.010230 0.005507
2 2 0.055359 0.267267 0.518976 0.007786 0.150611
2 2 0.012721 0.177812 0.522920 0.004579 0.281968
4 2 0.043008 0.100437 0.146650 0.015842 0.694063
4 2 0.142950 0.162269 0.089772 0.013515 0.591493
2 2 0.006071 0.113499 0.694190 0.021164 0.165076
2 2 0.013229 0.074778 0.755394 0.101469 0.055130
2 2 0.002481 0.177246 0.763232 0.006432 0.050609
2 2 0.035932 0.174179 0.744273 0.019139 0.026477
2 2 0.021025 0.269777 0.511121 0.006694 0.191383
4 2 0.036527 0.114345 0.082751 0.006469 0.759907
4 2 0.023383 0.034817 0.015713 0.003299 0.922788
4 2 0.040690 0.084311 0.135828 0.017101 0.722069
4 2 0.019625 0.066881 0.037646 0.002475 0.873373
4 4 0.088178 0.078915 0.036384 0.009716 0.786807
0 4 0.609983 0.064032 0.005120 0.001148 0.319718
0 4 0.662691 0.045214 0.002115 0.000416 0.289564
0 0 0.768569 0.041847 0.001863 0.000386 0.187334
0 0 0.917287 0.028478 0.001116 0.000262 0.052858
0 0 0.462504 0.077577 0.009117 0.002126 0.448676
0 0 0.539224 0.059899 0.004432 0.000937 0.395509
0 0 0.694629 0.051419 0.002964 0.000632 0.250356
4 0 0.053397 0.047433 0.016184 0.003709 0.879276
4 1 0.047122 0.056467 0.028258 0.007128 0.861026
4 1 0.091167 0.070348 0.018532 0.002689 0.817264
4 4 0.290590 0.058573 0.006070 0.001246 0.643521
4 4 0.228519 0.068447 0.010854 0.002425 0.689755
4 4 0.120655 0.081418 0.018532 0.002320 0.777075
4 4 0.022514 0.088979 0.142129 0.006691 0.739687
4 4 0.014136 0.155439 0.123354 0.001602 0.705468
4 1 0.004793 0.196630 0.232932 0.000381 0.565263
4 1 0.010049 0.164800 0.200015 0.001265 0.623870
4 1 0.023966 0.077384 0.051816 0.004414 0.842420
4 1 0.028234 0.127129 0.211085 0.008261 0.625291
4 1 0.012243 0.157087 0.159096 0.001529 0.670045
4 1 0.027003 0.076861 0.052250 0.008030 0.835856
4 1 0.034909 0.104428 0.077416 0.007095 0.776152
2 1 0.039287 0.290082 0.338636 0.011433 0.320563
2 1 0.002696 0.181744 0.621575 0.000411 0.193574
2 2 0.000151 0.031876 0.959705 0.000424 0.007843
2 2 0.005141 0.087786 0.779078 0.002524 0.125470
4 2 0.018916 0.052430 0.022938 0.001550 0.904166
4 2 0.007096 0.059018 0.032541 0.000649 0.900696
4 2 0.007182 0.027464 0.013547 0.001013 0.950795
4 2 0.006124 0.102724 0.069117 0.000513 0.821523
4 2 0.045434 0.152690 0.060240 0.001377 0.740259
4 2 0.025453 0.052743 0.030823 0.004889 0.886092
4 2 0.018791 0.145480 0.114776 0.002512 0.718442
4 2 0.020155 0.194388 0.124118 0.001178 0.660161
4 2 0.009166 0.301229 0.243229 0.000439 0.445937
4 2 0.040843 0.119629 0.064362 0.003385 0.771781
4 2 0.019791 0.032112 0.013998 0.002584 0.931514
4 2 0.037736 0.105376 0.029265 0.000632 0.826990
4 2 0.128552 0.243117 0.229055 0.022314 0.376961
2 2 0.073182 0.319828 0.366758 0.008064 0.232169
2 2 0.018657 0.090541 0.859140 0.012191 0.019470
2 2 0.004289 0.050872 0.916871 0.007187 0.020781
2 2 0.001435 0.009231 0.978435 0.006841 0.004057
2 2 0.006704 0.020816 0.942628 0.022592 0.007260
2 2 0.040576 0.162047 0.674753 0.010621 0.112003
2 2 0.056443 0.301081 0.480388 0.002840 0.159248
2 2 0.045263 0.205686 0.597256 0.010705 0.141090
2 2 0.170809 0.158731 0.488029 0.025198 0.157232
2 2 0.007874 0.100577 0.848549 0.003766 0.039234
2 2 0.002646 0.024859 0.963224 0.004640 0.004631
2 2 0.000352 0.006611 0.975520 0.016806 0.000711
2 2 0.000922 0.036106 0.952075 0.002154 0.008743
2 2 0.006242 0.046420 0.922825 0.018422 0.006091
2 2 0.000928 0.023702 0.973597 0.001002 0.000771
2 2 0.000254 0.004155 0.984724 0.010586 0.000281
2 2 0.006455 0.007508 0.934609 0.050652 0.000776
2 2 0.000050 0.001363 0.991348 0.007185 0.000053
2 2 0.000007 0.001245 0.997749 0.000981 0.000018
2 2 0.000136 0.005461 0.986514 0.007468 0.000420
2 2 0.000083 0.001258 0.978737 0.019856 0.000067
2 2 0.000078 0.004185 0.992549 0.002968 0.000221
2 2 0.003669 0.015619 0.930624 0.047749 0.002339
2 2 0.000015 0.000397 0.946088 0.053486 0.000014
2 2 0.000080 0.001634 0.957188 0.041037 0.000062
2 2 0.000463 0.003228 0.934114 0.062093 0.000102
2 2 0.000276 0.016721 0.973116 0.008733 0.001155
2 2 0.005062 0.055528 0.789594 0.130482 0.019334
0 2 0.589533 0.113638 0.181650 0.056087 0.059092
1 2 0.172737 0.515525 0.218932 0.000646 0.092162
1 2 0.081871 0.454331 0.243384 0.001383 0.219031
2 2 0.003867 0.022752 0.788053 0.182033 0.003295
2 2 0.003898 0.025718 0.833689 0.117580 0.019115
2 2 0.005197 0.055891 0.739239 0.125755 0.073918
2 2 0.020761 0.046961 0.898338 0.020052 0.013888
2 2 0.000110 0.000593 0.926942 0.072321 0.000035
2 2 0.000285 0.002423 0.954447 0.042793 0.000052
2 2 0.000335 0.003798 0.975498 0.020315 0.000055
2 2 0.000204 0.003844 0.984582 0.011208 0.000162
2 2 0.000137 0.003851 0.940248 0.055449 0.000315
2 2 0.000952 0.020922 0.935669 0.041683 0.000772
2 2 0.000081 0.004269 0.962514 0.032801 0.000334
2 2 0.000015 0.001241 0.936270 0.062432 0.000042
2 2 0.000308 0.008386 0.987484 0.003662 0.000160
2 2 0.001645 0.008570 0.877134 0.112116 0.000535
2 2 0.000022 0.006473 0.991846 0.001544 0.000115
2 2 0.004479 0.073398 0.871738 0.043762 0.006623
2 2 0.007038 0.103315 0.845985 0.037929 0.005733
2 2 0.000849 0.038641 0.942401 0.016356 0.001753
2 2 0.000047 0.005513 0.990041 0.004232 0.000166
2 2 0.000030 0.001033 0.990135 0.008778 0.000025
2 2 0.004016 0.016881 0.892750 0.084836 0.001517
2 2 0.005235 0.028510 0.939388 0.023723 0.003144
2 2 0.042082 0.165245 0.746076 0.010359 0.036237
2 2 0.055200 0.278225 0.416905 0.005189 0.244481
2 2 0.061147 0.100356 0.706603 0.053574 0.078321
1 0 0.162856 0.507745 0.192055 0.001033 0.136311
1 1 0.094648 0.531130 0.271524 0.000878 0.101821
4 1 0.060891 0.301560 0.111924 0.000800 0.524825
2 2 0.073839 0.269790 0.378321 0.008347 0.269704
2 2 0.009426 0.041574 0.879840 0.039948 0.029212
2 2 0.001166 0.010822 0.985982 0.001473 0.000557
2 2 0.001477 0.018813 0.957838 0.011379 0.010493
2 2 0.000576 0.006354 0.973989 0.014569 0.004513
2 2 0.000198 0.001016 0.954194 0.044430 0.000161
2 2 0.004035 0.003764 0.900792 0.090814 0.000596
2 2 0.004275 0.004056 0.956105 0.035034 0.000530
2 2 0.015995 0.075026 0.904647 0.000746 0.003586
2 2 0.006330 0.031968 0.958602 0.002610 0.000491
2 2 0.000003 0.000124 0.991766 0.008107 0.000000
2 2 0.000004 0.000044 0.975964 0.023987 0.000001
3 3 0.000117 0.000633 0.231088 0.768147 0.000014
2 3 0.000414 0.002532 0.649459 0.347546 0.000050
2 3 0.000405 0.005265 0.681474 0.312808 0.000047
2 3 0.000080 0.001642 0.556686 0.441547 0.000045
3 3 0.000184 0.000907 0.402540 0.596345 0.000023
3 3 0.000599 0.001142 0.086410 0.911826 0.000023
3 3 0.000986 0.001643 0.034973 0.962335 0.000064
3 3 0.000238 0.001693 0.206764 0.791299 0.000007
3 3 0.000022 0.000066 0.019508 0.980400 0.000004
3 3 0.000160 0.000134 0.012335 0.987367 0.000005
3 3 0.002465 0.005700 0.263897 0.727818 0.000120
3 3 0.000095 0.000382 0.008270 0.991237 0.000015
3 3 0.002575 0.000789 0.018375 0.978237 0.000025
3 3 0.014584 0.027068 0.093229 0.864852 0.000267
3 3 0.000039 0.000045 0.005509 0.994406 0.000001
3 3 0.001357 0.000980 0.007143 0.990511 0.000009
3 3 0.004366 0.007887 0.147531 0.840156 0.000060
3 3 0.025941 0.004434 0.016173 0.953348 0.000104
3 3 0.001108 0.000570 0.004724 0.993589 0.000009
3 3 0.006280 0.003479 0.022272 0.967841 0.000127
3 3 0.000166 0.000149 0.009356 0.990322 0.000006
3 3 0.000009 0.000025 0.003818 0.996148 0.000001
3 3 0.000004 0.000025 0.010765 0.989206 0.000000
3 3 0.003820 0.003702 0.006163 0.986214 0.000100
3 3 0.000652 0.002185 0.079997 0.917152 0.000014
3 3 0.000038 0.000122 0.009779 0.990060 0.000001
3 3 0.000071 0.000163 0.006502 0.993262 0.000002
3 3 0.000113 0.000492 0.051985 0.947401 0.000009
3 3 0.000500 0.003042 0.019452 0.976960 0.000047
3 3 0.001361 0.001296 0.009476 0.987822 0.000045
3 3 0.001247 0.000304 0.005589 0.992856 0.000004
3 3 0.000011 0.000033 0.001262 0.998693 0.000000
3 3 0.000039 0.000286 0.001963 0.997703 0.000010
3 3 0.000228 0.001106 0.005637 0.992867 0.000162
3 3 0.000387 0.000749 0.006077 0.992761 0.000026
3 3 0.000073 0.000067 0.001085 0.998773 0.000001
3 3 0.000015 0.000014 0.002522 0.997448 0.000000
3 3 0.000942 0.000519 0.003997 0.994533 0.000008
3 3 0.000007 0.000041 0.001439 0.998512 0.000001
3 3 0.006072 0.010164 0.015935 0.966877 0.000952
3 3 0.033944 0.007702 0.016945 0.941192 0.000217
3 3 0.000029 0.000043 0.002341 0.997585 0.000001
3 3 0.000023 0.000027 0.002917 0.997032 0.000000
3 3 0.001077 0.000289 0.005108 0.993523 0.000004
3 3 0.000066 0.000100 0.001935 0.997897 0.000001
3 3 0.000002 0.000010 0.000946 0.999042 0.000000
3 3 0.000032 0.000124 0.001367 0.998475 0.000002
3 3 0.000043 0.000374 0.001276 0.998298 0.000009
3 3 0.002515 0.000817 0.003592 0.993067 0.000009
3 3 0.001983 0.000353 0.006549 0.991111 0.000004
3 3 0.000009 0.000072 0.007207 0.992702 0.000010
3 3 0.002748 0.004966 0.013988 0.978191 0.000106
3 3 0.000933 0.000077 0.001074 0.997915 0.000000
3 3 0.002408 0.000301 0.008506 0.988781 0.000004
3 3 0.000106 0.000046 0.001662 0.998186 0.000000
3 3 0.000416 0.002444 0.005476 0.991656 0.000008
3 3 0.000037 0.000113 0.000473 0.999375 0.000001
3 3 0.000179 0.002248 0.010969 0.986593 0.000011
3 3 0.000920 0.006278 0.005952 0.986700 0.000150
3 3 0.000931 0.003767 0.030072 0.965115 0.000115
0 3 0.885652 0.057865 0.012879 0.036464 0.007140
3 1 0.260107 0.073331 0.296812 0.340069 0.029682
4 1 0.085930 0.102840 0.230724 0.099270 0.481236
4 1 0.042551 0.166467 0.209640 0.010850 0.570491
4 1 0.014095 0.145838 0.104240 0.001315 0.734512
4 1 0.002059 0.293583 0.308571 0.003210 0.392578
2 2 0.006645 0.086925 0.819981 0.044556 0.041893
2 2 0.001938 0.046976 0.939934 0.008621 0.002530
2 2 0.002278 0.023110 0.783112 0.187885 0.003615
2 2 0.001066 0.004869 0.613398 0.378763 0.001904
2 2 0.001250 0.010218 0.913736 0.074190 0.000606
2 2 0.000919 0.002905 0.962844 0.033220 0.000111
2 2 0.000828 0.001632 0.937058 0.060366 0.000115
2 2 0.001117 0.015841 0.980307 0.002278 0.000457
2 2 0.000972 0.002291 0.936775 0.059777 0.000185
2 2 0.000183 0.001268 0.988339 0.010146 0.000065
2 2 0.000188 0.000674 0.799846 0.199176 0.000116
2 2 0.000517 0.003769 0.956013 0.039165 0.000536
2 2 0.013218 0.114285 0.749200 0.063340 0.059957
2 2 0.007648 0.056578 0.884807 0.017302 0.033665
2 2 0.043645 0.037697 0.577462 0.327714 0.013483
2 2 0.000984 0.004297 0.988186 0.006134 0.000399
2 2 0.000411 0.004922 0.990982 0.002641 0.001044
2 2 0.000107 0.001670 0.986441 0.011605 0.000177
2 2 0.000183 0.002078 0.982394 0.015178 0.000166
2 2 0.000053 0.000829 0.997111 0.001997 0.000010
2 2 0.000149 0.001033 0.968771 0.030018 0.000030
2 2 0.000028 0.000453 0.990737 0.008771 0.000012
2 2 0.000165 0.001879 0.983953 0.013932 0.000070
2 2 0.000246 0.001416 0.963800 0.034488 0.000049
2 2 0.000165 0.002407 0.973313 0.024011 0.000104
2 2 0.000040 0.000746 0.994852 0.004355 0.000007
2 2 0.000022 0.000733 0.982754 0.016446 0.000046
2 2 0.000047 0.001710 0.985411 0.012668 0.000162
2 2 0.001823 0.011932 0.876931 0.107342 0.001971
3 2 0.011083 0.004431 0.490731 0.493302 0.000454
2 2 0.000016 0.000443 0.970780 0.028752 0.000010
2 2 0.000239 0.002797 0.937458 0.059368 0.000137
2 2 0.001907 0.023190 0.837845 0.135413 0.001645
2 2 0.002790 0.022723 0.887259 0.086406 0.000822
2 2 0.007763 0.021235 0.862708 0.107534 0.000760
2 2 0.000578 0.001490 0.920638 0.077252 0.000041
2 2 0.000689 0.004184 0.937951 0.057030 0.000146
2 3 0.000263 0.005887 0.847378 0.146130 0.000343
2 3 0.001236 0.015921 0.939670 0.041899 0.001275
2 3 0.001161 0.010770 0.971691 0.016098 0.000280
2 3 0.007906 0.020021 0.958686 0.013018 0.000369
2 2 0.000158 0.003513 0.845555 0.150659 0.000115
2 2 0.000354 0.004553 0.984155 0.010852 0.000086
2 2 0.005787 0.030617 0.926708 0.035627 0.001261
2 2 0.006542 0.006818 0.867016 0.119243 0.000382
2 2 0.000540 0.001346 0.818067 0.179593 0.000455
2 2 0.000182 0.001432 0.954691 0.043628 0.000067
2 2 0.001029 0.004285 0.932430 0.062086 0.000171
2 2 0.000422 0.002571 0.961631 0.035328 0.000048
2 2 0.000788 0.003882 0.945862 0.049378 0.000089
2 2 0.052715 0.033135 0.830124 0.080723 0.003302
2 2 0.055954 0.058895 0.836840 0.029341 0.018970
2 2 0.005428 0.016514 0.958360 0.018653 0.001045
2 2 0.000448 0.002909 0.951076 0.045244 0.000324
2 2 0.000024 0.001211 0.989769 0.008948 0.000049
2 2 0.000995 0.002981 0.986408 0.009369 0.000246
2 2 0.000563 0.002296 0.981707 0.015219 0.000215
2 2 0.008435 0.005824 0.861757 0.122890 0.001094
2 2 0.061587 0.014769 0.730030 0.192707 0.000907
2 2 0.010668 0.006913 0.751104 0.230727 0.000588
2 2 0.000126 0.001165 0.964665 0.033972 0.000072
2 2 0.000828 0.024578 0.971597 0.002212 0.000785
2 2 0.000129 0.001660 0.985121 0.013064 0.000027
2 2 0.000057 0.000853 0.978220 0.020855 0.000016
2 2 0.004115 0.008474 0.940567 0.045076 0.001767
2 2 0.000977 0.003376 0.985751 0.009663 0.000233
2 2 0.001814 0.009079 0.965906 0.022060 0.001141
2 2 0.002126 0.002368 0.878412 0.116821 0.000274
2 2 0.000030 0.001486 0.982827 0.015600 0.000057
2 2 0.001135 0.007965 0.978399 0.011055 0.001445
2 2 0.000899 0.001424 0.797009 0.200430 0.000239
2 2 0.000327 0.008334 0.971598 0.019373 0.000369
2 2 0.000073 0.001075 0.973027 0.025759 0.000066
2 2 0.000416 0.003991 0.979392 0.015883 0.000318
2 2 0.010371 0.013381 0.853970 0.119869 0.002409
2 2 0.000622 0.002366 0.955120 0.041421 0.000471
2 2 0.000063 0.000868 0.984119 0.014915 0.000034
2 2 0.000107 0.000969 0.970499 0.028395 0.000031
2 2 0.000129 0.001795 0.981406 0.016634 0.000037
2 2 0.000012 0.000519 0.996433 0.003017 0.000018
2 2 0.000709 0.002822 0.969468 0.026840 0.000161
2 2 0.000035 0.000816 0.997062 0.002072 0.000015
2 2 0.000012 0.000429 0.994872 0.004677 0.000009
2 2 0.000818 0.001403 0.925439 0.072216 0.000125
2 2 0.000768 0.002801 0.971958 0.024366 0.000107
2 2 0.000064 0.000747 0.961542 0.037629 0.000017
2 2 0.003412 0.003869 0.903845 0.088423 0.000451
2 2 0.002387 0.014605 0.973310 0.008076 0.001622
2 2 0.000311 0.007035 0.986677 0.005160 0.000818
2 2 0.000018 0.000485 0.993099 0.006383 0.000014
2 2 0.000021 0.000464 0.996356 0.003146 0.000013
2 2 0.000068 0.001132 0.996587 0.002201 0.000012
2 2 0.000133 0.003505 0.992005 0.004313 0.000044
2 2 0.001396 0.025433 0.963148 0.008528 0.001496
2 2 0.004034 0.014316 0.957570 0.022302 0.001777
2 2 0.000083 0.001260 0.997652 0.000946 0.000058
2 2 0.000332 0.002922 0.990038 0.006526 0.000182
2 2 0.000057 0.002320 0.997245 0.000292 0.000086
2 2 0.000301 0.006192 0.991889 0.001272 0.000345
2 2 0.000815 0.005810 0.977687 0.015039 0.000649
2 2 0.000190 0.002109 0.996475 0.001116 0.000110
2 2 0.000186 0.002049 0.995916 0.001748 0.000101
2 2 0.000121 0.002357 0.996651 0.000781 0.000090
2 2 0.002730 0.006696 0.980883 0.009106 0.000584
2 2 0.023183 0.092339 0.828880 0.008885 0.046714
4 2 0.054609 0.129715 0.193328 0.013562 0.608785
2 2 0.025422 0.062474 0.829451 0.040934 0.041719
2 2 0.042626 0.164580 0.548956 0.021249 0.222588
2 2 0.025199 0.193549 0.590447 0.012286 0.178519
2 2 0.032136 0.338434 0.415839 0.001201 0.212390
2 2 0.051514 0.116743 0.492961 0.039728 0.299055
4 4 0.179527 0.077486 0.018198 0.004397 0.720392
4 4 0.045250 0.066453 0.044487 0.012167 0.831643
4 4 0.451817 0.071868 0.007591 0.001706 0.467018
4 4 0.019447 0.255722 0.110148 0.000303 0.614380
4 4 0.005875 0.195669 0.160864 0.000400 0.637192
4 1 0.007561 0.083885 0.054045 0.000752 0.853758
4 1 0.015222 0.150274 0.207078 0.002676 0.624749
2 1 0.007153 0.210113 0.424409 0.000958 0.357367
2 2 0.014426 0.130526 0.610368 0.006134 0.238545
2 2 0.052642 0.157147 0.444811 0.026687 0.318713
4 2 0.133843 0.149311 0.094806 0.019544 0.602496
4 2 0.079338 0.196491 0.179593 0.008532 0.536046
2 2 0.020185 0.242323 0.448662 0.001941 0.286889
2 2 0.014169 0.090103 0.798680 0.011206 0.085843
2 2 0.026959 0.147647 0.565161 0.006177 0.254057
2 2 0.004405 0.108739 0.627333 0.001356 0.258167
2 2 0.010042 0.095396 0.744853 0.005963 0.143746
2 2 0.005644 0.150198 0.607161 0.001291 0.235706
4 2 0.011519 0.157793 0.366519 0.002483 0.461687
2 2 0.012753 0.068919 0.817770 0.013251 0.087306
2 2 0.013455 0.192141 0.521134 0.003113 0.270155
2 2 0.012712 0.109526 0.502994 0.005548 0.369220
2 2 0.005903 0.111406 0.471206 0.005065 0.406419
2 2 0.001853 0.204105 0.639230 0.000294 0.154518
2 2 0.000904 0.118530 0.785357 0.000181 0.095027
4 2 0.004162 0.147231 0.107929 0.000256 0.740421
4 2 0.016459 0.070269 0.032313 0.001100 0.879858
4 1 0.129660 0.076332 0.023384 0.005831 0.764793
4 1 0.026416 0.143426 0.114873 0.004226 0.711059
4 1 0.019529 0.165514 0.222264 0.003610 0.589083
4 4 0.032859 0.109309 0.356294 0.017830 0.483708
4 4 0.024750 0.132985 0.096745 0.003291 0.742229
4 4 0.016684 0.029795 0.015604 0.003518 0.934399
0 0 0.716361 0.170383 0.042262 0.005001 0.065993
1 1 0.105330 0.377371 0.163301 0.001701 0.352296
2 1 0.000936 0.046377 0.922142 0.000480 0.030065
2 1 0.000588 0.047587 0.935363 0.000233 0.016230
2 1 0.000768 0.023181 0.963494 0.000833 0.011725
2 1 0.004292 0.061777 0.822800 0.003061 0.108070
2 1 0.008347 0.121893 0.584188 0.002893 0.282680
2 1 0.023400 0.111546 0.486905 0.013049 0.365100
4 1 0.024244 0.238517 0.164489 0.001436 0.571314
4 4 0.076045 0.170339 0.087140 0.004733 0.661743
2 4 0.003645 0.219455 0.502648 0.000376 0.273876
4 4 0.010577 0.132699 0.175964 0.001623 0.679137
4 4 0.019520 0.149311 0.189862 0.003663 0.637644
2 2 0.009581 0.054621 0.867185 0.011860 0.056752
2 2 0.001293 0.047076 0.918680 0.000758 0.032193
2 2 0.017107 0.101844 0.620133 0.010778 0.250138
2 2 0.011278 0.109024 0.608643 0.005305 0.265750
4 2 0.004605 0.089039 0.074318 0.000421 0.831618
4 2 0.140355 0.161563 0.064546 0.005958 0.627578
4 1 0.060754 0.100532 0.118561 0.014154 0.705998
4 1 0.094642 0.074619 0.029505 0.007599 0.793634
4 4 0.025228 0.041649 0.024072 0.005865 0.903185
4 4 0.007783 0.015987 0.007023 0.001379 0.967828
4 4 0.010946 0.026236 0.013073 0.001944 0.947801
4 4 0.012361 0.043608 0.020755 0.001273 0.922003
4 4 0.038360 0.080266 0.055775 0.008900 0.816699
4 4 0.027174 0.037403 0.017121 0.003935 0.914368
4 4 0.087637 0.056473 0.015692 0.003608 0.836590
4 4 0.171840 0.053483 0.007453 0.001538 0.765685
4 4 0.157877 0.057313 0.009539 0.002047 0.773225
4 4 0.049747 0.096579 0.044026 0.003591 0.806057
4 4 0.008116 0.033792 0.017569 0.001135 0.939389
4 4 0.066589 0.178118 0.068417 0.001827 0.685048
4 4 0.039900 0.114579 0.060675 0.003290 0.781556
4 4 0.057150 0.078549 0.038730 0.006489 0.819083
4 4 0.041997 0.034200 0.009023 0.001866 0.912915
4 4 0.078995 0.045635 0.010158 0.002162 0.863049
4 4 0.018397 0.017237 0.003677 0.000650 0.960039
4 4 0.144002 0.038849 0.003938 0.000724 0.812488
4 4 0.034148 0.026987 0.006123 0.001183 0.931559
4 4 0.116306 0.083486 0.012227 0.000690 0.787292
4 4 0.297352 0.079852 0.013020 0.003063 0.606712
4 0 0.093195 0.062774 0.019326 0.004616 0.820090
4 1 0.171532 0.086173 0.024813 0.006325 0.711157
4 1 0.074741 0.151477 0.049009 0.001635 0.723137
4 1 0.067811 0.182218 0.042661 0.000516 0.706795
4 1 0.007107 0.161584 0.116348 0.000465 0.714495
4 1 0.007279 0.161302 0.127415 0.000517 0.703488
4 1 0.003053 0.170647 0.335426 0.000299 0.490576
4 1 0.011143 0.114873 0.217836 0.002423 0.653726
4 1 0.036004 0.135726 0.073506 0.002545 0.752219
4 1 0.041072 0.130116 0.100528 0.007815 0.720470
4 1 0.021372 0.248064 0.325343 0.005430 0.399791
2 4 0.033978 0.176609 0.415846 0.011620 0.361946
4 4 0.037409 0.093805 0.067816 0.008151 0.792819
4 4 0.026253 0.039453 0.020224 0.004782 0.909289
4 4 0.012535 0.023330 0.011235 0.002392 0.950508
4 4 0.019536 0.028007 0.007384 0.000783 0.944290
4 4 0.018421 0.048926 0.014505 0.000583 0.917564
4 4 0.016365 0.098426 0.066980 0.001249 0.816979
4 4 0.227934 0.068280 0.010810 0.002413 0.690561
4 4 0.077403 0.040431 0.007665 0.001554 0.872947
4 4 0.044973 0.045728 0.017401 0.004030 0.887869
4 4 0.024979 0.034989 0.015732 0.003561 0.920739
4 4 0.016797 0.029958 0.015714 0.003547 0.933983
4 4 0.072237 0.039287 0.007615 0.001541 0.879320
4 4 0.153285 0.065576 0.013718 0.003132 0.764289
4 4 0.051079 0.047475 0.016920 0.003906 0.880619
4 4 0.098094 0.055002 0.013231 0.002962 0.830712
4 4 0.173846 0.083636 0.013754 0.001563 0.727202
4 4 0.332989 0.060940 0.006063 0.001260 0.598749
4 4 0.082507 0.044042 0.008931 0.001861 0.862659
4 1 0.144043 0.074550 0.020033 0.004879 0.756496
4 1 0.035770 0.082697 0.139072 0.014719 0.727742
4 1 0.007053 0.121950 0.086689 0.000602 0.783705
4 4 0.023450 0.039262 0.022295 0.005357 0.909636
4 4 0.030020 0.035659 0.013809 0.003061 0.917452
4 4 0.015799 0.040968 0.020476 0.002150 0.920606
4 4 0.027996 0.210919 0.153464 0.002320 0.605300
4 4 0.036761 0.220594 0.123647 0.001669 0.617329
4 4 0.007863 0.220344 0.193015 0.000604 0.578174
4 4 0.012000 0.030661 0.015895 0.002117 0.939326
4 4 0.027550 0.030773 0.010407 0.002197 0.929073
4 4 0.013026 0.027538 0.010324 0.001132 0.947981
4 4 0.007484 0.123727 0.077396 0.000465 0.790928
4 4 0.007070 0.028527 0.012025 0.000637 0.951740
4 4 0.053351 0.039299 0.010141 0.002145 0.895064
4 4 0.068373 0.107253 0.032561 0.001750 0.790063
4 4 0.199556 0.077690 0.016732 0.004005 0.702018
4 4 0.097542 0.043330 0.007345 0.001486 0.850297
4 4 0.016023 0.028831 0.014957 0.003347 0.936841
4 4 0.009450 0.043160 0.023914 0.001313 0.922162
4 4 0.014445 0.059751 0.036524 0.002235 0.887045
4 4 0.013901 0.025682 0.012889 0.002810 0.944717
4 4 0.025425 0.138159 0.112916 0.004130 0.719370
4 4 0.032659 0.051258 0.031568 0.008086 0.876429
4 4 0.020582 0.105264 0.111311 0.004162 0.758681
4 4 0.011820 0.066259 0.041122 0.001595 0.879204
4 4 0.018712 0.032704 0.017597 0.004053 0.926934
4 4 0.018060 0.028353 0.012777 0.002785 0.938025
4 4 0.309301 0.099986 0.022508 0.005871 0.562334
0 0 0.699218 0.107545 0.021823 0.006946 0.164468
0 1 0.358776 0.269240 0.050504 0.001376 0.320104
4 1 0.026452 0.133056 0.070330 0.001602 0.768560
4 1 0.019216 0.358113 0.226426 0.000476 0.395769
1 1 0.016478 0.397858 0.204546 0.000200 0.380918
1 1 0.006725 0.526072 0.316676 0.000042 0.150486
2 1 0.006399 0.168926 0.487241 0.001164 0.336270
4 1 0.046540 0.080064 0.056300 0.011949 0.805146
4 1 0.034551 0.066163 0.040857 0.015016 0.843413
4 1 0.011023 0.099903 0.044334 0.000409 0.844331
4 1 0.008963 0.185604 0.144085 0.000767 0.660582
4 1 0.090526 0.137702 0.071735 0.007839 0.692197
4 1 0.013253 0.097506 0.067217 0.001673 0.820351
4 1 0.016761 0.029906 0.015679 0.003538 0.934116
4 1 0.024590 0.030089 0.010983 0.002338 0.932001
4 1 0.009437 0.250862 0.236101 0.000776 0.502824
2 1 0.002010 0.124503 0.680904 0.003061 0.189522
2 2 0.006815 0.156617 0.586899 0.002394 0.247276
2 2 0.003709 0.160608 0.452708 0.000527 0.382447
4 2 0.032967 0.110988 0.188119 0.058409 0.609516
4 2 0.034767 0.053888 0.033713 0.008742 0.868891
4 2 0.075116 0.102941 0.061077 0.011486 0.749381
4 2 0.019218 0.326599 0.196337 0.000489 0.457358
4 2 0.010371 0.083914 0.054916 0.001212 0.849588
4 2 0.021389 0.075208 0.086606 0.015805 0.800992
4 2 0.005383 0.178224 0.144545 0.001040 0.670808
2 2 0.007958 0.097438 0.837764 0.004367 0.052473
4 2 0.054660 0.089952 0.066879 0.023726 0.764783
4 2 0.049222 0.086249 0.375313 0.092678 0.396538
2 2 0.007211 0.071858 0.811556 0.022624 0.086751
4 2 0.043867 0.147866 0.262317 0.015312 0.530638
2 2 0.009655 0.177357 0.451723 0.001913 0.359351
2 2 0.012736 0.138382 0.708551 0.005647 0.134684
2 2 0.012996 0.061684 0.872666 0.015952 0.036703
4 2 0.018276 0.134818 0.090855 0.001762 0.754288
4 2 0.056589 0.105775 0.239391 0.031377 0.566868
4 2 0.017648 0.209655 0.188140 0.002077 0.582480
2 2 0.026332 0.220013 0.537000 0.006684 0.209972
1 2 0.083698 0.381866 0.183573 0.001599 0.349263
4 2 0.248778 0.195992 0.209027 0.089831 0.256373
2 2 0.111596 0.277017 0.313469 0.025924 0.271994
2 2 0.125926 0.286750 0.482544 0.011295 0.093484
4 2 0.104935 0.184279 0.256468 0.013740 0.440578
4 2 0.057039 0.279140 0.119365 0.001152 0.543303
4 2 0.010513 0.116630 0.083500 0.001115 0.788242
4 2 0.013173 0.334285 0.213032 0.000324 0.439187
2 2 0.000227 0.331359 0.381139 0.000136 0.287140
2 2 0.001477 0.246978 0.607666 0.000825 0.143054
2 2 0.000119 0.026826 0.971357 0.000232 0.001466
2 2 0.005909 0.037788 0.883662 0.044845 0.027796
2 2 0.000277 0.030430 0.963020 0.000735 0.005538
2 2 0.000109 0.005458 0.991517 0.001696 0.001220
2 2 0.000167 0.004189 0.991037 0.003753 0.000855
2 2 0.000161 0.011851 0.983884 0.000599 0.003505
2 2 0.001822 0.041006 0.940243 0.004892 0.012037
2 2 0.000528 0.004255 0.990831 0.003545 0.000841
2 2 0.000100 0.002281 0.996929 0.000611 0.000079
2 2 0.012041 0.021365 0.957000 0.005923 0.003671
2 2 0.000099 0.000743 0.993408 0.005702 0.000047
2 2 0.000571 0.000502 0.929891 0.069012 0.000024
2 2 0.003690 0.004927 0.932373 0.058678 0.000332
2 2 0.000701 0.002162 0.939520 0.057105 0.000512
2 2 0.000004 0.000465 0.984622 0.014896 0.000012
2 2 0.000004 0.000227 0.999166 0.000600 0.000003
2 2 0.000005 0.000293 0.998411 0.001286 0.000005
2 2 0.000003 0.000360 0.999193 0.000439 0.000004
2 2 0.000005 0.000475 0.997638 0.001871 0.000011
2 2 0.000001 0.000324 0.999380 0.000291 0.000004
2 2 0.000028 0.001595 0.969972 0.028295 0.000110
2 2 0.000014 0.000436 0.990578 0.008949 0.000023
2 2 0.000001 0.000093 0.975037 0.024865 0.000004
2 2 0.000001 0.000156 0.978923 0.020916 0.000004
2 2 0.000024 0.006149 0.981611 0.011855 0.000361
2 2 0.000008 0.000760 0.988605 0.010620 0.000007
2 3 0.000100 0.002145 0.987598 0.010138 0.000018
2 3 0.000056 0.001735 0.876184 0.121990 0.000036
2 3 0.000027 0.001192 0.889379 0.109353 0.000050
3 3 0.000013 0.000173 0.384119 0.615688 0.000007
2 3 0.003389 0.005370 0.763296 0.227880 0.000065
2 3 0.000030 0.000865 0.546932 0.452051 0.000122
2 3 0.000060 0.001449 0.531097 0.467171 0.000223
2 3 0.000017 0.000348 0.648200 0.351429 0.000006
3 3 0.000041 0.000184 0.382007 0.617763 0.000006
2 3 0.000015 0.000213 0.734611 0.265160 0.000002
2 3 0.000012 0.000417 0.815453 0.184115 0.000003
2 3 0.000001 0.000055 0.665752 0.334192 0.000001
2 3 0.000017 0.002038 0.636003 0.361930 0.000012
3 3 0.000036 0.001660 0.169985 0.828252 0.000067
2 3 0.001108 0.012817 0.532775 0.452305 0.000995
3 3 0.000019 0.000025 0.019026 0.980928 0.000001
3 3 0.000049 0.000391 0.091113 0.908441 0.000005
3 3 0.000009 0.000055 0.089265 0.910671 0.000000
3 3 0.000039 0.000092 0.003730 0.996137 0.000003
3 3 0.000060 0.000511 0.082355 0.917062 0.000013
3 3 0.000054 0.000155 0.011129 0.988643 0.000020
3 3 0.001123 0.000276 0.021941 0.976652 0.000009
3 3 0.000334 0.000903 0.016710 0.982019 0.000034
3 3 0.000012 0.000141 0.113664 0.886181 0.000002
3 3 0.000835 0.001014 0.035813 0.962317 0.000021
3 3 0.000426 0.003632 0.325788 0.670054 0.000100
3 3 0.000604 0.001682 0.372533 0.625157 0.000024
3 3 0.001472 0.000853 0.017345 0.980323 0.000007
3 3 0.001652 0.003832 0.070185 0.924306 0.000024
3 3 0.000205 0.000614 0.002223 0.996942 0.000017
3 3 0.000030 0.000054 0.004322 0.995591 0.000003
3 3 0.000007 0.000266 0.073662 0.926045 0.000020
3 3 0.000055 0.000571 0.104730 0.894618 0.000026
3 3 0.001054 0.000281 0.017968 0.980692 0.000005
3 3 0.002635 0.001622 0.014557 0.981125 0.000061
3 3 0.057252 0.011409 0.021246 0.909731 0.000362
3 3 0.000188 0.000202 0.002907 0.996700 0.000003
3 3 0.000019 0.000033 0.001482 0.998465 0.000000
3 3 0.000047 0.000656 0.037968 0.961324 0.000006
3 3 0.000413 0.001138 0.039717 0.958709 0.000023
3 3 0.000131 0.000323 0.005521 0.994021 0.000004
3 3 0.002938 0.000898 0.004914 0.991237 0.000012
3 3 0.000818 0.000646 0.004525 0.993995 0.000016
3 3 0.000131 0.000373 0.003677 0.995807 0.000011
3 3 0.000599 0.000173 0.013565 0.985658 0.000004
3 3 0.001060 0.002904 0.018137 0.977525 0.000374
3 3 0.000352 0.001114 0.005440 0.992990 0.000105
3 3 0.000110 0.000237 0.002599 0.997049 0.000005
3 3 0.034261 0.016888 0.004619 0.943933 0.000300
3 3 0.002920 0.000834 0.002278 0.993961 0.000007
3 3 0.001393 0.001623 0.003365 0.993587 0.000032
3 3 0.002340 0.003934 0.035858 0.957855 0.000013
3 3 0.013366 0.055617 0.108585 0.822216 0.000215
3 3 0.000978 0.000993 0.004718 0.993288 0.000024
3 3 0.000545 0.000378 0.006942 0.992127 0.000009
3 3 0.000225 0.000169 0.008867 0.990734 0.000004
3 3 0.000054 0.000591 0.355753 0.643600 0.000003
3 3 0.000087 0.001807 0.180125 0.817973 0.000009
3 3 0.000124 0.000056 0.006914 0.992906 0.000001
2 3 0.035605 0.015134 0.564650 0.374588 0.010022
3 3 0.247953 0.207352 0.056169 0.446678 0.041849
