0 4 0.569434 0.118164 0.093872 0.000400 0.218129
1 4 0.018808 0.442068 0.244348 0.000036 0.294740
2 4 0.081534 0.134773 0.553024 0.001707 0.228961
4 4 0.251356 0.107263 0.143120 0.000374 0.497887
4 4 0.090564 0.060896 0.138358 0.001405 0.708777
4 4 0.034331 0.172303 0.393511 0.000055 0.399800
4 4 0.155513 0.276224 0.129054 0.000097 0.439112
4 4 0.105208 0.366385 0.075565 0.000016 0.452826
1 4 0.125138 0.435096 0.060596 0.000020 0.379150
1 4 0.094824 0.423330 0.161365 0.000036 0.320445
2 4 0.078104 0.116233 0.574780 0.000787 0.230095
1 4 0.122531 0.509957 0.268114 0.000134 0.099264
2 4 0.050713 0.451475 0.478372 0.000441 0.018999
2 4 0.044377 0.358123 0.581177 0.000728 0.015595
2 4 0.069882 0.394288 0.515973 0.000518 0.019340
1 4 0.165470 0.525440 0.201756 0.000274 0.107060
0 4 0.425206 0.372966 0.114595 0.000511 0.086723
0 4 0.375206 0.257575 0.320145 0.000401 0.046672
0 0 0.896094 0.058151 0.011363 0.000127 0.034266
0 1 0.642825 0.259924 0.033930 0.000058 0.063263
1 1 0.261084 0.420345 0.177126 0.000014 0.141430
1 1 0.090179 0.630211 0.256105 0.000016 0.023490
2 1 0.017127 0.175278 0.804538 0.000047 0.003009
2 1 0.004320 0.132064 0.859903 0.000060 0.003652
2 2 0.003241 0.126717 0.848521 0.000600 0.020921
2 2 0.001712 0.104295 0.883614 0.000271 0.010108
2 2 0.000768 0.024020 0.971287 0.001193 0.002731
2 2 0.010716 0.074619 0.912627 0.000199 0.001839
2 2 0.046809 0.110363 0.836675 0.000221 0.005932
2 2 0.099719 0.153463 0.725962 0.001015 0.019840
2 2 0.000496 0.004004 0.743621 0.250816 0.001063
2 2 0.000094 0.002058 0.863435 0.134050 0.000363
2 2 0.000074 0.006142 0.992120 0.001508 0.000156
2 2 0.000286 0.005487 0.990062 0.003921 0.000243
2 2 0.000147 0.005239 0.986200 0.008159 0.000255
2 2 0.000118 0.003118 0.986600 0.009991 0.000173
2 2 0.000972 0.003735 0.806160 0.188203 0.000930
2 2 0.000534 0.001883 0.785003 0.212068 0.000512
2 3 0.000127 0.000632 0.869647 0.129461 0.000134
2 2 0.000205 0.001393 0.951494 0.046732 0.000177
2 3 0.000170 0.000759 0.580370 0.418394 0.000307
2 3 0.000252 0.000908 0.586443 0.412027 0.000370
2 3 0.000326 0.001504 0.546953 0.450590 0.000626
2 3 0.000277 0.002171 0.714892 0.282033 0.000627
3 3 0.000572 0.000478 0.135351 0.863042 0.000556
2 3 0.007310 0.018314 0.640064 0.328030 0.006282
3 3 0.004860 0.004153 0.279318 0.708502 0.003167
2 3 0.001091 0.002844 0.658503 0.336540 0.001023
2 3 0.000576 0.004757 0.861973 0.131786 0.000908
3 3 0.000392 0.000471 0.125675 0.872919 0.000544
3 3 0.000019 0.000024 0.006335 0.993524 0.000099
3 3 0.000357 0.000348 0.041752 0.956883 0.000660
3 3 0.000018 0.000021 0.011728 0.988163 0.000070
3 3 0.000364 0.000550 0.053913 0.944291 0.000882
3 3 0.000706 0.001941 0.258776 0.737189 0.001389
3 3 0.000115 0.000096 0.161381 0.838300 0.000108
3 3 0.000067 0.000066 0.047145 0.952597 0.000125
3 3 0.000352 0.000367 0.023773 0.974644 0.000863
3 3 0.000268 0.000272 0.030443 0.968430 0.000587
3 3 0.000039 0.000050 0.005080 0.994612 0.000220
3 3 0.000052 0.000096 0.049504 0.950183 0.000164
3 3 0.000265 0.000253 0.051993 0.947044 0.000444
3 3 0.000059 0.000055 0.065393 0.934401 0.000092
3 3 0.000163 0.000181 0.015416 0.983731 0.000509
3 3 0.000203 0.000211 0.025585 0.973511 0.000490
3 3 0.000108 0.000131 0.047693 0.951833 0.000236
3 3 0.000046 0.000058 0.005535 0.994112 0.000249
3 3 0.000929 0.000949 0.024033 0.971913 0.002176
3 3 0.000782 0.002582 0.294690 0.700273 0.001673
3 3 0.000218 0.000340 0.029293 0.969445 0.000705
3 3 0.000074 0.000081 0.018139 0.981487 0.000219
3 3 0.000019 0.000025 0.005392 0.994455 0.000109
3 3 0.000002 0.000002 0.001042 0.998933 0.000021
3 3 0.000008 0.000011 0.002998 0.996920 0.000063
3 3 0.000020 0.000023 0.010657 0.989220 0.000080
3 3 0.000020 0.000027 0.003691 0.996125 0.000137
3 3 0.000080 0.000097 0.007252 0.992201 0.000371
3 3 0.000141 0.000161 0.012116 0.987085 0.000498
3 3 0.000012 0.000016 0.020604 0.979324 0.000043
3 3 0.000122 0.000199 0.036865 0.962434 0.000380
3 3 0.000067 0.000082 0.006644 0.992881 0.000326
3 3 0.000091 0.000109 0.007941 0.991457 0.000401
3 3 0.000076 0.000085 0.016142 0.983458 0.000240
3 3 0.000252 0.000242 0.049283 0.949789 0.000434
3 3 0.000048 0.000056 0.012373 0.987347 0.000176
3 3 0.000441 0.000478 0.016761 0.981046 0.001273
3 3 0.003396 0.004474 0.064006 0.921752 0.006371
3 2 0.003681 0.010070 0.140686 0.836398 0.009165
2 3 0.065085 0.186498 0.488697 0.194402 0.065318
2 3 0.002977 0.036112 0.479612 0.468119 0.013180
3 3 0.060251 0.067539 0.362565 0.444417 0.065229
2 3 0.211181 0.140150 0.514844 0.071866 0.061958
2 2 0.007427 0.047981 0.884277 0.051610 0.008705
2 2 0.010466 0.077541 0.869088 0.033873 0.009032
2 2 0.012751 0.178090 0.802422 0.000584 0.006152
2 2 0.006070 0.082334 0.862495 0.040660 0.008441
2 2 0.008959 0.131441 0.791934 0.052526 0.015140
2 2 0.024045 0.145383 0.782029 0.026187 0.022355
2 2 0.008775 0.074593 0.866411 0.040454 0.009767
2 2 0.038464 0.146582 0.781713 0.013706 0.019536
2 2 0.138302 0.189636 0.547734 0.035062 0.089265
2 2 0.084501 0.099506 0.654809 0.111431 0.049753
1 2 0.065905 0.496188 0.391021 0.002306 0.044580
2 2 0.144884 0.255179 0.547772 0.010766 0.041399
2 2 0.026225 0.057528 0.908546 0.001928 0.005774
2 2 0.077205 0.334818 0.562376 0.001368 0.024233
2 2 0.091453 0.125109 0.756210 0.008523 0.018705
2 2 0.041053 0.221412 0.665289 0.035485 0.036762
1 2 0.139393 0.412303 0.399264 0.002199 0.046841
2 2 0.069287 0.107927 0.795986 0.008364 0.018437
2 2 0.033548 0.199682 0.740266 0.003335 0.023169
2 2 0.010515 0.290763 0.677030 0.002962 0.018730
1 2 0.042720 0.523970 0.397193 0.002796 0.033321
1 2 0.048615 0.585328 0.326802 0.001518 0.037736
1 2 0.047707 0.561109 0.352229 0.002264 0.036691
2 2 0.023545 0.436392 0.523527 0.000828 0.015708
2 2 0.010455 0.132416 0.843502 0.004469 0.009158
2 2 0.002818 0.038678 0.951588 0.004870 0.002046
2 2 0.079515 0.183699 0.723449 0.001088 0.012248
2 2 0.104574 0.157765 0.680204 0.022109 0.035347
2 2 0.095089 0.152664 0.721799 0.007736 0.022712
2 2 0.080794 0.357654 0.542947 0.000496 0.018109
2 2 0.053794 0.299117 0.625984 0.001722 0.019383
2 2 0.292871 0.262473 0.401926 0.003767 0.038963
0 2 0.521256 0.249254 0.160033 0.003902 0.065555
1 2 0.245371 0.459074 0.248171 0.000643 0.046741
1 2 0.248442 0.367683 0.335390 0.001250 0.047235
1 2 0.281568 0.532885 0.129932 0.000212 0.055403
1 2 0.090812 0.483989 0.377296 0.001258 0.046644
2 2 0.146171 0.333119 0.431182 0.003450 0.086077
1 2 0.302698 0.404516 0.242185 0.000554 0.050047
2 2 0.047083 0.254641 0.685836 0.000815 0.011625
2 2 0.042619 0.414273 0.525140 0.000336 0.017633
1 2 0.183964 0.564474 0.194719 0.000714 0.056128
2 2 0.321830 0.271534 0.361004 0.002585 0.043046
0 2 0.365595 0.269512 0.327488 0.000929 0.036476
2 2 0.080566 0.376780 0.523483 0.000450 0.018722
1 2 0.133868 0.695970 0.127465 0.000077 0.042619
1 2 0.163442 0.548363 0.244643 0.000433 0.043120
2 2 0.009966 0.303457 0.671245 0.001595 0.013737
1 2 0.205824 0.560046 0.210274 0.000015 0.023841
1 2 0.083738 0.579673 0.318185 0.000034 0.018369
2 2 0.017802 0.468736 0.507978 0.000008 0.005476
1 2 0.075099 0.579537 0.329636 0.000022 0.015707
1 2 0.169800 0.433089 0.378523 0.000046 0.018542
1 2 0.261333 0.563895 0.121598 0.000142 0.053031
2 2 0.116321 0.383853 0.465508 0.001460 0.032859
2 2 0.010532 0.178076 0.804945 0.000560 0.005887
1 2 0.120051 0.455615 0.396100 0.000440 0.027795
2 2 0.083121 0.223755 0.661395 0.005618 0.026111
2 2 0.018650 0.052195 0.911686 0.009141 0.008327
2 2 0.196832 0.239645 0.520853 0.005305 0.037365
2 2 0.119322 0.373756 0.492400 0.000070 0.014451
0 2 0.394195 0.377614 0.194084 0.000098 0.034009
1 2 0.050661 0.637266 0.290342 0.000096 0.021636
1 2 0.309764 0.472669 0.170016 0.000221 0.047330
1 2 0.156118 0.579668 0.219886 0.000346 0.043982
1 2 0.135292 0.526429 0.299451 0.000560 0.038268
2 2 0.056621 0.385661 0.546227 0.000084 0.011407
2 2 0.014140 0.057250 0.920046 0.003497 0.005068
2 2 0.071505 0.274009 0.617367 0.003660 0.033459
2 2 0.213627 0.225847 0.534012 0.001643 0.024871
2 2 0.084276 0.280592 0.607438 0.002844 0.024850
2 2 0.045428 0.089199 0.811304 0.035244 0.018825
2 2 0.020656 0.060781 0.893253 0.017520 0.007790
2 2 0.001135 0.013621 0.971459 0.012782 0.001004
2 2 0.015097 0.051398 0.892714 0.033655 0.007136
2 2 0.026380 0.118745 0.849363 0.000752 0.004759
2 2 0.024340 0.156411 0.809250 0.001523 0.008476
2 2 0.006903 0.107362 0.883832 0.000062 0.001841
2 2 0.043717 0.371695 0.563807 0.000709 0.020072
2 2 0.033367 0.405366 0.532148 0.002247 0.026871
2 2 0.052314 0.151176 0.782482 0.001897 0.012131
2 2 0.002139 0.022487 0.969899 0.004195 0.001281
2 2 0.000702 0.040738 0.957613 0.000349 0.000598
2 2 0.086002 0.322640 0.568101 0.001533 0.021724
2 2 0.011072 0.091066 0.867590 0.014896 0.015376
2 2 0.002655 0.021885 0.966573 0.007639 0.001247
2 2 0.001736 0.010369 0.969645 0.017396 0.000854
2 2 0.138141 0.135339 0.717269 0.000461 0.008790
2 2 0.000309 0.005028 0.982407 0.011899 0.000357
2 2 0.000116 0.003431 0.995111 0.001263 0.000080
2 2 0.000359 0.006870 0.990121 0.002434 0.000216
2 2 0.000459 0.020511 0.977263 0.000651 0.001116
2 2 0.028909 0.259204 0.702042 0.000396 0.009448
2 2 0.043441 0.346880 0.587873 0.000359 0.021447
2 2 0.130541 0.157709 0.670257 0.004945 0.036549
2 2 0.078141 0.246252 0.642331 0.000406 0.032869
2 2 0.012717 0.067382 0.911642 0.002102 0.006158
2 2 0.029302 0.077611 0.886256 0.001043 0.005788
2 2 0.053205 0.330917 0.599375 0.000302 0.016201
0 2 0.357675 0.168932 0.212847 0.008030 0.252516
0 4 0.328613 0.322255 0.302887 0.000373 0.045872
1 4 0.300968 0.404249 0.241035 0.000094 0.053654
1 4 0.379488 0.484912 0.073029 0.000119 0.062452
1 4 0.301267 0.500768 0.132684 0.000501 0.064780
1 4 0.129274 0.516317 0.286002 0.003369 0.065038
1 4 0.151160 0.429862 0.379447 0.001446 0.038085
2 4 0.131971 0.299507 0.549738 0.000229 0.018556
1 4 0.241048 0.529373 0.190789 0.000104 0.038686
0 4 0.610488 0.179555 0.167348 0.000371 0.042238
0 4 0.849284 0.096194 0.014917 0.000101 0.039503
0 0 0.526324 0.363709 0.069970 0.000025 0.039972
0 4 0.402239 0.304721 0.232722 0.000873 0.059446
2 4 0.135610 0.357171 0.485770 0.000143 0.021306
1 4 0.322931 0.445847 0.195541 0.000013 0.035669
0 4 0.517426 0.294300 0.140499 0.000035 0.047741
0 4 0.848663 0.100896 0.029193 0.000017 0.021231
0 4 0.791627 0.131918 0.034730 0.000191 0.041534
1 4 0.164636 0.583824 0.159958 0.000038 0.091544
1 4 0.211828 0.432735 0.310967 0.000215 0.044254
1 4 0.337027 0.489911 0.117428 0.000183 0.055450
1 4 0.349493 0.479059 0.138204 0.000025 0.033219
0 1 0.781433 0.124446 0.062772 0.000156 0.031193
0 0 0.906109 0.045602 0.030662 0.000093 0.017534
0 1 0.394965 0.220131 0.340256 0.001876 0.042773
2 1 0.242066 0.280601 0.411972 0.007949 0.057412
1 1 0.357362 0.363420 0.232080 0.000456 0.046682
0 1 0.664227 0.195924 0.099425 0.000311 0.040113
0 0 0.706429 0.162866 0.101873 0.000128 0.028704
1 1 0.243742 0.496295 0.233359 0.000035 0.026569
2 1 0.181631 0.234195 0.568834 0.000305 0.015036
2 1 0.116795 0.178052 0.696182 0.000147 0.008825
0 1 0.489767 0.257926 0.219053 0.000281 0.032974
0 1 0.405131 0.318753 0.222493 0.000671 0.052953
1 1 0.306655 0.463963 0.184486 0.000214 0.044681
2 1 0.028956 0.119471 0.841283 0.001551 0.008739
2 1 0.132937 0.244782 0.595543 0.001957 0.024780
1 0 0.318606 0.359730 0.273989 0.000418 0.047258
1 1 0.217459 0.484935 0.235707 0.000078 0.061821
2 1 0.076635 0.378856 0.524597 0.000425 0.019487
2 1 0.068664 0.344574 0.568520 0.000409 0.017832
2 4 0.108084 0.292026 0.583005 0.000477 0.016408
2 2 0.003134 0.031014 0.963115 0.001396 0.001341
2 2 0.036925 0.094664 0.861401 0.001510 0.005499
2 2 0.033177 0.184848 0.774248 0.000614 0.007112
2 2 0.000925 0.042022 0.955258 0.000660 0.001136
2 2 0.016763 0.088796 0.890175 0.000435 0.003831
2 2 0.077459 0.109741 0.803345 0.000454 0.009002
2 2 0.035295 0.117369 0.841874 0.000322 0.005141
2 2 0.011200 0.067505 0.916362 0.001274 0.003659
2 2 0.098541 0.093795 0.797273 0.002102 0.008289
2 2 0.030361 0.138337 0.826317 0.000336 0.004649
2 2 0.027118 0.135354 0.825866 0.002247 0.009415
2 2 0.067525 0.288073 0.629500 0.000584 0.014317
2 2 0.001220 0.019814 0.972921 0.005156 0.000889
2 2 0.002393 0.028531 0.967739 0.000540 0.000797
2 2 0.061742 0.137512 0.787972 0.002966 0.009808
2 2 0.113008 0.185576 0.681627 0.003191 0.016599
2 2 0.049121 0.111098 0.830920 0.001031 0.007829
2 2 0.045202 0.111576 0.825175 0.005660 0.012387
2 2 0.085254 0.184707 0.716260 0.001394 0.012385
2 2 0.178436 0.362461 0.424954 0.001129 0.033020
2 2 0.171849 0.181368 0.610125 0.009328 0.027330
2 2 0.003134 0.013264 0.948649 0.033215 0.001738
2 2 0.001343 0.015326 0.969481 0.012851 0.000998
2 2 0.009792 0.082037 0.904294 0.000786 0.003091
2 2 0.227741 0.355449 0.382284 0.000880 0.033645
0 2 0.412355 0.259485 0.301901 0.000205 0.026053
2 2 0.263689 0.302155 0.415385 0.000103 0.018668
2 2 0.011270 0.153837 0.829575 0.000512 0.004807
2 2 0.020102 0.065173 0.903097 0.005920 0.005708
2 2 0.068532 0.292505 0.615862 0.002318 0.020783
2 2 0.018230 0.330095 0.644870 0.000106 0.006698
2 2 0.066441 0.275845 0.644561 0.000414 0.012741
2 2 0.121676 0.082356 0.779464 0.004120 0.012384
2 2 0.165668 0.193265 0.617106 0.002459 0.021502
2 2 0.034521 0.114895 0.830106 0.007975 0.012504
2 2 0.077090 0.301526 0.601202 0.000759 0.019422
2 2 0.232602 0.297206 0.412027 0.004352 0.053813
0 2 0.444730 0.254739 0.275179 0.000105 0.025247
0 2 0.596447 0.261546 0.096045 0.000219 0.045743
1 1 0.168868 0.614555 0.179079 0.000084 0.037414
1 1 0.251629 0.405959 0.309945 0.000266 0.032202
2 2 0.085587 0.220653 0.678767 0.000596 0.014397
2 2 0.101985 0.186109 0.676973 0.007145 0.027787
2 2 0.002718 0.034002 0.927041 0.032839 0.003400
2 2 0.012925 0.055933 0.918488 0.008102 0.004551
2 2 0.161804 0.212964 0.582871 0.006994 0.035367
1 2 0.242638 0.413534 0.311226 0.000270 0.032332
2 2 0.146327 0.133143 0.698533 0.003911 0.018086
2 2 0.194670 0.195545 0.592574 0.000831 0.016380
0 1 0.693245 0.057012 0.218080 0.004523 0.027141
0 0 0.865294 0.065588 0.028886 0.000436 0.039795
0 1 0.579471 0.280088 0.125966 0.000002 0.014473
0 1 0.522762 0.350452 0.102890 0.000006 0.023890
1 1 0.204905 0.491177 0.275223 0.000088 0.028607
1 1 0.090614 0.444447 0.442407 0.000330 0.022202
0 1 0.559678 0.315269 0.089873 0.000033 0.035147
0 1 0.909189 0.046860 0.020850 0.000073 0.023028
2 1 0.323583 0.285720 0.356779 0.000374 0.033544
2 1 0.047720 0.147238 0.796728 0.000882 0.007432
2 1 0.267240 0.237702 0.470891 0.000552 0.023614
0 1 0.396105 0.332573 0.237471 0.000179 0.033671
1 2 0.311732 0.400874 0.244108 0.000474 0.042812
2 2 0.121494 0.289247 0.571050 0.000437 0.017772
1 2 0.219912 0.500645 0.247357 0.000101 0.031985
1 2 0.100722 0.456612 0.425728 0.000069 0.016870
2 2 0.092692 0.348828 0.531855 0.001505 0.025121
2 2 0.103097 0.359754 0.515379 0.000207 0.021563
2 2 0.078697 0.047626 0.846247 0.015143 0.012287
2 2 0.014472 0.061905 0.912724 0.005318 0.005581
2 2 0.003245 0.057913 0.936873 0.000578 0.001391
2 2 0.018382 0.081894 0.892370 0.002448 0.004907
2 2 0.001494 0.040225 0.957316 0.000225 0.000739
2 2 0.020837 0.262481 0.707859 0.000589 0.008234
2 2 0.027079 0.209633 0.752309 0.000806 0.010172
2 2 0.001487 0.019203 0.971544 0.006465 0.001301
2 2 0.000141 0.003864 0.990877 0.004940 0.000178
2 2 0.000669 0.009344 0.975521 0.013831 0.000636
2 2 0.048843 0.285773 0.653483 0.000205 0.011697
2 2 0.041509 0.220471 0.730654 0.000212 0.007155
2 2 0.016737 0.163643 0.815708 0.000171 0.003740
2 2 0.151261 0.407248 0.409666 0.000799 0.031027
1 2 0.243556 0.370823 0.340638 0.001722 0.043261
1 2 0.220256 0.383280 0.369122 0.000251 0.027091
0 2 0.780276 0.049897 0.154372 0.000809 0.014646
0 0 0.932483 0.032606 0.020418 0.000083 0.014410
0 0 0.909289 0.047342 0.016762 0.000237 0.026369
0 0 0.935273 0.022672 0.024727 0.000138 0.017191
0 0 0.692678 0.074424 0.158729 0.015039 0.059130
0 0 0.901431 0.033101 0.038810 0.000508 0.026151
0 0 0.963319 0.020482 0.005688 0.000011 0.010500
0 0 0.978466 0.011600 0.003796 0.000003 0.006135
0 0 0.878486 0.050447 0.055922 0.000075 0.015070
0 0 0.857064 0.083103 0.043514 0.000020 0.016298
0 0 0.553888 0.147441 0.283306 0.000092 0.015273
0 0 0.467514 0.263990 0.240235 0.000100 0.028160
0 4 0.327286 0.305366 0.319216 0.000588 0.047544
2 4 0.150341 0.231776 0.562731 0.000145 0.055007
0 4 0.676124 0.154858 0.136526 0.000090 0.032403
0 4 0.400917 0.197457 0.267790 0.004021 0.129816
4 4 0.094995 0.176598 0.079528 0.000562 0.648317
4 4 0.219068 0.178516 0.066558 0.000102 0.535756
4 4 0.206305 0.127371 0.012808 0.000027 0.653490
4 4 0.162655 0.124684 0.012776 0.000023 0.699862
4 4 0.106429 0.050938 0.004243 0.000008 0.838381
4 4 0.022259 0.019721 0.064103 0.002086 0.891831
4 4 0.020789 0.015975 0.113084 0.008425 0.841726
4 4 0.183250 0.061129 0.079082 0.001284 0.675255
4 4 0.382728 0.028955 0.074607 0.000204 0.513507
0 4 0.516892 0.047713 0.080388 0.001290 0.353717
4 4 0.223988 0.052129 0.042133 0.000183 0.681567
4 4 0.307573 0.072761 0.079238 0.000579 0.539849
4 4 0.077398 0.028676 0.011944 0.000060 0.881923
4 4 0.312751 0.032384 0.008467 0.000071 0.646327
4 4 0.376670 0.045094 0.008347 0.000060 0.569829
4 4 0.201245 0.093570 0.024935 0.000003 0.680247
0 4 0.375932 0.247333 0.143850 0.000069 0.232816
0 4 0.663912 0.090653 0.051128 0.000042 0.194265
4 4 0.237432 0.035300 0.019540 0.000098 0.707631
4 4 0.118894 0.098979 0.041488 0.000227 0.740412
2 4 0.183936 0.105303 0.449164 0.001528 0.260068
4 4 0.129782 0.055165 0.087740 0.001186 0.726126
4 4 0.217607 0.132141 0.113412 0.002945 0.533896
0 4 0.639050 0.072586 0.055965 0.000192 0.232207
0 4 0.466742 0.058486 0.064904 0.000341 0.409527
0 4 0.570916 0.136465 0.056393 0.000032 0.236194
4 4 0.312007 0.097934 0.066407 0.000378 0.523275
4 4 0.032908 0.045202 0.024745 0.000030 0.897115
4 4 0.068136 0.043385 0.026908 0.000126 0.861445
4 4 0.009013 0.006971 0.006347 0.000086 0.977584
4 4 0.226167 0.017025 0.026450 0.001691 0.728667
4 4 0.421154 0.020102 0.002261 0.000004 0.556479
4 4 0.099701 0.055816 0.008064 0.000019 0.836400
2 4 0.040090 0.380768 0.382983 0.000032 0.196126
4 4 0.093529 0.318728 0.108498 0.000103 0.479142
0 4 0.564466 0.106270 0.063789 0.000298 0.265177
4 4 0.130647 0.123237 0.111946 0.004143 0.630028
0 4 0.451075 0.090683 0.014047 0.000162 0.444034
4 4 0.364471 0.040415 0.045434 0.000314 0.549366
4 4 0.238157 0.043505 0.210527 0.001745 0.506066
4 4 0.282391 0.023195 0.005524 0.000029 0.688860
0 4 0.707553 0.040470 0.002496 0.000006 0.249476
0 4 0.539976 0.034562 0.001936 0.000002 0.423524
4 4 0.151559 0.101902 0.011590 0.000023 0.734926
4 4 0.003698 0.346050 0.259830 0.000028 0.390394
2 4 0.015530 0.286596 0.540363 0.000200 0.157311
1 4 0.033862 0.450570 0.246335 0.000022 0.269210
0 4 0.460089 0.228995 0.098661 0.000090 0.212165
2 4 0.013902 0.116132 0.795589 0.000279 0.074098
2 4 0.003225 0.153586 0.768377 0.000059 0.074753
2 4 0.175557 0.350801 0.397282 0.000169 0.076191
2 4 0.071630 0.335754 0.488134 0.000235 0.104247
2 4 0.213315 0.225971 0.470501 0.007302 0.082911
1 4 0.189567 0.452952 0.256515 0.000497 0.100468
2 1 0.077960 0.413366 0.488326 0.000233 0.020114
1 4 0.033264 0.456341 0.414834 0.000529 0.095032
2 4 0.009071 0.271457 0.657543 0.000040 0.061888
4 4 0.007340 0.242017 0.344916 0.000056 0.405671
1 4 0.013724 0.422415 0.262730 0.000041 0.301091
2 4 0.000577 0.132714 0.796726 0.000266 0.069716
2 4 0.004509 0.072472 0.889567 0.003795 0.029658
2 4 0.005396 0.135220 0.777030 0.002408 0.079945
1 4 0.014167 0.462722 0.431801 0.000091 0.091218
2 4 0.009839 0.183676 0.777881 0.000236 0.028368
2 4 0.038630 0.117656 0.761904 0.026179 0.055631
2 4 0.012011 0.101492 0.866831 0.002869 0.016798
2 4 0.012236 0.143770 0.673131 0.002367 0.168497
4 4 0.019156 0.078091 0.193300 0.000402 0.709052
2 4 0.104266 0.317340 0.515758 0.000131 0.062505
2 4 0.011316 0.289458 0.638892 0.000041 0.060293
2 4 0.011356 0.216828 0.710551 0.000150 0.061115
2 4 0.003497 0.210388 0.750767 0.000086 0.035262
1 4 0.202794 0.336746 0.331034 0.000982 0.128445
1 4 0.266728 0.312523 0.138386 0.000811 0.281552
1 4 0.035938 0.530441 0.277841 0.000030 0.155749
1 4 0.156974 0.511765 0.306678 0.000069 0.024513
0 0 0.546503 0.234552 0.186845 0.000231 0.031869
2 4 0.056481 0.396781 0.531675 0.000021 0.015042
2 4 0.055417 0.366592 0.368158 0.000236 0.209597
1 4 0.122045 0.505855 0.123346 0.000301 0.248453
1 4 0.043370 0.624481 0.176488 0.000047 0.155615
1 4 0.225500 0.512584 0.143821 0.000293 0.117802
1 4 0.099104 0.462171 0.331014 0.000155 0.107556
1 4 0.140612 0.500147 0.279935 0.000356 0.078950
0 4 0.350242 0.221460 0.335565 0.001150 0.091583
4 4 0.145960 0.236112 0.191030 0.000277 0.426621
2 1 0.045501 0.313708 0.608797 0.000706 0.031288
2 1 0.109455 0.231394 0.458406 0.009159 0.191586
2 1 0.022968 0.121994 0.801964 0.005687 0.047387
2 2 0.019623 0.125706 0.783925 0.004324 0.066422
2 2 0.019029 0.376371 0.537688 0.000052 0.066860
2 4 0.291424 0.063356 0.584631 0.001313 0.059277
0 4 0.389646 0.119694 0.326300 0.001218 0.163143
0 0 0.549008 0.109251 0.178067 0.000390 0.163283
2 1 0.079161 0.251154 0.659204 0.000203 0.010278
2 2 0.008331 0.186700 0.797921 0.001016 0.006032
0 2 0.412925 0.343153 0.189269 0.000406 0.054247
0 1 0.672053 0.250956 0.026104 0.000036 0.050851
2 2 0.004573 0.047579 0.931469 0.011199 0.005179
2 2 0.024725 0.120368 0.816537 0.024020 0.014350
2 2 0.002852 0.035878 0.958555 0.001291 0.001424
2 2 0.018799 0.167573 0.803849 0.000101 0.009678
2 2 0.007578 0.074871 0.911277 0.000601 0.005673
2 2 0.002350 0.021863 0.972654 0.002118 0.001014
2 2 0.005003 0.010361 0.976381 0.007366 0.000889
2 2 0.003433 0.011774 0.898367 0.084447 0.001980
2 1 0.081558 0.038494 0.792617 0.079339 0.007992
1 2 0.007933 0.572315 0.405079 0.000658 0.014015
2 2 0.000007 0.001094 0.995115 0.003658 0.000125
2 2 0.000146 0.011013 0.987437 0.000680 0.000725
2 2 0.000357 0.012719 0.985527 0.001037 0.000360
2 2 0.002701 0.019106 0.920037 0.055624 0.002532
2 2 0.002820 0.021262 0.967336 0.007097 0.001485
2 2 0.000459 0.007828 0.960561 0.030426 0.000726
2 2 0.003790 0.038953 0.698136 0.233881 0.025239
2 2 0.001949 0.036461 0.927598 0.030316 0.003677
2 2 0.008237 0.203731 0.778434 0.000562 0.009036
2 2 0.010678 0.178384 0.798581 0.000257 0.012099
2 2 0.000033 0.003062 0.996577 0.000219 0.000110
2 2 0.000051 0.004464 0.995108 0.000301 0.000076
2 2 0.001078 0.047812 0.950028 0.000106 0.000977
1 2 0.046623 0.481007 0.433250 0.004317 0.034804
0 2 0.558276 0.304951 0.089426 0.000141 0.047205
0 2 0.355865 0.332985 0.195686 0.012060 0.103403
1 2 0.032525 0.540975 0.400249 0.001175 0.025075
2 2 0.014173 0.246488 0.730375 0.001139 0.007824
2 2 0.019292 0.180289 0.788494 0.001630 0.010295
2 2 0.000804 0.015988 0.978822 0.003594 0.000792
2 2 0.001595 0.009911 0.798796 0.187068 0.002630
2 2 0.006123 0.012535 0.519784 0.456041 0.005517
2 2 0.150118 0.218338 0.587684 0.013394 0.030466
0 2 0.494314 0.274392 0.141840 0.006859 0.082596
1 2 0.189286 0.427047 0.326848 0.003613 0.053206
2 2 0.072999 0.401560 0.478345 0.000374 0.046722
1 2 0.331774 0.386230 0.220945 0.000842 0.060209
2 2 0.058477 0.129000 0.788495 0.008875 0.015153
2 2 0.019871 0.147722 0.812969 0.008667 0.010770
2 2 0.001718 0.033688 0.913147 0.045287 0.006161
2 2 0.000435 0.008852 0.976630 0.013525 0.000559
2 2 0.004952 0.027067 0.949633 0.016030 0.002318
2 2 0.002680 0.028825 0.886946 0.077516 0.004033
2 2 0.002003 0.024429 0.957820 0.014119 0.001628
2 2 0.000758 0.002632 0.746925 0.248912 0.000773
2 2 0.002911 0.006112 0.844625 0.144714 0.001638
2 2 0.000423 0.003300 0.942813 0.053039 0.000425
2 2 0.001544 0.004905 0.775884 0.216337 0.001330
2 2 0.000312 0.001935 0.760943 0.236288 0.000522
2 2 0.002937 0.039292 0.927158 0.027218 0.003395
2 2 0.000572 0.003015 0.563542 0.431693 0.001178
2 2 0.002056 0.010090 0.734135 0.250685 0.003033
2 2 0.002362 0.018252 0.906222 0.070602 0.002562
2 2 0.001576 0.009319 0.756912 0.229663 0.002531
2 2 0.001134 0.006669 0.611588 0.378299 0.002309
2 2 0.000714 0.003669 0.761038 0.233591 0.000988
2 2 0.000372 0.001817 0.566519 0.430567 0.000724
2 2 0.000259 0.000708 0.558533 0.440187 0.000314
2 2 0.000817 0.003337 0.655428 0.339275 0.001143
3 2 0.001317 0.002138 0.133366 0.860953 0.002226
3 3 0.004426 0.006398 0.081313 0.899801 0.008061
2 3 0.005995 0.029945 0.528886 0.423957 0.011218
2 2 0.002311 0.020313 0.696560 0.275380 0.005437
2 2 0.007091 0.098139 0.837965 0.043030 0.013775
2 2 0.007410 0.029621 0.837700 0.119611 0.005657
2 2 0.030262 0.102643 0.767476 0.080030 0.019590
2 2 0.090308 0.081055 0.406647 0.364174 0.057817
2 2 0.010661 0.135440 0.771421 0.063009 0.019469
2 2 0.000106 0.007528 0.987782 0.004327 0.000258
2 2 0.000226 0.011311 0.979071 0.008528 0.000863
2 2 0.047318 0.046139 0.577122 0.302194 0.027226
2 2 0.003998 0.013686 0.745383 0.233189 0.003744
2 2 0.017093 0.070008 0.876076 0.028046 0.008777
2 2 0.004829 0.034329 0.723066 0.229303 0.008474
2 2 0.013682 0.045245 0.811317 0.120620 0.009136
2 2 0.025195 0.109499 0.755465 0.088132 0.021708
2 2 0.016402 0.071325 0.728182 0.163797 0.020294
2 2 0.024877 0.117440 0.828919 0.015040 0.013723
2 2 0.014585 0.055743 0.874863 0.044999 0.009810
2 2 0.001077 0.007609 0.881670 0.108310 0.001333
2 2 0.017317 0.061810 0.798727 0.101726 0.020421
2 2 0.001517 0.006539 0.861554 0.129072 0.001319
2 2 0.002926 0.012842 0.881878 0.100089 0.002264
2 2 0.002772 0.010850 0.931161 0.053743 0.001475
2 2 0.003343 0.010152 0.809184 0.174459 0.002862
2 2 0.002050 0.048169 0.937353 0.009553 0.002875
2 2 0.018634 0.230786 0.710058 0.017833 0.022689
2 2 0.012306 0.058967 0.905837 0.016382 0.006507
2 2 0.001721 0.010099 0.832350 0.153698 0.002132
2 2 0.000091 0.000896 0.805128 0.193673 0.000212
2 2 0.005360 0.029175 0.617463 0.336627 0.011374
2 2 0.001083 0.002899 0.633977 0.360955 0.001086
3 3 0.001520 0.004616 0.478786 0.512911 0.002167
2 3 0.005241 0.019895 0.754466 0.215271 0.005127
2 2 0.002285 0.028729 0.903047 0.062352 0.003587
2 2 0.005343 0.013880 0.502879 0.471806 0.006092
0 2 0.345509 0.234327 0.247153 0.050508 0.122504
2 2 0.135569 0.249933 0.524391 0.036986 0.053121
2 2 0.070205 0.196180 0.641888 0.045595 0.046131
2 2 0.001518 0.030193 0.953850 0.010344 0.004095
2 2 0.000640 0.017998 0.975671 0.004943 0.000748
2 2 0.042436 0.090597 0.847383 0.008259 0.011325
2 2 0.004339 0.080765 0.906829 0.003796 0.004272
2 2 0.029224 0.072230 0.878251 0.009505 0.010790
2 2 0.020201 0.115872 0.855697 0.002172 0.006058
2 2 0.004521 0.056146 0.914010 0.020456 0.004867
2 2 0.008976 0.034311 0.870120 0.080280 0.006312
2 2 0.002383 0.015969 0.880574 0.098422 0.002651
2 2 0.006788 0.040959 0.933920 0.015296 0.003038
2 2 0.131355 0.209864 0.606688 0.010092 0.042001
2 2 0.002127 0.015287 0.927461 0.052878 0.002248
2 2 0.001401 0.026811 0.963956 0.006596 0.001235
2 2 0.016680 0.042873 0.930876 0.006552 0.003019
2 1 0.040938 0.332306 0.609213 0.000502 0.017041
1 2 0.149549 0.579409 0.169900 0.000621 0.100521
1 2 0.184160 0.529667 0.175336 0.001254 0.109583
1 2 0.292695 0.400301 0.182659 0.007224 0.117122
2 1 0.011623 0.403934 0.574601 0.000158 0.009684
2 1 0.011400 0.322691 0.615005 0.000114 0.050790
1 4 0.037032 0.651572 0.120880 0.000004 0.190511
1 4 0.165775 0.565976 0.218485 0.000265 0.049499
1 4 0.053598 0.605747 0.307250 0.000131 0.033274
1 4 0.034336 0.535934 0.407437 0.000174 0.022119
2 1 0.020596 0.275401 0.693862 0.000260 0.009881
2 1 0.028345 0.310229 0.652782 0.000178 0.008465
2 2 0.020827 0.349788 0.599521 0.000209 0.029656
2 4 0.079214 0.379176 0.517911 0.000553 0.023147
1 4 0.186119 0.522912 0.236326 0.001050 0.053593
1 4 0.163889 0.480310 0.267153 0.004727 0.083921
0 4 0.433366 0.293123 0.163277 0.001460 0.108773
1 1 0.123663 0.539661 0.317807 0.000023 0.018847
1 1 0.047662 0.562581 0.373653 0.000067 0.016038
2 1 0.125219 0.337894 0.514526 0.000634 0.021727
2 1 0.335265 0.276652 0.363152 0.000271 0.024660
0 4 0.567578 0.197514 0.049444 0.000091 0.185373
1 4 0.143646 0.432935 0.210504 0.000286 0.212628
2 2 0.018327 0.304158 0.599677 0.001042 0.076797
2 4 0.000656 0.009202 0.982950 0.006740 0.000453
2 2 0.010970 0.054253 0.926037 0.004130 0.004610
2 2 0.049785 0.280822 0.655533 0.000730 0.013129
2 2 0.057494 0.117037 0.816068 0.000853 0.008548
2 2 0.007983 0.040491 0.947675 0.001813 0.002038
2 2 0.077929 0.303974 0.592624 0.002944 0.022529
1 2 0.107972 0.581531 0.271638 0.000476 0.038383
2 2 0.115464 0.401478 0.462075 0.000258 0.020724
2 2 0.152261 0.181170 0.655929 0.000249 0.010391
2 2 0.023613 0.213047 0.755774 0.000561 0.007005
2 2 0.006160 0.228877 0.762029 0.000052 0.002882
2 2 0.044750 0.359584 0.583850 0.000191 0.011625
2 2 0.109992 0.345266 0.521802 0.000588 0.022352
2 2 0.001309 0.014821 0.982181 0.001062 0.000628
2 2 0.001864 0.013527 0.981984 0.002021 0.000604
2 2 0.003287 0.079420 0.915867 0.000227 0.001200
2 2 0.002126 0.058165 0.939142 0.000037 0.000530
2 2 0.028361 0.143996 0.824564 0.000047 0.003032
2 2 0.009448 0.112518 0.872080 0.001470 0.004484
2 2 0.008088 0.062987 0.925937 0.000885 0.002103
2 2 0.032670 0.310823 0.640439 0.001577 0.014491
2 2 0.045471 0.247363 0.691930 0.001133 0.014103
2 2 0.013430 0.076756 0.899303 0.004748 0.005764
2 2 0.006764 0.004352 0.959514 0.028803 0.000568
2 0 0.003146 0.253579 0.739773 0.000115 0.003387
1 1 0.230915 0.557591 0.146599 0.000591 0.064305
1 2 0.223907 0.357024 0.345640 0.003716 0.069713
2 1 0.017311 0.192944 0.758573 0.001149 0.030023
2 2 0.012568 0.162288 0.737234 0.006481 0.081429
2 2 0.044387 0.330975 0.559585 0.000259 0.064793
2 2 0.121714 0.350746 0.458335 0.002592 0.066613
2 2 0.007281 0.068625 0.905730 0.001868 0.016497
2 2 0.098442 0.266507 0.583594 0.000315 0.051142
2 1 0.111668 0.385176 0.454370 0.000364 0.048423
1 2 0.071340 0.471853 0.251154 0.000093 0.205560
2 2 0.068151 0.404332 0.414948 0.000887 0.111682
1 2 0.080360 0.512904 0.359643 0.000064 0.047028
2 2 0.028133 0.409925 0.531202 0.000130 0.030610
2 2 0.003434 0.136193 0.847994 0.000592 0.011787
2 2 0.021516 0.385115 0.566013 0.000136 0.027220
2 2 0.075645 0.222407 0.681568 0.002494 0.017885
2 2 0.047335 0.150438 0.792115 0.001579 0.008533
2 2 0.013279 0.057624 0.926680 0.000506 0.001911
2 2 0.075027 0.088519 0.817512 0.004909 0.014033
1 2 0.071223 0.473419 0.428050 0.000802 0.026506
2 2 0.048949 0.216648 0.709336 0.003921 0.021145
2 2 0.063346 0.225767 0.697341 0.001105 0.012440
2 2 0.022318 0.203131 0.767228 0.000615 0.006708
1 1 0.108446 0.543076 0.312471 0.000541 0.035466
2 1 0.042470 0.395364 0.546122 0.000484 0.015561
2 2 0.023115 0.292337 0.674031 0.000689 0.009828
2 2 0.000725 0.015219 0.979966 0.003422 0.000667
2 2 0.000143 0.003404 0.993804 0.002540 0.000108
1 2 0.124738 0.582117 0.276375 0.000009 0.016760
2 2 0.031212 0.330533 0.631320 0.000050 0.006886
2 2 0.057028 0.297613 0.632630 0.000364 0.012365
2 2 0.048427 0.245127 0.679944 0.005512 0.020989
2 2 0.023236 0.110858 0.850853 0.006065 0.008988
2 2 0.019189 0.097130 0.875390 0.002613 0.005678
2 2 0.089347 0.095935 0.794921 0.006193 0.013603
2 2 0.017398 0.112744 0.863540 0.000878 0.005440
2 2 0.317542 0.282222 0.373631 0.000380 0.026225
2 2 0.059664 0.209167 0.718518 0.000833 0.011818
2 2 0.042514 0.198060 0.749247 0.000675 0.009504
2 4 0.345405 0.262258 0.365223 0.000450 0.026664
0 4 0.787745 0.125337 0.053561 0.000178 0.033180
1 4 0.161712 0.471496 0.339835 0.000159 0.026798
1 4 0.101216 0.525594 0.345524 0.000254 0.027413
2 4 0.222270 0.337198 0.411906 0.000558 0.028068
2 4 0.211324 0.360042 0.393006 0.000903 0.034724
1 4 0.323058 0.379398 0.259339 0.000349 0.037856
2 4 0.078640 0.434056 0.473170 0.000065 0.014069
2 4 0.078594 0.437433 0.469421 0.000071 0.014482
0 4 0.680299 0.185502 0.115865 0.000014 0.018319
0 4 0.597594 0.259108 0.103583 0.000112 0.039603
1 4 0.152140 0.544219 0.251042 0.000685 0.051914
1 4 0.225853 0.609064 0.110098 0.000133 0.054852
1 4 0.027269 0.716040 0.234484 0.000126 0.022081
1 4 0.077015 0.579321 0.319264 0.000138 0.024262
2 4 0.077485 0.415025 0.492055 0.000123 0.015312
2 4 0.364764 0.239085 0.367660 0.000617 0.027874
2 4 0.090500 0.263735 0.631452 0.000409 0.013903
2 4 0.030118 0.210477 0.751385 0.000533 0.007487
2 4 0.284004 0.307046 0.373426 0.000641 0.034883
1 4 0.093958 0.443201 0.439968 0.000334 0.022538
2 4 0.009432 0.364346 0.609332 0.000175 0.016715
2 4 0.020008 0.234678 0.717337 0.000356 0.027621
2 4 0.001444 0.209953 0.769381 0.000102 0.019120
2 4 0.003539 0.126569 0.846861 0.000606 0.022425
2 4 0.006893 0.227773 0.735912 0.000042 0.029380
2 4 0.011768 0.371142 0.556970 0.000120 0.060000
2 4 0.003787 0.268738 0.716884 0.000007 0.010584
1 4 0.007870 0.455757 0.438557 0.000011 0.097804
4 4 0.176873 0.053539 0.082445 0.014064 0.673079
0 4 0.551490 0.075290 0.035707 0.002247 0.335267
4 4 0.397857 0.060569 0.028160 0.000478 0.512937
4 4 0.294706 0.074429 0.025731 0.000102 0.605032
4 4 0.257443 0.111984 0.064559 0.000147 0.565868
0 4 0.504939 0.264977 0.085700 0.000005 0.144379
4 4 0.134639 0.371908 0.053759 0.000008 0.439686
1 4 0.125450 0.534039 0.198581 0.000156 0.141774
4 4 0.048621 0.180953 0.316756 0.001599 0.452071
4 4 0.032874 0.086202 0.078715 0.000344 0.801865
0 4 0.501745 0.070121 0.065671 0.000356 0.362107
4 4 0.168824 0.066494 0.053052 0.000087 0.711542
4 4 0.031552 0.021714 0.005417 0.000026 0.941291
4 4 0.016608 0.014477 0.012602 0.000112 0.956200
4 4 0.127945 0.038707 0.010221 0.000087 0.823040
4 4 0.313692 0.071162 0.010501 0.000075 0.604571
4 4 0.211264 0.066035 0.007030 0.000026 0.715645
0 4 0.516734 0.084878 0.024708 0.000022 0.373659
4 4 0.180655 0.066148 0.088045 0.000616 0.664536
4 4 0.090780 0.047908 0.004145 0.000008 0.857159
0 4 0.828720 0.031865 0.004437 0.000045 0.134934
4 4 0.390371 0.075181 0.027325 0.000089 0.507034
4 4 0.372997 0.085241 0.034594 0.000206 0.506962
4 4 0.138415 0.044187 0.026995 0.000908 0.789495
4 4 0.068317 0.042160 0.036931 0.000793 0.851798
4 4 0.161552 0.070841 0.140450 0.003985 0.623172
4 4 0.146251 0.070754 0.042985 0.000278 0.739734
4 4 0.081847 0.050210 0.043200 0.000616 0.824127
0 4 0.502100 0.210662 0.053261 0.000231 0.233746
4 4 0.197400 0.234213 0.182860 0.000179 0.385348
0 4 0.571735 0.044574 0.056323 0.000271 0.327098
0 4 0.699622 0.013127 0.002748 0.000009 0.284494
0 4 0.687353 0.009440 0.001228 0.000002 0.301977
0 4 0.665155 0.037181 0.004906 0.000029 0.292729
4 4 0.322902 0.037937 0.020235 0.000168 0.618758
4 4 0.381469 0.038118 0.006922 0.000026 0.573465
0 4 0.387637 0.242933 0.090615 0.000205 0.278610
2 4 0.066029 0.388158 0.474892 0.000014 0.070907
4 4 0.023355 0.238073 0.196260 0.000090 0.542222
4 4 0.041470 0.170727 0.050168 0.000004 0.737631
0 4 0.675201 0.044328 0.020878 0.000365 0.259228
0 4 0.713839 0.059045 0.006919 0.000026 0.220171
0 4 0.496284 0.408968 0.056171 0.000011 0.038566
1 4 0.323983 0.350800 0.268604 0.000106 0.056508
0 4 0.382125 0.265487 0.304487 0.000356 0.047545
1 4 0.090893 0.519950 0.374643 0.000021 0.014493
2 4 0.013391 0.206995 0.768317 0.000304 0.010994
1 4 0.231087 0.386869 0.344635 0.000775 0.036634
1 4 0.180132 0.503479 0.210197 0.000529 0.105663
1 4 0.133309 0.457102 0.389347 0.000085 0.020158
1 4 0.407414 0.421007 0.111400 0.000176 0.060004
1 4 0.200324 0.565152 0.149401 0.000350 0.084774
1 4 0.084773 0.694015 0.187243 0.000090 0.033880
1 4 0.207975 0.512804 0.242238 0.000183 0.036801
2 4 0.014827 0.444867 0.527507 0.000243 0.012556
1 4 0.179061 0.399144 0.377519 0.002241 0.042035
1 4 0.179824 0.510995 0.262545 0.000628 0.046007
1 4 0.324570 0.344810 0.299040 0.000268 0.031313
2 4 0.124769 0.353416 0.503291 0.000209 0.018315
2 4 0.148311 0.275925 0.550444 0.000975 0.024344
2 4 0.220611 0.075116 0.693054 0.000705 0.010514
1 0 0.145159 0.716373 0.100806 0.000015 0.037647
1 4 0.055557 0.774206 0.078525 0.000004 0.091708
1 4 0.008868 0.546139 0.315180 0.000088 0.129724
1 4 0.017423 0.656264 0.227945 0.000060 0.098307
1 4 0.043991 0.508073 0.418081 0.000084 0.029771
1 4 0.082538 0.610131 0.153490 0.000203 0.153639
1 4 0.019742 0.664672 0.267551 0.000053 0.047982
1 4 0.186484 0.559071 0.102868 0.000142 0.151435
0 4 0.475703 0.307885 0.036356 0.000077 0.179978
0 0 0.439123 0.143922 0.036213 0.000925 0.379817
4 4 0.306137 0.124069 0.028352 0.000386 0.541056
4 4 0.169188 0.082061 0.025195 0.000433 0.723123
1 4 0.248506 0.360949 0.074898 0.000152 0.315495
1 4 0.363121 0.421234 0.082127 0.000184 0.133334
0 4 0.535725 0.178669 0.067300 0.000198 0.218108
0 4 0.573484 0.093108 0.019706 0.000141 0.313561
0 4 0.866702 0.047102 0.006028 0.000108 0.080060
0 4 0.437445 0.243733 0.033387 0.000047 0.285388
4 4 0.129914 0.318656 0.193388 0.002328 0.355715
1 4 0.331416 0.451979 0.129350 0.000215 0.087040
1 4 0.092418 0.352108 0.331741 0.001814 0.221919
2 4 0.022214 0.432067 0.486258 0.003804 0.055657
1 4 0.068271 0.444067 0.388441 0.000268 0.098953
2 4 0.023590 0.219514 0.736834 0.000758 0.019303
1 2 0.042155 0.481819 0.450167 0.000173 0.025686
1 4 0.015294 0.520374 0.439505 0.000134 0.024693
1 2 0.055777 0.534236 0.192448 0.000585 0.216953
2 2 0.008181 0.173687 0.807474 0.000684 0.009974
2 2 0.003835 0.045960 0.941010 0.001052 0.008143
0 2 0.304622 0.273590 0.221818 0.007798 0.192172
2 1 0.007605 0.304136 0.641749 0.000141 0.046369
2 2 0.000617 0.045018 0.952934 0.000031 0.001400
2 2 0.001657 0.025843 0.970251 0.000708 0.001540
2 2 0.000202 0.007175 0.989370 0.002770 0.000484
2 2 0.000069 0.002459 0.990318 0.007037 0.000116
2 2 0.000456 0.014071 0.984952 0.000318 0.000203
2 2 0.000344 0.008296 0.990306 0.000887 0.000166
2 2 0.001098 0.006973 0.984908 0.006640 0.000381
2 1 0.001214 0.068456 0.925552 0.000106 0.004671
2 2 0.002599 0.029673 0.951143 0.011403 0.005183
2 2 0.001996 0.019518 0.956646 0.020235 0.001605
2 2 0.001229 0.014569 0.968044 0.015057 0.001101
2 2 0.001080 0.020011 0.974868 0.003339 0.000701
2 2 0.000167 0.004254 0.993416 0.002041 0.000122
2 2 0.000018 0.001486 0.998057 0.000401 0.000038
2 2 0.000006 0.000528 0.999236 0.000224 0.000006
2 2 0.000224 0.007151 0.990320 0.002106 0.000199
2 1 0.000411 0.012808 0.985464 0.001037 0.000280
2 2 0.001055 0.030988 0.966275 0.000939 0.000742
2 2 0.000067 0.001457 0.986348 0.012037 0.000091
2 2 0.000054 0.000950 0.992760 0.006189 0.000047
2 2 0.000038 0.000902 0.984397 0.014600 0.000062
2 2 0.000122 0.001870 0.978954 0.018907 0.000146
2 2 0.000025 0.001296 0.996591 0.002053 0.000035
2 2 0.000149 0.002701 0.977878 0.019067 0.000206
2 2 0.000356 0.002258 0.848379 0.148529 0.000479
2 3 0.000663 0.003173 0.626143 0.368896 0.001126
2 2 0.001514 0.006124 0.648990 0.341296 0.002076
2 2 0.001312 0.010166 0.953834 0.033641 0.001047
2 2 0.095433 0.046071 0.756087 0.092128 0.010281
2 1 0.000848 0.014493 0.967858 0.014146 0.002655
2 2 0.000078 0.001690 0.940355 0.057672 0.000205
2 2 0.001164 0.006048 0.808677 0.182696 0.001416
2 2 0.005178 0.024469 0.940057 0.027878 0.002418
2 2 0.000120 0.000957 0.969807 0.029003 0.000112
2 2 0.000086 0.000577 0.934757 0.064493 0.000086
2 3 0.000127 0.001555 0.983605 0.014601 0.000112
2 2 0.000128 0.003101 0.983815 0.012763 0.000193
2 3 0.000479 0.009023 0.953611 0.036000 0.000888
2 3 0.000756 0.009836 0.941266 0.047037 0.001105
2 2 0.001204 0.014180 0.958022 0.025366 0.001227
2 2 0.001788 0.006358 0.905335 0.085411 0.001107
2 2 0.000461 0.012911 0.978895 0.007135 0.000597
2 2 0.002500 0.047828 0.934377 0.012444 0.002850
2 2 0.007882 0.010850 0.611854 0.365117 0.004296
2 2 0.001489 0.006809 0.799298 0.190755 0.001648
2 2 0.000573 0.009182 0.978226 0.011464 0.000555
2 2 0.000517 0.008431 0.969112 0.021279 0.000661
2 2 0.001945 0.016860 0.934636 0.044496 0.002063
2 3 0.000774 0.004138 0.511377 0.481973 0.001738
2 2 0.001414 0.008716 0.890499 0.097894 0.001476
2 3 0.000980 0.015160 0.949707 0.032738 0.001416
2 2 0.000259 0.007837 0.949340 0.041798 0.000765
2 2 0.000039 0.006818 0.992055 0.000973 0.000114
2 2 0.000942 0.010230 0.950704 0.037066 0.001057
2 2 0.000549 0.012253 0.971312 0.015091 0.000796
2 2 0.001154 0.007525 0.745997 0.243340 0.001982
2 2 0.001381 0.025810 0.906753 0.062956 0.003099
2 2 0.000960 0.009752 0.954890 0.033426 0.000973
2 2 0.000334 0.004115 0.919822 0.075146 0.000583
2 2 0.001460 0.007751 0.823471 0.165604 0.001715
2 2 0.001591 0.017796 0.837119 0.140212 0.003282
2 2 0.000473 0.011317 0.962376 0.024933 0.000902
2 3 0.000229 0.005476 0.914255 0.079307 0.000733
2 2 0.000820 0.005857 0.742016 0.249749 0.001558
