0 0 0.488137 0.331332 0.098697 0.001018 0.080816
0 0 0.755561 0.163099 0.023108 0.000158 0.058074
1 0 0.354995 0.383113 0.180109 0.002333 0.079450
1 1 0.172262 0.402713 0.342362 0.003728 0.078935
1 1 0.061553 0.415344 0.266281 0.000688 0.256134
0 1 0.405329 0.221770 0.093427 0.004459 0.275015
4 1 0.222646 0.085334 0.064948 0.007103 0.619970
4 1 0.164079 0.147098 0.062552 0.001342 0.624930
1 4 0.115413 0.332528 0.277757 0.003262 0.271040
0 4 0.409317 0.199054 0.110065 0.005140 0.276424
1 4 0.090381 0.453354 0.156699 0.000305 0.299262
1 4 0.346002 0.415894 0.101307 0.000890 0.135906
1 4 0.226488 0.267954 0.238460 0.012032 0.255066
1 4 0.056018 0.453852 0.130916 0.000072 0.359142
1 4 0.288146 0.331936 0.070277 0.000433 0.309208
4 1 0.347520 0.068883 0.055998 0.013677 0.513923
4 1 0.236210 0.193816 0.122002 0.004262 0.443711
1 1 0.062501 0.469470 0.230925 0.000249 0.236855
1 1 0.069352 0.497678 0.235470 0.000196 0.197305
1 1 0.227911 0.339290 0.115099 0.001280 0.316420
4 1 0.024804 0.363896 0.181696 0.000037 0.429566
4 1 0.064201 0.226902 0.181595 0.002539 0.524763
4 1 0.039593 0.294273 0.141399 0.000685 0.524051
1 1 0.112554 0.370513 0.179316 0.000320 0.337297
1 1 0.099751 0.567905 0.239519 0.000091 0.092733
1 1 0.103534 0.505689 0.363403 0.000115 0.027259
1 1 0.118818 0.505356 0.344037 0.000159 0.031630
2 1 0.073442 0.396064 0.421187 0.001692 0.107615
1 2 0.035610 0.407688 0.226974 0.000222 0.329506
4 2 0.094602 0.280057 0.152595 0.000850 0.471896
1 2 0.037786 0.386944 0.294741 0.000518 0.280011
1 2 0.103228 0.513099 0.208924 0.000241 0.174509
0 2 0.408132 0.343318 0.148001 0.005494 0.095055
2 2 0.077110 0.235318 0.612634 0.035569 0.039368
2 2 0.102992 0.149614 0.444552 0.204477 0.098365
2 2 0.040136 0.238572 0.508690 0.027329 0.185273
4 2 0.183264 0.192121 0.169227 0.021796 0.433593
2 1 0.159123 0.292251 0.346778 0.039688 0.162161
1 1 0.176478 0.335741 0.321891 0.016010 0.149880
0 1 0.337445 0.335103 0.174716 0.010217 0.142518
2 1 0.063516 0.355205 0.498288 0.003418 0.079573
1 1 0.066456 0.414390 0.313154 0.001151 0.204849
2 1 0.028923 0.195250 0.677053 0.030587 0.068187
2 2 0.166585 0.328724 0.363555 0.020004 0.121132
2 2 0.115436 0.190502 0.372365 0.169639 0.152058
2 2 0.197060 0.286795 0.333068 0.045603 0.137474
1 2 0.221946 0.299757 0.184515 0.007759 0.286023
1 2 0.133409 0.402449 0.304550 0.003011 0.156581
2 2 0.070503 0.370123 0.427146 0.002641 0.129588
2 2 0.011128 0.138064 0.790348 0.017975 0.042486
2 2 0.010547 0.068405 0.759753 0.149894 0.011402
2 2 0.000561 0.034375 0.928899 0.021852 0.014313
2 2 0.002869 0.087087 0.788727 0.016072 0.105246
2 2 0.002679 0.030416 0.637069 0.318360 0.011475
3 3 0.009525 0.017476 0.239700 0.717608 0.015691
2 3 0.001371 0.018831 0.645758 0.325921 0.008119
3 3 0.006769 0.019888 0.293138 0.672804 0.007401
2 3 0.001417 0.016279 0.533795 0.442360 0.006149
2 3 0.020240 0.073255 0.593097 0.296246 0.017162
2 3 0.096909 0.224700 0.517136 0.079120 0.082136
2 3 0.010998 0.052348 0.688847 0.238074 0.009734
3 3 0.009745 0.035262 0.420398 0.524123 0.010472
2 3 0.003956 0.027766 0.620824 0.331306 0.016148
3 3 0.021544 0.028367 0.297919 0.620009 0.032162
3 3 0.007790 0.008726 0.176132 0.779729 0.027623
3 3 0.015523 0.015564 0.192426 0.762289 0.014198
3 3 0.003293 0.001983 0.061496 0.930459 0.002769
3 3 0.005310 0.002315 0.059407 0.928488 0.004481
3 3 0.000187 0.000116 0.016319 0.983217 0.000161
3 3 0.000141 0.000365 0.048539 0.950719 0.000236
3 3 0.000279 0.001926 0.191989 0.804535 0.001271
3 3 0.001324 0.000813 0.040926 0.955804 0.001133
3 3 0.000313 0.000122 0.014098 0.985242 0.000225
3 3 0.001847 0.000218 0.011748 0.985415 0.000771
3 3 0.000431 0.000630 0.053278 0.944720 0.000942
3 3 0.000300 0.000796 0.072919 0.925245 0.000740
3 3 0.003270 0.000484 0.018561 0.976272 0.001413
3 3 0.008622 0.000811 0.019869 0.967716 0.002983
3 3 0.001442 0.000695 0.034289 0.962590 0.000983
3 3 0.000939 0.001100 0.062077 0.934397 0.001487
3 3 0.005589 0.004416 0.119558 0.863515 0.006922
3 3 0.003149 0.004327 0.129673 0.854917 0.007934
3 3 0.006105 0.014839 0.268532 0.677156 0.033367
3 3 0.006956 0.005474 0.119396 0.847967 0.020208
3 3 0.000720 0.000706 0.048534 0.948682 0.001359
3 3 0.000384 0.000330 0.031428 0.967335 0.000523
3 3 0.001470 0.000959 0.044549 0.951915 0.001108
3 3 0.000659 0.000392 0.029933 0.968185 0.000830
3 3 0.000646 0.000409 0.029686 0.968747 0.000511
3 3 0.003545 0.000529 0.019773 0.974346 0.001806
3 3 0.000181 0.000469 0.057505 0.941327 0.000517
3 3 0.002350 0.000607 0.025455 0.970336 0.001254
3 3 0.002192 0.001665 0.061112 0.933220 0.001811
3 3 0.000984 0.000479 0.032515 0.963911 0.002111
3 3 0.000658 0.000042 0.004682 0.994062 0.000556
3 3 0.000346 0.000178 0.019931 0.979035 0.000510
3 3 0.000658 0.000149 0.012746 0.986011 0.000437
3 3 0.001122 0.000050 0.004064 0.994415 0.000349
3 3 0.001215 0.000093 0.006664 0.991577 0.000451
3 3 0.000961 0.000127 0.009522 0.988946 0.000444
3 3 0.000058 0.000068 0.017145 0.982615 0.000115
3 3 0.000122 0.000059 0.010740 0.988980 0.000099
3 3 0.000243 0.000067 0.009275 0.990259 0.000156
3 3 0.000728 0.000064 0.005924 0.992990 0.000294
3 3 0.000621 0.000190 0.015779 0.983024 0.000386
3 3 0.000298 0.000039 0.005400 0.994117 0.000146
3 3 0.000877 0.000235 0.016550 0.981830 0.000508
3 3 0.000533 0.000017 0.002166 0.997127 0.000157
3 3 0.001072 0.000026 0.002581 0.995677 0.000644
3 3 0.008315 0.000120 0.003976 0.986057 0.001532
3 3 0.000111 0.000013 0.003169 0.996650 0.000057
3 3 0.000681 0.000046 0.004574 0.994446 0.000253
3 3 0.000585 0.000108 0.010620 0.988146 0.000541
3 3 0.003963 0.000274 0.011752 0.980679 0.003333
3 3 0.003766 0.000119 0.005395 0.989697 0.001023
3 3 0.000474 0.000020 0.002629 0.996705 0.000172
3 3 0.002059 0.000052 0.003299 0.994086 0.000505
3 3 0.008521 0.000086 0.002973 0.987030 0.001390
3 3 0.001541 0.000039 0.002923 0.995109 0.000388
3 3 0.015766 0.000435 0.009524 0.970641 0.003633
3 3 0.001084 0.000076 0.005883 0.992563 0.000394
3 3 0.001729 0.000046 0.003229 0.994556 0.000440
3 3 0.001323 0.000075 0.005350 0.992812 0.000440
3 3 0.000298 0.000014 0.002271 0.997313 0.000104
3 3 0.001741 0.000119 0.007184 0.990350 0.000606
3 3 0.004130 0.000069 0.003244 0.991717 0.000840
3 3 0.060053 0.003712 0.041493 0.880735 0.014007
3 3 0.014979 0.006560 0.129688 0.841852 0.006921
3 3 0.004385 0.007351 0.172504 0.811822 0.003938
2 2 0.033994 0.064701 0.462241 0.415853 0.023211
2 2 0.120726 0.085372 0.351517 0.350958 0.091426
3 2 0.076317 0.032563 0.175457 0.650828 0.064834
3 2 0.021298 0.058445 0.409775 0.444334 0.066148
2 2 0.006138 0.040778 0.520498 0.370046 0.062539
2 2 0.015322 0.137424 0.593545 0.016217 0.237491
4 2 0.054684 0.189466 0.277506 0.007003 0.471341
2 2 0.051807 0.363819 0.373573 0.002269 0.208531
4 2 0.238814 0.179004 0.134358 0.014325 0.433499
4 2 0.133572 0.216478 0.227574 0.011009 0.411367
4 2 0.111209 0.203901 0.300243 0.020855 0.363792
0 2 0.752137 0.081885 0.032157 0.004049 0.129772
0 2 0.888917 0.019168 0.013494 0.013963 0.064458
0 1 0.910531 0.028204 0.008414 0.001381 0.051471
4 1 0.397496 0.064495 0.024060 0.001107 0.512842
4 1 0.133056 0.193201 0.031406 0.000056 0.642281
4 1 0.110164 0.184462 0.063677 0.000566 0.641131
4 1 0.273115 0.058184 0.017910 0.000380 0.650411
4 1 0.198627 0.333605 0.058911 0.000163 0.408695
4 1 0.040092 0.363013 0.045771 0.000015 0.551108
1 1 0.075909 0.480663 0.129661 0.000105 0.313662
0 1 0.568669 0.205955 0.034924 0.000310 0.190142
0 1 0.370813 0.304254 0.077230 0.000983 0.246719
4 1 0.186360 0.220749 0.094511 0.002102 0.496278
1 1 0.039424 0.509483 0.238181 0.000063 0.212849
1 1 0.054583 0.489615 0.133077 0.000054 0.322671
1 1 0.108295 0.445892 0.119365 0.000263 0.326185
1 1 0.071125 0.457171 0.170449 0.000225 0.301030
1 1 0.098190 0.441004 0.101574 0.000122 0.359110
4 1 0.099214 0.298054 0.079347 0.000198 0.523187
4 2 0.063782 0.385581 0.130693 0.000308 0.419636
4 2 0.296616 0.281747 0.122760 0.001442 0.297435
1 2 0.325391 0.392654 0.118676 0.001090 0.162189
1 2 0.176167 0.476447 0.253503 0.000785 0.093098
1 2 0.169482 0.487086 0.189811 0.000565 0.153056
1 2 0.309572 0.360938 0.122308 0.002585 0.204597
2 2 0.236927 0.192885 0.276339 0.067840 0.226010
0 2 0.383034 0.250065 0.164626 0.009251 0.193024
0 2 0.812560 0.101763 0.019727 0.000608 0.065342
0 4 0.692405 0.162979 0.035882 0.000204 0.108530
0 4 0.933900 0.024663 0.004256 0.000239 0.036942
0 4 0.922974 0.019562 0.006879 0.001965 0.048620
0 4 0.895985 0.040117 0.009833 0.000872 0.053194
0 4 0.770169 0.110883 0.033474 0.002442 0.083033
0 4 0.422260 0.125086 0.113664 0.020804 0.318186
0 4 0.481394 0.098343 0.027952 0.000742 0.391569
0 4 0.577907 0.132589 0.036525 0.001081 0.251898
1 4 0.164017 0.680796 0.096088 0.000006 0.059093
1 4 0.107382 0.611694 0.105076 0.000019 0.175829
1 4 0.143965 0.490806 0.123142 0.000223 0.241863
1 4 0.331245 0.472929 0.124351 0.000341 0.071134
4 4 0.092456 0.287771 0.193574 0.000914 0.425285
1 1 0.020019 0.483271 0.136393 0.000009 0.360307
4 1 0.031605 0.401366 0.141622 0.000060 0.425346
2 1 0.004150 0.335221 0.366642 0.000022 0.293965
4 1 0.013673 0.341927 0.166134 0.000052 0.478213
4 1 0.011874 0.331222 0.294446 0.000141 0.362317
2 1 0.016523 0.305893 0.346873 0.000553 0.330158
4 1 0.065078 0.313712 0.198356 0.001389 0.421465
2 1 0.033307 0.278553 0.391964 0.002999 0.293177
1 1 0.065540 0.454710 0.205061 0.000281 0.274408
2 1 0.040319 0.359207 0.457683 0.001618 0.141173
1 1 0.178758 0.425548 0.255687 0.003122 0.136884
1 1 0.124798 0.386971 0.340426 0.003961 0.143845
1 1 0.044577 0.439885 0.355523 0.000393 0.159622
1 1 0.159397 0.362560 0.187062 0.004231 0.286749
0 1 0.530847 0.260632 0.064042 0.000889 0.143589
0 1 0.532859 0.367096 0.037732 0.000120 0.062192
0 1 0.572287 0.227762 0.087116 0.006029 0.106807
4 1 0.314656 0.200164 0.112366 0.008070 0.364745
4 1 0.147875 0.266973 0.193899 0.012556 0.378696
1 1 0.293889 0.338822 0.170640 0.002227 0.194422
1 1 0.034064 0.411800 0.256126 0.000234 0.297776
1 1 0.082296 0.548419 0.144510 0.000058 0.224716
1 1 0.033584 0.424274 0.319661 0.000244 0.222236
1 1 0.013648 0.392120 0.349703 0.000081 0.244448
1 1 0.019872 0.413684 0.336090 0.000113 0.230241
1 1 0.102460 0.580735 0.228995 0.000072 0.087737
1 2 0.056508 0.482731 0.274609 0.000206 0.185945
2 2 0.017685 0.195276 0.709877 0.007670 0.069492
2 2 0.026608 0.328918 0.459523 0.001313 0.183638
1 2 0.189248 0.451226 0.087414 0.000278 0.271833
1 2 0.134118 0.409272 0.131364 0.000348 0.324898
1 2 0.404335 0.405385 0.067773 0.000344 0.122163
1 2 0.330397 0.467849 0.071725 0.000179 0.129849
1 2 0.334992 0.412196 0.083706 0.000348 0.168757
1 2 0.243810 0.368540 0.283192 0.004899 0.099559
1 2 0.342950 0.442371 0.079663 0.000347 0.134671
0 2 0.632545 0.188893 0.040876 0.000706 0.136980
0 2 0.686982 0.141163 0.051672 0.001891 0.118291
0 2 0.633133 0.214280 0.067395 0.001259 0.083933
0 2 0.475239 0.300313 0.112396 0.005776 0.106276
1 2 0.249623 0.398835 0.115378 0.001026 0.235139
1 2 0.145502 0.504764 0.166298 0.000308 0.183128
1 2 0.077826 0.553726 0.158534 0.000058 0.209856
1 2 0.128933 0.565433 0.106636 0.000049 0.198948
1 2 0.154994 0.478304 0.209287 0.000680 0.156735
1 2 0.243749 0.406179 0.118155 0.001373 0.230544
4 1 0.403586 0.086656 0.057510 0.009500 0.442747
0 1 0.429757 0.094442 0.049700 0.004962 0.421139
1 1 0.148832 0.448126 0.184565 0.000548 0.217929
4 1 0.031374 0.246567 0.241670 0.000878 0.479511
4 1 0.018856 0.318637 0.313991 0.000490 0.348025
1 1 0.034519 0.414526 0.201710 0.000152 0.349093
2 2 0.016868 0.345114 0.402917 0.000372 0.234729
2 2 0.066469 0.346386 0.350429 0.005139 0.231577
2 2 0.027468 0.246054 0.644961 0.006206 0.075312
1 2 0.273577 0.477677 0.188804 0.000518 0.059424
0 1 0.639131 0.270654 0.030637 0.000106 0.059472
2 1 0.056594 0.408886 0.480895 0.000430 0.053195
1 1 0.029314 0.515826 0.251121 0.000035 0.203704
1 1 0.089681 0.488319 0.178557 0.000229 0.243214
4 1 0.072004 0.366682 0.186480 0.001087 0.373747
1 1 0.104171 0.507591 0.188865 0.000234 0.199139
1 1 0.022184 0.389201 0.327061 0.000205 0.261350
2 2 0.008498 0.165995 0.764262 0.003284 0.057961
2 2 0.035133 0.338760 0.444237 0.001630 0.180240
2 2 0.005559 0.153507 0.765471 0.003223 0.072241
2 2 0.067346 0.339150 0.497996 0.004791 0.090717
1 2 0.150263 0.411664 0.219940 0.002195 0.215937
1 2 0.160518 0.431293 0.301687 0.002113 0.104388
2 2 0.002356 0.046798 0.903421 0.038195 0.009230
2 2 0.025237 0.163173 0.736659 0.028898 0.046033
2 2 0.009849 0.120613 0.826237 0.015911 0.027390
2 2 0.002351 0.103375 0.860955 0.002458 0.030861
2 2 0.001398 0.085077 0.861550 0.003523 0.048453
2 2 0.000328 0.048356 0.938892 0.000997 0.011426
2 2 0.000189 0.035381 0.951705 0.001972 0.010753
2 2 0.000883 0.059486 0.894301 0.004729 0.040601
2 2 0.000694 0.043803 0.887687 0.019201 0.048615
2 2 0.002372 0.056559 0.895856 0.024165 0.021049
2 2 0.011531 0.088767 0.834518 0.054809 0.010374
2 2 0.000693 0.015338 0.763086 0.218043 0.002840
2 2 0.006382 0.036245 0.606250 0.340102 0.011020
2 2 0.012385 0.154657 0.806279 0.005537 0.021142
2 2 0.000139 0.012450 0.945991 0.038607 0.002812
2 2 0.000267 0.009240 0.863732 0.122266 0.004495
2 2 0.002479 0.068809 0.889320 0.018648 0.020744
2 2 0.002137 0.056706 0.873306 0.041006 0.026845
2 2 0.000688 0.029505 0.897048 0.059613 0.013146
2 2 0.001418 0.039863 0.911066 0.039470 0.008184
2 2 0.001027 0.020050 0.868663 0.108543 0.001716
2 2 0.002490 0.024894 0.717898 0.250891 0.003828
2 2 0.002213 0.024068 0.695120 0.267381 0.011217
2 2 0.015547 0.092045 0.720989 0.064995 0.106425
2 2 0.017937 0.148807 0.687689 0.054132 0.091435
2 2 0.018307 0.111054 0.779462 0.069942 0.021236
1 2 0.266134 0.405582 0.261262 0.003184 0.063838
0 2 0.579580 0.221706 0.087013 0.006091 0.105610
1 2 0.237161 0.331188 0.327501 0.019387 0.084762
2 2 0.054864 0.265107 0.596543 0.014151 0.069335
2 2 0.240019 0.329165 0.344663 0.012512 0.073641
0 2 0.420779 0.332475 0.148827 0.001228 0.096690
0 2 0.717205 0.189695 0.032392 0.000185 0.060523
0 2 0.839318 0.058984 0.022261 0.003847 0.075591
0 2 0.870949 0.034200 0.009886 0.001133 0.083833
0 2 0.508096 0.196853 0.044247 0.000637 0.250166
0 2 0.488526 0.162584 0.043569 0.000918 0.304404
0 1 0.537157 0.299286 0.071914 0.001550 0.090092
1 1 0.334970 0.434718 0.146288 0.000957 0.083067
1 1 0.229092 0.395349 0.143403 0.000278 0.231878
1 1 0.044198 0.505533 0.298449 0.000097 0.151723
1 1 0.050264 0.397154 0.322931 0.000810 0.228840
1 1 0.080929 0.369253 0.230053 0.001882 0.317883
2 1 0.022328 0.352263 0.399883 0.000470 0.225056
1 1 0.024760 0.387755 0.369406 0.000287 0.217793
2 1 0.016081 0.334216 0.350579 0.000312 0.298812
2 1 0.020497 0.259982 0.396727 0.002686 0.320108
2 1 0.010433 0.149034 0.721338 0.017049 0.102146
1 1 0.018618 0.349702 0.330386 0.000292 0.301001
1 1 0.022114 0.393886 0.306519 0.000175 0.277306
0 1 0.464443 0.450197 0.038556 0.000026 0.046778
0 1 0.547482 0.380533 0.023663 0.000024 0.048298
1 1 0.240612 0.481551 0.095175 0.000255 0.182407
1 1 0.038934 0.615537 0.168682 0.000008 0.176839
1 1 0.019526 0.599849 0.112917 0.000001 0.267706
1 1 0.033351 0.557383 0.244529 0.000023 0.164715
1 1 0.033810 0.393648 0.316261 0.000409 0.255872
4 1 0.013045 0.377600 0.209809 0.000043 0.399504
4 1 0.016494 0.248872 0.313536 0.001529 0.419569
4 1 0.011359 0.301410 0.306870 0.000240 0.380121
1 1 0.039920 0.397987 0.281997 0.000451 0.279645
2 1 0.015435 0.203982 0.568744 0.007631 0.204208
2 1 0.024069 0.218312 0.627524 0.009696 0.120399
2 1 0.008858 0.147776 0.757683 0.011714 0.073969
2 4 0.065749 0.278570 0.365420 0.016479 0.273782
1 4 0.087183 0.425511 0.280500 0.001091 0.205715
1 4 0.112228 0.447495 0.119181 0.000271 0.320825
1 4 0.084847 0.527572 0.140064 0.000071 0.247446
1 4 0.057431 0.434491 0.233289 0.000372 0.274416
4 4 0.028059 0.267480 0.284382 0.002464 0.417615
4 4 0.250911 0.176075 0.100343 0.006045 0.466626
4 4 0.247745 0.153442 0.082359 0.004367 0.512086
4 4 0.124653 0.114384 0.134035 0.019134 0.607794
4 4 0.168179 0.137576 0.131814 0.020306 0.542125
4 4 0.159422 0.210632 0.095002 0.002102 0.532842
2 4 0.048838 0.367922 0.370185 0.001426 0.211629
4 4 0.131699 0.163533 0.056343 0.000596 0.647828
4 4 0.100426 0.102298 0.038241 0.000452 0.758583
4 4 0.341024 0.068611 0.056132 0.013672 0.520561
4 1 0.136465 0.193064 0.093662 0.001202 0.575607
1 1 0.171550 0.383154 0.382359 0.004268 0.058668
2 2 0.101643 0.417377 0.431506 0.001132 0.048342
2 1 0.007899 0.164830 0.776055 0.003600 0.047616
2 1 0.021914 0.213443 0.398309 0.002462 0.363872
4 1 0.141828 0.101804 0.139194 0.017409 0.599764
4 1 0.102630 0.114290 0.243236 0.083894 0.455950
4 1 0.130315 0.294210 0.256251 0.019685 0.299539
4 1 0.076509 0.255365 0.280152 0.021913 0.366061
2 1 0.014536 0.158578 0.399546 0.029234 0.398106
4 1 0.125496 0.164052 0.199429 0.022363 0.488660
1 1 0.047390 0.414043 0.223217 0.000275 0.315076
4 1 0.054463 0.336038 0.201980 0.001273 0.406247
4 1 0.048623 0.318672 0.190746 0.001242 0.440717
4 1 0.068987 0.214318 0.209234 0.014924 0.492537
4 1 0.010439 0.272984 0.286410 0.000316 0.429851
4 1 0.013594 0.334393 0.190451 0.000078 0.461484
1 1 0.052394 0.533797 0.227776 0.000068 0.185965
1 1 0.113204 0.472189 0.256174 0.000703 0.157730
1 1 0.145247 0.375177 0.304769 0.005519 0.169288
1 1 0.091848 0.379966 0.225680 0.001888 0.300619
4 1 0.014042 0.315608 0.227679 0.000165 0.442506
2 1 0.010532 0.297736 0.365142 0.000347 0.326244
4 1 0.035989 0.268066 0.123125 0.000497 0.572322
4 1 0.182071 0.233995 0.074133 0.000783 0.509018
0 1 0.458248 0.395087 0.054291 0.000254 0.092120
0 1 0.478306 0.397837 0.057747 0.000210 0.065900
1 1 0.240968 0.464039 0.230281 0.000836 0.063876
1 2 0.245113 0.504729 0.148752 0.000327 0.101078
1 2 0.193778 0.431656 0.277106 0.002299 0.095161
1 2 0.097154 0.497248 0.278985 0.000352 0.126261
1 2 0.115622 0.461600 0.179833 0.000509 0.242436
4 2 0.039396 0.239995 0.190939 0.000657 0.529013
4 2 0.239208 0.241706 0.128066 0.003453 0.387567
1 2 0.190514 0.444111 0.089761 0.000205 0.275409
1 2 0.092132 0.395445 0.186700 0.001043 0.324680
4 2 0.332803 0.206663 0.104379 0.006143 0.350012
4 2 0.210489 0.293319 0.113491 0.001544 0.381156
4 2 0.102168 0.249951 0.083889 0.000463 0.563529
4 2 0.084427 0.287000 0.243459 0.001281 0.383833
0 2 0.459536 0.128364 0.036948 0.000892 0.374260
0 2 0.344281 0.180901 0.153863 0.035087 0.285868
2 2 0.159359 0.273335 0.342454 0.054887 0.169966
0 2 0.473921 0.269424 0.117934 0.008413 0.130308
0 2 0.431112 0.274050 0.132860 0.009938 0.152040
1 2 0.118243 0.377396 0.211951 0.002394 0.290017
4 2 0.200016 0.335559 0.118899 0.001530 0.343996
1 2 0.255050 0.414444 0.136695 0.001596 0.192215
1 2 0.177375 0.434038 0.229897 0.002009 0.156681
1 2 0.056682 0.360162 0.272291 0.001534 0.309330
1 2 0.139864 0.435386 0.303933 0.001863 0.118953
1 2 0.094729 0.410691 0.318830 0.001645 0.174105
2 2 0.043976 0.232248 0.572597 0.021461 0.129718
0 2 0.495131 0.373071 0.052599 0.000300 0.078899
0 2 0.609531 0.263058 0.047647 0.000649 0.079114
0 2 0.838365 0.098071 0.012028 0.000146 0.051389
0 2 0.833856 0.097671 0.013585 0.000215 0.054672
0 2 0.507988 0.166518 0.158564 0.023527 0.143403
2 2 0.115924 0.334690 0.496319 0.007260 0.045808
0 1 0.536017 0.290879 0.086848 0.001306 0.084951
0 1 0.607937 0.250338 0.054913 0.001151 0.085662
0 1 0.602105 0.275829 0.045417 0.000490 0.076160
1 1 0.166412 0.433256 0.224592 0.001719 0.174021
1 1 0.122505 0.365642 0.214634 0.003506 0.293713
1 1 0.082555 0.457135 0.376527 0.000671 0.083113
1 1 0.206776 0.457635 0.279471 0.000925 0.055194
2 1 0.062682 0.314475 0.584674 0.002256 0.035913
2 1 0.059178 0.333248 0.560079 0.001559 0.045936
2 2 0.006033 0.111206 0.863963 0.004613 0.014185
2 2 0.051881 0.310691 0.608564 0.002103 0.026761
2 2 0.016492 0.109926 0.819351 0.040983 0.013249
2 2 0.000055 0.012020 0.983826 0.003027 0.001072
2 2 0.000193 0.019242 0.964739 0.011910 0.003917
2 2 0.002283 0.041629 0.810122 0.127984 0.017983
2 2 0.000981 0.021782 0.889795 0.084862 0.002580
2 2 0.003575 0.054948 0.855239 0.071780 0.014458
2 2 0.001695 0.024193 0.658005 0.307758 0.008349
2 2 0.001661 0.037752 0.900460 0.053239 0.006889
2 2 0.001159 0.019058 0.746997 0.227601 0.005185
2 2 0.000564 0.013251 0.825673 0.157116 0.003397
2 2 0.000294 0.009276 0.854342 0.135407 0.000680
2 2 0.000342 0.012610 0.805741 0.178393 0.002915
2 2 0.000194 0.008563 0.701688 0.287019 0.002536
2 3 0.000098 0.009679 0.900723 0.086335 0.003165
2 3 0.000084 0.003691 0.580383 0.414658 0.001184
3 3 0.000472 0.001096 0.075554 0.922287 0.000591
3 3 0.000890 0.002713 0.125894 0.869247 0.001256
3 3 0.001745 0.002804 0.102823 0.890500 0.002127
2 3 0.000325 0.005868 0.498865 0.493610 0.001331
3 3 0.000349 0.003911 0.357075 0.637439 0.001225
3 3 0.022616 0.018771 0.225948 0.685315 0.047350
2 3 0.003874 0.064958 0.916788 0.010614 0.003766
2 3 0.122722 0.336820 0.484569 0.008019 0.047870
0 3 0.401035 0.385914 0.145453 0.000825 0.066772
0 3 0.464433 0.317859 0.126999 0.002460 0.088248
0 1 0.482413 0.344540 0.082166 0.001523 0.089359
1 1 0.210907 0.435516 0.292058 0.001479 0.060040
1 1 0.220029 0.380440 0.269542 0.006224 0.123766
2 1 0.052456 0.232118 0.495659 0.033222 0.186544
2 1 0.026971 0.123716 0.588183 0.175312 0.085819
3 2 0.008862 0.034434 0.397404 0.526229 0.033071
2 2 0.001838 0.064435 0.905969 0.010185 0.017573
2 2 0.002434 0.050582 0.869003 0.062493 0.015488
3 2 0.012565 0.023842 0.286941 0.630885 0.045767
3 2 0.001806 0.009783 0.365163 0.618449 0.004800
3 2 0.003500 0.011232 0.413260 0.560517 0.011491
2 2 0.000503 0.005158 0.512473 0.479102 0.002764
2 3 0.000080 0.005830 0.815169 0.177801 0.001119
3 3 0.000743 0.009722 0.468551 0.516975 0.004009
3 3 0.002053 0.008055 0.257218 0.729998 0.002676
3 3 0.001245 0.004154 0.169030 0.822941 0.002630
2 3 0.000385 0.009793 0.725515 0.262442 0.001865
2 3 0.000159 0.006658 0.713130 0.278885 0.001168
2 3 0.000311 0.006318 0.550411 0.442216 0.000743
2 3 0.001848 0.017863 0.494489 0.479049 0.006751
3 3 0.000241 0.002397 0.211992 0.784798 0.000572
3 3 0.001976 0.001764 0.066206 0.928412 0.001642
3 3 0.000824 0.000452 0.032111 0.965223 0.001389
3 3 0.000807 0.000698 0.044440 0.953038 0.001017
3 3 0.000713 0.000972 0.058898 0.938693 0.000724
3 3 0.003704 0.008623 0.186411 0.797291 0.003971
3 3 0.000542 0.000733 0.056084 0.941377 0.001265
3 3 0.001565 0.002380 0.096838 0.896597 0.002619
3 3 0.000810 0.002339 0.123119 0.872139 0.001593
3 3 0.000086 0.000417 0.066348 0.932984 0.000166
3 3 0.001183 0.003462 0.150693 0.842923 0.001739
3 3 0.000156 0.000267 0.037714 0.961500 0.000363
3 3 0.000405 0.000244 0.025026 0.973563 0.000762
3 3 0.000219 0.000998 0.106735 0.890557 0.001491
3 3 0.000462 0.002001 0.139949 0.855106 0.002482
3 3 0.000199 0.000196 0.024889 0.974509 0.000206
3 3 0.001749 0.000390 0.019619 0.977334 0.000908
3 3 0.000714 0.000294 0.021635 0.976872 0.000485
3 3 0.003312 0.002564 0.076955 0.914723 0.002446
3 3 0.000386 0.000098 0.010732 0.988552 0.000232
3 3 0.000595 0.000105 0.010231 0.988550 0.000519
3 3 0.000250 0.000223 0.025377 0.973913 0.000238
3 3 0.000780 0.000346 0.024306 0.973957 0.000611
3 3 0.001140 0.000648 0.035304 0.962072 0.000836
3 3 0.000516 0.000098 0.009607 0.989503 0.000276
3 3 0.001964 0.000128 0.007414 0.989710 0.000784
3 3 0.001273 0.000166 0.010734 0.987250 0.000577
3 3 0.000266 0.000088 0.011287 0.988179 0.000180
3 3 0.000145 0.000035 0.006495 0.993233 0.000092
3 3 0.000295 0.000129 0.016816 0.982127 0.000634
3 3 0.000637 0.000112 0.009969 0.988955 0.000327
3 3 0.000505 0.000104 0.010238 0.988874 0.000279
3 3 0.000585 0.000162 0.014071 0.984830 0.000352
3 3 0.002408 0.000181 0.009075 0.987489 0.000847
3 3 0.004504 0.000104 0.004456 0.989919 0.001016
3 3 0.002215 0.000100 0.005650 0.991376 0.000659
3 3 0.000732 0.000212 0.016431 0.982132 0.000493
3 3 0.001450 0.000166 0.010203 0.987573 0.000609
3 3 0.000481 0.000035 0.004139 0.995158 0.000188
3 3 0.000826 0.000063 0.005535 0.993261 0.000315
3 3 0.003172 0.000064 0.003370 0.992692 0.000701
3 3 0.001246 0.000048 0.003768 0.994572 0.000366
3 3 0.001896 0.000089 0.005408 0.992030 0.000577
3 3 0.001011 0.000047 0.003992 0.994629 0.000321
3 3 0.002043 0.000018 0.001365 0.996220 0.000354
3 3 0.002345 0.000085 0.004787 0.992139 0.000644
3 3 0.000458 0.000129 0.012716 0.986416 0.000282
3 3 0.004377 0.000314 0.011980 0.981246 0.002083
3 3 0.008535 0.000076 0.002670 0.987385 0.001334
3 3 0.002428 0.000035 0.002211 0.994840 0.000487
3 3 0.004040 0.000503 0.017837 0.975874 0.001746
3 3 0.001670 0.000098 0.006197 0.991480 0.000555
3 3 0.009356 0.000231 0.006636 0.981727 0.002049
3 3 0.002470 0.000034 0.002177 0.994828 0.000490
3 3 0.002421 0.000069 0.003995 0.992901 0.000614
3 3 0.003952 0.000107 0.004798 0.990193 0.000950
3 3 0.002786 0.000050 0.002843 0.993726 0.000595
3 3 0.000821 0.000018 0.001943 0.997011 0.000207
3 3 0.001905 0.000056 0.003803 0.993526 0.000709
3 3 0.000397 0.000054 0.006366 0.992990 0.000193
3 3 0.002760 0.000147 0.007188 0.989051 0.000854
3 3 0.001417 0.000026 0.002130 0.996105 0.000322
3 3 0.008255 0.000067 0.002435 0.987988 0.001255
3 3 0.021868 0.000105 0.002436 0.973001 0.002590
3 3 0.003516 0.000037 0.002023 0.993806 0.000618
3 3 0.015051 0.000319 0.007279 0.974323 0.003028
3 3 0.000949 0.000016 0.001591 0.997231 0.000213
3 3 0.002485 0.000005 0.000449 0.996797 0.000263
3 3 0.001558 0.000019 0.001547 0.996573 0.000304
3 3 0.004844 0.000015 0.000810 0.993786 0.000546
3 3 0.002673 0.000013 0.000938 0.996004 0.000372
3 3 0.004226 0.000058 0.002937 0.991448 0.001331
3 3 0.005636 0.000095 0.004037 0.988240 0.001992
3 3 0.014547 0.000390 0.009775 0.965980 0.009307
3 3 0.002291 0.000021 0.001448 0.995846 0.000394
3 3 0.002248 0.000016 0.001196 0.996179 0.000360
3 3 0.000807 0.000079 0.006809 0.991969 0.000336
3 3 0.011424 0.000158 0.004475 0.981807 0.002136
3 3 0.000939 0.000048 0.004200 0.994502 0.000310
3 3 0.002183 0.000065 0.003931 0.993256 0.000565
3 3 0.001190 0.000021 0.001910 0.996609 0.000270
3 3 0.009666 0.000127 0.004009 0.984145 0.002054
3 3 0.001439 0.000023 0.001895 0.996317 0.000327
3 3 0.000754 0.000024 0.002550 0.996455 0.000216
3 3 0.000671 0.000017 0.001940 0.997195 0.000178
3 3 0.006589 0.000115 0.004188 0.987792 0.001316
3 3 0.001983 0.000044 0.002925 0.994580 0.000468
3 3 0.000490 0.000030 0.003557 0.995744 0.000179
3 3 0.002016 0.000110 0.006343 0.990888 0.000644
3 3 0.002275 0.000190 0.009668 0.987034 0.000832
3 3 0.006807 0.000212 0.006970 0.984361 0.001650
3 3 0.002102 0.000080 0.004737 0.992489 0.000591
3 3 0.002559 0.000041 0.002508 0.994359 0.000532
3 3 0.005570 0.000044 0.001975 0.991548 0.000862
3 3 0.000602 0.000057 0.005696 0.993394 0.000252
3 3 0.014515 0.000577 0.012204 0.969085 0.003619
3 3 0.003148 0.000447 0.017632 0.977428 0.001345
0 3 0.452414 0.019385 0.056841 0.398080 0.073280
0 2 0.780891 0.062233 0.040163 0.019150 0.097563
2 2 0.118844 0.172217 0.454466 0.078282 0.176192
2 2 0.054712 0.210572 0.602591 0.058223 0.073901
2 2 0.005227 0.103643 0.753144 0.036646 0.101340
2 2 0.037685 0.178348 0.532289 0.054197 0.197481
2 2 0.016162 0.198792 0.603668 0.011710 0.169669
1 2 0.080407 0.364102 0.239072 0.002184 0.314235
2 2 0.109632 0.258278 0.385982 0.010056 0.236051
1 2 0.131927 0.413035 0.215439 0.000681 0.238918
1 2 0.059480 0.383767 0.300255 0.001272 0.255226
4 2 0.042495 0.307401 0.256561 0.002085 0.391458
1 4 0.158838 0.400717 0.204553 0.001006 0.234886
1 4 0.294282 0.417051 0.118428 0.000322 0.169917
0 4 0.370089 0.349081 0.177466 0.002708 0.100657
0 4 0.485727 0.230637 0.169069 0.010043 0.104524
0 4 0.493193 0.170677 0.156697 0.028253 0.151180
2 1 0.063525 0.362780 0.447304 0.002227 0.124164
2 1 0.046331 0.429534 0.479248 0.000181 0.044706
2 1 0.035766 0.341966 0.414934 0.001396 0.205939
2 1 0.067539 0.389525 0.390545 0.001598 0.150794
1 1 0.085104 0.416589 0.397513 0.001176 0.099617
1 1 0.268158 0.441060 0.222300 0.001288 0.067193
1 1 0.401530 0.419142 0.105800 0.000613 0.072915
1 1 0.166319 0.402650 0.185678 0.000913 0.244440
4 1 0.088580 0.293345 0.197811 0.005901 0.414362
4 1 0.123524 0.310204 0.201835 0.004813 0.359624
1 1 0.174859 0.371182 0.274705 0.008206 0.171047
1 1 0.095642 0.344102 0.277244 0.005096 0.277916
4 4 0.110726 0.211681 0.310317 0.012763 0.354513
2 4 0.024132 0.241909 0.469676 0.005082 0.259202
4 4 0.230211 0.188834 0.161824 0.016711 0.402420
4 4 0.308421 0.237065 0.120347 0.004228 0.329939
4 4 0.336278 0.212592 0.084076 0.002764 0.364290
4 4 0.160058 0.279032 0.136476 0.002899 0.421535
4 4 0.192404 0.052712 0.041238 0.005828 0.707819
4 4 0.258761 0.083475 0.032009 0.000954 0.624802
4 4 0.144611 0.017131 0.013288 0.002184 0.822787
4 4 0.466914 0.036236 0.021303 0.004088 0.471458
2 4 0.017743 0.235978 0.382930 0.001584 0.361765
2 4 0.018848 0.175118 0.443650 0.021968 0.340416
4 4 0.020168 0.091236 0.168716 0.007131 0.712749
4 4 0.047195 0.310189 0.316242 0.003355 0.323019
1 4 0.065366 0.534797 0.181123 0.000071 0.218644
1 4 0.070315 0.445303 0.242870 0.000473 0.241038
4 4 0.230526 0.107893 0.052031 0.002202 0.607347
4 4 0.056737 0.294336 0.131819 0.001165 0.515943
1 4 0.134227 0.384376 0.229662 0.003212 0.248524
2 4 0.023299 0.363381 0.455964 0.000401 0.156955
1 4 0.138423 0.421103 0.151890 0.000909 0.287675
1 4 0.091632 0.447824 0.198837 0.000520 0.261187
1 4 0.281042 0.452567 0.078268 0.000202 0.187921
0 4 0.916212 0.037773 0.005598 0.000179 0.040238
0 4 0.777708 0.126861 0.021368 0.000340 0.073722
0 4 0.558613 0.233908 0.052541 0.000905 0.154033
4 4 0.261552 0.231928 0.050997 0.000319 0.455205
4 4 0.332800 0.103951 0.038639 0.001268 0.523341
1 4 0.073827 0.445059 0.155834 0.000240 0.325041
1 4 0.037465 0.386383 0.319358 0.000566 0.256228
4 4 0.171551 0.068202 0.191923 0.154852 0.413471
4 4 0.060532 0.316777 0.223061 0.001757 0.397872
1 4 0.080631 0.389666 0.263596 0.001639 0.264467
1 4 0.086810 0.369658 0.277282 0.002782 0.263468
2 4 0.098388 0.301527 0.547127 0.008659 0.044299
1 4 0.185971 0.419869 0.334486 0.001849 0.057825
1 4 0.227381 0.428530 0.278109 0.001821 0.064159
1 4 0.181318 0.355486 0.319373 0.009575 0.134248
1 4 0.245929 0.397231 0.256935 0.003980 0.095925
0 4 0.439869 0.332385 0.118371 0.003802 0.105573
0 4 0.442035 0.094654 0.040927 0.002653 0.419731
0 4 0.879137 0.015802 0.005819 0.001503 0.097739
0 4 0.934504 0.013050 0.005285 0.002555 0.044606
0 0 0.962666 0.008983 0.001754 0.000225 0.026372
0 0 0.901755 0.037356 0.008936 0.000785 0.051167
0 0 0.892034 0.032505 0.012049 0.002865 0.060547
0 0 0.954354 0.009607 0.003297 0.000693 0.032049
0 0 0.972053 0.002842 0.001051 0.000983 0.023071
0 0 0.955162 0.001880 0.000655 0.000499 0.041803
0 0 0.964120 0.007348 0.001691 0.000344 0.026497
0 0 0.676935 0.063458 0.025705 0.002877 0.231025
4 0 0.341659 0.018519 0.020412 0.015699 0.603712
4 0 0.466878 0.013593 0.013290 0.011921 0.494318
0 0 0.577686 0.023432 0.011257 0.002033 0.385592
4 0 0.306384 0.144515 0.051471 0.000847 0.496783
4 0 0.099079 0.132265 0.040765 0.000280 0.727610
4 1 0.140529 0.186315 0.113849 0.004438 0.554869
1 1 0.083487 0.444762 0.241993 0.000629 0.229129
1 4 0.170268 0.499161 0.074433 0.000085 0.256053
0 4 0.601670 0.134640 0.043868 0.000447 0.219375
0 4 0.977985 0.002492 0.000670 0.000344 0.018508
0 4 0.984469 0.001164 0.000324 0.000270 0.013773
0 4 0.957395 0.003973 0.002192 0.003941 0.032499
0 4 0.911692 0.011536 0.008049 0.012969 0.055754
0 4 0.668719 0.062033 0.037960 0.007752 0.223536
0 4 0.735910 0.058170 0.014116 0.000572 0.191232
1 4 0.072963 0.466935 0.123709 0.000057 0.336336
4 4 0.031755 0.251389 0.068878 0.000027 0.647950
4 4 0.071091 0.047344 0.012654 0.000068 0.868842
4 4 0.113527 0.036809 0.013519 0.000243 0.835903
1 4 0.011929 0.413103 0.208644 0.000021 0.366303
4 4 0.007763 0.359274 0.226726 0.000024 0.406212
1 4 0.013319 0.397627 0.222290 0.000037 0.366728
4 4 0.018889 0.357700 0.227474 0.000144 0.395792
1 4 0.005305 0.368934 0.282610 0.000014 0.343137
4 2 0.002196 0.232432 0.362341 0.000049 0.402984
4 2 0.008616 0.217678 0.121162 0.000029 0.652515
2 2 0.011072 0.354664 0.370354 0.000109 0.263802
1 2 0.045873 0.362106 0.286837 0.001089 0.304094
1 2 0.049819 0.386003 0.276333 0.000803 0.287042
4 2 0.015066 0.281024 0.069253 0.000009 0.634648
4 2 0.009634 0.350696 0.236698 0.000046 0.402927
4 2 0.006377 0.182584 0.192315 0.000234 0.618489
4 2 0.024438 0.312993 0.129553 0.000065 0.532950
4 2 0.065502 0.086443 0.043195 0.000388 0.804473
4 2 0.066460 0.145061 0.087961 0.001098 0.699420
4 2 0.020945 0.284996 0.109017 0.000087 0.584954
2 2 0.005425 0.221502 0.516079 0.000555 0.256440
2 2 0.010063 0.323949 0.353529 0.000150 0.312308
2 4 0.010660 0.312007 0.413635 0.000247 0.263450
2 4 0.027875 0.379535 0.387316 0.000424 0.204849
1 4 0.107389 0.397722 0.172381 0.000375 0.322132
1 4 0.093878 0.448854 0.134877 0.000239 0.322152
1 4 0.124914 0.438072 0.212330 0.000773 0.223911
1 4 0.034459 0.458860 0.272337 0.000125 0.234219
1 4 0.051201 0.499444 0.194331 0.000086 0.254938
1 4 0.123026 0.553651 0.171865 0.000122 0.151337
1 1 0.189541 0.546400 0.159200 0.000164 0.104694
2 1 0.038969 0.255448 0.594710 0.011389 0.099485
2 1 0.029928 0.251840 0.607828 0.005535 0.104869
1 1 0.077403 0.449407 0.214799 0.000436 0.257956
1 1 0.027576 0.554484 0.246884 0.000017 0.171039
1 1 0.019102 0.536116 0.179472 0.000007 0.265303
1 1 0.009507 0.436836 0.321834 0.000017 0.231805
1 1 0.043073 0.496258 0.216930 0.000079 0.243660
2 1 0.009112 0.150584 0.749329 0.009362 0.081614
2 1 0.004650 0.180820 0.535646 0.001303 0.277582
2 1 0.008581 0.328961 0.435702 0.000117 0.226639
1 1 0.084802 0.442854 0.320691 0.000826 0.150827
0 1 0.770710 0.166942 0.013454 0.000048 0.048846
0 1 0.317569 0.286435 0.199570 0.008240 0.188186
1 1 0.128250 0.369033 0.297831 0.005331 0.199555
2 1 0.041751 0.220630 0.602187 0.025233 0.110199
2 1 0.014276 0.147378 0.718108 0.024612 0.095626
2 1 0.020329 0.163681 0.701220 0.028701 0.086069
2 1 0.004586 0.080660 0.837708 0.040351 0.036695
2 2 0.136085 0.361065 0.397130 0.009004 0.096716
2 2 0.033232 0.263502 0.621196 0.004311 0.077759
2 2 0.020953 0.281120 0.597502 0.001617 0.098809
2 2 0.007885 0.183446 0.717373 0.003270 0.088026
2 2 0.011146 0.151939 0.813901 0.004793 0.018221
0 2 0.343000 0.256998 0.307627 0.007870 0.084505
1 2 0.136100 0.456023 0.290813 0.001064 0.115999
2 2 0.004858 0.144526 0.823900 0.001212 0.025503
2 2 0.036939 0.324573 0.566709 0.001290 0.070489
2 2 0.009037 0.141563 0.830824 0.003332 0.015243
2 2 0.000295 0.034457 0.948674 0.003698 0.012876
2 2 0.000071 0.011865 0.960789 0.022825 0.004449
2 2 0.000190 0.015944 0.961918 0.018856 0.003092
2 2 0.000048 0.007209 0.964550 0.027025 0.001168
2 2 0.000097 0.015001 0.962388 0.010230 0.012284
2 2 0.003881 0.060536 0.836143 0.069834 0.029606
2 2 0.085216 0.323596 0.334238 0.003074 0.253875
2 2 0.037252 0.155374 0.646751 0.025840 0.134783
2 2 0.000795 0.028242 0.913881 0.049460 0.007621
2 2 0.001105 0.035270 0.896039 0.054773 0.012812
2 2 0.000241 0.016264 0.899109 0.077629 0.006757
2 2 0.003694 0.098433 0.807061 0.008801 0.082011
2 2 0.000556 0.050133 0.918823 0.005066 0.025422
2 2 0.001306 0.085795 0.824845 0.005396 0.082657
2 2 0.000063 0.011413 0.973132 0.012366 0.003026
2 2 0.000421 0.041792 0.926737 0.005883 0.025168
2 2 0.003363 0.156749 0.729390 0.001837 0.108661
2 2 0.002227 0.126133 0.790214 0.001856 0.079570
2 2 0.000168 0.030483 0.936601 0.005961 0.026788
2 2 0.000403 0.029299 0.929261 0.025515 0.015522
2 2 0.000842 0.051115 0.901195 0.013381 0.033467
2 2 0.000333 0.039245 0.929570 0.005286 0.025565
2 2 0.000267 0.027178 0.944320 0.014121 0.014114
2 2 0.000606 0.027488 0.881345 0.066737 0.023825
2 2 0.007322 0.142652 0.766515 0.012455 0.071057
2 2 0.010650 0.098096 0.788148 0.064205 0.038901
2 2 0.001061 0.011881 0.520646 0.463607 0.002804
2 2 0.000404 0.007998 0.551830 0.437676 0.002093
2 2 0.000172 0.013390 0.897505 0.083826 0.005107
2 2 0.000314 0.013054 0.792275 0.189415 0.004942
3 2 0.001977 0.012256 0.348494 0.624220 0.013053
3 2 0.000842 0.007167 0.416621 0.570970 0.004400
3 2 0.007519 0.029271 0.390710 0.525639 0.046861
3 2 0.002225 0.005387 0.169614 0.816279 0.006496
2 2 0.054052 0.130921 0.729113 0.048139 0.037774
2 2 0.000775 0.021778 0.838006 0.133405 0.006037
2 2 0.000501 0.015875 0.781374 0.197462 0.004788
2 2 0.004922 0.049306 0.673083 0.220423 0.052266
2 2 0.002113 0.079832 0.870812 0.012058 0.035186
2 2 0.002054 0.067280 0.868113 0.025109 0.037444
2 2 0.001160 0.018870 0.715373 0.258420 0.006177
3 2 0.001433 0.006468 0.262720 0.721290 0.008089
2 2 0.001078 0.026613 0.784936 0.173523 0.013850
2 2 0.002053 0.022262 0.613243 0.349856 0.012586
3 2 0.002400 0.012393 0.336251 0.639665 0.009291
3 2 0.001351 0.014189 0.423803 0.554403 0.006255
3 2 0.002952 0.004673 0.131124 0.856830 0.004421
3 2 0.001583 0.008805 0.310872 0.666190 0.012550
3 2 0.004755 0.021946 0.411820 0.511378 0.050101
2 3 0.121442 0.191656 0.555469 0.079866 0.051568
2 3 0.018065 0.121907 0.702060 0.072512 0.085457
2 3 0.002021 0.047644 0.786319 0.097431 0.066585
2 3 0.000240 0.020676 0.922794 0.044710 0.011581
2 3 0.000348 0.013310 0.785156 0.197209 0.003977
1 3 0.127292 0.440512 0.394971 0.001234 0.035992
2 2 0.023829 0.079549 0.727791 0.151806 0.017026
3 2 0.001112 0.010914 0.454648 0.528724 0.004602
2 2 0.001086 0.020325 0.728428 0.244624 0.005537
2 2 0.052608 0.210710 0.683005 0.024159 0.029518
2 2 0.001148 0.014987 0.646010 0.335859 0.001996
3 2 0.003968 0.020774 0.424756 0.545483 0.005019
2 2 0.068990 0.224088 0.633373 0.037226 0.036323
2 2 0.077316 0.228459 0.615933 0.036854 0.041438
2 2 0.008994 0.098681 0.796518 0.058199 0.037608
2 2 0.000854 0.034555 0.941938 0.016176 0.006478
2 2 0.000493 0.016823 0.886752 0.092957 0.002975
2 2 0.010176 0.105593 0.826837 0.032906 0.024487
2 2 0.142538 0.163791 0.550209 0.084149 0.059313
2 2 0.051834 0.141924 0.700355 0.045542 0.060345
2 2 0.000703 0.036981 0.935626 0.015743 0.010947
2 2 0.011979 0.097991 0.670235 0.043932 0.175864
2 2 0.000714 0.039353 0.881366 0.043560 0.035007
2 2 0.000851 0.050451 0.877267 0.023127 0.048304
2 2 0.002142 0.137923 0.722702 0.001781 0.135452
2 2 0.001176 0.057227 0.911663 0.011048 0.018886
2 2 0.002004 0.057239 0.887420 0.033637 0.019700
2 2 0.006267 0.063684 0.813386 0.097245 0.019418
2 2 0.002012 0.069429 0.900815 0.009554 0.018189
2 2 0.000142 0.028032 0.958963 0.002211 0.010652
2 2 0.014328 0.240070 0.625750 0.002520 0.117333
1 2 0.243578 0.376699 0.241781 0.006309 0.131633
1 0 0.400720 0.414622 0.113393 0.000551 0.070714
1 1 0.233255 0.521335 0.197356 0.000212 0.047842
1 1 0.224452 0.605391 0.136466 0.000024 0.033666
4 1 0.295576 0.241552 0.098571 0.001407 0.362894
4 1 0.188533 0.169580 0.088974 0.003306 0.549607
1 1 0.094931 0.426307 0.263653 0.001149 0.213960
2 1 0.032316 0.194261 0.719401 0.018097 0.035925
2 1 0.110549 0.350249 0.466807 0.005845 0.066549
2 1 0.216644 0.304297 0.363019 0.028659 0.087382
1 1 0.238030 0.372949 0.304454 0.006121 0.078446
2 1 0.050864 0.303935 0.416169 0.005595 0.223436
4 1 0.040346 0.294557 0.176246 0.001144 0.487707
4 1 0.078855 0.222596 0.183630 0.002208 0.512710
1 1 0.044040 0.415099 0.363207 0.000497 0.177157
1 1 0.087535 0.555519 0.230173 0.000102 0.126670
1 1 0.136170 0.468208 0.242544 0.000817 0.152262
1 1 0.149955 0.430620 0.173997 0.001119 0.244310
4 1 0.238291 0.121157 0.031883 0.000326 0.608342
4 1 0.022714 0.103228 0.032112 0.000066 0.841880
4 1 0.039677 0.053729 0.028436 0.000395 0.877764
1 1 0.131682 0.358646 0.150741 0.002258 0.356673
1 1 0.170370 0.455334 0.199095 0.001043 0.174158
1 1 0.234989 0.396068 0.123361 0.000640 0.244943
4 1 0.072182 0.027737 0.018250 0.000979 0.880852
4 1 0.017574 0.146665 0.159503 0.005381 0.670877
4 1 0.030755 0.313922 0.212662 0.000698 0.441963
4 1 0.022980 0.286083 0.319348 0.001385 0.370203
2 1 0.007731 0.182130 0.665417 0.003625 0.141097
1 1 0.083251 0.392148 0.343020 0.002092 0.179489
1 1 0.073210 0.415557 0.303859 0.001056 0.206318
2 1 0.034340 0.327308 0.372168 0.001622 0.264562
2 1 0.009773 0.174823 0.591519 0.006659 0.217225
2 1 0.016678 0.203521 0.523671 0.008154 0.247976
4 1 0.023652 0.029505 0.033913 0.002734 0.910196
4 1 0.027933 0.074023 0.032859 0.000237 0.864947
4 1 0.062500 0.042192 0.016356 0.000197 0.878755
4 1 0.016832 0.248200 0.135836 0.000289 0.598843
4 1 0.005180 0.155732 0.386602 0.002575 0.449911
2 1 0.003005 0.112532 0.653102 0.009657 0.221704
