0 0 0.985970 0.003414 0.000786 0.000028 0.009802
0 0 0.974491 0.004985 0.000343 0.000000 0.020181
0 0 0.594127 0.029218 0.003912 0.000001 0.372742
0 0 0.940312 0.008452 0.001416 0.000005 0.049815
0 0 0.819214 0.021243 0.003973 0.000011 0.155559
0 0 0.990280 0.004081 0.000310 0.000002 0.005327
0 0 0.942299 0.027294 0.003603 0.000099 0.026704
0 0 0.995502 0.002943 0.000362 0.000059 0.001135
0 0 0.987687 0.007600 0.001339 0.000529 0.002844
0 0 0.973612 0.014596 0.001699 0.000066 0.010027
0 0 0.969004 0.019855 0.002302 0.000030 0.008809
0 0 0.944237 0.044100 0.005699 0.000007 0.005956
0 0 0.571754 0.345242 0.051793 0.000004 0.031207
0 0 0.875263 0.069443 0.006056 0.000006 0.049233
0 0 0.687914 0.197757 0.016451 0.000001 0.097877
0 0 0.914504 0.047059 0.003046 0.000001 0.035391
0 0 0.741598 0.197219 0.021428 0.000002 0.039752
0 0 0.660689 0.195736 0.017809 0.000004 0.125762
0 1 0.561068 0.271063 0.032244 0.000011 0.135614
4 1 0.092433 0.238284 0.062485 0.000008 0.606790
4 1 0.022344 0.288218 0.236691 0.002936 0.449812
4 4 0.027888 0.234259 0.166652 0.003061 0.568140
4 4 0.028725 0.251526 0.201659 0.013053 0.505036
4 4 0.025526 0.104222 0.056628 0.001110 0.812514
4 4 0.023014 0.107774 0.063989 0.001693 0.803529
4 4 0.019940 0.188627 0.157458 0.007684 0.626290
4 4 0.008060 0.150004 0.154633 0.001766 0.685537
4 4 0.014033 0.110177 0.089379 0.005266 0.781145
4 4 0.023194 0.147078 0.110517 0.011063 0.708149
4 4 0.018263 0.050384 0.019548 0.000040 0.911765
4 4 0.018243 0.072358 0.036716 0.000291 0.872392
4 4 0.011046 0.064482 0.040792 0.000457 0.883222
4 4 0.023791 0.072401 0.031265 0.000165 0.872379
4 4 0.019731 0.088275 0.049535 0.000752 0.841708
4 4 0.050072 0.069915 0.018736 0.000028 0.861249
4 4 0.013587 0.018451 0.004109 0.000000 0.963852
4 4 0.009366 0.012371 0.002582 0.000000 0.975681
4 4 0.020972 0.010355 0.001164 0.000000 0.967509
4 4 0.024352 0.020691 0.003515 0.000000 0.951441
4 4 0.035135 0.023801 0.003586 0.000000 0.937478
4 4 0.030007 0.170965 0.123509 0.016237 0.659282
4 4 0.012956 0.103097 0.084215 0.004728 0.795005
4 4 0.012474 0.100687 0.082678 0.004476 0.799685
4 4 0.009434 0.208609 0.222096 0.002044 0.557817
4 4 0.004116 0.129560 0.257497 0.001531 0.607297
4 4 0.013300 0.170638 0.156652 0.003973 0.655437
4 4 0.007329 0.071884 0.063411 0.002090 0.855286
4 4 0.024819 0.153089 0.113870 0.012230 0.695992
4 4 0.010103 0.088186 0.074527 0.003306 0.823878
4 4 0.005681 0.085334 0.084753 0.001240 0.822992
4 4 0.011076 0.107767 0.212728 0.016949 0.651480
2 4 0.002737 0.046245 0.655321 0.083877 0.211820
2 4 0.000813 0.021974 0.805935 0.080884 0.090395
2 4 0.000149 0.009666 0.926350 0.029433 0.034402
2 4 0.000452 0.013671 0.836622 0.113017 0.036238
2 2 0.000997 0.006336 0.527769 0.452112 0.012786
2 2 0.002387 0.012463 0.846663 0.098693 0.039794
3 2 0.003360 0.010416 0.414083 0.560965 0.011177
2 2 0.000057 0.003461 0.958328 0.035421 0.002733
2 2 0.000201 0.006157 0.952755 0.038303 0.002585
3 2 0.000039 0.000133 0.081052 0.918716 0.000059
3 2 0.000248 0.000622 0.089214 0.909602 0.000315
3 2 0.000532 0.001083 0.070920 0.926979 0.000485
3 3 0.003490 0.004966 0.088111 0.901005 0.002428
3 3 0.027511 0.013570 0.280494 0.666485 0.011940
3 3 0.035923 0.036257 0.255677 0.641396 0.030747
3 3 0.008911 0.035339 0.351233 0.568579 0.035938
3 3 0.002167 0.008068 0.226264 0.757422 0.006079
3 3 0.000366 0.000279 0.016576 0.982718 0.000061
3 3 0.000327 0.000298 0.041325 0.957972 0.000078
3 3 0.000033 0.000067 0.023751 0.976132 0.000017
3 3 0.002648 0.002747 0.067174 0.926529 0.000902
3 3 0.000811 0.001076 0.066129 0.931619 0.000365
3 3 0.000406 0.000709 0.055327 0.943256 0.000301
3 3 0.008686 0.008465 0.088936 0.888746 0.005168
3 3 0.002088 0.000947 0.016114 0.980648 0.000204
3 3 0.006197 0.001824 0.013843 0.977767 0.000369
3 3 0.008970 0.005301 0.037662 0.946481 0.001587
3 3 0.005277 0.001218 0.009740 0.983546 0.000219
3 3 0.003306 0.001412 0.018511 0.976430 0.000341
3 3 0.003840 0.001728 0.020090 0.973932 0.000410
3 3 0.061403 0.008787 0.012219 0.915885 0.001706
3 3 0.026450 0.003043 0.007186 0.962830 0.000490
3 3 0.012840 0.002870 0.012688 0.971041 0.000562
3 3 0.002653 0.001038 0.014622 0.981471 0.000215
3 3 0.007891 0.003631 0.027563 0.959897 0.001018
3 3 0.004625 0.001394 0.014162 0.979495 0.000324
3 3 0.001076 0.000298 0.007028 0.991549 0.000049
3 3 0.006453 0.002035 0.015258 0.975828 0.000426
3 3 0.000446 0.000097 0.003861 0.995583 0.000013
3 3 0.001059 0.000427 0.011048 0.987385 0.000081
3 3 0.000510 0.000238 0.010257 0.988951 0.000044
3 3 0.001309 0.000536 0.012103 0.985947 0.000105
3 3 0.003042 0.001027 0.012803 0.982924 0.000203
3 3 0.000925 0.000131 0.002939 0.995989 0.000016
3 3 0.000229 0.000078 0.005251 0.994430 0.000012
3 3 0.000113 0.000032 0.003289 0.996562 0.000004
3 3 0.001392 0.000518 0.010996 0.986996 0.000098
3 3 0.001617 0.000620 0.012028 0.985614 0.000121
3 3 0.012071 0.002862 0.015006 0.969364 0.000697
3 3 0.009891 0.001391 0.006600 0.981899 0.000218
3 3 0.003760 0.001710 0.027387 0.966455 0.000688
3 3 0.025014 0.004077 0.013272 0.956560 0.001076
3 3 0.144353 0.035559 0.028972 0.781494 0.009622
3 3 0.026636 0.019615 0.069485 0.876844 0.007419
3 3 0.006640 0.023714 0.335551 0.605667 0.028428
3 3 0.002543 0.009512 0.295378 0.680795 0.011771
3 3 0.001258 0.003710 0.278417 0.714262 0.002352
3 3 0.005827 0.008387 0.188155 0.793911 0.003720
3 2 0.010473 0.022723 0.359253 0.596825 0.010726
4 2 0.291485 0.189796 0.088421 0.002192 0.428106
4 0 0.258088 0.084430 0.022140 0.000035 0.635307
1 0 0.199036 0.362893 0.119045 0.000059 0.318968
4 1 0.014069 0.092675 0.058006 0.000394 0.834856
4 1 0.013140 0.120270 0.335815 0.046050 0.484725
2 1 0.000803 0.053277 0.832315 0.006469 0.107136
2 1 0.014778 0.172934 0.399364 0.031598 0.381327
2 2 0.011290 0.079197 0.519458 0.226542 0.163513
4 2 0.046303 0.217125 0.146016 0.031522 0.559033
4 2 0.031101 0.215589 0.157292 0.010081 0.585937
4 2 0.042084 0.186479 0.097524 0.001311 0.672602
4 2 0.029055 0.149893 0.130294 0.009143 0.681614
2 2 0.002712 0.077201 0.790519 0.033868 0.095700
2 2 0.002405 0.025977 0.882843 0.070627 0.018148
2 2 0.004076 0.055321 0.817094 0.046824 0.076685
3 2 0.002523 0.014805 0.378917 0.591882 0.011872
2 2 0.000212 0.015112 0.947383 0.030167 0.007126
2 2 0.000377 0.019782 0.923239 0.049576 0.007027
2 2 0.000052 0.005148 0.981476 0.010714 0.002610
2 2 0.004113 0.066226 0.808574 0.031972 0.089115
2 2 0.001710 0.010657 0.616206 0.359421 0.012005
2 2 0.003622 0.016222 0.707110 0.257807 0.015239
2 2 0.000049 0.001976 0.800804 0.195992 0.001180
3 2 0.002419 0.004871 0.251347 0.738290 0.003072
3 2 0.019157 0.041427 0.445266 0.452579 0.041571
3 2 0.001828 0.005130 0.171646 0.818955 0.002441
3 2 0.011178 0.041540 0.372968 0.530788 0.043526
2 2 0.006369 0.015810 0.640012 0.330601 0.007208
2 2 0.003878 0.019266 0.688132 0.284314 0.004409
3 2 0.098578 0.064355 0.315949 0.487962 0.033155
3 2 0.005934 0.003234 0.088382 0.901450 0.001000
3 2 0.002091 0.006132 0.219639 0.770075 0.002064
3 2 0.000808 0.002515 0.121081 0.874393 0.001203
3 2 0.000251 0.000418 0.037424 0.961785 0.000122
3 2 0.000126 0.000273 0.043028 0.956513 0.000060
3 3 0.002178 0.003097 0.101458 0.892110 0.001157
3 3 0.001334 0.000556 0.014053 0.983945 0.000112
3 3 0.001216 0.001184 0.033684 0.963587 0.000329
3 3 0.008493 0.007484 0.058647 0.922839 0.002536
3 3 0.004424 0.003406 0.067230 0.923865 0.001075
3 3 0.003321 0.002881 0.052565 0.939926 0.001306
3 3 0.001517 0.000581 0.011759 0.986030 0.000113
3 3 0.000781 0.000633 0.023208 0.975222 0.000155
3 3 0.005734 0.001967 0.017337 0.974491 0.000471
3 3 0.001194 0.000349 0.007762 0.990636 0.000059
3 3 0.001352 0.000476 0.010199 0.987884 0.000088
3 3 0.002942 0.000646 0.007498 0.988806 0.000107
3 3 0.009166 0.001483 0.007634 0.981472 0.000245
3 3 0.001801 0.000874 0.016626 0.980509 0.000190
3 3 0.004175 0.001458 0.019429 0.974623 0.000316
3 3 0.002618 0.000601 0.010977 0.985678 0.000126
3 3 0.000401 0.000124 0.005717 0.993738 0.000019
3 3 0.002181 0.000508 0.008830 0.988388 0.000092
3 3 0.004978 0.001703 0.017978 0.974875 0.000466
3 3 0.017486 0.001654 0.004932 0.975692 0.000235
3 3 0.002221 0.000458 0.006298 0.990951 0.000072
3 3 0.007641 0.000529 0.002539 0.989231 0.000060
3 3 0.004320 0.000288 0.001988 0.993374 0.000030
3 3 0.005851 0.000449 0.002624 0.991024 0.000052
3 3 0.001364 0.000349 0.006917 0.991314 0.000057
3 3 0.007124 0.000509 0.002572 0.989736 0.000058
3 3 0.044669 0.001114 0.001312 0.952804 0.000102
3 3 0.048657 0.001881 0.002306 0.946949 0.000207
3 3 0.007631 0.000384 0.001716 0.990230 0.000038
3 3 0.022875 0.000931 0.001922 0.974176 0.000096
3 3 0.030321 0.005810 0.013973 0.948723 0.001174
3 3 0.002489 0.000605 0.008003 0.988800 0.000102
3 3 0.002363 0.000290 0.003416 0.993894 0.000037
3 3 0.000531 0.000122 0.004382 0.994947 0.000017
3 3 0.003637 0.001262 0.017959 0.976751 0.000391
3 3 0.006296 0.000466 0.002577 0.990608 0.000054
3 3 0.000247 0.000040 0.002157 0.997552 0.000004
3 3 0.021180 0.001112 0.002558 0.975023 0.000127
3 3 0.007078 0.000507 0.002576 0.989781 0.000058
3 3 0.000110 0.000029 0.003030 0.996827 0.000004
3 3 0.000265 0.000057 0.003142 0.996530 0.000007
3 3 0.001294 0.000128 0.002117 0.996448 0.000014
3 3 0.004869 0.000329 0.002107 0.992661 0.000035
3 3 0.001941 0.000262 0.003943 0.993813 0.000040
3 3 0.003749 0.000426 0.003642 0.992128 0.000055
3 3 0.039996 0.001148 0.001505 0.957241 0.000110
3 3 0.015790 0.000758 0.002076 0.981296 0.000081
3 3 0.002741 0.000858 0.011572 0.984659 0.000170
3 3 0.042643 0.002095 0.002966 0.952045 0.000251
3 3 0.002827 0.000508 0.006232 0.990345 0.000087
3 3 0.008135 0.001122 0.006026 0.984547 0.000171
3 3 0.010263 0.001499 0.007573 0.980391 0.000275
3 3 0.002232 0.000601 0.009487 0.987559 0.000121
3 3 0.006381 0.000659 0.003892 0.988981 0.000087
3 3 0.002586 0.000441 0.005256 0.991653 0.000065
3 3 0.002234 0.000219 0.002544 0.994977 0.000025
3 3 0.077445 0.005215 0.005235 0.911343 0.000762
3 3 0.009297 0.000899 0.004294 0.985379 0.000131
3 3 0.004587 0.000557 0.004239 0.990541 0.000076
3 3 0.001122 0.000214 0.004672 0.993960 0.000032
3 3 0.008956 0.000732 0.003286 0.986935 0.000091
3 3 0.016142 0.001905 0.006290 0.975369 0.000294
3 3 0.004419 0.001027 0.009248 0.985124 0.000182
3 3 0.005056 0.000616 0.004400 0.989843 0.000085
3 3 0.040940 0.002657 0.004115 0.951933 0.000355
3 3 0.001173 0.000130 0.002350 0.996333 0.000015
3 3 0.006838 0.000520 0.002739 0.989842 0.000061
3 3 0.002275 0.000273 0.003271 0.994147 0.000034
3 3 0.000858 0.000101 0.002269 0.996760 0.000011
3 3 0.004524 0.000372 0.002611 0.992450 0.000043
3 3 0.002004 0.000261 0.003453 0.994248 0.000033
3 3 0.004286 0.000469 0.003645 0.991539 0.000061
3 3 0.028989 0.005527 0.013689 0.950686 0.001109
3 3 0.028100 0.001398 0.002631 0.967711 0.000161
3 3 0.006534 0.000220 0.000995 0.992232 0.000018
3 3 0.001073 0.000242 0.005454 0.993195 0.000036
3 3 0.002711 0.000581 0.007071 0.989542 0.000094
3 3 0.006024 0.000452 0.002579 0.990893 0.000052
3 3 0.000247 0.000047 0.002668 0.997033 0.000006
3 3 0.001107 0.000200 0.004345 0.994319 0.000029
3 3 0.013631 0.000442 0.001222 0.984666 0.000039
3 3 0.000403 0.000033 0.001139 0.998421 0.000003
3 3 0.001054 0.000095 0.001771 0.997070 0.000010
3 3 0.007046 0.000458 0.002282 0.990164 0.000050
3 3 0.000860 0.000126 0.002967 0.996033 0.000015
3 3 0.000571 0.000101 0.003259 0.996056 0.000013
3 3 0.001734 0.000188 0.002636 0.995420 0.000022
3 3 0.002883 0.000202 0.001842 0.995052 0.000021
3 3 0.002355 0.000319 0.003838 0.993446 0.000042
3 3 0.006523 0.000963 0.006074 0.986292 0.000147
3 3 0.001488 0.000101 0.001402 0.997000 0.000010
3 3 0.001067 0.000163 0.003371 0.995379 0.000021
3 3 0.000561 0.000042 0.001117 0.998276 0.000004
3 3 0.002466 0.000207 0.002172 0.995133 0.000023
3 3 0.001520 0.000160 0.002628 0.995672 0.000020
3 3 0.000822 0.000184 0.004925 0.994042 0.000027
3 3 0.004199 0.000417 0.003388 0.991939 0.000057
3 3 0.002870 0.000323 0.003285 0.993480 0.000041
3 3 0.001386 0.000313 0.005977 0.992276 0.000048
3 3 0.013648 0.001871 0.007139 0.977041 0.000301
3 3 0.002539 0.000181 0.001797 0.995465 0.000019
3 3 0.010812 0.000644 0.002377 0.986095 0.000072
3 3 0.001736 0.000285 0.004373 0.993566 0.000040
3 3 0.007344 0.001305 0.007935 0.983196 0.000219
3 3 0.009066 0.001649 0.008895 0.980097 0.000292
3 3 0.003710 0.000862 0.008805 0.986470 0.000153
3 3 0.005654 0.000567 0.003605 0.990101 0.000073
3 3 0.000727 0.000089 0.002266 0.996907 0.000010
3 3 0.003828 0.000703 0.011021 0.984255 0.000193
3 3 0.432679 0.013578 0.019006 0.532281 0.002455
0 3 0.903075 0.042234 0.014959 0.012385 0.027346
0 3 0.575967 0.083650 0.046777 0.260882 0.032723
3 3 0.091749 0.123952 0.219779 0.430436 0.134085
2 3 0.010061 0.049952 0.511097 0.181590 0.247299
4 0 0.054657 0.054186 0.018608 0.000040 0.872509
0 0 0.980701 0.012606 0.003091 0.000723 0.002879
0 0 0.877199 0.091130 0.018094 0.000128 0.013449
0 0 0.396478 0.373907 0.124126 0.003165 0.102324
2 1 0.011646 0.070993 0.742608 0.130523 0.044231
3 1 0.009794 0.045717 0.362964 0.559518 0.022007
4 1 0.055044 0.230443 0.275134 0.152371 0.287009
4 4 0.030547 0.172723 0.124430 0.016678 0.655621
4 4 0.020119 0.135077 0.103654 0.008971 0.732180
4 4 0.036821 0.191889 0.134153 0.022133 0.615003
4 4 0.047401 0.219796 0.147204 0.032699 0.552899
4 4 0.026980 0.160765 0.118070 0.013848 0.680338
4 4 0.022319 0.143750 0.108636 0.010451 0.714843
4 4 0.028103 0.164621 0.120145 0.014717 0.672414
4 4 0.023955 0.149918 0.112108 0.011604 0.702415
4 4 0.024478 0.151844 0.113180 0.011981 0.698516
4 4 0.022111 0.116148 0.074819 0.002876 0.784046
4 4 0.054226 0.235352 0.153836 0.040441 0.516144
4 4 0.043090 0.209024 0.142331 0.028186 0.577369
4 4 0.013237 0.104486 0.085096 0.004877 0.792305
4 4 0.010993 0.093010 0.077708 0.003731 0.814558
4 4 0.067387 0.251996 0.239015 0.106693 0.334909
2 4 0.031888 0.139279 0.413295 0.067410 0.348128
2 0 0.009955 0.195305 0.633291 0.028531 0.132918
2 1 0.000258 0.016570 0.940711 0.034196 0.008266
2 1 0.000076 0.004689 0.929014 0.064657 0.001564
2 1 0.000154 0.010793 0.942577 0.041833 0.004643
2 1 0.001726 0.079658 0.801936 0.011070 0.105610
2 1 0.001564 0.092813 0.825469 0.006685 0.073469
2 1 0.003361 0.166932 0.742054 0.005761 0.081892
2 1 0.005623 0.205530 0.664291 0.007612 0.116945
2 1 0.004095 0.134071 0.787312 0.021135 0.053387
2 1 0.022319 0.264311 0.546920 0.062095 0.104354
2 1 0.005077 0.048690 0.613021 0.312590 0.020622
2 1 0.001347 0.042706 0.845327 0.046718 0.063902
4 1 0.011927 0.113646 0.385216 0.057673 0.431537
4 1 0.012848 0.272990 0.281954 0.003214 0.428994
2 1 0.005174 0.122295 0.555214 0.015141 0.302176
2 1 0.003851 0.126503 0.559187 0.007109 0.303351
2 1 0.005544 0.127978 0.661646 0.024857 0.179975
2 2 0.000213 0.029310 0.948992 0.003620 0.017865
2 2 0.001215 0.036698 0.860334 0.069748 0.032005
4 2 0.016566 0.078313 0.248295 0.033610 0.623216
0 2 0.499264 0.062437 0.024157 0.000468 0.413674
4 0 0.356143 0.033306 0.003014 0.000000 0.607537
0 0 0.700630 0.134991 0.024592 0.001075 0.138712
4 1 0.110874 0.258437 0.160273 0.042720 0.427696
2 1 0.006990 0.057453 0.534661 0.322076 0.078820
2 2 0.002797 0.023942 0.539850 0.412791 0.020620
2 2 0.003418 0.034675 0.683620 0.199178 0.079110
2 2 0.006062 0.082365 0.743151 0.015276 0.153146
2 2 0.007522 0.042405 0.913332 0.028067 0.008673
2 2 0.007766 0.089127 0.849352 0.006837 0.046919
2 2 0.001959 0.038490 0.873721 0.001568 0.084263
2 2 0.000102 0.013796 0.979710 0.000527 0.005865
2 2 0.002981 0.067760 0.907903 0.006138 0.015218
2 2 0.003206 0.082127 0.853403 0.038697 0.022567
2 2 0.003358 0.059869 0.847947 0.055637 0.033189
2 2 0.001809 0.055639 0.859217 0.056869 0.026466
2 2 0.000669 0.038161 0.944950 0.010826 0.005394
2 2 0.006402 0.063173 0.903408 0.019550 0.007467
3 2 0.010372 0.023457 0.370389 0.583109 0.012673
3 2 0.022222 0.038255 0.342091 0.564007 0.033425
2 2 0.141342 0.120159 0.437596 0.063964 0.236938
0 0 0.343482 0.247999 0.125027 0.040291 0.243202
0 0 0.975283 0.004074 0.000605 0.000002 0.020036
0 0 0.987866 0.001598 0.000152 0.000000 0.010384
0 0 0.998209 0.001143 0.000090 0.000003 0.000556
0 0 0.995144 0.002889 0.000560 0.000686 0.000721
0 0 0.995930 0.002515 0.000453 0.000324 0.000777
0 0 0.995153 0.002921 0.000393 0.000053 0.001481
0 0 0.988351 0.002467 0.000761 0.008043 0.000378
0 0 0.964064 0.024746 0.004916 0.000423 0.005851
0 0 0.780752 0.138916 0.037972 0.002625 0.039735
1 0 0.066840 0.599486 0.291267 0.000485 0.041922
2 1 0.014163 0.355879 0.611313 0.002379 0.016266
2 1 0.062374 0.311812 0.581518 0.006421 0.037875
1 1 0.093050 0.481995 0.377535 0.000721 0.046699
2 1 0.060804 0.331555 0.584416 0.001720 0.021505
2 1 0.014683 0.120750 0.842359 0.010733 0.011476
2 1 0.009380 0.131746 0.847349 0.004161 0.007365
2 1 0.048392 0.210960 0.688037 0.005504 0.047107
2 1 0.053461 0.368357 0.514064 0.006258 0.057861
2 1 0.035735 0.318956 0.560120 0.021920 0.063269
2 1 0.019485 0.180000 0.749723 0.019994 0.030798
2 1 0.000844 0.021872 0.931080 0.044706 0.001498
2 2 0.011647 0.135415 0.817585 0.016912 0.018441
2 2 0.077551 0.144057 0.631693 0.109529 0.037170
2 2 0.022888 0.193974 0.706277 0.037273 0.039588
2 2 0.013370 0.174243 0.687176 0.086107 0.039104
2 2 0.006016 0.062984 0.776917 0.146311 0.007773
3 2 0.069350 0.050082 0.385740 0.479568 0.015260
3 2 0.010275 0.013692 0.134093 0.836131 0.005809
2 2 0.012263 0.068941 0.761102 0.091642 0.066051
2 2 0.002611 0.042781 0.896732 0.032509 0.025366
2 2 0.000751 0.031876 0.945707 0.013195 0.008470
2 2 0.000593 0.017215 0.847413 0.132961 0.001818
2 2 0.020274 0.060517 0.846568 0.044851 0.027790
0 2 0.535259 0.238274 0.106001 0.000331 0.120135
0 2 0.453721 0.276537 0.196864 0.019599 0.053280
2 2 0.038485 0.186603 0.675037 0.031120 0.068754
2 2 0.019213 0.018989 0.511827 0.430467 0.019504
2 2 0.009088 0.060152 0.780143 0.117836 0.032781
2 2 0.002552 0.011119 0.558170 0.423474 0.004685
2 2 0.000036 0.002434 0.944172 0.052615 0.000742
2 2 0.000033 0.002255 0.922447 0.074931 0.000333
2 2 0.000221 0.006520 0.795905 0.195051 0.002303
2 2 0.000317 0.009155 0.881977 0.096402 0.012149
2 2 0.000352 0.016374 0.909064 0.064228 0.009982
2 2 0.000280 0.007993 0.816725 0.172159 0.002842
2 2 0.000273 0.008574 0.904392 0.084868 0.001893
2 2 0.058064 0.170218 0.607863 0.043589 0.120266
2 2 0.017207 0.160311 0.711683 0.065414 0.045384
2 2 0.006517 0.055162 0.721750 0.153832 0.062738
2 2 0.002477 0.021524 0.693845 0.266106 0.016048
3 2 0.002083 0.007431 0.185498 0.801468 0.003520
3 2 0.001179 0.006514 0.377249 0.613654 0.001403
3 2 0.000837 0.001840 0.122833 0.873746 0.000744
3 2 0.000999 0.002279 0.122386 0.873888 0.000448
2 2 0.000691 0.011808 0.664865 0.319773 0.002863
2 2 0.000145 0.009506 0.960484 0.026034 0.003830
2 2 0.003368 0.016180 0.501737 0.456889 0.021827
2 2 0.001849 0.009048 0.636818 0.336323 0.015962
2 2 0.003292 0.012082 0.701133 0.275882 0.007611
3 2 0.005210 0.010775 0.265032 0.714751 0.004231
2 2 0.001838 0.017674 0.729093 0.245054 0.006341
2 2 0.001947 0.020236 0.617245 0.353200 0.007373
2 2 0.000519 0.011968 0.749137 0.235694 0.002682
2 2 0.000858 0.010937 0.573659 0.412565 0.001981
2 2 0.006108 0.043387 0.768226 0.148880 0.033398
3 2 0.001120 0.003894 0.347160 0.646465 0.001361
2 2 0.002444 0.015110 0.738747 0.239612 0.004088
2 2 0.000340 0.005441 0.630695 0.360312 0.003212
3 2 0.000264 0.001519 0.216610 0.780228 0.001379
3 2 0.008024 0.029062 0.383584 0.533976 0.045354
3 2 0.001926 0.002787 0.089294 0.904795 0.001197
3 2 0.004624 0.004936 0.180607 0.806585 0.003249
2 2 0.002126 0.005074 0.497906 0.488039 0.006856
3 2 0.004429 0.007468 0.250238 0.733771 0.004094
3 2 0.004791 0.012031 0.249200 0.725661 0.008317
2 2 0.201324 0.202367 0.408195 0.098315 0.089799
3 2 0.001776 0.004312 0.111430 0.880649 0.001834
2 2 0.009219 0.030372 0.611970 0.304548 0.043891
2 2 0.002428 0.027785 0.649738 0.275772 0.044278
2 2 0.002581 0.031872 0.710051 0.226281 0.029215
2 2 0.001773 0.041387 0.825014 0.098416 0.033410
2 2 0.000551 0.010362 0.710787 0.271299 0.007001
2 2 0.003065 0.052811 0.786021 0.129337 0.028766
2 2 0.000094 0.002697 0.688981 0.307157 0.001071
3 2 0.001126 0.007888 0.373044 0.609316 0.008626
3 2 0.000690 0.005455 0.372977 0.614765 0.006114
3 2 0.005711 0.020182 0.286507 0.674117 0.013483
3 2 0.016995 0.045658 0.325675 0.573954 0.037717
2 2 0.003482 0.035497 0.614498 0.331210 0.015314
2 2 0.000854 0.024893 0.927743 0.033880 0.012631
2 2 0.001021 0.015125 0.789100 0.185731 0.009023
3 2 0.000673 0.002716 0.219989 0.774794 0.001828
3 2 0.000556 0.002013 0.215102 0.780666 0.001662
2 2 0.000321 0.005114 0.604402 0.387442 0.002721
3 2 0.000487 0.001587 0.143693 0.853596 0.000637
3 2 0.000448 0.001506 0.124283 0.873375 0.000389
3 2 0.002464 0.013767 0.409210 0.571661 0.002898
2 2 0.000767 0.013096 0.712097 0.271319 0.002721
3 2 0.002480 0.012579 0.295567 0.683319 0.006056
2 2 0.009206 0.066255 0.528990 0.325265 0.070283
2 2 0.010289 0.044177 0.566396 0.325233 0.053904
3 2 0.018381 0.033412 0.408538 0.508088 0.031579
2 2 0.006906 0.020248 0.478317 0.472616 0.021913
2 2 0.000587 0.008581 0.573266 0.413773 0.003793
3 2 0.000598 0.004393 0.289334 0.702371 0.003304
2 2 0.001314 0.033049 0.842559 0.084554 0.038524
3 2 0.041489 0.050137 0.283719 0.593156 0.031500
3 2 0.060600 0.074293 0.310446 0.521784 0.032877
3 2 0.012543 0.017912 0.112502 0.849450 0.007595
3 2 0.004555 0.006657 0.096477 0.889069 0.003241
2 2 0.031535 0.048230 0.433706 0.432871 0.053658
3 2 0.010716 0.022922 0.359987 0.584036 0.022338
2 2 0.000753 0.020330 0.847680 0.123267 0.007970
2 2 0.003751 0.025452 0.481766 0.458423 0.030608
2 2 0.004427 0.037454 0.610631 0.318300 0.029188
2 2 0.027962 0.073124 0.565356 0.297324 0.036234
2 2 0.006910 0.114676 0.792884 0.022692 0.062838
2 2 0.015227 0.090311 0.619948 0.241359 0.033154
3 2 0.003415 0.013104 0.252610 0.726355 0.004517
3 2 0.005877 0.011918 0.133634 0.843501 0.005069
3 2 0.002683 0.010533 0.251225 0.727345 0.008213
3 2 0.002645 0.012993 0.302854 0.674198 0.007310
2 2 0.000992 0.012941 0.662927 0.318857 0.004282
3 2 0.002953 0.006078 0.128486 0.860246 0.002237
3 2 0.001435 0.001904 0.059276 0.936598 0.000786
3 2 0.021907 0.029185 0.438248 0.482595 0.028065
2 2 0.003229 0.029549 0.721938 0.241742 0.003542
2 2 0.000718 0.015666 0.745189 0.235966 0.002461
3 2 0.001516 0.006119 0.216702 0.771304 0.004358
3 2 0.003425 0.005452 0.129578 0.858040 0.003505
3 2 0.000597 0.002528 0.147939 0.847717 0.001220
3 2 0.001728 0.004520 0.135762 0.855499 0.002491
3 2 0.003054 0.011477 0.258742 0.717060 0.009667
2 2 0.013917 0.111609 0.491240 0.158506 0.224728
2 2 0.023632 0.192095 0.369022 0.060246 0.355005
4 1 0.052561 0.289681 0.200304 0.035939 0.421516
4 1 0.028639 0.161818 0.127174 0.013629 0.668741
4 4 0.019992 0.134563 0.103355 0.008888 0.733202
4 4 0.011751 0.057863 0.032527 0.000219 0.897640
4 4 0.015277 0.041942 0.015851 0.000022 0.926909
4 4 0.019511 0.082963 0.043289 0.000359 0.853877
4 4 0.022413 0.080640 0.039127 0.000342 0.857478
4 4 0.016543 0.068988 0.035863 0.000276 0.878331
4 4 0.011977 0.037138 0.014886 0.000019 0.935981
4 4 0.023109 0.064086 0.025733 0.000089 0.886983
4 4 0.029379 0.075684 0.029710 0.000134 0.865092
4 4 0.009738 0.043383 0.023201 0.000082 0.923596
4 4 0.006683 0.014532 0.004187 0.000000 0.974598
4 4 0.020877 0.051235 0.017928 0.000021 0.909938
4 4 0.053186 0.170493 0.086344 0.004299 0.685678
4 4 0.065887 0.131202 0.047691 0.000562 0.754658
4 4 0.030133 0.110361 0.056584 0.001078 0.801843
4 4 0.025648 0.149370 0.106754 0.009649 0.708579
4 4 0.031181 0.163707 0.111504 0.011077 0.682530
4 4 0.055090 0.108256 0.037920 0.000268 0.798466
4 4 0.024971 0.032933 0.007735 0.000002 0.934358
4 4 0.063173 0.174287 0.076833 0.001798 0.683909
4 4 0.027711 0.163285 0.119428 0.014411 0.675165
4 4 0.015957 0.082897 0.050523 0.000837 0.849785
4 4 0.011309 0.034858 0.013813 0.000015 0.940005
4 4 0.021365 0.047414 0.015991 0.000020 0.915210
4 4 0.017156 0.055109 0.023727 0.000074 0.903935
4 4 0.019057 0.051194 0.019583 0.000040 0.910126
4 4 0.042606 0.043327 0.013179 0.000013 0.900875
4 4 0.014437 0.040582 0.015495 0.000020 0.929467
4 4 0.021806 0.194990 0.155334 0.006190 0.621680
0 4 0.642421 0.141558 0.044115 0.006350 0.165556
4 4 0.049476 0.327510 0.226847 0.017944 0.378223
2 4 0.021373 0.274022 0.467001 0.031412 0.206192
2 4 0.005749 0.171397 0.724200 0.017380 0.081274
2 4 0.001101 0.094369 0.853307 0.003439 0.047786
2 2 0.003908 0.118416 0.761847 0.021709 0.094120
2 2 0.013158 0.117651 0.519332 0.138108 0.211751
2 2 0.000497 0.013017 0.799931 0.132772 0.053783
2 2 0.000119 0.005519 0.878834 0.108574 0.006953
2 2 0.000331 0.017045 0.920447 0.054456 0.007721
2 2 0.000026 0.001741 0.975802 0.021254 0.001176
2 2 0.000124 0.004069 0.836734 0.153466 0.005608
2 2 0.000431 0.030370 0.905340 0.002725 0.061134
2 2 0.000060 0.009632 0.977212 0.002755 0.010340
2 2 0.000084 0.009472 0.969884 0.012876 0.007685
2 2 0.000399 0.022066 0.943765 0.021504 0.012266
2 2 0.002774 0.055849 0.815399 0.025760 0.100218
2 2 0.004340 0.121225 0.786317 0.031493 0.056626
2 2 0.002213 0.078659 0.781056 0.018588 0.119483
2 2 0.000724 0.028042 0.892609 0.054078 0.024546
0 2 0.444449 0.207643 0.105363 0.004935 0.237610
4 0 0.359289 0.176305 0.072180 0.000852 0.391374
0 0 0.558224 0.263190 0.085789 0.006240 0.086557
2 0 0.042346 0.296642 0.495625 0.031098 0.134289
2 1 0.005344 0.060454 0.786865 0.008519 0.138819
2 1 0.002335 0.050860 0.783966 0.035768 0.127071
2 1 0.005561 0.099729 0.812079 0.019094 0.063537
2 2 0.003974 0.080732 0.847373 0.001224 0.066698
2 2 0.002541 0.103181 0.805904 0.000327 0.088047
2 2 0.006009 0.230140 0.655430 0.000469 0.107951
2 2 0.005782 0.118611 0.787759 0.002798 0.085050
2 2 0.011640 0.176047 0.696011 0.007118 0.109184
2 2 0.003636 0.093196 0.780716 0.039338 0.083114
2 2 0.007733 0.170151 0.731043 0.024430 0.066642
2 2 0.022852 0.236758 0.489980 0.007719 0.242691
2 2 0.059199 0.303863 0.478031 0.005856 0.153051
4 2 0.076648 0.221320 0.116530 0.000235 0.585268
2 2 0.272702 0.140622 0.366382 0.005692 0.214603
2 2 0.014093 0.175838 0.781257 0.007155 0.021658
2 2 0.062787 0.168707 0.541052 0.172631 0.054823
2 2 0.000555 0.019058 0.916611 0.028639 0.035137
2 2 0.000136 0.010877 0.949369 0.021260 0.018359
2 2 0.001440 0.045941 0.838281 0.042066 0.072272
3 2 0.002745 0.013373 0.331378 0.644028 0.008476
2 2 0.002632 0.023821 0.607971 0.306487 0.059088
2 2 0.000533 0.013990 0.846347 0.115508 0.023622
2 2 0.007447 0.106970 0.626915 0.072560 0.186108
2 2 0.000520 0.017556 0.866175 0.088137 0.027611
2 2 0.000500 0.019699 0.892948 0.061055 0.025798
2 2 0.007617 0.124987 0.691899 0.067338 0.108158
2 2 0.008496 0.077470 0.546757 0.144306 0.222972
2 2 0.004040 0.056466 0.675128 0.123824 0.140542
2 2 0.000772 0.008781 0.557808 0.416565 0.016074
3 2 0.002730 0.017438 0.447265 0.508043 0.024524
2 2 0.002846 0.023709 0.514279 0.426337 0.032830
2 2 0.000992 0.028157 0.842244 0.082693 0.045913
2 2 0.000204 0.007820 0.881448 0.093374 0.017154
2 2 0.000015 0.002583 0.973348 0.023523 0.000531
2 2 0.000147 0.011214 0.949917 0.033703 0.005018
2 2 0.000280 0.007701 0.806391 0.175134 0.010493
2 2 0.000828 0.007919 0.733238 0.254422 0.003592
3 2 0.002822 0.018738 0.446401 0.508209 0.023830
2 2 0.005247 0.025182 0.674885 0.248632 0.046055
3 2 0.000467 0.004192 0.369044 0.621842 0.004455
3 2 0.000271 0.003393 0.409162 0.584719 0.002455
2 2 0.000726 0.019093 0.819651 0.122429 0.038101
3 2 0.000825 0.005203 0.333947 0.654966 0.005059
3 2 0.001000 0.005548 0.275276 0.715843 0.002334
3 2 0.002650 0.014940 0.396477 0.568305 0.017628
2 2 0.000980 0.013383 0.802324 0.173521 0.009791
3 2 0.000331 0.002080 0.324328 0.670669 0.002591
3 2 0.001594 0.007844 0.289661 0.693620 0.007281
3 2 0.001644 0.007120 0.275126 0.708917 0.007194
3 2 0.001631 0.003546 0.126974 0.865438 0.002411
3 2 0.003558 0.011828 0.233935 0.741486 0.009193
3 2 0.020496 0.034909 0.213906 0.697936 0.032753
3 2 0.000257 0.000922 0.114070 0.884210 0.000541
3 2 0.002218 0.001192 0.024150 0.972064 0.000376
3 2 0.000699 0.001024 0.047718 0.950213 0.000345
3 2 0.000676 0.000339 0.012320 0.986597 0.000067
3 2 0.016513 0.019338 0.118487 0.834511 0.011152
3 3 0.007913 0.017966 0.230520 0.725667 0.017933
3 3 0.002049 0.003017 0.075170 0.918417 0.001347
3 3 0.001694 0.003069 0.101523 0.891881 0.001833
3 3 0.000732 0.001423 0.116552 0.880526 0.000767
3 3 0.002638 0.007044 0.169435 0.816177 0.004706
3 3 0.001010 0.008050 0.412120 0.574235 0.004586
3 2 0.000439 0.001514 0.106024 0.891384 0.000639
3 2 0.008291 0.009305 0.229474 0.745782 0.007148
3 0 0.202148 0.017987 0.067230 0.708136 0.004499
2 0 0.022059 0.197579 0.652349 0.081720 0.046293
2 1 0.000811 0.021177 0.806465 0.093293 0.078253
2 2 0.001526 0.035920 0.740549 0.061462 0.160543
2 2 0.001587 0.026431 0.752452 0.175248 0.044282
2 2 0.000450 0.019221 0.896885 0.076415 0.007030
2 2 0.000546 0.024415 0.906007 0.062400 0.006632
2 2 0.000321 0.013814 0.899062 0.076677 0.010126
2 2 0.001644 0.027886 0.708810 0.251498 0.010162
3 2 0.005154 0.031710 0.378478 0.561389 0.023269
4 2 0.081277 0.207363 0.241709 0.226379 0.243272
2 2 0.016204 0.169124 0.738257 0.004927 0.071488
2 2 0.010284 0.068288 0.480892 0.408055 0.032482
2 2 0.000195 0.006319 0.848951 0.142056 0.002478
2 2 0.000080 0.003911 0.932504 0.061496 0.002009
2 2 0.000051 0.004703 0.954748 0.035777 0.004721
2 2 0.000329 0.019264 0.933021 0.032756 0.014630
2 2 0.002291 0.035686 0.701907 0.165892 0.094224
2 2 0.002621 0.016193 0.591051 0.357970 0.032165
2 2 0.001495 0.022424 0.717838 0.230740 0.027503
2 2 0.000787 0.014834 0.753273 0.216142 0.014965
2 2 0.002615 0.055605 0.809022 0.072374 0.060384
2 2 0.003255 0.066399 0.771895 0.079421 0.079030
2 2 0.001352 0.017629 0.644398 0.310092 0.026529
2 2 0.007812 0.062738 0.545370 0.280416 0.103665
2 2 0.011793 0.061187 0.462766 0.371803 0.092452
2 2 0.000450 0.016078 0.871241 0.096868 0.015363
2 2 0.005725 0.077823 0.687922 0.146551 0.081979
2 2 0.002839 0.048500 0.771905 0.160545 0.016211
3 2 0.000826 0.007275 0.443416 0.540313 0.008170
2 2 0.001400 0.016652 0.668673 0.297234 0.016042
4 2 0.011755 0.080732 0.196799 0.000219 0.710495
4 2 0.045643 0.176057 0.076256 0.000237 0.701807
2 2 0.065247 0.227397 0.354350 0.191533 0.161474
2 2 0.001345 0.041810 0.866248 0.061705 0.028892
2 2 0.000403 0.018395 0.931249 0.033876 0.016077
2 2 0.005449 0.074925 0.858104 0.017433 0.044090
2 2 0.012725 0.179694 0.633358 0.021205 0.153018
2 2 0.006862 0.250103 0.699062 0.010711 0.033263
2 2 0.003049 0.135152 0.779756 0.009523 0.072519
2 2 0.001194 0.017123 0.784940 0.175220 0.021523
2 2 0.001366 0.022012 0.938885 0.018054 0.019683
2 2 0.000307 0.020559 0.959823 0.001515 0.017796
2 2 0.000261 0.010718 0.949620 0.036293 0.003108
3 2 0.001323 0.006242 0.240597 0.749371 0.002468
3 2 0.002287 0.004949 0.114152 0.876247 0.002365
3 2 0.001687 0.009099 0.345015 0.633624 0.010576
2 2 0.006547 0.046316 0.556712 0.286285 0.104140
2 2 0.003374 0.052498 0.686201 0.104659 0.153267
4 4 0.078297 0.277824 0.168633 0.074048 0.401197
4 4 0.023213 0.147147 0.110556 0.011076 0.708009
4 4 0.069784 0.264832 0.164769 0.060969 0.439646
4 4 0.053044 0.279545 0.191269 0.036864 0.439278
2 4 0.028751 0.240327 0.371106 0.052463 0.307354
4 4 0.040393 0.201879 0.138982 0.025508 0.593238
4 4 0.020292 0.135777 0.104060 0.009084 0.730786
4 4 0.008588 0.079547 0.068710 0.002620 0.840536
4 4 0.016643 0.120367 0.094926 0.006798 0.761266
4 4 0.023343 0.147637 0.110831 0.011168 0.707021
4 4 0.034459 0.109470 0.051405 0.000770 0.803897
4 4 0.014750 0.031102 0.009645 0.000005 0.944499
4 4 0.030755 0.173392 0.124779 0.016849 0.654225
4 4 0.033205 0.170840 0.115809 0.012675 0.667472
4 4 0.016688 0.054890 0.023964 0.000077 0.904382
4 4 0.023274 0.043345 0.012993 0.000011 0.920377
4 4 0.022744 0.071308 0.031292 0.000167 0.874489
4 4 0.034219 0.198215 0.142733 0.019232 0.605601
4 4 0.017612 0.115904 0.085730 0.004743 0.776010
4 4 0.021125 0.090808 0.049925 0.000761 0.837381
4 4 0.025632 0.057751 0.020163 0.000041 0.896414
4 4 0.035305 0.102095 0.044821 0.000490 0.817289
4 4 0.074597 0.085931 0.021104 0.000040 0.818329
4 4 0.036994 0.075270 0.028090 0.000115 0.859531
4 4 0.058149 0.096894 0.036953 0.000282 0.807723
4 4 0.028544 0.032374 0.006924 0.000001 0.932156
4 4 0.021239 0.030672 0.007545 0.000002 0.940543
4 4 0.074663 0.117590 0.036491 0.000231 0.771024
4 4 0.047027 0.127928 0.055951 0.000981 0.768113
4 4 0.034949 0.140224 0.078850 0.003225 0.742752
4 4 0.028072 0.244621 0.196212 0.012654 0.518441
4 4 0.020925 0.183697 0.143422 0.004705 0.647251
4 4 0.023882 0.237434 0.198376 0.009663 0.530645
4 4 0.009827 0.164721 0.163880 0.002392 0.659180
4 4 0.010027 0.273995 0.304291 0.002108 0.409579
4 4 0.025881 0.167187 0.125504 0.012673 0.668755
4 4 0.037682 0.198777 0.168626 0.032961 0.561954
4 4 0.046839 0.218434 0.146600 0.032094 0.556033
4 4 0.044073 0.211548 0.143492 0.029189 0.571698
4 4 0.022957 0.144755 0.108096 0.010229 0.713963
4 4 0.051304 0.278386 0.176343 0.011325 0.482642
4 4 0.056471 0.165458 0.071543 0.000705 0.705823
4 4 0.083483 0.373578 0.147897 0.000175 0.394867
1 4 0.048113 0.353237 0.239062 0.009169 0.350420
1 4 0.065486 0.374793 0.255142 0.051370 0.253208
4 4 0.027356 0.162064 0.118772 0.014136 0.677672
4 4 0.012253 0.099567 0.081960 0.004362 0.801858
4 4 0.001827 0.032269 0.034424 0.000234 0.931247
4 4 0.025484 0.093072 0.046486 0.000582 0.834376
4 4 0.031203 0.223580 0.145886 0.002217 0.597114
4 4 0.030785 0.095761 0.043549 0.000456 0.829449
4 4 0.052606 0.046486 0.010703 0.000006 0.890199
4 4 0.026155 0.020435 0.003294 0.000000 0.950116
4 4 0.030329 0.027789 0.005124 0.000001 0.936757
4 4 0.032667 0.052309 0.014656 0.000014 0.900354
4 4 0.037973 0.081580 0.028977 0.000119 0.851352
4 4 0.015853 0.045942 0.018151 0.000033 0.920020
4 4 0.021285 0.033821 0.008924 0.000003 0.935967
4 4 0.006956 0.019296 0.006672 0.000002 0.967075
4 4 0.008737 0.017102 0.004714 0.000001 0.969447
4 4 0.005997 0.011469 0.002972 0.000000 0.979562
4 4 0.004431 0.017766 0.006765 0.000001 0.971038
4 4 0.047890 0.220970 0.147722 0.033230 0.550188
4 4 0.011261 0.094431 0.078637 0.003863 0.811809
4 4 0.016287 0.053841 0.023519 0.000073 0.906280
4 4 0.034544 0.048805 0.013864 0.000013 0.902774
4 4 0.070352 0.121608 0.040117 0.000316 0.767607
4 4 0.018856 0.213674 0.172799 0.002495 0.592177
4 4 0.023565 0.243041 0.169809 0.000866 0.562719
4 4 0.027381 0.195088 0.132877 0.002966 0.641689
4 4 0.017249 0.142256 0.115713 0.006717 0.718066
4 4 0.014361 0.193465 0.165344 0.001596 0.625234
4 4 0.010019 0.023297 0.008378 0.000004 0.958303
4 4 0.007991 0.024374 0.009184 0.000005 0.958446
4 4 0.023351 0.079971 0.037611 0.000299 0.858769
4 4 0.017199 0.213328 0.191485 0.005689 0.572298
4 4 0.021769 0.281206 0.250671 0.007855 0.438498
4 4 0.043018 0.208837 0.142244 0.028112 0.577788
4 4 0.015663 0.124988 0.101301 0.006016 0.752032
4 4 0.040158 0.223496 0.157894 0.024309 0.554143
4 4 0.045782 0.215842 0.145441 0.030971 0.561963
4 4 0.026244 0.213704 0.169458 0.011793 0.578800
2 2 0.010027 0.185487 0.548325 0.021991 0.234170
2 2 0.001363 0.098051 0.843031 0.004773 0.052782
2 1 0.000521 0.039249 0.927984 0.011053 0.021194
2 1 0.000656 0.036001 0.911714 0.020761 0.030868
2 1 0.000107 0.011226 0.970189 0.007584 0.010894
2 2 0.000215 0.021667 0.955305 0.001734 0.021080
2 2 0.000025 0.004030 0.989368 0.004019 0.002558
2 2 0.000295 0.015470 0.922084 0.042843 0.019309
2 2 0.000081 0.008042 0.964151 0.022767 0.004959
2 2 0.000113 0.012183 0.968665 0.005842 0.013196
2 2 0.002714 0.098366 0.788640 0.013788 0.096491
2 2 0.000144 0.014367 0.954023 0.002587 0.028879
2 2 0.000123 0.011370 0.978572 0.001174 0.008760
2 2 0.000097 0.009247 0.977200 0.005483 0.007973
2 2 0.000852 0.059531 0.885646 0.007655 0.046316
2 2 0.000793 0.053291 0.908575 0.010925 0.026415
2 2 0.000674 0.040403 0.932143 0.005390 0.021390
2 2 0.000542 0.036551 0.941766 0.001666 0.019475
2 2 0.000034 0.010289 0.986607 0.000517 0.002554
2 2 0.000037 0.009303 0.986969 0.000881 0.002809
2 2 0.000626 0.030635 0.954220 0.003272 0.011248
2 2 0.000061 0.010742 0.979908 0.007945 0.001345
2 2 0.000115 0.014158 0.970796 0.011695 0.003237
2 2 0.004558 0.066400 0.796720 0.091427 0.040895
2 2 0.013981 0.143599 0.496899 0.003508 0.342013
2 2 0.000094 0.009100 0.981775 0.004771 0.004260
2 2 0.001416 0.080045 0.871638 0.010949 0.035952
2 2 0.000144 0.007581 0.944179 0.040768 0.007329
2 2 0.000088 0.008410 0.979579 0.002737 0.009188
2 2 0.000329 0.010709 0.979496 0.003009 0.006457
2 2 0.000020 0.001855 0.984364 0.013446 0.000315
2 2 0.000008 0.000837 0.959389 0.039596 0.000171
2 2 0.000007 0.001387 0.990386 0.007898 0.000322
2 2 0.000020 0.004160 0.990981 0.003405 0.001434
2 2 0.000004 0.002088 0.996660 0.001060 0.000188
2 2 0.000010 0.000755 0.917309 0.081786 0.000139
3 2 0.000067 0.000566 0.169082 0.830092 0.000193
2 2 0.000211 0.007109 0.845456 0.139787 0.007436
2 2 0.044113 0.042963 0.741320 0.106611 0.064992
0 0 0.488147 0.052553 0.295457 0.150875 0.012969
0 0 0.563679 0.017808 0.002983 0.000001 0.415530
0 0 0.682464 0.010164 0.000622 0.000000 0.306750
0 0 0.995116 0.001418 0.000107 0.000000 0.003359
0 0 0.997255 0.001579 0.000103 0.000001 0.001061
4 0 0.403915 0.025512 0.002603 0.000000 0.567970
4 0 0.094576 0.035230 0.003895 0.000000 0.866298
4 1 0.145458 0.025439 0.002557 0.000000 0.826546
4 0 0.102454 0.030382 0.003100 0.000000 0.864065
0 0 0.940757 0.015305 0.000918 0.000000 0.043020
0 0 0.982475 0.006853 0.000788 0.000010 0.009874
0 0 0.463571 0.213268 0.036619 0.000584 0.285958
1 0 0.219606 0.507844 0.147679 0.000472 0.124400
1 0 0.079984 0.570495 0.283565 0.001544 0.064412
1 0 0.024055 0.555630 0.401851 0.000626 0.017839
2 1 0.009281 0.228106 0.744953 0.004075 0.013584
2 1 0.026867 0.336887 0.585088 0.010304 0.040855
2 1 0.025801 0.321720 0.615309 0.004341 0.032830
2 2 0.017994 0.320918 0.624542 0.008873 0.027673
2 2 0.014135 0.182238 0.745859 0.003508 0.054260
2 2 0.023484 0.328347 0.613578 0.000441 0.034150
1 2 0.056598 0.479724 0.415404 0.000555 0.047719
2 2 0.005918 0.159472 0.786737 0.001635 0.046238
2 2 0.009010 0.240549 0.710491 0.008784 0.031166
2 2 0.023578 0.371961 0.506116 0.003406 0.094940
2 2 0.003639 0.248390 0.732811 0.000565 0.014595
2 2 0.000113 0.028807 0.969090 0.000700 0.001290
2 2 0.006297 0.254341 0.720438 0.005709 0.013214
2 2 0.009660 0.396974 0.571320 0.001396 0.020651
2 2 0.001282 0.094736 0.884996 0.007691 0.011296
2 2 0.001611 0.071300 0.888935 0.026395 0.011759
2 2 0.003521 0.111301 0.870547 0.007344 0.007286
2 2 0.000212 0.020699 0.959193 0.012425 0.007471
2 2 0.000079 0.009220 0.968815 0.020244 0.001642
2 2 0.000474 0.023781 0.920970 0.040916 0.013858
2 2 0.000425 0.026194 0.934640 0.034275 0.004465
2 2 0.001632 0.043134 0.839829 0.088073 0.027332
2 2 0.000335 0.009508 0.818097 0.164316 0.007744
2 2 0.000109 0.007090 0.932114 0.056047 0.004639
2 2 0.004863 0.076592 0.751644 0.144696 0.022204
2 2 0.014640 0.061918 0.457910 0.437638 0.027894
2 2 0.002596 0.043407 0.794078 0.133172 0.026747
2 2 0.000052 0.008845 0.980638 0.008357 0.002108
2 2 0.000056 0.008967 0.977940 0.012157 0.000880
2 2 0.001677 0.019114 0.565008 0.409450 0.004751
2 2 0.000139 0.017507 0.969102 0.011137 0.002115
2 2 0.001741 0.030738 0.747260 0.210832 0.009429
2 2 0.013531 0.189823 0.602697 0.056213 0.137737
2 2 0.010719 0.138467 0.532975 0.053822 0.264017
2 2 0.000725 0.021191 0.840706 0.121601 0.015777
2 2 0.004645 0.065308 0.703665 0.098467 0.127916
2 2 0.000924 0.045232 0.846255 0.015232 0.092356
2 2 0.000990 0.039217 0.890113 0.015075 0.054606
2 2 0.000096 0.012521 0.969053 0.007869 0.010462
2 2 0.000061 0.005793 0.959610 0.028296 0.006241
2 2 0.000054 0.003062 0.894656 0.100372 0.001856
2 2 0.000183 0.006212 0.859068 0.129278 0.005259
2 2 0.000138 0.009285 0.935299 0.050997 0.004281
2 2 0.000299 0.010250 0.840652 0.142531 0.006268
2 2 0.000230 0.005924 0.772167 0.217534 0.004145
2 2 0.000284 0.003850 0.537424 0.453531 0.004912
3 2 0.000726 0.003629 0.341922 0.650822 0.002901
3 2 0.000596 0.003043 0.208728 0.785521 0.002113
2 2 0.000518 0.005618 0.676468 0.305423 0.011973
2 2 0.000773 0.009224 0.673364 0.294548 0.022091
2 2 0.002692 0.026896 0.597207 0.322123 0.051082
3 2 0.002345 0.011823 0.354574 0.617075 0.014182
