3 3 0.000002 0.000033 0.010587 0.989369 0.000009
3 3 0.000005 0.000026 0.003094 0.996862 0.000013
3 3 0.000001 0.000007 0.003776 0.996213 0.000003
3 3 0.000002 0.000005 0.001107 0.998881 0.000005
3 3 0.000002 0.000002 0.000524 0.999469 0.000003
3 3 0.000000 0.000003 0.000915 0.999081 0.000001
3 3 0.000004 0.000025 0.004418 0.995532 0.000021
3 3 0.000001 0.000002 0.000808 0.999189 0.000001
3 3 0.000005 0.000004 0.000784 0.999199 0.000007
3 3 0.000032 0.000038 0.002853 0.997027 0.000050
3 3 0.000014 0.000072 0.006804 0.993038 0.000071
3 3 0.000008 0.000007 0.001032 0.998943 0.000011
3 3 0.000001 0.000005 0.004512 0.995481 0.000002
3 3 0.000005 0.000013 0.001876 0.998094 0.000011
3 3 0.000002 0.000015 0.002536 0.997441 0.000006
3 3 0.000001 0.000005 0.001355 0.998638 0.000002
3 3 0.000003 0.000012 0.001842 0.998136 0.000008
3 3 0.000003 0.000005 0.001115 0.998872 0.000005
3 3 0.000002 0.000005 0.001119 0.998871 0.000004
3 3 0.000036 0.000036 0.002642 0.997231 0.000055
3 3 0.000009 0.000057 0.008685 0.991219 0.000030
3 3 0.000004 0.000030 0.003767 0.996189 0.000011
3 3 0.000003 0.000002 0.000480 0.999511 0.000004
3 3 0.000005 0.000009 0.001395 0.998581 0.000010
3 3 0.000003 0.000004 0.000775 0.999213 0.000005
3 3 0.000001 0.000000 0.000224 0.999774 0.000001
3 3 0.000015 0.000042 0.003570 0.996341 0.000032
3 3 0.000011 0.000006 0.000876 0.999093 0.000014
3 3 0.000006 0.000003 0.000526 0.999458 0.000007
3 3 0.000022 0.000015 0.001522 0.998412 0.000029
3 3 0.000012 0.000050 0.007309 0.992583 0.000047
3 3 0.000001 0.000005 0.002092 0.997900 0.000002
3 3 0.000007 0.000009 0.001401 0.998572 0.000011
3 3 0.000042 0.000020 0.001657 0.998228 0.000054
3 3 0.000024 0.000046 0.005048 0.994838 0.000044
3 3 0.000001 0.000004 0.001289 0.998703 0.000003
3 3 0.000002 0.000001 0.000308 0.999687 0.000002
3 3 0.000014 0.000008 0.001081 0.998879 0.000018
3 3 0.000020 0.000007 0.000876 0.999075 0.000022
3 3 0.000017 0.000019 0.001900 0.998038 0.000026
3 3 0.000007 0.000018 0.002286 0.997672 0.000016
3 3 0.000004 0.000004 0.000743 0.999244 0.000006
3 3 0.000002 0.000003 0.000636 0.999355 0.000004
3 3 0.000004 0.000002 0.000479 0.999510 0.000005
3 3 0.000008 0.000008 0.001128 0.998845 0.000012
3 3 0.000020 0.000012 0.001339 0.998602 0.000026
3 3 0.000025 0.000018 0.002024 0.997877 0.000055
3 3 0.000003 0.000006 0.001118 0.998868 0.000005
3 3 0.000002 0.000001 0.000307 0.999688 0.000002
3 3 0.000030 0.000004 0.000487 0.999455 0.000024
3 3 0.000038 0.000122 0.007569 0.992144 0.000128
3 3 0.000002 0.000009 0.001890 0.998091 0.000007
3 3 0.000004 0.000015 0.002165 0.997806 0.000009
3 3 0.000003 0.000014 0.002654 0.997315 0.000013
3 3 0.000024 0.000003 0.000484 0.999469 0.000020
3 3 0.000003 0.000002 0.000423 0.999570 0.000003
3 3 0.000005 0.000003 0.000637 0.999350 0.000006
3 3 0.000022 0.000036 0.003109 0.996788 0.000045
3 3 0.000056 0.000093 0.005853 0.993862 0.000135
3 3 0.001518 0.000501 0.009102 0.987275 0.001604
2 3 0.001009 0.016742 0.499894 0.473594 0.008760
3 3 0.005369 0.025551 0.401867 0.544213 0.023001
0 0 0.731581 0.042862 0.088844 0.079297 0.057416
0 0 0.551808 0.032256 0.141826 0.220414 0.053695
2 0 0.092262 0.154595 0.659395 0.067603 0.026146
2 2 0.035055 0.143712 0.765953 0.010005 0.045274
2 1 0.002125 0.150822 0.664152 0.011176 0.171726
2 2 0.004719 0.252172 0.582803 0.011031 0.149276
2 1 0.001682 0.091911 0.897430 0.001500 0.007478
2 1 0.001311 0.047208 0.937205 0.012108 0.002169
2 1 0.001264 0.065825 0.924581 0.004833 0.003497
2 1 0.000779 0.057041 0.931164 0.008932 0.002084
2 2 0.001672 0.111182 0.857409 0.010228 0.019509
2 2 0.021213 0.338597 0.363657 0.002810 0.273723
2 2 0.015358 0.159213 0.634523 0.052739 0.138167
2 1 0.009408 0.129502 0.782136 0.033115 0.045839
2 2 0.010580 0.226414 0.738033 0.001529 0.023444
2 2 0.010745 0.158513 0.805972 0.009743 0.015027
2 2 0.006666 0.132383 0.833809 0.018221 0.008921
2 2 0.029370 0.122522 0.780120 0.056454 0.011534
2 2 0.000897 0.020166 0.945525 0.032204 0.001208
2 2 0.000261 0.016536 0.976077 0.006200 0.000925
2 1 0.000363 0.011187 0.983859 0.004476 0.000115
2 2 0.001736 0.040677 0.942597 0.012978 0.002011
2 2 0.000100 0.012434 0.974789 0.011993 0.000684
2 2 0.001580 0.028378 0.775703 0.186281 0.008057
2 2 0.009463 0.096230 0.767063 0.105034 0.022210
2 2 0.003869 0.079479 0.910182 0.001959 0.004510
2 1 0.014755 0.229192 0.737445 0.000625 0.017983
2 1 0.009073 0.108745 0.871644 0.003887 0.006651
2 2 0.036704 0.181570 0.657629 0.066999 0.057098
2 2 0.143449 0.179025 0.560794 0.059296 0.057436
2 1 0.084863 0.150825 0.637033 0.064354 0.062925
2 2 0.005299 0.195488 0.608716 0.019652 0.170844
2 2 0.000089 0.038698 0.941131 0.002067 0.018015
2 1 0.003364 0.230030 0.521952 0.001321 0.243332
2 2 0.010056 0.394778 0.457684 0.000267 0.137216
2 2 0.003968 0.181774 0.746258 0.002652 0.065348
2 2 0.000905 0.057603 0.927205 0.004985 0.009303
2 2 0.001630 0.055317 0.933555 0.005365 0.004134
2 1 0.083070 0.365657 0.523597 0.000957 0.026719
2 1 0.072715 0.196929 0.726864 0.000319 0.003174
2 1 0.140165 0.335283 0.487845 0.001244 0.035463
1 1 0.075344 0.408958 0.342194 0.000358 0.173146
1 2 0.034795 0.386381 0.328171 0.000386 0.250266
2 2 0.003264 0.256725 0.556751 0.001086 0.182174
2 2 0.007789 0.268295 0.606696 0.002671 0.114550
2 2 0.009235 0.183204 0.645331 0.027322 0.134908
2 2 0.002674 0.098489 0.882322 0.003952 0.012563
2 1 0.007335 0.153484 0.801035 0.002619 0.035526
2 1 0.012421 0.340994 0.575842 0.002447 0.068296
2 1 0.019556 0.309763 0.642014 0.000209 0.028458
2 1 0.010980 0.130866 0.842097 0.002127 0.013930
0 1 0.752553 0.075144 0.146249 0.001119 0.024935
0 0 0.948296 0.011096 0.009541 0.003075 0.027992
0 0 0.907453 0.050353 0.019956 0.000448 0.021790
0 0 0.675121 0.125405 0.144557 0.006016 0.048901
0 0 0.580896 0.156938 0.161500 0.009050 0.091616
0 0 0.502697 0.256562 0.175676 0.005427 0.059639
0 0 0.726876 0.051185 0.053035 0.050511 0.118393
2 0 0.357428 0.139735 0.429704 0.046151 0.026981
0 0 0.737964 0.088221 0.133339 0.007484 0.032992
0 0 0.880907 0.025019 0.029348 0.013793 0.050933
0 0 0.575646 0.128422 0.148461 0.032749 0.114722
0 0 0.716025 0.078098 0.130538 0.011919 0.063420
0 0 0.887731 0.025129 0.025004 0.007419 0.054717
0 0 0.936400 0.013075 0.017964 0.003450 0.029111
0 0 0.927339 0.012489 0.014158 0.004883 0.041131
0 0 0.796660 0.016103 0.038004 0.056290 0.092943
0 0 0.652096 0.068761 0.079360 0.015670 0.184113
0 0 0.594880 0.123077 0.099746 0.001296 0.181001
0 0 0.736959 0.050823 0.041657 0.001919 0.168642
4 0 0.349787 0.036675 0.041044 0.025035 0.547459
0 0 0.584085 0.057466 0.042641 0.014022 0.301786
0 0 0.366995 0.249661 0.144110 0.004371 0.234863
4 0 0.221469 0.243662 0.098523 0.001985 0.434361
4 0 0.093185 0.091864 0.078166 0.026463 0.710323
4 0 0.080455 0.174893 0.072466 0.003190 0.668996
4 0 0.086275 0.029439 0.029005 0.019760 0.835521
4 0 0.343560 0.021349 0.023006 0.010192 0.601892
0 0 0.847099 0.048315 0.034745 0.003178 0.066664
0 0 0.867980 0.025334 0.017645 0.002862 0.086179
0 0 0.575816 0.101983 0.065886 0.002739 0.253576
4 0 0.322181 0.051227 0.054871 0.012416 0.559304
4 0 0.394126 0.045175 0.053119 0.020616 0.486964
4 0 0.124662 0.213310 0.123485 0.008932 0.529612
4 0 0.046732 0.319244 0.233432 0.000773 0.399819
2 0 0.264750 0.183795 0.276680 0.009735 0.265039
0 0 0.482079 0.103987 0.115477 0.018789 0.279668
0 0 0.768945 0.051308 0.101530 0.016179 0.062038
4 0 0.157232 0.133097 0.079484 0.001967 0.628220
4 0 0.211365 0.153270 0.080095 0.003146 0.552124
1 0 0.168774 0.447720 0.096014 0.000336 0.287156
2 0 0.187239 0.218012 0.447266 0.002351 0.145131
0 0 0.819182 0.038331 0.055700 0.022052 0.064734
0 0 0.649925 0.145406 0.145766 0.013397 0.045505
0 0 0.852063 0.057900 0.065505 0.000896 0.023637
0 0 0.739875 0.097778 0.128813 0.001349 0.032186
0 0 0.825888 0.096933 0.032933 0.000824 0.043423
0 0 0.586833 0.186877 0.167519 0.003511 0.055261
0 0 0.890645 0.040842 0.029993 0.002465 0.036055
0 0 0.808971 0.053098 0.105833 0.002892 0.029207
0 0 0.787311 0.103094 0.063354 0.001559 0.044681
0 0 0.720528 0.169558 0.063612 0.000417 0.045885
0 0 0.798524 0.128875 0.050033 0.000505 0.022063
0 0 0.552509 0.144012 0.267606 0.004926 0.030948
0 0 0.833354 0.075206 0.059694 0.000977 0.030770
0 0 0.787022 0.124718 0.056275 0.000280 0.031705
0 0 0.954501 0.024935 0.009012 0.000130 0.011421
0 0 0.987972 0.004077 0.002417 0.000110 0.005425
0 0 0.740036 0.029405 0.032387 0.064976 0.133196
0 0 0.828588 0.011557 0.014620 0.036632 0.108603
4 0 0.301985 0.010794 0.017952 0.061393 0.607877
4 0 0.155232 0.018449 0.023975 0.041376 0.760968
4 0 0.075122 0.037553 0.043212 0.018502 0.825612
4 0 0.205893 0.028375 0.044082 0.095597 0.626053
4 0 0.087700 0.019723 0.022479 0.020296 0.849803
4 0 0.283066 0.050759 0.036055 0.003968 0.626152
4 0 0.171894 0.023780 0.029491 0.060259 0.714576
4 0 0.304222 0.158092 0.203675 0.021344 0.312667
4 0 0.358679 0.132685 0.068692 0.006002 0.433942
0 0 0.470977 0.189593 0.073885 0.002613 0.262932
4 0 0.282371 0.162953 0.195906 0.009211 0.349558
0 0 0.650601 0.080153 0.101707 0.008887 0.158652
0 0 0.380617 0.158489 0.148053 0.013124 0.299718
2 0 0.057419 0.412068 0.432669 0.001753 0.096091
0 0 0.465940 0.243099 0.223386 0.003540 0.064036
0 0 0.767942 0.050934 0.071446 0.006903 0.102775
0 0 0.848035 0.066756 0.028607 0.000951 0.055651
0 0 0.811645 0.082392 0.059041 0.004813 0.042109
0 0 0.735935 0.059273 0.064095 0.024888 0.115809
0 0 0.924748 0.017853 0.018703 0.003588 0.035109
0 0 0.896658 0.030084 0.018959 0.004087 0.050212
0 0 0.842923 0.039496 0.033022 0.006436 0.078123
0 0 0.695164 0.033826 0.040952 0.014826 0.215232
0 0 0.728558 0.066854 0.101917 0.008821 0.093850
0 0 0.698364 0.082780 0.112793 0.012195 0.093867
0 0 0.755161 0.063017 0.091320 0.007696 0.082805
0 0 0.951778 0.011830 0.008543 0.001881 0.025968
0 0 0.921816 0.018414 0.013435 0.004138 0.042196
1 0 0.250664 0.388071 0.113080 0.003010 0.245175
1 0 0.337570 0.364712 0.250833 0.000603 0.046282
0 0 0.822167 0.067895 0.068909 0.002837 0.038192
0 0 0.826299 0.104899 0.051386 0.000272 0.017143
0 0 0.871589 0.055860 0.038637 0.001198 0.032717
0 0 0.739919 0.049590 0.030773 0.003347 0.176372
0 0 0.768373 0.087833 0.031905 0.000320 0.111569
0 0 0.906519 0.042918 0.018690 0.000911 0.030963
0 0 0.575710 0.214995 0.175710 0.003838 0.029747
0 0 0.401785 0.218021 0.328619 0.009014 0.042562
0 0 0.874255 0.044203 0.024144 0.003465 0.053933
0 0 0.755600 0.081689 0.040054 0.003241 0.119416
4 0 0.342847 0.187014 0.086719 0.004631 0.378789
0 0 0.423171 0.197070 0.208789 0.004270 0.166700
2 0 0.173477 0.224459 0.538023 0.004351 0.059689
0 0 0.845474 0.063287 0.047033 0.002032 0.042174
0 0 0.936318 0.022873 0.012504 0.001157 0.027148
0 0 0.681415 0.030038 0.028430 0.020343 0.239773
0 0 0.512823 0.033389 0.037654 0.055417 0.360717
4 0 0.262547 0.014864 0.021743 0.053040 0.647805
0 0 0.779102 0.044114 0.051071 0.023539 0.102173
4 0 0.280653 0.080696 0.185532 0.083632 0.369487
4 0 0.143708 0.099051 0.082221 0.007957 0.667063
4 0 0.043260 0.040793 0.057291 0.009594 0.849062
4 0 0.015396 0.037539 0.022364 0.001408 0.923293
4 0 0.015208 0.018910 0.033710 0.002185 0.929987
4 0 0.078797 0.010892 0.024098 0.018048 0.868165
4 0 0.180801 0.028844 0.031547 0.034259 0.724549
4 0 0.298535 0.029391 0.036206 0.114419 0.521448
0 0 0.469553 0.143083 0.075965 0.014029 0.297370
4 0 0.263038 0.088436 0.076977 0.005274 0.566276
0 0 0.743607 0.087461 0.045539 0.001781 0.121613
0 0 0.850180 0.052172 0.025698 0.001651 0.070300
0 0 0.900428 0.026102 0.017656 0.004819 0.050994
0 0 0.545416 0.046631 0.056886 0.060256 0.290812
4 0 0.079166 0.043726 0.206352 0.049044 0.621712
4 0 0.090327 0.026041 0.044200 0.027775 0.811657
4 0 0.049262 0.014587 0.018049 0.008833 0.909270
4 0 0.094932 0.004348 0.008589 0.023516 0.868615
4 0 0.255353 0.005649 0.011835 0.064742 0.662421
4 0 0.129700 0.091003 0.061330 0.021229 0.696738
4 0 0.268533 0.010974 0.019460 0.134079 0.566954
4 0 0.131349 0.002534 0.006514 0.039911 0.819692
4 0 0.309316 0.002098 0.006778 0.184005 0.497803
0 0 0.761077 0.009061 0.012125 0.012848 0.204889
0 0 0.566992 0.010004 0.016048 0.047839 0.359117
4 0 0.113176 0.012156 0.016295 0.016563 0.841809
4 0 0.190071 0.019675 0.025327 0.043472 0.721455
4 0 0.308929 0.040250 0.039845 0.037808 0.573168
4 0 0.061759 0.088194 0.184539 0.013358 0.652150
4 0 0.051747 0.025758 0.023568 0.008930 0.889997
4 0 0.086405 0.028952 0.028704 0.019807 0.836132
4 0 0.073417 0.058091 0.066019 0.010050 0.792423
4 0 0.054018 0.085200 0.086058 0.013028 0.761696
4 0 0.188127 0.095326 0.077262 0.024200 0.615085
4 0 0.165976 0.067051 0.153835 0.059829 0.553308
4 0 0.282885 0.106210 0.078103 0.005653 0.527149
4 0 0.121239 0.077362 0.052626 0.013721 0.735052
4 0 0.054905 0.057315 0.056594 0.011916 0.819270
4 0 0.216321 0.049129 0.056315 0.046516 0.631720
0 0 0.702681 0.017335 0.022876 0.038072 0.219037
0 0 0.971514 0.005676 0.004524 0.000817 0.017470
0 0 0.967590 0.004609 0.004583 0.002362 0.020857
0 0 0.923659 0.004531 0.006463 0.017416 0.047932
0 0 0.926411 0.012392 0.010037 0.002561 0.048599
0 0 0.745657 0.059231 0.033298 0.002768 0.159045
0 0 0.870470 0.015231 0.014810 0.010841 0.088647
0 0 0.850951 0.012325 0.014413 0.025880 0.096430
0 0 0.854942 0.024020 0.020727 0.016536 0.083774
0 0 0.603622 0.129927 0.131796 0.006693 0.127962
0 0 0.801351 0.055103 0.098146 0.002368 0.043031
0 0 0.961571 0.016238 0.012152 0.000197 0.009842
0 0 0.972587 0.006968 0.005339 0.000753 0.014353
0 0 0.973681 0.008654 0.007883 0.000303 0.009480
0 0 0.918369 0.007345 0.008776 0.014902 0.050608
0 0 0.947513 0.011172 0.008783 0.002765 0.029767
0 0 0.884259 0.027455 0.027039 0.006891 0.054355
0 0 0.675094 0.055083 0.147892 0.012315 0.109616
0 0 0.350304 0.115505 0.240619 0.023201 0.270371
4 0 0.059032 0.027673 0.025477 0.010941 0.876876
4 0 0.019902 0.113856 0.274116 0.001684 0.590442
4 0 0.033943 0.060112 0.060058 0.001235 0.844652
4 0 0.037666 0.039246 0.030922 0.003746 0.888420
4 0 0.145015 0.014275 0.020447 0.045508 0.774754
4 0 0.303666 0.023464 0.025812 0.016534 0.630524
0 0 0.823175 0.014353 0.026389 0.023909 0.112173
0 0 0.887649 0.021459 0.013129 0.000641 0.077122
0 0 0.992591 0.001845 0.001381 0.000113 0.004071
0 0 0.988066 0.003979 0.002737 0.000108 0.005110
0 0 0.990595 0.001770 0.001572 0.000275 0.005788
0 0 0.955218 0.001937 0.003149 0.006842 0.032854
0 0 0.986684 0.000184 0.000520 0.004433 0.008180
0 0 0.952899 0.000907 0.002068 0.018668 0.025457
0 0 0.979515 0.004830 0.003662 0.000574 0.011420
0 0 0.966425 0.016956 0.006795 0.000124 0.009700
0 0 0.944531 0.014986 0.010121 0.001900 0.028462
0 0 0.879116 0.020390 0.017654 0.013066 0.069774
0 0 0.832344 0.060108 0.061640 0.003626 0.042283
0 0 0.379708 0.169755 0.261547 0.006001 0.182989
2 0 0.101268 0.297420 0.346822 0.006018 0.248472
4 0 0.243809 0.122306 0.225300 0.016844 0.391743
4 0 0.184624 0.132958 0.086213 0.003952 0.592252
4 0 0.281106 0.100417 0.083128 0.002409 0.532939
4 0 0.055111 0.074583 0.062921 0.003643 0.803743
2 0 0.162493 0.199510 0.381049 0.013417 0.243532
2 0 0.286707 0.113249 0.371669 0.108767 0.119608
0 0 0.518956 0.145400 0.171382 0.024671 0.139591
1 0 0.214088 0.335340 0.119074 0.002149 0.329349
1 0 0.053538 0.348965 0.295449 0.001316 0.300731
2 0 0.077784 0.292203 0.474397 0.012259 0.143357
0 0 0.832906 0.028202 0.024563 0.021341 0.092988
0 0 0.776416 0.049998 0.055486 0.023229 0.094870
0 0 0.449627 0.193590 0.077785 0.003517 0.275480
4 0 0.041440 0.073785 0.094732 0.009897 0.780146
4 0 0.058720 0.055790 0.039955 0.010914 0.834621
4 0 0.031232 0.048189 0.031234 0.004128 0.885217
4 0 0.061893 0.041791 0.033608 0.011791 0.850917
4 0 0.020168 0.016691 0.016524 0.002311 0.944306
4 0 0.093782 0.009369 0.011327 0.003263 0.882259
4 0 0.358631 0.015889 0.019864 0.015212 0.590404
0 0 0.515730 0.058846 0.039197 0.004648 0.381579
0 0 0.906573 0.013419 0.011891 0.005087 0.063030
0 0 0.845574 0.028085 0.049265 0.033094 0.043981
0 0 0.890315 0.048759 0.021840 0.001323 0.037763
0 0 0.496638 0.125939 0.067841 0.003216 0.306367
4 0 0.251835 0.051673 0.082253 0.015106 0.599133
4 0 0.377156 0.032314 0.036858 0.006814 0.546858
4 0 0.219171 0.019937 0.021670 0.009276 0.729945
0 0 0.479073 0.032846 0.031113 0.010765 0.446203
0 0 0.714448 0.028456 0.025744 0.012812 0.218540
0 0 0.419665 0.156633 0.262215 0.007632 0.153855
0 0 0.377154 0.124361 0.225656 0.005323 0.267506
0 0 0.303458 0.139857 0.262091 0.003569 0.291025
0 0 0.482973 0.060525 0.145706 0.033565 0.277231
4 0 0.240110 0.155780 0.067941 0.001904 0.534266
4 0 0.271268 0.123295 0.124690 0.006070 0.474678
0 0 0.859022 0.040182 0.023971 0.003757 0.073067
0 0 0.865422 0.028867 0.020581 0.005832 0.079297
0 0 0.653211 0.017397 0.023368 0.119918 0.186106
0 0 0.599123 0.083708 0.085969 0.013263 0.217937
4 0 0.130167 0.058615 0.049563 0.038568 0.723087
4 0 0.091905 0.035497 0.056198 0.029257 0.787142
4 0 0.051243 0.015172 0.022981 0.010471 0.900132
4 0 0.138297 0.014493 0.020434 0.042107 0.784668
0 0 0.645463 0.017589 0.022095 0.041382 0.273471
0 0 0.854331 0.010713 0.012725 0.017268 0.104964
0 0 0.687413 0.031775 0.037260 0.009848 0.233704
4 0 0.100381 0.018692 0.136044 0.071435 0.673449
4 0 0.394118 0.037432 0.073503 0.065551 0.429397
0 0 0.760975 0.093138 0.076535 0.004528 0.064824
0 0 0.511970 0.041275 0.064642 0.016296 0.365817
0 0 0.526311 0.117822 0.057310 0.003409 0.295148
0 0 0.717285 0.080495 0.054947 0.005352 0.141920
4 0 0.334656 0.069924 0.052490 0.019246 0.523685
4 0 0.237167 0.077775 0.071306 0.010233 0.603520
4 0 0.235671 0.036043 0.065799 0.034026 0.628461
0 0 0.774461 0.025722 0.022552 0.009762 0.167503
0 0 0.970099 0.007921 0.005510 0.000791 0.015678
0 0 0.987983 0.001493 0.001659 0.000732 0.008132
0 0 0.934437 0.016812 0.011693 0.002712 0.034347
0 0 0.806386 0.003640 0.007265 0.043323 0.139386
0 0 0.989692 0.000202 0.000510 0.002868 0.006729
0 0 0.965580 0.007965 0.006027 0.001280 0.019148
0 0 0.961048 0.006932 0.006104 0.002397 0.023519
4 0 0.196335 0.255309 0.085884 0.001488 0.460984
4 0 0.323469 0.225856 0.071721 0.000583 0.378371
4 0 0.185990 0.045230 0.034602 0.005759 0.728419
4 0 0.164829 0.156778 0.069543 0.002951 0.605899
4 0 0.043416 0.275112 0.206799 0.002021 0.472652
4 0 0.132702 0.042335 0.039484 0.031674 0.753804
4 0 0.136909 0.007643 0.013468 0.041767 0.800213
4 0 0.336837 0.008873 0.014237 0.022635 0.617418
0 0 0.845176 0.007431 0.010528 0.024409 0.112457
0 0 0.976466 0.005866 0.004275 0.000630 0.012763
0 0 0.947692 0.009448 0.008608 0.003595 0.030658
0 0 0.955161 0.011591 0.008260 0.001517 0.023470
0 0 0.536314 0.036813 0.046117 0.022234 0.358523
0 0 0.542392 0.027285 0.038210 0.010671 0.381441
0 0 0.453776 0.057549 0.169704 0.011538 0.307434
0 0 0.557456 0.052165 0.096772 0.010003 0.283604
0 0 0.828624 0.015377 0.017349 0.033349 0.105301
4 0 0.175164 0.009292 0.016125 0.062576 0.736843
4 0 0.352443 0.011857 0.015988 0.011821 0.607891
0 0 0.675902 0.024887 0.023882 0.011484 0.263845
0 0 0.818449 0.036254 0.026423 0.009428 0.109446
0 0 0.907061 0.016539 0.013279 0.004459 0.058662
0 0 0.784472 0.014129 0.018914 0.043527 0.138957
0 0 0.716184 0.065307 0.104087 0.018005 0.096417
2 0 0.359547 0.157705 0.411263 0.002494 0.068991
0 0 0.391444 0.246884 0.230040 0.002020 0.129613
0 0 0.941930 0.005228 0.006364 0.009426 0.037052
0 0 0.728293 0.033434 0.088747 0.025643 0.123883
4 0 0.322019 0.040640 0.091636 0.037140 0.508565
4 0 0.138860 0.015422 0.030839 0.042852 0.772027
4 0 0.406122 0.010739 0.017780 0.061590 0.503770
4 0 0.383395 0.011970 0.018801 0.051837 0.533997
0 0 0.587378 0.006650 0.014337 0.173541 0.218095
0 0 0.668325 0.057493 0.073630 0.027969 0.172583
0 0 0.660991 0.106593 0.115247 0.009296 0.107873
0 0 0.455628 0.265491 0.208506 0.003232 0.067143
0 0 0.872221 0.009136 0.011703 0.032221 0.074719
0 0 0.886804 0.020611 0.034425 0.009234 0.048926
0 0 0.797805 0.029162 0.025136 0.016792 0.131105
0 0 0.883863 0.018098 0.016061 0.011004 0.070974
0 0 0.871397 0.015575 0.015830 0.020865 0.076334
0 0 0.886730 0.025005 0.018709 0.007977 0.061578
0 0 0.367915 0.164788 0.300402 0.005793 0.161102
0 0 0.760900 0.114577 0.078880 0.001555 0.044089
0 0 0.722262 0.068244 0.144253 0.005343 0.059897
0 0 0.786605 0.043875 0.080226 0.012913 0.076381
0 0 0.590177 0.168719 0.115662 0.001485 0.123956
0 0 0.926789 0.036249 0.014654 0.000452 0.021857
0 0 0.922757 0.021525 0.013935 0.002581 0.039201
0 0 0.934569 0.001921 0.003660 0.023112 0.036737
0 0 0.637681 0.180791 0.065429 0.003046 0.113053
1 1 0.048908 0.405081 0.275768 0.000352 0.269891
4 1 0.011281 0.266685 0.218380 0.000647 0.503008
4 1 0.002970 0.282597 0.317337 0.000268 0.396827
2 1 0.002274 0.217954 0.613769 0.004647 0.161355
2 1 0.001195 0.064883 0.851108 0.038473 0.044340
4 1 0.006655 0.197352 0.123310 0.000698 0.671986
4 1 0.020436 0.221970 0.241204 0.005099 0.511290
4 1 0.003160 0.181612 0.206443 0.000356 0.608430
4 1 0.003175 0.181663 0.153799 0.000294 0.661068
4 1 0.014540 0.218043 0.169605 0.002474 0.595338
4 1 0.020891 0.196371 0.195341 0.001704 0.585693
4 4 0.109079 0.164418 0.223034 0.003291 0.500178
4 4 0.101066 0.069973 0.139899 0.017890 0.671172
4 4 0.215812 0.188673 0.067869 0.000840 0.526807
4 4 0.057747 0.359166 0.093504 0.000930 0.488654
4 4 0.138934 0.121959 0.068890 0.006566 0.663651
4 4 0.371138 0.126144 0.065803 0.005817 0.431099
4 4 0.194296 0.226778 0.127915 0.009886 0.441125
0 4 0.278056 0.264223 0.162042 0.034115 0.261564
4 4 0.012105 0.194756 0.060082 0.001051 0.732006
4 4 0.003960 0.214819 0.040704 0.000042 0.740475
4 4 0.004646 0.024911 0.012763 0.000231 0.957448
4 4 0.003438 0.004981 0.004167 0.000151 0.987262
4 4 0.002912 0.001827 0.002083 0.000121 0.993057
4 4 0.015616 0.002015 0.003364 0.001508 0.977497
