0 0 0.772442 0.072689 0.060944 0.040291 0.053634
0 0 0.772442 0.072689 0.060944 0.040291 0.053634
0 0 0.749713 0.088956 0.068684 0.035059 0.057588
0 0 0.711095 0.109961 0.081799 0.026863 0.070281
0 0 0.772442 0.072689 0.060944 0.040291 0.053634
0 0 0.772442 0.072689 0.060944 0.040291 0.053634
0 0 0.710084 0.117738 0.080713 0.028361 0.063104
0 0 0.768706 0.075359 0.062270 0.039331 0.054335
0 0 0.560206 0.234946 0.115811 0.014449 0.074589
0 0 0.664717 0.151712 0.092837 0.022838 0.067896
0 0 0.536907 0.200254 0.167215 0.021486 0.074139
0 0 0.618044 0.175351 0.114062 0.021383 0.071161
0 0 0.440228 0.325723 0.147812 0.009548 0.076690
0 0 0.494275 0.249883 0.163883 0.022501 0.069458
0 1 0.442553 0.178883 0.259342 0.061617 0.057605
2 1 0.184230 0.317522 0.425249 0.029511 0.043488
2 1 0.053614 0.143275 0.729457 0.056864 0.016791
2 1 0.001237 0.086444 0.902461 0.005067 0.004791
2 1 0.000992 0.089561 0.895113 0.006699 0.007636
2 1 0.006798 0.056620 0.752134 0.173474 0.010975
2 1 0.013399 0.055365 0.838247 0.088264 0.004725
2 2 0.004465 0.029642 0.864279 0.099614 0.001999
2 2 0.000233 0.009155 0.961764 0.028574 0.000274
2 2 0.000036 0.001598 0.859771 0.138539 0.000057
2 2 0.000088 0.001653 0.887964 0.110230 0.000065
2 2 0.000155 0.009128 0.939491 0.050992 0.000234
2 2 0.000023 0.005531 0.991385 0.002952 0.000110
2 2 0.000044 0.014219 0.983660 0.001905 0.000172
2 2 0.000257 0.008518 0.955694 0.035295 0.000236
2 2 0.017315 0.083521 0.821346 0.071573 0.006245
2 2 0.000023 0.001001 0.563207 0.435721 0.000048
2 2 0.000219 0.003012 0.799958 0.196693 0.000118
2 2 0.000127 0.002748 0.774172 0.222880 0.000073
2 2 0.001549 0.013886 0.704874 0.278894 0.000798
2 2 0.000041 0.001946 0.722066 0.275889 0.000059
2 2 0.000168 0.008900 0.825465 0.165180 0.000286
3 2 0.000022 0.000671 0.138666 0.860598 0.000043
3 2 0.000102 0.000620 0.051598 0.947587 0.000093
3 3 0.000034 0.000433 0.127193 0.872306 0.000033
3 3 0.000044 0.000313 0.138892 0.860719 0.000032
3 3 0.000027 0.000726 0.137173 0.862007 0.000066
3 3 0.000085 0.000478 0.031949 0.967392 0.000096
3 3 0.000118 0.001542 0.160123 0.838077 0.000139
3 3 0.000015 0.000140 0.025731 0.974096 0.000019
3 3 0.000087 0.001797 0.174333 0.823643 0.000139
3 3 0.000137 0.000875 0.089546 0.909296 0.000147
3 3 0.000009 0.000693 0.219680 0.779589 0.000029
3 3 0.000004 0.000073 0.033376 0.966538 0.000009
3 3 0.000031 0.000389 0.032910 0.966613 0.000057
3 3 0.001100 0.003084 0.086777 0.908357 0.000682
3 3 0.000008 0.000111 0.029732 0.970133 0.000015
3 3 0.000001 0.000029 0.017641 0.982326 0.000003
3 3 0.000012 0.000130 0.028022 0.971820 0.000017
3 3 0.000004 0.000065 0.009760 0.990160 0.000012
3 3 0.000058 0.000374 0.038288 0.961215 0.000065
3 3 0.000010 0.000130 0.012428 0.987404 0.000028
3 3 0.000006 0.000081 0.013195 0.986704 0.000013
3 3 0.000002 0.000078 0.203496 0.796421 0.000004
3 3 0.000036 0.000422 0.195100 0.804397 0.000045
3 3 0.000098 0.000768 0.044021 0.954968 0.000145
3 3 0.000136 0.000751 0.103865 0.895111 0.000137
3 3 0.000271 0.002125 0.104279 0.893032 0.000293
3 3 0.000006 0.000138 0.023069 0.976768 0.000019
3 3 0.000042 0.000333 0.019636 0.979908 0.000081
3 3 0.000004 0.000068 0.008196 0.991719 0.000014
3 3 0.000000 0.000010 0.008393 0.991596 0.000001
3 3 0.000002 0.000041 0.016428 0.983524 0.000006
3 3 0.000008 0.000231 0.125569 0.874168 0.000023
3 3 0.000002 0.000059 0.029817 0.970115 0.000007
3 3 0.000050 0.000483 0.044806 0.954578 0.000083
3 3 0.000020 0.000239 0.010792 0.988871 0.000078
3 3 0.000002 0.000048 0.017478 0.982465 0.000006
3 3 0.000009 0.000113 0.023180 0.976681 0.000017
3 3 0.000005 0.000077 0.012435 0.987471 0.000013
3 3 0.000002 0.000061 0.019256 0.980674 0.000007
3 3 0.000001 0.000042 0.027772 0.972182 0.000004
3 3 0.000002 0.000046 0.022093 0.977853 0.000006
3 3 0.000001 0.000021 0.008478 0.991497 0.000003
3 3 0.000002 0.000061 0.017092 0.982837 0.000009
3 3 0.000016 0.000280 0.030231 0.969439 0.000035
3 3 0.000007 0.000121 0.012773 0.987068 0.000032
3 3 0.000002 0.000049 0.014777 0.985164 0.000008
3 3 0.000000 0.000017 0.009278 0.990701 0.000002
3 3 0.000002 0.000036 0.018765 0.981194 0.000004
3 3 0.000025 0.000220 0.019931 0.979781 0.000043
3 3 0.000005 0.000069 0.012685 0.987231 0.000011
3 3 0.000043 0.000962 0.156233 0.842691 0.000072
3 3 0.000008 0.000106 0.033934 0.965938 0.000013
3 3 0.000004 0.000099 0.029824 0.970062 0.000010
3 3 0.000017 0.000176 0.016655 0.983117 0.000035
3 3 0.000031 0.000674 0.150859 0.848312 0.000125
3 3 0.000031 0.000334 0.070481 0.929106 0.000048
3 3 0.000093 0.001416 0.186391 0.811953 0.000147
3 3 0.000020 0.000228 0.043697 0.956014 0.000040
3 3 0.000003 0.000062 0.020475 0.979451 0.000010
3 3 0.000005 0.000104 0.026966 0.972910 0.000015
3 3 0.000039 0.000319 0.067590 0.932005 0.000047
3 3 0.000006 0.000175 0.036738 0.963062 0.000020
3 3 0.000062 0.000925 0.053161 0.945716 0.000136
3 3 0.000579 0.008182 0.193651 0.796703 0.000884
3 3 0.000071 0.000503 0.035351 0.963955 0.000120
3 3 0.000014 0.000170 0.021186 0.978595 0.000033
3 3 0.000005 0.000281 0.064985 0.934709 0.000020
3 3 0.000002 0.000079 0.046855 0.953059 0.000006
3 3 0.000000 0.000032 0.030948 0.969018 0.000002
3 3 0.000000 0.000003 0.006153 0.993843 0.000000
3 3 0.000001 0.000020 0.008795 0.991182 0.000003
3 3 0.000001 0.000036 0.012529 0.987429 0.000005
3 3 0.000067 0.000513 0.047071 0.952231 0.000118
3 3 0.000922 0.003882 0.054388 0.939476 0.001331
2 3 0.001925 0.008864 0.782038 0.206473 0.000700
2 3 0.016222 0.070493 0.822020 0.085662 0.005604
2 3 0.056124 0.160622 0.706223 0.060665 0.016366
2 3 0.000055 0.004289 0.853616 0.141880 0.000159
3 3 0.000092 0.002068 0.439302 0.558355 0.000183
2 3 0.000137 0.002985 0.505323 0.491192 0.000364
3 3 0.000524 0.006547 0.376944 0.615360 0.000624
3 3 0.000189 0.001126 0.269020 0.729544 0.000121
2 3 0.001210 0.003820 0.609369 0.385203 0.000397
2 2 0.000062 0.002672 0.965732 0.031462 0.000072
2 2 0.000107 0.003052 0.914218 0.082482 0.000141
2 2 0.000366 0.009293 0.884669 0.105063 0.000608
2 2 0.000212 0.006803 0.978412 0.013795 0.000779
2 2 0.000022 0.002838 0.995144 0.001112 0.000884
2 2 0.000635 0.033777 0.952383 0.000947 0.012258
2 2 0.000624 0.074598 0.912036 0.000274 0.012468
2 1 0.002811 0.080131 0.909016 0.002275 0.005767
2 1 0.001094 0.029416 0.959642 0.008700 0.001147
2 1 0.004740 0.079152 0.900689 0.011839 0.003580
2 1 0.019640 0.076679 0.858611 0.036907 0.008163
1 1 0.031115 0.523829 0.310850 0.000111 0.134095
2 1 0.008996 0.302081 0.652483 0.000232 0.036208
2 1 0.002190 0.129228 0.822263 0.000050 0.046270
2 1 0.000813 0.118659 0.853979 0.000025 0.026524
2 1 0.014084 0.296236 0.624145 0.000585 0.064950
2 1 0.009005 0.333113 0.597785 0.000128 0.059969
2 1 0.000299 0.049211 0.928947 0.001734 0.019809
2 4 0.000957 0.051805 0.754349 0.001239 0.191651
2 4 0.000368 0.024067 0.830591 0.003700 0.141274
4 4 0.014336 0.069934 0.290683 0.000316 0.624730
2 4 0.003720 0.320669 0.464648 0.000061 0.210902
2 4 0.001803 0.146750 0.762282 0.000622 0.088542
2 4 0.018128 0.220974 0.703560 0.003330 0.054009
2 4 0.010201 0.096442 0.864867 0.019458 0.009032
2 4 0.000267 0.033349 0.956854 0.001902 0.007628
2 4 0.000622 0.084495 0.841318 0.000644 0.072920
2 4 0.000183 0.019360 0.960248 0.006862 0.013347
2 4 0.001441 0.037006 0.894346 0.010994 0.056214
2 4 0.000674 0.032000 0.935222 0.005919 0.026184
2 4 0.013915 0.130622 0.790059 0.002430 0.062974
2 4 0.029531 0.249638 0.612353 0.003827 0.104651
2 4 0.003776 0.035755 0.543110 0.000124 0.417234
2 4 0.002437 0.106168 0.730618 0.000022 0.160755
2 4 0.030127 0.210635 0.660550 0.000969 0.097719
2 4 0.015748 0.170771 0.767193 0.006481 0.039807
2 4 0.017106 0.165229 0.766773 0.036336 0.014556
2 4 0.020074 0.290861 0.653504 0.008241 0.027320
2 4 0.003498 0.109440 0.878563 0.004008 0.004490
2 4 0.003017 0.077220 0.910534 0.006303 0.002926
2 4 0.024578 0.104478 0.829153 0.031548 0.010244
2 4 0.000962 0.046010 0.946001 0.004144 0.002883
2 2 0.001151 0.043098 0.949351 0.004997 0.001403
2 2 0.013699 0.228397 0.742684 0.004785 0.010434
2 2 0.004561 0.137367 0.848343 0.005440 0.004289
2 2 0.000248 0.019574 0.977188 0.002522 0.000468
2 2 0.000066 0.011168 0.986908 0.001653 0.000205
2 2 0.000016 0.003350 0.995071 0.001469 0.000094
2 2 0.000258 0.010226 0.977546 0.011654 0.000316
2 2 0.000505 0.013280 0.975884 0.009759 0.000572
2 2 0.002879 0.026902 0.944874 0.023436 0.001909
2 2 0.000271 0.012272 0.981289 0.005677 0.000491
2 2 0.000060 0.005072 0.991357 0.003322 0.000188
2 2 0.000135 0.008422 0.988606 0.002324 0.000513
2 2 0.000186 0.016515 0.981445 0.001003 0.000851
2 2 0.005187 0.059328 0.917620 0.011224 0.006640
2 2 0.000911 0.023759 0.959970 0.014498 0.000863
2 2 0.000408 0.009962 0.975782 0.013373 0.000476
2 2 0.000264 0.012179 0.978025 0.009186 0.000346
2 2 0.000180 0.018596 0.976733 0.004171 0.000320
2 2 0.000496 0.015075 0.968588 0.015331 0.000510
2 2 0.002151 0.041974 0.942873 0.011119 0.001883
2 2 0.002283 0.048527 0.936736 0.010430 0.002024
2 2 0.003109 0.031357 0.919154 0.044639 0.001741
2 2 0.000172 0.007507 0.968987 0.023145 0.000189
2 2 0.002146 0.029151 0.919071 0.048135 0.001496
2 2 0.000325 0.015813 0.974160 0.009289 0.000415
2 2 0.001239 0.040429 0.943995 0.013168 0.001169
2 2 0.001703 0.053839 0.930711 0.012190 0.001557
2 2 0.000161 0.006312 0.932994 0.060329 0.000204
2 2 0.000518 0.015039 0.959894 0.024077 0.000472
2 2 0.010741 0.208637 0.766759 0.005492 0.008372
2 2 0.000944 0.032784 0.955918 0.009342 0.001012
2 2 0.000172 0.006487 0.975704 0.017435 0.000201
2 2 0.000017 0.001979 0.936356 0.061557 0.000091
2 2 0.000039 0.001520 0.962549 0.035818 0.000074
2 2 0.000050 0.002255 0.953937 0.043678 0.000081
2 2 0.000134 0.004285 0.923896 0.071521 0.000163
2 2 0.000126 0.003220 0.901500 0.095021 0.000134
2 2 0.000023 0.001443 0.926678 0.071819 0.000037
2 2 0.001119 0.026338 0.949920 0.021698 0.000925
2 2 0.000409 0.009298 0.970565 0.019093 0.000635
2 2 0.000002 0.000531 0.957894 0.041565 0.000008
2 2 0.000001 0.000281 0.809003 0.190710 0.000004
2 2 0.000021 0.001777 0.932254 0.065904 0.000044
2 2 0.000041 0.001303 0.878722 0.119872 0.000062
2 2 0.000072 0.000955 0.801754 0.197163 0.000056
2 2 0.000615 0.005672 0.760609 0.232650 0.000453
2 2 0.004135 0.013262 0.796584 0.184652 0.001367
2 2 0.007021 0.057489 0.901081 0.030632 0.003778
2 2 0.034434 0.375911 0.561886 0.011300 0.016469
2 2 0.013887 0.071648 0.866618 0.041829 0.006017
2 2 0.000325 0.012472 0.978417 0.008367 0.000418
2 2 0.000028 0.002577 0.989209 0.008131 0.000054
2 2 0.000047 0.002904 0.980600 0.016379 0.000069
2 2 0.000108 0.006456 0.931084 0.062161 0.000191
2 2 0.000132 0.006119 0.917093 0.076425 0.000231
2 2 0.002489 0.016830 0.863834 0.115638 0.001209
2 2 0.000185 0.005100 0.897049 0.097430 0.000236
2 2 0.000104 0.005309 0.889110 0.105283 0.000194
2 2 0.003586 0.044617 0.873695 0.075280 0.002822
2 2 0.002332 0.033638 0.907671 0.054381 0.001978
2 2 0.000277 0.013686 0.910523 0.075075 0.000438
2 2 0.006047 0.059650 0.897692 0.033247 0.003363
2 2 0.000842 0.017238 0.824149 0.156328 0.001443
2 2 0.000935 0.021670 0.945942 0.030537 0.000915
2 2 0.000311 0.006228 0.946781 0.046431 0.000249
2 2 0.000142 0.004330 0.949248 0.046134 0.000145
2 2 0.000952 0.020404 0.940947 0.036876 0.000821
2 2 0.000239 0.009096 0.927658 0.062718 0.000288
2 2 0.000362 0.011562 0.966685 0.021030 0.000361
2 2 0.001426 0.014107 0.930916 0.052689 0.000863
3 2 0.003304 0.011998 0.390018 0.592717 0.001963
2 2 0.000220 0.003575 0.660044 0.335914 0.000246
2 2 0.000989 0.004712 0.649425 0.344375 0.000499
2 2 0.000586 0.004558 0.872090 0.122459 0.000307
2 3 0.000784 0.014472 0.887061 0.096885 0.000798
2 3 0.000296 0.020463 0.956428 0.022341 0.000473
2 3 0.000459 0.019918 0.968306 0.010783 0.000534
2 3 0.000103 0.006113 0.981341 0.012297 0.000146
2 3 0.006699 0.040885 0.901720 0.047511 0.003185
2 3 0.001617 0.036863 0.948558 0.011483 0.001480
2 2 0.000084 0.005311 0.987051 0.007414 0.000139
2 2 0.000079 0.009324 0.986237 0.004202 0.000158
2 2 0.000085 0.006115 0.986032 0.007627 0.000141
2 2 0.000064 0.006188 0.986851 0.006782 0.000115
2 2 0.000541 0.019568 0.967550 0.011745 0.000595
2 2 0.000221 0.006897 0.977454 0.015173 0.000254
2 2 0.000212 0.008128 0.977367 0.014038 0.000254
2 2 0.000199 0.008605 0.982225 0.008698 0.000273
2 2 0.000126 0.014520 0.980953 0.004162 0.000238
2 2 0.001688 0.022977 0.787068 0.186310 0.001957
2 2 0.001452 0.020816 0.824207 0.152017 0.001508
2 2 0.000891 0.011552 0.725452 0.260834 0.001271
2 2 0.000071 0.004725 0.972623 0.022442 0.000139
2 2 0.000031 0.001905 0.938578 0.059410 0.000075
2 2 0.000179 0.008229 0.964251 0.026949 0.000392
2 2 0.000370 0.012299 0.942591 0.044335 0.000405
2 2 0.000040 0.004013 0.982433 0.013427 0.000087
2 2 0.000163 0.007095 0.951262 0.041207 0.000272
2 2 0.000731 0.010142 0.953291 0.035292 0.000545
2 2 0.002624 0.026982 0.850892 0.117489 0.002013
2 2 0.002388 0.021553 0.913633 0.061157 0.001269
2 2 0.002731 0.022336 0.877413 0.096272 0.001249
2 2 0.000645 0.019374 0.956797 0.022604 0.000580
2 2 0.000221 0.008649 0.971219 0.019668 0.000243
2 2 0.000054 0.005295 0.985412 0.009145 0.000094
2 2 0.000140 0.008470 0.956863 0.034239 0.000290
2 2 0.000133 0.008241 0.873995 0.117198 0.000433
2 2 0.000130 0.007776 0.983479 0.008420 0.000195
2 2 0.000123 0.004324 0.980918 0.014478 0.000156
2 2 0.000636 0.008688 0.951212 0.038993 0.000470
2 2 0.000028 0.002494 0.986161 0.011268 0.000050
2 2 0.000152 0.005035 0.979249 0.015381 0.000184
2 2 0.000958 0.049717 0.942110 0.006046 0.001170
2 2 0.001878 0.043163 0.939311 0.014046 0.001602
2 2 0.000070 0.002283 0.859736 0.137826 0.000086
2 2 0.000244 0.004778 0.663311 0.331338 0.000329
2 2 0.000151 0.004874 0.859816 0.134959 0.000199
2 2 0.002978 0.016540 0.893480 0.085650 0.001353
2 2 0.001114 0.013976 0.939525 0.044652 0.000732
2 2 0.003156 0.017654 0.910171 0.067504 0.001515
2 2 0.001461 0.019271 0.935623 0.042707 0.000939
2 2 0.010933 0.104748 0.854883 0.023557 0.005878
2 2 0.002941 0.036265 0.933101 0.025756 0.001937
2 2 0.000382 0.009913 0.965075 0.024271 0.000359
2 2 0.003369 0.031044 0.933494 0.030044 0.002050
2 2 0.032873 0.083616 0.800437 0.072874 0.010200
2 2 0.003675 0.043270 0.927934 0.022522 0.002599
2 2 0.001243 0.019035 0.940640 0.038232 0.000850
2 2 0.002481 0.041654 0.936518 0.017464 0.001884
2 2 0.000860 0.031481 0.958656 0.008030 0.000973
2 2 0.000571 0.022583 0.967932 0.008231 0.000684
2 2 0.000670 0.020505 0.963964 0.014187 0.000674
2 2 0.001502 0.045738 0.945230 0.005859 0.001670
2 2 0.000384 0.019914 0.973593 0.005562 0.000546
2 2 0.000006 0.001359 0.994975 0.003640 0.000020
2 2 0.000103 0.006615 0.986445 0.006668 0.000170
2 2 0.001913 0.051055 0.935604 0.009626 0.001802
2 2 0.000603 0.019342 0.972240 0.007083 0.000732
2 2 0.000620 0.015171 0.972528 0.011022 0.000659
2 2 0.000209 0.012462 0.983106 0.003866 0.000357
2 1 0.000025 0.003110 0.994150 0.002649 0.000066
2 1 0.002200 0.033147 0.955502 0.007043 0.002109
2 1 0.044546 0.255646 0.669098 0.008209 0.022501
2 1 0.024219 0.370224 0.584972 0.002668 0.017917
2 1 0.011853 0.215368 0.758880 0.004331 0.009567
2 1 0.015204 0.161721 0.806193 0.006239 0.010643
2 1 0.019330 0.179678 0.781750 0.006587 0.012655
2 1 0.033902 0.358370 0.582192 0.003071 0.022466
2 1 0.067343 0.363487 0.530949 0.004915 0.033307
2 1 0.039268 0.460108 0.471323 0.001650 0.027651
1 1 0.052244 0.577107 0.336079 0.001240 0.033330
2 1 0.026311 0.357072 0.594580 0.002441 0.019596
2 1 0.024662 0.374783 0.577300 0.001168 0.022087
1 1 0.063439 0.513974 0.381362 0.001288 0.039936
2 1 0.010113 0.278506 0.699089 0.001512 0.010780
2 1 0.023403 0.286824 0.669219 0.002770 0.017784
2 1 0.014363 0.249694 0.720854 0.002661 0.012428
2 1 0.002333 0.168357 0.824478 0.000850 0.003982
2 1 0.001703 0.039780 0.949063 0.007743 0.001711
2 1 0.000086 0.004747 0.986995 0.008033 0.000138
2 2 0.000008 0.002721 0.996227 0.001013 0.000032
2 2 0.000036 0.004155 0.993744 0.001969 0.000097
2 2 0.000056 0.002690 0.990989 0.006165 0.000099
2 2 0.000158 0.005827 0.979626 0.014194 0.000196
2 2 0.000190 0.011843 0.981567 0.006105 0.000295
2 2 0.000215 0.010079 0.980336 0.009078 0.000291
2 2 0.000339 0.016620 0.978432 0.004085 0.000525
2 2 0.000070 0.005981 0.982535 0.011306 0.000109
2 2 0.000201 0.007218 0.979718 0.012615 0.000248
2 2 0.000329 0.008253 0.974565 0.016509 0.000345
2 2 0.000199 0.008443 0.984382 0.006686 0.000291
2 2 0.000093 0.004622 0.990046 0.005076 0.000163
2 2 0.000012 0.001452 0.994044 0.004461 0.000030
2 2 0.000014 0.001919 0.994585 0.003446 0.000037
2 2 0.000025 0.001417 0.975567 0.022954 0.000037
2 2 0.000004 0.000369 0.984390 0.015229 0.000009
2 2 0.000005 0.000340 0.984070 0.015574 0.000011
2 2 0.000022 0.001099 0.939474 0.059361 0.000044
2 2 0.000107 0.005926 0.979686 0.014136 0.000144
2 2 0.000404 0.014092 0.975729 0.009287 0.000488
2 2 0.000050 0.003068 0.986687 0.010112 0.000082
2 2 0.000273 0.010353 0.978065 0.010972 0.000336
2 2 0.008916 0.077886 0.897762 0.009199 0.006238
2 2 0.042285 0.186416 0.740860 0.009163 0.021276
1 2 0.252894 0.528953 0.147285 0.003059 0.067810
1 2 0.189492 0.395162 0.349857 0.018127 0.047362
2 2 0.041766 0.375695 0.553695 0.003413 0.025431
2 2 0.015329 0.177839 0.788570 0.005667 0.012595
2 2 0.003380 0.078859 0.908373 0.004885 0.004503
2 2 0.001521 0.060159 0.919187 0.016374 0.002760
2 2 0.000092 0.006031 0.981387 0.012311 0.000179
2 2 0.000062 0.003497 0.984718 0.011627 0.000095
2 2 0.000035 0.004312 0.991291 0.004285 0.000078
2 2 0.000037 0.004533 0.992851 0.002486 0.000094
2 2 0.000058 0.003719 0.991804 0.004304 0.000115
2 2 0.000129 0.004457 0.985552 0.009654 0.000208
2 2 0.000093 0.005287 0.989888 0.004480 0.000252
2 2 0.000064 0.004084 0.986778 0.008760 0.000314
2 2 0.000049 0.002037 0.994236 0.003442 0.000235
2 2 0.000020 0.001426 0.988285 0.010055 0.000213
2 2 0.000002 0.000823 0.995453 0.003673 0.000049
2 2 0.000001 0.000505 0.998458 0.001004 0.000031
2 2 0.000100 0.004390 0.992351 0.002303 0.000857
2 2 0.000048 0.001055 0.975283 0.023516 0.000098
2 2 0.000503 0.005816 0.811014 0.182183 0.000483
2 2 0.000020 0.001540 0.974103 0.024210 0.000128
2 2 0.000035 0.002136 0.992669 0.004945 0.000214
2 2 0.000005 0.000742 0.994673 0.004554 0.000026
2 2 0.000045 0.002240 0.988529 0.009112 0.000075
2 2 0.000006 0.001901 0.997212 0.000824 0.000057
2 2 0.000004 0.000996 0.997674 0.001292 0.000034
2 2 0.000015 0.001776 0.976893 0.020935 0.000381
2 2 0.000019 0.001333 0.924465 0.074005 0.000178
2 2 0.000001 0.000212 0.990073 0.009703 0.000010
2 2 0.000007 0.000464 0.973597 0.025909 0.000023
2 2 0.000038 0.000936 0.942384 0.056453 0.000189
2 2 0.000027 0.000999 0.952932 0.045815 0.000227
2 2 0.000004 0.000645 0.988345 0.010929 0.000077
2 2 0.000019 0.000852 0.926235 0.072787 0.000108
2 2 0.000283 0.004586 0.968346 0.025947 0.000838
2 2 0.000032 0.001008 0.790727 0.208096 0.000137
2 2 0.000072 0.002202 0.835079 0.162092 0.000556
2 2 0.000052 0.002451 0.978866 0.018087 0.000544
2 2 0.000001 0.000077 0.701905 0.298012 0.000005
3 2 0.000003 0.000081 0.403869 0.596040 0.000008
2 2 0.000004 0.000247 0.622625 0.377103 0.000021
3 2 0.000084 0.000804 0.419380 0.579551 0.000182
2 2 0.000009 0.000219 0.557555 0.442201 0.000016
2 2 0.000020 0.000498 0.665092 0.334353 0.000038
2 2 0.000042 0.001618 0.902479 0.095547 0.000314
2 2 0.000015 0.000483 0.737578 0.261887 0.000036
3 2 0.000004 0.000099 0.168435 0.831452 0.000010
3 2 0.000009 0.000201 0.072260 0.927476 0.000055
2 2 0.000010 0.000492 0.555371 0.444052 0.000075
2 2 0.000021 0.002114 0.938446 0.059143 0.000276
3 2 0.000006 0.000444 0.389279 0.610242 0.000029
2 2 0.000005 0.000253 0.662136 0.337594 0.000012
3 2 0.000001 0.000064 0.286168 0.713764 0.000004
3 2 0.000017 0.000220 0.119022 0.880714 0.000027
3 2 0.000003 0.000156 0.130617 0.869196 0.000028
3 2 0.000001 0.000093 0.312654 0.687243 0.000009
3 2 0.000017 0.000490 0.375457 0.623887 0.000149
3 2 0.000003 0.000234 0.485623 0.514118 0.000022
3 2 0.000003 0.000095 0.097271 0.902614 0.000017
3 2 0.000007 0.000131 0.033032 0.966806 0.000024
2 2 0.000051 0.001276 0.543757 0.454635 0.000281
3 2 0.000010 0.000356 0.295181 0.704382 0.000071
3 2 0.000049 0.001034 0.221543 0.777061 0.000312
3 2 0.000029 0.001061 0.210095 0.788708 0.000107
3 2 0.000369 0.003034 0.284723 0.709799 0.002075
3 3 0.000004 0.000131 0.112889 0.886943 0.000033
3 3 0.000001 0.000046 0.020056 0.979888 0.000009
3 3 0.000004 0.000120 0.023392 0.976448 0.000036
3 3 0.000002 0.000089 0.063936 0.935953 0.000019
3 3 0.000001 0.000041 0.046395 0.953557 0.000006
3 3 0.000000 0.000017 0.017786 0.982195 0.000002
3 3 0.000001 0.000025 0.031088 0.968883 0.000003
3 3 0.000002 0.000067 0.009496 0.990416 0.000019
3 3 0.000473 0.002138 0.060084 0.936457 0.000848
3 3 0.000005 0.000125 0.019922 0.979912 0.000036
3 3 0.000001 0.000034 0.021054 0.978906 0.000005
3 3 0.000013 0.000167 0.011124 0.988652 0.000044
3 3 0.000040 0.000344 0.033010 0.966531 0.000074
3 3 0.000005 0.000086 0.011104 0.988787 0.000018
3 3 0.000007 0.000111 0.018114 0.981747 0.000022
3 3 0.000004 0.000089 0.030592 0.969300 0.000016
3 3 0.000009 0.000161 0.021932 0.977858 0.000040
3 3 0.000583 0.001843 0.236446 0.760823 0.000306
2 3 0.006308 0.041103 0.701600 0.247757 0.003232
2 3 0.000127 0.005625 0.755019 0.238873 0.000356
2 3 0.000119 0.003045 0.805882 0.190771 0.000183
2 3 0.000049 0.000816 0.677596 0.321469 0.000070
3 2 0.000436 0.001738 0.461875 0.535670 0.000281
3 2 0.001479 0.007220 0.485914 0.504494 0.000893
2 2 0.000153 0.014106 0.978732 0.006572 0.000436
2 2 0.000149 0.001694 0.660531 0.337424 0.000202
2 2 0.000007 0.000406 0.872483 0.127081 0.000022
2 2 0.000053 0.001247 0.591208 0.407392 0.000100
2 2 0.000850 0.010940 0.913731 0.073564 0.000915
2 2 0.000434 0.060795 0.874701 0.009854 0.054216
2 4 0.004988 0.115095 0.663007 0.011599 0.205311
2 4 0.000441 0.081385 0.876219 0.000039 0.041917
2 4 0.000194 0.055643 0.932936 0.000014 0.011213
2 4 0.003526 0.069156 0.782116 0.000716 0.144487
2 4 0.001908 0.067635 0.730825 0.000554 0.199078
4 4 0.100745 0.050666 0.042258 0.003368 0.802963
4 4 0.076215 0.051222 0.064623 0.004422 0.803518
4 4 0.083918 0.077813 0.073192 0.000339 0.764737
4 4 0.054833 0.116274 0.401493 0.002818 0.424582
0 4 0.489106 0.076251 0.067807 0.004573 0.362263
2 4 0.076332 0.084150 0.628356 0.008458 0.202704
2 4 0.285119 0.139735 0.314037 0.006729 0.254380
0 4 0.408402 0.352173 0.129914 0.005074 0.104437
1 4 0.073437 0.512993 0.369376 0.001497 0.042697
2 4 0.070168 0.390917 0.464357 0.001165 0.073393
2 4 0.079943 0.297983 0.440357 0.000715 0.181002
2 4 0.006295 0.143842 0.512990 0.001300 0.335572
4 4 0.001667 0.123063 0.398968 0.001532 0.474769
4 4 0.003494 0.166024 0.335133 0.001530 0.493818
4 4 0.011443 0.143988 0.399483 0.000405 0.444681
2 4 0.000724 0.073504 0.713165 0.000155 0.212452
4 4 0.003943 0.045601 0.418196 0.002037 0.530223
4 4 0.018362 0.037853 0.084540 0.008417 0.850829
4 4 0.017290 0.080830 0.153018 0.004761 0.744101
4 4 0.010870 0.072263 0.121127 0.001693 0.794047
2 4 0.010279 0.126415 0.469930 0.000870 0.392505
0 4 0.318772 0.214755 0.282985 0.005742 0.177745
1 4 0.252178 0.415826 0.256695 0.005991 0.069310
2 4 0.060112 0.265737 0.578413 0.001323 0.094416
2 4 0.004763 0.150327 0.629550 0.000158 0.215202
4 4 0.002303 0.147995 0.182571 0.000241 0.666890
2 4 0.000506 0.105277 0.551231 0.000469 0.342517
2 4 0.001334 0.088880 0.751689 0.001274 0.156823
2 4 0.017274 0.237447 0.584683 0.000422 0.160174
2 4 0.006488 0.322113 0.620447 0.000148 0.050805
2 4 0.002481 0.156611 0.746564 0.000139 0.094205
2 4 0.000377 0.034425 0.903020 0.000355 0.061822
2 4 0.000329 0.039421 0.896776 0.000256 0.063218
4 4 0.008908 0.180537 0.395975 0.000029 0.414551
2 4 0.004033 0.133961 0.686741 0.000114 0.175151
2 4 0.000342 0.050197 0.884667 0.000108 0.064685
2 4 0.000843 0.048353 0.894256 0.008075 0.048473
2 4 0.000324 0.072621 0.893489 0.001487 0.032080
2 4 0.000684 0.082606 0.895330 0.001234 0.020146
2 4 0.001195 0.121840 0.820640 0.000824 0.055501
2 4 0.000671 0.078488 0.867213 0.000485 0.053143
2 4 0.000367 0.066179 0.847833 0.000804 0.084818
2 4 0.000457 0.036840 0.945077 0.001330 0.016297
2 4 0.000140 0.016345 0.969200 0.000157 0.014157
2 4 0.001074 0.057298 0.852154 0.000126 0.089348
2 4 0.001329 0.048662 0.771763 0.000540 0.177707
2 4 0.000087 0.028643 0.920124 0.000230 0.050917
2 4 0.000247 0.051375 0.727587 0.006461 0.214330
4 4 0.006348 0.072933 0.397054 0.011462 0.512202
4 4 0.019727 0.109985 0.351287 0.002487 0.516514
4 4 0.030295 0.070670 0.428416 0.007083 0.463536
2 4 0.002867 0.049823 0.636039 0.001943 0.309328
2 4 0.013328 0.035965 0.509034 0.004456 0.437217
4 4 0.078863 0.083731 0.120241 0.000120 0.717044
4 4 0.036444 0.145189 0.362655 0.002316 0.453396
4 4 0.004350 0.046224 0.270841 0.000936 0.677649
4 4 0.004101 0.060158 0.332304 0.000654 0.602783
4 4 0.008265 0.085355 0.271854 0.000748 0.633778
4 4 0.041254 0.159124 0.356773 0.000941 0.441908
4 4 0.025304 0.083777 0.228297 0.000360 0.662262
2 4 0.003042 0.057728 0.490483 0.000521 0.448227
2 4 0.002630 0.108256 0.614330 0.002335 0.272448
2 4 0.008904 0.273801 0.435126 0.001180 0.280989
2 4 0.006624 0.141963 0.676610 0.000742 0.174061
4 4 0.033723 0.112672 0.333228 0.000837 0.519539
4 4 0.206042 0.245250 0.111901 0.000377 0.436430
4 4 0.021647 0.091254 0.153163 0.000187 0.733750
2 4 0.010224 0.118754 0.664996 0.000098 0.205928
2 4 0.005102 0.114243 0.843537 0.000258 0.036859
2 4 0.005357 0.112821 0.827295 0.000336 0.054190
2 2 0.029336 0.277778 0.499415 0.000673 0.192797
4 2 0.024549 0.166707 0.351108 0.001254 0.456382
4 2 0.016545 0.277120 0.256545 0.000664 0.449127
4 2 0.032968 0.198500 0.189502 0.000974 0.578056
1 2 0.160258 0.488867 0.288205 0.003266 0.059405
1 2 0.059565 0.608411 0.275956 0.000533 0.055535
2 1 0.080098 0.403831 0.424976 0.002499 0.088596
2 1 0.007913 0.224167 0.613812 0.000279 0.153830
4 1 0.130723 0.282357 0.223028 0.000576 0.363317
1 1 0.129858 0.376439 0.212070 0.001248 0.280386
1 1 0.030343 0.366930 0.297510 0.000533 0.304684
2 1 0.007471 0.269492 0.671481 0.000164 0.051392
2 1 0.033737 0.342000 0.592988 0.001403 0.029871
2 1 0.007234 0.146022 0.836869 0.001610 0.008265
2 1 0.048391 0.419103 0.475786 0.000864 0.055856
2 1 0.006418 0.297359 0.667615 0.000608 0.028001
2 1 0.002968 0.149095 0.808627 0.003396 0.035914
2 1 0.004566 0.232670 0.685610 0.002684 0.074471
2 1 0.004662 0.299468 0.606960 0.000254 0.088656
2 1 0.006971 0.293160 0.465210 0.000197 0.234463
2 1 0.005128 0.222386 0.625581 0.000140 0.146764
2 1 0.026444 0.247108 0.590328 0.000193 0.135927
2 1 0.059432 0.254005 0.507153 0.000492 0.178919
2 2 0.074595 0.309383 0.446305 0.000599 0.169118
2 2 0.000113 0.023098 0.971555 0.000347 0.004888
2 2 0.000049 0.009851 0.977943 0.000507 0.011650
2 2 0.000024 0.010394 0.984621 0.000190 0.004772
2 2 0.000076 0.016336 0.973102 0.000862 0.009624
2 2 0.000095 0.020020 0.964211 0.000591 0.015083
2 2 0.000250 0.021034 0.953560 0.004668 0.020488
2 1 0.000298 0.018348 0.960650 0.000326 0.020377
2 1 0.020827 0.285718 0.426127 0.000041 0.267286
1 1 0.052244 0.469829 0.222270 0.000081 0.255576
1 1 0.075858 0.358302 0.303465 0.000242 0.262133
1 1 0.250664 0.429092 0.171297 0.001763 0.147185
0 1 0.534202 0.239945 0.111286 0.008728 0.105838
0 1 0.549762 0.231719 0.128094 0.015511 0.074913
0 0 0.702110 0.082511 0.106915 0.049539 0.058925
0 0 0.625663 0.159894 0.119653 0.024669 0.070121
0 0 0.594032 0.207212 0.109053 0.016711 0.072992
1 1 0.265067 0.440773 0.218616 0.005321 0.070223
1 1 0.130508 0.471352 0.340513 0.003025 0.054602
2 1 0.018588 0.220709 0.742417 0.004458 0.013828
2 1 0.003674 0.095031 0.894863 0.001693 0.004739
2 1 0.000697 0.050069 0.943303 0.003588 0.002344
2 2 0.000385 0.020254 0.975452 0.003003 0.000906
2 2 0.000057 0.002967 0.993398 0.003436 0.000141
2 2 0.000002 0.000420 0.998786 0.000766 0.000026
2 2 0.000010 0.002037 0.997550 0.000149 0.000254
2 2 0.000008 0.001983 0.997687 0.000234 0.000088
2 2 0.000013 0.003741 0.995919 0.000186 0.000140
2 2 0.000046 0.004903 0.994225 0.000229 0.000598
2 2 0.000110 0.011578 0.986525 0.000154 0.001633
2 2 0.000436 0.018228 0.974157 0.000238 0.006942
2 2 0.000034 0.002881 0.996020 0.000359 0.000706
2 2 0.000008 0.001363 0.998245 0.000114 0.000271
2 2 0.000032 0.002934 0.995777 0.000136 0.001121
2 2 0.000007 0.001135 0.998466 0.000265 0.000127
2 2 0.000023 0.002221 0.997022 0.000243 0.000492
2 2 0.000008 0.001840 0.997806 0.000096 0.000249
2 2 0.000005 0.000857 0.998718 0.000358 0.000062
2 2 0.000005 0.000849 0.998795 0.000162 0.000189
2 2 0.000005 0.000983 0.998608 0.000262 0.000141
2 2 0.000035 0.006058 0.991649 0.000043 0.002215
2 2 0.000055 0.008306 0.990684 0.000328 0.000628
2 2 0.000008 0.003543 0.996168 0.000073 0.000208
2 2 0.000024 0.002991 0.996316 0.000228 0.000441
2 2 0.000019 0.001236 0.996654 0.001989 0.000101
2 2 0.000090 0.011097 0.987685 0.000273 0.000855
2 2 0.000019 0.005429 0.994189 0.000179 0.000184
2 2 0.000037 0.005593 0.993386 0.000133 0.000851
2 2 0.000008 0.002591 0.997018 0.000052 0.000331
2 2 0.000004 0.000628 0.998670 0.000643 0.000055
2 2 0.000075 0.004904 0.993506 0.000771 0.000743
2 2 0.000010 0.002289 0.997049 0.000356 0.000296
2 2 0.000022 0.000718 0.990701 0.008470 0.000089
2 2 0.000050 0.002470 0.996027 0.000924 0.000528
2 2 0.000049 0.003753 0.994986 0.000479 0.000732
2 2 0.000013 0.002262 0.997224 0.000319 0.000182
2 2 0.000002 0.000425 0.997302 0.002261 0.000010
2 2 0.000001 0.000380 0.998473 0.001130 0.000016
2 2 0.000015 0.000936 0.989053 0.009966 0.000029
2 2 0.000359 0.007286 0.972127 0.019878 0.000350
2 2 0.000844 0.023700 0.965441 0.009104 0.000911
2 2 0.000065 0.003468 0.989403 0.006952 0.000111
2 2 0.000005 0.000627 0.995949 0.003399 0.000019
2 2 0.000018 0.002613 0.996224 0.001049 0.000095
2 2 0.000010 0.001660 0.997516 0.000753 0.000062
2 2 0.000001 0.000621 0.999117 0.000242 0.000019
2 2 0.000004 0.001115 0.997768 0.001082 0.000030
2 2 0.000020 0.001132 0.992423 0.006384 0.000041
2 2 0.000576 0.006495 0.971874 0.020556 0.000499
2 2 0.035558 0.062967 0.827529 0.062829 0.011117
2 2 0.092940 0.374684 0.486644 0.005950 0.039782
2 2 0.003140 0.183973 0.806938 0.000725 0.005224
2 2 0.003642 0.250867 0.735060 0.001875 0.008557
2 2 0.007022 0.141775 0.825455 0.012567 0.013181
2 2 0.008621 0.108386 0.831005 0.036647 0.015341
2 2 0.005186 0.082976 0.899921 0.006051 0.005867
2 2 0.000393 0.027011 0.962957 0.008350 0.001289
2 2 0.000008 0.001809 0.983981 0.014048 0.000155
2 2 0.000054 0.002952 0.993086 0.003665 0.000242
2 2 0.000118 0.008811 0.988545 0.001251 0.001275
2 2 0.020419 0.129777 0.822610 0.003157 0.024037
1 2 0.105500 0.472023 0.369006 0.002897 0.050574
2 2 0.004307 0.110102 0.871409 0.007705 0.006476
2 2 0.000326 0.016228 0.979164 0.003696 0.000586
2 2 0.000026 0.002655 0.989988 0.007199 0.000133
2 2 0.000010 0.001756 0.996800 0.001381 0.000053
2 2 0.000003 0.000639 0.996991 0.002332 0.000034
2 2 0.000010 0.000754 0.996307 0.002861 0.000068
2 2 0.000001 0.000301 0.988333 0.011341 0.000025
2 2 0.000006 0.000358 0.997006 0.002582 0.000047
2 2 0.000003 0.000435 0.999175 0.000286 0.000101
2 2 0.000025 0.002021 0.979708 0.017799 0.000446
2 2 0.000018 0.001105 0.995889 0.002809 0.000179
2 2 0.000006 0.000944 0.998170 0.000748 0.000132
2 2 0.000003 0.000811 0.998896 0.000210 0.000079
2 2 0.000004 0.000918 0.998485 0.000544 0.000048
2 2 0.000005 0.001677 0.998034 0.000195 0.000089
2 2 0.000027 0.002175 0.996260 0.001414 0.000124
2 2 0.000268 0.003351 0.982559 0.013536 0.000287
2 2 0.003308 0.033387 0.951813 0.008735 0.002757
1 1 0.277513 0.325425 0.317122 0.010093 0.069846
2 1 0.018523 0.474360 0.485031 0.000411 0.021675
2 1 0.006939 0.204068 0.778856 0.000883 0.009253
2 1 0.000382 0.028033 0.969894 0.000790 0.000901
2 1 0.000219 0.019572 0.978992 0.000398 0.000819
2 2 0.000794 0.037875 0.958692 0.001159 0.001479
1 2 0.053553 0.459107 0.449543 0.001339 0.036457
1 2 0.170662 0.624455 0.144731 0.001605 0.058547
1 2 0.125149 0.572050 0.247263 0.001847 0.053690
1 2 0.029654 0.492899 0.444585 0.001278 0.031584
1 2 0.059136 0.475890 0.425215 0.001392 0.038366
2 2 0.010245 0.420392 0.553322 0.000261 0.015780
2 2 0.001540 0.054845 0.939852 0.001271 0.002492
2 2 0.000498 0.024088 0.972862 0.001641 0.000912
2 2 0.000491 0.022411 0.973833 0.002450 0.000814
2 2 0.000195 0.018338 0.980106 0.000863 0.000498
2 2 0.000140 0.010321 0.987310 0.001925 0.000304
2 2 0.000022 0.001910 0.993650 0.004366 0.000052
2 2 0.000242 0.005072 0.986052 0.008326 0.000309
2 2 0.000164 0.017013 0.981616 0.000760 0.000447
2 2 0.003177 0.057990 0.932732 0.002256 0.003845
2 2 0.000178 0.021789 0.976787 0.000634 0.000613
2 2 0.000176 0.015290 0.982736 0.001392 0.000405
2 2 0.000162 0.027640 0.971162 0.000539 0.000498
2 2 0.000024 0.007053 0.992396 0.000220 0.000307
2 2 0.000042 0.005833 0.993268 0.000293 0.000564
2 2 0.000027 0.001499 0.995129 0.003034 0.000311
2 2 0.000090 0.005800 0.991390 0.000652 0.002068
2 2 0.000025 0.002851 0.996144 0.000141 0.000838
2 2 0.000244 0.011538 0.986156 0.000644 0.001417
2 2 0.008593 0.103435 0.876469 0.003980 0.007523
2 2 0.000218 0.007085 0.983331 0.009034 0.000332
2 2 0.000434 0.009051 0.980294 0.009728 0.000493
2 2 0.000060 0.005563 0.991146 0.003100 0.000132
2 2 0.000011 0.003036 0.996607 0.000141 0.000205
2 2 0.000003 0.002173 0.997646 0.000038 0.000139
2 2 0.000023 0.001965 0.996643 0.001214 0.000155
2 2 0.000007 0.000687 0.997879 0.001368 0.000059
2 2 0.000086 0.003996 0.993378 0.002196 0.000345
2 2 0.000030 0.001741 0.996553 0.001437 0.000239
2 2 0.000028 0.002807 0.996198 0.000231 0.000735
2 2 0.000010 0.001034 0.997561 0.001287 0.000107
2 2 0.000003 0.000578 0.996992 0.002262 0.000165
2 2 0.000004 0.000410 0.996512 0.002969 0.000105
2 2 0.000003 0.000626 0.998844 0.000377 0.000151
2 2 0.000001 0.000431 0.999328 0.000159 0.000082
2 2 0.000002 0.000310 0.994736 0.004808 0.000143
2 2 0.000002 0.000366 0.998974 0.000455 0.000203
2 2 0.000006 0.001285 0.997750 0.000183 0.000775
2 2 0.000004 0.001176 0.998475 0.000177 0.000168
2 2 0.000008 0.001620 0.997938 0.000164 0.000270
2 2 0.000154 0.003520 0.952498 0.043643 0.000185
2 2 0.027461 0.073729 0.829299 0.060217 0.009294
2 2 0.267683 0.080003 0.457710 0.158961 0.035643
2 2 0.305791 0.281192 0.323038 0.033997 0.055982
1 2 0.206753 0.440686 0.287628 0.009989 0.054943
2 2 0.044699 0.394283 0.529607 0.003007 0.028404
2 2 0.016316 0.179764 0.787470 0.002771 0.013680
2 2 0.095610 0.259066 0.587952 0.005582 0.051789
0 0 0.763612 0.074169 0.066164 0.041582 0.054472
0 0 0.772442 0.072689 0.060944 0.040291 0.053634
0 0 0.772442 0.072689 0.060944 0.040291 0.053634
0 0 0.772442 0.072689 0.060944 0.040291 0.053634
0 0 0.622401 0.088818 0.167171 0.061100 0.060510
0 0 0.772442 0.072689 0.060944 0.040291 0.053634
0 0 0.734407 0.099990 0.073520 0.032187 0.059896
0 0 0.454308 0.292458 0.164698 0.012437 0.076099
0 0 0.484058 0.300320 0.128801 0.010381 0.076439
1 0 0.162970 0.543639 0.212034 0.001704 0.079654
1 1 0.051190 0.550825 0.309564 0.000301 0.088120
2 1 0.051314 0.329982 0.447345 0.001317 0.170043
2 1 0.003347 0.149682 0.815321 0.000835 0.030816
2 1 0.000962 0.074141 0.904871 0.000743 0.019284
2 1 0.008624 0.305524 0.545548 0.000084 0.140220
1 1 0.026426 0.650481 0.262449 0.000110 0.060535
2 1 0.014566 0.247669 0.697752 0.000414 0.039598
2 1 0.014815 0.184396 0.785308 0.002644 0.012837
2 1 0.024598 0.183805 0.759681 0.002666 0.029250
2 1 0.010348 0.190894 0.777638 0.000766 0.020354
2 1 0.011177 0.189505 0.766180 0.000416 0.032723
2 1 0.005873 0.175992 0.761551 0.000081 0.056503
2 1 0.000491 0.088507 0.885130 0.000008 0.025864
2 1 0.000257 0.031228 0.932314 0.000011 0.036189
2 4 0.001450 0.019320 0.725520 0.000224 0.253486
4 4 0.378363 0.048565 0.027340 0.000602 0.545131
4 4 0.424197 0.067194 0.036351 0.000917 0.471342
1 4 0.157212 0.432033 0.241913 0.001053 0.167789
4 4 0.094321 0.154235 0.143574 0.001144 0.606726
4 4 0.284112 0.108508 0.228847 0.029463 0.349070
4 4 0.110094 0.040761 0.045394 0.000777 0.802974
4 4 0.201418 0.061011 0.037559 0.003583 0.696429
4 4 0.056239 0.041912 0.025841 0.004942 0.871066
4 4 0.124677 0.080457 0.083380 0.026245 0.685241
1 4 0.194336 0.316332 0.184838 0.000989 0.303505
2 4 0.050376 0.185337 0.577043 0.001116 0.186128
4 4 0.017698 0.047242 0.449199 0.007265 0.478597
4 4 0.271805 0.067039 0.051994 0.003244 0.605918
0 4 0.570793 0.066466 0.042398 0.002714 0.317629
0 4 0.662806 0.153171 0.093316 0.022639 0.068069
0 4 0.427869 0.297572 0.185913 0.012091 0.076555
0 4 0.475413 0.199235 0.162532 0.007802 0.155018
4 4 0.015363 0.031751 0.049493 0.001921 0.901472
4 4 0.009984 0.031416 0.040355 0.002123 0.916122
4 4 0.015671 0.058503 0.131638 0.004183 0.790005
4 4 0.023128 0.063987 0.091672 0.001902 0.819311
4 4 0.012773 0.032869 0.064202 0.000707 0.889450
4 4 0.101357 0.086574 0.151053 0.048482 0.612533
4 4 0.132329 0.119945 0.333642 0.040355 0.373729
0 4 0.463036 0.086256 0.249310 0.157213 0.044185
0 4 0.452395 0.319678 0.130592 0.007596 0.089738
2 4 0.029762 0.437193 0.467686 0.000284 0.065075
2 4 0.195405 0.197591 0.396190 0.003958 0.206856
0 4 0.558815 0.091071 0.064949 0.014850 0.270314
4 4 0.168369 0.061140 0.067124 0.002946 0.700422
4 4 0.349900 0.081283 0.053516 0.007713 0.507589
4 4 0.078228 0.074756 0.151186 0.023388 0.672442
4 4 0.278398 0.086441 0.052842 0.006101 0.576218
0 4 0.606507 0.070640 0.048894 0.003955 0.270004
4 4 0.370221 0.080977 0.053267 0.007275 0.488260
0 4 0.500667 0.062098 0.040253 0.001707 0.395275
4 4 0.277890 0.145556 0.051624 0.000341 0.524589
4 4 0.024374 0.197103 0.323955 0.000692 0.453874
2 4 0.005184 0.073983 0.550327 0.008872 0.361634
2 4 0.001325 0.062541 0.754534 0.003917 0.177682
2 4 0.002959 0.127836 0.652962 0.001722 0.214521
2 4 0.025264 0.082837 0.467237 0.001296 0.423366
4 4 0.007020 0.025066 0.312977 0.003641 0.651295
4 4 0.155712 0.062337 0.087149 0.003080 0.691722
2 4 0.143630 0.184395 0.410649 0.002005 0.259322
2 4 0.309977 0.161971 0.421192 0.053363 0.053496
1 4 0.298834 0.375918 0.244998 0.007801 0.072448
1 4 0.100680 0.539712 0.236404 0.000527 0.122677
1 4 0.194284 0.552706 0.187470 0.002591 0.062950
1 4 0.188749 0.450355 0.293521 0.004363 0.063011
1 4 0.363430 0.413124 0.142872 0.005859 0.074714
0 4 0.424842 0.354172 0.136756 0.007927 0.076302
0 1 0.482065 0.272590 0.155627 0.013194 0.076523
0 1 0.472469 0.264495 0.172242 0.014378 0.076416
1 1 0.245677 0.465570 0.215505 0.004526 0.068723
1 1 0.260361 0.377880 0.284745 0.007419 0.069595
1 1 0.244093 0.453894 0.149939 0.001390 0.150683
2 1 0.001819 0.189701 0.751403 0.000250 0.056827
2 1 0.000685 0.079639 0.880459 0.000411 0.038806
2 1 0.000241 0.043621 0.934486 0.000511 0.021142
2 1 0.001046 0.041610 0.939865 0.003742 0.013738
2 1 0.006004 0.138052 0.821466 0.001317 0.033161
2 1 0.000143 0.025501 0.965208 0.000297 0.008851
2 1 0.000146 0.050506 0.882400 0.000054 0.066894
2 2 0.000045 0.059717 0.918199 0.000014 0.022026
2 2 0.000387 0.026497 0.930625 0.000674 0.041816
2 2 0.000459 0.015091 0.963901 0.007250 0.013299
2 2 0.000016 0.012746 0.980676 0.000122 0.006439
2 2 0.000002 0.008708 0.985635 0.000015 0.005640
2 2 0.000060 0.079249 0.744518 0.000013 0.176159
2 2 0.001240 0.065844 0.711557 0.001012 0.220347
2 2 0.008741 0.136670 0.759799 0.000498 0.094293
2 2 0.099826 0.300525 0.496133 0.004320 0.099195
2 1 0.000511 0.039621 0.946419 0.000797 0.012653
2 1 0.000069 0.020385 0.952347 0.000466 0.026733
2 1 0.000004 0.006648 0.984033 0.000044 0.009271
2 1 0.000010 0.008162 0.985767 0.000045 0.006015
2 1 0.000056 0.008553 0.979186 0.001638 0.010567
2 1 0.000004 0.005875 0.990770 0.000381 0.002971
2 1 0.000002 0.002964 0.996026 0.000174 0.000834
2 1 0.000000 0.000681 0.999066 0.000030 0.000223
2 1 0.000000 0.000322 0.999587 0.000007 0.000084
2 2 0.000000 0.000046 0.999930 0.000014 0.000010
2 2 0.000000 0.000125 0.999630 0.000189 0.000055
2 2 0.000000 0.000296 0.999515 0.000066 0.000123
2 2 0.000000 0.000348 0.999298 0.000227 0.000127
2 2 0.000000 0.000927 0.998667 0.000026 0.000380
2 2 0.000028 0.002273 0.994180 0.001491 0.002027
2 2 0.000004 0.000538 0.998709 0.000489 0.000260
2 2 0.000001 0.000313 0.999359 0.000192 0.000135
2 3 0.000000 0.000069 0.999813 0.000110 0.000007
2 3 0.000000 0.000156 0.999672 0.000141 0.000031
2 3 0.000000 0.000037 0.999587 0.000372 0.000003
