0 0 0.988131 0.001439 0.000548 0.000932 0.008950
0 0 0.992184 0.000709 0.000268 0.000555 0.006284
0 0 0.983471 0.002474 0.000945 0.001386 0.011724
0 0 0.962758 0.008666 0.003338 0.003457 0.021781
0 0 0.978300 0.003811 0.001460 0.001900 0.014529
0 0 0.955705 0.011171 0.004311 0.004158 0.024656
0 0 0.985705 0.001955 0.000745 0.001167 0.010428
0 0 0.990431 0.001002 0.000380 0.000715 0.007471
0 0 0.992579 0.000648 0.000245 0.000520 0.006008
0 0 0.940809 0.016908 0.006543 0.005612 0.030128
0 0 0.389565 0.277890 0.099402 0.005361 0.227782
0 0 0.410021 0.145468 0.047792 0.000750 0.395969
0 1 0.590600 0.103865 0.027364 0.001074 0.277097
0 0 0.562444 0.076686 0.018236 0.000413 0.342222
0 0 0.666477 0.055699 0.015528 0.000945 0.261351
4 0 0.279389 0.193991 0.073337 0.000664 0.452619
0 1 0.555678 0.084769 0.024274 0.000551 0.334728
0 0 0.917191 0.025944 0.009816 0.006359 0.040690
0 0 0.874280 0.047093 0.018356 0.011668 0.048604
0 0 0.330486 0.274817 0.249102 0.081962 0.063634
0 0 0.884593 0.018321 0.012740 0.006742 0.077603
0 0 0.967055 0.002496 0.001253 0.005476 0.023719
0 0 0.975945 0.004474 0.001716 0.002136 0.015730
0 0 0.950838 0.012985 0.005016 0.004636 0.026524
0 0 0.952659 0.012299 0.004749 0.004458 0.025835
0 0 0.854879 0.039949 0.040336 0.014806 0.050030
0 0 0.934464 0.018608 0.008349 0.006251 0.032329
0 0 0.968529 0.006209 0.003063 0.002899 0.019300
0 0 0.989607 0.001152 0.000438 0.000792 0.008010
0 0 0.986827 0.001710 0.000651 0.001058 0.009754
0 0 0.965399 0.007770 0.002991 0.003194 0.020647
0 0 0.978685 0.003705 0.001419 0.001862 0.014329
0 0 0.766788 0.085325 0.029676 0.005778 0.112433
0 0 0.438248 0.118165 0.027495 0.000439 0.415653
0 4 0.518454 0.021624 0.005107 0.000041 0.454773
4 4 0.144214 0.090426 0.066063 0.000118 0.699179
4 4 0.271512 0.116965 0.061338 0.000653 0.549532
4 4 0.212199 0.066221 0.048585 0.001165 0.671830
0 4 0.466965 0.045812 0.040695 0.006745 0.439782
4 4 0.071041 0.041390 0.049349 0.001492 0.836728
4 4 0.021703 0.177965 0.155714 0.000337 0.644282
4 4 0.018410 0.278336 0.102790 0.000196 0.600268
1 4 0.021419 0.435839 0.134881 0.000144 0.407717
2 4 0.018924 0.365860 0.405893 0.000616 0.208706
2 4 0.001347 0.210008 0.657675 0.000064 0.130907
2 4 0.000648 0.130429 0.807509 0.000105 0.061310
2 4 0.000488 0.135384 0.708258 0.000139 0.155731
4 4 0.003556 0.038564 0.043761 0.000037 0.914083
4 4 0.007857 0.078393 0.035904 0.000051 0.877795
4 4 0.003453 0.201987 0.157852 0.000050 0.636658
2 4 0.000054 0.041192 0.935843 0.000009 0.022902
2 4 0.000422 0.163677 0.659376 0.000007 0.176518
2 4 0.000628 0.124393 0.817009 0.000083 0.057887
2 4 0.003160 0.349148 0.366128 0.000080 0.281485
2 4 0.001572 0.292952 0.365795 0.000013 0.339668
4 4 0.001925 0.329374 0.252049 0.000010 0.416641
1 4 0.004337 0.384890 0.307755 0.000063 0.302954
4 4 0.001792 0.303524 0.322380 0.000031 0.372272
4 4 0.007496 0.259115 0.154672 0.000029 0.578687
2 1 0.011977 0.244529 0.651746 0.001836 0.089912
2 1 0.000006 0.009627 0.985482 0.000022 0.004863
2 1 0.000175 0.065671 0.903126 0.000033 0.030994
2 1 0.000050 0.015653 0.980988 0.000122 0.003187
2 1 0.000203 0.030934 0.961102 0.000290 0.007471
2 2 0.000169 0.072208 0.869206 0.000022 0.058395
2 2 0.000173 0.072189 0.875550 0.000033 0.052056
2 2 0.000246 0.104566 0.828000 0.000018 0.067170
2 2 0.000287 0.049847 0.929793 0.000844 0.019229
2 2 0.000030 0.012060 0.984800 0.000989 0.002123
2 2 0.000086 0.017919 0.978530 0.000641 0.002824
2 2 0.000000 0.000210 0.999273 0.000510 0.000007
2 2 0.000006 0.002394 0.984571 0.012857 0.000172
2 2 0.000003 0.001815 0.977081 0.020845 0.000256
2 2 0.000001 0.000703 0.715893 0.283352 0.000051
3 2 0.000001 0.000172 0.335949 0.663866 0.000012
3 2 0.000014 0.000546 0.205075 0.794304 0.000061
2 3 0.000001 0.000375 0.656216 0.343395 0.000013
2 2 0.000001 0.000302 0.829863 0.169825 0.000010
3 3 0.000008 0.000407 0.409097 0.590453 0.000035
3 2 0.001204 0.002318 0.075664 0.920130 0.000684
2 2 0.000053 0.006543 0.696307 0.296373 0.000723
3 3 0.000035 0.001033 0.099165 0.899527 0.000239
3 2 0.000015 0.000258 0.020524 0.979121 0.000081
3 3 0.000005 0.000263 0.031026 0.968625 0.000081
3 3 0.000020 0.000990 0.248303 0.750501 0.000186
2 3 0.000005 0.000535 0.656222 0.343147 0.000091
3 3 0.000017 0.000634 0.124488 0.874738 0.000123
3 3 0.000028 0.000130 0.010903 0.988881 0.000058
3 3 0.000010 0.000258 0.042228 0.957449 0.000054
3 3 0.000004 0.000689 0.241951 0.757313 0.000042
3 3 0.000010 0.000084 0.010652 0.989223 0.000031
3 3 0.000028 0.000190 0.013488 0.986169 0.000125
3 3 0.000009 0.000085 0.007724 0.992139 0.000042
3 3 0.000010 0.000063 0.007663 0.992222 0.000041
3 3 0.000009 0.000118 0.008633 0.991199 0.000041
3 3 0.000001 0.000073 0.010044 0.989855 0.000026
3 3 0.000195 0.002182 0.077714 0.918868 0.001041
3 3 0.000006 0.000138 0.037116 0.962713 0.000027
3 3 0.000006 0.000077 0.031247 0.968646 0.000024
3 3 0.000004 0.000077 0.010537 0.989355 0.000027
3 3 0.000001 0.000234 0.122461 0.877282 0.000022
3 3 0.000001 0.000020 0.004188 0.995786 0.000005
3 3 0.000057 0.000219 0.012092 0.987533 0.000100
3 3 0.000005 0.000413 0.064342 0.935189 0.000051
3 3 0.000027 0.000833 0.150621 0.848434 0.000085
3 3 0.000015 0.000271 0.036856 0.962812 0.000046
3 3 0.000042 0.000594 0.074083 0.925169 0.000112
3 3 0.000041 0.000554 0.023546 0.975732 0.000127
3 3 0.000006 0.000382 0.021434 0.978128 0.000051
3 3 0.000073 0.001896 0.054411 0.943380 0.000240
3 3 0.000106 0.001121 0.042102 0.956485 0.000187
3 3 0.000034 0.000238 0.012366 0.987259 0.000103
3 3 0.000005 0.000038 0.004059 0.995878 0.000021
3 3 0.000048 0.000122 0.008210 0.991536 0.000085
3 3 0.000039 0.000252 0.013988 0.985632 0.000089
3 3 0.000045 0.000628 0.023018 0.976149 0.000160
3 3 0.000005 0.000086 0.009605 0.990275 0.000028
3 3 0.000013 0.000087 0.005463 0.994380 0.000058
3 3 0.000050 0.000229 0.013136 0.986463 0.000123
3 3 0.000121 0.002999 0.073975 0.922554 0.000350
3 3 0.000024 0.000053 0.003302 0.996548 0.000073
3 3 0.000068 0.000245 0.008839 0.990652 0.000195
3 3 0.000110 0.000234 0.007104 0.992121 0.000431
3 3 0.000725 0.001652 0.015918 0.979394 0.002310
3 3 0.000194 0.000186 0.004158 0.994929 0.000533
3 3 0.000000 0.000035 0.003551 0.996403 0.000011
3 3 0.000005 0.000083 0.009320 0.990571 0.000021
3 3 0.000004 0.000059 0.004171 0.995732 0.000035
3 3 0.001351 0.000582 0.008126 0.988236 0.001705
3 3 0.000267 0.000669 0.010520 0.987642 0.000902
3 3 0.000011 0.000562 0.028345 0.970982 0.000099
3 3 0.000023 0.000128 0.007178 0.992591 0.000079
3 3 0.000154 0.000577 0.012404 0.986371 0.000494
3 3 0.000003 0.000035 0.003768 0.996175 0.000019
3 3 0.000005 0.000049 0.003697 0.996214 0.000035
3 3 0.000005 0.000086 0.019827 0.980061 0.000020
3 3 0.000008 0.000041 0.003759 0.996160 0.000031
3 3 0.000002 0.000028 0.004569 0.995390 0.000010
3 1 0.001833 0.005827 0.109846 0.880834 0.001659
2 1 0.172787 0.138434 0.509719 0.150012 0.029048
2 1 0.023654 0.118323 0.797743 0.045597 0.014684
2 1 0.086704 0.174100 0.640497 0.067023 0.031675
0 1 0.818118 0.048805 0.059468 0.023844 0.049764
0 0 0.791722 0.090361 0.035397 0.018331 0.064190
1 1 0.047291 0.433914 0.388264 0.005564 0.124967
2 1 0.004940 0.225798 0.682853 0.000625 0.085785
2 2 0.002963 0.117324 0.856536 0.003590 0.019586
2 1 0.028090 0.076417 0.837893 0.041577 0.016024
0 0 0.822143 0.053314 0.050120 0.015916 0.058506
0 1 0.835848 0.057294 0.034719 0.014566 0.057573
0 0 0.966035 0.007558 0.002909 0.003130 0.020368
0 0 0.975821 0.004509 0.001729 0.002149 0.015792
0 0 0.989106 0.001247 0.000474 0.000840 0.008333
0 0 0.987196 0.001631 0.000621 0.001022 0.009529
0 0 0.938800 0.015300 0.009153 0.005859 0.030889
0 0 0.976333 0.004362 0.001673 0.002097 0.015535
0 0 0.989874 0.001103 0.000419 0.000767 0.007837
0 0 0.988225 0.001420 0.000540 0.000923 0.008891
0 0 0.984334 0.002269 0.000866 0.001301 0.011230
0 0 0.994120 0.000431 0.000163 0.000386 0.004900
0 0 0.954233 0.011456 0.004741 0.004313 0.025257
0 0 0.956628 0.009842 0.003644 0.002836 0.027050
0 0 0.989090 0.001250 0.000475 0.000841 0.008343
0 0 0.993223 0.000553 0.000209 0.000463 0.005551
0 0 0.994447 0.000390 0.000147 0.000358 0.004658
0 0 0.997788 0.000073 0.000027 0.000105 0.002007
0 0 0.990290 0.001027 0.000390 0.000729 0.007564
0 0 0.993093 0.000567 0.000220 0.000475 0.005645
0 0 0.990298 0.001016 0.000397 0.000728 0.007561
0 0 0.989608 0.001152 0.000438 0.000792 0.008010
0 0 0.978261 0.003619 0.001374 0.001627 0.015120
0 0 0.971662 0.005753 0.002210 0.002566 0.017809
0 0 0.976629 0.004149 0.001747 0.002073 0.015402
0 0 0.995223 0.000178 0.000075 0.000360 0.004163
0 0 0.988088 0.001209 0.000481 0.001037 0.009185
0 0 0.880669 0.018877 0.005471 0.000747 0.094236
0 0 0.903017 0.007890 0.002079 0.000209 0.086805
0 0 0.863542 0.024111 0.007019 0.000907 0.104421
0 0 0.958066 0.009931 0.003763 0.003372 0.024867
0 0 0.840702 0.034885 0.010442 0.001416 0.112555
0 0 0.929304 0.012845 0.004138 0.001246 0.052467
0 0 0.966805 0.006379 0.002337 0.001959 0.022520
0 0 0.519623 0.250209 0.090896 0.018830 0.120442
1 1 0.117476 0.460241 0.119380 0.001608 0.301296
1 1 0.312138 0.330815 0.096378 0.004002 0.256667
1 1 0.065730 0.524484 0.178156 0.001914 0.229716
1 1 0.253794 0.372807 0.106987 0.003655 0.262757
0 0 0.930356 0.021223 0.008226 0.006610 0.033586
0 0 0.979015 0.003616 0.001385 0.001829 0.014156
0 0 0.981611 0.002934 0.001122 0.001570 0.012763
4 1 0.016967 0.352041 0.240866 0.000133 0.389992
2 1 0.003152 0.327312 0.361205 0.000035 0.308296
2 1 0.006403 0.336771 0.424514 0.000143 0.232168
2 1 0.001969 0.220503 0.606153 0.000051 0.171324
2 1 0.000083 0.041850 0.928038 0.000165 0.029864
2 1 0.001124 0.137228 0.806183 0.000197 0.055267
2 1 0.000321 0.063758 0.906159 0.000058 0.029704
2 1 0.000102 0.036059 0.950252 0.000043 0.013544
2 2 0.000307 0.052922 0.933206 0.000250 0.013315
2 1 0.008515 0.229018 0.637913 0.000574 0.123979
0 1 0.714035 0.066230 0.128131 0.033597 0.058006
0 0 0.925284 0.023387 0.009071 0.007088 0.035170
1 0 0.305693 0.376494 0.120648 0.008595 0.188569
0 1 0.930851 0.020290 0.007694 0.005483 0.035683
0 1 0.521920 0.203859 0.062617 0.004926 0.206678
1 1 0.321758 0.380373 0.129166 0.013321 0.155381
1 1 0.183889 0.495998 0.167803 0.013058 0.139253
1 1 0.232158 0.462263 0.170344 0.023045 0.112190
1 1 0.057568 0.437357 0.348704 0.004052 0.152319
1 2 0.096034 0.406298 0.369386 0.010747 0.117535
2 2 0.017812 0.231272 0.694040 0.007172 0.049704
2 2 0.025433 0.354272 0.510118 0.003471 0.106705
2 2 0.010070 0.206240 0.734560 0.004560 0.044569
2 2 0.002331 0.045581 0.930500 0.017581 0.004007
2 1 0.067807 0.235147 0.613741 0.047071 0.036233
0 1 0.592355 0.133896 0.160909 0.030549 0.082291
0 1 0.650842 0.172593 0.067989 0.027972 0.080605
0 1 0.540829 0.242160 0.095724 0.034136 0.087149
1 1 0.241718 0.435313 0.141752 0.009894 0.171323
2 1 0.032992 0.290102 0.595441 0.007176 0.074290
2 2 0.020888 0.229050 0.669235 0.003815 0.077012
2 2 0.017515 0.145437 0.797103 0.016165 0.023779
2 1 0.075697 0.358109 0.462291 0.012676 0.091227
0 2 0.520990 0.253081 0.095021 0.024053 0.106855
1 1 0.221198 0.365346 0.252739 0.013474 0.147243
0 1 0.499972 0.222655 0.115471 0.012705 0.149197
1 1 0.321097 0.322223 0.151364 0.008163 0.197152
1 1 0.139086 0.475845 0.184828 0.005439 0.194802
2 2 0.019650 0.214123 0.698462 0.004702 0.063063
2 2 0.013254 0.174018 0.770543 0.007484 0.034700
2 2 0.001419 0.030244 0.952856 0.012809 0.002673
2 2 0.000764 0.023833 0.963411 0.010081 0.001911
2 2 0.001447 0.039510 0.942787 0.012866 0.003390
2 1 0.064204 0.162674 0.690795 0.011110 0.071218
2 1 0.016789 0.317193 0.573682 0.003069 0.089267
2 2 0.000838 0.036844 0.954551 0.002266 0.005501
2 2 0.000026 0.004224 0.994359 0.001079 0.000312
2 2 0.000588 0.019893 0.973583 0.002847 0.003089
2 2 0.001216 0.037640 0.949765 0.001654 0.009724
2 2 0.000256 0.031770 0.962569 0.001002 0.004404
1 2 0.237066 0.404210 0.225724 0.065581 0.067418
0 1 0.608489 0.174673 0.102031 0.030803 0.084004
1 1 0.189085 0.366697 0.279144 0.011119 0.153955
0 1 0.775267 0.084278 0.051448 0.016884 0.072123
0 1 0.516786 0.228090 0.128058 0.029843 0.097223
2 1 0.212912 0.226890 0.449442 0.036703 0.074053
2 2 0.054595 0.104984 0.757415 0.063178 0.019828
2 2 0.036894 0.176172 0.711796 0.051278 0.023860
2 2 0.029594 0.196173 0.712771 0.009776 0.051686
2 2 0.052409 0.085029 0.764615 0.082285 0.015662
2 2 0.005933 0.084095 0.883717 0.016299 0.009956
2 2 0.016738 0.115009 0.822808 0.005603 0.039842
2 2 0.004470 0.100009 0.873385 0.005382 0.016753
2 2 0.003724 0.108469 0.848766 0.001254 0.037787
2 2 0.000765 0.022288 0.970187 0.003533 0.003227
2 2 0.011426 0.150103 0.802517 0.010924 0.025031
2 2 0.000260 0.017203 0.978195 0.002543 0.001799
2 2 0.003052 0.035604 0.942268 0.014013 0.005063
2 2 0.008607 0.047133 0.902961 0.034561 0.006738
2 2 0.011591 0.055036 0.867408 0.060061 0.005905
2 2 0.009324 0.030973 0.891521 0.064404 0.003778
2 1 0.024818 0.048906 0.828600 0.090285 0.007393
2 1 0.101606 0.296895 0.482245 0.079802 0.039453
2 2 0.000155 0.012001 0.983632 0.003272 0.000939
2 2 0.000012 0.002554 0.995914 0.001387 0.000133
2 2 0.000030 0.004563 0.989892 0.005255 0.000260
2 1 0.146648 0.076828 0.679525 0.064191 0.032808
2 1 0.104851 0.342911 0.451114 0.033041 0.068083
2 1 0.035874 0.267341 0.624535 0.016198 0.056052
2 2 0.006414 0.133169 0.825955 0.004374 0.030087
2 2 0.000155 0.008971 0.983994 0.006319 0.000561
2 2 0.000347 0.016554 0.976286 0.005466 0.001347
2 2 0.001027 0.035512 0.952207 0.007898 0.003356
2 2 0.000433 0.067876 0.909672 0.000176 0.021843
2 2 0.000141 0.024128 0.969766 0.000239 0.005726
2 2 0.000595 0.047897 0.939529 0.000623 0.011356
2 2 0.000499 0.030683 0.962733 0.001619 0.004466
2 2 0.000626 0.048819 0.941819 0.001815 0.006922
2 2 0.000111 0.012058 0.985013 0.001723 0.001096
2 2 0.000043 0.007293 0.987389 0.004604 0.000671
2 2 0.016269 0.015852 0.750381 0.214922 0.002577
2 2 0.028671 0.029711 0.708611 0.227826 0.005181
2 2 0.009931 0.038224 0.863381 0.084579 0.003884
2 1 0.118005 0.220448 0.564383 0.039998 0.057165
2 1 0.011394 0.218396 0.717910 0.004950 0.047350
2 2 0.000083 0.006541 0.984199 0.008892 0.000284
2 2 0.001462 0.054454 0.930449 0.006389 0.007246
2 2 0.022536 0.064665 0.857287 0.043200 0.012312
2 2 0.001795 0.051076 0.934164 0.006990 0.005975
2 2 0.001497 0.055136 0.931730 0.004234 0.007402
2 2 0.000709 0.016420 0.971369 0.009899 0.001604
2 1 0.001644 0.016746 0.971601 0.007173 0.002836
2 1 0.019899 0.159413 0.747378 0.003285 0.070025
2 1 0.000132 0.008896 0.982882 0.007618 0.000473
2 1 0.000031 0.007537 0.991130 0.000584 0.000718
2 2 0.000041 0.005737 0.992464 0.001314 0.000444
2 2 0.000032 0.006514 0.992139 0.000732 0.000583
2 2 0.000014 0.005786 0.992286 0.001289 0.000624
2 2 0.000042 0.001626 0.924642 0.073521 0.000169
2 2 0.000038 0.006286 0.991426 0.001678 0.000572
2 2 0.000176 0.011631 0.980571 0.006929 0.000693
2 2 0.000417 0.010037 0.960366 0.028640 0.000541
2 2 0.000048 0.005507 0.989288 0.004898 0.000258
2 2 0.000286 0.005624 0.973212 0.020189 0.000689
2 2 0.000111 0.012558 0.984666 0.001436 0.001229
2 2 0.000022 0.003720 0.994814 0.001197 0.000249
2 2 0.000013 0.003132 0.995836 0.000807 0.000213
2 2 0.000025 0.003252 0.991819 0.004776 0.000128
2 2 0.000012 0.003403 0.995245 0.001151 0.000189
2 2 0.000026 0.004676 0.992451 0.002613 0.000234
2 2 0.000126 0.006796 0.967835 0.024899 0.000344
2 2 0.000017 0.001440 0.932005 0.066511 0.000027
2 2 0.000001 0.000142 0.957586 0.042270 0.000002
2 3 0.000003 0.000304 0.918533 0.081142 0.000018
2 2 0.000342 0.003417 0.860382 0.135666 0.000192
2 2 0.000703 0.007136 0.938281 0.053473 0.000407
2 1 0.003417 0.030667 0.897002 0.066895 0.002019
2 1 0.111622 0.089520 0.668973 0.107921 0.021965
0 1 0.563796 0.167519 0.147470 0.048708 0.072507
0 1 0.339180 0.271297 0.262423 0.041617 0.085484
2 1 0.096275 0.296446 0.503363 0.015009 0.088906
2 1 0.006985 0.084748 0.874062 0.025422 0.008782
2 2 0.021538 0.075312 0.833331 0.058708 0.011112
2 2 0.000871 0.010048 0.919275 0.069311 0.000494
2 2 0.024532 0.100698 0.828603 0.023480 0.022687
2 2 0.000296 0.011808 0.968996 0.018339 0.000560
2 2 0.000037 0.003314 0.985363 0.011181 0.000104
2 2 0.000268 0.004047 0.934200 0.061324 0.000160
2 2 0.000122 0.007334 0.983163 0.009010 0.000371
2 2 0.000029 0.005641 0.992930 0.000960 0.000439
2 2 0.000386 0.012540 0.973616 0.012693 0.000765
2 2 0.000096 0.004761 0.988123 0.006738 0.000283
2 2 0.000698 0.011450 0.977067 0.009210 0.001575
2 1 0.000032 0.002591 0.986274 0.011022 0.000081
2 2 0.000677 0.015271 0.964172 0.018938 0.000943
2 1 0.075257 0.189772 0.648083 0.049202 0.037685
2 2 0.001877 0.027372 0.911165 0.058179 0.001407
2 2 0.000970 0.024987 0.963994 0.007005 0.003045
2 2 0.000536 0.022699 0.970926 0.001610 0.004228
2 2 0.006417 0.034331 0.937582 0.014578 0.007091
0 1 0.370098 0.302877 0.195703 0.049300 0.082022
2 1 0.031268 0.283030 0.616295 0.012047 0.057360
2 2 0.002981 0.063620 0.880507 0.048025 0.004867
2 2 0.000013 0.001686 0.990152 0.008103 0.000045
2 2 0.000213 0.007026 0.974774 0.017668 0.000320
2 2 0.018136 0.112262 0.794691 0.064320 0.010591
2 2 0.012153 0.125584 0.825293 0.020358 0.016612
2 1 0.131928 0.235553 0.530789 0.051451 0.050279
0 1 0.336287 0.331141 0.203179 0.042521 0.086872
0 1 0.680582 0.145958 0.068948 0.026291 0.078221
1 1 0.191388 0.330269 0.297054 0.008619 0.172670
1 2 0.252837 0.310194 0.301208 0.023157 0.112603
1 1 0.227379 0.367506 0.235886 0.012018 0.157211
2 2 0.116186 0.176391 0.601136 0.012757 0.093531
2 1 0.012906 0.137159 0.814084 0.014920 0.020931
2 2 0.102166 0.301840 0.496737 0.049894 0.049363
2 2 0.049558 0.177568 0.698237 0.047918 0.026719
2 2 0.007783 0.114859 0.846697 0.016197 0.014466
2 2 0.003843 0.085202 0.891782 0.005852 0.013321
2 2 0.042738 0.142358 0.737585 0.054072 0.023247
0 2 0.665681 0.142372 0.085220 0.030459 0.076267
0 2 0.751173 0.103541 0.053509 0.021509 0.070268
1 0 0.097839 0.506514 0.214669 0.005065 0.175913
2 1 0.018845 0.226802 0.686652 0.004060 0.063642
2 2 0.005195 0.156329 0.790885 0.001383 0.046208
2 2 0.007150 0.184963 0.750672 0.001639 0.055576
2 2 0.000038 0.005853 0.987507 0.006133 0.000470
2 2 0.000017 0.003278 0.994901 0.001624 0.000179
2 2 0.000048 0.008271 0.990207 0.000453 0.001022
2 2 0.008276 0.141319 0.812619 0.004402 0.033385
2 2 0.000077 0.008755 0.986456 0.004221 0.000491
2 2 0.000011 0.004519 0.994712 0.000386 0.000372
2 2 0.000548 0.026968 0.966254 0.002732 0.003498
2 2 0.000009 0.001521 0.994982 0.003436 0.000052
2 2 0.000003 0.001227 0.997200 0.001489 0.000081
2 2 0.000024 0.006937 0.991924 0.000298 0.000817
2 4 0.000031 0.014097 0.982889 0.000111 0.002872
2 4 0.000636 0.194439 0.446399 0.000024 0.358502
4 4 0.007157 0.019907 0.021367 0.000349 0.951220
4 4 0.032605 0.017797 0.007953 0.000894 0.940751
4 4 0.013122 0.015157 0.006031 0.000254 0.965435
4 4 0.010898 0.031668 0.014323 0.000137 0.942974
4 4 0.060907 0.049397 0.047156 0.000203 0.842338
4 4 0.065702 0.283322 0.073017 0.000127 0.577832
4 4 0.003812 0.329077 0.204908 0.000016 0.462187
4 4 0.002462 0.090688 0.093624 0.000044 0.813182
4 4 0.018077 0.068600 0.049067 0.001673 0.862583
2 4 0.000781 0.065175 0.822295 0.002028 0.109721
4 4 0.009617 0.162250 0.051087 0.000058 0.776988
4 4 0.011315 0.151502 0.027429 0.000003 0.809751
1 4 0.013099 0.460991 0.150877 0.000108 0.374926
1 4 0.005729 0.357392 0.294311 0.000259 0.342308
4 4 0.012736 0.133029 0.032144 0.000092 0.822000
4 4 0.012854 0.023601 0.023225 0.000869 0.939451
4 4 0.058399 0.018767 0.008650 0.000192 0.913992
4 4 0.236161 0.144626 0.029286 0.000154 0.589773
4 4 0.020914 0.263637 0.065588 0.000025 0.649836
4 4 0.003728 0.021001 0.006440 0.000020 0.968811
4 4 0.083125 0.016080 0.006079 0.000368 0.894348
4 4 0.042332 0.029818 0.010219 0.000204 0.917428
4 4 0.011979 0.063778 0.011949 0.000010 0.912284
4 4 0.004785 0.048489 0.009693 0.000008 0.937026
4 4 0.004956 0.109492 0.026309 0.000010 0.859233
4 4 0.002719 0.083474 0.028688 0.000006 0.885113
4 4 0.009099 0.161944 0.036564 0.000009 0.792384
4 1 0.016047 0.166705 0.108281 0.000063 0.708904
4 1 0.018619 0.287832 0.178728 0.000063 0.514759
4 1 0.017271 0.175391 0.175204 0.000029 0.632104
4 0 0.101973 0.203087 0.052242 0.000102 0.642597
4 1 0.101869 0.367902 0.082048 0.000447 0.447734
0 0 0.893613 0.030723 0.010668 0.003829 0.061167
4 0 0.295803 0.222026 0.053268 0.000745 0.428158
4 1 0.277065 0.258630 0.064005 0.001012 0.399288
4 1 0.360680 0.205758 0.051597 0.001033 0.380932
1 1 0.030446 0.457988 0.092343 0.000173 0.419051
1 1 0.032807 0.518432 0.113755 0.000353 0.334653
1 1 0.087232 0.498108 0.127700 0.001422 0.285538
1 1 0.187581 0.493699 0.168031 0.013673 0.137016
1 1 0.086444 0.490450 0.198138 0.002731 0.222236
1 1 0.198193 0.365531 0.126776 0.002286 0.307213
1 1 0.154058 0.450380 0.214448 0.007653 0.173461
1 1 0.026912 0.466114 0.191743 0.000378 0.314853
1 1 0.044667 0.512102 0.186187 0.001031 0.256014
2 1 0.019806 0.392105 0.396299 0.000799 0.190991
2 1 0.005641 0.180298 0.737537 0.000609 0.075915
1 1 0.026180 0.462539 0.263106 0.000658 0.247517
1 1 0.060344 0.460387 0.308043 0.003560 0.167667
1 1 0.075486 0.520265 0.191078 0.002679 0.210492
1 1 0.072759 0.455400 0.314963 0.005222 0.151657
1 0 0.168444 0.390556 0.163949 0.002866 0.274185
2 1 0.009913 0.373372 0.379994 0.000237 0.236485
1 1 0.012946 0.389692 0.367705 0.000345 0.229313
1 1 0.027717 0.411131 0.377809 0.001292 0.182051
2 1 0.013586 0.349652 0.460984 0.000593 0.175184
2 1 0.002512 0.156847 0.782291 0.000436 0.057915
2 1 0.000485 0.057831 0.924062 0.000240 0.017382
2 2 0.000062 0.012137 0.985508 0.000245 0.002049
2 2 0.000361 0.031492 0.961585 0.000678 0.005884
2 2 0.000195 0.032292 0.959503 0.000217 0.007792
2 2 0.000097 0.015900 0.980981 0.000333 0.002690
2 2 0.000020 0.003299 0.994677 0.001725 0.000279
2 2 0.000054 0.015050 0.982026 0.000179 0.002690
2 2 0.000109 0.022551 0.972915 0.000273 0.004152
2 2 0.000501 0.028293 0.965112 0.002806 0.003288
2 2 0.000914 0.030525 0.957631 0.008153 0.002778
2 2 0.000021 0.003720 0.994881 0.001123 0.000254
2 2 0.000057 0.005930 0.990583 0.003073 0.000357
2 2 0.000072 0.006667 0.990987 0.001716 0.000558
2 2 0.000013 0.004641 0.994613 0.000224 0.000509
2 2 0.000002 0.001367 0.998357 0.000169 0.000104
2 2 0.000011 0.002764 0.992067 0.005017 0.000141
2 2 0.004772 0.015892 0.847885 0.129545 0.001905
0 0 0.476398 0.111560 0.248583 0.120610 0.042849
2 0 0.034624 0.114601 0.771959 0.062973 0.015843
2 1 0.058550 0.217010 0.645593 0.046384 0.032463
2 1 0.008474 0.088191 0.878256 0.011090 0.013989
2 1 0.001903 0.118881 0.833676 0.000356 0.045183
2 2 0.003110 0.126419 0.838697 0.001582 0.030192
2 2 0.000635 0.021698 0.967178 0.008741 0.001748
2 2 0.000595 0.017513 0.973901 0.006370 0.001622
0 1 0.529123 0.162704 0.188988 0.035679 0.083505
1 0 0.226067 0.394465 0.244697 0.023799 0.110972
2 1 0.037113 0.340401 0.508501 0.004155 0.109830
2 1 0.000250 0.030599 0.961133 0.000243 0.007775
2 2 0.000329 0.025632 0.969009 0.000984 0.004047
2 2 0.000011 0.003329 0.995754 0.000687 0.000219
2 2 0.000014 0.005834 0.992739 0.000570 0.000842
2 2 0.000122 0.012012 0.985233 0.001390 0.001243
2 2 0.000083 0.010039 0.987548 0.001418 0.000912
2 2 0.000157 0.010477 0.983065 0.005478 0.000824
2 2 0.000025 0.004005 0.993655 0.002094 0.000221
2 2 0.000017 0.003217 0.995693 0.000809 0.000263
2 2 0.000008 0.003009 0.996020 0.000748 0.000216
2 2 0.000004 0.002689 0.996853 0.000160 0.000294
2 2 0.000007 0.002162 0.996742 0.000977 0.000111
2 2 0.000018 0.004183 0.994598 0.000909 0.000292
2 2 0.000068 0.007519 0.985363 0.006603 0.000448
2 2 0.000016 0.002973 0.951654 0.045194 0.000163
2 2 0.000024 0.002763 0.967350 0.029736 0.000127
2 2 0.000011 0.001406 0.881679 0.116847 0.000057
2 2 0.000021 0.003115 0.901195 0.095406 0.000263
2 2 0.000007 0.001520 0.992812 0.005606 0.000056
2 2 0.000009 0.002457 0.979823 0.017619 0.000093
2 2 0.000230 0.011267 0.926990 0.061050 0.000463
2 2 0.000746 0.009580 0.723535 0.265210 0.000929
2 2 0.000742 0.006844 0.762772 0.227988 0.001653
2 2 0.000008 0.000835 0.512731 0.486380 0.000046
2 2 0.000026 0.002093 0.708849 0.288823 0.000209
2 2 0.000084 0.008774 0.870580 0.119948 0.000615
2 2 0.000020 0.004095 0.886246 0.109224 0.000415
3 2 0.000014 0.001185 0.232560 0.766177 0.000063
3 2 0.000023 0.001632 0.264418 0.733857 0.000070
2 2 0.000096 0.013187 0.902719 0.082786 0.001212
3 2 0.000021 0.001519 0.263600 0.734757 0.000103
3 2 0.000305 0.005431 0.450136 0.543525 0.000602
3 2 0.000015 0.000636 0.213179 0.786098 0.000071
3 2 0.000003 0.000737 0.366675 0.632545 0.000040
3 3 0.000200 0.011194 0.353578 0.633541 0.001486
3 2 0.000008 0.000710 0.131823 0.867400 0.000058
3 2 0.000163 0.001362 0.084746 0.913444 0.000285
3 2 0.000224 0.011247 0.240140 0.745488 0.002902
3 2 0.000130 0.002568 0.070697 0.926229 0.000375
3 2 0.000671 0.003759 0.055814 0.938550 0.001205
3 3 0.000056 0.000843 0.035047 0.963719 0.000335
3 3 0.000011 0.000474 0.043361 0.956075 0.000078
3 2 0.000046 0.001759 0.128418 0.869505 0.000272
3 3 0.000103 0.004360 0.301312 0.693948 0.000277
3 3 0.000170 0.002212 0.102534 0.894703 0.000382
3 3 0.000097 0.001191 0.056024 0.942419 0.000269
3 3 0.000148 0.002160 0.044283 0.952934 0.000475
3 3 0.000092 0.001780 0.029597 0.967956 0.000575
3 3 0.000404 0.000983 0.022553 0.975491 0.000570
3 3 0.000012 0.000178 0.008896 0.990829 0.000085
3 3 0.000041 0.000295 0.012049 0.987476 0.000139
3 3 0.000160 0.004511 0.099034 0.895871 0.000425
3 3 0.000042 0.001301 0.079930 0.918574 0.000152
3 3 0.000136 0.001989 0.044579 0.952885 0.000410
3 3 0.000198 0.003266 0.146665 0.849065 0.000806
3 3 0.000011 0.000721 0.127457 0.871764 0.000047
3 3 0.000023 0.001148 0.052853 0.945833 0.000143
3 3 0.000052 0.001989 0.149366 0.848305 0.000288
3 3 0.000122 0.003659 0.089231 0.906559 0.000430
3 3 0.000033 0.001190 0.022902 0.975510 0.000365
3 3 0.000015 0.000125 0.005567 0.994196 0.000097
3 3 0.000000 0.000028 0.013434 0.986532 0.000005
3 3 0.000007 0.000379 0.033470 0.966105 0.000039
3 3 0.000012 0.000310 0.016462 0.983150 0.000067
3 3 0.000004 0.000441 0.045058 0.954384 0.000114
3 3 0.000073 0.000391 0.014870 0.984487 0.000179
3 3 0.000082 0.000845 0.025972 0.972862 0.000239
3 3 0.000005 0.000076 0.007774 0.992113 0.000033
3 3 0.000006 0.000427 0.035576 0.963934 0.000058
3 3 0.000007 0.000527 0.083560 0.915858 0.000048
3 3 0.000015 0.000393 0.106608 0.892941 0.000042
3 3 0.000005 0.000221 0.046620 0.953119 0.000035
3 3 0.000007 0.000728 0.178147 0.821074 0.000044
3 3 0.000013 0.000411 0.061802 0.937718 0.000056
3 3 0.000072 0.000569 0.034213 0.964984 0.000163
3 3 0.000247 0.001239 0.025825 0.972129 0.000561
3 3 0.000005 0.000174 0.046314 0.953479 0.000029
3 3 0.000004 0.000164 0.026822 0.972933 0.000077
3 3 0.000010 0.000526 0.029919 0.969445 0.000101
3 3 0.000003 0.000108 0.007357 0.992499 0.000033
3 3 0.000001 0.000138 0.014531 0.985305 0.000025
3 3 0.000017 0.000949 0.058857 0.940076 0.000102
3 3 0.000112 0.014805 0.459422 0.522064 0.003598
3 3 0.000754 0.027266 0.251982 0.713770 0.006228
3 3 0.000121 0.016573 0.458204 0.519752 0.005350
3 3 0.000012 0.000674 0.066540 0.932715 0.000059
3 3 0.000028 0.000787 0.044656 0.954446 0.000083
3 3 0.000004 0.000162 0.032304 0.967487 0.000043
3 3 0.000046 0.000185 0.010674 0.988937 0.000157
3 3 0.000173 0.012101 0.249060 0.732506 0.006160
3 3 0.000027 0.002893 0.237315 0.759201 0.000564
3 3 0.000195 0.008611 0.221323 0.766611 0.003260
3 3 0.000107 0.002444 0.287749 0.709047 0.000654
3 3 0.000001 0.000047 0.009551 0.990390 0.000010
3 3 0.000003 0.000131 0.013297 0.986544 0.000025
3 3 0.000015 0.000184 0.007840 0.991859 0.000102
3 3 0.000042 0.001178 0.025348 0.973107 0.000325
3 3 0.000004 0.000385 0.043791 0.955772 0.000048
3 3 0.000004 0.000175 0.042311 0.957467 0.000043
3 3 0.000000 0.000024 0.033279 0.966694 0.000003
3 3 0.000001 0.000043 0.027582 0.972364 0.000010
3 3 0.000069 0.001187 0.201314 0.797226 0.000204
3 2 0.004621 0.016893 0.251956 0.722609 0.003921
2 1 0.132400 0.063856 0.554259 0.231897 0.017588
2 1 0.267019 0.078446 0.459762 0.168567 0.026206
0 1 0.838439 0.065290 0.025511 0.014664 0.056096
1 1 0.200260 0.380879 0.299589 0.044740 0.074532
2 1 0.035498 0.123793 0.754193 0.070641 0.015876
2 1 0.044903 0.090593 0.784977 0.063012 0.016516
2 1 0.098431 0.119559 0.700928 0.048000 0.033082
2 1 0.044961 0.184882 0.703913 0.037947 0.028297
2 2 0.012476 0.197326 0.740471 0.005000 0.044727
2 2 0.013667 0.181994 0.746777 0.003829 0.053732
2 0 0.007022 0.145712 0.816227 0.007772 0.023267
2 1 0.004018 0.140249 0.820231 0.001885 0.033617
2 2 0.001105 0.074910 0.906636 0.000944 0.016406
2 1 0.000722 0.047082 0.942247 0.001129 0.008821
2 1 0.000235 0.018767 0.977055 0.001889 0.002054
2 1 0.000862 0.055419 0.929899 0.000699 0.013122
2 1 0.000916 0.050162 0.937501 0.001042 0.010378
2 2 0.000894 0.042983 0.947450 0.002502 0.006171
2 1 0.004022 0.082613 0.893298 0.004339 0.015728
2 1 0.026780 0.266790 0.643827 0.013897 0.048706
2 1 0.001976 0.114955 0.850509 0.000784 0.031777
2 2 0.007505 0.239247 0.560431 0.000199 0.192619
2 2 0.003794 0.132504 0.766923 0.000247 0.096532
2 2 0.005095 0.130894 0.830789 0.002691 0.030530
2 2 0.024146 0.338926 0.504681 0.001897 0.130350
2 1 0.021092 0.287222 0.591755 0.002532 0.097399
2 1 0.006520 0.167302 0.786533 0.003392 0.036252
2 2 0.004659 0.105949 0.863627 0.003093 0.022673
2 1 0.037883 0.307813 0.561656 0.006280 0.086368
1 1 0.243403 0.379715 0.250637 0.035746 0.090498
2 1 0.086687 0.262247 0.567128 0.034946 0.048993
2 1 0.049749 0.254937 0.623272 0.014649 0.057393
1 1 0.107831 0.466983 0.263558 0.007309 0.154319
1 1 0.128694 0.511845 0.150678 0.004406 0.204377
0 1 0.477134 0.271015 0.125416 0.037392 0.089043
1 1 0.110920 0.515640 0.190830 0.005490 0.177120
1 1 0.047221 0.405872 0.321375 0.001482 0.224050
2 1 0.019400 0.332268 0.509302 0.001330 0.137700
0 1 0.400344 0.282689 0.187682 0.040532 0.088752
0 0 0.424652 0.232898 0.215496 0.039061 0.087893
0 1 0.790125 0.091240 0.035745 0.018451 0.064438
1 1 0.049393 0.442813 0.338048 0.002905 0.166841
1 1 0.043748 0.502980 0.208279 0.001145 0.243847
1 1 0.040407 0.395791 0.168348 0.000318 0.395136
2 1 0.031725 0.280331 0.601188 0.005234 0.081521
1 1 0.231108 0.418793 0.222282 0.031053 0.096764
2 1 0.126979 0.317602 0.454843 0.039874 0.060703
0 1 0.696721 0.073303 0.135773 0.023056 0.071146
1 0 0.162771 0.473721 0.139381 0.004480 0.219646
1 1 0.050451 0.386273 0.230078 0.000638 0.332560
1 1 0.013112 0.438863 0.239304 0.000186 0.308534
1 1 0.028313 0.500468 0.164340 0.000413 0.306466
1 1 0.013170 0.416297 0.304172 0.000262 0.266099
1 1 0.025931 0.427359 0.341214 0.000964 0.204532
1 1 0.198834 0.458509 0.142220 0.006809 0.193628
1 1 0.138078 0.488269 0.139619 0.003541 0.230493
1 1 0.175540 0.422382 0.222770 0.008725 0.170583
1 1 0.051193 0.459951 0.270211 0.001767 0.216878
1 1 0.034395 0.450962 0.309411 0.001330 0.203902
1 1 0.013154 0.396719 0.352746 0.000330 0.237050
1 1 0.043369 0.420770 0.332933 0.001714 0.201215
1 1 0.267100 0.428538 0.176388 0.035346 0.092628
0 0 0.624744 0.182274 0.080489 0.029690 0.082803
0 0 0.882385 0.043130 0.016801 0.010966 0.046718
0 0 0.751427 0.089666 0.029346 0.004951 0.124610
0 1 0.625666 0.174397 0.087341 0.029744 0.082852
0 1 0.637596 0.180742 0.071230 0.028777 0.081655
0 1 0.525710 0.238026 0.082643 0.013206 0.140415
0 1 0.796844 0.087548 0.034287 0.017941 0.063381
1 1 0.345174 0.358527 0.120022 0.011807 0.164471
1 1 0.228048 0.454064 0.151799 0.012074 0.154015
1 1 0.184682 0.447185 0.130498 0.004225 0.233410
1 1 0.286846 0.383873 0.120249 0.007256 0.201776
0 1 0.580417 0.161907 0.048927 0.003869 0.204881
0 1 0.667866 0.162217 0.063864 0.026912 0.079142
0 0 0.874208 0.047128 0.018370 0.011674 0.048620
0 0 0.458768 0.283517 0.098272 0.014097 0.145346
0 1 0.328416 0.304234 0.086377 0.003192 0.277781
0 1 0.499659 0.212102 0.074388 0.005305 0.208546
0 0 0.963096 0.008550 0.003293 0.003424 0.021638
0 0 0.951118 0.012879 0.004974 0.004609 0.026419
0 0 0.949108 0.013645 0.005272 0.004806 0.027169
0 0 0.981787 0.002890 0.001105 0.001553 0.012666
0 0 0.974691 0.004839 0.001857 0.002262 0.016352
0 0 0.948406 0.013915 0.005377 0.004874 0.027427
0 0 0.965108 0.007867 0.003029 0.003223 0.020774
0 0 0.989958 0.001087 0.000413 0.000760 0.007782
0 0 0.985596 0.001979 0.000755 0.001177 0.010492
0 0 0.920586 0.022777 0.012342 0.007594 0.036702
0 0 0.963569 0.008388 0.003230 0.003377 0.021436
0 0 0.971868 0.005689 0.002185 0.002545 0.017712
0 0 0.953689 0.011915 0.004600 0.004356 0.025440
0 0 0.966161 0.007516 0.002892 0.003118 0.020313
0 0 0.985747 0.001945 0.000742 0.001163 0.010403
0 0 0.793367 0.089455 0.035040 0.018206 0.063932
0 0 0.928140 0.022163 0.008593 0.006819 0.034285
0 0 0.971590 0.005775 0.002218 0.002573 0.017844
0 0 0.991461 0.000825 0.000313 0.000621 0.006780
0 0 0.996098 0.000207 0.000078 0.000225 0.003392
0 0 0.996958 0.000131 0.000049 0.000161 0.002700
0 0 0.993519 0.000512 0.000193 0.000437 0.005339
0 0 0.981911 0.002858 0.001093 0.001540 0.012597
0 0 0.970358 0.005290 0.001930 0.001677 0.020744
0 0 0.545552 0.178682 0.053410 0.003755 0.218601
0 0 0.848392 0.060135 0.023483 0.013849 0.054141
0 0 0.973395 0.005225 0.002006 0.002392 0.016983
0 0 0.972604 0.005464 0.002098 0.002472 0.017363
0 0 0.938043 0.017263 0.007657 0.005905 0.031132
0 0 0.965870 0.007613 0.002930 0.003147 0.020441
0 0 0.977856 0.003933 0.001507 0.001945 0.014759
0 0 0.995487 0.000269 0.000101 0.000273 0.003869
0 0 0.990942 0.000913 0.000346 0.000668 0.007131
0 0 0.892437 0.032326 0.020708 0.010178 0.044351
0 0 0.962537 0.007620 0.002786 0.002177 0.024881
0 0 0.985334 0.002038 0.000778 0.001203 0.010647
0 0 0.986776 0.001720 0.000656 0.001063 0.009785
0 0 0.996578 0.000163 0.000061 0.000189 0.003009
0 0 0.990998 0.000903 0.000343 0.000663 0.007093
0 0 0.974905 0.004776 0.001832 0.002241 0.016247
0 0 0.757573 0.076092 0.023665 0.003078 0.139592
0 0 0.930596 0.021121 0.008186 0.006587 0.033509
0 0 0.981471 0.002970 0.001136 0.001584 0.012839
0 0 0.990391 0.001009 0.000383 0.000719 0.007498
0 0 0.918126 0.026513 0.010292 0.007755 0.037314
0 0 0.976471 0.004323 0.001657 0.002084 0.015465
0 0 0.988384 0.001388 0.000528 0.000908 0.008791
0 0 0.974305 0.004953 0.001901 0.002301 0.016541
0 0 0.982196 0.002787 0.001065 0.001512 0.012440
0 0 0.985180 0.002073 0.000791 0.001218 0.010737
0 0 0.980208 0.003297 0.001262 0.001710 0.013523
0 0 0.984760 0.002170 0.000828 0.001259 0.010983
0 0 0.997910 0.000065 0.000024 0.000097 0.001903
0 0 0.996061 0.000211 0.000079 0.000228 0.003421
0 0 0.986879 0.001699 0.000647 0.001053 0.009722
0 0 0.953431 0.010198 0.006363 0.004421 0.025587
0 0 0.972095 0.005619 0.002158 0.002523 0.017605
0 0 0.958856 0.010033 0.003868 0.003846 0.023397
0 0 0.959618 0.009762 0.003763 0.003770 0.023087
0 0 0.980758 0.003153 0.001206 0.001655 0.013227
0 0 0.977014 0.004169 0.001598 0.002029 0.015190
0 0 0.984756 0.002171 0.000828 0.001260 0.010986
0 0 0.990179 0.001047 0.000398 0.000739 0.007637
0 0 0.993305 0.000542 0.000205 0.000456 0.005492
0 0 0.953719 0.006669 0.002163 0.000841 0.036608
0 0 0.988132 0.001439 0.000547 0.000932 0.008949
0 0 0.979335 0.003529 0.001351 0.001797 0.013987
0 0 0.973147 0.005299 0.002034 0.002417 0.017103
0 0 0.991697 0.000787 0.000298 0.000599 0.006619
0 0 0.987224 0.001626 0.000619 0.001020 0.009512
0 0 0.990175 0.001048 0.000398 0.000739 0.007640
0 0 0.995284 0.000291 0.000110 0.000289 0.004026
0 0 0.996076 0.000209 0.000079 0.000227 0.003409
0 0 0.932101 0.020488 0.007939 0.006445 0.033027
0 0 0.978361 0.003794 0.001453 0.001894 0.014498
0 0 0.974727 0.004828 0.001852 0.002258 0.016334
0 0 0.966234 0.007492 0.002883 0.003110 0.020281
0 0 0.943780 0.012686 0.009076 0.005367 0.029090
0 0 0.987530 0.001562 0.000595 0.000990 0.009323
0 0 0.972197 0.005588 0.002146 0.002512 0.017556
0 0 0.991133 0.000880 0.000334 0.000651 0.007002
0 0 0.998122 0.000054 0.000020 0.000084 0.001721
0 0 0.990117 0.001058 0.000402 0.000745 0.007678
0 0 0.984474 0.002236 0.000854 0.001287 0.011150
0 0 0.895884 0.036678 0.014271 0.009776 0.043391
0 0 0.899258 0.035096 0.013651 0.009475 0.042520
0 0 0.899434 0.033266 0.015205 0.009514 0.042581
0 0 0.937806 0.018126 0.007018 0.005900 0.031150
0 0 0.955443 0.011259 0.004343 0.004170 0.024785
0 0 0.973974 0.004065 0.001459 0.001247 0.019254
0 0 0.970714 0.006048 0.002324 0.002661 0.018254
0 0 0.979079 0.003599 0.001378 0.001822 0.014122
0 0 0.979885 0.003383 0.001295 0.001742 0.013696
0 0 0.971904 0.005678 0.002181 0.002542 0.017695
0 1 0.600147 0.194926 0.069625 0.014705 0.120597
0 1 0.585382 0.171719 0.059219 0.005894 0.177785
0 0 0.796458 0.086906 0.033467 0.015819 0.067350
0 0 0.954097 0.011764 0.004541 0.004316 0.025283
0 0 0.987950 0.001475 0.000562 0.000950 0.009063
0 0 0.990199 0.001044 0.000396 0.000737 0.007624
0 0 0.976948 0.004187 0.001605 0.002036 0.015223
0 0 0.954009 0.011796 0.004553 0.004325 0.025317
0 0 0.971191 0.005899 0.002266 0.002613 0.018031
0 0 0.978983 0.003624 0.001388 0.001832 0.014173
0 0 0.987978 0.001470 0.000559 0.000947 0.009046
1 1 0.120452 0.528880 0.158800 0.005084 0.186783
1 1 0.044487 0.508658 0.195055 0.001085 0.250715
1 1 0.034683 0.513290 0.151645 0.000528 0.299853
4 1 0.311100 0.294547 0.080605 0.002297 0.311451
0 1 0.936879 0.018506 0.007166 0.005989 0.031461
0 0 0.892017 0.038507 0.014988 0.010120 0.044369
0 1 0.743092 0.117748 0.046226 0.021888 0.071047
0 0 0.957468 0.010531 0.004062 0.003983 0.023957
0 0 0.928375 0.022063 0.008553 0.006797 0.034211
0 0 0.873576 0.047439 0.018492 0.011728 0.048764
0 0 0.945653 0.007952 0.005013 0.001380 0.040002
0 0 0.954084 0.005615 0.001762 0.000591 0.037947
0 0 0.980475 0.003227 0.001235 0.001683 0.013380
0 0 0.986229 0.001839 0.000701 0.001116 0.010115
0 0 0.980857 0.003128 0.001197 0.001645 0.013173
0 0 0.966124 0.006943 0.003415 0.003142 0.020376
0 0 0.988871 0.001292 0.000492 0.000862 0.008484
0 0 0.997439 0.000096 0.000036 0.000128 0.002302
0 0 0.995565 0.000261 0.000098 0.000267 0.003809
0 0 0.994318 0.000406 0.000153 0.000369 0.004754
0 0 0.989331 0.001204 0.000458 0.000818 0.008189
0 0 0.952571 0.010750 0.003917 0.002684 0.030078
0 0 0.816753 0.068577 0.024295 0.007458 0.082916
0 0 0.983002 0.002588 0.000989 0.001432 0.011989
0 0 0.985750 0.001945 0.000742 0.001162 0.010401
0 0 0.990961 0.000890 0.000360 0.000667 0.007121
0 0 0.965514 0.007732 0.002976 0.003182 0.020597
0 0 0.985930 0.001905 0.000726 0.001145 0.010294
0 0 0.979865 0.003388 0.001297 0.001744 0.013706
0 0 0.994345 0.000403 0.000152 0.000367 0.004734
0 0 0.980197 0.003300 0.001263 0.001711 0.013529
0 0 0.987790 0.001508 0.000574 0.000965 0.009163
0 0 0.992757 0.000621 0.000235 0.000504 0.005882
0 0 0.986062 0.001876 0.000715 0.001132 0.010215
0 0 0.972266 0.005567 0.002138 0.002505 0.017524
0 0 0.972249 0.005572 0.002140 0.002507 0.017532
0 0 0.981734 0.002903 0.001110 0.001558 0.012695
0 0 0.984970 0.002121 0.000809 0.001239 0.010861
0 0 0.963514 0.008407 0.003238 0.003382 0.021460
0 0 0.979013 0.003616 0.001385 0.001829 0.014157
0 0 0.966727 0.007329 0.002820 0.003061 0.020063
0 0 0.970123 0.006233 0.002396 0.002721 0.018528
0 0 0.970969 0.005968 0.002293 0.002636 0.018134
0 0 0.990877 0.000924 0.000351 0.000674 0.007174
0 0 0.973040 0.005293 0.002078 0.002430 0.017159
0 0 0.990473 0.000995 0.000378 0.000712 0.007444
0 0 0.986087 0.001870 0.000713 0.001130 0.010200
0 0 0.980613 0.003191 0.001221 0.001669 0.013305
0 0 0.980688 0.003172 0.001214 0.001662 0.013265
0 0 0.718624 0.104831 0.033982 0.005075 0.137488
0 0 0.960481 0.009458 0.003645 0.003684 0.022732
0 0 0.917345 0.026859 0.010427 0.007828 0.037542
0 0 0.966909 0.007269 0.002797 0.003043 0.019982
0 0 0.972131 0.005608 0.002154 0.002519 0.017588
0 0 0.962155 0.008874 0.003419 0.003518 0.022035
0 0 0.984580 0.002211 0.000844 0.001277 0.011088
0 0 0.972259 0.005569 0.002139 0.002506 0.017527
0 0 0.974218 0.004978 0.001911 0.002309 0.016583
0 0 0.956436 0.010904 0.004207 0.004085 0.024367
0 0 0.969488 0.005664 0.003180 0.002807 0.018861
0 0 0.988640 0.001337 0.000509 0.000884 0.008630
0 0 0.992211 0.000705 0.000267 0.000553 0.006265
0 0 0.992225 0.000702 0.000266 0.000552 0.006255
0 0 0.847231 0.045290 0.014943 0.003409 0.089126
0 0 0.955580 0.011217 0.004328 0.004170 0.024704
0 0 0.958028 0.010329 0.003984 0.003928 0.023732
