0 0 0.914687 0.023627 0.016009 0.023530 0.022147
0 0 0.952566 0.026142 0.010271 0.001021 0.010000
0 0 0.695718 0.126773 0.015299 0.000149 0.162060
0 0 0.897357 0.043081 0.012209 0.001698 0.045655
0 0 0.890569 0.037238 0.005102 0.000074 0.067016
0 0 0.946670 0.022592 0.006688 0.001418 0.022631
0 0 0.874814 0.048801 0.004065 0.000022 0.072298
0 0 0.782872 0.092529 0.009480 0.000077 0.115042
0 0 0.668315 0.114392 0.012309 0.000062 0.204922
4 0 0.375656 0.197799 0.034790 0.000318 0.391438
0 0 0.987813 0.005937 0.000651 0.000026 0.005574
0 0 0.932315 0.025657 0.002006 0.000011 0.040011
0 0 0.880713 0.050961 0.004236 0.000027 0.064063
0 0 0.911641 0.039524 0.002904 0.000017 0.045914
0 0 0.883410 0.051260 0.002849 0.000008 0.062473
4 0 0.414330 0.124517 0.013970 0.000027 0.447156
4 0 0.361234 0.178578 0.021811 0.000068 0.438308
4 0 0.176557 0.175860 0.019781 0.000025 0.627777
4 0 0.123793 0.152822 0.026420 0.000061 0.696905
4 0 0.124045 0.236053 0.054210 0.000102 0.585590
4 0 0.072067 0.116018 0.031663 0.000115 0.780137
4 0 0.100455 0.150139 0.099011 0.004791 0.645604
4 0 0.165002 0.241392 0.183160 0.044573 0.365873
4 0 0.099262 0.180886 0.241935 0.173049 0.304868
4 1 0.089403 0.176787 0.224759 0.091714 0.417338
4 1 0.086916 0.164497 0.121724 0.008293 0.618569
4 1 0.075674 0.131439 0.052716 0.000559 0.739612
4 1 0.152813 0.223180 0.120545 0.008467 0.494995
4 1 0.126325 0.200672 0.170554 0.030279 0.472171
4 1 0.044543 0.117851 0.175692 0.033879 0.628035
4 0 0.262727 0.272584 0.078616 0.002635 0.383438
4 0 0.125888 0.207045 0.147556 0.016668 0.502842
4 1 0.158847 0.223700 0.106575 0.005575 0.505303
0 1 0.373317 0.244194 0.036146 0.000311 0.346032
4 0 0.272620 0.271835 0.069231 0.001762 0.384552
0 0 0.359283 0.235636 0.086716 0.006437 0.311928
4 1 0.176632 0.245807 0.146913 0.018689 0.411958
4 0 0.304456 0.266290 0.044992 0.000462 0.383800
4 0 0.192148 0.242453 0.095806 0.004168 0.465426
4 0 0.123797 0.169813 0.046405 0.000354 0.659630
0 0 0.388835 0.225962 0.082872 0.006464 0.295867
4 1 0.220486 0.246732 0.165374 0.039322 0.328086
4 1 0.186662 0.255010 0.174083 0.039306 0.344940
4 1 0.164987 0.240484 0.201082 0.071140 0.322306
4 1 0.204686 0.251244 0.168645 0.038504 0.336921
0 0 0.805345 0.066253 0.050143 0.031523 0.046735
0 0 0.968415 0.003945 0.003893 0.021514 0.002233
0 0 0.963938 0.006713 0.005128 0.018698 0.005523
0 0 0.767257 0.120418 0.054272 0.003351 0.054702
0 0 0.877390 0.077279 0.027435 0.000480 0.017416
0 0 0.516013 0.096791 0.011313 0.000026 0.375857
4 0 0.290109 0.197581 0.057187 0.001227 0.453896
4 0 0.406673 0.121884 0.016805 0.000049 0.454589
0 0 0.820609 0.080934 0.024952 0.002106 0.071400
0 0 0.613806 0.154154 0.037872 0.001707 0.192460
0 0 0.577359 0.169793 0.033231 0.000811 0.218806
0 0 0.869916 0.054368 0.014844 0.001667 0.059206
4 0 0.420023 0.111454 0.032536 0.000520 0.435468
0 0 0.566452 0.141113 0.087588 0.033780 0.171067
4 0 0.273897 0.178388 0.099487 0.008845 0.439382
0 1 0.504766 0.188375 0.063604 0.005038 0.238217
0 1 0.909958 0.034103 0.015052 0.006719 0.034168
0 0 0.792146 0.086669 0.019204 0.001007 0.100974
0 0 0.896308 0.045358 0.007893 0.000338 0.050103
0 0 0.757694 0.071901 0.014657 0.000312 0.155437
0 0 0.852235 0.056068 0.019770 0.003378 0.068549
0 0 0.866958 0.056261 0.010460 0.000442 0.065879
0 0 0.760132 0.080918 0.018243 0.000616 0.140092
0 0 0.954367 0.018253 0.003469 0.000211 0.023700
0 0 0.876321 0.045565 0.011739 0.000876 0.065499
0 0 0.493056 0.276998 0.038602 0.000110 0.191234
0 0 0.449215 0.213937 0.051332 0.001613 0.283903
0 0 0.633797 0.155552 0.042623 0.002031 0.165998
0 0 0.644637 0.025918 0.041035 0.265699 0.022710
0 0 0.624472 0.091878 0.120999 0.109356 0.053294
0 0 0.811664 0.026055 0.038065 0.109743 0.014473
0 0 0.917681 0.004465 0.005696 0.068827 0.003331
0 0 0.975992 0.002979 0.002475 0.016297 0.002257
0 0 0.957877 0.002909 0.003026 0.034023 0.002165
0 0 0.949204 0.011562 0.008394 0.020783 0.010057
4 0 0.364272 0.185213 0.020487 0.000054 0.429974
0 0 0.580237 0.191844 0.040173 0.000718 0.187027
4 0 0.135235 0.152662 0.016107 0.000010 0.695986
4 0 0.159373 0.252662 0.048670 0.000099 0.539196
0 0 0.662727 0.133932 0.038591 0.002814 0.161935
0 0 0.880126 0.052812 0.004412 0.000031 0.062619
0 0 0.855434 0.062348 0.010426 0.000341 0.071450
0 0 0.891430 0.046994 0.009480 0.000564 0.051533
0 0 0.892869 0.029537 0.012793 0.002271 0.062529
0 0 0.524719 0.052457 0.019683 0.000344 0.402797
0 0 0.563589 0.176682 0.024302 0.000250 0.235177
4 1 0.235594 0.271138 0.110051 0.007879 0.375337
4 1 0.186577 0.204166 0.209316 0.137520 0.262421
4 1 0.162470 0.238503 0.203914 0.075786 0.319328
4 2 0.118203 0.194413 0.237292 0.193973 0.256119
3 2 0.132749 0.168436 0.225202 0.258459 0.215154
4 2 0.113507 0.188786 0.238626 0.210770 0.248311
4 2 0.149143 0.227033 0.217469 0.103949 0.302405
4 2 0.115527 0.186689 0.237390 0.215606 0.244788
2 2 0.154403 0.276915 0.328429 0.074814 0.165439
1 2 0.202470 0.318291 0.156417 0.009054 0.313768
3 2 0.130442 0.170923 0.227005 0.252539 0.219091
4 2 0.117701 0.184422 0.236014 0.220854 0.241009
4 2 0.125383 0.202686 0.234344 0.169911 0.267676
2 3 0.075576 0.338928 0.439409 0.017591 0.128496
2 3 0.333801 0.217086 0.350378 0.041043 0.057691
3 3 0.271332 0.130635 0.242356 0.290054 0.065623
3 3 0.170371 0.125604 0.187961 0.364770 0.151293
4 3 0.114949 0.187290 0.237748 0.214218 0.245795
2 3 0.109633 0.214130 0.276257 0.171481 0.228500
1 2 0.208171 0.372728 0.252197 0.008702 0.158202
3 2 0.267172 0.115888 0.160310 0.325032 0.131598
4 2 0.118829 0.183241 0.235281 0.223594 0.239054
3 2 0.150258 0.149098 0.209780 0.305408 0.185456
4 3 0.113507 0.188786 0.238626 0.210770 0.248311
3 3 0.030164 0.059215 0.333729 0.535222 0.041669
3 3 0.069665 0.043341 0.170160 0.678976 0.037858
2 3 0.036051 0.087889 0.516749 0.297825 0.061487
0 3 0.534134 0.084217 0.142618 0.168836 0.070194
0 3 0.793357 0.025474 0.028848 0.128879 0.023442
0 3 0.940506 0.025266 0.008687 0.002267 0.023275
0 0 0.902186 0.039875 0.013555 0.003016 0.041368
0 0 0.787492 0.088978 0.016023 0.000498 0.107008
4 0 0.340844 0.255688 0.026713 0.000095 0.376660
4 1 0.279110 0.184626 0.017578 0.000024 0.518662
0 0 0.529790 0.172336 0.075143 0.011639 0.211092
0 0 0.906472 0.041146 0.007016 0.000301 0.045065
0 0 0.785661 0.117018 0.019386 0.000181 0.077755
0 0 0.962759 0.016854 0.003354 0.000327 0.016707
0 0 0.825624 0.072844 0.011199 0.000257 0.090077
0 0 0.683628 0.071345 0.012727 0.000117 0.232184
0 0 0.511189 0.132863 0.031093 0.000541 0.324313
0 0 0.618688 0.131530 0.014494 0.000072 0.235216
4 1 0.231567 0.272390 0.114038 0.008576 0.373429
4 1 0.113507 0.188786 0.238626 0.210770 0.248311
4 1 0.179748 0.250872 0.183116 0.047952 0.338312
0 0 0.501482 0.158797 0.049735 0.002260 0.287726
4 0 0.310320 0.101438 0.009331 0.000006 0.578906
0 0 0.523069 0.091125 0.005447 0.000003 0.380356
4 0 0.164565 0.083640 0.012840 0.000014 0.738941
0 0 0.897769 0.045211 0.005861 0.000125 0.051034
0 0 0.417200 0.227199 0.045122 0.000850 0.309629
0 1 0.405543 0.225821 0.065989 0.003069 0.299579
0 0 0.761876 0.096835 0.024817 0.001680 0.114791
0 0 0.936218 0.028070 0.006093 0.000564 0.029054
0 0 0.723974 0.095194 0.014957 0.000205 0.165670
0 0 0.444381 0.115561 0.027100 0.000296 0.412662
4 0 0.227747 0.201342 0.059153 0.001057 0.510700
0 1 0.536637 0.178076 0.057445 0.004320 0.223522
0 0 0.814367 0.065056 0.012926 0.000386 0.107265
0 0 0.863191 0.059578 0.008026 0.000162 0.069043
0 0 0.797903 0.083312 0.021592 0.001678 0.095514
0 0 0.726424 0.107501 0.036745 0.004656 0.124674
0 0 0.640969 0.122674 0.018630 0.000201 0.217526
0 0 0.894372 0.046841 0.003891 0.000028 0.054868
0 0 0.482641 0.206461 0.025976 0.000186 0.284735
0 0 0.888531 0.048054 0.010105 0.000655 0.052656
0 0 0.908309 0.036673 0.013631 0.003910 0.037477
0 0 0.907537 0.041237 0.004310 0.000058 0.046858
0 0 0.933689 0.019028 0.002157 0.000019 0.045108
0 1 0.714185 0.113893 0.020788 0.000524 0.150611
0 0 0.885039 0.042467 0.019967 0.009201 0.043326
0 1 0.580210 0.163405 0.049979 0.003583 0.202824
1 1 0.311643 0.372873 0.034972 0.000027 0.280486
1 0 0.285828 0.346887 0.040691 0.000055 0.326539
0 0 0.394620 0.172151 0.039705 0.000602 0.392922
0 0 0.874749 0.053699 0.011336 0.000698 0.059518
0 0 0.561248 0.156065 0.031261 0.000625 0.250802
0 0 0.961076 0.017616 0.003433 0.000311 0.017564
0 0 0.952810 0.021755 0.001530 0.000011 0.023894
0 0 0.586144 0.229974 0.035833 0.000151 0.147898
0 0 0.927191 0.041739 0.006584 0.000094 0.024392
0 0 0.952795 0.020619 0.005287 0.000848 0.020451
0 0 0.863687 0.037138 0.006635 0.000117 0.092423
0 0 0.648251 0.113372 0.015382 0.000117 0.222877
0 0 0.728181 0.113805 0.015942 0.000238 0.141834
0 0 0.829806 0.072697 0.002745 0.000002 0.094749
0 0 0.733667 0.108661 0.006097 0.000010 0.151565
0 0 0.904309 0.031079 0.003896 0.000045 0.060671
0 0 0.589872 0.138045 0.020073 0.000176 0.251834
0 0 0.610848 0.150617 0.050353 0.004747 0.183436
0 0 0.560471 0.178221 0.019904 0.000124 0.241279
0 0 0.700467 0.088769 0.004231 0.000003 0.206531
0 0 0.721913 0.105722 0.005616 0.000007 0.166741
0 0 0.704412 0.084171 0.008372 0.000028 0.203017
0 0 0.875284 0.047906 0.003383 0.000012 0.073415
0 0 0.907446 0.039433 0.008639 0.000654 0.043828
0 0 0.557244 0.120990 0.020837 0.000189 0.300741
0 0 0.667654 0.137646 0.016400 0.000147 0.178153
0 0 0.601012 0.179912 0.027485 0.000148 0.191443
0 0 0.837023 0.070628 0.006389 0.000046 0.085914
1 0 0.205435 0.606037 0.055238 0.000004 0.133285
1 0 0.315755 0.412112 0.028164 0.000007 0.243963
1 0 0.346318 0.513564 0.030069 0.000001 0.110048
0 0 0.836131 0.059123 0.003578 0.000007 0.101160
0 0 0.884159 0.045727 0.009034 0.000408 0.060672
0 0 0.845419 0.043550 0.003793 0.000012 0.107225
0 0 0.434505 0.119042 0.014442 0.000034 0.431977
4 0 0.275537 0.111396 0.029237 0.000219 0.583612
4 0 0.095912 0.059067 0.023027 0.000109 0.821885
4 0 0.311495 0.264535 0.040757 0.000341 0.382873
4 0 0.286361 0.269974 0.057692 0.000995 0.384978
4 1 0.191787 0.257777 0.167219 0.033723 0.349493
4 1 0.135717 0.213864 0.228279 0.138675 0.283465
0 1 0.373792 0.236741 0.068466 0.002922 0.318079
4 0 0.153979 0.216146 0.094635 0.003682 0.531558
0 0 0.460842 0.204216 0.067445 0.004672 0.262826
0 1 0.686121 0.130533 0.015346 0.000138 0.167863
0 0 0.558278 0.177773 0.030185 0.000507 0.233257
0 0 0.605373 0.158254 0.035408 0.001255 0.199710
0 0 0.808236 0.064701 0.037222 0.021668 0.068172
0 0 0.957818 0.017734 0.005712 0.001694 0.017042
0 0 0.949560 0.023079 0.002832 0.000075 0.024453
0 0 0.937602 0.031161 0.004535 0.000111 0.026591
0 0 0.976703 0.011241 0.004025 0.001088 0.006944
0 0 0.891074 0.065158 0.010693 0.000101 0.032975
0 0 0.836222 0.090618 0.024474 0.000668 0.048018
0 0 0.491340 0.187825 0.012759 0.000019 0.308057
0 0 0.539591 0.175980 0.038062 0.001019 0.245348
0 0 0.682190 0.067548 0.064989 0.115435 0.069839
1 0 0.194286 0.514375 0.130470 0.000200 0.160669
1 0 0.287364 0.302590 0.140360 0.007456 0.262229
0 1 0.504427 0.187362 0.066326 0.005889 0.235995
0 1 0.402644 0.223087 0.076793 0.005274 0.292202
0 0 0.909254 0.027815 0.017261 0.019011 0.026659
0 0 0.764130 0.097251 0.022962 0.001303 0.114353
0 1 0.355235 0.249753 0.041127 0.000440 0.353444
4 1 0.247565 0.272624 0.094755 0.004800 0.380256
4 1 0.163575 0.235517 0.140087 0.014978 0.445844
4 1 0.076540 0.149664 0.151856 0.019258 0.602683
4 1 0.054439 0.120644 0.094867 0.003919 0.726131
4 0 0.063605 0.138522 0.223188 0.093505 0.481181
4 1 0.198047 0.147880 0.195116 0.135386 0.323570
4 1 0.102885 0.190686 0.218599 0.082048 0.405781
4 1 0.242349 0.146823 0.112923 0.014971 0.482934
4 4 0.095595 0.088133 0.068794 0.002524 0.744954
4 4 0.130576 0.109904 0.043653 0.000492 0.715374
4 4 0.377274 0.149390 0.069897 0.004518 0.398921
0 4 0.547464 0.160106 0.072653 0.011917 0.207860
4 4 0.135072 0.133622 0.080538 0.003182 0.647586
4 4 0.143682 0.137338 0.038432 0.000261 0.680286
4 4 0.207070 0.236267 0.064315 0.001127 0.491221
4 4 0.103728 0.187993 0.157161 0.020459 0.530659
4 4 0.286426 0.269963 0.057641 0.000993 0.384977
4 1 0.164308 0.237003 0.145309 0.017225 0.436156
4 1 0.117176 0.193197 0.237625 0.197574 0.254428
4 1 0.113507 0.188786 0.238626 0.210770 0.248311
2 1 0.119138 0.259061 0.296506 0.096950 0.228345
4 1 0.113507 0.188786 0.238626 0.210770 0.248311
4 1 0.121434 0.180506 0.233541 0.229967 0.234552
4 1 0.109331 0.186826 0.240134 0.199257 0.264452
4 2 0.093726 0.176913 0.241830 0.159473 0.328057
4 2 0.113507 0.188786 0.238626 0.210770 0.248311
4 2 0.105454 0.184738 0.241132 0.188920 0.279756
4 2 0.113507 0.188786 0.238626 0.210770 0.248311
4 2 0.113507 0.188786 0.238626 0.210770 0.248311
4 2 0.094785 0.177711 0.241911 0.162027 0.323567
4 2 0.096657 0.179078 0.241983 0.166591 0.315691
4 2 0.120264 0.179972 0.234121 0.226516 0.239129
3 2 0.148304 0.146716 0.240815 0.250396 0.213770
4 2 0.059009 0.140739 0.222348 0.085420 0.492485
4 2 0.081074 0.166001 0.238629 0.130407 0.383890
3 2 0.161016 0.127358 0.198545 0.328926 0.184155
4 3 0.105743 0.184903 0.241071 0.189680 0.278603
4 3 0.135619 0.214269 0.227677 0.134398 0.288037
0 3 0.449486 0.121250 0.236151 0.087533 0.105581
0 0 0.941499 0.010461 0.008651 0.030455 0.008934
0 0 0.953225 0.001868 0.002208 0.041378 0.001322
0 0 0.877339 0.027404 0.022425 0.047058 0.025774
0 1 0.832997 0.071613 0.011480 0.000314 0.083596
4 1 0.314251 0.253889 0.081763 0.004007 0.346090
0 1 0.371560 0.303406 0.079385 0.001074 0.244574
1 1 0.100442 0.396725 0.350369 0.011158 0.141306
4 1 0.113507 0.188786 0.238626 0.210770 0.248311
4 1 0.262714 0.241301 0.040086 0.000278 0.455622
4 1 0.303080 0.201622 0.073938 0.003109 0.418251
0 1 0.878005 0.051766 0.012564 0.001098 0.056568
4 1 0.361311 0.248402 0.019750 0.000038 0.370499
4 0 0.317401 0.262941 0.037481 0.000264 0.381913
0 1 0.454837 0.195342 0.091069 0.014476 0.244277
4 1 0.194286 0.259034 0.163837 0.031241 0.351601
4 1 0.137156 0.228438 0.238476 0.117366 0.278564
2 1 0.124766 0.240323 0.270999 0.115827 0.248085
2 2 0.104837 0.235281 0.308963 0.141375 0.209545
3 2 0.133872 0.167222 0.224306 0.261359 0.213241
4 2 0.113507 0.188786 0.238626 0.210770 0.248311
4 2 0.068355 0.164846 0.251340 0.095054 0.420405
4 2 0.092992 0.176349 0.241758 0.157713 0.331188
4 2 0.117955 0.197917 0.235969 0.161469 0.286689
2 2 0.040623 0.125806 0.558702 0.126299 0.148570
0 2 0.420671 0.173729 0.130851 0.065936 0.208812
4 2 0.144529 0.198849 0.226481 0.171131 0.259010
4 2 0.098943 0.180670 0.241950 0.172250 0.306188
4 2 0.104604 0.184247 0.241300 0.186695 0.283155
4 3 0.113507 0.188786 0.238626 0.210770 0.248311
3 3 0.086575 0.099683 0.251737 0.458925 0.103081
4 3 0.101897 0.182602 0.241712 0.179709 0.294081
4 3 0.099560 0.154202 0.234345 0.168401 0.343492
3 3 0.089115 0.129050 0.277560 0.304620 0.199655
3 3 0.140209 0.100230 0.194862 0.453983 0.110717
2 3 0.106590 0.184830 0.249225 0.220914 0.238440
3 3 0.078797 0.127379 0.287398 0.367886 0.138540
3 3 0.013455 0.033728 0.306104 0.622993 0.023719
3 3 0.013596 0.016168 0.180439 0.779484 0.010313
3 3 0.050163 0.065373 0.261235 0.564729 0.058499
3 3 0.037968 0.043227 0.228616 0.655078 0.035111
3 3 0.045963 0.021274 0.122953 0.793623 0.016187
3 3 0.007120 0.008603 0.149420 0.830103 0.004753
3 3 0.012805 0.022907 0.240284 0.708847 0.015157
3 3 0.012269 0.006650 0.092523 0.884734 0.003824
3 3 0.001226 0.000421 0.027434 0.970775 0.000144
3 3 0.007429 0.007665 0.133367 0.847333 0.004206
3 3 0.001448 0.003476 0.153924 0.839696 0.001455
3 3 0.003003 0.002509 0.082183 0.911194 0.001111
3 3 0.025631 0.028508 0.204975 0.719956 0.020930
3 3 0.021151 0.007284 0.075719 0.891323 0.004522
3 3 0.003300 0.001007 0.035472 0.959803 0.000418
3 3 0.006080 0.001552 0.037794 0.953854 0.000721
3 3 0.001083 0.001203 0.073184 0.924090 0.000440
3 3 0.001411 0.001361 0.071207 0.925500 0.000520
3 3 0.016889 0.005981 0.071894 0.901691 0.003546
3 3 0.001080 0.001443 0.085564 0.911376 0.000536
3 3 0.002129 0.002541 0.098608 0.895642 0.001080
3 3 0.004378 0.003663 0.093808 0.896394 0.001757
3 3 0.007473 0.002130 0.044832 0.944522 0.001043
3 3 0.016187 0.001186 0.017816 0.964197 0.000613
3 3 0.022376 0.001717 0.020836 0.954116 0.000954
3 3 0.002520 0.000687 0.029103 0.967423 0.000267
3 3 0.049473 0.023720 0.133684 0.775062 0.018061
3 3 0.133220 0.097816 0.238929 0.434652 0.095383
0 3 0.522141 0.139882 0.124527 0.065962 0.147488
0 3 0.512241 0.216276 0.086436 0.005127 0.179919
0 3 0.335555 0.237352 0.103603 0.011110 0.312381
4 3 0.113507 0.188786 0.238626 0.210770 0.248311
3 3 0.126120 0.175544 0.230241 0.241607 0.226488
2 3 0.066692 0.152968 0.318207 0.288860 0.173274
2 3 0.024700 0.099601 0.439047 0.304276 0.132376
2 3 0.030803 0.114983 0.413757 0.229930 0.210527
3 2 0.178384 0.099508 0.167360 0.440662 0.114086
3 3 0.047412 0.026415 0.184837 0.700300 0.041036
4 3 0.113507 0.188786 0.238626 0.210770 0.248311
2 3 0.100663 0.181117 0.258600 0.229946 0.229674
2 3 0.054659 0.143231 0.344210 0.269339 0.188561
4 3 0.075180 0.160045 0.235679 0.117718 0.411378
4 3 0.059367 0.141216 0.222734 0.086098 0.490585
4 3 0.098691 0.180499 0.241960 0.171623 0.307227
4 2 0.114761 0.200143 0.144231 0.013564 0.527301
4 2 0.052008 0.136146 0.223242 0.069498 0.519106
4 2 0.105360 0.178788 0.239974 0.187298 0.288580
4 2 0.069469 0.125646 0.054019 0.000615 0.750251
4 2 0.089545 0.173589 0.241233 0.149579 0.346054
4 2 0.113507 0.188786 0.238626 0.210770 0.248311
4 2 0.099553 0.181080 0.241919 0.173777 0.303671
4 2 0.110346 0.187331 0.239809 0.202020 0.260495
4 2 0.127432 0.177254 0.221973 0.124441 0.348899
4 2 0.107523 0.192574 0.163654 0.023895 0.512354
4 2 0.113507 0.188786 0.238626 0.210770 0.248311
4 2 0.113507 0.188786 0.238626 0.210770 0.248311
4 2 0.264186 0.269878 0.072276 0.001980 0.391680
4 2 0.122258 0.173721 0.054638 0.000595 0.648788
0 2 0.993318 0.002298 0.001200 0.001901 0.001283
0 2 0.974289 0.008571 0.007206 0.007210 0.002724
0 0 0.787194 0.075779 0.039068 0.016068 0.081891
0 0 0.696184 0.117949 0.042234 0.005601 0.138032
0 0 0.319100 0.218027 0.143870 0.041706 0.277297
4 0 0.196312 0.260010 0.161082 0.029339 0.353258
4 1 0.183420 0.253128 0.178356 0.043195 0.341902
4 1 0.181478 0.251951 0.180884 0.045663 0.340023
0 1 0.595524 0.150526 0.063218 0.010105 0.180628
0 1 0.752781 0.088746 0.044742 0.015848 0.097883
0 1 0.557863 0.164227 0.068042 0.009794 0.200074
4 1 0.131464 0.209370 0.231027 0.151050 0.277090
3 1 0.190357 0.126836 0.183854 0.347239 0.151715
0 1 0.376353 0.203597 0.128403 0.037377 0.254269
0 1 0.841330 0.051494 0.031177 0.023276 0.052723
4 1 0.216762 0.267706 0.133236 0.014944 0.367351
4 1 0.219762 0.268518 0.129233 0.013458 0.369029
4 1 0.210911 0.260180 0.115557 0.008571 0.404782
4 0 0.133879 0.178664 0.048358 0.000404 0.638694
4 1 0.116238 0.134304 0.070151 0.001800 0.677506
4 1 0.189376 0.256507 0.170462 0.036265 0.347390
4 1 0.302840 0.272317 0.046086 0.000442 0.378314
1 1 0.246809 0.334826 0.093336 0.001411 0.323618
1 1 0.209823 0.452545 0.113073 0.000370 0.224189
4 1 0.164699 0.235072 0.133933 0.012723 0.453574
4 1 0.113507 0.188786 0.238626 0.210770 0.248311
4 1 0.196560 0.260127 0.160743 0.029112 0.353458
4 1 0.103112 0.189408 0.230109 0.111397 0.365974
4 1 0.208273 0.257681 0.112184 0.007628 0.414235
4 1 0.192544 0.245891 0.044421 0.000146 0.516998
0 0 0.513205 0.157132 0.045490 0.001767 0.282407
4 1 0.147440 0.227229 0.164326 0.026392 0.434613
4 1 0.134834 0.217853 0.216065 0.089314 0.341933
4 1 0.198063 0.260821 0.158693 0.027771 0.354651
4 1 0.113507 0.188786 0.238626 0.210770 0.248311
4 1 0.116686 0.176041 0.235313 0.215549 0.256412
0 0 0.749721 0.075631 0.042540 0.013194 0.118914
0 0 0.809249 0.075603 0.026758 0.004584 0.083805
0 0 0.648294 0.144776 0.019988 0.000244 0.186698
0 0 0.938490 0.025455 0.008496 0.002284 0.025275
0 0 0.938460 0.026637 0.006847 0.000971 0.027085
0 0 0.879496 0.051773 0.010871 0.000675 0.057185
0 0 0.766673 0.098650 0.013502 0.000210 0.120965
0 0 0.910107 0.035844 0.006384 0.000252 0.047412
0 0 0.945566 0.024369 0.004602 0.000329 0.025134
0 0 0.951883 0.020420 0.006216 0.001503 0.019978
0 0 0.802316 0.074275 0.032896 0.009622 0.080891
4 0 0.366491 0.147566 0.056680 0.002104 0.427159
0 0 0.472796 0.174443 0.040892 0.000928 0.310940
0 0 0.449164 0.204755 0.047139 0.001224 0.297718
0 0 0.531617 0.124613 0.041325 0.001673 0.300772
4 0 0.214192 0.266947 0.136695 0.016330 0.365837
4 0 0.118137 0.194336 0.237314 0.194202 0.256011
4 1 0.199673 0.258623 0.136908 0.015490 0.389306
4 1 0.105890 0.184986 0.241039 0.190067 0.278018
4 1 0.102873 0.183209 0.241585 0.182210 0.290124
4 1 0.086232 0.170757 0.240440 0.141945 0.360626
4 1 0.113507 0.188786 0.238626 0.210770 0.248311
4 1 0.079440 0.164407 0.237907 0.126839 0.391407
4 1 0.083722 0.168496 0.239647 0.136279 0.371857
4 1 0.109504 0.186914 0.240080 0.199728 0.263774
4 1 0.113507 0.188786 0.238626 0.210770 0.248311
4 1 0.113507 0.188786 0.238626 0.210770 0.248311
4 1 0.082132 0.167011 0.239058 0.132740 0.379059
3 2 0.155701 0.135604 0.204095 0.315731 0.188868
3 2 0.166385 0.124136 0.192880 0.346712 0.169887
4 2 0.118588 0.123642 0.219573 0.205314 0.332882
4 2 0.094764 0.177695 0.241909 0.161976 0.323656
4 2 0.085010 0.171311 0.232519 0.110664 0.400496
0 2 0.753612 0.086917 0.032586 0.004382 0.122503
0 0 0.823036 0.051609 0.035957 0.036995 0.052404
0 0 0.446275 0.312860 0.079372 0.000567 0.160927
4 0 0.318305 0.262688 0.037001 0.000254 0.381752
0 0 0.446908 0.219013 0.029646 0.000237 0.304196
0 0 0.782832 0.090175 0.020527 0.001120 0.105347
0 0 0.950547 0.021508 0.005630 0.000928 0.021387
0 0 0.919397 0.031710 0.012577 0.004536 0.031780
0 0 0.770557 0.088033 0.035456 0.007493 0.098460
4 0 0.179134 0.250482 0.183903 0.048785 0.337696
4 0 0.162060 0.238175 0.204367 0.076562 0.318837
4 1 0.181339 0.251866 0.181065 0.045844 0.339887
0 1 0.454737 0.207407 0.065261 0.003976 0.268620
0 1 0.411826 0.230566 0.037233 0.000424 0.319950
0 0 0.618581 0.176242 0.040405 0.000924 0.163848
0 0 0.513848 0.177304 0.078482 0.012247 0.218120
4 1 0.164973 0.240473 0.201098 0.071166 0.322290
4 1 0.128298 0.205927 0.232846 0.160698 0.272232
4 1 0.169426 0.243828 0.195910 0.063455 0.327381
4 1 0.212337 0.265176 0.141511 0.018622 0.362354
4 1 0.202535 0.262761 0.152578 0.024078 0.358048
0 1 0.730546 0.107215 0.033694 0.003514 0.125031
0 1 0.682209 0.115610 0.055265 0.014519 0.132397
0 1 0.679967 0.131636 0.023519 0.000565 0.164313
0 0 0.633011 0.126518 0.070464 0.024564 0.145443
4 0 0.277162 0.256260 0.110401 0.010103 0.346073
0 1 0.474060 0.192318 0.081954 0.010821 0.240848
4 1 0.271101 0.271984 0.070613 0.001875 0.384427
0 0 0.795572 0.082752 0.025114 0.002841 0.093721
0 0 0.922260 0.041350 0.017245 0.001698 0.017447
0 0 0.933311 0.039656 0.009417 0.000251 0.017366
0 0 0.586556 0.152418 0.000596 0.000000 0.260430
0 1 0.698322 0.162520 0.000069 0.000000 0.139089
0 1 0.685610 0.126878 0.000100 0.000000 0.187412
0 1 0.578703 0.300010 0.000299 0.000000 0.120988
1 1 0.219173 0.714081 0.007398 0.000000 0.059347
1 1 0.311058 0.508871 0.015901 0.000000 0.164170
1 2 0.368371 0.391588 0.012443 0.000000 0.227598
0 2 0.642918 0.128446 0.000213 0.000000 0.228422
0 2 0.739751 0.142750 0.000028 0.000000 0.117471
0 2 0.596751 0.300690 0.000175 0.000000 0.102384
0 2 0.619696 0.164513 0.000334 0.000000 0.215457
0 2 0.487458 0.379457 0.001072 0.000000 0.132014
0 2 0.896263 0.041742 0.000130 0.000000 0.061864
0 2 0.721809 0.096476 0.000045 0.000000 0.181670
0 2 0.584361 0.347745 0.000086 0.000000 0.067809
0 2 0.448130 0.438547 0.001241 0.000000 0.112083
0 2 0.412333 0.276247 0.009001 0.000001 0.302417
0 2 0.422999 0.362118 0.005332 0.000000 0.209551
0 2 0.535246 0.203284 0.001361 0.000000 0.260109
0 2 0.587597 0.257199 0.000401 0.000000 0.154803
1 3 0.112282 0.466135 0.256569 0.001548 0.163467
0 3 0.547192 0.215677 0.048989 0.000813 0.187329
0 3 0.841079 0.059695 0.036681 0.009236 0.053310
0 3 0.716938 0.114191 0.031010 0.002201 0.135659
1 3 0.109357 0.585080 0.208002 0.000191 0.097369
0 3 0.935391 0.023437 0.006948 0.000676 0.033549
0 3 0.863133 0.041182 0.018877 0.004184 0.072623
1 0 0.284309 0.339728 0.056467 0.000246 0.319250
4 0 0.307762 0.277811 0.043040 0.000313 0.371075
4 1 0.294090 0.276620 0.052022 0.000612 0.376655
4 1 0.314555 0.247604 0.098371 0.008024 0.331447
1 1 0.167444 0.340288 0.216274 0.014095 0.261899
1 2 0.214149 0.423053 0.116865 0.000651 0.245281
1 2 0.106434 0.722103 0.108839 0.000004 0.062620
1 2 0.071812 0.678479 0.200870 0.000024 0.048815
2 2 0.074507 0.330908 0.365775 0.012802 0.216009
1 2 0.176885 0.327594 0.189253 0.011399 0.294869
1 2 0.207847 0.449358 0.116951 0.000431 0.225412
4 3 0.298066 0.267735 0.049169 0.000607 0.384423
0 3 0.789342 0.082982 0.029790 0.004989 0.092897
0 3 0.924322 0.033481 0.006130 0.000347 0.035720
0 3 0.917457 0.020531 0.016177 0.027765 0.018070
0 3 0.767404 0.101765 0.035646 0.003548 0.091637
0 3 0.746051 0.106263 0.017628 0.000411 0.129647
0 3 0.895208 0.040712 0.042535 0.012995 0.008549
0 3 0.946118 0.016207 0.015956 0.016408 0.005311
0 2 0.840186 0.090040 0.065945 0.000450 0.003379
0 2 0.930249 0.037744 0.024283 0.001769 0.005955
0 1 0.946836 0.028240 0.004999 0.000158 0.019766
0 1 0.934554 0.043135 0.010876 0.000151 0.011284
0 1 0.769934 0.077725 0.000015 0.000000 0.152325
0 1 0.699370 0.105418 0.000072 0.000000 0.195140
0 1 0.622331 0.160325 0.000319 0.000000 0.217025
0 1 0.580305 0.193019 0.000646 0.000000 0.226031
0 1 0.622275 0.228020 0.000238 0.000000 0.149467
0 1 0.491418 0.404092 0.000631 0.000000 0.103860
0 1 0.489937 0.374863 0.001072 0.000000 0.134128
0 1 0.724258 0.153247 0.000362 0.000000 0.122133
0 1 0.734973 0.159576 0.000311 0.000000 0.105140
1 1 0.384661 0.528659 0.001486 0.000000 0.085195
0 1 0.583629 0.153406 0.000601 0.000000 0.262364
0 1 0.775602 0.075557 0.000013 0.000000 0.148828
0 1 0.803110 0.066815 0.000007 0.000000 0.130068
0 1 0.816068 0.098805 0.000004 0.000000 0.085123
0 1 0.789491 0.070279 0.000009 0.000000 0.140221
0 1 0.803672 0.064946 0.000006 0.000000 0.131376
0 1 0.675331 0.233068 0.000052 0.000000 0.091548
0 1 0.618370 0.169844 0.000341 0.000000 0.211446
0 1 0.642889 0.128459 0.000213 0.000000 0.228439
0 1 0.611805 0.205626 0.000346 0.000000 0.182222
0 1 0.698250 0.105868 0.000074 0.000000 0.195809
0 1 0.601158 0.333988 0.000064 0.000000 0.064790
0 1 0.576955 0.358487 0.000083 0.000000 0.064475
0 1 0.640082 0.129623 0.000224 0.000000 0.230071
0 1 0.890183 0.048296 0.002257 0.000004 0.059259
0 1 0.526885 0.182945 0.091824 0.014505 0.183842
4 1 0.113507 0.188786 0.238626 0.210770 0.248311
4 1 0.113507 0.188786 0.238626 0.210770 0.248311
4 1 0.113507 0.188786 0.238626 0.210770 0.248311
4 1 0.113507 0.188786 0.238626 0.210770 0.248311
4 1 0.155780 0.174983 0.219849 0.197458 0.251930
4 1 0.099685 0.177062 0.240947 0.173269 0.309037
4 1 0.113507 0.188786 0.238626 0.210770 0.248311
1 1 0.212718 0.323917 0.135351 0.005130 0.322884
4 1 0.158767 0.251119 0.203171 0.049985 0.336958
3 1 0.138823 0.161826 0.220204 0.274324 0.204823
3 1 0.131327 0.169971 0.226320 0.254802 0.217581
4 2 0.113507 0.188786 0.238626 0.210770 0.248311
4 2 0.113507 0.188786 0.238626 0.210770 0.248311
3 2 0.192290 0.097561 0.157765 0.439524 0.112860
4 2 0.085737 0.170319 0.240297 0.140820 0.362827
4 2 0.113507 0.188786 0.238626 0.210770 0.248311
4 2 0.098837 0.180597 0.241954 0.171984 0.306627
4 2 0.085107 0.169756 0.240105 0.139393 0.365639
4 2 0.113507 0.188786 0.238626 0.210770 0.248311
3 2 0.032549 0.045128 0.252452 0.633593 0.036279
3 2 0.059149 0.079629 0.270318 0.515656 0.075247
2 2 0.104422 0.183565 0.252326 0.222792 0.236895
4 2 0.113507 0.188786 0.238626 0.210770 0.248311
4 2 0.113387 0.189834 0.240152 0.209071 0.247557
3 2 0.126072 0.087625 0.193867 0.499745 0.092691
3 3 0.024029 0.014664 0.126750 0.824663 0.009895
3 3 0.004992 0.003572 0.085993 0.903707 0.001737
3 3 0.061789 0.026644 0.125844 0.764134 0.021588
3 3 0.054468 0.055484 0.227319 0.613971 0.048759
3 3 0.015969 0.009811 0.112021 0.856150 0.006048
3 3 0.004554 0.034804 0.467707 0.470405 0.022530
3 3 0.018882 0.032093 0.256120 0.669736 0.023168
3 3 0.001708 0.003710 0.149982 0.843007 0.001593
3 3 0.006880 0.003144 0.065581 0.922821 0.001574
3 3 0.066677 0.097498 0.282168 0.456278 0.097378
3 3 0.014428 0.010794 0.127353 0.840789 0.006635
3 3 0.018095 0.007066 0.079945 0.890606 0.004289
3 3 0.000457 0.001054 0.100500 0.897646 0.000343
3 3 0.004110 0.008667 0.194583 0.788135 0.004505
3 3 0.030061 0.031740 0.205553 0.708587 0.024060
3 3 0.019515 0.004707 0.054297 0.918698 0.002784
3 3 0.008023 0.011954 0.183024 0.790059 0.006941
3 3 0.024235 0.020804 0.166270 0.774089 0.014602
3 3 0.037661 0.037129 0.206609 0.689112 0.029489
3 3 0.014093 0.003978 0.055599 0.924105 0.002225
3 3 0.010550 0.001730 0.031212 0.955638 0.000871
3 3 0.001784 0.000799 0.039758 0.957358 0.000301
3 3 0.000614 0.000496 0.045232 0.953502 0.000157
3 3 0.013447 0.003078 0.045592 0.936208 0.001675
3 3 0.080247 0.020633 0.089115 0.793148 0.016857
3 3 0.064140 0.017700 0.088869 0.815484 0.013807
3 3 0.008277 0.008321 0.135284 0.843455 0.004663
3 3 0.007382 0.003124 0.062919 0.924999 0.001576
3 3 0.006640 0.001359 0.032121 0.959248 0.000632
3 3 0.015819 0.004740 0.060920 0.915792 0.002730
3 3 0.005015 0.001425 0.038761 0.954157 0.000642
3 3 0.002776 0.001095 0.041739 0.953942 0.000448
3 3 0.003482 0.002536 0.076986 0.915853 0.001144
3 3 0.015611 0.007167 0.087234 0.885713 0.004276
3 3 0.004449 0.000683 0.021534 0.973047 0.000286
3 3 0.003305 0.000265 0.010796 0.985535 0.000099
3 3 0.014725 0.005939 0.076658 0.899220 0.003458
3 3 0.002406 0.001345 0.053761 0.941938 0.000549
3 3 0.025665 0.008054 0.074602 0.886507 0.005172
3 3 0.026925 0.014402 0.117990 0.830847 0.009837
3 3 0.008456 0.005662 0.097422 0.885396 0.003064
3 3 0.013935 0.005276 0.071292 0.906478 0.003019
3 3 0.020477 0.010424 0.103952 0.858482 0.006665
3 3 0.008187 0.004565 0.082585 0.902250 0.002413
3 3 0.146045 0.022191 0.066730 0.745063 0.019971
3 3 0.013433 0.005351 0.073514 0.904652 0.003051
3 3 0.006532 0.002363 0.052606 0.937352 0.001147
3 3 0.010049 0.002034 0.036912 0.949974 0.001030
3 3 0.031799 0.013473 0.102679 0.842716 0.009334
3 3 0.026966 0.003184 0.032546 0.935401 0.001903
3 3 0.010424 0.004465 0.075582 0.906787 0.002743
3 3 0.013132 0.039218 0.368018 0.542339 0.037293
2 3 0.166066 0.282866 0.438821 0.027605 0.084641
2 3 0.128776 0.288780 0.336190 0.043626 0.202627
2 3 0.054502 0.301465 0.460884 0.004384 0.178765
4 3 0.154430 0.230212 0.213327 0.095224 0.306808
4 3 0.130896 0.208758 0.231367 0.152753 0.276225
4 3 0.143967 0.218534 0.129642 0.010773 0.497084
4 3 0.065380 0.146706 0.171178 0.028529 0.588206
4 2 0.069938 0.154272 0.232230 0.106853 0.436707
4 2 0.113507 0.188786 0.238626 0.210770 0.248311
4 2 0.113507 0.188786 0.238626 0.210770 0.248311
4 2 0.165925 0.167253 0.213418 0.165805 0.287600
3 2 0.048580 0.094518 0.366904 0.387691 0.102308
2 2 0.023716 0.132468 0.617751 0.047586 0.178479
4 2 0.052393 0.141990 0.286882 0.125381 0.393354
4 2 0.151460 0.229144 0.215300 0.098612 0.305484
4 2 0.113507 0.188786 0.238626 0.210770 0.248311
4 2 0.095949 0.172038 0.113658 0.006538 0.611817
4 2 0.110932 0.198221 0.188696 0.042272 0.459878
4 2 0.075299 0.160171 0.235748 0.117969 0.410812
4 2 0.326688 0.135222 0.101586 0.015694 0.420810
4 2 0.132271 0.134103 0.185446 0.070113 0.478066
3 2 0.201654 0.076659 0.147227 0.452052 0.122407
3 2 0.159088 0.093422 0.191686 0.299764 0.256040
4 2 0.105459 0.152071 0.232789 0.181482 0.328198
3 2 0.154121 0.144705 0.205948 0.316306 0.178919
4 2 0.074227 0.155422 0.152372 0.018382 0.599596
4 2 0.328195 0.124536 0.032662 0.000335 0.514272
0 2 0.650346 0.081177 0.071202 0.045219 0.152056
4 2 0.113704 0.201213 0.207623 0.065413 0.412047
4 2 0.113507 0.188786 0.238626 0.210770 0.248311
4 1 0.117161 0.185530 0.235647 0.177387 0.284275
4 1 0.114754 0.200605 0.224531 0.100903 0.359207
4 1 0.113507 0.188786 0.238626 0.210770 0.248311
4 1 0.113507 0.188786 0.238626 0.210770 0.248311
4 1 0.113507 0.188786 0.238626 0.210770 0.248311
4 1 0.107309 0.162785 0.235606 0.188310 0.305990
4 1 0.064010 0.147189 0.227341 0.095027 0.466432
4 1 0.122864 0.175573 0.097767 0.004353 0.599443
4 1 0.042916 0.086064 0.032829 0.000150 0.838041
4 1 0.039383 0.101431 0.104740 0.005919 0.748527
4 1 0.102998 0.183286 0.241567 0.182534 0.289615
4 1 0.113507 0.188786 0.238626 0.210770 0.248311
4 1 0.087636 0.171978 0.240811 0.145159 0.354416
4 1 0.113507 0.188786 0.238626 0.210770 0.248311
4 2 0.113507 0.188786 0.238626 0.210770 0.248311
4 2 0.113653 0.188964 0.238592 0.210234 0.248557
4 2 0.072634 0.157461 0.232632 0.108198 0.429075
4 2 0.090132 0.174072 0.241344 0.150950 0.343501
4 2 0.113507 0.188786 0.238626 0.210770 0.248311
4 2 0.076356 0.161278 0.236344 0.120208 0.405814
4 2 0.113507 0.188786 0.238626 0.210770 0.248311
3 2 0.155536 0.133008 0.204040 0.313406 0.194009
4 2 0.082076 0.166958 0.239036 0.132616 0.379314
4 2 0.060619 0.142864 0.224046 0.088477 0.483995
4 2 0.074270 0.121485 0.036751 0.000182 0.767312
4 2 0.166700 0.231999 0.115625 0.007537 0.478139
4 2 0.103524 0.163102 0.064532 0.001019 0.667824
4 2 0.027542 0.088024 0.165444 0.031459 0.687532
0 2 0.279509 0.111446 0.166783 0.231227 0.211035
4 2 0.143951 0.192573 0.060503 0.000837 0.602135
4 1 0.218961 0.268309 0.130298 0.013842 0.368590
4 1 0.113507 0.188786 0.238626 0.210770 0.248311
4 1 0.113507 0.188786 0.238626 0.210770 0.248311
4 1 0.158880 0.143397 0.061633 0.001305 0.634784
4 1 0.103210 0.140675 0.034151 0.000142 0.721822
4 1 0.333382 0.258046 0.032264 0.000172 0.376135
0 0 0.906571 0.040995 0.007368 0.000359 0.044707
0 0 0.868436 0.044189 0.025097 0.017588 0.044690
0 0 0.784553 0.084565 0.030815 0.005284 0.094782
0 0 0.356850 0.231108 0.099296 0.010698 0.302049
3 0 0.205759 0.153731 0.198355 0.226386 0.215770
3 1 0.126874 0.165938 0.228594 0.240224 0.238370
4 1 0.102261 0.182830 0.241667 0.180640 0.292602
4 1 0.113507 0.188786 0.238626 0.210770 0.248311
4 1 0.113507 0.188786 0.238626 0.210770 0.248311
4 1 0.232125 0.271077 0.113230 0.008617 0.374952
0 1 0.393614 0.274768 0.027830 0.000063 0.303726
0 1 0.755343 0.062868 0.024416 0.002000 0.155373
0 0 0.860574 0.048030 0.010389 0.000419 0.080587
0 0 0.827114 0.053770 0.009515 0.000181 0.109419
0 0 0.454012 0.089379 0.019668 0.000140 0.436802
4 0 0.234755 0.080608 0.009865 0.000008 0.674764
4 0 0.084918 0.150702 0.077828 0.001897 0.684656
3 0 0.144013 0.156097 0.215639 0.288226 0.196025
4 1 0.113507 0.188786 0.238626 0.210770 0.248311
4 1 0.111590 0.187925 0.239374 0.205437 0.255674
4 1 0.110966 0.187630 0.239597 0.203717 0.258090
4 1 0.406636 0.152649 0.021486 0.000089 0.419139
0 0 0.908046 0.039770 0.008909 0.000742 0.042533
0 0 0.344967 0.245066 0.075156 0.003489 0.331322
4 0 0.307690 0.190922 0.018612 0.000031 0.482746
4 0 0.200180 0.204032 0.030752 0.000103 0.564934
4 0 0.059565 0.107492 0.048874 0.000494 0.783576
4 0 0.062595 0.145410 0.226012 0.092276 0.473707
4 1 0.113507 0.188786 0.238626 0.210770 0.248311
4 1 0.113507 0.188786 0.238626 0.210770 0.248311
0 1 0.355545 0.234595 0.091243 0.007652 0.310966
4 1 0.171643 0.190064 0.048171 0.000442 0.589681
0 1 0.440096 0.215341 0.052516 0.001662 0.290385
0 0 0.352467 0.228331 0.108250 0.014719 0.296232
4 1 0.125920 0.203288 0.234081 0.168190 0.268521
4 1 0.161227 0.238654 0.194852 0.058837 0.346431
4 1 0.143338 0.179754 0.224823 0.221573 0.230513
0 1 0.718541 0.112714 0.032964 0.002809 0.132973
0 1 0.760471 0.090892 0.038162 0.008710 0.101765
0 1 0.387289 0.129051 0.141911 0.193946 0.147804
2 1 0.129621 0.270101 0.280786 0.076507 0.242985
4 1 0.071789 0.156363 0.233539 0.110645 0.427664
4 1 0.068360 0.152446 0.231034 0.103660 0.444499
4 1 0.113507 0.188786 0.238626 0.210770 0.248311
4 1 0.094602 0.177574 0.241899 0.161585 0.324340
4 1 0.095776 0.178441 0.241960 0.164435 0.319387
3 1 0.145196 0.137227 0.212619 0.282034 0.222924
3 1 0.194090 0.095084 0.154882 0.446365 0.109579
3 1 0.135519 0.165434 0.222969 0.265640 0.210439
4 1 0.113507 0.188786 0.238626 0.210770 0.248311
4 1 0.101718 0.182489 0.241733 0.179251 0.294810
4 1 0.110996 0.187644 0.239587 0.203800 0.257973
4 2 0.113507 0.188786 0.238626 0.210770 0.248311
4 2 0.113507 0.188786 0.238626 0.210770 0.248311
4 2 0.113507 0.188786 0.238626 0.210770 0.248311
4 2 0.098194 0.180157 0.241975 0.170384 0.309289
4 2 0.113507 0.188786 0.238626 0.210770 0.248311
4 2 0.104645 0.184271 0.241292 0.186802 0.282990
4 2 0.193759 0.258775 0.164551 0.031752 0.351163
4 2 0.182584 0.252626 0.179447 0.044245 0.341098
4 2 0.148239 0.226196 0.218293 0.106085 0.301187
4 2 0.122290 0.179602 0.232954 0.232079 0.233074
4 2 0.108839 0.186575 0.240282 0.197928 0.266377
4 2 0.113507 0.188786 0.238626 0.210770 0.248311
4 2 0.113507 0.188786 0.238626 0.210770 0.248311
3 2 0.124349 0.177425 0.231514 0.237182 0.229531
4 2 0.113507 0.188786 0.238626 0.210770 0.248311
4 2 0.096898 0.179249 0.241985 0.167182 0.314685
4 2 0.113507 0.188786 0.238626 0.210770 0.248311
4 2 0.066461 0.150192 0.229494 0.099860 0.453993
4 2 0.068400 0.152492 0.231065 0.103739 0.444305
4 2 0.068456 0.152558 0.231108 0.103851 0.444027
3 2 0.184643 0.107739 0.169243 0.411843 0.126533
4 2 0.096785 0.181552 0.237796 0.137895 0.345972
4 2 0.056655 0.164873 0.320487 0.014000 0.443984
2 2 0.044327 0.131827 0.371233 0.266546 0.186068
3 2 0.136865 0.163967 0.221855 0.269164 0.208149
4 2 0.113507 0.188786 0.238626 0.210770 0.248311
4 2 0.113507 0.188786 0.238626 0.210770 0.248311
4 2 0.113507 0.188786 0.238626 0.210770 0.248311
4 2 0.077409 0.162364 0.236907 0.122457 0.400864
3 2 0.191882 0.098117 0.158408 0.437993 0.113599
4 2 0.113507 0.188786 0.238626 0.210770 0.248311
4 2 0.113507 0.188786 0.238626 0.210770 0.248311
4 2 0.121828 0.180090 0.233272 0.230938 0.233872
4 2 0.129177 0.137612 0.221325 0.236365 0.275520
3 3 0.183998 0.108575 0.170160 0.409597 0.127670
3 3 0.140132 0.160388 0.219078 0.277798 0.202603
4 3 0.113507 0.188786 0.238626 0.210770 0.248311
4 3 0.113507 0.188786 0.238626 0.210770 0.248311
3 3 0.157667 0.140628 0.202288 0.326503 0.172914
4 3 0.113077 0.188599 0.238802 0.209567 0.249954
4 3 0.113507 0.188786 0.238626 0.210770 0.248311
4 3 0.113507 0.188786 0.238626 0.210770 0.248311
4 3 0.120134 0.197554 0.203626 0.063678 0.415007
4 3 0.185383 0.182114 0.213453 0.191462 0.227589
4 3 0.113507 0.188786 0.238626 0.210770 0.248311
3 3 0.200337 0.086180 0.144217 0.471334 0.097932
4 3 0.113507 0.188786 0.238626 0.210770 0.248311
4 3 0.113507 0.188786 0.238626 0.210770 0.248311
4 3 0.082603 0.167455 0.239240 0.133785 0.376917
4 3 0.049142 0.126646 0.209907 0.067431 0.546875
4 3 0.072163 0.156778 0.233791 0.111417 0.425852
4 3 0.113507 0.188786 0.238626 0.210770 0.248311
4 3 0.113507 0.188786 0.238626 0.210770 0.248311
3 3 0.102971 0.138661 0.257215 0.341584 0.159569
4 3 0.113507 0.188786 0.238626 0.210770 0.248311
4 3 0.086690 0.171159 0.240566 0.142989 0.358596
2 3 0.013922 0.067015 0.439913 0.425371 0.053779
2 3 0.033514 0.113353 0.401795 0.315631 0.135706
4 3 0.081004 0.165934 0.238600 0.130254 0.384208
4 3 0.090510 0.138383 0.238846 0.162227 0.370034
4 3 0.113507 0.188786 0.238626 0.210770 0.248311
3 3 0.170376 0.125599 0.187956 0.364784 0.151286
3 3 0.155982 0.142571 0.204045 0.321634 0.175768
3 3 0.042536 0.030040 0.166922 0.736952 0.023550
2 3 0.046630 0.108347 0.355338 0.246081 0.243603
3 3 0.074220 0.147063 0.303084 0.309526 0.166106
4 3 0.113507 0.188786 0.238626 0.210770 0.248311
2 3 0.065635 0.151868 0.320244 0.290926 0.171328
3 3 0.111306 0.150278 0.249776 0.301284 0.187357
3 3 0.184514 0.107906 0.169426 0.411394 0.126760
3 3 0.135049 0.128077 0.217966 0.369455 0.149453
2 3 0.075798 0.161811 0.301161 0.271720 0.189511
2 3 0.105576 0.184217 0.250810 0.222437 0.236961
3 3 0.085336 0.113598 0.267162 0.412966 0.120938
3 3 0.095993 0.162605 0.269614 0.275881 0.195908
2 3 0.034452 0.110517 0.386705 0.361216 0.107109
2 3 0.088705 0.172636 0.278386 0.249200 0.211073
2 3 0.037121 0.114907 0.380450 0.354296 0.113225
4 3 0.114615 0.187637 0.237953 0.213418 0.246377
3 3 0.151299 0.147920 0.208763 0.308324 0.183695
3 3 0.058119 0.070170 0.254252 0.552831 0.064628
2 3 0.050301 0.130745 0.349713 0.332102 0.137139
2 3 0.068194 0.154502 0.315336 0.285954 0.176014
4 3 0.113507 0.188786 0.238626 0.210770 0.248311
3 3 0.205731 0.078000 0.133994 0.494842 0.087433
