0 0 0.930725 0.027295 0.010034 0.000279 0.031666
0 0 0.911010 0.042833 0.027538 0.000639 0.017981
0 0 0.970454 0.010116 0.007268 0.000450 0.011712
0 0 0.965615 0.010481 0.002921 0.000055 0.020928
0 0 0.938674 0.036548 0.008955 0.000020 0.015803
0 0 0.945086 0.030000 0.014674 0.000091 0.010149
0 0 0.753857 0.194954 0.026320 0.000006 0.024863
0 0 0.817518 0.112405 0.041528 0.000200 0.028348
0 0 0.957368 0.015381 0.016799 0.001173 0.009279
0 0 0.974847 0.011502 0.004168 0.000031 0.009453
0 0 0.757078 0.147682 0.028719 0.000007 0.066514
0 0 0.886965 0.045485 0.009564 0.000052 0.057934
0 0 0.898456 0.040426 0.012788 0.000180 0.048151
0 0 0.940963 0.018931 0.004217 0.000045 0.035844
0 0 0.933596 0.041591 0.007512 0.000008 0.017292
0 0 0.935631 0.035212 0.009652 0.000042 0.019463
0 0 0.939129 0.033699 0.008533 0.000030 0.018609
0 0 0.780204 0.158706 0.039100 0.000038 0.021952
0 0 0.702727 0.185139 0.100991 0.000165 0.010977
1 0 0.376450 0.462056 0.140253 0.000113 0.021128
0 0 0.478557 0.383091 0.065888 0.000134 0.072331
1 0 0.196366 0.449570 0.098609 0.000279 0.255177
1 1 0.033429 0.472197 0.302345 0.000093 0.191937
1 1 0.022361 0.429119 0.384265 0.000209 0.164047
2 1 0.010287 0.348731 0.432007 0.000412 0.208564
1 1 0.034210 0.436685 0.314607 0.000490 0.214009
1 1 0.081138 0.526632 0.305621 0.000182 0.086427
1 4 0.048888 0.432922 0.199366 0.000260 0.318564
1 4 0.039165 0.401732 0.248142 0.001161 0.309799
4 4 0.020876 0.265540 0.127771 0.000606 0.585207
4 4 0.325347 0.216785 0.085318 0.002386 0.370164
4 1 0.261707 0.296450 0.024418 0.000032 0.417393
1 1 0.140061 0.437472 0.093560 0.000112 0.328795
1 1 0.146917 0.449778 0.140246 0.001029 0.262031
1 1 0.243118 0.469003 0.154993 0.002158 0.130728
4 1 0.028082 0.347839 0.200954 0.000798 0.422326
4 4 0.040252 0.253635 0.072749 0.000423 0.632941
4 4 0.155360 0.081494 0.025688 0.001251 0.736207
4 4 0.079227 0.048945 0.018739 0.000568 0.852522
4 1 0.074649 0.096476 0.029514 0.000193 0.799168
4 1 0.246993 0.104802 0.020184 0.000414 0.627607
4 1 0.049004 0.062635 0.018385 0.000147 0.869830
4 1 0.032996 0.106995 0.032392 0.000083 0.827533
4 1 0.071144 0.380776 0.113313 0.000262 0.434505
1 1 0.032179 0.368681 0.252841 0.002187 0.344112
1 1 0.031533 0.426276 0.238419 0.000147 0.303625
1 1 0.031281 0.429365 0.224465 0.000091 0.314797
1 1 0.042289 0.449820 0.383665 0.000949 0.123277
2 1 0.005630 0.253046 0.583762 0.001084 0.156479
2 1 0.002362 0.128337 0.804292 0.002658 0.062351
2 1 0.003106 0.050672 0.894685 0.045985 0.005552
2 1 0.000058 0.003575 0.990547 0.005708 0.000111
2 2 0.000026 0.002430 0.986460 0.010928 0.000156
2 2 0.000037 0.003037 0.992145 0.004660 0.000121
2 2 0.000192 0.013620 0.985043 0.000604 0.000541
2 2 0.000013 0.001422 0.997674 0.000870 0.000021
2 2 0.000030 0.001745 0.978441 0.019732 0.000052
2 2 0.000062 0.003000 0.970935 0.025883 0.000120
2 2 0.000030 0.002361 0.993290 0.004253 0.000066
2 2 0.000317 0.008598 0.976234 0.014612 0.000239
2 2 0.000009 0.000406 0.980883 0.018693 0.000010
2 2 0.000009 0.000129 0.629545 0.370295 0.000022
2 3 0.000016 0.000385 0.758543 0.241005 0.000050
2 3 0.000011 0.000321 0.679247 0.320368 0.000053
2 3 0.000002 0.000071 0.756008 0.243911 0.000008
3 3 0.000001 0.000017 0.374744 0.625234 0.000005
3 3 0.000007 0.000077 0.391766 0.608128 0.000023
3 3 0.000001 0.000009 0.123997 0.875988 0.000006
3 3 0.000001 0.000003 0.021565 0.978425 0.000006
3 3 0.000009 0.000008 0.013585 0.986374 0.000023
3 3 0.000000 0.000004 0.143486 0.856508 0.000002
3 3 0.000001 0.000005 0.052705 0.947282 0.000006
3 3 0.000011 0.000023 0.036104 0.963825 0.000038
3 3 0.000031 0.000062 0.036660 0.963139 0.000108
3 3 0.000017 0.000047 0.062517 0.937364 0.000055
3 3 0.000009 0.000013 0.017153 0.982794 0.000032
3 3 0.000003 0.000002 0.006368 0.993620 0.000007
3 3 0.000002 0.000001 0.005621 0.994369 0.000006
3 3 0.000001 0.000004 0.059122 0.940868 0.000005
3 3 0.000053 0.000051 0.030979 0.968822 0.000095
3 3 0.000007 0.000012 0.019824 0.980130 0.000027
3 3 0.000009 0.000026 0.038857 0.961068 0.000041
3 3 0.000000 0.000000 0.002606 0.997392 0.000001
3 3 0.000000 0.000000 0.002316 0.997683 0.000001
3 3 0.000001 0.000002 0.010023 0.989970 0.000005
3 3 0.000003 0.000024 0.085849 0.914102 0.000022
3 3 0.000002 0.000003 0.012355 0.987631 0.000009
3 3 0.000006 0.000007 0.016741 0.983230 0.000016
3 3 0.000026 0.000020 0.019484 0.980422 0.000048
3 3 0.000044 0.000014 0.005296 0.994569 0.000076
3 3 0.000030 0.000014 0.007183 0.992709 0.000063
3 3 0.000003 0.000002 0.003773 0.996214 0.000009
3 3 0.000003 0.000005 0.014026 0.985952 0.000013
3 3 0.000019 0.000022 0.017524 0.982378 0.000057
3 3 0.000018 0.000043 0.038281 0.961587 0.000071
3 3 0.000071 0.000131 0.066694 0.932946 0.000158
3 3 0.000070 0.000095 0.059299 0.940417 0.000119
3 3 0.000021 0.000027 0.024590 0.975306 0.000056
3 3 0.000035 0.000016 0.007067 0.992812 0.000070
3 3 0.003418 0.002456 0.089724 0.901464 0.002939
3 3 0.000015 0.000008 0.006710 0.993231 0.000035
3 3 0.000003 0.000003 0.006637 0.993348 0.000010
3 3 0.000002 0.000001 0.003365 0.996626 0.000006
3 3 0.000010 0.000006 0.016225 0.983745 0.000014
3 3 0.000037 0.000022 0.011324 0.988543 0.000074
3 3 0.000003 0.000005 0.015426 0.984554 0.000012
3 3 0.000003 0.000003 0.007825 0.992158 0.000011
3 3 0.000002 0.000002 0.007470 0.992516 0.000009
3 3 0.000020 0.000004 0.002360 0.997583 0.000032
3 3 0.000157 0.000030 0.004098 0.995521 0.000194
3 3 0.000014 0.000002 0.001224 0.998742 0.000019
3 3 0.000022 0.000006 0.003565 0.996369 0.000038
3 3 0.000034 0.000006 0.002373 0.997540 0.000048
3 3 0.000024 0.000004 0.001864 0.998075 0.000034
3 3 0.000011 0.000004 0.004571 0.995390 0.000024
3 3 0.000029 0.000006 0.003008 0.996912 0.000045
3 3 0.000011 0.000010 0.011030 0.988917 0.000032
3 3 0.000008 0.000003 0.004048 0.995924 0.000018
3 3 0.000005 0.000003 0.004425 0.995555 0.000013
3 3 0.000041 0.000024 0.010216 0.989630 0.000089
3 3 0.000058 0.000019 0.005641 0.994183 0.000098
3 3 0.000058 0.000034 0.011177 0.988609 0.000122
3 3 0.000028 0.000013 0.006950 0.992952 0.000058
3 3 0.000042 0.000012 0.004404 0.995472 0.000070
3 3 0.000015 0.000005 0.003489 0.996462 0.000029
3 3 0.000230 0.000060 0.006616 0.992786 0.000307
3 3 0.000069 0.000029 0.008143 0.991633 0.000125
3 3 0.000067 0.000033 0.009417 0.990356 0.000128
3 3 0.000039 0.000030 0.013785 0.986052 0.000094
3 3 0.000070 0.000026 0.006980 0.992804 0.000121
3 3 0.000003 0.000002 0.006425 0.993560 0.000009
3 3 0.000006 0.000004 0.006620 0.993352 0.000018
3 3 0.000022 0.000012 0.007755 0.992160 0.000051
3 3 0.000039 0.000011 0.004495 0.995389 0.000066
3 3 0.000015 0.000003 0.003839 0.996125 0.000018
3 3 0.000003 0.000001 0.001930 0.998062 0.000004
3 3 0.000016 0.000003 0.001857 0.998099 0.000025
3 3 0.000020 0.000004 0.002317 0.997629 0.000031
3 3 0.000024 0.000006 0.002999 0.996932 0.000040
3 3 0.000107 0.000078 0.016938 0.982653 0.000225
3 3 0.000026 0.000057 0.038338 0.961484 0.000096
3 3 0.000002 0.000001 0.004542 0.995447 0.000007
3 3 0.000082 0.000047 0.011864 0.987845 0.000162
3 3 0.000059 0.000034 0.010854 0.988931 0.000122
3 3 0.000052 0.000025 0.009569 0.990260 0.000094
3 3 0.000099 0.000107 0.026099 0.973452 0.000242
3 3 0.000021 0.000016 0.011518 0.988391 0.000054
3 3 0.000014 0.000032 0.035640 0.964259 0.000055
3 3 0.000039 0.000025 0.010867 0.988982 0.000087
3 3 0.000304 0.000093 0.014091 0.985219 0.000293
3 3 0.000059 0.000037 0.012048 0.987728 0.000126
3 3 0.000017 0.000021 0.017742 0.982166 0.000054
3 3 0.003583 0.001957 0.079029 0.912954 0.002477
3 3 0.000468 0.001144 0.182651 0.814944 0.000794
3 3 0.002014 0.003028 0.087663 0.903347 0.003948
2 2 0.000047 0.001392 0.543639 0.454539 0.000383
2 2 0.000476 0.011729 0.802979 0.183090 0.001726
2 2 0.000839 0.017302 0.853521 0.126334 0.002004
2 2 0.002217 0.038731 0.931339 0.025088 0.002625
2 2 0.000129 0.005806 0.978324 0.015465 0.000275
2 2 0.000104 0.004218 0.913967 0.081383 0.000327
2 2 0.000034 0.001959 0.891845 0.105989 0.000173
2 2 0.000077 0.004551 0.929575 0.065173 0.000624
2 2 0.000116 0.008632 0.967138 0.022465 0.001649
2 2 0.001173 0.046995 0.931264 0.010801 0.009768
2 2 0.000015 0.003369 0.992563 0.003392 0.000661
2 2 0.000002 0.000417 0.996474 0.003092 0.000015
2 2 0.000010 0.001514 0.995188 0.003216 0.000072
2 2 0.000016 0.001203 0.968851 0.029881 0.000049
2 2 0.000066 0.006246 0.980660 0.012059 0.000969
2 2 0.000056 0.004802 0.957532 0.036696 0.000915
2 2 0.000788 0.019046 0.916124 0.062073 0.001969
2 2 0.001518 0.035011 0.933238 0.026668 0.003565
2 2 0.007635 0.089078 0.896742 0.003589 0.002957
1 0 0.096453 0.454810 0.408686 0.001018 0.039033
2 0 0.040780 0.289367 0.653409 0.003055 0.013390
2 2 0.001175 0.044852 0.951500 0.000618 0.001854
2 2 0.000709 0.023577 0.974845 0.000486 0.000383
2 2 0.003650 0.074567 0.917633 0.001438 0.002712
2 2 0.005943 0.093339 0.890907 0.004734 0.005077
2 2 0.000077 0.005496 0.987937 0.006156 0.000334
2 2 0.000431 0.017619 0.974930 0.005893 0.001127
2 2 0.000659 0.013990 0.972570 0.012420 0.000362
2 2 0.000476 0.012280 0.974785 0.012072 0.000387
2 2 0.000048 0.003591 0.993921 0.002341 0.000100
2 2 0.000010 0.001692 0.997239 0.001002 0.000058
2 2 0.000252 0.015133 0.981814 0.001904 0.000897
2 2 0.001172 0.030392 0.959368 0.007403 0.001665
2 2 0.000268 0.008390 0.955673 0.035200 0.000468
2 2 0.000100 0.004652 0.978439 0.016608 0.000202
2 2 0.017184 0.100220 0.863949 0.015139 0.003508
2 2 0.034441 0.183578 0.771477 0.005267 0.005236
1 2 0.281646 0.464177 0.214943 0.000731 0.038502
1 1 0.211011 0.493836 0.248280 0.001397 0.045477
1 1 0.051498 0.454684 0.435463 0.000794 0.057561
2 1 0.029310 0.336886 0.613344 0.000662 0.019798
1 1 0.076381 0.466974 0.419558 0.000815 0.036272
2 1 0.062216 0.367191 0.467691 0.027896 0.075006
2 1 0.006837 0.104791 0.837843 0.032820 0.017709
2 1 0.006526 0.101100 0.862232 0.016803 0.013339
2 2 0.000007 0.001483 0.994409 0.003966 0.000134
2 2 0.000010 0.002284 0.996463 0.001073 0.000170
2 2 0.000007 0.001842 0.997751 0.000310 0.000091
2 2 0.000022 0.003429 0.995485 0.000883 0.000180
2 2 0.000084 0.008174 0.990191 0.001073 0.000478
2 2 0.000260 0.014316 0.981663 0.002893 0.000867
2 2 0.000067 0.003509 0.992239 0.004116 0.000069
2 2 0.000025 0.002378 0.995369 0.002162 0.000066
2 2 0.000102 0.007240 0.992112 0.000410 0.000136
2 2 0.000474 0.016688 0.980462 0.001931 0.000445
2 2 0.000106 0.007291 0.981079 0.010817 0.000706
2 2 0.000070 0.004572 0.993330 0.001917 0.000111
2 2 0.000089 0.005686 0.990880 0.003136 0.000209
2 2 0.000777 0.016080 0.944263 0.037897 0.000983
2 2 0.006439 0.051978 0.895200 0.043188 0.003194
2 1 0.027451 0.133539 0.818313 0.011806 0.008890
1 1 0.093757 0.480706 0.366449 0.000487 0.058602
1 1 0.340168 0.466649 0.128685 0.000259 0.064239
1 1 0.288525 0.518541 0.169563 0.000039 0.023333
1 1 0.290752 0.508399 0.175476 0.000080 0.025293
1 1 0.262504 0.474817 0.222771 0.001835 0.038073
1 1 0.181116 0.435100 0.371297 0.001393 0.011093
2 1 0.028429 0.200123 0.761192 0.004022 0.006233
2 1 0.001073 0.027366 0.965024 0.005410 0.001127
2 2 0.000176 0.005891 0.946463 0.047135 0.000336
2 2 0.000587 0.012968 0.972549 0.013544 0.000352
2 2 0.000141 0.009551 0.988673 0.001259 0.000376
2 2 0.000028 0.003988 0.995329 0.000497 0.000158
2 2 0.000014 0.002206 0.997126 0.000583 0.000072
2 2 0.000023 0.002547 0.995252 0.002085 0.000094
0 2 0.470189 0.215938 0.228178 0.009823 0.075872
1 1 0.315974 0.449517 0.178106 0.001757 0.054646
1 1 0.200776 0.528814 0.176815 0.000224 0.093371
1 1 0.123611 0.541889 0.249756 0.000180 0.084563
1 1 0.140768 0.505552 0.311083 0.000494 0.042104
2 1 0.006962 0.122061 0.860966 0.001903 0.008108
2 1 0.003157 0.074963 0.913947 0.002881 0.005052
2 2 0.000086 0.004764 0.981983 0.012921 0.000246
2 2 0.000353 0.012251 0.977670 0.009179 0.000547
2 2 0.000159 0.008374 0.989607 0.001640 0.000220
2 2 0.000349 0.013659 0.983190 0.002394 0.000408
2 2 0.000052 0.004340 0.994896 0.000627 0.000086
2 2 0.000176 0.006195 0.988158 0.005353 0.000118
2 2 0.000004 0.000738 0.998437 0.000809 0.000011
2 2 0.000009 0.000709 0.995893 0.003382 0.000007
2 2 0.000112 0.004078 0.991108 0.004648 0.000053
2 2 0.000136 0.007211 0.990544 0.001925 0.000184
2 2 0.000057 0.003449 0.991420 0.004980 0.000094
2 2 0.000005 0.001101 0.998567 0.000306 0.000021
2 2 0.000025 0.002267 0.995678 0.001976 0.000054
2 2 0.000504 0.020870 0.966104 0.010387 0.002135
2 2 0.000256 0.009377 0.984194 0.005885 0.000287
2 2 0.000749 0.014828 0.978766 0.005425 0.000233
2 2 0.011069 0.069008 0.904728 0.013113 0.002081
2 0 0.230767 0.211412 0.540789 0.002835 0.014197
0 0 0.866211 0.079991 0.037306 0.000182 0.016310
0 0 0.944228 0.028685 0.017767 0.000166 0.009154
0 0 0.950277 0.023289 0.009467 0.000124 0.016843
0 0 0.956174 0.016068 0.003913 0.000043 0.023802
0 0 0.970845 0.011713 0.004557 0.000068 0.012817
0 0 0.929917 0.032802 0.011085 0.000146 0.026050
0 0 0.825884 0.114421 0.024670 0.000056 0.034969
0 0 0.653491 0.202785 0.053396 0.000166 0.090161
0 0 0.912689 0.026697 0.014643 0.000342 0.045629
0 0 0.912602 0.036083 0.013222 0.000377 0.037717
0 0 0.935370 0.029289 0.008950 0.000107 0.026285
0 0 0.641782 0.249355 0.041177 0.000086 0.067601
1 1 0.225508 0.487503 0.077550 0.000020 0.209419
1 1 0.185456 0.504307 0.264609 0.000912 0.044717
1 1 0.068961 0.491095 0.334618 0.000667 0.104658
1 1 0.142911 0.514275 0.285755 0.000675 0.056384
2 1 0.035482 0.380098 0.540946 0.001658 0.041816
2 1 0.006208 0.201964 0.756018 0.000755 0.035054
2 1 0.012788 0.313621 0.594327 0.000976 0.078288
2 1 0.044088 0.351238 0.565290 0.004561 0.034823
2 1 0.014448 0.266371 0.658879 0.003180 0.057123
2 1 0.005792 0.181229 0.780352 0.001122 0.031506
2 1 0.031078 0.399193 0.520651 0.000914 0.048164
2 2 0.002040 0.091356 0.893122 0.000980 0.012502
2 2 0.000601 0.042403 0.948793 0.001313 0.006891
2 2 0.000069 0.008298 0.984212 0.005763 0.001659
2 2 0.000117 0.009406 0.987526 0.002290 0.000661
2 2 0.000883 0.025492 0.967192 0.005241 0.001191
2 2 0.000456 0.023420 0.974308 0.000805 0.001011
2 2 0.000102 0.005701 0.993642 0.000491 0.000064
2 2 0.000004 0.001268 0.998572 0.000124 0.000032
2 2 0.000006 0.001832 0.997563 0.000464 0.000134
2 2 0.000063 0.006744 0.991292 0.001445 0.000457
2 2 0.000030 0.002572 0.988610 0.008657 0.000131
2 2 0.000091 0.008298 0.985212 0.005391 0.001009
2 2 0.000101 0.005432 0.987764 0.006495 0.000208
2 2 0.000008 0.001238 0.996401 0.002311 0.000041
2 2 0.002002 0.041985 0.953445 0.001591 0.000976
2 0 0.219525 0.200105 0.570032 0.004798 0.005541
1 0 0.359440 0.426743 0.191655 0.000458 0.021704
1 0 0.265854 0.494466 0.210826 0.000385 0.028469
2 1 0.039749 0.388047 0.543223 0.000285 0.028697
2 1 0.022497 0.352410 0.598137 0.000196 0.026761
2 1 0.028467 0.209175 0.746480 0.006404 0.009473
2 1 0.004262 0.131452 0.835609 0.003022 0.025654
2 2 0.000025 0.001619 0.987539 0.010777 0.000040
2 2 0.000021 0.001885 0.996556 0.001505 0.000033
2 2 0.001482 0.048780 0.945509 0.001522 0.002707
2 2 0.000093 0.008837 0.990001 0.000661 0.000408
2 2 0.000013 0.001661 0.997161 0.001127 0.000038
2 2 0.000001 0.000222 0.996171 0.003602 0.000004
2 2 0.000078 0.003843 0.993790 0.002235 0.000055
2 2 0.000139 0.006821 0.991681 0.001243 0.000115
2 2 0.000013 0.001844 0.997864 0.000253 0.000025
2 2 0.000091 0.006136 0.993055 0.000607 0.000112
2 2 0.000273 0.010227 0.984802 0.004396 0.000302
2 2 0.000513 0.013418 0.973887 0.011722 0.000461
2 2 0.173183 0.255101 0.560386 0.005077 0.006254
0 0 0.647483 0.185608 0.150982 0.001141 0.014786
0 0 0.573362 0.362253 0.043589 0.000004 0.020793
1 0 0.423284 0.445078 0.106155 0.000065 0.025417
1 0 0.238702 0.471527 0.256427 0.002237 0.031107
1 0 0.323216 0.473035 0.171824 0.000474 0.031452
1 0 0.192596 0.501230 0.224481 0.001261 0.080432
1 1 0.055618 0.470819 0.418431 0.000129 0.055003
2 1 0.006909 0.117231 0.857784 0.006855 0.011221
2 2 0.000897 0.042826 0.947686 0.003004 0.005587
2 2 0.000188 0.008768 0.983354 0.007267 0.000423
2 2 0.000285 0.008176 0.959384 0.031791 0.000364
2 2 0.000124 0.004488 0.985043 0.010250 0.000095
2 2 0.000066 0.004908 0.994100 0.000823 0.000102
2 2 0.000061 0.006419 0.992842 0.000455 0.000224
2 2 0.000003 0.001336 0.998359 0.000217 0.000085
2 2 0.000104 0.009742 0.988880 0.000757 0.000518
2 2 0.000967 0.030941 0.965576 0.001461 0.001055
2 2 0.001335 0.043869 0.945762 0.004952 0.004082
2 2 0.000040 0.004805 0.994137 0.000804 0.000213
2 2 0.000057 0.003278 0.980836 0.015683 0.000147
2 2 0.000093 0.003999 0.971041 0.024703 0.000164
2 2 0.000247 0.008028 0.966393 0.024953 0.000381
2 2 0.000322 0.020129 0.977924 0.000666 0.000959
2 2 0.001239 0.046960 0.946427 0.001851 0.003522
2 2 0.000109 0.007311 0.990459 0.001846 0.000274
2 2 0.000004 0.000450 0.994823 0.004718 0.000005
2 2 0.000058 0.002709 0.984035 0.013133 0.000065
2 2 0.016088 0.063769 0.907750 0.010753 0.001642
2 0 0.040398 0.165323 0.771676 0.015980 0.006623
1 0 0.183695 0.441388 0.358922 0.001999 0.013997
1 0 0.253903 0.465981 0.261869 0.000835 0.017412
1 0 0.258238 0.470621 0.255010 0.000594 0.015538
1 0 0.267802 0.498743 0.208353 0.000236 0.024867
1 0 0.072412 0.509805 0.307423 0.000312 0.110048
2 1 0.005045 0.160755 0.804300 0.001450 0.028450
2 2 0.000273 0.015521 0.980140 0.002981 0.001085
2 2 0.000104 0.007814 0.983844 0.007469 0.000769
2 2 0.000033 0.003668 0.995232 0.000943 0.000123
2 2 0.000016 0.002288 0.996054 0.001536 0.000106
2 2 0.000007 0.001594 0.997927 0.000414 0.000058
2 2 0.000041 0.003009 0.996190 0.000723 0.000038
2 2 0.000020 0.001482 0.994408 0.004066 0.000024
2 2 0.000000 0.000151 0.997439 0.002406 0.000003
2 2 0.000111 0.004261 0.972610 0.022871 0.000148
2 2 0.000030 0.001796 0.993747 0.004401 0.000026
2 2 0.000019 0.002494 0.993513 0.003815 0.000159
2 2 0.000014 0.001353 0.993203 0.005393 0.000037
2 2 0.000004 0.000599 0.996437 0.002948 0.000013
2 2 0.000010 0.001173 0.996086 0.002702 0.000029
2 2 0.000006 0.000735 0.997576 0.001672 0.000012
2 2 0.000006 0.000756 0.995520 0.003703 0.000016
2 2 0.000004 0.000354 0.988018 0.011617 0.000007
2 2 0.000036 0.003995 0.991732 0.003938 0.000299
2 2 0.000004 0.000474 0.984916 0.014595 0.000011
2 2 0.000018 0.001253 0.973287 0.025399 0.000043
2 2 0.000083 0.003812 0.979092 0.016876 0.000137
2 2 0.000054 0.003740 0.993847 0.002268 0.000091
2 2 0.000413 0.008984 0.977933 0.012348 0.000321
2 2 0.122842 0.176052 0.692264 0.004434 0.004407
0 0 0.832370 0.084675 0.071836 0.000620 0.010499
0 0 0.819683 0.113270 0.052265 0.000147 0.014636
0 0 0.539781 0.275068 0.172367 0.000386 0.012398
0 0 0.541778 0.382354 0.053068 0.000007 0.022793
0 0 0.549200 0.334437 0.100888 0.000049 0.015426
0 0 0.763860 0.135254 0.060696 0.000251 0.039938
0 0 0.929555 0.033488 0.015122 0.000273 0.021562
0 0 0.774781 0.117177 0.084042 0.001455 0.022545
2 0 0.100523 0.365173 0.505247 0.004062 0.024996
1 0 0.286275 0.418661 0.263146 0.001319 0.030599
1 0 0.426820 0.442546 0.101336 0.000073 0.029226
1 0 0.390545 0.462373 0.129940 0.000046 0.017096
1 0 0.436157 0.440541 0.102442 0.000041 0.020819
1 0 0.320032 0.469210 0.199443 0.000124 0.011190
1 0 0.214638 0.494882 0.273500 0.000204 0.016777
1 0 0.194463 0.540772 0.231613 0.000085 0.033068
4 0 0.217154 0.262790 0.031782 0.000043 0.488230
4 0 0.157524 0.059657 0.024643 0.000991 0.757185
1 0 0.185159 0.512395 0.201648 0.000716 0.100082
1 0 0.228690 0.469197 0.087936 0.000039 0.214139
4 0 0.353346 0.123129 0.028036 0.000150 0.495339
4 0 0.172988 0.181430 0.050162 0.000320 0.595099
4 0 0.322707 0.261909 0.066389 0.000202 0.348793
0 0 0.465837 0.136976 0.018425 0.000038 0.378724
0 0 0.447492 0.103574 0.019717 0.000558 0.428660
0 0 0.475277 0.073803 0.020764 0.001079 0.429078
0 0 0.682826 0.088397 0.011329 0.000219 0.217229
0 0 0.821569 0.091282 0.037120 0.000873 0.049155
4 0 0.335299 0.216617 0.060925 0.000282 0.386877
4 0 0.220442 0.152714 0.060007 0.000225 0.566612
0 0 0.725265 0.173820 0.035012 0.000064 0.065839
0 0 0.729576 0.111437 0.023870 0.000576 0.134542
0 0 0.826881 0.089307 0.024830 0.000337 0.058645
0 0 0.645017 0.248061 0.076414 0.000161 0.030347
0 0 0.504131 0.282861 0.197273 0.000811 0.014925
0 0 0.603002 0.244316 0.136268 0.000387 0.016027
0 0 0.507693 0.290244 0.178948 0.001080 0.022036
0 0 0.428307 0.400180 0.151837 0.000183 0.019494
1 0 0.167973 0.462384 0.096105 0.000095 0.273442
4 0 0.333158 0.188844 0.041846 0.001950 0.434202
0 0 0.611093 0.231207 0.100614 0.000681 0.056405
1 0 0.285079 0.499362 0.172946 0.000286 0.042327
1 0 0.357632 0.460977 0.131292 0.000447 0.049653
1 0 0.259846 0.491702 0.157801 0.000729 0.089922
1 0 0.280088 0.467749 0.136462 0.001219 0.114483
1 0 0.168272 0.408257 0.089147 0.000454 0.333871
1 0 0.102323 0.424206 0.143770 0.000914 0.328788
4 0 0.067583 0.286472 0.114361 0.000982 0.530603
4 0 0.213966 0.108353 0.020879 0.000134 0.656668
4 0 0.184344 0.026174 0.009264 0.000922 0.779296
4 0 0.069449 0.078136 0.022143 0.000166 0.830106
4 0 0.059815 0.095302 0.019858 0.000089 0.824936
4 0 0.181453 0.031449 0.012014 0.001346 0.773738
4 0 0.304630 0.101939 0.024092 0.000492 0.568847
1 1 0.269436 0.460595 0.068372 0.000034 0.201564
4 1 0.096851 0.244479 0.076471 0.000372 0.581828
1 1 0.173904 0.512591 0.144219 0.000170 0.169116
1 1 0.113244 0.500636 0.164955 0.000172 0.220993
2 1 0.050338 0.414084 0.481380 0.000302 0.053896
2 1 0.044117 0.288937 0.655146 0.000468 0.011331
2 1 0.020563 0.205553 0.760136 0.000786 0.012963
2 1 0.057261 0.406567 0.496375 0.000520 0.039277
2 1 0.019829 0.263574 0.689139 0.000948 0.026510
2 1 0.009827 0.248070 0.670419 0.000739 0.070944
2 1 0.008342 0.227971 0.694936 0.002390 0.066361
2 1 0.003951 0.152102 0.798777 0.002107 0.043063
2 1 0.004951 0.191483 0.768750 0.000156 0.034660
2 1 0.036393 0.411747 0.502112 0.000119 0.049629
2 1 0.009615 0.205788 0.745251 0.002877 0.036468
2 1 0.017455 0.205504 0.759277 0.001512 0.016252
1 1 0.118575 0.463864 0.373930 0.001322 0.042309
2 1 0.070827 0.428105 0.473721 0.001860 0.025486
2 1 0.002819 0.159740 0.803528 0.000313 0.033599
2 1 0.005265 0.205833 0.743780 0.000592 0.044530
2 1 0.001192 0.067356 0.922571 0.000665 0.008216
2 1 0.003469 0.100222 0.872260 0.005775 0.018275
2 1 0.018204 0.285319 0.585494 0.005419 0.105563
2 2 0.013848 0.201703 0.733697 0.007395 0.043357
2 2 0.000047 0.008582 0.989463 0.000717 0.001191
2 2 0.000036 0.005696 0.993454 0.000457 0.000358
2 2 0.000072 0.005956 0.992660 0.001110 0.000202
2 2 0.000000 0.000150 0.996119 0.003725 0.000006
2 2 0.000006 0.000772 0.995175 0.004029 0.000017
2 2 0.000023 0.004707 0.993755 0.000958 0.000557
2 2 0.000159 0.015669 0.979854 0.002040 0.002279
2 2 0.000552 0.035779 0.959406 0.000842 0.003422
2 2 0.002127 0.073193 0.917925 0.001157 0.005598
2 2 0.001430 0.065756 0.926975 0.000598 0.005241
2 2 0.012281 0.106903 0.877722 0.001235 0.001859
2 2 0.006648 0.100880 0.887522 0.001678 0.003273
2 2 0.000619 0.029747 0.966993 0.001027 0.001613
2 2 0.000272 0.013029 0.985440 0.000936 0.000323
2 2 0.000064 0.004624 0.993619 0.001572 0.000121
2 2 0.000037 0.003286 0.995903 0.000714 0.000059
2 2 0.000490 0.015027 0.981089 0.003027 0.000367
2 2 0.102788 0.122383 0.756577 0.012694 0.005559
0 0 0.755667 0.076275 0.122659 0.021750 0.023649
0 1 0.670994 0.136582 0.145362 0.012775 0.034286
0 1 0.870749 0.081890 0.016383 0.000034 0.030944
0 0 0.922565 0.055376 0.012543 0.000006 0.009510
0 0 0.577200 0.310750 0.106411 0.000012 0.005628
1 0 0.378222 0.443102 0.138769 0.000390 0.039516
1 0 0.407198 0.438419 0.094736 0.000224 0.059423
1 0 0.365031 0.452871 0.117623 0.000512 0.063963
1 1 0.238325 0.471073 0.261258 0.001906 0.027438
2 2 0.049862 0.321008 0.605991 0.004498 0.018642
2 2 0.004753 0.151739 0.815117 0.001632 0.026759
2 2 0.002120 0.063261 0.927508 0.002346 0.004765
2 2 0.001781 0.036016 0.952923 0.007727 0.001553
2 2 0.000759 0.035213 0.961262 0.000856 0.001911
2 2 0.000344 0.009972 0.984461 0.005022 0.000201
2 2 0.000463 0.025101 0.972673 0.000640 0.001124
2 2 0.000545 0.023025 0.971413 0.003509 0.001508
2 2 0.001434 0.033323 0.962797 0.001680 0.000766
2 2 0.007931 0.100702 0.879248 0.007015 0.005103
2 2 0.005944 0.062825 0.920752 0.008825 0.001654
2 2 0.004411 0.075977 0.914056 0.002653 0.002904
2 2 0.000135 0.004868 0.989701 0.005219 0.000077
2 2 0.040480 0.271866 0.665913 0.006336 0.015405
2 2 0.020242 0.205973 0.755566 0.004785 0.013435
2 2 0.000413 0.010292 0.972706 0.016282 0.000307
2 2 0.000152 0.005130 0.985865 0.008753 0.000100
2 2 0.000137 0.004910 0.974761 0.020034 0.000158
2 2 0.000562 0.013778 0.951795 0.033103 0.000762
2 2 0.000272 0.007758 0.974789 0.016948 0.000233
2 2 0.000406 0.010397 0.954839 0.033868 0.000489
2 2 0.001634 0.026258 0.949825 0.021289 0.000994
2 2 0.001682 0.026683 0.951699 0.018992 0.000943
2 3 0.001623 0.017094 0.723544 0.254511 0.003228
2 2 0.002407 0.032141 0.871886 0.090471 0.003094
2 2 0.001674 0.025983 0.962435 0.009317 0.000592
2 2 0.000329 0.007096 0.970659 0.021676 0.000241
2 2 0.000143 0.005135 0.957055 0.037422 0.000245
2 2 0.000098 0.001928 0.859185 0.138599 0.000190
2 2 0.000011 0.000899 0.961772 0.037280 0.000038
2 2 0.001043 0.019632 0.946299 0.032089 0.000937
2 2 0.000265 0.007347 0.986906 0.005373 0.000109
2 2 0.000081 0.003356 0.987331 0.009166 0.000065
2 2 0.000107 0.004876 0.989576 0.005325 0.000116
2 2 0.000018 0.001204 0.991796 0.006963 0.000019
2 2 0.000028 0.001641 0.990222 0.008080 0.000028
2 2 0.000010 0.000794 0.995625 0.003563 0.000008
2 2 0.000008 0.000683 0.988355 0.010942 0.000013
2 2 0.000028 0.001657 0.980959 0.017311 0.000045
2 2 0.000002 0.000229 0.985499 0.014264 0.000005
2 2 0.000001 0.000090 0.954771 0.045135 0.000004
2 2 0.000007 0.000276 0.883683 0.116014 0.000021
2 2 0.000046 0.002301 0.986905 0.010700 0.000048
2 2 0.000016 0.000453 0.733338 0.266127 0.000066
3 3 0.000004 0.000032 0.189572 0.810376 0.000017
2 3 0.000018 0.000502 0.670969 0.328421 0.000089
2 3 0.000065 0.000966 0.539615 0.459106 0.000248
2 3 0.000046 0.000916 0.884913 0.114052 0.000073
2 3 0.000005 0.000264 0.953223 0.046497 0.000011
3 3 0.000009 0.000109 0.485497 0.514360 0.000026
3 3 0.000015 0.000091 0.192993 0.806851 0.000050
2 3 0.000015 0.000375 0.756542 0.243019 0.000049
2 3 0.000032 0.000592 0.616663 0.382593 0.000120
3 3 0.000033 0.000321 0.287222 0.712279 0.000145
3 3 0.000000 0.000001 0.013760 0.986236 0.000002
3 3 0.000011 0.000028 0.059321 0.940608 0.000033
3 3 0.000004 0.000024 0.074502 0.925445 0.000025
3 3 0.000155 0.000752 0.291568 0.707178 0.000348
3 3 0.000027 0.000033 0.032503 0.967380 0.000058
3 3 0.000015 0.000013 0.012063 0.987867 0.000042
3 3 0.000034 0.000078 0.044022 0.955742 0.000124
3 3 0.000003 0.000018 0.074098 0.925863 0.000018
3 3 0.000137 0.000079 0.024581 0.975030 0.000172
3 3 0.000330 0.000762 0.084500 0.913481 0.000926
3 3 0.000132 0.000250 0.052592 0.946644 0.000383
3 3 0.000036 0.000136 0.078225 0.921450 0.000154
3 3 0.000713 0.000540 0.041948 0.955813 0.000986
3 3 0.000463 0.000294 0.029203 0.969392 0.000649
3 3 0.001011 0.001685 0.192047 0.804124 0.001133
3 3 0.000389 0.000642 0.137738 0.860713 0.000517
3 3 0.001317 0.000871 0.060476 0.936071 0.001264
3 3 0.000736 0.000266 0.040372 0.958179 0.000446
3 3 0.000659 0.001119 0.132519 0.864723 0.000979
3 3 0.000744 0.000958 0.141736 0.855794 0.000769
3 3 0.000261 0.000209 0.096691 0.902650 0.000189
3 3 0.000130 0.000116 0.052445 0.947152 0.000157
3 3 0.000487 0.000310 0.050482 0.948256 0.000465
3 3 0.000291 0.000180 0.045997 0.953257 0.000274
3 3 0.000091 0.000085 0.067960 0.931771 0.000093
3 3 0.000168 0.000186 0.058846 0.940554 0.000246
3 3 0.000115 0.000165 0.087667 0.911889 0.000164
3 3 0.000027 0.000013 0.008857 0.991054 0.000049
3 3 0.000665 0.000153 0.007955 0.990487 0.000740
3 3 0.004232 0.000793 0.015932 0.976325 0.002717
3 3 0.000116 0.000059 0.012937 0.986694 0.000194
3 3 0.000139 0.000157 0.036789 0.962627 0.000288
3 3 0.000277 0.000286 0.063795 0.935272 0.000371
3 3 0.000413 0.001654 0.286214 0.710892 0.000828
2 3 0.000360 0.002004 0.513535 0.483549 0.000552
3 3 0.001365 0.003951 0.338111 0.654792 0.001782
3 3 0.000976 0.000501 0.057743 0.940077 0.000702
3 3 0.000135 0.000044 0.012154 0.987521 0.000146
3 3 0.000443 0.000537 0.115030 0.883511 0.000479
3 3 0.000132 0.000043 0.014841 0.984860 0.000124
3 3 0.001644 0.001750 0.132756 0.862306 0.001544
3 3 0.000437 0.000166 0.018882 0.980056 0.000459
3 3 0.000562 0.000560 0.048847 0.949095 0.000936
3 3 0.001710 0.003397 0.188980 0.803418 0.002495
3 3 0.000361 0.000575 0.057796 0.940389 0.000879
3 3 0.000121 0.000435 0.222339 0.776865 0.000239
3 3 0.000792 0.000924 0.132816 0.864695 0.000774
3 3 0.003593 0.002003 0.101022 0.891267 0.002116
3 3 0.001883 0.001259 0.120919 0.874814 0.001125
3 3 0.000210 0.000073 0.011008 0.988441 0.000269
3 3 0.000207 0.000070 0.009223 0.990209 0.000292
3 3 0.000413 0.000673 0.078191 0.919886 0.000837
3 3 0.000612 0.000274 0.022031 0.976366 0.000717
3 3 0.002495 0.000631 0.019234 0.975746 0.001893
3 3 0.001585 0.000496 0.033074 0.963839 0.001005
3 3 0.000574 0.000159 0.012398 0.986297 0.000573
3 3 0.000237 0.000072 0.011183 0.988246 0.000261
3 3 0.000324 0.000074 0.015488 0.983903 0.000210
3 3 0.003212 0.001079 0.046293 0.947563 0.001853
3 3 0.000156 0.000026 0.003477 0.996158 0.000183
3 3 0.000134 0.000100 0.018762 0.980726 0.000277
3 3 0.005297 0.001090 0.042322 0.949357 0.001934
3 3 0.040875 0.031344 0.454241 0.463102 0.010438
2 2 0.005577 0.033928 0.906018 0.052291 0.002186
2 2 0.007312 0.071747 0.892823 0.024809 0.003309
2 2 0.009104 0.077973 0.908111 0.003681 0.001132
2 1 0.052025 0.236967 0.702734 0.003806 0.004468
2 1 0.096418 0.342333 0.542948 0.006987 0.011315
1 1 0.076782 0.463100 0.405950 0.001768 0.052400
0 0 0.520473 0.258599 0.176271 0.004440 0.040217
0 0 0.580867 0.235965 0.112096 0.003183 0.067889
1 0 0.329017 0.388416 0.064426 0.000330 0.217812
4 1 0.102452 0.403028 0.087249 0.000082 0.407189
4 1 0.121529 0.272205 0.051902 0.000068 0.554295
0 0 0.609381 0.186775 0.028608 0.000084 0.175153
0 0 0.514754 0.096688 0.035075 0.001563 0.351919
0 0 0.419846 0.228056 0.120846 0.002692 0.228560
0 0 0.640473 0.177694 0.040861 0.000992 0.139981
0 0 0.708655 0.178212 0.037423 0.000222 0.075487
4 0 0.091102 0.046273 0.012399 0.000176 0.850051
4 0 0.221273 0.099867 0.014238 0.000106 0.664516
4 0 0.135811 0.283213 0.104501 0.003121 0.473354
4 1 0.115782 0.344832 0.060844 0.000118 0.478423
0 1 0.359378 0.309451 0.063374 0.000165 0.267632
0 1 0.490504 0.203335 0.025619 0.000099 0.280443
0 1 0.584224 0.142866 0.029425 0.000477 0.243008
0 1 0.361055 0.250649 0.071194 0.000359 0.316744
0 1 0.677604 0.172340 0.043582 0.000161 0.106313
0 0 0.576228 0.134312 0.058874 0.002248 0.228338
0 0 0.770355 0.044393 0.012081 0.000119 0.173051
0 0 0.860297 0.029258 0.005103 0.000052 0.105290
0 0 0.899550 0.042235 0.008189 0.000075 0.049951
0 0 0.751118 0.120482 0.013435 0.000008 0.114958
0 0 0.604491 0.057162 0.022321 0.001070 0.314957
4 0 0.373568 0.142627 0.026919 0.000143 0.456744
0 0 0.646684 0.030553 0.007581 0.000293 0.314889
0 0 0.605574 0.149147 0.017948 0.000046 0.227285
0 0 0.796665 0.054108 0.024091 0.003907 0.121229
0 0 0.421087 0.295673 0.118613 0.001959 0.162668
4 0 0.330914 0.067223 0.025386 0.000769 0.575709
0 0 0.621656 0.124584 0.054408 0.001871 0.197480
0 0 0.536997 0.288308 0.084284 0.000802 0.089609
0 0 0.654064 0.111666 0.022575 0.000197 0.211498
4 0 0.352158 0.092384 0.022249 0.000547 0.532662
0 0 0.722436 0.089405 0.018366 0.000286 0.169507
4 0 0.413239 0.067276 0.031993 0.001217 0.486276
4 0 0.142089 0.100231 0.033951 0.000474 0.723256
4 0 0.411432 0.025554 0.007568 0.000497 0.554949
4 0 0.331344 0.009105 0.003697 0.001725 0.654130
4 0 0.047780 0.192776 0.023873 0.000003 0.735567
4 0 0.095370 0.044985 0.010551 0.000038 0.849055
4 0 0.164646 0.090214 0.016814 0.000019 0.728308
0 0 0.469268 0.125467 0.022780 0.000342 0.382142
1 0 0.235545 0.436680 0.069149 0.000073 0.258553
1 0 0.200415 0.442515 0.079516 0.000097 0.277456
4 0 0.199103 0.310525 0.057027 0.000199 0.433146
4 0 0.061276 0.043614 0.013788 0.000161 0.881161
0 0 0.499887 0.073139 0.019039 0.000439 0.407496
4 0 0.281089 0.129577 0.043013 0.000425 0.545895
4 0 0.078322 0.295737 0.053228 0.000091 0.572622
4 0 0.074455 0.350855 0.071647 0.000049 0.502995
1 0 0.041303 0.431406 0.159952 0.000037 0.367302
4 0 0.039298 0.346958 0.121334 0.000140 0.492270
4 0 0.071852 0.246808 0.055657 0.000273 0.625410
4 0 0.069255 0.187246 0.046527 0.000386 0.696586
4 0 0.094195 0.261050 0.035327 0.000063 0.609365
1 0 0.157211 0.466003 0.107559 0.000138 0.269089
0 0 0.523393 0.388256 0.054373 0.000016 0.033962
0 0 0.672041 0.239273 0.071380 0.000030 0.017275
1 0 0.236199 0.462818 0.108834 0.000444 0.191706
4 1 0.110525 0.370946 0.081418 0.000243 0.436868
4 1 0.232962 0.188729 0.044019 0.002102 0.532188
4 1 0.194804 0.236562 0.051019 0.000500 0.517114
4 4 0.176994 0.307913 0.050045 0.000382 0.464666
4 4 0.153249 0.108112 0.018464 0.000203 0.719972
4 4 0.288035 0.105714 0.028814 0.000490 0.576947
4 4 0.251635 0.124474 0.039250 0.000974 0.583667
4 4 0.261281 0.098131 0.028921 0.000195 0.611472
0 4 0.440350 0.127848 0.054372 0.000292 0.377138
0 4 0.420769 0.192929 0.037964 0.000178 0.348161
0 4 0.790737 0.105411 0.015021 0.000078 0.088753
1 1 0.394652 0.447014 0.105684 0.000246 0.052404
1 1 0.416361 0.441541 0.097922 0.000140 0.044036
0 1 0.489530 0.410064 0.068965 0.000027 0.031414
0 1 0.483717 0.416840 0.076618 0.000020 0.022805
1 1 0.348354 0.485479 0.141434 0.000065 0.024667
1 1 0.222365 0.536574 0.158193 0.000098 0.082769
1 1 0.281570 0.484590 0.202848 0.000572 0.030420
0 1 0.467466 0.426758 0.089571 0.000017 0.016188
1 1 0.387054 0.448124 0.107876 0.000305 0.056639
1 1 0.406075 0.450592 0.112427 0.000110 0.030796
0 1 0.554671 0.369319 0.045026 0.000008 0.030975
0 1 0.516080 0.399749 0.064932 0.000009 0.019230
1 1 0.375371 0.461345 0.132866 0.000182 0.030237
1 1 0.353507 0.467564 0.160051 0.000142 0.018735
1 1 0.349663 0.468464 0.153483 0.000259 0.028131
1 1 0.299993 0.504972 0.162670 0.000104 0.032261
1 1 0.288020 0.486355 0.181767 0.000635 0.043224
1 1 0.088986 0.481970 0.349084 0.001777 0.078183
2 1 0.070921 0.409580 0.494677 0.000800 0.024023
1 1 0.121392 0.445187 0.424084 0.000248 0.009089
2 1 0.056013 0.446395 0.484725 0.000086 0.012779
2 1 0.043159 0.444707 0.488494 0.000130 0.023510
2 1 0.044817 0.367337 0.577583 0.000188 0.010074
2 1 0.061476 0.412147 0.513852 0.000440 0.012084
1 1 0.100162 0.505913 0.352365 0.000369 0.041191
1 1 0.115614 0.492543 0.167636 0.000271 0.223937
1 1 0.104023 0.518960 0.280937 0.000460 0.095620
1 1 0.048966 0.474713 0.301325 0.000255 0.174741
1 1 0.101649 0.513208 0.229372 0.000357 0.155414
1 1 0.041771 0.450144 0.375773 0.000894 0.131419
1 1 0.033417 0.402076 0.333152 0.002297 0.229057
2 1 0.021354 0.367060 0.434934 0.003601 0.173051
2 1 0.002967 0.176794 0.656655 0.002297 0.161287
2 1 0.000819 0.117258 0.821375 0.000155 0.060393
2 1 0.002890 0.163417 0.776690 0.000726 0.056276
2 1 0.002105 0.167391 0.758560 0.000329 0.071616
2 1 0.004783 0.255143 0.561144 0.000698 0.178231
2 1 0.008680 0.221395 0.728599 0.001400 0.039926
2 1 0.030910 0.353172 0.511840 0.003411 0.100666
1 1 0.159044 0.425729 0.393109 0.002410 0.019708
2 1 0.047391 0.269817 0.674427 0.001985 0.006381
2 1 0.051143 0.393423 0.537276 0.000653 0.017506
2 1 0.008431 0.269774 0.691032 0.000169 0.030594
2 1 0.002317 0.122096 0.858378 0.000326 0.016884
2 1 0.005652 0.190646 0.776504 0.000521 0.026677
2 1 0.015578 0.372590 0.545765 0.000321 0.065745
2 1 0.005069 0.227877 0.719463 0.000267 0.047323
2 2 0.006268 0.201090 0.738318 0.001669 0.052654
2 2 0.000966 0.034340 0.958132 0.003981 0.002582
2 2 0.000469 0.023504 0.970967 0.003100 0.001960
2 2 0.000976 0.037636 0.956237 0.002427 0.002724
2 2 0.002183 0.057073 0.938216 0.000771 0.001758
2 2 0.002931 0.081665 0.907934 0.001633 0.005837
2 2 0.001705 0.056624 0.938403 0.000727 0.002541
2 2 0.001550 0.046484 0.950365 0.000460 0.001141
2 2 0.000040 0.010853 0.988350 0.000030 0.000728
2 2 0.000049 0.010398 0.988867 0.000061 0.000626
2 2 0.000314 0.028020 0.968170 0.000551 0.002943
2 2 0.000238 0.012519 0.986873 0.000208 0.000162
2 2 0.000021 0.004206 0.995673 0.000028 0.000071
2 2 0.000061 0.005630 0.993992 0.000221 0.000096
2 2 0.000030 0.002940 0.996527 0.000458 0.000045
2 2 0.000037 0.003867 0.995732 0.000295 0.000069
2 2 0.000030 0.002873 0.996711 0.000350 0.000037
2 2 0.000332 0.011197 0.987383 0.000952 0.000136
2 2 0.000691 0.032998 0.965055 0.000272 0.000983
2 2 0.001076 0.047159 0.949250 0.000416 0.002099
2 2 0.000121 0.010770 0.987947 0.000640 0.000523
2 2 0.000807 0.022447 0.972738 0.003314 0.000694
2 2 0.000200 0.012123 0.987097 0.000334 0.000247
2 2 0.000057 0.004941 0.994516 0.000395 0.000091
2 2 0.000001 0.000137 0.999196 0.000666 0.000001
2 2 0.000001 0.000241 0.999252 0.000505 0.000002
2 2 0.000008 0.001501 0.998168 0.000291 0.000032
2 2 0.000232 0.017508 0.981839 0.000080 0.000342
2 2 0.000090 0.006472 0.993316 0.000075 0.000048
2 2 0.000318 0.019780 0.979515 0.000079 0.000309
2 2 0.000483 0.025203 0.973457 0.000230 0.000626
2 2 0.000260 0.013734 0.983893 0.001566 0.000547
2 2 0.000739 0.026513 0.971107 0.000898 0.000743
2 2 0.000160 0.006708 0.992579 0.000499 0.000054
2 2 0.000290 0.010471 0.986941 0.002095 0.000203
2 2 0.000090 0.006987 0.991076 0.001553 0.000294
2 2 0.000055 0.005265 0.992797 0.001631 0.000253
2 2 0.000007 0.001285 0.997002 0.001651 0.000055
2 2 0.000003 0.000800 0.998692 0.000486 0.000019
2 2 0.001162 0.018093 0.978799 0.001798 0.000147
2 2 0.046053 0.220037 0.726179 0.003736 0.003995
2 2 0.013070 0.125770 0.854181 0.003465 0.003516
2 2 0.295021 0.319773 0.374011 0.000513 0.010681
2 0 0.309860 0.326059 0.351568 0.002426 0.010087
1 0 0.268940 0.400767 0.319683 0.000797 0.009812
1 0 0.329623 0.470851 0.183553 0.000170 0.015803
1 0 0.392556 0.439974 0.138171 0.000220 0.029079
0 0 0.509359 0.385355 0.051665 0.000032 0.053588
0 0 0.476480 0.372087 0.066315 0.000202 0.084916
1 0 0.163100 0.522837 0.211702 0.000465 0.101895
4 0 0.029937 0.351665 0.189738 0.000628 0.428031
2 0 0.043888 0.399809 0.467877 0.002317 0.086108
1 1 0.091378 0.504608 0.331522 0.000579 0.071914
1 1 0.061200 0.470697 0.376808 0.001123 0.090172
1 1 0.096820 0.490712 0.348318 0.001198 0.062953
2 1 0.021719 0.382889 0.528872 0.000365 0.066155
1 1 0.108357 0.486574 0.353854 0.001408 0.049807
1 1 0.141508 0.536280 0.271963 0.000197 0.050051
2 1 0.058216 0.436297 0.467407 0.001330 0.036750
1 1 0.087013 0.444580 0.442489 0.001556 0.024361
2 1 0.018278 0.349413 0.371282 0.000321 0.260707
1 1 0.131296 0.513644 0.302210 0.000588 0.052262
2 1 0.034637 0.436376 0.465147 0.000474 0.063366
1 1 0.075897 0.520492 0.282490 0.000200 0.120921
1 1 0.113959 0.567105 0.209710 0.000036 0.109190
1 1 0.243048 0.504615 0.183235 0.000591 0.068510
1 1 0.076988 0.449659 0.431831 0.002075 0.039447
1 1 0.035172 0.451584 0.310663 0.000286 0.202295
1 4 0.051464 0.484470 0.323576 0.000344 0.140145
1 4 0.055536 0.478588 0.264197 0.000313 0.201366
4 4 0.142252 0.265440 0.075326 0.000149 0.516833
1 1 0.349421 0.430426 0.100056 0.001127 0.118970
1 1 0.276166 0.419048 0.077314 0.000414 0.227058
4 1 0.094717 0.385192 0.082929 0.000086 0.437076
1 1 0.154609 0.426122 0.086221 0.000140 0.332908
4 1 0.116638 0.326705 0.055706 0.000146 0.500806
1 1 0.383178 0.396134 0.082044 0.000202 0.138442
0 4 0.334726 0.291947 0.045575 0.000096 0.327655
0 4 0.620404 0.076756 0.017676 0.001074 0.284090
0 4 0.717491 0.014379 0.003564 0.000755 0.263811
4 4 0.227091 0.207221 0.072880 0.000367 0.492442
0 4 0.611626 0.234884 0.080804 0.000921 0.071766
0 4 0.593402 0.193229 0.090564 0.002589 0.120216
1 1 0.364016 0.459329 0.127367 0.000392 0.048896
0 1 0.592213 0.289850 0.079159 0.000175 0.038603
1 1 0.300707 0.375146 0.178460 0.006946 0.138740
1 1 0.305337 0.452152 0.072898 0.000078 0.169534
1 0 0.204873 0.448440 0.277381 0.000458 0.068847
0 0 0.473005 0.165949 0.053298 0.000369 0.307378
1 0 0.267890 0.402343 0.113116 0.000126 0.216525
1 0 0.171796 0.497157 0.105657 0.000051 0.225339
1 0 0.130145 0.512354 0.252753 0.000836 0.103911
1 0 0.186992 0.471039 0.109086 0.000203 0.232681
4 1 0.215607 0.171449 0.052222 0.000521 0.560200
1 1 0.221480 0.414111 0.070684 0.000176 0.293549
1 1 0.271330 0.431269 0.079552 0.000292 0.217557
1 1 0.336532 0.489034 0.103280 0.000066 0.071088
