0 0 0.872241 0.039523 0.057422 0.012961 0.017853
0 0 0.916553 0.027115 0.039735 0.006749 0.009849
0 0 0.965663 0.012131 0.017586 0.001881 0.002739
0 0 0.984310 0.005816 0.008420 0.000581 0.000874
0 0 0.975721 0.008781 0.012722 0.001121 0.001656
0 0 0.819313 0.092838 0.059921 0.002782 0.025145
4 0 0.002345 0.038506 0.070204 0.000051 0.888894
4 0 0.000538 0.027274 0.138921 0.000031 0.833236
4 1 0.000469 0.029827 0.247174 0.000087 0.722443
4 1 0.000438 0.108395 0.340122 0.000010 0.551035
2 1 0.000859 0.133280 0.663421 0.000213 0.202227
2 1 0.000273 0.087604 0.635305 0.000033 0.276785
4 1 0.002153 0.136847 0.228473 0.000053 0.632474
4 1 0.008237 0.181033 0.101479 0.000080 0.709171
4 1 0.010057 0.137422 0.120396 0.000243 0.731882
4 1 0.003425 0.108089 0.332282 0.000397 0.555806
4 1 0.003062 0.256143 0.353406 0.000124 0.387265
4 1 0.008699 0.184588 0.303549 0.000809 0.502355
4 1 0.009090 0.219305 0.141357 0.000137 0.630110
4 4 0.005054 0.041249 0.028535 0.000036 0.925127
4 4 0.023535 0.047740 0.015190 0.000190 0.913346
4 4 0.011193 0.063105 0.085906 0.000909 0.838888
4 4 0.005624 0.056534 0.130261 0.000429 0.807152
2 4 0.004104 0.099678 0.574981 0.003388 0.317849
2 4 0.002661 0.187475 0.474378 0.000281 0.335205
2 4 0.003252 0.148984 0.701350 0.004558 0.141856
2 4 0.016457 0.200547 0.499610 0.014287 0.269099
2 1 0.002046 0.238444 0.684225 0.001279 0.074006
2 1 0.002452 0.172388 0.549186 0.000430 0.275544
2 1 0.002432 0.294283 0.429652 0.000110 0.273524
4 1 0.017052 0.292063 0.252881 0.000998 0.437006
2 1 0.001150 0.225432 0.725057 0.000821 0.047540
2 1 0.000237 0.066383 0.914347 0.002235 0.016797
2 2 0.000007 0.018702 0.979034 0.001079 0.001177
2 2 0.000007 0.012073 0.982939 0.003720 0.001260
2 2 0.000002 0.002867 0.995716 0.001227 0.000187
2 2 0.000001 0.001193 0.998376 0.000399 0.000031
2 2 0.000001 0.000885 0.998375 0.000706 0.000033
2 2 0.000018 0.004186 0.985463 0.010046 0.000287
2 2 0.000017 0.002491 0.993995 0.003379 0.000118
2 2 0.000009 0.002867 0.995123 0.001865 0.000137
2 2 0.000011 0.001092 0.998016 0.000873 0.000008
2 2 0.000001 0.000622 0.992494 0.006869 0.000013
2 2 0.000002 0.001428 0.987816 0.010714 0.000040
2 2 0.000020 0.004213 0.959501 0.035995 0.000270
2 2 0.000474 0.004815 0.567046 0.426908 0.000756
2 2 0.000019 0.002529 0.953158 0.044026 0.000269
2 2 0.000016 0.003804 0.971285 0.024535 0.000360
2 2 0.000073 0.013085 0.940378 0.045844 0.000621
2 2 0.001188 0.036836 0.789010 0.170644 0.002323
2 2 0.000029 0.003020 0.967617 0.029117 0.000216
2 2 0.000009 0.001686 0.922345 0.075841 0.000120
2 2 0.000000 0.001122 0.986832 0.012010 0.000036
2 2 0.000004 0.003235 0.839544 0.156855 0.000362
2 2 0.000003 0.001803 0.913770 0.084375 0.000049
2 3 0.000008 0.002280 0.907589 0.089928 0.000194
2 3 0.000029 0.003252 0.611740 0.384636 0.000343
2 3 0.000031 0.004313 0.899664 0.095458 0.000533
2 3 0.000340 0.024387 0.871022 0.096415 0.007837
2 3 0.000917 0.028736 0.733793 0.232539 0.004014
3 3 0.000010 0.000740 0.249797 0.748727 0.000726
3 3 0.000105 0.001111 0.202525 0.795847 0.000412
2 3 0.000071 0.001745 0.687411 0.310429 0.000345
3 3 0.000016 0.000736 0.444966 0.554196 0.000087
2 3 0.000005 0.000745 0.604510 0.394488 0.000253
3 3 0.000036 0.001071 0.413489 0.585061 0.000343
2 3 0.000019 0.002827 0.660696 0.335100 0.001358
2 3 0.000038 0.008236 0.895312 0.092964 0.003449
2 3 0.000183 0.008462 0.785403 0.204356 0.001596
2 3 0.001228 0.014919 0.712551 0.264657 0.006644
3 3 0.000026 0.001929 0.460476 0.535055 0.002513
3 3 0.000054 0.001001 0.132020 0.866203 0.000722
3 3 0.000016 0.000297 0.033729 0.965752 0.000205
3 3 0.000005 0.000168 0.024085 0.975683 0.000058
3 3 0.000004 0.000115 0.018932 0.980905 0.000044
3 3 0.000006 0.000074 0.008229 0.991653 0.000038
3 3 0.000048 0.000645 0.029098 0.969995 0.000214
3 3 0.000016 0.001342 0.210592 0.787578 0.000472
3 3 0.000012 0.000747 0.130841 0.868052 0.000348
3 3 0.000019 0.000588 0.086088 0.912857 0.000448
2 3 0.000045 0.003955 0.777542 0.211158 0.007300
3 3 0.000031 0.000611 0.064398 0.934467 0.000494
3 3 0.000000 0.000066 0.058785 0.941118 0.000031
3 3 0.000005 0.000128 0.022188 0.977601 0.000077
3 3 0.000001 0.000088 0.040172 0.959683 0.000055
3 3 0.000009 0.000169 0.023377 0.976339 0.000106
3 3 0.000001 0.000036 0.011701 0.988246 0.000015
3 3 0.000000 0.000039 0.030862 0.969077 0.000022
3 3 0.000004 0.000106 0.020880 0.978948 0.000062
3 3 0.000035 0.000435 0.032979 0.966242 0.000310
3 3 0.000010 0.000108 0.009320 0.990504 0.000057
3 3 0.000005 0.000064 0.007116 0.992782 0.000032
3 3 0.000099 0.000609 0.022916 0.975948 0.000428
3 3 0.000015 0.000181 0.016348 0.983348 0.000109
3 3 0.000010 0.000434 0.062886 0.936496 0.000173
3 3 0.000014 0.000159 0.012099 0.987656 0.000072
3 3 0.000013 0.000133 0.010366 0.989415 0.000073
3 3 0.000002 0.000044 0.010930 0.989002 0.000022
3 3 0.000006 0.000076 0.007729 0.992151 0.000038
3 3 0.000012 0.000121 0.009883 0.989919 0.000065
3 3 0.000004 0.000048 0.006094 0.993832 0.000022
3 3 0.000003 0.000036 0.005285 0.994660 0.000016
3 3 0.000003 0.000037 0.005300 0.994644 0.000016
3 3 0.000004 0.000049 0.006180 0.993744 0.000023
3 3 0.000000 0.000010 0.002679 0.997307 0.000004
3 3 0.000004 0.000050 0.006219 0.993704 0.000023
3 3 0.000027 0.000229 0.013783 0.985824 0.000137
3 3 0.000110 0.000749 0.025719 0.972805 0.000617
3 3 0.000004 0.000047 0.006058 0.993869 0.000022
3 3 0.000004 0.000052 0.006369 0.993550 0.000025
3 3 0.000145 0.000892 0.028083 0.970151 0.000729
3 3 0.000077 0.000818 0.046858 0.951597 0.000650
3 3 0.000021 0.000189 0.012469 0.987211 0.000110
3 3 0.000002 0.000028 0.004603 0.995355 0.000012
3 3 0.000027 0.000226 0.013691 0.985920 0.000135
3 3 0.000011 0.000115 0.009632 0.990180 0.000062
3 3 0.000004 0.000057 0.006659 0.993253 0.000027
3 3 0.000010 0.000106 0.009247 0.990580 0.000056
3 3 0.000005 0.000061 0.006924 0.992981 0.000030
3 3 0.000066 0.000449 0.019559 0.979625 0.000300
3 3 0.000100 0.000617 0.023078 0.975769 0.000435
3 3 0.000058 0.000405 0.018541 0.980730 0.000267
3 3 0.000002 0.000025 0.004365 0.995598 0.000011
3 3 0.000008 0.000086 0.008282 0.991580 0.000044
3 3 0.000043 0.000325 0.016544 0.982881 0.000207
3 3 0.001865 0.007367 0.092479 0.888952 0.009338
3 3 0.000029 0.000245 0.014292 0.985283 0.000151
3 3 0.000013 0.000126 0.010079 0.989714 0.000068
3 3 0.000004 0.000047 0.006054 0.993873 0.000022
3 3 0.000002 0.000034 0.005128 0.994819 0.000015
3 3 0.000018 0.000163 0.011538 0.988189 0.000092
3 3 0.000012 0.000124 0.010026 0.989769 0.000068
3 3 0.000004 0.000047 0.006054 0.993873 0.000022
3 3 0.000010 0.000103 0.009081 0.990752 0.000054
3 3 0.000010 0.000104 0.009124 0.990707 0.000055
3 3 0.000022 0.000190 0.012522 0.987155 0.000111
3 3 0.000017 0.000162 0.011500 0.988229 0.000092
3 3 0.000008 0.000092 0.008558 0.991294 0.000048
3 3 0.000064 0.000436 0.019267 0.979943 0.000290
3 3 0.000115 0.000684 0.024331 0.974380 0.000490
3 3 0.000047 0.000400 0.021676 0.977609 0.000268
3 3 0.000284 0.001805 0.052283 0.943974 0.001655
3 3 0.003059 0.010494 0.098364 0.872930 0.015152
3 3 0.000643 0.018378 0.289642 0.689118 0.002219
3 3 0.000101 0.003726 0.133494 0.862134 0.000545
2 3 0.000044 0.006050 0.758181 0.232601 0.003124
2 3 0.000336 0.020564 0.810571 0.160491 0.008037
2 3 0.000109 0.010056 0.575399 0.412134 0.002302
2 3 0.000065 0.007364 0.956726 0.034940 0.000905
2 3 0.000014 0.008835 0.974651 0.015639 0.000861
2 3 0.000459 0.014896 0.833905 0.148095 0.002646
2 2 0.000015 0.011125 0.952656 0.034754 0.001449
2 2 0.000108 0.015390 0.924677 0.052601 0.007224
2 2 0.000008 0.004459 0.963744 0.029277 0.002512
2 2 0.000655 0.031688 0.864274 0.027902 0.075480
2 4 0.001419 0.037728 0.743814 0.030340 0.186699
2 4 0.001147 0.082303 0.844849 0.007221 0.064480
2 4 0.000038 0.026104 0.965852 0.001199 0.006806
2 4 0.000085 0.021701 0.959107 0.005670 0.013437
2 4 0.001208 0.107824 0.856680 0.014117 0.020170
2 4 0.000130 0.038676 0.936668 0.020390 0.004136
2 2 0.000011 0.014826 0.979371 0.004284 0.001508
2 2 0.000012 0.013873 0.977191 0.007622 0.001302
2 2 0.000025 0.013551 0.957038 0.027502 0.001884
2 2 0.000194 0.027826 0.923520 0.040117 0.008343
2 2 0.000621 0.077364 0.880676 0.029617 0.011721
2 2 0.000706 0.035803 0.890443 0.043599 0.029449
2 2 0.000171 0.021243 0.965686 0.007391 0.005508
2 2 0.000211 0.016257 0.981218 0.000873 0.001441
2 2 0.000021 0.017420 0.981362 0.000274 0.000923
2 2 0.000114 0.053919 0.937339 0.006758 0.001869
2 2 0.000288 0.066987 0.892208 0.036991 0.003527
2 2 0.001645 0.100917 0.893052 0.002892 0.001494
2 2 0.000045 0.018018 0.981351 0.000430 0.000156
2 2 0.000024 0.007818 0.991374 0.000716 0.000067
2 2 0.000003 0.004310 0.995236 0.000429 0.000022
2 2 0.000001 0.000794 0.998648 0.000553 0.000004
2 2 0.000005 0.001533 0.997853 0.000601 0.000008
2 2 0.000005 0.002346 0.995082 0.002556 0.000012
2 2 0.000214 0.007814 0.974186 0.017701 0.000085
2 2 0.000087 0.007916 0.989400 0.002530 0.000067
2 2 0.000021 0.002988 0.995917 0.001054 0.000020
2 2 0.000013 0.003275 0.991175 0.005521 0.000016
2 2 0.000025 0.004255 0.960728 0.034913 0.000079
2 2 0.000088 0.007665 0.859528 0.132627 0.000091
2 2 0.001391 0.032054 0.917562 0.048619 0.000374
2 2 0.001190 0.126189 0.848527 0.019628 0.004466
2 2 0.006850 0.140777 0.810467 0.034135 0.007771
2 2 0.001460 0.085154 0.767889 0.136843 0.008655
2 2 0.000688 0.051224 0.730988 0.211987 0.005113
2 2 0.000177 0.044302 0.936332 0.012393 0.006796
2 2 0.007635 0.156484 0.723575 0.034897 0.077409
2 2 0.000184 0.085969 0.905233 0.004550 0.004063
2 2 0.000146 0.035477 0.956003 0.006735 0.001638
2 2 0.000184 0.018045 0.961221 0.019865 0.000685
2 2 0.000098 0.021600 0.969951 0.007437 0.000914
2 2 0.000082 0.017737 0.971962 0.009246 0.000973
2 2 0.000051 0.040255 0.953776 0.002835 0.003083
2 2 0.000279 0.105654 0.884015 0.002189 0.007864
2 2 0.007148 0.182606 0.777211 0.005983 0.027053
1 2 0.039855 0.442848 0.377935 0.001253 0.138110
2 2 0.004513 0.452746 0.501092 0.001163 0.040486
2 2 0.008217 0.312877 0.517189 0.002217 0.159500
4 1 0.044064 0.268585 0.274246 0.006790 0.406316
1 1 0.118091 0.432502 0.295697 0.012264 0.141446
2 1 0.040511 0.362508 0.373947 0.011640 0.211394
2 1 0.003515 0.218395 0.740303 0.000659 0.037127
2 1 0.005297 0.440964 0.508413 0.000408 0.044918
2 2 0.000437 0.096445 0.894453 0.004126 0.004540
2 2 0.002993 0.052792 0.932938 0.007468 0.003809
2 2 0.002308 0.099289 0.864959 0.012808 0.020635
2 2 0.021706 0.139991 0.716097 0.045093 0.077113
2 1 0.009844 0.228475 0.654274 0.009291 0.098116
2 1 0.015405 0.321311 0.580895 0.030336 0.052053
2 1 0.002641 0.238915 0.738500 0.004313 0.015631
2 1 0.001029 0.088921 0.893032 0.012357 0.004661
2 2 0.000004 0.003263 0.996174 0.000511 0.000049
2 2 0.000006 0.002282 0.997080 0.000611 0.000021
2 2 0.000002 0.002199 0.994841 0.002933 0.000024
2 2 0.000008 0.005520 0.993822 0.000597 0.000054
2 2 0.000093 0.014502 0.984355 0.000868 0.000182
2 2 0.000028 0.006672 0.990133 0.003134 0.000034
2 2 0.000027 0.004183 0.993976 0.001798 0.000015
2 2 0.000009 0.004821 0.988449 0.006684 0.000037
2 2 0.000261 0.025435 0.962175 0.011368 0.000762
2 2 0.001546 0.049701 0.801251 0.141764 0.005738
2 2 0.002452 0.044438 0.766400 0.173900 0.012810
2 2 0.018120 0.059046 0.688133 0.142652 0.092049
4 2 0.086030 0.148415 0.133945 0.010423 0.621186
4 1 0.215356 0.144480 0.200595 0.005836 0.433733
2 1 0.267604 0.131296 0.388443 0.020300 0.192357
0 1 0.699852 0.096246 0.061083 0.002298 0.140521
2 0 0.244115 0.274069 0.294460 0.009996 0.177360
2 0 0.008643 0.363711 0.520915 0.000643 0.106087
2 1 0.002265 0.228674 0.748329 0.005358 0.015374
2 1 0.020825 0.313882 0.558197 0.003384 0.103713
2 1 0.010453 0.272840 0.681401 0.004461 0.030845
2 1 0.004543 0.348806 0.594275 0.001493 0.050882
2 1 0.010366 0.366430 0.586560 0.002259 0.034385
2 1 0.012095 0.299629 0.628390 0.001160 0.058727
2 1 0.006668 0.344224 0.608828 0.010619 0.029661
2 1 0.002074 0.171554 0.809969 0.009493 0.006909
2 1 0.121629 0.330141 0.510405 0.012373 0.025451
2 1 0.020254 0.294712 0.671782 0.001584 0.011668
2 1 0.061975 0.242321 0.625295 0.008983 0.061426
1 1 0.156984 0.411062 0.317690 0.025398 0.088867
1 1 0.049247 0.497017 0.392344 0.023141 0.038251
2 1 0.005025 0.319584 0.657727 0.004345 0.013319
2 1 0.000618 0.122520 0.865849 0.002926 0.008087
2 1 0.000441 0.109704 0.881874 0.000381 0.007600
0 1 0.841064 0.054177 0.053017 0.001789 0.049953
0 0 0.953440 0.020341 0.013830 0.000887 0.011503
0 0 0.618319 0.223360 0.134561 0.002781 0.020979
2 0 0.241169 0.156706 0.556923 0.006218 0.038984
0 0 0.926692 0.025015 0.035650 0.005211 0.007432
0 0 0.937212 0.023966 0.030378 0.002972 0.005472
0 0 0.543932 0.230328 0.168222 0.003967 0.053551
4 0 0.026075 0.098384 0.330879 0.003756 0.540907
2 0 0.010897 0.065043 0.694319 0.004439 0.225301
4 1 0.169174 0.143475 0.190537 0.022215 0.474598
4 1 0.056503 0.315629 0.168748 0.003619 0.455500
2 1 0.007425 0.172883 0.622705 0.007918 0.189069
2 1 0.022264 0.191679 0.711117 0.004388 0.070552
2 1 0.002080 0.234137 0.652662 0.000061 0.111061
2 1 0.002319 0.208376 0.517461 0.000199 0.271645
2 1 0.014932 0.399660 0.450507 0.000542 0.134360
2 1 0.008804 0.328078 0.448415 0.001252 0.213451
2 1 0.020099 0.136412 0.537261 0.102121 0.204107
4 1 0.053224 0.189298 0.261764 0.031620 0.464094
1 1 0.205743 0.345867 0.168617 0.006067 0.273706
2 0 0.035863 0.079128 0.810505 0.054012 0.020491
0 0 0.330588 0.142450 0.278584 0.002303 0.246076
4 0 0.251243 0.119914 0.080096 0.001039 0.547708
4 0 0.381987 0.103569 0.039882 0.000760 0.473803
0 0 0.786931 0.075241 0.046199 0.000323 0.091305
0 0 0.941730 0.026778 0.016724 0.000421 0.014347
0 0 0.893085 0.061331 0.028263 0.000678 0.016644
0 0 0.679004 0.098890 0.181448 0.026550 0.014108
2 0 0.333840 0.154100 0.368401 0.114018 0.029641
2 0 0.054338 0.303578 0.578434 0.002857 0.060792
4 1 0.003999 0.106741 0.366962 0.000720 0.521577
2 1 0.001870 0.178598 0.607675 0.000371 0.211486
2 1 0.000602 0.172301 0.651799 0.000084 0.175214
2 1 0.000517 0.119022 0.808193 0.000364 0.071904
2 1 0.001227 0.133318 0.753773 0.001254 0.110427
2 1 0.001193 0.115730 0.605330 0.000273 0.277473
4 1 0.006397 0.070035 0.275400 0.001640 0.646529
4 1 0.012173 0.089239 0.309586 0.004651 0.584351
4 4 0.013497 0.088719 0.330770 0.011473 0.555541
0 4 0.344272 0.210822 0.188490 0.015190 0.241226
2 4 0.074443 0.371503 0.461356 0.006683 0.086015
2 4 0.107296 0.222805 0.604675 0.003264 0.061959
2 0 0.148747 0.216247 0.510349 0.041527 0.083129
2 0 0.016261 0.088061 0.565379 0.067296 0.263003
4 0 0.012158 0.083289 0.258357 0.004592 0.641604
4 0 0.199687 0.117992 0.073341 0.001839 0.607141
2 0 0.059013 0.293622 0.460913 0.007571 0.178880
2 0 0.002242 0.125649 0.748432 0.002174 0.121503
2 0 0.004397 0.165350 0.459028 0.000752 0.370473
4 1 0.009171 0.270160 0.154000 0.000124 0.566544
4 1 0.156694 0.185897 0.289931 0.045262 0.322216
2 4 0.022615 0.242048 0.406877 0.011689 0.316771
2 4 0.010283 0.331689 0.466303 0.002145 0.189579
1 4 0.042385 0.439517 0.314715 0.000983 0.202400
2 4 0.004584 0.279851 0.516809 0.000691 0.198065
2 4 0.014272 0.256065 0.470116 0.006342 0.253204
2 4 0.025223 0.255788 0.460757 0.014611 0.243621
2 4 0.021520 0.232667 0.506549 0.018031 0.221232
2 4 0.015322 0.307552 0.521646 0.008604 0.146876
2 4 0.003850 0.276243 0.609683 0.001344 0.108879
4 4 0.239289 0.197947 0.201131 0.009789 0.351843
2 4 0.015135 0.199641 0.590696 0.155494 0.039034
2 4 0.064431 0.263433 0.398469 0.160704 0.112963
2 4 0.006334 0.249014 0.676785 0.010103 0.057764
1 1 0.147668 0.402940 0.367785 0.005989 0.075618
1 1 0.019620 0.449275 0.310055 0.000469 0.220581
4 1 0.014993 0.340236 0.281292 0.000860 0.362619
2 1 0.002023 0.349090 0.592256 0.000469 0.056162
2 1 0.004816 0.315617 0.555086 0.000591 0.123891
2 1 0.007395 0.269953 0.599934 0.000182 0.122535
4 1 0.103259 0.257212 0.131273 0.011895 0.496361
4 1 0.044078 0.106628 0.134384 0.011937 0.702973
4 1 0.048162 0.214286 0.237646 0.003745 0.496160
4 1 0.022959 0.240087 0.232470 0.001833 0.502651
2 1 0.006843 0.206400 0.513743 0.001972 0.271043
2 1 0.003500 0.199595 0.630120 0.002562 0.164223
4 1 0.016778 0.192571 0.358004 0.004749 0.427898
4 1 0.034762 0.234757 0.153735 0.001248 0.575498
4 1 0.034474 0.082902 0.086527 0.000593 0.795504
0 1 0.399145 0.189092 0.098062 0.000761 0.312939
4 1 0.094763 0.130898 0.148388 0.059110 0.566840
4 1 0.039555 0.143810 0.194420 0.003094 0.619121
2 1 0.127815 0.226093 0.528426 0.013844 0.103822
2 1 0.097193 0.358017 0.513760 0.015520 0.015510
2 1 0.001544 0.157962 0.824995 0.000704 0.014795
2 1 0.169697 0.210809 0.567634 0.005257 0.046601
0 1 0.548337 0.173534 0.229875 0.016922 0.031332
0 0 0.560751 0.152427 0.227501 0.032878 0.026443
0 0 0.463588 0.135040 0.262732 0.009964 0.128676
2 0 0.081278 0.317682 0.415842 0.001239 0.183958
2 0 0.169591 0.172789 0.355191 0.013380 0.289049
0 0 0.846974 0.054371 0.057169 0.001107 0.040378
0 0 0.940969 0.019937 0.028928 0.004195 0.005972
0 0 0.994250 0.002220 0.003208 0.000126 0.000197
0 0 0.993486 0.002504 0.003620 0.000152 0.000237
0 0 0.995778 0.002293 0.001505 0.000026 0.000400
0 0 0.980988 0.006975 0.010102 0.000776 0.001158
0 0 0.986311 0.005108 0.007394 0.000472 0.000715
0 0 0.871148 0.039305 0.058681 0.013478 0.017388
0 0 0.884808 0.046721 0.057584 0.004306 0.006582
4 0 0.014656 0.093585 0.117721 0.000181 0.773857
4 0 0.007117 0.073849 0.114798 0.000356 0.803880
4 0 0.004993 0.071851 0.088311 0.000108 0.834736
4 1 0.003562 0.055826 0.065281 0.000051 0.875279
4 4 0.003405 0.048109 0.076758 0.000081 0.871648
4 4 0.003118 0.031209 0.036899 0.000012 0.928762
4 4 0.015848 0.051898 0.030230 0.000237 0.901787
4 4 0.038882 0.074538 0.040519 0.001254 0.844807
4 4 0.069529 0.101186 0.065601 0.008872 0.754812
4 4 0.017787 0.060023 0.043480 0.000570 0.878140
4 4 0.176533 0.067861 0.008240 0.000427 0.746939
0 4 0.462337 0.074302 0.012343 0.000225 0.450793
4 4 0.055198 0.104422 0.100985 0.007408 0.731987
4 4 0.187520 0.143952 0.235839 0.022435 0.410254
4 4 0.297272 0.099894 0.028054 0.002814 0.571965
4 4 0.209954 0.113348 0.061716 0.002337 0.612645
4 4 0.103290 0.130140 0.195271 0.009027 0.562272
4 4 0.095789 0.114201 0.113654 0.002600 0.673755
4 4 0.310833 0.099015 0.027859 0.001336 0.560957
4 4 0.026752 0.099220 0.095925 0.002476 0.775626
4 4 0.042868 0.056779 0.016109 0.000260 0.883985
4 4 0.039188 0.062600 0.026411 0.000215 0.871585
4 4 0.021028 0.069798 0.068086 0.000743 0.840345
4 4 0.025856 0.050207 0.016362 0.000203 0.907371
4 4 0.014990 0.041792 0.015660 0.000093 0.927465
4 4 0.058141 0.071803 0.029677 0.000319 0.840060
4 4 0.014201 0.066744 0.081365 0.000810 0.836879
4 4 0.019394 0.087952 0.163858 0.006324 0.722473
4 4 0.013308 0.073750 0.125468 0.002917 0.784557
4 4 0.004479 0.059182 0.211735 0.001194 0.723408
4 4 0.006681 0.069986 0.270167 0.002659 0.650507
4 4 0.003680 0.046077 0.099608 0.000162 0.850473
4 4 0.010867 0.054598 0.047901 0.000229 0.886405
4 4 0.001920 0.065586 0.296330 0.000239 0.635926
4 4 0.010974 0.085508 0.121371 0.000664 0.781483
4 4 0.002762 0.045724 0.103626 0.000113 0.847774
4 4 0.058842 0.079617 0.040975 0.000560 0.820006
4 4 0.045121 0.062284 0.027084 0.000086 0.865424
4 4 0.006781 0.066015 0.190969 0.002116 0.734118
4 4 0.006497 0.122834 0.327992 0.001415 0.541262
4 4 0.011548 0.090648 0.108074 0.000496 0.789234
2 4 0.002169 0.193307 0.669426 0.001038 0.134060
2 4 0.005736 0.273124 0.416200 0.000666 0.304275
2 4 0.003927 0.190096 0.578300 0.001497 0.226180
2 4 0.000483 0.049739 0.822980 0.002488 0.124309
2 4 0.001334 0.142646 0.739678 0.001241 0.115100
2 4 0.005907 0.131561 0.512778 0.003077 0.346678
2 4 0.016808 0.132829 0.456651 0.013233 0.380478
4 4 0.011343 0.072046 0.141487 0.001772 0.773352
4 4 0.016728 0.093414 0.152815 0.001805 0.735237
2 4 0.002172 0.144027 0.785155 0.003168 0.065477
2 4 0.000024 0.026530 0.962411 0.000197 0.010837
2 1 0.000109 0.038364 0.940042 0.000813 0.020671
2 1 0.000212 0.038684 0.909564 0.001509 0.050032
2 1 0.000613 0.095790 0.833214 0.000938 0.069445
2 1 0.000049 0.037467 0.942843 0.000212 0.019430
2 1 0.000085 0.048748 0.903178 0.000184 0.047806
2 1 0.000261 0.124831 0.788985 0.000106 0.085817
2 1 0.000379 0.270231 0.625547 0.000021 0.103822
2 1 0.000234 0.116815 0.845954 0.000143 0.036855
2 1 0.007813 0.288885 0.455362 0.001028 0.246911
1 1 0.022064 0.559007 0.281538 0.001166 0.136225
2 1 0.004412 0.151509 0.768273 0.026648 0.049157
2 1 0.005734 0.081888 0.683465 0.037486 0.191426
4 0 0.028463 0.177324 0.150954 0.001726 0.641534
4 1 0.024437 0.134905 0.096367 0.000836 0.743454
2 1 0.000254 0.041949 0.888253 0.002354 0.067190
2 1 0.011701 0.329804 0.360514 0.000872 0.297109
2 1 0.167388 0.247977 0.378243 0.005672 0.200720
0 1 0.421707 0.170526 0.101959 0.002450 0.303358
2 1 0.004080 0.226062 0.667480 0.003009 0.099369
2 1 0.000607 0.077992 0.867367 0.004384 0.049650
2 1 0.000350 0.061395 0.913054 0.006033 0.019168
2 1 0.000380 0.073715 0.904915 0.006698 0.014293
2 1 0.000042 0.027468 0.962568 0.000946 0.008976
2 1 0.000012 0.017263 0.978541 0.000792 0.003392
2 1 0.000010 0.011942 0.983063 0.001030 0.003955
2 2 0.000007 0.005722 0.992839 0.000469 0.000964
2 2 0.000010 0.004464 0.987655 0.006468 0.001403
2 2 0.000023 0.011979 0.977739 0.005836 0.004423
2 2 0.000020 0.006077 0.990168 0.001408 0.002327
2 2 0.000001 0.001238 0.994799 0.003465 0.000498
2 2 0.000002 0.003282 0.991654 0.003136 0.001926
2 2 0.000013 0.012803 0.981678 0.002090 0.003416
2 2 0.000001 0.005417 0.992976 0.000962 0.000644
2 2 0.000001 0.003180 0.996436 0.000130 0.000253
2 2 0.000004 0.007048 0.990999 0.001005 0.000945
2 2 0.000112 0.025507 0.969291 0.002621 0.002468
2 2 0.000328 0.037308 0.921970 0.026551 0.013842
2 2 0.000379 0.016964 0.947694 0.024944 0.010019
2 2 0.000004 0.006982 0.989662 0.001694 0.001659
2 2 0.000002 0.003811 0.994510 0.001094 0.000582
2 2 0.000002 0.002781 0.995445 0.000871 0.000902
2 2 0.000002 0.003907 0.993773 0.002075 0.000242
2 2 0.000010 0.009511 0.986458 0.002769 0.001252
2 2 0.000002 0.002194 0.995216 0.002174 0.000415
2 2 0.000004 0.004424 0.981551 0.013018 0.001004
2 2 0.000001 0.001812 0.993379 0.004268 0.000540
2 2 0.000001 0.001569 0.989689 0.008098 0.000642
2 2 0.000012 0.003359 0.983364 0.012397 0.000868
2 2 0.000004 0.006573 0.987556 0.004659 0.001207
2 2 0.000000 0.001878 0.997021 0.000593 0.000507
2 2 0.000002 0.002955 0.989635 0.005329 0.002078
2 2 0.000093 0.015566 0.970665 0.008617 0.005059
2 2 0.000232 0.020369 0.950152 0.023532 0.005714
2 2 0.001097 0.025580 0.962598 0.009285 0.001440
2 2 0.001349 0.029050 0.924692 0.040147 0.004762
2 2 0.000051 0.013964 0.978599 0.005711 0.001676
2 2 0.000208 0.028660 0.955252 0.010565 0.005314
2 2 0.000080 0.016761 0.979875 0.001836 0.001448
2 2 0.000707 0.049944 0.925167 0.016515 0.007667
2 2 0.000238 0.015092 0.655865 0.323563 0.005243
2 2 0.000055 0.004623 0.517349 0.475645 0.002327
2 2 0.000017 0.007337 0.965402 0.024200 0.003043
2 2 0.000027 0.009133 0.930346 0.059596 0.000897
2 2 0.000021 0.015054 0.960903 0.022614 0.001408
2 2 0.000010 0.008999 0.984295 0.006208 0.000488
2 2 0.000017 0.007186 0.975323 0.016520 0.000953
2 2 0.000007 0.003613 0.978076 0.018001 0.000302
2 2 0.000455 0.029016 0.894957 0.073170 0.002402
2 2 0.000263 0.011755 0.901763 0.077101 0.009118
2 2 0.000964 0.040059 0.893195 0.058574 0.007208
2 2 0.000437 0.041580 0.879974 0.067990 0.010019
2 2 0.000328 0.021021 0.871962 0.100463 0.006226
2 2 0.000097 0.009083 0.922583 0.066289 0.001948
2 2 0.000018 0.009776 0.978650 0.010457 0.001098
2 2 0.000048 0.009903 0.948057 0.036421 0.005571
2 2 0.000035 0.010073 0.963366 0.020724 0.005802
2 2 0.000144 0.019455 0.802934 0.174077 0.003390
2 2 0.001481 0.040343 0.864398 0.080669 0.013109
2 2 0.000010 0.003982 0.967589 0.027662 0.000757
2 2 0.000003 0.002596 0.987278 0.009701 0.000423
2 2 0.000016 0.002174 0.983948 0.013495 0.000368
2 2 0.000002 0.000908 0.996879 0.002142 0.000069
2 2 0.000002 0.001300 0.994100 0.004518 0.000080
2 2 0.000012 0.002650 0.945816 0.051159 0.000362
2 2 0.000171 0.019383 0.737769 0.241028 0.001651
2 2 0.000687 0.076380 0.844618 0.073846 0.004469
2 2 0.003591 0.061541 0.889046 0.039629 0.006193
2 2 0.002259 0.090080 0.900282 0.003087 0.004292
2 2 0.002673 0.101309 0.884894 0.003076 0.008048
2 2 0.000289 0.060653 0.936600 0.000307 0.002150
2 2 0.011450 0.194899 0.782506 0.001702 0.009443
2 2 0.015417 0.332730 0.623564 0.006870 0.021419
2 2 0.006160 0.328047 0.627384 0.003134 0.035276
2 2 0.001422 0.196480 0.772178 0.000999 0.028920
2 2 0.009556 0.161325 0.780280 0.015788 0.033050
2 2 0.015391 0.203858 0.755592 0.010417 0.014742
2 1 0.112636 0.288158 0.579005 0.003646 0.016554
1 1 0.269396 0.368799 0.302537 0.003832 0.055436
2 1 0.000288 0.104325 0.880720 0.002185 0.012483
2 1 0.000145 0.061255 0.934479 0.000742 0.003379
2 2 0.000218 0.072625 0.914451 0.002383 0.010323
2 2 0.002156 0.293838 0.691810 0.001121 0.011074
2 2 0.006645 0.373420 0.602469 0.001697 0.015770
2 2 0.004785 0.270378 0.705314 0.002296 0.017227
2 2 0.017201 0.339599 0.624759 0.001230 0.017210
2 2 0.015011 0.260962 0.711406 0.001154 0.011466
2 2 0.218623 0.341471 0.421939 0.001417 0.016550
1 2 0.221875 0.414688 0.344393 0.000608 0.018435
2 2 0.187002 0.222034 0.571889 0.006029 0.013047
2 0 0.232331 0.236321 0.485493 0.008973 0.036882
0 0 0.347822 0.250191 0.335587 0.036570 0.029830
2 0 0.010004 0.394239 0.556624 0.017136 0.021996
2 1 0.004376 0.222594 0.675656 0.003301 0.094072
2 1 0.004574 0.266258 0.647222 0.003232 0.078714
2 1 0.003633 0.365344 0.574295 0.001444 0.055284
2 1 0.000489 0.075595 0.893070 0.002303 0.028544
2 1 0.007070 0.108275 0.861257 0.004218 0.019180
0 1 0.679743 0.211653 0.096967 0.000888 0.010748
2 1 0.002316 0.149469 0.828943 0.003766 0.015506
2 1 0.030964 0.275111 0.572190 0.006166 0.115568
0 1 0.392095 0.303075 0.227315 0.001312 0.076203
0 0 0.737385 0.158126 0.074346 0.001234 0.028908
2 0 0.067621 0.286736 0.596896 0.007010 0.041738
2 0 0.002386 0.300238 0.642693 0.000854 0.053828
1 1 0.013024 0.434579 0.362915 0.001203 0.188280
4 1 0.065281 0.235909 0.296210 0.002155 0.400445
2 0 0.145980 0.206503 0.520732 0.007930 0.118855
2 0 0.151781 0.344788 0.420213 0.002786 0.080432
2 1 0.010121 0.227077 0.574500 0.009672 0.178629
2 1 0.017208 0.225800 0.553391 0.018891 0.184709
2 1 0.022421 0.150991 0.614150 0.057055 0.155382
2 0 0.073404 0.344241 0.539444 0.006345 0.036566
2 0 0.126264 0.255628 0.573134 0.018093 0.026881
0 0 0.440239 0.269472 0.257907 0.005205 0.027177
0 0 0.582455 0.201380 0.197766 0.003384 0.015016
1 0 0.163336 0.402567 0.393958 0.005678 0.034460
2 1 0.017695 0.438365 0.515344 0.009463 0.019133
4 1 0.145526 0.286762 0.127246 0.002073 0.438393
2 0 0.155053 0.239980 0.531770 0.017022 0.056176
1 0 0.237341 0.350606 0.194202 0.018745 0.199107
1 0 0.074512 0.538341 0.298726 0.010227 0.078194
2 0 0.003847 0.358787 0.593925 0.002545 0.040896
2 1 0.003911 0.346236 0.550914 0.000863 0.098076
2 1 0.002474 0.140301 0.777047 0.007618 0.072560
2 1 0.002266 0.195413 0.625174 0.000552 0.176595
2 1 0.002230 0.291846 0.510937 0.000173 0.194814
1 1 0.002428 0.450535 0.429277 0.000108 0.117653
2 1 0.000500 0.193931 0.728641 0.000097 0.076832
4 1 0.018425 0.108475 0.234960 0.004538 0.633601
2 1 0.017660 0.237247 0.453778 0.006158 0.285157
2 1 0.003981 0.213439 0.728811 0.001610 0.052158
1 1 0.002933 0.517436 0.419127 0.000204 0.060299
2 1 0.002406 0.187011 0.777206 0.015439 0.017938
2 1 0.002552 0.085766 0.742677 0.005695 0.163310
2 4 0.003227 0.111201 0.686574 0.005664 0.193335
4 4 0.003310 0.062013 0.071374 0.000044 0.863259
4 4 0.012745 0.104393 0.250909 0.003334 0.628619
4 4 0.008696 0.055633 0.072610 0.000482 0.862580
4 4 0.032085 0.072002 0.044118 0.000905 0.850889
4 4 0.007716 0.051495 0.063931 0.000229 0.876630
4 4 0.003342 0.047425 0.124268 0.000223 0.824742
4 4 0.007777 0.063683 0.139932 0.000703 0.787906
4 4 0.003510 0.046474 0.108783 0.000173 0.841059
4 4 0.008882 0.098677 0.209941 0.000975 0.681526
4 4 0.006200 0.118988 0.358166 0.001201 0.515444
4 4 0.007266 0.082570 0.253791 0.001775 0.654597
4 4 0.013839 0.066623 0.083253 0.000801 0.835484
4 4 0.023484 0.066184 0.045407 0.000816 0.864109
4 4 0.004748 0.046448 0.076421 0.000156 0.872227
4 4 0.003035 0.032367 0.036039 0.000032 0.928526
4 4 0.006616 0.034398 0.019361 0.000040 0.939586
4 4 0.085132 0.077376 0.034974 0.000123 0.802395
0 4 0.762033 0.075854 0.067678 0.005542 0.088892
2 4 0.370489 0.152692 0.431661 0.016458 0.028701
2 4 0.102364 0.309740 0.446628 0.010400 0.130869
2 4 0.001097 0.135252 0.834336 0.005956 0.023359
4 4 0.004381 0.089361 0.406522 0.002545 0.497190
4 4 0.008412 0.047610 0.044362 0.000157 0.899460
2 4 0.001562 0.113955 0.695458 0.001374 0.187651
4 4 0.021200 0.250383 0.354272 0.004037 0.370108
4 4 0.008402 0.110653 0.426548 0.003574 0.450822
2 4 0.014329 0.152048 0.698282 0.009816 0.125525
4 4 0.023742 0.109792 0.374424 0.030941 0.461102
4 4 0.032790 0.108270 0.219710 0.014110 0.625120
4 4 0.215869 0.139410 0.154667 0.004609 0.485445
4 4 0.031829 0.101127 0.119800 0.000288 0.746956
2 4 0.000844 0.148463 0.759610 0.000474 0.090609
2 4 0.000730 0.145618 0.812871 0.000665 0.040116
2 4 0.006701 0.170334 0.687426 0.010537 0.125001
4 4 0.142480 0.145103 0.183227 0.087650 0.441541
4 4 0.119072 0.120757 0.147710 0.001020 0.611440
4 4 0.031606 0.125385 0.092039 0.001385 0.749585
2 4 0.001086 0.119091 0.790550 0.001182 0.088091
4 4 0.009768 0.127284 0.336590 0.002376 0.523982
4 4 0.029164 0.089875 0.157264 0.000769 0.722928
4 4 0.049990 0.126218 0.124106 0.000835 0.698851
2 4 0.006615 0.298338 0.544190 0.001681 0.149177
2 4 0.002043 0.256388 0.574425 0.000259 0.166885
2 4 0.001181 0.090065 0.852268 0.010840 0.045646
2 4 0.001937 0.143729 0.761399 0.002433 0.090502
4 1 0.018524 0.165594 0.178741 0.001210 0.635930
4 1 0.014228 0.065974 0.078168 0.000668 0.840961
4 1 0.038885 0.059789 0.021214 0.000253 0.879858
4 1 0.069717 0.203272 0.036096 0.000519 0.690395
4 1 0.046196 0.091816 0.063624 0.002331 0.796032
2 1 0.013937 0.151756 0.540854 0.017913 0.275540
2 1 0.010373 0.140667 0.698563 0.039824 0.110573
0 1 0.386850 0.169840 0.333235 0.013532 0.096542
2 1 0.012062 0.294889 0.690199 0.000127 0.002723
1 1 0.040065 0.471954 0.466576 0.001856 0.019549
1 1 0.029086 0.468764 0.459061 0.000448 0.042641
2 1 0.036907 0.249498 0.633874 0.000628 0.079093
2 1 0.220715 0.131949 0.410568 0.005572 0.231196
2 1 0.077700 0.230964 0.640595 0.007591 0.043150
2 1 0.004567 0.135641 0.824459 0.000954 0.034378
2 1 0.000741 0.204819 0.780602 0.002275 0.011563
2 1 0.004873 0.305179 0.672563 0.000858 0.016528
2 1 0.003374 0.129539 0.840779 0.001628 0.024681
2 1 0.002610 0.329931 0.608669 0.000876 0.057914
2 1 0.000846 0.179247 0.804466 0.009429 0.006011
2 1 0.000023 0.030338 0.967364 0.001654 0.000620
2 2 0.000596 0.128637 0.866390 0.000841 0.003536
2 2 0.000278 0.130080 0.852800 0.000269 0.016572
2 2 0.007153 0.313813 0.549611 0.002069 0.127355
2 2 0.014388 0.174424 0.730470 0.015383 0.065335
0 0 0.484053 0.144810 0.310760 0.012758 0.047619
0 1 0.560707 0.175178 0.185790 0.005624 0.072700
2 1 0.057158 0.314495 0.384836 0.001619 0.241893
2 1 0.003902 0.300124 0.610890 0.000766 0.084319
2 1 0.005317 0.155728 0.805272 0.002538 0.031145
2 1 0.040226 0.253715 0.614082 0.001284 0.090693
2 1 0.212892 0.185068 0.560771 0.011337 0.029932
0 1 0.648909 0.096413 0.182162 0.042767 0.029749
0 1 0.496663 0.195641 0.223969 0.033254 0.050472
2 1 0.075558 0.400216 0.462151 0.011324 0.050750
2 1 0.006581 0.239433 0.724927 0.002458 0.026601
2 1 0.028015 0.284415 0.628735 0.019298 0.039538
1 1 0.039990 0.490095 0.434750 0.008270 0.026896
2 1 0.005820 0.159045 0.743504 0.005051 0.086581
2 1 0.001939 0.142811 0.833983 0.000699 0.020568
2 1 0.002003 0.223542 0.732674 0.001768 0.040014
2 1 0.000786 0.137295 0.831945 0.001504 0.028469
2 1 0.000966 0.283455 0.698326 0.000569 0.016684
2 1 0.002060 0.299970 0.668198 0.001720 0.028051
2 1 0.000050 0.087910 0.907663 0.000135 0.004242
2 1 0.000026 0.040147 0.956467 0.000688 0.002672
2 2 0.000146 0.015167 0.974867 0.008967 0.000853
2 2 0.001325 0.067093 0.924862 0.001667 0.005053
2 2 0.071421 0.274931 0.595520 0.024158 0.033970
2 2 0.004437 0.122569 0.856707 0.001637 0.014650
2 1 0.042259 0.219362 0.685276 0.025898 0.027205
2 1 0.001814 0.169055 0.791579 0.026815 0.010736
2 1 0.006933 0.350425 0.588510 0.005599 0.048532
2 1 0.000417 0.145518 0.834404 0.000536 0.019125
2 1 0.000107 0.050548 0.933363 0.000506 0.015476
2 1 0.000373 0.075507 0.806021 0.000326 0.117773
2 1 0.000629 0.157179 0.691312 0.000142 0.150737
2 1 0.000554 0.076325 0.886665 0.002123 0.034332
2 1 0.023361 0.185472 0.688586 0.058003 0.044577
0 1 0.475260 0.201316 0.233365 0.036622 0.053437
2 1 0.211789 0.223482 0.383996 0.118590 0.062144
2 1 0.071532 0.233937 0.609948 0.025717 0.058867
2 1 0.005814 0.175046 0.672068 0.007816 0.139256
2 1 0.000529 0.139473 0.816793 0.000635 0.042570
2 1 0.000060 0.041852 0.950633 0.002263 0.005193
2 1 0.000122 0.034286 0.950082 0.007290 0.008220
2 1 0.000033 0.043768 0.943625 0.000218 0.012356
2 1 0.000577 0.059785 0.901707 0.005840 0.032091
2 1 0.000019 0.012125 0.977000 0.004750 0.006105
2 1 0.000033 0.021611 0.968705 0.006716 0.002934
2 1 0.000007 0.010724 0.979691 0.008676 0.000901
2 1 0.000000 0.002212 0.997015 0.000754 0.000018
2 2 0.000001 0.001446 0.991201 0.007270 0.000081
2 2 0.000027 0.012777 0.959880 0.024950 0.002367
2 2 0.000034 0.016356 0.955887 0.025525 0.002198
2 2 0.000011 0.008273 0.967246 0.023213 0.001257
2 2 0.000064 0.017576 0.940243 0.038312 0.003805
2 2 0.000644 0.040012 0.896458 0.042065 0.020822
2 2 0.000001 0.002142 0.996807 0.000977 0.000073
2 2 0.000000 0.000678 0.998713 0.000576 0.000033
2 2 0.000005 0.001122 0.998342 0.000490 0.000041
2 2 0.000001 0.000960 0.998603 0.000415 0.000021
2 2 0.000003 0.002053 0.996313 0.001592 0.000040
2 2 0.000004 0.002798 0.996630 0.000532 0.000036
2 2 0.000023 0.001642 0.991514 0.006804 0.000017
2 2 0.000003 0.000790 0.998626 0.000569 0.000012
2 2 0.000001 0.000658 0.997599 0.001729 0.000013
2 2 0.000060 0.004321 0.989116 0.006330 0.000173
2 2 0.000003 0.000783 0.957705 0.041449 0.000061
2 2 0.000014 0.003983 0.976354 0.019341 0.000308
2 2 0.000024 0.004614 0.883587 0.110919 0.000857
2 2 0.000004 0.001679 0.902860 0.095319 0.000139
2 2 0.000013 0.002929 0.891183 0.105475 0.000400
2 2 0.000016 0.002827 0.687514 0.308922 0.000721
2 2 0.000113 0.007337 0.797443 0.193755 0.001352
2 2 0.000095 0.005562 0.895745 0.098054 0.000545
2 2 0.000004 0.002318 0.948151 0.049347 0.000179
2 2 0.000018 0.005492 0.981149 0.013114 0.000228
2 2 0.000058 0.004380 0.531503 0.462485 0.001573
2 2 0.000019 0.002911 0.539312 0.456578 0.001180
2 3 0.000015 0.003627 0.779950 0.214904 0.001505
3 3 0.000229 0.006263 0.318973 0.670607 0.003928
3 3 0.000085 0.001720 0.146168 0.850293 0.001734
3 3 0.000007 0.000457 0.154339 0.844790 0.000408
3 3 0.000227 0.003570 0.461306 0.532157 0.002741
3 3 0.000104 0.001641 0.158740 0.838561 0.000953
2 3 0.000039 0.001929 0.560162 0.436856 0.001013
3 3 0.000025 0.001413 0.251151 0.746468 0.000943
3 3 0.000131 0.006359 0.487509 0.501765 0.004236
3 3 0.000034 0.001696 0.255529 0.741372 0.001369
2 3 0.000012 0.001911 0.592958 0.403589 0.001530
3 3 0.000006 0.000478 0.185077 0.813996 0.000443
3 3 0.000012 0.000163 0.015802 0.983926 0.000097
3 3 0.000072 0.000949 0.061899 0.936310 0.000769
3 3 0.000026 0.000222 0.013563 0.986056 0.000133
3 3 0.000014 0.000235 0.026670 0.972928 0.000154
3 3 0.000016 0.000194 0.015138 0.984556 0.000096
3 3 0.000010 0.000392 0.075303 0.924011 0.000283
3 3 0.000021 0.000872 0.164368 0.833900 0.000840
3 3 0.000010 0.000138 0.014162 0.985609 0.000080
3 3 0.000020 0.000176 0.012027 0.987676 0.000101
3 3 0.000012 0.000254 0.034170 0.965391 0.000173
3 3 0.000008 0.001156 0.209036 0.789587 0.000213
3 3 0.000044 0.000666 0.052056 0.946733 0.000501
3 3 0.000005 0.000150 0.031096 0.968652 0.000096
3 3 0.000011 0.000241 0.033742 0.965843 0.000163
3 3 0.000013 0.000652 0.101389 0.897647 0.000298
3 3 0.000012 0.000495 0.067170 0.932122 0.000201
3 3 0.000222 0.001133 0.031576 0.966188 0.000882
3 3 0.000222 0.001133 0.031578 0.966186 0.000882
3 3 0.000072 0.000792 0.047061 0.951448 0.000628
3 3 0.000011 0.000141 0.014023 0.985745 0.000081
3 3 0.000051 0.000555 0.025182 0.973982 0.000230
3 3 0.000041 0.000371 0.018877 0.980519 0.000192
3 3 0.000043 0.000389 0.022565 0.976741 0.000262
3 3 0.000032 0.000593 0.054866 0.944104 0.000406
3 3 0.000009 0.000095 0.008731 0.991115 0.000050
3 3 0.000016 0.000154 0.011214 0.988529 0.000087
3 3 0.000135 0.000781 0.026081 0.972426 0.000576
3 3 0.000058 0.000405 0.018554 0.980716 0.000267
3 3 0.000018 0.000256 0.024102 0.975456 0.000167
3 3 0.000007 0.000079 0.007901 0.991974 0.000040
3 3 0.000008 0.000093 0.008602 0.991249 0.000048
3 3 0.000005 0.000062 0.006950 0.992954 0.000030
3 3 0.000009 0.000362 0.079508 0.919838 0.000283
3 3 0.000007 0.000416 0.125156 0.874064 0.000357
3 3 0.000040 0.000592 0.048366 0.950544 0.000458
3 3 0.000023 0.000299 0.025328 0.974151 0.000199
3 3 0.000003 0.000045 0.005894 0.994037 0.000021
3 3 0.000004 0.000047 0.006063 0.993864 0.000022
3 3 0.000019 0.000173 0.011922 0.987787 0.000099
3 3 0.000015 0.000147 0.010955 0.988800 0.000082
3 3 0.000003 0.000047 0.006008 0.993920 0.000022
3 3 0.000004 0.000047 0.006058 0.993869 0.000022
3 3 0.000005 0.000060 0.006844 0.993063 0.000029
3 3 0.000007 0.000156 0.025451 0.974289 0.000098
3 3 0.000014 0.000136 0.010509 0.989266 0.000075
3 3 0.000014 0.000139 0.010610 0.989160 0.000077
3 3 0.000049 0.000354 0.017302 0.982067 0.000228
3 3 0.000019 0.000172 0.011883 0.987827 0.000099
3 3 0.000027 0.000228 0.013762 0.985845 0.000137
3 3 0.000075 0.000493 0.020529 0.978569 0.000335
3 3 0.000075 0.000881 0.051903 0.946393 0.000748
3 3 0.000201 0.001491 0.049983 0.946947 0.001378
3 3 0.000020 0.000182 0.012242 0.987449 0.000105
3 3 0.000210 0.001086 0.030892 0.966974 0.000839
3 3 0.000037 0.000289 0.015561 0.983932 0.000180
3 3 0.000009 0.000100 0.008941 0.990897 0.000052
3 3 0.000010 0.000109 0.009346 0.990477 0.000058
3 3 0.000010 0.000106 0.009215 0.990613 0.000056
3 3 0.000055 0.000444 0.022649 0.976550 0.000303
3 3 0.000009 0.000098 0.008853 0.990989 0.000051
3 3 0.000012 0.000122 0.009928 0.989872 0.000066
3 3 0.000022 0.000193 0.012606 0.987066 0.000113
3 3 0.000005 0.000066 0.007205 0.992691 0.000032
3 3 0.000010 0.000106 0.009206 0.990622 0.000056
3 3 0.000007 0.000082 0.008065 0.991804 0.000042
3 3 0.000016 0.000148 0.010998 0.988755 0.000083
3 3 0.000010 0.000105 0.009183 0.990646 0.000056
3 3 0.000012 0.000118 0.009747 0.990060 0.000063
3 3 0.000005 0.000087 0.012304 0.987558 0.000047
3 3 0.000010 0.000108 0.009301 0.990524 0.000057
3 3 0.000066 0.000448 0.019533 0.979654 0.000299
3 3 0.000262 0.001286 0.033705 0.963726 0.001022
3 3 0.000092 0.000577 0.022278 0.976652 0.000402
3 3 0.000006 0.000182 0.024228 0.975541 0.000043
3 3 0.000037 0.002279 0.458926 0.538210 0.000547
2 3 0.000837 0.014501 0.549216 0.433087 0.002359
2 3 0.043502 0.220801 0.390079 0.084582 0.261035
2 2 0.002999 0.097593 0.814107 0.020366 0.064935
2 2 0.001055 0.093388 0.866973 0.006906 0.031678
2 2 0.001361 0.152619 0.818635 0.006554 0.020831
2 2 0.003482 0.084543 0.776139 0.096059 0.039777
4 2 0.038339 0.102000 0.132411 0.006764 0.720486
4 4 0.012380 0.069357 0.108485 0.001640 0.808137
4 4 0.013692 0.068064 0.090413 0.001167 0.826664
4 4 0.009733 0.081671 0.138892 0.000693 0.769011
4 4 0.024485 0.101709 0.248816 0.011239 0.613751
2 4 0.009588 0.278111 0.620655 0.001789 0.089858
2 4 0.080728 0.261372 0.408924 0.034713 0.214263
2 4 0.003407 0.102549 0.806583 0.027899 0.059561
2 4 0.005380 0.123826 0.580139 0.005084 0.285571
4 4 0.017493 0.071860 0.084045 0.001212 0.825391
4 4 0.015129 0.046826 0.022593 0.000140 0.915312
4 4 0.039162 0.073809 0.039085 0.001009 0.846934
4 4 0.025880 0.288562 0.221261 0.000476 0.463821
4 4 0.046495 0.121149 0.277895 0.051532 0.502929
4 4 0.018925 0.090393 0.096549 0.000995 0.793138
4 4 0.050426 0.102456 0.105207 0.006599 0.735312
4 4 0.026198 0.098308 0.206760 0.004177 0.664557
4 4 0.165030 0.136092 0.186645 0.166520 0.345713
4 4 0.010569 0.083251 0.415903 0.020313 0.469965
4 4 0.063289 0.064829 0.015451 0.000951 0.855480
4 4 0.067692 0.041295 0.003342 0.000134 0.887536
