2 0 0.168098 0.180849 0.515831 0.087190 0.048033
2 0 0.214457 0.198233 0.461715 0.070972 0.054623
2 0 0.122581 0.188965 0.549783 0.081128 0.057543
2 0 0.339378 0.213676 0.352314 0.044396 0.050237
2 0 0.226712 0.227726 0.446675 0.048972 0.049916
0 0 0.389263 0.185745 0.325451 0.058833 0.040708
2 0 0.153777 0.180412 0.544353 0.087402 0.034055
2 0 0.277514 0.203896 0.396822 0.065796 0.055971
2 0 0.143819 0.192403 0.537303 0.076661 0.049815
2 0 0.152674 0.194630 0.503245 0.083039 0.066411
2 0 0.229452 0.218959 0.405066 0.052766 0.093757
2 0 0.286653 0.225222 0.366217 0.041942 0.079965
2 0 0.195174 0.230482 0.435057 0.051166 0.088122
2 0 0.167274 0.216245 0.483776 0.060039 0.072665
2 0 0.243546 0.204962 0.417152 0.067086 0.067255
2 0 0.132216 0.193911 0.535287 0.076709 0.061877
2 0 0.141152 0.184475 0.550579 0.080510 0.043285
2 0 0.172422 0.207823 0.503116 0.063604 0.053036
2 0 0.332960 0.200153 0.353104 0.053171 0.060612
2 0 0.305847 0.218356 0.372974 0.043546 0.059276
2 0 0.314716 0.213385 0.350283 0.049567 0.072048
0 0 0.328783 0.221741 0.314014 0.039286 0.096177
2 0 0.271817 0.240813 0.372714 0.039655 0.075002
0 0 0.386561 0.196455 0.309564 0.052505 0.054915
0 0 0.340680 0.236315 0.336053 0.031315 0.055637
2 0 0.322472 0.215342 0.325610 0.050315 0.086261
2 0 0.158821 0.210643 0.477795 0.064612 0.088130
2 0 0.130902 0.192202 0.517322 0.077110 0.082464
2 0 0.118136 0.188252 0.534149 0.082710 0.076753
2 0 0.242738 0.221104 0.395560 0.049550 0.091049
2 0 0.231277 0.239065 0.401572 0.041241 0.086845
2 0 0.240404 0.219730 0.441293 0.052452 0.046121
0 0 0.552899 0.175743 0.210291 0.024368 0.036699
0 0 0.564157 0.177517 0.215236 0.018675 0.024415
0 0 0.519212 0.170362 0.241373 0.034553 0.034499
2 0 0.263061 0.225511 0.411804 0.045821 0.053804
2 0 0.303054 0.231219 0.368983 0.037421 0.059323
0 0 0.417178 0.201097 0.274275 0.042118 0.065333
2 0 0.267343 0.233111 0.385803 0.043103 0.070640
2 0 0.336187 0.219141 0.339773 0.042801 0.062098
0 0 0.494761 0.191601 0.231937 0.028286 0.053416
0 0 0.502685 0.189568 0.196538 0.023546 0.087663
2 0 0.301575 0.238404 0.308284 0.027641 0.124094
2 0 0.327286 0.235093 0.330392 0.029363 0.077865
0 0 0.507093 0.176069 0.231515 0.037588 0.047735
0 0 0.579980 0.165241 0.179973 0.024650 0.050157
0 0 0.415638 0.207977 0.239877 0.025423 0.111085
0 0 0.447489 0.178656 0.252467 0.049486 0.071903
0 0 0.351078 0.219058 0.330569 0.036704 0.062591
0 0 0.512442 0.194678 0.233436 0.022514 0.036929
0 0 0.473462 0.184724 0.282111 0.034218 0.025485
2 0 0.354503 0.207812 0.368039 0.043439 0.026208
2 0 0.297356 0.230559 0.385073 0.038758 0.048253
0 0 0.400894 0.210505 0.299447 0.035737 0.053418
0 0 0.431203 0.199969 0.290492 0.035905 0.042431
0 0 0.522959 0.181261 0.221321 0.028710 0.045749
2 0 0.292871 0.234469 0.364709 0.039966 0.067985
0 0 0.353890 0.213984 0.316314 0.045198 0.070615
0 0 0.369202 0.211847 0.292128 0.040123 0.086701
0 0 0.331720 0.229301 0.294971 0.033094 0.110914
2 0 0.333197 0.228887 0.349889 0.034756 0.053271
2 0 0.237136 0.233311 0.413119 0.046345 0.070090
2 0 0.215718 0.228581 0.420627 0.046450 0.088623
2 0 0.217180 0.231454 0.424655 0.046969 0.079742
0 0 0.351078 0.204121 0.330498 0.052650 0.061654
0 0 0.699018 0.134980 0.096900 0.009700 0.059402
0 0 0.424224 0.194054 0.258303 0.041463 0.081957
0 0 0.656453 0.140393 0.132199 0.018783 0.052172
0 0 0.696803 0.143091 0.116184 0.009093 0.034829
0 0 0.689172 0.142596 0.138546 0.010024 0.019662
0 0 0.497264 0.176637 0.234526 0.040330 0.051243
2 0 0.268580 0.217875 0.407955 0.049534 0.056056
0 0 0.359041 0.220417 0.308569 0.036774 0.075199
0 0 0.432300 0.208230 0.269764 0.029734 0.059973
2 0 0.219515 0.218411 0.461780 0.052198 0.048096
0 0 0.610233 0.162449 0.184185 0.017332 0.025800
0 0 0.793121 0.088320 0.094492 0.012142 0.011924
0 0 0.757398 0.104230 0.115756 0.011605 0.011012
0 0 0.809715 0.081990 0.086670 0.011103 0.010522
0 0 0.763559 0.101887 0.107117 0.012570 0.014867
0 0 0.658795 0.128422 0.156162 0.027330 0.029292
0 0 0.585283 0.180679 0.187771 0.014551 0.031717
0 0 0.630912 0.170955 0.152808 0.010599 0.034727
0 0 0.693339 0.146906 0.121218 0.008417 0.030120
0 0 0.604777 0.164647 0.176867 0.018499 0.035210
0 0 0.477039 0.200612 0.239361 0.026256 0.056733
0 0 0.354446 0.227292 0.325887 0.035104 0.057271
0 0 0.452537 0.205720 0.263416 0.026862 0.051465
2 0 0.299812 0.241753 0.360955 0.032045 0.065435
0 0 0.467198 0.184942 0.246923 0.042703 0.058235
2 0 0.251500 0.186179 0.433365 0.083670 0.045287
2 0 0.107328 0.179775 0.553201 0.102535 0.057161
2 0 0.125767 0.181228 0.541952 0.088843 0.062210
2 0 0.207470 0.202178 0.443470 0.071960 0.074922
2 0 0.129525 0.178538 0.557031 0.089750 0.045156
2 0 0.330076 0.207514 0.348174 0.051920 0.062317
2 0 0.212080 0.231802 0.430321 0.047167 0.078631
2 0 0.288629 0.223578 0.330203 0.043743 0.113847
2 0 0.262545 0.232898 0.390979 0.041234 0.072344
0 0 0.346234 0.209312 0.324703 0.048181 0.071570
0 0 0.532043 0.187029 0.234536 0.019011 0.027381
0 0 0.679812 0.139150 0.131626 0.014439 0.034974
0 0 0.671995 0.125512 0.157556 0.023861 0.021075
0 0 0.766454 0.103500 0.109511 0.009874 0.010662
0 0 0.791609 0.108450 0.084004 0.004147 0.011790
0 0 0.477247 0.192561 0.280865 0.026767 0.022561
0 0 0.473444 0.190182 0.269512 0.033317 0.033545
0 0 0.502615 0.180853 0.255554 0.031607 0.029372
0 0 0.528011 0.195315 0.214441 0.019597 0.042636
0 0 0.462468 0.208819 0.256068 0.023109 0.049537
0 0 0.563900 0.189647 0.178239 0.013801 0.054413
0 0 0.658965 0.152545 0.129550 0.012280 0.046660
0 0 0.686969 0.143378 0.112234 0.010194 0.047224
0 0 0.729356 0.120429 0.114889 0.012016 0.023310
0 0 0.384986 0.231630 0.274789 0.020997 0.087598
0 0 0.423437 0.214031 0.265005 0.027385 0.070142
0 0 0.441240 0.202591 0.265306 0.028793 0.062071
0 0 0.608594 0.152478 0.176909 0.025110 0.036909
0 0 0.410703 0.197603 0.297851 0.044962 0.048882
0 0 0.464468 0.202986 0.233039 0.024789 0.074717
0 0 0.419136 0.215692 0.295512 0.024305 0.045355
0 0 0.442081 0.197394 0.268266 0.034767 0.057492
0 0 0.508939 0.189526 0.211237 0.022408 0.067890
0 0 0.561805 0.158534 0.194025 0.035168 0.050468
0 0 0.585255 0.158373 0.171942 0.027537 0.056892
2 0 0.300927 0.189599 0.354045 0.073209 0.082219
2 0 0.289239 0.210095 0.363967 0.056194 0.080505
2 0 0.212072 0.234172 0.417884 0.046170 0.089703
2 0 0.276164 0.193486 0.403745 0.078897 0.047709
0 0 0.414927 0.204683 0.299748 0.034491 0.046151
0 0 0.379068 0.200015 0.320144 0.046856 0.053917
0 0 0.461152 0.171638 0.276918 0.053918 0.036374
2 0 0.243961 0.228704 0.397780 0.048739 0.080816
0 0 0.450874 0.194522 0.250252 0.034106 0.070245
2 0 0.270570 0.229351 0.385909 0.049672 0.064499
0 0 0.440862 0.196784 0.256922 0.035878 0.069554
0 0 0.403377 0.213767 0.297189 0.033482 0.052184
0 0 0.395251 0.164895 0.323698 0.076469 0.039687
0 0 0.461185 0.204050 0.286027 0.024194 0.024544
0 0 0.466897 0.197845 0.277613 0.028378 0.029267
0 0 0.516403 0.182980 0.242842 0.025656 0.032120
0 0 0.414242 0.198499 0.302195 0.038867 0.046197
0 0 0.372644 0.204379 0.316343 0.049410 0.057224
0 0 0.404045 0.194922 0.294053 0.045606 0.061375
0 0 0.366944 0.205431 0.332226 0.046003 0.049397
0 0 0.585980 0.170683 0.195878 0.018078 0.029381
0 0 0.507362 0.188424 0.246350 0.024547 0.033317
0 0 0.635853 0.147392 0.176446 0.018902 0.021407
0 0 0.658157 0.136779 0.150649 0.021545 0.032868
0 0 0.504721 0.200999 0.244363 0.017566 0.032351
0 0 0.734509 0.130571 0.106653 0.006833 0.021435
0 0 0.894541 0.064832 0.030075 0.000993 0.009558
0 0 0.850443 0.070421 0.062278 0.006834 0.010024
0 0 0.852776 0.075287 0.058161 0.004249 0.009526
0 0 0.850748 0.081630 0.048880 0.002817 0.015925
0 0 0.743507 0.120576 0.111356 0.008330 0.016231
0 0 0.905708 0.049989 0.038566 0.002343 0.003395
0 0 0.932845 0.038818 0.025722 0.000959 0.001656
0 0 0.905284 0.053709 0.036917 0.001356 0.002735
0 0 0.888260 0.061213 0.044058 0.002097 0.004371
0 0 0.882891 0.064332 0.047599 0.001817 0.003361
0 0 0.839494 0.077446 0.069660 0.005634 0.007765
0 0 0.776487 0.116869 0.090613 0.004038 0.011993
0 0 0.722848 0.135363 0.121857 0.006308 0.013624
0 0 0.666360 0.164145 0.139133 0.006994 0.023368
2 0 0.227545 0.216870 0.443114 0.062568 0.049904
2 0 0.208459 0.193871 0.460710 0.083440 0.053520
2 0 0.277682 0.209671 0.388277 0.063326 0.061044
2 0 0.135362 0.200218 0.517612 0.083384 0.063424
2 0 0.258296 0.214608 0.396163 0.061638 0.069295
2 0 0.139578 0.185566 0.491262 0.126418 0.057176
2 0 0.124664 0.177318 0.540753 0.107552 0.049713
2 0 0.242672 0.198346 0.419458 0.082189 0.057335
2 0 0.079205 0.152744 0.602643 0.121108 0.044301
2 0 0.113753 0.170975 0.544220 0.118860 0.052192
0 0 0.661038 0.107288 0.180943 0.039066 0.011666
0 0 0.652872 0.162138 0.161048 0.008253 0.015690
0 0 0.713266 0.127745 0.134963 0.010407 0.013619
0 0 0.750653 0.129423 0.102865 0.004290 0.012770
0 0 0.674430 0.150843 0.147684 0.009182 0.017861
0 0 0.682499 0.132066 0.140640 0.017496 0.027298
0 0 0.754104 0.115934 0.088444 0.008314 0.033204
0 0 0.523713 0.171748 0.200415 0.031183 0.072942
0 0 0.580029 0.165320 0.167750 0.018948 0.067952
0 0 0.619425 0.158151 0.160222 0.017350 0.044852
2 0 0.262168 0.217521 0.326924 0.048587 0.144800
2 0 0.212052 0.241148 0.368267 0.036251 0.142281
2 0 0.257844 0.225651 0.357296 0.047660 0.111548
0 0 0.342929 0.218819 0.304730 0.040267 0.093254
0 0 0.345415 0.218932 0.311236 0.038751 0.085666
2 0 0.296293 0.241197 0.347380 0.030999 0.084131
0 0 0.417410 0.209776 0.288173 0.030159 0.054482
0 0 0.373099 0.198660 0.337180 0.053281 0.037779
2 0 0.295229 0.215673 0.375851 0.052727 0.060519
2 0 0.249495 0.229516 0.425779 0.046094 0.049116
0 0 0.530967 0.180693 0.231492 0.025546 0.031303
0 0 0.469846 0.186448 0.272650 0.037108 0.033947
0 0 0.362672 0.217675 0.350503 0.036981 0.032168
0 0 0.464466 0.192548 0.276683 0.032183 0.034120
0 0 0.551426 0.169607 0.222774 0.027258 0.028935
0 0 0.662180 0.146332 0.149722 0.014545 0.027223
0 0 0.628143 0.147373 0.168340 0.022871 0.033272
0 0 0.679355 0.127361 0.143656 0.021546 0.028081
0 0 0.706438 0.147529 0.127176 0.005255 0.013602
0 0 0.636963 0.164305 0.168458 0.010597 0.019677
0 0 0.716908 0.127812 0.129712 0.010163 0.015405
0 0 0.733754 0.125207 0.118910 0.007968 0.014160
0 0 0.743085 0.121660 0.112493 0.007814 0.014947
0 0 0.752903 0.109164 0.108837 0.011660 0.017436
0 0 0.846605 0.080542 0.058205 0.003732 0.010915
0 0 0.702777 0.139810 0.108572 0.008953 0.039888
0 0 0.578051 0.185963 0.196569 0.013031 0.026386
0 0 0.561275 0.164793 0.224168 0.026346 0.023418
0 0 0.656220 0.144501 0.153415 0.017009 0.028855
0 0 0.659544 0.155005 0.139557 0.011512 0.034381
0 0 0.702893 0.126517 0.141425 0.013612 0.015553
0 0 0.566430 0.172637 0.227306 0.017585 0.016043
0 0 0.602274 0.165155 0.203721 0.014224 0.014628
0 0 0.642783 0.152317 0.174953 0.013508 0.016439
0 0 0.621919 0.153223 0.188992 0.017696 0.018169
0 0 0.483523 0.178301 0.293418 0.029579 0.015179
0 0 0.475699 0.194743 0.295004 0.020590 0.013964
0 0 0.565285 0.177283 0.226105 0.015561 0.015766
0 0 0.556984 0.155216 0.244834 0.028706 0.014260
0 0 0.528301 0.171718 0.254946 0.026797 0.018238
0 0 0.536439 0.183463 0.241599 0.019154 0.019344
0 0 0.543374 0.135547 0.245095 0.056814 0.019170
0 0 0.535309 0.166288 0.257725 0.026158 0.014520
0 0 0.560193 0.173952 0.230467 0.018476 0.016911
0 0 0.502270 0.192181 0.274432 0.017536 0.013582
0 0 0.480060 0.188684 0.285471 0.026654 0.019131
0 0 0.396262 0.178077 0.347361 0.055969 0.022330
0 0 0.496866 0.194769 0.272149 0.019252 0.016964
0 0 0.408903 0.201481 0.346277 0.028439 0.014901
0 0 0.412399 0.187052 0.334227 0.044514 0.021808
2 0 0.319115 0.182423 0.424488 0.059976 0.013998
2 0 0.337850 0.197659 0.403381 0.045128 0.015983
0 0 0.410492 0.183720 0.340843 0.045629 0.019317
2 0 0.346070 0.212184 0.385711 0.036535 0.019499
2 0 0.342878 0.199849 0.395688 0.044182 0.017404
2 1 0.230901 0.188534 0.487208 0.070904 0.022452
2 1 0.351901 0.213882 0.373760 0.037295 0.023161
2 1 0.314886 0.217349 0.404742 0.040695 0.022328
2 1 0.296645 0.213347 0.420008 0.047312 0.022687
2 1 0.291909 0.212658 0.425278 0.048107 0.022048
2 1 0.068750 0.110944 0.603368 0.194526 0.022413
2 2 0.124599 0.154302 0.573005 0.121601 0.026492
2 2 0.057073 0.096653 0.625184 0.204736 0.016353
2 2 0.095463 0.157086 0.582961 0.127472 0.037018
2 2 0.103842 0.162153 0.556261 0.134266 0.043478
2 2 0.115810 0.138361 0.512145 0.187884 0.045800
2 2 0.045164 0.082018 0.544801 0.296540 0.031477
2 2 0.041686 0.080240 0.538735 0.303171 0.036168
2 2 0.042657 0.075215 0.521756 0.330416 0.029956
2 2 0.040485 0.072073 0.510654 0.345837 0.030950
3 2 0.008135 0.021574 0.388388 0.568507 0.013397
3 2 0.010884 0.026348 0.386024 0.558327 0.018417
3 2 0.008270 0.020160 0.339172 0.617386 0.015012
3 2 0.009249 0.022800 0.366680 0.585246 0.016025
3 2 0.009773 0.021844 0.341474 0.612494 0.014415
3 2 0.009418 0.022320 0.358647 0.594793 0.014823
3 3 0.009642 0.023032 0.371838 0.581159 0.014330
3 3 0.011938 0.025421 0.356524 0.589950 0.016167
3 3 0.013059 0.028030 0.373667 0.567351 0.017894
3 3 0.013487 0.028958 0.378835 0.560211 0.018509
3 3 0.009958 0.023506 0.372480 0.579484 0.014571
3 3 0.008674 0.019877 0.333041 0.625305 0.013103
3 3 0.009086 0.021406 0.345268 0.609174 0.015065
3 3 0.009163 0.021109 0.344319 0.611607 0.013801
3 3 0.010979 0.025036 0.368532 0.579046 0.016407
3 3 0.010047 0.021811 0.335659 0.618317 0.014166
3 3 0.010126 0.023085 0.350496 0.600308 0.015985
3 3 0.011832 0.025906 0.370995 0.575554 0.015713
3 3 0.010832 0.023969 0.359235 0.591105 0.014859
3 3 0.011588 0.024775 0.355673 0.592576 0.015388
3 3 0.009622 0.021996 0.343662 0.609489 0.015231
3 3 0.010678 0.022896 0.351330 0.601964 0.013132
3 3 0.008759 0.020058 0.323819 0.632462 0.014902
3 3 0.009670 0.020811 0.322297 0.633033 0.014190
3 3 0.012062 0.025840 0.364352 0.581956 0.015789
3 3 0.009557 0.021759 0.345331 0.608995 0.014358
3 3 0.010620 0.024313 0.365357 0.583863 0.015846
3 3 0.008739 0.019698 0.326097 0.632228 0.013239
3 3 0.009593 0.021249 0.326289 0.627373 0.015496
3 3 0.010507 0.022150 0.341471 0.613092 0.012780
3 3 0.010520 0.022594 0.341987 0.610792 0.014107
3 3 0.011900 0.026387 0.381686 0.564743 0.015283
3 3 0.011277 0.024169 0.350030 0.599119 0.015405
3 3 0.014683 0.030592 0.387751 0.548943 0.018030
3 3 0.010191 0.022698 0.354355 0.599006 0.013749
3 3 0.010654 0.022751 0.343024 0.609581 0.013991
3 3 0.010616 0.023621 0.356082 0.594686 0.014995
3 3 0.010153 0.023112 0.366117 0.587122 0.013497
3 3 0.015676 0.031391 0.389853 0.546091 0.016989
3 3 0.012045 0.024585 0.356048 0.594079 0.013243
3 3 0.011452 0.024513 0.360308 0.589460 0.014267
3 3 0.010861 0.022605 0.346918 0.607334 0.012282
3 3 0.010868 0.025329 0.379202 0.568546 0.016055
3 3 0.011762 0.024317 0.347950 0.601429 0.014541
3 3 0.010462 0.023047 0.352427 0.599857 0.014207
3 3 0.009738 0.022391 0.355300 0.598279 0.014292
3 3 0.011919 0.025810 0.366287 0.580112 0.015872
3 3 0.012949 0.026273 0.364951 0.581655 0.014172
3 3 0.011230 0.024234 0.363640 0.587254 0.013642
3 3 0.013346 0.029293 0.385986 0.552570 0.018805
3 3 0.010949 0.025114 0.371707 0.575974 0.016257
3 3 0.009706 0.021400 0.335775 0.619114 0.014005
3 3 0.008959 0.021244 0.349574 0.605899 0.014324
3 3 0.009390 0.021020 0.333783 0.621597 0.014211
3 3 0.009416 0.022103 0.360845 0.593898 0.013738
3 3 0.010378 0.022447 0.344203 0.609193 0.013780
3 3 0.012825 0.027940 0.388812 0.554632 0.015791
3 3 0.010513 0.023860 0.362553 0.587916 0.015157
3 3 0.012482 0.028365 0.394194 0.547526 0.017433
3 3 0.010069 0.022187 0.342377 0.611040 0.014327
3 3 0.010148 0.022988 0.359149 0.593571 0.014144
3 3 0.010879 0.025594 0.381852 0.565200 0.016474
3 3 0.011186 0.023541 0.349339 0.602175 0.013760
3 3 0.011838 0.025224 0.364489 0.583890 0.014560
3 3 0.011991 0.025789 0.357667 0.587506 0.017047
3 3 0.011473 0.023877 0.350961 0.600056 0.013632
3 3 0.009567 0.021714 0.345378 0.609188 0.014152
3 3 0.011039 0.025910 0.378823 0.566773 0.017455
3 3 0.009272 0.022165 0.356141 0.597126 0.015296
3 3 0.008994 0.019713 0.324602 0.634180 0.012511
3 3 0.008578 0.020255 0.348150 0.610386 0.012632
3 3 0.008193 0.019407 0.334325 0.624848 0.013226
3 3 0.012140 0.026006 0.368013 0.578392 0.015449
3 3 0.009147 0.020636 0.337649 0.619360 0.013208
3 3 0.008515 0.020314 0.343243 0.614107 0.013821
3 3 0.009719 0.022745 0.358466 0.593957 0.015113
3 3 0.009558 0.023328 0.375635 0.576375 0.015104
3 3 0.008985 0.021908 0.366695 0.588455 0.013958
3 3 0.009748 0.022902 0.354555 0.596568 0.016227
3 3 0.011310 0.024212 0.358490 0.591913 0.014075
3 3 0.008722 0.019794 0.334134 0.624889 0.012461
3 3 0.007158 0.017274 0.315237 0.647726 0.012605
3 3 0.008170 0.019298 0.338245 0.621925 0.012363
3 3 0.009533 0.021529 0.347194 0.608373 0.013372
3 3 0.010707 0.023313 0.356529 0.595870 0.013581
3 3 0.006634 0.017329 0.340986 0.623342 0.011710
3 3 0.007530 0.018217 0.320549 0.639911 0.013794
3 3 0.009863 0.021915 0.347790 0.607090 0.013342
3 3 0.008191 0.019557 0.326086 0.631001 0.015166
3 3 0.007636 0.018059 0.318324 0.642976 0.013005
3 3 0.008803 0.022354 0.374644 0.579070 0.015129
3 3 0.008328 0.019534 0.336251 0.623059 0.012828
3 3 0.008333 0.021166 0.363371 0.592430 0.014701
3 3 0.006601 0.016289 0.310446 0.654610 0.012054
3 3 0.008739 0.020708 0.343735 0.612592 0.014226
3 3 0.008864 0.020870 0.337535 0.617428 0.015303
3 3 0.010295 0.022628 0.350685 0.602698 0.013695
3 3 0.009878 0.024084 0.376825 0.572994 0.016219
3 3 0.007156 0.017525 0.313630 0.647779 0.013910
3 3 0.008997 0.021425 0.353925 0.601515 0.014138
2 3 0.081832 0.106224 0.487300 0.288545 0.036100
2 3 0.080357 0.103798 0.479144 0.299721 0.036980
2 3 0.084756 0.104235 0.471130 0.304634 0.035243
2 3 0.087130 0.108919 0.477934 0.288777 0.037241
2 2 0.167047 0.141772 0.421783 0.216761 0.052638
2 2 0.089283 0.162087 0.498119 0.120658 0.129853
2 2 0.034118 0.104238 0.632356 0.167253 0.062035
2 2 0.035064 0.113154 0.618751 0.151924 0.081107
2 2 0.045419 0.122289 0.591661 0.160996 0.079635
2 2 0.064469 0.151728 0.582782 0.111690 0.089331
2 2 0.026247 0.074905 0.552006 0.279403 0.067439
2 2 0.023344 0.072802 0.560378 0.272652 0.070823
2 2 0.020752 0.067329 0.554131 0.287907 0.069881
2 2 0.013655 0.043154 0.497749 0.403183 0.042259
3 2 0.009908 0.036336 0.438927 0.450372 0.064457
2 2 0.001854 0.027823 0.434790 0.217380 0.318154
2 2 0.002121 0.029834 0.432459 0.211932 0.323654
2 2 0.001992 0.029560 0.431226 0.201754 0.335469
2 2 0.002249 0.031033 0.430463 0.204680 0.331575
2 2 0.002148 0.030911 0.428994 0.195625 0.342322
2 2 0.168607 0.193472 0.379666 0.100650 0.157605
2 2 0.233618 0.231943 0.392155 0.041806 0.100478
2 2 0.187107 0.240136 0.384868 0.038008 0.149881
2 2 0.220893 0.222368 0.379286 0.050158 0.127295
2 2 0.166379 0.229378 0.440302 0.051807 0.112133
2 2 0.013061 0.044017 0.480341 0.400434 0.062147
3 2 0.006204 0.022830 0.423598 0.521147 0.026222
3 2 0.002474 0.015706 0.362284 0.556544 0.062992
3 2 0.001874 0.015629 0.363858 0.512662 0.105976
3 2 0.002239 0.015742 0.349377 0.544689 0.087953
2 2 0.002802 0.036593 0.417211 0.167884 0.375510
2 2 0.002626 0.036067 0.414884 0.160382 0.386041
2 2 0.002472 0.034073 0.421860 0.176564 0.365029
2 2 0.003055 0.037068 0.420934 0.181548 0.357395
4 2 0.026303 0.089672 0.303089 0.075949 0.504987
2 2 0.003859 0.039463 0.423519 0.203330 0.329829
2 2 0.002199 0.026524 0.434437 0.285197 0.251642
2 2 0.001994 0.025818 0.436153 0.276170 0.259866
2 2 0.001908 0.024693 0.435559 0.289695 0.248145
2 2 0.001888 0.024532 0.435558 0.290778 0.247243
2 2 0.001485 0.020452 0.431847 0.330764 0.215452
2 2 0.001557 0.021431 0.433920 0.317175 0.225917
2 2 0.001561 0.021794 0.435222 0.308848 0.232575
2 2 0.001592 0.022161 0.435657 0.304500 0.236090
2 2 0.001618 0.021561 0.432484 0.323165 0.221171
2 2 0.001646 0.021208 0.429784 0.335944 0.211418
2 2 0.001783 0.021947 0.428832 0.336721 0.210716
2 2 0.001923 0.023958 0.433244 0.307975 0.232899
2 2 0.002059 0.023183 0.426293 0.341661 0.206804
2 2 0.002742 0.025478 0.419059 0.358914 0.193808
2 2 0.112912 0.170348 0.476237 0.151948 0.088555
2 2 0.165131 0.187945 0.432745 0.106748 0.107432
2 2 0.128525 0.202087 0.483348 0.076390 0.109651
2 2 0.161623 0.217183 0.451391 0.067720 0.102083
2 2 0.125011 0.194015 0.478500 0.113905 0.088570
3 2 0.020994 0.041208 0.457259 0.463526 0.017014
2 2 0.025063 0.046180 0.458274 0.451469 0.019014
3 2 0.018154 0.037946 0.457632 0.470047 0.016221
3 2 0.020173 0.040060 0.455975 0.467272 0.016519
3 2 0.023657 0.043134 0.447981 0.468106 0.017122
3 2 0.018497 0.035675 0.412743 0.515975 0.017110
2 2 0.025103 0.045823 0.462603 0.449013 0.017458
3 2 0.020479 0.037777 0.422915 0.502877 0.015953
3 2 0.028912 0.047987 0.448069 0.457623 0.017409
3 2 0.019584 0.035453 0.409238 0.521035 0.014689
3 2 0.023093 0.040288 0.416122 0.503156 0.017341
3 2 0.021320 0.038797 0.430975 0.493667 0.015242
3 2 0.022875 0.039090 0.406919 0.514505 0.016611
3 2 0.024200 0.041915 0.424979 0.491631 0.017274
3 2 0.023718 0.041422 0.427213 0.490881 0.016766
3 2 0.024823 0.042847 0.438605 0.477850 0.015874
3 2 0.026388 0.042936 0.414923 0.498622 0.017132
3 2 0.024842 0.041936 0.429022 0.488689 0.015511
3 2 0.022170 0.038227 0.409702 0.514283 0.015618
3 2 0.024435 0.040234 0.411516 0.508347 0.015469
3 2 0.024895 0.039918 0.396814 0.522024 0.016349
3 2 0.024035 0.041462 0.432384 0.486657 0.015462
3 2 0.023801 0.041933 0.426675 0.489780 0.017812
3 2 0.024852 0.041650 0.421257 0.496117 0.016124
3 2 0.021588 0.034535 0.368291 0.560650 0.014936
3 2 0.028128 0.045346 0.424068 0.484891 0.017567
3 2 0.028042 0.045796 0.433814 0.475377 0.016971
3 2 0.026328 0.042297 0.412479 0.502580 0.016316
3 2 0.023822 0.040728 0.421729 0.497737 0.015985
3 2 0.022828 0.038913 0.399010 0.521594 0.017655
3 2 0.022901 0.038187 0.400643 0.522694 0.015576
3 2 0.029937 0.046180 0.420883 0.486150 0.016849
3 2 0.024580 0.040799 0.417609 0.501578 0.015434
3 2 0.030390 0.050476 0.443681 0.454806 0.020647
3 2 0.023456 0.039412 0.421012 0.502022 0.014098
3 2 0.020591 0.035113 0.384148 0.544438 0.015711
3 2 0.021696 0.039214 0.418917 0.502868 0.017305
3 2 0.021128 0.034856 0.378633 0.550463 0.014920
3 2 0.019630 0.034375 0.391174 0.539974 0.014847
3 2 0.024362 0.039630 0.393001 0.525665 0.017342
3 2 0.026204 0.040625 0.402042 0.516317 0.014812
3 2 0.024839 0.039351 0.395962 0.524470 0.015377
3 3 0.021282 0.037731 0.413743 0.511611 0.015633
3 3 0.019679 0.034292 0.384379 0.546037 0.015612
3 3 0.022441 0.037746 0.402042 0.522518 0.015253
3 3 0.021650 0.036607 0.381016 0.543027 0.017699
3 3 0.020570 0.038084 0.409717 0.512897 0.018733
3 3 0.017683 0.032347 0.384347 0.550370 0.015253
3 3 0.016485 0.030058 0.371798 0.567484 0.014175
3 3 0.017997 0.034350 0.406764 0.524909 0.015980
3 3 0.013368 0.026946 0.362305 0.582048 0.015332
3 3 0.015525 0.029735 0.374925 0.564593 0.015221
3 3 0.015738 0.028246 0.350802 0.590805 0.014408
3 3 0.012695 0.024417 0.340027 0.609651 0.013210
3 3 0.012365 0.024178 0.343285 0.607203 0.012970
2 3 0.128244 0.133096 0.448275 0.250130 0.040255
2 2 0.138915 0.148929 0.458158 0.209870 0.044128
2 2 0.293464 0.179984 0.391855 0.093088 0.041609
2 2 0.148896 0.163137 0.465077 0.146517 0.076373
2 2 0.153950 0.192312 0.512301 0.095402 0.046035
0 2 0.370958 0.182653 0.313895 0.067217 0.065277
2 2 0.265905 0.210769 0.427040 0.056361 0.039925
0 2 0.349697 0.227572 0.334711 0.031209 0.056810
2 2 0.342761 0.159036 0.347713 0.107887 0.042602
2 2 0.288464 0.226685 0.377283 0.044477 0.063092
2 2 0.289681 0.191161 0.360885 0.083375 0.074898
0 2 0.400651 0.186686 0.299990 0.057539 0.055135
2 2 0.250670 0.213595 0.377268 0.067391 0.091076
2 2 0.172671 0.185243 0.446040 0.129274 0.066772
2 2 0.249153 0.208623 0.379217 0.066438 0.096570
2 2 0.249064 0.220074 0.409359 0.059995 0.061509
2 2 0.098804 0.171959 0.568884 0.106608 0.053745
2 2 0.129946 0.199271 0.521587 0.090687 0.058509
2 2 0.174636 0.214991 0.466946 0.075634 0.067792
2 2 0.296652 0.165343 0.371592 0.116361 0.050052
0 2 0.376576 0.201627 0.308191 0.049291 0.064315
2 2 0.146669 0.206229 0.484462 0.069130 0.093510
2 2 0.200816 0.225548 0.420261 0.061714 0.091661
2 2 0.202470 0.224861 0.418782 0.057522 0.096364
2 2 0.197438 0.213050 0.463849 0.063628 0.062036
2 2 0.244242 0.203947 0.432081 0.077490 0.042241
2 2 0.179333 0.198071 0.511521 0.073831 0.037244
2 2 0.099439 0.153285 0.595206 0.118692 0.033378
2 2 0.111419 0.159831 0.577408 0.110258 0.041083
2 2 0.099967 0.164931 0.584596 0.108449 0.042057
2 2 0.103884 0.155892 0.581139 0.128099 0.030986
2 2 0.097575 0.155355 0.596363 0.119186 0.031522
2 2 0.093301 0.157428 0.586537 0.123193 0.039542
2 2 0.070788 0.135586 0.613089 0.143701 0.036835
2 2 0.080639 0.146165 0.586593 0.142115 0.044488
2 2 0.088619 0.137101 0.588858 0.155846 0.029577
2 2 0.082482 0.133222 0.602066 0.154567 0.027663
2 2 0.067595 0.123451 0.623039 0.158281 0.027634
2 2 0.080263 0.137251 0.601626 0.148700 0.032160
2 2 0.065583 0.131065 0.619883 0.146610 0.036859
2 2 0.242514 0.242525 0.352891 0.033215 0.128855
0 2 0.423632 0.175650 0.259797 0.063654 0.077267
2 2 0.322347 0.213537 0.335478 0.044474 0.084164
0 2 0.315795 0.227918 0.287848 0.031972 0.136468
2 2 0.242531 0.231406 0.337251 0.038851 0.149961
2 2 0.029625 0.077993 0.603878 0.249650 0.038855
2 2 0.036263 0.082201 0.569339 0.269522 0.042675
2 2 0.046194 0.102007 0.559306 0.232141 0.060353
2 2 0.038964 0.087332 0.573284 0.256230 0.044190
2 2 0.034555 0.075511 0.550454 0.299782 0.039697
2 2 0.082835 0.136827 0.544439 0.184351 0.051548
2 2 0.041222 0.100974 0.625741 0.190840 0.041223
2 2 0.044378 0.100678 0.606548 0.206191 0.042205
2 2 0.042195 0.097277 0.605759 0.213442 0.041327
2 2 0.054509 0.114162 0.572531 0.203005 0.055793
2 2 0.026715 0.071551 0.577800 0.279948 0.043987
2 2 0.038544 0.090340 0.571526 0.247299 0.052291
2 2 0.031161 0.076554 0.571208 0.277195 0.043882
2 2 0.009271 0.040423 0.477658 0.390276 0.082371
2 2 0.019868 0.064381 0.554878 0.297660 0.063213
4 2 0.032076 0.118768 0.299077 0.071397 0.478683
4 2 0.022470 0.107297 0.308723 0.071743 0.489768
4 2 0.021085 0.105829 0.299197 0.064219 0.509671
4 2 0.111717 0.161580 0.254227 0.038860 0.433615
2 2 0.053732 0.141036 0.457038 0.091754 0.256440
2 2 0.009196 0.055845 0.489575 0.238137 0.207246
2 2 0.002093 0.027985 0.435916 0.243821 0.290185
2 2 0.005309 0.041932 0.424057 0.246626 0.282075
2 2 0.001858 0.027095 0.436490 0.232521 0.302037
2 2 0.002642 0.031593 0.432627 0.233991 0.299147
2 2 0.002327 0.030487 0.432962 0.222667 0.311557
2 4 0.010430 0.064474 0.398000 0.169304 0.357792
2 4 0.002349 0.029793 0.434268 0.237635 0.295954
2 4 0.003043 0.033957 0.430417 0.228555 0.304028
2 4 0.001666 0.026100 0.437055 0.226349 0.308830
2 4 0.001629 0.024941 0.438676 0.245767 0.288988
2 4 0.001615 0.023231 0.437908 0.282522 0.254724
2 4 0.001995 0.026053 0.436402 0.271306 0.264244
2 4 0.001632 0.023809 0.438490 0.271649 0.264420
2 4 0.001593 0.022946 0.437766 0.285878 0.251817
4 4 0.004440 0.053618 0.341100 0.076759 0.524083
4 4 0.026951 0.096510 0.277474 0.057645 0.541420
4 4 0.016330 0.082565 0.268706 0.047753 0.584645
4 4 0.006483 0.062548 0.341909 0.081151 0.507910
4 4 0.005606 0.058547 0.345868 0.082787 0.507192
4 4 0.003630 0.046362 0.374128 0.104167 0.471712
4 4 0.002830 0.041799 0.374429 0.101399 0.479543
4 4 0.002940 0.042368 0.375542 0.103020 0.476129
4 4 0.003725 0.047419 0.368499 0.098631 0.481726
4 4 0.008823 0.063447 0.324796 0.075588 0.527346
4 4 0.024116 0.106436 0.266049 0.047930 0.555468
4 4 0.031655 0.120269 0.245092 0.040317 0.562667
4 4 0.008946 0.071812 0.336961 0.080905 0.501375
4 4 0.008430 0.070255 0.335938 0.079368 0.506008
4 4 0.020250 0.091942 0.244813 0.038235 0.604760
4 4 0.037049 0.105390 0.248087 0.045665 0.563810
4 4 0.006803 0.064847 0.318583 0.065461 0.544306
4 4 0.007435 0.066074 0.307356 0.060081 0.559055
4 4 0.007354 0.067407 0.327593 0.071661 0.525985
4 4 0.006691 0.064177 0.334283 0.075577 0.519271
4 4 0.009166 0.071676 0.260302 0.039218 0.619639
4 4 0.012098 0.069792 0.251735 0.039245 0.627131
4 4 0.026322 0.091443 0.191892 0.022449 0.667894
4 4 0.010982 0.077776 0.262178 0.040763 0.608300
4 4 0.013515 0.082532 0.248390 0.036711 0.618853
4 4 0.002994 0.040648 0.395350 0.127848 0.433161
2 4 0.003484 0.041590 0.406894 0.150699 0.397334
2 4 0.003571 0.042169 0.405780 0.149120 0.399359
2 4 0.004005 0.044328 0.404353 0.149248 0.398066
2 4 0.003692 0.042916 0.404546 0.147558 0.401287
4 4 0.003178 0.041173 0.399164 0.134812 0.421673
4 4 0.003481 0.042291 0.402110 0.141687 0.410431
2 4 0.003643 0.042572 0.405310 0.148699 0.399777
2 4 0.003780 0.042892 0.407129 0.153328 0.392872
2 4 0.003114 0.039568 0.408434 0.150969 0.397915
4 2 0.031749 0.105411 0.270252 0.054858 0.537730
4 2 0.006870 0.062072 0.358413 0.096659 0.475987
4 2 0.004868 0.053042 0.367268 0.100826 0.473996
4 2 0.005554 0.056739 0.360518 0.095788 0.481402
4 2 0.004539 0.052265 0.360482 0.093220 0.489493
4 2 0.003591 0.047821 0.356342 0.086950 0.505295
4 2 0.003515 0.047205 0.358506 0.088608 0.502167
4 2 0.002764 0.043241 0.351238 0.080393 0.522363
4 2 0.003440 0.046801 0.348301 0.080618 0.520840
4 2 0.003637 0.048057 0.356476 0.087191 0.504640
4 2 0.002376 0.036410 0.400893 0.132163 0.428157
4 2 0.002200 0.035828 0.395378 0.122910 0.443683
4 2 0.002267 0.036648 0.391488 0.118195 0.451401
4 2 0.002187 0.036387 0.388369 0.113814 0.459243
4 2 0.002488 0.038313 0.389101 0.116467 0.453631
4 2 0.002241 0.035102 0.404973 0.137642 0.420042
4 2 0.002545 0.038042 0.395379 0.125169 0.438866
4 2 0.002595 0.038433 0.394574 0.124352 0.440046
4 2 0.002942 0.039934 0.398975 0.133027 0.425123
4 2 0.003905 0.044775 0.398592 0.138153 0.414575
4 2 0.002871 0.040233 0.392931 0.123695 0.440270
4 2 0.003054 0.040187 0.401780 0.138323 0.416655
4 2 0.002726 0.038894 0.397442 0.129307 0.431632
4 2 0.002572 0.037357 0.403004 0.136976 0.420091
4 2 0.003214 0.042188 0.392369 0.124790 0.437440
4 2 0.002374 0.036462 0.400297 0.131232 0.429634
4 2 0.002818 0.040863 0.383789 0.111709 0.460821
4 2 0.003006 0.040803 0.394600 0.126827 0.434763
4 2 0.003329 0.041595 0.401779 0.140130 0.413167
4 2 0.002041 0.034848 0.394157 0.120186 0.448769
4 2 0.003135 0.041017 0.398622 0.133681 0.423545
4 2 0.002370 0.037381 0.390907 0.118076 0.451266
4 2 0.002720 0.039332 0.393144 0.123120 0.441684
4 2 0.002542 0.037436 0.400775 0.133172 0.426074
4 2 0.002887 0.039490 0.400139 0.134516 0.422968
2 2 0.002266 0.031849 0.427555 0.192297 0.346033
2 2 0.002062 0.030923 0.426786 0.185624 0.354604
2 2 0.001969 0.030922 0.423732 0.174525 0.368853
2 2 0.001936 0.028682 0.433365 0.211312 0.324706
2 2 0.002592 0.033005 0.428944 0.205355 0.330103
2 2 0.002309 0.029998 0.433818 0.229652 0.304223
2 2 0.002181 0.028277 0.435617 0.248191 0.285734
2 2 0.001670 0.027393 0.432862 0.200528 0.337548
2 2 0.001826 0.027786 0.434516 0.214486 0.321387
2 2 0.002262 0.030510 0.432275 0.215339 0.319613
2 2 0.001629 0.023562 0.438221 0.276890 0.259698
2 2 0.001723 0.024978 0.438283 0.258655 0.276361
2 2 0.001866 0.025064 0.436853 0.276251 0.259966
2 2 0.002057 0.026681 0.436268 0.265798 0.269196
2 2 0.002620 0.031025 0.433249 0.241921 0.291185
2 2 0.001832 0.026612 0.437108 0.238931 0.295517
2 2 0.002368 0.029131 0.434773 0.251841 0.281887
2 2 0.001908 0.027876 0.435268 0.223363 0.311585
2 2 0.001849 0.026347 0.437376 0.246680 0.287749
2 2 0.001933 0.027977 0.435265 0.224532 0.310293
2 3 0.001983 0.022395 0.424494 0.351017 0.200111
2 3 0.002256 0.023857 0.423858 0.348072 0.201956
2 3 0.002615 0.025942 0.424423 0.338414 0.208606
2 3 0.002058 0.023784 0.429128 0.328065 0.216966
2 3 0.002171 0.021574 0.412236 0.391107 0.172913
3 3 0.003106 0.022729 0.389393 0.443733 0.141038
3 3 0.003025 0.021958 0.385240 0.454521 0.135256
3 3 0.002763 0.019955 0.374850 0.480318 0.122114
3 3 0.003058 0.020491 0.370945 0.489435 0.116072
3 3 0.003148 0.021707 0.378951 0.468181 0.128013
3 3 0.003016 0.022618 0.391277 0.439826 0.143263
3 3 0.004021 0.025096 0.383639 0.450654 0.136589
3 3 0.003063 0.022498 0.388759 0.445671 0.140008
3 3 0.004078 0.024851 0.382204 0.459795 0.129072
3 3 0.003120 0.023500 0.395293 0.428546 0.149542
2 3 0.038971 0.106195 0.598741 0.188819 0.067273
2 3 0.038266 0.104601 0.632797 0.175321 0.049014
2 3 0.039405 0.110182 0.606526 0.174550 0.069337
2 3 0.039659 0.104134 0.595435 0.196669 0.064103
2 3 0.040328 0.099403 0.601105 0.208595 0.050570
2 3 0.046706 0.100190 0.610074 0.207749 0.035280
2 3 0.039607 0.094887 0.625665 0.204301 0.035540
2 3 0.039002 0.090969 0.606175 0.225888 0.037966
2 3 0.044337 0.103648 0.611009 0.197392 0.043615
2 3 0.054641 0.106896 0.586402 0.212896 0.039163
2 3 0.033826 0.073330 0.570482 0.292163 0.030200
2 3 0.036300 0.078377 0.573405 0.279099 0.032820
2 3 0.041938 0.081564 0.569455 0.277677 0.029366
2 3 0.037706 0.080053 0.596386 0.259653 0.026201
2 3 0.035541 0.071233 0.563175 0.304536 0.025516
2 3 0.218026 0.202382 0.426725 0.086079 0.066788
2 2 0.191452 0.195550 0.486346 0.081728 0.044924
2 2 0.081112 0.146254 0.592162 0.139476 0.040996
2 2 0.091366 0.170465 0.578363 0.103304 0.056502
2 2 0.098311 0.172230 0.563799 0.114167 0.051493
2 2 0.199992 0.188018 0.440054 0.090723 0.081213
2 2 0.202683 0.209065 0.439208 0.070271 0.078773
2 2 0.167557 0.205705 0.478626 0.070502 0.077610
2 2 0.117369 0.189145 0.534779 0.092803 0.065904
2 2 0.120270 0.198927 0.517410 0.084605 0.078788
2 2 0.191991 0.186005 0.471536 0.101894 0.048573
2 2 0.229085 0.189466 0.442366 0.090781 0.048302
2 2 0.107279 0.144510 0.594881 0.130735 0.022595
2 2 0.081115 0.129167 0.593388 0.167010 0.029320
2 2 0.108400 0.156053 0.564157 0.136400 0.034990
2 2 0.073213 0.113878 0.578721 0.207104 0.027084
2 2 0.069906 0.107958 0.600507 0.202037 0.019592
2 2 0.054684 0.099140 0.604141 0.217420 0.024614
2 2 0.067983 0.112225 0.596112 0.197715 0.025965
2 2 0.082718 0.123699 0.586901 0.181855 0.024827
2 2 0.055454 0.089462 0.562598 0.269319 0.023168
2 2 0.051510 0.087845 0.575407 0.262215 0.023022
2 2 0.069498 0.102636 0.585022 0.224172 0.018672
2 2 0.053998 0.083160 0.540570 0.300578 0.021694
2 2 0.072564 0.103466 0.561148 0.241022 0.021800
2 2 0.079140 0.111420 0.554728 0.229400 0.025312
2 2 0.075001 0.116578 0.580864 0.200490 0.027067
2 2 0.072208 0.125128 0.607488 0.166729 0.028447
2 2 0.062315 0.110274 0.603921 0.196427 0.027062
2 2 0.102519 0.133895 0.572874 0.165984 0.024729
2 2 0.085827 0.124786 0.590256 0.176838 0.022293
2 2 0.051436 0.085855 0.588782 0.255669 0.018259
2 2 0.052655 0.088214 0.572676 0.263756 0.022699
2 2 0.086676 0.122903 0.578998 0.188400 0.023023
2 2 0.084995 0.126885 0.590704 0.173656 0.023761
2 2 0.078341 0.117647 0.591355 0.190147 0.022510
2 2 0.087600 0.126350 0.589506 0.174282 0.022262
2 2 0.079246 0.128646 0.597248 0.166438 0.028421
2 2 0.116161 0.132183 0.546728 0.181049 0.023880
2 2 0.048542 0.080865 0.566820 0.283951 0.019823
2 2 0.048703 0.085791 0.589068 0.255366 0.021072
2 2 0.050511 0.087366 0.577815 0.261179 0.023130
2 2 0.041745 0.079108 0.578715 0.276443 0.023989
2 2 0.050996 0.091549 0.574297 0.254768 0.028390
2 2 0.046035 0.085142 0.573145 0.268575 0.027102
2 2 0.158545 0.191491 0.501128 0.105815 0.043022
2 2 0.154284 0.201515 0.496257 0.092306 0.055637
2 2 0.208634 0.197046 0.456274 0.093291 0.044754
0 2 0.436244 0.147877 0.295950 0.090446 0.029482
2 2 0.324697 0.177250 0.364446 0.094305 0.039303
0 2 0.442832 0.174528 0.259065 0.056807 0.066768
2 2 0.321476 0.199960 0.342394 0.059522 0.076648
2 2 0.182760 0.220742 0.446438 0.063237 0.086823
2 2 0.175818 0.220362 0.470700 0.060010 0.073111
2 2 0.207792 0.228090 0.415055 0.053281 0.095782
2 2 0.084494 0.158357 0.586065 0.122107 0.048978
2 2 0.091659 0.162021 0.585872 0.118668 0.041780
2 2 0.136781 0.170836 0.518326 0.116895 0.057162
2 2 0.054748 0.111637 0.640044 0.166781 0.026790
2 2 0.059046 0.129332 0.620857 0.146933 0.043831
2 2 0.049794 0.107297 0.635102 0.177409 0.030398
2 2 0.050068 0.107756 0.637983 0.174354 0.029839
2 2 0.072852 0.130337 0.592510 0.165994 0.038306
2 2 0.069290 0.126216 0.590691 0.174401 0.039401
2 2 0.066929 0.116767 0.589795 0.193745 0.032763
2 2 0.176385 0.186317 0.483784 0.098343 0.055172
2 2 0.065270 0.124702 0.617912 0.159460 0.032656
2 2 0.065010 0.119844 0.611968 0.171803 0.031374
2 2 0.086263 0.156248 0.593107 0.122795 0.041586
2 2 0.090189 0.151766 0.598587 0.124984 0.034474
2 2 0.069998 0.128047 0.617464 0.154401 0.030091
2 2 0.060742 0.112834 0.601181 0.192066 0.033177
2 2 0.061117 0.118220 0.630044 0.162794 0.027826
2 2 0.070512 0.132276 0.622112 0.143690 0.031410
2 2 0.064876 0.127243 0.608244 0.160654 0.038983
2 2 0.238521 0.209905 0.465005 0.059313 0.027255
2 2 0.174497 0.195523 0.505935 0.091439 0.032606
2 2 0.197572 0.216683 0.476784 0.065843 0.043118
2 2 0.321972 0.162054 0.362153 0.116201 0.037620
2 2 0.296882 0.198722 0.400081 0.066446 0.037868
2 2 0.099085 0.176552 0.534533 0.107526 0.082303
2 2 0.148568 0.203624 0.488906 0.072768 0.086134
2 2 0.063134 0.140795 0.590425 0.142233 0.063413
2 2 0.145586 0.177297 0.497450 0.120966 0.058701
2 2 0.080058 0.166630 0.548796 0.119808 0.084707
2 2 0.066410 0.107148 0.554434 0.237468 0.034541
2 2 0.071002 0.110810 0.540127 0.240622 0.037438
2 2 0.073142 0.113983 0.560402 0.220567 0.031906
2 2 0.085720 0.136366 0.558776 0.177484 0.041655
2 2 0.036399 0.076192 0.574750 0.284063 0.028596
2 2 0.233483 0.215987 0.430312 0.066952 0.053267
0 2 0.380498 0.168010 0.317808 0.089937 0.043747
0 2 0.363325 0.177037 0.359290 0.071291 0.029057
2 2 0.326634 0.211440 0.362796 0.048006 0.051124
2 2 0.229610 0.206852 0.416022 0.080513 0.067004
2 2 0.032385 0.070936 0.586335 0.285401 0.024943
2 2 0.051229 0.095647 0.566721 0.250923 0.035480
2 2 0.045864 0.089272 0.569406 0.261258 0.034201
2 2 0.062577 0.107726 0.569300 0.224581 0.035815
2 2 0.059829 0.094601 0.520859 0.288644 0.036066
2 2 0.160187 0.171845 0.484400 0.147730 0.035838
2 2 0.157368 0.191726 0.490294 0.114635 0.045977
2 2 0.268297 0.188963 0.417612 0.090939 0.034188
2 2 0.285285 0.185542 0.409085 0.085808 0.034280
2 2 0.211335 0.171759 0.490980 0.097266 0.028659
2 2 0.148917 0.196316 0.525012 0.088209 0.041546
2 2 0.190996 0.209165 0.479985 0.075658 0.044196
2 2 0.223384 0.223608 0.443778 0.056382 0.052848
2 2 0.177872 0.209564 0.492321 0.076502 0.043740
0 2 0.356711 0.148477 0.351044 0.116790 0.026978
2 2 0.236530 0.209703 0.410277 0.064365 0.079126
2 2 0.041648 0.109795 0.606552 0.179329 0.062677
2 2 0.045902 0.125776 0.589395 0.151398 0.087527
2 2 0.056311 0.145550 0.586877 0.124772 0.086490
2 2 0.084169 0.181102 0.405988 0.099885 0.228856
4 2 0.004850 0.049628 0.392973 0.133694 0.418855
4 2 0.024150 0.087566 0.336314 0.104082 0.447887
4 2 0.004762 0.049565 0.391019 0.130244 0.424409
2 2 0.006013 0.052021 0.402781 0.158078 0.381106
4 2 0.004868 0.049358 0.395187 0.137413 0.413174
4 4 0.005495 0.055816 0.366350 0.101568 0.470771
4 4 0.005428 0.056345 0.359364 0.094372 0.484491
4 4 0.004068 0.049150 0.368640 0.099868 0.478274
4 4 0.005014 0.054341 0.361347 0.095269 0.484029
4 4 0.015124 0.088695 0.333104 0.085155 0.477922
4 4 0.003839 0.046496 0.382714 0.114915 0.452036
4 4 0.010424 0.070990 0.320036 0.072681 0.525869
4 4 0.004775 0.051464 0.377214 0.111649 0.454898
4 4 0.005441 0.052376 0.390048 0.131633 0.420502
4 4 0.012274 0.075328 0.338275 0.088879 0.485244
3 4 0.000799 0.012042 0.395606 0.456495 0.135058
3 4 0.000782 0.012225 0.400843 0.444643 0.141507
3 4 0.000977 0.014357 0.410716 0.415666 0.158284
3 4 0.001261 0.014383 0.386479 0.469680 0.128196
3 4 0.000934 0.013192 0.398677 0.446826 0.140372
2 4 0.002071 0.027668 0.436171 0.247497 0.286592
2 4 0.002636 0.030902 0.433343 0.245589 0.287530
2 4 0.001901 0.026024 0.437233 0.260162 0.274681
2 4 0.011959 0.066977 0.398915 0.179903 0.342245
2 4 0.002652 0.031367 0.432928 0.238835 0.294217
2 4 0.006011 0.049691 0.411944 0.182805 0.349549
4 4 0.010388 0.068401 0.382785 0.136801 0.401626
2 4 0.003450 0.037155 0.426169 0.209455 0.323771
2 4 0.002815 0.035409 0.423513 0.186817 0.351446
2 4 0.002466 0.032772 0.427769 0.197154 0.339839
3 4 0.000921 0.011952 0.379489 0.489404 0.118233
3 4 0.000758 0.010846 0.378801 0.493392 0.116204
3 4 0.000710 0.010149 0.371061 0.509606 0.108473
3 4 0.000627 0.009605 0.372090 0.509011 0.108667
3 4 0.000774 0.011248 0.384519 0.481263 0.122196
4 4 0.010607 0.077006 0.335548 0.081944 0.494896
