0 0 0.539414 0.140144 0.249425 0.059052 0.011966
0 0 0.414623 0.165023 0.340341 0.066159 0.013854
0 0 0.494059 0.136801 0.274505 0.082554 0.012081
0 0 0.571197 0.109830 0.239682 0.070610 0.008682
0 0 0.633871 0.082426 0.186132 0.092434 0.005137
0 0 0.683104 0.097801 0.156503 0.052945 0.009647
0 0 0.667252 0.108054 0.166285 0.047975 0.010434
0 0 0.702348 0.102169 0.142727 0.041985 0.010770
0 0 0.708047 0.092734 0.147183 0.045765 0.006272
0 0 0.745492 0.095294 0.126302 0.025675 0.007238
2 0 0.326415 0.149553 0.385642 0.122044 0.016347
2 0 0.193752 0.136205 0.506911 0.152911 0.010220
2 0 0.234353 0.156834 0.452961 0.138423 0.017430
2 0 0.149843 0.123740 0.554563 0.162006 0.009847
0 0 0.356276 0.173136 0.346728 0.094297 0.029562
2 0 0.322519 0.166992 0.412770 0.078154 0.019565
2 0 0.222661 0.174649 0.486407 0.096167 0.020115
2 0 0.293246 0.186897 0.425983 0.068131 0.025743
2 0 0.292977 0.183525 0.412898 0.072461 0.038140
2 0 0.243311 0.181704 0.472293 0.076526 0.026167
2 0 0.108858 0.144475 0.557445 0.158510 0.030712
2 0 0.149154 0.160895 0.475645 0.176703 0.037603
2 0 0.157896 0.159145 0.498816 0.153067 0.031076
2 0 0.088820 0.131598 0.571582 0.184232 0.023769
2 0 0.113735 0.159712 0.534152 0.161501 0.030899
2 0 0.129968 0.166103 0.541276 0.133912 0.028741
2 0 0.246928 0.163032 0.428889 0.132973 0.028178
2 0 0.082155 0.105919 0.538021 0.258370 0.015534
2 0 0.053751 0.094361 0.603051 0.230459 0.018378
2 0 0.062547 0.094492 0.579909 0.244740 0.018312
2 0 0.301332 0.185896 0.381846 0.091183 0.039744
2 0 0.179978 0.173467 0.506343 0.114433 0.025779
2 0 0.292329 0.161544 0.410336 0.108564 0.027228
2 0 0.229300 0.170505 0.445672 0.128764 0.025759
2 0 0.217310 0.165940 0.456037 0.138706 0.022008
2 0 0.179406 0.155755 0.461607 0.170841 0.032390
2 0 0.111562 0.116944 0.544205 0.214008 0.013281
2 0 0.144743 0.135903 0.498987 0.199163 0.021204
2 0 0.076064 0.118143 0.559885 0.224027 0.021881
2 0 0.057178 0.102056 0.580813 0.239167 0.020787
2 0 0.086229 0.122004 0.621012 0.148432 0.022323
2 0 0.046477 0.079417 0.648760 0.212593 0.012753
2 0 0.300115 0.168944 0.384074 0.114042 0.032826
2 0 0.084955 0.120663 0.595139 0.180873 0.018369
2 0 0.055798 0.096183 0.644148 0.183024 0.020847
2 0 0.124537 0.146314 0.554856 0.148729 0.025565
2 0 0.257260 0.180049 0.410215 0.103781 0.048696
2 0 0.183320 0.165383 0.506794 0.118393 0.026110
2 0 0.148006 0.163449 0.541292 0.121878 0.025375
2 0 0.276801 0.170275 0.405289 0.116755 0.030879
2 0 0.093053 0.085284 0.669464 0.144738 0.007461
2 0 0.070043 0.085576 0.698082 0.136207 0.010092
2 0 0.103085 0.090799 0.652055 0.145036 0.009026
2 0 0.117342 0.102615 0.639267 0.129464 0.011312
2 0 0.075301 0.084248 0.686117 0.144314 0.010020
2 0 0.127140 0.113011 0.627982 0.119155 0.012712
2 0 0.198610 0.138220 0.519601 0.127230 0.016340
2 0 0.173343 0.119125 0.580063 0.116593 0.010876
2 0 0.284606 0.149850 0.432219 0.116939 0.016385
2 0 0.323288 0.152149 0.381399 0.125059 0.018104
0 0 0.372593 0.168064 0.364768 0.074750 0.019825
0 0 0.366585 0.172338 0.356790 0.080605 0.023682
2 0 0.267314 0.188233 0.427355 0.085629 0.031469
2 0 0.325448 0.183169 0.387067 0.078068 0.026248
2 0 0.310158 0.186424 0.395452 0.078359 0.029607
0 0 0.541023 0.125900 0.244235 0.078217 0.010624
0 0 0.373340 0.163474 0.368628 0.078926 0.015632
2 0 0.373519 0.153533 0.383419 0.078126 0.011404
0 0 0.383785 0.165934 0.348980 0.084754 0.016546
0 0 0.426384 0.162199 0.338001 0.057999 0.015417
2 0 0.271352 0.150433 0.446324 0.118566 0.013325
2 0 0.263123 0.157300 0.452689 0.111967 0.014921
2 0 0.230322 0.153768 0.483797 0.118553 0.013560
0 0 0.366576 0.147562 0.354921 0.114877 0.016065
2 0 0.187645 0.158053 0.547464 0.088713 0.018126
2 0 0.216514 0.187759 0.466760 0.094683 0.034284
2 0 0.260149 0.191445 0.428973 0.081822 0.037611
2 0 0.292090 0.190349 0.402090 0.077676 0.037796
2 0 0.260517 0.180250 0.466767 0.064706 0.027760
0 0 0.407098 0.177076 0.327161 0.057413 0.031251
2 0 0.092733 0.109972 0.617123 0.168174 0.011999
2 0 0.226940 0.168564 0.419949 0.130459 0.054089
2 0 0.125221 0.156568 0.562055 0.133435 0.022720
2 0 0.133227 0.158862 0.569210 0.116993 0.021707
2 0 0.143088 0.165746 0.547137 0.120113 0.023916
2 0 0.073321 0.112821 0.581151 0.212654 0.020053
2 0 0.058359 0.100254 0.566282 0.256687 0.018418
2 0 0.065863 0.105243 0.565347 0.246717 0.016831
2 0 0.083283 0.121718 0.560409 0.212102 0.022487
2 0 0.091848 0.126114 0.574677 0.185225 0.022135
2 0 0.132866 0.160736 0.516268 0.163037 0.027092
2 0 0.152247 0.149330 0.498540 0.179400 0.020482
2 0 0.120025 0.148995 0.542972 0.164488 0.023520
2 0 0.213389 0.139796 0.419443 0.200829 0.026543
2 0 0.310673 0.156717 0.383079 0.123960 0.025570
2 0 0.329646 0.162585 0.414408 0.078200 0.015161
2 0 0.344003 0.157330 0.399007 0.085197 0.014462
2 0 0.331123 0.160476 0.408003 0.085985 0.014413
2 0 0.326485 0.162363 0.407966 0.087895 0.015291
0 0 0.458185 0.131609 0.305220 0.090652 0.014333
0 0 0.520132 0.133419 0.259044 0.076292 0.011112
0 0 0.432057 0.139753 0.310619 0.104171 0.013401
0 0 0.434416 0.154943 0.313771 0.082822 0.014048
0 0 0.394039 0.156889 0.362651 0.073515 0.012905
0 0 0.416590 0.162879 0.327883 0.075012 0.017636
0 0 0.399408 0.158601 0.359756 0.067588 0.014647
0 0 0.376957 0.164082 0.365806 0.075677 0.017478
0 0 0.453887 0.156574 0.290127 0.078263 0.021149
2 0 0.306010 0.172846 0.405296 0.095738 0.020110
2 0 0.335142 0.174280 0.382307 0.084540 0.023731
2 0 0.139993 0.166051 0.553708 0.119278 0.020969
2 0 0.120799 0.158037 0.569596 0.126980 0.024589
2 0 0.209224 0.159181 0.468572 0.128271 0.034751
2 0 0.122390 0.125279 0.600304 0.142199 0.009828
2 0 0.223896 0.160636 0.487504 0.110454 0.017511
2 0 0.108365 0.133759 0.586806 0.150916 0.020153
2 0 0.084887 0.126120 0.596552 0.172812 0.019629
2 0 0.107118 0.143985 0.567632 0.151028 0.030238
2 0 0.073859 0.117484 0.591880 0.196451 0.020326
2 0 0.053587 0.092110 0.591349 0.248099 0.014856
2 0 0.253719 0.161673 0.472101 0.098103 0.014403
2 0 0.203661 0.172092 0.494233 0.110588 0.019425
0 0 0.436178 0.134287 0.336538 0.082912 0.010085
2 0 0.360161 0.157807 0.399882 0.069783 0.012367
0 0 0.381125 0.158582 0.340586 0.098279 0.021428
0 0 0.393227 0.169735 0.341087 0.070332 0.025618
2 0 0.234253 0.190628 0.467283 0.081702 0.026134
2 0 0.296931 0.192139 0.430601 0.054711 0.025617
2 0 0.295758 0.179228 0.435886 0.070124 0.019004
0 0 0.465140 0.153844 0.300561 0.062541 0.017914
2 0 0.170076 0.130908 0.533213 0.152558 0.013246
2 0 0.145684 0.131943 0.498854 0.210200 0.013320
2 0 0.131153 0.114899 0.510800 0.235742 0.007407
2 0 0.085943 0.093612 0.561146 0.250813 0.008486
2 0 0.181798 0.130630 0.496075 0.178577 0.012919
2 0 0.174170 0.131989 0.507706 0.171905 0.014229
2 0 0.147943 0.129154 0.508695 0.203066 0.011142
2 0 0.220150 0.142647 0.470426 0.153804 0.012973
2 0 0.169700 0.141281 0.522489 0.143857 0.022674
2 0 0.123616 0.141680 0.529622 0.187826 0.017257
2 0 0.191494 0.151894 0.506779 0.135872 0.013962
2 0 0.207661 0.157771 0.503526 0.116561 0.014482
2 0 0.251910 0.174553 0.453484 0.093021 0.027033
2 0 0.280805 0.166174 0.441205 0.089865 0.021951
2 0 0.119103 0.131274 0.610167 0.126762 0.012694
2 0 0.041764 0.071116 0.650870 0.227338 0.008912
2 0 0.046732 0.082320 0.638237 0.217678 0.015033
2 0 0.057129 0.095539 0.614529 0.218337 0.014466
2 0 0.064629 0.092563 0.578229 0.247510 0.017069
2 0 0.085760 0.106152 0.614837 0.183541 0.009711
2 0 0.094782 0.115057 0.593936 0.184957 0.011268
2 0 0.090248 0.106262 0.637824 0.153471 0.012194
2 0 0.122668 0.104621 0.605914 0.157826 0.008971
2 0 0.075247 0.092945 0.650815 0.171939 0.009055
2 0 0.076676 0.092027 0.656584 0.165949 0.008763
2 1 0.048010 0.079900 0.589788 0.270732 0.011570
2 1 0.038693 0.070364 0.582430 0.298594 0.009919
2 1 0.080435 0.095460 0.559235 0.249189 0.015681
2 1 0.046836 0.079659 0.585692 0.276931 0.010881
2 1 0.024609 0.052809 0.606803 0.307614 0.008166
2 2 0.016324 0.037826 0.568758 0.371813 0.005280
2 2 0.014818 0.035172 0.522753 0.421833 0.005424
2 2 0.015220 0.038794 0.550060 0.388505 0.007421
2 2 0.017125 0.043771 0.642420 0.288259 0.008426
2 2 0.015687 0.040967 0.634980 0.300517 0.007848
2 2 0.009434 0.028954 0.582566 0.372719 0.006327
2 2 0.017580 0.043885 0.594669 0.335384 0.008482
2 2 0.012573 0.032038 0.608743 0.342098 0.004549
2 2 0.008895 0.027157 0.554435 0.403813 0.005700
2 2 0.011708 0.032030 0.565136 0.385249 0.005877
2 1 0.277314 0.171762 0.451782 0.078492 0.020650
2 1 0.223083 0.159218 0.529849 0.073192 0.014659
2 0 0.278608 0.166078 0.456477 0.077929 0.020908
2 0 0.314871 0.158160 0.427400 0.085001 0.014568
2 0 0.322038 0.153667 0.393959 0.113721 0.016615
2 0 0.252307 0.144410 0.452747 0.137461 0.013074
2 0 0.210091 0.138954 0.498294 0.138044 0.014618
2 1 0.190230 0.131085 0.521600 0.145023 0.012063
2 1 0.194793 0.145343 0.512966 0.133612 0.013285
2 1 0.187369 0.137413 0.524632 0.136100 0.014486
2 1 0.184792 0.111667 0.514420 0.177649 0.011471
2 1 0.110025 0.106083 0.596412 0.176805 0.010675
2 2 0.124113 0.119335 0.536985 0.209000 0.010567
2 2 0.119203 0.114688 0.576659 0.178305 0.011145
2 2 0.141870 0.123550 0.539905 0.180279 0.014396
2 2 0.042606 0.067443 0.584521 0.298566 0.006864
2 2 0.033678 0.057832 0.629546 0.273039 0.005905
2 2 0.072702 0.077754 0.549927 0.287969 0.011648
2 2 0.042097 0.064541 0.579795 0.308315 0.005251
2 2 0.022398 0.045576 0.588925 0.337775 0.005326
2 2 0.040078 0.068095 0.594788 0.288939 0.008100
2 2 0.020460 0.042438 0.571530 0.360615 0.004957
2 2 0.019235 0.042229 0.575784 0.357068 0.005684
2 2 0.029094 0.055824 0.548749 0.358275 0.008057
2 2 0.020745 0.040275 0.554611 0.380555 0.003814
2 2 0.018890 0.037785 0.529704 0.409290 0.004331
2 2 0.027828 0.048261 0.518211 0.400132 0.005569
2 2 0.036533 0.056637 0.489153 0.410254 0.007422
2 3 0.028095 0.049440 0.535840 0.381144 0.005481
2 3 0.023119 0.042976 0.535349 0.394011 0.004544
2 3 0.027184 0.052438 0.538172 0.375140 0.007066
2 3 0.021111 0.045822 0.523464 0.402489 0.007113
2 3 0.013282 0.032376 0.531955 0.417746 0.004642
2 3 0.021616 0.046466 0.529644 0.395213 0.007061
2 3 0.033417 0.060784 0.549313 0.345712 0.010774
0 2 0.679742 0.117140 0.139825 0.037315 0.025977
0 2 0.489876 0.180388 0.258371 0.036577 0.034789
0 0 0.605903 0.163737 0.170089 0.019744 0.040527
0 0 0.556118 0.177349 0.213306 0.018628 0.034598
0 0 0.557603 0.164825 0.201479 0.031154 0.044939
0 0 0.542361 0.139610 0.220257 0.061229 0.036542
0 0 0.561758 0.167137 0.159451 0.023619 0.088035
0 0 0.431048 0.200155 0.254314 0.038178 0.076305
2 0 0.230719 0.215018 0.454037 0.034830 0.065395
0 0 0.503632 0.178433 0.253603 0.029635 0.034698
2 0 0.296977 0.184147 0.457226 0.035492 0.026156
0 0 0.509869 0.176054 0.238411 0.031704 0.043962
2 0 0.332784 0.192374 0.404844 0.045687 0.024311
0 0 0.493010 0.168840 0.247981 0.041878 0.048292
0 0 0.559799 0.160663 0.187793 0.036960 0.054785
2 0 0.320549 0.196152 0.380164 0.063473 0.039663
2 0 0.353890 0.183345 0.363796 0.062678 0.036290
2 0 0.145090 0.137159 0.615323 0.090563 0.011864
2 1 0.270157 0.164598 0.448886 0.092175 0.024183
2 1 0.248136 0.157126 0.492201 0.082264 0.020272
2 1 0.031495 0.051780 0.678200 0.234221 0.004304
2 1 0.042908 0.066399 0.699789 0.182436 0.008469
2 1 0.025441 0.048417 0.655893 0.265435 0.004813
2 1 0.022956 0.045961 0.651663 0.274653 0.004766
2 1 0.038746 0.065418 0.632356 0.256920 0.006560
2 1 0.025507 0.050340 0.616886 0.301460 0.005807
2 1 0.019307 0.043013 0.602965 0.328809 0.005906
2 1 0.068796 0.093564 0.655780 0.165557 0.016303
2 1 0.169722 0.178841 0.528777 0.088129 0.034531
2 1 0.072866 0.115025 0.631058 0.162909 0.018142
2 1 0.014760 0.040315 0.578065 0.357576 0.009284
2 1 0.022842 0.053140 0.566415 0.346680 0.010922
2 1 0.020265 0.050763 0.544394 0.372028 0.012550
2 1 0.018996 0.047301 0.578143 0.345459 0.010101
2 1 0.028195 0.057890 0.533031 0.368994 0.011890
2 1 0.018192 0.041980 0.581761 0.351701 0.006367
2 1 0.025141 0.052886 0.594426 0.319650 0.007897
2 1 0.029525 0.052453 0.589184 0.323378 0.005460
2 1 0.018097 0.042542 0.563404 0.368879 0.007079
2 1 0.017386 0.039078 0.564105 0.374188 0.005243
2 1 0.157200 0.162656 0.564756 0.100715 0.014673
2 2 0.164883 0.177384 0.550539 0.088167 0.019027
2 2 0.170159 0.194150 0.528576 0.078832 0.028283
2 0 0.146417 0.138712 0.572337 0.117659 0.024875
0 0 0.414189 0.106793 0.269258 0.191740 0.018021
2 0 0.318418 0.169965 0.356436 0.111642 0.043540
2 0 0.207462 0.186230 0.525584 0.059933 0.020791
2 0 0.232827 0.201849 0.461716 0.058622 0.044987
2 0 0.319842 0.194572 0.381952 0.059536 0.044098
2 0 0.156905 0.152253 0.597670 0.078144 0.015028
2 0 0.018511 0.040927 0.574656 0.360471 0.005434
2 0 0.013544 0.033827 0.579739 0.367855 0.005035
2 1 0.015443 0.035885 0.579081 0.364901 0.004691
2 1 0.016606 0.040406 0.597212 0.339145 0.006632
2 1 0.018542 0.044613 0.564308 0.364221 0.008317
2 2 0.011059 0.029000 0.496474 0.458681 0.004785
2 2 0.009742 0.027276 0.486362 0.471497 0.005123
2 2 0.011415 0.029625 0.535795 0.418625 0.004541
2 2 0.007416 0.022097 0.513042 0.453722 0.003723
2 2 0.009018 0.025125 0.524374 0.437506 0.003977
2 2 0.037663 0.066812 0.620573 0.267088 0.007865
2 2 0.041006 0.073117 0.612279 0.263840 0.009759
2 2 0.024701 0.053430 0.668885 0.245086 0.007899
2 2 0.072932 0.091792 0.648999 0.172161 0.014116
2 2 0.034090 0.069554 0.677465 0.207219 0.011672
2 2 0.019082 0.047455 0.698870 0.225919 0.008675
2 2 0.021243 0.050623 0.668723 0.250247 0.009164
2 2 0.024035 0.058105 0.664096 0.240950 0.012813
2 2 0.017839 0.044888 0.636812 0.291884 0.008577
2 2 0.026189 0.060224 0.622168 0.278699 0.012719
2 2 0.183531 0.139981 0.553119 0.103028 0.020340
2 2 0.122912 0.140790 0.596368 0.119472 0.020459
2 2 0.076933 0.103010 0.677394 0.130141 0.012521
2 2 0.062125 0.092533 0.674241 0.160877 0.010223
2 2 0.055291 0.086288 0.657839 0.191415 0.009167
2 2 0.013081 0.032676 0.563677 0.385764 0.004802
2 2 0.014875 0.034805 0.579104 0.366733 0.004483
2 3 0.022372 0.041538 0.510728 0.420498 0.004864
2 3 0.019156 0.041573 0.588772 0.345270 0.005229
2 3 0.017089 0.039167 0.549783 0.388280 0.005680
2 3 0.014435 0.034034 0.532220 0.414606 0.004707
2 3 0.009543 0.025106 0.485647 0.476058 0.003646
2 3 0.012949 0.032834 0.478158 0.470199 0.005860
2 3 0.010377 0.026914 0.508823 0.449999 0.003887
2 3 0.009941 0.026239 0.483542 0.476228 0.004049
2 3 0.013853 0.032571 0.513543 0.435552 0.004481
2 3 0.012941 0.031129 0.502170 0.449413 0.004347
2 3 0.015681 0.038607 0.504373 0.434111 0.007229
2 3 0.009259 0.025464 0.504559 0.456629 0.004090
2 3 0.012430 0.032080 0.520131 0.429935 0.005424
3 3 0.008530 0.022282 0.476110 0.490237 0.002841
2 3 0.007245 0.020741 0.492598 0.476377 0.003038
2 3 0.008159 0.022431 0.511921 0.454393 0.003095
2 3 0.005838 0.017747 0.506005 0.467889 0.002520
2 3 0.007546 0.021337 0.492884 0.475118 0.003116
2 3 0.008125 0.022524 0.519746 0.446456 0.003149
2 3 0.007509 0.021399 0.514288 0.453725 0.003079
3 3 0.004659 0.015205 0.481861 0.495960 0.002315
3 3 0.004264 0.014106 0.470829 0.508703 0.002098
2 3 0.009988 0.025086 0.488475 0.472960 0.003491
3 3 0.005166 0.016101 0.477648 0.498763 0.002322
3 3 0.007840 0.021193 0.475676 0.492481 0.002810
3 3 0.004598 0.014803 0.480237 0.498246 0.002117
2 3 0.006166 0.018471 0.513144 0.459619 0.002599
3 3 0.004558 0.014595 0.462585 0.516166 0.002097
3 3 0.003965 0.012539 0.412515 0.569161 0.001820
3 3 0.005093 0.016176 0.451174 0.524958 0.002600
3 3 0.004820 0.014559 0.450840 0.527957 0.001824
3 3 0.004572 0.014275 0.455702 0.523554 0.001896
3 3 0.003534 0.012228 0.439468 0.542893 0.001877
3 3 0.003007 0.010919 0.469647 0.514838 0.001588
3 3 0.004346 0.014789 0.439797 0.538405 0.002664
3 3 0.005760 0.018036 0.466291 0.506868 0.003045
3 3 0.005201 0.015957 0.479965 0.496704 0.002173
3 3 0.005636 0.017197 0.439311 0.535139 0.002717
2 3 0.009208 0.025463 0.512793 0.448446 0.004090
3 3 0.004907 0.015857 0.439546 0.537012 0.002678
3 3 0.005573 0.017729 0.483137 0.490593 0.002967
2 3 0.004899 0.015739 0.507812 0.469278 0.002272
2 3 0.006275 0.018706 0.526556 0.445891 0.002572
3 3 0.004652 0.014541 0.476385 0.502526 0.001897
3 3 0.003643 0.012474 0.468497 0.513594 0.001792
3 3 0.003230 0.011614 0.458462 0.524896 0.001799
3 3 0.003756 0.012646 0.427161 0.554518 0.001919
3 3 0.005049 0.016187 0.446796 0.529274 0.002695
2 3 0.005230 0.017309 0.491734 0.482635 0.003092
2 3 0.003209 0.011658 0.492326 0.491061 0.001745
2 3 0.004914 0.016519 0.498968 0.476712 0.002886
2 3 0.004658 0.016069 0.510642 0.465769 0.002862
2 3 0.006129 0.019718 0.499711 0.470741 0.003700
3 3 0.002978 0.011208 0.439752 0.544097 0.001965
3 3 0.002800 0.010395 0.407258 0.577807 0.001740
3 3 0.001963 0.008061 0.417750 0.570910 0.001316
3 3 0.004002 0.013652 0.446262 0.533845 0.002240
3 3 0.002691 0.009981 0.404680 0.581045 0.001603
3 3 0.004615 0.016310 0.473281 0.502413 0.003381
3 3 0.004712 0.015511 0.484746 0.492575 0.002456
2 3 0.005369 0.017193 0.501224 0.473474 0.002740
2 3 0.003979 0.013796 0.499655 0.480416 0.002155
3 3 0.004347 0.014844 0.486850 0.491495 0.002465
2 3 0.005555 0.018607 0.486135 0.485951 0.003751
3 3 0.005798 0.017518 0.474087 0.500034 0.002562
2 3 0.007046 0.021360 0.545127 0.423026 0.003441
2 3 0.004445 0.016093 0.500192 0.475935 0.003335
3 3 0.004795 0.016079 0.473818 0.502466 0.002843
3 3 0.002429 0.009546 0.401423 0.584879 0.001723
3 3 0.003837 0.014062 0.426265 0.552817 0.003018
3 3 0.002410 0.010018 0.433965 0.551546 0.002060
3 3 0.002068 0.009133 0.417644 0.569079 0.002077
3 3 0.002833 0.011085 0.442071 0.541887 0.002124
3 3 0.002667 0.010284 0.411867 0.573317 0.001865
3 3 0.002394 0.009321 0.446440 0.540399 0.001446
3 3 0.001745 0.007634 0.427480 0.561776 0.001365
3 3 0.001972 0.008273 0.426950 0.561364 0.001441
3 3 0.003087 0.011523 0.472129 0.511356 0.001905
3 3 0.003479 0.012860 0.477065 0.504287 0.002310
3 3 0.002984 0.012132 0.469169 0.513026 0.002689
3 3 0.003832 0.014122 0.479964 0.499313 0.002768
3 3 0.003188 0.012636 0.479386 0.502114 0.002676
2 3 0.003940 0.014390 0.514995 0.464041 0.002634
3 3 0.003046 0.011586 0.468302 0.515023 0.002043
3 3 0.002752 0.010865 0.468561 0.515846 0.001976
2 3 0.004443 0.015588 0.497781 0.479309 0.002878
3 3 0.002489 0.010397 0.435140 0.549723 0.002251
3 3 0.002740 0.011035 0.439263 0.544675 0.002287
2 3 0.003956 0.015453 0.519419 0.457535 0.003636
2 3 0.002909 0.012214 0.506384 0.475720 0.002773
2 3 0.005246 0.016820 0.551950 0.423577 0.002407
3 3 0.000211 0.003688 0.250681 0.724093 0.021326
3 3 0.000259 0.004111 0.264640 0.711486 0.019504
2 3 0.021016 0.085482 0.383849 0.127156 0.382497
2 3 0.014045 0.070786 0.408107 0.165137 0.341926
2 3 0.021693 0.088563 0.397059 0.142362 0.350323
0 0 0.411855 0.098693 0.310289 0.162740 0.016424
0 0 0.451522 0.147279 0.274053 0.079144 0.048003
2 1 0.043486 0.094895 0.675422 0.155420 0.030777
2 1 0.040772 0.105601 0.630057 0.165544 0.058025
2 1 0.025056 0.088291 0.602131 0.189271 0.095251
2 2 0.053308 0.114128 0.596295 0.128452 0.107817
2 2 0.006741 0.048413 0.433262 0.257140 0.254444
2 2 0.001605 0.020699 0.413700 0.346842 0.217154
2 2 0.001905 0.022149 0.414820 0.374236 0.186889
2 2 0.001552 0.020390 0.413135 0.343239 0.221685
2 2 0.001763 0.021415 0.414342 0.365505 0.196975
2 2 0.002237 0.023842 0.415694 0.386882 0.171344
2 2 0.002356 0.026585 0.419943 0.297639 0.253476
2 2 0.002536 0.027952 0.419962 0.284615 0.264934
2 2 0.002222 0.025390 0.419953 0.315016 0.237420
2 2 0.002085 0.024255 0.419039 0.328365 0.226256
2 2 0.002831 0.029703 0.422049 0.283536 0.261882
2 2 0.002612 0.028296 0.421189 0.289644 0.258259
2 2 0.003459 0.033622 0.422787 0.263497 0.276634
2 2 0.004158 0.037209 0.425954 0.261521 0.271158
2 2 0.002822 0.029653 0.421959 0.283362 0.262205
2 2 0.003624 0.034514 0.423455 0.262224 0.276184
2 2 0.003245 0.032433 0.421846 0.265240 0.277236
2 2 0.003256 0.032492 0.421894 0.265153 0.277206
2 2 0.003864 0.035783 0.424351 0.260457 0.275546
2 2 0.003355 0.033048 0.422341 0.264332 0.276924
2 2 0.003509 0.033894 0.422994 0.263107 0.276497
2 2 0.002851 0.030144 0.419856 0.268750 0.278400
2 2 0.003782 0.035356 0.424056 0.261046 0.275761
2 2 0.002115 0.024977 0.418131 0.302055 0.252721
2 2 0.003164 0.031973 0.421466 0.265928 0.277469
2 2 0.002989 0.030964 0.420597 0.267468 0.277982
2 2 0.004372 0.038354 0.425882 0.256526 0.274865
2 2 0.003164 0.031974 0.421467 0.265927 0.277469
2 2 0.002468 0.027720 0.418057 0.275712 0.276043
2 2 0.003327 0.032893 0.422218 0.264559 0.277003
2 2 0.003523 0.033972 0.423053 0.262994 0.276458
2 2 0.002638 0.028509 0.421076 0.287009 0.260768
2 2 0.002373 0.027171 0.416871 0.273661 0.279924
2 2 0.002188 0.025911 0.415855 0.277960 0.278086
2 2 0.002242 0.026311 0.415911 0.275168 0.280369
2 2 0.001816 0.022692 0.416027 0.317999 0.241465
2 2 0.002599 0.028610 0.418378 0.271228 0.279184
2 2 0.002304 0.026724 0.416378 0.274439 0.280155
2 2 0.002858 0.030189 0.419898 0.268677 0.278377
2 2 0.002942 0.030685 0.420349 0.267900 0.278124
2 2 0.002900 0.030436 0.420124 0.268289 0.278251
2 2 0.002442 0.026916 0.421368 0.306613 0.242661
2 2 0.001975 0.024484 0.413757 0.278761 0.281023
2 2 0.001865 0.022899 0.416791 0.324638 0.233807
2 2 0.001856 0.023493 0.413900 0.288783 0.271968
2 2 0.001508 0.019804 0.411956 0.358388 0.208345
2 2 0.001889 0.022877 0.417131 0.334108 0.223994
2 2 0.001937 0.023689 0.416792 0.308210 0.249373
2 2 0.001361 0.018391 0.408363 0.378317 0.193568
2 2 0.002687 0.027729 0.423693 0.332334 0.213558
2 2 0.001685 0.020780 0.412963 0.371485 0.193087
2 2 0.001871 0.022381 0.416355 0.352868 0.206525
2 2 0.001835 0.023233 0.414443 0.295163 0.265326
2 2 0.001409 0.018926 0.410000 0.367809 0.201855
2 2 0.001867 0.022948 0.416757 0.322629 0.235800
2 2 0.001706 0.021364 0.414817 0.348650 0.213464
2 2 0.103895 0.197171 0.432056 0.129851 0.137027
0 0 0.401016 0.144405 0.296716 0.101827 0.056036
0 0 0.498032 0.122163 0.289848 0.075021 0.014936
2 2 0.161685 0.158859 0.597518 0.055906 0.026032
2 2 0.313362 0.154422 0.454845 0.060071 0.017300
2 2 0.160334 0.124070 0.508554 0.189466 0.017576
2 2 0.064078 0.082162 0.663844 0.183940 0.005977
2 2 0.049412 0.076492 0.674733 0.191713 0.007650
2 2 0.112714 0.110125 0.598511 0.167712 0.010939
2 2 0.086454 0.107908 0.629708 0.166721 0.009210
2 2 0.240504 0.124123 0.445379 0.176075 0.013919
2 2 0.176058 0.148246 0.543093 0.113819 0.018784
2 2 0.346197 0.166541 0.374866 0.086374 0.026023
2 2 0.064617 0.099655 0.683335 0.135926 0.016466
2 2 0.044173 0.092042 0.675105 0.165078 0.023602
2 2 0.031283 0.064210 0.641537 0.252527 0.010443
2 2 0.021493 0.051740 0.662277 0.254553 0.009938
2 2 0.019323 0.052135 0.632319 0.281945 0.014278
2 2 0.043486 0.065053 0.570357 0.306299 0.014805
2 2 0.121616 0.098384 0.504527 0.261494 0.013980
2 2 0.152785 0.181738 0.547885 0.054238 0.063354
0 2 0.363363 0.162640 0.352107 0.076103 0.045787
2 2 0.127027 0.165392 0.589079 0.065422 0.053080
2 2 0.143233 0.189195 0.527273 0.066280 0.074019
2 0 0.344692 0.168789 0.351950 0.069434 0.065135
2 0 0.243316 0.177789 0.434969 0.089126 0.054800
2 2 0.133111 0.178441 0.558706 0.083989 0.045752
2 2 0.146175 0.184357 0.526088 0.101176 0.042203
2 2 0.078904 0.115649 0.606011 0.181300 0.018136
2 2 0.062279 0.089417 0.632723 0.206534 0.009047
0 2 0.417663 0.149658 0.336045 0.082238 0.014395
2 2 0.263187 0.171856 0.482615 0.068833 0.013510
0 0 0.439342 0.128954 0.297805 0.119424 0.014475
0 0 0.503756 0.111381 0.278108 0.097530 0.009225
0 0 0.487513 0.132296 0.297927 0.072085 0.010179
0 0 0.493697 0.139095 0.284906 0.066737 0.015565
2 0 0.256564 0.153060 0.502373 0.077211 0.010792
0 0 0.370292 0.158359 0.355810 0.092008 0.023531
0 0 0.431415 0.145428 0.332099 0.076181 0.014878
2 0 0.335852 0.162920 0.405403 0.081277 0.014548
0 0 0.556705 0.144248 0.231553 0.050853 0.016640
0 0 0.478205 0.157369 0.293322 0.052848 0.018255
0 0 0.507833 0.123967 0.275613 0.083136 0.009450
0 0 0.496646 0.142000 0.289158 0.061090 0.011106
0 0 0.552532 0.134817 0.240261 0.057198 0.015192
0 0 0.420148 0.140454 0.355027 0.073251 0.011119
0 0 0.429169 0.149605 0.336002 0.072501 0.012723
0 0 0.438402 0.146802 0.338788 0.064772 0.011237
0 0 0.408623 0.151515 0.354782 0.071816 0.013263
0 0 0.440142 0.139571 0.330568 0.077676 0.012043
2 0 0.330993 0.154321 0.429666 0.073184 0.011836
0 0 0.428596 0.143532 0.326388 0.086275 0.015209
2 0 0.380559 0.150339 0.385040 0.070113 0.013950
0 0 0.421471 0.163827 0.330709 0.064572 0.019422
0 1 0.382962 0.156679 0.372956 0.073481 0.013922
2 1 0.294487 0.138107 0.449695 0.104250 0.013460
2 1 0.209814 0.135009 0.517541 0.124097 0.013539
2 1 0.205425 0.138955 0.500563 0.138101 0.016955
2 1 0.097499 0.096340 0.626922 0.169188 0.010050
2 1 0.170880 0.125868 0.540742 0.150022 0.012489
0 1 0.465978 0.138040 0.291535 0.089259 0.015188
2 1 0.319374 0.149181 0.410591 0.108304 0.012550
0 1 0.407182 0.146377 0.327371 0.102901 0.016169
0 1 0.420703 0.147889 0.329178 0.086387 0.015843
0 0 0.392351 0.139292 0.338670 0.112582 0.017107
2 0 0.244080 0.113203 0.502255 0.132964 0.007498
2 0 0.340029 0.138841 0.405852 0.104423 0.010857
2 1 0.285947 0.127537 0.430867 0.146858 0.008791
2 1 0.193663 0.111167 0.512573 0.175187 0.007410
2 1 0.218945 0.118758 0.495737 0.159543 0.007016
0 0 0.441303 0.141835 0.316129 0.086429 0.014305
0 0 0.543944 0.122911 0.243752 0.074581 0.014813
0 0 0.535739 0.138757 0.252956 0.058654 0.013894
0 0 0.402678 0.165962 0.337491 0.067094 0.026774
2 0 0.291004 0.174942 0.446421 0.072046 0.015589
2 0 0.059228 0.080120 0.631309 0.221502 0.007841
2 0 0.068445 0.087465 0.655190 0.180278 0.008622
2 0 0.080808 0.088072 0.616812 0.206281 0.008026
2 0 0.246171 0.132072 0.422907 0.181382 0.017467
2 0 0.134149 0.102981 0.530678 0.221524 0.010668
0 0 0.464171 0.141352 0.287086 0.087270 0.020122
2 0 0.213073 0.149922 0.500110 0.125224 0.011671
2 0 0.332435 0.161436 0.360209 0.119142 0.026777
2 0 0.219772 0.155705 0.493393 0.118122 0.013007
2 0 0.199031 0.145325 0.535419 0.108126 0.012099
2 1 0.068810 0.089392 0.556949 0.276403 0.008445
2 1 0.089647 0.095805 0.508955 0.297239 0.008354
2 1 0.101387 0.112418 0.560076 0.215703 0.010416
2 1 0.113144 0.102661 0.542501 0.230201 0.011493
2 1 0.141886 0.110299 0.510382 0.224694 0.012740
2 0 0.187389 0.111549 0.478172 0.209155 0.013734
2 0 0.067467 0.092307 0.625935 0.204494 0.009798
2 0 0.063522 0.090921 0.623612 0.213489 0.008456
2 0 0.044264 0.071194 0.649467 0.228413 0.006662
2 0 0.063745 0.093431 0.615901 0.217236 0.009686
2 0 0.316980 0.148628 0.357174 0.145502 0.031716
2 0 0.324163 0.162520 0.397016 0.093940 0.022360
2 0 0.248083 0.190695 0.474445 0.052064 0.034714
2 0 0.112262 0.143169 0.608973 0.116480 0.019116
2 0 0.101030 0.128745 0.629282 0.125491 0.015452
2 0 0.112901 0.126107 0.646608 0.098519 0.015865
2 0 0.182131 0.129685 0.557162 0.123679 0.007344
0 0 0.361076 0.157695 0.343585 0.110348 0.027296
0 0 0.427354 0.148996 0.354490 0.058416 0.010743
0 0 0.436682 0.151571 0.332766 0.065412 0.013569
2 0 0.142029 0.136255 0.619645 0.076753 0.025317
2 0 0.144928 0.149690 0.550118 0.121019 0.034244
2 0 0.107928 0.139258 0.612488 0.118863 0.021464
2 0 0.150871 0.137770 0.574888 0.122250 0.014221
2 0 0.131269 0.132245 0.609756 0.111168 0.015563
0 0 0.439061 0.144651 0.335020 0.068944 0.012325
0 0 0.388112 0.145666 0.363525 0.090759 0.011937
0 0 0.459846 0.160609 0.289349 0.066519 0.023677
2 0 0.354132 0.167682 0.387462 0.076243 0.014482
0 0 0.471386 0.139448 0.302855 0.074270 0.012042
0 0 0.367531 0.182519 0.343033 0.074283 0.032634
0 0 0.411017 0.163124 0.317950 0.083233 0.024676
0 0 0.417794 0.186644 0.311448 0.047029 0.037086
2 0 0.253288 0.167235 0.442856 0.120171 0.016450
0 0 0.391029 0.169709 0.347455 0.064016 0.027791
2 0 0.106153 0.098068 0.531074 0.252337 0.012368
2 0 0.058160 0.082615 0.604306 0.247998 0.006922
2 0 0.043784 0.070906 0.631440 0.246993 0.006878
2 0 0.053413 0.087544 0.618923 0.227660 0.012460
2 0 0.039992 0.073860 0.612836 0.262356 0.010955
2 0 0.016106 0.037039 0.571762 0.370164 0.004927
2 0 0.024181 0.050099 0.560415 0.358187 0.007119
2 0 0.016243 0.038292 0.543260 0.396295 0.005910
2 0 0.020117 0.046198 0.558648 0.367080 0.007957
2 0 0.021594 0.047612 0.559231 0.363978 0.007585
2 0 0.324925 0.175036 0.386405 0.085462 0.028172
2 0 0.320509 0.165301 0.414982 0.081013 0.018195
0 0 0.479856 0.138548 0.273600 0.084349 0.023647
2 0 0.246020 0.176274 0.510017 0.050743 0.016945
2 1 0.234023 0.192772 0.488379 0.062146 0.022680
2 1 0.028085 0.058517 0.573648 0.329934 0.009815
2 1 0.023849 0.052046 0.609568 0.306280 0.008257
2 1 0.025461 0.055342 0.582917 0.326626 0.009654
2 1 0.017978 0.041764 0.598472 0.335528 0.006258
2 2 0.022646 0.048070 0.577635 0.344860 0.006788
2 2 0.011671 0.030455 0.552358 0.400767 0.004750
2 2 0.013453 0.033455 0.566332 0.381798 0.004963
2 2 0.012842 0.032465 0.556437 0.393305 0.004950
2 2 0.010772 0.028531 0.559775 0.396658 0.004264
2 2 0.014857 0.037102 0.579659 0.362275 0.006107
2 2 0.060520 0.099087 0.617814 0.207864 0.014715
2 2 0.052021 0.093694 0.638927 0.198904 0.016454
2 2 0.079333 0.117627 0.631728 0.147526 0.023786
2 2 0.102462 0.122886 0.588476 0.161619 0.024558
2 2 0.050161 0.078207 0.655165 0.208639 0.007828
2 2 0.047611 0.079455 0.647941 0.215681 0.009311
2 2 0.040572 0.070818 0.644182 0.236161 0.008266
2 2 0.040910 0.069565 0.605857 0.275496 0.008172
2 2 0.066926 0.090468 0.629147 0.205402 0.008056
2 2 0.041083 0.069254 0.625601 0.256716 0.007345
2 2 0.078404 0.113193 0.618922 0.175515 0.013966
2 2 0.219256 0.159751 0.481075 0.109362 0.030557
2 2 0.101864 0.140652 0.598231 0.138760 0.020492
2 2 0.076373 0.112890 0.650779 0.145668 0.014290
2 2 0.113401 0.129921 0.523659 0.194308 0.038711
2 2 0.009264 0.025809 0.510519 0.450100 0.004309
2 2 0.008169 0.023079 0.497642 0.467482 0.003629
2 2 0.008086 0.023094 0.522615 0.442627 0.003578
2 2 0.010247 0.027817 0.480157 0.476811 0.004968
2 2 0.010349 0.029289 0.527526 0.427151 0.005685
3 2 0.006506 0.019949 0.458535 0.511405 0.003605
3 2 0.004376 0.014790 0.452893 0.525397 0.002545
3 2 0.005503 0.017179 0.441312 0.533135 0.002871
3 2 0.005705 0.018681 0.459484 0.512382 0.003748
3 2 0.005342 0.017732 0.421476 0.551669 0.003780
3 2 0.008130 0.023407 0.473416 0.490930 0.004117
2 2 0.010030 0.027727 0.491585 0.465587 0.005071
2 2 0.009650 0.027742 0.493770 0.463216 0.005622
2 2 0.006127 0.018944 0.486622 0.485174 0.003133
2 2 0.008213 0.025350 0.496688 0.464132 0.005616
3 3 0.004707 0.015610 0.403786 0.572885 0.003011
3 3 0.004862 0.015602 0.411980 0.564856 0.002701
3 3 0.005697 0.017610 0.443375 0.530386 0.002932
3 3 0.004019 0.014260 0.415978 0.562830 0.002914
3 3 0.004025 0.013962 0.404958 0.574367 0.002689
3 3 0.006813 0.020647 0.456159 0.512612 0.003769
3 3 0.005432 0.017502 0.452003 0.521882 0.003180
3 3 0.005218 0.017411 0.432251 0.541516 0.003604
3 3 0.005906 0.019336 0.424375 0.546048 0.004335
3 3 0.007318 0.022151 0.471350 0.494962 0.004219
3 3 0.003968 0.013723 0.436445 0.543465 0.002399
3 3 0.004536 0.016077 0.452735 0.523209 0.003443
3 3 0.005968 0.018585 0.429586 0.542415 0.003445
3 3 0.004499 0.015521 0.445843 0.531120 0.003017
3 3 0.005075 0.016446 0.422249 0.553206 0.003024
3 3 0.005539 0.017514 0.467154 0.506857 0.002936
2 3 0.008425 0.023785 0.489253 0.474620 0.003916
3 3 0.006630 0.020474 0.456615 0.512387 0.003894
2 3 0.006310 0.019948 0.487149 0.482892 0.003702
3 3 0.005413 0.017181 0.461270 0.513254 0.002883
3 3 0.005052 0.017461 0.477705 0.496147 0.003635
3 3 0.006723 0.021249 0.462837 0.504768 0.004423
3 3 0.006062 0.019461 0.465332 0.505322 0.003824
3 3 0.005461 0.017894 0.464460 0.508787 0.003398
3 3 0.006530 0.020942 0.475808 0.492368 0.004351
3 3 0.006560 0.021030 0.457490 0.510373 0.004547
3 3 0.004986 0.016797 0.437723 0.537100 0.003393
3 3 0.004879 0.016954 0.444182 0.530274 0.003711
3 3 0.006065 0.020278 0.461379 0.507591 0.004687
3 3 0.006036 0.019829 0.447904 0.521848 0.004383
3 3 0.006419 0.020240 0.478039 0.491447 0.003855
3 3 0.004318 0.014950 0.435399 0.542452 0.002882
3 3 0.004344 0.015282 0.486906 0.490629 0.002839
3 3 0.004264 0.014763 0.450493 0.527760 0.002720
2 3 0.008780 0.025487 0.483650 0.477155 0.004929
2 3 0.121597 0.137131 0.582178 0.147241 0.011854
2 3 0.108268 0.126145 0.608531 0.146955 0.010101
2 2 0.176187 0.135172 0.502547 0.173788 0.012307
2 2 0.240338 0.122922 0.519077 0.105913 0.011750
2 2 0.288540 0.150496 0.467590 0.077568 0.015806
2 2 0.126642 0.142690 0.617970 0.092463 0.020235
2 2 0.106906 0.131923 0.615792 0.128440 0.016938
2 2 0.109508 0.130459 0.628704 0.117335 0.013994
2 2 0.146081 0.149904 0.607229 0.073853 0.022933
2 2 0.084708 0.113485 0.653166 0.135091 0.013550
2 2 0.138222 0.167599 0.560567 0.096314 0.037299
2 2 0.184335 0.199440 0.496037 0.047081 0.073108
2 2 0.116883 0.142635 0.625736 0.087576 0.027171
2 2 0.141591 0.172124 0.559671 0.064765 0.061849
2 2 0.148201 0.198830 0.488937 0.053554 0.110478
2 2 0.205491 0.176612 0.385602 0.081635 0.150660
2 2 0.120073 0.160266 0.588259 0.061163 0.070239
2 2 0.100660 0.158784 0.593784 0.064128 0.082644
2 2 0.091388 0.161210 0.478078 0.053495 0.215829
4 2 0.048444 0.126672 0.336989 0.082294 0.405601
2 2 0.004440 0.038693 0.426189 0.256588 0.274089
2 2 0.004192 0.037462 0.425447 0.258195 0.274704
2 2 0.004918 0.040920 0.426537 0.249924 0.277701
2 4 0.009139 0.057281 0.425555 0.212656 0.295369
2 4 0.004162 0.037268 0.424595 0.255090 0.278885
2 4 0.005729 0.043954 0.418533 0.215639 0.316145
2 4 0.005218 0.041549 0.414698 0.210871 0.327665
2 4 0.006044 0.045065 0.415477 0.205822 0.327592
2 4 0.006859 0.048505 0.418745 0.207765 0.318126
2 4 0.004008 0.035698 0.408890 0.210562 0.340842
2 4 0.011758 0.064772 0.414587 0.180436 0.328447
2 4 0.115807 0.170940 0.371234 0.063899 0.278121
2 4 0.075956 0.155406 0.426946 0.069665 0.272028
2 4 0.016990 0.079020 0.412192 0.168073 0.323726
2 4 0.016649 0.078272 0.413389 0.170475 0.321214
4 4 0.038130 0.107192 0.314604 0.068887 0.471186
4 4 0.055426 0.123737 0.277402 0.049400 0.494036
4 4 0.048658 0.116507 0.284005 0.052578 0.498251
4 4 0.086236 0.137215 0.218206 0.025029 0.533316
4 4 0.057419 0.126803 0.284655 0.050484 0.480639
2 4 0.024263 0.093636 0.498742 0.155460 0.227898
2 4 0.005959 0.043832 0.445781 0.292062 0.212365
2 4 0.004452 0.037950 0.430443 0.283574 0.243581
2 4 0.005242 0.041366 0.433242 0.285294 0.234856
2 4 0.004258 0.035704 0.431274 0.326226 0.202538
2 4 0.004667 0.037797 0.432773 0.317505 0.207259
2 4 0.004482 0.037759 0.431470 0.294005 0.232284
2 4 0.005145 0.040783 0.433371 0.290353 0.230348
2 4 0.005207 0.041996 0.430053 0.262041 0.260703
2 4 0.004104 0.036713 0.427204 0.269998 0.261981
4 4 0.024382 0.090539 0.366378 0.108471 0.410230
4 4 0.028832 0.098923 0.363741 0.104775 0.403729
2 4 0.013060 0.069082 0.419596 0.187361 0.310901
2 4 0.010290 0.061143 0.425816 0.208830 0.293921
2 4 0.010102 0.060512 0.425596 0.208929 0.294861
2 4 0.003455 0.032113 0.428112 0.319642 0.216678
2 4 0.003838 0.034919 0.428295 0.287655 0.245293
2 4 0.004077 0.036137 0.429145 0.285575 0.245066
2 4 0.003855 0.034894 0.428726 0.291416 0.241109
2 4 0.003681 0.033682 0.433952 0.301404 0.227281
2 4 0.004411 0.037027 0.431843 0.306853 0.219865
2 4 0.003684 0.033696 0.428800 0.304036 0.229784
2 4 0.003811 0.034121 0.429611 0.310676 0.221781
2 4 0.003670 0.033935 0.428008 0.293132 0.241255
2 4 0.003367 0.032072 0.427282 0.305036 0.232242
2 4 0.016329 0.075890 0.398344 0.148136 0.361301
2 4 0.023798 0.092665 0.392836 0.136093 0.354608
4 4 0.091474 0.153324 0.296469 0.045293 0.413440
2 4 0.015140 0.072147 0.391634 0.140949 0.380130
2 4 0.013572 0.068680 0.399612 0.153362 0.364774
2 4 0.002585 0.026387 0.421104 0.363024 0.186900
2 4 0.002896 0.028360 0.423975 0.351586 0.193183
2 4 0.002712 0.026681 0.420001 0.377604 0.173003
2 4 0.003494 0.031155 0.445834 0.345923 0.173594
2 4 0.002682 0.027025 0.422116 0.358787 0.189390
2 4 0.025093 0.095182 0.492332 0.150747 0.236646
2 4 0.009410 0.058179 0.447857 0.218525 0.266029
2 4 0.011893 0.065342 0.438880 0.188272 0.295613
2 4 0.006210 0.046693 0.429947 0.247023 0.270128
2 4 0.005650 0.044290 0.428994 0.249755 0.271312
2 4 0.004559 0.039273 0.426522 0.255846 0.273800
2 4 0.007853 0.053216 0.431900 0.240102 0.266930
2 4 0.004510 0.039037 0.426388 0.256147 0.273918
2 4 0.006924 0.049616 0.430929 0.243839 0.268692
2 4 0.004652 0.039720 0.426771 0.255280 0.273578
2 4 0.004261 0.037761 0.426024 0.259535 0.272418
2 4 0.004503 0.038905 0.427059 0.259621 0.269912
2 4 0.004265 0.035656 0.431215 0.328573 0.200291
2 4 0.005490 0.043584 0.428687 0.250578 0.271661
2 4 0.004795 0.040400 0.427139 0.254426 0.273239
2 4 0.004165 0.037311 0.427486 0.258246 0.272792
2 4 0.003757 0.034511 0.427947 0.287973 0.245812
2 4 0.002990 0.029549 0.425648 0.325714 0.216100
2 4 0.003837 0.034933 0.428211 0.286905 0.246114
2 4 0.003493 0.033243 0.426327 0.285332 0.251606
2 4 0.003366 0.031089 0.433289 0.336301 0.195956
2 4 0.003059 0.029455 0.425472 0.342642 0.199372
2 4 0.003028 0.028151 0.432257 0.375356 0.161208
2 2 0.003001 0.028934 0.424613 0.350647 0.192804
2 2 0.002683 0.027785 0.423717 0.329230 0.216585
2 2 0.003674 0.034448 0.425895 0.274843 0.261141
2 2 0.003772 0.035285 0.424151 0.261792 0.275001
2 2 0.003706 0.034956 0.423774 0.261603 0.275962
2 2 0.003946 0.036209 0.424638 0.259875 0.275332
2 2 0.005598 0.044064 0.428897 0.250017 0.271424
2 2 0.028119 0.098801 0.538426 0.140346 0.194308
2 2 0.007608 0.049184 0.531319 0.250212 0.161676
2 2 0.003533 0.032969 0.428022 0.303039 0.232437
2 2 0.004112 0.037059 0.425192 0.258731 0.274906
2 2 0.004025 0.035829 0.429118 0.287522 0.243505
2 2 0.008703 0.055571 0.423004 0.208072 0.304650
2 2 0.028533 0.100773 0.383603 0.121487 0.365605
2 2 0.008612 0.055628 0.427803 0.221499 0.286458
2 2 0.008261 0.054380 0.453243 0.235022 0.249094
2 2 0.006096 0.046140 0.428758 0.243526 0.275479
2 2 0.004961 0.041182 0.427546 0.253460 0.272851
2 2 0.010571 0.060811 0.514387 0.214855 0.199375
2 2 0.003690 0.034791 0.424287 0.264731 0.272501
2 2 0.003704 0.034945 0.423766 0.261617 0.275967
2 2 0.003955 0.036260 0.424672 0.259806 0.275307
2 2 0.003581 0.034283 0.423285 0.262551 0.276301
2 2 0.003192 0.030321 0.426488 0.336025 0.203975
2 2 0.004176 0.037249 0.426336 0.263131 0.269108
2 2 0.002800 0.028099 0.424047 0.342111 0.202943
2 2 0.003337 0.031585 0.427974 0.317003 0.220101
2 2 0.002969 0.030415 0.423352 0.286402 0.256863
2 2 0.003454 0.032908 0.426666 0.290477 0.246495
2 2 0.003459 0.033382 0.424481 0.273129 0.265549
2 2 0.004100 0.036842 0.426270 0.264623 0.268165
2 2 0.002946 0.030430 0.422374 0.280119 0.264132
2 2 0.002202 0.024255 0.418659 0.360903 0.193981
2 2 0.002002 0.023102 0.417234 0.358027 0.199635
3 2 0.001658 0.019489 0.415972 0.416918 0.145962
2 2 0.002135 0.023600 0.417000 0.371953 0.185312
2 2 0.001749 0.020956 0.412193 0.383552 0.181549
2 2 0.031974 0.108898 0.481959 0.150059 0.227109
2 2 0.031498 0.108176 0.518390 0.171754 0.170183
2 2 0.145510 0.146461 0.464464 0.162315 0.081250
2 2 0.028802 0.064880 0.743652 0.142548 0.020118
2 2 0.010892 0.032679 0.706063 0.242958 0.007407
2 2 0.007371 0.022388 0.617032 0.349789 0.003420
2 2 0.008678 0.023564 0.585986 0.378833 0.002939
2 2 0.008756 0.023425 0.574189 0.390791 0.002840
2 2 0.008084 0.021813 0.598312 0.369375 0.002415
2 2 0.008601 0.023642 0.574433 0.390210 0.003114
2 2 0.003471 0.011782 0.520579 0.462757 0.001411
2 2 0.008927 0.023052 0.523028 0.442282 0.002712
2 2 0.007879 0.021304 0.532678 0.435575 0.002564
2 2 0.006638 0.019246 0.534936 0.436683 0.002496
2 2 0.005609 0.016530 0.504779 0.471079 0.002003
2 2 0.010010 0.025943 0.575213 0.385614 0.003219
2 2 0.013780 0.031438 0.551723 0.399506 0.003553
2 2 0.005390 0.018881 0.605250 0.366893 0.003587
2 2 0.009275 0.025945 0.607550 0.353456 0.003774
2 2 0.011946 0.031361 0.572976 0.378746 0.004969
3 2 0.004087 0.014876 0.479392 0.498659 0.002986
2 3 0.005003 0.016236 0.505255 0.471004 0.002503
2 3 0.004967 0.017230 0.492967 0.481366 0.003469
2 3 0.003551 0.013269 0.492580 0.488136 0.002464
3 3 0.004186 0.015367 0.487631 0.489597 0.003220
3 3 0.002493 0.009992 0.445169 0.540532 0.001814
3 3 0.003215 0.011985 0.461591 0.521106 0.002103
3 3 0.002928 0.011086 0.447973 0.536094 0.001918
3 3 0.002891 0.011213 0.466878 0.517000 0.002018
3 3 0.002750 0.010125 0.450546 0.535113 0.001466
3 3 0.002521 0.009965 0.452690 0.533113 0.001711
